0.000000 0.243119 0.866044 0.655235 0.984935 0.869141 0.722232 0.595567 0.882278 0.931208 0.350905 0.302342 0.602474 0.685553 0.689372 0.568665 0.326811 0.330207 0.489173 0.428860 0.705924 0.907833 0.841316 0.757778 0.871496 0.917954 0.879462 0.847611 0.521183 0.486179 0.790944 0.856513 0.450497 0.488211 0.985189 0.841094 0.675908 0.599310 0.769023 0.631915 0.527820 0.599257 0.631189 0.529004 0.720318 0.594583 0.393367 0.435447 0.530913 0.543900 0.617216 0.637063 0.848405 0.735836 0.495768 0.619140 0.246902 0.304112 0.336737 0.442152 0.402484 0.443822 0.490746 0.393115 0.758009 0.543173 0.599606 0.533650 0.361758 0.481005 0.825790 0.732267 0.677091 0.610755 0.680037 0.855845 0.826665 0.777830 0.455026 0.438430 0.278203 0.332259 0.589686 0.413416 0.533073 0.567628 0.927193 0.975211 0.681571 0.637933 0.983287 0.886952 0.978266 0.827145 0.590081 0.916802 0.748038 0.883835 0.765215 0.790530 0.979380 0.894172 0.782888 0.747072 0.527902 0.595023 0.990632 0.993658 0.910375 0.878156 0.978305 0.625367 0.816224 0.892927 0.713935 0.978363
0.243119 0.000000 0.834456 0.625235 0.913778 0.857290 0.672941 0.545148 0.847329 0.929262 0.360920 0.301232 0.601891 0.635628 0.659761 0.546752 0.348612 0.342559 0.486461 0.396194 0.721072 0.874838 0.805247 0.729062 0.847867 0.915287 0.912668 0.805842 0.422829 0.474239 0.745411 0.784233 0.399444 0.412450 0.982984 0.865351 0.693066 0.674904 0.723366 0.694455 0.580027 0.559683 0.636334 0.534573 0.707295 0.614041 0.436193 0.447487 0.574306 0.549463 0.587526 0.616115 0.794744 0.813242 0.568748 0.713492 0.237499 0.265598 0.340880 0.412836 0.375039 0.442931 0.478869 0.395204 0.752736 0.567917 0.549481 0.504797 0.359019 0.441649 0.770465 0.672755 0.613525 0.580524 0.713523 0.907891 0.793146 0.709604 0.449177 0.411942 0.321989 0.383619 0.575317 0.440923 0.559534 0.594880 0.940769 0.950806 0.727159 0.690746 0.970845 0.952723 0.953233 0.854908 0.596467 0.862034 0.758322 0.902082 0.730874 0.734165 0.914511 0.914369 0.772161 0.805254 0.528586 0.565759 0.969531 0.876143 0.879263 0.890206 0.927910 0.600133 0.822044 0.874581 0.745630 0.924396
0.866044 0.834456 0.000000 0.317982 0.810621 0.948577 0.650774 0.613043 0.644417 0.987462 0.881547 0.833885 0.634876 0.667902 0.777152 0.611327 0.875137 0.894891 0.713499 0.746337 0.631351 0.917301 0.637648 0.654419 0.406664 0.348291 0.817585 0.869477 0.969090 0.932113 0.557980 0.708784 0.680197 0.786919 0.766972 0.891750 0.599997 0.525877 0.514047 0.646941 0.995250 0.953668 0.551232 0.609367 0.734097 0.673040 0.664513 0.746515 0.730121 0.670524 0.590450 0.635304 0.784166 0.738797 0.845527 0.818700 0.941566 0.956996 0.984525 0.886747 0.902652 0.701872 0.656765 0.723977 0.403240 0.454141 0.656168 0.678287 0.744163 0.656184 0.688592 0.651197 0.743427 0.641841 0.875161 0.757975 0.533719 0.695836 0.651244 0.981729 0.914059 0.966774 0.962886 0.978091 0.836841 0.772783 0.930891 0.840026 0.906400 0.784039 0.714566 0.642104 0.609563 0.624704 0.880600 0.830923 0.795968 0.804680 0.835299 0.804752 0.981068 0.810393 0.977340 0.926197 0.655467 0.866848 0.975709 0.801795 0.856415 0.966487 0.991864 0.910371 0.797155 0.986999 0.777144 0.930668
0.655235 0.625235 0.317982 0.000000 0.750295 0.890946 0.620118 0.487028 0.618812 0.977541 0.676652 0.603937 0.520911 0.455299 0.610691 0.471354 0.929265 0.865398 0.611527 0.537504 0.549821 0.888510 0.527098 0.514548 0.433246 0.364827 0.763912 0.824505 0.795467 0.858690 0.533241 0.657603 0.509491 0.636832 0.759292 0.894769 0.511906 0.504638 0.450031 0.643135 0.876120 0.891200 0.499100 0.477750 0.658296 0.586509 0.590870 0.663539 0.587924 0.474617 0.476235 0.511351 0.653263 0.774432 0.731774 0.709878 0.729237 0.815642 0.874161 0.782513 0.762883 0.585586 0.882713 0.962072 0.356120 0.377770 0.613906 0.640700 0.559699 0.422972 0.665907 0.612670 0.827820 0.659045 0.789543 0.749664 0.585286 0.667919 0.479417 0.793941 0.873672 0.827319 0.816668 0.777497 0.657028 0.597001 0.903572 0.933068 0.794669 0.629741 0.769426 0.703256 0.635606 0.677493 0.742307 0.768273 0.827261 0.880927 0.772803 0.780148 0.937569 0.846907 0.897564 0.948911 0.532930 0.688689 0.944354 0.904594 0.924333 0.949542 0.861250 0.913693 0.818037 0.979926 0.664977 0.969582
0.984935 0.913778 0.810621 0.750295 0.000000 0.966035 0.945462 0.855177 0.828310 0.957854 0.980706 0.919682 0.756206 0.970985 0.783762 0.894214 0.974751 0.974806 0.990492 0.932932 0.888436 0.832562 0.974714 0.970483 0.804863 0.728440 0.943579 0.881395 0.946632 0.904309 0.871845 0.881915 0.969595 0.888451 0.800937 0.957479 0.792294 0.925887 0.788906 0.950671 0.986009 0.883577 0.832089 0.823040 0.893387 0.897865 0.952225 0.849029 0.943826 0.903453 0.922916 0.970198 0.918705 0.962907 0.931568 0.843851 0.970843 0.962732 0.988976 0.993875 0.861297 0.935429 0.901965 0.888786 0.883529 0.975308 0.843774 0.805258 0.876279 0.845105 0.818928 0.855637 0.783764 0.897560 0.983737 0.998310 0.800722 0.997723 0.809672 0.897570 0.927970 0.997504 0.994182 0.990876 0.996664 0.953552 0.741655 0.848306 0.846464 0.901607 0.992307 0.889956 0.903562 0.919174 0.916376 0.824328 0.991380 0.946190 0.945659 0.955112 0.825989 0.930404 0.989247 0.941503 0.928774 0.933515 0.939823 0.896581 0.979262 0.829886 0.993083 0.978412 0.880955 0.996592 0.998548 0.830184
0.869141 0.857290 0.948577 0.890946 0.966035 0.000000 0.590729 0.519980 0.763853 0.575001 0.912991 0.723814 0.860028 0.961991 0.909586 0.754780 0.778619 0.892844 0.711997 0.830367 0.833448 0.972432 0.910644 0.852568 0.794855 0.987762 0.541152 0.877507 0.824749 0.761483 0.811934 0.677114 0.719663 0.701079 0.890900 0.869996 0.956208 0.907651 0.991158 0.960715 0.888636 0.883009 0.877158 0.988091 0.980301 0.840550 0.980857 0.829348 0.812035 0.826287 0.956315 0.915867 0.953676 0.987022 0.850283 0.980425 0.979955 0.999516 0.870360 0.981034 0.691964 0.682976 0.973519 0.933736 0.781055 0.792979 0.828601 0.654144 0.934125 0.853946 0.550467 0.553071 0.631589 0.629372 0.939848 0.949953 0.793021 0.753477 0.913380 0.887013 0.981614 0.975335 0.756981 0.845389 0.779157 0.821346 0.755687 0.769190 0.771315 0.654374 0.498457 0.587743 0.575127 0.742453 0.796499 0.942935 0.610837 0.781209 0.537639 0.665838 0.692743 0.829052 0.700486 0.855963 0.815086 0.917813 0.957838 0.845933 0.826732 0.990188 0.906525 0.718988 0.680593 0.940821 0.885575 0.964178
0.722232 0.672941 0.650774 0.620118 0.945462 0.590729 0.000000 0.325713 0.404602 0.531185 0.614143 0.634605 0.680093 0.762709 0.675611 0.434627 0.652518 0.638317 0.343401 0.538556 0.751807 0.904886 0.619251 0.788723 0.999413 0.845743 0.761009 0.882878 0.532791 0.519956 0.316354 0.354086 0.330071 0.342663 0.958265 0.891665 0.866293 0.832193 0.851040 0.900807 0.944255 0.954592 0.461299 0.503489 0.446946 0.597827 0.804162 0.803160 0.761097 0.834204 0.602838 0.692230 0.607914 0.655274 0.901138 0.864280 0.645474 0.906738 0.871786 0.925929 0.540638 0.799854 0.822069 0.788963 0.874860 0.823683 0.371093 0.470359 0.923628 0.893880 0.528315 0.440601 0.477484 0.503114 0.973286 0.799802 0.559738 0.496577 0.605493 0.643940 0.795098 0.840231 0.807358 0.956943 0.910076 0.909791 0.872808 0.916388 0.855621 0.937525 0.540458 0.557137 0.608416 0.700838 0.633543 0.666298 0.674800 0.678772 0.428476 0.453808 0.781212 0.528360 0.659097 0.795440 0.654221 0.894719 0.880361 0.863136 0.783188 0.941691 0.878954 0.654752 0.469315 0.864597 0.704465 0.969993
0.595567 0.545148 0.613043 0.487028 0.855177 0.519980 0.325713 0.000000 0.450814 0.481806 0.532519 0.435853 0.659424 0.596161 0.748385 0.459348 0.622259 0.618386 0.361946 0.410134 0.746909 0.912472 0.762866 0.823441 0.914461 0.755921 0.755002 0.926712 0.544600 0.517538 0.423234 0.453716 0.379250 0.353309 0.974980 0.854729 0.745441 0.729828 0.766522 0.748560 0.777608 0.804850 0.469074 0.509835 0.562157 0.664787 0.740630 0.783028 0.801224 0.780329 0.601194 0.671184 0.712861 0.783741 0.869715 0.797395 0.611827 0.802768 0.748380 0.883715 0.516906 0.498824 0.853170 0.765886 0.856973 0.607344 0.462749 0.471806 0.786128 0.772471 0.401535 0.326480 0.482939 0.442590 0.855471 0.785805 0.505415 0.555966 0.479752 0.645371 0.742225 0.830432 0.950847 0.927378 0.980317 0.935283 0.750122 0.791536 0.916659 0.978314 0.465505 0.512129 0.468793 0.667162 0.657387 0.727767 0.529635 0.709009 0.423970 0.445664 0.656881 0.627272 0.524655 0.713907 0.548127 0.739262 0.911573 0.845908 0.844237 0.995871 0.949575 0.606730 0.541809 0.829805 0.623676 0.963529
0.882278 0.847329 0.644417 0.618812 0.828310 0.763853 0.404602 0.450814 0.000000 0.454081 0.786526 0.723583 0.800122 0.828586 0.820472 0.547452 0.819737 0.811995 0.532785 0.574096 0.722585 0.929560 0.742844 0.929542 0.960125 0.659399 0.852968 0.838803 0.636333 0.712683 0.356173 0.475812 0.536475 0.509486 0.909121 0.971651 0.756632 0.827195 0.766629 0.840251 0.910780 0.922111 0.451784 0.521907 0.479294 0.642566 0.948092 0.893164 0.771472 0.846026 0.667746 0.745699 0.644383 0.542369 0.880609 0.906033 0.795999 0.867922 0.853317 0.708421 0.821915 0.827100 0.946327 0.987018 0.830053 0.901275 0.525083 0.742372 0.929808 0.907615 0.419337 0.409602 0.637152 0.597867 0.986295 0.704460 0.488646 0.474955 0.692764 0.818082 0.994662 0.858593 0.946320 0.888094 0.855256 0.903204 0.728332 0.741362 0.799899 0.895292 0.433294 0.426662 0.461006 0.478064 0.745134 0.685671 0.729553 0.654557 0.464771 0.425883 0.657384 0.471340 0.558432 0.718462 0.734951 0.962889 0.839031 0.790918 0.806170 0.894995 0.873919 0.624671 0.634632 0.973281 0.816906 0.929135
0.931208 0.929262 0.987462 0.977541 0.957854 0.575001 0.531185 0.481806 0.454081 0.000000 0.757171 0.689817 0.965045 0.935158 0.966621 0.716744 0.686948 0.714743 0.593683 0.590071 0.948879 0.932986 0.917537 0.783671 0.679915 0.947086 0.646196 0.662212 0.575427 0.576854 0.604613 0.639281 0.708051 0.566611 0.893476 0.922251 0.977820 0.966447 0.862154 0.999038 0.996947 0.914675 0.725781 0.819008 0.715801 0.925752 0.802945 0.833973 0.933812 0.796101 0.986864 0.922917 0.868015 0.723552 0.765806 0.905277 0.870196 0.887727 0.886135 0.668774 0.752563 0.808134 0.892320 0.857469 0.691722 0.924976 0.736134 0.810392 0.858877 0.766911 0.396998 0.406341 0.548292 0.572685 0.899744 0.811517 0.636055 0.596288 0.801821 0.883069 0.973109 0.842949 0.835507 0.752572 0.542135 0.593365 0.686054 0.671227 0.742811 0.688990 0.364692 0.433575 0.479999 0.550001 0.868768 0.738246 0.673250 0.689038 0.393111 0.480513 0.547013 0.537286 0.418765 0.570601 0.849905 0.984680 0.935538 0.852552 0.746510 0.900003 0.705329 0.574861 0.584415 0.994657 0.887085 0.998416
0.350905 0.360920 0.881547 0.676652 0.980706 0.912991 0.614143 0.532519 0.786526 0.757171 0.000000 0.338728 0.669369 0.690080 0.707228 0.629944 0.323451 0.255773 0.428207 0.408105 0.800483 0.982882 0.900599 0.811103 0.953947 0.979293 0.941883 0.957201 0.349409 0.319441 0.706401 0.779130 0.455747 0.392718 0.970836 0.805547 0.747112 0.713144 0.778085 0.795939 0.633041 0.681603 0.751556 0.666677 0.726437 0.708477 0.601958 0.629812 0.760741 0.784987 0.750894 0.858217 0.934434 0.803780 0.673262 0.767187 0.343886 0.375706 0.516841 0.596956 0.334491 0.507605 0.411179 0.338791 0.919614 0.657465 0.576978 0.594090 0.481779 0.532555 0.781973 0.637564 0.625240 0.589228 0.779845 0.772481 0.853618 0.777238 0.429486 0.471404 0.380463 0.408822 0.670088 0.541193 0.755965 0.737043 0.980317 0.973970 0.826949 0.758997 0.945047 0.971452 0.974409 0.900650 0.600121 0.806532 0.786911 0.834799 0.744191 0.816262 0.962403 0.891390 0.739307 0.657625 0.617500 0.689362 0.829367 0.902312 0.931054 0.884521 0.969227 0.644905 0.756083 0.986051 0.725830 0.917993
0.302342 0.301232 0.833885 0.603937 0.919682 0.723814 0.634605 0.435853 0.723583 0.689817 0.338728 0.000000 0.495903 0.518505 0.608813 0.443990 0.343926 0.364990 0.456695 0.389141 0.729755 0.904792 0.848052 0.757046 0.957013 0.911846 0.948613 0.964536 0.402913 0.399927 0.707076 0.734495 0.420285 0.425770 0.985009 0.840312 0.704180 0.665705 0.780468 0.705087 0.624634 0.609560 0.646578 0.581989 0.704714 0.659364 0.510024 0.593151 0.655260 0.637502 0.620304 0.679988 0.783000 0.912722 0.642434 0.750857 0.364696 0.414034 0.502242 0.571433 0.327550 0.331701 0.528260 0.433303 0.845193 0.523515 0.646170 0.619431 0.473182 0.557916 0.620881 0.540163 0.632673 0.534828 0.677824 0.804002 0.742573 0.681910 0.441929 0.469462 0.382709 0.492382 0.716795 0.554419 0.763736 0.686854 0.922768 0.899835 0.698755 0.791794 0.739161 0.857161 0.761401 0.979179 0.622319 0.812011 0.671094 0.858883 0.652554 0.684763 0.824517 0.877503 0.595498 0.619924 0.523772 0.612750 0.926291 0.923148 0.843816 0.905831 0.984206 0.582331 0.810350 0.918859 0.701669 0.946617
0.602474 0.601891 0.634876 0.520911 0.756206 0.860028 0.680093 0.659424 0.800122 0.965045 0.669369 0.495903 0.000000 0.405338 0.320502 0.320925 0.802800 0.802767 0.628829 0.673581 0.768676 0.937137 0.453562 0.412745 0.713127 0.750264 0.690517 0.901496 0.768961 0.730746 0.772659 0.774749 0.503216 0.694930 0.946345 0.941392 0.741194 0.652301 0.696570 0.740580 0.951254 0.727006 0.689709 0.624501 0.730292 0.649023 0.538185 0.675495 0.564852 0.511223 0.442632 0.472109 0.573282 0.763945 0.707563 0.717813 0.686132 0.686648 0.751592 0.720930 0.504297 0.514547 0.869006 0.840924 0.494875 0.450891 0.809222 0.824589 0.666767 0.573565 0.893413 0.822710 0.997898 0.804911 0.732566 0.746337 0.682717 0.763100 0.637029 0.610590 0.693433 0.668095 0.653086 0.613723 0.556093 0.448157 0.893920 0.781470 0.536203 0.745329 0.828144 0.871164 0.864912 0.884667 0.696425 0.878871 0.858515 0.850400 0.831315 0.814359 0.914958 0.872640 0.883266 0.953433 0.665620 0.692361 0.971168 0.959760 0.994893 0.945980 0.908436 0.809332 0.757286 0.961648 0.593586 0.976607
0.685553 0.635628 0.667902 0.455299 0.970985 0.961991 0.762709 0.596161 0.828586 0.935158 0.690080 0.518505 0.405338 0.000000 0.363816 0.392571 0.869101 0.755975 0.630016 0.571680 0.855498 0.900654 0.443035 0.404609 0.721231 0.739508 0.698376 0.856127 0.703154 0.688656 0.771422 0.719551 0.525660 0.730554 0.911781 0.984219 0.754413 0.675059 0.744645 0.753952 0.879992 0.786157 0.682320 0.582697 0.679586 0.602587 0.629440 0.668753 0.602292 0.463652 0.532367 0.460774 0.587053 0.747347 0.760625 0.866539 0.722310 0.707798 0.820490 0.761441 0.686289 0.603639 0.902268 0.862248 0.534104 0.522769 0.910058 0.894915 0.705026 0.575347 0.872004 0.816553 0.992655 0.841969 0.804845 0.790326 0.702424 0.778632 0.561350 0.709168 0.811857 0.777019 0.635052 0.662537 0.673911 0.541197 0.976340 0.835200 0.687869 0.572973 0.886979 0.926066 0.852607 0.890087 0.854445 0.847706 0.924111 0.970184 0.863078 0.799699 0.999241 0.934328 0.781711 0.905757 0.659076 0.656213 0.959325 0.993850 0.962202 0.918654 0.870669 0.918496 0.897687 0.963098 0.587249 0.977372
0.689372 0.659761 0.777152 0.610691 0.783762 0.909586 0.675611 0.748385 0.820472 0.966621 0.707228 0.608813 0.320502 0.363816 0.000000 0.341105 0.828910 0.728574 0.615445 0.651591 0.822757 0.997220 0.304392 0.345832 0.790789 0.836026 0.605160 0.877122 0.715985 0.642522 0.674947 0.730667 0.500298 0.724615 0.948334 0.998364 0.785607 0.763650 0.763061 0.877533 0.998775 0.850791 0.698099 0.557548 0.589720 0.526785 0.642777 0.649170 0.509557 0.448786 0.438451 0.418084 0.443663 0.662368 0.640800 0.795717 0.642111 0.702915 0.829044 0.862833 0.603495 0.743663 0.764129 0.757726 0.524107 0.697200 0.813854 0.942457 0.745564 0.622938 0.970016 0.949200 0.918121 0.975159 0.837803 0.841771 0.802335 0.752279 0.726887 0.624309 0.675451 0.651329 0.477375 0.578120 0.508939 0.435463 0.795357 0.666194 0.629508 0.651120 0.995514 0.950967 0.962442 0.957813 0.755574 0.852062 0.978417 0.997743 0.899961 0.793020 0.855399 0.819449 0.918936 0.943603 0.741495 0.820189 0.916755 0.958005 0.983598 0.972413 0.907667 0.879084 0.831016 0.983696 0.648416 0.983994
0.568665 0.546752 0.611327 0.471354 0.894214 0.754780 0.434627 0.459348 0.547452 0.716744 0.629944 0.443990 0.320925 0.392571 0.341105 0.000000 0.661922 0.651883 0.438182 0.448216 0.671139 0.894317 0.395975 0.460939 0.763921 0.733058 0.858164 0.982932 0.608248 0.570014 0.464394 0.531092 0.336139 0.478614 0.956573 0.947693 0.717194 0.606975 0.707719 0.739123 0.897170 0.776740 0.450330 0.415198 0.464821 0.480140 0.592134 0.636487 0.504559 0.519847 0.405291 0.446508 0.452015 0.631129 0.760612 0.731726 0.545208 0.738297 0.793721 0.919097 0.496084 0.557543 0.862021 0.793975 0.545068 0.563713 0.604140 0.685008 0.677014 0.680878 0.647090 0.562944 0.779080 0.622738 0.808622 0.703865 0.540510 0.531509 0.549505 0.587568 0.683342 0.746676 0.622552 0.680374 0.682009 0.607066 0.985350 0.979982 0.762755 0.767842 0.655897 0.726055 0.716043 0.775634 0.657629 0.680029 0.788851 0.824053 0.574329 0.524996 0.862583 0.677511 0.648781 0.771568 0.560247 0.726927 0.890466 0.826663 0.808419 0.954605 0.940797 0.656936 0.584145 0.900374 0.584502 0.903765
0.326811 0.348612 0.875137 0.929265 0.974751 0.778619 0.652518 0.622259 0.819737 0.686948 0.323451 0.343926 0.802800 0.869101 0.828910 0.661922 0.000000 0.219001 0.465494 0.439227 0.809265 0.869473 0.943193 0.999919 0.744308 0.802391 0.872768 0.992306 0.337335 0.307487 0.791404 0.814317 0.532121 0.420012 0.842936 0.806030 0.836121 0.844467 0.980281 0.868089 0.604536 0.683257 0.784569 0.691644 0.762369 0.769992 0.669169 0.656800 0.784401 0.876587 0.869277 0.952712 0.999908 0.711912 0.738089 0.804603 0.294118 0.369901 0.452181 0.672080 0.370328 0.583273 0.326331 0.271738 0.856098 0.847474 0.618966 0.615628 0.560367 0.751056 0.738549 0.626762 0.563151 0.581077 0.837060 0.923237 0.917541 0.794254 0.523867 0.480154 0.322481 0.417993 0.663956 0.588809 0.837261 0.888364 0.966476 0.987198 0.882782 0.909838 0.928648 0.938633 0.979164 0.817610 0.636290 0.872956 0.763941 0.806294 0.681700 0.729359 0.869780 0.983056 0.668834 0.562698 0.715388 0.683825 0.966953 0.975264 0.731188 0.941665 0.895207 0.548464 0.811761 0.913061 0.873200 0.974494
0.330207 0.342559 0.894891 0.865398 0.974806 0.892844 0.638317 0.618386 0.811995 0.714743 0.255773 0.364990 0.802767 0.755975 0.728574 0.651883 0.219001 0.000000 0.429616 0.390390 0.841158 0.986147 0.938946 0.897046 0.771535 0.816560 0.987590 0.993210 0.296662 0.260379 0.763823 0.768938 0.484367 0.389987 0.897402 0.826247 0.825210 0.826439 0.940999 0.873845 0.575876 0.679511 0.799369 0.678390 0.718357 0.713283 0.680061 0.622458 0.767125 0.822067 0.827419 0.886516 0.904032 0.749022 0.712486 0.861347 0.267639 0.333034 0.484838 0.668238 0.367836 0.630690 0.285583 0.232990 0.932012 0.850757 0.621881 0.636119 0.551495 0.648470 0.812366 0.682487 0.598264 0.644938 0.893044 0.899877 0.963472 0.777324 0.502769 0.437264 0.321849 0.398524 0.570279 0.528221 0.771732 0.817193 0.984768 0.926857 0.906872 0.835602 0.980605 0.886482 0.933567 0.808001 0.607522 0.837259 0.858267 0.902198 0.731430 0.746655 0.911220 0.968511 0.723866 0.621971 0.696448 0.700744 0.909476 0.917181 0.844654 0.977289 0.936917 0.582108 0.828799 0.942692 0.798049 0.879411
0.489173 0.486461 0.713499 0.611527 0.990492 0.711997 0.343401 0.361946 0.532785 0.593683 0.428207 0.456695 0.628829 0.630016 0.615445 0.438182 0.465494 0.429616 0.000000 0.382715 0.795347 0.984444 0.670475 0.785440 0.944158 0.901085 0.906821 0.926228 0.381384 0.356540 0.486879 0.501501 0.355790 0.315622 0.900176 0.949758 0.849258 0.803227 0.814795 0.906219 0.785734 0.778881 0.563808 0.564553 0.553447 0.606346 0.659998 0.710724 0.705977 0.753841 0.699101 0.715518 0.739500 0.901226 0.805190 0.869228 0.501701 0.662187 0.658938 0.827435 0.406223 0.636951 0.642823 0.599774 0.878268 0.689135 0.454038 0.503358 0.710584 0.745534 0.613188 0.493883 0.551098 0.495784 0.851456 0.828136 0.654921 0.578486 0.476873 0.557736 0.604259 0.650029 0.727089 0.728208 0.827321 0.845576 0.887463 0.974593 0.994393 0.944502 0.695539 0.781543 0.745012 0.870899 0.610881 0.744763 0.696887 0.827639 0.566866 0.542056 0.900836 0.743084 0.694929 0.747855 0.660251 0.803738 0.974039 0.916920 0.825422 0.926481 0.964232 0.627647 0.628338 0.993347 0.627467 0.915760
0.428860 0.396194 0.746337 0.537504 0.932932 0.830367 0.538556 0.410134 0.574096 0.590071 0.408105 0.389141 0.673581 0.571680 0.651591 0.448216 0.439227 0.390390 0.382715 0.000000 0.669440 0.959545 0.736378 0.755593 0.896691 0.818426 0.989413 0.963496 0.396193 0.423291 0.542247 0.607228 0.423004 0.374112 0.941800 0.870655 0.705064 0.640093 0.768189 0.811698 0.721700 0.697077 0.524266 0.472870 0.581296 0.613707 0.674580 0.684467 0.676232 0.675367 0.668309 0.704152 0.726435 0.926739 0.819602 0.835158 0.393113 0.583736 0.705083 0.835724 0.520083 0.565456 0.676118 0.596643 0.810410 0.673349 0.568263 0.622871 0.585676 0.625791 0.524456 0.443701 0.616192 0.510364 0.863051 0.840266 0.638094 0.607439 0.467336 0.587043 0.615575 0.702482 0.727708 0.763525 0.868434 0.880242 0.905885 0.978467 0.961104 0.785408 0.728005 0.786265 0.753262 0.827470 0.647893 0.782220 0.745754 0.806424 0.574595 0.529735 0.774022 0.832826 0.626133 0.662601 0.521012 0.646550 0.919560 0.959202 0.873952 0.973239 0.994033 0.554372 0.657515 0.964122 0.714248 0.937695
0.705924 0.721072 0.631351 0.549821 0.888436 0.833448 0.751807 0.746909 0.722585 0.948879 0.800483 0.729755 0.768676 0.855498 0.822757 0.671139 0.809265 0.841158 0.795347 0.669440 0.000000 0.832774 0.794935 0.842973 0.772836 0.664922 0.851210 0.828363 0.878927 0.861447 0.657856 0.891307 0.712425 0.758838 0.856934 0.887234 0.552122 0.778975 0.637010 0.690908 0.935772 0.858352 0.643359 0.640393 0.764436 0.772693 0.682718 0.718508 0.743810 0.782560 0.782558 0.804036 0.871580 0.962942 0.886356 0.860732 0.757202 0.827995 0.840788 0.878348 0.813676 0.681794 0.940141 0.962075 0.672384 0.673651 0.672703 0.642882 0.690875 0.672249 0.721683 0.737464 0.797285 0.693472 0.903881 0.825787 0.792491 0.690969 0.735331 0.807196 0.834673 0.865666 0.935198 0.907183 0.830748 0.785175 0.978508 0.869112 0.942889 0.864058 0.808625 0.805749 0.808396 0.831695 0.803845 0.869527 0.828759 0.850631 0.757995 0.763613 0.807563 0.898063 0.835729 0.735118 0.622934 0.762436 0.928121 0.990475 0.803754 0.978879 0.968150 0.886574 0.878142 0.996719 0.877851 0.804657
0.907833 0.874838 0.917301 0.888510 0.832562 0.972432 0.904886 0.912472 0.929560 0.932986 0.982882 0.904792 0.937137 0.900654 0.997220 0.894317 0.869473 0.986147 0.984444 0.959545 0.832774 0.000000 0.967812 0.934313 0.825782 0.885392 0.993911 0.974523 0.973106 0.896870 0.873371 0.904895 0.925003 0.855487 0.865435 0.902393 0.703852 0.822788 0.931749 0.885797 0.917335 0.966264 0.814803 0.880210 0.879429 0.907408 0.871371 0.824872 0.933717 0.973644 0.904179 0.957313 0.940354 0.973588 0.939755 0.920471 0.880301 0.954377 0.954684 0.964127 0.994213 0.978204 0.951559 0.999591 0.869343 0.970035 0.823674 0.923021 0.939591 0.925647 0.778544 0.895669 0.952894 0.919946 0.793772 0.964880 0.942082 0.983965 0.968918 0.855707 0.909858 0.906273 0.982046 0.893117 0.881052 0.923048 0.948873 0.926133 0.957339 0.956626 0.950704 0.874873 0.886994 0.953957 0.981212 0.891472 0.948979 0.973105 0.898630 0.929159 0.853936 0.959653 0.906489 0.813191 0.916586 0.963128 0.952801 0.946670 0.751861 0.963181 0.952232 0.915980 0.965862 0.927243 0.940573 0.899283
0.841316 0.805247 0.637648 0.527098 0.974714 0.910644 0.619251 0.762866 0.742844 0.917537 0.900599 0.848052 0.453562 0.443035 0.304392 0.395975 0.943193 0.938946 0.670475 0.736378 0.794935 0.967812 0.000000 0.287030 0.647938 0.682239 0.589955 0.762520 0.873155 0.858217 0.617543 0.655115 0.523726 0.771190 0.814347 0.875896 0.829697 0.791384 0.734494 0.877316 0.920275 0.998761 0.554463 0.477150 0.461448 0.429273 0.681743 0.642391 0.470527 0.402625 0.394528 0.323538 0.326460 0.471730 0.747547 0.763380 0.794972 0.918577 0.977451 0.990675 0.849841 0.972493 0.977175 0.967599 0.404556 0.765809 0.719427 0.869310 0.865259 0.665522 0.967062 0.972312 0.908469 0.980333 0.858695 0.825067 0.681230 0.699737 0.785209 0.769904 0.899337 0.847870 0.566286 0.713829 0.478846 0.438231 0.867491 0.711992 0.728401 0.616074 0.951943 0.940757 0.971248 0.933433 0.849756 0.777230 0.912441 0.956398 0.850814 0.705848 0.876778 0.804710 0.959005 0.956177 0.702849 0.858818 0.880353 0.933997 0.957676 0.970565 0.904504 0.921063 0.706058 0.996989 0.631209 0.943259
0.757778 0.729062 0.654419 0.514548 0.970483 0.852568 0.788723 0.823441 0.929542 0.783671 0.811103 0.757046 0.412745 0.404609 0.345832 0.460939 0.999919 0.897046 0.785440 0.755593 0.842973 0.934313 0.287030 0.000000 0.559624 0.711851 0.560125 0.771693 0.899138 0.865591 0.794760 0.798231 0.621028 0.813113 0.813626 0.969634 0.761409 0.716010 0.689072 0.839167 0.999006 0.906287 0.647980 0.522671 0.558625 0.465477 0.601908 0.565989 0.458124 0.363294 0.386159 0.370381 0.443737 0.626361 0.703279 0.705958 0.748230 0.782462 0.873371 0.814827 0.820629 0.853590 0.988702 0.968086 0.393571 0.655845 0.778377 0.928408 0.776314 0.592496 0.914664 0.968974 0.886161 0.944372 0.784237 0.870927 0.719652 0.787791 0.764895 0.727648 0.784243 0.723715 0.545877 0.577100 0.447183 0.350507 0.879654 0.693923 0.607086 0.502832 0.917150 0.924159 0.918486 0.938799 0.800604 0.815902 0.913719 0.958486 0.977555 0.826005 0.804691 0.940369 0.996544 0.989281 0.697483 0.767432 0.975037 0.996453 0.992634 0.942053 0.837237 0.982083 0.853177 0.956024 0.660550 0.980207
0.871496 0.847867 0.406664 0.433246 0.804863 0.794855 0.999413 0.914461 0.960125 0.679915 0.953947 0.957013 0.713127 0.721231 0.790789 0.763921 0.744308 0.771535 0.944158 0.896691 0.772836 0.825782 0.647938 0.559624 0.000000 0.389403 0.655394 0.760063 0.793847 0.675983 0.795570 0.933394 0.834865 0.995158 0.754574 0.875864 0.609489 0.560702 0.602020 0.639508 0.920411 0.979808 0.626840 0.624333 0.822421 0.680402 0.650208 0.647644 0.598112 0.501821 0.528805 0.545960 0.742541 0.789686 0.709469 0.723032 0.915206 0.981668 0.999999 0.811059 0.879283 0.827799 0.621064 0.697562 0.306273 0.536852 0.857303 0.899196 0.681998 0.574573 0.909233 0.956051 0.925399 0.924255 0.668415 0.874663 0.682622 0.821345 0.848428 0.987976 0.958362 0.989238 0.916657 0.839766 0.619099 0.599865 0.922418 0.941926 0.739002 0.618133 0.995127 0.892776 0.826943 0.793740 0.969981 0.907915 0.974425 0.996805 0.977488 0.991468 0.905367 0.938810 0.887989 0.809936 0.600546 0.839529 0.972172 0.870607 0.782396 0.930772 0.903432 0.893864 0.951674 0.899361 0.870666 0.863642
0.917954 0.915287 0.348291 0.364827 0.728440 0.987762 0.845743 0.755921 0.659399 0.947086 0.979293 0.911846 0.750264 0.739508 0.836026 0.733058 0.802391 0.816560 0.901085 0.818426 0.664922 0.885392 0.682239 0.711851 0.389403 0.000000 0.808602 0.818475 0.936339 0.793119 0.716973 0.820424 0.778057 0.926125 0.653592 0.905339 0.543544 0.681197 0.552318 0.644599 0.942452 0.963300 0.597282 0.676781 0.813296 0.750077 0.752111 0.788678 0.730592 0.618317 0.629587 0.655280 0.813947 0.782570 0.888660 0.834367 0.983864 0.901064 0.858263 0.971109 0.917782 0.792627 0.616525 0.665385 0.418464 0.549550 0.794631 0.851092 0.748024 0.659860 0.732407 0.757920 0.911759 0.814036 0.854031 0.796950 0.582450 0.747944 0.810397 0.980433 0.863811 0.874389 0.988858 0.999200 0.841995 0.793719 0.887270 0.823916 0.966474 0.745923 0.749312 0.670362 0.605270 0.631812 0.856255 0.892253 0.849375 0.835609 0.869760 0.836055 0.970173 0.925957 0.974648 0.955000 0.636103 0.864579 0.887166 0.754747 0.928632 0.906622 0.903870 0.940453 0.898561 0.924452 0.851097 0.905486
0.879462 0.912668 0.817585 0.763912 0.943579 0.541152 0.761009 0.755002 0.852968 0.646196 0.941883 0.948613 0.690517 0.698376 0.605160 0.858164 0.872768 0.987590 0.906821 0.989413 0.851210 0.993911 0.589955 0.560125 0.655394 0.808602 0.000000 0.698799 0.956820 0.939864 0.936926 0.807419 0.998935 0.858465 0.790553 0.877653 0.786122 0.757037 0.826002 0.862217 0.987297 0.909814 0.961370 0.846401 0.894779 0.734226 0.780568 0.697496 0.639516 0.586043 0.751448 0.678510 0.679304 0.858275 0.727092 0.859436 0.912239 0.853194 0.998064 0.841826 0.938329 0.989563 0.965467 0.963574 0.495998 0.848363 0.917696 0.782116 0.761489 0.598371 0.708152 0.687261 0.698212 0.801047 0.775754 0.876583 0.996484 0.987613 0.946777 0.900273 0.896426 0.811307 0.636515 0.667200 0.563686 0.526385 0.755827 0.744892 0.561243 0.598624 0.718757 0.735234 0.747387 0.857754 0.929259 0.992538 0.713777 0.755229 0.720242 0.819585 0.646097 0.808527 0.773818 0.944078 0.914241 0.844847 0.859391 0.874030 0.790078 0.925250 0.908819 0.900921 0.780896 0.931195 0.874942 0.975204
0.847611 0.805842 0.869477 0.824505 0.881395 0.877507 0.882878 0.926712 0.838803 0.662212 0.957201 0.964536 0.901496 0.856127 0.877122 0.982932 0.992306 0.993210 0.926228 0.963496 0.828363 0.974523 0.762520 0.771693 0.760063 0.818475 0.698799 0.000000 0.965068 0.887639 0.884859 0.810332 0.944489 0.904709 0.756878 0.946011 0.910278 0.998236 0.796134 0.779756 0.926452 0.968850 0.918229 0.872634 0.985664 0.893315 0.818782 0.727420 0.789029 0.689595 0.832146 0.752146 0.891223 0.940046 0.768360 0.785444 0.905274 0.772919 0.843649 0.765027 0.936401 0.969370 0.970185 0.956941 0.694800 0.853810 0.973630 0.933024 0.738561 0.709442 0.814117 0.850677 0.852648 0.874175 0.873359 0.828311 0.919276 0.932581 0.856838 0.975889 0.916708 0.786118 0.870138 0.803335 0.606816 0.632882 0.810383 0.836586 0.759017 0.634789 0.743094 0.832076 0.803604 0.873125 0.907849 0.815246 0.768247 0.968745 0.862645 0.886685 0.703768 0.734635 0.719086 0.837919 0.936970 0.924421 0.991744 0.973529 0.942452 0.985755 0.820065 0.966013 0.924419 0.959421 0.888088 0.965042
0.521183 0.422829 0.969090 0.795467 0.946632 0.824749 0.532791 0.544600 0.636333 0.575427 0.349409 0.402913 0.768961 0.703154 0.715985 0.608248 0.337335 0.296662 0.381384 0.396193 0.878927 0.973106 0.873155 0.899138 0.793847 0.936339 0.956820 0.965068 0.000000 0.290410 0.654153 0.683447 0.445769 0.337347 0.936231 0.880479 0.882080 0.915843 0.933840 0.982870 0.732662 0.673388 0.766900 0.700783 0.658316 0.727639 0.773238 0.762133 0.779825 0.852843 0.804567 0.899069 0.821967 0.995458 0.852882 0.949296 0.433113 0.533714 0.662015 0.823254 0.421208 0.703941 0.426052 0.409963 0.925634 0.889286 0.571168 0.673456 0.673012 0.736795 0.689684 0.554027 0.525114 0.608489 0.908499 0.893317 0.826721 0.691522 0.541482 0.535970 0.501547 0.578389 0.652530 0.680543 0.918307 0.915710 0.930439 0.985357 0.956633 0.954311 0.819011 0.898684 0.851014 0.991161 0.695398 0.776106 0.848533 0.817682 0.643962 0.689169 0.907734 0.830944 0.671720 0.616033 0.758559 0.728865 0.924770 0.962098 0.807521 0.973707 0.996551 0.573295 0.779956 0.999243 0.889381 0.840300
0.486179 0.474239 0.932113 0.858690 0.904309 0.761483 0.519956 0.517538 0.712683 0.576854 0.319441 0.399927 0.730746 0.688656 0.642522 0.570014 0.307487 0.260379 0.356540 0.423291 0.861447 0.896870 0.858217 0.865591 0.675983 0.793119 0.939864 0.887639 0.290410 0.000000 0.667198 0.661736 0.472753 0.397723 0.878498 0.880817 0.935818 0.938311 0.999356 0.999259 0.732649 0.676552 0.801594 0.680469 0.645022 0.712297 0.773542 0.777203 0.815655 0.876534 0.838952 0.884275 0.836640 0.955329 0.802614 0.890310 0.427414 0.518487 0.569963 0.794890 0.349271 0.650372 0.359379 0.343271 0.861508 0.887928 0.573841 0.649107 0.721274 0.805377 0.744650 0.637925 0.565003 0.632109 0.927824 0.845282 0.874216 0.671637 0.557544 0.519110 0.458207 0.524169 0.653192 0.641449 0.909298 0.879260 0.909377 0.894486 0.978101 0.928062 0.850540 0.989985 0.960037 0.915687 0.633909 0.766859 0.732516 0.856845 0.640884 0.638942 0.918257 0.798102 0.625942 0.579981 0.753494 0.757792 0.933073 0.993006 0.838738 0.946119 0.974435 0.569051 0.746833 0.992616 0.716007 0.971962
0.790944 0.745411 0.557980 0.533241 0.871845 0.811934 0.316354 0.423234 0.356173 0.604613 0.706401 0.707076 0.772659 0.771422 0.674947 0.464394 0.791404 0.763823 0.486879 0.542247 0.657856 0.873371 0.617543 0.794760 0.795570 0.716973 0.936926 0.884859 0.654153 0.667198 0.000000 0.397165 0.437633 0.456480 0.989718 0.954081 0.735237 0.683369 0.723255 0.813466 0.963853 0.970994 0.415880 0.428348 0.419936 0.542764 0.837599 0.793058 0.688274 0.738763 0.559223 0.652132 0.587499 0.558376 0.863304 0.877160 0.663957 0.990139 0.985181 0.843335 0.728977 0.809117 0.989300 0.919060 0.731541 0.840525 0.424585 0.606204 0.865022 0.830396 0.495752 0.471812 0.570274 0.549659 0.951930 0.721537 0.526641 0.417365 0.605122 0.723232 0.863124 0.970164 0.860419 0.989092 0.966508 0.934983 0.826051 0.730029 0.873740 0.983423 0.571586 0.526218 0.548208 0.594919 0.753282 0.710202 0.753742 0.807844 0.488067 0.475608 0.787310 0.496295 0.622573 0.770239 0.629523 0.930467 0.854899 0.826099 0.780435 0.847631 0.830070 0.767778 0.590370 0.920882 0.805635 0.970153
0.856513 0.784233 0.708784 0.657603 0.881915 0.677114 0.354086 0.453716 0.475812 0.639281 0.779130 0.734495 0.774749 0.719551 0.730667 0.531092 0.814317 0.768938 0.501501 0.607228 0.891307 0.904895 0.655115 0.798231 0.933394 0.820424 0.807419 0.810332 0.683447 0.661736 0.397165 0.000000 0.530087 0.520165 0.972294 0.947265 0.867496 0.887535 0.868698 0.963623 0.938543 0.987031 0.545408 0.583968 0.552157 0.668406 0.836359 0.905885 0.817341 0.794627 0.651355 0.679414 0.671050 0.646845 0.931296 0.989360 0.740880 0.989554 0.967227 0.886615 0.716337 0.924259 0.903164 0.900695 0.868900 0.900720 0.509702 0.614583 0.993478 0.850903 0.595342 0.609096 0.598170 0.667963 0.911518 0.820344 0.637977 0.569466 0.687790 0.707335 0.940128 0.978311 0.865732 0.977537 0.992531 0.964245 0.737877 0.982897 0.822621 0.895792 0.601073 0.576304 0.588984 0.721870 0.698390 0.815841 0.769790 0.850596 0.596363 0.507614 0.807957 0.627062 0.648778 0.804611 0.610584 0.866993 0.919116 0.873551 0.876985 0.953146 0.832762 0.791545 0.648865 0.979537 0.699595 0.941944
0.450497 0.399444 0.680197 0.509491 0.969595 0.719663 0.330071 0.379250 0.536475 0.708051 0.455747 0.420285 0.503216 0.525660 0.500298 0.336139 0.532121 0.484367 0.355790 0.423004 0.712425 0.925003 0.523726 0.621028 0.834865 0.778057 0.998935 0.944489 0.445769 0.472753 0.437633 0.530087 0.000000 0.312823 0.928389 0.914312 0.752267 0.699803 0.779538 0.749285 0.733709 0.758825 0.428735 0.410244 0.455429 0.478885 0.573792 0.564306 0.545092 0.547172 0.452030 0.508888 0.573319 0.800354 0.708682 0.725583 0.410081 0.575415 0.604816 0.738835 0.426503 0.554099 0.679720 0.629500 0.660808 0.584140 0.442851 0.477054 0.618786 0.613246 0.632944 0.547627 0.593171 0.523763 0.797432 0.768543 0.593191 0.518277 0.507973 0.527980 0.554336 0.606227 0.598886 0.644330 0.640919 0.622655 0.985459 0.975301 0.868053 0.746837 0.712266 0.769853 0.732830 0.874169 0.601375 0.649072 0.710812 0.686684 0.487781 0.561521 0.868342 0.749574 0.618819 0.820311 0.505064 0.704034 0.947695 0.862131 0.840400 0.953621 0.995629 0.593425 0.583225 0.917326 0.638720 0.969084
0.488211 0.412450 0.786919 0.636832 0.888451 0.701079 0.342663 0.353309 0.509486 0.566611 0.392718 0.425770 0.694930 0.730554 0.724615 0.478614 0.420012 0.389987 0.315622 0.374112 0.758838 0.855487 0.771190 0.813113 0.995158 0.926125 0.858465 0.904709 0.337347 0.397723 0.456480 0.520165 0.312823 0.000000 0.939643 0.920244 0.762158 0.782422 0.807156 0.843181 0.743067 0.767204 0.519513 0.531042 0.499820 0.594355 0.705212 0.693609 0.713002 0.814557 0.655598 0.770702 0.712931 0.882941 0.892532 0.826034 0.406911 0.608491 0.648585 0.823068 0.418764 0.618215 0.615960 0.556529 0.914559 0.762800 0.411060 0.478628 0.709341 0.737046 0.509355 0.419199 0.429097 0.449298 0.769191 0.847293 0.623934 0.556945 0.498736 0.499078 0.562424 0.664708 0.757956 0.747563 0.882967 0.887314 0.813870 0.876213 0.960093 0.988390 0.661104 0.696734 0.701635 0.835568 0.572809 0.625796 0.689750 0.751984 0.453825 0.494929 0.778351 0.707116 0.576429 0.662422 0.610831 0.717438 0.940241 0.853946 0.787825 0.934625 0.940989 0.521717 0.575652 0.798540 0.696557 0.898689
0.985189 0.982984 0.766972 0.759292 0.800937 0.890900 0.958265 0.974980 0.909121 0.893476 0.970836 0.985009 0.946345 0.911781 0.948334 0.956573 0.842936 0.897402 0.900176 0.941800 0.856934 0.865435 0.814347 0.813626 0.754574 0.653592 0.790553 0.756878 0.936231 0.878498 0.989718 0.972294 0.928389 0.939643 0.000000 0.909598 0.795938 0.828557 0.705659 0.816675 0.874738 0.977285 0.728341 0.761424 0.811833 0.682576 0.838945 0.769014 0.731146 0.721885 0.748308 0.758408 0.824220 0.864335 0.977907 0.864997 0.977925 0.947858 0.990363 0.880435 0.900884 0.994612 0.884173 0.883406 0.716129 0.906196 0.916247 0.901846 0.880520 0.872497 0.933081 0.960249 0.995559 0.920977 0.965570 0.881032 0.800967 0.885588 0.989174 0.887093 0.981477 0.937934 0.970964 0.957113 0.859030 0.843262 0.973486 0.904237 0.872467 0.613684 0.926211 0.940406 0.937148 0.986493 0.833580 0.818059 0.901942 0.847923 0.997755 0.952207 0.907295 0.934801 0.971591 0.978574 0.867461 0.919416 0.976025 0.909699 0.952544 0.827649 0.975340 0.926173 0.878277 0.968784 0.855775 0.958756
0.841094 0.865351 0.891750 0.894769 0.957479 0.869996 0.891665 0.854729 0.971651 0.922251 0.805547 0.840312 0.941392 0.984219 0.998364 0.947693 0.806030 0.826247 0.949758 0.870655 0.887234 0.902393 0.875896 0.969634 0.875864 0.905339 0.877653 0.946011 0.880479 0.880817 0.954081 0.947265 0.914312 0.920244 0.909598 0.000000 0.797815 0.903732 0.975148 0.834569 0.749092 0.982876 0.955610 0.998908 0.848056 0.878587 0.934672 0.957865 0.940663 0.940228 0.990508 0.855982 0.819059 0.790956 0.847462 0.929255 0.839175 0.821671 0.948695 0.873388 0.770945 0.770183 0.906342 0.856529 0.960963 0.738209 0.928986 0.894949 0.762017 0.936392 0.839304 0.764076 0.804392 0.830941 0.984966 0.948534 0.948503 0.937818 0.910752 0.928086 0.875861 0.867650 0.995268 0.954142 0.984922 0.988467 0.885318 0.849611 0.972867 0.976959 0.914686 0.957715 0.925743 0.931532 0.935170 0.966528 0.926239 0.923269 0.945092 0.969695 0.968507 0.841425 0.961686 0.978787 0.812115 0.926175 0.928826 0.886604 0.948997 0.911429 0.871225 0.995347 0.977828 0.903800 0.828769 0.908370
0.675908 0.693066 0.599997 0.511906 0.792294 0.956208 0.866293 0.745441 0.756632 0.977820 0.747112 0.704180 0.741194 0.754413 0.785607 0.717194 0.836121 0.825210 0.849258 0.705064 0.552122 0.703852 0.829697 0.761409 0.609489 0.543544 0.786122 0.910278 0.882080 0.935818 0.735237 0.867496 0.752267 0.762158 0.795938 0.797815 0.000000 0.546056 0.674906 0.546096 0.794277 0.855253 0.608664 0.574585 0.755763 0.673972 0.684848 0.712907 0.640365 0.670577 0.663277 0.704855 0.858353 0.939738 0.798720 0.813294 0.678680 0.757101 0.844828 0.828813 0.866973 0.685563 0.991989 0.908710 0.584554 0.627814 0.723099 0.805863 0.631386 0.591918 0.743236 0.746227 0.832371 0.792362 0.936659 0.845724 0.741767 0.742139 0.697651 0.705179 0.752213 0.818657 0.844943 0.769480 0.801217 0.788278 0.882973 0.799561 0.868932 0.753192 0.870066 0.869794 0.781968 0.836672 0.785683 0.805758 0.990001 0.907754 0.810777 0.844560 0.828598 0.949468 0.863193 0.809968 0.756359 0.770761 0.993229 0.987244 0.992228 0.993193 0.943905 0.901229 0.961511 0.910853 0.845343 0.835517
0.599310 0.674904 0.525877 0.504638 0.925887 0.907651 0.832193 0.729828 0.827195 0.966447 0.713144 0.665705 0.652301 0.675059 0.763650 0.606975 0.844467 0.826439 0.803227 0.640093 0.778975 0.822788 0.791384 0.716010 0.560702 0.681197 0.757037 0.998236 0.915843 0.938311 0.683369 0.887535 0.699803 0.782422 0.828557 0.903732 0.546056 0.000000 0.665332 0.597242 0.795916 0.905769 0.644961 0.586889 0.742691 0.627861 0.682288 0.635881 0.622019 0.632719 0.578497 0.650777 0.796570 0.934007 0.686060 0.754630 0.635537 0.760908 0.807518 0.796365 0.806572 0.656572 0.973783 0.924722 0.538696 0.570598 0.802131 0.856747 0.532447 0.572453 0.807367 0.767615 0.859492 0.643184 0.795153 0.691839 0.721163 0.798442 0.574332 0.817505 0.764388 0.784845 0.741168 0.724764 0.746510 0.712456 0.956514 0.839520 0.682506 0.605033 0.960229 0.919474 0.864424 0.808191 0.846750 0.889911 0.976240 0.894552 0.897974 0.952928 0.927378 0.922799 0.879335 0.921875 0.760613 0.814786 0.885462 0.877114 0.911082 0.942417 0.948781 0.887602 0.871632 0.960519 0.711494 0.950799
