0.000000 0.315522 0.983501 0.844532 0.870506 0.788381 0.943573 0.922447 0.805538 0.816341 0.542893 0.355963 0.524532 0.478208 0.758453 0.625170 0.410771 0.376143 0.432140 0.340302 0.954171 0.680139 0.905550 0.808194 0.820737 0.819343 0.747436 0.998056 0.725533 0.579232 0.724600 0.974944 0.912483 0.886385 0.998760 0.905268 0.740064 0.567968 0.877303 0.639673 0.788826 0.927526 0.856088 0.781310 0.951371 0.850636 0.611735 0.658563 0.741075 0.471306 0.716765 0.499151 0.841414 0.964113 0.664249 0.684450 0.370953 0.326780 0.647378 0.544948 0.906932 0.916067 0.687415 0.528367 0.977850 0.963959 0.859248 0.899601 0.364936 0.387497 0.965084 0.927008 0.947104 0.801873 0.769146 0.886069 0.813128 0.982559 0.690517 0.534788 0.327585 0.279679 0.532688 0.371515 0.611290 0.705981 0.712510 0.734471 0.822846 0.557627 0.977468 0.905703 0.929774 0.967006 0.967811 0.992715 0.834375 0.961473 0.815868 0.890116 0.802583 0.956442 0.691272 0.852479 0.970910 0.974168 0.946467 0.972826 0.947065 0.834607 0.983041 0.986182 0.969549 0.820449 0.882798 0.963508
0.315522 0.000000 0.933839 0.793514 0.966335 0.748982 0.929209 0.869505 0.857359 0.874342 0.577002 0.361344 0.571560 0.527234 0.801758 0.612544 0.353939 0.316661 0.375145 0.342403 0.935602 0.741631 0.801837 0.807266 0.748536 0.863778 0.738934 0.928425 0.609797 0.533730 0.826730 0.934159 0.858607 0.783335 0.993646 0.968040 0.812477 0.547138 0.912365 0.679968 0.919305 0.984409 0.722398 0.638778 0.918012 0.725842 0.583754 0.611599 0.659937 0.406729 0.610811 0.425299 0.695409 0.903303 0.766709 0.748022 0.265514 0.232674 0.604306 0.475390 0.833502 0.868266 0.616692 0.435564 0.928796 0.972006 0.957697 0.983676 0.465934 0.402866 0.923519 0.915984 0.987559 0.757729 0.874953 0.991381 0.818423 0.917501 0.597421 0.592593 0.333845 0.368123 0.526525 0.415431 0.591188 0.678414 0.790495 0.738632 0.901760 0.624767 0.922194 0.990807 0.923899 0.922040 0.954635 0.981599 0.952176 0.925362 0.853959 0.844425 0.867933 0.975202 0.656222 0.872482 0.932465 0.955371 0.971365 0.970038 0.936187 0.750872 0.811443 0.929393 0.833924 0.693912 0.785171 0.970073
0.983501 0.933839 0.000000 0.325032 0.743092 0.805377 0.376601 0.392839 0.523868 0.963991 0.956746 0.909170 0.644059 0.749485 0.731010 0.681485 0.808425 0.829637 0.765156 0.900222 0.864530 0.875334 0.458407 0.584809 0.502135 0.470611 0.955636 0.994273 0.846378 0.829108 0.650278 0.725871 0.603146 0.754727 0.693569 0.884511 0.672351 0.877697 0.821570 0.975272 0.987406 0.900099 0.722407 0.789659 0.808879 0.846605 0.732362 0.792567 0.800095 0.985938 0.990648 0.931075 0.768282 0.809781 0.870992 0.938848 0.973570 0.961034 0.903264 0.895363 0.399394 0.451270 0.835393 0.932729 0.331803 0.308811 0.480889 0.505023 0.994139 0.934041 0.591987 0.632960 0.743432 0.803024 0.982217 0.716707 0.759069 0.791013 0.978709 0.990784 0.853428 0.955813 0.905011 0.926008 0.641349 0.534100 0.797482 0.945642 0.860805 0.870763 0.555189 0.779792 0.517968 0.775054 0.871207 0.953320 0.741428 0.886395 0.659273 0.614312 0.707681 0.963546 0.896402 0.955028 0.566456 0.771803 0.854665 0.728072 0.639603 0.841473 0.759882 0.777043 0.766023 0.941517 0.705757 0.971653
0.844532 0.793514 0.325032 0.000000 0.742139 0.839198 0.522847 0.399458 0.619698 0.981009 0.962514 0.736296 0.494470 0.572065 0.565536 0.469036 0.924758 0.955473 0.633255 0.723836 0.944314 0.732801 0.327565 0.420749 0.474177 0.568861 0.805332 0.931699 0.911911 0.935566 0.769298 0.705076 0.730119 0.846754 0.751216 0.883904 0.617540 0.837135 0.734465 0.870739 0.901460 0.918938 0.731573 0.754122 0.905440 0.851270 0.700965 0.711506 0.871279 0.904608 0.927598 0.785662 0.681023 0.695459 0.805481 0.998175 0.883873 0.889439 0.872298 0.812477 0.501004 0.456205 0.825081 0.955046 0.325232 0.357496 0.589167 0.626194 0.849754 0.953684 0.539254 0.662193 0.826439 0.859918 0.967412 0.774396 0.687230 0.808356 0.861558 0.894655 0.958977 0.883428 0.799371 0.880034 0.534917 0.447941 0.669893 0.857078 0.687155 0.728778 0.576602 0.727373 0.541288 0.733532 0.855689 0.937420 0.607754 0.914078 0.671375 0.574336 0.776366 0.929013 0.913424 0.861632 0.523680 0.656872 0.923127 0.676545 0.594362 0.754970 0.814327 0.754116 0.796855 0.949840 0.711810 0.964351
0.870506 0.966335 0.743092 0.742139 0.000000 0.848149 0.806429 0.837973 0.856342 0.976958 0.894770 0.978636 0.840688 0.974805 0.818758 0.908768 0.854774 0.850198 0.946903 0.919526 0.965920 0.976664 0.656876 0.783763 0.765523 0.826474 0.732562 0.861423 0.902653 0.885882 0.879049 0.930249 0.996414 0.977881 0.950085 0.961869 0.925421 0.937811 0.911430 0.881784 0.941967 0.775533 0.995286 0.927000 0.902788 0.877364 0.966619 0.908777 0.823139 0.888201 0.861157 0.970608 0.931286 0.978288 0.936121 0.916997 0.907337 0.928967 0.958485 0.959778 0.835882 0.900253 0.942977 0.947289 0.697818 0.768565 0.803047 0.890949 0.996986 0.939858 0.806173 0.957031 0.950800 0.988554 0.991418 0.870427 0.907096 0.925307 0.861043 0.954865 0.887382 0.910640 0.991270 0.864445 0.832424 0.791069 0.845322 0.862066 0.892427 0.960705 0.884591 0.918749 0.817720 0.865309 0.997971 0.947090 0.825635 0.899201 0.980295 0.950673 0.967631 0.916526 0.803803 0.885335 0.874407 0.700850 0.913357 0.896340 0.877865 0.893029 0.899932 0.889095 0.970172 0.829981 0.931725 0.860216
0.788381 0.748982 0.805377 0.839198 0.848149 0.000000 0.911839 0.794592 0.752494 0.925695 0.647935 0.886558 0.918713 0.889764 0.807249 0.808115 0.580343 0.577393 0.731827 0.848383 0.870686 0.888935 0.831794 0.786683 0.796617 0.623242 0.901585 0.758525 0.675304 0.760576 0.862836 0.984720 0.907513 0.983866 0.908052 0.969193 0.823054 0.868025 0.856665 0.881546 0.921025 0.980216 0.918401 0.940539 0.933300 0.937132 0.950654 0.999639 0.944220 0.918764 0.951400 0.995020 0.718986 0.744519 0.787935 0.874114 0.606922 0.673655 0.817950 0.900662 0.838845 0.691672 0.622011 0.751673 0.813784 0.656189 0.808459 0.820881 0.880342 0.866822 0.687684 0.792215 0.746168 0.910090 0.888800 0.944508 0.948720 0.992356 0.859495 0.921365 0.755400 0.867631 0.800104 0.805248 0.854159 0.795495 0.938162 0.995978 0.953388 0.951921 0.622603 0.762260 0.657812 0.825839 0.979373 0.864539 0.674763 0.913128 0.857138 0.883434 0.818091 0.953640 0.786839 0.986226 0.827826 0.862814 0.799148 0.944744 0.936809 0.965611 0.968341 0.930772 0.889349 0.961281 0.997159 0.926046
0.943573 0.929209 0.376601 0.522847 0.806429 0.911839 0.000000 0.350805 0.550850 0.755468 0.891129 0.863676 0.905194 0.977347 0.991197 0.934838 0.975632 0.899774 0.778571 0.942795 0.894291 0.943782 0.687835 0.893544 0.763863 0.628476 0.836468 0.793682 0.901783 0.914098 0.511850 0.588372 0.426024 0.488912 0.653190 0.764374 0.831366 0.946221 0.981542 0.932358 0.827731 0.883755 0.530237 0.612534 0.497470 0.559406 0.637722 0.643668 0.873624 0.818590 0.765535 0.803581 0.717505 0.741242 0.978181 0.948628 0.964209 0.977054 0.647861 0.711044 0.329677 0.478421 0.840701 0.793721 0.613837 0.499019 0.291859 0.316725 0.860113 0.891188 0.770481 0.748823 0.744087 0.820545 0.945206 0.716459 0.680251 0.618760 0.962218 0.908503 0.963606 0.870198 0.984808 0.872190 0.891379 0.789490 0.979636 0.885027 0.907228 0.885694 0.714666 0.940986 0.706232 0.939244 0.832826 0.914179 0.842513 0.761962 0.519192 0.530957 0.538457 0.877560 0.876959 0.849418 0.634791 0.716771 0.831730 0.748205 0.730406 0.835350 0.666561 0.789902 0.645645 0.826929 0.592617 0.999195
0.922447 0.869505 0.392839 0.399458 0.837973 0.794592 0.350805 0.000000 0.515423 0.653923 0.839010 0.707560 0.775190 0.814301 0.900516 0.742413 0.963604 0.904297 0.667336 0.801850 0.987206 0.946921 0.654636 0.806811 0.744126 0.618301 0.941791 0.954250 0.936448 0.903985 0.584476 0.590727 0.477560 0.478605 0.744685 0.867743 0.621950 0.834848 0.900312 0.942105 0.934789 0.998459 0.461594 0.499950 0.577438 0.542275 0.489029 0.476439 0.845829 0.715379 0.694321 0.669052 0.694629 0.603107 0.840421 0.999937 0.945606 0.984891 0.649595 0.685767 0.380926 0.323672 0.975296 0.780931 0.622322 0.420863 0.434324 0.373487 0.958558 0.971686 0.626094 0.657749 0.751941 0.831115 0.998791 0.811913 0.659842 0.639204 0.942619 0.846684 0.994788 0.943304 0.967795 0.959739 0.875915 0.747148 0.952062 0.877400 0.996695 0.949222 0.629091 0.855138 0.714969 0.962495 0.866165 0.872054 0.689337 0.825169 0.471834 0.417315 0.522097 0.903009 0.804968 0.802594 0.538570 0.708804 0.938328 0.672585 0.692401 0.745236 0.694977 0.716789 0.613350 0.761553 0.635713 0.960835
0.805538 0.857359 0.523868 0.619698 0.856342 0.752494 0.550850 0.515423 0.000000 0.649729 0.998271 0.899131 0.972183 0.943809 0.918832 0.892380 0.778537 0.681934 0.940516 0.908177 0.997989 0.883812 0.777590 0.915792 0.762393 0.440099 0.845608 0.933367 0.971607 0.822278 0.521704 0.638667 0.549017 0.697139 0.633285 0.922491 0.775983 0.974873 0.876786 0.981741 0.990089 0.870470 0.614180 0.690676 0.633958 0.708583 0.705866 0.788692 0.990794 0.971331 0.828046 0.916169 0.738530 0.566578 0.916951 0.988855 0.877366 0.745018 0.921503 0.989670 0.532470 0.500992 0.815128 0.910616 0.694155 0.535888 0.488050 0.510674 0.855276 0.800863 0.630958 0.607518 0.586763 0.726271 0.961331 0.872920 0.781066 0.753542 0.985465 0.869238 0.720325 0.724746 0.965848 0.726238 0.919291 0.836733 0.965526 0.909326 0.957506 0.968957 0.521350 0.787600 0.620650 0.824625 0.859824 0.952038 0.783383 0.810856 0.534358 0.567146 0.619601 0.912972 0.916147 0.775991 0.686514 0.720087 0.774475 0.676453 0.743405 0.843282 0.719046 0.760418 0.648121 0.844999 0.820766 0.888074
0.816341 0.874342 0.963991 0.981009 0.976958 0.925695 0.755468 0.653923 0.649729 0.000000 0.792955 0.972506 0.627791 0.657741 0.711785 0.738557 0.962577 0.848620 0.963991 0.910924 0.850078 0.751859 0.811401 0.588926 0.768262 0.918136 0.730681 0.891900 0.722771 0.807931 0.582795 0.678039 0.653342 0.547209 0.793129 0.990160 0.838791 0.830040 0.963146 0.977546 0.936071 0.739818 0.497663 0.551138 0.460556 0.474066 0.710169 0.629616 0.565364 0.747759 0.683719 0.908666 0.882706 0.682702 0.953766 0.955637 0.901258 0.810455 0.762571 0.920211 0.784937 0.649207 0.912255 0.785780 0.798034 0.992657 0.734373 0.631787 0.901566 0.898256 0.849459 0.780870 0.697545 0.720756 0.917701 0.930276 0.798652 0.657581 0.976741 0.862930 0.861433 0.656180 0.813865 0.744741 0.644822 0.670535 0.614721 0.692935 0.844722 0.701410 0.950761 0.809272 0.872078 0.745869 0.988052 0.900784 0.928085 0.803444 0.551135 0.562340 0.598000 0.999420 0.646796 0.677324 0.832480 0.826574 0.997233 0.703157 0.946422 0.837462 0.755718 0.702092 0.642342 0.799102 0.938832 0.943201
0.542893 0.577002 0.956746 0.962514 0.894770 0.647935 0.891129 0.839010 0.998271 0.792955 0.000000 0.568085 0.998830 0.949087 0.787171 0.935648 0.486056 0.455898 0.537970 0.564655 0.821521 0.975765 0.801947 0.816898 0.856176 0.751288 0.891474 0.789733 0.554521 0.502987 0.977460 0.898316 0.763596 0.595427 0.897349 0.993092 0.946887 0.649995 0.953803 0.845487 0.938383 0.864674 0.789706 0.675000 0.848032 0.692749 0.668712 0.652943 0.687686 0.534914 0.801697 0.721523 0.965362 0.994525 0.899017 0.884340 0.501875 0.580259 0.592897 0.552995 0.919591 0.995104 0.479430 0.475008 0.787984 0.813013 0.965071 0.899853 0.653663 0.629835 0.871146 0.855866 0.907462 0.778113 0.933420 0.882892 0.823441 0.905868 0.817279 0.780960 0.577726 0.678256 0.791137 0.670909 0.949128 0.871532 0.923023 0.968325 0.895723 0.990791 0.867648 0.951294 0.763589 0.853259 0.967054 0.912327 0.983698 0.731033 0.727712 0.778584 0.945305 0.895387 0.549245 0.611985 0.913228 0.924789 0.848783 0.934547 0.894298 0.859112 0.923945 0.957813 0.761766 0.732748 0.908542 0.976189
0.355963 0.361344 0.909170 0.736296 0.978636 0.886558 0.863676 0.707560 0.899131 0.972506 0.568085 0.000000 0.567375 0.576171 0.802291 0.614293 0.487479 0.456069 0.444586 0.321585 0.931742 0.687968 0.848357 0.823163 0.802082 0.936011 0.762938 0.869336 0.630995 0.473602 0.934966 0.901152 0.777109 0.681482 0.944517 0.939248 0.648870 0.495991 0.801857 0.624738 0.814253 0.870010 0.705561 0.660047 0.851057 0.677661 0.533836 0.513015 0.608002 0.426854 0.609201 0.443958 0.765241 0.835950 0.670607 0.724336 0.453665 0.378515 0.621325 0.483112 0.756744 0.717436 0.658990 0.429939 0.930026 0.923547 0.945154 0.892127 0.456254 0.464181 0.928171 0.972807 0.953658 0.862843 0.929393 0.982243 0.766615 0.905518 0.716529 0.576628 0.352956 0.394376 0.601930 0.459094 0.672870 0.705719 0.762396 0.837739 0.887833 0.702769 0.975862 0.940502 0.931425 0.874424 0.993594 0.869810 0.763487 0.849751 0.776872 0.761037 0.981858 0.943897 0.661319 0.800970 0.851421 0.892467 0.913220 0.949490 0.886979 0.729796 0.893892 0.907684 0.928114 0.719008 0.856106 0.997092
0.524532 0.571560 0.644059 0.494470 0.840688 0.918713 0.905194 0.775190 0.972183 0.627791 0.998830 0.567375 0.000000 0.319171 0.373839 0.347780 0.856859 0.759510 0.597259 0.551481 0.861830 0.592010 0.445109 0.395845 0.546641 0.854266 0.630067 0.907156 0.928793 0.988476 0.819876 0.947354 0.969870 0.874984 0.980595 0.958942 0.746877 0.813448 0.776309 0.778998 0.823502 0.922870 0.993978 0.981998 0.785992 0.900357 0.771600 0.855517 0.846524 0.842709 0.946260 0.639585 0.797682 0.884205 0.740793 0.800651 0.706926 0.603497 0.942146 0.748546 0.741039 0.723124 0.894778 0.909267 0.476775 0.589522 0.982444 0.959138 0.650423 0.650468 0.727084 0.909131 0.956082 0.959502 0.846613 0.997204 0.826150 0.862701 0.861021 0.702054 0.684105 0.502833 0.604837 0.635747 0.349724 0.368787 0.513315 0.657609 0.662036 0.477415 0.732293 0.639501 0.661916 0.720136 0.933922 0.874312 0.664715 0.995839 0.973175 0.878783 0.831124 0.947070 0.838220 0.829632 0.769693 0.924992 0.916958 0.953882 0.737751 0.914481 0.996692 0.955295 0.943852 0.952954 0.837457 0.968889
0.478208 0.527234 0.749485 0.572065 0.974805 0.889764 0.977347 0.814301 0.943809 0.657741 0.949087 0.576171 0.319171 0.000000 0.411857 0.295869 0.769108 0.713285 0.592494 0.527759 0.923003 0.632733 0.530240 0.418816 0.549177 0.773018 0.725712 0.804815 0.989407 0.924191 0.830955 0.937911 0.907993 0.929714 0.994782 0.992005 0.737384 0.740338 0.740856 0.722321 0.865309 0.970905 0.889891 0.866426 0.883865 0.992849 0.670027 0.834848 0.982527 0.741204 0.782252 0.540300 0.602378 0.760788 0.711590 0.758471 0.632468 0.587388 0.942333 0.756594 0.776808 0.716591 0.890002 0.890603 0.597380 0.635334 0.992661 0.966828 0.632664 0.623811 0.802387 0.906217 0.932254 0.961040 0.797271 0.966244 0.834263 0.870505 0.765304 0.667855 0.605780 0.478857 0.529764 0.566398 0.358108 0.362545 0.523998 0.709253 0.640940 0.456923 0.722817 0.667518 0.722817 0.756903 0.944946 0.997666 0.681600 0.978306 0.916776 0.897343 0.838170 0.958934 0.953192 0.973361 0.871101 0.883086 0.874408 0.968750 0.834443 0.876304 0.967604 0.977291 0.998519 0.855667 0.848091 0.898596
0.758453 0.801758 0.731010 0.565536 0.818758 0.807249 0.991197 0.900516 0.918832 0.711785 0.787171 0.802291 0.373839 0.411857 0.000000 0.319313 0.980522 0.952716 0.828716 0.764642 0.885506 0.713689 0.404571 0.401632 0.512168 0.766198 0.627081 0.764058 0.887141 0.884425 0.912994 0.938530 0.978075 0.812075 0.900657 0.951185 0.791190 0.847474 0.744946 0.864827 0.867108 0.949409 0.996237 0.961357 0.799694 0.867803 0.812636 0.938077 0.803681 0.985067 0.979476 0.739505 0.757222 0.852027 0.765977 0.803978 0.864394 0.801918 0.987321 0.879189 0.789105 0.744751 0.772060 0.963847 0.444064 0.590108 0.980849 0.945126 0.765676 0.826213 0.702575 0.921723 0.936935 0.984955 0.951939 0.984567 0.888230 0.891599 0.812362 0.811976 0.856228 0.706487 0.607469 0.748486 0.351721 0.354629 0.589920 0.654045 0.545571 0.509736 0.789569 0.774894 0.745333 0.737384 0.891899 0.966263 0.667457 0.997454 0.992953 0.946605 0.789998 0.891872 0.760717 0.772169 0.712286 0.814439 0.808309 0.886143 0.695303 0.909646 0.978292 0.951225 0.957360 0.880179 0.891439 0.985403
0.625170 0.612544 0.681485 0.469036 0.908768 0.808115 0.934838 0.742413 0.892380 0.738557 0.935648 0.614293 0.347780 0.295869 0.319313 0.000000 0.865707 0.815665 0.684745 0.618167 0.941729 0.662610 0.387279 0.335961 0.509470 0.731112 0.694921 0.758899 0.973497 0.937996 0.979262 0.870941 0.899778 0.970091 0.888775 0.983100 0.748223 0.762353 0.687740 0.808272 0.854719 0.999965 0.833904 0.836133 0.918018 0.951777 0.660273 0.761868 0.953880 0.787467 0.781926 0.566615 0.585784 0.746799 0.718652 0.778319 0.727642 0.661692 0.907134 0.749983 0.719670 0.628585 0.850617 0.889345 0.484337 0.557054 0.919748 0.953871 0.725979 0.719517 0.710114 0.907789 0.976514 0.954496 0.899357 0.973669 0.848822 0.975003 0.711747 0.758479 0.704873 0.605843 0.529615 0.598654 0.347099 0.305298 0.601045 0.688095 0.563904 0.480311 0.748268 0.751198 0.743453 0.846277 0.914632 0.968341 0.661312 0.955270 0.934999 0.826458 0.867141 0.933262 0.896011 0.880342 0.711150 0.774284 0.871452 0.896021 0.744854 0.863087 0.922327 0.925609 0.965022 0.885349 0.779482 0.904372
0.410771 0.353939 0.808425 0.924758 0.854774 0.580343 0.975632 0.963604 0.778537 0.962577 0.486056 0.487479 0.856859 0.769108 0.980522 0.865707 0.000000 0.295058 0.501110 0.460299 0.800282 0.917700 0.913761 0.912512 0.989451 0.646064 0.858482 0.911413 0.472009 0.413966 0.818411 0.982419 0.859282 0.742493 0.970979 0.965871 0.948441 0.612195 0.960401 0.741579 0.990529 0.971805 0.754952 0.657445 0.885491 0.694905 0.640589 0.655901 0.545961 0.414453 0.631530 0.505292 0.884233 0.952138 0.855618 0.731309 0.315661 0.307466 0.534933 0.493644 0.990729 0.901802 0.443111 0.370814 0.802089 0.679701 0.900308 0.930674 0.529791 0.445397 0.723407 0.774778 0.951748 0.867583 0.990499 0.889611 0.857378 0.870986 0.543903 0.625367 0.299428 0.464692 0.545418 0.459987 0.848042 0.970261 0.970050 0.815341 0.999535 0.763992 0.686989 0.836222 0.655015 0.769560 0.871521 0.921179 0.881407 0.778657 0.866024 0.935567 0.829296 0.935409 0.586683 0.795012 0.890672 0.936475 0.951293 0.963025 0.987951 0.821676 0.855426 0.975816 0.889302 0.746063 0.771819 0.865892
0.376143 0.316661 0.829637 0.955473 0.850198 0.577393 0.899774 0.904297 0.681934 0.848620 0.455898 0.456069 0.759510 0.713285 0.952716 0.815665 0.295058 0.000000 0.450688 0.413166 0.846950 0.798405 0.983471 0.964349 0.982058 0.622137 0.785090 0.896016 0.525422 0.453606 0.703347 0.948870 0.958428 0.842343 0.956086 0.976019 0.989424 0.590188 0.986387 0.725698 0.946251 0.937471 0.923977 0.773697 0.952975 0.842288 0.752615 0.753871 0.696435 0.494102 0.772835 0.608735 0.953486 0.873227 0.849283 0.780136 0.280905 0.264364 0.642262 0.548625 0.920092 0.829116 0.467471 0.397588 0.869456 0.684904 0.804089 0.799371 0.501747 0.423467 0.801273 0.726116 0.886301 0.906370 0.884086 0.918892 0.922810 0.994412 0.606759 0.675695 0.338685 0.403464 0.532629 0.380961 0.776490 0.921871 0.861454 0.758973 0.954033 0.712480 0.711388 0.916175 0.710782 0.869195 0.966679 0.955027 0.957148 0.833472 0.988168 0.988566 0.748726 0.981082 0.637508 0.900589 0.924677 0.903133 0.919061 0.911437 0.878666 0.852033 0.932880 0.943247 0.913266 0.728984 0.904530 0.914984
0.432140 0.375145 0.765156 0.633255 0.946903 0.731827 0.778571 0.667336 0.940516 0.963991 0.537970 0.444586 0.597259 0.592494 0.828716 0.684745 0.501110 0.450688 0.000000 0.384027 0.863537 0.721529 0.732066 0.751927 0.730335 0.979071 0.715344 0.854229 0.660894 0.665102 0.928326 0.820755 0.752960 0.718825 0.956588 0.971270 0.696792 0.597046 0.893900 0.784875 0.800705 0.998057 0.724683 0.633489 0.921466 0.750340 0.608261 0.592125 0.795742 0.526479 0.796299 0.575856 0.868533 0.864726 0.844821 0.878656 0.392155 0.416144 0.685062 0.584562 0.761618 0.800671 0.713605 0.547421 0.803153 0.890063 0.906960 0.905312 0.540271 0.603727 0.876231 0.951686 0.955753 0.868911 0.939584 0.991380 0.756987 0.880713 0.674562 0.625085 0.523785 0.544781 0.595014 0.542114 0.664394 0.735684 0.799504 0.870188 0.894006 0.756605 0.967501 0.916642 0.970747 0.960561 0.857215 0.932997 0.845841 0.876586 0.710104 0.692344 0.970196 0.851661 0.673591 0.996089 0.848434 0.969636 0.893403 0.819381 0.930512 0.617195 0.825625 0.928113 0.808240 0.691517 0.829719 0.974961
0.340302 0.342403 0.900222 0.723836 0.919526 0.848383 0.942795 0.801850 0.908177 0.910924 0.564655 0.321585 0.551481 0.527759 0.764642 0.618167 0.460299 0.413166 0.384027 0.000000 0.940802 0.687989 0.812688 0.749159 0.786810 0.935067 0.689477 0.947616 0.688283 0.578031 0.794742 0.987530 0.859495 0.793750 0.989800 0.901794 0.642018 0.470225 0.852306 0.583730 0.781569 0.938651 0.808933 0.738118 0.993109 0.819394 0.614569 0.606985 0.729483 0.479395 0.741976 0.525219 0.796905 0.877767 0.681893 0.733226 0.411274 0.343357 0.748152 0.575814 0.881344 0.833569 0.759838 0.525469 0.897177 0.971141 0.949022 0.955407 0.427554 0.414313 0.919567 0.996759 0.968298 0.851005 0.884394 0.988835 0.787457 0.941530 0.654522 0.674899 0.394485 0.379266 0.596300 0.403059 0.606316 0.706044 0.729201 0.777990 0.850860 0.627547 0.943966 0.878660 0.997478 0.964389 0.966309 0.935712 0.769080 0.883750 0.817976 0.794815 0.958361 0.864533 0.725891 0.939543 0.853348 0.998804 0.914492 0.905023 0.913821 0.686361 0.968524 0.959562 0.956745 0.787794 0.904598 0.944116
0.954171 0.935602 0.864530 0.944314 0.965920 0.870686 0.894291 0.987206 0.997989 0.850078 0.821521 0.931742 0.861830 0.923003 0.885506 0.941729 0.800282 0.846950 0.863537 0.940802 0.000000 0.940865 0.926722 0.861295 0.894700 0.870884 0.979586 0.991292 0.881848 0.826490 0.858663 0.888687 0.886921 0.946830 0.949514 0.858047 0.881198 0.818220 0.955958 0.935923 0.904741 0.961138 0.997751 0.919467 0.881642 0.950909 0.978114 0.839467 0.979907 0.948213 0.940341 0.968115 0.913135 0.943095 0.966519 0.922601 0.854667 0.905444 0.953347 0.887853 0.817670 0.911717 0.949308 0.892552 0.874610 0.823824 0.856106 0.869118 0.801947 0.916072 0.954181 0.952313 0.934960 0.950782 0.988229 0.883322 0.865727 0.920857 0.937690 0.940318 0.951715 0.949517 0.960584 0.897198 0.825721 0.779652 0.903610 0.948604 0.881339 0.840812 0.841261 0.974364 0.807257 0.921581 0.883538 0.905515 0.988248 0.872407 0.967601 0.927882 0.975789 0.782886 0.890541 0.954510 0.978637 0.963598 0.818752 0.889081 0.979365 0.866591 0.867731 0.910644 0.990812 0.918367 0.959506 0.938485
0.680139 0.741631 0.875334 0.732801 0.976664 0.888935 0.943782 0.946921 0.883812 0.751859 0.975765 0.687968 0.592010 0.632733 0.713689 0.662610 0.917700 0.798405 0.721529 0.687989 0.940865 0.000000 0.713407 0.648399 0.795017 0.954279 0.668456 0.999365 0.929494 0.959814 0.879434 0.962722 0.985958 0.870263 0.952790 0.799316 0.863113 0.771789 0.797039 0.625016 0.922737 0.948270 0.971783 0.961358 0.804681 0.925481 0.915547 0.904337 0.913954 0.872522 0.948641 0.805626 0.905794 0.912215 0.840922 0.808012 0.783822 0.745583 0.932518 0.910272 0.941399 0.958521 0.981957 0.932754 0.768870 0.876523 0.854872 0.881792 0.725246 0.767391 0.953598 0.999877 0.928809 0.767590 0.706814 0.981529 0.947481 0.782353 0.916951 0.769360 0.754589 0.677899 0.649623 0.614917 0.701566 0.674504 0.622291 0.699616 0.740315 0.704276 0.947364 0.925112 0.973265 0.884510 0.974046 0.897182 0.751079 0.996415 0.941309 0.956762 0.917211 0.996823 0.903305 0.833693 0.912005 0.942882 0.844396 0.895720 0.895982 0.882931 0.991067 0.933273 0.855845 0.868971 0.868638 0.965584
0.905550 0.801837 0.458407 0.327565 0.656876 0.831794 0.687835 0.654636 0.777590 0.811401 0.801947 0.848357 0.445109 0.530240 0.404571 0.387279 0.913761 0.983471 0.732066 0.812688 0.926722 0.713407 0.000000 0.326200 0.473426 0.624542 0.693226 0.849246 0.903926 0.885132 0.919835 0.842945 0.888250 0.955416 0.827347 0.954270 0.749686 0.889137 0.795322 0.928954 0.956964 0.882825 0.884464 0.924672 0.935845 0.975131 0.866016 0.902582 0.769154 0.962181 0.990941 0.838434 0.665781 0.807607 0.886700 0.941266 0.897113 0.846469 0.972860 0.901387 0.623402 0.633227 0.794972 0.979010 0.276197 0.455725 0.708174 0.842046 0.924783 0.964363 0.594323 0.752110 0.870290 0.964678 0.986477 0.766276 0.812236 0.961279 0.828387 0.929337 0.975346 0.895178 0.701480 0.868485 0.389059 0.355648 0.665903 0.758139 0.662177 0.631056 0.680720 0.764718 0.594958 0.710455 0.805535 0.996446 0.660804 0.974652 0.887752 0.738467 0.962886 0.944120 0.777579 0.671345 0.635671 0.655262 0.858524 0.799646 0.687665 0.798461 0.896919 0.811211 0.911582 0.986118 0.784045 0.941852
0.808194 0.807266 0.584809 0.420749 0.783763 0.786683 0.893544 0.806811 0.915792 0.588926 0.816898 0.823163 0.395845 0.418816 0.401632 0.335961 0.912512 0.964349 0.751927 0.749159 0.861295 0.648399 0.326200 0.000000 0.457994 0.670005 0.611343 0.778265 0.818871 0.858955 0.952679 0.933139 0.984737 0.812981 0.925578 0.954275 0.808893 0.933237 0.659170 0.889434 0.831851 0.898124 0.930298 0.939878 0.747622 0.806032 0.937874 0.987388 0.683269 0.943893 0.892008 0.876057 0.751327 0.922568 0.814396 0.946136 0.896855 0.825514 0.858029 0.949220 0.792969 0.760916 0.734561 0.879102 0.370218 0.521872 0.913333 0.984883 0.825493 0.925123 0.674452 0.905654 0.965595 0.926259 0.880921 0.882632 0.865584 0.922222 0.819207 0.839643 0.898415 0.713751 0.662626 0.739260 0.368676 0.325500 0.541368 0.664368 0.539215 0.537544 0.727625 0.723663 0.621802 0.714631 0.883526 0.971546 0.648589 0.963057 0.962191 0.901779 0.863224 0.953238 0.704447 0.697704 0.718441 0.814175 0.952277 0.879514 0.825066 0.936907 0.976124 0.974494 0.946359 0.967164 0.879362 0.900912
0.820737 0.748536 0.502135 0.474177 0.765523 0.796617 0.763863 0.744126 0.762393 0.768262 0.856176 0.802082 0.546641 0.549177 0.512168 0.509470 0.989451 0.982058 0.730335 0.786810 0.894700 0.795017 0.473426 0.457994 0.000000 0.533821 0.694932 0.848680 0.868381 0.869169 0.840943 0.806565 0.807653 0.984724 0.822884 0.999228 0.652846 0.768898 0.631526 0.851362 0.817829 0.922365 0.884957 0.957564 0.975974 0.959762 0.808584 0.906138 0.852793 0.940322 0.978827 0.868534 0.746383 0.906392 0.734490 0.822552 0.830588 0.844818 0.998264 0.862903 0.663031 0.677989 0.780514 0.929806 0.422992 0.529680 0.774754 0.812854 0.738571 0.890819 0.723529 0.692967 0.793559 0.784753 0.954943 0.848436 0.850967 0.935732 0.734927 0.833103 0.864769 0.733891 0.712135 0.816905 0.423746 0.396356 0.684254 0.664528 0.658456 0.616525 0.762403 0.878325 0.674358 0.861704 0.886885 0.865528 0.771624 0.946518 0.886325 0.882184 0.958847 0.925763 0.865487 0.876577 0.714851 0.793915 0.772428 0.847192 0.731166 0.840154 0.928761 0.941421 0.927687 0.901152 0.814084 0.962492
0.819343 0.863778 0.470611 0.568861 0.826474 0.623242 0.628476 0.618301 0.440099 0.918136 0.751288 0.936011 0.854266 0.773018 0.766198 0.731112 0.646064 0.622137 0.979071 0.935067 0.870884 0.954279 0.624542 0.670005 0.533821 0.000000 0.960223 0.905031 0.728903 0.740308 0.584495 0.724810 0.662744 0.861066 0.699373 0.938314 0.686485 0.963825 0.705254 0.875163 0.875024 0.926867 0.759333 0.877095 0.785390 0.889560 0.806490 0.891875 0.869361 0.902965 0.929823 0.977171 0.652521 0.749760 0.841413 0.975164 0.802104 0.751871 0.881859 0.911688 0.562673 0.509450 0.630052 0.735113 0.535437 0.421370 0.578678 0.579818 0.873186 0.847055 0.620886 0.590024 0.629823 0.800399 0.943258 0.839368 0.942363 0.892967 0.963990 0.913074 0.756639 0.838814 0.947789 0.795081 0.720623 0.625642 0.862154 0.873520 0.836617 0.879283 0.585681 0.848527 0.585580 0.875109 0.885950 0.901254 0.752235 0.996047 0.714110 0.766215 0.739178 0.959769 0.848380 0.999221 0.697176 0.718927 0.833663 0.849117 0.771350 0.888824 0.807007 0.999669 0.932485 0.990890 0.873105 0.898082
0.747436 0.738934 0.955636 0.805332 0.732562 0.901585 0.836468 0.941791 0.845608 0.730681 0.891474 0.762938 0.630067 0.725712 0.627081 0.694921 0.858482 0.785090 0.715344 0.689477 0.979586 0.668456 0.693226 0.611343 0.694932 0.960223 0.000000 0.926847 0.995057 0.993162 0.765426 0.934570 0.777349 0.822645 0.901154 0.873463 0.911088 0.758000 0.856979 0.886190 0.780805 0.897985 0.787076 0.878662 0.611183 0.735225 0.998501 0.954924 0.797082 0.978353 0.805501 0.936378 0.946138 0.857870 0.921045 0.868178 0.782811 0.714087 0.899000 0.920334 0.906853 0.907455 0.974599 0.969557 0.768528 0.969672 0.781682 0.786416 0.686424 0.802153 0.959336 0.894642 0.898874 0.914669 0.957466 0.982406 0.924245 0.814268 0.775052 0.909287 0.799941 0.659293 0.743652 0.746337 0.656999 0.726078 0.714328 0.549476 0.835871 0.660236 0.961974 0.890573 0.980932 0.834965 0.912601 0.907352 0.840473 0.949842 0.840696 0.991493 0.748464 0.983814 0.932001 0.803721 0.942270 0.870312 0.919761 0.996979 0.988474 0.897008 0.904667 0.980359 0.849908 0.878806 0.946939 0.972371
0.998056 0.928425 0.994273 0.931699 0.861423 0.758525 0.793682 0.954250 0.933367 0.891900 0.789733 0.869336 0.907156 0.804815 0.764058 0.758899 0.911413 0.896016 0.854229 0.947616 0.991292 0.999365 0.849246 0.778265 0.848680 0.905031 0.926847 0.000000 0.704147 0.765782 0.956823 0.904845 0.844109 0.817883 0.879169 0.918214 0.846492 0.949096 0.847788 0.995105 0.906963 0.998578 0.961329 0.917759 0.796057 0.848764 0.949661 0.896416 0.825228 0.898364 0.896773 0.920601 0.895541 0.955350 0.970842 0.950981 0.949587 0.924195 0.786334 0.795524 0.860413 0.981988 0.681313 0.777617 0.881835 0.913605 0.798111 0.845772 0.910547 0.883352 0.943399 0.997971 0.901724 0.899975 0.851977 0.953438 0.993892 0.919018 0.983857 0.898035 0.915981 0.971880 0.942355 0.924503 0.857458 0.827649 0.865431 0.875191 0.859635 0.794681 0.927228 0.964200 0.953517 0.969850 0.984702 0.945351 0.988911 0.822808 0.901101 0.863597 0.820842 0.762141 0.787989 0.773814 0.968765 0.948925 0.953453 0.997341 0.905778 0.806930 0.906272 0.999604 0.939276 0.860509 0.935524 0.987654
0.725533 0.609797 0.846378 0.911911 0.902653 0.675304 0.901783 0.936448 0.971607 0.722771 0.554521 0.630995 0.928793 0.989407 0.887141 0.973497 0.472009 0.525422 0.660894 0.688283 0.881848 0.929494 0.903926 0.818871 0.868381 0.728903 0.995057 0.704147 0.000000 0.382686 0.911387 0.753672 0.701985 0.618923 0.969516 0.881028 0.923076 0.699864 0.897109 0.810171 0.825310 0.879029 0.710937 0.640393 0.658352 0.557917 0.671346 0.643514 0.490437 0.499280 0.632497 0.651506 0.904940 0.958470 0.982966 0.856010 0.556128 0.566469 0.570796 0.558592 0.877016 0.985039 0.455740 0.416564 0.780518 0.747025 0.921081 0.934088 0.777152 0.803940 0.794428 0.784370 0.927737 0.810596 0.925868 0.942888 0.915611 0.789341 0.712333 0.825438 0.555405 0.805170 0.747059 0.726766 0.997961 0.891263 0.844173 0.983250 0.888258 0.990842 0.704983 0.678514 0.590575 0.654145 0.944234 0.877347 0.907682 0.850711 0.819369 0.826057 0.996386 0.980953 0.544025 0.698925 0.976681 0.974492 0.991326 0.956953 0.918875 0.842601 0.804888 0.876664 0.790837 0.682091 0.817451 0.952692
0.579232 0.533730 0.829108 0.935566 0.885882 0.760576 0.914098 0.903985 0.822278 0.807931 0.502987 0.473602 0.988476 0.924191 0.884425 0.937996 0.413966 0.453606 0.665102 0.578031 0.826490 0.959814 0.885132 0.858955 0.869169 0.740308 0.993162 0.765782 0.382686 0.000000 0.945072 0.814435 0.746483 0.571827 0.956630 0.915727 0.986325 0.674460 0.943604 0.741781 0.913559 0.902303 0.696181 0.600814 0.694442 0.558478 0.574692 0.562525 0.442688 0.388851 0.561732 0.535749 0.827691 0.987015 0.886057 0.744250 0.540102 0.508693 0.486793 0.455563 0.887351 0.951221 0.420237 0.317764 0.747045 0.748031 0.929985 0.879407 0.685194 0.628436 0.759720 0.757256 0.970660 0.808527 0.978583 0.955542 0.966861 0.722269 0.650247 0.669772 0.405329 0.661751 0.646531 0.611183 0.998490 0.925109 0.891455 0.897395 0.884827 0.999469 0.692829 0.703009 0.568977 0.615650 0.981356 0.978206 0.951856 0.796677 0.835641 0.856043 0.981263 0.929241 0.518715 0.658691 0.953271 0.877496 0.926301 0.945194 0.996234 0.803078 0.852174 0.883290 0.925326 0.679262 0.673463 0.899161
0.724600 0.826730 0.650278 0.769298 0.879049 0.862836 0.511850 0.584476 0.521704 0.582795 0.977460 0.934966 0.819876 0.830955 0.912994 0.979262 0.818411 0.703347 0.928326 0.794742 0.858663 0.879434 0.919835 0.952679 0.840943 0.584495 0.765426 0.956823 0.911387 0.945072 0.000000 0.468314 0.487700 0.561397 0.692620 0.829324 0.905209 0.992238 0.799985 0.931361 0.895246 0.954543 0.524270 0.631106 0.435251 0.498879 0.711137 0.687470 0.778100 0.863042 0.732618 0.903278 0.748567 0.755598 0.936988 0.957752 0.847680 0.725270 0.780601 0.883066 0.528084 0.560483 0.978109 0.952796 0.871989 0.691941 0.481150 0.411662 0.783795 0.725301 0.931347 0.835918 0.763953 0.766669 0.908611 0.768691 0.827910 0.547877 0.973413 0.945196 0.827081 0.665353 0.989429 0.735713 0.897029 0.983948 0.783568 0.887876 0.966675 0.818740 0.912029 0.787668 0.957912 0.758175 0.953403 0.822668 0.943822 0.784084 0.663475 0.708557 0.551195 0.997434 0.926762 0.818276 0.700991 0.709172 0.822781 0.746157 0.806722 0.942204 0.699310 0.820243 0.758044 0.851307 0.691410 0.895392
0.974944 0.934159 0.725871 0.705076 0.930249 0.984720 0.588372 0.590727 0.638667 0.678039 0.898316 0.901152 0.947354 0.937911 0.938530 0.870941 0.982419 0.948870 0.820755 0.987530 0.888687 0.962722 0.842945 0.933139 0.806565 0.724810 0.934570 0.904845 0.753672 0.814435 0.468314 0.000000 0.540245 0.616583 0.762407 0.877585 0.914070 0.860480 0.830770 0.958653 0.900504 0.984137 0.479602 0.503083 0.524947 0.487913 0.601032 0.645221 0.715737 0.689054 0.619234 0.692610 0.646124 0.628515 0.956691 0.940944 0.913629 0.963480 0.705633 0.775165 0.622882 0.666818 0.908480 0.816536 0.875517 0.766780 0.623582 0.561787 0.965888 0.897090 0.916879 0.922228 0.878170 0.854134 0.989988 0.917707 0.769007 0.658514 0.808743 0.823958 0.951734 0.881140 0.810506 0.992665 0.956997 0.893390 0.958065 0.937196 0.975869 0.885295 0.858955 0.856796 0.968456 0.946036 0.976652 0.835403 0.848572 0.942389 0.594115 0.724843 0.652670 0.823390 0.761986 0.883258 0.625273 0.747641 0.794647 0.695281 0.773642 0.829723 0.762662 0.868924 0.640874 0.852800 0.643125 0.950570
0.912483 0.858607 0.603146 0.730119 0.996414 0.907513 0.426024 0.477560 0.549017 0.653342 0.763596 0.777109 0.969870 0.907993 0.978075 0.899778 0.859282 0.958428 0.752960 0.859495 0.886921 0.985958 0.888250 0.984737 0.807653 0.662744 0.777349 0.844109 0.701985 0.746483 0.487700 0.540245 0.000000 0.423890 0.689625 0.761886 0.747245 0.802245 0.904027 0.913021 0.945776 0.804135 0.441905 0.491496 0.393134 0.428531 0.434036 0.589203 0.647769 0.617464 0.597155 0.679587 0.685565 0.736505 0.802374 0.914644 0.838987 0.915102 0.594005 0.687636 0.391652 0.513462 0.763691 0.680973 0.820414 0.674178 0.453126 0.421131 0.976860 0.953209 0.884073 0.833519 0.648087 0.696245 0.880757 0.831753 0.734784 0.649659 0.841111 0.804796 0.846543 0.979085 0.820405 0.963044 0.854744 0.815241 0.911796 0.995830 0.992976 0.998414 0.840083 0.913331 0.985299 0.830108 0.845897 0.917627 0.824602 0.741679 0.500819 0.599010 0.675888 0.884597 0.749065 0.650400 0.726407 0.839301 0.919454 0.858538 0.807207 0.864091 0.650728 0.796500 0.602169 0.686056 0.614867 0.922548
0.886385 0.783335 0.754727 0.846754 0.977881 0.983866 0.488912 0.478605 0.697139 0.547209 0.595427 0.681482 0.874984 0.929714 0.812075 0.970091 0.742493 0.842343 0.718825 0.793750 0.946830 0.870263 0.955416 0.812981 0.984724 0.861066 0.822645 0.817883 0.618923 0.571827 0.561397 0.616583 0.423890 0.000000 0.759960 0.823245 0.818450 0.763378 0.912896 0.996226 0.968835 0.892452 0.417405 0.446291 0.404086 0.365279 0.444319 0.440754 0.577602 0.527438 0.556283 0.656409 0.780497 0.805217 0.951877 0.991854 0.764274 0.844928 0.448695 0.533752 0.497856 0.569041 0.598562 0.507161 0.972958 0.818076 0.502599 0.426833 0.957207 0.864330 0.969867 0.940350 0.810686 0.721881 0.989924 0.919667 0.820099 0.583321 0.832047 0.819487 0.807287 0.968734 0.886827 0.974808 0.896809 0.957437 0.811533 0.865001 0.877544 0.807340 0.940556 0.771939 0.842166 0.655405 0.937886 0.948292 0.947497 0.747975 0.559525 0.608896 0.548298 0.985152 0.617298 0.550778 0.749144 0.755747 0.992569 0.747092 0.978952 0.715535 0.707819 0.857370 0.613969 0.691514 0.676763 0.946715
0.998760 0.993646 0.693569 0.751216 0.950085 0.908052 0.653190 0.744685 0.633285 0.793129 0.897349 0.944517 0.980595 0.994782 0.900657 0.888775 0.970979 0.956086 0.956588 0.989800 0.949514 0.952790 0.827347 0.925578 0.822884 0.699373 0.901154 0.879169 0.969516 0.956630 0.692620 0.762407 0.689625 0.759960 0.000000 0.953908 0.927594 0.899244 0.814147 0.944996 0.965130 0.902958 0.712814 0.795977 0.700763 0.733256 0.738117 0.784298 0.890707 0.862567 0.879468 0.941008 0.780331 0.808736 0.786186 0.845921 0.999864 0.929052 0.826596 0.881144 0.668537 0.665015 0.954340 0.888866 0.756550 0.771590 0.568487 0.592056 0.988699 0.938721 0.743539 0.782388 0.746213 0.732632 0.842793 0.970615 0.837031 0.712821 0.898695 0.946397 0.979047 0.990200 0.844500 0.933334 0.881999 0.843982 0.930419 0.987861 0.803962 0.876917 0.813581 0.962516 0.799142 0.907258 0.896362 0.886680 0.740362 0.620250 0.645088 0.718983 0.873946 0.958521 0.791920 0.844021 0.753074 0.745464 0.724622 0.764401 0.781446 0.870187 0.896352 0.865469 0.635903 0.929218 0.782837 0.940581
0.905268 0.968040 0.884511 0.883904 0.961869 0.969193 0.764374 0.867743 0.922491 0.990160 0.993092 0.939248 0.958942 0.992005 0.951185 0.983100 0.965871 0.976019 0.971270 0.901794 0.858047 0.799316 0.954270 0.954275 0.999228 0.938314 0.873463 0.918214 0.881028 0.915727 0.829324 0.877585 0.761886 0.823245 0.953908 0.000000 0.870522 0.820812 0.799964 0.839114 0.808506 0.950945 0.897680 0.863134 0.798942 0.842675 0.917818 0.944614 0.928276 0.910836 0.950702 0.966566 0.852423 0.924793 0.931303 0.816751 0.938650 0.947149 0.848291 0.952324 0.818478 0.911586 0.951574 0.957548 0.925544 0.885569 0.736021 0.783698 0.812334 0.865551 0.990269 0.888582 0.953182 0.835759 0.926402 0.864771 0.932342 0.694442 0.999527 0.957698 0.994150 0.954426 0.924830 0.871519 0.981943 0.982700 0.857816 0.915839 0.855840 0.943619 0.937085 0.926304 0.991230 0.969543 0.944632 0.927373 0.943976 0.980757 0.937696 0.828620 0.816419 0.964864 0.994054 0.862729 0.953203 0.991267 0.982109 0.938514 0.940213 0.989823 0.844595 0.948808 0.926832 0.971645 0.796909 0.850279
0.740064 0.812477 0.672351 0.617540 0.925421 0.823054 0.831366 0.621950 0.775983 0.838791 0.946887 0.648870 0.746877 0.737384 0.791190 0.748223 0.948441 0.989424 0.696792 0.642018 0.881198 0.863113 0.749686 0.808893 0.652846 0.686485 0.911088 0.846492 0.923076 0.986325 0.905209 0.914070 0.747245 0.818450 0.927594 0.870522 0.000000 0.620928 0.763143 0.839353 0.622934 0.822707 0.708525 0.789253 0.846195 0.837743 0.697866 0.721694 0.883905 0.842150 0.881401 0.832424 0.827745 0.730595 0.655022 0.853064 0.838373 0.836896 0.972939 0.966606 0.732745 0.606657 0.785775 0.927738 0.744548 0.704001 0.850369 0.804349 0.633975 0.746566 0.681863 0.570090 0.699066 0.764433 0.989739 0.932479 0.708232 0.961294 0.922494 0.878737 0.887089 0.809543 0.862736 0.810691 0.726907 0.740084 0.794531 0.928740 0.884449 0.804131 0.771582 0.866963 0.829411 0.910210 0.965321 0.981113 0.652627 0.957210 0.662780 0.697130 0.857058 0.958946 0.967340 0.946538 0.787806 0.906553 0.887942 0.798386 0.754719 0.765044 0.891040 0.881740 0.949330 0.982643 0.958667 0.985700
0.567968 0.547138 0.877697 0.837135 0.937811 0.868025 0.946221 0.834848 0.974873 0.830040 0.649995 0.495991 0.813448 0.740338 0.847474 0.762353 0.612195 0.590188 0.597046 0.470225 0.818220 0.771789 0.889137 0.933237 0.768898 0.963825 0.758000 0.949096 0.699864 0.674460 0.992238 0.860480 0.802245 0.763378 0.899244 0.820812 0.620928 0.000000 0.766136 0.646219 0.831480 0.780521 0.785001 0.767455 0.895382 0.806813 0.651227 0.659140 0.730563 0.605432 0.787124 0.720428 0.790205 0.934499 0.694010 0.670900 0.531366 0.568739 0.834913 0.768740 0.879709 0.815933 0.824054 0.631936 0.940271 0.992353 0.954170 0.987212 0.537048 0.609218 0.874360 0.849521 0.921728 0.834986 0.833777 0.963468 0.860882 0.926502 0.762820 0.860941 0.559582 0.613835 0.695135 0.553527 0.770887 0.847094 0.850336 0.801154 0.941578 0.757046 0.964231 0.929031 0.901987 0.927781 0.942333 0.844561 0.797646 0.864428 0.795372 0.802604 0.997793 0.926039 0.667426 0.934427 0.846800 0.931285 0.993862 0.960821 0.980557 0.672706 0.879293 0.786189 0.908732 0.780370 0.976510 0.967069
