0.000000 0.403288 0.883317 0.716999 0.981808 0.816041 0.881665 0.813026 0.601502 0.820094 0.474128 0.437587 0.574942 0.481227 0.771737 0.847549 0.476999 0.365471 0.491988 0.395645 0.737517 0.972994 0.760637 0.710975 0.878781 0.945888 0.910577 0.841570 0.695082 0.634271 0.956367 0.798039 0.565363 0.611343 0.985066 0.964494 0.916455 0.877482 0.796211 0.909456 0.868724 0.853250 0.824256 0.865032 0.957343 0.901559 0.816452 0.693844 0.863742 0.837380 0.980326 0.950279 0.843942 0.711407 0.731309 0.762292 0.332408 0.364157 0.638205 0.648125 0.777224 0.937342 0.502708 0.491747 0.976035 0.956099 0.745372 0.835643 0.385600 0.561247 0.886369 0.850203 0.830438 0.817152 0.786989 0.806590 0.891187 0.878222 0.711838 0.627169 0.430350 0.465515 0.487798 0.463885 0.529594 0.580517 0.887553 0.775032 0.835576 0.599254 0.760690 0.672608 0.820701 0.722010 0.916007 0.894145 0.948335 0.918255 0.952839 0.948482 0.959288 0.941324 0.882963 0.668048 0.914946 0.668285 0.877190 0.959325 0.959602 0.752253 0.943910 0.903713 0.932197 0.764944 0.934027 0.751514
0.403288 0.000000 0.785451 0.567057 0.909192 0.853065 0.784827 0.638011 0.835975 0.973923 0.689364 0.477698 0.686446 0.533801 0.781734 0.760955 0.575823 0.507151 0.542237 0.447539 0.840312 0.891837 0.764475 0.716156 0.870082 0.843918 0.879009 0.844935 0.762583 0.780132 0.868266 0.839507 0.619496 0.587146 0.964312 0.983788 0.779083 0.746951 0.687461 0.949926 0.897084 0.792183 0.936535 0.722548 0.972004 0.825781 0.781543 0.698537 0.793068 0.747974 0.881863 0.830597 0.984735 0.883668 0.815723 0.696985 0.317597 0.299637 0.731316 0.786946 0.821640 0.881027 0.663239 0.589011 0.866587 0.973290 0.812271 0.864681 0.494185 0.491599 0.914208 0.996765 0.833407 0.744784 0.805749 0.805844 0.723077 0.874668 0.681398 0.644879 0.487515 0.541036 0.597695 0.531513 0.629646 0.696442 0.974640 0.914884 0.805038 0.614709 0.934121 0.834059 0.972431 0.871410 0.814386 0.998385 0.950975 0.933089 0.987940 0.929724 0.906804 0.942955 0.935597 0.753565 0.959335 0.740555 0.944031 0.920277 0.989863 0.716398 0.857658 0.994203 0.953550 0.666879 0.962107 0.783587
0.883317 0.785451 0.000000 0.524903 0.990808 0.825859 0.787691 0.741080 0.679490 0.980458 0.981514 0.830725 0.613527 0.835294 0.563825 0.548811 0.887830 0.937085 0.861087 0.828596 0.768502 0.912888 0.616024 0.672186 0.541133 0.601702 0.767628 0.881021 0.992288 0.959196 0.657461 0.711820 0.927563 0.876928 0.704733 0.917588 0.633938 0.822721 0.801622 0.757364 0.898676 0.865151 0.816916 0.798805 0.917994 0.946290 0.895268 0.900124 0.890234 0.981454 0.971226 0.938452 0.948055 0.938863 0.895057 0.958648 0.863213 0.839584 0.983056 0.957251 0.790219 0.564551 0.851133 0.925670 0.491132 0.582462 0.993054 0.910461 0.833009 0.901878 0.723146 0.785831 0.855774 0.858782 0.970384 0.968149 0.619262 0.786437 0.942234 0.766010 0.933668 0.962490 0.910949 0.977335 0.873921 0.752995 0.876494 0.748099 0.746833 0.860072 0.941922 0.962464 0.922783 0.947171 0.751162 0.835186 0.759986 0.920802 0.945551 0.835451 0.702112 0.919907 0.930416 0.885393 0.972567 0.832012 0.849575 0.923131 0.837946 0.913380 0.980464 0.936129 0.910853 0.824629 0.610683 0.945929
0.716999 0.567057 0.524903 0.000000 0.970724 0.985696 0.800231 0.497289 0.932662 0.995666 0.934572 0.594227 0.713854 0.640264 0.735687 0.560856 0.942057 0.837594 0.735689 0.781388 0.674280 0.807426 0.677299 0.538121 0.531089 0.547385 0.729525 0.986493 0.938509 0.941126 0.753566 0.730996 0.819932 0.781821 0.801771 0.932593 0.604819 0.685461 0.650538 0.835486 0.955110 0.757398 0.991000 0.812669 0.757612 0.860378 0.985102 0.962821 0.796191 0.936082 0.883367 0.930714 0.845138 0.819443 0.962778 0.930020 0.612468 0.598800 0.977781 0.946021 0.889129 0.640979 0.981238 0.854717 0.607472 0.666726 0.992559 0.996620 0.694312 0.738270 0.857256 0.840149 0.960225 0.990210 0.980792 0.973708 0.719744 0.936381 0.835629 0.929115 0.967833 0.909272 0.819116 0.819535 0.919882 0.687949 0.979011 0.856666 0.771130 0.682319 0.861441 0.764450 0.956836 0.890750 0.831015 0.805439 0.976506 0.838875 0.923267 0.947386 0.776529 0.890059 0.864296 0.965576 0.844170 0.772130 0.876020 0.978940 0.968189 0.878455 0.930022 0.820668 0.915020 0.753949 0.725946 0.902070
0.981808 0.909192 0.990808 0.970724 0.000000 0.951305 0.795557 0.930610 0.974296 0.917079 0.863430 0.891770 0.817045 0.967981 0.876979 0.958287 0.958558 0.930510 0.882382 0.927847 0.903962 0.999960 0.822533 0.984301 0.937025 0.970969 0.945775 0.932510 0.916253 0.880340 0.743849 0.956459 0.904395 0.839407 0.920177 0.768831 0.975022 0.857068 0.987393 0.960602 0.912674 0.854672 0.956253 0.924200 0.960511 0.984197 0.941137 0.926417 0.979028 0.971444 0.999303 0.970595 0.917308 0.896275 0.841510 0.984614 0.816702 0.914237 0.816282 0.854858 0.764297 0.895300 0.865628 0.909335 0.967635 0.847361 0.793787 0.724042 0.991485 0.845554 0.827062 0.883072 0.819501 0.760821 0.979325 0.977527 0.970308 0.775121 0.967295 0.959015 0.952516 0.920552 0.995704 0.989580 0.919157 0.901088 0.953683 0.898848 0.851626 0.971996 0.967998 0.952732 0.937214 0.935927 0.958064 0.918798 0.964486 0.946931 0.892987 0.799399 0.871800 0.822588 0.833473 0.856602 0.739631 0.728534 0.983341 0.964873 0.857012 0.940286 0.901199 0.897150 0.992233 0.776597 0.818432 0.920571
0.816041 0.853065 0.825859 0.985696 0.951305 0.000000 0.952499 0.955890 0.734373 0.864832 0.927175 0.892929 0.971438 0.840437 0.912498 0.832723 0.814259 0.782309 0.796608 0.888880 0.916984 0.867182 0.944973 0.948871 0.934697 0.846589 0.868563 0.762680 0.932427 0.985658 0.849701 0.976519 0.864637 0.908400 0.966111 0.892758 0.872128 0.947369 0.959141 0.823260 0.745893 0.835692 0.863608 0.907109 0.900803 0.867924 0.809395 0.827241 0.844327 0.839422 0.889025 0.912127 0.979078 0.973010 0.956842 0.752266 0.746745 0.798750 0.834203 0.918409 0.999363 0.788325 0.792555 0.847845 0.945340 0.820844 0.841746 0.917702 0.863839 0.911447 0.788652 0.788317 0.717243 0.750399 0.937166 0.819567 0.893644 0.775888 0.897068 0.935725 0.789776 0.815710 0.844937 0.754949 0.774697 0.832310 0.744540 0.879460 0.948743 0.779471 0.968950 0.925714 0.996162 0.845972 0.987691 0.984582 0.870842 0.904485 0.971486 0.979745 0.989570 0.884444 0.939191 0.778294 0.941809 0.966672 0.936427 0.854536 0.865927 0.905331 0.945324 0.991464 0.946133 0.993302 0.947685 0.798171
0.881665 0.784827 0.787691 0.800231 0.795557 0.952499 0.000000 0.348248 0.777266 0.474335 0.851652 0.676572 0.633665 0.881822 0.796694 0.936765 0.746794 0.790210 0.658121 0.970028 0.848983 0.933815 0.771684 0.794987 0.721814 0.845553 0.813255 0.645501 0.732101 0.766736 0.584339 0.878659 0.583380 0.470949 0.878171 0.859003 0.939286 0.764643 0.819297 0.828730 0.897676 0.945520 0.482073 0.451096 0.561018 0.596966 0.655894 0.666146 0.637994 0.610355 0.550389 0.546844 0.607645 0.602037 0.864111 0.787604 0.825605 0.746713 0.460804 0.581463 0.337740 0.536021 0.575050 0.531880 0.867575 0.958821 0.420123 0.464006 0.998885 0.991021 0.564179 0.611943 0.860403 0.844658 0.904951 0.820855 0.542894 0.869679 0.619780 0.881592 0.856169 0.873627 0.994791 0.903251 0.950869 0.802908 0.996972 0.742476 0.937667 0.962901 0.629884 0.644986 0.682494 0.742080 0.751558 0.850770 0.625492 0.696720 0.436568 0.464797 0.699748 0.667046 0.659629 0.629922 0.678456 0.714873 0.730305 0.638026 0.750147 0.839729 0.635827 0.598482 0.520277 0.788090 0.603435 0.989913
0.813026 0.638011 0.741080 0.497289 0.930610 0.955890 0.348248 0.000000 0.836928 0.551043 0.895759 0.552839 0.655534 0.730054 0.807885 0.724976 0.764922 0.770273 0.669100 0.903932 0.987359 0.821708 0.768676 0.970211 0.947428 0.959102 0.988590 0.766082 0.865969 0.830636 0.612835 0.857819 0.649628 0.504823 0.885851 0.899779 0.901073 0.998078 0.932506 0.897533 0.884939 0.850669 0.599717 0.493708 0.785372 0.778381 0.795489 0.800528 0.838803 0.766299 0.715768 0.720791 0.752776 0.757584 0.971808 0.837386 0.687397 0.639691 0.592292 0.705297 0.459292 0.458912 0.671238 0.561650 0.980745 0.873837 0.577938 0.627980 0.948034 0.844864 0.609906 0.641691 0.928554 0.922617 0.917936 0.876325 0.570002 0.885432 0.611855 0.918252 0.915356 0.908554 0.944700 0.963813 0.913819 0.952112 0.925369 0.697107 0.813511 0.929720 0.783895 0.877373 0.763018 0.878428 0.794221 0.913683 0.736605 0.706575 0.648212 0.584453 0.846821 0.856125 0.847451 0.716184 0.691266 0.771991 0.714232 0.691123 0.836671 0.804822 0.695084 0.815127 0.614656 0.727443 0.642901 0.925811
0.601502 0.835975 0.679490 0.932662 0.974296 0.734373 0.777266 0.836928 0.000000 0.643547 0.736694 0.838173 0.989776 0.714718 0.752021 0.850720 0.683575 0.625149 0.864731 0.740996 0.989868 0.822257 0.860949 0.816959 0.971887 0.887396 0.939456 0.951201 0.926681 0.821263 0.660797 0.935792 0.956864 0.941750 0.819368 0.866073 0.915905 0.921131 0.880819 0.935258 0.923407 0.970599 0.555437 0.742895 0.873869 0.974887 0.950317 0.906047 0.987288 0.986556 0.886188 0.903587 0.813475 0.781413 0.790373 0.818454 0.699341 0.742705 0.846235 0.876748 0.883995 0.643313 0.728599 0.764585 0.820269 0.854350 0.925710 0.974511 0.708146 0.585434 0.534872 0.586555 0.744689 0.779483 0.905861 0.773060 0.707777 0.649791 0.916309 0.893021 0.645646 0.650049 0.642020 0.607268 0.740887 0.675063 0.667503 0.631969 0.925953 0.704599 0.669795 0.682670 0.800028 0.744992 0.966926 0.802039 0.829331 0.943796 0.744614 0.659102 0.994626 0.837105 0.996152 0.802030 0.921498 0.960539 0.707720 0.820690 0.865376 0.931046 0.939632 0.888151 0.767412 0.868829 0.737617 0.739162
0.820094 0.973923 0.980458 0.995666 0.917079 0.864832 0.474335 0.551043 0.643547 0.000000 0.971777 0.949411 0.963967 0.835038 0.925545 0.985388 0.936320 0.930487 0.949759 0.770301 0.827147 0.918915 0.981713 0.637991 0.641949 0.803655 0.691393 0.758767 0.855636 0.944344 0.578207 0.835944 0.736221 0.698104 0.960417 0.968768 0.862249 0.695807 0.787107 0.799475 0.946990 0.918582 0.469853 0.539104 0.579901 0.605509 0.706872 0.859172 0.645327 0.713120 0.566989 0.587542 0.551911 0.584034 0.894543 0.989760 0.956795 0.999751 0.667009 0.825205 0.568094 0.634660 0.801170 0.743309 0.742199 0.769896 0.674499 0.705793 0.766066 0.818085 0.571254 0.602368 0.878599 0.823831 0.982473 0.797375 0.609874 0.831119 0.749730 0.933729 0.900867 0.543255 0.712253 0.594094 0.611362 0.502450 0.774802 0.490288 0.827825 0.675997 0.703065 0.665665 0.794685 0.799594 0.992592 0.976842 0.718250 0.804746 0.515236 0.619721 0.768199 0.741935 0.711865 0.779197 0.817287 0.934358 0.810014 0.706866 0.773928 0.914452 0.747378 0.719577 0.574135 0.912775 0.816557 0.914341
0.474128 0.689364 0.981514 0.934572 0.863430 0.927175 0.851652 0.895759 0.736694 0.971777 0.000000 0.559516 0.655557 0.611858 0.826371 0.947456 0.441214 0.406318 0.653625 0.494671 0.870256 0.952386 0.922531 0.981653 0.968960 0.907221 0.989142 0.879363 0.576384 0.459245 0.833209 0.816442 0.630392 0.650503 0.795943 0.986551 0.967596 0.980527 0.936010 0.998625 0.835654 0.817181 0.766000 0.942180 0.844620 0.896025 0.955825 0.921093 0.972190 0.937326 0.823376 0.873120 0.760299 0.703568 0.853043 0.963325 0.612040 0.608175 0.768160 0.757294 0.772734 0.967887 0.485710 0.474111 0.780343 0.886131 0.894943 0.933111 0.433476 0.662429 0.955315 0.907262 0.852650 0.832011 0.850554 0.856866 0.931564 0.827544 0.719243 0.817299 0.563438 0.706375 0.637662 0.642512 0.827241 0.875655 0.951359 0.896573 0.984960 0.930053 0.730407 0.675495 0.704514 0.769653 0.989343 0.790165 0.957457 0.932503 0.861151 0.854397 0.952931 0.975579 0.936768 0.666048 0.869361 0.598402 0.925643 0.991896 0.961481 0.864488 0.990884 0.908520 0.964873 0.982753 0.965261 0.746219
0.437587 0.477698 0.830725 0.594227 0.891770 0.892929 0.676572 0.552839 0.838173 0.949411 0.559516 0.000000 0.459608 0.399806 0.655652 0.634543 0.485110 0.387572 0.427720 0.467483 0.794525 0.945158 0.610546 0.763963 0.917428 0.983616 0.907495 0.760814 0.650808 0.573736 0.715626 0.649033 0.522087 0.530418 0.917858 0.994197 0.820608 0.856886 0.904378 0.980846 0.855320 0.870495 0.954707 0.729469 0.968666 0.941753 0.799265 0.762108 0.940005 0.956523 0.974120 0.968935 0.918147 0.852991 0.847759 0.808540 0.446409 0.430735 0.659638 0.761658 0.620525 0.768064 0.469274 0.411313 0.955598 0.985123 0.724005 0.794470 0.511442 0.675056 0.850303 0.809204 0.956411 0.992171 0.837257 0.968602 0.768528 0.948198 0.572305 0.749724 0.538824 0.630131 0.586042 0.594042 0.714767 0.755866 0.969245 0.984145 0.812748 0.714210 0.896569 0.752371 0.898239 0.829475 0.887670 0.893632 0.970421 0.878659 0.935543 0.895456 0.951751 0.979267 0.899898 0.617664 0.709067 0.606005 0.955480 0.874760 0.926519 0.727401 0.897833 0.954963 0.905213 0.785212 0.782290 0.776945
0.574942 0.686446 0.613527 0.713854 0.817045 0.971438 0.633665 0.655534 0.989776 0.963967 0.655557 0.459608 0.000000 0.502842 0.486653 0.578542 0.715422 0.603911 0.487225 0.600615 0.819519 0.937038 0.467914 0.730242 0.814413 0.900400 0.911749 0.680113 0.713114 0.666769 0.618285 0.632056 0.565564 0.585048 0.819684 0.984997 0.913279 0.991083 0.951022 0.975843 0.924627 0.997573 0.802695 0.673007 0.868542 0.813705 0.684056 0.652834 0.863241 0.827294 0.861685 0.795009 0.967704 0.983855 0.803476 0.838280 0.659775 0.646139 0.653440 0.672738 0.492770 0.656362 0.607723 0.605245 0.809317 0.808232 0.651842 0.620884 0.678800 0.817215 0.800343 0.816172 0.894027 0.905086 0.949157 0.966485 0.752266 0.831326 0.761173 0.652398 0.720298 0.734350 0.744345 0.684260 0.628939 0.653540 0.878990 0.976587 0.702405 0.725689 0.937987 0.917684 0.908827 0.887170 0.834967 0.868702 0.761458 0.861785 0.812486 0.762317 0.994012 0.786765 0.787723 0.665926 0.778018 0.643233 0.928609 0.990379 0.831624 0.800081 0.784734 0.993176 0.836226 0.734939 0.615730 0.966251
0.481227 0.533801 0.835294 0.640264 0.967981 0.840437 0.881822 0.730054 0.714718 0.835038 0.611858 0.399806 0.502842 0.000000 0.670950 0.584774 0.565393 0.423915 0.479039 0.452881 0.779096 0.956008 0.651526 0.615864 0.800409 0.884020 0.924109 0.793848 0.741561 0.572340 0.887415 0.695790 0.581142 0.681357 0.971504 0.877881 0.711231 0.744235 0.778404 0.885855 0.930808 0.896011 0.931175 0.874776 0.904573 0.972966 0.944624 0.856019 0.954844 0.983224 0.959140 0.951214 0.864899 0.864025 0.887349 0.802654 0.494951 0.495704 0.854021 0.942562 0.788893 0.783565 0.622481 0.573117 0.955199 0.864681 0.867193 0.910053 0.592677 0.627146 0.948257 0.928569 0.957338 0.947440 0.894287 0.801211 0.921257 0.970535 0.766716 0.726566 0.544877 0.545656 0.486300 0.457287 0.657753 0.569053 0.831575 0.845178 0.639206 0.632025 0.822943 0.695388 0.823157 0.783891 0.898649 0.912205 0.969550 0.912347 0.904047 0.972413 0.904387 0.971282 0.953398 0.664518 0.887041 0.772325 0.890010 0.988480 0.989657 0.842915 0.935838 0.943675 0.908268 0.767875 0.912943 0.804526
0.771737 0.781734 0.563825 0.735687 0.876979 0.912498 0.796694 0.807885 0.752021 0.925545 0.826371 0.655652 0.486653 0.670950 0.000000 0.449789 0.832503 0.787131 0.589193 0.718677 0.789040 0.932360 0.473058 0.738643 0.790753 0.948611 0.950884 0.806111 0.629786 0.618740 0.508620 0.566324 0.604855 0.682573 0.828568 0.920882 0.748011 0.968993 0.960897 0.880057 0.998621 0.939526 0.768293 0.706041 0.955049 0.925960 0.718278 0.699800 0.976232 0.987167 0.954215 0.855784 0.957235 0.947848 0.947409 0.985750 0.787814 0.806746 0.827988 0.852934 0.637906 0.707994 0.781214 0.761356 0.769779 0.778692 0.851171 0.785132 0.784036 0.978266 0.679915 0.756708 0.762891 0.880716 0.925297 0.967531 0.765919 0.687724 0.821375 0.735986 0.800053 0.856323 0.794566 0.861789 0.747736 0.775434 0.946093 0.885077 0.873921 0.961171 0.858561 0.828230 0.710276 0.778838 0.918980 0.920004 0.964942 0.986441 0.923884 0.841641 0.787706 0.880797 0.954994 0.834396 0.931006 0.614633 0.952183 0.992977 0.770314 0.843744 0.935751 0.910401 0.995196 0.799215 0.578478 0.986541
0.847549 0.760955 0.548811 0.560856 0.958287 0.832723 0.936765 0.724976 0.850720 0.985388 0.947456 0.634543 0.578542 0.584774 0.449789 0.000000 0.925255 0.872239 0.726128 0.731389 0.743754 0.971762 0.498697 0.580755 0.600035 0.757666 0.862076 0.916607 0.830716 0.740417 0.587179 0.583129 0.794509 0.796132 0.872105 0.977885 0.604000 0.732949 0.688798 0.836783 0.841227 0.904206 0.873035 0.841648 0.832063 0.882754 0.933730 0.957921 0.775637 0.798306 0.881214 0.950102 0.876109 0.879855 0.947853 0.864173 0.831599 0.859509 0.976845 0.897986 0.793753 0.593417 0.990802 0.912087 0.641242 0.592195 0.967624 0.923125 0.854163 0.849236 0.678557 0.779582 0.695242 0.891467 0.955008 0.922495 0.843653 0.771402 0.908639 0.800489 0.967880 0.910946 0.745181 0.859325 0.893355 0.694674 0.934887 0.826736 0.775577 0.864089 0.733470 0.665297 0.678012 0.695233 0.950349 0.925012 0.929805 0.987320 0.873948 0.960324 0.687163 0.967796 0.792652 0.997410 0.955635 0.810245 0.976328 0.930590 0.874417 0.889889 0.951078 0.765039 0.936836 0.880890 0.684388 0.982229
0.476999 0.575823 0.887830 0.942057 0.958558 0.814259 0.746794 0.764922 0.683575 0.936320 0.441214 0.485110 0.715422 0.565393 0.832503 0.925255 0.000000 0.292096 0.544722 0.480006 0.939416 0.941456 0.937287 0.920230 0.768012 0.686746 0.909148 0.812969 0.431749 0.382254 0.857912 0.833619 0.489294 0.506124 0.772175 0.915756 0.973235 0.998867 0.987455 0.979302 0.800635 0.798928 0.931774 0.783230 0.906992 0.824102 0.778107 0.714725 0.786306 0.808377 0.876799 0.842249 0.987949 0.954324 0.883136 0.757969 0.455156 0.452988 0.600503 0.769993 0.680501 0.933282 0.332504 0.316571 0.634339 0.681184 0.678697 0.806492 0.517365 0.629338 0.969599 0.949809 0.938651 0.996764 0.751909 0.881728 0.882104 0.995070 0.553170 0.788705 0.410944 0.701730 0.587966 0.679003 0.810185 0.923688 0.988886 0.912225 0.957348 0.902386 0.853146 0.744475 0.793790 0.761376 0.922009 0.723853 0.955324 0.860098 0.937130 0.980664 0.906962 0.957265 0.806337 0.502869 0.839253 0.681178 0.954989 0.861887 0.897717 0.796214 0.960477 0.904739 0.925863 0.926210 0.986672 0.746144
0.365471 0.507151 0.937085 0.837594 0.930510 0.782309 0.790210 0.770273 0.625149 0.930487 0.406318 0.387572 0.603911 0.423915 0.787131 0.872239 0.292096 0.000000 0.433607 0.401740 0.923676 0.932841 0.833073 0.899518 0.901169 0.829931 0.959214 0.847029 0.496120 0.417697 0.908607 0.798883 0.473722 0.490858 0.827545 0.935709 0.953893 0.931902 0.925668 0.953696 0.826752 0.796686 0.863361 0.865079 0.998258 0.914657 0.851102 0.758108 0.869277 0.905498 0.990669 0.966580 0.897859 0.835827 0.855941 0.732020 0.398403 0.402259 0.604223 0.739566 0.693202 0.978439 0.346687 0.335794 0.776771 0.839932 0.711693 0.793867 0.426798 0.560962 0.977963 0.920982 0.967357 0.980145 0.770837 0.853525 0.984065 0.985042 0.537174 0.734744 0.348313 0.523120 0.515185 0.487279 0.671659 0.755483 0.863685 0.798315 0.932540 0.758389 0.811184 0.678451 0.781172 0.734158 0.878368 0.810780 0.916858 0.822689 0.995338 0.967136 0.975369 0.955913 0.887427 0.526433 0.815607 0.622812 0.891036 0.911068 0.981268 0.828830 0.998777 0.947504 0.992477 0.851023 0.968587 0.730523
0.491988 0.542237 0.861087 0.735689 0.882382 0.796608 0.658121 0.669100 0.864731 0.949759 0.653625 0.427720 0.487225 0.479039 0.589193 0.726128 0.544722 0.433607 0.000000 0.487640 0.876909 0.985591 0.478991 0.760805 0.985330 0.885495 0.987472 0.710245 0.599619 0.584550 0.668903 0.616828 0.420948 0.501082 0.991685 0.904593 0.870985 0.934929 0.942171 0.940039 0.997789 0.952920 0.784256 0.626026 0.795059 0.695071 0.562859 0.516780 0.725695 0.744783 0.801899 0.742671 0.966390 0.975092 0.862222 0.706997 0.502779 0.504472 0.519145 0.597728 0.555974 0.835442 0.456061 0.451149 0.988538 0.995735 0.577805 0.556692 0.622039 0.760983 0.877601 0.905620 0.936561 0.904976 0.794582 0.889387 0.863335 0.977704 0.623175 0.769997 0.531154 0.642782 0.591990 0.557756 0.550055 0.675997 0.817351 0.862638 0.839103 0.684058 0.953575 0.837669 0.874992 0.802920 0.791877 0.831361 0.940465 0.837759 0.815303 0.771018 0.997573 0.966005 0.836193 0.552041 0.786196 0.584542 0.941305 0.973358 0.870040 0.766671 0.851821 0.881076 0.843402 0.736387 0.784197 0.864115
0.395645 0.447539 0.828596 0.781388 0.927847 0.888880 0.970028 0.903932 0.740996 0.770301 0.494671 0.467483 0.600615 0.452881 0.718677 0.731389 0.480006 0.401740 0.487640 0.000000 0.808361 0.943347 0.708446 0.673201 0.837278 0.935408 0.784375 0.851819 0.618492 0.573418 0.869807 0.771881 0.635861 0.685725 0.930861 0.988515 0.799726 0.769051 0.773235 0.879757 0.848394 0.791241 0.842884 0.958015 0.859527 0.968479 0.859441 0.789625 0.998426 0.975082 0.879124 0.925252 0.761573 0.646332 0.823686 0.829544 0.431939 0.439398 0.817377 0.811576 0.881137 0.981305 0.614732 0.589050 0.932264 0.979350 0.902614 0.899611 0.429265 0.536723 0.929710 0.884021 0.935825 0.920288 0.739647 0.734032 0.899512 0.932086 0.785434 0.720209 0.480152 0.460272 0.534559 0.424796 0.556467 0.593746 0.983622 0.788986 0.861657 0.648954 0.741821 0.626696 0.713320 0.677319 0.861892 0.849409 0.922633 0.974862 0.824193 0.871101 0.825708 0.864276 0.973912 0.769215 0.966419 0.707818 0.846964 0.925177 0.914597 0.795082 0.988447 0.863279 0.889123 0.863728 0.984401 0.761038
0.737517 0.840312 0.768502 0.674280 0.903962 0.916984 0.848983 0.987359 0.989868 0.827147 0.870256 0.794525 0.819519 0.779096 0.789040 0.743754 0.939416 0.923676 0.876909 0.808361 0.000000 0.946772 0.769003 0.706909 0.636735 0.773914 0.904668 0.924694 0.984864 0.975501 0.940548 0.739067 0.926152 0.991501 0.978640 0.828943 0.793057 0.768613 0.780133 0.816125 0.875249 0.851077 0.842101 0.978179 0.791075 0.851719 0.976902 0.957637 0.833756 0.884137 0.826144 0.860605 0.816223 0.732177 0.982354 0.874781 0.758159 0.798890 0.886315 0.988267 0.920511 0.994204 0.990239 0.975594 0.761314 0.857446 0.890296 0.805062 0.721551 0.929029 0.887519 0.959434 0.877164 0.915895 0.946131 0.895901 0.906240 0.843729 0.924325 0.940428 0.943198 0.842046 0.767706 0.862561 0.826284 0.720029 0.905070 0.962922 0.879259 0.817202 0.811011 0.702276 0.834566 0.831465 0.938975 0.917898 0.953952 0.895333 0.858412 0.909781 0.759056 0.848397 0.913707 0.988002 0.958877 0.923553 0.941224 0.833985 0.938077 0.905279 0.874649 0.657481 0.795612 0.838363 0.784476 0.871090
0.972994 0.891837 0.912888 0.807426 0.999960 0.867182 0.933815 0.821708 0.822257 0.918915 0.952386 0.945158 0.937038 0.956008 0.932360 0.971762 0.941456 0.932841 0.985591 0.943347 0.946772 0.000000 0.931621 0.987587 0.953137 0.973254 0.986062 0.964664 0.864376 0.958891 0.921608 0.995619 0.948093 0.974785 0.827279 0.843130 0.874944 0.968257 0.854009 0.854793 0.842556 0.937873 0.900652 0.832088 0.932167 0.945329 0.953868 0.964785 0.926294 0.888307 0.890638 0.910716 0.917045 0.850590 0.909878 0.912001 0.940986 0.915243 0.986138 0.991850 0.976438 0.904292 0.993345 0.984341 0.977818 0.978546 0.967584 0.985562 0.921244 0.928577 0.994194 0.942229 0.890238 0.915630 0.961991 0.985418 0.894175 0.901368 0.939165 0.999564 0.940572 0.960115 0.924892 0.990820 0.992653 0.990579 0.894327 0.945208 0.963376 0.962938 0.900063 0.942180 0.875653 0.962922 0.996999 0.938794 0.869899 0.915974 0.980946 0.814287 0.984173 0.876608 0.956349 0.941725 0.984383 0.952243 0.867519 0.828066 0.938567 0.984703 0.984720 0.844937 0.922524 0.829998 0.929609 0.966362
0.760637 0.764475 0.616024 0.677299 0.822533 0.944973 0.771684 0.768676 0.860949 0.981713 0.922531 0.610546 0.467914 0.651526 0.473058 0.498697 0.937287 0.833073 0.478991 0.708446 0.769003 0.931621 0.000000 0.581253 0.676351 0.868944 0.898652 0.719165 0.807716 0.819106 0.505677 0.454553 0.637599 0.762092 0.872672 0.971022 0.832318 0.986989 0.916750 0.965174 0.913812 0.956726 0.748688 0.706391 0.935865 0.851726 0.602148 0.644143 0.956137 0.951081 0.950424 0.859345 0.934997 0.935640 0.955880 0.918763 0.816279 0.827703 0.761474 0.775775 0.655831 0.701776 0.839304 0.815144 0.644073 0.725103 0.723523 0.648540 0.831630 0.949922 0.753267 0.790805 0.841580 0.963235 0.951769 0.911353 0.791174 0.903609 0.914017 0.836673 0.903983 0.822272 0.698487 0.747519 0.577606 0.606147 0.935546 0.942451 0.805118 0.641207 0.894515 0.855489 0.840531 0.876954 0.806628 0.903591 0.960271 0.921054 0.875329 0.757499 0.914649 0.891796 0.960476 0.854176 0.904982 0.691137 0.904013 0.946731 0.869991 0.902138 0.832610 0.938516 0.877999 0.871554 0.569038 0.987176
0.710975 0.716156 0.672186 0.538121 0.984301 0.948871 0.794987 0.970211 0.816959 0.637991 0.981653 0.763963 0.730242 0.615864 0.738643 0.580755 0.920230 0.899518 0.760805 0.673201 0.706909 0.987587 0.581253 0.000000 0.403069 0.554059 0.651929 0.979623 0.893744 0.964550 0.974531 0.731017 0.991341 0.960578 0.793538 0.975352 0.715506 0.651902 0.596422 0.745577 0.937291 0.918814 0.833235 0.940129 0.696986 0.810923 0.979892 0.943266 0.749101 0.846437 0.744330 0.800993 0.705409 0.660276 0.972404 0.924492 0.753987 0.794157 0.896490 0.986192 0.865559 0.868691 0.861504 0.892550 0.496265 0.556299 0.914611 0.977699 0.746257 0.746406 0.917205 0.901167 0.862864 0.891512 0.980391 0.839418 0.994944 0.912165 0.898897 0.884994 0.978322 0.689223 0.686488 0.645658 0.611113 0.366718 0.868125 0.776779 0.673033 0.465937 0.702152 0.644172 0.786251 0.763924 0.875921 0.842782 0.884847 0.994948 0.733618 0.864810 0.663977 0.835797 0.798836 0.902303 0.948609 0.901475 0.784935 0.712168 0.930931 0.884067 0.979308 0.667233 0.769723 0.913503 0.903559 0.900266
0.878781 0.870082 0.541133 0.531089 0.937025 0.934697 0.721814 0.947428 0.971887 0.641949 0.968960 0.917428 0.814413 0.800409 0.790753 0.600035 0.768012 0.901169 0.985330 0.837278 0.636735 0.953137 0.676351 0.403069 0.000000 0.407955 0.586930 0.830040 0.774969 0.870324 0.888645 0.747940 0.842131 0.833930 0.830751 0.872675 0.668959 0.631600 0.582853 0.701496 0.908695 0.882033 0.754905 0.827001 0.538453 0.636575 0.860707 0.916187 0.542450 0.680093 0.589844 0.661192 0.624310 0.582758 0.974621 0.853366 0.917738 0.961118 0.701301 0.905523 0.776861 0.864199 0.667659 0.730512 0.387216 0.497091 0.733533 0.821700 0.769670 0.908492 0.978625 0.908580 0.998176 0.962007 0.934326 0.885031 0.943270 0.918061 0.695364 0.984440 0.800408 0.895129 0.824261 0.835297 0.803386 0.473669 0.990656 0.966017 0.698346 0.664118 0.617805 0.620943 0.697877 0.777732 0.938043 0.790285 0.918474 0.860258 0.637120 0.779960 0.589538 0.797817 0.753246 0.760009 0.887737 0.906184 0.930889 0.680657 0.979948 0.994797 0.951238 0.546399 0.798271 0.998606 0.818547 0.987295
0.945888 0.843918 0.601702 0.547385 0.970969 0.846589 0.845553 0.959102 0.887396 0.803655 0.907221 0.983616 0.900400 0.884020 0.948611 0.757666 0.686746 0.829931 0.885495 0.935408 0.773914 0.973254 0.868944 0.554059 0.407955 0.000000 0.687583 0.837283 0.713669 0.745286 0.989382 0.964674 0.762076 0.795357 0.800399 0.850708 0.708878 0.620244 0.610602 0.925634 0.990872 0.808821 0.872685 0.829811 0.628808 0.669432 0.750009 0.775851 0.642401 0.782091 0.689004 0.709892 0.777796 0.734178 0.929929 0.903318 0.992031 0.947044 0.643913 0.831077 0.767626 0.800751 0.619648 0.691169 0.488342 0.597793 0.696952 0.752279 0.846660 0.904631 0.948172 0.961092 0.969382 0.957942 0.961194 0.981054 0.878164 0.992043 0.733178 0.954983 0.797568 0.934803 0.987428 0.910068 0.931835 0.683681 0.990424 0.990558 0.698444 0.717282 0.865712 0.894191 0.970671 0.957307 0.906796 0.810152 0.949421 0.892981 0.805177 0.819662 0.740104 0.986083 0.824684 0.759522 0.990143 0.980344 0.983702 0.884152 0.988021 0.987530 0.930981 0.721245 0.932971 0.822773 0.949973 0.970695
0.910577 0.879009 0.767628 0.729525 0.945775 0.868563 0.813255 0.988590 0.939456 0.691393 0.989142 0.907495 0.911749 0.924109 0.950884 0.862076 0.909148 0.959214 0.987472 0.784375 0.904668 0.986062 0.898652 0.651929 0.586930 0.687583 0.000000 0.734656 0.847100 0.890351 0.949111 0.976053 0.852084 0.882762 0.995673 0.970140 0.751346 0.741241 0.813872 0.849007 0.941221 0.960769 0.808383 0.932168 0.725294 0.791792 0.943782 0.987932 0.803312 0.898912 0.754909 0.825100 0.754001 0.725276 0.962295 0.959366 0.902322 0.886165 0.840472 0.995173 0.820149 0.993982 0.817363 0.884265 0.705551 0.764501 0.843825 0.850045 0.886607 0.822097 0.884109 0.947168 0.921329 0.935016 0.932843 0.875193 0.979438 0.998156 0.811874 0.945141 0.840969 0.886543 0.889997 0.771928 0.875563 0.655436 0.934970 0.891421 0.841158 0.668116 0.820725 0.865587 0.881977 0.968431 0.818227 0.918033 0.979407 0.970934 0.786656 0.888462 0.813205 0.850441 0.969272 0.803323 0.963929 0.976126 0.869213 0.815896 0.926608 0.856479 0.876413 0.723978 0.956179 0.941893 0.996784 0.917269
0.841570 0.844935 0.881021 0.986493 0.932510 0.762680 0.645501 0.766082 0.951201 0.758767 0.879363 0.760814 0.680113 0.793848 0.806111 0.916607 0.812969 0.847029 0.710245 0.851819 0.924694 0.964664 0.719165 0.979623 0.830040 0.837283 0.734656 0.000000 0.847278 0.858809 0.825060 0.818827 0.685168 0.740137 0.878396 0.914788 0.948413 0.771911 0.917949 0.798986 0.937329 0.853547 0.719536 0.703720 0.668392 0.636148 0.613999 0.678377 0.645653 0.624634 0.665205 0.635650 0.788117 0.803206 0.783949 0.766600 0.831568 0.846174 0.626594 0.700183 0.594529 0.810330 0.689906 0.753252 0.986205 0.932436 0.618487 0.659931 0.952633 0.931070 0.909511 0.911826 0.989795 0.882723 0.965361 0.910345 0.727637 0.960497 0.891743 0.740329 0.818949 0.957239 0.886404 0.898674 0.812433 0.997957 0.909234 0.901926 0.994597 0.987568 0.856946 0.889683 0.872392 0.966662 0.993423 0.954310 0.799605 0.916949 0.704352 0.752259 0.936185 0.875975 0.930520 0.754780 0.872759 0.957306 0.998627 0.962535 0.900823 0.911628 0.928398 0.829526 0.748312 0.940882 0.867124 0.866866
0.695082 0.762583 0.992288 0.938509 0.916253 0.932427 0.732101 0.865969 0.926681 0.855636 0.576384 0.650808 0.713114 0.741561 0.629786 0.830716 0.431749 0.496120 0.599619 0.618492 0.984864 0.864376 0.807716 0.893744 0.774969 0.713669 0.847100 0.847278 0.000000 0.325096 0.694446 0.736444 0.545419 0.491166 0.874460 0.977951 0.972944 0.994840 0.919537 0.951131 0.923422 0.944670 0.923399 0.823088 0.858547 0.850887 0.759535 0.700155 0.824276 0.895445 0.854132 0.794451 0.968022 0.970356 0.993779 0.975788 0.696972 0.698071 0.652847 0.799419 0.608734 0.960825 0.477640 0.466659 0.721154 0.811983 0.736835 0.741035 0.648167 0.817056 0.802122 0.965555 0.698650 0.793038 0.725376 0.843335 0.874089 0.849907 0.621270 0.859659 0.551864 0.859928 0.683313 0.860420 0.925300 0.946760 0.995287 0.959137 0.926706 0.930259 0.820148 0.793087 0.678477 0.771015 0.932664 0.808161 0.976282 0.893778 0.915150 0.956490 0.970876 0.959830 0.821804 0.631386 0.888547 0.627029 0.975408 0.885045 0.734531 0.943465 0.921252 0.901946 0.863439 0.939055 0.893299 0.825281
0.634271 0.780132 0.959196 0.941126 0.880340 0.985658 0.766736 0.830636 0.821263 0.944344 0.459245 0.573736 0.666769 0.572340 0.618740 0.740417 0.382254 0.417697 0.584550 0.573418 0.975501 0.958891 0.819106 0.964550 0.870324 0.745286 0.890351 0.858809 0.325096 0.000000 0.713642 0.712574 0.549152 0.510780 0.857245 0.889168 0.913786 0.987571 0.977191 0.941524 0.946657 0.894768 0.914674 0.910631 0.961568 0.997462 0.871325 0.831469 0.997215 0.955282 0.967302 0.954577 0.869108 0.913290 0.946236 0.951451 0.680729 0.685948 0.707270 0.841306 0.614635 0.928907 0.453096 0.422036 0.713651 0.909159 0.778822 0.804948 0.578200 0.766462 0.867759 0.999621 0.658685 0.701474 0.741271 0.884449 0.896701 0.827709 0.651682 0.829878 0.549951 0.834489 0.645522 0.754010 0.959698 0.959257 0.975831 0.996399 0.952408 0.944699 0.696421 0.654131 0.586008 0.673956 0.969667 0.822627 0.910820 0.849790 0.932500 0.953597 0.966375 0.978812 0.965377 0.625367 0.875473 0.618028 0.992980 0.927590 0.813962 0.946070 0.845806 0.988239 0.985036 0.975873 0.881474 0.814204
0.956367 0.868266 0.657461 0.753566 0.743849 0.849701 0.584339 0.612835 0.660797 0.578207 0.833209 0.715626 0.618285 0.887415 0.508620 0.587179 0.857912 0.908607 0.668903 0.869807 0.940548 0.921608 0.505677 0.974531 0.888645 0.989382 0.949111 0.825060 0.694446 0.713642 0.000000 0.502914 0.596773 0.618039 0.947936 0.927238 0.883776 0.932012 0.976037 0.995441 0.910085 0.910217 0.606130 0.594493 0.839802 0.794232 0.636352 0.671432 0.915025 0.924546 0.814907 0.766244 0.860330 0.880214 0.950243 0.975982 0.909961 0.905660 0.730619 0.793848 0.517297 0.579952 0.773101 0.708874 0.888240 0.868354 0.709757 0.597328 0.939130 0.971686 0.545427 0.642645 0.651740 0.798617 0.857889 0.943596 0.662932 0.670629 0.767735 0.981444 0.979685 0.833060 0.941339 0.902657 0.984440 0.985693 0.790346 0.679589 0.964558 0.950308 0.974009 0.981380 0.827297 0.946064 0.919353 0.972096 0.866603 0.856052 0.754210 0.663874 0.992611 0.855680 0.844508 0.787685 0.873474 0.658174 0.813489 0.837631 0.694193 0.993104 0.795609 0.944955 0.738441 0.875451 0.558560 0.995624
0.798039 0.839507 0.711820 0.730996 0.956459 0.976519 0.878659 0.857819 0.935792 0.835944 0.816442 0.649033 0.632056 0.695790 0.566324 0.583129 0.833619 0.798883 0.616828 0.771881 0.739067 0.995619 0.454553 0.731017 0.747940 0.964674 0.976053 0.818827 0.736444 0.712574 0.502914 0.000000 0.569284 0.767019 0.985625 0.891750 0.855671 0.931161 0.961401 0.889275 0.975976 0.886546 0.865539 0.767130 0.971464 0.874856 0.608185 0.759944 0.944853 0.989780 0.936791 0.887319 0.951542 0.926784 0.967408 0.945471 0.758098 0.844890 0.825831 0.895790 0.749818 0.783017 0.786043 0.752170 0.886660 0.953837 0.860828 0.837005 0.746448 0.934630 0.827186 0.790216 0.888370 0.888318 0.996466 0.900018 0.755947 0.806686 0.813900 0.916769 0.855838 0.971561 0.702927 0.880937 0.836185 0.825925 0.840615 0.841126 0.935292 0.852197 0.791207 0.749420 0.698478 0.792088 0.923545 0.954795 0.967449 0.837334 0.949205 0.947493 0.902986 0.963856 0.925283 0.759845 0.999728 0.683748 0.842912 0.976629 0.891925 0.960467 0.947808 0.903298 0.900185 0.909185 0.668103 0.861434
0.565363 0.619496 0.927563 0.819932 0.904395 0.864637 0.583380 0.649628 0.956864 0.736221 0.630392 0.522087 0.565564 0.581142 0.604855 0.794509 0.489294 0.473722 0.420948 0.635861 0.926152 0.948093 0.637599 0.991341 0.842131 0.762076 0.852084 0.685168 0.545419 0.549152 0.596773 0.569284 0.000000 0.464199 0.936600 0.947134 0.980215 0.895469 0.878249 0.985185 0.975966 0.864104 0.771411 0.542559 0.671190 0.589529 0.614419 0.559112 0.626514 0.652285 0.620404 0.592736 0.779402 0.816522 0.862890 0.714008 0.523533 0.541648 0.512060 0.716489 0.491597 0.827344 0.405183 0.412137 0.835621 0.808036 0.547241 0.609804 0.699575 0.816998 0.805259 0.806772 0.967176 0.940549 0.795476 0.857669 0.829395 0.861776 0.561251 0.774490 0.528510 0.798594 0.641934 0.709563 0.761257 0.902545 0.965967 0.937999 0.949816 0.867438 0.969721 0.961045 0.936229 0.883247 0.878721 0.868042 0.973712 0.756649 0.698806 0.718548 0.935424 0.917664 0.757275 0.481795 0.826555 0.641136 0.939261 0.843007 0.906795 0.851571 0.781277 0.811869 0.778849 0.690941 0.732460 0.908219
0.611343 0.587146 0.876928 0.781821 0.839407 0.908400 0.470949 0.504823 0.941750 0.698104 0.650503 0.530418 0.585048 0.681357 0.682573 0.796132 0.506124 0.490858 0.501082 0.685725 0.991501 0.974785 0.762092 0.960578 0.833930 0.795357 0.882762 0.740137 0.491166 0.510780 0.618039 0.767019 0.464199 0.000000 0.927087 0.816070 0.998958 0.956367 0.962867 0.901426 0.913160 0.874317 0.760870 0.575127 0.713468 0.678800 0.664472 0.558789 0.711902 0.739257 0.713009 0.641538 0.843580 0.857118 0.869554 0.768231 0.587705 0.573539 0.427878 0.593780 0.403508 0.744997 0.420141 0.409381 0.884819 0.949341 0.510617 0.517358 0.717211 0.787462 0.815881 0.878768 0.881487 0.917289 0.741193 0.952878 0.741152 0.848089 0.541824 0.810426 0.648550 0.926539 0.741450 0.824777 0.944867 0.970960 0.998360 0.828670 0.949522 0.945985 0.969327 0.932638 0.906710 0.828376 0.878216 0.827745 0.946037 0.682987 0.729272 0.700837 0.917784 0.918042 0.769196 0.551582 0.817679 0.604690 0.844384 0.862187 0.753971 0.894828 0.863204 0.866984 0.808362 0.749084 0.690810 0.863815
0.985066 0.964312 0.704733 0.801771 0.920177 0.966111 0.878171 0.885851 0.819368 0.960417 0.795943 0.917858 0.819684 0.971504 0.828568 0.872105 0.772175 0.827545 0.991685 0.930861 0.978640 0.827279 0.872672 0.793538 0.830751 0.800399 0.995673 0.878396 0.874460 0.857245 0.947936 0.985625 0.936600 0.927087 0.000000 0.983037 0.943020 0.930644 0.973352 0.791828 0.679371 0.938531 0.856104 0.928965 0.856902 0.852934 0.953199 0.907977 0.933597 0.822021 0.816859 0.816174 0.858213 0.873029 0.963892 0.906086 0.993760 0.980967 0.986227 0.869483 0.875875 0.765058 0.885117 0.836165 0.736886 0.807281 0.911500 0.868589 0.900928 0.937429 0.864806 0.980365 0.852843 0.995843 0.908696 0.884696 0.766758 0.947997 0.918659 0.969081 0.900894 0.997692 0.887500 0.988144 0.912312 0.870883 0.822799 0.902290 0.906023 0.838958 0.933473 0.879603 0.881721 0.976779 0.994998 0.796378 0.917699 0.934948 0.902794 0.859942 0.760842 0.923019 0.948151 0.945563 0.936101 0.842185 0.957843 0.923312 0.988803 0.942345 0.898413 0.937907 0.829541 0.866872 0.917616 0.983009
0.964494 0.983788 0.917588 0.932593 0.768831 0.892758 0.859003 0.899779 0.866073 0.968768 0.986551 0.994197 0.984997 0.877881 0.920882 0.977885 0.915756 0.935709 0.904593 0.988515 0.828943 0.843130 0.971022 0.975352 0.872675 0.850708 0.970140 0.914788 0.977951 0.889168 0.927238 0.891750 0.947134 0.816070 0.983037 0.000000 0.893057 0.964736 0.940166 0.953937 0.832692 0.984707 0.915568 0.911487 0.811971 0.871089 0.905049 0.838222 0.894154 0.872587 0.817051 0.872023 0.771445 0.741684 0.966475 0.868748 0.963653 0.977691 0.834193 0.979013 0.852673 0.911582 0.886627 0.892696 0.884462 0.996515 0.794723 0.787362 0.898361 0.940463 0.957985 0.975125 0.995829 0.965073 0.904643 0.961344 0.973208 0.983522 0.930524 0.973900 0.989834 0.932707 0.945095 0.951530 0.985810 0.936769 0.895399 0.854695 0.966219 0.879732 0.878191 0.820408 0.858018 0.949707 0.987890 0.902554 0.983108 0.779110 0.835301 0.746731 0.844284 0.907648 0.857226 0.794518 0.915678 0.936184 0.876667 0.865833 0.891634 0.967211 0.913252 0.705738 0.950264 0.953351 0.959640 0.909757
0.916455 0.779083 0.633938 0.604819 0.975022 0.872128 0.939286 0.901073 0.915905 0.862249 0.967596 0.820608 0.913279 0.711231 0.748011 0.604000 0.973235 0.953893 0.870985 0.799726 0.793057 0.874944 0.832318 0.715506 0.668959 0.708878 0.751346 0.948413 0.972944 0.913786 0.883776 0.855671 0.980215 0.998958 0.943020 0.893057 0.000000 0.616392 0.743528 0.762564 0.905074 0.955455 0.987941 0.927635 0.753808 0.831402 0.922365 0.981493 0.801396 0.842834 0.855575 0.881667 0.933691 0.923611 0.979446 0.970736 0.827058 0.824026 0.765721 0.744268 0.884292 0.795782 0.810883 0.950612 0.720612 0.744844 0.745848 0.864467 0.847155 0.847321 0.926551 0.770356 0.920674 0.982426 0.915035 0.969557 0.939973 0.891086 0.926697 0.915997 0.947797 0.905858 0.847071 0.859252 0.938500 0.765281 0.999005 0.959719 0.803852 0.842119 0.950429 0.895280 0.892115 0.970996 0.955949 0.848855 0.953336 0.989107 0.853676 0.964893 0.756656 0.914134 0.913159 0.957762 0.916085 0.877589 0.890563 0.985535 0.866089 0.943070 0.853758 0.956510 0.874555 0.885350 0.945953 0.960418
0.877482 0.746951 0.822721 0.685461 0.857068 0.947369 0.764643 0.998078 0.921131 0.695807 0.980527 0.856886 0.991083 0.744235 0.968993 0.732949 0.998867 0.931902 0.934929 0.769051 0.768613 0.968257 0.986989 0.651902 0.631600 0.620244 0.741241 0.771911 0.994840 0.987571 0.932012 0.931161 0.895469 0.956367 0.930644 0.964736 0.616392 0.000000 0.677288 0.857399 0.847878 0.730866 0.798191 0.872925 0.608682 0.626489 0.750964 0.794969 0.683882 0.690037 0.739796 0.669464 0.801225 0.759664 0.920692 0.910000 0.787392 0.820689 0.663705 0.719481 0.726439 0.881196 0.812657 0.915246 0.746456 0.729867 0.638182 0.685584 0.795436 0.739700 0.952963 0.985772 0.992400 0.973145 0.947545 0.838807 0.994447 0.924409 0.945847 0.943604 0.923636 0.742217 0.767045 0.745217 0.954571 0.756506 0.864044 0.930926 0.678350 0.772623 0.845391 0.740333 0.851997 0.907216 0.993113 0.971138 0.888445 0.997344 0.698512 0.725161 0.818637 0.829523 0.761719 0.859065 0.901143 0.973189 0.995050 0.915647 0.971604 0.972668 0.864277 0.739380 0.703170 0.877812 0.893484 0.862725
