0.000000 0.160951 0.323990 0.311961 0.611510 0.596406 0.259849 0.220815 0.418443 0.330011 0.157498 0.145220 0.136565 0.234925 0.209402 0.263814 0.170588 0.158474 0.159519 0.178121 0.511361 0.887271 0.328414 0.520964 0.655141 0.684157 0.958450 0.806929 0.227582 0.210295 0.273890 0.417261 0.157534 0.175691 0.498464 0.633249 0.336783 0.411046 0.743177 0.643891 0.650582 0.557658 0.270026 0.234741 0.270952 0.232320 0.244172 0.254882 0.751700 0.385361 0.500797 0.398083 0.566243 0.601280 0.499038 0.497355 0.187529 0.164835 0.200137 0.222934 0.125285 0.197714 0.127781 0.138492 0.351696 0.287056 0.292556 0.308858 0.284423 0.214303 0.285209 0.254486 0.428308 0.470427 0.637604 0.578915 0.385074 0.314770 0.233928 0.240121 0.154550 0.209456 0.450091 0.351946 0.242869 0.417660 0.994146 0.787486 0.439478 0.530203 0.626081 0.703206 0.637023 0.756951 0.571771 0.543184 0.384088 0.560422 0.253030 0.262059 0.602630 0.618177 0.267197 0.338885 0.317549 0.270078 0.653629 0.663780 0.642754 0.486174 0.683532 0.380833 0.395898 0.519166 0.418784 0.960447
0.160951 0.000000 0.470871 0.391306 0.595924 0.616719 0.370577 0.261740 0.445390 0.382218 0.226960 0.133771 0.151679 0.161971 0.181683 0.207856 0.160839 0.128046 0.187687 0.175207 0.505731 0.880888 0.311046 0.455746 0.599327 0.752570 0.991688 0.846800 0.190984 0.197907 0.323823 0.431983 0.222990 0.231035 0.592842 0.658768 0.353901 0.435230 0.814184 0.676112 0.627197 0.528052 0.273403 0.231734 0.286123 0.264447 0.272437 0.265920 0.743315 0.443826 0.570873 0.471382 0.655593 0.743463 0.625679 0.627891 0.111339 0.104422 0.285598 0.303830 0.204947 0.235820 0.147436 0.127593 0.458941 0.399260 0.420233 0.394750 0.339691 0.292983 0.241403 0.263709 0.527588 0.590563 0.709105 0.615426 0.317900 0.307812 0.294264 0.233805 0.165288 0.220977 0.365866 0.340496 0.290321 0.396990 0.941790 0.817479 0.535128 0.572112 0.696481 0.736236 0.704799 0.836334 0.561846 0.531408 0.410117 0.530687 0.292466 0.256369 0.638319 0.762895 0.294135 0.318424 0.343945 0.282746 0.747746 0.673895 0.617841 0.506737 0.611861 0.387982 0.459022 0.462812 0.429828 0.881648
0.323990 0.470871 0.000000 0.141691 0.619912 0.605345 0.136038 0.221958 0.457979 0.325820 0.330335 0.360025 0.334521 0.456896 0.391997 0.381779 0.390335 0.365808 0.238790 0.311113 0.476597 0.841351 0.259983 0.448205 0.490201 0.401245 0.937946 0.791040 0.435184 0.311157 0.226113 0.368962 0.233170 0.243730 0.428864 0.582154 0.378668 0.448640 0.587665 0.622804 0.722055 0.689823 0.285849 0.295745 0.505848 0.442324 0.377812 0.313189 0.911213 0.580836 0.734167 0.630777 0.647979 0.502347 0.544184 0.622478 0.495378 0.485251 0.333701 0.393791 0.254953 0.364042 0.312207 0.367177 0.173610 0.174040 0.203506 0.254640 0.458738 0.296191 0.356816 0.388289 0.423117 0.448530 0.481650 0.787042 0.459222 0.475561 0.323061 0.453931 0.329188 0.290556 0.562086 0.377463 0.295319 0.415396 0.830778 0.917160 0.446301 0.550199 0.581063 0.635171 0.600748 0.698852 0.642781 0.607948 0.517247 0.677239 0.470849 0.396304 0.648964 0.457809 0.460376 0.362307 0.402803 0.377402 0.710186 0.744530 0.625428 0.495545 0.670600 0.599506 0.461057 0.609636 0.576574 0.934301
0.311961 0.391306 0.141691 0.000000 0.663857 0.525756 0.154685 0.152117 0.472510 0.240998 0.372950 0.282518 0.280232 0.325785 0.292917 0.263392 0.347487 0.304437 0.217918 0.269130 0.434840 0.780805 0.174862 0.326442 0.443012 0.388489 0.937204 0.904224 0.353629 0.243145 0.190197 0.293148 0.190646 0.205955 0.408395 0.537251 0.300534 0.418413 0.538353 0.593761 0.743410 0.572020 0.231145 0.265895 0.458733 0.404299 0.341969 0.249705 0.979436 0.539344 0.699854 0.587726 0.620088 0.504755 0.529442 0.610101 0.438164 0.406693 0.339270 0.402188 0.260976 0.314045 0.263012 0.282263 0.186693 0.172098 0.210469 0.242690 0.505589 0.281817 0.290487 0.356275 0.484410 0.564982 0.454791 0.706412 0.378017 0.412272 0.280927 0.420145 0.245313 0.206783 0.439724 0.271511 0.238695 0.298064 0.819430 0.958041 0.434229 0.455576 0.555901 0.582611 0.547788 0.694263 0.583123 0.491865 0.485773 0.599787 0.418080 0.295743 0.582368 0.469334 0.375410 0.315897 0.346902 0.315688 0.766088 0.708609 0.609830 0.435143 0.632954 0.510162 0.428305 0.511498 0.557927 0.967708
0.611510 0.595924 0.619912 0.663857 0.000000 0.822871 0.606986 0.613011 0.752593 0.698334 0.695030 0.674209 0.630554 0.722283 0.663996 0.685692 0.694446 0.645028 0.544596 0.664673 0.726776 0.860689 0.668370 0.764014 0.833345 0.976769 0.980262 0.751313 0.684941 0.709250 0.754188 0.860442 0.592472 0.640684 0.736378 0.749562 0.739485 0.651434 0.944430 0.751704 0.853383 0.611993 0.570950 0.573698 0.582964 0.665130 0.713711 0.647974 0.885086 0.748381 0.785377 0.756563 0.886873 0.796951 0.887464 0.878455 0.614391 0.654817 0.663154 0.658597 0.591857 0.656417 0.624486 0.640798 0.637008 0.646009 0.639724 0.619225 0.631628 0.696764 0.587081 0.616604 0.857553 0.899429 0.872149 0.975168 0.728043 0.738233 0.744116 0.815509 0.684340 0.693574 0.755799 0.722730 0.682913 0.688017 0.950641 0.997921 0.933750 0.855294 0.683099 0.684467 0.719076 0.706167 0.929515 0.856322 0.722593 0.845390 0.610570 0.587121 0.799415 0.681806 0.609911 0.603805 0.504423 0.683360 0.657693 0.785406 0.848410 0.905273 0.695761 0.675937 0.705915 0.827833 0.686044 0.830230
0.596406 0.616719 0.605345 0.525756 0.822871 0.000000 0.500999 0.454701 0.564009 0.451882 0.657184 0.581827 0.583922 0.653142 0.626908 0.597603 0.658346 0.627433 0.594593 0.586170 0.722468 0.816605 0.560274 0.764708 0.829334 0.588473 0.993798 0.778525 0.652890 0.666235 0.581065 0.635859 0.558834 0.569004 0.592318 0.776188 0.536707 0.883897 0.800312 0.891372 0.916005 0.638039 0.502767 0.587953 0.537843 0.578328 0.526005 0.610866 0.908465 0.810298 0.740261 0.718674 0.746076 0.798066 0.736881 0.661196 0.666724 0.668618 0.618247 0.693023 0.574665 0.616189 0.570912 0.583853 0.612232 0.554984 0.493751 0.472220 0.793026 0.697551 0.481357 0.555644 0.820750 0.909605 0.777308 0.827624 0.635945 0.630628 0.635632 0.727163 0.536272 0.579905 0.826320 0.658710 0.586391 0.690454 0.888072 0.747532 0.773084 0.718441 0.447795 0.494869 0.387198 0.613507 0.747345 0.715106 0.544276 0.764484 0.451979 0.457792 0.532996 0.491992 0.590048 0.553271 0.610997 0.538691 0.893084 0.623665 0.833840 0.730047 0.757246 0.524351 0.581980 0.743017 0.633997 0.905560
0.259849 0.370577 0.136038 0.154685 0.606986 0.500999 0.000000 0.144931 0.401874 0.224145 0.302244 0.299038 0.280144 0.392076 0.348283 0.339329 0.311765 0.281690 0.179562 0.270710 0.487459 0.856567 0.250206 0.486031 0.586503 0.501792 0.965780 0.746684 0.364755 0.273048 0.231709 0.363030 0.188517 0.183090 0.420920 0.583836 0.346880 0.444525 0.579024 0.625568 0.716232 0.564832 0.201116 0.200855 0.342709 0.303859 0.308257 0.241902 0.993932 0.556247 0.645248 0.548201 0.601586 0.490376 0.516816 0.633479 0.371673 0.379551 0.256074 0.337879 0.181133 0.302570 0.230096 0.280781 0.209770 0.158290 0.152195 0.164871 0.436244 0.294248 0.284755 0.279247 0.425598 0.465936 0.492279 0.729132 0.406567 0.380415 0.302281 0.394849 0.237898 0.240934 0.542466 0.366957 0.284159 0.422070 0.920166 0.819346 0.417811 0.581653 0.504358 0.532903 0.498542 0.623800 0.626191 0.515611 0.411950 0.593657 0.323484 0.269464 0.547414 0.372528 0.369345 0.298086 0.332037 0.307576 0.708940 0.650809 0.551766 0.425435 0.579113 0.456988 0.335712 0.509977 0.490983 0.892841
0.220815 0.261740 0.221958 0.152117 0.613011 0.454701 0.144931 0.000000 0.363551 0.173879 0.316513 0.196425 0.195309 0.238177 0.234933 0.222540 0.251360 0.219693 0.188644 0.221566 0.459092 0.796929 0.206009 0.407839 0.567560 0.521905 0.947630 0.855543 0.265539 0.219580 0.229514 0.344843 0.158386 0.166138 0.376501 0.517875 0.306738 0.402758 0.659341 0.624835 0.659734 0.517080 0.174662 0.197511 0.266077 0.252132 0.271963 0.218617 0.853521 0.455425 0.533012 0.419869 0.515595 0.484474 0.512837 0.592745 0.311399 0.283817 0.259100 0.299169 0.174385 0.194278 0.187706 0.170890 0.263029 0.189581 0.185108 0.201708 0.453811 0.255950 0.258574 0.293408 0.466514 0.566689 0.536969 0.658867 0.321100 0.300826 0.242173 0.363747 0.170123 0.185490 0.413688 0.295523 0.229813 0.337362 0.999932 0.845431 0.447689 0.451704 0.422840 0.462953 0.416847 0.594463 0.507318 0.410448 0.341048 0.513485 0.233736 0.168369 0.422446 0.418719 0.265055 0.243082 0.257930 0.253545 0.693686 0.551839 0.557320 0.410126 0.567216 0.370494 0.330729 0.442222 0.453985 0.940444
0.418443 0.445390 0.457979 0.472510 0.752593 0.564009 0.401874 0.363551 0.000000 0.337686 0.411744 0.389544 0.415837 0.510933 0.504863 0.494296 0.436337 0.436916 0.443511 0.403441 0.740561 0.958735 0.532013 0.746153 0.784159 0.762859 0.847682 0.831721 0.448410 0.460921 0.484830 0.602061 0.404200 0.425330 0.576528 0.699439 0.550890 0.637921 0.886855 0.733747 0.743264 0.762532 0.466937 0.458898 0.441326 0.440989 0.469925 0.506708 0.925921 0.640192 0.692903 0.601979 0.697327 0.704877 0.712039 0.674619 0.470504 0.455967 0.450939 0.443241 0.369892 0.372086 0.444949 0.433148 0.501717 0.431388 0.453189 0.438735 0.470072 0.456188 0.479813 0.508383 0.472339 0.499088 0.798568 0.664071 0.469815 0.462073 0.552991 0.515939 0.447798 0.495172 0.737155 0.632521 0.566159 0.725057 0.878278 0.582274 0.651836 0.753862 0.551203 0.541971 0.550138 0.563147 0.641357 0.607640 0.619097 0.777903 0.386531 0.405862 0.587449 0.543197 0.549920 0.407109 0.481173 0.543656 0.797231 0.673234 0.770269 0.588401 0.556231 0.559186 0.462308 0.628462 0.542699 0.819227
0.330011 0.382218 0.325820 0.240998 0.698334 0.451882 0.224145 0.173879 0.337686 0.000000 0.372315 0.299672 0.325262 0.376163 0.338326 0.341409 0.331145 0.318032 0.291536 0.324389 0.552432 0.801403 0.320516 0.555917 0.661595 0.551770 0.910499 0.863654 0.379688 0.307375 0.327043 0.441247 0.269363 0.267680 0.390123 0.592747 0.395383 0.506316 0.719554 0.638399 0.761192 0.521985 0.296724 0.314896 0.373127 0.376118 0.430759 0.346791 0.966391 0.589726 0.652320 0.537764 0.599460 0.584353 0.613040 0.631300 0.412007 0.426214 0.404556 0.447695 0.288360 0.304483 0.325908 0.304009 0.338288 0.257977 0.285897 0.309234 0.476713 0.391143 0.311747 0.362564 0.408475 0.525458 0.577436 0.563912 0.377919 0.312019 0.370693 0.460761 0.264591 0.294125 0.531062 0.403586 0.409010 0.529766 0.962313 0.720889 0.584086 0.625559 0.418528 0.417818 0.396408 0.513115 0.619889 0.404731 0.449479 0.615518 0.253278 0.239507 0.529143 0.439882 0.411813 0.304817 0.378186 0.373447 0.691302 0.570492 0.674199 0.482085 0.570669 0.439209 0.361533 0.501731 0.533226 0.974074
0.157498 0.226960 0.330335 0.372950 0.695030 0.657184 0.302244 0.316513 0.411744 0.372315 0.000000 0.177234 0.193819 0.299322 0.279545 0.293021 0.180472 0.179693 0.194300 0.184613 0.533624 0.893923 0.386016 0.525519 0.656532 0.640623 0.973292 0.778911 0.251506 0.206038 0.303409 0.382356 0.221345 0.210170 0.584190 0.688625 0.409704 0.505199 0.782839 0.620923 0.611107 0.633385 0.365733 0.299726 0.439745 0.367074 0.347448 0.356609 0.967499 0.565025 0.688821 0.589001 0.699903 0.773499 0.615978 0.573202 0.221475 0.231007 0.286030 0.316549 0.177958 0.276840 0.187655 0.210947 0.405590 0.305852 0.354939 0.387186 0.231977 0.259416 0.336511 0.301639 0.355213 0.393679 0.703736 0.566943 0.400830 0.327227 0.265802 0.211805 0.208270 0.243513 0.512195 0.428437 0.372330 0.528274 0.995448 0.761678 0.488577 0.660370 0.751242 0.828535 0.774011 0.867756 0.677856 0.604708 0.471420 0.643529 0.368457 0.364791 0.683439 0.669578 0.369884 0.365828 0.423672 0.354438 0.706611 0.832011 0.696869 0.529908 0.759230 0.530052 0.502186 0.535735 0.450884 0.877940
0.145220 0.133771 0.360025 0.282518 0.674209 0.581827 0.299038 0.196425 0.389544 0.299672 0.177234 0.000000 0.114591 0.136061 0.135926 0.140669 0.135755 0.105081 0.155473 0.139210 0.493511 0.856533 0.249316 0.387848 0.563642 0.641032 0.989887 0.899247 0.142923 0.129730 0.249514 0.333209 0.149285 0.180187 0.557453 0.646260 0.304940 0.438581 0.755590 0.615100 0.603518 0.534546 0.272636 0.235684 0.339737 0.274801 0.266445 0.262844 0.807399 0.453633 0.582567 0.461178 0.613021 0.665562 0.579173 0.607012 0.167559 0.143130 0.277279 0.285060 0.162595 0.172218 0.121170 0.096981 0.392862 0.283918 0.354922 0.366103 0.315816 0.219013 0.254197 0.244153 0.441836 0.535785 0.648938 0.553002 0.294426 0.244458 0.213622 0.213734 0.126931 0.156742 0.326082 0.264985 0.249035 0.338482 0.964512 0.873969 0.463489 0.532127 0.671790 0.722065 0.673147 0.834657 0.523224 0.468174 0.426471 0.517120 0.292493 0.249029 0.595001 0.654949 0.275222 0.292043 0.308926 0.287741 0.719103 0.697238 0.638668 0.435076 0.699476 0.420462 0.426592 0.452939 0.435605 0.919438
0.136565 0.151679 0.334521 0.280232 0.630554 0.583922 0.280144 0.195309 0.415837 0.325262 0.193819 0.114591 0.000000 0.139211 0.125458 0.149969 0.167893 0.131983 0.173373 0.184914 0.460145 0.874972 0.231950 0.363146 0.559431 0.632178 0.994843 0.878571 0.176015 0.156448 0.238632 0.355297 0.161562 0.195259 0.548056 0.655516 0.280185 0.396950 0.727121 0.631995 0.617336 0.490256 0.247146 0.234959 0.321372 0.267659 0.247147 0.241920 0.795455 0.411725 0.550705 0.422101 0.603357 0.607082 0.576183 0.593149 0.188652 0.153329 0.260329 0.262133 0.149761 0.180417 0.112840 0.106624 0.351669 0.290175 0.344302 0.358396 0.374156 0.262008 0.275426 0.281749 0.480820 0.522159 0.632026 0.580631 0.357333 0.274301 0.200853 0.237504 0.139395 0.176162 0.343961 0.290357 0.203735 0.317866 0.998329 0.909232 0.438222 0.463230 0.658131 0.708081 0.658046 0.831849 0.487971 0.477346 0.380232 0.514536 0.300058 0.264978 0.624180 0.623983 0.264003 0.284835 0.302935 0.273477 0.677324 0.677103 0.609509 0.435424 0.699998 0.436981 0.419491 0.461928 0.417079 0.951136
0.234925 0.161971 0.456896 0.325785 0.722283 0.653142 0.392076 0.238177 0.510933 0.376163 0.299322 0.136061 0.139211 0.000000 0.128991 0.127107 0.197263 0.156243 0.239885 0.226105 0.468954 0.852540 0.233049 0.302277 0.519852 0.642718 0.988625 0.999256 0.156354 0.157164 0.249339 0.329524 0.198637 0.241342 0.552999 0.647750 0.338758 0.444546 0.753287 0.613340 0.670994 0.499181 0.288970 0.280377 0.377291 0.310921 0.276272 0.271399 0.752015 0.450209 0.577390 0.463721 0.587252 0.652712 0.594533 0.643516 0.208241 0.174356 0.328004 0.336282 0.238605 0.215362 0.162082 0.118095 0.433834 0.357140 0.426471 0.427346 0.438299 0.312023 0.319435 0.367009 0.553247 0.671095 0.706151 0.617517 0.323816 0.277697 0.238607 0.266929 0.169630 0.181662 0.244187 0.266492 0.228224 0.256794 0.985847 0.965649 0.480044 0.446978 0.750477 0.783636 0.747546 0.940848 0.479405 0.472549 0.421853 0.470699 0.387655 0.300608 0.634314 0.729793 0.274468 0.325382 0.354571 0.313449 0.742880 0.688400 0.621861 0.463894 0.696997 0.458930 0.483794 0.430050 0.498001 0.997384
0.209402 0.181683 0.391997 0.292917 0.663996 0.626908 0.348283 0.234933 0.504863 0.338326 0.279545 0.135926 0.125458 0.128991 0.000000 0.144384 0.198909 0.161076 0.222148 0.224441 0.424127 0.840627 0.217218 0.329684 0.486871 0.618244 0.902482 0.950744 0.192150 0.157090 0.246384 0.350995 0.192273 0.230249 0.566252 0.666577 0.287413 0.409974 0.742621 0.606689 0.655402 0.507389 0.276250 0.253444 0.376184 0.311736 0.292205 0.248192 0.772353 0.420092 0.585228 0.450839 0.619931 0.601493 0.582486 0.612547 0.220952 0.187197 0.334839 0.337328 0.224609 0.214883 0.164033 0.135885 0.361805 0.322823 0.410986 0.426331 0.447188 0.306710 0.297058 0.320765 0.522193 0.634331 0.680490 0.613008 0.341839 0.280034 0.208592 0.280811 0.167458 0.188480 0.316189 0.279146 0.216260 0.273566 0.898016 0.984872 0.454994 0.431921 0.688764 0.723793 0.695128 0.875825 0.486659 0.420840 0.430107 0.495710 0.344266 0.288263 0.681826 0.676532 0.304813 0.303681 0.324381 0.307482 0.676351 0.682530 0.639783 0.469213 0.703529 0.445464 0.442761 0.428492 0.484836 0.994979
0.263814 0.207856 0.381779 0.263392 0.685692 0.597603 0.339329 0.222540 0.494296 0.341409 0.293021 0.140669 0.149969 0.127107 0.144384 0.000000 0.192828 0.146441 0.210355 0.196771 0.465153 0.841694 0.173413 0.254362 0.497860 0.598863 0.945512 0.940117 0.157032 0.129500 0.245475 0.292736 0.192569 0.224093 0.579098 0.648543 0.296524 0.465182 0.684890 0.614676 0.648965 0.469878 0.257120 0.245332 0.440679 0.354000 0.312757 0.268908 0.894024 0.517971 0.678340 0.557341 0.662964 0.686287 0.687904 0.702970 0.224750 0.201424 0.364099 0.386758 0.241200 0.220405 0.172506 0.135119 0.381942 0.286404 0.391686 0.399330 0.453087 0.313265 0.274566 0.332431 0.542063 0.645535 0.659132 0.616970 0.322568 0.265845 0.220333 0.272433 0.161638 0.169390 0.258132 0.247707 0.244956 0.252246 0.938820 0.928715 0.497367 0.467123 0.723153 0.738498 0.731555 0.899301 0.518718 0.443336 0.495649 0.500878 0.409304 0.293437 0.665764 0.672485 0.290589 0.272773 0.332093 0.301154 0.771254 0.774141 0.624225 0.454912 0.706525 0.475787 0.474768 0.448870 0.502584 0.947273
0.170588 0.160839 0.390335 0.347487 0.694446 0.658346 0.311765 0.251360 0.436337 0.331145 0.180472 0.135755 0.167893 0.197263 0.198909 0.192828 0.000000 0.106816 0.165539 0.161141 0.511503 0.856678 0.300668 0.432870 0.591053 0.676374 0.991376 0.816973 0.160288 0.135786 0.278943 0.334557 0.194395 0.171877 0.578982 0.652318 0.350052 0.460846 0.765446 0.645372 0.588744 0.561204 0.298474 0.228233 0.378138 0.302432 0.292711 0.305663 0.898159 0.530008 0.684726 0.548602 0.704406 0.731858 0.666839 0.660076 0.152834 0.153277 0.290904 0.324214 0.188415 0.220933 0.148549 0.139343 0.408509 0.302349 0.383611 0.369462 0.302205 0.237577 0.293938 0.288760 0.406361 0.479224 0.698690 0.546754 0.338113 0.296871 0.222614 0.181439 0.130644 0.173570 0.379394 0.324394 0.311723 0.400793 0.994717 0.886464 0.478124 0.608809 0.758333 0.775384 0.756503 0.836167 0.544606 0.503270 0.444656 0.503645 0.361609 0.275460 0.719935 0.683943 0.319656 0.313635 0.368709 0.320167 0.744960 0.726363 0.658729 0.465359 0.655325 0.432662 0.494464 0.394552 0.501054 0.816742
0.158474 0.128046 0.365808 0.304437 0.645028 0.627433 0.281690 0.219693 0.436916 0.318032 0.179693 0.105081 0.131983 0.156243 0.161076 0.146441 0.106816 0.000000 0.134742 0.133608 0.483634 0.879914 0.250868 0.380865 0.573364 0.679208 0.999698 0.812257 0.134619 0.108971 0.262585 0.325305 0.159939 0.160229 0.555209 0.677833 0.318213 0.437694 0.743692 0.633223 0.643413 0.496372 0.260891 0.200352 0.356274 0.279929 0.287852 0.256235 0.887014 0.511273 0.661932 0.536130 0.661068 0.707178 0.612275 0.663892 0.120159 0.126040 0.286643 0.320322 0.168745 0.209390 0.113150 0.106647 0.386826 0.295239 0.363908 0.358023 0.294078 0.242064 0.249268 0.235076 0.428407 0.500015 0.638602 0.596857 0.313269 0.256131 0.196964 0.170482 0.104257 0.139605 0.312703 0.265534 0.261048 0.343437 0.957277 0.924862 0.474041 0.569707 0.720791 0.741132 0.720790 0.844976 0.553876 0.490299 0.433034 0.519977 0.334199 0.246114 0.675158 0.660940 0.287185 0.275311 0.324969 0.290499 0.731628 0.760540 0.627464 0.444484 0.659996 0.395591 0.435514 0.412160 0.456587 0.889276
0.159519 0.187687 0.238790 0.217918 0.544596 0.594593 0.179562 0.188644 0.443511 0.291536 0.194300 0.155473 0.173373 0.239885 0.222148 0.210355 0.165539 0.134742 0.000000 0.135353 0.471740 0.870473 0.215255 0.382586 0.511726 0.596046 0.996072 0.729060 0.203957 0.161933 0.206146 0.295404 0.140455 0.136315 0.490851 0.581449 0.328175 0.429519 0.610313 0.618639 0.689979 0.515045 0.219648 0.183824 0.363370 0.312187 0.285162 0.221344 0.961634 0.534901 0.700710 0.585846 0.700383 0.662802 0.599777 0.705959 0.191525 0.214987 0.263316 0.322030 0.150734 0.258959 0.125690 0.159906 0.297330 0.221012 0.267691 0.268437 0.321594 0.242206 0.191610 0.231737 0.443289 0.502890 0.589479 0.651435 0.343996 0.310968 0.240439 0.245246 0.140368 0.164079 0.362889 0.278396 0.256842 0.338665 0.906230 0.855655 0.473060 0.616393 0.674914 0.718346 0.682625 0.807615 0.607240 0.535027 0.424659 0.512635 0.345423 0.258271 0.672922 0.580556 0.328149 0.290818 0.338488 0.294575 0.694643 0.744681 0.592226 0.461307 0.605694 0.422006 0.439627 0.485643 0.434333 0.897969
0.178121 0.175207 0.311113 0.269130 0.664673 0.586170 0.270710 0.221566 0.403441 0.324389 0.184613 0.139210 0.184914 0.226105 0.224441 0.196771 0.161141 0.133608 0.135353 0.000000 0.473061 0.851278 0.256505 0.380874 0.524166 0.612297 0.987939 0.800921 0.194211 0.149270 0.235578 0.281650 0.181194 0.160083 0.552282 0.602625 0.333942 0.467063 0.715420 0.664610 0.614929 0.598631 0.276072 0.227067 0.418740 0.339303 0.326512 0.290722 0.981858 0.567222 0.740942 0.629944 0.726638 0.750074 0.636010 0.691688 0.191229 0.197018 0.314874 0.367266 0.202084 0.252907 0.157496 0.165557 0.383651 0.293007 0.337050 0.347300 0.294224 0.249652 0.222405 0.269987 0.399492 0.471527 0.649825 0.617435 0.350190 0.299518 0.230519 0.210654 0.153194 0.178255 0.401070 0.311409 0.320799 0.382051 0.883778 0.856723 0.505130 0.648430 0.715484 0.768926 0.732410 0.854324 0.562873 0.567997 0.508807 0.597795 0.382303 0.302110 0.676894 0.648038 0.364511 0.319347 0.395763 0.293864 0.757859 0.791975 0.619448 0.478995 0.626485 0.435545 0.489718 0.480649 0.455145 0.917163
0.511361 0.505731 0.476597 0.434840 0.726776 0.722468 0.487459 0.459092 0.740561 0.552432 0.533624 0.493511 0.460145 0.468954 0.424127 0.465153 0.511503 0.483634 0.471740 0.473061 0.000000 0.780152 0.445090 0.502658 0.458560 0.635212 0.984852 0.970021 0.546790 0.452722 0.451543 0.568997 0.465513 0.449154 0.696566 0.820270 0.504629 0.543361 0.702902 0.736729 0.768840 0.659836 0.495082 0.478159 0.636838 0.563743 0.525717 0.487932 0.921551 0.597692 0.748808 0.703159 0.832946 0.713166 0.562611 0.703187 0.557325 0.520919 0.542419 0.567261 0.492438 0.531716 0.454981 0.463023 0.493812 0.555463 0.533962 0.557184 0.652568 0.593222 0.532877 0.539368 0.621272 0.816065 0.741295 0.881875 0.559738 0.481937 0.483827 0.595139 0.473636 0.441674 0.602626 0.515884 0.459573 0.528839 0.993914 0.985017 0.718934 0.585537 0.735934 0.770493 0.720501 0.902498 0.718221 0.506735 0.685381 0.713811 0.650010 0.577719 0.835857 0.779327 0.504616 0.567462 0.568688 0.447297 0.743834 0.839758 0.528440 0.650115 0.723242 0.727523 0.604625 0.657079 0.685537 0.880096
0.887271 0.880888 0.841351 0.780805 0.860689 0.816605 0.856567 0.796929 0.958735 0.801403 0.893923 0.856533 0.874972 0.852540 0.840627 0.841694 0.856678 0.879914 0.870473 0.851278 0.780152 0.000000 0.814633 0.859688 0.923389 0.847669 0.779003 0.986166 0.851713 0.821588 0.829691 0.819905 0.867101 0.797535 0.904095 0.841669 0.787820 0.774610 0.865402 0.755260 0.875337 0.855189 0.778475 0.781056 0.890922 0.920093 0.928117 0.921752 0.974710 0.946056 0.988746 0.904244 0.899177 0.886740 0.901254 0.931329 0.912156 0.920162 0.871759 0.955532 0.922221 0.890883 0.887039 0.871778 0.843168 0.826924 0.856750 0.859001 0.949699 0.813350 0.799901 0.878565 0.870885 0.995064 0.856830 0.763680 0.867584 0.852349 0.807673 0.885443 0.866758 0.854643 0.849962 0.844687 0.891527 0.869624 0.920076 0.967715 0.892440 0.954603 0.943153 0.920837 0.935732 0.878898 0.887068 0.708630 0.953516 0.922428 0.832846 0.796155 0.869070 0.799240 0.811167 0.767309 0.797045 0.779583 0.989900 0.990412 0.882344 0.843692 0.890931 0.873150 0.918562 0.850159 0.854436 0.971044
0.328414 0.311046 0.259983 0.174862 0.668370 0.560274 0.250206 0.206009 0.532013 0.320516 0.386016 0.249316 0.231950 0.233049 0.217218 0.173413 0.300668 0.250868 0.215255 0.256505 0.445090 0.814633 0.000000 0.198142 0.409613 0.472293 0.889361 0.918769 0.287696 0.214322 0.181784 0.246260 0.216453 0.250292 0.528459 0.525613 0.275384 0.444042 0.612514 0.654944 0.743167 0.472331 0.242364 0.284294 0.493189 0.430998 0.364703 0.291022 0.978169 0.575053 0.760602 0.641177 0.675414 0.562204 0.668818 0.762407 0.349336 0.340985 0.430371 0.492184 0.298348 0.344479 0.233339 0.243225 0.236278 0.248694 0.345016 0.378680 0.576433 0.386045 0.228652 0.348909 0.568907 0.635928 0.604871 0.760743 0.354512 0.352974 0.297365 0.400026 0.225672 0.209731 0.330355 0.263989 0.193074 0.203727 0.815787 0.921166 0.464458 0.493419 0.651256 0.665702 0.649947 0.823065 0.555392 0.449506 0.504957 0.527495 0.457899 0.311793 0.682850 0.611805 0.398965 0.332193 0.406616 0.305564 0.808434 0.741798 0.615048 0.513995 0.695111 0.501939 0.456200 0.531519 0.534141 0.942560
0.520964 0.455746 0.448205 0.326442 0.764014 0.764708 0.486031 0.407839 0.746153 0.555917 0.525519 0.387848 0.363146 0.302277 0.329684 0.254362 0.432870 0.380865 0.382586 0.380874 0.502658 0.859688 0.198142 0.000000 0.325767 0.565075 0.899141 0.977575 0.363009 0.299684 0.329746 0.282361 0.384885 0.410360 0.692487 0.623033 0.412929 0.556777 0.667882 0.745316 0.817600 0.616366 0.444050 0.486866 0.758076 0.677820 0.529993 0.473422 0.870596 0.754767 0.935612 0.828754 0.849465 0.753247 0.833142 0.936234 0.480263 0.467681 0.653488 0.689505 0.508823 0.506729 0.381902 0.380232 0.429904 0.433323 0.578436 0.643881 0.683378 0.528084 0.404946 0.552723 0.661208 0.727474 0.711750 0.807353 0.495138 0.494814 0.394389 0.471302 0.370358 0.316398 0.345804 0.345587 0.343505 0.239246 0.779303 0.729513 0.572013 0.531701 0.896500 0.925713 0.898092 0.919001 0.651504 0.544820 0.687144 0.581539 0.720764 0.525985 0.801679 0.825534 0.577929 0.494690 0.544571 0.496123 0.944324 0.922155 0.652647 0.630546 0.800751 0.678211 0.694352 0.562438 0.733473 0.999517
0.655141 0.599327 0.490201 0.443012 0.833345 0.829334 0.586503 0.567560 0.784159 0.661595 0.656532 0.563642 0.559431 0.519852 0.486871 0.497860 0.591053 0.573364 0.511726 0.524166 0.458560 0.923389 0.409613 0.325767 0.000000 0.455971 0.733418 0.998270 0.551840 0.475740 0.407143 0.501425 0.557488 0.555222 0.683203 0.792903 0.574077 0.709648 0.596803 0.849477 0.794020 0.809826 0.578180 0.629221 0.851218 0.789325 0.584206 0.538964 0.863174 0.728543 0.996398 0.879403 0.979264 0.808333 0.776192 0.912214 0.663546 0.621040 0.735163 0.738090 0.659229 0.674691 0.582901 0.586795 0.498847 0.570673 0.672910 0.712699 0.706170 0.621747 0.570371 0.633582 0.554591 0.708237 0.749094 0.905614 0.628514 0.658363 0.558484 0.636247 0.557826 0.497382 0.589111 0.513264 0.521223 0.456368 0.771961 0.915421 0.750651 0.629138 0.946165 0.976393 0.903887 0.923231 0.746565 0.722262 0.784509 0.705411 0.832662 0.715901 0.938003 0.916475 0.798776 0.666111 0.693769 0.609177 0.898679 0.933905 0.660758 0.673979 0.724028 0.805857 0.823254 0.687222 0.850118 0.864675
0.684157 0.752570 0.401245 0.388489 0.976769 0.588473 0.501792 0.521905 0.762859 0.551770 0.640623 0.641032 0.632178 0.642718 0.618244 0.598863 0.676374 0.679208 0.596046 0.612297 0.635212 0.847669 0.472293 0.565075 0.455971 0.000000 0.666496 0.801306 0.669885 0.582010 0.398263 0.489701 0.539085 0.542174 0.469836 0.651224 0.601205 0.812887 0.623826 0.708704 0.913887 0.794446 0.577386 0.629363 0.819610 0.748558 0.552293 0.555700 0.866337 0.782916 0.942017 0.833915 0.803141 0.780090 0.682825 0.694535 0.809627 0.759479 0.618099 0.670853 0.607875 0.660887 0.627296 0.661893 0.419156 0.427877 0.490594 0.508358 0.747393 0.618131 0.668164 0.705986 0.635179 0.745833 0.553965 0.912551 0.710889 0.737979 0.583970 0.697855 0.583336 0.535086 0.693957 0.593884 0.513610 0.524494 0.850377 0.907462 0.581833 0.586886 0.865651 0.908138 0.800858 0.996029 0.696484 0.805018 0.709244 0.853590 0.805238 0.690826 0.884030 0.741537 0.754023 0.654881 0.800085 0.638739 0.780790 0.907416 0.836986 0.672905 0.950014 0.809654 0.779741 0.791236 0.690359 0.960398
0.958450 0.991688 0.937946 0.937204 0.980262 0.993798 0.965780 0.947630 0.847682 0.910499 0.973292 0.989887 0.994843 0.988625 0.902482 0.945512 0.991376 0.999698 0.996072 0.987939 0.984852 0.779003 0.889361 0.899141 0.733418 0.666496 0.000000 0.904349 0.973781 0.934391 0.849803 0.902716 0.981143 0.976619 0.913136 0.977927 0.963569 0.982484 0.981089 0.872811 0.970280 0.944784 0.915850 0.891843 0.966081 0.960942 0.939086 0.927015 0.989483 0.920011 0.916481 0.995907 0.942834 0.916161 0.964174 0.976491 0.982999 0.942908 0.977597 0.940565 0.930254 0.911335 0.976479 0.957055 0.852647 0.963077 0.978208 0.973828 0.964440 0.886357 0.995892 0.967683 0.952695 0.991489 0.885019 0.993763 0.936156 0.882388 0.921320 0.945162 0.975641 0.980610 0.939259 0.935970 0.934662 0.873110 0.848633 0.832386 0.902007 0.876778 0.800697 0.860397 0.804503 0.832165 0.950786 0.933703 0.911328 0.966989 0.877104 0.963244 0.888142 0.990907 0.921560 0.970748 0.859575 0.976426 0.997713 0.850268 0.951075 0.906669 0.914416 0.980277 0.927400 0.951115 0.978872 0.967153
0.806929 0.846800 0.791040 0.904224 0.751313 0.778525 0.746684 0.855543 0.831721 0.863654 0.778911 0.899247 0.878571 0.999256 0.950744 0.940117 0.816973 0.812257 0.729060 0.800921 0.970021 0.986166 0.918769 0.977575 0.998270 0.801306 0.904349 0.000000 0.879472 0.854565 0.933145 0.935664 0.883276 0.793595 0.938246 0.809843 0.888405 0.778499 0.742453 0.957471 0.833580 0.866472 0.805653 0.778783 0.851475 0.843015 0.958700 0.786273 0.838396 0.925483 0.963265 0.975383 0.958748 0.901081 0.988783 0.807245 0.775114 0.846924 0.887783 0.931256 0.785875 0.893821 0.845131 0.887869 0.865434 0.844775 0.806236 0.841542 0.862069 0.851890 0.837629 0.815195 0.738247 0.689070 0.944596 0.976285 0.876005 0.929112 0.891388 0.862939 0.878333 0.933369 0.980917 0.910340 0.972430 0.959266 0.937561 0.881949 0.992201 0.919642 0.875869 0.880528 0.950409 0.828630 0.872521 0.945341 0.951863 0.961774 0.836947 0.896498 0.852609 0.812056 0.900680 0.833714 0.862370 0.918136 0.910477 0.986367 0.936920 0.984580 0.640587 0.992985 0.857907 0.996729 0.865213 0.996593
0.227582 0.190984 0.435184 0.353629 0.684941 0.652890 0.364755 0.265539 0.448410 0.379688 0.251506 0.142923 0.176015 0.156354 0.192150 0.157032 0.160288 0.134619 0.203957 0.194211 0.546790 0.851713 0.287696 0.363009 0.551840 0.669885 0.973781 0.879472 0.000000 0.136530 0.283491 0.315660 0.192662 0.193578 0.571536 0.680564 0.381581 0.537654 0.725779 0.670618 0.681856 0.513922 0.309995 0.257682 0.420212 0.319342 0.276290 0.262026 0.862029 0.516207 0.653908 0.517067 0.623908 0.699477 0.613464 0.698256 0.185129 0.180104 0.319165 0.350193 0.214494 0.204478 0.155241 0.140197 0.442827 0.310304 0.389728 0.401645 0.329952 0.243286 0.350841 0.379255 0.468473 0.554239 0.668153 0.584693 0.370217 0.292398 0.214450 0.233567 0.145356 0.186377 0.297499 0.268860 0.286914 0.321351 0.999498 0.986079 0.537844 0.523432 0.799558 0.822311 0.787282 0.947625 0.520818 0.515037 0.505980 0.501684 0.423882 0.311409 0.669688 0.654778 0.322403 0.303817 0.353197 0.349380 0.790221 0.835369 0.718130 0.473471 0.640630 0.467409 0.515399 0.414252 0.504388 0.936957
0.210295 0.197907 0.311157 0.243145 0.709250 0.666235 0.273048 0.219580 0.460921 0.307375 0.206038 0.129730 0.156448 0.157164 0.157090 0.129500 0.135786 0.108971 0.161933 0.149270 0.452722 0.821588 0.214322 0.299684 0.475740 0.582010 0.934391 0.854565 0.136530 0.000000 0.214599 0.261158 0.168167 0.159666 0.548951 0.658946 0.298963 0.425190 0.718142 0.638241 0.637058 0.552826 0.249743 0.201364 0.434129 0.320964 0.299025 0.240412 0.946726 0.504639 0.685095 0.556553 0.643649 0.652310 0.627072 0.664017 0.190583 0.195272 0.321420 0.367520 0.194303 0.208661 0.147814 0.138092 0.331207 0.238913 0.353790 0.369838 0.336006 0.244596 0.294932 0.306340 0.375520 0.460132 0.581701 0.562498 0.341338 0.260630 0.178630 0.207352 0.133462 0.148647 0.294619 0.247980 0.265724 0.311004 0.888499 0.983935 0.453109 0.561217 0.770749 0.793724 0.789356 0.902413 0.554497 0.486452 0.508674 0.518130 0.414208 0.290872 0.694352 0.655578 0.343196 0.274337 0.349559 0.301496 0.750357 0.793485 0.622714 0.396285 0.656254 0.465107 0.455668 0.432938 0.502936 0.944518
0.273890 0.323823 0.226113 0.190197 0.754188 0.581065 0.231709 0.229514 0.484830 0.327043 0.303409 0.249514 0.238632 0.249339 0.246384 0.245475 0.278943 0.262585 0.206146 0.235578 0.451543 0.829691 0.181784 0.329746 0.407143 0.398263 0.849803 0.933145 0.283491 0.214599 0.000000 0.235757 0.189359 0.212732 0.471170 0.587736 0.332612 0.505067 0.574407 0.630065 0.723071 0.614928 0.269937 0.275736 0.471570 0.411164 0.318021 0.282079 0.988955 0.575171 0.739803 0.627563 0.649031 0.598330 0.561412 0.643708 0.350066 0.341555 0.337330 0.403038 0.247247 0.326898 0.231638 0.257546 0.277015 0.243528 0.292659 0.327785 0.438062 0.314381 0.299285 0.367046 0.438038 0.531120 0.584303 0.691430 0.420547 0.365636 0.285716 0.335009 0.232078 0.226058 0.376996 0.312714 0.248074 0.325561 0.816229 0.929995 0.378381 0.528563 0.749527 0.790833 0.742773 0.891556 0.575741 0.581155 0.412876 0.571540 0.482670 0.393247 0.720944 0.582517 0.436693 0.389253 0.471857 0.324729 0.685086 0.737570 0.654407 0.490836 0.667729 0.543611 0.500240 0.505916 0.550173 0.979846
0.417261 0.431983 0.368962 0.293148 0.860442 0.635859 0.363030 0.344843 0.602061 0.441247 0.382356 0.333209 0.355297 0.329524 0.350995 0.292736 0.334557 0.325305 0.295404 0.281650 0.568997 0.819905 0.246260 0.282361 0.501425 0.489701 0.902716 0.935664 0.315660 0.261158 0.235757 0.000000 0.310025 0.284880 0.637930 0.600715 0.468718 0.722193 0.702610 0.715441 0.837533 0.662944 0.398476 0.405769 0.661757 0.572080 0.489330 0.394112 0.792077 0.802091 0.950655 0.831688 0.791182 0.787655 0.737909 0.829371 0.424994 0.446043 0.496479 0.563075 0.388874 0.451567 0.312147 0.345115 0.427024 0.328045 0.428826 0.450812 0.554779 0.425387 0.419929 0.512456 0.560700 0.638536 0.651540 0.753515 0.505891 0.427427 0.307168 0.377859 0.277744 0.248987 0.414788 0.316762 0.367840 0.324188 0.853810 0.867729 0.459480 0.630001 0.910229 0.940309 0.878757 0.940999 0.676051 0.596725 0.604263 0.611918 0.663480 0.475375 0.791186 0.713251 0.549349 0.459701 0.591928 0.472415 0.843278 0.948943 0.730861 0.577310 0.735330 0.649023 0.715034 0.569525 0.608634 0.939124
0.157534 0.222990 0.233170 0.190646 0.592472 0.558834 0.188517 0.158386 0.404200 0.269363 0.221345 0.149285 0.161562 0.198637 0.192273 0.192569 0.194395 0.159939 0.140455 0.181194 0.465513 0.867101 0.216453 0.384885 0.557488 0.539085 0.981143 0.883276 0.192662 0.168167 0.189359 0.310025 0.000000 0.129792 0.413065 0.593997 0.309181 0.447121 0.672180 0.571084 0.693509 0.536920 0.234635 0.206877 0.338031 0.272290 0.252446 0.235795 0.874081 0.495623 0.616645 0.502231 0.611085 0.594377 0.491920 0.543139 0.243249 0.225109 0.219597 0.269372 0.133559 0.211944 0.133033 0.146147 0.270271 0.193822 0.228046 0.232657 0.338399 0.217609 0.248057 0.270788 0.447351 0.564705 0.561306 0.708602 0.326251 0.260910 0.208394 0.262917 0.134836 0.137075 0.366925 0.263340 0.198641 0.286228 0.896326 0.922228 0.398771 0.510992 0.620799 0.641919 0.605684 0.744302 0.547169 0.518358 0.425067 0.557206 0.313658 0.250410 0.619506 0.496863 0.271183 0.267912 0.291511 0.309020 0.719400 0.695654 0.667883 0.462327 0.639278 0.399858 0.426585 0.450943 0.461047 0.971303
0.175691 0.231035 0.243730 0.205955 0.640684 0.569004 0.183090 0.166138 0.425330 0.267680 0.210170 0.180187 0.195259 0.241342 0.230249 0.224093 0.171877 0.160229 0.136315 0.160083 0.449154 0.797535 0.250292 0.410360 0.555222 0.542174 0.976619 0.793595 0.193578 0.159666 0.212732 0.284880 0.129792 0.000000 0.397261 0.558502 0.305405 0.428910 0.619855 0.558692 0.705429 0.517922 0.233379 0.195148 0.354118 0.304724 0.275303 0.218864 0.943110 0.523135 0.672063 0.544392 0.629200 0.629902 0.517268 0.578766 0.232123 0.230071 0.225634 0.286075 0.148533 0.223918 0.134777 0.163164 0.269777 0.184328 0.195003 0.215789 0.330770 0.205301 0.276116 0.294378 0.422116 0.542338 0.596416 0.621415 0.343524 0.283959 0.188103 0.252048 0.122454 0.138479 0.381445 0.265222 0.236100 0.322595 0.947277 0.863169 0.423439 0.528845 0.626150 0.672958 0.625461 0.753199 0.554090 0.491297 0.418929 0.488115 0.335932 0.253470 0.613415 0.510015 0.272499 0.236494 0.312008 0.267556 0.742597 0.703372 0.666798 0.455765 0.597384 0.398660 0.405679 0.422324 0.439166 0.914383
0.498464 0.592842 0.428864 0.408395 0.736378 0.592318 0.420920 0.376501 0.576528 0.390123 0.584190 0.557453 0.548056 0.552999 0.566252 0.579098 0.578982 0.555209 0.490851 0.552282 0.696566 0.904095 0.528459 0.692487 0.683203 0.469836 0.913136 0.938246 0.571536 0.548951 0.471170 0.637930 0.413065 0.397261 0.000000 0.469201 0.558515 0.581922 0.640755 0.767217 0.940777 0.717285 0.467406 0.510679 0.511629 0.510505 0.546176 0.478748 0.925783 0.655265 0.696681 0.627127 0.602172 0.675530 0.539657 0.562562 0.613162 0.611820 0.436187 0.485665 0.430522 0.471613 0.489196 0.501477 0.401275 0.368936 0.326224 0.365259 0.606212 0.524683 0.587271 0.641023 0.611796 0.759139 0.708322 0.830059 0.591909 0.610322 0.549995 0.657966 0.450089 0.455812 0.581664 0.540948 0.459582 0.529203 0.938313 0.853026 0.646307 0.592651 0.566590 0.626097 0.543288 0.675856 0.724202 0.696806 0.502091 0.632549 0.480606 0.438273 0.596422 0.576370 0.465031 0.484592 0.511689 0.521476 0.703015 0.613840 0.861582 0.650797 0.682734 0.413293 0.587131 0.678383 0.606860 0.923441
0.633249 0.658768 0.582154 0.537251 0.749562 0.776188 0.583836 0.517875 0.699439 0.592747 0.688625 0.646260 0.655516 0.647750 0.666577 0.648543 0.652318 0.677833 0.581449 0.602625 0.820270 0.841669 0.525613 0.623033 0.792903 0.651224 0.977927 0.809843 0.680564 0.658946 0.587736 0.600715 0.593997 0.558502 0.469201 0.000000 0.601779 0.496629 0.699182 0.877443 0.925576 0.840120 0.526855 0.611794 0.625383 0.648674 0.684306 0.596570 0.924271 0.712460 0.750288 0.696247 0.719143 0.704361 0.843678 0.836725 0.661044 0.684137 0.634889 0.674038 0.582785 0.593823 0.607022 0.607314 0.527525 0.538026 0.505925 0.547252 0.835414 0.667217 0.583581 0.788043 0.832270 0.855293 0.847032 0.764600 0.690809 0.756532 0.736075 0.712312 0.620685 0.624192 0.636762 0.673924 0.536002 0.517391 0.933988 0.987836 0.681612 0.633803 0.731367 0.824206 0.762010 0.809518 0.853774 0.680887 0.639110 0.722524 0.630941 0.562291 0.588935 0.726034 0.584095 0.631526 0.692702 0.563741 0.698037 0.729858 0.845522 0.920209 0.699918 0.658287 0.735630 0.769202 0.610756 0.889362
0.336783 0.353901 0.378668 0.300534 0.739485 0.536707 0.346880 0.306738 0.550890 0.395383 0.409704 0.304940 0.280185 0.338758 0.287413 0.296524 0.350052 0.318213 0.328175 0.333942 0.504629 0.787820 0.275384 0.412929 0.574077 0.601205 0.963569 0.888405 0.381581 0.298963 0.332612 0.468718 0.309181 0.305405 0.558515 0.601779 0.000000 0.366926 0.688911 0.725355 0.683118 0.509158 0.339808 0.354877 0.460831 0.425084 0.435391 0.350110 0.880691 0.551826 0.680986 0.598624 0.759084 0.696820 0.656036 0.668276 0.358579 0.357250 0.413028 0.500041 0.324385 0.346966 0.278245 0.292561 0.343464 0.353469 0.383154 0.429857 0.614468 0.424895 0.329770 0.422166 0.684859 0.714547 0.618918 0.666231 0.385115 0.397879 0.345374 0.491563 0.310359 0.324890 0.437891 0.292600 0.276704 0.366524 0.854841 0.985206 0.545165 0.531927 0.614364 0.658992 0.623973 0.739418 0.492630 0.593945 0.464564 0.539550 0.407998 0.363909 0.664040 0.593945 0.360747 0.436325 0.392451 0.305519 0.859647 0.671774 0.663227 0.577591 0.671731 0.490407 0.461803 0.616142 0.456657 0.926190
0.411046 0.435230 0.448640 0.418413 0.651434 0.883897 0.444525 0.402758 0.637921 0.506316 0.505199 0.438581 0.396950 0.444546 0.409974 0.465182 0.460846 0.437694 0.429519 0.467063 0.543361 0.774610 0.444042 0.556777 0.709648 0.812887 0.982484 0.778499 0.537654 0.425190 0.505067 0.722193 0.447121 0.428910 0.581922 0.496629 0.366926 0.000000 0.709815 0.614151 0.757340 0.640831 0.346106 0.383872 0.435070 0.406086 0.484207 0.418832 0.674759 0.398621 0.497430 0.443552 0.595634 0.486912 0.634054 0.628913 0.456126 0.451181 0.452691 0.483583 0.387978 0.402644 0.398080 0.401610 0.376649 0.460418 0.460284 0.529186 0.634391 0.460344 0.461999 0.541596 0.663733 0.639245 0.779620 0.654177 0.465208 0.560799 0.506969 0.549392 0.462582 0.467206 0.493974 0.469607 0.380819 0.485255 0.951304 0.970623 0.521742 0.553557 0.632960 0.678589 0.727829 0.707002 0.626552 0.481623 0.531925 0.570779 0.446152 0.433840 0.630141 0.703186 0.379697 0.402824 0.443852 0.359546 0.667868 0.545246 0.552303 0.593579 0.683080 0.589916 0.486322 0.641655 0.507069 0.930374
