0.000000 0.226600 0.509060 0.603183 0.946946 0.799672 0.506793 0.441549 0.997532 0.642639 0.275388 0.263926 0.346155 0.412962 0.476947 0.461413 0.274689 0.193414 0.333586 0.252639 0.740449 0.828796 0.471834 0.625200 0.773152 0.747939 0.925030 0.940429 0.252319 0.244909 0.461736 0.456304 0.387715 0.348216 0.726703 0.834301 0.558421 0.726292 0.767851 0.726024 0.737782 0.785965 0.499262 0.448868 0.554306 0.472728 0.478002 0.395112 0.731376 0.652653 0.687081 0.716272 0.741316 0.898280 0.663529 0.813493 0.290026 0.288974 0.463573 0.384022 0.290884 0.350147 0.233995 0.251109 0.519750 0.464324 0.534575 0.385685 0.395450 0.328709 0.510866 0.560895 0.452403 0.535040 0.755908 0.719196 0.486034 0.504282 0.478772 0.364392 0.238890 0.271103 0.401609 0.462942 0.505879 0.491819 0.818626 0.939394 0.892377 0.574334 0.898373 0.920972 0.835919 0.948188 0.515137 0.638417 0.614243 0.796521 0.535817 0.547041 0.703150 0.646220 0.545560 0.591400 0.500643 0.552850 0.888889 0.882789 0.971969 0.722436 0.832532 0.545555 0.633010 0.702854 0.706524 0.982807
0.226600 0.000000 0.668412 0.701600 0.964463 0.898947 0.592539 0.492707 0.989281 0.614086 0.349137 0.327126 0.543431 0.509591 0.610569 0.536097 0.190249 0.185201 0.382519 0.302683 0.781038 0.820517 0.578999 0.741547 0.900334 0.843527 0.859171 0.930334 0.280692 0.262873 0.539171 0.559262 0.445348 0.386381 0.811526 0.724220 0.691820 0.651302 0.885364 0.806691 0.835648 0.607335 0.487506 0.450396 0.550307 0.489241 0.526276 0.435616 0.625605 0.634071 0.646455 0.697989 0.756375 0.850162 0.817788 0.913364 0.168984 0.170612 0.438941 0.422739 0.440173 0.468786 0.211005 0.185506 0.745817 0.642470 0.568934 0.422729 0.460376 0.304819 0.464688 0.470186 0.488261 0.525695 0.829578 0.668021 0.492101 0.337479 0.456727 0.465376 0.228406 0.382621 0.402416 0.461317 0.645156 0.672631 0.725609 0.832772 0.995704 0.717722 0.835137 0.842747 0.779181 0.914274 0.531023 0.689748 0.653646 0.649251 0.499347 0.484465 0.696027 0.640675 0.447273 0.535835 0.471583 0.490315 0.774596 0.790252 0.982925 0.786580 0.756834 0.551428 0.677466 0.769390 0.735364 0.968360
0.509060 0.668412 0.000000 0.220370 0.957204 0.556030 0.178956 0.277111 0.590164 0.424536 0.480420 0.573298 0.396527 0.601208 0.514155 0.542461 0.704358 0.548659 0.390246 0.448864 0.704211 0.802964 0.319292 0.382311 0.657571 0.409596 0.920243 0.896436 0.688838 0.531955 0.300660 0.409279 0.344914 0.323961 0.568662 0.722167 0.664832 0.766626 0.551876 0.777779 0.943106 0.978802 0.317603 0.330615 0.325225 0.355394 0.363674 0.364900 0.588431 0.526623 0.557414 0.519674 0.561312 0.744805 0.695010 0.601013 0.766487 0.796596 0.500751 0.484862 0.392089 0.458170 0.644528 0.709475 0.285816 0.265604 0.250076 0.299210 0.842226 0.659280 0.442090 0.454709 0.568729 0.527993 0.788492 0.713070 0.490812 0.669743 0.530665 0.440182 0.640564 0.520824 0.791658 0.796437 0.647708 0.509529 0.881961 0.974336 0.863588 0.660548 0.534161 0.602893 0.544397 0.560820 0.593681 0.638876 0.358888 0.815614 0.402771 0.403153 0.506993 0.469720 0.558963 0.552480 0.438359 0.511961 0.640913 0.679767 0.867444 0.847766 0.757976 0.507817 0.464039 0.677191 0.646706 0.882709
0.603183 0.701600 0.220370 0.000000 0.973636 0.558165 0.231809 0.279502 0.601148 0.413984 0.557249 0.643176 0.463265 0.538378 0.508043 0.500641 0.763022 0.592915 0.366866 0.461226 0.639634 0.727473 0.336603 0.347404 0.753172 0.433049 0.917231 0.964487 0.673808 0.568858 0.353857 0.430667 0.360366 0.325593 0.633501 0.693421 0.684347 0.843137 0.675902 0.856633 0.979564 0.904946 0.312227 0.335762 0.398087 0.414547 0.399234 0.414141 0.588874 0.537221 0.604980 0.538826 0.618441 0.735851 0.767935 0.706109 0.794719 0.825729 0.488244 0.548591 0.519730 0.544390 0.710711 0.781504 0.372279 0.295479 0.309738 0.364687 0.964020 0.727694 0.424772 0.426361 0.656762 0.558028 0.867289 0.621947 0.450779 0.596557 0.546902 0.506601 0.723123 0.579206 0.863324 0.783538 0.718402 0.516010 0.949006 0.934391 0.905286 0.672486 0.448315 0.490460 0.480337 0.460222 0.687799 0.608215 0.434999 0.723528 0.391342 0.355356 0.472646 0.532389 0.561297 0.474960 0.468577 0.592335 0.675698 0.679843 0.890942 0.853599 0.809008 0.474571 0.441489 0.597790 0.664544 0.799205
0.946946 0.964463 0.957204 0.973636 0.000000 0.950101 0.924099 0.912003 0.993534 0.922241 0.976064 0.949624 0.925752 0.890929 0.982490 0.914605 0.921890 0.943354 0.945905 0.958000 0.952813 0.943041 0.907464 0.957084 0.824422 0.930505 0.956381 0.968001 0.925228 0.947971 0.992496 0.938125 0.981485 0.957932 0.950520 0.931813 0.789829 0.933342 0.871522 0.936715 0.889115 0.908245 0.882054 0.889774 0.868035 0.829676 0.988682 0.891941 0.722130 0.771961 0.853026 0.818799 0.843408 0.745112 0.998421 0.899388 0.938101 0.909349 0.863006 0.870944 0.877802 0.917585 0.843229 0.896403 0.956737 0.940399 0.954159 0.943664 0.937483 0.958855 0.859060 0.864634 0.982765 0.965755 0.934683 0.936893 0.922501 0.993985 0.865600 0.962786 0.860178 0.938063 0.936726 0.962243 0.990615 0.992535 0.968342 0.928517 0.967344 0.879434 0.889799 0.875677 0.926562 0.980577 0.920623 0.978815 0.949345 0.839070 0.864335 0.763326 0.920277 0.963864 0.968462 0.805588 0.946278 0.946402 0.821398 0.981825 0.738721 0.904205 0.945028 0.778804 0.740887 0.966724 0.903638 0.962899
0.799672 0.898947 0.556030 0.558165 0.950101 0.000000 0.549097 0.719996 0.780926 0.702305 0.801637 0.746553 0.600491 0.787998 0.657223 0.512870 0.931292 0.810835 0.617883 0.716998 0.836364 0.791037 0.586192 0.587615 0.739786 0.473576 0.783805 0.652336 0.868406 0.808448 0.681306 0.708031 0.619436 0.559388 0.704877 0.905461 0.949756 0.969007 0.767899 0.889006 0.997610 0.937485 0.625335 0.574375 0.731266 0.775265 0.768457 0.655409 0.928499 0.746317 0.833173 0.730941 0.774365 0.848561 0.853118 0.818278 0.995801 0.990291 0.840951 0.816048 0.778867 0.877313 0.886143 0.975010 0.572276 0.604571 0.626386 0.701842 0.905635 0.748927 0.768437 0.670720 0.787314 0.662723 0.771526 0.788469 0.762783 0.817813 0.786355 0.567883 0.819326 0.667647 0.995009 0.921701 0.687470 0.552494 0.861363 0.762181 0.931319 0.794630 0.673530 0.674976 0.691884 0.651375 0.762568 0.601169 0.678350 0.874905 0.703841 0.674809 0.881829 0.725730 0.868527 0.703935 0.646684 0.782098 0.877325 0.898249 0.977951 0.872332 0.999759 0.761532 0.659684 0.877633 0.888752 0.998404
0.506793 0.592539 0.178956 0.231809 0.924099 0.549097 0.000000 0.195649 0.513368 0.285505 0.516172 0.593852 0.433108 0.664760 0.571337 0.545402 0.618756 0.517177 0.350257 0.425455 0.738995 0.809218 0.272400 0.457694 0.773888 0.487408 0.971333 0.909911 0.651821 0.522903 0.310580 0.437926 0.289947 0.244303 0.536999 0.614347 0.667246 0.795954 0.711983 0.797279 0.964154 0.892819 0.202829 0.216320 0.207625 0.237936 0.325986 0.294237 0.438832 0.397401 0.425566 0.386942 0.445890 0.613109 0.681938 0.583208 0.654763 0.685458 0.350269 0.393883 0.364917 0.418623 0.541152 0.607828 0.335572 0.296472 0.165514 0.227496 0.881082 0.593271 0.312588 0.315985 0.637376 0.519614 0.815585 0.659826 0.362402 0.608878 0.468486 0.447892 0.575072 0.539181 0.798126 0.779108 0.675823 0.584930 0.962615 0.923751 0.854660 0.743818 0.379034 0.435956 0.398258 0.434382 0.578163 0.566699 0.318745 0.692163 0.248190 0.265171 0.383553 0.403105 0.461490 0.439914 0.324374 0.390022 0.541615 0.585099 0.790476 0.858375 0.654617 0.400800 0.387411 0.633958 0.547764 0.811374
0.441549 0.492707 0.277111 0.279502 0.912003 0.719996 0.195649 0.000000 0.510514 0.248337 0.420237 0.518351 0.449115 0.573709 0.611820 0.575551 0.533257 0.442332 0.365581 0.340652 0.803429 0.804536 0.362319 0.528316 0.952150 0.662350 0.841635 0.847090 0.545621 0.475034 0.415022 0.461587 0.337969 0.294062 0.665799 0.639590 0.706629 0.832834 0.861396 0.860588 0.902088 0.774638 0.276486 0.324038 0.306328 0.323726 0.432200 0.383447 0.474316 0.467854 0.513529 0.480429 0.554520 0.658915 0.788650 0.693888 0.539593 0.544971 0.326195 0.382378 0.366637 0.334994 0.469840 0.483619 0.486670 0.354083 0.270710 0.289159 0.858576 0.546236 0.332057 0.363630 0.689907 0.622253 0.879264 0.714445 0.388376 0.542866 0.488360 0.539302 0.534493 0.534876 0.758433 0.753874 0.778355 0.671923 0.997980 0.911219 0.836497 0.711538 0.379936 0.438035 0.387499 0.458064 0.519579 0.612642 0.364572 0.621276 0.233654 0.239702 0.335622 0.428557 0.392359 0.401692 0.337223 0.383303 0.560409 0.599104 0.812369 0.782573 0.658386 0.358658 0.364077 0.598339 0.577329 0.840653
0.997532 0.989281 0.590164 0.601148 0.993534 0.780926 0.513368 0.510514 0.000000 0.388987 0.900133 0.978785 0.820397 0.922491 0.991192 0.936851 0.993792 0.953238 0.897450 0.918668 0.955467 0.908398 0.767642 0.905340 0.920959 0.855220 0.858847 0.900611 0.914230 0.922870 0.746755 0.882263 0.812899 0.726284 0.825876 0.778979 0.944051 0.951135 0.973682 0.861770 0.806112 0.986069 0.566511 0.613185 0.542509 0.554794 0.732538 0.764288 0.512060 0.492429 0.501164 0.485479 0.466761 0.533147 0.999034 0.842787 0.939626 0.955612 0.512931 0.639168 0.723827 0.677019 0.930714 0.941495 0.791924 0.712009 0.589279 0.695207 0.779358 0.937947 0.670649 0.686954 0.921968 0.996935 0.984898 0.974438 0.769337 0.835601 0.858486 0.844321 0.918416 0.831139 0.801417 0.799291 0.776164 0.933245 0.948122 0.849025 0.777602 0.888816 0.465021 0.563208 0.577716 0.495512 0.775942 0.843388 0.631183 0.796556 0.489856 0.514732 0.650030 0.572740 0.694296 0.624832 0.639957 0.668415 0.582040 0.593492 0.929647 0.905585 0.722023 0.597603 0.572182 0.918276 0.600889 0.791183
0.642639 0.614086 0.424536 0.413984 0.922241 0.702305 0.285505 0.248337 0.388987 0.000000 0.610323 0.645726 0.571832 0.810490 0.722159 0.671210 0.625284 0.634804 0.528404 0.511227 0.928807 0.885866 0.460482 0.679698 0.891404 0.807710 0.893344 0.856723 0.703405 0.635740 0.592217 0.593884 0.496854 0.435007 0.762919 0.578479 0.854677 0.934454 0.911152 0.982441 0.909905 0.814211 0.354854 0.388170 0.367167 0.396057 0.512793 0.456514 0.390760 0.421219 0.499329 0.473237 0.534542 0.623273 0.824880 0.755381 0.682739 0.695571 0.384260 0.481582 0.531111 0.484323 0.622850 0.619198 0.676771 0.531275 0.398780 0.470218 0.905737 0.610354 0.401083 0.411154 0.849512 0.756190 0.892986 0.748113 0.512082 0.548756 0.550295 0.595716 0.654551 0.711238 0.896733 0.819448 0.961155 0.870140 0.947676 0.936598 0.842870 0.790177 0.376944 0.409824 0.439880 0.476759 0.558566 0.613388 0.363396 0.625065 0.273247 0.263919 0.412699 0.414522 0.463705 0.480230 0.462861 0.418851 0.561081 0.606904 0.820941 0.896979 0.659448 0.450783 0.434635 0.794550 0.634945 0.765818
0.275388 0.349137 0.480420 0.557249 0.976064 0.801637 0.516172 0.420237 0.900133 0.610323 0.000000 0.333450 0.353989 0.499798 0.566094 0.550364 0.459944 0.339871 0.386365 0.291498 0.835181 0.891918 0.581442 0.668147 0.924474 0.842773 0.917097 0.999183 0.392458 0.357207 0.552946 0.586828 0.511217 0.464973 0.820549 0.871551 0.662418 0.831662 0.856369 0.844015 0.806513 0.931019 0.578358 0.558312 0.602866 0.538782 0.585226 0.556876 0.782927 0.687741 0.774052 0.760742 0.788931 0.897991 0.764906 0.831498 0.458539 0.420494 0.533460 0.460512 0.350085 0.365427 0.372661 0.401204 0.607832 0.507278 0.606793 0.444138 0.537724 0.519669 0.610083 0.579933 0.547466 0.664976 0.772124 0.747943 0.506852 0.527963 0.570021 0.472719 0.408327 0.383633 0.589795 0.602692 0.722904 0.658096 0.862300 0.907451 0.927924 0.641727 0.868653 0.901328 0.851478 0.931808 0.605258 0.648779 0.648881 0.903135 0.562233 0.555174 0.725271 0.590813 0.554906 0.619027 0.513772 0.594254 0.860308 0.925442 0.932832 0.810008 0.798755 0.573527 0.641286 0.701306 0.743191 0.922129
0.263926 0.327126 0.573298 0.643176 0.949624 0.746553 0.593852 0.518351 0.978785 0.645726 0.333450 0.000000 0.307045 0.385908 0.385805 0.299042 0.368778 0.266025 0.412137 0.372862 0.770282 0.826247 0.436167 0.562058 0.815350 0.773445 0.994971 0.930915 0.282732 0.259830 0.544446 0.506815 0.451781 0.416396 0.855710 0.993034 0.710870 0.868907 0.863758 0.867826 0.906720 0.864849 0.581386 0.527658 0.680588 0.553958 0.589056 0.458027 0.781278 0.628860 0.711739 0.669397 0.754443 0.770658 0.792327 0.878882 0.469728 0.428965 0.582893 0.474514 0.309132 0.354347 0.283190 0.308484 0.589430 0.467674 0.676304 0.523700 0.587649 0.416025 0.611951 0.606158 0.388983 0.477415 0.685883 0.665056 0.591107 0.455960 0.521558 0.395246 0.328857 0.314132 0.445198 0.542768 0.501999 0.474947 0.767758 0.951306 0.924991 0.619971 0.938776 0.983389 0.928664 0.921685 0.584112 0.666041 0.645346 0.828096 0.646778 0.578336 0.786808 0.684112 0.647048 0.758018 0.487469 0.540889 0.900121 0.985781 0.956210 0.727987 0.913303 0.600826 0.647044 0.784724 0.738584 0.999690
0.346155 0.543431 0.396527 0.463265 0.925752 0.600491 0.433108 0.449115 0.820397 0.571832 0.353989 0.307045 0.000000 0.428432 0.384041 0.328007 0.601308 0.466123 0.378913 0.445803 0.799427 0.888129 0.389374 0.463656 0.761202 0.608830 0.900275 0.977530 0.450426 0.403578 0.547554 0.536039 0.471827 0.443430 0.814066 0.952808 0.712362 0.937203 0.722032 0.823467 0.931496 0.980577 0.490146 0.451602 0.605934 0.477027 0.495344 0.430369 0.751749 0.496241 0.632167 0.571478 0.658139 0.725588 0.683057 0.720072 0.678304 0.620877 0.498120 0.413622 0.259628 0.352224 0.432359 0.520624 0.372558 0.337218 0.572125 0.481390 0.629202 0.553459 0.652056 0.593633 0.473351 0.567767 0.773034 0.704602 0.611947 0.613069 0.549374 0.411929 0.498470 0.361548 0.674595 0.657679 0.528123 0.393283 0.884480 0.807666 0.771815 0.559104 0.815969 0.862025 0.864723 0.884624 0.628093 0.663419 0.587305 0.889810 0.587158 0.516473 0.691838 0.603429 0.674564 0.703616 0.513022 0.618862 0.920446 0.995759 0.803843 0.759911 0.912302 0.590956 0.536571 0.743018 0.744055 0.873414
0.412962 0.509591 0.601208 0.538378 0.890929 0.787998 0.664760 0.573709 0.922491 0.810490 0.499798 0.385908 0.428432 0.000000 0.304657 0.338630 0.631912 0.417453 0.400125 0.408358 0.715901 0.745992 0.456348 0.446826 0.727609 0.641089 0.987366 0.918793 0.374081 0.358891 0.540005 0.509126 0.492317 0.492657 0.939182 0.986529 0.745092 0.957802 0.807911 0.825050 0.914868 0.794945 0.645101 0.631449 0.854501 0.743758 0.591742 0.637722 0.993171 0.921755 0.980504 0.897310 0.946833 0.944538 0.729590 0.894369 0.628253 0.643523 0.754553 0.717721 0.534636 0.560417 0.567403 0.575052 0.502925 0.449570 0.707888 0.642266 0.668346 0.528462 0.690744 0.720748 0.487166 0.595008 0.831295 0.663410 0.624516 0.621549 0.651085 0.499759 0.543627 0.362942 0.492023 0.406328 0.457521 0.342475 0.956746 0.817832 0.906058 0.514348 0.925361 0.956932 0.883227 0.988695 0.630795 0.734182 0.775242 0.764015 0.760119 0.678991 0.712463 0.769551 0.773557 0.803134 0.651981 0.721821 0.953956 0.922415 0.953404 0.776667 0.969689 0.702423 0.702466 0.762346 0.829116 0.915509
0.476947 0.610569 0.514155 0.508043 0.982490 0.657223 0.571337 0.611820 0.991192 0.722159 0.566094 0.385805 0.384041 0.304657 0.000000 0.295777 0.631688 0.462122 0.419810 0.478277 0.736479 0.712039 0.315883 0.361940 0.614733 0.567266 0.829059 0.834682 0.468213 0.399098 0.433916 0.373399 0.420654 0.451760 0.807006 0.971538 0.781337 0.993793 0.731521 0.908866 0.933308 0.987408 0.571640 0.561893 0.757712 0.652824 0.528116 0.529130 0.882297 0.832809 0.931096 0.832343 0.919507 0.968978 0.720491 0.809116 0.749073 0.775064 0.748370 0.747976 0.517847 0.647747 0.598236 0.676953 0.470086 0.460581 0.651802 0.617131 0.700768 0.644366 0.663217 0.731792 0.465421 0.562465 0.758735 0.703724 0.612364 0.648945 0.510207 0.505353 0.521853 0.389944 0.512228 0.507495 0.439188 0.330373 0.983019 0.803840 0.989178 0.659556 0.949027 0.989487 0.980540 0.959643 0.735029 0.732852 0.703856 0.837819 0.762934 0.656406 0.830838 0.818272 0.889660 0.868045 0.635837 0.727684 0.955184 0.872364 0.990689 0.799826 0.988474 0.716240 0.657969 0.856474 0.815048 0.939301
0.461413 0.536097 0.542461 0.500641 0.914605 0.512870 0.545402 0.575551 0.936851 0.671210 0.550364 0.299042 0.328007 0.338630 0.295777 0.000000 0.575350 0.439266 0.356493 0.467207 0.711335 0.660268 0.309954 0.350545 0.611500 0.558100 0.887822 0.783583 0.415958 0.355408 0.497817 0.448080 0.392293 0.368327 0.843194 0.980896 0.758409 0.940698 0.784361 0.861138 0.990208 0.908378 0.494641 0.427613 0.697355 0.566399 0.535655 0.455886 0.808360 0.631840 0.734998 0.629177 0.735199 0.779342 0.690559 0.818061 0.685361 0.675565 0.615546 0.625240 0.460641 0.553018 0.499741 0.562743 0.451296 0.415645 0.614053 0.588832 0.736602 0.509877 0.585116 0.598862 0.438318 0.457956 0.683799 0.647845 0.590728 0.593250 0.556315 0.414998 0.517568 0.390387 0.642618 0.578668 0.435437 0.322368 0.778732 0.866109 0.983773 0.654037 0.833224 0.863508 0.866912 0.957499 0.674993 0.632467 0.651175 0.739483 0.658545 0.539827 0.821362 0.675018 0.734130 0.767557 0.525776 0.633711 0.950044 0.991880 0.967724 0.706113 0.921982 0.623629 0.565306 0.789318 0.785093 0.934927
0.274689 0.190249 0.704358 0.763022 0.921890 0.931292 0.618756 0.533257 0.993792 0.625284 0.459944 0.368778 0.601308 0.631912 0.631688 0.575350 0.000000 0.195162 0.414873 0.347364 0.785833 0.805348 0.567624 0.762990 0.845329 0.872300 0.882382 0.902687 0.313211 0.295951 0.565855 0.511110 0.447944 0.418697 0.858126 0.767511 0.734541 0.694197 0.913069 0.827555 0.792895 0.614948 0.490827 0.480077 0.570125 0.522738 0.566768 0.435794 0.663107 0.676502 0.688963 0.747095 0.790593 0.885981 0.849097 0.935920 0.183330 0.236592 0.473551 0.523950 0.499399 0.550148 0.237022 0.240399 0.761926 0.708632 0.612893 0.495909 0.462570 0.352889 0.506916 0.522732 0.507965 0.554205 0.781160 0.641948 0.520240 0.434920 0.435355 0.517903 0.213140 0.420169 0.430994 0.518134 0.625504 0.712210 0.787429 0.779081 0.946044 0.842074 0.870731 0.882537 0.840353 0.989635 0.597086 0.714955 0.665028 0.657110 0.549733 0.527023 0.784076 0.685746 0.502068 0.566471 0.506929 0.528870 0.832140 0.851978 0.972438 0.737657 0.791050 0.563395 0.698606 0.766995 0.712050 0.937277
0.193414 0.185201 0.548659 0.592915 0.943354 0.810835 0.517177 0.442332 0.953238 0.634804 0.339871 0.266025 0.466123 0.417453 0.462122 0.439266 0.195162 0.000000 0.299967 0.216625 0.717719 0.763295 0.434290 0.577112 0.768814 0.715097 0.967855 0.873410 0.229275 0.180694 0.459812 0.437905 0.359164 0.298141 0.746696 0.831204 0.652256 0.691460 0.783508 0.804150 0.756279 0.715501 0.458554 0.421759 0.552726 0.493790 0.523407 0.384526 0.690475 0.670366 0.722758 0.745614 0.780219 0.901331 0.763021 0.879280 0.224714 0.246693 0.499024 0.487521 0.403395 0.464531 0.223611 0.233670 0.611638 0.534370 0.534011 0.388369 0.463079 0.355659 0.450192 0.497867 0.431889 0.462915 0.782145 0.563891 0.446925 0.421194 0.435128 0.388217 0.202728 0.253388 0.368026 0.429901 0.482398 0.522364 0.817847 0.901009 0.963367 0.675871 0.831662 0.833769 0.770024 0.921156 0.514394 0.688288 0.634998 0.675469 0.528946 0.495404 0.712561 0.627684 0.505896 0.574767 0.441253 0.499667 0.816362 0.892850 0.998265 0.742297 0.841952 0.520760 0.638238 0.675385 0.724800 0.983038
0.333586 0.382519 0.390246 0.366866 0.945905 0.617883 0.350257 0.365581 0.897450 0.528404 0.386365 0.412137 0.378913 0.400125 0.419810 0.356493 0.414873 0.299967 0.000000 0.266276 0.607846 0.722353 0.330868 0.404019 0.683159 0.581728 0.997003 0.874359 0.349269 0.294738 0.391578 0.361697 0.296112 0.249832 0.769957 0.713432 0.643408 0.848501 0.734604 0.850128 0.925680 0.784913 0.353786 0.340539 0.474761 0.443673 0.391410 0.370951 0.655073 0.630400 0.733941 0.708509 0.777712 0.936812 0.821702 0.823917 0.427482 0.488238 0.468548 0.515721 0.457668 0.567470 0.398624 0.499212 0.459192 0.447807 0.417002 0.431316 0.623042 0.456083 0.417608 0.445227 0.543325 0.509879 0.723974 0.592703 0.428016 0.474894 0.502920 0.411703 0.427840 0.370713 0.656457 0.532989 0.567768 0.489417 0.909557 0.968411 0.981348 0.731121 0.687550 0.697525 0.671406 0.745718 0.640565 0.552350 0.560866 0.671155 0.447766 0.377439 0.582205 0.562714 0.523516 0.483038 0.467711 0.570986 0.857680 0.862059 0.927305 0.843945 0.795552 0.515791 0.512858 0.669825 0.700080 0.881836
0.252639 0.302683 0.448864 0.461226 0.958000 0.716998 0.425455 0.340652 0.918668 0.511227 0.291498 0.372862 0.445803 0.408358 0.478277 0.467207 0.347364 0.216625 0.266276 0.000000 0.692834 0.728186 0.413382 0.530089 0.792599 0.690975 0.922004 0.866343 0.334960 0.271829 0.436303 0.385322 0.345519 0.302350 0.689412 0.756465 0.649548 0.739847 0.744922 0.866628 0.771345 0.767689 0.437004 0.411225 0.526748 0.514454 0.475076 0.412848 0.719845 0.707283 0.802764 0.798863 0.808081 0.987757 0.798424 0.834146 0.340572 0.374832 0.502362 0.528034 0.463897 0.500222 0.370275 0.383379 0.569064 0.497781 0.477503 0.416719 0.552946 0.410050 0.457135 0.481183 0.533450 0.545428 0.732145 0.642661 0.422826 0.492504 0.508386 0.405412 0.355171 0.298590 0.514389 0.542109 0.618195 0.548476 0.841825 0.964933 0.949268 0.621689 0.719986 0.715408 0.678594 0.788063 0.533411 0.593134 0.570980 0.664541 0.462761 0.440384 0.599324 0.531587 0.476958 0.509528 0.465181 0.524838 0.858272 0.875987 0.947029 0.769326 0.747254 0.540828 0.596663 0.671906 0.729229 0.920685
0.740449 0.781038 0.704211 0.639634 0.952813 0.836364 0.738995 0.803429 0.955467 0.928807 0.835181 0.770282 0.799427 0.715901 0.736479 0.711335 0.785833 0.717719 0.607846 0.692834 0.000000 0.818173 0.681149 0.656174 0.701761 0.725451 0.833174 0.837327 0.825102 0.709750 0.673152 0.707379 0.689229 0.608906 0.808855 0.936557 0.718478 0.879270 0.695949 0.863653 0.938976 0.921040 0.733583 0.737211 0.808319 0.791226 0.606340 0.688212 0.896198 0.895312 0.930171 0.924827 0.950072 0.925781 0.945020 0.926016 0.768639 0.828353 0.780784 0.760456 0.790069 0.885334 0.746089 0.847117 0.686198 0.707462 0.724542 0.744099 0.914724 0.766264 0.831542 0.843143 0.741481 0.781893 0.749752 0.771923 0.853861 0.808135 0.774647 0.709165 0.801510 0.707898 0.772355 0.726748 0.750093 0.681376 0.920910 0.902911 0.945339 0.857491 0.979839 0.946408 0.907828 0.964075 0.981632 0.675163 0.839783 0.903860 0.866182 0.741626 0.986254 0.977159 0.746339 0.800074 0.929405 0.839216 0.992537 0.954519 0.945444 0.920067 0.898200 0.899929 0.912608 0.894462 0.906147 0.902137
0.828796 0.820517 0.802964 0.727473 0.943041 0.791037 0.809218 0.804536 0.908398 0.885866 0.891918 0.826247 0.888129 0.745992 0.712039 0.660268 0.805348 0.763295 0.722353 0.728186 0.818173 0.000000 0.757870 0.691814 0.835264 0.809525 0.828444 0.792836 0.805473 0.764054 0.693145 0.676551 0.721379 0.701114 0.739751 0.840159 0.929291 0.655980 0.954910 0.967192 0.954402 0.987332 0.747679 0.751467 0.833850 0.831887 0.858298 0.800318 0.907131 0.903383 0.967417 0.912066 0.932858 0.962036 0.922906 0.926031 0.887405 0.890466 0.851623 0.946644 0.935806 0.993842 0.875431 0.924662 0.824920 0.782716 0.786941 0.810491 0.973805 0.813314 0.725341 0.776559 0.816695 0.765374 0.929050 0.921444 0.884728 0.814245 0.907821 0.764406 0.847912 0.834507 0.883442 0.905233 0.895899 0.800659 0.944701 0.973860 0.965961 0.989816 0.817014 0.860315 0.855621 0.854049 0.858380 0.825604 0.956555 0.773608 0.808498 0.787337 0.890720 0.829724 0.804944 0.688362 0.808784 0.855599 0.972559 0.993516 0.929704 0.833767 0.962560 0.880635 0.837281 0.811314 0.943112 0.877334
0.471834 0.578999 0.319292 0.336603 0.907464 0.586192 0.272400 0.362319 0.767642 0.460482 0.581442 0.436167 0.389374 0.456348 0.315883 0.309954 0.567624 0.434290 0.330868 0.413382 0.681149 0.757870 0.000000 0.307923 0.582723 0.448588 0.952224 0.991114 0.510607 0.358994 0.275649 0.284381 0.245917 0.249985 0.607011 0.813425 0.655142 0.911648 0.665271 0.827309 0.994766 0.888729 0.288569 0.277559 0.398348 0.351322 0.345484 0.302398 0.593640 0.565307 0.603207 0.520728 0.604156 0.760192 0.599416 0.635416 0.660391 0.696736 0.506273 0.531189 0.382132 0.497447 0.505046 0.560645 0.333145 0.337190 0.327371 0.361214 0.780456 0.515085 0.394519 0.417836 0.457950 0.413388 0.740676 0.650304 0.383045 0.606014 0.439180 0.429987 0.488943 0.405732 0.589056 0.595971 0.459325 0.392964 0.975936 0.944629 0.954293 0.719941 0.612552 0.698352 0.643144 0.781031 0.570132 0.600892 0.403800 0.695170 0.463683 0.395459 0.589883 0.580037 0.590456 0.607629 0.382152 0.452189 0.694794 0.850170 0.849588 0.777048 0.734672 0.489968 0.468499 0.722868 0.616406 0.881391
0.625200 0.741547 0.382311 0.347404 0.957084 0.587615 0.457694 0.528316 0.905340 0.679698 0.668147 0.562058 0.463656 0.446826 0.361940 0.350545 0.762990 0.577112 0.404019 0.530089 0.656174 0.691814 0.307923 0.000000 0.537284 0.442677 0.907857 0.976569 0.640473 0.470350 0.420616 0.403980 0.431520 0.406290 0.740081 0.947944 0.772887 0.900090 0.604145 0.859579 0.972558 0.930964 0.504231 0.502024 0.663844 0.629808 0.521633 0.506444 0.825571 0.771098 0.839215 0.752495 0.860100 0.927854 0.792855 0.711713 0.842585 0.903927 0.753902 0.757349 0.588541 0.725564 0.747048 0.799902 0.402226 0.379394 0.513664 0.568725 0.879304 0.706670 0.605932 0.617791 0.494348 0.505341 0.806712 0.714476 0.600423 0.691598 0.600640 0.519419 0.653165 0.475259 0.765890 0.664167 0.512639 0.386082 0.972766 0.805320 0.969270 0.752243 0.712736 0.744725 0.739181 0.822987 0.713425 0.773003 0.609000 0.708117 0.680750 0.581781 0.678489 0.800238 0.756199 0.807766 0.677189 0.720029 0.854537 0.943649 0.902397 0.812846 0.906435 0.674282 0.614870 0.701193 0.873581 0.934516
0.773152 0.900334 0.657571 0.753172 0.824422 0.739786 0.773888 0.952150 0.920959 0.891404 0.924474 0.815350 0.761202 0.727609 0.614733 0.611500 0.845329 0.768814 0.683159 0.792599 0.701761 0.835264 0.582723 0.537284 0.000000 0.435986 0.714798 0.792393 0.825201 0.711646 0.494253 0.515668 0.628286 0.690863 0.640356 0.945464 0.711582 0.811153 0.567989 0.770228 0.987141 0.946192 0.732214 0.697254 0.802179 0.786658 0.688482 0.665229 0.988021 0.990394 0.920470 0.912426 0.974660 0.891779 0.821879 0.904313 0.921074 0.983271 0.894006 0.896317 0.796312 0.965971 0.849059 0.943946 0.524027 0.692320 0.687200 0.770455 0.835977 0.804744 0.924847 0.940082 0.516782 0.609286 0.716590 0.911364 0.843758 0.923607 0.778993 0.690934 0.833044 0.742004 0.705800 0.849336 0.549870 0.494755 0.848580 0.922947 0.851268 0.884072 0.829606 0.781912 0.852872 0.850119 0.986082 0.909104 0.809311 0.980395 0.997114 0.990751 0.876369 0.969667 0.990387 0.947006 0.866698 0.933612 0.932850 0.984185 0.970106 0.900324 0.922175 0.929085 0.972483 0.880199 0.815047 0.909080
0.747939 0.843527 0.409596 0.433049 0.930505 0.473576 0.487408 0.662350 0.855220 0.807710 0.842773 0.773445 0.608830 0.641089 0.567266 0.558100 0.872300 0.715097 0.581728 0.690975 0.725451 0.809525 0.448588 0.442677 0.435986 0.000000 0.737747 0.867712 0.835289 0.675831 0.385701 0.478521 0.474589 0.508315 0.607263 0.823142 0.768126 0.839823 0.528106 0.679358 0.946432 0.854292 0.505284 0.465403 0.614385 0.642957 0.592963 0.522436 0.850514 0.752043 0.705819 0.667024 0.712138 0.830878 0.756645 0.745421 0.943946 0.963137 0.757330 0.761034 0.689615 0.821505 0.824825 0.912771 0.378815 0.449556 0.450898 0.526022 0.962725 0.775871 0.673520 0.526428 0.537060 0.459455 0.791050 0.814114 0.647202 0.815342 0.685234 0.563156 0.818785 0.602827 0.783547 0.817321 0.567007 0.415301 0.910583 0.804326 0.874779 0.719989 0.721414 0.779131 0.734860 0.653417 0.793282 0.840507 0.612848 0.829082 0.704446 0.691001 0.761078 0.653831 0.772880 0.735425 0.548469 0.773122 0.747722 0.866748 0.957082 0.807730 0.970978 0.783345 0.671980 0.816944 0.787300 0.864866
0.925030 0.859171 0.920243 0.917231 0.956381 0.783805 0.971333 0.841635 0.858847 0.893344 0.917097 0.994971 0.900275 0.987366 0.829059 0.887822 0.882382 0.967855 0.997003 0.922004 0.833174 0.828444 0.952224 0.907857 0.714798 0.737747 0.000000 0.773570 0.968015 0.928871 0.900852 0.989399 0.974085 0.945659 0.972732 0.761952 0.867160 0.898262 0.853888 0.938425 0.856758 0.947201 0.967453 0.954933 0.890742 0.909032 0.996609 0.995375 0.973140 0.956118 0.934697 0.961492 0.957339 0.916787 0.940488 0.940214 0.809060 0.797860 0.907937 0.935292 0.953153 0.884924 0.870099 0.804687 0.794784 0.878237 0.953866 0.891901 0.955233 0.934139 0.781987 0.830044 0.986482 0.940484 0.851837 0.945910 0.918484 0.886973 0.938617 0.915700 0.909901 0.893847 0.945676 0.982589 0.707652 0.693352 0.996221 0.713514 0.824740 0.866362 0.853252 0.953311 0.872177 0.983109 0.852638 0.986533 0.869531 0.711309 0.792521 0.860978 0.791397 0.951702 0.712945 0.818783 0.902071 0.760478 0.872811 0.793444 0.854591 0.960361 0.776553 0.912231 0.858973 0.995939 0.884199 0.904675
0.940429 0.930334 0.896436 0.964487 0.968001 0.652336 0.909911 0.847090 0.900611 0.856723 0.999183 0.930915 0.977530 0.918793 0.834682 0.783583 0.902687 0.873410 0.874359 0.866343 0.837327 0.792836 0.991114 0.976569 0.792393 0.867712 0.773570 0.000000 0.927669 0.918127 0.994197 0.966694 0.929027 0.929899 0.869241 0.908744 0.919501 0.987871 0.960639 0.999852 0.971939 0.980892 0.990102 0.941216 0.871619 0.937832 0.929373 0.998038 0.887711 0.986110 0.925838 0.968144 0.987327 0.960741 0.928169 0.818576 0.892604 0.901753 0.988623 0.974320 0.909367 0.826367 0.922697 0.971203 0.952421 0.849312 0.915659 0.907718 0.889338 0.948291 0.991158 0.911535 0.955440 0.903900 0.853761 0.881549 0.952834 0.919655 0.971422 0.890918 0.932925 0.928285 0.947759 0.989191 0.918814 0.847433 0.776040 0.901016 0.730965 0.920463 0.895845 0.881043 0.860987 0.916624 0.896935 0.784888 0.936780 0.997895 0.957078 0.994313 0.703775 0.929771 0.964306 0.906269 0.996042 0.925527 0.838404 0.701399 0.829415 0.950466 0.865097 0.918767 0.886744 0.940864 0.926564 0.999158
0.252319 0.280692 0.688838 0.673808 0.925228 0.868406 0.651821 0.545621 0.914230 0.703405 0.392458 0.282732 0.450426 0.374081 0.468213 0.415958 0.313211 0.229275 0.349269 0.334960 0.825102 0.805473 0.510607 0.640473 0.825201 0.835289 0.968015 0.927669 0.000000 0.216838 0.572462 0.487603 0.490705 0.405627 0.845548 0.915443 0.648717 0.807483 0.903069 0.892854 0.774847 0.785093 0.584937 0.557485 0.702480 0.605898 0.605101 0.510444 0.754938 0.770758 0.838680 0.837242 0.881347 0.969355 0.723939 0.847860 0.340793 0.360213 0.622317 0.557209 0.449987 0.498608 0.293847 0.305016 0.688710 0.598530 0.692255 0.576390 0.472289 0.390116 0.553056 0.622988 0.475418 0.585252 0.721560 0.703797 0.506777 0.438364 0.630456 0.462689 0.264974 0.318501 0.471438 0.418786 0.507429 0.555649 0.790981 0.991975 0.982717 0.606887 0.954246 0.930225 0.909381 0.999600 0.578506 0.737548 0.723308 0.784001 0.641024 0.605214 0.741719 0.710929 0.663379 0.642851 0.567262 0.639946 0.987961 0.991440 0.978924 0.697454 0.844706 0.571091 0.693992 0.718546 0.757295 0.999999
0.244909 0.262873 0.531955 0.568858 0.947971 0.808448 0.522903 0.475034 0.922870 0.635740 0.357207 0.259830 0.403578 0.358891 0.399098 0.355408 0.295951 0.180694 0.294738 0.271829 0.709750 0.764054 0.358994 0.470350 0.711646 0.675831 0.928871 0.918127 0.216838 0.000000 0.412738 0.388880 0.334612 0.308009 0.728199 0.809679 0.612302 0.751995 0.698306 0.885797 0.791118 0.757566 0.468439 0.425762 0.584759 0.513343 0.510314 0.393955 0.734754 0.685461 0.770200 0.747772 0.814427 0.923385 0.701810 0.820044 0.342433 0.346053 0.595635 0.530212 0.397779 0.462334 0.288825 0.284393 0.585241 0.501924 0.549987 0.431081 0.439020 0.356823 0.450589 0.490410 0.365892 0.390588 0.763271 0.600288 0.449480 0.437189 0.491666 0.398464 0.254503 0.242688 0.414598 0.372813 0.498075 0.498731 0.850131 0.957823 0.964994 0.634802 0.867404 0.899293 0.854817 0.993791 0.497559 0.656309 0.549770 0.661210 0.564670 0.504331 0.687618 0.627777 0.541002 0.660553 0.502453 0.504421 0.872312 0.946473 0.953231 0.712981 0.784302 0.552834 0.612591 0.686028 0.769816 0.913177
0.461736 0.539171 0.300660 0.353857 0.992496 0.681306 0.310580 0.415022 0.746755 0.592217 0.552946 0.544446 0.547554 0.540005 0.433916 0.497817 0.565855 0.459812 0.391578 0.436303 0.673152 0.693145 0.275649 0.420616 0.494253 0.385701 0.900852 0.994197 0.572462 0.412738 0.000000 0.279066 0.244125 0.286282 0.509733 0.675004 0.602056 0.693721 0.586581 0.743120 0.913923 0.849738 0.303861 0.280284 0.329698 0.336245 0.345199 0.316570 0.581948 0.615660 0.568392 0.549637 0.599674 0.804447 0.659897 0.697442 0.628171 0.663988 0.520721 0.522875 0.429881 0.526162 0.518489 0.575136 0.380170 0.385076 0.273419 0.303222 0.789634 0.539873 0.382646 0.401784 0.401430 0.373878 0.698596 0.702930 0.396945 0.608378 0.476330 0.428409 0.530506 0.522462 0.544827 0.623465 0.618001 0.513957 0.913245 0.909701 0.955016 0.681613 0.707364 0.825889 0.728158 0.793971 0.645918 0.662859 0.410931 0.743883 0.473295 0.482865 0.588269 0.582012 0.580940 0.568552 0.430943 0.511377 0.675536 0.722516 0.924565 0.819199 0.670717 0.574625 0.510188 0.637779 0.519194 0.903826
0.456304 0.559262 0.409279 0.430667 0.938125 0.708031 0.437926 0.461587 0.882263 0.593884 0.586828 0.506815 0.536039 0.509126 0.373399 0.448080 0.511110 0.437905 0.361697 0.385322 0.707379 0.676551 0.284381 0.403980 0.515668 0.478521 0.989399 0.966694 0.487603 0.388880 0.279066 0.000000 0.313490 0.369851 0.591868 0.779654 0.640119 0.842939 0.609591 0.883856 0.889601 0.769131 0.434243 0.437039 0.517930 0.553547 0.489860 0.438001 0.760152 0.842247 0.838629 0.820615 0.892007 0.946625 0.734106 0.774545 0.599195 0.694358 0.648195 0.717111 0.553110 0.675594 0.560106 0.614330 0.486377 0.509394 0.460276 0.513584 0.677679 0.533228 0.534785 0.527319 0.447268 0.485013 0.693404 0.801313 0.538080 0.588393 0.563561 0.521616 0.499891 0.455699 0.632477 0.661282 0.596119 0.526651 0.982556 0.930409 0.978803 0.756237 0.782904 0.872624 0.792506 0.885530 0.705219 0.719805 0.496358 0.729293 0.580359 0.564109 0.680903 0.699410 0.624998 0.585423 0.564388 0.650818 0.862134 0.859901 0.989635 0.752978 0.732725 0.604288 0.592971 0.726899 0.638447 0.842036
0.387715 0.445348 0.344914 0.360366 0.981485 0.619436 0.289947 0.337969 0.812899 0.496854 0.511217 0.451781 0.471827 0.492317 0.420654 0.392293 0.447944 0.359164 0.296112 0.345519 0.689229 0.721379 0.245917 0.431520 0.628286 0.474589 0.974085 0.929027 0.490705 0.334612 0.244125 0.313490 0.000000 0.224363 0.608299 0.646698 0.599486 0.731463 0.681308 0.803128 0.923017 0.767407 0.262392 0.228782 0.333012 0.324663 0.325074 0.282198 0.578666 0.544083 0.551977 0.509030 0.590241 0.746431 0.646514 0.642148 0.520892 0.531466 0.451742 0.460095 0.396140 0.441056 0.424924 0.489754 0.369459 0.349244 0.270465 0.285075 0.739291 0.435248 0.314378 0.349387 0.463581 0.381478 0.790559 0.633509 0.336336 0.563785 0.402796 0.416942 0.442662 0.410934 0.558934 0.588767 0.516492 0.446844 0.956979 0.918531 0.976735 0.718259 0.572692 0.657074 0.589893 0.716375 0.609337 0.590459 0.402895 0.610845 0.374843 0.357965 0.512391 0.473171 0.533141 0.533648 0.329964 0.385056 0.707366 0.705861 0.948629 0.727864 0.666514 0.506151 0.439341 0.669250 0.568637 0.843589
0.348216 0.386381 0.323961 0.325593 0.957932 0.559388 0.244303 0.294062 0.726284 0.435007 0.464973 0.416396 0.443430 0.492657 0.451760 0.368327 0.418697 0.298141 0.249832 0.302350 0.608906 0.701114 0.249985 0.406290 0.690863 0.508315 0.945659 0.929899 0.405627 0.308009 0.286282 0.369851 0.224363 0.000000 0.564573 0.699311 0.605402 0.719903 0.729510 0.814448 0.887622 0.825553 0.246290 0.212058 0.318808 0.300931 0.337088 0.290859 0.512848 0.490047 0.530887 0.506634 0.569962 0.745455 0.670114 0.671322 0.463182 0.497025 0.398845 0.429098 0.368847 0.448931 0.365373 0.427299 0.403300 0.363357 0.275398 0.261393 0.743206 0.438973 0.321912 0.359610 0.510521 0.439206 0.766120 0.601169 0.346848 0.493279 0.418265 0.335312 0.384043 0.377312 0.581137 0.544805 0.522631 0.474726 0.836133 0.872913 0.990718 0.744357 0.573031 0.597468 0.564034 0.648814 0.510211 0.569866 0.454347 0.605350 0.350373 0.335033 0.546942 0.507468 0.473240 0.457937 0.320172 0.410414 0.672653 0.687528 0.921888 0.761664 0.693839 0.437925 0.454463 0.619681 0.563886 0.884392
0.726703 0.811526 0.568662 0.633501 0.950520 0.704877 0.536999 0.665799 0.825876 0.762919 0.820549 0.855710 0.814066 0.939182 0.807006 0.843194 0.858126 0.746696 0.769957 0.689412 0.808855 0.739751 0.607011 0.740081 0.640356 0.607263 0.972732 0.869241 0.845548 0.728199 0.509733 0.591868 0.608299 0.564573 0.000000 0.805190 0.620908 0.699575 0.720769 0.792859 0.989037 0.921967 0.568888 0.564213 0.489923 0.583582 0.676919 0.596916 0.730945 0.704544 0.681897 0.667922 0.719678 0.817962 0.764538 0.749800 0.811568 0.808349 0.701287 0.664380 0.690947 0.787873 0.730967 0.757230 0.713359 0.715847 0.502481 0.521025 0.878348 0.818539 0.596770 0.632575 0.744438 0.617905 0.926644 0.884052 0.720529 0.767657 0.710808 0.667932 0.747574 0.787805 0.916781 0.985462 0.838716 0.832312 0.838701 0.788254 0.961289 0.915832 0.723606 0.815886 0.709683 0.699188 0.672609 0.817967 0.625049 0.828125 0.576752 0.706395 0.777831 0.779178 0.730922 0.676722 0.626370 0.621794 0.725716 0.706286 0.766334 0.826340 0.639655 0.682534 0.802672 0.826741 0.811354 0.751973
0.834301 0.724220 0.722167 0.693421 0.931813 0.905461 0.614347 0.639590 0.778979 0.578479 0.871551 0.993034 0.952808 0.986529 0.971538 0.980896 0.767511 0.831204 0.713432 0.756465 0.936557 0.840159 0.813425 0.947944 0.945464 0.823142 0.761952 0.908744 0.915443 0.809679 0.675004 0.779654 0.646698 0.699311 0.805190 0.000000 0.837990 0.575085 0.909970 0.946248 0.939641 0.883529 0.607751 0.594564 0.521693 0.657683 0.673894 0.674509 0.661910 0.686509 0.703805 0.722669 0.806866 0.842799 0.888348 0.968488 0.721882 0.716743 0.652758 0.748207 0.901901 0.815259 0.813771 0.777540 0.868157 0.857799 0.514053 0.579316 0.937306 0.747181 0.478614 0.490262 0.950480 0.793630 0.986781 0.992811 0.616012 0.681440 0.724989 0.907772 0.820577 0.922618 0.944207 0.843867 0.867849 0.964910 0.865013 0.908057 0.978954 0.950304 0.591497 0.610398 0.595077 0.611678 0.835061 0.659964 0.670973 0.652924 0.519936 0.544027 0.597591 0.561750 0.617377 0.601670 0.701464 0.683208 0.662322 0.639712 0.919618 0.913327 0.650219 0.713804 0.673609 0.709319 0.667950 0.779660
0.558421 0.691820 0.664832 0.684347 0.789829 0.949756 0.667246 0.706629 0.944051 0.854677 0.662418 0.710870 0.712362 0.745092 0.781337 0.758409 0.734541 0.652256 0.643408 0.649548 0.718478 0.929291 0.655142 0.772887 0.711582 0.768126 0.867160 0.919501 0.648717 0.612302 0.602056 0.640119 0.599486 0.605402 0.620908 0.837990 0.000000 0.768185 0.705656 0.809837 0.891081 0.942040 0.703000 0.658718 0.666199 0.671245 0.639880 0.617327 0.866074 0.791182 0.799438 0.833205 0.856581 0.971673 0.824347 0.878648 0.693009 0.719644 0.694959 0.683483 0.638584 0.667572 0.645318 0.687887 0.685776 0.692206 0.640722 0.584033 0.805735 0.748324 0.655508 0.742500 0.679761 0.678111 0.862258 0.847328 0.569820 0.745671 0.751594 0.766894 0.680373 0.716558 0.840950 0.835801 0.792888 0.795519 0.948191 0.750583 0.955509 0.792544 0.921079 0.908109 0.848931 0.896936 0.780913 0.747670 0.762918 0.909272 0.708812 0.728192 0.912850 0.808414 0.614935 0.711027 0.608204 0.688152 0.951059 0.801664 0.950777 0.805185 0.851664 0.678478 0.786535 0.893400 0.742926 0.739847
0.726292 0.651302 0.766626 0.843137 0.933342 0.969007 0.795954 0.832834 0.951135 0.934454 0.831662 0.868907 0.937203 0.957802 0.993793 0.940698 0.694197 0.691460 0.848501 0.739847 0.879270 0.655980 0.911648 0.900090 0.811153 0.839823 0.898262 0.987871 0.807483 0.751995 0.693721 0.842939 0.731463 0.719903 0.699575 0.575085 0.768185 0.000000 0.749714 0.904355 0.807702 0.992735 0.719919 0.679780 0.623404 0.679066 0.727626 0.702309 0.758826 0.682041 0.652802 0.712013 0.745275 0.775607 0.825398 0.861022 0.649490 0.632838 0.759319 0.713484 0.790085 0.817302 0.674185 0.685072 0.829946 0.811143 0.650957 0.575017 0.879320 0.726710 0.639282 0.710853 0.751191 0.677298 0.980044 0.988453 0.842505 0.694804 0.836442 0.856532 0.742312 0.845104 0.773557 0.925370 0.893316 0.888919 0.857131 0.910890 0.985973 0.973055 0.888061 0.859820 0.852419 0.858220 0.839555 0.809130 0.879658 0.808311 0.769391 0.798914 0.851960 0.728919 0.716090 0.799541 0.788141 0.684465 0.816822 0.779779 0.911655 0.904326 0.689918 0.788609 0.886658 0.754155 0.776938 0.797971
