0.000000 0.493432 0.907434 0.961523 0.983794 0.978024 0.903677 0.985050 0.776079 0.865414 0.697385 0.663689 0.958914 0.908855 0.918550 0.995579 0.699085 0.653099 0.689848 0.558750 0.976330 0.958769 0.849271 0.947106 0.885912 0.975838 0.969332 0.944101 0.721074 0.954315 0.907640 0.806712 0.876717 0.733909 0.884915 0.916679 0.987407 0.925107 0.996582 0.882499 0.889055 0.853438 0.914962 0.787895 0.938604 0.908901 0.822578 0.845988 0.639961 0.713021 0.752221 0.823184 0.923210 0.888805 0.776561 0.744789 0.571979 0.535210 0.478481 0.483240 0.875070 0.746242 0.826063 0.758327 0.987226 0.961870 0.917347 0.949638 0.593683 0.631469 0.971721 0.935193 0.646610 0.688978 0.967310 0.965980 0.718217 0.902553 0.871325 0.825301 0.653566 0.651208 0.914809 0.857608 0.814301 0.860248 0.788387 0.972567 0.965613 0.744446 0.726822 0.669212 0.753974 0.751016 0.991778 0.900599 0.784566 0.934591 0.985022 0.870180 0.998859 0.892946 0.787491 0.785915 0.977133 0.966046 0.992726 0.956453 0.992293 0.801423 0.944878 0.987856 0.927475 0.974959 0.866010 0.812594
0.493432 0.000000 0.940924 0.850444 0.978982 0.949490 0.904060 0.858539 0.712631 0.974618 0.870212 0.599918 0.963207 0.831692 0.982582 0.835986 0.650373 0.575747 0.649821 0.560432 0.908557 0.989312 0.955316 0.901872 0.861771 0.970464 0.964300 0.948330 0.692225 0.847848 0.881861 0.978825 0.689060 0.594406 0.888881 0.995236 0.868010 0.806076 0.976205 0.995305 0.903212 0.834614 0.752432 0.659049 0.865650 0.735336 0.640368 0.619659 0.675500 0.697866 0.676095 0.743667 0.858801 0.939817 0.694538 0.806027 0.454292 0.376014 0.517137 0.590580 0.834861 0.680198 0.705197 0.577288 0.929620 0.905621 0.858050 0.811919 0.732472 0.550927 0.694026 0.770417 0.743378 0.744674 0.979898 0.965172 0.596532 0.801747 0.652591 0.719609 0.497352 0.586621 0.845291 0.711488 0.850952 0.840846 0.807629 0.994823 0.884973 0.770484 0.793704 0.708254 0.830740 0.764098 0.816713 0.825671 0.683612 0.802413 0.844017 0.834750 0.895381 0.979711 0.721677 0.758353 0.868355 0.879151 0.947972 0.913540 0.999909 0.771520 0.818076 0.926269 0.850979 0.820641 0.809903 0.870528
0.907434 0.940924 0.000000 0.512823 0.787122 0.989534 0.494439 0.847233 0.659951 0.988175 0.993203 0.811346 0.632500 0.945731 0.721625 0.985313 0.968242 0.923779 0.712664 0.953192 0.756023 0.861896 0.605061 0.740092 0.584952 0.569348 0.835837 0.919460 0.921323 0.907646 0.666605 0.767335 0.672122 0.804039 0.714477 0.858130 0.747595 0.898377 0.972575 0.911415 0.914345 0.962609 0.726914 0.794329 0.822779 0.859853 0.667802 0.749550 0.938813 0.984207 0.884241 0.913992 0.868345 0.751127 0.982250 0.931086 0.877608 0.835357 0.917503 0.867904 0.713227 0.927905 0.997339 0.800999 0.439417 0.641931 0.590459 0.625082 0.878943 0.791235 0.957341 0.955227 0.950567 0.939044 0.971526 0.931332 0.933464 0.952338 0.946350 0.947746 0.937451 0.841776 0.842187 0.794669 0.625469 0.610697 0.872947 0.784636 0.778348 0.850605 0.788594 0.845957 0.809927 0.786857 0.906947 0.897743 0.942963 0.964012 0.927572 0.939494 0.833161 0.807022 0.947116 0.995944 0.778279 0.941572 0.841915 0.831834 0.966213 0.853118 0.983002 0.978960 0.859486 0.891718 0.738507 0.956495
0.961523 0.850444 0.512823 0.000000 0.831989 0.786158 0.572826 0.642132 0.784376 0.974287 0.899933 0.898800 0.624881 0.736511 0.621297 0.728490 0.967178 0.998583 0.752744 0.960022 0.856176 0.939204 0.484452 0.555021 0.820563 0.693760 0.860951 0.861679 0.963723 0.931879 0.709640 0.804153 0.618188 0.747024 0.679936 0.857155 0.853126 0.887977 0.951113 0.964491 0.885639 0.987453 0.804045 0.811059 0.751924 0.798718 0.704500 0.671573 0.999832 0.896710 0.736231 0.719549 0.737061 0.714957 0.960235 0.991281 0.979946 0.946097 0.909090 0.985971 0.616317 0.812216 0.867189 0.908912 0.454067 0.470150 0.631249 0.513448 0.801587 0.825538 0.966152 0.879690 0.810544 0.786422 0.940028 0.999341 0.927201 0.841285 0.826944 0.920402 0.798889 0.792647 0.705259 0.776671 0.548370 0.510065 0.910111 0.727069 0.827167 0.773696 0.664905 0.867925 0.777799 0.861159 0.946595 0.885832 0.889094 0.974269 0.742867 0.741928 0.758701 0.684065 0.993837 0.936822 0.691079 0.860627 0.856890 0.959181 0.974173 0.950592 0.868896 0.926768 0.938879 0.924029 0.709968 0.993264
0.983794 0.978982 0.787122 0.831989 0.000000 0.869039 0.639185 0.739572 0.651596 0.939162 0.779633 0.878177 0.655890 0.892893 0.876647 0.910885 0.959604 0.907294 0.897598 0.914519 0.813669 0.764186 0.808701 0.896466 0.910100 0.930733 0.973733 0.962445 0.985999 0.919079 0.991793 0.976676 0.896494 0.814283 0.914547 0.868765 0.992285 0.893770 0.976094 0.956718 0.899165 0.985154 0.965020 0.999236 0.850579 0.988732 0.907353 0.969150 0.854057 0.752024 0.930491 0.920431 0.922349 0.997423 0.839607 0.867049 0.985767 0.887638 0.949165 0.980216 0.641297 0.793889 0.797489 0.912819 0.813530 0.664176 0.768323 0.739391 0.883614 0.842353 0.986520 0.919662 0.979153 0.993155 0.962520 0.963024 0.958818 0.939432 0.940723 0.953614 0.887839 0.889178 0.885719 0.764731 0.704280 0.650631 0.956027 0.768933 0.888303 0.953071 0.778633 0.923967 0.871714 0.897573 0.978732 0.994392 0.935239 0.940928 0.906841 0.847224 0.783356 0.870524 0.974574 0.924410 0.757032 0.963224 0.996991 0.954069 0.985117 0.964494 0.870970 0.941151 0.956771 0.943922 0.873654 0.912763
0.978024 0.949490 0.989534 0.786158 0.869039 0.000000 0.899660 0.815855 0.869143 0.800438 0.967427 0.897492 0.928256 0.977329 0.966104 0.717301 0.927033 0.946991 0.960278 0.999143 0.956858 0.861580 0.780704 0.865092 0.936679 0.912000 0.924482 0.855591 0.981740 0.981330 0.800265 0.948105 0.911842 0.896446 0.818226 0.837420 0.863995 0.890251 0.947103 0.904371 0.986548 0.895619 0.991909 0.995595 0.748838 0.854445 0.902567 0.857222 0.877529 0.941814 0.968823 0.966514 0.973150 0.951130 0.991194 0.992024 0.943376 0.991267 0.808525 0.901631 0.888709 0.843848 0.954758 0.924038 0.899952 0.828227 0.833742 0.808068 0.858651 0.920565 0.844901 0.844682 0.900195 0.761596 0.903149 0.891234 0.932668 0.799110 0.976838 0.868909 0.953822 0.961048 0.899552 0.987737 0.885040 0.857653 0.871285 0.830959 0.929434 0.994903 0.800652 0.899783 0.733652 0.941159 0.847547 0.924228 0.883372 0.868765 0.793490 0.888331 0.790655 0.870285 0.925585 0.985796 0.809200 0.963991 0.955602 0.874303 0.883271 0.944146 0.909923 0.923716 0.987091 0.948428 0.963184 0.926511
0.903677 0.904060 0.494439 0.572826 0.639185 0.899660 0.000000 0.514756 0.505307 0.741098 0.788350 0.933693 0.516315 0.809433 0.667863 0.851481 0.955748 0.987626 0.795495 0.974275 0.892632 0.973366 0.673968 0.914847 0.997805 0.879386 0.982845 0.874907 0.872806 0.891255 0.814580 0.845539 0.657976 0.692019 0.786848 0.917301 0.985900 0.951624 0.888489 0.950300 0.730499 0.913765 0.734672 0.718177 0.586277 0.698874 0.842014 0.784426 0.891053 0.791369 0.977428 0.941935 0.993760 0.900557 0.732352 0.793244 0.886067 0.782204 0.889779 0.889030 0.449646 0.788214 0.771009 0.970726 0.569670 0.525551 0.476834 0.509552 0.734932 0.730907 0.871977 0.888904 0.955859 0.926681 0.886998 0.950703 0.987407 0.989369 0.955733 0.947581 0.919465 0.948008 0.903975 0.893000 0.651431 0.673349 0.955533 0.770456 0.821462 0.999635 0.672042 0.757779 0.772057 0.660681 0.991693 0.871592 0.939930 0.990068 0.708052 0.679767 0.769014 0.649821 0.926113 0.910472 0.729890 0.990319 0.882632 0.944288 0.890341 0.917562 0.811389 0.812186 0.928164 0.942863 0.791631 0.913108
0.985050 0.858539 0.847233 0.642132 0.739572 0.815855 0.514756 0.000000 0.777691 0.581195 0.811568 0.619073 0.570746 0.631651 0.701160 0.655360 0.898290 0.808627 0.927005 0.850831 0.802101 0.893642 0.773949 0.932296 0.695687 0.790258 0.880028 0.890590 0.714843 0.729876 0.937499 0.924723 0.681693 0.609020 0.878944 0.978473 0.940293 0.988789 0.792985 0.887194 0.712870 0.979504 0.824297 0.740908 0.591571 0.632011 0.882909 0.718195 0.994591 0.928805 0.819780 0.842010 0.897146 0.872434 0.871679 0.850139 0.964767 0.950376 0.811394 0.892800 0.410245 0.446065 0.548263 0.565646 0.765490 0.553144 0.622343 0.539644 0.641581 0.894458 0.981175 0.897701 0.860509 0.821568 0.852798 0.988653 0.776056 0.885138 0.773075 0.998693 0.732972 0.939473 0.875349 0.902675 0.760893 0.796780 0.885862 0.836158 0.985563 0.994758 0.622897 0.829482 0.787507 0.754927 0.799429 0.844456 0.800218 0.870418 0.508723 0.530990 0.673596 0.675047 0.826586 0.854730 0.682905 0.867141 0.950386 0.916456 0.921390 0.869388 0.714866 0.684169 0.758540 0.916396 0.733189 0.937762
0.776079 0.712631 0.659951 0.784376 0.651596 0.869143 0.505307 0.777691 0.000000 0.821177 0.957865 0.812121 0.788433 0.910426 0.846420 0.973393 0.788286 0.777715 0.943420 0.727748 0.891303 0.971210 0.770371 0.994459 0.986513 0.812294 0.997170 0.891551 0.874968 0.835150 0.909164 0.979592 0.918521 0.977935 0.810742 0.881162 0.882828 0.997188 0.987331 0.998949 0.828704 0.833209 0.875513 0.963808 0.689160 0.847486 0.960434 0.977403 0.972536 0.860212 0.881028 0.967050 0.936351 0.833001 0.733948 0.994113 0.764539 0.641690 0.869221 0.785420 0.773872 0.999001 0.886372 0.746522 0.676044 0.704332 0.651556 0.692086 0.780953 0.607106 0.927076 0.767592 0.836103 0.865773 0.998975 0.962212 0.884754 0.912696 0.764091 0.756378 0.784792 0.816000 0.947706 0.967400 0.776147 0.805258 0.896259 0.844459 0.845775 0.975259 0.556382 0.546729 0.580832 0.568429 0.958453 0.921336 0.913121 0.983966 0.787559 0.817985 0.834617 0.778590 0.779419 0.991642 0.865550 0.914964 0.883458 0.944133 0.927852 0.729698 0.918500 0.970804 0.946905 0.942063 0.919872 0.898547
0.865414 0.974618 0.988175 0.974287 0.939162 0.800438 0.741098 0.581195 0.821177 0.000000 0.778591 0.863505 0.921370 0.990419 0.978210 0.928130 0.813310 0.844645 0.998413 0.884932 0.739263 0.956234 0.910317 0.773446 0.785399 0.739770 0.761313 0.793238 0.647040 0.613726 0.785252 0.828976 0.755701 0.741786 0.980742 0.989523 0.964110 0.830316 0.899649 0.977381 0.813321 0.974563 0.676698 0.608937 0.485720 0.515745 0.891018 0.746975 0.822531 0.980452 0.982092 0.926680 0.976050 0.917957 0.957678 0.867946 0.878945 0.996846 0.960231 0.945497 0.800648 0.770022 0.798679 0.812649 0.917797 0.970823 0.833203 0.858376 0.776480 0.980711 0.884540 0.765754 0.937468 0.998335 0.913328 0.970864 0.890025 0.908073 0.979078 0.981978 0.979677 0.828502 0.818213 0.914552 0.787746 0.738136 0.999037 0.963720 0.814505 0.786747 0.870228 0.849935 0.834973 0.769621 0.815404 0.861103 0.860140 0.803992 0.636916 0.747101 0.734996 0.785586 0.815625 0.779369 0.956115 0.978279 0.858415 0.971923 0.988995 0.908771 0.759358 0.729320 0.833968 0.832692 0.968956 0.909351
0.697385 0.870212 0.993203 0.899933 0.779633 0.967427 0.788350 0.811568 0.957865 0.778591 0.000000 0.730781 0.810596 0.994926 0.923553 0.895233 0.568767 0.619099 0.753422 0.681976 0.933310 0.990785 0.732768 0.716234 0.787177 0.840797 0.810480 0.781038 0.567060 0.644292 0.971964 0.937746 0.828120 0.710000 0.919586 0.986699 0.883274 0.898484 0.963940 0.978577 0.895174 0.965546 0.937609 0.792083 0.847291 0.859248 0.997169 0.981296 0.906528 0.910698 0.953108 0.810797 0.848089 0.863365 0.880372 0.940712 0.700068 0.857015 0.746554 0.845577 0.751782 0.851815 0.633534 0.803526 0.784164 0.909333 0.940688 0.937137 0.951842 0.842558 0.895925 0.883563 0.677392 0.726205 0.971645 0.881065 0.911645 0.976910 0.875775 0.852443 0.812381 0.890079 0.863695 0.941608 0.909664 0.878860 0.822060 0.922477 0.847772 0.838375 0.741998 0.786540 0.835305 0.916697 0.926069 0.838987 0.994844 0.997453 0.943984 0.843380 0.996381 0.955768 0.933267 0.806924 0.922653 0.806587 0.878471 0.835089 0.993820 0.875982 0.897762 0.955454 0.979476 0.927653 0.969809 0.961393
0.663689 0.599918 0.811346 0.898800 0.878177 0.897492 0.933693 0.619073 0.812121 0.863505 0.730781 0.000000 0.655585 0.506024 0.699810 0.576471 0.589890 0.539463 0.745512 0.533283 0.888608 0.932574 0.946994 0.893739 0.702225 0.688280 0.868393 0.849952 0.512378 0.590935 0.951943 0.954441 0.731943 0.540518 0.986395 0.981294 0.876175 0.972700 0.793725 0.888323 0.883823 0.989061 0.920509 0.741830 0.822548 0.721414 0.913983 0.788968 0.987688 0.955206 0.832659 0.976705 0.932260 0.828523 0.986591 0.926555 0.631824 0.615347 0.721712 0.724062 0.540924 0.450339 0.473008 0.376477 0.972476 0.747323 0.880102 0.751168 0.975636 0.757643 0.972054 0.782780 0.827839 0.853239 0.907338 0.890237 0.650454 0.785082 0.669863 0.761690 0.565785 0.650406 0.728678 0.864394 0.830192 0.838177 0.870240 0.883836 0.801579 0.984237 0.913515 0.690882 0.769306 0.775196 0.837756 0.811602 0.812750 0.837947 0.838398 0.706971 0.884251 0.898683 0.729074 0.832071 0.902618 0.988416 0.988640 0.997855 0.980632 0.718329 0.700117 0.790859 0.810793 0.779720 0.802547 0.977750
0.958914 0.963207 0.632500 0.624881 0.655890 0.928256 0.516315 0.570746 0.788433 0.921370 0.810596 0.655585 0.000000 0.466421 0.454993 0.585403 0.806507 0.837782 0.728663 0.788986 0.947737 0.929061 0.587307 0.699706 0.960264 0.989115 0.919204 0.951475 0.755191 0.792491 0.874614 0.843291 0.665076 0.632200 0.844453 0.940159 0.966708 0.854794 0.770035 0.963094 0.734886 0.875769 0.974005 0.863204 0.842225 0.864410 0.897040 0.836832 0.817587 0.862098 0.783691 0.935119 0.895459 0.812685 0.870208 0.749955 0.973493 0.940560 0.903771 0.963087 0.377155 0.668463 0.631680 0.743324 0.602332 0.527278 0.713227 0.602609 0.666225 0.861483 0.856894 0.973274 0.902586 0.911289 0.883668 0.918461 0.886526 0.890769 0.813850 0.917284 0.737076 0.764499 0.713245 0.912308 0.534670 0.596039 0.850098 0.738965 0.904380 0.962498 0.817272 0.914542 0.972687 0.998290 0.918998 0.950117 0.944261 0.959009 0.846970 0.795213 0.869544 0.815930 0.924270 0.913713 0.791862 0.972594 0.939418 0.887999 0.996431 0.979706 0.823366 0.865778 0.994658 0.985266 0.721171 0.981848
0.908855 0.831692 0.945731 0.736511 0.892893 0.977329 0.809433 0.631651 0.910426 0.990419 0.994926 0.506024 0.466421 0.000000 0.449347 0.479853 0.775488 0.748778 0.805715 0.703919 0.928556 0.951788 0.675962 0.702595 0.855774 0.792921 0.917161 0.987648 0.700810 0.736417 0.997817 0.888949 0.745294 0.674487 0.959167 0.949646 0.758919 0.869832 0.615960 0.960089 0.722847 0.860370 0.933176 0.913044 0.989003 0.900159 0.981324 0.840452 0.796607 0.949673 0.718632 0.855099 0.904309 0.862554 0.898874 0.753738 0.980954 0.888429 0.833458 0.813328 0.504940 0.613865 0.616630 0.568527 0.767236 0.608488 0.923280 0.785638 0.750951 0.955518 0.831648 0.934011 0.924846 0.927054 0.870185 0.898431 0.817625 0.876074 0.741774 0.817359 0.678279 0.753981 0.678560 0.973841 0.662680 0.705689 0.771798 0.888914 0.953964 0.976145 0.954762 0.720796 0.773902 0.769311 0.969676 0.950856 0.992120 0.950347 0.941254 0.805558 0.974025 0.924509 0.835285 0.933389 0.851377 0.947338 0.919115 0.854812 0.951754 0.898430 0.756713 0.848530 0.975470 0.936241 0.753243 0.958494
0.918550 0.982582 0.721625 0.621297 0.876647 0.966104 0.667863 0.701160 0.846420 0.978210 0.923553 0.699810 0.454993 0.449347 0.000000 0.538113 0.844457 0.839746 0.764433 0.833169 0.953534 0.979665 0.509902 0.677536 0.989208 0.985621 0.841822 0.976832 0.798505 0.821184 0.837197 0.690232 0.636673 0.726473 0.866762 0.964417 0.963934 0.963140 0.776000 0.860876 0.757299 0.886629 0.943879 0.900229 0.857184 0.870092 0.877350 0.778688 0.749433 0.868894 0.859724 0.939399 0.968687 0.863917 0.880059 0.789945 0.940630 0.986423 0.982535 0.954518 0.549776 0.751945 0.762211 0.775549 0.583652 0.553692 0.774527 0.679504 0.739662 0.933474 0.897358 0.905493 0.920102 0.901524 0.911402 0.911004 0.863108 0.989681 0.767074 0.922376 0.806880 0.790174 0.626560 0.997099 0.581737 0.609517 0.781801 0.797270 0.908454 0.944708 0.857772 0.901898 0.962248 0.945191 0.958584 0.919912 0.996681 0.993868 0.882912 0.800929 0.887261 0.840361 0.992220 0.976635 0.788157 0.920104 0.891612 0.862693 0.914627 0.966117 0.801510 0.820579 0.992465 0.993870 0.723865 0.834554
0.995579 0.835986 0.985313 0.728490 0.910885 0.717301 0.851481 0.655360 0.973393 0.928130 0.895233 0.576471 0.585403 0.479853 0.538113 0.000000 0.900350 0.802203 0.787575 0.777882 0.952214 0.896521 0.568182 0.628956 0.900877 0.967891 0.933044 0.956924 0.742871 0.799527 0.837626 0.785260 0.732889 0.673311 0.944904 0.972282 0.943180 0.998629 0.785060 0.995655 0.828005 0.839834 0.983892 0.902110 0.813618 0.797586 0.954103 0.798823 0.837524 0.881114 0.845179 0.933585 0.967763 0.946348 0.929819 0.749129 0.894780 0.901583 0.956624 0.998601 0.602969 0.641070 0.649114 0.571247 0.748727 0.608401 0.807874 0.638769 0.753988 0.932358 0.926749 0.783659 0.881370 0.814347 0.930228 0.903116 0.801206 0.869359 0.709314 0.911722 0.730669 0.755622 0.598355 0.955115 0.687907 0.700630 0.736968 0.736886 0.933458 0.978390 0.879678 0.867918 0.955069 0.881727 0.939821 0.945971 0.971204 0.848629 0.838177 0.829429 0.778050 0.924598 0.861650 0.925061 0.793175 0.866107 0.991233 0.993077 0.977988 0.859764 0.710012 0.804795 0.915682 0.925717 0.762148 0.968987
0.699085 0.650373 0.968242 0.967178 0.959604 0.927033 0.955748 0.898290 0.788286 0.813310 0.568767 0.589890 0.806507 0.775488 0.844457 0.900350 0.000000 0.373771 0.545564 0.467580 0.968111 0.954912 0.857427 0.864849 0.943713 0.847936 0.882948 0.787705 0.429752 0.451631 0.794795 0.747068 0.595597 0.571778 0.953863 0.956945 0.925805 0.947604 0.944970 0.935768 0.905696 0.832480 0.760494 0.600938 0.791714 0.706326 0.702877 0.698202 0.916297 0.990283 0.950291 0.838343 0.832969 0.843798 0.952379 0.894112 0.474793 0.555322 0.674714 0.871993 0.767238 0.840592 0.538826 0.581192 0.888850 0.940966 0.967991 0.868094 0.861599 0.564480 0.842993 0.785405 0.594791 0.600734 0.906830 0.892745 0.787783 0.885574 0.624656 0.598640 0.569903 0.645022 0.877195 0.861605 0.958288 0.967139 0.915536 0.957671 0.700848 0.914702 0.609698 0.572041 0.661042 0.724205 0.873357 0.826561 0.846857 0.902413 0.955262 0.921462 0.943425 0.965572 0.721412 0.708926 0.997705 0.849639 0.923819 0.758438 0.908841 0.709712 0.759772 0.840921 0.969052 0.819111 0.901032 0.953326
0.653099 0.575747 0.923779 0.998583 0.907294 0.946991 0.987626 0.808627 0.777715 0.844645 0.619099 0.539463 0.837782 0.748778 0.839746 0.802203 0.373771 0.000000 0.575662 0.445242 0.970605 0.997486 0.928480 0.912655 0.882925 0.836634 0.915415 0.757278 0.451928 0.463319 0.807727 0.739432 0.615786 0.519473 0.912175 0.986921 0.979676 0.919876 0.986568 0.986225 0.886066 0.831987 0.781966 0.604805 0.803582 0.714835 0.741086 0.688133 0.987685 0.978249 0.991851 0.868354 0.783344 0.772502 0.957235 0.957379 0.436144 0.527600 0.702739 0.818533 0.755958 0.745467 0.488247 0.467354 0.911696 0.972788 0.933419 0.812869 0.830569 0.483322 0.763881 0.725271 0.555775 0.610530 0.901572 0.882058 0.725242 0.798901 0.514330 0.552811 0.467384 0.564977 0.758160 0.756392 0.992770 0.941085 0.950301 0.988608 0.698052 0.962623 0.656900 0.545743 0.650795 0.681166 0.803512 0.831020 0.716478 0.775449 0.905454 0.839705 0.883200 0.977468 0.680722 0.733645 0.930220 0.996566 0.992011 0.833367 0.889080 0.610763 0.658706 0.835695 0.947883 0.822454 0.828043 0.991692
0.689848 0.649821 0.712664 0.752744 0.897598 0.960278 0.795495 0.927005 0.943420 0.998413 0.753422 0.745512 0.728663 0.805715 0.764433 0.787575 0.545564 0.575662 0.000000 0.574843 0.881218 0.919904 0.804671 0.819276 0.796321 0.777938 0.899704 0.963769 0.635713 0.719403 0.656928 0.719187 0.529335 0.575038 0.932188 0.936853 0.899141 0.806356 0.972725 0.946064 0.897915 0.906403 0.682541 0.623879 0.764948 0.758189 0.586834 0.661672 0.913888 0.957330 0.884289 0.939564 0.963369 0.978863 0.911749 0.894831 0.593968 0.712682 0.735839 0.943208 0.742268 0.952858 0.687361 0.803360 0.760722 0.829560 0.729965 0.707533 0.814299 0.661908 0.827540 0.802206 0.722380 0.681559 0.966027 0.820018 0.804731 0.887696 0.716434 0.637052 0.656457 0.609024 0.732850 0.761432 0.795064 0.738679 0.870374 0.885687 0.915967 0.963118 0.803674 0.747620 0.814440 0.850494 0.955397 0.883760 0.855773 0.798736 0.977563 0.848881 0.803656 0.927729 0.807921 0.791954 0.880279 0.980425 0.892449 0.809463 0.985769 0.930875 0.738488 0.908478 0.985882 0.937802 0.874460 0.961180
0.558750 0.560432 0.953192 0.960022 0.914519 0.999143 0.974275 0.850831 0.727748 0.884932 0.681976 0.533283 0.788986 0.703919 0.833169 0.777882 0.467580 0.445242 0.574843 0.000000 0.963539 0.998716 0.984749 0.913858 0.993590 0.852695 0.948624 0.848333 0.492945 0.593757 0.885424 0.793594 0.609664 0.584092 0.919757 0.958432 0.986053 0.891708 0.861937 0.952109 0.949761 0.818547 0.812500 0.689365 0.913128 0.789067 0.813114 0.746066 0.844995 0.840517 0.779581 0.962861 0.960532 0.922598 0.927303 0.977291 0.519482 0.501128 0.655573 0.664092 0.762830 0.726921 0.589152 0.557341 0.949219 0.966415 0.895649 0.844146 0.802395 0.526596 0.869133 0.776565 0.634550 0.701660 0.987942 0.866402 0.708371 0.789527 0.665471 0.655678 0.529555 0.612507 0.836979 0.782941 0.902479 0.915126 0.805111 0.990461 0.746758 0.915960 0.685042 0.567753 0.673388 0.628433 0.869426 0.876297 0.850777 0.880683 0.975318 0.853815 0.801936 0.908629 0.658484 0.800948 0.831137 0.969402 0.928736 0.867121 0.872207 0.750704 0.654954 0.874674 0.992844 0.785873 0.797794 0.951513
0.976330 0.908557 0.756023 0.856176 0.813669 0.956858 0.892632 0.802101 0.891303 0.739263 0.933310 0.888608 0.947737 0.928556 0.953534 0.952214 0.968111 0.970605 0.881218 0.963539 0.000000 0.921300 0.938072 0.943063 0.794743 0.662786 0.923039 0.856558 0.971391 0.931947 0.929048 0.963508 0.941395 0.973880 0.867566 0.902473 0.900927 0.959677 0.794393 0.968933 0.922262 0.938153 0.955523 0.969110 0.882381 0.817554 0.977793 0.881313 0.799431 0.829960 0.854065 0.900106 0.868371 0.936500 0.955829 0.965060 0.956243 0.877562 0.927926 0.841938 0.991510 0.825459 0.955769 0.833434 0.854441 0.886369 0.895167 0.881567 0.878356 0.971143 0.979913 0.896035 0.852225 0.901277 0.810093 0.846536 0.991693 0.986890 0.995191 0.898302 0.970962 0.912948 0.922189 0.944639 0.893795 0.787321 0.894144 0.989322 0.926662 0.942244 0.852851 0.899639 0.957314 0.973116 0.883155 0.887884 0.835046 0.994046 0.760969 0.876714 0.993843 0.915190 0.814412 0.846123 0.967303 0.914517 0.985545 0.905535 0.983624 0.914370 0.942641 0.799032 0.866932 0.916898 0.942141 0.945675
0.958769 0.989312 0.861896 0.939204 0.764186 0.861580 0.973366 0.893642 0.971210 0.956234 0.990785 0.932574 0.929061 0.951788 0.979665 0.896521 0.954912 0.997486 0.919904 0.998716 0.921300 0.000000 0.922137 0.987584 0.880144 0.971849 0.963206 0.912334 0.902403 0.963088 0.887137 0.922523 0.955383 0.920491 0.976689 0.962439 0.848956 0.777545 0.966598 0.776988 0.906414 0.899945 0.858332 0.914487 0.997353 0.931737 0.779715 0.968426 0.970077 0.879890 0.933380 0.955909 0.882971 0.981012 0.964266 0.982363 0.998555 0.988893 0.932339 0.944107 0.855850 0.806849 0.964791 0.916775 0.992922 0.851959 0.985052 0.956551 0.991963 0.979953 0.999262 0.927485 0.985982 0.879169 0.914369 0.857071 0.989414 0.953039 0.969391 0.970093 0.938740 0.960297 0.996034 0.979125 0.859324 0.849124 0.855931 0.888094 0.949956 0.902791 0.885513 0.999962 0.990788 0.973821 0.998174 0.961976 0.883969 0.953648 0.885444 0.935276 0.960814 0.913885 0.972786 0.878232 0.833537 0.851303 0.909144 0.974928 0.966093 0.956056 0.918031 0.979146 0.931938 0.907760 0.942251 0.977828
0.849271 0.955316 0.605061 0.484452 0.808701 0.780704 0.673968 0.773949 0.770371 0.910317 0.732768 0.946994 0.587307 0.675962 0.509902 0.568182 0.857427 0.928480 0.804671 0.984749 0.938072 0.922137 0.000000 0.445770 0.785019 0.677662 0.723856 0.922293 0.852979 0.876051 0.757236 0.738598 0.713625 0.833552 0.772114 0.797175 0.831267 0.954794 0.845390 0.957818 0.800329 0.844642 0.975519 0.980705 0.854451 0.927626 0.903477 0.768297 0.854279 0.938752 0.847795 0.845365 0.826359 0.755570 0.954543 0.924330 0.846202 0.896284 0.873057 0.911654 0.673590 0.873852 0.983128 0.974765 0.422575 0.472773 0.705172 0.590090 0.784667 0.827074 0.991753 0.891187 0.775256 0.726786 0.867626 0.945158 0.924072 0.864556 0.913005 0.978844 0.871504 0.788211 0.557047 0.875607 0.429094 0.460299 0.811584 0.582891 0.829382 0.753466 0.664298 0.899659 0.838573 0.971714 0.934265 0.984830 0.962226 0.966959 0.869974 0.797320 0.741978 0.802130 0.983026 0.811652 0.646584 0.811353 0.867429 0.953104 0.973077 0.951107 0.856120 0.900227 0.958814 0.965514 0.722649 0.968176
0.947106 0.901872 0.740092 0.555021 0.896466 0.865092 0.914847 0.932296 0.994459 0.773446 0.716234 0.893739 0.699706 0.702595 0.677536 0.628956 0.864849 0.912655 0.819276 0.913858 0.943063 0.987584 0.445770 0.000000 0.744812 0.759320 0.670585 0.885243 0.846958 0.806681 0.875864 0.849512 0.858386 0.909555 0.891029 0.780762 0.887375 0.898392 0.850526 0.995060 0.999994 0.910854 0.930881 0.911362 0.942745 0.977871 0.864598 0.848357 0.959958 0.867543 0.728131 0.739344 0.745030 0.817651 0.879799 0.963380 0.964674 0.927307 0.979558 0.913413 0.819807 0.894298 0.989906 0.952613 0.588389 0.622427 0.902830 0.768892 0.971664 0.913921 0.955124 0.892619 0.772557 0.764705 0.949718 0.872986 0.955973 0.926073 0.911790 0.883643 0.836846 0.722109 0.620392 0.837760 0.501048 0.511635 0.831205 0.585185 0.762387 0.700206 0.790878 0.999773 0.913240 0.937058 0.886761 0.962858 0.958753 0.886922 0.932254 0.937425 0.798744 0.932867 0.880428 0.798630 0.769730 0.780759 0.896189 0.985005 0.992997 0.985027 0.948432 0.948901 0.999500 0.948767 0.823928 0.843083
0.885912 0.861771 0.584952 0.820563 0.910100 0.936679 0.997805 0.695687 0.986513 0.785399 0.787177 0.702225 0.960264 0.855774 0.989208 0.900877 0.943713 0.882925 0.796321 0.993590 0.794743 0.880144 0.785019 0.744812 0.000000 0.489611 0.728434 0.909652 0.789297 0.723425 0.729828 0.913188 0.881184 0.994296 0.787143 0.910765 0.667376 0.851332 0.860836 0.868731 0.811016 0.935891 0.792830 0.897408 0.935752 0.991600 0.716136 0.800881 0.818642 0.736175 0.871182 0.858859 0.821272 0.851962 0.719042 0.842813 0.950309 0.922003 0.886138 0.957668 0.855731 0.724068 0.721345 0.687366 0.621108 0.967464 0.842436 0.935911 0.774946 0.935818 0.778728 0.969992 0.906573 0.947990 0.903506 0.995243 0.934258 0.971183 0.983207 0.992211 0.977386 0.807278 0.914934 0.888303 0.756139 0.780020 0.767294 0.899961 0.827358 0.743885 0.907839 0.969807 0.945240 0.927283 0.960482 0.965973 0.982102 0.955267 0.821943 0.766311 0.947976 0.914348 0.970693 0.972359 0.964959 0.990493 0.878685 0.794644 0.965502 0.868296 0.893612 0.867387 0.821949 0.998761 0.909861 0.847392
0.975838 0.970464 0.569348 0.693760 0.930733 0.912000 0.879386 0.790258 0.812294 0.739770 0.840797 0.688280 0.989115 0.792921 0.985621 0.967891 0.847936 0.836634 0.777938 0.852695 0.662786 0.971849 0.677662 0.759320 0.489611 0.000000 0.762361 0.850011 0.720530 0.678133 0.646130 0.874385 0.840325 0.987053 0.822596 0.941076 0.639369 0.870410 0.781164 0.920530 0.828403 0.989266 0.862774 0.996601 0.981515 0.951037 0.729879 0.855185 0.914370 0.928195 0.989617 0.883535 0.884865 0.861305 0.824508 0.840190 0.979896 0.979246 0.920348 0.869026 0.913413 0.713555 0.745665 0.687336 0.583381 0.829818 0.773119 0.783227 0.878137 0.894394 0.779798 0.984900 0.985000 0.990792 0.964526 0.884474 0.819497 0.961556 0.987767 0.965684 0.991633 0.825641 0.845096 0.859848 0.716202 0.636185 0.833972 0.840062 0.824761 0.727892 0.928928 0.854168 0.841671 0.938751 0.897359 0.977958 0.941275 0.972093 0.931068 0.945629 0.933482 0.956268 0.788753 0.907870 0.906214 0.866058 0.994330 0.876084 0.998250 0.821063 0.859157 0.839017 0.821031 0.880386 0.856408 0.958647
0.969332 0.964300 0.835837 0.860951 0.973733 0.924482 0.982845 0.880028 0.997170 0.761313 0.810480 0.868393 0.919204 0.917161 0.841822 0.933044 0.882948 0.915415 0.899704 0.948624 0.923039 0.963206 0.723856 0.670585 0.728434 0.762361 0.000000 0.898042 0.746193 0.871193 0.906600 0.870471 0.947515 0.996513 0.952384 0.925731 0.942225 0.940881 0.945368 0.978264 0.942418 0.962043 0.896487 0.833196 0.886358 0.854009 0.934922 0.975549 0.937080 0.939519 0.996156 0.956834 0.938629 0.936264 0.926092 0.984088 0.942876 0.989571 0.879175 0.956349 0.942207 0.873800 0.850067 0.861653 0.822329 0.919484 0.900149 0.962634 0.972777 0.982244 0.948342 0.945771 0.821958 0.892618 0.971378 0.940335 0.840002 0.956465 0.936579 0.904564 0.971806 0.901388 0.872274 0.956666 0.762901 0.734385 0.975647 0.777690 0.932803 0.922025 0.943816 0.940634 0.996771 0.971229 0.994938 0.899514 0.861576 0.799902 0.892821 0.951585 0.968647 0.876377 0.932822 0.915084 0.895076 0.852995 0.953088 0.848015 0.922405 0.966131 0.973430 0.997422 0.846676 0.947044 0.946992 0.880119
0.944101 0.948330 0.919460 0.861679 0.962445 0.855591 0.874907 0.890590 0.891551 0.793238 0.781038 0.849952 0.951475 0.987648 0.976832 0.956924 0.787705 0.757278 0.963769 0.848333 0.856558 0.912334 0.922293 0.885243 0.909652 0.850011 0.898042 0.000000 0.845631 0.827721 0.983591 0.912256 0.904362 0.852112 0.880945 0.954503 0.954898 0.979426 0.936024 0.815258 0.864208 0.966021 0.800027 0.768464 0.804904 0.808857 0.976212 0.946701 0.969381 0.870531 0.835758 0.772745 0.846315 0.764202 0.807718 0.912376 0.800144 0.928027 0.899761 0.984284 0.872033 0.889242 0.871208 0.841323 0.891742 0.986782 0.935767 0.897709 0.845413 0.910666 0.907728 0.944716 0.811313 0.896300 0.944483 0.952496 0.976605 0.897025 0.871379 0.906036 0.842400 0.838065 0.983446 0.976344 0.975440 0.934717 0.961161 0.929187 0.799296 0.942511 0.926827 0.961768 0.913368 0.968497 0.965909 0.933567 0.980110 0.910648 0.968037 0.855937 0.975141 0.986779 0.924690 0.865695 0.952316 0.984694 0.967148 0.948802 0.935557 0.964023 0.794380 0.897617 0.878433 0.797194 0.956233 0.997834
0.721074 0.692225 0.921323 0.963723 0.985999 0.981740 0.872806 0.714843 0.874968 0.647040 0.567060 0.512378 0.755191 0.700810 0.798505 0.742871 0.429752 0.451928 0.635713 0.492945 0.971391 0.902403 0.852979 0.846958 0.789297 0.720530 0.746193 0.845631 0.000000 0.424102 0.825518 0.784916 0.599571 0.525912 0.943696 0.827477 0.945438 0.936615 0.830033 0.965585 0.826797 0.896016 0.739495 0.568819 0.722561 0.609869 0.767797 0.735369 0.933082 0.995268 0.908635 0.897490 0.849898 0.895052 0.967263 0.869595 0.576198 0.681178 0.717805 0.841166 0.698632 0.723399 0.480020 0.523297 0.867821 0.981347 0.873423 0.822077 0.991657 0.627188 0.954607 0.805752 0.644611 0.660684 0.963377 0.855270 0.668375 0.915211 0.702227 0.719031 0.619857 0.787283 0.923385 0.952111 0.899338 0.882130 0.962379 0.921182 0.724453 0.814675 0.716903 0.688321 0.753942 0.837069 0.842326 0.822396 0.848528 0.831475 0.850229 0.804510 0.835334 0.965684 0.731270 0.711231 0.999968 0.946081 0.951603 0.877204 0.960551 0.718740 0.705291 0.742733 0.889935 0.814966 0.891616 0.947183
0.954315 0.847848 0.907646 0.931879 0.919079 0.981330 0.891255 0.729876 0.835150 0.613726 0.644292 0.590935 0.792491 0.736417 0.821184 0.799527 0.451631 0.463319 0.719403 0.593757 0.931947 0.963088 0.876051 0.806681 0.723425 0.678133 0.871193 0.827721 0.424102 0.000000 0.768663 0.691871 0.660569 0.531923 0.868427 0.866847 0.898575 0.979500 0.942339 0.949599 0.837398 0.942514 0.794078 0.626432 0.725978 0.677960 0.861521 0.805831 0.875119 0.822427 0.892601 0.705456 0.716169 0.810333 0.888161 0.707009 0.641317 0.788587 0.912568 0.959554 0.747587 0.811389 0.484008 0.545567 0.766378 0.901139 0.994963 0.881588 0.868276 0.703803 0.902384 0.747916 0.752145 0.746584 0.924378 0.849577 0.816227 0.854779 0.714181 0.680186 0.689873 0.833998 0.911100 0.909708 0.801252 0.823102 0.961801 0.976522 0.653680 0.680814 0.740042 0.665439 0.709894 0.832858 0.784707 0.806793 0.863937 0.779751 0.867139 0.948895 0.896580 0.961310 0.676353 0.792701 0.985601 0.873655 0.990362 0.843691 0.909363 0.656916 0.661045 0.805014 0.856561 0.810384 0.947760 0.847661
0.907640 0.881861 0.666605 0.709640 0.991793 0.800265 0.814580 0.937499 0.909164 0.785252 0.971964 0.951943 0.874614 0.997817 0.837197 0.837626 0.794795 0.807727 0.656928 0.885424 0.929048 0.887137 0.757236 0.875864 0.729828 0.646130 0.906600 0.983591 0.825518 0.768663 0.000000 0.591357 0.603747 0.708487 0.916797 0.986210 0.681562 0.808839 0.907222 0.935196 0.982939 0.925557 0.618717 0.674487 0.665307 0.700476 0.618104 0.593664 0.948981 0.975940 0.985177 0.917065 0.966772 0.911094 0.872749 0.893705 0.745738 0.853155 0.898500 0.838840 0.938529 0.868267 0.876320 0.959399 0.806911 0.974360 0.819139 0.754026 0.902315 0.887269 0.691925 0.731375 0.915915 0.955355 0.889120 0.806412 0.998449 0.829471 0.828905 0.763451 0.791605 0.756542 0.819178 0.814208 0.938423 0.883683 0.942492 0.796974 0.902938 0.964618 0.926234 0.949234 0.997160 0.961830 0.887413 0.831634 0.869407 0.802708 0.880510 0.978533 0.833470 0.860290 0.917442 0.937402 0.978883 0.918362 0.931422 0.850867 0.902884 0.943302 0.846977 0.948144 0.925357 0.977219 0.888527 0.965522
0.806712 0.978825 0.767335 0.804153 0.976676 0.948105 0.845539 0.924723 0.979592 0.828976 0.937746 0.954441 0.843291 0.888949 0.690232 0.785260 0.747068 0.739432 0.719187 0.793594 0.963508 0.922523 0.738598 0.849512 0.913188 0.874385 0.870471 0.912256 0.784916 0.691871 0.591357 0.000000 0.577716 0.779739 0.969439 0.939756 0.842749 0.874156 0.985572 0.956134 0.916181 0.860481 0.743375 0.752214 0.749896 0.778199 0.755258 0.745486 0.826041 0.870941 0.892177 0.804939 0.799567 0.923847 0.965650 0.840186 0.846836 0.896405 0.820541 0.762604 0.915862 0.916418 0.793158 0.845943 0.864153 0.937598 0.883548 0.792205 0.946819 0.879811 0.785095 0.625254 0.926252 0.948630 0.944991 0.945656 0.998274 0.824397 0.686363 0.670803 0.753316 0.760637 0.724225 0.763175 0.960424 0.872602 0.991164 0.774237 0.839432 0.932226 0.912747 0.948656 0.911336 0.964623 0.894246 0.955618 0.962445 0.758680 0.953817 0.972990 0.849207 0.886933 0.871231 0.821817 0.855210 0.841952 0.896001 0.881593 0.890616 0.877677 0.772160 0.882731 0.871438 0.873559 0.893373 0.858029
0.876717 0.689060 0.672122 0.618188 0.896494 0.911842 0.657976 0.681693 0.918521 0.755701 0.828120 0.731943 0.665076 0.745294 0.636673 0.732889 0.595597 0.615786 0.529335 0.609664 0.941395 0.955383 0.713625 0.858386 0.881184 0.840325 0.947515 0.904362 0.599571 0.660569 0.603747 0.577716 0.000000 0.532455 0.806630 0.999954 0.824548 0.927115 0.956587 0.942603 0.843083 0.831985 0.635818 0.570024 0.628789 0.624393 0.583821 0.566369 0.951187 0.943198 0.805394 0.918572 0.988814 0.910394 0.922277 0.936589 0.667227 0.712635 0.719700 0.894155 0.626416 0.809427 0.618229 0.688474 0.697553 0.728247 0.638131 0.551203 0.957304 0.824265 0.839564 0.748907 0.853231 0.929345 0.953196 0.847296 0.734854 0.840299 0.707611 0.698989 0.593384 0.681182 0.729459 0.781879 0.745681 0.756916 0.868726 0.843668 0.899567 0.886922 0.984451 0.890251 0.945422 0.941159 0.836741 0.870469 0.921516 0.853849 0.715991 0.724519 0.755500 0.828325 0.851090 0.806036 0.719616 0.938446 0.872180 0.849395 0.901968 0.881170 0.774468 0.853481 0.969522 0.895610 0.714971 0.893451
0.733909 0.594406 0.804039 0.747024 0.814283 0.896446 0.692019 0.609020 0.977935 0.741786 0.710000 0.540518 0.632200 0.674487 0.726473 0.673311 0.571778 0.519473 0.575038 0.584092 0.973880 0.920491 0.833552 0.909555 0.994296 0.987053 0.996513 0.852112 0.525912 0.531923 0.708487 0.779739 0.532455 0.000000 0.850532 0.966867 0.822968 0.861610 0.962779 0.978642 0.904960 0.921406 0.629045 0.512795 0.621633 0.562767 0.635698 0.572551 0.933262 0.994650 0.852071 0.981192 0.947199 0.945516 0.996180 0.917550 0.594769 0.683707 0.712042 0.836881 0.571792 0.659426 0.534009 0.557973 0.823749 0.744695 0.688803 0.581081 0.990870 0.753954 0.795215 0.751267 0.750239 0.755341 0.857010 0.862464 0.697939 0.725966 0.657086 0.737969 0.557096 0.641859 0.757857 0.753531 0.805857 0.792996 0.986689 0.856395 0.835270 0.957499 0.933708 0.764760 0.874361 0.911401 0.803790 0.753536 0.792497 0.783056 0.717413 0.716912 0.750653 0.921516 0.717914 0.778283 0.790094 0.957250 0.975869 0.831006 0.928635 0.700538 0.750969 0.710149 0.800490 0.840278 0.708844 0.973459
0.884915 0.888881 0.714477 0.679936 0.914547 0.818226 0.786848 0.878944 0.810742 0.980742 0.919586 0.986395 0.844453 0.959167 0.866762 0.944904 0.953863 0.912175 0.932188 0.919757 0.867566 0.976689 0.772114 0.891029 0.787143 0.822596 0.952384 0.880945 0.943696 0.868427 0.916797 0.969439 0.806630 0.850532 0.000000 0.899121 0.716871 0.952192 0.893397 0.874080 0.939990 0.966290 0.803020 0.801417 0.871310 0.836300 0.903063 0.799761 0.823334 0.791349 0.782954 0.790495 0.802882 0.780698 0.853047 0.887525 0.983916 0.929019 0.836264 0.883693 0.790480 0.806362 0.917108 0.949974 0.636249 0.672280 0.702688 0.716638 0.990888 0.915669 0.939188 0.916981 0.970381 0.934714 0.972274 0.885438 0.761675 0.844644 0.974893 0.873257 0.925290 0.911068 0.873682 0.819271 0.689824 0.726780 0.943685 0.927241 0.914279 0.775778 0.839955 0.872782 0.858849 0.866743 0.964272 0.930790 0.950184 0.906196 0.874534 0.955960 0.881331 0.840458 0.999669 0.888339 0.802758 0.939827 0.859653 0.947390 0.960540 0.922442 0.917994 0.998395 0.877981 0.957519 0.743744 0.881884
0.916679 0.995236 0.858130 0.857155 0.868765 0.837420 0.917301 0.978473 0.881162 0.989523 0.986699 0.981294 0.940159 0.949646 0.964417 0.972282 0.956945 0.986921 0.936853 0.958432 0.902473 0.962439 0.797175 0.780762 0.910765 0.941076 0.925731 0.954503 0.827477 0.866847 0.986210 0.939756 0.999954 0.966867 0.899121 0.000000 0.976423 0.976856 0.973656 0.923198 0.971249 0.942884 0.993400 0.977237 0.909630 0.979051 0.968350 0.907293 0.948046 0.989930 0.991176 0.986837 0.967724 0.991963 0.944097 0.902355 0.987511 0.937375 0.960720 0.987586 0.919074 0.940731 0.863886 0.905471 0.809957 0.855109 0.943550 0.932921 0.925503 0.972819 0.980308 0.943216 0.997910 0.922737 0.907659 0.881018 0.889835 0.875013 0.951450 0.913876 0.995044 0.891818 0.768856 0.908072 0.753500 0.807367 0.888305 0.755500 0.817831 0.849268 0.876763 0.980467 0.855850 0.940938 0.970669 0.959736 0.840594 0.881977 0.996417 0.966806 0.885911 0.925763 0.878469 0.898488 0.900706 0.981784 0.782942 0.955380 0.983898 0.949568 0.985426 0.993146 0.947392 0.994024 0.953476 0.943606
0.987407 0.868010 0.747595 0.853126 0.992285 0.863995 0.985900 0.940293 0.882828 0.964110 0.883274 0.876175 0.966708 0.758919 0.963934 0.943180 0.925805 0.979676 0.899141 0.986053 0.900927 0.848956 0.831267 0.887375 0.667376 0.639369 0.942225 0.954898 0.945438 0.898575 0.681562 0.842749 0.824548 0.822968 0.716871 0.976423 0.000000 0.688287 0.697841 0.935780 0.848386 0.878298 0.701646 0.825227 0.796394 0.777379 0.711856 0.732042 0.795229 0.797153 0.921395 0.875639 0.914611 0.907290 0.761119 0.790456 0.847347 0.885447 0.959275 0.940894 0.910590 0.943440 0.909178 0.939419 0.775198 0.971123 0.771508 0.706518 0.936425 0.954798 0.633741 0.832858 0.995527 0.993691 0.964799 0.970222 0.975318 0.772694 0.944103 0.970313 0.944134 0.899981 0.920063 0.792589 0.913956 0.911624 0.839467 0.864900 0.834340 0.841142 0.961983 0.873918 0.806266 0.962146 0.899131 0.883276 0.921501 0.761797 0.787875 0.999647 0.770340 0.970400 0.941557 0.905604 0.872974 0.790272 0.968716 0.986322 0.910297 0.897881 0.945043 0.974215 0.974944 0.956062 0.790985 0.976981
0.925107 0.806076 0.898377 0.887977 0.893770 0.890251 0.951624 0.988789 0.997188 0.830316 0.898484 0.972700 0.854794 0.869832 0.963140 0.998629 0.947604 0.919876 0.806356 0.891708 0.959677 0.777545 0.954794 0.898392 0.851332 0.870410 0.940881 0.979426 0.936615 0.979500 0.808839 0.874156 0.927115 0.861610 0.952192 0.976856 0.688287 0.000000 0.895778 0.992172 0.997204 0.843687 0.650097 0.764825 0.746008 0.723934 0.660946 0.645112 0.751149 0.764201 0.935619 0.876901 0.870979 0.988577 0.858314 0.857553 0.795162 0.802328 0.926306 0.970350 0.905110 0.958937 0.928617 0.966655 0.885328 0.999673 0.834579 0.877100 0.748035 0.849960 0.701795 0.645836 0.857274 0.871035 0.896241 0.974385 0.966102 0.863975 0.903048 0.926624 0.964478 0.916266 0.978895 0.879402 0.952527 0.945668 0.890004 0.932087 0.823316 0.932050 0.993031 0.881825 0.859543 0.865664 0.955205 0.799510 0.653686 0.678038 0.839383 0.798309 0.725008 0.893326 0.814318 0.677425 0.922452 0.675473 0.824054 0.995911 0.983881 0.963615 0.809940 0.873874 0.895097 0.837563 0.882070 0.820889
