0.000000 0.433264 0.982089 0.826946 0.899635 0.877514 0.804920 0.702732 0.906206 0.716539 0.549820 0.516277 0.885883 0.771011 0.892263 0.782742 0.525564 0.575548 0.582414 0.567760 0.930250 0.815608 0.984946 0.968279 0.964509 0.885669 0.911496 0.857564 0.694878 0.676312 0.788775 0.814733 0.543730 0.600917 0.968071 0.981897 0.811155 0.770970 0.953636 0.928319 0.769444 0.936210 0.773828 0.659393 0.758851 0.756943 0.837113 0.765729 0.836390 0.915802 0.808295 0.933283 0.955161 0.930985 0.900129 0.785069 0.421869 0.431368 0.644752 0.769581 0.677351 0.823366 0.479264 0.523472 0.810189 0.995884 0.783391 0.759553 0.494426 0.630862 0.671655 0.648924 0.697964 0.732573 0.969433 0.903015 0.797259 0.755293 0.807349 0.706914 0.546619 0.575599 0.907665 0.750350 0.975794 0.970162 0.897980 0.843251 0.850213 0.910069 0.744090 0.840673 0.856207 0.882179 0.998289 0.920844 0.698516 0.923815 0.501634 0.692719 0.799384 0.891481 0.692969 0.579195 0.809144 0.897567 0.815163 0.887589 0.944024 0.829556 0.702087 0.862199 0.818190 0.970162 0.897204 0.972812
0.433264 0.000000 0.815417 0.889763 0.952326 0.875555 0.931172 0.569059 0.990290 0.627207 0.626326 0.383224 0.853268 0.585427 0.857771 0.610577 0.433619 0.402613 0.568885 0.426945 0.873877 0.857787 0.927628 0.887580 0.963333 0.770762 0.939775 0.806111 0.571797 0.506203 0.847788 0.748284 0.593889 0.581896 0.971991 0.913066 0.824560 0.762250 0.930162 0.898105 0.786988 0.716127 0.794425 0.619641 0.820887 0.786733 0.970687 0.802742 0.951677 0.984842 0.969551 0.978354 0.877523 0.789318 0.835923 0.948547 0.320549 0.293747 0.901563 0.858571 0.791334 0.723326 0.521824 0.373432 0.711126 0.996288 0.996385 0.868945 0.552172 0.628471 0.503755 0.586391 0.688138 0.758908 0.935343 0.931179 0.688103 0.642649 0.789021 0.619553 0.436456 0.485958 0.799713 0.643806 0.855427 0.943667 0.921151 0.901311 0.733438 0.871539 0.723324 0.726800 0.814347 0.837923 0.967812 0.818991 0.749665 0.846688 0.502988 0.577995 0.711056 0.979775 0.703506 0.533921 0.830542 0.843207 0.842663 0.911856 0.949331 0.816722 0.676450 0.753828 0.784378 0.808774 0.917932 0.932204
0.982089 0.815417 0.000000 0.450452 0.801151 0.955906 0.348509 0.807833 0.677796 0.828634 0.831919 0.841633 0.685744 0.944539 0.708991 0.851665 0.946995 0.993563 0.704791 0.957990 0.860281 0.788692 0.536222 0.716813 0.457545 0.457846 0.855659 0.846095 0.982233 0.897755 0.516672 0.770655 0.629988 0.654751 0.656113 0.993211 0.822443 0.930560 0.635505 0.902979 0.915193 0.921985 0.537917 0.653219 0.797325 0.857558 0.599255 0.664281 0.824017 0.942826 0.973718 0.982007 0.864785 0.928382 0.804219 0.985388 0.906981 0.820663 0.636992 0.972728 0.663217 0.829447 0.814263 0.858204 0.380200 0.601065 0.389705 0.548466 0.959716 0.994978 0.911400 0.909196 0.920451 0.985722 0.686855 0.833203 0.736853 0.955695 0.789434 0.884497 0.978430 0.908402 0.988544 0.944105 0.537669 0.665494 0.902923 0.978534 0.775897 0.898642 0.920768 0.889674 0.880578 0.756176 0.982591 0.880331 0.985421 0.865970 0.990439 0.906276 0.802347 0.812863 0.916330 0.983982 0.811579 0.603867 0.975119 0.984063 0.950354 0.920734 0.937978 0.921236 0.979050 0.987925 0.859765 0.841592
0.826946 0.889763 0.450452 0.000000 0.848279 0.855083 0.341248 0.467789 0.727940 0.540771 0.844112 0.816229 0.690642 0.798817 0.710140 0.569153 0.777079 0.833752 0.558389 0.786470 0.848997 0.831864 0.449861 0.506770 0.623276 0.646094 0.975350 0.960197 0.881766 0.716875 0.494220 0.671871 0.592047 0.626766 0.775908 0.928278 0.616524 0.769697 0.701049 0.893140 0.852344 0.898750 0.465761 0.580071 0.945235 0.943133 0.709552 0.665362 0.759101 0.907467 0.974309 0.882596 0.849598 0.826856 0.923969 0.859496 0.831599 0.925572 0.716165 0.919665 0.708101 0.943387 0.616809 0.809196 0.641813 0.671790 0.547829 0.698268 0.859896 0.920698 0.623730 0.621683 0.685390 0.799589 0.724925 0.828825 0.593377 0.886603 0.704991 0.842477 0.759053 0.717777 0.946027 0.826254 0.713471 0.669926 0.935124 0.991935 0.975809 0.955469 0.679261 0.631307 0.725579 0.690543 0.957857 0.835543 0.858720 0.992110 0.841055 0.679652 0.926949 0.613297 0.690061 0.695383 0.752094 0.610457 0.936588 0.877314 0.862891 0.819208 0.923559 0.856084 0.901534 0.939191 0.982661 0.882187
0.899635 0.952326 0.801151 0.848279 0.000000 0.885191 0.875022 0.953109 0.858948 0.989333 0.877245 0.950021 0.771163 0.989867 0.732685 0.995932 0.970219 0.908989 0.870301 0.993557 0.835383 0.788113 0.874512 0.948790 0.768435 0.852978 0.800213 0.949206 0.876167 0.940122 0.899312 0.918884 0.798008 0.783805 0.903828 0.866538 0.964230 0.956644 0.801491 0.856711 0.901688 0.949212 0.833202 0.736999 0.686576 0.791617 0.912542 0.762940 0.976796 0.893506 0.897468 0.968605 0.935574 0.908001 0.936217 0.882607 0.997919 0.970119 0.875481 0.893976 0.779349 0.981392 0.995213 0.917700 0.714538 0.699386 0.759527 0.645321 0.841432 0.999857 0.990739 0.947142 0.904671 0.742776 0.927885 0.862570 0.883455 0.989637 0.971471 0.995653 0.926789 0.935681 0.971516 0.984182 0.850813 0.772307 0.860419 0.976962 0.865874 0.857102 0.951920 0.990206 0.911208 0.885473 0.904406 0.919211 0.973854 0.941514 0.921949 0.893215 0.966146 0.963501 0.992979 0.891703 0.773107 0.844538 0.923908 0.941558 0.972311 0.937157 0.869937 0.906233 0.943215 0.930297 0.879900 0.676410
0.877514 0.875555 0.955906 0.855083 0.885191 0.000000 0.873836 0.728477 0.882161 0.826528 0.908988 0.803732 0.762847 0.929146 0.925957 0.764235 0.981136 0.974470 0.931919 0.956443 0.855423 0.766218 0.935199 0.961636 0.888997 0.849881 0.960476 0.811701 0.954350 0.925202 0.855754 0.956663 0.905747 0.869724 0.784068 0.850146 0.845972 0.830241 0.898568 0.946090 0.986773 0.954940 0.982678 0.857508 0.882567 0.817179 0.927192 0.957616 0.973755 0.992070 0.967275 0.971861 0.975237 0.806278 0.973945 0.945952 0.937615 0.921050 0.811959 0.919061 0.713020 0.767832 0.874375 0.847469 0.994607 0.787193 0.884349 0.755343 0.970036 0.965646 0.868222 0.980746 0.952403 0.869711 0.938994 0.993262 0.923680 0.937052 0.997508 0.959432 0.878874 0.868398 0.938208 0.980907 0.936581 0.986495 0.963587 0.835829 0.964795 0.950317 0.734809 0.798935 0.701279 0.821903 0.959563 0.924454 0.855669 0.832236 0.798102 0.934572 0.730860 0.783018 0.832719 0.930266 0.967440 0.812498 0.992649 0.968495 0.987128 0.965406 0.839259 0.823108 0.977788 0.900585 0.984103 0.794692
0.804920 0.931172 0.348509 0.341248 0.875022 0.873836 0.000000 0.552938 0.679517 0.576528 0.718995 0.929342 0.689830 0.805417 0.648391 0.647668 0.716954 0.776291 0.466449 0.795433 0.845579 0.823967 0.429556 0.542137 0.541009 0.610905 0.987470 0.979619 0.811758 0.706979 0.432928 0.577254 0.511138 0.501263 0.693909 0.959085 0.759111 0.944555 0.661483 0.979560 0.906444 0.942931 0.438062 0.578054 0.818514 0.860322 0.590303 0.607051 0.761231 0.930522 0.945065 0.898216 0.883668 0.867745 0.903203 0.862373 0.805753 0.932619 0.686233 0.885337 0.680356 0.888134 0.552487 0.878063 0.581385 0.704048 0.417510 0.621949 0.827176 0.918866 0.690500 0.693134 0.665165 0.766715 0.773860 0.774349 0.638981 0.833764 0.639167 0.710814 0.737028 0.662376 0.940160 0.897469 0.553949 0.617050 0.930660 0.961800 0.988273 0.998508 0.717032 0.658852 0.752623 0.672378 0.929916 0.838433 0.876591 0.901114 0.811570 0.667166 0.930478 0.606583 0.750206 0.746871 0.786773 0.625164 0.992898 0.867831 0.931549 0.854935 0.839213 0.895412 0.854392 0.971562 0.891448 0.867135
0.702732 0.569059 0.807833 0.467789 0.953109 0.728477 0.552938 0.000000 0.819617 0.436779 0.808979 0.487418 0.649433 0.517190 0.775172 0.408279 0.632532 0.667531 0.546891 0.600758 0.888118 0.799333 0.629782 0.618122 0.861051 0.877248 0.891654 0.934982 0.675806 0.577734 0.632777 0.663673 0.614781 0.599988 0.855378 0.981298 0.690432 0.859226 0.897454 0.992778 0.901343 0.738875 0.639477 0.591285 0.937084 0.871186 0.851700 0.763475 0.837350 0.818628 0.992671 0.907549 0.908945 0.934750 0.948930 0.855399 0.585998 0.613529 0.786205 0.922319 0.700185 0.649583 0.534540 0.467544 0.946127 0.837087 0.771864 0.787771 0.703945 0.768435 0.508560 0.590143 0.605205 0.764205 0.866024 0.895754 0.614080 0.745285 0.698715 0.737697 0.570822 0.575967 0.828818 0.677368 0.958822 0.853982 0.926393 0.966923 0.857515 0.985761 0.524159 0.514899 0.618310 0.668928 0.885571 0.775320 0.713412 0.878092 0.614525 0.588339 0.655153 0.567121 0.630438 0.485166 0.771563 0.660174 0.923547 0.827025 0.808789 0.795881 0.799744 0.832309 0.781160 0.810623 0.987365 0.921094
0.906206 0.990290 0.677796 0.727940 0.858948 0.882161 0.679517 0.819617 0.000000 0.713827 0.880287 0.973538 0.800698 0.993226 0.762377 0.836303 0.860212 0.960175 0.834503 0.929008 0.916413 0.799897 0.822126 0.956298 0.829362 0.807374 0.935928 0.801886 0.877573 0.986577 0.790775 0.901579 0.881669 0.827591 0.737447 0.899249 0.881040 0.957541 0.822947 0.841538 0.819312 0.952362 0.728715 0.802617 0.771805 0.857900 0.649183 0.741591 0.993514 0.925056 0.906139 0.907633 0.829941 0.979665 0.884044 0.912912 0.946430 0.986466 0.617426 0.814404 0.675510 0.944840 0.854782 0.900609 0.721834 0.769619 0.647722 0.739986 0.793333 0.999999 0.844858 0.811332 0.988566 0.917636 0.954184 0.839412 0.772106 0.936311 0.838440 0.908807 0.884482 0.974560 0.907322 0.973843 0.915893 0.992581 0.804097 0.726330 0.832232 0.870018 0.687743 0.746646 0.719723 0.713769 0.851070 0.891376 0.873000 0.982226 0.815442 0.792217 0.978989 0.950764 0.770725 0.871566 0.762006 0.714381 0.944449 0.832849 0.965214 0.929698 0.824212 0.925214 0.967870 0.932015 0.794898 0.798189
0.716539 0.627207 0.828634 0.540771 0.989333 0.826528 0.576528 0.436779 0.713827 0.000000 0.773667 0.679675 0.858862 0.690766 0.784479 0.578263 0.638510 0.653140 0.547152 0.572977 0.885626 0.916244 0.646717 0.722741 0.909969 0.885898 0.888842 0.998734 0.758786 0.641323 0.605090 0.643520 0.696275 0.620246 0.784359 0.988407 0.662279 0.884506 0.950960 0.982345 0.902630 0.769002 0.577778 0.626708 0.858386 0.847691 0.786842 0.709060 0.956005 0.916323 0.924150 0.930105 0.952783 0.941741 0.916391 0.765435 0.601073 0.702804 0.823092 0.966903 0.802548 0.819878 0.605198 0.590639 0.963320 0.913606 0.770919 0.865064 0.754624 0.926871 0.478897 0.556271 0.650841 0.723614 0.899551 0.787692 0.606634 0.683827 0.733960 0.766295 0.571483 0.649770 0.866102 0.797056 0.994632 0.931546 0.888147 0.918562 0.731727 0.903566 0.483973 0.522166 0.600192 0.639221 0.924594 0.857235 0.735951 0.936527 0.605129 0.574762 0.849740 0.745988 0.609911 0.563225 0.868739 0.727660 0.944061 0.712264 0.852576 0.924789 0.866756 0.732487 0.836661 0.918789 0.929672 0.856104
0.549820 0.626326 0.831919 0.844112 0.877245 0.908988 0.718995 0.808979 0.880287 0.773667 0.000000 0.611864 0.707460 0.774432 0.772178 0.769734 0.521548 0.544555 0.551227 0.524664 0.838319 0.889141 0.949845 0.910339 0.940976 0.992975 0.993347 0.836648 0.617504 0.570735 0.797636 0.722299 0.629353 0.531998 0.936590 0.972306 0.981329 0.921281 0.893651 0.931293 0.884461 0.972717 0.791970 0.696869 0.843773 0.850861 0.785653 0.745034 0.909784 0.995341 0.906350 0.873426 0.884524 0.734450 0.946006 0.879529 0.560374 0.613896 0.791046 0.896003 0.704389 0.983934 0.557574 0.657408 0.949386 0.965037 0.724060 0.721194 0.575206 0.686236 0.772061 0.823651 0.644084 0.732337 0.984948 0.765676 0.846613 0.795990 0.668066 0.521079 0.575938 0.540576 0.929181 0.857364 0.932937 0.955075 0.788994 0.884009 0.941176 0.800422 0.887993 0.954461 0.948818 0.932780 0.844112 0.904276 0.812543 0.977764 0.628668 0.755714 0.971422 0.903361 0.761986 0.760421 0.811366 0.885187 0.855807 0.889672 0.985164 0.829925 0.848959 0.994583 0.964579 0.913177 0.825241 0.797665
0.516277 0.383224 0.841633 0.816229 0.950021 0.803732 0.929342 0.487418 0.973538 0.679675 0.611864 0.000000 0.698121 0.505870 0.823323 0.520943 0.503199 0.509473 0.617113 0.492470 0.890268 0.890654 0.955355 0.867103 0.920655 0.774730 0.905696 0.795463 0.578311 0.512233 0.925186 0.791051 0.646190 0.663719 0.849708 0.968195 0.814644 0.854398 0.890606 0.924821 0.800182 0.781730 0.902223 0.703365 0.995188 0.901988 0.981787 0.870716 0.927772 0.851985 0.980950 0.895148 0.919728 0.869097 0.860692 0.957365 0.418413 0.411142 0.908332 0.832845 0.761152 0.633464 0.499397 0.326451 0.650153 0.979736 0.985136 0.921946 0.607324 0.648954 0.587949 0.653237 0.621749 0.775927 0.994378 0.954672 0.765392 0.719496 0.749400 0.686004 0.469861 0.500486 0.779522 0.583857 0.789811 0.983024 0.878544 0.979972 0.869302 0.842293 0.731529 0.734929 0.809065 0.903394 0.978682 0.805204 0.752895 0.727808 0.554183 0.651691 0.653669 0.815961 0.724227 0.518759 0.772104 0.862355 0.888882 0.977972 0.853415 0.763002 0.770974 0.848163 0.854627 0.837974 0.967759 0.924838
0.885883 0.853268 0.685744 0.690642 0.771163 0.762847 0.689830 0.649433 0.800698 0.858862 0.707460 0.698121 0.000000 0.630847 0.544523 0.571826 0.815323 0.751558 0.756591 0.852988 0.764196 0.859465 0.741706 0.775870 0.792170 0.839871 0.926423 0.932625 0.711681 0.679283 0.745099 0.827693 0.619785 0.653072 0.913433 0.963560 0.876309 0.980626 0.875897 0.853462 0.979618 0.991643 0.776306 0.707034 0.872743 0.947799 0.845059 0.810838 0.785536 0.921793 0.836415 0.935827 0.972230 0.840194 0.956855 0.981932 0.866803 0.873345 0.824208 0.896868 0.625993 0.886996 0.667145 0.714145 0.772372 0.823431 0.757482 0.708783 0.896233 0.992662 0.825025 0.883716 0.913284 0.894996 0.901158 0.797200 0.843338 0.712968 0.754022 0.698532 0.768395 0.676373 0.819791 0.881519 0.833276 0.805447 0.891831 0.988887 0.761571 0.950283 0.893023 0.872262 0.842996 0.873359 0.940017 0.866676 0.870164 0.937290 0.834451 0.925808 0.938102 0.789982 0.823403 0.829594 0.706619 0.714081 0.979759 0.933156 0.892204 0.803065 0.959974 0.957556 0.962892 0.898294 0.931408 0.871678
0.771011 0.585427 0.944539 0.798817 0.989867 0.929146 0.805417 0.517190 0.993226 0.690766 0.774432 0.505870 0.630847 0.000000 0.584016 0.475677 0.571172 0.515863 0.592075 0.568480 0.888272 0.887994 0.703378 0.675295 0.942616 0.867104 0.965734 0.814009 0.556419 0.509881 0.779690 0.612913 0.679924 0.707112 0.824026 0.955894 0.951515 0.951503 0.921462 0.944684 0.997716 0.869718 0.718302 0.715367 0.953682 0.981250 0.932858 0.829464 0.855912 0.746898 0.888728 0.855690 0.995535 0.959880 0.868076 0.854116 0.556848 0.604260 0.882905 0.851348 0.975170 0.941717 0.537541 0.516579 0.828299 0.853234 0.950929 0.954234 0.835298 0.935233 0.660049 0.723371 0.693447 0.832429 0.961478 0.826961 0.737910 0.587502 0.684814 0.607500 0.542653 0.499856 0.591155 0.702729 0.919691 0.850914 0.967151 0.799381 0.887540 0.792228 0.820187 0.743158 0.923231 0.888860 0.969416 0.743057 0.857473 0.867725 0.659203 0.628585 0.795091 0.771055 0.695179 0.590500 0.880909 0.919822 0.920634 0.852144 0.850886 0.772099 0.868676 0.801755 0.860861 0.794512 0.965284 0.935024
0.892263 0.857771 0.708991 0.710140 0.732685 0.925957 0.648391 0.775172 0.762377 0.784479 0.772178 0.823323 0.544523 0.584016 0.000000 0.583149 0.674014 0.627390 0.607395 0.750491 0.692746 0.763031 0.548534 0.633815 0.614691 0.853987 0.797796 0.930538 0.563082 0.619644 0.719449 0.692738 0.595418 0.635842 0.954646 0.953121 0.863139 0.948504 0.898190 0.754589 0.957818 0.971587 0.535192 0.572601 0.722135 0.838539 0.687330 0.602516 0.941526 0.952682 0.904730 0.981498 0.932896 0.991562 0.946543 0.901760 0.780591 0.889997 0.964875 0.845989 0.891345 0.844344 0.659495 0.812585 0.684408 0.841381 0.755105 0.811001 0.909119 0.956835 0.818541 0.847089 0.862608 0.909725 0.981949 0.716145 0.700995 0.576928 0.595849 0.671250 0.666943 0.625608 0.707483 0.790930 0.574898 0.576533 0.969214 0.917390 0.876660 0.926994 0.905752 0.860175 0.919816 0.950344 0.934829 0.691627 0.996739 0.938002 0.726117 0.670094 0.891828 0.925699 0.816286 0.883972 0.748978 0.756224 0.935578 0.919025 0.901702 0.830269 0.841729 0.802733 0.933626 0.859601 0.867495 0.847833
0.782742 0.610577 0.851665 0.569153 0.995932 0.764235 0.647668 0.408279 0.836303 0.578263 0.769734 0.520943 0.571826 0.475677 0.583149 0.000000 0.566688 0.547289 0.549188 0.557810 0.789582 0.785845 0.549373 0.518013 0.785578 0.922226 0.960784 0.951288 0.558375 0.441900 0.725906 0.583887 0.646864 0.635016 0.995447 0.974100 0.731203 0.889126 0.959621 0.902840 0.866924 0.855533 0.650585 0.605976 0.991747 0.981836 0.866343 0.726046 0.767195 0.813696 0.883113 0.838330 0.989507 0.962071 0.832769 0.839707 0.577760 0.622633 0.968032 0.905937 0.815462 0.833682 0.507874 0.491820 0.975671 0.881074 0.907941 0.917640 0.809384 0.875328 0.550029 0.668527 0.682935 0.839207 0.889719 0.819366 0.685642 0.612473 0.673576 0.674613 0.514550 0.502008 0.685059 0.610314 0.893411 0.734968 0.946797 0.833725 0.923654 0.994745 0.728617 0.691281 0.801667 0.850046 0.935000 0.694913 0.828704 0.830199 0.686243 0.614607 0.827442 0.804989 0.675187 0.531455 0.701194 0.799195 0.969104 0.954469 0.869286 0.750425 0.844148 0.896296 0.824560 0.865855 0.942255 0.894540
0.525564 0.433619 0.946995 0.777079 0.970219 0.981136 0.716954 0.632532 0.860212 0.638510 0.521548 0.503199 0.815323 0.571172 0.674014 0.566688 0.000000 0.316200 0.427289 0.418135 0.799997 0.856128 0.732574 0.715473 0.888067 0.881927 0.992754 0.785382 0.460208 0.406461 0.741342 0.576302 0.524729 0.506924 0.979998 0.935440 0.847898 0.884539 0.989004 0.927156 0.738726 0.835619 0.629710 0.546347 0.843639 0.840325 0.800743 0.719989 0.899732 0.913835 0.909331 0.862738 0.852298 0.851491 0.813215 0.971673 0.318565 0.410042 0.924026 0.960270 0.852757 0.979373 0.421121 0.459093 0.883123 0.999087 0.802017 0.852193 0.605041 0.670124 0.545088 0.589358 0.625309 0.693208 0.929017 0.797164 0.699351 0.642130 0.594573 0.492633 0.348568 0.377937 0.683075 0.629470 0.867572 0.793498 0.908658 0.958331 0.854446 0.859501 0.803507 0.783120 0.879414 0.878444 0.963050 0.752585 0.778439 0.930760 0.636822 0.534146 0.885361 0.920621 0.703653 0.573762 0.785947 0.932934 0.845082 0.919063 0.990978 0.724189 0.667071 0.797793 0.793680 0.841785 0.864191 0.826182
0.575548 0.402613 0.993563 0.833752 0.908989 0.974470 0.776291 0.667531 0.960175 0.653140 0.544555 0.509473 0.751558 0.515863 0.627390 0.547289 0.316200 0.000000 0.432945 0.387727 0.819064 0.895908 0.716995 0.699010 0.885454 0.813547 0.923090 0.790974 0.396404 0.343240 0.780375 0.569319 0.532441 0.492351 0.950992 0.928181 0.891690 0.911787 0.939145 0.952561 0.823409 0.811791 0.628238 0.530102 0.808857 0.816010 0.863206 0.671907 0.892768 0.931040 0.861288 0.878358 0.838698 0.787619 0.787074 0.900110 0.315453 0.384352 0.978722 0.913120 0.890750 0.996176 0.437362 0.463199 0.886822 0.982676 0.850926 0.885196 0.636467 0.690274 0.586123 0.662828 0.655705 0.715127 0.970505 0.804778 0.685026 0.585541 0.604087 0.490460 0.314179 0.329274 0.581209 0.590452 0.849657 0.732646 0.988705 0.897933 0.795106 0.844277 0.868511 0.807837 0.933310 0.937608 0.989541 0.746566 0.813160 0.933170 0.635017 0.513445 0.906618 0.978380 0.697814 0.596859 0.806154 0.921971 0.872235 0.993416 0.983588 0.746875 0.676185 0.705056 0.808832 0.824937 0.876831 0.852686
0.582414 0.568885 0.704791 0.558389 0.870301 0.931919 0.466449 0.546891 0.834503 0.547152 0.551227 0.617113 0.756591 0.592075 0.607395 0.549188 0.427289 0.432945 0.000000 0.404280 0.871520 0.881789 0.500073 0.542969 0.721898 0.986517 0.972105 0.764831 0.538817 0.492580 0.597950 0.434820 0.449009 0.436885 0.945038 0.938305 0.807518 0.943387 0.880647 0.979670 0.880073 0.910125 0.547818 0.589176 0.912388 0.957301 0.758676 0.660227 0.721044 0.761575 0.786622 0.717564 0.858392 0.946782 0.875618 0.826463 0.453089 0.590167 0.964726 0.765338 0.867240 0.875506 0.383888 0.620520 0.917160 0.960683 0.666166 0.827786 0.669666 0.797215 0.469161 0.556237 0.547201 0.665142 0.915278 0.767883 0.614872 0.633273 0.570957 0.534119 0.427207 0.394813 0.695253 0.674991 0.665555 0.658154 0.888437 0.915584 0.768410 0.787945 0.705771 0.642972 0.788774 0.744922 0.876151 0.783758 0.784722 0.964669 0.619622 0.486273 0.992832 0.721591 0.663075 0.620747 0.813641 0.769495 0.923014 0.949378 0.996043 0.861265 0.764427 0.798746 0.856113 0.920910 0.893863 0.884152
0.567760 0.426945 0.957990 0.786470 0.993557 0.956443 0.795433 0.600758 0.929008 0.572977 0.524664 0.492470 0.852988 0.568480 0.750491 0.557810 0.418135 0.387727 0.404280 0.000000 0.932613 0.959732 0.781550 0.738530 0.984284 0.777531 0.973180 0.690607 0.488401 0.451018 0.812221 0.571369 0.654562 0.560126 0.884369 0.882167 0.847132 0.916535 0.975306 0.962372 0.869324 0.899979 0.728081 0.638817 0.999765 0.979618 0.950589 0.753413 0.814724 0.778502 0.801623 0.726892 0.805402 0.852723 0.742020 0.852793 0.394661 0.452293 0.929306 0.869591 0.942593 0.938333 0.475882 0.482426 0.790201 0.933047 0.921686 0.957283 0.580254 0.694100 0.483657 0.656376 0.578037 0.662202 0.956702 0.807212 0.718757 0.653891 0.643387 0.582837 0.395888 0.433823 0.715832 0.597745 0.973606 0.925207 0.986344 0.988243 0.679669 0.761389 0.755862 0.746605 0.900279 0.897938 0.980307 0.869160 0.826039 0.944820 0.611558 0.565537 0.875461 0.884018 0.703587 0.564939 0.888163 0.923275 0.919414 0.983535 0.968318 0.873159 0.757430 0.790533 0.921702 0.802842 0.923992 0.979603
0.930250 0.873877 0.860281 0.848997 0.835383 0.855423 0.845579 0.888118 0.916413 0.885626 0.838319 0.890268 0.764196 0.888272 0.692746 0.789582 0.799997 0.819064 0.871520 0.932613 0.000000 0.837132 0.851849 0.860336 0.763388 0.857818 0.803855 0.988191 0.911621 0.775519 0.926698 0.903342 0.774284 0.840437 0.944122 0.986173 0.911380 0.983399 0.928134 0.949332 0.962138 0.887936 0.814146 0.699123 0.881840 0.916422 0.854774 0.741979 0.952637 0.891503 0.987372 0.968085 0.986656 0.906771 0.862005 0.843119 0.847496 0.926021 0.865968 0.957794 0.774656 0.989413 0.841913 0.881272 0.804190 0.794222 0.827333 0.803589 0.936393 0.995072 0.930319 0.959182 0.917328 0.869451 0.858306 0.987784 0.944362 0.883521 0.965363 0.880316 0.852249 0.857323 0.990356 0.955999 0.872437 0.815746 0.992027 0.956598 0.946210 0.990245 0.956967 0.955693 0.920403 0.946860 0.923787 0.695832 0.840367 0.982146 0.911736 0.880631 0.999488 0.900192 0.803855 0.989873 0.901541 0.830856 0.969779 0.990899 0.894237 0.940320 0.772547 0.900585 0.969087 0.957203 0.908740 0.879767
0.815608 0.857787 0.788692 0.831864 0.788113 0.766218 0.823967 0.799333 0.799897 0.916244 0.889141 0.890654 0.859465 0.887994 0.763031 0.785845 0.856128 0.895908 0.881789 0.959732 0.837132 0.000000 0.789222 0.870159 0.737933 0.759396 0.796048 0.814593 0.830537 0.858358 0.796815 0.974755 0.827634 0.843659 0.892141 0.988010 0.882257 0.883910 0.889458 0.801172 0.917793 0.885211 0.750597 0.680379 0.672709 0.752774 0.808545 0.896282 0.812154 0.764781 0.818622 0.751160 0.774910 0.922836 0.867862 0.768202 0.888952 0.891801 0.764883 0.896102 0.853048 0.941062 0.914735 0.911851 0.832334 0.767446 0.798393 0.834272 0.865415 0.856559 0.839554 0.908769 0.937594 0.868878 0.797863 0.948716 0.783327 0.822888 0.844845 0.914967 0.895629 0.921277 0.825828 0.972833 0.875658 0.874873 0.993369 0.968067 0.851120 0.911241 0.855752 0.920592 0.871502 0.886081 0.848137 0.676035 0.921306 0.991521 0.707123 0.796015 0.888712 0.996871 0.837536 0.875980 0.818983 0.801491 0.896654 0.980428 0.932929 0.986527 0.793987 0.969724 0.873542 0.965436 0.867296 0.779482
0.984946 0.927628 0.536222 0.449861 0.874512 0.935199 0.429556 0.629782 0.822126 0.646717 0.949845 0.955355 0.741706 0.703378 0.548534 0.549373 0.732574 0.716995 0.500073 0.781550 0.851849 0.789222 0.000000 0.360481 0.553042 0.745644 0.883533 0.992794 0.767144 0.679105 0.508935 0.503160 0.596812 0.684841 0.915186 0.960342 0.771188 0.926603 0.779013 0.969825 0.988534 0.878981 0.464032 0.642968 0.893124 0.998069 0.788213 0.740241 0.716105 0.853763 0.807565 0.820646 0.983079 0.867262 0.890099 0.716436 0.828570 0.964605 0.923993 0.610736 0.990842 0.755689 0.683515 0.929704 0.599267 0.785417 0.703618 0.888930 0.925388 0.908449 0.574772 0.659215 0.863846 0.900282 0.819182 0.866199 0.586956 0.702262 0.745188 0.758747 0.743479 0.676058 0.738848 0.841805 0.501687 0.444153 0.784560 0.843994 0.997956 0.936507 0.807907 0.669475 0.834579 0.751790 0.912220 0.693189 0.998455 0.920127 0.869062 0.619876 0.889410 0.790319 0.868597 0.825780 0.862507 0.720443 0.975839 0.925279 0.996952 0.897343 0.922468 0.864363 0.860910 0.954499 0.929865 0.901565
0.968279 0.887580 0.716813 0.506770 0.948790 0.961636 0.542137 0.618122 0.956298 0.722741 0.910339 0.867103 0.775870 0.675295 0.633815 0.518013 0.715473 0.699010 0.542969 0.738530 0.860336 0.870159 0.360481 0.000000 0.630666 0.926165 0.998709 0.938305 0.708601 0.635454 0.655284 0.484959 0.685186 0.745715 0.915485 0.970667 0.811866 0.915548 0.789012 0.979121 0.988821 0.951980 0.588907 0.753808 0.941277 0.902943 0.890713 0.822901 0.706802 0.777694 0.791756 0.788526 0.974215 0.830130 0.862455 0.667534 0.787569 0.884409 0.832950 0.581842 0.923576 0.836662 0.670234 0.848445 0.836597 0.924621 0.872623 0.939740 0.942277 0.971678 0.644759 0.656710 0.761546 0.767420 0.913111 0.882359 0.672008 0.777417 0.734164 0.718750 0.693895 0.602138 0.762795 0.803777 0.610835 0.477886 0.857281 0.810249 0.958528 0.947196 0.840421 0.732944 0.914727 0.884822 0.842394 0.746767 0.986981 0.930297 0.886359 0.647009 0.966793 0.718411 0.820323 0.747847 0.780325 0.859914 0.898705 0.941472 0.997736 0.944483 0.989800 0.905305 0.897668 0.945083 0.886063 0.940509
0.964509 0.963333 0.457545 0.623276 0.768435 0.888997 0.541009 0.861051 0.829362 0.909969 0.940976 0.920655 0.792170 0.942616 0.614691 0.785578 0.888067 0.885454 0.721898 0.984284 0.763388 0.737933 0.553042 0.630666 0.000000 0.561115 0.779676 0.828605 0.871815 0.770047 0.598282 0.707804 0.648191 0.657205 0.768087 0.996087 0.855495 0.858823 0.685442 0.842880 0.904033 0.977561 0.583527 0.670312 0.793429 0.804987 0.676822 0.638908 0.914714 0.910958 0.976876 0.882692 0.947605 0.987580 0.911885 0.907072 0.997524 0.916620 0.850164 0.826120 0.800416 0.811606 0.828999 0.922117 0.497802 0.660926 0.647221 0.705229 0.963616 0.993276 0.939888 0.927113 0.986366 0.916862 0.836969 0.947287 0.700019 0.866701 0.761161 0.923470 0.947541 0.849418 0.911347 0.961083 0.541442 0.535447 0.794951 0.899337 0.873865 0.932006 0.948858 0.976571 0.999433 0.911491 0.911843 0.803087 0.879485 0.992032 0.996971 0.852109 0.894220 0.989698 0.962097 0.961836 0.779668 0.699574 0.945096 0.977492 0.995667 0.992869 0.849309 0.975798 0.929426 0.962815 0.923166 0.788921
0.885669 0.770762 0.457846 0.646094 0.852978 0.849881 0.610905 0.877248 0.807374 0.885898 0.992975 0.774730 0.839871 0.867104 0.853987 0.922226 0.881927 0.813547 0.986517 0.777531 0.857818 0.759396 0.745644 0.926165 0.561115 0.000000 0.790470 0.692693 0.837282 0.939391 0.671200 0.939047 0.845284 0.867330 0.622874 0.871331 0.788789 0.978095 0.731257 0.902038 0.907697 0.905273 0.741593 0.767443 0.811841 0.834909 0.694391 0.765566 0.964716 0.849192 0.928343 0.855956 0.870071 0.990684 0.871453 0.947252 0.798489 0.743022 0.672200 0.931255 0.712758 0.974735 0.938194 0.809830 0.506015 0.608244 0.600353 0.584004 0.934025 0.955810 0.981562 0.995698 0.882935 0.835365 0.738907 0.936514 0.920024 0.938133 0.955566 0.903009 0.835310 0.884351 0.922673 0.850533 0.739706 0.814126 0.938978 0.977993 0.805270 0.857759 0.989846 0.967145 0.928237 0.930466 0.966672 0.949101 0.944993 0.982960 0.897072 0.936800 0.848362 0.956368 0.944898 0.856513 0.943450 0.751029 0.963584 0.980714 0.905242 0.939778 0.989624 0.843399 0.980430 0.915145 0.950427 0.775142
0.911496 0.939775 0.855659 0.975350 0.800213 0.960476 0.987470 0.891654 0.935928 0.888842 0.993347 0.905696 0.926423 0.965734 0.797796 0.960784 0.992754 0.923090 0.972105 0.973180 0.803855 0.796048 0.883533 0.998709 0.779676 0.790470 0.000000 0.886761 0.985593 0.869766 0.826809 0.899071 0.970361 0.948190 0.998619 0.874187 0.915735 0.889554 0.855958 0.970783 0.977945 0.937242 0.886694 0.731210 0.802524 0.888281 0.999193 0.867912 0.876182 0.763511 0.951584 0.836956 0.994553 0.951140 0.933376 0.958051 0.985161 0.977002 0.999349 0.974004 0.991853 0.873205 0.929939 0.913606 0.740335 0.792075 0.913538 0.947689 0.947069 0.854268 0.973123 0.924751 0.908449 0.870646 0.872657 0.969643 0.988799 0.862132 0.961244 0.953772 0.967319 0.982652 0.879154 0.989476 0.934790 0.776995 0.905651 0.854577 0.844467 0.951415 0.784287 0.837886 0.785111 0.916346 0.997003 0.910813 0.819256 0.999336 0.798325 0.899231 0.967525 0.880967 0.887636 0.831718 0.971127 0.957249 0.887537 0.997279 0.915388 0.950400 0.996237 0.954705 0.900510 0.948482 0.883540 0.886511
0.857564 0.806111 0.846095 0.960197 0.949206 0.811701 0.979619 0.934982 0.801886 0.998734 0.836648 0.795463 0.932625 0.814009 0.930538 0.951288 0.785382 0.790974 0.764831 0.690607 0.988191 0.814593 0.992794 0.938305 0.828605 0.692693 0.886761 0.000000 0.774466 0.780995 0.891889 0.916924 0.968080 0.861157 0.851699 0.908060 0.968237 0.921038 0.877108 0.820770 0.963888 0.917152 0.963012 0.982332 0.956362 0.933120 0.853502 0.894577 0.878392 0.857585 0.829731 0.769923 0.818189 0.928153 0.992785 0.980891 0.763089 0.776449 0.804447 0.869174 0.922738 0.956026 0.897298 0.932867 0.835123 0.943060 0.908913 0.951902 0.741043 0.935083 0.895392 0.924109 0.699600 0.719447 0.962843 0.887402 0.960568 0.979605 0.932977 0.750725 0.813286 0.789785 0.856358 0.829424 0.994649 0.970742 0.928656 0.796768 0.862635 0.673049 0.969647 0.952130 0.875699 0.995521 0.894608 0.902404 0.969268 0.969355 0.950795 0.842209 0.893049 0.868226 0.974146 0.900153 0.997276 0.852863 0.990820 0.880423 0.966968 0.954418 0.910678 0.944711 0.961247 0.901627 0.932446 0.867010
0.694878 0.571797 0.982233 0.881766 0.876167 0.954350 0.811758 0.675806 0.877573 0.758786 0.617504 0.578311 0.711681 0.556419 0.563082 0.558375 0.460208 0.396404 0.538817 0.488401 0.911621 0.830537 0.767144 0.708601 0.871815 0.837282 0.985593 0.774466 0.000000 0.406147 0.800152 0.635702 0.617779 0.554476 0.983505 0.980606 0.939889 0.986362 0.995781 0.962104 0.786877 0.890308 0.645755 0.577157 0.765073 0.729633 0.802648 0.644232 0.968352 0.948550 0.940848 0.992815 0.984728 0.903426 0.941890 0.907363 0.500136 0.512809 0.983429 0.946936 0.865624 0.909195 0.565092 0.559555 0.918312 0.930105 0.853886 0.873260 0.673091 0.711038 0.761148 0.851653 0.688977 0.768348 0.955202 0.745498 0.757857 0.561527 0.621237 0.528085 0.428834 0.448276 0.576600 0.614372 0.842230 0.800172 0.897752 0.855260 0.880256 0.898274 0.902008 0.880713 0.979485 0.980646 0.958727 0.762117 0.856415 0.916986 0.678451 0.633661 0.831891 0.866177 0.828358 0.726693 0.822042 0.916170 0.910838 0.966775 0.947274 0.791290 0.688485 0.827726 0.810928 0.849665 0.916913 0.872092
0.676312 0.506203 0.897755 0.716875 0.940122 0.925202 0.706979 0.577734 0.986577 0.641323 0.570735 0.512233 0.679283 0.509881 0.619644 0.441900 0.406461 0.343240 0.492580 0.451018 0.775519 0.858358 0.679105 0.635454 0.770047 0.939391 0.869766 0.780995 0.406147 0.000000 0.696835 0.581403 0.584465 0.484543 0.936765 0.961285 0.857166 0.823718 0.997004 0.951262 0.867528 0.850675 0.559320 0.441263 0.840723 0.764097 0.781640 0.586822 0.894405 0.984113 0.908635 0.940588 0.968516 0.930202 0.812496 0.906590 0.421565 0.487128 0.988091 0.915109 0.811320 0.865315 0.515106 0.497615 0.973248 0.850221 0.858033 0.846855 0.704261 0.736932 0.627508 0.747233 0.609101 0.687139 0.912608 0.811536 0.724610 0.609851 0.609557 0.558402 0.422377 0.409857 0.573542 0.627512 0.879271 0.783213 0.968623 0.816727 0.917974 0.844896 0.919753 0.893223 0.933020 0.975275 0.981312 0.755537 0.909159 0.850804 0.726928 0.624792 0.878346 0.906732 0.761071 0.590516 0.782577 0.835818 0.871604 0.967519 0.882433 0.732908 0.739160 0.860079 0.748230 0.845113 0.906352 0.820558
0.788775 0.847788 0.516672 0.494220 0.899312 0.855754 0.432928 0.632777 0.790775 0.605090 0.797636 0.925186 0.745099 0.779690 0.719449 0.725906 0.741342 0.780375 0.597950 0.812221 0.926698 0.796815 0.508935 0.655284 0.598282 0.671200 0.826809 0.891889 0.800152 0.696835 0.000000 0.639923 0.542657 0.535300 0.723306 0.989485 0.789485 0.867964 0.701611 0.914180 0.876972 0.879321 0.473667 0.543751 0.703674 0.741420 0.646242 0.706507 0.951077 0.921060 0.928967 0.933261 0.825580 0.926654 0.912722 0.959585 0.835200 0.909599 0.768487 0.909023 0.730193 0.914745 0.693745 0.865098 0.657974 0.777465 0.588843 0.709569 0.945237 0.951013 0.687390 0.755720 0.857993 0.911251 0.851579 0.817092 0.671698 0.767291 0.795576 0.787375 0.804467 0.774582 0.848103 0.973082 0.673934 0.728750 0.933342 0.971611 0.930200 0.938423 0.819786 0.815018 0.904439 0.758423 0.978691 0.959394 0.876983 0.981999 0.831404 0.803682 0.918463 0.694706 0.867889 0.881310 0.960472 0.704381 0.957332 0.820785 0.989629 0.937039 0.929923 0.873245 0.812282 0.966840 0.892798 0.853838
0.814733 0.748284 0.770655 0.671871 0.918884 0.956663 0.577254 0.663673 0.901579 0.643520 0.722299 0.791051 0.827693 0.612913 0.692738 0.583887 0.576302 0.569319 0.434820 0.571369 0.903342 0.974755 0.503160 0.484959 0.707804 0.939047 0.899071 0.916924 0.635702 0.581403 0.639923 0.000000 0.590522 0.590012 0.981842 0.894533 0.875956 0.956909 0.954199 0.928235 0.948628 0.987318 0.562618 0.719827 0.962198 0.979651 0.823337 0.763094 0.752864 0.763226 0.831055 0.775958 0.961334 0.987470 0.849374 0.740660 0.615631 0.755861 0.870406 0.650541 0.988855 0.787256 0.539122 0.735482 0.910561 0.966219 0.833105 0.962396 0.926327 0.970492 0.620857 0.702655 0.743763 0.771783 0.994129 0.816090 0.706738 0.649794 0.656750 0.667786 0.603035 0.554080 0.705390 0.816731 0.649407 0.650142 0.891239 0.848821 0.788456 0.896973 0.848149 0.777416 0.909575 0.907897 0.891000 0.750816 0.871933 0.942560 0.787633 0.596139 0.966864 0.796582 0.818784 0.740440 0.960186 0.905292 0.999558 0.944889 0.993366 0.915565 0.796515 0.924178 0.941205 0.980221 0.912595 0.910640
0.543730 0.593889 0.629988 0.592047 0.798008 0.905747 0.511138 0.614781 0.881669 0.696275 0.629353 0.646190 0.619785 0.679924 0.595418 0.646864 0.524729 0.532441 0.449009 0.654562 0.774284 0.827634 0.596812 0.685186 0.648191 0.845284 0.970361 0.968080 0.617779 0.584465 0.542657 0.590522 0.000000 0.391756 0.821886 0.952980 0.764769 0.850439 0.849153 0.897691 0.815503 0.839845 0.529535 0.510775 0.714917 0.741482 0.763816 0.653749 0.893534 0.989330 0.932556 0.976935 0.971605 0.853065 0.978344 0.965932 0.566543 0.634079 0.778875 0.989267 0.668017 0.949756 0.462252 0.639643 0.813563 0.852724 0.581118 0.618373 0.764402 0.781721 0.629561 0.641246 0.775641 0.963807 0.918369 0.908861 0.661121 0.650674 0.666757 0.641966 0.573624 0.505620 0.778350 0.705868 0.664121 0.620865 0.980718 0.984594 0.951736 0.892648 0.802867 0.746222 0.793493 0.811168 0.986631 0.798209 0.915730 0.993329 0.689541 0.688488 0.987930 0.822583 0.805572 0.738774 0.763178 0.724340 0.941525 0.975161 0.972472 0.838520 0.721701 0.842373 0.875096 0.901943 0.855924 0.920629
0.600917 0.581896 0.654751 0.626766 0.783805 0.869724 0.501263 0.599988 0.827591 0.620246 0.531998 0.663719 0.653072 0.707112 0.635842 0.635016 0.506924 0.492351 0.436885 0.560126 0.840437 0.843659 0.684841 0.745715 0.657205 0.867330 0.948190 0.861157 0.554476 0.484543 0.535300 0.590012 0.391756 0.000000 0.736674 0.902978 0.740446 0.928988 0.805897 0.913498 0.837897 0.898670 0.516156 0.444646 0.665275 0.691502 0.668570 0.548267 0.910034 0.961015 0.937129 0.962443 0.927157 0.827687 0.995192 0.955596 0.524856 0.615189 0.744569 0.959398 0.633776 0.973992 0.479320 0.643284 0.826834 0.796398 0.546917 0.581931 0.649540 0.701794 0.632241 0.763238 0.662044 0.842114 0.952689 0.814014 0.684938 0.679370 0.583320 0.606273 0.511520 0.502483 0.774377 0.716717 0.739432 0.729701 0.961573 0.940857 0.897670 0.888361 0.770744 0.764696 0.844633 0.773666 0.995340 0.852733 0.853803 0.911107 0.651516 0.664814 0.992425 0.751862 0.787617 0.708905 0.745406 0.724406 0.933464 0.958960 0.992807 0.827424 0.645972 0.800954 0.737020 0.888872 0.883498 0.775218
0.968071 0.971991 0.656113 0.775908 0.903828 0.784068 0.693909 0.855378 0.737447 0.784359 0.936590 0.849708 0.913433 0.824026 0.954646 0.995447 0.979998 0.950992 0.945038 0.884369 0.944122 0.892141 0.915186 0.915485 0.768087 0.622874 0.998619 0.851699 0.983505 0.936765 0.723306 0.981842 0.821886 0.736674 0.000000 0.997809 0.770749 0.953259 0.752958 0.991290 0.924205 0.932504 0.751508 0.767115 0.662693 0.717041 0.766626 0.738925 0.974148 0.788922 0.846547 0.823791 0.839080 0.933055 0.739544 0.911956 0.973899 0.961569 0.559749 0.768800 0.592822 0.876536 0.930003 0.986007 0.645898 0.623496 0.537094 0.539366 0.896506 0.912192 0.977401 0.964954 0.986045 0.881023 0.879349 0.908082 0.909516 0.999451 0.964949 0.996141 0.985866 0.977738 0.997562 0.997579 0.831206 0.841896 0.943542 0.827631 0.935631 0.714333 0.809841 0.828018 0.696191 0.769979 0.830410 0.940947 0.756798 0.979636 0.918652 0.876630 0.919375 0.851393 0.848821 0.959854 0.843523 0.698215 0.965786 0.822670 0.998711 0.936483 0.833249 0.746049 0.983929 0.959475 0.851780 0.874070
0.981897 0.913066 0.993211 0.928278 0.866538 0.850146 0.959085 0.981298 0.899249 0.988407 0.972306 0.968195 0.963560 0.955894 0.953121 0.974100 0.935440 0.928181 0.938305 0.882167 0.986173 0.988010 0.960342 0.970667 0.996087 0.871331 0.874187 0.908060 0.980606 0.961285 0.989485 0.894533 0.952980 0.902978 0.997809 0.000000 0.938560 0.945727 0.985044 0.842668 0.956625 0.919872 0.962897 0.924302 0.946332 0.998297 0.818816 0.977582 0.927952 0.896831 0.960604 0.970268 0.906710 0.981130 0.860109 0.949949 0.894623 0.943281 0.901887 0.992471 0.978348 0.952080 0.958928 0.986301 0.989984 0.958327 0.961580 0.899425 0.953664 0.924943 0.845755 0.983316 0.950597 0.969341 0.948595 0.930258 0.937871 0.992371 0.772013 0.965235 0.954937 0.956332 0.822728 0.982080 0.902951 0.969998 0.870713 0.980237 0.966452 0.838686 0.898771 0.826384 0.889194 0.924190 0.923558 0.872638 0.981079 0.935563 0.972238 0.999545 0.959278 0.926935 0.830927 0.984441 0.981324 0.980454 0.888600 0.950090 0.897780 0.999084 0.912300 0.929313 0.951655 0.917302 0.958471 0.948232
0.811155 0.824560 0.822443 0.616524 0.964230 0.845972 0.759111 0.690432 0.881040 0.662279 0.981329 0.814644 0.876309 0.951515 0.863139 0.731203 0.847898 0.891690 0.807518 0.847132 0.911380 0.882257 0.771188 0.811866 0.855495 0.788789 0.915735 0.968237 0.939889 0.857166 0.789485 0.875956 0.764769 0.740446 0.770749 0.938560 0.000000 0.727126 0.927852 0.996081 0.788550 0.874116 0.770454 0.775029 0.973038 0.971978 0.979673 0.851332 0.971895 0.988997 0.887144 0.997578 0.984839 0.968928 0.971071 0.920743 0.789044 0.836597 0.814457 0.971576 0.782591 0.804752 0.782437 0.745755 0.899862 0.773179 0.862607 0.875143 0.843729 0.904755 0.647601 0.705653 0.824113 0.914168 0.821373 0.986548 0.786581 0.858882 0.798789 0.927420 0.813518 0.880954 0.894003 0.699999 0.989065 0.860541 0.985538 0.917531 0.988098 0.973464 0.778666 0.712411 0.757874 0.764515 0.849392 0.975574 0.829313 0.806331 0.818636 0.811309 0.936111 0.851606 0.915392 0.774430 0.717993 0.765618 0.916432 0.761793 0.896059 0.969875 0.834644 0.704517 0.937370 0.947254 0.969833 0.879168
0.770970 0.762250 0.930560 0.769697 0.956644 0.830241 0.944555 0.859226 0.957541 0.884506 0.921281 0.854398 0.980626 0.951503 0.948504 0.889126 0.884539 0.911787 0.943387 0.916535 0.983399 0.883910 0.926603 0.915548 0.858823 0.978095 0.889554 0.921038 0.986362 0.823718 0.867964 0.956909 0.850439 0.928988 0.953259 0.945727 0.727126 0.000000 0.991009 0.766008 0.914091 0.968186 0.778367 0.767601 0.923209 0.901277 0.975978 0.935292 0.813654 0.814504 0.743837 0.756534 0.804359 0.796512 0.912785 0.951224 0.830963 0.810451 0.835754 0.875840 0.836429 0.780021 0.890042 0.791329 0.916257 0.847450 0.995079 0.987169 0.829061 0.833934 0.773203 0.731326 0.932651 0.871372 0.833838 0.995893 0.833664 0.952800 0.961269 0.982443 0.971967 0.983265 0.948731 0.842789 0.955994 0.881940 0.929791 0.996034 0.876151 0.798899 0.938199 0.943476 0.898778 0.972895 0.998040 0.979218 0.973300 0.963606 0.927890 0.949199 0.912517 0.863388 0.998903 0.741772 0.843703 0.773717 0.874828 0.830846 0.867548 0.906061 0.932965 0.962505 0.916907 0.842277 0.909766 0.868773
