0.000000 0.382537 0.911275 0.910348 0.906305 0.959820 0.788551 0.533597 0.865583 0.513259 0.341740 0.307541 0.453523 0.528985 0.516875 0.642588 0.374043 0.366868 0.419736 0.416589 0.865324 0.969914 0.479597 0.835441 0.640429 0.674886 0.903615 0.889884 0.324129 0.403927 0.939004 0.757449 0.588409 0.567260 0.808980 0.975444 0.713895 0.952789 0.858390 0.912841 0.644027 0.803683 0.963072 0.882554 0.939559 0.799286 0.818584 0.735189 0.663763 0.705349 0.933304 0.895065 0.979631 0.781448 0.815032 0.776525 0.379800 0.323797 0.535684 0.488919 0.674157 0.562283 0.380478 0.296678 0.785730 0.817281 0.943933 0.960798 0.349245 0.396621 0.695045 0.798902 0.889158 0.902694 0.819012 0.954947 0.689240 0.795843 0.658153 0.499325 0.308062 0.427409 0.749749 0.646746 0.789224 0.839688 0.926535 0.877346 0.814671 0.688663 0.992480 0.900497 0.972857 0.826503 0.780919 0.923809 0.943503 0.903726 0.627467 0.560787 0.908256 0.946878 0.647089 0.637823 0.714443 0.754067 0.957347 0.814878 0.947852 0.866742 0.980092 0.653322 0.572311 0.850138 0.973350 0.781968
0.382537 0.000000 0.644900 0.865558 0.919783 0.889753 0.891356 0.649979 0.937976 0.538408 0.600523 0.370354 0.770634 0.494830 0.547528 0.631635 0.283866 0.269633 0.398258 0.314219 0.796877 0.987252 0.588518 0.939156 0.699048 0.607313 0.986745 0.948620 0.335341 0.335335 0.892076 0.831531 0.774668 0.668193 0.669808 0.904772 0.746292 0.945988 0.879857 0.888976 0.794310 0.701676 0.787120 0.628931 0.759012 0.561871 0.725143 0.552519 0.403657 0.485921 0.754746 0.717917 0.841728 0.879681 0.830291 0.722878 0.252985 0.254950 0.845113 0.732491 0.873666 0.797542 0.631715 0.450477 0.668266 0.675527 0.693275 0.764202 0.471643 0.417461 0.876440 0.940371 0.966711 0.984523 0.859268 0.945665 0.638212 0.762335 0.596977 0.488336 0.336407 0.403587 0.548211 0.555075 0.796133 0.876540 0.876901 0.914577 0.979272 0.882875 0.840255 0.995349 0.841682 0.689112 0.820432 0.902431 0.958512 0.851200 0.756375 0.613237 0.903857 0.907127 0.748757 0.696410 0.920227 0.920531 0.903112 0.840089 0.940974 0.993882 0.965732 0.665071 0.571456 0.777515 0.999498 0.833608
0.911275 0.644900 0.000000 0.405931 0.886159 0.753002 0.396029 0.676299 0.863189 0.856160 0.959044 0.725429 0.924097 0.961775 0.811888 0.882406 0.753185 0.799911 0.907224 0.821654 0.699541 0.885540 0.861748 0.776904 0.676365 0.458313 0.992003 0.905235 0.827669 0.785735 0.566245 0.652393 0.655070 0.742805 0.511827 0.644150 0.880996 0.764924 0.687896 0.973300 0.904697 0.970379 0.871080 0.996165 0.919330 0.890216 0.789895 0.917066 0.589002 0.639644 0.920681 0.791819 0.911521 0.989797 0.787571 0.999126 0.726121 0.704456 0.884810 0.905723 0.606412 0.855600 0.904060 0.888574 0.476629 0.454542 0.327661 0.385702 0.956919 0.842710 0.656460 0.596754 0.730922 0.850215 0.977074 0.913752 0.918760 0.929340 0.961294 0.973020 0.924975 0.985741 0.806493 0.937096 0.866840 0.667520 0.995835 0.930643 0.844947 0.751590 0.594074 0.761838 0.501738 0.505517 0.829027 0.962684 0.642055 0.931849 0.895076 0.876007 0.670833 0.743358 0.892416 0.984755 0.686644 0.753358 0.823651 0.759563 0.932414 0.890265 0.855641 0.998292 0.934526 0.933060 0.955225 0.961099
0.910348 0.865558 0.405931 0.000000 0.989431 0.857272 0.629065 0.653164 0.911268 0.844297 0.938291 0.773415 0.904554 0.842409 0.890651 0.950735 0.895124 0.974569 0.935895 0.994397 0.689943 0.819047 0.764355 0.620550 0.534170 0.434658 0.800012 0.945107 0.889470 0.908163 0.683278 0.585278 0.775408 0.766292 0.594554 0.607705 0.858610 0.783025 0.641879 0.846404 0.901107 0.983164 0.707660 0.809024 0.829721 0.908720 0.573586 0.746915 0.821253 0.907688 0.926566 0.997085 0.904667 0.963959 0.740445 0.911211 0.925592 0.872047 0.924372 0.987595 0.995268 0.975780 0.930911 0.789305 0.506570 0.455707 0.493046 0.494596 0.991315 0.879120 0.674395 0.698998 0.813234 0.932936 0.920336 0.909356 0.798258 0.790297 0.922681 0.827970 0.984374 0.796907 0.900487 0.873847 0.750364 0.549587 0.985413 0.786703 0.929001 0.745730 0.701222 0.892847 0.599875 0.667576 0.825769 0.847694 0.743215 0.863454 0.967968 0.862162 0.819870 0.925321 0.999309 0.954523 0.705230 0.783400 0.864573 0.921933 0.988520 0.993077 0.833693 0.986357 0.881664 0.845478 0.949820 0.982176
0.906305 0.919783 0.886159 0.989431 0.000000 0.969482 0.876877 0.955911 0.899114 0.937482 0.919346 0.897977 0.926077 0.888961 0.881701 0.874658 0.966300 0.968394 0.985581 0.985998 0.896724 0.967561 0.887466 0.883616 0.965142 0.979289 0.768161 0.998550 0.928076 0.946523 0.824524 0.842829 0.861116 0.805423 0.959478 0.860749 0.895081 0.905154 0.952728 0.910990 0.962960 0.908990 0.827520 0.869598 0.895210 0.975758 0.881832 0.954620 0.927840 0.954101 0.926039 0.980485 0.925532 0.830441 0.898224 0.911703 0.930830 0.929096 0.928335 0.926877 0.980690 0.809007 0.943733 0.943256 0.934001 0.914465 0.950351 0.906112 0.892872 0.870704 0.913941 0.899849 0.985585 0.983527 0.868959 0.810518 0.926060 0.824605 0.974824 0.995561 0.921596 0.840722 0.784185 0.919551 0.816626 0.858104 0.757308 0.846202 0.869264 0.781929 0.946661 0.827891 0.958325 0.886808 0.862461 0.919061 0.978052 0.933555 0.945969 0.949410 0.933513 0.815202 0.845290 0.981888 0.996298 0.772395 0.897667 0.707805 0.930750 0.874414 0.880326 0.927810 0.978861 0.889602 0.751351 0.924571
0.959820 0.889753 0.753002 0.857272 0.969482 0.000000 0.744296 0.988994 0.928954 0.974060 0.887486 0.908482 0.672582 0.867245 0.871151 0.691632 0.941057 0.974764 0.927474 0.988694 0.693678 0.836078 0.800646 0.778176 0.921213 0.780077 0.848615 0.740887 0.989166 0.995214 0.852792 0.825198 0.818253 0.787717 0.912623 0.977792 0.944354 0.994223 0.713756 0.877238 0.858643 0.951967 0.925455 0.948158 0.751817 0.728121 0.934051 0.997619 0.756218 0.804071 0.817621 0.833091 0.847277 0.923547 0.929728 0.863121 0.897787 0.911086 0.917558 0.921293 0.795291 0.918884 0.871684 0.957847 0.923109 0.901637 0.835493 0.925406 0.995827 0.935518 0.810175 0.829681 0.876158 0.757892 0.797982 0.868269 0.984860 0.803761 0.977746 0.878143 0.931554 0.864128 0.835960 0.958800 0.888088 0.881221 0.791027 0.765939 0.985813 0.955173 0.854359 0.831410 0.896541 0.815188 0.956193 0.933926 0.944731 0.981133 0.927977 0.958077 0.967267 0.916060 0.923811 0.984522 0.832782 0.882382 0.652457 0.982515 0.876050 0.950410 0.978244 0.977675 0.945560 0.815182 0.953374 0.956855
0.788551 0.891356 0.396029 0.629065 0.876877 0.744296 0.000000 0.433859 0.643403 0.732159 0.699118 0.934675 0.722417 0.970863 0.961759 0.869190 0.996451 0.975525 0.805652 0.944485 0.760211 0.867600 0.689797 0.934826 0.939697 0.746700 0.801149 0.795806 0.843115 0.925185 0.398706 0.533315 0.431940 0.457941 0.592656 0.639532 0.805066 0.835654 0.912335 0.822652 0.809874 0.936709 0.832314 0.868459 0.749960 0.953742 0.776285 0.843164 0.827507 0.820570 0.941233 0.941572 0.987121 0.985361 0.919953 0.985958 0.996212 0.992523 0.535257 0.601037 0.434565 0.830488 0.540944 0.714127 0.832671 0.814420 0.396064 0.450724 0.844646 0.861928 0.530123 0.468177 0.685969 0.757986 0.979991 0.962093 0.751646 0.745515 0.839735 0.886778 0.861004 0.921037 0.769039 0.963982 0.961730 0.956878 0.879579 0.935972 0.769968 0.835500 0.410930 0.546641 0.496434 0.548394 0.747123 0.926235 0.581308 0.800818 0.506667 0.549610 0.549064 0.529434 0.524094 0.610971 0.585017 0.585085 0.926174 0.744637 0.987237 0.845748 0.746328 0.800532 0.877925 0.812498 0.958925 0.887579
0.533597 0.649979 0.676299 0.653164 0.955911 0.988994 0.433859 0.000000 0.797301 0.539002 0.581041 0.758155 0.762689 0.714124 0.927921 0.999475 0.582342 0.595359 0.521266 0.567677 0.970798 0.972273 0.568671 0.891422 0.818769 0.991231 0.909732 0.826948 0.516339 0.595924 0.572330 0.497771 0.464832 0.430128 0.812638 0.754372 0.743763 0.916248 0.964363 0.982719 0.815380 0.777268 0.661356 0.667144 0.552552 0.615481 0.596901 0.644857 0.748533 0.789081 0.744844 0.809602 0.839508 0.982315 0.817728 0.804288 0.552179 0.552969 0.578349 0.527924 0.711041 0.719257 0.472238 0.504040 0.964417 0.982474 0.652542 0.654863 0.627313 0.609847 0.473828 0.562828 0.758333 0.902873 0.939218 0.918701 0.544372 0.679469 0.652581 0.634985 0.552829 0.623857 0.871330 0.777882 0.984434 0.888208 0.882216 0.855987 0.829759 0.795566 0.555176 0.642993 0.627622 0.792791 0.659584 0.834504 0.625653 0.742287 0.430579 0.380579 0.597428 0.646306 0.489922 0.517873 0.579189 0.570649 0.955071 0.837773 0.921328 0.921925 0.648118 0.638597 0.534971 0.659207 0.894499 0.850039
0.865583 0.937976 0.863189 0.911268 0.899114 0.928954 0.643403 0.797301 0.000000 0.661035 0.713533 0.965657 0.660790 0.872697 0.922470 0.837328 0.905488 0.847641 0.970336 0.916209 0.955730 0.989818 0.943467 0.668267 0.736525 0.844309 0.818455 0.881160 0.948394 0.898221 0.915838 0.940175 0.940104 0.885168 0.987684 0.996649 0.766710 0.961828 0.856046 0.894945 0.928755 0.965277 0.813138 0.926461 0.964790 0.953987 0.933804 0.970620 0.935183 0.937548 0.879480 0.964412 0.910486 0.970950 0.866915 0.963476 0.874591 0.984246 0.490685 0.639442 0.578823 0.756586 0.754533 0.813078 0.877276 0.862326 0.886242 0.964409 0.895831 0.809194 0.972737 0.950211 0.879315 0.851194 0.913723 0.941884 0.958927 0.895823 0.986010 0.887509 0.908448 0.793157 0.656138 0.797302 0.790104 0.692701 0.975578 0.787335 0.719783 0.936221 0.863939 0.846499 0.998971 0.783689 0.955816 0.945906 0.981442 0.911741 0.789080 0.825465 0.871162 0.814913 0.714317 0.781634 0.985843 0.950216 0.944972 0.769281 0.819704 0.934987 0.882348 0.971808 0.896094 0.999570 0.790867 0.939903
0.513259 0.538408 0.856160 0.844297 0.937482 0.974060 0.732159 0.539002 0.661035 0.000000 0.552658 0.563917 0.574680 0.745247 0.691168 0.877579 0.567393 0.604046 0.480315 0.522701 0.900817 0.914775 0.646978 0.676887 0.423740 0.543556 0.774417 0.920757 0.474151 0.509397 0.865711 0.779443 0.652009 0.587712 0.698217 0.974743 0.931253 0.833877 0.771197 0.827436 0.995878 0.763580 0.879981 0.774350 0.741914 0.695156 0.832343 0.771499 0.527706 0.610218 0.740871 0.747172 0.803382 0.973822 0.942897 0.953389 0.551512 0.473697 0.481455 0.558075 0.826090 0.936771 0.460800 0.411735 0.461427 0.463481 0.817314 0.768634 0.566701 0.499378 0.762825 0.810133 0.960195 0.974697 0.842543 0.903179 0.662041 0.731317 0.553940 0.637040 0.572913 0.793291 0.981975 0.869987 0.760152 0.467934 0.811653 0.681496 0.869859 0.929737 0.841220 0.682544 0.994835 0.912155 0.846666 0.975286 0.869064 0.819935 0.514294 0.473801 0.861349 0.762239 0.493553 0.546524 0.959207 0.803689 0.867999 0.917379 0.856437 0.916524 0.847454 0.827971 0.659979 0.853793 0.987049 0.928956
0.341740 0.600523 0.959044 0.938291 0.919346 0.887486 0.699118 0.581041 0.713533 0.552658 0.000000 0.500554 0.417023 0.687827 0.729057 0.815924 0.570501 0.589471 0.608487 0.549847 0.865042 0.950368 0.641945 0.812423 0.660979 0.781936 0.874745 0.868851 0.505949 0.567126 0.875990 0.835172 0.617799 0.685053 0.842957 0.938427 0.757293 0.937773 0.986856 0.846141 0.692780 0.769176 0.829338 0.976083 0.989551 0.916524 0.980720 0.925492 0.810756 0.848085 0.991463 0.990234 0.987004 0.778489 0.904657 0.810568 0.606444 0.532822 0.485254 0.501013 0.548730 0.586537 0.445192 0.413018 0.837386 0.888136 0.935744 0.983323 0.446623 0.502390 0.662942 0.708323 0.860813 0.973443 0.786282 0.905007 0.706755 0.820132 0.810518 0.604275 0.483169 0.594395 0.954698 0.761350 0.933783 0.779418 0.882991 0.780437 0.723797 0.765968 0.887852 0.851023 0.902969 0.999700 0.845583 0.978992 0.914911 0.970807 0.646974 0.651857 0.825175 0.822354 0.585986 0.660776 0.742223 0.769140 0.951027 0.969391 0.952584 0.822768 0.960953 0.786590 0.719032 0.906521 0.977275 0.944497
0.307541 0.370354 0.725429 0.773415 0.897977 0.908482 0.934675 0.758155 0.965657 0.563917 0.500554 0.000000 0.458066 0.459884 0.448875 0.487449 0.380895 0.404566 0.496442 0.478733 0.881160 0.905949 0.519438 0.927881 0.692251 0.635723 0.999754 0.956030 0.373174 0.406234 0.869255 0.879680 0.783835 0.718958 0.675677 0.773664 0.831245 0.887819 0.868117 0.986464 0.764791 0.880408 0.894053 0.910610 0.907909 0.849480 0.908754 0.776735 0.634431 0.664267 0.924712 0.848782 0.986484 0.837893 0.808840 0.813746 0.446630 0.377935 0.724931 0.612684 0.828130 0.630790 0.484628 0.380738 0.742384 0.767571 0.689075 0.742444 0.429568 0.437760 0.881546 0.964040 0.935958 0.880114 0.756569 0.965103 0.794283 0.868988 0.614866 0.467139 0.330620 0.413533 0.657441 0.612557 0.716541 0.897521 0.941501 0.998791 0.887458 0.751209 0.740835 0.888803 0.716359 0.578298 0.858659 0.977871 0.886020 0.986907 0.912675 0.764075 0.906728 0.869605 0.857444 0.872728 0.904475 0.894059 0.978495 0.706909 0.970071 0.962475 0.897175 0.767365 0.640133 0.964998 0.991000 0.818563
0.453523 0.770634 0.924097 0.904554 0.926077 0.672582 0.722417 0.762689 0.660790 0.574680 0.417023 0.458066 0.000000 0.633063 0.595699 0.571205 0.728849 0.786109 0.690994 0.794777 0.955898 0.985513 0.553262 0.964813 0.703156 0.818983 0.942473 0.958914 0.592716 0.659037 0.927637 0.828119 0.698069 0.702307 0.790779 0.892864 0.839255 0.901840 0.965727 0.871287 0.781272 0.992301 0.745714 0.902034 0.763970 0.928692 0.997605 0.983947 0.956347 0.913543 0.974593 0.991445 0.968915 0.901287 0.862157 0.908837 0.841368 0.712595 0.533191 0.572808 0.477816 0.638167 0.450198 0.487015 0.884290 0.893537 0.929986 0.919533 0.553825 0.581211 0.785443 0.856580 0.832755 0.876703 0.843550 0.992746 0.886603 0.868244 0.751530 0.660182 0.604276 0.688853 0.982251 0.830970 0.864285 0.859312 0.895861 0.990701 0.683063 0.816237 0.943633 0.965135 0.845043 0.875653 0.870937 0.969721 0.977514 0.933912 0.843655 0.809430 0.927846 0.920893 0.745416 0.836455 0.879020 0.858774 0.866143 0.805655 0.911271 0.771504 0.888080 0.954789 0.851390 0.927927 0.998709 0.883300
0.528985 0.494830 0.961775 0.842409 0.888961 0.867245 0.970863 0.714124 0.872697 0.745247 0.687827 0.459884 0.633063 0.000000 0.454786 0.404693 0.523848 0.507451 0.456865 0.477696 0.995996 0.982754 0.451344 0.730919 0.956009 0.934350 0.918412 0.956347 0.504519 0.497887 0.984410 0.630277 0.744941 0.665779 0.802993 0.982219 0.868298 0.902152 0.903140 0.752832 0.885138 0.904722 0.771905 0.714691 0.959431 0.789488 0.668372 0.624087 0.764788 0.755974 0.919451 0.852376 0.899542 0.924393 0.650269 0.794945 0.570657 0.563742 0.989240 0.899102 0.986980 0.832634 0.714616 0.669870 0.984731 0.958367 0.807623 0.934233 0.556653 0.611975 0.872963 0.977067 0.845686 0.938723 0.870375 0.960067 0.654644 0.685561 0.692468 0.480115 0.446959 0.349848 0.559944 0.558797 0.587578 0.819763 0.853480 0.805882 0.985322 0.817394 0.815871 0.881390 0.815967 0.698586 0.704546 0.890496 0.999744 0.840623 0.967493 0.763299 0.873398 0.899043 0.884596 0.893031 0.829238 0.849283 0.839422 0.738431 0.935093 0.917782 0.892507 0.809537 0.665566 0.904068 0.951180 0.874010
0.516875 0.547528 0.811888 0.890651 0.881701 0.871151 0.961759 0.927921 0.922470 0.691168 0.729057 0.448875 0.595699 0.454786 0.000000 0.506115 0.555329 0.549376 0.546511 0.563343 0.919439 0.990871 0.613441 0.908385 0.788696 0.780512 0.953077 0.945038 0.532402 0.509983 0.986968 0.816046 0.825088 0.733371 0.701047 0.904620 0.886073 0.969526 0.995475 0.914421 0.781616 0.985679 0.975579 0.820055 0.862158 0.919901 0.847835 0.710723 0.760975 0.750085 0.964998 0.902192 0.996172 0.880603 0.821447 0.902585 0.644976 0.612291 0.831428 0.818825 0.949731 0.879917 0.691241 0.623190 0.822573 0.826588 0.722245 0.771663 0.456638 0.597456 0.945599 0.920595 0.924664 0.891786 0.885509 0.977139 0.825378 0.782667 0.579344 0.546216 0.498011 0.505671 0.689636 0.635049 0.733568 0.988961 0.991861 0.858500 0.877868 0.848522 0.747540 0.893133 0.677056 0.664059 0.843046 0.904093 0.938226 0.875077 0.989860 0.787378 0.879514 0.816343 0.869825 0.920391 0.932208 0.984678 0.993813 0.677851 0.999256 0.922452 0.774381 0.870774 0.857196 0.973081 0.870219 0.914584
0.642588 0.631635 0.882406 0.950735 0.874658 0.691632 0.869190 0.999475 0.837328 0.877579 0.815924 0.487449 0.571205 0.404693 0.506115 0.000000 0.648833 0.646755 0.599480 0.647201 0.926686 0.961818 0.537614 0.619211 0.921099 0.956972 0.841897 0.753713 0.656229 0.605120 0.857328 0.821433 0.909152 0.790807 0.739824 0.808370 0.948063 0.820428 0.863715 0.820852 0.974782 0.965727 0.957633 0.835943 0.755911 0.973505 0.824473 0.770197 0.889221 0.774501 0.991809 0.887806 0.987559 0.948138 0.717385 0.930561 0.746466 0.688886 0.983281 0.969159 0.939717 0.914466 0.845441 0.797304 0.988523 0.971210 0.711809 0.795621 0.668341 0.679328 0.990115 0.894614 0.908343 0.900718 0.894504 0.902840 0.878842 0.832575 0.728653 0.586440 0.616758 0.495534 0.719460 0.619078 0.621203 0.745006 0.826108 0.753863 0.984849 0.815462 0.657502 0.833652 0.677642 0.627749 0.891234 0.924775 0.924545 0.921545 0.885919 0.941566 0.799588 0.781349 0.935246 0.912388 0.954701 0.934071 0.827919 0.633204 0.907517 0.892482 0.770142 0.952624 0.823892 0.962107 0.840192 0.973987
0.374043 0.283866 0.753185 0.895124 0.966300 0.941057 0.996451 0.582342 0.905488 0.567393 0.570501 0.380895 0.728849 0.523848 0.555329 0.648833 0.000000 0.274782 0.398873 0.313956 0.827923 0.984712 0.565317 0.916853 0.710828 0.651759 0.982476 0.998792 0.314017 0.306948 0.928139 0.730782 0.677135 0.588827 0.745168 0.892804 0.823194 0.968318 0.876864 0.927001 0.748455 0.739675 0.766932 0.674434 0.764359 0.640312 0.740952 0.615437 0.501828 0.564876 0.809322 0.771630 0.912823 0.891015 0.837254 0.814410 0.294898 0.301086 0.804691 0.690983 0.971482 0.832934 0.537346 0.409575 0.691521 0.721688 0.777723 0.844228 0.496852 0.413669 0.725969 0.910402 0.910479 0.879149 0.826693 0.979411 0.639921 0.730431 0.522523 0.478783 0.304759 0.401500 0.625569 0.579819 0.839200 0.861779 0.858573 0.883180 0.931896 0.892140 0.942631 0.940190 0.915029 0.717598 0.810629 0.906518 0.983997 0.894546 0.728234 0.554706 0.960340 0.984051 0.691522 0.671605 0.856463 0.811733 0.977958 0.841250 0.991980 0.964697 0.975114 0.672079 0.542816 0.757511 0.974692 0.800869
0.366868 0.269633 0.799911 0.974569 0.968394 0.974764 0.975525 0.595359 0.847641 0.604046 0.589471 0.404566 0.786109 0.507451 0.549376 0.646755 0.274782 0.000000 0.377973 0.285075 0.850438 0.937464 0.506948 0.993690 0.790342 0.745190 0.979941 0.989716 0.328276 0.303344 0.928490 0.691647 0.637354 0.540556 0.816331 0.985835 0.737559 0.993908 0.965380 0.908207 0.701000 0.750523 0.717193 0.593419 0.723415 0.607822 0.703981 0.544097 0.525370 0.584312 0.818499 0.788345 0.887170 0.885980 0.793723 0.782232 0.255957 0.277938 0.840857 0.724942 0.942851 0.842183 0.561592 0.422867 0.757211 0.776248 0.857809 0.933214 0.470509 0.463424 0.732215 0.871180 0.877882 0.835224 0.896547 0.923575 0.584290 0.673079 0.563254 0.426639 0.283649 0.349102 0.544861 0.524615 0.765274 0.958592 0.845623 0.973985 0.976340 0.837280 0.996798 0.903964 0.991268 0.759113 0.729679 0.919301 0.985487 0.791072 0.709192 0.570068 0.954866 0.994096 0.716761 0.682553 0.768933 0.788193 0.946674 0.836077 0.992316 0.984876 0.915379 0.607400 0.515667 0.715431 0.982689 0.773592
0.419736 0.398258 0.907224 0.935895 0.985581 0.927474 0.805652 0.521266 0.970336 0.480315 0.608487 0.496442 0.690994 0.456865 0.546511 0.599480 0.398873 0.377973 0.000000 0.331859 0.982937 0.920286 0.463857 0.953285 0.746228 0.715854 0.967129 0.965171 0.357776 0.384081 0.852001 0.613245 0.565080 0.473747 0.774750 0.940031 0.799784 0.981446 0.920576 0.969393 0.918216 0.741675 0.693957 0.610680 0.791804 0.660676 0.612949 0.567694 0.581446 0.602114 0.800597 0.767117 0.914519 0.902966 0.880838 0.919127 0.370326 0.396243 0.694400 0.683735 0.998283 0.967787 0.541782 0.500671 0.723637 0.726898 0.895385 0.871862 0.481788 0.462283 0.696479 0.818072 0.890465 0.911461 0.885763 0.926169 0.641812 0.629461 0.583371 0.495278 0.424962 0.470705 0.730074 0.701168 0.897143 0.856714 0.762032 0.968316 0.975239 0.913048 0.928218 0.763244 0.989146 0.865956 0.850018 0.784476 0.965116 0.765037 0.618745 0.458253 0.914195 0.923711 0.603382 0.596560 0.829174 0.769532 0.943930 0.853926 0.995525 0.977690 0.926761 0.689010 0.499979 0.756852 0.937788 0.838520
0.416589 0.314219 0.821654 0.994397 0.985998 0.988694 0.944485 0.567677 0.916209 0.522701 0.549847 0.478733 0.794777 0.477696 0.563343 0.647201 0.313956 0.285075 0.331859 0.000000 0.827379 0.894907 0.528279 0.984507 0.701405 0.686038 0.895949 0.962611 0.363215 0.319032 0.936148 0.677773 0.669253 0.559025 0.734745 0.973321 0.821665 0.995222 0.994738 0.957811 0.847944 0.690709 0.712570 0.640166 0.792740 0.703983 0.764406 0.608144 0.571566 0.613272 0.906782 0.869862 0.938458 0.823286 0.919479 0.922912 0.288241 0.316957 0.796472 0.750837 0.902344 0.942071 0.635396 0.484529 0.667262 0.707135 0.818374 0.851369 0.498200 0.487720 0.706273 0.862837 0.949196 0.988487 0.866446 0.899038 0.564191 0.621395 0.582117 0.476118 0.371109 0.434848 0.688439 0.627155 0.944805 0.832241 0.751421 0.840675 0.921177 0.918413 0.982129 0.804727 0.980438 0.823756 0.761815 0.879574 0.977156 0.766476 0.666017 0.485162 0.988524 0.924181 0.629662 0.606990 0.819862 0.796103 0.948226 0.939340 0.982510 0.968975 0.921863 0.681435 0.542679 0.745810 0.930636 0.867399
0.865324 0.796877 0.699541 0.689943 0.896724 0.693678 0.760211 0.970798 0.955730 0.900817 0.865042 0.881160 0.955898 0.995996 0.919439 0.926686 0.827923 0.850438 0.982937 0.827379 0.000000 0.790794 0.904407 0.752508 0.703498 0.626577 0.859041 0.884479 0.809675 0.845287 0.832580 0.823386 0.927422 0.901170 0.702223 0.765269 0.944353 0.899921 0.734737 0.980221 0.972323 0.872558 0.956469 0.977221 0.979712 0.872942 0.834680 0.980425 0.745906 0.787315 0.916268 0.856988 0.864281 0.944464 0.972350 0.961703 0.869567 0.795396 0.960981 0.964106 0.926084 0.926939 0.978206 0.843429 0.728916 0.720563 0.719355 0.764714 0.846534 0.934806 0.860641 0.918496 0.908639 0.899173 0.959685 0.862925 0.934192 0.985560 0.984241 0.973918 0.937945 0.958672 0.912070 0.903979 0.875308 0.756963 0.889801 0.796217 0.963126 0.966080 0.830651 0.981487 0.816520 0.832466 0.952514 0.736544 0.918342 0.894474 0.921446 0.998739 0.934809 0.996887 0.927044 0.924297 0.978783 0.952123 0.702249 0.995153 0.938551 0.919343 0.954765 0.904923 0.931863 0.964855 0.964783 0.915996
0.969914 0.987252 0.885540 0.819047 0.967561 0.836078 0.867600 0.972273 0.989818 0.914775 0.950368 0.905949 0.985513 0.982754 0.990871 0.961818 0.984712 0.937464 0.920286 0.894907 0.790794 0.000000 0.987145 0.942000 0.963150 0.856034 0.836494 0.892865 0.956142 0.894914 0.728727 0.783622 0.818182 0.831166 0.887884 0.846124 0.891970 0.701114 0.860538 0.975958 0.969193 0.790019 0.841748 0.884370 0.926110 0.960177 0.940513 0.902570 0.919082 0.915491 0.969242 0.999782 0.932017 0.912286 0.958415 0.839273 0.988292 0.949369 0.961404 0.872977 0.939254 0.766725 0.933932 0.994315 0.929924 0.960897 0.942618 0.961268 0.964149 0.966878 0.841018 0.850927 0.857465 0.842315 0.947701 0.814402 0.955635 0.811765 0.889596 0.886110 0.907529 0.910865 0.945702 0.923128 0.902701 0.958698 0.884774 0.778341 0.999765 0.931148 0.824484 0.815441 0.873339 0.884036 0.953962 0.911918 0.984786 0.811482 0.910739 0.897441 0.922121 0.818409 0.696279 0.751498 0.896404 0.945914 0.933142 0.852848 0.975422 0.832468 0.902970 0.911961 0.992954 0.813546 0.992119 0.796843
0.479597 0.588518 0.861748 0.764355 0.887466 0.800646 0.689797 0.568671 0.943467 0.646978 0.641945 0.519438 0.553262 0.451344 0.613441 0.537614 0.565317 0.506948 0.463857 0.528279 0.904407 0.987145 0.000000 0.769318 0.872729 0.991663 0.963192 0.970065 0.492340 0.483837 0.771958 0.525229 0.541037 0.500551 0.971216 0.988749 0.828829 0.903861 0.984905 0.960709 0.893117 0.848924 0.821226 0.740096 0.923386 0.845587 0.708194 0.676871 0.824899 0.810401 0.921203 0.880500 0.959501 0.944889 0.786913 0.935013 0.538520 0.538170 0.780399 0.683005 0.795956 0.852000 0.534740 0.525141 0.959176 0.967160 0.957450 0.918158 0.569446 0.595961 0.626041 0.748701 0.764865 0.752770 0.980386 0.923046 0.665084 0.683223 0.561455 0.505563 0.444301 0.462962 0.753890 0.678804 0.714089 0.925431 0.862435 0.891603 0.965557 0.788403 0.862279 0.823768 0.898058 0.859690 0.701794 0.885772 0.864443 0.869402 0.723742 0.619671 0.919832 0.964711 0.749857 0.710731 0.757668 0.747191 0.969413 0.796983 0.941532 0.847674 0.932993 0.814348 0.585364 0.907718 0.833079 0.756703
0.835441 0.939156 0.776904 0.620550 0.883616 0.778176 0.934826 0.891422 0.668267 0.676887 0.812423 0.927881 0.964813 0.730919 0.908385 0.619211 0.916853 0.993690 0.953285 0.984507 0.752508 0.942000 0.769318 0.000000 0.524866 0.580046 0.685033 0.800242 0.811915 0.955428 0.931212 0.860919 0.956714 0.951720 0.843653 0.983256 0.924671 0.828565 0.591723 0.774260 0.965078 0.833018 0.888358 0.936581 0.818236 0.884094 0.866615 0.912114 0.805132 0.860527 0.820128 0.818362 0.818888 0.889680 0.823871 0.926044 0.898638 0.859040 0.610415 0.693195 0.789369 0.899990 0.694783 0.698051 0.593713 0.567433 0.920394 0.847950 0.897056 0.844243 0.987382 0.919885 0.949868 0.936469 0.853471 0.967705 0.927940 0.993813 0.994687 0.914955 0.976985 0.765818 0.783925 0.673609 0.610271 0.454006 0.966712 0.568533 0.900717 0.851029 0.939948 0.878664 0.971701 0.963607 0.882253 0.983708 0.933361 0.936179 0.721099 0.831327 0.854742 0.782109 0.667252 0.646299 0.999447 0.969885 0.789892 0.790668 0.924559 0.997270 0.820922 0.850201 0.881296 0.859825 0.750199 0.996141
0.640429 0.699048 0.676365 0.534170 0.965142 0.921213 0.939697 0.818769 0.736525 0.423740 0.660979 0.692251 0.703156 0.956009 0.788696 0.921099 0.710828 0.790342 0.746228 0.701405 0.703498 0.963150 0.872729 0.524866 0.000000 0.372309 0.657723 0.850387 0.610785 0.650942 0.971671 0.980314 0.920446 0.877306 0.617075 0.785590 0.956978 0.805441 0.599387 0.683931 0.939526 0.864662 0.864670 0.945036 0.995965 0.992876 0.799758 0.893947 0.724640 0.829556 0.996615 0.953952 0.986746 0.922930 0.780875 0.873852 0.685789 0.608506 0.599089 0.681168 0.813691 0.985870 0.638016 0.510842 0.355057 0.356563 0.692081 0.651721 0.742508 0.661982 0.884827 0.916221 0.920744 0.882719 0.897254 0.859843 0.907315 0.883742 0.782756 0.927004 0.784664 0.954683 0.883849 0.960315 0.569067 0.333225 0.884589 0.620973 0.915740 0.767243 0.933264 0.734796 0.906285 0.888940 0.881934 0.994570 0.992132 0.916258 0.615361 0.710359 0.900200 0.820852 0.600820 0.628217 0.915543 0.924462 0.844188 0.894921 0.819609 0.866427 0.962290 0.796749 0.846719 0.948739 0.993525 0.905532
0.674886 0.607313 0.458313 0.434658 0.979289 0.780077 0.746700 0.991231 0.844309 0.543556 0.781936 0.635723 0.818983 0.934350 0.780512 0.956972 0.651759 0.745190 0.715854 0.686038 0.626577 0.856034 0.991663 0.580046 0.372309 0.000000 0.778390 0.898001 0.672638 0.701329 0.694210 0.796107 0.885813 0.933051 0.500565 0.730238 0.975104 0.777728 0.560153 0.800029 0.969900 0.960325 0.848932 0.920622 0.947813 0.922148 0.813884 0.950902 0.632287 0.707984 0.999819 0.911258 0.993152 0.880546 0.778142 0.877131 0.634530 0.546587 0.766427 0.787979 0.939479 0.978449 0.798427 0.605747 0.360536 0.345654 0.478038 0.473374 0.794984 0.734034 0.923208 0.863255 0.755677 0.733322 0.906914 0.884814 0.964310 0.982574 0.890582 0.970114 0.822633 0.961354 0.988923 0.991252 0.661402 0.400928 0.946649 0.655491 0.990994 0.776937 0.813290 0.983849 0.719445 0.690346 0.905355 0.977243 0.795745 0.984124 0.791250 0.822200 0.970865 0.924707 0.816058 0.792933 0.792277 0.961035 0.805413 0.974582 0.830280 0.952704 0.942903 0.872218 0.865459 0.961022 0.962007 0.981720
0.903615 0.986745 0.992003 0.800012 0.768161 0.848615 0.801149 0.909732 0.818455 0.774417 0.874745 0.999754 0.942473 0.918412 0.953077 0.841897 0.982476 0.979941 0.967129 0.895949 0.859041 0.836494 0.963192 0.685033 0.657723 0.778390 0.000000 0.692320 0.890668 0.842950 0.753724 0.886217 0.861501 0.847025 0.980026 0.979861 0.856543 0.936068 0.801284 0.832068 0.920644 0.875440 0.992259 0.956915 0.966597 0.929548 0.912358 0.972672 0.841623 0.889195 0.987752 0.999150 0.922968 0.878390 0.909721 0.815593 0.973155 0.939992 0.828613 0.910585 0.788636 0.999603 0.766942 0.784228 0.738320 0.766122 0.994310 0.965403 0.901912 0.997573 0.819296 0.768388 0.799475 0.949306 0.945232 0.898450 0.998736 0.845540 0.978292 0.972775 0.964354 0.868438 0.753879 0.864961 0.664204 0.621843 0.879163 0.595602 0.963780 0.823767 0.857499 0.857974 0.951910 0.957657 0.826131 0.900063 0.857445 0.909450 0.749081 0.854654 0.846382 0.772089 0.644074 0.764527 0.932769 0.770375 0.819439 0.725025 0.799781 0.818167 0.828515 0.857454 0.982868 0.819632 0.976927 0.945316
0.889884 0.948620 0.905235 0.945107 0.998550 0.740887 0.795806 0.826948 0.881160 0.920757 0.868851 0.956030 0.958914 0.956347 0.945038 0.753713 0.998792 0.989716 0.965171 0.962611 0.884479 0.892865 0.970065 0.800242 0.850387 0.898001 0.692320 0.000000 0.933529 0.974319 0.832032 0.969633 0.922555 0.944233 0.947924 0.993492 0.991809 0.953986 0.704267 0.971683 0.880032 0.850109 0.999733 0.944795 0.921196 0.957345 0.913775 0.954745 0.923616 0.972275 0.931023 0.937728 0.898315 0.916048 0.943434 0.942588 0.975071 0.956767 0.888482 0.774089 0.762664 0.808868 0.857776 0.843713 0.996397 0.978140 0.914691 0.811880 0.988237 0.912092 0.899244 0.769775 0.923871 0.950669 0.846191 0.985220 0.909999 0.933089 0.970467 0.982795 0.979516 0.935120 0.942747 0.923813 0.929614 0.852491 0.806286 0.938835 0.901702 0.977833 0.874707 0.889714 0.893838 0.924857 0.711336 0.851193 0.881767 0.874404 0.812733 0.925387 0.890246 0.857150 0.779231 0.867855 0.865461 0.819940 0.825828 0.955935 0.874864 0.790187 0.929044 0.964939 0.978423 0.920438 0.937196 0.842557
0.324129 0.335341 0.827669 0.889470 0.928076 0.989166 0.843115 0.516339 0.948394 0.474151 0.505949 0.373174 0.592716 0.504519 0.532402 0.656229 0.314017 0.328276 0.357776 0.363215 0.809675 0.956142 0.492340 0.811915 0.610785 0.672638 0.890668 0.933529 0.000000 0.298869 0.812146 0.674283 0.573920 0.473323 0.789439 0.887561 0.695425 0.970457 0.828856 0.993345 0.744128 0.712277 0.755200 0.617914 0.765354 0.632132 0.750468 0.581787 0.554980 0.577144 0.755256 0.718509 0.856523 0.987346 0.774529 0.771269 0.348576 0.330197 0.636121 0.596868 0.846101 0.761543 0.409256 0.322523 0.672580 0.690562 0.851064 0.917969 0.436385 0.371934 0.698366 0.876066 0.777804 0.778013 0.887965 0.925470 0.613230 0.665981 0.548868 0.483729 0.316584 0.431084 0.683115 0.642944 0.870615 0.824747 0.795688 0.914087 0.860429 0.854667 0.977332 0.840248 0.917344 0.773720 0.727026 0.872289 0.928512 0.824547 0.599409 0.514116 0.946295 0.845133 0.551863 0.586069 0.797155 0.795651 0.915433 0.874197 0.948791 0.888936 0.893420 0.576260 0.477681 0.709636 0.958918 0.751763
0.403927 0.335335 0.785735 0.908163 0.946523 0.995214 0.925185 0.595924 0.898221 0.509397 0.567126 0.406234 0.659037 0.497887 0.509983 0.605120 0.306948 0.303344 0.384081 0.319032 0.845287 0.894914 0.483837 0.955428 0.650942 0.701329 0.842950 0.974319 0.298869 0.000000 0.815075 0.627658 0.584675 0.487451 0.750517 0.938749 0.760834 0.972342 0.923390 0.937924 0.795350 0.699075 0.715116 0.601307 0.794904 0.683700 0.756369 0.590225 0.605285 0.618690 0.782456 0.727895 0.859062 0.972504 0.842910 0.888949 0.364116 0.348791 0.814424 0.734678 0.954948 0.901919 0.476815 0.370566 0.635298 0.675449 0.776543 0.876367 0.465452 0.427067 0.709633 0.869226 0.748460 0.739432 0.926587 0.852503 0.608444 0.585201 0.442791 0.441583 0.319805 0.413783 0.654474 0.633654 0.921884 0.817772 0.749322 0.875802 0.991218 0.989405 0.995035 0.836240 0.898388 0.701123 0.694593 0.885266 0.925625 0.751299 0.647431 0.534879 0.946707 0.899289 0.587577 0.627257 0.859865 0.743394 0.884628 0.933177 0.941076 0.873240 0.916572 0.610607 0.507898 0.661035 0.957370 0.833182
0.939004 0.892076 0.566245 0.683278 0.824524 0.852792 0.398706 0.572330 0.915838 0.865711 0.875990 0.869255 0.927637 0.984410 0.986968 0.857328 0.928139 0.928490 0.852001 0.936148 0.832580 0.728727 0.771958 0.931212 0.971671 0.694210 0.753724 0.832032 0.812146 0.815075 0.000000 0.465219 0.438930 0.429033 0.654062 0.693480 0.864755 0.819341 0.917864 0.977532 0.860347 0.902222 0.602713 0.667563 0.613883 0.787269 0.704152 0.757179 0.903661 0.942298 0.719287 0.799394 0.756726 0.669242 0.870895 0.978595 0.983638 0.951472 0.780461 0.826653 0.681521 0.933142 0.590419 0.791258 0.926272 0.903056 0.576088 0.526026 0.952856 0.956159 0.510855 0.554859 0.548346 0.595417 0.944281 0.983635 0.757878 0.654802 0.752868 0.787457 0.843413 0.904335 0.944948 0.988579 0.940243 0.984583 0.808318 0.934299 0.926332 0.982742 0.516715 0.691190 0.674390 0.819610 0.763491 0.995458 0.717094 0.836405 0.579022 0.609502 0.733836 0.551651 0.547751 0.647996 0.693385 0.627116 0.972950 0.764273 0.947209 0.910166 0.650146 0.776864 0.724989 0.661819 0.840700 0.863322
0.757449 0.831531 0.652393 0.585278 0.842829 0.825198 0.533315 0.497771 0.940175 0.779443 0.835172 0.879680 0.828119 0.630277 0.816046 0.821433 0.730782 0.691647 0.613245 0.677773 0.823386 0.783622 0.525229 0.860919 0.980314 0.796107 0.886217 0.969633 0.674283 0.627658 0.465219 0.000000 0.464522 0.442265 0.812956 0.747237 0.761540 0.911238 0.923877 0.925020 0.948330 0.769010 0.558027 0.602481 0.717662 0.790726 0.531964 0.669145 0.999917 0.991478 0.829361 0.853666 0.863046 0.875047 0.733690 0.949811 0.760072 0.818492 0.881337 0.878584 0.845718 0.974185 0.586438 0.731376 0.921720 0.901152 0.737975 0.691925 0.794182 0.776919 0.534036 0.587693 0.634300 0.635197 0.983340 0.999093 0.708474 0.597618 0.611871 0.643831 0.609899 0.603937 0.859964 0.794853 0.857368 0.919469 0.789262 0.933267 0.993570 0.952765 0.638128 0.702445 0.741880 0.890857 0.751939 0.913039 0.733426 0.765710 0.653430 0.594438 0.822862 0.702698 0.591111 0.640146 0.678358 0.542478 0.866589 0.929084 0.931554 0.825160 0.721217 0.642169 0.594384 0.712061 0.897764 0.893034
0.588409 0.774668 0.655070 0.775408 0.861116 0.818253 0.431940 0.464832 0.940104 0.652009 0.617799 0.783835 0.698069 0.744941 0.825088 0.909152 0.677135 0.637354 0.565080 0.669253 0.927422 0.818182 0.541037 0.956714 0.920446 0.885813 0.861501 0.922555 0.573920 0.584675 0.438930 0.464522 0.000000 0.349765 0.809942 0.705470 0.729575 0.801239 0.852078 0.931455 0.810615 0.796509 0.660874 0.659018 0.630778 0.720300 0.563838 0.633097 0.881651 0.907107 0.766305 0.832305 0.893020 0.954588 0.708341 0.840186 0.708041 0.709457 0.616669 0.640339 0.609509 0.841139 0.401300 0.537062 0.958920 0.975509 0.636444 0.617829 0.632448 0.662722 0.545251 0.637319 0.624229 0.572335 0.935711 0.976473 0.660128 0.674322 0.685039 0.663600 0.549464 0.627789 0.934190 0.869759 0.842050 0.984176 0.813573 0.927978 0.830293 0.800888 0.621851 0.662246 0.707049 0.906537 0.806329 0.964474 0.719209 0.689274 0.514541 0.475241 0.723563 0.640191 0.517528 0.614398 0.581122 0.571791 0.985585 0.875350 0.924432 0.898653 0.737908 0.655367 0.627921 0.688743 0.927737 0.881243
0.567260 0.668193 0.742805 0.766292 0.805423 0.787717 0.457941 0.430128 0.885168 0.587712 0.685053 0.718958 0.702307 0.665779 0.733371 0.790807 0.588827 0.540556 0.473747 0.559025 0.901170 0.831166 0.500551 0.951720 0.877306 0.933051 0.847025 0.944233 0.473323 0.487451 0.429033 0.442265 0.349765 0.000000 0.874648 0.776312 0.718390 0.866871 0.912171 0.990110 0.787399 0.820662 0.557882 0.508965 0.620566 0.644305 0.600489 0.499248 0.797269 0.751798 0.691908 0.740643 0.812496 0.877217 0.762134 0.874819 0.613534 0.616852 0.628256 0.643103 0.721442 0.917050 0.414886 0.509790 0.940615 0.934095 0.758154 0.696351 0.646079 0.611837 0.583755 0.638094 0.666764 0.647918 0.963184 0.878172 0.650567 0.535153 0.587019 0.530948 0.515580 0.587470 0.832559 0.779254 0.881172 0.969799 0.688115 0.960866 0.909261 0.910630 0.686665 0.674479 0.822528 0.941883 0.645361 0.914866 0.789417 0.693832 0.510338 0.439730 0.816954 0.644868 0.482378 0.573588 0.621136 0.562466 0.947465 0.905084 0.978276 0.874078 0.776915 0.645861 0.552269 0.614442 0.914620 0.768144
0.808980 0.669808 0.511827 0.594554 0.959478 0.912623 0.592656 0.812638 0.987684 0.698217 0.842957 0.675677 0.790779 0.802993 0.701047 0.739824 0.745168 0.816331 0.774750 0.734745 0.702223 0.887884 0.971216 0.843653 0.617075 0.500565 0.980026 0.947924 0.789439 0.750517 0.654062 0.812956 0.809942 0.874648 0.000000 0.723549 0.833584 0.765598 0.778514 0.999549 0.914082 0.877532 0.847409 0.945252 0.800058 0.961869 0.896477 0.957844 0.668015 0.708459 0.974215 0.859589 0.912118 0.931880 0.864390 0.988331 0.782708 0.713584 0.994440 0.971674 0.760174 0.880810 0.995117 0.844051 0.545374 0.514043 0.396091 0.354046 0.835021 0.744805 0.822292 0.706833 0.756830 0.828042 0.840780 0.905507 0.948066 0.964606 0.874567 0.874004 0.865940 0.934232 0.859725 0.928438 0.882677 0.701352 0.899414 0.857991 0.960945 0.755749 0.541106 0.838653 0.551524 0.593064 0.857437 0.937558 0.703566 0.892774 0.899882 0.931406 0.736458 0.811439 0.973390 0.927540 0.676413 0.773494 0.971139 0.743733 0.952988 0.982420 0.826320 0.841363 0.878860 0.878852 0.991905 0.997197
0.975444 0.904772 0.644150 0.607705 0.860749 0.977792 0.639532 0.754372 0.996649 0.974743 0.938427 0.773664 0.892864 0.982219 0.904620 0.808370 0.892804 0.985835 0.940031 0.973321 0.765269 0.846124 0.988749 0.983256 0.785590 0.730238 0.979861 0.993492 0.887561 0.938749 0.693480 0.747237 0.705470 0.776312 0.723549 0.000000 0.791302 0.594126 0.778840 0.962779 0.896628 0.932550 0.788240 0.885825 0.712186 0.901678 0.730527 0.873956 0.928322 0.901735 0.965293 0.964078 0.936081 0.994521 0.933771 0.980438 0.978043 0.948353 0.933732 0.975977 0.905912 0.965145 0.936479 0.956000 0.744688 0.739381 0.562341 0.617602 0.931213 0.936950 0.748507 0.832404 0.925967 0.935308 0.992418 0.768498 0.846689 0.820903 0.984114 0.976571 0.990948 0.942721 0.962545 0.903251 0.984985 0.878892 0.922698 0.907057 0.947482 0.830184 0.723078 0.842821 0.647288 0.672587 0.993971 0.900201 0.825966 0.745657 0.772102 0.735966 0.897548 0.746795 0.849959 0.782619 0.800391 0.886745 0.865635 0.771439 0.946250 0.994156 0.824511 0.885086 0.837566 0.780549 0.827469 0.943751
0.713895 0.746292 0.880996 0.858610 0.895081 0.944354 0.805066 0.743763 0.766710 0.931253 0.757293 0.831245 0.839255 0.868298 0.886073 0.948063 0.823194 0.737559 0.799784 0.821665 0.944353 0.891970 0.828829 0.924671 0.956978 0.975104 0.856543 0.991809 0.695425 0.760834 0.864755 0.761540 0.729575 0.718390 0.833584 0.791302 0.000000 0.729492 0.955997 0.911193 0.699245 0.864785 0.871070 0.708174 0.800128 0.778090 0.742021 0.696900 0.876082 0.850245 0.836445 0.882249 0.944163 0.959829 0.675690 0.865375 0.788305 0.785722 0.782695 0.818373 0.794407 0.669110 0.739435 0.768015 0.880363 0.909822 0.814162 0.791261 0.680267 0.723054 0.874330 0.965517 0.965140 0.843259 0.979123 0.873467 0.848985 0.890544 0.880961 0.821726 0.755027 0.742043 0.905844 0.914070 0.795318 0.885207 0.988987 0.985173 0.802686 0.699289 0.943018 0.906906 0.999513 0.935327 0.858981 0.881575 0.933829 0.817476 0.773472 0.765211 0.967634 0.917120 0.709167 0.776445 0.845196 0.829387 0.952185 0.961781 0.837886 0.761052 0.790469 0.640790 0.844480 0.749055 0.755392 0.981288
0.952789 0.945988 0.764924 0.783025 0.905154 0.994223 0.835654 0.916248 0.961828 0.833877 0.937773 0.887819 0.901840 0.902152 0.969526 0.820428 0.968318 0.993908 0.981446 0.995222 0.899921 0.701114 0.903861 0.828565 0.805441 0.777728 0.936068 0.953986 0.970457 0.972342 0.819341 0.911238 0.801239 0.866871 0.765598 0.594126 0.729492 0.000000 0.832129 0.996920 0.797001 0.831969 0.955406 0.954031 0.895346 0.970107 0.936862 0.918218 0.861239 0.915840 0.986450 0.962411 0.976672 0.983145 0.967348 0.977124 0.977827 0.922465 0.956198 0.998181 0.898510 0.933666 0.924336 0.957011 0.820078 0.794422 0.725886 0.739614 0.846398 0.987525 0.857704 0.896199 0.828098 0.834422 0.962734 0.950350 0.923278 0.945882 0.965534 0.999007 0.952099 0.913812 0.897583 0.772156 0.936838 0.899471 0.972400 0.784083 0.967006 0.904978 0.924451 0.929230 0.870784 0.725655 0.924454 0.849456 0.930547 0.834126 0.980939 0.929368 0.879816 0.915647 0.876073 0.856055 0.900244 0.982332 0.936115 0.892130 0.961763 0.971690 0.948256 0.844459 0.903946 0.688516 0.850379 0.991514
