0.000000 0.314335 0.992751 0.853888 0.944833 0.834097 0.935944 0.850067 0.883418 0.923742 0.532038 0.407340 0.506680 0.514949 0.710288 0.583793 0.412843 0.412357 0.428900 0.369897 0.961890 0.779819 0.771927 0.889558 0.862048 0.867349 0.846130 0.940801 0.544165 0.518343 0.925043 0.852974 0.712855 0.703879 0.964173 0.975047 0.722265 0.605648 0.920320 0.662080 0.853781 0.797070 0.743066 0.685735 0.907104 0.728178 0.560096 0.607907 0.695941 0.559038 0.715971 0.550998 0.841009 0.956392 0.830852 0.814665 0.383321 0.327099 0.575149 0.525309 0.724689 0.762813 0.620795 0.509649 0.946972 0.955252 0.961828 0.960416 0.388201 0.424212 0.934925 0.945866 0.787393 0.666544 0.811998 0.976762 0.798371 0.811368 0.646168 0.601007 0.355489 0.347419 0.493870 0.452930 0.625504 0.749157 0.893937 0.947894 0.907467 0.636309 0.868558 0.863008 0.776304 0.778273 0.994006 0.940043 0.940356 0.883959 0.820288 0.866982 0.859959 0.962250 0.641073 0.743117 0.950199 0.841861 0.982678 0.935712 0.865271 0.790515 0.890800 0.944667 0.933363 0.785629 0.793548 0.877799
0.314335 0.000000 0.982545 0.907897 0.874858 0.745250 0.848659 0.829248 0.907397 0.900142 0.578930 0.434828 0.627190 0.598034 0.877328 0.668464 0.413289 0.375825 0.422943 0.404989 0.868497 0.825582 0.854437 0.970695 0.941965 0.789150 0.885739 0.829093 0.559649 0.609531 0.971821 0.867772 0.736944 0.655944 0.950415 0.924978 0.839319 0.584194 0.985310 0.753784 0.931390 0.874905 0.601794 0.547738 0.742311 0.566843 0.558156 0.596784 0.549205 0.415337 0.554909 0.434129 0.683457 0.817564 0.878942 0.788332 0.262278 0.242984 0.556471 0.497630 0.762907 0.811530 0.625315 0.510728 0.896536 0.861651 0.995675 0.959760 0.559986 0.424702 0.970696 0.971374 0.959673 0.783534 0.903381 0.970151 0.740693 0.822146 0.596089 0.564340 0.349612 0.374640 0.593231 0.437507 0.679155 0.845649 0.977949 0.987740 0.942304 0.729904 0.946608 0.999668 0.910875 0.845997 0.926886 0.990204 0.994296 0.820616 0.807057 0.772351 0.963607 0.903412 0.567997 0.761574 0.956447 0.949317 0.921432 0.884939 0.999670 0.747973 0.717255 0.871536 0.775065 0.632003 0.812273 0.901450
0.992751 0.982545 0.000000 0.428087 0.901067 0.797607 0.488891 0.531070 0.485479 0.874847 0.886483 0.988864 0.805764 0.855081 0.947957 0.882386 0.867370 0.841567 0.829063 0.959076 0.898009 0.961921 0.685525 0.748451 0.668112 0.495088 0.869192 0.943969 0.941463 0.935174 0.620833 0.706576 0.618150 0.670257 0.757565 0.833499 0.781460 0.984453 0.924977 0.963370 0.974057 0.987717 0.714797 0.740747 0.754928 0.783845 0.664039 0.749779 0.856167 0.982380 0.980657 0.957279 0.895244 0.919313 0.959133 0.844370 0.985466 0.860509 0.889827 0.905063 0.491554 0.507812 0.920592 0.911341 0.419939 0.350213 0.567178 0.496967 0.981232 0.900561 0.742990 0.753145 0.747757 0.786128 0.904559 0.881526 0.786983 0.776689 0.894836 0.909396 0.818591 0.863603 0.997804 0.823544 0.829172 0.709936 0.967742 0.885045 0.915118 0.966127 0.689203 0.868304 0.765593 0.889020 0.853607 0.990828 0.866070 0.949167 0.700398 0.725824 0.718973 0.913875 0.999305 0.820526 0.725433 0.870107 0.891628 0.818001 0.744038 0.957011 0.813020 0.858979 0.781353 0.866936 0.749752 0.981312
0.853888 0.907897 0.428087 0.000000 0.907557 0.823468 0.517469 0.389447 0.502639 0.682422 0.894594 0.743686 0.698452 0.671740 0.798053 0.620745 0.988163 0.959677 0.677896 0.864702 0.950431 0.887243 0.433941 0.638835 0.735830 0.608029 0.884470 0.991333 0.961876 0.930318 0.523989 0.520225 0.581931 0.638252 0.783036 0.800306 0.712775 0.955676 0.880395 0.944505 0.964255 0.902061 0.538933 0.523656 0.726607 0.653777 0.560279 0.615407 0.996912 0.858493 0.791661 0.789231 0.795766 0.787327 0.927255 0.921203 0.933005 0.976020 0.730399 0.775016 0.491679 0.404646 0.988059 0.874452 0.533163 0.424723 0.561029 0.513132 0.911724 0.995122 0.660213 0.641917 0.746788 0.810469 0.950685 0.864999 0.682660 0.740231 0.894805 0.902202 0.996793 0.950692 0.866840 0.992563 0.824199 0.719670 0.953265 0.877254 0.776111 0.870390 0.665565 0.883265 0.754432 0.884056 0.883261 0.968464 0.761637 0.831783 0.593472 0.571742 0.594685 0.889519 0.929471 0.779673 0.553023 0.670580 0.897595 0.672624 0.661424 0.843704 0.753190 0.832645 0.704210 0.814012 0.637109 0.943739
0.944833 0.874858 0.901067 0.907557 0.000000 0.890502 0.982090 0.983599 0.946672 0.989631 0.924328 0.966995 0.940451 0.992497 0.884041 0.985290 0.960668 0.970238 0.968929 0.910571 0.961737 0.931241 0.844958 0.934321 0.823042 0.958085 0.856433 0.913405 0.961857 0.943298 0.820414 0.846483 0.947227 0.982910 0.858235 0.925029 0.922342 0.917167 0.888474 0.942533 0.898667 0.911787 0.876191 0.889259 0.782201 0.794227 0.949876 0.869479 0.769471 0.770919 0.750114 0.804041 0.834750 0.838371 0.908956 0.777766 0.900200 0.883304 0.983016 0.983730 0.888797 0.997065 0.923484 0.973198 0.890724 0.856946 0.941017 0.958990 0.865075 0.933548 0.961209 0.874614 0.961056 0.912915 0.963193 0.997920 0.903253 0.904011 0.818539 0.980424 0.941324 0.925263 0.985089 0.878830 0.980368 0.847028 0.959858 0.963308 0.829544 0.910211 0.863489 0.815398 0.839615 0.936899 0.857795 0.986216 0.972838 0.882123 0.892586 0.923668 0.944825 0.937136 0.879228 0.885029 0.925312 0.746819 0.945183 0.921650 0.905444 0.948391 0.878204 0.974248 0.997361 0.795738 0.953102 0.978758
0.834097 0.745250 0.797607 0.823468 0.890502 0.000000 0.961671 0.856689 0.791928 0.967563 0.724161 0.871659 0.933641 0.923213 0.840887 0.805936 0.666204 0.639211 0.747713 0.869128 0.850301 0.891779 0.858543 0.718516 0.786817 0.602409 0.899005 0.722871 0.739874 0.822952 0.922603 0.995898 0.942303 0.939515 0.877340 0.991259 0.841870 0.842944 0.793639 0.911098 0.995049 0.981683 0.941627 0.945056 0.958936 0.926036 0.944145 0.984503 0.961301 0.960774 0.975068 0.997271 0.850345 0.924863 0.728439 0.869180 0.610723 0.673224 0.854649 0.943411 0.893078 0.729133 0.699120 0.788139 0.780082 0.635201 0.840338 0.840109 0.931335 0.896538 0.746951 0.898775 0.793662 0.912811 0.883549 0.992341 0.945057 0.944338 0.853543 0.984658 0.772218 0.896315 0.809361 0.815552 0.821090 0.768591 0.927969 0.939591 0.969279 0.986669 0.737659 0.832900 0.765383 0.845164 0.961872 0.848224 0.660653 0.896893 0.904076 0.935614 0.893506 0.974321 0.819079 0.990367 0.889170 0.923910 0.804562 0.991869 0.931178 0.920081 0.898863 0.960749 0.884485 0.977008 0.982965 0.927483
0.935944 0.848659 0.488891 0.517469 0.982090 0.961671 0.000000 0.319440 0.541037 0.576042 0.776176 0.726503 0.927264 0.913205 0.840936 0.975076 0.858089 0.931732 0.692030 0.905405 0.985932 0.938021 0.832809 0.892663 0.910735 0.841033 0.657496 0.640708 0.812418 0.836266 0.485631 0.652152 0.427771 0.413213 0.780336 0.684940 0.916732 0.952868 0.891762 0.891985 0.903877 0.988757 0.472470 0.513956 0.403218 0.457384 0.589201 0.605972 0.754067 0.699372 0.616392 0.689362 0.618189 0.616780 0.992492 0.967861 0.904378 0.946407 0.524185 0.633768 0.327091 0.468816 0.678430 0.665336 0.853949 0.669103 0.296636 0.326779 0.906197 0.952625 0.700987 0.642289 0.790189 0.897117 0.978827 0.790663 0.620724 0.691761 0.837875 0.825672 0.874162 0.901245 0.928017 0.863592 0.899675 0.906667 0.885654 0.702571 0.861445 0.811273 0.637024 0.785690 0.661437 0.840445 0.763828 0.885460 0.827143 0.679807 0.433929 0.516623 0.443687 0.706718 0.680614 0.590586 0.665956 0.816384 0.816723 0.621966 0.805990 0.826623 0.628396 0.678855 0.607066 0.729897 0.625324 0.915309
0.850067 0.829248 0.531070 0.389447 0.983599 0.856689 0.319440 0.000000 0.513869 0.417170 0.750062 0.586591 0.803882 0.776890 0.981491 0.812010 0.850274 0.925489 0.620892 0.818679 0.887099 0.954080 0.730218 0.967175 0.912931 0.856012 0.744805 0.805260 0.811770 0.796269 0.487017 0.630886 0.451424 0.387684 0.869940 0.781925 0.733971 0.935675 0.965529 0.940831 0.930818 0.900852 0.409515 0.416334 0.477351 0.457902 0.480180 0.497741 0.751367 0.670393 0.585928 0.622516 0.638720 0.561037 0.909835 0.990049 0.916522 0.938033 0.527922 0.629931 0.349489 0.306308 0.732365 0.620222 0.873151 0.600924 0.417604 0.379041 0.973267 0.945022 0.562723 0.547365 0.757372 0.889007 0.959766 0.844553 0.618469 0.692181 0.790774 0.829379 0.871460 0.909768 0.963830 0.902646 0.887958 0.931322 0.895220 0.652361 0.919812 0.862443 0.613942 0.788686 0.693503 0.919874 0.824347 0.829098 0.715750 0.692259 0.417877 0.416703 0.408351 0.785292 0.649930 0.566205 0.558237 0.769301 0.883771 0.552535 0.746185 0.730692 0.643460 0.638761 0.569172 0.710060 0.660712 0.949679
0.883418 0.907397 0.485479 0.502639 0.946672 0.791928 0.541037 0.513869 0.000000 0.637990 0.973082 0.989669 0.976836 0.862090 0.913738 0.884883 0.866604 0.784565 0.863230 0.961690 0.932655 0.897410 0.735310 0.877358 0.873214 0.544638 0.848623 0.904624 0.950653 0.843344 0.628541 0.729406 0.635649 0.697256 0.681974 0.849689 0.764511 0.955133 0.888499 0.907294 0.864889 0.861826 0.565690 0.641016 0.579082 0.663528 0.649903 0.777773 0.919012 0.884537 0.773534 0.854416 0.727980 0.591671 0.931835 0.967251 0.928234 0.792280 0.868625 0.964472 0.570145 0.491183 0.899713 0.961429 0.632820 0.542340 0.475436 0.556878 0.865317 0.785224 0.584748 0.590571 0.702541 0.861001 0.992960 0.908842 0.686683 0.836773 0.949542 0.973888 0.792354 0.774442 0.914217 0.773733 0.911227 0.897593 0.953638 0.884415 0.889748 0.981852 0.473089 0.621249 0.562948 0.669687 0.776476 0.994244 0.651562 0.771906 0.482898 0.517158 0.603532 0.825727 0.847139 0.724081 0.672329 0.752193 0.809924 0.583440 0.821161 0.799011 0.775804 0.739192 0.633229 0.796809 0.885577 0.856942
0.923742 0.900142 0.874847 0.682422 0.989631 0.967563 0.576042 0.417170 0.637990 0.000000 0.702201 0.657261 0.932372 0.987639 0.849202 0.935636 0.836464 0.885629 0.705851 0.826757 0.728805 0.985881 0.984208 0.674832 0.688285 0.926842 0.782857 0.746067 0.737531 0.778792 0.619531 0.750990 0.629601 0.555445 0.872474 0.880606 0.721311 0.788970 0.992341 0.999676 0.894818 0.799256 0.510576 0.509436 0.526235 0.502907 0.685706 0.614350 0.597909 0.655147 0.647617 0.744655 0.679758 0.519009 0.932503 0.871635 0.949576 0.961470 0.647858 0.780846 0.651466 0.533272 0.754061 0.609192 0.789202 0.996371 0.633434 0.638826 0.948876 0.955364 0.512391 0.559854 0.754082 0.808995 0.982624 0.909292 0.596427 0.752636 0.759418 0.994139 0.856969 0.866091 0.833117 0.901233 0.673483 0.606274 0.777608 0.661564 0.896388 0.791625 0.695133 0.808088 0.785861 0.905333 0.901535 0.751295 0.658779 0.674373 0.445281 0.409621 0.508232 0.722890 0.538564 0.618128 0.691504 0.845295 0.961975 0.514854 0.880561 0.642463 0.755540 0.531493 0.622082 0.789596 0.932511 0.958559
0.532038 0.578930 0.886483 0.894594 0.924328 0.724161 0.776176 0.750062 0.973082 0.702201 0.000000 0.487082 0.808322 0.781863 0.934065 0.849542 0.393684 0.385231 0.447292 0.436639 0.892941 0.970993 0.882078 0.852957 0.999636 0.784613 0.922395 0.766912 0.370083 0.354174 0.623902 0.677944 0.564756 0.465221 0.968183 0.955836 0.882249 0.704538 0.993307 0.841300 0.913809 0.776628 0.857669 0.735875 0.895874 0.776259 0.687175 0.702554 0.857919 0.799905 0.960754 0.859464 0.965611 0.977433 0.980707 0.954051 0.540204 0.581443 0.587494 0.567672 0.640806 0.789802 0.401521 0.394158 0.817508 0.908819 0.844701 0.781572 0.533203 0.641679 0.858891 0.982273 0.667910 0.589790 0.864141 0.932477 0.781557 0.665279 0.681362 0.836283 0.553313 0.767705 0.684277 0.706664 0.982420 0.956270 0.797884 0.849905 0.861569 0.925430 0.713524 0.642591 0.588757 0.593788 0.992592 0.887049 0.931238 0.680985 0.852667 0.819030 0.968631 0.943100 0.632861 0.567182 0.998468 0.770478 0.899860 0.909612 0.907495 0.776500 0.928455 0.933280 0.794408 0.849725 0.799138 0.865468
0.407340 0.434828 0.988864 0.743686 0.966995 0.871659 0.726503 0.586591 0.989669 0.657261 0.487082 0.000000 0.542762 0.526633 0.797310 0.607155 0.386145 0.400512 0.405918 0.374948 0.909330 0.826465 0.741995 0.975259 0.997379 0.829031 0.991090 0.740194 0.474498 0.392874 0.650693 0.682967 0.534759 0.513900 0.915176 0.950185 0.696924 0.639892 0.945466 0.763724 0.788872 0.735685 0.623662 0.547840 0.770872 0.631370 0.549138 0.566933 0.659924 0.613858 0.639079 0.574730 0.781609 0.784011 0.877012 0.841532 0.523535 0.445522 0.543032 0.538528 0.575730 0.599579 0.445143 0.322890 0.775057 0.947260 0.838252 0.805624 0.515836 0.516411 0.758790 0.736722 0.756187 0.767900 0.926640 0.937430 0.722975 0.739646 0.562774 0.687894 0.368516 0.532439 0.644437 0.587771 0.880746 0.960406 0.957553 0.839821 0.950042 0.868252 0.954561 0.874163 0.864510 0.733969 0.966977 0.761866 0.887390 0.684716 0.715388 0.723668 0.830113 0.871217 0.568893 0.534516 0.730294 0.754632 0.953411 0.838410 0.821207 0.691658 0.842245 0.862588 0.826941 0.738477 0.778260 0.878885
0.506680 0.627190 0.805764 0.698452 0.940451 0.933641 0.927264 0.803882 0.976836 0.932372 0.808322 0.542762 0.000000 0.322282 0.406372 0.391544 0.679135 0.675034 0.643000 0.587597 0.801126 0.807198 0.497261 0.613979 0.757490 0.914847 0.879020 0.995303 0.765613 0.710897 0.823625 0.792301 0.680972 0.868393 0.852385 0.983879 0.821361 0.904320 0.964584 0.826092 0.846618 0.862949 0.829262 0.800886 0.966247 0.904952 0.634751 0.763832 0.971569 0.853073 0.808740 0.644364 0.850284 0.890496 0.936017 0.936473 0.717199 0.653183 0.806678 0.749532 0.633879 0.645244 0.791186 0.717548 0.757687 0.732516 0.972014 0.974512 0.606370 0.618920 0.840641 0.869406 0.766746 0.783885 0.796965 0.935273 0.860028 0.957726 0.815234 0.689396 0.626823 0.558237 0.584432 0.666704 0.518177 0.558745 0.787787 0.955037 0.757974 0.672585 0.945088 0.991685 0.950000 0.922872 0.981714 0.828135 0.878187 0.923480 0.924095 0.957443 0.927208 0.915883 0.991023 0.719377 0.828741 0.838291 0.967301 0.937384 0.758330 0.977844 0.918015 0.969951 0.992388 0.816773 0.734787 0.866360
0.514949 0.598034 0.855081 0.671740 0.992497 0.923213 0.913205 0.776890 0.862090 0.987639 0.781863 0.526633 0.322282 0.000000 0.398775 0.299504 0.616159 0.628275 0.586958 0.566235 0.882536 0.835220 0.424153 0.554798 0.728586 0.863280 0.956799 0.903160 0.730369 0.671430 0.779524 0.679791 0.613869 0.826820 0.884299 0.931878 0.762522 0.818051 0.907699 0.804006 0.827463 0.843510 0.745796 0.710328 0.960297 0.870955 0.593760 0.789305 0.947897 0.832355 0.724694 0.624660 0.702547 0.782425 0.932575 0.902843 0.659896 0.637183 0.845041 0.798811 0.642758 0.612191 0.780791 0.672081 0.822535 0.760676 0.971209 0.948760 0.639413 0.660486 0.756726 0.767403 0.749164 0.839884 0.810513 0.960421 0.840515 0.892098 0.682391 0.740503 0.585767 0.599856 0.516109 0.638260 0.514943 0.548566 0.782826 0.972268 0.745512 0.643076 0.889269 0.981342 0.981355 0.961837 0.977581 0.921165 0.859363 0.910936 0.860403 0.902015 0.968177 0.897848 0.898623 0.654697 0.861522 0.733656 0.893683 0.892501 0.848503 0.850054 0.874541 0.977671 0.936074 0.773157 0.749187 0.975161
0.710288 0.877328 0.947957 0.798053 0.884041 0.840887 0.840936 0.981491 0.913738 0.849202 0.934065 0.797310 0.406372 0.398775 0.000000 0.361244 0.782377 0.836098 0.825417 0.741301 0.860619 0.876776 0.471959 0.525657 0.663129 0.881729 0.767959 0.804747 0.881260 0.822227 0.889746 0.734478 0.851991 0.931448 0.941209 0.985876 0.851928 0.960942 0.873086 0.835095 0.802944 0.921055 0.980099 0.951349 0.776110 0.876830 0.737815 0.914912 0.830366 0.952543 0.975979 0.827217 0.956170 0.992204 0.899697 0.919392 0.869047 0.854453 0.978838 0.911893 0.874644 0.831094 0.947528 0.893840 0.736380 0.799012 0.849860 0.872743 0.653370 0.798399 0.825716 0.951445 0.837395 0.849126 0.875254 0.798407 0.946854 0.977025 0.828561 0.812411 0.820165 0.748179 0.574808 0.748591 0.515224 0.518802 0.846480 0.827780 0.671447 0.686746 0.971945 0.921353 0.859518 0.958857 0.952914 0.882927 0.875988 0.987028 0.938862 0.899268 0.807269 0.977676 0.883927 0.870033 0.854575 0.755466 0.876127 0.998513 0.765447 0.932500 0.933722 0.904054 0.883210 0.983704 0.833802 0.903454
0.583793 0.668464 0.882386 0.620745 0.985290 0.805936 0.975076 0.812010 0.884883 0.935636 0.849542 0.607155 0.391544 0.299504 0.361244 0.000000 0.730969 0.734825 0.693884 0.633332 0.943227 0.801600 0.393777 0.443959 0.673556 0.820175 0.871833 0.823342 0.823329 0.723567 0.802408 0.672047 0.736380 0.869784 0.993203 0.990140 0.820415 0.852600 0.813651 0.839140 0.873491 0.853141 0.783579 0.736435 0.949364 0.898217 0.584182 0.748210 0.994738 0.850752 0.768453 0.638436 0.791252 0.894233 0.830632 0.869010 0.739199 0.722892 0.840330 0.740457 0.741403 0.641476 0.906531 0.773373 0.738580 0.696941 0.987369 0.955228 0.682846 0.688081 0.824852 0.920952 0.849782 0.842610 0.852951 0.870932 0.929077 0.907381 0.711149 0.763005 0.692086 0.644176 0.500253 0.603261 0.505096 0.462646 0.830657 0.901124 0.679652 0.638907 0.959091 0.956125 0.928173 0.874889 0.967083 0.915175 0.868739 0.903366 0.970927 0.927825 0.930194 0.965936 0.994825 0.792299 0.813956 0.721252 0.903393 0.970283 0.797171 0.879547 0.914107 0.924249 0.960631 0.825518 0.703137 0.988635
0.412843 0.413289 0.867370 0.988163 0.960668 0.666204 0.858089 0.850274 0.866604 0.836464 0.393684 0.386145 0.679135 0.616159 0.782377 0.730969 0.000000 0.254503 0.411667 0.377170 0.830412 0.983552 0.858663 0.864420 0.959344 0.620676 0.964466 0.797998 0.327713 0.318804 0.795403 0.765158 0.620159 0.560963 0.862001 0.927469 0.919317 0.718142 0.923102 0.847989 0.913436 0.824038 0.780137 0.668983 0.873974 0.745625 0.662614 0.707709 0.708735 0.660328 0.768325 0.654960 0.882119 0.929821 0.989346 0.899741 0.411108 0.357538 0.527147 0.552351 0.736001 0.898889 0.335968 0.298577 0.688732 0.690825 0.967632 0.974815 0.489994 0.510715 0.932902 0.938957 0.792100 0.729187 0.889344 0.938571 0.773040 0.700583 0.470987 0.664467 0.313616 0.556116 0.566255 0.526469 0.915018 0.947771 0.882272 0.896680 0.941278 0.920526 0.711312 0.706274 0.635130 0.644043 0.882521 0.858563 0.906167 0.696063 0.866220 0.896523 0.973544 0.973281 0.594260 0.618959 0.979396 0.832278 0.969330 0.920134 0.900677 0.720902 0.884244 0.950216 0.865631 0.799377 0.734995 0.769466
0.412357 0.375825 0.841567 0.959677 0.970238 0.639211 0.931732 0.925489 0.784565 0.885629 0.385231 0.400512 0.675034 0.628275 0.836098 0.734825 0.254503 0.000000 0.399316 0.385299 0.860391 0.953476 0.824196 0.926275 0.929175 0.616264 0.916576 0.803763 0.338688 0.344171 0.847146 0.792456 0.669630 0.624277 0.847866 0.932248 0.956654 0.678426 0.903382 0.797329 0.904874 0.778102 0.864842 0.711989 0.971752 0.810003 0.755478 0.749833 0.775151 0.702756 0.829737 0.722727 0.917320 0.995072 0.943712 0.956168 0.352031 0.315016 0.592382 0.590393 0.819626 0.983790 0.350490 0.317514 0.700512 0.655067 0.935722 0.930547 0.474996 0.479656 0.952397 0.993210 0.847003 0.760416 0.866443 0.986533 0.874184 0.761969 0.508222 0.759081 0.343152 0.524673 0.515859 0.460211 0.876680 0.973179 0.924540 0.935336 0.952363 0.864337 0.690840 0.701425 0.618440 0.660957 0.939762 0.910469 0.874778 0.707739 0.937889 0.943962 0.877999 0.959822 0.599878 0.666504 0.959816 0.860905 0.930427 0.955879 0.975898 0.788970 0.877128 0.993301 0.865030 0.756817 0.818871 0.781387
0.428900 0.422943 0.829063 0.677896 0.968929 0.747713 0.692030 0.620892 0.863230 0.705851 0.447292 0.405918 0.643000 0.586958 0.825417 0.693884 0.411667 0.399316 0.000000 0.396466 0.940930 0.899309 0.672415 0.941944 0.904344 0.885952 0.938213 0.772829 0.461164 0.515747 0.688299 0.593547 0.489005 0.497360 0.962230 0.948294 0.693482 0.632195 0.994095 0.862329 0.813359 0.784904 0.574581 0.478589 0.759348 0.607837 0.513852 0.559606 0.722923 0.616423 0.738990 0.650605 0.870188 0.869182 0.979807 0.996527 0.380648 0.438984 0.552274 0.596614 0.604106 0.683073 0.513681 0.427021 0.943558 0.993846 0.836180 0.795360 0.547542 0.631459 0.801588 0.807380 0.793770 0.745211 0.955128 0.986063 0.704961 0.690512 0.603398 0.688666 0.499040 0.641910 0.585646 0.565902 0.835544 0.918897 0.900572 0.865016 0.990920 0.885261 0.927723 0.823534 0.829628 0.787437 0.858202 0.903020 0.957067 0.756229 0.675242 0.695663 0.911228 0.804041 0.545284 0.653691 0.813594 0.814245 0.891589 0.741763 0.964446 0.596799 0.755380 0.878725 0.746598 0.615162 0.739312 0.875326
0.369897 0.404989 0.959076 0.864702 0.910571 0.869128 0.905405 0.818679 0.961690 0.826757 0.436639 0.374948 0.587597 0.566235 0.741301 0.633332 0.377170 0.385299 0.396466 0.000000 0.944079 0.904334 0.773985 0.946132 0.874148 0.904050 0.873389 0.862079 0.440705 0.428704 0.808721 0.746965 0.630295 0.578571 0.938217 0.953578 0.676872 0.539663 0.938492 0.634340 0.809233 0.725878 0.729768 0.667316 0.881471 0.726686 0.574483 0.593225 0.699837 0.634344 0.781326 0.647439 0.895105 0.964594 0.893495 0.877110 0.444654 0.410969 0.701406 0.605259 0.746261 0.734977 0.597221 0.476156 0.869915 0.937178 0.974470 0.961740 0.411224 0.444706 0.880049 0.929532 0.758988 0.696184 0.879296 0.968929 0.785609 0.813261 0.645324 0.686012 0.435089 0.497806 0.585860 0.463921 0.737434 0.844846 0.917916 0.923891 0.949570 0.821123 0.830526 0.741981 0.684378 0.671363 0.906111 0.859242 0.935583 0.779052 0.855536 0.848381 0.979423 0.910025 0.648151 0.703088 0.908828 0.828428 0.904448 0.901742 0.897509 0.664592 0.933296 0.976443 0.920785 0.744636 0.839157 0.809223
0.961890 0.868497 0.898009 0.950431 0.961737 0.850301 0.985932 0.887099 0.932655 0.728805 0.892941 0.909330 0.801126 0.882536 0.860619 0.943227 0.830412 0.860391 0.940930 0.944079 0.000000 0.992089 0.824138 0.752642 0.797998 0.859332 0.921726 0.978727 0.872139 0.900284 0.953046 0.886173 0.990029 0.826773 0.957489 0.904352 0.894573 0.746587 0.939941 0.962782 0.988955 0.915836 0.849447 0.813280 0.886058 0.837221 0.862881 0.759201 0.813539 0.782011 0.867337 0.836352 0.886124 0.882170 0.916255 0.863784 0.791948 0.847022 0.796848 0.816863 0.991597 0.953852 0.912787 0.840685 0.883396 0.831574 0.965207 0.994583 0.877207 0.875215 0.996502 0.945703 0.974912 0.921353 0.953966 0.929545 0.944537 0.885557 0.827247 0.891579 0.879005 0.943061 0.938437 0.837240 0.803858 0.749589 0.969070 0.929474 0.924393 0.879528 0.933797 0.981323 0.929828 0.889315 0.919667 0.924042 0.923328 0.827999 0.864289 0.818601 0.913628 0.803086 0.809745 0.936856 0.970385 0.996523 0.881048 0.947641 0.966195 0.931505 0.734293 0.768653 0.869783 0.840679 0.984678 0.886022
0.779819 0.825582 0.961921 0.887243 0.931241 0.891779 0.938021 0.954080 0.897410 0.985881 0.970993 0.826465 0.807198 0.835220 0.876776 0.801600 0.983552 0.953476 0.899309 0.904334 0.992089 0.000000 0.873519 0.797023 0.961683 0.963551 0.771776 0.976626 0.941152 0.985315 0.923098 0.984172 0.969917 0.920823 0.926924 0.893381 0.920374 0.855124 0.856044 0.762418 0.976868 0.947023 0.927859 0.895521 0.953647 0.920908 0.902884 0.890475 0.970493 0.859529 0.862490 0.848740 0.913312 0.985126 0.891274 0.833454 0.868898 0.860823 0.949275 0.938570 0.999935 0.983862 0.998538 0.991356 0.931978 0.977005 0.810644 0.913604 0.889724 0.873857 0.825779 0.971788 0.826848 0.752624 0.794294 0.939307 0.935678 0.762691 0.970006 0.839862 0.882425 0.827115 0.792322 0.775909 0.854848 0.852253 0.791767 0.847402 0.870306 0.870380 0.974873 0.960181 0.979263 0.960845 0.968082 0.986231 0.826128 0.994131 0.960844 0.945178 0.975066 0.962207 0.954502 0.863256 0.924524 0.983906 0.871682 0.965409 0.976769 0.953117 0.959771 0.878343 0.900036 0.877966 0.968185 0.945437
0.771927 0.854437 0.685525 0.433941 0.844958 0.858543 0.832809 0.730218 0.735310 0.984208 0.882078 0.741995 0.497261 0.424153 0.471959 0.393777 0.858663 0.824196 0.672415 0.773985 0.824138 0.873519 0.000000 0.439982 0.670520 0.748746 0.931603 0.898929 0.861682 0.807814 0.695068 0.533379 0.656569 0.859388 0.990883 0.920841 0.847357 0.974161 0.952663 0.908740 0.921759 0.866917 0.785434 0.716435 0.927026 0.965414 0.701451 0.853841 0.800932 0.946432 0.933062 0.877171 0.875236 0.962219 0.999655 0.959295 0.831620 0.882388 0.879798 0.867661 0.663596 0.685081 0.870466 0.811967 0.580509 0.622298 0.840039 0.885249 0.801037 0.895791 0.775754 0.790686 0.721199 0.857042 0.883986 0.997812 0.849878 0.865647 0.786369 0.892481 0.880245 0.892971 0.613365 0.774206 0.586204 0.525126 0.940223 0.913658 0.710304 0.707495 0.875344 0.920554 0.995842 0.944662 0.875061 0.965179 0.902708 0.902907 0.867773 0.838097 0.944435 0.996778 0.949932 0.778831 0.691361 0.614237 0.917978 0.911012 0.783654 0.891178 0.953589 0.996027 0.878780 0.850430 0.647580 0.848530
0.889558 0.970695 0.748451 0.638835 0.934321 0.718516 0.892663 0.967175 0.877358 0.674832 0.852957 0.975259 0.613979 0.554798 0.525657 0.443959 0.864420 0.926275 0.941944 0.946132 0.752642 0.797023 0.439982 0.000000 0.489257 0.546609 0.796508 0.769211 0.869894 0.932333 0.915788 0.766261 0.914524 0.874968 0.938442 0.945565 0.895668 0.962411 0.715758 0.853942 0.932633 0.965593 0.987379 0.956739 0.812208 0.883471 0.822344 0.958348 0.764191 0.916290 0.956807 0.953546 0.964527 0.845503 0.894846 0.993107 0.971003 0.996599 0.850640 0.998309 0.918295 0.847159 0.769216 0.807680 0.486971 0.568312 0.947000 0.989945 0.883283 0.991902 0.980044 0.944868 0.928799 0.942873 0.856083 0.968419 0.977626 0.941538 0.989688 0.858893 0.957702 0.811817 0.637224 0.794703 0.446226 0.353552 0.777155 0.665434 0.557585 0.599516 0.973494 0.929158 0.979317 0.980531 0.962718 0.847260 0.875646 0.856702 0.873690 0.905863 0.838527 0.942209 0.718666 0.933214 0.871608 0.812267 0.977991 0.898295 0.938347 0.885572 0.952204 0.743434 0.904307 0.939302 0.824958 0.951003
0.862048 0.941965 0.668112 0.735830 0.823042 0.786817 0.910735 0.912931 0.873214 0.688285 0.999636 0.997379 0.757490 0.728586 0.663129 0.673556 0.959344 0.929175 0.904344 0.874148 0.797998 0.961683 0.670520 0.489257 0.000000 0.531253 0.752564 0.753696 0.937799 0.958188 0.847652 0.736382 0.897877 0.998030 0.894624 0.925500 0.767565 0.793356 0.675721 0.769804 0.859298 0.938022 0.965197 0.946613 0.818294 0.840215 0.853862 0.946564 0.783023 0.896378 0.807837 0.903610 0.850729 0.728380 0.826224 0.951139 0.896706 0.993700 0.867225 0.983486 0.940553 0.917770 0.790846 0.802261 0.545352 0.625937 0.972803 0.923695 0.707166 0.920209 0.929484 0.975165 0.790908 0.773256 0.958951 0.933870 0.975698 0.888739 0.989901 0.872208 0.973118 0.758777 0.706652 0.792382 0.526753 0.417820 0.818994 0.711012 0.696917 0.696534 0.900184 0.786353 0.853928 0.847160 0.972146 0.971887 0.951442 0.843848 0.864625 0.848359 0.807761 0.822866 0.825750 0.979789 0.969047 0.865242 0.923964 0.864916 0.931552 0.945467 0.891193 0.761158 0.918080 0.898096 0.888036 0.944791
0.867349 0.789150 0.495088 0.608029 0.958085 0.602409 0.841033 0.856012 0.544638 0.926842 0.784613 0.829031 0.914847 0.863280 0.881729 0.820175 0.620676 0.616264 0.885952 0.904050 0.859332 0.963551 0.748746 0.546609 0.531253 0.000000 0.972579 0.819834 0.699106 0.710967 0.815820 0.873202 0.871215 0.998863 0.675013 0.968829 0.767078 0.964814 0.677237 0.836515 0.950173 0.905625 0.888544 0.981337 0.903787 0.979494 0.846855 0.915780 0.840315 0.894994 0.974549 0.946023 0.894474 0.969891 0.832012 0.999769 0.786379 0.681058 0.815373 0.870580 0.791349 0.672996 0.595192 0.630521 0.439248 0.399559 0.745600 0.700580 0.937590 0.826516 0.809399 0.806412 0.780126 0.904941 0.942241 0.957195 0.963650 0.969820 0.810180 0.997142 0.738210 0.923797 0.976941 0.847623 0.693207 0.572496 0.795791 0.809415 0.780426 0.799620 0.706517 0.827276 0.723366 0.827535 0.872685 0.991205 0.752222 0.966839 0.844754 0.914972 0.893821 0.965379 0.821285 0.995505 0.851089 0.886357 0.879647 0.947631 0.920567 0.916855 0.982893 0.911978 0.992983 0.978407 0.999971 0.888009
0.846130 0.885739 0.869192 0.884470 0.856433 0.899005 0.657496 0.744805 0.848623 0.782857 0.922395 0.991090 0.879020 0.956799 0.767959 0.871833 0.964466 0.916576 0.938213 0.873389 0.921726 0.771776 0.931603 0.796508 0.752564 0.972579 0.000000 0.843575 0.981642 0.963730 0.840398 0.977394 0.808839 0.861903 0.932034 0.832290 0.996867 0.765656 0.830564 0.892822 0.925884 0.954449 0.821812 0.907878 0.704018 0.799401 0.999875 0.949311 0.893809 0.984946 0.822134 0.951995 0.769356 0.683402 0.954092 0.922185 0.836661 0.839736 0.886954 0.986707 0.781711 0.777186 0.948827 0.907279 0.915085 0.914337 0.638013 0.743409 0.796658 0.873445 0.745449 0.725925 0.915821 0.885826 0.972154 0.891009 0.927976 0.856995 0.962895 0.918038 0.963145 0.746834 0.732628 0.797867 0.774859 0.786973 0.969057 0.560655 0.891481 0.670906 0.738509 0.804517 0.758419 0.860324 0.923548 0.999983 0.941852 0.919978 0.755123 0.874679 0.705042 0.854867 0.974312 0.824218 0.898007 0.922128 0.882689 0.827971 0.913769 0.961582 0.877765 0.943185 0.833412 0.952294 0.882933 0.972582
0.940801 0.829093 0.943969 0.991333 0.913405 0.722871 0.640708 0.805260 0.904624 0.746067 0.766912 0.740194 0.995303 0.903160 0.804747 0.823342 0.797998 0.803763 0.772829 0.862079 0.978727 0.976626 0.898929 0.769211 0.753696 0.819834 0.843575 0.000000 0.682182 0.778803 0.823788 0.857041 0.750381 0.748315 0.851167 0.859655 0.906443 0.967235 0.885054 0.970082 0.999160 0.932811 0.781963 0.768566 0.648315 0.669255 0.845625 0.812729 0.704048 0.791849 0.755184 0.818386 0.861275 0.784735 0.987208 0.941533 0.855857 0.824885 0.662474 0.748259 0.708637 0.853623 0.633121 0.692706 0.807247 0.883311 0.678739 0.760662 0.951045 0.963370 0.890255 0.885317 0.901503 0.907492 0.832239 0.903231 0.768594 0.879284 0.821045 0.818733 0.777475 0.901049 0.948901 0.997423 0.880000 0.766881 0.842132 0.798154 0.878662 0.842809 0.938772 0.950883 0.906916 0.977839 0.899907 0.957339 0.830828 0.733763 0.748013 0.754468 0.804265 0.667614 0.640808 0.704001 0.819169 0.907047 0.957931 0.812305 0.918198 0.812091 0.910650 0.850808 0.808858 0.824678 0.940753 0.979295
0.544165 0.559649 0.941463 0.961876 0.961857 0.739874 0.812418 0.811770 0.950653 0.737531 0.370083 0.474498 0.765613 0.730369 0.881260 0.823329 0.327713 0.338688 0.461164 0.440705 0.872139 0.941152 0.861682 0.869894 0.937799 0.699106 0.981642 0.682182 0.000000 0.297542 0.699234 0.649622 0.577414 0.529861 0.863330 0.880508 0.981080 0.748577 0.925072 0.823034 0.939942 0.820545 0.847162 0.699723 0.846722 0.743809 0.702816 0.706472 0.730563 0.713959 0.838667 0.747030 0.952301 0.969013 0.925189 0.945450 0.543209 0.508896 0.538266 0.527210 0.695832 0.884938 0.359524 0.334851 0.717222 0.764999 0.872306 0.922169 0.542617 0.696477 0.903018 0.978794 0.707549 0.679949 0.878445 0.986074 0.832759 0.706182 0.568177 0.771110 0.433008 0.704920 0.633506 0.633349 0.993406 0.905588 0.833126 0.856539 0.844635 0.968238 0.717608 0.642197 0.595283 0.638785 0.909447 0.845692 0.967978 0.723086 0.860180 0.861062 0.969039 0.945839 0.582165 0.571780 0.909703 0.825991 0.999847 0.929253 0.930116 0.764217 0.931248 0.950777 0.830787 0.801462 0.751023 0.836929
0.518343 0.609531 0.935174 0.930318 0.943298 0.822952 0.836266 0.796269 0.843344 0.778792 0.354174 0.392874 0.710897 0.671430 0.822227 0.723567 0.318804 0.344171 0.515747 0.428704 0.900284 0.985315 0.807814 0.932333 0.958188 0.710967 0.963730 0.778803 0.297542 0.000000 0.616237 0.633221 0.583410 0.520335 0.901657 0.913542 0.968777 0.785269 0.970434 0.814712 0.971675 0.819357 0.899507 0.748023 0.938576 0.819360 0.697973 0.724777 0.819856 0.800184 0.900251 0.801886 0.987586 0.972092 0.962135 0.960069 0.627307 0.568356 0.559436 0.552876 0.679552 0.832678 0.334106 0.296732 0.690480 0.805739 0.883440 0.868366 0.504737 0.643291 0.885126 0.998800 0.715126 0.645355 0.823717 0.982885 0.857505 0.614709 0.551272 0.751488 0.410180 0.708436 0.614487 0.644839 0.966526 0.940996 0.815316 0.862648 0.832430 0.917094 0.652463 0.556748 0.518542 0.529198 0.966840 0.770599 0.930965 0.695981 0.947315 0.921645 0.969803 0.995879 0.650449 0.551879 0.883291 0.706482 0.949762 0.987388 0.846612 0.767556 0.993871 0.978160 0.958995 0.875777 0.675479 0.761464
0.925043 0.971821 0.620833 0.523989 0.820414 0.922603 0.485631 0.487017 0.628541 0.619531 0.623902 0.650693 0.823625 0.779524 0.889746 0.802408 0.795403 0.847146 0.688299 0.808721 0.953046 0.923098 0.695068 0.915788 0.847652 0.815820 0.840398 0.823788 0.699234 0.616237 0.000000 0.409521 0.440614 0.442405 0.862704 0.750208 0.857006 0.932008 0.873380 0.997056 0.916331 0.875929 0.686202 0.666258 0.682449 0.693144 0.654562 0.656155 0.963062 0.932475 0.851689 0.903849 0.811379 0.775722 0.957712 0.959116 0.984768 0.926844 0.699488 0.755013 0.443096 0.514530 0.670711 0.623329 0.952480 0.715469 0.494821 0.477040 0.861752 0.931372 0.650776 0.708390 0.665732 0.705212 0.875983 0.906241 0.702060 0.548817 0.762414 0.946991 0.843346 0.899019 0.876523 0.943131 0.911443 0.989956 0.873737 0.803579 0.982010 0.849029 0.893596 0.901477 0.989830 0.895617 0.942550 0.684084 0.853052 0.645271 0.672049 0.709943 0.534851 0.839948 0.868553 0.557941 0.622573 0.626828 0.830011 0.702535 0.756544 0.863729 0.859760 0.869660 0.804207 0.883792 0.680348 0.940219
0.852974 0.867772 0.706576 0.520225 0.846483 0.995898 0.652152 0.630886 0.729406 0.750990 0.677944 0.682967 0.792301 0.679791 0.734478 0.672047 0.765158 0.792456 0.593547 0.746965 0.886173 0.984172 0.533379 0.766261 0.736382 0.873202 0.977394 0.857041 0.649622 0.633221 0.409521 0.000000 0.507260 0.625441 0.903630 0.906900 0.849179 0.821103 0.891526 0.882631 0.947375 0.908011 0.662480 0.614788 0.790079 0.723424 0.648789 0.707436 0.936214 0.909036 0.837700 0.839837 0.857287 0.831411 0.988856 0.975130 0.825573 0.949549 0.752468 0.790011 0.623962 0.671642 0.722774 0.672201 0.903249 0.787610 0.698513 0.651180 0.791901 0.997791 0.755671 0.824340 0.791121 0.816181 0.935107 0.994565 0.764133 0.607982 0.737068 0.841533 0.803825 0.995661 0.719154 0.842554 0.922927 0.844520 0.959051 0.868176 0.964331 0.913597 0.965543 0.796108 0.904481 0.935843 0.974508 0.774187 0.893200 0.833037 0.739402 0.804106 0.736907 0.773784 0.808104 0.714160 0.660410 0.641591 0.864657 0.745021 0.763488 0.757935 0.870777 0.916799 0.771857 0.871016 0.596849 0.917542
0.712855 0.736944 0.618150 0.581931 0.947227 0.942303 0.427771 0.451424 0.635649 0.629601 0.564756 0.534759 0.680972 0.613869 0.851991 0.736380 0.620159 0.669630 0.489005 0.630295 0.990029 0.969917 0.656569 0.914524 0.897877 0.871215 0.808839 0.750381 0.577414 0.583410 0.440614 0.507260 0.000000 0.413822 0.869550 0.751534 0.746719 0.857372 0.945688 0.923021 0.863073 0.769144 0.536413 0.519121 0.539924 0.550143 0.488957 0.610338 0.762213 0.713592 0.660484 0.676509 0.677280 0.672547 0.933719 0.992670 0.745036 0.779001 0.588031 0.668365 0.376342 0.482765 0.551105 0.505032 0.919200 0.779860 0.495809 0.513363 0.768360 0.827312 0.615927 0.645332 0.598389 0.755683 0.824509 0.945518 0.716974 0.588690 0.671912 0.740329 0.624207 0.832080 0.750209 0.853435 0.869535 0.903908 0.944889 0.800791 0.964083 0.956403 0.825002 0.985764 0.956262 0.932436 0.750997 0.761692 0.815323 0.623670 0.512115 0.630009 0.683975 0.687959 0.694743 0.431317 0.750677 0.764814 0.979992 0.702310 0.827696 0.718970 0.674136 0.776952 0.672428 0.667746 0.576694 0.997112
0.703879 0.655944 0.670257 0.638252 0.982910 0.939515 0.413213 0.387684 0.697256 0.555445 0.465221 0.513900 0.868393 0.826820 0.931448 0.869784 0.560963 0.624277 0.497360 0.578571 0.826773 0.920823 0.859388 0.874968 0.998030 0.998863 0.861903 0.748315 0.529861 0.520335 0.442405 0.625441 0.413822 0.000000 0.884755 0.786355 0.828382 0.788264 0.941562 0.955461 0.927223 0.856224 0.533913 0.490170 0.553930 0.488235 0.479694 0.454663 0.716351 0.638912 0.690881 0.681437 0.793357 0.779658 0.991150 0.987548 0.689760 0.724282 0.432124 0.469933 0.407880 0.503455 0.499098 0.436734 0.951125 0.824537 0.484832 0.442537 0.772165 0.788566 0.772692 0.804082 0.755615 0.777245 0.918069 0.913040 0.688720 0.583615 0.626481 0.772664 0.643311 0.928650 0.847853 0.894771 0.887167 0.913192 0.777116 0.718438 0.884941 0.827880 0.992975 0.889792 0.922805 0.741610 0.827161 0.802292 0.893753 0.562884 0.593779 0.577417 0.562407 0.881387 0.569229 0.501667 0.702915 0.728182 0.957089 0.654078 0.884560 0.670868 0.740705 0.774230 0.652412 0.733047 0.636211 0.843188
0.964173 0.950415 0.757565 0.783036 0.858235 0.877340 0.780336 0.869940 0.681974 0.872474 0.968183 0.915176 0.852385 0.884299 0.941209 0.993203 0.862001 0.847866 0.962230 0.938217 0.957489 0.926924 0.990883 0.938442 0.894624 0.675013 0.932034 0.851167 0.863330 0.901657 0.862704 0.903630 0.869550 0.884755 0.000000 0.979053 0.998533 0.979750 0.870278 0.905945 0.972900 0.958229 0.810744 0.885004 0.757539 0.766019 0.792640 0.800772 0.899196 0.843588 0.896468 0.926426 0.823133 0.848829 0.766053 0.866362 0.938350 0.872695 0.937165 0.915118 0.857666 0.787750 0.909181 0.919136 0.757614 0.824805 0.671245 0.637701 0.964080 0.915119 0.884365 0.885070 0.905976 0.815190 0.858749 0.966480 0.904547 0.861188 0.972933 0.946833 0.943587 0.997606 0.969138 0.911472 0.928225 0.918521 0.993678 0.976719 0.802355 0.938042 0.795969 0.815951 0.789929 0.806928 0.894438 0.938219 0.738866 0.729795 0.765080 0.846510 0.936450 0.876239 0.840069 0.920253 0.929952 0.858039 0.800702 0.838885 0.893421 0.943226 0.899568 0.921979 0.735732 0.938924 0.847508 0.945408
0.975047 0.924978 0.833499 0.800306 0.925029 0.991259 0.684940 0.781925 0.849689 0.880606 0.955836 0.950185 0.983879 0.931878 0.985876 0.990140 0.927469 0.932248 0.948294 0.953578 0.904352 0.893381 0.920841 0.945565 0.925500 0.968829 0.832290 0.859655 0.880508 0.913542 0.750208 0.906900 0.751534 0.786355 0.979053 0.000000 0.928378 0.816712 0.871787 0.917297 0.890673 0.988330 0.797508 0.750985 0.736965 0.776151 0.844186 0.962886 0.840443 0.846051 0.847252 0.893137 0.759983 0.842562 0.969121 0.918500 0.970363 0.952128 0.766505 0.884697 0.746289 0.832680 0.881377 0.871779 0.932183 0.901271 0.679976 0.748939 0.871918 0.899123 0.851598 0.954147 0.998792 0.916479 0.953748 0.833937 0.803794 0.686362 0.886391 0.948982 0.914384 0.976288 0.981427 0.839098 0.993353 0.981997 0.800348 0.891481 0.870651 0.957288 0.840278 0.796223 0.872568 0.899718 0.884817 0.925043 0.977290 0.889022 0.841519 0.726223 0.780184 0.880812 0.881413 0.826710 0.867147 0.944735 0.905020 0.906607 0.993256 0.987127 0.805671 0.847209 0.911035 0.897045 0.802078 0.882573
0.722265 0.839319 0.781460 0.712775 0.922342 0.841870 0.916732 0.733971 0.764511 0.721311 0.882249 0.696924 0.821361 0.762522 0.851928 0.820415 0.919317 0.956654 0.693482 0.676872 0.894573 0.920374 0.847357 0.895668 0.767565 0.767078 0.996867 0.906443 0.981080 0.968777 0.857006 0.849179 0.746719 0.828382 0.998533 0.928378 0.000000 0.667391 0.787449 0.771945 0.611247 0.777338 0.672192 0.726793 0.868282 0.820062 0.683974 0.703255 0.829739 0.877511 0.882005 0.888251 0.897950 0.853121 0.712542 0.900844 0.814984 0.858808 0.982788 0.993840 0.843423 0.643852 0.891978 0.939690 0.909715 0.796851 0.951058 0.828240 0.652946 0.752551 0.716507 0.648669 0.747958 0.857078 0.915019 0.997568 0.739965 0.866076 0.931134 0.860135 0.885807 0.808216 0.867594 0.861176 0.807573 0.831461 0.847962 0.941633 0.890611 0.842511 0.855447 0.919209 0.941669 0.993329 0.979495 0.951386 0.760774 0.992624 0.712206 0.739749 0.901960 0.816515 0.864186 0.875039 0.857808 0.927701 0.847024 0.748465 0.808318 0.789803 0.901120 0.866941 0.974854 0.906558 0.948199 0.996870
0.605648 0.584194 0.984453 0.955676 0.917167 0.842944 0.952868 0.935675 0.955133 0.788970 0.704538 0.639892 0.904320 0.818051 0.960942 0.852600 0.718142 0.678426 0.632195 0.539663 0.746587 0.855124 0.974161 0.962411 0.793356 0.964814 0.765656 0.967235 0.748577 0.785269 0.932008 0.821103 0.857372 0.788264 0.979750 0.816712 0.667391 0.000000 0.788024 0.578352 0.779566 0.760725 0.793497 0.774682 0.926779 0.828304 0.673326 0.632293 0.722963 0.702547 0.844761 0.808470 0.914271 0.997564 0.790309 0.708528 0.550084 0.625947 0.931631 0.824386 0.980500 0.893534 0.896854 0.796958 0.895566 0.897486 0.831586 0.959137 0.598812 0.662124 0.973734 0.870705 0.936356 0.914232 0.893397 0.993688 0.955100 0.927999 0.829326 0.923733 0.641504 0.635972 0.746608 0.533729 0.856636 0.948893 0.970278 0.887666 0.961139 0.826379 0.909908 0.868190 0.815831 0.815086 0.928128 0.845580 0.927628 0.882622 0.900457 0.896973 0.960138 0.958215 0.651092 0.915482 0.958655 0.932893 0.925913 0.976316 0.886141 0.737387 0.856548 0.839736 0.993674 0.743273 0.996881 0.990091
