0.000000 0.335399 0.757995 0.896293 0.871634 0.687378 0.763705 0.592403 0.795654 0.681365 0.524155 0.468034 0.739927 0.677394 0.922432 0.840663 0.362489 0.372439 0.494732 0.405441 0.925976 0.851609 0.590587 0.752330 0.739838 0.740528 0.907531 0.938815 0.535387 0.535439 0.905629 0.762087 0.584698 0.551125 0.984589 0.888919 0.902646 0.940936 0.886745 0.962012 0.877104 0.824923 0.567333 0.487639 0.537575 0.527653 0.684449 0.601082 0.593623 0.521577 0.722757 0.716068 0.873664 0.888775 0.970417 0.780441 0.316174 0.423242 0.555643 0.948281 0.642308 0.763161 0.476587 0.415143 0.671199 0.896547 0.751123 0.782064 0.696934 0.593031 0.830398 0.782929 0.811027 0.705491 0.960385 0.727717 0.662524 0.760919 0.765293 0.716265 0.465365 0.563191 0.819966 0.773064 0.796274 0.832285 0.947471 0.692236 0.795257 0.933818 0.579917 0.720235 0.685224 0.893127 0.758413 0.813481 0.752789 0.792005 0.462238 0.501616 0.648265 0.770155 0.436882 0.554616 0.838493 0.797317 0.928120 0.864527 0.936960 0.913265 0.824594 0.646022 0.694190 0.836411 0.848158 0.961267
0.335399 0.000000 0.618000 0.780420 0.859589 0.759673 0.925741 0.727272 0.936290 0.709986 0.688461 0.453236 0.964971 0.791416 0.839664 0.869046 0.324851 0.299984 0.625192 0.521445 0.950938 0.814917 0.613602 0.762887 0.809081 0.725218 0.974534 0.874658 0.548783 0.430530 0.891448 0.828175 0.626304 0.609898 0.889198 0.941090 0.896705 0.830265 0.921576 0.884489 0.841946 0.788804 0.653816 0.575537 0.573303 0.503534 0.828041 0.672845 0.607446 0.534835 0.784108 0.724327 0.977440 0.953685 0.951847 0.713194 0.250873 0.274986 0.707915 0.882128 0.810079 0.706276 0.610605 0.360787 0.630800 0.907769 0.793149 0.811661 0.708905 0.548773 0.846304 0.857608 0.866539 0.743327 0.915009 0.759531 0.727167 0.740088 0.611547 0.588546 0.345769 0.498444 0.782456 0.724416 0.723113 0.886500 0.786814 0.730040 0.765389 0.957451 0.687493 0.839902 0.720954 0.943931 0.737332 0.844381 0.674894 0.868425 0.550035 0.653937 0.740432 0.817929 0.487232 0.632444 0.868446 0.905754 0.971645 0.958698 0.869571 0.892161 0.756769 0.604167 0.717046 0.912980 0.858492 0.902052
0.757995 0.618000 0.000000 0.365399 0.905339 0.930154 0.619520 0.766917 0.730676 0.900771 0.954174 0.672660 0.749189 0.882472 0.720607 0.827786 0.617911 0.571414 0.827209 0.931774 0.998530 0.969709 0.523111 0.729105 0.763325 0.654085 0.915117 0.895463 0.873092 0.644482 0.539289 0.694416 0.775784 0.859171 0.731660 0.824571 0.914557 0.940448 0.812686 0.984062 0.997885 0.721586 0.846848 0.923331 0.922579 0.819193 0.801452 0.873206 0.763107 0.894717 0.996272 0.965789 0.830045 0.743812 0.854622 0.887087 0.640561 0.532418 0.825459 0.786754 0.739256 0.988035 0.871580 0.534704 0.414026 0.526892 0.688670 0.743165 0.803312 0.783330 0.827458 0.883365 0.884979 0.892761 0.997824 0.898463 0.789404 0.796657 0.781466 0.742230 0.512210 0.530621 0.823530 0.597880 0.713835 0.901469 0.876252 0.988476 0.847173 0.964877 0.880283 0.691255 0.987720 0.627780 0.946737 0.975137 0.773960 0.973858 0.958583 0.931301 0.962752 0.734733 0.873497 0.893326 0.921733 0.798510 0.942704 0.750738 0.852243 0.937676 0.968028 0.869125 0.962931 0.991128 0.996256 0.815508
0.896293 0.780420 0.365399 0.000000 0.986586 0.938833 0.746799 0.770938 0.824778 0.765819 0.997610 0.777468 0.776143 0.755175 0.794223 0.928630 0.727399 0.707889 0.792815 0.924467 0.995480 0.983902 0.503642 0.553952 0.640414 0.628053 0.822963 0.720199 0.926766 0.724009 0.489863 0.639965 0.748571 0.856976 0.648129 0.859417 0.805519 0.974035 0.787092 0.975851 0.935890 0.834282 0.840243 0.899758 0.821965 0.738713 0.830291 0.885736 0.638200 0.881703 0.929950 0.969833 0.894973 0.776985 0.754311 0.989379 0.782083 0.675475 0.812831 0.847523 0.871168 0.971853 0.905243 0.617068 0.452961 0.500199 0.692693 0.753901 0.922516 0.877399 0.811623 0.794090 0.728215 0.765176 0.911721 0.852469 0.798347 0.844951 0.944086 0.827240 0.711445 0.723113 0.984303 0.756248 0.715346 0.740609 0.969846 0.989562 0.861783 0.860490 0.903049 0.778951 0.917294 0.682337 0.883577 0.907592 0.800383 0.948669 0.932077 0.985873 0.893437 0.712235 0.922554 0.988918 0.834938 0.795575 0.920136 0.808114 0.789728 0.908468 0.956304 0.781687 0.915596 0.842036 0.976529 0.776258
0.871634 0.859589 0.905339 0.986586 0.000000 0.767745 0.790440 0.839134 0.944175 0.765816 0.761876 0.789617 0.812688 0.813696 0.947577 0.989659 0.978307 0.868338 0.730769 0.706787 0.846031 0.941714 0.894580 0.991126 0.924220 0.797555 0.914152 0.895857 0.917387 0.898994 0.909472 0.786867 0.712109 0.789715 0.834647 0.812397 0.992333 0.911686 0.860008 0.866003 0.991257 0.895223 0.864187 0.888736 0.822774 0.831583 0.918850 0.797040 0.954047 0.927249 0.906806 0.960073 0.894122 0.913534 0.866325 0.976424 0.889043 0.875633 0.852845 0.883042 0.789324 0.936604 0.810121 0.944250 0.975659 0.932152 0.711152 0.739925 0.989026 0.948295 0.829316 0.927575 0.884857 0.806178 0.934430 0.858171 0.853864 0.778648 0.926608 0.993870 0.896859 0.824497 0.992356 0.943375 0.879709 0.924554 0.922739 0.923371 0.941994 0.778855 0.826673 0.769943 0.857331 0.814728 0.935660 0.967404 0.949797 0.972188 0.833207 0.843431 0.945631 0.906877 0.887657 0.930511 0.949015 0.991424 0.877725 0.972504 0.984330 0.910975 0.812019 0.911242 0.916346 0.912959 0.861105 0.884514
0.687378 0.759673 0.930154 0.938833 0.767745 0.000000 0.652777 0.624108 0.660218 0.545131 0.618852 0.629345 0.731604 0.816957 0.961582 0.810340 0.712594 0.699233 0.658378 0.736113 0.959564 0.969925 0.788401 0.821962 0.744595 0.722142 0.788640 0.998146 0.733899 0.717896 0.934592 0.800224 0.813134 0.664572 0.824459 0.854751 0.975600 0.973989 0.978374 0.867956 0.942641 0.875244 0.668069 0.640180 0.634101 0.637148 0.926273 0.722428 0.759447 0.824956 0.884403 0.897606 0.896063 0.814694 0.769878 0.991347 0.680411 0.863711 0.823886 0.981284 0.702877 0.852508 0.740804 0.768222 0.727783 0.887588 0.826478 0.796401 0.985233 0.928438 0.838366 0.776112 0.845622 0.779415 0.902977 0.690380 0.714495 0.782198 0.765723 0.845816 0.913314 0.822288 0.926095 0.994642 0.782974 0.766524 0.953117 0.950850 0.914621 0.681803 0.692499 0.762935 0.727781 0.806486 0.952210 0.949106 0.742471 0.829629 0.579415 0.690451 0.702626 0.720736 0.717391 0.722360 0.980453 0.896276 0.597192 0.938143 0.905542 0.985026 0.906302 0.778516 0.806589 0.755446 0.983511 0.755636
0.763705 0.925741 0.619520 0.746799 0.790440 0.652777 0.000000 0.329608 0.585850 0.474205 0.412585 0.753661 0.502679 0.694042 0.888311 0.930159 0.878651 0.888133 0.440243 0.738037 0.837495 0.897627 0.948905 0.786105 0.612459 0.763664 0.650548 0.830308 0.700654 0.808963 0.847981 0.695715 0.578230 0.468766 0.926452 0.978334 0.971891 0.829907 0.986814 0.928786 0.958046 0.743083 0.539472 0.554924 0.446530 0.564230 0.654859 0.551491 0.690905 0.735530 0.658877 0.666873 0.633429 0.537259 0.885137 0.955154 0.886164 0.915019 0.500143 0.777709 0.351926 0.732555 0.596174 0.905546 0.935390 0.857493 0.513143 0.503224 0.838446 0.996271 0.685663 0.775690 0.861744 0.736440 0.986635 0.704480 0.556771 0.669375 0.944422 0.998393 0.835722 0.848119 0.806634 0.819982 0.899188 0.714974 0.991252 0.759784 0.974797 0.686483 0.442614 0.384698 0.681991 0.528110 0.791264 0.854364 0.839613 0.798031 0.516953 0.487261 0.567873 0.508210 0.765640 0.697790 0.985258 0.710060 0.780057 0.720730 0.866880 0.977035 0.737026 0.772254 0.579729 0.850350 0.973329 0.958502
0.592403 0.727272 0.766917 0.770938 0.839134 0.624108 0.329608 0.000000 0.554886 0.460968 0.375216 0.539833 0.506589 0.513175 0.928217 0.898784 0.680009 0.705654 0.329463 0.604633 0.749857 0.875341 0.843974 0.755415 0.624880 0.764717 0.657195 0.871403 0.536418 0.605249 0.880926 0.643334 0.533808 0.442618 0.869018 0.877445 0.944141 0.897631 0.940368 0.948186 0.964217 0.891340 0.415297 0.435073 0.425794 0.495366 0.669517 0.465816 0.586594 0.640394 0.598991 0.616587 0.618177 0.555209 0.859257 0.885435 0.693136 0.904199 0.519745 0.756297 0.410914 0.624719 0.559025 0.719311 0.847705 0.893445 0.661758 0.566794 0.968973 0.924057 0.717998 0.780617 0.811597 0.731400 0.959095 0.712009 0.580980 0.723361 0.915783 0.849506 0.991751 0.956424 0.849764 0.926017 0.683415 0.623033 0.907147 0.695229 0.873488 0.752591 0.376665 0.437054 0.694310 0.627602 0.745709 0.827099 0.828773 0.736273 0.451467 0.442985 0.486864 0.453598 0.592314 0.571162 0.976223 0.687263 0.791349 0.764179 0.895043 0.980730 0.793681 0.716571 0.577646 0.783904 0.879007 0.933762
0.795654 0.936290 0.730676 0.824778 0.944175 0.660218 0.585850 0.554886 0.000000 0.693807 0.666029 0.822317 0.721774 0.783171 0.890357 0.788854 0.884393 0.905529 0.713223 0.826173 0.809734 0.950901 0.938493 0.892298 0.910050 0.914530 0.908896 0.972461 0.820441 0.920153 0.797415 0.781648 0.747316 0.705893 0.910841 0.793707 0.787059 0.914647 0.917673 0.936191 0.979692 0.892451 0.657830 0.698682 0.662825 0.739226 0.702168 0.719008 0.743923 0.650218 0.626812 0.634895 0.593850 0.550843 0.854691 0.921805 0.884495 0.992623 0.721264 0.690178 0.550343 0.632275 0.967245 0.938113 0.864611 0.764468 0.904164 0.886620 0.965464 0.907981 0.819540 0.868806 0.929130 0.860738 0.946978 0.848567 0.656224 0.820495 0.883993 0.995730 0.850226 0.806408 0.865474 0.925021 0.878706 0.713559 0.993779 0.902789 0.989785 0.850715 0.679786 0.731936 0.894638 0.767909 0.893130 0.998201 0.944296 0.887444 0.664465 0.696714 0.755893 0.795284 0.783491 0.920356 0.946429 0.703286 0.756802 0.839764 0.902262 0.959670 0.919261 0.872417 0.800951 0.889258 0.867386 0.974602
0.681365 0.709986 0.900771 0.765819 0.765816 0.545131 0.474205 0.460968 0.693807 0.000000 0.430462 0.574282 0.654067 0.735084 0.962441 0.888686 0.619580 0.604457 0.533610 0.739879 0.771508 0.879199 0.588263 0.523132 0.412680 0.474052 0.623968 0.733560 0.548727 0.551069 0.850090 0.877506 0.808051 0.563205 0.659011 0.844810 0.871339 0.848452 0.874107 0.861262 0.910392 0.854798 0.554516 0.542977 0.335707 0.342409 0.831047 0.579945 0.413759 0.637814 0.632808 0.755070 0.780243 0.760401 0.668857 0.931453 0.651966 0.810427 0.742214 0.914314 0.537652 0.728088 0.567335 0.621081 0.530398 0.773675 0.817660 0.766589 0.857705 0.966719 0.761895 0.836576 0.953918 0.881657 0.927834 0.758757 0.634129 0.788256 0.938563 0.872896 0.936911 0.980594 0.809343 0.985701 0.586952 0.506426 0.995177 0.828568 0.752333 0.536425 0.471203 0.538152 0.730224 0.796722 0.771710 0.939858 0.733265 0.736605 0.455074 0.463792 0.582859 0.707110 0.611276 0.627582 0.870699 0.937882 0.853638 0.852668 0.988467 0.942638 0.671512 0.534479 0.563089 0.782132 0.931869 0.909872
0.524155 0.688461 0.954174 0.997610 0.761876 0.618852 0.412585 0.375216 0.666029 0.430462 0.000000 0.533317 0.477694 0.563015 0.964216 0.953286 0.585744 0.598621 0.380079 0.517436 0.799251 0.871149 0.670072 0.638636 0.461734 0.600722 0.621864 0.823985 0.457844 0.598549 0.961927 0.771723 0.614363 0.459489 0.905690 0.867256 0.993386 0.785012 0.955162 0.986303 0.994998 0.941646 0.526618 0.483172 0.415902 0.462302 0.675927 0.539368 0.515248 0.616135 0.630657 0.710243 0.700106 0.726555 0.870692 0.862570 0.622100 0.800745 0.497109 0.884693 0.403038 0.767337 0.423245 0.622403 0.664291 0.899823 0.667142 0.633107 0.989386 0.873277 0.693808 0.752322 0.837077 0.706104 0.956421 0.659574 0.669822 0.691755 0.969657 0.902053 0.866484 0.858914 0.896522 0.966965 0.738266 0.683692 0.924600 0.792872 0.838603 0.663298 0.437088 0.482899 0.697801 0.738620 0.775170 0.843009 0.764555 0.809032 0.436737 0.393737 0.501436 0.661580 0.574246 0.557429 0.943860 0.800966 0.890045 0.753008 0.922190 0.955913 0.793269 0.653832 0.543250 0.862612 0.935293 0.928349
0.468034 0.453236 0.672660 0.777468 0.789617 0.629345 0.753661 0.539833 0.822317 0.574282 0.533317 0.000000 0.777334 0.613604 0.845653 0.680605 0.457828 0.413429 0.585798 0.538386 0.820630 0.853750 0.570614 0.679175 0.581623 0.599893 0.674144 0.811602 0.498639 0.397387 0.850951 0.864272 0.690125 0.635215 0.759634 0.863173 0.843328 0.989396 0.991037 0.997768 0.844597 0.865958 0.673647 0.612389 0.526115 0.496593 0.788090 0.555443 0.485213 0.602044 0.673304 0.688089 0.790168 0.817594 0.794014 0.860329 0.465902 0.521296 0.663464 0.831616 0.673634 0.602971 0.543181 0.385626 0.517844 0.836839 0.935513 0.813272 0.765923 0.614713 0.975304 0.942949 0.867507 0.776376 0.945481 0.806272 0.811672 0.955426 0.747830 0.691033 0.571019 0.603261 0.927168 0.666764 0.614291 0.695976 0.851957 0.783547 0.819189 0.826622 0.675410 0.865541 0.894968 0.998201 0.623784 0.815600 0.770126 0.828367 0.580741 0.696847 0.631222 0.778026 0.600217 0.611102 0.865866 0.899116 0.829844 0.982601 0.939272 0.874988 0.832015 0.781167 0.697066 0.788228 0.859957 0.856474
0.739927 0.964971 0.749189 0.776143 0.812688 0.731604 0.502679 0.506589 0.721774 0.654067 0.477694 0.777334 0.000000 0.436483 0.652102 0.787269 0.917044 0.900475 0.517176 0.669495 0.869162 0.947153 0.954846 0.988184 0.720872 0.795576 0.788386 0.968139 0.725203 0.813780 0.908784 0.765918 0.735347 0.651127 0.911318 0.866998 0.913895 0.714171 0.918105 0.953600 0.842451 0.834366 0.521199 0.531306 0.716654 0.701549 0.605326 0.626025 0.815151 0.855219 0.822734 0.941013 0.812846 0.821311 0.859820 0.994745 0.896634 0.887141 0.626585 0.916138 0.610486 0.938565 0.546051 0.941628 0.913113 0.881143 0.770481 0.869431 0.916645 0.958189 0.672901 0.659331 0.853570 0.795612 0.923017 0.670842 0.731090 0.799995 0.939716 0.930928 0.873948 0.882169 0.986661 0.877149 0.960644 0.867965 0.929793 0.969876 0.943328 0.709626 0.470353 0.493666 0.674088 0.681679 0.856595 0.810812 0.946597 0.875463 0.592422 0.549914 0.631456 0.680179 0.696006 0.639879 0.974454 0.906289 0.874057 0.732653 0.804707 0.960638 0.846907 0.883667 0.716793 0.754526 0.995690 0.939929
0.677394 0.791416 0.882472 0.755175 0.813696 0.816957 0.694042 0.513175 0.783171 0.735084 0.563015 0.613604 0.436483 0.000000 0.740047 0.641342 0.768297 0.757784 0.495652 0.535798 0.809256 0.912502 0.929710 0.952439 0.836652 0.812713 0.841712 0.957897 0.594867 0.656076 0.844277 0.742082 0.691155 0.611497 0.929943 0.881912 0.883429 0.855465 0.999418 0.969475 0.903245 0.998162 0.515730 0.544430 0.767441 0.744290 0.701073 0.582756 0.848962 0.847533 0.843725 0.883369 0.865074 0.848825 0.902800 0.976783 0.779376 0.942841 0.738275 0.977725 0.754760 0.936472 0.615003 0.830055 0.936562 0.984708 0.862273 0.886748 0.956035 0.877154 0.793488 0.787651 0.864462 0.736289 0.960220 0.649259 0.745816 0.901947 0.932946 0.979081 0.937426 0.973412 0.972071 0.942751 0.847391 0.954122 0.974410 0.923691 0.994664 0.818523 0.510729 0.660295 0.779509 0.859806 0.835833 0.740626 0.968413 0.852376 0.622974 0.613310 0.620183 0.716213 0.731823 0.733731 0.987394 0.928357 0.905699 0.798640 0.805978 0.901086 0.884732 0.853614 0.697205 0.887911 0.880404 0.940857
0.922432 0.839664 0.720607 0.794223 0.947577 0.961582 0.888311 0.928217 0.890357 0.962441 0.964216 0.845653 0.652102 0.740047 0.000000 0.675450 0.826781 0.816769 0.988425 0.943022 0.798835 0.931140 0.880932 0.793643 0.882462 0.850151 0.828178 0.726849 0.971538 0.908972 0.869303 0.867699 0.906988 0.943277 0.926350 0.907769 0.887784 0.775070 0.935311 0.963252 0.877547 0.920453 0.720653 0.810983 0.938741 0.983023 0.741100 0.867866 0.961946 0.904008 0.953184 0.906211 0.980491 0.962486 0.934373 0.749642 0.906733 0.801281 0.987104 0.823466 0.937998 0.877163 0.976741 0.807642 0.717740 0.935823 0.913323 0.818966 0.830501 0.824966 0.889758 0.915535 0.807341 0.843957 0.920004 0.934469 0.862258 0.937419 0.825172 0.774125 0.748374 0.695337 0.917279 0.813194 0.844680 0.952825 0.760478 0.988375 0.887258 0.929692 0.877762 0.870143 0.987676 0.920143 0.969128 0.912529 0.888823 0.937509 0.916188 0.895206 0.948891 0.971637 0.976422 0.961416 0.977968 0.990610 0.970555 0.724338 0.916684 0.932086 0.900795 0.904810 0.989691 0.888241 0.987540 0.907367
0.840663 0.869046 0.827786 0.928630 0.989659 0.810340 0.930159 0.898784 0.788854 0.888686 0.953286 0.680605 0.787269 0.641342 0.675450 0.000000 0.883350 0.873254 0.967570 0.820732 0.917011 0.990881 0.852445 0.913574 0.988333 0.987434 0.970438 0.926962 0.902654 0.764649 0.988032 0.934472 0.918081 0.960151 0.736646 0.736642 0.796197 0.971291 0.971652 0.858391 0.934439 0.868515 0.802009 0.871007 0.960409 0.876101 0.887279 0.841387 0.829551 0.929463 0.827912 0.910704 0.877064 0.930252 0.835397 0.872678 0.880784 0.878921 0.983858 0.944410 0.989721 0.856808 0.975088 0.806390 0.903193 0.917830 0.656696 0.734436 0.942039 0.928678 0.906639 0.945902 0.969958 0.997292 0.997157 0.901138 0.980031 0.840854 0.989275 0.970722 0.883039 0.878275 0.785534 0.697669 0.931084 0.988630 0.993501 0.925005 0.903695 0.916217 0.896538 0.862672 0.987453 0.806917 0.882281 0.966371 0.985383 0.942247 0.875546 0.979877 0.949208 0.958336 0.924669 0.986977 0.841497 0.912188 0.845748 0.962207 0.992779 0.995798 0.989158 0.999726 0.994156 0.889142 0.919364 0.998923
0.362489 0.324851 0.617911 0.727399 0.978307 0.712594 0.878651 0.680009 0.884393 0.619580 0.585744 0.457828 0.917044 0.768297 0.826781 0.883350 0.000000 0.269502 0.616993 0.550686 0.927255 0.813365 0.505780 0.625094 0.694804 0.648395 0.816218 0.862037 0.407960 0.374549 0.907276 0.882866 0.699946 0.604910 0.797984 0.902444 0.896242 0.867560 0.898815 0.866227 0.867623 0.847352 0.655018 0.579364 0.548785 0.531319 0.853220 0.707060 0.562030 0.549672 0.748398 0.733082 0.951946 0.947278 0.830394 0.793415 0.287756 0.345747 0.777031 0.927408 0.763398 0.696229 0.604607 0.335129 0.534950 0.840463 0.919234 0.883655 0.682136 0.566615 0.888628 0.831351 0.838685 0.758717 0.942857 0.765580 0.754818 0.867903 0.670813 0.597662 0.403042 0.575696 0.916798 0.690642 0.608548 0.767485 0.770558 0.672656 0.666855 0.909714 0.666914 0.837884 0.738336 0.964863 0.709752 0.878700 0.710396 0.896622 0.553134 0.568619 0.700362 0.850722 0.531998 0.668931 0.956056 0.977493 0.972351 0.962099 0.912714 0.929847 0.742082 0.646171 0.709858 0.894287 0.896938 0.900937
0.372439 0.299984 0.571414 0.707889 0.868338 0.699233 0.888133 0.705654 0.905529 0.604457 0.598621 0.413429 0.900475 0.757784 0.816769 0.873254 0.269502 0.000000 0.623180 0.516674 0.919826 0.925661 0.486686 0.682181 0.655693 0.574905 0.832959 0.828972 0.447014 0.365918 0.869368 0.870116 0.695254 0.623793 0.779734 0.833320 0.929839 0.927584 0.864261 0.959553 0.902970 0.838810 0.678236 0.594727 0.538949 0.490753 0.867104 0.647421 0.566237 0.553596 0.789608 0.730026 0.984838 0.985093 0.823576 0.815255 0.264170 0.320686 0.799540 0.963150 0.778863 0.722853 0.568027 0.328476 0.498247 0.795747 0.903798 0.903700 0.666558 0.531713 0.871921 0.854095 0.898883 0.739161 0.938655 0.833714 0.758614 0.795644 0.632938 0.596506 0.388970 0.532054 0.920251 0.672955 0.606789 0.760517 0.780186 0.682176 0.685034 0.908057 0.669200 0.820182 0.730586 0.993307 0.743160 0.838017 0.663000 0.940922 0.543997 0.576686 0.698404 0.889983 0.526537 0.658946 0.961389 0.999690 0.983782 0.987096 0.899432 0.937578 0.773152 0.618535 0.691103 0.877433 0.880893 0.907012
0.494732 0.625192 0.827209 0.792815 0.730769 0.658378 0.440243 0.329463 0.713223 0.533610 0.380079 0.585798 0.517176 0.495652 0.988425 0.967570 0.616993 0.623180 0.000000 0.477215 0.837961 0.903826 0.829760 0.796116 0.676119 0.699561 0.774770 0.950547 0.539706 0.615646 0.862747 0.629129 0.488419 0.403170 0.983725 0.952168 0.995918 0.832970 0.964067 0.918545 0.956869 0.970306 0.435733 0.403267 0.484563 0.534919 0.742545 0.499804 0.689174 0.620398 0.754247 0.741795 0.752798 0.741342 0.982442 0.831442 0.585048 0.794253 0.524061 0.859985 0.485060 0.835854 0.495307 0.700549 0.846496 0.970651 0.541606 0.551075 0.971450 0.822500 0.639094 0.793544 0.762879 0.632078 0.997619 0.684876 0.576451 0.645448 0.876911 0.907332 0.865524 0.928766 0.902987 0.934581 0.772027 0.755681 0.924405 0.729335 0.876774 0.791978 0.400898 0.414411 0.635249 0.646453 0.803608 0.792409 0.824756 0.766476 0.436310 0.405962 0.468210 0.525075 0.521750 0.549128 0.881887 0.787034 0.837868 0.819591 0.987790 0.968888 0.870712 0.675851 0.637901 0.869115 0.899617 0.985687
0.405441 0.521445 0.931774 0.924467 0.706787 0.736113 0.738037 0.604633 0.826173 0.739879 0.517436 0.538386 0.669495 0.535798 0.943022 0.820732 0.550686 0.516674 0.477215 0.000000 0.921016 0.931388 0.794796 0.937455 0.826098 0.766980 0.937810 0.990667 0.553795 0.651719 0.975101 0.682922 0.472283 0.530844 0.935715 0.994611 0.750094 0.951692 0.914685 0.980023 0.808434 0.828930 0.580978 0.559640 0.637370 0.688200 0.657510 0.578243 0.757330 0.641611 0.794708 0.803708 0.816100 0.916403 0.982869 0.893111 0.488454 0.585632 0.519425 0.872474 0.651854 0.841871 0.536843 0.617890 0.830453 0.979635 0.689011 0.714482 0.754091 0.626114 0.783596 0.784065 0.686223 0.625599 0.941952 0.757381 0.689348 0.767317 0.878363 0.835621 0.599928 0.644101 0.843085 0.885482 0.951982 0.990054 0.990730 0.784658 0.857245 0.941031 0.618199 0.693354 0.720076 0.907102 0.745213 0.710859 0.932700 0.843783 0.558198 0.561221 0.676490 0.847877 0.581812 0.592340 0.892199 0.842111 0.974495 0.833865 0.905583 0.935130 0.857767 0.766402 0.734911 0.888380 0.947782 0.968939
0.925976 0.950938 0.998530 0.995480 0.846031 0.959564 0.837495 0.749857 0.809734 0.771508 0.799251 0.820630 0.869162 0.809256 0.798835 0.917011 0.927255 0.919826 0.837961 0.921016 0.000000 0.937275 0.812990 0.802173 0.826423 0.924267 0.981463 0.946899 0.745766 0.887383 0.889713 0.974692 0.979816 0.984211 0.816297 0.816712 0.950716 0.923645 0.979567 0.812185 0.950454 0.937489 0.841456 0.887055 0.854547 0.866029 0.827904 0.875992 0.820594 0.885659 0.996180 0.964546 0.959658 0.990680 0.937448 0.942158 0.897558 0.971971 0.904935 0.968161 0.852456 0.791974 0.911733 0.842659 0.952317 0.978640 0.867373 0.965470 0.985152 0.964983 0.974149 0.930907 0.704776 0.885023 0.888906 0.847570 0.907032 0.955195 0.985029 0.993837 0.882086 0.846701 0.874767 0.911357 0.702126 0.620537 0.909879 0.745643 0.965891 0.962842 0.894686 0.854257 0.910976 0.952123 0.849658 0.946215 0.970773 0.861416 0.853808 0.815197 0.924842 0.909974 0.807810 0.864285 0.916937 0.906593 0.949979 0.889006 0.865533 0.898768 0.938050 0.834095 0.883284 0.916167 0.956924 0.840134
0.851609 0.814917 0.969709 0.983902 0.941714 0.969925 0.897627 0.875341 0.950901 0.879199 0.871149 0.853750 0.947153 0.912502 0.931140 0.990881 0.813365 0.925661 0.903826 0.931388 0.937275 0.000000 0.917635 0.823577 0.843671 0.968338 0.981328 0.858486 0.904056 0.886650 0.876238 0.829081 0.889431 0.934829 0.984534 0.967767 0.822237 0.919788 0.937093 0.920742 0.777243 0.927994 0.987977 0.939784 0.885140 0.904636 0.966281 0.928931 0.824136 0.874862 0.817199 0.948827 0.907801 0.910811 0.963258 0.826216 0.877698 0.855188 0.841232 0.895847 0.871010 0.824507 0.900011 0.842431 0.902710 0.955751 0.952507 0.867431 0.918970 0.886580 0.978245 0.968750 0.842937 0.992143 0.878718 0.998631 0.952283 0.975213 0.971348 0.944112 0.826774 0.885205 0.960896 0.967523 0.978843 0.919919 0.920862 0.948652 0.840357 0.910495 0.958970 0.996972 0.916408 0.946198 0.813577 0.918743 0.907082 0.999725 0.938702 0.968670 0.860616 0.898431 0.807761 0.936731 0.852578 0.979224 0.971488 0.881880 0.929086 0.843233 0.917553 0.949180 0.947722 0.953948 0.900053 0.917001
0.590587 0.613602 0.523111 0.503642 0.894580 0.788401 0.948905 0.843974 0.938493 0.588263 0.670072 0.570614 0.954846 0.929710 0.880932 0.852445 0.505780 0.486686 0.829760 0.794796 0.812990 0.917635 0.000000 0.417819 0.447620 0.599373 0.700214 0.706012 0.635629 0.599385 0.581987 0.870062 0.905262 0.868543 0.561060 0.668342 0.943173 0.956298 0.811888 0.966987 0.859509 0.950223 0.824034 0.763395 0.633067 0.569893 0.963164 0.869821 0.498601 0.693485 0.870237 0.887729 0.939806 0.884810 0.798755 0.887690 0.556754 0.631205 0.947565 0.886596 0.854961 0.859587 0.704332 0.470987 0.412257 0.555928 0.814545 0.881913 0.922444 0.785439 0.902424 0.955874 0.744133 0.885359 0.855358 0.997556 0.998755 0.962894 0.876712 0.831991 0.694066 0.761018 0.926513 0.719989 0.436332 0.514712 0.921687 0.763029 0.760322 0.838611 0.789496 0.925682 0.937867 0.854245 0.808591 0.926381 0.812797 0.896439 0.591042 0.722430 0.710996 0.946980 0.698584 0.718733 0.947152 0.980242 0.940433 0.870207 0.969430 0.940962 0.902954 0.620808 0.670989 0.972152 0.972765 0.903356
0.752330 0.762887 0.729105 0.553952 0.991126 0.821962 0.786105 0.755415 0.892298 0.523132 0.638636 0.679175 0.988184 0.952439 0.793643 0.913574 0.625094 0.682181 0.796116 0.937455 0.802173 0.823577 0.417819 0.000000 0.452157 0.676002 0.636243 0.656095 0.684089 0.696841 0.643460 0.851562 0.980266 0.879939 0.624098 0.899074 0.892989 0.939654 0.778539 0.990560 0.882090 0.956430 0.859821 0.855767 0.575109 0.547955 0.962769 0.843721 0.470707 0.657382 0.751735 0.832049 0.891332 0.961696 0.737761 0.885811 0.717377 0.745375 0.871768 0.917925 0.700950 0.729305 0.749831 0.611180 0.531218 0.739970 0.987004 0.922568 0.911081 0.863122 0.928358 0.903019 0.773480 0.807121 0.914905 0.983843 0.889839 0.916174 0.929298 0.898866 0.867543 0.948779 0.782083 0.969550 0.497190 0.440219 0.965230 0.714296 0.704098 0.720869 0.768590 0.851397 0.957808 0.947762 0.760123 0.999153 0.796637 0.876430 0.638584 0.675882 0.798297 0.885555 0.785909 0.820627 0.844448 0.915811 0.966488 0.909312 0.859119 0.991730 0.858158 0.637220 0.593750 0.939924 0.940496 0.917604
0.739838 0.809081 0.763325 0.640414 0.924220 0.744595 0.612459 0.624880 0.910050 0.412680 0.461734 0.581623 0.720872 0.836652 0.882462 0.988333 0.694804 0.655693 0.676119 0.826098 0.826423 0.843671 0.447620 0.452157 0.000000 0.466149 0.517891 0.708203 0.626836 0.636687 0.641592 0.896605 0.937373 0.716111 0.645591 0.805787 0.813701 0.764106 0.814975 0.895431 0.818903 0.946009 0.788273 0.727044 0.446637 0.459089 0.899061 0.735064 0.439038 0.731914 0.707790 0.806668 0.831008 0.887651 0.828232 0.848240 0.739772 0.866984 0.761565 0.948926 0.637866 0.888053 0.482278 0.594379 0.388237 0.563160 0.913794 0.883342 0.933515 0.927669 0.975034 0.970526 0.862443 0.973047 0.912963 0.962865 0.886150 0.835748 0.978999 0.994632 0.930888 0.914211 0.797718 0.916748 0.532167 0.519235 0.945633 0.883543 0.749083 0.668078 0.615944 0.669169 0.849794 0.866226 0.718955 0.856486 0.788903 0.861550 0.580351 0.592399 0.601543 0.862727 0.709342 0.652569 0.874726 0.950939 0.942762 0.979384 0.990413 0.910731 0.853305 0.668337 0.571439 0.854063 0.981165 0.894602
0.740528 0.725218 0.654085 0.628053 0.797555 0.722142 0.763664 0.764717 0.914530 0.474052 0.600722 0.599893 0.795576 0.812713 0.850151 0.987434 0.648395 0.574905 0.699561 0.766980 0.924267 0.968338 0.599373 0.676002 0.466149 0.000000 0.637070 0.732863 0.679607 0.559675 0.784783 0.930653 0.896012 0.750819 0.836847 0.953089 0.807199 0.777383 0.753749 0.841913 0.897731 0.947903 0.853704 0.772806 0.563982 0.560147 0.993608 0.764302 0.634071 0.790906 0.882389 0.925908 0.987378 0.979833 0.781167 0.888852 0.698947 0.741814 0.878445 0.919481 0.855922 0.962611 0.545790 0.616652 0.393597 0.544801 0.870656 0.889898 0.977273 0.895774 0.801476 0.890430 0.937169 0.848791 0.883618 0.835989 0.779206 0.897138 0.880371 0.847584 0.803649 0.734802 0.954402 0.867519 0.683940 0.767040 0.886512 0.918504 0.757983 0.762071 0.659700 0.702331 0.750752 0.934349 0.780144 0.857801 0.693494 0.864441 0.623254 0.664378 0.775265 0.858712 0.795421 0.649616 0.875490 0.859754 0.959536 0.970629 0.911153 0.881464 0.789155 0.693252 0.678454 0.852538 0.921945 0.849912
0.907531 0.974534 0.915117 0.822963 0.914152 0.788640 0.650548 0.657195 0.908896 0.623968 0.621864 0.674144 0.788386 0.841712 0.828178 0.970438 0.816218 0.832959 0.774770 0.937810 0.981463 0.981328 0.700214 0.636243 0.517891 0.637070 0.000000 0.635534 0.803213 0.686351 0.870867 0.932342 0.861623 0.790584 0.670395 0.953003 0.901841 0.899632 0.984124 0.995326 0.838264 0.906584 0.796585 0.805151 0.660771 0.721904 0.823618 0.851368 0.666172 0.914665 0.800877 0.860124 0.785697 0.846842 0.810846 0.999228 0.942998 0.998223 0.865581 0.950670 0.682078 0.893497 0.649568 0.717079 0.615724 0.761050 0.965282 0.831952 0.930246 0.970347 0.921427 0.991612 0.968686 0.976561 0.954174 0.970834 0.964942 0.953692 0.951867 0.879430 0.991341 0.927493 0.714191 0.817278 0.661070 0.679815 0.877614 0.990009 0.889961 0.792125 0.764178 0.806938 0.890827 0.985435 0.919399 0.910340 0.854314 0.984226 0.762786 0.797570 0.683684 0.820238 0.954893 0.828239 0.838043 0.905573 0.858905 0.906252 0.902905 0.966418 0.940788 0.906554 0.702073 0.921670 0.991848 0.959648
0.938815 0.874658 0.895463 0.720199 0.895857 0.998146 0.830308 0.871403 0.972461 0.733560 0.823985 0.811602 0.968139 0.957897 0.726849 0.926962 0.862037 0.828972 0.950547 0.990667 0.946899 0.858486 0.706012 0.656095 0.708203 0.732863 0.635534 0.000000 0.916328 0.760731 0.702161 0.869785 0.921826 0.906733 0.700863 0.945418 0.965054 0.932201 0.921575 0.988275 0.990661 0.991412 0.982791 0.967968 0.743335 0.753993 0.965443 0.972291 0.702850 0.862976 0.849177 0.870738 0.947401 0.951173 0.804466 0.940907 0.961664 0.902703 0.953121 0.802893 0.792531 0.730923 0.808264 0.748798 0.735652 0.935054 0.981471 0.839396 0.921849 0.985529 0.952569 0.915366 0.833661 0.955512 0.870542 0.969100 0.934126 0.968758 0.953215 0.776309 0.895169 0.857749 0.762056 0.906547 0.789742 0.767124 0.810244 0.864753 0.903378 0.845344 0.917451 0.932853 0.992555 0.848117 0.792034 0.894819 0.933209 0.965011 0.878271 0.915880 0.988391 0.993245 0.991290 0.971101 0.956130 0.930367 0.989133 0.827598 0.988553 0.892511 0.825079 0.797411 0.838868 0.950504 0.961138 0.991772
0.535387 0.548783 0.873092 0.926766 0.917387 0.733899 0.700654 0.536418 0.820441 0.548727 0.457844 0.498639 0.725203 0.594867 0.971538 0.902654 0.407960 0.447014 0.539706 0.553795 0.745766 0.904056 0.635629 0.684089 0.626836 0.679607 0.803213 0.916328 0.000000 0.436243 0.985439 0.891836 0.696815 0.623641 0.821732 0.850603 0.931513 0.980744 0.958081 0.866062 0.952929 0.999233 0.566848 0.551637 0.535058 0.544354 0.748708 0.615378 0.580418 0.631990 0.711660 0.737928 0.892512 0.877303 0.844596 0.821609 0.479317 0.618815 0.718199 0.890597 0.676155 0.726285 0.563810 0.513358 0.656183 0.886712 0.889630 0.846346 0.819251 0.674069 0.902247 0.875141 0.823048 0.753288 0.951198 0.762237 0.723292 0.831054 0.782657 0.800695 0.660322 0.810902 0.960025 0.802852 0.669567 0.756380 0.896529 0.688492 0.739337 0.786094 0.605071 0.758497 0.786726 0.969485 0.699796 0.757111 0.872477 0.838522 0.559265 0.522715 0.649386 0.775848 0.538559 0.679246 0.984276 0.966395 0.940745 0.802284 0.949238 0.942796 0.690173 0.747752 0.655963 0.781051 0.878142 0.855727
0.535439 0.430530 0.644482 0.724009 0.898994 0.717896 0.808963 0.605249 0.920153 0.551069 0.598549 0.397387 0.813780 0.656076 0.908972 0.764649 0.374549 0.365918 0.615646 0.651719 0.887383 0.886650 0.599385 0.696841 0.636687 0.559675 0.686351 0.760731 0.436243 0.000000 0.895617 0.912597 0.718830 0.675523 0.628937 0.803259 0.982894 0.989142 0.970984 0.907205 0.980920 0.926915 0.651585 0.599439 0.551400 0.492561 0.930267 0.653890 0.550599 0.663570 0.707295 0.734963 0.910720 0.866748 0.794286 0.816882 0.422245 0.471683 0.816669 0.865396 0.742885 0.695328 0.547599 0.374471 0.497608 0.795695 0.987338 0.893403 0.729934 0.700688 0.928865 0.903390 0.904883 0.816750 0.962790 0.811059 0.855664 0.937667 0.650625 0.531233 0.497646 0.613954 0.932240 0.680533 0.578812 0.759248 0.832984 0.808869 0.782180 0.843217 0.654742 0.831793 0.767697 0.953119 0.736943 0.874950 0.686892 0.901257 0.587087 0.665473 0.698640 0.779947 0.604585 0.707127 0.906648 0.987771 0.904886 0.986303 0.928465 0.879762 0.752923 0.727253 0.764059 0.756031 0.912881 0.903925
0.905629 0.891448 0.539289 0.489863 0.909472 0.934592 0.847981 0.880926 0.797415 0.850090 0.961927 0.850951 0.908784 0.844277 0.869303 0.988032 0.907276 0.869368 0.862747 0.975101 0.889713 0.876238 0.581987 0.643460 0.641592 0.784783 0.870867 0.702161 0.985439 0.895617 0.000000 0.635419 0.755075 0.844465 0.721733 0.937511 0.866522 0.997686 0.721246 0.952371 0.849773 0.787845 0.860806 0.914353 0.901499 0.840028 0.999223 0.925985 0.731881 0.899948 0.946394 0.986851 0.922500 0.833863 0.870937 0.965335 0.912568 0.845028 0.985900 0.907419 0.943917 0.968982 0.811907 0.727588 0.577367 0.605725 0.807989 0.818514 0.993278 0.987922 0.639626 0.667468 0.708904 0.633740 0.788995 0.709305 0.781897 0.887415 0.999112 0.992004 0.892760 0.854472 0.985074 0.898449 0.750131 0.717437 0.852263 0.999572 0.852238 0.998938 0.935295 0.869079 0.827161 0.813463 0.807588 0.974016 0.969934 0.958754 0.947471 0.955066 0.876742 0.802814 0.949975 0.928091 0.950385 0.869841 0.966415 0.757521 0.987524 0.974394 0.961307 0.850797 0.909058 0.901162 0.967103 0.887939
0.762087 0.828175 0.694416 0.639965 0.786867 0.800224 0.695715 0.643334 0.781648 0.877506 0.771723 0.864272 0.765918 0.742082 0.867699 0.934472 0.882866 0.870116 0.629129 0.682922 0.974692 0.829081 0.870062 0.851562 0.896605 0.930653 0.932342 0.869785 0.891836 0.912597 0.635419 0.000000 0.647266 0.640305 0.838207 0.939338 0.798684 0.867631 0.767517 0.915546 0.831923 0.958774 0.728003 0.737489 0.792171 0.810006 0.762935 0.600996 0.954646 0.725311 0.804606 0.703500 0.775135 0.703439 0.836562 0.931049 0.787466 0.878246 0.663550 0.780362 0.687137 0.803091 0.830492 0.937457 0.843109 0.728223 0.631241 0.684198 0.976777 0.983068 0.710448 0.741958 0.781021 0.610954 0.985750 0.715381 0.595074 0.591222 0.871430 0.848760 0.972989 0.942519 0.862571 0.958085 0.972299 0.928707 0.989369 0.889735 0.995896 0.870058 0.652778 0.652503 0.722268 0.643317 0.878858 0.956957 0.913799 0.819755 0.811568 0.753357 0.855546 0.753171 0.858912 0.739989 0.820201 0.757956 0.930448 0.704926 0.980873 0.965490 0.878877 0.850536 0.896490 0.889616 0.958348 0.953283
0.584698 0.626304 0.775784 0.748571 0.712109 0.813134 0.578230 0.533808 0.747316 0.808051 0.614363 0.690125 0.735347 0.691155 0.906988 0.918081 0.699946 0.695254 0.488419 0.472283 0.979816 0.889431 0.905262 0.980266 0.937373 0.896012 0.861623 0.921826 0.696815 0.718830 0.755075 0.647266 0.000000 0.465945 0.855644 0.856686 0.809937 0.866748 0.927426 0.982888 0.814079 0.994294 0.602876 0.646337 0.611490 0.710722 0.695798 0.629021 0.868163 0.696286 0.747724 0.738336 0.753949 0.714341 0.953326 0.856243 0.642110 0.747558 0.451047 0.649309 0.534547 0.727938 0.616242 0.738610 0.980548 0.715306 0.456503 0.472211 0.806268 0.736391 0.671920 0.791052 0.662345 0.598536 0.883238 0.739808 0.639535 0.680247 0.800891 0.792197 0.739466 0.789445 0.963382 0.944623 0.969347 0.938379 0.940088 0.794748 0.828647 0.870325 0.628272 0.615166 0.749661 0.715649 0.803766 0.813808 0.817385 0.991157 0.667599 0.666590 0.662732 0.642579 0.653035 0.737604 0.861431 0.807120 0.993392 0.840147 0.855118 0.872190 0.866627 0.900313 0.758540 0.849631 0.961661 0.890529
0.551125 0.609898 0.859171 0.856976 0.789715 0.664572 0.468766 0.442618 0.705893 0.563205 0.459489 0.635215 0.651127 0.611497 0.943277 0.960151 0.604910 0.623793 0.403170 0.530844 0.984211 0.934829 0.868543 0.879939 0.716111 0.750819 0.790584 0.906733 0.623641 0.675523 0.844465 0.640305 0.465945 0.000000 0.986706 0.916968 0.860301 0.979325 0.897458 0.931385 0.908968 0.886639 0.579137 0.534305 0.441637 0.536489 0.679715 0.549421 0.654159 0.580691 0.630941 0.587785 0.706761 0.604198 0.993228 0.904902 0.588573 0.760900 0.491781 0.749676 0.453733 0.718208 0.526557 0.674391 0.869904 0.836651 0.483388 0.450241 0.823781 0.788275 0.677836 0.765037 0.717224 0.585581 0.848033 0.532190 0.605399 0.584887 0.872236 0.829405 0.821945 0.825328 0.996092 0.944468 0.906663 0.911636 0.936467 0.864212 0.895577 0.825878 0.499693 0.541046 0.679059 0.668675 0.791542 0.808342 0.761034 0.803598 0.512284 0.549042 0.545974 0.669157 0.646736 0.644646 0.835037 0.771362 0.836583 0.754733 0.919153 0.934349 0.836531 0.644895 0.594340 0.899366 0.918648 0.997563
0.984589 0.889198 0.731660 0.648129 0.834647 0.824459 0.926452 0.869018 0.910841 0.659011 0.905690 0.759634 0.911318 0.929943 0.926350 0.736646 0.797984 0.779734 0.983725 0.935715 0.816297 0.984534 0.561060 0.624098 0.645591 0.836847 0.670395 0.700863 0.821732 0.628937 0.721733 0.838207 0.855644 0.986706 0.000000 0.753789 0.899500 0.995051 0.968148 0.954383 0.833027 0.989114 0.846830 0.864519 0.762199 0.683905 0.973724 0.911317 0.672367 0.860504 0.809304 0.871234 0.910647 0.972846 0.720724 0.919246 0.841767 0.904522 0.913714 0.945861 0.901374 0.777271 0.874195 0.741293 0.646922 0.752650 0.704083 0.794866 0.992991 0.922951 0.858888 0.992499 0.791235 0.843651 0.997058 0.995173 0.874514 0.997745 0.808674 0.818576 0.961270 0.962290 0.926631 0.816798 0.571471 0.616947 0.959187 0.895123 0.904661 0.843594 0.883893 0.995457 0.894511 0.859964 0.858495 0.938932 0.870747 0.922770 0.787831 0.900517 0.805775 0.975249 0.894624 0.894745 0.873982 0.980843 0.929275 0.934995 0.978860 0.964738 0.919316 0.716500 0.728715 0.758765 0.998876 0.865122
0.888919 0.941090 0.824571 0.859417 0.812397 0.854751 0.978334 0.877445 0.793707 0.844810 0.867256 0.863173 0.866998 0.881912 0.907769 0.736642 0.902444 0.833320 0.952168 0.994611 0.816712 0.967767 0.668342 0.899074 0.805787 0.953089 0.953003 0.945418 0.850603 0.803259 0.937511 0.939338 0.856686 0.916968 0.753789 0.000000 0.988659 0.806364 0.928309 0.935328 0.776495 0.995384 0.818188 0.840918 0.973222 0.888154 0.866917 0.965033 0.877529 0.973354 0.989816 0.949384 0.861255 0.959030 0.805276 0.945006 0.856309 0.994127 0.870293 0.781165 0.941396 0.938866 0.970109 0.922787 0.801243 0.721886 0.638587 0.674973 0.962875 0.991114 0.935727 0.953631 0.877090 0.861643 0.840666 0.997180 0.916578 0.949229 0.983363 0.911759 0.988600 0.950583 0.864942 0.948411 0.639335 0.639741 0.990274 0.901910 0.987437 0.914020 0.865624 0.920857 0.982646 0.972424 0.907296 0.965051 0.876947 0.998518 0.791816 0.874999 0.754401 0.986961 0.792613 0.937508 0.821648 0.923356 0.956960 0.946734 0.935170 0.920666 0.932510 0.931874 0.953381 0.916290 0.979942 0.878765
0.902646 0.896705 0.914557 0.805519 0.992333 0.975600 0.971891 0.944141 0.787059 0.871339 0.993386 0.843328 0.913895 0.883429 0.887784 0.796197 0.896242 0.929839 0.995918 0.750094 0.950716 0.822237 0.943173 0.892989 0.813701 0.807199 0.901841 0.965054 0.931513 0.982894 0.866522 0.798684 0.809937 0.860301 0.899500 0.988659 0.000000 0.853270 0.867078 0.738653 0.723495 0.786248 0.973950 0.926879 0.961300 0.859476 0.892609 0.966694 0.995283 0.836122 0.795726 0.798176 0.787311 0.795245 0.866201 0.993634 0.906695 0.854367 0.814936 0.689652 0.895137 0.710031 0.879462 0.943282 0.821101 0.680880 0.997250 0.854488 0.819309 0.798990 0.935388 0.972598 0.782305 0.866437 0.969445 0.848558 0.950187 0.993191 0.929875 0.894559 0.863311 0.876290 0.860923 0.811445 0.932848 0.904755 0.907786 0.991956 0.885583 0.820997 0.916047 0.858030 0.921028 0.944829 0.708612 0.935127 0.934789 0.897547 0.973336 0.876260 0.935342 0.906610 0.981249 0.886526 0.919561 0.888288 0.995072 0.976403 0.800951 0.983433 0.966644 0.882206 0.941023 0.974563 0.975692 0.892072
0.940936 0.830265 0.940448 0.974035 0.911686 0.973989 0.829907 0.897631 0.914647 0.848452 0.785012 0.989396 0.714171 0.855465 0.775070 0.971291 0.867560 0.927584 0.832970 0.951692 0.923645 0.919788 0.956298 0.939654 0.764106 0.777383 0.899632 0.932201 0.980744 0.989142 0.997686 0.867631 0.866748 0.979325 0.995051 0.806364 0.853270 0.000000 0.901136 0.872074 0.892141 0.989221 0.938953 0.902587 0.993370 0.988875 0.995211 0.930040 0.991258 0.878190 0.947151 0.913907 0.961925 0.982347 0.994265 0.853002 0.901990 0.829247 0.984264 0.675581 0.972256 0.755601 0.836759 0.896152 0.912249 0.709841 0.996881 0.921829 0.788473 0.874185 0.803249 0.904081 0.957184 0.948932 0.817634 0.999240 0.945595 0.908786 0.879244 0.849008 0.808671 0.806002 0.863195 0.854791 0.927614 0.861739 0.966783 0.922918 0.872457 0.984992 0.787196 0.695755 0.859485 0.843543 0.975003 0.927920 0.890272 0.922917 0.887664 0.793461 0.918517 0.878624 0.987341 0.879810 0.792743 0.951641 0.972584 0.829991 0.987316 0.993353 0.957172 0.964987 0.973083 0.956283 0.848218 0.974768
