0.000000 0.294216 0.450732 0.392248 0.757486 0.723255 0.408915 0.327098 0.620224 0.569941 0.369053 0.278722 0.297778 0.449980 0.494117 0.520357 0.296535 0.300042 0.299903 0.271678 0.689328 0.774939 0.558242 0.590099 0.870728 0.721123 0.916006 0.952202 0.360792 0.298654 0.474027 0.553609 0.374774 0.344374 0.768128 0.750724 0.731449 0.723625 0.789193 0.847076 0.941476 0.858650 0.390040 0.374254 0.362485 0.306550 0.329321 0.360640 0.635951 0.337498 0.326161 0.363843 0.504679 0.498319 0.552884 0.645527 0.398299 0.353949 0.264728 0.309077 0.266511 0.345764 0.278530 0.299856 0.516959 0.366679 0.363413 0.290398 0.516300 0.414530 0.575537 0.545801 0.499970 0.449989 0.832439 0.731702 0.567770 0.536288 0.378144 0.416032 0.254813 0.298699 0.495659 0.493705 0.460481 0.451250 0.944755 0.684368 0.642757 0.604586 0.638537 0.729990 0.655898 0.865551 0.622391 0.617396 0.567702 0.719675 0.400686 0.414702 0.606844 0.763489 0.544825 0.592451 0.529254 0.639550 0.965481 0.741445 0.704676 0.668702 0.851210 0.508410 0.467369 0.649768 0.673399 0.928036
0.294216 0.000000 0.583354 0.504206 0.791577 0.852083 0.508545 0.369633 0.748633 0.588891 0.441984 0.326233 0.423683 0.450380 0.606539 0.590897 0.287240 0.311878 0.344382 0.330156 0.724146 0.776744 0.697788 0.707816 0.974640 0.813067 0.792919 0.968393 0.312894 0.321536 0.546245 0.653584 0.423712 0.404044 0.888837 0.678897 0.730121 0.729995 0.838312 0.737069 0.973240 0.614778 0.420278 0.399736 0.420378 0.405049 0.455441 0.396977 0.635917 0.452592 0.373693 0.414136 0.648747 0.512154 0.713813 0.740194 0.308112 0.254785 0.304052 0.345091 0.368255 0.394228 0.339412 0.256021 0.657762 0.483387 0.462794 0.353554 0.528873 0.319556 0.639600 0.534716 0.562060 0.530857 0.977257 0.708591 0.615457 0.485243 0.524038 0.540199 0.320035 0.394353 0.549606 0.502105 0.605894 0.562335 0.980584 0.885792 0.727741 0.652860 0.744055 0.749626 0.691933 0.828917 0.562844 0.743208 0.685442 0.512900 0.453583 0.441943 0.647712 0.781562 0.609836 0.518944 0.518060 0.649086 0.965680 0.760162 0.887736 0.723209 0.800045 0.487339 0.593378 0.623927 0.703974 0.852338
0.450732 0.583354 0.000000 0.204324 0.745178 0.717261 0.270983 0.353115 0.508567 0.639287 0.532316 0.549782 0.414476 0.668403 0.507259 0.578998 0.633463 0.541413 0.428977 0.496515 0.650320 0.752873 0.387754 0.396018 0.506717 0.425333 0.965711 0.934847 0.637478 0.562928 0.336398 0.388100 0.356508 0.451298 0.743289 0.915514 0.674206 0.919193 0.602246 0.894702 0.864942 0.951598 0.372909 0.390852 0.414120 0.447933 0.364331 0.468910 0.756265 0.565909 0.561138 0.538181 0.618066 0.584818 0.530613 0.664622 0.773746 0.767327 0.543950 0.589661 0.326438 0.443466 0.674261 0.703716 0.266266 0.246511 0.331347 0.309004 0.579203 0.604972 0.500703 0.632728 0.449610 0.492574 0.929158 0.849874 0.635129 0.672837 0.577413 0.581173 0.460056 0.368711 0.601138 0.591540 0.419760 0.347022 0.936775 0.662451 0.688071 0.564396 0.615150 0.729628 0.649968 0.750708 0.590617 0.701373 0.540060 0.741364 0.562452 0.518406 0.699219 0.713537 0.794304 0.657425 0.497766 0.677009 0.855612 0.841395 0.807046 0.854825 0.860762 0.590022 0.603434 0.845743 0.677097 0.905393
0.392248 0.504206 0.204324 0.000000 0.734251 0.650545 0.246738 0.265580 0.464941 0.587683 0.560673 0.446425 0.381404 0.531786 0.423320 0.450614 0.555264 0.472011 0.378943 0.473073 0.530699 0.678151 0.327557 0.363865 0.579728 0.418082 0.990983 0.917041 0.503045 0.462990 0.272009 0.331010 0.266300 0.310810 0.673263 0.866851 0.638963 0.909271 0.669643 0.956362 0.923639 0.840587 0.295718 0.292641 0.336727 0.369207 0.293086 0.421297 0.715822 0.534218 0.500380 0.434740 0.590714 0.538955 0.516219 0.662801 0.686972 0.685146 0.452911 0.519258 0.275703 0.354650 0.583946 0.579896 0.260134 0.198345 0.257913 0.236910 0.583210 0.540280 0.406542 0.513208 0.412549 0.460905 0.823926 0.791402 0.542290 0.604429 0.497899 0.534687 0.387567 0.310661 0.516076 0.426691 0.349299 0.279083 0.986863 0.696856 0.707256 0.506816 0.507350 0.643669 0.532785 0.664621 0.580640 0.685668 0.517095 0.664417 0.464330 0.417144 0.612944 0.687458 0.709961 0.551268 0.427296 0.606174 0.837688 0.851949 0.886037 0.876002 0.808676 0.486701 0.519048 0.707148 0.601853 0.935402
0.757486 0.791577 0.745178 0.734251 0.000000 0.722973 0.677648 0.680803 0.898494 0.851666 0.826380 0.749074 0.649601 0.840545 0.718895 0.691590 0.813227 0.847631 0.708119 0.828264 0.713258 0.718645 0.658819 0.720944 0.978703 0.918447 0.752860 0.826884 0.739342 0.781244 0.770053 0.915768 0.719169 0.713088 0.926995 0.996981 0.974483 0.854544 0.821221 0.919279 0.884062 0.847664 0.795420 0.757453 0.707627 0.691249 0.649203 0.693484 0.921345 0.749058 0.739694 0.699511 0.837156 0.602488 0.771132 0.757305 0.932088 0.944919 0.763295 0.777152 0.644117 0.695658 0.741489 0.812172 0.731070 0.664082 0.647772 0.706095 0.927326 0.815483 0.582565 0.718478 0.763682 0.823915 0.996473 0.819529 0.823928 0.940917 0.956017 0.876552 0.658193 0.676892 0.704156 0.761713 0.637208 0.662522 0.845960 0.923318 0.882825 0.851725 0.810254 0.819876 0.789151 0.925252 0.937930 0.882657 0.856001 0.925651 0.813882 0.748834 0.880471 0.902281 0.883508 0.875203 0.723691 0.812471 0.918448 0.964067 0.841850 0.990877 0.999100 0.831941 0.781837 0.819816 0.849613 0.958083
0.723255 0.852083 0.717261 0.650545 0.722973 0.000000 0.542313 0.596259 0.625882 0.656145 0.740319 0.720118 0.629283 0.822174 0.725568 0.628632 0.797345 0.759365 0.716582 0.799917 0.713413 0.970167 0.657269 0.712370 0.962484 0.912386 0.868303 0.830825 0.749617 0.792271 0.699813 0.771180 0.711134 0.680112 0.672484 0.972315 0.933221 0.751395 0.946230 0.774425 0.965745 0.987688 0.639397 0.651384 0.589118 0.624813 0.601659 0.611531 0.967133 0.831177 0.845456 0.741688 0.782119 0.756638 0.840947 0.911413 0.990280 0.981282 0.771863 0.793750 0.641807 0.708405 0.748179 0.848616 0.776059 0.636754 0.544391 0.678596 0.807213 0.802335 0.684731 0.604271 0.795956 0.888688 0.751294 0.828968 0.680739 0.793161 0.711255 0.810651 0.641877 0.603277 0.830567 0.660894 0.695064 0.688848 0.976159 0.873648 0.985225 0.833061 0.591310 0.687861 0.577869 0.700933 0.683808 0.749536 0.658818 0.912457 0.736849 0.689315 0.739025 0.660824 0.821317 0.785147 0.614868 0.844962 0.855783 0.936866 0.907277 0.973225 0.806056 0.717079 0.718822 0.734183 0.738596 0.870794
0.408915 0.508545 0.270983 0.246738 0.677648 0.542313 0.000000 0.197210 0.429619 0.406958 0.414446 0.459762 0.373595 0.606693 0.517407 0.554336 0.401342 0.335265 0.270093 0.428318 0.609321 0.661785 0.468613 0.535224 0.799202 0.671201 0.981702 0.901646 0.474334 0.429788 0.444397 0.384490 0.300596 0.284392 0.792821 0.863655 0.753203 0.989087 0.859708 0.897619 0.988301 0.840548 0.257286 0.231179 0.271013 0.329048 0.328452 0.368509 0.787649 0.619224 0.538144 0.548913 0.697405 0.520446 0.610110 0.770282 0.554086 0.642762 0.443595 0.634292 0.300312 0.493977 0.489499 0.553916 0.421032 0.312987 0.192544 0.245722 0.570119 0.589733 0.413893 0.476032 0.527320 0.542288 0.886409 0.725490 0.478414 0.545128 0.493583 0.532883 0.335908 0.302419 0.556932 0.537746 0.455449 0.432730 0.906581 0.762154 0.791989 0.736006 0.400363 0.432984 0.434553 0.478933 0.509128 0.638216 0.488612 0.652301 0.413253 0.349191 0.562489 0.493238 0.617469 0.443836 0.439883 0.570890 0.782647 0.801599 0.808870 0.822428 0.737868 0.441132 0.427863 0.652994 0.646743 0.932343
0.327098 0.369633 0.353115 0.265580 0.680803 0.596259 0.197210 0.000000 0.519343 0.344683 0.425788 0.312438 0.316582 0.449523 0.437249 0.466008 0.332212 0.290599 0.312259 0.369139 0.632389 0.682023 0.473336 0.523719 0.871099 0.724573 0.873504 0.896454 0.371313 0.332812 0.472017 0.423218 0.275942 0.256372 0.808329 0.865118 0.752233 0.888523 0.836626 0.894995 0.998067 0.744965 0.261205 0.244840 0.256722 0.286934 0.329525 0.355838 0.654709 0.530259 0.450982 0.447791 0.641039 0.517638 0.606619 0.757837 0.445632 0.475675 0.326585 0.473940 0.239232 0.317410 0.399858 0.357642 0.439598 0.274854 0.220539 0.233572 0.644031 0.453123 0.461726 0.509638 0.565059 0.576822 0.901238 0.697108 0.525153 0.473418 0.419333 0.583806 0.296437 0.330211 0.524144 0.477627 0.446004 0.413085 0.976017 0.800316 0.779011 0.623333 0.431726 0.496050 0.420401 0.604875 0.449452 0.573956 0.485707 0.572153 0.335530 0.269924 0.483538 0.587920 0.549568 0.432692 0.394300 0.502319 0.824365 0.741904 0.846279 0.725470 0.733373 0.372808 0.394302 0.614087 0.646202 0.883082
0.620224 0.748633 0.508567 0.464941 0.898494 0.625882 0.429619 0.519343 0.000000 0.615322 0.730144 0.664708 0.582892 0.709862 0.625781 0.568347 0.691423 0.683873 0.586622 0.631441 0.729335 0.756921 0.510474 0.568539 0.740166 0.681117 0.871192 0.973181 0.708439 0.656728 0.543552 0.423240 0.545537 0.521907 0.769754 0.946561 0.755212 0.881383 0.779546 0.896217 0.803040 0.819201 0.470808 0.463202 0.466031 0.511368 0.445791 0.543624 0.773661 0.666871 0.539097 0.571706 0.600280 0.585585 0.708167 0.718796 0.809480 0.896732 0.583593 0.772317 0.512317 0.679676 0.686973 0.772383 0.523834 0.513287 0.401109 0.513181 0.667696 0.736707 0.559594 0.698374 0.611323 0.662760 0.862561 0.764670 0.660232 0.631839 0.700057 0.594910 0.595507 0.584385 0.676233 0.739306 0.582519 0.554530 0.801620 0.714128 0.807270 0.737421 0.527936 0.611680 0.506089 0.642638 0.592811 0.656653 0.552060 0.703815 0.497581 0.544439 0.610021 0.630947 0.710658 0.656154 0.617823 0.621868 0.988296 0.792539 0.964072 0.962951 0.763414 0.653326 0.613847 0.965057 0.625978 0.926764
0.569941 0.588891 0.639287 0.587683 0.851666 0.656145 0.406958 0.344683 0.615322 0.000000 0.528931 0.491984 0.580086 0.626462 0.674984 0.703553 0.414386 0.435357 0.532249 0.542010 0.816089 0.823267 0.713490 0.785137 0.899723 0.941981 0.949601 0.956026 0.530760 0.487265 0.726664 0.491457 0.468807 0.433702 0.866004 0.927588 0.897389 0.868068 0.940457 0.997298 0.916083 0.682922 0.477420 0.457487 0.447525 0.500926 0.629831 0.576048 0.718771 0.715125 0.662057 0.674951 0.830762 0.738422 0.813402 0.923940 0.529907 0.656322 0.459769 0.694333 0.528328 0.578656 0.556710 0.522974 0.724935 0.575321 0.455498 0.489156 0.730661 0.563725 0.652305 0.664970 0.814020 0.809207 0.860096 0.766867 0.649838 0.539133 0.560993 0.608680 0.488402 0.589789 0.711732 0.654203 0.731722 0.718783 0.930769 0.899849 0.952577 0.872997 0.545844 0.542717 0.540634 0.650867 0.569108 0.595267 0.537974 0.569339 0.384999 0.399775 0.530995 0.483619 0.548936 0.490605 0.700520 0.549761 0.834422 0.755141 0.979321 0.812142 0.709697 0.515874 0.563552 0.775704 0.733160 0.863135
0.369053 0.441984 0.532316 0.560673 0.826380 0.740319 0.414446 0.425788 0.730144 0.528931 0.000000 0.394017 0.455979 0.617943 0.735287 0.766931 0.335602 0.265381 0.297621 0.313992 0.743407 0.800634 0.848479 0.789442 0.918683 0.884804 0.991015 0.886791 0.457228 0.343346 0.659073 0.636091 0.554470 0.440352 0.937979 0.844557 0.896167 0.818654 0.869841 0.778836 0.965204 0.922203 0.551555 0.494594 0.536019 0.542781 0.535297 0.539605 0.908478 0.666467 0.620936 0.724339 0.804817 0.693916 0.772713 0.990216 0.389581 0.430368 0.530679 0.598389 0.442480 0.597841 0.347975 0.430274 0.731407 0.571423 0.526333 0.402919 0.617207 0.689125 0.733223 0.696916 0.722485 0.653856 0.956053 0.814505 0.683155 0.536784 0.581065 0.537806 0.372522 0.440506 0.555706 0.655988 0.773479 0.736680 0.999134 0.816824 0.911657 0.914876 0.726969 0.724743 0.763867 0.748120 0.699357 0.712274 0.756221 0.887484 0.600737 0.540261 0.676068 0.637607 0.603686 0.517340 0.689422 0.800310 0.841752 0.841450 0.962272 0.799294 0.831093 0.595594 0.599351 0.736758 0.833464 0.934469
0.278722 0.326233 0.549782 0.446425 0.749074 0.720118 0.459762 0.312438 0.664708 0.491984 0.394017 0.000000 0.265509 0.290890 0.350969 0.409093 0.326403 0.336462 0.415683 0.383740 0.649257 0.759668 0.527206 0.565505 0.995843 0.863155 0.979353 0.878855 0.299478 0.279915 0.526974 0.566855 0.398950 0.384544 0.798778 0.830693 0.788129 0.707446 0.796842 0.848129 0.972495 0.817049 0.506802 0.482595 0.381762 0.413542 0.427880 0.421979 0.649810 0.494249 0.422834 0.434711 0.675835 0.635738 0.661832 0.755803 0.444184 0.439455 0.363294 0.405144 0.258081 0.284008 0.292548 0.237228 0.564170 0.394972 0.441273 0.342552 0.724684 0.484279 0.648571 0.676913 0.603719 0.586436 0.875454 0.730893 0.607550 0.472549 0.453816 0.587043 0.351290 0.458040 0.420296 0.551345 0.498946 0.517412 0.991165 0.855996 0.743038 0.612278 0.770399 0.833453 0.718063 0.996759 0.599332 0.666212 0.671632 0.601158 0.463717 0.408340 0.648152 0.849844 0.566723 0.587665 0.536562 0.527481 0.920551 0.741627 0.852224 0.640303 0.745749 0.537496 0.587982 0.610696 0.653680 0.916838
0.297778 0.423683 0.414476 0.381404 0.649601 0.629283 0.373595 0.316582 0.582892 0.580086 0.455979 0.265509 0.000000 0.313166 0.255383 0.293005 0.398544 0.448154 0.406734 0.474121 0.645269 0.765664 0.325681 0.387784 0.846098 0.754205 0.961026 0.947000 0.395131 0.375687 0.434864 0.511492 0.399149 0.410951 0.755700 0.842742 0.687244 0.786899 0.713558 0.857155 0.934621 0.933922 0.438541 0.429150 0.369236 0.388485 0.389029 0.405662 0.752425 0.498057 0.396610 0.437712 0.569779 0.580450 0.546412 0.758223 0.548342 0.570294 0.368707 0.491330 0.191377 0.304692 0.321238 0.347988 0.364881 0.321214 0.339440 0.310551 0.720332 0.554896 0.561646 0.567707 0.552091 0.595983 0.862429 0.659263 0.590861 0.576312 0.496301 0.666172 0.334928 0.431200 0.359032 0.571175 0.352622 0.362391 0.865596 0.722104 0.671196 0.600934 0.712330 0.806202 0.631116 0.936038 0.644519 0.697032 0.655759 0.709762 0.532420 0.473453 0.682305 0.801409 0.579029 0.680540 0.450436 0.559579 0.903985 0.748197 0.696994 0.729652 0.804569 0.569443 0.580481 0.635506 0.605250 0.971957
0.449980 0.450380 0.668403 0.531786 0.840545 0.822174 0.606693 0.449523 0.709862 0.626462 0.617943 0.290890 0.313166 0.000000 0.255207 0.280349 0.496584 0.511701 0.533459 0.601804 0.676598 0.742064 0.435528 0.458267 0.913152 0.797336 0.999870 0.878450 0.382609 0.397691 0.497574 0.605483 0.481012 0.500161 0.811788 0.881224 0.695898 0.716613 0.821190 0.819272 0.997993 0.701189 0.546231 0.537290 0.563251 0.576187 0.590387 0.550419 0.737232 0.623043 0.477311 0.485482 0.701158 0.668384 0.715305 0.928580 0.567253 0.556177 0.454099 0.574078 0.379408 0.414070 0.378179 0.327417 0.528319 0.469334 0.498271 0.458468 0.973291 0.558150 0.640403 0.660795 0.719282 0.643652 0.935994 0.676767 0.556693 0.535969 0.538178 0.767553 0.528545 0.686128 0.363699 0.626876 0.496759 0.485367 0.939189 0.833764 0.799645 0.647561 0.769830 0.839515 0.643482 0.957367 0.656512 0.747254 0.832547 0.589213 0.564240 0.536250 0.661085 0.904038 0.590784 0.777072 0.511876 0.544332 0.912849 0.657570 0.838968 0.707811 0.823159 0.649214 0.676049 0.706054 0.580660 0.958433
0.494117 0.606539 0.507259 0.423320 0.718895 0.725568 0.517407 0.437249 0.625781 0.674984 0.735287 0.350969 0.255383 0.255207 0.000000 0.220069 0.625112 0.655303 0.608006 0.690623 0.661356 0.757824 0.220624 0.305282 0.698046 0.688457 0.961222 0.955255 0.487162 0.499323 0.388080 0.501950 0.442274 0.500123 0.649719 0.986683 0.647569 0.832998 0.746136 0.929930 0.947289 0.919716 0.533412 0.550767 0.484175 0.506064 0.481069 0.510918 0.722641 0.576326 0.497208 0.443157 0.616846 0.639956 0.515871 0.695044 0.796767 0.799186 0.510227 0.587706 0.299965 0.353327 0.497748 0.502079 0.343141 0.345006 0.419292 0.425144 0.950736 0.621734 0.572356 0.696975 0.552198 0.633685 0.854253 0.713696 0.575621 0.660509 0.579896 0.772431 0.516736 0.588768 0.395580 0.633819 0.294045 0.336141 0.834879 0.695688 0.725628 0.547339 0.766275 0.885721 0.657025 0.987654 0.696470 0.785257 0.730246 0.668027 0.612520 0.553545 0.714918 0.947871 0.725525 0.877072 0.453024 0.521064 0.922380 0.687950 0.791426 0.778096 0.851687 0.620528 0.672221 0.775136 0.550158 0.925143
0.520357 0.590897 0.578998 0.450614 0.691590 0.628632 0.554336 0.466008 0.568347 0.703553 0.766931 0.409093 0.293005 0.280349 0.220069 0.000000 0.648642 0.681638 0.609393 0.741974 0.619215 0.775489 0.237339 0.297004 0.726488 0.729791 0.908150 0.877527 0.518198 0.556168 0.420802 0.535032 0.471961 0.539410 0.728110 0.915356 0.751617 0.795071 0.759635 0.935528 0.937286 0.864259 0.487653 0.524726 0.512893 0.506765 0.491344 0.482595 0.811979 0.589724 0.458069 0.416896 0.565405 0.527813 0.625912 0.736077 0.805337 0.806814 0.500796 0.614514 0.348601 0.420468 0.509892 0.508752 0.411601 0.383429 0.418467 0.466526 0.885436 0.661422 0.489103 0.573756 0.579826 0.684662 0.774307 0.740054 0.591046 0.650903 0.600926 0.741785 0.530564 0.610461 0.392525 0.609643 0.357400 0.318204 0.937566 0.771644 0.790503 0.656513 0.678428 0.755168 0.548516 0.913473 0.699773 0.741153 0.778269 0.664633 0.642385 0.586758 0.739899 0.805256 0.725716 0.871426 0.455191 0.567555 0.983288 0.798050 0.851022 0.843595 0.913027 0.693789 0.698300 0.686219 0.573484 0.964001
0.296535 0.287240 0.633463 0.555264 0.813227 0.797345 0.401342 0.332212 0.691423 0.414386 0.335602 0.326403 0.398544 0.496584 0.625112 0.648642 0.000000 0.201131 0.265326 0.339184 0.734722 0.707927 0.741389 0.802034 0.887705 0.940977 0.910421 0.948154 0.275735 0.268402 0.664766 0.560683 0.421200 0.345167 0.958414 0.704035 0.825107 0.746232 0.896086 0.658059 0.842258 0.669783 0.419734 0.354070 0.394749 0.424978 0.484410 0.423963 0.750892 0.553182 0.440352 0.530300 0.705938 0.583726 0.709622 0.853272 0.198285 0.292893 0.330194 0.495797 0.409006 0.535430 0.251639 0.250171 0.718511 0.580702 0.418935 0.352165 0.579266 0.492619 0.591007 0.513343 0.690004 0.612113 0.981909 0.733362 0.546429 0.442186 0.421390 0.495442 0.286476 0.456663 0.549840 0.597264 0.651804 0.681508 0.984352 0.903952 0.795108 0.834651 0.618123 0.604212 0.626342 0.740111 0.630912 0.721003 0.679028 0.557502 0.388031 0.359797 0.699696 0.715609 0.466000 0.383682 0.593867 0.559156 0.942562 0.690923 0.889910 0.621461 0.700817 0.448066 0.522304 0.576473 0.747699 0.962267
0.300042 0.311878 0.541413 0.472011 0.847631 0.759365 0.335265 0.290599 0.683873 0.435357 0.265381 0.336462 0.448154 0.511701 0.655303 0.681638 0.201131 0.000000 0.209203 0.257923 0.745682 0.672468 0.786212 0.817645 0.919324 0.851839 0.897470 0.887295 0.263402 0.240873 0.645209 0.537423 0.374770 0.300562 0.983930 0.800431 0.798579 0.807412 0.922313 0.672981 0.989179 0.673529 0.369021 0.303160 0.388970 0.397396 0.443006 0.414991 0.746905 0.587391 0.477300 0.551736 0.739547 0.595034 0.728525 0.845834 0.239830 0.273863 0.382743 0.517237 0.374880 0.526373 0.251004 0.274287 0.688106 0.503650 0.390023 0.332141 0.603230 0.532105 0.647143 0.606104 0.689970 0.557406 0.922149 0.724809 0.562195 0.466526 0.428237 0.493681 0.301729 0.370705 0.523643 0.525589 0.662776 0.642110 0.983849 0.921039 0.862216 0.798254 0.565803 0.552616 0.600454 0.656639 0.601033 0.606120 0.671104 0.634161 0.358240 0.337954 0.606127 0.641359 0.531303 0.372914 0.540684 0.625978 0.798841 0.738348 0.924440 0.666574 0.803729 0.410848 0.442600 0.594246 0.683968 0.981488
0.299903 0.344382 0.428977 0.378943 0.708119 0.716582 0.270093 0.312259 0.586622 0.532249 0.297621 0.415683 0.406734 0.533459 0.608006 0.609393 0.265326 0.209203 0.000000 0.295586 0.684795 0.661209 0.639358 0.687509 0.894580 0.754967 0.934039 0.898861 0.357025 0.276806 0.510770 0.517217 0.382412 0.288480 0.888364 0.752265 0.755065 0.903571 0.848134 0.734117 0.985235 0.737057 0.327861 0.274033 0.370712 0.385727 0.384147 0.398062 0.780389 0.510016 0.433371 0.498786 0.671704 0.479213 0.642218 0.826742 0.375747 0.410134 0.402117 0.548991 0.345982 0.544613 0.327105 0.393583 0.545742 0.446087 0.327116 0.310942 0.497615 0.498045 0.520715 0.514665 0.560202 0.485010 0.932142 0.637486 0.555482 0.540230 0.488200 0.454113 0.286445 0.331344 0.566165 0.543115 0.554079 0.549397 0.955333 0.834036 0.846145 0.808259 0.542353 0.552555 0.579303 0.619476 0.575725 0.658208 0.677715 0.670255 0.390998 0.403409 0.661844 0.643079 0.564661 0.444186 0.508313 0.650469 0.943585 0.807099 0.808477 0.775577 0.838875 0.424176 0.502209 0.637497 0.689566 0.935070
0.271678 0.330156 0.496515 0.473073 0.828264 0.799917 0.428318 0.369139 0.631441 0.542010 0.313992 0.383740 0.474121 0.601804 0.690623 0.741974 0.339184 0.257923 0.295586 0.000000 0.775798 0.700456 0.759877 0.792302 0.976303 0.772491 0.906239 0.898835 0.381719 0.315673 0.627210 0.564736 0.421427 0.359768 0.885519 0.870620 0.825342 0.809362 0.864334 0.760186 0.874769 0.850861 0.462483 0.399032 0.465015 0.458569 0.454318 0.426323 0.712631 0.491822 0.491657 0.549292 0.674636 0.628212 0.708801 0.772030 0.373548 0.334406 0.425377 0.454928 0.402574 0.484683 0.378328 0.395180 0.644807 0.491997 0.488464 0.388837 0.491804 0.470359 0.727639 0.728953 0.593433 0.519383 0.896688 0.749715 0.660954 0.606664 0.543999 0.496514 0.394573 0.362731 0.591944 0.610824 0.698841 0.655610 0.891052 0.877397 0.771571 0.702992 0.699809 0.716057 0.748897 0.830789 0.603164 0.685453 0.673029 0.741620 0.415753 0.422060 0.566257 0.709274 0.673280 0.505374 0.621794 0.682444 0.904721 0.736346 0.833427 0.744818 0.778988 0.504224 0.550604 0.748218 0.783934 0.892574
0.689328 0.724146 0.650320 0.530699 0.713258 0.713413 0.609321 0.632389 0.729335 0.816089 0.743407 0.649257 0.645269 0.676598 0.661356 0.619215 0.734722 0.745682 0.684795 0.775798 0.000000 0.719422 0.592944 0.585366 0.882592 0.722779 0.868195 0.891678 0.734833 0.790741 0.568839 0.727373 0.597037 0.563136 0.712113 0.997855 0.766406 0.920926 0.989494 0.932739 0.884442 0.935683 0.597603 0.600431 0.663750 0.667510 0.574828 0.670786 0.969840 0.727908 0.755895 0.693327 0.759299 0.669646 0.798018 0.905227 0.849733 0.826207 0.688226 0.696338 0.629527 0.675180 0.727700 0.748981 0.623810 0.542105 0.600402 0.579701 0.912084 0.818423 0.519253 0.578159 0.649840 0.667007 0.851898 0.829150 0.657987 0.634388 0.796840 0.731807 0.682238 0.679608 0.583940 0.671422 0.654537 0.633710 0.935604 0.904743 0.885501 0.821011 0.664524 0.769363 0.583936 0.747717 0.846881 0.865022 0.797362 0.841288 0.738548 0.669181 0.778952 0.785792 0.736169 0.659354 0.602773 0.776054 0.865419 0.724047 0.994576 0.921980 0.924483 0.774200 0.800145 0.765416 0.817333 0.911414
0.774939 0.776744 0.752873 0.678151 0.718645 0.970167 0.661785 0.682023 0.756921 0.823267 0.800634 0.759668 0.765664 0.742064 0.757824 0.775489 0.707927 0.672468 0.661209 0.700456 0.719422 0.000000 0.760730 0.773296 0.992432 0.835987 0.887361 0.788171 0.606449 0.694499 0.784765 0.622459 0.593580 0.686023 0.944469 0.942885 0.970981 0.923539 0.900626 0.802771 0.990971 0.937251 0.699112 0.622707 0.698564 0.706183 0.709099 0.742923 0.797068 0.830010 0.736966 0.777089 0.894658 0.693647 0.762574 0.814752 0.739409 0.756489 0.799223 0.817728 0.679045 0.826739 0.733714 0.738134 0.748139 0.707666 0.632362 0.625104 0.891316 0.842966 0.712554 0.753038 0.836829 0.714773 0.887024 0.977812 0.736510 0.756524 0.946380 0.727949 0.734279 0.719624 0.743484 0.815025 0.752221 0.711190 0.927403 0.885560 0.792958 0.723827 0.703307 0.767696 0.781186 0.795622 0.832022 0.955166 0.904198 0.788312 0.712153 0.637049 0.826402 0.875694 0.822619 0.707748 0.879659 0.680310 0.898544 0.815169 0.920476 0.929803 0.815994 0.769967 0.752242 0.754233 0.769492 0.926143
0.558242 0.697788 0.387754 0.327557 0.658819 0.657269 0.468613 0.473336 0.510474 0.713490 0.848479 0.527206 0.325681 0.435528 0.220624 0.237339 0.741389 0.786212 0.639358 0.759877 0.592944 0.760730 0.000000 0.221773 0.471663 0.517876 0.897018 0.970840 0.622405 0.660201 0.294441 0.446882 0.388360 0.532670 0.576252 0.948901 0.636579 0.913073 0.684580 0.976671 0.945736 0.981140 0.454174 0.518644 0.470503 0.481004 0.410938 0.510653 0.750031 0.578390 0.514110 0.421594 0.544494 0.588240 0.473930 0.608072 0.939270 0.944972 0.516445 0.602702 0.327622 0.390640 0.636755 0.668175 0.234728 0.286761 0.349549 0.405035 0.829112 0.616553 0.441595 0.594872 0.472370 0.618881 0.837322 0.791312 0.552242 0.756498 0.588262 0.714287 0.518941 0.547604 0.448276 0.583627 0.220162 0.224202 0.846869 0.664117 0.667256 0.522261 0.677692 0.825316 0.579051 0.954356 0.662687 0.769321 0.649362 0.686073 0.636759 0.585244 0.790608 0.871513 0.803511 0.877884 0.453282 0.543570 0.965450 0.804506 0.740565 0.869038 0.890825 0.672174 0.683386 0.795324 0.552960 0.995777
0.590099 0.707816 0.396018 0.363865 0.720944 0.712370 0.535224 0.523719 0.568539 0.785137 0.789442 0.565505 0.387784 0.458267 0.305282 0.297004 0.802034 0.817645 0.687509 0.792302 0.585366 0.773296 0.221773 0.000000 0.494589 0.483264 0.964159 0.964503 0.642538 0.676649 0.317358 0.454680 0.509065 0.571513 0.592166 0.986933 0.727346 0.888484 0.686819 0.976120 0.964679 0.970737 0.530226 0.607433 0.559999 0.546915 0.500603 0.582477 0.761799 0.652024 0.545063 0.516583 0.564126 0.601651 0.498288 0.670628 0.976916 0.965744 0.585426 0.684142 0.391488 0.473701 0.662666 0.718085 0.312685 0.334661 0.439608 0.470337 0.906785 0.684444 0.534779 0.686522 0.535727 0.661305 0.902266 0.826114 0.661918 0.732188 0.694238 0.730338 0.527604 0.570190 0.467398 0.578198 0.305595 0.278659 0.823421 0.569481 0.716951 0.571906 0.726527 0.846595 0.650313 0.926961 0.749962 0.888686 0.739104 0.760123 0.766640 0.684210 0.752077 0.928083 0.893302 0.915510 0.549698 0.736016 0.932250 0.805346 0.823685 0.933075 0.946597 0.776501 0.736861 0.851381 0.572394 0.986406
0.870728 0.974640 0.506717 0.579728 0.978703 0.962484 0.799202 0.871099 0.740166 0.899723 0.918683 0.995843 0.846098 0.913152 0.698046 0.726488 0.887705 0.919324 0.894580 0.976303 0.882592 0.992432 0.471663 0.494589 0.000000 0.369325 0.856020 0.961807 0.959266 0.958857 0.501072 0.661605 0.755842 0.901689 0.597833 0.949411 0.702977 0.963905 0.701291 0.992154 0.882903 0.994257 0.720095 0.823080 0.879001 0.828706 0.690066 0.887971 0.905684 0.813716 0.834165 0.717143 0.675560 0.846050 0.548914 0.685939 0.789099 0.864796 0.875155 0.828563 0.771100 0.766305 0.918652 0.901631 0.460789 0.596406 0.735067 0.780897 0.809411 0.834427 0.775854 0.913095 0.565181 0.737206 0.904715 0.964736 0.846783 0.906773 0.872465 0.839737 0.857145 0.801069 0.883227 0.844849 0.515459 0.477875 0.967360 0.771007 0.814717 0.652872 0.921827 0.986785 0.850199 0.997845 0.765702 0.990105 0.858363 0.910875 0.965267 0.956810 0.862588 0.896191 0.801916 0.903009 0.692409 0.948939 0.987508 0.999204 0.874620 0.951745 0.875162 0.865015 0.891674 0.818142 0.765509 0.949406
0.721123 0.813067 0.425333 0.418082 0.918447 0.912386 0.671201 0.724573 0.681117 0.941981 0.884804 0.863155 0.754205 0.797336 0.688457 0.729791 0.940977 0.851839 0.754967 0.772491 0.722779 0.835987 0.517876 0.483264 0.369325 0.000000 0.961098 0.825026 0.808986 0.813617 0.428452 0.564423 0.544479 0.664602 0.670612 0.917909 0.597747 0.985231 0.622762 0.866911 0.878955 0.915045 0.582645 0.587907 0.655105 0.603314 0.520392 0.679793 0.703791 0.647322 0.636569 0.589736 0.564858 0.702848 0.538355 0.590882 0.987379 0.932207 0.695384 0.699893 0.626968 0.612650 0.905570 0.924028 0.369486 0.445042 0.593603 0.558680 0.737229 0.700410 0.695587 0.687803 0.508476 0.546411 0.866223 0.896528 0.628497 0.923587 0.851717 0.683582 0.739371 0.590538 0.759678 0.549922 0.484829 0.408477 0.942328 0.671379 0.667647 0.480651 0.745046 0.898076 0.802976 0.859723 0.731130 0.881609 0.683194 0.751803 0.735046 0.646754 0.826889 0.919110 0.906110 0.814403 0.604979 0.921353 0.875845 0.849344 0.957634 0.991730 0.979757 0.780354 0.707045 0.933565 0.647478 0.946643
0.916006 0.792919 0.965711 0.990983 0.752860 0.868303 0.981702 0.873504 0.871192 0.949601 0.991015 0.979353 0.961026 0.999870 0.961222 0.908150 0.910421 0.897470 0.934039 0.906239 0.868195 0.887361 0.897018 0.964159 0.856020 0.961098 0.000000 0.969272 0.888831 0.857325 0.985176 0.990544 0.963351 0.901331 0.933405 0.894045 0.990227 0.995008 0.908034 0.927501 0.919857 0.983836 0.952955 0.947261 0.898383 0.908980 0.931556 0.885493 0.839815 0.918144 0.864647 0.934930 0.997880 0.878764 0.895763 0.887646 0.809775 0.758280 0.886433 0.852276 0.914588 0.893077 0.888114 0.814020 0.976971 0.964074 0.921293 0.969395 0.982826 0.796222 0.933006 0.896473 0.968584 0.957993 0.938747 0.889380 0.890281 0.969586 0.924707 0.936650 0.894809 0.884581 0.981650 0.868298 0.983956 0.981718 0.756615 0.940587 0.849628 0.813505 0.953923 0.963536 0.984854 0.971267 0.980400 0.884024 0.997993 0.842717 0.933819 0.933452 0.913060 0.886964 0.954153 0.844783 0.935263 0.898259 0.976104 0.905300 0.929312 0.859547 0.946556 0.835617 0.847717 0.983550 0.946813 0.909763
0.952202 0.968393 0.934847 0.917041 0.826884 0.830825 0.901646 0.896454 0.973181 0.956026 0.886791 0.878855 0.947000 0.878450 0.955255 0.877527 0.948154 0.887295 0.898861 0.898835 0.891678 0.788171 0.970840 0.964503 0.961807 0.825026 0.969272 0.000000 0.902059 0.959433 0.981535 0.990583 0.861441 0.969164 0.931472 0.951704 0.898143 0.968214 0.994167 0.840086 0.953420 0.885240 0.917841 0.835507 0.980135 0.984354 0.960026 0.985003 0.924449 0.906433 0.977917 0.952038 0.986615 0.951766 0.892321 0.858917 0.950228 0.928131 0.962638 0.991100 0.942387 0.967510 0.886438 0.893042 0.977682 0.936787 0.951794 0.967197 0.972708 0.941399 0.965322 0.852944 0.926862 0.959473 0.846658 0.929078 0.742499 0.948920 0.905863 0.977066 0.975464 0.943616 0.980452 0.956442 0.992191 0.928295 0.881314 0.849154 0.947574 0.920973 0.777235 0.829422 0.903319 0.794882 0.805064 0.961370 0.905294 0.826986 0.913401 0.839698 0.973017 0.829967 0.940390 0.795383 0.848428 0.918594 0.824999 0.940843 0.875625 0.917553 0.982994 0.914132 0.964110 0.994532 0.831456 0.905815
0.360792 0.312894 0.637478 0.503045 0.739342 0.749617 0.474334 0.371313 0.708439 0.530760 0.457228 0.299478 0.395131 0.382609 0.487162 0.518198 0.275735 0.263402 0.357025 0.381719 0.734833 0.606449 0.622405 0.642538 0.959266 0.808986 0.888831 0.902059 0.000000 0.249107 0.548243 0.564491 0.402089 0.332317 0.835116 0.829523 0.710554 0.778872 0.839061 0.688918 0.986753 0.689459 0.458602 0.395828 0.408192 0.430175 0.458892 0.396577 0.638766 0.554573 0.437375 0.460138 0.674291 0.604390 0.627410 0.710152 0.351105 0.395190 0.381560 0.462898 0.339563 0.452043 0.241237 0.259073 0.628190 0.479787 0.414553 0.355393 0.729448 0.492718 0.658593 0.613123 0.650832 0.592574 0.915020 0.742704 0.528292 0.508872 0.492251 0.524351 0.311805 0.438770 0.470304 0.455529 0.517324 0.551918 0.953217 0.867452 0.770731 0.607231 0.723460 0.744564 0.697618 0.895875 0.580411 0.736567 0.758515 0.574362 0.431171 0.378229 0.636243 0.844443 0.568358 0.482506 0.544112 0.531532 0.888263 0.755065 0.879044 0.669506 0.739538 0.501925 0.536649 0.562849 0.557501 0.944203
0.298654 0.321536 0.562928 0.462990 0.781244 0.792271 0.429788 0.332812 0.656728 0.487265 0.343346 0.279915 0.375687 0.397691 0.499323 0.556168 0.268402 0.240873 0.276806 0.315673 0.790741 0.694499 0.660201 0.676649 0.958857 0.813617 0.857325 0.959433 0.249107 0.000000 0.530027 0.529326 0.403144 0.278639 0.921650 0.791546 0.770735 0.803309 0.791868 0.763929 0.913916 0.794745 0.512134 0.392273 0.407399 0.423440 0.446552 0.437640 0.715369 0.510646 0.433062 0.480608 0.620189 0.546283 0.564262 0.770018 0.376503 0.375938 0.424546 0.522808 0.324857 0.444009 0.279915 0.279724 0.630295 0.481311 0.419424 0.361699 0.613580 0.445650 0.644414 0.648115 0.633507 0.546908 0.829495 0.679465 0.681927 0.560986 0.490602 0.506453 0.315868 0.360066 0.454582 0.439368 0.591415 0.558531 0.863926 0.689888 0.766864 0.666305 0.712768 0.784060 0.747962 0.875600 0.589299 0.754276 0.700278 0.597387 0.442640 0.415377 0.603610 0.736707 0.519156 0.504328 0.632939 0.617912 0.918669 0.779946 0.918701 0.742664 0.802394 0.541916 0.539234 0.681865 0.676093 0.988124
0.474027 0.546245 0.336398 0.272009 0.770053 0.699813 0.444397 0.472017 0.543552 0.726664 0.659073 0.526974 0.434864 0.497574 0.388080 0.420802 0.664766 0.645209 0.510770 0.627210 0.568839 0.784765 0.294441 0.317358 0.501072 0.428452 0.985176 0.981535 0.548243 0.530027 0.000000 0.384582 0.370828 0.432368 0.616249 0.846629 0.570452 0.815075 0.678789 0.974529 0.990345 0.868934 0.443057 0.447277 0.483208 0.473970 0.397042 0.473737 0.765961 0.563294 0.525947 0.459874 0.563351 0.549301 0.456106 0.643475 0.813960 0.782770 0.540118 0.538407 0.344791 0.418282 0.619840 0.636225 0.296623 0.269416 0.359114 0.359852 0.627003 0.501856 0.470687 0.527564 0.390966 0.420401 0.827068 0.877161 0.613742 0.619779 0.622400 0.593633 0.462526 0.416544 0.464314 0.429596 0.332855 0.277723 0.889938 0.574081 0.641988 0.474723 0.724175 0.885755 0.668331 0.899154 0.617196 0.866513 0.613217 0.717070 0.655940 0.619484 0.698523 0.805519 0.796303 0.744330 0.560904 0.674774 0.932679 0.879434 0.904442 0.808335 0.990664 0.649196 0.661632 0.768754 0.590804 0.945908
0.553609 0.653584 0.388100 0.331010 0.915768 0.771180 0.384490 0.423218 0.423240 0.491457 0.636091 0.566855 0.511492 0.605483 0.501950 0.535032 0.560683 0.537423 0.517217 0.564736 0.727373 0.622459 0.446882 0.454680 0.661605 0.564423 0.990544 0.990583 0.564491 0.529326 0.384582 0.000000 0.371193 0.415193 0.758974 0.991929 0.707565 0.829361 0.599874 0.913123 0.932810 0.826162 0.418266 0.397940 0.461841 0.535206 0.498952 0.529440 0.795482 0.682127 0.569656 0.602364 0.657309 0.632525 0.579051 0.736860 0.690253 0.778961 0.575010 0.707742 0.423880 0.579062 0.633489 0.644531 0.418555 0.398239 0.391646 0.390062 0.641512 0.652112 0.584830 0.643074 0.554494 0.572855 0.856990 0.876737 0.646913 0.590159 0.625526 0.502715 0.529727 0.517460 0.595481 0.579220 0.511015 0.433884 0.956134 0.687760 0.770948 0.616795 0.543731 0.686525 0.605302 0.744779 0.686200 0.799348 0.643739 0.711024 0.514525 0.508104 0.664855 0.714217 0.789478 0.553989 0.634784 0.614501 0.813700 0.809468 0.971801 0.861352 0.791336 0.574969 0.606825 0.803514 0.567184 0.976782
0.374774 0.423712 0.356508 0.266300 0.719169 0.711134 0.300596 0.275942 0.545537 0.468807 0.554470 0.398950 0.399149 0.481012 0.442274 0.471961 0.421200 0.374770 0.382412 0.421427 0.597037 0.593580 0.388360 0.509065 0.755842 0.544479 0.963351 0.861441 0.402089 0.403144 0.370828 0.371193 0.000000 0.334452 0.805456 0.759262 0.715711 0.898579 0.756283 0.829443 0.879322 0.772062 0.299804 0.285055 0.345371 0.344186 0.358761 0.400217 0.688460 0.561702 0.484977 0.463348 0.614450 0.539062 0.529202 0.642697 0.552850 0.532986 0.387141 0.491230 0.308208 0.374838 0.446478 0.455937 0.404811 0.292387 0.281760 0.247017 0.613954 0.446194 0.431185 0.456616 0.502671 0.488631 0.902770 0.746426 0.448273 0.552155 0.408956 0.523744 0.325680 0.318063 0.470012 0.368992 0.379517 0.332259 0.935107 0.773635 0.694122 0.520738 0.470237 0.591544 0.518682 0.735313 0.557858 0.650345 0.474217 0.505080 0.390818 0.314564 0.623531 0.633703 0.704481 0.478435 0.477645 0.510664 0.842450 0.731822 0.840915 0.731277 0.819859 0.487537 0.453822 0.646122 0.591557 0.986567
0.344374 0.404044 0.451298 0.310810 0.713088 0.680112 0.284392 0.256372 0.521907 0.433702 0.440352 0.384544 0.410951 0.500161 0.500123 0.539410 0.345167 0.300562 0.288480 0.359768 0.563136 0.686023 0.532670 0.571513 0.901689 0.664602 0.901331 0.969164 0.332317 0.278639 0.432368 0.415193 0.334452 0.000000 0.765719 0.867036 0.633896 0.795427 0.806656 0.843763 0.945249 0.809949 0.361786 0.277053 0.323778 0.341260 0.339778 0.402697 0.723368 0.522243 0.479972 0.468682 0.661369 0.572582 0.613831 0.705104 0.449671 0.483802 0.377649 0.537575 0.297917 0.421649 0.380176 0.393771 0.474754 0.333362 0.288660 0.270656 0.655085 0.505665 0.549857 0.541617 0.535393 0.583709 0.767776 0.707879 0.538113 0.492355 0.493702 0.458900 0.337294 0.324463 0.502780 0.416373 0.446009 0.455492 0.942457 0.732171 0.793982 0.663139 0.561716 0.629936 0.595036 0.659356 0.565301 0.649024 0.629864 0.614963 0.358297 0.344596 0.578076 0.644918 0.554035 0.409132 0.520255 0.620335 0.943947 0.699002 0.893654 0.812866 0.792985 0.393753 0.495246 0.631336 0.580728 0.932281
0.768128 0.888837 0.743289 0.673263 0.926995 0.672484 0.792821 0.808329 0.769754 0.866004 0.937979 0.798778 0.755700 0.811788 0.649719 0.728110 0.958414 0.983930 0.888364 0.885519 0.712113 0.944469 0.576252 0.592166 0.597833 0.670612 0.933405 0.931472 0.835116 0.921650 0.616249 0.758974 0.805456 0.765719 0.000000 0.999780 0.685533 0.973889 0.897896 0.820282 0.980044 0.984788 0.726176 0.815204 0.676888 0.658917 0.654586 0.770035 0.677596 0.606235 0.725704 0.617085 0.681804 0.827787 0.584232 0.633680 0.874180 0.998215 0.726271 0.658912 0.697806 0.695989 0.898128 0.914426 0.610806 0.640395 0.705401 0.747750 0.849963 0.654476 0.867520 0.853800 0.637771 0.760128 0.694876 0.888653 0.794061 0.872723 0.796791 0.795380 0.737708 0.709467 0.869159 0.777795 0.508654 0.590408 0.982889 0.767165 0.727573 0.621170 0.925075 0.940575 0.870550 0.978543 0.793672 0.999567 0.733996 0.848386 0.827164 0.824368 0.910469 0.888418 0.995224 0.948982 0.752038 0.775938 0.957194 0.901909 0.695360 0.920400 0.785933 0.715844 0.930045 0.918812 0.813762 0.920320
0.750724 0.678897 0.915514 0.866851 0.996981 0.972315 0.863655 0.865118 0.946561 0.927588 0.844557 0.830693 0.842742 0.881224 0.986683 0.915356 0.704035 0.800431 0.752265 0.870620 0.997855 0.942885 0.948901 0.986933 0.949411 0.917909 0.894045 0.951704 0.829523 0.791546 0.846629 0.991929 0.759262 0.867036 0.999780 0.000000 0.945750 0.809979 0.994978 0.905976 0.848313 0.861653 0.813378 0.765714 0.818758 0.793154 0.824126 0.763267 0.915445 0.884392 0.825272 0.811446 0.881725 0.802432 0.943160 0.899713 0.761963 0.731834 0.746741 0.793669 0.877594 0.884560 0.763080 0.790921 0.937309 0.910554 0.813015 0.766057 0.734420 0.662163 0.816275 0.587237 0.941459 0.862734 0.914123 0.915482 0.838560 0.835611 0.717326 0.841030 0.743193 0.789750 0.832957 0.712708 0.901950 0.869730 0.972245 0.926569 0.901923 0.867138 0.974887 0.904829 0.987914 0.912306 0.823927 0.973576 0.843289 0.669404 0.910616 0.882115 0.968960 0.794943 0.855754 0.845924 0.997715 0.984565 0.931472 0.999432 0.843830 0.896678 0.781826 0.852317 0.808817 0.864283 0.919214 0.958791
0.731449 0.730121 0.674206 0.638963 0.974483 0.933221 0.753203 0.752233 0.755212 0.897389 0.896167 0.788129 0.687244 0.695898 0.647569 0.751617 0.825107 0.798579 0.755065 0.825342 0.766406 0.970981 0.636579 0.727346 0.702977 0.597747 0.990227 0.898143 0.710554 0.770735 0.570452 0.707565 0.715711 0.633896 0.685533 0.945750 0.000000 0.860613 0.666188 0.829840 0.855229 0.750383 0.702091 0.656439 0.624621 0.679843 0.658770 0.661880 0.622245 0.658233 0.634745 0.602937 0.682076 0.882724 0.762661 0.722874 0.816722 0.746005 0.597065 0.673487 0.612766 0.635574 0.805990 0.757953 0.518314 0.609522 0.676822 0.597215 0.837643 0.745762 0.898018 0.795025 0.732765 0.734973 0.767441 0.863170 0.740808 0.803574 0.746907 0.836096 0.748529 0.779951 0.839605 0.741885 0.544069 0.565265 0.863690 0.785298 0.660499 0.599396 0.957656 0.935186 0.840676 0.985108 0.736009 0.747468 0.853072 0.763815 0.677375 0.714235 0.772139 0.999860 0.656165 0.759118 0.592900 0.695025 0.912133 0.797176 0.839798 0.892387 0.893928 0.648673 0.890192 0.908577 0.761778 0.876459
0.723625 0.729995 0.919193 0.909271 0.854544 0.751395 0.989087 0.888523 0.881383 0.868068 0.818654 0.707446 0.786899 0.716613 0.832998 0.795071 0.746232 0.807412 0.903571 0.809362 0.920926 0.923539 0.913073 0.888484 0.963905 0.985231 0.995008 0.968214 0.778872 0.803309 0.815075 0.829361 0.898579 0.795427 0.973889 0.809979 0.860613 0.000000 0.844082 0.946847 0.811866 0.975630 0.885279 0.877818 0.930286 0.900248 0.922502 0.893946 0.912306 0.846385 0.760898 0.884031 0.964660 0.972218 0.940128 0.981820 0.655824 0.678244 0.791927 0.804238 0.810675 0.809022 0.718282 0.659915 0.847839 0.857463 0.913520 0.799530 0.956051 0.907340 0.999453 0.975618 0.827182 0.894741 0.965870 0.874095 0.943020 0.644980 0.894100 0.892676 0.914894 0.958249 0.808477 0.966426 0.919901 0.918750 0.805342 0.972201 0.908339 0.954746 0.913077 0.953078 0.972726 0.910085 0.983108 0.896007 0.838385 0.868319 0.840242 0.936433 0.883738 0.919637 0.827486 0.910195 0.977263 0.909249 0.916381 0.897411 0.954716 0.704443 0.965817 0.917036 0.975253 0.898437 0.822324 0.939563
