0.000000 0.415580 0.815368 0.812783 0.671326 0.881898 0.950819 0.748087 0.986588 0.692007 0.474563 0.357746 0.440150 0.562486 0.599588 0.721860 0.491413 0.445543 0.380629 0.385814 0.989152 0.991615 0.604603 0.933279 0.701482 0.497611 0.922704 0.954623 0.474141 0.577456 0.989594 0.970405 0.738841 0.858189 0.864029 0.867163 0.791309 0.969768 0.962550 0.966824 0.824175 0.901945 0.811562 0.889745 0.915884 0.962722 0.791590 0.901513 0.630301 0.809987 0.974050 0.967701 0.901129 0.580714 0.776502 0.979286 0.382412 0.401495 0.510946 0.530959 0.724944 0.642016 0.464451 0.389660 0.689143 0.669201 0.748805 0.679413 0.375854 0.452001 0.974845 0.906675 0.998647 0.853818 0.859697 0.907650 0.967218 0.720801 0.892340 0.783643 0.467338 0.446183 0.644062 0.654055 0.439606 0.946316 0.859569 0.684232 0.610058 0.535473 0.809794 0.719166 0.665229 0.603897 0.906651 0.933975 0.978962 0.962281 0.891955 0.951722 0.883913 0.700252 0.959655 0.939360 0.974249 0.942071 0.992373 0.640334 0.922753 0.886505 0.963751 0.906258 0.855465 0.983439 0.969827 0.958602
0.415580 0.000000 0.551726 0.773716 0.793449 0.698559 0.733626 0.816006 0.810136 0.781298 0.820447 0.411390 0.726954 0.541117 0.694575 0.676605 0.386272 0.324289 0.470590 0.395635 0.892239 0.938995 0.760603 0.890410 0.932276 0.556473 0.868070 0.815747 0.448504 0.480807 0.825710 0.998529 0.952759 0.900963 0.739031 0.862548 0.845986 0.794808 0.890202 0.779094 0.891640 0.914963 0.966120 0.828090 0.873479 0.680079 0.640571 0.715939 0.371462 0.537607 0.820350 0.848083 0.999219 0.678789 0.699446 0.816147 0.291622 0.302396 0.846527 0.753240 0.902110 0.728523 0.722936 0.559122 0.672837 0.644537 0.511494 0.644266 0.594032 0.470726 0.657747 0.569800 0.768527 0.751073 0.927173 0.961245 0.940639 0.730314 0.769779 0.740806 0.449211 0.385649 0.434321 0.495711 0.409884 0.834721 0.925394 0.585886 0.849760 0.722741 0.517692 0.480052 0.449632 0.401147 0.853165 0.992241 0.825020 0.944981 0.887964 0.945505 0.652097 0.515392 0.862804 0.790635 0.806320 0.838332 0.931176 0.564664 0.941335 0.978649 0.899294 0.916142 0.773936 0.918452 0.995850 0.896272
0.815368 0.551726 0.000000 0.443563 0.983407 0.561385 0.392866 0.625153 0.837977 0.920515 0.948442 0.856178 0.813929 0.925788 0.936590 0.994960 0.800379 0.681477 0.978229 0.856939 0.790638 0.846007 0.828408 0.841188 0.907795 0.580488 0.812143 0.908588 0.842202 0.907781 0.483749 0.544449 0.547598 0.607912 0.553479 0.820173 0.999739 0.764041 0.973494 0.919278 0.812953 0.852178 0.733865 0.840568 0.770157 0.936121 0.795515 0.830681 0.665992 0.872558 0.826625 0.873328 0.731552 0.591764 0.917657 0.820614 0.700237 0.634695 0.925725 0.964960 0.601334 0.907425 0.805502 0.993901 0.488328 0.552876 0.337511 0.454437 0.802927 0.829990 0.507920 0.558008 0.607835 0.669123 0.885398 0.918600 0.846539 0.656663 0.971916 0.917477 0.880654 0.791487 0.736222 0.829195 0.888483 0.930633 0.956512 0.953904 0.950723 0.926640 0.503218 0.668474 0.564248 0.668345 0.693818 0.949188 0.691566 0.982870 0.681658 0.632881 0.564021 0.608998 0.677504 0.654558 0.621428 0.625432 0.866674 0.790068 0.994812 0.789722 0.697727 0.834255 0.820024 0.886659 0.813780 0.981110
0.812783 0.773716 0.443563 0.000000 0.972660 0.751035 0.555793 0.552143 0.972261 0.999296 0.850694 0.938551 0.919109 0.737309 0.911886 0.781087 0.839253 0.835970 0.946032 0.991259 0.789062 0.769441 0.763763 0.587256 0.717582 0.501302 0.927972 0.962327 0.919218 0.966489 0.488846 0.516532 0.716047 0.679048 0.669763 0.825645 0.928237 0.840732 0.853296 0.886589 0.723746 0.908613 0.567827 0.664282 0.697122 0.798032 0.681805 0.719306 0.845158 0.955258 0.669500 0.642716 0.566371 0.474117 0.910042 0.851731 0.792478 0.712240 0.821682 0.873012 0.898150 0.955260 0.954128 0.835242 0.495376 0.467753 0.544731 0.555400 0.757933 0.769751 0.652576 0.639142 0.614557 0.681222 0.929325 0.894200 0.668480 0.518503 0.918764 0.947669 0.909046 0.936556 0.996780 0.940008 0.940384 0.615427 0.941957 0.837044 0.848144 0.999781 0.621946 0.795188 0.684282 0.840023 0.648982 0.829818 0.791018 0.895125 0.751533 0.684350 0.727790 0.709617 0.779564 0.823412 0.710860 0.620210 0.870182 0.809831 0.985153 0.881129 0.667404 0.789219 0.763219 0.864814 0.911600 0.980945
0.671326 0.793449 0.983407 0.972660 0.000000 0.973695 0.855080 0.807779 0.850412 0.853004 0.753980 0.700641 0.681133 0.655167 0.598343 0.633537 0.772612 0.805166 0.705824 0.689538 0.938516 0.934178 0.620372 0.651363 0.979495 0.790138 0.718606 0.851426 0.745860 0.741935 0.980229 0.917803 0.790663 0.922012 0.947150 0.880108 0.873871 0.889337 0.970144 0.962909 0.998124 0.915813 0.996209 0.967496 0.939866 0.960747 0.917976 0.897978 0.825968 0.811044 0.897332 0.921940 0.926418 0.896369 0.787765 0.899240 0.764600 0.899292 0.810639 0.897664 0.902299 0.684259 0.855883 0.767908 0.937082 0.989150 0.991375 0.841822 0.757003 0.729837 0.909577 0.973497 0.849999 0.889390 0.937284 0.963496 0.921067 0.890422 0.942024 0.960339 0.769707 0.780149 0.782686 0.843179 0.653507 0.748204 0.717362 0.663512 0.767013 0.758213 0.969160 0.983362 0.912444 0.874793 0.910356 0.981458 0.922561 0.949551 0.875747 0.839289 0.881264 0.974729 0.999492 0.870062 0.922263 0.989698 0.898452 0.890808 0.900132 0.690528 0.983265 0.867305 0.962376 0.899105 0.920299 0.870375
0.881898 0.698559 0.561385 0.751035 0.973695 0.000000 0.499443 0.734049 0.716898 0.879778 0.730243 0.928578 0.802476 0.937669 0.898800 0.868733 0.846931 0.817189 0.927307 0.808160 0.721016 0.979512 0.988418 0.950109 0.986358 0.758326 0.889625 0.899312 0.849004 0.905693 0.724308 0.687623 0.724764 0.778173 0.805729 0.891186 0.987428 0.858064 0.905643 0.883255 0.929318 0.977991 0.865058 0.928318 0.936273 0.953222 0.973865 0.979452 0.761948 0.831572 0.919976 0.954968 0.880723 0.753180 0.976579 0.945132 0.672240 0.651423 0.881782 0.875567 0.578685 0.853266 0.787402 0.933427 0.791515 0.622510 0.509869 0.643686 0.738381 0.822664 0.576191 0.626596 0.836407 0.667645 0.691872 0.834322 0.829608 0.735774 0.973200 0.916429 0.976041 0.857623 0.775819 0.778986 0.847398 0.925218 0.838178 0.950764 0.972008 0.924789 0.630176 0.655732 0.708318 0.684682 0.842997 0.933780 0.805248 0.957636 0.808456 0.676112 0.718129 0.749046 0.706948 0.743677 0.702640 0.777281 0.736439 0.840210 0.949725 0.926973 0.832994 0.771239 0.976365 0.972302 0.739818 0.933083
0.950819 0.733626 0.392866 0.555793 0.855080 0.499443 0.000000 0.427578 0.619970 0.598442 0.738212 0.903728 0.580700 0.748915 0.715532 0.764472 0.988034 0.887965 0.827348 0.943223 0.822042 0.873715 0.669857 0.877050 0.842207 0.804620 0.836558 0.902518 0.856011 0.846696 0.373365 0.477581 0.389969 0.449827 0.664251 0.860283 0.887681 0.789670 0.965382 0.883032 0.927254 0.851741 0.717513 0.775887 0.653881 0.812761 0.764280 0.780670 0.916013 0.967047 0.659357 0.723146 0.692242 0.628555 0.845799 0.954768 0.784282 0.785409 0.684992 0.714661 0.397679 0.681697 0.523839 0.683760 0.710488 0.631856 0.362980 0.473743 0.930330 0.949990 0.455128 0.460333 0.534408 0.574249 0.737127 0.849355 0.702290 0.619323 0.835213 0.904777 0.900137 0.926169 0.852152 0.887347 0.972670 0.959506 0.985011 0.881081 0.827058 0.851116 0.490655 0.622080 0.639728 0.771932 0.667062 0.875935 0.687318 0.864944 0.478006 0.484493 0.497886 0.555963 0.564084 0.517770 0.597491 0.544588 0.892265 0.879525 0.994616 0.807755 0.699181 0.696045 0.783596 0.874066 0.831772 0.957146
0.748087 0.816006 0.625153 0.552143 0.807779 0.734049 0.427578 0.000000 0.812262 0.573149 0.779929 0.559280 0.497986 0.423343 0.623569 0.531796 0.782714 0.837705 0.614319 0.749412 0.898653 0.976204 0.596994 0.726428 0.919229 0.938874 0.944568 0.861699 0.639755 0.675569 0.512178 0.485852 0.510915 0.476311 0.748242 0.979945 0.930970 0.937357 0.928854 0.976854 0.799568 0.932834 0.511671 0.537251 0.467680 0.514666 0.458852 0.531055 0.647314 0.588616 0.499490 0.514518 0.641742 0.711326 0.701626 0.906973 0.888341 0.896893 0.668325 0.655659 0.534552 0.458786 0.483335 0.581668 0.735442 0.658245 0.620252 0.604350 0.990656 0.765173 0.726716 0.728397 0.626532 0.678451 0.759025 0.869171 0.583306 0.773904 0.837163 0.874769 0.765746 0.881193 0.836673 0.965159 0.675421 0.711804 0.973276 0.658213 0.814144 0.691343 0.724222 0.885049 0.863847 0.941175 0.703360 0.836986 0.829119 0.805720 0.485459 0.431449 0.652121 0.814376 0.635217 0.753577 0.669294 0.718992 0.801853 0.993925 0.963414 0.812451 0.680250 0.578121 0.605376 0.754032 0.809912 0.899765
0.986588 0.810136 0.837977 0.972261 0.850412 0.716898 0.619970 0.812262 0.000000 0.688089 0.736608 0.966283 0.718033 0.937359 0.748143 0.905101 0.946342 0.854550 0.974972 0.815897 0.914272 0.997201 0.875207 0.853341 0.789629 0.987712 0.990979 0.967075 0.984442 0.958863 0.849824 0.891471 0.801153 0.884128 0.855991 0.943713 0.839653 0.744636 0.811479 0.797759 0.845484 0.918730 0.966036 0.985976 0.957824 0.976198 0.958901 0.976977 0.913506 0.943609 0.902945 0.849707 0.855373 0.856067 0.950365 0.989955 0.792126 0.814567 0.725364 0.796371 0.656425 0.709589 0.854929 0.846427 0.875021 0.910113 0.648815 0.850585 0.985365 0.901763 0.723350 0.629537 0.706115 0.590187 0.813224 0.927379 0.724741 0.920612 0.949467 0.943577 0.933612 0.812012 0.725981 0.757450 0.918766 0.838512 0.860330 0.846425 0.666368 0.953252 0.570805 0.503904 0.580670 0.587727 0.698820 0.956817 0.846050 0.904672 0.641372 0.641074 0.621998 0.729441 0.648489 0.546363 0.848191 0.813926 0.977638 0.764051 0.991825 0.834934 0.868053 0.690877 0.955590 0.855025 0.841762 0.875895
0.692007 0.781298 0.920515 0.999296 0.853004 0.879778 0.598442 0.573149 0.688089 0.000000 0.675696 0.605891 0.580848 0.709680 0.475621 0.591711 0.643556 0.646344 0.586994 0.744201 0.958229 0.956855 0.495696 0.910125 0.637519 0.734232 0.926136 0.939326 0.552534 0.565899 0.676008 0.662575 0.563116 0.623365 0.819777 0.862061 0.959152 0.853219 0.881722 0.732642 0.939651 0.992684 0.953884 0.881691 0.693203 0.713032 0.723572 0.808917 0.580984 0.629948 0.691221 0.705943 0.818175 0.995617 0.840698 0.903974 0.822872 0.753176 0.634517 0.690362 0.711066 0.637318 0.528703 0.461680 0.778263 0.787833 0.945421 0.961415 0.763740 0.588421 0.786150 0.824982 0.757749 0.780811 0.634923 0.925281 0.740081 0.957710 0.728363 0.676679 0.616951 0.776007 0.801630 0.825981 0.723450 0.910883 0.868313 0.853229 0.705666 0.796539 0.943036 0.907193 0.991488 0.858334 0.887125 0.892840 0.894834 0.926674 0.740755 0.691600 0.848255 0.973299 0.834280 0.726728 0.880792 0.839805 0.973423 0.854762 0.916479 0.971020 0.867028 0.837027 0.821284 0.869111 0.975042 0.869563
0.474563 0.820447 0.948442 0.850694 0.753980 0.730243 0.738212 0.779929 0.736608 0.675696 0.000000 0.584844 0.425040 0.771423 0.718695 0.858294 0.778062 0.770844 0.705029 0.695830 0.996808 0.993848 0.788049 0.956796 0.655352 0.790725 0.993358 0.976046 0.739349 0.815199 0.949959 0.944468 0.729253 0.902397 0.904495 0.877781 0.786835 0.929750 0.977755 0.755715 0.819340 0.933780 0.786743 0.851876 0.873956 0.879509 0.964762 0.943593 0.906736 0.979164 0.946449 0.907605 0.868534 0.709096 0.941258 0.981324 0.822495 0.819069 0.455386 0.546148 0.490671 0.613872 0.516083 0.493776 0.867830 0.913377 0.931668 0.911372 0.654105 0.652717 0.862922 0.887362 0.878887 0.984232 0.724792 0.978010 0.878888 0.867464 0.981045 0.785729 0.718718 0.767011 0.985101 0.932879 0.769713 0.858138 0.975141 0.948084 0.569936 0.634271 0.875287 0.955953 0.962226 0.984900 0.999217 0.882406 0.943258 0.967377 0.763831 0.842605 0.901657 0.987198 0.729938 0.797929 0.866765 0.873926 0.896728 0.912245 0.941025 0.721914 0.994071 0.815494 0.990662 0.888693 0.892038 0.986896
0.357746 0.411390 0.856178 0.938551 0.700641 0.928578 0.903728 0.559280 0.966283 0.605891 0.584844 0.000000 0.404055 0.396533 0.479187 0.509062 0.516716 0.487565 0.428033 0.429549 0.961722 0.972781 0.564075 0.769153 0.729921 0.608318 0.955788 0.818114 0.448200 0.549809 0.987164 0.884098 0.773447 0.817028 0.872206 0.766893 0.769433 0.975550 0.953810 0.958564 0.948426 0.952368 0.991095 0.928393 0.891218 0.774366 0.710828 0.764324 0.492433 0.617866 0.817901 0.851278 0.999096 0.724090 0.781000 0.938212 0.511164 0.529811 0.595770 0.600882 0.718087 0.427751 0.514533 0.427844 0.856156 0.905414 0.817696 0.795589 0.551430 0.491920 0.958737 0.895928 0.961048 0.990553 0.807352 0.993777 0.862235 0.783571 0.885059 0.805276 0.525451 0.550810 0.623010 0.739648 0.398313 0.835611 0.788540 0.586554 0.678774 0.536233 0.845846 0.779721 0.706644 0.661509 0.921754 0.945763 0.874443 0.959882 0.864564 0.800281 0.977436 0.742850 0.980615 0.976892 0.977887 0.971852 0.951095 0.733154 0.849368 0.913863 0.925321 0.792649 0.834136 0.973073 0.967129 0.814565
0.440150 0.726954 0.813929 0.919109 0.681133 0.802476 0.580700 0.497986 0.718033 0.580848 0.425040 0.404055 0.000000 0.481626 0.480377 0.554420 0.674989 0.753341 0.497523 0.552549 0.998101 0.908404 0.504242 0.827616 0.721209 0.753254 0.937653 0.931171 0.566839 0.630237 0.727439 0.713484 0.542167 0.691179 0.935283 0.923859 0.780540 0.854537 0.959958 0.893486 0.975361 0.983346 0.978294 0.956887 0.846783 0.851140 0.705981 0.813862 0.760204 0.783116 0.799840 0.861242 0.896883 0.900674 0.720134 0.972056 0.700144 0.717676 0.489370 0.560367 0.467609 0.434973 0.455188 0.425444 0.969752 0.989099 0.830509 0.974922 0.593832 0.596928 0.673312 0.848292 0.744893 0.838178 0.715612 0.964672 0.800113 0.991878 0.912227 0.914904 0.650445 0.719954 0.801599 0.875690 0.575764 0.974628 0.770354 0.726594 0.583558 0.544441 0.855535 0.976090 0.986463 0.893833 0.894166 0.973663 0.888645 0.871113 0.637674 0.651567 0.718123 0.984108 0.712567 0.760025 0.734215 0.791602 0.870921 0.821504 0.946900 0.755322 0.781523 0.685899 0.765566 0.920285 0.869402 0.889043
0.562486 0.541117 0.925788 0.737309 0.655167 0.937669 0.748915 0.423343 0.937359 0.709680 0.771423 0.396533 0.481626 0.000000 0.476755 0.362344 0.651375 0.592506 0.409718 0.453517 0.933843 0.924017 0.468655 0.503762 0.976943 0.799574 0.932064 0.850451 0.509049 0.499525 0.774999 0.578721 0.645037 0.653049 0.985396 0.950992 0.841009 0.932363 0.836729 0.818838 0.860569 0.943211 0.631104 0.640840 0.651154 0.615503 0.504374 0.564889 0.533327 0.565290 0.560861 0.635382 0.695640 0.916876 0.631394 0.888744 0.628134 0.727944 0.877049 0.835502 0.810920 0.526820 0.618492 0.627105 0.938117 0.812332 0.986697 0.959158 0.787531 0.687657 0.915590 0.940269 0.776518 0.857435 0.795135 0.897195 0.756572 0.934920 0.880083 0.747414 0.603646 0.590942 0.515319 0.775573 0.359662 0.496533 0.830233 0.466639 0.913738 0.608851 0.931455 0.739743 0.778389 0.630134 0.905104 0.876755 0.976278 0.885746 0.831651 0.675564 0.997088 0.881311 0.953943 0.977233 0.869955 0.892504 0.843222 0.833169 0.926461 0.862808 0.915857 0.715684 0.694755 0.857560 0.944668 0.795086
0.599588 0.694575 0.936590 0.911886 0.598343 0.898800 0.715532 0.623569 0.748143 0.475621 0.718695 0.479187 0.480377 0.476755 0.000000 0.397799 0.590375 0.615253 0.454356 0.539992 0.948320 0.972017 0.365874 0.664239 0.856977 0.741955 0.972415 0.989275 0.551048 0.521331 0.718414 0.658107 0.546607 0.640677 0.969741 0.920872 0.789902 0.844064 0.947871 0.892412 0.935796 0.970151 0.857188 0.837284 0.740333 0.704157 0.685999 0.675074 0.617454 0.596133 0.620137 0.634412 0.669766 0.914458 0.730803 0.945535 0.701173 0.781059 0.823009 0.888104 0.845860 0.600383 0.635406 0.581324 0.971598 0.930896 0.990657 0.866995 0.606832 0.652085 0.779712 0.934645 0.709657 0.713934 0.674831 0.948538 0.734260 0.965943 0.844377 0.698281 0.570130 0.653031 0.631560 0.824017 0.413877 0.802190 0.644218 0.677481 0.706044 0.687301 0.997099 0.988102 0.908738 0.810960 0.850715 0.893917 0.911514 0.852654 0.830702 0.687390 0.897049 0.892307 0.887124 0.711047 0.854189 0.850536 0.919443 0.823498 0.868059 0.830659 0.906945 0.746615 0.739976 0.808093 0.856980 0.948117
0.721860 0.676605 0.994960 0.781087 0.633537 0.868733 0.764472 0.531796 0.905101 0.591711 0.858294 0.509062 0.554420 0.362344 0.397799 0.000000 0.723083 0.690116 0.514490 0.594935 0.942513 0.958012 0.397376 0.459881 0.933051 0.783294 0.969232 0.822414 0.555292 0.523110 0.799875 0.644766 0.702723 0.789040 0.910147 0.838101 0.900247 0.989224 0.915550 0.999319 0.918323 0.990128 0.759601 0.748557 0.695373 0.660533 0.678256 0.731408 0.564755 0.625861 0.635255 0.661731 0.705468 0.872791 0.723508 0.941594 0.793477 0.833523 0.982965 0.985436 0.943215 0.594266 0.787778 0.759186 0.932181 0.896138 0.953595 0.918612 0.854960 0.751136 0.865305 0.956465 0.791041 0.771847 0.689928 0.887853 0.749595 0.906065 0.874436 0.773583 0.701549 0.737150 0.579648 0.847366 0.502697 0.575809 0.735038 0.566392 0.977318 0.761376 0.910087 0.917724 0.867850 0.720544 0.888947 0.880008 0.954732 0.821421 0.898605 0.728103 0.942457 0.848987 0.916714 0.985367 0.937296 0.959025 0.998399 0.864969 0.808697 0.969276 0.905483 0.792140 0.805138 0.874491 0.982665 0.854357
0.491413 0.386272 0.800379 0.839253 0.772612 0.846931 0.988034 0.782714 0.946342 0.643556 0.778062 0.516716 0.674989 0.651375 0.590375 0.723083 0.000000 0.347678 0.445282 0.422817 0.875087 0.990694 0.650350 0.901355 0.859664 0.588703 0.888580 0.975246 0.406886 0.365970 0.896587 0.820570 0.731829 0.709813 0.882728 0.854009 0.862390 0.821149 0.983990 0.850893 0.841499 0.958405 0.978420 0.880084 0.793476 0.667412 0.682162 0.724217 0.477292 0.576230 0.773093 0.848724 0.925192 0.805669 0.716777 0.911498 0.352105 0.385660 0.850744 0.767326 0.984672 0.807893 0.593109 0.463356 0.660035 0.580354 0.680561 0.721153 0.620706 0.418503 0.900521 0.769118 0.922876 0.829737 0.785557 0.973797 0.918929 0.820655 0.573560 0.674558 0.328880 0.407225 0.554344 0.455960 0.480381 0.989772 0.850869 0.616750 0.773117 0.803039 0.618006 0.630149 0.532292 0.528359 0.925989 0.988696 0.889421 0.982278 0.921325 0.972407 0.806717 0.631955 0.964918 0.926564 0.891620 0.965214 0.943172 0.539479 0.980445 0.989055 0.938427 0.965694 0.736968 0.833517 0.860591 0.884295
0.445543 0.324289 0.681477 0.835970 0.805166 0.817189 0.887965 0.837705 0.854550 0.646344 0.770844 0.487565 0.753341 0.592506 0.615253 0.690116 0.347678 0.000000 0.390894 0.382887 0.931393 0.989121 0.650581 0.845942 0.904376 0.572510 0.852709 0.910155 0.434031 0.364876 0.982403 0.893867 0.799515 0.788089 0.685791 0.895177 0.784555 0.820780 0.929366 0.845121 0.864392 0.929623 0.991090 0.874901 0.863636 0.708877 0.664387 0.753115 0.442835 0.575472 0.778602 0.833742 0.895985 0.766539 0.741382 0.875398 0.330987 0.367768 0.879777 0.789666 0.902762 0.893102 0.626716 0.506096 0.619309 0.583677 0.565610 0.634862 0.550745 0.472390 0.815464 0.739216 0.906550 0.842490 0.868104 0.945992 0.905136 0.781432 0.607361 0.568244 0.324305 0.314336 0.448447 0.463157 0.423184 0.870635 0.928099 0.573354 0.814334 0.756450 0.571477 0.565549 0.469982 0.448104 0.943063 0.958409 0.860298 0.951436 0.852961 0.935758 0.637397 0.589569 0.820277 0.925254 0.841257 0.911199 0.934807 0.566995 0.977382 0.989369 0.932643 0.980692 0.748650 0.880459 0.969469 0.965234
0.380629 0.470590 0.978229 0.946032 0.705824 0.927307 0.827348 0.614319 0.974972 0.586994 0.705029 0.428033 0.497523 0.409718 0.454356 0.514490 0.445282 0.390894 0.000000 0.348611 0.976666 0.984080 0.393200 0.679144 0.858983 0.578246 0.913306 0.980991 0.419487 0.409381 0.818199 0.704780 0.587291 0.692474 0.895937 0.890892 0.737363 0.989610 0.964829 0.965264 0.996120 0.973810 0.896286 0.863093 0.799229 0.709050 0.559581 0.706791 0.524652 0.620205 0.688327 0.792685 0.812853 0.883941 0.658689 0.992061 0.390587 0.484499 0.775126 0.776494 0.884850 0.711338 0.532202 0.473217 0.846641 0.778968 0.831973 0.791857 0.492631 0.518004 0.889241 0.957010 0.846838 0.989374 0.828286 0.893043 0.836649 0.906389 0.761637 0.678641 0.443141 0.409899 0.455909 0.593650 0.327481 0.774190 0.811378 0.549234 0.745643 0.616717 0.827914 0.765164 0.699914 0.613453 0.971035 0.927255 0.975371 0.908012 0.890974 0.810986 0.915843 0.719586 0.987076 0.905035 0.972017 0.848981 0.993258 0.621997 0.931404 0.926909 0.908304 0.844641 0.649631 0.823252 0.991041 0.932117
0.385814 0.395635 0.856939 0.991259 0.689538 0.808160 0.943223 0.749412 0.815897 0.744201 0.695830 0.429549 0.552549 0.453517 0.539992 0.594935 0.422817 0.382887 0.348611 0.000000 0.964711 0.987555 0.491070 0.659208 0.886419 0.614571 0.890775 0.943518 0.484856 0.477053 0.949891 0.887424 0.756349 0.859551 0.849099 0.864917 0.845274 0.936224 0.877017 0.893230 0.967177 0.871962 0.973881 0.924539 0.861968 0.746232 0.643368 0.722383 0.520398 0.573660 0.787019 0.862067 0.880949 0.793054 0.656042 0.960712 0.322442 0.411230 0.805449 0.789702 0.999862 0.759263 0.679342 0.572918 0.775702 0.695369 0.696822 0.697886 0.455177 0.515355 0.953269 0.747600 0.980773 0.817472 0.840825 0.977398 0.861891 0.819159 0.827999 0.784983 0.496520 0.407441 0.481734 0.499886 0.376347 0.836611 0.826100 0.554920 0.761154 0.606590 0.691079 0.602273 0.624857 0.511249 0.983586 0.994631 0.939491 0.924363 0.955809 0.987002 0.808791 0.658484 0.905344 0.963846 0.994244 0.965862 0.920631 0.659238 0.990111 0.879752 0.963017 0.968887 0.755337 0.889050 0.996285 0.965485
0.989152 0.892239 0.790638 0.789062 0.938516 0.721016 0.822042 0.898653 0.914272 0.958229 0.996808 0.961722 0.998101 0.933843 0.948320 0.942513 0.875087 0.931393 0.976666 0.964711 0.000000 0.970271 0.945819 0.848612 0.870657 0.780860 0.972823 0.936431 0.916550 0.898695 0.753631 0.831068 0.945520 0.924272 0.879149 0.918900 0.909474 0.976138 0.852025 0.851750 0.837619 0.940392 0.954372 0.991228 0.901471 0.876337 0.969790 0.880489 0.827203 0.726993 0.998482 0.992081 0.983168 0.876960 0.965797 0.970164 0.871408 0.859738 0.951491 0.962773 0.917126 0.893447 0.913505 0.932692 0.954140 0.784017 0.917153 0.892242 0.944826 0.866378 0.754314 0.871186 0.836871 0.756716 0.927216 0.692428 0.846539 0.999777 0.962985 0.911488 0.985778 0.945849 0.968978 0.947311 0.945689 0.863017 0.736807 0.895440 0.888130 0.862850 0.886659 0.986969 0.933714 0.908641 0.876412 0.910958 0.928255 0.848074 0.993595 0.890858 0.945391 0.996043 0.944879 0.988655 0.964646 0.998520 0.859328 0.981988 0.998264 0.879491 0.972634 0.889615 0.941240 0.866671 0.963512 0.845454
0.991615 0.938995 0.846007 0.769441 0.934178 0.979512 0.873715 0.976204 0.997201 0.956855 0.993848 0.972781 0.908404 0.924017 0.972017 0.958012 0.990694 0.989121 0.984080 0.987555 0.970271 0.000000 0.965367 0.980141 0.892412 0.767986 0.915435 0.957965 0.972160 0.895306 0.801103 0.970033 0.825418 0.848368 0.945318 0.815782 0.836410 0.840517 0.904308 0.893297 0.920388 0.992312 0.993285 0.972243 0.965778 0.999165 0.917904 0.907600 0.862707 0.945079 0.887868 0.915692 0.842822 0.866071 0.948670 0.831478 0.977061 0.995579 0.987148 0.985831 0.994481 0.954423 0.966353 0.993284 0.905572 0.952841 0.866183 0.941423 0.909545 0.997453 0.883849 0.941074 0.992182 0.963489 0.825706 0.977225 0.904053 0.802138 0.864930 0.971315 0.923271 0.909212 0.968382 0.862906 0.971698 0.973413 0.815397 0.981982 0.963357 0.940931 0.876141 0.940389 0.896852 0.950746 0.977193 0.940389 0.893119 0.928398 0.950837 0.990498 0.863295 0.989015 0.809960 0.928610 0.862724 0.796653 0.983421 0.958843 0.942416 0.875643 0.791450 0.999928 0.943252 0.924212 0.897955 0.798760
0.604603 0.760603 0.828408 0.763763 0.620372 0.988418 0.669857 0.596994 0.875207 0.495696 0.788049 0.564075 0.504242 0.468655 0.365874 0.397376 0.650350 0.650581 0.393200 0.491070 0.945819 0.965367 0.000000 0.489397 0.867255 0.755351 0.896863 0.960882 0.545731 0.501682 0.620068 0.596557 0.542642 0.691738 0.946334 0.907444 0.884695 0.967441 0.976311 0.855289 0.959852 0.973097 0.956214 0.957936 0.797885 0.802063 0.741453 0.815301 0.693501 0.703753 0.726999 0.762962 0.729584 0.948577 0.822699 0.815451 0.689301 0.754278 0.896948 0.954544 0.904209 0.737826 0.703905 0.657412 0.907935 0.886876 0.988551 0.848926 0.612370 0.674457 0.654142 0.868945 0.621727 0.779087 0.758794 0.942563 0.777252 0.926009 0.862253 0.787696 0.635264 0.605093 0.611004 0.742427 0.473132 0.786644 0.734090 0.572942 0.825391 0.753052 0.988925 0.976702 0.948414 0.761370 0.831974 0.908726 0.860970 0.957233 0.860808 0.815217 0.900693 0.912009 0.969564 0.755473 0.896070 0.810850 0.975043 0.852090 0.915553 0.934664 0.873228 0.920886 0.728702 0.901577 0.921263 0.898768
0.933279 0.890410 0.841188 0.587256 0.651363 0.950109 0.877050 0.726428 0.853341 0.910125 0.956796 0.769153 0.827616 0.503762 0.664239 0.459881 0.901355 0.845942 0.679144 0.659208 0.848612 0.980141 0.489397 0.000000 0.796563 0.943253 0.865897 0.917535 0.831119 0.743956 0.804085 0.694871 0.859066 0.933183 0.944834 0.864077 0.953797 0.975230 0.780567 0.894150 0.786102 0.882084 0.787075 0.824568 0.813967 0.816802 0.792851 0.866889 0.826937 0.795976 0.779675 0.816976 0.749459 0.809922 0.833131 0.966598 0.892511 0.990649 0.791662 0.778580 0.855802 0.910166 0.971204 0.939252 0.892844 0.817288 0.984055 0.976981 0.971497 0.981378 0.814880 0.990824 0.822258 0.896850 0.840131 0.951134 0.750977 0.899085 0.972692 0.925594 0.882507 0.799460 0.708388 0.832717 0.624754 0.480335 0.858841 0.565563 0.929670 0.822050 0.983308 0.911924 0.939223 0.812607 0.947259 0.861538 0.927705 0.984242 0.999024 0.882967 0.918829 0.968889 0.845334 0.947842 0.960058 0.918038 0.949398 0.958466 0.958855 0.995102 0.902804 0.925947 0.916488 0.997174 0.821719 0.870295
0.701482 0.932276 0.907795 0.717582 0.979495 0.986358 0.842207 0.919229 0.789629 0.637519 0.655352 0.729921 0.721209 0.976943 0.856977 0.933051 0.859664 0.904376 0.858983 0.886419 0.870657 0.892412 0.867255 0.796563 0.000000 0.585155 0.957305 0.839849 0.638136 0.846877 0.982188 0.904052 0.832525 0.936387 0.824915 0.869761 0.934929 0.996429 0.776677 0.771272 0.807538 0.843795 0.770020 0.789500 0.929887 0.931131 0.820281 0.874229 0.833871 0.960284 0.916107 0.826447 0.719988 0.700144 0.967060 0.911418 0.935991 0.821021 0.560588 0.657573 0.673484 0.682833 0.718745 0.622715 0.748948 0.763051 0.991033 0.930947 0.666911 0.691872 0.929653 0.900377 0.993698 0.972656 0.855812 0.832966 0.953700 0.887778 0.934579 0.926372 0.913810 0.977597 0.953896 0.960222 0.986805 0.630316 0.903067 0.945439 0.799801 0.784740 0.978523 0.874049 0.933130 0.967023 0.913117 0.920595 0.983253 0.974766 0.916278 0.873901 0.870299 0.904287 0.931433 0.808425 0.945273 0.906791 0.935281 0.951536 0.889318 0.985865 0.984400 0.981467 0.842090 0.896828 0.961977 0.883616
0.497611 0.556473 0.580488 0.501302 0.790138 0.758326 0.804620 0.938874 0.987712 0.734232 0.790725 0.608318 0.753254 0.799574 0.741955 0.783294 0.588703 0.572510 0.578246 0.614571 0.780860 0.767986 0.755351 0.943253 0.585155 0.000000 0.864551 0.935393 0.568322 0.658499 0.708451 0.845159 0.990536 0.919756 0.594166 0.730288 0.951362 0.855277 0.874086 0.915039 0.813200 0.928635 0.712363 0.780338 0.853643 0.969207 0.927228 0.916487 0.632797 0.831090 0.894892 0.826432 0.764991 0.508697 0.905218 0.981984 0.533439 0.502200 0.757597 0.782654 0.995110 0.798206 0.785973 0.577755 0.486092 0.503437 0.561671 0.511586 0.601812 0.585686 0.811992 0.790776 0.794344 0.766431 0.913751 0.929900 0.862468 0.627514 0.905840 0.963774 0.636449 0.663772 0.711190 0.769215 0.686190 0.847664 0.776012 0.826286 0.863150 0.810214 0.607644 0.728707 0.593003 0.658399 0.688465 0.997333 0.822750 0.918334 0.853312 0.880427 0.815529 0.640165 0.765477 0.928122 0.752966 0.839670 0.898515 0.705937 0.935167 0.981382 0.776612 0.856975 0.965691 0.949712 0.839733 0.938450
0.922704 0.868070 0.812143 0.927972 0.718606 0.889625 0.836558 0.944568 0.990979 0.926136 0.993358 0.955788 0.937653 0.932064 0.972415 0.969232 0.888580 0.852709 0.913306 0.890775 0.972823 0.915435 0.896863 0.865897 0.957305 0.864551 0.000000 0.788602 0.995417 0.955713 0.870091 0.841046 0.885772 0.820245 0.788622 0.950403 0.926715 0.952834 0.956065 0.912142 0.970301 0.957643 0.919090 0.858823 0.894011 0.917885 0.907674 0.887991 0.864132 0.898796 0.963502 0.984590 0.980132 0.907086 0.916799 0.866724 0.860601 0.946157 0.890452 0.897072 0.756167 0.960048 0.828136 0.923275 0.817546 0.871322 0.774581 0.693340 0.938915 0.924955 0.872099 0.864867 0.976498 0.932628 0.974470 0.970708 0.954041 0.827266 0.928286 0.995159 0.967145 0.890524 0.832552 0.935885 0.922846 0.867696 0.993503 0.887916 0.942464 0.931363 0.996098 0.979970 0.931536 0.980107 0.876977 0.854121 0.954301 0.993942 0.949323 0.912336 0.933787 0.968364 0.769093 0.981808 0.852196 0.833429 0.956136 0.993176 0.708295 0.961449 0.954061 0.963239 0.940552 0.768051 0.932392 0.950377
0.954623 0.815747 0.908588 0.962327 0.851426 0.899312 0.902518 0.861699 0.967075 0.939326 0.976046 0.818114 0.931171 0.850451 0.989275 0.822414 0.975246 0.910155 0.980991 0.943518 0.936431 0.957965 0.960882 0.917535 0.839849 0.935393 0.788602 0.000000 0.981021 0.957271 0.871809 0.896168 0.866931 0.905745 0.998970 0.910351 0.967765 0.991884 0.944734 0.995112 0.942183 0.872592 0.888284 0.882283 0.938820 0.925965 0.935583 0.935520 0.836091 0.908079 0.953170 0.911613 0.997653 0.990179 0.988596 0.998628 0.957257 0.996790 0.982309 0.941896 0.958325 0.923981 0.970863 0.920901 0.983691 0.899576 0.949388 0.902679 0.919539 0.997768 0.894224 0.904689 0.980766 0.982148 0.974863 0.980401 0.869748 0.867528 0.966182 0.980197 0.996489 0.953100 0.956759 0.903651 0.952378 0.824666 0.896795 0.962867 0.902000 0.938750 0.983706 0.962619 0.987760 0.975820 0.957589 0.927601 0.995635 0.843674 0.979246 0.888762 0.960708 0.920620 0.875449 0.744388 0.862497 0.809621 0.913936 0.967934 0.989516 0.965624 0.909582 0.776098 0.928345 0.991531 0.909645 0.980538
0.474141 0.448504 0.842202 0.919218 0.745860 0.849004 0.856011 0.639755 0.984442 0.552534 0.739349 0.448200 0.566839 0.509049 0.551048 0.555292 0.406886 0.434031 0.419487 0.484856 0.916550 0.972160 0.545731 0.831119 0.638136 0.568322 0.995417 0.981021 0.000000 0.337730 0.796744 0.746456 0.601982 0.602314 0.836201 0.908448 0.776174 0.844722 0.950737 0.971241 0.878472 0.972444 0.930618 0.791468 0.742711 0.636857 0.665861 0.679232 0.460264 0.585236 0.708634 0.787279 0.905873 0.840103 0.657836 0.839159 0.482911 0.470757 0.706430 0.679787 0.851771 0.619974 0.530596 0.407686 0.710030 0.722305 0.795862 0.865584 0.588893 0.423042 0.917201 0.860076 0.954643 0.989990 0.817882 0.900272 0.898392 0.925248 0.624483 0.694129 0.404115 0.466056 0.518285 0.524406 0.432314 0.913989 0.850099 0.553936 0.801780 0.723414 0.724379 0.680592 0.576768 0.524203 0.991822 0.989815 0.888926 0.983271 0.961090 0.852016 0.899555 0.792262 0.993447 0.928559 0.939445 0.980951 0.967722 0.626899 0.868350 0.989641 0.994063 0.884381 0.745711 0.885482 0.919432 0.795616
0.577456 0.480807 0.907781 0.966489 0.741935 0.905693 0.846696 0.675569 0.958863 0.565899 0.815199 0.549809 0.630237 0.499525 0.521331 0.523110 0.365970 0.364876 0.409381 0.477053 0.898695 0.895306 0.501682 0.743956 0.846877 0.658499 0.955713 0.957271 0.337730 0.000000 0.761279 0.647057 0.573369 0.558994 0.800343 0.974323 0.836884 0.879825 0.995926 0.864039 0.901089 0.986152 0.887978 0.769128 0.677850 0.616729 0.624917 0.671779 0.495731 0.587547 0.643194 0.746627 0.793824 0.969978 0.651238 0.909057 0.496441 0.526224 0.948321 0.873183 0.958646 0.784088 0.578259 0.486796 0.710181 0.739983 0.784571 0.849940 0.700403 0.496928 0.982112 0.869003 0.927541 0.981535 0.775930 0.987046 0.876820 0.971539 0.485269 0.545408 0.334274 0.412915 0.460668 0.472473 0.437043 0.838536 0.818538 0.525371 0.897959 0.865426 0.651749 0.644136 0.532036 0.486768 0.987193 0.999418 0.911049 0.975399 0.931110 0.940096 0.866465 0.724194 0.916752 0.951124 0.920683 0.981017 0.974521 0.621595 0.966273 0.921312 0.976270 0.942805 0.632834 0.799056 0.955433 0.857230
0.989594 0.825710 0.483749 0.488846 0.980229 0.724308 0.373365 0.512178 0.849824 0.676008 0.949959 0.987164 0.727439 0.774999 0.718414 0.799875 0.896587 0.982403 0.818199 0.949891 0.753631 0.801103 0.620068 0.804085 0.982188 0.708451 0.870091 0.871809 0.796744 0.761279 0.000000 0.414180 0.427281 0.392351 0.704385 0.830425 0.970056 0.888963 0.978906 0.979186 0.913949 0.933643 0.624614 0.688674 0.598597 0.706940 0.666210 0.704339 0.996938 0.882599 0.554553 0.559479 0.560588 0.499414 0.812755 0.926436 0.879727 0.870377 0.919889 0.906914 0.711376 0.937351 0.609844 0.800226 0.790707 0.784892 0.588480 0.604639 0.961449 0.975802 0.452774 0.583091 0.500925 0.558054 0.806542 0.834147 0.722366 0.572429 0.713621 0.760500 0.827947 0.938428 0.973935 0.969085 0.900333 0.904944 0.927118 0.821442 0.918642 0.992870 0.634906 0.786884 0.754626 0.992775 0.676862 0.952425 0.730108 0.896111 0.621948 0.633674 0.657159 0.629220 0.622712 0.616802 0.688867 0.608716 0.910682 0.919827 0.949937 0.918149 0.706893 0.800462 0.693172 0.794639 0.761818 0.882402
0.970405 0.998529 0.544449 0.516532 0.917803 0.687623 0.477581 0.485852 0.891471 0.662575 0.944468 0.884098 0.713484 0.578721 0.658107 0.644766 0.820570 0.893867 0.704780 0.887424 0.831068 0.970033 0.596557 0.694871 0.904052 0.845159 0.841046 0.896168 0.746456 0.647057 0.414180 0.000000 0.474472 0.414130 0.732552 0.822632 0.919708 0.976385 0.915744 0.908038 0.906940 0.913558 0.572841 0.578661 0.555101 0.631366 0.539655 0.628237 0.883322 0.805846 0.523672 0.563376 0.519286 0.594153 0.743615 0.929193 0.999739 0.951277 0.972910 0.985135 0.770452 0.807689 0.621896 0.748259 0.817904 0.765432 0.677429 0.664351 0.902957 0.914139 0.600450 0.723984 0.599376 0.629685 0.727950 0.870700 0.777791 0.559433 0.718780 0.720753 0.691564 0.804129 0.789565 0.902443 0.726701 0.705108 0.950847 0.685087 0.938332 0.959092 0.832472 0.974710 0.938272 0.909878 0.734656 0.868203 0.845341 0.956025 0.747011 0.612126 0.841792 0.777331 0.728505 0.689243 0.769962 0.647243 0.802026 0.971022 0.948144 0.860204 0.804082 0.721312 0.593678 0.809235 0.731887 0.778185
0.738841 0.952759 0.547598 0.716047 0.790663 0.724764 0.389969 0.510915 0.801153 0.563116 0.729253 0.773447 0.542167 0.645037 0.546607 0.702723 0.731829 0.799515 0.587291 0.756349 0.945520 0.825418 0.542642 0.859066 0.832525 0.990536 0.885772 0.866931 0.601982 0.573369 0.427281 0.474472 0.000000 0.350541 0.782189 0.807117 0.805809 0.825225 0.965651 0.981227 0.992128 0.926535 0.710245 0.688681 0.568279 0.621427 0.583923 0.611834 0.835974 0.744773 0.527125 0.620977 0.583206 0.704198 0.654103 0.970036 0.877042 0.900036 0.721309 0.777281 0.595277 0.714785 0.491915 0.541730 0.849992 0.934601 0.605956 0.667161 0.802508 0.709055 0.606897 0.698189 0.579477 0.711482 0.697324 0.958042 0.703299 0.658718 0.734465 0.790525 0.665411 0.785451 0.879553 0.806283 0.682594 0.953200 0.940412 0.735054 0.726799 0.800697 0.775264 0.868178 0.934620 0.950610 0.690225 0.980394 0.710929 0.818108 0.595087 0.583464 0.734266 0.755947 0.651077 0.561143 0.693757 0.605264 0.996740 0.938032 0.983377 0.813820 0.706327 0.669856 0.567235 0.797322 0.702590 0.920261
0.858189 0.900963 0.607912 0.679048 0.922012 0.778173 0.449827 0.476311 0.884128 0.623365 0.902397 0.817028 0.691179 0.653049 0.640677 0.789040 0.709813 0.788089 0.692474 0.859551 0.924272 0.848368 0.691738 0.933183 0.936387 0.919756 0.820245 0.905745 0.602314 0.558994 0.392351 0.414130 0.350541 0.000000 0.789397 0.732524 0.848211 0.914070 0.952626 0.884562 0.969023 0.868008 0.598145 0.572316 0.495783 0.523726 0.512711 0.508705 0.785119 0.699822 0.501652 0.551897 0.594887 0.663796 0.660087 0.818811 0.880440 0.874910 0.801388 0.741936 0.637082 0.747978 0.478412 0.567257 0.804513 0.869680 0.655305 0.576301 0.955972 0.770726 0.732979 0.803638 0.700623 0.723675 0.744172 0.899840 0.767693 0.647816 0.644875 0.725287 0.601140 0.751014 0.800871 0.758953 0.694758 0.884779 0.982789 0.645446 0.877972 0.901837 0.875378 0.968100 0.969932 0.850005 0.730843 0.974106 0.901328 0.865424 0.680241 0.644351 0.765622 0.838463 0.653682 0.667310 0.758718 0.674166 0.858630 0.871348 0.993029 0.860620 0.823424 0.710101 0.535424 0.729060 0.621535 0.840610
0.864029 0.739031 0.553479 0.669763 0.947150 0.805729 0.664251 0.748242 0.855991 0.819777 0.904495 0.872206 0.935283 0.985396 0.969741 0.910147 0.882728 0.685791 0.895937 0.849099 0.879149 0.945318 0.946334 0.944834 0.824915 0.594166 0.788622 0.998970 0.836201 0.800343 0.704385 0.732552 0.782189 0.789397 0.000000 0.862953 0.986324 0.796405 0.934278 0.856248 0.909141 0.858518 0.685753 0.784322 0.768117 0.844944 0.800847 0.800677 0.757719 0.920389 0.836599 0.869316 0.776104 0.678284 0.866081 0.988892 0.840546 0.796681 0.939473 0.946639 0.739862 0.940192 0.905213 0.912911 0.560247 0.627014 0.449067 0.479589 0.881929 0.838171 0.765729 0.743860 0.765121 0.884812 0.953951 0.935612 0.794496 0.769606 0.903194 0.788862 0.834610 0.764814 0.775170 0.839560 0.914811 0.920771 0.976188 0.971168 0.938203 0.959628 0.635267 0.746982 0.650303 0.742440 0.670160 0.863132 0.722776 0.782548 0.668655 0.675432 0.682876 0.673928 0.661753 0.701253 0.596895 0.700356 0.929541 0.784374 0.976611 0.959651 0.805749 0.699374 0.874526 0.798598 0.751792 0.942648
0.867163 0.862548 0.820173 0.825645 0.880108 0.891186 0.860283 0.979945 0.943713 0.862061 0.877781 0.766893 0.923859 0.950992 0.920872 0.838101 0.854009 0.895177 0.890892 0.864917 0.918900 0.815782 0.907444 0.864077 0.869761 0.730288 0.950403 0.910351 0.908448 0.974323 0.830425 0.822632 0.807117 0.732524 0.862953 0.000000 0.998100 0.792426 0.873202 0.922240 0.928169 0.958123 0.855926 0.875164 0.860879 0.928258 0.887486 0.934889 0.892027 0.911857 0.938759 0.931852 0.767479 0.762813 0.978412 0.978939 0.933632 0.949842 0.899079 0.926178 0.977217 0.875412 0.962976 0.922448 0.824875 0.900501 0.784793 0.746898 0.962792 0.928419 0.998156 0.959675 0.989136 0.898727 0.989491 0.825409 0.999343 0.645015 0.974718 0.969476 0.955020 0.988647 0.950615 0.998465 0.916875 0.928236 0.979500 0.980467 0.798377 0.903851 0.896841 0.984686 0.888553 0.919658 0.905017 0.895082 0.847262 0.880009 0.905750 0.910424 0.903203 0.798746 0.856373 0.889149 0.828952 0.904563 0.796175 0.998257 0.826587 0.944842 0.924116 0.939809 0.718875 0.864246 0.812612 0.945381
0.791309 0.845986 0.999739 0.928237 0.873871 0.987428 0.887681 0.930970 0.839653 0.959152 0.786835 0.769433 0.780540 0.841009 0.789902 0.900247 0.862390 0.784555 0.737363 0.845274 0.909474 0.836410 0.884695 0.953797 0.934929 0.951362 0.926715 0.967765 0.776174 0.836884 0.970056 0.919708 0.805809 0.848211 0.986324 0.998100 0.000000 0.794709 0.969090 0.816146 0.851341 0.994741 0.910289 0.822987 0.962007 0.889958 0.821643 0.762623 0.923104 0.886997 0.781780 0.805610 0.804060 0.901646 0.801088 0.991155 0.818604 0.927559 0.862644 0.927482 0.911245 0.815359 0.812492 0.831904 0.816727 0.967445 0.945101 0.994787 0.722861 0.766553 0.949350 0.961699 0.959083 0.904308 0.953417 0.909800 0.860111 0.950392 0.850318 0.962031 0.877914 0.815626 0.958418 0.994484 0.700246 0.879161 0.820261 0.854496 0.739670 0.714702 0.913311 0.919686 0.985344 0.918317 0.865855 0.867601 0.925042 0.946940 0.865684 0.771751 0.985466 0.981168 0.778092 0.805476 0.958433 0.751476 0.830340 0.987059 0.832960 0.782883 0.741201 0.679498 0.912910 0.854361 0.764150 0.964898
0.969768 0.794808 0.764041 0.840732 0.889337 0.858064 0.789670 0.937357 0.744636 0.853219 0.929750 0.975550 0.854537 0.932363 0.844064 0.989224 0.821149 0.820780 0.989610 0.936224 0.976138 0.840517 0.967441 0.975230 0.996429 0.855277 0.952834 0.991884 0.844722 0.879825 0.888963 0.976385 0.825225 0.914070 0.796405 0.792426 0.794709 0.000000 0.959544 0.915698 0.994572 0.780031 0.886128 0.960666 0.982537 0.962395 0.994649 0.873756 0.806362 0.950164 0.863509 0.911666 0.827914 0.761919 0.892644 0.900568 0.862024 0.724010 0.997547 0.858836 0.828322 0.844979 0.931621 0.916921 0.649666 0.716474 0.741328 0.817035 0.892031 0.864329 0.774409 0.826193 0.758782 0.711688 0.963682 0.908014 0.978601 0.762125 0.822054 0.851771 0.889732 0.869355 0.769043 0.753018 0.907173 0.956295 0.849774 0.874471 0.824290 0.855682 0.677833 0.725482 0.786926 0.673263 0.847136 0.888250 0.808664 0.865547 0.825638 0.765612 0.727883 0.795303 0.748083 0.775332 0.921169 0.872087 0.995017 0.865951 0.905424 0.862444 0.820838 0.792150 0.900912 0.811932 0.702821 0.942206
