0.000000 0.213662 0.545463 0.653875 0.743497 0.734274 0.935791 0.990301 0.497221 0.503097 0.338297 0.320742 0.428181 0.432953 0.551742 0.839370 0.322850 0.269814 0.378677 0.257155 0.599061 0.997119 0.799936 0.508143 0.546298 0.771860 0.621787 0.847235 0.589645 0.567731 0.884189 0.855916 0.525952 0.643263 0.964540 0.882492 0.942656 0.979319 0.839146 0.845446 0.859030 0.815989 0.952741 0.900393 0.836888 0.989806 0.686880 0.674873 0.888050 0.857637 0.947240 0.996207 0.692295 0.440069 0.517068 0.575970 0.201375 0.217816 0.429958 0.360150 0.692340 0.932753 0.457410 0.453051 0.335403 0.572548 0.781099 0.958529 0.344131 0.522085 0.519072 0.480679 0.767880 0.696361 0.947756 0.905467 0.908174 0.816200 0.567568 0.434102 0.280772 0.257864 0.471768 0.290294 0.271283 0.250949 0.822301 0.594476 0.683950 0.341452 0.428261 0.510915 0.505801 0.588020 0.939405 0.882122 0.915675 0.937096 0.807125 0.864370 0.607787 0.647382 0.934917 0.796464 0.962151 0.922308 0.965719 0.921233 0.729372 0.896928 0.881867 0.927786 0.839535 0.937653 0.873518 0.677469
0.213662 0.000000 0.503781 0.542297 0.695777 0.763004 0.898121 0.975681 0.525473 0.540254 0.429843 0.373502 0.533084 0.453111 0.578630 0.801950 0.345292 0.307348 0.376096 0.252158 0.623877 0.999289 0.800774 0.512189 0.482665 0.683800 0.582484 0.838782 0.611877 0.584307 0.968343 0.832961 0.559458 0.602768 0.927126 0.903952 0.865890 0.907998 0.707360 0.860070 0.902343 0.752158 0.979806 0.851917 0.794192 0.973247 0.667261 0.677497 0.916105 0.871923 0.926511 0.997594 0.662497 0.437260 0.573396 0.597792 0.212854 0.202976 0.460063 0.417018 0.788430 0.952865 0.544378 0.486624 0.355353 0.633809 0.846432 0.991723 0.326132 0.483281 0.621792 0.489465 0.794984 0.717984 0.907486 0.911345 0.972201 0.825275 0.555435 0.451373 0.295479 0.304299 0.529241 0.313387 0.376205 0.312862 0.876432 0.671001 0.724500 0.386137 0.370470 0.454577 0.465835 0.541988 0.952120 0.932749 0.938240 0.963847 0.759050 0.852757 0.512639 0.588928 0.889692 0.841168 0.990779 0.886254 0.933194 0.900171 0.790355 0.834888 0.929489 0.922645 0.847609 0.934835 0.915811 0.661271
0.545463 0.503781 0.000000 0.304980 0.772264 0.981243 0.819749 0.678779 0.868017 0.796217 0.701887 0.628744 0.566790 0.657143 0.666872 0.723305 0.700430 0.653773 0.576765 0.582565 0.616344 0.992956 0.741745 0.560634 0.427517 0.518735 0.593653 0.921805 0.814614 0.818339 0.819153 0.708445 0.717052 0.686505 0.810924 0.890303 0.667472 0.879753 0.777821 0.711326 0.988464 0.682443 0.815531 0.774581 0.874150 0.986317 0.777434 0.792257 0.979831 0.882728 0.966385 0.951360 0.806460 0.728807 0.692370 0.783895 0.505942 0.498264 0.685748 0.586353 0.800092 0.771170 0.831589 0.759144 0.450516 0.569097 0.826358 0.950285 0.539830 0.604660 0.967893 0.905926 0.995183 0.952110 0.970220 0.801157 0.781072 0.890270 0.709849 0.645730 0.722580 0.675984 0.806202 0.715482 0.727878 0.554792 0.965419 0.943153 0.764864 0.648601 0.706512 0.804127 0.770874 0.797772 0.927110 0.951629 0.773013 0.788425 0.912704 0.853900 0.600994 0.935352 0.998363 0.891841 0.896011 0.781411 0.758912 0.919122 0.993433 0.812425 0.839342 0.963687 0.838054 0.777470 0.685407 0.852264
0.653875 0.542297 0.304980 0.000000 0.756899 0.993221 0.928629 0.590078 0.893605 0.854666 0.871529 0.699154 0.718687 0.624236 0.726734 0.633376 0.775630 0.731805 0.677508 0.716545 0.689385 0.918104 0.821420 0.509824 0.431492 0.477581 0.656335 0.929282 0.961515 0.848232 0.801234 0.709380 0.788315 0.723420 0.750949 0.929905 0.579887 0.791120 0.622826 0.670483 0.913160 0.698200 0.881269 0.823885 0.818457 0.933338 0.870216 0.865582 0.885716 0.955112 0.968208 0.937697 0.860157 0.822113 0.794116 0.826952 0.572479 0.562197 0.738878 0.664222 0.898263 0.754511 0.921378 0.817472 0.577070 0.565322 0.906680 0.976654 0.624459 0.599643 0.988994 0.881325 0.979489 0.990834 0.907264 0.957047 0.801611 0.943233 0.711038 0.713512 0.780142 0.769245 0.870408 0.739155 0.881265 0.603812 0.989907 0.885544 0.755113 0.719059 0.646765 0.674519 0.735963 0.724961 0.984981 0.958787 0.893268 0.761395 0.986177 0.940540 0.520217 0.789053 0.896582 0.895311 0.981832 0.852860 0.736090 0.984209 0.955587 0.839615 0.958368 0.878452 0.894820 0.785965 0.737789 0.851686
0.743497 0.695777 0.772264 0.756899 0.000000 0.789867 0.645451 0.806388 0.714503 0.653942 0.952673 0.966309 0.864449 0.997380 0.836906 0.798116 0.888459 0.881874 0.917182 0.725752 0.773436 0.938803 0.823194 0.932010 0.687744 0.746416 0.889855 0.930206 0.859505 0.919414 0.894400 0.988733 0.987290 0.903772 0.911439 0.718126 0.823425 0.809109 0.810600 0.956363 0.930923 0.780899 0.932075 0.959660 0.675023 0.795685 0.957500 0.964128 0.791434 0.807692 0.675839 0.693077 0.535756 0.502845 0.957946 0.999850 0.674695 0.729581 0.933585 0.797004 0.718657 0.744341 0.881191 0.972498 0.848276 0.927321 0.884003 0.746588 0.544810 0.579992 0.799275 0.768150 0.819109 0.765647 0.878808 0.949877 0.923588 0.823176 0.815116 0.862625 0.774326 0.726953 0.926243 0.782495 0.959565 0.861403 0.924055 0.964072 0.970135 0.828312 0.694719 0.683841 0.890769 0.806535 0.995972 0.939754 0.830621 0.963553 0.777009 0.799349 0.631415 0.644432 0.806187 0.998167 0.908378 0.891861 0.987098 0.878000 0.838451 0.857284 0.940556 0.750206 0.911713 0.892912 0.875839 0.846763
0.734274 0.763004 0.981243 0.993221 0.789867 0.000000 0.798820 0.750879 0.630591 0.698434 0.808333 0.806037 0.952823 0.852838 0.971248 0.846834 0.765139 0.774660 0.754535 0.772035 0.886185 0.936342 0.997512 0.911968 0.932474 0.883995 0.965564 0.781897 0.897512 0.969825 0.781762 0.912599 0.858612 0.993015 0.886217 0.921327 0.842580 0.814012 0.968096 0.771789 0.739160 0.752499 0.853409 0.875043 0.932176 0.994550 0.919766 0.908046 0.922098 0.962603 0.957999 0.911459 0.785233 0.718903 0.932775 0.820838 0.714105 0.749798 0.765039 0.825147 0.985907 0.781110 0.847563 0.894200 0.781126 0.967463 0.879813 0.989569 0.758182 0.922919 0.736234 0.680458 0.655477 0.723564 0.893252 0.828404 0.858719 0.777201 0.944722 0.902455 0.759235 0.708803 0.793098 0.711761 0.713540 0.741113 0.846431 0.885794 0.940192 0.794050 0.736324 0.867798 0.916761 0.867957 0.982812 0.929433 0.996854 0.999901 0.891350 0.892123 0.838233 0.846466 0.915119 0.953550 0.960782 0.893975 0.923880 0.859915 0.761949 0.811168 0.918957 0.964491 0.898610 0.887912 0.910649 0.782116
0.935791 0.898121 0.819749 0.928629 0.645451 0.798820 0.000000 0.347937 0.711357 0.489477 0.959051 0.773474 0.624123 0.836895 0.555860 0.702606 0.940338 0.924245 0.732976 0.992123 0.941099 0.926996 0.467568 0.959886 0.736112 0.806396 0.945295 0.850975 0.562657 0.642417 0.585647 0.740730 0.675042 0.519268 0.889391 0.853464 0.928275 0.892060 0.823201 0.918621 0.838587 0.950470 0.497827 0.558758 0.369884 0.440943 0.680398 0.702509 0.458831 0.446438 0.370276 0.414620 0.453825 0.500328 0.755977 0.695869 0.929016 0.930711 0.743078 0.910139 0.353994 0.353801 0.607557 0.614919 0.854177 0.770718 0.473471 0.452567 0.707466 0.750115 0.603480 0.711016 0.684125 0.614280 0.806693 0.717475 0.702684 0.632200 0.824286 0.892367 0.938507 0.785015 0.914522 0.818858 0.914287 0.980708 0.942708 0.895980 0.850875 0.927149 0.663158 0.644705 0.940308 0.953388 0.719952 0.737164 0.820563 0.869858 0.406487 0.465886 0.782631 0.626905 0.737021 0.835702 0.747607 0.726311 0.885736 0.953382 0.778208 0.927795 0.754053 0.626068 0.473877 0.755820 0.483794 0.794117
0.990301 0.975681 0.678779 0.590078 0.806388 0.750879 0.347937 0.000000 0.718259 0.580755 0.987534 0.721642 0.600969 0.709186 0.554474 0.465835 0.945081 0.918684 0.817570 0.970181 0.984641 0.842881 0.587092 0.752638 0.942944 0.988174 0.985569 0.924897 0.727880 0.708497 0.652172 0.769352 0.768726 0.583703 0.864234 0.937000 0.978114 0.951974 0.935545 0.836882 0.764750 0.951878 0.661402 0.683307 0.637976 0.687199 0.833564 0.874802 0.732078 0.655817 0.528884 0.530372 0.586215 0.589821 0.854406 0.839938 0.957356 0.949952 0.800313 0.919976 0.417259 0.306555 0.711966 0.657931 0.780263 0.552706 0.649160 0.611252 0.773378 0.929990 0.688199 0.817315 0.762006 0.732189 0.775477 0.852364 0.735631 0.718570 0.808118 0.908692 0.932374 0.811264 0.966072 0.856574 0.989320 0.928160 0.969632 0.787184 0.760513 0.919850 0.876211 0.972438 0.927753 0.842203 0.888277 0.879179 0.929526 0.904376 0.659143 0.662529 0.923829 0.892299 0.986816 0.959922 0.899038 0.918693 0.789869 0.939886 0.862063 0.925563 0.915946 0.915285 0.607199 0.774625 0.554153 0.967225
0.497221 0.525473 0.868017 0.893605 0.714503 0.630591 0.711357 0.718259 0.000000 0.515875 0.656429 0.638934 0.874042 0.604170 0.980203 0.918193 0.503725 0.482068 0.604090 0.497867 0.755836 0.873815 0.993008 0.670150 0.625962 0.780139 0.748930 0.938472 0.832161 0.746385 0.853556 0.905341 0.736728 0.803885 0.974505 0.927741 0.878519 0.869612 0.820107 0.988253 0.900619 0.971942 0.928780 0.908921 0.870387 0.992965 0.737629 0.694522 0.929720 0.917251 0.879149 0.905536 0.764994 0.604516 0.672903 0.613747 0.498576 0.512404 0.560498 0.638678 0.937468 0.803576 0.737567 0.689241 0.769984 0.902579 0.846076 0.967231 0.513138 0.559610 0.630288 0.632979 0.818578 0.786953 0.965175 0.913949 0.895070 0.733933 0.710744 0.643542 0.467387 0.416835 0.562574 0.382334 0.582585 0.499012 0.836117 0.602839 0.702637 0.454564 0.494098 0.654040 0.673199 0.759096 0.900585 0.800560 0.855796 0.860203 0.792395 0.928981 0.853302 0.748700 0.906717 0.718777 0.949909 0.903378 0.941402 0.980045 0.735590 0.894880 0.899086 0.935573 0.747977 0.963291 0.929405 0.742598
0.503097 0.540254 0.796217 0.854666 0.653942 0.698434 0.489477 0.580755 0.515875 0.000000 0.657456 0.819992 0.896065 0.825406 0.935011 0.782115 0.732958 0.660527 0.834227 0.587089 0.761169 0.952627 0.740196 0.689675 0.603043 0.783324 0.717139 0.778671 0.870218 0.976813 0.501016 0.733428 0.948826 0.802901 0.929765 0.918041 0.929429 0.847359 0.832543 0.967144 0.826487 0.937072 0.557695 0.683996 0.416176 0.515894 0.853369 0.906004 0.606568 0.628168 0.447385 0.484020 0.378226 0.324170 0.912207 0.950673 0.568482 0.564615 0.895775 0.749436 0.776396 0.582057 0.988657 0.963629 0.671229 0.792981 0.795608 0.632620 0.430474 0.585024 0.448968 0.523804 0.651176 0.572923 0.876029 0.779016 0.650025 0.590472 0.956660 0.794967 0.596438 0.405688 0.755278 0.471103 0.606047 0.501745 0.823059 0.562412 0.803218 0.550692 0.585642 0.619090 0.893656 0.914176 0.810019 0.956547 0.932683 0.903111 0.500652 0.595249 0.704655 0.610114 0.763359 0.945523 0.886901 0.910460 0.931176 0.903400 0.638234 0.960932 0.926016 0.752004 0.511404 0.887453 0.728625 0.723287
0.338297 0.429843 0.701887 0.871529 0.952673 0.808333 0.959051 0.987534 0.656429 0.657456 0.000000 0.381616 0.414376 0.450479 0.511819 0.799224 0.398116 0.331819 0.526902 0.409075 0.738181 0.905156 0.912752 0.677390 0.794765 0.979064 0.791096 0.802409 0.516546 0.516503 0.789661 0.977193 0.670336 0.763496 0.851790 0.914218 0.896629 0.876385 0.913313 0.891341 0.781786 0.986431 0.870023 0.933643 0.857590 0.911103 0.888261 0.866475 0.929759 0.938209 0.927066 0.921922 0.782283 0.536837 0.578758 0.697371 0.361059 0.378049 0.643470 0.588855 0.582948 0.765866 0.491399 0.501314 0.364827 0.514117 0.932243 0.974901 0.586120 0.809226 0.523237 0.586724 0.894434 0.811345 0.944256 0.997114 0.760861 0.915635 0.710700 0.596166 0.410884 0.403311 0.537789 0.436130 0.371476 0.440990 0.698312 0.680443 0.746807 0.572618 0.574988 0.642127 0.504163 0.753265 0.971187 0.881614 0.942875 0.833534 0.724120 0.812001 0.752768 0.813399 0.884668 0.971891 0.967593 0.990330 0.920328 0.923171 0.753932 0.876066 0.910128 0.968930 0.815705 0.934724 0.939471 0.708128
0.320742 0.373502 0.628744 0.699154 0.966309 0.806037 0.773474 0.721642 0.638934 0.819992 0.381616 0.000000 0.324587 0.286941 0.334941 0.530794 0.284744 0.263732 0.356081 0.345402 0.695805 0.957634 0.603195 0.533051 0.762790 0.954803 0.685019 0.935358 0.392655 0.372162 0.927398 0.778035 0.461526 0.488839 0.943419 0.951170 0.953622 0.933883 0.935174 0.757413 0.916384 0.971979 0.876145 0.780158 0.868688 0.787079 0.640805 0.611449 0.646650 0.642376 0.725787 0.709039 0.944161 0.763742 0.414203 0.523190 0.326912 0.317532 0.414394 0.459476 0.438192 0.627068 0.296827 0.261806 0.405812 0.497453 0.668963 0.746355 0.610314 0.702254 0.708665 0.604651 0.918116 0.892856 0.757427 0.962427 0.986081 0.965690 0.508935 0.418138 0.334839 0.412605 0.420224 0.426090 0.330281 0.375206 0.754443 0.689660 0.633812 0.511693 0.561558 0.634723 0.470669 0.558285 0.910879 0.868987 0.972111 0.898946 0.970893 0.984166 0.708038 0.749651 0.964009 0.768932 0.926448 0.898630 0.988828 0.968356 0.798341 0.878309 0.805217 0.876993 0.967546 0.987552 0.703766 0.712473
0.428181 0.533084 0.566790 0.718687 0.864449 0.952823 0.624123 0.600969 0.874042 0.896065 0.414376 0.324587 0.000000 0.388782 0.332688 0.498775 0.528999 0.443621 0.494382 0.549265 0.797456 0.928993 0.580559 0.529560 0.856567 0.976402 0.755801 0.967785 0.525588 0.517956 0.946884 0.796744 0.606846 0.587822 0.982897 0.997988 0.837145 0.817634 0.989621 0.815112 0.996675 0.997334 0.972744 0.921251 0.901906 0.864055 0.769910 0.776587 0.752849 0.701235 0.734406 0.695251 0.921924 0.880934 0.500717 0.641246 0.475193 0.471507 0.493460 0.474404 0.312397 0.521367 0.363431 0.427125 0.406755 0.414413 0.660253 0.701715 0.790040 0.849578 0.738114 0.712164 0.900298 0.873287 0.870908 0.983127 0.977438 0.971433 0.719556 0.541170 0.557959 0.598970 0.601928 0.613696 0.396998 0.400951 0.635893 0.755226 0.675253 0.594702 0.719660 0.794597 0.643493 0.665015 0.967723 0.893054 0.933457 0.870290 0.943687 0.975535 0.797698 0.981693 0.990063 0.938175 0.959645 0.986894 0.966215 0.842983 0.940354 0.998696 0.789025 0.955397 0.928633 0.963489 0.709326 0.855234
0.432953 0.453111 0.657143 0.624236 0.997380 0.852838 0.836895 0.709186 0.604170 0.825406 0.450479 0.286941 0.388782 0.000000 0.412448 0.439501 0.345667 0.295443 0.419953 0.443586 0.740066 0.889173 0.646724 0.426257 0.704360 0.804692 0.736030 0.947990 0.506688 0.344542 0.906030 0.705946 0.516181 0.498043 0.933610 0.958735 0.938806 0.967199 0.793772 0.756741 0.998320 0.980006 0.957389 0.856926 0.941263 0.871372 0.720333 0.675876 0.784760 0.707240 0.801384 0.760250 0.932462 0.865841 0.447632 0.511306 0.404593 0.387361 0.510958 0.545245 0.537900 0.589112 0.385430 0.355626 0.548875 0.421137 0.720738 0.727133 0.685818 0.708656 0.780687 0.651005 0.979614 0.979599 0.841268 0.972131 0.985370 0.981071 0.593548 0.474176 0.377432 0.434323 0.412685 0.379126 0.460372 0.379703 0.656590 0.641800 0.589019 0.542354 0.537050 0.575000 0.502575 0.551517 0.851952 0.922913 0.983508 0.939921 0.915852 0.997546 0.710001 0.791694 0.966217 0.798131 0.997330 0.881420 0.944721 0.957582 0.814111 0.979153 0.829342 0.894271 0.993325 0.985319 0.785751 0.766128
0.551742 0.578630 0.666872 0.726734 0.836906 0.971248 0.555860 0.554474 0.980203 0.935011 0.511819 0.334941 0.332688 0.412448 0.000000 0.413900 0.499924 0.477387 0.504133 0.567047 0.849129 0.833757 0.510940 0.543670 0.939431 0.992237 0.816979 0.978583 0.425664 0.402616 0.774470 0.783463 0.544107 0.488492 0.913214 0.948931 0.926694 0.847381 0.944829 0.777033 0.952484 0.981643 0.809228 0.784054 0.764151 0.751158 0.709071 0.690951 0.634822 0.614086 0.607438 0.570651 0.786359 0.996672 0.480965 0.588235 0.544346 0.532367 0.557496 0.614334 0.323602 0.452542 0.378520 0.352294 0.504567 0.499331 0.687047 0.705263 0.910167 0.982667 0.858024 0.782684 0.936755 0.983455 0.758598 0.831925 0.901823 0.915018 0.660238 0.623401 0.553288 0.701135 0.600750 0.668075 0.487375 0.557272 0.689536 0.836995 0.777551 0.711899 0.774606 0.756381 0.556799 0.590876 0.873976 0.945961 0.888513 0.833677 0.889449 0.912866 0.798454 0.916092 0.980570 0.879637 0.989806 0.877730 0.888500 0.826247 0.981681 0.977505 0.851385 0.862772 0.902021 0.965793 0.651116 0.834289
0.839370 0.801950 0.723305 0.633376 0.798116 0.846834 0.702606 0.465835 0.918193 0.782115 0.799224 0.530794 0.498775 0.439501 0.413900 0.000000 0.686181 0.707870 0.789246 0.871226 0.903511 0.883612 0.652011 0.589258 0.925799 0.917245 0.923948 0.885578 0.668524 0.538888 0.745599 0.713562 0.768070 0.628197 0.996724 0.987207 0.959535 0.994288 0.836337 0.702357 0.853050 0.991071 0.938064 0.933216 0.887861 0.884141 0.917078 0.880819 0.871127 0.790436 0.697003 0.617018 0.691529 0.798413 0.718391 0.865625 0.766191 0.740126 0.764480 0.865552 0.520266 0.465435 0.631607 0.583837 0.775429 0.515180 0.867058 0.732085 0.911556 0.949186 0.943718 0.942508 0.847447 0.962000 0.725786 0.888913 0.895875 0.939851 0.782671 0.698304 0.802396 0.922723 0.711034 0.897574 0.860023 0.757532 0.766513 0.921906 0.862381 0.961534 0.772139 0.706352 0.602757 0.582796 0.938780 0.923216 0.793756 0.890667 0.973988 0.964907 0.778506 0.982048 0.928504 0.999118 0.833282 0.997151 0.873751 0.873036 0.955675 0.991561 0.973923 0.981562 0.899982 0.994762 0.753677 0.893825
0.322850 0.345292 0.700430 0.775630 0.888459 0.765139 0.940338 0.945081 0.503725 0.732958 0.398116 0.284744 0.528999 0.345667 0.499924 0.686181 0.000000 0.221118 0.358102 0.305029 0.704490 0.951353 0.713201 0.587085 0.679975 0.898108 0.733774 0.855137 0.389479 0.339759 0.929105 0.775916 0.442718 0.490678 0.997297 0.959461 0.895132 0.997371 0.872828 0.800670 0.912686 0.885854 0.900117 0.734658 0.945319 0.801300 0.574009 0.541997 0.697871 0.671313 0.827314 0.811585 0.957530 0.687214 0.476353 0.473633 0.303594 0.298083 0.446480 0.502152 0.642487 0.793727 0.388580 0.326716 0.469140 0.618270 0.702395 0.784524 0.539253 0.674549 0.728603 0.564775 0.983752 0.915109 0.854092 0.929799 0.986869 0.961853 0.489381 0.459656 0.266952 0.349501 0.382145 0.368693 0.353015 0.374442 0.834434 0.589694 0.732762 0.459494 0.481940 0.560583 0.422049 0.551687 0.859124 0.865588 0.990957 0.920356 0.903066 0.982863 0.726522 0.695016 0.941745 0.736850 0.945937 0.831897 0.936571 0.996431 0.781020 0.952415 0.884991 0.821336 0.979615 0.959826 0.853393 0.754533
0.269814 0.307348 0.653773 0.731805 0.881874 0.774660 0.924245 0.918684 0.482068 0.660527 0.331819 0.263732 0.443621 0.295443 0.477387 0.707870 0.221118 0.000000 0.317134 0.260872 0.684440 0.961452 0.713440 0.523873 0.682194 0.876785 0.752611 0.866903 0.426939 0.379217 0.974396 0.797904 0.448420 0.507117 0.991381 0.981019 0.946380 0.983606 0.866309 0.790016 0.883897 0.889610 0.957781 0.809657 0.986329 0.871799 0.651118 0.611245 0.749129 0.709445 0.910660 0.882782 0.898669 0.636048 0.435348 0.464816 0.264388 0.257678 0.430209 0.480843 0.621126 0.796054 0.350712 0.318208 0.428753 0.564674 0.708705 0.797452 0.488248 0.602892 0.664370 0.540527 0.955952 0.878784 0.871038 0.975954 0.925751 0.900967 0.485531 0.420892 0.222335 0.268667 0.396279 0.275324 0.293817 0.321966 0.735345 0.540924 0.696381 0.417412 0.489913 0.540350 0.439200 0.555454 0.846341 0.857734 0.976221 0.974932 0.862480 0.980308 0.689482 0.696657 0.992336 0.786452 0.923685 0.840970 0.990166 0.995655 0.727841 0.956879 0.890271 0.885873 0.927806 0.966492 0.819130 0.735459
0.378677 0.376096 0.576765 0.677508 0.917182 0.754535 0.732976 0.817570 0.604090 0.834227 0.526902 0.356081 0.494382 0.419953 0.504133 0.789246 0.358102 0.317134 0.000000 0.318989 0.689121 0.966273 0.446826 0.614099 0.690092 0.872602 0.692042 0.963759 0.439634 0.465421 0.733874 0.648591 0.311913 0.390201 0.823635 0.962553 0.859185 0.913125 0.840108 0.898758 0.983496 0.914728 0.646266 0.548625 0.737167 0.586408 0.421610 0.391106 0.511019 0.461599 0.670584 0.627358 0.947326 0.821245 0.448077 0.380349 0.379695 0.369971 0.349533 0.423775 0.581097 0.798995 0.344714 0.321964 0.509376 0.743854 0.511243 0.621816 0.552168 0.675433 0.882493 0.723208 0.964788 0.967528 0.858002 0.920757 0.827412 0.968131 0.466464 0.426780 0.352396 0.432459 0.459708 0.408843 0.349422 0.406570 0.771879 0.659680 0.730553 0.461125 0.671426 0.801059 0.624263 0.647143 0.764546 0.754557 0.842232 0.863541 0.813182 0.751657 0.819131 0.828162 0.783892 0.629922 0.759679 0.620449 0.893686 0.934398 0.890726 0.779209 0.729373 0.767558 0.804611 0.762528 0.705304 0.838156
0.257155 0.252158 0.582565 0.716545 0.725752 0.772035 0.992123 0.970181 0.497867 0.587089 0.409075 0.345402 0.549265 0.443586 0.567047 0.871226 0.305029 0.260872 0.318989 0.000000 0.622848 0.948370 0.715234 0.608430 0.597991 0.765496 0.617966 0.892638 0.526366 0.516649 0.957444 0.840405 0.463606 0.551414 0.944962 0.989968 0.872626 0.894734 0.807382 0.861602 0.856574 0.823390 0.893798 0.765874 0.958009 0.899790 0.620413 0.597859 0.787184 0.755936 0.969598 0.938799 0.768491 0.522210 0.501460 0.511606 0.268318 0.263299 0.478086 0.460011 0.768077 0.948657 0.458631 0.416855 0.433715 0.699624 0.762088 0.919696 0.364849 0.523766 0.649130 0.553269 0.943831 0.865636 0.880621 0.992592 0.964751 0.885833 0.506727 0.456257 0.261831 0.271226 0.477006 0.302124 0.325839 0.352485 0.870314 0.607513 0.736081 0.375900 0.503181 0.618383 0.545280 0.597559 0.898280 0.772700 0.944896 0.996655 0.884144 0.960996 0.638687 0.667101 0.993736 0.755632 0.887775 0.796914 0.928001 0.970445 0.863351 0.859303 0.875865 0.922191 0.897563 0.919892 0.867387 0.734093
0.599061 0.623877 0.616344 0.689385 0.773436 0.886185 0.941099 0.984641 0.755836 0.761169 0.738181 0.695805 0.797456 0.740066 0.849129 0.903511 0.704490 0.684440 0.689121 0.622848 0.000000 0.955159 0.883125 0.811304 0.588550 0.645591 0.837291 0.920686 0.820592 0.864515 0.903578 0.650687 0.669856 0.736601 0.962180 0.884036 0.863964 0.784197 0.789206 0.765770 0.975936 0.780104 0.882584 0.780749 0.994635 0.937472 0.814337 0.690821 0.922861 0.840607 0.993593 0.958845 0.937319 0.739839 0.649580 0.804439 0.571048 0.617668 0.691176 0.598702 0.951692 0.948774 0.784084 0.773599 0.689547 0.822899 0.869571 0.994093 0.594905 0.747380 0.809402 0.762170 0.927673 0.952563 0.988628 0.915397 0.869145 0.966319 0.763743 0.620901 0.680219 0.657089 0.658175 0.715421 0.734769 0.654116 0.893539 0.964361 0.783807 0.684967 0.750823 0.780355 0.902992 0.859162 0.944272 0.860313 0.896233 0.959623 0.946164 0.920380 0.804130 0.846324 0.912899 0.747131 0.907006 0.757508 0.846706 0.971694 0.788403 0.817044 0.921384 0.917941 0.985614 0.599352 0.736407 0.703660
0.997119 0.999289 0.992956 0.918104 0.938803 0.936342 0.926996 0.842881 0.873815 0.952627 0.905156 0.957634 0.928993 0.889173 0.833757 0.883612 0.951353 0.961452 0.966273 0.948370 0.955159 0.000000 0.860833 0.953605 0.912329 0.906263 0.895997 0.937684 0.927810 0.949783 0.970209 0.995571 0.973241 0.958123 0.937078 0.916905 0.877160 0.983476 0.981007 0.904241 0.815844 0.922186 0.906011 0.900265 0.994098 0.942724 0.835385 0.873770 0.951226 0.963894 0.976840 0.984017 0.931433 0.942144 0.982567 0.975054 0.953283 0.956089 0.978038 0.971809 0.849796 0.844849 0.899168 0.968052 0.958794 0.816171 0.939766 0.911162 0.878639 0.953388 0.893015 0.993056 0.971183 0.952956 0.944620 0.991655 0.833105 0.851041 0.975564 0.887132 0.924638 0.986381 0.982661 0.968941 0.992003 0.994573 0.992765 0.927896 0.951470 0.939545 0.974765 0.865945 0.933301 0.940411 0.943185 0.885312 0.926895 0.957879 0.903237 0.889558 0.925767 0.975152 0.999072 0.974652 0.904416 0.891817 0.992091 0.947960 0.890729 0.760827 0.919830 0.956189 0.965046 0.984080 0.994162 0.911822
0.799936 0.800774 0.741745 0.821420 0.823194 0.997512 0.467568 0.587092 0.993008 0.740196 0.912752 0.603195 0.580559 0.646724 0.510940 0.652011 0.713201 0.713440 0.446826 0.715234 0.883125 0.860833 0.000000 0.713157 0.967273 0.998856 0.896213 0.727094 0.564119 0.616504 0.464500 0.532189 0.458194 0.440613 0.723321 0.888533 0.969973 0.822210 0.911998 0.911087 0.862589 0.961868 0.453692 0.440238 0.431185 0.366348 0.401607 0.433497 0.353801 0.315518 0.369134 0.315014 0.587784 0.689266 0.560672 0.501977 0.848671 0.808580 0.514221 0.670154 0.525407 0.670096 0.472200 0.467937 0.827757 0.926001 0.413522 0.455460 0.977837 0.957519 0.771357 0.953220 0.807175 0.815897 0.785315 0.810802 0.581235 0.860001 0.654062 0.644824 0.743321 0.906110 0.731432 0.867496 0.627038 0.728702 0.819165 0.860772 0.886348 0.738136 0.964235 0.925059 0.881161 0.747685 0.730308 0.836326 0.950266 0.827455 0.500366 0.555704 0.911786 0.867311 0.670819 0.693131 0.761567 0.582090 0.934783 0.891105 0.943784 0.722461 0.773955 0.713137 0.564377 0.754215 0.512829 0.975402
0.508143 0.512189 0.560634 0.509824 0.932010 0.911968 0.959886 0.752638 0.670150 0.689675 0.677390 0.533051 0.529560 0.426257 0.543670 0.589258 0.587085 0.523873 0.614099 0.608430 0.811304 0.953605 0.713157 0.000000 0.609388 0.693985 0.741328 0.988714 0.793561 0.657597 0.971773 0.748143 0.712152 0.734610 0.853781 0.957115 0.938596 0.905348 0.722415 0.831762 0.963221 0.880456 0.865145 0.996734 0.838133 0.931774 0.812868 0.814871 0.983024 0.885465 0.977630 0.875953 0.909337 0.793929 0.632047 0.682684 0.487092 0.457057 0.555184 0.556391 0.725693 0.795956 0.638759 0.634616 0.592465 0.497469 0.786942 0.855571 0.642863 0.660004 0.720826 0.664528 0.807514 0.777776 0.916304 0.882853 0.979415 0.755699 0.772046 0.682480 0.583329 0.571216 0.596125 0.511431 0.578438 0.393106 0.721988 0.691481 0.640469 0.509493 0.579902 0.557186 0.639410 0.631756 0.986768 0.987272 0.961670 0.929201 0.906361 0.938766 0.653511 0.721248 0.921997 0.925720 0.895811 0.953994 0.933922 0.839629 0.750799 0.919360 0.864692 0.848047 0.926236 0.989962 0.873107 0.704758
0.546298 0.482665 0.427517 0.431492 0.687744 0.932474 0.736112 0.942944 0.625962 0.603043 0.794765 0.762790 0.856567 0.704360 0.939431 0.925799 0.679975 0.682194 0.690092 0.597991 0.588550 0.912329 0.967273 0.609388 0.000000 0.292551 0.527369 0.839139 0.961710 0.966496 0.954300 0.768243 0.796737 0.863399 0.788016 0.905609 0.606894 0.757181 0.585015 0.769910 0.954554 0.651158 0.937911 0.845763 0.684203 0.847694 0.777090 0.769457 0.831824 0.997065 0.768353 0.874500 0.712373 0.591753 0.788175 0.797466 0.506126 0.479539 0.732274 0.544965 0.814487 0.904206 0.969051 0.902084 0.612751 0.747943 0.975490 0.870665 0.428396 0.523054 0.871321 0.733532 0.867885 0.923700 0.994454 0.998093 0.819745 0.951617 0.746100 0.687066 0.680741 0.586449 0.825348 0.560631 0.785533 0.542180 0.912404 0.932793 0.819577 0.532191 0.507999 0.669925 0.739780 0.815687 0.979971 0.986300 0.838174 0.835574 0.873453 0.995963 0.650121 0.708662 0.935368 0.807724 0.886080 0.735441 0.810416 0.888186 0.883193 0.758481 0.903487 0.790550 0.973494 0.841613 0.905207 0.787191
0.771860 0.683800 0.518735 0.477581 0.746416 0.883995 0.806396 0.988174 0.780139 0.783324 0.979064 0.954803 0.976402 0.804692 0.992237 0.917245 0.898108 0.876785 0.872602 0.765496 0.645591 0.906263 0.998856 0.693985 0.292551 0.000000 0.635677 0.879041 0.856577 0.975190 0.845851 0.780032 0.927507 0.874124 0.780993 0.998983 0.532508 0.638459 0.564979 0.824513 0.970014 0.556653 0.887927 0.855157 0.738454 0.839181 0.840192 0.850886 0.791521 0.957054 0.798913 0.906444 0.844352 0.783117 0.841741 0.852501 0.742716 0.689522 0.916088 0.701527 0.734632 0.974456 0.851150 0.958011 0.799114 0.799899 0.940305 0.877699 0.567611 0.591688 0.955796 0.898537 0.987373 0.948232 0.959861 0.945461 0.761565 0.985757 0.813467 0.776758 0.839390 0.775517 0.982257 0.703924 0.981102 0.727974 0.899074 0.999563 0.806743 0.667245 0.698637 0.828426 0.899557 0.893867 0.997717 0.995024 0.789417 0.814723 0.983679 0.952746 0.719191 0.874678 0.969432 0.843212 0.800457 0.757298 0.792590 0.974503 0.992777 0.770038 0.968104 0.871329 0.991942 0.785559 0.910392 0.895760
0.621787 0.582484 0.593653 0.656335 0.889855 0.965564 0.945295 0.985569 0.748930 0.717139 0.791096 0.685019 0.755801 0.736030 0.816979 0.923948 0.733774 0.752611 0.692042 0.617966 0.837291 0.895997 0.896213 0.741328 0.527369 0.635677 0.000000 0.743969 0.931341 0.880465 0.938201 0.931708 0.911466 0.841019 0.950044 0.888696 0.773215 0.973863 0.875952 0.687879 0.994822 0.887621 0.949369 0.890611 0.828280 0.927541 0.850083 0.786324 0.930109 0.989931 0.896091 0.992813 0.795038 0.712262 0.729755 0.805093 0.632903 0.618400 0.755678 0.601721 0.964920 0.964049 0.889856 0.809147 0.672284 0.722155 0.903467 0.994287 0.677853 0.717654 0.900390 0.834396 0.923584 0.971217 0.717280 0.983492 0.848693 0.945349 0.858775 0.742494 0.781294 0.650668 0.805980 0.673587 0.723311 0.585857 0.911923 0.871956 0.799676 0.631142 0.675395 0.934125 0.805092 0.995568 0.985202 0.866874 0.829330 0.904443 0.961130 0.931477 0.777145 0.877225 0.944058 0.826391 0.976318 0.819895 0.969699 0.936808 0.969028 0.859080 0.720995 0.963729 0.956370 0.969543 0.783375 0.990650
0.847235 0.838782 0.921805 0.929282 0.930206 0.781897 0.850975 0.924897 0.938472 0.778671 0.802409 0.935358 0.967785 0.947990 0.978583 0.885578 0.855137 0.866903 0.963759 0.892638 0.920686 0.937684 0.727094 0.988714 0.839139 0.879041 0.743969 0.000000 0.979860 0.972465 0.732782 0.761465 0.842177 0.879722 0.965807 0.936677 0.840332 0.877119 0.973469 0.753847 0.876987 0.732752 0.905768 0.927341 0.744540 0.743886 0.881830 0.890508 0.781326 0.750143 0.709614 0.701898 0.823317 0.741650 0.966834 0.914574 0.837212 0.803706 0.901495 0.996147 0.911417 0.992526 0.881776 0.993810 0.784355 0.812320 0.782353 0.766618 0.797827 0.776356 0.940090 0.958603 0.940144 0.973886 0.960762 0.929560 0.850915 0.964938 0.922998 0.957980 0.899520 0.807019 0.913171 0.869433 0.931759 0.909299 0.970972 0.895802 0.971297 0.853349 0.898606 0.898092 0.839360 0.900684 0.946287 0.927207 0.979154 0.962996 0.780001 0.809267 0.889232 0.884972 0.996428 0.987418 0.925457 0.962759 0.919703 0.931856 0.840696 0.991645 0.970569 0.955835 0.871704 0.950349 0.934738 0.955578
0.589645 0.611877 0.814614 0.961515 0.859505 0.897512 0.562657 0.727880 0.832161 0.870218 0.516546 0.392655 0.525588 0.506688 0.425664 0.668524 0.389479 0.426939 0.439634 0.526366 0.820592 0.927810 0.564119 0.793561 0.961710 0.856577 0.931341 0.979860 0.000000 0.276360 0.774402 0.721729 0.424840 0.381759 0.997414 0.969500 0.940818 0.963701 0.910162 0.861877 0.913208 0.956274 0.702137 0.641041 0.630823 0.592059 0.572365 0.543615 0.486641 0.529691 0.557591 0.609233 0.751314 0.959118 0.496571 0.547054 0.573647 0.571163 0.555650 0.697187 0.426319 0.546244 0.349905 0.317719 0.622219 0.710099 0.605970 0.637357 0.881981 0.915087 0.988386 0.871206 0.802466 0.812312 0.833740 0.867476 0.877990 0.823803 0.579585 0.588179 0.483258 0.680659 0.467881 0.696246 0.543516 0.698984 0.820171 0.775166 0.798839 0.733581 0.824594 0.870661 0.581745 0.713719 0.831604 0.832458 0.977812 0.942709 0.853450 0.833468 0.966227 0.975318 0.838541 0.815195 0.850785 0.763063 0.863263 0.943096 0.933690 0.946071 0.808394 0.684133 0.789670 0.889187 0.714410 0.895678
0.567731 0.584307 0.818339 0.848232 0.919414 0.969825 0.642417 0.708497 0.746385 0.976813 0.516503 0.372162 0.517956 0.344542 0.402616 0.538888 0.339759 0.379217 0.465421 0.516649 0.864515 0.949783 0.616504 0.657597 0.966496 0.975190 0.880465 0.972465 0.276360 0.000000 0.767618 0.725510 0.454287 0.388544 0.999376 0.900462 0.925062 0.941631 0.952854 0.851267 0.985777 0.933906 0.801314 0.692731 0.737377 0.673847 0.616767 0.570638 0.599697 0.592396 0.630014 0.628025 0.773927 0.970848 0.472018 0.478571 0.553508 0.530582 0.544204 0.690456 0.458134 0.521356 0.366932 0.303686 0.664500 0.584273 0.662761 0.636130 0.849661 0.834318 0.911442 0.805214 0.792844 0.831136 0.827897 0.807667 0.936962 0.914928 0.531941 0.497348 0.432316 0.622498 0.431812 0.579399 0.565889 0.611860 0.756316 0.703126 0.698533 0.672559 0.712724 0.732172 0.530841 0.635919 0.835758 0.843486 0.994663 0.958030 0.962464 0.896698 0.964123 0.924947 0.910608 0.805343 0.921241 0.764837 0.853075 0.945026 0.875838 0.988766 0.848567 0.684395 0.873983 0.951823 0.770294 0.959131
0.884189 0.968343 0.819153 0.801234 0.894400 0.781762 0.585647 0.652172 0.853556 0.501016 0.789661 0.927398 0.946884 0.906030 0.774470 0.745599 0.929105 0.974396 0.733874 0.957444 0.903578 0.970209 0.464500 0.971773 0.954300 0.845851 0.938201 0.732782 0.774402 0.767618 0.000000 0.477750 0.565472 0.467432 0.714081 0.810905 0.715640 0.992917 0.873594 0.859561 0.742415 0.861461 0.360079 0.359889 0.450698 0.389453 0.468725 0.472749 0.493671 0.415426 0.394902 0.360120 0.508031 0.544140 0.759842 0.654021 0.916554 0.931799 0.743586 0.877321 0.819457 0.708581 0.772138 0.711796 0.871502 0.840787 0.580009 0.535570 0.823324 0.953956 0.555018 0.694038 0.690539 0.633766 0.866125 0.674606 0.432633 0.598004 0.669160 0.817484 0.989508 0.759017 0.995283 0.852303 0.927978 0.923497 0.840256 0.832184 0.978711 0.997950 0.901600 0.816521 0.971611 0.848106 0.718571 0.852054 0.830416 0.759560 0.419635 0.445976 0.896709 0.742282 0.594260 0.716529 0.768812 0.554505 0.738967 0.941176 0.708919 0.762976 0.799129 0.657307 0.532629 0.711087 0.589316 0.792494
0.855916 0.832961 0.708445 0.709380 0.988733 0.912599 0.740730 0.769352 0.905341 0.733428 0.977193 0.778035 0.796744 0.705946 0.783463 0.713562 0.775916 0.797904 0.648591 0.840405 0.650687 0.995571 0.532189 0.748143 0.768243 0.780032 0.931708 0.761465 0.721729 0.725510 0.477750 0.000000 0.532159 0.557238 0.875042 0.958549 0.868027 0.934272 0.872502 0.744565 0.784189 0.844470 0.618772 0.536790 0.625245 0.528269 0.469495 0.484543 0.584252 0.506384 0.571876 0.515799 0.680335 0.806213 0.656188 0.619593 0.786085 0.800147 0.577051 0.665214 0.838701 0.769603 0.680564 0.657650 0.989338 0.979099 0.632977 0.601495 0.890377 0.839051 0.817868 0.896691 0.822275 0.822652 0.923954 0.845446 0.629481 0.861671 0.643815 0.618736 0.778032 0.943673 0.703094 0.907992 0.886894 0.860633 0.872777 0.913564 0.998416 0.797047 0.889717 0.905829 0.828158 0.793052 0.818708 0.929417 0.774272 0.729426 0.627309 0.645782 0.992592 0.901223 0.649616 0.630502 0.961311 0.558869 0.954456 0.985075 0.995959 0.775293 0.756612 0.881022 0.568403 0.677967 0.661497 0.995328
0.525952 0.559458 0.717052 0.788315 0.987290 0.858612 0.675042 0.768726 0.736728 0.948826 0.670336 0.461526 0.606846 0.516181 0.544107 0.768070 0.442718 0.448420 0.311913 0.463606 0.669856 0.973241 0.458194 0.712152 0.796737 0.927507 0.911466 0.842177 0.424840 0.454287 0.565472 0.532159 0.000000 0.357082 0.759665 0.979024 0.925842 0.973805 0.907294 0.848006 0.883398 0.873118 0.572231 0.457694 0.589974 0.461912 0.408612 0.354448 0.430662 0.396796 0.512877 0.502951 0.795402 0.984790 0.521742 0.410902 0.512015 0.526649 0.402568 0.506492 0.582246 0.713452 0.384620 0.363052 0.649148 0.833969 0.472588 0.554873 0.719039 0.770088 0.966402 0.827756 0.922008 0.916854 0.872666 0.847595 0.792599 0.800633 0.426095 0.485124 0.473720 0.635733 0.492110 0.563608 0.511772 0.563417 0.931654 0.775343 0.823273 0.587367 0.734094 0.840242 0.682547 0.633087 0.758934 0.796263 0.848352 0.915172 0.694352 0.651981 0.887490 0.889241 0.748058 0.628117 0.740524 0.644051 0.921055 0.988880 0.928441 0.810144 0.764234 0.720259 0.700138 0.665962 0.692496 0.929651
0.643263 0.602768 0.686505 0.723420 0.903772 0.993015 0.519268 0.583703 0.803885 0.802901 0.763496 0.488839 0.587822 0.498043 0.488492 0.628197 0.490678 0.507117 0.390201 0.551414 0.736601 0.958123 0.440613 0.734610 0.863399 0.874124 0.841019 0.879722 0.381759 0.388544 0.467432 0.557238 0.357082 0.000000 0.830661 0.786355 0.795612 0.936854 0.788655 0.842517 0.852307 0.805943 0.480490 0.391715 0.528599 0.442123 0.399489 0.381158 0.441236 0.380632 0.439166 0.415273 0.637122 0.804886 0.504856 0.422157 0.631266 0.631009 0.431973 0.642731 0.521996 0.536677 0.397522 0.328685 0.733675 0.774032 0.459018 0.492151 0.875130 0.821830 0.839980 0.981459 0.795729 0.788614 0.860004 0.818918 0.652326 0.699170 0.486802 0.521829 0.573103 0.785192 0.571378 0.684675 0.656474 0.665141 0.976387 0.868762 0.731677 0.675923 0.792283 0.885985 0.675909 0.624428 0.705167 0.733763 0.794007 0.809657 0.610518 0.577346 0.948607 0.963745 0.747438 0.677108 0.761961 0.573500 0.737763 0.996647 0.972106 0.793772 0.846026 0.682171 0.717079 0.713138 0.533662 0.941132
0.964540 0.927126 0.810924 0.750949 0.911439 0.886217 0.889391 0.864234 0.974505 0.929765 0.851790 0.943419 0.982897 0.933610 0.913214 0.996724 0.997297 0.991381 0.823635 0.944962 0.962180 0.937078 0.723321 0.853781 0.788016 0.780993 0.950044 0.965807 0.997414 0.999376 0.714081 0.875042 0.759665 0.830661 0.000000 0.939793 0.812222 0.917321 0.780387 0.918220 0.850976 0.854155 0.659115 0.658871 0.793033 0.745319 0.704638 0.711722 0.826507 0.730448 0.772768 0.800653 0.863526 0.894242 0.907612 0.723514 0.962995 0.946251 0.851209 0.837389 0.971328 0.945657 0.941051 0.914678 0.971453 0.961410 0.713792 0.776449 0.973364 0.955781 0.761900 0.956414 0.998473 0.848982 0.937334 0.966841 0.654501 0.731861 0.894336 0.919748 0.966315 0.978289 0.951636 0.939932 0.972312 0.912647 0.973669 0.943016 0.852994 0.857879 0.968262 0.983001 0.981927 0.861601 0.896943 0.950177 0.837315 0.820655 0.738870 0.713387 0.912486 0.958454 0.719018 0.709916 0.726365 0.854907 0.935975 0.955370 0.952142 0.761326 0.720393 0.801262 0.685013 0.805400 0.745432 0.933417
0.882492 0.903952 0.890303 0.929905 0.718126 0.921327 0.853464 0.937000 0.927741 0.918041 0.914218 0.951170 0.997988 0.958735 0.948931 0.987207 0.959461 0.981019 0.962553 0.989968 0.884036 0.916905 0.888533 0.957115 0.905609 0.998983 0.888696 0.936677 0.969500 0.900462 0.810905 0.958549 0.979024 0.786355 0.939793 0.000000 0.842973 0.896284 0.981042 0.908667 0.709409 0.868853 0.895473 0.850301 0.801213 0.851658 0.911216 0.809620 0.926465 0.871748 0.827816 0.838471 0.782584 0.714461 0.931642 0.818584 0.830274 0.868027 0.921231 0.917561 0.954798 0.922169 0.914929 0.966644 0.816576 0.964032 0.817002 0.731691 0.782673 0.989094 0.865065 0.809129 0.804273 0.882850 0.879607 0.994028 0.951289 0.841210 0.966506 0.968031 0.893681 0.899758 0.997129 0.979878 0.961751 0.974271 0.985089 0.970187 0.990968 0.945258 0.886929 0.817595 0.861319 0.903817 0.978613 0.672811 0.936854 0.672057 0.803056 0.749473 0.713378 0.776456 0.773451 0.708315 0.898926 0.789290 0.935054 0.996383 0.888843 0.953950 0.902737 0.768747 0.923742 0.898576 0.874551 0.718298
0.942656 0.865890 0.667472 0.579887 0.823425 0.842580 0.928275 0.978114 0.878519 0.929429 0.896629 0.953622 0.837145 0.938806 0.926694 0.959535 0.895132 0.946380 0.859185 0.872626 0.863964 0.877160 0.969973 0.938596 0.606894 0.532508 0.773215 0.840332 0.940818 0.925062 0.715640 0.868027 0.925842 0.795612 0.812222 0.842973 0.000000 0.704461 0.614839 0.793614 0.963891 0.768781 0.724556 0.698366 0.953301 0.965817 0.825330 0.738454 0.890404 0.977111 0.921185 0.997626 0.969096 0.998667 0.876576 0.846169 0.941772 0.921889 0.980282 0.997248 0.739915 0.914609 0.857560 0.985327 0.986150 0.974819 0.943806 0.945717 0.804180 0.721276 0.772034 0.720390 0.720536 0.756075 0.993528 0.800006 0.764761 0.858846 0.799168 0.868757 0.906905 0.925852 0.981536 0.893901 0.901838 0.921034 0.851363 0.969514 0.839149 0.886326 0.906206 0.934093 0.878870 0.941268 0.937534 0.894830 0.910491 0.719725 0.910025 0.817529 0.928793 0.993028 0.798674 0.681831 0.756179 0.596391 0.711229 0.867993 0.908936 0.820176 0.974477 0.969871 0.929377 0.802810 0.804561 0.874680
0.979319 0.907998 0.879753 0.791120 0.809109 0.814012 0.892060 0.951974 0.869612 0.847359 0.876385 0.933883 0.817634 0.967199 0.847381 0.994288 0.997371 0.983606 0.913125 0.894734 0.784197 0.983476 0.822210 0.905348 0.757181 0.638459 0.973863 0.877119 0.963701 0.941631 0.992917 0.934272 0.973805 0.936854 0.917321 0.896284 0.704461 0.000000 0.749754 0.974746 0.980015 0.622365 0.995053 0.956404 0.826652 0.826728 0.908519 0.923718 0.782517 0.809778 0.815208 0.787970 0.939310 0.924670 0.942609 0.982952 0.934181 0.918374 0.875004 0.907301 0.758555 0.999250 0.858408 0.944599 0.951980 0.895376 0.835712 0.825520 0.767047 0.653902 0.913922 0.995289 0.826897 0.842385 0.937764 0.950475 0.953820 0.986954 0.798309 0.883578 0.929420 0.874944 0.918628 0.942908 0.861059 0.991752 0.746510 0.982947 0.804962 0.909924 0.943773 0.815770 0.976391 0.930446 0.864324 0.874651 0.967292 0.823776 0.926390 0.966766 0.958772 0.887496 0.911178 0.927854 0.958091 0.796428 0.844779 0.768064 0.914341 0.941607 0.806786 0.786106 0.809080 0.738032 0.911094 0.876451
