0.000000 0.274686 0.713011 0.672183 0.919114 0.802857 0.595007 0.632680 0.886294 0.674816 0.361108 0.432135 0.440683 0.404252 0.681506 0.648371 0.386521 0.249579 0.355385 0.315172 0.707647 0.967517 0.857141 0.664308 0.735531 0.894761 0.850023 0.866149 0.707494 0.660272 0.805772 0.858920 0.539237 0.498319 0.835246 0.753087 0.747299 0.698954 0.813008 0.756375 0.718369 0.828449 0.673104 0.609274 0.863188 0.808615 0.522145 0.661401 0.868585 0.777124 0.972015 0.848432 0.852975 0.565636 0.515266 0.686642 0.262981 0.278316 0.413045 0.497171 0.602562 0.911787 0.518363 0.566375 0.731048 0.612380 0.613450 0.686715 0.354247 0.457096 0.853191 0.999510 0.831517 0.891285 0.797976 0.853685 0.820651 0.964149 0.706176 0.532042 0.285322 0.244066 0.577554 0.361447 0.463858 0.486764 0.647544 0.669052 0.603852 0.476457 0.711931 0.823969 0.608259 0.790851 0.766770 0.997480 0.694569 0.896076 0.658985 0.762500 0.847046 0.877969 0.787813 0.675460 0.830885 0.845439 0.896262 0.893906 0.894144 0.844019 0.936754 0.847651 0.900277 0.910227 0.970904 0.902435
0.274686 0.000000 0.584381 0.533060 0.810275 0.768748 0.513419 0.543321 0.970303 0.728484 0.493320 0.456379 0.399409 0.378940 0.585423 0.526596 0.399182 0.276969 0.372375 0.296955 0.710199 0.916886 0.690939 0.570245 0.647255 0.803387 0.803068 0.886629 0.698963 0.643639 0.891340 0.795128 0.489309 0.481734 0.806764 0.860674 0.737190 0.668036 0.764551 0.739696 0.724178 0.815292 0.529508 0.504505 0.772365 0.719941 0.441051 0.535665 0.817093 0.685675 0.831932 0.702021 0.994133 0.628932 0.515458 0.703426 0.235667 0.199998 0.352441 0.375361 0.491931 0.761262 0.503622 0.509217 0.628627 0.501136 0.517681 0.574727 0.428256 0.444045 0.785364 0.905409 0.896944 0.778851 0.842750 0.991101 0.764465 0.897940 0.598349 0.555774 0.304812 0.275829 0.524160 0.398802 0.372207 0.394968 0.654497 0.550249 0.569007 0.442969 0.700483 0.812438 0.533949 0.796264 0.690413 0.969422 0.677518 0.903106 0.642534 0.724507 0.873861 0.921610 0.774438 0.694586 0.703341 0.707244 0.997205 0.989026 0.828876 0.794084 0.823575 0.758399 0.857467 0.855796 0.763059 0.950532
0.713011 0.584381 0.000000 0.270625 0.595305 0.826875 0.363072 0.444211 0.669438 0.802000 0.948566 0.704756 0.471734 0.682138 0.528603 0.581349 0.871331 0.813029 0.720331 0.639371 0.682487 0.958572 0.373647 0.377121 0.362991 0.429565 0.680823 0.838725 0.959783 0.925640 0.762066 0.882624 0.558206 0.718446 0.680376 0.747158 0.550095 0.601947 0.782286 0.836340 0.800076 0.805486 0.831544 0.843341 0.868924 0.965144 0.800351 0.909237 0.847363 0.940295 0.887476 0.988802 0.973330 0.803237 0.608884 0.880468 0.710844 0.646461 0.761786 0.775424 0.350953 0.475507 0.975153 0.855569 0.257406 0.271343 0.480293 0.544206 0.606694 0.736639 0.598077 0.633463 0.830813 0.762620 0.929591 0.817172 0.854372 0.775431 0.878543 0.944025 0.797627 0.727683 0.827179 0.766778 0.359498 0.353277 0.726767 0.758563 0.633461 0.516894 0.726469 0.960788 0.604986 0.789112 0.771106 0.980245 0.772606 0.927242 0.920213 0.890011 0.992288 0.967347 0.878795 0.872989 0.643004 0.751910 0.896387 0.961592 0.743969 0.865336 0.848067 0.864575 0.992045 0.880217 0.864935 0.829699
0.672183 0.533060 0.270625 0.000000 0.585618 0.804923 0.391945 0.412165 0.746432 0.786164 0.934711 0.617324 0.452537 0.587256 0.499050 0.530273 0.843562 0.685419 0.603183 0.534214 0.711706 0.955546 0.322655 0.304174 0.409694 0.554634 0.592966 0.931234 0.945147 0.992164 0.867661 0.820640 0.594120 0.713166 0.660924 0.750085 0.617019 0.627006 0.759249 0.823101 0.836049 0.756659 0.781129 0.803478 0.864870 0.931173 0.794392 0.821176 0.897604 0.974488 0.889538 0.999332 0.952678 0.745129 0.609170 0.830682 0.651060 0.572141 0.736361 0.747740 0.430431 0.570108 0.931027 0.799559 0.274678 0.324069 0.420629 0.525673 0.624108 0.771515 0.562486 0.586481 0.862656 0.757977 0.965718 0.806402 0.779022 0.743031 0.788669 0.868243 0.696486 0.653839 0.785163 0.695207 0.311303 0.336026 0.648144 0.679035 0.593850 0.467940 0.619157 0.860911 0.476137 0.693658 0.729442 0.874724 0.726372 0.890276 0.822107 0.776393 0.971143 0.979935 0.986322 0.928986 0.562914 0.596869 0.902108 0.863008 0.730185 0.776840 0.818452 0.749261 0.997055 0.925686 0.842698 0.868641
0.919114 0.810275 0.595305 0.585618 0.000000 0.918981 0.677818 0.697057 0.791117 0.891897 0.968802 0.839836 0.646103 0.896510 0.678271 0.749381 0.992474 0.942143 0.860662 0.816638 0.817556 0.885777 0.518025 0.552512 0.565451 0.619853 0.614594 0.911154 0.972875 0.911598 0.780049 0.897955 0.806563 0.844503 0.880323 0.783782 0.764109 0.856821 0.927844 0.955723 0.901362 0.929733 0.910174 0.953890 0.953157 0.912066 0.963772 0.964850 0.827398 0.899112 0.869196 0.933199 0.996730 0.856271 0.892562 0.975485 0.863363 0.823842 0.984154 0.873333 0.666110 0.718662 0.967996 0.899200 0.560433 0.594326 0.749893 0.754873 0.748764 0.769279 0.773019 0.827145 0.813756 0.925316 0.929985 0.920502 0.993736 0.934220 0.992960 0.826712 0.912002 0.917490 0.845626 0.969858 0.651467 0.630338 0.882108 0.780543 0.956011 0.766878 0.893934 0.962617 0.732710 0.915570 0.844160 0.997277 0.905889 0.900218 0.922585 0.960249 0.950108 0.992594 0.943014 0.947722 0.857298 0.784758 0.946705 0.926289 0.922739 0.911405 0.911820 0.960378 0.929308 0.772390 0.940528 0.853919
0.802857 0.768748 0.826875 0.804923 0.918981 0.000000 0.619506 0.606586 0.976981 0.841662 0.674592 0.654037 0.907755 0.834526 0.933093 0.891544 0.854499 0.757806 0.723795 0.724409 0.828928 0.999737 0.941991 0.879424 0.990492 0.880937 0.975793 0.948232 0.760030 0.686659 0.990742 0.876578 0.691824 0.566688 0.880700 0.713841 0.876311 0.844021 0.911035 0.838049 0.847664 0.801019 0.694917 0.769480 0.700750 0.780669 0.777375 0.806716 0.762771 0.940459 0.973449 0.957248 0.986719 0.764042 0.767693 0.787400 0.805255 0.816762 0.772629 0.721285 0.733213 0.734182 0.845821 0.798562 0.897235 0.738373 0.599710 0.634846 0.869167 0.869535 0.756137 0.932870 0.951737 0.936914 0.847531 0.995606 0.906222 0.921186 0.918531 0.906544 0.728942 0.757782 0.988327 0.835695 0.823906 0.813923 0.954982 0.931766 0.948726 0.969451 0.816737 0.893902 0.760335 0.934292 0.855670 0.873949 0.605914 0.747102 0.657094 0.661799 0.858800 0.835818 0.909384 0.862547 0.777394 0.680930 0.967228 0.840036 0.927212 0.666663 0.861274 0.731914 0.786408 0.923552 0.941957 0.831107
0.595007 0.513419 0.363072 0.391945 0.677818 0.619506 0.000000 0.253075 0.690960 0.931103 0.725566 0.598965 0.487899 0.622609 0.508893 0.619499 0.632267 0.597534 0.506128 0.498215 0.838979 0.980714 0.509385 0.551619 0.618213 0.580996 0.855224 0.932438 0.753148 0.839854 0.758407 0.668588 0.362971 0.440924 0.633117 0.758814 0.546016 0.611754 0.754987 0.883874 0.774511 0.714848 0.466589 0.497211 0.553879 0.612544 0.535160 0.581474 0.809545 0.769128 0.862330 0.757315 0.789789 0.928094 0.477606 0.579013 0.574296 0.521514 0.527534 0.621977 0.341346 0.479525 0.680397 0.581094 0.453606 0.389747 0.300464 0.327668 0.637705 0.711213 0.444592 0.597270 0.822256 0.723677 0.988837 0.790670 0.630284 0.692461 0.638744 0.801926 0.557967 0.566601 0.711887 0.624043 0.402785 0.460865 0.758052 0.685856 0.679278 0.573128 0.512612 0.769085 0.479776 0.747279 0.623111 0.823978 0.499761 0.773458 0.553345 0.496193 0.825306 0.805595 0.824564 0.853769 0.459612 0.582858 0.854857 0.791453 0.733222 0.692764 0.700129 0.626222 0.737438 0.905592 0.807880 0.888700
0.632680 0.543321 0.444211 0.412165 0.697057 0.606586 0.253075 0.000000 0.758742 0.892092 0.755710 0.542449 0.554258 0.591503 0.628726 0.651380 0.716734 0.642869 0.553237 0.473253 0.822571 0.936191 0.632234 0.595848 0.672849 0.603244 0.847102 0.976613 0.825475 0.829608 0.861769 0.745548 0.449709 0.450530 0.692224 0.755328 0.532209 0.584271 0.810117 0.824857 0.786059 0.669846 0.540565 0.569973 0.589484 0.646335 0.529403 0.586906 0.778552 0.762056 0.851246 0.761919 0.821856 0.926522 0.457778 0.596599 0.629160 0.553839 0.569113 0.636006 0.407478 0.436339 0.775534 0.602881 0.566424 0.418411 0.369717 0.363150 0.689476 0.697057 0.543975 0.615091 0.862966 0.788080 0.943974 0.800175 0.702636 0.770902 0.729047 0.810634 0.572135 0.585411 0.745131 0.642890 0.501271 0.536365 0.780279 0.676272 0.774212 0.623805 0.510401 0.795720 0.506443 0.801186 0.723128 0.776577 0.557626 0.812292 0.556143 0.487297 0.751040 0.787017 0.743407 0.874255 0.546026 0.657475 0.936553 0.776210 0.814333 0.793645 0.730154 0.659328 0.858320 0.887597 0.825914 0.967274
0.886294 0.970303 0.669438 0.746432 0.791117 0.976981 0.690960 0.758742 0.000000 0.803663 0.857318 0.862275 0.945502 0.886720 0.860186 0.953687 0.986020 0.864149 0.977632 0.945482 0.982584 0.911469 0.740388 0.852021 0.729590 0.570191 0.924989 0.959771 0.949660 0.914708 0.618457 0.823337 0.663862 0.912081 0.700054 0.970688 0.838089 0.897608 0.943597 0.904424 0.977433 0.742732 0.833131 0.879776 0.697331 0.810332 0.891278 0.930984 0.923579 0.870645 0.794876 0.844761 0.765953 0.795398 0.758284 0.780500 0.946170 0.928490 0.940314 0.919159 0.700027 0.734057 0.966083 0.918731 0.722735 0.830076 0.689286 0.631191 0.913529 0.956139 0.758231 0.744873 0.672101 0.737412 0.952347 0.953014 0.822275 0.803396 0.909909 0.810157 0.910230 0.830085 0.879627 0.927790 0.816545 0.855517 0.991093 0.769967 0.923856 0.788570 0.813299 0.948015 0.887186 0.960455 0.768968 0.951703 0.946047 0.867234 0.842579 0.842565 0.869455 0.922460 0.996978 0.968239 0.792985 0.772557 0.811482 0.868744 0.867704 0.979817 0.712755 0.728762 0.908447 0.943132 0.838362 0.951483
0.674816 0.728484 0.802000 0.786164 0.891897 0.841662 0.931103 0.892092 0.803663 0.000000 0.954459 0.875805 0.575970 0.648516 0.758681 0.685914 0.914910 0.777816 0.760437 0.826442 0.830094 0.879053 0.774409 0.620674 0.753280 0.981069 0.672040 0.878653 0.855906 0.853134 0.754197 0.841968 0.905713 0.805561 0.899061 0.916769 0.999735 0.809897 0.989693 0.919937 0.909079 0.771163 0.701368 0.804897 0.485817 0.546007 0.885938 0.757196 0.474947 0.662874 0.594506 0.816773 0.651950 0.624209 0.972699 0.744478 0.728162 0.717410 0.956034 0.981190 0.982785 0.787286 0.939313 0.817995 0.697848 0.751297 0.887280 0.741525 0.726116 0.861669 0.968558 0.835611 0.631371 0.818705 0.987823 0.897205 0.814068 0.845722 0.971655 0.775979 0.863290 0.694178 0.853357 0.765201 0.664268 0.662547 0.741278 0.929297 0.845797 0.712944 0.937218 0.908031 0.908914 0.822226 0.969794 0.812049 0.853365 0.757875 0.701324 0.712250 0.659200 0.892711 0.706948 0.781703 0.866665 0.860397 0.961388 0.718775 0.970517 0.897688 0.724521 0.762601 0.791569 0.886087 0.926947 0.934226
0.361108 0.493320 0.948566 0.934711 0.968802 0.674592 0.725566 0.755710 0.857318 0.954459 0.000000 0.528697 0.722965 0.613026 0.931180 0.882242 0.480098 0.368606 0.486552 0.455010 0.810621 0.873498 0.898305 0.934569 0.950540 0.927545 0.965991 0.987281 0.587672 0.449360 0.813080 0.795782 0.614301 0.481569 0.878117 0.763556 0.884939 0.842277 0.797667 0.797033 0.731569 0.861633 0.662721 0.622312 0.791779 0.765508 0.587009 0.740337 0.714259 0.746702 0.949942 0.879754 0.871924 0.710222 0.643840 0.705659 0.439398 0.520706 0.512305 0.589209 0.813752 0.951984 0.476450 0.598575 0.966141 0.884364 0.647193 0.708336 0.574103 0.600395 0.935088 0.954287 0.948590 0.912270 0.834587 0.892105 0.815735 0.956891 0.699234 0.597240 0.370467 0.418105 0.752009 0.554739 0.790183 0.807684 0.786324 0.805315 0.801584 0.776935 0.727106 0.733841 0.668397 0.790840 0.735450 0.997284 0.616419 0.767666 0.596183 0.677034 0.989872 0.765472 0.712607 0.612559 0.945336 0.865291 0.811082 0.897033 0.925297 0.816178 0.928655 0.808745 0.822239 0.888917 0.989186 0.857818
0.432135 0.456379 0.704756 0.617324 0.839836 0.654037 0.598965 0.542449 0.862275 0.875805 0.528697 0.000000 0.550516 0.467101 0.678168 0.582594 0.638869 0.408568 0.489114 0.357830 0.734563 0.961795 0.782727 0.609662 0.706330 0.878524 0.796992 0.988611 0.724696 0.607563 0.890604 0.839452 0.607204 0.458982 0.815724 0.749361 0.639910 0.577470 0.813397 0.683953 0.814797 0.832553 0.693248 0.729132 0.849401 0.863880 0.642402 0.684084 0.872525 0.908602 0.935466 0.997464 0.821468 0.532913 0.602929 0.777474 0.446230 0.454261 0.634831 0.635824 0.557530 0.631140 0.687139 0.546667 0.735110 0.552732 0.650378 0.606335 0.560923 0.550047 0.847675 0.860533 0.944659 0.851227 0.985745 0.927987 0.944723 0.935298 0.777646 0.554560 0.414248 0.419560 0.782262 0.517252 0.559213 0.528809 0.663350 0.749070 0.731812 0.598932 0.788158 0.893361 0.639362 0.975261 0.898216 0.802104 0.679303 0.831642 0.712185 0.752899 0.951424 0.927574 0.770378 0.754980 0.721148 0.737102 0.804141 0.968820 0.882785 0.800924 0.894534 0.815186 0.907207 0.864646 0.941977 0.876244
0.440683 0.399409 0.471734 0.452537 0.646103 0.907755 0.487899 0.554258 0.945502 0.575970 0.722965 0.550516 0.000000 0.343634 0.357430 0.344720 0.537114 0.483379 0.396775 0.425006 0.771118 0.893162 0.401373 0.368767 0.567268 0.798681 0.668820 0.881897 0.792929 0.835052 0.968299 0.837248 0.573616 0.654517 0.986580 0.851444 0.675836 0.812272 0.948104 0.881579 0.745097 0.974133 0.716848 0.664994 0.999533 0.965228 0.642607 0.735878 0.867836 0.921756 0.938744 0.794389 0.983833 0.777973 0.740476 0.841315 0.413856 0.372144 0.632118 0.571855 0.457070 0.690188 0.682063 0.618020 0.450529 0.418407 0.661812 0.765575 0.548092 0.590241 0.605825 0.812759 0.975077 0.809320 0.891897 0.830435 0.786538 0.815289 0.742531 0.533629 0.482266 0.433528 0.651790 0.544450 0.329491 0.393573 0.579470 0.618563 0.674479 0.527743 0.705490 0.701338 0.603001 0.742460 0.800861 0.978996 0.763064 0.972315 0.794630 0.744217 0.911620 0.887268 0.927236 0.876194 0.744029 0.776329 0.960789 0.954924 0.806098 0.865681 0.882825 0.791824 0.905100 0.930755 0.857865 0.908162
0.404252 0.378940 0.682138 0.587256 0.896510 0.834526 0.622609 0.591503 0.886720 0.648516 0.613026 0.467101 0.343634 0.000000 0.452528 0.348148 0.506722 0.381396 0.361922 0.447752 0.850255 0.815341 0.645429 0.494905 0.806358 0.951605 0.720758 0.982736 0.704754 0.660498 0.793143 0.798762 0.684332 0.642460 0.934718 0.781155 0.931199 0.826868 0.949480 0.843367 0.948727 0.970755 0.705404 0.640052 0.952264 0.853065 0.574269 0.730782 0.999462 0.864000 0.977046 0.771691 0.991008 0.694666 0.766987 0.750713 0.360644 0.375638 0.570618 0.551591 0.580609 0.784123 0.694354 0.630507 0.665692 0.554719 0.707963 0.788221 0.709999 0.683347 0.890981 0.974667 0.899105 0.855621 0.841064 0.961805 0.897961 0.945816 0.667317 0.484278 0.420628 0.390250 0.578455 0.471981 0.469971 0.485107 0.663742 0.633732 0.723298 0.593299 0.722970 0.756052 0.673911 0.805050 0.844505 0.957611 0.802249 0.850879 0.732889 0.666726 0.921729 0.865511 0.821231 0.812632 0.795479 0.809691 0.989893 0.887844 0.806826 0.857195 0.824943 0.774353 0.885779 0.826408 0.830525 0.920700
0.681506 0.585423 0.528603 0.499050 0.678271 0.933093 0.508893 0.628726 0.860186 0.758681 0.931180 0.678168 0.357430 0.452528 0.000000 0.284735 0.660618 0.621951 0.538502 0.656242 0.822387 0.857691 0.369115 0.393425 0.618824 0.835810 0.727182 0.916292 0.684213 0.857763 0.835139 0.669790 0.622878 0.695780 0.880900 0.825119 0.807971 0.819002 0.955532 0.909515 0.866922 0.947801 0.685941 0.678682 0.870060 0.852817 0.663800 0.732521 0.926777 0.953984 0.993165 0.819193 0.848214 0.869140 0.837293 0.868674 0.537782 0.535184 0.683037 0.668854 0.448573 0.628316 0.709295 0.634406 0.460075 0.493871 0.699505 0.730482 0.786559 0.790709 0.674929 0.880174 0.937821 0.736626 0.911000 0.799058 0.803404 0.679109 0.648582 0.571784 0.621895 0.616252 0.608444 0.653052 0.399386 0.458404 0.684783 0.573606 0.699385 0.600872 0.848472 0.843450 0.771343 0.848811 0.774870 0.959618 0.737170 0.950702 0.823215 0.708529 0.956528 0.924703 0.933585 0.946712 0.654590 0.713846 0.898320 0.900321 0.737367 0.918562 0.848178 0.786465 0.800497 0.913612 0.810409 0.952411
0.648371 0.526596 0.581349 0.530273 0.749381 0.891544 0.619499 0.651380 0.953687 0.685914 0.882242 0.582594 0.344720 0.348148 0.284735 0.000000 0.645624 0.571853 0.550894 0.579340 0.800040 0.835983 0.393267 0.365364 0.613138 0.844751 0.713291 0.870240 0.732986 0.795235 0.888798 0.749123 0.658913 0.695907 0.918339 0.813575 0.799148 0.846256 0.941739 0.917470 0.859826 0.997081 0.714305 0.683266 0.992935 0.938913 0.643414 0.768571 0.861537 0.964299 0.930646 0.910093 0.974228 0.717155 0.873071 0.877506 0.482574 0.476870 0.703968 0.621318 0.479077 0.628400 0.778591 0.620296 0.515716 0.487233 0.776091 0.839717 0.771376 0.687355 0.791347 0.911149 0.970955 0.718358 0.966846 0.708443 0.902479 0.740294 0.668989 0.581373 0.573073 0.554394 0.600735 0.576200 0.388174 0.403763 0.723298 0.633932 0.647216 0.569916 0.893575 0.882517 0.785275 0.944572 0.912791 0.930057 0.832968 0.967195 0.906776 0.777139 0.900533 0.960087 0.906207 0.977977 0.722027 0.715603 0.934063 0.964145 0.767789 0.979529 0.922946 0.786107 0.842522 0.887098 0.754511 0.963536
0.386521 0.399182 0.871331 0.843562 0.992474 0.854499 0.632267 0.716734 0.986020 0.914910 0.480098 0.638869 0.537114 0.506722 0.660618 0.645624 0.000000 0.324695 0.382884 0.441699 0.929190 0.958171 0.899026 0.824668 0.919975 0.975612 0.955814 0.847768 0.492530 0.515238 0.983568 0.643003 0.491819 0.479780 0.925464 0.983883 0.824392 0.849377 0.915082 0.788524 0.696270 0.816101 0.436263 0.350368 0.706912 0.580893 0.430499 0.462483 0.668691 0.600433 0.694196 0.603241 0.853645 0.857051 0.597393 0.585595 0.299943 0.347358 0.378466 0.360549 0.710704 0.964429 0.328775 0.409612 0.956950 0.858145 0.670390 0.684239 0.537518 0.554619 0.783882 0.954535 0.975615 0.780982 0.815823 0.905850 0.643295 0.778431 0.501370 0.554879 0.268861 0.328333 0.489392 0.398047 0.627298 0.711884 0.837734 0.565483 0.672705 0.636837 0.758897 0.711941 0.764598 0.892623 0.700283 0.922367 0.713225 0.819452 0.521054 0.650941 0.946156 0.788583 0.580969 0.471780 0.767935 0.781340 0.983186 0.965957 0.900259 0.803995 0.796089 0.685180 0.701395 0.872029 0.758136 0.980427
0.249579 0.276969 0.813029 0.685419 0.942143 0.757806 0.597534 0.642869 0.864149 0.777816 0.368606 0.408568 0.483379 0.381396 0.621951 0.571853 0.324695 0.000000 0.323133 0.297743 0.822576 0.945034 0.836324 0.667593 0.842568 0.994756 0.915523 0.961655 0.564160 0.511457 0.827931 0.719885 0.524912 0.435733 0.806241 0.805517 0.829862 0.750986 0.804647 0.757460 0.737239 0.812154 0.514136 0.474989 0.786015 0.699407 0.465517 0.524055 0.752212 0.687782 0.877463 0.773807 0.909203 0.591430 0.544940 0.605191 0.220973 0.245306 0.341445 0.394091 0.661503 0.961225 0.406479 0.435420 0.818074 0.722194 0.574752 0.650249 0.473553 0.477423 0.817431 0.944398 0.890337 0.806012 0.797128 0.930714 0.786735 0.875578 0.517808 0.424041 0.220701 0.223490 0.508576 0.346926 0.495218 0.541148 0.682941 0.609290 0.576847 0.512666 0.685288 0.709064 0.577897 0.772345 0.718631 0.886495 0.596489 0.761655 0.559140 0.641393 0.939720 0.885822 0.625174 0.573248 0.703716 0.694248 0.966556 0.963390 0.877675 0.738487 0.872878 0.745479 0.800175 0.850877 0.818629 0.942262
0.355385 0.372375 0.720331 0.603183 0.860662 0.723795 0.506128 0.553237 0.977632 0.760437 0.486552 0.489114 0.396775 0.361922 0.538502 0.550894 0.382884 0.323133 0.000000 0.353945 0.861864 0.906264 0.730068 0.608383 0.837154 0.983999 0.767088 0.942973 0.590768 0.624406 0.893203 0.660284 0.545927 0.512155 0.853841 0.918387 0.816552 0.819144 0.816684 0.757302 0.682892 0.882529 0.571626 0.546647 0.815450 0.785859 0.512324 0.560132 0.855405 0.790106 0.973155 0.770923 0.968622 0.735653 0.601324 0.634094 0.330557 0.364128 0.482374 0.499478 0.612486 0.872360 0.504916 0.574515 0.744796 0.621200 0.537039 0.617177 0.558847 0.709859 0.617418 0.856628 0.954388 0.894209 0.896370 0.955342 0.747730 0.858306 0.602902 0.493027 0.322761 0.321945 0.654203 0.451895 0.499637 0.578199 0.693811 0.586055 0.708911 0.640240 0.625888 0.634441 0.543208 0.714417 0.740545 0.851805 0.543437 0.833194 0.536641 0.523134 0.975336 0.746085 0.693741 0.670136 0.669532 0.659856 0.926133 0.917847 0.826077 0.659871 0.841429 0.662851 0.776211 0.896901 0.813288 0.824194
0.315172 0.296955 0.639371 0.534214 0.816638 0.724409 0.498215 0.473253 0.945482 0.826442 0.455010 0.357830 0.425006 0.447752 0.656242 0.579340 0.441699 0.297743 0.353945 0.000000 0.776333 0.987166 0.741231 0.594387 0.701835 0.834823 0.787169 0.970561 0.691350 0.613713 0.952745 0.787161 0.478336 0.441889 0.871006 0.844226 0.630966 0.605770 0.759476 0.713370 0.711863 0.736219 0.533539 0.526544 0.825458 0.809470 0.480223 0.552255 0.834363 0.715244 0.935407 0.790571 0.936399 0.642411 0.489973 0.639749 0.300515 0.282175 0.429973 0.465289 0.565163 0.765401 0.553775 0.483979 0.711535 0.561436 0.513257 0.565179 0.377607 0.442610 0.654810 0.751669 0.933800 0.820262 0.874595 0.969568 0.652857 0.829851 0.645491 0.550064 0.279712 0.281082 0.641834 0.401777 0.454248 0.491688 0.652301 0.666709 0.622883 0.501345 0.627381 0.696805 0.501985 0.755084 0.761406 0.823425 0.577107 0.850461 0.596669 0.601792 0.905082 0.851673 0.641592 0.670526 0.653733 0.662338 0.881338 0.930247 0.847570 0.749135 0.843985 0.725463 0.902422 0.847627 0.855226 0.911030
0.707647 0.710199 0.682487 0.711706 0.817556 0.828928 0.838979 0.822571 0.982584 0.830094 0.810621 0.734563 0.771118 0.850255 0.822387 0.800040 0.929190 0.822576 0.861864 0.776333 0.000000 0.951670 0.832313 0.684414 0.667776 0.798531 0.899436 0.703063 0.992645 0.977925 0.906650 0.956222 0.802234 0.746949 0.725413 0.746099 0.825237 0.819658 0.734941 0.868539 0.890422 0.918461 0.969628 0.969799 0.952429 0.992486 0.906983 0.880413 0.968736 0.917531 0.863401 0.810057 0.764626 0.611956 0.751769 0.877589 0.756680 0.730300 0.806931 0.865830 0.565676 0.661545 0.936907 0.869037 0.636717 0.591452 0.822463 0.863515 0.698631 0.767394 0.971525 0.948284 0.968437 0.943712 0.879280 0.970238 0.966154 0.994510 0.861653 0.897988 0.794760 0.747836 0.744106 0.788109 0.642463 0.573699 0.753686 0.843807 0.707365 0.669794 0.882136 0.701560 0.967482 0.859406 0.977295 0.945975 0.925320 0.923670 0.954510 0.883751 0.824559 0.900895 0.896402 0.854885 0.896211 0.975619 0.869786 0.948567 0.952479 0.859484 0.920920 0.930733 0.946493 0.930705 0.998175 0.958299
0.967517 0.916886 0.958572 0.955546 0.885777 0.999737 0.980714 0.936191 0.911469 0.879053 0.873498 0.961795 0.893162 0.815341 0.857691 0.835983 0.958171 0.945034 0.906264 0.987166 0.951670 0.000000 0.968869 0.919898 0.912987 0.924868 0.958719 0.898051 0.915029 0.885012 0.827809 0.919731 0.851076 0.898574 0.985760 0.908954 0.932803 0.995495 0.897016 0.988893 0.940475 0.926383 0.984085 0.989259 0.923544 0.989378 0.961478 0.979654 0.994294 0.912134 0.885693 0.781199 0.729799 0.886674 0.920380 0.937991 0.913537 0.857521 0.934725 0.853508 0.938528 0.961458 0.925302 0.904115 0.993147 0.989543 0.886195 0.907902 0.852223 0.914971 0.969930 0.990399 0.939418 0.843650 0.943821 0.974818 0.989068 0.914115 0.991715 0.842561 0.945903 0.859331 0.917758 0.842027 0.949267 0.978556 0.830739 0.768434 0.996324 0.982745 0.891894 0.812300 0.954831 0.900597 0.733135 0.966650 0.786136 0.986301 0.887934 0.881778 0.821413 0.743045 0.976547 0.946659 0.917570 0.958067 0.958514 0.920494 0.865262 0.914970 0.917050 0.923014 0.891025 0.926598 0.801312 0.955076
0.857141 0.690939 0.373647 0.322655 0.518025 0.941991 0.509385 0.632234 0.740388 0.774409 0.898305 0.782727 0.401373 0.645429 0.369115 0.393267 0.899026 0.836324 0.730068 0.741231 0.832313 0.968869 0.000000 0.279579 0.417447 0.613950 0.591921 0.912123 0.954827 0.934471 0.744817 0.826637 0.698478 0.840003 0.780448 0.846575 0.686301 0.806940 0.911423 0.989180 0.872318 0.957070 0.828488 0.864956 0.985526 0.970986 0.899793 0.916444 0.754680 0.868836 0.841065 0.979042 0.981165 0.850358 0.910966 0.960473 0.757268 0.699638 0.914081 0.857574 0.467512 0.573505 0.976780 0.816198 0.280064 0.405754 0.621953 0.724939 0.776691 0.839757 0.578976 0.645989 0.800992 0.696420 0.941991 0.684501 0.860640 0.695119 0.810141 0.887044 0.847433 0.819270 0.767572 0.819124 0.344363 0.384404 0.694169 0.711683 0.629050 0.555471 0.782673 0.886011 0.644871 0.772532 0.805843 0.967363 0.860270 0.961376 0.934623 0.847788 0.880425 0.924972 0.916241 0.839817 0.629941 0.646517 0.857904 0.939604 0.759024 0.859113 0.871608 0.796412 0.926729 0.934162 0.825612 0.895782
0.664308 0.570245 0.377121 0.304174 0.552512 0.879424 0.551619 0.595848 0.852021 0.620674 0.934569 0.609662 0.368767 0.494905 0.393425 0.365364 0.824668 0.667593 0.608383 0.594387 0.684414 0.919898 0.279579 0.000000 0.389357 0.640982 0.518696 0.860477 0.917642 0.997369 0.880181 0.823412 0.682956 0.770657 0.765324 0.743791 0.730284 0.736024 0.818261 0.918237 0.839900 0.912184 0.910167 0.903948 0.922006 0.894993 0.858849 0.926481 0.709714 0.830045 0.710846 0.871119 0.832208 0.613128 0.765619 0.920468 0.608552 0.579807 0.853879 0.804812 0.489936 0.646938 0.945480 0.817984 0.314310 0.369930 0.673356 0.743764 0.633599 0.793149 0.678141 0.767987 0.950478 0.772825 0.998605 0.867226 0.917909 0.760844 0.790781 0.714912 0.696316 0.627935 0.717276 0.634669 0.294111 0.297847 0.667948 0.703773 0.532869 0.461088 0.837374 0.945439 0.634263 0.829040 0.846789 0.985721 0.826462 0.961861 0.932120 0.896694 0.900282 0.944680 0.956177 0.855762 0.675973 0.715241 0.967358 0.966454 0.875301 0.947447 0.956910 0.856777 0.977908 0.907181 0.923706 0.898913
0.735531 0.647255 0.362991 0.409694 0.565451 0.990492 0.618213 0.672849 0.729590 0.753280 0.950540 0.706330 0.567268 0.806358 0.618824 0.613138 0.919975 0.842568 0.837154 0.701835 0.667776 0.912987 0.417447 0.389357 0.000000 0.379516 0.556122 0.813081 0.883288 0.814329 0.674143 0.868367 0.618604 0.790510 0.693649 0.740615 0.504892 0.606491 0.783257 0.811579 0.749863 0.864410 0.945822 0.953386 0.968869 0.888821 0.870815 0.956990 0.742964 0.799696 0.761935 0.811798 0.753695 0.606107 0.679358 0.958502 0.732499 0.700410 0.898876 0.861736 0.481741 0.573566 0.916631 0.894528 0.325677 0.372933 0.701856 0.694921 0.514965 0.618724 0.816387 0.679320 0.878302 0.758462 0.966007 0.937250 0.989364 0.833910 0.915021 0.913480 0.858934 0.763122 0.758307 0.750984 0.368364 0.329208 0.792291 0.807372 0.529355 0.431400 0.960390 0.787184 0.744611 0.984290 0.827384 0.942242 0.998642 0.953723 0.911434 0.851071 0.822755 0.819339 0.876036 0.819466 0.758032 0.815010 0.928662 0.952160 0.847888 0.998416 0.980820 0.970072 0.882075 0.773041 0.964268 0.917091
0.894761 0.803387 0.429565 0.554634 0.619853 0.880937 0.580996 0.603244 0.570191 0.981069 0.927545 0.878524 0.798681 0.951605 0.835810 0.844751 0.975612 0.994756 0.983999 0.834823 0.798531 0.924868 0.613950 0.640982 0.379516 0.000000 0.751555 0.797391 0.823997 0.805281 0.587260 0.860450 0.631539 0.775753 0.733226 0.649170 0.566952 0.677642 0.742315 0.761500 0.928535 0.780462 0.878196 0.918430 0.850382 0.931924 0.828710 0.959094 0.906510 0.944182 0.973666 0.980889 0.994376 0.848673 0.622349 0.889244 0.899106 0.856784 0.889801 0.905117 0.523410 0.560685 0.836873 0.997886 0.465800 0.471509 0.617817 0.602997 0.641548 0.709636 0.855988 0.675252 0.780341 0.785380 0.957460 0.958501 0.994789 0.967090 0.981148 0.898621 0.994189 0.970436 0.819695 0.946515 0.561143 0.496733 0.950067 0.917211 0.670074 0.600827 0.890677 0.763253 0.850412 0.921141 0.848850 0.931290 0.946611 0.987757 0.963845 0.943064 0.978925 0.861189 0.870848 0.820238 0.817424 0.793544 0.935847 0.941285 0.844584 0.894429 0.836721 0.988901 0.861365 0.871302 0.964783 0.882901
0.850023 0.803068 0.680823 0.592966 0.614594 0.975793 0.855224 0.847102 0.924989 0.672040 0.965991 0.796992 0.668820 0.720758 0.727182 0.713291 0.955814 0.915523 0.767088 0.787169 0.899436 0.958719 0.591921 0.518696 0.556122 0.751555 0.000000 0.938519 0.848471 0.797226 0.958841 0.952735 0.984035 0.945574 0.925622 0.897991 0.914690 0.833370 0.875848 0.994818 0.957113 0.910169 0.891426 0.885027 0.700410 0.714390 0.972739 0.900641 0.629047 0.752550 0.683240 0.848585 0.768056 0.754298 0.968736 0.889663 0.837108 0.842696 0.919434 0.941489 0.832000 0.886147 0.933954 0.939435 0.598630 0.629824 0.918286 0.924783 0.787337 0.867245 0.910097 0.970202 0.984364 0.988936 0.975258 0.977538 0.947457 0.911258 0.916293 0.932099 0.955968 0.838257 0.906509 0.936911 0.648196 0.619828 0.775897 0.829870 0.870411 0.691028 0.886795 0.926381 0.747774 0.828209 0.982723 0.950429 0.969260 0.974446 0.945685 0.959896 0.876082 0.992235 0.870665 0.892210 0.870924 0.897714 0.991074 0.954093 0.883794 0.922138 0.912715 0.967071 0.934227 0.796593 0.935840 0.872163
0.866149 0.886629 0.838725 0.931234 0.911154 0.948232 0.932438 0.976613 0.959771 0.878653 0.987281 0.988611 0.881897 0.982736 0.916292 0.870240 0.847768 0.961655 0.942973 0.970561 0.703063 0.898051 0.912123 0.860477 0.813081 0.797391 0.938519 0.000000 0.964889 0.951537 0.804131 0.965087 0.880818 0.983404 0.958518 0.792363 0.859257 0.974708 0.978887 0.984555 0.984210 0.828022 0.914942 0.876468 0.970123 0.949107 0.926586 0.981442 0.964949 0.978107 0.989922 0.938070 0.955832 0.823981 0.932758 0.829716 0.873070 0.864137 0.904828 0.856277 0.879395 0.939541 0.978667 0.983393 0.866132 0.855487 0.995281 0.935284 0.802974 0.728557 0.905649 0.864878 0.914549 0.917480 0.987303 0.918115 0.879741 0.985919 0.937501 0.911196 0.917139 0.926376 0.885190 0.987600 0.843220 0.812615 0.867975 0.886814 0.907877 0.793676 0.857935 0.817635 0.850575 0.776331 0.918196 0.774588 0.896744 0.888825 0.889470 0.808510 0.734391 0.901854 0.888936 0.945512 0.907631 0.829951 0.962731 0.966461 0.926232 0.802899 0.873431 0.947717 0.976724 0.979465 0.906618 0.969537
0.707494 0.698963 0.959783 0.945147 0.972875 0.760030 0.753148 0.825475 0.949660 0.855906 0.587672 0.724696 0.792929 0.704754 0.684213 0.732986 0.492530 0.564160 0.590768 0.691350 0.992645 0.915029 0.954827 0.917642 0.883288 0.823997 0.848471 0.964889 0.000000 0.334417 0.860612 0.472011 0.603175 0.503033 0.947623 0.971824 0.899058 0.993639 0.924049 0.996021 0.840857 0.878187 0.485719 0.469184 0.577275 0.537630 0.579990 0.512281 0.646930 0.662778 0.705425 0.744384 0.788752 0.977482 0.826103 0.705561 0.564716 0.669030 0.532400 0.622299 0.764027 0.952303 0.420143 0.479149 0.911961 0.989539 0.697981 0.711574 0.870642 0.972077 0.839100 0.982630 0.904425 0.697357 0.950804 0.969616 0.785701 0.658081 0.532466 0.597076 0.477736 0.662133 0.669785 0.632009 0.850927 0.932223 0.896495 0.757769 0.911735 0.949499 0.985403 0.868456 0.957668 0.918709 0.643764 0.903046 0.601822 0.992102 0.636899 0.636015 0.922796 0.846435 0.698031 0.507035 0.754319 0.738241 0.927265 0.860381 0.887336 0.830212 0.764133 0.644535 0.714997 0.829940 0.785435 0.990523
0.660272 0.643639 0.925640 0.992164 0.911598 0.686659 0.839854 0.829608 0.914708 0.853134 0.449360 0.607563 0.835052 0.660498 0.857763 0.795235 0.515238 0.511457 0.624406 0.613713 0.977925 0.885012 0.934471 0.997369 0.814329 0.805281 0.797226 0.951537 0.334417 0.000000 0.994831 0.652908 0.673842 0.493475 0.951033 0.939747 0.939778 0.935271 0.977267 0.853625 0.839661 0.916029 0.531443 0.516683 0.617549 0.587274 0.608731 0.587918 0.578115 0.651198 0.722879 0.795849 0.870887 0.854392 0.876767 0.724451 0.566344 0.647851 0.535287 0.534135 0.807035 0.923712 0.469287 0.454709 0.828766 0.981943 0.715539 0.729899 0.849421 0.843881 0.950789 0.970197 0.878029 0.713792 0.945758 0.943024 0.891447 0.724157 0.578209 0.591127 0.446903 0.617447 0.705492 0.630290 0.935432 0.989484 0.916728 0.732477 0.946199 0.974823 0.974329 0.871877 0.961206 0.920798 0.740629 0.927135 0.687335 0.847838 0.631924 0.677894 0.847154 0.954355 0.650932 0.505781 0.901673 0.729946 0.834377 0.947536 0.956014 0.842983 0.782486 0.720669 0.816459 0.808215 0.834938 0.953390
0.805772 0.891340 0.762066 0.867661 0.780049 0.990742 0.758407 0.861769 0.618457 0.754197 0.813080 0.890604 0.968299 0.793143 0.835139 0.888798 0.983568 0.827931 0.893203 0.952745 0.906650 0.827809 0.744817 0.880181 0.674143 0.587260 0.958841 0.804131 0.860612 0.994831 0.000000 0.583165 0.613105 0.792736 0.823391 0.989562 0.655589 0.884219 0.722708 0.967615 0.850602 0.833650 0.714402 0.747729 0.695389 0.748601 0.871396 0.853509 0.894701 0.892695 0.827642 0.925752 0.796712 0.889754 0.892898 0.911406 0.939465 0.922306 0.939318 0.929826 0.680986 0.648285 0.970411 0.797650 0.817853 0.858345 0.841454 0.707829 0.906698 0.975240 0.850548 0.792084 0.654132 0.702115 0.839987 0.820098 0.835089 0.580605 0.887161 0.948424 0.974765 0.852752 0.879243 0.977850 0.865959 0.871765 0.824771 0.994058 0.859676 0.911575 0.756948 0.693766 0.786977 0.664052 0.886178 0.985278 0.996278 0.894673 0.960131 0.976897 0.893144 0.900730 0.996138 0.979646 0.865663 0.836146 0.869258 0.907816 0.933535 0.996950 0.871089 0.935957 0.915246 0.998531 0.943750 0.975975
0.858920 0.795128 0.882624 0.820640 0.897955 0.876578 0.668588 0.745548 0.823337 0.841968 0.795782 0.839452 0.837248 0.798762 0.669790 0.749123 0.643003 0.719885 0.660284 0.787161 0.956222 0.919731 0.826637 0.823412 0.868367 0.860450 0.952735 0.965087 0.472011 0.652908 0.583165 0.000000 0.576905 0.555052 0.780835 0.980166 0.742491 0.862038 0.739231 0.909503 0.854310 0.925917 0.548830 0.507833 0.639191 0.628613 0.634399 0.627878 0.796924 0.762673 0.820338 0.805516 0.852549 0.973948 0.677391 0.698267 0.665756 0.766411 0.620737 0.686432 0.702832 0.860248 0.650350 0.612494 0.913033 0.873502 0.661281 0.663328 0.858429 0.970808 0.842956 0.899978 0.810790 0.717548 0.969838 0.974502 0.781617 0.676086 0.563770 0.690083 0.614930 0.743342 0.636061 0.646931 0.754752 0.821150 0.949106 0.720740 0.772091 0.839331 0.998730 0.953161 0.977540 0.955046 0.751285 0.887916 0.748055 0.958124 0.726904 0.709173 0.896912 0.869732 0.701634 0.771037 0.699365 0.704439 0.946194 0.927842 0.812139 0.814541 0.793763 0.764350 0.743941 0.967622 0.829942 0.989299
0.539237 0.489309 0.558206 0.594120 0.806563 0.691824 0.362971 0.449709 0.663862 0.905713 0.614301 0.607204 0.573616 0.684332 0.622878 0.658913 0.491819 0.524912 0.545927 0.478336 0.802234 0.851076 0.698478 0.682956 0.618604 0.631539 0.984035 0.880818 0.603175 0.673842 0.613105 0.576905 0.000000 0.348860 0.656551 0.848114 0.547318 0.623292 0.734370 0.820749 0.679670 0.603274 0.368377 0.406909 0.493363 0.545695 0.437221 0.485695 0.691691 0.661892 0.754034 0.735232 0.884515 0.855449 0.479417 0.569600 0.494104 0.489693 0.414082 0.530057 0.397160 0.616652 0.509978 0.450018 0.645591 0.569597 0.390535 0.387898 0.531652 0.577210 0.605385 0.721672 0.818475 0.638413 0.835654 0.847986 0.618960 0.705263 0.570491 0.679607 0.458933 0.548561 0.629243 0.549243 0.481697 0.522797 0.867305 0.665131 0.611626 0.577899 0.770048 0.932246 0.700859 0.956736 0.715544 0.943752 0.645441 0.866524 0.619772 0.662340 0.923755 0.853918 0.755933 0.678081 0.597866 0.618673 0.935121 0.937525 0.911854 0.803349 0.815289 0.709262 0.714075 0.836852 0.810463 0.989207
0.498319 0.481734 0.718446 0.713166 0.844503 0.566688 0.440924 0.450530 0.912081 0.805561 0.481569 0.458982 0.654517 0.642460 0.695780 0.695907 0.479780 0.435733 0.512155 0.441889 0.746949 0.898574 0.840003 0.770657 0.790510 0.775753 0.945574 0.983404 0.503033 0.493475 0.792736 0.555052 0.348860 0.000000 0.686312 0.785112 0.601329 0.585552 0.755796 0.794549 0.634072 0.666223 0.432150 0.426250 0.483533 0.526114 0.399421 0.489317 0.603413 0.649145 0.749255 0.773907 0.954155 0.758394 0.451045 0.533152 0.460408 0.459952 0.402070 0.452937 0.451145 0.586241 0.454488 0.352818 0.812503 0.635633 0.464727 0.412414 0.566689 0.579825 0.771796 0.809235 0.861751 0.662983 0.892862 0.972584 0.822029 0.729861 0.692209 0.620448 0.364267 0.464661 0.593062 0.499440 0.578907 0.605048 0.792623 0.676148 0.653957 0.705401 0.847308 0.989285 0.780315 0.947558 0.770908 0.864115 0.545983 0.887263 0.579236 0.646966 0.819215 0.865796 0.660654 0.600711 0.638662 0.649658 0.972743 0.966361 0.967510 0.760051 0.783099 0.739575 0.782761 0.926313 0.848442 0.960441
0.835246 0.806764 0.680376 0.660924 0.880323 0.880700 0.633117 0.692224 0.700054 0.899061 0.878117 0.815724 0.986580 0.934718 0.880900 0.918339 0.925464 0.806241 0.853841 0.871006 0.725413 0.985760 0.780448 0.765324 0.693649 0.733226 0.925622 0.958518 0.947623 0.951033 0.823391 0.780835 0.656551 0.686312 0.000000 0.868836 0.856132 0.716876 0.611035 0.823977 0.992191 0.745125 0.844587 0.841602 0.732100 0.832742 0.849825 0.954493 0.948569 0.929579 0.956733 0.836271 0.915588 0.745470 0.615530 0.684555 0.846082 0.848835 0.751449 0.923303 0.627982 0.705957 0.873664 0.779075 0.649350 0.675367 0.518220 0.556570 0.788787 0.962865 0.814497 0.804673 0.828544 0.865808 0.962982 0.943763 0.934951 0.885104 0.826416 0.976060 0.823280 0.807003 0.692779 0.802545 0.668085 0.626346 0.957622 0.804607 0.640899 0.641894 0.930532 0.796130 0.766503 0.978892 0.829989 0.937103 0.769978 0.691842 0.827104 0.905670 0.971521 0.831334 0.976981 0.976330 0.754551 0.798177 0.854180 0.987815 0.880551 0.954905 0.995114 0.809088 0.928182 0.879547 0.934974 0.948248
0.753087 0.860674 0.747158 0.750085 0.783782 0.713841 0.758814 0.755328 0.970688 0.916769 0.763556 0.749361 0.851444 0.781155 0.825119 0.813575 0.983883 0.805517 0.918387 0.844226 0.746099 0.908954 0.846575 0.743791 0.740615 0.649170 0.897991 0.792363 0.971824 0.939747 0.989562 0.980166 0.848114 0.785112 0.868836 0.000000 0.867538 0.840400 0.967215 0.930891 0.883479 0.898363 0.964953 0.955603 0.959974 0.958982 0.935925 0.808914 0.877438 0.823251 0.792713 0.783526 0.778242 0.650512 0.772309 0.973877 0.832742 0.846591 0.921767 0.916431 0.769101 0.852195 0.869026 0.967787 0.674157 0.677016 0.810716 0.855569 0.777383 0.714282 0.981224 0.998680 0.884648 0.948071 0.961514 0.981512 0.861189 0.858728 0.996632 0.842249 0.848776 0.838471 0.840975 0.878730 0.708739 0.655177 0.974513 0.949050 0.790580 0.804727 0.879112 0.877857 0.948657 0.989721 0.951035 0.984300 0.980295 0.902296 0.958249 0.970040 0.937099 0.942285 0.954358 0.854087 0.948639 0.924737 0.976302 0.864584 0.955836 0.900301 0.966192 0.960788 0.854017 0.794464 0.822760 0.905410
0.747299 0.737190 0.550095 0.617019 0.764109 0.876311 0.546016 0.532209 0.838089 0.999735 0.884939 0.639910 0.675836 0.931199 0.807971 0.799148 0.824392 0.829862 0.816552 0.630966 0.825237 0.932803 0.686301 0.730284 0.504892 0.566952 0.914690 0.859257 0.899058 0.939778 0.655589 0.742491 0.547318 0.601329 0.856132 0.867538 0.000000 0.562722 0.820135 0.805992 0.685761 0.812185 0.764215 0.761315 0.771244 0.864386 0.733131 0.731631 0.929462 0.929111 0.985164 0.987177 0.971801 0.860352 0.541376 0.836256 0.758729 0.707736 0.760348 0.830917 0.534001 0.595488 0.890958 0.695840 0.666846 0.580501 0.649383 0.618379 0.570312 0.650203 0.699845 0.560853 0.919817 0.703851 0.980955 0.905722 0.858186 0.806793 0.884956 0.951553 0.708129 0.706478 0.826294 0.695331 0.617627 0.637585 0.884114 0.824973 0.790668 0.674906 0.874576 0.947761 0.793788 0.991576 0.841844 0.994526 0.771480 0.836817 0.835378 0.897912 0.923521 0.949778 0.875248 0.985761 0.753901 0.824714 0.907763 0.976239 0.860349 0.829581 0.980206 0.912959 0.993721 0.955131 0.987406 0.919231
0.698954 0.668036 0.601947 0.627006 0.856821 0.844021 0.611754 0.584271 0.897608 0.809897 0.842277 0.577470 0.812272 0.826868 0.819002 0.846256 0.849377 0.750986 0.819144 0.605770 0.819658 0.995495 0.806940 0.736024 0.606491 0.677642 0.833370 0.974708 0.993639 0.935271 0.884219 0.862038 0.623292 0.585552 0.716876 0.840400 0.562722 0.000000 0.692609 0.736434 0.832278 0.631464 0.783067 0.844722 0.731567 0.816994 0.694886 0.754614 0.804054 0.841519 0.928018 0.970114 0.889476 0.726943 0.555139 0.708917 0.737193 0.673942 0.744253 0.803181 0.571596 0.583875 0.895784 0.698434 0.712650 0.612983 0.673114 0.551140 0.634275 0.663092 0.827531 0.735129 0.929765 0.814231 0.972609 0.997877 0.776629 0.940391 0.892959 0.884509 0.704789 0.709434 0.891687 0.724002 0.667251 0.644476 0.845542 0.823248 0.734226 0.643853 0.840445 0.867583 0.731568 0.968868 0.905057 0.827124 0.832250 0.844190 0.704459 0.825306 0.818010 0.979453 0.792568 0.851767 0.691408 0.833197 0.945352 0.965430 0.947228 0.832718 0.846142 0.847756 0.861319 0.924779 0.975807 0.951471
