0.000000 0.415269 0.971832 0.882931 0.886835 0.888350 0.848258 0.719712 0.979206 0.764356 0.636070 0.570011 0.999914 0.839239 0.991526 0.900083 0.499720 0.534303 0.611380 0.567523 0.935406 0.932870 0.997866 0.973508 0.923349 0.885812 0.954756 0.880623 0.721181 0.724126 0.897499 0.867521 0.539716 0.628417 0.942751 0.939266 0.812027 0.771778 0.946513 0.999334 0.766547 0.947452 0.882181 0.736853 0.794592 0.846245 0.898050 0.892709 0.843366 0.955043 0.888039 0.998797 0.871008 0.862228 0.924985 0.832630 0.417285 0.433095 0.675380 0.829202 0.800643 0.929393 0.495897 0.496741 0.793260 0.943417 0.791346 0.759921 0.554396 0.640610 0.614565 0.659424 0.790335 0.777876 0.953002 0.938772 0.733532 0.731591 0.817813 0.772911 0.488745 0.491410 0.994572 0.803588 0.999642 0.876654 0.923788 0.828346 0.781739 0.944864 0.740645 0.742557 0.787108 0.858432 0.971743 0.892358 0.754020 0.965666 0.546434 0.694232 0.840659 0.926856 0.669213 0.621047 0.829561 0.988335 0.940897 0.901546 0.945735 0.886755 0.759449 0.853726 0.849770 0.977980 0.978251 0.992824
0.415269 0.000000 0.776900 0.979754 0.973424 0.953726 0.960341 0.780933 0.841114 0.807622 0.688326 0.530829 0.871965 0.846065 0.794930 0.997713 0.505494 0.488020 0.666559 0.525166 0.991248 0.977745 0.867066 0.925416 0.861912 0.763398 0.995665 0.832372 0.745346 0.664094 0.991463 0.881263 0.623318 0.657733 0.970357 0.864277 0.842938 0.739462 0.871929 0.983639 0.795410 0.778927 0.957709 0.767802 0.823398 0.818815 0.990185 0.966439 0.800525 0.915129 0.936351 0.978191 0.747393 0.757681 0.974047 0.801392 0.380080 0.340162 0.806146 0.798436 0.903080 0.848172 0.619854 0.463501 0.698156 0.936927 0.912830 0.828370 0.573754 0.593751 0.621239 0.710498 0.820166 0.749353 0.982081 0.972178 0.764158 0.756875 0.851552 0.788590 0.522342 0.550933 0.983268 0.786770 0.837067 0.977094 0.952502 0.868503 0.656749 0.912505 0.828372 0.818155 0.869818 0.916519 0.930845 0.904757 0.773571 0.905284 0.595351 0.741730 0.751490 0.993011 0.720987 0.655536 0.910867 0.963184 0.966888 0.959474 0.987176 0.900221 0.788143 0.789228 0.797991 0.951047 0.983490 0.996725
0.971832 0.776900 0.000000 0.489950 0.805988 0.955308 0.420885 0.826361 0.572546 0.924798 0.932148 0.728268 0.743587 0.882166 0.664106 0.944217 0.908666 0.823637 0.766901 0.887030 0.870043 0.854137 0.451424 0.684627 0.565805 0.574687 0.925113 0.843353 0.893401 0.830551 0.553373 0.743913 0.690147 0.708417 0.661960 0.940221 0.867687 0.994519 0.666824 0.908346 0.896473 0.883371 0.722367 0.867242 0.816728 0.972671 0.678689 0.777158 0.796384 0.979792 0.970632 0.914988 0.786373 0.781508 0.788209 0.940318 0.808421 0.733405 0.694600 0.961667 0.675679 0.877727 0.870104 0.751379 0.432670 0.647546 0.493012 0.650436 0.972833 0.858589 0.872043 0.901037 0.947624 0.965024 0.774258 0.811920 0.723349 0.811389 0.877583 0.974767 0.860224 0.947726 0.955108 0.816808 0.528533 0.611548 0.908172 0.913117 0.791137 0.924829 0.854891 0.815389 0.772005 0.644318 0.985496 0.913016 0.993473 0.841587 0.994921 0.923914 0.783261 0.834079 0.990585 0.866436 0.804001 0.572565 0.964177 0.891480 0.999432 0.981230 0.942353 0.922548 0.972634 0.951039 0.864988 0.881917
0.882931 0.979754 0.489950 0.000000 0.930013 0.974001 0.495192 0.655972 0.642645 0.880604 0.983076 0.938604 0.917438 0.966336 0.813224 0.790694 0.988047 0.859475 0.728800 0.945338 0.916022 0.987183 0.492765 0.529696 0.629085 0.644944 0.989010 0.927626 0.828467 0.836277 0.580165 0.703777 0.721177 0.745978 0.762594 0.988173 0.635297 0.797719 0.686809 0.916808 0.818381 0.999251 0.794389 0.961955 0.983136 0.884772 0.745601 0.861047 0.775660 0.952761 0.892250 0.975150 0.773455 0.641408 0.746745 0.901154 0.980833 0.923403 0.695770 0.996864 0.738883 0.903972 0.789452 0.985085 0.608199 0.658764 0.633015 0.802166 0.894156 0.933517 0.708809 0.691240 0.701185 0.821417 0.778647 0.849968 0.682772 0.820498 0.836544 0.995708 0.990277 0.951859 0.917762 0.974219 0.646974 0.611908 0.940739 0.921597 0.942663 0.876176 0.761216 0.749891 0.709677 0.661337 0.898551 0.947190 0.935994 0.929135 0.974527 0.898614 0.973998 0.728143 0.886347 0.960840 0.770589 0.626193 0.976229 0.799879 0.920719 0.954706 0.999216 0.973324 0.951043 0.950636 0.978619 0.983993
0.886835 0.973424 0.805988 0.930013 0.000000 0.748533 0.815574 0.963465 0.846769 0.878914 0.695951 0.870474 0.718787 0.984649 0.854197 0.894944 0.976956 0.918360 0.877142 0.982831 0.943137 0.863288 0.920698 0.933007 0.987025 0.958960 0.875499 0.939209 0.871293 0.935338 0.926000 0.867192 0.829987 0.809005 0.888095 0.905207 0.942115 0.884987 0.941438 0.990495 0.915075 0.869017 0.945329 0.832671 0.710771 0.816913 0.941583 0.782253 0.952122 0.885737 0.892475 0.996475 0.979241 0.983325 0.912820 0.898664 0.986076 0.949710 0.855360 0.922080 0.715676 0.961708 0.944306 0.900607 0.827718 0.819227 0.734572 0.680160 0.958140 0.920178 0.963290 0.909811 0.943507 0.919247 0.991838 0.960559 0.841737 0.945438 0.964497 0.905508 0.981625 0.979399 0.893409 0.884267 0.880324 0.896825 0.913356 0.856778 0.897750 0.768916 0.913425 0.885432 0.908840 0.827491 0.958696 0.925317 0.922259 0.977660 0.846503 0.904272 0.968506 0.899516 0.965337 0.822572 0.865457 0.959971 0.939033 0.962398 0.939094 0.972089 0.848946 0.980980 0.923342 0.978024 0.958328 0.712546
0.888350 0.953726 0.955308 0.974001 0.748533 0.000000 0.849207 0.765430 0.867207 0.807234 0.803261 0.802660 0.801528 0.995544 0.960370 0.893759 0.981805 0.964313 0.966225 0.999266 0.918632 0.840538 0.915121 0.857778 0.935471 0.948651 0.857392 0.951024 0.917662 0.986799 0.932239 0.927673 0.951549 0.920974 0.853296 0.871674 0.987830 0.814111 0.978146 0.899042 0.989459 0.886269 0.932275 0.933763 0.849800 0.815844 0.954052 0.963021 0.955439 0.979772 0.982024 0.995614 0.956745 0.893068 0.983121 0.954672 0.992008 0.976364 0.786208 0.889765 0.685635 0.820556 0.879298 0.920307 0.935155 0.946846 0.887852 0.805915 0.996260 0.897259 0.943030 0.900159 0.978584 0.936533 0.998392 0.989315 0.870710 0.982153 0.991715 0.949560 0.998719 0.929483 0.775109 0.903166 0.914963 0.912216 0.987457 0.836633 0.980103 0.899824 0.784616 0.822264 0.734622 0.843380 0.925608 0.999441 0.918278 0.887245 0.804280 0.962930 0.809735 0.796578 0.895186 0.969989 0.988400 0.929161 0.953368 0.982770 0.953526 0.915463 0.818723 0.915814 0.928035 0.968450 0.994713 0.828577
0.848258 0.960341 0.420885 0.495192 0.815574 0.849207 0.000000 0.583469 0.630696 0.643816 0.716697 0.967490 0.731430 0.893067 0.697536 0.841393 0.868289 0.956744 0.561962 0.897635 0.910342 0.887961 0.473046 0.631934 0.791536 0.823450 0.902733 0.996373 0.927491 0.946945 0.545919 0.686201 0.623922 0.608444 0.756462 0.983254 0.906820 0.972479 0.776808 0.997366 0.941276 0.931397 0.629145 0.756142 0.769177 0.910773 0.671853 0.750582 0.853424 0.934712 0.975691 0.956439 0.824176 0.773365 0.920253 0.885863 0.966666 0.924998 0.704591 0.877744 0.709317 0.879501 0.617497 0.972602 0.689585 0.856623 0.506984 0.734228 0.933576 0.984748 0.693827 0.762863 0.712558 0.800410 0.832184 0.763887 0.632090 0.819074 0.763891 0.857962 0.923868 0.851550 0.897410 0.915596 0.590240 0.699525 0.929083 0.890773 0.975861 0.932326 0.654031 0.589220 0.676792 0.614048 0.937773 0.911776 0.895586 0.865428 0.783158 0.686407 0.919691 0.655406 0.843310 0.910578 0.855471 0.698384 0.961997 0.783196 0.996211 0.969240 0.838144 0.931105 0.891741 0.974853 0.908121 0.886458
0.719712 0.780933 0.826361 0.655972 0.963465 0.765430 0.583469 0.000000 0.877490 0.541629 0.761333 0.636750 0.801653 0.740114 0.913413 0.748423 0.853229 0.978307 0.664923 0.812293 0.946695 0.970509 0.844086 0.857740 0.860376 0.935893 0.750796 0.861695 0.917313 0.869776 0.800271 0.874053 0.776031 0.735287 0.907248 0.995213 0.883914 0.963006 0.894240 0.853330 0.946222 0.905433 0.850099 0.828970 0.885034 0.867243 0.923690 0.927161 0.968445 0.865036 0.846604 0.933422 0.882680 0.842652 0.934512 0.987663 0.824448 0.847594 0.699791 0.883962 0.720197 0.719280 0.577905 0.676652 0.871712 0.990406 0.761690 0.857606 0.807141 0.821540 0.608763 0.742779 0.649639 0.696851 0.893035 0.920122 0.724244 0.941921 0.863474 0.965122 0.844941 0.854110 0.822208 0.912963 0.931936 0.925847 0.960240 0.886983 0.825903 0.907473 0.517238 0.524618 0.620747 0.677499 0.919175 0.907100 0.740166 0.920828 0.700892 0.741637 0.667278 0.551390 0.745516 0.660694 0.948968 0.855137 0.960677 0.811920 0.891009 0.898992 0.824790 0.925975 0.823640 0.874300 0.953752 0.935767
0.979206 0.841114 0.572546 0.642645 0.846769 0.867207 0.630696 0.877490 0.000000 0.868346 0.951975 0.834987 0.801458 0.835552 0.832331 0.804296 0.977188 0.863505 0.939736 0.910405 0.927681 0.817202 0.690341 0.817215 0.752988 0.683704 0.996475 0.796841 0.911620 0.809225 0.755216 0.941303 0.932286 0.943267 0.765640 0.959366 0.816675 0.992755 0.817029 0.844074 0.881099 0.999733 0.828777 0.900093 0.876172 0.970447 0.676033 0.872767 0.923449 0.925731 0.869157 0.877411 0.758873 0.848155 0.919745 0.979998 0.861524 0.849335 0.622777 0.800654 0.663699 0.957653 0.973316 0.930311 0.627756 0.710324 0.693473 0.795669 0.928784 0.959452 0.858339 0.878108 0.989351 0.948846 0.851462 0.908985 0.800675 0.993970 0.948064 0.986328 0.974882 0.943755 0.856359 0.966865 0.768425 0.823148 0.878509 0.914727 0.697872 0.838657 0.787990 0.836106 0.729508 0.771581 0.950025 0.924232 0.923352 0.895102 0.977907 0.916564 0.918238 0.965645 0.942387 0.949541 0.832756 0.750217 0.894257 0.863770 0.910703 0.956562 0.914434 0.904486 0.846720 0.995048 0.888689 0.795443
0.764356 0.807622 0.924798 0.880604 0.878914 0.807234 0.643816 0.541629 0.868346 0.000000 0.660120 0.757355 0.834970 0.766212 0.967251 0.840753 0.738779 0.760773 0.635760 0.740660 0.985451 0.985308 0.929517 0.995316 0.726550 0.738097 0.816102 0.842426 0.745003 0.668695 0.848991 0.907080 0.856941 0.750134 0.954326 0.946279 0.963119 0.995798 0.886705 0.855655 0.954763 0.997079 0.652247 0.647625 0.739357 0.732377 0.915346 0.799227 0.794319 0.990299 0.886372 0.913907 0.954646 0.997851 0.856449 0.934398 0.786368 0.863394 0.858799 0.947908 0.892800 0.981142 0.642552 0.748293 0.780919 0.776533 0.846709 0.980876 0.958949 0.915977 0.612857 0.744806 0.762496 0.719873 0.992631 0.839178 0.683002 0.969092 0.882226 0.935784 0.797764 0.840877 0.806103 0.974719 0.900778 0.856790 0.908374 0.874900 0.746369 0.766184 0.523171 0.562987 0.719848 0.825542 0.929669 0.928472 0.857868 0.919723 0.622491 0.625899 0.802110 0.784869 0.679375 0.692428 0.969392 0.981033 0.994259 0.840172 0.919555 0.980680 0.849956 0.773018 0.770990 0.864450 0.993498 0.875911
0.636070 0.688326 0.932148 0.983076 0.695951 0.803261 0.716697 0.761333 0.951975 0.660120 0.000000 0.664306 0.670880 0.721277 0.806847 0.919484 0.611319 0.587573 0.589775 0.633335 0.932902 0.974183 0.983819 0.946296 0.804586 0.759308 0.967886 0.823763 0.644292 0.598146 0.869661 0.894978 0.681074 0.635418 0.949219 0.985421 0.884609 0.834960 0.972802 0.995329 0.980739 0.980967 0.857827 0.746427 0.725935 0.826288 0.935901 0.872837 0.949641 0.977668 0.860139 0.837565 0.814276 0.788213 0.836684 0.930978 0.673584 0.712702 0.848679 0.966355 0.814723 0.885477 0.593661 0.753251 0.864966 0.847703 0.804631 0.796029 0.768893 0.793476 0.691867 0.835091 0.829795 0.866174 0.980375 0.835821 0.798040 0.811617 0.831875 0.692729 0.679439 0.595378 0.920394 0.986135 0.954780 0.945346 0.807118 0.848780 0.883995 0.656358 0.736615 0.714012 0.822288 0.822570 0.879360 0.991756 0.834477 0.910070 0.589743 0.684006 0.984802 0.862208 0.805408 0.834962 0.975779 0.946447 0.888292 0.981633 0.996893 0.918215 0.846250 0.880488 0.862468 0.922233 0.925953 0.811738
0.570011 0.530829 0.728268 0.938604 0.870474 0.802660 0.967490 0.636750 0.834987 0.757355 0.664306 0.000000 0.890213 0.670335 0.855818 0.790972 0.687285 0.707152 0.772204 0.684465 0.943672 0.968511 0.766735 0.814900 0.634424 0.618757 0.777776 0.761764 0.817631 0.688866 0.850796 0.910089 0.827073 0.891909 0.833038 0.982808 0.974711 0.906623 0.854156 0.927089 0.925824 0.869121 0.885174 0.904676 0.984049 0.914456 0.849732 0.989554 0.883967 0.876054 0.994299 0.844908 0.823319 0.848479 0.889851 0.882993 0.601361 0.566573 0.877558 0.776306 0.857434 0.766268 0.599186 0.462629 0.563379 0.775362 0.938877 0.981204 0.695378 0.754527 0.718197 0.846092 0.814100 0.828691 0.987883 0.888440 0.926821 0.950461 0.951846 0.936835 0.673932 0.671341 0.915451 0.740247 0.693327 0.759784 0.922013 0.925227 0.797017 0.771846 0.748801 0.758654 0.857222 0.906356 0.986781 0.964671 0.812196 0.905974 0.686033 0.822489 0.735816 0.872771 0.837627 0.655991 0.978437 0.859766 0.913844 0.991197 0.913964 0.838414 0.839815 0.909997 0.848255 0.913854 0.960582 0.947202
0.999914 0.871965 0.743587 0.917438 0.718787 0.801528 0.731430 0.801653 0.801458 0.834970 0.670880 0.890213 0.000000 0.787164 0.704931 0.834958 0.938356 0.945619 0.948038 0.931562 0.915052 0.978316 0.967481 0.953918 0.916314 0.996453 0.975847 0.991243 0.948774 0.983526 0.939187 0.901273 0.899523 0.917155 0.987011 0.930326 0.907592 0.831649 0.987054 0.930963 0.935353 0.852904 0.947220 0.908267 0.847345 0.933825 0.872791 0.871968 0.921294 0.970617 0.948514 0.948458 0.966400 0.913244 0.935206 0.987776 0.826279 0.843040 0.802294 0.909667 0.692946 0.974957 0.851442 0.955085 0.871720 0.996581 0.839487 0.863495 0.944105 0.907133 0.975897 0.992366 0.992207 0.920695 0.943301 0.847965 0.931679 0.976222 0.991653 0.942599 0.864248 0.962224 0.825979 0.817148 0.912600 0.909053 0.868123 0.837377 0.824199 0.850421 0.807718 0.844687 0.820646 0.835735 0.951021 0.980460 0.965655 0.931486 0.879100 0.975213 0.927439 0.857210 0.987184 0.969194 0.989120 0.933744 0.999079 0.990947 0.914986 0.857518 0.938304 0.994530 0.963941 0.969593 0.991202 0.832852
0.839239 0.846065 0.882166 0.966336 0.984649 0.995544 0.893067 0.740114 0.835552 0.766212 0.721277 0.670335 0.787164 0.000000 0.870088 0.755351 0.742202 0.731987 0.719860 0.780916 0.855990 0.957981 0.990474 0.938837 0.783052 0.736002 0.855258 0.730301 0.737238 0.638084 0.975460 0.853343 0.909252 0.924391 0.706569 0.982725 0.882443 0.950659 0.917048 0.923399 0.860023 0.980493 0.835422 0.875909 0.963071 0.963202 0.992275 0.932774 0.954335 0.787261 0.950172 0.798361 0.907088 0.970253 0.921916 0.985408 0.796163 0.837443 0.915783 0.856335 0.826850 0.888826 0.659358 0.777349 0.733973 0.661827 0.905625 0.837314 0.916481 0.935434 0.893168 0.921742 0.832357 0.764950 0.993881 0.870063 0.988578 0.937210 0.853399 0.805424 0.812485 0.720259 0.848220 0.902717 0.969909 0.880855 0.973661 0.816728 0.821792 0.716597 0.907992 0.914228 0.951624 0.947423 0.905722 0.876613 0.958187 0.998682 0.798007 0.793533 0.811194 0.811198 0.816239 0.759925 0.844392 0.749538 0.974995 0.942861 0.929294 0.813436 0.954787 0.858012 0.886236 0.875372 0.965941 0.914886
0.991526 0.794930 0.664106 0.813224 0.854197 0.960370 0.697536 0.913413 0.832331 0.967251 0.806847 0.855818 0.704931 0.870088 0.000000 0.804561 0.929658 0.940206 0.803277 0.962945 0.857970 0.910613 0.651440 0.745945 0.788581 0.801646 0.888578 0.920829 0.817843 0.895600 0.755737 0.833300 0.831480 0.883860 0.952454 0.936308 0.969931 0.903160 0.776370 0.807234 0.960263 0.824618 0.665529 0.764805 0.865454 0.962104 0.670895 0.645641 0.964842 0.963640 0.961849 0.994677 0.935371 0.988946 0.997799 0.928875 0.915372 0.815011 0.945335 0.790372 0.937073 0.697318 0.861763 0.810918 0.660662 0.909260 0.845156 0.932017 0.980355 0.800300 0.954614 0.987081 0.996142 0.881877 0.930304 0.820908 0.986659 0.860293 0.845806 0.820146 0.968110 0.918198 0.874545 0.988653 0.590617 0.724008 0.918193 0.972251 0.800659 0.955232 0.949049 0.929464 0.966698 0.960686 0.831079 0.974136 0.893876 0.860819 0.981006 0.860720 0.785998 0.974863 0.976258 0.852979 0.974238 0.868894 0.998368 0.905107 0.972011 0.951575 0.936872 0.977791 0.962108 0.967191 0.874387 0.892678
0.900083 0.997713 0.944217 0.790694 0.894944 0.893759 0.841393 0.748423 0.804296 0.840753 0.919484 0.790972 0.834958 0.755351 0.804561 0.000000 0.933383 0.987331 0.822239 0.840522 0.994543 0.856673 0.835552 0.765695 0.983899 0.939767 0.811128 0.957662 0.935285 0.863520 0.943555 0.835808 0.940975 0.933692 0.850415 0.880067 0.842842 0.976262 0.947587 0.849213 0.994696 0.998265 0.924676 0.968379 0.845983 0.850837 0.884245 0.909224 0.971859 0.842975 0.927828 0.891825 0.908421 0.953629 0.991387 0.914637 0.988608 0.973304 0.969172 0.949533 0.996113 0.977887 0.775804 0.882098 0.909304 0.876773 0.842901 0.746763 0.893428 0.905939 0.812462 0.873244 0.799778 0.896182 0.935831 0.957890 0.973565 0.966344 0.976625 0.973741 0.921456 0.884969 0.990256 0.779944 0.961213 0.991757 0.967336 0.832465 0.928712 0.998477 0.867814 0.998427 0.924235 0.965998 0.965653 0.892533 0.998001 0.972185 0.918549 0.935315 0.954735 0.952689 0.942729 0.817148 0.984964 0.921627 0.853739 0.983111 0.992298 0.983181 0.961997 0.839526 0.998800 0.963443 0.936204 0.987526
0.499720 0.505494 0.908666 0.988047 0.976956 0.981805 0.868289 0.853229 0.977188 0.738779 0.611319 0.687285 0.938356 0.742202 0.929658 0.933383 0.000000 0.383438 0.523777 0.516788 0.955758 0.978388 0.926705 0.942574 0.858301 0.746117 0.988287 0.838895 0.555162 0.544931 0.885030 0.718828 0.623826 0.664736 0.926590 0.923843 0.964151 0.939676 0.901891 0.994080 0.846392 0.903303 0.715090 0.667593 0.807209 0.880127 0.891352 0.921787 0.889030 0.965876 0.957129 0.842881 0.720983 0.791506 0.891705 0.911050 0.388375 0.479204 0.934438 0.930210 0.945035 0.801676 0.543953 0.577770 0.774686 0.772072 0.871535 0.949010 0.679583 0.741135 0.630188 0.676442 0.833709 0.766766 0.968084 0.883884 0.820433 0.793820 0.756922 0.666416 0.419305 0.477435 0.855950 0.830256 0.972098 0.900697 0.953714 0.927659 0.763711 0.832480 0.811560 0.794150 0.891671 0.963952 0.986854 0.892620 0.816748 0.936567 0.642742 0.596946 0.873432 0.978461 0.687874 0.699303 0.976028 0.869227 0.923773 0.930005 0.937213 0.860091 0.753183 0.799908 0.783577 0.988350 0.915525 0.953531
0.534303 0.488020 0.823637 0.859475 0.918360 0.964313 0.956744 0.978307 0.863505 0.760773 0.587573 0.707152 0.945619 0.731987 0.940206 0.987331 0.383438 0.000000 0.572377 0.470284 0.988831 0.979017 0.982363 0.991643 0.810378 0.654834 0.927045 0.799207 0.524178 0.487704 0.985643 0.789603 0.678413 0.686776 0.857943 0.933624 0.978267 0.953030 0.784185 0.955921 0.921352 0.924475 0.774694 0.679610 0.779882 0.845225 0.928423 0.864989 0.848763 0.999431 0.914873 0.857083 0.668028 0.706604 0.836013 0.949563 0.396741 0.458327 0.988721 0.894909 0.881265 0.769661 0.586444 0.625332 0.729197 0.749331 0.914179 0.979566 0.665356 0.720410 0.724222 0.780162 0.870162 0.751821 0.994380 0.877330 0.832228 0.771260 0.758866 0.671007 0.430886 0.453354 0.843161 0.830681 0.986067 0.945077 0.977957 0.946151 0.656572 0.799680 0.913503 0.860737 0.992636 0.969479 0.993718 0.877120 0.877159 0.925386 0.644403 0.617314 0.897711 0.924337 0.700101 0.731437 0.952470 0.802682 0.969159 0.975640 0.947808 0.906974 0.779463 0.719834 0.777285 0.953564 0.953619 0.967330
0.611380 0.666559 0.766901 0.728800 0.877142 0.966225 0.561962 0.664923 0.939736 0.635760 0.589775 0.772204 0.948038 0.719860 0.803277 0.822239 0.523777 0.572377 0.000000 0.516951 0.969928 0.948797 0.612461 0.707482 0.942082 0.890038 0.959748 0.816984 0.678319 0.608987 0.713266 0.607805 0.555138 0.538419 0.953551 0.923235 0.927102 0.978245 0.941915 0.952623 0.917998 0.999477 0.658076 0.686607 0.841492 0.952119 0.837445 0.801820 0.908183 0.846984 0.845334 0.741201 0.818131 0.964110 0.978249 0.943750 0.587120 0.710853 0.916077 0.793016 0.993347 0.758045 0.494668 0.770252 0.996522 0.890228 0.691558 0.854505 0.751805 0.861830 0.509715 0.669092 0.654148 0.670573 0.936416 0.797931 0.699516 0.757933 0.710086 0.693509 0.583083 0.549194 0.923151 0.897219 0.755297 0.778559 0.871332 0.980178 0.738779 0.755386 0.702586 0.647213 0.799700 0.790352 0.882968 0.850118 0.845461 0.875439 0.660289 0.583720 0.995119 0.769186 0.722901 0.762409 0.959989 0.928898 0.969975 0.963122 0.915486 0.970657 0.863686 0.830122 0.856347 0.992666 0.967444 0.955702
0.567523 0.525166 0.887030 0.945338 0.982831 0.999266 0.897635 0.812293 0.910405 0.740660 0.633335 0.684465 0.931562 0.780916 0.962945 0.840522 0.516788 0.470284 0.516951 0.000000 0.988623 0.927315 0.929765 0.875801 0.871613 0.749572 0.974461 0.746736 0.633923 0.593925 0.963992 0.713636 0.704687 0.713807 0.856371 0.871726 0.858147 0.927672 0.878641 0.896800 0.894637 0.901319 0.843245 0.767823 0.970966 0.966333 0.980875 0.902623 0.961495 0.856695 0.811651 0.717551 0.696385 0.807842 0.880126 0.935863 0.485446 0.526623 0.980022 0.880041 0.904474 0.875922 0.587964 0.628820 0.765073 0.816419 0.955581 0.976291 0.644615 0.731975 0.566594 0.736813 0.716020 0.702398 0.991971 0.938062 0.788908 0.786425 0.773602 0.770740 0.474831 0.502916 0.886942 0.719102 0.990414 0.960654 0.939889 0.944893 0.628287 0.781586 0.815561 0.770741 0.882411 0.959111 0.971089 0.902705 0.931598 0.956676 0.687978 0.667342 0.948053 0.967726 0.755543 0.682156 0.983136 0.892746 0.955011 0.983777 0.994526 0.955787 0.845007 0.819143 0.934804 0.897119 0.994445 0.886046
0.935406 0.991248 0.870043 0.916022 0.943137 0.918632 0.910342 0.946695 0.927681 0.985451 0.932902 0.943672 0.915052 0.855990 0.857970 0.994543 0.955758 0.988831 0.969928 0.988623 0.000000 0.920509 0.948520 0.985107 0.909131 0.808033 0.813273 0.947950 0.900470 0.941826 0.986001 0.910147 0.904240 0.915097 0.875150 0.948341 0.964461 0.954704 0.923501 0.910860 0.958861 0.982096 0.949735 0.839129 0.899251 0.971145 0.873633 0.808797 0.965485 0.888028 0.911334 0.886189 0.965412 0.985174 0.867705 0.741384 0.964486 0.961926 0.877910 0.971898 0.789388 0.948147 0.906585 0.946042 0.830732 0.860267 0.817881 0.864137 0.975767 0.973556 0.957124 0.962836 0.959538 0.861209 0.971063 0.970130 0.980437 0.915109 0.893266 0.988749 0.978985 0.969693 0.970841 0.908953 0.857838 0.856034 0.895409 0.859724 0.921007 0.980321 0.989665 0.969540 0.961177 0.935083 0.888483 0.863792 0.918753 0.994326 0.981402 0.968603 0.931742 0.917277 0.901972 0.871893 0.969756 0.836791 0.977689 0.885496 0.949366 0.984245 0.816847 0.939224 0.918237 0.891584 0.794888 0.937485
0.932870 0.977745 0.854137 0.987183 0.863288 0.840538 0.887961 0.970509 0.817202 0.985308 0.974183 0.968511 0.978316 0.957981 0.910613 0.856673 0.978388 0.979017 0.948797 0.927315 0.920509 0.000000 0.857699 0.976188 0.842852 0.790396 0.936239 0.867555 0.932974 0.998341 0.910358 0.959391 0.995601 0.955935 0.959578 0.993247 0.982949 0.905726 0.968982 0.952410 0.973801 0.935102 0.862743 0.828269 0.835028 0.876256 0.921088 0.874984 0.899391 0.847847 0.890685 0.840276 0.920232 0.997543 0.939197 0.821760 0.978849 0.996053 0.831416 0.918489 0.900760 0.989041 0.998631 0.935329 0.878049 0.878259 0.887022 0.886932 0.907143 0.961969 0.958008 0.964904 0.854820 0.883174 0.777015 0.963621 0.913603 0.957746 0.850300 0.997938 0.978477 0.927601 0.874719 0.986784 0.933770 0.952113 0.939201 0.971560 0.892510 0.916309 0.924030 0.979323 0.874446 0.965992 0.844533 0.779485 0.894009 0.949733 0.851116 0.894802 0.988095 0.942141 0.930477 0.970011 0.877589 0.976095 0.863343 0.977880 0.932835 0.923776 0.862724 0.974240 0.852356 0.936325 0.794056 0.760559
0.997866 0.867066 0.451424 0.492765 0.920698 0.915121 0.473046 0.844086 0.690341 0.929517 0.983819 0.766735 0.967481 0.990474 0.651440 0.835552 0.926705 0.982363 0.612461 0.929765 0.948520 0.857699 0.000000 0.446418 0.582502 0.695242 0.926045 0.975955 0.995076 0.982670 0.547127 0.609013 0.725297 0.727504 0.862295 0.902983 0.846681 0.933012 0.663864 0.921315 0.944208 0.970592 0.631861 0.803076 0.901915 0.939268 0.691323 0.762142 0.801573 0.968904 0.985410 0.995247 0.820629 0.695766 0.872389 0.833120 0.966179 0.851281 0.908813 0.750423 0.934510 0.791349 0.834084 0.770527 0.524959 0.737803 0.648004 0.871881 0.987731 0.898950 0.739991 0.830606 0.816106 0.825512 0.805100 0.831967 0.744293 0.810401 0.834448 0.883031 0.985229 0.952930 0.895300 0.938839 0.485254 0.507161 0.776334 0.931525 0.939167 0.994220 0.938737 0.868951 0.927474 0.760525 0.912090 0.854001 0.956688 0.790249 0.986693 0.828268 0.773049 0.820795 0.968779 0.943733 0.854140 0.711758 0.921377 0.868748 0.908405 0.986606 0.952854 0.987583 0.967635 0.979557 0.919073 0.976984
0.973508 0.925416 0.684627 0.529696 0.933007 0.857778 0.631934 0.857740 0.817215 0.995316 0.946296 0.814900 0.953918 0.938837 0.745945 0.765695 0.942574 0.991643 0.707482 0.875801 0.985107 0.976188 0.446418 0.000000 0.647338 0.748942 0.985791 0.969772 0.997065 0.987763 0.688519 0.603410 0.835958 0.871481 0.992782 0.999714 0.834059 0.907105 0.679802 0.976423 0.943493 0.974971 0.750026 0.943391 0.918814 0.824238 0.748284 0.857080 0.780839 0.917196 0.975907 0.955869 0.814873 0.677069 0.890290 0.792534 0.994825 0.919256 0.973202 0.692179 0.917951 0.869007 0.880448 0.836369 0.723854 0.856515 0.871856 0.926576 0.982247 0.929041 0.831475 0.785435 0.748613 0.719102 0.872943 0.906970 0.898693 0.861850 0.905160 0.877110 0.957509 0.893050 0.914416 0.975631 0.562514 0.577667 0.841087 0.894385 0.980645 0.960775 0.974028 0.929294 0.995413 0.892953 0.827330 0.926126 0.929021 0.791178 0.909940 0.900641 0.903900 0.825524 0.978878 0.992103 0.885159 0.864561 0.954305 0.796006 0.955599 0.898048 0.994716 0.920548 0.958482 0.897286 0.951508 0.939445
0.923349 0.861912 0.565805 0.629085 0.987025 0.935471 0.791536 0.860376 0.752988 0.726550 0.804586 0.634424 0.916314 0.783052 0.788581 0.983899 0.858301 0.810378 0.942082 0.871613 0.909131 0.842852 0.582502 0.647338 0.000000 0.435611 0.775590 0.736895 0.773400 0.765937 0.620618 0.767074 0.802873 0.816001 0.736141 0.909277 0.729603 0.860911 0.676489 0.799373 0.860451 0.979750 0.890838 0.976156 0.999690 0.904852 0.739508 0.907052 0.843489 0.882254 0.901586 0.766805 0.837408 0.838843 0.735261 0.938548 0.839296 0.828199 0.839069 0.952191 0.878826 0.906331 0.869975 0.702013 0.470783 0.590230 0.775673 0.805111 0.998366 0.889251 0.969890 0.998277 0.979694 0.904522 0.819106 0.964900 0.927310 0.853640 0.957609 0.936313 0.877619 0.908892 0.856323 0.930533 0.549776 0.532733 0.800528 0.951618 0.778787 0.810608 0.836381 0.835833 0.986175 0.943821 0.882327 0.990171 0.893713 0.836509 0.831303 0.870753 0.763895 0.917978 0.880803 0.693901 0.847570 0.686348 0.872196 0.949068 0.928583 0.792169 0.962765 0.838901 0.859075 0.786918 0.938496 0.973408
0.885812 0.763398 0.574687 0.644944 0.958960 0.948651 0.823450 0.935893 0.683704 0.738097 0.759308 0.618757 0.996453 0.736002 0.801646 0.939767 0.746117 0.654834 0.890038 0.749572 0.808033 0.790396 0.695242 0.748942 0.435611 0.000000 0.812113 0.671094 0.675698 0.618974 0.721488 0.861835 0.921364 0.912391 0.726240 0.895262 0.721024 0.936962 0.671832 0.796319 0.892004 0.935773 0.944531 0.979740 0.974983 0.885851 0.705991 0.930727 0.893888 0.920034 0.826544 0.760662 0.804143 0.842001 0.712231 0.998709 0.750036 0.735350 0.776903 0.923777 0.808804 0.971560 0.829012 0.731236 0.497317 0.597746 0.813631 0.810329 0.983449 0.880729 0.929973 0.984336 0.932173 0.776053 0.873457 0.969224 0.961280 0.966483 0.991847 0.899067 0.804383 0.793230 0.961002 0.911617 0.675134 0.686247 0.921583 0.972661 0.739579 0.729503 0.889963 0.849607 0.955236 0.921867 0.965482 0.990957 0.981847 0.927662 0.790994 0.787707 0.817345 0.954447 0.959962 0.751562 0.829188 0.652297 0.950872 0.902814 0.928584 0.884115 0.951897 0.756172 0.810653 0.884277 0.954270 0.959957
0.954756 0.995665 0.925113 0.989010 0.875499 0.857392 0.902733 0.750796 0.996475 0.816102 0.967886 0.777776 0.975847 0.855258 0.888578 0.811128 0.988287 0.927045 0.959748 0.974461 0.813273 0.936239 0.926045 0.985791 0.775590 0.812113 0.000000 0.954000 0.946644 0.991364 0.914395 0.951707 0.971616 0.903876 0.932825 0.821916 0.848344 0.943596 0.895157 0.911438 0.974410 0.969929 0.928482 0.943209 0.914642 0.978619 0.913323 0.957932 0.996362 0.782404 0.926462 0.842181 0.924536 0.969011 0.990500 0.958480 0.979369 0.987257 0.986879 0.980669 0.993275 0.950726 0.869552 0.869332 0.760055 0.748691 0.904951 0.947529 0.958204 0.916087 0.966624 0.959638 0.926935 0.909651 0.886277 0.992821 0.929482 0.978706 0.953026 0.923013 0.968249 0.916815 0.821520 0.944667 0.927255 0.769425 0.906097 0.971786 0.924891 0.997723 0.834185 0.847244 0.865157 0.990536 0.996462 0.935617 0.842696 0.900623 0.829941 0.857377 0.949410 0.831096 0.897716 0.736835 0.982264 0.998809 0.928682 0.992247 0.963345 0.937004 0.991444 0.912071 0.996399 0.957543 0.899713 0.979553
0.880623 0.832372 0.843353 0.927626 0.939209 0.951024 0.996373 0.861695 0.796841 0.842426 0.823763 0.761764 0.991243 0.730301 0.920829 0.957662 0.838895 0.799207 0.816984 0.746736 0.947950 0.867555 0.975955 0.969772 0.736895 0.671094 0.954000 0.000000 0.783657 0.706392 0.837150 0.985352 0.996290 0.945696 0.772373 0.948783 0.964671 0.990663 0.960258 0.858991 0.877529 0.964890 0.979595 0.898374 0.923426 0.964248 0.868625 0.957384 0.992285 0.889982 0.881996 0.775236 0.877351 0.963514 0.866071 0.915517 0.832683 0.843890 0.799287 0.873162 0.853440 0.992572 0.895288 0.957099 0.800137 0.868122 0.935673 0.920905 0.878253 0.940691 0.876914 0.990176 0.802670 0.760006 0.997043 0.998320 0.954186 0.970819 0.947731 0.762366 0.841280 0.783429 0.954832 0.912473 0.987583 0.951499 0.948371 0.883545 0.834989 0.643052 0.921227 0.872678 0.941952 0.991101 0.897651 0.894829 0.974702 0.894051 0.844508 0.760116 0.947457 0.885559 0.942841 0.885052 0.990275 0.822437 0.966279 0.897300 0.962688 0.893412 0.960951 0.881105 0.885745 0.880608 0.943930 0.944904
0.721181 0.745346 0.893401 0.828467 0.871293 0.917662 0.927491 0.917313 0.911620 0.745003 0.644292 0.817631 0.948774 0.737238 0.817843 0.935285 0.555162 0.524178 0.678319 0.633923 0.900470 0.932974 0.995076 0.997065 0.773400 0.675698 0.946644 0.783657 0.000000 0.533514 0.941699 0.870322 0.800519 0.769679 0.895769 0.986233 0.907267 0.889692 0.897929 0.892533 0.940160 0.987557 0.681177 0.660501 0.694418 0.724491 0.889094 0.805538 0.765638 0.898039 0.984442 0.951707 0.872672 0.799421 0.924190 0.957241 0.659793 0.695984 0.951480 0.870276 0.901587 0.836583 0.733815 0.798362 0.784558 0.786445 0.925156 0.967391 0.777410 0.839097 0.909728 0.982156 0.921036 0.800543 0.936975 0.776825 0.926767 0.747108 0.795067 0.748824 0.591428 0.627442 0.815949 0.855857 0.964463 0.999446 0.951925 0.938947 0.809239 0.792851 0.891719 0.890811 0.972016 0.877637 0.949386 0.897328 0.900170 0.978743 0.685251 0.696389 0.840579 0.908402 0.842867 0.869833 0.891745 0.809019 0.945379 0.989035 0.998140 0.895648 0.767862 0.843783 0.746941 0.985563 0.946564 0.925281
0.724126 0.664094 0.830551 0.836277 0.935338 0.986799 0.946945 0.869776 0.809225 0.668695 0.598146 0.688866 0.983526 0.638084 0.895600 0.863520 0.544931 0.487704 0.608987 0.593925 0.941826 0.998341 0.982670 0.987763 0.765937 0.618974 0.991364 0.706392 0.533514 0.000000 0.972515 0.828015 0.818391 0.788049 0.738600 0.984839 0.871028 0.979914 0.839727 0.937175 0.932918 0.960153 0.756911 0.667888 0.813728 0.820910 0.977889 0.829889 0.791185 0.989684 0.925304 0.860789 0.776200 0.837210 0.759096 0.962658 0.591995 0.654409 0.859273 0.812697 0.853897 0.837131 0.679978 0.712561 0.711787 0.692278 0.941410 0.900930 0.815294 0.947745 0.745802 0.912657 0.931057 0.778350 0.997658 0.957702 0.951443 0.803567 0.822282 0.787026 0.610273 0.624723 0.834338 0.914668 0.933316 0.879435 0.958438 0.922790 0.728167 0.659907 0.924615 0.950380 0.848347 0.905921 0.911955 0.961887 0.982981 0.940723 0.779952 0.733647 0.910966 0.978456 0.812969 0.816597 0.832944 0.725607 0.883107 0.929530 0.995678 0.980194 0.902275 0.912269 0.760712 0.966554 0.971561 0.826781
0.897499 0.991463 0.553373 0.580165 0.926000 0.932239 0.545919 0.800271 0.755216 0.848991 0.869661 0.850796 0.939187 0.975460 0.755737 0.943555 0.885030 0.985643 0.713266 0.963992 0.986001 0.910358 0.547127 0.688519 0.620618 0.721488 0.914395 0.837150 0.941699 0.972515 0.000000 0.680961 0.684953 0.616029 0.718868 0.975665 0.830891 0.962372 0.679158 0.914676 0.903307 0.957635 0.717495 0.812627 0.832564 0.936783 0.714619 0.890990 0.936844 0.956054 0.913067 0.894548 0.877062 0.885982 0.765262 0.941918 0.985410 0.964861 0.753271 0.948983 0.810174 0.880463 0.841658 0.947675 0.654307 0.813348 0.682661 0.794276 0.949127 0.926123 0.770708 0.821473 0.923871 0.958519 0.834076 0.824474 0.760159 0.786149 0.865098 0.890311 0.952782 0.905299 0.937117 0.911215 0.672105 0.674850 0.986471 0.938417 0.900914 0.972266 0.902580 0.902780 0.860218 0.777326 0.865423 0.925511 0.945683 0.884032 0.937999 0.945230 0.981536 0.781367 0.997509 0.908674 0.968459 0.762582 0.932042 0.850283 0.938812 0.903409 0.969246 0.931602 0.932644 0.936676 0.921199 0.893808
0.867521 0.881263 0.743913 0.703777 0.867192 0.927673 0.686201 0.874053 0.941303 0.907080 0.894978 0.910089 0.901273 0.853343 0.833300 0.835808 0.718828 0.789603 0.607805 0.713636 0.910147 0.959391 0.609013 0.603410 0.767074 0.861835 0.951707 0.985352 0.870322 0.828015 0.680961 0.000000 0.715102 0.687771 0.998667 0.877423 0.860184 0.995478 0.872467 0.970682 0.908790 0.959162 0.682195 0.833263 0.974576 0.985202 0.792257 0.869513 0.878678 0.904674 0.938593 0.899756 0.994486 0.912000 0.932000 0.910391 0.762936 0.859296 0.993805 0.754502 0.883342 0.717291 0.744991 0.999126 0.873128 0.959269 0.825011 0.973685 0.960927 0.998060 0.743143 0.758499 0.822130 0.770281 0.931804 0.854730 0.813295 0.719100 0.740030 0.806779 0.806117 0.765473 0.840239 0.952138 0.712168 0.731550 0.897196 0.952150 0.786610 0.998067 0.935691 0.893595 0.922034 0.851642 0.956146 0.856904 0.967066 0.946898 0.907353 0.799078 0.928592 0.892565 0.931595 0.854538 0.990912 0.956314 0.966233 0.895055 0.860428 0.933932 0.850244 0.913558 0.934383 0.975042 0.964169 0.992063
0.539716 0.623318 0.690147 0.721177 0.829987 0.951549 0.623922 0.776031 0.932286 0.856941 0.681074 0.827073 0.899523 0.909252 0.831480 0.940975 0.623826 0.678413 0.555138 0.704687 0.904240 0.995601 0.725297 0.835958 0.802873 0.921364 0.971616 0.996290 0.800519 0.818391 0.684953 0.715102 0.000000 0.446850 0.775313 0.812666 0.854732 0.821222 0.867874 0.961995 0.750841 0.950947 0.711880 0.685197 0.686234 0.811567 0.770627 0.767897 0.998054 0.902596 0.990195 0.968445 0.968297 0.906225 0.841205 0.934204 0.631149 0.699907 0.658588 0.894385 0.704183 0.945120 0.565832 0.739607 0.842639 0.874466 0.523062 0.570668 0.752478 0.779008 0.721169 0.790529 0.856221 0.901249 0.928658 0.885202 0.691292 0.662213 0.748820 0.795563 0.677275 0.640314 0.983460 0.994663 0.718234 0.670220 0.987185 0.808544 0.893175 0.930343 0.837887 0.757463 0.780789 0.789245 0.985685 0.824846 0.929580 0.926096 0.739936 0.795967 0.984305 0.853195 0.814570 0.891280 0.798717 0.816558 0.978525 0.939965 0.963946 0.898149 0.770788 0.918576 0.905261 0.991111 0.955115 0.977539
0.628417 0.657733 0.708417 0.745978 0.809005 0.920974 0.608444 0.735287 0.943267 0.750134 0.635418 0.891909 0.917155 0.924391 0.883860 0.933692 0.664736 0.686776 0.538419 0.713807 0.915097 0.955935 0.727504 0.871481 0.816001 0.912391 0.903876 0.945696 0.769679 0.788049 0.616029 0.687771 0.446850 0.000000 0.759929 0.803761 0.843366 0.988049 0.904209 0.998746 0.847831 0.966773 0.700300 0.638171 0.622388 0.761215 0.766076 0.748638 0.957213 0.878022 0.962924 0.964573 0.879006 0.926482 0.888469 0.952428 0.658448 0.747845 0.714864 0.957233 0.776558 0.920645 0.630354 0.829525 0.857205 0.884566 0.525386 0.569260 0.742109 0.768715 0.662190 0.829737 0.792774 0.867825 0.906850 0.798165 0.680440 0.670402 0.720254 0.810753 0.688779 0.703080 0.953130 0.979659 0.750107 0.723217 0.985553 0.827455 0.843791 0.904448 0.729386 0.703887 0.751504 0.725730 0.998191 0.882709 0.864266 0.978089 0.666160 0.754274 0.995975 0.763115 0.820881 0.921642 0.857190 0.821627 0.992174 0.887801 0.909803 0.930984 0.768342 0.798999 0.735270 0.976881 0.906156 0.862512
0.942751 0.970357 0.661960 0.762594 0.888095 0.853296 0.756462 0.907248 0.765640 0.954326 0.949219 0.833038 0.987011 0.706569 0.952454 0.850415 0.926590 0.857943 0.953551 0.856371 0.875150 0.959578 0.862295 0.992782 0.736141 0.726240 0.932825 0.772373 0.895769 0.738600 0.718868 0.998667 0.775313 0.759929 0.000000 0.984328 0.832527 0.984918 0.809802 0.931987 0.853431 0.984917 0.970874 0.984609 0.780591 0.890794 0.848402 0.915420 0.990667 0.791658 0.810628 0.773579 0.795634 0.890063 0.642586 0.987850 0.934929 0.968795 0.596388 0.777189 0.606839 0.887175 0.967517 0.998030 0.677840 0.659275 0.587376 0.586975 0.920668 0.873730 0.989919 0.921253 0.946513 0.890230 0.944246 0.965209 0.875680 0.942885 0.972135 0.911402 0.944501 0.941300 0.929402 0.944672 0.790475 0.721836 0.932953 0.877965 0.884364 0.714377 0.882081 0.833838 0.751744 0.790439 0.891811 0.909935 0.814297 0.924476 0.965156 0.993027 0.950059 0.849410 0.936783 0.788211 0.850002 0.731001 0.996023 0.916041 0.986667 0.955657 0.978528 0.961865 0.871650 0.852146 0.931352 0.987776
0.939266 0.864277 0.940221 0.988173 0.905207 0.871674 0.983254 0.995213 0.959366 0.946279 0.985421 0.982808 0.930326 0.982725 0.936308 0.880067 0.923843 0.933624 0.923235 0.871726 0.948341 0.993247 0.902983 0.999714 0.909277 0.895262 0.821916 0.948783 0.986233 0.984839 0.975665 0.877423 0.812666 0.803761 0.984328 0.000000 0.860028 0.869455 0.984778 0.907564 0.899631 0.968646 0.968028 0.917994 0.906727 0.995830 0.895488 0.992913 0.927098 0.995400 0.961445 0.992959 0.940866 0.960562 0.964522 0.995961 0.863802 0.908877 0.980073 0.932497 0.938940 0.922790 0.997928 0.977471 0.914363 0.870799 0.849130 0.815672 0.986373 0.850102 0.843895 0.955793 0.995156 0.923926 0.895784 0.951443 0.903990 0.927854 0.879916 0.912983 0.941731 0.954491 0.789889 0.994395 0.985855 0.901929 0.913560 0.959410 0.993520 0.893207 0.919841 0.917166 0.959272 0.942692 0.932430 0.797373 0.999918 0.962931 0.984348 0.963003 0.920950 0.966691 0.904656 0.979612 0.861500 0.979774 0.983739 0.932070 0.928971 0.908818 0.856455 0.950749 0.908667 0.945100 0.955032 0.951941
0.812027 0.842938 0.867687 0.635297 0.942115 0.987830 0.906820 0.883914 0.816675 0.963119 0.884609 0.974711 0.907592 0.882443 0.969931 0.842842 0.964151 0.978267 0.927102 0.858147 0.964461 0.982949 0.846681 0.834059 0.729603 0.721024 0.848344 0.964671 0.907267 0.871028 0.830891 0.860184 0.854732 0.843366 0.832527 0.860028 0.000000 0.673350 0.897224 0.912674 0.763782 0.943757 0.914675 0.968634 0.920817 0.887276 0.943669 0.963783 0.949205 0.932522 0.744949 0.879980 0.893392 0.877711 0.851604 0.937794 0.846372 0.848201 0.765654 0.852285 0.836370 0.820418 0.950835 0.846159 0.841125 0.760604 0.926434 0.944942 0.778159 0.858361 0.763989 0.745414 0.778195 0.871100 0.826314 0.962143 0.860507 0.849944 0.834255 0.911104 0.862680 0.930409 0.932778 0.838629 0.949471 0.752331 0.974216 0.939953 0.983421 0.848913 0.933577 0.920088 0.804905 0.905554 0.962423 0.983798 0.915986 0.905662 0.895464 0.992303 0.995195 0.953818 0.949433 0.941514 0.762390 0.795947 0.992922 0.831757 0.859215 0.878963 0.948229 0.935728 0.965988 0.949927 0.931047 0.897426
0.771778 0.739462 0.994519 0.797719 0.884987 0.814111 0.972479 0.963006 0.992755 0.995798 0.834960 0.906623 0.831649 0.950659 0.903160 0.976262 0.939676 0.953030 0.978245 0.927672 0.954704 0.905726 0.933012 0.907105 0.860911 0.936962 0.943596 0.990663 0.889692 0.979914 0.962372 0.995478 0.821222 0.988049 0.984918 0.869455 0.673350 0.000000 0.926095 0.882503 0.813127 0.922991 0.944811 0.963509 0.996869 0.993562 0.988789 0.962598 0.858214 0.838232 0.769712 0.810393 0.899876 0.889806 0.840563 0.946399 0.822217 0.796575 0.869980 0.862353 0.890862 0.784879 0.907372 0.754048 0.942264 0.855451 0.999402 0.983511 0.856105 0.925338 0.825605 0.738716 0.953042 0.891202 0.814099 0.990797 0.843765 0.867885 0.977182 0.922406 0.952298 0.974871 0.967736 0.822858 0.989790 0.797671 0.940605 0.974890 0.984982 0.783696 0.875887 0.869675 0.914399 0.910481 0.985844 0.973515 0.973149 0.941631 0.984444 0.947043 0.982654 0.816931 0.971464 0.891744 0.805392 0.830151 0.899765 0.920950 0.852843 0.934561 0.985563 0.954346 0.927920 0.953178 0.918608 0.813959
