0.000000 0.424518 0.983627 0.836420 0.880363 0.885730 0.815771 0.717967 0.982494 0.687856 0.550795 0.560174 0.926210 0.814130 0.941890 0.850804 0.493843 0.546879 0.586139 0.552088 0.923354 0.834820 0.985027 0.973391 0.976571 0.882548 0.985368 0.837207 0.678284 0.691643 0.836253 0.841615 0.511004 0.566831 0.951083 0.990710 0.741085 0.706067 0.970132 0.908480 0.787335 0.923342 0.752581 0.632889 0.720186 0.742489 0.828303 0.800270 0.798268 0.882213 0.842230 0.949736 0.933772 0.831099 0.864749 0.753012 0.413291 0.417597 0.611839 0.775656 0.745804 0.885109 0.476935 0.528075 0.801298 0.977679 0.745488 0.727641 0.483329 0.588363 0.674157 0.633453 0.725783 0.729702 0.919848 0.870010 0.737347 0.743981 0.736250 0.710005 0.507551 0.523223 0.901448 0.727347 0.997378 0.882709 0.903492 0.872204 0.811599 0.940874 0.752771 0.813713 0.823113 0.905623 0.950667 0.856812 0.716222 0.886108 0.451536 0.663369 0.814363 0.895508 0.629727 0.562693 0.749255 0.938533 0.910440 0.900050 0.950623 0.833716 0.694401 0.782042 0.791133 0.941436 0.936973 0.997192
0.424518 0.000000 0.800358 0.930034 0.938327 0.908263 0.962255 0.612495 0.905806 0.619091 0.633265 0.428210 0.904100 0.622147 0.923922 0.696246 0.405849 0.380010 0.564911 0.414513 0.926094 0.895398 0.984406 0.906118 0.950072 0.735182 0.990904 0.778225 0.550904 0.519361 0.914040 0.781762 0.551315 0.558809 0.975983 0.922403 0.776640 0.698632 0.880195 0.908684 0.811674 0.710434 0.764498 0.595476 0.793125 0.766901 0.963686 0.832340 0.892287 0.974076 0.977753 0.944120 0.739539 0.666672 0.882932 0.912501 0.314836 0.281480 0.864679 0.861750 0.879411 0.812888 0.514287 0.376183 0.687310 0.934805 0.970614 0.854548 0.544457 0.594090 0.532521 0.599387 0.754315 0.759149 0.981551 0.933320 0.668742 0.669519 0.716554 0.627550 0.402560 0.432941 0.799173 0.620413 0.862179 0.854008 0.927397 0.938255 0.686878 0.905991 0.763669 0.732128 0.817069 0.913238 0.917915 0.769219 0.783816 0.829615 0.480821 0.578483 0.723930 0.991743 0.626010 0.524582 0.807183 0.942896 0.961307 0.957507 0.962196 0.848229 0.674174 0.693759 0.767298 0.781538 0.976030 0.986870
0.983627 0.800358 0.000000 0.444986 0.812220 0.939777 0.344265 0.788369 0.619277 0.848082 0.825061 0.830946 0.670284 0.929403 0.698445 0.847385 0.993008 0.947752 0.731538 0.942205 0.842493 0.797201 0.527330 0.722495 0.456918 0.457947 0.865068 0.861268 0.993700 0.928861 0.486623 0.759111 0.686440 0.675315 0.658803 0.997505 0.845317 0.963703 0.626540 0.902114 0.894999 0.874987 0.604269 0.717604 0.802208 0.883296 0.617395 0.679026 0.794292 0.951416 0.980201 0.940698 0.781285 0.828533 0.813309 0.979127 0.881920 0.803491 0.657612 0.976175 0.610430 0.870963 0.817587 0.834976 0.379050 0.575402 0.406444 0.558462 0.969274 0.992515 0.898947 0.906384 0.864412 0.963837 0.705685 0.787097 0.754455 0.923134 0.827088 0.883860 0.944577 0.950171 0.985637 0.913110 0.521939 0.664255 0.895468 0.994195 0.746638 0.916525 0.914228 0.893437 0.883397 0.735029 0.988928 0.914877 0.968263 0.873538 0.989201 0.915596 0.778083 0.796780 0.973945 0.975271 0.802798 0.544019 0.959907 0.954101 0.942008 0.914146 0.938699 0.889422 0.975047 0.977358 0.852266 0.859479
0.836420 0.930034 0.444986 0.000000 0.898634 0.861552 0.346208 0.471584 0.680370 0.572330 0.842968 0.845007 0.671735 0.821969 0.720777 0.578119 0.833300 0.894690 0.587424 0.818352 0.872431 0.888006 0.458714 0.519583 0.606854 0.649735 0.963247 0.997307 0.918073 0.765623 0.479408 0.666832 0.648257 0.644332 0.774883 0.918089 0.620155 0.781112 0.690495 0.908596 0.828493 0.966506 0.552320 0.670998 0.967998 0.974451 0.723534 0.705885 0.735858 0.915691 0.990819 0.909283 0.794699 0.741889 0.915197 0.862763 0.890362 0.967560 0.736373 0.911693 0.672420 0.928601 0.616909 0.850425 0.623566 0.654652 0.572029 0.727877 0.909841 0.929473 0.614073 0.627514 0.636153 0.765635 0.749544 0.789985 0.603051 0.869038 0.733278 0.842604 0.809631 0.754063 0.960971 0.830815 0.656546 0.627100 0.921617 0.985249 0.924346 0.966545 0.696189 0.661609 0.748629 0.703389 0.920902 0.867978 0.871909 0.959407 0.869556 0.728607 0.979317 0.624691 0.768362 0.773023 0.774006 0.603789 0.981123 0.874613 0.856704 0.841494 0.922151 0.925325 0.941889 0.956619 0.986605 0.920336
0.880363 0.938327 0.812220 0.898634 0.000000 0.830441 0.876597 0.996516 0.805215 0.962435 0.777012 0.897977 0.751748 0.994135 0.732184 0.996769 0.939770 0.882383 0.860293 0.968955 0.918105 0.850634 0.881160 0.982861 0.774698 0.882785 0.833549 0.908118 0.838671 0.916317 0.889341 0.929470 0.784270 0.752403 0.886950 0.904436 0.904006 0.921116 0.828891 0.880930 0.874480 0.986882 0.910296 0.821921 0.737764 0.865686 0.907190 0.757332 0.925905 0.937148 0.864844 0.984155 0.934101 0.895910 0.964118 0.931728 0.965613 0.982365 0.878123 0.909057 0.736624 0.962178 0.944068 0.940277 0.722241 0.689563 0.785416 0.664135 0.818034 0.948770 0.997183 0.936330 0.940031 0.801225 0.977844 0.929852 0.917345 0.909079 0.878815 0.972232 0.903913 0.875583 0.944902 0.950409 0.791513 0.755790 0.873513 0.967414 0.870598 0.778104 0.977345 0.975508 0.939848 0.889685 0.945615 0.937350 0.918857 0.974629 0.899159 0.934442 0.872726 0.905689 0.970335 0.850159 0.736100 0.850407 0.932857 0.952129 0.948891 0.986494 0.876264 0.967313 0.984596 0.952277 0.915635 0.687662
0.885730 0.908263 0.939777 0.861552 0.830441 0.000000 0.874381 0.773340 0.877464 0.887620 0.899002 0.857254 0.819468 0.997808 0.988535 0.828676 0.980306 0.999176 0.945048 0.991429 0.903253 0.825743 0.951719 0.986702 0.877223 0.871469 0.942809 0.862529 0.972147 0.976108 0.869136 0.988951 0.902956 0.864826 0.741343 0.844407 0.834749 0.823956 0.865814 0.880912 0.996067 0.982467 0.944436 0.951401 0.937138 0.894812 0.975911 0.999420 0.923084 0.974545 0.950059 0.970314 0.975072 0.851532 0.969398 0.993166 0.962596 0.938009 0.802868 0.905948 0.692971 0.793549 0.881284 0.900616 0.960899 0.781574 0.875074 0.746700 0.958687 0.937415 0.889901 0.945646 0.947042 0.900158 0.967192 0.985586 0.954298 0.961384 0.987974 0.983970 0.892017 0.851927 0.929596 0.965259 0.979137 0.954702 0.958808 0.865578 0.982233 0.947122 0.794236 0.811685 0.717539 0.820755 0.999102 0.966864 0.863923 0.903433 0.857536 0.999409 0.835849 0.758200 0.875010 0.985374 0.955606 0.867971 0.975137 0.955874 0.971162 0.920094 0.866506 0.885415 0.973649 0.891378 0.938696 0.861987
0.815771 0.962255 0.344265 0.346208 0.876597 0.874381 0.000000 0.552403 0.663960 0.607772 0.719958 0.963674 0.690974 0.851066 0.659174 0.679000 0.769866 0.828540 0.510029 0.828140 0.832439 0.838793 0.433185 0.549126 0.534476 0.597948 0.974759 0.996223 0.849571 0.757268 0.433748 0.589709 0.555738 0.525885 0.696523 0.952103 0.760906 0.948800 0.661363 0.974220 0.898076 0.978335 0.508606 0.637576 0.825334 0.887108 0.601483 0.635579 0.746957 0.934404 0.973112 0.929726 0.847848 0.814308 0.892030 0.871410 0.850985 0.961548 0.687348 0.884193 0.660299 0.888867 0.557523 0.923189 0.568830 0.691442 0.428368 0.631521 0.845390 0.899703 0.690643 0.699750 0.643400 0.751775 0.763672 0.748190 0.645028 0.813598 0.654967 0.720784 0.776554 0.693936 0.944504 0.908512 0.516700 0.575076 0.913115 0.963225 0.959958 0.995136 0.732708 0.663029 0.750862 0.653137 0.923499 0.848925 0.875179 0.908324 0.828669 0.688487 0.882495 0.608804 0.803809 0.795160 0.775904 0.603603 0.982494 0.846306 0.933688 0.856272 0.832357 0.923295 0.870206 0.963355 0.899421 0.884378
0.717967 0.612495 0.788369 0.471584 0.996516 0.773340 0.552403 0.000000 0.847949 0.485414 0.821734 0.522112 0.656432 0.560529 0.822596 0.439844 0.674628 0.706689 0.559933 0.633008 0.938423 0.850584 0.643868 0.616260 0.850581 0.872921 0.890641 0.885338 0.709375 0.622099 0.658433 0.667832 0.628088 0.607684 0.855117 0.988459 0.683155 0.848774 0.848162 0.946306 0.888958 0.755899 0.695210 0.655899 0.992718 0.909977 0.862010 0.789757 0.814242 0.815534 0.990472 0.888705 0.944985 0.927386 0.998325 0.837874 0.636077 0.646995 0.773825 0.934753 0.702018 0.685882 0.504012 0.508614 0.970029 0.862402 0.791164 0.821140 0.745491 0.749222 0.508297 0.608928 0.606735 0.728337 0.826843 0.948119 0.614530 0.776745 0.679721 0.738383 0.590370 0.570448 0.837120 0.633313 0.976824 0.775144 0.955521 0.935585 0.878778 0.975524 0.562220 0.521689 0.627690 0.670299 0.904756 0.788629 0.740302 0.881418 0.693074 0.658395 0.720032 0.581793 0.664074 0.535839 0.811547 0.727443 0.980316 0.852670 0.824009 0.838770 0.770870 0.893481 0.854319 0.783086 0.961287 0.955042
0.982494 0.905806 0.619277 0.680370 0.805215 0.877464 0.663960 0.847949 0.000000 0.785380 0.944888 0.900801 0.789960 0.919002 0.775118 0.863973 0.994769 0.922283 0.921689 0.941026 0.900229 0.776318 0.784308 0.910443 0.764209 0.742883 0.990974 0.805119 0.995490 0.902654 0.796619 0.986368 0.933787 0.905346 0.732285 0.872203 0.858798 0.985884 0.780998 0.801147 0.876927 0.975135 0.836478 0.885392 0.797654 0.908448 0.679023 0.841379 0.997320 0.901315 0.857066 0.841266 0.738932 0.821131 0.845560 0.952701 0.906406 0.883320 0.629551 0.801960 0.683670 0.968146 0.915291 0.970695 0.643367 0.730506 0.675083 0.788726 0.884472 0.984989 0.854841 0.835821 0.982765 0.890037 0.912697 0.874627 0.768701 0.967238 0.914040 0.982581 0.993141 0.982211 0.872430 0.987963 0.802327 0.899101 0.830661 0.835709 0.751606 0.839713 0.721807 0.773042 0.724012 0.676761 0.907742 0.875902 0.936908 0.940664 0.925622 0.888169 0.928229 0.946879 0.905027 0.982891 0.813971 0.738325 0.910653 0.848227 0.973228 0.987471 0.871410 0.994615 0.857263 0.930082 0.861833 0.787984
0.687856 0.619091 0.848082 0.572330 0.962435 0.887620 0.607772 0.485414 0.785380 0.000000 0.791227 0.736865 0.891962 0.730419 0.868782 0.650409 0.636659 0.639433 0.532532 0.564557 0.977514 0.985365 0.705597 0.735067 0.918182 0.951195 0.945447 0.921234 0.752041 0.675404 0.655329 0.661028 0.667948 0.595786 0.786046 0.995791 0.640659 0.818213 0.939808 0.958156 0.908837 0.787612 0.596418 0.650612 0.861686 0.843039 0.804645 0.757335 0.997412 0.961841 0.949255 0.907562 0.949517 0.995393 0.980723 0.784610 0.600414 0.673077 0.805278 0.968475 0.855050 0.900513 0.575120 0.612323 0.942858 0.982416 0.780052 0.888033 0.780989 0.887338 0.483540 0.568635 0.677889 0.687981 0.867414 0.808965 0.594954 0.729442 0.702981 0.768233 0.545056 0.596537 0.876789 0.757845 0.963765 0.809062 0.904507 0.961443 0.712989 0.939194 0.526504 0.548984 0.629119 0.731003 0.936690 0.845777 0.792871 0.936068 0.635436 0.632431 0.888144 0.777626 0.573625 0.591554 0.908153 0.865119 0.983091 0.788278 0.864649 0.975540 0.845307 0.739234 0.865386 0.887207 0.998552 0.952795
0.550795 0.633265 0.825061 0.842968 0.777012 0.899002 0.719958 0.821734 0.944888 0.791227 0.000000 0.631280 0.726549 0.804165 0.806214 0.827137 0.551544 0.561939 0.566689 0.549979 0.864841 0.867579 0.951707 0.885957 0.929687 0.974140 0.925804 0.828082 0.633672 0.599788 0.817203 0.776182 0.594988 0.537359 0.945942 0.963243 0.991474 0.994793 0.885856 0.916591 0.935854 0.980451 0.799101 0.684385 0.808770 0.845024 0.796378 0.793327 0.963763 0.969882 0.903356 0.901912 0.868001 0.755062 0.982698 0.890542 0.587049 0.607785 0.763516 0.866327 0.742437 0.961243 0.558519 0.683085 0.957367 0.987437 0.710532 0.714955 0.557903 0.649468 0.775437 0.833546 0.694657 0.741331 0.931002 0.769375 0.838128 0.809403 0.651043 0.546992 0.583497 0.507345 0.925602 0.853247 0.899463 0.930427 0.801441 0.955090 0.929123 0.813964 0.928026 0.953987 0.948983 0.953792 0.862526 0.856534 0.837801 0.932527 0.629352 0.773748 0.994545 0.873611 0.759085 0.782320 0.796659 0.946439 0.889933 0.861498 0.996477 0.868439 0.865317 0.969951 0.958899 0.870637 0.918571 0.845780
0.560174 0.428210 0.830946 0.845007 0.897977 0.857254 0.963674 0.522112 0.900801 0.736865 0.631280 0.000000 0.730733 0.530733 0.880389 0.556636 0.555343 0.539037 0.633562 0.532462 0.968366 0.919053 0.986902 0.856953 0.899793 0.746085 0.897975 0.760338 0.608104 0.534505 0.997792 0.848481 0.649117 0.712992 0.837465 0.992131 0.832681 0.829430 0.948187 0.971001 0.844798 0.745935 0.929065 0.726960 0.938833 0.930098 0.960165 0.884951 0.939351 0.848622 0.929614 0.854384 0.839238 0.807386 0.902135 0.997868 0.477513 0.441342 0.898355 0.814368 0.812651 0.691019 0.503162 0.352002 0.656394 0.917601 0.947691 0.961796 0.606029 0.657157 0.636478 0.712066 0.717113 0.793464 0.942904 0.932296 0.828668 0.805871 0.753392 0.717917 0.498674 0.487314 0.791123 0.542265 0.796126 0.957957 0.884802 0.931896 0.846969 0.885652 0.803646 0.768779 0.852566 0.948174 0.990694 0.800628 0.814346 0.805389 0.667104 0.722584 0.696223 0.851256 0.741741 0.574025 0.836686 0.997460 0.970850 0.934114 0.868008 0.799297 0.779162 0.895173 0.924162 0.802494 0.952674 0.950716
0.926210 0.904100 0.670284 0.671735 0.751748 0.819468 0.690974 0.656432 0.789960 0.891962 0.726549 0.730733 0.000000 0.670289 0.569379 0.572672 0.892135 0.810180 0.798934 0.901636 0.758367 0.884104 0.745129 0.750993 0.793091 0.801601 0.948994 0.982298 0.780406 0.729654 0.796077 0.875635 0.674861 0.723379 0.927676 0.932861 0.894280 0.997446 0.841069 0.874306 0.993770 0.944619 0.813669 0.731604 0.909645 0.958065 0.830051 0.805698 0.770250 0.926922 0.849681 0.926010 0.980399 0.846017 0.934062 0.979477 0.941092 0.931489 0.816264 0.893241 0.633616 0.893968 0.689284 0.773877 0.745134 0.832044 0.780381 0.741467 0.919315 0.993864 0.866492 0.912940 0.933837 0.878143 0.839559 0.866142 0.877147 0.764379 0.824097 0.731703 0.824034 0.720910 0.849373 0.844104 0.803038 0.790642 0.897669 0.945008 0.766805 0.992254 0.908402 0.889383 0.861381 0.852594 0.977627 0.860396 0.935206 0.990368 0.944217 0.979567 0.957866 0.854574 0.865268 0.879783 0.780364 0.744088 0.990958 0.917108 0.880795 0.801911 0.931016 0.979120 0.962089 0.887911 0.939322 0.852530
0.814130 0.622147 0.929403 0.821969 0.994135 0.997808 0.851066 0.560529 0.919002 0.730419 0.804165 0.530733 0.670289 0.000000 0.635676 0.495853 0.609266 0.539127 0.598155 0.603468 0.973943 0.941287 0.744750 0.667636 0.960153 0.834841 0.957232 0.763007 0.585502 0.525573 0.857374 0.660764 0.691183 0.760439 0.815368 0.989655 0.956455 0.918821 0.964156 0.994146 0.949816 0.825438 0.742798 0.743105 0.978144 0.991683 0.965950 0.846487 0.855185 0.743111 0.818484 0.782866 0.889212 0.933882 0.917736 0.829499 0.609174 0.629583 0.886830 0.851879 0.902487 0.977363 0.551686 0.544419 0.825299 0.786176 0.905832 0.908445 0.856161 0.953165 0.715047 0.779756 0.790163 0.852376 0.978403 0.948525 0.792394 0.687715 0.692619 0.634111 0.562049 0.484721 0.612986 0.641145 0.934511 0.794116 0.963209 0.704061 0.861844 0.843412 0.883328 0.784083 0.970381 0.952370 0.941840 0.739517 0.940649 0.944564 0.784354 0.698697 0.828317 0.841375 0.703160 0.641303 0.966817 0.921221 0.985622 0.968663 0.862203 0.814934 0.877755 0.857887 0.953780 0.778645 0.966603 0.912973
0.941890 0.923922 0.698445 0.720777 0.732184 0.988535 0.659174 0.822596 0.775118 0.868782 0.806214 0.880389 0.569379 0.635676 0.000000 0.610972 0.766000 0.705090 0.637218 0.803736 0.709465 0.767444 0.554986 0.635044 0.635753 0.837843 0.848723 0.957303 0.618771 0.664207 0.752229 0.701057 0.655011 0.705336 0.974526 0.945275 0.955076 0.993927 0.792310 0.806159 0.959782 0.994873 0.567104 0.622729 0.774591 0.862097 0.712230 0.570189 0.908654 0.959285 0.900505 0.995451 0.934805 0.978292 0.999971 0.874147 0.856029 0.950448 0.973300 0.829041 0.883060 0.794073 0.674852 0.883546 0.655502 0.876804 0.789059 0.845885 0.937270 0.929838 0.874647 0.909571 0.906500 0.896087 0.964510 0.836765 0.773426 0.654744 0.663814 0.687964 0.731917 0.699421 0.724760 0.796798 0.579407 0.576362 0.935114 0.900220 0.864094 0.984755 0.948759 0.888447 0.958394 0.930125 0.873030 0.743900 0.951133 0.961754 0.875955 0.730958 0.856968 0.980000 0.871613 0.939407 0.842732 0.800236 0.974857 0.957817 0.930987 0.869862 0.808965 0.891330 0.995005 0.842008 0.848035 0.850869
0.850804 0.696246 0.847385 0.578119 0.996769 0.828676 0.679000 0.439844 0.863973 0.650409 0.827137 0.556636 0.572672 0.495853 0.610972 0.000000 0.680599 0.646565 0.594369 0.642616 0.862908 0.803735 0.561480 0.498185 0.787416 0.929988 0.968126 0.914313 0.641527 0.499763 0.763781 0.632610 0.708082 0.728491 0.969456 0.953800 0.776873 0.867097 0.872970 0.947474 0.904721 0.843809 0.714663 0.673271 0.933863 0.994082 0.899203 0.766689 0.775941 0.830882 0.883933 0.833741 0.979860 0.986328 0.872379 0.806847 0.704091 0.708046 0.992424 0.906289 0.843462 0.878053 0.544369 0.563797 0.992948 0.920825 0.975190 0.996929 0.886097 0.926577 0.589885 0.728582 0.744008 0.860119 0.850316 0.931361 0.748518 0.702139 0.755184 0.719205 0.611640 0.560608 0.720090 0.581701 0.862060 0.674449 0.967599 0.748229 0.963393 0.962930 0.787211 0.755528 0.864601 0.889928 0.998808 0.714880 0.920188 0.897720 0.843262 0.723017 0.867066 0.864036 0.768789 0.634885 0.831634 0.907460 0.982323 0.975393 0.883539 0.823886 0.859725 0.999290 0.934008 0.858772 0.988339 0.917041
0.493843 0.405849 0.993008 0.833300 0.939770 0.980306 0.769866 0.674628 0.994769 0.636659 0.551544 0.555343 0.892135 0.609266 0.766000 0.680599 0.000000 0.311632 0.423803 0.400987 0.866459 0.860355 0.804616 0.760103 0.936445 0.810757 0.927963 0.762581 0.439245 0.424605 0.786037 0.604720 0.485271 0.495617 0.975447 0.898134 0.853184 0.818059 0.995381 0.969730 0.765494 0.821149 0.581396 0.514538 0.783211 0.784954 0.835834 0.749029 0.990188 0.983087 0.890353 0.859146 0.754249 0.762796 0.897042 0.981345 0.307390 0.376931 0.895341 0.964191 0.927387 0.924634 0.431977 0.459350 0.834353 0.907107 0.792332 0.835018 0.592791 0.639384 0.572450 0.611446 0.709629 0.694140 0.864645 0.840073 0.693168 0.692112 0.573635 0.508184 0.333300 0.369058 0.687757 0.652793 0.919545 0.726313 0.936103 0.957388 0.798271 0.889361 0.838072 0.791962 0.891133 0.955467 0.938177 0.731065 0.815107 0.960512 0.612119 0.530543 0.851758 0.933830 0.627911 0.561611 0.802053 0.977175 0.947798 0.972179 0.954414 0.806020 0.657448 0.726532 0.746046 0.814207 0.910793 0.928967
0.546879 0.380010 0.947752 0.894690 0.882383 0.999176 0.828540 0.706689 0.922283 0.639433 0.561939 0.539037 0.810180 0.539127 0.705090 0.646565 0.311632 0.000000 0.441006 0.374215 0.891644 0.900076 0.790209 0.739058 0.939196 0.757493 0.862256 0.772326 0.384823 0.360379 0.835098 0.612161 0.495213 0.493630 0.938300 0.911183 0.873986 0.836801 0.905737 0.978166 0.853464 0.784101 0.584602 0.491714 0.751910 0.760757 0.868506 0.696140 0.994126 0.995509 0.842509 0.870783 0.735726 0.681036 0.845332 0.959251 0.310078 0.362557 0.982778 0.920043 0.971103 0.923778 0.445141 0.455574 0.832851 0.924682 0.848813 0.877226 0.623792 0.657053 0.617750 0.681496 0.744692 0.725189 0.919043 0.829482 0.688968 0.622559 0.574559 0.511157 0.309875 0.322340 0.594445 0.598381 0.896864 0.678751 0.998735 0.889617 0.736144 0.868141 0.903988 0.818909 0.945778 0.986204 0.953302 0.705738 0.845905 0.937517 0.601234 0.513894 0.866323 0.986685 0.623239 0.578314 0.821004 0.994443 0.982363 0.981545 0.969192 0.797971 0.668622 0.646332 0.766903 0.797906 0.925691 0.934204
0.586139 0.564911 0.731538 0.587424 0.860293 0.945048 0.510029 0.559933 0.921689 0.532532 0.566689 0.633562 0.798934 0.598155 0.637218 0.594369 0.423803 0.441006 0.000000 0.411600 0.921591 0.875313 0.537171 0.561465 0.736930 0.973787 0.974372 0.764448 0.536380 0.493604 0.618676 0.456258 0.442280 0.453093 0.946142 0.935398 0.780987 0.890275 0.901574 0.987519 0.902591 0.899156 0.541658 0.587319 0.894375 0.940122 0.794614 0.697278 0.765064 0.794990 0.753070 0.696945 0.785299 0.882781 0.916915 0.848782 0.466340 0.581399 0.952604 0.763318 0.928350 0.805127 0.398485 0.616672 0.947864 0.985552 0.682001 0.833449 0.678408 0.788196 0.476045 0.567364 0.612386 0.672042 0.878782 0.795587 0.610522 0.659817 0.541915 0.542699 0.429628 0.382783 0.700433 0.661173 0.697000 0.594101 0.884353 0.889912 0.753471 0.798032 0.731051 0.655766 0.794858 0.801245 0.898633 0.759090 0.812019 0.956383 0.614662 0.484199 0.990830 0.743629 0.651024 0.626604 0.822563 0.836529 0.985991 0.994407 0.981241 0.902984 0.781728 0.770930 0.861408 0.912695 0.933564 0.912003
0.552088 0.414513 0.942205 0.818352 0.968955 0.991429 0.828140 0.633008 0.941026 0.564557 0.549979 0.532462 0.901636 0.603468 0.803736 0.642616 0.400987 0.374215 0.411600 0.000000 0.962552 0.950190 0.825479 0.747243 0.971950 0.753899 0.937581 0.683716 0.485570 0.467293 0.866295 0.610411 0.604229 0.551966 0.877876 0.880338 0.811108 0.826191 0.943089 0.966384 0.898865 0.857749 0.685960 0.591205 0.950903 0.930767 0.947684 0.787856 0.898799 0.840105 0.771472 0.714022 0.692622 0.755307 0.799296 0.904596 0.392151 0.430847 0.969995 0.866664 0.966864 0.960834 0.475067 0.492082 0.766007 0.861681 0.907549 0.949774 0.585621 0.653285 0.498020 0.659229 0.657381 0.674191 0.975146 0.842564 0.681820 0.685545 0.598198 0.595324 0.375591 0.398774 0.715858 0.572047 0.976255 0.829790 0.965119 0.946651 0.644992 0.805093 0.785944 0.744063 0.891952 0.945298 0.935502 0.804565 0.864388 0.942544 0.594764 0.561889 0.865134 0.907305 0.640153 0.541625 0.890339 0.987956 0.967364 0.994055 0.997299 0.925594 0.739867 0.720571 0.910322 0.762582 0.965227 0.938145
0.923354 0.926094 0.842493 0.872431 0.918105 0.903253 0.832439 0.938423 0.900229 0.977514 0.864841 0.968366 0.758367 0.973943 0.709465 0.862908 0.866459 0.891644 0.921591 0.962552 0.000000 0.872323 0.866525 0.882412 0.763152 0.829041 0.779443 0.993467 0.958842 0.862561 0.938834 0.885430 0.824797 0.832566 0.963458 0.991702 0.963192 0.955572 0.902012 0.942115 0.980784 0.950597 0.870743 0.763773 0.876277 0.924639 0.830957 0.765500 0.953032 0.872779 0.928724 0.910027 0.957676 0.975297 0.845934 0.825218 0.895825 0.963062 0.871235 0.977966 0.742764 0.994116 0.824282 0.957209 0.782562 0.787356 0.818834 0.820770 0.989420 0.967924 0.930579 0.959732 0.850392 0.908528 0.879090 0.952451 0.917608 0.863326 0.988220 0.875429 0.895019 0.918932 0.992762 0.993802 0.798179 0.786139 0.936388 0.900800 0.902482 0.978416 0.972500 0.958647 0.921132 0.911697 0.913604 0.739930 0.857060 0.962054 0.931029 0.926754 0.954943 0.913658 0.848485 0.976279 0.900396 0.802915 0.984856 0.908638 0.915149 0.974873 0.724903 0.926000 0.962144 0.993239 0.863151 0.922295
0.834820 0.895398 0.797201 0.888006 0.850634 0.825743 0.838793 0.850584 0.776318 0.985365 0.867579 0.919053 0.884104 0.941287 0.767444 0.803735 0.860355 0.900076 0.875313 0.950190 0.872323 0.000000 0.828140 0.906169 0.763547 0.769087 0.893083 0.823653 0.812016 0.859986 0.847714 0.934779 0.864343 0.832477 0.891192 0.953403 0.956023 0.987236 0.822990 0.844702 0.852564 0.918912 0.798159 0.749694 0.763791 0.826018 0.810610 0.828841 0.894266 0.832601 0.886536 0.809900 0.856158 0.986868 0.866835 0.803797 0.869597 0.887890 0.756376 0.894486 0.820574 0.943993 0.869678 0.918288 0.836596 0.788990 0.806386 0.831415 0.821858 0.851771 0.891192 0.966800 0.926650 0.884012 0.805123 0.981548 0.865080 0.859624 0.791630 0.884927 0.878963 0.922431 0.811566 0.988115 0.904287 0.918289 0.989169 0.905448 0.875205 0.865074 0.904106 0.931987 0.898697 0.900961 0.843752 0.754829 0.889699 0.970734 0.774230 0.824109 0.959588 0.978535 0.829134 0.882894 0.778222 0.847345 0.951359 0.984633 0.919652 0.954967 0.759054 0.974960 0.875524 0.990953 0.847744 0.760314
0.985027 0.984406 0.527330 0.458714 0.881160 0.951719 0.433185 0.643868 0.784308 0.705597 0.951707 0.986902 0.745129 0.744750 0.554986 0.561480 0.804616 0.790209 0.537171 0.825479 0.866525 0.828140 0.000000 0.367965 0.553406 0.735905 0.919846 0.987673 0.811707 0.723510 0.516193 0.506680 0.658057 0.719651 0.908348 0.976403 0.805166 0.977585 0.733973 0.997322 0.978226 0.921986 0.552513 0.730833 0.952272 0.943042 0.804296 0.745727 0.658724 0.821426 0.806286 0.819026 0.954389 0.824152 0.888212 0.696490 0.888321 0.991507 0.917479 0.610578 0.955914 0.758262 0.687349 0.977968 0.578421 0.771277 0.722828 0.905877 0.912974 0.910926 0.596672 0.695205 0.852068 0.887155 0.819444 0.876990 0.645455 0.714309 0.768067 0.769784 0.797953 0.717978 0.751839 0.857046 0.485278 0.423048 0.774942 0.844661 0.968750 0.946173 0.842339 0.688822 0.855604 0.739532 0.883224 0.744654 0.997344 0.887876 0.941414 0.663063 0.819874 0.791750 0.931999 0.893408 0.870833 0.727888 0.987685 0.939225 0.996824 0.895019 0.925773 0.939882 0.901233 0.952819 0.945468 0.912255
0.973391 0.906118 0.722495 0.519583 0.982861 0.986702 0.549126 0.616260 0.910443 0.735067 0.885957 0.856953 0.750993 0.667636 0.635044 0.498185 0.760103 0.739058 0.561465 0.747243 0.882412 0.906169 0.367965 0.000000 0.649455 0.918275 0.952416 0.889119 0.732256 0.646341 0.661686 0.478423 0.729496 0.778318 0.899680 0.951514 0.831746 0.933947 0.770674 0.938934 0.973165 0.948657 0.631166 0.791230 0.911428 0.897694 0.873121 0.801004 0.684237 0.774585 0.812689 0.783056 0.950212 0.824750 0.851945 0.681023 0.829981 0.921295 0.825012 0.562541 0.952253 0.851466 0.658405 0.861981 0.829519 0.923423 0.903743 0.907322 0.921060 0.982383 0.654526 0.672608 0.742932 0.746187 0.916604 0.893561 0.713621 0.770686 0.772346 0.710223 0.737343 0.645784 0.771882 0.780845 0.591470 0.488696 0.852104 0.808361 0.972081 0.945044 0.856328 0.758984 0.947292 0.879007 0.824892 0.765694 0.994666 0.925443 0.937394 0.675511 0.975768 0.756423 0.867395 0.796358 0.841608 0.856782 0.904636 0.928629 0.980273 0.934775 0.954622 0.976782 0.944236 0.955915 0.912239 0.943957
0.976571 0.950072 0.456918 0.606854 0.774698 0.877223 0.534476 0.850581 0.764209 0.918182 0.929687 0.899793 0.793091 0.960153 0.635753 0.787416 0.936445 0.939196 0.736930 0.971950 0.763152 0.763547 0.553406 0.649455 0.000000 0.569806 0.789585 0.873246 0.896587 0.804267 0.564269 0.700366 0.698337 0.674702 0.751032 0.986988 0.865815 0.878419 0.677362 0.871889 0.890014 0.965947 0.645414 0.743561 0.798526 0.829217 0.709314 0.665214 0.881096 0.906819 0.972508 0.846486 0.865713 0.885611 0.894088 0.909477 0.965155 0.893926 0.863671 0.828672 0.742848 0.844727 0.841522 0.897215 0.489964 0.632986 0.650003 0.704787 0.951951 0.984214 0.926791 0.922798 0.926727 0.950401 0.845535 0.917068 0.714709 0.846440 0.812860 0.925382 0.982827 0.892303 0.926120 0.991030 0.530424 0.529195 0.793668 0.921823 0.838021 0.953674 0.957960 0.984012 0.994699 0.891409 0.861028 0.845681 0.883078 0.980380 0.987851 0.865904 0.872604 0.975406 0.989787 0.906915 0.792917 0.655218 0.880813 0.975054 0.989275 0.970643 0.855678 0.928101 0.941874 0.929813 0.920363 0.830214
0.882548 0.735182 0.457947 0.649735 0.882785 0.871469 0.597948 0.872921 0.742883 0.951195 0.974140 0.746085 0.801601 0.834841 0.837843 0.929988 0.810757 0.757493 0.973787 0.753899 0.829041 0.769087 0.735905 0.918275 0.569806 0.000000 0.799988 0.711686 0.799538 0.884097 0.658564 0.924775 0.910612 0.889871 0.656872 0.855534 0.869853 0.972057 0.683830 0.898156 0.876480 0.862169 0.805036 0.823442 0.814054 0.850904 0.687267 0.768271 0.950262 0.853649 0.858811 0.791664 0.760892 0.861987 0.892647 0.952818 0.760700 0.718706 0.701057 0.924571 0.652700 0.975688 0.946785 0.762025 0.495143 0.590839 0.617192 0.612965 0.909781 0.953343 0.980951 0.995413 0.953781 0.853694 0.772496 0.901342 0.945280 0.954084 0.975065 0.901286 0.787744 0.821184 0.919615 0.804464 0.703421 0.817295 0.909621 0.984619 0.765688 0.850121 0.990912 0.955366 0.946467 0.903333 0.996415 0.995044 0.939725 0.996198 0.867636 0.902427 0.829778 0.943405 0.989753 0.828844 0.956069 0.697391 0.886201 0.921898 0.899382 0.948944 0.983600 0.806669 0.998085 0.938508 0.925621 0.803404
0.985368 0.990904 0.865068 0.963247 0.833549 0.942809 0.974759 0.890641 0.990974 0.945447 0.925804 0.897975 0.948994 0.957232 0.848723 0.968126 0.927963 0.862256 0.974372 0.937581 0.779443 0.893083 0.919846 0.952416 0.789585 0.799988 0.000000 0.989551 0.920868 0.831105 0.828578 0.938275 0.954169 0.879028 0.957088 0.865896 0.878525 0.911299 0.909804 0.949078 0.972208 0.953534 0.868473 0.734320 0.801399 0.882247 0.984594 0.808647 0.936915 0.762958 0.952368 0.880186 0.932385 0.949476 0.939274 0.910432 0.935136 0.973025 0.973168 0.982854 0.938330 0.905537 0.967724 0.959170 0.756932 0.768917 0.862191 0.883327 0.988963 0.833136 0.974933 0.952913 0.984721 0.929771 0.855608 0.979698 0.993909 0.885389 0.939425 0.999838 0.959787 0.984343 0.876430 0.973254 0.956730 0.821549 0.933756 0.908910 0.888354 0.943977 0.812328 0.855749 0.790146 0.920239 0.973004 0.933487 0.827727 0.980852 0.839384 0.943338 0.986646 0.848878 0.972110 0.846938 0.995646 0.919731 0.897437 0.971426 0.878225 0.899230 0.934219 0.955910 0.869011 0.992253 0.834827 0.915669
0.837207 0.778225 0.861268 0.997307 0.908118 0.862529 0.996223 0.885338 0.805119 0.921234 0.828082 0.760338 0.982298 0.763007 0.957303 0.914313 0.762581 0.772326 0.764448 0.683716 0.993467 0.823653 0.987673 0.889119 0.873246 0.711686 0.989551 0.000000 0.777656 0.770334 0.893685 0.954245 0.928078 0.847111 0.860492 0.920265 0.928844 0.963905 0.964497 0.881735 0.924335 0.895319 0.987295 0.920882 0.975177 0.981243 0.902230 0.941633 0.944833 0.905600 0.851802 0.793939 0.817762 0.940554 0.963936 0.978155 0.772036 0.765874 0.828984 0.887738 0.884710 0.944801 0.896861 0.907643 0.837582 0.965995 0.933540 0.960481 0.748752 0.916942 0.856402 0.978958 0.692220 0.736008 0.962101 0.966933 0.963342 0.928039 0.915810 0.759094 0.801642 0.740764 0.859392 0.777630 0.950474 0.883006 0.953091 0.730893 0.862958 0.661599 0.996891 0.941054 0.902598 0.978720 0.933706 0.994774 0.947656 0.960845 0.867221 0.802799 0.924731 0.868083 0.987657 0.881045 0.968295 0.854360 0.972781 0.903607 0.991173 0.936098 0.931557 0.890527 0.946519 0.899793 0.980322 0.873400
0.678284 0.550904 0.993700 0.918073 0.838671 0.972147 0.849571 0.709375 0.995490 0.752041 0.633672 0.608104 0.780406 0.585502 0.618771 0.641527 0.439245 0.384823 0.536380 0.485570 0.958842 0.812016 0.811707 0.732256 0.896587 0.799538 0.920868 0.777656 0.000000 0.412767 0.841557 0.671136 0.571949 0.551320 0.985138 0.973962 0.904335 0.941996 0.977832 0.952887 0.821436 0.860833 0.614901 0.551641 0.733613 0.709416 0.832182 0.678227 0.967297 0.910122 0.895231 0.984731 0.901020 0.796624 0.997064 0.935777 0.483995 0.488017 0.982205 0.946421 0.948231 0.995674 0.569812 0.558304 0.884277 0.991171 0.847711 0.862588 0.662277 0.678746 0.775968 0.859635 0.777211 0.778850 0.888526 0.788318 0.742155 0.597618 0.569680 0.543843 0.409384 0.414918 0.580717 0.605780 0.874146 0.725754 0.912624 0.829008 0.831624 0.921791 0.938567 0.875503 0.972451 0.939440 0.916940 0.721779 0.878794 0.938074 0.661728 0.629026 0.831351 0.875671 0.761347 0.703559 0.816384 0.998472 0.980308 0.927496 0.981642 0.833758 0.697319 0.764481 0.798898 0.823991 0.967848 0.912944
0.691643 0.519361 0.928861 0.765623 0.916317 0.976108 0.757268 0.622099 0.902654 0.675404 0.599788 0.534505 0.729654 0.525573 0.664207 0.499763 0.424605 0.360379 0.493604 0.467293 0.862561 0.859986 0.723510 0.646341 0.804267 0.884097 0.831105 0.770334 0.412767 0.000000 0.745863 0.612533 0.571387 0.517460 0.919645 0.961116 0.875497 0.788743 0.963278 0.988337 0.900317 0.822132 0.554537 0.447077 0.850066 0.759231 0.821235 0.606782 0.941717 0.960025 0.855271 0.907878 0.871705 0.848305 0.863045 0.898694 0.445121 0.485724 0.980539 0.917052 0.884732 0.954894 0.520467 0.507665 0.944348 0.943644 0.889726 0.875510 0.710673 0.735273 0.663209 0.791447 0.710888 0.701643 0.857024 0.900534 0.760572 0.683303 0.591940 0.574788 0.430963 0.398277 0.578591 0.609910 0.911167 0.717063 0.985011 0.769432 0.882707 0.877053 0.983556 0.922726 0.897178 0.957333 0.990648 0.746722 0.955727 0.903537 0.784752 0.665783 0.888960 0.934550 0.741050 0.607539 0.832593 0.960215 0.961663 0.895724 0.916650 0.789312 0.748529 0.854877 0.770777 0.812727 0.964801 0.858931
0.836253 0.914040 0.486623 0.479408 0.889341 0.869136 0.433748 0.658433 0.796619 0.655329 0.817203 0.997792 0.796077 0.857374 0.752229 0.763781 0.786037 0.835098 0.618676 0.866295 0.938834 0.847714 0.516193 0.661686 0.564269 0.658564 0.828578 0.893685 0.841557 0.745863 0.000000 0.653283 0.582110 0.554334 0.678333 0.982329 0.776855 0.903169 0.670270 0.929276 0.881155 0.933210 0.559046 0.644577 0.779048 0.833753 0.700035 0.743618 0.873511 0.963602 0.982891 0.967785 0.870804 0.934638 0.873704 0.917773 0.881693 0.943017 0.758202 0.916373 0.729684 0.873712 0.712655 0.923710 0.625173 0.764265 0.581092 0.696074 0.950570 0.952095 0.712311 0.788534 0.875605 0.908185 0.822576 0.840437 0.695050 0.809499 0.767201 0.809376 0.824913 0.768526 0.866320 0.981589 0.661787 0.666748 0.934298 0.992324 0.911097 0.969458 0.855508 0.813648 0.895298 0.752276 0.946621 0.994708 0.882272 0.937361 0.902410 0.846950 0.973406 0.692342 0.901478 0.939211 0.917234 0.754322 0.990175 0.896339 0.990550 0.951546 0.969119 0.916369 0.861376 0.964073 0.947792 0.850644
0.841615 0.781762 0.759111 0.666832 0.929470 0.988951 0.589709 0.667832 0.986368 0.661028 0.776182 0.848481 0.875635 0.660764 0.701057 0.632610 0.604720 0.612161 0.456258 0.610411 0.885430 0.934779 0.506680 0.478423 0.700366 0.924775 0.938275 0.954245 0.671136 0.612533 0.653283 0.000000 0.602174 0.617061 0.982657 0.885094 0.889101 0.978842 0.934236 0.943664 0.966127 0.968827 0.557073 0.715664 0.955010 0.975557 0.852378 0.790303 0.767543 0.777172 0.807289 0.766946 0.916710 0.972620 0.892770 0.757152 0.653813 0.772716 0.883988 0.640467 0.938623 0.709648 0.566914 0.775272 0.904972 0.937016 0.824398 0.956135 0.948173 0.963745 0.631319 0.713708 0.797246 0.796551 0.952188 0.873440 0.690862 0.694277 0.654002 0.687935 0.624895 0.577199 0.713314 0.829443 0.669474 0.591634 0.863522 0.833877 0.794719 0.945236 0.853530 0.764674 0.886689 0.899678 0.891377 0.741694 0.892522 0.969537 0.817799 0.585573 0.978585 0.814484 0.818956 0.733981 0.956981 0.940150 0.944620 0.961926 0.963054 0.959000 0.805551 0.890245 0.946167 0.952540 0.919673 0.898732
0.511004 0.551315 0.686440 0.648257 0.784270 0.902956 0.555738 0.628088 0.933787 0.667948 0.594988 0.649117 0.674861 0.691183 0.655011 0.708082 0.485271 0.495213 0.442280 0.604229 0.824797 0.864343 0.658057 0.729496 0.698337 0.910612 0.954169 0.928078 0.571949 0.571387 0.582110 0.602174 0.000000 0.376565 0.822571 0.946730 0.733744 0.826685 0.912909 0.924405 0.818228 0.850424 0.527952 0.512135 0.692128 0.735599 0.775000 0.661622 0.924684 0.973286 0.904049 0.954951 0.883318 0.756612 0.957631 0.999943 0.516606 0.585081 0.757302 0.988678 0.708372 0.918337 0.446938 0.604660 0.876238 0.904615 0.580532 0.603248 0.713920 0.730507 0.639813 0.645565 0.798475 0.930934 0.897918 0.872047 0.666430 0.634083 0.604504 0.630216 0.528115 0.467080 0.767070 0.708868 0.709215 0.592907 0.987851 0.972591 0.889325 0.885556 0.827743 0.741560 0.797060 0.861483 0.962014 0.778527 0.898031 0.990858 0.627077 0.659775 0.995874 0.817285 0.733519 0.719113 0.721445 0.761066 0.987016 0.991640 0.976111 0.832359 0.713908 0.788979 0.826858 0.891399 0.895675 0.982375
0.566831 0.558809 0.675315 0.644332 0.752403 0.864826 0.525885 0.607684 0.905346 0.595786 0.537359 0.712992 0.723379 0.760439 0.705336 0.728491 0.495617 0.493630 0.453093 0.551966 0.832566 0.832477 0.719651 0.778318 0.674702 0.889871 0.879028 0.847111 0.551320 0.517460 0.554334 0.617061 0.376565 0.000000 0.729811 0.881903 0.698922 0.862191 0.869840 0.911016 0.851254 0.905110 0.509255 0.446175 0.608466 0.671450 0.697084 0.599743 0.959268 0.911247 0.946896 0.983268 0.881801 0.802560 0.940747 0.991020 0.512884 0.593306 0.714090 0.965744 0.679482 0.968373 0.491537 0.655029 0.855549 0.833788 0.522077 0.553424 0.637078 0.653523 0.626187 0.742477 0.685058 0.824450 0.890787 0.794033 0.635385 0.663242 0.553163 0.616731 0.494597 0.490000 0.773410 0.735396 0.744628 0.662777 0.981633 0.938776 0.873734 0.900428 0.775277 0.738920 0.810295 0.779105 0.973358 0.812927 0.852512 0.905098 0.590434 0.632124 0.996935 0.747682 0.735522 0.698017 0.705141 0.730516 0.998906 0.955599 0.968818 0.860408 0.641979 0.731917 0.701243 0.879850 0.907457 0.837015
0.951083 0.975983 0.658803 0.774883 0.886950 0.741343 0.696523 0.855117 0.732285 0.786046 0.945942 0.837465 0.927676 0.815368 0.974526 0.969456 0.975447 0.938300 0.946142 0.877876 0.963458 0.891192 0.908348 0.899680 0.751032 0.656872 0.957088 0.860492 0.985138 0.919645 0.678333 0.982657 0.822571 0.729811 0.000000 0.976043 0.746881 0.938480 0.769754 0.987848 0.926577 0.994969 0.798084 0.827559 0.648779 0.747118 0.816110 0.802002 0.974386 0.777286 0.822092 0.781171 0.780927 0.968991 0.711832 0.929643 0.969803 0.962839 0.581789 0.770083 0.576923 0.876632 0.939409 0.973911 0.649341 0.618330 0.547027 0.544326 0.912168 0.903975 0.990076 0.979344 0.981552 0.911624 0.893260 0.860894 0.887557 0.962601 0.953782 0.993149 0.993732 0.987668 0.999502 0.972534 0.805637 0.793523 0.951598 0.823200 0.901616 0.764433 0.821979 0.834533 0.698281 0.778087 0.854517 0.930705 0.746405 0.984983 0.883528 0.887055 0.883321 0.807788 0.897216 0.921449 0.821209 0.678407 0.920989 0.840953 0.986413 0.972120 0.874568 0.769823 0.985872 0.934142 0.888888 0.927074
0.990710 0.922403 0.997505 0.918089 0.904436 0.844407 0.952103 0.988459 0.872203 0.995791 0.963243 0.992131 0.932861 0.989655 0.945275 0.953800 0.898134 0.911183 0.935398 0.880338 0.991702 0.953403 0.976403 0.951514 0.986988 0.855534 0.865896 0.920265 0.973962 0.961116 0.982329 0.885094 0.946730 0.881903 0.976043 0.000000 0.889727 0.959143 0.976394 0.847891 0.972050 0.908471 0.980739 0.950342 0.985216 0.956630 0.817920 0.969238 0.884907 0.865314 0.898273 0.917248 0.815951 0.899392 0.855515 0.952665 0.877903 0.937855 0.916808 0.991712 0.995033 0.981323 0.966999 0.990166 0.990973 0.959991 0.948719 0.883134 0.952485 0.909510 0.847329 0.986377 0.945567 0.962759 0.942751 0.935269 0.966968 0.994402 0.845216 0.973901 0.922057 0.996205 0.819679 0.991982 0.909538 0.957456 0.876362 0.989966 0.955747 0.849088 0.885231 0.843295 0.915449 0.932845 0.950386 0.870794 0.961694 0.969177 0.981311 0.996834 0.909900 0.924190 0.873602 0.965056 0.960114 0.954481 0.947872 0.961049 0.906294 0.970934 0.919018 0.912743 0.973002 0.918857 0.961007 0.984677
0.741085 0.776640 0.845317 0.620155 0.904006 0.834749 0.760906 0.683155 0.858798 0.640659 0.991474 0.832681 0.894280 0.956455 0.955076 0.776873 0.853184 0.873986 0.780987 0.811108 0.963192 0.956023 0.805166 0.831746 0.865815 0.869853 0.878525 0.928844 0.904335 0.875497 0.776855 0.889101 0.733744 0.698922 0.746881 0.889727 0.000000 0.679898 0.933807 0.918350 0.802297 0.934162 0.784735 0.795415 0.924483 0.948409 0.964583 0.893085 0.939391 0.959217 0.837994 0.958588 0.978040 0.918273 0.980143 0.945121 0.770636 0.794482 0.805099 0.941340 0.752528 0.797119 0.768151 0.737380 0.914906 0.782684 0.833802 0.847212 0.811863 0.868581 0.633914 0.699888 0.790123 0.863029 0.806309 0.935396 0.788451 0.845604 0.825392 0.928286 0.794796 0.847767 0.899073 0.732139 0.968834 0.782293 0.986632 0.929840 0.979132 0.998686 0.790822 0.734296 0.787994 0.828427 0.895991 0.973419 0.855184 0.835652 0.780620 0.820639 0.935962 0.829130 0.885197 0.832738 0.727625 0.793360 0.957619 0.831374 0.883661 0.957660 0.831053 0.721195 0.897212 0.960674 0.955433 0.967083
0.706067 0.698632 0.963703 0.781112 0.921116 0.823956 0.948800 0.848774 0.985884 0.818213 0.994793 0.829430 0.997446 0.918821 0.993927 0.867097 0.818059 0.836801 0.890275 0.826191 0.955572 0.987236 0.977585 0.933947 0.878419 0.972057 0.911299 0.963905 0.941996 0.788743 0.903169 0.978842 0.826685 0.862191 0.938480 0.959143 0.679898 0.000000 0.934128 0.815044 0.886596 0.981788 0.777535 0.764158 0.918319 0.886977 0.940015 0.910465 0.826794 0.810873 0.758327 0.802442 0.888202 0.920751 0.931400 0.906860 0.763936 0.753505 0.818548 0.868536 0.824024 0.742271 0.836767 0.726478 0.961147 0.857134 0.977390 0.957037 0.778113 0.814680 0.768989 0.706224 0.873743 0.820168 0.857404 0.910250 0.825729 0.916159 0.924985 0.974252 0.893602 0.909641 0.948409 0.799683 0.955352 0.876437 0.971212 0.993121 0.938321 0.810458 0.956728 0.943220 0.888380 0.910698 0.996578 0.963860 0.980377 0.904528 0.862626 0.919802 0.891153 0.844371 0.906587 0.739738 0.817704 0.793299 0.887319 0.871609 0.813892 0.867804 0.892908 0.952581 0.886921 0.864325 0.898580 0.807933
