0.000000 0.555504 0.690255 0.673740 0.891634 0.883036 0.554275 0.493384 0.849179 0.547639 0.560192 0.532756 0.612725 0.774797 0.927297 0.965651 0.509937 0.492706 0.525619 0.637436 0.903822 0.965187 0.865522 0.634868 0.867551 0.953546 0.845037 0.978247 0.746179 0.679585 0.995822 0.845061 0.579223 0.520103 0.734856 0.939406 0.983582 0.790023 0.891490 0.889611 0.770793 0.972141 0.735996 0.734965 0.779739 0.641653 0.619679 0.686072 0.814963 0.973368 0.954341 0.771118 0.845475 0.804949 0.772889 0.723829 0.541280 0.654894 0.589164 0.783248 0.438127 0.502233 0.431717 0.395239 0.921072 0.755278 0.756150 0.805062 0.764170 0.716226 0.945995 0.929585 0.955455 0.901058 0.990229 0.940812 0.782445 0.761869 0.700323 0.869617 0.503310 0.543172 0.938434 0.743187 0.837572 0.912712 0.803072 0.833988 0.826410 0.723817 0.792114 0.975585 0.832369 0.951408 0.774436 0.792469 0.793253 0.904906 0.584847 0.686049 0.838064 0.963744 0.691486 0.688771 0.920187 0.808653 0.896540 0.919345 0.894845 0.993195 0.888656 0.756507 0.889280 0.853728 0.865133 0.954560
0.555504 0.000000 0.885325 0.779480 0.908030 0.848787 0.831358 0.637315 0.949225 0.778201 0.788561 0.571100 0.650251 0.617594 0.857014 0.742303 0.569595 0.581384 0.654849 0.760438 0.999837 0.967823 0.974445 0.895783 0.941355 0.983776 0.992332 0.951193 0.778252 0.596921 0.948704 0.968365 0.613959 0.671254 0.864099 0.979671 0.944453 0.875991 0.943665 0.932283 0.883310 0.953699 0.735055 0.674112 0.744810 0.667671 0.724798 0.674857 0.742611 0.915550 0.984058 0.913227 0.967882 0.974207 0.787039 0.922140 0.603869 0.578070 0.714036 0.813386 0.647731 0.588354 0.655391 0.573553 0.919018 0.772725 0.921967 0.862265 0.828604 0.656103 0.915077 0.902544 0.910458 0.995399 0.995850 0.929956 0.852901 0.780675 0.749824 0.989951 0.636491 0.674270 0.976601 0.767441 0.936770 0.890399 0.999617 0.916619 0.919003 0.863149 0.963804 0.878467 0.970330 0.850930 0.820659 0.817794 0.828880 0.905158 0.739592 0.813372 0.884577 0.935647 0.798457 0.728755 0.993622 0.801462 0.977376 0.909974 0.983970 0.904262 0.977857 0.783130 0.850155 0.881095 0.886052 0.985565
0.690255 0.885325 0.000000 0.434497 0.884403 0.985438 0.344810 0.490348 0.687315 0.544878 0.706615 0.879990 0.872555 0.826633 0.703114 0.634299 0.851709 0.752182 0.732749 0.753124 0.900016 0.926778 0.908434 0.899345 0.953556 0.998285 0.922328 0.888801 0.955580 0.977625 0.966462 0.930056 0.571735 0.587094 0.695734 0.881957 0.967236 0.871930 0.868824 0.789533 0.901140 0.812865 0.718831 0.760460 0.754757 0.764794 0.776692 0.814925 0.987231 0.942805 0.957425 0.924499 0.832498 0.810961 0.788314 0.746167 0.824273 0.953086 0.626084 0.694735 0.504824 0.670721 0.734804 0.748622 0.556586 0.640223 0.491806 0.551517 0.989092 0.858204 0.919834 0.937740 0.998669 0.973478 0.925505 0.966876 0.665390 0.918806 0.922023 0.921347 0.713330 0.653673 0.906126 0.851380 0.680582 0.795720 0.819002 0.847591 0.810621 0.681641 0.578543 0.675340 0.483610 0.687429 0.782257 0.715922 0.626367 0.800543 0.558961 0.577075 0.740791 0.870172 0.732136 0.725155 0.747154 0.552680 0.908688 0.804089 0.840607 0.878099 0.700840 0.729535 0.889505 0.866601 0.999519 0.991878
0.673740 0.779480 0.434497 0.000000 0.973308 0.839754 0.468374 0.382083 0.850005 0.636982 0.666910 0.721188 0.876271 0.995870 0.644508 0.779936 0.918148 0.738868 0.796292 0.771321 0.904670 0.900879 0.991331 0.925832 0.924488 0.939758 0.996462 0.931279 0.928205 0.965257 0.913189 0.888170 0.630449 0.510559 0.637837 0.847992 0.961380 0.996305 0.741462 0.679130 0.809071 0.850440 0.653446 0.659392 0.743785 0.701440 0.686014 0.666237 0.994443 0.886353 0.951311 0.877900 0.760834 0.787921 0.850936 0.692171 0.952764 0.985197 0.680589 0.657463 0.543167 0.541092 0.787331 0.736758 0.572722 0.440360 0.409291 0.420136 0.805033 0.794138 0.744914 0.752165 0.970855 0.915063 0.976247 0.951533 0.665776 0.884084 0.818031 0.981161 0.713662 0.679709 0.833355 0.903303 0.841670 0.763822 0.807245 0.675896 0.953633 0.667280 0.631948 0.784334 0.527486 0.736130 0.720727 0.699261 0.633399 0.768106 0.496841 0.692483 0.745238 0.890603 0.689092 0.663969 0.725756 0.607927 0.870647 0.819029 0.784963 0.892287 0.699307 0.723302 0.976944 0.796942 0.950688 0.929651
0.891634 0.908030 0.884403 0.973308 0.000000 0.984283 0.903447 0.946546 0.701046 0.971467 0.818557 0.854876 0.918215 0.960348 0.702540 0.896945 0.938402 0.990909 0.883949 0.864820 0.964727 0.990892 0.560901 0.633224 0.929211 0.941391 0.933260 0.817498 0.906009 0.889216 0.817354 0.801343 0.966025 0.941792 0.883297 0.950540 0.980438 0.848024 0.962414 0.932436 0.931999 0.907712 0.772249 0.774718 0.956096 0.874488 0.852889 0.819618 0.923364 0.980149 0.902721 0.769274 0.772162 0.735221 0.930490 0.979226 0.964034 0.823859 0.810245 0.957645 0.917352 0.994009 0.994655 0.914224 0.674380 0.879006 0.900033 0.898712 0.892555 0.951018 0.938998 0.900864 0.696832 0.772090 0.971948 0.990915 0.979045 0.847250 0.908031 0.913248 0.974237 0.902346 0.803252 0.870837 0.668936 0.638562 0.810264 0.751524 0.821680 0.809344 0.905630 0.879698 0.923532 0.904260 0.948025 0.971899 0.877413 0.850843 0.945039 0.947197 0.957228 0.929124 0.787851 0.901567 0.862339 0.947201 0.914958 0.997664 0.839815 0.986107 0.930959 0.972917 0.958900 0.997247 0.899741 0.896963
0.883036 0.848787 0.985438 0.839754 0.984283 0.000000 0.970376 0.792555 0.935323 0.909809 0.866219 0.740588 0.780040 0.880569 0.980940 0.770740 0.966561 0.990701 0.943959 0.918973 0.991193 0.818386 0.878626 0.902179 0.915019 0.982817 0.833486 0.838612 0.942230 0.997830 0.927055 0.828961 0.965652 0.977571 0.866157 0.954879 0.996406 0.816932 0.935708 0.900762 0.824802 0.959677 0.912384 0.891295 0.862956 0.865316 0.984972 0.928679 0.850149 0.816178 0.882946 0.774782 0.968603 0.998622 0.908996 0.938225 0.934023 0.957386 0.998331 0.971541 0.853375 0.770949 0.943424 0.966148 0.923932 0.791955 0.984285 0.952748 0.915797 0.850185 0.738800 0.757289 0.972019 0.955545 0.981322 0.935003 0.854602 0.861048 0.950192 0.973287 0.978174 0.908258 0.709657 0.801181 0.798160 0.988319 0.855906 0.708488 0.929463 0.996825 0.860964 0.923968 0.780726 0.912836 0.888412 0.849228 0.935604 0.989216 0.851931 0.989313 0.948866 0.835331 0.937568 0.918880 0.874969 0.884856 0.858170 0.931868 0.938509 0.998886 0.878952 0.976558 0.949952 0.894407 0.822187 0.827467
0.554275 0.831358 0.344810 0.468374 0.903447 0.970376 0.000000 0.459040 0.603213 0.456119 0.662529 0.788202 0.718921 0.884141 0.753567 0.675467 0.748653 0.656568 0.609344 0.661659 0.977758 0.971910 0.921085 0.817211 0.916504 0.916867 0.847399 0.791090 0.937151 0.919818 0.972791 0.844013 0.508549 0.533430 0.669736 0.919986 0.983154 0.810620 0.886616 0.881289 0.815341 0.877122 0.768984 0.803074 0.789507 0.717688 0.827490 0.815200 0.992177 0.979418 0.968260 0.924154 0.799382 0.787710 0.790065 0.740682 0.752669 0.833833 0.591341 0.649938 0.368685 0.573417 0.561670 0.596677 0.631365 0.648251 0.548670 0.637533 0.914421 0.865273 0.957325 0.947000 0.991842 0.972952 0.959155 0.961103 0.724420 0.920600 0.854444 0.860080 0.611369 0.573069 0.920098 0.806479 0.644657 0.844080 0.807468 0.841184 0.788171 0.713814 0.526251 0.648848 0.501054 0.738362 0.738751 0.743889 0.589008 0.805644 0.487722 0.546279 0.821764 0.835338 0.712860 0.656609 0.771187 0.636675 0.886514 0.804606 0.794428 0.865608 0.683880 0.715982 0.914272 0.848617 0.946675 0.981950
0.493384 0.637315 0.490348 0.382083 0.946546 0.792555 0.459040 0.000000 0.829761 0.462878 0.497328 0.476816 0.651977 0.873768 0.673271 0.866639 0.750576 0.658115 0.650014 0.625091 0.936222 0.966022 0.850752 0.727059 0.808738 0.881593 0.873366 0.847590 0.933759 0.845993 0.951500 0.791119 0.618501 0.419511 0.714677 0.936137 0.999882 0.834319 0.738869 0.681218 0.853849 0.909758 0.680306 0.710962 0.861171 0.745724 0.680783 0.688813 0.937798 0.793631 0.890345 0.735110 0.615825 0.594129 0.734630 0.711092 0.851938 0.813906 0.511669 0.513567 0.406085 0.347097 0.660223 0.542154 0.776901 0.435685 0.526532 0.485100 0.983205 0.689994 0.827496 0.848058 0.965001 0.949578 0.986059 0.994598 0.580366 0.774579 0.815445 0.911484 0.687921 0.703753 0.706069 0.938006 0.982269 0.944902 0.702232 0.563601 0.889691 0.697480 0.715811 0.938889 0.626995 0.944539 0.773067 0.739500 0.568767 0.756065 0.452703 0.684801 0.675974 0.946963 0.604496 0.670295 0.767061 0.614869 0.915229 0.833239 0.800104 0.887590 0.703136 0.778195 0.933224 0.768188 0.991179 0.963427
0.849179 0.949225 0.687315 0.850005 0.701046 0.935323 0.603213 0.829761 0.000000 0.674007 0.920438 0.995067 0.685379 0.906670 0.850453 0.965443 0.877887 0.893564 0.855395 0.895097 0.942300 0.977337 0.682583 0.945726 0.886844 0.917424 0.924597 0.874490 0.879169 0.945576 0.955066 0.987815 0.823484 0.905428 0.909151 0.859448 0.960657 0.784291 0.946649 0.827641 0.928696 0.943597 0.910875 0.857208 0.996746 0.977465 0.920820 0.861656 0.965449 0.981896 0.991810 0.939614 0.898274 0.919007 0.953614 0.950139 0.832368 0.819860 0.933321 0.897588 0.621613 0.816891 0.743798 0.795575 0.630043 0.887894 0.969402 0.891411 0.835515 0.926016 0.922729 0.865224 0.924075 0.955290 0.862545 0.893617 0.888789 0.984989 0.813164 0.948696 0.811779 0.775439 0.799507 0.821395 0.611837 0.742955 0.853611 0.868078 0.851209 0.767403 0.775737 0.754078 0.775627 0.817839 0.930879 0.907111 0.787002 0.967746 0.881371 0.672321 0.959335 0.877076 0.982275 0.848179 0.768618 0.875742 0.960088 0.962749 0.842126 0.892329 0.818604 0.973040 0.969838 0.820238 0.994181 0.863044
0.547639 0.778201 0.544878 0.636982 0.971467 0.909809 0.456119 0.462878 0.674007 0.000000 0.570944 0.659779 0.667504 0.985643 0.824098 0.825212 0.736247 0.654166 0.548100 0.572068 0.894239 0.990370 0.963464 0.749131 0.674339 0.707400 0.795831 0.738070 0.880252 0.910295 0.994729 0.861357 0.650776 0.568530 0.791853 0.874638 0.918326 0.755308 0.995104 0.907950 0.952537 0.976932 0.922404 0.920028 0.962369 0.861039 0.736955 0.925665 0.915270 0.935840 0.895928 0.913922 0.689756 0.636351 0.761536 0.810216 0.807305 0.737516 0.513056 0.520176 0.433756 0.518443 0.552781 0.474286 0.907148 0.687971 0.645905 0.698202 0.751834 0.748126 0.953293 0.928263 0.975118 0.959798 0.888604 0.939366 0.753622 0.972085 0.861984 0.841992 0.637221 0.662218 0.809089 0.885594 0.815247 0.976202 0.734564 0.793413 0.812588 0.692763 0.693290 0.876015 0.677859 0.977822 0.826834 0.690788 0.536716 0.864927 0.530627 0.614709 0.730197 0.993773 0.599542 0.704055 0.674303 0.650517 0.963481 0.841250 0.794155 0.876210 0.773984 0.864475 0.941532 0.849283 0.915578 0.884296
0.560192 0.788561 0.706615 0.666910 0.818557 0.866219 0.662529 0.497328 0.920438 0.570944 0.000000 0.484915 0.613861 0.877368 0.681956 0.890682 0.720795 0.737701 0.733824 0.677100 0.823460 0.942874 0.635320 0.583288 0.806094 0.887416 0.775109 0.944911 0.915576 0.975012 0.746844 0.744308 0.805218 0.510745 0.787106 0.957905 0.996447 0.796841 0.849307 0.810163 0.812541 0.968464 0.753087 0.759060 0.976166 0.789579 0.704696 0.847863 0.925118 0.796411 0.700948 0.564134 0.601297 0.538406 0.815170 0.712333 0.908661 0.902426 0.682067 0.712773 0.587324 0.513484 0.701386 0.600305 0.915639 0.724418 0.731261 0.740358 0.754550 0.681795 0.919767 0.950895 0.851665 0.918025 0.982769 0.982901 0.653188 0.783136 0.827233 0.967494 0.758984 0.824596 0.713387 0.987140 0.838019 0.845466 0.688906 0.615900 0.865742 0.817272 0.803864 0.923038 0.772732 0.978340 0.840320 0.764962 0.726549 0.737744 0.662333 0.838906 0.716081 0.975905 0.609576 0.739350 0.980787 0.848892 0.950997 0.960189 0.862794 0.963980 0.844246 0.835907 0.877210 0.842670 0.924335 0.872104
0.532756 0.571100 0.879990 0.721188 0.854876 0.740588 0.788202 0.476816 0.995067 0.659779 0.484915 0.000000 0.490871 0.588353 0.869277 0.821851 0.675826 0.682896 0.669470 0.686758 0.991770 0.916125 0.679344 0.694199 0.729872 0.795781 0.944864 0.925581 0.903851 0.767276 0.765879 0.767160 0.843836 0.583299 0.860562 0.975915 0.987834 0.774372 0.815477 0.791667 0.898288 0.985342 0.780395 0.766069 0.992103 0.834653 0.756320 0.774826 0.951035 0.750224 0.795789 0.656508 0.677887 0.656836 0.702665 0.790892 0.820234 0.730579 0.652604 0.688511 0.545566 0.417548 0.668177 0.554047 0.937071 0.637274 0.864537 0.829019 0.816879 0.602416 0.999850 0.917499 0.926874 0.947990 0.928361 0.906537 0.672238 0.708093 0.785328 0.900884 0.738502 0.828814 0.750365 0.951530 0.812208 0.908124 0.794945 0.612644 0.918095 0.896015 0.962012 0.816602 0.932928 0.816496 0.863166 0.928425 0.761283 0.777443 0.694815 0.909291 0.754158 0.961461 0.681086 0.824454 0.939739 0.834744 0.975076 0.925629 0.883671 0.973926 0.914294 0.863808 0.957824 0.824072 0.980088 0.906513
0.612725 0.650251 0.872555 0.876271 0.918215 0.780040 0.718921 0.651977 0.685379 0.667504 0.613861 0.490871 0.000000 0.637938 0.892613 0.756359 0.690621 0.762435 0.651463 0.717654 0.853338 0.985577 0.925437 0.834629 0.670267 0.691251 0.888753 0.872134 0.782392 0.747895 0.825909 0.793158 0.840622 0.701377 0.950398 0.844065 0.880410 0.706461 0.950955 0.975559 0.860794 0.938161 0.977569 0.976817 0.952613 0.879259 0.895581 0.992389 0.936365 0.878150 0.851851 0.813821 0.853107 0.826421 0.777856 0.798079 0.755839 0.674223 0.779376 0.723810 0.493817 0.473483 0.688664 0.620946 0.983576 0.753836 0.937290 0.940877 0.771181 0.772182 0.916486 0.944547 0.937721 0.965102 0.978167 0.806575 0.810057 0.818897 0.891357 0.897802 0.804171 0.825208 0.887022 0.944817 0.984864 0.949960 0.972796 0.851229 0.828954 0.989097 0.885351 0.948946 0.899377 0.860705 0.973801 0.953199 0.752610 0.846380 0.778965 0.851095 0.962789 0.995654 0.837882 0.887051 0.846893 0.914456 0.856014 0.976468 0.887025 0.864857 0.928861 0.915034 0.947602 0.790209 0.915358 0.990978
0.774797 0.617594 0.826633 0.995870 0.960348 0.880569 0.884141 0.873768 0.906670 0.985643 0.877368 0.588353 0.637938 0.000000 0.718197 0.532528 0.723597 0.761703 0.771928 0.765919 0.823160 0.997129 0.953827 0.939880 0.919318 0.978330 0.815348 0.948994 0.810642 0.632335 0.931742 0.899495 0.985007 0.858111 0.905821 0.997486 0.975547 0.965534 0.846154 0.911532 0.985043 0.882712 0.930007 0.851463 0.977232 0.860636 0.768996 0.813447 0.932383 0.914344 0.963779 0.912523 0.979333 0.966972 0.845921 0.754349 0.828656 0.742668 0.974249 0.936185 0.846639 0.694422 0.818129 0.768741 0.925714 0.799438 0.906367 0.949095 0.997250 0.717755 0.883074 0.795557 0.872431 0.924792 0.903144 0.860257 0.900442 0.761433 0.805073 0.923249 0.841010 0.812449 0.877219 0.804813 0.939209 0.864277 0.977531 0.998183 0.974688 0.977840 0.852591 0.757910 0.813495 0.740241 0.935585 0.974372 0.985427 0.957515 0.972961 0.919811 0.941480 0.903058 0.964858 0.989379 0.957136 0.935729 0.884967 0.941005 0.913836 0.942766 0.887016 0.949526 0.966917 0.970310 0.891858 0.914773
0.927297 0.857014 0.703114 0.644508 0.702540 0.980940 0.753567 0.673271 0.850453 0.824098 0.681956 0.869277 0.892613 0.718197 0.000000 0.578882 0.815086 0.854532 0.948086 0.987451 0.841440 0.958280 0.573625 0.670011 0.970908 0.996393 0.804990 0.954995 0.707304 0.675722 0.741886 0.673257 0.988874 0.771314 0.911292 0.948215 0.956486 0.917756 0.831658 0.817575 0.920929 0.820074 0.694227 0.804087 0.957392 0.931400 0.915455 0.898473 0.843973 0.791325 0.934565 0.743301 0.584926 0.596704 0.951604 0.918139 0.743574 0.686364 0.752716 0.789420 0.891788 0.841981 0.899122 0.989090 0.936659 0.822160 0.589434 0.628213 0.959182 0.915000 0.966956 0.933048 0.782755 0.923277 0.935453 0.892093 0.803512 0.940248 0.850153 0.995141 0.871093 0.833160 0.579502 0.679086 0.722176 0.739112 0.661928 0.541413 0.973835 0.937857 0.761693 0.831207 0.646945 0.741040 0.910216 0.893213 0.802405 0.813763 0.721405 0.864415 0.720200 0.896930 0.717009 0.820658 0.932761 0.774876 0.822421 0.814512 0.981771 0.992718 0.741485 0.973192 0.971034 0.877297 0.900835 0.863776
0.965651 0.742303 0.634299 0.779936 0.896945 0.770740 0.675467 0.866639 0.965443 0.825212 0.890682 0.821851 0.756359 0.532528 0.578882 0.000000 0.901144 0.977893 0.990268 0.988132 0.855543 0.971754 0.884022 0.757779 0.981432 0.985818 0.768511 0.843237 0.894750 0.730157 0.895338 0.782479 0.938690 0.910304 0.818372 0.964341 0.970864 0.953111 0.976366 0.934998 0.966432 0.824794 0.831436 0.891041 0.886806 0.916826 0.970353 0.984877 0.995079 0.980943 0.950818 0.961264 0.753214 0.759269 0.956014 0.915370 0.916517 0.777653 0.792102 0.934354 0.925051 0.932409 0.937971 0.947996 0.948446 0.914455 0.729703 0.803252 0.921119 0.963232 0.847706 0.839596 0.778183 0.892250 0.965497 0.830157 0.959415 0.858430 0.872162 0.888682 0.929279 0.937341 0.851091 0.956063 0.952008 0.933697 0.815242 0.844057 0.849094 0.882253 0.788845 0.786848 0.708990 0.793064 0.895305 0.842409 0.839444 0.862325 0.828094 0.810148 0.902592 0.905196 0.829055 0.872526 0.969091 0.895974 0.856924 0.860795 0.945769 0.913652 0.721283 0.840807 0.906876 0.959678 0.811059 0.941298
0.509937 0.569595 0.851709 0.918148 0.938402 0.966561 0.748653 0.750576 0.877887 0.736247 0.720795 0.675826 0.690621 0.723597 0.815086 0.901144 0.000000 0.509267 0.590367 0.612533 0.898490 0.950431 0.952187 0.881924 0.889554 0.913932 0.989037 0.929206 0.673876 0.627939 0.993009 0.994097 0.679982 0.726729 0.721037 0.940062 0.872236 0.748960 0.921876 0.852643 0.944076 0.980485 0.908057 0.820883 0.817091 0.725335 0.794415 0.742867 0.829046 0.899778 0.990443 0.922336 0.991124 0.996292 0.777501 0.794669 0.577365 0.601220 0.777243 0.952584 0.613164 0.670321 0.494362 0.495143 0.920731 0.878862 0.980380 0.995533 0.690510 0.684532 0.998838 0.889328 0.982212 0.983471 0.974682 0.967417 0.860517 0.937231 0.713093 0.984311 0.492318 0.526275 0.864644 0.635730 0.739367 0.823387 0.876603 0.911445 0.843617 0.779905 0.893313 0.907446 0.993034 0.850538 0.843055 0.768214 0.855885 0.984003 0.806577 0.809497 0.978036 0.857066 0.793520 0.825913 0.888415 0.967415 0.931550 0.987111 0.991684 0.994458 0.946012 0.802384 0.824936 0.990081 0.965283 0.915566
0.492706 0.581384 0.752182 0.738868 0.990909 0.990701 0.656568 0.658115 0.893564 0.654166 0.737701 0.682896 0.762435 0.761703 0.854532 0.977893 0.509267 0.000000 0.575379 0.631627 0.933596 0.895956 0.911565 0.857482 0.992637 0.977280 0.946968 0.976101 0.654814 0.530133 0.863290 0.939991 0.584699 0.601167 0.746619 0.809224 0.894516 0.797706 0.928805 0.887379 0.812242 0.984453 0.798393 0.718279 0.757922 0.678233 0.604106 0.659226 0.757412 0.899386 0.986934 0.945769 0.995967 0.951555 0.659498 0.702819 0.494548 0.633568 0.709518 0.856476 0.569455 0.644877 0.407501 0.443151 0.840413 0.802629 0.811473 0.831133 0.851447 0.700910 0.923340 0.921988 0.916249 0.938265 0.991263 0.928511 0.922236 0.907577 0.706153 0.996891 0.373109 0.409262 0.839738 0.556625 0.687270 0.728119 0.976566 0.962919 0.810973 0.605720 0.904330 0.881901 0.984116 0.849419 0.758056 0.749704 0.893540 0.948593 0.753311 0.756645 0.956120 0.864127 0.836751 0.800394 0.914617 0.811351 0.902951 0.904120 0.864849 0.916190 0.947888 0.798318 0.891391 0.949952 0.969980 0.910256
0.525619 0.654849 0.732749 0.796292 0.883949 0.943959 0.609344 0.650014 0.855395 0.548100 0.733824 0.669470 0.651463 0.771928 0.948086 0.990268 0.590367 0.575379 0.000000 0.590547 0.953918 0.934155 0.894556 0.943216 0.797984 0.886285 0.965045 0.914598 0.697620 0.668713 0.903791 0.980191 0.640509 0.629743 0.756002 0.938021 0.993182 0.708337 0.983988 0.970419 0.902735 0.979747 0.977826 0.899160 0.974671 0.802934 0.798229 0.849175 0.991019 0.967248 0.924877 0.974002 0.871276 0.902954 0.699160 0.739324 0.676269 0.672235 0.760593 0.786651 0.527306 0.603965 0.484261 0.516498 0.929165 0.784361 0.844435 0.878036 0.750998 0.803484 0.880261 0.912605 0.818912 0.903197 0.983269 0.986175 0.884151 0.802796 0.792392 0.970756 0.548110 0.573925 0.970198 0.743562 0.733546 0.855993 0.829072 0.996813 0.790467 0.774616 0.789821 0.975811 0.867190 0.886003 0.837774 0.856814 0.735522 0.907855 0.672937 0.710154 0.903712 0.849607 0.732836 0.867452 0.872466 0.775974 0.898738 0.862684 0.982563 0.916682 0.886387 0.812276 0.867700 0.881839 0.957342 0.815552
0.637436 0.760438 0.753124 0.771321 0.864820 0.918973 0.661659 0.625091 0.895097 0.572068 0.677100 0.686758 0.717654 0.765919 0.987451 0.988132 0.612533 0.631627 0.590547 0.000000 0.923752 0.881440 0.970533 0.825456 0.782770 0.759414 0.869659 0.664957 0.821819 0.759679 0.931963 0.911523 0.719324 0.627604 0.773150 0.962544 0.955033 0.800269 0.917749 0.889247 0.953475 0.923400 0.887912 0.845370 0.984277 0.833675 0.819911 0.704815 0.989656 0.943741 0.984280 0.958562 0.781259 0.729894 0.894226 0.785412 0.750509 0.608770 0.580725 0.552696 0.614145 0.609471 0.655329 0.593580 0.993952 0.757510 0.802508 0.784499 0.816438 0.710109 0.977694 0.969111 0.848103 0.861250 0.865021 0.993122 0.799290 0.968600 0.826018 0.987542 0.697531 0.688575 0.956630 0.823376 0.883214 0.961346 0.847720 0.898076 0.797646 0.755863 0.868678 0.976267 0.927654 0.881135 0.918437 0.790832 0.730431 0.920406 0.696710 0.804459 0.740138 0.889507 0.721247 0.818816 0.909020 0.879936 0.977491 0.932006 0.859971 0.936422 0.738049 0.864398 0.942387 0.986894 0.986545 0.972412
0.903822 0.999837 0.900016 0.904670 0.964727 0.991193 0.977758 0.936222 0.942300 0.894239 0.823460 0.991770 0.853338 0.823160 0.841440 0.855543 0.898490 0.933596 0.953918 0.923752 0.000000 0.964958 0.918207 0.877551 0.885519 0.969668 0.877347 0.938283 0.952688 0.865146 0.968699 0.955718 0.908023 0.897430 0.907388 0.990231 0.881237 0.975579 0.959000 0.941822 0.981399 0.970883 0.831503 0.813264 0.878125 0.940825 0.838034 0.974437 0.893281 0.975105 0.998038 0.901249 0.890200 0.909449 0.945541 0.892229 0.905771 0.944910 0.876133 0.905755 0.976272 0.961852 0.987053 0.957266 0.989581 0.971016 0.837254 0.899042 0.924094 0.869358 0.958558 0.969270 0.915596 0.899535 0.922890 0.945754 0.957051 0.969058 0.965631 0.971173 0.961072 0.962910 0.871742 0.907594 0.951746 0.927334 0.967185 0.965397 0.955703 0.875525 0.940424 0.968004 0.919111 0.958807 0.984718 0.834594 0.872711 0.961213 0.975064 0.969584 0.894386 0.916226 0.840453 0.901927 0.981637 0.983360 0.995894 0.976850 0.851148 0.957045 0.926347 0.868727 0.888114 0.938220 0.937999 0.919905
0.965187 0.967823 0.926778 0.900879 0.990892 0.818386 0.971910 0.966022 0.977337 0.990370 0.942874 0.916125 0.985577 0.997129 0.958280 0.971754 0.950431 0.895956 0.934155 0.881440 0.964958 0.000000 0.985449 0.997872 0.931261 0.969058 0.912551 0.852877 0.911318 0.965361 0.979023 0.885132 0.979510 0.980896 0.934307 0.970926 0.956754 0.986715 0.982386 0.879791 0.976251 0.795140 0.978162 0.913043 0.968264 0.903780 0.948816 0.926444 0.987134 0.957545 0.901706 0.924910 0.964582 0.993686 0.933557 0.939526 0.809692 0.902823 0.957927 0.859555 0.988528 0.962299 0.890171 0.914178 0.891382 0.881575 0.907446 0.897808 0.955160 0.943684 0.939213 0.854113 0.940048 0.921678 0.891517 0.978555 0.984255 0.991162 0.920355 0.970381 0.948104 0.970433 0.881269 0.894201 0.988931 0.951693 0.803093 0.924808 0.990282 0.968685 0.897169 0.966922 0.858340 0.874056 0.998094 0.920557 0.964735 0.807491 0.882283 0.933327 0.908138 0.754148 0.980644 0.963500 0.890479 0.836825 0.943407 0.915979 0.950135 0.878664 0.940374 0.866867 0.985197 0.948883 0.985866 0.947119
0.865522 0.974445 0.908434 0.991331 0.560901 0.878626 0.921085 0.850752 0.682583 0.963464 0.635320 0.679344 0.925437 0.953827 0.573625 0.884022 0.952187 0.911565 0.894556 0.970533 0.918207 0.985449 0.000000 0.459351 0.797419 0.946649 0.863597 0.945847 0.903015 0.813074 0.534928 0.578651 0.830041 0.911502 0.843838 0.919283 0.930242 0.922078 0.813286 0.871828 0.864526 0.938755 0.795240 0.801050 0.944146 0.974754 0.969232 0.906558 0.956680 0.775515 0.729875 0.538632 0.665059 0.614834 0.998479 0.996656 0.855726 0.864931 0.836161 0.939311 0.987871 0.867042 0.938016 0.957364 0.573250 0.914912 0.987459 0.989230 0.852257 0.869379 0.871390 0.922169 0.642316 0.760557 0.835671 0.974264 0.849413 0.838415 0.833959 0.943421 0.842990 0.737007 0.597509 0.686400 0.422244 0.555232 0.729861 0.520019 0.929032 0.776049 0.953842 0.828456 0.976323 0.944823 0.962098 0.879416 0.898107 0.875288 0.958234 0.857863 0.822488 0.923362 0.764971 0.878869 0.764557 0.912471 0.940280 0.920683 0.890781 0.968475 0.975265 0.983861 0.973668 0.995978 0.863768 0.803459
0.634868 0.895783 0.899345 0.925832 0.633224 0.902179 0.817211 0.727059 0.945726 0.749131 0.583288 0.694199 0.834629 0.939880 0.670011 0.757779 0.881924 0.857482 0.943216 0.825456 0.877551 0.997872 0.459351 0.000000 0.767740 0.880984 0.702749 0.913437 0.988642 0.918351 0.631887 0.545575 0.981993 0.800549 0.932339 0.923313 0.976974 0.795784 0.888065 0.911254 0.820267 0.994545 0.799581 0.819080 0.991241 0.892890 0.854385 0.908309 0.902643 0.932051 0.794467 0.671612 0.728694 0.587900 0.982392 0.947077 0.868978 0.881163 0.595371 0.791687 0.779827 0.795011 0.818654 0.703960 0.696328 0.902810 0.936310 0.985316 0.716833 0.816694 0.869672 0.866399 0.635233 0.729587 0.976420 0.927730 0.822571 0.851385 0.907254 0.810889 0.896236 0.987809 0.723083 0.942784 0.690579 0.606665 0.739536 0.600923 0.867956 0.957191 0.902304 0.948752 0.908270 0.940935 0.965030 0.965247 0.943145 0.887341 0.778920 0.869111 0.798632 0.870797 0.641160 0.789554 0.879609 0.998355 0.889239 0.961269 0.955323 0.998303 0.893934 0.883598 0.933871 0.931681 0.837321 0.943317
0.867551 0.941355 0.953556 0.924488 0.929211 0.915019 0.916504 0.808738 0.886844 0.674339 0.806094 0.729872 0.670267 0.919318 0.970908 0.981432 0.889554 0.992637 0.797984 0.782770 0.885519 0.931261 0.797419 0.767740 0.000000 0.513982 0.855415 0.735872 0.896337 0.979850 0.689763 0.688216 0.895598 0.927133 0.897378 0.668240 0.873274 0.708795 0.908159 0.958399 0.935649 0.798615 0.704307 0.737008 0.660306 0.763581 0.885657 0.860540 0.740258 0.798207 0.784495 0.886842 0.749565 0.697102 0.912671 0.941228 0.889479 0.835135 0.728119 0.625870 0.763968 0.706599 0.877473 0.723723 0.720055 0.956919 0.918202 0.901353 0.716312 0.975208 0.862514 0.813551 0.938809 0.999766 0.914493 0.975767 0.940613 0.967769 0.905509 0.785549 0.962813 0.918568 0.686453 0.835543 0.777551 0.686256 0.817787 0.776660 0.968197 0.924116 0.959841 0.902066 0.951004 0.828954 0.884273 0.863876 0.896078 0.997089 0.884494 0.988491 0.986313 0.955137 0.805055 0.928518 0.886927 0.991566 0.826586 0.982010 0.985054 0.985147 0.992955 0.954445 0.964633 0.946101 0.887404 0.908471
0.953546 0.983776 0.998285 0.939758 0.941391 0.982817 0.916867 0.881593 0.917424 0.707400 0.887416 0.795781 0.691251 0.978330 0.996393 0.985818 0.913932 0.977280 0.886285 0.759414 0.969668 0.969058 0.946649 0.880984 0.513982 0.000000 0.917504 0.752381 0.961026 0.976189 0.740004 0.862252 0.919519 0.940347 0.931139 0.692803 0.808501 0.800654 0.842674 0.974092 0.884823 0.769603 0.757641 0.764610 0.839083 0.853246 0.966205 0.854539 0.757779 0.920514 0.878192 0.962794 0.794666 0.677566 0.984156 0.940952 0.976913 0.800186 0.709793 0.634319 0.785859 0.788351 0.864368 0.790370 0.790033 0.920770 0.937918 0.958209 0.813593 0.887442 0.823429 0.852121 0.916233 0.975444 0.911655 0.897197 0.903897 0.808412 0.892928 0.826318 0.985977 0.994444 0.790692 0.874682 0.938725 0.752707 0.947747 0.895969 0.945128 0.899609 0.871190 0.842490 0.906442 0.758732 0.802807 0.971800 0.857346 0.949215 0.948224 0.999047 0.943031 0.912273 0.942775 0.963214 0.777636 0.939092 0.815932 0.962914 0.892368 0.995228 0.887200 0.872456 0.932013 0.931003 0.884187 0.849838
0.845037 0.992332 0.922328 0.996462 0.933260 0.833486 0.847399 0.873366 0.924597 0.795831 0.775109 0.944864 0.888753 0.815348 0.804990 0.768511 0.989037 0.946968 0.965045 0.869659 0.877347 0.912551 0.863597 0.702749 0.855415 0.917504 0.000000 0.827888 0.845097 0.832882 0.941847 0.716576 0.931981 0.851482 0.899471 0.912015 0.905000 0.919129 0.980705 0.996996 0.975335 0.968990 0.818249 0.907450 0.884189 0.825380 0.958737 0.992882 0.873447 0.851069 0.958548 0.999261 0.869179 0.828414 0.903455 0.851844 0.843448 0.875891 0.723871 0.841469 0.886780 0.958836 0.946301 0.837781 0.857168 0.902662 0.953098 0.934233 0.715101 0.873347 0.941740 0.900552 0.815900 0.843527 0.892604 0.940722 0.961825 0.999806 0.951974 0.803610 0.967962 0.893305 0.851387 0.898708 0.949106 0.741009 0.980956 0.891207 0.833553 0.943136 0.861181 0.917475 0.831168 0.962548 0.968933 0.948360 0.778574 0.800645 0.841005 0.802023 0.891665 0.874025 0.773876 0.855299 0.861901 0.954944 0.967567 0.888719 0.873507 0.989582 0.837002 0.917614 0.970043 0.827987 0.966073 0.896479
0.978247 0.951193 0.888801 0.931279 0.817498 0.838612 0.791090 0.847590 0.874490 0.738070 0.944911 0.925581 0.872134 0.948994 0.954995 0.843237 0.929206 0.976101 0.914598 0.664957 0.938283 0.852877 0.945847 0.913437 0.735872 0.752381 0.827888 0.000000 0.904989 0.976191 0.947327 0.913543 0.915860 0.937413 0.922516 0.924223 0.988268 0.908744 0.947770 0.958904 0.919415 0.907512 0.970619 0.987302 0.949438 0.998396 0.933125 0.974027 0.992165 0.887017 0.918962 0.797953 0.827272 0.856645 0.910447 0.958161 0.987632 0.767831 0.739812 0.664403 0.806995 0.873589 0.955504 0.874330 0.962778 0.970812 0.963920 0.914842 0.986456 0.940251 0.989718 0.939799 0.948410 0.868976 0.835594 0.999199 0.860877 0.895076 0.963066 0.854660 0.998224 0.981531 0.926663 0.973724 0.960205 0.837919 0.984680 0.976340 0.839729 0.994753 0.894586 0.871746 0.899443 0.989232 0.976725 0.883489 0.762708 0.978382 0.858021 0.868894 0.968511 0.970613 0.955810 0.925331 0.903384 0.983520 0.826740 0.907321 0.777900 0.912041 0.781744 0.972091 0.916542 0.902999 0.977340 0.934621
0.746179 0.778252 0.955580 0.928205 0.906009 0.942230 0.937151 0.933759 0.879169 0.880252 0.915576 0.903851 0.782392 0.810642 0.707304 0.894750 0.673876 0.654814 0.697620 0.821819 0.952688 0.911318 0.903015 0.988642 0.896337 0.961026 0.845097 0.904989 0.000000 0.558189 0.973500 0.834559 0.857282 0.851201 0.999864 0.949497 0.999635 0.735374 0.918085 0.870850 0.912974 0.964927 0.846604 0.939814 0.853271 0.949477 0.864580 0.998059 0.929765 0.862183 0.742820 0.854778 0.937665 0.978416 0.921439 0.772659 0.745845 0.844354 0.995542 0.989744 0.821428 0.785753 0.703585 0.730862 0.987647 0.949370 0.850701 0.873061 0.876579 0.871400 0.883538 0.878200 0.831937 0.847667 0.958363 0.922118 0.914532 0.920041 0.865540 0.959718 0.723456 0.755673 0.834841 0.740388 0.852392 0.854089 0.962462 0.877770 0.878452 0.819262 0.873939 0.721168 0.777128 0.677550 0.953011 0.880994 0.915983 0.947166 0.978861 0.943129 0.902776 0.768501 0.995407 0.944687 0.973810 0.922198 0.930083 0.831595 0.859036 0.993681 0.967647 0.996431 0.811037 0.972168 0.982947 0.788451
0.679585 0.596921 0.977625 0.965257 0.889216 0.997830 0.919818 0.845993 0.945576 0.910295 0.975012 0.767276 0.747895 0.632335 0.675722 0.730157 0.627939 0.530133 0.668713 0.759679 0.865146 0.965361 0.813074 0.918351 0.979850 0.976189 0.832882 0.976191 0.558189 0.000000 0.789172 0.787186 0.757408 0.759323 0.891448 0.813278 0.902610 0.910550 0.967587 0.936781 0.958343 0.949322 0.971587 0.927975 0.979235 0.894026 0.719805 0.809424 0.819139 0.933430 0.955754 0.942532 0.890710 0.932720 0.739145 0.777431 0.612388 0.639125 0.898038 0.891721 0.776951 0.737703 0.618211 0.652294 0.897777 0.826856 0.926854 0.994477 0.973186 0.875734 0.922669 0.897525 0.798320 0.846075 0.899952 0.930708 0.997825 0.835381 0.736952 0.803496 0.661254 0.597508 0.742537 0.622154 0.765320 0.756118 0.857718 0.872093 0.860497 0.766315 0.821502 0.722457 0.779224 0.694168 0.902488 0.984002 0.986608 0.906487 0.892048 0.942677 0.886806 0.855017 0.928794 0.962225 0.942823 0.884616 0.988425 0.922067 0.991543 0.977384 0.986313 0.998355 0.878662 0.991792 0.984684 0.862839
0.995822 0.948704 0.966462 0.913189 0.817354 0.927055 0.972791 0.951500 0.955066 0.994729 0.746844 0.765879 0.825909 0.931742 0.741886 0.895338 0.993009 0.863290 0.903791 0.931963 0.968699 0.979023 0.534928 0.631887 0.689763 0.740004 0.941847 0.947327 0.973500 0.789172 0.000000 0.599281 0.725759 0.978479 0.780607 0.794787 0.936708 0.710582 0.995319 0.951409 0.965284 0.890462 0.902416 0.897685 0.712667 0.752585 0.810184 0.779237 0.698580 0.652074 0.645906 0.602516 0.740808 0.645831 0.969628 0.876398 0.819618 0.868073 0.895859 0.924119 0.939138 0.895951 0.928818 0.995872 0.760677 0.929553 0.870351 0.809569 0.761004 0.952600 0.670898 0.787562 0.751145 0.760425 0.897176 0.974790 0.960160 0.975478 0.832855 0.951362 0.829969 0.771060 0.678682 0.750419 0.595747 0.617055 0.883126 0.706471 0.923204 0.890595 0.921279 0.872731 0.901789 0.913116 0.981726 0.942174 0.888926 0.949178 0.881613 0.822134 0.917037 0.920627 0.847718 0.962364 0.905504 0.869354 0.978825 0.921924 0.922449 0.995515 0.908605 0.999176 0.960868 0.956439 0.934730 0.824415
0.845061 0.968365 0.930056 0.888170 0.801343 0.828961 0.844013 0.791119 0.987815 0.861357 0.744308 0.767160 0.793158 0.899495 0.673257 0.782479 0.994097 0.939991 0.980191 0.911523 0.955718 0.885132 0.578651 0.545575 0.688216 0.862252 0.716576 0.913543 0.834559 0.787186 0.599281 0.000000 0.912060 0.947503 0.958714 0.730630 0.998591 0.843235 0.948801 0.982741 0.884500 0.955846 0.913083 0.977714 0.911080 0.995657 0.938654 0.954235 0.975583 0.955936 0.881449 0.762563 0.736620 0.695061 0.996735 0.905806 0.926122 0.996776 0.686026 0.797071 0.840538 0.810751 0.979235 0.881411 0.793788 0.939074 0.993064 0.946236 0.771638 0.884433 0.941573 0.899280 0.755079 0.716565 0.944597 0.911545 0.926574 0.984598 0.859120 0.797050 0.983397 0.839966 0.636090 0.795906 0.664242 0.651393 0.724371 0.592756 0.846475 0.882433 0.812909 0.917633 0.793118 0.971405 0.886106 0.905567 0.917130 0.903577 0.833421 0.986890 0.911351 0.823108 0.742496 0.840588 0.923705 0.916057 0.986523 0.984744 0.890251 0.939396 0.959268 0.901883 0.983436 0.888699 0.950168 0.842170
0.579223 0.613959 0.571735 0.630449 0.966025 0.965652 0.508549 0.618501 0.823484 0.650776 0.805218 0.843836 0.840622 0.985007 0.988874 0.938690 0.679982 0.584699 0.640509 0.719324 0.908023 0.979510 0.830041 0.981993 0.895598 0.919519 0.931981 0.915860 0.857282 0.757408 0.725759 0.912060 0.000000 0.552715 0.734343 0.855056 0.997470 0.969572 0.959447 0.939290 0.792108 0.878598 0.711635 0.637894 0.645024 0.570212 0.794855 0.670181 0.811978 0.843008 0.904227 0.999065 0.937617 0.953634 0.819745 0.900114 0.599685 0.716442 0.709509 0.805773 0.551333 0.680123 0.624329 0.667614 0.729613 0.700017 0.628605 0.645879 0.934497 0.846157 0.837895 0.987461 0.910636 0.870100 0.984899 0.971496 0.752447 0.826298 0.800855 0.884594 0.584224 0.582171 0.950386 0.756796 0.650391 0.766689 0.957834 0.957878 0.879319 0.825407 0.697691 0.807338 0.691237 0.877561 0.745174 0.746922 0.655746 0.830634 0.600646 0.617331 0.837253 0.991199 0.859553 0.704561 0.906368 0.710304 0.904613 0.825740 0.850779 0.805564 0.807042 0.701530 0.777114 0.839460 0.984938 0.964917
0.520103 0.671254 0.587094 0.510559 0.941792 0.977571 0.533430 0.419511 0.905428 0.568530 0.510745 0.583299 0.701377 0.858111 0.771314 0.910304 0.726729 0.601167 0.629743 0.627604 0.897430 0.980896 0.911502 0.800549 0.927133 0.940347 0.851482 0.937413 0.851201 0.759323 0.978479 0.947503 0.552715 0.000000 0.700025 0.811411 0.933995 0.939826 0.815283 0.689642 0.790785 0.981932 0.681865 0.704761 0.832498 0.687419 0.652749 0.682516 0.988187 0.901524 0.937834 0.823766 0.671446 0.652221 0.741743 0.647708 0.761657 0.798312 0.618882 0.600525 0.508842 0.460011 0.602515 0.527131 0.843982 0.533786 0.538203 0.505679 0.935870 0.633301 0.953814 0.913572 0.937230 0.992752 0.969602 0.996676 0.743963 0.768649 0.759567 0.969900 0.637335 0.631365 0.842364 0.873006 0.861680 0.881810 0.860846 0.765115 0.859350 0.729184 0.772250 0.993946 0.733314 0.992846 0.818717 0.756391 0.636794 0.854791 0.509001 0.648620 0.748260 0.999485 0.677424 0.752176 0.822682 0.682328 0.866187 0.833169 0.887883 0.870336 0.745684 0.726209 0.813825 0.879362 0.939503 0.938965
0.734856 0.864099 0.695734 0.637837 0.883297 0.866157 0.669736 0.714677 0.909151 0.791853 0.787106 0.860562 0.950398 0.905821 0.911292 0.818372 0.721037 0.746619 0.756002 0.773150 0.907388 0.934307 0.843838 0.932339 0.897378 0.931139 0.899471 0.922516 0.999864 0.891448 0.780607 0.958714 0.734343 0.700025 0.000000 0.904825 0.931036 0.930754 0.966056 0.888744 0.944054 0.850551 0.768701 0.801381 0.700921 0.676813 0.748115 0.723673 0.842637 0.891266 0.850655 0.944090 0.986087 0.971119 0.859200 0.688288 0.871479 0.927984 0.907816 0.944116 0.725948 0.807190 0.713876 0.705644 0.756913 0.798665 0.717685 0.743916 0.922187 0.736207 0.856298 0.801381 0.938924 0.967728 0.974091 0.969028 0.943158 0.952382 0.727598 0.921211 0.602576 0.618486 0.866324 0.662527 0.669026 0.680046 0.841421 0.963435 0.929369 0.781106 0.737723 0.761407 0.692894 0.855191 0.856422 0.785322 0.695696 0.838706 0.688562 0.706548 0.948324 0.913815 0.800790 0.787420 0.982375 0.813377 0.954370 0.722705 0.786116 0.958840 0.820184 0.871581 0.994242 0.893226 0.785993 0.962438
0.939406 0.979671 0.881957 0.847992 0.950540 0.954879 0.919986 0.936137 0.859448 0.874638 0.957905 0.975915 0.844065 0.997486 0.948215 0.964341 0.940062 0.809224 0.938021 0.962544 0.990231 0.970926 0.919283 0.923313 0.668240 0.692803 0.912015 0.924223 0.949497 0.813278 0.794787 0.730630 0.855056 0.811411 0.904825 0.000000 0.776225 0.943249 0.886703 0.736058 0.935968 0.928855 0.821367 0.883101 0.895788 0.933391 0.851610 0.821179 0.926282 0.993326 0.914125 0.980488 0.950393 0.931179 0.876732 0.832544 0.879820 0.962065 0.962498 0.938955 0.979897 0.983089 0.946948 0.972657 0.749811 0.851995 0.812881 0.744840 0.785857 0.941381 0.822314 0.886416 0.928075 0.951951 0.908182 0.936069 0.958719 0.857882 0.889327 0.810773 0.882506 0.824371 0.943726 0.921215 0.858871 0.823146 0.978792 0.930354 0.929095 0.815657 0.966569 0.965710 0.979197 0.939920 0.766415 0.974201 0.932309 0.955370 0.953825 0.952701 0.985628 0.929307 0.897391 0.947660 0.952301 0.898049 0.795235 0.966872 0.942591 0.987218 0.983871 0.913184 0.902062 0.917835 0.873727 0.935330
0.983582 0.944453 0.967236 0.961380 0.980438 0.996406 0.983154 0.999882 0.960657 0.918326 0.996447 0.987834 0.880410 0.975547 0.956486 0.970864 0.872236 0.894516 0.993182 0.955033 0.881237 0.956754 0.930242 0.976974 0.873274 0.808501 0.905000 0.988268 0.999635 0.902610 0.936708 0.998591 0.997470 0.933995 0.931036 0.776225 0.000000 0.893594 0.986928 0.943934 0.949666 0.868284 0.890402 0.897231 0.921169 0.999858 0.924151 0.874924 0.846576 0.937826 0.913471 0.945668 0.877000 0.916042 0.846454 0.959863 0.881725 0.942794 0.962956 0.970358 0.954751 0.971389 0.959791 0.983981 0.868226 0.995865 0.978688 0.897074 0.994646 0.971791 0.928660 0.934828 0.930371 0.978822 0.920976 0.879186 0.974308 0.888854 0.761865 0.913531 0.899130 0.960450 0.844323 0.853089 0.926280 0.916526 0.969976 0.982986 0.962508 0.860158 0.960191 0.934994 0.951489 0.984490 0.944318 0.987167 0.962221 0.995595 0.951979 0.967864 0.991193 0.885754 0.824853 0.941619 0.971924 0.830325 0.892910 0.994657 0.982018 0.967710 0.973874 0.849979 0.915791 0.941757 0.883163 0.995778
0.790023 0.875991 0.871930 0.996305 0.848024 0.816932 0.810620 0.834319 0.784291 0.755308 0.796841 0.774372 0.706461 0.965534 0.917756 0.953111 0.748960 0.797706 0.708337 0.800269 0.975579 0.986715 0.922078 0.795784 0.708795 0.800654 0.919129 0.908744 0.735374 0.910550 0.710582 0.843235 0.969572 0.939826 0.930754 0.943249 0.893594 0.000000 0.976646 0.982056 0.983837 0.834770 0.795668 0.809431 0.727114 0.737089 0.905244 0.850760 0.762805 0.764420 0.658662 0.750770 0.884797 0.813781 0.968406 0.988687 0.930622 0.789567 0.861135 0.891313 0.679794 0.761151 0.790628 0.778601 0.973345 0.950140 0.871565 0.788430 0.770713 0.919229 0.805343 0.796889 0.931076 0.904141 0.912189 0.990573 0.883511 0.981507 0.983716 0.934225 0.860791 0.901991 0.869640 0.991401 0.974139 0.950000 0.985192 0.858581 0.828356 0.827793 0.991515 0.891270 0.923290 0.830527 0.829846 0.963787 0.962990 0.943382 0.966170 0.991866 0.945488 0.922279 0.979782 0.957131 0.998382 0.950182 0.970635 0.884218 0.984582 0.942423 0.988095 0.988575 0.909505 0.923275 0.990557 0.927094
