0.000000 0.299791 0.814278 0.957152 0.929678 0.859657 0.463378 0.471759 0.912146 0.552152 0.281213 0.266421 0.369463 0.472958 0.445641 0.558824 0.318300 0.306223 0.370210 0.350732 0.911207 0.910191 0.398116 0.972931 0.875813 0.854509 0.939331 0.919749 0.289519 0.334414 0.568003 0.541986 0.396675 0.390365 0.974092 0.989995 0.635347 0.847005 0.917663 0.952584 0.657618 0.825019 0.885565 0.751751 0.832711 0.710530 0.672474 0.605490 0.664987 0.717268 0.862450 0.842873 0.876397 0.850244 0.741292 0.725192 0.344765 0.311195 0.473929 0.403002 0.410318 0.562594 0.286054 0.293158 0.929309 0.925812 0.864033 0.846512 0.323759 0.347295 0.572296 0.643875 0.673539 0.703558 0.726404 0.940458 0.635070 0.707829 0.562405 0.376452 0.263628 0.354365 0.649306 0.577387 0.723457 0.946723 0.954931 0.824046 0.819871 0.652702 0.933514 0.992474 0.947419 0.774825 0.723533 0.870930 0.819818 0.955855 0.589251 0.592535 0.872706 0.825829 0.566482 0.603501 0.625921 0.661040 0.969371 0.843657 0.993025 0.832611 0.938124 0.723195 0.599164 0.824265 0.940324 0.770264
0.299791 0.000000 0.899164 0.935821 0.984186 0.905678 0.455427 0.399730 0.915560 0.458153 0.422441 0.348395 0.577612 0.552171 0.557137 0.644772 0.233195 0.226993 0.359918 0.320860 0.971474 0.858186 0.452783 0.932084 0.793183 0.825184 0.891099 0.970283 0.274370 0.289507 0.567331 0.526590 0.369984 0.323590 0.985007 0.859845 0.686501 0.839193 0.965306 0.902727 0.798406 0.692954 0.603421 0.488684 0.580862 0.503800 0.579265 0.450950 0.476107 0.534240 0.641605 0.630258 0.685081 0.918440 0.771886 0.726264 0.230259 0.219704 0.537141 0.438959 0.581681 0.663065 0.280447 0.268576 0.859212 0.858859 0.829910 0.757261 0.420426 0.335883 0.503311 0.563997 0.653112 0.649181 0.792124 0.850987 0.532462 0.516890 0.484653 0.379149 0.247692 0.377984 0.575938 0.576738 0.787098 0.912126 0.767599 0.801127 0.904323 0.797780 0.853681 0.825770 0.866797 0.879454 0.610430 0.854718 0.784510 0.796748 0.456653 0.415109 0.857371 0.681393 0.437011 0.470864 0.567694 0.548205 0.880431 0.971499 0.994696 0.891639 0.792664 0.582529 0.501083 0.685218 0.851492 0.811879
0.814278 0.899164 0.000000 0.376781 0.902160 0.788591 0.482616 0.680744 0.955402 0.867672 0.822548 0.923390 0.830356 0.709272 0.845565 0.726748 0.913250 0.820907 0.789574 0.808033 0.621381 0.822039 0.614733 0.515016 0.463885 0.432610 0.722937 0.825340 0.962385 0.909446 0.597594 0.615692 0.639058 0.709478 0.598296 0.808339 0.758062 0.804365 0.470609 0.778790 0.913828 0.985455 0.737754 0.771401 0.809497 0.813518 0.636116 0.664115 0.904702 0.954880 0.996179 0.949784 0.987330 0.834988 0.714307 0.776410 0.921548 0.950546 0.969427 0.902299 0.777756 0.764439 0.961410 0.966961 0.476536 0.483444 0.415407 0.516158 0.803985 0.899193 0.762514 0.743322 0.755715 0.816633 0.806204 0.970481 0.804080 0.927245 0.902141 0.720424 0.866277 0.747207 0.799306 0.778050 0.679230 0.520688 0.845315 0.961835 0.951466 0.657362 0.977865 0.925510 0.763848 0.775276 0.818942 0.809812 0.612120 0.976427 0.952394 0.888233 0.882027 0.961781 0.990501 0.993480 0.720162 0.926613 0.926675 0.924228 0.915138 0.896751 0.968028 0.884655 0.981233 0.967046 0.955643 0.932327
0.957152 0.935821 0.376781 0.000000 0.988561 0.836311 0.628550 0.642884 0.824205 0.870083 0.945888 0.945617 0.984752 0.713402 0.939556 0.764726 0.951165 0.857576 0.778237 0.791840 0.665891 0.834620 0.654095 0.508738 0.481144 0.424934 0.649177 0.819954 0.992314 0.939069 0.694271 0.589885 0.778988 0.764363 0.621195 0.699264 0.803626 0.894617 0.560524 0.777250 0.935857 0.988505 0.688358 0.747939 0.824419 0.816940 0.612836 0.704972 0.968337 0.927242 0.952949 0.971964 0.921638 0.927192 0.781212 0.857760 0.907715 0.954557 0.897861 0.987972 0.875976 0.946458 0.884295 0.826167 0.546779 0.498744 0.517290 0.540556 0.878114 0.985187 0.737561 0.765769 0.834730 0.910341 0.985449 0.941803 0.742579 0.800115 0.894123 0.733409 0.928329 0.697488 0.761202 0.740375 0.732515 0.521626 0.931378 0.792867 0.887806 0.712276 0.879103 0.964554 0.712122 0.771158 0.840691 0.761802 0.732072 0.950291 0.998440 0.871663 0.922194 0.965684 0.971251 0.953110 0.755864 0.895449 0.863922 0.994945 0.978785 0.991947 0.915202 0.912955 0.861094 0.878503 0.930133 0.948157
0.929678 0.984186 0.902160 0.988561 0.000000 0.998116 0.985663 0.969466 0.977297 0.966990 0.989335 0.996201 0.977217 0.805145 0.863603 0.989197 0.969023 0.941450 0.875149 0.800377 0.825197 0.953381 0.971439 0.981447 0.908800 0.990762 0.875176 0.915552 0.962524 0.845394 0.800410 0.819316 0.906980 0.838460 0.951943 0.950400 0.833781 0.997376 0.823762 0.858039 0.903152 0.942348 0.927393 0.926385 0.991127 0.996867 0.807545 0.936261 0.967445 0.922649 0.914313 0.884434 0.915540 0.846843 0.936229 0.978222 0.995791 0.970477 0.857389 0.882907 0.880824 0.794338 0.929218 0.909053 0.946774 0.856698 0.884872 0.900594 0.941384 0.989210 0.927888 0.831462 0.934784 0.983260 0.844055 0.827468 0.901361 0.949243 0.952416 0.903217 0.967460 0.992894 0.963219 0.903118 0.950457 0.945765 0.839067 0.853735 0.797470 0.891739 0.690681 0.873293 0.751745 0.865878 0.940063 0.930992 0.957452 0.862357 0.918561 0.873408 0.766056 0.984101 0.983437 0.930699 0.836602 0.972666 0.786066 0.961224 0.866935 0.892747 0.957545 0.863159 0.930465 0.904245 0.876011 0.908469
0.859657 0.905678 0.788591 0.836311 0.998116 0.000000 0.795416 0.976539 0.953725 0.928194 0.818454 0.734780 0.635811 0.735786 0.699667 0.506309 0.920727 0.881173 0.775008 0.863985 0.729162 0.770565 0.711203 0.687786 0.860702 0.808876 0.772468 0.576814 0.915847 0.876231 0.905501 0.797826 0.824651 0.804197 0.999717 0.909147 0.927928 0.888587 0.760510 0.924054 0.889720 0.986503 0.969477 0.981495 0.786651 0.829870 0.941363 0.962566 0.851946 0.891990 0.801184 0.876144 0.855944 0.828583 0.885947 0.896942 0.981531 0.950709 0.976543 0.976338 0.920899 0.936626 0.927965 0.951420 0.980216 0.979031 0.943433 0.926952 0.893542 0.807665 0.921167 0.868282 0.869547 0.772330 0.729044 0.885371 0.954941 0.796749 0.936914 0.789689 0.876653 0.802970 0.958872 0.917784 0.881587 0.881308 0.888452 0.790797 0.898773 0.980420 0.957055 0.942317 0.985008 0.922608 0.940655 0.836911 0.901772 0.988396 0.938866 0.953853 0.856263 0.951525 0.951046 0.954029 0.811592 0.963810 0.766542 0.915582 0.907166 0.907324 0.868107 0.929622 0.997186 0.814000 0.926646 0.915320
0.463378 0.455427 0.482616 0.628550 0.985663 0.795416 0.000000 0.340165 0.778557 0.593668 0.523710 0.615415 0.624457 0.682527 0.681598 0.698097 0.526686 0.467274 0.437952 0.499074 0.740506 0.798106 0.422273 0.851838 0.901487 0.837537 0.962803 0.901145 0.534204 0.552293 0.436080 0.499526 0.365661 0.349677 0.690896 0.754530 0.658399 0.859319 0.771058 0.925326 0.798844 0.829905 0.575567 0.524179 0.547060 0.528001 0.583188 0.503644 0.638145 0.678651 0.726721 0.761983 0.752745 0.975638 0.811761 0.725262 0.452372 0.465539 0.503857 0.505961 0.562278 0.670239 0.481416 0.527599 0.916968 0.919448 0.485842 0.582895 0.540435 0.532245 0.528507 0.512655 0.778541 0.701574 0.843218 0.982706 0.596135 0.637889 0.671641 0.530147 0.543763 0.616595 0.781772 0.736634 0.855950 0.953048 0.998003 0.884938 0.856552 0.715049 0.693440 0.745990 0.675536 0.791725 0.721758 0.770795 0.499464 0.821110 0.451579 0.415001 0.711746 0.695818 0.519460 0.516098 0.533689 0.642649 0.829801 0.894394 0.957259 0.853170 0.782317 0.802212 0.727059 0.779934 0.898438 0.861865
0.471759 0.399730 0.680744 0.642884 0.969466 0.976539 0.340165 0.000000 0.841026 0.488270 0.494243 0.603127 0.730240 0.673121 0.811259 0.839752 0.421066 0.436291 0.444459 0.416662 0.953338 0.897964 0.533064 0.986646 0.884422 0.970016 0.971652 0.951382 0.439016 0.496240 0.551662 0.510385 0.467022 0.416213 0.870488 0.774497 0.743852 0.974238 0.982787 0.944236 0.821771 0.743034 0.605642 0.605019 0.540426 0.538198 0.614426 0.601020 0.535827 0.613840 0.719673 0.734771 0.772388 0.985829 0.842164 0.727718 0.372479 0.376492 0.564415 0.507334 0.732817 0.677435 0.481949 0.475746 0.921664 0.969960 0.656608 0.683128 0.540346 0.510246 0.483681 0.555154 0.798281 0.868916 0.889604 0.935784 0.514355 0.645043 0.630659 0.540726 0.477348 0.559315 0.719527 0.693780 0.969768 0.903777 0.904954 0.836310 0.867640 0.766654 0.640866 0.725933 0.662283 0.877223 0.671075 0.791835 0.599326 0.769396 0.426964 0.390427 0.661165 0.687914 0.475885 0.473251 0.554991 0.604232 0.854523 0.878976 0.936638 0.915334 0.667209 0.694266 0.477646 0.643168 0.877729 0.843196
0.912146 0.915560 0.955402 0.824205 0.977297 0.953725 0.778557 0.841026 0.000000 0.617194 0.779739 0.888493 0.751393 0.865393 0.987457 0.894139 0.996762 0.919479 0.999505 0.941394 0.912455 0.906319 0.891829 0.642222 0.707661 0.709452 0.802650 0.974877 0.964397 0.913289 0.922238 0.825506 0.949590 0.930545 0.834684 0.964851 0.860226 0.958707 0.779358 0.932058 0.959991 0.974440 0.886696 0.972963 0.958119 0.877269 0.914290 0.999013 0.752150 0.778963 0.799428 0.830109 0.817293 0.883098 0.857885 0.991547 0.969708 0.922736 0.545122 0.729569 0.712914 0.764777 0.793928 0.811902 0.767368 0.753040 0.942659 0.844882 0.908412 0.840219 0.944432 0.941585 0.689185 0.805246 0.947940 0.907414 0.955353 0.979304 0.983949 0.953240 0.965304 0.781643 0.765322 0.763943 0.789769 0.654149 0.994459 0.800730 0.778140 0.979933 0.890250 0.887129 0.915770 0.843265 0.954845 0.890266 0.953636 0.949979 0.834473 0.804198 0.972973 0.944021 0.710691 0.778912 0.988015 0.990224 0.894736 0.865325 0.799687 0.975024 0.892891 0.996474 0.970361 0.960401 0.720195 0.983943
0.552152 0.458153 0.867672 0.870083 0.966990 0.928194 0.593668 0.488270 0.617194 0.000000 0.548180 0.532880 0.579248 0.765892 0.685446 0.847576 0.517163 0.588423 0.488408 0.512930 0.912555 0.873008 0.674187 0.712035 0.477828 0.524688 0.743781 0.959074 0.451423 0.505087 0.796248 0.744026 0.634796 0.552326 0.712429 0.979882 0.938179 0.880073 0.786607 0.820038 0.998846 0.762369 0.829094 0.750937 0.738785 0.697429 0.843932 0.779695 0.439909 0.573454 0.737073 0.733711 0.793589 0.960201 0.933826 0.955332 0.513215 0.449310 0.464784 0.553557 0.775441 0.935778 0.436111 0.424166 0.446858 0.448750 0.816175 0.765216 0.573397 0.485716 0.694756 0.748771 0.939378 0.955502 0.831581 0.874401 0.660693 0.663069 0.543336 0.655290 0.544558 0.791204 0.981994 0.872008 0.752625 0.469828 0.792968 0.679337 0.878861 0.906917 0.778188 0.654499 0.963215 0.924882 0.847916 0.994802 0.829090 0.799036 0.486764 0.466262 0.813557 0.724546 0.457799 0.519096 0.918022 0.748619 0.869262 0.923039 0.836033 0.911137 0.835776 0.825787 0.604709 0.810398 0.964677 0.932160
0.281213 0.422441 0.822548 0.945888 0.989335 0.818454 0.523710 0.494243 0.779739 0.548180 0.000000 0.367660 0.363174 0.580059 0.579004 0.661468 0.449619 0.469856 0.480440 0.447113 0.971284 0.882744 0.548692 0.929375 0.843184 0.850026 0.908344 0.930765 0.438607 0.459766 0.669294 0.628788 0.512706 0.566475 0.908262 0.962895 0.716335 0.907180 0.972118 0.978417 0.700688 0.736649 0.971020 0.892393 0.917289 0.827978 0.871278 0.804615 0.745261 0.815328 0.958071 0.934528 0.940053 0.821820 0.856660 0.774630 0.504037 0.447742 0.502615 0.495264 0.455797 0.606040 0.382695 0.409670 0.868177 0.907484 0.910950 0.952224 0.358591 0.448215 0.595623 0.581627 0.748954 0.819177 0.725175 0.901606 0.675090 0.724940 0.682190 0.476264 0.383217 0.487568 0.812186 0.730897 0.874361 0.834875 0.992623 0.732406 0.788666 0.765360 0.968839 0.943931 0.966363 0.909908 0.823550 0.918860 0.822456 0.968321 0.632515 0.638055 0.847542 0.810269 0.558343 0.607065 0.691002 0.711190 0.990370 0.952497 0.905059 0.819797 0.942656 0.773506 0.648318 0.884918 0.915373 0.902498
0.266421 0.348395 0.923390 0.945617 0.996201 0.734780 0.615415 0.603127 0.888493 0.532880 0.367660 0.000000 0.318912 0.479968 0.424633 0.447205 0.352567 0.377833 0.446440 0.462220 0.937829 0.913725 0.416424 0.993140 0.846697 0.832991 0.927456 0.978742 0.335511 0.357543 0.699984 0.620065 0.483974 0.479569 0.891707 0.902480 0.774357 0.974576 0.981059 0.985056 0.770414 0.899507 0.942623 0.786004 0.945465 0.784337 0.803136 0.680893 0.705617 0.712030 0.859876 0.798018 0.871957 0.953318 0.796198 0.795433 0.455063 0.376827 0.554637 0.452875 0.432056 0.573654 0.288908 0.309155 0.889792 0.900731 0.991345 0.967187 0.404537 0.369462 0.653843 0.709418 0.646199 0.629561 0.662776 0.891371 0.714708 0.697364 0.561472 0.384562 0.294079 0.400587 0.672591 0.619860 0.724083 0.941269 0.906357 0.921600 0.863103 0.718049 0.902467 0.942347 0.867234 0.639112 0.735079 0.911998 0.904085 0.979393 0.730331 0.654864 0.972971 0.882138 0.664546 0.726921 0.666642 0.683114 0.983082 0.837147 0.982802 0.855632 0.986553 0.788675 0.611794 0.916299 0.916072 0.809267
0.369463 0.577612 0.830356 0.984752 0.977217 0.635811 0.624457 0.730240 0.751393 0.579248 0.363174 0.318912 0.000000 0.505512 0.449946 0.421454 0.609463 0.630003 0.547052 0.635074 0.838602 0.932948 0.463097 0.887013 0.900699 0.883123 0.970853 0.943894 0.510747 0.517956 0.763219 0.669065 0.605085 0.606061 0.819030 0.849755 0.760666 0.960061 0.871545 0.997784 0.778956 0.989117 0.881345 0.957035 0.873430 0.932840 0.891822 0.844213 0.858385 0.836836 0.986927 0.931539 0.966391 0.871823 0.838604 0.838273 0.714152 0.598779 0.570503 0.570205 0.415616 0.657794 0.440564 0.490090 0.908536 0.892728 0.907487 0.893117 0.452663 0.491816 0.771359 0.809631 0.736951 0.761239 0.755509 0.965434 0.834485 0.796526 0.668772 0.525816 0.517242 0.567674 0.841576 0.729743 0.802970 0.930041 0.973844 0.953306 0.751223 0.808016 0.790553 0.892688 0.726159 0.722780 0.859916 0.951288 0.905541 0.898364 0.844355 0.815532 0.994400 0.944239 0.745200 0.812311 0.848165 0.852690 0.896231 0.766322 0.918085 0.756628 0.891749 0.998208 0.812762 0.906650 0.963627 0.890519
0.472958 0.552171 0.709272 0.713402 0.805145 0.735786 0.682527 0.673121 0.865393 0.765892 0.580059 0.479968 0.505512 0.000000 0.381871 0.414171 0.598175 0.538413 0.432189 0.431940 0.776651 0.845549 0.402335 0.645577 0.872932 0.876490 0.938937 0.973183 0.516458 0.464560 0.604249 0.424253 0.566826 0.532290 0.936355 0.979337 0.800077 0.945855 0.707983 0.747582 0.855021 0.957867 0.836115 0.793952 0.955816 0.882147 0.620993 0.677651 0.913308 0.950589 0.946630 0.995516 0.996084 0.774459 0.714537 0.816074 0.670388 0.661254 0.941310 0.831958 0.804834 0.878814 0.696359 0.704857 0.880166 0.907985 0.973546 0.940031 0.501354 0.582354 0.841874 0.913013 0.595914 0.799250 0.792656 0.925509 0.635774 0.697475 0.655358 0.447048 0.497528 0.351484 0.537843 0.522726 0.620618 0.782061 0.892823 0.883608 0.970937 0.773251 0.724653 0.777899 0.771330 0.625811 0.678662 0.873112 0.911752 0.982362 0.942152 0.865937 0.891275 0.980435 0.819096 0.828109 0.784481 0.810008 0.767181 0.752894 0.872425 0.835706 0.903222 0.999871 0.770124 0.930786 0.923296 0.856662
0.445641 0.557137 0.845565 0.939556 0.863603 0.699667 0.681598 0.811259 0.987457 0.685446 0.579004 0.424633 0.449946 0.381871 0.000000 0.459925 0.579375 0.532483 0.465534 0.494792 0.839636 0.829850 0.476486 0.788716 0.977741 0.987142 0.950657 0.910641 0.512887 0.446495 0.620702 0.567096 0.583459 0.556609 0.882621 0.933627 0.809329 0.988289 0.802751 0.898162 0.776538 0.963949 0.939446 0.809652 0.928832 0.919880 0.769907 0.708221 0.876217 0.881289 0.971135 0.974758 0.985084 0.809845 0.859629 0.909207 0.694498 0.650631 0.740327 0.711132 0.679422 0.871374 0.613968 0.617300 0.947260 0.911293 0.941753 0.953185 0.395679 0.525355 0.864309 0.890142 0.641201 0.714999 0.774984 0.895204 0.755628 0.731219 0.547634 0.474906 0.511784 0.479707 0.673059 0.582404 0.749103 0.935334 0.996680 0.925978 0.881677 0.805843 0.761688 0.843192 0.706763 0.645763 0.762295 0.996417 0.905786 0.963524 0.885880 0.808941 0.935328 0.967803 0.764996 0.814858 0.913444 0.901002 0.922004 0.726940 0.953399 0.800342 0.796723 0.995393 0.896462 0.988781 0.898355 0.905947
0.558824 0.644772 0.726748 0.764726 0.989197 0.506309 0.698097 0.839752 0.894139 0.847576 0.661468 0.447205 0.421454 0.414171 0.459925 0.000000 0.634233 0.610255 0.511813 0.604759 0.744628 0.782626 0.408251 0.552168 0.779646 0.823131 0.867284 0.763368 0.620119 0.539440 0.704104 0.550055 0.597666 0.553022 0.951638 0.922636 0.874174 0.930160 0.732849 0.832690 0.963041 0.935350 0.835315 0.747298 0.909679 0.901502 0.758972 0.691943 0.996292 0.834013 0.964116 0.871396 0.928121 0.990945 0.755700 0.924652 0.764816 0.688950 0.852199 0.793352 0.721233 0.855478 0.665693 0.715796 0.848990 0.848272 0.986493 0.933040 0.620212 0.623501 0.795239 0.782429 0.616495 0.658568 0.773701 0.827726 0.794594 0.698801 0.687267 0.481445 0.605016 0.494903 0.731270 0.627344 0.658790 0.719500 0.807762 0.844612 0.996450 0.786029 0.793943 0.868105 0.808273 0.694721 0.793625 0.842325 0.876613 0.953243 0.936973 0.840299 0.898207 0.985167 0.889429 0.930446 0.735699 0.766524 0.812954 0.761991 0.855816 0.772544 0.847191 0.999336 0.808099 0.965635 0.915925 0.948380
0.318300 0.233195 0.913250 0.951165 0.969023 0.920727 0.526686 0.421066 0.996762 0.517163 0.449619 0.352567 0.609463 0.598175 0.579375 0.634233 0.000000 0.221174 0.378853 0.324290 0.970529 0.836946 0.480917 0.928677 0.819757 0.822279 0.943374 0.977487 0.304705 0.290238 0.563980 0.538683 0.393299 0.361438 0.964002 0.938127 0.781644 0.883261 0.954995 0.921664 0.781935 0.733396 0.623271 0.559484 0.623589 0.559773 0.614612 0.530943 0.513971 0.564836 0.697837 0.671482 0.736071 0.945446 0.794554 0.801570 0.254229 0.248530 0.560853 0.475840 0.627138 0.707122 0.298107 0.293302 0.855754 0.873968 0.850282 0.810552 0.449619 0.341512 0.491757 0.533821 0.651079 0.664934 0.762658 0.895289 0.567114 0.573299 0.489694 0.393197 0.254492 0.402562 0.598380 0.597418 0.819293 0.906499 0.783712 0.793486 0.892130 0.808823 0.847650 0.821217 0.859273 0.859377 0.673623 0.862070 0.819034 0.856122 0.504782 0.444215 0.792339 0.728904 0.511533 0.519752 0.569389 0.524575 0.899326 0.980832 0.931388 0.904772 0.847156 0.641630 0.498349 0.699963 0.861334 0.804183
0.306223 0.226993 0.820907 0.857576 0.941450 0.881173 0.467274 0.436291 0.919479 0.588423 0.469856 0.377833 0.630003 0.538413 0.532483 0.610255 0.221174 0.000000 0.354821 0.282611 0.945615 0.826380 0.397534 0.943227 0.949991 0.956883 0.940775 0.989216 0.292260 0.270469 0.476175 0.463232 0.351551 0.301236 0.913508 0.903866 0.686787 0.848629 0.918543 0.860540 0.715605 0.763815 0.568904 0.479048 0.592306 0.543214 0.582099 0.450105 0.569055 0.607645 0.726911 0.713095 0.751302 0.971899 0.741137 0.749814 0.234499 0.253417 0.628952 0.509165 0.649281 0.734798 0.338434 0.323970 0.939069 0.941198 0.771971 0.695596 0.443926 0.392250 0.481593 0.526835 0.581805 0.568107 0.821590 0.832467 0.513371 0.530287 0.488292 0.344867 0.244374 0.332846 0.532005 0.523314 0.739842 0.973578 0.825313 0.873828 0.937792 0.759995 0.852678 0.855754 0.821844 0.861533 0.588128 0.861411 0.768991 0.815081 0.520780 0.475511 0.898224 0.724752 0.513015 0.539226 0.534575 0.555462 0.916777 0.951493 0.943340 0.901688 0.830003 0.613897 0.515724 0.659020 0.902995 0.769976
0.370210 0.359918 0.789574 0.778237 0.875149 0.775008 0.437952 0.444459 0.999505 0.488408 0.480440 0.446440 0.547052 0.432189 0.465534 0.511813 0.378853 0.354821 0.000000 0.276809 0.833183 0.758372 0.374396 0.901596 0.959183 0.913637 0.960059 0.975308 0.323574 0.314042 0.445340 0.388009 0.356931 0.309546 0.923239 0.859517 0.744492 0.930286 0.870830 0.948178 0.893722 0.765690 0.638012 0.582802 0.734720 0.662959 0.587478 0.535194 0.615384 0.660660 0.836995 0.800703 0.887949 0.903763 0.912298 0.882016 0.391906 0.410126 0.632139 0.594830 0.776616 0.946035 0.461982 0.491609 0.832018 0.811684 0.902387 0.960233 0.452846 0.406629 0.569889 0.617487 0.649102 0.687631 0.761626 0.860726 0.573112 0.529342 0.531955 0.400978 0.420253 0.447915 0.706822 0.681015 0.909184 0.908466 0.782573 0.878477 0.990440 0.910390 0.941162 0.840735 0.989232 0.843107 0.796303 0.734988 0.814950 0.860238 0.552222 0.492383 0.870589 0.741500 0.525013 0.518689 0.697047 0.709087 0.995176 0.946574 0.946112 0.919116 0.890345 0.801744 0.511230 0.720480 0.975203 0.847583
0.350732 0.320860 0.808033 0.791840 0.800377 0.863985 0.499074 0.416662 0.941394 0.512930 0.447113 0.462220 0.635074 0.431940 0.494792 0.604759 0.324290 0.282611 0.276809 0.000000 0.939413 0.782245 0.412648 0.926750 0.889312 0.886540 0.839389 0.987189 0.334948 0.270113 0.490937 0.386775 0.420898 0.339769 0.950558 0.906233 0.737719 0.914911 0.849610 0.926128 0.803767 0.716501 0.655947 0.610686 0.748826 0.723052 0.656280 0.571415 0.680862 0.743704 0.923660 0.900610 0.915484 0.845824 0.895296 0.924894 0.323481 0.359450 0.682516 0.626179 0.807066 0.922769 0.482952 0.454917 0.810336 0.820928 0.924611 0.898448 0.443265 0.445370 0.549012 0.606184 0.660262 0.777974 0.785520 0.849105 0.504873 0.523233 0.519960 0.405484 0.355088 0.394659 0.688535 0.628624 0.931573 0.886014 0.768852 0.768936 0.933800 0.881692 0.936825 0.811631 0.906503 0.860469 0.675082 0.823054 0.797198 0.804706 0.558354 0.493030 0.877692 0.735890 0.491292 0.505868 0.675011 0.626767 0.995758 0.992326 0.943097 0.866759 0.863090 0.736018 0.544891 0.688459 0.977700 0.856234
0.911207 0.971474 0.621381 0.665891 0.825197 0.729162 0.740506 0.953338 0.912455 0.912555 0.971284 0.937829 0.838602 0.776651 0.839636 0.744628 0.970529 0.945615 0.833183 0.939413 0.000000 0.845288 0.688416 0.641944 0.599791 0.635395 0.765188 0.772595 0.933293 0.974168 0.762714 0.735166 0.844768 0.811612 0.728014 0.927395 0.918169 0.926826 0.568006 0.830035 0.936490 0.850141 0.897958 0.907066 0.999650 0.976768 0.740203 0.848233 0.845336 0.901817 0.915302 0.901699 0.926384 0.805430 0.886399 0.945765 0.940311 0.979757 0.975712 0.978344 0.933159 0.991121 0.997090 0.918508 0.686725 0.743477 0.734249 0.801818 0.960731 0.961725 0.934656 0.948748 0.841159 0.884170 0.913858 0.876833 0.953185 0.993344 0.995275 0.858317 0.992373 0.820840 0.872819 0.761935 0.785669 0.684065 0.944853 0.821561 0.975331 0.865584 0.879003 0.831716 0.964933 0.995363 0.958692 0.715536 0.886030 0.788517 0.874410 0.970872 0.963795 0.840862 0.972330 0.926671 0.960283 0.919607 0.798754 0.827021 0.871128 0.952307 0.886684 0.767213 0.892698 0.920746 0.964911 0.902433
0.910191 0.858186 0.822039 0.834620 0.953381 0.770565 0.798106 0.897964 0.906319 0.873008 0.882744 0.913725 0.932948 0.845549 0.829850 0.782626 0.836946 0.826380 0.758372 0.782245 0.845288 0.000000 0.822409 0.934234 0.927458 0.906295 0.892173 0.761233 0.864011 0.824939 0.701417 0.753407 0.792210 0.791828 0.895277 0.841535 0.871839 0.712358 0.883991 0.994369 0.891871 0.848046 0.802534 0.818225 0.880858 0.931606 0.975240 0.839416 0.980952 0.951615 0.997290 0.959241 0.944062 0.982549 0.915278 0.887066 0.889726 0.929244 0.913227 0.942843 0.938594 0.852599 0.922507 0.946683 0.931737 0.940904 0.921015 0.997888 0.875284 0.855338 0.816418 0.782981 0.799215 0.768314 0.928752 0.828653 0.921201 0.809929 0.907130 0.832383 0.877030 0.917493 0.980309 0.958150 0.905947 0.969940 0.918591 0.762717 0.925721 0.954259 0.804168 0.852433 0.889084 0.884331 0.946012 0.926614 0.973043 0.815893 0.831060 0.810777 0.921716 0.837801 0.696208 0.651899 0.871117 0.983179 0.937292 0.932940 0.997048 0.842194 0.950078 0.988773 0.937746 0.881062 0.988001 0.886443
0.398116 0.452783 0.614733 0.654095 0.971439 0.711203 0.422273 0.533064 0.891829 0.674187 0.548692 0.416424 0.463097 0.402335 0.476486 0.408251 0.480917 0.397534 0.374396 0.412648 0.688416 0.822409 0.000000 0.631820 0.876683 0.826258 0.916961 0.873981 0.449408 0.378304 0.441581 0.351824 0.370597 0.368852 0.896560 0.988073 0.722702 0.978204 0.724403 0.903182 0.858093 0.892978 0.685903 0.607045 0.803377 0.694118 0.609643 0.556439 0.768841 0.746004 0.850812 0.798353 0.824351 0.968114 0.773652 0.817636 0.464561 0.467717 0.737619 0.611173 0.635163 0.807144 0.473829 0.515420 0.940802 0.964607 0.802932 0.784472 0.511836 0.517407 0.575580 0.610577 0.588849 0.577299 0.826680 0.849350 0.627417 0.605672 0.578772 0.381028 0.424758 0.413086 0.626205 0.594650 0.698764 0.854345 0.917118 0.969889 0.956949 0.768064 0.985425 0.977289 0.945640 0.755699 0.691294 0.798311 0.710079 0.956415 0.684873 0.625849 0.968118 0.911356 0.664086 0.664215 0.657776 0.684383 0.985213 0.820283 0.993645 0.768935 0.918149 0.932584 0.624168 0.913149 0.952002 0.798986
0.972931 0.932084 0.515016 0.508738 0.981447 0.687786 0.851838 0.986646 0.642222 0.712035 0.929375 0.993140 0.887013 0.645577 0.788716 0.552168 0.928677 0.943227 0.901596 0.926750 0.641944 0.934234 0.631820 0.000000 0.459118 0.455357 0.702772 0.821848 0.879572 0.932858 0.794834 0.648654 0.849609 0.887126 0.744980 0.954603 0.967416 0.909431 0.487684 0.784671 0.996292 0.797494 0.874929 0.906081 0.881740 0.925229 0.829399 0.863050 0.717267 0.809577 0.800401 0.816929 0.839857 0.832935 0.868386 0.911378 0.895202 0.869962 0.665667 0.785568 0.912892 0.911335 0.804926 0.771919 0.544913 0.538240 0.778252 0.729438 0.977348 0.898809 0.947079 0.920170 0.757483 0.803911 0.975315 0.964685 0.880418 0.926447 0.985020 0.821868 0.991775 0.735006 0.769838 0.667821 0.653435 0.467798 0.938603 0.630144 0.905096 0.859457 0.913333 0.844629 0.971488 0.930548 0.842756 0.909827 0.832215 0.974459 0.799858 0.887128 0.884528 0.857501 0.784679 0.757272 0.919876 0.974014 0.768964 0.823418 0.896871 0.920407 0.862765 0.781907 0.892368 0.842024 0.758644 0.990396
0.875813 0.793183 0.463885 0.481144 0.908800 0.860702 0.901487 0.884422 0.707661 0.477828 0.843184 0.846697 0.900699 0.872932 0.977741 0.779646 0.819757 0.949991 0.959183 0.889312 0.599791 0.927458 0.876683 0.459118 0.000000 0.288701 0.580411 0.827162 0.756676 0.841889 0.757577 0.825285 0.876446 0.972518 0.519276 0.855446 0.901148 0.825236 0.476022 0.631274 0.972340 0.841787 0.812471 0.840264 0.924713 0.898088 0.719248 0.780257 0.745679 0.895652 0.993539 0.973188 0.982915 0.969495 0.764178 0.842074 0.801490 0.747988 0.713949 0.844984 0.943139 0.948363 0.755905 0.651592 0.312506 0.341357 0.544267 0.536500 0.907767 0.796727 0.938848 0.981604 0.750427 0.778269 0.991330 0.933588 0.986313 0.919967 0.858722 0.892032 0.859766 0.850617 0.783282 0.833999 0.546292 0.316525 0.859717 0.701633 0.924990 0.690148 0.806516 0.650297 0.968190 0.965625 0.959418 0.918068 0.926451 0.817805 0.697056 0.780867 0.880521 0.889037 0.679967 0.705385 0.863421 0.953301 0.830798 0.902125 0.791900 0.943437 0.961364 0.761006 0.820231 0.987268 0.995091 0.900538
0.854509 0.825184 0.432610 0.424934 0.990762 0.808876 0.837537 0.970016 0.709452 0.524688 0.850026 0.832991 0.883123 0.876490 0.987142 0.823131 0.822279 0.956883 0.913637 0.886540 0.635395 0.906295 0.826258 0.455357 0.288701 0.000000 0.593067 0.757861 0.787785 0.854089 0.753414 0.796008 0.872807 0.931504 0.513793 0.866421 0.895096 0.838784 0.504702 0.655646 0.977489 0.959879 0.783126 0.787311 0.904799 0.912142 0.747057 0.833000 0.789830 0.893989 0.982804 0.978513 0.958540 0.993680 0.721240 0.785648 0.836864 0.747941 0.727286 0.802903 0.935943 0.953333 0.762046 0.655637 0.326784 0.338041 0.485017 0.504843 0.958449 0.850931 0.989391 0.915579 0.751132 0.752383 0.960529 0.866166 0.995982 0.946832 0.911767 0.889361 0.908628 0.826566 0.754936 0.832516 0.549278 0.297136 0.862254 0.647563 0.946981 0.679869 0.951112 0.814725 0.846171 0.826739 0.890147 0.906457 0.803020 0.936872 0.734457 0.841068 0.894622 0.934947 0.755158 0.777053 0.828936 0.950358 0.886148 0.912491 0.823373 0.962179 0.980587 0.803742 0.856224 0.988147 0.963866 0.983967
0.939331 0.891099 0.722937 0.649177 0.875176 0.772468 0.962803 0.971652 0.802650 0.743781 0.908344 0.927456 0.970853 0.938937 0.950657 0.867284 0.943374 0.940775 0.960059 0.839389 0.765188 0.892173 0.916961 0.702772 0.580411 0.593067 0.000000 0.785242 0.894843 0.832631 0.982973 0.960260 0.911043 0.977162 0.844160 0.998218 0.898880 0.940221 0.765289 0.814625 0.945994 0.887978 0.898649 0.953288 0.973622 0.917633 0.758104 0.893031 0.946236 0.986669 0.947024 0.983795 0.993661 0.946432 0.776693 0.819334 0.895637 0.869434 0.934243 0.999978 0.976510 0.960670 0.891981 0.823933 0.561047 0.609132 0.728465 0.788637 0.883836 0.992163 0.950415 0.918067 0.978751 0.950684 0.936469 0.907449 0.934289 0.903668 0.951156 0.946510 0.967303 0.855933 0.787112 0.875232 0.601900 0.547554 0.869801 0.608266 0.926834 0.725181 0.918053 0.889155 0.930960 0.884654 0.901990 0.950310 0.954555 0.818234 0.804154 0.902394 0.908310 0.924818 0.715410 0.790534 0.928756 0.892238 0.831940 0.835834 0.755970 0.887227 0.861040 0.875590 0.950199 0.901517 0.961568 0.984904
0.919749 0.970283 0.825340 0.819954 0.915552 0.576814 0.901145 0.951382 0.974877 0.959074 0.930765 0.978742 0.943894 0.973183 0.910641 0.763368 0.977487 0.989216 0.975308 0.987189 0.772595 0.761233 0.873981 0.821848 0.827162 0.757861 0.785242 0.000000 0.934904 0.979744 0.890293 0.917563 0.894240 0.922229 0.846952 0.952724 0.975956 0.973669 0.757997 0.945338 0.901153 0.861125 0.876284 0.884058 0.986580 0.997365 0.879191 0.978975 0.950985 0.992825 0.994394 0.977085 0.992326 0.961807 0.920517 0.895259 0.931363 0.931448 0.953162 0.921390 0.962127 0.882245 0.984055 0.920097 0.920880 0.937564 0.834122 0.969911 0.989398 0.930640 0.909290 0.947654 0.934928 0.764596 0.874774 0.967365 0.888389 0.956016 0.947446 0.948095 0.963827 0.991054 0.984291 0.900032 0.965308 0.849999 0.805159 0.960245 0.900825 0.880484 0.927718 0.824152 0.947573 0.801653 0.784007 0.830995 0.950895 0.944356 0.966355 0.931345 0.935674 0.984758 0.968733 0.992181 0.948434 0.987162 0.876173 0.980341 0.852483 0.831403 0.935606 0.965524 0.990339 0.908931 0.881998 0.898565
0.289519 0.274370 0.962385 0.992314 0.962524 0.915847 0.534204 0.439016 0.964397 0.451423 0.438607 0.335511 0.510747 0.516458 0.512887 0.620119 0.304705 0.292260 0.323574 0.334948 0.933293 0.864011 0.449408 0.879572 0.756676 0.787785 0.894843 0.934904 0.000000 0.255078 0.532994 0.505521 0.413807 0.327350 0.915824 0.998260 0.639356 0.919683 0.959493 0.985143 0.739507 0.716699 0.699278 0.590789 0.706763 0.617457 0.678358 0.552511 0.535023 0.595034 0.749512 0.719788 0.805834 0.978619 0.778897 0.750748 0.322401 0.308052 0.545365 0.494656 0.613480 0.738614 0.306520 0.298303 0.756066 0.761138 0.967325 0.921767 0.389562 0.324559 0.559231 0.668507 0.604494 0.631146 0.825025 0.871226 0.560203 0.562917 0.519112 0.437978 0.282851 0.403125 0.627710 0.627514 0.861369 0.860968 0.773807 0.841499 0.877251 0.823742 0.952450 0.823694 0.973514 0.792047 0.685037 0.846181 0.828957 0.851612 0.515186 0.509505 0.857374 0.661216 0.496177 0.520283 0.679020 0.653670 0.941666 0.938628 0.990393 0.796618 0.803994 0.609053 0.447516 0.669133 0.919826 0.806375
0.334414 0.289507 0.909446 0.939069 0.845394 0.876231 0.552293 0.496240 0.913289 0.505087 0.459766 0.357543 0.517956 0.464560 0.446495 0.539440 0.290238 0.270469 0.314042 0.270113 0.974168 0.824939 0.378304 0.932858 0.841889 0.854089 0.832631 0.979744 0.255078 0.000000 0.455038 0.413111 0.375127 0.318242 0.950624 0.983206 0.668643 0.917454 0.894260 0.917512 0.780532 0.753354 0.636394 0.539160 0.722991 0.648044 0.679993 0.543455 0.627171 0.641059 0.792434 0.740500 0.816574 0.969576 0.844870 0.866958 0.342284 0.330204 0.691612 0.596156 0.679447 0.848125 0.361230 0.348338 0.766936 0.779433 0.991244 0.908117 0.393547 0.372613 0.552380 0.617576 0.513499 0.543836 0.846577 0.815456 0.551270 0.495205 0.450296 0.397088 0.312472 0.391767 0.627004 0.603367 0.903795 0.884180 0.742932 0.808341 0.995246 0.921577 0.974381 0.858491 0.970863 0.718462 0.631903 0.823824 0.771147 0.821526 0.551629 0.501273 0.875483 0.713530 0.493652 0.550275 0.730311 0.599617 0.937896 0.987997 0.985659 0.794583 0.850378 0.672313 0.515192 0.661883 0.981594 0.884843
0.568003 0.567331 0.597594 0.694271 0.800410 0.905501 0.436080 0.551662 0.922238 0.796248 0.669294 0.699984 0.763219 0.604249 0.620702 0.704104 0.563980 0.476175 0.445340 0.490937 0.762714 0.701417 0.441581 0.794834 0.757577 0.753414 0.982973 0.890293 0.532994 0.455038 0.000000 0.385098 0.367833 0.355537 0.738846 0.914538 0.663947 0.861692 0.688040 0.731181 0.876891 0.888428 0.496610 0.437778 0.514503 0.487429 0.537912 0.507070 0.674853 0.696257 0.699746 0.700736 0.703611 0.916616 0.816486 0.831019 0.580195 0.616309 0.784317 0.745939 0.797298 0.947794 0.599186 0.670917 0.954177 0.999097 0.687709 0.681514 0.606932 0.622843 0.632907 0.612447 0.487721 0.564437 0.867564 0.923927 0.610180 0.674302 0.649446 0.481933 0.624963 0.625063 0.609849 0.698992 0.882825 0.893853 0.925168 0.860773 0.975913 0.900729 0.949555 0.991336 0.960452 0.847455 0.722031 0.806764 0.693112 0.947569 0.589868 0.622869 0.930524 0.710422 0.630237 0.603336 0.717529 0.742015 0.903230 0.939890 0.944576 0.860675 0.724355 0.902041 0.660761 0.700155 0.856377 0.886309
0.541986 0.526590 0.615692 0.589885 0.819316 0.797826 0.499526 0.510385 0.825506 0.744026 0.628788 0.620065 0.669065 0.424253 0.567096 0.550055 0.538683 0.463232 0.388009 0.386775 0.735166 0.753407 0.351824 0.648654 0.825285 0.796008 0.960260 0.917563 0.505521 0.413111 0.385098 0.000000 0.413977 0.411791 0.889805 0.908990 0.659152 0.996904 0.714836 0.808921 0.921651 0.797708 0.592067 0.566337 0.723251 0.697895 0.547395 0.606233 0.788621 0.851627 0.926131 0.903087 0.919788 0.878887 0.773223 0.837093 0.552284 0.598412 0.895382 0.819643 0.877525 0.970890 0.649660 0.697927 0.939658 0.973731 0.799672 0.801108 0.596192 0.561067 0.655000 0.638500 0.560534 0.631454 0.858003 0.955018 0.622699 0.660818 0.588866 0.495412 0.536846 0.461890 0.638428 0.587035 0.813062 0.855522 0.850434 0.997083 0.972126 0.895832 0.970378 0.943677 0.941803 0.866105 0.741283 0.806669 0.732968 0.932331 0.712190 0.682751 0.942009 0.786662 0.636265 0.615989 0.723815 0.697170 0.876174 0.984675 0.899164 0.767104 0.823482 0.861351 0.630057 0.764287 0.953040 0.912584
0.396675 0.369984 0.639058 0.778988 0.906980 0.824651 0.365661 0.467022 0.949590 0.634796 0.512706 0.483974 0.605085 0.566826 0.583459 0.597666 0.393299 0.351551 0.356931 0.420898 0.844768 0.792210 0.370597 0.849609 0.876446 0.872807 0.911043 0.894240 0.413807 0.375127 0.367833 0.413977 0.000000 0.299367 0.835856 0.805383 0.676917 0.800839 0.762081 0.865576 0.855869 0.780407 0.537736 0.479807 0.534000 0.496318 0.485395 0.471988 0.564118 0.635426 0.695315 0.701360 0.755854 0.999577 0.674665 0.661346 0.412307 0.412498 0.605986 0.556464 0.595043 0.732035 0.395607 0.461583 0.944659 0.989067 0.640219 0.654940 0.469009 0.439158 0.567030 0.588287 0.556007 0.503860 0.784126 0.898011 0.583340 0.650528 0.603990 0.450741 0.400490 0.462430 0.609580 0.664118 0.725542 0.910558 0.903703 0.830840 0.922745 0.732051 0.886333 0.875303 0.854136 0.889725 0.776649 0.850819 0.681904 0.800560 0.520390 0.487415 0.819397 0.684887 0.569814 0.571626 0.553610 0.616591 0.910068 0.947967 0.924641 0.833622 0.803969 0.770089 0.601682 0.728710 0.859816 0.879372
0.390365 0.323590 0.709478 0.764363 0.838460 0.804197 0.349677 0.416213 0.930545 0.552326 0.566475 0.479569 0.606061 0.532290 0.556609 0.553022 0.361438 0.301236 0.309546 0.339769 0.811612 0.791828 0.368852 0.887126 0.972518 0.931504 0.977162 0.922229 0.327350 0.318242 0.355537 0.411791 0.299367 0.000000 0.879381 0.893005 0.626315 0.873059 0.797683 0.848074 0.811968 0.813743 0.484136 0.389521 0.549593 0.474810 0.506864 0.383943 0.526932 0.531331 0.644094 0.656648 0.718227 0.940708 0.719530 0.721185 0.358524 0.365464 0.582472 0.548959 0.679111 0.804440 0.396856 0.438073 0.962343 0.921692 0.742897 0.701774 0.489951 0.401601 0.600280 0.609074 0.616958 0.600171 0.849216 0.823207 0.567735 0.554781 0.552791 0.391130 0.395695 0.451178 0.585534 0.593090 0.781138 0.945204 0.751869 0.900521 0.943421 0.805625 0.900013 0.831693 0.925004 0.880482 0.604846 0.817750 0.738029 0.789779 0.500843 0.447806 0.909997 0.690973 0.492546 0.522838 0.594518 0.581260 0.932967 0.966907 0.977843 0.825184 0.809515 0.728734 0.556138 0.637263 0.893872 0.790935
0.974092 0.985007 0.598296 0.621195 0.951943 0.999717 0.690896 0.870488 0.834684 0.712429 0.908262 0.891707 0.819030 0.936355 0.882621 0.951638 0.964002 0.913508 0.923239 0.950558 0.728014 0.895277 0.896560 0.744980 0.519276 0.513793 0.844160 0.846952 0.915824 0.950624 0.738846 0.889805 0.835856 0.879381 0.000000 0.746247 0.766815 0.742915 0.624808 0.870954 0.925483 0.918399 0.710290 0.748954 0.677684 0.779501 0.811234 0.763358 0.932418 0.965826 0.882940 0.921381 0.924655 0.931982 0.845560 0.858054 0.930170 0.993105 0.966272 0.940845 0.894258 0.791066 0.982125 0.938717 0.585532 0.549499 0.417916 0.378675 0.983729 0.872986 0.831008 0.784533 0.831143 0.763024 0.873221 0.952566 0.886202 0.931269 0.945900 0.942451 0.997784 0.927119 0.872335 0.918923 0.782771 0.643275 0.830982 0.896455 0.928304 0.694481 0.751311 0.984690 0.679385 0.726681 0.847969 0.869047 0.663574 0.949832 0.881910 0.871315 0.898402 0.896752 0.976013 0.942652 0.659173 0.825681 0.899780 0.828078 0.999623 0.962747 0.838356 0.837768 0.939895 0.889018 0.986474 0.896747
0.989995 0.859845 0.808339 0.699264 0.950400 0.909147 0.754530 0.774497 0.964851 0.979882 0.962895 0.902480 0.849755 0.979337 0.933627 0.922636 0.938127 0.903866 0.859517 0.906233 0.927395 0.841535 0.988073 0.954603 0.855446 0.866421 0.998218 0.952724 0.998260 0.983206 0.914538 0.908990 0.805383 0.893005 0.746247 0.000000 0.760618 0.613763 0.921504 0.964120 0.992431 0.924827 0.744916 0.792322 0.666936 0.777840 0.741801 0.830337 0.823438 0.860912 0.872791 0.917916 0.902964 0.957074 0.948447 0.935545 0.852567 0.887121 0.984816 0.987772 0.921590 0.914638 0.989571 0.992935 0.835466 0.801224 0.607231 0.681218 0.921757 0.954224 0.742418 0.896744 0.946690 0.989490 0.980079 0.754090 0.796180 0.820723 0.993716 0.977193 0.931157 0.922157 0.975219 0.995097 0.971388 0.877410 0.966608 0.925011 0.969625 0.809352 0.716312 0.799933 0.647563 0.718303 0.965617 0.791631 0.871295 0.734402 0.756158 0.625942 0.891767 0.814899 0.892520 0.732913 0.828373 0.910314 0.973486 0.770419 0.910409 0.961125 0.828450 0.821062 0.792412 0.738756 0.826779 0.881691
0.635347 0.686501 0.758062 0.803626 0.833781 0.927928 0.658399 0.743852 0.860226 0.938179 0.716335 0.774357 0.760666 0.800077 0.809329 0.874174 0.781644 0.686787 0.744492 0.737719 0.918169 0.871839 0.722702 0.967416 0.901148 0.895096 0.898880 0.975956 0.639356 0.668643 0.663947 0.659152 0.676917 0.626315 0.766815 0.760618 0.000000 0.656134 0.738854 0.867765 0.671591 0.886899 0.842491 0.700368 0.763367 0.743424 0.707606 0.624014 0.837966 0.813778 0.849215 0.879234 0.921599 0.995765 0.721064 0.777161 0.736588 0.744363 0.778348 0.754439 0.678121 0.688570 0.708378 0.741909 0.844655 0.883845 0.745627 0.724747 0.650417 0.676460 0.794588 0.923778 0.876400 0.713833 0.950508 0.902521 0.809266 0.837171 0.850964 0.754005 0.737712 0.689813 0.835538 0.867820 0.787450 0.861059 0.954498 0.947649 0.839820 0.700799 0.919068 0.992419 0.919598 0.999634 0.871234 0.856524 0.874770 0.900244 0.771900 0.795874 0.944120 0.869351 0.690912 0.771436 0.859926 0.848861 0.985646 0.991182 0.916765 0.777814 0.752252 0.720618 0.853375 0.763480 0.802226 0.934359
0.847005 0.839193 0.804365 0.894617 0.997376 0.888587 0.859319 0.974238 0.958707 0.880073 0.907180 0.974576 0.960061 0.945855 0.988289 0.930160 0.883261 0.848629 0.930286 0.914911 0.926826 0.712358 0.978204 0.909431 0.825236 0.838784 0.940221 0.973669 0.919683 0.917454 0.861692 0.996904 0.800839 0.873059 0.742915 0.613763 0.656134 0.000000 0.764951 0.911376 0.900620 0.866966 0.883144 0.824035 0.771187 0.829279 0.831373 0.765168 0.938458 0.849169 0.834357 0.866986 0.845365 0.923523 0.922186 0.840503 0.838488 0.885880 0.897285 0.879493 0.834500 0.819619 0.866119 0.907889 0.821563 0.804603 0.674612 0.697242 0.818937 0.870817 0.774625 0.862751 0.844243 0.799548 0.946469 0.970975 0.980411 0.915313 0.989193 0.954182 0.864990 0.868577 0.956685 0.931295 0.869165 0.856516 0.971197 0.773132 0.950802 0.810129 0.992398 0.955346 0.893212 0.843984 0.962426 0.815059 0.922348 0.883111 0.916928 0.809974 0.898041 0.889128 0.816387 0.798399 0.855834 0.950904 0.903540 0.904614 0.959453 0.965146 0.857311 0.836413 0.946881 0.761966 0.874143 0.925826
