0.000000 0.291671 0.913015 0.733207 0.976764 0.814380 0.995284 0.879805 0.786965 0.739945 0.532079 0.404277 0.476777 0.445210 0.711980 0.643765 0.409795 0.324192 0.478188 0.358170 0.929164 0.756472 0.843528 0.702163 0.783670 0.892754 0.731881 0.880720 0.807124 0.642173 0.682774 0.924428 0.904953 0.829083 0.969019 0.975119 0.797359 0.583325 0.865617 0.734562 0.781785 0.947897 0.923112 0.825665 0.955997 0.865759 0.714765 0.704669 0.786071 0.565466 0.761451 0.619604 0.987205 0.864236 0.602720 0.737439 0.329467 0.310151 0.530006 0.497491 0.890157 0.973673 0.586550 0.510564 0.848281 0.930908 0.988757 0.982018 0.361427 0.437478 0.911933 0.754153 0.732832 0.925755 0.833226 0.711758 0.912216 0.888597 0.755704 0.614510 0.343690 0.309372 0.549239 0.398968 0.570501 0.616020 0.629688 0.710358 0.739318 0.550614 0.937318 0.950894 0.997438 0.939145 0.842366 0.978202 0.834374 0.959836 0.969596 0.952901 0.757104 0.892794 0.925668 0.986990 0.935475 0.989507 0.951345 0.879963 0.950242 0.874721 0.997214 0.898471 0.969386 0.886641 0.943530 0.930853
0.291671 0.000000 0.818122 0.638778 0.914539 0.890914 0.913149 0.819497 0.845605 0.772525 0.622580 0.429640 0.431563 0.399637 0.639750 0.537119 0.402259 0.328269 0.461217 0.344200 0.907142 0.755777 0.700701 0.616902 0.712177 0.971446 0.668942 0.895611 0.745344 0.634826 0.744832 0.996748 0.862759 0.791661 0.922179 0.925954 0.834989 0.567664 0.812355 0.698645 0.828541 0.995385 0.835373 0.744562 0.987817 0.808210 0.645305 0.638620 0.755207 0.500172 0.681328 0.525759 0.843571 0.908653 0.577940 0.727201 0.268803 0.232661 0.498528 0.384205 0.793722 0.882488 0.568029 0.465993 0.755137 0.835880 0.913413 0.941611 0.435646 0.451355 0.942189 0.780535 0.739497 0.976725 0.840494 0.796614 0.872882 0.940027 0.691844 0.678431 0.356241 0.332923 0.488877 0.418059 0.456959 0.506361 0.657857 0.601680 0.700763 0.529710 0.929993 0.930193 0.953089 0.974458 0.766169 0.979134 0.839750 0.982039 0.974795 0.998474 0.759853 0.857875 0.908495 0.994550 0.876821 0.919949 0.963179 0.921941 0.902409 0.831084 0.901874 0.976518 0.936227 0.829831 0.785324 0.917489
0.913015 0.818122 0.000000 0.311274 0.653928 0.879350 0.368863 0.422223 0.520358 0.933280 0.995737 0.918195 0.621274 0.823824 0.700764 0.747888 0.894820 0.921093 0.769693 0.851796 0.836683 0.959064 0.445261 0.529937 0.456414 0.430884 0.832736 0.854174 0.860399 0.778892 0.681080 0.845161 0.587832 0.685486 0.684512 0.863940 0.561340 0.732107 0.797692 0.997471 0.823609 0.917078 0.819664 0.795251 0.830821 0.866687 0.793659 0.862226 0.829404 0.982942 0.959481 0.979234 0.927595 0.966810 0.719579 0.968867 0.884794 0.926326 0.832333 0.912961 0.371490 0.484720 0.866410 0.988237 0.312372 0.267212 0.533104 0.535324 0.789976 0.959966 0.608901 0.625554 0.757683 0.778814 0.949800 0.855789 0.834528 0.782153 0.988222 0.919014 0.880455 0.974371 0.926388 0.986079 0.535096 0.463970 0.833508 0.903776 0.726020 0.729002 0.719612 0.983241 0.643794 0.854813 0.782287 0.991986 0.812368 0.984110 0.854649 0.820298 0.802245 0.917902 0.830228 0.899882 0.636240 0.862253 0.933583 0.866491 0.727476 0.861961 0.796552 0.864837 0.880684 0.950499 0.883865 0.943248
0.733207 0.638778 0.311274 0.000000 0.636492 0.955381 0.491369 0.406305 0.634361 0.956256 0.928780 0.697970 0.498421 0.636458 0.577052 0.555024 0.940459 0.868314 0.574605 0.624871 0.930076 0.858524 0.351423 0.405318 0.487930 0.570600 0.674973 0.904198 0.996276 0.967726 0.821628 0.809633 0.673818 0.724612 0.696122 0.898651 0.573252 0.661228 0.753643 0.866720 0.845353 0.912082 0.796280 0.748490 0.881820 0.826110 0.752304 0.731927 0.936807 0.864491 0.951771 0.837113 0.875232 0.901274 0.679288 0.962239 0.725739 0.729859 0.717409 0.762243 0.469851 0.517865 0.963184 0.837192 0.323321 0.351762 0.577001 0.628385 0.652457 0.861584 0.589714 0.689647 0.859798 0.854202 0.998868 0.846371 0.771098 0.808788 0.862201 0.950132 0.901623 0.854076 0.801080 0.807583 0.457783 0.415217 0.697445 0.811701 0.641853 0.652739 0.740772 0.952273 0.676829 0.828876 0.733713 0.965272 0.751466 0.917919 0.832183 0.760900 0.891906 0.927133 0.908443 0.858953 0.581454 0.721423 0.996069 0.836535 0.681896 0.715198 0.810976 0.785374 0.897007 0.990504 0.828228 0.951538
0.976764 0.914539 0.653928 0.636492 0.000000 0.931660 0.711476 0.778108 0.763414 0.961313 0.945745 0.910837 0.734776 0.956113 0.751910 0.865656 0.903008 0.926142 0.932179 0.892325 0.925047 0.978004 0.576431 0.643061 0.641631 0.649917 0.675993 0.890396 0.928811 0.864356 0.817330 0.947377 0.867030 0.947195 0.936406 0.866965 0.813303 0.925494 0.924644 0.919887 0.903731 0.903032 0.968609 0.986827 0.959920 0.927198 0.943477 0.960876 0.823122 0.911981 0.924457 0.979116 0.890805 0.988587 0.983031 0.992383 0.991756 0.956803 0.965512 0.961384 0.725471 0.810333 0.926486 0.974106 0.600370 0.666194 0.761657 0.831623 0.865913 0.916333 0.787887 0.933760 0.861483 0.961923 0.980331 0.960945 0.940702 0.981003 0.864632 0.985643 0.939850 0.936649 0.866883 0.974618 0.706229 0.660342 0.841378 0.837048 0.947714 0.865496 0.932531 0.976290 0.838285 0.942820 0.856898 0.998267 0.938330 0.872847 0.998077 0.994161 0.949266 0.917614 0.816465 0.822235 0.896819 0.810095 0.984102 0.936517 0.979191 0.916523 0.864043 0.964372 0.906796 0.866743 0.959497 0.909341
0.814380 0.890914 0.879350 0.955381 0.931660 0.000000 0.694124 0.694982 0.803201 0.679317 0.975616 0.975303 0.854756 0.820075 0.838788 0.901207 0.773754 0.777004 0.923480 0.853411 0.942159 0.825492 0.971419 0.858164 0.902944 0.897681 0.779015 0.950078 0.954745 0.903187 0.791213 0.886666 0.760991 0.658659 0.931287 0.897615 0.996017 0.950259 0.913115 0.854357 0.960189 0.912608 0.727549 0.798768 0.634504 0.744857 0.899379 0.859737 0.787545 0.924318 0.830141 0.963565 0.848649 0.838567 0.958897 0.988447 0.781127 0.774525 0.877673 0.948160 0.767773 0.737363 0.987333 0.993180 0.974991 0.820477 0.633980 0.673538 0.814520 0.839190 0.763480 0.817721 0.744899 0.793229 0.991048 0.869253 0.964339 0.740689 0.946063 0.932409 0.884122 0.794933 0.725322 0.789487 0.846815 0.884304 0.790907 0.943818 0.709322 0.698007 0.748029 0.849332 0.776613 0.932858 0.975408 0.893716 0.750945 0.902469 0.685418 0.699379 0.698489 0.980136 0.949670 0.804724 0.851264 0.818528 0.922204 0.874226 0.919894 0.934962 0.812946 0.762716 0.760191 0.819956 0.845831 0.918379
0.995284 0.913149 0.368863 0.491369 0.711476 0.694124 0.000000 0.339902 0.467375 0.657253 0.977010 0.923564 0.767527 0.900755 0.773811 0.889730 0.958315 0.870855 0.760548 0.878498 0.931700 0.971796 0.596634 0.798835 0.765754 0.561088 0.942278 0.957684 0.941198 0.945502 0.576927 0.674004 0.409261 0.515230 0.686217 0.906634 0.666848 0.846861 0.950600 0.854921 0.942239 0.857460 0.500733 0.564181 0.475417 0.540974 0.600324 0.650959 0.810927 0.781050 0.725135 0.742234 0.614608 0.598533 0.768529 0.875543 0.990861 0.961497 0.682975 0.896070 0.353481 0.444191 0.926031 0.864537 0.583222 0.418607 0.340173 0.318558 0.993730 0.892137 0.511791 0.583964 0.623313 0.689485 0.963767 0.755661 0.662550 0.615641 0.872849 0.992506 0.964403 0.922204 0.958858 0.903404 0.738519 0.723679 0.996218 0.951306 0.984733 0.955281 0.501009 0.769765 0.546884 0.759380 0.718877 0.852258 0.596086 0.807033 0.545878 0.522663 0.568621 0.895607 0.910850 0.821144 0.506584 0.709998 0.761978 0.690659 0.666018 0.840876 0.686885 0.714012 0.641752 0.839916 0.752117 0.879780
0.879805 0.819497 0.422223 0.406305 0.778108 0.694982 0.339902 0.000000 0.514658 0.583563 0.865815 0.725666 0.717218 0.781377 0.807582 0.741491 0.990673 0.931254 0.646887 0.731208 0.960319 0.912950 0.640397 0.784230 0.777374 0.628822 0.983222 0.982827 0.927737 0.958549 0.636137 0.622012 0.490548 0.450394 0.762622 0.979573 0.533669 0.725336 0.888894 0.978023 0.851017 0.833315 0.462838 0.469523 0.575569 0.530194 0.501754 0.497558 0.797533 0.664588 0.677888 0.651822 0.673265 0.589792 0.712806 0.886024 0.915608 0.946941 0.605705 0.743129 0.416486 0.330377 0.980843 0.768102 0.651538 0.403695 0.500643 0.391264 0.849663 0.958601 0.527341 0.555759 0.699891 0.739689 0.929326 0.829517 0.652094 0.635618 0.889635 0.895989 0.950396 0.990721 0.985035 0.994482 0.826343 0.750819 0.955166 0.984592 0.929526 0.970123 0.564438 0.811409 0.674012 0.877260 0.799706 0.841816 0.646580 0.862809 0.526947 0.481586 0.549470 0.909097 0.807615 0.818321 0.491747 0.763785 0.903482 0.661518 0.679311 0.752518 0.706897 0.664068 0.668684 0.761843 0.701932 0.940267
0.786965 0.845605 0.520358 0.634361 0.763414 0.803201 0.467375 0.514658 0.000000 0.591812 0.930556 0.804255 0.957093 0.862166 0.924479 0.955743 0.823262 0.676706 0.974262 0.874636 0.924293 0.879547 0.771799 0.945712 0.779408 0.494247 0.894962 0.994525 0.971831 0.800326 0.480277 0.649339 0.497383 0.655866 0.699765 0.995781 0.766105 0.981231 0.965428 0.964096 0.990770 0.776958 0.612241 0.671832 0.611383 0.682292 0.749211 0.772615 0.963174 0.939958 0.849386 0.927207 0.765311 0.692981 0.891651 0.942455 0.835967 0.727996 0.859079 0.924999 0.533026 0.560578 0.883530 0.926279 0.712495 0.580967 0.541778 0.462463 0.945123 0.821671 0.646322 0.582363 0.556300 0.650348 0.961723 0.889616 0.782634 0.705530 0.959083 0.819974 0.697550 0.630715 0.901398 0.742404 0.963243 0.911472 0.904732 0.991803 0.962737 0.939778 0.589690 0.902731 0.695178 0.882927 0.853468 0.924929 0.855228 0.850057 0.606775 0.630761 0.569190 0.975849 0.918254 0.805114 0.648047 0.756119 0.828773 0.685238 0.753753 0.938944 0.688175 0.660252 0.718892 0.858469 0.794394 0.982434
0.739945 0.772525 0.933280 0.956256 0.961313 0.679317 0.657253 0.583563 0.591812 0.000000 0.927061 0.978437 0.686455 0.742931 0.818261 0.841622 0.896223 0.697457 0.934043 0.890771 0.856955 0.875534 0.889584 0.677793 0.822389 0.849410 0.677402 0.868594 0.821340 0.861550 0.536533 0.552727 0.649252 0.531630 0.792889 0.959186 0.859402 0.893866 0.991332 0.952124 0.941718 0.770413 0.427591 0.513463 0.429119 0.438332 0.664085 0.585529 0.565679 0.695671 0.597111 0.783965 0.642227 0.499830 0.993007 0.855496 0.737367 0.673245 0.775095 0.916871 0.734588 0.537470 0.996452 0.851977 0.828190 0.893478 0.668683 0.493283 0.795808 0.814195 0.750697 0.642663 0.548037 0.668844 0.958108 0.821684 0.677852 0.620860 0.975284 0.937969 0.840652 0.641809 0.790142 0.726890 0.654112 0.720867 0.705065 0.780586 0.928027 0.672520 0.691754 0.929203 0.904622 0.911736 0.994140 0.786702 0.751470 0.715183 0.488577 0.506010 0.474879 0.802007 0.609520 0.569033 0.652527 0.748339 0.904826 0.594239 0.806301 0.812896 0.681570 0.627656 0.617912 0.805397 0.769782 0.852136
0.532079 0.622580 0.995737 0.928780 0.945745 0.975616 0.977010 0.865815 0.930556 0.927061 0.000000 0.669811 0.877768 0.749552 0.938734 0.996393 0.603541 0.522626 0.616679 0.584287 0.986454 0.986187 0.852966 0.952824 0.861134 0.787503 0.944933 0.993557 0.686898 0.559134 0.802590 0.909207 0.873855 0.679720 0.936237 0.968807 0.940906 0.804260 0.879443 0.943577 0.822011 0.949054 0.815370 0.751722 0.906627 0.771057 0.742581 0.772914 0.737048 0.629089 0.831416 0.769771 0.974923 0.978669 0.815713 0.886676 0.601646 0.688822 0.643267 0.615092 0.973509 0.945736 0.585327 0.674759 0.889228 0.936433 0.876233 0.869967 0.686973 0.741594 0.943447 0.819987 0.911650 0.994034 0.862724 0.735620 0.867809 0.921698 0.818409 0.769884 0.583688 0.626961 0.817409 0.727209 0.995189 0.965706 0.843667 0.904675 0.915978 0.955306 0.921884 0.869650 0.932337 0.857577 0.809456 0.933046 0.719330 0.803627 0.814290 0.865061 0.969605 0.952394 0.813129 0.726544 0.965712 0.958752 0.926607 0.970537 0.945773 0.890126 0.938887 0.976275 0.800038 0.888448 0.975276 0.933823
0.404277 0.429640 0.918195 0.697970 0.910837 0.975303 0.923564 0.725666 0.804255 0.978437 0.669811 0.000000 0.522898 0.520872 0.699850 0.558583 0.559089 0.472163 0.541155 0.368430 0.979480 0.694235 0.804584 0.735718 0.838233 0.896516 0.745968 0.994075 0.695140 0.517597 0.860593 0.967346 0.886438 0.711797 0.983248 0.987389 0.679126 0.531569 0.879121 0.693453 0.873510 0.999842 0.840470 0.761586 0.957253 0.780404 0.711695 0.610236 0.708940 0.567979 0.711308 0.616206 0.873739 0.977878 0.683585 0.822733 0.504591 0.420029 0.630336 0.478939 0.789880 0.730915 0.646990 0.408746 0.877558 0.866855 0.991347 0.939358 0.512666 0.513481 0.984176 0.870813 0.830408 0.919350 0.991954 0.861967 0.917231 0.979601 0.809760 0.573065 0.405294 0.442787 0.662628 0.506824 0.705766 0.700944 0.669958 0.808089 0.882233 0.770454 0.893225 0.916358 0.884917 0.836726 0.919929 0.895971 0.761754 0.929084 0.973892 0.951119 0.982407 0.895061 0.892218 0.934739 0.858693 0.906334 0.851946 0.922253 0.859135 0.777525 0.943803 0.976322 0.972401 0.799427 0.925931 0.976447
0.476777 0.431563 0.621274 0.498421 0.734776 0.854756 0.767527 0.717218 0.957093 0.686455 0.877768 0.522898 0.000000 0.327880 0.385794 0.379120 0.632775 0.558917 0.461083 0.500282 0.924700 0.682807 0.433037 0.385751 0.618793 0.943165 0.615141 0.942443 0.909170 0.857795 0.853831 0.947089 0.891370 0.922653 0.953836 0.995620 0.779142 0.745415 0.947579 0.903394 0.842487 0.966632 0.961006 0.857369 0.888409 0.984452 0.790045 0.806339 0.946845 0.795499 0.917998 0.673963 0.881601 0.993578 0.796690 0.850400 0.481921 0.436029 0.737813 0.615182 0.670755 0.769408 0.816707 0.659003 0.534486 0.635950 0.941851 0.991111 0.613129 0.641002 0.810034 0.961070 0.871089 0.974923 0.932938 0.990324 0.893689 0.963197 0.825606 0.623571 0.574400 0.493015 0.627899 0.568266 0.401016 0.455665 0.563542 0.648661 0.788522 0.583653 0.935643 0.884905 0.855929 0.872324 0.881817 0.971214 0.824622 0.979423 0.971960 0.908510 0.874193 0.978550 0.949436 0.856306 0.832581 0.922388 0.969069 0.949992 0.847283 0.928224 0.929242 0.966749 0.982805 0.893524 0.905812 0.960079
0.445210 0.399637 0.823824 0.636458 0.956113 0.820075 0.900755 0.781377 0.862166 0.742931 0.749552 0.520872 0.327880 0.000000 0.450422 0.364890 0.499371 0.435326 0.419866 0.487306 0.972533 0.653373 0.603681 0.525554 0.860183 0.887050 0.665576 0.959960 0.725337 0.656222 0.755243 0.933190 0.924531 0.861553 0.916126 0.991613 0.923202 0.768694 0.982280 0.887504 0.989068 0.895384 0.857130 0.737398 0.938911 0.861306 0.685889 0.716339 0.923779 0.646226 0.791249 0.560518 0.824765 0.974298 0.870900 0.836935 0.379501 0.389150 0.621177 0.497499 0.779002 0.866616 0.679432 0.566448 0.748927 0.791643 0.985585 0.948261 0.700245 0.661607 0.974791 0.801925 0.839443 0.996964 0.828994 0.986350 0.928805 0.981689 0.681983 0.541221 0.473187 0.443261 0.532747 0.531379 0.545519 0.584433 0.626976 0.669474 0.811799 0.682595 0.985454 0.893615 0.998545 0.905392 0.865047 0.927562 0.871825 0.958226 0.947589 0.869753 0.859356 0.974973 0.938981 0.986327 0.881382 0.954044 0.999756 0.871399 0.860363 0.872411 0.869695 0.934727 0.955817 0.814201 0.777479 0.961981
0.711980 0.639750 0.700764 0.577052 0.751910 0.838788 0.773811 0.807582 0.924479 0.818261 0.938734 0.699850 0.385794 0.450422 0.000000 0.328685 0.679378 0.702083 0.598307 0.722515 0.995691 0.788002 0.387884 0.420878 0.660494 0.958174 0.651616 0.920277 0.788434 0.877177 0.968019 0.829951 0.871435 0.892530 0.925595 0.990642 0.859209 0.769154 0.978507 0.940957 0.975872 0.938021 0.891056 0.838699 0.996391 0.910174 0.793429 0.829385 0.952790 0.858010 0.914688 0.723317 0.762606 0.918301 0.912644 0.871812 0.578298 0.597206 0.752869 0.712322 0.659035 0.748646 0.818442 0.674828 0.532206 0.682995 0.944049 0.964043 0.797379 0.845036 0.835592 0.920815 0.942052 0.877315 0.930652 0.934172 0.925873 0.810145 0.723302 0.685051 0.713831 0.704079 0.599464 0.662254 0.442131 0.497575 0.680418 0.626832 0.742023 0.672097 0.959010 0.975703 0.968172 0.959879 0.874281 0.899953 0.850558 0.966417 0.994568 0.868013 0.869044 0.912693 0.949365 0.839785 0.770574 0.822313 0.905491 0.960344 0.781539 0.918177 0.884959 0.880229 0.868575 0.924175 0.862562 0.940597
0.643765 0.537119 0.747888 0.555024 0.865656 0.901207 0.889730 0.741491 0.955743 0.841622 0.996393 0.558583 0.379120 0.364890 0.328685 0.000000 0.654837 0.633694 0.597040 0.631936 0.974970 0.662926 0.420515 0.423433 0.700887 0.996998 0.669700 0.828402 0.781748 0.768405 0.991038 0.860243 0.939099 0.880740 0.993909 0.981943 0.814388 0.720760 0.919391 0.901023 0.964206 0.897144 0.875121 0.757075 0.914104 0.885687 0.719691 0.745798 0.984767 0.770571 0.836212 0.665353 0.757194 0.964221 0.910482 0.891115 0.517074 0.498214 0.708016 0.574339 0.689359 0.690578 0.859780 0.583144 0.611615 0.698274 0.937274 0.944853 0.736723 0.722321 0.909012 0.897364 0.866629 0.898419 0.980606 0.886034 0.954199 0.820964 0.730759 0.692045 0.635452 0.633255 0.552395 0.555327 0.481016 0.496258 0.702859 0.702849 0.715516 0.662062 0.905678 0.941958 0.881849 0.900266 0.920835 0.948697 0.906923 0.994773 0.957745 0.896041 0.892989 0.847535 0.980231 0.830230 0.779300 0.843716 0.971828 0.947424 0.781133 0.902302 0.885485 0.867834 0.888370 0.832041 0.762228 0.935546
0.409795 0.402259 0.894820 0.940459 0.903008 0.773754 0.958315 0.990673 0.823262 0.896223 0.603541 0.559089 0.632775 0.499371 0.679378 0.654837 0.000000 0.343905 0.531709 0.428999 0.932665 0.782037 0.917072 0.823464 0.973287 0.735348 0.820411 0.934998 0.587343 0.508394 0.760862 0.974166 0.862076 0.769220 0.996092 0.823175 0.959837 0.657966 0.955807 0.757384 0.826881 0.950326 0.796260 0.685268 0.925766 0.729038 0.631141 0.613273 0.600948 0.471463 0.610312 0.498790 0.793718 0.968486 0.709353 0.578441 0.349987 0.348703 0.547799 0.431464 0.983855 0.942216 0.418360 0.397112 0.921275 0.807898 0.950784 0.970040 0.572245 0.543667 0.838596 0.709312 0.777067 0.971217 0.852039 0.820507 0.846341 0.971948 0.579332 0.657814 0.288288 0.352666 0.487677 0.411991 0.708141 0.819652 0.761234 0.580994 0.810323 0.693596 0.879600 0.991196 0.865579 0.971190 0.750468 0.961073 0.836347 0.785133 0.875346 0.960328 0.806516 0.979138 0.726177 0.814287 0.927284 0.987067 0.987884 0.946607 0.957044 0.909647 0.895862 0.996305 0.881541 0.859067 0.765097 0.902696
0.324192 0.328269 0.921093 0.868314 0.926142 0.777004 0.870855 0.931254 0.676706 0.697457 0.522626 0.472163 0.558917 0.435326 0.702083 0.633694 0.343905 0.000000 0.494002 0.397418 0.984189 0.766709 0.880848 0.706518 0.933353 0.746917 0.723212 0.939120 0.665029 0.537440 0.587762 0.897402 0.981604 0.903064 0.986314 0.977856 0.988320 0.660671 0.871503 0.754362 0.851224 0.984248 0.982922 0.881048 0.885181 0.920988 0.789481 0.763479 0.778722 0.566589 0.805576 0.653567 0.973719 0.819383 0.688426 0.692122 0.285470 0.277790 0.603362 0.475340 0.917391 0.812786 0.448284 0.451865 0.952370 0.848702 0.921970 0.857718 0.508281 0.482690 0.860630 0.621876 0.672964 0.872376 0.798795 0.749938 0.958600 0.837711 0.617401 0.650732 0.320363 0.298419 0.469434 0.384155 0.607306 0.713929 0.622927 0.594669 0.730014 0.600924 0.821346 0.987541 0.915503 0.960560 0.794593 0.996050 0.836530 0.866231 0.954608 0.932831 0.671656 0.861645 0.884952 0.969685 0.990780 0.983443 0.963365 0.823984 0.935083 0.883667 0.979742 0.854905 0.972578 0.883197 0.927405 0.949985
0.478188 0.461217 0.769693 0.574605 0.932179 0.923480 0.760548 0.646887 0.974262 0.934043 0.616679 0.541155 0.461083 0.419866 0.598307 0.597040 0.531709 0.494002 0.000000 0.431958 0.924794 0.673882 0.684404 0.638122 0.898692 0.905730 0.736236 0.916701 0.725207 0.699709 0.821090 0.855928 0.779635 0.741156 0.994023 0.818277 0.794096 0.731060 0.869594 0.868074 0.700581 0.996982 0.738693 0.676666 0.916162 0.761572 0.615613 0.551178 0.795361 0.579260 0.792948 0.596985 0.854972 0.882134 0.789989 0.781405 0.464629 0.494886 0.612669 0.537774 0.776846 0.839270 0.611308 0.595732 0.785914 0.801644 0.832073 0.836920 0.642383 0.778858 0.765185 0.994517 0.931450 0.968134 0.906466 0.964947 0.776852 0.919681 0.688783 0.603860 0.539705 0.525629 0.667721 0.617411 0.647279 0.731801 0.665794 0.659465 0.835768 0.824950 0.860331 0.806358 0.817315 0.794561 0.755380 0.891782 0.600380 0.880206 0.722888 0.700208 0.992789 0.929531 0.804355 0.943793 0.709575 0.841645 0.917840 0.867867 0.841060 0.683209 0.850346 0.902838 0.792245 0.781329 0.811665 0.989758
0.358170 0.344200 0.851796 0.624871 0.892325 0.853411 0.878498 0.731208 0.874636 0.890771 0.584287 0.368430 0.500282 0.487306 0.722515 0.631936 0.428999 0.397418 0.431958 0.000000 0.999956 0.739397 0.779628 0.681931 0.796734 0.965332 0.680155 0.978194 0.730407 0.622350 0.777101 0.980180 0.835129 0.737802 0.968375 0.908574 0.698465 0.515667 0.803138 0.639827 0.802668 0.961837 0.832345 0.757568 0.999535 0.822788 0.649173 0.614092 0.730889 0.490061 0.727693 0.553661 0.855262 0.966980 0.586303 0.717356 0.391023 0.332577 0.569204 0.468441 0.857098 0.871343 0.621631 0.460309 0.829869 0.886632 0.920853 0.928048 0.438480 0.483366 0.947185 0.893704 0.782342 0.915207 0.903724 0.842393 0.792539 0.923715 0.719594 0.679934 0.374498 0.392620 0.610303 0.443903 0.582583 0.653556 0.673134 0.707002 0.768841 0.650956 0.977648 0.958859 0.944991 0.940726 0.835621 0.905154 0.728969 0.939683 0.908515 0.887603 0.966791 0.997469 0.836170 0.967491 0.826218 0.907834 0.888499 0.940498 0.882792 0.725983 0.972646 0.971317 0.995115 0.883526 0.855862 0.904665
0.929164 0.907142 0.836683 0.930076 0.925047 0.942159 0.931700 0.960319 0.924293 0.856955 0.986454 0.979480 0.924700 0.972533 0.995691 0.974970 0.932665 0.984189 0.924794 0.999956 0.000000 0.931140 0.969996 0.886162 0.831509 0.911735 0.973876 0.936510 0.979351 0.972064 0.927973 0.973621 0.855398 0.949905 0.812167 0.803026 0.931891 0.975257 0.921746 0.969067 0.998158 0.969001 0.880377 0.923062 0.940518 0.970980 0.923878 0.771001 0.999031 0.881571 0.949771 0.861965 0.849180 0.734439 0.851439 0.806044 0.997978 0.923351 0.922533 0.994820 0.728414 0.906978 0.931181 0.988094 0.808751 0.803819 0.874669 0.943283 0.975159 0.971157 0.969740 0.861759 0.948336 0.953856 0.807848 0.958928 0.996934 0.961583 0.796443 0.982882 0.930561 0.884320 0.936103 0.984352 0.783574 0.736884 0.918303 0.932340 0.900036 0.861922 0.852384 0.710063 0.959949 0.860072 0.936062 0.910088 0.909364 0.794406 0.846951 0.776806 0.850507 0.986004 0.881466 0.871438 0.809313 0.955775 0.959613 0.948789 0.977566 0.811064 0.845289 0.807971 0.930036 0.913697 0.975819 0.969501
0.756472 0.755777 0.959064 0.858524 0.978004 0.825492 0.971796 0.912950 0.879547 0.875534 0.986187 0.694235 0.682807 0.653373 0.788002 0.662926 0.782037 0.766709 0.673882 0.739397 0.931140 0.000000 0.798807 0.754704 0.970297 0.902201 0.791047 0.855277 0.963813 0.928879 0.870585 0.975500 0.948330 0.974097 0.898142 0.825704 0.869988 0.846067 0.897198 0.798058 0.945065 0.894331 0.963990 0.904384 0.860696 0.984721 0.888525 0.891941 0.997731 0.827612 0.895738 0.775616 0.875078 0.964116 0.874564 0.859318 0.719765 0.677909 0.925396 0.745958 0.907233 0.916108 0.801702 0.705150 0.943016 0.979455 0.818586 0.858990 0.843616 0.837909 0.945572 0.935561 0.934014 0.922732 0.880603 0.962339 0.927154 0.920966 0.917470 0.734801 0.746538 0.675060 0.743494 0.670234 0.824671 0.826854 0.714452 0.776845 0.841933 0.910932 0.950859 0.952139 0.895732 0.981028 0.856806 0.967616 0.788047 0.965433 0.968889 0.938077 0.995424 0.890857 0.994504 0.994134 0.888858 0.982593 0.818561 0.913677 0.880992 0.839353 0.890686 0.905507 0.988539 0.810671 0.790066 0.953990
0.843528 0.700701 0.445261 0.351423 0.576431 0.971419 0.596634 0.640397 0.771799 0.889584 0.852966 0.804584 0.433037 0.603681 0.387884 0.420515 0.917072 0.880848 0.684404 0.779628 0.969996 0.798807 0.000000 0.307650 0.474854 0.655053 0.605826 0.879186 0.985558 0.932111 0.868734 0.886045 0.820909 0.907048 0.817876 0.909725 0.701185 0.763435 0.893944 0.985199 0.951110 0.967536 0.922283 0.891060 0.977793 0.969736 0.905601 0.889366 0.820391 0.994087 0.962223 0.895557 0.797228 0.959495 0.854189 0.925955 0.757122 0.712412 0.905685 0.826820 0.535953 0.645963 0.964207 0.832392 0.307887 0.474630 0.745861 0.835824 0.794913 0.883591 0.683630 0.824243 0.884695 0.887936 0.906263 0.772763 0.886603 0.875481 0.823806 0.948959 0.912414 0.887851 0.696378 0.782556 0.353556 0.371941 0.690970 0.713383 0.661309 0.600331 0.897347 0.981313 0.817470 0.896634 0.764541 0.940971 0.864303 0.968417 0.979491 0.857715 0.933724 0.871225 0.836323 0.688017 0.700421 0.740091 0.950271 0.947132 0.771399 0.811972 0.879576 0.812838 0.922179 0.952051 0.866569 0.999004
0.702163 0.616902 0.529937 0.405318 0.643061 0.858164 0.798835 0.784230 0.945712 0.677793 0.952824 0.735718 0.385751 0.525554 0.420878 0.423433 0.823464 0.706518 0.638122 0.681931 0.886162 0.754704 0.307650 0.000000 0.449812 0.748287 0.471504 0.778323 0.943848 0.967870 0.980701 0.989309 0.895323 0.998164 0.915473 0.905048 0.780854 0.742529 0.810972 0.941751 0.883171 0.969778 0.873993 0.976460 0.774626 0.863410 0.994420 0.972478 0.724578 0.972236 0.820452 0.979433 0.990010 0.819564 0.800605 0.975856 0.639153 0.587638 0.946988 0.809148 0.708371 0.838032 0.967366 0.831034 0.367909 0.587139 0.959266 0.962328 0.648091 0.811075 0.800650 0.952041 0.946045 0.986494 0.987305 0.947655 0.963009 0.987633 0.795653 0.876451 0.799919 0.699038 0.649940 0.616605 0.330835 0.350328 0.612478 0.671218 0.578196 0.518476 0.899312 0.871921 0.968901 0.995881 0.814947 0.854633 0.944386 0.912605 0.846697 0.932216 0.783545 0.858881 0.732765 0.635076 0.833042 0.926482 0.922023 0.902503 0.974487 0.954695 0.989306 0.987799 0.937573 0.916077 0.983354 0.991503
0.783670 0.712177 0.456414 0.487930 0.641631 0.902944 0.765754 0.777374 0.779408 0.822389 0.861134 0.838233 0.618793 0.860183 0.660494 0.700887 0.973287 0.933353 0.898692 0.796734 0.831509 0.970297 0.474854 0.449812 0.000000 0.445598 0.586377 0.727836 0.839585 0.743600 0.806886 0.996161 0.793980 0.930533 0.796973 0.855860 0.563127 0.609775 0.749499 0.861891 0.851815 0.983915 0.880947 0.947115 0.881227 0.885023 0.995017 0.984206 0.750804 0.913827 0.838088 0.919075 0.884472 0.735317 0.672124 0.961187 0.786557 0.749274 0.978258 0.901939 0.624299 0.724515 0.811597 0.967432 0.352539 0.515825 0.883130 0.900259 0.559394 0.689413 0.927405 0.862463 0.987629 0.917450 0.910687 0.873967 0.969425 0.961444 0.973176 0.928793 0.996792 0.881857 0.730580 0.753875 0.399063 0.353723 0.788903 0.814744 0.609718 0.483731 0.872090 0.627318 0.994527 0.854716 0.809738 0.997210 0.889944 0.857848 0.788084 0.771761 0.816212 0.717722 0.702112 0.643360 0.900766 0.981511 0.982084 0.910498 0.915645 0.998584 0.978772 0.895616 0.895166 0.807773 0.960226 0.957794
0.892754 0.971446 0.430884 0.570600 0.649917 0.897681 0.561088 0.628822 0.494247 0.849410 0.787503 0.896516 0.943165 0.887050 0.958174 0.996998 0.735348 0.746917 0.905730 0.965332 0.911735 0.902201 0.655053 0.748287 0.445598 0.000000 0.902020 0.806653 0.730408 0.664475 0.527570 0.855578 0.626872 0.768496 0.756607 0.772038 0.596718 0.799082 0.762763 0.897275 0.946919 0.808834 0.880016 0.913786 0.832075 0.900064 0.893748 0.969567 0.849518 0.925047 0.983126 0.948662 0.951777 0.988558 0.764612 0.958368 0.890856 0.891008 0.992419 0.910650 0.546415 0.613266 0.692183 0.843992 0.499023 0.469924 0.642156 0.592947 0.838004 0.921491 0.804825 0.662888 0.716818 0.763812 0.997444 0.946710 0.979771 0.916073 0.892971 0.762987 0.711691 0.725350 0.971734 0.841887 0.699807 0.611957 0.998392 0.984059 0.790726 0.761977 0.862604 0.786061 0.840114 0.918641 0.872961 0.938466 0.899123 0.945128 0.953760 0.983508 0.834525 0.855197 0.795150 0.846357 0.771726 0.871650 0.925094 0.937454 0.869613 0.928537 0.764764 0.974095 0.906727 0.886201 0.960954 0.974877
0.731881 0.668942 0.832736 0.674973 0.675993 0.779015 0.942278 0.983222 0.894962 0.677402 0.944933 0.745968 0.615141 0.665576 0.651616 0.669700 0.820411 0.723212 0.736236 0.680155 0.973876 0.791047 0.605826 0.471504 0.586377 0.902020 0.000000 0.876935 0.923384 0.912889 0.769154 0.914577 0.825643 0.825453 0.930658 0.977880 0.848199 0.681033 0.804460 0.961267 0.971269 0.833718 0.753757 0.822775 0.599239 0.701852 0.936557 0.932970 0.732214 0.957454 0.775012 0.989494 0.849994 0.796135 0.863907 0.996104 0.691990 0.616656 0.939722 0.811215 0.992106 0.945246 0.988163 0.906600 0.643014 0.850714 0.850336 0.829685 0.660843 0.705029 0.968144 0.829409 0.819944 0.815805 0.952215 0.888003 0.965228 0.719455 0.820591 0.962107 0.840400 0.708087 0.722349 0.734551 0.566858 0.584759 0.631056 0.710590 0.797265 0.617339 0.844744 0.901526 0.974714 0.937916 0.912646 0.956667 0.956860 0.946402 0.790407 0.837132 0.738723 0.923802 0.752574 0.691806 0.994639 0.956274 0.885587 0.915943 0.991322 0.880529 0.990054 0.946190 0.832886 0.825637 0.919280 0.970506
0.880720 0.895611 0.854174 0.904198 0.890396 0.950078 0.957684 0.982827 0.994525 0.868594 0.993557 0.994075 0.942443 0.959960 0.920277 0.828402 0.934998 0.939120 0.916701 0.978194 0.936510 0.855277 0.879186 0.778323 0.727836 0.806653 0.876935 0.000000 0.844599 0.852799 0.918673 0.860164 0.995416 0.986058 0.945800 0.879852 0.807888 0.765933 0.827703 0.999081 0.988389 0.944669 0.918663 0.961305 0.831106 0.886873 0.981404 0.956890 0.813153 0.910054 0.843638 0.861750 0.819934 0.668338 0.885926 0.966083 0.841754 0.866896 0.993456 0.995747 0.965813 0.975313 0.831735 0.958621 0.787306 0.857118 0.870603 0.895402 0.770152 0.731395 0.969104 0.843574 0.850440 0.896288 0.993108 0.963365 0.920679 0.866232 0.919213 0.820519 0.976217 0.981898 0.830655 0.870368 0.794703 0.739579 0.969507 0.997308 0.880536 0.737266 0.765302 0.642077 0.799329 0.706740 0.981551 0.829297 0.766207 0.870051 0.836897 0.735748 0.760484 0.684466 0.767772 0.692792 0.914439 0.763347 0.989037 0.889033 0.810276 0.753174 0.922791 0.935386 0.819327 0.927162 0.888002 0.854143
0.807124 0.745344 0.860399 0.996276 0.928811 0.954745 0.941198 0.927737 0.971831 0.821340 0.686898 0.695140 0.909170 0.725337 0.788434 0.781748 0.587343 0.665029 0.725207 0.730407 0.979351 0.963813 0.985558 0.943848 0.839585 0.730408 0.923384 0.844599 0.000000 0.359066 0.968646 0.600857 0.740772 0.687012 0.971906 0.997440 0.919227 0.932335 0.934536 0.934502 0.951342 0.989635 0.671338 0.640715 0.676381 0.586404 0.685672 0.641544 0.541105 0.554550 0.620661 0.658591 0.684093 0.833618 0.943661 0.747759 0.709966 0.738382 0.654528 0.606519 0.896714 0.947267 0.500049 0.502660 0.818103 0.850424 0.888492 0.880204 0.968254 0.969467 0.885065 0.775612 0.973625 0.860462 0.908430 0.949976 0.917822 0.783267 0.613639 0.672826 0.556753 0.755168 0.744052 0.717025 0.950483 0.951194 0.999807 0.862267 0.998134 0.941957 0.921013 0.942414 0.818819 0.843198 0.797380 0.890275 0.717424 0.986865 0.806043 0.815431 0.927032 0.981403 0.677040 0.685869 0.872513 0.920800 0.972654 0.939329 0.910991 0.947220 0.837258 0.872205 0.725774 0.770878 0.767493 0.977774
0.642173 0.634826 0.778892 0.967726 0.864356 0.903187 0.945502 0.958549 0.800326 0.861550 0.559134 0.517597 0.857795 0.656222 0.877177 0.768405 0.508394 0.537440 0.699709 0.622350 0.972064 0.928879 0.932111 0.967870 0.743600 0.664475 0.912889 0.852799 0.359066 0.000000 0.902789 0.769263 0.871544 0.666273 0.946200 0.981404 0.970772 0.866967 0.969200 0.795389 0.926561 0.981755 0.707757 0.645367 0.733154 0.610849 0.673418 0.624355 0.467806 0.514104 0.574766 0.618920 0.757916 0.932908 0.929011 0.722670 0.643723 0.641603 0.582334 0.498217 0.970759 0.946079 0.477921 0.415875 0.736937 0.783207 0.952470 0.937932 0.874868 0.830316 0.857350 0.756121 0.995243 0.883345 0.938627 0.959295 0.992972 0.814316 0.635890 0.606804 0.418206 0.613308 0.721415 0.647457 0.985562 0.906254 0.907791 0.801078 0.959683 0.945825 0.892440 0.984824 0.800013 0.856246 0.873948 0.979368 0.739284 0.889139 0.828620 0.852011 0.944539 0.985799 0.676459 0.685570 0.940611 0.854472 0.905897 0.915389 0.903043 0.856550 0.887629 0.895020 0.877805 0.817703 0.778917 0.990806
0.682774 0.744832 0.681080 0.821628 0.817330 0.791213 0.576927 0.636137 0.480277 0.536533 0.802590 0.860593 0.853831 0.755243 0.968019 0.991038 0.760862 0.587762 0.821090 0.777101 0.927973 0.870585 0.868734 0.980701 0.806886 0.527570 0.769154 0.918673 0.968646 0.902789 0.000000 0.531504 0.539332 0.649953 0.733433 0.916975 0.717930 0.982584 0.795213 0.883156 0.988614 0.863024 0.601852 0.659017 0.529392 0.591303 0.737833 0.786684 0.819397 0.909624 0.755251 0.919072 0.670128 0.699259 0.961234 0.973304 0.731382 0.663539 0.908059 0.953754 0.541488 0.503000 0.820273 0.994657 0.873818 0.704891 0.689553 0.509179 0.853547 0.774393 0.844288 0.714016 0.595878 0.628440 0.932047 0.848746 0.849172 0.545913 0.965196 0.901872 0.746513 0.598451 0.930521 0.780769 0.949079 0.979867 0.743913 0.879138 0.985132 0.906792 0.927340 0.815216 0.958627 0.759005 0.961381 0.855591 0.921898 0.966347 0.781532 0.802873 0.545887 0.998779 0.925718 0.925712 0.776462 0.821068 0.851051 0.787412 0.784205 0.937923 0.787204 0.850721 0.762455 0.879289 0.877559 0.924615
0.924428 0.996748 0.845161 0.809633 0.947377 0.886666 0.674004 0.622012 0.649339 0.552727 0.909207 0.967346 0.947089 0.933190 0.829951 0.860243 0.974166 0.897402 0.855928 0.980180 0.973621 0.975500 0.886045 0.989309 0.996161 0.855578 0.914577 0.860164 0.600857 0.769263 0.531504 0.000000 0.614032 0.604844 0.821639 0.984998 0.848525 0.946549 0.896869 0.942115 0.983868 0.933839 0.483910 0.476715 0.537681 0.473589 0.585621 0.605658 0.665875 0.666363 0.614217 0.673054 0.617568 0.603093 0.894915 0.896036 0.986913 0.910226 0.622835 0.752641 0.641521 0.638273 0.863548 0.758049 0.997972 0.823926 0.707842 0.611193 0.884557 0.807602 0.853317 0.891639 0.690772 0.675149 0.955528 0.919813 0.764055 0.583272 0.764822 0.759868 0.956879 0.896812 0.888827 0.989592 0.968190 0.977872 0.941804 0.999775 0.954641 0.844897 0.853790 0.952728 0.981384 0.981816 0.897086 0.869068 0.735630 0.994885 0.583995 0.641187 0.597874 0.805766 0.654390 0.788364 0.650053 0.810365 0.844940 0.778527 0.682582 0.884545 0.815038 0.816961 0.583823 0.881387 0.734897 0.969765
0.904953 0.862759 0.587832 0.673818 0.867030 0.760991 0.409261 0.490548 0.497383 0.649252 0.873855 0.886438 0.891370 0.924531 0.871435 0.939099 0.862076 0.981604 0.779635 0.835129 0.855398 0.948330 0.820909 0.895323 0.793980 0.626872 0.825643 0.995416 0.740772 0.871544 0.539332 0.614032 0.000000 0.424617 0.739640 0.927834 0.706581 0.788105 0.924089 0.985987 0.929352 0.688130 0.464300 0.505406 0.396245 0.441202 0.494709 0.594633 0.634724 0.630980 0.585821 0.697823 0.678759 0.745842 0.679066 0.804486 0.900509 0.947705 0.567297 0.796519 0.424578 0.566231 0.739605 0.724720 0.784724 0.629576 0.461528 0.390424 0.902727 0.984840 0.760107 0.809901 0.724412 0.729790 0.819595 0.955359 0.709841 0.685309 0.814709 0.900464 0.872661 0.997763 0.903039 0.935773 0.799228 0.784050 0.932588 0.865683 0.907381 0.916701 0.759234 0.977094 0.865098 0.950300 0.713979 0.876858 0.719703 0.833750 0.605270 0.684037 0.678717 0.941633 0.854037 0.706319 0.641062 0.819485 0.894174 0.872761 0.823296 0.920070 0.698328 0.817903 0.657150 0.748498 0.731327 0.913649
0.829083 0.791661 0.685486 0.724612 0.947195 0.658659 0.515230 0.450394 0.655866 0.531630 0.679720 0.711797 0.922653 0.861553 0.892530 0.880740 0.769220 0.903064 0.741156 0.737802 0.949905 0.974097 0.907048 0.998164 0.930533 0.768496 0.825453 0.986058 0.687012 0.666273 0.649953 0.604844 0.424617 0.000000 0.727719 0.978772 0.658681 0.701376 0.923284 0.993400 0.762925 0.752506 0.451755 0.457580 0.439932 0.414590 0.438178 0.488161 0.584091 0.565894 0.551010 0.648135 0.681347 0.727571 0.701054 0.798244 0.819176 0.880518 0.492208 0.582113 0.485358 0.483673 0.677424 0.571083 0.907511 0.671419 0.555508 0.435772 0.847475 0.905115 0.835845 0.802295 0.711601 0.672502 0.878898 0.984460 0.824559 0.663284 0.850333 0.836329 0.769671 0.922244 0.856609 0.890567 0.918259 0.888278 0.987890 0.927654 0.900790 0.943715 0.867136 0.958405 0.975069 0.874622 0.811783 0.933465 0.638272 0.876262 0.603437 0.689329 0.590224 0.985574 0.776570 0.635637 0.666830 0.760942 0.945662 0.761061 0.869767 0.820354 0.732966 0.843302 0.641460 0.822526 0.806676 0.962502
0.969019 0.922179 0.684512 0.696122 0.936406 0.931287 0.686217 0.762622 0.699765 0.792889 0.936237 0.983248 0.953836 0.916126 0.925595 0.993909 0.996092 0.986314 0.994023 0.968375 0.812167 0.898142 0.817876 0.915473 0.796973 0.756607 0.930658 0.945800 0.971906 0.946200 0.733433 0.821639 0.739640 0.727719 0.000000 0.918608 0.891855 0.834660 0.733833 0.971194 0.967963 0.902334 0.830544 0.831161 0.725248 0.775939 0.848446 0.907461 0.908944 0.937468 0.932921 0.956923 0.917567 0.946201 0.733985 0.890606 0.994567 0.980505 0.763099 0.937845 0.706071 0.698071 0.955997 0.868480 0.724431 0.754722 0.619643 0.651912 0.867230 0.932916 0.779227 0.803654 0.826636 0.779787 0.978361 0.990026 0.899799 0.765180 0.942533 0.892448 0.976204 0.992748 0.852889 0.935226 0.835716 0.790370 0.960554 0.979611 0.711197 0.777747 0.961986 0.879259 0.848801 0.933153 0.857673 0.987421 0.812984 0.718424 0.844692 0.945525 0.909201 0.840957 0.979508 0.992857 0.776476 0.861015 0.641462 0.861273 0.809826 0.899688 0.947516 0.908843 0.731235 0.969754 0.901320 0.965959
0.975119 0.925954 0.863940 0.898651 0.866965 0.897615 0.906634 0.979573 0.995781 0.959186 0.968807 0.987389 0.995620 0.991613 0.990642 0.981943 0.823175 0.977856 0.818277 0.908574 0.803026 0.825704 0.909725 0.905048 0.855860 0.772038 0.977880 0.879852 0.997440 0.981404 0.916975 0.984998 0.927834 0.978772 0.918608 0.000000 0.903369 0.991926 0.883423 0.918897 0.770398 0.959108 0.850615 0.919295 0.953333 0.921589 0.930411 0.718986 0.866630 0.886047 0.882886 0.852016 0.868699 0.860973 0.997862 0.813699 0.894156 0.920529 0.923172 0.926717 0.928765 0.973195 0.852301 0.880868 0.803157 0.851501 0.956130 0.994599 0.972481 0.931640 0.944363 0.847767 0.901026 0.970166 0.953963 0.915788 0.752981 0.918151 0.862026 0.921629 0.915544 0.908450 0.983744 0.860435 0.899269 0.857232 0.962602 0.828093 0.945486 0.999915 0.972745 0.880058 0.888166 0.959363 0.994490 0.881141 0.859986 0.952631 0.805707 0.810449 0.922362 0.847345 0.833760 0.880060 0.983480 0.897466 0.910571 0.824742 0.950731 0.979133 0.902036 0.850390 0.872768 0.823731 0.851009 0.799038
0.797359 0.834989 0.561340 0.573252 0.813303 0.996017 0.666848 0.533669 0.766105 0.859402 0.940906 0.679126 0.779142 0.923202 0.859209 0.814388 0.959837 0.988320 0.794096 0.698465 0.931891 0.869988 0.701185 0.780854 0.563127 0.596718 0.848199 0.807888 0.919227 0.970772 0.717930 0.848525 0.706581 0.658681 0.891855 0.903369 0.000000 0.532259 0.800553 0.847623 0.727376 0.843318 0.822200 0.819967 0.873227 0.851653 0.757292 0.730617 0.992284 0.915635 0.945975 0.945267 0.963570 0.976182 0.627583 0.897642 0.874151 0.875072 0.861552 0.918917 0.598979 0.571974 0.881802 0.819108 0.673789 0.590593 0.809905 0.697769 0.629898 0.757996 0.822844 0.687817 0.897083 0.901718 0.881771 0.973188 0.846735 0.910779 0.992209 0.970198 0.925596 0.923164 0.838329 0.772732 0.763268 0.710454 0.841004 0.932810 0.876255 0.809863 0.988647 0.798454 0.999751 0.867327 0.843763 0.984836 0.805527 0.946958 0.880036 0.915659 0.819835 0.873048 0.975329 0.829967 0.768752 0.917076 0.891694 0.901868 0.799935 0.826758 0.968121 0.962607 0.987526 0.985299 0.972762 0.862441
0.583325 0.567664 0.732107 0.661228 0.925494 0.950259 0.846861 0.725336 0.981231 0.893866 0.804260 0.531569 0.745415 0.768694 0.769154 0.720760 0.657966 0.660671 0.731060 0.515667 0.975257 0.846067 0.763435 0.742529 0.609775 0.799082 0.681033 0.765933 0.932335 0.866967 0.982584 0.946549 0.788105 0.701376 0.834660 0.991926 0.532259 0.000000 0.683197 0.731565 0.836272 0.819865 0.881750 0.876270 0.943010 0.864320 0.716362 0.694384 0.824857 0.674301 0.842659 0.780571 0.947125 0.916965 0.497642 0.715404 0.605060 0.565142 0.718971 0.645543 0.751636 0.740155 0.844620 0.601011 0.739753 0.783765 0.922876 0.851569 0.484378 0.548150 0.926948 0.986128 0.909804 0.973932 0.966741 0.887046 0.817314 0.944305 0.899191 0.932990 0.652600 0.661405 0.712834 0.607295 0.660659 0.630583 0.777644 0.781350 0.708597 0.635141 0.900799 0.752136 0.923333 0.900810 0.961438 0.923633 0.910923 0.906191 0.931761 0.970111 0.977801 0.799477 0.921011 0.941416 0.826939 0.995507 0.965504 0.957736 0.965444 0.757872 0.885437 0.901737 0.930361 0.991292 0.992950 0.985030
