0.000000 0.158967 0.315354 0.277672 0.680676 0.543460 0.228221 0.189278 0.395984 0.328153 0.149142 0.134115 0.127441 0.214532 0.206526 0.219642 0.146134 0.134161 0.127791 0.142924 0.515150 0.836123 0.265685 0.456127 0.716455 0.709424 0.886142 0.849237 0.201349 0.154534 0.282951 0.344058 0.153190 0.157340 0.481881 0.651607 0.340243 0.402398 0.689167 0.632006 0.625850 0.513131 0.229006 0.216423 0.260942 0.198350 0.224077 0.225152 0.685190 0.353131 0.425339 0.318080 0.465067 0.534197 0.466231 0.487538 0.163530 0.151727 0.180591 0.177883 0.124197 0.170742 0.122455 0.127570 0.382198 0.275751 0.270662 0.270347 0.317753 0.201781 0.237071 0.252172 0.416956 0.407180 0.621395 0.576022 0.368667 0.282208 0.178242 0.191042 0.126780 0.175579 0.433168 0.325576 0.250100 0.454129 0.991155 0.885464 0.378536 0.503907 0.565376 0.670898 0.586655 0.774970 0.470079 0.448669 0.309892 0.533495 0.235983 0.237464 0.501545 0.596900 0.241259 0.282178 0.291224 0.270249 0.676954 0.548143 0.576948 0.375511 0.575694 0.335291 0.332770 0.481287 0.423705 0.963184
0.158967 0.000000 0.479639 0.401405 0.674869 0.587204 0.355738 0.240434 0.443977 0.365458 0.231462 0.128871 0.156622 0.153977 0.193236 0.198622 0.146719 0.119238 0.168912 0.161740 0.540682 0.842458 0.300137 0.447572 0.721928 0.803261 0.927252 0.898950 0.150132 0.159318 0.345006 0.393399 0.209140 0.225585 0.564345 0.649671 0.371997 0.443636 0.811163 0.671422 0.668380 0.434988 0.259507 0.232907 0.266542 0.223166 0.290049 0.236478 0.622361 0.392633 0.459120 0.347606 0.530950 0.625028 0.596763 0.589439 0.104439 0.094763 0.249585 0.234378 0.209569 0.215917 0.154277 0.120420 0.541146 0.428274 0.401975 0.377893 0.354030 0.248220 0.237904 0.263545 0.523289 0.539046 0.689199 0.582178 0.313725 0.267018 0.247772 0.218426 0.147999 0.207495 0.361397 0.318673 0.318027 0.471219 0.905685 0.864622 0.491380 0.548496 0.642623 0.711650 0.658427 0.855627 0.424221 0.488219 0.343484 0.454081 0.271288 0.245444 0.541756 0.714818 0.284841 0.267686 0.326270 0.281851 0.725611 0.576718 0.590272 0.424631 0.549215 0.356594 0.437384 0.397154 0.434516 0.856073
0.315354 0.479639 0.000000 0.132946 0.682929 0.565027 0.148396 0.227394 0.410698 0.386075 0.339858 0.374384 0.322917 0.450310 0.393496 0.384211 0.426579 0.389995 0.260927 0.324930 0.457567 0.809998 0.248652 0.423472 0.498062 0.376135 0.973498 0.888298 0.437402 0.339711 0.212471 0.339351 0.224232 0.253106 0.369108 0.658701 0.372765 0.458627 0.559734 0.577861 0.746011 0.671393 0.292281 0.307013 0.471092 0.405212 0.357883 0.316465 0.952476 0.558264 0.645654 0.526132 0.543433 0.490950 0.430858 0.528042 0.521512 0.493239 0.302622 0.306911 0.244200 0.332425 0.340879 0.382103 0.190527 0.171780 0.186944 0.216250 0.463818 0.289675 0.369373 0.387693 0.406819 0.422950 0.534568 0.779709 0.468588 0.451451 0.333677 0.428298 0.329232 0.275630 0.585381 0.354237 0.292343 0.425526 0.893590 0.958088 0.388820 0.453104 0.539248 0.621108 0.543819 0.698614 0.543661 0.607876 0.452378 0.698793 0.452952 0.407521 0.530986 0.439036 0.435678 0.356487 0.380204 0.390987 0.696922 0.610806 0.615602 0.441146 0.674607 0.588240 0.457870 0.634934 0.541896 0.943534
0.277672 0.401405 0.132946 0.000000 0.701674 0.483740 0.158917 0.156186 0.391164 0.298065 0.357750 0.284523 0.259259 0.320045 0.282025 0.270055 0.366742 0.326920 0.225847 0.273643 0.412683 0.741075 0.168356 0.321811 0.475585 0.375721 0.990788 0.981123 0.355979 0.267900 0.178237 0.269181 0.177201 0.195964 0.312154 0.616638 0.307401 0.434734 0.503117 0.554484 0.734267 0.568231 0.254129 0.272496 0.398515 0.355377 0.302621 0.262774 0.860130 0.489683 0.589477 0.461293 0.518420 0.493932 0.387770 0.485015 0.456990 0.408643 0.284098 0.285435 0.235003 0.271461 0.288808 0.291718 0.201634 0.175363 0.181437 0.190319 0.483575 0.267091 0.282618 0.355440 0.458533 0.536799 0.510231 0.700439 0.394425 0.386540 0.280350 0.382020 0.243855 0.192973 0.461210 0.262646 0.228424 0.327087 0.890838 0.987279 0.347935 0.372554 0.497835 0.568965 0.483052 0.672370 0.492632 0.500262 0.393664 0.636653 0.381917 0.306535 0.481119 0.468855 0.344206 0.311467 0.307930 0.306054 0.734758 0.563609 0.632185 0.416387 0.623067 0.473127 0.426234 0.526065 0.539661 0.943145
0.680676 0.674869 0.682929 0.701674 0.000000 0.806731 0.627096 0.617501 0.778340 0.673874 0.741958 0.706394 0.641647 0.700916 0.682833 0.661583 0.717127 0.686245 0.633184 0.758552 0.681713 0.924696 0.671232 0.720017 0.969950 0.960142 0.907473 0.789547 0.668381 0.710197 0.827468 0.859379 0.642540 0.697003 0.798075 0.807813 0.840438 0.681834 0.921940 0.820439 0.916794 0.646665 0.580392 0.604529 0.608454 0.637172 0.692596 0.642386 0.805703 0.767629 0.653413 0.640193 0.733143 0.670272 0.797719 0.845842 0.647957 0.714477 0.638808 0.648423 0.603515 0.611501 0.640123 0.645366 0.706751 0.664797 0.659982 0.651782 0.758710 0.748539 0.609757 0.688291 0.906929 0.915920 0.888873 0.998243 0.782848 0.789233 0.763212 0.799257 0.690317 0.723915 0.658806 0.679540 0.687950 0.712926 0.964229 0.878344 0.868241 0.760034 0.716051 0.702474 0.737770 0.773967 0.972790 0.775272 0.746921 0.814568 0.668374 0.610834 0.678382 0.690504 0.565730 0.563717 0.566563 0.710745 0.799647 0.721647 0.792507 0.895265 0.661349 0.723007 0.703220 0.706277 0.766427 0.944207
0.543460 0.587204 0.565027 0.483740 0.806731 0.000000 0.459735 0.418287 0.576982 0.422290 0.584646 0.520217 0.518388 0.596982 0.574195 0.562686 0.603910 0.552266 0.557907 0.557790 0.723126 0.856966 0.540842 0.737415 0.875738 0.615034 0.990182 0.732111 0.597352 0.581819 0.577649 0.636886 0.523260 0.525856 0.606268 0.833011 0.595454 0.822189 0.800294 0.744531 0.794334 0.573631 0.453162 0.557099 0.498905 0.527119 0.459860 0.551392 0.806894 0.695426 0.642041 0.589327 0.629861 0.674342 0.679094 0.615907 0.622865 0.624598 0.574289 0.600687 0.543277 0.565788 0.525187 0.535202 0.605572 0.531968 0.462691 0.471296 0.775546 0.633460 0.454866 0.463577 0.733871 0.809962 0.745951 0.758663 0.587467 0.548618 0.551050 0.680181 0.498713 0.536517 0.752070 0.588693 0.552772 0.728112 0.843376 0.776602 0.704398 0.712991 0.409671 0.468639 0.372352 0.584397 0.715645 0.690525 0.480856 0.723621 0.432724 0.441109 0.508257 0.514142 0.573058 0.491571 0.506461 0.500586 0.883682 0.557862 0.827396 0.600393 0.777848 0.492034 0.466161 0.726154 0.615114 0.973320
0.228221 0.355738 0.148396 0.158917 0.627096 0.459735 0.000000 0.129831 0.349094 0.230936 0.269412 0.271917 0.252640 0.360619 0.333877 0.328073 0.301585 0.273411 0.169441 0.261090 0.468433 0.816521 0.256290 0.504200 0.682697 0.559018 0.901334 0.840800 0.337149 0.261796 0.251225 0.346278 0.173190 0.170274 0.373511 0.645095 0.394599 0.437703 0.582480 0.564244 0.697679 0.535143 0.214278 0.200262 0.302735 0.261710 0.291988 0.237016 0.865927 0.515739 0.532192 0.424531 0.504770 0.438232 0.412933 0.553954 0.363024 0.359889 0.195610 0.238620 0.160085 0.261844 0.223883 0.261463 0.269224 0.181771 0.132811 0.140167 0.416686 0.260070 0.278552 0.268446 0.411502 0.446731 0.506645 0.706502 0.402401 0.340568 0.282946 0.369740 0.225505 0.225706 0.537834 0.333074 0.296910 0.479866 0.979152 0.821208 0.382286 0.544747 0.454182 0.506018 0.444157 0.606042 0.524758 0.494806 0.343337 0.585966 0.298367 0.272903 0.446114 0.347372 0.328825 0.264531 0.301396 0.283501 0.691433 0.535135 0.548920 0.366898 0.542633 0.426235 0.322035 0.491857 0.483426 0.922515
0.189278 0.240434 0.227394 0.156186 0.617501 0.418287 0.129831 0.000000 0.335820 0.183997 0.274213 0.171298 0.173799 0.217600 0.219360 0.212271 0.223297 0.198313 0.160551 0.198803 0.455438 0.768752 0.191388 0.398062 0.669246 0.590368 0.890956 0.929980 0.245616 0.190434 0.248521 0.317046 0.142363 0.142429 0.372027 0.573543 0.353034 0.398457 0.653686 0.551315 0.636678 0.478483 0.184352 0.196094 0.238623 0.228178 0.259009 0.218794 0.740345 0.436768 0.457619 0.344043 0.454202 0.451377 0.456676 0.528961 0.279259 0.259276 0.221638 0.234757 0.161112 0.178374 0.178697 0.155321 0.313852 0.217463 0.171200 0.181645 0.450197 0.239411 0.219950 0.265246 0.459405 0.538098 0.574879 0.644657 0.317761 0.256833 0.212781 0.337023 0.156316 0.170069 0.405304 0.273655 0.243793 0.400288 0.986324 0.858714 0.400961 0.452463 0.372145 0.438247 0.373092 0.575933 0.428439 0.386655 0.273376 0.495018 0.211311 0.170510 0.359537 0.421726 0.250966 0.207417 0.227552 0.239493 0.685117 0.447865 0.563235 0.347300 0.512285 0.344102 0.296901 0.401723 0.455516 0.949263
0.395984 0.443977 0.410698 0.391164 0.778340 0.576982 0.349094 0.335820 0.000000 0.345485 0.396046 0.373345 0.394537 0.481202 0.476255 0.429539 0.438863 0.422436 0.397458 0.367739 0.692034 0.934529 0.426452 0.641121 0.700270 0.679260 0.931741 0.849705 0.429235 0.403047 0.420563 0.534027 0.374028 0.382251 0.502186 0.710701 0.461549 0.531542 0.801581 0.772688 0.740185 0.745186 0.412120 0.409575 0.440541 0.422807 0.437173 0.452125 0.869795 0.581469 0.590036 0.506743 0.642058 0.644133 0.632154 0.653321 0.449464 0.449357 0.432831 0.426484 0.339671 0.329521 0.422712 0.418169 0.428570 0.364305 0.403306 0.396980 0.425223 0.426120 0.402325 0.484966 0.363848 0.379967 0.679567 0.604422 0.453315 0.396651 0.509333 0.475922 0.413660 0.442887 0.659404 0.548947 0.494812 0.655769 0.908422 0.697124 0.612348 0.669175 0.538126 0.544715 0.545430 0.606754 0.624247 0.534847 0.561095 0.798795 0.371663 0.388470 0.513209 0.513197 0.514289 0.387839 0.470365 0.478889 0.757898 0.592541 0.676019 0.523166 0.521144 0.536121 0.419937 0.665233 0.571799 0.858739
0.328153 0.365458 0.386075 0.298065 0.673874 0.422290 0.230936 0.183997 0.345485 0.000000 0.330035 0.280831 0.317920 0.352502 0.351260 0.339396 0.306088 0.306370 0.292213 0.342334 0.578148 0.740688 0.356334 0.572288 0.854125 0.690510 0.872639 0.941631 0.343714 0.292122 0.391852 0.424657 0.276519 0.268657 0.403311 0.657758 0.494463 0.513551 0.731430 0.619416 0.760609 0.489988 0.321483 0.335498 0.352017 0.368009 0.447972 0.359727 0.858142 0.579845 0.563289 0.460446 0.589526 0.535493 0.576733 0.594490 0.390090 0.409747 0.356568 0.387374 0.289617 0.295687 0.314130 0.281617 0.445586 0.310099 0.293095 0.319012 0.469656 0.335861 0.331700 0.354421 0.430336 0.521010 0.609976 0.551336 0.403227 0.285678 0.367808 0.419880 0.262726 0.302445 0.538423 0.382444 0.449159 0.612180 0.965061 0.740681 0.549490 0.647449 0.398443 0.417939 0.381775 0.522175 0.574483 0.398102 0.378175 0.567412 0.252426 0.244886 0.418974 0.391970 0.371494 0.271548 0.358909 0.327343 0.726658 0.488898 0.684576 0.448106 0.567474 0.414043 0.371245 0.428817 0.531231 0.975527
0.149142 0.231462 0.339858 0.357750 0.741958 0.584646 0.269412 0.274213 0.396046 0.330035 0.000000 0.161130 0.176828 0.270068 0.274319 0.251680 0.154449 0.152169 0.165033 0.159750 0.548104 0.924941 0.349513 0.498653 0.771065 0.720819 0.901212 0.823307 0.209222 0.157958 0.320529 0.344580 0.213476 0.196155 0.545621 0.689079 0.446184 0.476718 0.748215 0.642482 0.581941 0.578980 0.332790 0.286058 0.428643 0.327157 0.345895 0.330855 0.918125 0.548807 0.617187 0.508448 0.614711 0.692283 0.585283 0.635388 0.200834 0.224641 0.256659 0.284077 0.167263 0.232370 0.163913 0.187264 0.459445 0.301154 0.331482 0.372108 0.253343 0.233112 0.312048 0.308720 0.359666 0.357030 0.668786 0.571294 0.412471 0.300008 0.221461 0.200625 0.182789 0.232460 0.448446 0.361805 0.390151 0.580145 0.964214 0.799070 0.481644 0.670886 0.691902 0.794786 0.723532 0.878657 0.545660 0.561542 0.420422 0.618810 0.372177 0.359696 0.602046 0.594583 0.356463 0.325060 0.415292 0.344973 0.731931 0.721307 0.661124 0.431831 0.663577 0.463772 0.434620 0.502442 0.475141 0.964973
0.134115 0.128871 0.374384 0.284523 0.706394 0.520217 0.271917 0.171298 0.373345 0.280831 0.161130 0.000000 0.107944 0.117634 0.138524 0.129379 0.110772 0.089235 0.132398 0.117716 0.511711 0.808895 0.232110 0.370201 0.701789 0.712989 0.921942 0.962194 0.124719 0.098149 0.282153 0.302465 0.144924 0.163742 0.512017 0.648902 0.358788 0.436226 0.734029 0.596561 0.601529 0.468298 0.259047 0.231418 0.304310 0.245832 0.272819 0.256809 0.709690 0.440611 0.505958 0.391527 0.556077 0.617322 0.544449 0.598332 0.143236 0.134132 0.245101 0.241480 0.159895 0.151327 0.113080 0.088089 0.453693 0.306358 0.333982 0.332543 0.336736 0.204044 0.222561 0.262289 0.452322 0.503291 0.663687 0.547089 0.295536 0.214934 0.170111 0.202554 0.115124 0.155692 0.312808 0.250517 0.276872 0.422207 0.939851 0.887200 0.436607 0.531725 0.599961 0.684035 0.618497 0.827929 0.395927 0.448265 0.351432 0.486475 0.264079 0.230303 0.516209 0.627586 0.268600 0.245932 0.294150 0.280638 0.735090 0.577952 0.619168 0.374802 0.558576 0.355842 0.367826 0.392361 0.445266 0.945473
0.127441 0.156622 0.322917 0.259259 0.641647 0.518388 0.252640 0.173799 0.394537 0.317920 0.176828 0.107944 0.000000 0.126692 0.110753 0.123161 0.155442 0.128325 0.146322 0.165595 0.439352 0.845090 0.174651 0.304959 0.629109 0.664252 0.953747 0.936158 0.163919 0.128794 0.243188 0.304628 0.150619 0.178403 0.515122 0.666249 0.306580 0.387860 0.688771 0.622046 0.609965 0.459127 0.246346 0.229975 0.310213 0.249015 0.247837 0.243795 0.723526 0.426332 0.491630 0.367148 0.540829 0.573220 0.521165 0.574473 0.175360 0.156781 0.239601 0.239005 0.135992 0.154082 0.107027 0.101561 0.362791 0.281714 0.317634 0.329363 0.399281 0.252655 0.228291 0.275603 0.475835 0.501763 0.658809 0.589967 0.362173 0.255205 0.186047 0.234475 0.128574 0.166517 0.309159 0.245749 0.202696 0.343787 0.965790 0.951343 0.399619 0.449645 0.603238 0.683696 0.611321 0.827763 0.413844 0.435218 0.341897 0.496641 0.296099 0.263494 0.548360 0.609374 0.259900 0.264172 0.296919 0.263686 0.703914 0.571228 0.591431 0.389939 0.615948 0.393850 0.391677 0.432225 0.435318 0.987957
0.214532 0.153977 0.450310 0.320045 0.700916 0.596982 0.360619 0.217600 0.481202 0.352502 0.270068 0.117634 0.126692 0.000000 0.111948 0.103179 0.181484 0.149250 0.199171 0.194796 0.474821 0.800788 0.185763 0.257301 0.636820 0.706899 0.955549 0.953425 0.139900 0.135306 0.272299 0.287578 0.179553 0.217962 0.510531 0.652592 0.370212 0.446605 0.732435 0.610346 0.661435 0.442858 0.297236 0.277955 0.353283 0.299209 0.298837 0.273213 0.680873 0.468567 0.534836 0.429844 0.572233 0.640536 0.561535 0.623512 0.190301 0.168758 0.303267 0.305875 0.218474 0.193192 0.149224 0.107426 0.458399 0.357125 0.393342 0.394421 0.447687 0.294238 0.271735 0.363548 0.571596 0.664871 0.738494 0.619889 0.324513 0.244536 0.228744 0.270893 0.161874 0.177075 0.224575 0.234691 0.233516 0.302957 0.930807 0.968128 0.468899 0.466014 0.677122 0.749280 0.691062 0.919565 0.396842 0.461719 0.386350 0.445994 0.360905 0.286434 0.574341 0.706314 0.283699 0.292051 0.332048 0.291823 0.779162 0.602006 0.626073 0.439189 0.611462 0.409610 0.454047 0.417533 0.471764 0.983375
0.206526 0.193236 0.393496 0.282025 0.682833 0.574195 0.333877 0.219360 0.476255 0.351260 0.274319 0.138524 0.110753 0.111948 0.000000 0.117426 0.205387 0.169622 0.215131 0.224074 0.428179 0.783565 0.171418 0.272294 0.579149 0.633888 0.971054 0.991817 0.192744 0.152163 0.261707 0.304671 0.191161 0.228257 0.490648 0.696750 0.302040 0.424584 0.714725 0.593970 0.647931 0.472550 0.289955 0.262947 0.346084 0.284231 0.302293 0.263115 0.679661 0.434047 0.514775 0.380478 0.547233 0.584753 0.510772 0.566026 0.225734 0.191445 0.308923 0.291265 0.202682 0.174999 0.168535 0.134118 0.376720 0.310106 0.386521 0.386727 0.464705 0.304852 0.281634 0.332978 0.527736 0.615235 0.709589 0.620476 0.357594 0.269232 0.218822 0.274617 0.166953 0.177593 0.289279 0.242357 0.203338 0.287865 0.879411 0.922803 0.403673 0.390750 0.644553 0.713116 0.650465 0.878889 0.399569 0.418514 0.365759 0.501282 0.337902 0.278285 0.583846 0.670881 0.290471 0.285697 0.305783 0.297967 0.702600 0.568790 0.633079 0.443680 0.648737 0.389303 0.435988 0.431630 0.472154 0.982100
0.219642 0.198622 0.384211 0.270055 0.661583 0.562686 0.328073 0.212271 0.429539 0.339396 0.251680 0.129379 0.123161 0.103179 0.117426 0.000000 0.190293 0.149974 0.187635 0.195168 0.445617 0.808340 0.159677 0.250855 0.584317 0.637455 0.991235 0.989430 0.149354 0.130562 0.240476 0.265987 0.167268 0.200443 0.514965 0.699019 0.324938 0.441583 0.666821 0.545802 0.656638 0.425702 0.279244 0.250007 0.379529 0.313618 0.295023 0.274393 0.752675 0.485483 0.571387 0.449842 0.589240 0.646693 0.563292 0.619823 0.216136 0.193897 0.301893 0.303167 0.200282 0.177341 0.160936 0.120364 0.397055 0.295351 0.358872 0.369404 0.406766 0.280677 0.263246 0.315010 0.527916 0.639879 0.692698 0.616170 0.347056 0.233946 0.215741 0.255752 0.157474 0.164905 0.225507 0.199565 0.231815 0.282946 0.942660 0.942203 0.455019 0.428671 0.661946 0.730656 0.675561 0.881421 0.422892 0.442550 0.415798 0.501231 0.374660 0.306893 0.594592 0.638279 0.269769 0.267818 0.306026 0.277241 0.728178 0.659274 0.648590 0.439641 0.681522 0.422992 0.465152 0.432501 0.485830 0.998008
0.146134 0.146719 0.426579 0.366742 0.717127 0.603910 0.301585 0.223297 0.438863 0.306088 0.154449 0.110772 0.155442 0.181484 0.205387 0.190293 0.000000 0.092550 0.146092 0.141487 0.541842 0.807436 0.324241 0.466313 0.768601 0.780173 0.933892 0.872163 0.126003 0.109416 0.339936 0.328406 0.188078 0.156533 0.557592 0.674460 0.403641 0.472917 0.771007 0.611025 0.594254 0.478130 0.303040 0.239578 0.338221 0.272632 0.305319 0.280015 0.780082 0.485980 0.577447 0.434768 0.622558 0.677506 0.601285 0.629737 0.128669 0.132795 0.236378 0.243566 0.187891 0.196711 0.134252 0.117855 0.521907 0.346322 0.359877 0.348879 0.294582 0.198559 0.287004 0.292664 0.421830 0.463928 0.672930 0.526119 0.338897 0.259717 0.166944 0.167154 0.114924 0.168135 0.375416 0.285670 0.355897 0.506536 0.966394 0.882312 0.487637 0.610227 0.680896 0.740680 0.689932 0.840168 0.428193 0.458705 0.363786 0.465056 0.312057 0.256895 0.597994 0.639987 0.281931 0.261741 0.343182 0.285831 0.749524 0.632757 0.645911 0.387363 0.564025 0.365182 0.440392 0.349999 0.515059 0.850756
0.134161 0.119238 0.389995 0.326920 0.686245 0.552266 0.273411 0.198313 0.422436 0.306370 0.152169 0.089235 0.128325 0.149250 0.169622 0.149974 0.092550 0.000000 0.119865 0.114531 0.486148 0.830086 0.277521 0.418984 0.728768 0.760322 0.920752 0.910458 0.111004 0.090710 0.313994 0.317511 0.155201 0.150641 0.530415 0.684380 0.387276 0.446677 0.756333 0.600198 0.630104 0.453120 0.257280 0.200480 0.316071 0.241412 0.283186 0.240823 0.761484 0.464370 0.554661 0.419197 0.577120 0.644680 0.556741 0.620335 0.109420 0.114647 0.233034 0.232025 0.165325 0.183497 0.108591 0.094923 0.483587 0.331676 0.338597 0.336267 0.293767 0.206873 0.248335 0.243437 0.441582 0.488828 0.648552 0.584811 0.303482 0.213646 0.162778 0.170693 0.100940 0.146446 0.332778 0.253756 0.315444 0.461796 0.969949 0.873612 0.477835 0.576620 0.631534 0.703086 0.645558 0.828076 0.428642 0.450783 0.366432 0.490339 0.293772 0.243779 0.575856 0.629162 0.263393 0.241726 0.294223 0.272732 0.730886 0.643768 0.621458 0.379181 0.564413 0.341470 0.384243 0.369015 0.453192 0.913827
0.127791 0.168912 0.260927 0.225847 0.633184 0.557907 0.169441 0.160551 0.397458 0.292213 0.165033 0.132398 0.146322 0.199171 0.215131 0.187635 0.146092 0.119865 0.000000 0.126270 0.468155 0.821917 0.230634 0.399495 0.639593 0.663952 0.908620 0.819750 0.168283 0.127391 0.231547 0.274010 0.133093 0.122809 0.437605 0.627399 0.373874 0.402868 0.618115 0.569252 0.682207 0.475300 0.211500 0.179483 0.305176 0.241618 0.258410 0.194626 0.798047 0.444563 0.535073 0.405132 0.553150 0.555964 0.499072 0.631813 0.183197 0.185314 0.185505 0.191608 0.126814 0.194023 0.118940 0.132503 0.380002 0.245848 0.245245 0.239031 0.283967 0.182123 0.206943 0.233507 0.414938 0.446237 0.560121 0.606828 0.338331 0.259164 0.193663 0.193605 0.121573 0.142354 0.364262 0.249293 0.278078 0.424841 0.986949 0.861302 0.410364 0.556693 0.614608 0.701353 0.629863 0.811760 0.466677 0.478248 0.337339 0.495145 0.307024 0.259671 0.548196 0.551815 0.279041 0.237522 0.301831 0.260459 0.650807 0.604244 0.552056 0.366846 0.550139 0.371186 0.399097 0.435698 0.452388 0.938911
0.142924 0.161740 0.324930 0.273643 0.758552 0.557790 0.261090 0.198803 0.367739 0.342334 0.159750 0.117716 0.165595 0.194796 0.224074 0.195168 0.141487 0.114531 0.126270 0.000000 0.486683 0.832188 0.271176 0.392847 0.629687 0.647962 0.930379 0.898055 0.160878 0.116052 0.252736 0.256732 0.168253 0.149260 0.496478 0.642370 0.378314 0.453135 0.725870 0.624022 0.606162 0.560742 0.255127 0.225065 0.352340 0.267731 0.279859 0.261999 0.807540 0.458878 0.577258 0.450359 0.581159 0.652405 0.547103 0.599824 0.178026 0.168470 0.248261 0.233944 0.186521 0.204923 0.154382 0.144396 0.457921 0.316240 0.311208 0.310848 0.275359 0.196378 0.236320 0.266255 0.366639 0.399477 0.653370 0.584122 0.331838 0.245906 0.176406 0.163320 0.130170 0.149216 0.400195 0.296709 0.330515 0.469714 0.959117 0.873130 0.422736 0.584882 0.647561 0.748146 0.670258 0.867095 0.441005 0.528133 0.387130 0.574720 0.333028 0.283093 0.551866 0.639121 0.321239 0.283875 0.342684 0.279715 0.701088 0.653550 0.577514 0.361471 0.574824 0.394124 0.429448 0.435609 0.448873 0.920938
0.515150 0.540682 0.457567 0.412683 0.681713 0.723126 0.468433 0.455438 0.692034 0.578148 0.548104 0.511711 0.439352 0.474821 0.428179 0.445617 0.541842 0.486148 0.468155 0.486683 0.000000 0.797635 0.386844 0.437927 0.512589 0.623734 0.964730 0.991105 0.534195 0.476526 0.448481 0.537499 0.463691 0.460873 0.613952 0.822460 0.491794 0.559715 0.678041 0.738213 0.715605 0.597358 0.501908 0.490609 0.637624 0.568084 0.532616 0.492403 0.913756 0.633355 0.763441 0.669683 0.803665 0.667433 0.513252 0.712963 0.579884 0.533855 0.529959 0.521629 0.497213 0.525790 0.476512 0.474052 0.489640 0.536180 0.531785 0.548927 0.652614 0.605568 0.502711 0.514563 0.636132 0.768957 0.730174 0.928356 0.582817 0.521542 0.489732 0.558594 0.475742 0.429046 0.547300 0.473086 0.435209 0.518860 0.987941 0.947908 0.672039 0.553253 0.709173 0.757998 0.676407 0.885016 0.623179 0.564819 0.574876 0.751120 0.662599 0.556591 0.766601 0.681654 0.512295 0.531306 0.487040 0.442123 0.825172 0.786598 0.551038 0.635663 0.805846 0.687227 0.569380 0.671380 0.623618 0.877244
0.836123 0.842458 0.809998 0.741075 0.924696 0.856966 0.816521 0.768752 0.934529 0.740688 0.924941 0.808895 0.845090 0.800788 0.783565 0.808340 0.807436 0.830086 0.821917 0.832188 0.797635 0.000000 0.737054 0.782261 0.909847 0.815474 0.883124 0.913221 0.787023 0.780133 0.781828 0.777174 0.784765 0.771544 0.763207 0.743155 0.706390 0.723238 0.850623 0.742527 0.824881 0.767118 0.720178 0.741887 0.781932 0.798562 0.864105 0.853852 0.816063 0.825668 0.876298 0.777976 0.827872 0.770015 0.810317 0.854622 0.883874 0.872485 0.814499 0.882385 0.867734 0.848549 0.855788 0.827243 0.817339 0.805932 0.791385 0.798940 0.923601 0.749066 0.769402 0.819187 0.828548 0.891266 0.803458 0.682868 0.844681 0.808526 0.820726 0.783451 0.796241 0.784385 0.783296 0.741693 0.793168 0.775031 0.959121 0.837507 0.762630 0.830882 0.916403 0.927161 0.907544 0.890136 0.814136 0.713255 0.870027 0.815712 0.774328 0.741867 0.794394 0.765885 0.811589 0.681666 0.773653 0.727262 0.979109 0.813408 0.915921 0.820561 0.888296 0.779198 0.853620 0.850101 0.808961 0.976684
0.265685 0.300137 0.248652 0.168356 0.671232 0.540842 0.256290 0.191388 0.426452 0.356334 0.349513 0.232110 0.174651 0.185763 0.171418 0.159677 0.324241 0.277521 0.230634 0.271176 0.386844 0.737054 0.000000 0.201019 0.455093 0.458216 0.961353 0.995343 0.276094 0.238502 0.154665 0.233416 0.177099 0.225491 0.412260 0.632903 0.274711 0.412594 0.570316 0.565080 0.760173 0.456907 0.278524 0.293251 0.404911 0.357881 0.312154 0.288157 0.801172 0.496997 0.585275 0.454511 0.524874 0.527064 0.456693 0.572346 0.374503 0.332500 0.325865 0.319994 0.226151 0.245979 0.228466 0.221879 0.242386 0.233890 0.294247 0.309319 0.517787 0.331335 0.251732 0.353084 0.524760 0.635966 0.654232 0.746157 0.384821 0.306764 0.287559 0.361583 0.211946 0.186153 0.316062 0.215993 0.144883 0.203192 0.929656 0.897406 0.343978 0.359500 0.599236 0.672880 0.589256 0.823139 0.433462 0.444106 0.408644 0.570946 0.408948 0.339125 0.554666 0.606184 0.331348 0.319185 0.363644 0.279903 0.742407 0.560809 0.638144 0.484402 0.707187 0.476253 0.468978 0.546143 0.475937 0.993917
0.456127 0.447572 0.423472 0.321811 0.720017 0.737415 0.504200 0.398062 0.641121 0.572288 0.498653 0.370201 0.304959 0.257301 0.272294 0.250855 0.466313 0.418984 0.399495 0.392847 0.437927 0.782261 0.201019 0.000000 0.363610 0.513311 0.990911 0.900035 0.359388 0.343289 0.292427 0.286166 0.329233 0.385465 0.530710 0.732083 0.407594 0.548670 0.588175 0.668046 0.849086 0.597170 0.495581 0.497864 0.645893 0.599151 0.497550 0.486538 0.888011 0.683333 0.791225 0.683831 0.738544 0.773823 0.604393 0.719586 0.519214 0.474200 0.556048 0.534665 0.429998 0.411902 0.380330 0.368656 0.411466 0.412868 0.512537 0.563730 0.643557 0.484300 0.436907 0.571291 0.641470 0.780025 0.810014 0.786242 0.532768 0.449875 0.411502 0.473659 0.366102 0.307153 0.311291 0.291885 0.282797 0.213514 0.827276 0.724259 0.486186 0.406604 0.834605 0.930195 0.829407 0.933822 0.520212 0.611816 0.638964 0.621559 0.666174 0.553607 0.723972 0.848366 0.532392 0.500299 0.517679 0.492752 0.875961 0.778938 0.722379 0.669007 0.804804 0.641865 0.731485 0.615073 0.644921 0.926760
0.716455 0.721928 0.498062 0.475585 0.969950 0.875738 0.682697 0.669246 0.700270 0.854125 0.771065 0.701789 0.629109 0.636820 0.579149 0.584317 0.768601 0.728768 0.639593 0.629687 0.512589 0.909847 0.455093 0.363610 0.000000 0.362618 0.859964 0.938805 0.694101 0.655131 0.422683 0.551155 0.620455 0.655414 0.598559 0.869880 0.544323 0.770060 0.576817 0.855374 0.864197 0.870461 0.685430 0.717496 0.867383 0.814856 0.643956 0.654789 0.952733 0.780397 0.994558 0.856596 0.921103 0.931023 0.682690 0.817810 0.825891 0.736472 0.782998 0.700075 0.703785 0.706604 0.738132 0.727015 0.488075 0.589926 0.706061 0.695607 0.734569 0.730679 0.650657 0.714934 0.597171 0.734268 0.842719 0.967706 0.718954 0.737360 0.691486 0.675260 0.668325 0.568147 0.714420 0.604193 0.545553 0.463631 0.878523 0.856679 0.713973 0.525561 0.944054 0.997257 0.888029 0.943309 0.687087 0.820762 0.818198 0.896775 0.877427 0.825035 0.928046 0.965953 0.877914 0.748704 0.728284 0.718348 0.871367 0.857486 0.741797 0.764778 0.859159 0.867471 0.914508 0.889154 0.827582 0.882735
0.709424 0.803261 0.376135 0.375721 0.960142 0.615034 0.559018 0.590368 0.679260 0.690510 0.720819 0.712989 0.664252 0.706899 0.633888 0.637455 0.780173 0.760322 0.663952 0.647962 0.623734 0.815474 0.458216 0.513311 0.362618 0.000000 0.741320 0.785666 0.728093 0.679587 0.396153 0.503079 0.572073 0.599589 0.433900 0.787533 0.565385 0.842047 0.565760 0.668777 0.920125 0.812534 0.576137 0.631699 0.779439 0.717081 0.528078 0.573446 0.965209 0.720436 0.872723 0.750592 0.693748 0.763596 0.566558 0.584862 0.896021 0.824327 0.643480 0.619175 0.637078 0.667819 0.729500 0.754997 0.349152 0.413232 0.498360 0.494118 0.771110 0.642363 0.677695 0.704837 0.581677 0.671248 0.693096 0.883726 0.692375 0.757700 0.677308 0.681930 0.647841 0.562614 0.810527 0.631509 0.507035 0.494378 0.922309 0.851440 0.559848 0.458543 0.817463 0.885951 0.761572 0.952672 0.652770 0.825367 0.740094 0.891105 0.785373 0.700882 0.782101 0.798573 0.772950 0.670009 0.743663 0.656139 0.844851 0.806630 0.839575 0.705445 0.987292 0.830530 0.768416 0.901684 0.674786 0.989007
0.886142 0.927252 0.973498 0.990788 0.907473 0.990182 0.901334 0.890956 0.931741 0.872639 0.901212 0.921942 0.953747 0.955549 0.971054 0.991235 0.933892 0.920752 0.908620 0.930379 0.964730 0.883124 0.961353 0.990911 0.859964 0.741320 0.000000 0.859660 0.980117 0.942610 0.893986 0.919864 0.943410 0.969471 0.948989 0.952771 0.978692 0.910489 0.919000 0.900867 0.910614 0.957872 0.973670 0.945113 0.933533 0.937216 0.964403 0.986129 0.970000 0.969105 0.850937 0.965944 0.975789 0.952641 0.918932 0.956400 0.936385 0.985536 0.956853 0.974391 0.901543 0.883314 0.895707 0.896710 0.956794 0.982449 0.940103 0.975838 0.948393 0.984260 0.956531 0.935729 0.964135 0.940625 0.949933 0.850780 0.996722 0.859639 0.968779 0.917168 0.927715 0.927477 0.951282 0.997581 0.992698 0.954911 0.928868 0.885059 0.874866 0.911214 0.778367 0.827322 0.808426 0.826801 0.900691 0.837577 0.916568 0.899006 0.831539 0.894318 0.912653 0.987512 0.866686 0.972465 0.804518 0.977326 0.928841 0.945616 0.819639 0.798444 0.878607 0.936192 0.826564 0.965896 0.990233 0.918369
0.849237 0.898950 0.888298 0.981123 0.789547 0.732111 0.840800 0.929980 0.849705 0.941631 0.823307 0.962194 0.936158 0.953425 0.991817 0.989430 0.872163 0.910458 0.819750 0.898055 0.991105 0.913221 0.995343 0.900035 0.938805 0.785666 0.859660 0.000000 0.933728 0.900241 0.980218 0.980928 0.962544 0.847630 0.991589 0.931665 0.898970 0.839669 0.787282 0.886423 0.926408 0.961612 0.930475 0.894929 0.887733 0.873852 0.966795 0.850660 0.928777 0.851493 0.919254 0.857559 0.931230 0.846869 0.960696 0.935293 0.850115 0.894536 0.882337 0.882766 0.835623 0.889237 0.926196 0.936172 0.954789 0.927306 0.876842 0.900276 0.835011 0.847400 0.908008 0.856449 0.778421 0.744061 0.944439 0.969678 0.999163 0.988707 0.927726 0.844017 0.917910 0.949944 0.959354 0.956406 0.990713 0.941539 0.914187 0.961167 0.886990 0.949372 0.969703 0.976321 0.984149 0.921797 0.998709 0.908829 0.952701 0.897124 0.910614 0.985416 0.839497 0.893939 0.867854 0.939479 0.940197 0.922775 0.798192 0.991428 0.941931 0.947264 0.792621 0.930792 0.985439 0.951755 0.986129 0.976480
0.201349 0.150132 0.437402 0.355979 0.668381 0.597352 0.337149 0.245616 0.429235 0.343714 0.209222 0.124719 0.163919 0.139900 0.192744 0.149354 0.126003 0.111004 0.168283 0.160878 0.534195 0.787023 0.276094 0.359388 0.694101 0.728093 0.980117 0.933728 0.000000 0.110444 0.305768 0.291713 0.167554 0.167610 0.539877 0.676184 0.411542 0.514035 0.721825 0.587787 0.700107 0.450257 0.297815 0.242277 0.372739 0.294021 0.285880 0.252056 0.748677 0.503710 0.582281 0.450724 0.605028 0.676403 0.577317 0.626972 0.148198 0.160244 0.266630 0.282134 0.201787 0.195101 0.139423 0.126735 0.494620 0.334050 0.359394 0.353251 0.312731 0.211776 0.289183 0.349308 0.460078 0.526868 0.693560 0.567812 0.352122 0.243047 0.197300 0.198248 0.124912 0.169211 0.309422 0.242618 0.312876 0.402295 0.984500 0.955456 0.506843 0.538202 0.726949 0.779460 0.724846 0.920805 0.413940 0.508465 0.432471 0.476953 0.368702 0.285077 0.583392 0.640776 0.287810 0.244435 0.332861 0.309677 0.782979 0.724836 0.709479 0.438597 0.541790 0.421423 0.472827 0.342725 0.484726 0.923044
0.154534 0.159318 0.339711 0.267900 0.710197 0.581819 0.261796 0.190434 0.403047 0.292122 0.157958 0.098149 0.128794 0.135306 0.152163 0.130562 0.109416 0.090710 0.127391 0.116052 0.476526 0.780133 0.238502 0.343289 0.655131 0.679587 0.942610 0.900241 0.110444 0.000000 0.254607 0.244387 0.143035 0.129390 0.486601 0.675816 0.339514 0.451212 0.718499 0.594367 0.649323 0.494895 0.271394 0.212191 0.358708 0.272514 0.297109 0.235708 0.813318 0.476585 0.587021 0.449162 0.585650 0.645416 0.536894 0.589901 0.157197 0.156720 0.238596 0.247840 0.162882 0.165111 0.126276 0.106836 0.428861 0.276921 0.313712 0.314016 0.292122 0.193789 0.277291 0.295252 0.413049 0.476884 0.620268 0.560602 0.349364 0.222303 0.148690 0.169577 0.108239 0.128862 0.316661 0.217263 0.299456 0.403205 0.909649 0.975282 0.442476 0.553469 0.680705 0.754497 0.701587 0.877238 0.413811 0.477937 0.404743 0.505708 0.347395 0.269529 0.583731 0.613340 0.288063 0.237681 0.314086 0.262199 0.711917 0.669960 0.633113 0.349221 0.572347 0.376883 0.424688 0.383956 0.489740 0.963598
0.282951 0.345006 0.212471 0.178237 0.827468 0.577649 0.251225 0.248521 0.420563 0.391852 0.320529 0.282153 0.243188 0.272299 0.261707 0.240476 0.339936 0.313994 0.231547 0.252736 0.448481 0.781828 0.154665 0.292427 0.422683 0.396153 0.893986 0.980218 0.305768 0.254607 0.000000 0.197462 0.196277 0.226424 0.429288 0.700240 0.313687 0.493864 0.534248 0.594032 0.752369 0.601780 0.297676 0.298128 0.464849 0.399681 0.331138 0.301454 0.895792 0.552487 0.668259 0.541143 0.564377 0.592395 0.471707 0.564836 0.404721 0.369072 0.321916 0.326319 0.245127 0.303647 0.285741 0.293130 0.274782 0.228696 0.283450 0.302096 0.418973 0.303887 0.307247 0.365122 0.408873 0.491450 0.612919 0.716956 0.438380 0.350412 0.328012 0.306038 0.258776 0.220735 0.434963 0.293351 0.246350 0.329025 0.908621 0.990106 0.324625 0.457904 0.709352 0.790111 0.696042 0.888235 0.487223 0.566890 0.395859 0.635336 0.482322 0.425593 0.602595 0.569827 0.438725 0.382987 0.450292 0.307970 0.682554 0.643815 0.664369 0.461893 0.732652 0.562341 0.541286 0.557097 0.538313 0.997874
0.344058 0.393399 0.339351 0.269181 0.859379 0.636886 0.346278 0.317046 0.534027 0.424657 0.344580 0.302465 0.304628 0.287578 0.304671 0.265987 0.328406 0.317511 0.274010 0.256732 0.537499 0.777174 0.233416 0.286166 0.551155 0.503079 0.919864 0.980928 0.291713 0.244387 0.197462 0.000000 0.258311 0.230675 0.528506 0.692630 0.443910 0.633818 0.605110 0.614908 0.838424 0.650066 0.386588 0.371130 0.554965 0.486965 0.436259 0.351290 0.988033 0.665705 0.778298 0.663239 0.674766 0.701484 0.562197 0.678478 0.421452 0.423497 0.392296 0.420011 0.322740 0.367261 0.292186 0.315919 0.414576 0.302536 0.356068 0.383918 0.464789 0.339567 0.416879 0.473726 0.472184 0.573323 0.624700 0.680261 0.516356 0.355080 0.285507 0.322414 0.255391 0.222110 0.391076 0.236037 0.324632 0.323700 0.856196 0.876594 0.381134 0.540724 0.823335 0.931186 0.811490 0.963602 0.529674 0.601252 0.535619 0.635096 0.584009 0.475428 0.693505 0.689334 0.495235 0.405208 0.539522 0.398026 0.759115 0.804794 0.746576 0.529953 0.744453 0.586453 0.658475 0.565163 0.599709 0.943990
0.153190 0.209140 0.224232 0.177201 0.642540 0.523260 0.173190 0.142363 0.374028 0.276519 0.213476 0.144924 0.150619 0.179553 0.191161 0.167268 0.188078 0.155201 0.133093 0.168253 0.463691 0.784765 0.177099 0.329233 0.620455 0.572073 0.943410 0.962544 0.167554 0.143035 0.196277 0.258311 0.000000 0.126475 0.395907 0.612808 0.331593 0.414595 0.623772 0.515355 0.719475 0.488656 0.215894 0.198045 0.311228 0.242842 0.253776 0.223696 0.751310 0.467947 0.518887 0.406811 0.517744 0.517588 0.429366 0.496494 0.236544 0.218110 0.185169 0.212822 0.131535 0.185654 0.135740 0.143290 0.298441 0.197055 0.214290 0.207343 0.350496 0.177829 0.230350 0.260834 0.412703 0.497230 0.581478 0.678298 0.315057 0.239124 0.182276 0.223169 0.125126 0.127970 0.369930 0.231130 0.205600 0.326214 0.919820 0.961273 0.345436 0.450147 0.571190 0.621474 0.567730 0.756898 0.417378 0.463806 0.374826 0.519954 0.289422 0.238674 0.498818 0.465657 0.256079 0.211509 0.273295 0.284469 0.732737 0.583419 0.627707 0.386012 0.576279 0.374996 0.395569 0.396089 0.462134 0.982013
0.157340 0.225585 0.253106 0.195964 0.697003 0.525856 0.170274 0.142429 0.382251 0.268657 0.196155 0.163742 0.178403 0.217962 0.228257 0.200443 0.156533 0.150641 0.122809 0.149260 0.460873 0.771544 0.225491 0.385465 0.655414 0.599589 0.969471 0.847630 0.167610 0.129390 0.226424 0.230675 0.126475 0.000000 0.372855 0.618831 0.332492 0.418284 0.587118 0.526149 0.700620 0.485163 0.225052 0.193579 0.311058 0.251734 0.256842 0.213191 0.811628 0.461735 0.549268 0.417062 0.504214 0.547491 0.433742 0.525769 0.219828 0.213991 0.179925 0.208507 0.137449 0.183680 0.136534 0.148510 0.317903 0.193214 0.179959 0.193644 0.331228 0.173535 0.262963 0.284274 0.403417 0.485787 0.598505 0.619839 0.345509 0.261850 0.164216 0.206472 0.109042 0.118489 0.367488 0.222820 0.239846 0.369955 0.990759 0.931881 0.360407 0.488068 0.572397 0.654894 0.572487 0.764395 0.445946 0.431911 0.339636 0.483764 0.311742 0.238973 0.484214 0.487179 0.237654 0.203969 0.289633 0.234520 0.721614 0.595065 0.642052 0.378641 0.556320 0.354470 0.386001 0.373194 0.475052 0.950275
0.481881 0.564345 0.369108 0.312154 0.798075 0.606268 0.373511 0.372027 0.502186 0.403311 0.545621 0.512017 0.515122 0.510531 0.490648 0.514965 0.557592 0.530415 0.437605 0.496478 0.613952 0.763207 0.412260 0.530710 0.598559 0.433900 0.948989 0.991589 0.539877 0.486601 0.429288 0.528506 0.395907 0.372855 0.000000 0.574594 0.524839 0.553697 0.657213 0.682016 0.870096 0.611807 0.401648 0.453914 0.474352 0.465903 0.475985 0.420682 0.805198 0.542750 0.613283 0.530863 0.526590 0.596301 0.469095 0.506019 0.603458 0.586062 0.434884 0.441941 0.417140 0.449335 0.496393 0.502981 0.297334 0.321949 0.313104 0.340833 0.554361 0.467643 0.502581 0.585149 0.484917 0.597881 0.690449 0.746807 0.477894 0.532733 0.538862 0.570199 0.435814 0.387421 0.626291 0.509766 0.398211 0.484300 0.988120 0.951502 0.571563 0.507390 0.561327 0.611144 0.550252 0.652627 0.735894 0.611386 0.501804 0.567715 0.452476 0.396490 0.503485 0.639594 0.470272 0.422247 0.449872 0.430236 0.775312 0.540922 0.775565 0.625577 0.619389 0.432915 0.551651 0.729874 0.581563 0.971060
0.651607 0.649671 0.658701 0.616638 0.807813 0.833011 0.645095 0.573543 0.710701 0.657758 0.689079 0.648902 0.666249 0.652592 0.696750 0.699019 0.674460 0.684380 0.627399 0.642370 0.822460 0.743155 0.632903 0.732083 0.869880 0.787533 0.952771 0.931665 0.676184 0.675816 0.700240 0.692630 0.612808 0.618831 0.574594 0.000000 0.743235 0.521719 0.860290 0.649717 0.916136 0.759943 0.609310 0.671626 0.688135 0.702675 0.731860 0.611692 0.916466 0.779710 0.752876 0.669587 0.703793 0.725570 0.857781 0.849363 0.676680 0.685257 0.631117 0.634783 0.651776 0.673050 0.618760 0.637049 0.728091 0.708764 0.585332 0.595955 0.840559 0.649350 0.646622 0.787250 0.813556 0.889852 0.872135 0.678700 0.705434 0.751199 0.654499 0.726568 0.625301 0.654364 0.682114 0.724214 0.665329 0.702940 0.853560 0.901899 0.725304 0.673634 0.784309 0.809953 0.813631 0.824789 0.786415 0.616940 0.668827 0.593680 0.645637 0.656210 0.645559 0.746768 0.603610 0.559648 0.722024 0.650080 0.696937 0.666666 0.831186 0.793515 0.629639 0.728728 0.727035 0.809221 0.626473 0.967766
0.340243 0.371997 0.372765 0.307401 0.840438 0.595454 0.394599 0.353034 0.461549 0.494463 0.446184 0.358788 0.306580 0.370212 0.302040 0.324938 0.403641 0.387276 0.373874 0.378314 0.491794 0.706390 0.274711 0.407594 0.544323 0.565385 0.978692 0.898970 0.411542 0.339514 0.313687 0.443910 0.331593 0.332492 0.524839 0.743235 0.000000 0.392788 0.631410 0.629934 0.737746 0.524727 0.376732 0.376908 0.418583 0.369993 0.389546 0.356003 0.667210 0.426899 0.519543 0.417733 0.541077 0.574802 0.504460 0.463604 0.425618 0.383342 0.367075 0.372637 0.333596 0.336638 0.367740 0.347368 0.343928 0.375989 0.390639 0.406385 0.575755 0.387872 0.361255 0.396235 0.599844 0.623971 0.668089 0.646244 0.421894 0.425096 0.388205 0.411881 0.337754 0.312108 0.535821 0.320228 0.267736 0.356739 0.966376 0.873265 0.375565 0.389748 0.614476 0.689200 0.605822 0.746262 0.432680 0.537319 0.411494 0.544113 0.405304 0.402733 0.533014 0.629033 0.331092 0.424958 0.375898 0.307832 0.788338 0.552399 0.665406 0.558979 0.773630 0.526494 0.534513 0.595745 0.504744 0.884266
0.402398 0.443636 0.458627 0.434734 0.681834 0.822189 0.437703 0.398457 0.531542 0.513551 0.476718 0.436226 0.387860 0.446605 0.424584 0.441583 0.472917 0.446677 0.402868 0.453135 0.559715 0.723238 0.412594 0.548670 0.770060 0.842047 0.910489 0.839669 0.514035 0.451212 0.493864 0.633818 0.414595 0.418284 0.553697 0.521719 0.392788 0.000000 0.696382 0.629013 0.813376 0.588071 0.357570 0.395532 0.455615 0.421087 0.508563 0.447735 0.694918 0.497669 0.508915 0.463037 0.631258 0.560433 0.615478 0.640898 0.448695 0.457862 0.433430 0.431075 0.364961 0.402361 0.387793 0.391829 0.422144 0.459678 0.440000 0.479392 0.655540 0.471468 0.451281 0.572166 0.715408 0.697372 0.874843 0.740923 0.480644 0.523058 0.497407 0.509908 0.446968 0.460528 0.515121 0.478715 0.404178 0.524456 0.904922 0.950527 0.516111 0.564484 0.583372 0.646800 0.674388 0.718708 0.526156 0.418254 0.466368 0.564089 0.426169 0.436640 0.574454 0.610528 0.369213 0.381970 0.436863 0.376184 0.681530 0.502289 0.563959 0.544039 0.651920 0.565580 0.563147 0.656749 0.418779 0.954926
