0.000000 0.293443 0.976256 0.834801 0.887562 0.825707 0.837263 0.626426 0.851666 0.537329 0.363312 0.396140 0.616310 0.615016 0.738903 0.948247 0.337346 0.296492 0.475367 0.423504 0.744145 0.937797 0.874086 0.918057 0.986348 0.946130 0.993638 0.918850 0.389505 0.442559 0.731411 0.790509 0.588252 0.577609 0.864936 0.944058 0.729301 0.978915 0.902805 0.839252 0.670109 0.750794 0.824178 0.734074 0.837814 0.677150 0.676242 0.665203 0.476892 0.615792 0.766862 0.776561 0.837147 0.998071 0.853263 0.766529 0.371053 0.413572 0.491292 0.576752 0.651529 0.754949 0.369709 0.357068 0.858529 0.778860 0.981784 0.953483 0.658082 0.747662 0.850539 0.840290 0.751320 0.850656 0.944014 0.861561 0.759076 0.818747 0.642284 0.494800 0.347757 0.339257 0.535718 0.579170 0.549889 0.814262 0.802064 0.930217 0.856142 0.570914 0.993719 0.727242 0.802395 0.625640 0.965764 0.975841 0.815480 0.867950 0.732380 0.827757 0.983023 0.974061 0.753268 0.754112 0.985464 0.881475 0.810694 0.919310 0.815597 0.884579 0.906448 0.866185 0.697445 0.872778 0.901782 0.879752
0.293443 0.000000 0.903227 0.948744 0.769052 0.714279 0.990826 0.648698 0.731475 0.635304 0.515437 0.464041 0.787279 0.699901 0.953351 0.946009 0.347848 0.355650 0.586712 0.417467 0.789960 0.890017 0.986459 0.813072 0.909326 0.975089 0.887144 0.845763 0.429458 0.517823 0.827530 0.829844 0.712035 0.623064 0.892376 0.949817 0.751864 0.996738 0.901069 0.741279 0.644154 0.801991 0.905375 0.761625 0.832438 0.673322 0.689258 0.728920 0.432842 0.649518 0.843102 0.880472 0.936738 0.884863 0.828405 0.773414 0.300038 0.266016 0.603864 0.600802 0.762439 0.739552 0.505299 0.416503 0.756928 0.749038 0.849850 0.962082 0.681222 0.632340 0.986047 0.993492 0.851407 0.997626 0.986603 0.846324 0.849346 0.857808 0.683436 0.562121 0.370172 0.333808 0.621137 0.528219 0.585955 0.835702 0.778973 0.863699 0.986888 0.631456 0.804736 0.582502 0.713945 0.525773 0.932396 0.997925 0.886748 0.831529 0.827580 0.945002 0.949583 0.821001 0.822947 0.908687 0.954152 0.951475 0.694066 0.813513 0.870003 0.926697 0.931755 0.933182 0.730590 0.871501 0.980650 0.838130
0.976256 0.903227 0.000000 0.406843 0.781982 0.729926 0.366184 0.577220 0.641807 0.742069 0.917804 0.985015 0.670546 0.917109 0.685251 0.824427 0.947909 0.977571 0.930326 0.964942 0.966226 0.991534 0.667949 0.917050 0.920894 0.504012 0.983380 0.926728 0.829956 0.849503 0.526100 0.595097 0.541785 0.682374 0.561458 0.902667 0.942785 0.900309 0.847131 0.831735 0.997595 0.899403 0.586017 0.594850 0.532475 0.587334 0.699797 0.578676 0.780521 0.555635 0.492242 0.505749 0.531735 0.483331 0.778621 0.798577 0.923557 0.825968 0.908112 0.998980 0.616551 0.726893 0.893874 0.944017 0.416703 0.689157 0.447729 0.541028 0.877366 0.930231 0.877778 0.847053 0.800318 0.641464 0.754689 0.988907 0.758852 0.645464 0.875697 0.927458 0.913522 0.879687 0.962528 0.966051 0.886313 0.992922 0.692619 0.988829 0.723897 0.990802 0.588897 0.599557 0.621554 0.688744 0.685644 0.925685 0.815346 0.831018 0.663039 0.603243 0.668913 0.585485 0.724029 0.581707 0.536910 0.546364 0.891565 0.813883 0.942920 0.934813 0.754975 0.758860 0.595160 0.769465 0.625429 0.928751
0.834801 0.948744 0.406843 0.000000 0.873111 0.754462 0.462307 0.481308 0.699752 0.636731 0.774365 0.746277 0.664949 0.738029 0.617475 0.760098 0.831712 0.867494 0.824917 0.783463 0.997453 0.945985 0.638351 0.826179 0.945614 0.660539 0.914074 0.978069 0.772823 0.823755 0.617439 0.691618 0.555317 0.686630 0.711431 0.885882 0.914429 0.832113 0.896897 0.945818 0.982056 0.896437 0.638175 0.626877 0.571090 0.570514 0.739578 0.613806 0.687441 0.490581 0.551972 0.545324 0.605725 0.625750 0.748172 0.879406 0.966382 0.970596 0.746292 0.908287 0.605648 0.533659 0.782057 0.816089 0.490909 0.637952 0.531807 0.633726 0.993542 0.863428 0.843325 0.818201 0.769722 0.727319 0.747360 0.996596 0.634803 0.778213 0.827849 0.973704 0.861026 0.938286 0.892013 0.895525 0.757734 0.802830 0.822079 0.937438 0.777393 0.768572 0.673494 0.731249 0.653307 0.786891 0.674826 0.995132 0.701679 0.851270 0.665394 0.653070 0.744269 0.706257 0.719707 0.691513 0.601060 0.635295 0.919930 0.847545 0.927984 0.977628 0.795716 0.757615 0.638554 0.927152 0.786795 0.957314
0.887562 0.769052 0.781982 0.873111 0.000000 0.793944 0.946213 0.919329 0.813369 0.874250 0.886560 0.848297 0.957618 0.961271 0.824747 0.809416 0.782626 0.814554 0.857704 0.820443 0.964570 0.889829 0.785111 0.724113 0.941905 0.820781 0.779859 0.874654 0.840133 0.924340 0.914805 0.915918 0.959590 0.893359 0.991429 0.991489 0.866370 0.945889 0.992172 0.875830 0.925735 0.907592 0.993946 0.982322 0.924987 0.909779 0.946733 0.990075 0.917143 0.995508 0.970181 0.940139 0.898108 0.964217 0.892428 0.812626 0.807091 0.723629 0.915957 0.903364 0.979624 0.994571 0.873295 0.844217 0.777547 0.835068 0.924646 0.985070 0.953598 0.883158 0.919548 0.889373 0.965404 0.976112 0.995651 0.951122 0.882857 0.872323 0.756485 0.968971 0.828301 0.803494 0.908844 0.838147 0.845900 0.819260 0.919389 0.971244 0.822790 0.859431 0.867481 0.791847 0.890961 0.792541 0.975137 0.950514 0.876117 0.931442 0.921806 0.988853 0.928696 0.824427 0.843629 0.997877 0.923686 0.877388 0.776095 0.851190 0.912703 0.926109 0.982775 0.924656 0.983378 0.914272 0.769646 0.765171
0.825707 0.714279 0.729926 0.754462 0.793944 0.000000 0.635142 0.711556 0.594896 0.799512 0.983309 0.999480 0.880985 0.966054 0.861094 0.795802 0.881551 0.803682 0.791050 0.763152 0.868464 0.926789 0.921892 0.998394 0.857237 0.814877 0.794675 0.818439 0.914926 0.947315 0.857646 0.823977 0.809761 0.975010 0.792675 0.954444 0.939638 0.880372 0.896214 0.916856 0.768499 0.886276 0.587102 0.695733 0.717009 0.769978 0.913188 0.843503 0.973751 0.820068 0.685501 0.697636 0.733426 0.638590 0.948279 0.890770 0.668547 0.573951 0.886037 0.980223 0.728675 0.754450 0.953901 0.990902 0.658278 0.584644 0.564424 0.599718 0.538213 0.852271 0.783699 0.713691 0.950365 0.811178 0.696574 0.950459 0.708316 0.799716 0.983574 0.945980 0.948913 0.739440 0.788013 0.827405 0.819726 0.921358 0.890301 0.792618 0.975508 0.865704 0.628960 0.595522 0.579598 0.589822 0.877891 0.848230 0.790903 0.767973 0.690943 0.613813 0.650725 0.682027 0.775807 0.774413 0.751342 0.640388 0.797216 0.677373 0.862500 0.978482 0.753015 0.633458 0.838168 0.870966 0.759806 0.933738
0.837263 0.990826 0.366184 0.462307 0.946213 0.635142 0.000000 0.427917 0.610056 0.432635 0.656293 0.781593 0.488165 0.769050 0.575014 0.763173 0.716073 0.753643 0.685944 0.929733 0.965899 0.976567 0.773703 0.939282 0.912436 0.734072 0.811126 0.967102 0.672471 0.618596 0.471815 0.518830 0.389062 0.473690 0.681375 0.961589 0.853768 0.751741 0.849372 0.914397 0.929013 0.922556 0.362131 0.403501 0.362420 0.449855 0.593150 0.418050 0.666388 0.506443 0.342490 0.394347 0.397458 0.373721 0.664538 0.673186 0.996657 0.851116 0.716710 0.982740 0.407098 0.625441 0.636351 0.668984 0.602459 0.740819 0.294129 0.428587 0.850991 0.977100 0.582571 0.532693 0.584879 0.503094 0.779393 0.913240 0.530815 0.532514 0.600537 0.764114 0.702376 0.986524 0.880110 0.822885 0.960360 0.841385 0.809639 0.885037 0.807160 0.849732 0.501950 0.546518 0.598746 0.659873 0.717471 0.760814 0.618218 0.692668 0.446186 0.350790 0.478446 0.475130 0.510871 0.399219 0.587228 0.493608 0.908688 0.713586 0.767366 0.911813 0.684458 0.541253 0.527657 0.725070 0.595250 0.979153
0.626426 0.648698 0.577220 0.481308 0.919329 0.711556 0.427917 0.000000 0.780639 0.358180 0.547245 0.459524 0.505316 0.501704 0.668658 0.755981 0.575583 0.657038 0.774051 0.726216 0.981888 0.981304 0.902702 0.905450 0.926325 0.740070 0.707151 0.792006 0.561714 0.614338 0.604996 0.619033 0.496264 0.478323 0.779250 0.980729 0.804074 0.825282 0.872330 0.926628 0.994116 0.918223 0.372175 0.375183 0.355241 0.337475 0.514350 0.405468 0.373948 0.333178 0.369995 0.395430 0.515661 0.571391 0.681121 0.639767 0.821494 0.842903 0.461500 0.692820 0.340536 0.329882 0.477540 0.452242 0.654673 0.650012 0.443663 0.460794 0.845860 0.827251 0.684326 0.673276 0.678253 0.629898 0.714710 0.991626 0.501237 0.608769 0.732541 0.794821 0.554451 0.767890 0.822396 0.780671 0.770273 0.967242 0.995024 0.973509 0.854609 0.620016 0.663831 0.816310 0.712188 0.932225 0.641664 0.841264 0.653174 0.783710 0.396384 0.370843 0.545196 0.680123 0.456842 0.549226 0.612554 0.625930 0.858806 0.776096 0.715598 0.888528 0.636134 0.455795 0.505848 0.808223 0.651809 0.901595
0.851666 0.731475 0.641807 0.699752 0.813369 0.594896 0.610056 0.780639 0.000000 0.749367 0.978536 0.918370 0.827013 0.934070 0.739038 0.879374 0.935172 0.849198 0.891922 0.788428 0.909445 0.972448 0.961276 0.903221 0.970976 0.712850 0.944472 0.847507 0.930824 0.982266 0.741485 0.784456 0.823958 0.973615 0.648390 0.902868 0.936917 0.796133 0.886337 0.940477 0.970867 0.932266 0.650755 0.775404 0.730770 0.830739 0.882375 0.744748 0.958938 0.765929 0.590021 0.528394 0.544941 0.524332 0.901434 0.816543 0.664028 0.594154 0.985516 0.938847 0.789429 0.767505 0.935115 0.937495 0.642022 0.666688 0.608841 0.754938 0.735506 0.783064 0.773695 0.682007 0.759051 0.619809 0.807243 0.885043 0.622218 0.749335 0.960651 0.987418 0.920472 0.729394 0.736259 0.683049 0.867528 0.901515 0.684842 0.721026 0.717913 0.988719 0.481856 0.444654 0.425481 0.516960 0.771690 0.902821 0.780266 0.713577 0.605690 0.552158 0.578193 0.603776 0.662970 0.671738 0.708616 0.734958 0.862772 0.670908 0.917794 0.902440 0.804989 0.674442 0.717048 0.830147 0.746501 0.884866
0.537329 0.635304 0.742069 0.636731 0.874250 0.799512 0.432635 0.358180 0.749367 0.000000 0.397300 0.422839 0.458672 0.534926 0.569220 0.717017 0.397229 0.454561 0.565972 0.634229 0.803563 0.936165 0.803362 0.954363 0.856469 0.935346 0.757712 0.942906 0.425852 0.404040 0.482050 0.568469 0.457029 0.443421 0.971466 0.988729 0.693389 0.734113 0.972832 0.924162 0.857827 0.810615 0.447459 0.448537 0.457225 0.425169 0.511345 0.428321 0.421666 0.490466 0.448684 0.516629 0.567073 0.666442 0.731411 0.682756 0.729444 0.832233 0.500138 0.850213 0.443401 0.499204 0.407853 0.354333 0.945301 0.921828 0.594643 0.653917 0.956689 0.863985 0.561538 0.487351 0.546816 0.523969 0.811666 0.945188 0.558402 0.556245 0.575627 0.562562 0.390803 0.582822 0.707690 0.675966 0.739753 0.972578 0.930638 0.963998 0.881329 0.634498 0.734057 0.904154 0.847593 0.957999 0.867555 0.835851 0.604301 0.927090 0.477205 0.432051 0.618377 0.777385 0.462368 0.471160 0.697811 0.675714 0.890994 0.823643 0.690025 0.941914 0.777353 0.586294 0.639645 0.856087 0.728239 0.811096
0.363312 0.515437 0.917804 0.774365 0.886560 0.983309 0.656293 0.547245 0.978536 0.397300 0.000000 0.345269 0.410286 0.509787 0.586968 0.734015 0.336686 0.328273 0.424861 0.531965 0.930254 0.951676 0.850566 0.926257 0.819153 0.924926 0.959462 0.977076 0.380385 0.372959 0.741615 0.807347 0.511316 0.582250 0.827547 0.935069 0.763927 0.889549 0.954222 0.835803 0.737260 0.775844 0.687567 0.665070 0.745741 0.642854 0.665244 0.639643 0.538019 0.608090 0.675150 0.703554 0.763030 0.842725 0.793699 0.759395 0.597864 0.651785 0.435412 0.714297 0.501135 0.649353 0.323217 0.310805 0.913395 0.920073 0.765168 0.883766 0.820251 0.868890 0.734462 0.618874 0.593644 0.664524 0.920604 0.983931 0.679849 0.701703 0.532860 0.591695 0.405180 0.451643 0.605286 0.621764 0.714649 0.903447 0.916228 0.919500 0.909874 0.576169 0.860295 0.895265 0.923605 0.756174 0.979969 0.865749 0.697804 0.912035 0.643245 0.666035 0.808993 0.902602 0.704642 0.584880 0.888009 0.810213 0.818311 0.993992 0.817260 0.898081 0.960198 0.758724 0.740834 0.993123 0.859448 0.860607
0.396140 0.464041 0.985015 0.746277 0.848297 0.999480 0.781593 0.459524 0.918370 0.422839 0.345269 0.000000 0.488840 0.341030 0.611609 0.680822 0.364086 0.380123 0.565704 0.500916 0.949256 0.933718 0.859273 0.942102 0.795079 0.860716 0.860657 0.858328 0.449602 0.449727 0.773567 0.825714 0.613812 0.533811 0.831905 0.908144 0.752933 0.920734 0.965971 0.774923 0.858366 0.868981 0.666754 0.630970 0.695348 0.569292 0.661139 0.589059 0.414848 0.573110 0.712297 0.754548 0.848890 0.974275 0.840051 0.766214 0.608970 0.588572 0.457360 0.616425 0.510189 0.472263 0.319911 0.279050 0.944507 0.902991 0.834121 0.836019 0.881069 0.840060 0.732312 0.681751 0.759215 0.810640 0.906837 0.932220 0.660429 0.761949 0.676911 0.655723 0.430057 0.454277 0.644867 0.677228 0.602369 0.683789 0.892947 0.786521 0.916011 0.537207 0.997999 0.730714 0.821337 0.628130 0.979904 0.824805 0.853486 0.890374 0.656033 0.697825 0.860599 0.991734 0.729498 0.735489 0.891983 0.911970 0.649494 0.971040 0.774503 0.939119 0.977855 0.788196 0.774213 0.883005 0.852396 0.789905
0.616310 0.787279 0.670546 0.664949 0.957618 0.880985 0.488165 0.505316 0.827013 0.458672 0.410286 0.488840 0.000000 0.488795 0.379085 0.515847 0.544510 0.554305 0.585909 0.810100 0.937532 0.994312 0.702328 0.994546 0.853947 0.997804 0.968161 0.996246 0.519283 0.426316 0.569645 0.656959 0.437725 0.524630 0.958790 0.973139 0.864222 0.941935 0.988857 0.918558 0.920490 0.863287 0.497422 0.479651 0.605112 0.539740 0.563356 0.523965 0.628923 0.546563 0.580643 0.571950 0.647732 0.679811 0.811190 0.843867 0.771401 0.852548 0.449548 0.715433 0.414575 0.652212 0.375429 0.388108 0.764049 0.937182 0.494276 0.646738 0.896583 0.963336 0.633651 0.617548 0.686511 0.664672 0.913199 0.961958 0.598607 0.521237 0.578953 0.713278 0.625848 0.728913 0.640364 0.839997 0.836403 0.941067 0.950784 0.973844 0.778371 0.738409 0.763432 0.925700 0.898116 0.909202 0.828885 0.807925 0.680219 0.932263 0.527434 0.521152 0.622701 0.752178 0.544463 0.508535 0.593681 0.643054 0.863526 0.877371 0.777291 0.781408 0.856153 0.671483 0.621895 0.845539 0.591003 0.880198
0.615016 0.699901 0.917109 0.738029 0.961271 0.966054 0.769050 0.501704 0.934070 0.534926 0.509787 0.341030 0.488795 0.000000 0.507594 0.481327 0.570226 0.592180 0.637305 0.642809 0.996886 0.970781 0.652132 0.709888 0.800403 0.819252 0.903008 0.983178 0.495548 0.482623 0.720540 0.749233 0.587669 0.534867 0.889060 0.916797 0.789572 0.985730 0.878020 0.809730 0.995354 0.860069 0.680135 0.649231 0.688097 0.579811 0.731333 0.653479 0.563255 0.601417 0.729740 0.792265 0.902555 0.981405 0.903225 0.888315 0.803459 0.775918 0.575459 0.740385 0.576844 0.499590 0.408242 0.405480 0.970428 0.803377 0.725660 0.789671 0.970586 0.868215 0.694895 0.745141 0.792877 0.803288 0.782315 0.960022 0.771385 0.786106 0.806452 0.806063 0.595779 0.588476 0.680650 0.754292 0.575570 0.576061 0.980830 0.705876 0.985936 0.613224 0.935640 0.745038 0.793920 0.625089 0.837158 0.907038 0.987891 0.803763 0.780249 0.720397 0.876871 0.976154 0.846807 0.723252 0.824723 0.865750 0.775599 0.972498 0.771036 0.914518 0.913000 0.791410 0.824985 0.925464 0.921977 0.823648
0.738903 0.953351 0.685251 0.617475 0.824747 0.861094 0.575014 0.668658 0.739038 0.569220 0.586968 0.611609 0.379085 0.507594 0.000000 0.379595 0.656480 0.673535 0.579431 0.793368 0.942644 0.924033 0.438649 0.722416 0.923246 0.999695 0.877915 0.961206 0.618902 0.478418 0.453179 0.614906 0.470427 0.513238 0.982741 0.980507 0.834668 0.952539 0.971347 0.936325 0.883310 0.808800 0.661024 0.643415 0.722671 0.635639 0.789552 0.644172 0.780810 0.639474 0.722838 0.691585 0.728603 0.812956 0.972361 0.971564 0.869092 0.954804 0.718706 0.901098 0.672586 0.731940 0.474524 0.554335 0.756656 0.939787 0.580960 0.804770 0.989312 0.996436 0.578884 0.652368 0.662132 0.675149 0.871765 0.954132 0.614196 0.635358 0.751234 0.697362 0.683468 0.774234 0.733446 0.875614 0.647519 0.687321 0.835179 0.841765 0.796967 0.754159 0.886465 0.923219 0.952373 0.917840 0.839654 0.820124 0.822472 0.896413 0.765605 0.703437 0.701051 0.781522 0.745529 0.517297 0.749547 0.682162 0.993078 0.921262 0.799499 0.847427 0.928856 0.845913 0.788232 0.842548 0.655622 0.885003
0.948247 0.946009 0.824427 0.760098 0.809416 0.795802 0.763173 0.755981 0.879374 0.717017 0.734015 0.680822 0.515847 0.481327 0.379595 0.000000 0.824665 0.864834 0.766254 0.997492 0.970306 0.945139 0.533150 0.594141 0.820362 0.835272 0.998991 0.995969 0.747452 0.590090 0.632818 0.731979 0.628579 0.702002 0.967180 0.921175 0.845396 0.896492 0.991015 0.998139 0.939797 0.981703 0.688238 0.666828 0.825566 0.745968 0.851452 0.733032 0.867931 0.845573 0.885009 0.917729 0.992565 0.978130 0.952225 0.843181 0.995788 0.958461 0.762546 0.903512 0.754976 0.775052 0.600537 0.636176 0.805871 0.869512 0.673592 0.770739 0.847105 0.977149 0.667179 0.703826 0.923573 0.812666 0.852948 0.999624 0.845676 0.645289 0.853295 0.878234 0.848350 0.887549 0.865586 0.962628 0.740483 0.602427 0.851462 0.784440 0.911824 0.816576 0.919645 0.912434 0.907947 0.826787 0.858384 0.835853 0.915555 0.850780 0.930495 0.858330 0.849404 0.926735 0.859832 0.723795 0.810083 0.746876 0.967291 0.973551 0.822749 0.825374 0.916949 0.911955 0.856275 0.870612 0.820867 0.943668
0.337346 0.347848 0.947909 0.831712 0.782626 0.881551 0.716073 0.575583 0.935172 0.397229 0.336686 0.364086 0.544510 0.570226 0.656480 0.824665 0.000000 0.216990 0.394114 0.409971 0.786822 0.861022 0.865775 0.880863 0.894989 0.852659 0.843292 0.992245 0.330510 0.280324 0.661853 0.668192 0.488465 0.445029 0.918659 0.902654 0.726057 0.862072 0.970883 0.762750 0.633587 0.777323 0.699749 0.617112 0.672435 0.542191 0.593554 0.546331 0.434647 0.637236 0.721192 0.823945 0.831272 0.972133 0.736426 0.747843 0.359648 0.432895 0.577273 0.776788 0.617172 0.715840 0.330126 0.272097 0.769546 0.764006 0.869657 0.881076 0.758704 0.746553 0.776196 0.646917 0.636242 0.779663 0.943803 0.891906 0.691594 0.662498 0.498121 0.465887 0.261322 0.355645 0.574864 0.477153 0.650494 0.876669 0.925074 0.869958 0.950268 0.660377 0.885519 0.716556 0.777142 0.611279 0.931033 0.848495 0.818117 0.827034 0.707470 0.728809 0.934844 0.970237 0.710633 0.619731 0.928990 0.906462 0.709361 0.879320 0.816380 0.926651 0.999599 0.822065 0.674985 0.980974 0.865236 0.842010
0.296492 0.355650 0.977571 0.867494 0.814554 0.803682 0.753643 0.657038 0.849198 0.454561 0.328273 0.380123 0.554305 0.592180 0.673535 0.864834 0.216990 0.000000 0.338165 0.379555 0.745225 0.856067 0.831819 0.941903 0.955639 0.836290 0.889102 0.986305 0.315769 0.299468 0.692085 0.721777 0.514483 0.494111 0.843685 0.975405 0.726871 0.881024 0.971730 0.797076 0.605299 0.785269 0.786572 0.674833 0.765678 0.627956 0.703859 0.591803 0.505832 0.699394 0.782121 0.857782 0.849598 0.980860 0.760639 0.738306 0.345314 0.430474 0.612219 0.816673 0.670520 0.823902 0.344162 0.307075 0.730511 0.693894 0.939519 0.994608 0.671466 0.767093 0.754980 0.669128 0.627584 0.749878 0.994724 0.919341 0.708880 0.672211 0.498409 0.434938 0.278322 0.307570 0.516638 0.487161 0.628279 0.895701 0.927454 0.815976 0.953124 0.691698 0.887751 0.706508 0.719342 0.598016 0.887048 0.859624 0.850189 0.839155 0.742516 0.771914 0.995946 0.950402 0.754369 0.677910 0.946642 0.940689 0.746799 0.898186 0.873205 0.982558 0.972543 0.902533 0.694733 0.998236 0.911322 0.879052
0.475367 0.586712 0.930326 0.824917 0.857704 0.791050 0.685944 0.774051 0.891922 0.565972 0.424861 0.565704 0.585909 0.637305 0.579431 0.766254 0.394114 0.338165 0.000000 0.414567 0.769843 0.930554 0.619481 0.900038 0.985153 0.770900 0.937788 0.847749 0.419747 0.373692 0.649644 0.675290 0.471346 0.528087 0.814909 0.985923 0.746936 0.866360 0.942059 0.961401 0.654078 0.804691 0.886239 0.785822 0.831338 0.746117 0.769633 0.681304 0.714957 0.797513 0.875957 0.954144 0.937951 0.974208 0.797707 0.793895 0.464201 0.603483 0.760303 0.928113 0.822291 0.926165 0.483261 0.482694 0.786386 0.633366 0.904175 0.955850 0.614538 0.722876 0.653434 0.728050 0.590279 0.692248 0.991905 0.941525 0.688348 0.713074 0.530058 0.428559 0.389794 0.400648 0.502079 0.484147 0.606219 0.839314 0.987682 0.721623 0.974219 0.722251 0.866184 0.786214 0.730480 0.705780 0.868502 0.805336 0.885215 0.820973 0.879477 0.875030 0.977288 0.979742 0.847073 0.639162 0.966514 0.884814 0.920552 0.794951 0.882413 0.963251 0.926959 0.951556 0.770557 0.926182 0.964921 0.780655
0.423504 0.417467 0.964942 0.783463 0.820443 0.763152 0.929733 0.726216 0.788428 0.634229 0.531965 0.500916 0.810100 0.642809 0.793368 0.997492 0.409971 0.379555 0.414567 0.000000 0.787771 0.917389 0.723101 0.911474 0.896190 0.914603 0.967490 0.924523 0.452616 0.494998 0.806740 0.804828 0.665350 0.632793 0.794333 0.944369 0.800228 0.768305 0.995379 0.822854 0.608455 0.719147 0.947361 0.934809 0.907866 0.777397 0.868707 0.785837 0.601569 0.719984 0.946075 0.984917 0.962244 0.832960 0.812899 0.836330 0.436569 0.452120 0.778967 0.952257 0.943693 0.798092 0.611915 0.561681 0.726478 0.725454 0.860345 0.845428 0.508094 0.589529 0.875713 0.969283 0.686578 0.819637 0.979129 0.815995 0.754153 0.928351 0.708597 0.567453 0.385195 0.301106 0.466324 0.437895 0.519091 0.724493 0.901535 0.668181 0.863918 0.688707 0.743487 0.618516 0.704893 0.586850 0.884250 0.977045 0.986817 0.789681 0.995630 0.977887 0.846070 0.823520 0.999856 0.899213 0.955314 0.937224 0.834332 0.782260 0.999607 0.953476 0.968767 0.979355 0.885438 0.970325 0.867158 0.794138
0.744145 0.789960 0.966226 0.997453 0.964570 0.868464 0.965899 0.981888 0.909445 0.803563 0.930254 0.949256 0.937532 0.996886 0.942644 0.970306 0.786822 0.745225 0.769843 0.787771 0.000000 0.974855 0.920768 0.963702 0.978940 0.924219 0.964325 0.840314 0.827386 0.854356 0.761688 0.839363 0.867349 0.868161 0.837891 0.975169 0.793825 0.965464 0.736053 0.847637 0.826397 0.868329 0.953515 0.856768 0.981513 0.894209 0.870512 0.845230 0.853549 0.948758 0.999435 0.952951 0.905272 0.871349 0.890974 0.917862 0.745629 0.830927 0.983561 0.943688 0.939309 0.933367 0.873542 0.872986 0.903138 0.773570 0.858325 0.911282 0.792542 0.845389 0.922251 0.836759 0.909596 0.867090 0.828845 0.989130 0.999866 0.879368 0.921787 0.684242 0.734180 0.742711 0.801262 0.810478 0.831816 0.984504 0.883815 0.969144 0.950196 0.921866 0.848238 0.912308 0.874108 0.869009 0.999716 0.923846 0.976409 0.980887 0.950845 0.990595 0.900050 0.958290 0.870119 0.865727 0.890043 0.885172 0.982581 0.907188 0.980030 0.767560 0.964256 0.962308 0.932413 0.952058 0.922495 0.956837
0.937797 0.890017 0.991534 0.945985 0.889829 0.926789 0.976567 0.981304 0.972448 0.936165 0.951676 0.933718 0.994312 0.970781 0.924033 0.945139 0.861022 0.856067 0.930554 0.917389 0.974855 0.000000 0.935642 0.926877 0.967474 0.976134 0.921295 0.904464 0.967652 0.868353 0.917070 0.938213 0.978321 0.863207 0.923539 0.801274 0.915122 0.745714 0.924938 0.990519 0.981187 0.870870 0.965623 0.951892 0.934788 0.941513 0.909894 0.866083 0.879146 0.971672 0.922089 0.964548 0.960324 0.954026 0.941545 0.939145 0.977656 0.956474 0.852415 0.948711 0.965436 0.973647 0.978546 0.939991 0.884691 0.992164 0.972927 0.997596 0.986840 0.872235 0.926457 0.920554 0.938524 0.904761 0.930041 0.984227 0.950482 0.933681 0.897832 0.930931 0.884315 0.923622 0.991248 0.943880 0.928451 0.934941 0.993283 0.982172 0.999204 0.902401 0.933484 0.931865 0.916030 0.952579 0.950536 0.939637 0.910771 0.892365 0.976234 0.951576 0.963889 0.856303 0.954944 0.890678 0.922141 0.991959 0.959659 0.856973 0.917639 0.999989 0.898245 0.936683 0.937000 0.939692 0.882401 0.925213
0.874086 0.986459 0.667949 0.638351 0.785111 0.921892 0.773703 0.902702 0.961276 0.803362 0.850566 0.859273 0.702328 0.652132 0.438649 0.533150 0.865775 0.831819 0.619481 0.723101 0.920768 0.935642 0.000000 0.427902 0.845574 0.997238 0.702811 0.727741 0.734088 0.661649 0.550861 0.688420 0.615139 0.718654 0.937889 0.906606 0.822629 0.984843 0.967324 0.854135 0.899877 0.732813 0.936418 0.989048 0.996522 0.916854 0.960506 0.926095 0.989709 0.841107 0.964545 0.984077 0.994100 0.935803 0.868043 0.781397 0.903432 0.976293 0.989589 0.814542 0.925554 0.997806 0.834903 0.884308 0.876299 0.874137 0.894201 0.866873 0.738874 0.827606 0.716371 0.954477 0.712963 0.715226 0.889754 0.969481 0.876430 0.811418 0.973357 0.799575 0.838295 0.750003 0.683419 0.868611 0.516481 0.504427 0.780774 0.614806 0.870802 0.959303 0.872597 0.946801 0.909294 0.847736 0.881238 0.987310 0.937984 0.701306 0.863413 0.941649 0.930078 0.978526 0.948549 0.746089 0.874539 0.818406 0.913968 0.886508 0.926497 0.981033 0.966547 0.884694 0.999817 0.951371 0.971618 0.867018
0.918057 0.813072 0.917050 0.826179 0.724113 0.998394 0.939282 0.905450 0.903221 0.954363 0.926257 0.942102 0.994546 0.709888 0.722416 0.594141 0.880863 0.941903 0.900038 0.911474 0.963702 0.926877 0.427902 0.000000 0.946109 0.884835 0.858928 0.751388 0.989178 0.918424 0.893324 0.929969 0.959585 0.981610 0.880526 0.776345 0.938423 0.942324 0.908511 0.957690 0.870495 0.803854 0.823033 0.862878 0.859972 0.934512 0.821705 0.881927 0.897659 0.964641 0.818550 0.790015 0.783699 0.762382 0.663652 0.752210 0.863292 0.893674 0.837345 0.857773 0.782011 0.962864 0.971511 0.939910 0.950412 0.982668 0.915325 0.784227 0.910049 0.926785 0.890325 0.956750 0.892725 0.996456 0.980767 0.980734 0.859994 0.917343 0.803228 0.960548 0.932092 0.929195 0.864756 0.958215 0.672556 0.486050 0.857156 0.594781 0.950233 0.965065 0.720635 0.812437 0.748001 0.820538 0.966784 0.980926 0.779929 0.672721 0.644313 0.749147 0.779152 0.786726 0.719411 0.948743 0.988260 0.996539 0.933894 0.808827 0.995918 0.879441 0.906241 0.808307 0.790028 0.954656 0.814869 0.931432
0.986348 0.909326 0.920894 0.945614 0.941905 0.857237 0.912436 0.926325 0.970976 0.856469 0.819153 0.795079 0.853947 0.800403 0.923246 0.820362 0.894989 0.955639 0.985153 0.896190 0.978940 0.967474 0.845574 0.946109 0.000000 0.637935 0.738021 0.979030 0.932743 0.897586 0.922748 0.924024 0.948727 0.953980 0.890759 0.968356 0.796431 0.982477 0.879465 0.916351 0.908901 0.810797 0.788899 0.881919 0.953210 0.987032 0.872023 0.924959 0.973151 0.909883 0.896010 0.974777 0.973093 0.939126 0.778560 0.992737 0.884721 0.866394 0.845347 0.924962 0.754719 0.868720 0.789194 0.800847 0.901631 0.862863 0.814823 0.785404 0.913955 0.762073 0.957387 0.718215 0.962395 0.937359 0.929611 0.901782 0.922676 0.915399 0.872137 0.939638 0.973487 0.876766 0.905538 0.904063 0.859108 0.939913 0.837189 0.868707 0.849899 0.871824 0.914051 0.973438 0.942820 0.953714 0.988719 0.937782 0.852801 0.971352 0.843018 0.841171 0.840876 0.872345 0.967168 0.902395 0.996423 0.930769 0.838568 0.959863 0.904248 0.963821 0.928075 0.927899 0.896475 0.862440 0.828549 0.787885
0.946130 0.975089 0.504012 0.660539 0.820781 0.814877 0.734072 0.740070 0.712850 0.935346 0.924926 0.860716 0.997804 0.819252 0.999695 0.835272 0.852659 0.836290 0.770900 0.914603 0.924219 0.976134 0.997238 0.884835 0.637935 0.000000 0.947082 0.913943 0.991605 0.868648 0.739442 0.796866 0.846592 0.908382 0.623646 0.889737 0.913448 0.845610 0.861492 0.892355 0.927252 0.964208 0.798616 0.803695 0.674378 0.714171 0.950417 0.801292 0.813348 0.581406 0.643552 0.540781 0.594302 0.615136 0.962931 0.876673 0.859848 0.925494 0.983293 0.886457 0.804912 0.709065 0.884289 0.884079 0.508934 0.643099 0.761790 0.720077 0.878402 0.863893 0.958190 0.841669 0.980794 0.889770 0.903523 0.967023 0.871367 0.918379 0.907495 0.966500 0.977068 0.834209 0.901066 0.979428 0.929131 0.935291 0.741934 0.826270 0.706726 0.952504 0.614272 0.669309 0.577856 0.663385 0.752935 0.917127 0.930408 0.723304 0.827617 0.796847 0.729438 0.682464 0.815641 0.879144 0.670116 0.766073 0.850040 0.766768 0.949825 0.898313 0.754448 0.775121 0.742969 0.816957 0.831273 0.801807
0.993638 0.887144 0.983380 0.914074 0.779859 0.794675 0.811126 0.707151 0.944472 0.757712 0.959462 0.860657 0.968161 0.903008 0.877915 0.998991 0.843292 0.889102 0.937788 0.967490 0.964325 0.921295 0.702811 0.858928 0.738021 0.947082 0.000000 0.890219 0.832303 0.897848 0.972178 0.864797 0.947862 0.816353 0.801555 0.997863 0.900370 0.952583 0.861700 0.851231 0.999752 0.887001 0.628601 0.591746 0.646167 0.682547 0.820576 0.639889 0.707908 0.908733 0.659354 0.765375 0.756509 0.714623 0.622702 0.599982 0.949346 0.990319 0.851593 0.927517 0.692331 0.711067 0.817132 0.773595 0.957730 0.829898 0.744703 0.593344 0.711942 0.828884 0.923644 0.729923 0.970336 0.957253 0.979679 0.987369 0.864498 0.931423 0.769741 0.979412 0.902748 0.934884 0.861959 0.941743 0.785792 0.781792 0.831989 0.844493 0.892030 0.885225 0.931014 0.959358 0.891799 0.978479 0.973759 0.987090 0.940636 0.765509 0.645120 0.696180 0.796157 0.855523 0.802909 0.975359 0.839412 0.994452 0.879281 0.817343 0.868378 0.896582 0.842990 0.790501 0.740838 0.942346 0.884747 0.932808
0.918850 0.845763 0.926728 0.978069 0.874654 0.818439 0.967102 0.792006 0.847507 0.942906 0.977076 0.858328 0.996246 0.983178 0.961206 0.995969 0.992245 0.986305 0.847749 0.924523 0.840314 0.904464 0.727741 0.751388 0.979030 0.913943 0.890219 0.000000 0.950652 0.923858 0.984243 0.848602 0.987404 0.939902 0.959191 0.946115 0.919763 0.941483 0.985773 0.899721 0.930522 0.899339 0.822886 0.833504 0.849837 0.902402 0.999253 0.843352 0.812012 0.827028 0.795790 0.780182 0.833064 0.865316 0.939312 0.931274 0.959747 0.996652 0.824633 0.746805 0.780688 0.798207 0.892061 0.894279 0.956499 0.798953 0.870313 0.835045 0.778079 0.923032 0.941501 0.929678 0.987027 0.964096 0.945378 0.943071 0.852317 0.953184 0.982811 0.924917 0.969674 0.911272 0.734504 0.885870 0.979865 0.985213 0.833591 0.835393 0.819031 0.866532 0.805828 0.919136 0.855340 0.891332 0.846210 0.770638 0.908379 0.784979 0.735485 0.815668 0.710977 0.877746 0.833703 0.991651 0.924687 0.993841 0.954783 0.882949 0.993361 0.959444 0.930998 0.815805 0.790903 0.902515 0.902844 0.906463
0.389505 0.429458 0.829956 0.772823 0.840133 0.914926 0.672471 0.561714 0.930824 0.425852 0.380385 0.449602 0.519283 0.495548 0.618902 0.747452 0.330510 0.315769 0.419747 0.452616 0.827386 0.967652 0.734088 0.989178 0.932743 0.991605 0.832303 0.950652 0.000000 0.287266 0.557230 0.539979 0.421520 0.384262 0.995996 0.859934 0.747055 0.859123 0.948827 0.770995 0.708362 0.737803 0.681302 0.597322 0.640445 0.503760 0.681510 0.551132 0.445345 0.571349 0.632898 0.725474 0.744139 0.862948 0.716561 0.657863 0.498654 0.523185 0.575777 0.815171 0.574262 0.642120 0.358581 0.322594 0.866805 0.870699 0.806052 0.841425 0.748043 0.699535 0.785710 0.749745 0.627464 0.709856 0.867836 0.948845 0.755282 0.615947 0.487127 0.481614 0.303554 0.381949 0.492715 0.493080 0.518829 0.803964 0.926997 0.751987 0.942549 0.650856 0.960025 0.726182 0.807451 0.619894 0.952258 0.895763 0.815992 0.889136 0.737169 0.715175 0.925219 0.928733 0.739396 0.644825 0.783220 0.885129 0.777473 0.919081 0.900817 0.965149 0.979189 0.887883 0.659866 0.940651 0.923377 0.771525
0.442559 0.517823 0.849503 0.823755 0.924340 0.947315 0.618596 0.614338 0.982266 0.404040 0.372959 0.449727 0.426316 0.482623 0.478418 0.590090 0.280324 0.299468 0.373692 0.494998 0.854356 0.868353 0.661649 0.918424 0.897586 0.868648 0.897848 0.923858 0.287266 0.000000 0.503516 0.561149 0.388971 0.377258 0.928028 0.893225 0.725166 0.911251 0.981766 0.815833 0.674817 0.779520 0.638514 0.546999 0.631091 0.518656 0.631344 0.519801 0.506048 0.639015 0.705426 0.801026 0.791807 0.920799 0.757807 0.807005 0.483167 0.560952 0.628631 0.854687 0.600622 0.744458 0.328271 0.286801 0.881190 0.807665 0.772613 0.822847 0.828005 0.740705 0.721344 0.646845 0.647265 0.718073 0.994964 0.890589 0.742654 0.601258 0.471556 0.483258 0.298181 0.411402 0.503957 0.472213 0.589546 0.799394 0.956337 0.789961 0.954100 0.719254 0.864321 0.718407 0.736973 0.584755 0.939078 0.875737 0.823215 0.791441 0.800770 0.745928 0.883304 0.971053 0.773185 0.592370 0.877089 0.880004 0.811399 0.903942 0.778389 0.917747 0.999434 0.836824 0.684569 0.872718 0.819076 0.833055
0.731411 0.827530 0.526100 0.617439 0.914805 0.857646 0.471815 0.604996 0.741485 0.482050 0.741615 0.773567 0.569645 0.720540 0.453179 0.632818 0.661853 0.692085 0.649644 0.806740 0.761688 0.917070 0.550861 0.893324 0.922748 0.739442 0.972178 0.984243 0.557230 0.503516 0.000000 0.402630 0.426984 0.445371 0.829278 0.997324 0.728811 0.831475 0.848250 0.976427 0.882802 0.807458 0.522857 0.486785 0.499218 0.443939 0.662047 0.521194 0.634995 0.540131 0.561020 0.555061 0.564819 0.661631 0.866132 0.848555 0.795056 0.883647 0.881004 0.979300 0.680689 0.737092 0.621961 0.629569 0.769585 0.929856 0.624892 0.674033 0.975254 0.864722 0.602607 0.680676 0.646176 0.563162 0.775254 0.953886 0.623863 0.508456 0.704561 0.624311 0.593347 0.799711 0.805923 0.767770 0.647256 0.849161 0.813872 0.985545 0.778160 0.802744 0.812444 0.878907 0.860535 0.989429 0.749330 0.897697 0.762095 0.999788 0.711292 0.642414 0.616969 0.684796 0.610859 0.498895 0.637933 0.684329 0.975874 0.904931 0.777672 0.996026 0.751979 0.793136 0.576472 0.783645 0.733212 0.965347
0.790509 0.829844 0.595097 0.691618 0.915918 0.823977 0.518830 0.619033 0.784456 0.568469 0.807347 0.825714 0.656959 0.749233 0.614906 0.731979 0.668192 0.721777 0.675290 0.804828 0.839363 0.938213 0.688420 0.929969 0.924024 0.796866 0.864797 0.848602 0.539979 0.561149 0.402630 0.000000 0.422813 0.467499 0.695430 0.881918 0.807670 0.789595 0.751258 0.962147 0.811270 0.783342 0.549512 0.516915 0.498288 0.475982 0.653804 0.503160 0.630576 0.590663 0.570973 0.639008 0.630266 0.699152 0.809692 0.698170 0.811943 0.924407 0.940705 0.929556 0.722888 0.695116 0.705470 0.660373 0.850806 0.934498 0.651046 0.671406 0.933179 0.732648 0.590801 0.706428 0.678264 0.676494 0.687723 0.854429 0.635610 0.549445 0.735732 0.619392 0.576807 0.792481 0.755702 0.761164 0.691962 0.850890 0.633987 0.929482 0.932955 0.822721 0.885443 0.945412 0.892217 0.999359 0.888178 0.867407 0.790907 0.943578 0.756038 0.622529 0.763337 0.758830 0.645285 0.572374 0.628339 0.804377 0.951161 0.889769 0.806011 0.962475 0.792778 0.687600 0.632596 0.718732 0.796298 0.887240
0.588252 0.712035 0.541785 0.555317 0.959590 0.809761 0.389062 0.496264 0.823958 0.457029 0.511316 0.613812 0.437725 0.587669 0.470427 0.628579 0.488465 0.514483 0.471346 0.665350 0.867349 0.978321 0.615139 0.959585 0.948727 0.846592 0.947862 0.987404 0.421520 0.388971 0.426984 0.422813 0.000000 0.393542 0.861627 0.833085 0.684659 0.801137 0.869780 0.906974 0.827391 0.811083 0.524003 0.446436 0.477012 0.441462 0.686332 0.445037 0.596332 0.547594 0.537607 0.606895 0.644668 0.696502 0.719671 0.830384 0.691921 0.807937 0.710945 0.975705 0.549400 0.651513 0.482377 0.472625 0.835125 0.963320 0.535285 0.633301 0.912296 0.709624 0.590666 0.572401 0.591321 0.601609 0.822477 0.952623 0.608513 0.493707 0.565033 0.516069 0.467783 0.664907 0.651290 0.599593 0.658143 0.847595 0.839123 0.856161 0.870783 0.738699 0.865282 0.958359 0.962492 0.903782 0.878904 0.826796 0.686190 0.925161 0.672581 0.597225 0.724026 0.744748 0.635058 0.461523 0.696603 0.644643 0.981378 0.930367 0.756966 0.989216 0.848009 0.649921 0.553627 0.809783 0.753732 0.910360
0.577609 0.623064 0.682374 0.686630 0.893359 0.975010 0.473690 0.478323 0.973615 0.443421 0.582250 0.533811 0.524630 0.534867 0.513238 0.702002 0.445029 0.494111 0.528087 0.632793 0.868161 0.863207 0.718654 0.981610 0.953980 0.908382 0.816353 0.939902 0.384262 0.377258 0.445371 0.467499 0.393542 0.000000 0.832363 0.862100 0.782017 0.768026 0.898113 0.905560 0.852260 0.834274 0.505920 0.425623 0.427658 0.378856 0.602094 0.448055 0.476462 0.518772 0.561346 0.634655 0.627840 0.745408 0.750757 0.725162 0.646793 0.679920 0.694479 0.894645 0.530378 0.579360 0.416350 0.422240 0.940393 0.949205 0.587952 0.590542 0.940795 0.781495 0.644324 0.636066 0.658882 0.693940 0.850705 0.942081 0.607102 0.623482 0.555217 0.569646 0.435905 0.626310 0.620462 0.509005 0.651795 0.868262 0.897790 0.853935 0.988408 0.736007 0.971134 0.890904 0.941649 0.821391 0.885682 0.745141 0.788580 0.946857 0.667552 0.600545 0.759261 0.789475 0.658560 0.564373 0.791695 0.820479 0.848045 0.992515 0.770433 0.960466 0.884710 0.703837 0.620515 0.867803 0.778146 0.833861
0.864936 0.892376 0.561458 0.711431 0.991429 0.792675 0.681375 0.779250 0.648390 0.971466 0.827547 0.831905 0.958790 0.889060 0.982741 0.967180 0.918659 0.843685 0.814909 0.794333 0.837891 0.923539 0.937889 0.880526 0.890759 0.623646 0.801555 0.959191 0.995996 0.928028 0.829278 0.695430 0.861627 0.832363 0.000000 0.984540 0.898035 0.894049 0.916687 0.908018 0.993887 0.932829 0.676728 0.732369 0.650178 0.748978 0.868901 0.754083 0.935608 0.753492 0.645767 0.653342 0.650254 0.632839 0.877405 0.709381 0.870768 0.858630 0.990849 0.994697 0.746485 0.793736 0.913055 0.885165 0.591341 0.678679 0.629014 0.588758 0.778806 0.989342 0.909989 0.955838 0.991085 0.907830 0.857499 0.912990 0.800345 0.800291 0.952646 0.934035 0.912952 0.726393 0.824178 0.955664 0.940615 0.872281 0.718615 0.813976 0.920131 0.912307 0.721038 0.722637 0.729509 0.671249 0.807683 0.994601 0.934524 0.738742 0.787992 0.677450 0.728783 0.696528 0.762807 0.837197 0.534369 0.745134 0.913752 0.845428 0.985916 0.962623 0.874477 0.780039 0.651499 0.839318 0.758049 0.905682
0.944058 0.949817 0.902667 0.885882 0.991489 0.954444 0.961589 0.980729 0.902868 0.988729 0.935069 0.908144 0.973139 0.916797 0.980507 0.921175 0.902654 0.975405 0.985923 0.944369 0.975169 0.801274 0.906606 0.776345 0.968356 0.889737 0.997863 0.946115 0.859934 0.893225 0.997324 0.881918 0.833085 0.862100 0.984540 0.000000 0.891937 0.938241 0.994837 0.906337 0.982336 0.987553 0.911135 0.881702 0.903990 0.917549 0.942376 0.964311 0.936395 0.992126 0.949975 0.994032 0.999615 0.945677 0.921121 0.941033 0.996735 0.939078 0.918503 0.943885 0.973467 0.980547 0.999735 0.954534 0.931766 0.966636 0.897467 0.878253 0.978372 0.933706 0.953984 0.960207 0.904833 0.888312 0.918336 0.975945 0.928603 0.756309 0.917134 0.878876 0.900313 0.977741 0.991104 0.967572 0.888532 0.864549 0.812056 0.980553 0.863729 0.925994 0.997776 0.993996 0.981951 0.992196 0.903468 0.922571 0.922644 0.958809 0.979558 0.970651 0.963628 0.935259 0.977705 0.904705 0.972435 0.991919 0.976049 0.931522 0.841574 0.806245 0.984106 0.873320 0.881695 0.768540 0.957735 0.955145
0.729301 0.751864 0.942785 0.914429 0.866370 0.939638 0.853768 0.804074 0.936917 0.693389 0.763927 0.752933 0.864222 0.789572 0.834668 0.845396 0.726057 0.726871 0.746936 0.800228 0.793825 0.915122 0.822629 0.938423 0.796431 0.913448 0.900370 0.919763 0.747055 0.725166 0.728811 0.807670 0.684659 0.782017 0.898035 0.891937 0.000000 0.794171 0.925320 0.774341 0.830281 0.806736 0.894249 0.850884 0.849194 0.836942 0.945414 0.943174 0.828820 0.896961 0.850780 0.916237 0.984613 0.986182 0.990005 0.992869 0.798415 0.823822 0.888426 0.960397 0.925673 0.838583 0.796851 0.726319 0.988981 0.975789 0.998778 0.946016 0.840347 0.744601 0.728461 0.761453 0.917542 0.870107 0.821644 0.988385 0.822227 0.719529 0.841909 0.672919 0.658934 0.663776 0.788205 0.844282 0.716677 0.753868 0.914010 0.892549 0.917870 0.753422 0.945198 0.907339 0.898314 0.867126 0.955338 0.841326 0.791650 0.867781 0.944585 0.880680 0.989701 0.903263 0.808105 0.809114 0.965015 0.821681 0.946831 0.910937 0.780736 0.960286 0.845630 0.783658 0.865888 0.947180 0.892290 0.863076
0.978915 0.996738 0.900309 0.832113 0.945889 0.880372 0.751741 0.825282 0.796133 0.734113 0.889549 0.920734 0.941935 0.985730 0.952539 0.896492 0.862072 0.881024 0.866360 0.768305 0.965464 0.745714 0.984843 0.942324 0.982477 0.845610 0.952583 0.941483 0.859123 0.911251 0.831475 0.789595 0.801137 0.768026 0.894049 0.938241 0.794171 0.000000 0.999944 0.993284 0.836494 0.862114 0.820318 0.866716 0.709680 0.822752 0.964007 0.836099 0.870619 0.858331 0.739030 0.809867 0.745921 0.752007 0.862945 0.822984 0.924825 0.854704 0.920976 0.743612 0.941851 0.779740 0.945020 0.957263 0.889151 0.831766 0.853282 0.863690 0.909223 0.940791 0.734052 0.653862 0.587807 0.627074 0.937863 0.930739 0.688505 0.851988 0.938656 0.828416 0.788881 0.945003 0.999707 0.838305 0.903843 0.984696 0.820761 0.952662 0.943857 0.863841 0.803063 0.837065 0.855130 0.786193 0.970130 0.766109 0.844192 0.865250 0.895774 0.760746 0.864779 0.846998 0.805098 0.894181 0.980806 0.974403 0.936932 0.918999 0.800087 0.969568 0.854603 0.702413 0.933660 0.924535 0.996516 0.926166
