0.000000 0.162822 0.320176 0.284687 0.667767 0.542289 0.224805 0.190978 0.387631 0.311903 0.143754 0.130317 0.127370 0.213987 0.209167 0.222051 0.146775 0.134200 0.125635 0.147225 0.515366 0.834205 0.272323 0.460563 0.731333 0.715722 0.898419 0.874387 0.195846 0.163038 0.287952 0.339540 0.150136 0.159416 0.469557 0.651973 0.344953 0.402382 0.703517 0.650380 0.624052 0.503892 0.231305 0.215063 0.259447 0.199164 0.228068 0.230455 0.692402 0.359151 0.427771 0.323378 0.477958 0.536125 0.466191 0.498641 0.164915 0.152942 0.179023 0.181969 0.123254 0.172242 0.119542 0.126285 0.385715 0.278148 0.268878 0.273170 0.315406 0.203414 0.236759 0.254811 0.425444 0.410841 0.617245 0.567893 0.360048 0.274332 0.187370 0.193853 0.129013 0.179488 0.422611 0.322486 0.252733 0.460844 0.993730 0.847763 0.382111 0.511245 0.563955 0.665997 0.585684 0.764881 0.474544 0.475733 0.313852 0.531164 0.234445 0.231881 0.505576 0.579728 0.245999 0.288497 0.290479 0.258466 0.691790 0.556078 0.586847 0.408513 0.579033 0.334688 0.338232 0.488066 0.414154 0.969578
0.162822 0.000000 0.482427 0.400819 0.672557 0.587805 0.351739 0.239895 0.434145 0.348567 0.230234 0.126068 0.156711 0.149871 0.192238 0.194589 0.144724 0.116710 0.166506 0.161246 0.529302 0.828923 0.299427 0.444089 0.725168 0.814521 0.947510 0.912047 0.145942 0.159586 0.346339 0.386671 0.209800 0.225815 0.565594 0.672385 0.376475 0.439717 0.814674 0.668220 0.658796 0.420816 0.253424 0.225114 0.271110 0.223849 0.290250 0.234998 0.635526 0.397576 0.465652 0.362748 0.533698 0.622471 0.602314 0.608436 0.102631 0.095547 0.252665 0.248130 0.212894 0.221749 0.151648 0.120794 0.540581 0.430006 0.402715 0.379301 0.360575 0.249106 0.233576 0.263917 0.520212 0.536778 0.687753 0.568170 0.302956 0.258989 0.248278 0.218247 0.147764 0.207769 0.354824 0.317618 0.325713 0.476002 0.893537 0.835568 0.494014 0.556518 0.641457 0.697661 0.657925 0.842370 0.423006 0.492622 0.356002 0.439402 0.271299 0.241084 0.540674 0.699335 0.284295 0.262659 0.331104 0.277773 0.746266 0.581787 0.587299 0.432504 0.536850 0.365169 0.435484 0.399910 0.433796 0.862672
0.320176 0.482427 0.000000 0.133705 0.677491 0.564828 0.143533 0.226952 0.400738 0.368935 0.337748 0.371806 0.323713 0.446660 0.393766 0.380606 0.425617 0.388214 0.258444 0.325944 0.449677 0.799590 0.249373 0.421700 0.502416 0.383219 0.992022 0.904874 0.433400 0.341472 0.213292 0.332648 0.223560 0.253710 0.365974 0.675011 0.377385 0.455406 0.564481 0.582156 0.738051 0.658025 0.287531 0.299929 0.474836 0.406917 0.359251 0.316192 0.965837 0.566758 0.652378 0.539508 0.549984 0.489057 0.433994 0.544259 0.521211 0.497856 0.304531 0.318671 0.246444 0.338613 0.338438 0.383350 0.189521 0.171689 0.185548 0.216613 0.468038 0.290742 0.365578 0.389124 0.407060 0.421910 0.531453 0.766837 0.458075 0.443485 0.336943 0.429847 0.330521 0.277092 0.578393 0.352292 0.298230 0.429987 0.903825 0.929743 0.387782 0.459578 0.537373 0.609590 0.542476 0.685427 0.543866 0.615082 0.463131 0.682921 0.453267 0.402985 0.530981 0.420665 0.436725 0.352595 0.383533 0.384912 0.715778 0.616940 0.615590 0.454970 0.663180 0.594865 0.457640 0.640675 0.538883 0.950313
0.284687 0.400819 0.133705 0.000000 0.705794 0.486283 0.157177 0.156382 0.383060 0.284021 0.359885 0.284129 0.261071 0.315784 0.281002 0.264830 0.364699 0.324535 0.225250 0.272331 0.400697 0.724914 0.166810 0.317567 0.473158 0.389094 0.986935 0.987591 0.354426 0.265420 0.178343 0.264215 0.181364 0.196589 0.322751 0.651453 0.308979 0.430626 0.500609 0.546191 0.721835 0.553559 0.247077 0.264161 0.407228 0.357440 0.302135 0.259960 0.875898 0.494943 0.598463 0.481290 0.513664 0.490693 0.396579 0.504564 0.454481 0.412219 0.290571 0.304113 0.241364 0.280179 0.288041 0.294787 0.200937 0.177041 0.184649 0.191637 0.495053 0.268866 0.278470 0.356129 0.452410 0.532587 0.511307 0.684873 0.385105 0.380568 0.277577 0.381693 0.244091 0.192796 0.458976 0.264619 0.238365 0.330580 0.908660 0.969410 0.339025 0.379619 0.497905 0.554314 0.483880 0.659394 0.489949 0.495109 0.410707 0.614155 0.384035 0.304852 0.478824 0.455395 0.342392 0.303065 0.316636 0.307959 0.756458 0.567260 0.623673 0.413607 0.603375 0.486705 0.422223 0.528649 0.544549 0.936473
0.667767 0.672557 0.677491 0.705794 0.000000 0.805333 0.631181 0.617128 0.786883 0.686215 0.741182 0.707918 0.638435 0.707932 0.684071 0.673225 0.719960 0.690141 0.635112 0.759428 0.702546 0.939288 0.675966 0.728332 0.968636 0.969763 0.890713 0.775525 0.671006 0.716040 0.823760 0.866116 0.639440 0.694303 0.795741 0.798028 0.818078 0.687289 0.920768 0.838566 0.927667 0.661373 0.597987 0.620376 0.602078 0.633359 0.691294 0.649281 0.793534 0.753430 0.645032 0.625188 0.712462 0.674065 0.791972 0.823584 0.650815 0.706938 0.632914 0.630021 0.595797 0.595947 0.642000 0.641569 0.708242 0.661137 0.657722 0.648099 0.752406 0.744691 0.617540 0.685746 0.915809 0.919935 0.889200 0.985213 0.792708 0.795844 0.761387 0.798136 0.687818 0.720020 0.661477 0.678935 0.674747 0.703711 0.975891 0.857530 0.841926 0.748424 0.716597 0.719184 0.737689 0.784705 0.975012 0.792498 0.733549 0.841053 0.666439 0.613819 0.680647 0.699918 0.567686 0.588399 0.559812 0.711242 0.777856 0.713956 0.802757 0.904845 0.692632 0.715235 0.709135 0.699770 0.765110 0.938556
0.542289 0.587805 0.564828 0.486283 0.805333 0.000000 0.460089 0.418763 0.576010 0.419043 0.584578 0.520369 0.518447 0.598166 0.575238 0.565450 0.604927 0.553384 0.558386 0.559075 0.725034 0.856654 0.543293 0.738983 0.877791 0.616392 0.986473 0.720858 0.597161 0.584879 0.577742 0.636847 0.523322 0.526057 0.606180 0.838223 0.589294 0.822538 0.802069 0.751525 0.794331 0.572841 0.458025 0.559400 0.499427 0.527126 0.460306 0.554025 0.809269 0.694764 0.642802 0.591790 0.623408 0.675089 0.679956 0.615641 0.623960 0.624522 0.574598 0.602047 0.543247 0.564788 0.525539 0.535253 0.606565 0.532002 0.462626 0.471102 0.776811 0.633830 0.456671 0.463598 0.736577 0.810948 0.745561 0.757380 0.586577 0.547911 0.551951 0.681058 0.498897 0.536474 0.750646 0.588686 0.552424 0.728646 0.842756 0.762709 0.697288 0.713487 0.409414 0.470814 0.372054 0.581935 0.716765 0.699762 0.482286 0.725836 0.432637 0.440826 0.509352 0.509115 0.574485 0.499088 0.506915 0.499196 0.887289 0.557192 0.829498 0.611050 0.780807 0.493854 0.468937 0.726818 0.614549 0.974796
0.224805 0.351739 0.143533 0.157177 0.631181 0.460089 0.000000 0.127520 0.346180 0.225451 0.269674 0.270869 0.250475 0.358714 0.331343 0.326997 0.299657 0.271741 0.168248 0.257982 0.466131 0.809008 0.254285 0.501356 0.677195 0.563375 0.910455 0.835096 0.336055 0.260063 0.246562 0.344188 0.173366 0.166921 0.381153 0.668110 0.381848 0.435471 0.576910 0.563391 0.692618 0.529948 0.215411 0.200244 0.305510 0.259510 0.288537 0.235875 0.871899 0.510739 0.534186 0.431906 0.487061 0.436059 0.416018 0.556802 0.360792 0.356712 0.196293 0.242477 0.159423 0.259117 0.222700 0.260252 0.267027 0.178988 0.132613 0.136962 0.422290 0.257249 0.277153 0.265562 0.410014 0.444177 0.507069 0.700327 0.398997 0.338311 0.276396 0.366665 0.221975 0.220824 0.537124 0.332933 0.296541 0.476680 0.987452 0.812868 0.355902 0.543592 0.453554 0.501809 0.443790 0.600983 0.521858 0.495513 0.348872 0.580961 0.297667 0.271878 0.443612 0.341294 0.325961 0.267678 0.303791 0.284949 0.696286 0.532323 0.545784 0.367395 0.540829 0.432627 0.320152 0.488689 0.486869 0.924682
0.190978 0.239895 0.226952 0.156382 0.617128 0.418763 0.127520 0.000000 0.329158 0.171756 0.274008 0.169889 0.173728 0.215410 0.218745 0.210759 0.222269 0.197043 0.159290 0.198367 0.449365 0.759034 0.191466 0.396214 0.669944 0.598407 0.906562 0.938087 0.243312 0.191234 0.247989 0.312784 0.143124 0.141823 0.375294 0.597124 0.350788 0.395961 0.654239 0.552657 0.629855 0.468489 0.182721 0.192424 0.242666 0.228406 0.258594 0.218546 0.750933 0.438629 0.462585 0.356164 0.448123 0.449560 0.461088 0.541119 0.278299 0.259918 0.224094 0.244822 0.163176 0.180828 0.177333 0.155738 0.313144 0.217452 0.171511 0.181361 0.456382 0.239525 0.217734 0.265118 0.458129 0.536332 0.574055 0.634332 0.310552 0.251651 0.211642 0.336828 0.155668 0.169063 0.401260 0.273300 0.248180 0.401972 0.976130 0.837327 0.390981 0.456474 0.371159 0.430220 0.372526 0.565857 0.427483 0.394224 0.283044 0.485543 0.211438 0.167940 0.358619 0.409003 0.250513 0.207866 0.231441 0.237537 0.699335 0.449610 0.561404 0.355443 0.506209 0.351874 0.296239 0.402759 0.456311 0.954431
0.387631 0.434145 0.400738 0.383060 0.786883 0.576010 0.346180 0.329158 0.000000 0.343203 0.395151 0.370401 0.388369 0.476618 0.469157 0.425330 0.433206 0.417305 0.393386 0.359138 0.685546 0.924966 0.418555 0.633912 0.686641 0.680548 0.936704 0.831631 0.427217 0.394798 0.410181 0.530717 0.371994 0.374065 0.513873 0.736237 0.439039 0.526853 0.788221 0.759075 0.734165 0.740496 0.409385 0.406855 0.441312 0.416559 0.428373 0.445397 0.872374 0.568839 0.588787 0.510227 0.613904 0.638598 0.633437 0.649334 0.443395 0.440895 0.430879 0.425650 0.335548 0.320972 0.419011 0.413603 0.422081 0.357190 0.400797 0.389299 0.430307 0.418817 0.398237 0.477496 0.358793 0.374273 0.680105 0.600531 0.450871 0.394782 0.494645 0.467881 0.405015 0.432245 0.660567 0.547219 0.490151 0.647269 0.901033 0.697961 0.581056 0.662687 0.536267 0.540878 0.543743 0.604300 0.617063 0.525644 0.562978 0.790122 0.368403 0.386648 0.506839 0.511885 0.505990 0.387311 0.470494 0.482359 0.755826 0.583909 0.666393 0.507867 0.519894 0.541167 0.413324 0.656816 0.577419 0.858486
0.311903 0.348567 0.368935 0.284021 0.686215 0.419043 0.225451 0.171756 0.343203 0.000000 0.326708 0.274841 0.306259 0.345403 0.339004 0.332673 0.296251 0.297448 0.284575 0.327316 0.572475 0.732882 0.342747 0.561697 0.832713 0.688120 0.873581 0.913556 0.339704 0.277969 0.374163 0.420175 0.270804 0.253960 0.418318 0.687956 0.460726 0.505931 0.709877 0.603552 0.753327 0.487559 0.317474 0.331802 0.349491 0.356250 0.432862 0.348431 0.857192 0.558228 0.557859 0.459026 0.544959 0.526885 0.575545 0.581254 0.379509 0.394385 0.350422 0.379699 0.280072 0.279199 0.307171 0.272065 0.434082 0.297009 0.286941 0.305077 0.472858 0.322404 0.324738 0.340948 0.419269 0.510205 0.610013 0.548323 0.400749 0.283076 0.343555 0.405878 0.247327 0.283921 0.540437 0.378260 0.437850 0.596459 0.956995 0.754550 0.499386 0.634127 0.394408 0.414955 0.377808 0.521280 0.562802 0.383492 0.374913 0.564760 0.245148 0.241173 0.408143 0.393137 0.357600 0.270914 0.355438 0.331487 0.716434 0.472851 0.669626 0.421912 0.563818 0.417123 0.359693 0.412574 0.538024 0.972888
0.143754 0.230234 0.337748 0.359885 0.741182 0.584578 0.269674 0.274008 0.395151 0.326708 0.000000 0.160949 0.175434 0.271986 0.274775 0.256307 0.155449 0.153499 0.165211 0.160226 0.551989 0.923234 0.351842 0.501005 0.771675 0.722473 0.905062 0.822902 0.208834 0.162284 0.318649 0.344896 0.212778 0.194732 0.546423 0.699142 0.434759 0.477439 0.748792 0.650909 0.582870 0.577907 0.338445 0.290297 0.429066 0.326065 0.345456 0.333864 0.920778 0.545213 0.617751 0.510874 0.606301 0.692547 0.586060 0.635205 0.201856 0.221327 0.255898 0.283287 0.165300 0.227512 0.163967 0.185977 0.459910 0.299892 0.331008 0.371042 0.255086 0.231401 0.313961 0.307771 0.365263 0.358638 0.668371 0.570572 0.411743 0.299371 0.220073 0.199884 0.181382 0.230238 0.446672 0.361423 0.388289 0.578847 0.966635 0.787024 0.462265 0.670568 0.691743 0.793744 0.723470 0.876199 0.546367 0.572662 0.421743 0.622575 0.371756 0.359271 0.602548 0.590101 0.357331 0.334958 0.415538 0.343694 0.733380 0.721309 0.664082 0.444057 0.668803 0.465861 0.436842 0.501084 0.474952 0.966338
0.130317 0.126068 0.371806 0.284129 0.707918 0.520369 0.270869 0.169889 0.370401 0.274841 0.160949 0.000000 0.106152 0.117870 0.137482 0.131559 0.110270 0.089008 0.131635 0.116366 0.510589 0.803468 0.232101 0.370132 0.699428 0.717084 0.930298 0.963221 0.123778 0.099646 0.279122 0.300910 0.144766 0.161436 0.516153 0.667395 0.346887 0.434959 0.731782 0.599101 0.598632 0.464038 0.261091 0.232154 0.306351 0.244273 0.270833 0.257247 0.715122 0.436182 0.507785 0.397854 0.544277 0.615732 0.546864 0.601927 0.142669 0.130603 0.245529 0.244611 0.159151 0.147866 0.112328 0.086832 0.452444 0.304675 0.333739 0.330731 0.341105 0.201929 0.222401 0.260440 0.452766 0.502038 0.663497 0.542704 0.292653 0.212879 0.166052 0.200671 0.112601 0.152099 0.311020 0.250173 0.276404 0.419846 0.946712 0.877517 0.416208 0.531335 0.599317 0.679334 0.618083 0.822720 0.394836 0.455218 0.356105 0.485908 0.263503 0.229193 0.514908 0.621412 0.267492 0.251514 0.295909 0.280450 0.740683 0.576783 0.617995 0.380932 0.559057 0.361007 0.367454 0.390033 0.446948 0.947855
0.127370 0.156711 0.323713 0.261071 0.638435 0.518447 0.250475 0.173728 0.388369 0.306259 0.175434 0.106152 0.000000 0.125698 0.110825 0.124047 0.155152 0.127819 0.145133 0.166363 0.436714 0.837901 0.176526 0.305586 0.632430 0.670913 0.966936 0.947707 0.161150 0.132006 0.243448 0.301006 0.150322 0.178373 0.514533 0.681288 0.302587 0.386434 0.692348 0.627069 0.605513 0.450765 0.246399 0.227931 0.312665 0.249305 0.248378 0.245264 0.732156 0.428224 0.495549 0.376387 0.540619 0.572523 0.524217 0.585195 0.175308 0.156430 0.240866 0.246265 0.136723 0.154833 0.105525 0.101142 0.363146 0.282186 0.317653 0.330120 0.403081 0.253001 0.227159 0.276011 0.477435 0.501814 0.657467 0.581773 0.355630 0.250120 0.187023 0.234816 0.128355 0.166298 0.303653 0.244596 0.205126 0.345053 0.973321 0.931313 0.390686 0.453145 0.602484 0.676286 0.610943 0.819028 0.414261 0.447313 0.349213 0.491275 0.296002 0.260671 0.548750 0.597564 0.260815 0.266916 0.299319 0.259713 0.716494 0.574527 0.592798 0.403627 0.611903 0.399024 0.392624 0.434024 0.433750 0.992919
0.213987 0.149871 0.446660 0.315784 0.707932 0.598166 0.358714 0.215410 0.476618 0.345403 0.271986 0.117870 0.125698 0.000000 0.109898 0.102494 0.179720 0.147797 0.198303 0.191240 0.467754 0.788738 0.182770 0.254603 0.629006 0.714275 0.969065 0.957108 0.140197 0.132704 0.267911 0.285060 0.181834 0.215131 0.521940 0.683644 0.359822 0.443172 0.724519 0.601373 0.653502 0.435639 0.293899 0.274287 0.359004 0.297996 0.295107 0.270048 0.690613 0.464522 0.539257 0.442315 0.555609 0.636225 0.566976 0.632055 0.188295 0.166433 0.306437 0.315378 0.220507 0.193453 0.148857 0.107942 0.454926 0.355176 0.394301 0.391953 0.456816 0.292282 0.269154 0.360931 0.564455 0.659153 0.739313 0.611149 0.320250 0.242426 0.220736 0.267803 0.158723 0.172379 0.225772 0.236196 0.236407 0.300142 0.944002 0.970228 0.448399 0.466417 0.676270 0.738248 0.690629 0.911281 0.393359 0.456775 0.396525 0.438086 0.361249 0.285935 0.570224 0.699806 0.280071 0.289933 0.337382 0.295805 0.789276 0.599983 0.617823 0.431298 0.600484 0.420100 0.449218 0.414672 0.478142 0.980278
0.209167 0.192238 0.393766 0.281002 0.684071 0.575238 0.331343 0.218745 0.469157 0.339004 0.274775 0.137482 0.110825 0.109898 0.000000 0.115963 0.204169 0.168218 0.213962 0.223143 0.420934 0.771956 0.170843 0.270387 0.578172 0.643027 0.954161 0.983681 0.190840 0.152217 0.260990 0.300269 0.192771 0.227852 0.495751 0.720608 0.298679 0.421572 0.714004 0.591234 0.639894 0.461839 0.285922 0.257777 0.351401 0.284821 0.301587 0.261834 0.691303 0.435931 0.520697 0.394416 0.542879 0.582163 0.516186 0.580018 0.224544 0.191952 0.312432 0.303396 0.205742 0.178409 0.167389 0.135024 0.375587 0.310467 0.387644 0.387090 0.472253 0.305277 0.278703 0.332913 0.524216 0.612333 0.709256 0.609296 0.350052 0.264145 0.216704 0.274028 0.166246 0.176406 0.285907 0.242566 0.208499 0.288782 0.892243 0.935947 0.393449 0.394668 0.643840 0.701357 0.650281 0.868202 0.398083 0.422259 0.377252 0.489532 0.338612 0.276033 0.582114 0.659256 0.289420 0.282998 0.310915 0.297323 0.718175 0.571242 0.628663 0.446504 0.636275 0.398597 0.433772 0.432726 0.474308 0.976630
0.222051 0.194589 0.380606 0.264830 0.673225 0.565450 0.326997 0.210759 0.425330 0.332673 0.256307 0.131559 0.124047 0.102494 0.115963 0.000000 0.188910 0.149072 0.188074 0.191330 0.435527 0.791783 0.156033 0.247009 0.573651 0.648002 0.974563 0.998330 0.151760 0.126641 0.236403 0.264113 0.172560 0.198449 0.532141 0.737800 0.315362 0.437574 0.655728 0.532041 0.646125 0.417443 0.273958 0.245221 0.388568 0.313533 0.291144 0.269879 0.765380 0.482311 0.578051 0.467256 0.569917 0.641010 0.571480 0.632077 0.214169 0.193470 0.307954 0.317878 0.205366 0.181102 0.162057 0.123368 0.393426 0.294435 0.361806 0.367408 0.420539 0.279778 0.260378 0.312973 0.517889 0.632264 0.694990 0.605341 0.342697 0.233115 0.206100 0.252978 0.155111 0.160681 0.230028 0.203812 0.238411 0.281516 0.960111 0.941708 0.433577 0.430799 0.661577 0.716382 0.675709 0.871528 0.418398 0.431075 0.430482 0.486767 0.376455 0.307767 0.589028 0.632146 0.265625 0.262750 0.315003 0.285333 0.741172 0.657035 0.635591 0.423765 0.661676 0.438004 0.458214 0.430006 0.496180 0.998381
0.146775 0.144724 0.425617 0.364699 0.719960 0.604927 0.299657 0.222269 0.433206 0.296251 0.155449 0.110270 0.155152 0.179720 0.204169 0.188910 0.000000 0.091665 0.145310 0.140035 0.534051 0.796403 0.322443 0.463000 0.765951 0.788267 0.948782 0.873263 0.125013 0.109316 0.338241 0.324874 0.189743 0.155280 0.564078 0.699610 0.399455 0.469952 0.768265 0.607071 0.587489 0.469226 0.299947 0.236024 0.343301 0.272558 0.303740 0.278488 0.790364 0.486067 0.582566 0.447368 0.616097 0.674425 0.606330 0.641464 0.127711 0.131898 0.239434 0.253666 0.190257 0.198635 0.133542 0.118476 0.520007 0.345956 0.360883 0.348245 0.302598 0.197956 0.284569 0.291778 0.419330 0.461357 0.673045 0.517188 0.332974 0.255938 0.163050 0.165852 0.113407 0.165792 0.373487 0.286208 0.360558 0.507352 0.955459 0.867616 0.476312 0.614023 0.680192 0.729942 0.689696 0.831029 0.426223 0.459981 0.374083 0.456400 0.312630 0.255432 0.595682 0.630496 0.280305 0.260902 0.348023 0.286597 0.762573 0.633877 0.640763 0.388932 0.555680 0.374401 0.437791 0.349342 0.518265 0.855167
0.134200 0.116710 0.388214 0.324535 0.690141 0.553384 0.271741 0.197043 0.417305 0.297448 0.153499 0.089008 0.127819 0.147797 0.168218 0.149072 0.091665 0.000000 0.119239 0.112717 0.479465 0.818676 0.275509 0.415797 0.724774 0.768056 0.935104 0.910251 0.110432 0.090286 0.311551 0.314318 0.157006 0.149004 0.538112 0.710297 0.381069 0.443766 0.752299 0.595558 0.623067 0.444935 0.254974 0.197689 0.321255 0.241015 0.281088 0.239272 0.771397 0.463060 0.559470 0.431553 0.566960 0.641439 0.561831 0.630878 0.108417 0.113230 0.236077 0.241659 0.167486 0.184744 0.108091 0.095474 0.481369 0.330882 0.339616 0.335154 0.302157 0.205930 0.246197 0.242135 0.438368 0.485785 0.648955 0.575912 0.298265 0.210532 0.157887 0.169017 0.099022 0.143452 0.331599 0.254539 0.319397 0.461554 0.981580 0.860914 0.463716 0.579385 0.630907 0.692956 0.645363 0.819436 0.426297 0.450985 0.376514 0.481482 0.294327 0.242673 0.573186 0.620557 0.261377 0.241449 0.299120 0.274325 0.742676 0.644105 0.615945 0.379083 0.556137 0.351018 0.381607 0.367795 0.457266 0.917897
0.125635 0.166506 0.258444 0.225250 0.635112 0.558386 0.168248 0.159290 0.393386 0.284575 0.165211 0.131635 0.145133 0.198303 0.213962 0.188074 0.145310 0.119239 0.000000 0.124890 0.465323 0.814144 0.230150 0.398257 0.637063 0.669547 0.919601 0.818691 0.167169 0.128122 0.228820 0.271749 0.133565 0.120831 0.442792 0.649149 0.365075 0.401103 0.615566 0.570345 0.677115 0.469123 0.212344 0.179041 0.308342 0.240602 0.256589 0.194748 0.805451 0.441815 0.538207 0.413894 0.542784 0.554060 0.502487 0.638964 0.182330 0.183097 0.186807 0.197170 0.127108 0.192916 0.118140 0.131991 0.378683 0.244521 0.245398 0.237453 0.289709 0.180534 0.206080 0.231978 0.414549 0.444642 0.560031 0.600186 0.334084 0.256284 0.189808 0.191940 0.119449 0.139210 0.362314 0.249231 0.279444 0.423582 0.995312 0.848583 0.391550 0.557979 0.613951 0.694333 0.629526 0.804982 0.465130 0.482411 0.344147 0.490966 0.306880 0.258319 0.546554 0.543962 0.277741 0.240853 0.304739 0.260490 0.658373 0.604091 0.550367 0.371701 0.547473 0.377828 0.397884 0.434359 0.454572 0.942117
0.147225 0.161246 0.325944 0.272331 0.759428 0.559075 0.257982 0.198367 0.359138 0.327316 0.160226 0.116366 0.166363 0.191240 0.223143 0.191330 0.140035 0.112717 0.124890 0.000000 0.475388 0.817367 0.269740 0.388969 0.629658 0.659147 0.950879 0.906503 0.158413 0.115777 0.252882 0.251152 0.170329 0.149268 0.501633 0.670044 0.381314 0.449209 0.725943 0.618382 0.596459 0.546844 0.249106 0.217851 0.358796 0.268992 0.279554 0.259954 0.821779 0.463724 0.584904 0.467307 0.581253 0.649180 0.553622 0.618656 0.176614 0.170212 0.252678 0.249122 0.190829 0.211175 0.152916 0.145973 0.456644 0.317342 0.312659 0.311746 0.284339 0.197269 0.232465 0.266628 0.363620 0.396847 0.652876 0.570459 0.322372 0.239461 0.174880 0.162989 0.129946 0.148760 0.396015 0.296954 0.338904 0.473712 0.973462 0.849004 0.418350 0.592630 0.646748 0.733272 0.670096 0.854157 0.439215 0.527299 0.401264 0.556839 0.334084 0.280197 0.550036 0.624943 0.320102 0.278071 0.349043 0.278602 0.720868 0.658053 0.572569 0.365535 0.560293 0.404903 0.426624 0.437989 0.451003 0.927533
0.515366 0.529302 0.449677 0.400697 0.702546 0.725034 0.466131 0.449365 0.685546 0.572475 0.551989 0.510589 0.436714 0.467754 0.420934 0.435527 0.534051 0.479465 0.465323 0.475388 0.000000 0.776850 0.375735 0.427794 0.493906 0.635899 0.982203 0.984487 0.534144 0.461319 0.439031 0.532628 0.468096 0.454018 0.640463 0.870137 0.478378 0.552505 0.657378 0.704396 0.701313 0.587350 0.488846 0.479696 0.646357 0.564012 0.522425 0.480214 0.925255 0.624858 0.768297 0.687286 0.773142 0.658601 0.524777 0.723106 0.570744 0.529338 0.535340 0.536754 0.500682 0.527930 0.474442 0.474241 0.482141 0.531033 0.533854 0.542528 0.667947 0.599480 0.494792 0.508046 0.617118 0.754553 0.734259 0.911030 0.576795 0.519420 0.469693 0.549470 0.467629 0.419013 0.554239 0.476804 0.441335 0.513528 0.967190 0.934722 0.645368 0.552696 0.708346 0.740615 0.676816 0.875588 0.612401 0.534505 0.590455 0.724308 0.661153 0.556175 0.754549 0.679910 0.501097 0.514156 0.497028 0.455666 0.835497 0.778462 0.532808 0.595193 0.774243 0.703155 0.555985 0.663243 0.639257 0.880975
0.834205 0.828923 0.799590 0.724914 0.939288 0.856654 0.809008 0.759034 0.924966 0.732882 0.923234 0.803468 0.837901 0.788738 0.771956 0.791783 0.796403 0.818676 0.814144 0.817367 0.776850 0.000000 0.721164 0.766570 0.889274 0.823564 0.869593 0.933220 0.783046 0.761144 0.769984 0.768722 0.784258 0.761693 0.783496 0.787967 0.695995 0.713935 0.830571 0.713459 0.846420 0.754969 0.703383 0.726639 0.787404 0.792129 0.851030 0.836486 0.827144 0.817758 0.879161 0.791759 0.801083 0.760435 0.816229 0.863081 0.871205 0.865610 0.815605 0.892503 0.866796 0.848566 0.848394 0.823058 0.805903 0.798179 0.789580 0.790332 0.932949 0.741818 0.757539 0.809729 0.807572 0.876613 0.805671 0.671745 0.834928 0.802018 0.799479 0.772433 0.785220 0.771779 0.785838 0.740942 0.795527 0.768244 0.941493 0.823853 0.740607 0.828458 0.912754 0.908197 0.904675 0.881503 0.801657 0.681956 0.880116 0.790214 0.771306 0.738435 0.783238 0.762753 0.797251 0.662286 0.778496 0.734760 0.987916 0.805828 0.944302 0.779844 0.857659 0.791464 0.836778 0.841285 0.819618 0.978781
0.272323 0.299427 0.249373 0.166810 0.675966 0.543293 0.254285 0.191466 0.418555 0.342747 0.351842 0.232101 0.176526 0.182770 0.170843 0.156033 0.322443 0.275509 0.230150 0.269740 0.375735 0.721164 0.000000 0.198135 0.452217 0.471330 0.939789 0.989552 0.275118 0.236189 0.154557 0.229016 0.181390 0.225970 0.422826 0.667589 0.274619 0.408745 0.567268 0.556221 0.747612 0.443640 0.271406 0.285016 0.413627 0.359823 0.311480 0.285116 0.816752 0.501742 0.594083 0.474277 0.519182 0.523650 0.465345 0.592116 0.372404 0.335613 0.332280 0.338419 0.232440 0.254198 0.228104 0.225026 0.241514 0.235444 0.297283 0.310445 0.529190 0.332949 0.248035 0.353628 0.517626 0.630970 0.655025 0.730549 0.375995 0.301574 0.284368 0.361140 0.212081 0.185756 0.314650 0.218310 0.154305 0.205860 0.946979 0.910643 0.333682 0.366156 0.599041 0.657251 0.589815 0.809965 0.431012 0.440313 0.425468 0.550647 0.411015 0.337556 0.551913 0.593390 0.329476 0.310947 0.372255 0.282359 0.763459 0.564069 0.629369 0.479220 0.685140 0.489858 0.464528 0.548421 0.481458 0.999549
0.460563 0.444089 0.421700 0.317567 0.728332 0.738983 0.501356 0.396214 0.633912 0.561697 0.501005 0.370132 0.305586 0.254603 0.270387 0.247009 0.463000 0.415797 0.398257 0.388969 0.427794 0.766570 0.198135 0.000000 0.357058 0.525072 0.972742 0.901484 0.359302 0.338209 0.289980 0.283287 0.333278 0.383861 0.544550 0.766623 0.403945 0.543885 0.580843 0.653017 0.835980 0.585543 0.486018 0.488415 0.653234 0.598866 0.494133 0.480454 0.900854 0.684792 0.797786 0.700541 0.729428 0.767891 0.612241 0.735270 0.515262 0.474943 0.561090 0.550289 0.434855 0.417841 0.379547 0.370747 0.408763 0.412572 0.514628 0.562374 0.654542 0.483826 0.432052 0.569332 0.631112 0.772343 0.810922 0.772422 0.525335 0.445946 0.404073 0.470969 0.364062 0.304268 0.313121 0.294865 0.290461 0.213750 0.845785 0.723827 0.472321 0.410506 0.833167 0.912478 0.828683 0.946095 0.515999 0.598440 0.653199 0.602871 0.666577 0.551924 0.718649 0.839234 0.527490 0.489079 0.525353 0.497262 0.892475 0.779038 0.710175 0.652263 0.780987 0.654427 0.722839 0.614296 0.652072 0.922488
0.731333 0.725168 0.502416 0.473158 0.968636 0.877791 0.677195 0.669944 0.686641 0.832713 0.771675 0.699428 0.632430 0.629006 0.578172 0.573651 0.765951 0.724774 0.637063 0.629658 0.493906 0.889274 0.452217 0.357058 0.000000 0.375928 0.831357 0.917234 0.689706 0.651722 0.425551 0.541152 0.623711 0.658563 0.600833 0.894187 0.562240 0.763771 0.579241 0.841307 0.848851 0.849242 0.669216 0.700509 0.876902 0.819942 0.645798 0.649577 0.932325 0.796989 0.981546 0.880410 0.943282 0.927142 0.690904 0.849815 0.823589 0.745472 0.790926 0.725234 0.713009 0.723849 0.735727 0.731616 0.486468 0.593518 0.708616 0.699843 0.744556 0.735687 0.642494 0.718216 0.589586 0.729964 0.841449 0.946617 0.703673 0.726765 0.694877 0.677150 0.671368 0.571893 0.707527 0.603958 0.560258 0.471173 0.896918 0.883336 0.737153 0.537397 0.943408 0.980357 0.888123 0.961033 0.684918 0.811616 0.838908 0.862939 0.880394 0.820451 0.926573 0.947127 0.877477 0.727841 0.737432 0.715187 0.903084 0.867806 0.733662 0.762777 0.828634 0.880421 0.909404 0.898245 0.828271 0.891951
0.715722 0.814521 0.383219 0.389094 0.969763 0.616392 0.563375 0.598407 0.680548 0.688120 0.722473 0.717084 0.670913 0.714275 0.643027 0.648002 0.788267 0.768056 0.669547 0.659147 0.635899 0.823564 0.471330 0.525072 0.375928 0.000000 0.738800 0.757758 0.730601 0.694242 0.404459 0.507114 0.574650 0.607999 0.424050 0.778246 0.569474 0.848515 0.580199 0.696257 0.925887 0.814521 0.588082 0.640348 0.780989 0.723936 0.537622 0.585714 0.967680 0.729568 0.876506 0.752634 0.709368 0.770541 0.566906 0.587542 0.904666 0.832941 0.646323 0.621836 0.641163 0.673153 0.734557 0.760487 0.357416 0.419320 0.501133 0.501145 0.769861 0.649670 0.685304 0.713156 0.597386 0.680753 0.692109 0.886075 0.694111 0.759290 0.693259 0.691197 0.657052 0.572449 0.807387 0.633615 0.509935 0.500322 0.918107 0.866778 0.562858 0.462239 0.819974 0.890848 0.763864 0.951569 0.661997 0.852546 0.742393 0.899154 0.789846 0.703144 0.790665 0.792752 0.783944 0.684704 0.745577 0.651363 0.851273 0.815726 0.854385 0.739684 0.996460 0.829826 0.779753 0.911793 0.669192 0.991948
0.898419 0.947510 0.992022 0.986935 0.890713 0.986473 0.910455 0.906562 0.936704 0.873581 0.905062 0.930298 0.966936 0.969065 0.954161 0.974563 0.948782 0.935104 0.919601 0.950879 0.982203 0.869593 0.939789 0.972742 0.831357 0.738800 0.000000 0.892461 0.985913 0.967405 0.873531 0.911890 0.949484 0.986438 0.930785 0.924789 0.996956 0.923037 0.946832 0.867521 0.923663 0.951435 0.957160 0.931901 0.935542 0.950320 0.945301 0.993787 0.970705 0.989082 0.855861 0.966367 0.983478 0.965634 0.919843 0.965515 0.952118 0.999061 0.962763 0.979062 0.910009 0.894562 0.905666 0.906867 0.940851 0.997073 0.947017 0.991497 0.944658 0.969294 0.970261 0.951541 0.987717 0.957567 0.950258 0.859071 0.997721 0.864826 0.998581 0.899509 0.945600 0.947956 0.947830 0.992502 0.997884 0.937791 0.917942 0.851117 0.831407 0.896980 0.783612 0.840349 0.813355 0.828514 0.884209 0.884479 0.918353 0.918286 0.839803 0.899917 0.928349 0.992104 0.886547 0.952718 0.807297 0.983682 0.936793 0.961998 0.847017 0.854071 0.904018 0.932800 0.847186 0.948529 0.999330 0.921651
0.874387 0.912047 0.904874 0.987591 0.775525 0.720858 0.835096 0.938087 0.831631 0.913556 0.822902 0.963221 0.947707 0.957108 0.983681 0.998330 0.873263 0.910251 0.818691 0.906503 0.984487 0.933220 0.989552 0.901484 0.917234 0.757758 0.892461 0.000000 0.930304 0.904227 0.998376 0.971618 0.970995 0.858295 0.996475 0.946339 0.947725 0.834038 0.801135 0.893619 0.910293 0.936177 0.912701 0.875470 0.899134 0.884759 0.952619 0.849475 0.900517 0.881931 0.936450 0.886141 0.978822 0.844666 0.972560 0.882823 0.851469 0.913510 0.894018 0.917926 0.850031 0.918707 0.926858 0.947294 0.960719 0.940160 0.882121 0.912925 0.843454 0.859071 0.901341 0.866488 0.772685 0.741161 0.942117 0.993229 0.983785 0.977580 0.946489 0.852749 0.930549 0.967197 0.967271 0.959377 0.979865 0.914357 0.894908 0.985807 0.945379 0.918729 0.970792 0.952143 0.980885 0.897538 0.995858 0.911084 0.980654 0.935878 0.916883 0.982270 0.841438 0.864874 0.873750 0.916161 0.953739 0.915434 0.838896 0.968264 0.939462 0.931938 0.759694 0.913729 0.987364 0.971339 0.988405 0.990174
0.195846 0.145942 0.433400 0.354426 0.671006 0.597161 0.336055 0.243312 0.427217 0.339704 0.208834 0.123778 0.161150 0.140197 0.190840 0.151760 0.125013 0.110432 0.167169 0.158413 0.534144 0.783046 0.275118 0.359302 0.689706 0.730601 0.985913 0.930304 0.000000 0.111055 0.301166 0.290756 0.166756 0.164031 0.544786 0.693656 0.396863 0.512493 0.717585 0.590281 0.697300 0.447786 0.300316 0.244006 0.373899 0.291396 0.282645 0.252095 0.752285 0.497255 0.582893 0.454922 0.590292 0.674370 0.578888 0.627238 0.147088 0.155092 0.266049 0.282770 0.199793 0.189564 0.138404 0.124565 0.492556 0.331173 0.358538 0.350164 0.316482 0.208365 0.288866 0.346416 0.460222 0.525084 0.693505 0.564928 0.350270 0.241731 0.191306 0.195204 0.121101 0.164016 0.308457 0.242001 0.310447 0.397694 0.979247 0.952660 0.484351 0.535573 0.726091 0.775337 0.724168 0.917113 0.412143 0.512728 0.435294 0.479057 0.367540 0.284114 0.581319 0.636682 0.285725 0.251355 0.333648 0.310155 0.785581 0.722659 0.706840 0.441191 0.544765 0.425557 0.471396 0.338349 0.486860 0.924317
0.163038 0.159586 0.341472 0.265420 0.716040 0.584879 0.260063 0.191234 0.394798 0.277969 0.162284 0.099646 0.132006 0.132704 0.152217 0.126641 0.109316 0.090286 0.128122 0.115777 0.461319 0.761144 0.236189 0.338209 0.651722 0.694242 0.967405 0.904227 0.111055 0.000000 0.255431 0.239830 0.148994 0.131039 0.498747 0.713289 0.343949 0.446787 0.714738 0.581666 0.636451 0.479801 0.262932 0.203882 0.369457 0.275651 0.296978 0.232821 0.831021 0.482838 0.597449 0.472122 0.582577 0.640855 0.546906 0.613304 0.156714 0.161101 0.246961 0.269728 0.171171 0.175572 0.127160 0.111686 0.427204 0.279450 0.317839 0.316038 0.307023 0.196680 0.273067 0.296684 0.406303 0.472628 0.621770 0.545063 0.340156 0.217666 0.145960 0.170383 0.109525 0.129469 0.316047 0.220737 0.311899 0.408084 0.929621 0.956955 0.439142 0.562757 0.680423 0.735530 0.702033 0.862288 0.411415 0.470434 0.424495 0.483689 0.350607 0.268823 0.580579 0.599709 0.286548 0.229206 0.324779 0.266094 0.735881 0.674302 0.622736 0.345211 0.551008 0.393458 0.420058 0.386995 0.496647 0.970997
0.287952 0.346339 0.213292 0.178343 0.823760 0.577742 0.246562 0.247989 0.410181 0.374163 0.318649 0.279122 0.243448 0.267911 0.260990 0.236403 0.338241 0.311551 0.228820 0.252882 0.439031 0.769984 0.154557 0.289980 0.425551 0.404459 0.873531 0.998376 0.301166 0.255431 0.000000 0.190094 0.195890 0.226694 0.427809 0.718432 0.316926 0.490137 0.537855 0.595483 0.743180 0.587316 0.291602 0.289977 0.469286 0.401344 0.331942 0.300334 0.909742 0.561040 0.675715 0.556041 0.570983 0.590246 0.475847 0.583167 0.403504 0.372409 0.324551 0.339805 0.247966 0.310202 0.282946 0.293929 0.273795 0.229119 0.282987 0.303116 0.424106 0.305085 0.302784 0.366204 0.407793 0.489805 0.610499 0.702919 0.427195 0.341800 0.330358 0.306473 0.259307 0.221440 0.427353 0.291343 0.252586 0.332410 0.920319 0.963156 0.320355 0.464918 0.708301 0.776437 0.695523 0.875139 0.486623 0.572439 0.407501 0.618255 0.482905 0.421063 0.602260 0.552342 0.439122 0.376909 0.454809 0.302139 0.702463 0.650247 0.662461 0.472731 0.717320 0.569964 0.540111 0.561836 0.536147 0.994703
0.339540 0.386671 0.332648 0.264215 0.866116 0.636847 0.344188 0.312784 0.530717 0.420175 0.344896 0.300910 0.301006 0.285060 0.300269 0.264113 0.324874 0.314318 0.271749 0.251152 0.532628 0.768722 0.229016 0.283287 0.541152 0.507114 0.911890 0.971618 0.290756 0.239830 0.190094 0.000000 0.258220 0.225367 0.539029 0.718802 0.428022 0.629356 0.595280 0.607653 0.830834 0.644229 0.383965 0.368353 0.557542 0.483311 0.430266 0.347059 0.993196 0.659070 0.779622 0.670104 0.655145 0.696758 0.565241 0.680491 0.417252 0.418403 0.392606 0.423686 0.321482 0.363469 0.290172 0.313693 0.410157 0.298178 0.355328 0.379080 0.471200 0.335032 0.413428 0.468888 0.467150 0.568081 0.625533 0.674148 0.512676 0.353111 0.274750 0.317170 0.249681 0.214532 0.391938 0.236061 0.323048 0.317115 0.867058 0.869401 0.348056 0.537298 0.821598 0.921439 0.810114 0.969161 0.524650 0.592830 0.540850 0.627783 0.582244 0.473869 0.688182 0.685835 0.489326 0.403624 0.541665 0.401244 0.762409 0.800505 0.737373 0.519095 0.734480 0.593048 0.651807 0.559687 0.604889 0.942760
0.150136 0.209800 0.223560 0.181364 0.639440 0.523322 0.173366 0.143124 0.371994 0.270804 0.212778 0.144766 0.150322 0.181834 0.192771 0.172560 0.189743 0.157006 0.133565 0.170329 0.468096 0.784258 0.181390 0.333278 0.623711 0.574650 0.949484 0.970995 0.166756 0.148994 0.195890 0.258220 0.000000 0.126371 0.394696 0.623123 0.321704 0.415752 0.627100 0.529327 0.719211 0.486375 0.222434 0.202262 0.311934 0.242783 0.254873 0.228226 0.755255 0.466646 0.520379 0.410684 0.512350 0.518766 0.430355 0.497952 0.238386 0.216753 0.184929 0.213811 0.130593 0.182764 0.135964 0.142783 0.300039 0.196852 0.214013 0.207223 0.352117 0.177395 0.232647 0.261259 0.418876 0.499466 0.580516 0.675774 0.313226 0.237534 0.183756 0.224011 0.125171 0.127348 0.366608 0.230594 0.204306 0.325147 0.922771 0.948653 0.326116 0.450263 0.571092 0.620889 0.567723 0.752823 0.419397 0.480576 0.377556 0.524207 0.289449 0.237823 0.500539 0.458014 0.258486 0.222940 0.273826 0.281611 0.737843 0.584884 0.632577 0.403724 0.583017 0.377356 0.399130 0.396267 0.460578 0.984618
0.159416 0.225815 0.253710 0.196589 0.694303 0.526057 0.166921 0.141823 0.374065 0.253960 0.194732 0.161436 0.178373 0.215131 0.227852 0.198449 0.155280 0.149004 0.120831 0.149268 0.454018 0.761693 0.225970 0.383861 0.658563 0.607999 0.986438 0.858295 0.164031 0.131039 0.226694 0.225367 0.126371 0.000000 0.373138 0.638726 0.332645 0.415497 0.589766 0.529996 0.693168 0.473615 0.222090 0.188709 0.314642 0.252256 0.257094 0.213130 0.823183 0.466134 0.554938 0.429584 0.504450 0.545755 0.437616 0.539870 0.218863 0.214971 0.181741 0.218858 0.139215 0.186993 0.134364 0.148612 0.317461 0.193350 0.179583 0.193752 0.336327 0.173637 0.260027 0.284682 0.403312 0.484612 0.596836 0.608463 0.336677 0.255140 0.164583 0.206398 0.108588 0.117982 0.361454 0.221447 0.244734 0.372587 0.999093 0.907994 0.353035 0.493752 0.571243 0.644285 0.571814 0.753082 0.445491 0.440746 0.349603 0.473278 0.311748 0.235233 0.483718 0.472221 0.237695 0.203622 0.293142 0.230267 0.738519 0.599473 0.640674 0.389834 0.548517 0.361330 0.385478 0.375111 0.473946 0.956237
0.469557 0.565594 0.365974 0.322751 0.795741 0.606180 0.381153 0.375294 0.513873 0.418318 0.546423 0.516153 0.514533 0.521940 0.495751 0.532141 0.564078 0.538112 0.442792 0.501633 0.640463 0.783496 0.422826 0.544550 0.600833 0.424050 0.930785 0.996475 0.544786 0.498747 0.427809 0.539029 0.394696 0.373138 0.000000 0.566740 0.496473 0.562763 0.659963 0.710893 0.884171 0.629685 0.426332 0.475513 0.469029 0.464624 0.478272 0.433469 0.792700 0.528366 0.605966 0.515861 0.505118 0.603344 0.464161 0.480042 0.609779 0.580489 0.430432 0.423124 0.410960 0.434403 0.501186 0.501356 0.303264 0.320850 0.313044 0.339867 0.548405 0.466053 0.514516 0.585512 0.503419 0.606582 0.691498 0.763888 0.491432 0.542130 0.541557 0.572204 0.436494 0.386326 0.629715 0.511041 0.384910 0.476365 0.997871 0.963940 0.535460 0.495939 0.563773 0.632404 0.551970 0.665406 0.741654 0.640835 0.488398 0.604931 0.452760 0.402178 0.509573 0.650005 0.476572 0.455293 0.444336 0.431226 0.753487 0.535054 0.790698 0.649458 0.657607 0.425861 0.562553 0.726217 0.580059 0.976619
0.651973 0.672385 0.675011 0.651453 0.798028 0.838223 0.668110 0.597124 0.736237 0.687956 0.699142 0.667395 0.681288 0.683644 0.720608 0.737800 0.699610 0.710297 0.649149 0.670044 0.870137 0.787967 0.667589 0.766623 0.894187 0.778246 0.924789 0.946339 0.693656 0.713289 0.718432 0.718802 0.623123 0.638726 0.566740 0.000000 0.733875 0.553168 0.885169 0.720140 0.946223 0.794546 0.658793 0.714692 0.687821 0.715976 0.752892 0.648644 0.899374 0.781332 0.750815 0.654033 0.716659 0.749136 0.852884 0.825863 0.702333 0.694811 0.636471 0.619102 0.656600 0.669245 0.639834 0.649342 0.750751 0.723260 0.598328 0.613962 0.830833 0.664691 0.678582 0.802537 0.852650 0.913135 0.875763 0.716477 0.733881 0.772578 0.685389 0.746474 0.646230 0.674609 0.692286 0.734752 0.661358 0.710777 0.886874 0.904042 0.717317 0.674716 0.795201 0.849313 0.822539 0.848444 0.809733 0.690587 0.657069 0.664261 0.658860 0.674516 0.671193 0.766218 0.633091 0.623172 0.721309 0.654837 0.676343 0.677359 0.871442 0.857843 0.703694 0.719744 0.759202 0.819414 0.626445 0.974968
0.344953 0.376475 0.377385 0.308979 0.818078 0.589294 0.381848 0.350788 0.439039 0.460726 0.434759 0.346887 0.302587 0.359822 0.298679 0.315362 0.399455 0.381069 0.365075 0.381314 0.478378 0.695995 0.274619 0.403945 0.562240 0.569474 0.996956 0.947725 0.396863 0.343949 0.316926 0.428022 0.321704 0.332645 0.496473 0.733875 0.000000 0.382947 0.651742 0.648757 0.729189 0.499407 0.364907 0.360596 0.412260 0.368471 0.392661 0.354722 0.676650 0.440681 0.521323 0.423215 0.576323 0.572256 0.499329 0.482701 0.423124 0.387257 0.361392 0.381265 0.330614 0.342321 0.357592 0.342507 0.340543 0.375909 0.382421 0.408263 0.569928 0.388773 0.350624 0.397243 0.605301 0.626555 0.657217 0.625154 0.397685 0.404353 0.402631 0.414153 0.338918 0.315821 0.512967 0.306036 0.268335 0.361784 0.960113 0.924833 0.398411 0.396035 0.607720 0.673102 0.599366 0.723602 0.431789 0.565756 0.415062 0.524156 0.398599 0.387024 0.533902 0.594602 0.331329 0.416064 0.369291 0.278777 0.819790 0.563579 0.674649 0.600144 0.763071 0.522141 0.537569 0.607790 0.482523 0.893197
0.402382 0.439717 0.455406 0.430626 0.687289 0.822538 0.435471 0.395961 0.526853 0.505931 0.477439 0.434959 0.386434 0.443172 0.421572 0.437574 0.469952 0.443766 0.401103 0.449209 0.552505 0.713935 0.408745 0.543885 0.763771 0.848515 0.923037 0.834038 0.512493 0.446787 0.490137 0.629356 0.415752 0.415497 0.562763 0.553168 0.382947 0.000000 0.690080 0.622301 0.804929 0.580260 0.354333 0.391138 0.460144 0.419751 0.504972 0.443879 0.703604 0.494131 0.512701 0.473936 0.618138 0.557159 0.619990 0.648697 0.445701 0.456205 0.435772 0.439500 0.366416 0.403267 0.386288 0.391613 0.419326 0.457807 0.440492 0.477141 0.662482 0.469580 0.447732 0.569651 0.707880 0.692429 0.874974 0.731978 0.475568 0.519461 0.490542 0.506752 0.443825 0.456483 0.514705 0.478983 0.406880 0.522674 0.894990 0.944780 0.498607 0.565204 0.582770 0.638290 0.673955 0.711700 0.522619 0.417618 0.475129 0.554999 0.426094 0.435248 0.571010 0.603824 0.365805 0.379312 0.441073 0.378650 0.689986 0.500237 0.558382 0.536998 0.641989 0.573955 0.558433 0.654791 0.423923 0.951917
