0.000000 0.374820 0.948537 0.820507 0.929895 0.910214 0.996370 0.984784 0.867064 0.845305 0.450563 0.459830 0.781431 0.867267 0.980117 0.826197 0.416957 0.390483 0.659348 0.513271 0.864502 0.945302 0.902514 0.821925 0.847389 0.795106 0.878502 0.942712 0.607719 0.480866 0.834876 0.993657 0.676358 0.670455 0.977433 0.895089 0.934008 0.993298 0.888282 0.987252 0.868986 0.903244 0.777640 0.855160 0.971879 0.968641 0.932169 0.923413 0.776699 0.833814 0.922522 0.875945 0.900947 0.655638 0.723513 0.645604 0.370714 0.377071 0.585325 0.596966 0.531307 0.539123 0.413207 0.381203 0.892920 0.989089 0.960550 0.986952 0.554504 0.572587 0.968904 0.768951 0.902084 0.861927 0.918557 0.983261 0.799814 0.878557 0.712636 0.749517 0.313464 0.356469 0.608259 0.469181 0.677726 0.908844 0.779583 0.761834 0.664219 0.760815 0.752792 0.622723 0.710853 0.639148 0.824135 0.985091 0.721500 0.893405 0.991920 0.900462 0.932779 0.929954 0.812160 0.840252 0.927612 0.981836 0.920659 0.880208 0.874209 0.774046 0.955286 0.995211 0.709194 0.984088 0.974028 0.773658
0.374820 0.000000 0.967135 0.914129 0.966187 0.980841 0.883973 0.983654 0.722186 0.682481 0.596728 0.446765 0.907090 0.953951 0.935775 0.818641 0.438873 0.410008 0.827697 0.571106 0.864588 0.937584 0.816432 0.838715 0.987294 0.930207 0.920967 0.983453 0.743150 0.635804 0.774164 0.864152 0.756200 0.795438 0.938877 0.887662 0.827482 0.971911 0.948982 0.873515 0.795384 0.907548 0.807340 0.867151 0.792423 0.848491 0.860248 0.993069 0.993178 0.999642 0.986188 0.976154 0.735717 0.517846 0.678332 0.671472 0.394364 0.356712 0.695201 0.679233 0.696945 0.638601 0.525124 0.491137 0.962250 0.875272 0.971905 0.930169 0.503227 0.560291 0.963115 0.727815 0.919398 0.875605 0.970004 0.978178 0.830110 0.944001 0.779114 0.673702 0.395762 0.364044 0.660154 0.432197 0.711181 0.829829 0.761836 0.829901 0.684911 0.755270 0.663258 0.596796 0.749864 0.656768 0.896841 0.950548 0.791355 0.946383 0.804384 0.770459 0.873344 0.785992 0.988587 0.975430 0.949743 0.986733 0.885687 0.848477 0.842684 0.763207 0.890612 0.901031 0.660833 0.960246 0.986472 0.887915
0.948537 0.967135 0.000000 0.409234 0.962217 0.633601 0.470359 0.430711 0.763557 0.985563 0.968290 0.899674 0.711416 0.640613 0.804134 0.610106 0.828408 0.832456 0.781322 0.943919 0.909872 0.965237 0.756697 0.514217 0.549517 0.626599 0.868239 0.899331 0.961900 0.912104 0.753177 0.852726 0.834037 0.737941 0.882542 0.991701 0.761512 0.825406 0.683100 0.844864 0.937603 0.924000 0.516109 0.744904 0.976766 0.904613 0.672022 0.684215 0.830463 0.898690 0.975335 0.852405 0.912305 0.868332 0.843345 0.912228 0.820103 0.842247 0.996014 0.936536 0.793867 0.746107 0.779117 0.722173 0.440520 0.474870 0.579456 0.696123 0.900217 0.926139 0.815305 0.861116 0.828776 0.815176 0.794077 0.831151 0.713470 0.805049 0.975588 0.949173 0.828680 0.947644 0.829790 0.971525 0.721235 0.409534 0.857454 0.815649 0.756644 0.908082 0.496311 0.522010 0.506657 0.490683 0.955264 0.643725 0.847755 0.985753 0.843078 0.681569 0.653849 0.741261 0.870507 0.929972 0.671033 0.721711 0.850428 0.760251 0.943202 0.828635 0.799451 0.804188 0.738742 0.851426 0.797241 0.994789
0.820507 0.914129 0.409234 0.000000 0.851536 0.674728 0.608118 0.342918 0.874224 0.953861 0.895708 0.952772 0.937793 0.839541 0.930814 0.754626 0.711201 0.728287 0.970346 0.946682 0.809782 0.993357 0.957541 0.626855 0.514984 0.469581 0.902893 0.842253 0.704344 0.728194 0.806303 0.860812 0.939915 0.844730 0.996189 0.944174 0.752458 0.764631 0.587882 0.684014 0.915203 0.974119 0.422045 0.628964 0.897945 0.885061 0.621505 0.628349 0.743410 0.869785 0.906416 0.845942 0.862226 0.867475 0.891368 0.849676 0.730999 0.751515 0.974854 0.977596 0.951821 0.963853 0.638842 0.569267 0.597577 0.456546 0.542044 0.586642 0.906402 0.921450 0.740523 0.813090 0.903288 0.841902 0.897355 0.912442 0.635182 0.709666 0.990739 0.972858 0.687573 0.809834 0.921910 0.820805 0.978374 0.500759 0.990600 0.621597 0.881264 0.976191 0.504154 0.522752 0.433036 0.473338 0.938336 0.705357 0.884430 0.841512 0.941032 0.794885 0.656704 0.782657 0.925231 0.876714 0.669192 0.647010 0.798565 0.680496 0.896041 0.909009 0.840963 0.926679 0.643698 0.789480 0.806554 0.875037
0.929895 0.966187 0.962217 0.851536 0.000000 0.912597 0.831787 0.891848 0.702725 0.847041 0.876931 0.860257 0.634526 0.724414 0.659649 0.684162 0.918686 0.961411 0.758187 0.928353 0.813441 0.977146 0.570825 0.757253 0.907944 0.801767 0.875057 0.880833 0.796074 0.862705 0.932619 0.953331 0.879485 0.978821 0.932992 0.935221 0.766315 0.923895 0.827627 0.786790 0.964826 0.810214 0.906270 0.769691 0.856710 0.921072 0.895183 0.938018 0.985253 0.963032 0.846272 0.989888 0.945590 0.875298 0.823534 0.997745 0.961170 0.901476 0.892364 0.756298 0.762214 0.776953 0.961759 0.932358 0.717106 0.986748 0.872619 0.776918 0.853710 0.837421 0.890301 0.823465 0.996859 0.940652 0.893181 0.922405 0.836713 0.990376 0.993773 0.900864 0.991274 0.938976 0.738604 0.962906 0.560174 0.954405 0.768030 0.733215 0.920104 0.833686 0.919187 0.815639 0.911730 0.861390 0.901325 0.947165 0.878599 0.649339 0.914134 0.782610 0.903942 0.879136 0.893322 0.970369 0.991013 0.854683 0.935046 0.850364 0.958205 0.860268 0.817754 0.828165 0.969093 0.925619 0.963380 0.903857
0.910214 0.980841 0.633601 0.674728 0.912597 0.000000 0.802474 0.753477 0.940258 0.874274 0.969549 0.907263 0.860649 0.751355 0.891703 0.727341 0.799523 0.872106 0.996304 0.953749 0.749078 0.970555 0.910240 0.705389 0.513276 0.503424 0.896924 0.644852 0.865484 0.786821 0.872959 0.926610 0.857469 0.806760 0.637432 0.830913 0.863712 0.897771 0.729151 0.648110 0.798824 0.989624 0.681053 0.853050 0.986096 0.993293 0.760075 0.845266 0.751860 0.742969 0.963270 0.870936 0.918343 0.868755 0.885928 0.795215 0.852994 0.897097 0.907762 0.953076 0.861951 0.807336 0.797437 0.804736 0.541810 0.528723 0.556925 0.598869 0.864829 0.913162 0.884268 0.856536 0.991740 0.935556 0.763103 0.999196 0.889667 0.728182 0.859208 0.981568 0.812545 0.988420 0.938213 0.991121 0.778509 0.530568 0.818465 0.868771 0.917775 0.805736 0.634283 0.736790 0.594250 0.688712 0.885660 0.667637 0.892835 0.987196 0.885879 0.772264 0.703197 0.893997 0.921727 0.967833 0.739846 0.708998 0.873055 0.950749 0.933101 0.927201 0.942085 0.828488 0.801859 0.905607 0.846762 0.809256
0.996370 0.883973 0.470359 0.608118 0.831787 0.802474 0.000000 0.459133 0.564965 0.637335 0.844658 0.938747 0.447441 0.493218 0.552974 0.516076 0.961597 0.972385 0.471089 0.781717 0.994735 0.902550 0.552076 0.617061 0.862071 0.961080 0.989133 0.980473 0.769647 0.798712 0.632407 0.583078 0.657619 0.623243 0.984729 0.934877 0.960365 0.991647 0.995603 0.922267 0.988278 0.972806 0.596408 0.683655 0.683017 0.688964 0.789049 0.621663 0.887140 0.823286 0.932254 0.839254 0.876384 0.889399 0.943205 0.915776 0.840347 0.756615 0.985961 0.869374 0.627551 0.759166 0.973825 0.868528 0.614428 0.793250 0.722558 0.904592 0.752358 0.830969 0.669685 0.698353 0.665481 0.693797 0.944425 0.801460 0.617364 0.744189 0.953409 0.975879 0.891236 0.909671 0.863707 0.904571 0.691898 0.684129 0.942026 0.951312 0.772632 0.900935 0.429941 0.460234 0.563574 0.539904 0.971668 0.869819 0.882720 0.917267 0.591756 0.464642 0.710463 0.513031 0.968255 0.787730 0.814968 0.932272 0.897671 0.666158 0.923720 0.936014 0.781446 0.691453 0.693607 0.821691 0.935863 0.789638
0.984784 0.983654 0.430711 0.342918 0.891848 0.753477 0.459133 0.000000 0.791432 0.883143 0.871065 0.894109 0.780629 0.714635 0.940797 0.727978 0.890142 0.893493 0.730465 0.871181 0.851946 0.970744 0.973218 0.685081 0.664251 0.623121 0.998331 0.934602 0.946769 0.995817 0.771622 0.736667 0.877125 0.656336 0.937945 0.965232 0.790440 0.838518 0.710095 0.817759 0.933792 0.967295 0.472535 0.593866 0.983220 0.776259 0.631306 0.559279 0.957278 0.933033 0.824847 0.771503 0.920349 0.876952 0.774221 0.738622 0.847138 0.851715 0.814754 0.870839 0.833563 0.792299 0.858510 0.764423 0.668194 0.533286 0.536531 0.646772 0.938475 0.981213 0.760022 0.733841 0.758476 0.785774 0.921519 0.941207 0.590414 0.701296 0.950546 0.966267 0.859571 0.939337 0.989523 0.880432 0.957108 0.540569 0.948223 0.699628 0.856289 0.899177 0.452871 0.550216 0.447495 0.553426 0.953515 0.762516 0.793145 0.862317 0.788825 0.706290 0.592574 0.672035 0.926405 0.780711 0.735002 0.699602 0.846761 0.616948 0.898431 0.909100 0.801123 0.791449 0.704357 0.741061 0.879889 0.905881
0.867064 0.722186 0.763557 0.874224 0.702725 0.940258 0.564965 0.791432 0.000000 0.458172 0.941425 0.907165 0.637864 0.678534 0.577956 0.538847 0.921007 0.864725 0.611541 0.977966 0.931916 0.971959 0.486447 0.621669 0.937290 0.848180 0.875656 0.841150 0.847604 0.859957 0.691010 0.747293 0.907121 0.898032 0.985376 0.882262 0.807800 0.840330 0.795453 0.738950 0.907679 0.948117 0.938785 0.973028 0.799456 0.889594 0.871428 0.992106 0.882451 0.827490 0.859020 0.965876 0.735681 0.682395 0.777972 0.841720 0.727268 0.699938 0.788034 0.714375 0.883187 0.887591 0.919895 0.881128 0.752721 0.923572 0.932830 0.784492 0.599646 0.720308 0.778407 0.844166 0.852656 0.943039 0.814314 0.965223 0.884995 0.867865 0.965416 0.843799 0.845619 0.819868 0.961614 0.759334 0.800865 0.989387 0.944865 0.808322 0.982774 0.971902 0.667720 0.546907 0.899764 0.668076 0.935905 0.939478 0.898679 0.781189 0.787913 0.647099 0.978246 0.657378 0.961065 0.982646 0.924503 0.964284 0.945489 0.822542 0.967187 0.885581 0.914109 0.848988 0.724655 0.846010 0.963817 0.972547
0.845305 0.682481 0.985563 0.953861 0.847041 0.874274 0.637335 0.883143 0.458172 0.000000 0.955379 0.793368 0.742482 0.829947 0.636990 0.707445 0.944697 0.874417 0.657590 0.995667 0.895460 0.970783 0.559547 0.881921 0.745563 0.716547 0.999257 0.738631 0.768790 0.764601 0.615393 0.603076 0.955997 0.903161 0.790659 0.935829 0.830118 0.825236 0.729682 0.549702 0.873881 0.914480 0.979374 0.920011 0.686777 0.769035 0.750275 0.994675 0.639818 0.619942 0.962081 0.943458 0.592413 0.525771 0.849744 0.771274 0.774417 0.725890 0.812503 0.854338 0.941476 0.949919 0.969810 0.983177 0.969231 0.649351 0.792528 0.642035 0.671726 0.790808 0.864347 0.693457 0.723710 0.809052 0.992849 0.978600 0.781026 0.934837 0.992513 0.909228 0.904048 0.776380 0.968386 0.682780 0.982582 0.712033 0.911319 0.788249 0.964032 0.970023 0.766717 0.642417 0.981847 0.742505 0.986644 0.967199 0.846244 0.883450 0.751536 0.636890 0.984404 0.646124 0.935914 0.994957 0.863996 0.827180 0.955114 0.778644 0.867295 0.849372 0.899692 0.850622 0.739044 0.875683 0.838847 0.923330
0.450563 0.596728 0.968290 0.895708 0.876931 0.969549 0.844658 0.871065 0.941425 0.955379 0.000000 0.500115 0.653725 0.737452 0.844814 0.969038 0.518538 0.472271 0.575863 0.492683 0.986571 0.993544 0.998512 0.922363 0.860885 0.861716 0.843365 0.994053 0.530852 0.457739 0.993944 0.888959 0.611862 0.590104 0.928422 0.924890 0.954651 0.994256 0.824309 0.978785 0.882088 0.848308 0.879247 0.987684 0.921724 0.906075 0.993470 0.862823 0.709391 0.768894 0.869293 0.828356 0.977874 0.791600 0.852571 0.592138 0.563604 0.560530 0.551507 0.675334 0.529404 0.574342 0.476664 0.467871 0.944127 0.987722 0.852617 0.956609 0.800005 0.697560 0.926493 0.862897 0.885044 0.897564 0.875285 0.918448 0.951166 0.952238 0.734558 0.736920 0.486285 0.501563 0.703686 0.602200 0.772139 0.908901 0.958027 0.828689 0.827792 0.760377 0.971211 0.797973 0.894344 0.768223 0.813966 0.946968 0.768880 0.997056 0.924310 0.971546 0.927042 0.963858 0.770869 0.810045 0.888569 0.992497 0.864349 0.870568 0.965268 0.819927 0.992966 0.952766 0.830122 0.903115 0.960567 0.805645
0.459830 0.446765 0.899674 0.952772 0.860257 0.907263 0.938747 0.894109 0.907165 0.793368 0.500115 0.000000 0.735317 0.728025 0.943554 0.993776 0.528061 0.520489 0.710285 0.556515 0.836319 0.974521 0.974047 0.989196 0.979386 0.954327 0.878670 0.939175 0.644328 0.608716 0.875402 0.866422 0.652213 0.686488 0.867526 0.955132 0.821663 0.954219 0.967225 0.943626 0.878505 0.930192 0.854475 0.851840 0.911372 0.873226 0.909018 0.973155 0.996763 0.953267 0.941446 0.892620 0.778366 0.625407 0.773926 0.615361 0.506812 0.511997 0.636436 0.726720 0.546382 0.442027 0.529610 0.529587 0.943758 0.787069 0.802576 0.870044 0.697911 0.692114 0.993195 0.748239 0.857105 0.900558 0.878912 0.998603 0.861589 0.943186 0.806567 0.734726 0.503686 0.424304 0.585675 0.560731 0.638501 0.736772 0.812113 0.799386 0.758229 0.710768 0.893096 0.738241 0.917532 0.809332 0.855821 0.997209 0.709195 0.987752 0.926479 0.936087 0.948196 0.989373 0.914006 0.915535 0.953101 0.972518 0.834125 0.945502 0.903749 0.877021 0.912893 0.964776 0.725903 0.974613 0.940062 0.868944
0.781431 0.907090 0.711416 0.937793 0.634526 0.860649 0.447441 0.780629 0.637864 0.742482 0.653725 0.735317 0.000000 0.408689 0.394071 0.461064 0.793630 0.736668 0.427532 0.603726 0.880592 0.860130 0.465129 0.617701 0.962893 0.835310 0.999090 0.948544 0.554867 0.640922 0.758402 0.693794 0.542190 0.616742 0.913299 0.986005 0.874107 0.960660 0.897170 0.854244 0.935984 0.982177 0.855751 0.885810 0.642162 0.794763 0.904655 0.814889 0.839236 0.875782 0.994613 0.875488 0.866375 0.951647 0.964921 0.862837 0.925271 0.992392 0.963150 0.788937 0.452497 0.621951 0.764342 0.815281 0.610448 0.909422 0.889813 0.981986 0.846847 0.872858 0.747320 0.947842 0.798259 0.824070 0.989358 0.850028 0.779359 0.853059 0.862216 0.913197 0.883497 0.873790 0.659700 0.834111 0.477073 0.748092 0.778217 0.712032 0.736760 0.824270 0.728461 0.754219 0.853175 0.827419 0.947967 0.992560 0.979627 0.793087 0.682538 0.551409 0.874763 0.644591 0.958153 0.849269 0.836713 0.964755 0.945126 0.913282 0.912414 0.965203 0.991144 0.753511 0.859314 0.871441 0.918248 0.777416
0.867267 0.953951 0.640613 0.839541 0.724414 0.751355 0.493218 0.714635 0.678534 0.829947 0.737452 0.728025 0.408689 0.000000 0.530281 0.504148 0.916628 0.878018 0.549874 0.707026 0.976942 0.836122 0.585030 0.584148 0.897315 0.962276 0.977597 0.984579 0.649191 0.854242 0.771196 0.731408 0.562012 0.582294 0.729300 0.931242 0.953680 0.975263 0.951460 0.978282 0.975791 0.976331 0.752847 0.791680 0.652511 0.716965 0.731044 0.710544 0.881917 0.839340 0.845041 0.711891 0.843719 0.892564 0.934713 0.810323 0.975885 0.931550 0.849567 0.879194 0.491992 0.589470 0.801267 0.887659 0.604902 0.769852 0.711135 0.817388 0.782196 0.861420 0.771858 0.913906 0.921641 0.813160 0.937727 0.791006 0.759927 0.835178 0.891367 0.914901 0.971102 0.924309 0.636756 0.882137 0.516371 0.611175 0.893158 0.755135 0.698226 0.699433 0.644912 0.732845 0.732757 0.774564 0.975122 0.963776 0.896993 0.851055 0.670699 0.582168 0.829905 0.744174 0.984422 0.942256 0.883267 0.972318 0.999978 0.892534 0.999562 0.908679 0.952674 0.782562 0.855339 0.832337 0.905793 0.896714
0.980117 0.935775 0.804134 0.930814 0.659649 0.891703 0.552974 0.940797 0.577956 0.636990 0.844814 0.943554 0.394071 0.530281 0.000000 0.421844 0.893450 0.851786 0.616886 0.822198 0.896835 0.889637 0.380992 0.676814 0.997440 0.809526 0.899406 0.965344 0.591653 0.728177 0.669054 0.694857 0.599942 0.792347 0.868247 0.942855 0.862675 0.845456 0.790241 0.742728 0.955042 0.930672 0.927865 0.929042 0.652731 0.836744 0.962690 0.958045 0.850890 0.936228 0.878981 0.984008 0.793871 0.816368 0.917714 0.897946 0.905312 0.875772 0.829140 0.607778 0.643709 0.804137 0.903242 0.902517 0.621357 0.923510 0.951827 0.818146 0.650541 0.726852 0.850126 0.913814 0.837229 0.868049 0.988587 0.830287 0.813611 0.836609 0.961072 0.958000 0.984766 0.930608 0.715649 0.928322 0.589733 0.888673 0.787702 0.748688 0.859131 0.951305 0.803315 0.738108 0.954995 0.834622 0.937757 0.928444 0.878156 0.721498 0.711052 0.605842 0.953994 0.754331 0.910595 0.996429 0.924469 0.885013 0.932611 0.937275 0.951683 0.922267 0.993249 0.721420 0.850678 0.879733 0.984327 0.821438
0.826197 0.818641 0.610106 0.754626 0.684162 0.727341 0.516076 0.727978 0.538847 0.707445 0.969038 0.993776 0.461064 0.504148 0.421844 0.000000 0.877670 0.932234 0.705019 0.921681 0.934565 0.926119 0.437817 0.447756 0.733836 0.898461 0.818033 0.916567 0.817863 0.992873 0.631383 0.747323 0.754449 0.858086 0.859262 0.978084 0.979590 0.952809 0.949698 0.940253 0.968677 0.972180 0.683109 0.799120 0.789432 0.856531 0.901629 0.892015 0.956776 0.917781 0.884536 0.964262 0.853127 0.843032 0.881267 0.946568 0.729177 0.709448 0.753936 0.587297 0.821460 0.862171 0.843204 0.810585 0.445499 0.826602 0.897115 0.971407 0.596523 0.663073 0.740652 0.870344 0.899239 0.789638 0.937268 0.796946 0.727853 0.778914 0.998077 0.967284 0.736992 0.802525 0.805946 0.926697 0.653354 0.698676 0.873035 0.927380 0.908731 0.872736 0.597102 0.517063 0.691561 0.543870 0.978175 0.908276 0.868769 0.689302 0.759618 0.573565 0.868306 0.708133 0.811925 0.981717 0.791512 0.965890 0.911939 0.867726 0.954776 0.855203 0.963305 0.764581 0.689749 0.776044 0.852967 0.967300
0.416957 0.438873 0.828408 0.711201 0.918686 0.799523 0.961597 0.890142 0.921007 0.944697 0.518538 0.528061 0.793630 0.916628 0.893450 0.877670 0.000000 0.344845 0.683275 0.572760 0.782051 0.969495 0.944402 0.752190 0.712847 0.668033 0.904823 0.888363 0.543370 0.425260 0.925922 0.983209 0.662481 0.714828 0.992246 0.872829 0.969560 0.942997 0.785877 0.924127 0.917083 0.906042 0.713660 0.888014 0.964435 0.980263 0.983373 0.958372 0.770320 0.784017 0.931290 0.941038 0.990294 0.797446 0.808560 0.737313 0.414266 0.431568 0.679428 0.793042 0.621203 0.674496 0.378943 0.375332 0.812478 0.853532 0.882920 0.917848 0.697444 0.687912 0.963295 0.809484 0.927803 0.893225 0.928864 0.955582 0.847163 0.927671 0.655048 0.664375 0.376023 0.463682 0.658497 0.547628 0.756232 0.957210 0.831814 0.731670 0.751075 0.822418 0.703015 0.632108 0.629620 0.574438 0.944082 0.857047 0.832961 0.961988 0.959357 0.876617 0.791643 0.941974 0.802152 0.840619 0.899446 0.895821 0.849012 0.850310 0.894866 0.886248 0.950039 0.919935 0.744302 0.911680 0.989455 0.723675
0.390483 0.410008 0.832456 0.728287 0.961411 0.872106 0.972385 0.893493 0.864725 0.874417 0.472271 0.520489 0.736668 0.878018 0.851786 0.932234 0.344845 0.000000 0.685633 0.492569 0.807807 0.872470 0.995205 0.799275 0.815771 0.699144 0.919041 0.983974 0.502482 0.457903 0.901666 0.971345 0.609406 0.752294 0.982775 0.906455 0.946593 0.942849 0.838091 0.968847 0.848815 0.886819 0.706277 0.868701 0.971410 0.951384 0.981836 0.974138 0.817328 0.866208 0.976913 0.988196 0.895243 0.705834 0.820726 0.707966 0.411871 0.410752 0.691425 0.769963 0.626232 0.680731 0.383414 0.372192 0.891387 0.874908 0.924033 0.938565 0.632037 0.697137 0.974599 0.792537 0.910140 0.920613 0.977147 0.964830 0.888363 0.916037 0.690880 0.681184 0.383473 0.422275 0.627846 0.439358 0.703620 0.983003 0.791134 0.699684 0.719529 0.802868 0.675571 0.634790 0.652977 0.596437 0.892006 0.803347 0.797570 0.984035 0.944195 0.847307 0.805696 0.900968 0.903204 0.880392 0.953189 0.900867 0.819378 0.826473 0.921181 0.877353 0.909352 0.962027 0.678386 0.954147 0.973095 0.770371
0.659348 0.827697 0.781322 0.970346 0.758187 0.996304 0.471089 0.730465 0.611541 0.657590 0.575863 0.710285 0.427532 0.549874 0.616886 0.705019 0.683275 0.685633 0.000000 0.543463 0.826010 0.868206 0.598696 0.803413 0.819684 0.708654 0.966379 0.831177 0.550873 0.490925 0.803144 0.742802 0.634372 0.584689 0.875578 0.885644 0.820543 0.884019 0.765484 0.800362 0.991008 0.974147 0.994101 0.948171 0.771047 0.842094 0.982190 0.787688 0.721009 0.670444 0.999978 0.864697 0.893223 0.986236 0.949918 0.858191 0.793578 0.881713 0.842603 0.945471 0.479118 0.579368 0.669807 0.727163 0.852400 0.985557 0.949072 0.870029 0.943928 0.991883 0.771551 0.950440 0.691167 0.856694 0.890834 0.944567 0.851792 0.987329 0.842912 0.877549 0.715382 0.715468 0.725457 0.871612 0.572094 0.889088 0.936070 0.689074 0.705441 0.826386 0.757334 0.803978 0.926743 0.901723 0.967255 0.908342 0.857183 0.878203 0.765272 0.661995 0.912544 0.645413 0.935985 0.840905 0.998854 0.948853 0.949021 0.863138 0.905331 0.930866 0.918227 0.742790 0.951710 0.885022 0.989876 0.736497
0.513271 0.571106 0.943919 0.946682 0.928353 0.953749 0.781717 0.871181 0.977966 0.995667 0.492683 0.556515 0.603726 0.707026 0.822198 0.921681 0.572760 0.492569 0.543463 0.000000 0.750745 0.792964 0.879784 0.960910 0.899591 0.790658 0.961949 0.875136 0.618496 0.498496 0.905967 0.987703 0.752719 0.703507 0.847249 0.908173 0.971742 0.948277 0.918775 0.921823 0.897426 0.963233 0.878001 0.937022 0.944998 0.949682 0.964890 0.917131 0.905447 0.937469 0.948563 0.967282 0.764130 0.713683 0.860415 0.651057 0.572802 0.601623 0.742007 0.810089 0.586639 0.610744 0.581860 0.623042 0.920401 0.926175 0.988797 0.931618 0.765371 0.769480 0.797364 0.920970 0.822898 0.952118 0.928202 0.919223 0.926339 0.913028 0.758347 0.759537 0.552412 0.507412 0.605807 0.579549 0.616946 0.835601 0.745615 0.715830 0.620306 0.755931 0.907318 0.882488 0.908279 0.871882 0.872172 0.905843 0.832976 0.957626 0.964479 0.976086 0.973240 0.918874 0.976040 0.899238 0.977929 0.963266 0.941884 0.998376 0.897960 0.820334 0.971775 0.935269 0.872215 0.992524 0.990342 0.799772
0.864502 0.864588 0.909872 0.809782 0.813441 0.749078 0.994735 0.851946 0.931916 0.895460 0.986571 0.836319 0.880592 0.976942 0.896835 0.934565 0.782051 0.807807 0.826010 0.750745 0.000000 0.884864 0.769942 0.932347 0.713361 0.669864 0.940787 0.764116 0.852159 0.771343 0.839440 0.932158 0.973563 0.946840 0.981423 0.904126 0.916104 0.828900 0.807386 0.617767 0.944262 0.876623 0.698930 0.701510 0.883438 0.768210 0.793806 0.824980 0.978370 0.915039 0.841788 0.915704 0.995975 0.960745 0.897435 0.964720 0.913768 0.938603 0.924733 0.981130 0.910523 0.861285 0.887159 0.837815 0.958809 0.868385 0.782089 0.718012 0.917357 0.890533 0.902193 0.963250 0.763089 0.917358 0.993618 0.902420 0.923950 0.892369 0.973413 0.936082 0.850970 0.838249 0.828585 0.991541 0.786145 0.841689 0.905156 0.710622 0.932475 0.924242 0.792023 0.956620 0.765075 0.913857 0.866059 0.800704 0.942786 0.970511 0.915640 0.905007 0.735329 0.904559 0.972216 0.867869 0.883675 0.845102 0.962257 0.958407 0.919607 0.947661 0.929776 0.996442 0.867765 0.841724 0.862701 0.919394
0.945302 0.937584 0.965237 0.993357 0.977146 0.970555 0.902550 0.970744 0.971959 0.970783 0.993544 0.974521 0.860130 0.836122 0.889637 0.926119 0.969495 0.872470 0.868206 0.792964 0.884864 0.000000 0.940056 0.912627 0.962142 0.927994 0.964586 0.993624 0.873517 0.965941 0.984843 0.919776 0.841900 0.864000 0.957968 0.960137 0.986222 0.816719 0.993661 0.900185 0.931160 0.898160 0.941569 0.950426 0.940291 0.903652 0.923254 0.887620 0.950415 0.926271 0.950928 0.967185 0.911298 0.972206 0.934898 0.876199 0.950858 0.992474 0.983255 0.996890 0.968816 0.950595 0.932302 0.998550 0.934004 0.978907 0.957566 0.952891 0.971337 0.939991 0.778059 0.975720 0.982221 0.954695 0.990696 0.879903 0.895720 0.998457 0.941320 0.879050 0.989917 0.954010 0.898569 0.942982 0.813446 0.971037 0.896624 0.764493 0.734757 0.808760 0.998353 0.957831 0.986038 0.907542 0.794563 0.829374 0.961644 0.965979 0.976736 0.908225 0.943629 0.889989 0.980069 0.995580 0.886363 0.935595 0.939483 0.949918 0.989856 0.964279 0.990283 0.890090 0.911809 0.927978 0.971950 0.940377
0.902514 0.816432 0.756697 0.957541 0.570825 0.910240 0.552076 0.973218 0.486447 0.559547 0.998512 0.974047 0.465129 0.585030 0.380992 0.437817 0.944402 0.995205 0.598696 0.879784 0.769942 0.940056 0.000000 0.575271 0.997825 0.763577 0.834416 0.920151 0.713277 0.831065 0.708468 0.763452 0.740109 0.951607 0.913305 0.948197 0.802730 0.873582 0.794107 0.632738 0.915627 0.859385 0.980416 0.946772 0.728186 0.961059 0.878327 0.958036 0.919611 0.945230 0.775752 0.987772 0.774967 0.719492 0.794906 0.799307 0.811610 0.763220 0.710089 0.610877 0.729002 0.831796 0.947289 0.964406 0.584516 0.926437 0.879886 0.710240 0.696779 0.664338 0.836382 0.880425 0.806685 0.819336 0.968260 0.872113 0.849071 0.907028 0.999386 0.909398 0.891270 0.886541 0.744100 0.940668 0.532742 0.921924 0.838549 0.650210 0.858073 0.904178 0.760408 0.597299 0.926563 0.684756 0.990841 0.995369 0.875160 0.697285 0.779143 0.588364 0.959349 0.680661 0.766506 0.905529 0.968110 0.857373 0.941760 0.941090 0.990853 0.901171 0.957598 0.798922 0.796891 0.992586 0.968261 0.966424
0.821925 0.838715 0.514217 0.626855 0.757253 0.705389 0.617061 0.685081 0.621669 0.881921 0.922363 0.989196 0.617701 0.584148 0.676814 0.447756 0.752190 0.799275 0.803413 0.960910 0.932347 0.912627 0.575271 0.000000 0.610843 0.779341 0.750884 0.931252 0.999732 0.858463 0.791231 0.880840 0.881220 0.882443 0.827745 0.946075 0.996288 0.790335 0.841651 0.978585 0.886918 0.931703 0.684881 0.908038 0.943427 0.995325 0.857168 0.894409 0.772552 0.815774 0.908589 0.911031 0.980556 0.933655 0.910522 0.999768 0.706008 0.731087 0.835470 0.734222 0.870472 0.802687 0.769107 0.721840 0.417912 0.620885 0.750101 0.872510 0.752489 0.728171 0.734390 0.938324 0.969562 0.940519 0.844469 0.851532 0.793493 0.742931 0.967056 0.796509 0.702448 0.823771 0.804625 0.908134 0.634522 0.553226 0.804045 0.955744 0.836340 0.911138 0.630271 0.587359 0.649184 0.531273 0.953808 0.781186 0.898265 0.882988 0.882400 0.677998 0.813615 0.756063 0.650354 0.993546 0.729013 0.757908 0.902303 0.877491 0.958420 0.955411 0.956498 0.873424 0.718417 0.920961 0.831909 0.850475
0.847389 0.987294 0.549517 0.514984 0.907944 0.513276 0.862071 0.664251 0.937290 0.745563 0.860885 0.979386 0.962893 0.897315 0.997440 0.733836 0.712847 0.815771 0.819684 0.899591 0.713361 0.962142 0.997825 0.610843 0.000000 0.443222 0.754409 0.719055 0.717966 0.665395 0.842350 0.872161 0.950084 0.923483 0.746849 0.832570 0.687468 0.649908 0.527165 0.619152 0.858964 0.903936 0.557884 0.793235 0.871240 0.982488 0.635486 0.852163 0.640630 0.625939 0.960645 0.870147 0.799007 0.790391 0.840370 0.851741 0.796255 0.872595 0.977770 0.947983 0.951933 0.911798 0.681939 0.685462 0.506866 0.440509 0.557564 0.561171 0.910540 0.934118 0.914119 0.981210 0.942478 0.976862 0.944519 0.951395 0.807338 0.678757 0.922162 0.919116 0.742524 0.885897 0.986919 0.959235 0.902627 0.450231 0.790100 0.688026 0.874769 0.933221 0.717181 0.756685 0.550871 0.632059 0.960170 0.663803 0.934654 0.897630 0.995673 0.855830 0.652603 0.960988 0.807792 0.975524 0.640890 0.594126 0.977376 0.899933 0.930982 0.896471 0.939677 0.972432 0.796803 0.861609 0.723850 0.740140
0.795106 0.930207 0.626599 0.469581 0.801767 0.503424 0.961080 0.623121 0.848180 0.716547 0.861716 0.954327 0.835310 0.962276 0.809526 0.898461 0.668033 0.699144 0.708654 0.790658 0.669864 0.927994 0.763577 0.779341 0.443222 0.000000 0.925804 0.604715 0.628817 0.543956 0.943304 0.979396 0.922305 0.910109 0.783292 0.826727 0.709945 0.787161 0.532944 0.537742 0.891841 0.951253 0.493880 0.672227 0.854404 0.951926 0.618144 0.791904 0.697082 0.720287 0.820495 0.784582 0.865740 0.855271 0.801250 0.790627 0.771647 0.862819 0.865940 0.921014 0.869137 0.993162 0.631506 0.640168 0.672193 0.444037 0.478067 0.462941 0.923504 0.929307 0.938742 0.981883 0.893772 0.896082 0.893005 0.969386 0.789438 0.704890 0.919952 0.959604 0.688455 0.830566 0.886680 0.912428 0.876431 0.530074 0.949868 0.533995 0.945973 0.892547 0.686192 0.781511 0.540609 0.671203 0.936371 0.692923 0.882375 0.789578 0.997736 0.968202 0.668747 0.948631 0.998271 0.985222 0.697104 0.598047 0.934161 0.898536 0.954823 0.938607 0.913476 0.991892 0.788007 0.861071 0.795319 0.725440
0.878502 0.920967 0.868239 0.902893 0.875057 0.896924 0.989133 0.998331 0.875656 0.999257 0.843365 0.878670 0.999090 0.977597 0.899406 0.818033 0.904823 0.919041 0.966379 0.961949 0.940787 0.964586 0.834416 0.750884 0.754409 0.925804 0.000000 0.924326 0.925973 0.851700 0.917990 0.855843 0.917600 0.892796 0.975668 0.815991 0.873606 0.836026 0.867166 0.960244 0.985550 0.888506 0.973306 0.839718 0.799373 0.785582 0.991332 0.908886 0.720396 0.707362 0.759631 0.849638 0.902024 0.953220 0.956868 0.874119 0.830217 0.896886 0.814122 0.818218 0.885158 0.991034 0.830983 0.816634 0.694744 0.831590 0.971936 0.948904 0.981592 0.872495 0.986765 0.954921 0.943418 0.840071 0.975969 0.929213 0.892959 0.972476 0.883000 0.913270 0.891314 0.926649 0.816572 0.888178 0.821032 0.811830 0.754249 0.950558 0.864396 0.983475 0.991772 0.846398 0.946862 0.868604 0.950209 0.924153 0.954705 0.976383 0.902909 0.934797 0.925472 0.928183 0.702469 0.796537 0.909217 0.852420 0.952638 0.954185 0.997707 0.956704 0.924313 0.946196 0.936987 0.903043 0.842721 0.771031
0.942712 0.983453 0.899331 0.842253 0.880833 0.644852 0.980473 0.934602 0.841150 0.738631 0.994053 0.939175 0.948544 0.984579 0.965344 0.916567 0.888363 0.983974 0.831177 0.875136 0.764116 0.993624 0.920151 0.931252 0.719055 0.604715 0.924326 0.000000 0.863444 0.760561 0.977518 0.960540 0.920186 0.997381 0.722328 0.924982 0.985693 0.992328 0.734152 0.686147 0.853811 0.830783 0.742870 0.833097 0.984917 0.995720 0.810111 0.869692 0.837377 0.788325 0.942017 0.917294 0.924209 0.876362 0.867015 0.881698 0.918849 0.979998 0.913722 0.937882 0.994036 0.958731 0.891782 0.908048 0.798105 0.764791 0.743209 0.713964 0.943071 0.964743 0.949483 0.907132 0.834688 0.938296 0.892268 0.964257 0.884478 0.837166 0.913966 0.948015 0.892671 0.942969 0.931666 0.933079 0.984531 0.744992 0.969536 0.787058 0.849608 0.910752 0.898113 0.967647 0.809829 0.890323 0.996481 0.922408 0.988956 0.914458 0.939026 0.951072 0.990441 0.876001 0.992345 0.951006 0.798541 0.763887 0.945512 0.999526 0.906508 0.923389 0.943835 0.943517 0.940611 0.955984 0.934134 0.896493
0.607719 0.743150 0.961900 0.704344 0.796074 0.865484 0.769647 0.946769 0.847604 0.768790 0.530852 0.644328 0.554867 0.649191 0.591653 0.817863 0.543370 0.502482 0.550873 0.618496 0.852159 0.873517 0.713277 0.999732 0.717966 0.628817 0.925973 0.863444 0.000000 0.422668 0.938133 0.813924 0.543993 0.638324 0.980213 0.847841 0.944531 0.790173 0.689534 0.718298 0.975318 0.955401 0.826235 0.981651 0.715471 0.827503 0.922370 0.925317 0.596286 0.684283 0.967767 0.987267 0.847568 0.952860 0.919254 0.903540 0.646269 0.722061 0.834623 0.961972 0.574617 0.698776 0.467359 0.485721 0.954286 0.743916 0.904127 0.801372 0.949440 0.931482 0.971626 0.959671 0.794245 0.946225 0.979957 0.884618 0.961057 0.860363 0.718523 0.781440 0.559428 0.645349 0.609779 0.730454 0.660916 0.950518 0.939152 0.605022 0.817022 0.807099 0.942825 0.881969 0.783580 0.824781 0.910436 0.809210 0.977401 0.759836 0.796171 0.890582 0.889484 0.922044 0.872247 0.841652 0.832348 0.718978 0.874419 0.928325 0.892508 0.994969 0.994868 0.792228 0.856841 0.853663 0.910325 0.715858
0.480866 0.635804 0.912104 0.728194 0.862705 0.786821 0.798712 0.995817 0.859957 0.764601 0.457739 0.608716 0.640922 0.854242 0.728177 0.992873 0.425260 0.457903 0.490925 0.498496 0.771343 0.965941 0.831065 0.858463 0.665395 0.543956 0.851700 0.760561 0.422668 0.000000 0.978684 0.841953 0.678154 0.700022 0.787025 0.803975 0.946350 0.826945 0.626506 0.708023 0.974918 0.943107 0.725593 0.875608 0.887255 0.955240 0.857721 0.983961 0.645403 0.702172 0.934231 0.949612 0.973567 0.877155 0.912943 0.844205 0.532299 0.589292 0.791327 0.808871 0.583485 0.694816 0.477750 0.463897 0.833137 0.742983 0.840105 0.729516 0.789792 0.732131 0.945104 0.966421 0.707803 0.965435 0.975030 0.967418 0.885358 0.882442 0.688622 0.734259 0.440573 0.523774 0.688450 0.686640 0.728526 0.874904 0.871452 0.665383 0.757508 0.924464 0.873102 0.823407 0.720521 0.745380 0.858319 0.863700 0.904378 0.921692 0.892112 0.948646 0.857607 0.824005 0.833918 0.774100 0.836351 0.781842 0.879478 0.933529 0.932368 0.887988 0.967961 0.864826 0.834478 0.925564 0.909907 0.663945
0.834876 0.774164 0.753177 0.806303 0.932619 0.872959 0.632407 0.771622 0.691010 0.615393 0.993944 0.875402 0.758402 0.771196 0.669054 0.631383 0.925922 0.901666 0.803144 0.905967 0.839440 0.984843 0.708468 0.791231 0.842350 0.943304 0.917990 0.977518 0.938133 0.978684 0.000000 0.645604 0.776752 0.790633 0.993906 0.780804 0.926277 0.931743 0.985261 0.967899 0.991538 0.896718 0.732118 0.776208 0.717447 0.715861 0.985175 0.865963 0.847187 0.788030 0.873117 0.786023 0.673829 0.723462 0.916073 0.925667 0.749270 0.765118 0.900238 0.854216 0.961149 0.975300 0.910598 0.894243 0.826088 0.939163 0.838637 0.976853 0.656619 0.740714 0.857126 0.779617 0.917244 0.808874 0.922370 0.832494 0.676010 0.808979 0.966597 0.917182 0.830586 0.722839 0.989756 0.856744 0.981766 0.941425 0.949098 0.949254 0.940879 0.968233 0.709107 0.652846 0.748206 0.701163 0.995831 0.893192 0.977704 0.917979 0.777741 0.638788 0.809529 0.697234 0.973166 0.994045 0.820533 0.870836 0.952971 0.796901 0.977178 0.893179 0.938240 0.860595 0.760083 0.749083 0.917350 0.932759
0.993657 0.864152 0.852726 0.860812 0.953331 0.926610 0.583078 0.736667 0.747293 0.603076 0.888959 0.866422 0.693794 0.731408 0.694857 0.747323 0.983209 0.971345 0.742802 0.987703 0.932158 0.919776 0.763452 0.880840 0.872161 0.979396 0.855843 0.960540 0.813924 0.841953 0.645604 0.000000 0.742758 0.734912 0.968277 0.883060 0.979085 0.876396 0.919581 0.774762 0.940042 0.916409 0.734909 0.684007 0.640238 0.628336 0.915312 0.729093 0.727418 0.669772 0.738435 0.749886 0.604867 0.682204 0.961555 0.934053 0.813337 0.769257 0.966664 0.980177 0.823792 0.957536 0.982399 0.982954 0.967993 0.881978 0.875525 0.993151 0.732218 0.825625 0.775927 0.624385 0.777048 0.687420 0.956820 0.777624 0.716324 0.789753 0.876961 0.909962 0.905054 0.773311 0.985826 0.849709 0.996845 0.941892 0.828759 0.992308 0.956534 0.983536 0.687874 0.730485 0.765545 0.823368 0.957240 0.986832 0.946437 0.890728 0.561081 0.595237 0.885736 0.654886 0.721484 0.799537 0.890371 0.949210 0.811508 0.738624 0.963849 0.990775 0.869996 0.817376 0.751051 0.819733 0.948478 0.813744
0.676358 0.756200 0.834037 0.939915 0.879485 0.857469 0.657619 0.877125 0.907121 0.955997 0.611862 0.652213 0.542190 0.562012 0.599942 0.754449 0.662481 0.609406 0.634372 0.752719 0.973563 0.841900 0.740109 0.881220 0.950084 0.922305 0.917600 0.920186 0.543993 0.678154 0.776752 0.742758 0.000000 0.556938 0.710630 0.976720 0.955599 0.986789 0.923175 0.986436 0.842984 0.901006 0.888231 0.828917 0.656240 0.758720 0.782031 0.854229 0.794237 0.792433 0.725094 0.681493 0.789735 0.997781 0.849990 0.702258 0.765089 0.807306 0.690017 0.893933 0.472278 0.611434 0.590110 0.611539 0.828498 0.925504 0.713483 0.819050 0.973260 0.987206 0.932739 0.956012 0.853526 0.933791 0.988313 0.834708 0.942299 0.884616 0.823659 0.808233 0.722437 0.756055 0.717999 0.664464 0.622475 0.764010 0.890187 0.781522 0.791974 0.822826 0.843543 0.984130 0.897788 0.912842 0.959284 0.969244 0.662449 0.985270 0.681002 0.665584 0.791533 0.852517 0.785150 0.858409 0.867970 0.898998 0.894211 0.979071 0.907104 0.872259 0.831835 0.830559 0.986880 0.827120 0.862776 0.741100
0.670455 0.795438 0.737941 0.844730 0.978821 0.806760 0.623243 0.656336 0.898032 0.903161 0.590104 0.686488 0.616742 0.582294 0.792347 0.858086 0.714828 0.752294 0.584689 0.703507 0.946840 0.864000 0.951607 0.882443 0.923483 0.910109 0.892796 0.997381 0.638324 0.700022 0.790633 0.734912 0.556938 0.000000 0.860557 0.945165 0.960350 0.930562 0.987927 0.927883 0.832848 0.903750 0.749434 0.707959 0.689929 0.621592 0.732439 0.621704 0.723425 0.721316 0.640005 0.649820 0.880108 0.958955 0.697495 0.642946 0.810474 0.846974 0.595955 0.759741 0.492953 0.577278 0.678253 0.740157 0.891308 0.806234 0.627584 0.682290 0.970680 0.973156 0.844795 0.851421 0.933717 0.888434 0.825119 0.876872 0.763069 0.844657 0.833947 0.682106 0.739068 0.792862 0.826239 0.836916 0.786756 0.707482 0.981401 0.966718 0.783014 0.771027 0.699710 0.949780 0.751014 0.979834 0.918229 0.876830 0.815805 0.850601 0.682296 0.694968 0.657170 0.761145 0.700024 0.757444 0.897624 0.789260 0.979271 0.876303 0.957681 0.880584 0.746517 0.651878 0.938868 0.668547 0.918238 0.823385
0.977433 0.938877 0.882542 0.996189 0.932992 0.637432 0.984729 0.937945 0.985376 0.790659 0.928422 0.867526 0.913299 0.729300 0.868247 0.859262 0.992246 0.982775 0.875578 0.847249 0.981423 0.957968 0.913305 0.827745 0.746849 0.783292 0.975668 0.722328 0.980213 0.787025 0.993906 0.968277 0.710630 0.860557 0.000000 0.781748 0.890000 0.969714 0.755335 0.837976 0.840941 0.993808 0.877287 0.939060 0.848604 0.955660 0.795700 0.962908 0.806795 0.877538 0.845322 0.791190 0.860379 0.944161 0.875723 0.865922 0.927998 0.955900 0.953327 0.903404 0.839452 0.838646 0.938034 0.965153 0.772480 0.762322 0.693203 0.637855 0.852327 0.861116 0.972579 0.902922 0.809681 0.997832 0.948045 0.918218 0.973549 0.725366 0.992434 0.904800 0.903298 0.951414 0.950292 0.935381 0.845643 0.749165 0.931153 0.963476 0.991010 0.914527 0.895441 0.962751 0.874452 0.988473 0.905195 0.945585 0.897293 0.986943 0.870021 0.918644 0.940503 0.975611 0.963822 0.968215 0.893032 0.826192 0.932057 0.997240 0.906768 0.979780 0.893503 0.990457 0.982010 0.928961 0.895358 0.929832
0.895089 0.887662 0.991701 0.944174 0.935221 0.830913 0.934877 0.965232 0.882262 0.935829 0.924890 0.955132 0.986005 0.931242 0.942855 0.978084 0.872829 0.906455 0.885644 0.908173 0.904126 0.960137 0.948197 0.946075 0.832570 0.826727 0.815991 0.924982 0.847841 0.803975 0.780804 0.883060 0.976720 0.945165 0.781748 0.000000 0.869719 0.844907 0.815660 0.893999 0.801793 0.948910 0.925256 0.965539 0.977335 0.994291 0.946485 0.932387 0.835071 0.920084 0.859999 0.876189 0.940394 0.947013 0.985049 0.905796 0.822443 0.858430 0.948151 0.950641 0.990812 0.962583 0.922653 0.916982 0.955943 0.899765 0.789264 0.760196 0.897551 0.912943 0.896039 0.961186 0.888805 0.887933 0.944032 0.893011 0.847151 0.966740 0.961168 0.867794 0.824352 0.827753 0.983632 0.916226 0.930906 0.935816 0.963864 0.957829 0.933859 0.924743 0.929977 0.996918 0.814355 0.960835 0.924015 0.949694 0.933390 0.843308 0.897704 0.908048 0.922717 0.952603 0.967561 0.802788 0.813538 0.783600 0.951884 0.987162 0.937912 0.945419 0.976638 0.966886 0.906520 0.906009 0.881227 0.806633
0.934008 0.827482 0.761512 0.752458 0.766315 0.863712 0.960365 0.790440 0.807800 0.830118 0.954651 0.821663 0.874107 0.953680 0.862675 0.979590 0.969560 0.946593 0.820543 0.971742 0.916104 0.986222 0.802730 0.996288 0.687468 0.709945 0.873606 0.985693 0.944531 0.946350 0.926277 0.979085 0.955599 0.960350 0.890000 0.869719 0.000000 0.812588 0.623597 0.828741 0.839045 0.946590 0.831757 0.885559 0.851122 0.988445 0.721051 0.867706 0.906790 0.887633 0.908467 0.963100 0.907926 0.739805 0.703583 0.871248 0.883282 0.846589 0.916666 0.855273 0.944039 0.992200 0.986536 0.975274 0.931028 0.772513 0.768159 0.747027 0.852104 0.892353 0.907934 0.977907 0.862395 0.975377 0.989802 0.884851 0.933910 0.930486 0.877743 0.949548 0.965231 0.898669 0.878881 0.905131 0.949308 0.785374 0.878181 0.839721 0.895330 0.957983 0.998071 0.973832 0.873538 0.912502 0.955717 0.853014 0.879621 0.830380 0.917504 0.985472 0.854824 0.901740 0.961509 0.945689 0.741900 0.817691 0.990648 0.900228 0.988425 0.928783 0.992304 0.985271 0.989276 0.871980 0.808274 0.963096
0.993298 0.971911 0.825406 0.764631 0.923895 0.897771 0.991647 0.838518 0.840330 0.825236 0.994256 0.954219 0.960660 0.975263 0.845456 0.952809 0.942997 0.942849 0.884019 0.948277 0.828900 0.816719 0.873582 0.790335 0.649908 0.787161 0.836026 0.992328 0.790173 0.826945 0.931743 0.876396 0.986789 0.930562 0.969714 0.844907 0.812588 0.000000 0.747386 0.763879 0.965499 0.962154 0.768580 0.946946 0.903239 0.986571 0.760096 0.932151 0.829545 0.780696 0.885729 0.871446 0.839462 0.885393 0.906594 0.851453 0.999635 0.961416 0.945021 0.896603 0.992902 0.908129 0.932327 0.890672 0.802179 0.698412 0.755093 0.772652 0.931850 0.892571 0.893441 0.928553 0.858590 0.993225 0.996526 0.927319 0.902402 0.819072 0.981684 0.918869 0.929278 0.967211 0.922499 0.891137 0.944821 0.711047 0.875443 0.907558 0.721978 0.866238 0.910643 0.969805 0.817894 0.821012 0.872088 0.790540 0.868929 0.811284 0.956226 0.911090 0.716764 0.994971 0.941431 0.999313 0.699952 0.657771 0.970562 0.955400 0.945210 0.883763 0.880069 0.978819 0.897545 0.908051 0.751780 0.863555
