0.000000 0.503074 0.840447 0.604581 0.885005 0.801074 0.666564 0.598279 0.837677 0.684925 0.528173 0.638490 0.941827 0.982564 0.909356 0.909036 0.463455 0.343516 0.529280 0.502635 0.954944 0.926795 0.868898 0.803274 0.913821 0.989713 0.907999 0.986365 0.705499 0.709588 0.941378 0.969956 0.515846 0.541218 0.824029 0.973440 0.580544 0.737016 0.902877 0.916543 0.698802 0.705741 0.856397 0.885889 0.791719 0.638843 0.563157 0.557231 0.600274 0.643982 0.786939 0.784839 0.858844 0.844063 0.541242 0.532866 0.386414 0.440140 0.379109 0.472466 0.644963 0.659122 0.465602 0.420426 0.829191 0.936461 0.692980 0.782466 0.622877 0.594166 0.865337 0.925890 0.977134 0.979263 0.921503 0.879847 0.983033 0.741328 0.809697 0.914241 0.432780 0.370645 0.789008 0.484106 0.667841 0.898827 0.945405 0.970333 0.801367 0.436724 0.792582 0.921475 0.887964 0.862547 0.729718 0.867882 0.644492 0.849784 0.610888 0.654944 0.860954 0.929118 0.444854 0.671508 0.747098 0.629294 0.892522 0.869056 0.974686 0.837766 0.965774 0.715003 0.743327 0.887439 0.861093 0.944493
0.503074 0.000000 0.766237 0.538521 0.849433 0.874254 0.701462 0.649823 0.955304 0.769657 0.746073 0.712448 0.960224 0.809977 0.979203 0.949249 0.580239 0.519235 0.512007 0.449947 0.967094 0.882624 0.893966 0.969776 0.992527 0.951334 0.899137 0.901452 0.805735 0.722181 0.823685 0.850023 0.634243 0.668100 0.902253 0.918133 0.720772 0.692991 0.853013 0.963631 0.722135 0.800625 0.700844 0.680275 0.654066 0.537421 0.675159 0.572767 0.486737 0.495418 0.602382 0.622829 0.664227 0.879904 0.690889 0.695722 0.426755 0.440279 0.527552 0.515963 0.870719 0.766841 0.760707 0.664991 0.959987 0.908962 0.741343 0.713244 0.617384 0.516261 0.643943 0.662099 0.852902 0.841342 0.885151 0.990360 0.794914 0.651373 0.948604 0.830750 0.698449 0.569361 0.801944 0.648318 0.737487 0.910184 0.972762 0.904876 0.870004 0.597866 0.689032 0.756897 0.753031 0.858738 0.788926 0.819559 0.557869 0.848012 0.599342 0.524305 0.838355 0.769320 0.549298 0.574494 0.651569 0.607736 0.914752 0.759999 0.974661 0.713040 0.997422 0.672789 0.619489 0.784464 0.804754 0.996167
0.840447 0.766237 0.000000 0.710202 0.926653 0.722895 0.679636 0.986659 0.745909 0.967120 0.952718 0.858320 0.911061 0.908219 0.974055 0.839909 0.927672 0.837063 0.883352 0.825706 0.953002 0.952379 0.925395 0.990101 0.816746 0.823969 0.915446 0.984779 0.992090 0.955962 0.838980 0.939698 0.787193 0.977044 0.781574 0.964286 0.632963 0.736476 0.985998 0.958729 0.814655 0.755195 0.929957 0.877266 0.856978 0.894231 0.943711 0.910897 0.838266 0.738685 0.731491 0.760398 0.727990 0.724656 0.914689 0.842372 0.710494 0.615296 0.736376 0.902093 0.985734 0.865057 0.983785 0.950200 0.759280 0.795312 0.708080 0.945787 0.728079 0.730137 0.886387 0.714695 0.912195 0.976544 0.846470 0.892413 0.881457 0.806801 0.886286 0.872055 0.992446 0.995582 0.771246 0.720562 0.860754 0.939165 0.852557 0.897050 0.857881 0.875885 0.798313 0.770434 0.741864 0.744290 0.831714 0.949985 0.816134 0.874726 0.844400 0.866452 0.967216 0.907933 0.856612 0.931787 0.802450 0.731558 0.863658 0.730533 0.918373 0.823712 0.905170 0.937298 0.788638 0.993653 0.901282 0.814851
0.604581 0.538521 0.710202 0.000000 0.899882 0.770111 0.714601 0.640428 0.936828 0.768044 0.759252 0.773630 0.966909 0.768157 0.906975 0.924889 0.747086 0.644716 0.508419 0.469248 0.938017 0.980747 0.754778 0.828059 0.883826 0.831194 0.994468 0.916219 0.743030 0.738366 0.697870 0.747676 0.676267 0.734302 0.870966 0.919937 0.722085 0.814075 0.965114 0.970076 0.765385 0.824790 0.798327 0.759882 0.758445 0.726121 0.722935 0.603048 0.717943 0.620572 0.690746 0.621119 0.676651 0.860566 0.764679 0.632036 0.557974 0.524617 0.665168 0.584195 0.884479 0.783405 0.746413 0.708816 0.931991 0.913604 0.717756 0.743458 0.758011 0.658926 0.634100 0.655331 0.818921 0.723806 0.956572 0.946490 0.742030 0.707814 0.955819 0.757825 0.802972 0.722116 0.717388 0.700681 0.683850 0.836223 0.961086 0.880814 0.916068 0.621111 0.569996 0.781560 0.633251 0.838763 0.806094 0.906219 0.603803 0.852804 0.604465 0.595803 0.792772 0.887329 0.572312 0.654385 0.572207 0.540132 0.974910 0.825783 0.925985 0.810617 0.923409 0.680094 0.765757 0.840598 0.749145 0.965727
0.885005 0.849433 0.926653 0.899882 0.000000 0.965000 0.952987 0.971704 0.810735 0.936152 0.958005 0.934674 0.723129 0.888961 0.753688 0.754835 0.961701 0.958748 0.924147 0.943971 0.730860 0.957714 0.686465 0.708698 0.930041 0.840628 0.834895 0.911941 0.973540 0.936180 0.924502 0.928038 0.900069 0.944540 0.971609 0.999062 0.940895 0.732474 0.943902 0.906052 0.924490 0.963136 0.722702 0.695741 0.960148 0.897647 0.749327 0.913133 0.850609 0.933599 0.878279 0.938983 0.973009 0.987986 0.913510 0.935761 0.862818 0.953886 0.809991 0.895021 0.923609 0.993982 0.980645 0.990493 0.857923 0.950340 0.881069 0.755417 0.994053 0.950784 0.909189 0.984386 0.944014 0.881511 0.906781 0.916852 0.917401 0.888412 0.785060 0.985659 0.877534 0.999197 0.788047 0.962390 0.716728 0.812199 0.828113 0.781732 0.976017 0.999964 0.868932 0.973050 0.825336 0.975583 0.930762 0.815245 0.958320 0.911768 0.982023 0.949541 0.951927 0.927533 0.997626 0.882195 0.844902 0.981043 0.996409 0.972422 0.883930 0.938432 0.989737 0.998891 0.865703 0.951562 0.952136 0.987175
0.801074 0.874254 0.722895 0.770111 0.965000 0.000000 0.925638 0.741273 0.955344 0.733875 0.841279 0.773776 0.991105 0.828265 0.851423 0.871518 0.872443 0.866637 0.882293 0.914747 0.984350 0.875434 0.958384 0.951971 0.866334 0.928646 0.994352 0.903197 0.847021 0.771776 0.897253 0.982051 0.844701 0.896289 0.893141 0.913648 0.928457 0.991023 0.973577 0.977504 0.967652 0.907225 0.945859 0.946460 0.943958 0.817562 0.802724 0.876171 0.924662 0.994938 0.901554 0.949647 0.975798 0.855180 0.907611 0.786272 0.920185 0.933310 0.858022 0.711347 0.776874 0.631186 0.807854 0.826076 0.809203 0.673032 0.867538 0.780099 0.875379 0.942200 0.872138 0.980649 0.923277 0.870450 0.968151 0.831239 0.953667 0.889650 0.929818 0.959549 0.799202 0.782863 0.935752 0.907778 0.985673 0.921786 0.918280 0.936790 0.928007 0.914975 0.882543 0.927726 0.947267 0.891545 0.984684 0.934856 0.874904 0.798776 0.835349 0.851301 0.847698 0.953974 0.848421 0.826923 0.847766 0.914321 0.891277 0.986303 0.958176 0.936793 0.950692 0.788853 0.941843 0.882434 0.842850 0.916807
0.666564 0.701462 0.679636 0.714601 0.952987 0.925638 0.000000 0.395614 0.765565 0.366351 0.570345 0.743061 0.781025 0.827631 0.629904 0.791129 0.602689 0.551954 0.665772 0.685626 0.835171 0.941994 0.943485 0.780989 0.601293 0.684477 0.696707 0.631517 0.619407 0.573427 0.804154 0.877492 0.640633 0.475873 0.991809 0.936689 0.849208 0.949785 0.836569 0.994610 0.852591 0.927092 0.927320 0.928932 0.447331 0.498859 0.882501 0.743648 0.657495 0.800158 0.870088 0.960045 0.823994 0.980696 0.923911 0.827721 0.782326 0.709048 0.635893 0.669803 0.493325 0.590193 0.619070 0.506450 0.604525 0.967057 0.624587 0.643898 0.875216 0.673223 0.781148 0.754312 0.975241 0.864289 0.750303 0.979637 0.897647 0.677838 0.880018 0.986196 0.725555 0.738839 0.960335 0.681321 0.962364 0.652786 0.853453 0.812124 0.811941 0.938068 0.532041 0.772700 0.610829 0.941602 0.733205 0.972694 0.751293 0.812212 0.454969 0.584386 0.703856 0.978435 0.629876 0.695811 0.840087 0.752555 0.897946 0.934199 0.951923 0.755228 0.985049 0.725750 0.609433 0.679203 0.899514 0.993176
0.598279 0.649823 0.986659 0.640428 0.971704 0.741273 0.395614 0.000000 0.890615 0.303743 0.406680 0.428443 0.915091 0.936906 0.640793 0.885049 0.527496 0.510345 0.609976 0.591107 0.807007 0.878958 0.842574 0.829039 0.540354 0.652985 0.671658 0.632167 0.492569 0.417194 0.894388 0.894980 0.652299 0.351613 0.997128 0.996017 0.988444 0.911915 0.862584 0.998096 0.789217 0.993550 0.906714 0.896957 0.525027 0.508014 0.784874 0.685143 0.654401 0.925909 0.963186 0.905568 0.929060 0.731115 0.773995 0.744421 0.781321 0.788907 0.651275 0.597028 0.378577 0.335384 0.432765 0.357524 0.490538 0.770489 0.708895 0.557756 0.956516 0.743898 0.836442 0.897631 0.951146 0.773378 0.803983 0.987509 0.926329 0.782786 0.953354 0.984445 0.620570 0.630676 0.966080 0.680897 0.961111 0.845090 0.740219 0.838976 0.907788 0.793759 0.646108 0.972748 0.811993 0.793924 0.739354 0.963385 0.723270 0.846259 0.465132 0.612785 0.612710 0.951238 0.555546 0.669343 0.875882 0.776430 0.863719 0.937969 0.899022 0.786864 0.861194 0.651559 0.685902 0.652684 0.914843 0.832142
0.837677 0.955304 0.745909 0.936828 0.810735 0.955344 0.765565 0.890615 0.000000 0.829701 0.991933 0.956940 0.952963 0.987976 0.992919 0.925829 0.995429 0.992662 0.902087 0.994713 0.949244 0.843145 0.848345 0.897513 0.919382 0.922180 0.984515 0.897391 0.935222 0.950458 0.945756 0.949698 0.918515 0.972852 0.912156 0.826566 0.983557 0.965625 0.958570 0.955776 0.983575 0.926036 0.824335 0.864162 0.865710 0.967563 0.913716 0.850336 0.989733 0.948170 0.848122 0.886089 0.811566 0.720742 0.909091 0.975640 0.971765 0.833137 0.995418 0.985062 0.892187 0.971296 0.906654 0.973383 0.860014 0.961180 0.829527 0.952518 0.990355 0.912416 0.909219 0.851949 0.963896 0.927785 0.919343 0.943474 0.778661 0.969078 0.951587 0.937431 0.905058 0.826840 0.916260 0.925602 0.990128 0.927856 0.989140 0.855291 0.979921 0.872595 0.736690 0.714896 0.784799 0.750789 0.912065 0.998552 0.823186 0.986582 0.875670 0.921483 0.921217 0.837135 0.997393 0.986534 0.875279 0.986359 0.952426 0.869874 0.865627 0.978355 0.940764 0.902630 0.887881 0.837421 0.867993 0.945778
0.684925 0.769657 0.967120 0.768044 0.936152 0.733875 0.366351 0.303743 0.829701 0.000000 0.504206 0.543390 0.861574 0.981288 0.584249 0.820603 0.587903 0.552225 0.682481 0.728220 0.871327 0.973176 0.789506 0.725385 0.432035 0.511623 0.670523 0.617953 0.580032 0.484829 0.970320 0.972788 0.730525 0.456137 0.968800 0.930175 0.947352 0.839812 0.809606 0.928049 0.843701 0.988740 0.991109 0.996638 0.510178 0.528116 0.810622 0.747069 0.676957 0.971711 0.962107 0.865801 0.944223 0.776981 0.861810 0.732799 0.876270 0.831530 0.655367 0.648291 0.398701 0.410096 0.511597 0.442076 0.441186 0.850082 0.696003 0.633763 0.966642 0.712444 0.861850 0.884461 0.968670 0.848439 0.752476 0.984793 0.918846 0.840237 0.897163 0.866026 0.640234 0.709123 0.842391 0.764778 0.879365 0.694554 0.716391 0.785901 0.822991 0.889655 0.676564 0.989324 0.816200 0.827981 0.761561 0.976804 0.796367 0.841613 0.497279 0.632790 0.660110 0.911662 0.615745 0.704471 0.923102 0.779486 0.951536 0.987349 0.959304 0.801791 0.913366 0.695507 0.736594 0.633492 0.903879 0.918137
0.528173 0.746073 0.952718 0.759252 0.958005 0.841279 0.570345 0.406680 0.991933 0.504206 0.000000 0.460386 0.919918 0.947293 0.679784 0.811598 0.448803 0.485006 0.681051 0.606198 0.948708 0.726579 0.759848 0.738885 0.747278 0.771617 0.813730 0.786379 0.557929 0.503229 0.938003 0.996412 0.646037 0.410992 0.891287 0.958309 0.886808 0.967526 0.940383 0.940151 0.737646 0.889489 0.981572 0.955671 0.721523 0.660724 0.813699 0.776893 0.721231 0.959576 0.870926 0.861388 0.822213 0.647730 0.767448 0.728470 0.713404 0.798051 0.608315 0.648389 0.438875 0.461844 0.372237 0.351916 0.608952 0.848357 0.700295 0.672745 0.980573 0.709763 0.994787 0.972682 0.997330 0.920154 0.881945 0.888464 0.907652 0.899044 0.874321 0.997367 0.517739 0.537111 0.944794 0.595916 0.936794 0.965638 0.817095 0.821658 0.984776 0.706215 0.817033 0.784279 0.966331 0.684415 0.684678 0.966799 0.812422 0.895884 0.666909 0.759529 0.719863 0.903683 0.531499 0.748934 0.985650 0.824615 0.724390 0.854233 0.794842 0.831404 0.940834 0.767694 0.820394 0.890829 0.943173 0.873332
0.638490 0.712448 0.858320 0.773630 0.934674 0.773776 0.743061 0.428443 0.956940 0.543390 0.460386 0.000000 0.707629 0.656181 0.954979 0.822267 0.567809 0.567800 0.610740 0.625334 0.855991 0.842536 0.906756 0.998439 0.680256 0.663230 0.879118 0.797171 0.544150 0.485382 0.870061 0.997482 0.784526 0.466004 0.929804 0.957897 0.917710 0.817972 0.985004 0.976727 0.769405 0.962767 0.937378 0.970815 0.795573 0.708118 0.698022 0.805757 0.805148 0.901385 0.829902 0.788155 0.723885 0.565738 0.659217 0.694408 0.780578 0.900250 0.807912 0.779424 0.453947 0.400599 0.404026 0.433773 0.665279 0.645525 0.879448 0.776890 0.946560 0.778931 0.986404 0.882279 0.932245 0.866207 0.862054 0.899607 0.974917 0.896686 0.990600 0.949509 0.557923 0.531283 0.935448 0.675050 0.818707 0.792999 0.808372 0.953091 0.885313 0.734177 0.984306 0.687341 0.904416 0.546104 0.715032 0.974848 0.799632 0.966450 0.777365 0.906579 0.752684 0.859205 0.677307 0.821222 0.978737 0.884923 0.694097 0.907169 0.823747 0.888978 0.871770 0.790946 0.845294 0.864124 0.922571 0.765143
0.941827 0.960224 0.911061 0.966909 0.723129 0.991105 0.781025 0.915091 0.952963 0.861574 0.919918 0.707629 0.000000 0.492829 0.514867 0.420895 0.918713 0.908236 0.968518 0.992630 0.790067 0.963262 0.697259 0.602586 0.973873 0.871950 0.687941 0.822184 0.963972 0.978073 0.763266 0.948156 0.856078 0.921649 0.912221 0.852643 0.904043 0.844924 0.910702 0.930593 0.900812 0.950881 0.832227 0.784372 0.722595 0.744094 0.942836 0.850201 0.788742 0.742511 0.809994 0.813112 0.809912 0.842489 0.738214 0.891711 0.895546 0.870138 0.670521 0.670079 0.910915 0.995425 0.881408 0.994354 0.756601 0.903633 0.762754 0.612574 0.958986 0.908887 0.881756 0.848144 0.986885 0.991787 0.954861 0.855563 0.936561 0.917371 0.811378 0.873491 0.980549 0.961631 0.744467 0.876842 0.550646 0.489866 0.874335 0.651111 0.755224 0.997987 0.769162 0.765276 0.885838 0.744461 0.869879 0.936048 0.961906 0.898388 0.794923 0.693655 0.767758 0.841710 0.930715 0.837798 0.991079 0.874517 0.791176 0.962106 0.984612 0.891770 0.851303 0.879372 0.808066 0.985546 0.947487 0.849239
0.982564 0.809977 0.908219 0.768157 0.888961 0.828265 0.827631 0.936906 0.987976 0.981288 0.947293 0.656181 0.492829 0.000000 0.530749 0.428838 0.973322 0.924844 0.699337 0.733723 0.913544 0.937538 0.643183 0.522972 0.955986 0.991626 0.676302 0.873479 0.767867 0.720547 0.927393 0.719383 0.957142 0.948657 0.897329 0.998186 0.827057 0.914736 0.997846 0.896275 0.870802 0.897934 0.890811 0.923934 0.995701 0.969042 0.818452 0.844143 0.963558 0.999671 0.961830 0.939257 0.964020 0.988590 0.848523 0.786126 0.904235 0.952157 0.798889 0.923823 0.978765 0.909275 0.819789 0.945655 0.850897 0.797273 0.948110 0.922282 0.986305 0.997658 0.841995 0.917140 0.821616 0.777619 0.932704 0.953344 0.828629 0.994460 0.894712 0.908776 0.882239 0.887043 0.771987 0.888279 0.616332 0.512623 0.957978 0.634160 0.884458 0.856899 0.958873 0.916329 0.984833 0.831114 0.861457 0.907882 0.929130 0.861972 0.976686 0.994223 0.974153 0.981489 0.942575 0.917539 0.905797 0.924293 0.793113 0.955507 0.954388 0.983337 0.832849 0.869508 0.968614 0.985898 0.871624 0.849634
0.909356 0.979203 0.974055 0.906975 0.753688 0.851423 0.629904 0.640793 0.992919 0.584249 0.679784 0.954979 0.514867 0.530749 0.000000 0.440104 0.776334 0.858402 0.875971 0.895250 0.956686 0.887509 0.490735 0.465754 0.731598 0.829338 0.549262 0.789645 0.906440 0.844837 0.966779 0.890581 0.880534 0.733798 0.916138 0.950825 0.956107 0.946447 0.874150 0.892094 0.972669 0.941846 0.877519 0.830086 0.654502 0.675780 0.932436 0.936134 0.777988 0.945124 0.972601 0.848276 0.809193 0.810752 0.970622 0.958974 0.972741 0.986121 0.685180 0.722840 0.705728 0.645877 0.868157 0.754999 0.521249 0.876276 0.748208 0.529100 0.752325 0.907010 0.913190 0.864415 0.906892 0.923107 0.891225 0.858007 0.924523 0.894032 0.792335 0.962208 0.899857 0.994436 0.617742 0.955833 0.490299 0.496279 0.773882 0.643908 0.748075 0.945840 0.871833 0.943497 0.990125 0.937818 0.927318 0.999432 0.960227 0.810368 0.803271 0.774668 0.730665 0.970783 0.893742 0.903665 0.884505 0.991821 0.982762 0.944788 0.959033 0.843020 0.982420 0.909265 0.864640 0.771833 0.842529 0.997551
0.909036 0.949249 0.839909 0.924889 0.754835 0.871518 0.791129 0.885049 0.925829 0.820603 0.811598 0.822267 0.420895 0.428838 0.440104 0.000000 0.885791 0.895929 0.860877 0.889263 0.924693 0.945697 0.464608 0.405278 0.899763 0.991321 0.637294 0.856978 0.935941 0.893389 0.941829 0.767462 0.976726 0.945011 0.997244 0.977046 0.872813 0.945355 0.948018 0.833345 0.957970 0.857132 0.953485 0.883711 0.802655 0.835512 0.990287 0.925708 0.766772 0.933855 0.988693 0.932434 0.909733 0.903693 0.909733 0.959463 0.967026 0.918900 0.649306 0.825449 0.993164 0.975935 0.979407 0.886729 0.696099 0.805759 0.860446 0.784860 0.969273 0.907812 0.865491 0.988420 0.763764 0.775723 0.936619 0.983518 0.907406 0.996145 0.839278 0.983303 0.946654 0.956347 0.649522 0.962600 0.543151 0.467006 0.853001 0.510773 0.838126 0.946829 0.965443 0.970308 0.995546 0.974616 0.933427 0.964636 0.997331 0.862523 0.870387 0.861313 0.847885 0.996354 0.926179 0.902461 0.856296 0.900142 0.892748 0.950030 0.972339 0.951857 0.803485 0.996149 0.959675 0.997362 0.849602 0.907793
0.463455 0.580239 0.927672 0.747086 0.961701 0.872443 0.602689 0.527496 0.995429 0.587903 0.448803 0.567809 0.918713 0.973322 0.776334 0.885791 0.000000 0.406025 0.612477 0.559477 0.960352 0.894452 0.826175 0.778779 0.798017 0.872206 0.817872 0.834379 0.651976 0.628651 0.937272 0.970628 0.625316 0.525911 0.861616 0.965171 0.802875 0.917761 0.808020 0.965101 0.695663 0.864535 0.946643 0.916034 0.747761 0.685079 0.741682 0.695519 0.664656 0.783282 0.884396 0.903344 0.988247 0.831475 0.663864 0.654937 0.535672 0.574742 0.470455 0.512411 0.547759 0.555112 0.473899 0.399106 0.729391 0.811494 0.659802 0.690679 0.778979 0.654279 0.848778 0.985647 0.886021 0.963992 0.814481 0.921661 0.997293 0.777651 0.884727 0.933340 0.478240 0.484983 0.954842 0.616134 0.843036 0.978104 0.902483 0.988300 0.838230 0.649499 0.841329 0.889383 0.939138 0.857207 0.715633 0.834442 0.712059 0.872392 0.592766 0.669846 0.785591 0.949101 0.516818 0.620005 0.848619 0.689080 0.930713 0.907193 0.950307 0.764777 0.965408 0.773851 0.765017 0.828837 0.936355 0.985053
0.343516 0.519235 0.837063 0.644716 0.958748 0.866637 0.551954 0.510345 0.992662 0.552225 0.485006 0.567800 0.908236 0.924844 0.858402 0.895929 0.406025 0.000000 0.536789 0.491458 0.959921 0.949739 0.848692 0.771408 0.798629 0.872834 0.917247 0.831206 0.609495 0.580882 0.937877 0.959389 0.541647 0.485314 0.857546 0.923693 0.661481 0.840413 0.900844 0.858862 0.718058 0.737159 0.775030 0.816659 0.635000 0.527681 0.561236 0.533588 0.511363 0.651773 0.775119 0.812301 0.851281 0.894153 0.638450 0.568241 0.411207 0.490016 0.394087 0.490304 0.585837 0.620545 0.427625 0.379146 0.696717 0.958805 0.601759 0.709945 0.688179 0.509750 0.863410 0.938486 0.993301 0.997305 0.826873 0.894641 0.951481 0.762118 0.794551 0.961237 0.336791 0.361071 0.833359 0.445804 0.742665 0.996593 0.881444 0.964100 0.870609 0.534630 0.798733 0.942199 0.858643 0.842664 0.699066 0.819116 0.711423 0.851949 0.543267 0.623939 0.779780 0.963560 0.409706 0.595865 0.811772 0.641873 0.972634 0.927744 0.926479 0.773832 0.957981 0.649759 0.688878 0.830284 0.956495 0.916894
0.529280 0.512007 0.883352 0.508419 0.924147 0.882293 0.665772 0.609976 0.902087 0.682481 0.681051 0.610740 0.968518 0.699337 0.875971 0.860877 0.612477 0.536789 0.000000 0.448203 0.854660 0.858878 0.746910 0.840538 0.894763 0.870161 0.917375 0.808342 0.652035 0.596145 0.760709 0.575797 0.661006 0.578757 0.856317 0.868863 0.916985 0.924691 0.750386 0.850278 0.731351 0.823587 0.877736 0.897641 0.646250 0.582700 0.680643 0.608118 0.599625 0.619939 0.794226 0.753161 0.688980 0.934931 0.706707 0.641689 0.585075 0.623332 0.722792 0.639586 0.739477 0.742278 0.584767 0.570036 0.874660 0.986831 0.868961 0.830189 0.734935 0.620160 0.617996 0.681351 0.759312 0.704117 0.963557 0.967903 0.819903 0.714086 0.999687 0.796104 0.665720 0.539678 0.712177 0.732765 0.608806 0.888204 0.954032 0.821067 0.981048 0.673569 0.669918 0.850759 0.667200 0.998896 0.660671 0.943973 0.724057 0.993323 0.579265 0.547959 0.844754 0.999652 0.573711 0.658878 0.699872 0.586135 0.935758 0.863307 0.994681 0.875407 0.883522 0.717180 0.664255 0.907725 0.882946 0.861581
0.502635 0.449947 0.825706 0.469248 0.943971 0.914747 0.685626 0.591107 0.994713 0.728220 0.606198 0.625334 0.992630 0.733723 0.895250 0.889263 0.559477 0.491458 0.448203 0.000000 0.998431 0.929204 0.819132 0.865667 0.965361 0.998605 0.990479 0.784126 0.563104 0.556411 0.667290 0.727561 0.574634 0.573080 0.881213 0.950856 0.747519 0.772443 0.918154 0.959724 0.638362 0.892372 0.838342 0.875949 0.715781 0.627069 0.637020 0.605645 0.623526 0.592891 0.703247 0.651603 0.711332 0.946559 0.805651 0.679079 0.495152 0.565185 0.601243 0.518241 0.771602 0.660531 0.596042 0.569682 0.896521 0.837815 0.709219 0.718141 0.753864 0.666768 0.639832 0.685973 0.739223 0.678774 0.942507 0.995950 0.874924 0.825337 0.899677 0.753308 0.665090 0.545527 0.704490 0.664089 0.680224 0.830161 0.934039 0.877218 0.915424 0.594277 0.691799 0.918330 0.794851 0.979637 0.726369 0.885625 0.679651 0.983610 0.563750 0.609216 0.718469 0.936612 0.569569 0.616269 0.688806 0.584926 0.967756 0.895761 0.894175 0.740324 0.955047 0.644108 0.645699 0.818732 0.809574 0.833561
0.954944 0.967094 0.953002 0.938017 0.730860 0.984350 0.835171 0.807007 0.949244 0.871327 0.948708 0.855991 0.790067 0.913544 0.956686 0.924693 0.960352 0.959921 0.854660 0.998431 0.000000 0.902143 0.770997 0.781696 0.839202 0.751241 0.996883 0.798258 0.887609 0.880451 0.987036 0.856642 0.931119 0.939237 0.959574 0.974533 0.905966 0.875351 0.839333 0.927294 0.943850 0.855977 0.813155 0.917252 0.822083 0.929611 0.764873 0.992615 0.950164 0.956784 0.866384 0.869192 0.971128 0.967681 0.833324 0.975733 0.817147 0.875890 0.784430 0.871403 0.891855 0.919977 0.907985 0.879591 0.912617 0.886926 0.841881 0.869166 0.922724 0.917792 0.917413 0.954903 0.923161 0.777250 0.939799 0.854247 0.981740 0.964818 0.838175 0.894409 0.920246 0.974549 0.936427 0.949555 0.877317 0.947276 0.996638 0.925940 0.818492 0.919635 0.816475 0.916047 0.736482 0.985885 0.852374 0.771999 0.989794 0.928022 0.789185 0.897540 0.927468 0.997232 0.982369 0.983441 0.859828 0.917923 0.915270 0.980771 0.926034 0.986449 0.942799 0.935368 0.973861 0.955517 0.897723 0.775761
0.926795 0.882624 0.952379 0.980747 0.957714 0.875434 0.941994 0.878958 0.843145 0.973176 0.726579 0.842536 0.963262 0.937538 0.887509 0.945697 0.894452 0.949739 0.858878 0.929204 0.902143 0.000000 0.987262 0.962775 0.986813 0.971069 0.984737 0.774769 0.767813 0.832043 0.925951 0.760790 0.985713 0.801856 0.944747 0.854760 0.822806 0.789323 0.990620 0.877051 0.861132 0.913189 0.993468 0.952184 0.881885 0.964809 0.975298 0.938175 0.972028 0.928066 0.815584 0.861114 0.899316 0.843102 0.972766 0.962538 0.915229 0.889358 0.914990 0.976204 0.866516 0.911642 0.772258 0.813927 0.852331 0.941499 0.949733 0.915182 0.869166 0.956391 0.936238 0.943379 0.885860 0.894059 0.974571 0.907383 0.904232 0.910981 0.910351 0.780142 0.975782 0.874492 0.881386 0.962719 0.961394 0.997689 0.971481 0.969880 0.908741 0.981645 0.979730 0.930043 0.939380 0.933028 0.858953 0.811356 0.940492 0.865080 0.991236 0.922355 0.881411 0.941523 0.977042 0.946123 0.862890 0.969773 0.773402 0.689592 0.989302 0.950335 0.900171 0.956913 0.938842 0.922303 0.866198 0.896927
0.868898 0.893966 0.925395 0.754778 0.686465 0.958384 0.943485 0.842574 0.848345 0.789506 0.759848 0.906756 0.697259 0.643183 0.490735 0.464608 0.826175 0.848692 0.746910 0.819132 0.770997 0.987262 0.000000 0.349741 0.794296 0.869186 0.728473 0.999806 0.972372 0.969159 0.686754 0.576034 0.952736 0.895279 0.893638 0.967594 0.959417 0.906384 0.862122 0.743685 0.961600 0.991844 0.914988 0.898211 0.995082 0.937887 0.841221 0.997638 0.893594 0.787960 0.777984 0.679111 0.577082 0.544754 0.925064 0.893604 0.998981 0.978792 0.669730 0.863194 0.818424 0.779802 0.857585 0.797898 0.608687 0.923880 0.906939 0.793687 0.861928 0.982718 0.667207 0.682393 0.639839 0.611456 0.921516 0.985648 0.883971 0.849914 0.795498 0.816730 0.756911 0.902348 0.623168 0.940512 0.587520 0.719203 0.679118 0.567165 0.939406 0.904234 0.724608 0.602947 0.686016 0.683283 0.943178 0.937415 0.944350 0.808301 0.955815 0.900295 0.874342 0.771853 0.937760 0.953202 0.707874 0.896155 0.905139 0.839831 0.920418 0.961991 0.899846 0.954943 0.897338 0.994755 0.867714 0.957348
0.803274 0.969776 0.990101 0.828059 0.708698 0.951971 0.780989 0.829039 0.897513 0.725385 0.738885 0.998439 0.602586 0.522972 0.465754 0.405278 0.778779 0.771408 0.840538 0.865667 0.781696 0.962775 0.349741 0.000000 0.728296 0.854645 0.665723 0.934920 0.997699 0.968001 0.769253 0.598917 0.998453 0.839721 0.951764 0.986472 0.897350 0.974777 0.995129 0.780512 0.971545 0.950538 0.960902 0.978145 0.859382 0.837583 0.877784 0.918226 0.775914 0.949218 0.913022 0.787560 0.767084 0.711660 0.997013 0.973013 0.956054 0.923458 0.606412 0.849099 0.836178 0.865869 0.821328 0.739891 0.578079 0.836562 0.832969 0.832600 0.982057 0.840054 0.786952 0.799857 0.672215 0.607602 0.865931 0.973509 0.865164 0.959944 0.769479 0.853970 0.735266 0.857466 0.702680 0.876673 0.594013 0.551431 0.759711 0.563112 0.933513 0.958355 0.937387 0.797664 0.867188 0.864152 0.962331 0.968731 0.954497 0.849493 0.889820 0.942331 0.882054 0.928694 0.839758 0.848742 0.771259 0.999192 0.961294 0.864323 0.976263 0.993735 0.782884 0.939412 0.981584 0.975379 0.798513 0.954960
0.913821 0.992527 0.816746 0.883826 0.930041 0.866334 0.601293 0.540354 0.919382 0.432035 0.747278 0.680256 0.973873 0.955986 0.731598 0.899763 0.798017 0.798629 0.894763 0.965361 0.839202 0.986813 0.794296 0.728296 0.000000 0.394741 0.688435 0.635425 0.719003 0.697607 0.839406 0.924558 0.945082 0.661603 0.911566 0.841559 0.800085 0.719353 0.818084 0.983147 0.964517 0.907086 0.804460 0.747373 0.739388 0.779065 0.981269 0.928062 0.887673 0.847447 0.790800 0.695498 0.813026 0.754568 0.980627 0.993761 0.813734 0.912321 0.939465 0.908940 0.488105 0.568806 0.673014 0.610240 0.479243 0.954206 0.977153 0.891017 0.925238 0.940700 0.925253 0.964807 0.943220 0.980747 0.789384 0.998968 0.918100 0.938448 0.977674 0.730506 0.776068 0.818625 0.733082 0.925987 0.830630 0.736473 0.746695 0.781081 0.746646 0.874074 0.887668 0.893089 0.978467 0.744601 0.988706 0.898906 0.976844 0.972625 0.708876 0.904947 0.863651 0.879998 0.844355 0.863316 0.866517 0.959693 0.950913 0.823705 0.922154 0.990190 0.974264 0.927039 0.929941 0.727165 0.710189 0.772828
0.989713 0.951334 0.823969 0.831194 0.840628 0.928646 0.684477 0.652985 0.922180 0.511623 0.771617 0.663230 0.871950 0.991626 0.829338 0.991321 0.872206 0.872834 0.870161 0.998605 0.751241 0.971069 0.869186 0.854645 0.394741 0.000000 0.734356 0.684619 0.815857 0.721742 0.703011 0.925206 0.980808 0.758109 0.883089 0.821227 0.804379 0.658088 0.835198 0.966315 0.974468 0.977499 0.755754 0.760699 0.771933 0.850387 0.987556 0.997115 0.935844 0.772136 0.715428 0.638877 0.805381 0.723325 0.944403 0.959847 0.826473 0.839275 0.965724 0.927291 0.601779 0.716692 0.719110 0.704809 0.557419 0.960470 0.872679 0.946683 0.978493 0.876119 0.881933 0.972161 0.887570 0.965248 0.873944 0.948744 0.958424 0.860716 0.981534 0.663802 0.849780 0.860113 0.846614 0.967714 0.956119 0.798117 0.811895 0.893159 0.766696 0.899418 0.944881 0.891628 0.982886 0.721226 0.950544 0.943093 0.954545 0.984652 0.833892 0.940221 0.933204 0.762327 0.917306 0.998996 0.897881 0.979049 0.861123 0.900833 0.937329 0.952739 0.998477 0.966819 0.963850 0.798672 0.808767 0.800863
0.907999 0.899137 0.915446 0.994468 0.834895 0.994352 0.696707 0.671658 0.984515 0.670523 0.813730 0.879118 0.687941 0.676302 0.549262 0.637294 0.817872 0.917247 0.917375 0.990479 0.996883 0.984737 0.728473 0.665723 0.688435 0.734356 0.000000 0.695204 0.955835 0.878188 0.958281 0.966167 0.955071 0.692734 0.949826 0.987392 0.939819 0.982637 0.952109 0.982366 0.984569 0.966232 0.922676 0.943620 0.704932 0.741347 0.964796 0.837309 0.823919 0.950929 0.938110 0.880267 0.896908 0.885394 0.995941 0.901244 0.976908 0.990740 0.840434 0.802301 0.801513 0.737440 0.951077 0.830391 0.652150 0.929317 0.946643 0.705943 0.959939 0.880882 0.970250 0.936493 0.988299 0.957294 0.941898 0.870482 0.921582 0.857780 0.955506 0.980735 0.974757 0.979573 0.690864 0.926338 0.710918 0.669803 0.873869 0.673955 0.921141 0.939573 0.828650 0.973158 0.915930 0.932231 0.943530 0.973126 0.843373 0.832173 0.779045 0.790626 0.800167 0.964529 0.877998 0.982464 0.902216 0.933830 0.858302 0.975380 0.939269 0.949500 0.950906 0.961185 0.884279 0.730851 0.854490 0.901002
0.986365 0.901452 0.984779 0.916219 0.911941 0.903197 0.631517 0.632167 0.897391 0.617953 0.786379 0.797171 0.822184 0.873479 0.789645 0.856978 0.834379 0.831206 0.808342 0.784126 0.798258 0.774769 0.999806 0.934920 0.635425 0.684619 0.695204 0.000000 0.763101 0.758648 0.911960 0.887696 0.991160 0.693717 0.963141 0.996774 0.825666 0.768125 0.826992 0.910284 0.998340 0.992824 0.977611 0.992970 0.637895 0.689412 0.970406 0.979952 0.827010 0.919103 0.981245 0.980932 0.948277 0.980148 0.896038 0.933235 0.863513 0.982879 0.927780 0.784101 0.705610 0.685137 0.862377 0.768048 0.696202 0.929479 0.928543 0.713762 0.812584 0.881000 0.942780 0.807303 0.879434 0.743588 0.905828 0.914925 0.966159 0.935902 0.996241 0.989169 0.980576 0.929624 0.940860 0.994012 0.817439 0.756722 0.928899 0.855338 0.771856 0.901371 0.799470 0.877921 0.896733 0.989497 0.856972 0.919942 0.860921 0.918919 0.701517 0.740551 0.740091 0.999139 0.973768 0.917097 0.965615 0.939634 0.811015 0.769872 0.975471 0.862571 0.999720 0.799969 0.745039 0.808670 0.806317 0.842663
0.705499 0.805735 0.992090 0.743030 0.973540 0.847021 0.619407 0.492569 0.935222 0.580032 0.557929 0.544150 0.963972 0.767867 0.906440 0.935941 0.651976 0.609495 0.652035 0.563104 0.887609 0.767813 0.972372 0.997699 0.719003 0.815857 0.955835 0.763101 0.000000 0.383951 0.758473 0.719624 0.697127 0.463387 0.988690 0.862085 0.902914 0.991837 0.829777 0.817424 0.884979 0.970096 0.889884 0.961216 0.683123 0.696974 0.786341 0.715654 0.787106 0.935713 0.995348 0.990133 0.982379 0.844421 0.889212 0.839610 0.828325 0.952254 0.834202 0.769013 0.584331 0.548233 0.502939 0.558165 0.636320 0.837926 0.711481 0.709538 0.909946 0.865885 0.810507 0.859319 0.850244 0.674775 0.772533 0.946110 0.909303 0.825805 0.926961 0.900387 0.704762 0.700781 0.964596 0.772679 0.931647 0.973077 0.832741 0.990651 0.912054 0.895473 0.800762 0.896355 0.953669 0.797819 0.668372 0.910178 0.864899 0.956080 0.632727 0.743328 0.608345 0.883505 0.696677 0.723583 0.980385 0.840088 0.902661 0.819031 0.955173 0.776141 0.763488 0.744973 0.708802 0.770450 0.933994 0.835603
0.709588 0.722181 0.955962 0.738366 0.936180 0.771776 0.573427 0.417194 0.950458 0.484829 0.503229 0.485382 0.978073 0.720547 0.844837 0.893389 0.628651 0.580882 0.596145 0.556411 0.880451 0.832043 0.969159 0.968001 0.697607 0.721742 0.878188 0.758648 0.383951 0.000000 0.739608 0.713285 0.595231 0.398987 0.969108 0.916380 0.879836 0.904223 0.843753 0.920393 0.795894 0.969370 0.887486 0.925848 0.574018 0.582760 0.802696 0.697971 0.714219 0.909414 0.984289 0.971022 0.993505 0.839518 0.882344 0.811879 0.802463 0.966908 0.825928 0.719538 0.532885 0.481423 0.459657 0.497278 0.544024 0.786516 0.686972 0.607362 0.903769 0.810079 0.816275 0.847063 0.778035 0.657113 0.896134 0.958414 0.940255 0.788372 0.964353 0.959937 0.658311 0.671022 0.888791 0.803278 0.949415 0.995528 0.845283 0.981671 0.895394 0.915014 0.743651 0.930283 0.906883 0.783111 0.694037 0.909269 0.786222 0.980319 0.617168 0.661655 0.635767 0.950372 0.679819 0.712391 0.889243 0.821944 0.888579 0.893466 0.925214 0.792579 0.835705 0.680359 0.689550 0.818140 0.994759 0.865240
0.941378 0.823685 0.838980 0.697870 0.924502 0.897253 0.804154 0.894388 0.945756 0.970320 0.938003 0.870061 0.763266 0.927393 0.966779 0.941829 0.937272 0.937877 0.760709 0.667290 0.987036 0.925951 0.686754 0.769253 0.839406 0.703011 0.958281 0.911960 0.758473 0.739608 0.000000 0.512219 0.772954 0.825219 0.953261 0.787942 0.948545 0.683485 0.818598 0.745936 0.908607 0.933623 0.860618 0.845334 0.780065 0.796729 0.976317 0.872449 0.911044 0.664612 0.624174 0.530958 0.577779 0.541396 0.745315 0.919148 0.870388 0.858359 0.950277 0.725985 0.986390 0.920366 0.958483 0.954779 0.975757 0.895109 0.719826 0.641711 0.924510 0.971932 0.571144 0.646020 0.625557 0.546186 0.860547 0.786284 0.925762 0.817214 0.890178 0.676135 0.974571 0.958845 0.904169 0.961845 0.960597 0.958874 0.992425 0.983762 0.811766 0.910807 0.587164 0.663923 0.695910 0.653758 0.853333 0.879961 0.962276 0.922107 0.677379 0.647980 0.815090 0.800315 0.866438 0.792178 0.709148 0.807957 0.795800 0.848274 0.960070 0.863225 0.879275 0.845887 0.739766 0.920184 0.800181 0.986310
0.969956 0.850023 0.939698 0.747676 0.928038 0.982051 0.877492 0.894980 0.949698 0.972788 0.996412 0.997482 0.948156 0.719383 0.890581 0.767462 0.970628 0.959389 0.575797 0.727561 0.856642 0.760790 0.576034 0.598917 0.924558 0.925206 0.966167 0.887696 0.719624 0.713285 0.512219 0.000000 0.771502 0.863119 0.886315 0.709959 0.835905 0.944102 0.780409 0.670152 0.996107 0.963564 0.827411 0.821942 0.677898 0.741048 0.958300 0.736331 0.828677 0.696042 0.769985 0.715939 0.620810 0.678450 0.954597 0.941683 0.940141 0.985695 0.852952 0.904646 0.948656 0.993102 0.956367 0.995875 0.997672 0.978383 0.995740 0.796728 0.947662 0.968630 0.577367 0.670696 0.635494 0.537808 0.973771 0.876835 0.786405 0.797102 0.923011 0.658844 0.908511 0.997986 0.824203 0.858453 0.847464 0.969329 0.888982 0.761105 0.768170 0.965827 0.663144 0.715423 0.724602 0.769253 0.851604 0.875397 0.954108 0.853904 0.757874 0.642426 0.809275 0.894154 0.892754 0.865220 0.779915 0.834750 0.962588 0.959570 0.905638 0.950006 0.807722 0.923306 0.687871 0.926397 0.847648 0.938774
0.515846 0.634243 0.787193 0.676267 0.900069 0.844701 0.640633 0.652299 0.918515 0.730525 0.646037 0.784526 0.856078 0.957142 0.880534 0.976726 0.625316 0.541647 0.661006 0.574634 0.931119 0.985713 0.952736 0.998453 0.945082 0.980808 0.955071 0.991160 0.697127 0.595231 0.772954 0.771502 0.000000 0.601490 0.916422 0.922531 0.709647 0.749619 0.890167 0.922768 0.807397 0.856401 0.869768 0.832060 0.755099 0.670242 0.668946 0.658348 0.706896 0.702807 0.765383 0.759873 0.815522 0.948398 0.775395 0.788595 0.530296 0.658927 0.600064 0.580118 0.727708 0.714928 0.656310 0.634701 0.831142 0.877044 0.647973 0.688126 0.793372 0.731921 0.826641 0.856642 0.829062 0.789959 0.933622 0.979621 0.872090 0.741754 0.807459 0.851170 0.649877 0.607427 0.809120 0.655923 0.825871 0.978839 0.932894 0.957516 0.988693 0.674528 0.647906 0.907565 0.828610 0.997754 0.915808 0.827176 0.636594 0.933686 0.674693 0.673488 0.772315 0.988837 0.662569 0.714843 0.725612 0.716517 0.884430 0.826882 0.857899 0.679804 0.932486 0.696912 0.615700 0.834846 0.827591 0.961918
0.541218 0.668100 0.977044 0.734302 0.944540 0.896289 0.475873 0.351613 0.972852 0.456137 0.410992 0.466004 0.921649 0.948657 0.733798 0.945011 0.525911 0.485314 0.578757 0.573080 0.939237 0.801856 0.895279 0.839721 0.661603 0.758109 0.692734 0.693717 0.463387 0.398987 0.825219 0.863119 0.601490 0.000000 0.913475 0.903649 0.922212 0.952385 0.881135 0.946665 0.774856 0.935910 0.857170 0.927161 0.594683 0.577599 0.814107 0.679038 0.680056 0.915872 0.964742 0.935082 0.941180 0.761755 0.742735 0.785047 0.711956 0.806532 0.660685 0.640802 0.438961 0.433131 0.406651 0.383471 0.554375 0.840206 0.698707 0.598283 0.960175 0.730377 0.879265 0.907917 0.924674 0.812779 0.911895 0.976913 0.996386 0.742512 0.964003 0.933513 0.592205 0.583815 0.930779 0.671005 0.952541 0.904122 0.894817 0.900622 0.950050 0.791467 0.717227 0.916205 0.865253 0.758580 0.662240 0.940967 0.838011 0.944362 0.564136 0.622637 0.655914 0.929902 0.569291 0.708107 0.905298 0.748902 0.899250 0.952077 0.911298 0.769145 0.844042 0.640620 0.704218 0.720313 0.931121 0.823243
0.824029 0.902253 0.781574 0.870966 0.971609 0.893141 0.991809 0.997128 0.912156 0.968800 0.891287 0.929804 0.912221 0.897329 0.916138 0.997244 0.861616 0.857546 0.856317 0.881213 0.959574 0.944747 0.893638 0.951764 0.911566 0.883089 0.949826 0.963141 0.988690 0.969108 0.953261 0.886315 0.916422 0.913475 0.000000 0.981742 0.895655 0.902729 0.838701 0.911779 0.731748 0.840367 0.974602 0.991142 0.964876 0.964592 0.991732 0.935856 0.892679 0.869458 0.880818 0.870766 0.935727 0.922914 0.936807 0.860813 0.848393 0.816306 0.901263 0.927371 0.990098 0.950993 0.849238 0.854945 0.791898 0.968217 0.899076 0.998928 0.888877 0.893941 0.934461 0.906510 0.973657 0.965758 0.941868 0.805953 0.893137 0.962106 0.985840 0.824479 0.885859 0.946167 0.863441 0.833384 0.851520 0.864428 0.811321 0.973666 0.984813 0.771931 0.967414 0.988085 0.906102 0.992456 0.912868 0.952880 0.987287 0.958280 0.904954 0.891319 0.957566 0.924234 0.903573 0.987078 0.852758 0.768209 0.936198 0.853480 0.962564 0.908889 0.906315 0.963985 0.947402 0.921898 0.922393 0.950206
0.973440 0.918133 0.964286 0.919937 0.999062 0.913648 0.936689 0.996017 0.826566 0.930175 0.958309 0.957897 0.852643 0.998186 0.950825 0.977046 0.965171 0.923693 0.868863 0.950856 0.974533 0.854760 0.967594 0.986472 0.841559 0.821227 0.987392 0.996774 0.862085 0.916380 0.787942 0.709959 0.922531 0.903649 0.981742 0.000000 0.957798 0.941732 0.878738 0.812633 0.926082 0.956919 0.717363 0.768094 0.741714 0.752014 0.967951 0.772898 0.808208 0.794028 0.893089 0.881512 0.835001 0.836446 0.974025 0.955498 0.916936 0.981055 0.983458 0.943926 0.910085 0.917058 0.991687 0.969785 0.990296 0.910894 0.891782 0.771554 0.908404 0.966321 0.885608 0.927006 0.991642 0.906641 0.960167 0.881728 0.894578 0.821476 0.895216 0.852124 0.969200 0.948782 0.924141 0.959580 0.980573 0.870906 0.909447 0.927698 0.822495 0.997457 0.853958 0.878019 0.829225 0.875583 0.882608 0.969652 0.985273 0.872579 0.875007 0.829369 0.831579 0.945791 0.868912 0.863758 0.928242 0.943970 0.999972 0.894562 0.991335 0.960261 0.972791 0.945376 0.823189 0.984470 0.937925 0.979532
0.580544 0.720772 0.632963 0.722085 0.940895 0.928457 0.849208 0.988444 0.983557 0.947352 0.886808 0.917710 0.904043 0.827057 0.956107 0.872813 0.802875 0.661481 0.916985 0.747519 0.905966 0.822806 0.959417 0.897350 0.800085 0.804379 0.939819 0.825666 0.902914 0.879836 0.948545 0.835905 0.709647 0.922212 0.895655 0.957798 0.000000 0.490515 0.835555 0.749358 0.777848 0.695938 0.840207 0.860497 0.996976 0.935876 0.801197 0.813782 0.800047 0.713062 0.640971 0.636060 0.764051 0.833384 0.708798 0.648043 0.495852 0.488763 0.582554 0.703406 0.956707 0.936269 0.933427 0.858774 0.860226 0.889107 0.732414 0.960622 0.557029 0.691799 0.927776 0.835238 0.974419 0.869132 0.926122 0.849188 0.964041 0.805544 0.795726 0.863360 0.731319 0.710804 0.794653 0.662825 0.704134 0.933587 0.946114 0.947957 0.808738 0.582272 0.795597 0.846468 0.775849 0.816670 0.938946 0.882957 0.709546 0.838989 0.823301 0.859434 0.952370 0.908223 0.644186 0.793269 0.711552 0.675329 0.842044 0.676749 0.923546 0.735397 0.939163 0.924079 0.899006 0.918580 0.766587 0.854158
0.737016 0.692991 0.736476 0.814075 0.732474 0.991023 0.949785 0.911915 0.965625 0.839812 0.967526 0.817972 0.844924 0.914736 0.946447 0.945355 0.917761 0.840413 0.924691 0.772443 0.875351 0.789323 0.906384 0.974777 0.719353 0.658088 0.982637 0.768125 0.991837 0.904223 0.683485 0.944102 0.749619 0.952385 0.902729 0.941732 0.490515 0.000000 0.981859 0.896120 0.834098 0.776573 0.838259 0.823042 0.986794 0.965284 0.866411 0.828540 0.871388 0.690376 0.609554 0.580688 0.692218 0.697700 0.911033 0.879936 0.566857 0.620964 0.735561 0.753208 0.834251 0.896298 0.913907 0.950462 0.829588 0.982059 0.759318 0.899013 0.713130 0.873966 0.790606 0.726252 0.972352 0.906686 0.808647 0.994851 0.943786 0.834519 0.862043 0.706527 0.946988 0.913213 0.931172 0.850531 0.890459 0.945016 0.925840 0.999241 0.832593 0.791528 0.845094 0.789926 0.726661 0.733809 0.927232 0.801599 0.747145 0.941263 0.864033 0.844169 0.971923 0.854124 0.862943 0.844889 0.701814 0.672603 0.747830 0.641899 0.994437 0.669256 0.939614 0.959197 0.876838 0.872253 0.719289 0.887758
