0.000000 0.254059 0.416918 0.447450 0.810784 0.649661 0.379694 0.511363 0.837091 0.643355 0.553170 0.455687 0.318532 0.466631 0.551686 0.598527 0.537166 0.470808 0.358868 0.372681 0.509077 0.977636 0.624704 0.521712 0.509456 0.578647 0.709521 0.711657 0.923219 0.961872 0.938739 0.956177 0.404358 0.383025 0.451790 0.742643 0.430479 0.572371 0.525106 0.694495 0.599044 0.892053 0.793792 0.716474 0.854458 0.826586 0.498949 0.522182 0.907021 0.672492 0.915431 0.739248 0.893647 0.674779 0.336295 0.526232 0.374261 0.266229 0.317936 0.393779 0.356311 0.609200 0.499621 0.583254 0.390002 0.349260 0.319019 0.469010 0.246774 0.341949 0.724376 0.970883 0.793185 0.853091 0.850692 0.978255 0.686283 0.959119 0.700119 0.605912 0.377927 0.289851 0.546315 0.393626 0.329740 0.343967 0.524415 0.684399 0.390492 0.424839 0.960010 0.963909 0.818289 0.822634 0.632887 0.991649 0.514642 0.842375 0.973988 0.984690 0.657088 0.924348 0.943055 0.992889 0.690153 0.628010 0.908080 0.915346 0.981853 0.785951 0.907175 0.924957 0.987257 0.982684 0.882125 0.886314
0.254059 0.000000 0.378054 0.367544 0.766819 0.621938 0.323684 0.366893 0.747854 0.762357 0.636536 0.403787 0.340550 0.436589 0.516362 0.545663 0.469011 0.424784 0.328912 0.321135 0.517985 0.939134 0.516208 0.475379 0.524525 0.604512 0.694421 0.742414 0.787681 0.833408 0.848944 0.900530 0.334379 0.348674 0.475826 0.760360 0.434327 0.521329 0.544538 0.679622 0.624440 0.776827 0.575692 0.559962 0.703806 0.707705 0.381710 0.433456 0.805104 0.604102 0.805318 0.655335 0.978635 0.741541 0.383558 0.540981 0.307458 0.192230 0.310942 0.387590 0.313448 0.489968 0.448878 0.459637 0.401001 0.308019 0.246880 0.338768 0.321497 0.386125 0.584018 0.811281 0.730531 0.803488 0.951370 0.855788 0.583464 0.848543 0.527866 0.610263 0.347720 0.317027 0.517446 0.484341 0.342589 0.340540 0.570101 0.622804 0.440566 0.424357 0.933884 0.981995 0.695140 0.817932 0.562279 0.959004 0.486685 0.813487 0.830123 0.852711 0.759244 0.938271 0.944639 0.947886 0.588031 0.520118 0.876309 0.922308 0.901790 0.721040 0.945708 0.816717 0.930688 0.970134 0.709798 0.906607
0.416918 0.378054 0.000000 0.227362 0.654040 0.792828 0.339444 0.523727 0.655969 0.588230 0.916059 0.672625 0.303712 0.597354 0.409610 0.446914 0.819287 0.836469 0.542476 0.553104 0.554900 0.811805 0.327424 0.329364 0.282833 0.311506 0.547954 0.711147 0.783291 0.746283 0.678828 0.862678 0.485723 0.635673 0.372816 0.887547 0.326545 0.521507 0.409515 0.689464 0.684075 0.951075 0.930260 0.925546 0.985004 0.998342 0.624414 0.599101 0.896704 0.747130 0.957048 0.739466 0.987225 0.743094 0.324425 0.536310 0.643101 0.441316 0.455149 0.424403 0.310142 0.399220 0.787029 0.784354 0.180691 0.212584 0.332417 0.428471 0.363249 0.447408 0.705849 0.907981 0.703160 0.791490 0.935108 0.910997 0.765950 0.895917 0.713379 0.900842 0.682540 0.529492 0.605169 0.524454 0.214684 0.234300 0.542868 0.596249 0.315147 0.340619 0.863295 0.841500 0.850616 0.905997 0.626395 0.976692 0.626306 0.903388 0.836037 0.852276 0.604102 0.792167 0.723644 0.692666 0.601908 0.571078 0.888972 0.968709 0.844243 0.797265 0.993752 0.987190 0.901855 0.853179 0.746833 0.853226
0.447450 0.367544 0.227362 0.000000 0.656585 0.766891 0.386914 0.429531 0.761172 0.564788 0.971190 0.608349 0.322295 0.510969 0.373239 0.396353 0.856723 0.791707 0.508820 0.519603 0.592470 0.867791 0.260509 0.242442 0.294396 0.390313 0.454395 0.748653 0.831889 0.773981 0.759187 0.966822 0.531777 0.657079 0.442103 0.812920 0.389296 0.525936 0.401060 0.689763 0.716912 0.862941 0.895067 0.917906 0.954447 0.993827 0.616071 0.564337 0.881049 0.771910 0.995779 0.766924 0.962793 0.691905 0.354930 0.576625 0.624363 0.404400 0.509649 0.469254 0.395256 0.447834 0.811560 0.769608 0.208832 0.242420 0.355834 0.464096 0.438699 0.508991 0.683593 0.905966 0.867460 0.944879 0.967202 0.900011 0.746963 0.929684 0.703838 0.885298 0.635605 0.515065 0.586498 0.482557 0.211616 0.221954 0.478624 0.546356 0.337406 0.290208 0.981809 0.918010 0.745388 0.856437 0.657082 0.917995 0.601766 0.931471 0.901220 0.949957 0.611584 0.759319 0.766950 0.709885 0.567101 0.497093 0.897301 0.892773 0.876523 0.744670 0.989950 0.937406 0.868815 0.835791 0.807171 0.846998
0.810784 0.766819 0.654040 0.656585 0.000000 0.890171 0.694573 0.751223 0.865337 0.877565 0.991204 0.909417 0.622087 0.848436 0.651452 0.626501 0.923833 0.954393 0.799084 0.830121 0.818327 0.918741 0.564946 0.623854 0.591982 0.625669 0.719121 0.820708 0.936880 0.868260 0.766626 0.961395 0.817646 0.808941 0.801868 0.831238 0.715816 0.831321 0.857884 0.783997 0.855102 0.909642 0.890727 0.913148 0.951870 0.975253 0.927819 0.776291 0.907177 0.981986 0.971734 0.969664 0.998085 0.792542 0.795253 0.872818 0.828550 0.790173 0.864872 0.828891 0.743140 0.742549 0.996382 0.933804 0.622705 0.644454 0.728865 0.749367 0.740737 0.701321 0.840361 0.834843 0.858297 0.954096 0.952008 0.959705 0.997532 0.989963 0.950651 0.918599 0.862304 0.879901 0.702630 0.843765 0.648666 0.665449 0.835772 0.759648 0.796609 0.749776 0.946433 0.993301 0.777904 0.961006 0.784556 0.993634 0.906535 0.926724 0.995313 0.989182 0.881522 0.884252 0.950374 0.908211 0.878463 0.706932 0.974853 0.964661 0.904840 0.938539 0.972193 0.931855 0.927729 0.809412 0.838065 0.848063
0.649661 0.621938 0.792828 0.766891 0.890171 0.000000 0.666581 0.658199 0.961399 0.986066 0.735311 0.599317 0.745145 0.657068 0.759451 0.720897 0.698457 0.627198 0.613841 0.717400 0.738325 0.919450 0.842560 0.820783 0.936477 0.913925 0.910590 0.775074 0.728483 0.753878 0.864289 0.848352 0.765202 0.694575 0.924791 0.688511 0.869985 0.875068 0.915427 0.694455 0.775061 0.907449 0.730746 0.749758 0.855520 0.838150 0.757726 0.885988 0.905595 0.981147 0.966561 0.978379 0.965907 0.719364 0.828019 0.799783 0.603434 0.660101 0.787158 0.815584 0.753329 0.792367 0.776488 0.835511 0.817817 0.695386 0.677461 0.730917 0.783752 0.831746 0.832418 0.988416 0.983685 0.967314 0.759467 0.930871 0.880740 0.948556 0.858852 0.772170 0.645114 0.637137 0.852241 0.782951 0.781973 0.753206 0.729642 0.862666 0.917901 0.818346 0.731073 0.833882 0.687299 0.758572 0.801713 0.929103 0.607402 0.693576 0.709542 0.689477 0.988266 0.970223 0.892155 0.905702 0.817236 0.713649 0.918246 0.970281 0.955971 0.750749 0.827200 0.830529 0.879552 0.973518 0.919986 0.708438
0.379694 0.323684 0.339444 0.386914 0.694573 0.666581 0.000000 0.289608 0.602567 0.898291 0.700076 0.542536 0.326719 0.427981 0.371507 0.479361 0.535925 0.536916 0.340197 0.383142 0.716174 0.880021 0.486386 0.513888 0.587251 0.573688 0.744941 0.886734 0.838177 0.932473 0.726949 0.852193 0.338146 0.382002 0.492832 0.832279 0.451316 0.509249 0.605717 0.806869 0.725125 0.814651 0.538999 0.512495 0.628199 0.641254 0.462484 0.437907 0.807914 0.639727 0.781644 0.628926 0.789309 0.917742 0.418167 0.462332 0.409051 0.321296 0.427338 0.515339 0.304951 0.439007 0.536204 0.530873 0.387574 0.322875 0.247470 0.285649 0.478463 0.552022 0.453457 0.675108 0.702614 0.674155 0.973410 0.784279 0.564945 0.809456 0.548913 0.684635 0.454732 0.423544 0.574238 0.514450 0.354690 0.413858 0.638332 0.631468 0.515834 0.548067 0.770961 0.848234 0.637663 0.704967 0.616230 0.906011 0.455963 0.807905 0.731224 0.696658 0.876927 0.858342 0.935753 0.943799 0.439239 0.497345 0.817700 0.821887 0.709286 0.693423 0.837079 0.690816 0.844377 0.906587 0.679645 0.889635
0.511363 0.366893 0.523727 0.429531 0.751223 0.658199 0.289608 0.000000 0.670126 0.956659 0.845841 0.518322 0.514361 0.458675 0.488180 0.521782 0.622226 0.592991 0.464586 0.484869 0.773303 0.898338 0.569268 0.554556 0.708340 0.701651 0.773973 0.939815 0.774863 0.885869 0.838617 0.771672 0.478233 0.437804 0.625840 0.734354 0.596331 0.579378 0.685456 0.810996 0.867320 0.698318 0.479939 0.487680 0.588772 0.583193 0.394448 0.441488 0.740523 0.616654 0.708753 0.580253 0.714014 0.977011 0.470292 0.538488 0.452999 0.360120 0.461959 0.551518 0.400978 0.417046 0.566726 0.470038 0.564609 0.434322 0.357091 0.355216 0.624839 0.610450 0.560336 0.746468 0.874068 0.854031 0.997942 0.770443 0.600916 0.811739 0.611331 0.709177 0.493168 0.542110 0.595870 0.584349 0.507146 0.511836 0.701909 0.639577 0.609989 0.569819 0.671311 0.854881 0.641108 0.798082 0.718906 0.850924 0.501551 0.767033 0.576184 0.551227 0.953657 0.906091 0.788583 0.907435 0.516865 0.512942 0.842167 0.718611 0.788277 0.769440 0.821080 0.624864 0.829211 0.915094 0.730605 0.935260
0.837091 0.747854 0.655969 0.761172 0.865337 0.961399 0.602567 0.670126 0.000000 0.845373 0.919916 0.970645 0.731709 0.927032 0.808289 0.936463 0.840100 0.986292 0.844289 0.855718 0.934012 0.992186 0.773011 0.821454 0.756700 0.669143 0.949620 0.982656 0.949788 0.948981 0.636472 0.974804 0.623145 0.795026 0.691785 0.893447 0.740101 0.718448 0.845784 0.881270 0.998529 0.798702 0.766614 0.787706 0.658440 0.713600 0.766487 0.702184 0.809725 0.692439 0.661743 0.686837 0.697175 0.841405 0.687450 0.674743 0.851820 0.806757 0.757697 0.869124 0.594866 0.605064 0.811014 0.792969 0.722016 0.717864 0.660837 0.585022 0.755977 0.811648 0.752123 0.786645 0.757140 0.730173 0.919209 0.896584 0.769818 0.877428 0.860780 0.991947 0.948226 0.991082 0.810709 0.904973 0.738353 0.771685 0.944161 0.758727 0.736056 0.786200 0.956166 0.885515 0.982275 0.979262 0.781244 0.939121 0.950117 0.879777 0.854239 0.903151 0.933748 0.981770 0.999011 0.871350 0.763635 0.761772 0.824628 0.939411 0.907629 0.971963 0.789918 0.710964 0.943196 0.964362 0.753851 0.949465
0.643355 0.762357 0.588230 0.564788 0.877565 0.986066 0.898291 0.956659 0.845373 0.000000 0.950284 0.936069 0.590792 0.761020 0.737010 0.689034 0.937090 0.994011 0.758090 0.809586 0.747454 0.983808 0.581892 0.463658 0.474482 0.608554 0.508169 0.731905 0.635325 0.672554 0.939368 0.749572 0.871397 0.953303 0.659032 0.959888 0.589959 0.949655 0.520677 0.809287 0.760605 0.831636 0.599812 0.639068 0.455314 0.494095 0.987046 0.955418 0.504784 0.816348 0.576280 0.815124 0.609285 0.526071 0.645816 0.892261 0.912424 0.767902 0.879009 0.781900 0.855698 0.985257 0.909224 0.806233 0.495011 0.597980 0.826258 0.991313 0.584519 0.753893 0.989533 0.776128 0.822048 0.747080 0.949058 0.862313 0.923397 0.654338 0.916855 0.958418 0.858263 0.638651 0.740148 0.592293 0.474809 0.475161 0.714488 0.744028 0.561124 0.496353 0.594087 0.786039 0.925601 0.946906 0.892369 0.866903 0.939800 0.783222 0.464055 0.551827 0.419219 0.704411 0.473647 0.510814 0.940571 0.978561 0.900638 0.782386 0.819196 0.952064 0.677903 0.737273 0.643497 0.778248 0.854203 0.968878
0.553170 0.636536 0.916059 0.971190 0.991204 0.735311 0.700076 0.845841 0.919916 0.950284 0.000000 0.548977 0.824192 0.730450 0.958261 0.990587 0.582749 0.460225 0.601884 0.574207 0.791270 0.785569 0.833228 0.932690 0.872511 0.884046 0.834694 0.907765 0.662908 0.583103 0.793365 0.862482 0.700929 0.509758 0.896517 0.835030 0.918730 0.867862 0.977478 0.987079 0.747942 0.916937 0.762657 0.713269 0.695972 0.783852 0.791549 0.859702 0.766165 0.882398 0.976587 0.996493 0.850500 0.824031 0.844234 0.846919 0.552544 0.645645 0.730402 0.831738 0.772366 0.976728 0.613657 0.735124 0.976132 0.844559 0.679094 0.677831 0.658418 0.772700 0.858377 0.885418 0.825857 0.704269 0.848831 0.995423 0.846806 0.904587 0.826951 0.629411 0.509048 0.555165 0.947745 0.779151 0.923269 0.938039 0.858754 0.908445 0.902233 0.999380 0.835322 0.799346 0.702016 0.743156 0.738763 0.908692 0.755326 0.809673 0.712901 0.818598 0.945650 0.779142 0.751516 0.767722 0.856007 0.913993 0.875476 0.909483 0.861891 0.900130 0.995566 0.930912 0.894098 0.926159 0.989572 0.915875
0.455687 0.403787 0.672625 0.608349 0.909417 0.599317 0.542536 0.518322 0.970645 0.936069 0.548977 0.000000 0.566031 0.438122 0.570215 0.559703 0.572712 0.376556 0.444667 0.403978 0.603369 0.921112 0.707239 0.621148 0.785071 0.928449 0.792662 0.946787 0.659507 0.665349 0.933556 0.800065 0.548947 0.437976 0.710025 0.664593 0.670583 0.596459 0.857904 0.789893 0.805711 0.838497 0.633582 0.673112 0.737185 0.810607 0.611713 0.713659 0.871447 0.847543 0.982190 0.939804 0.838325 0.663207 0.668267 0.691161 0.389828 0.409500 0.598261 0.685147 0.497901 0.573022 0.567038 0.463463 0.663298 0.517982 0.539338 0.507332 0.574829 0.593092 0.725736 0.834759 0.757325 0.766914 0.996547 0.926391 0.771269 0.784427 0.646573 0.512661 0.413069 0.435853 0.795149 0.625069 0.611959 0.566111 0.692661 0.815974 0.677411 0.652552 0.855144 0.945555 0.688161 0.901211 0.792489 0.853740 0.618387 0.724301 0.732560 0.742085 0.983196 0.973295 0.732981 0.872470 0.643627 0.630097 0.918998 0.911367 0.920097 0.766657 0.921837 0.820521 0.852014 0.910615 0.846026 0.861189
0.318532 0.340550 0.303712 0.322295 0.622087 0.745145 0.326719 0.514361 0.731709 0.590792 0.824192 0.566031 0.000000 0.451782 0.317632 0.356877 0.609469 0.644000 0.354228 0.427627 0.594014 0.933877 0.311982 0.336689 0.406243 0.535251 0.588104 0.731678 0.996865 0.928637 0.743258 0.956689 0.442145 0.537239 0.498921 0.877216 0.349697 0.599562 0.506788 0.709736 0.598580 0.992263 0.816261 0.769960 0.994396 0.968717 0.591224 0.538851 0.909620 0.760134 0.996367 0.732810 0.978720 0.777526 0.423681 0.532689 0.505622 0.349086 0.443516 0.435121 0.336764 0.498665 0.594104 0.615000 0.269797 0.282464 0.367144 0.526200 0.356870 0.449938 0.534840 0.824507 0.708602 0.810593 0.922803 0.793918 0.645716 0.957896 0.667113 0.649081 0.509573 0.394247 0.579630 0.469388 0.247089 0.298354 0.473465 0.576583 0.389187 0.406702 0.957727 0.939254 0.821266 0.792561 0.630039 0.972207 0.546635 0.942216 0.954417 0.962268 0.627802 0.902380 0.894792 0.896155 0.620241 0.526137 0.867653 0.999768 0.926954 0.800313 0.935546 0.869702 0.995999 0.887353 0.778488 0.871436
0.466631 0.436589 0.597354 0.510969 0.848436 0.657068 0.427981 0.458675 0.927032 0.761020 0.730450 0.438122 0.451782 0.000000 0.456905 0.455004 0.516707 0.401480 0.305263 0.361070 0.744304 0.932833 0.538267 0.428029 0.718464 0.802749 0.618377 0.960072 0.698504 0.687264 0.935607 0.726132 0.510905 0.480771 0.566531 0.713481 0.662005 0.524127 0.700771 0.783457 0.846053 0.786715 0.718032 0.692462 0.854261 0.880923 0.655363 0.705486 0.954229 0.992723 0.846244 0.988231 0.848705 0.665989 0.650403 0.639822 0.373848 0.429420 0.694273 0.785189 0.582618 0.671530 0.670603 0.596952 0.565831 0.472194 0.490018 0.588122 0.645075 0.779960 0.568109 0.721683 0.877469 0.940405 0.988845 0.852017 0.760483 0.764837 0.563848 0.541991 0.374105 0.338799 0.603872 0.505184 0.491163 0.479031 0.636669 0.604466 0.646959 0.635790 0.879266 0.868802 0.731174 0.734892 0.865797 0.902953 0.573247 0.795715 0.845591 0.728502 0.814112 0.848821 0.891899 0.932317 0.639506 0.682658 0.994208 0.928736 0.901867 0.751988 0.981474 0.758514 0.927939 0.994173 0.979182 0.910237
0.551686 0.516362 0.409610 0.373239 0.651452 0.759451 0.371507 0.488180 0.808289 0.737010 0.958261 0.570215 0.317632 0.456905 0.000000 0.256733 0.724207 0.683117 0.468016 0.518958 0.680627 0.828247 0.320458 0.365217 0.517368 0.637827 0.650679 0.825854 0.911029 0.981988 0.677515 0.843332 0.519566 0.610240 0.631420 0.859283 0.494379 0.554562 0.650773 0.891380 0.726737 0.877678 0.767164 0.770769 0.921848 0.936485 0.642866 0.604725 0.927315 0.879994 0.959365 0.852237 0.911467 0.808449 0.578007 0.695841 0.564437 0.477590 0.653358 0.643371 0.439558 0.467475 0.665118 0.591807 0.395736 0.388893 0.532690 0.580636 0.617049 0.673616 0.538315 0.791680 0.816873 0.837023 0.932725 0.723679 0.748394 0.848037 0.662340 0.674471 0.561078 0.498380 0.655754 0.538350 0.387189 0.413280 0.560453 0.519767 0.572140 0.518992 0.966316 0.910638 0.816353 0.838004 0.737595 0.969266 0.548770 0.950864 0.930674 0.819262 0.837295 0.989662 0.958992 0.924338 0.619023 0.614251 0.930715 0.911331 0.824799 0.856616 0.974851 0.824960 0.907692 0.970833 0.848107 0.835117
0.598527 0.545663 0.446914 0.396353 0.626501 0.720897 0.479361 0.521782 0.936463 0.689034 0.990587 0.559703 0.356877 0.455004 0.256733 0.000000 0.779649 0.731513 0.530603 0.571870 0.658033 0.839586 0.318005 0.334332 0.482346 0.637440 0.591198 0.816520 0.962139 0.976115 0.711759 0.841946 0.578830 0.648120 0.632487 0.868580 0.507741 0.633964 0.616652 0.755761 0.678460 0.968221 0.832465 0.819960 0.931704 0.949961 0.640706 0.688372 0.797374 0.956933 0.822324 0.992513 0.943983 0.677690 0.614758 0.732159 0.586739 0.510717 0.699293 0.656812 0.476343 0.475570 0.761907 0.643737 0.422521 0.390552 0.600282 0.683019 0.630737 0.650450 0.649751 0.838093 0.849512 0.886837 0.912714 0.656571 0.850425 0.883277 0.702797 0.742010 0.599513 0.515438 0.632729 0.529423 0.397897 0.382329 0.577634 0.562860 0.535459 0.493502 0.995864 0.995096 0.804595 0.922388 0.846692 0.991491 0.635709 0.934230 0.993167 0.881274 0.818754 0.903787 0.967144 0.846595 0.676620 0.579626 0.925996 0.978131 0.842189 0.928149 0.920802 0.792865 0.899872 0.896384 0.839329 0.848749
0.537166 0.469011 0.819287 0.856723 0.923833 0.698457 0.535925 0.622226 0.840100 0.937090 0.582749 0.572712 0.609469 0.516707 0.724207 0.779649 0.000000 0.325757 0.392685 0.418109 0.828227 0.835085 0.844290 0.833634 0.981374 0.999611 0.958464 0.803320 0.418676 0.479989 0.793876 0.594357 0.413957 0.407565 0.855794 0.853810 0.738368 0.746142 0.994528 0.795066 0.689068 0.757796 0.412242 0.342611 0.579673 0.582529 0.561282 0.611380 0.703397 0.753666 0.804996 0.796134 0.929802 0.989407 0.784670 0.713972 0.299826 0.423320 0.637050 0.717182 0.652071 0.833628 0.356170 0.395252 0.871665 0.749015 0.589573 0.588557 0.625502 0.725230 0.507249 0.660165 0.748085 0.764367 0.950792 0.711584 0.558423 0.518099 0.507478 0.452799 0.294484 0.414982 0.649465 0.661176 0.765378 0.782454 0.938748 0.757032 0.842057 0.867404 0.803463 0.734027 0.801790 0.813118 0.758448 0.949954 0.639488 0.787725 0.630916 0.659099 0.946981 0.696658 0.615246 0.551465 0.755716 0.807575 0.911924 0.984275 0.948416 0.771627 0.863817 0.742102 0.770997 0.848930 0.788887 0.904905
0.470808 0.424784 0.836469 0.791707 0.954393 0.627198 0.536916 0.592991 0.986292 0.994011 0.460225 0.376556 0.644000 0.401480 0.683117 0.731513 0.325757 0.000000 0.364972 0.277283 0.737020 0.789111 0.862804 0.768091 0.968216 0.964815 0.905241 0.956608 0.432828 0.413673 0.962237 0.595620 0.445746 0.363639 0.792714 0.718012 0.770323 0.584537 0.927915 0.880115 0.709769 0.696225 0.491332 0.471075 0.615131 0.683122 0.621005 0.685266 0.783935 0.897130 0.981717 0.975360 0.804936 0.711390 0.791091 0.760898 0.217105 0.367041 0.678431 0.832221 0.703096 0.885727 0.458902 0.447716 0.843858 0.710375 0.560030 0.570794 0.597332 0.707596 0.566968 0.629821 0.823203 0.762662 0.948305 0.854264 0.690246 0.582963 0.479675 0.377618 0.246336 0.311997 0.685638 0.640798 0.731408 0.719676 0.830493 0.790800 0.808759 0.820243 0.730854 0.739740 0.611027 0.683669 0.814236 0.854655 0.551401 0.771727 0.639445 0.627392 0.959170 0.766858 0.587584 0.618272 0.637472 0.750087 0.968883 0.955467 0.969954 0.712513 0.846167 0.748556 0.878530 0.825936 0.936150 0.950353
0.358868 0.328912 0.542476 0.508820 0.799084 0.613841 0.340197 0.464586 0.844289 0.758090 0.601884 0.444667 0.354228 0.305263 0.468016 0.530603 0.392685 0.364972 0.000000 0.316624 0.714881 0.952046 0.576123 0.533243 0.736191 0.813874 0.686143 0.901446 0.656162 0.713222 0.933853 0.786864 0.433768 0.396109 0.584343 0.789546 0.605521 0.617359 0.699809 0.710888 0.673265 0.838474 0.625336 0.595611 0.772492 0.806444 0.577842 0.564003 0.931921 0.853520 0.994169 0.821977 0.909152 0.779802 0.561995 0.606431 0.315431 0.336355 0.536142 0.606932 0.492690 0.702814 0.494152 0.564901 0.535003 0.442942 0.349584 0.474058 0.509548 0.669504 0.432324 0.694705 0.800865 0.849797 0.961269 0.815172 0.618108 0.769025 0.542638 0.508726 0.329759 0.317338 0.682435 0.535517 0.469551 0.503508 0.692108 0.650186 0.624192 0.676939 0.815812 0.735359 0.663436 0.680416 0.702575 0.917482 0.454794 0.799433 0.781622 0.669630 0.798444 0.817388 0.879852 0.838393 0.589229 0.567143 0.958045 0.986000 0.880412 0.645790 0.960349 0.731875 0.892768 0.964723 0.776529 0.820468
0.372681 0.321135 0.553104 0.519603 0.830121 0.717400 0.383142 0.484869 0.855718 0.809586 0.574207 0.403978 0.427627 0.361070 0.518958 0.571870 0.418109 0.277283 0.316624 0.000000 0.630811 0.832501 0.599222 0.531144 0.685287 0.751296 0.670428 0.889473 0.671943 0.656651 0.802415 0.733878 0.356857 0.396446 0.618845 0.744890 0.547465 0.458215 0.712268 0.808237 0.682364 0.686370 0.593271 0.573762 0.779793 0.853213 0.592958 0.658034 0.968105 0.838319 0.963620 0.923499 0.840430 0.703220 0.602115 0.682637 0.248469 0.283786 0.577098 0.689651 0.525827 0.703796 0.542135 0.509555 0.546528 0.454461 0.399152 0.480162 0.404329 0.551120 0.445010 0.596666 0.768382 0.751740 0.935332 0.823047 0.550814 0.688022 0.518552 0.480855 0.294543 0.277489 0.619363 0.528670 0.458159 0.477893 0.690231 0.731061 0.597282 0.603920 0.829553 0.797555 0.631033 0.650098 0.749615 0.908901 0.494822 0.878615 0.822998 0.757906 0.847136 0.827373 0.777070 0.858690 0.519310 0.635319 0.969299 0.966139 0.910479 0.767111 0.927332 0.832304 0.991036 0.897214 0.869197 0.950372
0.509077 0.517985 0.554900 0.592470 0.818327 0.738325 0.716174 0.773303 0.934012 0.747454 0.791270 0.603369 0.594014 0.744304 0.680627 0.658033 0.828227 0.737020 0.714881 0.630811 0.000000 0.889036 0.718817 0.635337 0.604361 0.672602 0.803928 0.622509 0.983380 0.984679 0.864248 0.979699 0.660682 0.658541 0.560055 0.743335 0.591215 0.612801 0.571785 0.767119 0.769160 0.992295 0.992781 0.913523 0.983084 0.980426 0.742275 0.914248 0.977691 0.890424 0.996583 0.984654 0.778996 0.594974 0.576315 0.868065 0.626190 0.561854 0.612510 0.656806 0.530629 0.601515 0.804139 0.766096 0.546660 0.513617 0.635819 0.742494 0.511636 0.576629 0.923238 0.983952 0.837183 0.954082 0.958095 0.989225 0.848236 0.945352 0.958186 0.800704 0.671501 0.577543 0.625341 0.677963 0.542364 0.490091 0.711418 0.725868 0.608110 0.577231 0.781765 0.680592 0.989453 0.898003 0.796333 0.908149 0.789386 0.923098 0.872631 0.858754 0.718004 0.791902 0.944383 0.830821 0.909920 0.815127 0.974850 0.887592 0.984461 0.967304 0.923539 0.907350 0.885381 0.936240 0.866686 0.978858
0.977636 0.939134 0.811805 0.867791 0.918741 0.919450 0.880021 0.898338 0.992186 0.983808 0.785569 0.921112 0.933877 0.932833 0.828247 0.839586 0.835085 0.789111 0.952046 0.832501 0.889036 0.000000 0.886676 0.931047 0.925523 0.877585 0.909945 0.995160 0.789010 0.724998 0.962810 0.833240 0.944650 0.915085 0.839233 0.853737 0.885972 0.984740 0.862834 0.870770 0.974579 0.884468 0.866039 0.888313 0.931695 0.981995 0.979310 0.988579 0.984471 0.938087 0.896252 0.869432 0.754214 0.852719 0.819323 0.911435 0.838553 0.947696 0.938813 0.841342 0.885902 0.804071 0.992687 0.958534 0.870527 0.895678 0.968595 0.938782 0.914600 0.895258 0.930231 0.942938 0.931071 0.911825 0.989284 0.960217 0.997517 0.786680 0.992260 0.995234 0.856675 0.964662 0.970669 0.983969 0.910277 0.917629 0.997239 0.895465 0.876855 0.992774 0.991175 0.984068 0.945485 0.959733 0.972584 0.931725 0.878146 0.928092 0.975213 0.989599 0.976972 0.965465 0.879443 0.911667 0.916173 0.984893 0.983732 0.833258 0.951932 0.956022 0.929868 0.965451 0.994964 0.956057 0.787426 0.890649
0.624704 0.516208 0.327424 0.260509 0.564946 0.842560 0.486386 0.569268 0.773011 0.581892 0.833228 0.707239 0.311982 0.538267 0.320458 0.318005 0.844290 0.862804 0.576123 0.599222 0.718817 0.886676 0.000000 0.225125 0.325325 0.452887 0.425337 0.792139 0.891330 0.835707 0.619696 0.980973 0.614957 0.789109 0.579863 0.904248 0.412947 0.599208 0.548198 0.754734 0.739351 0.961469 0.910561 0.940793 0.858061 0.867521 0.731694 0.688455 0.747293 0.927346 0.885112 0.884855 0.952711 0.742050 0.578845 0.728618 0.683607 0.538407 0.722706 0.645336 0.507826 0.487016 0.873786 0.767887 0.279359 0.328588 0.529604 0.622137 0.565992 0.626894 0.601980 0.798285 0.832228 0.954401 0.992970 0.801069 0.838966 0.984060 0.701560 0.871848 0.716042 0.618977 0.618705 0.622346 0.280516 0.295895 0.505096 0.517628 0.455898 0.393688 0.962551 0.979815 0.793846 0.882935 0.712586 0.989246 0.700769 0.994045 0.864650 0.958843 0.618801 0.807707 0.799137 0.741671 0.622319 0.566094 0.954300 0.951083 0.892245 0.786793 0.991024 0.938286 0.917453 0.832760 0.816991 0.869684
0.521712 0.475379 0.329364 0.242442 0.623854 0.820783 0.513888 0.554556 0.821454 0.463658 0.932690 0.621148 0.336689 0.428029 0.365217 0.334332 0.833634 0.768091 0.533243 0.531144 0.635337 0.931047 0.225125 0.000000 0.298797 0.447641 0.393883 0.732450 0.880696 0.848506 0.734744 0.991428 0.606636 0.735281 0.494969 0.793251 0.425146 0.539909 0.459363 0.716889 0.738342 0.896592 0.976896 0.983815 0.777869 0.799791 0.724513 0.717700 0.688331 0.998650 0.750773 0.991890 0.784786 0.555515 0.463019 0.654428 0.613747 0.478605 0.709377 0.663706 0.544459 0.573697 0.897231 0.809041 0.284229 0.330882 0.554805 0.663535 0.488026 0.603358 0.701247 0.894009 0.961112 0.964108 0.980745 0.939923 0.867874 0.966629 0.700069 0.832397 0.614698 0.477805 0.557572 0.448153 0.251849 0.237826 0.512761 0.489371 0.377322 0.311414 0.885507 0.899027 0.815862 0.926874 0.765922 0.946270 0.669893 0.987740 0.810160 0.892479 0.569558 0.795610 0.750117 0.703223 0.662323 0.637613 0.998408 0.926810 0.983443 0.860035 0.906254 0.999137 0.825413 0.782867 0.948625 0.912394
0.509456 0.524525 0.282833 0.294396 0.591982 0.936477 0.587251 0.708340 0.756700 0.474482 0.872511 0.785071 0.406243 0.718464 0.517368 0.482346 0.981374 0.968216 0.736191 0.685287 0.604361 0.925523 0.325325 0.298797 0.000000 0.246176 0.449906 0.657202 0.640222 0.602458 0.644614 0.831184 0.619169 0.800873 0.434456 0.834876 0.343535 0.594842 0.420659 0.637160 0.700564 0.993735 0.873585 0.895810 0.740338 0.784391 0.765848 0.721666 0.704843 0.949786 0.862338 0.945737 0.830690 0.584949 0.390405 0.658718 0.765631 0.573126 0.639554 0.563248 0.489753 0.529108 0.983436 0.938568 0.222401 0.311938 0.568251 0.677803 0.398717 0.437099 0.907202 0.998739 0.874381 0.953938 0.935204 0.960129 0.958357 0.797475 0.861283 0.997930 0.804084 0.621178 0.569796 0.494579 0.238317 0.230612 0.545385 0.599633 0.301380 0.277628 0.758189 0.680663 0.933269 0.935263 0.737454 0.997479 0.808780 0.930720 0.638323 0.647959 0.499401 0.650423 0.592125 0.602083 0.763564 0.687597 0.908955 0.878922 0.953741 0.924247 0.836819 0.846037 0.750378 0.738630 0.907300 0.914270
0.578647 0.604512 0.311506 0.390313 0.625669 0.913925 0.573688 0.701651 0.669143 0.608554 0.884046 0.928449 0.535251 0.802749 0.637827 0.637440 0.999611 0.964815 0.813874 0.751296 0.672602 0.877585 0.452887 0.447641 0.246176 0.000000 0.539927 0.662408 0.618777 0.582862 0.615525 0.863127 0.635257 0.831182 0.507198 0.822539 0.398857 0.631070 0.484756 0.644639 0.794412 0.980066 0.906871 0.911974 0.845027 0.869915 0.762313 0.773519 0.775824 0.896800 0.987855 0.864251 0.963813 0.746256 0.398601 0.669656 0.808878 0.656670 0.656495 0.613279 0.519114 0.563098 0.951190 0.976424 0.292710 0.359888 0.550398 0.638444 0.453974 0.505057 0.936344 0.945352 0.828909 0.932652 0.866589 0.932809 0.994322 0.743746 0.923054 0.913358 0.915801 0.743350 0.610085 0.632669 0.327279 0.309869 0.697179 0.692620 0.394947 0.396459 0.812315 0.669630 0.972054 0.939429 0.721330 0.963549 0.885743 0.913710 0.689589 0.679829 0.575036 0.721608 0.628926 0.593180 0.819334 0.724478 0.913274 0.883183 0.950166 0.868819 0.955545 0.890092 0.733078 0.826941 0.912063 0.850389
0.709521 0.694421 0.547954 0.454395 0.719121 0.910590 0.744941 0.773973 0.949620 0.508169 0.834694 0.792662 0.588104 0.618377 0.650679 0.591198 0.958464 0.905241 0.686143 0.670428 0.803928 0.909945 0.425337 0.393883 0.449906 0.539927 0.000000 0.760358 0.769570 0.788532 0.866181 0.940945 0.786206 0.942858 0.664754 0.804084 0.632378 0.655697 0.673157 0.859543 0.882337 0.979091 0.868559 0.842891 0.617338 0.649564 0.949305 0.957795 0.546654 0.865152 0.714979 0.897771 0.711143 0.626187 0.710152 0.904259 0.800293 0.738622 0.923797 0.824597 0.812105 0.805385 0.931497 0.980332 0.479397 0.536150 0.724301 0.849822 0.655924 0.724245 0.787261 0.943876 0.945702 0.895729 0.834751 0.970354 0.962753 0.818739 0.775177 0.972248 0.848805 0.703983 0.740230 0.731518 0.483585 0.454340 0.707919 0.734372 0.611965 0.540887 0.950738 0.963367 0.890660 0.904891 0.980967 0.984590 0.903920 0.995985 0.749069 0.824930 0.606576 0.847152 0.730105 0.720838 0.768095 0.818236 0.967884 0.941165 0.908807 0.842503 0.934195 0.830938 0.759433 0.795552 0.986016 0.831473
0.711657 0.742414 0.711147 0.748653 0.820708 0.775074 0.886734 0.939815 0.982656 0.731905 0.907765 0.946787 0.731678 0.960072 0.825854 0.816520 0.803320 0.956608 0.901446 0.889473 0.622509 0.995160 0.792139 0.732450 0.657202 0.662408 0.760358 0.000000 0.980507 0.848150 0.779728 0.932680 0.825780 0.936585 0.858994 0.761340 0.707434 0.962768 0.752172 0.756569 0.844746 0.941002 0.941453 0.915945 0.847482 0.970392 0.810329 0.828595 0.923818 0.925328 0.958100 0.915112 0.943069 0.816352 0.699453 0.867952 0.797496 0.747937 0.741408 0.673871 0.808030 0.858970 0.924878 0.938564 0.713568 0.757017 0.859763 0.982921 0.698363 0.595357 0.902785 0.825138 0.984882 0.849177 0.934456 0.991004 0.829611 0.950172 0.899151 0.975369 0.835733 0.800034 0.779244 0.837906 0.714065 0.685202 0.892158 0.942110 0.769796 0.668157 0.831691 0.825539 0.885240 0.874335 0.851365 0.827660 0.860387 0.887678 0.814130 0.790435 0.767700 0.821231 0.834633 0.810029 0.932151 0.984998 0.865107 0.951603 0.871971 0.945897 0.826840 0.855049 0.975721 0.974772 0.949385 0.853511
0.923219 0.787681 0.783291 0.831889 0.936880 0.728483 0.838177 0.774863 0.949788 0.635325 0.662908 0.659507 0.996865 0.698504 0.911029 0.962139 0.418676 0.432828 0.656162 0.671943 0.983380 0.789010 0.891330 0.880696 0.640222 0.618777 0.769570 0.980507 0.000000 0.243307 0.893426 0.427105 0.718946 0.597140 0.837053 0.905086 0.915915 0.957227 0.712648 0.973799 0.965916 0.779234 0.395845 0.400541 0.485783 0.544103 0.784621 0.795748 0.676238 0.903162 0.809058 0.950925 0.855121 0.881733 0.837994 0.991159 0.500657 0.762289 0.928292 0.913881 0.954512 0.991120 0.491122 0.457304 0.715319 0.888289 0.889408 0.810209 0.917565 0.888697 0.649365 0.663948 0.891188 0.782665 0.913053 0.815755 0.767212 0.421109 0.575667 0.461716 0.503346 0.759357 0.966583 0.994631 0.814187 0.819649 0.919826 0.992815 0.756343 0.728487 0.730283 0.691955 0.849683 0.918417 0.853291 0.996988 0.700988 0.896584 0.516804 0.495170 0.656162 0.635114 0.449316 0.402648 0.837683 0.940788 0.967279 0.954050 0.901866 0.852665 0.772611 0.662598 0.658143 0.760060 0.922015 0.955837
0.961872 0.833408 0.746283 0.773981 0.868260 0.753878 0.932473 0.885869 0.948981 0.672554 0.583103 0.665349 0.928637 0.687264 0.981988 0.976115 0.479989 0.413673 0.713222 0.656651 0.984679 0.724998 0.835707 0.848506 0.602458 0.582862 0.788532 0.848150 0.243307 0.000000 0.977602 0.451722 0.782097 0.654063 0.847903 0.856786 0.840856 0.909710 0.670367 0.920848 0.940887 0.812183 0.520988 0.515100 0.559269 0.665456 0.910859 0.962917 0.733769 0.980124 0.962506 0.869072 0.983750 0.972310 0.726830 0.867516 0.534675 0.812480 0.964110 0.836314 0.963073 0.908962 0.591459 0.548254 0.684924 0.856382 0.944872 0.868045 0.917520 0.841226 0.728917 0.688109 0.861858 0.764118 0.975951 0.785889 0.901584 0.454634 0.647805 0.490378 0.539989 0.745193 0.956582 0.983610 0.773257 0.786905 0.913456 0.967902 0.715384 0.711837 0.779645 0.748192 0.861624 0.884414 0.932542 0.963427 0.810279 0.886279 0.589207 0.601266 0.709266 0.702395 0.463579 0.449802 0.874890 0.944997 0.874393 0.923886 0.965929 0.905850 0.761276 0.784242 0.801621 0.809995 0.986076 0.970793
0.938739 0.848944 0.678828 0.759187 0.766626 0.864289 0.726949 0.838617 0.636472 0.939368 0.793365 0.933556 0.743258 0.935607 0.677515 0.711759 0.793876 0.962237 0.933853 0.802415 0.864248 0.962810 0.619696 0.734744 0.644614 0.615525 0.866181 0.779728 0.893426 0.977602 0.000000 0.688601 0.624751 0.875016 0.845352 0.995733 0.638099 0.774255 0.780274 0.869360 0.863793 0.867369 0.768132 0.725734 0.890109 0.906069 0.870455 0.876448 0.939631 0.884316 0.865787 0.892827 0.812291 0.961272 0.823259 0.928770 0.781650 0.818450 0.888825 0.882560 0.718640 0.686733 0.871356 0.732933 0.728926 0.745616 0.856196 0.773702 0.766682 0.809658 0.776569 0.781547 0.715650 0.761815 0.968033 0.824444 0.860700 0.720560 0.770114 0.881154 0.851432 0.898306 0.778918 0.877932 0.724770 0.724812 0.982761 0.822605 0.793775 0.806688 0.807414 0.771388 0.822437 0.773396 0.837975 0.847453 0.966276 0.766130 0.889547 0.909853 0.868253 0.939954 0.959860 0.990729 0.813613 0.891312 0.849356 0.978234 0.930142 0.978729 0.907935 0.965026 0.949417 0.990802 0.895382 0.981267
0.956177 0.900530 0.862678 0.966822 0.961395 0.848352 0.852193 0.771672 0.974804 0.749572 0.862482 0.800065 0.956689 0.726132 0.843332 0.841946 0.594357 0.595620 0.786864 0.733878 0.979699 0.833240 0.980973 0.991428 0.831184 0.863127 0.940945 0.932680 0.427105 0.451722 0.688601 0.000000 0.719666 0.686011 0.830969 0.882906 0.993556 0.890140 0.857077 0.943269 0.969285 0.792317 0.546965 0.498729 0.666415 0.713403 0.854711 0.942134 0.866551 0.970378 0.986680 0.911008 0.952868 0.999724 0.945958 0.923859 0.583256 0.828921 0.913260 0.817853 0.981306 0.995997 0.738533 0.647515 0.818122 0.962984 0.977641 0.868892 0.892587 0.796429 0.792437 0.702304 0.999992 0.882208 0.985249 0.841203 0.902011 0.553188 0.683762 0.729009 0.582432 0.776757 0.866143 0.828943 0.917118 0.949395 0.862140 0.876592 0.858332 0.896806 0.724614 0.865366 0.854904 0.975605 0.942170 0.959498 0.890778 0.882773 0.648940 0.589410 0.738856 0.737873 0.579737 0.609294 0.902799 0.958468 0.948670 0.957933 0.879414 0.891018 0.767628 0.726607 0.827393 0.837816 0.944053 0.938832
0.404358 0.334379 0.485723 0.531777 0.817646 0.765202 0.338146 0.478233 0.623145 0.871397 0.700929 0.548947 0.442145 0.510905 0.519566 0.578830 0.413957 0.445746 0.433768 0.356857 0.660682 0.944650 0.614957 0.606636 0.619169 0.635257 0.786206 0.825780 0.718946 0.782097 0.624751 0.719666 0.000000 0.357036 0.606373 0.853754 0.486889 0.539811 0.669301 0.776955 0.635652 0.722543 0.495667 0.459333 0.627923 0.645434 0.470972 0.538739 0.798117 0.685258 0.798869 0.755992 0.916778 0.857000 0.501938 0.581693 0.319177 0.320660 0.499266 0.629767 0.418351 0.574642 0.426545 0.473332 0.530447 0.454836 0.384424 0.379196 0.443728 0.555331 0.522073 0.713215 0.727278 0.725166 0.838451 0.735290 0.549105 0.742130 0.476286 0.592277 0.360631 0.402641 0.544579 0.529604 0.458737 0.460351 0.772712 0.610136 0.575315 0.600204 0.874530 0.984552 0.748469 0.878148 0.728539 0.966245 0.631462 0.898690 0.809127 0.808667 0.897463 0.882392 0.871418 0.794516 0.619606 0.643913 0.939656 0.991252 0.919834 0.746695 0.848241 0.710955 0.893537 0.822372 0.767597 0.935874
0.383025 0.348674 0.635673 0.657079 0.808941 0.694575 0.382002 0.437804 0.795026 0.953303 0.509758 0.437976 0.537239 0.480771 0.610240 0.648120 0.407565 0.363639 0.396109 0.396446 0.658541 0.915085 0.789109 0.735281 0.800873 0.831182 0.942858 0.936585 0.597140 0.654063 0.875016 0.686011 0.357036 0.000000 0.617883 0.742651 0.612143 0.593495 0.783160 0.794145 0.636672 0.783870 0.504928 0.432258 0.523286 0.536664 0.431526 0.522749 0.645286 0.656041 0.726682 0.733990 0.916956 0.854052 0.537732 0.531354 0.310785 0.318339 0.438298 0.569997 0.410244 0.558935 0.364294 0.354636 0.683779 0.561065 0.413837 0.417492 0.513248 0.550959 0.656511 0.800099 0.727844 0.632308 0.942093 0.851821 0.692375 0.681471 0.630846 0.566154 0.297547 0.385659 0.528655 0.520818 0.582298 0.600559 0.731795 0.705058 0.644846 0.749730 0.890429 0.998742 0.799564 0.899913 0.799707 0.933130 0.516342 0.867026 0.647083 0.726730 0.950935 0.863010 0.772743 0.726403 0.625931 0.655434 0.924055 0.991867 0.855429 0.722487 0.868540 0.690840 0.846125 0.887255 0.791544 0.905477
0.451790 0.475826 0.372816 0.442103 0.801868 0.924791 0.492832 0.625840 0.691785 0.659032 0.896517 0.710025 0.498921 0.566531 0.631420 0.632487 0.855794 0.792714 0.584343 0.618845 0.560055 0.839233 0.579863 0.494969 0.434456 0.507198 0.664754 0.858994 0.837053 0.847903 0.845352 0.830969 0.606373 0.617883 0.000000 0.896510 0.526794 0.491311 0.424889 0.716167 0.855191 0.950068 0.955438 0.966989 0.983989 0.988403 0.723047 0.704778 0.907266 0.891280 0.997729 0.894774 0.846419 0.659444 0.396034 0.535340 0.675531 0.532282 0.541895 0.600181 0.442988 0.548875 0.855307 0.817768 0.351719 0.364502 0.418843 0.534258 0.495419 0.592566 0.830461 0.917805 0.801756 0.885260 0.997576 0.973085 0.931547 0.900302 0.799103 0.863415 0.696297 0.539836 0.510504 0.534234 0.369243 0.366729 0.683665 0.626746 0.408314 0.476293 0.765132 0.711531 0.935783 0.974280 0.787417 0.997646 0.730195 0.938435 0.787134 0.797149 0.544762 0.796665 0.711047 0.789221 0.719724 0.750877 0.868934 0.855642 0.944086 0.917798 0.847257 0.974521 0.790322 0.869155 0.802338 0.933956
0.742643 0.760360 0.887547 0.812920 0.831238 0.688511 0.832279 0.734354 0.893447 0.959888 0.835030 0.664593 0.877216 0.713481 0.859283 0.868580 0.853810 0.718012 0.789546 0.744890 0.743335 0.853737 0.904248 0.793251 0.834876 0.822539 0.804084 0.761340 0.905086 0.856786 0.995733 0.882906 0.853754 0.742651 0.896510 0.000000 0.926566 0.746529 0.842576 0.866624 0.901001 0.823721 0.916882 0.881471 0.991607 0.987661 0.853041 0.954260 0.970704 0.905383 0.898799 0.908489 0.774430 0.668561 0.814634 0.980132 0.717069 0.759629 0.891711 0.890246 0.867005 0.877373 0.974941 0.919021 0.841141 0.772482 0.856227 0.849373 0.813723 0.712872 0.945376 0.999453 0.986570 0.983494 0.873508 0.996014 0.959781 0.995450 0.902503 0.799552 0.741149 0.760086 0.830903 0.884975 0.826826 0.774468 0.913140 0.945976 0.902916 0.837130 0.869281 0.918818 0.926011 0.973487 0.956959 0.957403 0.849814 0.973612 0.947351 0.958067 0.975073 0.998430 0.943774 0.957479 0.845503 0.838691 0.979823 0.899361 0.914860 0.834588 0.960803 0.965372 0.906121 0.844747 0.810753 0.890095
0.430479 0.434327 0.326545 0.389296 0.715816 0.869985 0.451316 0.596331 0.740101 0.589959 0.918730 0.670583 0.349697 0.662005 0.494379 0.507741 0.738368 0.770323 0.605521 0.547465 0.591215 0.885972 0.412947 0.425146 0.343535 0.398857 0.632378 0.707434 0.915915 0.840856 0.638099 0.993556 0.486889 0.612143 0.526794 0.926566 0.000000 0.616773 0.585097 0.744215 0.615062 0.938249 0.925378 0.851577 0.982537 0.989105 0.645499 0.594970 0.878587 0.754487 0.986229 0.800250 0.980979 0.795107 0.379805 0.624211 0.585248 0.418211 0.506877 0.539238 0.383999 0.497860 0.712891 0.681369 0.314788 0.333831 0.475548 0.576065 0.351923 0.422054 0.748304 0.877263 0.759257 0.745256 0.861491 0.927784 0.791762 0.986104 0.715638 0.790900 0.585126 0.467816 0.534312 0.469164 0.280426 0.300055 0.625539 0.531978 0.370112 0.411683 0.766336 0.791037 0.990130 0.981549 0.707794 0.857474 0.697955 0.896149 0.824191 0.822968 0.581136 0.795082 0.834811 0.781100 0.724328 0.682258 0.987419 0.911730 0.930229 0.807546 0.865499 0.931043 0.847060 0.933425 0.817058 0.941206
0.572371 0.521329 0.521507 0.525936 0.831321 0.875068 0.509249 0.579378 0.718448 0.949655 0.867862 0.596459 0.599562 0.524127 0.554562 0.633964 0.746142 0.584537 0.617359 0.458215 0.612801 0.984740 0.599208 0.539909 0.594842 0.631070 0.655697 0.962768 0.957227 0.909710 0.774255 0.890140 0.539811 0.593495 0.491311 0.746529 0.616773 0.000000 0.644946 0.770811 0.890262 0.599586 0.839070 0.815962 0.837262 0.908421 0.720819 0.768892 0.979293 0.903203 0.998000 0.953972 0.792802 0.684822 0.608364 0.781189 0.546556 0.511521 0.731096 0.813010 0.589519 0.637108 0.812800 0.666096 0.530930 0.517912 0.547982 0.562224 0.566549 0.628636 0.673078 0.655418 0.784113 0.784503 0.954691 0.962522 0.749721 0.881229 0.739516 0.747831 0.612358 0.557836 0.722722 0.682078 0.517502 0.506848 0.756961 0.712216 0.584293 0.609757 0.936418 0.927197 0.790042 0.783929 0.991459 0.951522 0.774579 0.881498 0.900545 0.931829 0.785021 0.932361 0.927149 0.941826 0.582733 0.719476 0.826238 0.969091 0.982069 0.921500 0.939505 0.955165 0.850302 0.950673 0.886250 0.915874
