0.000000 0.326598 0.912503 0.963265 0.938234 0.699836 0.622097 0.495818 0.920500 0.619036 0.504279 0.325644 0.436321 0.453036 0.608845 0.626074 0.398386 0.403027 0.502690 0.590086 0.784958 0.827375 0.773934 0.887143 0.619707 0.618011 0.781351 0.953934 0.491055 0.441999 0.587354 0.728121 0.558152 0.528606 0.940298 0.859950 0.864278 0.990804 0.860331 0.896290 0.914895 0.942512 0.457529 0.433403 0.493115 0.456901 0.550008 0.587256 0.413285 0.413747 0.457958 0.518766 0.704573 0.802280 0.599263 0.645199 0.403933 0.376898 0.383157 0.428995 0.454508 0.512715 0.367598 0.316937 0.734312 0.955084 0.751814 0.666350 0.635988 0.480776 0.758392 0.618264 0.777869 0.950638 0.907035 0.952275 0.630707 0.602751 0.686364 0.700213 0.341880 0.475807 0.775703 0.872380 0.613459 0.701747 0.679245 0.767411 0.649265 0.741076 0.624758 0.889099 0.759497 0.896630 0.741600 0.903062 0.779128 0.909852 0.441271 0.561534 0.761924 0.680423 0.445052 0.665674 0.766454 0.859907 0.876781 0.973404 0.901701 0.696195 0.883040 0.738848 0.585676 0.718000 0.899829 0.961685
0.326598 0.000000 0.943103 0.866840 0.824125 0.868457 0.797193 0.593303 0.925329 0.738639 0.628243 0.493858 0.600288 0.614583 0.775905 0.858188 0.443552 0.463067 0.636803 0.590284 0.941276 0.802935 0.962355 0.955570 0.799713 0.676923 0.774738 0.927727 0.571754 0.555005 0.632765 0.814444 0.754359 0.591389 0.926958 0.901286 0.991824 0.904791 0.867663 0.979703 0.827756 0.858791 0.508128 0.513795 0.627608 0.547763 0.610077 0.697866 0.501958 0.418162 0.504457 0.483786 0.701819 0.726202 0.702383 0.687812 0.336733 0.321238 0.446510 0.393292 0.654172 0.666545 0.523799 0.466046 0.736332 0.912534 0.787433 0.696001 0.571271 0.461308 0.831884 0.579174 0.738423 0.874545 0.963250 0.962490 0.715361 0.713381 0.650421 0.722227 0.474945 0.618219 0.847660 0.965340 0.876148 0.865042 0.709601 0.785723 0.788468 0.794129 0.705219 0.848489 0.782518 0.974958 0.874103 0.866913 0.714156 0.792158 0.562693 0.570850 0.845254 0.750783 0.576446 0.637193 0.853030 0.913484 0.830064 0.892585 0.995048 0.671404 0.955280 0.778033 0.627169 0.698992 0.936906 0.994234
0.912503 0.943103 0.000000 0.806427 0.960610 0.946922 0.675847 0.823871 0.803174 0.940179 0.915860 0.872399 0.900108 0.769068 0.879126 0.819100 0.932525 0.951920 0.936726 0.997576 0.966206 0.903353 0.942285 0.905394 0.602677 0.663684 0.963688 0.901041 0.919874 0.998743 0.875367 0.922526 0.987015 0.864171 0.820624 0.981005 0.981538 0.948504 0.774655 0.999577 0.791747 0.860807 0.961024 0.976364 0.804194 0.801492 0.786828 0.944285 0.756787 0.740542 0.752320 0.641340 0.748545 0.721091 0.999696 0.903541 0.923822 0.959840 0.894635 0.953739 0.886802 0.942295 0.934237 0.937528 0.567589 0.608145 0.759354 0.836167 0.926097 0.976960 0.902354 0.872161 0.872113 0.865738 0.993863 0.955567 0.937229 0.809179 0.992988 0.918844 0.937224 0.790760 0.997796 0.909150 0.885246 0.899283 0.862352 0.977624 0.779738 0.817354 0.927735 0.830222 0.892819 0.927774 0.795164 0.957787 0.835497 0.913602 0.857107 0.970897 0.940289 0.994431 0.996375 0.967609 0.958833 0.996942 0.732367 0.958100 0.957340 0.839524 0.959270 0.886503 0.990323 0.995100 0.932214 0.972749
0.963265 0.866840 0.806427 0.000000 0.984523 0.731148 0.972400 0.823858 0.921636 0.864544 0.803378 0.864497 0.786891 0.832358 0.881585 0.918191 0.944704 0.996146 0.891955 0.925836 0.980667 0.901738 0.730146 0.752945 0.657881 0.779392 0.876887 0.983947 0.972252 0.950713 0.913372 0.798557 0.997569 0.926694 0.919279 0.902809 0.989109 0.772431 0.864068 0.906424 0.898131 0.946412 0.905228 0.874217 0.981360 0.999809 0.927497 0.949278 0.996332 0.783732 0.768441 0.712095 0.729780 0.667885 0.964261 0.839669 0.809075 0.790691 0.870170 0.663222 0.951694 0.944372 0.984617 0.964562 0.698069 0.580683 0.593160 0.671643 0.820291 0.826849 0.717514 0.786774 0.767889 0.817730 0.891449 0.961810 0.912768 0.960706 0.936173 0.980190 0.929183 0.968884 0.914178 0.875309 0.899198 0.684759 0.965385 0.928451 0.856822 0.699250 0.590148 0.609459 0.553941 0.571043 0.996642 0.961378 0.927337 0.764766 0.810560 0.768334 0.973595 0.930017 0.870186 0.928558 0.890436 0.956143 0.968587 0.950162 0.936914 0.929176 0.831111 0.842545 0.937191 0.866621 0.783126 0.983339
0.938234 0.824125 0.960610 0.984523 0.000000 0.645459 0.781147 0.790072 0.528935 0.710400 0.982156 0.938082 0.779709 0.880602 0.731728 0.752763 0.961744 0.830127 0.788419 0.963160 0.826553 0.939167 0.647811 0.902938 0.789776 0.822953 0.834757 0.783911 0.868466 0.885999 0.974059 0.973971 0.882925 0.985279 0.938605 0.945437 0.973247 0.959003 0.987288 0.891936 0.831411 0.765398 0.962534 0.979832 0.843239 0.923025 0.925578 0.971090 0.943935 0.947078 0.871160 0.951455 0.751305 0.869890 0.976709 0.940002 0.833094 0.944207 0.970243 0.947042 0.777215 0.667597 0.886783 0.870678 0.926026 0.945323 0.939453 0.926068 0.942121 0.950661 0.703591 0.850426 0.854300 0.881444 0.896200 0.954594 0.807734 0.882198 0.756913 0.994586 0.997556 0.977599 0.836812 0.910023 0.677486 0.905043 0.922854 0.842278 0.818219 0.889149 0.724062 0.691789 0.786416 0.950335 0.941539 0.964663 0.883977 0.836347 0.893201 0.882193 0.798549 0.809850 0.927050 0.938702 0.980529 0.939818 0.786444 0.915664 0.849897 0.850167 0.840105 0.855655 0.972874 0.932682 0.990697 0.900272
0.699836 0.868457 0.946922 0.731148 0.645459 0.000000 0.558852 0.485467 0.664802 0.525099 0.818413 0.716757 0.756548 0.776206 0.685286 0.623832 0.691908 0.762357 0.574070 0.765507 0.742301 0.998323 0.570145 0.719823 0.834880 0.899429 0.893335 0.902588 0.684282 0.713737 0.683625 0.855217 0.614810 0.653817 0.840790 0.967446 0.795545 0.958800 0.974700 0.893550 0.972688 0.992615 0.697800 0.647625 0.501820 0.588753 0.755986 0.616868 0.583323 0.604831 0.503026 0.670868 0.585696 0.675322 0.792756 0.596566 0.886395 0.807850 0.646456 0.638679 0.550368 0.589613 0.635492 0.586988 0.898985 0.872076 0.598545 0.637340 0.970978 0.838337 0.751244 0.884252 0.903211 0.974123 0.983798 0.937591 0.676619 0.803012 0.958931 0.678369 0.639678 0.597220 0.891354 0.931345 0.524256 0.604369 0.898250 0.987132 0.807848 0.847043 0.489102 0.681479 0.526373 0.959649 0.882421 0.925557 0.843421 0.852480 0.500833 0.655636 0.710937 0.715205 0.645824 0.864949 0.854143 0.924020 0.970878 0.992685 0.873792 0.934688 0.895474 0.622611 0.705755 0.891952 0.831996 0.878584
0.622097 0.797193 0.675847 0.972400 0.781147 0.558852 0.000000 0.248514 0.577723 0.307103 0.504435 0.537019 0.483306 0.640651 0.582197 0.843495 0.459200 0.581101 0.367855 0.627672 0.797523 0.875306 0.907618 0.774131 0.630454 0.804904 0.601740 0.923424 0.380116 0.489647 0.495811 0.692829 0.468054 0.431368 0.924782 0.986101 0.858635 0.783049 0.897431 0.982100 0.823020 0.937732 0.480465 0.443375 0.483152 0.496417 0.465284 0.544880 0.602651 0.827238 0.720128 0.969611 0.960488 0.848396 0.745915 0.685724 0.770928 0.838604 0.475574 0.716985 0.245563 0.370999 0.339557 0.414021 0.800691 0.796522 0.699031 0.606892 0.953470 0.802194 0.863267 0.968783 0.825417 0.984041 0.982580 0.977713 0.547082 0.854344 0.713756 0.715790 0.457339 0.418847 0.818754 0.940060 0.601461 0.927186 0.830484 0.816935 0.960806 0.846362 0.632341 0.959922 0.783019 0.710510 0.858233 0.921155 0.782273 0.837656 0.521854 0.605443 0.502054 0.745300 0.587821 0.730320 0.732427 0.961636 0.828217 0.956445 0.764235 0.690499 0.768961 0.807840 0.632791 0.837489 0.893518 0.971575
0.495818 0.593303 0.823871 0.823858 0.790072 0.485467 0.248514 0.000000 0.603227 0.261254 0.482220 0.436879 0.430361 0.529985 0.496554 0.733878 0.402879 0.479994 0.316580 0.542970 0.807825 0.896296 0.766051 0.894052 0.593426 0.719216 0.613880 0.962935 0.326140 0.392875 0.427829 0.643569 0.431706 0.400978 0.992395 0.918493 0.865790 0.936504 0.996043 0.941797 0.925026 0.947687 0.408974 0.364566 0.380031 0.384995 0.465386 0.520494 0.440769 0.616755 0.540801 0.758365 0.769827 0.964356 0.674231 0.597937 0.619057 0.626514 0.412089 0.545995 0.259846 0.316515 0.310416 0.327443 0.698265 0.899259 0.681430 0.551889 0.880498 0.611633 0.661818 0.780982 0.778810 0.936469 0.960812 0.988782 0.499381 0.782074 0.737446 0.620929 0.393796 0.451890 0.814095 0.958073 0.580824 0.881460 0.773882 0.779574 0.836533 0.983499 0.515598 0.780582 0.650235 0.885707 0.842882 0.933636 0.683763 0.819986 0.368304 0.486673 0.483943 0.698800 0.483659 0.643797 0.720026 0.923596 0.836829 0.892699 0.858170 0.726303 0.729399 0.717162 0.589274 0.766649 0.918885 0.950334
0.920500 0.925329 0.803174 0.921636 0.528935 0.664802 0.577723 0.603227 0.000000 0.531707 0.883467 0.846965 0.718031 0.860239 0.773920 0.751248 0.912245 0.955349 0.705232 0.982107 0.760257 0.892137 0.739701 0.960148 0.906175 0.854636 0.922175 0.984458 0.779332 0.797438 0.802671 0.991702 0.835614 0.861675 0.909033 0.972559 0.861047 0.901386 0.949441 0.887197 0.767498 0.963482 0.892768 0.927062 0.793753 0.875146 0.935856 0.881469 0.863503 0.883761 0.917387 0.909527 0.861791 0.928436 0.782627 0.825615 0.956607 0.949445 0.848514 0.961340 0.638310 0.535725 0.788736 0.773486 0.946726 0.878059 0.986054 0.985027 0.935699 0.925288 0.701389 0.931279 0.992484 0.947279 0.991262 0.878532 0.811565 0.943593 0.800162 0.902300 0.917683 0.932775 0.841282 0.964525 0.623840 0.968052 0.861838 0.932435 0.868478 0.959105 0.738424 0.801743 0.887156 0.981262 0.852966 0.966619 0.944038 0.784483 0.789899 0.904667 0.770291 0.851166 0.965610 0.987861 0.913162 0.873567 0.864893 0.776506 0.949366 0.827039 0.843407 0.932553 0.829198 0.973152 0.849403 0.990471
0.619036 0.738639 0.940179 0.864544 0.710400 0.525099 0.307103 0.261254 0.531707 0.000000 0.582691 0.506267 0.464354 0.568283 0.501533 0.755090 0.529549 0.551018 0.369804 0.566167 0.820279 0.972602 0.789503 0.794757 0.555550 0.742264 0.639389 0.934277 0.397584 0.467229 0.423998 0.687599 0.472788 0.443231 0.996877 0.951400 0.818593 0.939156 0.896488 0.962591 0.900378 0.982356 0.463381 0.444010 0.384895 0.397414 0.557038 0.574360 0.460521 0.684563 0.566866 0.823367 0.791213 0.983541 0.694958 0.680809 0.771380 0.771409 0.549964 0.658442 0.326608 0.315266 0.405050 0.410543 0.632905 0.974189 0.779962 0.648097 0.941259 0.689709 0.631504 0.789029 0.877001 0.974900 0.900749 0.886556 0.564646 0.819964 0.817767 0.757624 0.495230 0.615606 0.893080 0.997825 0.683620 0.980295 0.790475 0.753285 0.910192 0.940718 0.500876 0.723552 0.631041 0.919612 0.904678 0.876531 0.834087 0.766070 0.407123 0.500384 0.557241 0.718898 0.535653 0.699958 0.807456 0.952678 0.822916 0.865209 0.858583 0.724567 0.764396 0.703557 0.681779 0.837713 0.931788 0.967849
0.504279 0.628243 0.915860 0.803378 0.982156 0.818413 0.504435 0.482220 0.883467 0.582691 0.000000 0.374796 0.350261 0.434009 0.520370 0.818005 0.482098 0.435489 0.455609 0.642930 0.892394 0.800278 0.962768 0.748769 0.450040 0.566020 0.547001 0.878202 0.405958 0.402774 0.645088 0.770272 0.503098 0.435029 0.909519 0.914256 0.961519 0.802111 0.840675 0.781916 0.996630 0.992806 0.503451 0.400972 0.502113 0.440906 0.563509 0.572977 0.549809 0.756007 0.723974 0.915846 0.994030 0.886763 0.740407 0.765737 0.732571 0.734058 0.554161 0.753871 0.352826 0.452229 0.344986 0.384386 0.561943 0.914187 0.958967 0.780052 0.877513 0.762221 0.912849 0.871966 0.904254 0.900042 0.961689 0.806218 0.672647 0.745323 0.658265 0.602060 0.377172 0.469497 0.778933 0.682430 0.786184 0.995032 0.839857 0.745113 0.803224 0.954376 0.866757 0.852523 0.994567 0.607177 0.856009 0.997767 0.794668 0.883164 0.582766 0.795935 0.537686 0.818256 0.581721 0.667813 0.874012 0.938783 0.949491 0.947986 0.777376 0.731606 0.822609 0.924234 0.688568 0.869781 0.999642 0.953285
0.325644 0.493858 0.872399 0.864497 0.938082 0.716757 0.537019 0.436879 0.846965 0.506267 0.374796 0.000000 0.286520 0.282652 0.409790 0.538580 0.422909 0.364016 0.403173 0.530450 0.784249 0.847043 0.767058 0.984948 0.425175 0.513916 0.694679 0.902519 0.382595 0.311502 0.509367 0.665941 0.413810 0.417756 0.906844 0.964104 0.874453 0.971023 0.866973 0.876804 0.968849 0.982269 0.496736 0.382251 0.369758 0.346568 0.587493 0.613523 0.368957 0.537235 0.580543 0.688598 0.808480 0.979632 0.638091 0.684819 0.598421 0.581656 0.529669 0.672208 0.359630 0.368277 0.342359 0.275572 0.560527 0.803912 0.877637 0.734741 0.809368 0.552554 0.756472 0.680716 0.850335 0.909443 0.984183 0.931319 0.646610 0.751708 0.672056 0.554171 0.309933 0.451365 0.676135 0.725936 0.590423 0.798733 0.802229 0.829462 0.630260 0.864830 0.782469 0.980660 0.927682 0.744721 0.866415 0.978355 0.830165 0.964530 0.468358 0.584810 0.680721 0.720231 0.447710 0.561279 0.812507 0.947155 0.850526 0.930300 0.854740 0.712023 0.849307 0.729597 0.645230 0.729136 0.995533 0.996679
0.436321 0.600288 0.900108 0.786891 0.779709 0.756548 0.483306 0.430361 0.718031 0.464354 0.350261 0.286520 0.000000 0.269538 0.332580 0.600052 0.502211 0.500006 0.411832 0.572126 0.743235 0.896846 0.795584 0.896256 0.382961 0.457937 0.676464 0.901903 0.346384 0.299717 0.546970 0.680210 0.423433 0.485087 0.895988 0.934904 0.982132 0.840773 0.873114 0.828383 0.939946 0.935130 0.531716 0.450549 0.428546 0.388822 0.607796 0.625305 0.454036 0.697866 0.706656 0.841326 0.917243 0.861701 0.754466 0.730957 0.725942 0.644369 0.585541 0.767356 0.296064 0.309315 0.356041 0.295466 0.534536 0.836112 0.993405 0.801745 0.883894 0.593114 0.707272 0.721374 0.852607 0.977908 0.982693 0.893932 0.617483 0.706086 0.768095 0.639121 0.366465 0.505165 0.655333 0.797983 0.638401 0.949604 0.826912 0.809428 0.707236 0.937236 0.857651 0.976004 0.974924 0.689940 0.886000 0.945775 0.770874 0.894736 0.540966 0.670842 0.634447 0.752532 0.554427 0.581412 0.949626 0.923879 0.866693 0.936801 0.789028 0.759036 0.803421 0.817189 0.709731 0.719469 0.993508 0.949600
0.453036 0.614583 0.769068 0.832358 0.880602 0.776206 0.640651 0.529985 0.860239 0.568283 0.434009 0.282652 0.269538 0.000000 0.325784 0.466459 0.514417 0.450777 0.475779 0.487862 0.862289 0.947737 0.686378 0.937981 0.404856 0.515459 0.713386 0.931037 0.399053 0.327647 0.570714 0.630639 0.482593 0.529220 0.872880 0.988662 0.945526 0.931631 0.984231 0.839726 0.988806 0.945934 0.619465 0.493536 0.438821 0.397510 0.611501 0.696718 0.426499 0.620782 0.673234 0.750499 0.882715 0.939004 0.741994 0.759677 0.749651 0.611312 0.685194 0.775695 0.424922 0.374909 0.420972 0.320045 0.543524 0.811213 0.949083 0.820106 0.940208 0.609741 0.673297 0.661360 0.862809 0.931895 0.922980 0.990047 0.692409 0.824466 0.729422 0.591431 0.405660 0.528644 0.621553 0.747874 0.598802 0.869894 0.886492 0.892621 0.634113 0.824454 0.875038 0.990432 0.993914 0.771178 0.843040 0.986815 0.857432 0.921956 0.553801 0.696657 0.702128 0.779805 0.569112 0.617293 0.848861 0.951305 0.952921 0.935173 0.807048 0.795926 0.829800 0.822842 0.702708 0.755829 0.983803 0.961022
0.608845 0.775905 0.879126 0.881585 0.731728 0.685286 0.582197 0.496554 0.773920 0.501533 0.520370 0.409790 0.332580 0.325784 0.000000 0.442350 0.630384 0.549252 0.506957 0.591916 0.831180 0.925687 0.560190 0.907844 0.425538 0.535804 0.752364 0.894285 0.405021 0.368157 0.603586 0.668841 0.436705 0.569109 0.970415 0.975596 0.929515 0.914680 0.995650 0.870649 0.960785 0.915175 0.654973 0.574722 0.404763 0.407883 0.666401 0.677255 0.443600 0.664362 0.697922 0.788050 0.802061 0.982922 0.813989 0.803194 0.933667 0.759655 0.778625 0.866116 0.424586 0.407438 0.470169 0.408579 0.619119 0.819730 0.897071 0.839463 0.973765 0.608817 0.613482 0.645778 0.898007 0.975724 0.822145 0.962874 0.638245 0.931424 0.801213 0.640589 0.489485 0.594458 0.527569 0.745223 0.534859 0.810921 0.984783 0.955168 0.653030 0.862337 0.831689 0.912903 0.890959 0.844363 0.875579 0.909852 0.956076 0.912731 0.524972 0.657666 0.648695 0.747435 0.603942 0.580974 0.906153 0.917240 0.919506 0.996356 0.950190 0.919914 0.822955 0.734492 0.832166 0.746539 0.967133 0.963832
0.626074 0.858188 0.819100 0.918191 0.752763 0.623832 0.843495 0.733878 0.751248 0.755090 0.818005 0.538580 0.600052 0.466459 0.442350 0.000000 0.820614 0.769474 0.657619 0.714316 0.824761 0.899721 0.306521 0.510727 0.715409 0.678839 0.936009 0.879286 0.720022 0.565924 0.790368 0.719676 0.666850 0.807037 0.892861 0.893226 0.901860 0.996341 0.964837 0.901321 0.869647 0.784351 0.902221 0.760431 0.557944 0.643434 0.887414 0.779878 0.582653 0.607169 0.689944 0.654665 0.632359 0.814865 0.791182 0.842799 0.982035 0.759149 0.869600 0.826664 0.668666 0.625876 0.721289 0.598591 0.953630 0.957588 0.782257 0.881116 0.957689 0.721711 0.617194 0.757292 0.876969 0.983597 0.819765 0.930718 0.834927 0.962477 0.985203 0.755709 0.700378 0.695544 0.486282 0.781698 0.345675 0.513030 0.971436 0.737571 0.477073 0.579985 0.774956 0.805604 0.781433 0.963442 0.837738 0.976815 0.958461 0.983872 0.620067 0.711338 0.931046 0.763542 0.664148 0.885897 0.823031 0.897808 0.966193 0.965880 0.997942 0.932210 0.835622 0.716452 0.849897 0.873402 0.819794 0.991147
0.398386 0.443552 0.932525 0.944704 0.961744 0.691908 0.459200 0.402879 0.912245 0.529549 0.482098 0.422909 0.502211 0.514417 0.630384 0.820614 0.000000 0.338859 0.439731 0.578855 0.851057 0.824884 0.926584 0.918271 0.620077 0.676721 0.637477 0.928141 0.363671 0.420255 0.506646 0.727871 0.491032 0.386564 0.923760 0.957467 0.830568 0.886408 0.885975 0.991172 0.989107 0.797393 0.432095 0.361867 0.441079 0.421612 0.385843 0.484577 0.465738 0.552823 0.592426 0.734688 0.811965 0.925362 0.568891 0.603529 0.501164 0.541232 0.409877 0.497646 0.399430 0.483418 0.334490 0.326058 0.713805 0.962412 0.664446 0.575483 0.774860 0.569298 0.898928 0.769258 0.794948 0.951251 0.991735 0.989114 0.490518 0.704294 0.595954 0.650408 0.345060 0.406037 0.827523 0.782322 0.719087 0.845674 0.885152 0.766579 0.859034 0.951823 0.632310 0.968445 0.764238 0.848776 0.825239 0.793956 0.723544 0.910095 0.466782 0.516512 0.586197 0.627255 0.556032 0.643518 0.808120 0.871926 0.919445 0.913255 0.813049 0.599843 0.819175 0.750127 0.553752 0.720154 0.899476 0.815502
0.403027 0.463067 0.951920 0.996146 0.830127 0.762357 0.581101 0.479994 0.955349 0.551018 0.435489 0.364016 0.500006 0.450777 0.549252 0.769474 0.338859 0.000000 0.472114 0.477373 0.925239 0.907097 0.919602 0.945161 0.582533 0.718064 0.598351 0.999669 0.372003 0.343335 0.473990 0.611858 0.470257 0.404357 0.919043 0.925231 0.856161 0.972310 0.926145 0.926813 0.900169 0.876181 0.371871 0.338286 0.422521 0.329463 0.469397 0.505672 0.375479 0.468458 0.510837 0.639682 0.824916 0.872045 0.662383 0.613715 0.550059 0.551694 0.510021 0.561002 0.482339 0.521269 0.379906 0.342372 0.613340 0.904746 0.715523 0.585611 0.792472 0.532663 0.836326 0.703218 0.772293 0.886547 0.997121 0.951979 0.634630 0.752695 0.498733 0.483190 0.300155 0.442374 0.842769 0.723570 0.804313 0.842596 0.844223 0.739573 0.851732 0.940214 0.737418 0.988567 0.799627 0.818761 0.732503 0.912082 0.807363 0.910952 0.462274 0.524538 0.669095 0.727526 0.437596 0.611103 0.799004 0.923492 0.976008 0.984290 0.889696 0.685567 0.816816 0.797055 0.654754 0.731752 0.981847 0.890590
0.502690 0.636803 0.936726 0.891955 0.788419 0.574070 0.367855 0.316580 0.705232 0.369804 0.455609 0.403173 0.411832 0.475779 0.506957 0.657619 0.439731 0.472114 0.000000 0.458562 0.697919 0.864704 0.773251 0.930077 0.548137 0.696658 0.642354 0.999186 0.353551 0.374695 0.486613 0.585451 0.467763 0.363715 0.930960 0.963966 0.830327 0.939012 0.923633 0.847957 0.927619 0.886176 0.404980 0.308170 0.389559 0.380163 0.546358 0.497462 0.488563 0.614907 0.568534 0.757980 0.806830 0.961394 0.744202 0.633341 0.678250 0.697620 0.493614 0.612907 0.324620 0.350120 0.347698 0.348907 0.680506 0.873750 0.675826 0.579612 0.861417 0.695246 0.679765 0.734353 0.736558 0.883304 0.982205 0.989615 0.596489 0.734012 0.754117 0.631271 0.433333 0.434147 0.749510 0.827853 0.588787 0.851127 0.774157 0.893550 0.772943 0.965529 0.552826 0.867242 0.734898 0.832083 0.919325 0.982966 0.777100 0.943844 0.410198 0.530152 0.580526 0.695654 0.443415 0.686910 0.763678 0.917882 0.901931 0.997156 0.787928 0.738381 0.767038 0.670952 0.635040 0.737474 0.834524 0.927053
0.590086 0.590284 0.997576 0.925836 0.963160 0.765507 0.627672 0.542970 0.982107 0.566167 0.642930 0.530450 0.572126 0.487862 0.591916 0.714316 0.578855 0.477373 0.458562 0.000000 0.882540 0.938731 0.827614 0.950473 0.698981 0.849677 0.767761 0.934165 0.491361 0.492117 0.577429 0.599933 0.601135 0.545813 0.857429 0.962830 0.937051 0.991030 0.968033 0.913130 0.989460 0.985713 0.610062 0.487959 0.538199 0.482612 0.576862 0.639138 0.544859 0.614209 0.601065 0.713401 0.882720 0.922283 0.810607 0.716846 0.681551 0.614783 0.607254 0.637935 0.546203 0.559696 0.469148 0.436853 0.703205 0.920120 0.693688 0.579633 0.775669 0.649670 0.759571 0.750719 0.844535 0.791877 0.969993 0.983901 0.689243 0.906130 0.651158 0.588014 0.532547 0.515099 0.766966 0.845285 0.711250 0.852927 0.816049 0.941794 0.806981 0.946690 0.688336 0.903312 0.803477 0.869398 0.795449 0.961200 0.842854 0.754655 0.555567 0.623764 0.783639 0.834889 0.582111 0.581057 0.750310 0.897940 0.924048 0.961006 0.818465 0.787731 0.914028 0.748337 0.813067 0.744149 0.924541 0.923135
0.784958 0.941276 0.966206 0.980667 0.826553 0.742301 0.797523 0.807825 0.760257 0.820279 0.892394 0.784249 0.743235 0.862289 0.831180 0.824761 0.851057 0.925239 0.697919 0.882540 0.000000 0.950835 0.873852 0.893056 0.906076 0.756527 0.883955 0.993779 0.860323 0.852373 0.959689 0.906791 0.928221 0.822973 0.953934 0.978425 0.948195 0.898522 0.737352 0.902724 0.989129 0.984723 0.863366 0.798673 0.814589 0.824619 0.985035 0.794661 0.869884 0.912029 0.848570 0.885055 0.838621 0.870876 0.996056 0.804100 0.987576 0.893315 0.841141 0.822346 0.780932 0.785670 0.821820 0.794445 0.880711 0.906234 0.993013 0.934300 0.946041 0.843867 0.802450 0.807405 0.953395 0.954375 0.989123 0.942605 0.946469 0.851544 0.976745 0.975022 0.865638 0.829175 0.867006 0.846427 0.844160 0.995992 0.997256 0.948566 0.870898 0.930926 0.742419 0.851018 0.884179 0.966465 0.973538 0.921860 0.934755 0.984408 0.834890 0.845884 0.940035 0.844679 0.794311 0.964563 0.997399 0.799416 0.842520 0.991822 0.823801 0.837918 0.930907 0.790290 0.908924 0.824362 0.772825 0.943384
0.827375 0.802935 0.903353 0.901738 0.939167 0.998323 0.875306 0.896296 0.892137 0.972602 0.800278 0.847043 0.896846 0.947737 0.925687 0.899721 0.824884 0.907097 0.864704 0.938731 0.950835 0.000000 0.884838 0.810353 0.989460 0.857846 0.870347 0.972521 0.911053 0.939299 0.948498 0.997209 0.880716 0.849405 0.901137 0.822613 0.890676 0.990657 0.876102 0.821675 0.938048 0.845256 0.903958 0.892917 0.981244 0.963415 0.855654 0.949687 0.896868 0.993166 0.973501 0.916763 0.920188 0.903107 0.859404 0.959026 0.767581 0.873978 0.861610 0.874375 0.868945 0.906497 0.876694 0.887511 0.912962 0.897336 0.968289 0.955525 0.893522 0.998110 0.894240 0.878515 0.915622 0.975476 0.960679 0.965685 0.923019 0.907404 0.981544 0.963778 0.931317 0.897815 0.958813 0.889131 0.969813 0.900678 0.834907 0.786786 0.940161 0.917449 0.936000 0.865941 0.926234 0.832667 0.842501 0.899434 0.941165 0.911797 0.960457 0.979283 0.922935 0.901544 0.944880 0.994595 0.994859 0.972106 0.800244 0.992200 0.953951 0.837755 0.865660 0.929355 0.860999 0.931501 0.802073 0.839729
0.773934 0.962355 0.942285 0.730146 0.647811 0.570145 0.907618 0.766051 0.739701 0.789503 0.962768 0.767058 0.795584 0.686378 0.560190 0.306521 0.926584 0.919602 0.773251 0.827614 0.873852 0.884838 0.000000 0.445422 0.905452 0.827046 0.763251 0.849892 0.823378 0.719214 0.823117 0.703573 0.749825 0.953440 0.834005 0.904601 0.871696 0.923298 0.840694 0.942738 0.926950 0.884166 0.985744 0.927562 0.712133 0.783701 0.992791 0.904232 0.730231 0.665316 0.731578 0.675006 0.603926 0.743452 0.911068 0.850002 0.997592 0.797760 0.946426 0.846665 0.813101 0.779668 0.876161 0.769642 0.858841 0.911117 0.677352 0.850657 0.967885 0.726302 0.529496 0.773421 0.871937 0.986774 0.973881 0.906341 0.798401 0.981946 0.881645 0.841679 0.884230 0.815713 0.580912 0.919141 0.376214 0.441615 0.949640 0.655706 0.589877 0.475082 0.715027 0.644299 0.671675 0.763216 0.888392 0.946874 0.989810 0.954695 0.723853 0.739549 0.925428 0.778335 0.767539 0.943550 0.857075 0.846155 0.877187 0.981006 0.957718 0.810577 0.807074 0.706263 0.991395 0.963359 0.876786 0.983348
0.887143 0.955570 0.905394 0.752945 0.902938 0.719823 0.774131 0.894052 0.960148 0.794757 0.748769 0.984948 0.896256 0.937981 0.907844 0.510727 0.918271 0.945161 0.930077 0.950473 0.893056 0.810353 0.445422 0.000000 0.873917 0.994094 0.631695 0.939129 0.878001 0.988657 0.898110 0.915930 0.991618 0.833316 0.860821 0.821769 0.985344 0.836402 0.992387 0.975095 0.827534 0.897624 0.802041 0.891669 0.932282 0.997051 0.897356 0.950312 0.929901 0.712100 0.805713 0.668406 0.672249 0.657343 0.951793 0.893274 0.983767 0.844840 0.958532 0.888598 0.848955 0.854515 0.862945 0.985699 0.754714 0.891996 0.656004 0.861310 0.995418 0.774663 0.847311 0.864200 0.981024 0.919626 0.864513 0.966703 0.986499 0.948543 0.954639 0.901401 0.974052 0.913313 0.707585 0.937336 0.611794 0.438056 0.837934 0.576486 0.659823 0.576294 0.847132 0.842973 0.772490 0.774519 0.910043 0.918628 0.935454 0.996814 0.880661 0.896868 0.813384 0.880498 0.887183 0.965571 0.882665 0.815324 0.790166 0.813984 0.977382 0.729065 0.948497 0.760230 0.989427 0.856852 0.904666 0.958044
0.619707 0.799713 0.602677 0.657881 0.789776 0.834880 0.630454 0.593426 0.906175 0.555550 0.450040 0.425175 0.382961 0.404856 0.425538 0.715409 0.620077 0.582533 0.548137 0.698981 0.906076 0.989460 0.905452 0.873917 0.000000 0.481413 0.638610 0.980882 0.489346 0.504774 0.694320 0.773281 0.506240 0.629960 0.858784 0.990598 0.895997 0.870297 0.959337 0.849851 0.966465 0.895963 0.590030 0.530638 0.407302 0.408609 0.704230 0.704761 0.488474 0.708751 0.691347 0.808528 0.884139 0.972167 0.763236 0.900685 0.906431 0.910884 0.763149 0.871465 0.468608 0.423976 0.502569 0.448565 0.412889 0.737123 0.950610 0.908736 0.899912 0.728146 0.822820 0.813379 0.978185 0.939000 0.964482 0.950903 0.658824 0.806300 0.752375 0.623762 0.443303 0.687056 0.759012 0.829936 0.809850 0.938836 0.952140 0.807659 0.714958 0.997636 0.796540 0.988055 0.915814 0.729233 0.802548 0.960635 0.942350 0.963347 0.540645 0.694780 0.632238 0.751333 0.614769 0.583653 0.880979 0.947494 0.899453 0.946801 0.842010 0.871648 0.829419 0.833289 0.697800 0.749062 0.912272 0.919627
0.618011 0.676923 0.663684 0.779392 0.822953 0.899429 0.804904 0.719216 0.854636 0.742264 0.566020 0.513916 0.457937 0.515459 0.535804 0.678839 0.676721 0.718064 0.696658 0.849677 0.756527 0.857846 0.827046 0.994094 0.481413 0.000000 0.890164 0.890533 0.684479 0.649711 0.774415 0.896924 0.761265 0.827190 0.811524 0.972589 0.981031 0.934489 0.977255 0.987434 0.999885 0.970849 0.776509 0.702007 0.620478 0.628087 0.898930 0.806487 0.605960 0.744188 0.803903 0.779552 0.786068 0.933262 0.884052 0.944430 0.879065 0.759082 0.878240 0.877731 0.644672 0.540660 0.694404 0.586672 0.599882 0.638950 0.833673 0.898894 0.957564 0.741359 0.798920 0.737173 0.970604 0.839694 0.856071 0.909758 0.823987 0.747011 0.874058 0.766452 0.638768 0.802946 0.666007 0.857395 0.791948 0.997380 0.899860 0.908222 0.664139 0.789803 0.833709 0.865595 0.967768 0.956238 0.996842 0.909103 0.982552 0.952979 0.707172 0.667924 0.794175 0.860054 0.682547 0.689072 0.942017 0.994550 0.944617 0.888869 0.965976 0.960645 0.977793 0.811379 0.909259 0.939903 0.894844 0.946576
0.781351 0.774738 0.963688 0.876887 0.834757 0.893335 0.601740 0.613880 0.922175 0.639389 0.547001 0.694679 0.676464 0.713386 0.752364 0.936009 0.637477 0.598351 0.642354 0.767761 0.883955 0.870347 0.763251 0.631695 0.638610 0.890164 0.000000 0.973818 0.617749 0.666970 0.689174 0.842616 0.692950 0.523418 0.973300 0.924172 0.801772 0.797991 0.996145 0.869272 0.979818 0.924485 0.617301 0.561452 0.633633 0.608752 0.546729 0.697674 0.663555 0.827152 0.857625 0.976383 0.798054 0.842986 0.779914 0.846322 0.885059 0.987075 0.744646 0.860186 0.593313 0.652327 0.624500 0.654962 0.720588 0.977457 0.880574 0.715388 0.927448 0.960863 0.913152 0.815509 0.927344 0.982161 0.980482 0.997411 0.825352 0.854152 0.791711 0.747588 0.579974 0.678462 0.953408 0.983406 0.933992 0.870266 0.765277 0.646806 0.950983 0.821269 0.906804 0.884845 0.944605 0.707403 0.843713 0.988425 0.935114 0.983032 0.667570 0.786204 0.676076 0.915650 0.728413 0.794347 0.878793 0.872487 0.863487 0.944461 0.977881 0.699289 0.919411 0.981054 0.738936 0.808907 0.983992 0.930710
0.953934 0.927727 0.901041 0.983947 0.783911 0.902588 0.923424 0.962935 0.984458 0.934277 0.878202 0.902519 0.901903 0.931037 0.894285 0.879286 0.928141 0.999669 0.999186 0.934165 0.993779 0.972521 0.849892 0.939129 0.980882 0.890533 0.973818 0.000000 0.930444 0.923997 0.982888 0.995473 0.998480 0.995138 0.863124 0.864377 0.991389 0.857590 0.928979 0.978499 0.903542 0.957432 0.940274 0.981473 0.992804 0.960307 0.970337 0.960042 0.992936 0.999990 0.962445 0.982061 0.996266 0.990606 0.944369 0.982292 0.934174 0.990926 0.899381 0.888452 0.882786 0.988265 0.953947 0.955113 0.820655 0.969143 0.980380 0.972858 0.930141 0.853139 0.923914 0.919353 0.880158 0.860998 0.968696 0.831155 0.998007 0.991678 0.948829 0.845426 0.962741 0.883360 0.921915 0.916786 0.771276 0.791292 0.914107 0.932619 0.913164 0.923579 0.956022 0.989828 0.974011 0.990048 0.994119 0.994735 0.901001 0.943179 0.950370 0.913857 0.987479 0.884722 0.885649 0.916785 0.873867 0.816332 0.843256 0.955202 0.969818 0.913900 0.912007 0.972722 0.962115 0.812450 0.852073 0.991562
0.491055 0.571754 0.919874 0.972252 0.868466 0.684282 0.380116 0.326140 0.779332 0.397584 0.405958 0.382595 0.346384 0.399053 0.405021 0.720022 0.363671 0.372003 0.353551 0.491361 0.860323 0.911053 0.823378 0.878001 0.489346 0.684479 0.617749 0.930444 0.000000 0.271313 0.397182 0.598711 0.434877 0.337882 0.991175 0.988675 0.932832 0.912347 0.898154 0.771451 0.976446 0.993315 0.423424 0.363334 0.401698 0.324221 0.436602 0.524639 0.422190 0.584764 0.580939 0.783518 0.846243 0.988223 0.682475 0.612032 0.616623 0.633325 0.495727 0.648589 0.309553 0.391894 0.265860 0.296050 0.574352 0.943443 0.763886 0.648199 0.860176 0.609802 0.705192 0.726417 0.774436 0.919230 0.967149 0.901187 0.524682 0.834724 0.581085 0.547102 0.302884 0.371978 0.798007 0.838335 0.653368 0.906872 0.897112 0.817614 0.845593 0.989992 0.733957 0.991817 0.858682 0.725730 0.902235 0.933335 0.722226 0.886863 0.489950 0.583605 0.499410 0.638384 0.510952 0.535155 0.808454 0.941834 0.903882 0.979923 0.797563 0.698075 0.783905 0.736005 0.637670 0.680309 0.987433 0.899308
0.441999 0.555005 0.998743 0.950713 0.885999 0.713737 0.489647 0.392875 0.797438 0.467229 0.402774 0.311502 0.299717 0.327647 0.368157 0.565924 0.420255 0.343335 0.374695 0.492117 0.852373 0.939299 0.719214 0.988657 0.504774 0.649711 0.666970 0.923997 0.271313 0.000000 0.463114 0.552357 0.390005 0.369405 0.984097 0.969507 0.929411 0.951318 0.885179 0.774252 0.946403 0.954506 0.490489 0.411826 0.401542 0.351921 0.498761 0.560891 0.418242 0.578146 0.609454 0.763080 0.884404 0.947878 0.654707 0.659559 0.603159 0.609128 0.506392 0.648096 0.333107 0.378750 0.319624 0.277829 0.621729 0.949996 0.777602 0.613029 0.784688 0.544477 0.648677 0.761349 0.799107 0.844622 0.949241 0.901219 0.602871 0.735967 0.638085 0.537526 0.326919 0.418641 0.660758 0.753515 0.599248 0.842051 0.874747 0.936182 0.699968 0.891842 0.809899 0.937074 0.918068 0.729899 0.840912 0.921371 0.693855 0.950983 0.472815 0.594792 0.594235 0.698077 0.447800 0.592096 0.872041 0.929940 0.937983 0.986511 0.832522 0.768208 0.779266 0.764160 0.678906 0.695940 0.987560 0.977334
0.587354 0.632765 0.875367 0.913372 0.974059 0.683625 0.495811 0.427829 0.802671 0.423998 0.645088 0.509367 0.546970 0.570714 0.603586 0.790368 0.506646 0.473990 0.486613 0.577429 0.959689 0.948498 0.823117 0.898110 0.694320 0.774415 0.689174 0.982888 0.397182 0.463114 0.000000 0.553459 0.515885 0.442879 0.976231 0.988579 0.933558 0.906561 0.986382 0.993536 0.950255 0.967578 0.540612 0.473674 0.513674 0.477080 0.581530 0.636227 0.520997 0.630931 0.704225 0.819284 0.882563 0.943306 0.743851 0.625608 0.612479 0.681870 0.622270 0.756138 0.489806 0.530030 0.471119 0.435136 0.693075 0.915919 0.766296 0.678944 0.899908 0.677296 0.802978 0.674914 0.876785 0.985045 0.899205 0.819902 0.626144 0.890386 0.721510 0.621489 0.441235 0.553430 0.979716 0.911997 0.708230 0.923687 0.768496 0.708681 0.930692 0.921910 0.758728 0.946855 0.825463 0.867006 0.902737 0.940477 0.909726 0.857949 0.564011 0.483735 0.643484 0.639508 0.524886 0.742960 0.856776 0.921729 0.796664 0.893210 0.895506 0.724810 0.772623 0.804114 0.747409 0.849844 0.897877 0.890049
0.728121 0.814444 0.922526 0.798557 0.973971 0.855217 0.692829 0.643569 0.991702 0.687599 0.770272 0.665941 0.680210 0.630639 0.668841 0.719676 0.727871 0.611858 0.585451 0.599933 0.906791 0.997209 0.703573 0.915930 0.773281 0.896924 0.842616 0.995473 0.598711 0.552357 0.553459 0.000000 0.611123 0.632059 0.906996 0.802653 0.979763 0.870595 0.938357 0.793131 0.980549 0.889756 0.628857 0.592195 0.734401 0.627004 0.676843 0.765536 0.744461 0.742056 0.812179 0.851659 0.991116 0.919597 0.977507 0.788880 0.830489 0.873677 0.806077 0.815554 0.659586 0.737126 0.658126 0.656475 0.992918 0.853092 0.763471 0.673482 0.979519 0.748052 0.764309 0.782422 0.683467 0.838572 0.942892 0.946700 0.792794 0.923709 0.814810 0.674924 0.659320 0.582303 0.767644 0.898460 0.751185 0.767154 0.961456 0.987202 0.883112 0.712429 0.829399 0.958365 0.855480 0.899803 0.939908 0.885996 0.896328 0.899485 0.747967 0.687844 0.897021 0.849720 0.559818 0.825750 0.825317 0.878814 0.990532 0.913793 0.945387 0.987315 0.773311 0.977282 0.852908 0.945582 0.874780 0.923891
0.558152 0.754359 0.987015 0.997569 0.882925 0.614810 0.468054 0.431706 0.835614 0.472788 0.503098 0.413810 0.423433 0.482593 0.436705 0.666850 0.491032 0.470257 0.467763 0.601135 0.928221 0.880716 0.749825 0.991618 0.506240 0.761265 0.692950 0.998480 0.434877 0.390005 0.515885 0.611123 0.000000 0.462855 0.954350 0.959603 0.838186 0.933786 0.990273 0.982422 0.872955 0.935054 0.519821 0.440034 0.368863 0.384103 0.547541 0.535710 0.473868 0.672971 0.679633 0.857292 0.914468 0.908073 0.758677 0.662754 0.718168 0.766918 0.539512 0.769073 0.366352 0.431718 0.400273 0.358951 0.641772 0.966522 0.699654 0.577239 0.899107 0.621590 0.823427 0.817178 0.820793 0.838925 0.981945 0.836491 0.541211 0.752483 0.787998 0.521652 0.385040 0.482880 0.762667 0.703231 0.638477 0.754258 0.948651 0.871399 0.826954 0.986793 0.794572 0.895547 0.889407 0.673828 0.829958 0.974406 0.797396 0.972680 0.453173 0.633938 0.609047 0.802904 0.525951 0.598524 0.808126 0.905099 0.929629 0.996827 0.878218 0.819107 0.753956 0.719159 0.759727 0.760119 0.998396 0.993562
0.528606 0.591389 0.864171 0.926694 0.985279 0.653817 0.431368 0.400978 0.861675 0.443231 0.435029 0.417756 0.485087 0.529220 0.569109 0.807037 0.386564 0.404357 0.363715 0.545813 0.822973 0.849405 0.953440 0.833316 0.629960 0.827190 0.523418 0.995138 0.337882 0.369405 0.442879 0.632059 0.462855 0.000000 0.978617 0.870680 0.761324 0.864240 0.864704 0.823873 0.985341 0.993576 0.448329 0.315919 0.397534 0.357353 0.405980 0.576889 0.479636 0.631335 0.649181 0.851469 0.934013 0.940309 0.630794 0.609541 0.662620 0.763918 0.487311 0.671722 0.369020 0.467372 0.341903 0.367779 0.641878 0.975884 0.695714 0.507970 0.832138 0.702750 0.823320 0.717540 0.818622 0.866760 0.991538 0.908461 0.583935 0.785444 0.671925 0.640491 0.355763 0.374997 0.809616 0.718283 0.741193 0.869804 0.846923 0.819690 0.958334 0.944746 0.721685 0.940391 0.865242 0.677680 0.967691 0.927344 0.870910 0.960796 0.500187 0.599106 0.632011 0.670716 0.472611 0.722243 0.850258 0.946978 0.768264 0.966970 0.727430 0.662867 0.823274 0.759417 0.629755 0.767368 0.892467 0.917563
0.940298 0.926958 0.820624 0.919279 0.938605 0.840790 0.924782 0.992395 0.909033 0.996877 0.909519 0.906844 0.895988 0.872880 0.970415 0.892861 0.923760 0.919043 0.930960 0.857429 0.953934 0.901137 0.834005 0.860821 0.858784 0.811524 0.973300 0.863124 0.991175 0.984097 0.976231 0.906996 0.954350 0.978617 0.000000 0.920729 0.818398 0.845373 0.787939 0.997942 0.869432 0.934937 0.930483 0.871063 0.964465 0.968412 0.901032 0.909765 0.981448 0.968710 0.951637 0.911321 0.961880 0.934945 0.758939 0.897778 0.934812 0.979016 0.965474 0.976533 0.960777 0.893901 0.977974 0.959466 0.761895 0.859519 0.738434 0.925800 0.986626 0.990589 0.821119 0.995972 0.989510 0.999890 0.844195 0.911965 0.844488 0.841818 0.891508 0.842070 0.971935 0.963031 0.851443 0.977987 0.846013 0.761076 0.911382 0.885542 0.982093 0.949130 0.958811 0.990660 0.883644 0.944144 0.947560 0.989521 0.963659 0.897729 0.985200 0.880946 0.880304 0.827915 0.916349 0.942128 0.966684 0.990466 0.920088 0.894673 0.987245 0.850012 0.935978 0.912513 0.871156 0.955527 0.876286 0.987125
0.859950 0.901286 0.981005 0.902809 0.945437 0.967446 0.986101 0.918493 0.972559 0.951400 0.914256 0.964104 0.934904 0.988662 0.975596 0.893226 0.957467 0.925231 0.963966 0.962830 0.978425 0.822613 0.904601 0.821769 0.990598 0.972589 0.924172 0.864377 0.988675 0.969507 0.988579 0.802653 0.959603 0.870680 0.920729 0.000000 0.950310 0.879784 0.922517 0.982878 0.880558 0.912862 0.981471 0.987540 0.935440 0.985056 0.957783 0.931496 0.901495 0.873805 0.831354 0.803013 0.779473 0.791725 0.809193 0.845653 0.787688 0.723524 0.839529 0.733467 0.946321 0.959672 0.972682 0.936082 0.959462 0.977076 0.834961 0.962776 0.910180 0.725846 0.853745 0.932049 0.966469 0.984152 0.884279 0.893595 0.972420 0.994499 0.993381 0.942727 0.967455 0.918089 0.936867 0.896444 0.900065 0.954976 0.819390 0.886073 0.778609 0.944050 0.785506 0.851709 0.779671 0.734973 0.776960 0.929892 0.921831 0.917050 0.800975 0.786327 0.870792 0.979363 0.916889 0.930973 0.821379 0.848560 0.882174 0.858858 0.928730 0.961807 0.865041 0.922352 0.932523 0.769214 0.978355 0.790411
0.864278 0.991824 0.981538 0.989109 0.973247 0.795545 0.858635 0.865790 0.861047 0.818593 0.961519 0.874453 0.982132 0.945526 0.929515 0.901860 0.830568 0.856161 0.830327 0.937051 0.948195 0.890676 0.871696 0.985344 0.895997 0.981031 0.801772 0.991389 0.932832 0.929411 0.933558 0.979763 0.838186 0.761324 0.818398 0.950310 0.000000 0.846754 0.885651 0.889639 0.959457 0.981284 0.857084 0.838042 0.730716 0.755692 0.878252 0.837573 0.783949 0.850468 0.854172 0.927892 0.930952 0.855286 0.767800 0.887951 0.920067 0.861745 0.943743 0.974847 0.878635 0.833637 0.900913 0.876903 0.936951 0.954418 0.748672 0.830171 0.928648 0.912088 0.980363 0.892632 0.981790 0.946701 0.929355 0.866481 0.811806 0.944405 0.892533 0.991460 0.866732 0.888025 0.965090 0.880223 0.913561 0.862831 0.871464 0.925176 0.974338 0.972365 0.759794 0.906681 0.752370 0.954843 0.996276 0.950192 0.921213 0.941538 0.731302 0.972574 0.968550 0.842344 0.813039 0.991145 0.940485 0.975394 0.981629 0.896642 0.905487 0.938140 0.859311 0.876594 0.730809 0.898068 0.971753 0.878929
0.990804 0.904791 0.948504 0.772431 0.959003 0.958800 0.783049 0.936504 0.901386 0.939156 0.802111 0.971023 0.840773 0.931631 0.914680 0.996341 0.886408 0.972310 0.939012 0.991030 0.898522 0.990657 0.923298 0.836402 0.870297 0.934489 0.797991 0.857590 0.912347 0.951318 0.906561 0.870595 0.933786 0.864240 0.845373 0.879784 0.846754 0.000000 0.860736 0.948717 0.864101 0.982893 0.963786 0.951421 0.898525 0.958766 0.816619 0.950711 0.975654 0.906602 0.780836 0.724304 0.779513 0.762423 0.907918 0.895097 0.871948 0.847941 0.919574 0.852725 0.780341 0.879940 0.851607 0.873936 0.938702 0.895353 0.897311 0.871787 0.829204 0.852662 0.779652 0.938827 0.972037 0.774535 0.909378 0.951849 0.745469 0.878015 0.906711 0.903187 0.866287 0.850072 0.862260 0.907454 0.873258 0.991482 0.941872 0.956210 0.840623 0.970078 0.912293 0.884405 0.902124 0.806146 0.944673 0.898627 0.815148 0.966732 0.969824 0.983478 0.848806 0.825898 0.918360 0.922541 0.996517 0.898181 0.875134 0.957571 0.681271 0.928260 0.970799 0.946007 0.802112 0.980037 0.915599 0.941095
