0.000000 0.339615 0.759018 0.940782 0.917242 0.822344 0.933338 0.636433 0.914448 0.701572 0.575855 0.350962 0.593673 0.564812 0.848551 0.835095 0.570470 0.469328 0.621240 0.521344 0.891053 0.990498 0.923044 0.897274 0.706830 0.694224 0.761512 0.931936 0.598216 0.583929 0.919164 0.791158 0.784153 0.694417 0.872794 0.988023 0.770781 0.907950 0.978021 0.978255 0.880073 0.914013 0.835326 0.738466 0.708381 0.615179 0.736769 0.792812 0.500645 0.476938 0.500022 0.554127 0.806305 0.842967 0.814699 0.829133 0.391889 0.352521 0.520160 0.396158 0.664572 0.604755 0.452136 0.358357 0.760580 0.886834 0.984736 0.871147 0.540037 0.606194 0.810906 0.742719 0.874387 0.907264 0.804662 0.987848 0.952122 0.920211 0.797920 0.736848 0.397419 0.461369 0.946872 0.901704 0.643178 0.648018 0.795351 0.992652 0.670299 0.539480 0.716653 0.771576 0.770122 0.940443 0.849180 0.962912 0.858429 0.868363 0.538503 0.688348 0.890412 0.788798 0.604060 0.785853 0.881934 0.969328 0.963526 0.947490 0.984549 0.880840 0.938041 0.715754 0.704501 0.867658 0.996123 0.978195
0.339615 0.000000 0.848099 0.873160 0.831206 0.950307 0.973722 0.667364 0.821069 0.775653 0.624412 0.448105 0.628823 0.667653 0.905114 0.941884 0.504666 0.472504 0.720929 0.564037 0.963281 0.924072 0.998622 0.956335 0.802848 0.713864 0.826383 0.985808 0.570699 0.577132 0.825344 0.777673 0.809260 0.643426 0.908577 0.948000 0.972521 0.879873 0.966907 0.977085 0.846596 0.886446 0.722883 0.656208 0.706765 0.592831 0.678274 0.813228 0.541457 0.458703 0.527527 0.517705 0.769328 0.801142 0.844973 0.798592 0.336113 0.344426 0.514470 0.395722 0.735608 0.704126 0.553176 0.435165 0.796730 0.928193 0.943839 0.807340 0.524867 0.526244 0.854638 0.707179 0.856253 0.937456 0.816765 0.966783 0.866849 0.915324 0.709231 0.663848 0.432172 0.585434 0.945979 0.939759 0.841901 0.764551 0.833463 0.917728 0.805283 0.638059 0.792079 0.814088 0.833543 0.932976 0.914316 0.986915 0.802469 0.796683 0.642707 0.676808 0.957455 0.830506 0.691167 0.776748 0.941033 0.959578 0.936462 0.950548 0.978998 0.856005 0.971745 0.754951 0.685707 0.840198 0.941153 0.961007
0.759018 0.848099 0.000000 0.537217 0.960580 0.951743 0.548264 0.715582 0.666284 0.951440 0.797325 0.825616 0.986418 0.975399 0.783752 0.794333 0.996097 0.935180 0.968559 0.940684 0.798950 0.897068 0.718139 0.769353 0.404869 0.444096 0.892377 0.892967 0.923768 0.930391 0.566523 0.738233 0.837008 0.828499 0.653336 0.847373 0.924588 0.985813 0.724152 0.899529 0.851299 0.968073 0.803078 0.839779 0.822356 0.782683 0.897254 0.983965 0.619221 0.730003 0.812608 0.825057 0.980586 0.848280 0.921031 0.990820 0.900862 0.872486 0.972655 0.893626 0.763531 0.995263 0.961735 0.839839 0.469381 0.495864 0.564136 0.679183 0.868190 0.995426 0.792139 0.792973 0.691528 0.685051 0.833013 0.899926 0.637402 0.884400 0.886154 0.895696 0.769969 0.831698 0.973918 0.600116 0.999519 0.926484 0.836238 0.856531 0.701563 0.753911 0.843095 0.949756 0.808451 0.762063 0.932033 0.923827 0.849596 0.934071 0.999114 0.838911 0.906217 0.792593 0.997648 0.999858 0.751252 0.832292 0.728875 0.801075 0.937284 0.905479 0.919903 0.944879 0.919116 0.918914 0.763677 0.828093
0.940782 0.873160 0.537217 0.000000 0.856240 0.732710 0.622313 0.471314 0.625377 0.738445 0.937436 0.850885 0.723012 0.698527 0.532130 0.478309 0.861534 0.895982 0.747075 0.856918 0.727736 0.995013 0.453418 0.558844 0.580049 0.621492 0.819826 0.912420 0.827095 0.762190 0.435038 0.610051 0.528888 0.728012 0.697446 0.759764 0.939596 0.872711 0.979786 0.722540 0.982971 0.937087 0.602590 0.634364 0.882976 0.976897 0.944262 0.872325 0.862200 0.922555 0.783792 0.714874 0.612829 0.468724 0.958900 0.990235 0.902393 0.800339 0.894478 0.724978 0.603684 0.677736 0.887401 0.833797 0.568578 0.412103 0.497990 0.538301 0.911736 0.773922 0.506107 0.482534 0.518032 0.629580 0.849928 0.856936 0.542413 0.627305 0.781780 0.836340 0.970287 0.882907 0.923576 0.665753 0.825537 0.672858 0.829811 0.852398 0.893998 0.968663 0.496758 0.613572 0.496332 0.505587 0.873168 0.862278 0.812101 0.980273 0.670039 0.590825 0.876192 0.596697 0.858629 0.980931 0.640762 0.774545 0.816690 0.804623 0.959958 0.999580 0.823178 0.819968 0.766494 0.973276 0.639833 0.779174
0.917242 0.831206 0.960580 0.856240 0.000000 0.676062 0.752685 0.733137 0.521520 0.661473 0.927601 0.959738 0.714467 0.804230 0.687085 0.719229 0.887722 0.817241 0.701491 0.866158 0.982566 0.908078 0.653631 0.790786 0.896416 0.999508 0.819348 0.873888 0.909457 0.904916 0.880095 0.867204 0.843486 0.958899 0.881598 0.998398 0.916798 0.989717 0.874340 0.819727 0.863995 0.841920 0.908299 0.879922 0.944613 0.964069 0.770841 0.902583 0.905282 0.871184 0.907857 0.956742 0.799985 0.808753 0.987100 0.944864 0.805702 0.989631 0.976741 0.965901 0.716822 0.624561 0.919307 0.907371 0.977470 0.870415 0.866394 0.972146 0.980446 0.981437 0.698584 0.978159 0.963238 0.863536 0.969653 0.990564 0.832908 0.877031 0.800294 0.972372 0.900524 0.985619 0.839744 0.824203 0.736482 0.882386 0.943084 0.854047 0.872027 0.915086 0.641601 0.607134 0.671659 0.728804 0.936546 0.845344 0.865618 0.853189 0.832377 0.814226 0.727505 0.740807 0.959764 0.899577 0.897994 0.911656 0.849545 0.939503 0.935811 0.898358 0.895170 0.857489 0.985377 0.968985 0.882817 0.870657
0.822344 0.950307 0.951743 0.732710 0.676062 0.000000 0.621083 0.609635 0.665096 0.605362 0.934770 0.859837 0.855755 0.851393 0.778793 0.717632 0.775544 0.852004 0.622934 0.807862 0.838762 0.990310 0.644465 0.663924 0.991706 0.936960 0.974712 0.869152 0.755679 0.838287 0.760647 0.959812 0.738953 0.736335 0.802315 0.940551 0.874779 0.899652 0.961584 0.882271 0.993004 0.986555 0.904844 0.830061 0.585633 0.725699 0.917294 0.807868 0.763442 0.714428 0.607426 0.690847 0.634397 0.597174 0.825389 0.712330 0.947960 0.851728 0.730550 0.701022 0.598345 0.723716 0.712820 0.686701 0.954272 0.910652 0.629319 0.730235 0.976784 0.863720 0.805391 0.808249 0.852284 0.915181 0.964519 0.892444 0.735207 0.809456 0.993227 0.780843 0.789314 0.796726 0.965835 0.892391 0.696657 0.696776 0.979872 0.986057 0.940054 0.876208 0.464088 0.587426 0.508017 0.800991 0.853590 0.952248 0.794797 0.921875 0.564505 0.645072 0.734998 0.709257 0.688143 0.836154 0.833001 0.924906 0.906994 0.968771 0.903055 0.923018 0.969268 0.665631 0.749235 0.883358 0.728592 0.849398
0.933338 0.973722 0.548264 0.622313 0.752685 0.621083 0.000000 0.394839 0.559168 0.439908 0.885114 0.926123 0.784755 0.902539 0.729286 0.871119 0.721655 0.810135 0.524286 0.792425 0.987556 0.931163 0.786802 0.982451 0.883452 0.731783 0.897478 0.966388 0.548190 0.730830 0.569226 0.693295 0.688084 0.590641 0.765176 0.919739 0.870059 0.942308 0.897536 0.868005 0.835966 0.859518 0.685175 0.676586 0.774776 0.780605 0.717272 0.726738 0.963145 0.959554 0.763472 0.957344 0.846367 0.802469 0.876809 0.852881 0.900854 0.940770 0.628900 0.737664 0.339714 0.621902 0.545299 0.710490 0.882056 0.650579 0.576254 0.594963 0.999958 0.914860 0.743999 0.857238 0.732466 0.777909 0.977663 0.946476 0.577343 0.846063 0.788175 0.948403 0.836314 0.804426 0.993286 0.728564 0.835525 0.940909 0.899953 0.829008 0.821520 0.883872 0.509283 0.690905 0.557386 0.792202 0.839374 0.853316 0.764735 0.816506 0.607791 0.600503 0.614792 0.725946 0.741092 0.841018 0.648964 0.897827 0.825504 0.946924 0.911680 0.855620 0.830159 0.821381 0.717831 0.863348 0.787701 0.912004
0.636433 0.667364 0.715582 0.471314 0.733137 0.609635 0.394839 0.000000 0.576366 0.376687 0.724024 0.572542 0.496175 0.556083 0.516185 0.654606 0.645292 0.647026 0.417194 0.534058 0.914668 0.994034 0.613633 0.794803 0.949857 0.887931 0.884304 0.942697 0.474752 0.564198 0.478667 0.594205 0.511505 0.559701 0.857532 0.867481 0.869131 0.955933 0.901912 0.801271 0.962616 0.908083 0.651232 0.619707 0.723593 0.720887 0.803977 0.759316 0.821770 0.784980 0.587692 0.704975 0.685020 0.636658 0.929253 0.866816 0.697365 0.604022 0.594817 0.505758 0.317675 0.372728 0.483176 0.484013 0.944851 0.667241 0.653849 0.600393 0.779444 0.714650 0.519660 0.572763 0.584641 0.659924 0.973751 0.906384 0.573975 0.795615 0.774615 0.757188 0.687099 0.710408 0.991855 0.759722 0.681078 0.735735 0.792849 0.858215 0.965029 0.859968 0.389464 0.500353 0.455460 0.603515 0.806997 0.845641 0.688792 0.885166 0.455565 0.470235 0.619810 0.587672 0.676747 0.758314 0.672516 0.850907 0.850028 0.860327 0.948730 0.914997 0.802135 0.709754 0.681227 0.890185 0.767178 0.876149
0.914448 0.821069 0.666284 0.625377 0.521520 0.665096 0.559168 0.576366 0.000000 0.561326 0.894974 0.995166 0.719465 0.784206 0.681238 0.645899 0.905565 0.860857 0.668256 0.918872 0.923072 0.906072 0.597156 0.763118 0.802906 0.791326 0.824187 0.963001 0.880243 0.920015 0.633883 0.897710 0.849489 0.922715 0.850673 0.932613 0.893190 0.998035 0.896034 0.787798 0.824423 0.971227 0.994864 0.955484 0.998349 0.889927 0.818922 0.914770 0.833114 0.775731 0.974680 0.952866 0.829402 0.812683 0.929716 0.954423 0.856159 0.994992 0.979707 0.978574 0.644586 0.587709 0.937021 0.959268 0.844795 0.729231 0.793768 0.932955 0.997630 0.965730 0.592516 0.772415 0.694901 0.675755 0.872400 0.966427 0.747234 0.814836 0.797143 0.878570 0.803744 0.846720 0.990017 0.623176 0.822311 0.965829 0.855094 0.969231 0.929283 0.938762 0.537588 0.565856 0.619084 0.550155 0.994180 0.839366 0.859815 0.912287 0.744347 0.733122 0.762434 0.712202 0.932395 0.892763 0.754087 0.814796 0.899816 0.758404 0.968817 0.925113 0.867497 0.874919 0.888947 0.995985 0.702251 0.916805
0.701572 0.775653 0.951440 0.738445 0.661473 0.605362 0.439908 0.376687 0.561326 0.000000 0.746055 0.653875 0.549519 0.673602 0.663049 0.844918 0.688922 0.666772 0.413994 0.608012 0.926413 0.990413 0.797300 0.967403 0.774200 0.949928 0.805549 0.878423 0.477075 0.601189 0.617165 0.741052 0.632373 0.604618 0.931818 0.962775 0.779655 0.999352 0.819413 0.873680 0.930325 0.966151 0.770623 0.761955 0.612976 0.612995 0.807196 0.758969 0.686298 0.794595 0.595640 0.782793 0.770861 0.796158 0.772755 0.856123 0.795119 0.711759 0.625856 0.611864 0.375081 0.403444 0.485741 0.511343 0.774638 0.938990 0.804272 0.787981 0.839007 0.751991 0.651380 0.724761 0.822088 0.805070 0.883206 0.915656 0.690703 0.909917 0.905923 0.900976 0.682745 0.764959 0.931413 0.835706 0.805965 0.957060 0.870051 0.789268 0.988261 0.955958 0.447508 0.541533 0.525143 0.734202 0.899402 0.835060 0.812750 0.795490 0.475115 0.530399 0.571978 0.719265 0.644633 0.758414 0.807436 0.894199 0.931377 0.917446 0.902340 0.861123 0.852455 0.697318 0.777103 0.877906 0.813324 0.972552
0.575855 0.624412 0.797325 0.937436 0.927601 0.934770 0.885114 0.724024 0.894974 0.746055 0.000000 0.572315 0.635952 0.688218 0.932458 0.893120 0.643906 0.537435 0.623080 0.590376 0.936497 0.974669 0.805787 0.820142 0.709753 0.771148 0.585862 0.982663 0.609269 0.654781 0.940874 0.956198 0.894379 0.645230 0.808097 0.812264 0.994381 0.964685 0.970498 0.822278 0.821050 0.945210 0.917827 0.766746 0.852692 0.715308 0.793207 0.828051 0.748249 0.836800 0.760323 0.910905 0.907419 0.964026 0.930049 0.830721 0.694999 0.683259 0.647877 0.650887 0.671567 0.704866 0.499870 0.583772 0.675869 0.928361 0.908594 0.932580 0.667593 0.883784 0.966478 0.975147 0.982264 0.980376 0.904490 0.886291 0.957535 0.996667 0.835303 0.819953 0.566196 0.552087 0.912082 0.791318 0.968323 0.996895 0.939254 0.975777 0.914875 0.851082 0.865739 0.952471 0.927396 0.906328 0.898250 0.973669 0.819212 0.872231 0.755032 0.907222 0.670167 0.925974 0.768140 0.811860 0.989935 0.852300 0.891788 0.801906 0.799432 0.951384 0.927821 0.918441 0.847230 0.973341 0.965872 0.876463
0.350962 0.448105 0.825616 0.850885 0.959738 0.859837 0.926123 0.572542 0.995166 0.653875 0.572315 0.000000 0.466921 0.418491 0.655165 0.710449 0.651601 0.452170 0.503502 0.426744 0.946296 0.944992 0.815301 0.814573 0.753061 0.757063 0.823851 0.976494 0.559007 0.475957 0.850330 0.720197 0.680212 0.675185 0.941092 0.941882 0.862474 0.866468 0.967372 0.949497 0.835715 0.946133 0.848007 0.766475 0.762392 0.657170 0.881690 0.843526 0.628830 0.617219 0.575069 0.626782 0.818655 0.830814 0.883409 0.934399 0.531593 0.441104 0.655805 0.514598 0.664752 0.494419 0.533616 0.393958 0.813583 0.979051 0.985588 0.882092 0.538966 0.605210 0.729140 0.636545 0.795690 0.742886 0.944749 0.922500 0.915996 0.951894 0.772991 0.696121 0.484913 0.511571 0.904944 0.862822 0.641360 0.617271 0.916955 0.911763 0.684333 0.619620 0.734229 0.762453 0.792273 0.860366 0.898930 0.994254 0.854164 0.982931 0.603734 0.693981 0.878851 0.749272 0.657346 0.729367 0.901785 0.997112 0.923721 0.955561 0.922332 0.954123 0.927824 0.665118 0.829298 0.914106 0.984619 0.976715
0.593673 0.628823 0.986418 0.723012 0.714467 0.855755 0.784755 0.496175 0.719465 0.549519 0.635952 0.466921 0.000000 0.351135 0.444677 0.627477 0.804494 0.684341 0.456098 0.499064 0.963936 0.998681 0.674782 0.811056 0.851416 0.910072 0.936412 0.967259 0.521051 0.455796 0.663048 0.625559 0.621159 0.695817 0.940986 0.973588 0.980382 0.939284 0.916882 0.990925 0.907650 0.962679 0.842924 0.799874 0.838784 0.749268 0.980126 0.932724 0.840296 0.828854 0.708987 0.733095 0.854727 0.772270 0.969578 0.947305 0.755868 0.568141 0.795317 0.653891 0.524220 0.434121 0.575022 0.516999 0.854479 0.907822 0.961840 0.852793 0.728219 0.658632 0.511870 0.553645 0.629874 0.637108 0.994346 0.873197 0.822812 0.805401 0.910159 0.823423 0.733497 0.782374 0.903196 0.881858 0.823603 0.889368 0.870196 0.981815 0.881622 0.772206 0.634140 0.626625 0.706176 0.691110 0.859505 0.930870 0.681628 0.878692 0.612525 0.669596 0.746637 0.681492 0.740304 0.697934 0.900324 0.881631 0.944142 0.933985 0.895193 0.961236 0.876433 0.737622 0.835515 0.823210 0.848501 0.938462
0.564812 0.667653 0.975399 0.698527 0.804230 0.851393 0.902539 0.556083 0.784206 0.673602 0.688218 0.418491 0.351135 0.000000 0.433797 0.499534 0.807084 0.626208 0.531018 0.423271 0.881089 0.907914 0.590541 0.639948 0.877630 0.979630 0.941642 0.960814 0.627497 0.557253 0.687887 0.679589 0.657158 0.754323 0.996737 0.974713 0.891916 0.969219 0.872140 0.897738 0.904127 0.931508 0.974783 0.901579 0.909092 0.844087 0.980127 0.997429 0.859836 0.845163 0.736581 0.727129 0.844872 0.750160 0.981079 0.956253 0.803384 0.536303 0.912350 0.691458 0.657356 0.459907 0.636530 0.522454 0.902202 0.903503 0.910647 0.901799 0.784355 0.709133 0.537843 0.483817 0.591903 0.555148 0.919476 0.912775 0.816164 0.906042 0.857581 0.810219 0.755487 0.744491 0.905004 0.879540 0.732131 0.720372 0.906057 0.991476 0.792422 0.664767 0.628426 0.608926 0.671439 0.603295 0.794810 0.884874 0.810725 0.997742 0.623804 0.673004 0.800657 0.643208 0.785152 0.691227 0.817119 0.865067 0.989474 0.912844 0.913886 0.986753 0.920314 0.784189 0.801878 0.887843 0.845218 0.917405
0.848551 0.905114 0.783752 0.532130 0.687085 0.778793 0.729286 0.516185 0.681238 0.663049 0.932458 0.655165 0.444677 0.433797 0.000000 0.403159 0.922381 0.782006 0.595366 0.647694 0.874996 0.990390 0.391350 0.548310 0.943908 0.833971 0.943430 0.995977 0.658620 0.592604 0.565719 0.633729 0.537027 0.790445 0.786899 0.802851 0.988894 0.923301 0.909099 0.877439 0.935724 0.991019 0.811657 0.807125 0.821179 0.847483 0.960820 0.931180 0.990764 0.900572 0.781350 0.721584 0.690430 0.549576 0.938709 0.922577 0.969234 0.761842 0.998700 0.800475 0.601285 0.553358 0.777435 0.710189 0.845097 0.703189 0.690789 0.740406 0.958162 0.649952 0.431408 0.447304 0.553200 0.572666 0.735459 0.851928 0.646169 0.793496 0.859445 0.911337 0.930593 0.997868 0.745869 0.799200 0.746740 0.703002 0.953266 0.988476 0.900469 0.854291 0.556211 0.542377 0.556848 0.498461 0.754110 0.951044 0.870036 0.971545 0.603407 0.567639 0.783770 0.582765 0.779227 0.755112 0.742642 0.739980 0.901664 0.942195 0.935352 0.935993 0.853072 0.707891 0.894518 0.843402 0.727004 0.909187
0.835095 0.941884 0.794333 0.478309 0.719229 0.717632 0.871119 0.654606 0.645899 0.844918 0.893120 0.710449 0.627477 0.499534 0.403159 0.000000 0.978022 0.913253 0.718022 0.769561 0.847588 0.898614 0.277310 0.348838 0.792983 0.808342 0.725372 0.917442 0.887790 0.708419 0.629249 0.654283 0.655672 0.908418 0.719215 0.782250 0.940430 0.920584 0.929232 0.875374 0.827357 0.861580 0.868451 0.853555 0.844708 0.963999 0.868872 0.929172 0.994825 0.831021 0.751323 0.633706 0.551079 0.486264 0.973655 0.927177 0.958138 0.782552 0.984450 0.794022 0.735937 0.660376 0.944075 0.804349 0.661612 0.640897 0.598929 0.764408 0.929012 0.768699 0.470951 0.515153 0.576145 0.644318 0.749145 0.914130 0.711920 0.782686 0.958769 0.888130 0.963031 0.965420 0.687855 0.799335 0.579790 0.515981 0.956863 0.830204 0.730257 0.704063 0.561994 0.565256 0.537158 0.496610 0.773938 0.901043 0.942252 0.856323 0.658119 0.616558 0.969453 0.578942 0.811916 0.949124 0.676410 0.754498 0.913665 0.906755 0.912467 0.853163 0.866422 0.712144 0.852017 0.912344 0.636158 0.841002
0.570470 0.504666 0.996097 0.861534 0.887722 0.775544 0.721655 0.645292 0.905565 0.688922 0.643906 0.651601 0.804494 0.807084 0.922381 0.978022 0.000000 0.448476 0.655662 0.637557 0.927196 0.953200 0.986163 0.958676 0.882582 0.866879 0.764339 0.938320 0.445681 0.580777 0.796430 0.791888 0.760211 0.487420 0.932445 0.977554 0.894118 0.941493 0.967515 0.989480 0.958098 0.781965 0.711592 0.584120 0.605178 0.542408 0.507727 0.657239 0.603667 0.579968 0.639985 0.713288 0.836980 0.828363 0.692220 0.639461 0.554587 0.614687 0.525700 0.528559 0.617417 0.771104 0.462464 0.482856 0.840723 0.986182 0.766487 0.701146 0.719422 0.730392 0.927162 0.884890 0.960270 0.980533 0.915540 0.920485 0.713297 0.928128 0.710313 0.762304 0.470172 0.544024 0.974979 0.856573 0.846390 0.815599 0.989790 0.918469 0.992199 0.825687 0.729191 0.870760 0.759733 0.988052 0.926589 0.844226 0.809377 0.812397 0.637247 0.679167 0.768789 0.792645 0.733993 0.818878 0.900655 0.947609 0.987310 0.990813 0.903881 0.769227 0.918908 0.740299 0.659998 0.883477 0.992674 0.839729
0.469328 0.472504 0.935180 0.895982 0.817241 0.852004 0.810135 0.647026 0.860857 0.666772 0.537435 0.452170 0.684341 0.626208 0.782006 0.913253 0.448476 0.000000 0.617768 0.503182 0.995306 0.953068 0.986524 0.981959 0.791441 0.903701 0.694061 0.999278 0.446364 0.459371 0.767512 0.733742 0.688291 0.543661 0.958795 0.997477 0.855911 0.883743 0.933728 0.988109 0.868618 0.833682 0.657450 0.569266 0.608642 0.460578 0.639859 0.617211 0.509538 0.515759 0.524049 0.592614 0.805871 0.758405 0.791095 0.747209 0.533509 0.503940 0.562347 0.509885 0.653054 0.677829 0.467404 0.406927 0.761543 0.945406 0.805843 0.729612 0.650782 0.577597 0.855812 0.754280 0.862984 0.856845 0.905384 0.952022 0.797939 0.918890 0.588732 0.594370 0.369800 0.533869 0.961108 0.837382 0.888766 0.781528 0.964998 0.857132 0.903350 0.808113 0.755160 0.861379 0.760893 0.973417 0.796893 0.920264 0.880450 0.910953 0.586979 0.601453 0.816337 0.794713 0.598784 0.751930 0.848521 0.976682 0.956422 0.909131 0.989062 0.848958 0.871679 0.773296 0.748479 0.813602 0.978975 0.862345
0.621240 0.720929 0.968559 0.747075 0.701491 0.622934 0.524286 0.417194 0.668256 0.413994 0.623080 0.503502 0.456098 0.531018 0.595366 0.718022 0.655662 0.617768 0.000000 0.485946 0.861580 0.968906 0.759084 0.888617 0.785583 0.946712 0.778304 0.964904 0.447317 0.500309 0.667134 0.704355 0.680291 0.542536 0.992144 0.990033 0.861269 0.999969 0.932950 0.976121 0.881394 0.952796 0.825469 0.692788 0.659100 0.647856 0.806237 0.795849 0.763340 0.782237 0.644392 0.756053 0.826522 0.794574 0.807454 0.854534 0.777339 0.683709 0.648400 0.615606 0.399630 0.437624 0.439678 0.447330 0.832121 0.885267 0.771196 0.766671 0.787172 0.771248 0.682578 0.678501 0.701489 0.680543 0.975270 0.981420 0.736193 0.890601 0.868318 0.813350 0.628497 0.638214 0.974897 0.915601 0.696590 0.800174 0.885749 0.970303 0.941040 0.819084 0.496071 0.615234 0.605507 0.769611 0.808557 0.930245 0.726607 0.892421 0.457859 0.594802 0.594718 0.644305 0.596295 0.720761 0.724210 0.927400 0.974993 0.971871 0.833205 0.857162 0.805438 0.649227 0.767803 0.811854 0.814648 0.969344
0.521344 0.564037 0.940684 0.856918 0.866158 0.807862 0.792425 0.534058 0.918872 0.608012 0.590376 0.426744 0.499064 0.423271 0.647694 0.769561 0.637557 0.503182 0.485946 0.000000 0.975158 0.880046 0.854770 0.827443 0.811585 0.919030 0.782968 0.993403 0.516157 0.538262 0.789957 0.753912 0.685261 0.671923 0.984086 0.961405 0.970533 0.971512 0.952550 0.890324 0.919261 0.897656 0.930590 0.808987 0.794910 0.704920 0.804799 0.857066 0.712117 0.769729 0.680616 0.765543 0.934089 0.860772 0.951277 0.880939 0.657558 0.510231 0.679542 0.572221 0.601341 0.485577 0.479546 0.394888 0.763368 0.944959 0.895646 0.798356 0.636577 0.680928 0.757702 0.683238 0.773190 0.741704 0.974888 0.911564 0.808606 0.974175 0.736623 0.705951 0.544099 0.526375 0.927994 0.984302 0.728718 0.768085 0.858022 0.995734 0.817276 0.771280 0.672276 0.725133 0.732273 0.842372 0.780833 0.903498 0.751641 0.912566 0.574117 0.692857 0.775886 0.765274 0.700056 0.666471 0.799422 0.863220 0.922447 0.991629 0.810756 0.927309 0.978804 0.748628 0.777397 0.854918 0.975437 0.903399
0.891053 0.963281 0.798950 0.727736 0.982566 0.838762 0.987556 0.914668 0.923072 0.926413 0.936497 0.946296 0.963936 0.881089 0.874996 0.847588 0.927196 0.995306 0.861580 0.975158 0.000000 0.958473 0.868635 0.865287 0.773782 0.676579 0.980468 0.994530 0.905908 0.919435 0.770042 0.993570 0.881426 0.915955 0.784303 0.891674 0.978032 0.836629 0.874879 0.794932 0.968361 0.970804 0.965352 0.940298 0.782902 0.793733 0.910823 0.876327 0.785990 0.889761 0.924958 0.973904 0.993256 0.877325 0.993944 0.821663 0.975473 0.995908 0.932966 0.946873 0.959884 0.965357 0.891233 0.891113 0.739565 0.702795 0.809686 0.933230 0.989660 0.996117 0.973436 0.851676 0.781788 0.780261 0.899082 0.923645 0.803092 0.910705 0.883188 0.955960 0.856540 0.815835 0.888160 0.752792 0.890224 0.890661 0.901833 0.831848 0.909075 0.921479 0.951202 0.943360 0.878831 0.751387 0.824632 0.917331 0.965619 0.951467 0.986003 0.908198 0.979856 0.876605 0.857751 0.916496 0.839473 0.962393 0.988633 0.904255 0.790681 0.986205 0.988633 0.851177 0.883491 0.923338 0.929446 0.962067
0.990498 0.924072 0.897068 0.995013 0.908078 0.990310 0.931163 0.994034 0.906072 0.990413 0.974669 0.944992 0.998681 0.907914 0.990390 0.898614 0.953200 0.953068 0.968906 0.880046 0.958473 0.000000 0.925458 0.888671 0.815338 0.991742 0.883573 0.980598 0.891913 0.890672 0.960941 0.934488 0.991643 0.922580 0.945019 0.970219 0.957510 0.959780 0.936267 0.916692 0.930827 0.803126 0.990045 0.996113 0.928250 0.937933 0.947307 0.885024 0.999630 0.937282 0.900044 0.857038 0.842538 0.897232 0.848129 0.996269 0.949611 0.983223 0.937460 0.999502 0.922898 0.938816 0.966747 0.931777 0.915027 0.991799 0.967550 0.985699 0.978105 0.894552 0.882488 0.912861 0.987668 0.991895 0.955640 0.946504 0.865683 0.998600 0.915592 0.863234 0.897116 0.957330 0.998699 0.946399 0.874442 0.918309 0.906553 0.855122 0.860359 0.933970 0.948580 0.955903 0.974415 0.969411 0.982679 0.885089 0.917940 0.949147 0.962261 0.969360 0.991434 0.855562 0.996826 0.939254 0.921559 0.964288 0.792476 0.986407 0.932562 0.829138 0.807888 0.977979 0.963240 0.815346 0.736881 0.955084
0.923044 0.998622 0.718139 0.453418 0.653631 0.644465 0.786802 0.613633 0.597156 0.797300 0.805787 0.815301 0.674782 0.590541 0.391350 0.277310 0.986163 0.986524 0.759084 0.854770 0.868635 0.925458 0.000000 0.366196 0.750688 0.776596 0.691292 0.879329 0.877121 0.728630 0.562184 0.653156 0.615165 0.944155 0.697971 0.761512 0.941797 0.893051 0.896621 0.834762 0.938359 0.927658 0.875715 0.884914 0.845141 0.980343 0.880458 0.976978 0.950284 0.861477 0.792874 0.675688 0.548347 0.481589 0.964511 0.945486 0.944209 0.817262 0.964794 0.837155 0.714474 0.700647 0.959612 0.848481 0.633792 0.631156 0.543584 0.713258 0.948494 0.743571 0.439370 0.540492 0.580490 0.678764 0.797940 0.953077 0.633554 0.776139 0.989791 0.901929 0.903783 0.886776 0.682779 0.709327 0.582106 0.541769 0.930481 0.846254 0.825375 0.732667 0.546582 0.523235 0.506124 0.460928 0.826882 0.893892 0.881990 0.935001 0.678485 0.601975 0.890067 0.581974 0.830569 0.945978 0.647299 0.727946 0.971830 0.827289 0.904250 0.847945 0.839110 0.724952 0.920960 0.924724 0.694167 0.855681
0.897274 0.956335 0.769353 0.558844 0.790786 0.663924 0.982451 0.794803 0.763118 0.967403 0.820142 0.814573 0.811056 0.639948 0.548310 0.348838 0.958676 0.981959 0.888617 0.827443 0.865287 0.888671 0.366196 0.000000 0.732409 0.756693 0.649878 0.875120 0.997148 0.847734 0.718375 0.823328 0.695268 0.987116 0.715478 0.776881 0.944938 0.873757 0.981228 0.820934 0.870354 0.915634 0.991995 0.998185 0.928338 0.936413 0.851959 0.957756 0.905209 0.881150 0.842177 0.704006 0.632492 0.520056 0.961448 0.978761 0.953347 0.817268 0.930534 0.920875 0.915983 0.900245 0.955747 0.914629 0.676700 0.701550 0.579614 0.776262 0.995391 0.772377 0.642010 0.591388 0.703308 0.665390 0.736612 0.858818 0.714399 0.834602 0.945793 0.854007 0.953137 0.971125 0.745073 0.796957 0.648869 0.476632 0.981162 0.812883 0.788993 0.786457 0.663911 0.707483 0.604350 0.591464 0.854665 0.933931 0.927899 0.869795 0.743570 0.747120 0.979541 0.645523 0.867128 0.866656 0.690613 0.731252 0.960120 0.968657 0.944767 0.806239 0.952219 0.719679 0.902233 0.861674 0.773435 0.812452
0.706830 0.802848 0.404869 0.580049 0.896416 0.991706 0.883452 0.949857 0.802906 0.774200 0.709753 0.753061 0.851416 0.877630 0.943908 0.792983 0.882582 0.791441 0.785583 0.811585 0.773782 0.815338 0.750688 0.732409 0.000000 0.487822 0.806765 0.834512 0.789827 0.876127 0.720702 0.922279 0.950331 0.996528 0.722602 0.887316 0.853406 0.992537 0.830585 0.917787 0.976677 0.962617 0.894144 0.929319 0.711810 0.633891 0.962647 0.900975 0.574427 0.717041 0.702886 0.799563 0.987456 0.889256 0.786692 0.970585 0.851558 0.834948 0.806242 0.805533 0.958467 0.808229 0.696345 0.685035 0.387373 0.544746 0.704218 0.780190 0.896278 0.857810 0.901647 0.863974 0.771064 0.857477 0.839171 0.939383 0.860955 0.801920 0.977135 0.871629 0.630602 0.729620 0.985876 0.767075 0.975846 0.880375 0.908344 0.964058 0.756978 0.770841 0.976682 0.928182 0.979651 0.848644 0.877805 0.891578 0.913370 0.875916 0.810956 0.955420 0.827900 0.944859 0.824962 0.741657 0.872444 0.880791 0.746630 0.874735 0.916009 0.995470 0.977350 0.914157 0.989424 0.855243 0.762521 0.718852
0.694224 0.713864 0.444096 0.621492 0.999508 0.936960 0.731783 0.887931 0.791326 0.949928 0.771148 0.757063 0.910072 0.979630 0.833971 0.808342 0.866879 0.903701 0.946712 0.919030 0.676579 0.991742 0.776596 0.756693 0.487822 0.000000 0.991627 0.962994 0.958192 0.974010 0.681283 0.875002 0.801839 0.869784 0.698236 0.929422 0.986356 0.966388 0.772056 0.940526 0.914930 0.932704 0.827105 0.893958 0.845463 0.802017 0.946511 0.983172 0.635422 0.751039 0.847498 0.846587 0.954023 0.830764 0.947474 0.995812 0.763640 0.733841 0.920948 0.846394 0.871558 0.899607 0.916276 0.816035 0.563691 0.501286 0.579688 0.645196 0.787534 0.879783 0.908271 0.844786 0.726102 0.739523 0.803081 0.809353 0.744677 0.815852 0.856997 0.897287 0.760125 0.768648 0.934014 0.710288 0.892443 0.949814 0.967295 0.783766 0.756087 0.615572 0.878916 0.923729 0.838796 0.868565 0.919076 0.844709 0.855585 0.835412 0.988069 0.999411 0.998089 0.827871 0.912493 0.928705 0.698805 0.695148 0.804661 0.961201 0.999704 0.946014 0.973580 0.844874 0.865301 0.854751 0.791752 0.750945
0.761512 0.826383 0.892377 0.819826 0.819348 0.974712 0.897478 0.884304 0.824187 0.805549 0.585862 0.823851 0.936412 0.941642 0.943430 0.725372 0.764339 0.694061 0.778304 0.782968 0.980468 0.883573 0.691292 0.649878 0.806765 0.991627 0.000000 0.981750 0.757886 0.860404 0.953532 0.926386 0.996191 0.754705 0.893238 0.873622 0.783835 0.819712 0.954051 0.849454 0.935063 0.979352 0.978358 0.864779 0.917842 0.837474 0.698306 0.813768 0.818203 0.956218 0.950271 0.909930 0.725571 0.855980 0.847857 0.902882 0.851571 0.919730 0.816958 0.838832 0.829071 0.894321 0.695343 0.773579 0.766850 0.884414 0.913235 0.956134 0.894626 0.925526 0.831857 0.992249 0.978631 0.995672 0.857684 0.952323 0.888473 0.967257 0.932289 0.991635 0.687506 0.704148 0.837243 0.899827 0.872855 0.908062 0.842713 0.801928 0.941206 0.924789 0.979242 0.899511 0.984728 0.808442 0.883591 0.996986 0.963437 0.991328 0.847288 0.989831 0.762612 0.924087 0.910817 0.946020 0.958658 0.840997 0.998182 0.919245 0.959176 0.778626 0.969922 0.926046 0.865845 0.876959 0.951526 0.981286
0.931936 0.985808 0.892967 0.912420 0.873888 0.869152 0.966388 0.942697 0.963001 0.878423 0.982663 0.976494 0.967259 0.960814 0.995977 0.917442 0.938320 0.999278 0.964904 0.993403 0.994530 0.980598 0.879329 0.875120 0.834512 0.962994 0.981750 0.000000 0.978771 0.992828 0.966471 0.944842 0.888168 0.932302 0.801819 0.893285 0.914988 0.990763 0.855177 0.930647 0.991780 0.970572 0.962887 0.949336 0.881242 0.845151 0.932773 0.985339 0.920818 0.997928 0.998707 0.968384 0.949412 0.905326 0.863663 0.948141 0.955150 0.873271 0.909764 0.979344 0.962231 0.961575 0.971800 0.989236 0.773765 0.963423 0.979728 0.946345 0.969546 0.902715 0.891246 0.968798 0.941414 0.980928 0.928291 0.878582 0.953634 0.926266 0.978523 0.870136 0.921129 0.948801 0.939009 0.834413 0.806820 0.840928 0.980320 0.978397 0.944946 0.974700 0.946577 0.920910 0.927585 0.870142 0.997885 0.866835 0.970357 0.996146 0.963521 0.997184 0.976801 0.882867 0.849525 0.996322 0.914176 0.787649 0.913761 0.913757 0.944120 0.895123 0.969942 0.962346 0.970307 0.820478 0.946649 0.945273
0.598216 0.570699 0.923768 0.827095 0.909457 0.755679 0.548190 0.474752 0.880243 0.477075 0.609269 0.559007 0.521051 0.627497 0.658620 0.887790 0.445681 0.446364 0.447317 0.516157 0.905908 0.891913 0.877121 0.997148 0.789827 0.958192 0.757886 0.978771 0.000000 0.360383 0.664573 0.670468 0.662711 0.453035 0.954722 0.978916 0.968995 0.946304 0.930429 0.898762 0.945823 0.926399 0.678284 0.591765 0.607995 0.481795 0.586414 0.661149 0.619916 0.622250 0.575249 0.713700 0.824118 0.843223 0.799660 0.696787 0.591750 0.572944 0.521448 0.540715 0.420431 0.566840 0.350210 0.390052 0.798529 0.934298 0.765004 0.667141 0.722565 0.608253 0.716325 0.767929 0.810265 0.845977 0.960462 0.930841 0.698576 0.966499 0.658734 0.738324 0.430800 0.525743 0.988310 0.984072 0.776712 0.851560 0.993976 0.964293 0.966203 0.851690 0.687642 0.802947 0.752904 0.948681 0.895351 0.922882 0.745205 0.832375 0.597333 0.595611 0.643631 0.687457 0.633087 0.680425 0.839387 0.951563 0.947276 0.914154 0.858129 0.842166 0.830615 0.729969 0.718425 0.725546 0.980071 0.914962
0.583929 0.577132 0.930391 0.762190 0.904916 0.838287 0.730830 0.564198 0.920015 0.601189 0.654781 0.475957 0.455796 0.557253 0.592604 0.708419 0.580777 0.459371 0.500309 0.538262 0.919435 0.890672 0.728630 0.847734 0.876127 0.974010 0.860404 0.992828 0.360383 0.000000 0.691506 0.582148 0.602041 0.543440 0.967843 0.984697 0.992932 0.914158 0.900348 0.884303 0.872448 0.938003 0.725416 0.629385 0.649143 0.557051 0.680220 0.703772 0.670683 0.613559 0.602658 0.647663 0.806718 0.775459 0.765152 0.813261 0.589634 0.557290 0.561068 0.534129 0.494100 0.585688 0.469141 0.419165 0.904519 0.874415 0.727177 0.643134 0.625540 0.522118 0.614590 0.743563 0.799714 0.734766 0.981043 0.907931 0.738736 0.858358 0.745498 0.717816 0.522359 0.633521 0.862677 0.951059 0.723504 0.755937 0.941464 0.901758 0.854655 0.772469 0.744720 0.843222 0.781587 0.926771 0.895375 0.945452 0.723557 0.923201 0.618872 0.607139 0.779684 0.743125 0.606969 0.769022 0.843841 0.889146 0.985862 0.965646 0.896389 0.946626 0.782359 0.693702 0.807319 0.746236 0.917164 0.942955
0.919164 0.825344 0.566523 0.435038 0.880095 0.760647 0.569226 0.478667 0.633883 0.617165 0.940874 0.850330 0.663048 0.687887 0.565719 0.629249 0.796430 0.767512 0.667134 0.789957 0.770042 0.960941 0.562184 0.718375 0.720702 0.681283 0.953532 0.966471 0.664573 0.691506 0.000000 0.511262 0.581460 0.625543 0.768116 0.846739 0.914430 0.973832 0.980489 0.799074 0.981247 0.953489 0.638108 0.665898 0.837572 0.847689 0.925572 0.863336 0.992354 0.867472 0.786875 0.765874 0.715970 0.605197 0.965455 0.930414 0.826076 0.808436 0.856081 0.791693 0.589508 0.665355 0.780498 0.753627 0.803761 0.670017 0.546500 0.588672 0.987475 0.781218 0.580773 0.467089 0.557193 0.645113 0.923254 0.983949 0.520057 0.711408 0.767772 0.815400 0.903869 0.945791 0.925703 0.620673 0.940398 0.871952 0.753489 0.717743 0.829485 0.966967 0.547177 0.634289 0.531538 0.537199 0.970560 0.818529 0.839734 0.948579 0.627776 0.458500 0.794096 0.542889 0.701362 0.881866 0.714222 0.732719 0.785782 0.777543 0.972299 0.855194 0.857823 0.834782 0.732121 0.894427 0.694111 0.814793
0.791158 0.777673 0.738233 0.610051 0.867204 0.959812 0.693295 0.594205 0.897710 0.741052 0.956198 0.720197 0.625559 0.679589 0.633729 0.654283 0.791888 0.733742 0.704355 0.753912 0.993570 0.934488 0.653156 0.823328 0.922279 0.875002 0.926386 0.944842 0.670468 0.582148 0.511262 0.000000 0.529044 0.701315 0.909550 0.973151 0.918385 0.828140 0.969497 0.980843 0.970276 0.987343 0.596621 0.618806 0.854508 0.773669 0.794106 0.745321 0.899348 0.800045 0.727393 0.727609 0.752245 0.748303 0.906401 0.923132 0.770620 0.761220 0.756523 0.674443 0.577608 0.651228 0.700265 0.666567 0.798862 0.686216 0.664062 0.649490 0.842248 0.776707 0.655672 0.687826 0.643221 0.770473 0.989927 0.771570 0.702028 0.851094 0.800629 0.743146 0.803625 0.841648 0.832138 0.912999 0.787134 0.753835 0.907835 0.988603 0.929939 0.760358 0.759053 0.836496 0.739326 0.820152 0.947222 0.973219 0.874070 0.934438 0.757879 0.664110 0.917781 0.708586 0.722033 0.991484 0.659297 0.788577 0.790983 0.892066 0.996504 0.927111 0.806699 0.959955 0.790037 0.911577 0.813052 0.967733
0.784153 0.809260 0.837008 0.528888 0.843486 0.738953 0.688084 0.511505 0.849489 0.632373 0.894379 0.680212 0.621159 0.657158 0.537027 0.655672 0.760211 0.688291 0.680291 0.685261 0.881426 0.991643 0.615165 0.695268 0.950331 0.801839 0.996191 0.888168 0.662711 0.602041 0.581460 0.529044 0.000000 0.662602 0.798090 0.844369 0.854013 0.858707 0.978989 0.746587 0.919528 0.952347 0.667017 0.663618 0.690635 0.698598 0.818915 0.706119 0.835376 0.761941 0.654833 0.713476 0.747382 0.643341 0.983106 0.848408 0.807258 0.772247 0.691927 0.643230 0.562330 0.571156 0.653241 0.596619 0.950425 0.654650 0.578829 0.522051 0.800192 0.703159 0.654631 0.645140 0.671812 0.691131 0.931377 0.779885 0.633425 0.776450 0.817065 0.659130 0.737814 0.823939 0.889869 0.967416 0.776838 0.640386 0.949882 0.977094 0.991014 0.925471 0.628730 0.813305 0.635066 0.790488 0.867821 0.929163 0.787405 0.964000 0.557994 0.627120 0.795283 0.741953 0.768626 0.850371 0.687269 0.755322 0.932683 0.979431 0.986916 0.955787 0.841254 0.702577 0.864588 0.841545 0.843833 0.927690
0.694417 0.643426 0.828499 0.728012 0.958899 0.736335 0.590641 0.559701 0.922715 0.604618 0.645230 0.675185 0.695817 0.754323 0.790445 0.908418 0.487420 0.543661 0.542536 0.671923 0.915955 0.922580 0.944155 0.987116 0.996528 0.869784 0.754705 0.932302 0.453035 0.543440 0.625543 0.701315 0.662602 0.000000 0.940821 0.949190 0.809564 0.960330 0.831117 0.878634 0.888685 0.912894 0.644823 0.493516 0.585385 0.535699 0.577355 0.734394 0.699869 0.704840 0.660898 0.772323 0.847017 0.822684 0.750088 0.648580 0.689454 0.794602 0.555585 0.603745 0.507838 0.664344 0.487603 0.535435 0.874162 0.855516 0.661888 0.513070 0.755503 0.791085 0.784090 0.727378 0.812832 0.859218 0.965751 0.918928 0.702570 0.809115 0.731717 0.827494 0.564694 0.637703 0.999482 0.940210 0.925653 0.883802 0.925255 0.886438 0.909625 0.967748 0.663083 0.872178 0.756797 0.963053 0.964632 0.871266 0.861330 0.999170 0.619515 0.616805 0.756597 0.659465 0.606512 0.887640 0.843959 0.884636 0.786784 0.917841 0.770486 0.846196 0.908120 0.791342 0.663603 0.810717 0.852287 0.864423
0.872794 0.908577 0.653336 0.697446 0.881598 0.802315 0.765176 0.857532 0.850673 0.931818 0.808097 0.941092 0.940986 0.996737 0.786899 0.719215 0.932445 0.958795 0.992144 0.984086 0.784303 0.945019 0.697971 0.715478 0.722602 0.698236 0.893238 0.801819 0.954722 0.967843 0.768116 0.909550 0.798090 0.940821 0.000000 0.869590 0.967757 0.962473 0.793154 0.817698 0.940004 0.974144 0.932751 0.997880 0.975070 0.941911 0.932817 0.885263 0.860701 0.983241 0.990553 0.978866 0.871768 0.783061 0.878775 0.951465 0.878432 0.935890 0.984777 0.996824 0.850083 0.976309 0.949515 0.945894 0.637144 0.679764 0.614034 0.749153 0.996115 0.958341 0.976749 0.825134 0.868161 0.872455 0.725808 0.989575 0.703677 0.978296 0.831575 0.926840 0.920170 0.951940 0.826223 0.863983 0.848484 0.698599 0.991195 0.985461 0.922377 0.920786 0.815688 0.898484 0.754313 0.791755 0.997443 0.836049 0.983685 0.979964 0.923264 0.922247 0.959914 0.759205 0.975057 0.998809 0.855057 0.962956 0.838321 0.935658 0.981371 0.943668 0.991468 0.870939 0.892333 0.980864 0.856340 0.892217
0.988023 0.948000 0.847373 0.759764 0.998398 0.940551 0.919739 0.867481 0.932613 0.962775 0.812264 0.941882 0.973588 0.974713 0.802851 0.782250 0.977554 0.997477 0.990033 0.961405 0.891674 0.970219 0.761512 0.776881 0.887316 0.929422 0.873622 0.893285 0.978916 0.984697 0.846739 0.973151 0.844369 0.949190 0.869590 0.000000 0.924788 0.848215 0.917018 0.869166 0.940539 0.941634 0.830177 0.847661 0.830156 0.932334 0.952902 0.901466 0.939761 0.846510 0.848480 0.807782 0.743375 0.760175 0.866090 0.918544 0.940397 0.865847 0.942096 0.849324 0.961018 0.946861 0.962187 0.959016 0.843979 0.820368 0.728537 0.787554 0.958792 0.817323 0.758357 0.837572 0.943901 0.997141 0.957650 0.896110 0.826729 0.930331 0.913729 0.966041 0.991293 0.872818 0.925147 0.856875 0.811831 0.793071 0.712327 0.928079 0.891423 0.954372 0.825925 0.848743 0.797872 0.795805 0.788130 0.974130 0.953939 0.866572 0.808028 0.788801 0.950670 0.991075 0.871174 0.957871 0.882369 0.845747 0.972449 0.856679 0.823588 0.973493 0.874985 0.962154 0.979931 0.907975 0.962865 0.805437
0.770781 0.972521 0.924588 0.939596 0.916798 0.874779 0.870059 0.869131 0.893190 0.779655 0.994381 0.862474 0.980382 0.891916 0.988894 0.940430 0.894118 0.855911 0.861269 0.970533 0.978032 0.957510 0.941797 0.944938 0.853406 0.986356 0.783835 0.914988 0.968995 0.992932 0.914430 0.918385 0.854013 0.809564 0.967757 0.924788 0.000000 0.844054 0.995671 0.958507 0.854565 0.934572 0.991670 0.921203 0.765072 0.787765 0.975946 0.858124 0.750541 0.859435 0.810783 0.923002 0.920295 0.944137 0.814353 0.982629 0.993251 0.987841 0.878464 0.903258 0.837804 0.764959 0.819591 0.806608 0.868654 0.871412 0.873389 0.887813 0.987049 0.884905 0.978037 0.972336 0.955432 0.921237 0.948737 0.916491 0.959300 0.991351 0.932905 0.956981 0.839859 0.823730 0.978359 0.991713 0.874267 0.884254 0.848968 0.934262 0.931276 0.911054 0.778320 0.868452 0.792525 0.901219 0.905058 0.792518 0.885109 0.986300 0.693456 0.874084 0.897131 0.862193 0.781255 0.991006 0.945965 0.931225 0.934332 0.932847 0.897485 0.905710 0.906540 0.936002 0.807886 0.881400 0.960169 0.978103
0.907950 0.879873 0.985813 0.872711 0.989717 0.899652 0.942308 0.955933 0.998035 0.999352 0.964685 0.866468 0.939284 0.969219 0.923301 0.920584 0.941493 0.883743 0.999969 0.971512 0.836629 0.959780 0.893051 0.873757 0.992537 0.966388 0.819712 0.990763 0.946304 0.914158 0.973832 0.828140 0.858707 0.960330 0.962473 0.848215 0.844054 0.000000 0.984728 0.981167 0.896719 0.964962 0.817692 0.826708 0.894868 0.859310 0.964231 0.957283 0.862060 0.872251 0.803729 0.761012 0.781959 0.848795 0.965230 0.840738 0.878669 0.887238 0.998735 0.880422 0.961147 0.978125 0.961010 0.971381 0.943095 0.970242 0.978904 0.991293 0.859328 0.777477 0.805767 0.887427 0.951907 0.981024 0.926275 0.862499 0.977666 0.773434 0.968106 0.836805 0.939743 0.961232 0.953811 0.998857 0.975834 0.897991 0.908497 0.921669 0.846134 0.953504 0.918825 0.933844 0.969697 0.940436 0.981322 0.945614 0.816877 0.961342 0.964628 0.993561 0.807727 0.922687 0.822273 0.932636 0.978195 0.919039 0.857910 0.954594 0.731815 0.929993 0.985724 0.999524 0.943452 0.970619 0.864003 0.972043
