0.000000 0.239633 0.677122 0.788992 0.941811 0.786057 0.476270 0.401243 0.874215 0.481427 0.246280 0.221996 0.328942 0.380436 0.410454 0.473074 0.267588 0.246874 0.290194 0.260428 0.867398 0.870330 0.343314 0.891089 0.932097 0.936985 0.909181 0.885341 0.256236 0.270507 0.477847 0.429177 0.360103 0.338609 0.962510 0.935145 0.603461 0.830749 0.845215 0.943906 0.707844 0.770716 0.708902 0.623130 0.696268 0.602955 0.551731 0.495728 0.615640 0.626743 0.758209 0.736315 0.785538 0.950601 0.741170 0.755958 0.293726 0.256530 0.371141 0.340106 0.302544 0.508261 0.238738 0.246751 0.979174 0.995443 0.724965 0.716851 0.321907 0.294942 0.462110 0.524044 0.555198 0.629196 0.678099 0.884174 0.509594 0.584655 0.471222 0.298632 0.213756 0.290826 0.572643 0.553160 0.732861 0.960497 0.889103 0.810325 0.851431 0.719544 0.910017 0.894201 0.916673 0.916532 0.627675 0.734961 0.639518 0.846189 0.508838 0.523005 0.724980 0.693436 0.512687 0.547377 0.511993 0.524556 0.865992 0.994082 0.976842 0.815193 0.837073 0.650202 0.522223 0.750227 0.837235 0.863597
0.239633 0.000000 0.754638 0.832451 0.932539 0.852067 0.489519 0.380208 0.871779 0.419951 0.333589 0.280755 0.499954 0.529173 0.518824 0.548173 0.181509 0.177342 0.310762 0.259165 0.928262 0.787671 0.388452 0.950444 0.842008 0.877448 0.848623 0.980668 0.239821 0.239423 0.492763 0.453874 0.352280 0.317495 0.977754 0.819903 0.663677 0.772459 0.958611 0.978199 0.837926 0.609765 0.577318 0.491588 0.543841 0.487168 0.533970 0.428997 0.485737 0.549626 0.645910 0.649076 0.704298 0.914502 0.833613 0.827234 0.173621 0.168055 0.378417 0.395719 0.415242 0.589618 0.202642 0.190363 0.871821 0.903758 0.693892 0.680090 0.389638 0.285445 0.392312 0.451858 0.527879 0.548276 0.690947 0.776058 0.469521 0.417810 0.420920 0.369821 0.197131 0.358746 0.549520 0.569938 0.842416 0.886014 0.747963 0.687661 0.916199 0.843067 0.788229 0.779638 0.796608 0.975847 0.595958 0.722302 0.600468 0.684813 0.423071 0.393396 0.685528 0.571272 0.384226 0.443931 0.486999 0.484289 0.784985 0.880884 0.913563 0.868302 0.700140 0.549260 0.504474 0.689907 0.756915 0.919299
0.677122 0.754638 0.000000 0.230570 0.995824 0.633582 0.288773 0.449573 0.719405 0.819760 0.717161 0.806161 0.656646 0.623275 0.706754 0.613122 0.798796 0.723470 0.624951 0.659364 0.642091 0.805887 0.429068 0.435078 0.558253 0.395474 0.884204 0.992072 0.887201 0.761819 0.404103 0.499042 0.423360 0.463876 0.523960 0.593769 0.605913 0.670786 0.453852 0.706589 0.902808 0.875351 0.413066 0.450042 0.515643 0.516267 0.405388 0.402972 0.830904 0.718916 0.654671 0.667652 0.665324 0.869834 0.626689 0.583452 0.843724 0.840109 0.700229 0.687951 0.536126 0.577890 0.793558 0.873956 0.427794 0.432801 0.272912 0.347600 0.792094 0.741491 0.545066 0.514275 0.672487 0.582607 0.755394 0.897051 0.544930 0.847559 0.653242 0.550550 0.722670 0.623157 0.760295 0.801145 0.624446 0.558817 0.858440 0.954281 0.850758 0.645123 0.648696 0.724244 0.579606 0.558393 0.655326 0.710530 0.426925 0.790052 0.613005 0.596044 0.662875 0.688196 0.734710 0.740232 0.491187 0.624943 0.775614 0.662379 0.875932 0.831348 0.831330 0.739769 0.642080 0.728813 0.712559 0.936056
0.788992 0.832451 0.230570 0.000000 0.846680 0.655920 0.365891 0.469836 0.778579 0.855586 0.773853 0.909675 0.768026 0.726033 0.803917 0.679968 0.859279 0.804728 0.681448 0.715338 0.656917 0.809049 0.506629 0.462929 0.573608 0.396178 0.799645 0.903627 0.940141 0.848802 0.524240 0.551042 0.527740 0.562427 0.506813 0.532281 0.596577 0.702606 0.505769 0.823097 0.973316 0.856155 0.502054 0.540834 0.598850 0.615655 0.463387 0.513622 0.856011 0.743026 0.726360 0.736729 0.741691 0.916186 0.685057 0.635201 0.881682 0.893167 0.714256 0.741164 0.709235 0.644380 0.895552 0.976493 0.465854 0.422110 0.294849 0.377209 0.816785 0.818187 0.551306 0.552034 0.757926 0.642298 0.905559 0.973530 0.577764 0.839283 0.706676 0.653862 0.795143 0.649411 0.838074 0.864955 0.676597 0.565211 0.866250 0.931931 0.870018 0.613215 0.609063 0.676153 0.537522 0.490550 0.794807 0.652528 0.496585 0.748837 0.677670 0.605961 0.644197 0.760724 0.782643 0.726207 0.534835 0.674975 0.813188 0.712329 0.828335 0.865840 0.824484 0.750947 0.644639 0.738992 0.811538 0.842213
0.941811 0.932539 0.995824 0.846680 0.000000 0.949247 0.931630 0.871841 0.994371 0.970849 0.994650 0.933823 0.975933 0.915719 0.938926 0.927788 0.919815 0.944980 0.999900 0.932811 0.895886 0.985445 0.915512 0.917294 0.952385 0.956371 0.874294 0.822915 0.972369 0.982617 0.935301 0.950911 0.979187 0.947439 0.974874 0.943782 0.802527 0.997393 0.942163 0.936104 0.828851 0.976839 0.907318 0.954184 0.918902 0.902047 0.975012 0.895794 0.875142 0.809734 0.849696 0.816905 0.842421 0.790203 0.959701 0.928773 0.920478 0.911850 0.875948 0.879433 0.897205 0.785870 0.893448 0.887043 0.907318 0.815852 0.892578 0.884223 0.942838 0.991066 0.870291 0.795981 0.938686 0.947299 0.938163 0.982584 0.965827 0.958439 0.928065 0.984619 0.892125 0.883586 0.862534 0.995507 0.904148 0.903011 0.810155 0.887032 0.852958 0.896742 0.784846 0.904051 0.818833 0.902291 0.978114 0.962058 0.961884 0.794584 0.922014 0.800358 0.786359 0.982652 0.998535 0.921988 0.854569 0.950980 0.810677 0.982460 0.689529 0.886440 0.922242 0.810406 0.798374 0.951265 0.911647 0.957204
0.786057 0.852067 0.633582 0.655920 0.949247 0.000000 0.588927 0.769483 0.748912 0.744906 0.797189 0.714010 0.562694 0.680344 0.658082 0.493733 0.913683 0.860448 0.684606 0.777161 0.799697 0.767791 0.600996 0.635086 0.916626 0.713511 0.863227 0.692973 0.896351 0.820256 0.730729 0.724289 0.664504 0.630559 0.858052 0.899462 0.927194 0.975239 0.734223 0.909518 0.861442 0.997308 0.741037 0.707344 0.919091 0.920004 0.856106 0.767417 0.972764 0.854837 0.914523 0.817412 0.857629 0.930661 0.930152 0.890122 0.979387 0.916037 0.845923 0.819280 0.790399 0.943269 0.868894 0.904433 0.874349 0.876090 0.753932 0.858638 0.901026 0.715866 0.756649 0.724457 0.847553 0.688342 0.769743 0.894405 0.762645 0.767668 0.786552 0.635980 0.817225 0.718457 0.959917 0.976891 0.824717 0.859482 0.872557 0.786408 0.976261 0.955952 0.699483 0.715492 0.760278 0.697130 0.779652 0.736253 0.728321 0.904679 0.790493 0.762718 0.945264 0.856477 0.847673 0.787651 0.684046 0.783818 0.970641 0.886807 0.973471 0.858144 0.957299 0.882815 0.735370 0.992812 0.918093 0.965787
0.476270 0.489519 0.288773 0.365891 0.931630 0.588927 0.000000 0.222004 0.535058 0.418117 0.537653 0.611607 0.510311 0.648835 0.637290 0.593351 0.555546 0.516598 0.386372 0.428245 0.757748 0.796599 0.283955 0.664228 0.929091 0.716447 0.892974 0.922981 0.630296 0.519707 0.291416 0.431300 0.265660 0.246018 0.657925 0.560777 0.631022 0.732797 0.692139 0.857792 0.897406 0.735947 0.264554 0.271833 0.330939 0.332338 0.359769 0.318444 0.519573 0.434025 0.449176 0.428513 0.459106 0.694420 0.739225 0.619898 0.547309 0.532475 0.379503 0.427642 0.406978 0.554520 0.490580 0.538449 0.781926 0.761909 0.302425 0.411701 0.708035 0.511958 0.313431 0.296841 0.663353 0.496613 0.787308 0.801005 0.378947 0.623948 0.445967 0.411933 0.516850 0.575639 0.800928 0.808262 0.869584 0.942847 0.982623 0.800732 0.846490 0.825811 0.397762 0.453440 0.452644 0.492108 0.603477 0.626616 0.339936 0.650645 0.277594 0.287226 0.468310 0.447684 0.429204 0.423933 0.369175 0.402785 0.580196 0.569289 0.739035 0.839845 0.648342 0.527181 0.370414 0.598560 0.620982 0.928326
0.401243 0.380208 0.449573 0.469836 0.871841 0.769483 0.222004 0.000000 0.570551 0.348674 0.414607 0.528595 0.540420 0.661729 0.696339 0.707790 0.423865 0.434004 0.374394 0.357687 0.904733 0.856705 0.374962 0.858495 0.885165 0.907908 0.846193 0.872708 0.476051 0.451946 0.392997 0.445132 0.316376 0.291579 0.780012 0.610643 0.632295 0.809631 0.863630 0.964018 0.829477 0.625470 0.392782 0.406206 0.375946 0.381433 0.439206 0.414800 0.436861 0.457925 0.526327 0.522505 0.583919 0.814321 0.801922 0.624203 0.415659 0.389609 0.324674 0.391065 0.441966 0.488620 0.390951 0.409326 0.948930 0.890035 0.424761 0.508809 0.587680 0.438022 0.317506 0.360975 0.687899 0.616829 0.796418 0.905011 0.383147 0.634912 0.456407 0.457817 0.419063 0.515198 0.764030 0.780684 0.950585 0.914601 0.941808 0.740689 0.756485 0.778505 0.450319 0.500493 0.508355 0.596650 0.609227 0.659598 0.406285 0.589740 0.272904 0.268376 0.428477 0.484906 0.365373 0.362040 0.385681 0.425208 0.614001 0.636642 0.708729 0.835094 0.577821 0.475350 0.308057 0.536894 0.633964 0.986399
0.874215 0.871779 0.719405 0.778579 0.994371 0.748912 0.535058 0.570551 0.000000 0.465756 0.806506 0.880611 0.708320 0.978490 0.974338 0.945759 0.927675 0.998281 0.823171 0.881662 0.981656 0.866462 0.795702 0.900132 0.765329 0.916158 0.788681 0.917005 0.977161 0.971132 0.758413 0.939460 0.819667 0.696026 0.983665 0.794278 0.875695 0.961078 0.941243 0.868379 0.882496 0.980833 0.672236 0.686635 0.672174 0.634406 0.794954 0.771899 0.625544 0.538895 0.555122 0.541610 0.530588 0.617327 0.948230 0.919494 0.977335 0.880423 0.510938 0.626158 0.709074 0.787276 0.804552 0.816904 0.883037 0.919010 0.779214 0.888145 0.981111 0.822422 0.713251 0.728519 0.869788 0.987476 0.956613 0.933555 0.726911 0.847990 0.749778 0.841899 0.966305 0.874506 0.797161 0.801342 0.711452 0.700867 0.920912 0.726527 0.875139 0.939061 0.574259 0.628367 0.728302 0.616501 0.833898 0.917301 0.785457 0.950155 0.583286 0.570419 0.748944 0.660178 0.620618 0.639253 0.736054 0.729470 0.715683 0.620487 0.767148 0.923663 0.793325 0.799615 0.630347 0.817810 0.667889 0.903639
0.481427 0.419951 0.819760 0.855586 0.970849 0.744906 0.418117 0.348674 0.465756 0.000000 0.481346 0.498411 0.472974 0.706462 0.631366 0.727682 0.497946 0.550499 0.395724 0.419686 0.988163 0.825321 0.490984 0.907034 0.541392 0.693748 0.694162 0.879391 0.468639 0.455420 0.572376 0.609868 0.474343 0.407468 0.855584 0.793069 0.853321 0.998165 0.902726 0.855436 0.958447 0.693486 0.553149 0.524013 0.533813 0.510347 0.632461 0.582924 0.349175 0.424514 0.552032 0.528669 0.597014 0.766863 0.996878 0.865640 0.499475 0.429095 0.317422 0.447611 0.594986 0.809960 0.389817 0.388366 0.598942 0.632000 0.847949 0.966815 0.620325 0.430423 0.475231 0.521236 0.821730 0.736684 0.797450 0.768760 0.483139 0.596810 0.429407 0.535707 0.483189 0.720466 0.982023 0.901249 0.745906 0.515439 0.785734 0.610494 0.861541 0.888811 0.555283 0.494535 0.723733 0.805953 0.733332 0.826523 0.608892 0.691489 0.322229 0.337111 0.611045 0.501581 0.354374 0.391705 0.674114 0.554988 0.693090 0.686603 0.717701 0.864724 0.716580 0.637414 0.397391 0.703387 0.775146 0.920293
0.246280 0.333589 0.717161 0.773853 0.994650 0.797189 0.537653 0.414607 0.806506 0.481346 0.000000 0.316156 0.361991 0.443237 0.526909 0.555696 0.379943 0.374950 0.372395 0.310219 0.965414 0.872300 0.459317 0.930260 0.892333 0.922324 0.881634 0.899042 0.380971 0.360299 0.552658 0.515681 0.456669 0.472498 0.991886 0.887965 0.695814 0.899527 0.905643 0.995340 0.717499 0.742169 0.798700 0.716349 0.752511 0.680276 0.709046 0.677381 0.654741 0.700455 0.832849 0.797672 0.815140 0.941042 0.832828 0.766106 0.418424 0.365345 0.452761 0.451967 0.414389 0.594512 0.335426 0.356332 0.905057 0.955365 0.788229 0.805351 0.354982 0.404014 0.483385 0.485083 0.614245 0.728863 0.665785 0.991413 0.497149 0.563975 0.556844 0.363802 0.319557 0.389965 0.716386 0.675759 0.893534 0.837170 0.928033 0.715255 0.887147 0.816521 0.857165 0.870773 0.864158 0.952806 0.719000 0.771919 0.644575 0.867005 0.542988 0.553315 0.761170 0.683125 0.499307 0.546204 0.560853 0.562459 0.879906 0.956188 0.902183 0.821459 0.826919 0.720442 0.549631 0.780828 0.855006 0.944109
0.221996 0.280755 0.806161 0.909675 0.933823 0.714010 0.611607 0.528595 0.880611 0.498411 0.316156 0.000000 0.284525 0.389659 0.382994 0.355392 0.287502 0.303002 0.376749 0.374789 0.870973 0.861036 0.367663 0.857773 0.912542 0.903118 0.915731 0.979626 0.291292 0.292640 0.588364 0.489549 0.442261 0.423472 0.932226 0.945425 0.749818 0.981680 0.913642 0.970996 0.830136 0.836157 0.787628 0.685993 0.818636 0.682905 0.681259 0.564919 0.672399 0.649193 0.789393 0.736878 0.817249 0.982327 0.848218 0.847390 0.375166 0.295979 0.451684 0.411827 0.339262 0.533992 0.232279 0.256145 0.918612 0.952537 0.870819 0.843547 0.402494 0.346943 0.556896 0.592077 0.527374 0.570573 0.619969 0.812847 0.600657 0.551262 0.485668 0.354275 0.244714 0.337348 0.576924 0.571473 0.731174 0.955411 0.837706 0.888987 0.913907 0.785349 0.982235 0.994855 0.964972 0.741054 0.643826 0.810191 0.736131 0.895835 0.639237 0.590841 0.844339 0.771960 0.599423 0.668377 0.545389 0.556728 0.939485 0.932545 0.978113 0.802898 0.896538 0.724058 0.560586 0.876997 0.824221 0.926909
0.328942 0.499954 0.656646 0.768026 0.975933 0.562694 0.510311 0.540420 0.708320 0.472974 0.361991 0.284525 0.000000 0.345927 0.389251 0.330037 0.543635 0.537445 0.406430 0.495404 0.794241 0.906588 0.366993 0.710380 0.954452 0.996715 0.989616 0.973298 0.470757 0.417060 0.591899 0.531030 0.486794 0.464882 0.924437 0.980661 0.754319 0.970343 0.767983 0.908863 0.838016 0.961218 0.770682 0.690609 0.863864 0.708957 0.661071 0.622590 0.718445 0.625444 0.771458 0.698504 0.756205 0.928155 0.801531 0.740135 0.649127 0.521693 0.482069 0.468810 0.337362 0.605525 0.396849 0.455874 0.995220 0.996846 0.873681 0.894669 0.474511 0.454955 0.606646 0.639115 0.618729 0.672855 0.753336 0.843163 0.628442 0.666124 0.531702 0.370660 0.451952 0.445736 0.747089 0.699890 0.776918 0.980053 0.912792 0.995213 0.788785 0.849246 0.938528 0.907607 0.952805 0.928621 0.703644 0.830077 0.694598 0.936312 0.648935 0.641538 0.834706 0.761389 0.659505 0.693078 0.657916 0.637681 0.981362 0.963757 0.857852 0.752430 0.983425 0.838543 0.590413 0.900784 0.857664 0.975023
0.380436 0.529173 0.623275 0.726033 0.915719 0.680344 0.648835 0.661729 0.978490 0.706462 0.443237 0.389659 0.345927 0.000000 0.325276 0.351482 0.562578 0.516817 0.411106 0.413455 0.722784 0.788053 0.409644 0.597045 0.875715 0.882294 0.981907 0.936186 0.468544 0.431894 0.601254 0.447277 0.535931 0.532052 0.935233 0.978953 0.761080 0.974776 0.626418 0.897017 0.806017 0.855029 0.867890 0.830612 0.984404 0.902592 0.636032 0.682263 0.956769 0.987301 0.912441 0.959453 0.946807 0.719862 0.724460 0.807136 0.653535 0.625817 0.713413 0.739502 0.542370 0.736004 0.578767 0.598732 0.866889 0.885738 0.886992 0.896582 0.404371 0.501682 0.750481 0.798004 0.533780 0.715836 0.687585 0.881407 0.641931 0.706362 0.644845 0.462259 0.438940 0.329003 0.567717 0.546862 0.607857 0.811824 0.945487 0.977007 0.910778 0.735740 0.867595 0.936327 0.857611 0.803303 0.736021 0.802263 0.766874 0.868420 0.852032 0.804215 0.916136 0.882949 0.767894 0.794151 0.745702 0.772985 0.870785 0.836778 0.977845 0.750617 0.948377 0.926913 0.797247 0.948187 0.975751 0.896697
0.410454 0.518824 0.706754 0.803917 0.938926 0.658082 0.637290 0.696339 0.974338 0.631366 0.526909 0.382994 0.389251 0.325276 0.000000 0.374762 0.507951 0.467174 0.404748 0.400580 0.796824 0.777829 0.409942 0.659466 0.951116 0.923339 0.944284 0.900957 0.489309 0.383279 0.511531 0.431637 0.517715 0.495750 0.957267 0.984318 0.833887 0.971655 0.721529 0.959920 0.832773 0.966024 0.779281 0.713702 0.924516 0.831582 0.676665 0.600847 0.869386 0.817906 0.960950 0.898500 0.960651 0.875949 0.905302 0.955217 0.632756 0.579377 0.613758 0.657347 0.566809 0.843675 0.538272 0.551773 0.975854 0.960420 0.890004 0.919707 0.421696 0.523517 0.700725 0.704537 0.523352 0.633845 0.698932 0.808169 0.657645 0.622072 0.467547 0.467560 0.457205 0.443589 0.632248 0.576628 0.789284 0.932398 0.963683 0.983299 0.933366 0.897935 0.933708 0.950838 0.837428 0.803283 0.727799 0.893201 0.735225 0.836039 0.757018 0.716458 0.908062 0.878384 0.723565 0.763314 0.766073 0.776371 0.968085 0.844731 0.973496 0.743245 0.944533 0.910568 0.767367 0.936883 0.986577 0.983004
0.473074 0.548173 0.613122 0.679968 0.927788 0.493733 0.593351 0.707790 0.945759 0.727682 0.555696 0.355392 0.330037 0.351482 0.374762 0.000000 0.540428 0.536243 0.439695 0.516071 0.713380 0.756387 0.349901 0.479096 0.771148 0.779606 0.935331 0.814991 0.560497 0.455838 0.575299 0.458965 0.489861 0.460890 0.979992 0.965345 0.754143 0.965067 0.692266 0.880074 0.930295 0.971520 0.690820 0.617565 0.903885 0.766331 0.635853 0.548800 0.903494 0.739607 0.843582 0.765650 0.848484 0.940159 0.735947 0.895001 0.691960 0.619548 0.653505 0.685652 0.497932 0.699543 0.531069 0.591254 0.795445 0.799557 0.797608 0.799810 0.573251 0.514417 0.673207 0.646349 0.524156 0.528612 0.680115 0.775889 0.681855 0.649067 0.555391 0.429844 0.506480 0.438475 0.686717 0.641803 0.611196 0.726082 0.818293 0.919822 0.947655 0.782882 0.981095 0.970111 0.923236 0.868515 0.757055 0.738677 0.710118 0.847395 0.775306 0.700181 0.965812 0.821694 0.755955 0.815478 0.612482 0.643245 0.997094 0.934401 0.940975 0.677157 0.979712 0.847349 0.704810 0.929854 0.911245 0.964808
0.267588 0.181509 0.798796 0.859279 0.919815 0.913683 0.555546 0.423865 0.927675 0.497946 0.379943 0.287502 0.543635 0.562578 0.507951 0.540428 0.000000 0.176699 0.342709 0.285996 0.931224 0.778927 0.422191 0.947605 0.907996 0.890521 0.881915 0.993598 0.273434 0.246387 0.485516 0.441913 0.373278 0.356909 0.992208 0.865700 0.713267 0.791821 0.974974 0.966429 0.817875 0.632124 0.595385 0.542283 0.581423 0.527175 0.550601 0.457941 0.510797 0.580229 0.684989 0.685495 0.763766 0.946844 0.871782 0.907744 0.204596 0.206733 0.412360 0.458313 0.462798 0.618447 0.224604 0.228859 0.891504 0.930309 0.730178 0.734436 0.408041 0.307095 0.451109 0.477774 0.524822 0.550843 0.642674 0.830227 0.523700 0.487903 0.427781 0.412816 0.213742 0.381953 0.522676 0.582724 0.820664 0.912952 0.791104 0.725314 0.898889 0.845064 0.850248 0.851320 0.876892 0.903280 0.660188 0.764913 0.644715 0.711346 0.500248 0.447798 0.693016 0.660422 0.449547 0.505470 0.506252 0.475466 0.811728 0.947208 0.935177 0.866090 0.756021 0.578383 0.533995 0.671260 0.733718 0.939267
0.246874 0.177342 0.723470 0.804728 0.944980 0.860448 0.516598 0.434004 0.998281 0.550499 0.374950 0.303002 0.537445 0.516817 0.467174 0.536243 0.176699 0.000000 0.319905 0.243938 0.879877 0.768165 0.371136 0.861228 0.991645 0.997590 0.897101 0.991143 0.250941 0.223989 0.444019 0.403302 0.350219 0.309812 0.886421 0.866129 0.639234 0.772569 0.858935 0.981379 0.710645 0.663940 0.572187 0.495811 0.568880 0.526619 0.550184 0.411978 0.559668 0.616077 0.725972 0.730053 0.782399 0.980288 0.799847 0.826323 0.189220 0.202517 0.456822 0.466695 0.458961 0.631122 0.241364 0.235823 0.958291 0.974774 0.672450 0.642403 0.392704 0.339895 0.430211 0.465679 0.487805 0.490918 0.718814 0.777107 0.495780 0.467721 0.436542 0.355333 0.191547 0.304909 0.488203 0.518115 0.745527 0.988971 0.841313 0.794313 0.905917 0.780478 0.830756 0.840329 0.823339 0.942963 0.590037 0.784491 0.633342 0.688496 0.501730 0.463545 0.760366 0.645443 0.460436 0.514641 0.483140 0.505203 0.823582 0.975621 0.949044 0.843225 0.744179 0.562757 0.546716 0.639955 0.791753 0.873973
0.290194 0.310762 0.624951 0.681448 0.999900 0.684606 0.386372 0.374394 0.823171 0.395724 0.372395 0.376749 0.406430 0.411106 0.404748 0.439695 0.342709 0.319905 0.000000 0.232242 0.794270 0.703059 0.321759 0.809246 0.965355 0.971821 0.894066 0.994070 0.293628 0.268620 0.379943 0.346954 0.293368 0.258106 0.991122 0.777048 0.671703 0.831892 0.792133 0.958259 0.879113 0.655922 0.540013 0.500477 0.610128 0.561617 0.497342 0.432967 0.550425 0.582202 0.737984 0.706368 0.808112 0.983771 0.891047 0.823455 0.366370 0.359631 0.386979 0.471998 0.515593 0.785960 0.343975 0.386874 0.892685 0.887328 0.691314 0.808157 0.418422 0.322115 0.447886 0.473953 0.563494 0.557404 0.681330 0.791211 0.485395 0.488410 0.453403 0.372081 0.353721 0.415806 0.709769 0.718554 0.918774 0.887333 0.804709 0.802239 0.917174 0.920083 0.771004 0.699619 0.850949 0.939977 0.772016 0.638942 0.609426 0.683496 0.428358 0.402408 0.640723 0.584264 0.426393 0.432085 0.563476 0.566754 0.831335 0.882764 0.921205 0.838493 0.785974 0.647042 0.463868 0.648284 0.849293 0.958727
0.260428 0.259165 0.659364 0.715338 0.932811 0.777161 0.428245 0.357687 0.881662 0.419686 0.310219 0.374789 0.495404 0.413455 0.400580 0.516071 0.285996 0.243938 0.232242 0.000000 0.892438 0.710268 0.343545 0.844933 0.899321 0.953445 0.763937 0.981187 0.294449 0.223215 0.396910 0.331924 0.319735 0.276028 0.947317 0.799949 0.636596 0.780490 0.808231 0.935338 0.739683 0.635211 0.565638 0.515219 0.615991 0.611244 0.562764 0.469947 0.610003 0.678230 0.814337 0.793912 0.844465 0.917885 0.882260 0.881073 0.287335 0.297887 0.428189 0.517245 0.532828 0.745696 0.339847 0.326990 0.865370 0.882621 0.701892 0.752600 0.390379 0.337375 0.440638 0.470058 0.565231 0.595283 0.686693 0.801274 0.413350 0.489874 0.414765 0.390588 0.280577 0.356298 0.675602 0.672389 0.927493 0.862568 0.784905 0.697812 0.986538 0.869639 0.784412 0.702285 0.816606 0.965129 0.649465 0.735356 0.570156 0.621531 0.431848 0.418594 0.666639 0.600550 0.370367 0.416192 0.520548 0.507383 0.805363 0.879350 0.923632 0.775446 0.728299 0.608088 0.516886 0.625432 0.825028 0.990352
0.867398 0.928262 0.642091 0.656917 0.895886 0.799697 0.757748 0.904733 0.981656 0.988163 0.965414 0.870973 0.794241 0.722784 0.796824 0.713380 0.931224 0.879877 0.794270 0.892438 0.000000 0.884452 0.688159 0.623524 0.614480 0.676911 0.812326 0.886291 0.995782 0.900155 0.756286 0.715756 0.800245 0.758091 0.792846 0.919741 0.776869 0.883669 0.530800 0.830257 0.897051 0.947581 0.843371 0.845046 0.927466 0.882357 0.654824 0.728213 0.935740 0.977749 0.992770 0.969882 0.981445 0.839363 0.858024 0.852758 0.878410 0.973261 0.919212 0.919747 0.812160 0.891351 0.907866 0.999663 0.656373 0.728328 0.728865 0.767152 0.914619 0.890752 0.931707 0.907768 0.776807 0.816535 0.818396 0.794859 0.982874 0.968570 0.933863 0.835371 0.919432 0.774654 0.808114 0.706850 0.699253 0.680629 0.968603 0.892465 0.959010 0.826574 0.911164 0.914473 0.984135 0.996015 0.944299 0.678651 0.870189 0.837585 0.937005 0.928573 0.964860 0.899085 0.923442 0.987652 0.998548 0.979633 0.899124 0.912429 0.960325 0.950434 0.929925 0.897859 0.957473 0.987473 0.880765 0.880696
0.870330 0.787671 0.805887 0.809049 0.985445 0.767791 0.796599 0.856705 0.866462 0.825321 0.872300 0.861036 0.906588 0.788053 0.777829 0.756387 0.778927 0.768165 0.703059 0.710268 0.884452 0.000000 0.800699 0.910438 0.911210 0.899063 0.835836 0.775692 0.823634 0.767650 0.693731 0.712082 0.751771 0.742428 0.850775 0.784306 0.812480 0.668436 0.860868 0.966751 0.890046 0.791068 0.736328 0.749060 0.808683 0.853879 0.896167 0.748779 0.917090 0.875462 0.925657 0.892189 0.899509 0.938918 0.962191 0.939866 0.854835 0.885978 0.851987 0.995518 0.996728 0.882592 0.863507 0.896797 0.960787 0.956917 0.881686 0.925108 0.872880 0.806631 0.796810 0.770759 0.756373 0.751980 0.875437 0.809545 0.862308 0.761156 0.856819 0.773965 0.821507 0.877236 0.949438 0.934574 0.918182 0.970303 0.887498 0.797989 0.903322 0.912729 0.829754 0.864282 0.894220 0.875346 0.928036 0.843625 0.917188 0.748349 0.793917 0.771441 0.926459 0.781695 0.674134 0.607610 0.815760 0.899875 0.996395 0.868442 0.997181 0.808106 0.922364 0.907996 0.874416 0.782883 0.948116 0.896489
0.343314 0.388452 0.429068 0.506629 0.915512 0.600996 0.283955 0.374962 0.795702 0.490984 0.459317 0.367663 0.366993 0.409644 0.409942 0.349901 0.422191 0.371136 0.321759 0.343545 0.688159 0.800699 0.000000 0.537021 0.882181 0.747402 0.932901 0.982320 0.472434 0.337696 0.295808 0.287114 0.246361 0.243686 0.796021 0.782292 0.627438 0.830090 0.662226 0.952006 0.858622 0.744143 0.429687 0.391297 0.542265 0.483030 0.420130 0.367344 0.631515 0.567919 0.623422 0.578371 0.642327 0.850154 0.739461 0.746541 0.448812 0.432226 0.452972 0.473475 0.357968 0.616251 0.361197 0.408296 0.850540 0.862102 0.512393 0.559788 0.567908 0.425228 0.388355 0.375774 0.500670 0.388569 0.706118 0.753523 0.421034 0.551113 0.393395 0.352488 0.358095 0.398932 0.606523 0.634083 0.715008 0.890888 0.936552 0.897860 0.957440 0.834315 0.689114 0.707170 0.738719 0.900392 0.627971 0.672879 0.468123 0.709960 0.457406 0.435771 0.708180 0.635238 0.485031 0.528076 0.427557 0.433973 0.690756 0.856374 0.839303 0.714597 0.744515 0.613527 0.447146 0.752427 0.741803 0.998254
0.891089 0.950444 0.435078 0.462929 0.917294 0.635086 0.664228 0.858495 0.900132 0.907034 0.930260 0.857773 0.710380 0.597045 0.659466 0.479096 0.947605 0.861228 0.809246 0.844933 0.623524 0.910438 0.537021 0.000000 0.482397 0.431441 0.805285 0.889238 0.957168 0.828146 0.672827 0.581004 0.676104 0.733628 0.719774 0.838034 0.790592 0.938437 0.435097 0.813989 0.916042 0.935792 0.752732 0.757045 0.946574 0.926871 0.698190 0.687346 0.831248 0.941715 0.956022 0.974835 0.954503 0.900299 0.803196 0.794390 0.961149 0.945397 0.922589 0.946720 0.797472 0.861048 0.985881 0.930008 0.475459 0.483061 0.631936 0.632944 0.928802 0.944854 0.832947 0.777333 0.678762 0.636535 0.896369 0.917201 0.784518 0.929653 0.819313 0.745824 0.876483 0.654158 0.729313 0.667950 0.536264 0.456699 0.868454 0.711292 0.933241 0.782718 0.935021 0.962479 0.906444 0.901976 0.807540 0.856294 0.696608 0.823116 0.996877 0.924430 0.966151 0.992109 0.963086 0.896674 0.805514 0.836794 0.971681 0.979768 0.920830 0.810153 0.949348 0.991341 0.956172 0.968427 0.980060 0.954534
0.932097 0.842008 0.558253 0.573608 0.952385 0.916626 0.929091 0.885165 0.765329 0.541392 0.892333 0.912542 0.954452 0.875715 0.951116 0.771148 0.907996 0.991645 0.965355 0.899321 0.614480 0.911210 0.882181 0.482397 0.000000 0.301779 0.601064 0.796481 0.817742 0.893838 0.776024 0.795855 0.864801 0.967689 0.517370 0.843042 0.833929 0.730360 0.483047 0.669482 0.974730 0.890210 0.893136 0.881142 0.941809 0.926761 0.768583 0.773830 0.735338 0.866692 0.977954 0.929806 0.941789 0.894576 0.741969 0.893971 0.843899 0.787199 0.812552 0.883045 0.931301 0.860838 0.851779 0.738912 0.310981 0.367212 0.616326 0.588147 0.993787 0.868512 0.921420 0.992201 0.717997 0.757334 0.880839 0.879858 0.976370 0.889536 0.911452 0.913430 0.922095 0.844880 0.721019 0.822865 0.451501 0.295218 0.799285 0.701778 0.981757 0.641659 0.778482 0.662507 0.921172 0.976465 0.898098 0.933746 0.894407 0.860395 0.728280 0.799932 0.882179 0.883671 0.715659 0.701905 0.919982 0.934238 0.880883 0.880833 0.835884 0.967006 0.967503 0.815083 0.779736 0.940464 0.949561 0.912087
0.936985 0.877448 0.395474 0.396178 0.956371 0.713511 0.716447 0.907908 0.916158 0.693748 0.922324 0.903118 0.996715 0.882294 0.923339 0.779606 0.890521 0.997590 0.971821 0.953445 0.676911 0.899063 0.747402 0.431441 0.301779 0.000000 0.645405 0.770854 0.807100 0.912563 0.675305 0.717984 0.760425 0.820051 0.432743 0.776942 0.819873 0.761636 0.467824 0.621829 0.950106 0.956467 0.689205 0.697250 0.795626 0.819023 0.687784 0.721427 0.860494 0.997292 0.874978 0.902681 0.878490 0.936605 0.669676 0.704197 0.852850 0.791889 0.900531 0.927180 0.886524 0.836108 0.872950 0.752784 0.286333 0.309693 0.442588 0.445272 0.959021 0.924907 0.889185 0.791892 0.728215 0.667874 0.971059 0.890607 0.910179 0.939335 0.968957 0.854528 0.987583 0.789181 0.771671 0.877716 0.491841 0.289800 0.833429 0.702394 0.959082 0.660722 0.909701 0.988636 0.785939 0.690937 0.866087 0.868458 0.732617 0.967801 0.925335 0.993730 0.992079 0.929871 0.854850 0.887080 0.723820 0.925126 0.950828 0.948548 0.899756 0.890458 0.967675 0.999359 0.973422 0.930509 0.916174 0.932532
0.909181 0.848623 0.884204 0.799645 0.874294 0.863227 0.892974 0.846193 0.788681 0.694162 0.881634 0.915731 0.989616 0.981907 0.944284 0.935331 0.881915 0.897101 0.894066 0.763937 0.812326 0.835836 0.932901 0.805285 0.601064 0.645405 0.000000 0.729540 0.891785 0.788533 0.871515 0.921470 0.958182 0.864228 0.880662 0.943939 0.880445 0.953760 0.785443 0.793483 0.996939 0.860298 0.924261 0.896279 0.895880 0.965245 0.907082 0.999606 0.965934 0.927659 0.951807 0.903307 0.901845 0.859493 0.777136 0.764235 0.829927 0.821098 0.883654 0.942892 0.942551 0.971268 0.864873 0.789801 0.589394 0.657131 0.910532 0.926063 0.926650 0.951585 0.813480 0.776139 0.903195 0.951224 0.922834 0.874690 0.909826 0.798260 0.901727 0.997475 0.925261 0.863344 0.835845 0.913958 0.516039 0.532077 0.796821 0.577229 0.847850 0.611012 0.797132 0.819974 0.927454 0.966158 0.799050 0.952632 0.830556 0.781743 0.706502 0.810494 0.805377 0.795515 0.634472 0.723145 0.916155 0.767401 0.779198 0.727567 0.797390 0.867864 0.759929 0.833413 0.837622 0.888677 0.941261 0.894050
0.885341 0.980668 0.992072 0.903627 0.822915 0.692973 0.922981 0.872708 0.917005 0.879391 0.899042 0.979626 0.973298 0.936186 0.900957 0.814991 0.993598 0.991143 0.994070 0.981187 0.886291 0.775692 0.982320 0.889238 0.796481 0.770854 0.729540 0.000000 0.963479 0.983501 0.964817 0.896208 0.985147 0.976354 0.827515 0.975079 0.972201 0.998917 0.849014 0.990123 0.945905 0.927396 0.955546 0.931745 0.948227 0.984321 0.950727 0.987139 0.961836 0.983909 0.982109 0.996829 0.976948 0.984762 0.974848 0.894936 0.936270 0.953347 0.918809 0.857587 0.828867 0.801006 0.955473 0.893640 0.943666 0.998810 0.997385 0.977771 0.984668 0.960767 0.954204 0.839383 0.989395 0.890838 0.895424 0.943431 0.958017 0.947659 0.978207 0.961918 0.955223 0.963600 0.945432 0.926270 0.898935 0.818077 0.753776 0.836707 0.798393 0.895824 0.906790 0.948016 0.884821 0.998023 0.781939 0.906336 0.934993 0.998924 0.889645 0.939966 0.773561 0.882327 0.901075 0.963087 0.968322 0.934845 0.814449 0.839795 0.776825 0.850305 0.948958 0.932458 0.906693 0.940456 0.950046 0.960552
0.256236 0.239821 0.887201 0.940141 0.972369 0.896351 0.630296 0.476051 0.977161 0.468639 0.380971 0.291292 0.470757 0.468544 0.489309 0.560497 0.273434 0.250941 0.293628 0.294449 0.995782 0.823634 0.472434 0.957168 0.817742 0.807100 0.891785 0.963479 0.000000 0.219326 0.543738 0.470630 0.457015 0.384080 0.925991 0.990658 0.657108 0.880494 0.989007 0.917186 0.768398 0.662372 0.709082 0.630341 0.710018 0.628647 0.664939 0.547970 0.546250 0.626747 0.776963 0.760722 0.847768 0.997809 0.826907 0.814476 0.284827 0.270601 0.457129 0.477917 0.516898 0.704753 0.261014 0.250881 0.753741 0.779694 0.891011 0.891531 0.347015 0.295418 0.528410 0.627659 0.521319 0.605407 0.736925 0.813607 0.554277 0.495055 0.536483 0.431849 0.250146 0.378263 0.598443 0.614607 0.896564 0.844716 0.750389 0.788767 0.909753 0.857023 0.946407 0.852771 0.992937 0.845350 0.699492 0.770765 0.725742 0.780182 0.548219 0.538761 0.780936 0.617435 0.482966 0.530048 0.646757 0.620563 0.933889 0.994662 0.939865 0.788101 0.756283 0.607381 0.524974 0.661366 0.884548 0.849111
0.270507 0.239423 0.761819 0.848802 0.982617 0.820256 0.519707 0.451946 0.971132 0.455420 0.360299 0.292640 0.417060 0.431894 0.383279 0.455838 0.246387 0.223989 0.268620 0.223215 0.900155 0.767650 0.337696 0.828146 0.893838 0.912563 0.788533 0.983501 0.219326 0.000000 0.397104 0.356019 0.341167 0.299122 0.992143 0.905709 0.633905 0.817998 0.820853 0.964480 0.781916 0.662495 0.573371 0.503693 0.637668 0.582794 0.603262 0.467894 0.592888 0.611018 0.743657 0.704483 0.794299 0.938952 0.865207 0.878775 0.298784 0.276327 0.492277 0.519977 0.471099 0.735817 0.261682 0.257064 0.806712 0.836367 0.801267 0.796881 0.351222 0.313848 0.455737 0.500046 0.423815 0.443942 0.731966 0.738088 0.486965 0.435134 0.404500 0.388828 0.253787 0.361753 0.599854 0.607140 0.924859 0.866782 0.763698 0.721413 0.973044 0.941505 0.865203 0.789651 0.949138 0.877079 0.628714 0.738091 0.593785 0.664721 0.480585 0.451306 0.710359 0.588784 0.415529 0.499824 0.615681 0.501503 0.821412 0.896781 0.856059 0.742510 0.752078 0.567525 0.510963 0.611351 0.846675 0.989643
0.477847 0.492763 0.404103 0.524240 0.935301 0.730729 0.291416 0.392997 0.758413 0.572376 0.552658 0.588364 0.591899 0.601254 0.511531 0.575299 0.485516 0.444019 0.379943 0.396910 0.756286 0.693731 0.295808 0.672827 0.776024 0.675305 0.871515 0.964817 0.543738 0.397104 0.000000 0.297113 0.245187 0.251343 0.662515 0.695104 0.585527 0.683517 0.644322 0.810327 0.881198 0.745608 0.318733 0.286693 0.355646 0.355393 0.387704 0.340907 0.569111 0.546685 0.521259 0.513895 0.566559 0.768681 0.765908 0.774593 0.555145 0.567008 0.498338 0.590038 0.490657 0.728875 0.462844 0.533040 0.861386 0.886398 0.439690 0.511628 0.641913 0.506003 0.416320 0.375196 0.417049 0.365975 0.694916 0.821929 0.427449 0.636165 0.432589 0.431543 0.508880 0.584862 0.620884 0.750157 0.880191 0.924865 0.954699 0.744967 0.954218 0.942101 0.676105 0.723150 0.763659 0.824173 0.680022 0.674014 0.448423 0.724991 0.411386 0.451507 0.684110 0.499478 0.473645 0.498993 0.495123 0.514759 0.627053 0.688993 0.830884 0.814038 0.598385 0.603753 0.465056 0.573746 0.599731 0.938396
0.429177 0.453874 0.499042 0.551042 0.950911 0.724289 0.431300 0.445132 0.939460 0.609868 0.515681 0.489549 0.531030 0.447277 0.431637 0.458965 0.441913 0.403302 0.346954 0.331924 0.715756 0.712082 0.287114 0.581004 0.795855 0.717984 0.921470 0.896208 0.470630 0.356019 0.297113 0.000000 0.309922 0.348524 0.753117 0.761027 0.557007 0.830698 0.666798 0.913844 0.901355 0.692969 0.515796 0.492897 0.596015 0.617267 0.491109 0.490074 0.732827 0.794157 0.823337 0.813433 0.885908 0.932754 0.798939 0.851594 0.510793 0.531080 0.600985 0.691486 0.572092 0.796771 0.478132 0.542114 0.900426 0.913651 0.605243 0.674096 0.552156 0.468227 0.517805 0.495575 0.451138 0.448619 0.687301 0.909404 0.536068 0.633293 0.459975 0.516419 0.442155 0.450097 0.651433 0.688504 0.819089 0.885322 0.885091 0.897754 0.946711 0.898426 0.849267 0.840981 0.881856 0.951184 0.752595 0.692697 0.503339 0.724627 0.569463 0.568977 0.758974 0.637402 0.535247 0.537814 0.556311 0.593422 0.864787 0.874915 0.923224 0.713138 0.735132 0.655534 0.562053 0.683322 0.763660 0.949041
0.360103 0.352280 0.423360 0.527740 0.979187 0.664504 0.265660 0.316376 0.819667 0.474343 0.456669 0.442261 0.486794 0.535931 0.517715 0.489861 0.373278 0.350219 0.293368 0.319735 0.800245 0.751771 0.246361 0.676104 0.864801 0.760425 0.958182 0.985147 0.457015 0.341167 0.245187 0.309922 0.000000 0.211575 0.749542 0.634157 0.607484 0.685007 0.700139 0.904052 0.907742 0.681688 0.326604 0.301864 0.363424 0.348555 0.325395 0.308176 0.495318 0.486333 0.511651 0.497748 0.575941 0.798920 0.701488 0.663279 0.420479 0.409494 0.420138 0.464631 0.397402 0.591644 0.345569 0.414286 0.844223 0.857548 0.424438 0.487926 0.564926 0.395073 0.360578 0.365749 0.452803 0.362090 0.694811 0.778014 0.400107 0.584476 0.398580 0.375821 0.356388 0.434150 0.620032 0.731228 0.754115 0.911907 0.874211 0.761106 0.928463 0.821923 0.623798 0.649106 0.660077 0.811260 0.676851 0.663579 0.433276 0.647397 0.353836 0.362174 0.587018 0.493790 0.449319 0.463944 0.369234 0.434140 0.687936 0.703246 0.877991 0.792771 0.636088 0.589916 0.389387 0.614303 0.615630 0.928723
0.338609 0.317495 0.463876 0.562427 0.947439 0.630559 0.246018 0.291579 0.696026 0.407468 0.472498 0.423472 0.464882 0.532052 0.495750 0.460890 0.356909 0.309812 0.258106 0.276028 0.758091 0.742428 0.243686 0.733628 0.967689 0.820051 0.864228 0.976354 0.384080 0.299122 0.251343 0.348524 0.211575 0.000000 0.778388 0.716258 0.582482 0.736957 0.712034 0.915915 0.838774 0.700967 0.322574 0.270420 0.394295 0.357996 0.375334 0.289961 0.470015 0.429593 0.502536 0.499274 0.574603 0.786738 0.725371 0.710317 0.378796 0.370001 0.358329 0.443015 0.421488 0.640775 0.323654 0.369145 0.937640 0.948347 0.476183 0.527211 0.556160 0.342440 0.367367 0.367249 0.524915 0.417516 0.751451 0.721111 0.403863 0.525549 0.379026 0.332670 0.347041 0.434538 0.627438 0.660714 0.825288 0.968326 0.788551 0.768845 0.891270 0.858991 0.611029 0.585782 0.685924 0.786837 0.565395 0.658852 0.490746 0.634056 0.336799 0.322717 0.632711 0.472139 0.381780 0.425728 0.400879 0.412730 0.688553 0.709207 0.852563 0.794439 0.661944 0.536440 0.381242 0.567328 0.658288 0.985655
0.962510 0.977754 0.523960 0.506813 0.974874 0.858052 0.657925 0.780012 0.983665 0.855584 0.991886 0.932226 0.924437 0.935233 0.957267 0.979992 0.992208 0.886421 0.991122 0.947317 0.792846 0.850775 0.796021 0.719774 0.517370 0.432743 0.880662 0.827515 0.925991 0.992143 0.662515 0.753117 0.749542 0.778388 0.000000 0.665780 0.710570 0.662627 0.601490 0.813357 0.916674 0.999766 0.635412 0.659536 0.618327 0.703059 0.744302 0.662692 0.981910 0.856942 0.778829 0.793716 0.808363 0.845936 0.771487 0.788879 0.928059 0.960311 0.963646 0.882894 0.812669 0.717428 0.960404 0.988500 0.547328 0.519201 0.427417 0.364602 0.956661 0.930411 0.721704 0.670212 0.802087 0.705785 0.953227 0.957375 0.811081 0.901506 0.931094 0.858594 0.927280 0.861477 0.867757 0.905556 0.740994 0.623265 0.841716 0.955112 0.938429 0.715568 0.698311 0.922129 0.646931 0.611811 0.778643 0.852488 0.658423 0.906501 0.804903 0.824281 0.809860 0.847747 0.963906 0.882092 0.613778 0.733365 0.801990 0.776636 0.864288 0.975762 0.750291 0.758906 0.888389 0.830854 0.857465 0.860459
0.935145 0.819903 0.593769 0.532281 0.943782 0.899462 0.560777 0.610643 0.794278 0.793069 0.887965 0.945425 0.980661 0.978953 0.984318 0.965345 0.865700 0.866129 0.777048 0.799949 0.919741 0.784306 0.782292 0.838034 0.843042 0.776942 0.943939 0.975079 0.990658 0.905709 0.695104 0.761027 0.634157 0.716258 0.665780 0.000000 0.734791 0.550590 0.847146 0.949064 0.982477 0.855283 0.556587 0.607551 0.509523 0.634310 0.603624 0.691998 0.763171 0.722373 0.715628 0.734960 0.743768 0.827592 0.840386 0.879861 0.821612 0.839032 0.781599 0.829459 0.885665 0.806939 0.893111 0.909289 0.775698 0.735782 0.430134 0.524281 0.961662 0.844715 0.537280 0.628692 0.923880 0.812706 0.891346 0.810665 0.598895 0.745648 0.804197 0.939133 0.849450 0.912568 0.959302 0.997324 0.978016 0.898393 0.939006 0.850682 0.936303 0.896438 0.536949 0.631833 0.490488 0.545859 0.888703 0.672243 0.629470 0.586916 0.572421 0.514183 0.632384 0.612509 0.766652 0.645566 0.661138 0.692025 0.811907 0.584387 0.863205 0.994238 0.700742 0.669018 0.648530 0.662513 0.672403 0.783085
0.603461 0.663677 0.605913 0.596577 0.802527 0.927194 0.631022 0.632295 0.875695 0.853321 0.695814 0.749818 0.754319 0.761080 0.833887 0.754143 0.713267 0.639234 0.671703 0.636596 0.776869 0.812480 0.627438 0.790592 0.833929 0.819873 0.880445 0.972201 0.657108 0.633905 0.585527 0.557007 0.607484 0.582482 0.710570 0.734791 0.000000 0.680143 0.633017 0.883635 0.796172 0.856884 0.711371 0.639094 0.685257 0.684556 0.590576 0.586491 0.873987 0.790980 0.794957 0.817971 0.855463 0.926886 0.802587 0.824107 0.688386 0.722816 0.719978 0.707301 0.650813 0.702973 0.710526 0.730583 0.826523 0.806733 0.622249 0.628733 0.735328 0.658385 0.607051 0.720957 0.725209 0.631266 0.908952 0.985962 0.628638 0.682900 0.752109 0.714428 0.716461 0.680401 0.850591 0.868914 0.898111 0.856533 0.913484 0.823201 0.939401 0.784086 0.901714 0.858417 0.855681 0.872839 0.788495 0.664315 0.684165 0.845556 0.683419 0.698465 0.907495 0.735240 0.608917 0.719907 0.658502 0.704922 0.963880 0.815159 0.960259 0.805508 0.672466 0.671697 0.720769 0.827055 0.760101 0.814971
0.830749 0.772459 0.670786 0.702606 0.997393 0.975239 0.732797 0.809631 0.961078 0.998165 0.899527 0.981680 0.970343 0.974776 0.971655 0.965067 0.791821 0.772569 0.831892 0.780490 0.883669 0.668436 0.830090 0.938437 0.730360 0.761636 0.953760 0.998917 0.880494 0.817998 0.683517 0.830698 0.685007 0.736957 0.662627 0.550590 0.680143 0.000000 0.695639 0.890402 0.957408 0.873713 0.652518 0.634576 0.603697 0.661130 0.657499 0.620273 0.865221 0.709441 0.690877 0.704866 0.702164 0.796433 0.820262 0.804798 0.760369 0.812992 0.827377 0.783531 0.795198 0.810446 0.825192 0.854776 0.766123 0.752704 0.550340 0.544029 0.862426 0.807410 0.624088 0.671261 0.701569 0.713236 0.863860 0.958890 0.779496 0.769910 0.860633 0.859800 0.798129 0.831185 0.848341 1.000000 0.897875 0.837742 0.881458 0.765411 0.921128 0.913809 0.849017 0.859555 0.770417 0.805701 0.867065 0.690082 0.701853 0.761647 0.763845 0.703587 0.762880 0.710681 0.720794 0.739269 0.708632 0.727801 0.814581 0.754557 0.991039 0.943806 0.721747 0.747343 0.824729 0.639479 0.803333 0.876528
