0.000000 0.192032 0.612930 0.740715 0.690232 0.855425 0.909645 0.426910 0.713805 0.588503 0.294934 0.234667 0.371819 0.260752 0.659879 0.593451 0.306958 0.281247 0.318226 0.260972 0.965594 0.857140 0.851659 0.997204 0.671907 0.701720 0.917653 0.940946 0.304034 0.338658 0.936672 0.962014 0.650095 0.437952 0.645104 0.617123 0.984840 0.968892 0.994255 0.884338 0.681579 0.681532 0.929844 0.555991 0.900416 0.438303 0.633381 0.563957 0.197889 0.233235 0.225497 0.242847 0.291685 0.372342 0.579861 0.409847 0.275788 0.227524 0.342607 0.258738 0.623763 0.303714 0.342141 0.263771 0.445160 0.662448 0.596880 0.672113 0.442574 0.431481 0.973203 0.930765 0.468853 0.438679 0.867253 0.809344 0.429993 0.613238 0.574900 0.460041 0.302903 0.300083 0.543798 0.649432 0.740542 0.754881 0.744855 0.947742 0.910485 0.625109 0.899135 0.452740 0.528813 0.384092 0.915558 0.785975 0.859690 0.609630 0.630798 0.693474 0.778529 0.955801 0.517456 0.508901 0.811742 0.939366 0.989727 0.910622 0.879722 0.969588 0.810476 0.985714 0.524680 0.950343 0.920484 0.755401
0.192032 0.000000 0.605097 0.740093 0.671595 0.820924 0.889317 0.397471 0.729953 0.529893 0.316598 0.234936 0.439483 0.278350 0.677652 0.589373 0.276614 0.248829 0.273857 0.220416 0.984149 0.806287 0.888703 0.994325 0.694929 0.740011 0.954983 0.968509 0.278482 0.307882 0.870404 0.870725 0.602003 0.435650 0.653303 0.626457 0.979816 0.896383 0.969437 0.862917 0.705602 0.729261 0.926363 0.543055 0.896166 0.438569 0.613640 0.536577 0.204125 0.216064 0.216057 0.234728 0.301937 0.356862 0.555186 0.396854 0.236021 0.190864 0.412518 0.299018 0.696817 0.311223 0.360222 0.253897 0.406815 0.670602 0.557018 0.691919 0.431300 0.390926 0.904671 0.863020 0.407444 0.413693 0.770236 0.829941 0.417987 0.580871 0.553379 0.373528 0.244768 0.249858 0.544605 0.595095 0.755945 0.726498 0.717004 0.878939 0.972987 0.663312 0.898781 0.473483 0.523075 0.408282 0.909480 0.762496 0.877758 0.597334 0.652215 0.695987 0.750940 0.953559 0.511584 0.538375 0.778692 0.961493 0.992347 0.840589 0.866892 0.944032 0.825048 0.969236 0.547932 0.894754 0.984146 0.721085
0.612930 0.605097 0.000000 0.658368 0.731698 0.921840 0.477298 0.858292 0.653913 0.912044 0.643713 0.524675 0.830912 0.540054 0.994350 0.758300 0.710171 0.735274 0.647622 0.560401 0.932912 0.987979 0.600474 0.998482 0.520677 0.364126 0.946233 0.965128 0.659742 0.670671 0.628589 0.732329 0.797368 0.890175 0.462813 0.610496 0.729317 0.883893 0.785924 0.987267 0.966878 0.989438 0.606351 0.944753 0.681849 0.942044 0.933152 0.903632 0.670212 0.598607 0.717017 0.709855 0.774552 0.855554 0.883489 0.780665 0.633871 0.571836 0.720865 0.576906 0.917785 0.651630 0.718571 0.636701 0.287136 0.479722 0.397218 0.426320 0.632158 0.604171 0.912398 0.937092 0.775098 0.808047 0.971336 0.945698 0.753090 0.972879 0.940434 0.836035 0.748659 0.720423 0.929609 0.928964 0.729164 0.893743 0.793134 0.885493 0.805665 0.909884 0.534416 0.441694 0.366071 0.533280 0.773379 0.829804 0.816627 0.499116 0.844561 0.803675 0.989937 0.698537 0.950129 0.983469 0.826348 0.642373 0.846663 0.751350 0.991039 0.866384 0.677636 0.872954 0.987673 0.969785 0.694507 0.891749
0.740715 0.740093 0.658368 0.000000 0.972348 0.983748 0.726556 0.743869 0.974890 0.841010 0.820813 0.838207 0.769458 0.822445 0.830299 0.889149 0.747091 0.741176 0.812411 0.759242 0.993151 0.911030 0.786722 0.878611 0.826140 0.749759 0.974261 0.956878 0.841659 0.848729 0.857732 0.858524 0.628923 0.784335 0.956509 0.932376 0.931724 0.797911 0.774183 0.853502 0.860925 0.799534 0.872903 0.759053 0.811070 0.734619 0.822996 0.599283 0.740580 0.762809 0.686147 0.705629 0.664568 0.706298 0.729964 0.746774 0.718813 0.733888 0.725890 0.840550 0.730806 0.794074 0.848567 0.787374 0.805138 0.778157 0.878253 0.868272 0.721906 0.703593 0.983425 0.893101 0.862864 0.935585 0.855643 0.877996 0.897533 0.885189 0.698689 0.724743 0.750207 0.682881 0.610545 0.633260 0.608609 0.637364 0.940495 0.762528 0.773735 0.766519 0.868944 0.989367 0.907633 0.936901 0.898434 0.936635 0.700287 0.869040 0.747704 0.733028 0.984513 0.752117 0.788396 0.749966 0.677550 0.756800 0.845731 0.911596 0.966490 0.936553 0.946623 0.980884 0.745118 0.960620 0.959934 0.848932
0.690232 0.671595 0.731698 0.972348 0.000000 0.942352 0.962444 0.760916 0.850827 0.793468 0.715052 0.681655 0.792868 0.693818 0.943609 0.882658 0.661495 0.677868 0.570907 0.664394 0.975080 0.964581 0.901657 0.972588 0.973229 0.886998 0.973458 0.886998 0.762885 0.762708 0.940407 0.940760 0.884170 0.748496 0.853748 0.877208 0.962207 0.839365 0.883389 0.984593 0.935366 0.859711 0.962434 0.870751 0.892793 0.810908 0.960246 0.816639 0.746907 0.758456 0.781012 0.770235 0.787152 0.810449 0.759647 0.743182 0.706362 0.722809 0.815219 0.945354 0.982493 0.767119 0.760720 0.713146 0.673069 0.746900 0.813225 0.801722 0.715055 0.771657 0.696401 0.763255 0.810307 0.688660 0.907391 0.902621 0.639532 0.785604 0.840863 0.731781 0.660347 0.595439 0.809980 0.657493 0.988397 0.978089 0.983991 0.808911 0.948227 0.753525 0.829233 0.650136 0.733623 0.711313 0.931058 0.930133 0.890103 0.847635 0.907990 0.848872 0.920502 0.911830 0.764767 0.766352 0.961205 0.878192 0.967252 0.748773 0.939514 0.921690 0.866493 0.849852 0.969439 0.980045 0.929330 0.767083
0.855425 0.820924 0.921840 0.983748 0.942352 0.000000 0.962240 0.685938 0.922532 0.809164 0.869867 0.784059 0.805669 0.801307 0.852356 0.784815 0.932461 0.926405 0.958408 0.869359 0.829664 0.950165 0.880817 0.890181 0.809125 0.954721 0.959697 0.931097 0.787975 0.784984 0.892876 0.850034 0.851056 0.828071 0.908655 0.886108 0.941727 0.950064 0.879893 0.966487 0.935699 0.936410 0.817549 0.706414 0.993671 0.796026 0.886053 0.996798 0.817815 0.745602 0.808377 0.771805 0.910067 0.751934 0.900725 0.996732 0.877098 0.873329 0.904346 0.755617 0.931436 0.761158 0.813500 0.819182 0.819283 0.934695 0.917382 0.960349 0.855787 0.929641 0.891047 0.967236 0.983554 0.889118 0.857559 0.985512 0.742210 0.836005 0.960005 0.903285 0.874712 0.895818 0.922214 0.932362 0.866638 0.988423 0.987806 0.860497 0.833318 0.858820 0.888091 0.996718 0.933597 0.966176 0.948591 0.984183 0.919494 0.875125 0.875789 0.906911 0.823177 0.919936 0.972214 0.831628 0.838243 0.950859 0.894505 0.774212 0.770937 0.842938 0.936745 0.921148 0.991883 0.920699 0.971103 0.980826
0.909645 0.889317 0.477298 0.726556 0.962444 0.962240 0.000000 0.585504 0.549195 0.543030 0.830655 0.977209 0.794568 0.837950 0.903134 0.912734 0.855813 0.906619 0.983707 0.875728 0.847386 0.866667 0.996473 0.623104 0.981371 0.762103 0.673793 0.894359 0.900620 0.850527 0.630606 0.652541 0.559760 0.671218 0.694373 0.840656 0.850364 0.989456 0.859964 0.976393 0.935263 0.909241 0.350230 0.524957 0.350117 0.660896 0.703921 0.634776 0.956974 0.823804 0.965510 0.897865 0.889356 0.989977 0.978419 0.935392 0.994465 0.801286 0.919018 0.824680 0.458881 0.869919 0.805171 0.914469 0.657723 0.579291 0.401015 0.316571 0.635181 0.714644 0.854116 0.727193 0.997166 0.986738 0.979390 0.981994 0.913262 0.925939 0.731717 0.991195 0.920096 0.975018 0.949275 0.903147 0.954858 0.809152 0.899364 0.704967 0.930705 0.890156 0.471934 0.568584 0.517854 0.613376 0.851810 0.922176 0.666785 0.525220 0.453346 0.475911 0.631195 0.566771 0.770606 0.699283 0.847045 0.682428 0.842740 0.605465 0.773320 0.971716 0.634128 0.527502 0.724969 0.974370 0.707397 0.947039
0.426910 0.397471 0.858292 0.743869 0.760916 0.685938 0.585504 0.000000 0.869471 0.298526 0.284884 0.329170 0.428757 0.478222 0.751717 0.683854 0.337192 0.389649 0.486353 0.453159 0.800783 0.979468 0.735002 0.650054 0.519891 0.757644 0.779754 0.915919 0.316344 0.301632 0.793944 0.792398 0.519358 0.367365 0.780130 0.724435 0.960871 0.964377 0.981363 0.959451 0.946368 0.899266 0.603628 0.355386 0.552658 0.328082 0.597531 0.488706 0.395349 0.463392 0.406014 0.467290 0.581511 0.504787 0.776727 0.643615 0.404846 0.480756 0.463944 0.501743 0.381687 0.268251 0.305859 0.314652 0.602769 0.996082 0.965925 0.869626 0.840956 0.701609 0.882768 0.778503 0.581535 0.536094 0.712455 0.892848 0.478041 0.650647 0.543224 0.593974 0.396824 0.468201 0.675820 0.724196 0.969667 0.952561 0.825471 0.848939 0.927765 0.945101 0.813593 0.845221 0.877962 0.808889 0.953198 0.713304 0.764237 0.910309 0.390015 0.482150 0.537676 0.682424 0.553965 0.446348 0.779194 0.833348 0.977947 0.887696 0.766136 0.903245 0.840648 0.629232 0.474123 0.902655 0.836168 0.764068
0.713805 0.729953 0.653913 0.974890 0.850827 0.922532 0.549195 0.869471 0.000000 0.788683 0.866989 0.777518 0.872438 0.652975 0.977576 0.828410 0.875708 0.801697 0.739249 0.732376 0.941839 0.850490 0.888279 0.627210 0.962596 0.741460 0.763096 0.865577 0.910427 0.944377 0.677282 0.700790 0.975312 0.988870 0.715792 0.934361 0.918505 0.959176 0.964385 0.938377 0.751039 0.910961 0.628818 0.797412 0.615141 0.841152 0.993875 0.867441 0.822655 0.763913 0.874454 0.860022 0.835897 0.951305 0.817811 0.911175 0.804196 0.702016 0.755471 0.754389 0.831118 0.979251 0.916111 0.841066 0.694900 0.596912 0.637389 0.581296 0.661187 0.705073 0.939806 0.924222 0.785054 0.832480 0.964299 0.917589 0.979161 0.951964 0.965341 0.764117 0.862899 0.805842 0.802284 0.854400 0.866276 0.773291 0.720745 0.688483 0.989403 0.805192 0.664986 0.532062 0.574931 0.542245 0.809251 0.934649 0.960011 0.754184 0.764941 0.798731 0.723351 0.745644 0.917297 0.953533 0.841762 0.761987 0.906245 0.618960 0.925404 0.873046 0.685918 0.806947 0.883776 0.798477 0.806022 0.919017
0.588503 0.529893 0.912044 0.841010 0.793468 0.809164 0.543030 0.298526 0.788683 0.000000 0.379539 0.424676 0.483878 0.598656 0.731944 0.735061 0.356326 0.406379 0.580189 0.607134 0.915748 0.926212 0.778107 0.652179 0.614208 0.767718 0.700696 0.906314 0.392709 0.334784 0.705970 0.717395 0.507342 0.417660 0.831510 0.852885 0.879025 0.954688 0.962709 0.859064 0.937041 0.898977 0.520397 0.324469 0.465604 0.336247 0.607040 0.490207 0.526794 0.675406 0.546597 0.657478 0.700314 0.691414 0.762328 0.671965 0.478476 0.617797 0.548702 0.706076 0.387001 0.407146 0.381821 0.356681 0.702613 0.987113 0.907039 0.770633 0.901273 0.828974 0.791224 0.528393 0.607367 0.622972 0.817489 0.910374 0.580428 0.602173 0.556607 0.596749 0.423125 0.520826 0.704294 0.658477 0.978688 0.908680 0.938408 0.913975 0.879006 0.906124 0.835242 0.845490 0.844841 0.846715 0.970843 0.749784 0.722437 0.981646 0.371640 0.378195 0.603643 0.700330 0.552994 0.447003 0.829173 0.930200 0.794123 0.822499 0.686354 0.928820 0.896473 0.569446 0.564861 0.960114 0.856875 0.752876
0.294934 0.316598 0.643713 0.820813 0.715052 0.869867 0.830655 0.284884 0.866989 0.379539 0.000000 0.232762 0.324964 0.327944 0.649731 0.577696 0.242788 0.269308 0.345750 0.343319 0.839560 0.976747 0.722953 0.749787 0.486759 0.605655 0.884196 0.960619 0.237326 0.233491 0.942617 0.925805 0.535190 0.388179 0.665051 0.703927 0.957497 0.963326 0.890149 0.821079 0.818242 0.763104 0.756077 0.467590 0.735877 0.370243 0.648828 0.550265 0.324758 0.399282 0.370726 0.421843 0.498421 0.499057 0.643926 0.604991 0.335465 0.361244 0.326965 0.406092 0.417015 0.273146 0.228812 0.216605 0.447586 0.732348 0.824334 0.913560 0.673105 0.619006 0.989048 0.794748 0.453989 0.456585 0.825014 0.857608 0.472340 0.583946 0.477654 0.535624 0.317699 0.368373 0.671217 0.663367 0.935967 0.977927 0.735372 0.993566 0.946883 0.766538 0.997356 0.593023 0.620420 0.535625 0.918068 0.707963 0.784173 0.727895 0.489906 0.585949 0.635410 0.798079 0.532393 0.435376 0.845434 0.996894 0.959554 0.982692 0.770835 0.802637 0.927004 0.828834 0.507716 0.878790 0.853562 0.726468
0.234667 0.234936 0.524675 0.838207 0.681655 0.784059 0.977209 0.329170 0.777518 0.424676 0.232762 0.000000 0.317908 0.222621 0.631696 0.498220 0.248346 0.258270 0.320533 0.264223 0.912063 0.865512 0.773205 0.907558 0.500011 0.548940 0.956462 0.981789 0.262580 0.243602 0.988001 0.980640 0.625785 0.406617 0.559976 0.606016 0.958355 0.978971 0.920032 0.857360 0.800816 0.804726 0.879058 0.502732 0.855468 0.401130 0.675601 0.586729 0.263983 0.303250 0.317936 0.348913 0.434114 0.485696 0.678627 0.534169 0.270419 0.264298 0.366733 0.319841 0.559844 0.255786 0.245063 0.192225 0.360686 0.692127 0.657802 0.739975 0.538524 0.504038 0.876516 0.778860 0.462869 0.482336 0.791902 0.820875 0.403332 0.554149 0.571674 0.474379 0.300318 0.299307 0.592949 0.656386 0.909572 0.861072 0.742398 0.887192 0.917711 0.748900 0.875200 0.448982 0.474684 0.437444 0.895328 0.678868 0.902694 0.664038 0.566979 0.669914 0.722144 0.919568 0.552445 0.517427 0.877197 0.934403 0.966222 0.925163 0.786343 0.853871 0.849765 0.880932 0.515124 0.905827 0.930207 0.724980
0.371819 0.439483 0.830912 0.769458 0.792868 0.805669 0.794568 0.428757 0.872438 0.483878 0.324964 0.317908 0.000000 0.348969 0.432885 0.426717 0.364631 0.377529 0.432518 0.514746 0.895164 0.946869 0.970975 0.969161 0.664526 0.732614 0.987342 0.971715 0.378946 0.331259 0.803470 0.932762 0.533243 0.426493 0.722329 0.744243 0.968670 0.817613 0.998589 0.975435 0.836129 0.819814 0.665210 0.435342 0.813076 0.471485 0.616780 0.584375 0.434381 0.467219 0.477650 0.484553 0.555175 0.576317 0.795585 0.719569 0.413697 0.460845 0.350536 0.427135 0.458884 0.446723 0.256121 0.295873 0.694785 0.822049 0.983619 0.985904 0.804363 0.731942 0.837454 0.744128 0.616138 0.645669 0.950076 0.821552 0.497436 0.512139 0.535970 0.607039 0.439415 0.438967 0.603762 0.723948 0.824287 0.818426 0.819854 0.976124 0.928157 0.722314 0.962945 0.592873 0.712013 0.536666 0.907691 0.747460 0.744319 0.790254 0.497021 0.627849 0.645788 0.874377 0.499069 0.511315 0.773491 0.858968 0.865682 0.940167 0.687345 0.931887 0.880502 0.878998 0.550840 0.919573 0.736106 0.708599
0.260752 0.278350 0.540054 0.822445 0.693818 0.801307 0.837950 0.478222 0.652975 0.598656 0.327944 0.222621 0.348969 0.000000 0.552314 0.404229 0.329693 0.308310 0.326486 0.318565 0.967864 0.812092 0.967288 0.869290 0.645951 0.624364 0.925286 0.981313 0.355582 0.332652 0.959731 0.960364 0.680946 0.462449 0.571422 0.648694 0.964785 0.942973 0.883664 0.846720 0.784880 0.735642 0.930366 0.589178 0.998833 0.494813 0.700886 0.641669 0.311240 0.298806 0.362475 0.341323 0.440728 0.480748 0.733827 0.622197 0.354918 0.289378 0.423048 0.341574 0.702944 0.388464 0.307387 0.264291 0.424793 0.689105 0.638264 0.678028 0.549179 0.530688 0.846174 0.830981 0.517134 0.497201 0.817814 0.800655 0.489819 0.555242 0.554029 0.488963 0.359896 0.304624 0.573922 0.680522 0.806220 0.674756 0.708728 0.827488 0.946012 0.685295 0.793151 0.392528 0.430052 0.332312 0.883700 0.782615 0.991185 0.586366 0.687783 0.762707 0.834879 0.987643 0.597648 0.567761 0.851444 0.958146 0.945774 0.806456 0.802721 0.881402 0.818181 0.985703 0.602770 0.950995 0.931902 0.801156
0.659879 0.677652 0.994350 0.830299 0.943609 0.852356 0.903134 0.751717 0.977576 0.731944 0.649731 0.631696 0.432885 0.552314 0.000000 0.393570 0.627596 0.594517 0.623292 0.733392 0.927218 0.998706 0.618224 0.823235 0.988930 0.991256 0.884506 0.977998 0.675861 0.599355 0.629551 0.773605 0.562079 0.596067 0.963200 0.884271 0.829753 0.843040 0.986419 0.917822 0.908101 0.933301 0.619057 0.526694 0.887824 0.607079 0.739289 0.645920 0.682598 0.671960 0.728812 0.660591 0.738294 0.718942 0.930469 0.907513 0.653748 0.650160 0.659019 0.644943 0.733514 0.738254 0.498550 0.561091 0.975218 0.948735 0.819571 0.852084 0.977198 0.920233 0.712899 0.673394 0.766047 0.887505 0.985289 0.909044 0.635954 0.620420 0.598154 0.697901 0.648172 0.614414 0.623166 0.941842 0.701050 0.571423 0.838336 0.907337 0.894966 0.736832 0.946524 0.793530 0.810051 0.692377 0.958276 0.864990 0.870615 0.779978 0.709325 0.680706 0.734890 0.936720 0.753823 0.687299 0.825140 0.846232 0.796427 0.978770 0.804451 0.998376 0.853244 0.963371 0.823205 0.896823 0.629743 0.893783
0.593451 0.589373 0.758300 0.889149 0.882658 0.784815 0.912734 0.683854 0.828410 0.735061 0.577696 0.498220 0.426717 0.404229 0.393570 0.000000 0.584482 0.592694 0.581983 0.661496 0.949645 0.836086 0.806171 0.768360 0.816197 0.788851 0.925136 0.998133 0.627295 0.528757 0.837504 0.936904 0.700808 0.673686 0.779913 0.813758 0.928459 0.805759 0.998733 0.956146 0.943641 0.967502 0.818208 0.615947 0.908880 0.713855 0.796920 0.727771 0.649638 0.613615 0.692225 0.664393 0.806963 0.827681 0.935894 0.977296 0.575751 0.594143 0.600002 0.544130 0.812180 0.681355 0.482306 0.474136 0.782246 0.883489 0.911140 0.908637 0.838557 0.740256 0.763841 0.758386 0.782521 0.792135 0.933529 0.834614 0.702721 0.560941 0.682081 0.658193 0.599211 0.534857 0.718397 0.866320 0.768206 0.569511 0.768391 0.853057 0.922762 0.815990 0.767110 0.575607 0.588605 0.561199 0.984093 0.818879 0.925153 0.661763 0.874251 0.881367 0.782425 0.971491 0.741158 0.672224 0.866838 0.784684 0.999953 0.862173 0.780722 0.889066 0.852176 0.978960 0.767602 0.900317 0.774583 0.835491
0.306958 0.276614 0.710171 0.747091 0.661495 0.932461 0.855813 0.337192 0.875708 0.356326 0.242788 0.248346 0.364631 0.329693 0.627596 0.584482 0.000000 0.188909 0.295141 0.306525 0.987749 0.876666 0.876246 0.821337 0.608846 0.686656 0.871862 0.974788 0.265796 0.221856 0.811131 0.816017 0.467499 0.328112 0.679529 0.755293 0.895477 0.890077 0.960905 0.776887 0.807333 0.762432 0.700753 0.406211 0.688491 0.349673 0.548701 0.423569 0.300365 0.423905 0.367443 0.437676 0.481037 0.535744 0.552953 0.513851 0.264518 0.328343 0.398279 0.494252 0.524051 0.348692 0.247283 0.199560 0.490575 0.747870 0.806639 0.926456 0.606539 0.589170 0.802722 0.659380 0.408931 0.424835 0.795048 0.888188 0.439141 0.544315 0.456418 0.410717 0.220869 0.256115 0.550719 0.525517 0.770259 0.811571 0.757749 0.893482 0.918451 0.681613 0.909993 0.529368 0.591284 0.467523 0.845536 0.714920 0.824171 0.762062 0.450865 0.539697 0.730807 0.845828 0.444110 0.467501 0.845920 0.988474 0.764132 0.957287 0.792828 0.817107 0.953577 0.779995 0.500385 0.938545 0.861591 0.703713
0.281247 0.248829 0.735274 0.741176 0.677868 0.926405 0.906619 0.389649 0.801697 0.406379 0.269308 0.258270 0.377529 0.308310 0.594517 0.592694 0.188909 0.000000 0.254596 0.280960 0.954021 0.821936 0.949166 0.903482 0.671251 0.726755 0.895051 0.951085 0.253405 0.235296 0.798882 0.757863 0.435935 0.352184 0.711089 0.747036 0.884204 0.881138 0.938711 0.732502 0.680989 0.729433 0.722958 0.440215 0.725637 0.370120 0.570416 0.423100 0.288674 0.390126 0.351536 0.398193 0.444996 0.485263 0.520071 0.486343 0.271115 0.288277 0.418520 0.473137 0.561023 0.390015 0.267281 0.218611 0.504412 0.699041 0.767999 0.882437 0.567723 0.559100 0.809469 0.684489 0.366971 0.398520 0.843387 0.823867 0.433582 0.507514 0.421391 0.345483 0.216423 0.240892 0.502144 0.554654 0.747957 0.773720 0.748492 0.844363 0.925571 0.698560 0.922053 0.507833 0.556146 0.416657 0.861573 0.733048 0.824143 0.751991 0.505878 0.563150 0.756563 0.866534 0.456291 0.454867 0.779929 0.965119 0.828033 0.913606 0.848077 0.884650 0.959196 0.876497 0.513032 0.932402 0.868194 0.744166
0.318226 0.273857 0.647622 0.812411 0.570907 0.958408 0.983707 0.486353 0.739249 0.580189 0.345750 0.320533 0.432518 0.326486 0.623292 0.581983 0.295141 0.254596 0.000000 0.286724 0.948995 0.900979 0.996934 0.988398 0.743558 0.728458 0.972285 0.987968 0.343509 0.329658 0.836952 0.849475 0.513523 0.416884 0.671059 0.745106 0.941330 0.902696 0.919219 0.897983 0.694231 0.788551 0.854231 0.589759 0.876830 0.538102 0.598166 0.525225 0.367814 0.382981 0.421852 0.413805 0.491453 0.521546 0.520127 0.541058 0.302142 0.311977 0.460016 0.499778 0.736547 0.474061 0.358967 0.318835 0.479371 0.583547 0.689848 0.766447 0.521264 0.532737 0.775160 0.777586 0.398393 0.421973 0.870992 0.898608 0.394453 0.617770 0.463616 0.384321 0.281203 0.272179 0.569874 0.519178 0.787430 0.794155 0.724302 0.786302 0.921442 0.667041 0.881892 0.483605 0.550753 0.405229 0.835396 0.719185 0.857795 0.633609 0.686134 0.759440 0.784385 0.966675 0.504863 0.528614 0.866122 0.994635 0.912534 0.786430 0.836569 0.947094 0.802620 0.998321 0.632222 0.920512 0.992445 0.701250
0.260972 0.220416 0.560401 0.759242 0.664394 0.869359 0.875728 0.453159 0.732376 0.607134 0.343319 0.264223 0.514746 0.318565 0.733392 0.661496 0.306525 0.280960 0.286724 0.000000 0.987916 0.865855 0.859640 0.951360 0.705484 0.691072 0.964028 0.979914 0.334460 0.369762 0.981773 0.913581 0.674994 0.472263 0.639465 0.616100 0.981899 0.855738 0.975192 0.782695 0.725219 0.746859 0.993595 0.658365 0.972067 0.538324 0.724830 0.588238 0.273739 0.284620 0.309004 0.330700 0.395719 0.434317 0.531250 0.419833 0.294228 0.246758 0.508262 0.414112 0.795502 0.365405 0.430057 0.339368 0.390309 0.642854 0.524630 0.650141 0.416744 0.382265 0.922923 0.883935 0.378543 0.430932 0.820768 0.819078 0.377158 0.630077 0.544091 0.408978 0.283512 0.266535 0.514001 0.581864 0.807975 0.786482 0.701742 0.800177 0.885373 0.733480 0.825184 0.501686 0.529423 0.441436 0.827315 0.752817 0.958268 0.638254 0.686993 0.771866 0.839620 0.969071 0.599531 0.645716 0.843708 0.855505 0.991945 0.847994 0.935152 0.893068 0.870096 0.960652 0.619517 0.875592 0.981501 0.713094
0.965594 0.984149 0.932912 0.993151 0.975080 0.829664 0.847386 0.800783 0.941839 0.915748 0.839560 0.912063 0.895164 0.967864 0.927218 0.949645 0.987749 0.954021 0.948995 0.987916 0.000000 0.833494 0.808041 0.845022 0.857023 0.934898 0.972503 0.966264 0.942505 0.935992 0.918178 0.927654 0.986044 0.970570 0.967254 0.869481 0.670205 0.837971 0.804491 0.849029 0.688545 0.868256 0.998105 0.998249 0.965315 0.968113 0.831014 0.937037 0.922231 0.956303 0.983754 0.985868 0.990398 0.898414 0.834590 0.846700 0.992552 0.998816 0.902925 0.944664 0.846714 0.891309 0.883090 0.944498 0.904757 0.931755 0.885053 0.904058 0.842852 0.941470 0.973845 0.954997 0.883338 0.890261 0.966264 0.892568 0.942425 0.932888 0.941062 0.894574 0.906074 0.871395 0.846049 0.925487 0.691116 0.836470 0.900197 0.902561 0.894804 0.831226 0.751946 0.899369 0.921547 0.861195 0.987303 0.926199 0.936129 0.988482 0.962240 0.961492 0.904463 0.765538 0.984773 0.938765 0.940208 0.975290 0.803994 0.858917 0.903555 0.784328 0.878680 0.852697 0.905022 0.820233 0.930447 0.999496
0.857140 0.806287 0.987979 0.911030 0.964581 0.950165 0.866667 0.979468 0.850490 0.926212 0.976747 0.865512 0.946869 0.812092 0.998706 0.836086 0.876666 0.821936 0.900979 0.865855 0.833494 0.000000 0.967190 0.847084 0.910731 0.938148 0.990122 0.950035 0.911317 0.915282 0.939488 0.928353 0.994954 0.975085 0.892994 0.902744 0.927755 0.636657 0.932920 0.724083 0.786288 0.776779 0.964937 0.915825 0.980776 0.889215 0.899211 0.898965 0.807295 0.871954 0.829438 0.874376 0.921230 0.934087 0.926046 0.880404 0.912354 0.842488 0.996031 0.870159 0.962831 0.927837 0.947063 0.867913 0.929388 0.994162 0.869600 0.921710 0.917975 0.916977 0.912270 0.888541 0.862305 0.823911 0.845199 0.972006 0.938821 0.835758 0.957934 0.811012 0.825678 0.752300 0.844009 0.850853 0.759136 0.773586 0.843347 0.848957 0.999729 0.816969 0.951607 0.746229 0.844562 0.860505 0.937711 0.879495 0.994654 0.927205 0.955524 0.971730 0.979694 0.994058 0.954565 0.982463 0.964658 0.986265 0.990373 0.746184 0.905618 0.840454 0.947792 0.955224 0.936796 0.832476 0.947180 0.938343
0.851659 0.888703 0.600474 0.786722 0.901657 0.880817 0.996473 0.735002 0.888279 0.778107 0.722953 0.773205 0.970975 0.967288 0.618224 0.806171 0.876246 0.949166 0.996934 0.859640 0.808041 0.967190 0.000000 0.460276 0.515100 0.603400 0.770556 0.979833 0.779472 0.813950 0.672525 0.837698 0.815998 0.910380 0.807581 0.766236 0.733266 0.931261 0.959536 0.992838 0.953331 0.970420 0.828103 0.984482 0.907950 0.875093 0.886267 0.954355 0.872195 0.925175 0.868869 0.964865 0.978434 0.988169 0.914290 0.843567 0.855620 0.921833 0.864782 0.860244 0.768269 0.612939 0.875993 0.821927 0.586365 0.922011 0.744725 0.871327 0.889416 0.877133 0.690384 0.922403 0.987800 0.914425 0.911528 0.995831 0.891549 0.858878 0.913808 0.917453 0.920897 0.997176 0.792919 0.963589 0.647213 0.559988 0.998805 0.773479 0.911253 0.862748 0.940085 0.883886 0.849331 0.960822 0.972774 0.867896 0.931443 0.995670 0.906983 0.970432 0.880290 0.918369 0.969551 0.894232 0.886524 0.738701 0.758142 0.780756 0.993233 0.971033 0.992794 0.852520 0.876578 0.919761 0.789421 0.924044
0.997204 0.994325 0.998482 0.878611 0.972588 0.890181 0.623104 0.650054 0.627210 0.652179 0.749787 0.907558 0.969161 0.869290 0.823235 0.768360 0.821337 0.903482 0.988398 0.951360 0.845022 0.847084 0.460276 0.000000 0.654906 0.873999 0.679622 0.933577 0.772350 0.778485 0.985877 0.813217 0.851382 0.749255 0.964230 0.926829 0.947366 0.914938 0.910474 0.968818 0.954509 0.869886 0.804234 0.768907 0.632573 0.759436 0.919903 0.893893 0.948751 0.956082 0.946685 0.951327 0.920323 0.994036 0.888596 0.902292 0.864620 0.976977 0.891831 0.962120 0.650438 0.722028 0.802117 0.856946 0.868440 0.950027 0.878210 0.695395 0.874323 0.948383 0.893624 0.951114 0.911214 0.918495 0.832851 0.968571 0.833446 0.967793 0.908841 0.947888 0.892645 0.959443 0.820449 0.979967 0.741954 0.513471 0.957284 0.646563 0.882266 0.861467 0.802404 0.831560 0.836280 0.795538 0.974939 0.937620 0.955532 0.866171 0.618037 0.791264 0.748803 0.759126 0.955693 0.834980 0.982345 0.957738 0.971956 0.676210 0.912086 0.992232 0.803325 0.749377 0.875502 0.923935 0.955151 0.876575
0.671907 0.694929 0.520677 0.826140 0.973229 0.809125 0.981371 0.519891 0.962596 0.614208 0.486759 0.500011 0.664526 0.645951 0.988930 0.816197 0.608846 0.671251 0.743558 0.705484 0.857023 0.910731 0.515100 0.654906 0.000000 0.367593 0.656677 0.861679 0.548703 0.502380 0.755489 0.871037 0.929041 0.741474 0.636190 0.727496 0.720757 0.741339 0.937106 0.943081 0.991719 0.932526 0.974375 0.759525 0.942950 0.704628 0.809330 0.897255 0.667765 0.723198 0.751083 0.803148 0.884193 0.886263 0.926711 0.882225 0.657616 0.698242 0.588934 0.593558 0.578792 0.504474 0.488688 0.528247 0.429782 0.716048 0.787096 0.858937 0.936674 0.851375 0.829628 0.928277 0.785286 0.746043 0.863054 0.842218 0.777452 0.903254 0.967428 0.882918 0.742331 0.813558 0.983515 0.990380 0.640691 0.685441 0.912360 0.768821 0.726713 0.912988 0.867342 0.741493 0.701779 0.771224 0.959658 0.811063 0.925498 0.840541 0.724484 0.909401 0.811631 0.959428 0.839354 0.742969 0.923041 0.864938 0.930681 0.973230 0.895757 0.801032 0.969953 0.861791 0.738426 0.982633 0.912850 0.878277
0.701720 0.740011 0.364126 0.749759 0.886998 0.954721 0.762103 0.757644 0.741460 0.767718 0.605655 0.548940 0.732614 0.624364 0.991256 0.788851 0.686656 0.726755 0.728458 0.691072 0.934898 0.938148 0.603400 0.873999 0.367593 0.000000 0.871807 0.955038 0.683901 0.629189 0.548927 0.667014 0.875596 0.876569 0.522241 0.709862 0.685039 0.841054 0.774079 0.993979 0.972878 0.960864 0.743821 0.978982 0.847427 0.928442 0.946307 0.936656 0.756644 0.796367 0.844673 0.922392 0.983095 0.947078 0.891081 0.881846 0.673781 0.712179 0.612900 0.680128 0.822492 0.668466 0.640330 0.631366 0.414027 0.525347 0.645717 0.629936 0.810043 0.802291 0.833403 0.973410 0.796710 0.817374 0.915812 0.939296 0.817321 0.995292 0.923824 0.940088 0.831635 0.811403 0.949322 0.944549 0.669708 0.707711 0.802700 0.942676 0.812806 0.955972 0.572439 0.524797 0.487042 0.664299 0.787885 0.783764 0.927583 0.671627 0.982008 0.944545 0.943027 0.749426 0.945421 0.915097 0.860501 0.722736 0.886736 0.806947 0.919017 0.768012 0.901817 0.969722 0.989646 0.878040 0.843430 0.850519
0.917653 0.954983 0.946233 0.974261 0.973458 0.959697 0.673793 0.779754 0.763096 0.700696 0.884196 0.956462 0.987342 0.925286 0.884506 0.925136 0.871862 0.895051 0.972285 0.964028 0.972503 0.990122 0.770556 0.679622 0.656677 0.871807 0.000000 0.742255 0.831930 0.864287 0.972045 0.821729 0.824237 0.854272 0.728421 0.998267 0.996358 0.892234 0.930885 0.938785 0.997593 0.922366 0.729932 0.817566 0.677335 0.827043 0.950230 0.854646 0.999245 0.793871 0.967450 0.838579 0.845247 0.897994 0.893859 0.978942 0.973051 0.847544 0.990134 0.884504 0.669988 0.850505 0.850208 0.892687 0.912642 0.914440 0.760623 0.686387 0.812516 0.732027 0.946897 0.929902 0.897248 0.908512 0.968830 0.928562 0.919452 0.890210 0.953370 0.974446 0.944033 0.975117 0.841815 0.972265 0.837900 0.723699 0.970760 0.778659 0.788101 0.829225 0.884335 0.882758 0.877489 0.896951 0.904222 0.889328 0.914018 0.792486 0.694978 0.757116 0.830135 0.757596 0.964753 0.832268 0.946766 0.943833 0.958486 0.817138 0.917291 0.933812 0.801405 0.782227 0.781991 0.736257 0.946099 0.854832
0.940946 0.968509 0.965128 0.956878 0.886998 0.931097 0.894359 0.915919 0.865577 0.906314 0.960619 0.981789 0.971715 0.981313 0.977998 0.998133 0.974788 0.951085 0.987968 0.979914 0.966264 0.950035 0.979833 0.933577 0.861679 0.955038 0.742255 0.000000 0.936247 0.902647 0.993732 0.825350 0.980777 0.963440 0.963390 0.696179 0.803383 0.953017 0.949934 0.974078 0.934223 0.871330 0.900865 0.997865 0.923410 0.908079 0.951978 0.893931 0.943549 0.994142 0.972433 0.991798 0.942265 0.978959 0.932716 0.833807 0.995320 0.994674 0.945475 0.994326 0.925096 0.932586 0.983924 0.986539 0.979949 0.957596 0.924596 0.952929 0.974366 0.973049 0.963032 0.942029 0.839579 0.969934 0.970095 0.933977 0.985785 0.914864 0.972849 0.985571 0.961787 0.941107 0.998118 0.973550 0.775736 0.840105 0.913304 0.854228 0.845653 0.678151 0.928021 0.947142 0.944309 0.974561 0.953685 0.802557 0.990449 0.981924 0.905858 0.896742 0.981495 0.933935 0.921747 0.914324 0.945403 0.959228 0.892614 0.884050 0.849152 0.913352 0.845442 0.973200 0.987717 0.986905 0.974857 0.941710
0.304034 0.278482 0.659742 0.841659 0.762885 0.787975 0.900620 0.316344 0.910427 0.392709 0.237326 0.262580 0.378946 0.355582 0.675861 0.627295 0.265796 0.253405 0.343509 0.334460 0.942505 0.911317 0.779472 0.772350 0.548703 0.683901 0.831930 0.936247 0.000000 0.231047 0.884404 0.792871 0.494798 0.354857 0.708084 0.722650 0.994130 0.967392 0.895905 0.817388 0.766658 0.775197 0.755723 0.462587 0.727193 0.346220 0.641336 0.515826 0.296911 0.358013 0.315266 0.373484 0.439842 0.437845 0.614697 0.513971 0.334558 0.330694 0.377476 0.411784 0.477690 0.272383 0.266025 0.237683 0.444631 0.750582 0.769981 0.890258 0.684044 0.612706 0.943681 0.827596 0.392916 0.461618 0.819503 0.805733 0.409716 0.580255 0.491242 0.448325 0.306387 0.360007 0.621953 0.652875 0.878832 0.943645 0.807427 0.971680 0.928558 0.775686 0.966126 0.570791 0.654594 0.534055 0.818856 0.715953 0.832725 0.738941 0.488994 0.618590 0.647050 0.780520 0.513475 0.463281 0.761563 0.961850 0.923995 0.976941 0.797255 0.990570 0.936133 0.835807 0.468504 0.916234 0.981112 0.742489
0.338658 0.307882 0.670671 0.848729 0.762708 0.784984 0.850527 0.301632 0.944377 0.334784 0.233491 0.243602 0.331259 0.332652 0.599355 0.528757 0.221856 0.235296 0.329658 0.369762 0.935992 0.915282 0.813950 0.778485 0.502380 0.629189 0.864287 0.902647 0.231047 0.000000 0.770857 0.785782 0.483050 0.331827 0.638523 0.690609 0.945183 0.991552 0.940081 0.800137 0.771274 0.791119 0.646896 0.363542 0.676613 0.314473 0.562142 0.452278 0.322801 0.401243 0.384038 0.425297 0.499337 0.527776 0.659318 0.622630 0.304390 0.331631 0.370938 0.426970 0.462969 0.311016 0.208582 0.180575 0.462582 0.723185 0.788296 0.944142 0.719133 0.628995 0.850893 0.703508 0.465725 0.487718 0.835622 0.853562 0.450459 0.526752 0.482836 0.443753 0.277552 0.348210 0.634675 0.606744 0.941073 0.929147 0.757342 0.995106 0.876231 0.800670 0.935231 0.538211 0.581738 0.480588 0.894250 0.690251 0.808533 0.721223 0.501811 0.617966 0.622869 0.783771 0.487692 0.404328 0.809682 0.994307 0.872374 0.993942 0.710105 0.853612 0.993537 0.791824 0.497067 0.881574 0.885404 0.741460
0.936672 0.870404 0.628589 0.857732 0.940407 0.892876 0.630606 0.793944 0.677282 0.705970 0.942617 0.988001 0.803470 0.959731 0.629551 0.837504 0.811131 0.798882 0.836952 0.981773 0.918178 0.939488 0.672525 0.985877 0.755489 0.548927 0.972045 0.993732 0.884404 0.770857 0.000000 0.430678 0.553051 0.649010 0.823718 0.907995 0.643951 0.925811 0.900788 0.980611 0.921475 0.974818 0.366037 0.452842 0.534327 0.570044 0.640382 0.535152 0.843914 0.900479 0.858744 0.803370 0.810400 0.753821 0.976285 0.965500 0.864071 0.913682 0.952984 0.979086 0.832348 0.951281 0.804826 0.830616 0.780605 0.757490 0.758170 0.541330 0.805928 0.890516 0.629714 0.680928 0.984017 0.877644 0.878051 0.894518 0.788846 0.654777 0.785959 0.694478 0.741056 0.842939 0.886230 0.910486 0.769010 0.753270 0.940129 0.774240 0.893040 0.825392 0.702479 0.866008 0.826474 0.981576 0.869552 0.992237 0.846238 0.986143 0.693328 0.658461 0.618027 0.706830 0.668007 0.718638 0.748057 0.700285 0.763290 0.875340 0.787435 0.831513 0.818845 0.729343 0.770992 0.983418 0.684359 0.914065
0.962014 0.870725 0.732329 0.858524 0.940760 0.850034 0.652541 0.792398 0.700790 0.717395 0.925805 0.980640 0.932762 0.960364 0.773605 0.936904 0.816017 0.757863 0.849475 0.913581 0.927654 0.928353 0.837698 0.813217 0.871037 0.667014 0.821729 0.825350 0.792871 0.785782 0.430678 0.000000 0.514004 0.640979 0.821021 0.983769 0.685489 0.852719 0.790132 0.794062 0.927786 0.994647 0.460192 0.531919 0.544217 0.603415 0.681521 0.515793 0.863410 0.909492 0.859846 0.845076 0.887482 0.776287 0.865410 0.872510 0.852544 0.928649 0.929211 0.988184 0.892016 0.925821 0.840722 0.854800 0.888859 0.849998 0.876662 0.613282 0.835954 0.973289 0.564815 0.692807 0.856674 0.923006 0.963409 0.849968 0.772109 0.716110 0.717208 0.635025 0.739853 0.862760 0.827181 0.915040 0.862560 0.840490 0.951758 0.801755 0.966786 0.944053 0.737720 0.857483 0.825901 0.991409 0.939709 0.966439 0.863047 0.875820 0.725546 0.778895 0.731568 0.790487 0.727600 0.781625 0.743823 0.917115 0.880811 0.901836 0.834506 0.792642 0.732184 0.743193 0.854403 0.921761 0.823810 0.968598
0.650095 0.602003 0.797368 0.628923 0.884170 0.851056 0.559760 0.519358 0.975312 0.507342 0.535190 0.625785 0.533243 0.680946 0.562079 0.700808 0.467499 0.435935 0.513523 0.674994 0.986044 0.994954 0.815998 0.851382 0.929041 0.875596 0.824237 0.980777 0.494798 0.483050 0.553051 0.514004 0.000000 0.403659 0.901317 0.945248 0.625791 0.902899 0.910670 0.816375 0.835081 0.900713 0.435714 0.394081 0.507721 0.432083 0.634663 0.470463 0.629320 0.740372 0.674831 0.691689 0.747314 0.675419 0.717686 0.827426 0.552320 0.646750 0.654000 0.794707 0.533286 0.636368 0.473274 0.498834 0.965494 0.920030 0.763605 0.669156 0.961226 0.881526 0.744555 0.667165 0.636244 0.671865 0.868659 0.990102 0.584903 0.603720 0.464759 0.505711 0.481681 0.573155 0.683992 0.648325 0.675803 0.774402 0.961567 0.957665 0.986270 0.777971 0.824399 0.873989 0.988343 0.796756 0.984791 0.861471 0.752990 0.913429 0.516418 0.532221 0.712672 0.689797 0.586159 0.498303 0.673351 0.823874 0.770747 0.888068 0.783395 0.990723 0.897234 0.758759 0.604861 0.804711 0.828096 0.827482
0.437952 0.435650 0.890175 0.784335 0.748496 0.828071 0.671218 0.367365 0.988870 0.417660 0.388179 0.406617 0.426493 0.462449 0.596067 0.673686 0.328112 0.352184 0.416884 0.472263 0.970570 0.975085 0.910380 0.749255 0.741474 0.876569 0.854272 0.963440 0.354857 0.331827 0.649010 0.640979 0.403659 0.000000 0.889147 0.826909 0.823208 0.895758 0.947174 0.833306 0.836998 0.826207 0.503952 0.308983 0.525752 0.321173 0.565539 0.451529 0.425355 0.520730 0.485766 0.515804 0.588663 0.574284 0.758460 0.648619 0.437739 0.492912 0.522115 0.592084 0.500542 0.419330 0.315797 0.338018 0.666525 0.954536 0.999146 0.812545 0.847387 0.785935 0.720888 0.627696 0.560757 0.602587 0.806174 0.944003 0.372581 0.581192 0.495760 0.500841 0.380905 0.459539 0.605650 0.626208 0.813329 0.859178 0.862922 0.888457 0.927598 0.774724 0.914766 0.697529 0.776547 0.648809 0.931411 0.687937 0.899264 0.960751 0.408154 0.558924 0.692941 0.755325 0.475709 0.498853 0.794925 0.962344 0.773522 0.950005 0.708804 0.964260 0.978836 0.677959 0.547866 0.955067 0.859698 0.833558
0.645104 0.653303 0.462813 0.956509 0.853748 0.908655 0.694373 0.780130 0.715792 0.831510 0.665051 0.559976 0.722329 0.571422 0.963200 0.779913 0.679529 0.711089 0.671059 0.639465 0.967254 0.892994 0.807581 0.964230 0.636190 0.522241 0.728421 0.963390 0.708084 0.638523 0.823718 0.821021 0.901317 0.889147 0.000000 0.821483 0.724675 0.928316 0.948246 0.838911 0.964150 0.952013 0.779111 0.931674 0.853916 0.843202 0.885554 0.904162 0.661718 0.612363 0.749837 0.728441 0.786359 0.884234 0.964975 0.818886 0.655318 0.576508 0.732593 0.616707 0.987790 0.717219 0.687750 0.623291 0.526930 0.616145 0.524611 0.578573 0.728717 0.590288 0.893745 0.936502 0.770474 0.880729 0.903871 0.998426 0.908635 0.894554 0.819482 0.796955 0.723304 0.712999 0.733505 0.863858 0.818299 0.935883 0.834278 0.824360 0.923649 0.911647 0.658650 0.524158 0.580191 0.545938 0.864748 0.777003 0.982184 0.658733 0.939890 0.805710 0.961085 0.799778 0.906077 0.927741 0.782542 0.836130 0.944395 0.793755 0.935359 0.906801 0.899843 0.909699 0.977211 0.857240 0.732393 0.815195
0.617123 0.626457 0.610496 0.932376 0.877208 0.886108 0.840656 0.724435 0.934361 0.852885 0.703927 0.606016 0.744243 0.648694 0.884271 0.813758 0.755293 0.747036 0.745106 0.616100 0.869481 0.902744 0.766236 0.926829 0.727496 0.709862 0.998267 0.696179 0.722650 0.690609 0.907995 0.983769 0.945248 0.826909 0.821483 0.000000 0.734517 0.965428 0.966911 0.880630 0.956345 0.974880 0.870856 0.918137 0.925731 0.776223 0.903637 0.859264 0.670624 0.577647 0.600926 0.587525 0.635617 0.647258 0.726893 0.722420 0.595452 0.581622 0.682344 0.544255 0.848777 0.588727 0.734160 0.670866 0.641724 0.834493 0.619363 0.747222 0.653493 0.627299 0.983381 0.959567 0.806461 0.876317 0.960336 0.854107 0.639590 0.979097 0.900126 0.902723 0.794841 0.752272 0.834235 0.895990 0.912168 0.930039 0.692066 0.903062 0.969293 0.945695 0.807548 0.685333 0.595889 0.675995 0.883083 0.941062 0.975878 0.641153 0.931340 0.988975 0.911531 0.940913 0.855739 0.795400 0.911967 0.936856 0.927783 0.934835 0.932018 0.964451 0.927192 0.893348 0.882819 0.882188 0.938103 0.823483
0.984840 0.979816 0.729317 0.931724 0.962207 0.941727 0.850364 0.960871 0.918505 0.879025 0.957497 0.958355 0.968670 0.964785 0.829753 0.928459 0.895477 0.884204 0.941330 0.981899 0.670205 0.927755 0.733266 0.947366 0.720757 0.685039 0.996358 0.803383 0.994130 0.945183 0.643951 0.685489 0.625791 0.823208 0.724675 0.734517 0.000000 0.757676 0.822696 0.728028 0.864448 0.810678 0.715279 0.757870 0.703166 0.842921 0.916422 0.920035 0.959136 0.928066 0.988954 0.997668 0.982862 0.963485 0.987694 0.910161 0.998841 0.994726 0.869887 0.825725 0.999962 0.931177 0.997283 0.961874 0.835136 0.847594 0.815077 0.795897 0.949972 0.983928 0.730912 0.702949 0.952151 0.873786 0.960207 0.939476 0.987565 0.661000 0.906542 0.774583 0.814963 0.825849 0.808987 0.744036 0.675087 0.763225 0.871659 0.857983 0.945175 0.751408 0.993348 0.980412 0.953849 0.952693 0.997627 0.903453 0.930908 0.846546 0.899219 0.813977 0.945844 0.987398 0.857698 0.814961 0.849481 0.896310 0.768528 0.954195 0.837083 0.980351 0.992215 0.859663 0.869470 0.858219 0.942670 0.958717
0.968892 0.896383 0.883893 0.797911 0.839365 0.950064 0.989456 0.964377 0.959176 0.954688 0.963326 0.978971 0.817613 0.942973 0.843040 0.805759 0.890077 0.881138 0.902696 0.855738 0.837971 0.636657 0.931261 0.914938 0.741339 0.841054 0.892234 0.953017 0.967392 0.991552 0.925811 0.852719 0.902899 0.895758 0.928316 0.965428 0.757676 0.000000 0.844019 0.727179 0.654137 0.805094 0.986452 0.974745 0.805642 0.878232 0.922971 0.912663 0.915368 0.984343 0.911361 0.951490 0.888970 0.920595 0.815416 0.757462 0.939134 0.904194 0.955721 0.834290 0.942517 0.955084 0.871010 0.976215 0.991246 0.919989 0.929329 0.954877 0.825985 0.843715 0.913076 0.834411 0.751037 0.812583 0.926753 0.979571 0.843999 0.963037 0.918673 0.802329 0.796845 0.774944 0.797778 0.594836 0.737433 0.813215 0.991971 0.770685 0.995633 0.703049 0.962244 0.894857 0.944384 0.987852 0.953793 0.819310 0.861286 0.886849 0.933057 0.921634 0.871249 0.966747 0.953301 0.931972 0.995773 0.958344 0.832479 0.855668 0.896368 0.922820 0.978518 0.906034 0.980091 0.980513 0.914954 0.871995
