0.000000 0.525110 0.897125 0.668286 0.901712 0.808326 0.699291 0.618093 0.811798 0.699743 0.542624 0.653495 0.939943 0.993779 0.909905 0.902251 0.469593 0.359815 0.552317 0.519893 0.950992 0.918402 0.852927 0.773036 0.899272 0.964792 0.909278 0.981648 0.726948 0.741971 0.971374 0.989771 0.539210 0.566886 0.852201 0.980811 0.603952 0.764806 0.929906 0.893461 0.726974 0.722414 0.860107 0.907067 0.805270 0.653204 0.595022 0.561602 0.609061 0.648946 0.791149 0.799326 0.871913 0.840224 0.566633 0.563365 0.405625 0.454288 0.396431 0.491311 0.665585 0.686498 0.476802 0.437264 0.817801 0.969596 0.743212 0.816160 0.623937 0.609683 0.894188 0.963673 0.976042 0.963331 0.900297 0.865836 0.947051 0.746966 0.799563 0.955092 0.425749 0.374597 0.815301 0.502340 0.681326 0.920209 0.934481 0.964920 0.824482 0.449991 0.840557 0.916481 0.931823 0.852914 0.749004 0.892419 0.670892 0.866179 0.625090 0.667426 0.871799 0.928227 0.474153 0.671380 0.802541 0.645237 0.886178 0.881079 0.973819 0.861289 0.949250 0.750962 0.776609 0.918595 0.880326 0.943967
0.525110 0.000000 0.822133 0.595811 0.854492 0.879143 0.735146 0.688499 0.984673 0.793949 0.747353 0.744073 0.955021 0.841565 0.975525 0.974408 0.578630 0.529316 0.540170 0.487188 0.952111 0.875136 0.913166 0.986243 0.992331 0.969693 0.918839 0.927006 0.833871 0.771026 0.877128 0.887634 0.657726 0.706516 0.933214 0.918527 0.734367 0.740887 0.867453 0.991265 0.743047 0.805305 0.716511 0.708160 0.670893 0.555763 0.696908 0.575225 0.498375 0.502809 0.627560 0.647931 0.679535 0.884388 0.724416 0.730251 0.464962 0.476787 0.559857 0.552042 0.896083 0.813823 0.780036 0.690029 0.945480 0.951766 0.778563 0.761623 0.603848 0.525013 0.684171 0.694446 0.853857 0.922597 0.853533 0.980285 0.842127 0.667995 0.931379 0.887815 0.668994 0.553122 0.847577 0.661742 0.745605 0.927560 0.948842 0.914194 0.900996 0.604418 0.730030 0.763617 0.790266 0.866952 0.790565 0.820246 0.581808 0.857090 0.613174 0.530932 0.886262 0.753156 0.555531 0.563209 0.702124 0.621561 0.935429 0.790214 0.977800 0.727657 0.997961 0.703362 0.645491 0.824707 0.823361 0.978647
0.897125 0.822133 0.000000 0.698291 0.967700 0.760234 0.676680 0.936689 0.727240 0.990993 0.953859 0.786321 0.892604 0.847820 0.942786 0.794549 0.929760 0.897270 0.888570 0.900466 0.859924 0.899476 0.895636 0.980261 0.803645 0.790901 0.850786 0.948740 0.949078 0.803502 0.941291 0.996652 0.817584 0.941667 0.798990 0.983001 0.641351 0.878198 0.976369 0.923649 0.832807 0.781265 0.977679 0.953159 0.927981 0.977012 0.991384 0.963684 0.941323 0.808069 0.850551 0.821162 0.757945 0.707510 0.984925 0.965458 0.837422 0.734588 0.845181 0.989207 0.986947 0.772232 0.942296 0.975869 0.686078 0.785672 0.684293 0.973618 0.710451 0.743651 0.964046 0.746068 0.920764 0.846152 0.819065 0.803074 0.952358 0.848026 0.831607 0.999580 0.948603 0.980121 0.893517 0.791764 0.852087 0.990667 0.929335 0.920946 0.876182 0.894895 0.737587 0.701427 0.681702 0.686460 0.842176 0.845695 0.817507 0.927313 0.901166 0.863246 0.937259 0.877671 0.834674 0.957583 0.855247 0.798032 0.863139 0.818208 0.912079 0.851938 0.834614 0.880887 0.808981 0.919482 0.888816 0.851538
0.668286 0.595811 0.698291 0.000000 0.886944 0.760516 0.728894 0.735640 0.937452 0.822931 0.751933 0.873771 0.945989 0.857203 0.882688 0.998949 0.746892 0.686411 0.544570 0.568497 0.988988 0.962255 0.749974 0.893380 0.877093 0.809265 0.924295 0.998469 0.807720 0.895291 0.819709 0.831834 0.708435 0.826981 0.898595 0.923759 0.714131 0.955332 0.941055 0.982670 0.778654 0.821698 0.877244 0.838314 0.816201 0.796802 0.773119 0.640536 0.784741 0.667616 0.794996 0.685481 0.704039 0.838702 0.859285 0.735378 0.684646 0.649728 0.770597 0.700042 0.910846 0.896994 0.801850 0.785278 0.878469 0.970235 0.708049 0.851230 0.718961 0.668490 0.731559 0.696079 0.824709 0.889767 0.902651 0.853071 0.839042 0.754872 0.990484 0.891396 0.738597 0.691033 0.837938 0.744207 0.679133 0.820578 0.970516 0.884320 0.958152 0.631075 0.547679 0.719560 0.598984 0.779849 0.789303 0.812224 0.621953 0.876723 0.645424 0.595930 0.925821 0.830767 0.543866 0.653090 0.630629 0.575279 0.998417 0.920893 0.921775 0.829282 0.997871 0.666986 0.787947 0.937173 0.751876 0.989518
0.901712 0.854492 0.967700 0.886944 0.000000 0.959799 0.937725 0.965439 0.787759 0.935045 0.964971 0.925385 0.742590 0.880317 0.737087 0.751928 0.957871 0.949408 0.884619 0.913666 0.793452 0.964466 0.676439 0.687881 0.944984 0.865229 0.854683 0.901659 0.976713 0.974821 0.935233 0.917471 0.900006 0.941483 0.962976 0.988636 0.938018 0.727915 0.944979 0.922069 0.909461 0.990216 0.707691 0.684066 0.944114 0.884714 0.738875 0.909771 0.829946 0.935506 0.873071 0.952205 0.956791 0.992803 0.941355 0.973688 0.877648 0.974985 0.820000 0.900645 0.906569 0.985292 0.971723 0.996495 0.826648 0.968984 0.903804 0.764290 0.995792 0.971664 0.895578 0.967088 0.929188 0.832386 0.923406 0.885845 0.889588 0.911880 0.822509 0.976463 0.881654 0.992577 0.790784 0.954193 0.704841 0.792655 0.844524 0.770335 0.993720 0.986321 0.866681 0.958687 0.832136 0.969287 0.961298 0.839250 0.936744 0.877265 0.987397 0.941258 0.970766 0.899231 0.995220 0.858162 0.863757 0.962134 0.960453 0.962290 0.887080 0.894465 0.987855 0.970472 0.862193 0.978769 0.948298 0.984420
0.808326 0.879143 0.760234 0.760516 0.959799 0.000000 0.926271 0.751515 0.970818 0.745281 0.836276 0.789919 0.998092 0.846056 0.868901 0.883869 0.871969 0.874464 0.873825 0.928239 0.975205 0.856609 0.968434 0.947769 0.875035 0.948300 0.993851 0.892926 0.852599 0.818063 0.916209 0.996472 0.849773 0.902904 0.896677 0.920179 0.929765 0.985678 0.961420 0.967182 0.962407 0.904131 0.975247 0.968283 0.960084 0.837764 0.803693 0.886098 0.948435 0.996482 0.935621 0.961576 0.977726 0.867881 0.930177 0.816387 0.939618 0.947973 0.876205 0.719409 0.772345 0.641104 0.816779 0.841425 0.850655 0.667124 0.851082 0.777522 0.889398 0.931656 0.885623 0.986905 0.919284 0.869480 0.974913 0.863032 0.956168 0.899476 0.917314 0.941092 0.778117 0.777328 0.919723 0.910783 0.998440 0.906291 0.903784 0.933419 0.938875 0.924042 0.879477 0.943559 0.937737 0.909351 0.985880 0.912951 0.868098 0.816550 0.856978 0.864461 0.883193 0.954443 0.837645 0.840065 0.852956 0.947525 0.898184 0.979107 0.964675 0.960713 0.979018 0.781337 0.942674 0.907800 0.846583 0.920783
0.699291 0.735146 0.676680 0.728894 0.937725 0.926271 0.000000 0.437743 0.758543 0.399086 0.576836 0.795640 0.769092 0.787006 0.656982 0.760465 0.607304 0.587322 0.673590 0.731270 0.900330 0.975483 0.956524 0.752092 0.617382 0.711910 0.743861 0.677149 0.658631 0.692680 0.866907 0.920289 0.663270 0.521616 0.995531 0.944307 0.851464 0.969788 0.830106 0.973443 0.871209 0.938819 0.981737 0.980501 0.494381 0.554111 0.920029 0.771655 0.717332 0.829370 0.932347 0.992976 0.835166 0.961730 0.987833 0.901439 0.849170 0.770729 0.694741 0.731186 0.503488 0.650604 0.650252 0.556104 0.683476 0.942436 0.623117 0.686344 0.853082 0.674731 0.831624 0.772095 0.979289 0.940180 0.728031 0.956049 0.941626 0.701185 0.842428 0.933158 0.693585 0.730937 0.972127 0.714227 0.971835 0.680335 0.814451 0.821408 0.798949 0.953075 0.537128 0.742950 0.609966 0.908687 0.744058 0.920206 0.756763 0.846974 0.492730 0.593562 0.771146 0.963266 0.625396 0.713552 0.890637 0.803675 0.897428 0.992514 0.953730 0.785080 0.973312 0.714549 0.629999 0.738541 0.899678 0.995380
0.618093 0.688499 0.936689 0.735640 0.965439 0.751515 0.437743 0.000000 0.931115 0.313107 0.402195 0.442813 0.908536 0.965342 0.637281 0.863097 0.521031 0.514470 0.640907 0.630256 0.820382 0.876525 0.810642 0.770454 0.507131 0.616998 0.676169 0.644166 0.509626 0.464198 0.953278 0.934312 0.685436 0.374509 0.951832 0.994759 0.956894 0.849646 0.891386 0.963797 0.826717 0.989600 0.919896 0.939976 0.537312 0.519404 0.808033 0.678395 0.650266 0.929172 0.940919 0.867164 0.904259 0.717094 0.812356 0.779335 0.818563 0.841507 0.678301 0.633583 0.392892 0.360387 0.438104 0.370000 0.477645 0.815399 0.766277 0.596909 0.963343 0.757700 0.892350 0.951317 0.948209 0.845309 0.769802 0.954581 0.982069 0.794201 0.932835 0.912426 0.583921 0.612414 0.914417 0.690707 0.944698 0.815566 0.710968 0.823841 0.864039 0.811258 0.716125 0.956160 0.876407 0.772697 0.750189 0.977238 0.758027 0.862246 0.482330 0.636124 0.648652 0.952165 0.569066 0.657975 0.973342 0.830520 0.841362 0.882996 0.887404 0.829265 0.851443 0.695531 0.727273 0.696554 0.877865 0.819215
0.811798 0.984673 0.727240 0.937452 0.787759 0.970818 0.758543 0.931115 0.000000 0.851866 0.998224 0.911167 0.965777 0.954480 0.997979 0.959065 0.995638 0.964792 0.893035 0.958491 0.981489 0.829925 0.840150 0.918922 0.932174 0.937792 0.946939 0.934377 0.897717 0.964529 0.996255 0.918491 0.930977 0.919656 0.923122 0.815180 0.994485 0.895712 0.968891 0.977211 0.987212 0.926459 0.795204 0.832195 0.897809 0.994698 0.869704 0.831543 0.951883 0.973987 0.890183 0.909999 0.825192 0.711471 0.861596 0.920928 0.913788 0.891452 0.956256 0.952060 0.902014 0.972195 0.884301 0.935951 0.828512 0.982024 0.827033 0.995490 0.993119 0.921815 0.948101 0.874882 0.967428 0.993154 0.886170 0.987822 0.821142 0.959245 0.919637 0.861820 0.918988 0.834620 0.980543 0.960709 0.990321 0.942779 0.956999 0.864495 0.958172 0.872764 0.714706 0.681564 0.758257 0.721773 0.915995 0.950283 0.829250 0.967608 0.892260 0.906361 0.886854 0.817132 0.994874 0.991104 0.905932 0.968342 0.950923 0.893160 0.881102 0.976461 0.915156 0.883814 0.898936 0.874365 0.881973 0.959547
0.699743 0.793949 0.990993 0.822931 0.935045 0.745281 0.399086 0.313107 0.851866 0.000000 0.511513 0.559274 0.859338 0.966084 0.590801 0.812706 0.592058 0.563221 0.700944 0.752618 0.886862 0.974526 0.777897 0.695559 0.425284 0.504794 0.680031 0.631252 0.594924 0.531144 0.996495 0.995101 0.753132 0.471180 0.945574 0.930835 0.930115 0.806788 0.829000 0.906424 0.868649 0.999848 0.980920 0.969364 0.526185 0.544849 0.825696 0.749202 0.686568 0.974056 0.949208 0.846850 0.933599 0.775707 0.887008 0.759259 0.897897 0.858486 0.674034 0.668074 0.413139 0.426224 0.522697 0.458509 0.463813 0.875155 0.731922 0.651637 0.971947 0.720789 0.891620 0.910583 0.971358 0.882388 0.738160 0.964784 0.944922 0.849313 0.886885 0.824661 0.624123 0.705394 0.814918 0.774354 0.873590 0.686546 0.704947 0.782511 0.802068 0.903768 0.727338 0.999726 0.859907 0.821672 0.774995 0.984588 0.817144 0.856446 0.514186 0.651825 0.685968 0.910730 0.631598 0.706691 0.977793 0.812250 0.943441 0.956907 0.953311 0.830453 0.911772 0.726097 0.763604 0.658092 0.885013 0.915594
0.542624 0.747353 0.953859 0.751933 0.964971 0.836276 0.576836 0.402195 0.998224 0.511513 0.000000 0.487255 0.923523 0.935645 0.676921 0.803614 0.460715 0.496709 0.699846 0.622989 0.932339 0.739175 0.762762 0.726550 0.753148 0.778733 0.836029 0.806490 0.565669 0.542356 0.950086 0.993293 0.645411 0.406504 0.893665 0.956902 0.881240 0.957931 0.934821 0.945334 0.730528 0.879124 0.984336 0.956883 0.724456 0.669675 0.816182 0.786002 0.732879 0.966559 0.868304 0.853711 0.816669 0.655114 0.767152 0.731819 0.733442 0.813301 0.625202 0.655329 0.451133 0.456714 0.391662 0.365274 0.636062 0.854805 0.707755 0.671310 0.981249 0.720429 0.983848 0.965442 0.994387 0.941505 0.870014 0.896475 0.887281 0.912877 0.884413 0.989743 0.519296 0.541329 0.956240 0.605394 0.944064 0.961496 0.818817 0.819464 0.970664 0.702808 0.818697 0.804668 0.955698 0.713694 0.680928 0.957072 0.820713 0.884901 0.653052 0.749128 0.740117 0.927241 0.539433 0.743437 0.972452 0.789792 0.718296 0.850336 0.801242 0.804415 0.954138 0.780837 0.816086 0.880652 0.947573 0.861277
0.653495 0.744073 0.786321 0.873771 0.925385 0.789919 0.795640 0.442813 0.911167 0.559274 0.487255 0.000000 0.710510 0.660622 0.947553 0.822029 0.581190 0.580204 0.649043 0.642878 0.838194 0.820050 0.876804 0.969476 0.660655 0.628240 0.864846 0.793505 0.564665 0.504270 0.848533 0.990525 0.817919 0.490697 0.968636 0.952720 0.888881 0.806020 0.943340 0.956162 0.808143 0.948187 0.919958 0.984366 0.801245 0.710802 0.727244 0.798046 0.785900 0.914332 0.856435 0.780626 0.712943 0.559964 0.674774 0.706714 0.784796 0.918678 0.812161 0.797205 0.488863 0.416794 0.416287 0.446652 0.635839 0.683821 0.954615 0.809668 0.940042 0.805344 0.987053 0.831875 0.932568 0.901231 0.843457 0.906346 0.943165 0.896504 0.992852 0.919656 0.567565 0.544544 0.948091 0.689785 0.843594 0.836812 0.813151 0.965489 0.918798 0.752191 0.916731 0.671950 0.841599 0.530993 0.744121 0.928495 0.841046 0.975032 0.792137 0.931403 0.746926 0.851726 0.721661 0.816140 0.943469 0.913930 0.689411 0.902570 0.822869 0.918881 0.834709 0.851483 0.890550 0.886203 0.894911 0.774965
0.939943 0.955021 0.892604 0.945989 0.742590 0.998092 0.769092 0.908536 0.965777 0.859338 0.923523 0.710510 0.000000 0.502686 0.524172 0.431907 0.918950 0.915200 0.978622 0.984339 0.786347 0.966227 0.715540 0.609099 0.966709 0.867261 0.704190 0.828263 0.961526 0.964976 0.754274 0.944305 0.850767 0.921207 0.919152 0.861717 0.898729 0.848677 0.908552 0.932506 0.907662 0.952397 0.841325 0.780677 0.730455 0.755639 0.954133 0.859874 0.810905 0.752647 0.816425 0.810364 0.808825 0.839404 0.737109 0.887004 0.898410 0.864684 0.676132 0.665601 0.917650 0.995857 0.883328 0.996828 0.794845 0.910125 0.758505 0.590146 0.961872 0.906753 0.872501 0.840117 0.986564 0.985833 0.957347 0.863019 0.931315 0.915315 0.810444 0.874951 0.976417 0.958995 0.739909 0.872969 0.560779 0.512539 0.873665 0.664094 0.757226 0.998956 0.763981 0.763242 0.874871 0.744803 0.872768 0.929999 0.971194 0.907040 0.790991 0.681255 0.763260 0.844540 0.930464 0.845250 0.999987 0.861874 0.788359 0.968051 0.990542 0.881742 0.853809 0.869352 0.804375 0.987987 0.958389 0.850153
0.993779 0.841565 0.847820 0.857203 0.880317 0.846056 0.787006 0.965342 0.954480 0.966084 0.935645 0.660622 0.502686 0.000000 0.534190 0.436886 0.970629 0.932467 0.723392 0.749586 0.920741 0.955844 0.675462 0.544730 0.978536 0.958408 0.703188 0.883436 0.786828 0.739090 0.949455 0.733648 0.989984 0.982466 0.931018 0.996432 0.800256 0.893836 0.962492 0.922769 0.910641 0.879145 0.890079 0.946922 0.985484 0.974006 0.844447 0.839155 0.950191 0.993447 0.955385 0.950842 0.974858 0.978082 0.872796 0.809496 0.911163 0.929453 0.793947 0.898053 0.998885 0.940442 0.824766 0.956650 0.898800 0.829908 0.892887 0.878094 0.985557 0.987228 0.867223 0.956368 0.818625 0.797459 0.920792 0.941891 0.849564 0.991474 0.909316 0.941084 0.879624 0.890531 0.788317 0.899630 0.633497 0.549293 0.952155 0.646943 0.905597 0.877436 0.902030 0.894988 0.925147 0.805834 0.888227 0.949661 0.959958 0.848062 0.994547 0.963306 0.975445 0.964965 0.971279 0.919357 0.984561 0.977384 0.793245 0.971661 0.961174 0.935394 0.809636 0.912472 0.988775 0.974960 0.901149 0.860453
0.909905 0.975525 0.942786 0.882688 0.737087 0.868901 0.656982 0.637281 0.997979 0.590801 0.676921 0.947553 0.524172 0.534190 0.000000 0.452199 0.779823 0.851150 0.870908 0.884039 0.948633 0.895415 0.491207 0.454602 0.727692 0.829596 0.554820 0.791391 0.897458 0.835157 0.971347 0.884476 0.888627 0.719768 0.912242 0.937526 0.944642 0.954486 0.879675 0.889544 0.963352 0.940629 0.881757 0.836744 0.657362 0.676480 0.909049 0.928719 0.775563 0.952240 0.966139 0.842022 0.809680 0.806703 0.974841 0.968945 0.978284 0.987756 0.683685 0.708497 0.709798 0.634653 0.867822 0.753158 0.538907 0.878621 0.762027 0.503551 0.756525 0.903343 0.902173 0.863469 0.911096 0.921251 0.905557 0.860677 0.926440 0.902923 0.805381 0.974011 0.885599 0.997349 0.627393 0.971145 0.498150 0.502521 0.779517 0.644341 0.751561 0.937943 0.910969 0.920352 0.961458 0.918386 0.931438 0.989729 0.966980 0.811890 0.814836 0.800560 0.753299 0.962724 0.893530 0.905123 0.868505 0.981824 0.992485 0.920671 0.945717 0.865320 0.982808 0.929251 0.871688 0.776035 0.827960 0.995450
0.902251 0.974408 0.794549 0.998949 0.751928 0.883869 0.760465 0.863097 0.959065 0.812706 0.803614 0.822029 0.431907 0.436886 0.452199 0.000000 0.884835 0.894784 0.883494 0.900204 0.918597 0.966488 0.501166 0.423258 0.921261 0.976662 0.666056 0.869159 0.949663 0.892178 0.954340 0.776231 0.998546 0.918395 0.969610 0.971858 0.852069 0.934877 0.918277 0.852521 0.987025 0.846094 0.965258 0.870548 0.802534 0.840898 0.991009 0.936417 0.796363 0.943046 0.974445 0.939205 0.920303 0.917846 0.922961 0.967584 0.966801 0.903500 0.652582 0.806572 0.973621 0.954024 0.980373 0.883641 0.757589 0.832969 0.814274 0.744611 0.974132 0.893266 0.881702 0.953570 0.765564 0.785702 0.948432 0.984995 0.925666 0.992136 0.849373 0.993723 0.943776 0.960691 0.659663 0.970650 0.564292 0.506808 0.856785 0.528071 0.859004 0.935181 0.917996 0.995853 0.944250 0.945630 0.953139 0.997934 0.976036 0.856849 0.853945 0.841180 0.858051 0.984147 0.903121 0.907805 0.913275 0.862168 0.889824 0.952916 0.975823 0.921431 0.782080 0.969148 0.993573 0.974183 0.873731 0.915915
0.469593 0.578630 0.929760 0.746892 0.957871 0.871969 0.607304 0.521031 0.995638 0.592058 0.460715 0.581190 0.918950 0.970629 0.779823 0.884835 0.000000 0.421302 0.616081 0.559480 0.958440 0.897890 0.831609 0.775229 0.803232 0.876034 0.827975 0.841744 0.658761 0.663483 0.941222 0.973745 0.628034 0.523825 0.864280 0.968598 0.806090 0.925372 0.814625 0.967984 0.700906 0.868422 0.950705 0.918512 0.754999 0.696297 0.754654 0.705384 0.684567 0.790667 0.889732 0.906043 0.989747 0.837765 0.672864 0.671263 0.545773 0.570944 0.480991 0.510408 0.552809 0.553035 0.484082 0.410271 0.754675 0.812616 0.671381 0.682728 0.781558 0.658799 0.849243 0.981381 0.888292 0.970708 0.808849 0.918692 0.991334 0.783079 0.883855 0.941046 0.481483 0.494430 0.962316 0.627500 0.845895 0.978177 0.900675 0.987899 0.840241 0.653875 0.847946 0.901714 0.939864 0.869997 0.725868 0.842930 0.715694 0.879092 0.591513 0.666373 0.789905 0.947878 0.531619 0.627509 0.848250 0.675490 0.933231 0.906071 0.953052 0.759614 0.968645 0.781437 0.769316 0.828545 0.936106 0.986268
0.359815 0.529316 0.897270 0.686411 0.949408 0.874464 0.587322 0.514470 0.964792 0.563221 0.496709 0.580204 0.915200 0.932467 0.851150 0.894784 0.421302 0.000000 0.569097 0.511396 0.983857 0.943385 0.831752 0.750075 0.788270 0.855455 0.918070 0.838964 0.615896 0.590641 0.950748 0.970782 0.556545 0.486300 0.875681 0.919793 0.680266 0.841644 0.916906 0.857372 0.730180 0.740122 0.767527 0.818774 0.636842 0.532076 0.566397 0.538200 0.513950 0.656592 0.774378 0.824652 0.865351 0.882775 0.637879 0.569306 0.424009 0.495600 0.405796 0.491335 0.607625 0.620682 0.442457 0.388074 0.683532 0.980259 0.645503 0.718539 0.700034 0.529221 0.877822 0.960025 0.998665 0.965449 0.818151 0.908790 0.970935 0.777224 0.811938 0.965360 0.340537 0.369813 0.836681 0.453329 0.760317 0.980459 0.887627 0.952810 0.890715 0.543412 0.846152 0.923348 0.902589 0.831232 0.704822 0.852103 0.737584 0.844450 0.539763 0.635776 0.794540 0.971439 0.437183 0.591615 0.825792 0.623376 0.952841 0.931114 0.923048 0.771054 0.947213 0.696756 0.705931 0.828670 0.972796 0.908479
0.552317 0.540170 0.888570 0.544570 0.884619 0.873825 0.673590 0.640907 0.893035 0.700944 0.699846 0.649043 0.978622 0.723392 0.870908 0.883494 0.616081 0.569097 0.000000 0.468079 0.875905 0.860123 0.750566 0.864090 0.894293 0.862370 0.940065 0.831176 0.692424 0.686214 0.799733 0.598487 0.682503 0.628529 0.881121 0.891847 0.923158 0.988956 0.771255 0.878836 0.753555 0.839342 0.899890 0.927903 0.675452 0.618731 0.743716 0.628408 0.638030 0.639750 0.814054 0.770685 0.701973 0.925564 0.756703 0.702169 0.630494 0.666013 0.761766 0.691152 0.756765 0.795796 0.605174 0.604798 0.900317 0.979138 0.897964 0.883340 0.726328 0.636076 0.645484 0.715884 0.760223 0.759161 0.924778 0.930984 0.863565 0.718735 0.965341 0.868834 0.661166 0.545561 0.769136 0.771311 0.618718 0.894052 0.981998 0.819383 0.986903 0.682811 0.681281 0.824814 0.682279 0.980191 0.683227 0.930833 0.741238 0.979192 0.594334 0.535769 0.858653 0.989402 0.595154 0.664879 0.755068 0.595205 0.940871 0.874731 0.993026 0.887075 0.887701 0.724641 0.693748 0.951147 0.884413 0.861255
0.519893 0.487188 0.900466 0.568497 0.913666 0.928239 0.731270 0.630256 0.958491 0.752618 0.622989 0.642878 0.984339 0.749586 0.884039 0.900204 0.559480 0.511396 0.468079 0.000000 0.971682 0.918039 0.841660 0.901806 0.943552 0.966623 0.987647 0.790876 0.596225 0.618575 0.706564 0.754369 0.613566 0.624603 0.925656 0.965331 0.780992 0.826777 0.959855 0.996101 0.687144 0.922683 0.853759 0.919686 0.742553 0.651587 0.687979 0.606352 0.634598 0.595245 0.713847 0.670186 0.724590 0.950143 0.858558 0.733204 0.522553 0.599019 0.627459 0.557783 0.798618 0.716262 0.606366 0.596540 0.880620 0.885624 0.778081 0.773976 0.744464 0.682385 0.678604 0.735373 0.729484 0.730487 0.912000 0.963914 0.921874 0.825035 0.866151 0.822366 0.647419 0.542961 0.749377 0.690464 0.690569 0.853603 0.908276 0.880046 0.948528 0.616262 0.761424 0.929009 0.862798 0.996902 0.759494 0.912012 0.713210 0.947559 0.598894 0.632636 0.733595 0.949335 0.602610 0.619409 0.794050 0.642377 0.965456 0.927816 0.890611 0.794359 0.930681 0.685036 0.700080 0.883036 0.838225 0.839358
0.950992 0.952111 0.859924 0.988988 0.793452 0.975205 0.900330 0.820382 0.981489 0.886862 0.932339 0.838194 0.786347 0.920741 0.948633 0.918597 0.958440 0.983857 0.875905 0.971682 0.000000 0.911828 0.808287 0.802484 0.814290 0.737584 0.973283 0.794198 0.867845 0.834375 0.969379 0.872429 0.905851 0.923386 0.942532 0.991422 0.872870 0.892424 0.854479 0.936941 0.916373 0.864916 0.816675 0.893972 0.818575 0.914782 0.825758 0.983547 0.915316 0.973654 0.855664 0.850006 0.977866 0.943491 0.824178 0.952900 0.828845 0.871398 0.793199 0.883115 0.904387 0.914254 0.905181 0.870991 0.860945 0.866913 0.816519 0.857127 0.922691 0.922321 0.940755 0.959680 0.929823 0.748203 0.971239 0.856731 0.978236 0.982761 0.820814 0.917510 0.954452 0.994433 0.909853 0.984632 0.876622 0.928001 0.996376 0.943740 0.823439 0.898313 0.914191 0.990554 0.838905 0.924062 0.852635 0.753039 0.965953 0.940781 0.819031 0.965624 0.976704 0.981996 0.984676 0.987324 0.891994 0.979599 0.889568 0.965594 0.960278 0.921561 0.939104 0.887283 0.995397 0.982881 0.853195 0.772991
0.918402 0.875136 0.899476 0.962255 0.964466 0.856609 0.975483 0.876525 0.829925 0.974526 0.739175 0.820050 0.966227 0.955844 0.895415 0.966488 0.897890 0.943385 0.860123 0.918039 0.911828 0.000000 0.971319 0.962535 0.996267 0.950027 0.953294 0.758809 0.764036 0.813597 0.914770 0.756178 0.996903 0.796882 0.959852 0.855022 0.800877 0.809093 0.982551 0.890361 0.893473 0.936102 0.984100 0.946088 0.882789 0.955611 0.983387 0.956022 0.994356 0.946697 0.838590 0.868393 0.904230 0.837425 0.974705 0.970131 0.943546 0.908582 0.936450 0.992866 0.874086 0.907451 0.765515 0.808188 0.832131 0.933733 0.916491 0.907597 0.867907 0.958134 0.936984 0.934331 0.878816 0.859912 0.990394 0.911910 0.916410 0.924466 0.915226 0.764859 0.976094 0.881077 0.861666 0.973488 0.963796 0.983321 0.980150 0.968820 0.914815 0.998549 0.960549 0.894378 0.883459 0.893361 0.886213 0.870654 0.929519 0.858265 0.969263 0.957429 0.868357 0.911134 0.997944 0.953917 0.815123 0.919203 0.785337 0.677879 0.997734 0.998049 0.874818 0.930542 0.965173 0.904406 0.845526 0.917751
0.852927 0.913166 0.895636 0.749974 0.676439 0.968434 0.956524 0.810642 0.840150 0.777897 0.762762 0.876804 0.715540 0.675462 0.491207 0.501166 0.831609 0.831752 0.750566 0.841660 0.808287 0.971319 0.000000 0.363851 0.790243 0.859694 0.713389 0.976813 0.999590 0.964307 0.718466 0.601408 0.961160 0.857397 0.899382 0.979952 0.968287 0.958223 0.859203 0.764247 0.958684 0.987815 0.887397 0.872814 0.971410 0.910461 0.812616 0.979599 0.866368 0.812738 0.816373 0.699132 0.590226 0.544209 0.887568 0.852409 0.960004 0.980437 0.641460 0.817902 0.819361 0.735818 0.844553 0.773746 0.602846 0.912813 0.923171 0.750787 0.851621 0.981563 0.689320 0.692980 0.648477 0.630043 0.941807 0.948937 0.910776 0.860591 0.830997 0.867662 0.772056 0.907510 0.671189 0.917909 0.592190 0.713692 0.712641 0.572747 0.930238 0.902712 0.712009 0.589479 0.677756 0.669533 0.947751 0.981382 0.943031 0.796944 0.973005 0.891959 0.850360 0.765754 0.947726 0.946863 0.724772 0.913834 0.901217 0.859797 0.913848 0.967284 0.930392 0.934075 0.905161 0.961246 0.861920 0.953440
0.773036 0.986243 0.980261 0.893380 0.687881 0.947769 0.752092 0.770454 0.918922 0.695559 0.726550 0.969476 0.609099 0.544730 0.454602 0.423258 0.775229 0.750075 0.864090 0.901806 0.802484 0.962535 0.363851 0.000000 0.739136 0.872991 0.657465 0.917621 0.960951 0.982045 0.811341 0.622998 0.969090 0.774529 0.982672 0.974799 0.880909 0.966702 0.984795 0.809426 0.941145 0.935288 0.941864 0.939053 0.833234 0.812312 0.836105 0.910982 0.771069 0.959443 0.933179 0.808942 0.780263 0.711201 0.956220 0.927242 0.912718 0.863033 0.565650 0.784685 0.811011 0.799804 0.802050 0.705747 0.605814 0.871961 0.797578 0.755459 0.991540 0.821124 0.826712 0.838447 0.668849 0.646698 0.891393 0.991188 0.908997 0.966820 0.798987 0.918955 0.744051 0.859842 0.748311 0.850022 0.600443 0.565111 0.783605 0.565094 0.962522 0.942394 0.961495 0.795000 0.894343 0.868596 0.976847 0.975100 0.980232 0.827859 0.854520 0.925246 0.852768 0.924313 0.827155 0.846906 0.840174 0.945851 0.966600 0.890070 0.974105 0.958788 0.785809 0.924914 0.981418 0.919026 0.812781 0.950568
0.899272 0.992331 0.803645 0.877093 0.944984 0.875035 0.617382 0.507131 0.932174 0.425284 0.753148 0.660655 0.966709 0.978536 0.727692 0.921261 0.803232 0.788270 0.894293 0.943552 0.814290 0.996267 0.790243 0.739136 0.000000 0.401815 0.677382 0.625399 0.702138 0.670210 0.867746 0.944407 0.939812 0.629695 0.914779 0.851495 0.798281 0.760592 0.835054 0.971259 0.964041 0.910861 0.835706 0.768025 0.726403 0.762179 0.996992 0.915863 0.867649 0.866811 0.825589 0.713417 0.820425 0.749875 0.951190 0.971907 0.851033 0.945414 0.911358 0.872809 0.493303 0.530219 0.665325 0.594200 0.491470 0.945512 0.964657 0.858742 0.915154 0.941263 0.947820 0.972622 0.944775 0.933879 0.803756 0.969394 0.939968 0.948140 0.998674 0.766286 0.791368 0.827331 0.769738 0.910981 0.829447 0.731840 0.772704 0.782388 0.751907 0.878700 0.922470 0.869139 0.989900 0.732703 0.990991 0.873012 0.979113 0.985821 0.694937 0.910349 0.837705 0.870180 0.859419 0.861576 0.878474 0.974553 0.949612 0.842577 0.918689 0.986121 0.999708 0.948687 0.928504 0.694821 0.709903 0.787116
0.964792 0.969693 0.790901 0.809265 0.865229 0.948300 0.711910 0.616998 0.937792 0.504794 0.778733 0.628240 0.867261 0.958408 0.829596 0.976662 0.876034 0.855455 0.862370 0.966623 0.737584 0.950027 0.859694 0.872991 0.401815 0.000000 0.705004 0.660416 0.790342 0.675849 0.743514 0.953867 0.979648 0.719261 0.886189 0.836571 0.792070 0.717932 0.861830 0.976414 0.985783 0.969252 0.793407 0.782831 0.757399 0.825971 0.981529 0.974858 0.905502 0.804256 0.762280 0.666157 0.819515 0.717656 0.911735 0.921852 0.884326 0.891800 0.989836 0.978580 0.605343 0.673357 0.703222 0.680951 0.555239 0.972998 0.855937 0.985600 0.965191 0.872733 0.912566 0.985012 0.897705 0.964561 0.903589 0.981184 0.998160 0.880680 0.995687 0.716246 0.865013 0.870633 0.901499 0.943646 0.956387 0.791126 0.843500 0.893555 0.785112 0.896518 0.999576 0.848436 0.959394 0.691672 0.965145 0.894251 0.957073 0.979799 0.831913 0.963185 0.896149 0.738106 0.937158 0.998075 0.899534 0.970198 0.869344 0.919331 0.926568 0.973288 0.961808 0.995204 0.969602 0.773858 0.797971 0.826982
0.909278 0.918839 0.850786 0.924295 0.854683 0.993851 0.743861 0.676169 0.946939 0.680031 0.836029 0.864846 0.704190 0.703188 0.554820 0.666056 0.827975 0.918070 0.940065 0.987647 0.973283 0.953294 0.713389 0.657465 0.677382 0.705004 0.000000 0.687374 0.962594 0.855897 0.962341 0.970622 0.978430 0.707920 0.922585 0.994498 0.914398 0.992556 0.995348 0.970358 0.985616 0.951466 0.899650 0.944474 0.709662 0.739300 0.951219 0.828513 0.804456 0.937271 0.974955 0.886605 0.892852 0.873193 0.997876 0.914639 0.959154 0.985740 0.830472 0.801810 0.826665 0.743709 0.945393 0.828865 0.632173 0.955727 0.886659 0.715901 0.950046 0.901714 0.975402 0.970809 0.991830 0.942973 0.951139 0.860122 0.911351 0.852156 0.954478 0.974545 0.989907 0.988991 0.702482 0.926618 0.701925 0.650813 0.888043 0.679010 0.900132 0.930500 0.906484 0.987299 0.991822 0.892829 0.924643 0.919990 0.876364 0.847339 0.789471 0.813129 0.775502 0.986593 0.918686 0.988794 0.842204 0.955186 0.869952 0.988722 0.938290 0.975539 0.995855 0.992165 0.922302 0.737665 0.836031 0.917067
0.981648 0.927006 0.948740 0.998469 0.901659 0.892926 0.677149 0.644166 0.934377 0.631252 0.806490 0.793505 0.828263 0.883436 0.791391 0.869159 0.841744 0.838964 0.831176 0.790876 0.794198 0.758809 0.976813 0.917621 0.625399 0.660416 0.687374 0.000000 0.778939 0.763767 0.920202 0.893604 0.982250 0.716044 0.933943 0.989766 0.803315 0.762574 0.871023 0.930629 0.965780 0.988420 0.964685 0.981334 0.649895 0.696118 0.950859 0.969691 0.816004 0.911264 0.997982 0.977828 0.957611 0.993447 0.886486 0.929724 0.871103 0.990916 0.925935 0.794375 0.730515 0.701816 0.863410 0.775290 0.681391 0.958559 0.988710 0.731527 0.811865 0.898901 0.958348 0.842451 0.878054 0.746314 0.895555 0.916729 0.982975 0.930091 0.990765 0.989490 0.987170 0.937143 0.934733 0.986941 0.806662 0.737463 0.931617 0.853762 0.750096 0.889095 0.871709 0.914607 0.965968 0.953628 0.885051 0.883800 0.835445 0.908865 0.719885 0.764688 0.729532 0.981112 0.994881 0.917371 0.896080 0.975804 0.821537 0.765246 0.979468 0.896149 0.960305 0.848080 0.787117 0.829015 0.787477 0.857787
0.726948 0.833871 0.949078 0.807720 0.976713 0.852599 0.658631 0.509626 0.897717 0.594924 0.565669 0.564665 0.961526 0.786828 0.897458 0.949663 0.658761 0.615896 0.692424 0.596225 0.867845 0.764036 0.999590 0.960951 0.702138 0.790342 0.962594 0.778939 0.000000 0.417947 0.786840 0.742186 0.718591 0.479576 0.958881 0.861711 0.888407 0.966022 0.852456 0.830590 0.901565 0.971745 0.883690 0.977283 0.688285 0.702002 0.798347 0.714537 0.775638 0.937256 0.996682 0.968437 0.997928 0.832087 0.900433 0.845564 0.853497 0.993089 0.853775 0.796033 0.610634 0.564151 0.517977 0.570777 0.620009 0.873662 0.761889 0.741688 0.908505 0.888029 0.842109 0.897436 0.857542 0.709310 0.746352 0.945739 0.949857 0.841704 0.930283 0.930639 0.695758 0.696123 0.989762 0.780511 0.950841 0.997346 0.827904 0.994639 0.873639 0.901386 0.851592 0.884053 0.994137 0.788342 0.672669 0.931218 0.899129 0.964290 0.633046 0.754771 0.633368 0.898551 0.714839 0.710303 0.971040 0.841536 0.878277 0.795798 0.958343 0.777358 0.759933 0.791462 0.734354 0.782743 0.913624 0.821970
0.741971 0.771026 0.803502 0.895291 0.974821 0.818063 0.692680 0.464198 0.964529 0.531144 0.542356 0.504270 0.964976 0.739090 0.835157 0.892178 0.663483 0.590641 0.686214 0.618575 0.834375 0.813597 0.964307 0.982045 0.670210 0.675849 0.855897 0.763767 0.417947 0.000000 0.768990 0.747396 0.658456 0.433899 0.979441 0.903907 0.841838 0.926662 0.906718 0.937999 0.847509 0.967470 0.853453 0.937679 0.586306 0.583815 0.791557 0.687740 0.669967 0.891905 0.953697 0.953369 0.980799 0.807210 0.870670 0.786124 0.803392 0.986168 0.826124 0.732560 0.605515 0.506368 0.495998 0.518170 0.482875 0.851209 0.811114 0.652960 0.892800 0.853476 0.858098 0.909820 0.798409 0.690624 0.896238 0.926437 0.976065 0.817357 0.998520 0.955571 0.673176 0.685586 0.880084 0.796565 0.985839 0.929515 0.874433 0.985871 0.856979 0.936559 0.900366 0.849055 0.954565 0.719531 0.722914 0.998067 0.862162 0.994404 0.645118 0.734269 0.672676 0.944302 0.740592 0.705512 0.968324 0.851925 0.850066 0.881667 0.908100 0.837466 0.795889 0.808311 0.757286 0.836894 0.948948 0.863421
0.971374 0.877128 0.941291 0.819709 0.935233 0.916209 0.866907 0.953278 0.996255 0.996495 0.950086 0.848533 0.754274 0.949455 0.971347 0.954340 0.941222 0.950748 0.799733 0.706564 0.969379 0.914770 0.718466 0.811341 0.867746 0.743514 0.962341 0.920202 0.786840 0.768990 0.000000 0.534049 0.817818 0.881385 0.995427 0.787783 0.987930 0.724852 0.859904 0.780737 0.959784 0.908435 0.867253 0.887077 0.798375 0.810548 0.991354 0.864391 0.897610 0.658791 0.630250 0.548492 0.589514 0.549856 0.691263 0.880636 0.903454 0.911751 0.981027 0.769479 0.947060 0.983736 0.974097 0.982673 0.976635 0.952564 0.795136 0.692413 0.928036 0.945434 0.609800 0.694450 0.612978 0.584020 0.880513 0.812293 0.981591 0.824123 0.867687 0.728318 0.993132 0.964584 0.947746 0.942805 0.940514 0.923281 0.986853 0.995984 0.759707 0.880457 0.677842 0.698682 0.785750 0.698966 0.874156 0.913746 0.988726 0.899038 0.710086 0.680126 0.845916 0.805640 0.894129 0.784415 0.812956 0.877369 0.812473 0.885674 0.969074 0.922431 0.854268 0.900403 0.794177 0.987386 0.837288 0.981778
0.989771 0.887634 0.996652 0.831834 0.917471 0.996472 0.920289 0.934312 0.918491 0.995101 0.993293 0.990525 0.944305 0.733648 0.884476 0.776231 0.973745 0.970782 0.598487 0.754369 0.872429 0.756178 0.601408 0.622998 0.944407 0.953867 0.970622 0.893604 0.742186 0.747396 0.534049 0.000000 0.804339 0.904304 0.919972 0.715586 0.809171 0.981694 0.813184 0.697593 0.958307 0.982998 0.836924 0.851831 0.695523 0.756336 0.984547 0.735292 0.828072 0.697953 0.779915 0.733714 0.633028 0.688904 0.919720 0.912615 0.963723 0.944757 0.830651 0.941673 0.923765 0.959712 0.966606 0.975286 0.975930 0.981574 0.953375 0.838078 0.952129 0.952645 0.603006 0.704893 0.631128 0.548922 0.990294 0.901128 0.815750 0.802461 0.941832 0.696288 0.919864 0.998984 0.853822 0.844324 0.858134 0.990533 0.904414 0.768194 0.735606 0.945681 0.730912 0.743371 0.792219 0.803008 0.871998 0.901714 0.985267 0.836477 0.787055 0.666825 0.829278 0.903469 0.914582 0.866031 0.856054 0.887359 0.971529 0.989552 0.911375 0.997209 0.796263 0.958048 0.728583 0.974777 0.874520 0.939603
0.539210 0.657726 0.817584 0.708435 0.900006 0.849773 0.663270 0.685436 0.930977 0.753132 0.645411 0.817919 0.850767 0.989984 0.888627 0.998546 0.628034 0.556545 0.682503 0.613566 0.905851 0.996903 0.961160 0.969090 0.939812 0.979648 0.978430 0.982250 0.718591 0.658456 0.817818 0.804339 0.000000 0.627709 0.934348 0.920408 0.718605 0.795536 0.891434 0.901021 0.822030 0.859946 0.895881 0.863852 0.776162 0.695197 0.684479 0.669753 0.728408 0.718318 0.803003 0.787320 0.829407 0.947591 0.809157 0.824415 0.573352 0.701019 0.636412 0.614109 0.742108 0.751854 0.676727 0.661418 0.845628 0.903627 0.664688 0.720139 0.782309 0.738576 0.868290 0.879681 0.831133 0.842662 0.915831 0.988611 0.909864 0.762916 0.794137 0.896974 0.621707 0.596336 0.849146 0.669374 0.828425 0.982085 0.910121 0.963360 0.991857 0.684222 0.674958 0.902541 0.843118 0.994781 0.913089 0.815245 0.652543 0.942258 0.693695 0.685542 0.825304 0.973600 0.661758 0.714593 0.758280 0.737467 0.871653 0.864750 0.853632 0.692385 0.954674 0.713737 0.632555 0.872730 0.840506 0.978698
0.566886 0.706516 0.941667 0.826981 0.941483 0.902904 0.521616 0.374509 0.919656 0.471180 0.406504 0.490697 0.921207 0.982466 0.719768 0.918395 0.523825 0.486300 0.628529 0.624603 0.923386 0.796882 0.857397 0.774529 0.629695 0.719261 0.707920 0.716044 0.479576 0.433899 0.881385 0.904304 0.627709 0.000000 0.955986 0.899878 0.943750 0.997330 0.905539 0.971620 0.797144 0.935317 0.855623 0.959181 0.599726 0.583017 0.829957 0.672457 0.664637 0.920618 0.949611 0.894942 0.909607 0.741873 0.764602 0.801149 0.753689 0.869355 0.691332 0.682574 0.464588 0.457735 0.418681 0.395226 0.524239 0.893971 0.758902 0.646549 0.957438 0.754640 0.939156 0.967048 0.931640 0.906837 0.873273 0.988445 0.931724 0.763353 0.959424 0.992767 0.561310 0.563752 0.977383 0.678483 0.976599 0.865074 0.876592 0.878826 0.894035 0.798356 0.780472 0.900075 0.920559 0.742831 0.657342 0.954718 0.884251 0.938968 0.564959 0.634046 0.698538 0.950994 0.581335 0.683720 0.980722 0.757814 0.861015 0.911312 0.904015 0.776791 0.836635 0.695204 0.737417 0.747234 0.898668 0.795960
0.852201 0.933214 0.798990 0.898595 0.962976 0.896677 0.995531 0.951832 0.923122 0.945574 0.893665 0.968636 0.919152 0.931018 0.912242 0.969610 0.864280 0.875681 0.881121 0.925656 0.942532 0.959852 0.899382 0.982672 0.914779 0.886189 0.922585 0.933943 0.958881 0.979441 0.995427 0.919972 0.934348 0.955986 0.000000 0.977690 0.897296 0.957292 0.840691 0.930825 0.741517 0.841558 0.952289 0.959816 0.985837 0.989401 0.983297 0.948810 0.912533 0.887260 0.913959 0.897542 0.951189 0.919608 0.972784 0.899080 0.898659 0.869562 0.942497 0.979704 0.993126 0.900059 0.872201 0.885099 0.796450 0.937396 0.910386 0.943326 0.878392 0.905971 0.978661 0.934625 0.978131 0.951669 0.967382 0.777195 0.840117 0.979734 0.967403 0.877705 0.866963 0.937308 0.912329 0.854159 0.857608 0.869109 0.836478 0.969695 0.958092 0.777391 0.975551 0.989383 0.901491 0.988495 0.909563 0.983993 0.970349 0.952140 0.920553 0.893024 0.912131 0.902781 0.900823 0.991026 0.887161 0.776133 0.949765 0.881399 0.965575 0.898532 0.890914 0.962643 0.931632 0.880484 0.918006 0.933301
0.980811 0.918527 0.983001 0.923759 0.988636 0.920179 0.944307 0.994759 0.815180 0.930835 0.956902 0.952720 0.861717 0.996432 0.937526 0.971858 0.968598 0.919793 0.891847 0.965331 0.991422 0.855022 0.979952 0.974799 0.851495 0.836571 0.994498 0.989766 0.861711 0.903907 0.787783 0.715586 0.920408 0.899878 0.977690 0.000000 0.954600 0.936452 0.882055 0.805495 0.938509 0.972932 0.709220 0.757042 0.736248 0.748659 0.959485 0.775763 0.801684 0.799052 0.888331 0.887702 0.846413 0.851111 0.989838 0.977212 0.923346 0.970218 0.985660 0.945497 0.901207 0.921951 0.996651 0.974118 0.967469 0.901175 0.904398 0.769204 0.904169 0.955336 0.887652 0.935158 0.998563 0.917200 0.969861 0.863724 0.906119 0.835635 0.914391 0.843299 0.966272 0.953247 0.923658 0.964780 0.969510 0.859751 0.918105 0.939359 0.804222 0.993560 0.868155 0.892663 0.845971 0.885766 0.871726 0.976193 0.997028 0.898775 0.855063 0.821099 0.840055 0.965378 0.872296 0.850928 0.941136 0.977988 0.980927 0.901583 0.989936 0.987693 0.976563 0.963380 0.820402 0.997478 0.938099 0.995138
0.603952 0.734367 0.641351 0.714131 0.938018 0.929765 0.851464 0.956894 0.994485 0.930115 0.881240 0.888881 0.898729 0.800256 0.944642 0.852069 0.806090 0.680266 0.923158 0.780992 0.872870 0.800877 0.968287 0.880909 0.798281 0.792070 0.914398 0.803315 0.888407 0.841838 0.987930 0.809171 0.718605 0.943750 0.897296 0.954600 0.000000 0.532425 0.859674 0.740411 0.781780 0.701361 0.876840 0.887671 0.983824 0.960783 0.810429 0.832043 0.834813 0.736914 0.692981 0.662051 0.773650 0.828270 0.741610 0.690566 0.542656 0.519258 0.622224 0.733909 0.955667 0.902767 0.951853 0.884704 0.842371 0.879320 0.720886 0.987490 0.552019 0.691924 0.958918 0.837102 0.974079 0.807297 0.932844 0.819141 0.938117 0.828016 0.786528 0.896642 0.708352 0.704490 0.829501 0.678533 0.701356 0.920837 0.969437 0.949944 0.809775 0.593325 0.788094 0.832088 0.767271 0.802903 0.931001 0.850760 0.712012 0.850755 0.841783 0.865858 0.994997 0.893879 0.636472 0.801820 0.713729 0.685770 0.852166 0.710409 0.922645 0.742120 0.906102 0.911909 0.899723 0.948889 0.770264 0.873096
0.764806 0.740887 0.878198 0.955332 0.727915 0.985678 0.969788 0.849646 0.895712 0.806788 0.957931 0.806020 0.848677 0.893836 0.954486 0.934877 0.925372 0.841644 0.988956 0.826777 0.892424 0.809093 0.958223 0.966702 0.760592 0.717932 0.992556 0.762574 0.966022 0.926662 0.724852 0.981694 0.795536 0.997330 0.957292 0.936452 0.532425 0.000000 0.936462 0.863011 0.878788 0.789385 0.825478 0.852584 0.979347 0.964313 0.878016 0.812900 0.834837 0.683297 0.606964 0.607638 0.718573 0.728096 0.931670 0.887018 0.588395 0.660493 0.754545 0.789710 0.785312 0.842175 0.898624 0.933587 0.921401 0.913970 0.852557 0.969816 0.716572 0.905999 0.844043 0.787801 0.975043 0.996565 0.828895 0.997949 0.878866 0.851041 0.864255 0.742860 0.930959 0.903429 0.960313 0.854974 0.918838 0.998017 0.932405 0.977261 0.879820 0.811102 0.950850 0.848860 0.839395 0.799701 0.937562 0.860280 0.805567 0.941127 0.889762 0.888774 0.993615 0.855121 0.895123 0.826172 0.793891 0.705792 0.787137 0.661220 0.991898 0.704207 0.978871 0.963032 0.933515 0.915738 0.766417 0.902644
