0.000000 0.293685 0.787604 0.641506 0.848617 0.819721 0.997496 0.609684 0.850522 0.821356 0.656450 0.343914 0.684715 0.585551 0.944250 0.758842 0.494308 0.387842 0.502286 0.405647 0.786322 0.944074 0.752804 0.685379 0.652033 0.826081 0.673934 0.976429 0.682659 0.481486 0.789886 0.723253 0.601974 0.671090 0.967401 0.824441 0.659739 0.560441 0.821937 0.748287 0.767367 0.755099 0.950887 0.914860 0.724684 0.897416 0.777683 0.852929 0.971618 0.742005 0.847726 0.738461 0.983904 0.816015 0.708998 0.845378 0.311602 0.292762 0.481491 0.354289 0.787016 0.589372 0.528421 0.313439 0.681250 0.747640 0.896546 0.864017 0.375039 0.517798 0.708026 0.879049 0.966414 0.953136 0.997792 0.932335 0.827913 0.950665 0.868316 0.804366 0.558645 0.550089 0.653183 0.587727 0.496525 0.495479 0.941983 0.860890 0.600750 0.412384 0.687381 0.739984 0.708661 0.777235 0.949920 0.993092 0.934324 0.951752 0.848039 0.803517 0.825025 0.721765 0.964669 0.955777 0.931989 0.956519 0.847329 0.999837 0.944828 0.748649 0.964091 0.973163 0.837886 0.981521 0.954472 0.907979
0.293685 0.000000 0.622757 0.537532 0.813917 0.740237 0.976991 0.594303 0.811059 0.698301 0.797333 0.408481 0.766173 0.689774 0.968907 0.767871 0.400992 0.317065 0.514236 0.434702 0.642207 0.901565 0.719512 0.637285 0.487143 0.680009 0.564298 0.960019 0.689783 0.420749 0.642631 0.656228 0.545671 0.594051 0.843696 0.739842 0.498058 0.477580 0.707274 0.761970 0.761942 0.701712 0.893208 0.775922 0.752226 0.919828 0.647634 0.754765 0.938733 0.723899 0.814187 0.657470 0.898492 0.926884 0.658747 0.778429 0.239150 0.247255 0.487173 0.376009 0.880636 0.613399 0.685057 0.393384 0.549280 0.606433 0.734670 0.718370 0.352054 0.435671 0.682689 0.828432 0.882503 0.995295 0.937563 0.984272 0.946332 0.924990 0.754216 0.665673 0.510486 0.572488 0.540152 0.517364 0.547329 0.457018 0.831577 0.877602 0.741212 0.415714 0.593887 0.655833 0.636531 0.752705 0.943580 0.998501 0.869260 0.906600 0.719720 0.824515 0.761564 0.637112 0.943396 0.988392 0.872025 0.882284 0.798914 0.949035 0.983370 0.677612 0.993338 0.918102 0.847041 0.993390 0.900637 0.892248
0.787604 0.622757 0.000000 0.339935 0.979226 0.877219 0.524293 0.484062 0.816729 0.801455 0.887649 0.872289 0.911782 0.804620 0.739047 0.621793 0.653351 0.647837 0.617805 0.681622 0.550918 0.858314 0.523594 0.505029 0.303199 0.330976 0.587631 0.986425 0.886352 0.643381 0.405501 0.542908 0.504254 0.627907 0.550330 0.672928 0.576644 0.646895 0.612647 0.933996 0.981363 0.749739 0.763829 0.717515 0.672910 0.666174 0.669770 0.761285 0.512833 0.859080 0.975048 0.921036 0.861036 0.875804 0.827390 0.973986 0.601182 0.611285 0.771388 0.715712 0.670713 0.705365 0.980260 0.849923 0.308334 0.362167 0.389402 0.481960 0.750261 0.723816 0.600684 0.738868 0.690279 0.743309 0.723143 0.913151 0.719339 0.764858 0.781140 0.902896 0.978486 0.955420 0.647227 0.881259 0.701240 0.543737 0.888804 0.997879 0.937251 0.780489 0.857885 0.777245 0.965117 0.990163 0.968924 0.879520 0.845520 0.981186 0.778440 0.954749 0.970164 0.852264 0.829337 0.952920 0.689410 0.689172 0.697686 0.821064 0.953751 0.706108 0.906710 0.864708 0.900193 0.981479 0.687679 0.878559
0.641506 0.537532 0.339935 0.000000 0.958125 0.943730 0.641535 0.377647 0.757002 0.874077 0.888090 0.669634 0.729107 0.584582 0.613226 0.417709 0.654839 0.594844 0.500420 0.612957 0.551689 0.926351 0.353270 0.375837 0.319479 0.403386 0.512254 0.965032 0.939165 0.577631 0.377501 0.454577 0.409760 0.684409 0.604659 0.631597 0.581238 0.569137 0.781214 0.982181 0.900298 0.810165 0.679168 0.637735 0.741401 0.726789 0.738663 0.716502 0.598940 0.955120 0.825754 0.663314 0.682687 0.709517 0.819019 0.979300 0.538736 0.500829 0.804152 0.537500 0.688173 0.518757 0.978496 0.698796 0.280085 0.292162 0.433505 0.497425 0.660059 0.655813 0.419458 0.583040 0.609441 0.704890 0.769555 0.901180 0.787561 0.642771 0.754849 0.775497 0.946610 0.946745 0.548634 0.827121 0.568163 0.396475 0.889345 0.912503 0.909923 0.587074 0.967411 0.914681 0.947956 0.888482 0.948652 0.835800 0.874859 0.917369 0.876949 0.972672 0.947341 0.906344 0.840243 0.890676 0.636736 0.631685 0.715230 0.759275 0.923065 0.749349 0.872806 0.957983 0.915261 0.905277 0.607494 0.862132
0.848617 0.813917 0.979226 0.958125 0.000000 0.587890 0.713799 0.781397 0.453659 0.560883 0.826510 0.981438 0.689895 0.852617 0.645499 0.774116 0.835384 0.760856 0.783394 0.966895 0.991331 0.955690 0.749503 0.878776 0.860891 0.937881 0.995789 0.912299 0.937448 0.997841 0.886698 0.843901 0.921911 0.946914 0.917157 0.961707 0.860892 0.863409 0.820804 0.747918 0.760487 0.874736 0.962991 0.937771 0.819024 0.964883 0.866491 0.980629 0.983098 0.907461 0.824357 0.921915 0.753458 0.715293 0.979759 0.886559 0.791553 0.872525 0.911175 0.949032 0.628657 0.644313 0.919240 0.959542 0.939155 0.937432 0.902570 0.964591 0.925734 0.919404 0.720736 0.943555 0.916524 0.805632 0.968600 0.955077 0.785239 0.866134 0.765240 0.990316 0.918353 0.985220 0.917050 0.789944 0.856715 0.979967 0.961318 0.916017 0.914437 0.930860 0.548247 0.582602 0.548113 0.639953 0.888452 0.900249 0.870443 0.766947 0.667370 0.735225 0.694118 0.635221 0.959944 0.920007 0.831160 0.888011 0.865357 0.934297 0.904575 0.891735 0.886765 0.860632 0.821071 0.984140 0.837137 0.925133
0.819721 0.740237 0.877219 0.943730 0.587890 0.000000 0.761176 0.874749 0.562665 0.584437 0.794250 0.930989 0.928609 0.995044 0.801308 0.839475 0.924101 0.791183 0.943363 0.877416 0.773497 0.932534 0.799979 0.877010 0.850227 0.890521 0.841142 0.867389 0.951996 0.875746 0.965698 0.926869 0.952521 0.961707 0.906006 0.991167 0.782163 0.876644 0.789434 0.792333 0.769602 0.938396 0.886234 0.930934 0.568938 0.718402 0.988535 0.849732 0.751237 0.835187 0.735520 0.857888 0.724244 0.662283 0.968512 0.819462 0.753625 0.802978 0.940009 0.893203 0.781708 0.897559 0.978286 0.989411 0.834808 0.943305 0.897801 0.914809 0.765605 0.866577 0.886937 0.893182 0.943303 0.868612 0.871282 0.879851 0.761119 0.844715 0.801095 0.891467 0.999538 0.935976 0.955182 0.796192 0.888629 0.973705 0.987181 0.993347 0.936995 0.907576 0.489391 0.568951 0.537734 0.720140 0.902539 0.981783 0.888796 0.885232 0.553662 0.651662 0.755224 0.739395 0.750810 0.915597 0.872190 0.923820 0.943280 0.876707 0.963288 0.792881 0.971581 0.688023 0.784911 0.986036 0.793697 0.841418
0.997496 0.976991 0.524293 0.641535 0.713799 0.761176 0.000000 0.451094 0.531645 0.650182 0.940273 0.932711 0.861021 0.933214 0.772813 0.841900 0.861072 0.988614 0.618803 0.903799 0.883389 0.830667 0.704624 0.871050 0.738429 0.694575 0.903732 0.920790 0.712557 0.901203 0.607356 0.703096 0.786997 0.721648 0.693120 0.884584 0.925997 0.983152 0.948083 0.945304 0.771506 0.801478 0.835863 0.834373 0.931340 0.880575 0.826035 0.824128 0.767739 0.846087 0.936809 0.954962 0.884654 0.898386 0.917956 0.983868 0.943032 0.937125 0.773715 0.839852 0.370406 0.684147 0.760890 0.903352 0.692953 0.667158 0.666513 0.715822 0.951503 0.999141 0.713897 0.938022 0.800715 0.849721 0.889581 0.977624 0.713464 0.843030 0.969933 0.913105 0.914746 0.945509 0.908258 0.831366 0.800629 0.877484 0.982397 0.856945 0.887227 0.980653 0.713851 0.811861 0.678222 0.814032 0.953944 0.822450 0.807994 0.785787 0.853391 0.827228 0.698262 0.897955 0.995941 0.955557 0.726463 0.851836 0.755760 0.850498 0.988590 0.875187 0.842474 0.980740 0.898712 0.999606 0.756265 0.905427
0.609684 0.594303 0.484062 0.377647 0.781397 0.874749 0.451094 0.000000 0.572114 0.768170 0.979024 0.586705 0.541424 0.511853 0.549865 0.516955 0.674980 0.652755 0.390542 0.563080 0.719227 0.869656 0.435376 0.541622 0.557029 0.615746 0.763344 0.941395 0.672543 0.603945 0.431539 0.478015 0.508156 0.658774 0.694851 0.732168 0.753619 0.709365 0.973103 0.973635 0.949704 0.768564 0.687447 0.665449 0.881396 0.897015 0.744619 0.710916 0.832365 0.914703 0.680791 0.680531 0.669557 0.726206 0.821330 0.981445 0.613781 0.554838 0.697054 0.497374 0.439955 0.334529 0.761245 0.548630 0.515088 0.449715 0.622833 0.621240 0.703318 0.690435 0.427735 0.616923 0.611942 0.671405 0.865055 0.934570 0.750930 0.757559 0.845533 0.804263 0.817621 0.741247 0.684589 0.933194 0.512629 0.506341 0.985386 0.982364 0.826595 0.618996 0.784870 0.819703 0.752380 0.761258 0.912305 0.806873 0.750820 0.831743 0.835036 0.763334 0.792573 0.926731 0.991106 0.929839 0.647164 0.677772 0.682770 0.699062 0.947970 0.801198 0.825155 0.943906 0.949283 0.946804 0.674680 0.904190
0.850522 0.811059 0.816729 0.757002 0.453659 0.562665 0.531645 0.572114 0.000000 0.494461 0.790554 0.944835 0.634750 0.720130 0.540234 0.615600 0.842274 0.782586 0.751876 0.997739 0.938106 0.981173 0.594885 0.736494 0.981342 0.911509 0.967158 0.943462 0.954443 0.957452 0.681978 0.822196 0.926818 0.998853 0.868304 0.988399 0.808854 0.889358 0.810089 0.722222 0.739799 0.930367 0.827183 0.932361 0.864346 0.993753 0.913905 0.930961 0.893521 0.856826 0.804563 0.899239 0.683033 0.607447 0.979514 0.848353 0.786819 0.881732 0.849036 0.946943 0.561116 0.612401 0.980783 0.983036 0.929586 0.793842 0.813060 0.898822 0.853097 0.929786 0.607920 0.718474 0.644199 0.576840 0.934934 0.987015 0.648310 0.743000 0.838222 0.933599 0.826567 0.877043 0.988164 0.659068 0.908648 0.962884 0.872862 0.971267 0.977298 0.947706 0.399434 0.481079 0.405878 0.472437 0.834421 0.798133 0.795394 0.799982 0.558174 0.607710 0.659064 0.629884 0.906912 0.825930 0.726127 0.805754 0.917355 0.687557 0.994783 0.963480 0.863816 0.823323 0.756640 0.982469 0.702334 0.891676
0.821356 0.698301 0.801455 0.874077 0.560883 0.584437 0.650182 0.768170 0.494461 0.000000 0.960558 0.957138 0.694230 0.872160 0.767552 0.997911 0.776790 0.718126 0.908332 0.879085 0.735252 0.975881 0.975641 0.822801 0.622779 0.696215 0.655130 0.950455 0.786379 0.881482 0.967274 0.998588 0.855935 0.965178 0.944082 0.845022 0.598648 0.713760 0.577472 0.778856 0.760820 0.880994 0.981645 0.941878 0.725004 0.793667 0.853828 0.942686 0.779541 0.977967 0.832378 0.990592 0.868218 0.829858 0.911966 0.852106 0.659464 0.730174 0.895370 0.932112 0.606321 0.775987 0.850188 0.996595 0.689794 0.795182 0.801801 0.772132 0.715893 0.812599 0.884055 0.850812 0.970738 0.874073 0.792086 0.837702 0.829502 0.956972 0.788044 0.823212 0.854609 0.924147 0.727906 0.566923 0.911900 0.740273 0.748555 0.763787 0.997576 0.795848 0.384794 0.411895 0.432500 0.568358 0.976169 0.830823 0.888025 0.826251 0.493768 0.579876 0.553628 0.587644 0.807561 0.854970 0.982721 0.978149 0.970510 0.806830 0.961062 0.868145 0.916056 0.791123 0.807247 0.997607 0.909186 0.989686
0.656450 0.797333 0.887649 0.888090 0.826510 0.794250 0.940273 0.979024 0.790554 0.960558 0.000000 0.718628 0.824727 0.877491 0.811942 0.754819 0.816823 0.775495 0.804260 0.705971 0.924092 0.978633 0.705526 0.760913 0.917339 0.811633 0.907043 0.913569 0.743606 0.834599 0.756747 0.833185 0.907419 0.803841 0.736246 0.784133 0.867849 0.953317 0.972053 0.712794 0.746093 0.935857 0.644595 0.792491 0.667389 0.790463 0.855407 0.772727 0.952077 0.818375 0.724197 0.714999 0.572432 0.526165 0.953209 0.937656 0.815378 0.813187 0.741530 0.812955 0.853374 0.981600 0.564531 0.750077 0.878693 0.824515 0.673172 0.757758 0.683464 0.952432 0.891982 0.794716 0.756510 0.700632 0.951096 0.923748 0.642378 0.822908 0.935998 0.904808 0.946337 0.811015 0.897848 0.831119 0.991013 0.904422 0.930837 0.991028 0.844118 0.924631 0.772116 0.813235 0.717242 0.771697 0.777964 0.858115 0.976225 0.947243 0.815991 0.679784 0.945588 0.839300 0.985366 0.954080 0.743352 0.746487 0.867471 0.814758 0.948911 0.958617 0.921112 0.891870 0.838282 0.833029 0.848004 0.754237
0.343914 0.408481 0.872289 0.669634 0.981438 0.930989 0.932711 0.586705 0.944835 0.957138 0.718628 0.000000 0.582290 0.453347 0.780177 0.657890 0.583160 0.437788 0.516794 0.420015 0.769644 0.979941 0.705425 0.649037 0.735616 0.883992 0.789730 0.964607 0.698927 0.473215 0.778624 0.714200 0.630221 0.754466 0.896911 0.910776 0.729603 0.656377 0.957412 0.947805 0.814637 0.774378 0.946796 0.855257 0.841663 0.982183 0.859903 0.856284 0.939988 0.731267 0.750640 0.671391 0.864752 0.983042 0.759159 0.934311 0.457369 0.403070 0.623726 0.447554 0.845235 0.488473 0.666910 0.371915 0.752196 0.757256 0.935662 0.890520 0.426380 0.584489 0.671071 0.720935 0.884473 0.880461 0.983370 0.997484 0.959419 0.935579 0.855760 0.694963 0.572610 0.550292 0.684991 0.650452 0.535847 0.525866 0.936939 0.841404 0.580169 0.493493 0.875150 0.932642 0.872875 0.984338 0.959378 0.934305 0.911719 0.987241 0.989745 0.969793 0.887959 0.904053 0.957449 0.904982 0.865778 0.902065 0.827915 0.915870 0.973872 0.815147 0.954164 0.888933 0.905547 0.917052 0.940805 0.977870
0.684715 0.766173 0.911782 0.729107 0.689895 0.928609 0.861021 0.541424 0.634750 0.694230 0.824727 0.582290 0.000000 0.384828 0.485021 0.634801 0.932091 0.891828 0.591366 0.643685 0.935784 0.914341 0.667648 0.747646 0.955373 0.981975 0.963618 0.956534 0.698879 0.660990 0.722448 0.649449 0.787544 0.854808 0.980565 0.973428 0.884542 0.922963 0.828215 0.967376 0.980230 0.957888 0.914697 0.936186 0.893250 0.926134 0.955133 0.933695 0.947083 0.941468 0.815057 0.773902 0.845022 0.802045 0.982446 0.906054 0.866904 0.758112 0.915935 0.681385 0.584753 0.507005 0.744866 0.626398 0.917814 0.840924 0.960303 0.994380 0.756840 0.798888 0.539185 0.584837 0.673565 0.679581 0.943383 0.950059 0.920130 0.768173 0.941728 0.952851 0.944266 0.923357 0.878228 0.876294 0.815294 0.846580 0.838112 0.959815 0.799609 0.805290 0.686896 0.654682 0.730375 0.623922 0.977767 0.849535 0.667335 0.809872 0.703069 0.787537 0.797228 0.701517 0.930450 0.774498 0.906269 0.812293 0.912960 0.761892 0.956199 0.907224 0.974219 0.861300 0.845870 0.991718 0.833772 0.925788
0.585551 0.689774 0.804620 0.584582 0.852617 0.995044 0.933214 0.511853 0.720130 0.872160 0.877491 0.453347 0.384828 0.000000 0.487146 0.448144 0.844544 0.690575 0.543663 0.503376 0.774422 0.964269 0.515847 0.521164 0.796034 0.807460 0.838881 0.914802 0.796121 0.625586 0.655622 0.619701 0.688243 0.883727 0.853682 0.934689 0.858566 0.821811 0.936182 0.946870 0.940974 0.811517 0.917376 0.910127 0.809191 0.845781 0.990755 0.996607 0.887076 0.926496 0.788966 0.713282 0.810706 0.782455 0.925813 0.872804 0.757776 0.619130 0.954399 0.636685 0.744142 0.445120 0.813771 0.546625 0.758571 0.689915 0.894358 0.924209 0.717830 0.757952 0.490312 0.521263 0.632561 0.572067 0.833423 0.955906 0.930072 0.861327 0.906721 0.880419 0.898759 0.824333 0.784128 0.995657 0.636698 0.614936 0.967315 0.944090 0.716666 0.610994 0.810148 0.780164 0.803658 0.666202 0.902288 0.757076 0.836901 0.915379 0.806395 0.826756 0.871118 0.809608 0.985259 0.776295 0.776832 0.671710 0.898279 0.740850 0.941424 0.862020 0.945085 0.895179 0.939573 0.971314 0.792422 0.914523
0.944250 0.968907 0.739047 0.613226 0.645499 0.801308 0.772813 0.549865 0.540234 0.767552 0.811942 0.780177 0.485021 0.487146 0.000000 0.431220 0.974449 0.976053 0.740136 0.805285 0.761432 0.934276 0.425570 0.550885 0.848130 0.802746 0.947889 0.943069 0.854818 0.788273 0.618057 0.634965 0.704605 0.935346 0.756116 0.808650 0.903218 0.943288 0.841981 0.818772 0.909468 0.929155 0.794021 0.860200 0.987912 0.921246 0.990224 0.966875 0.854006 0.993064 0.819001 0.740847 0.647614 0.556394 0.987534 0.822861 0.952165 0.900910 0.855464 0.877634 0.663232 0.598282 0.997476 0.842165 0.757980 0.692463 0.744295 0.810970 0.963025 0.820139 0.436338 0.477208 0.573748 0.540410 0.728294 0.981541 0.658694 0.742681 0.948486 0.969477 0.936641 0.915817 0.743285 0.820316 0.760772 0.742529 0.906587 0.995107 0.860361 0.904501 0.588190 0.586454 0.579042 0.439135 0.824025 0.876283 0.847383 0.943912 0.634976 0.632184 0.813101 0.616058 0.931332 0.837738 0.684545 0.646509 0.859125 0.766890 0.836950 0.993669 0.916800 0.812301 0.882210 0.987068 0.718033 0.850253
0.758842 0.767871 0.621793 0.417709 0.774116 0.839475 0.841900 0.516955 0.615600 0.997911 0.754819 0.657890 0.634801 0.448144 0.431220 0.000000 0.889501 0.797881 0.618644 0.710472 0.686526 0.944382 0.253820 0.313202 0.597971 0.620058 0.647579 0.961551 0.980591 0.619572 0.527943 0.539133 0.556163 0.901685 0.621348 0.680705 0.821809 0.755390 0.985007 0.955521 0.923684 0.975355 0.714371 0.715316 0.994376 0.927321 0.887582 0.772118 0.858066 0.806230 0.675245 0.547021 0.514932 0.522009 0.827382 0.952314 0.787329 0.674104 0.932184 0.667871 0.733675 0.504857 0.924538 0.709845 0.516055 0.478406 0.497739 0.602102 0.771266 0.717608 0.377681 0.525062 0.569976 0.585464 0.774216 0.881743 0.684986 0.679274 0.904301 0.832853 0.960692 0.966382 0.567290 0.959861 0.512659 0.458309 0.949158 0.752109 0.710728 0.596341 0.760934 0.785843 0.687652 0.635783 0.806224 0.790243 0.883851 0.984702 0.778527 0.722673 0.983695 0.833385 0.943827 0.994122 0.553662 0.568812 0.794079 0.730026 0.883942 0.943293 0.832809 0.779325 0.910142 0.965018 0.603482 0.798782
0.494308 0.400992 0.653351 0.654839 0.835384 0.924101 0.861072 0.674980 0.842274 0.776790 0.816823 0.583160 0.932091 0.844544 0.974449 0.889501 0.000000 0.379254 0.615916 0.586627 0.749220 0.916894 0.796358 0.776166 0.543056 0.716440 0.703333 0.982696 0.548676 0.484918 0.706820 0.751532 0.664738 0.536350 0.765114 0.812496 0.644569 0.601335 0.712266 0.788173 0.902278 0.650952 0.867896 0.729692 0.911734 0.961856 0.569276 0.674068 0.992268 0.767186 0.909202 0.798443 0.939999 0.940110 0.607150 0.609071 0.421375 0.434249 0.558319 0.558815 0.872909 0.763537 0.651086 0.507328 0.627781 0.694791 0.709819 0.685557 0.543241 0.595187 0.794849 0.966134 0.996523 0.904612 0.980445 0.933743 0.928828 0.941352 0.794892 0.716901 0.520917 0.525671 0.636502 0.524174 0.595276 0.575371 0.746261 0.942648 0.869442 0.553560 0.692867 0.701588 0.721311 0.739376 0.849647 0.893619 0.876493 0.893166 0.757142 0.867901 0.892582 0.699790 0.918675 0.940721 0.915790 0.839509 0.864274 0.974911 0.987706 0.640041 0.962738 0.962227 0.903889 0.951982 0.883513 0.960885
0.387842 0.317065 0.647837 0.594844 0.760856 0.791183 0.988614 0.652755 0.782586 0.718126 0.775495 0.437788 0.891828 0.690575 0.976053 0.797881 0.379254 0.000000 0.585385 0.481466 0.665567 0.981462 0.761611 0.666679 0.511758 0.630279 0.661029 0.977663 0.669021 0.434439 0.676766 0.701695 0.575208 0.668951 0.806136 0.758528 0.563802 0.490736 0.739254 0.786505 0.822264 0.639538 0.871323 0.731817 0.793601 0.984946 0.680586 0.681619 0.977736 0.759978 0.832581 0.691792 0.930218 0.953444 0.624086 0.747916 0.326009 0.300738 0.577589 0.485903 0.986755 0.682844 0.741189 0.432631 0.590091 0.644218 0.744328 0.739792 0.436675 0.477960 0.722877 0.887170 0.987358 0.999328 0.955005 0.995320 0.977081 0.942908 0.716708 0.636243 0.495702 0.547437 0.617504 0.477110 0.602488 0.486483 0.759052 0.965545 0.764245 0.482112 0.612366 0.663917 0.676127 0.751854 0.971789 0.882837 0.941043 0.975219 0.729430 0.876525 0.806258 0.654053 0.946993 0.974826 0.858780 0.845012 0.794070 0.946940 0.908801 0.687132 0.924729 0.864578 0.790601 0.971236 0.898183 0.987921
0.502286 0.514236 0.617805 0.500420 0.783394 0.943363 0.618803 0.390542 0.751876 0.908332 0.804260 0.516794 0.591366 0.543663 0.740136 0.618644 0.615916 0.585385 0.000000 0.461596 0.784314 0.899882 0.568330 0.605172 0.618332 0.681506 0.706545 0.971694 0.692470 0.536791 0.589554 0.648457 0.596471 0.657193 0.767915 0.794554 0.653458 0.665404 0.938919 0.814921 0.844687 0.744033 0.938480 0.831594 0.800575 0.825913 0.782452 0.843352 0.808677 0.955154 0.832661 0.773064 0.856359 0.952978 0.679695 0.948555 0.538685 0.476428 0.644627 0.504754 0.551829 0.421393 0.665880 0.476527 0.583691 0.570966 0.696724 0.808371 0.582577 0.647894 0.622650 0.777262 0.777420 0.822498 0.882405 0.928374 0.944390 0.865008 0.990785 0.884113 0.773476 0.699597 0.680375 0.777808 0.500601 0.513571 0.910656 0.918271 0.805797 0.544246 0.973417 0.980019 0.941042 0.944267 0.958661 0.881555 0.747203 0.823050 0.937371 0.994841 0.823402 0.951104 0.979433 0.908192 0.714216 0.794684 0.843167 0.883430 0.993735 0.715552 0.801398 0.947297 0.900688 0.963823 0.737764 0.979575
0.405647 0.434702 0.681622 0.612957 0.966895 0.877416 0.903799 0.563080 0.997739 0.879085 0.705971 0.420015 0.643685 0.503376 0.805285 0.710472 0.586627 0.481466 0.461596 0.000000 0.735104 0.933542 0.710346 0.626178 0.625527 0.736331 0.672367 0.971970 0.714270 0.518767 0.705800 0.730169 0.605751 0.704205 0.865887 0.829740 0.617177 0.640857 0.842249 0.878095 0.840417 0.761323 0.877693 0.984803 0.644067 0.748750 0.854550 0.941679 0.833651 0.997331 0.993869 0.884941 0.944449 0.863647 0.833642 0.929227 0.469227 0.394670 0.676222 0.509845 0.779700 0.537996 0.646039 0.420272 0.671519 0.692298 0.858617 0.849021 0.426497 0.561586 0.703613 0.811434 0.865962 0.944160 0.901651 0.951093 0.956424 0.990940 0.821891 0.763271 0.699861 0.610541 0.672958 0.681411 0.574122 0.584991 0.965645 0.892694 0.687433 0.564880 0.775995 0.830787 0.808009 0.924503 0.963888 0.990887 0.819053 0.977794 0.843639 0.799219 0.930278 0.800090 0.946423 0.880737 0.881100 0.818128 0.918664 0.930607 0.906855 0.760538 0.996339 0.940749 0.859402 0.978073 0.953398 0.993355
0.786322 0.642207 0.550918 0.551689 0.991331 0.773497 0.883389 0.719227 0.938106 0.735252 0.924092 0.769644 0.935784 0.774422 0.761432 0.686526 0.749220 0.665567 0.784314 0.735104 0.000000 0.990712 0.672831 0.643763 0.511707 0.522202 0.717492 0.999017 0.987630 0.733282 0.569766 0.723299 0.650455 0.811804 0.740320 0.814786 0.686409 0.825583 0.793333 0.996088 0.834851 0.826135 0.897788 0.919626 0.694716 0.673403 0.907819 0.884629 0.638953 0.930999 0.951791 0.913479 0.957572 0.937135 0.862367 0.962153 0.675110 0.687831 0.907037 0.861281 0.976130 0.801489 0.981632 0.884511 0.520753 0.574648 0.628843 0.752584 0.719759 0.839130 0.704328 0.797099 0.697084 0.739785 0.721607 0.931448 0.880467 0.893100 0.756092 0.776622 0.913461 0.918753 0.743473 0.865718 0.796500 0.643789 0.887503 0.965976 0.975344 0.799863 0.778335 0.760607 0.847773 0.964757 0.896442 0.927707 0.949031 0.851222 0.746637 0.928102 0.825267 0.853634 0.804362 0.990452 0.788857 0.811073 0.896725 0.985318 0.890061 0.837756 0.954356 0.784731 0.941046 0.953001 0.754620 0.985851
0.944074 0.901565 0.858314 0.926351 0.955690 0.932534 0.830667 0.869656 0.981173 0.975881 0.978633 0.979941 0.914341 0.964269 0.934276 0.944382 0.916894 0.981462 0.899882 0.933542 0.990712 0.000000 0.997302 0.973240 0.863298 0.921354 0.919952 0.975340 0.971974 0.963448 0.886285 0.875093 0.936653 0.705254 0.913755 0.998137 0.975107 0.985457 0.965124 0.849869 0.903536 0.831527 0.920037 0.915295 0.985037 0.981914 0.905786 0.940175 0.995731 0.994516 0.978357 0.958218 0.952077 0.994065 0.958073 0.938787 0.948121 0.977506 0.845548 0.928869 0.771504 0.971662 0.942949 0.972571 0.926991 0.945797 0.891658 0.912032 0.945617 0.948635 0.992379 0.871413 0.940914 0.909599 0.886639 0.957790 0.891073 0.941515 0.957108 0.891691 0.998840 0.971172 0.983813 0.991119 0.957579 0.966208 0.970539 0.837939 0.813301 0.937993 0.974633 0.994495 0.970707 0.997110 0.977111 0.950604 0.986098 0.974636 0.951261 0.954855 0.917303 0.945139 0.906690 0.973801 0.966564 0.986378 0.800972 0.968054 0.974086 0.807612 0.810327 0.950384 0.863529 0.852139 0.740984 0.981939
0.752804 0.719512 0.523594 0.353270 0.749503 0.799979 0.704624 0.435376 0.594885 0.975641 0.705526 0.705425 0.667648 0.515847 0.425570 0.253820 0.796358 0.761611 0.568330 0.710346 0.672831 0.997302 0.000000 0.295199 0.521436 0.555216 0.603160 0.945595 0.902066 0.584503 0.424895 0.477545 0.478363 0.833317 0.594136 0.633309 0.765676 0.698479 0.948142 0.951932 0.975151 0.884238 0.673137 0.679601 0.977063 0.935660 0.794665 0.743538 0.829841 0.790011 0.657606 0.537314 0.494018 0.510765 0.798176 0.987639 0.723323 0.634347 0.888416 0.638034 0.673205 0.505731 0.965279 0.689025 0.454635 0.423222 0.400332 0.518107 0.799058 0.667604 0.332498 0.530453 0.557319 0.599579 0.771510 0.907626 0.641948 0.670112 0.876203 0.788116 0.927726 0.954789 0.520428 0.965651 0.476642 0.418618 0.940294 0.764961 0.795384 0.577930 0.775943 0.811019 0.688647 0.654059 0.858519 0.807858 0.838811 0.920049 0.808548 0.713480 0.941813 0.858104 0.952159 0.986635 0.520278 0.535006 0.825817 0.724043 0.938127 0.892914 0.811300 0.814362 0.964996 0.970734 0.602743 0.811312
0.685379 0.637285 0.505029 0.375837 0.878776 0.877010 0.871050 0.541622 0.736494 0.822801 0.760913 0.649037 0.747646 0.521164 0.550885 0.313202 0.776166 0.666679 0.605172 0.626178 0.643763 0.973240 0.295199 0.000000 0.462207 0.493428 0.542781 0.988810 0.979202 0.607149 0.505939 0.571966 0.465183 0.861271 0.616496 0.656290 0.674956 0.628744 0.799132 0.989533 0.923581 0.855880 0.757601 0.770710 0.897646 0.840853 0.765917 0.747215 0.756864 0.837630 0.728204 0.582893 0.602040 0.605420 0.779960 0.989965 0.642324 0.573284 0.905531 0.687045 0.855236 0.592523 0.917220 0.701830 0.432374 0.405492 0.420412 0.546188 0.730252 0.646654 0.465559 0.562384 0.645423 0.602913 0.738653 0.837679 0.752559 0.707963 0.844013 0.754890 0.864876 0.873104 0.509437 0.832242 0.500868 0.351330 0.840383 0.705113 0.751089 0.565993 0.969085 0.970745 0.881358 0.840376 0.877501 0.881453 0.877809 0.989632 0.955820 0.893514 0.955628 0.996243 0.981165 0.975307 0.560543 0.552647 0.864678 0.826487 0.940965 0.875030 0.917402 0.864509 0.975533 0.953085 0.667545 0.812760
0.652033 0.487143 0.303199 0.319479 0.860891 0.850227 0.738429 0.557029 0.981342 0.622779 0.917339 0.735616 0.955373 0.796034 0.848130 0.597971 0.543056 0.511758 0.618332 0.625527 0.511707 0.863298 0.521436 0.462207 0.000000 0.312194 0.496588 0.991452 0.974485 0.580989 0.455647 0.585857 0.462231 0.656981 0.598511 0.662619 0.498410 0.553936 0.591330 0.867401 0.856410 0.735139 0.742804 0.655087 0.689594 0.709057 0.660284 0.704359 0.591196 0.994961 0.967006 0.813450 0.847338 0.887927 0.790058 0.869358 0.462483 0.472736 0.723406 0.621551 0.850280 0.704306 0.963730 0.749490 0.270045 0.337656 0.407821 0.458743 0.600951 0.688137 0.615635 0.776152 0.732427 0.840044 0.760405 0.905565 0.863316 0.726208 0.745438 0.757004 0.848633 0.842857 0.539262 0.650845 0.614455 0.424484 0.797862 0.877836 0.995039 0.623884 0.692825 0.641994 0.785827 0.840345 0.965997 0.842754 0.880931 0.998765 0.658536 0.841678 0.766450 0.683770 0.792817 0.794989 0.698257 0.672689 0.728974 0.918875 0.989952 0.675528 0.952747 0.877864 0.857855 0.936632 0.643945 0.870037
0.826081 0.680009 0.330976 0.403386 0.937881 0.890521 0.694575 0.615746 0.911509 0.696215 0.811633 0.883992 0.981975 0.807460 0.802746 0.620058 0.716440 0.630279 0.681506 0.736331 0.522202 0.921354 0.555216 0.493428 0.312194 0.000000 0.630559 0.967342 0.992494 0.716660 0.501863 0.637281 0.525105 0.734756 0.533098 0.667136 0.601880 0.647492 0.637176 0.904576 0.945121 0.814249 0.712927 0.693938 0.720751 0.707988 0.687722 0.754915 0.548436 0.913631 0.961163 0.853488 0.884027 0.840862 0.758911 0.900499 0.638954 0.639109 0.863078 0.782069 0.877778 0.773576 0.906347 0.882718 0.331857 0.349139 0.403964 0.472141 0.803034 0.773458 0.667985 0.767963 0.709840 0.756659 0.729818 0.870976 0.797261 0.719647 0.747575 0.868600 0.932767 0.934700 0.604320 0.778408 0.703301 0.490606 0.773239 0.995924 0.965328 0.788502 0.817471 0.718213 0.905875 0.907543 0.948581 0.787860 0.881695 0.940235 0.744513 0.889310 0.876146 0.824250 0.768872 0.875783 0.635453 0.592121 0.732269 0.883029 0.991275 0.697865 0.996354 0.785402 0.965171 0.944500 0.671218 0.894809
0.673934 0.564298 0.587631 0.512254 0.995789 0.841142 0.903732 0.763344 0.967158 0.655130 0.907043 0.789730 0.963618 0.838881 0.947889 0.647579 0.703333 0.661029 0.706545 0.672367 0.717492 0.919952 0.603160 0.542781 0.496588 0.630559 0.000000 0.960953 0.992933 0.669417 0.669807 0.692533 0.557885 0.836353 0.774138 0.712239 0.512126 0.529907 0.747567 0.954917 0.854755 0.735239 0.996436 0.947639 0.723633 0.750742 0.953310 0.978932 0.735499 0.935138 0.966488 0.789504 0.817991 0.986718 0.850135 0.955124 0.536625 0.527957 0.721869 0.637053 0.930716 0.751053 0.994002 0.755392 0.511099 0.613984 0.586374 0.759884 0.638377 0.626972 0.688276 0.926348 0.910796 0.929527 0.750109 0.992873 0.939739 0.875389 0.888152 0.808604 0.993412 0.986101 0.598551 0.723161 0.636953 0.571769 0.745063 0.744377 0.874801 0.616361 0.706131 0.758493 0.803492 0.893200 0.936391 0.958548 0.992882 0.961071 0.668785 0.787858 0.666676 0.790862 0.851195 0.908300 0.800943 0.796150 0.947560 0.996534 0.996840 0.848728 0.956367 0.964985 0.828047 0.941177 0.916664 0.983971
0.976429 0.960019 0.986425 0.965032 0.912299 0.867389 0.920790 0.941395 0.943462 0.950455 0.913569 0.964607 0.956534 0.914802 0.943069 0.961551 0.982696 0.977663 0.971694 0.971970 0.999017 0.975340 0.945595 0.988810 0.991452 0.967342 0.960953 0.000000 0.889432 0.957848 0.975528 0.995680 0.986016 0.968111 0.893114 0.827366 0.896009 0.993840 0.863000 0.905866 0.904198 0.982730 0.961056 0.998216 0.974930 0.976716 0.919245 0.967389 0.988241 0.950300 0.971334 0.989796 0.984167 0.989023 0.857236 0.923869 0.984746 0.954013 0.925892 0.973905 0.840403 0.985891 0.897731 0.934539 0.987945 0.998311 0.960177 0.960595 0.989882 0.900650 0.903146 0.954922 0.909373 0.960544 0.984783 0.831750 0.983301 0.972883 0.957943 0.908514 0.949560 0.969777 0.985280 0.844260 0.919962 0.976669 0.901701 0.965029 0.932552 0.994072 0.956780 0.961816 0.932751 0.907903 0.957974 0.910677 0.951432 0.979730 0.965311 0.974341 0.983512 0.847006 0.935061 0.932042 0.921420 0.782324 0.974934 0.914799 0.949910 0.832369 0.854248 0.927254 0.968395 0.819034 0.995284 0.973350
0.682659 0.689783 0.886352 0.939165 0.937448 0.951996 0.712557 0.672543 0.954443 0.786379 0.743606 0.698927 0.698879 0.796121 0.854818 0.980591 0.548676 0.669021 0.692470 0.714270 0.987630 0.971974 0.902066 0.979202 0.974485 0.992494 0.992933 0.889432 0.000000 0.536238 0.823291 0.830094 0.900541 0.709716 0.865347 0.990192 0.841537 0.876284 0.958106 0.820841 0.940660 0.848968 0.973342 0.902840 0.992394 0.852957 0.797920 0.899333 0.845929 0.796301 0.887496 0.897325 0.987799 0.922940 0.823521 0.760192 0.718154 0.680406 0.634912 0.687974 0.635523 0.785467 0.481989 0.535407 0.964116 0.983703 0.970899 0.933302 0.751722 0.675774 0.800578 0.956976 0.994477 0.914344 0.963809 0.899609 0.882475 0.885360 0.892587 0.913622 0.634344 0.627910 0.885431 0.911388 0.724302 0.890076 0.925462 0.937629 0.863004 0.780959 0.988673 0.936310 0.980360 0.993860 0.836528 0.892934 0.785205 0.831240 0.930863 0.890590 0.842635 0.909136 0.887141 0.816034 0.981834 0.984420 0.914736 0.972959 0.958068 0.845152 0.929177 0.930535 0.929640 0.929413 0.995464 0.912580
0.481486 0.420749 0.643381 0.577631 0.997841 0.875746 0.901203 0.603945 0.957452 0.881482 0.834599 0.473215 0.660990 0.625586 0.788273 0.619572 0.484918 0.434439 0.536791 0.518767 0.733282 0.963448 0.584503 0.607149 0.580989 0.716660 0.669417 0.957848 0.536238 0.000000 0.625210 0.605974 0.569277 0.670260 0.737086 0.784177 0.607557 0.642034 0.768139 0.757292 0.821344 0.879332 0.879185 0.769943 0.896224 0.990312 0.651597 0.759071 0.970163 0.708619 0.803269 0.652165 0.854627 0.919748 0.645567 0.846618 0.419900 0.393061 0.536585 0.443447 0.738228 0.628096 0.695570 0.443775 0.584361 0.644018 0.646657 0.679628 0.445971 0.433808 0.565860 0.807257 0.887809 0.912003 0.955595 0.981462 0.895719 0.876808 0.843416 0.715967 0.593312 0.646975 0.585930 0.685772 0.531621 0.536107 0.901245 0.806552 0.706889 0.488007 0.805739 0.832569 0.874475 0.921129 0.890989 0.923370 0.758121 0.903290 0.893686 0.985734 0.919017 0.839136 0.970118 0.979881 0.849426 0.816955 0.875097 0.925817 0.996002 0.778409 0.800147 0.935561 0.895331 0.963156 0.785038 0.957344
0.789886 0.642631 0.405501 0.377501 0.886698 0.965698 0.607356 0.431539 0.681978 0.967274 0.756747 0.778624 0.722448 0.655622 0.618057 0.527943 0.706820 0.676766 0.589554 0.705800 0.569766 0.886285 0.424895 0.505939 0.455647 0.501863 0.669807 0.975528 0.823291 0.625210 0.000000 0.432684 0.518857 0.660659 0.614488 0.664728 0.768126 0.735650 0.879871 0.942723 0.979401 0.804817 0.650407 0.650639 0.895613 0.885135 0.765819 0.743125 0.734984 0.908915 0.817138 0.694597 0.689492 0.670090 0.819396 0.941787 0.641209 0.630225 0.872170 0.714478 0.719538 0.591979 0.987441 0.760051 0.470914 0.478314 0.457907 0.535195 0.807652 0.700089 0.482054 0.513704 0.574616 0.659349 0.894641 0.975796 0.618728 0.654139 0.749655 0.749311 0.887759 0.960776 0.733106 0.983860 0.724616 0.600980 0.954604 0.882331 0.966110 0.695903 0.893041 0.928694 0.789061 0.717698 0.987577 0.766025 0.825122 0.856226 0.950664 0.737155 0.941206 0.911238 0.971234 0.981345 0.641539 0.615862 0.671312 0.679706 0.926210 0.720824 0.847093 0.999233 0.928261 0.990695 0.634844 0.815515
0.723253 0.656228 0.542908 0.454577 0.843901 0.926869 0.703096 0.478015 0.822196 0.998588 0.833185 0.714200 0.649449 0.619701 0.634965 0.539133 0.751532 0.701695 0.648457 0.730169 0.723299 0.875093 0.477545 0.571966 0.585857 0.637281 0.692533 0.995680 0.830094 0.605974 0.432684 0.000000 0.520385 0.784701 0.709494 0.752973 0.794064 0.752608 0.906840 0.923099 0.986896 0.850912 0.571056 0.579627 0.930532 0.977612 0.715875 0.686570 0.845602 0.781201 0.701777 0.615728 0.646295 0.674131 0.925782 0.983692 0.685559 0.648290 0.760262 0.612701 0.647969 0.565754 0.901592 0.667188 0.508083 0.491730 0.559789 0.552775 0.756849 0.789744 0.473418 0.680359 0.678492 0.718197 0.876219 0.856965 0.767930 0.758086 0.790603 0.727642 0.827052 0.842461 0.648029 0.911834 0.623006 0.561420 0.996723 0.969137 0.870343 0.657682 0.937626 0.960037 0.867795 0.835656 0.987415 0.840775 0.875780 0.761844 0.952085 0.837057 0.969013 0.921018 0.929373 0.922136 0.579413 0.614606 0.737464 0.793322 0.982828 0.802622 0.785515 0.897646 0.899306 0.970927 0.800169 0.912517
0.601974 0.545671 0.504254 0.409760 0.921911 0.952521 0.786997 0.508156 0.926818 0.855935 0.907419 0.630221 0.787544 0.688243 0.704605 0.556163 0.664738 0.575208 0.596471 0.605751 0.650455 0.936653 0.478363 0.465183 0.462231 0.525105 0.557885 0.986016 0.900541 0.569277 0.518857 0.520385 0.000000 0.702132 0.627613 0.648724 0.719965 0.556214 0.814347 0.949926 0.982916 0.864350 0.861628 0.805467 0.805616 0.787851 0.776298 0.776520 0.754280 0.922315 0.853404 0.732803 0.831364 0.855279 0.822361 0.891055 0.531765 0.503778 0.714655 0.563694 0.784437 0.563419 0.908053 0.615478 0.456552 0.481770 0.493796 0.588286 0.591089 0.576406 0.569569 0.703026 0.724545 0.830239 0.825259 0.882995 0.857768 0.828447 0.876184 0.669157 0.803746 0.785338 0.562402 0.734489 0.535088 0.413817 0.901570 0.852870 0.845124 0.603509 0.883669 0.825712 0.966680 0.986143 0.990121 0.923006 0.819756 0.997872 0.924317 0.976694 0.896162 0.868586 0.827686 0.888643 0.686505 0.737304 0.795927 0.896029 0.954793 0.838802 0.905300 0.992243 0.859628 0.985767 0.752439 0.999064
0.671090 0.594051 0.627907 0.684409 0.946914 0.961707 0.721648 0.658774 0.998853 0.965178 0.803841 0.754466 0.854808 0.883727 0.935346 0.901685 0.536350 0.668951 0.657193 0.704205 0.811804 0.705254 0.833317 0.861271 0.656981 0.734756 0.836353 0.968111 0.709716 0.670260 0.660659 0.784701 0.702132 0.000000 0.750293 0.890447 0.844561 0.768290 0.734467 0.767635 0.867748 0.789941 0.902743 0.771779 0.946196 0.999385 0.630316 0.877712 0.935416 0.922489 0.983323 0.929840 0.981561 0.939575 0.725266 0.710142 0.642521 0.697437 0.646324 0.661543 0.723490 0.799376 0.717944 0.702838 0.705387 0.754565 0.690096 0.663685 0.651145 0.727769 0.808904 0.850296 0.921894 0.963327 0.989968 0.892736 0.897794 0.838388 0.877568 0.970510 0.741036 0.733476 0.770229 0.771789 0.788108 0.739811 0.937965 0.925539 0.957456 0.792824 0.931991 0.877874 0.950028 0.953241 0.821402 0.892932 0.885949 0.975845 0.945354 0.994574 0.940323 0.997228 0.949271 0.945923 0.944141 0.905670 0.658051 0.985500 0.890139 0.824266 0.945258 0.968061 0.991695 0.903038 0.876978 0.939170
0.967401 0.843696 0.550330 0.604659 0.917157 0.906006 0.693120 0.694851 0.868304 0.944082 0.736246 0.896911 0.980565 0.853682 0.756116 0.621348 0.765114 0.806136 0.767915 0.865887 0.740320 0.913755 0.594136 0.616496 0.598511 0.533098 0.774138 0.893114 0.865347 0.737086 0.614488 0.709494 0.627613 0.750293 0.000000 0.770561 0.832185 0.813581 0.734211 0.963858 0.955279 0.885402 0.763482 0.776947 0.996652 0.958014 0.722515 0.710102 0.818141 0.916051 0.864414 0.866788 0.793456 0.773299 0.728712 0.890962 0.833716 0.823338 0.884356 0.860580 0.817266 0.767247 0.873680 0.911313 0.545677 0.551839 0.472269 0.565600 0.868704 0.822277 0.803045 0.749639 0.785749 0.796892 0.710733 0.929924 0.689365 0.835992 0.777002 0.933320 0.941024 0.901561 0.611140 0.883420 0.706839 0.577771 0.810120 0.863958 0.971698 0.843030 0.968192 0.952258 0.906578 0.936444 0.996152 0.784222 0.972081 0.971004 0.969716 0.940153 0.995821 0.946160 0.874506 0.916745 0.706823 0.780640 0.699859 0.956203 0.984655 0.748885 0.986556 0.940053 0.867634 0.912879 0.746051 0.843593
0.824441 0.739842 0.672928 0.631597 0.961707 0.991167 0.884584 0.732168 0.988399 0.845022 0.784133 0.910776 0.973428 0.934689 0.808650 0.680705 0.812496 0.758528 0.794554 0.829740 0.814786 0.998137 0.633309 0.656290 0.662619 0.667136 0.712239 0.827366 0.990192 0.784177 0.664728 0.752973 0.648724 0.890447 0.770561 0.000000 0.777287 0.617914 0.946316 0.964297 0.927903 0.950196 0.787076 0.730830 0.937079 0.982785 0.811302 0.753966 0.959819 0.780016 0.786715 0.674003 0.724286 0.765147 0.712533 0.864103 0.719025 0.697765 0.850107 0.695170 0.984235 0.775504 0.899129 0.826402 0.643047 0.659466 0.587476 0.614291 0.889743 0.686718 0.629115 0.780780 0.824878 0.982584 0.862573 0.989664 0.843693 0.813047 0.922485 0.832967 0.883047 0.971233 0.699272 0.842271 0.678650 0.636225 0.940822 0.962737 0.840393 0.709845 0.971529 0.947967 0.953581 0.977436 0.807713 0.984793 0.990254 0.963493 0.990575 0.903648 0.856704 0.831791 0.910012 0.896157 0.795295 0.724115 0.858191 0.815573 0.764475 0.828962 0.911734 0.906830 0.997900 0.860870 0.812003 0.852979
0.659739 0.498058 0.576644 0.581238 0.860892 0.782163 0.925997 0.753619 0.808854 0.598648 0.867849 0.729603 0.884542 0.858566 0.903218 0.821809 0.644569 0.563802 0.653458 0.617177 0.686409 0.975107 0.765676 0.674956 0.498410 0.601880 0.512126 0.896009 0.841537 0.607557 0.768126 0.794064 0.719965 0.844561 0.832185 0.777287 0.000000 0.574773 0.709873 0.790888 0.753283 0.763486 0.940372 0.879288 0.621567 0.704425 0.835605 0.931036 0.664726 0.997400 0.980590 0.867350 0.972453 0.946026 0.865232 0.890997 0.524433 0.507944 0.712431 0.652565 0.947576 0.826962 0.927477 0.748248 0.537669 0.585629 0.729757 0.796521 0.623629 0.646580 0.774785 0.951868 0.944143 0.938454 0.748890 0.942042 0.981816 0.939098 0.770704 0.791110 0.846993 0.883094 0.627832 0.630607 0.721373 0.619053 0.731829 0.865973 0.981062 0.704005 0.593351 0.674420 0.651074 0.750555 0.977801 0.907681 0.914436 0.975345 0.574480 0.748424 0.773783 0.673163 0.771624 0.972403 0.816790 0.789838 0.991590 0.973205 0.988361 0.809161 0.937247 0.851534 0.789567 0.960337 0.935693 0.958290
0.560441 0.477580 0.646895 0.569137 0.863409 0.876644 0.983152 0.709365 0.889358 0.713760 0.953317 0.656377 0.922963 0.821811 0.943288 0.755390 0.601335 0.490736 0.665404 0.640857 0.825583 0.985457 0.698479 0.628744 0.553936 0.647492 0.529907 0.993840 0.876284 0.642034 0.735650 0.752608 0.556214 0.768290 0.813581 0.617914 0.574773 0.000000 0.774651 0.836612 0.802323 0.793074 0.857913 0.769102 0.838908 0.959202 0.790024 0.833532 0.922530 0.830180 0.799879 0.668895 0.818528 0.957686 0.766420 0.802210 0.461244 0.460298 0.735225 0.561742 0.983695 0.724188 0.955485 0.662407 0.572820 0.661011 0.700699 0.754586 0.565117 0.523480 0.659914 0.815462 0.918776 0.986029 0.846163 0.920085 0.970638 0.786573 0.880703 0.763498 0.720537 0.862173 0.703599 0.658495 0.702059 0.530043 0.803332 0.961922 0.779336 0.597925 0.758993 0.779188 0.795703 0.841374 0.998406 0.947767 0.830925 0.999575 0.773416 0.825384 0.703902 0.644325 0.989454 0.996376 0.912288 0.979022 0.814381 0.962441 0.860278 0.786151 0.988968 0.908101 0.823951 0.908270 0.981292 0.889461
