0.000000 0.309494 0.580209 0.560392 0.845466 0.597367 0.367563 0.329275 0.585664 0.637586 0.359885 0.272544 0.303142 0.395879 0.584736 0.568801 0.406733 0.397904 0.413230 0.366670 0.900758 0.903715 0.668072 0.828689 0.997773 0.836558 0.882657 0.888919 0.447613 0.481423 0.717522 0.806404 0.343108 0.291775 0.631458 0.895144 0.673526 0.833861 0.911178 0.856986 0.807346 0.836512 0.599990 0.619397 0.594421 0.613175 0.484059 0.565799 0.934636 0.862764 0.732567 0.743634 0.928169 0.986237 0.761607 0.713473 0.377432 0.353442 0.276683 0.339416 0.254403 0.269393 0.395011 0.395441 0.598435 0.482206 0.442957 0.451010 0.546796 0.663181 0.558253 0.654662 0.825713 0.742192 0.862721 0.857944 0.552800 0.718533 0.656517 0.778978 0.353416 0.511418 0.751041 0.690036 0.475703 0.605355 0.989937 0.894569 0.566491 0.596357 0.680593 0.809488 0.705600 0.810739 0.724124 0.729517 0.555274 0.683558 0.445870 0.434928 0.603082 0.711381 0.552532 0.656481 0.437857 0.583064 0.799823 0.617111 0.639819 0.691401 0.693938 0.650696 0.682481 0.930070 0.713609 0.966479
0.309494 0.000000 0.635500 0.570406 0.925824 0.658206 0.457267 0.345581 0.717274 0.701746 0.587572 0.412553 0.538776 0.539581 0.762097 0.672793 0.427499 0.462121 0.428999 0.325975 0.910375 0.908263 0.737687 0.771629 0.938518 0.776558 0.934957 0.883592 0.525791 0.643631 0.721866 0.777077 0.410573 0.365239 0.704368 0.840945 0.757986 0.967910 0.974008 0.883723 0.737785 0.913422 0.470370 0.481611 0.485473 0.455417 0.454399 0.481318 0.749270 0.678384 0.574190 0.620318 0.844696 0.950246 0.669417 0.731380 0.287613 0.234442 0.382796 0.364044 0.439308 0.312162 0.599725 0.578246 0.641858 0.467352 0.483912 0.447459 0.478073 0.523255 0.631676 0.702768 0.674163 0.633987 0.739238 0.750207 0.650045 0.725510 0.670933 0.689360 0.441482 0.470056 0.693832 0.675057 0.540637 0.559167 0.928901 0.994694 0.683187 0.643169 0.709499 0.863167 0.753068 0.913328 0.646837 0.871201 0.489523 0.706727 0.470170 0.429281 0.692000 0.750480 0.570982 0.731291 0.469003 0.582418 0.972222 0.645658 0.597430 0.661264 0.606554 0.535250 0.659684 0.792465 0.592714 0.984006
0.580209 0.635500 0.000000 0.198813 0.900747 0.727428 0.262689 0.382735 0.526425 0.935768 0.815029 0.754904 0.556307 0.613230 0.563435 0.440926 0.941292 0.865892 0.434085 0.531707 0.571185 0.913521 0.297731 0.393828 0.349868 0.297859 0.894802 0.871054 0.955099 0.926262 0.352742 0.516992 0.428637 0.386690 0.406273 0.665229 0.430746 0.659077 0.820654 0.833975 0.831276 0.995859 0.437220 0.536946 0.661193 0.753706 0.509007 0.430796 0.842825 0.881005 0.733028 0.748321 0.740707 0.717551 0.641681 0.735234 0.899363 0.834078 0.658096 0.745733 0.526867 0.598067 0.896187 0.996205 0.211819 0.345417 0.309755 0.357743 0.668524 0.863402 0.425388 0.417984 0.700642 0.716972 0.819260 0.993433 0.563970 0.578759 0.853524 0.675751 0.784101 0.683124 0.748056 0.900448 0.361815 0.350515 0.863333 0.962736 0.655129 0.620445 0.477302 0.628379 0.500417 0.596598 0.642287 0.845039 0.585302 0.903460 0.637378 0.588789 0.720214 0.722018 0.803236 0.928623 0.567636 0.546005 0.801489 0.745314 0.682807 0.887668 0.702386 0.846464 0.809883 0.913085 0.760399 0.949494
0.560392 0.570406 0.198813 0.000000 0.984576 0.649972 0.258557 0.331724 0.593167 0.956446 0.804715 0.678280 0.584181 0.568013 0.621461 0.478383 0.908501 0.842643 0.387666 0.451082 0.579947 0.975161 0.323630 0.333256 0.369611 0.297049 0.893492 0.866117 0.990760 0.946145 0.394508 0.500019 0.412373 0.382312 0.423713 0.632003 0.507106 0.661393 0.779091 0.804427 0.801889 0.944870 0.398719 0.498695 0.663737 0.751526 0.441477 0.411933 0.830968 0.886561 0.723895 0.766549 0.771138 0.762716 0.715716 0.749775 0.814957 0.802793 0.639365 0.664779 0.530929 0.532787 0.922506 0.980912 0.214092 0.250116 0.270485 0.272017 0.707790 0.864032 0.398523 0.394503 0.688819 0.705183 0.739335 0.931345 0.560397 0.572131 0.878817 0.662774 0.800830 0.699213 0.750438 0.931266 0.359789 0.327502 0.798166 0.907441 0.666136 0.624081 0.439096 0.636378 0.473915 0.609949 0.654840 0.785883 0.570248 0.814046 0.604126 0.529965 0.667593 0.655422 0.791917 0.915258 0.536401 0.530862 0.828457 0.734146 0.648641 0.880924 0.648489 0.776331 0.792436 0.924196 0.691169 0.931265
0.845466 0.925824 0.900747 0.984576 0.000000 0.998564 0.884186 0.922157 0.695481 0.750735 0.888009 0.880542 0.749338 0.855996 0.712589 0.879047 0.752326 0.847215 0.892424 0.992878 0.996034 0.983711 0.844428 0.912058 0.985213 0.875197 0.782542 0.980428 0.808167 0.803634 0.947085 0.891220 0.829639 0.845512 0.730844 0.887545 0.886749 0.894789 0.945311 0.795445 0.982408 0.937592 0.955305 0.916071 0.918652 0.968875 0.944323 0.993972 0.968560 0.879797 0.945068 0.915308 0.911290 0.962251 0.932048 0.954136 0.868861 0.787083 0.744261 0.876546 0.771995 0.922678 0.654369 0.712574 0.873723 0.983295 0.834370 0.906027 0.966675 0.939059 0.880687 0.901290 0.988466 0.910446 0.913420 0.925329 0.944816 0.922598 0.908238 0.937394 0.756121 0.996626 0.887359 0.775231 0.821772 0.973691 0.956428 0.676823 0.734171 0.975768 0.894286 0.860076 0.908931 0.819449 0.946771 0.946071 0.864702 0.934606 0.821533 0.962500 0.963210 0.970376 0.768111 0.890802 0.958586 0.768631 0.980285 0.834471 0.901466 0.930441 0.875774 0.987057 0.959495 0.981947 0.996608 0.901082
0.597367 0.658206 0.727428 0.649972 0.998564 0.000000 0.561836 0.509522 0.731719 0.791284 0.726493 0.661262 0.726346 0.819996 0.943982 0.850538 0.871784 0.766666 0.683975 0.645696 0.778307 0.979534 0.871968 0.902986 0.960038 0.754398 0.893197 0.834779 0.901480 0.930903 0.894323 0.894691 0.676422 0.642296 0.813136 0.916528 0.827987 0.937074 0.927973 0.788680 0.887443 0.899734 0.603275 0.683439 0.787447 0.766172 0.570976 0.717811 0.955966 0.884354 0.788841 0.782769 0.926423 0.870100 0.894217 0.802582 0.750057 0.779322 0.648607 0.617032 0.629424 0.528217 0.889990 0.887770 0.729277 0.529645 0.575729 0.529162 0.766309 0.817795 0.722956 0.734724 0.867378 0.850964 0.917060 0.996921 0.725039 0.739572 0.938759 0.851753 0.735582 0.813279 0.833725 0.917728 0.827526 0.782633 0.904167 0.890124 0.734219 0.833735 0.612582 0.695125 0.645875 0.714011 0.961104 0.729890 0.722632 0.852497 0.556726 0.613707 0.729082 0.715644 0.718867 0.670369 0.710898 0.755232 0.803377 0.787482 0.949009 0.861192 0.680108 0.686196 0.756180 0.907269 0.714302 0.848511
0.367563 0.457267 0.262689 0.258557 0.884186 0.561836 0.000000 0.197717 0.397148 0.621717 0.562128 0.474996 0.414001 0.503683 0.512303 0.442540 0.681724 0.575480 0.358124 0.404741 0.670038 0.925183 0.415529 0.585395 0.605599 0.461749 0.970974 0.982516 0.671191 0.650295 0.460012 0.602045 0.327365 0.261026 0.421681 0.716942 0.531145 0.685487 0.922283 0.776562 0.773437 0.912896 0.371942 0.434429 0.483287 0.553253 0.432055 0.424846 0.997261 0.805702 0.573282 0.620472 0.667068 0.689649 0.659952 0.710093 0.682547 0.622785 0.416345 0.585796 0.369214 0.394908 0.666002 0.699623 0.324419 0.331882 0.225285 0.281195 0.651730 0.786434 0.332231 0.394116 0.645079 0.637383 0.780308 0.991269 0.404297 0.522384 0.709154 0.744631 0.543901 0.609689 0.732880 0.814426 0.411377 0.455070 0.965760 0.944420 0.603642 0.611743 0.357382 0.510179 0.384008 0.511868 0.586332 0.668589 0.414935 0.698851 0.363503 0.352430 0.560483 0.561508 0.584225 0.697758 0.387498 0.440692 0.729795 0.609167 0.665433 0.758047 0.563417 0.657985 0.676473 0.823983 0.654507 0.882240
0.329275 0.345581 0.382735 0.331724 0.922157 0.509522 0.197717 0.000000 0.499652 0.574636 0.523544 0.376435 0.438931 0.487306 0.631544 0.578169 0.633146 0.549686 0.390599 0.360634 0.756722 0.932249 0.556908 0.666162 0.752677 0.572649 0.873462 0.907956 0.616704 0.661929 0.559689 0.658006 0.352158 0.282253 0.505804 0.782439 0.692609 0.805993 0.952362 0.753769 0.756614 0.912088 0.370398 0.441843 0.545069 0.574902 0.421013 0.465252 0.960034 0.821109 0.612766 0.654059 0.771814 0.814811 0.760139 0.713663 0.538385 0.507242 0.377479 0.469796 0.345422 0.270386 0.645772 0.648473 0.434511 0.310036 0.275852 0.276992 0.632622 0.688219 0.418880 0.436000 0.695817 0.626913 0.758098 0.912889 0.477981 0.605312 0.760221 0.745388 0.546550 0.617411 0.778717 0.876885 0.498597 0.537283 0.918586 0.886439 0.622946 0.654584 0.407086 0.583651 0.428660 0.613648 0.623092 0.648789 0.396637 0.630674 0.351720 0.309216 0.526585 0.540270 0.570994 0.681936 0.353963 0.425123 0.728801 0.593238 0.662176 0.665712 0.465277 0.576480 0.581067 0.845025 0.576883 0.850163
0.585664 0.717274 0.526425 0.593167 0.695481 0.731719 0.397148 0.499652 0.000000 0.478011 0.595158 0.623316 0.554093 0.799542 0.590160 0.639466 0.703505 0.689459 0.722800 0.693263 0.792123 0.975927 0.669931 0.951718 0.913134 0.793424 0.961804 0.903726 0.623768 0.638985 0.783418 0.934959 0.634378 0.520304 0.639327 0.977345 0.744437 0.795599 0.882538 0.886660 0.880314 0.787717 0.641419 0.611059 0.617424 0.654288 0.716625 0.674061 0.921019 0.874491 0.644752 0.623938 0.598060 0.660166 0.680083 0.750032 0.953248 0.777769 0.417547 0.643907 0.487799 0.592748 0.647522 0.634205 0.591347 0.726867 0.518883 0.614312 0.772524 0.847673 0.500411 0.622362 0.705564 0.810760 0.868634 0.829562 0.517630 0.682591 0.703430 0.972603 0.624026 0.821602 0.929942 0.825722 0.733486 0.875229 0.879771 0.745471 0.603942 0.788870 0.527425 0.459991 0.539095 0.469356 0.696140 0.967047 0.528281 0.797175 0.477103 0.477500 0.687035 0.651136 0.651669 0.698691 0.529741 0.460968 0.669878 0.629401 0.808953 0.775018 0.636569 0.732817 0.613269 0.776145 0.721138 0.861383
0.637586 0.701746 0.935768 0.956446 0.750735 0.791284 0.621717 0.574636 0.478011 0.000000 0.588743 0.588715 0.742330 0.890112 0.748375 0.906471 0.574945 0.531369 0.859136 0.819089 0.876259 0.918047 0.925487 0.622338 0.669521 0.807802 0.821247 0.785927 0.499098 0.539723 0.896379 0.792934 0.855488 0.678617 0.814606 0.897573 0.980667 0.987110 0.857128 0.898557 0.858631 0.726418 0.773532 0.697696 0.642635 0.626509 0.882799 0.943325 0.764166 0.830400 0.592424 0.606444 0.700683 0.730040 0.972825 0.884646 0.782877 0.672914 0.469269 0.744051 0.686206 0.676241 0.603410 0.487930 0.951333 0.996115 0.722123 0.823062 0.821857 0.843250 0.576593 0.707473 0.824320 0.789904 0.974806 0.904079 0.556361 0.740138 0.766012 0.864830 0.585515 0.910288 0.979148 0.849335 0.928881 0.762314 0.783845 0.577026 0.852161 0.946608 0.547186 0.476544 0.538425 0.528205 0.778252 0.793010 0.579299 0.648358 0.396847 0.479935 0.636771 0.630979 0.426725 0.516254 0.575806 0.598323 0.756043 0.547044 0.862198 0.690162 0.601134 0.695444 0.519307 0.769984 0.701060 0.804796
0.359885 0.587572 0.815029 0.804715 0.888009 0.726493 0.562128 0.523544 0.595158 0.588743 0.000000 0.293331 0.346397 0.458327 0.721167 0.720010 0.448257 0.403661 0.558321 0.549809 0.934143 0.934767 0.890513 0.989102 0.788771 0.928490 0.835350 0.747805 0.404068 0.340416 0.880081 0.899000 0.513532 0.462462 0.819795 0.916579 0.936514 0.946458 0.984276 0.814502 0.987821 0.791292 0.955825 0.894672 0.768164 0.758539 0.773079 0.861488 0.963281 0.972563 0.948656 0.979681 0.927182 0.805267 0.823905 0.870468 0.594785 0.536821 0.464273 0.545265 0.347206 0.381837 0.300909 0.286258 0.843091 0.729366 0.681613 0.688256 0.792375 0.904452 0.809577 0.943016 0.867295 0.993505 0.884575 0.987808 0.790125 0.939002 0.655082 0.912916 0.343078 0.542235 0.918211 0.682623 0.710863 0.837352 0.841565 0.882688 0.641879 0.720500 0.925443 0.975617 0.929045 0.976946 0.849603 0.755763 0.759850 0.806993 0.640272 0.627528 0.689330 0.854600 0.730717 0.794981 0.599244 0.764425 0.858517 0.844864 0.846292 0.753366 0.767714 0.844993 0.802006 0.887189 0.843910 0.888857
0.272544 0.412553 0.754904 0.678280 0.880542 0.661262 0.474996 0.376435 0.623316 0.588715 0.293331 0.000000 0.312944 0.395041 0.673765 0.682335 0.382771 0.384499 0.528974 0.419395 0.942852 0.952745 0.811417 0.913574 0.810401 0.994495 0.909532 0.779629 0.402683 0.385603 0.891029 0.915728 0.447227 0.378457 0.750867 0.994850 0.944468 0.965786 0.965354 0.804262 0.848420 0.872165 0.764339 0.731860 0.682360 0.700787 0.642070 0.671715 0.939371 0.955074 0.862890 0.868638 0.997887 0.906548 0.865124 0.829612 0.440101 0.434690 0.329210 0.393469 0.284819 0.245359 0.350339 0.306466 0.736467 0.537081 0.546759 0.528135 0.721708 0.718861 0.705648 0.794905 0.992368 0.849785 0.808874 0.888488 0.643934 0.789675 0.680898 0.809738 0.365805 0.565842 0.808194 0.716482 0.635706 0.736695 0.928406 0.884841 0.654844 0.678327 0.756195 0.884467 0.807114 0.867740 0.769175 0.791983 0.647196 0.731958 0.493363 0.499236 0.637629 0.770465 0.603772 0.676380 0.503708 0.608798 0.859395 0.743332 0.712789 0.740544 0.671194 0.662872 0.752228 0.965734 0.713027 0.960050
0.303142 0.538776 0.556307 0.584181 0.749338 0.726346 0.414001 0.438931 0.554093 0.742330 0.346397 0.312944 0.000000 0.297004 0.466655 0.457008 0.530024 0.501710 0.460943 0.473544 0.773555 0.977871 0.506770 0.723283 0.927050 0.803404 0.985266 0.895210 0.509951 0.394798 0.614422 0.753142 0.320722 0.340158 0.625869 0.887859 0.716330 0.756254 0.998486 0.795078 0.862800 0.873982 0.764438 0.800009 0.818839 0.845071 0.699264 0.672009 0.777901 0.854001 0.989693 0.966802 0.955117 0.915875 0.801875 0.880781 0.582482 0.540282 0.405245 0.491204 0.212114 0.341079 0.306579 0.385974 0.531132 0.493613 0.492553 0.535888 0.781511 0.786057 0.645020 0.746797 0.962993 0.959149 0.854866 0.947240 0.707583 0.760025 0.752733 0.722564 0.394444 0.598849 0.758986 0.765256 0.403900 0.555537 0.902011 0.900803 0.621258 0.635775 0.773374 0.918699 0.824765 0.831471 0.866451 0.787408 0.705834 0.878393 0.620803 0.656731 0.680672 0.773399 0.736099 0.832618 0.577489 0.578322 0.819436 0.783877 0.763343 0.817481 0.848635 0.836657 0.887219 0.990592 0.783214 0.993140
0.395879 0.539581 0.613230 0.568013 0.855996 0.819996 0.503683 0.487306 0.799542 0.890112 0.458327 0.395041 0.297004 0.000000 0.498360 0.459698 0.639364 0.523287 0.401809 0.493044 0.831106 0.992322 0.462608 0.585964 0.883335 0.809033 0.950902 0.998258 0.621483 0.475024 0.558208 0.617477 0.275791 0.370715 0.621079 0.768478 0.665065 0.849431 0.890119 0.789427 0.872201 0.974648 0.821332 0.868602 0.872912 0.912882 0.794996 0.765231 0.720023 0.789394 0.945034 0.929154 0.877791 0.810831 0.944845 0.986022 0.504519 0.526040 0.510552 0.524870 0.323779 0.426079 0.399774 0.500027 0.562155 0.457929 0.523249 0.448439 0.903457 0.817711 0.730299 0.657674 0.930741 0.894332 0.807372 0.854247 0.852518 0.784859 0.712288 0.645035 0.521676 0.685799 0.608425 0.771884 0.382664 0.469065 0.782337 0.931870 0.655370 0.571247 0.850064 0.906244 0.877206 0.999583 0.915650 0.750560 0.801317 0.909570 0.757282 0.737696 0.650589 0.879733 0.844619 0.987864 0.623546 0.718189 0.976153 0.900037 0.762452 0.830256 0.813037 0.914891 0.972949 0.858837 0.827670 0.962025
0.584736 0.762097 0.563435 0.621461 0.712589 0.943982 0.512303 0.631544 0.590160 0.748375 0.721167 0.673765 0.466655 0.498360 0.000000 0.429506 0.787542 0.701611 0.653486 0.731906 0.661457 0.911232 0.407463 0.721099 0.780825 0.750143 0.909673 0.943589 0.712650 0.619959 0.512090 0.741329 0.464509 0.494022 0.572022 0.785363 0.538211 0.695825 0.968353 0.985999 0.777034 0.935875 0.757850 0.861354 0.733684 0.834494 0.820430 0.724194 0.789364 0.946443 0.808794 0.730544 0.725702 0.741561 0.837556 0.827874 0.837709 0.781750 0.518632 0.708203 0.453079 0.683405 0.588633 0.623046 0.564044 0.682781 0.528885 0.609654 0.843033 0.773805 0.541338 0.507664 0.803864 0.856646 0.888447 0.984300 0.727832 0.782506 0.699331 0.884652 0.728158 0.923612 0.577482 0.804457 0.488011 0.638165 0.770089 0.971854 0.737988 0.667970 0.658001 0.707489 0.713244 0.648315 0.793677 0.839043 0.722019 0.831162 0.653405 0.691234 0.807255 0.804779 0.752330 0.823739 0.632663 0.531857 0.712880 0.603150 0.764204 0.963982 0.807549 0.869240 0.966398 0.807574 0.763145 0.962394
0.568801 0.672793 0.440926 0.478383 0.879047 0.850538 0.442540 0.578169 0.639466 0.906471 0.720010 0.682335 0.457008 0.459698 0.429506 0.000000 0.765985 0.612303 0.463251 0.515855 0.606360 0.983250 0.335739 0.491240 0.610556 0.528181 0.826571 0.892609 0.654024 0.601934 0.404370 0.497832 0.384760 0.435828 0.506871 0.651252 0.431923 0.675000 0.997631 0.886297 0.806133 0.994033 0.668493 0.696411 0.687812 0.716349 0.667019 0.639644 0.865109 0.916595 0.803612 0.775465 0.789671 0.792988 0.711869 0.853843 0.747828 0.749437 0.641035 0.798458 0.527922 0.665920 0.672954 0.764391 0.467856 0.550228 0.502252 0.533773 0.834169 0.847075 0.558169 0.538393 0.747487 0.618340 0.785690 0.914790 0.721263 0.749543 0.636957 0.615001 0.591244 0.662424 0.569238 0.781512 0.371625 0.436792 0.800377 0.910014 0.763270 0.692367 0.623546 0.836342 0.698182 0.695362 0.671758 0.880529 0.681515 0.867252 0.713321 0.746587 0.768668 0.810829 0.813295 0.949011 0.609590 0.730590 0.874541 0.826145 0.782768 0.902959 0.899593 0.890303 0.951345 0.930042 0.856185 0.943747
0.406733 0.427499 0.941292 0.908501 0.752326 0.871784 0.681724 0.633146 0.703505 0.574945 0.448257 0.382771 0.530024 0.639364 0.787542 0.765985 0.000000 0.289181 0.580637 0.498152 0.846743 0.906956 0.964315 0.927752 0.777828 0.829967 0.999117 0.819025 0.313955 0.368423 0.966772 0.948744 0.585086 0.538255 0.850580 0.997046 0.843442 0.932947 0.991206 0.829447 0.835130 0.843258 0.846826 0.738199 0.532048 0.503233 0.715461 0.799944 0.645920 0.743507 0.686898 0.763296 0.865168 0.986305 0.770011 0.753397 0.390787 0.312070 0.463450 0.599537 0.551714 0.538338 0.357539 0.313074 0.955293 0.871976 0.749545 0.760866 0.635815 0.777431 0.782909 0.997259 0.919604 0.789363 0.917095 0.854285 0.705361 0.797959 0.638205 0.958691 0.263998 0.466681 0.724550 0.482545 0.734550 0.852682 0.910566 0.951766 0.734223 0.710564 0.922330 0.948542 0.949402 0.982502 0.672356 0.999152 0.667186 0.688979 0.579867 0.619742 0.806394 0.931585 0.519026 0.553469 0.631800 0.774983 0.953311 0.776408 0.735183 0.765281 0.816194 0.665256 0.800886 0.861469 0.847378 0.997931
0.397904 0.462121 0.865892 0.842643 0.847215 0.766666 0.575480 0.549686 0.689459 0.531369 0.403661 0.384499 0.501710 0.523287 0.701611 0.612303 0.289181 0.000000 0.513144 0.464054 0.917350 0.872538 0.896449 0.968382 0.811729 0.964490 0.977652 0.867467 0.280400 0.296863 0.845892 0.861014 0.504477 0.484437 0.804675 0.903562 0.714864 0.852442 0.929051 0.830039 0.849639 0.797326 0.802683 0.700196 0.493471 0.472837 0.711818 0.795848 0.722399 0.739412 0.648047 0.725513 0.831566 0.935558 0.741843 0.857587 0.383274 0.346244 0.479369 0.655877 0.529146 0.534200 0.370179 0.312824 0.921858 0.803276 0.650886 0.663859 0.631576 0.734961 0.730059 0.839598 0.821499 0.656980 0.988153 0.806341 0.714262 0.770889 0.525343 0.846806 0.229294 0.420680 0.668724 0.538940 0.726165 0.786489 0.908174 0.937441 0.694063 0.767435 0.789850 0.872494 0.798378 0.898682 0.742645 0.880534 0.636156 0.727717 0.532062 0.578464 0.661046 0.822764 0.473295 0.558263 0.548472 0.793885 0.945166 0.770352 0.757745 0.731446 0.778929 0.695945 0.783547 0.850801 0.826502 0.976315
0.413230 0.428999 0.434085 0.387666 0.892424 0.683975 0.358124 0.390599 0.722800 0.859136 0.558321 0.528974 0.460943 0.401809 0.653486 0.463251 0.580637 0.513144 0.000000 0.375078 0.806938 0.956800 0.439217 0.503657 0.641073 0.580382 0.945395 0.957628 0.671708 0.635221 0.454741 0.569533 0.275333 0.299000 0.465481 0.650531 0.510403 0.719779 0.842121 0.790469 0.798915 0.979022 0.549009 0.593595 0.558725 0.602656 0.496490 0.541790 0.983891 0.882064 0.735364 0.843080 0.891039 0.966619 0.659196 0.782017 0.488953 0.491297 0.586881 0.624103 0.474474 0.487976 0.594556 0.690287 0.454410 0.417180 0.390314 0.361205 0.655540 0.782044 0.527101 0.618386 0.847447 0.756917 0.764331 0.817134 0.637292 0.610214 0.728452 0.688222 0.489582 0.521540 0.620604 0.716726 0.363353 0.382917 0.894608 0.841031 0.607165 0.584088 0.666674 0.901750 0.706893 0.882309 0.755285 0.728162 0.594867 0.839402 0.569507 0.565871 0.709442 0.838536 0.717865 0.865499 0.601547 0.706881 0.971419 0.743900 0.675324 0.832917 0.740568 0.709172 0.827695 0.953717 0.889452 0.962352
0.366670 0.325975 0.531707 0.451082 0.992878 0.645696 0.404741 0.360634 0.693263 0.819089 0.549809 0.419395 0.473544 0.493044 0.731906 0.515855 0.498152 0.464054 0.375078 0.000000 0.734966 0.951187 0.601172 0.578175 0.750692 0.648991 0.973976 0.992135 0.569147 0.629390 0.620300 0.578325 0.348799 0.345033 0.673547 0.754089 0.664768 0.873011 0.925731 0.811021 0.772982 0.998982 0.518124 0.527724 0.592626 0.596337 0.510312 0.518412 0.927474 0.776572 0.771761 0.808591 0.944119 0.980777 0.679403 0.717334 0.419778 0.409569 0.543612 0.542816 0.492408 0.386755 0.628137 0.657434 0.538956 0.422382 0.478470 0.418461 0.562603 0.681854 0.590136 0.674748 0.758812 0.611298 0.750983 0.694992 0.645136 0.733538 0.677708 0.695231 0.450702 0.402388 0.653622 0.704140 0.460330 0.476558 0.832244 0.889220 0.771478 0.637751 0.686739 0.885805 0.717812 0.881823 0.635683 0.979834 0.585528 0.758034 0.588523 0.489578 0.713351 0.723720 0.616441 0.799769 0.454565 0.695022 0.877597 0.795853 0.740679 0.833023 0.772868 0.680063 0.744038 0.942702 0.701962 0.959718
0.900758 0.910375 0.571185 0.579947 0.996034 0.778307 0.670038 0.756722 0.792123 0.876259 0.934143 0.942852 0.773555 0.831106 0.661457 0.606360 0.846743 0.917350 0.806938 0.734966 0.000000 0.970398 0.526219 0.577881 0.580364 0.530563 0.782629 0.890137 0.851220 0.919019 0.642245 0.713700 0.710376 0.720167 0.723386 0.761335 0.713980 0.732982 0.918659 0.934989 0.725850 0.915639 0.675814 0.775008 0.962614 0.959911 0.760778 0.789422 0.697018 0.906578 0.991533 0.940135 0.917674 0.763415 0.884696 0.953961 0.972937 0.920879 0.867750 0.887125 0.800942 0.839299 0.895396 0.831715 0.523179 0.571982 0.600822 0.631892 0.883690 0.963628 0.638097 0.604714 0.870063 0.838608 0.856903 0.877162 0.848444 0.775569 0.945887 0.784724 0.916041 0.972957 0.775588 0.887368 0.651084 0.624226 0.567400 0.867580 0.927372 0.868293 0.653045 0.744772 0.748044 0.652760 0.831296 0.954649 0.870844 0.961988 0.870271 0.825995 0.879539 0.818578 0.959092 0.927416 0.766893 0.687685 0.843021 0.851086 0.939296 0.862899 0.909268 0.928857 0.994011 0.925341 0.751759 0.923735
0.903715 0.908263 0.913521 0.975161 0.983711 0.979534 0.925183 0.932249 0.975927 0.918047 0.934767 0.952745 0.977871 0.992322 0.911232 0.983250 0.906956 0.872538 0.956800 0.951187 0.970398 0.000000 0.981592 0.961324 0.996991 0.930032 0.894680 0.896235 0.922339 0.959982 0.967390 0.865547 0.990790 0.987124 0.929135 0.970086 0.889711 0.947080 0.915300 0.935474 0.753868 0.797716 0.977184 0.921575 0.774846 0.845367 0.972348 0.871557 0.865057 0.860223 0.739965 0.772260 0.851032 0.754765 0.998483 0.811173 0.870533 0.881366 0.873017 0.886299 0.923297 0.973104 0.941427 0.905367 0.993413 0.986996 0.926244 0.939050 0.845827 0.768000 0.920495 0.884865 0.983847 0.825296 0.962675 0.914853 0.837615 0.834585 0.909972 0.967936 0.950818 0.964305 0.883075 0.922638 0.974258 0.929921 0.995960 0.976730 0.970175 0.770695 0.894964 0.831039 0.873930 0.923799 0.731364 0.964507 0.926057 0.997407 0.871397 0.795373 0.934030 0.908598 0.798425 0.863546 0.859974 0.879608 0.942713 0.908019 0.911677 0.927719 0.793628 0.851613 0.968866 0.908924 0.770652 0.914931
0.668072 0.737687 0.297731 0.323630 0.844428 0.871968 0.415529 0.556908 0.669931 0.925487 0.890513 0.811417 0.506770 0.462608 0.407463 0.335739 0.964315 0.896449 0.439217 0.601172 0.526219 0.981592 0.000000 0.287844 0.380722 0.417343 0.784811 0.811846 0.995089 0.872914 0.292839 0.424510 0.362551 0.415949 0.429428 0.629327 0.458624 0.678920 0.850222 0.888828 0.801150 0.916077 0.558366 0.670833 0.818913 0.876093 0.653835 0.540976 0.645658 0.905704 0.916456 0.859921 0.843122 0.801213 0.748720 0.847300 0.877793 0.860160 0.728442 0.779929 0.519385 0.693575 0.804140 0.964195 0.255166 0.395715 0.408198 0.418469 0.856740 0.883734 0.531870 0.460858 0.819178 0.803548 0.766079 0.901672 0.736197 0.589505 0.860191 0.691139 0.828464 0.845514 0.603054 0.936617 0.258467 0.303231 0.721460 0.834433 0.687109 0.548696 0.629029 0.818177 0.676051 0.720416 0.742010 0.833692 0.737576 0.964799 0.780850 0.748766 0.837072 0.820819 0.964395 0.924992 0.659567 0.595742 0.909736 0.795025 0.825370 0.951671 0.885287 0.972295 0.995355 0.929638 0.841583 0.933912
0.828689 0.771629 0.393828 0.333256 0.912058 0.902986 0.585395 0.666162 0.951718 0.622338 0.989102 0.913574 0.723283 0.585964 0.721099 0.491240 0.927752 0.968382 0.503657 0.578175 0.577881 0.961324 0.287844 0.000000 0.295945 0.358579 0.758592 0.751550 0.837036 0.947940 0.351703 0.349686 0.502971 0.591807 0.598558 0.616921 0.585769 0.723617 0.760758 0.922478 0.906325 0.821988 0.636045 0.761527 0.908672 0.961650 0.654547 0.564354 0.690229 0.948537 0.990234 0.960199 0.979947 0.989362 0.741694 0.873190 0.888059 0.946478 0.988594 0.919586 0.729732 0.767234 0.973588 0.816801 0.330630 0.382671 0.552671 0.477188 0.897411 0.976253 0.735905 0.672645 0.891786 0.835444 0.731131 0.871738 0.918247 0.759706 0.923612 0.616950 0.961721 0.752411 0.640004 0.962051 0.333548 0.247655 0.653386 0.610362 0.817058 0.587370 0.823611 0.941568 0.872210 0.993263 0.749835 0.932640 0.855883 0.958152 0.985711 0.905591 0.952246 0.969668 0.846396 0.748630 0.837346 0.818272 0.912469 0.938722 0.880963 0.848849 0.961572 0.967238 0.887222 0.969008 0.895469 0.965491
0.997773 0.938518 0.349868 0.369611 0.985213 0.960038 0.605599 0.752677 0.913134 0.669521 0.788771 0.810401 0.927050 0.883335 0.780825 0.610556 0.777828 0.811729 0.641073 0.750692 0.580364 0.996991 0.380722 0.295945 0.000000 0.268173 0.733299 0.730982 0.696628 0.756493 0.354768 0.465989 0.674343 0.724669 0.570125 0.586904 0.500388 0.617315 0.723197 0.940745 0.880135 0.863975 0.584739 0.720827 0.845162 0.944222 0.679067 0.608150 0.794670 0.923339 0.881833 0.957926 0.862188 0.779334 0.703105 0.810086 0.912752 0.888115 0.877644 0.872691 0.960464 0.970009 0.763974 0.604646 0.369725 0.551240 0.581651 0.601008 0.863079 0.949323 0.663636 0.614933 0.751434 0.807793 0.830533 0.999643 0.818468 0.717684 0.966109 0.746925 0.879766 0.852858 0.694051 0.980487 0.490703 0.384557 0.762937 0.732943 0.899792 0.712753 0.725569 0.870643 0.710543 0.857231 0.783810 0.941303 0.804773 0.958637 0.998851 0.918583 0.991053 0.912249 0.919829 0.824482 0.896868 0.853789 0.964851 0.973409 0.879400 0.923535 0.990619 0.926019 0.898140 0.965131 0.915165 0.919972
0.836558 0.776558 0.297859 0.297049 0.875197 0.754398 0.461749 0.572649 0.793424 0.807802 0.928490 0.994495 0.803404 0.809033 0.750143 0.528181 0.829967 0.964490 0.580382 0.648991 0.530563 0.930032 0.417343 0.358579 0.268173 0.000000 0.899488 0.851644 0.838094 0.850897 0.364149 0.430096 0.605790 0.640628 0.620759 0.547783 0.480001 0.639331 0.814985 0.942966 0.879065 0.894105 0.457523 0.613977 0.744237 0.801480 0.547737 0.498819 0.882377 0.837552 0.732566 0.776655 0.753384 0.685091 0.647488 0.843576 0.971685 0.981846 0.945043 0.967307 0.802209 0.806241 0.789408 0.696805 0.339558 0.430566 0.482620 0.509017 0.789096 0.963854 0.576238 0.531288 0.615503 0.705956 0.868121 0.983332 0.693203 0.690451 0.984390 0.669885 0.990351 0.809969 0.780498 0.943422 0.512121 0.394967 0.774067 0.850325 0.820977 0.773931 0.563464 0.730718 0.586120 0.696946 0.772640 0.846435 0.660515 0.933373 0.812071 0.768899 0.802390 0.747591 0.984452 0.971183 0.767310 0.719378 0.831728 0.849260 0.774396 0.988460 0.880896 0.913981 0.930447 0.911299 0.826728 0.981365
0.882657 0.934957 0.894802 0.893492 0.782542 0.893197 0.970974 0.873462 0.961804 0.821247 0.835350 0.909532 0.985266 0.950902 0.909673 0.826571 0.999117 0.977652 0.945395 0.973976 0.782629 0.894680 0.784811 0.758592 0.733299 0.899488 0.000000 0.823734 0.800434 0.916507 0.840939 0.929595 0.929785 0.979729 0.882456 0.702802 0.759847 0.821317 0.838242 0.947796 0.721623 0.976951 0.989249 0.988660 0.990199 0.891366 0.921235 0.937945 0.807649 0.933058 0.979019 0.920535 0.945289 0.916186 0.938754 0.909528 0.976267 0.988291 0.926475 0.865361 0.933837 0.836221 0.988780 0.928832 0.836424 0.920543 0.877855 0.879944 0.930584 0.927003 0.944536 0.916206 0.882959 0.991153 0.941833 0.924860 0.997827 0.878935 0.932370 0.970001 0.985852 0.991181 0.817437 0.917275 0.818407 0.795600 0.908411 0.955058 0.949704 0.898979 0.994880 0.984739 0.960442 0.956706 0.875320 0.862025 0.962889 0.980605 0.989743 0.911887 0.820978 0.911032 0.979564 0.962239 0.933661 0.941428 0.788574 0.965377 0.993445 0.751194 0.832742 0.900760 0.816126 0.960316 0.945365 0.914622
0.888919 0.883592 0.871054 0.866117 0.980428 0.834779 0.982516 0.907956 0.903726 0.785927 0.747805 0.779629 0.895210 0.998258 0.943589 0.892609 0.819025 0.867467 0.957628 0.992135 0.890137 0.896235 0.811846 0.751550 0.730982 0.851644 0.823734 0.000000 0.766163 0.785705 0.783641 0.909456 0.948565 0.961919 0.856280 0.987784 0.754371 0.864910 0.993178 0.978951 0.865842 0.792901 0.989258 0.968119 0.934368 0.907951 0.984701 0.997519 0.808269 0.942670 0.952466 0.921657 0.899379 0.954580 0.992963 0.804907 0.963471 0.866599 0.890461 0.959199 0.896636 0.831353 0.825922 0.720841 0.870397 0.907497 0.935962 0.857517 0.955010 0.963811 0.994779 0.832624 0.948574 0.953338 0.903774 0.910183 0.886201 0.909610 0.958628 0.844176 0.875251 0.958629 0.995792 0.875851 0.896914 0.797443 0.943211 0.803178 0.905609 0.832879 0.949672 0.991928 0.960773 0.974204 0.992709 0.820487 0.932828 0.902770 0.887344 0.886812 0.879789 0.863845 0.953864 0.949181 0.972504 0.873170 0.966303 0.889455 0.985980 0.830863 0.971434 0.888248 0.826874 0.998767 0.918199 0.919182
0.447613 0.525791 0.955099 0.990760 0.808167 0.901480 0.671191 0.616704 0.623768 0.499098 0.404068 0.402683 0.509951 0.621483 0.712650 0.654024 0.313955 0.280400 0.671708 0.569147 0.851220 0.922339 0.995089 0.837036 0.696628 0.838094 0.800434 0.766163 0.000000 0.272433 0.929894 0.970316 0.582933 0.576562 0.873885 0.875331 0.881011 0.981777 0.786726 0.939481 0.911952 0.811390 0.893745 0.788551 0.545317 0.486368 0.834365 0.832525 0.593969 0.706489 0.702548 0.728416 0.828569 0.958730 0.744828 0.727586 0.508389 0.428145 0.475537 0.651143 0.522153 0.527152 0.361088 0.288058 0.967659 0.960327 0.828807 0.863909 0.723378 0.716991 0.844199 0.932525 0.835361 0.700115 0.936997 0.848022 0.764485 0.940858 0.529662 0.937179 0.319556 0.509576 0.684031 0.497629 0.815848 0.957205 0.941509 0.918951 0.752881 0.800173 0.905386 0.953787 0.951553 0.961252 0.772817 0.943328 0.648318 0.814157 0.609099 0.626820 0.771458 0.927698 0.586485 0.650345 0.629053 0.825061 0.857052 0.832009 0.750393 0.639421 0.759154 0.749714 0.713007 0.832897 0.838700 0.961863
0.481423 0.643631 0.926262 0.946145 0.803634 0.930903 0.650295 0.661929 0.638985 0.539723 0.340416 0.385603 0.394798 0.475024 0.619959 0.601934 0.368423 0.296863 0.635221 0.629390 0.919019 0.959982 0.872914 0.947940 0.756493 0.850897 0.916507 0.785705 0.272433 0.000000 0.897045 0.945388 0.557533 0.529778 0.882643 0.924830 0.878372 0.872690 0.927771 0.870953 0.946543 0.839569 0.999018 0.880430 0.679219 0.672502 0.917819 0.912913 0.842294 0.928439 0.848063 0.893018 0.938675 0.942562 0.855375 0.936053 0.571621 0.531804 0.519386 0.723937 0.490961 0.564302 0.273873 0.247058 0.982285 0.910568 0.787910 0.815985 0.869941 0.918239 0.844556 0.985288 0.971076 0.876057 0.954297 0.989584 0.783423 0.845113 0.577500 0.891227 0.306409 0.550669 0.662664 0.536130 0.729854 0.876721 0.920342 0.956371 0.766629 0.795663 0.920146 0.995837 0.953505 0.966785 0.852530 0.890452 0.792445 0.877873 0.676992 0.745083 0.739667 0.932579 0.662060 0.730955 0.677079 0.861840 0.945540 0.905760 0.905795 0.814828 0.899548 0.823238 0.889243 0.954590 0.872193 0.924393
0.717522 0.721866 0.352742 0.394508 0.947085 0.894323 0.460012 0.559689 0.783418 0.896379 0.880081 0.891029 0.614422 0.558208 0.512090 0.404370 0.966772 0.845892 0.454741 0.620300 0.642245 0.967390 0.292839 0.351703 0.354768 0.364149 0.840939 0.783641 0.929894 0.897045 0.000000 0.348130 0.382852 0.510778 0.502500 0.675558 0.465301 0.659060 0.894377 0.946786 0.798687 0.990494 0.577288 0.681338 0.717914 0.769070 0.682158 0.657205 0.817216 0.976878 0.820724 0.886774 0.868700 0.846458 0.730206 0.831848 0.822044 0.802827 0.823124 0.897151 0.607691 0.732269 0.888128 0.984853 0.382996 0.482274 0.491201 0.510082 0.773912 0.832867 0.631492 0.515087 0.725164 0.736440 0.783154 0.889319 0.824762 0.758423 0.821126 0.618906 0.839176 0.733582 0.562472 0.953780 0.371946 0.359775 0.761125 0.779138 0.758061 0.615180 0.695644 0.906122 0.720927 0.861870 0.680642 0.854902 0.676179 0.869552 0.853483 0.757656 0.829236 0.775474 0.987193 0.941636 0.672041 0.686510 0.845856 0.829584 0.860185 0.950244 0.886135 0.964435 0.999444 0.921145 0.840536 0.918784
0.806404 0.777077 0.516992 0.500019 0.891220 0.894691 0.602045 0.658006 0.934959 0.792934 0.899000 0.915728 0.753142 0.617477 0.741329 0.497832 0.948744 0.861014 0.569533 0.578325 0.713700 0.865547 0.424510 0.349686 0.465989 0.430096 0.929595 0.909456 0.970316 0.945388 0.348130 0.000000 0.512718 0.585768 0.698012 0.692465 0.645441 0.785569 0.781408 0.998855 0.995982 0.834811 0.662911 0.678551 0.868421 0.859674 0.705056 0.696559 0.792569 0.974784 0.935954 0.984099 0.985559 0.997532 0.778506 0.943422 0.845514 0.885959 0.982103 0.991834 0.752286 0.783602 0.995259 0.918356 0.510649 0.508667 0.614760 0.551658 0.914229 0.998889 0.815466 0.698922 0.791641 0.708060 0.783248 0.798735 0.974771 0.821305 0.855262 0.645026 0.887194 0.728085 0.670843 0.991090 0.495448 0.408172 0.835508 0.760443 0.881138 0.812260 0.795455 0.970621 0.798032 0.973034 0.735387 0.881953 0.841052 0.904342 0.935878 0.871862 0.829316 0.793037 0.943596 0.837896 0.710130 0.886557 0.984457 0.915213 0.897085 0.867512 0.992543 0.968884 0.994082 0.998153 0.898935 0.931178
0.343108 0.410573 0.428637 0.412373 0.829639 0.676422 0.327365 0.352158 0.634378 0.855488 0.513532 0.447227 0.320722 0.275791 0.464509 0.384760 0.585086 0.504477 0.275333 0.348799 0.710376 0.990790 0.362551 0.502971 0.674343 0.605790 0.929785 0.948565 0.582933 0.557533 0.382852 0.512718 0.000000 0.252297 0.494924 0.733786 0.517502 0.747868 0.932113 0.840586 0.762604 0.996399 0.556801 0.622580 0.614447 0.661865 0.567375 0.570080 0.899173 0.969774 0.825472 0.854616 0.944181 0.996435 0.745328 0.755459 0.469459 0.459841 0.460049 0.518553 0.310567 0.395163 0.480481 0.582591 0.409518 0.378420 0.367968 0.341741 0.689283 0.711419 0.570593 0.530429 0.799482 0.711245 0.762510 0.828213 0.686640 0.644939 0.641992 0.672793 0.481063 0.547247 0.545074 0.713721 0.303015 0.357540 0.832031 0.893632 0.610676 0.522214 0.679518 0.924535 0.719595 0.866152 0.742254 0.745901 0.627006 0.816262 0.575543 0.544262 0.718593 0.739886 0.733626 0.831934 0.501614 0.601710 0.856958 0.776278 0.733903 0.796556 0.749834 0.777340 0.831651 0.932206 0.753684 0.947931
0.291775 0.365239 0.386690 0.382312 0.845512 0.642296 0.261026 0.282253 0.520304 0.678617 0.462462 0.378457 0.340158 0.370715 0.494022 0.435828 0.538255 0.484437 0.299000 0.345033 0.720167 0.987124 0.415949 0.591807 0.724669 0.640628 0.979729 0.961919 0.576562 0.529778 0.510778 0.585768 0.252297 0.000000 0.473691 0.776340 0.588009 0.748679 0.845072 0.826743 0.779110 0.881355 0.465173 0.471664 0.545140 0.582485 0.481178 0.469955 0.976046 0.865229 0.701126 0.707589 0.811428 0.863536 0.682675 0.796725 0.508798 0.477321 0.402917 0.496961 0.309128 0.352009 0.502020 0.549857 0.414896 0.351257 0.286937 0.295795 0.638540 0.709885 0.471569 0.507754 0.799883 0.703631 0.742398 0.876211 0.571428 0.578665 0.666079 0.735873 0.443595 0.538953 0.609118 0.732303 0.358905 0.419378 0.897022 0.970476 0.539239 0.566753 0.542640 0.732708 0.569933 0.712216 0.661149 0.777375 0.552742 0.808998 0.438416 0.413272 0.632627 0.661228 0.597564 0.717280 0.429522 0.521897 0.801227 0.618482 0.714833 0.774836 0.693282 0.663774 0.690047 0.879081 0.688701 0.968112
0.631458 0.704368 0.406273 0.423713 0.730844 0.813136 0.421681 0.505804 0.639327 0.814606 0.819795 0.750867 0.625869 0.621079 0.572022 0.506871 0.850580 0.804675 0.465481 0.673547 0.723386 0.929135 0.429428 0.598558 0.570125 0.620759 0.882456 0.856280 0.873885 0.882643 0.502500 0.698012 0.494924 0.473691 0.000000 0.721796 0.597068 0.715652 0.876506 0.816162 0.760238 0.780798 0.503725 0.570817 0.620741 0.719930 0.584532 0.550652 0.894923 0.893771 0.720234 0.749680 0.696880 0.740217 0.687120 0.728571 0.822465 0.825323 0.642612 0.772348 0.583456 0.703791 0.824681 0.891474 0.367190 0.486896 0.342271 0.438503 0.809967 0.902054 0.462262 0.479904 0.714533 0.676762 0.959235 0.891330 0.612189 0.579250 0.810483 0.825083 0.758572 0.789442 0.747641 0.857747 0.457024 0.478519 0.777631 0.945987 0.726492 0.668464 0.460128 0.639079 0.528585 0.560586 0.673809 0.725251 0.605779 0.773964 0.617859 0.601277 0.755183 0.750144 0.732864 0.917256 0.659967 0.531232 0.934916 0.670426 0.674807 0.764289 0.737549 0.861682 0.830914 0.891992 0.855261 0.946254
0.895144 0.840945 0.665229 0.632003 0.887545 0.916528 0.716942 0.782439 0.977345 0.897573 0.916579 0.994850 0.887859 0.768478 0.785363 0.651252 0.997046 0.903562 0.650531 0.754089 0.761335 0.970086 0.629327 0.616921 0.586904 0.547783 0.702802 0.987784 0.875331 0.924830 0.675558 0.692465 0.733786 0.776340 0.721796 0.000000 0.535329 0.800015 0.754641 0.833705 0.821768 0.867703 0.661222 0.831498 0.784997 0.909150 0.808544 0.766428 0.891611 0.963498 0.783782 0.838583 0.782346 0.770448 0.814411 0.934279 0.870092 0.904778 0.994418 0.900534 0.941778 0.955169 0.963560 0.893169 0.644525 0.659013 0.616506 0.618363 0.939132 0.863899 0.682858 0.694840 0.838594 0.796426 0.957439 0.951495 0.738495 0.868711 0.948107 0.968816 0.920146 0.937071 0.717286 0.961568 0.639409 0.571798 0.867396 0.953167 0.862643 0.832526 0.693634 0.823593 0.660531 0.786231 0.954863 0.840730 0.861310 0.896266 0.830400 0.894158 0.819732 0.788671 0.858391 0.961465 0.882395 0.857665 0.996038 0.897293 0.823204 0.942948 0.883582 0.861831 0.916272 0.985951 0.939797 0.971308
0.673526 0.757986 0.430746 0.507106 0.886749 0.827987 0.531145 0.692609 0.744437 0.980667 0.936514 0.944468 0.716330 0.665065 0.538211 0.431923 0.843442 0.714864 0.510403 0.664768 0.713980 0.889711 0.458624 0.585769 0.500388 0.480001 0.759847 0.754371 0.881011 0.878372 0.465301 0.645441 0.517502 0.588009 0.597068 0.535329 0.000000 0.550007 0.852540 0.870472 0.775543 0.970901 0.678440 0.760777 0.685203 0.759362 0.630851 0.666945 0.924430 0.835461 0.709598 0.751364 0.743381 0.734162 0.702803 0.762118 0.801624 0.762951 0.755107 0.910850 0.741644 0.886295 0.831101 0.952312 0.511637 0.669788 0.544380 0.540036 0.736552 0.840295 0.570844 0.528616 0.698692 0.692716 0.927952 0.972804 0.732880 0.698324 0.705036 0.822287 0.718677 0.777826 0.637712 0.796110 0.482588 0.488636 0.900772 0.946232 0.694155 0.612590 0.681807 0.766500 0.673999 0.746884 0.796749 0.872334 0.705120 0.880114 0.738277 0.743879 0.827978 0.906689 0.770051 0.880489 0.693343 0.798801 0.883917 0.750236 0.729560 0.873954 0.865156 0.851666 0.969970 0.876825 0.956475 0.954013
0.833861 0.967910 0.659077 0.661393 0.894789 0.937074 0.685487 0.805993 0.795599 0.987110 0.946458 0.965786 0.756254 0.849431 0.695825 0.675000 0.932947 0.852442 0.719779 0.873011 0.732982 0.947080 0.678920 0.723617 0.617315 0.639331 0.821317 0.864910 0.981777 0.872690 0.659060 0.785569 0.747868 0.748679 0.715652 0.800015 0.550007 0.000000 0.834553 0.977551 0.889187 0.923709 0.836409 0.859900 0.835564 0.935314 0.756872 0.805689 0.836660 0.985080 0.857302 0.909525 0.860762 0.833289 0.789864 0.898518 0.999603 0.973281 0.843605 0.983413 0.841198 0.986163 0.890668 0.962557 0.691257 0.803690 0.662401 0.705781 0.929827 0.984040 0.652581 0.746428 0.744193 0.912866 0.921516 0.868495 0.826209 0.892683 0.925115 0.875548 0.875923 0.868708 0.841889 0.931295 0.741141 0.704174 0.921932 0.971361 0.832838 0.908544 0.715047 0.787452 0.734444 0.766342 0.865538 0.878866 0.711357 0.797398 0.877674 0.878361 0.941790 0.874844 0.872159 0.881389 0.912509 0.842230 0.824443 0.761614 0.785640 0.951197 0.931295 0.923748 0.943424 0.691320 0.936097 0.764837
