0.000000 0.424277 0.606323 0.662657 0.935137 0.679258 0.771942 0.669428 0.762470 0.726410 0.510158 0.618042 0.883473 0.842834 0.843809 0.932549 0.499749 0.407301 0.870291 0.750185 0.962886 0.990952 0.963655 0.968844 0.725179 0.718206 0.948708 0.812180 0.579347 0.638908 0.901681 0.969341 0.837129 0.725643 0.958738 0.941414 0.995324 0.813920 0.903875 0.967989 0.705315 0.706563 0.994474 0.742916 0.739197 0.584857 0.669322 0.607831 0.573643 0.599777 0.604225 0.631307 0.727288 0.945706 0.674942 0.720807 0.373632 0.423912 0.473650 0.472007 0.635527 0.922982 0.430947 0.401870 0.776339 0.729948 0.953287 0.935760 0.540863 0.522792 0.601473 0.612142 0.976932 0.954103 0.825221 0.942218 0.809750 0.836355 0.585881 0.720018 0.343420 0.407756 0.564445 0.425615 0.666235 0.790052 0.872772 0.684416 0.801479 0.676204 0.489649 0.513352 0.484717 0.490794 0.848421 0.809598 0.925231 0.906432 0.879574 0.796222 0.771575 0.822153 0.993323 0.741410 0.967053 0.987591 0.973387 0.927501 0.904635 0.885615 0.821615 0.974581 0.951376 0.852535 0.876120 0.859713
0.424277 0.000000 0.601487 0.750724 0.876488 0.778579 0.722946 0.699399 0.614607 0.554154 0.675357 0.657277 0.973847 0.896152 0.887263 0.919786 0.537856 0.457958 0.966281 0.896570 0.949992 0.998096 0.903868 0.930188 0.899395 0.883646 0.950748 0.703762 0.703334 0.760868 0.872183 0.930916 0.807632 0.758033 0.889425 0.852679 0.923722 0.910016 0.999801 0.798733 0.639948 0.680853 0.898385 0.667734 0.733231 0.555366 0.549943 0.588551 0.633440 0.611241 0.574397 0.570171 0.729910 0.934369 0.584914 0.730627 0.358455 0.362665 0.420892 0.451250 0.764961 0.919423 0.454639 0.442904 0.826121 0.825066 0.908913 0.767460 0.587864 0.531205 0.635343 0.589893 0.981221 0.972443 0.825216 0.995720 0.833701 0.968971 0.651304 0.641510 0.409375 0.432884 0.550348 0.417417 0.646901 0.637861 0.809893 0.701289 0.964897 0.638713 0.551266 0.553485 0.609828 0.542833 0.810605 0.798960 0.944221 0.832147 0.808342 0.775187 0.880223 0.786592 0.984999 0.844989 0.958887 0.925845 0.949490 0.898628 0.989763 0.881832 0.787932 0.945167 0.947117 0.831780 0.774174 0.848867
0.606323 0.601487 0.000000 0.478291 0.898534 0.789924 0.528120 0.523762 0.653274 0.725753 0.742827 0.908468 0.748590 0.841431 0.933786 0.763907 0.555721 0.533639 0.860570 0.934077 0.947962 0.887720 0.692677 0.651551 0.566927 0.732739 0.976945 0.903470 0.759888 0.761206 0.691868 0.790144 0.841128 0.997547 0.936286 0.879936 0.917646 0.956074 0.801682 0.950472 0.718872 0.934302 0.768631 0.987343 0.989590 0.800499 0.840699 0.960529 0.733540 0.824601 0.789641 0.871171 0.968785 0.833735 0.766056 0.889550 0.563767 0.456288 0.527994 0.572667 0.866372 0.801519 0.462670 0.500208 0.540723 0.667945 0.792399 0.968106 0.656548 0.618075 0.566940 0.588909 0.883641 0.823715 0.893712 0.861519 0.738177 0.720249 0.770507 0.854182 0.502039 0.597379 0.714720 0.614667 0.941936 0.977086 0.953178 0.851075 0.825355 0.966529 0.558822 0.541795 0.549430 0.518830 0.862453 0.800505 0.824850 0.763247 0.659520 0.612533 0.826160 0.724241 0.985942 0.793655 0.857606 0.976066 0.753852 0.858181 0.936827 0.959565 0.792828 0.966591 0.997279 0.829911 0.963205 0.952240
0.662657 0.750724 0.478291 0.000000 0.909163 0.814823 0.702875 0.377463 0.820922 0.821387 0.710892 0.802991 0.941178 0.980266 0.703513 0.970445 0.613896 0.567069 0.996170 0.951883 0.960245 0.989326 0.993025 0.815295 0.553990 0.609663 0.935523 0.974658 0.539707 0.650333 0.869300 0.835852 0.925242 0.907357 0.931487 0.847310 0.923239 0.993882 0.801107 0.795048 0.835018 0.958598 0.817433 0.968373 0.819807 0.780296 0.866813 0.988678 0.702009 0.846348 0.772027 0.904266 0.929618 0.941173 0.771249 0.909733 0.647490 0.583945 0.692121 0.758992 0.648870 0.985502 0.517059 0.521492 0.795510 0.681080 0.758364 0.843896 0.746730 0.729889 0.607639 0.656466 0.974631 0.939212 0.875370 0.945457 0.752652 0.740551 0.800682 0.867370 0.560046 0.639353 0.572495 0.645936 0.746482 0.963871 0.835419 0.726426 0.981351 0.948978 0.608838 0.584584 0.551284 0.567283 0.877280 0.904370 0.801715 0.694639 0.930941 0.810581 0.823061 0.838243 0.905942 0.819109 0.851506 0.840871 0.763171 0.836306 0.826987 0.992306 0.864452 0.793673 0.949609 0.957773 0.950884 0.870997
0.935137 0.876488 0.898534 0.909163 0.000000 0.851934 0.730777 0.974332 0.748830 0.845707 0.974558 0.850631 0.648411 0.773474 0.740252 0.653910 0.974736 0.964464 0.768402 0.924978 0.783252 0.996888 0.642698 0.679330 0.980642 0.871471 0.969174 0.875326 0.944869 0.998740 0.997872 0.905541 0.865590 0.943060 0.904314 0.952264 0.791503 0.856474 0.817257 0.763062 0.959266 0.855126 0.940359 0.769798 0.951435 0.829351 0.900093 0.899635 0.856082 0.839669 0.899098 0.973431 0.973268 0.938912 0.931761 0.971408 0.794925 0.840014 0.918248 0.832168 0.707981 0.752620 0.945489 0.990078 0.681509 0.759164 0.876441 0.909753 0.800486 0.719263 0.854883 0.926387 0.968102 0.920161 0.912248 0.994186 0.913242 0.991710 0.941282 0.956621 0.845363 0.936873 0.890363 0.863835 0.693141 0.863080 0.809543 0.827763 0.968568 0.994759 0.710908 0.781286 0.826007 0.790555 0.883452 0.999305 0.923986 0.821873 0.811865 0.680603 0.944016 0.801074 0.877612 0.890346 0.931057 0.990590 0.986250 0.826226 0.993183 0.829748 0.888100 0.915506 0.948853 0.946036 0.937865 0.839039
0.679258 0.778579 0.789924 0.814823 0.851934 0.000000 0.884005 0.914484 0.981688 0.979086 0.792770 0.860978 0.899760 0.940564 0.962797 0.775759 0.856006 0.834817 0.883241 0.841840 0.807985 0.854619 0.913054 0.801770 0.593607 0.614719 0.978825 0.805336 0.781365 0.740994 0.924116 0.922248 0.918315 0.983822 0.760039 0.827137 0.979281 0.959850 0.794768 0.832646 0.951854 0.917774 0.951911 0.729859 0.795058 0.641786 0.928191 0.665566 0.598632 0.555231 0.719736 0.805821 0.756205 0.844233 0.771263 0.924203 0.626448 0.766928 0.790500 0.637586 0.953583 0.958746 0.778629 0.760309 0.622223 0.557353 0.646179 0.741129 0.598557 0.599936 0.739480 0.949390 0.952415 0.945236 0.965456 0.947747 0.836283 0.775802 0.807716 0.840536 0.655186 0.759485 0.970950 0.818208 0.932725 0.748674 0.847527 0.963431 0.989243 0.884617 0.604266 0.661597 0.577590 0.621454 0.969087 0.843981 0.933618 0.964964 0.935034 0.829294 0.825730 0.950036 0.872254 0.750387 0.763172 0.826297 0.822372 0.917619 0.922687 0.960305 0.982779 0.868333 0.770458 0.949621 0.928754 0.723394
0.771942 0.722946 0.528120 0.702875 0.730777 0.884005 0.000000 0.504649 0.592589 0.490228 0.985889 0.954597 0.529066 0.802441 0.725245 0.683868 0.844388 0.821388 0.509290 0.782450 0.713616 0.908714 0.506779 0.715462 0.902480 0.825009 0.861750 0.826473 0.933285 0.870284 0.745586 0.621435 0.745538 0.904590 0.857272 0.940514 0.794656 0.824885 0.842814 0.749637 0.813439 0.867204 0.931896 0.807926 0.898949 0.723301 0.653677 0.878157 0.729807 0.832773 0.630747 0.734890 0.936910 0.964471 0.810441 0.769394 0.659071 0.615112 0.599258 0.677928 0.869748 0.801695 0.735864 0.771814 0.673887 0.980783 0.956265 0.662149 0.677770 0.624975 0.727942 0.626855 0.743592 0.803282 0.791124 0.903775 0.863444 0.859626 0.780966 0.975851 0.744469 0.795941 0.784621 0.725067 0.868553 0.860407 0.989460 0.900226 0.798000 0.930431 0.587265 0.560741 0.675083 0.609282 0.937681 0.954001 0.964967 0.918617 0.749130 0.647372 0.917745 0.603596 0.847161 0.749927 0.990676 0.930296 0.799345 0.887314 0.894266 0.910153 0.876397 0.994286 0.990162 0.824842 0.804036 0.881723
0.669428 0.699399 0.523762 0.377463 0.974332 0.914484 0.504649 0.000000 0.739760 0.573433 0.856397 0.896334 0.950139 0.953232 0.811499 0.998897 0.750398 0.686734 0.783550 0.913096 0.831073 0.969118 0.929029 0.851358 0.760313 0.877700 0.850063 0.874615 0.784741 0.896185 0.910394 0.727722 0.975315 0.993829 0.763894 0.967424 0.893461 0.875495 0.950779 0.969001 0.795370 0.932489 0.914706 0.851040 0.647752 0.627987 0.689261 0.823762 0.614564 0.790510 0.597251 0.710781 0.849546 0.905384 0.810595 0.782539 0.645625 0.578063 0.628677 0.745050 0.804265 0.935977 0.638444 0.647358 0.900120 0.858379 0.983445 0.870684 0.719633 0.659378 0.704919 0.581472 0.860968 0.959818 0.769484 0.964717 0.864774 0.854206 0.742126 0.908199 0.666008 0.712672 0.518338 0.606867 0.750689 0.773247 0.755556 0.853821 0.995513 0.903918 0.616550 0.603380 0.629432 0.594232 0.853136 0.962828 0.820787 0.865266 0.982717 0.853076 0.821096 0.765511 0.984035 0.740580 0.934342 0.938233 0.807093 0.882449 0.907764 0.937431 0.845102 0.808119 0.919940 0.882419 0.820385 0.904712
0.762470 0.614607 0.653274 0.820922 0.748830 0.981688 0.592589 0.739760 0.000000 0.439942 0.931018 0.972979 0.616213 0.792186 0.771305 0.589818 0.755365 0.658483 0.580991 0.817091 0.893218 0.930404 0.565421 0.682339 0.992805 0.945793 0.948139 0.737265 0.973123 0.966516 0.652287 0.777790 0.969609 0.943342 0.998783 0.990602 0.910431 0.906715 0.855869 0.766861 0.727147 0.839529 0.896358 0.968476 0.880663 0.916517 0.720120 0.821675 0.996648 0.949252 0.890451 0.966049 0.819701 0.623243 0.732187 0.946343 0.589222 0.548927 0.642115 0.652337 0.962466 0.743023 0.634885 0.676400 0.721281 0.975230 0.947440 0.649440 0.726050 0.709479 0.612579 0.667617 0.882886 0.862320 0.921260 0.919541 0.723832 0.821509 0.836344 0.899781 0.672812 0.686495 0.814313 0.598299 0.977421 0.751077 0.999348 0.999007 0.893130 0.980956 0.622629 0.566854 0.776150 0.635687 0.917269 0.909922 0.980355 0.955188 0.630706 0.566459 0.955344 0.595877 0.919475 0.979726 0.904074 0.963463 0.813761 0.851342 0.885147 0.848069 0.892263 0.863808 0.859791 0.896174 0.874640 0.867505
0.726410 0.554154 0.725753 0.821387 0.845707 0.979086 0.490228 0.573433 0.439942 0.000000 0.965040 0.903979 0.735876 0.940806 0.878682 0.770162 0.873825 0.777513 0.546641 0.790868 0.740384 0.941573 0.695852 0.890403 0.853769 0.794256 0.949129 0.635906 0.909611 0.783698 0.777324 0.728657 0.956564 0.952905 0.776416 0.833075 0.777380 0.846368 0.809372 0.645308 0.797595 0.776066 0.773708 0.734601 0.795642 0.684384 0.496209 0.676636 0.828058 0.856230 0.607897 0.660269 0.951775 0.922267 0.756547 0.759562 0.569175 0.553759 0.585972 0.682302 0.994837 0.825409 0.720683 0.748738 0.963181 0.831461 0.737147 0.523983 0.751815 0.657322 0.687822 0.623678 0.726412 0.856716 0.903220 0.962155 0.800363 0.925056 0.804084 0.853089 0.728603 0.723915 0.694722 0.591895 0.815100 0.517063 0.860135 0.992979 0.914947 0.857808 0.656892 0.579363 0.805671 0.632680 0.942193 0.902098 0.990072 0.981783 0.838978 0.755092 0.948942 0.653878 0.964471 0.857432 0.827723 0.865413 0.934913 0.868508 0.961530 0.956157 0.856487 0.976891 0.954885 0.862771 0.705164 0.972249
0.510158 0.675357 0.742827 0.710892 0.974558 0.792770 0.985889 0.856397 0.931018 0.965040 0.000000 0.594421 0.739571 0.797639 0.766839 0.928845 0.509972 0.425757 0.732951 0.699766 0.882187 0.979262 0.978954 0.963792 0.657214 0.634695 0.996467 0.950052 0.486462 0.456010 0.969771 0.875355 0.720896 0.681820 0.893865 0.911307 0.899423 0.919566 0.842785 0.901215 0.818097 0.821787 0.730405 0.975313 0.970696 0.886830 0.999593 0.912421 0.834043 0.846009 0.885682 0.939470 0.898873 0.835317 0.810344 0.841820 0.589148 0.586686 0.695996 0.630261 0.533077 0.718504 0.508748 0.438128 0.783626 0.741765 0.917819 0.906621 0.653750 0.713351 0.723769 0.747903 0.989001 0.947453 0.929582 0.920795 0.773905 0.815123 0.719353 0.766576 0.510489 0.455720 0.740225 0.561026 0.817344 0.990233 0.959837 0.636998 0.849350 0.761578 0.580720 0.586022 0.543338 0.561172 0.851855 0.880033 0.924820 0.880718 0.806168 0.781453 0.848654 0.908796 0.928105 0.853361 0.886856 0.973221 0.888772 0.772382 0.825324 0.851512 0.825139 0.893219 0.886266 0.932226 0.951799 0.971436
0.618042 0.657277 0.908468 0.802991 0.850631 0.860978 0.954597 0.896334 0.972979 0.903979 0.594421 0.000000 0.745343 0.617487 0.795094 0.783366 0.625246 0.600569 0.877054 0.786201 0.810191 0.984166 0.918064 0.820776 0.895328 0.832913 0.991638 0.942664 0.583283 0.730518 0.972717 0.979891 0.660050 0.733589 0.827594 0.890528 0.973958 0.909591 0.942990 0.987870 0.881910 0.797859 0.885855 0.919240 0.877481 0.852984 0.784236 0.918099 0.870838 0.803128 0.775050 0.806896 0.860771 0.990359 0.798372 0.754145 0.648057 0.724490 0.689694 0.771406 0.588204 0.601589 0.619209 0.574369 0.948597 0.995469 0.893956 0.927500 0.789570 0.811126 0.777153 0.821061 0.952651 0.920702 0.797650 0.870629 0.804992 0.874918 0.801636 0.816221 0.673500 0.579260 0.711396 0.631157 0.744337 0.794724 0.958681 0.694003 0.895490 0.669644 0.745096 0.700666 0.707747 0.700504 0.883741 0.887517 0.868861 0.819586 0.899685 0.953038 0.974863 0.986235 0.910442 0.949451 0.943098 0.916398 0.978883 0.810493 0.917902 0.965194 0.741857 0.959901 0.746718 0.961891 0.890824 0.937949
0.883473 0.973847 0.748590 0.941178 0.648411 0.899760 0.529066 0.950139 0.616213 0.735876 0.739571 0.745343 0.000000 0.519936 0.400160 0.389325 0.959719 0.896505 0.454536 0.619333 0.834570 0.951260 0.388544 0.556113 0.954385 0.784638 0.996163 0.938203 0.708342 0.714162 0.717673 0.702974 0.545586 0.713419 0.897573 0.919431 0.841228 0.977094 0.847102 0.850411 0.930492 0.959620 0.907024 0.929744 0.695614 0.910102 0.985578 0.990318 0.922559 0.931063 0.963800 0.896391 0.769727 0.856037 0.881480 0.936717 0.952796 0.890316 0.884215 0.812906 0.561751 0.631147 0.982858 0.937677 0.574935 0.964945 0.935947 0.815400 0.872604 0.851997 0.856659 0.936035 0.845020 0.783970 0.965016 0.887181 0.856938 0.852124 0.937114 0.974591 0.974351 0.945463 0.839523 0.951206 0.599272 0.873142 0.847116 0.712841 0.723316 0.865831 0.818942 0.829488 0.901842 0.897087 0.971968 0.994754 0.961412 0.871924 0.689305 0.599556 0.957250 0.647224 0.925802 0.973777 0.892098 0.978861 0.956379 0.960467 0.939196 0.930697 0.961713 0.841951 0.917246 0.940754 0.910499 0.968653
0.842834 0.896152 0.841431 0.980266 0.773474 0.940564 0.802441 0.953232 0.792186 0.940806 0.797639 0.617487 0.519936 0.000000 0.533922 0.510020 0.953150 0.959262 0.691122 0.713682 0.821685 0.810224 0.514194 0.510096 0.921222 0.890909 0.917138 0.968697 0.750710 0.830873 0.819890 0.793861 0.587727 0.777538 0.732938 0.783709 0.856064 0.922736 0.890498 0.896568 0.925641 0.925319 0.869253 0.848802 0.683610 0.781812 0.984062 0.825724 0.804417 0.728223 0.853326 0.694523 0.732278 0.725330 0.997333 0.946806 0.926207 0.997528 0.903082 0.954300 0.738103 0.623274 0.994671 0.944800 0.657551 0.920133 0.881467 0.981345 0.955279 0.957755 0.980332 0.887658 0.954897 0.839889 0.801028 0.759353 0.890062 0.863874 0.877722 0.972346 0.978659 0.935861 0.731914 0.831244 0.640047 0.771934 0.887312 0.746224 0.805015 0.673482 0.999393 0.998194 0.965172 0.972674 0.945206 0.991396 0.984052 0.818564 0.914541 0.722271 0.985308 0.884984 0.896550 0.989261 0.796362 0.870762 0.926886 0.986970 0.979953 0.943876 0.858336 0.940088 0.969443 0.986372 0.862292 0.946839
0.843809 0.887263 0.933786 0.703513 0.740252 0.962797 0.725245 0.811499 0.771305 0.878682 0.766839 0.795094 0.400160 0.533922 0.000000 0.450042 0.918465 0.808698 0.581675 0.693018 0.848826 0.898559 0.397492 0.660939 0.953764 0.779389 0.837493 0.988132 0.584383 0.670230 0.772634 0.781804 0.558733 0.743996 0.846641 0.963319 0.892264 0.907348 0.828741 0.812600 0.999764 0.999622 0.900554 0.905575 0.638396 0.797525 0.983484 0.925442 0.783815 0.797615 0.901893 0.812074 0.768844 0.814528 0.929498 0.981718 0.932093 0.936515 0.993477 0.956668 0.627363 0.778504 0.913116 0.843732 0.613068 0.896649 0.996046 0.750549 0.904089 0.958740 0.953924 0.899073 0.816067 0.831733 0.877312 0.959493 0.931565 0.901814 0.879014 0.886157 0.888022 0.861732 0.655946 0.846813 0.509084 0.805085 0.772147 0.639066 0.801127 0.799413 0.998418 0.964840 0.936917 0.963455 0.962080 0.937931 0.841549 0.737185 0.810612 0.684357 0.873921 0.851736 0.882372 0.999915 0.886062 0.977247 0.908898 0.942520 0.968150 0.951383 0.982629 0.806939 0.962189 0.999443 0.854900 0.925279
0.932549 0.919786 0.763907 0.970445 0.653910 0.775759 0.683868 0.998897 0.589818 0.770162 0.928845 0.783366 0.389325 0.510020 0.450042 0.000000 0.895578 0.945499 0.645543 0.694582 0.933250 0.945919 0.424451 0.494801 0.830606 0.972964 0.897116 0.986037 0.825201 0.884141 0.693894 0.781991 0.629756 0.847192 0.833565 0.866380 0.915614 0.991992 0.878957 0.927437 0.943282 0.987033 0.822632 0.915498 0.701284 0.933272 0.973227 0.925741 0.936820 0.951080 0.969876 0.878081 0.758384 0.732670 0.853647 0.913230 0.818033 0.797807 0.811703 0.697603 0.800172 0.743300 0.829554 0.886814 0.513189 0.900994 0.889908 0.847247 0.702311 0.757270 0.768244 0.883954 0.874837 0.811263 0.861623 0.862596 0.767216 0.800577 0.952640 0.927431 0.790038 0.915522 0.820897 0.962727 0.666251 0.857992 0.904345 0.761388 0.917572 0.834719 0.721930 0.717261 0.786903 0.747166 0.855279 0.947166 0.940966 0.818511 0.674487 0.548797 0.928482 0.704668 0.965817 0.940828 0.852074 0.950118 0.925540 0.991140 0.931903 0.936996 0.932646 0.797347 0.855031 0.975203 0.846255 0.913691
0.499749 0.537856 0.555721 0.613896 0.974736 0.856006 0.844388 0.750398 0.755365 0.873825 0.509972 0.625246 0.959719 0.953150 0.918465 0.895578 0.000000 0.353779 0.897517 0.824244 0.945105 0.983337 0.827706 0.776162 0.603899 0.640722 0.963980 0.938214 0.586075 0.501883 0.851093 0.950052 0.884967 0.699924 0.964757 0.989110 0.985488 0.947931 0.890814 0.932605 0.741014 0.858234 0.695596 0.963593 0.970911 0.871003 0.858658 0.954107 0.880470 0.885384 0.858324 0.962598 0.931650 0.700619 0.729225 0.803024 0.504301 0.457537 0.578573 0.644274 0.590346 0.960806 0.363075 0.373455 0.631371 0.745960 0.872851 0.963759 0.601232 0.632352 0.637535 0.728404 0.953410 0.937809 0.893120 0.975312 0.779480 0.751602 0.677077 0.676950 0.387418 0.405262 0.696893 0.545214 0.834886 0.936584 0.913460 0.627732 0.878011 0.852908 0.582606 0.546410 0.520973 0.503873 0.757103 0.796109 0.974588 0.894563 0.763862 0.679244 0.798023 0.846121 0.966486 0.815457 0.833413 0.987605 0.829329 0.746123 0.921383 0.897219 0.897101 0.949680 0.883251 0.983405 0.979818 0.902911
0.407301 0.457958 0.533639 0.567069 0.964464 0.834817 0.821388 0.686734 0.658483 0.777513 0.425757 0.600569 0.896505 0.959262 0.808698 0.945499 0.353779 0.000000 0.884421 0.793577 0.870431 0.956059 0.915663 0.862367 0.647409 0.613683 0.981765 0.870153 0.520604 0.484803 0.890706 0.969908 0.790829 0.711314 0.973733 0.980331 0.993991 0.975481 0.894499 0.960252 0.672514 0.791782 0.727709 0.947796 0.959479 0.809077 0.769901 0.828892 0.803301 0.835887 0.802012 0.887624 0.971252 0.709932 0.629090 0.835914 0.392649 0.360907 0.517666 0.515287 0.503328 0.932218 0.308951 0.293242 0.689481 0.720863 0.910103 0.951205 0.558883 0.626373 0.545459 0.612382 0.963818 0.938621 0.883144 0.885117 0.731969 0.784701 0.625068 0.664213 0.336543 0.312718 0.583884 0.413288 0.722447 0.825513 0.848695 0.600353 0.897475 0.803995 0.498945 0.482928 0.478794 0.470721 0.772153 0.788245 0.934755 0.821544 0.730779 0.693767 0.789535 0.815424 0.915057 0.849901 0.947935 0.969383 0.764606 0.794935 0.855427 0.881797 0.836205 0.989154 0.843582 0.914103 0.885251 0.866922
0.870291 0.966281 0.860570 0.996170 0.768402 0.883241 0.509290 0.783550 0.580991 0.546641 0.732951 0.877054 0.454536 0.691122 0.581675 0.645543 0.897517 0.884421 0.000000 0.584968 0.715984 0.857440 0.523062 0.741583 0.777249 0.624454 0.945077 0.785417 0.681143 0.584862 0.785471 0.670323 0.780313 0.708971 0.881857 0.982891 0.743268 0.897315 0.694186 0.671725 0.940299 0.982773 0.918033 0.939048 0.905890 0.995329 0.765037 0.977516 0.929811 0.850894 0.882031 0.999558 0.827847 0.923151 0.894280 0.899970 0.961093 0.899104 0.878411 0.956979 0.664823 0.763487 0.930023 0.914448 0.861182 0.786168 0.871280 0.625569 0.999565 0.869214 0.883458 0.945346 0.781326 0.849856 0.909251 0.999695 0.922796 0.964859 0.982860 0.999621 0.930636 0.938457 0.946036 0.956216 0.757444 0.859861 0.983188 0.666404 0.774515 0.889546 0.849233 0.801029 0.969623 0.884750 0.943754 0.898552 0.968271 0.851279 0.869512 0.764455 0.953440 0.687752 0.917759 0.974747 0.925904 0.942513 0.920507 0.849588 0.982486 0.925175 0.994946 0.900903 0.973601 0.893085 0.946673 0.860322
0.750185 0.896570 0.934077 0.951883 0.924978 0.841840 0.782450 0.913096 0.817091 0.790868 0.699766 0.786201 0.619333 0.713682 0.693018 0.694582 0.824244 0.793577 0.584968 0.000000 0.772327 0.884015 0.724001 0.785604 0.882539 0.792119 0.953623 0.903446 0.678154 0.591168 0.902956 0.718168 0.834107 0.785817 0.876651 0.981232 0.858266 0.896738 0.747722 0.874647 0.937568 0.925797 0.969642 0.855125 0.892413 0.853605 0.924098 0.953918 0.846860 0.820719 0.990552 0.967221 0.900188 0.947524 0.991329 0.848564 0.843211 0.953899 0.992677 0.944206 0.822069 0.900880 0.918803 0.887527 0.960633 0.745852 0.787557 0.673757 0.969741 0.973377 0.964930 0.963154 0.883451 0.856923 0.983507 0.960895 0.958655 0.958966 0.801982 0.983382 0.851628 0.843667 0.876775 0.813643 0.882862 0.922049 0.987897 0.680595 0.848733 0.773525 0.913056 0.997460 0.869589 0.965847 0.996271 0.835361 0.962831 0.971991 0.907732 0.907735 0.870177 0.803281 0.989346 0.837578 0.982550 0.984745 0.938366 0.925653 0.936743 0.987734 0.888775 0.986873 0.940309 0.910291 0.990353 0.838439
0.962886 0.949992 0.947962 0.960245 0.783252 0.807985 0.713616 0.831073 0.893218 0.740384 0.882187 0.810191 0.834570 0.821685 0.848826 0.933250 0.945105 0.870431 0.715984 0.772327 0.000000 0.883412 0.759972 0.998751 0.795406 0.721470 0.928906 0.790739 0.818142 0.745935 0.966579 0.733326 0.890875 0.952779 0.908074 0.997995 0.773787 0.756951 0.745871 0.679383 0.911181 0.864202 0.768469 0.866594 0.882369 0.870908 0.850239 0.969304 0.946286 0.957676 0.861185 0.917090 0.994679 0.998251 0.942511 0.969129 0.987541 0.944831 0.996990 0.911115 0.735259 0.728628 0.911427 0.875199 0.984575 0.926592 0.837172 0.754067 0.964930 0.870041 0.943127 0.976854 0.715480 0.845028 0.933579 0.964785 0.928011 0.920751 0.908583 0.896678 0.939921 0.883991 0.929001 0.979462 0.877541 0.885992 0.940143 0.828101 0.980764 0.961588 0.981737 0.955615 0.897157 0.985932 0.904509 0.878697 0.989602 0.904038 0.970419 0.991964 0.904692 0.795240 0.986280 0.777169 0.866593 0.981275 0.972842 0.982985 0.910975 0.915063 0.981817 0.967838 0.896567 0.998439 0.842034 0.824408
0.990952 0.998096 0.887720 0.989326 0.996888 0.854619 0.908714 0.969118 0.930404 0.941573 0.979262 0.984166 0.951260 0.810224 0.898559 0.945919 0.983337 0.956059 0.857440 0.884015 0.883412 0.000000 0.960305 0.936020 0.989565 0.979810 0.950432 0.981534 0.936463 0.941135 0.938175 0.909339 0.923745 0.959749 0.901437 0.942018 0.804509 0.952152 0.964119 0.959814 0.954904 0.985528 0.877405 0.877091 0.860982 0.916934 0.883627 0.968358 0.910251 0.951719 0.844178 0.907916 0.756578 0.910472 0.888702 0.887912 0.957978 0.981063 0.983374 0.998241 0.975131 0.896650 0.967676 0.961106 0.986239 0.941375 0.992860 0.930649 0.868989 0.917577 0.973625 0.933708 0.948864 0.970824 0.966678 0.909314 0.969660 0.959128 0.913282 0.890668 0.957614 0.901893 0.944043 0.983291 0.983446 0.919704 0.929310 0.996319 0.957121 0.989834 0.947784 0.958777 0.941845 0.927681 0.875217 0.841094 0.959027 0.954969 0.864216 0.941008 0.984185 0.872702 0.983651 0.881819 0.916996 0.851683 0.938026 0.999410 0.907220 0.966048 0.972481 0.897818 0.978664 0.941192 0.951883 0.972852
0.963655 0.903868 0.692677 0.993025 0.642698 0.913054 0.506779 0.929029 0.565421 0.695852 0.978954 0.918064 0.388544 0.514194 0.397492 0.424451 0.827706 0.915663 0.523062 0.724001 0.759972 0.960305 0.000000 0.488460 0.890179 0.832021 0.843910 0.970044 0.844854 0.866464 0.706377 0.702976 0.605659 0.889371 0.846175 0.905637 0.884541 0.928055 0.802821 0.758991 0.930005 0.903064 0.828758 0.942184 0.683645 0.922454 0.887522 0.945135 0.887441 0.836131 0.996626 0.818242 0.715098 0.690017 0.892430 0.971331 0.836958 0.832869 0.868844 0.854402 0.761723 0.742345 0.839684 0.902625 0.454684 0.973167 0.963807 0.732552 0.774997 0.817251 0.859730 0.943197 0.724653 0.779516 0.897721 0.906222 0.776094 0.754352 0.975922 0.963176 0.845993 0.905832 0.790444 0.939194 0.518331 0.836306 0.861453 0.723250 0.816814 0.810844 0.735480 0.682095 0.835305 0.778231 0.932323 0.941077 0.943091 0.819404 0.696671 0.505687 0.963143 0.664321 0.888892 0.901976 0.799804 0.999811 0.933687 0.881261 0.934866 0.947480 0.993162 0.851905 0.861575 0.934461 0.920856 0.983713
0.968844 0.930188 0.651551 0.815295 0.679330 0.801770 0.715462 0.851358 0.682339 0.890403 0.963792 0.820776 0.556113 0.510096 0.660939 0.494801 0.776162 0.862367 0.741583 0.785604 0.998751 0.936020 0.488460 0.000000 0.652005 0.926762 0.800920 0.984101 0.961224 0.939825 0.802281 0.882175 0.733899 0.872165 0.789313 0.809524 0.896778 0.823128 0.956077 0.993433 0.970770 0.966083 0.829100 0.966988 0.808015 0.980197 0.950999 0.926500 0.938682 0.959301 0.959861 0.794814 0.825564 0.754926 0.910497 0.914015 0.859297 0.861296 0.949295 0.912265 0.852169 0.681341 0.834412 0.879812 0.469611 0.682439 0.707036 0.957551 0.752701 0.845573 0.812480 0.977687 0.972826 0.941617 0.848539 0.958417 0.886192 0.723094 0.957255 0.891371 0.798321 0.938319 0.873027 0.962811 0.623057 0.644039 0.884469 0.790531 0.788369 0.765565 0.756492 0.809884 0.814300 0.813625 0.896360 0.887675 0.941340 0.994123 0.838256 0.606598 0.923497 0.829289 0.808106 0.865998 0.774497 0.735237 0.948684 0.973921 0.869745 0.941389 0.931795 0.937627 0.891636 0.967893 0.776743 0.900031
0.725179 0.899395 0.566927 0.553990 0.980642 0.593607 0.902480 0.760313 0.992805 0.853769 0.657214 0.895328 0.954385 0.921222 0.953764 0.830606 0.603899 0.647409 0.777249 0.882539 0.795406 0.989565 0.890179 0.652005 0.000000 0.466069 0.864522 0.759795 0.602338 0.495343 0.825110 0.898434 0.869054 0.979560 0.759015 0.787992 0.851039 0.820262 0.664005 0.605926 0.928708 0.994905 0.665315 0.899956 0.959437 0.927714 0.879552 0.992008 0.776626 0.815435 0.969915 0.897291 0.990872 0.938335 0.927489 0.918531 0.746551 0.726745 0.805707 0.718084 0.746989 0.982811 0.594234 0.619799 0.483800 0.462882 0.524022 0.611434 0.703583 0.752474 0.718399 0.856073 0.872715 0.959723 0.958888 0.988973 0.792437 0.598861 0.832925 0.883934 0.611882 0.683645 0.853359 0.860703 0.934252 0.631781 0.863415 0.806886 0.951719 0.948153 0.672164 0.720437 0.539904 0.645014 0.786924 0.814137 0.863680 0.830851 0.851195 0.743041 0.722717 0.936625 0.898637 0.763130 0.661925 0.780817 0.911465 0.982384 0.901815 0.967388 0.945984 0.935718 0.950000 0.867267 0.857364 0.837633
0.718206 0.883646 0.732739 0.609663 0.871471 0.614719 0.825009 0.877700 0.945793 0.794256 0.634695 0.832913 0.784638 0.890909 0.779389 0.972964 0.640722 0.613683 0.624454 0.792119 0.721470 0.979810 0.832021 0.926762 0.466069 0.000000 0.931463 0.739439 0.603565 0.467923 0.954752 0.893081 0.915644 0.919920 0.756748 0.827843 0.776892 0.862846 0.694077 0.549683 0.872328 0.978214 0.675391 0.882857 0.999129 0.966434 0.866850 0.922239 0.866192 0.856582 0.988176 0.910175 0.946169 0.884736 0.915324 0.898598 0.724547 0.751926 0.839059 0.756702 0.598092 0.860513 0.576878 0.588343 0.718356 0.542170 0.574480 0.588823 0.749833 0.786305 0.729890 0.901916 0.865662 0.998292 0.948756 0.964575 0.759923 0.683344 0.838687 0.853137 0.639395 0.648263 0.866512 0.796034 0.841094 0.767836 0.962928 0.667418 0.882301 0.959592 0.765473 0.758014 0.622604 0.683974 0.994965 0.841202 0.852497 0.702667 0.896938 0.911569 0.835159 0.960845 0.884241 0.915372 0.787033 0.820203 0.965642 0.996233 0.955370 0.988897 0.993121 0.982355 0.899916 0.940976 0.897292 0.768314
0.948708 0.950748 0.976945 0.935523 0.969174 0.978825 0.861750 0.850063 0.948139 0.949129 0.996467 0.991638 0.996163 0.917138 0.837493 0.897116 0.963980 0.981765 0.945077 0.953623 0.928906 0.950432 0.843910 0.800920 0.864522 0.931463 0.000000 0.999988 0.989064 0.930789 0.926944 0.912131 0.964003 0.998830 0.881166 0.774095 0.894344 0.845180 0.924929 0.983202 0.882109 0.993826 0.946283 0.954028 0.857326 0.910183 0.969292 0.944773 0.950206 0.935913 0.931156 0.844173 0.822096 0.838075 0.952765 0.981034 0.984285 0.968760 0.938272 0.977761 0.986341 0.954701 0.973655 0.962228 0.800731 0.900355 0.971932 0.969727 0.993131 0.954408 0.940496 0.852764 0.973456 0.858528 0.837718 0.952036 0.921197 0.917974 0.961234 0.949116 0.999316 0.989620 0.855818 0.973834 0.857174 0.830479 0.886419 0.978628 0.991299 0.893839 0.982848 0.996951 0.971813 0.912563 0.993000 0.912315 0.946961 0.960709 0.974115 0.857172 0.927142 0.965589 0.843681 0.939507 0.897272 0.808838 0.877141 0.957434 0.995628 0.942026 0.978965 0.919407 0.997946 0.901684 0.717934 0.911568
0.812180 0.703762 0.903470 0.974658 0.875326 0.805336 0.826473 0.874615 0.737265 0.635906 0.950052 0.942664 0.938203 0.968697 0.988132 0.986037 0.938214 0.870153 0.785417 0.903446 0.790739 0.981534 0.970044 0.984101 0.759795 0.739439 0.999988 0.000000 0.928420 0.800190 0.991123 0.941969 0.810064 0.998534 0.842687 0.790915 0.874686 0.892098 0.872534 0.693252 0.944050 0.841031 0.760887 0.758828 0.829742 0.848852 0.788506 0.791469 0.844598 0.889848 0.770319 0.712962 0.872918 0.964329 0.807868 0.877445 0.798648 0.749378 0.786705 0.902436 0.915670 0.794940 0.947965 0.883477 0.810637 0.888859 0.755556 0.708427 0.988713 0.901142 0.854031 0.757313 0.870098 0.936970 0.864111 0.884478 0.892728 0.935251 0.807811 0.867158 0.862144 0.865806 0.768246 0.789064 0.748773 0.621602 0.862223 0.923229 0.886088 0.835252 0.881539 0.885934 0.997953 0.986550 0.925141 0.891543 0.973512 0.946281 0.952554 0.908403 0.994763 0.901377 0.984310 0.972639 0.741494 0.892062 0.905904 0.870014 0.964212 0.996054 0.868451 0.987549 0.864691 0.852085 0.891174 0.956958
0.579347 0.703334 0.759888 0.539707 0.944869 0.781365 0.933285 0.784741 0.973123 0.909611 0.486462 0.583283 0.708342 0.750710 0.584383 0.825201 0.586075 0.520604 0.681143 0.678154 0.818142 0.936463 0.844854 0.961224 0.602338 0.603565 0.989064 0.928420 0.000000 0.418498 0.927929 0.845163 0.687158 0.684819 0.947639 0.927430 0.850463 0.923593 0.778008 0.725514 0.890118 0.774894 0.747512 0.963577 0.911360 0.850908 0.925479 0.978235 0.779016 0.799529 0.959711 0.993939 0.909932 0.866330 0.751568 0.957818 0.689409 0.714176 0.849824 0.807333 0.578999 0.854912 0.573509 0.548730 0.819929 0.604717 0.760757 0.723031 0.818413 0.881908 0.673645 0.802473 0.839447 0.969238 0.928009 0.985270 0.794426 0.780061 0.800111 0.846977 0.556143 0.612071 0.685747 0.666648 0.798403 0.904086 0.999409 0.669705 0.946118 0.793523 0.677611 0.689588 0.644810 0.720700 0.847830 0.815395 0.902735 0.628626 0.947349 0.856200 0.826593 0.932566 0.941204 0.946917 0.812269 0.808913 0.862969 0.925109 0.774538 0.982257 0.816079 0.942479 0.848674 0.956182 0.994124 0.756669
0.638908 0.760868 0.761206 0.650333 0.998740 0.740994 0.870284 0.896185 0.966516 0.783698 0.456010 0.730518 0.714162 0.830873 0.670230 0.884141 0.501883 0.484803 0.584862 0.591168 0.745935 0.941135 0.866464 0.939825 0.495343 0.467923 0.930789 0.800190 0.418498 0.000000 0.906396 0.749518 0.827398 0.703967 0.815132 0.916419 0.797591 0.885937 0.721079 0.639909 0.863090 0.850911 0.684240 0.981184 0.957163 0.888721 0.919186 0.991954 0.854936 0.826230 0.999581 0.938978 0.972284 0.875603 0.875163 0.979688 0.694824 0.697789 0.834640 0.742816 0.551670 0.874998 0.550707 0.543916 0.697891 0.548009 0.682594 0.669349 0.748874 0.801481 0.786000 0.872565 0.782838 0.877754 0.962585 0.988825 0.856214 0.826386 0.731445 0.775163 0.555318 0.591897 0.770952 0.714960 0.901665 0.799920 0.954864 0.619598 0.871855 0.901217 0.732279 0.726780 0.593959 0.670242 0.826141 0.887218 0.929363 0.769506 0.937571 0.893538 0.772234 0.933006 0.997293 0.824370 0.807109 0.869196 0.857214 0.913335 0.869493 0.846888 0.957243 0.967732 0.880532 0.901222 0.996178 0.797799
0.901681 0.872183 0.691868 0.869300 0.997872 0.924116 0.745586 0.910394 0.652287 0.777324 0.969771 0.972717 0.717673 0.819890 0.772634 0.693894 0.851093 0.890706 0.785471 0.902956 0.966579 0.938175 0.706377 0.802281 0.825110 0.954752 0.926944 0.991123 0.927929 0.906396 0.000000 0.797185 0.703565 0.788793 0.982395 0.850130 0.833454 0.904589 0.984157 0.921880 0.941287 0.973650 0.773935 0.844647 0.747912 0.855919 0.888989 0.996405 0.902591 0.851760 0.900059 0.896641 0.778907 0.765757 0.934289 0.975168 0.831169 0.791828 0.746713 0.790430 0.913422 0.947930 0.779300 0.808721 0.775511 0.907050 0.872572 0.890744 0.861534 0.882333 0.746830 0.893125 0.894553 0.884319 0.885250 0.953533 0.651037 0.824651 0.954165 0.911189 0.863509 0.840406 0.965952 0.857079 0.946413 0.941508 0.991437 0.984911 0.845327 0.836003 0.854811 0.785437 0.868138 0.735059 0.928672 0.886797 0.939845 0.950327 0.709994 0.681571 0.931418 0.780384 0.994389 0.950326 0.917268 0.971978 0.960012 0.885766 0.879789 0.891672 0.909252 0.937366 0.959252 0.928664 0.918785 0.903323
0.969341 0.930916 0.790144 0.835852 0.905541 0.922248 0.621435 0.727722 0.777790 0.728657 0.875355 0.979891 0.702974 0.793861 0.781804 0.781991 0.950052 0.969908 0.670323 0.718168 0.733326 0.909339 0.702976 0.882175 0.898434 0.893081 0.912131 0.941969 0.845163 0.749518 0.797185 0.000000 0.788680 0.912414 0.889970 0.939290 0.809110 0.855238 0.867312 0.804414 0.970994 0.955774 0.943058 0.926952 0.956208 0.985825 0.891374 0.983973 0.991442 0.846189 0.893961 0.989848 0.896595 0.931291 0.914345 0.967373 0.909859 0.833914 0.868188 0.979631 0.952507 0.982509 0.895452 0.903003 0.894378 0.831212 0.895380 0.715683 0.811223 0.929118 0.924841 0.841391 0.771361 0.823606 0.968665 0.902936 0.903296 0.922358 0.959688 0.886060 0.938770 0.895908 0.922459 0.864645 0.966086 0.838985 0.796656 0.884271 0.905956 0.991427 0.874029 0.815264 0.927159 0.875597 0.981421 0.907066 0.944352 0.993557 0.839436 0.747128 0.851177 0.832105 0.853643 0.955899 0.972721 0.990288 0.894244 0.959039 0.994106 0.949421 0.878340 0.985653 0.911051 0.903818 0.969984 0.900807
0.837129 0.807632 0.841128 0.925242 0.865590 0.918315 0.745538 0.975315 0.969609 0.956564 0.720896 0.660050 0.545586 0.587727 0.558733 0.629756 0.884967 0.790829 0.780313 0.834107 0.890875 0.923745 0.605659 0.733899 0.869054 0.915644 0.964003 0.810064 0.687158 0.827398 0.703565 0.788680 0.000000 0.695089 0.760314 0.833923 0.964856 0.855889 0.941131 0.917597 0.925996 0.925465 0.882853 0.847267 0.730412 0.820605 0.894093 0.882212 0.895546 0.849710 0.835016 0.791875 0.805071 0.970667 0.932910 0.866908 0.849207 0.893876 0.925476 0.954075 0.644049 0.692413 0.869522 0.804258 0.657427 0.922457 0.827303 0.959973 0.970715 0.988964 0.863775 0.871552 0.940026 0.929164 0.990496 0.844090 0.982538 0.883836 0.900245 0.816617 0.863124 0.826479 0.778828 0.761400 0.589844 0.742873 0.880672 0.746379 0.868948 0.681772 0.931690 0.912338 0.966766 0.924945 0.951997 0.990739 0.878746 0.867977 0.901487 0.779003 0.827253 0.932832 0.992032 0.916933 0.804424 0.836079 0.954842 0.880860 0.987280 0.996689 0.936316 0.976033 0.909447 0.978121 0.847627 0.921042
0.725643 0.758033 0.997547 0.907357 0.943060 0.983822 0.904590 0.993829 0.943342 0.952905 0.681820 0.733589 0.713419 0.777538 0.743996 0.847192 0.699924 0.711314 0.708971 0.785817 0.952779 0.959749 0.889371 0.872165 0.979560 0.919920 0.998830 0.998534 0.684819 0.703967 0.788793 0.912414 0.695089 0.000000 0.887852 0.863504 0.926995 0.890585 0.905368 0.995891 0.896425 0.824502 0.981301 0.886880 0.855549 0.832215 0.853643 0.926064 0.918772 0.910894 0.887787 0.888619 0.846228 0.965810 0.807581 0.981257 0.801603 0.849213 0.890439 0.868992 0.661757 0.736900 0.775409 0.746880 0.956788 0.997956 0.900297 0.925085 0.919302 0.981737 0.979634 0.948015 0.987010 0.976824 0.781843 0.957384 0.959583 0.882208 0.882766 0.688002 0.759070 0.766964 0.920218 0.832700 0.816826 0.888155 0.923445 0.820679 0.821131 0.788447 0.919857 0.897045 0.896218 0.884348 0.972680 0.974281 0.999820 0.859851 0.949677 0.999629 0.985756 0.906125 0.946891 0.993238 0.970890 0.836261 0.995380 0.946202 0.951897 0.978716 0.945002 0.844602 0.934657 0.837663 0.928308 0.988168
0.958738 0.889425 0.936286 0.931487 0.904314 0.760039 0.857272 0.763894 0.998783 0.776416 0.893865 0.827594 0.897573 0.732938 0.846641 0.833565 0.964757 0.973733 0.881857 0.876651 0.908074 0.901437 0.846175 0.789313 0.759015 0.756748 0.881166 0.842687 0.947639 0.815132 0.982395 0.889970 0.760314 0.887852 0.000000 0.700278 0.780877 0.834172 0.686290 0.885981 0.992400 0.977605 0.731135 0.827406 0.672397 0.767652 0.702017 0.854464 0.836008 0.842133 0.715963 0.642637 0.840368 0.779401 0.937767 0.809049 0.995625 0.933103 0.850393 0.939740 0.894409 0.882746 0.972901 0.977241 0.707394 0.696980 0.614070 0.638580 0.932275 0.968278 0.946227 0.834160 0.946712 0.924411 0.837091 0.782285 0.898199 0.684360 0.977554 0.882429 0.966967 0.940511 0.818925 0.990418 0.743872 0.634850 0.909654 0.988281 0.975224 0.829420 0.977771 0.929651 0.935600 0.961960 0.903543 0.960461 0.988219 0.910413 0.868323 0.825337 0.941853 0.935030 0.903694 0.952304 0.806945 0.834534 0.916980 0.914220 0.845196 0.925304 0.998066 0.888974 0.902316 0.881636 0.751267 0.860209
0.941414 0.852679 0.879936 0.847310 0.952264 0.827137 0.940514 0.967424 0.990602 0.833075 0.911307 0.890528 0.919431 0.783709 0.963319 0.866380 0.989110 0.980331 0.982891 0.981232 0.997995 0.942018 0.905637 0.809524 0.787992 0.827843 0.774095 0.790915 0.927430 0.916419 0.850130 0.939290 0.833923 0.863504 0.700278 0.000000 0.855312 0.924834 0.846527 0.867355 0.889020 0.862011 0.834497 0.878195 0.830384 0.919564 0.832625 0.882866 0.984023 0.916777 0.888512 0.775203 0.815568 0.920509 0.994030 0.925595 0.974952 0.989185 0.895547 0.982817 0.964940 0.931743 0.988477 0.967684 0.778500 0.755518 0.740486 0.687749 0.883143 0.958434 0.922847 0.783369 0.883973 0.967407 0.758175 0.900417 0.891316 0.955070 0.933745 0.915684 0.930140 0.971709 0.780620 0.941484 0.844400 0.709806 0.891091 0.988791 0.968112 0.887404 0.909069 0.937139 0.859144 0.905297 0.935514 0.862412 0.868915 0.892524 0.925820 0.918243 0.917702 0.890863 0.969560 0.853829 0.783641 0.725885 0.944404 0.986530 0.895962 0.984200 0.942486 0.867642 0.904363 0.943032 0.668604 0.979059
0.995324 0.923722 0.917646 0.923239 0.791503 0.979281 0.794656 0.893461 0.910431 0.777380 0.899423 0.973958 0.841228 0.856064 0.892264 0.915614 0.985488 0.993991 0.743268 0.858266 0.773787 0.804509 0.884541 0.896778 0.851039 0.776892 0.894344 0.874686 0.850463 0.797591 0.833454 0.809110 0.964856 0.926995 0.780877 0.855312 0.000000 0.907804 0.705536 0.705845 0.958775 0.991931 0.747498 0.708824 0.813951 0.791869 0.776100 0.805530 0.834659 0.915742 0.782090 0.864274 0.917625 0.946005 0.822656 0.871683 0.890326 0.910681 0.979782 0.987864 0.807623 0.885816 0.974493 0.966943 0.984246 0.979869 0.838206 0.784830 0.902342 0.853891 0.966149 0.926199 0.963727 0.989350 0.966669 0.982495 0.830865 0.959766 0.908455 0.822784 0.997098 0.940315 0.914953 0.960366 0.963907 0.891242 0.943185 0.886085 0.996975 0.911491 0.894983 0.896047 0.997932 0.938454 0.900630 0.974523 0.938693 0.856252 0.932369 0.994826 0.945366 0.866821 0.983299 0.985360 0.946419 0.982846 0.964453 0.961528 0.980867 0.952929 0.944528 0.918673 0.966110 0.887677 0.828476 0.938094
0.813920 0.910016 0.956074 0.993882 0.856474 0.959850 0.824885 0.875495 0.906715 0.846368 0.919566 0.909591 0.977094 0.922736 0.907348 0.991992 0.947931 0.975481 0.897315 0.896738 0.756951 0.952152 0.928055 0.823128 0.820262 0.862846 0.845180 0.892098 0.923593 0.885937 0.904589 0.855238 0.855889 0.890585 0.834172 0.924834 0.907804 0.000000 0.919976 0.634034 0.855904 0.993949 0.841481 0.805927 0.833829 0.784697 0.827037 0.844083 0.879901 0.922289 0.746266 0.785450 0.843984 0.898874 0.932656 0.770515 0.880392 0.920528 0.896390 0.876030 0.969417 0.937108 0.952276 0.968459 0.940536 0.881641 0.777633 0.783187 0.872276 0.759176 0.968339 0.955409 0.852158 0.979834 0.888014 0.916323 0.939633 0.837119 0.951819 0.919191 0.916086 0.919640 0.848689 0.777821 0.954215 0.805174 0.911281 0.927728 0.712768 0.777671 0.863193 0.851446 0.931391 0.915484 0.934137 0.925830 0.902454 0.753404 0.994393 0.995719 0.763507 0.908584 0.919001 0.841500 0.834546 0.802971 0.994869 0.960617 0.969829 0.887265 0.901748 0.970371 0.984732 0.961835 0.995477 0.922943
