0.000000 0.649673 0.962768 0.970727 0.944568 0.932706 0.921048 0.909272 0.876987 0.891906 0.603860 0.772395 0.851513 0.884531 0.991630 0.963361 0.717126 0.635209 0.796312 0.847144 0.843049 0.994935 0.904547 0.936402 0.953798 0.880033 0.850887 0.811085 0.833976 0.750811 0.879782 0.742598 0.781103 0.636326 0.961679 0.865122 0.960658 0.946488 0.939858 0.868300 0.872885 0.719040 0.723083 0.713991 0.773963 0.657837 0.764430 0.629044 0.715454 0.735731 0.660313 0.620956 0.822486 0.985829 0.805169 0.652793 0.594293 0.628804 0.624748 0.649150 0.682468 0.868625 0.631037 0.621075 0.905724 0.956947 0.699629 0.750684 0.855974 0.770453 0.950046 0.994731 0.953457 0.967589 0.902813 0.968927 0.933552 0.904876 0.708234 0.934194 0.495708 0.619145 0.821064 0.708128 0.933100 0.862213 0.913613 0.994925 0.933995 0.836636 0.846796 0.920953 0.844999 0.936484 0.908521 0.887720 0.808863 0.745463 0.682133 0.865735 0.856430 0.878789 0.740367 0.722818 0.946090 0.795086 0.983115 0.785008 0.980234 0.899759 0.905420 0.940262 0.884938 0.869350 0.891314 0.928643
0.649673 0.000000 0.938991 0.877572 0.804029 0.853214 0.852957 0.996211 0.679137 0.606115 0.974259 0.790990 0.947932 0.963035 0.891401 0.971280 0.755590 0.687645 0.901256 0.967912 0.827791 0.969251 0.789958 0.958713 0.776860 0.653265 0.957997 0.662322 0.904324 0.926959 0.987582 0.980398 0.925889 0.868692 0.801036 0.806557 0.766387 0.924791 0.843433 0.658616 0.756176 0.793132 0.620299 0.653476 0.920159 0.764230 0.593029 0.782948 0.895712 0.890050 0.661741 0.648439 0.957411 0.931005 0.699544 0.672940 0.625022 0.520085 0.729298 0.739546 0.988931 0.905246 0.844814 0.816264 0.981189 0.801597 0.694778 0.657797 0.757393 0.715911 0.908335 0.909128 0.932785 0.921169 0.908013 0.877290 0.875858 0.788122 0.837563 0.810918 0.718559 0.613331 0.798231 0.641128 0.925952 0.716600 0.991069 0.941907 0.994349 0.824951 0.968344 0.864008 0.802987 0.937381 0.939940 0.939532 0.942191 0.862532 0.986893 0.914654 0.932481 0.944568 0.946831 0.835781 0.883225 0.773935 0.985284 0.916208 0.898457 0.905194 0.973833 0.980671 0.980799 0.931614 0.827924 0.908976
0.962768 0.938991 0.000000 0.416529 0.949307 0.707650 0.478683 0.423878 0.752569 0.879214 0.906398 0.680596 0.717702 0.701008 0.899944 0.738713 0.806611 0.722229 0.713211 0.805010 0.935285 0.996053 0.770957 0.567380 0.593645 0.745609 0.936623 0.925349 0.977095 0.987467 0.964206 0.903079 0.832818 0.790668 0.985590 0.882820 0.844610 0.843652 0.749925 0.916998 0.961074 0.913528 0.810261 0.997185 0.785322 0.782109 0.913567 0.858666 0.659918 0.714905 0.704872 0.793791 0.761052 0.678027 0.995368 0.958100 0.911775 0.741207 0.844486 0.860780 0.735140 0.556278 0.694735 0.643532 0.506473 0.532124 0.768842 0.897672 0.982301 0.890148 0.866743 0.864075 0.814053 0.930962 0.929284 0.795954 0.967199 0.940073 0.909363 0.995400 0.821623 0.857183 0.975631 0.964657 0.748196 0.576864 0.879497 0.918372 0.634582 0.940209 0.595232 0.556783 0.591944 0.519559 0.943242 0.688492 0.827414 0.966857 0.972541 0.789602 0.722048 0.826692 0.802528 0.944081 0.825590 0.829669 0.796351 0.934829 0.904768 0.758763 0.718156 0.984130 0.941717 0.918704 0.947964 0.978003
0.970727 0.877572 0.416529 0.000000 0.913024 0.757030 0.618281 0.351638 0.889523 0.989876 0.886234 0.703545 0.909129 0.853155 0.825596 0.909837 0.836388 0.786530 0.835466 0.786983 0.987398 0.945824 0.942146 0.684931 0.573979 0.603168 0.938758 0.993138 0.782541 0.918253 0.941834 0.988689 0.984423 0.862868 0.902470 0.929103 0.799684 0.783843 0.687938 0.746401 0.990071 0.956736 0.769460 0.930516 0.658130 0.764614 0.867563 0.810341 0.617948 0.705946 0.755731 0.823803 0.658665 0.584051 0.932039 0.918283 0.985593 0.874968 0.956004 0.967155 0.913306 0.697440 0.668981 0.606365 0.664499 0.466953 0.706996 0.756440 0.845367 0.973708 0.806819 0.924665 0.866596 0.983699 0.971703 0.877360 0.913308 0.879292 0.939910 0.950852 0.837345 0.754577 0.865756 0.982597 0.933892 0.589208 0.926549 0.774981 0.682323 0.947106 0.666288 0.651629 0.573238 0.557386 0.976070 0.767681 0.792641 0.863632 0.810787 0.957674 0.741703 0.881603 0.862158 0.983005 0.794261 0.742090 0.807829 0.895376 0.826650 0.779134 0.806403 0.860283 0.904870 0.993291 0.936469 0.907008
0.944568 0.804029 0.949307 0.913024 0.000000 0.925048 0.811334 0.915821 0.671584 0.813531 0.959553 0.928236 0.653702 0.671634 0.676403 0.602801 0.976779 0.923029 0.805813 0.957871 0.850341 0.930304 0.560465 0.688537 0.945642 0.824142 0.877442 0.894479 0.897807 0.977128 0.999604 0.949598 0.895357 0.963159 0.856265 0.982434 0.795932 0.933301 0.856419 0.786112 0.925474 0.793094 0.990721 0.860557 0.830807 0.979506 0.923743 0.965589 0.986871 0.964166 0.935323 0.951171 0.910721 0.779439 0.802948 0.993014 0.760143 0.764255 0.898316 0.735945 0.773571 0.790697 0.931595 0.980593 0.670938 0.947629 0.936226 0.835236 0.794453 0.759754 0.835717 0.928079 0.960661 0.971951 0.912444 0.877792 0.943311 0.930039 0.957647 0.924092 0.746469 0.867919 0.795065 0.878027 0.581717 0.922122 0.791520 0.791234 0.938927 0.865115 0.763056 0.692906 0.999791 0.767655 0.892426 0.926941 0.870958 0.681160 0.838684 0.677206 0.946196 0.816864 0.932381 0.965389 0.897641 0.914302 0.985196 0.835724 0.992113 0.838684 0.835942 0.888750 0.914631 0.976641 0.962581 0.832947
0.932706 0.853214 0.707650 0.757030 0.925048 0.000000 0.878837 0.826134 0.965260 0.845958 0.872161 0.763802 0.862945 0.814322 0.894893 0.794917 0.887998 0.978466 0.963530 0.960091 0.794447 0.947185 0.936412 0.775114 0.569328 0.513688 0.893454 0.719410 0.936922 0.858513 0.914843 0.877385 0.826174 0.774635 0.673708 0.908875 0.836790 0.898777 0.759328 0.681439 0.805853 0.999389 0.763067 0.963838 0.957375 0.937773 0.812159 0.943475 0.811491 0.772624 0.986187 0.940159 0.877643 0.780449 0.881015 0.786665 0.967976 0.967695 0.883959 0.992120 0.801053 0.755038 0.883063 0.888328 0.568654 0.556923 0.579158 0.654207 0.974822 0.954007 0.913274 0.771724 0.980959 0.977435 0.742147 0.988271 0.960958 0.768998 0.891437 0.969830 0.934445 0.745523 0.831518 0.912140 0.699943 0.532766 0.745146 0.968352 0.842358 0.787889 0.691879 0.812199 0.611924 0.745322 0.879103 0.713380 0.849175 0.991382 0.943608 0.830938 0.775385 0.977647 0.925330 0.947217 0.787961 0.776749 0.840000 0.962758 0.963553 0.891315 0.928544 0.874956 0.881002 0.953041 0.887273 0.816536
0.921048 0.852957 0.478683 0.618281 0.811334 0.878837 0.000000 0.466246 0.562215 0.575797 0.703013 0.741000 0.453572 0.527782 0.644513 0.615037 0.974332 0.953999 0.400579 0.614664 0.832047 0.854910 0.557734 0.651313 0.905988 0.910692 0.958162 0.832937 0.718416 0.623550 0.780920 0.620947 0.635221 0.662341 0.911061 0.860217 0.911263 0.997846 0.914861 0.855422 0.886909 0.931337 0.867979 0.907126 0.941596 0.984285 0.988710 0.790118 0.911976 0.989774 0.787319 0.864885 0.990379 0.935851 0.951164 0.964122 0.937507 0.670078 0.873490 0.809115 0.550405 0.599468 0.958496 0.866969 0.667171 0.839313 0.878242 0.933992 0.820006 0.787447 0.737007 0.698365 0.676217 0.791237 0.952093 0.770087 0.818839 0.856983 0.955160 0.948096 0.937798 0.943502 0.985576 0.929862 0.682628 0.825842 0.948171 0.810136 0.646827 0.914294 0.483838 0.469356 0.642488 0.555156 0.986331 0.908088 0.847329 0.925993 0.776981 0.560234 0.762674 0.583441 0.974966 0.930170 0.929814 0.996448 0.827277 0.826448 0.908345 0.852741 0.719139 0.907955 0.869663 0.994098 0.946403 0.793114
0.909272 0.996211 0.423878 0.351638 0.915821 0.826134 0.466246 0.000000 0.781860 0.785200 0.719453 0.647792 0.798834 0.792753 0.927741 0.888108 0.923778 0.819272 0.646877 0.688478 0.940021 0.962826 0.982979 0.741283 0.711083 0.737629 0.976266 0.884312 0.995954 0.834653 0.982985 0.790627 0.875453 0.709084 0.820091 0.866850 0.871392 0.861030 0.834193 0.905916 0.941810 0.955635 0.836773 0.892571 0.740134 0.851032 0.950649 0.797685 0.735530 0.852974 0.778944 0.820647 0.754877 0.663471 0.886175 0.906900 0.982538 0.801997 0.988944 0.940540 0.780434 0.615225 0.794582 0.718529 0.763981 0.598101 0.734764 0.860126 0.916447 0.993883 0.828157 0.763038 0.731911 0.926717 0.972632 0.878079 0.879332 0.879438 0.913944 0.940486 0.944056 0.772281 0.825639 0.885640 0.972725 0.738105 0.932427 0.853073 0.723011 0.928405 0.561903 0.625431 0.556151 0.570878 0.945919 0.809770 0.738009 0.875229 0.975376 0.816718 0.636161 0.748853 0.989376 0.916133 0.905673 0.796167 0.811102 0.832384 0.900061 0.806158 0.699129 0.952892 0.943350 0.995075 0.981094 0.911562
0.876987 0.679137 0.752569 0.889523 0.671584 0.965260 0.562215 0.781860 0.000000 0.466756 0.835450 0.959662 0.593458 0.676119 0.614890 0.553925 0.982314 0.858304 0.550698 0.868085 0.861562 0.990390 0.507124 0.631305 0.920698 0.767215 0.917647 0.783527 0.803727 0.719713 0.779216 0.788038 0.880985 0.887715 0.973486 0.842177 0.774808 0.833645 0.788337 0.741325 0.861627 0.901525 0.921453 0.928701 0.914454 0.969745 0.830212 0.931725 0.995230 0.924393 0.790043 0.907621 0.835626 0.785243 0.736845 0.831853 0.708762 0.646591 0.781421 0.711386 0.803487 0.747710 0.943825 0.922069 0.755866 0.918914 0.868876 0.714337 0.637796 0.748143 0.758711 0.849044 0.829169 0.972589 0.841907 0.925929 0.952050 0.943306 0.937927 0.957658 0.858523 0.838952 0.998755 0.745762 0.755574 0.945364 0.878717 0.727342 0.901426 0.963593 0.665717 0.522770 0.988316 0.692695 0.976850 0.958023 0.953927 0.799344 0.852872 0.672766 0.963100 0.676419 0.948109 0.992083 0.836060 0.951724 0.901094 0.960854 0.962677 0.957095 0.895217 0.872592 0.847724 0.947278 0.907507 0.994033
0.891906 0.606115 0.879214 0.989876 0.813531 0.845958 0.575797 0.785200 0.466756 0.000000 0.773691 0.944718 0.685101 0.785416 0.685591 0.750271 0.922989 0.908821 0.546932 0.816412 0.786946 0.948726 0.591882 0.868357 0.744509 0.611024 0.987131 0.657003 0.671185 0.549098 0.701068 0.626900 0.902571 0.864220 0.734173 0.834267 0.794583 0.840726 0.738572 0.564692 0.826915 0.871202 0.754999 0.903134 0.923886 0.999223 0.666562 0.935779 0.887952 0.813778 0.765709 0.833110 0.814238 0.773665 0.834686 0.761188 0.784406 0.660272 0.782589 0.830607 0.840453 0.838498 0.990928 0.950542 0.989914 0.696364 0.719315 0.561941 0.725771 0.795455 0.887387 0.702533 0.752643 0.905831 0.970713 0.960964 0.865856 0.973069 0.955606 0.992990 0.990508 0.823160 0.924797 0.687116 0.950033 0.677069 0.977983 0.738944 0.903770 0.960055 0.818767 0.654282 0.904149 0.771643 0.954158 0.932825 0.887569 0.884232 0.879008 0.720908 0.962973 0.713051 0.980006 0.922303 0.818181 0.797373 0.965788 0.914570 0.928534 0.921989 0.907710 0.951670 0.915147 0.946816 0.757902 0.854037
0.603860 0.974259 0.906398 0.886234 0.959553 0.872161 0.703013 0.719453 0.835450 0.773691 0.000000 0.707597 0.680345 0.707740 0.837743 0.835697 0.727855 0.719783 0.619460 0.673699 0.874951 0.966355 0.941499 0.947048 0.987508 0.967696 0.848597 0.975086 0.691712 0.604023 0.790374 0.683775 0.642203 0.584612 0.915033 0.972839 0.934567 0.924404 0.857315 0.955531 0.965241 0.791999 0.910081 0.800451 0.896197 0.809060 0.941556 0.812313 0.839860 0.833497 0.874914 0.829377 0.850524 0.986272 0.999766 0.725958 0.833929 0.896813 0.733588 0.805691 0.652063 0.740923 0.737056 0.688872 0.984651 0.996044 0.735247 0.855525 0.937989 0.945857 0.880720 0.900414 0.921868 0.994177 0.942726 0.997605 0.938610 0.934634 0.859289 0.932259 0.748379 0.731649 0.992661 0.842092 0.998926 0.962280 0.841204 0.991510 0.913136 0.845947 0.737455 0.937878 0.777965 0.993138 0.928777 0.956045 0.791808 0.902569 0.800604 0.782313 0.736874 0.840841 0.730374 0.841986 0.988097 0.866556 0.984342 0.939517 0.947991 0.873172 0.877501 0.992359 0.888763 0.816387 0.934412 0.947141
0.772395 0.790990 0.680596 0.703545 0.928236 0.763802 0.741000 0.647792 0.959662 0.944718 0.707597 0.000000 0.748210 0.633221 0.960269 0.775089 0.883669 0.940168 0.823360 0.810027 0.937081 0.988163 0.959478 0.736635 0.693343 0.709004 0.912967 0.971303 0.910752 0.943019 0.897867 0.917471 0.683513 0.694486 0.802555 0.845415 0.780817 0.885657 0.929082 0.840025 0.980603 0.952496 0.787583 0.863007 0.978087 0.991281 0.823702 0.874855 0.866629 0.979049 0.868736 0.841957 0.950847 0.863054 0.846635 0.680650 0.862508 0.952026 0.780191 0.880921 0.667112 0.530009 0.933724 0.903267 0.784810 0.620517 0.548028 0.669407 0.998219 0.981365 0.870366 0.946230 0.880529 0.903929 0.911534 0.790873 0.956812 0.871974 0.962416 0.892384 0.979206 0.676341 0.875326 0.869788 0.816320 0.646557 0.988722 0.988026 0.867806 0.806942 0.682570 0.917551 0.618070 0.839010 0.919060 0.859053 0.707796 0.923897 0.904238 0.811093 0.686264 0.795921 0.866912 0.940711 0.884326 0.722671 0.937849 0.913931 0.896582 0.952841 0.966550 0.924426 0.965102 0.926060 0.870999 0.992381
0.851513 0.947932 0.717702 0.909129 0.653702 0.862945 0.453572 0.798834 0.593458 0.685101 0.680345 0.748210 0.000000 0.445037 0.414740 0.416816 0.853025 0.833906 0.441410 0.634715 0.890820 0.867520 0.430028 0.576711 0.941096 0.839314 0.989884 0.900081 0.636412 0.649446 0.739490 0.652634 0.574265 0.671905 0.908924 0.982611 0.864289 0.987354 0.871527 0.839549 0.972741 0.995953 0.819472 0.857479 0.705669 0.840017 0.934043 0.872983 0.932109 0.945561 0.971745 0.931801 0.790809 0.869896 0.825623 0.968641 0.997890 0.810070 0.931058 0.698158 0.461323 0.665107 0.859547 0.889238 0.603407 0.941803 0.907416 0.946535 0.751512 0.740590 0.728673 0.849348 0.791515 0.784250 0.955319 0.774313 0.783516 0.811581 0.934372 0.963599 0.960307 0.985494 0.778899 0.922794 0.509347 0.814556 0.829300 0.656592 0.732624 0.872315 0.631606 0.611668 0.774106 0.740889 0.993593 0.991331 0.989065 0.839993 0.683636 0.508431 0.859964 0.613480 0.940470 0.913835 0.850729 0.985818 0.944099 0.914641 0.898788 0.977992 0.910071 0.803534 0.779140 0.934831 0.930720 0.848454
0.884531 0.963035 0.701008 0.853155 0.671634 0.814322 0.527782 0.792753 0.676119 0.785416 0.707740 0.633221 0.445037 0.000000 0.618932 0.536105 0.929290 0.954983 0.551163 0.668413 0.900500 0.808010 0.567904 0.563994 0.912326 0.970415 0.974497 0.937775 0.709956 0.840106 0.851675 0.777191 0.605018 0.662729 0.766415 0.920271 0.921296 0.970751 0.938749 0.944466 0.928628 0.961833 0.867492 0.875899 0.775091 0.863038 0.886183 0.788077 0.994357 0.950684 0.988868 0.870704 0.860850 0.876181 0.971413 0.910940 0.942598 0.847648 0.948995 0.826329 0.476765 0.580387 0.844256 0.888560 0.656298 0.816616 0.778526 0.879692 0.773790 0.814186 0.794739 0.883435 0.943217 0.832957 0.987428 0.719096 0.862465 0.868641 0.961333 0.964668 0.935330 0.835775 0.738070 0.869133 0.519086 0.700479 0.900050 0.634192 0.675994 0.748017 0.630666 0.703408 0.726938 0.769735 0.914576 0.982275 0.931815 0.873077 0.786364 0.629700 0.859112 0.749771 0.998727 0.991540 0.894486 0.973174 0.914202 0.956288 0.948990 0.865148 0.954022 0.928494 0.889129 0.909481 0.980762 0.989397
0.991630 0.891401 0.899944 0.825596 0.676403 0.894893 0.644513 0.927741 0.614890 0.685591 0.837743 0.960269 0.414740 0.618932 0.000000 0.423577 0.859342 0.808360 0.625306 0.829922 0.925306 0.917854 0.394376 0.706165 0.951507 0.763677 0.902122 0.959702 0.567308 0.651406 0.684855 0.718542 0.638184 0.829043 0.869696 0.952366 0.834461 0.840633 0.732975 0.744056 0.956432 0.962472 0.940894 0.949322 0.675949 0.841948 0.951692 0.989708 0.851302 0.923746 0.927616 0.998227 0.749058 0.751998 0.835396 0.865624 0.877362 0.852902 0.815057 0.594266 0.642148 0.874422 0.856183 0.846248 0.668463 0.844346 0.909450 0.766177 0.598004 0.698982 0.848086 0.938542 0.818430 0.878524 0.972446 0.827396 0.835758 0.839668 0.953277 0.982365 0.974653 0.856790 0.694045 0.931092 0.562312 0.944000 0.790723 0.629215 0.885762 0.969011 0.813041 0.706172 0.991886 0.848471 0.982443 0.910408 0.841827 0.725185 0.722946 0.623147 0.899391 0.786368 0.890939 0.990235 0.986973 0.854273 0.910219 0.947136 0.964731 0.933132 0.972773 0.743650 0.811921 0.934819 0.990977 0.873216
0.963361 0.971280 0.738713 0.909837 0.602801 0.794917 0.615037 0.888108 0.553925 0.750271 0.835697 0.775089 0.416816 0.536105 0.423577 0.000000 0.943514 0.901586 0.631833 0.757601 0.928309 0.913933 0.419526 0.492908 0.825656 0.961960 0.809216 0.991316 0.709844 0.798448 0.751456 0.821091 0.724925 0.884841 0.868262 0.974523 0.969358 0.986304 0.922256 0.881644 0.998500 0.950810 0.849296 0.961638 0.863638 0.988450 0.972612 0.981188 0.961636 0.910250 0.842367 0.957308 0.882556 0.900093 0.840083 0.954456 0.891045 0.824482 0.763477 0.587207 0.709007 0.757478 0.973277 0.974890 0.483995 0.905898 0.987768 0.841715 0.672876 0.711257 0.765385 0.958970 0.861392 0.852819 0.930592 0.789278 0.876651 0.838396 0.941863 0.977250 0.841526 0.987922 0.678641 0.923847 0.485378 0.749798 0.776207 0.679096 0.814837 0.852974 0.711867 0.576462 0.861125 0.638885 0.979171 0.951640 0.868419 0.665842 0.865760 0.642078 0.998873 0.758654 0.786565 0.941070 0.894120 0.975472 0.901306 0.995979 0.905178 0.954084 0.933846 0.803467 0.801355 0.870934 0.897104 0.963903
0.717126 0.755590 0.806611 0.836388 0.976779 0.887998 0.974332 0.923778 0.982314 0.922989 0.727855 0.883669 0.853025 0.929290 0.859342 0.943514 0.000000 0.510856 0.849780 0.928839 0.990038 0.994789 0.983708 0.828911 0.816370 0.892895 0.853915 0.931967 0.706024 0.616435 0.741021 0.746326 0.746663 0.713032 0.904499 0.928127 0.982329 0.985849 0.783709 0.997864 0.962373 0.838312 0.926341 0.686285 0.721440 0.639876 0.900138 0.915888 0.750592 0.695866 0.712555 0.743869 0.734895 0.787876 0.952039 0.831127 0.696609 0.718802 0.800189 0.947924 0.844883 0.919077 0.548294 0.563242 0.780266 0.772685 0.980310 0.923942 0.972005 0.926216 0.903063 0.927197 0.972849 0.925635 0.922630 0.832075 0.813231 0.888382 0.660202 0.706718 0.632128 0.952196 0.909334 0.852720 0.930495 0.889499 0.909602 0.905594 0.977480 0.920968 0.961776 0.912400 0.891897 0.801243 0.927292 0.870230 0.933487 0.888066 0.806600 0.902186 0.943367 0.872210 0.715671 0.725613 0.968381 0.993497 0.935939 0.971461 0.998794 0.944418 0.890115 0.844662 0.916517 0.779830 0.922488 0.894512
0.635209 0.687645 0.722229 0.786530 0.923029 0.978466 0.953999 0.819272 0.858304 0.908821 0.719783 0.940168 0.833906 0.954983 0.808360 0.901586 0.510856 0.000000 0.894019 0.847709 0.960105 0.887560 0.958780 0.857581 0.941942 0.910439 0.941426 0.776829 0.670681 0.714670 0.773683 0.837441 0.704162 0.826395 0.870719 0.839884 0.941829 0.937081 0.822444 0.989363 0.857319 0.743418 0.895397 0.725477 0.753301 0.686931 0.864165 0.878416 0.725011 0.752604 0.751472 0.760411 0.793925 0.850009 0.945448 0.781052 0.656546 0.629125 0.793188 0.908694 0.890138 0.831709 0.546789 0.547685 0.861306 0.768878 0.925514 0.899533 0.951900 0.980031 0.956864 0.998119 0.965353 0.891937 0.960137 0.995258 0.811113 0.863256 0.666776 0.838073 0.658600 0.813667 0.810610 0.641303 0.954815 0.967322 0.939848 0.832366 0.955623 0.919714 0.926267 0.877881 0.946828 0.812971 0.948084 0.813787 0.935442 0.959066 0.809383 0.947329 0.900765 0.949021 0.858994 0.781037 0.921167 0.995213 0.825165 0.911733 0.937282 0.943402 0.990305 0.898656 0.948362 0.774169 0.865428 0.967937
0.796312 0.901256 0.713211 0.835466 0.805813 0.963530 0.400579 0.646877 0.550698 0.546932 0.619460 0.823360 0.441410 0.551163 0.625306 0.631833 0.849780 0.894019 0.000000 0.612966 0.871819 0.865367 0.539637 0.715973 0.886816 0.770661 0.947622 0.804237 0.640595 0.537049 0.722039 0.626407 0.683116 0.612198 0.879576 0.921453 0.793502 0.944130 0.768166 0.796458 0.940844 0.979344 0.906312 0.868584 0.811837 0.843155 0.927830 0.779467 0.863496 0.761423 0.957079 0.927049 0.817566 0.876900 0.894760 0.995185 0.991101 0.810231 0.977980 0.945679 0.546564 0.680922 0.853410 0.915234 0.814670 0.969738 0.939005 0.863651 0.898888 0.813433 0.744328 0.792929 0.702471 0.792137 0.964761 0.883659 0.787992 0.937224 0.926452 0.964747 0.902205 0.895274 0.920049 0.916836 0.687564 0.957574 0.931748 0.691359 0.734833 0.877663 0.541911 0.550002 0.742875 0.704010 0.977973 0.953232 0.891272 0.923706 0.750158 0.573380 0.821392 0.591854 0.972976 0.902167 0.996999 0.984657 0.916814 0.788344 0.955974 0.952892 0.793606 0.813063 0.812467 0.952930 0.966727 0.846953
0.847144 0.967912 0.805010 0.786983 0.957871 0.960091 0.614664 0.688478 0.868085 0.816412 0.673699 0.810027 0.634715 0.668413 0.829922 0.757601 0.928839 0.847709 0.612966 0.000000 0.804455 0.763577 0.787290 0.792930 0.922686 0.985273 0.973908 0.899866 0.835215 0.697598 0.918252 0.774239 0.845092 0.766757 0.823992 0.969516 0.920450 0.838634 0.939602 0.951181 0.962826 0.958792 0.917289 0.860319 0.958162 0.972727 0.985587 0.861024 0.944273 0.966298 0.924250 0.944121 0.877435 0.908551 0.972446 0.796305 0.915839 0.938021 0.999071 0.997197 0.762914 0.822737 0.974299 0.962878 0.834545 0.889163 0.918801 0.975211 0.913509 0.918238 0.723048 0.786746 0.836841 0.813537 0.791298 0.964830 0.766746 0.980644 0.922343 0.933088 0.967567 0.834248 0.904529 0.839308 0.825420 0.878922 0.966311 0.809046 0.698261 0.863401 0.792415 0.761334 0.725110 0.779769 0.986200 0.977192 0.927576 0.991432 0.864283 0.799353 0.837063 0.736722 0.952818 0.929389 0.915937 0.920643 0.882414 0.816259 0.978480 0.899736 0.876016 0.976255 0.869481 0.997605 0.990042 0.940850
0.843049 0.827791 0.935285 0.987398 0.850341 0.794447 0.832047 0.940021 0.861562 0.786946 0.874951 0.937081 0.890820 0.900500 0.925306 0.928309 0.990038 0.960105 0.871819 0.804455 0.000000 0.884062 0.750049 0.931593 0.853711 0.792915 0.956905 0.836048 0.960708 0.913113 0.929241 0.806874 0.996403 0.891903 0.953862 0.974105 0.823911 0.834753 0.869982 0.682861 0.912574 0.799579 0.763265 0.789968 0.857919 0.774519 0.810313 0.896358 0.850290 0.976775 0.795789 0.851499 0.962436 0.933923 0.901555 0.914243 0.735207 0.695158 0.826614 0.892183 0.979860 0.859426 0.839393 0.890386 0.945894 0.964988 0.828481 0.763941 0.888086 0.730138 0.884167 0.862241 0.838674 0.820785 0.919331 0.971269 0.963948 0.944545 0.901855 0.994952 0.791211 0.890481 0.934221 0.823425 0.903703 0.866642 0.965845 0.867021 0.995140 0.989010 0.996952 0.827895 0.911760 0.882396 0.924039 0.817037 0.904324 0.951642 0.977875 0.999495 0.834966 0.796370 0.940917 0.812641 0.961795 0.952882 0.888412 0.948719 0.978569 0.887727 0.975223 0.938762 0.912849 0.910329 0.863061 0.925530
0.994935 0.969251 0.996053 0.945824 0.930304 0.947185 0.854910 0.962826 0.990390 0.948726 0.966355 0.988163 0.867520 0.808010 0.917854 0.913933 0.994789 0.887560 0.865367 0.763577 0.884062 0.000000 0.924918 0.890988 0.989129 0.938350 0.967463 0.977656 0.920622 0.976802 0.979059 0.951591 0.855285 0.916670 0.975018 0.982676 0.973694 0.830502 0.976199 0.938134 0.962729 0.862097 0.993447 0.962220 0.976884 0.989813 0.974242 0.932117 0.914497 0.953565 0.922804 0.880614 0.823689 0.951977 0.988497 0.962970 0.986091 0.908514 0.919604 0.922600 0.974013 0.981770 0.997893 0.915402 0.933331 0.991743 0.985188 0.931255 0.987162 0.914340 0.792100 0.932694 0.957504 0.960812 0.924723 0.890872 0.854227 0.963233 0.980462 0.836285 0.891807 0.996546 0.942966 0.966926 0.878868 0.990003 0.873424 0.807001 0.727680 0.843392 0.973701 0.905199 0.981732 0.847239 0.830851 0.765954 0.973956 0.969589 0.987448 0.904683 0.939324 0.886711 0.930204 0.908631 0.932310 0.959404 0.910663 0.984317 0.950669 0.974757 0.982434 0.959338 0.920574 0.958773 0.960442 0.902487
0.904547 0.789958 0.770957 0.942146 0.560465 0.936412 0.557734 0.982979 0.507124 0.591882 0.941499 0.959478 0.430028 0.567904 0.394376 0.419526 0.983708 0.958780 0.539637 0.787290 0.750049 0.924918 0.000000 0.562933 0.982741 0.683628 0.835492 0.882813 0.670153 0.729541 0.742372 0.784673 0.714104 0.931439 0.923244 0.936222 0.798010 0.886249 0.773320 0.651233 0.925504 0.860788 0.975665 0.897406 0.790323 0.999065 0.867885 0.956131 0.943549 0.965719 0.806662 0.969693 0.807761 0.753453 0.776774 0.823186 0.773895 0.734361 0.735684 0.628385 0.654005 0.758480 0.977090 0.987935 0.570574 0.931183 0.859928 0.688784 0.689205 0.670373 0.835509 0.887717 0.806456 0.829681 0.965564 0.856699 0.874003 0.916659 0.998461 0.925133 0.869171 0.901437 0.704567 0.977739 0.456769 0.909244 0.797454 0.565316 0.803375 0.891931 0.738684 0.539497 0.944770 0.687442 0.998058 0.996324 0.865227 0.717267 0.809057 0.610019 0.942415 0.691442 0.772673 0.916352 0.954478 0.862117 0.968998 0.960193 0.972895 0.936249 0.974304 0.830571 0.818806 0.983686 0.991329 0.954514
0.936402 0.958713 0.567380 0.684931 0.688537 0.775114 0.651313 0.741283 0.631305 0.868357 0.947048 0.736635 0.576711 0.563994 0.706165 0.492908 0.828911 0.857581 0.715973 0.792930 0.931593 0.890988 0.562933 0.000000 0.657667 0.908318 0.784248 0.926358 0.956684 0.976699 0.951391 0.968178 0.834537 0.898589 0.846190 0.972367 0.999898 0.799585 0.913578 0.961435 0.930181 0.898326 0.868733 0.920636 0.948285 0.822700 0.957504 0.998083 0.755682 0.760727 0.798399 0.954765 0.908678 0.948829 0.870300 0.995900 0.827753 0.808481 0.830301 0.753277 0.740336 0.615960 0.826312 0.805421 0.438810 0.641701 0.850025 0.969268 0.887692 0.804667 0.767963 0.989658 0.941672 0.985414 0.899247 0.833319 0.962134 0.808121 0.956770 0.852584 0.711899 0.959420 0.786323 0.949120 0.505385 0.580790 0.702353 0.785843 0.678768 0.893645 0.724406 0.644850 0.761982 0.611928 0.941319 0.799089 0.947184 0.902417 0.999262 0.739548 0.907104 0.805851 0.624282 0.942116 0.788534 0.791639 0.892294 0.977779 0.865807 0.930072 0.970547 0.964128 0.833489 0.982884 0.905355 0.850300
0.953798 0.776860 0.593645 0.573979 0.945642 0.569328 0.905988 0.711083 0.920698 0.744509 0.987508 0.693343 0.941096 0.912326 0.951507 0.825656 0.816370 0.941942 0.886816 0.922686 0.853711 0.989129 0.982741 0.657667 0.000000 0.498394 0.746660 0.827479 0.795330 0.769747 0.988353 0.766184 0.896275 0.922027 0.806427 0.917590 0.692126 0.671171 0.581288 0.655807 0.909989 0.949216 0.774519 0.991752 0.732588 0.769045 0.767247 0.997475 0.623603 0.569385 0.856619 0.933062 0.660450 0.585554 0.823005 0.855410 0.986955 0.952024 0.978516 0.970150 0.942036 0.718012 0.744489 0.771078 0.528608 0.434460 0.637389 0.655953 0.888996 0.975996 0.953770 0.921408 0.955768 0.917873 0.969845 0.947126 0.968394 0.770593 0.913685 0.999102 0.889746 0.740203 0.933854 0.757333 0.796045 0.459232 0.685898 0.799545 0.725601 0.902655 0.872778 0.911218 0.658314 0.729692 0.896086 0.724024 0.861392 0.927588 0.850636 0.972022 0.737161 0.945067 0.769908 0.888525 0.713822 0.650172 0.984627 0.901022 0.890655 0.800310 0.933721 0.919034 0.991136 0.964194 0.812031 0.759157
0.880033 0.653265 0.745609 0.603168 0.824142 0.513688 0.910692 0.737629 0.767215 0.611024 0.967696 0.709004 0.839314 0.970415 0.763677 0.961960 0.892895 0.910439 0.770661 0.985273 0.792915 0.938350 0.683628 0.908318 0.498394 0.000000 0.930610 0.662451 0.743133 0.681343 0.869041 0.831414 0.974595 0.866709 0.822323 0.923577 0.697918 0.809596 0.583227 0.529174 0.854044 0.950863 0.691939 0.869396 0.756630 0.877486 0.705714 0.929431 0.729247 0.711329 0.953705 0.932768 0.726915 0.635381 0.725002 0.706839 0.865946 0.780908 0.784136 0.834946 0.989921 0.832137 0.813867 0.841586 0.739638 0.441798 0.539461 0.521838 0.818539 0.874700 0.999226 0.810319 0.943398 0.959679 0.853972 0.970439 0.989233 0.825622 0.961018 0.937333 0.986140 0.638342 0.946358 0.817331 0.974714 0.503042 0.910775 0.654959 0.930122 0.831416 0.900976 0.969888 0.690033 0.852560 0.932756 0.735647 0.801656 0.808740 0.862789 0.879524 0.778496 0.844181 0.999044 0.987679 0.784595 0.658690 0.948255 0.964361 0.947182 0.827244 0.970569 0.981904 0.995968 0.958731 0.874610 0.779338
0.850887 0.957997 0.936623 0.938758 0.877442 0.893454 0.958162 0.976266 0.917647 0.987131 0.848597 0.912967 0.989884 0.974497 0.902122 0.809216 0.853915 0.941426 0.947622 0.973908 0.956905 0.967463 0.835492 0.784248 0.746660 0.930610 0.000000 0.967940 0.954897 0.825417 0.965351 0.804020 0.920790 0.844991 0.974728 0.816622 0.918022 0.852002 0.884929 0.974227 0.957603 0.910548 0.904245 0.799198 0.823165 0.778823 0.971329 0.897039 0.778356 0.729445 0.777744 0.860054 0.883845 0.919853 0.953018 0.869984 0.796937 0.915496 0.801578 0.809317 0.893598 0.990067 0.829724 0.781581 0.708115 0.847808 0.908129 0.927846 0.991852 0.921467 0.967747 0.896843 0.937743 0.858501 0.912302 0.983620 0.919067 0.997558 0.890945 0.922237 0.856950 0.926201 0.822914 0.945388 0.799431 0.806829 0.783138 0.924400 0.873057 0.992841 0.978287 0.841160 0.990868 0.872557 0.996106 0.947151 0.973409 0.957138 0.877520 0.965007 0.890435 0.921133 0.642861 0.775413 0.978188 0.876301 0.880449 0.967685 0.991709 0.963078 0.931404 0.988615 0.946240 0.953521 0.844651 0.755436
0.811085 0.662322 0.925349 0.993138 0.894479 0.719410 0.832937 0.884312 0.783527 0.657003 0.975086 0.971303 0.900081 0.937775 0.959702 0.991316 0.931967 0.776829 0.804237 0.899866 0.836048 0.977656 0.882813 0.926358 0.827479 0.662451 0.967940 0.000000 0.956214 0.818742 0.980337 0.979712 0.868389 0.986911 0.722631 0.863613 0.907973 0.983909 0.837343 0.760142 0.839188 0.841319 0.795843 0.873681 0.957480 0.955269 0.846338 0.954668 0.981727 0.936739 0.853767 0.835879 0.985090 0.913479 0.741158 0.857434 0.848172 0.721585 0.843319 0.961359 0.986788 0.901962 0.936036 0.870087 0.885140 0.848454 0.776060 0.730383 0.963449 0.967115 0.882612 0.764155 0.863157 0.996950 0.843063 0.989644 0.979262 0.887340 0.875589 0.935677 0.845581 0.840507 0.856684 0.747672 0.917642 0.774779 0.990311 0.888667 0.822637 0.857519 0.955593 0.842916 0.915211 0.997038 0.977192 0.940906 0.952224 0.947335 0.965785 0.905649 0.986010 0.872519 0.910055 0.971406 0.810673 0.812110 0.856057 0.963477 0.995177 0.932907 0.988307 0.967346 0.989073 0.971105 0.893937 0.933331
0.833976 0.904324 0.977095 0.782541 0.897807 0.936922 0.718416 0.995954 0.803727 0.671185 0.691712 0.910752 0.636412 0.709956 0.567308 0.709844 0.706024 0.670681 0.640595 0.835215 0.960708 0.920622 0.670153 0.956684 0.795330 0.743133 0.954897 0.956214 0.000000 0.504494 0.708008 0.639721 0.586250 0.700655 0.982451 0.947924 0.900306 0.823978 0.672584 0.699344 0.968779 0.880931 0.958864 0.861443 0.703557 0.719163 0.890576 0.914173 0.710947 0.723113 0.960970 0.969496 0.696053 0.778166 0.976414 0.907042 0.906295 0.941120 0.957664 0.852206 0.744433 0.967362 0.634682 0.667075 0.948969 0.680057 0.916328 0.817279 0.715745 0.772785 0.977486 0.802961 0.838887 0.883424 0.903163 0.885172 0.959236 0.923197 0.819350 0.975725 0.750202 0.998014 0.796335 0.951195 0.853230 0.852536 0.824593 0.688529 0.996643 0.888637 0.868637 0.888682 0.984411 0.936960 0.995445 0.812434 0.933859 0.755201 0.696939 0.795957 0.990431 0.831947 0.888573 0.886441 0.848965 0.722554 0.923734 0.873050 0.735197 0.858838 0.918718 0.836496 0.904192 0.812350 0.963434 0.790765
0.750811 0.926959 0.987467 0.918253 0.977128 0.858513 0.623550 0.834653 0.719713 0.549098 0.604023 0.943019 0.649446 0.840106 0.651406 0.798448 0.616435 0.714670 0.537049 0.697598 0.913113 0.976802 0.729541 0.976699 0.769747 0.681343 0.825417 0.818742 0.504494 0.000000 0.655497 0.551276 0.724140 0.695090 0.774278 0.919342 0.906582 0.876577 0.611687 0.697855 0.967686 0.903931 0.983038 0.842087 0.779346 0.747382 0.856050 0.891373 0.713866 0.687742 0.982069 0.974142 0.772752 0.850454 0.944255 0.996170 0.890896 0.991859 0.993401 0.968815 0.751545 0.978287 0.740559 0.725003 0.866855 0.688094 0.923486 0.769706 0.861539 0.988640 0.861694 0.722986 0.692631 0.795801 0.963935 0.872736 0.885153 0.986951 0.775506 0.855406 0.683572 0.962004 0.935258 0.975075 0.977225 0.789867 0.884751 0.803577 0.915141 0.953561 0.760636 0.809487 0.977322 0.938358 0.928840 0.912336 0.996499 0.952456 0.683529 0.717053 0.960207 0.601958 0.788065 0.734191 0.905000 0.850287 0.982824 0.868381 0.944012 0.979264 0.799435 0.842872 0.866127 0.840813 0.912655 0.744439
0.879782 0.987582 0.964206 0.941834 0.999604 0.914843 0.780920 0.982985 0.779216 0.701068 0.790374 0.897867 0.739490 0.851675 0.684855 0.751456 0.741021 0.773683 0.722039 0.918252 0.929241 0.979059 0.742372 0.951391 0.988353 0.869041 0.965351 0.980337 0.708008 0.655497 0.000000 0.790995 0.733337 0.767168 0.964644 0.857889 0.978183 0.993305 0.869334 0.888867 0.999166 0.893475 0.977701 0.994590 0.803140 0.850509 0.853649 0.985049 0.841138 0.790028 0.991461 0.917239 0.809411 0.859743 0.905728 0.917612 0.971679 0.943008 0.928090 0.901040 0.861388 0.974182 0.775662 0.786172 0.970969 0.787462 0.987142 0.875624 0.806938 0.872973 0.926834 0.998140 0.890378 0.965783 0.881171 0.955606 0.780650 0.977460 0.891193 0.770945 0.745802 0.975911 0.820910 0.932836 0.873845 0.951213 0.956174 0.830405 0.925428 0.904574 0.917267 0.851883 0.997546 0.854428 0.958771 0.976656 0.942108 0.993353 0.918720 0.767353 0.940829 0.795315 0.988691 0.998757 0.996151 0.956367 0.770174 0.930255 0.963223 0.933445 0.987832 0.945035 0.957934 0.878849 0.979042 0.911868
0.742598 0.980398 0.903079 0.988689 0.949598 0.877385 0.620947 0.790627 0.788038 0.626900 0.683775 0.917471 0.652634 0.777191 0.718542 0.821091 0.746326 0.837441 0.626407 0.774239 0.806874 0.951591 0.784673 0.968178 0.766184 0.831414 0.804020 0.979712 0.639721 0.551276 0.790995 0.000000 0.676763 0.727731 0.889058 0.975617 0.869649 0.845821 0.823354 0.753293 0.914800 0.913399 0.988248 0.860350 0.817860 0.832288 0.962817 0.827873 0.853384 0.772225 0.974255 0.981168 0.731305 0.857813 0.984577 0.935400 0.968885 0.858961 0.985800 0.978538 0.686476 0.883116 0.774630 0.804496 0.941440 0.807001 0.968742 0.855134 0.811005 0.927420 0.844187 0.712533 0.736641 0.768633 0.902741 0.819170 0.901144 0.911126 0.898389 0.870726 0.794649 0.998546 0.976459 0.991901 0.923660 0.844847 0.838707 0.824228 0.949231 0.998353 0.813717 0.847338 0.943986 0.951952 0.999008 0.917014 0.970633 0.932938 0.665112 0.702235 0.992527 0.708393 0.781122 0.851819 0.965491 0.964528 0.907190 0.835741 0.999510 0.920684 0.848140 0.916989 0.910926 0.958518 0.865847 0.723945
0.781103 0.925889 0.832818 0.984423 0.895357 0.826174 0.635221 0.875453 0.880985 0.902571 0.642203 0.683513 0.574265 0.605018 0.638184 0.724925 0.746663 0.704162 0.683116 0.845092 0.996403 0.855285 0.714104 0.834537 0.896275 0.974595 0.920790 0.868389 0.586250 0.724140 0.733337 0.676763 0.000000 0.594972 0.740273 0.912855 0.985008 0.993162 0.879233 0.978517 0.915693 0.878743 0.840292 0.786456 0.706632 0.780946 0.850733 0.849739 0.904763 0.869585 0.830134 0.803538 0.757052 0.910772 0.971904 0.807356 0.838054 0.996449 0.823424 0.990114 0.518095 0.702454 0.670686 0.680291 0.829423 0.951046 0.704927 0.833799 0.786885 0.836899 0.930791 0.879241 0.872709 0.926305 0.977743 0.795303 0.949704 0.861273 0.909473 0.877087 0.810546 0.826930 0.861579 0.767086 0.708232 0.828001 0.966387 0.775490 0.904959 0.878976 0.714275 0.904940 0.750805 0.976661 0.990405 0.980611 0.729203 0.975993 0.683265 0.634135 0.727672 0.805873 0.819566 0.886233 0.882845 0.899222 0.967359 0.988663 0.961411 0.915729 0.747160 0.904976 0.961793 0.894236 0.876323 0.792739
0.636326 0.868692 0.790668 0.862868 0.963159 0.774635 0.662341 0.709084 0.887715 0.864220 0.584612 0.694486 0.671905 0.662729 0.829043 0.884841 0.713032 0.826395 0.612198 0.766757 0.891903 0.916670 0.931439 0.898589 0.922027 0.866709 0.844991 0.986911 0.700655 0.695090 0.767168 0.727731 0.594972 0.000000 0.860045 0.920099 0.984838 0.931357 0.941221 0.962489 0.917031 0.873179 0.707000 0.646338 0.718096 0.651630 0.769722 0.661501 0.806749 0.785026 0.737939 0.725897 0.794936 0.947482 0.803373 0.765117 0.754078 0.918953 0.679245 0.815986 0.506748 0.668083 0.695725 0.750012 0.956517 0.871600 0.632092 0.705300 0.901551 0.931900 0.851319 0.801193 0.916905 0.876012 0.864219 0.824095 0.776281 0.828603 0.894218 0.729676 0.700393 0.775119 0.974936 0.915476 0.867728 0.799146 0.895358 0.942864 0.846084 0.810864 0.602146 0.885536 0.641813 0.919841 0.972261 0.895477 0.799263 0.824956 0.681299 0.671107 0.634518 0.749088 0.714419 0.795312 0.972484 0.812770 0.964290 0.859060 0.958650 0.897162 0.637360 0.722424 0.849921 0.744204 0.876778 0.904325
0.961679 0.801036 0.985590 0.902470 0.856265 0.673708 0.911061 0.820091 0.973486 0.734173 0.915033 0.802555 0.908924 0.766415 0.869696 0.868262 0.904499 0.870719 0.879576 0.823992 0.953862 0.975018 0.923244 0.846190 0.806427 0.822323 0.974728 0.722631 0.982451 0.774278 0.964644 0.889058 0.740273 0.860045 0.000000 0.787567 0.851750 0.965246 0.786817 0.857248 0.853258 0.989959 0.781762 0.885136 0.762855 0.884754 0.705444 0.909828 0.976563 0.978137 0.751502 0.717167 0.819361 0.838742 0.848330 0.783955 0.983705 0.897880 0.809997 0.978962 0.787558 0.850313 0.807672 0.820608 0.799975 0.787165 0.645341 0.630008 0.908606 0.946288 0.919728 0.864576 0.861242 0.988545 0.856413 0.878610 0.996372 0.695035 0.927531 0.859432 0.931277 0.938094 0.841125 0.883489 0.751925 0.704547 0.837202 0.912149 0.970729 0.930648 0.890338 0.902379 0.879669 0.902367 0.873210 0.952928 0.916025 0.992648 0.821336 0.894831 0.991615 0.987138 0.914436 0.937632 0.874244 0.836655 0.887075 0.971570 0.821438 0.968310 0.965417 0.920082 0.969792 0.863816 0.835752 0.938406
0.865122 0.806557 0.882820 0.929103 0.982434 0.908875 0.860217 0.866850 0.842177 0.834267 0.972839 0.845415 0.982611 0.920271 0.952366 0.974523 0.928127 0.839884 0.921453 0.969516 0.974105 0.982676 0.936222 0.972367 0.917590 0.923577 0.816622 0.863613 0.947924 0.919342 0.857889 0.975617 0.912855 0.920099 0.787567 0.000000 0.842159 0.919403 0.890491 0.925481 0.819124 0.934034 0.976452 0.997877 0.920549 0.980755 0.890223 0.907827 0.992063 0.981798 0.808021 0.821637 0.917527 0.969076 0.871293 0.812541 0.933166 0.864900 0.804389 0.854898 0.888821 0.947805 0.853505 0.828558 0.993734 0.917962 0.812758 0.760287 0.988267 0.944426 0.944131 0.816102 0.909783 0.894721 0.984511 0.964188 0.913969 0.992498 0.955121 0.816777 0.963885 0.936910 0.783833 0.877343 0.922101 0.896642 0.980829 0.966690 0.944538 0.978374 0.954236 0.835456 0.914594 0.888149 0.985941 0.964882 0.893356 0.864279 0.932822 0.992519 0.969636 0.945225 0.938950 0.867808 0.848629 0.812724 0.997536 0.940557 0.903932 0.981458 0.883847 0.954338 0.995653 0.922139 0.833867 0.906691
0.960658 0.766387 0.844610 0.799684 0.795932 0.836790 0.911263 0.871392 0.774808 0.794583 0.934567 0.780817 0.864289 0.921296 0.834461 0.969358 0.982329 0.941829 0.793502 0.920450 0.823911 0.973694 0.798010 0.999898 0.692126 0.697918 0.918022 0.907973 0.900306 0.906582 0.978183 0.869649 0.985008 0.984838 0.851750 0.842159 0.000000 0.870957 0.622682 0.810400 0.826172 0.919225 0.774207 0.834866 0.944063 0.978388 0.728835 0.818832 0.984458 0.910370 0.899511 0.943322 0.908205 0.817662 0.752751 0.866226 0.768355 0.735576 0.876352 0.838093 0.933474 0.970017 0.990490 0.959437 0.977093 0.794261 0.754581 0.740788 0.798296 0.813872 0.960201 0.922457 0.840105 0.959609 0.976136 0.879879 0.901579 0.941966 0.901619 0.911977 0.982181 0.745267 0.905122 0.901611 0.934448 0.775138 0.879004 0.816011 0.982792 0.962097 0.972082 0.953485 0.822481 0.906835 0.930264 0.870374 0.914345 0.849274 0.943317 0.987363 0.864901 0.904620 0.983899 0.971054 0.754683 0.861130 0.902509 0.908428 0.974292 0.964894 0.993126 0.971081 0.975126 0.889976 0.798671 0.925320
0.946488 0.924791 0.843652 0.783843 0.933301 0.898777 0.997846 0.861030 0.833645 0.840726 0.924404 0.885657 0.987354 0.970751 0.840633 0.986304 0.985849 0.937081 0.944130 0.838634 0.834753 0.830502 0.886249 0.799585 0.671171 0.809596 0.852002 0.983909 0.823978 0.876577 0.993305 0.845821 0.993162 0.931357 0.965246 0.919403 0.870957 0.000000 0.806561 0.731968 0.945098 0.989768 0.867404 0.952241 0.865688 0.947488 0.869025 0.967919 0.816949 0.774626 0.997727 0.968354 0.795598 0.819933 0.948585 0.885470 0.934878 0.911984 0.980677 0.896638 0.996118 0.906558 0.947727 0.883439 0.833745 0.725151 0.796074 0.817601 0.875081 0.828566 0.917429 0.985525 0.891578 0.920369 0.984970 0.903191 0.970907 0.892907 0.955409 0.903385 0.970561 0.909424 0.903280 0.816561 0.931106 0.727601 0.834052 0.986345 0.687281 0.859191 0.968137 0.995362 0.823328 0.834731 0.912367 0.842171 0.893766 0.850818 0.860631 0.977997 0.734672 0.961721 0.916632 0.989793 0.710318 0.706631 0.968321 0.971327 0.958026 0.878563 0.893130 0.945291 0.935152 0.997245 0.880973 0.852880
