0.000000 0.582002 0.749204 0.597056 0.884026 0.920133 0.660419 0.622583 0.976651 0.744059 0.571036 0.735129 0.996645 0.920222 0.834673 0.763864 0.507678 0.449945 0.565363 0.515728 0.829347 0.950832 0.820596 0.710968 0.967839 0.887669 0.923840 0.916636 0.895198 0.938817 0.945764 0.856694 0.530076 0.578545 0.767301 0.970927 0.737978 0.801493 0.978502 0.951598 0.705530 0.725076 0.809977 0.810048 0.778839 0.632925 0.585589 0.590119 0.698400 0.704677 0.810002 0.835023 0.963438 0.892557 0.585668 0.574989 0.430302 0.548605 0.442501 0.587800 0.629367 0.726744 0.528456 0.492341 0.964500 0.916168 0.603877 0.720232 0.650736 0.667984 0.962727 0.867868 0.988082 0.902015 0.960593 0.944319 0.954158 0.861004 0.684612 0.950012 0.478958 0.477356 0.906522 0.639389 0.737695 0.860882 0.850533 0.920105 0.798748 0.552796 0.735308 0.965105 0.803177 0.944138 0.784168 0.881698 0.674625 0.862709 0.594904 0.618741 0.896225 0.921453 0.534181 0.644379 0.862409 0.670216 0.826279 0.793804 0.938872 0.948261 0.897438 0.694956 0.849130 0.956583 0.996738 0.926500
0.582002 0.000000 0.814714 0.694491 0.734077 0.941400 0.865725 0.802772 0.995119 0.943476 0.837047 0.856031 0.969719 0.948519 0.916334 0.921131 0.689813 0.693043 0.682573 0.612879 0.834440 0.808366 0.906763 0.852796 0.919372 0.848266 0.934238 0.961928 0.881658 0.931025 0.984931 0.912329 0.685586 0.854298 0.840882 0.947494 0.796534 0.773376 0.831978 0.924074 0.835727 0.778202 0.713846 0.656141 0.685653 0.596571 0.699200 0.608120 0.563631 0.521299 0.600173 0.661707 0.727765 0.835040 0.736664 0.855226 0.547754 0.508218 0.543056 0.608862 0.934842 0.928926 0.908413 0.797106 0.930049 0.982475 0.745683 0.733476 0.650185 0.574729 0.808137 0.887605 0.949448 0.996099 0.904056 0.939745 0.814197 0.764725 0.815277 0.987989 0.779732 0.761190 0.991821 0.825515 0.947903 0.992574 0.915574 0.922148 0.939256 0.722944 0.752067 0.771464 0.798990 0.787268 0.957371 0.909386 0.644786 0.898351 0.646906 0.592808 0.958994 0.754956 0.631149 0.635331 0.795311 0.713267 0.989160 0.675189 0.987860 0.836181 0.976696 0.673472 0.711391 0.893341 0.945337 0.976713
0.749204 0.814714 0.000000 0.507416 0.983888 0.730959 0.487027 0.919595 0.633512 0.949708 0.898803 0.803982 0.953592 0.836521 0.993043 0.673741 0.853836 0.784891 0.780498 0.867341 0.795677 0.998587 0.872794 0.982325 0.736383 0.709610 0.871521 0.905221 0.964440 0.786361 0.867607 0.974795 0.643079 0.893149 0.622547 0.998322 0.799614 0.872246 0.950350 0.965316 0.749970 0.695110 0.851347 0.785674 0.763839 0.760784 0.920850 0.899153 0.927829 0.819785 0.843066 0.857408 0.830716 0.693501 0.907806 0.778883 0.732973 0.821131 0.879339 0.901458 0.792639 0.869008 0.883954 0.943798 0.530534 0.934484 0.521342 0.875942 0.716816 0.780486 0.964341 0.876746 0.950541 0.879967 0.850806 0.850320 0.827980 0.850163 0.763367 0.966077 0.749454 0.792970 0.874856 0.775717 0.664323 0.774135 0.999278 0.956538 0.823158 0.839793 0.572690 0.583219 0.541643 0.560894 0.852362 0.692822 0.727363 0.853784 0.750167 0.711281 0.928149 0.860612 0.763186 0.779614 0.851622 0.763360 0.938927 0.753647 0.925163 0.940212 0.910392 0.780029 0.818881 0.986669 0.985991 0.908097
0.597056 0.694491 0.507416 0.000000 0.954657 0.951681 0.572821 0.748102 0.786543 0.927700 0.780674 0.984273 0.842147 0.976292 0.969119 0.815034 0.831165 0.728417 0.597175 0.722745 0.857802 0.963556 0.887524 0.976614 0.739598 0.694060 0.931018 0.890417 0.984607 0.839326 0.837305 0.992735 0.603085 0.792520 0.668341 0.971610 0.879500 0.937286 0.995488 0.926319 0.712407 0.717072 0.736145 0.667731 0.717086 0.642103 0.746644 0.677310 0.839965 0.725720 0.821073 0.790245 0.823784 0.805163 0.826079 0.663112 0.693632 0.770243 0.833537 0.892230 0.743792 0.945782 0.785808 0.817243 0.613526 0.921994 0.552965 0.779775 0.741789 0.770464 0.888040 0.947757 0.928719 0.982198 0.943019 0.899384 0.752392 0.858121 0.834075 0.963908 0.678485 0.706761 0.891995 0.835026 0.639574 0.688152 0.946700 0.979462 0.873773 0.698278 0.461935 0.615982 0.475892 0.601408 0.883985 0.678393 0.632031 0.813938 0.596663 0.573310 0.968919 0.863116 0.613683 0.591521 0.754248 0.702770 0.964432 0.794136 0.992878 0.956624 0.822478 0.625549 0.837873 0.930355 0.967887 0.997340
0.884026 0.734077 0.983888 0.954657 0.000000 0.967088 0.844385 0.947882 0.731721 0.871259 0.964758 0.940802 0.905479 0.980363 0.778508 0.886519 0.958349 0.981438 0.890117 0.980417 0.769288 0.937182 0.626044 0.682135 0.915443 0.834072 0.822042 0.819408 0.857105 0.871271 0.923266 0.782830 0.965594 0.992422 0.973724 0.958679 0.939295 0.731200 0.996996 0.875619 0.852233 0.933206 0.672610 0.684939 0.949788 0.902846 0.757364 0.852245 0.841313 0.920490 0.907250 0.995599 0.880681 0.917302 0.968006 0.976304 0.843583 0.984894 0.813873 0.925637 0.854222 0.980787 0.897642 0.932924 0.796582 0.996462 0.931679 0.826856 0.842566 0.869371 0.963284 0.998807 0.837482 0.775741 0.986389 0.929243 0.985238 0.864562 0.925719 0.996140 0.973576 0.931816 0.719687 0.907556 0.679157 0.765265 0.799973 0.746369 0.957863 0.948714 0.884029 0.957943 0.918301 0.973630 0.998955 0.828680 0.962517 0.795242 0.982419 0.993522 0.882171 0.848413 0.886131 0.796231 0.847563 0.908574 0.982926 0.910815 0.864838 0.932989 0.977002 0.957657 0.895002 0.947362 0.961288 0.895043
0.920133 0.941400 0.730959 0.951681 0.967088 0.000000 0.895838 0.852594 0.918678 0.857695 0.893079 0.765067 0.916373 0.803505 0.937416 0.794247 0.997656 0.989066 0.951994 0.974714 0.978957 0.846312 0.866743 0.902562 0.903285 0.958068 0.970011 0.865404 0.992002 0.939179 0.969258 0.882284 0.978191 0.976635 0.787836 0.967287 0.903812 0.897796 0.944151 0.941466 0.984332 0.821561 0.966912 0.968774 0.884496 0.996220 0.883969 0.981382 0.948599 0.922201 0.924974 0.932568 0.893206 0.794219 0.924163 0.895100 0.978474 0.996102 0.947564 0.779541 0.897418 0.718973 0.952050 0.940310 0.833128 0.746619 0.962242 0.923178 0.886692 0.985969 0.961599 0.950578 0.999367 0.990610 0.973846 0.849634 0.949912 0.988874 0.975113 0.921283 0.940602 0.944599 0.818690 0.930880 0.862823 0.983666 0.874628 0.941382 0.988301 0.990989 0.987855 0.865225 0.984113 0.873814 0.959685 0.988502 0.920463 0.886659 0.979963 0.987892 0.886967 0.952817 0.908352 0.919055 0.896072 0.985697 0.838731 0.933133 0.984689 0.956507 0.907965 0.907294 0.943372 0.961494 0.792749 0.941999
0.660419 0.865725 0.487027 0.572821 0.844385 0.895838 0.000000 0.514724 0.597000 0.521636 0.746870 0.945371 0.983246 0.739678 0.772594 0.646884 0.697589 0.578371 0.709949 0.870546 0.988249 0.981164 0.907985 0.870661 0.877189 0.896262 0.889594 0.844130 0.811918 0.870014 0.918214 0.963559 0.551927 0.574919 0.765582 0.964967 0.969509 0.906463 0.971029 0.990657 0.784146 0.816805 0.938530 0.910244 0.575880 0.585688 0.876081 0.822711 0.833667 0.949720 0.964644 0.868817 0.978753 0.989815 0.804249 0.712583 0.810049 0.916173 0.846666 0.979942 0.457572 0.749431 0.595208 0.621654 0.792800 0.952224 0.543437 0.707091 0.907776 0.834865 0.987925 0.920643 0.933789 0.951721 0.827360 0.907073 0.897186 0.938996 0.753617 0.811079 0.562134 0.595182 0.886068 0.658416 0.633808 0.865766 0.876925 0.979727 0.982018 0.836807 0.549232 0.718050 0.584975 0.794320 0.783243 0.793504 0.741325 0.849107 0.558147 0.647727 0.998224 0.954456 0.765085 0.731558 0.936121 0.848369 0.906395 0.904723 0.937019 0.971673 0.859981 0.729757 0.816087 0.821054 0.800203 0.912288
0.622583 0.802772 0.919595 0.748102 0.947882 0.852594 0.514724 0.000000 0.833452 0.384469 0.489907 0.504087 0.955078 0.949555 0.606524 0.785791 0.584655 0.575007 0.708643 0.768642 0.881407 0.876507 0.797681 0.729604 0.614795 0.693664 0.740444 0.731459 0.674567 0.649579 0.905922 0.893546 0.690373 0.434423 0.945246 0.969471 0.877436 0.740223 0.966425 0.989079 0.820329 0.962433 0.954530 0.931359 0.622425 0.579956 0.805762 0.747424 0.749434 0.942440 0.796311 0.682013 0.722072 0.612113 0.699579 0.723294 0.884797 0.922531 0.741675 0.789192 0.388881 0.409754 0.466527 0.397176 0.783426 0.799393 0.748234 0.620429 0.928115 0.861046 0.914380 0.763016 0.936137 0.994762 0.828214 0.967624 0.942640 0.971165 0.845974 0.742463 0.573630 0.630332 0.957779 0.703510 0.933814 0.993485 0.717590 0.862298 0.964207 0.800503 0.764387 0.942265 0.856705 0.846410 0.826717 0.964423 0.787234 0.852847 0.557707 0.715498 0.785962 0.843823 0.678671 0.738958 0.940843 0.934688 0.707795 0.915795 0.861976 0.975825 0.822529 0.706463 0.845628 0.766530 0.767071 0.790173
0.976651 0.995119 0.633512 0.786543 0.731721 0.918678 0.597000 0.833452 0.000000 0.796229 0.941697 0.917545 0.869388 0.928203 0.972327 0.941713 0.922279 0.858153 0.946911 0.986281 0.954475 0.908729 0.747991 0.893782 0.991618 0.983474 0.936221 0.960315 0.926565 0.945937 0.922372 0.984615 0.830048 0.894154 0.863778 0.912868 0.986380 0.895937 0.893893 0.934899 0.890676 0.961625 0.870098 0.910105 0.909559 0.908115 0.951858 0.882701 0.958554 0.982032 0.950424 0.942026 0.846369 0.742852 0.989669 0.857399 0.987835 0.931143 0.918321 0.925564 0.746490 0.931905 0.911653 0.930461 0.668364 0.888505 0.787313 0.953244 0.982830 0.938867 0.985978 0.949830 0.921238 0.979019 0.954635 0.975511 0.821147 0.955533 0.828155 0.906819 0.860831 0.890322 0.804100 0.814456 0.718247 0.775428 0.984922 0.971954 0.926356 0.945863 0.682959 0.698769 0.752437 0.740407 0.968369 0.812671 0.786904 0.981123 0.852025 0.753390 0.852212 0.878261 0.952814 0.919361 0.843251 0.995030 0.955655 0.943963 0.891957 0.986615 0.872364 0.860129 0.838124 0.901824 0.848895 0.955312
0.744059 0.943476 0.949708 0.927700 0.871259 0.857695 0.521636 0.384469 0.796229 0.000000 0.659355 0.677808 0.888056 0.827824 0.612974 0.770671 0.654159 0.580457 0.786379 0.932953 0.875584 0.975937 0.882394 0.727812 0.501283 0.547333 0.758900 0.660989 0.671444 0.600073 0.929903 0.930634 0.782868 0.530817 0.977920 0.986291 0.880788 0.702023 0.920995 0.926070 0.906589 0.996548 0.870301 0.893903 0.658260 0.685171 0.862172 0.869731 0.771170 0.895758 0.805450 0.677397 0.777786 0.676595 0.762214 0.743325 0.982894 0.946208 0.767398 0.810504 0.452123 0.491806 0.531306 0.473635 0.757362 0.875855 0.790303 0.666520 0.860713 0.867480 0.927849 0.856215 0.875729 0.951375 0.824881 0.968068 0.978267 0.910085 0.813111 0.738006 0.608038 0.658973 0.914577 0.709676 0.913098 0.888552 0.757827 0.931785 0.856953 0.843442 0.852567 0.918536 0.954360 0.796626 0.800700 0.999492 0.923322 0.930617 0.651829 0.755535 0.855833 0.745976 0.796131 0.846839 0.943360 0.900486 0.804640 0.878765 0.939867 0.961126 0.971876 0.824189 0.891038 0.770223 0.775347 0.823802
0.571036 0.837047 0.898803 0.780674 0.964758 0.893079 0.746870 0.489907 0.941697 0.659355 0.000000 0.485451 0.866764 0.963525 0.633924 0.808034 0.550934 0.639848 0.803272 0.709577 0.974730 0.816756 0.646777 0.645917 0.865197 0.891796 0.857957 0.985371 0.803432 0.815593 0.820736 0.750938 0.742477 0.521302 0.833554 0.942315 0.931249 0.928195 0.991113 0.937730 0.719282 0.849644 0.960373 0.941553 0.827582 0.736962 0.779304 0.829879 0.856605 0.940371 0.753633 0.721513 0.656659 0.578603 0.717607 0.708778 0.801093 0.897406 0.671582 0.787787 0.540567 0.544533 0.521627 0.466430 0.817933 0.857664 0.730871 0.771437 0.914444 0.754648 0.809811 0.751644 0.846982 0.901929 0.902088 0.879929 0.992944 0.991829 0.823652 0.877323 0.618622 0.703994 0.961055 0.752633 0.979083 0.978698 0.788516 0.752154 0.920750 0.780630 0.841786 0.815915 0.901641 0.840622 0.787988 0.964291 0.836901 0.869117 0.739981 0.829833 0.829419 0.914641 0.582763 0.802674 0.977422 0.860875 0.643635 0.925639 0.825460 0.925335 0.909440 0.774846 0.915567 0.908070 0.909896 0.935348
0.735129 0.856031 0.803982 0.984273 0.940802 0.765067 0.945371 0.504087 0.917545 0.677808 0.485451 0.000000 0.699739 0.702992 0.784038 0.886393 0.683390 0.763148 0.770777 0.746552 0.935695 0.836482 0.677355 0.805524 0.697788 0.726691 0.871907 0.863494 0.747721 0.689572 0.756104 0.851223 0.954904 0.600247 0.992075 0.954159 0.825841 0.738004 0.952004 0.937399 0.891842 0.854934 0.910842 0.928167 0.857754 0.780567 0.755003 0.876666 0.912826 0.842476 0.810990 0.716174 0.641599 0.565959 0.754678 0.835801 0.941945 0.998124 0.820406 0.826771 0.573815 0.451703 0.571376 0.535372 0.665690 0.701506 0.944475 0.793155 0.890118 0.885831 0.802493 0.695064 0.975611 0.958152 0.903120 0.993923 0.992853 0.923109 0.925575 0.822881 0.725362 0.815559 0.882671 0.897659 0.846728 0.989470 0.714839 0.819031 0.985838 0.945919 0.927927 0.698885 0.878622 0.656059 0.893480 0.839376 0.944095 0.981269 0.842578 0.980089 0.726347 0.832483 0.768010 0.928334 0.860066 0.957128 0.700962 0.875636 0.832938 0.980189 0.910762 0.858274 0.957356 0.940640 0.817993 0.815949
0.996645 0.969719 0.953592 0.842147 0.905479 0.916373 0.983246 0.955078 0.869388 0.888056 0.866764 0.699739 0.000000 0.527929 0.770088 0.604530 0.960040 0.908180 0.860614 0.920942 0.946279 0.976564 0.898164 0.789440 0.983842 0.944799 0.809731 0.847883 0.940882 0.976088 0.961526 0.999460 0.962071 0.926701 0.891343 0.947818 0.837525 0.929909 0.957429 0.728619 0.853955 0.825718 0.902548 0.918237 0.970126 0.972688 0.943746 0.928142 0.830753 0.897931 0.997566 0.997861 0.968501 0.881165 0.956417 0.961010 0.898698 0.842724 0.749461 0.786222 0.819042 0.903298 0.882089 0.970870 0.895076 0.837833 0.929103 0.855672 0.946229 0.956907 0.977284 0.948038 0.844189 0.858999 0.967378 0.929758 0.896782 0.851838 0.992233 0.965295 0.980508 0.916551 0.968112 0.912744 0.923135 0.738161 0.951281 0.985867 0.935805 0.807222 0.845448 0.933805 0.827330 0.902909 0.923385 0.986473 0.929025 0.922451 0.942700 0.993942 0.954058 0.925017 0.879675 0.917098 0.900636 0.900170 0.922139 0.918455 0.981028 0.984668 0.757056 0.942899 0.988979 0.898908 0.970636 0.928839
0.920222 0.948519 0.836521 0.976292 0.980363 0.803505 0.739678 0.949555 0.928203 0.827824 0.963525 0.702992 0.527929 0.000000 0.652712 0.518119 0.855578 0.890813 0.794351 0.826866 0.969374 0.976329 0.910816 0.717317 0.971608 0.939197 0.695648 0.854933 0.885840 0.904451 0.908980 0.789071 0.852302 0.933917 0.994792 0.960156 0.735016 0.875442 0.939101 0.736910 0.974787 0.755060 0.862657 0.888190 0.946605 0.998336 0.895130 0.953869 0.956925 0.979466 0.934137 0.909007 0.935844 0.922004 0.993965 0.971019 0.924928 0.870661 0.788099 0.917216 0.940624 0.980075 0.968417 0.951192 0.998509 0.869291 0.884764 0.890589 0.947551 0.938106 0.908615 0.968100 0.818762 0.818958 0.967476 0.852026 0.801037 0.912345 0.955016 0.933825 0.959804 0.882950 0.977040 0.885534 0.977567 0.780753 0.854957 0.913260 0.966668 0.933948 0.950602 0.956931 0.979913 0.946092 0.974922 0.923773 0.901435 0.818638 0.940964 0.995003 0.859717 0.980817 0.935929 0.973893 0.988168 0.903240 0.892214 0.972021 0.917985 0.871156 0.860810 0.894403 0.985055 0.929303 0.971931 0.904412
0.834673 0.916334 0.993043 0.969119 0.778508 0.937416 0.772594 0.606524 0.972327 0.612974 0.633924 0.784038 0.770088 0.652712 0.000000 0.559624 0.734910 0.831173 0.874749 0.897281 0.964495 0.944084 0.500903 0.489450 0.787085 0.778041 0.563625 0.869259 0.987994 0.893134 0.710501 0.689791 0.920802 0.709581 0.970360 0.940962 0.972482 0.949791 0.951010 0.733043 0.904083 0.922649 0.865918 0.845116 0.725104 0.725345 0.910960 0.903071 0.767436 0.867303 0.829552 0.648592 0.605793 0.577816 0.853045 0.862236 0.925748 0.999744 0.694997 0.803672 0.730288 0.631576 0.861394 0.746948 0.643301 0.874390 0.848525 0.641209 0.930912 0.814885 0.817545 0.773892 0.739292 0.779300 0.880467 0.946320 0.976479 0.990064 0.892853 0.909061 0.874590 0.946841 0.684340 0.992017 0.710954 0.668978 0.803683 0.730577 0.953608 0.984171 0.983468 0.841775 0.985428 0.870101 0.985916 0.942989 0.849653 0.696383 0.858619 0.906211 0.774203 0.869921 0.863671 0.890227 0.813157 0.987747 0.918293 0.989153 0.958180 0.894663 0.986000 0.963892 0.959670 0.719424 0.884072 0.954396
0.763864 0.921131 0.673741 0.815034 0.886519 0.794247 0.646884 0.785791 0.941713 0.770671 0.808034 0.886393 0.604530 0.518119 0.559624 0.000000 0.764657 0.750228 0.987035 0.992328 0.953095 0.932554 0.737582 0.587683 0.993027 0.998474 0.747230 0.905635 0.986267 0.938983 0.852495 0.767202 0.862646 0.847174 0.807975 0.960316 0.863916 0.932297 0.972609 0.771067 0.905889 0.686843 0.929482 0.897459 0.756602 0.766728 0.939004 0.858398 0.746129 0.948192 0.944831 0.876803 0.847365 0.832784 0.883072 0.775755 0.809640 0.880720 0.687167 0.904917 0.857683 0.931081 0.868933 0.811173 0.997437 0.893480 0.779503 0.802047 0.908627 0.829579 0.904069 0.994207 0.724317 0.749621 0.882528 0.816143 0.978234 0.952432 0.902832 0.947289 0.754922 0.769599 0.893921 0.828203 0.987060 0.877884 0.900971 0.766735 0.920654 0.771104 0.893416 0.941879 0.850123 0.922176 0.912819 0.834960 0.843090 0.749128 0.802716 0.812544 0.938463 0.985249 0.886460 0.841927 0.917853 0.775411 0.977540 0.950890 0.988500 0.980060 0.951459 0.920162 0.951728 0.943717 0.910850 0.925740
0.507678 0.689813 0.853836 0.831165 0.958349 0.997656 0.697589 0.584655 0.922279 0.654159 0.550934 0.683390 0.960040 0.855578 0.734910 0.764657 0.000000 0.487915 0.748217 0.650897 0.969819 0.936206 0.835796 0.750831 0.861025 0.932881 0.870811 0.933353 0.783907 0.797087 0.925150 0.912327 0.670293 0.614714 0.787509 0.971895 0.824041 0.986171 0.852567 0.933039 0.812910 0.851936 0.989842 0.940082 0.825931 0.795287 0.810174 0.747015 0.809190 0.911053 0.977952 0.983189 0.876185 0.789810 0.564353 0.696368 0.617261 0.671815 0.529717 0.637067 0.569216 0.609657 0.519004 0.451205 0.994838 0.807311 0.685696 0.690387 0.864992 0.753762 0.935297 0.712669 0.990281 0.951319 0.892262 0.912105 0.958535 0.983535 0.786851 0.914473 0.506662 0.553513 0.957509 0.633611 0.804818 0.878977 0.857263 0.993215 0.797186 0.690794 0.902113 0.858438 0.985663 0.891571 0.788769 0.895003 0.777900 0.924628 0.680474 0.740132 0.887776 0.944735 0.617171 0.770326 0.929569 0.755230 0.807857 0.852428 0.989513 0.943946 0.977343 0.827669 0.903850 0.954480 0.959351 0.914234
0.449945 0.693043 0.784891 0.728417 0.981438 0.989066 0.578371 0.575007 0.858153 0.580457 0.639848 0.763148 0.908180 0.890813 0.831173 0.750228 0.487915 0.000000 0.631929 0.619387 0.917774 0.978337 0.920242 0.739562 0.887132 0.931403 0.990438 0.917316 0.680238 0.676129 0.943157 0.950853 0.592791 0.565541 0.863344 0.834760 0.776504 0.996600 0.998985 0.973502 0.783289 0.797938 0.902765 0.913650 0.742503 0.676577 0.576918 0.644793 0.667766 0.811679 0.873046 0.939325 0.971159 0.872689 0.570813 0.557448 0.506030 0.625701 0.503627 0.641290 0.561992 0.665373 0.451872 0.432330 0.974044 0.914729 0.643231 0.688171 0.862649 0.705516 0.919830 0.773636 0.963002 0.876411 0.883468 0.983224 0.965277 0.991604 0.705610 0.959028 0.358408 0.402516 0.789371 0.449438 0.657895 0.860803 0.877404 0.989997 0.815685 0.564312 0.865274 0.894408 0.953899 0.884816 0.770601 0.887085 0.835971 0.914519 0.645649 0.692720 0.961712 0.827150 0.645938 0.749471 0.882505 0.702578 0.808701 0.968974 0.904114 0.948255 0.977346 0.748551 0.829599 0.927277 0.926241 0.800621
0.565363 0.682573 0.780498 0.597175 0.890117 0.951994 0.709949 0.708643 0.946911 0.786379 0.803272 0.770777 0.860614 0.794351 0.874749 0.987035 0.748217 0.631929 0.000000 0.593300 0.902496 0.916739 0.831774 0.912700 0.979220 0.977086 0.929505 0.950945 0.838410 0.873660 0.869498 0.714603 0.711188 0.713316 0.764402 0.893924 0.965845 0.905374 0.862203 0.774609 0.782923 0.801926 0.949870 0.919294 0.771910 0.719018 0.757134 0.720905 0.796063 0.781642 0.918044 0.880237 0.793189 0.908790 0.655669 0.684152 0.720829 0.770523 0.842574 0.869049 0.696625 0.875403 0.620398 0.659569 0.833556 0.995886 0.845183 0.948276 0.799576 0.762531 0.897796 0.939548 0.822358 0.856682 0.999129 0.986043 0.854410 0.845377 0.843352 0.988679 0.645688 0.613788 0.797005 0.805838 0.626949 0.778613 0.996336 0.897121 0.967042 0.724830 0.727334 0.848611 0.729687 0.920765 0.800430 0.979839 0.847759 0.903845 0.664026 0.570904 0.981762 0.887052 0.699613 0.841485 0.813340 0.666518 0.859772 0.858495 0.953050 0.921898 0.894238 0.728902 0.849207 0.992253 0.966135 0.740106
0.515728 0.612879 0.867341 0.722745 0.980417 0.974714 0.870546 0.768642 0.986281 0.932953 0.709577 0.746552 0.920942 0.826866 0.897281 0.992328 0.650897 0.619387 0.593300 0.000000 0.919025 0.900627 0.989667 0.994422 0.992498 0.931325 0.933008 0.936010 0.803575 0.898444 0.859941 0.925030 0.694764 0.778822 0.808456 0.984971 0.810214 0.879398 0.980375 0.931765 0.784257 0.895700 0.906907 0.908042 0.862064 0.735177 0.662000 0.661660 0.743501 0.662457 0.775147 0.727462 0.795557 0.990775 0.764320 0.738522 0.622008 0.634848 0.624843 0.625410 0.814709 0.821556 0.679163 0.649596 0.897224 0.912563 0.818869 0.851730 0.792684 0.787624 0.909700 0.969923 0.866046 0.864955 0.971318 0.990185 0.906894 0.996096 0.716370 0.952746 0.679502 0.645807 0.764944 0.733777 0.761980 0.774109 0.879331 0.978090 0.880952 0.609666 0.852108 0.997696 0.902117 0.981512 0.957512 0.987705 0.828951 0.858020 0.729664 0.725471 0.864948 0.946987 0.681725 0.769792 0.883675 0.785696 0.846987 0.888788 0.908489 0.982639 0.923995 0.688479 0.789426 0.994380 0.959874 0.785294
0.829347 0.834440 0.795677 0.857802 0.769288 0.978957 0.988249 0.881407 0.954475 0.875584 0.974730 0.935695 0.946279 0.969374 0.964495 0.953095 0.969819 0.917774 0.902496 0.919025 0.000000 0.919684 0.800479 0.800715 0.772745 0.716141 0.984420 0.741642 0.884537 0.781936 0.972990 0.822811 0.811600 0.987094 0.859992 0.945502 0.800881 0.798651 0.820451 0.989464 0.861123 0.977124 0.707922 0.749009 0.933604 0.969934 0.826348 0.905758 0.979585 0.912333 0.786194 0.842522 0.963275 0.945939 0.933150 0.958587 0.695159 0.831625 0.762624 0.909612 0.957587 0.927247 0.946386 0.901660 0.852861 0.884701 0.779236 0.835796 0.830030 0.847862 0.926768 0.964425 0.989577 0.745973 0.968369 0.907346 0.986206 0.982579 0.842094 0.897769 0.942765 0.973537 0.827463 0.986118 0.944570 0.946955 0.997363 0.820864 0.823922 0.867100 0.949543 0.969344 0.984852 0.867149 0.884412 0.734633 0.837632 0.888904 0.929965 0.996175 0.929079 0.941086 0.803890 0.857788 0.970685 0.946205 0.905255 0.849528 0.992452 0.866103 0.992860 0.853145 0.936598 0.966552 0.877574 0.809836
0.950832 0.808366 0.998587 0.963556 0.937182 0.846312 0.981164 0.876507 0.908729 0.975937 0.816756 0.836482 0.976564 0.976329 0.944084 0.932554 0.936206 0.978337 0.916739 0.900627 0.919684 0.000000 0.996777 0.994020 0.979261 0.927600 0.990666 0.798165 0.827769 0.862257 0.995206 0.784122 0.942660 0.887984 0.871673 0.991350 0.808089 0.787411 0.986384 0.957130 0.943978 0.896641 0.986484 0.953702 0.892596 0.971416 0.991203 0.966656 0.944420 0.882897 0.825148 0.823932 0.833734 0.803661 0.957496 0.992258 0.950220 0.881244 0.924800 0.864198 0.879245 0.934752 0.779891 0.849871 0.946890 0.951875 0.999663 0.974453 0.853986 0.902103 0.865916 0.857263 0.867316 0.826181 0.983830 0.850804 0.957288 0.859975 0.981529 0.918298 0.973544 0.932053 0.836911 0.968890 0.911352 0.924670 0.957630 0.975809 0.954245 0.975837 0.962597 0.900818 0.916165 0.875651 0.939048 0.927257 0.975229 0.890087 0.954256 0.956490 0.926042 0.880558 0.941835 0.972897 0.785510 0.916365 0.701989 0.861613 0.993038 0.948108 0.837555 0.948125 0.957370 0.872108 0.870982 0.858313
0.820596 0.906763 0.872794 0.887524 0.626044 0.866743 0.907985 0.797681 0.747991 0.882394 0.646777 0.677355 0.898164 0.910816 0.500903 0.737582 0.835796 0.920242 0.831774 0.989667 0.800479 0.996777 0.000000 0.391334 0.845486 0.900770 0.706182 0.970741 0.945033 0.951508 0.591545 0.548764 0.922518 0.873355 0.896079 0.877180 0.922606 0.952637 0.871819 0.788020 0.908270 0.939925 0.768088 0.773738 0.936900 0.871613 0.826534 0.878993 0.839162 0.908301 0.898078 0.759254 0.647481 0.564932 0.911243 0.907533 0.885210 0.906774 0.627533 0.766577 0.947034 0.756176 0.962610 0.842021 0.513816 0.960265 0.971674 0.848275 0.911907 0.818352 0.813971 0.857917 0.634833 0.673576 0.904437 0.973691 0.940910 0.935837 0.967977 0.899868 0.937794 0.939499 0.595064 0.896147 0.491699 0.620157 0.719727 0.508482 0.939368 0.987738 0.832139 0.714109 0.872644 0.822260 0.966113 0.997534 0.914499 0.708238 0.945898 0.923550 0.670845 0.926213 0.771662 0.857202 0.819679 0.994147 0.993564 0.980337 0.966933 0.933229 0.970832 0.991562 0.993053 0.867812 0.989971 0.822312
0.710968 0.852796 0.982325 0.976614 0.682135 0.902562 0.870661 0.729604 0.893782 0.727812 0.645917 0.805524 0.789440 0.717317 0.489450 0.587683 0.750831 0.739562 0.912700 0.994422 0.800715 0.994020 0.391334 0.000000 0.778411 0.865503 0.651446 0.964793 0.986943 0.986589 0.633549 0.532853 0.968376 0.766957 0.986735 0.932853 0.824860 0.941717 0.957440 0.728432 0.831242 0.864251 0.874203 0.877375 0.853220 0.804788 0.824106 0.812298 0.753291 0.975450 0.901233 0.759394 0.739039 0.623154 0.876346 0.864056 0.816087 0.823783 0.556173 0.777921 0.855577 0.787193 0.829990 0.713008 0.614430 0.873698 0.864641 0.851066 0.834608 0.723353 0.827805 0.881028 0.587316 0.605956 0.899176 0.934658 0.993493 0.964365 0.868348 0.874176 0.778790 0.887394 0.757728 0.910212 0.661052 0.612935 0.779211 0.570792 0.945074 0.932917 0.969095 0.804194 0.961209 0.889064 0.976741 0.913896 0.887068 0.736169 0.820707 0.941925 0.785732 0.973543 0.717557 0.794185 0.878194 0.879229 0.954340 0.978812 0.990953 0.897484 0.860733 0.899777 0.975544 0.866191 0.920197 0.890875
0.967839 0.919372 0.736383 0.739598 0.915443 0.903285 0.877189 0.614795 0.991618 0.501283 0.865197 0.697788 0.983842 0.971608 0.787085 0.993027 0.861025 0.887132 0.979220 0.992498 0.772745 0.979261 0.845486 0.778411 0.000000 0.385486 0.744093 0.609046 0.719778 0.676264 0.783448 0.922126 0.902981 0.752318 0.813889 0.860285 0.814376 0.710000 0.872972 0.987191 0.957905 0.835389 0.722995 0.685265 0.917483 0.961422 0.937443 0.976646 0.938610 0.775363 0.724380 0.638865 0.765525 0.661782 0.970023 0.972454 0.745638 0.922107 0.962435 0.884250 0.681934 0.591024 0.779498 0.667751 0.545564 0.981305 0.812996 0.968580 0.849126 0.978940 0.893032 0.924513 0.911273 0.989165 0.853125 0.939194 0.879244 0.847799 0.945915 0.754177 0.914844 0.910617 0.848939 0.914800 0.828768 0.748674 0.821798 0.908867 0.757717 0.880110 0.883840 0.751798 0.827298 0.643128 0.978699 0.779406 0.915302 0.934756 0.883991 0.955523 0.887037 0.777847 0.996856 0.984425 0.841652 0.886304 0.935679 0.784169 0.916263 0.968178 0.914444 0.944548 0.989895 0.779450 0.742753 0.776950
0.887669 0.848266 0.709610 0.694060 0.834072 0.958068 0.896262 0.693664 0.983474 0.547333 0.891796 0.726691 0.944799 0.939197 0.778041 0.998474 0.932881 0.931403 0.977086 0.931325 0.716141 0.927600 0.900770 0.865503 0.385486 0.000000 0.771322 0.613337 0.735570 0.629943 0.747335 0.997218 0.893668 0.799285 0.799900 0.894367 0.784891 0.667992 0.822871 0.993280 0.907535 0.888285 0.698380 0.686782 0.881433 0.993596 0.933516 0.899363 0.973545 0.746003 0.696910 0.636902 0.812462 0.694647 0.980163 0.961180 0.762303 0.861161 0.975707 0.998038 0.762310 0.712356 0.805057 0.747992 0.559689 0.939970 0.766154 0.967617 0.834208 0.961533 0.865284 0.951177 0.944712 0.918815 0.915199 0.977828 0.904945 0.810959 0.978869 0.747995 0.976589 0.961833 0.902629 0.973188 0.859491 0.722289 0.885838 0.939420 0.686725 0.864993 0.865331 0.782474 0.823846 0.653688 0.970957 0.770597 0.903205 0.901565 0.948833 0.941813 0.912053 0.715720 0.918747 0.866666 0.875284 0.879883 0.903317 0.815033 0.955333 0.992921 0.953862 0.916268 0.957182 0.824897 0.774252 0.804807
0.923840 0.934238 0.871521 0.931018 0.822042 0.970011 0.889594 0.740444 0.936221 0.758900 0.857957 0.871907 0.809731 0.695648 0.563625 0.747230 0.870811 0.990438 0.929505 0.933008 0.984420 0.990666 0.706182 0.651446 0.744093 0.771322 0.000000 0.742501 0.888685 0.998320 0.827231 0.802862 0.992061 0.777193 0.974624 0.918588 0.958562 0.974845 0.956007 0.907988 0.990937 0.951462 0.872174 0.914538 0.760601 0.782236 0.961838 0.841616 0.812546 0.953102 0.911472 0.798151 0.778417 0.775319 0.996069 0.919723 0.989569 0.975577 0.854507 0.877533 0.904489 0.818614 0.989204 0.885625 0.723538 0.980519 0.950050 0.724715 0.984632 0.916573 0.993964 0.926243 0.905877 0.844518 0.954591 0.951542 0.945025 0.937207 0.982294 0.905670 0.970984 0.950654 0.711880 0.879878 0.755763 0.720349 0.923126 0.750977 0.898607 0.927790 0.933882 0.961410 0.968551 0.941643 0.948306 0.959716 0.892020 0.868323 0.842393 0.889872 0.839286 0.996923 0.921101 0.981162 0.774015 0.993500 0.920339 0.964998 0.948692 0.982960 0.991876 0.987795 0.979957 0.748819 0.798851 0.939937
0.916636 0.961928 0.905221 0.890417 0.819408 0.865404 0.844130 0.731459 0.960315 0.660989 0.985371 0.863494 0.847883 0.854933 0.869259 0.905635 0.933353 0.917316 0.950945 0.936010 0.741642 0.798165 0.970741 0.964793 0.609046 0.613337 0.742501 0.000000 0.861858 0.815750 0.930077 0.937980 0.937790 0.860454 0.957329 0.940382 0.758520 0.655755 0.907629 0.987016 0.876679 0.967525 0.882157 0.835722 0.784060 0.849757 0.925581 0.990505 0.875821 0.987505 0.889366 0.834727 0.919467 0.873717 0.989404 0.927858 0.786162 0.973907 0.979585 0.915484 0.801900 0.774631 0.907754 0.825209 0.831302 0.996598 0.922211 0.856255 0.746454 0.998667 0.911938 0.980314 0.960457 0.862877 0.848919 0.995102 0.974244 0.900671 0.909565 0.835943 0.998985 0.938933 0.994021 0.939801 0.958113 0.876232 0.993095 0.997369 0.819981 0.920689 0.937529 0.939926 0.887809 0.806700 0.977471 0.793963 0.817341 0.880744 0.886356 0.981686 0.901138 0.858120 0.810190 0.891111 0.799338 0.956435 0.943542 0.766274 0.982741 0.973550 0.962317 0.978198 0.917521 0.872752 0.788130 0.796688
0.895198 0.881658 0.964440 0.984607 0.857105 0.992002 0.811918 0.674567 0.926565 0.671444 0.803432 0.747721 0.940882 0.885840 0.987994 0.986267 0.783907 0.680238 0.838410 0.803575 0.884537 0.827769 0.945033 0.986943 0.719778 0.735570 0.888685 0.861858 0.000000 0.442595 0.934214 0.792817 0.868646 0.628514 0.896589 0.834409 0.822130 0.725440 0.903224 0.842545 0.947954 0.881916 0.815107 0.799790 0.984608 0.987646 0.850467 0.951978 0.982875 0.781395 0.714595 0.738999 0.836646 0.678331 0.866462 0.800093 0.964810 0.871724 0.993598 0.947842 0.632732 0.637010 0.551556 0.631464 0.921817 0.848455 0.974209 0.921462 0.711920 0.885907 0.794398 0.744270 0.940023 0.791330 0.893835 0.903608 0.914964 0.875822 0.834166 0.941314 0.701920 0.731252 0.767328 0.669886 0.805831 0.816752 0.934981 0.828886 0.965009 0.830825 0.852927 0.652262 0.761800 0.609098 0.827414 0.984646 0.881580 0.858098 0.942513 0.999521 0.936943 0.611691 0.958059 0.965741 0.882079 0.922250 0.732666 0.694692 0.994324 0.973381 0.798314 0.924732 0.922954 0.951050 0.844311 0.664457
0.938817 0.931025 0.786361 0.839326 0.871271 0.939179 0.870014 0.649579 0.945937 0.600073 0.815593 0.689572 0.976088 0.904451 0.893134 0.938983 0.797087 0.676129 0.873660 0.898444 0.781936 0.862257 0.951508 0.986589 0.676264 0.629943 0.998320 0.815750 0.442595 0.000000 0.889748 0.794853 0.845992 0.595167 0.903324 0.846880 0.775187 0.749729 0.951885 0.927656 0.999033 0.853972 0.834041 0.802804 0.888672 0.916000 0.866759 0.943100 0.864899 0.855749 0.823762 0.750916 0.820408 0.666987 0.802243 0.816384 0.996982 0.903186 0.964547 0.898440 0.680831 0.604300 0.556406 0.579978 0.752857 0.866058 0.966065 0.814778 0.667296 0.901263 0.832416 0.755404 0.889927 0.829245 0.996610 0.908747 0.852561 0.838685 0.934885 0.998437 0.732312 0.724548 0.763182 0.694178 0.868736 0.923541 0.976193 0.856543 0.947033 0.895576 0.796286 0.625778 0.718988 0.543549 0.853612 0.836539 0.869779 0.818451 0.944702 0.991833 0.944414 0.689416 0.904647 0.942365 0.935673 0.954773 0.674955 0.765429 0.907919 0.986695 0.914608 0.988408 0.954577 0.973344 0.830867 0.681971
0.945764 0.984931 0.867607 0.837305 0.923266 0.969258 0.918214 0.905922 0.922372 0.929903 0.820736 0.756104 0.961526 0.908980 0.710501 0.852495 0.925150 0.943157 0.869498 0.859941 0.972990 0.995206 0.591545 0.633549 0.783448 0.747335 0.827231 0.930077 0.934214 0.889748 0.000000 0.652601 0.768507 0.982663 0.852256 0.856381 0.931057 0.776467 0.995426 0.906061 0.871182 0.919377 0.986477 0.984208 0.978148 0.943771 0.973675 0.910360 0.940614 0.780992 0.790193 0.733956 0.792448 0.713290 0.962135 0.946975 0.913510 0.970027 0.889966 0.977921 0.978601 0.874433 0.932725 0.983213 0.677727 0.964141 0.871583 0.876387 0.893315 0.778225 0.717183 0.950252 0.756481 0.829583 0.893121 0.919062 0.971612 0.916598 0.921334 0.880420 0.889964 0.866344 0.753458 0.880965 0.615916 0.696498 0.856279 0.701569 0.992159 0.919878 0.884668 0.869910 0.882659 0.853851 0.869593 0.894856 0.971612 0.886175 0.926379 0.918123 0.838632 0.969692 0.909097 0.914806 0.913492 0.928144 0.987130 0.873565 0.980040 0.891554 0.903546 0.963040 0.999364 0.992425 0.850150 0.900098
0.856694 0.912329 0.974795 0.992735 0.782830 0.882284 0.963559 0.893546 0.984615 0.930634 0.750938 0.851223 0.999460 0.789071 0.689791 0.767202 0.912327 0.950853 0.714603 0.925030 0.822811 0.784122 0.548764 0.532853 0.922126 0.997218 0.802862 0.937980 0.792817 0.794853 0.652601 0.000000 0.937531 0.942389 0.951755 0.726877 0.759011 0.858473 0.892578 0.711089 0.882166 0.978097 0.908777 0.913406 0.974813 0.953650 0.907285 0.954876 0.981638 0.945194 0.993764 0.916094 0.769117 0.816296 0.996353 0.944191 0.901745 0.845538 0.676154 0.833710 0.913634 0.847283 0.983836 0.893148 0.810488 0.980709 0.812740 0.957594 0.835575 0.773757 0.789880 0.941611 0.685435 0.644850 0.892858 0.917902 0.930905 0.929009 0.959072 0.777941 0.917795 0.984360 0.687518 0.969827 0.688840 0.789164 0.800954 0.574605 0.838969 0.994828 0.967355 0.956706 0.967193 0.993226 0.922282 0.979557 0.838298 0.726749 0.940927 0.897459 0.939441 0.871374 0.831536 0.850958 0.947008 0.967137 0.881362 0.938713 0.875326 0.828638 0.840695 0.910343 0.962315 0.884068 0.940095 0.811886
0.530076 0.685586 0.643079 0.603085 0.965594 0.978191 0.551927 0.690373 0.830048 0.782868 0.742477 0.954904 0.962071 0.852302 0.920802 0.862646 0.670293 0.592791 0.711188 0.694764 0.811600 0.942660 0.922518 0.968376 0.902981 0.893668 0.992061 0.937790 0.868646 0.845992 0.768507 0.937531 0.000000 0.622932 0.811079 0.897794 0.838254 0.855876 0.994760 0.983151 0.785555 0.745556 0.854526 0.804857 0.729272 0.668904 0.740932 0.705526 0.810703 0.800203 0.876354 0.917901 0.954166 0.973430 0.745655 0.775715 0.571118 0.782176 0.717545 0.826460 0.635638 0.811886 0.667639 0.691742 0.802669 0.864995 0.533636 0.629371 0.816600 0.843191 0.966357 0.895204 0.906172 0.954032 0.964930 0.988829 0.840464 0.994278 0.718338 0.931570 0.595897 0.577198 0.846178 0.698959 0.631117 0.773543 0.880516 0.925589 0.948903 0.723523 0.628997 0.828943 0.742235 0.850176 0.874915 0.710336 0.624805 0.887215 0.694713 0.724486 0.971526 0.939867 0.747859 0.691555 0.884327 0.788802 0.787098 0.795604 0.840126 0.822771 0.899547 0.729351 0.783138 0.937021 0.996670 0.972802
0.578545 0.854298 0.893149 0.792520 0.992422 0.976635 0.574919 0.434423 0.894154 0.530817 0.521302 0.600247 0.926701 0.933917 0.709581 0.847174 0.614714 0.565541 0.713316 0.778822 0.987094 0.887984 0.873355 0.766957 0.752318 0.799285 0.777193 0.860454 0.628514 0.595167 0.982663 0.942389 0.622932 0.000000 0.860999 0.949638 0.969583 0.908551 0.953805 0.957961 0.781505 0.888402 0.932837 0.960783 0.723260 0.672402 0.817140 0.756203 0.791908 0.918398 0.813750 0.722070 0.713228 0.656455 0.665005 0.744785 0.808506 0.964269 0.776167 0.877129 0.450838 0.522700 0.439591 0.429626 0.865055 0.851445 0.710184 0.673671 0.989132 0.855367 0.808730 0.737229 0.998563 0.941482 0.973566 0.983982 0.944144 0.964167 0.852966 0.846703 0.557502 0.599957 0.920625 0.666959 0.815062 0.910389 0.938009 0.996863 0.996949 0.773046 0.824757 0.872011 0.914155 0.799561 0.770838 0.969542 0.900934 0.946677 0.653602 0.722302 0.922317 0.792967 0.727539 0.801517 0.953405 0.861139 0.703810 0.929274 0.871180 0.917383 0.775329 0.707952 0.861756 0.834888 0.770416 0.751249
0.767301 0.840882 0.622547 0.668341 0.973724 0.787836 0.765582 0.945246 0.863778 0.977920 0.833554 0.992075 0.891343 0.994792 0.970360 0.807975 0.787509 0.863344 0.764402 0.808456 0.859992 0.871673 0.896079 0.986735 0.813889 0.799900 0.974624 0.957329 0.896589 0.903324 0.852256 0.951755 0.811079 0.860999 0.000000 0.991475 0.982049 0.949127 0.917672 0.883743 0.728217 0.786227 0.883852 0.875543 0.810925 0.795657 0.979840 0.868639 0.905719 0.840617 0.847548 0.857380 0.938780 0.831417 0.994456 0.851763 0.814673 0.883780 0.904380 0.985896 0.863429 0.947786 0.819772 0.858013 0.681669 0.987848 0.697710 0.894567 0.812272 0.841995 0.880132 0.976023 0.954625 0.995621 0.982261 0.866754 0.983138 0.982343 0.926788 0.978243 0.798285 0.850309 0.904155 0.873125 0.780952 0.779433 0.977873 0.958112 0.978558 0.868356 0.803111 0.790671 0.726721 0.772050 0.815031 0.884830 0.908343 0.868056 0.802645 0.742782 0.950522 0.848816 0.821050 0.842231 0.905077 0.744299 0.937366 0.704511 0.936764 0.860166 0.946594 0.892057 0.956454 0.862582 0.884770 0.944547
0.970927 0.947494 0.998322 0.971610 0.958679 0.967287 0.964967 0.969471 0.912868 0.986291 0.942315 0.954159 0.947818 0.960156 0.940962 0.960316 0.971895 0.834760 0.893924 0.984971 0.945502 0.991350 0.877180 0.932853 0.860285 0.894367 0.918588 0.940382 0.834409 0.846880 0.856381 0.726877 0.897794 0.949638 0.991475 0.000000 0.961998 0.987340 0.934571 0.932340 0.958578 0.972279 0.852116 0.932528 0.852244 0.872868 0.885470 0.768736 0.843837 0.890906 0.969097 0.970439 0.893090 0.932402 0.870647 0.898922 0.905754 0.971710 0.963755 0.936878 0.962842 0.907839 0.909640 0.993876 0.909444 0.940048 0.964679 0.910392 0.896348 0.908580 0.999435 0.965310 0.960574 0.981307 0.998206 0.986458 0.971514 0.919850 0.888083 0.911806 0.905387 0.920174 0.775809 0.867060 0.815170 0.918983 0.992476 0.786539 0.942964 0.920199 0.970665 0.981674 0.991855 0.969520 0.817857 0.974896 0.951684 0.853353 0.912392 0.927640 0.987709 0.877649 0.969406 0.950924 0.904304 0.975307 0.866401 0.883684 0.971299 0.986952 0.966014 0.967191 0.956782 0.992354 0.955313 0.951508
0.737978 0.796534 0.799614 0.879500 0.939295 0.903812 0.969509 0.877436 0.986380 0.880788 0.931249 0.825841 0.837525 0.735016 0.972482 0.863916 0.824041 0.776504 0.965845 0.810214 0.800881 0.808089 0.922606 0.824860 0.814376 0.784891 0.958562 0.758520 0.822130 0.775187 0.931057 0.759011 0.838254 0.969583 0.982049 0.961998 0.000000 0.614873 0.904374 0.805853 0.860795 0.750124 0.936227 0.929886 0.918709 0.946401 0.867022 0.903798 0.931963 0.797901 0.758917 0.693069 0.791506 0.861825 0.807397 0.782370 0.619426 0.589069 0.654314 0.741189 0.903384 0.865798 0.965794 0.965765 0.862568 0.884014 0.829749 0.988234 0.627513 0.739393 0.987669 0.927831 0.932474 0.825278 0.899770 0.867134 0.968692 0.876873 0.760572 0.891788 0.832410 0.847079 0.878390 0.786595 0.859518 0.997311 0.986160 0.932074 0.845285 0.663783 0.865788 0.912081 0.900005 0.845428 0.988747 0.871998 0.760128 0.892061 0.942402 0.947193 0.936965 0.877941 0.695199 0.849436 0.742907 0.765009 0.916393 0.746721 0.973338 0.811187 0.939164 0.951291 0.949866 0.990522 0.765877 0.829269
0.801493 0.773376 0.872246 0.937286 0.731200 0.897796 0.906463 0.740223 0.895937 0.702023 0.928195 0.738004 0.929909 0.875442 0.949791 0.932297 0.986171 0.996600 0.905374 0.879398 0.798651 0.787411 0.952637 0.941717 0.710000 0.667992 0.974845 0.655755 0.725440 0.749729 0.776467 0.858473 0.855876 0.908551 0.949127 0.987340 0.614873 0.000000 0.925969 0.874378 0.861617 0.748060 0.819702 0.836256 0.938980 0.973226 0.891468 0.869887 0.867860 0.699931 0.625782 0.634159 0.826265 0.746802 0.945163 0.947460 0.640327 0.734148 0.768741 0.840253 0.745048 0.748227 0.811743 0.835039 0.892966 0.890307 0.855134 0.951430 0.687247 0.891342 0.828533 0.861061 0.963126 0.910774 0.805566 0.960756 0.912552 0.865641 0.912987 0.855493 0.977986 0.998613 0.979802 0.976256 0.967502 0.986875 0.931064 0.999101 0.841434 0.850594 0.928789 0.845780 0.825696 0.749855 0.991783 0.898654 0.775927 0.856805 0.996254 0.947092 0.920663 0.870927 0.866636 0.783641 0.830223 0.785250 0.797689 0.671019 0.965760 0.819100 0.997875 0.959172 0.973077 0.965305 0.754234 0.799906
