0.000000 0.484189 0.825272 0.789854 0.993554 0.979569 0.786827 0.791167 0.848179 0.995544 0.715846 0.707139 0.983056 0.966151 0.869599 0.990661 0.584882 0.521731 0.537631 0.571832 0.883911 0.942008 0.869341 0.997697 0.765438 0.806291 0.980230 0.894646 0.710214 0.817122 0.880423 0.974750 0.692813 0.513237 0.823356 0.928315 0.859101 0.916298 0.813322 0.897258 0.932869 0.793157 0.632842 0.529775 0.948137 0.817762 0.674733 0.683257 0.902502 0.910509 0.956149 0.967075 0.803307 0.665220 0.783078 0.917571 0.427728 0.493745 0.487597 0.580294 0.766320 0.767936 0.712198 0.742983 0.793181 0.762153 0.619722 0.641400 0.613315 0.632371 0.724683 0.846963 0.620274 0.655719 0.979341 0.863886 0.640393 0.711827 0.825438 0.696151 0.560397 0.537555 0.871344 0.671730 0.787722 0.795269 0.772428 0.994877 0.894933 0.692165 0.860267 0.914859 0.890472 0.979135 0.929355 0.785927 0.710410 0.802611 0.877374 0.748290 0.777767 0.915755 0.743586 0.603436 0.816946 0.894326 0.913144 0.981084 0.869670 0.688548 0.758614 0.943372 0.873229 0.975787 0.782730 0.741001
0.484189 0.000000 0.982657 0.812060 0.999494 0.952923 0.931171 0.690305 0.783306 0.817206 0.847483 0.527653 0.903465 0.837906 0.967278 0.783219 0.554441 0.498565 0.610136 0.572822 0.909952 0.965921 0.962673 0.972009 0.887518 0.957812 0.891009 0.888716 0.610541 0.706638 0.797991 0.927842 0.583632 0.494676 0.880128 0.986246 0.800766 0.791466 0.947842 0.911132 0.929843 0.835173 0.578343 0.483704 0.718486 0.628767 0.590972 0.528098 0.770012 0.776596 0.767478 0.837702 0.973498 0.860836 0.736962 0.916892 0.397296 0.362969 0.563506 0.680338 0.706638 0.620029 0.595199 0.530206 0.864940 0.845155 0.696690 0.651776 0.782871 0.548345 0.540564 0.666540 0.742045 0.731873 0.951729 0.916100 0.572197 0.747112 0.630704 0.694237 0.466135 0.536484 0.776761 0.655010 0.853218 0.847755 0.895426 0.995580 0.831263 0.789868 0.861508 0.828397 0.925968 0.896038 0.789425 0.784516 0.664749 0.741212 0.691861 0.730689 0.786730 0.894368 0.681982 0.716966 0.789490 0.836320 0.937461 0.990857 0.899872 0.736572 0.720118 0.826704 0.832423 0.856222 0.734035 0.898781
0.825272 0.982657 0.000000 0.439790 0.920249 0.972613 0.349220 0.731928 0.721367 0.846702 0.932055 0.811015 0.688221 0.966206 0.919822 0.956885 0.946763 0.873669 0.710242 0.962613 0.710067 0.835956 0.766378 0.729341 0.489821 0.527974 0.905752 0.930520 0.830549 0.760772 0.837989 0.957861 0.739552 0.801717 0.754377 0.929683 0.863751 0.972445 0.790047 0.788084 0.969257 0.897105 0.690391 0.797277 0.855409 0.917899 0.674679 0.796650 0.809626 0.986512 0.840393 0.900353 0.994031 0.892169 0.897381 0.920262 0.984380 0.887653 0.643303 0.815362 0.691595 0.988178 0.924147 0.746042 0.381563 0.540527 0.537324 0.582923 0.939403 0.796196 0.950627 0.995768 0.877043 0.901452 0.878696 0.990419 0.926332 0.954517 0.927998 0.939913 0.961136 0.884838 0.961501 0.915038 0.584090 0.674476 0.750266 0.968011 0.730853 0.798322 0.719330 0.698238 0.729476 0.577886 0.894585 0.799433 0.947692 0.901974 0.928041 0.837146 0.774456 0.843818 0.872599 0.959018 0.754547 0.815732 0.966271 0.993486 0.811960 0.950567 0.965706 0.984686 0.960000 0.792249 0.818741 0.684049
0.789854 0.812060 0.439790 0.000000 0.966700 0.847837 0.430893 0.549016 0.827423 0.898184 0.997944 0.957020 0.762466 0.934194 0.919431 0.857394 0.966255 0.972760 0.741621 0.894553 0.733007 0.916336 0.655396 0.577200 0.669267 0.549431 0.926363 0.876662 0.856511 0.789279 0.853874 0.982412 0.675860 0.700872 0.760742 0.940945 0.845899 0.945084 0.756701 0.870872 0.943731 0.871555 0.715583 0.759635 0.919556 0.991061 0.684298 0.745014 0.863294 0.949992 0.725020 0.777086 0.970488 0.865616 0.839655 0.867535 0.884870 0.927684 0.683741 0.789813 0.667752 0.798621 0.916513 0.992256 0.384445 0.408181 0.511608 0.448972 0.878467 0.846991 0.917365 0.793850 0.782860 0.786190 0.874513 0.951571 0.808533 0.800525 0.980416 0.943781 0.817872 0.802944 0.906694 0.853845 0.529695 0.570115 0.909562 0.977627 0.869156 0.681118 0.672516 0.694808 0.688674 0.649534 0.990153 0.738294 0.885506 0.909428 0.752397 0.701705 0.666304 0.767114 0.924390 0.972820 0.629525 0.727549 0.897522 0.872899 0.778221 0.931608 0.868923 0.977587 0.918887 0.841897 0.765910 0.697264
0.993554 0.999494 0.920249 0.966700 0.000000 0.898031 0.824344 0.863388 0.751235 0.958482 0.783476 0.916949 0.726352 0.865536 0.842423 0.914756 0.960625 0.903640 0.981701 0.993769 0.776794 0.743073 0.733777 0.831793 0.964335 0.892236 0.948178 0.935368 0.959783 0.995769 0.946759 0.992494 0.966058 0.937137 0.968673 0.791430 0.961903 0.980383 0.992774 0.991406 0.955406 0.930964 0.884899 0.955782 0.830656 0.947698 0.993515 0.993331 0.976601 0.914222 0.938780 0.943263 0.959853 0.856434 0.927938 0.951686 0.983951 0.960609 0.903843 0.916229 0.707263 0.819945 0.785667 0.895347 0.881477 0.777696 0.869817 0.871534 0.910208 0.926675 0.970977 0.883773 0.887938 0.979444 0.955631 0.928507 0.913458 0.918852 0.887383 0.840035 0.825115 0.785690 0.786647 0.697308 0.655498 0.591318 0.937666 0.707187 0.820432 0.814211 0.926701 0.977796 0.975500 0.986664 0.930642 0.974255 0.923251 0.987612 0.959297 0.854243 0.882290 0.959338 0.937243 0.896918 0.825044 0.986638 0.960685 0.992835 0.951677 0.932611 0.947608 0.924116 0.850625 0.998107 0.887420 0.995260
0.979569 0.952923 0.972613 0.847837 0.898031 0.000000 0.980598 0.932240 0.946592 0.942867 0.965772 0.971177 0.982549 0.910799 0.989303 0.767423 0.838202 0.921297 0.979046 0.968178 0.884489 0.910753 0.753057 0.810550 0.927717 0.838063 0.942857 0.854693 0.915137 0.873214 0.786836 0.943898 0.981867 0.994394 0.866249 0.934635 0.764391 0.905637 0.908015 0.930894 0.885141 0.965200 0.951009 0.886925 0.956295 0.991617 0.950979 0.895789 0.969185 0.990284 0.973131 0.903017 0.981370 0.980697 0.881995 0.846653 0.963535 0.987381 0.842685 0.935574 0.982207 0.938490 0.948774 0.990197 0.907931 0.880912 0.902391 0.832365 0.890597 0.920071 0.821469 0.869866 0.866600 0.789471 0.962142 0.902123 0.982849 0.815912 0.956920 0.949435 0.982497 0.966439 0.980946 0.990548 0.869682 0.857409 0.902728 0.831568 0.913868 0.934542 0.831589 0.904752 0.741673 0.965549 0.878799 0.882726 0.944134 0.889091 0.878161 0.998687 0.791900 0.979776 0.961457 0.944238 0.777424 0.931133 0.964116 0.949050 0.913338 0.960464 0.932953 0.961000 0.988465 0.969224 0.958570 0.924827
0.786827 0.931171 0.349220 0.430893 0.824344 0.980598 0.000000 0.566591 0.664104 0.881643 0.897727 0.933710 0.598508 0.906884 0.867738 0.963637 0.933205 0.920376 0.770264 0.939694 0.737626 0.966735 0.711119 0.768248 0.648776 0.601016 0.929551 0.976340 0.858841 0.772706 0.951948 0.932468 0.726192 0.749519 0.740942 0.969049 0.956884 0.896632 0.889167 0.815292 0.996906 0.960743 0.786595 0.812600 0.862492 0.936114 0.775202 0.831693 0.757407 0.974137 0.838188 0.808199 0.967399 0.907697 0.984219 0.997287 0.964545 0.932891 0.590702 0.679509 0.518916 0.814941 0.950850 0.896424 0.389184 0.439499 0.525118 0.536782 0.866814 0.756824 0.879899 0.910266 0.870547 0.856045 0.946202 0.976575 0.886538 0.922706 0.949759 0.961283 0.847839 0.832746 0.999391 0.878845 0.484828 0.608322 0.820471 0.961011 0.656230 0.667286 0.673255 0.699327 0.775796 0.621612 0.923454 0.826567 0.912789 0.833182 0.842520 0.702555 0.792373 0.763671 0.851300 0.960572 0.661579 0.796302 0.926615 0.998043 0.745130 0.973737 0.881291 0.993315 0.961122 0.781363 0.772922 0.672005
0.791167 0.690305 0.731928 0.549016 0.863388 0.932240 0.566591 0.000000 0.906426 0.775769 0.951269 0.671768 0.668488 0.712938 0.848103 0.738033 0.946501 0.837432 0.898962 0.817237 0.919387 0.960469 0.725176 0.801262 0.950262 0.967283 0.949971 0.998786 0.875039 0.952496 0.989272 0.962339 0.686572 0.607094 0.836366 0.986079 0.950135 0.987724 0.922875 0.919550 0.912004 0.846751 0.832986 0.778783 0.924789 0.853469 0.780843 0.714322 0.973865 0.890847 0.571146 0.517563 0.774798 0.937327 0.856750 0.998357 0.892648 0.807275 0.625306 0.617827 0.446076 0.406357 0.630537 0.604260 0.596950 0.495984 0.610062 0.506345 0.740127 0.953769 0.925978 0.840243 0.809294 0.778222 0.959653 0.979263 0.717903 0.778295 0.809503 0.946977 0.606863 0.804159 0.838893 0.805583 0.608411 0.687154 0.953198 0.927546 0.908875 0.638971 0.623124 0.792953 0.782120 0.790925 0.827797 0.799805 0.778691 0.966703 0.538188 0.528224 0.643563 0.775296 0.797640 0.882302 0.570817 0.717906 0.917021 0.851135 0.794537 0.820899 0.745181 0.820412 0.869420 0.974969 0.666732 0.809736
0.848179 0.783306 0.721367 0.827423 0.751235 0.946592 0.664104 0.906426 0.000000 0.999473 0.975554 0.742174 0.840298 0.932638 0.951888 0.919676 0.676627 0.657222 0.852537 0.701674 0.932430 0.977573 0.724313 0.924473 0.895464 0.744986 0.904917 0.983326 0.733259 0.613560 0.991526 0.779676 0.998051 0.858519 0.802844 0.879361 0.880923 0.986439 0.984009 0.942154 0.931835 0.898597 0.937888 0.876037 0.908513 0.971781 0.911114 0.971980 0.949773 0.938905 0.897788 0.781551 0.748401 0.742027 0.898895 0.871217 0.710433 0.689873 0.942036 0.973666 0.846583 0.975514 0.792419 0.707211 0.709302 0.797624 0.856518 0.862870 0.816117 0.604593 0.807209 0.632965 0.752194 0.813536 0.987568 0.972881 0.812837 0.927138 0.760605 0.759956 0.805354 0.850049 0.956401 0.995986 0.713208 0.810681 0.969581 0.882767 0.701953 0.870684 0.616200 0.652616 0.653117 0.684760 0.856950 0.949887 0.862408 0.895281 0.923535 0.905644 0.995758 0.851290 0.729254 0.906338 0.925692 0.910031 0.925384 0.981882 0.992694 0.806924 0.742823 0.925490 0.886415 0.883254 0.923472 0.881867
0.995544 0.817206 0.846702 0.898184 0.958482 0.942867 0.881643 0.775769 0.999473 0.000000 0.855448 0.886395 0.900665 0.979387 0.929808 0.952426 0.801739 0.841775 0.957750 0.863143 0.751784 0.967007 0.969883 0.860573 0.892620 0.811845 0.819641 0.956624 0.628716 0.702784 0.771461 0.942037 0.747573 0.803403 0.913328 0.984780 0.860469 0.834876 0.774451 0.987919 0.913324 0.894624 0.866966 0.750384 0.620116 0.615507 0.871755 0.771415 0.544211 0.622012 0.597121 0.666969 0.601432 0.627230 0.811434 0.994338 0.873534 0.831043 0.922842 0.930136 0.961637 0.785403 0.802737 0.741836 0.826771 0.796726 0.990316 0.995140 0.911579 0.862600 0.905663 0.911275 0.942817 0.955973 0.872420 0.984080 0.997773 0.882477 0.973030 0.999267 0.821264 0.941931 0.900530 0.970606 0.805855 0.787905 0.881501 0.950746 0.908141 0.842795 0.986006 0.925954 0.941590 0.889374 0.850625 0.843660 0.809600 0.884619 0.739616 0.922785 0.769245 0.935773 0.608880 0.835062 0.934724 0.914823 0.797585 0.956231 0.935883 0.825400 0.835142 0.809138 0.965108 0.856048 0.960578 0.939169
0.715846 0.847483 0.932055 0.997944 0.783476 0.965772 0.897727 0.951269 0.975554 0.855448 0.000000 0.815393 0.860437 0.989848 0.915791 0.900572 0.582943 0.583427 0.652786 0.649128 0.811768 0.994927 0.901937 0.856436 0.993840 0.877765 0.931838 0.859623 0.641166 0.677722 0.799842 0.990501 0.729753 0.662551 0.989565 0.919554 0.980645 0.899653 0.918416 0.946456 0.985835 0.942650 0.964606 0.841711 0.957514 0.946476 0.971790 0.974294 0.951475 0.892165 0.967067 0.848105 0.912864 0.983998 0.977101 0.885012 0.723471 0.830916 0.846119 0.938705 0.817466 0.978992 0.665427 0.836063 0.914202 0.958243 0.938239 0.887862 0.902707 0.793827 0.917749 0.899038 0.586943 0.728154 0.944730 0.792794 0.957424 0.821875 0.830310 0.759854 0.708552 0.725037 0.945724 0.833323 0.973852 0.944956 0.721920 0.932796 0.864244 0.934950 0.648593 0.651369 0.746952 0.715988 0.943929 0.847818 0.965027 0.965630 0.923185 0.988691 0.982127 0.967894 0.897397 0.880023 0.971830 0.796273 0.919609 0.723247 0.957222 0.819160 0.923933 0.957487 0.808848 0.999914 0.950603 0.987163
0.707139 0.527653 0.811015 0.957020 0.916949 0.971177 0.933710 0.671768 0.742174 0.886395 0.815393 0.000000 0.724715 0.551617 0.743508 0.615909 0.578747 0.476310 0.768865 0.558546 0.919998 0.928383 0.917012 0.919408 0.758339 0.788059 0.899983 0.874198 0.512971 0.550356 0.956772 0.836844 0.704059 0.571935 0.980427 0.956664 0.996898 0.930230 0.813361 0.987797 0.913376 0.903705 0.891032 0.714438 0.823683 0.706361 0.864132 0.739570 0.955886 0.978016 0.825646 0.871915 0.968505 0.945707 0.891260 0.893832 0.580874 0.497918 0.784888 0.762091 0.580455 0.477267 0.432000 0.344144 0.967930 0.858974 0.938218 0.772873 0.946330 0.668632 0.790550 0.755827 0.818799 0.845422 0.923179 0.861559 0.713793 0.755184 0.522658 0.691960 0.443029 0.526439 0.617450 0.675893 0.857995 0.831080 0.844627 0.844416 0.765937 0.905859 0.802638 0.667561 0.733341 0.658086 0.786328 0.801359 0.787041 0.781789 0.859836 0.789794 0.910080 0.895927 0.657090 0.863005 0.825361 0.909453 0.974473 0.940950 0.952234 0.703935 0.691963 0.845303 0.933549 0.766465 0.737611 0.984475
0.983056 0.903465 0.688221 0.762466 0.726352 0.982549 0.598508 0.668488 0.840298 0.900665 0.860437 0.724715 0.000000 0.487871 0.493959 0.578936 0.899340 0.856699 0.862929 0.820494 0.886720 0.918154 0.630319 0.753467 0.960051 0.955485 0.997076 0.999995 0.869074 0.861927 0.890100 0.822352 0.744336 0.789575 0.869457 0.978026 0.918965 0.919712 0.853416 0.850462 0.864940 0.907180 0.985484 0.939419 0.996422 0.938674 0.872813 0.835532 0.741087 0.984243 0.835348 0.817991 0.903859 0.848680 0.986987 0.828504 0.997792 0.931617 0.878674 0.827638 0.411670 0.708687 0.686006 0.784475 0.695974 0.720066 0.925327 0.774217 0.658871 0.897499 0.910115 0.956521 0.872749 0.874171 0.957700 0.853411 0.943650 0.941732 0.728938 0.755606 0.710711 0.692366 0.730421 0.793992 0.570121 0.706231 0.866943 0.762100 0.881437 0.959516 0.956291 0.902975 0.884483 0.973981 0.933384 0.905105 0.836635 0.908502 0.923662 0.873914 0.981260 0.845180 0.970244 0.855264 0.848194 0.834396 0.987988 0.771293 0.965231 0.968804 0.935538 0.926751 0.841318 0.968292 0.742021 0.876131
0.966151 0.837906 0.966206 0.934194 0.865536 0.910799 0.906884 0.712938 0.932638 0.979387 0.989848 0.551617 0.487871 0.000000 0.434264 0.412935 0.815260 0.745675 0.984754 0.810773 0.979151 0.932757 0.732211 0.799056 0.837277 0.767873 0.930051 0.995391 0.707476 0.640945 0.889170 0.735436 0.751572 0.740107 0.987063 0.888941 0.908853 0.983569 0.675398 0.918240 0.828413 0.895129 0.986391 0.870395 0.870092 0.789285 0.899206 0.810667 0.852464 0.971679 0.778940 0.818004 0.879711 0.815846 0.958657 0.775089 0.947385 0.842366 0.977333 0.900400 0.552620 0.639769 0.588893 0.560221 0.926780 0.847871 0.940931 0.892264 0.691609 0.926859 0.912322 0.919150 0.935975 0.930718 0.973474 0.836087 0.936916 0.957160 0.691089 0.705140 0.670531 0.705987 0.587082 0.800420 0.748692 0.791799 0.692972 0.787388 0.987438 0.923724 0.879411 0.721397 0.703697 0.763349 0.886126 0.885323 0.939661 0.943609 0.901619 0.905338 0.934708 0.951024 0.897646 0.910639 0.926907 0.908422 0.950305 0.795479 0.902404 0.867211 0.851002 0.836338 0.984253 0.840137 0.761632 0.978754
0.869599 0.967278 0.919822 0.919431 0.842423 0.989303 0.867738 0.848103 0.951888 0.929808 0.915791 0.743508 0.493959 0.434264 0.000000 0.521098 0.898304 0.847442 0.955390 0.970961 0.904341 0.934660 0.586799 0.752927 0.957749 0.908150 0.971471 0.906978 0.800266 0.741103 0.765958 0.596238 0.756636 0.834386 0.938872 0.877326 0.924613 0.933385 0.780806 0.948482 0.857282 0.926452 0.971747 0.915280 0.814907 0.796589 0.792539 0.760870 0.875648 0.915466 0.830899 0.809315 0.855510 0.732347 0.995143 0.913408 0.979215 0.949625 0.926916 0.938119 0.647764 0.792931 0.751878 0.764747 0.855329 0.858346 0.990678 0.874335 0.682260 0.981423 0.845147 0.966695 0.927004 0.971741 0.985767 0.845733 0.970465 0.918745 0.731946 0.757096 0.780220 0.770246 0.614768 0.819278 0.694850 0.723573 0.636187 0.709726 0.947167 0.985579 0.965314 0.842609 0.816507 0.888718 0.959438 0.856781 0.893229 0.986173 0.878321 0.896238 0.964293 0.964462 0.989993 0.902615 0.900925 0.922349 0.954818 0.793374 0.896128 0.965547 0.923746 0.793465 0.962744 0.903709 0.783377 0.904177
0.990661 0.783219 0.956885 0.857394 0.914756 0.767423 0.963637 0.738033 0.919676 0.952426 0.900572 0.615909 0.578936 0.412935 0.521098 0.000000 0.941371 0.813437 0.938906 0.835128 0.978513 0.863242 0.578820 0.610030 0.921552 0.934119 0.962240 0.974323 0.806518 0.785380 0.769152 0.700807 0.803526 0.753310 0.999957 0.892422 0.875042 0.831999 0.825831 0.903146 0.923465 0.854606 0.983205 0.921197 0.810401 0.743922 0.878465 0.709962 0.939980 0.929765 0.771745 0.813476 0.883513 0.828142 0.967883 0.913460 0.868670 0.805107 0.902739 0.997960 0.665501 0.656536 0.665547 0.601158 0.882011 0.796541 0.985852 0.791208 0.710323 0.874997 0.904160 0.784987 0.861947 0.831036 0.992163 0.850257 0.898479 0.911315 0.652100 0.756805 0.708233 0.700153 0.569779 0.780461 0.694908 0.714709 0.667705 0.707798 0.870230 0.967049 0.969553 0.828467 0.834350 0.859340 0.948277 0.855934 0.944222 0.888465 0.863680 0.872322 0.922910 0.981334 0.904570 0.864091 0.859689 0.810046 0.971932 0.918951 0.951669 0.877438 0.856759 0.815549 0.974001 0.827442 0.736637 0.941704
0.584882 0.554441 0.946763 0.966255 0.960625 0.838202 0.933205 0.946501 0.676627 0.801739 0.582943 0.578747 0.899340 0.815260 0.898304 0.941371 0.000000 0.366718 0.533970 0.487888 0.997939 0.917732 0.846867 0.908085 0.983233 0.921494 0.950731 0.899204 0.423600 0.414660 0.743823 0.712035 0.566174 0.546901 0.994801 0.971724 0.992817 0.939187 0.944460 0.946763 0.985476 0.790799 0.762931 0.559777 0.790238 0.701126 0.649694 0.695635 0.830071 0.845354 0.805695 0.945870 0.987660 0.965709 0.837940 0.893165 0.435693 0.491228 0.707456 0.851019 0.823662 0.858075 0.513053 0.557059 0.888690 0.926671 0.960469 0.867194 0.820302 0.515492 0.768692 0.774782 0.584320 0.598410 0.964712 0.903008 0.775574 0.822503 0.629823 0.549302 0.481005 0.567984 0.776312 0.744304 0.971741 0.977163 0.868857 0.993759 0.741016 0.929810 0.590547 0.565787 0.618471 0.674147 0.857333 0.820038 0.816023 0.884505 0.987978 0.954140 0.917251 0.969771 0.677686 0.722167 0.989551 0.878785 0.973291 0.800124 0.976296 0.675351 0.774910 0.900636 0.972971 0.851638 0.856089 0.998297
0.521731 0.498565 0.873669 0.972760 0.903640 0.921297 0.920376 0.837432 0.657222 0.841775 0.583427 0.476310 0.856699 0.745675 0.847442 0.813437 0.366718 0.000000 0.560250 0.440294 0.973808 0.963850 0.893530 0.922815 0.894525 0.869189 0.909105 0.879762 0.424610 0.413436 0.795472 0.766622 0.599218 0.499321 0.962809 0.993599 0.964463 0.918396 0.996388 0.963955 0.954734 0.858561 0.806711 0.579630 0.832842 0.724045 0.731536 0.696034 0.911857 0.906908 0.901719 0.946754 0.885725 0.893375 0.884064 0.956424 0.396650 0.443199 0.708596 0.779995 0.764287 0.712804 0.463270 0.451700 0.878545 0.988151 0.938015 0.828536 0.795026 0.466123 0.694170 0.737264 0.527097 0.599679 0.916184 0.835235 0.693049 0.778194 0.566849 0.523449 0.422917 0.502138 0.720660 0.684238 0.990397 0.921819 0.956367 0.967757 0.716488 0.884442 0.615989 0.518131 0.597320 0.616111 0.794197 0.832822 0.724448 0.795948 0.905245 0.859207 0.857970 0.926013 0.636423 0.765799 0.924222 0.993800 0.985887 0.842331 0.955520 0.638272 0.680276 0.858238 0.957956 0.846440 0.797162 0.973255
0.537631 0.610136 0.710242 0.741621 0.981701 0.979046 0.770264 0.898962 0.852537 0.957750 0.652786 0.768865 0.862929 0.984754 0.955390 0.938906 0.533970 0.560250 0.000000 0.561507 0.768732 0.860310 0.950232 0.873693 0.723763 0.701636 0.926895 0.969584 0.637448 0.730984 0.687293 0.789224 0.550981 0.547798 0.931995 0.992427 0.857902 0.853937 0.876938 0.876511 0.991502 0.826066 0.633106 0.561257 0.918993 0.833631 0.574149 0.699940 0.939054 0.896855 0.852577 0.933129 0.910352 0.840347 0.798749 0.921102 0.493748 0.651126 0.641481 0.852112 0.806346 0.972816 0.644371 0.823702 0.790201 0.833270 0.662234 0.668781 0.753588 0.682663 0.714060 0.763694 0.727417 0.681598 0.961861 0.833894 0.709094 0.799164 0.769538 0.620988 0.614277 0.584708 0.865375 0.743673 0.861658 0.800324 0.757424 0.980862 0.905127 0.834399 0.825172 0.848589 0.860938 0.959464 0.973718 0.800899 0.844135 0.806908 0.985399 0.844428 0.750124 0.942920 0.802919 0.709218 0.853362 0.919396 0.983348 0.902054 0.825906 0.895958 0.714345 0.953445 0.980444 0.976426 0.885905 0.757751
0.571832 0.572822 0.962613 0.894553 0.993769 0.968178 0.939694 0.817237 0.701674 0.863143 0.649128 0.558546 0.820494 0.810773 0.970961 0.835128 0.487888 0.440294 0.561507 0.000000 0.990479 0.970983 0.924625 0.991595 0.962530 0.928260 0.930519 0.815757 0.548826 0.552305 0.873530 0.819228 0.570106 0.573558 0.970358 0.956130 0.922140 0.925719 0.988668 0.949380 0.880338 0.846959 0.775180 0.624003 0.968248 0.851251 0.814844 0.756519 0.968622 0.895317 0.925069 0.911647 0.817693 0.760118 0.950933 0.880536 0.488189 0.471483 0.656140 0.678238 0.745600 0.759992 0.571476 0.585086 0.971197 0.947599 0.856280 0.790634 0.804429 0.566879 0.687178 0.730594 0.658945 0.771022 0.994314 0.863851 0.698621 0.726305 0.680332 0.598974 0.510321 0.552039 0.877293 0.772903 0.975471 0.984595 0.782038 0.929663 0.694229 0.862426 0.696941 0.667300 0.724771 0.701653 0.806090 0.837032 0.849285 0.865459 0.995258 0.917811 0.791377 0.996932 0.678990 0.750198 0.789940 0.953103 0.963642 0.884513 0.982029 0.670105 0.639910 0.921882 0.928816 0.852117 0.772330 0.853915
0.883911 0.909952 0.710067 0.733007 0.776794 0.884489 0.737626 0.919387 0.932430 0.751784 0.811768 0.919998 0.886720 0.979151 0.904341 0.978513 0.997939 0.973808 0.768732 0.990479 0.000000 0.959987 0.839077 0.809177 0.762254 0.626344 0.907913 0.807197 0.972779 0.970770 0.878637 0.890536 0.889330 0.887455 0.858889 0.950437 0.891740 0.950404 0.761328 0.898075 0.992476 0.939861 0.979189 0.943351 0.908874 0.856920 0.872006 0.962466 0.817160 0.772008 0.888872 0.816531 0.765036 0.877857 0.976335 0.862036 0.994973 0.851529 0.996192 0.813182 0.930612 0.844473 0.977071 0.833111 0.754269 0.740440 0.745014 0.761159 0.952583 0.992679 0.965489 0.997056 0.883505 0.876207 0.860155 0.845904 0.951554 0.932176 0.990964 0.798211 0.980420 0.870367 0.956206 0.933241 0.772610 0.663424 0.913631 0.964897 0.977950 0.928605 0.895622 0.953529 0.991180 0.935790 0.835852 0.935998 0.896248 0.973028 0.808635 0.987621 0.916019 0.948171 0.842026 0.905472 0.918295 0.986648 0.971569 0.940914 0.925522 0.978678 0.977427 0.862895 0.947322 0.950863 0.961798 0.930653
0.942008 0.965921 0.835956 0.916336 0.743073 0.910753 0.966735 0.960469 0.977573 0.967007 0.994927 0.928383 0.918154 0.932757 0.934660 0.863242 0.917732 0.963850 0.860310 0.970983 0.959987 0.000000 0.936243 0.973500 0.881690 0.963981 0.930710 0.901818 0.841814 0.930219 0.876939 0.908819 0.852668 0.909194 0.877094 0.831274 0.838520 0.851653 0.878679 0.873210 0.978772 0.920290 0.802335 0.900175 0.987586 0.940939 0.780676 0.983019 0.939138 0.884648 0.881251 0.983894 0.881691 0.984542 0.995720 0.976136 0.995576 0.999889 0.897154 0.973860 0.905706 0.832991 0.976975 0.956372 0.967244 0.936708 0.937872 0.904136 0.997269 0.981098 0.953466 0.939224 0.921617 0.890280 0.982296 0.867631 0.972801 0.959064 0.992315 0.990326 0.998886 0.986239 0.958252 0.976096 0.871055 0.883958 0.749033 0.807771 0.974214 0.910265 0.930494 0.977429 0.905378 0.911473 0.980679 0.923631 0.852133 0.967994 0.888681 0.941422 0.965106 0.933735 0.914970 0.712017 0.889633 0.850675 0.866860 0.956175 0.993658 0.818189 0.917291 0.994708 0.943223 0.982445 0.996869 0.915799
0.869341 0.962673 0.766378 0.655396 0.733777 0.753057 0.711119 0.725176 0.724313 0.969883 0.901937 0.917012 0.630319 0.732211 0.586799 0.578820 0.846867 0.893530 0.950232 0.924625 0.839077 0.936243 0.000000 0.413423 0.868921 0.735682 0.799834 0.865285 0.920833 0.904182 0.726556 0.760657 0.813928 0.854330 0.863020 0.925162 0.694327 0.795073 0.936329 0.965387 0.865840 0.942166 0.934527 0.973334 0.756819 0.768581 0.796264 0.749187 0.954716 0.888668 0.713391 0.767769 0.768130 0.739509 0.987595 0.893337 0.926731 0.897135 0.841885 0.847904 0.684312 0.792374 0.846166 0.914143 0.624173 0.617732 0.764830 0.647651 0.699381 0.820363 0.927425 0.893581 0.742185 0.736906 0.934569 0.945471 0.932196 0.861350 0.893150 0.954228 0.813240 0.773959 0.618274 0.762705 0.455885 0.474122 0.780410 0.578539 0.911792 0.764766 0.751397 0.865255 0.860198 0.875017 0.853310 0.818117 0.936182 0.987460 0.822731 0.734533 0.742474 0.843194 0.932389 0.902285 0.695070 0.773102 0.920682 0.975181 0.909139 0.969430 0.979248 0.922248 0.962544 0.872820 0.779436 0.861100
0.997697 0.972009 0.729341 0.577200 0.831793 0.810550 0.768248 0.801262 0.924473 0.860573 0.856436 0.919408 0.753467 0.799056 0.752927 0.610030 0.908085 0.922815 0.873693 0.991595 0.809177 0.973500 0.413423 0.000000 0.756143 0.718946 0.768664 0.921325 0.887782 0.890298 0.768391 0.723177 0.860370 0.831154 0.973234 0.884989 0.761684 0.790713 0.964158 0.927913 0.991423 0.981447 0.888933 0.925133 0.920306 0.861198 0.732897 0.800011 0.965013 0.934591 0.744956 0.905394 0.957058 0.977361 0.857745 0.925918 0.958484 0.970198 0.915382 0.877667 0.817873 0.880733 0.894761 0.959980 0.611091 0.586835 0.752657 0.631438 0.873636 0.909044 0.996781 0.787239 0.779751 0.800982 0.994461 0.924599 0.986635 0.882489 0.890300 0.835691 0.810667 0.722356 0.685486 0.766233 0.495526 0.481213 0.802704 0.612527 0.913736 0.797246 0.820869 0.859120 0.854736 0.833117 0.824212 0.873133 0.977662 0.901184 0.967635 0.863066 0.678299 0.942480 0.966383 0.913601 0.733767 0.729045 0.984554 0.927876 0.854058 0.949682 0.953138 0.966420 0.892143 0.845313 0.864403 0.706564
0.765438 0.887518 0.489821 0.669267 0.964335 0.927717 0.648776 0.950262 0.895464 0.892620 0.993840 0.758339 0.960051 0.837277 0.957749 0.921552 0.983233 0.894525 0.723763 0.962530 0.762254 0.881690 0.868921 0.756143 0.000000 0.531832 0.833908 0.956017 0.863726 0.825808 0.715872 0.929937 0.846479 0.844287 0.763430 0.968613 0.779692 0.827639 0.731225 0.849158 0.886798 0.982256 0.553296 0.692884 0.976616 0.889249 0.628868 0.698526 0.922551 0.805136 0.905779 0.937576 0.994113 0.893356 0.854652 0.769597 0.849154 0.988027 0.734917 0.942205 0.985851 0.801026 0.802746 0.670834 0.545113 0.767455 0.613723 0.725041 0.864362 0.965305 0.859822 0.886497 0.935369 0.933040 0.882191 0.989731 0.896078 0.936918 0.956158 0.958054 0.999667 0.860422 0.948519 0.924769 0.729669 0.786190 0.801635 0.979480 0.866477 0.904005 0.954864 0.832746 0.807183 0.721563 0.939561 0.825380 0.967711 0.998334 0.908102 0.958369 0.777146 0.988928 0.935643 0.885726 0.909985 0.941540 0.974903 0.946616 0.894705 0.925398 0.973449 0.934065 0.943606 0.959866 0.946096 0.718927
0.806291 0.957812 0.527974 0.549431 0.892236 0.838063 0.601016 0.967283 0.744986 0.811845 0.877765 0.788059 0.955485 0.767873 0.908150 0.934119 0.921494 0.869189 0.701636 0.928260 0.626344 0.963981 0.735682 0.718946 0.531832 0.000000 0.811830 0.837343 0.780789 0.691390 0.736167 0.996152 0.826447 0.844644 0.872027 0.901512 0.738363 0.893274 0.719040 0.896952 0.897507 0.923268 0.748064 0.854488 0.969981 0.998757 0.727807 0.838320 0.927072 0.987759 0.974023 0.996727 0.946571 0.887880 0.838749 0.772304 0.910747 0.938607 0.887103 0.957275 0.965905 0.827246 0.838026 0.684347 0.525307 0.675709 0.560858 0.631307 0.912343 0.833182 0.848494 0.916137 0.971789 0.975989 0.872214 0.911150 0.949658 0.912089 0.871256 0.989489 0.948716 0.905243 0.998482 0.978508 0.658900 0.640779 0.764933 0.946885 0.871468 0.783525 0.827269 0.711744 0.738871 0.694938 0.818744 0.860788 0.977385 0.953722 0.945652 0.837160 0.792755 0.924396 0.737025 0.997074 0.862181 0.866349 0.833072 0.999057 0.858599 0.888559 0.943734 0.869346 0.978829 0.896421 0.858391 0.818957
0.980230 0.891009 0.905752 0.926363 0.948178 0.942857 0.929551 0.949971 0.904917 0.819641 0.931838 0.899983 0.997076 0.930051 0.971471 0.962240 0.950731 0.909105 0.926895 0.930519 0.907913 0.930710 0.799834 0.768664 0.833908 0.811830 0.000000 0.981663 0.807869 0.898805 0.998365 0.918454 0.890221 0.983497 0.841088 0.933004 0.945811 0.934872 0.848244 0.976580 0.877664 0.993150 0.957413 0.900314 0.944596 0.933609 0.954160 0.959966 0.905357 0.954082 0.917796 0.842782 0.912720 0.895430 0.999696 0.979100 0.984219 0.912184 0.921170 0.891935 0.947871 0.903471 0.914908 0.876985 0.898142 0.908954 0.985026 0.968526 0.979497 0.992936 0.999785 0.989606 0.870442 0.909190 0.997186 0.926629 0.924651 0.991963 0.988139 0.925399 0.955952 0.961405 0.948427 0.967425 0.835301 0.836282 0.987481 0.857312 0.918219 0.974411 0.938436 0.935190 0.954256 0.884225 0.957861 0.885659 0.881191 0.763501 0.957687 0.952431 0.857948 0.842161 0.993099 0.995970 0.858279 0.857725 0.876212 0.922722 0.870624 0.998266 0.973866 0.998435 0.911951 0.925851 0.977563 0.821570
0.894646 0.888716 0.930520 0.876662 0.935368 0.854693 0.976340 0.998786 0.983326 0.956624 0.859623 0.874198 0.999995 0.995391 0.906978 0.974323 0.899204 0.879762 0.969584 0.815757 0.807197 0.901818 0.865285 0.921325 0.956017 0.837343 0.981663 0.000000 0.944747 0.939542 0.898568 0.964963 0.975175 0.946714 0.863480 0.967655 0.837866 0.886077 0.952653 0.803606 0.934835 0.958872 0.983290 0.913507 0.905319 0.985330 0.882326 0.984020 0.933887 0.942005 0.920740 0.862535 0.924689 0.862664 0.889681 0.917357 0.871607 0.897719 0.834293 0.827954 0.913286 0.906073 0.990965 0.895704 0.853832 0.954123 0.863335 0.945130 0.799541 0.902001 0.987754 0.951616 0.881347 0.936728 0.958357 0.963049 0.990540 0.928940 0.877242 0.910676 0.840590 0.850435 0.925330 0.978744 0.962934 0.895520 0.985860 0.981484 0.864533 0.995039 0.890667 0.884801 0.846772 0.940275 0.986490 0.985301 0.992849 0.878713 0.885065 0.954789 0.869642 0.905962 0.913654 0.923488 0.949944 0.991886 0.983188 0.886078 0.994112 0.915470 0.889118 0.948710 0.966471 0.886435 0.996544 0.829012
0.710214 0.610541 0.830549 0.856511 0.959783 0.915137 0.858841 0.875039 0.733259 0.628716 0.641166 0.512971 0.869074 0.707476 0.800266 0.806518 0.423600 0.424610 0.637448 0.548826 0.972779 0.841814 0.920833 0.887782 0.863726 0.780789 0.807869 0.944747 0.000000 0.365253 0.695361 0.690766 0.581300 0.550459 0.982119 0.829947 0.925617 0.873087 0.728124 0.963568 0.874006 0.836891 0.807950 0.608851 0.692484 0.595938 0.728385 0.717684 0.763238 0.793100 0.719466 0.891779 0.899827 0.834965 0.889731 0.883046 0.583720 0.590755 0.822038 0.906744 0.805407 0.784434 0.468082 0.478514 0.799357 0.844181 0.985113 0.899849 0.944110 0.544820 0.867860 0.839733 0.627213 0.620182 0.915669 0.842658 0.769087 0.845885 0.635578 0.623823 0.508400 0.690115 0.776581 0.784557 0.889493 0.939174 0.945700 0.936448 0.708518 0.986680 0.608280 0.541496 0.632181 0.600061 0.830268 0.836188 0.827176 0.808834 0.904072 0.936038 0.895382 0.933478 0.599282 0.758876 0.980831 0.917025 0.892591 0.815381 0.912191 0.697930 0.730780 0.786749 0.976377 0.779690 0.855043 0.905163
0.817122 0.706638 0.760772 0.789279 0.995769 0.873214 0.772706 0.952496 0.613560 0.702784 0.677722 0.550356 0.861927 0.640945 0.741103 0.785380 0.414660 0.413436 0.730984 0.552305 0.970770 0.930219 0.904182 0.890298 0.825808 0.691390 0.898805 0.939542 0.365253 0.000000 0.729202 0.625083 0.638995 0.625159 0.918157 0.869337 0.953423 0.941235 0.830118 0.940980 0.953489 0.908961 0.908004 0.692929 0.781022 0.710801 0.793832 0.789952 0.867658 0.884279 0.829957 0.959775 0.972246 0.891981 0.921287 0.834770 0.633954 0.618915 0.923080 0.979210 0.868326 0.819677 0.486785 0.485448 0.691652 0.761452 0.852770 0.976098 0.984459 0.552130 0.909312 0.800556 0.671061 0.698753 0.962252 0.822188 0.862159 0.893658 0.638178 0.560589 0.543420 0.664078 0.719871 0.797107 0.852225 0.903651 0.987944 0.934020 0.680241 0.896231 0.530070 0.434855 0.525640 0.520166 0.797015 0.875564 0.863985 0.848956 0.964375 0.930105 0.998975 0.871670 0.586700 0.867738 0.973875 0.850594 0.915084 0.769263 0.879973 0.677399 0.732106 0.870851 0.999471 0.796610 0.914604 0.829700
0.880423 0.797991 0.837989 0.853874 0.946759 0.786836 0.951948 0.989272 0.991526 0.771461 0.799842 0.956772 0.890100 0.889170 0.765958 0.769152 0.743823 0.795472 0.687293 0.873530 0.878637 0.876939 0.726556 0.768391 0.715872 0.736167 0.998365 0.898568 0.695361 0.729202 0.000000 0.563153 0.588247 0.687538 0.881202 0.994744 0.687573 0.772317 0.995348 0.904862 0.932515 0.975854 0.664496 0.656888 0.604065 0.629881 0.572468 0.577843 0.679976 0.748974 0.677450 0.931096 0.810317 0.767197 0.738011 0.882425 0.714541 0.813494 0.958486 0.886214 0.959318 0.953261 0.804704 0.904010 0.915775 0.965331 0.838430 0.814896 0.908622 0.796121 0.817510 0.780025 0.852518 0.874677 0.984060 0.783834 0.986691 0.891141 0.882892 0.726899 0.750564 0.734192 0.712870 0.768097 0.850607 0.824758 0.936960 0.715174 0.871857 0.927831 0.825650 0.830171 0.890199 0.889503 0.988747 0.735355 0.895671 0.881137 0.838413 0.984289 0.841754 0.963967 0.913269 0.978170 0.983430 0.966295 0.972461 0.877937 0.928020 0.875515 0.929109 0.847405 0.993266 0.953291 0.905856 0.967514
0.974750 0.927842 0.957861 0.982412 0.992494 0.943898 0.932468 0.962339 0.779676 0.942037 0.990501 0.836844 0.822352 0.735436 0.596238 0.700807 0.712035 0.766622 0.789224 0.819228 0.890536 0.908819 0.760657 0.723177 0.929937 0.996152 0.918454 0.964963 0.690766 0.625083 0.563153 0.000000 0.639367 0.784422 0.961655 0.914664 0.868077 0.787205 0.877083 0.878843 0.950234 0.824177 0.827910 0.774854 0.732145 0.748014 0.664310 0.742150 0.882794 0.850370 0.766942 0.969264 0.902579 0.848958 0.790500 0.985428 0.794062 0.825656 0.870331 0.853887 0.965181 0.993954 0.761403 0.794628 0.969073 0.941292 0.987168 0.873102 0.954384 0.827835 0.973072 0.698431 0.912801 0.877861 0.926641 0.918749 0.995902 0.916520 0.776510 0.628820 0.726157 0.738086 0.647534 0.712472 0.895672 0.832573 0.891768 0.647359 0.845652 0.989089 0.805633 0.800969 0.754194 0.876958 0.979403 0.883155 0.960592 0.784114 0.899697 0.985622 0.874966 0.883208 0.821862 0.983486 0.940874 0.954448 0.923534 0.936046 0.923434 0.858308 0.871264 0.753086 0.966008 0.824360 0.925982 0.942364
0.692813 0.583632 0.739552 0.675860 0.966058 0.981867 0.726192 0.686572 0.998051 0.747573 0.729753 0.704059 0.744336 0.751572 0.756636 0.803526 0.566174 0.599218 0.550981 0.570106 0.889330 0.852668 0.813928 0.860370 0.846479 0.826447 0.890221 0.975175 0.581300 0.638995 0.588247 0.639367 0.000000 0.486960 0.800762 0.974999 0.823354 0.892988 0.988809 0.910127 0.973195 0.792133 0.636912 0.527324 0.723320 0.659065 0.557671 0.546809 0.824176 0.746741 0.620468 0.751301 0.829135 0.915248 0.812285 0.949372 0.567986 0.571872 0.648485 0.762425 0.652576 0.775778 0.564772 0.652609 0.794046 0.831387 0.678883 0.589554 0.999228 0.809010 0.836403 0.762041 0.875233 0.906376 0.904919 0.878079 0.746788 0.778835 0.782361 0.631626 0.525080 0.610413 0.736398 0.702501 0.767074 0.790982 0.819450 0.881148 0.938769 0.724304 0.921739 0.872408 0.914507 0.932147 0.834019 0.769956 0.914810 0.894728 0.699670 0.745564 0.772681 0.880000 0.777830 0.789327 0.734150 0.929676 0.917984 0.907269 0.993564 0.803146 0.806242 0.855708 0.975079 0.944834 0.673868 0.946291
0.513237 0.494676 0.801717 0.700872 0.937137 0.994394 0.749519 0.607094 0.858519 0.803403 0.662551 0.571935 0.789575 0.740107 0.834386 0.753310 0.546901 0.499321 0.547798 0.573558 0.887455 0.909194 0.854330 0.831154 0.844287 0.844644 0.983497 0.946714 0.550459 0.625159 0.687538 0.784422 0.486960 0.000000 0.865364 0.986479 0.806417 0.813694 0.949953 0.923765 0.984629 0.835560 0.626065 0.484226 0.760989 0.648217 0.563738 0.499810 0.838146 0.840901 0.645751 0.861553 0.940350 0.956163 0.849469 0.951798 0.508889 0.541025 0.616482 0.735168 0.639122 0.650074 0.537479 0.571177 0.778438 0.753520 0.626143 0.564815 0.909767 0.696758 0.734778 0.738104 0.711237 0.745879 0.913301 0.881639 0.700441 0.671382 0.712994 0.647523 0.465249 0.533151 0.718456 0.654336 0.741958 0.728127 0.851599 0.878408 0.891295 0.774426 0.864192 0.811107 0.872378 0.918804 0.831976 0.679332 0.772598 0.858659 0.737475 0.701497 0.700767 0.972319 0.686906 0.718430 0.724806 0.922338 0.951909 0.874875 0.823096 0.663383 0.765970 0.784595 0.858323 0.881637 0.682628 0.805454
0.823356 0.880128 0.754377 0.760742 0.968673 0.866249 0.740942 0.836366 0.802844 0.913328 0.989565 0.980427 0.869457 0.987063 0.938872 0.999957 0.994801 0.962809 0.931995 0.970358 0.858889 0.877094 0.863020 0.973234 0.763430 0.872027 0.841088 0.863480 0.982119 0.918157 0.881202 0.961655 0.800762 0.865364 0.000000 0.896141 0.686375 0.913533 0.880565 0.998457 0.998411 0.917717 0.698379 0.724948 0.779553 0.771412 0.806515 0.762237 0.781597 0.679836 0.759498 0.726910 0.768374 0.897259 0.852566 0.773436 0.897645 0.855657 0.778691 0.858203 0.763357 0.792625 0.963142 0.997813 0.693730 0.758491 0.687396 0.710049 0.991390 0.938726 0.901708 0.960774 0.930124 0.925978 0.965384 0.942032 0.781217 0.800472 0.946114 0.921319 0.898927 0.872881 0.886459 0.770069 0.741200 0.797080 0.960216 0.933600 0.893588 0.784051 0.849167 0.839474 0.817330 0.781010 0.986637 0.780136 0.974654 0.907979 0.847171 0.934147 0.927701 0.706217 0.984345 0.804268 0.856009 0.998445 0.897173 0.970894 0.932264 0.960871 0.944219 0.935677 0.816759 0.981637 0.790342 0.965010
0.928315 0.986246 0.929683 0.940945 0.791430 0.934635 0.969049 0.986079 0.879361 0.984780 0.919554 0.956664 0.978026 0.888941 0.877326 0.892422 0.971724 0.993599 0.992427 0.956130 0.950437 0.831274 0.925162 0.884989 0.968613 0.901512 0.933004 0.967655 0.829947 0.869337 0.994744 0.914664 0.974999 0.986479 0.896141 0.000000 0.909315 0.989363 0.897202 0.927951 0.948351 0.991913 0.972019 0.932845 0.906923 0.901454 0.955963 0.995992 0.873458 0.932977 0.967174 0.957124 0.989412 0.978423 0.868494 0.963063 0.906447 0.998044 0.991944 0.994900 0.967993 0.930095 0.936125 0.929949 0.931354 0.967107 0.977425 0.966612 0.887346 0.940649 0.898516 0.905938 0.937094 0.963140 0.976895 0.907426 0.916550 0.860882 0.867076 0.988114 0.982537 0.908471 0.914872 0.827834 0.854400 0.879608 0.938553 0.795655 0.805099 0.765760 0.979829 0.978927 0.938369 0.966636 0.983251 0.933222 0.875355 0.942263 0.976654 0.988857 0.893422 0.870633 0.942294 0.981664 0.943066 0.920546 0.883530 0.979434 0.965329 0.975305 0.916436 0.944184 0.979845 0.917786 0.920700 0.894926
0.859101 0.800766 0.863751 0.845899 0.961903 0.764391 0.956884 0.950135 0.880923 0.860469 0.980645 0.996898 0.918965 0.908853 0.924613 0.875042 0.992817 0.964463 0.857902 0.922140 0.891740 0.838520 0.694327 0.761684 0.779692 0.738363 0.945811 0.837866 0.925617 0.953423 0.687573 0.868077 0.823354 0.806417 0.686375 0.909315 0.000000 0.609966 0.830875 0.990456 0.992270 0.938232 0.731725 0.808374 0.680226 0.665237 0.710311 0.639594 0.680487 0.677309 0.816190 0.814914 0.859169 0.840518 0.771507 0.674452 0.830961 0.820925 0.990464 0.928688 0.980973 0.946925 0.984689 0.993413 0.810215 0.947212 0.758387 0.713277 0.998685 0.917014 0.725419 0.821277 0.983718 0.920619 0.859242 0.912246 0.940807 0.746314 0.916700 0.985688 0.911916 0.863976 0.900361 0.817112 0.829172 0.848766 0.867193 0.833197 0.831014 0.843388 0.973318 0.939674 0.810725 0.961420 0.985281 0.825461 0.858273 0.813700 0.731582 0.830332 0.708445 0.906890 0.903970 0.874011 0.865012 0.834650 0.959558 0.920441 0.901499 0.878136 0.940704 0.874708 0.965998 0.874149 0.770771 0.962850
0.916298 0.791466 0.972445 0.945084 0.980383 0.905637 0.896632 0.987724 0.986439 0.834876 0.899653 0.930230 0.919712 0.983569 0.933385 0.831999 0.939187 0.918396 0.853937 0.925719 0.950404 0.851653 0.795073 0.790713 0.827639 0.893274 0.934872 0.886077 0.873087 0.941235 0.772317 0.787205 0.892988 0.813694 0.913533 0.989363 0.609966 0.000000 0.978632 0.936292 0.869062 0.807033 0.616084 0.710203 0.596657 0.597145 0.650055 0.606701 0.637231 0.655892 0.760432 0.853582 0.820181 0.849492 0.827933 0.812041 0.836198 0.879251 0.969358 0.849013 0.916480 0.907463 0.990608 0.929638 0.861025 0.970881 0.824351 0.841950 0.827071 0.779750 0.763856 0.652653 0.873803 0.831922 0.931576 0.874290 0.998807 0.916467 0.754800 0.923384 0.902725 0.871393 0.850618 0.789501 0.937647 0.832539 0.989885 0.851980 0.804325 0.965240 0.942439 0.983968 0.907025 0.922222 0.960238 0.754203 0.746224 0.766469 0.814151 0.820550 0.685881 0.946264 0.821893 0.780003 0.894372 0.730699 0.923313 0.996423 0.839766 0.864527 0.851735 0.830373 0.884881 0.857572 0.827104 0.857062
