0.000000 0.556125 0.691066 0.725037 0.905374 0.913016 0.585772 0.550295 0.846541 0.746550 0.753818 0.731721 0.715168 0.877990 0.888439 0.995707 0.529972 0.506265 0.584027 0.718908 0.913553 0.979674 0.873623 0.986143 0.794157 0.820699 0.938711 0.991680 0.712474 0.630061 0.831609 0.945026 0.591809 0.568305 0.820972 0.913890 0.935038 0.848100 0.828734 0.864263 0.963955 0.906111 0.722349 0.671888 0.880532 0.738202 0.658135 0.730256 0.836849 0.850993 0.807178 0.932832 0.925139 0.992430 0.812245 0.882441 0.489716 0.655433 0.662065 0.821901 0.510007 0.600662 0.498740 0.494355 0.715354 0.717722 0.763823 0.790118 0.880888 0.864320 0.910185 0.945698 0.870773 0.883104 0.922774 0.973242 0.756610 0.801053 0.854037 0.952443 0.538040 0.582681 0.846224 0.691475 0.657429 0.756045 0.942299 0.928131 0.787737 0.698774 0.820859 0.890065 0.939336 0.898861 0.898737 0.785953 0.838449 0.953346 0.726505 0.663848 0.846600 0.995997 0.888642 0.769717 0.998430 0.823891 0.856678 0.890480 0.763592 0.921743 0.856101 0.946609 0.831704 0.953737 0.975402 0.909170
0.556125 0.000000 0.900045 0.832396 0.991138 0.897217 0.891562 0.681998 0.987275 0.919618 0.940586 0.658260 0.798301 0.770762 0.814172 0.806584 0.598427 0.574613 0.722607 0.787735 0.949195 0.970288 0.952650 0.993190 0.820406 0.922562 0.987877 0.843980 0.718661 0.655944 0.959389 0.942928 0.641893 0.739161 0.905936 0.990439 0.932465 0.928813 0.965504 0.842297 0.977986 0.868230 0.755875 0.672418 0.847655 0.782210 0.734607 0.728241 0.853314 0.862045 0.967256 0.962633 0.879908 0.968213 0.885143 0.959836 0.576385 0.557941 0.745237 0.820116 0.716996 0.622134 0.671738 0.570935 0.837499 0.793412 0.942831 0.878308 0.869782 0.744434 0.883763 0.883564 0.938720 0.880322 0.948861 0.993833 0.845743 0.914537 0.783075 0.882339 0.632810 0.719734 0.876037 0.761040 0.894508 0.881074 0.930823 0.942265 0.865276 0.782295 0.967574 0.858152 0.927734 0.904808 0.810074 0.815453 0.898392 0.968210 0.809648 0.865411 0.873342 0.898265 0.886360 0.883435 0.994243 0.782398 0.965066 0.943223 0.878687 0.907175 0.993010 0.911816 0.987379 0.959077 0.818172 0.975921
0.691066 0.900045 0.000000 0.459846 0.873499 0.860476 0.374981 0.488308 0.741306 0.728144 0.903056 0.863502 0.899657 0.904603 0.973168 0.754335 0.888242 0.726490 0.713668 0.744450 0.848082 0.889748 0.656143 0.869506 0.684409 0.900845 0.951505 0.892348 0.938875 0.933158 0.805469 0.865505 0.584172 0.625368 0.761054 0.917699 0.973248 0.972784 0.927432 0.803334 0.992641 0.836739 0.734410 0.774317 0.969571 0.921574 0.731535 0.781983 0.869494 0.937112 0.758780 0.767338 0.991192 0.917625 0.901671 0.846769 0.819056 0.986281 0.598889 0.724898 0.513639 0.756242 0.727222 0.782397 0.457981 0.578185 0.532116 0.580003 0.915769 0.944652 0.960344 0.863912 0.861178 0.878556 0.941365 0.965866 0.716025 0.994274 0.950122 0.935786 0.620816 0.620923 0.911714 0.766046 0.524878 0.682045 0.853705 0.989025 0.788835 0.663002 0.614763 0.651032 0.624296 0.580225 0.813708 0.701213 0.715512 0.996339 0.604794 0.530780 0.792858 0.873307 0.856144 0.762210 0.663597 0.566446 0.941458 0.755047 0.816486 0.882574 0.717622 0.771771 0.837445 0.955750 0.919402 0.947141
0.725037 0.832396 0.459846 0.000000 0.977503 0.894933 0.542106 0.430672 0.907437 0.853051 0.864877 0.989606 0.955559 0.957559 0.832820 0.817517 0.956739 0.722928 0.833371 0.764711 0.826665 0.875927 0.714275 0.766281 0.616117 0.777374 0.937581 0.996443 0.990698 0.914254 0.773291 0.910023 0.630555 0.544643 0.710469 0.774597 0.938743 0.845156 0.800368 0.713612 0.958607 0.818266 0.682353 0.660481 0.944284 0.870195 0.712566 0.666563 0.921881 0.991377 0.744939 0.826302 0.949016 0.917675 0.950163 0.824414 0.900904 0.963217 0.701304 0.727415 0.666566 0.689461 0.816259 0.827825 0.482282 0.450061 0.465065 0.455086 0.711320 0.922276 0.751949 0.697045 0.834612 0.816113 0.985147 0.963898 0.735827 0.915841 0.900701 0.895737 0.658097 0.657820 0.961286 0.819651 0.655243 0.654996 0.877933 0.877810 0.964254 0.598714 0.744989 0.801274 0.675197 0.684591 0.798144 0.646867 0.719002 0.970397 0.607337 0.674525 0.778496 0.888599 0.820510 0.737778 0.646941 0.621704 0.911694 0.789402 0.777113 0.834296 0.704296 0.848784 0.981948 0.996942 0.900473 0.879789
0.905374 0.991138 0.873499 0.977503 0.000000 0.902027 0.826337 0.993542 0.750293 0.909983 0.880168 0.839890 0.930098 0.999493 0.747415 0.946520 0.802446 0.834642 0.796121 0.912298 0.853168 0.843521 0.603743 0.731349 0.862312 0.905549 0.871684 0.862985 0.942465 0.882441 0.799230 0.859482 0.975941 0.980918 0.959453 0.920906 0.906949 0.817630 0.992686 0.981715 0.961452 0.910986 0.825291 0.799234 0.950551 0.992423 0.982912 0.918531 0.917043 0.919077 0.959896 0.868108 0.853669 0.821653 0.999218 0.910060 0.763597 0.806392 0.917698 0.905218 0.822343 0.987209 0.815746 0.928331 0.760448 0.901890 0.946503 0.939540 0.909140 0.956494 0.905404 0.950327 0.788731 0.940498 0.923957 0.937565 0.974508 0.871787 0.883757 0.921483 0.793944 0.743112 0.768908 0.747046 0.618789 0.644688 0.794060 0.637715 0.806948 0.784655 0.898918 0.887323 0.943330 0.984092 0.996318 0.964205 0.982540 0.914907 0.980232 0.879241 0.991745 0.798158 0.773504 0.901151 0.989810 0.956316 0.988774 0.919321 0.938322 0.851236 0.913579 0.927926 0.953035 0.986774 0.969433 0.910879
0.913016 0.897217 0.860476 0.894933 0.902027 0.000000 0.883089 0.874582 0.986658 0.964205 0.909764 0.979711 0.975567 0.955163 0.854330 0.708550 0.894874 0.939813 0.902236 0.797495 0.857458 0.953443 0.995988 0.971655 0.982090 0.912519 0.816323 0.881116 0.991738 0.913637 0.910976 0.984685 0.879198 0.844360 0.873111 0.899377 0.796467 0.957630 0.927803 0.961061 0.817146 0.927220 0.905631 0.810003 0.995791 0.866443 0.955174 0.989072 0.900080 0.991748 0.976630 0.809236 0.797755 0.811555 0.882721 0.955480 0.978072 0.895190 0.775563 0.768385 0.886173 0.901443 0.852322 0.767984 0.962677 0.937983 0.858391 0.929666 0.842127 0.777441 0.863289 0.834423 0.998284 0.864297 0.988853 0.862471 0.952423 0.922346 0.925173 0.900099 0.887024 0.926151 0.965563 0.926172 0.954052 0.945960 0.814883 0.941937 0.923445 0.946136 0.972305 0.994434 0.959210 0.998859 0.996114 0.850335 0.805367 0.925282 0.918255 0.910380 0.978978 0.927481 0.801507 0.896484 0.980831 0.958392 0.869777 0.794683 0.973956 0.999698 0.825123 0.972718 0.875927 0.876365 0.940993 0.914235
0.585772 0.891562 0.374981 0.542106 0.826337 0.883089 0.000000 0.523331 0.666872 0.654344 0.892943 0.901818 0.809021 0.907582 0.974637 0.761751 0.805551 0.647738 0.617059 0.702005 0.883181 0.978180 0.639618 0.907315 0.766038 0.877703 0.938319 0.822236 0.902501 0.822937 0.788954 0.939574 0.528529 0.602396 0.773027 0.943503 0.946131 0.903104 0.918574 0.908226 0.942412 0.882468 0.747395 0.778661 0.928248 0.833118 0.755269 0.793442 0.971269 0.850447 0.750568 0.782096 0.984876 0.911332 0.883245 0.850138 0.721329 0.896401 0.601822 0.760887 0.395114 0.716489 0.556076 0.667325 0.508892 0.634088 0.569126 0.645962 0.956394 0.972571 0.983043 0.990196 0.885653 0.897283 0.944398 0.999930 0.746567 0.953840 0.929812 0.960695 0.549100 0.531187 0.826271 0.708811 0.445682 0.689299 0.914585 0.921232 0.751570 0.684395 0.591540 0.608176 0.676846 0.659918 0.803546 0.766047 0.749788 0.986056 0.594304 0.536581 0.853006 0.863144 0.936918 0.751066 0.732323 0.643536 0.968412 0.814612 0.741217 0.892961 0.688026 0.817381 0.863356 0.985461 0.964840 0.932582
0.550295 0.681998 0.488308 0.430672 0.993542 0.874582 0.523331 0.000000 0.903875 0.688237 0.761349 0.775490 0.887889 0.954804 0.887316 0.869987 0.826948 0.631261 0.720771 0.617029 0.920673 0.964609 0.799140 0.970343 0.773220 0.938609 0.964418 0.872384 0.834053 0.742407 0.808860 0.911881 0.590416 0.464004 0.775636 0.820404 0.981406 0.996095 0.802297 0.685259 0.924049 0.864049 0.685164 0.684983 0.969906 0.903333 0.682303 0.697113 0.895206 0.976868 0.836624 0.860591 0.866113 0.752490 0.873365 0.884457 0.769350 0.842809 0.508183 0.537542 0.520028 0.450315 0.718453 0.618810 0.599024 0.442567 0.552479 0.471239 0.857918 0.868676 0.806123 0.783754 0.803190 0.761903 0.894088 0.974926 0.600443 0.854582 0.884652 0.904111 0.637866 0.682422 0.965425 0.841697 0.728345 0.814073 0.818971 0.798530 0.852707 0.574090 0.851476 0.943345 0.817248 0.883494 0.815011 0.694869 0.684031 0.965350 0.585052 0.657224 0.722613 0.965968 0.791387 0.783324 0.677800 0.598644 0.983906 0.783138 0.736648 0.824449 0.666966 0.913090 0.946721 0.999373 0.894301 0.909570
0.846541 0.987275 0.741306 0.907437 0.750293 0.986658 0.666872 0.903875 0.000000 0.670486 0.975287 0.869377 0.837878 0.852024 0.862649 0.910671 0.905103 0.855748 0.865565 0.952406 0.993629 0.994737 0.604656 0.941428 0.942981 0.994312 0.966666 0.896244 0.858132 0.954067 0.908733 0.964156 0.833624 0.928638 0.964088 0.937107 0.967255 0.890415 0.899731 0.841593 0.915006 0.990126 0.912297 0.866408 0.952905 0.980444 0.981751 0.933228 0.925305 0.972678 0.971771 0.922268 0.833815 0.885263 0.970408 0.903100 0.776755 0.890371 0.954144 0.972561 0.653281 0.925733 0.676847 0.719996 0.742632 0.999296 0.951834 0.896973 0.825939 0.948929 0.875006 0.802213 0.975661 0.853676 0.902898 0.971172 0.991268 0.958423 0.822730 0.964965 0.772254 0.753927 0.703750 0.747534 0.623257 0.764744 0.799163 0.713522 0.876198 0.744022 0.836275 0.839068 0.804713 0.890646 0.944299 0.937787 0.841052 0.926765 0.934533 0.697779 0.978366 0.995653 0.946219 0.948096 0.849540 0.912329 0.957071 0.963367 0.888165 0.869402 0.876754 0.998452 0.980078 0.868176 0.973101 0.876632
0.746550 0.919618 0.728144 0.853051 0.909983 0.964205 0.654344 0.688237 0.670486 0.000000 0.771768 0.981387 0.957729 0.731630 0.899395 0.749862 0.814862 0.760143 0.634378 0.723947 0.896701 0.976761 0.718931 0.924421 0.865603 0.898266 0.798759 0.795115 0.786304 0.859446 0.793663 0.919319 0.654512 0.690711 0.856562 0.938855 0.959118 0.955102 0.983980 0.990651 0.935698 0.904675 0.922848 0.959848 0.884876 0.877006 0.833888 0.998666 0.848904 0.867737 0.867658 0.827018 0.941894 0.807829 0.830586 0.924450 0.715092 0.785553 0.720238 0.776054 0.687070 0.774868 0.618071 0.558140 0.949138 0.917674 0.741013 0.779680 0.773644 0.941597 0.944290 0.935859 0.973556 0.925123 0.834348 0.962328 0.884940 0.999211 0.975022 0.935904 0.744136 0.750734 0.953551 0.796111 0.759500 0.997745 0.924235 0.868287 0.849585 0.693275 0.774119 0.813049 0.747498 0.965874 0.946525 0.715324 0.636719 0.899808 0.715249 0.701351 0.778068 0.985843 0.773136 0.776538 0.724635 0.745586 0.972932 0.810166 0.765921 0.847268 0.797999 0.969539 0.938585 0.922694 0.903779 0.883556
0.753818 0.940586 0.903056 0.864877 0.880168 0.909764 0.892943 0.761349 0.975287 0.771768 0.000000 0.706398 0.824681 0.955951 0.823034 0.935977 0.818625 0.840960 0.852460 0.691036 0.904020 0.928587 0.904050 0.887918 0.985829 0.976932 0.837886 0.908119 0.873498 0.903775 0.970586 0.955975 0.912573 0.673979 0.863002 0.827119 0.965162 0.897710 0.993313 0.998392 0.985961 0.982824 0.998318 0.915393 0.828481 0.995981 0.939253 0.951864 0.916462 0.909042 0.955228 0.829726 0.836778 0.760354 0.911065 0.909261 0.895357 0.947946 0.882129 0.811463 0.841888 0.701484 0.829377 0.724344 0.936612 0.891080 0.916566 0.878924 0.873756 0.998203 0.916101 0.902720 0.900466 0.999120 0.903805 0.933431 0.764282 0.772519 0.931691 0.947500 0.820337 0.887442 0.930167 0.968524 0.981684 0.922380 0.818090 0.954294 0.921450 0.817491 0.995810 0.855140 0.991094 0.953410 0.992847 0.708541 0.815225 0.930049 0.952224 0.967186 0.918589 0.995559 0.804239 0.885913 0.900048 0.953033 0.926316 0.956113 0.922655 0.869816 0.912088 0.983512 0.957865 0.969403 0.961180 0.837268
0.731721 0.658260 0.863502 0.989606 0.839890 0.979711 0.901818 0.775490 0.869377 0.981387 0.706398 0.000000 0.708293 0.661049 0.951578 0.766222 0.767032 0.745923 0.865667 0.739160 0.846684 0.827044 0.816022 0.860799 0.957195 0.898548 0.964625 0.969633 0.821768 0.667611 0.902275 0.999123 0.959320 0.819086 0.938708 0.830220 0.982858 0.929310 0.883258 0.904559 0.904989 0.977741 0.923573 0.826746 0.888995 0.967451 0.968955 0.896325 0.993059 0.924261 0.939320 0.917779 0.931036 0.883652 0.796069 0.984931 0.784753 0.696011 0.840113 0.786431 0.858993 0.632230 0.835929 0.694948 0.925852 0.902932 0.860319 0.990001 0.894518 0.852281 0.996936 0.914556 0.963257 0.997910 0.902874 0.835347 0.773528 0.740812 0.844985 0.976059 0.867999 0.946950 0.989507 0.940253 0.881383 0.869415 0.961544 0.857619 0.906370 0.926873 0.758693 0.684661 0.758508 0.714439 0.955123 0.956679 0.938967 0.988115 0.981196 0.934156 0.944132 0.969576 0.903104 0.908716 0.979517 0.962833 0.897007 0.969337 0.979767 0.976126 0.998578 0.883516 0.970163 0.986733 0.930857 0.907239
0.715168 0.798301 0.899657 0.955559 0.930098 0.975567 0.809021 0.887889 0.837878 0.957729 0.824681 0.708293 0.000000 0.588671 0.599568 0.666675 0.839500 0.739902 0.833636 0.769437 0.971784 0.825200 0.930222 0.947133 0.983325 0.885214 0.874151 0.945510 0.861848 0.739235 0.970156 0.983788 0.935624 0.901686 0.970035 0.987131 0.940040 0.789556 0.976021 0.955330 0.978751 0.823731 0.981660 0.997206 0.819719 0.986878 0.921233 0.946537 0.837328 0.975118 0.833136 0.912959 0.902428 0.910585 0.901968 0.890121 0.785013 0.746303 0.855315 0.806888 0.611056 0.697453 0.780795 0.744723 0.912947 0.936252 0.777800 0.850774 0.956778 0.952842 0.822291 0.915486 0.953973 0.863140 0.959148 0.723397 0.894090 0.928492 0.862453 0.847961 0.799396 0.763619 0.847209 0.852192 0.784859 0.972934 0.838461 0.915244 0.765986 0.983791 0.910675 0.822744 0.789377 0.821568 0.979746 0.963631 0.928399 0.893614 0.992368 0.945765 0.890562 0.981600 0.929523 0.828642 0.996185 0.937123 0.864156 0.801178 0.964337 0.976755 0.993278 0.975230 0.983184 0.978513 0.895553 0.963858
0.877990 0.770762 0.904603 0.957559 0.999493 0.955163 0.907582 0.954804 0.852024 0.731630 0.955951 0.661049 0.588671 0.000000 0.617252 0.508058 0.917768 0.835924 0.965126 0.840146 0.906610 0.865327 0.954733 0.925517 0.889939 0.977661 0.993617 0.929206 0.910310 0.716060 0.911777 0.780166 0.984251 0.913877 0.886081 0.953159 0.982810 0.987378 0.856065 0.861006 0.978187 0.853011 0.946563 0.858227 0.914693 0.972977 0.850225 0.830217 0.888570 0.913294 0.855883 0.925925 0.982965 0.961650 0.881376 0.882308 0.962260 0.861505 0.949534 0.922078 0.882018 0.776031 0.962294 0.904207 0.972758 0.875594 0.827843 0.928205 0.891382 0.887323 0.987989 0.806502 0.965370 0.989332 0.910544 0.787332 0.993152 0.881799 0.861029 0.768735 0.923648 0.863726 0.781817 0.841137 0.979422 0.903774 0.894287 0.966089 0.932972 0.971040 0.751411 0.702501 0.668620 0.742963 0.947488 0.995867 0.826208 0.845114 0.917502 0.889655 0.930792 0.918449 0.905278 0.762567 0.883739 0.954296 0.885296 0.820434 0.882024 0.972082 0.912941 0.991425 0.935374 0.967905 0.898217 0.927478
0.888439 0.814172 0.973168 0.832820 0.747415 0.854330 0.974637 0.887316 0.862649 0.899395 0.823034 0.951578 0.599568 0.617252 0.000000 0.559278 0.820774 0.745033 0.852783 0.984552 0.997501 0.856562 0.706059 0.816373 0.967961 0.978120 0.989331 0.961869 0.783125 0.694067 0.803567 0.662784 0.898217 0.954039 0.992125 0.934384 0.919122 0.885000 0.999214 0.970169 0.953106 0.864474 0.922861 0.982114 0.946080 0.933808 0.874747 0.890289 0.942980 0.902511 0.862435 0.989216 0.845110 0.806545 0.914085 0.932055 0.775815 0.765438 0.901040 0.871108 0.826114 0.960107 0.803941 0.885004 0.861005 0.992336 0.763473 0.807592 0.993492 0.965587 0.937559 0.978407 0.908362 0.949948 0.971437 0.810437 0.903867 0.969106 0.793460 0.908532 0.825522 0.746979 0.647475 0.638122 0.753606 0.753360 0.637428 0.609879 0.877067 0.950381 0.857771 0.852997 0.730271 0.784836 0.951743 0.945101 0.838732 0.998947 0.901411 0.973686 0.847177 0.824459 0.736864 0.776143 0.891880 0.906268 0.837422 0.729910 0.971179 0.909153 0.893399 0.921374 0.926134 0.973650 0.888382 0.900977
0.995707 0.806584 0.754335 0.817517 0.946520 0.708550 0.761751 0.869987 0.910671 0.749862 0.935977 0.766222 0.666675 0.508058 0.559278 0.000000 0.999447 0.957286 0.934087 0.947225 0.990837 0.904242 0.989739 0.866762 0.948837 0.937222 0.908357 0.814734 0.966892 0.791049 0.908433 0.821165 0.909670 0.927838 0.873015 0.955243 0.875030 0.972599 0.897779 0.940170 0.919328 0.802011 0.930490 0.977613 0.946105 0.975169 0.941828 0.862151 0.990711 0.958562 0.874687 0.830284 0.905124 0.862226 0.962594 0.981672 0.955458 0.852441 0.819449 0.894191 0.936687 0.955763 0.918914 0.931901 0.963040 0.978545 0.718056 0.837771 0.874079 0.916491 0.966304 0.830145 0.964557 0.900103 0.961437 0.815388 0.922895 0.888025 0.895556 0.762511 0.915565 0.979482 0.830864 0.903315 0.975834 0.934552 0.741309 0.892728 0.932645 0.903682 0.709419 0.667661 0.624846 0.707871 0.860416 0.871991 0.717308 0.900410 0.834338 0.751859 0.908287 0.839994 0.769023 0.715066 0.852977 0.942227 0.923376 0.683802 0.922402 0.984516 0.736000 0.905415 0.997755 0.934813 0.872205 0.939090
0.529972 0.598427 0.888242 0.956739 0.802446 0.894874 0.805551 0.826948 0.905103 0.814862 0.818625 0.767032 0.839500 0.917768 0.820774 0.999447 0.000000 0.540093 0.620238 0.717028 0.964248 0.959850 0.841586 0.948083 0.886101 0.944805 0.958546 0.943176 0.704560 0.644271 0.917310 0.903308 0.722286 0.817931 0.850372 0.892958 0.908001 0.813126 0.992647 0.979300 0.979914 0.933615 0.919434 0.795951 0.852219 0.756063 0.794973 0.838503 0.791335 0.791684 0.880323 0.934643 0.835043 0.921627 0.764444 0.872004 0.518737 0.619112 0.867602 0.999767 0.708300 0.753423 0.526388 0.544123 0.843799 0.877284 0.967426 0.973309 0.797475 0.833953 0.947164 0.981810 0.994193 0.923451 0.966123 0.985517 0.865378 0.945623 0.809173 0.916861 0.508944 0.588517 0.738684 0.624629 0.715680 0.780783 0.952270 0.761941 0.829193 0.764507 0.853231 0.946926 0.997943 0.991897 0.902748 0.823859 0.845642 0.979311 0.903997 0.853103 0.996398 0.852279 0.911683 0.935426 0.941834 0.979554 0.922259 0.952951 0.876105 0.963470 0.939089 0.963872 0.847423 0.946658 0.924171 0.970818
0.506265 0.574613 0.726490 0.722928 0.834642 0.939813 0.647738 0.631261 0.855748 0.760143 0.840960 0.745923 0.739902 0.835924 0.745033 0.957286 0.540093 0.000000 0.578525 0.693800 0.988619 0.893976 0.733816 0.888334 0.763128 0.913993 0.939341 0.964424 0.693772 0.548833 0.817652 0.810556 0.572230 0.635639 0.817292 0.798578 0.982935 0.859751 0.828678 0.834202 0.944938 0.984645 0.812045 0.708701 0.864347 0.752659 0.669201 0.734432 0.893936 0.841470 0.926642 0.918925 0.904849 0.965006 0.695049 0.788083 0.497845 0.670309 0.773872 0.857137 0.539610 0.599717 0.480422 0.511611 0.679241 0.679514 0.815928 0.798722 0.966857 0.870876 0.846345 0.907520 0.818661 0.900296 0.957005 0.988197 0.862104 0.919220 0.762792 0.859873 0.441730 0.458126 0.761280 0.590988 0.627832 0.668045 0.903333 0.846394 0.801494 0.609730 0.849770 0.977195 0.963989 0.998798 0.806967 0.775378 0.862756 0.978956 0.812631 0.744892 0.928238 0.894875 0.972214 0.908473 0.830495 0.784202 0.935805 0.951984 0.811995 0.899309 0.887325 0.946342 0.901531 0.984399 0.917514 0.938203
0.584027 0.722607 0.713668 0.833371 0.796121 0.902236 0.617059 0.720771 0.865565 0.634378 0.852460 0.865667 0.833636 0.965126 0.852783 0.934087 0.620238 0.578525 0.000000 0.626520 0.960673 0.974749 0.750980 0.883658 0.938415 0.899505 0.956667 0.974054 0.619736 0.645901 0.812050 0.860284 0.603862 0.685999 0.821787 0.967038 0.993488 0.836235 0.882956 0.989974 0.992719 0.894459 0.907031 0.848203 0.972529 0.841671 0.752707 0.862665 0.945642 0.902969 0.932070 0.891176 0.983218 0.942930 0.768550 0.832714 0.625096 0.728143 0.790608 0.910357 0.614557 0.737511 0.465099 0.594985 0.789535 0.795177 0.789589 0.843245 0.797828 0.879803 0.896415 0.978488 0.847918 0.808665 0.970399 0.982961 0.815629 0.916325 0.850486 0.927853 0.546409 0.607189 0.801706 0.669398 0.662694 0.772148 0.885157 0.849167 0.724751 0.754378 0.806919 0.877859 0.930133 0.998963 0.942847 0.813556 0.803176 0.951712 0.765533 0.748901 0.826818 0.888509 0.887112 0.916924 0.894347 0.760062 0.988586 0.937434 0.849886 0.940877 0.838976 0.940138 0.850074 0.967797 0.966369 0.912873
0.718908 0.787735 0.744450 0.764711 0.912298 0.797495 0.702005 0.617029 0.952406 0.723947 0.691036 0.739160 0.769437 0.840146 0.984552 0.947225 0.717028 0.693800 0.626520 0.000000 0.950777 0.927575 0.849440 0.961242 0.989203 0.843516 0.883142 0.755596 0.847608 0.775220 0.933684 0.989881 0.727527 0.710791 0.782796 0.968940 0.983120 0.873568 0.916763 0.890039 0.873505 0.919977 0.890316 0.810281 0.855108 0.963032 0.915148 0.811408 0.874494 0.927379 0.985401 0.900052 0.786888 0.689127 0.994826 0.900669 0.790842 0.713513 0.638106 0.613229 0.644810 0.611242 0.720636 0.653681 0.900099 0.724541 0.850245 0.785077 0.935399 0.837831 0.972234 0.989183 0.864463 0.855923 0.851011 0.951168 0.739539 0.935086 0.861881 0.895284 0.687417 0.720960 0.907800 0.839740 0.834244 0.989215 0.861203 0.966511 0.864669 0.747241 0.949273 0.965354 0.993774 0.905223 0.961334 0.779619 0.743851 0.860417 0.837371 0.859495 0.794223 0.907835 0.810542 0.920011 0.817259 0.843313 0.992599 0.963319 0.865933 0.942650 0.688530 0.957031 0.942125 0.842629 0.944301 0.873208
0.913553 0.949195 0.848082 0.826665 0.853168 0.857458 0.883181 0.920673 0.993629 0.896701 0.904020 0.846684 0.971784 0.906610 0.997501 0.990837 0.964248 0.988619 0.960673 0.950777 0.000000 0.968070 0.860107 0.829116 0.809779 0.847036 0.937577 0.996913 0.906658 0.896171 0.847275 0.937418 0.906792 0.918405 0.923252 0.891436 0.851468 0.950234 0.982697 0.990618 0.958117 0.948826 0.898393 0.879076 0.951694 0.992443 0.837838 0.972706 0.995560 0.985890 0.903952 0.974565 0.934615 0.982753 0.998185 0.980844 0.962219 0.906580 0.942402 0.898134 0.993829 0.939788 0.998694 0.927055 0.872579 0.872254 0.771630 0.825919 0.919516 0.940542 0.924505 0.929270 0.991860 0.926924 0.901090 0.998319 0.924053 0.995822 0.986547 0.923486 0.984861 0.994479 0.904245 0.937625 0.884567 0.881144 0.996708 0.931752 0.997474 0.915115 0.914984 0.964432 0.911261 0.853294 0.856185 0.786806 0.850255 0.906998 0.946372 0.975317 0.880582 0.902950 0.976588 0.930808 0.848740 0.909854 0.999365 0.968331 0.819065 0.999918 0.906757 0.936059 0.936444 0.972402 0.980969 0.872134
0.979674 0.970288 0.889748 0.875927 0.843521 0.953443 0.978180 0.964609 0.994737 0.976761 0.928587 0.827044 0.825200 0.865327 0.856562 0.904242 0.959850 0.893976 0.974749 0.927575 0.968070 0.000000 0.980791 0.970946 0.916219 0.976158 0.925527 0.854499 0.930877 0.977219 0.990683 0.968833 0.966066 0.943914 0.980367 0.966640 0.970511 0.941058 0.917165 0.906929 0.893110 0.950665 0.858567 0.967842 0.989360 0.942570 0.832621 0.958382 0.953472 0.937633 0.846854 0.896255 0.899025 0.956414 0.858602 0.889502 0.820872 0.896095 0.902830 0.950019 0.912093 0.920514 0.945787 0.898204 0.895200 0.897884 0.845248 0.846322 0.990618 0.993703 0.967092 0.907949 0.855357 0.929300 0.993889 0.912402 0.999236 0.987065 0.952974 0.920954 0.957157 0.961423 0.960695 0.965945 0.964386 0.987278 0.779113 0.862112 0.999376 0.992145 0.907425 0.991313 0.853434 0.816626 0.922188 0.985200 0.904302 0.917176 0.900604 0.908778 0.877468 0.794458 0.962166 0.838189 0.940093 0.857415 0.897955 0.914378 0.961065 0.878577 0.960377 0.913712 0.915777 0.941490 0.992827 0.917637
0.873623 0.952650 0.656143 0.714275 0.603743 0.995988 0.639618 0.799140 0.604656 0.718931 0.904050 0.816022 0.930222 0.954733 0.706059 0.989739 0.841586 0.733816 0.750980 0.849440 0.860107 0.980791 0.000000 0.571968 0.829249 0.898602 0.943413 0.938603 0.893053 0.831756 0.606136 0.718484 0.737524 0.823666 0.749829 0.936693 0.797079 0.984534 0.997522 0.950753 0.981434 0.970589 0.995166 0.969753 0.853361 0.875395 0.811483 0.888063 0.924580 0.853333 0.901882 0.784981 0.937918 0.884560 0.895452 0.794467 0.800362 0.870527 0.961824 0.999028 0.683597 0.908853 0.667508 0.772718 0.563647 0.722123 0.822460 0.822882 0.879289 0.872921 0.922155 0.891303 0.839932 0.939607 0.906533 0.967605 0.987381 0.911285 0.770811 0.960255 0.632816 0.535328 0.638702 0.555792 0.430897 0.515754 0.847256 0.648227 0.859445 0.632972 0.851698 0.848710 0.834560 0.971211 0.928384 0.790120 0.813823 0.991218 0.823608 0.733230 0.991017 0.888059 0.888839 0.959761 0.786831 0.796558 0.991877 0.971321 0.827831 0.985622 0.879482 0.942068 0.980174 0.887403 0.933959 0.821926
0.986143 0.993190 0.869506 0.766281 0.731349 0.971655 0.907315 0.970343 0.941428 0.924421 0.887918 0.860799 0.947133 0.925517 0.816373 0.866762 0.948083 0.888334 0.883658 0.961242 0.829116 0.970946 0.571968 0.000000 0.775392 0.731100 0.752175 0.915562 0.969177 0.923578 0.704879 0.773960 0.957065 0.884334 0.899769 0.870818 0.841429 0.839460 0.906856 0.887252 0.989460 0.937477 0.973318 0.983910 0.936223 0.950060 0.850686 0.834287 0.993436 0.999703 0.899724 0.954416 0.960085 0.874148 0.834458 0.825720 0.988052 0.861691 0.839246 0.825452 0.986903 0.947668 0.884968 0.922418 0.635293 0.697732 0.856643 0.801641 0.752539 0.929941 0.926194 0.836639 0.876378 0.939706 0.938569 0.980610 0.870547 0.969928 0.828605 0.838793 0.815547 0.742293 0.762796 0.793855 0.624844 0.510655 0.892666 0.734810 0.951024 0.900546 0.980600 0.982413 0.989114 0.946006 0.971045 0.944512 0.975399 0.948024 0.976433 0.982567 0.945609 0.812058 0.797078 0.867470 0.941795 0.885311 0.928905 0.930128 0.964530 0.980055 0.882107 0.942351 0.954485 0.967648 0.952273 0.955633
0.794157 0.820406 0.684409 0.616117 0.862312 0.982090 0.766038 0.773220 0.942981 0.865603 0.985829 0.957195 0.983325 0.889939 0.967961 0.948837 0.886101 0.763128 0.938415 0.989203 0.809779 0.916219 0.829249 0.775392 0.000000 0.690702 0.853544 0.845170 0.913386 0.917603 0.757223 0.824003 0.775423 0.778211 0.776298 0.927760 0.941704 0.901659 0.868696 0.878588 0.822220 0.899900 0.629810 0.671179 0.782511 0.768184 0.702600 0.688052 0.930176 0.875387 0.747895 0.933948 0.842260 0.775388 0.995360 0.788437 0.853988 0.962508 0.965278 0.909774 0.825509 0.916661 0.868721 0.980701 0.590901 0.630602 0.693476 0.698414 0.776955 0.797402 0.792111 0.693834 0.881770 0.948993 0.908666 0.949698 0.838642 0.944995 0.774016 0.877134 0.666576 0.683193 0.841170 0.808022 0.682004 0.546003 0.982220 0.973391 0.916785 0.853377 0.744189 0.847380 0.787566 0.667049 0.838226 0.796349 0.942348 0.977153 0.859176 0.803649 0.892177 0.996383 0.987639 0.833852 0.923179 0.796054 0.852302 0.905196 0.973371 0.932129 0.935521 0.826179 0.849602 0.974153 0.882452 0.905689
0.820699 0.922562 0.900845 0.777374 0.905549 0.912519 0.877703 0.938609 0.994312 0.898266 0.976932 0.898548 0.885214 0.977661 0.978120 0.937222 0.944805 0.913993 0.899505 0.843516 0.847036 0.976158 0.898602 0.731100 0.690702 0.000000 0.868137 0.738981 0.978996 0.944879 0.750406 0.960484 0.830330 0.862428 0.939424 0.900426 0.835438 0.932058 0.833385 0.947669 0.847313 0.777371 0.836117 0.815220 0.872036 0.869127 0.814656 0.816153 0.830238 0.968284 0.842673 0.881961 0.851015 0.732582 0.834025 0.867043 0.903528 0.855006 0.860695 0.737279 0.987247 0.941537 0.900950 0.934352 0.732727 0.840805 0.743826 0.859072 0.876730 0.981828 0.805601 0.718800 0.842052 0.925189 0.830156 0.938668 0.912612 0.879769 0.972265 0.981004 0.867235 0.850782 0.859501 0.906042 0.811509 0.615968 0.918690 0.935096 0.967291 0.846049 0.813711 0.804090 0.861003 0.754422 0.891003 0.936149 0.974288 0.902358 0.895685 0.886803 0.964434 0.974581 0.950598 0.911666 0.923336 0.898574 0.923598 0.913643 0.980991 0.908775 0.943040 0.968128 0.902270 0.972451 0.854954 0.892628
0.938711 0.987877 0.951505 0.937581 0.871684 0.816323 0.938319 0.964418 0.966666 0.798759 0.837886 0.964625 0.874151 0.993617 0.989331 0.908357 0.958546 0.939341 0.956667 0.883142 0.937577 0.925527 0.943413 0.752175 0.853544 0.868137 0.000000 0.880203 0.969623 0.932569 0.946520 0.948800 0.883022 0.947975 0.863460 0.886630 0.981184 0.946769 0.820493 0.918016 0.854403 0.945093 0.803047 0.892626 0.917397 0.884389 0.961659 0.974411 0.917359 0.802245 0.895900 0.806103 0.990610 0.936014 0.900782 0.845562 0.891710 0.838620 0.792492 0.826416 0.940547 0.978680 0.951748 0.837334 0.856521 0.799500 0.969226 0.993759 0.755014 0.996400 0.964199 0.859785 0.914332 0.981134 0.996060 0.930398 0.912027 0.975599 0.943491 0.809064 0.941645 0.905822 0.974126 0.988139 0.949139 0.759075 0.993789 0.943963 0.847460 0.944586 0.918326 0.966115 0.936237 0.989250 0.908742 0.855998 0.879450 0.900211 0.866128 0.869387 0.998690 0.797708 0.759174 0.759618 0.920806 0.994943 0.991631 0.881680 0.998987 0.968912 0.840470 0.882452 0.942935 0.986821 0.988446 0.971889
0.991680 0.843980 0.892348 0.996443 0.862985 0.881116 0.822236 0.872384 0.896244 0.795115 0.908119 0.969633 0.945510 0.929206 0.961869 0.814734 0.943176 0.964424 0.974054 0.755596 0.996913 0.854499 0.938603 0.915562 0.845170 0.738981 0.880203 0.000000 0.865809 0.968020 0.934581 0.929166 0.960682 0.982011 0.996990 0.995607 0.888394 0.922167 0.994946 0.955360 0.931384 0.996922 0.896253 0.909442 0.864514 0.929076 0.891630 0.927838 0.922461 0.949122 0.962801 0.865763 0.802093 0.786134 0.987361 0.931095 0.991321 0.926188 0.776035 0.776933 0.791992 0.892338 0.983953 0.890695 0.970271 0.961917 0.979223 0.941375 0.974624 0.949368 0.952276 0.828248 0.911510 0.954161 0.890521 0.954098 0.947642 0.919364 0.951776 0.859799 0.959098 0.982340 0.919817 0.994870 0.920641 0.855107 0.962077 0.962980 0.938831 0.937258 0.938399 0.903982 0.939448 0.994019 0.974368 0.999937 0.776675 0.859680 0.967754 0.967239 0.987230 0.911606 0.999919 0.980138 0.980686 0.953749 0.928544 0.849772 0.798449 0.988710 0.846691 0.966203 0.890560 0.949764 0.869595 0.937993
0.712474 0.718661 0.938875 0.990698 0.942465 0.991738 0.902501 0.834053 0.858132 0.786304 0.873498 0.821768 0.861848 0.910310 0.783125 0.966892 0.704560 0.693772 0.619736 0.847608 0.906658 0.930877 0.893053 0.969177 0.913386 0.978996 0.969623 0.865809 0.000000 0.571989 0.941366 0.813596 0.810762 0.753914 0.904759 0.941759 0.968951 0.820196 0.972646 0.965842 0.903569 0.923459 0.957281 0.949005 0.972556 0.963696 0.858667 0.990130 0.957476 0.884695 0.865837 0.908503 0.861299 0.994510 0.887089 0.797420 0.742692 0.823692 0.980268 0.978281 0.795391 0.655838 0.671130 0.666941 0.950402 0.904046 0.951481 0.981666 0.834370 0.905923 0.868504 0.958287 0.778234 0.794729 0.889586 0.881177 0.911402 0.850206 0.904698 0.970977 0.758108 0.825044 0.802398 0.709840 0.921402 0.898563 0.974708 0.889552 0.879920 0.786868 0.966021 0.864420 0.889687 0.811546 0.976235 0.885988 0.976808 0.940756 0.965683 0.892142 0.982411 0.873072 0.911775 0.987796 0.942171 0.969856 0.885879 0.955187 0.992503 0.986048 0.914547 0.963535 0.754969 0.946551 0.980269 0.838893
0.630061 0.655944 0.933158 0.914254 0.882441 0.913637 0.822937 0.742407 0.954067 0.859446 0.903775 0.667611 0.739235 0.716060 0.694067 0.791049 0.644271 0.548833 0.645901 0.775220 0.896171 0.977219 0.831756 0.923578 0.917603 0.944879 0.932569 0.968020 0.571989 0.000000 0.772210 0.738082 0.701795 0.702694 0.880104 0.856929 0.930748 0.902933 0.831032 0.863402 0.964829 0.959079 0.848466 0.829069 0.933895 0.850562 0.691279 0.769451 0.824243 0.948304 0.962834 0.945997 0.940405 0.982588 0.706709 0.771997 0.631802 0.704019 0.898761 0.937252 0.684169 0.620450 0.589271 0.624534 0.848858 0.758382 0.977063 0.904311 0.990222 0.985833 0.984883 0.843813 0.887873 0.864747 0.916519 0.861371 0.923779 0.847104 0.754883 0.747535 0.660989 0.601851 0.686076 0.613385 0.773641 0.774020 0.838994 0.862289 0.812746 0.747896 0.892235 0.839739 0.818523 0.812926 0.877623 0.970607 0.996087 0.978910 0.869026 0.988109 0.981107 0.895197 0.933524 0.987076 0.977530 0.877504 0.948827 0.873871 0.919495 0.984238 0.925468 0.951051 0.860925 0.985707 0.957425 0.975338
0.831609 0.959389 0.805469 0.773291 0.799230 0.910976 0.788954 0.808860 0.908733 0.793663 0.970586 0.902275 0.970156 0.911777 0.803567 0.908433 0.917310 0.817652 0.812050 0.933684 0.847275 0.990683 0.606136 0.704879 0.757223 0.750406 0.946520 0.934581 0.941366 0.772210 0.000000 0.615717 0.615995 0.746350 0.695956 0.919602 0.905355 0.850399 0.864051 0.802612 0.874642 0.914090 0.730256 0.788264 0.649067 0.671071 0.686896 0.624836 0.697250 0.772146 0.731426 0.796677 0.902499 0.811550 0.863023 0.761881 0.795216 0.903321 0.976600 0.945550 0.845846 0.929823 0.772041 0.846127 0.800070 0.792390 0.722631 0.708605 0.819092 0.924892 0.752375 0.753169 0.866284 0.847015 0.961025 0.938216 0.981926 0.870987 0.858453 0.987243 0.764860 0.692713 0.732299 0.689899 0.646859 0.618188 0.949168 0.766966 0.977919 0.851522 0.828101 0.851121 0.816344 0.911359 0.972441 0.876149 0.861527 0.908051 0.729413 0.802307 0.946827 0.907013 0.921708 0.914647 0.959597 0.872601 0.998463 0.900595 0.846313 0.937739 0.882191 0.852197 0.874111 0.855743 0.938323 0.864066
0.945026 0.942928 0.865505 0.910023 0.859482 0.984685 0.939574 0.911881 0.964156 0.919319 0.955975 0.999123 0.983788 0.780166 0.662784 0.821165 0.903308 0.810556 0.860284 0.989881 0.937418 0.968833 0.718484 0.773960 0.824003 0.960484 0.948800 0.929166 0.813596 0.738082 0.615717 0.000000 0.786014 0.805219 0.848207 0.876576 0.952576 0.911589 0.908201 0.706753 0.983270 0.988342 0.917818 0.898305 0.794077 0.854969 0.741218 0.763785 0.961120 0.936796 0.996641 0.947912 0.911195 0.895867 0.833874 0.742978 0.892891 0.965691 0.848356 0.912900 0.917481 0.949060 0.824365 0.885794 0.806649 0.797980 0.831078 0.815870 0.846384 0.924425 0.999694 0.792395 0.898874 0.794966 0.944978 0.859373 0.988364 0.974532 0.786605 0.860206 0.853040 0.728634 0.704167 0.669489 0.767279 0.675120 0.810188 0.764514 0.978498 0.836721 0.954798 0.939951 0.898546 0.998677 0.866649 0.856425 0.996343 0.924179 0.876924 0.958246 0.971790 0.877384 0.883944 0.905152 0.947109 0.988616 0.998916 0.982099 0.933969 0.898384 0.933213 0.822736 0.923552 0.957483 0.912674 0.812284
0.591809 0.641893 0.584172 0.630555 0.975941 0.879198 0.528529 0.590416 0.833624 0.654512 0.912573 0.959320 0.935624 0.984251 0.898217 0.909670 0.722286 0.572230 0.603862 0.727527 0.906792 0.966066 0.737524 0.957065 0.775423 0.830330 0.883022 0.960682 0.810762 0.701795 0.615995 0.786014 0.000000 0.575965 0.768206 0.968729 0.993301 0.951975 0.925250 0.872136 0.839169 0.833004 0.638988 0.575150 0.691287 0.610400 0.691226 0.603348 0.788337 0.756636 0.778341 0.823272 0.916529 0.997809 0.857377 0.911428 0.603400 0.707060 0.700984 0.863126 0.576806 0.738180 0.526613 0.588085 0.717017 0.751387 0.601945 0.636569 0.947351 0.914300 0.891298 0.914816 0.927900 0.831513 0.968214 0.978824 0.809550 0.972756 0.873954 0.974509 0.547881 0.565526 0.788671 0.677346 0.638464 0.740408 0.946827 0.904971 0.828347 0.756708 0.714221 0.789491 0.748822 0.804038 0.778198 0.729511 0.716097 0.929930 0.560841 0.641672 0.850719 0.971085 0.903793 0.710528 0.866644 0.699037 0.902243 0.797393 0.815382 0.831194 0.778452 0.765125 0.857278 0.977461 0.905097 0.927924
0.568305 0.739161 0.625368 0.544643 0.980918 0.844360 0.602396 0.464004 0.928638 0.690711 0.673979 0.819086 0.901686 0.913877 0.954039 0.927838 0.817931 0.635639 0.685999 0.710791 0.918405 0.943914 0.823666 0.884334 0.778211 0.862428 0.947975 0.982011 0.753914 0.702694 0.746350 0.805219 0.575965 0.000000 0.785444 0.810379 0.998680 0.964280 0.857831 0.698900 0.972169 0.916852 0.721873 0.668501 0.927737 0.784428 0.674823 0.676051 0.978849 0.941907 0.829878 0.845476 0.915171 0.820823 0.897427 0.765921 0.753236 0.822419 0.694409 0.674067 0.638450 0.553051 0.648672 0.588778 0.721542 0.559503 0.557182 0.504965 0.955426 0.806723 0.953719 0.839131 0.761952 0.744025 0.896191 0.969749 0.809261 0.846145 0.908741 0.890665 0.652164 0.663558 0.949658 0.779228 0.706784 0.769261 0.913672 0.965570 0.851344 0.652995 0.851966 0.961448 0.853887 0.901210 0.864053 0.716737 0.710928 0.981899 0.593122 0.662784 0.760278 0.997996 0.807316 0.797990 0.743609 0.743627 0.998753 0.802830 0.813410 0.833607 0.756071 0.871913 0.824818 0.921075 0.932345 0.970900
0.820972 0.905936 0.761054 0.710469 0.959453 0.873111 0.773027 0.775636 0.964088 0.856562 0.863002 0.938708 0.970035 0.886081 0.992125 0.873015 0.850372 0.817292 0.821787 0.782796 0.923252 0.980367 0.749829 0.899769 0.776298 0.939424 0.863460 0.996990 0.904759 0.880104 0.695956 0.848207 0.768206 0.785444 0.000000 0.935588 0.928747 0.930774 0.986352 0.875047 0.993909 0.922516 0.763077 0.819124 0.800855 0.760977 0.845982 0.816503 0.908910 0.826070 0.803550 0.747546 0.877441 0.860589 0.937234 0.721561 0.916982 0.903268 0.956551 0.892567 0.800358 0.851439 0.780604 0.772606 0.792076 0.863686 0.777831 0.805988 0.979337 0.811122 0.805446 0.800592 0.888533 0.923417 0.936149 0.950340 0.880077 0.890984 0.777127 0.986657 0.679029 0.696172 0.775691 0.674359 0.738143 0.762253 0.884736 0.882568 0.999527 0.814764 0.766096 0.817410 0.754690 0.857689 0.836311 0.703307 0.870352 0.958325 0.762798 0.777074 0.946872 0.792239 0.864260 0.822963 0.994155 0.823967 0.925944 0.793529 0.856357 0.977859 0.851078 0.824773 0.971553 0.976641 0.833320 0.919273
0.913890 0.990439 0.917699 0.774597 0.920906 0.899377 0.943503 0.820404 0.937107 0.938855 0.827119 0.830220 0.987131 0.953159 0.934384 0.955243 0.892958 0.798578 0.967038 0.968940 0.891436 0.966640 0.936693 0.870818 0.927760 0.900426 0.886630 0.995607 0.941759 0.856929 0.919602 0.876576 0.968729 0.810379 0.935588 0.000000 0.830643 0.932779 0.897184 0.738029 0.981911 0.970830 0.976765 0.997416 0.982552 0.991563 0.980704 0.930263 0.978742 0.967430 0.950699 0.993150 0.963828 0.936395 0.822403 0.844640 0.947727 0.994086 0.950447 0.952499 0.908289 0.841580 0.941459 0.948640 0.804997 0.794542 0.899573 0.823318 0.794946 0.959219 0.776367 0.866969 0.867224 0.941400 0.855135 0.989486 0.951561 0.885182 0.943827 0.941200 0.897922 0.834826 0.971115 0.989829 0.905041 0.846315 0.931496 0.974244 0.951667 0.819509 0.985241 0.935975 0.933791 0.982553 0.744057 0.988070 0.960724 0.948831 0.880392 0.957921 0.954613 0.863455 0.932941 0.913780 0.960118 0.914614 0.928673 0.971256 0.959637 0.931183 0.974981 0.924741 0.993243 0.966237 0.936957 0.965064
0.935038 0.932465 0.973248 0.938743 0.906949 0.796467 0.946131 0.981406 0.967255 0.959118 0.965162 0.982858 0.940040 0.982810 0.919122 0.875030 0.908001 0.982935 0.993488 0.983120 0.851468 0.970511 0.797079 0.841429 0.941704 0.835438 0.981184 0.888394 0.968951 0.930748 0.905355 0.952576 0.993301 0.998680 0.928747 0.830643 0.000000 0.895668 0.940256 0.979920 0.989649 0.876790 0.970402 0.962768 0.910992 0.984619 0.955745 0.906234 0.913640 0.914869 0.965110 0.934182 0.834535 0.849195 0.909576 0.915574 0.963945 0.956306 0.912372 0.915019 0.927972 0.964018 0.983763 0.934064 0.894450 0.956328 0.998667 0.931149 0.940010 0.935781 0.819787 0.821333 0.916898 0.789531 0.894114 0.966006 0.960876 0.852134 0.846686 0.910505 0.989110 0.991899 0.864407 0.864039 0.950312 0.894095 0.898905 0.947749 0.967753 0.946169 0.941993 0.968957 0.881558 0.994698 0.964408 0.970257 0.859893 0.930707 0.935759 0.924326 0.970126 0.894494 0.898474 0.978908 0.924452 0.862375 0.867423 0.975823 0.973263 0.955073 0.947964 0.894641 0.893289 0.822863 0.792815 0.980521
0.848100 0.928813 0.972784 0.845156 0.817630 0.957630 0.903104 0.996095 0.890415 0.955102 0.897710 0.929310 0.789556 0.987378 0.885000 0.972599 0.813126 0.859751 0.836235 0.873568 0.950234 0.941058 0.984534 0.839460 0.901659 0.932058 0.946769 0.922167 0.820196 0.902933 0.850399 0.911589 0.951975 0.964280 0.930774 0.932779 0.895668 0.000000 0.900686 0.958992 0.948592 0.769924 0.675110 0.702460 0.680657 0.650519 0.780751 0.737729 0.764247 0.799470 0.722553 0.810225 0.956575 0.893217 0.989917 0.875977 0.906384 0.798839 0.933758 0.883299 0.744004 0.873077 0.868308 0.865188 0.964719 0.970495 0.786408 0.726449 0.878623 0.905843 0.797897 0.756088 0.844909 0.891935 0.955513 0.955863 0.996781 0.968441 0.960188 0.968720 0.882295 0.941675 0.962693 0.963620 0.932494 0.963468 0.999785 0.993368 0.791739 0.863825 0.897214 0.881457 0.775675 0.827552 0.912360 0.985698 0.891275 0.796393 0.873292 0.933512 0.811896 0.908572 0.866295 0.770778 0.943460 0.871499 0.946503 0.845428 0.971645 0.933878 0.948722 0.919645 0.939339 0.824242 0.978008 0.913199
