0.000000 0.116679 0.244665 0.315534 0.760839 0.640763 0.626282 0.483594 0.534706 0.616988 0.309219 0.214418 0.256227 0.297081 0.486708 0.549184 0.201034 0.178336 0.207381 0.159899 0.429884 0.961486 0.491419 0.351225 0.237898 0.469266 0.372780 0.851777 0.386765 0.363183 0.710238 0.579081 0.289050 0.389624 0.695178 0.931036 0.501763 0.555229 0.754232 0.651041 0.546689 0.636651 0.971210 0.757167 0.837433 0.933623 0.511858 0.589470 0.842953 0.663486 0.790762 0.705176 0.997409 0.700538 0.299295 0.428415 0.120678 0.122563 0.335912 0.275000 0.284380 0.413115 0.192690 0.211565 0.209228 0.329875 0.574083 0.673478 0.228935 0.267759 0.755696 0.520875 0.976141 0.900538 0.730940 0.971859 0.958036 0.934337 0.421364 0.368231 0.204825 0.235431 0.275413 0.189737 0.157053 0.163204 0.732951 0.455584 0.452188 0.224262 0.294275 0.359125 0.336235 0.351416 0.964356 0.900297 0.930339 0.883317 0.770810 0.877156 0.669728 0.644591 0.984632 0.774508 0.772036 0.790572 0.902760 0.835258 0.694987 0.704156 0.771755 0.986072 0.822196 0.996801 0.656743 0.553277
0.116679 0.000000 0.244304 0.293595 0.837424 0.661969 0.592017 0.436787 0.549665 0.664456 0.365739 0.213738 0.290410 0.303236 0.480264 0.514243 0.191269 0.180241 0.209371 0.171908 0.460700 0.996265 0.429919 0.321804 0.261203 0.485394 0.381942 0.881968 0.369272 0.337213 0.624685 0.546652 0.270991 0.337106 0.658403 0.866322 0.487844 0.531272 0.698335 0.696758 0.587850 0.625955 0.900581 0.692484 0.906623 0.861528 0.459160 0.536630 0.778130 0.604810 0.712275 0.625112 0.921856 0.788105 0.295846 0.390129 0.115147 0.115933 0.307997 0.267079 0.282488 0.379228 0.196302 0.190315 0.230654 0.332599 0.523832 0.619518 0.260091 0.251625 0.821680 0.561721 0.912582 0.948957 0.707911 0.931432 0.961616 0.947927 0.383428 0.335941 0.182564 0.259806 0.276847 0.201580 0.180778 0.171607 0.728938 0.463257 0.482325 0.222822 0.290622 0.354016 0.335777 0.330169 0.996574 0.909953 0.950508 0.913891 0.800926 0.931050 0.656981 0.658731 0.965045 0.820499 0.749460 0.748475 0.839142 0.821198 0.744725 0.686757 0.752588 0.975787 0.876061 0.984064 0.630399 0.588544
0.244665 0.244304 0.000000 0.221299 0.869449 0.776320 0.452950 0.362139 0.725278 0.801051 0.493248 0.340955 0.294282 0.348253 0.474386 0.507082 0.342009 0.315873 0.246273 0.275556 0.479861 0.887403 0.376629 0.324287 0.367346 0.494406 0.514324 0.988195 0.438144 0.471874 0.595552 0.467885 0.341601 0.372207 0.716531 0.987735 0.529502 0.546489 0.830930 0.645456 0.574242 0.593648 0.802671 0.656250 0.970606 0.848130 0.495142 0.575191 0.774125 0.600292 0.678344 0.621059 0.851576 0.896171 0.351364 0.503190 0.236849 0.256364 0.378613 0.321411 0.312366 0.380025 0.287034 0.297452 0.294892 0.335536 0.508366 0.618145 0.369040 0.329690 0.947447 0.753343 0.766162 0.887633 0.762319 0.850950 0.881411 0.874839 0.409122 0.443477 0.310509 0.371663 0.371710 0.384897 0.281843 0.257496 0.795176 0.586343 0.495783 0.349878 0.548427 0.557838 0.548326 0.504244 0.877089 0.880924 0.848374 0.935190 0.994564 0.932926 0.816172 0.835536 0.999279 0.817637 0.729514 0.657835 0.711480 0.951345 0.818883 0.692157 0.744066 0.906989 0.999232 0.893244 0.575597 0.669791
0.315534 0.293595 0.221299 0.000000 0.984631 0.882550 0.338641 0.192458 0.870424 0.975659 0.666074 0.394582 0.385338 0.343764 0.561245 0.416249 0.431051 0.414534 0.331648 0.423024 0.587602 0.918575 0.279775 0.262289 0.461525 0.488474 0.616695 0.992405 0.548538 0.517169 0.452433 0.407088 0.337371 0.378222 0.620615 0.876918 0.518925 0.568688 0.839977 0.636453 0.695134 0.614626 0.664566 0.546609 0.890213 0.717324 0.459953 0.509404 0.659015 0.475052 0.480672 0.412971 0.614965 0.831316 0.384912 0.510062 0.291781 0.307952 0.301468 0.222612 0.321748 0.290853 0.328251 0.293323 0.417877 0.316182 0.415570 0.457896 0.545231 0.334839 0.870505 0.854810 0.677491 0.800595 0.729930 0.803163 0.786559 0.796851 0.359880 0.451365 0.395218 0.540188 0.440158 0.471995 0.390116 0.284771 0.922343 0.629993 0.506397 0.353631 0.641356 0.644348 0.631334 0.544551 0.802930 0.833374 0.827348 0.812807 0.878559 0.816374 0.949553 0.956689 0.945343 0.748168 0.651346 0.569910 0.630385 0.878450 0.865038 0.630957 0.727396 0.793660 0.892542 0.814728 0.492038 0.816726
0.760839 0.837424 0.869449 0.984631 0.000000 0.653607 0.906744 0.887421 0.684022 0.613665 0.805666 0.946153 0.941431 0.992492 0.869392 0.760776 0.911974 0.889883 0.840625 0.772805 0.907041 0.890673 0.897659 0.929625 0.844162 0.974024 0.901730 0.974196 0.941461 0.951983 0.829347 0.879572 0.934465 0.949861 0.975840 0.724848 0.989332 0.945661 0.888746 0.894951 0.816679 0.950839 0.842412 0.905346 0.754073 0.849184 0.979990 0.963064 0.918556 0.925326 0.833112 0.837883 0.648435 0.556861 0.904209 0.906017 0.806998 0.835610 0.848405 0.832044 0.993079 0.865023 0.898264 0.943972 0.837138 0.944115 0.974711 0.909807 0.673134 0.821046 0.643154 0.712196 0.695454 0.647115 0.832318 0.985732 0.960577 0.811615 0.986588 0.942903 0.893701 0.827806 0.957994 0.817968 0.807615 0.836599 0.961143 0.817330 0.829456 0.822802 0.813983 0.845886 0.904904 0.822011 0.912958 0.967285 0.808948 0.825066 0.851640 0.899154 0.771307 0.753020 0.802152 0.971010 0.917911 0.903275 0.910783 0.995316 0.766551 0.926639 0.963862 0.914701 0.841245 0.938292 0.976272 0.710796
0.640763 0.661969 0.776320 0.882550 0.653607 0.000000 0.840480 0.915045 0.514089 0.597004 0.608409 0.710826 0.873869 0.810143 0.977787 0.939591 0.708941 0.686847 0.698820 0.625068 0.872542 0.892370 0.977009 0.863461 0.745885 0.940857 0.688448 0.944817 0.823322 0.770308 0.888225 0.896202 0.811269 0.927080 0.953908 0.960328 0.884269 0.951075 0.899573 0.982706 0.653357 0.850134 0.722259 0.809788 0.703583 0.852757 0.987374 0.986654 0.908332 0.915123 0.820544 0.824233 0.671217 0.521536 0.898962 0.880301 0.649136 0.660930 0.798686 0.796269 0.854767 0.978740 0.762071 0.768234 0.665065 0.937636 0.941458 0.916277 0.582586 0.749268 0.657069 0.679600 0.603831 0.586879 0.941230 0.855910 0.658721 0.677336 0.948070 0.978925 0.795575 0.717610 0.776123 0.653594 0.707395 0.748710 0.827036 0.782555 0.962505 0.751624 0.513844 0.625120 0.649989 0.664019 0.857503 0.865953 0.893614 0.924518 0.674577 0.690582 0.734592 0.699757 0.909659 0.980465 0.794159 0.827111 0.846149 0.684487 0.727469 0.946665 0.842928 0.889043 0.690873 0.801740 0.853777 0.761511
0.626282 0.592017 0.452950 0.338641 0.906744 0.840480 0.000000 0.197049 0.916095 0.548111 0.960056 0.655115 0.636896 0.610878 0.692834 0.567361 0.655533 0.681397 0.499958 0.694490 0.704561 0.882614 0.336396 0.612835 0.805056 0.692082 0.871562 0.973993 0.559965 0.666492 0.332155 0.376304 0.365077 0.331920 0.638617 0.917167 0.567510 0.625679 0.928839 0.716796 0.880642 0.579723 0.400146 0.332604 0.495274 0.422769 0.427776 0.455335 0.397646 0.317548 0.270254 0.274310 0.353805 0.518566 0.509982 0.529202 0.556485 0.588728 0.356809 0.393956 0.401415 0.352172 0.447964 0.435030 0.729921 0.583700 0.337130 0.351838 0.892125 0.577619 0.538757 0.856166 0.354052 0.481168 0.733411 0.585261 0.574374 0.498164 0.403328 0.576001 0.628221 0.875914 0.640790 0.810152 0.675100 0.632821 0.747662 0.973793 0.652840 0.657028 0.950796 0.990621 0.851643 0.797341 0.667784 0.706089 0.659471 0.669675 0.532619 0.481458 0.865072 0.722816 0.712862 0.588919 0.495674 0.405849 0.515041 0.731098 0.930439 0.748032 0.686695 0.557797 0.526863 0.544371 0.345507 0.954088
0.483594 0.436787 0.362139 0.192458 0.887421 0.915045 0.197049 0.000000 0.897779 0.698030 0.819727 0.472760 0.492474 0.443838 0.596356 0.367653 0.537036 0.537544 0.458744 0.593163 0.671889 0.941309 0.274467 0.375651 0.658382 0.604382 0.776545 0.972471 0.523423 0.527937 0.359288 0.417126 0.349635 0.356973 0.600780 0.868284 0.515894 0.533221 0.931738 0.667086 0.810378 0.623324 0.520388 0.438424 0.671435 0.564774 0.458735 0.509935 0.539751 0.391133 0.329108 0.296165 0.411644 0.580659 0.439407 0.549725 0.421701 0.433541 0.362479 0.313428 0.298890 0.198827 0.379316 0.312558 0.562100 0.354060 0.379511 0.353744 0.779466 0.447166 0.646399 0.926450 0.464553 0.591042 0.690631 0.666902 0.681491 0.619351 0.368038 0.515036 0.509031 0.743392 0.531856 0.650086 0.561832 0.457346 0.981138 0.821885 0.566342 0.528198 0.790984 0.765803 0.714806 0.620586 0.754108 0.781036 0.806527 0.801410 0.737165 0.662837 0.938678 0.923442 0.871068 0.734737 0.536815 0.534580 0.581332 0.804828 0.990694 0.703405 0.737087 0.706100 0.724448 0.691371 0.434842 0.927766
0.534706 0.549665 0.725278 0.870424 0.684022 0.514089 0.916095 0.897779 0.000000 0.469032 0.570621 0.664002 0.785796 0.682146 0.893806 0.922578 0.533199 0.513572 0.552721 0.496924 0.727191 0.958147 0.979185 0.777308 0.468927 0.625309 0.515312 0.927158 0.748169 0.701681 0.943429 0.934831 0.688003 0.734920 0.863247 0.839338 0.703952 0.833690 0.807688 0.921806 0.745755 0.980793 0.885470 0.939529 0.819719 0.966479 0.774289 0.776831 0.941881 0.899580 0.902661 0.950109 0.762961 0.577642 0.631695 0.520952 0.547901 0.559277 0.633661 0.686779 0.883744 0.994250 0.666821 0.708165 0.679014 0.865294 0.810619 0.970044 0.460036 0.643168 0.622772 0.571380 0.761984 0.746878 0.903308 0.967348 0.910407 0.757343 0.801006 0.709317 0.559532 0.447694 0.601460 0.395811 0.532833 0.566374 0.764483 0.516390 0.688126 0.493267 0.511777 0.671411 0.622612 0.706760 0.969590 0.876472 0.975403 0.971695 0.769823 0.939063 0.705286 0.723041 0.860738 0.791743 0.948642 0.896475 0.980320 0.845428 0.713099 0.792595 0.780297 0.937944 0.765547 0.944853 0.975019 0.708752
0.616988 0.664456 0.801051 0.975659 0.613665 0.597004 0.548111 0.698030 0.469032 0.000000 0.512009 0.752417 0.743682 0.830631 0.913232 0.859793 0.736994 0.672424 0.826756 0.609888 0.765140 0.911861 0.780586 0.831111 0.549755 0.814323 0.608880 0.820873 0.989209 0.883326 0.554994 0.763171 0.937787 0.870442 0.915033 0.950847 0.955828 0.831927 0.757673 0.931365 0.700474 0.929361 0.488888 0.587944 0.357873 0.459747 0.834755 0.800303 0.533013 0.607038 0.463449 0.533806 0.384128 0.285896 0.913066 0.971220 0.699451 0.679432 0.967899 0.964782 0.990740 0.847191 0.914661 0.921478 0.611925 0.807481 0.741529 0.624786 0.439880 0.731114 0.353668 0.478576 0.488548 0.486822 0.920887 0.662655 0.592851 0.497269 0.922383 0.869692 0.693026 0.460775 0.762790 0.528352 0.611413 0.632939 0.577148 0.559601 0.811858 0.683103 0.536911 0.557619 0.727094 0.774243 0.664632 0.875187 0.812454 0.667285 0.419296 0.492818 0.570620 0.496606 0.746649 0.793184 0.754604 0.729670 0.727712 0.630029 0.695383 0.980353 0.938035 0.572289 0.410890 0.720879 0.706595 0.571407
0.309219 0.365739 0.493248 0.666074 0.805666 0.608409 0.960056 0.819727 0.570621 0.512009 0.000000 0.273737 0.291259 0.340042 0.445868 0.595463 0.285996 0.232224 0.436368 0.275568 0.585766 0.841299 0.845246 0.586254 0.406626 0.731181 0.433002 0.776979 0.399349 0.340400 0.946569 0.868877 0.600852 0.626230 0.976170 0.928118 0.692102 0.692778 0.833539 0.761992 0.531211 0.905147 0.659227 0.839751 0.562366 0.710699 0.897023 0.990877 0.761119 0.928800 0.774082 0.847737 0.680935 0.449963 0.543911 0.713003 0.351565 0.325591 0.790144 0.724738 0.370082 0.551797 0.396737 0.403176 0.217612 0.402254 0.988850 0.935365 0.363349 0.602959 0.574803 0.526475 0.833153 0.780259 0.739853 0.888365 0.588998 0.765987 0.737608 0.618841 0.408214 0.321434 0.397658 0.321106 0.339297 0.390929 0.483575 0.591981 0.595024 0.542212 0.268306 0.285831 0.270123 0.387304 0.752810 0.940096 0.709717 0.633551 0.410417 0.530928 0.527573 0.520087 0.790932 0.924571 0.872209 0.861313 0.799747 0.622917 0.658561 0.948301 0.958271 0.703481 0.550059 0.726463 0.933886 0.503605
0.214418 0.213738 0.340955 0.394582 0.946153 0.710826 0.655115 0.472760 0.664002 0.752417 0.273737 0.000000 0.197368 0.191601 0.320682 0.347256 0.160509 0.149397 0.260587 0.214242 0.487046 0.899009 0.455089 0.344224 0.299304 0.552864 0.405304 0.883168 0.286053 0.210420 0.648028 0.565726 0.331349 0.368407 0.664256 0.863837 0.499351 0.552237 0.735724 0.629061 0.565882 0.758679 0.995088 0.798896 0.882467 0.936629 0.569976 0.651973 0.912275 0.709931 0.813646 0.733300 0.936727 0.810022 0.297402 0.477962 0.213371 0.176881 0.521198 0.449228 0.195736 0.273404 0.191360 0.159292 0.202022 0.247650 0.686761 0.705782 0.345102 0.391289 0.854490 0.686416 0.895164 0.974084 0.631285 0.961545 0.919765 0.972448 0.453676 0.357871 0.225869 0.284475 0.226760 0.240055 0.231319 0.234778 0.585534 0.506058 0.464807 0.364309 0.291774 0.315888 0.266147 0.285704 0.936159 0.953045 0.846351 0.791684 0.684969 0.801933 0.669463 0.659542 0.981428 0.883606 0.804570 0.859397 0.966051 0.734294 0.689175 0.708031 0.819632 0.921722 0.773901 0.878459 0.651734 0.585779
0.256227 0.290410 0.294282 0.385338 0.941431 0.873869 0.636896 0.492474 0.785796 0.743682 0.291259 0.197368 0.000000 0.184860 0.254886 0.324952 0.267691 0.226093 0.304673 0.280912 0.518954 0.953229 0.484075 0.332067 0.332667 0.493930 0.443113 0.839815 0.378951 0.357251 0.750266 0.525798 0.414675 0.417111 0.732237 0.993496 0.610378 0.626681 0.847630 0.655293 0.569704 0.707066 0.961605 0.880706 0.778119 0.933721 0.650092 0.762625 0.968976 0.805001 0.878601 0.790437 0.970284 0.795280 0.344866 0.579358 0.280939 0.258204 0.597708 0.508697 0.215240 0.346100 0.247146 0.262711 0.209911 0.216615 0.787607 0.819775 0.394009 0.446062 0.785803 0.694647 0.870309 0.939308 0.664916 0.998501 0.886247 0.953193 0.518494 0.418689 0.275280 0.273070 0.293846 0.308569 0.229998 0.220992 0.592734 0.515780 0.463532 0.432544 0.425688 0.425180 0.382925 0.414976 0.893177 0.999408 0.872199 0.790134 0.718647 0.826119 0.683341 0.795212 0.914323 0.918776 0.871736 0.871285 0.937455 0.779171 0.682807 0.870128 0.889390 0.820165 0.750265 0.882069 0.659466 0.565331
0.297081 0.303236 0.348253 0.343764 0.992492 0.810143 0.610878 0.443838 0.682146 0.830631 0.340042 0.191601 0.184860 0.000000 0.267766 0.259270 0.228512 0.202544 0.275564 0.296436 0.560701 0.908109 0.401505 0.261390 0.329539 0.464363 0.456660 0.907048 0.366825 0.268050 0.626675 0.471749 0.378789 0.365107 0.713527 0.865611 0.555293 0.632756 0.785978 0.677773 0.660467 0.790087 0.928159 0.766248 0.904072 0.928488 0.568647 0.631611 0.913570 0.684397 0.767358 0.680208 0.836650 0.945715 0.320024 0.493639 0.293122 0.262908 0.542717 0.469115 0.233813 0.284711 0.255857 0.224882 0.277193 0.201798 0.687928 0.693455 0.464371 0.461237 0.906060 0.753348 0.807187 0.829656 0.643051 0.884716 0.961896 0.986422 0.453170 0.397460 0.279751 0.308797 0.250963 0.269386 0.279387 0.226615 0.592205 0.443638 0.456867 0.400240 0.422076 0.442760 0.389723 0.415515 0.981967 0.946619 0.871410 0.887588 0.783388 0.938019 0.757433 0.808185 0.963466 0.844765 0.823080 0.765454 0.865401 0.846097 0.672053 0.810163 0.776908 0.947553 0.830941 0.931681 0.631349 0.654551
0.486708 0.480264 0.474386 0.561245 0.869392 0.977787 0.692834 0.596356 0.893806 0.913232 0.445868 0.320682 0.254886 0.267766 0.000000 0.300257 0.368913 0.361811 0.475375 0.427353 0.628501 0.931868 0.507284 0.410247 0.530146 0.628314 0.610698 0.852799 0.389172 0.380150 0.725799 0.596831 0.563083 0.456264 0.806795 0.997658 0.736814 0.830033 0.826766 0.757243 0.751336 0.825316 0.923640 0.834826 0.951123 0.959870 0.677555 0.736694 0.935801 0.786851 0.815380 0.767114 0.852147 0.965693 0.418403 0.612133 0.485973 0.460049 0.750494 0.724197 0.327619 0.429541 0.415882 0.409468 0.370732 0.358962 0.861563 0.891659 0.621918 0.701356 0.858743 0.819157 0.763835 0.794488 0.688161 0.907957 0.987938 0.979501 0.564343 0.514056 0.395448 0.433413 0.429916 0.467921 0.410251 0.443751 0.677024 0.632073 0.640575 0.625808 0.581636 0.577459 0.470648 0.533146 0.946431 0.995632 0.757559 0.833842 0.825042 0.909320 0.720915 0.857963 0.993997 0.889495 0.938031 0.865689 0.871691 0.736925 0.724406 0.965391 0.928661 0.892945 0.894294 0.893786 0.700325 0.738097
0.549184 0.514243 0.507082 0.416249 0.760776 0.939591 0.567361 0.367653 0.922578 0.859793 0.595463 0.347256 0.324952 0.259270 0.300257 0.000000 0.429898 0.441031 0.530764 0.570968 0.682337 0.910942 0.398948 0.334924 0.585625 0.636394 0.726634 0.969268 0.444640 0.371591 0.549576 0.490009 0.528038 0.454397 0.773682 0.903727 0.684087 0.689949 0.902917 0.639683 0.806267 0.844938 0.834616 0.757465 0.940491 0.848520 0.659562 0.702047 0.852317 0.659385 0.627399 0.559651 0.616354 0.756806 0.446725 0.668975 0.496835 0.468000 0.658818 0.602667 0.309923 0.263067 0.411157 0.355358 0.495948 0.285142 0.744891 0.636453 0.791137 0.617244 0.899739 0.985160 0.677816 0.718407 0.596436 0.772702 0.898289 0.876971 0.527315 0.502890 0.478104 0.599592 0.440203 0.575599 0.545103 0.462120 0.685230 0.750614 0.658670 0.629047 0.643360 0.591736 0.533679 0.512853 0.951938 0.980385 0.784780 0.902479 0.919478 0.968621 0.891190 0.916071 0.992195 0.933739 0.869911 0.828181 0.790056 0.910986 0.874446 0.907684 0.874007 0.986551 0.968266 0.979392 0.652375 0.792839
0.201034 0.191269 0.342009 0.431051 0.911974 0.708941 0.655533 0.537036 0.533199 0.736994 0.285996 0.160509 0.267691 0.228512 0.368913 0.429898 0.000000 0.133423 0.208162 0.188891 0.471813 0.958923 0.461044 0.364553 0.266091 0.518052 0.423756 0.876942 0.233493 0.208095 0.624641 0.536669 0.280799 0.318004 0.683188 0.855090 0.517398 0.610791 0.727224 0.668417 0.653342 0.705661 0.914339 0.701859 0.966998 0.828941 0.447165 0.526299 0.784146 0.607718 0.755365 0.678718 0.913640 0.812469 0.275254 0.378810 0.191188 0.171046 0.438254 0.419318 0.263354 0.363997 0.191944 0.183229 0.235260 0.334726 0.594661 0.634357 0.320854 0.384757 0.857143 0.616629 0.891266 0.957745 0.673291 0.879908 0.980065 0.968862 0.411756 0.332112 0.174051 0.246268 0.204714 0.205819 0.202927 0.226781 0.641355 0.464729 0.475769 0.309161 0.301728 0.363221 0.265717 0.319717 0.992812 0.939372 0.962170 0.850516 0.769172 0.910188 0.684744 0.642402 0.882634 0.787925 0.791436 0.769951 0.931506 0.778870 0.701326 0.707058 0.781488 0.943382 0.868487 0.916801 0.646496 0.600530
0.178336 0.180241 0.315873 0.414534 0.889883 0.686847 0.681397 0.537544 0.513572 0.672424 0.232224 0.149397 0.226093 0.202544 0.361811 0.441031 0.133423 0.000000 0.208527 0.169461 0.470704 0.903256 0.491777 0.333707 0.258376 0.493589 0.413649 0.825670 0.270168 0.226157 0.694058 0.551126 0.309106 0.353020 0.703938 0.822725 0.530995 0.577624 0.737973 0.673793 0.615084 0.726996 0.979645 0.767016 0.891222 0.916372 0.524658 0.598521 0.872132 0.674822 0.829925 0.747117 0.970240 0.753160 0.269293 0.409132 0.174365 0.154897 0.469232 0.432724 0.256900 0.351412 0.196115 0.183863 0.193429 0.281605 0.636080 0.692529 0.300540 0.373075 0.804341 0.604943 0.931160 0.989623 0.705893 0.909708 0.920302 0.953745 0.418804 0.342198 0.170497 0.209922 0.221401 0.176683 0.182739 0.201693 0.592959 0.444547 0.501207 0.296151 0.281596 0.322728 0.271446 0.320537 0.978271 0.913154 0.923038 0.864175 0.712059 0.870227 0.641410 0.610576 0.938209 0.850864 0.796026 0.815860 0.968318 0.760127 0.677558 0.739907 0.794447 0.946722 0.819458 0.937488 0.652244 0.565674
0.207381 0.209371 0.246273 0.331648 0.840625 0.698820 0.499958 0.458744 0.552721 0.826756 0.436368 0.260587 0.304673 0.275564 0.475375 0.530764 0.208162 0.208527 0.000000 0.184351 0.468220 0.888530 0.312950 0.370367 0.281240 0.464616 0.445476 0.965423 0.320889 0.347911 0.489687 0.388713 0.193543 0.267003 0.566187 0.851455 0.460849 0.606580 0.752740 0.653006 0.602896 0.633056 0.745061 0.538333 0.906887 0.687324 0.334341 0.404067 0.656086 0.467519 0.628312 0.562844 0.813512 0.903569 0.251462 0.328950 0.207783 0.208338 0.325495 0.317362 0.300074 0.393739 0.188104 0.199212 0.302749 0.404736 0.433011 0.543362 0.322807 0.330473 0.984112 0.708023 0.766990 0.857663 0.742015 0.821958 0.835692 0.880159 0.341488 0.338611 0.212918 0.295998 0.248482 0.258926 0.205754 0.215923 0.760349 0.485586 0.492155 0.269392 0.448136 0.533785 0.448141 0.435980 0.805424 0.802884 0.850123 0.908468 0.989754 0.881326 0.876846 0.803219 0.743010 0.628099 0.617414 0.572115 0.764352 0.884748 0.760033 0.618025 0.639078 0.858561 0.976086 0.867557 0.513454 0.639569
0.159899 0.171908 0.275556 0.423024 0.772805 0.625068 0.694490 0.593163 0.496924 0.609888 0.275568 0.214242 0.280912 0.296436 0.427353 0.570968 0.188891 0.169461 0.184351 0.000000 0.433588 0.990584 0.487056 0.407493 0.265981 0.510755 0.350872 0.884733 0.338311 0.315890 0.673282 0.597883 0.314503 0.366685 0.744913 0.881303 0.552513 0.583160 0.736763 0.705416 0.544161 0.727708 0.977189 0.764531 0.859860 0.926781 0.511132 0.590421 0.869274 0.687739 0.859051 0.775502 0.953427 0.666576 0.310565 0.436912 0.185921 0.178976 0.452243 0.406073 0.317052 0.458120 0.235524 0.238094 0.207016 0.387768 0.628564 0.742795 0.236742 0.343642 0.775973 0.576295 0.959428 0.954348 0.734432 0.963997 0.966979 0.957709 0.447591 0.398506 0.221939 0.233301 0.283567 0.210603 0.194819 0.228247 0.645566 0.481195 0.504612 0.282499 0.302316 0.374049 0.332015 0.354385 0.988292 0.886288 0.993045 0.878432 0.742309 0.845201 0.662394 0.615750 0.950402 0.810395 0.795686 0.818372 0.920107 0.753457 0.763377 0.709572 0.797581 0.956961 0.809798 0.952067 0.693725 0.559960
0.429884 0.460700 0.479861 0.587602 0.907041 0.872542 0.704561 0.671889 0.727191 0.765140 0.585766 0.487046 0.518954 0.560701 0.628501 0.682337 0.471813 0.470704 0.468220 0.433588 0.000000 0.903330 0.591086 0.608186 0.467943 0.602439 0.617954 0.930004 0.552914 0.561783 0.693046 0.562998 0.470723 0.544719 0.991779 0.973916 0.650558 0.711226 0.845206 0.751723 0.812014 0.770867 0.876786 0.736402 0.938458 0.827484 0.596316 0.584649 0.784797 0.664883 0.808482 0.743994 0.893755 0.877265 0.463901 0.606200 0.455268 0.473396 0.545970 0.541643 0.524655 0.629256 0.419262 0.467618 0.533841 0.610938 0.631707 0.714338 0.495920 0.609086 0.950850 0.721532 0.889549 0.942267 0.837563 0.883477 0.961722 0.983511 0.583232 0.402718 0.435759 0.483811 0.427722 0.520486 0.462269 0.499050 0.911738 0.779161 0.689986 0.546712 0.592703 0.618454 0.654093 0.679914 0.977697 0.829765 0.882416 0.967321 0.962558 0.997227 0.827101 0.787630 0.877094 0.745480 0.816936 0.730557 0.956362 0.826858 0.789932 0.712813 0.832651 0.974349 0.938665 0.758798 0.607763 0.720578
0.961486 0.996265 0.887403 0.918575 0.890673 0.892370 0.882614 0.941309 0.958147 0.911861 0.841299 0.899009 0.953229 0.908109 0.931868 0.910942 0.958923 0.903256 0.888530 0.990584 0.903330 0.000000 0.798940 0.986336 0.903992 0.816947 0.839026 0.855661 0.952870 0.875752 0.777680 0.830854 0.896438 0.859030 0.853948 0.913184 0.775440 0.936753 0.911461 0.929538 0.971539 0.763992 0.725144 0.735983 0.816607 0.787420 0.760228 0.787181 0.755505 0.788514 0.793422 0.807361 0.880655 0.881890 0.966703 0.952625 0.936987 0.934166 0.924031 0.921065 0.904154 0.948301 0.960506 0.972608 0.949431 0.878081 0.774273 0.934452 0.960272 0.966788 0.791688 0.929714 0.917679 0.844327 0.968705 0.969702 0.661821 0.892191 0.932378 0.986316 0.987263 0.955424 0.978722 0.927125 0.979408 0.974709 0.914489 0.992587 0.955714 0.939103 0.838679 0.743116 0.820453 0.811583 0.747571 0.826253 0.807442 0.896884 0.677288 0.824161 0.928841 0.892612 0.844242 0.813404 0.819134 0.698775 0.863876 0.952515 0.843129 0.741588 0.906569 0.835087 0.786198 0.741956 0.902447 0.785975
0.491419 0.429919 0.376629 0.279775 0.897659 0.977009 0.336396 0.274467 0.979185 0.780586 0.845246 0.455089 0.484075 0.401505 0.507284 0.398948 0.461044 0.491777 0.312950 0.487056 0.591086 0.798940 0.000000 0.359303 0.505753 0.516666 0.735952 0.919494 0.498248 0.521441 0.243176 0.260563 0.298853 0.311782 0.493809 0.842895 0.528719 0.669484 0.810868 0.697406 0.869466 0.616097 0.415851 0.306870 0.578117 0.425834 0.261233 0.306289 0.446111 0.287775 0.321401 0.274570 0.432147 0.599056 0.350463 0.413527 0.459832 0.445003 0.378375 0.363751 0.414860 0.360504 0.367630 0.318564 0.568151 0.483684 0.337762 0.368672 0.670794 0.467774 0.632453 0.929452 0.475189 0.544907 0.705111 0.639223 0.555622 0.689095 0.325259 0.397809 0.401936 0.602265 0.455076 0.567170 0.443950 0.403313 0.982653 0.665097 0.646297 0.427842 0.801611 0.809196 0.738648 0.622336 0.705101 0.763642 0.841412 0.721977 0.674162 0.588305 0.880079 0.926669 0.630507 0.588728 0.486975 0.403096 0.604683 0.930357 0.934811 0.568125 0.655673 0.705506 0.698524 0.704443 0.387397 0.895378
0.351225 0.321804 0.324287 0.262289 0.929625 0.863461 0.612835 0.375651 0.777308 0.831111 0.586254 0.344224 0.332067 0.261390 0.410247 0.334924 0.364553 0.333707 0.370367 0.407493 0.608186 0.986336 0.359303 0.000000 0.377833 0.424279 0.612460 0.946739 0.533309 0.431631 0.613798 0.497954 0.421899 0.463517 0.660086 0.865308 0.612418 0.637356 0.763193 0.757950 0.737236 0.719247 0.811702 0.695829 0.978561 0.856547 0.497137 0.564493 0.830407 0.597119 0.639984 0.549992 0.715512 0.895218 0.364751 0.526490 0.320252 0.311433 0.466931 0.391051 0.381906 0.351717 0.378555 0.331868 0.369483 0.255054 0.561326 0.588404 0.496597 0.389455 0.969667 0.872728 0.820567 0.852667 0.789184 0.876633 0.924538 0.996200 0.449577 0.435579 0.314372 0.379643 0.367687 0.346995 0.342607 0.238618 0.690788 0.434327 0.503477 0.351239 0.571668 0.542724 0.553967 0.522037 0.898262 0.897459 0.998496 0.923206 0.940074 0.937788 0.875003 0.836482 0.941450 0.833238 0.748320 0.710267 0.833039 0.902262 0.691932 0.772530 0.738151 0.989518 0.915655 0.959618 0.712090 0.778145
0.237898 0.261203 0.367346 0.461525 0.844162 0.745885 0.805056 0.658382 0.468927 0.549755 0.406626 0.299304 0.332667 0.329539 0.530146 0.585625 0.266091 0.258376 0.281240 0.265981 0.467943 0.903992 0.505753 0.377833 0.000000 0.308181 0.390717 0.905397 0.523465 0.456264 0.752353 0.578015 0.400377 0.482456 0.648799 0.914850 0.513814 0.578752 0.625826 0.726704 0.627700 0.688871 0.983369 0.784597 0.831376 0.975741 0.521257 0.602003 0.913980 0.714769 0.894447 0.793508 0.954766 0.729922 0.397471 0.459091 0.280421 0.251546 0.484902 0.423644 0.475135 0.565012 0.331885 0.328825 0.328747 0.412579 0.661258 0.747760 0.263509 0.367317 0.773600 0.589135 0.987571 0.920869 0.721120 0.987129 0.991738 0.880475 0.517065 0.405859 0.258147 0.223285 0.319823 0.202698 0.218704 0.214315 0.637656 0.396096 0.466937 0.250703 0.387304 0.428756 0.445499 0.451470 0.967385 0.897851 0.992305 0.871201 0.776960 0.909780 0.736513 0.653223 0.897794 0.776835 0.780297 0.733306 0.947718 0.726130 0.732845 0.648983 0.806515 0.905532 0.770600 0.973836 0.692889 0.564912
0.469266 0.485394 0.494406 0.488474 0.974024 0.940857 0.692082 0.604382 0.625309 0.814323 0.731181 0.552864 0.493930 0.464363 0.628314 0.636394 0.518052 0.493589 0.464616 0.510755 0.602439 0.816947 0.516666 0.424279 0.308181 0.000000 0.554710 0.958352 0.709072 0.644294 0.643767 0.553552 0.487315 0.489236 0.615089 0.847362 0.561396 0.588058 0.744533 0.803984 0.824382 0.573901 0.767408 0.626877 0.944889 0.812440 0.504710 0.555968 0.784738 0.614826 0.711049 0.625293 0.796845 0.960468 0.431862 0.435614 0.492987 0.478551 0.517985 0.464958 0.637919 0.610727 0.497528 0.499875 0.594682 0.509075 0.587898 0.633849 0.503383 0.441202 0.976068 0.812430 0.856403 0.876232 0.816115 0.905756 0.830264 0.923152 0.530672 0.504940 0.425498 0.446727 0.511943 0.392651 0.421378 0.356817 0.777861 0.524563 0.490657 0.372611 0.717658 0.748370 0.761790 0.675860 0.907581 0.700972 0.821355 0.937542 0.882172 0.833894 0.910502 0.968137 0.857423 0.687577 0.643225 0.621987 0.795778 0.988850 0.832750 0.670029 0.879023 0.940179 0.988216 0.854630 0.648622 0.782203
0.372780 0.381942 0.514324 0.616695 0.901730 0.688448 0.871562 0.776545 0.515312 0.608880 0.433002 0.405304 0.443113 0.456660 0.610698 0.726634 0.423756 0.413649 0.445476 0.350872 0.617954 0.839026 0.735952 0.612460 0.390717 0.554710 0.000000 0.838640 0.595313 0.540137 0.850334 0.776908 0.583668 0.558332 0.827856 0.796679 0.525149 0.671553 0.703450 0.705004 0.627759 0.847387 0.871752 0.956126 0.755141 0.900690 0.751563 0.822623 0.963028 0.915079 0.992742 0.924365 0.858966 0.648519 0.523451 0.652657 0.410902 0.400745 0.648053 0.568994 0.529451 0.635992 0.463144 0.467818 0.435480 0.535423 0.813542 0.936097 0.432033 0.558712 0.737482 0.620489 0.972907 0.873974 0.597109 0.844832 0.902027 0.820179 0.713172 0.614497 0.482527 0.396303 0.503461 0.407675 0.379143 0.389297 0.696813 0.556975 0.565193 0.486793 0.395393 0.513548 0.469185 0.565531 0.879628 0.992500 0.895971 0.789680 0.715057 0.736206 0.578690 0.722610 0.979155 0.823885 0.943623 0.848771 0.968034 0.704242 0.887829 0.836024 0.748670 0.871316 0.709227 0.915892 0.776924 0.729592
0.851777 0.881968 0.988195 0.992405 0.974196 0.944817 0.973993 0.972471 0.927158 0.820873 0.776979 0.883168 0.839815 0.907048 0.852799 0.969268 0.876942 0.825670 0.965423 0.884733 0.930004 0.855661 0.919494 0.946739 0.905397 0.958352 0.838640 0.000000 0.940640 0.950878 0.738346 0.849676 0.962209 0.985928 0.962174 0.950120 0.958386 0.908043 0.964748 0.997239 0.984051 0.876382 0.858924 0.903415 0.794573 0.795288 0.887155 0.886331 0.840044 0.818092 0.852943 0.858915 0.882956 0.783103 0.970015 0.946184 0.861422 0.836367 0.974601 0.981201 0.880648 0.942713 0.929197 0.920706 0.781197 0.793163 0.846877 0.784430 0.889220 0.921347 0.874460 0.855637 0.944205 0.996396 0.904639 0.933386 0.757790 0.811516 0.990687 0.971612 0.885535 0.788008 0.989783 0.880315 0.830925 0.845160 0.939028 0.892286 0.963970 0.843994 0.830957 0.828493 0.800101 0.933488 0.872542 0.961498 0.818056 0.878660 0.799075 0.847508 0.725765 0.895286 0.940715 0.966009 0.975617 0.854620 0.828596 0.949409 0.984132 0.817232 0.910990 0.831048 0.841320 0.874324 0.993380 0.765516
0.386765 0.369272 0.438144 0.548538 0.941461 0.823322 0.559965 0.523423 0.748169 0.989209 0.399349 0.286053 0.378951 0.366825 0.389172 0.444640 0.233493 0.270168 0.320889 0.338311 0.552914 0.952870 0.498248 0.533309 0.523465 0.709072 0.595313 0.940640 0.000000 0.200486 0.573913 0.561554 0.325168 0.302155 0.756837 0.826671 0.580589 0.635241 0.847180 0.636738 0.730510 0.694207 0.805227 0.632146 0.847308 0.711627 0.496119 0.554819 0.688963 0.577269 0.683342 0.661929 0.810119 0.982196 0.349753 0.450083 0.367192 0.352887 0.559085 0.581783 0.285215 0.348897 0.288229 0.272214 0.374153 0.446428 0.586294 0.612985 0.562136 0.534541 0.913767 0.874143 0.725264 0.759548 0.693028 0.813231 0.903732 0.794048 0.466464 0.434293 0.332683 0.481897 0.307028 0.445604 0.418678 0.468994 0.736339 0.691917 0.613317 0.520103 0.500361 0.543521 0.367515 0.436352 0.931379 0.869313 0.986362 0.932903 0.906047 0.992065 0.862465 0.792119 0.813555 0.796501 0.770898 0.745893 0.817863 0.889950 0.801619 0.702261 0.817340 0.901736 0.976896 0.939067 0.603895 0.746080
0.363183 0.337213 0.471874 0.517169 0.951983 0.770308 0.666492 0.527937 0.701681 0.883326 0.340400 0.210420 0.357251 0.268050 0.380150 0.371591 0.208095 0.226157 0.347911 0.315890 0.561783 0.875752 0.521441 0.431631 0.456264 0.644294 0.540137 0.950878 0.200486 0.000000 0.581937 0.592010 0.373156 0.345857 0.773939 0.712954 0.529010 0.529582 0.708829 0.681456 0.708860 0.766464 0.966702 0.763893 0.992718 0.847237 0.563184 0.628778 0.859592 0.683084 0.792455 0.734204 0.885640 0.924821 0.367751 0.491618 0.344810 0.310070 0.603504 0.588180 0.258017 0.281577 0.289037 0.239633 0.333081 0.333228 0.671505 0.657854 0.514637 0.492842 0.980492 0.834381 0.801991 0.857809 0.690602 0.854980 0.938212 0.922389 0.486392 0.407609 0.310027 0.453361 0.267458 0.365911 0.419740 0.407488 0.596467 0.603127 0.555562 0.486105 0.372794 0.363519 0.305899 0.330390 0.992927 0.904996 0.894376 0.852209 0.723965 0.845844 0.809540 0.653086 0.940491 0.928015 0.855578 0.851721 0.907636 0.756570 0.786511 0.744754 0.843862 0.995529 0.861197 0.926546 0.704884 0.762467
0.710238 0.624685 0.595552 0.452433 0.829347 0.888225 0.332155 0.359288 0.943429 0.554994 0.946569 0.648028 0.750266 0.626675 0.725799 0.549576 0.624641 0.694058 0.489687 0.673282 0.693046 0.777680 0.243176 0.613798 0.752353 0.643767 0.850334 0.738346 0.573913 0.581937 0.000000 0.301270 0.357429 0.308123 0.551905 0.742838 0.539926 0.698992 0.874515 0.760932 0.944384 0.690908 0.367848 0.276755 0.403573 0.297536 0.270298 0.296777 0.353977 0.251124 0.261839 0.234102 0.347299 0.457167 0.464724 0.459219 0.649346 0.650484 0.434786 0.473293 0.556971 0.450061 0.489531 0.451912 0.840707 0.732203 0.309618 0.295325 0.913937 0.626288 0.480613 0.815319 0.441047 0.506427 0.800457 0.596751 0.440170 0.537071 0.367958 0.511843 0.588723 0.901497 0.623335 0.790954 0.716314 0.673319 0.884381 0.876466 0.753857 0.628193 0.919668 0.940401 0.866838 0.720077 0.585795 0.749717 0.722306 0.718768 0.523194 0.507042 0.801433 0.853327 0.590939 0.621209 0.497850 0.399285 0.569850 0.821489 0.830364 0.592838 0.696630 0.523497 0.539048 0.664463 0.411803 0.870741
0.579081 0.546652 0.467885 0.407088 0.879572 0.896202 0.376304 0.417126 0.934831 0.763171 0.868877 0.565726 0.525798 0.471749 0.596831 0.490009 0.536669 0.551126 0.388713 0.597883 0.562998 0.830854 0.260563 0.497954 0.578015 0.553552 0.776908 0.849676 0.561554 0.592010 0.301270 0.000000 0.350355 0.335343 0.628611 0.809950 0.562451 0.721244 0.918084 0.701701 0.936183 0.668423 0.542162 0.418459 0.610512 0.479059 0.336687 0.352752 0.509076 0.360834 0.410717 0.359796 0.481557 0.650966 0.412406 0.459524 0.538560 0.537194 0.404805 0.439962 0.493126 0.480260 0.402250 0.421335 0.697949 0.606200 0.414378 0.384545 0.741364 0.600249 0.718221 0.998671 0.540073 0.628929 0.692786 0.714387 0.658375 0.759035 0.421054 0.430615 0.484056 0.674114 0.462816 0.638424 0.540550 0.510457 0.967093 0.774547 0.732324 0.541477 0.835769 0.843350 0.796111 0.715493 0.701405 0.870710 0.808920 0.774729 0.663644 0.584426 0.890845 0.872461 0.603903 0.569911 0.624886 0.399791 0.684417 0.939861 0.943200 0.674796 0.632556 0.720788 0.642550 0.668351 0.430214 0.995714
0.289050 0.270991 0.341601 0.337371 0.934465 0.811269 0.365077 0.349635 0.688003 0.937787 0.600852 0.331349 0.414675 0.378789 0.563083 0.528038 0.280799 0.309106 0.193543 0.314503 0.470723 0.896438 0.298853 0.421899 0.400377 0.487315 0.583668 0.962209 0.325168 0.373156 0.357429 0.350355 0.000000 0.215280 0.541383 0.871998 0.468952 0.583254 0.829092 0.675067 0.742385 0.605252 0.602180 0.411630 0.708125 0.512840 0.256344 0.328827 0.480188 0.340111 0.433935 0.383818 0.623069 0.877287 0.275088 0.300725 0.248671 0.263395 0.256060 0.265372 0.306184 0.343216 0.203504 0.201631 0.428829 0.474422 0.327032 0.413336 0.455070 0.323716 0.881403 0.820541 0.636060 0.739148 0.753695 0.683430 0.740691 0.772637 0.261962 0.325998 0.264008 0.466128 0.311618 0.367246 0.316800 0.315529 0.951362 0.588299 0.530864 0.335115 0.518729 0.622051 0.513800 0.478396 0.742728 0.788692 0.744221 0.909143 0.837592 0.756929 0.943411 0.915918 0.683023 0.577235 0.524400 0.507099 0.695935 0.994958 0.841766 0.574196 0.659259 0.721641 0.796742 0.754960 0.471756 0.792967
0.389624 0.337106 0.372207 0.378222 0.949861 0.927080 0.331920 0.356973 0.734920 0.870442 0.626230 0.368407 0.417111 0.365107 0.456264 0.454397 0.318004 0.353020 0.267003 0.366685 0.544719 0.859030 0.311782 0.463517 0.482456 0.489236 0.558332 0.985928 0.302155 0.345857 0.308123 0.335343 0.215280 0.000000 0.554637 0.739104 0.422750 0.560922 0.769807 0.730333 0.797255 0.583467 0.589068 0.411953 0.692021 0.533276 0.279699 0.372612 0.513134 0.380676 0.447010 0.404539 0.573606 0.810504 0.305711 0.300795 0.348625 0.361139 0.344751 0.395364 0.305291 0.329149 0.234272 0.229100 0.499781 0.476671 0.379703 0.447792 0.590312 0.425178 0.797558 0.924062 0.558847 0.645376 0.712064 0.703517 0.675855 0.673825 0.303657 0.359698 0.323980 0.544637 0.371228 0.452834 0.415333 0.407310 0.953352 0.657829 0.520113 0.419973 0.566784 0.641228 0.520903 0.495491 0.793454 0.819232 0.821680 0.894014 0.815111 0.724313 0.905076 0.973591 0.723492 0.623682 0.611545 0.514641 0.593662 0.990798 0.915281 0.650925 0.709257 0.704408 0.790565 0.782679 0.404751 0.882578
0.695178 0.658403 0.716531 0.620615 0.975840 0.953908 0.638617 0.600780 0.863247 0.915033 0.976170 0.664256 0.732237 0.713527 0.806795 0.773682 0.683188 0.703938 0.566187 0.744913 0.991779 0.853948 0.493809 0.660086 0.648799 0.615089 0.827856 0.962174 0.756837 0.773939 0.551905 0.628611 0.541383 0.554637 0.000000 0.858260 0.574082 0.818848 0.836501 0.838374 0.743726 0.720673 0.576240 0.485660 0.682496 0.602775 0.459149 0.531887 0.626836 0.513279 0.546969 0.548617 0.624187 0.746804 0.570300 0.503045 0.673092 0.672995 0.587524 0.588678 0.715581 0.648470 0.611897 0.560112 0.769701 0.731634 0.522246 0.560103 0.814701 0.636835 0.820707 0.902004 0.729433 0.735543 0.893527 0.763428 0.655346 0.720437 0.608891 0.647212 0.599123 0.734677 0.713430 0.668172 0.620368 0.612007 0.911743 0.751068 0.600535 0.586034 0.910836 0.907766 0.872075 0.750770 0.723052 0.835158 0.794774 0.891500 0.743532 0.655559 0.877269 0.996811 0.564959 0.619768 0.524409 0.630205 0.735719 0.920962 0.909216 0.585904 0.662107 0.716475 0.791835 0.887126 0.529175 0.980098
0.931036 0.866322 0.987735 0.876918 0.724848 0.960328 0.917167 0.868284 0.839338 0.950847 0.928118 0.863837 0.993496 0.865611 0.997658 0.903727 0.855090 0.822725 0.851455 0.881303 0.973916 0.913184 0.842895 0.865308 0.914850 0.847362 0.796679 0.950120 0.826671 0.712954 0.742838 0.809950 0.871998 0.739104 0.858260 0.000000 0.687405 0.733037 0.820482 0.950474 0.913647 0.892987 0.926768 0.825238 0.850698 0.850441 0.849109 0.769648 0.954185 0.880753 0.914192 0.869351 0.887457 0.848669 0.863435 0.765924 0.917735 0.906467 0.898006 0.948238 0.905195 0.792035 0.874575 0.804092 0.995946 0.883071 0.783203 0.732266 0.935640 0.829899 0.805828 0.743787 0.824469 0.914774 0.840812 0.971192 0.992880 0.834737 0.854710 0.832006 0.885476 0.970299 0.834886 0.878143 0.964494 0.881967 0.855601 0.983836 0.991605 0.846629 0.885831 0.835800 0.891247 0.862193 0.999912 0.709559 0.879909 0.686042 0.985746 0.941515 0.876325 0.998688 0.811998 0.830891 0.893935 0.820775 0.931303 0.904558 0.917604 0.807314 0.926140 0.955211 0.978852 0.957710 0.777008 0.875015
0.501763 0.487844 0.529502 0.518925 0.989332 0.884269 0.567510 0.515894 0.703952 0.955828 0.692102 0.499351 0.610378 0.555293 0.736814 0.684087 0.517398 0.530995 0.460849 0.552513 0.650558 0.775440 0.528719 0.612418 0.513814 0.561396 0.525149 0.958386 0.580589 0.529010 0.539926 0.562451 0.468952 0.422750 0.574082 0.687405 0.000000 0.528700 0.679097 0.688135 0.690472 0.673048 0.837394 0.653631 0.917417 0.781310 0.578206 0.609068 0.783681 0.630772 0.704268 0.662956 0.808077 0.959263 0.492906 0.513379 0.528010 0.505792 0.499725 0.533866 0.517319 0.506831 0.419739 0.410292 0.650459 0.621940 0.519844 0.598512 0.639268 0.523494 0.832379 0.941134 0.716821 0.829564 0.645109 0.987661 0.824097 0.896443 0.627195 0.630558 0.558633 0.674596 0.490290 0.546422 0.544011 0.507609 0.799809 0.713104 0.535296 0.535146 0.582043 0.620875 0.558924 0.558243 0.879495 0.811355 0.951739 0.994563 0.985595 0.937531 0.936003 0.868196 0.761015 0.630425 0.653618 0.642221 0.850900 0.922551 0.968473 0.669651 0.817467 0.885512 0.985262 0.899808 0.633131 0.902009
0.555229 0.531272 0.546489 0.568688 0.945661 0.951075 0.625679 0.533221 0.833690 0.831927 0.692778 0.552237 0.626681 0.632756 0.830033 0.689949 0.610791 0.577624 0.606580 0.583160 0.711226 0.936753 0.669484 0.637356 0.578752 0.588058 0.671553 0.908043 0.635241 0.529582 0.698992 0.721244 0.583254 0.560922 0.818848 0.733037 0.528700 0.000000 0.730639 0.819812 0.713006 0.686752 0.976352 0.866282 0.909904 0.993840 0.767367 0.835340 0.992608 0.867758 0.887837 0.836104 0.916093 0.950599 0.630333 0.709651 0.542994 0.509394 0.687419 0.632742 0.511855 0.467479 0.549418 0.464911 0.603738 0.500066 0.751755 0.729176 0.638086 0.417260 0.892325 0.955639 0.795070 0.865593 0.701169 0.962819 0.990584 0.996016 0.660939 0.722634 0.611627 0.706146 0.561320 0.623050 0.657597 0.565309 0.818843 0.773342 0.571145 0.566167 0.590822 0.547650 0.635537 0.509071 0.958132 0.848238 0.999186 0.931659 0.859684 0.956029 0.989252 0.832072 0.958857 0.981655 0.848572 0.807685 0.833706 0.951534 0.922168 0.801517 0.992650 0.917180 0.822718 0.982152 0.751781 0.684763
