0.000000 0.364761 0.897327 0.796360 0.928847 0.578075 0.542881 0.428172 0.685079 0.700040 0.444488 0.366207 0.546114 0.508689 0.910430 0.610132 0.402236 0.385179 0.427411 0.392660 0.950904 0.856883 0.978549 0.973823 0.884949 0.982166 0.815500 0.978938 0.546934 0.488283 0.821353 0.628760 0.510746 0.466044 0.919677 0.954205 0.849092 0.974378 0.943406 0.902482 0.907421 0.904628 0.485553 0.473273 0.534755 0.533375 0.587945 0.516436 0.647328 0.609753 0.764840 0.788094 0.865349 0.870631 0.968195 0.775921 0.314723 0.483207 0.491535 0.947402 0.484579 0.647420 0.436325 0.456322 0.880142 0.881149 0.605425 0.629554 0.806866 0.740516 0.691165 0.694562 0.866857 0.674629 0.959104 0.756360 0.627233 0.732051 0.810591 0.695176 0.516997 0.550148 0.738655 0.730704 0.965019 0.991363 0.984348 0.911263 0.982666 0.986105 0.524494 0.710511 0.642134 0.787233 0.771258 0.788597 0.762437 0.742563 0.453410 0.453853 0.543977 0.593303 0.529012 0.565221 0.757935 0.723066 0.897678 0.905569 0.951314 0.929094 0.853541 0.700389 0.666488 0.872376 0.829879 0.917206
0.364761 0.000000 0.917823 0.967923 0.904868 0.683953 0.716101 0.582037 0.765361 0.687526 0.679834 0.414669 0.788141 0.680562 0.996291 0.578717 0.338163 0.299967 0.639099 0.605308 0.979818 0.832104 0.907942 0.957824 0.906306 0.989808 0.862332 0.888503 0.572171 0.357993 0.941670 0.703968 0.661127 0.610185 0.856269 0.942518 0.857803 0.915862 0.886974 0.749411 0.897279 0.876208 0.564267 0.506665 0.558323 0.483600 0.753524 0.583531 0.614853 0.570564 0.678843 0.650858 0.829160 0.743761 0.972171 0.750574 0.265094 0.290636 0.682273 0.892816 0.685671 0.612792 0.638540 0.398667 0.795945 0.930409 0.747507 0.745655 0.832740 0.667012 0.806645 0.781407 0.840966 0.745757 0.879794 0.764888 0.720891 0.754254 0.637816 0.520332 0.342522 0.525838 0.744584 0.656965 0.897198 0.970480 0.849296 0.875816 0.933717 0.984527 0.606609 0.806754 0.694233 0.817833 0.726680 0.887106 0.681289 0.849485 0.536101 0.623275 0.678059 0.669444 0.564430 0.666960 0.848252 0.777740 0.785671 0.997431 0.888544 0.901115 0.774840 0.659765 0.699080 0.889437 0.784659 0.848624
0.897327 0.917823 0.000000 0.283354 0.993938 0.969832 0.453054 0.507951 0.793705 0.972178 0.736718 0.969705 0.512792 0.472560 0.524637 0.610511 0.843326 0.941276 0.486444 0.593300 0.983616 0.977409 0.374291 0.460508 0.625679 0.498097 0.885286 0.870334 0.833468 0.979418 0.369095 0.432652 0.487483 0.550641 0.579062 0.708818 0.782535 0.988685 0.696596 0.987372 0.973226 0.733769 0.647305 0.740834 0.952868 0.981523 0.641968 0.675029 0.856620 0.960743 0.996781 0.930429 0.937227 0.948316 0.760038 0.941615 0.927758 0.788256 0.814723 0.899073 0.655710 0.962296 0.858276 0.689862 0.403737 0.413572 0.460824 0.505440 0.868758 0.848885 0.646685 0.655629 0.933776 0.854138 0.906663 0.884649 0.736405 0.739194 0.942558 0.879212 0.828047 0.975515 0.794797 0.851660 0.491100 0.563760 0.743083 0.725862 0.895605 0.866001 0.696430 0.783738 0.797682 0.798688 0.912551 0.923984 0.860968 0.972924 0.888802 0.721161 0.764180 0.724197 0.988428 0.963567 0.771144 0.944921 0.813251 0.844556 0.861909 0.938430 0.891018 0.991704 0.962702 0.917531 0.925339 0.730719
0.796360 0.967923 0.283354 0.000000 0.931538 0.916221 0.494988 0.484282 0.865483 0.865925 0.742813 0.883100 0.513621 0.396775 0.580409 0.545565 0.920784 0.951439 0.443068 0.491681 0.988061 0.974977 0.327744 0.337651 0.525779 0.457997 0.821589 0.723227 0.854666 0.950466 0.332532 0.379341 0.433996 0.529459 0.530071 0.696730 0.725017 0.961966 0.657636 0.953847 0.976987 0.794371 0.648931 0.742700 0.976214 0.922703 0.612027 0.692502 0.741437 0.924871 0.971532 0.929934 0.911940 0.921451 0.713783 0.945357 0.956139 0.880025 0.819893 0.931727 0.707022 0.947708 0.809138 0.760632 0.432497 0.360946 0.436376 0.466308 0.962381 0.876363 0.637083 0.633567 0.860840 0.803445 0.825737 0.886754 0.739301 0.749678 0.883473 0.820935 0.985391 0.793950 0.675268 0.944613 0.454854 0.458030 0.812959 0.692824 0.832744 0.718652 0.697963 0.851143 0.734450 0.835711 0.953366 0.822519 0.897445 0.984654 0.902935 0.743886 0.740382 0.641457 0.971296 0.943338 0.699066 0.890406 0.848309 0.906933 0.845138 0.896611 0.947579 0.912045 0.969420 0.794177 0.967319 0.715208
0.928847 0.904868 0.993938 0.931538 0.000000 0.829946 0.910817 0.890032 0.980157 0.762339 0.855126 0.824673 0.877146 0.858633 0.996819 0.902334 0.974180 0.929400 0.860658 0.815639 0.849681 0.924264 0.999768 0.953691 0.887320 0.814184 0.854179 0.926211 0.961893 0.871794 0.985967 0.880758 0.906856 0.900796 0.941472 0.890076 0.922505 0.863208 0.853260 0.858712 0.953294 0.942731 0.845896 0.874718 0.834846 0.787314 0.985070 0.823789 0.862174 0.958991 0.876230 0.967208 0.886693 0.932850 0.833315 0.988333 0.951619 0.931360 0.917640 0.970511 0.921970 0.981123 0.874531 0.969121 0.891275 0.951665 0.849416 0.822016 0.883032 0.982865 0.895302 0.927902 0.907092 0.873533 0.896884 0.919677 0.906479 0.966333 0.973721 0.939258 0.902313 0.876565 0.992259 0.989082 0.998405 0.972932 0.899252 0.970375 0.996812 0.768223 0.812741 0.799296 0.889074 0.836185 0.994605 0.974025 0.939521 0.957508 0.842227 0.900943 0.958847 0.993263 0.840669 0.794743 0.923685 0.986046 0.888207 0.987330 0.951246 0.925807 0.851896 0.855633 0.903772 0.805937 0.772931 0.820668
0.578075 0.683953 0.969832 0.916221 0.829946 0.000000 0.616670 0.565641 0.638625 0.564187 0.528647 0.535935 0.654845 0.736561 0.922401 0.740821 0.624107 0.582867 0.585276 0.639781 0.980665 0.884136 0.944135 0.982914 0.821325 0.931280 0.776050 0.963906 0.720502 0.625847 0.853226 0.750996 0.731379 0.580943 0.930146 0.913310 0.960966 0.987056 0.952337 0.904181 0.921525 0.989914 0.578710 0.601493 0.604829 0.579861 0.821313 0.663477 0.735107 0.823277 0.916152 0.959858 0.973820 0.905810 0.821986 0.931732 0.554902 0.818971 0.772858 0.970330 0.643011 0.784298 0.648688 0.705643 0.789228 0.984566 0.673657 0.659209 0.935890 0.984805 0.768105 0.739014 0.885351 0.756583 0.963836 0.743479 0.678534 0.751671 0.796293 0.805342 0.806464 0.738990 0.959011 0.979116 0.911396 0.896174 0.982913 0.959832 0.959918 0.784823 0.630759 0.729966 0.705385 0.721367 0.976815 0.971932 0.653660 0.779268 0.521773 0.652013 0.590542 0.648740 0.674534 0.591386 0.992295 0.916007 0.684036 0.930271 0.943314 0.995857 0.915642 0.723098 0.782573 0.815865 0.984128 0.686868
0.542881 0.716101 0.453054 0.494988 0.910817 0.616670 0.000000 0.230797 0.664442 0.526782 0.341034 0.536870 0.363277 0.369341 0.655917 0.564499 0.728492 0.607115 0.276681 0.408288 0.875286 0.848112 0.705091 0.769017 0.895810 0.889641 0.731869 0.919396 0.504591 0.577320 0.559901 0.453443 0.377964 0.304494 0.881122 0.839847 0.880866 0.894994 0.832503 0.964726 0.933097 0.756734 0.417924 0.478183 0.452999 0.529289 0.557848 0.450982 0.705638 0.754255 0.741676 0.842081 0.874393 0.836205 0.986470 0.882344 0.667366 0.899437 0.535628 0.904865 0.343691 0.714398 0.473564 0.826214 0.914316 0.646090 0.333790 0.329202 0.857376 0.973964 0.540080 0.569015 0.927963 0.726109 0.918339 0.752539 0.534949 0.653256 0.919886 0.733918 0.923053 0.766625 0.845770 0.964182 0.772852 0.841860 0.861684 0.903732 0.979805 0.909411 0.399524 0.521370 0.608221 0.652498 0.746765 0.794876 0.807043 0.838215 0.462732 0.401756 0.443296 0.502152 0.707187 0.678120 0.827120 0.830936 0.981654 0.836555 0.854213 0.995840 0.737953 0.691663 0.570992 0.946404 0.936266 0.895558
0.428172 0.582037 0.507951 0.484282 0.890032 0.565641 0.230797 0.000000 0.576526 0.550990 0.344478 0.424607 0.408661 0.337960 0.723988 0.529210 0.603136 0.495765 0.250409 0.335970 0.858391 0.838660 0.736530 0.784524 0.929272 0.845994 0.731288 0.966439 0.440586 0.498636 0.571517 0.432470 0.326466 0.297172 0.875451 0.888588 0.795305 0.972739 0.806870 0.999619 0.972356 0.835956 0.356427 0.420221 0.439119 0.511336 0.537989 0.412432 0.682542 0.676156 0.697644 0.770023 0.796935 0.772074 0.999087 0.842787 0.530457 0.762296 0.519171 0.849192 0.343838 0.614791 0.465263 0.720977 0.913055 0.620235 0.379036 0.343221 0.952347 0.943483 0.559168 0.561408 0.832462 0.667855 0.888086 0.772384 0.496533 0.631022 0.821185 0.666705 0.796199 0.702101 0.837480 0.911242 0.849133 0.888237 0.950815 0.961141 0.928679 0.980400 0.360150 0.522750 0.558436 0.630963 0.748291 0.787380 0.802276 0.786175 0.429556 0.372399 0.444265 0.428676 0.594776 0.606332 0.787597 0.756385 0.942904 0.833572 0.859376 0.986579 0.765004 0.688373 0.585780 0.919536 0.876353 0.907610
0.685079 0.765361 0.793705 0.865483 0.980157 0.638625 0.664442 0.576526 0.000000 0.624395 0.638961 0.698844 0.798698 0.723368 0.862842 0.746403 0.710755 0.689899 0.698757 0.741683 0.705703 0.934118 0.909942 0.897304 0.853051 0.928537 0.883515 0.884349 0.643847 0.750611 0.800082 0.770948 0.737483 0.645418 0.925165 0.772472 0.762381 0.886346 0.888059 0.993345 0.971483 0.968832 0.556264 0.580004 0.561515 0.587635 0.733510 0.599714 0.626942 0.559765 0.617189 0.612073 0.631935 0.591015 0.861923 0.950965 0.662808 0.835986 0.673577 0.743173 0.594296 0.654768 0.883608 0.795058 0.953976 0.831965 0.830954 0.805195 0.979587 0.836435 0.819878 0.753663 0.948771 0.800071 0.906245 0.865399 0.577782 0.782584 0.917405 0.868519 0.969557 0.898618 0.957668 0.957278 0.817723 0.782168 0.991279 0.839217 0.876137 0.869997 0.580264 0.635123 0.744973 0.655837 0.850552 0.964436 0.835600 0.847231 0.530745 0.606437 0.643969 0.721273 0.595757 0.751744 0.970429 0.648654 0.899860 0.766001 0.955718 0.977672 0.886905 0.650699 0.646326 0.800765 0.766229 0.984815
0.700040 0.687526 0.972178 0.865925 0.762339 0.564187 0.526782 0.550990 0.624395 0.000000 0.500392 0.577391 0.769726 0.804623 0.928305 0.879833 0.598768 0.543801 0.682758 0.800595 0.735478 0.907483 0.698313 0.638203 0.433891 0.596220 0.551417 0.779697 0.515920 0.514937 0.923912 0.897540 0.853567 0.635555 0.684429 0.836017 0.900917 0.840172 0.923654 0.824939 0.917584 0.898963 0.556834 0.510289 0.289205 0.296322 0.872162 0.558933 0.373359 0.583951 0.597437 0.691980 0.648320 0.639691 0.641859 0.945961 0.600195 0.770814 0.665053 0.931627 0.521367 0.704826 0.615196 0.591754 0.562008 0.814265 0.769715 0.726172 0.819569 0.952766 0.788825 0.759837 0.996846 0.826426 0.927683 0.822207 0.610797 0.759917 0.866313 0.844612 0.954316 0.995062 0.840691 0.969072 0.652185 0.589181 0.978920 0.800595 0.704969 0.539650 0.474678 0.461670 0.688552 0.604787 0.781467 0.973139 0.652588 0.736096 0.439212 0.466848 0.559709 0.644159 0.581126 0.606849 0.958773 0.844349 0.818703 0.783190 0.941988 0.908911 0.660972 0.477545 0.515862 0.717193 0.883430 0.834274
0.444488 0.679834 0.736718 0.742813 0.855126 0.528647 0.341034 0.344478 0.638961 0.500392 0.000000 0.452284 0.390635 0.477160 0.862949 0.768753 0.575243 0.547339 0.348561 0.443876 0.869094 0.822285 0.994007 0.968140 0.671751 0.901724 0.647545 0.882170 0.472035 0.557269 0.758195 0.653214 0.532044 0.385448 0.957001 0.973308 0.944340 0.839519 0.957168 0.979663 0.992859 0.939814 0.482611 0.500991 0.445516 0.496606 0.568458 0.483490 0.614574 0.694358 0.739432 0.848716 0.834892 0.838324 0.993279 0.808455 0.565989 0.812237 0.470514 0.889832 0.307320 0.691053 0.369836 0.623353 0.839715 0.873314 0.481107 0.484551 0.946895 0.977105 0.601983 0.718771 0.905251 0.739614 0.946909 0.699515 0.601528 0.640817 0.941769 0.856516 0.833680 0.756508 0.999797 0.921450 0.996738 0.945382 0.981797 0.986844 0.990160 0.847190 0.476390 0.538649 0.695622 0.706378 0.816428 0.789480 0.787230 0.782438 0.425795 0.372108 0.432836 0.593311 0.638745 0.548161 0.953349 0.768782 0.928470 0.765636 0.929492 0.986453 0.818283 0.642694 0.515186 0.918539 0.894508 0.944693
0.366207 0.414669 0.969705 0.883100 0.824673 0.535935 0.536870 0.424607 0.698844 0.577391 0.452284 0.000000 0.679143 0.597722 0.891497 0.692720 0.419090 0.363761 0.502200 0.462182 0.946373 0.811142 0.898937 0.912496 0.733817 0.892735 0.669319 0.849188 0.493530 0.418467 0.887055 0.719684 0.545117 0.474481 0.951361 0.986266 0.755071 0.955972 0.920864 0.936317 0.797914 0.945747 0.581674 0.582568 0.450019 0.471536 0.671730 0.515523 0.544290 0.591936 0.715930 0.740877 0.794602 0.769015 0.904162 0.745418 0.379304 0.499156 0.513566 0.800254 0.476752 0.488042 0.474256 0.419804 0.743240 0.898359 0.610402 0.568082 0.840988 0.631600 0.793979 0.746164 0.794634 0.646323 0.963303 0.781654 0.640947 0.758830 0.793595 0.687442 0.532766 0.572726 0.899139 0.690147 0.900016 0.890844 0.898239 0.926461 0.898990 0.916776 0.556152 0.746285 0.685773 0.779890 0.702631 0.816919 0.728037 0.727735 0.502809 0.567629 0.547103 0.582008 0.595081 0.592899 0.912156 0.797492 0.846138 0.918922 0.989794 0.898941 0.800839 0.768598 0.636805 0.887003 0.831584 0.810843
0.546114 0.788141 0.512792 0.513621 0.877146 0.654845 0.363277 0.408661 0.798698 0.769726 0.390635 0.679143 0.000000 0.340154 0.587435 0.604600 0.829453 0.742295 0.347591 0.417362 0.990697 0.962161 0.661916 0.650560 0.973555 0.879381 0.924703 0.942161 0.677081 0.714060 0.610565 0.511278 0.460581 0.384875 0.824022 0.868639 0.987484 0.789901 0.878587 0.968544 0.884160 0.768387 0.497621 0.562578 0.733518 0.762342 0.503705 0.577336 0.946027 0.933635 0.918214 0.950042 0.945957 0.980488 0.861180 0.887538 0.717924 0.970925 0.595596 0.952207 0.452593 0.960492 0.416159 0.896247 0.840695 0.720981 0.414553 0.520268 0.995955 0.904106 0.524328 0.641109 0.977735 0.859792 0.839815 0.636949 0.620830 0.601658 0.920542 0.848132 0.911882 0.768254 0.778384 0.978617 0.665083 0.711621 0.816054 0.770842 0.815394 0.978795 0.589134 0.656935 0.785247 0.748721 0.864576 0.730197 0.893518 0.903074 0.584594 0.508505 0.579866 0.678976 0.744772 0.674435 0.884647 0.922685 0.998535 0.812587 0.849938 0.957848 0.880324 0.830156 0.754074 0.935708 0.974276 0.847508
0.508689 0.680562 0.472560 0.396775 0.858633 0.736561 0.369341 0.337960 0.723368 0.804623 0.477160 0.597722 0.340154 0.000000 0.596823 0.460875 0.778784 0.649113 0.320722 0.300414 0.974496 0.977265 0.603575 0.590229 0.861125 0.765108 0.929362 0.888416 0.582932 0.634840 0.496396 0.427384 0.361013 0.329735 0.745513 0.826800 0.744884 0.897575 0.776912 0.995334 0.940107 0.839134 0.460536 0.525140 0.718291 0.750599 0.519924 0.514796 0.975392 0.870892 0.830511 0.894128 0.925419 0.862285 0.898832 0.887186 0.665201 0.869305 0.624632 0.960641 0.501388 0.838069 0.501300 0.890953 0.732553 0.557499 0.390630 0.450457 0.955546 0.931200 0.565347 0.594420 0.856710 0.725125 0.847818 0.636563 0.553614 0.654563 0.874205 0.747730 0.797285 0.680745 0.721253 0.900459 0.660988 0.655339 0.867081 0.819522 0.860744 0.901621 0.470196 0.667081 0.676351 0.725126 0.836794 0.717517 0.884724 0.902385 0.579667 0.504386 0.552995 0.593103 0.747241 0.773052 0.748742 0.822751 0.978330 0.798269 0.762526 0.999198 0.831415 0.846142 0.705922 0.959462 0.880325 0.875373
0.910430 0.996291 0.524637 0.580409 0.996819 0.922401 0.655917 0.723988 0.862842 0.928305 0.862949 0.891497 0.587435 0.596823 0.000000 0.546442 0.865875 0.938597 0.738645 0.708878 0.869901 0.990645 0.631488 0.620136 0.723052 0.688693 0.782552 0.720775 0.880203 0.974308 0.630379 0.612532 0.739636 0.755128 0.850935 0.864253 0.966261 0.822614 0.837924 0.979295 0.864408 0.771896 0.644505 0.735573 0.944118 0.945789 0.650400 0.824094 0.952453 0.988298 0.941050 0.999781 0.975939 0.995039 0.924298 0.831854 0.977017 0.909330 0.876350 0.860833 0.789853 0.946395 0.929318 0.784971 0.540873 0.679371 0.749809 0.818633 0.857383 0.819995 0.685191 0.732470 0.890126 0.972269 0.986481 0.792519 0.688226 0.785176 0.948786 0.979816 0.823394 0.930361 0.722676 0.888715 0.609932 0.693763 0.736879 0.847520 0.918475 0.940999 0.771604 0.821766 0.874071 0.863564 0.945722 0.999495 0.967090 0.926009 0.844183 0.796713 0.936236 0.861280 0.933087 0.982895 0.832264 0.967925 0.893231 0.776493 0.899384 0.899873 0.843659 0.838825 0.956072 0.987175 0.976624 0.797305
0.610132 0.578717 0.610511 0.545565 0.902334 0.740821 0.564499 0.529210 0.746403 0.879833 0.768753 0.692720 0.604600 0.460875 0.546442 0.000000 0.810275 0.673127 0.580715 0.459322 0.918320 0.874442 0.593814 0.558249 0.720379 0.605972 0.932218 0.854732 0.795251 0.689150 0.561798 0.398767 0.484115 0.501868 0.849940 0.797445 0.660527 0.943412 0.713570 0.865387 0.989500 0.965605 0.594340 0.700130 0.745368 0.732597 0.671833 0.634472 0.892995 0.778844 0.697926 0.752954 0.860855 0.787909 0.848486 0.990096 0.634478 0.681752 0.717316 0.948118 0.657469 0.750580 0.764252 0.852873 0.710997 0.542150 0.569098 0.561423 0.968286 0.899774 0.736886 0.620169 0.878463 0.807494 0.828195 0.753613 0.681838 0.732569 0.759718 0.674928 0.679662 0.586220 0.545609 0.743435 0.607066 0.585802 0.883717 0.753465 0.944249 0.891570 0.624036 0.900581 0.704709 0.827601 0.769540 0.849043 0.765985 0.952928 0.714145 0.764848 0.748061 0.782383 0.836624 0.916073 0.840230 0.944313 0.917307 0.906611 0.934153 0.980257 0.848658 0.848813 0.885034 0.935725 0.900760 0.929136
0.402236 0.338163 0.843326 0.920784 0.974180 0.624107 0.728492 0.603136 0.710755 0.598768 0.575243 0.419090 0.829453 0.778784 0.865875 0.810275 0.000000 0.297868 0.694990 0.710468 0.972941 0.804324 0.731791 0.754987 0.726951 0.809328 0.701974 0.827148 0.485982 0.357681 0.991844 0.848244 0.762882 0.617557 0.742188 0.906663 0.904835 0.867688 0.966558 0.778103 0.872865 0.885751 0.621029 0.536399 0.491688 0.492368 0.793959 0.638641 0.540456 0.529968 0.653988 0.633043 0.769854 0.693174 0.845199 0.771276 0.303725 0.380094 0.686368 0.827184 0.608972 0.528182 0.616332 0.334226 0.655278 0.979853 0.849122 0.798061 0.755160 0.653666 0.881674 0.817861 0.812402 0.742847 0.938383 0.744784 0.732416 0.789423 0.761688 0.633660 0.474873 0.678503 0.958840 0.644023 0.724099 0.782972 0.769569 0.754216 0.772532 0.911558 0.632071 0.777611 0.744138 0.841495 0.697614 0.887910 0.719503 0.800715 0.556759 0.555519 0.658206 0.684514 0.614365 0.673746 0.961084 0.805711 0.763083 0.934579 0.916839 0.880964 0.751937 0.682671 0.655480 0.843335 0.805570 0.817143
0.385179 0.299967 0.941276 0.951439 0.929400 0.582867 0.607115 0.495765 0.689899 0.543801 0.547339 0.363761 0.742295 0.649113 0.938597 0.673127 0.297868 0.000000 0.566738 0.588267 0.968136 0.899990 0.834554 0.889639 0.753913 0.864032 0.699919 0.819303 0.475916 0.314944 0.900459 0.685113 0.627142 0.531065 0.809022 0.896449 0.863185 0.957299 0.949612 0.881114 0.961958 0.945280 0.553786 0.504892 0.431314 0.397684 0.767313 0.522424 0.547514 0.509715 0.662729 0.601060 0.772078 0.720702 0.891137 0.791033 0.261621 0.367453 0.682871 0.896269 0.571622 0.554182 0.564753 0.359543 0.697702 0.968533 0.703055 0.694565 0.787299 0.668994 0.778691 0.724305 0.815223 0.673138 0.900520 0.790454 0.654186 0.702265 0.612264 0.543669 0.450351 0.595913 0.890955 0.628904 0.802733 0.854713 0.838787 0.813181 0.847670 0.913679 0.511833 0.701973 0.627257 0.748592 0.752107 0.829903 0.622790 0.855638 0.498538 0.504014 0.586452 0.624551 0.593656 0.675570 0.893711 0.784992 0.736557 0.997266 0.929855 0.912424 0.800444 0.648076 0.590543 0.832036 0.791048 0.838081
0.427411 0.639099 0.486444 0.443068 0.860658 0.585276 0.276681 0.250409 0.698757 0.682758 0.348561 0.502200 0.347591 0.320722 0.738645 0.580715 0.694990 0.566738 0.000000 0.327251 0.948839 0.859783 0.693410 0.698216 0.988336 0.818679 0.830552 0.969186 0.556489 0.579819 0.540146 0.419110 0.346486 0.314675 0.806698 0.895791 0.852534 0.920325 0.845833 0.998707 0.976851 0.879096 0.436363 0.482885 0.592577 0.639150 0.558604 0.462902 0.846088 0.815827 0.857384 0.947424 0.955248 0.978884 0.900856 0.819584 0.563983 0.834588 0.587186 0.942402 0.403189 0.788793 0.445925 0.801452 0.875104 0.633826 0.342393 0.375222 0.956870 0.983992 0.538982 0.647229 0.871352 0.752053 0.885709 0.768972 0.584386 0.636901 0.837384 0.724481 0.791068 0.658786 0.830990 0.950668 0.756407 0.797122 0.904120 0.863396 0.914503 0.966970 0.454521 0.592260 0.641099 0.720991 0.842485 0.743841 0.862608 0.847289 0.478019 0.418720 0.466204 0.513016 0.662064 0.637312 0.743452 0.821948 0.982733 0.897126 0.926020 0.951908 0.873987 0.724020 0.640400 0.950672 0.922763 0.927913
0.392660 0.605308 0.593300 0.491681 0.815639 0.639781 0.408288 0.335970 0.741683 0.800595 0.443876 0.462182 0.417362 0.300414 0.708878 0.459322 0.710468 0.588267 0.327251 0.000000 0.968880 0.909548 0.693367 0.674854 0.910265 0.785279 0.905700 0.909864 0.595279 0.641642 0.594573 0.430280 0.313333 0.364297 0.752593 0.831832 0.681410 0.896139 0.772609 0.920404 0.912906 0.964331 0.497751 0.557986 0.657955 0.704824 0.528703 0.502285 0.863979 0.760380 0.801780 0.863806 0.847727 0.878262 0.868735 0.823849 0.575772 0.745154 0.521479 0.911533 0.451150 0.715149 0.480916 0.771569 0.824304 0.604813 0.421347 0.438980 0.889320 0.876358 0.599374 0.611469 0.764954 0.668248 0.891203 0.761781 0.613977 0.649445 0.917678 0.727828 0.695370 0.543201 0.672222 0.856819 0.674717 0.707391 0.874608 0.836763 0.913192 0.875459 0.503928 0.729193 0.657605 0.790977 0.809719 0.696270 0.937325 0.828841 0.562626 0.519559 0.572008 0.611459 0.712586 0.673656 0.754232 0.763069 0.922057 0.904070 0.853428 0.970337 0.926523 0.843917 0.735126 0.997136 0.959755 0.968471
0.950904 0.979818 0.983616 0.988061 0.849681 0.980665 0.875286 0.858391 0.705703 0.735478 0.869094 0.946373 0.990697 0.974496 0.869901 0.918320 0.972941 0.968136 0.948839 0.968880 0.000000 0.975835 0.815708 0.797701 0.795473 0.931161 0.981160 0.943597 0.802270 0.989954 0.900776 0.978286 0.897381 0.997537 0.849225 0.743293 0.981475 0.880623 0.955587 0.780359 0.935301 0.944229 0.863522 0.870726 0.822957 0.843119 0.794818 0.894716 0.824110 0.844287 0.894146 0.831703 0.855924 0.883159 0.831541 0.942785 0.925002 0.947026 0.885435 0.996787 0.903559 0.862483 0.975552 0.915089 0.930239 0.945493 0.882862 0.977243 0.917675 0.985200 0.972224 0.985430 0.805825 0.956307 0.886646 0.844384 0.868637 0.951124 0.974585 0.947764 0.757152 0.723007 0.829697 0.836815 0.728444 0.652352 0.977191 0.660729 0.981625 0.999255 0.834463 0.717593 0.927097 0.887009 0.860756 0.998263 0.980704 0.798174 0.825938 0.780463 0.929826 0.847125 0.763788 0.806217 0.995454 0.748881 0.994343 0.716204 0.901515 0.886436 0.818944 0.746328 0.807135 0.856827 0.934312 0.864255
0.856883 0.832104 0.977409 0.974977 0.924264 0.884136 0.848112 0.838660 0.934118 0.907483 0.822285 0.811142 0.962161 0.977265 0.990645 0.874442 0.804324 0.899990 0.859783 0.909548 0.975835 0.000000 0.983761 0.939974 0.885813 0.828724 0.847035 0.866449 0.869149 0.859467 0.973654 0.983093 0.859000 0.933506 0.949907 0.859839 0.861284 0.909179 0.957528 0.810601 0.799712 0.887578 0.866255 0.917020 0.847915 0.874390 0.899221 0.960095 0.815453 0.887293 0.874072 0.967532 0.917454 0.975338 0.915314 0.828205 0.852371 0.855843 0.855243 0.909934 0.842493 0.814875 0.865122 0.852405 0.956441 0.935790 0.907553 0.857530 0.991731 0.966124 0.995619 0.983495 0.849379 0.978119 0.907512 0.993861 0.996021 0.904526 0.973508 0.946759 0.790190 0.903648 0.990917 0.994932 0.971771 0.968581 0.995612 0.990902 0.915437 0.904575 0.980600 0.988965 0.985351 0.942515 0.846868 0.956385 0.966932 0.947114 0.919724 0.959157 0.869830 0.876223 0.885876 0.885436 0.830599 0.994401 0.941423 0.888936 0.976211 0.794831 0.991429 0.911509 0.978242 0.960147 0.921301 0.855745
0.978549 0.907942 0.374291 0.327744 0.999768 0.944135 0.705091 0.736530 0.909942 0.698313 0.994007 0.898937 0.661916 0.603575 0.631488 0.593814 0.731791 0.834554 0.693410 0.693367 0.815708 0.983761 0.000000 0.263022 0.370113 0.436933 0.658859 0.771072 0.882435 0.927587 0.417445 0.482259 0.560397 0.714314 0.490974 0.569926 0.823649 0.953562 0.681695 0.995660 0.962260 0.791149 0.937203 0.974870 0.759882 0.734132 0.775307 0.951102 0.592176 0.744466 0.933189 0.824346 0.809771 0.875138 0.709759 0.958216 0.827307 0.848873 0.955286 0.963660 0.930481 0.938111 0.976303 0.634934 0.388800 0.383690 0.567854 0.574520 0.999552 0.758698 0.724715 0.759862 0.909632 0.946706 0.765426 0.946159 0.909162 0.901667 0.973138 0.792472 0.982382 0.743269 0.619938 0.949340 0.292770 0.301780 0.787674 0.553577 0.737677 0.627970 0.962953 0.873780 0.928715 0.971849 0.982380 0.944617 0.849895 0.904100 0.801942 0.978266 0.964140 0.909727 0.848563 0.848458 0.850866 0.941041 0.782068 0.973011 0.961199 0.961081 0.995605 0.743095 0.780565 0.839216 0.978258 0.751060
0.973823 0.957824 0.460508 0.337651 0.953691 0.982914 0.769017 0.784524 0.897304 0.638203 0.968140 0.912496 0.650560 0.590229 0.620136 0.558249 0.754987 0.889639 0.698216 0.674854 0.797701 0.939974 0.263022 0.000000 0.368387 0.490468 0.620613 0.695864 0.836571 0.921558 0.440311 0.471797 0.585592 0.694684 0.520233 0.676641 0.818666 0.947791 0.638829 0.946385 0.943831 0.833414 0.926175 0.997439 0.738532 0.702127 0.735018 0.944705 0.535702 0.712806 0.863232 0.821109 0.763150 0.835793 0.636527 0.945390 0.898894 0.844391 0.943764 0.953594 0.987920 0.864475 0.969296 0.673193 0.428880 0.443548 0.613573 0.646823 0.933706 0.788727 0.729661 0.778187 0.918133 0.909828 0.798492 0.934173 0.960577 0.887897 0.924727 0.819289 0.941423 0.698380 0.581566 0.996818 0.332467 0.292984 0.834890 0.524909 0.663529 0.617083 0.967164 0.884742 0.917323 0.918806 0.951150 0.881553 0.871174 0.872127 0.846531 0.952781 0.981946 0.935719 0.858715 0.907614 0.765890 0.932225 0.843928 0.973197 0.926602 0.921809 0.948694 0.769771 0.766625 0.815517 0.977976 0.754404
0.884949 0.906306 0.625679 0.525779 0.887320 0.821325 0.895810 0.929272 0.853051 0.433891 0.671751 0.733817 0.973555 0.861125 0.723052 0.720379 0.726951 0.753913 0.988336 0.910265 0.795473 0.885813 0.370113 0.368387 0.000000 0.412012 0.470893 0.712363 0.685850 0.762985 0.556406 0.659970 0.822447 0.980710 0.593754 0.694064 0.801883 0.799635 0.697028 0.864974 0.868302 0.923236 0.902409 0.820188 0.486877 0.514048 0.919390 0.868680 0.434719 0.705846 0.756634 0.768457 0.700141 0.770484 0.770243 0.864051 0.807328 0.906826 0.737476 0.956497 0.782521 0.912292 0.694423 0.592540 0.328560 0.445314 0.913528 0.909607 0.902464 0.850971 0.919104 0.954088 0.975870 0.913632 0.836715 0.979343 0.935554 0.944056 0.958288 0.840869 0.954846 0.848776 0.645424 0.963571 0.426526 0.401222 0.866998 0.723176 0.713047 0.546503 0.772235 0.641013 0.908282 0.771885 0.843545 0.971353 0.779516 0.855517 0.649960 0.729593 0.717380 0.906374 0.724798 0.704105 0.857597 0.898420 0.839830 0.926074 0.952536 0.890805 0.908269 0.701619 0.618461 0.779664 0.986393 0.790822
0.982166 0.989808 0.498097 0.457997 0.814184 0.931280 0.889641 0.845994 0.928537 0.596220 0.901724 0.892735 0.879381 0.765108 0.688693 0.605972 0.809328 0.864032 0.818679 0.785279 0.931161 0.828724 0.436933 0.490468 0.412012 0.000000 0.663581 0.777610 0.910493 0.827239 0.554816 0.653991 0.686576 0.855582 0.676723 0.712696 0.697610 0.738548 0.684827 0.829033 0.923577 0.974518 0.888820 0.970721 0.755752 0.765614 0.796688 0.999548 0.720717 0.917369 0.930282 0.915595 0.886713 0.872586 0.643888 0.925702 0.936100 0.927701 0.970705 0.907108 0.958640 0.903789 0.845235 0.717892 0.342902 0.394185 0.769865 0.762659 0.985131 0.885275 0.960537 0.863492 0.954526 0.995414 0.799290 0.960311 0.981763 0.929389 0.914679 0.866488 0.945397 0.882719 0.717034 0.986686 0.507340 0.520384 0.845911 0.755994 0.807680 0.702491 0.971661 0.775113 0.943458 0.927648 0.909695 0.932810 0.820479 0.915884 0.818207 0.890179 0.961193 0.997643 0.894241 0.775559 0.785729 0.962826 0.905700 0.954567 0.923426 0.915575 0.847909 0.819316 0.822122 0.773757 0.954705 0.811598
0.815500 0.862332 0.885286 0.821589 0.854179 0.776050 0.731869 0.731288 0.883515 0.551417 0.647545 0.669319 0.924703 0.929362 0.782552 0.932218 0.701974 0.699919 0.830552 0.905700 0.981160 0.847035 0.658859 0.620613 0.470893 0.663581 0.000000 0.624195 0.681049 0.680001 0.876802 0.918265 0.843152 0.799051 0.715853 0.963793 0.973105 0.989879 0.832388 0.961238 0.892415 0.988474 0.746456 0.780887 0.520623 0.574192 0.904723 0.831257 0.540457 0.735837 0.791392 0.800518 0.714323 0.819271 0.782065 0.889359 0.800970 0.864591 0.733598 0.992599 0.717805 0.851524 0.671077 0.640174 0.567774 0.726664 0.870275 0.818632 0.855667 0.885786 0.848710 0.809431 0.866273 0.801968 0.889063 0.945705 0.910399 0.954054 0.926627 0.919928 0.947438 0.949791 0.721376 0.790586 0.638906 0.644512 0.844807 0.888178 0.686408 0.666437 0.657212 0.645043 0.729816 0.808056 0.957214 0.881203 0.702605 0.984528 0.637014 0.758848 0.635107 0.763165 0.803045 0.722080 0.929372 0.902110 0.848047 0.943723 0.824315 0.889589 0.898942 0.765327 0.605907 0.911753 0.947966 0.921487
0.978938 0.888503 0.870334 0.723227 0.926211 0.963906 0.919396 0.966439 0.884349 0.779697 0.882170 0.849188 0.942161 0.888416 0.720775 0.854732 0.827148 0.819303 0.969186 0.909864 0.943597 0.866449 0.771072 0.695864 0.712363 0.777610 0.624195 0.000000 0.944116 0.785388 0.699211 0.876834 0.975986 0.955686 0.721735 0.909025 0.913146 0.983605 0.909770 0.996623 0.989442 0.987904 0.998481 0.985423 0.773007 0.799954 0.976573 0.928684 0.731848 0.889662 0.909795 0.865006 0.982444 0.914966 0.882143 0.995684 0.963680 0.837374 0.990739 0.790184 0.810025 0.736205 0.828732 0.683305 0.737368 0.895269 0.999178 0.884016 0.986099 0.986469 0.922519 0.850841 0.833441 0.921770 0.765434 0.994494 0.877810 0.983315 0.894624 0.858650 0.885010 0.945429 0.780342 0.884094 0.777634 0.782402 0.978662 0.846561 0.908744 0.880446 0.992209 0.971303 0.902007 0.859367 0.802850 0.943214 0.904298 0.952093 0.932124 0.939717 0.994850 0.966537 0.962292 0.937695 0.881430 0.962627 0.921898 0.826482 0.974188 0.800193 0.867387 0.791264 0.915653 0.950653 0.913931 0.958142
0.546934 0.572171 0.833468 0.854666 0.961893 0.720502 0.504591 0.440586 0.643847 0.515920 0.472035 0.493530 0.677081 0.582932 0.880203 0.795251 0.485982 0.475916 0.556489 0.595279 0.802270 0.869149 0.882435 0.836571 0.685850 0.910493 0.681049 0.944116 0.000000 0.469127 0.856947 0.780711 0.628327 0.577793 0.932084 0.923227 0.858714 0.971508 0.898347 0.848509 0.941273 0.938995 0.515379 0.510321 0.424420 0.451995 0.727499 0.503379 0.548420 0.550356 0.622921 0.624755 0.666987 0.618680 0.862670 0.781603 0.501874 0.670362 0.537328 0.853360 0.499596 0.597240 0.574162 0.577934 0.841060 0.928854 0.658947 0.668907 0.965989 0.700873 0.796030 0.691666 0.682344 0.665855 0.956267 0.752301 0.584145 0.726707 0.795565 0.770038 0.777431 0.882042 0.987768 0.810499 0.844650 0.819906 0.969332 0.768243 0.769342 0.763494 0.452423 0.621579 0.684141 0.637640 0.735515 0.774720 0.772709 0.864272 0.505097 0.484125 0.565585 0.602962 0.558567 0.707831 0.896989 0.825131 0.815167 0.711453 0.805964 0.984536 0.683094 0.779448 0.606697 0.762404 0.879078 0.970762
0.488283 0.357993 0.979418 0.950466 0.871794 0.625847 0.577320 0.498636 0.750611 0.514937 0.557269 0.418467 0.714060 0.634840 0.974308 0.689150 0.357681 0.314944 0.579819 0.641642 0.989954 0.859467 0.927587 0.921558 0.762985 0.827239 0.680001 0.785388 0.469127 0.000000 0.901708 0.743610 0.618332 0.530026 0.748935 0.930165 0.958616 0.985772 0.912685 0.867463 0.956543 0.996827 0.574789 0.523700 0.454836 0.433637 0.795845 0.553742 0.588024 0.593451 0.579951 0.595928 0.769491 0.624906 0.878072 0.775169 0.375411 0.444500 0.680736 0.785183 0.552366 0.587452 0.506987 0.405580 0.705175 0.927049 0.692903 0.639496 0.818084 0.771742 0.798617 0.778258 0.812323 0.726797 0.922569 0.725211 0.689891 0.762869 0.633680 0.502054 0.468374 0.595255 0.898703 0.663259 0.865992 0.949194 0.862751 0.902743 0.893441 0.942788 0.539972 0.693304 0.654468 0.784361 0.708575 0.845870 0.641036 0.853573 0.515826 0.582743 0.618270 0.597999 0.623817 0.701509 0.957249 0.836410 0.762657 0.941070 0.927407 0.857351 0.680041 0.694386 0.690164 0.770755 0.830737 0.888307
0.821353 0.941670 0.369095 0.332532 0.985967 0.853226 0.559901 0.571517 0.800082 0.923912 0.758195 0.887055 0.610565 0.496396 0.630379 0.561798 0.991844 0.900459 0.540146 0.594573 0.900776 0.973654 0.417445 0.440311 0.556406 0.554816 0.876802 0.699211 0.856947 0.901708 0.000000 0.423783 0.480289 0.577330 0.576085 0.828122 0.747940 0.970227 0.679442 0.929930 0.910783 0.771659 0.710436 0.779703 0.986598 0.984312 0.755177 0.777556 0.815617 0.966410 0.994481 0.933676 0.942813 0.952324 0.856459 0.987898 0.913177 0.963581 0.905127 0.965337 0.772789 0.942750 0.950751 0.784846 0.511638 0.466037 0.567147 0.555956 0.992379 0.962186 0.517805 0.537102 0.786342 0.683427 0.770184 0.740929 0.728321 0.834941 0.834224 0.758032 0.946059 0.808660 0.719370 0.944607 0.528140 0.532126 0.955845 0.770828 0.848081 0.841932 0.713520 0.880230 0.709323 0.855929 0.973337 0.909114 0.927395 0.944849 0.919160 0.792678 0.695555 0.727726 0.994511 0.997436 0.788861 0.937473 0.837009 0.829217 0.918040 0.997858 0.929601 0.893092 0.985789 0.842215 0.957565 0.832492
0.628760 0.703968 0.432652 0.379341 0.880758 0.750996 0.453443 0.432470 0.770948 0.897540 0.653214 0.719684 0.511278 0.427384 0.612532 0.398767 0.848244 0.685113 0.419110 0.430280 0.978286 0.983093 0.482259 0.471797 0.659970 0.653991 0.918265 0.876834 0.780711 0.743610 0.423783 0.000000 0.428331 0.440296 0.663183 0.747090 0.709053 0.932208 0.664854 0.884728 0.975282 0.879863 0.606354 0.654931 0.783659 0.809391 0.588625 0.539674 0.978444 0.812698 0.791234 0.829815 0.935045 0.918502 0.734032 0.973410 0.697919 0.808042 0.704662 0.847038 0.600401 0.807912 0.714778 0.963952 0.650000 0.483166 0.425269 0.429400 0.982548 0.917363 0.610861 0.617348 0.833987 0.728942 0.865485 0.759783 0.643853 0.620575 0.814686 0.616652 0.788887 0.603908 0.597458 0.835538 0.576990 0.550161 0.811382 0.729933 0.900952 0.759250 0.586139 0.788364 0.706663 0.793998 0.807552 0.870610 0.914141 0.915642 0.772755 0.674503 0.754102 0.705349 0.886923 0.814043 0.774616 0.846011 0.991233 0.882064 0.947579 0.994315 0.870188 0.891610 0.890289 0.995152 0.906049 0.865138
0.510746 0.661127 0.487483 0.433996 0.906856 0.731379 0.377964 0.326466 0.737483 0.853567 0.532044 0.545117 0.460581 0.361013 0.739636 0.484115 0.762882 0.627142 0.346486 0.313333 0.897381 0.859000 0.560397 0.585592 0.822447 0.686576 0.843152 0.975986 0.628327 0.618332 0.480289 0.428331 0.000000 0.397244 0.782076 0.775105 0.712114 0.922796 0.714854 0.871322 0.972349 0.832129 0.504401 0.615963 0.672810 0.734299 0.553874 0.581583 0.913596 0.840933 0.802495 0.916147 0.911537 0.913851 0.915116 0.800680 0.670769 0.823470 0.612706 0.848799 0.477529 0.723080 0.550253 0.843091 0.756851 0.510591 0.396357 0.387286 0.929551 0.940793 0.558051 0.589239 0.759746 0.703573 0.821260 0.777075 0.612398 0.761656 0.831289 0.613075 0.702102 0.560024 0.703363 0.863713 0.619173 0.633405 0.910614 0.789339 0.990111 0.904469 0.544413 0.767167 0.684743 0.863798 0.873524 0.775712 0.889270 0.977032 0.655736 0.598859 0.602085 0.585054 0.730050 0.782185 0.777275 0.877419 0.993556 0.968902 0.829791 0.955995 0.941683 0.926939 0.769012 0.936424 0.992642 0.858796
0.466044 0.610185 0.550641 0.529459 0.900796 0.580943 0.304494 0.297172 0.645418 0.635555 0.385448 0.474481 0.384875 0.329735 0.755128 0.501868 0.617557 0.531065 0.314675 0.364297 0.997537 0.933506 0.714314 0.694684 0.980710 0.855582 0.799051 0.955686 0.577793 0.530026 0.577330 0.440296 0.397244 0.000000 0.900436 0.857028 0.776909 0.983788 0.707708 0.993339 0.997247 0.802640 0.493577 0.505760 0.545919 0.609825 0.513077 0.458201 0.763655 0.760497 0.709417 0.783176 0.861559 0.778325 0.949687 0.981181 0.571462 0.791453 0.567836 0.840919 0.366515 0.689569 0.454376 0.711432 0.916036 0.608697 0.401279 0.356807 0.890990 0.960315 0.598333 0.647530 0.848441 0.684475 0.798129 0.648603 0.660479 0.613616 0.890004 0.652607 0.748133 0.591946 0.770439 0.781601 0.745111 0.760381 0.895058 0.811539 0.896694 0.955181 0.486838 0.680258 0.671078 0.755314 0.779233 0.797677 0.850005 0.859242 0.532114 0.490578 0.469260 0.625720 0.727462 0.684236 0.774439 0.821362 0.951111 0.867111 0.856948 0.989340 0.837759 0.732287 0.638682 0.966868 0.868658 0.943394
0.919677 0.856269 0.579062 0.530071 0.941472 0.930146 0.881122 0.875451 0.925165 0.684429 0.957001 0.951361 0.824022 0.745513 0.850935 0.849940 0.742188 0.809022 0.806698 0.752593 0.849225 0.949907 0.490974 0.520233 0.593754 0.676723 0.715853 0.721735 0.932084 0.748935 0.576085 0.663183 0.782076 0.900436 0.000000 0.790000 0.810144 0.989911 0.872356 0.969804 0.876621 0.973709 0.976270 0.996479 0.778242 0.780905 0.871437 0.924187 0.715855 0.836627 0.826272 0.795554 0.868932 0.805040 0.749745 0.951548 0.835686 0.829067 0.916104 0.965387 0.950725 0.823194 0.988244 0.681069 0.598434 0.704269 0.677287 0.763842 0.916863 0.844953 0.799747 0.807348 0.839049 0.813556 0.945825 0.980673 0.884774 0.992735 0.944341 0.984425 0.974641 0.848305 0.765360 0.863519 0.523393 0.592205 0.846846 0.806598 0.800694 0.794760 0.923528 0.963064 0.890276 0.884865 0.945582 0.942882 0.832087 0.967592 0.839580 0.985091 0.961814 0.890273 0.891956 0.964435 0.779768 0.974437 0.740397 0.901883 0.985653 0.996509 0.982819 0.665185 0.829173 0.844215 0.925213 0.886568
0.954205 0.942518 0.708818 0.696730 0.890076 0.913310 0.839847 0.888588 0.772472 0.836017 0.973308 0.986266 0.868639 0.826800 0.864253 0.797445 0.906663 0.896449 0.895791 0.831832 0.743293 0.859839 0.569926 0.676641 0.694064 0.712696 0.963793 0.909025 0.923227 0.930165 0.828122 0.747090 0.775105 0.857028 0.790000 0.000000 0.946007 0.854178 0.920923 0.955416 0.907875 0.898930 0.961024 0.919535 0.935659 0.906902 0.758433 0.986095 0.879816 0.951476 0.943758 0.995515 0.949869 0.960345 0.788100 0.897822 0.812954 0.978637 0.979664 0.911887 0.905020 0.904495 0.888612 0.894430 0.695035 0.626729 0.649597 0.647058 0.978098 0.868455 0.993301 0.885969 0.934237 0.922603 0.827637 0.965328 0.950658 0.989729 0.953488 0.936110 0.910707 0.752437 0.735235 0.917708 0.532069 0.535412 0.873241 0.643529 0.971331 0.810577 0.988492 0.839935 0.958951 0.895958 0.938160 0.942864 0.809921 0.991441 0.815311 0.930967 0.826995 0.969594 0.818172 0.948680 0.904109 0.979007 0.991158 0.801563 0.973112 0.957796 0.987959 0.896413 0.908482 0.851317 0.973034 0.938728
0.849092 0.857803 0.782535 0.725017 0.922505 0.960966 0.880866 0.795305 0.762381 0.900917 0.944340 0.755071 0.987484 0.744884 0.966261 0.660527 0.904835 0.863185 0.852534 0.681410 0.981475 0.861284 0.823649 0.818666 0.801883 0.697610 0.973105 0.913146 0.858714 0.958616 0.747940 0.709053 0.712114 0.776909 0.810144 0.946007 0.000000 0.892249 0.748934 0.714858 0.723285 0.783170 0.917881 0.965453 0.950720 0.976105 0.832534 0.906963 0.955295 0.770763 0.768969 0.770389 0.772596 0.777797 0.853659 0.968288 0.869774 0.810680 0.776306 0.729164 0.841718 0.682539 0.948426 0.954857 0.738963 0.645715 0.864969 0.740497 0.869644 0.826686 0.955846 0.833692 0.758163 0.809180 0.974788 0.841157 0.869652 0.993805 0.871659 0.805509 0.863386 0.851918 0.766827 0.727850 0.852430 0.856395 0.967230 0.919761 0.927102 0.757086 0.897103 0.941296 0.886395 0.966693 0.671090 0.936030 0.993862 0.864005 0.991507 0.969942 0.934489 0.994675 0.992056 0.899005 0.963434 0.855968 0.994178 0.903558 0.804685 0.927397 0.939456 0.920007 0.998526 0.985431 0.979104 0.959328
0.974378 0.915862 0.988685 0.961966 0.863208 0.987056 0.894994 0.972739 0.886346 0.840172 0.839519 0.955972 0.789901 0.897575 0.822614 0.943412 0.867688 0.957299 0.920325 0.896139 0.880623 0.909179 0.953562 0.947791 0.799635 0.738548 0.989879 0.983605 0.971508 0.985772 0.970227 0.932208 0.922796 0.983788 0.989911 0.854178 0.892249 0.000000 0.887258 0.772714 0.912830 0.977690 0.988254 0.877373 0.985062 0.981350 0.986073 0.977946 0.993372 0.952926 0.994414 0.977650 0.978377 0.972043 0.969440 0.899512 0.941929 0.874034 0.942887 0.714073 0.971310 0.746012 0.825708 0.938595 0.892981 0.768075 0.964748 0.955992 0.856377 0.932656 0.847345 0.960130 0.970796 0.965194 0.895082 0.881814 0.847940 0.778887 0.908434 0.897062 0.854065 0.886616 0.912256 0.888563 0.972138 0.956711 0.980129 0.983396 0.852011 0.947477 0.876578 0.758628 0.990874 0.846592 0.922346 0.991712 0.892967 0.992296 0.881712 0.857554 0.946905 0.961698 0.975722 0.852890 0.803608 0.952713 0.950169 0.790387 0.977076 0.995216 0.917306 0.962427 0.990697 0.937392 0.842523 0.926414
