0.000000 0.367495 0.711096 0.590032 0.694890 0.813175 0.773024 0.804566 0.832453 0.932794 0.576921 0.576875 0.414071 0.482089 0.547701 0.594650 0.520137 0.568927 0.512566 0.598631 0.830673 0.957013 0.625080 0.531783 0.756511 0.985208 0.772221 0.955236 0.677751 0.684676 0.989425 0.896052 0.574467 0.725897 0.958107 0.914237 0.861797 0.800410 0.805565 0.865442 0.813836 0.919356 0.828490 0.767442 0.820518 0.682582 0.449066 0.500603 0.559319 0.502043 0.690623 0.605544 0.883049 0.920374 0.588169 0.601932 0.452429 0.309469 0.358189 0.343030 0.469455 0.657061 0.493748 0.511402 0.663402 0.518183 0.910115 0.904526 0.645619 0.566003 0.855870 0.925501 0.976133 0.907409 0.880224 0.949339 0.819007 0.923562 0.571328 0.638369 0.404742 0.406979 0.612822 0.442971 0.501527 0.477959 0.809850 0.718129 0.580710 0.466411 0.888715 0.730952 0.904746 0.760056 0.938434 0.827958 0.817350 0.997058 0.797286 0.858588 0.916242 0.949230 0.978560 0.954120 0.763991 0.707531 0.957423 0.881048 0.943998 0.900779 0.951096 0.797650 0.786590 0.949637 0.658347 0.960595
0.367495 0.000000 0.678535 0.474808 0.789912 0.733614 0.582506 0.636341 0.983216 0.893238 0.482382 0.498258 0.563566 0.431579 0.679204 0.538421 0.429530 0.418732 0.464163 0.441215 0.696727 0.846305 0.625345 0.489526 0.760441 0.862567 0.885527 0.964870 0.480588 0.467941 0.710227 0.592324 0.433095 0.509852 0.908958 0.957959 0.827739 0.753509 0.869717 0.785095 0.863054 0.826079 0.544749 0.513362 0.606125 0.530792 0.497937 0.484151 0.520027 0.475297 0.501388 0.453433 0.684641 0.894588 0.715377 0.550491 0.376554 0.327742 0.478278 0.460440 0.436969 0.573568 0.437979 0.374483 0.788366 0.528266 0.761173 0.682214 0.801787 0.624055 0.855418 0.825145 0.755633 0.665387 0.827434 0.926143 0.684370 0.746922 0.493894 0.564124 0.419715 0.500085 0.556843 0.560868 0.659328 0.502539 0.934301 0.743015 0.732131 0.483781 0.970873 0.843885 0.962484 0.772819 0.899203 0.831230 0.815851 0.956887 0.650746 0.725962 0.934212 0.899897 0.792101 0.858593 0.679787 0.670743 0.999369 0.873216 0.861627 0.926525 0.958924 0.761489 0.695166 0.821645 0.617809 0.876041
0.711096 0.678535 0.000000 0.451292 0.560337 0.807884 0.551054 0.707963 0.684673 0.729752 0.864332 0.812631 0.598261 0.756419 0.645294 0.569012 0.825669 0.725061 0.512847 0.609580 0.579387 0.887470 0.421466 0.600175 0.506029 0.502588 0.992652 0.947981 0.583778 0.688503 0.589019 0.675205 0.504002 0.580303 0.825804 0.940359 0.496238 0.797679 0.696977 0.735251 0.877755 0.892549 0.618323 0.708042 0.698101 0.768702 0.636315 0.716892 0.787208 0.847185 0.843373 0.849131 0.886168 0.997243 0.751239 0.901049 0.743450 0.751474 0.741734 0.784513 0.473563 0.772079 0.841901 0.770474 0.443424 0.547176 0.587271 0.649705 0.986192 0.684625 0.672155 0.745139 0.694657 0.658287 0.949432 0.824087 0.648633 0.590788 0.866112 0.653068 0.836270 0.781163 0.775213 0.867338 0.681988 0.742081 0.908446 0.885385 0.822826 0.779626 0.775189 0.765428 0.784623 0.770627 0.858183 0.614344 0.971260 0.809861 0.686356 0.601378 0.857407 0.824737 0.905125 0.967283 0.763859 0.681078 0.822669 0.871433 0.947769 0.960555 0.817676 0.666777 0.590253 0.785574 0.899963 0.962477
0.590032 0.474808 0.451292 0.000000 0.701242 0.590435 0.435659 0.398880 0.703871 0.587555 0.694170 0.413547 0.581012 0.415376 0.690583 0.445218 0.655175 0.573094 0.443307 0.389303 0.581291 0.911760 0.407180 0.402390 0.643826 0.577992 0.961882 0.950759 0.501165 0.476598 0.485576 0.548894 0.417869 0.431877 0.852837 0.994335 0.727627 0.712532 0.812117 0.828080 0.917844 0.970450 0.536639 0.627504 0.584153 0.666876 0.464952 0.557920 0.731755 0.713005 0.651113 0.646316 0.755674 0.812282 0.690425 0.720522 0.684125 0.673148 0.677660 0.690196 0.373209 0.417308 0.578202 0.456755 0.683256 0.324128 0.534970 0.558988 0.983406 0.647834 0.653019 0.698056 0.640492 0.610576 0.777528 0.653674 0.586926 0.544960 0.768620 0.563253 0.716231 0.611230 0.666525 0.805229 0.733614 0.620315 0.951838 0.934930 0.776267 0.690465 0.692877 0.887354 0.708019 0.912765 0.753526 0.561677 0.790346 0.829940 0.529292 0.535173 0.660085 0.759989 0.766653 0.850965 0.604972 0.681806 0.843082 0.946969 0.789632 0.929892 0.850290 0.653031 0.611092 0.737651 0.682237 0.899423
0.694890 0.789912 0.560337 0.701242 0.000000 0.908826 0.872657 0.885636 0.950768 0.925627 0.956018 0.818652 0.496237 0.756429 0.514101 0.537607 0.908553 0.818322 0.733397 0.889612 0.743564 0.922223 0.491515 0.569750 0.619509 0.795344 0.616134 0.856660 0.827900 0.798086 0.941975 0.982733 0.738864 0.932284 0.921491 0.790168 0.779209 0.899088 0.946149 0.642678 0.910637 0.965039 0.883781 0.954926 0.923946 0.876367 0.705583 0.768285 0.600235 0.823785 0.953445 0.914015 0.960850 0.795108 0.686484 0.845208 0.888022 0.715760 0.781287 0.797304 0.617872 0.796680 0.785300 0.760209 0.419973 0.633445 0.995386 0.998119 0.783130 0.665810 0.890237 0.830628 0.851356 0.988576 0.944001 0.998604 0.880322 0.863681 0.972883 0.672830 0.750773 0.680644 0.764579 0.683499 0.481492 0.622299 0.657707 0.890269 0.598423 0.623129 0.910993 0.896916 0.890422 0.988279 0.882509 0.939607 0.915281 0.964351 0.994680 0.864071 0.769047 0.928531 0.922764 0.896760 0.995835 0.888907 0.870587 0.868577 0.955780 0.868584 0.908979 0.963016 0.726912 0.994040 0.881813 0.998379
0.813175 0.733614 0.807884 0.590435 0.908826 0.000000 0.614058 0.559768 0.708472 0.640168 0.755180 0.637725 0.968697 0.738018 0.985859 0.730879 0.791211 0.789053 0.770466 0.656049 0.866739 0.812647 0.849636 0.810758 0.993341 0.897948 0.772203 0.952897 0.756117 0.760540 0.662383 0.744768 0.589967 0.671422 0.738604 0.985100 0.977476 0.914958 0.971027 0.979597 0.721001 0.971868 0.718931 0.687504 0.751543 0.783984 0.842762 0.746317 0.909949 0.779338 0.695941 0.719570 0.666960 0.733088 0.759016 0.843809 0.888949 0.939792 0.926158 0.739096 0.713846 0.618079 0.853084 0.677234 0.944897 0.670005 0.705443 0.621783 0.974881 0.772491 0.778267 0.770727 0.721269 0.758281 0.963364 0.695888 0.771690 0.721781 0.925731 0.827145 0.929535 0.891145 0.942900 0.978111 0.972236 0.947363 0.959090 0.970314 0.996075 0.936078 0.660084 0.860537 0.654987 0.748386 0.892506 0.890596 0.884698 0.729036 0.649050 0.810758 0.630365 0.763121 0.906376 0.797786 0.828348 0.944473 0.939637 0.929903 0.852632 0.994205 0.835837 0.812764 0.849061 0.831252 0.723973 0.865848
0.773024 0.582506 0.551054 0.435659 0.872657 0.614058 0.000000 0.286801 0.429365 0.330846 0.612699 0.558835 0.911944 0.681863 0.938895 0.642711 0.588685 0.478219 0.452527 0.470281 0.709431 0.848123 0.656755 0.723506 0.986622 0.816069 0.638303 0.837590 0.380735 0.368727 0.347337 0.441134 0.354243 0.282718 0.615612 0.877918 0.855607 0.809940 0.878001 0.932026 0.809381 0.872230 0.304272 0.362921 0.278350 0.402506 0.777873 0.595812 0.713531 0.643605 0.463222 0.496953 0.430987 0.434898 0.872572 0.880654 0.627203 0.789273 0.786785 0.838324 0.384854 0.543928 0.535180 0.417456 0.998907 0.663068 0.253488 0.307576 0.897492 0.776976 0.443348 0.424183 0.456151 0.414629 0.976206 0.657332 0.506112 0.487786 0.711159 0.686226 0.848577 0.986624 0.871615 0.869774 0.877217 0.959490 0.900321 0.861655 0.925518 0.951951 0.382977 0.553215 0.477349 0.649971 0.790805 0.623691 0.583901 0.648775 0.265929 0.318878 0.457233 0.485698 0.539711 0.656031 0.469989 0.672917 0.659136 0.697870 0.650939 0.826028 0.613420 0.495643 0.397870 0.675728 0.584056 0.869025
0.804566 0.636341 0.707963 0.398880 0.885636 0.559768 0.286801 0.000000 0.541223 0.321534 0.651036 0.388163 0.891513 0.540790 0.949593 0.760269 0.746188 0.671871 0.652681 0.535843 0.846755 0.928628 0.763829 0.757593 0.955281 0.866953 0.610151 0.854782 0.500630 0.481258 0.509333 0.556244 0.495993 0.414555 0.652790 0.908381 0.956409 0.909992 0.998559 0.901991 0.855449 0.964201 0.458136 0.516020 0.387296 0.445166 0.712906 0.602317 0.710774 0.606346 0.465845 0.484303 0.469964 0.458771 0.794644 0.714570 0.881763 0.896885 0.777836 0.705932 0.392387 0.295315 0.563149 0.364600 0.900051 0.505553 0.367525 0.338372 0.818710 0.760895 0.648032 0.635500 0.593699 0.587390 0.893590 0.634039 0.580315 0.649249 0.861750 0.834677 0.884335 0.927393 0.934356 0.912520 0.899327 0.992596 0.982024 0.952269 0.965189 0.848579 0.450223 0.763849 0.529079 0.796215 0.839402 0.729859 0.597316 0.693432 0.368757 0.476962 0.410604 0.624432 0.678510 0.781913 0.517100 0.740007 0.693928 0.819321 0.654524 0.737815 0.668131 0.643436 0.536657 0.731879 0.600759 0.835177
0.832453 0.983216 0.684673 0.703871 0.950768 0.708472 0.429365 0.541223 0.000000 0.419989 0.817683 0.825263 0.902824 0.998192 0.944597 0.838632 0.910865 0.781265 0.849675 0.780130 0.758417 0.822763 0.837721 0.967300 0.911790 0.744154 0.662274 0.822770 0.606919 0.689370 0.478646 0.642363 0.636064 0.549269 0.665406 0.822647 0.830086 0.963150 0.899216 0.984066 0.707280 0.909019 0.543101 0.613977 0.581405 0.752656 0.877746 0.995772 0.990868 0.986261 0.790504 0.868180 0.625815 0.605901 0.935654 0.844763 0.936786 0.874183 0.843822 0.812022 0.737057 0.753152 0.915836 0.816519 0.958511 0.883682 0.457322 0.548301 0.873715 0.863878 0.494855 0.534643 0.583767 0.618231 0.887573 0.732008 0.701123 0.695130 0.933492 0.787665 0.824900 0.782047 0.980028 0.760753 0.779246 0.792473 0.924658 0.924317 0.785628 0.795662 0.480536 0.525074 0.569112 0.507732 0.812681 0.841727 0.848886 0.677732 0.540593 0.558700 0.547042 0.624557 0.725675 0.857127 0.768768 0.897291 0.732198 0.698333 0.798602 0.958563 0.756696 0.738234 0.735800 0.763241 0.744707 0.841754
0.932794 0.893238 0.729752 0.587555 0.925627 0.640168 0.330846 0.321534 0.419989 0.000000 0.820295 0.622228 0.916487 0.865933 0.957177 0.815035 0.798903 0.678137 0.681037 0.612681 0.819021 0.914602 0.824051 0.952647 0.924799 0.873083 0.623579 0.873539 0.523793 0.545500 0.442398 0.554025 0.586996 0.448425 0.580839 0.788889 0.989735 0.943998 0.882508 0.916246 0.892419 0.971516 0.516999 0.594638 0.431558 0.579100 0.941165 0.763485 0.887261 0.899987 0.675458 0.733224 0.568213 0.513972 0.978844 0.931372 0.969783 0.864752 0.960838 0.945152 0.609813 0.548762 0.700788 0.565122 0.861362 0.794809 0.374692 0.441142 0.833741 0.865384 0.476883 0.512821 0.584860 0.534287 0.991714 0.692635 0.709814 0.641068 0.978760 0.853567 0.969750 0.867736 0.964605 0.695813 0.744551 0.761530 0.830663 0.811719 0.840430 0.895632 0.360504 0.547819 0.485957 0.585041 0.877798 0.715352 0.655184 0.708477 0.375185 0.439653 0.455934 0.544526 0.681166 0.847424 0.619416 0.861408 0.763746 0.843652 0.770589 0.875299 0.563143 0.654541 0.523385 0.776688 0.762578 0.817559
0.576921 0.482382 0.864332 0.694170 0.956018 0.755180 0.612699 0.651036 0.817683 0.820295 0.000000 0.526443 0.713456 0.549230 0.772055 0.720078 0.519683 0.535699 0.597818 0.639525 0.844703 0.998003 0.861254 0.725069 0.925341 0.962117 0.959311 0.978184 0.523821 0.516043 0.801899 0.773501 0.556977 0.588159 0.847057 0.938851 0.907459 0.760858 0.771229 0.860843 0.787251 0.861275 0.631991 0.599877 0.717888 0.662935 0.679347 0.747042 0.675846 0.695858 0.607529 0.626537 0.748007 0.830441 0.784007 0.740260 0.554769 0.549081 0.624555 0.645003 0.551376 0.593483 0.572851 0.499289 0.993714 0.652398 0.782998 0.678647 0.954910 0.738430 0.926381 0.870312 0.689673 0.751481 0.874104 0.791620 0.678395 0.907025 0.608239 0.682193 0.558297 0.572816 0.728424 0.666761 0.829701 0.727035 0.824713 0.616697 0.809523 0.695020 0.972491 0.822532 0.946707 0.877928 0.864827 0.852559 0.862992 0.917214 0.735179 0.924902 0.926867 0.912853 0.864104 0.986026 0.821892 0.859162 0.926012 0.941503 0.773063 0.872904 0.968338 0.825175 0.635418 0.970751 0.641244 0.701965
0.576875 0.498258 0.812631 0.413547 0.818652 0.637725 0.558835 0.388163 0.825263 0.622228 0.526443 0.000000 0.573821 0.285594 0.743765 0.539748 0.671859 0.591915 0.600055 0.528801 0.772323 0.946323 0.659360 0.544306 0.960607 0.965777 0.933360 0.998599 0.510307 0.477158 0.758691 0.706367 0.530757 0.560224 0.927993 0.995616 0.914665 0.842529 0.942015 0.967433 0.985506 0.857905 0.681893 0.682983 0.658984 0.604259 0.502856 0.579357 0.649170 0.573933 0.561526 0.515291 0.668984 0.726885 0.715574 0.645218 0.753548 0.646012 0.624904 0.584826 0.421405 0.262721 0.477161 0.335874 0.935382 0.343488 0.748683 0.619740 0.923825 0.703528 0.948744 0.884470 0.748342 0.760131 0.822748 0.805923 0.690097 0.795549 0.754588 0.729527 0.633123 0.554255 0.703080 0.677262 0.771470 0.634251 0.817516 0.731075 0.699438 0.686274 0.837897 0.844992 0.917237 0.855930 0.853375 0.761042 0.818571 0.862940 0.664162 0.765048 0.724777 0.894063 0.920912 0.943534 0.619722 0.790064 0.972847 0.969264 0.837578 0.865141 0.973679 0.773057 0.712138 0.930367 0.679167 0.801391
0.414071 0.563566 0.598261 0.581012 0.496237 0.968697 0.911944 0.891513 0.902824 0.916487 0.713456 0.573821 0.000000 0.438959 0.318853 0.395700 0.775416 0.757762 0.598862 0.716437 0.770351 0.898800 0.376980 0.407151 0.709086 0.896972 0.608318 0.755743 0.736493 0.760224 0.909069 0.929584 0.715077 0.879959 0.982202 0.807078 0.755299 0.939044 0.843359 0.742776 0.947295 0.954411 0.906356 0.963698 0.967987 0.855063 0.470799 0.579952 0.565230 0.680670 0.864624 0.782255 0.982725 0.767229 0.696354 0.747339 0.732061 0.459863 0.505796 0.511024 0.505296 0.647499 0.667182 0.650575 0.374135 0.420412 0.918987 0.945369 0.842656 0.578684 0.757422 0.786499 0.839292 0.933539 0.820527 0.960935 0.860175 0.957677 0.783227 0.677769 0.653116 0.436025 0.614758 0.514586 0.381663 0.433925 0.764666 0.792640 0.558499 0.566153 0.803984 0.726205 0.770688 0.747416 0.869166 0.818452 0.938261 0.918052 0.983160 0.915818 0.760078 0.896931 0.810648 0.856015 0.944486 0.758671 0.891397 0.904837 0.979246 0.948648 0.886667 0.895904 0.864392 0.970287 0.823772 0.886729
0.482089 0.431579 0.756419 0.415376 0.756429 0.738018 0.681863 0.540790 0.998192 0.865933 0.549230 0.285594 0.438959 0.000000 0.620737 0.461163 0.641157 0.603393 0.555780 0.537906 0.773176 0.970940 0.524958 0.359810 0.864308 0.905702 0.957289 0.894656 0.582965 0.454637 0.791446 0.661503 0.555376 0.652860 0.959669 0.834555 0.910215 0.810893 0.867082 0.830868 0.971484 0.861780 0.662098 0.669712 0.733672 0.646733 0.437580 0.521860 0.618552 0.519820 0.548504 0.510639 0.756984 0.835750 0.642605 0.606754 0.658809 0.546236 0.534062 0.547320 0.463258 0.403690 0.540479 0.394434 0.797711 0.336768 0.872205 0.737772 0.920649 0.760870 0.955168 0.931024 0.788423 0.807253 0.812145 0.781356 0.690060 0.795394 0.721188 0.624190 0.601644 0.481324 0.584030 0.584963 0.659030 0.489861 0.812943 0.726691 0.656994 0.596007 0.984232 0.736746 0.917459 0.713246 0.794452 0.770014 0.863015 0.994029 0.770692 0.833773 0.871452 0.974209 0.978934 0.973218 0.707924 0.785923 0.969826 0.896581 0.833620 0.881099 0.998365 0.847970 0.770295 0.916995 0.687535 0.872022
0.547701 0.679204 0.645294 0.690583 0.514101 0.985859 0.938895 0.949593 0.944597 0.957177 0.772055 0.743765 0.318853 0.620737 0.000000 0.352413 0.693028 0.637153 0.544289 0.703924 0.602231 0.962140 0.339096 0.417186 0.611925 0.801116 0.526832 0.714356 0.719628 0.730040 0.946968 0.988590 0.666803 0.875115 0.972817 0.905138 0.725499 0.905161 0.909676 0.656098 0.989328 0.964223 0.919570 0.973758 0.976483 0.999830 0.666921 0.715090 0.740395 0.883032 0.978065 0.993625 0.897684 0.709217 0.793460 0.852680 0.637341 0.518097 0.684554 0.779367 0.678378 0.889119 0.746813 0.785587 0.379841 0.598379 0.891588 0.863347 0.680537 0.654873 0.965115 0.962543 0.900343 0.950733 0.843426 0.883343 0.949442 0.931724 0.909552 0.562889 0.624619 0.492513 0.587695 0.576192 0.415097 0.469429 0.749564 0.829502 0.597749 0.680546 0.860691 0.807278 0.780640 0.850244 0.753357 0.720823 0.937377 0.899316 0.960984 0.932997 0.706978 0.998516 0.855021 0.918613 0.995803 0.879856 0.940550 0.773101 0.963921 0.874395 0.894385 0.922886 0.816903 0.952996 0.900478 0.918153
0.594650 0.538421 0.569012 0.445218 0.537607 0.730879 0.642711 0.760269 0.838632 0.815035 0.720078 0.539748 0.395700 0.461163 0.352413 0.000000 0.653931 0.549434 0.436738 0.533532 0.615763 0.956703 0.265623 0.293171 0.714827 0.753586 0.736617 0.857893 0.604494 0.535321 0.661381 0.728346 0.481665 0.646703 0.992631 0.886459 0.659959 0.763528 0.844246 0.744915 0.964053 0.993085 0.626236 0.687835 0.771830 0.789341 0.581365 0.637565 0.676276 0.760713 0.763279 0.725667 0.838107 0.964415 0.838752 0.954920 0.597488 0.585022 0.742355 0.817128 0.552320 0.696465 0.691425 0.613600 0.507444 0.460461 0.860480 0.870234 0.925743 0.745419 0.826994 0.760374 0.870921 0.772662 0.875105 0.809524 0.771368 0.666580 0.759446 0.534304 0.744986 0.634304 0.640207 0.741363 0.604430 0.561942 0.908079 0.884414 0.699048 0.804318 0.872434 0.948603 0.963768 0.995286 0.702379 0.680579 0.984128 0.875964 0.742043 0.669593 0.998500 0.878805 0.946994 0.939445 0.801313 0.843399 0.921381 0.954753 0.872763 0.855978 0.937746 0.679554 0.690735 0.954363 0.796783 0.889628
0.520137 0.429530 0.825669 0.655175 0.908553 0.791211 0.588685 0.746188 0.910865 0.798903 0.519683 0.671859 0.775416 0.641157 0.693028 0.653931 0.000000 0.297511 0.489648 0.505277 0.687579 0.824719 0.772051 0.654254 0.952150 0.954413 0.967652 0.862769 0.489342 0.418807 0.642888 0.604948 0.499397 0.554046 0.879518 0.954842 0.891488 0.811405 0.990811 0.907335 0.789740 0.789266 0.547910 0.536787 0.631432 0.628334 0.665275 0.605470 0.661915 0.631753 0.593107 0.626108 0.762639 0.875332 0.754681 0.715901 0.355549 0.455935 0.640608 0.760742 0.622919 0.800311 0.434473 0.434559 0.964197 0.830046 0.739102 0.728938 0.756666 0.692835 0.742399 0.719836 0.700815 0.565175 0.865850 0.863905 0.819975 0.822962 0.607059 0.502496 0.447948 0.555348 0.577486 0.726009 0.831779 0.754691 0.949753 0.834306 0.856324 0.679427 0.873444 0.950106 0.999622 0.878457 0.871941 0.767381 0.713235 0.956681 0.624251 0.703606 0.946122 0.797977 0.872089 0.767218 0.734119 0.785756 0.927872 0.884157 0.778551 0.892654 0.750462 0.795397 0.607963 0.842044 0.700918 0.898340
0.568927 0.418732 0.725061 0.573094 0.818322 0.789053 0.478219 0.671871 0.781265 0.678137 0.535699 0.591915 0.757762 0.603393 0.637153 0.549434 0.297511 0.000000 0.358728 0.448076 0.594034 0.844980 0.676318 0.544809 0.841149 0.886540 0.927797 0.995212 0.384800 0.315733 0.513600 0.448703 0.358101 0.425397 0.849992 0.984355 0.916272 0.792286 0.902093 0.923038 0.910273 0.769150 0.426740 0.446433 0.537217 0.574279 0.660653 0.594687 0.675162 0.665102 0.559012 0.613939 0.716851 0.823819 0.785849 0.716379 0.315528 0.475821 0.671493 0.851534 0.549185 0.756441 0.375689 0.382092 0.921885 0.770924 0.673089 0.638795 0.846839 0.797588 0.664012 0.642771 0.636451 0.537874 0.928970 0.822531 0.688172 0.620692 0.553334 0.406720 0.455157 0.569550 0.573599 0.694707 0.816683 0.716387 0.998653 0.825434 0.914401 0.726950 0.852799 0.981036 0.968004 0.930742 0.837067 0.616601 0.694201 0.896464 0.521072 0.593450 0.882814 0.702884 0.760959 0.685121 0.652508 0.755540 0.885690 0.903163 0.853141 0.951661 0.794841 0.702068 0.500546 0.828870 0.675399 0.868029
0.512566 0.464163 0.512847 0.443307 0.733397 0.770466 0.452527 0.652681 0.849675 0.681037 0.597818 0.600055 0.598862 0.555780 0.544289 0.436738 0.489648 0.358728 0.000000 0.397796 0.604161 0.865235 0.465575 0.459813 0.748789 0.827069 0.956787 0.968918 0.438275 0.420664 0.536988 0.531233 0.389781 0.405481 0.896649 0.942636 0.788579 0.734389 0.835098 0.856274 0.991713 0.856763 0.539372 0.608714 0.572890 0.629108 0.619556 0.564477 0.693043 0.685471 0.656487 0.683975 0.753003 0.793583 0.871707 0.792621 0.437825 0.510260 0.641213 0.760422 0.478941 0.751590 0.509832 0.515971 0.736450 0.624194 0.612521 0.697062 0.869566 0.804759 0.659446 0.615127 0.614656 0.525288 0.957132 0.755272 0.636382 0.559888 0.719999 0.561338 0.639715 0.626271 0.690962 0.792289 0.806957 0.766468 0.997256 0.998052 0.873775 0.816305 0.737074 0.835975 0.819388 0.870885 0.776593 0.575526 0.737925 0.909854 0.511349 0.533705 0.839323 0.700736 0.772493 0.768052 0.730038 0.741395 0.862187 0.949431 0.824594 0.971611 0.823503 0.557160 0.402361 0.795606 0.737119 0.905129
0.598631 0.441215 0.609580 0.389303 0.889612 0.656049 0.470281 0.535843 0.780130 0.612681 0.639525 0.528801 0.716437 0.537906 0.703924 0.533532 0.505277 0.448076 0.397796 0.000000 0.666519 0.807418 0.538800 0.507055 0.771384 0.753661 0.937584 0.904755 0.434404 0.460137 0.508501 0.510496 0.447568 0.410258 0.892221 0.962113 0.800480 0.795601 0.779125 0.931712 0.799142 0.913177 0.556366 0.602287 0.602500 0.646268 0.672741 0.559149 0.810229 0.688528 0.642275 0.673916 0.725504 0.737332 0.798266 0.711027 0.559497 0.627543 0.786305 0.751695 0.525534 0.619533 0.534750 0.512082 0.871231 0.582720 0.631574 0.656066 0.960685 0.684440 0.607737 0.618763 0.575084 0.535972 0.756828 0.803445 0.613689 0.643297 0.758360 0.626195 0.645288 0.670403 0.684844 0.828887 0.861555 0.752608 0.911152 0.991084 0.907641 0.773321 0.659123 0.836132 0.701022 0.927443 0.855192 0.588678 0.722794 0.814479 0.495994 0.533792 0.761084 0.702881 0.715518 0.825584 0.655534 0.783667 0.867295 0.909237 0.788900 0.916250 0.832165 0.669657 0.594048 0.759444 0.691019 0.793750
0.830673 0.696727 0.579387 0.581291 0.743564 0.866739 0.709431 0.846755 0.758417 0.819021 0.844703 0.772323 0.770351 0.773176 0.602231 0.615763 0.687579 0.594034 0.604161 0.666519 0.000000 0.782576 0.576905 0.675988 0.667407 0.674774 0.861917 0.987722 0.581702 0.620044 0.557755 0.655502 0.644974 0.642180 0.933697 0.988456 0.737437 0.875904 0.980047 0.731389 0.934960 0.895104 0.756149 0.809839 0.843737 0.939774 0.846291 0.910097 0.929430 0.986482 0.945243 0.986167 0.964684 0.993329 0.889960 0.959741 0.662656 0.763652 0.957698 0.934628 0.791999 0.909601 0.807915 0.757372 0.713268 0.776038 0.814490 0.868899 0.875136 0.732642 0.665321 0.779788 0.690980 0.713067 0.987833 0.844345 0.842461 0.658998 0.862736 0.612490 0.774794 0.707921 0.733756 0.830185 0.809326 0.761659 0.739304 0.977099 0.941471 0.916529 0.906987 0.966438 0.957765 0.914073 0.696373 0.730922 0.999847 0.956895 0.801874 0.794354 0.987765 0.777683 0.960263 0.917187 0.747462 0.884934 0.999234 0.834009 0.925622 0.866435 0.919117 0.826204 0.764222 0.983164 0.939156 0.954307
0.957013 0.846305 0.887470 0.911760 0.922223 0.812647 0.848123 0.928628 0.822763 0.914602 0.998003 0.946323 0.898800 0.970940 0.962140 0.956703 0.824719 0.844980 0.865235 0.807418 0.782576 0.000000 0.913449 0.951939 0.960142 0.958227 0.909947 0.909685 0.842841 0.940686 0.791285 0.816513 0.843597 0.863028 0.991016 0.999707 0.970967 0.948751 0.951406 0.852942 0.945994 0.972784 0.844710 0.820174 0.869295 0.943128 0.876765 0.861552 0.982248 0.913802 0.928817 0.970643 0.813042 0.820205 0.976369 0.999955 0.919603 0.970926 0.841693 0.937417 0.945266 0.899260 0.911709 0.962151 0.927692 0.909061 0.817539 0.990493 0.901407 0.944184 0.766563 0.729247 0.917903 0.803602 0.898380 0.756857 0.903977 0.872038 0.934122 0.973775 0.948962 0.972198 0.958052 0.923237 0.878597 0.926098 0.945732 0.845550 0.928334 0.938678 0.731513 0.792912 0.781008 0.792363 0.874575 0.888031 0.876633 0.861131 0.768586 0.859816 0.838338 0.803123 0.879966 0.756547 0.826540 0.814157 0.822352 0.820955 0.880419 0.893144 0.880645 0.950419 0.943260 0.652404 0.842445 0.895672
0.625080 0.625345 0.421466 0.407180 0.491515 0.849636 0.656755 0.763829 0.837721 0.824051 0.861254 0.659360 0.376980 0.524958 0.339096 0.265623 0.772051 0.676318 0.465575 0.538800 0.576905 0.913449 0.000000 0.292727 0.510912 0.557832 0.739306 0.855289 0.599971 0.597079 0.626211 0.720219 0.497832 0.645827 0.958855 0.949276 0.542335 0.775663 0.755689 0.706307 0.981605 0.981189 0.657244 0.767562 0.748752 0.807745 0.579345 0.629185 0.689386 0.784762 0.839629 0.819192 0.905923 0.964572 0.796822 0.894253 0.705712 0.672529 0.761705 0.828384 0.497453 0.730345 0.765193 0.703736 0.360784 0.451242 0.798576 0.855826 0.936255 0.709398 0.790364 0.768650 0.857177 0.719447 0.767786 0.772221 0.760041 0.610265 0.873873 0.569667 0.788848 0.664242 0.650955 0.783463 0.530637 0.536475 0.871456 0.988626 0.719917 0.781632 0.863455 0.877334 0.894661 0.929820 0.712999 0.610243 0.978646 0.947667 0.713446 0.593841 0.996436 0.855921 0.912667 0.955515 0.751940 0.719810 0.859925 0.964647 0.927656 0.897445 0.940853 0.758799 0.665781 0.858153 0.806272 0.986991
0.531783 0.489526 0.600175 0.402390 0.569750 0.810758 0.723506 0.757593 0.967300 0.952647 0.725069 0.544306 0.407151 0.359810 0.417186 0.293171 0.654254 0.544809 0.459813 0.507055 0.675988 0.951939 0.292727 0.000000 0.601572 0.692429 0.757429 0.850647 0.637440 0.509359 0.710477 0.657275 0.503277 0.665689 0.921952 0.798905 0.699062 0.781168 0.718961 0.752382 0.983591 0.998278 0.659464 0.718912 0.805522 0.810542 0.540581 0.660592 0.690484 0.709881 0.737782 0.719477 0.894221 0.973758 0.764466 0.740940 0.583751 0.557655 0.690106 0.752921 0.546206 0.678845 0.621673 0.573287 0.550665 0.436808 0.919961 0.891582 0.949523 0.784079 0.945439 0.863362 0.839448 0.782162 0.797248 0.789657 0.754757 0.710277 0.696308 0.488338 0.659172 0.520627 0.571026 0.604679 0.552209 0.446429 0.875694 0.820438 0.691330 0.614183 0.958416 0.928632 0.920498 0.828061 0.825796 0.700628 0.977880 0.958879 0.801403 0.708314 0.939691 0.953074 0.935065 0.936027 0.846698 0.860995 0.962488 0.918086 0.916633 0.934850 0.991139 0.794813 0.719629 0.932610 0.833301 0.977524
0.756511 0.760441 0.506029 0.643826 0.619509 0.993341 0.986622 0.955281 0.911790 0.924799 0.925341 0.960607 0.709086 0.864308 0.611925 0.714827 0.952150 0.841149 0.748789 0.771384 0.667407 0.960142 0.510912 0.601572 0.000000 0.439436 0.627207 0.940484 0.838906 0.889251 0.791489 0.829551 0.713228 0.836768 0.936445 0.992351 0.595867 0.785694 0.718262 0.667817 0.978989 0.953998 0.962962 0.945535 0.966583 0.887798 0.680499 0.932584 0.943022 0.960640 0.862183 0.857068 0.710141 0.590631 0.790850 0.836736 0.797374 0.807953 0.823858 0.919442 0.746150 0.949077 0.945650 0.980320 0.433270 0.651297 0.990944 0.964489 0.780815 0.753510 0.871825 0.955223 0.946491 0.791134 0.780211 0.920809 0.926617 0.742789 0.985224 0.663876 0.682049 0.672365 0.708513 0.693211 0.440805 0.485850 0.837703 0.964194 0.754394 0.665015 0.843963 0.925302 0.975315 0.914056 0.933293 0.690060 0.880143 0.947061 0.985303 0.909256 0.813801 0.836599 0.969112 0.996611 0.897982 0.856508 0.978468 0.878011 0.827418 0.933419 0.859678 0.935440 0.871941 0.991945 0.917019 0.895393
0.985208 0.862567 0.502588 0.577992 0.795344 0.897948 0.816069 0.866953 0.744154 0.873083 0.962117 0.965777 0.896972 0.905702 0.801116 0.753586 0.954413 0.886540 0.827069 0.753661 0.674774 0.958227 0.557832 0.692429 0.439436 0.000000 0.955687 0.994481 0.751487 0.860077 0.537027 0.659985 0.657214 0.721638 0.921656 0.856488 0.528398 0.727594 0.759280 0.698008 0.886449 0.928718 0.767832 0.885084 0.891244 0.987255 0.788987 0.974200 0.962630 0.890255 0.977064 0.901230 0.920418 0.863939 0.930438 0.999779 0.911622 0.978275 0.984177 0.924569 0.766040 0.880960 0.922207 0.975301 0.596217 0.665681 0.770040 0.780925 0.914037 0.926297 0.595476 0.685166 0.759281 0.606310 0.890913 0.767011 0.847659 0.702664 0.931687 0.690467 0.889013 0.853391 0.759485 0.931647 0.711378 0.715976 0.882713 0.985315 0.935951 0.870569 0.870284 0.831551 0.821829 0.855759 0.852625 0.783349 0.846621 0.958313 0.823843 0.781514 0.869587 0.993342 0.886921 0.930846 0.867934 0.878912 0.843229 0.983657 0.985136 0.917650 0.966158 0.899927 0.869331 0.879216 0.988416 0.922475
0.772221 0.885527 0.992652 0.961882 0.616134 0.772203 0.638303 0.610151 0.662274 0.623579 0.959311 0.933360 0.608318 0.957289 0.526832 0.736617 0.967652 0.927797 0.956787 0.937584 0.861917 0.909947 0.739306 0.757429 0.627207 0.955687 0.000000 0.770780 0.948777 0.892830 0.740635 0.763858 0.914423 0.725021 0.822368 0.773358 0.848981 0.909094 0.965705 0.663088 0.951299 0.926884 0.785718 0.704781 0.644631 0.720739 0.872920 0.965395 0.859243 0.881469 0.720866 0.766690 0.657315 0.450494 0.949302 0.969970 0.828134 0.737292 0.944117 0.968350 0.913910 0.836513 0.997270 0.920814 0.537599 0.924810 0.536395 0.535464 0.642630 0.864696 0.747519 0.708388 0.652607 0.811983 0.827483 0.831758 0.737532 0.843120 0.912957 0.822138 0.736239 0.685013 0.788004 0.642901 0.440774 0.524533 0.778498 0.804870 0.658421 0.729859 0.542069 0.667567 0.589398 0.714969 0.867963 0.917847 0.723912 0.722765 0.657773 0.759365 0.486734 0.661046 0.709963 0.841869 0.855699 0.966202 0.875971 0.708966 0.679642 0.852921 0.751782 0.763835 0.887904 0.792463 0.880524 0.916264
0.955236 0.964870 0.947981 0.950759 0.856660 0.952897 0.837590 0.854782 0.822770 0.873539 0.978184 0.998599 0.755743 0.894656 0.714356 0.857893 0.862769 0.995212 0.968918 0.904755 0.987722 0.909685 0.855289 0.850647 0.940484 0.994481 0.770780 0.000000 0.992251 0.934668 0.815568 0.832968 0.896478 0.873151 0.992421 0.818571 0.915466 0.809456 0.910412 0.734752 0.980004 0.776997 0.949710 0.888564 0.866801 0.907188 0.834394 0.860344 0.935654 0.997002 0.920502 0.898096 0.885203 0.740562 0.853938 0.831824 0.990837 0.866824 0.912141 0.868060 0.982992 0.962043 0.972716 0.963605 0.749802 0.916091 0.783636 0.846163 0.947911 0.831919 0.957804 0.896452 0.785762 0.890066 0.835083 0.899623 0.900819 0.774722 0.874385 0.877169 0.974503 0.799169 0.909297 0.844029 0.781834 0.806533 0.980109 0.930547 0.767504 0.739405 0.762281 0.820766 0.762262 0.790633 0.949828 0.967451 0.970697 0.819457 0.834215 0.888338 0.746399 0.897980 0.776789 0.896818 0.840639 0.920736 0.915405 0.732878 0.896916 0.869742 0.838562 0.896338 0.933104 0.977646 0.836624 0.943357
0.677751 0.480588 0.583778 0.501165 0.827900 0.756117 0.380735 0.500630 0.606919 0.523793 0.523821 0.510307 0.736493 0.582965 0.719628 0.604494 0.489342 0.384800 0.438275 0.434404 0.581702 0.842841 0.599971 0.637440 0.838906 0.751487 0.948777 0.992251 0.000000 0.348525 0.477419 0.469235 0.374611 0.382052 0.783055 0.961750 0.846844 0.826620 0.820485 0.962573 0.864856 0.879583 0.447734 0.500260 0.458471 0.522891 0.661087 0.608676 0.685060 0.684057 0.548761 0.608934 0.637139 0.700078 0.907497 0.703394 0.549652 0.674795 0.753305 0.790332 0.454953 0.614845 0.480070 0.432006 0.871886 0.624399 0.552971 0.530005 0.938557 0.701839 0.605403 0.590091 0.489601 0.413635 0.827577 0.795064 0.568982 0.599170 0.691871 0.562957 0.675102 0.717993 0.698259 0.845556 0.868543 0.793834 0.980496 0.971138 0.967104 0.854980 0.686657 0.841890 0.790557 0.889618 0.795919 0.662711 0.739773 0.779089 0.453270 0.538908 0.727520 0.680361 0.692993 0.822136 0.523472 0.733794 0.842242 0.846989 0.864138 0.880077 0.869741 0.626042 0.494195 0.719225 0.634953 0.844393
0.684676 0.467941 0.688503 0.476598 0.798086 0.760540 0.368727 0.481258 0.689370 0.545500 0.516043 0.477158 0.760224 0.454637 0.730040 0.535321 0.418807 0.315733 0.420664 0.460137 0.620044 0.940686 0.597079 0.509359 0.889251 0.860077 0.892830 0.934668 0.348525 0.000000 0.423506 0.382351 0.377055 0.399628 0.856564 0.991155 0.844213 0.733220 0.901890 0.897174 0.912992 0.868665 0.362251 0.377839 0.408586 0.473086 0.645002 0.583124 0.637537 0.607214 0.454386 0.490628 0.566750 0.644852 0.777732 0.705151 0.456979 0.627106 0.676711 0.874141 0.446858 0.574190 0.380598 0.320113 0.938627 0.640938 0.553257 0.478601 0.932860 0.780870 0.646816 0.590398 0.507561 0.431488 0.883337 0.741546 0.608273 0.555576 0.684500 0.467767 0.557474 0.681886 0.537443 0.814615 0.901853 0.746726 0.974876 0.879025 0.932546 0.778026 0.770814 0.964642 0.925608 0.966037 0.783057 0.714879 0.711104 0.952895 0.512305 0.534544 0.767468 0.732100 0.701876 0.774542 0.573078 0.750108 0.845871 0.979903 0.828514 0.872790 0.748985 0.723260 0.483036 0.813189 0.665760 0.829078
0.989425 0.710227 0.589019 0.485576 0.941975 0.662383 0.347337 0.509333 0.478646 0.442398 0.801899 0.758691 0.909069 0.791446 0.946968 0.661381 0.642888 0.513600 0.536988 0.508501 0.557755 0.791285 0.626211 0.710477 0.791489 0.537027 0.740635 0.815568 0.477419 0.423506 0.000000 0.282415 0.416189 0.362721 0.757802 0.893013 0.689229 0.663847 0.888147 0.974899 0.802311 0.825680 0.355820 0.448597 0.441114 0.629033 0.894051 0.826122 0.934455 0.875134 0.641383 0.738503 0.629847 0.579347 0.949434 0.996264 0.647854 0.974110 0.968991 0.835877 0.651214 0.772374 0.783735 0.638988 0.989596 0.788693 0.411591 0.439834 0.864974 0.985178 0.291924 0.311476 0.395153 0.326119 0.975942 0.659145 0.616159 0.356057 0.886396 0.629438 0.900181 0.974079 0.807669 0.825397 0.859374 0.981591 0.907641 0.806460 0.822635 0.914031 0.489254 0.563060 0.546779 0.638702 0.745730 0.651761 0.767306 0.841074 0.373797 0.426881 0.531276 0.573568 0.565527 0.698988 0.586183 0.814053 0.721439 0.817507 0.749803 0.955074 0.647533 0.647046 0.544934 0.711574 0.744876 0.933291
0.896052 0.592324 0.675205 0.548894 0.982733 0.744768 0.441134 0.556244 0.642363 0.554025 0.773501 0.706367 0.929584 0.661503 0.988590 0.728346 0.604948 0.448703 0.531233 0.510496 0.655502 0.816513 0.720219 0.657275 0.829551 0.659985 0.763858 0.832968 0.469235 0.382351 0.282415 0.000000 0.448661 0.414300 0.836203 0.924736 0.799202 0.701517 0.875278 0.961695 0.940308 0.846286 0.381412 0.425190 0.486435 0.599051 0.817997 0.733461 0.920274 0.810316 0.586008 0.657856 0.655046 0.636549 0.943044 0.808850 0.598236 0.905787 0.956546 0.937625 0.666335 0.773913 0.680153 0.587265 0.921636 0.808669 0.512642 0.501701 0.857406 0.956576 0.414376 0.405555 0.406922 0.358606 0.973414 0.772056 0.619882 0.414840 0.779461 0.606294 0.801425 0.935621 0.766669 0.986989 0.866070 0.909141 0.898558 0.989943 0.836820 0.966783 0.665601 0.753640 0.703122 0.834700 0.833090 0.721058 0.764125 0.908038 0.502446 0.516816 0.590947 0.624294 0.569903 0.720095 0.600212 0.794134 0.829251 0.873595 0.822642 0.947991 0.702063 0.728388 0.580143 0.743456 0.736904 0.986567
0.574467 0.433095 0.504002 0.417869 0.738864 0.589967 0.354243 0.495993 0.636064 0.586996 0.556977 0.530757 0.715077 0.555376 0.666803 0.481665 0.499397 0.358101 0.389781 0.447568 0.644974 0.843597 0.497832 0.503277 0.713228 0.657214 0.914423 0.896478 0.374611 0.377055 0.416189 0.448661 0.000000 0.354267 0.659874 0.878679 0.764169 0.720345 0.784441 0.868705 0.805451 0.812656 0.364480 0.379208 0.405423 0.457709 0.564516 0.573216 0.584110 0.556195 0.474764 0.533434 0.609889 0.733550 0.659425 0.682206 0.457086 0.565961 0.628956 0.716570 0.349474 0.580233 0.505524 0.419203 0.723857 0.551365 0.487085 0.449625 0.948113 0.742927 0.582358 0.554500 0.562987 0.483104 0.825697 0.688921 0.576633 0.527305 0.669778 0.496650 0.552328 0.643039 0.649664 0.751104 0.735112 0.662477 0.960306 0.897703 0.860570 0.755231 0.695626 0.829437 0.735621 0.923690 0.799986 0.552019 0.692859 0.775224 0.420327 0.492308 0.685306 0.692917 0.665511 0.730827 0.547919 0.628725 0.783736 0.815758 0.771443 0.906487 0.832500 0.647206 0.417160 0.724532 0.555220 0.851624
0.725897 0.509852 0.580303 0.431877 0.932284 0.671422 0.282718 0.414555 0.549269 0.448425 0.588159 0.560224 0.879959 0.652860 0.875115 0.646703 0.554046 0.425397 0.405481 0.410258 0.642180 0.863028 0.645827 0.665689 0.836768 0.721638 0.725021 0.873151 0.382052 0.399628 0.362721 0.414300 0.354267 0.000000 0.698529 0.807765 0.869809 0.777319 0.903313 0.941593 0.920627 0.893244 0.389710 0.452006 0.389458 0.491761 0.714259 0.647174 0.744918 0.676860 0.525199 0.597666 0.572336 0.571671 0.900221 0.818426 0.585344 0.734756 0.759569 0.842819 0.444035 0.594557 0.555221 0.467050 0.959985 0.670683 0.408231 0.417937 0.941925 0.810732 0.427099 0.461050 0.465679 0.392774 0.960228 0.732747 0.501492 0.504097 0.680855 0.581078 0.761035 0.839452 0.813074 0.988567 0.970882 0.930718 0.975574 0.994184 0.924314 0.899499 0.562347 0.689952 0.582972 0.770286 0.784274 0.595997 0.683306 0.755318 0.344438 0.431941 0.559550 0.536807 0.654274 0.717041 0.550225 0.704648 0.737135 0.700707 0.741275 0.933423 0.768879 0.600791 0.424820 0.765567 0.630479 0.858078
0.958107 0.908958 0.825804 0.852837 0.921491 0.738604 0.615612 0.652790 0.665406 0.580839 0.847057 0.927993 0.982202 0.959669 0.972817 0.992631 0.879518 0.849992 0.896649 0.892221 0.933697 0.991016 0.958855 0.921952 0.936445 0.921656 0.822368 0.992421 0.783055 0.856564 0.757802 0.836203 0.659874 0.698529 0.000000 0.838741 0.984859 0.895853 0.990254 0.948337 0.893459 0.875719 0.671149 0.696448 0.568258 0.612450 0.930220 0.823554 0.733257 0.820998 0.734457 0.769526 0.644692 0.757251 0.821924 0.858456 0.949116 0.931788 0.876713 0.828551 0.660787 0.778720 0.779890 0.742479 0.931732 0.950861 0.603211 0.564463 0.941595 0.782863 0.661239 0.825362 0.970268 0.802391 0.922608 0.889669 0.775738 0.855431 0.894255 0.899477 0.980368 0.921645 0.969918 0.841491 0.963129 0.945119 0.862343 0.912040 0.933852 0.877564 0.698777 0.715144 0.708959 0.794756 0.846119 0.784337 0.810983 0.868620 0.670248 0.748771 0.735551 0.771126 0.771758 0.978745 0.868283 0.805157 0.938474 0.826381 0.920009 0.902083 0.846525 0.973970 0.731756 0.836617 0.684414 0.839546
0.914237 0.957959 0.940359 0.994335 0.790168 0.985100 0.877918 0.908381 0.822647 0.788889 0.938851 0.995616 0.807078 0.834555 0.905138 0.886459 0.954842 0.984355 0.942636 0.962113 0.988456 0.999707 0.949276 0.798905 0.992351 0.856488 0.773358 0.818571 0.961750 0.991155 0.893013 0.924736 0.878679 0.807765 0.838741 0.000000 0.878219 0.964894 0.843712 0.954794 0.952140 0.981183 0.991787 0.938955 0.842402 0.943632 0.925927 0.926123 0.948734 0.947577 0.987880 0.915610 0.972541 0.938850 0.957433 0.993394 0.918018 0.874887 0.936067 0.927495 0.907008 0.914002 0.990393 0.904537 0.945460 0.941870 0.748944 0.851471 0.890883 0.928391 0.754232 0.762918 0.985771 0.866174 0.911685 0.846661 0.921419 0.995350 0.886561 0.993978 0.953304 0.871754 0.994241 0.842661 0.896086 0.905735 0.980386 0.934428 0.949231 0.838002 0.769988 0.840256 0.655294 0.814425 0.876680 0.983803 0.706758 0.811539 0.844653 0.901156 0.736277 0.827786 0.744791 0.928031 0.818118 0.913247 0.979621 0.880719 0.887262 0.954543 0.978029 0.932904 0.958412 0.998919 0.830349 0.906055
0.861797 0.827739 0.496238 0.727627 0.779209 0.977476 0.855607 0.956409 0.830086 0.989735 0.907459 0.914665 0.755299 0.910215 0.725499 0.659959 0.891488 0.916272 0.788579 0.800480 0.737437 0.970967 0.542335 0.699062 0.595867 0.528398 0.848981 0.915466 0.846844 0.844213 0.689229 0.799202 0.764169 0.869809 0.984859 0.878219 0.000000 0.678285 0.642942 0.619490 0.681450 0.809235 0.751434 0.820804 0.887650 0.963213 0.749558 0.937530 0.874325 0.993580 0.986095 0.979650 0.945316 0.859221 0.849949 0.864848 0.755946 0.890410 0.894022 0.960827 0.805701 0.984186 0.945175 0.982673 0.535635 0.781790 0.826355 0.879053 0.886310 0.896650 0.777042 0.762305 0.820325 0.783227 0.898449 0.925160 0.909623 0.727802 0.958921 0.727038 0.834200 0.883603 0.750561 0.897619 0.697527 0.710525 0.981549 0.959109 0.902234 0.817832 0.974473 0.874188 0.997181 0.969417 0.882668 0.775930 0.795465 0.920542 0.857908 0.800893 0.942635 0.940632 0.883919 0.968709 0.880528 0.845787 0.982359 0.986020 0.936970 0.824009 0.904795 0.896610 0.916466 0.907551 0.977776 0.949263
0.800410 0.753509 0.797679 0.712532 0.899088 0.914958 0.809940 0.909992 0.963150 0.943998 0.760858 0.842529 0.939044 0.810893 0.905161 0.763528 0.811405 0.792286 0.734389 0.795601 0.875904 0.948751 0.775663 0.781168 0.785694 0.727594 0.909094 0.809456 0.826620 0.733220 0.663847 0.701517 0.720345 0.777319 0.895853 0.964894 0.678285 0.000000 0.761793 0.802163 0.856575 0.737114 0.786981 0.791166 0.863091 0.878381 0.757990 0.920415 0.855099 0.922385 0.889015 0.859655 0.942874 0.955049 0.855228 0.925470 0.717311 0.823571 0.872581 0.980056 0.808024 0.862957 0.922431 0.853006 0.799722 0.709103 0.794935 0.806615 0.811282 0.896219 0.811437 0.721248 0.745773 0.644897 0.776046 0.922645 0.846025 0.651347 0.851202 0.824935 0.716618 0.880044 0.671328 0.869138 0.761419 0.662692 0.851736 0.818998 0.803330 0.833288 0.973770 0.993136 0.941808 0.956343 0.754935 0.824755 0.954763 0.958182 0.875131 0.913351 0.943550 0.927710 0.770205 0.951162 0.857026 0.912008 0.909390 0.959654 0.935510 0.888946 0.997640 0.945988 0.809968 0.939367 0.838987 0.918215
