0.000000 0.139875 0.369422 0.430437 0.658681 0.701317 0.764800 0.629545 0.496112 0.596755 0.345310 0.257060 0.286145 0.318081 0.490758 0.630172 0.249956 0.217222 0.249817 0.198334 0.480597 0.975293 0.584864 0.380512 0.384760 0.595132 0.427736 0.680885 0.489654 0.460137 0.891604 0.631341 0.351275 0.460275 0.808789 0.876615 0.611716 0.648917 0.809488 0.749096 0.645347 0.656996 0.919825 0.856819 0.726801 0.945647 0.623936 0.679658 0.951263 0.827994 0.942125 0.855344 0.831134 0.521018 0.366234 0.503039 0.142764 0.147231 0.414063 0.350882 0.387565 0.540625 0.260834 0.262721 0.281923 0.391400 0.738699 0.881415 0.255073 0.296771 0.607258 0.428126 0.933002 0.821050 0.784917 0.928391 0.907654 0.774267 0.489178 0.391930 0.231844 0.260597 0.337852 0.222042 0.217776 0.182254 0.908172 0.581395 0.494297 0.258051 0.323294 0.408357 0.356711 0.417789 0.918854 0.948621 0.973609 0.880811 0.745427 0.838708 0.596616 0.711790 0.961215 0.744930 0.887312 0.854972 0.949218 0.856170 0.702063 0.842993 0.858365 0.872816 0.753237 0.967863 0.757876 0.498182
0.139875 0.000000 0.332259 0.364954 0.682644 0.708888 0.728064 0.570629 0.520687 0.649160 0.403641 0.273149 0.312756 0.313122 0.467283 0.588564 0.254148 0.235312 0.245220 0.205693 0.501882 0.980978 0.526076 0.354432 0.377143 0.577497 0.417306 0.692935 0.498078 0.470264 0.801877 0.582910 0.345370 0.397993 0.766231 0.896365 0.601790 0.636112 0.740755 0.777330 0.691170 0.627138 0.982915 0.793146 0.755780 0.989638 0.591230 0.644286 0.918000 0.786619 0.886594 0.792182 0.876596 0.575184 0.393006 0.482130 0.139592 0.141622 0.385558 0.339017 0.391456 0.522028 0.282134 0.262047 0.289321 0.403534 0.705616 0.855892 0.278253 0.290917 0.675557 0.441090 0.960238 0.856264 0.752356 0.946066 0.994729 0.798872 0.462646 0.387040 0.245705 0.301936 0.365705 0.253398 0.255878 0.189168 0.950529 0.628357 0.507519 0.268008 0.315042 0.400998 0.354398 0.395230 0.945282 0.987362 0.999272 0.907571 0.769380 0.887459 0.532698 0.733504 0.967134 0.781824 0.894825 0.816561 0.851029 0.848884 0.755082 0.816146 0.847483 0.886130 0.804425 0.993921 0.728619 0.503412
0.369422 0.332259 0.000000 0.221949 0.693852 0.833736 0.652924 0.471056 0.735462 0.791134 0.637504 0.484766 0.438688 0.478724 0.606243 0.594056 0.500427 0.475938 0.397632 0.425681 0.470060 0.996896 0.571604 0.430217 0.352646 0.454222 0.521589 0.819510 0.678061 0.675827 0.714589 0.542976 0.487694 0.497071 0.751169 0.874470 0.535079 0.597037 0.703025 0.659048 0.829702 0.576540 0.919488 0.745674 0.818126 0.996904 0.672695 0.714850 0.980176 0.806725 0.880103 0.810445 0.939983 0.736510 0.504766 0.639484 0.317863 0.329840 0.517780 0.458901 0.524753 0.515697 0.524204 0.484885 0.378820 0.421229 0.697930 0.832292 0.419795 0.380206 0.913016 0.698050 0.891288 0.954853 0.879483 0.898428 0.866232 0.961962 0.548499 0.535831 0.513225 0.543206 0.572219 0.535366 0.528182 0.366188 0.957040 0.942142 0.568445 0.461693 0.530943 0.592088 0.579817 0.561772 0.934484 0.983654 0.839460 0.879633 0.964851 0.955094 0.580209 0.848368 0.973981 0.830120 0.828268 0.756421 0.687316 0.932462 0.903547 0.830747 0.811906 0.927472 0.994217 0.881228 0.624045 0.636127
0.430437 0.364954 0.221949 0.000000 0.744927 0.933772 0.540996 0.307469 0.819008 0.975139 0.809228 0.570516 0.543021 0.514039 0.693906 0.548593 0.600697 0.591950 0.475581 0.575554 0.566920 0.967352 0.518454 0.413886 0.439979 0.452410 0.596444 0.847446 0.813851 0.774526 0.600400 0.494237 0.468609 0.475588 0.675310 0.905108 0.470656 0.605564 0.693219 0.645389 0.896407 0.554552 0.817676 0.664369 0.918274 0.900673 0.648884 0.672641 0.876996 0.706042 0.707445 0.620483 0.862711 0.941835 0.550439 0.612106 0.357845 0.376835 0.401076 0.352306 0.542460 0.459979 0.541033 0.485979 0.540928 0.462493 0.608906 0.689184 0.560921 0.347863 0.969225 0.741910 0.835084 0.925908 0.821088 0.905121 0.753225 0.937765 0.514155 0.564265 0.593682 0.693169 0.656815 0.603377 0.624804 0.402884 0.813146 0.994867 0.561507 0.478950 0.581550 0.657515 0.619045 0.589638 0.873107 0.994926 0.808256 0.797536 0.926174 0.850898 0.630046 0.960716 0.999694 0.757541 0.802233 0.682469 0.616504 0.924053 0.932612 0.798645 0.827491 0.985916 0.906460 0.801800 0.543149 0.713148
0.658681 0.682644 0.693852 0.744927 0.000000 0.699952 0.882659 0.977512 0.640027 0.664486 0.857601 0.816747 0.875857 0.889288 0.948565 0.920409 0.797977 0.786397 0.746928 0.703325 0.765130 0.979881 0.981427 0.899779 0.687371 0.796840 0.855997 0.989450 0.968862 0.953076 0.958316 0.953418 0.859441 0.957363 0.860759 0.728176 0.763280 0.822097 0.789412 0.981403 0.881316 0.854527 0.929692 0.976714 0.765828 0.899401 0.906166 0.910186 0.896183 0.952599 0.856718 0.898468 0.675962 0.580636 0.900998 0.917510 0.667077 0.704177 0.793878 0.763665 0.961941 0.971994 0.888684 0.836720 0.728574 0.923588 0.933172 0.969825 0.588686 0.660856 0.760775 0.728568 0.723495 0.662447 0.907179 0.923237 0.972360 0.790641 0.877930 0.849814 0.776440 0.758669 0.833091 0.747208 0.817192 0.726884 0.918070 0.961796 0.828693 0.745686 0.717313 0.706327 0.832461 0.692434 0.981994 0.937348 0.814851 0.955453 0.848884 0.881725 0.707570 0.675647 0.849877 0.944515 0.991180 0.935117 0.950948 0.956882 0.850214 0.817589 0.917064 0.775817 0.889716 0.970136 0.968701 0.748444
0.701317 0.708888 0.833736 0.933772 0.699952 0.000000 0.785089 0.820844 0.595273 0.639883 0.679802 0.731664 0.890202 0.834469 0.940994 0.902449 0.748157 0.719916 0.749919 0.708742 0.883391 0.927400 0.940482 0.877278 0.806715 0.950912 0.779878 0.984472 0.874826 0.847776 0.805935 0.881951 0.899841 0.987245 0.991558 0.921519 0.969190 0.899135 0.964535 0.915613 0.736359 0.828992 0.730086 0.787277 0.707899 0.846273 0.952279 0.991112 0.885550 0.861223 0.779573 0.776692 0.637253 0.531118 0.934246 0.896623 0.700300 0.699298 0.870802 0.869605 0.914540 0.930334 0.834972 0.823139 0.696703 0.959491 0.986527 0.847944 0.654574 0.836090 0.694729 0.667386 0.584552 0.620220 0.995298 0.810622 0.705504 0.649809 0.983710 0.953368 0.812587 0.731642 0.791956 0.684149 0.752178 0.771676 0.820458 0.881385 0.988801 0.811992 0.585762 0.717116 0.705880 0.758677 0.969594 0.869281 0.902006 0.950354 0.718796 0.709872 0.717616 0.808532 0.917759 0.958769 0.826327 0.795376 0.857640 0.729012 0.735094 0.951705 0.898087 0.849299 0.744422 0.766320 0.828874 0.729771
0.764800 0.728064 0.652924 0.540996 0.882659 0.785089 0.000000 0.226821 0.860686 0.508424 0.975937 0.785885 0.726801 0.756606 0.736305 0.713170 0.795360 0.821917 0.594920 0.836257 0.813294 0.971941 0.367657 0.778259 0.986736 0.891705 0.949794 0.967737 0.631261 0.813269 0.415561 0.473652 0.439406 0.402073 0.772032 0.985065 0.784871 0.800460 0.816420 0.887015 0.886036 0.727156 0.422604 0.383159 0.479542 0.435406 0.473210 0.509986 0.404254 0.339123 0.273407 0.286179 0.365781 0.525228 0.574482 0.535672 0.676205 0.713151 0.406250 0.452363 0.447618 0.382528 0.505834 0.516163 0.875741 0.720175 0.362327 0.364566 0.968941 0.718799 0.613963 0.869996 0.436059 0.498908 0.779427 0.561724 0.557847 0.550630 0.482935 0.661076 0.746214 0.988347 0.777849 0.940849 0.743535 0.765538 0.657621 0.980524 0.714468 0.777228 0.923226 0.844305 0.937272 0.962420 0.664842 0.752088 0.657401 0.757915 0.486054 0.450706 0.876314 0.594458 0.721153 0.640547 0.512872 0.456110 0.548120 0.647961 0.905035 0.901110 0.686867 0.546235 0.522426 0.604705 0.382232 0.999711
0.629545 0.570629 0.471056 0.307469 0.977512 0.820844 0.226821 0.000000 0.885431 0.624997 0.941578 0.654719 0.602963 0.617061 0.679795 0.510218 0.735880 0.743539 0.588900 0.771947 0.721048 0.974831 0.410110 0.579396 0.797150 0.714354 0.805362 0.882765 0.703388 0.785533 0.473951 0.491649 0.445544 0.410351 0.731572 0.927179 0.638342 0.665079 0.974267 0.788842 0.903679 0.635977 0.606498 0.523535 0.754075 0.668606 0.593001 0.651464 0.632492 0.515170 0.422381 0.387586 0.522899 0.689432 0.586999 0.635565 0.536736 0.558370 0.411348 0.403382 0.392853 0.281178 0.488506 0.450514 0.734690 0.523565 0.502275 0.505231 0.897718 0.552318 0.725147 0.992423 0.566025 0.655697 0.724545 0.711199 0.648064 0.710798 0.499010 0.657871 0.726364 0.933865 0.753000 0.843736 0.736200 0.625153 0.698130 0.935298 0.605996 0.711934 0.839191 0.885677 0.751406 0.745301 0.801952 0.911939 0.782764 0.831759 0.708619 0.647936 0.884016 0.791814 0.905041 0.744092 0.641100 0.611534 0.553601 0.762930 0.960061 0.860516 0.791340 0.803597 0.702139 0.687266 0.444924 0.832475
0.496112 0.520687 0.735462 0.819008 0.640027 0.595273 0.860686 0.885431 0.000000 0.510752 0.601970 0.613203 0.732408 0.577337 0.843724 0.992884 0.487927 0.461647 0.533416 0.477301 0.759768 0.887805 0.909102 0.630672 0.523915 0.631342 0.607950 0.865050 0.753058 0.667450 0.925565 0.870225 0.695880 0.750580 0.870001 0.917340 0.731999 0.833428 0.845155 0.977254 0.843959 0.959017 0.940769 0.898738 0.809537 0.978492 0.758793 0.715205 0.971674 0.920846 0.899024 0.958336 0.779969 0.594794 0.616958 0.566507 0.519802 0.530264 0.661134 0.682214 0.909736 0.991632 0.692108 0.662845 0.674418 0.797298 0.851148 0.973686 0.465564 0.590819 0.622681 0.597766 0.804084 0.801313 0.929913 0.959520 0.909818 0.714113 0.732885 0.613381 0.482239 0.415479 0.554157 0.362962 0.540958 0.494783 0.776823 0.576567 0.684845 0.432125 0.555303 0.692463 0.654990 0.707961 0.991493 0.827929 0.993314 0.924301 0.796438 0.951624 0.793990 0.781234 0.870870 0.737574 0.919995 0.881433 0.998510 0.895311 0.718369 0.789670 0.854002 0.980257 0.758618 0.957018 0.980960 0.741448
0.596755 0.649160 0.791134 0.975139 0.664486 0.639883 0.508424 0.624997 0.510752 0.000000 0.538890 0.723604 0.732371 0.754577 0.898677 0.902661 0.701234 0.630663 0.837600 0.587712 0.770640 0.966316 0.756897 0.724538 0.570746 0.798842 0.646358 0.733835 0.954831 0.851683 0.506059 0.767450 0.910984 0.834952 0.926595 0.961489 0.916070 0.811977 0.777537 0.978945 0.769667 0.981718 0.470011 0.573816 0.325288 0.409768 0.781847 0.787725 0.482362 0.528741 0.401337 0.465028 0.348751 0.277030 0.911481 0.970063 0.691653 0.662952 0.903624 0.991527 0.959103 0.791916 0.957013 0.937212 0.574223 0.707659 0.659109 0.508681 0.450912 0.728744 0.387539 0.530905 0.576105 0.537328 0.865691 0.659456 0.550659 0.497497 0.921395 0.858775 0.664100 0.442648 0.723400 0.510925 0.628793 0.569207 0.632197 0.577505 0.822111 0.638803 0.567699 0.557140 0.770369 0.781595 0.696938 0.936787 0.769738 0.732125 0.421194 0.499560 0.651934 0.538996 0.724934 0.826668 0.748903 0.753034 0.764825 0.650140 0.676688 0.945304 0.881289 0.572089 0.403104 0.706106 0.687070 0.649120
0.345310 0.403641 0.637504 0.809228 0.857601 0.679802 0.975937 0.941578 0.601970 0.538890 0.000000 0.259901 0.284382 0.327848 0.409721 0.619711 0.305471 0.234378 0.470515 0.316922 0.661091 0.876280 0.886712 0.584901 0.580600 0.856432 0.511401 0.665455 0.423412 0.336064 0.817248 0.914286 0.645103 0.686918 0.942020 0.977505 0.814498 0.791150 0.924769 0.885369 0.603442 0.970342 0.606524 0.770340 0.559773 0.667572 0.960852 0.951967 0.751081 0.836274 0.712347 0.759753 0.619613 0.398579 0.555300 0.744815 0.390099 0.356731 0.875849 0.814618 0.401923 0.572049 0.425326 0.411554 0.252246 0.378255 0.870163 0.783907 0.435283 0.686483 0.495547 0.514521 0.834214 0.793290 0.760683 0.836016 0.564806 0.675063 0.778720 0.617037 0.389916 0.332239 0.416904 0.335610 0.352927 0.397109 0.567588 0.619645 0.645871 0.576785 0.346024 0.376139 0.318320 0.480635 0.765197 0.956283 0.692062 0.632618 0.438168 0.545278 0.581782 0.616879 0.777889 0.938729 0.817967 0.843547 0.768120 0.665874 0.680482 0.920984 0.938672 0.685699 0.536449 0.682336 0.997956 0.505541
0.257060 0.273149 0.484766 0.570516 0.816747 0.731664 0.785885 0.654719 0.613203 0.723604 0.259901 0.000000 0.193133 0.196677 0.301940 0.417604 0.208139 0.191025 0.308218 0.256800 0.562532 0.916203 0.579040 0.433223 0.457364 0.687045 0.425747 0.708916 0.361659 0.283875 0.866734 0.641854 0.416912 0.435213 0.805171 0.947407 0.649242 0.654547 0.804118 0.742195 0.628425 0.808636 0.819202 0.961931 0.733679 0.890037 0.723212 0.810978 0.954034 0.919050 0.988754 0.939445 0.846426 0.580089 0.370234 0.568476 0.265991 0.220777 0.639403 0.584363 0.262250 0.384365 0.241352 0.203519 0.264749 0.318058 0.911165 0.983566 0.375346 0.460944 0.671092 0.561070 0.985633 0.934428 0.648140 0.930147 0.818688 0.799394 0.566991 0.436101 0.283773 0.322425 0.303380 0.289090 0.281362 0.277188 0.743889 0.623775 0.489752 0.446701 0.296806 0.359980 0.255836 0.330573 0.832213 0.944996 0.790628 0.730638 0.624572 0.717524 0.580260 0.735901 0.963724 0.859770 0.986025 0.965028 0.976025 0.718526 0.680008 0.855422 0.914234 0.784048 0.679040 0.793658 0.760154 0.485920
0.286145 0.312756 0.438688 0.543021 0.875857 0.890202 0.726801 0.602963 0.732408 0.732371 0.284382 0.193133 0.000000 0.220313 0.298948 0.380198 0.297197 0.252047 0.355871 0.319469 0.581131 0.946645 0.569127 0.385078 0.484192 0.651320 0.462940 0.751435 0.416560 0.382459 0.895176 0.611520 0.473172 0.470884 0.848559 0.911921 0.756221 0.705367 0.893009 0.774985 0.596438 0.791564 0.841351 0.995420 0.721499 0.846353 0.730228 0.866931 0.930126 0.912683 0.985838 0.906314 0.896723 0.659551 0.377655 0.598440 0.293083 0.267270 0.653333 0.576138 0.253573 0.381747 0.271816 0.271623 0.261882 0.256481 0.911953 0.969597 0.431221 0.471588 0.659245 0.597017 0.959078 0.980842 0.710070 0.973104 0.845925 0.818314 0.585733 0.413754 0.297110 0.324162 0.369969 0.342049 0.276613 0.263952 0.696185 0.617764 0.483820 0.472119 0.409344 0.457978 0.361092 0.442355 0.826661 0.922796 0.873279 0.739511 0.681387 0.769743 0.616413 0.816434 0.897351 0.932191 0.975357 0.957819 0.982096 0.778107 0.725374 0.964797 0.905218 0.774390 0.708619 0.838068 0.733553 0.516176
0.318081 0.313122 0.478724 0.514039 0.889288 0.834469 0.756606 0.617061 0.577337 0.754577 0.327848 0.196677 0.220313 0.000000 0.296754 0.328067 0.229077 0.203471 0.326925 0.310929 0.593174 0.892307 0.545603 0.319974 0.446548 0.584494 0.457154 0.792669 0.423122 0.277532 0.814985 0.570011 0.431104 0.401242 0.824576 0.979851 0.632196 0.677352 0.784322 0.749979 0.691190 0.821533 0.898600 0.913919 0.785094 0.933383 0.695915 0.762490 0.981331 0.854882 0.952708 0.861415 0.956497 0.725674 0.350116 0.491892 0.297557 0.265915 0.618602 0.574738 0.321306 0.374285 0.286109 0.249389 0.359935 0.267494 0.849383 0.895351 0.448820 0.466360 0.738202 0.622372 0.901129 0.936867 0.701054 0.962188 0.897145 0.853320 0.543721 0.396946 0.272681 0.309237 0.298471 0.256340 0.333264 0.266973 0.712638 0.556472 0.465131 0.452667 0.362873 0.421346 0.325990 0.414805 0.935416 0.920858 0.840064 0.810956 0.694448 0.840088 0.592401 0.821020 0.972912 0.842882 0.982241 0.879026 0.915974 0.797621 0.686574 0.941042 0.863661 0.841207 0.743586 0.861749 0.731019 0.561004
0.490758 0.467283 0.606243 0.693906 0.948565 0.940994 0.736305 0.679795 0.843724 0.898677 0.409721 0.301940 0.298948 0.296754 0.000000 0.345883 0.362336 0.351930 0.474956 0.421493 0.676691 0.849642 0.559423 0.442051 0.680940 0.804008 0.610852 0.792075 0.375276 0.339213 0.821539 0.674289 0.558390 0.455157 0.903074 0.898252 0.868751 0.876193 0.877139 0.803417 0.680680 0.901377 0.983583 0.913087 0.936029 0.999316 0.718551 0.804243 0.922588 0.837254 0.882636 0.834717 0.973484 0.835693 0.420021 0.562775 0.460246 0.442099 0.756967 0.753936 0.330705 0.432366 0.390006 0.380390 0.404960 0.402910 0.922796 0.988106 0.635833 0.706082 0.739075 0.723408 0.870686 0.911874 0.706234 0.909389 0.948094 0.926889 0.586398 0.519522 0.378430 0.451002 0.463898 0.463766 0.409208 0.477338 0.756381 0.679332 0.659366 0.638339 0.557332 0.564252 0.421526 0.524881 0.925265 0.915309 0.745938 0.752237 0.791162 0.855946 0.633523 0.828862 0.973113 0.908292 0.923315 0.930473 0.912652 0.739992 0.760401 0.982649 0.933698 0.873102 0.851722 0.895752 0.739462 0.656180
0.630172 0.588564 0.594056 0.548593 0.920409 0.902449 0.713170 0.510218 0.992884 0.902661 0.619711 0.417604 0.380198 0.328067 0.345883 0.000000 0.502734 0.527892 0.640138 0.652175 0.689945 0.887866 0.588294 0.447623 0.652473 0.693244 0.707379 0.856592 0.556113 0.450464 0.718460 0.579452 0.626479 0.501327 0.897974 0.944778 0.735005 0.729730 0.861864 0.692328 0.854449 0.825784 0.962138 0.940021 0.890650 0.959960 0.846994 0.898392 0.978502 0.874252 0.845180 0.761216 0.833879 0.975075 0.554462 0.762876 0.559723 0.532357 0.769911 0.763582 0.413620 0.360214 0.495048 0.446955 0.600157 0.388812 0.966836 0.885983 0.809099 0.670697 0.957744 0.867703 0.800106 0.850838 0.607621 0.870230 0.977601 0.976136 0.678044 0.587987 0.591710 0.679390 0.559511 0.655962 0.679306 0.575360 0.835525 0.928653 0.693307 0.772835 0.570714 0.557931 0.464556 0.497941 0.919196 0.820939 0.739412 0.833109 0.815539 0.908210 0.687314 0.928516 0.930024 0.952200 0.885086 0.980112 0.840891 0.808660 0.881214 0.974946 0.995959 0.835248 0.888427 0.917457 0.729633 0.686605
0.249956 0.254148 0.500427 0.600697 0.797977 0.748157 0.795360 0.735880 0.487927 0.701234 0.305471 0.208139 0.297197 0.229077 0.362336 0.502734 0.000000 0.161548 0.251077 0.219577 0.581791 0.999122 0.568976 0.438820 0.449968 0.674632 0.483340 0.689822 0.308092 0.258963 0.820675 0.614831 0.365989 0.386662 0.819664 0.950906 0.626058 0.728394 0.833225 0.752433 0.690576 0.758958 0.954363 0.823476 0.838363 0.971327 0.578051 0.635157 0.913139 0.791098 0.930013 0.860724 0.903480 0.623005 0.348259 0.448368 0.248828 0.226059 0.555346 0.540513 0.372443 0.499486 0.268469 0.245321 0.318349 0.408227 0.789813 0.862548 0.364239 0.466411 0.705698 0.520795 0.959606 0.977917 0.728214 0.952578 0.936244 0.867991 0.494105 0.397417 0.203827 0.263358 0.268193 0.248882 0.254702 0.261191 0.791214 0.526784 0.539010 0.373395 0.356402 0.438700 0.307465 0.412674 0.979150 0.990158 0.882085 0.809919 0.733361 0.855580 0.648676 0.751824 0.939212 0.753466 0.924513 0.840665 0.943277 0.815984 0.707035 0.890588 0.879920 0.973954 0.787711 0.854411 0.775395 0.566454
0.217222 0.235312 0.475938 0.591950 0.786397 0.719916 0.821917 0.743539 0.461647 0.630663 0.234378 0.191025 0.252047 0.203471 0.351930 0.527892 0.161548 0.000000 0.253491 0.194115 0.559513 0.934018 0.612053 0.401858 0.443584 0.663128 0.476617 0.666158 0.344736 0.278125 0.913873 0.630717 0.396755 0.424971 0.851576 0.957940 0.646475 0.695634 0.826206 0.759715 0.639418 0.777099 0.870606 0.909396 0.758119 0.932139 0.670951 0.732388 0.992426 0.864942 0.977697 0.947289 0.831235 0.542246 0.341542 0.474401 0.225774 0.205161 0.580442 0.553936 0.361284 0.490901 0.260599 0.241368 0.275914 0.362433 0.832007 0.933621 0.334588 0.452358 0.639535 0.503186 0.985327 0.930654 0.761858 0.983673 0.829407 0.787025 0.512782 0.400057 0.195144 0.224259 0.288043 0.206005 0.231557 0.242267 0.731792 0.518763 0.550949 0.359165 0.319713 0.377667 0.287459 0.398859 0.962846 0.991615 0.846596 0.812461 0.660105 0.799430 0.582819 0.694126 0.988245 0.827282 0.950805 0.892506 0.983827 0.775025 0.672594 0.916646 0.899474 0.859397 0.727172 0.872657 0.784556 0.519829
0.249817 0.245220 0.397632 0.475581 0.746928 0.749919 0.594920 0.588900 0.533416 0.837600 0.470515 0.308218 0.355871 0.326925 0.474956 0.640138 0.251077 0.253491 0.000000 0.228916 0.505132 0.942216 0.353187 0.441128 0.456313 0.639079 0.507689 0.831130 0.383539 0.426997 0.616376 0.425875 0.232153 0.308345 0.694019 0.937144 0.610751 0.735094 0.830865 0.771085 0.659561 0.696886 0.812997 0.598591 0.953834 0.742702 0.388923 0.444117 0.702592 0.559948 0.729029 0.658698 0.946871 0.760431 0.308507 0.342708 0.237022 0.243453 0.373180 0.382208 0.375588 0.505578 0.225425 0.227010 0.399849 0.516094 0.528503 0.658768 0.372341 0.378303 0.859194 0.634305 0.873515 0.931583 0.804833 0.888986 0.845207 0.990420 0.375830 0.334246 0.233301 0.340163 0.307136 0.306367 0.256257 0.264902 0.922216 0.631691 0.536840 0.315143 0.492416 0.595761 0.456836 0.510138 0.823269 0.855419 0.875733 0.942028 0.993154 0.900868 0.773370 0.855469 0.769609 0.630289 0.712648 0.619119 0.814996 0.928763 0.796734 0.750178 0.702678 0.939817 0.986579 0.894342 0.575949 0.570229
0.198334 0.205693 0.425681 0.575554 0.703325 0.708742 0.836257 0.771947 0.477301 0.587712 0.316922 0.256800 0.319469 0.310929 0.421493 0.652175 0.219577 0.194115 0.228916 0.000000 0.494464 0.995557 0.572165 0.455534 0.430701 0.655128 0.431852 0.721784 0.422782 0.382964 0.835977 0.659382 0.380952 0.435496 0.857854 0.964582 0.654223 0.659061 0.788524 0.796896 0.650241 0.765325 0.932677 0.848566 0.781429 0.972248 0.614942 0.668158 0.960976 0.842307 0.996820 0.927687 0.798487 0.507123 0.377043 0.492176 0.227467 0.218590 0.553162 0.517552 0.434912 0.597784 0.298400 0.288350 0.296241 0.456701 0.786831 0.940402 0.274575 0.398901 0.643668 0.507843 0.978074 0.912708 0.788326 0.970040 0.922537 0.804888 0.508142 0.419724 0.219937 0.238929 0.341365 0.238419 0.244951 0.252801 0.843705 0.571513 0.565575 0.318779 0.360738 0.440497 0.378270 0.435000 0.981437 0.898471 0.946590 0.867314 0.726193 0.826527 0.604965 0.680483 0.984901 0.774883 0.896314 0.870655 0.951307 0.783715 0.815094 0.859586 0.870578 0.864521 0.730447 0.912668 0.798091 0.524738
0.480597 0.501882 0.470060 0.566920 0.765130 0.883391 0.813294 0.721048 0.759768 0.770640 0.661091 0.562532 0.581131 0.593174 0.676691 0.689945 0.581791 0.559513 0.505132 0.494464 0.000000 0.973468 0.675841 0.614383 0.508190 0.582633 0.620518 0.996205 0.701720 0.698987 0.764999 0.590962 0.509296 0.587627 0.997573 0.891499 0.711459 0.718374 0.835967 0.722288 0.935555 0.765207 0.931908 0.775675 0.947497 0.922062 0.686085 0.647500 0.918876 0.781077 0.915607 0.841156 0.986961 0.766371 0.512385 0.697718 0.476882 0.502892 0.611441 0.581336 0.627968 0.687442 0.553155 0.560832 0.556022 0.629328 0.739971 0.862001 0.513071 0.590214 0.886319 0.677927 0.990395 0.995654 0.883238 0.880223 0.938829 0.993387 0.648616 0.498360 0.556771 0.576780 0.523904 0.593606 0.581738 0.515058 0.926855 0.938279 0.687611 0.593703 0.632144 0.673109 0.727875 0.741228 0.960874 0.890174 0.891542 0.996322 0.980945 0.977467 0.757306 0.835399 0.939222 0.694354 0.894962 0.780301 0.868567 0.889152 0.785866 0.755166 0.872388 0.904028 0.935983 0.696991 0.674494 0.658254
0.975293 0.980978 0.996896 0.967352 0.979881 0.927400 0.971941 0.974831 0.887805 0.966316 0.876280 0.916203 0.946645 0.892307 0.849642 0.887866 0.999122 0.934018 0.942216 0.995557 0.973468 0.000000 0.828540 0.960215 0.969242 0.930034 0.883628 0.918416 0.925380 0.912957 0.867386 0.933852 0.957870 0.910629 0.967677 0.931994 0.899582 0.914771 0.983539 0.961393 0.971960 0.865118 0.790645 0.807533 0.866721 0.818698 0.781948 0.802728 0.796242 0.829470 0.851827 0.844956 0.919861 0.921810 0.978238 0.973259 0.945199 0.935265 0.941992 0.938964 0.879651 0.875603 0.964001 0.984109 0.895625 0.799828 0.832946 0.967258 0.945691 0.993093 0.876308 0.999318 0.919404 0.919094 0.919630 0.957200 0.756951 0.958039 0.924843 0.910616 0.939659 0.991182 0.975353 0.943902 0.987750 0.985913 0.997365 0.918641 0.974325 0.931693 0.915616 0.803357 0.881703 0.862904 0.794578 0.851708 0.850245 0.913166 0.784200 0.943445 0.912853 0.918891 0.896872 0.862451 0.829173 0.824231 0.901341 0.981988 0.881481 0.740121 0.965690 0.828303 0.860486 0.826259 0.991879 0.790639
0.584864 0.526076 0.571604 0.518454 0.981427 0.940482 0.367657 0.410110 0.909102 0.756897 0.886712 0.579040 0.569127 0.545603 0.559423 0.588294 0.568976 0.612053 0.353187 0.572165 0.675841 0.828540 0.000000 0.545336 0.728217 0.737937 0.763971 0.985731 0.566042 0.678007 0.348741 0.318025 0.327148 0.321891 0.648857 0.960344 0.717362 0.841239 0.946388 0.850956 0.831698 0.697328 0.494552 0.381126 0.603817 0.460687 0.291878 0.365574 0.448221 0.339616 0.388484 0.332249 0.542654 0.728384 0.393413 0.385152 0.545446 0.541900 0.389073 0.434680 0.487107 0.527555 0.374977 0.376652 0.754478 0.735209 0.405273 0.471545 0.740036 0.528696 0.783446 0.970424 0.564318 0.640920 0.744297 0.677716 0.543779 0.819100 0.402351 0.462717 0.489124 0.695858 0.586126 0.662528 0.501063 0.542052 0.864602 0.761370 0.689387 0.540917 0.838104 0.914071 0.740257 0.719694 0.752044 0.908185 0.851632 0.794110 0.659759 0.605437 0.971348 0.806451 0.630636 0.582256 0.597421 0.455112 0.654042 0.912958 0.915185 0.710251 0.702242 0.742239 0.700115 0.739497 0.424993 0.789342
0.380512 0.354432 0.430217 0.413886 0.899779 0.877278 0.778259 0.579396 0.630672 0.724538 0.584901 0.433223 0.385078 0.319974 0.442051 0.447623 0.438820 0.401858 0.441128 0.455534 0.614383 0.960215 0.545336 0.000000 0.458298 0.524132 0.584217 0.786436 0.674050 0.581319 0.870370 0.589557 0.505693 0.522559 0.813372 0.897673 0.697931 0.735671 0.762785 0.820455 0.796673 0.706313 0.961969 0.890503 0.773408 0.929933 0.672901 0.752476 0.987518 0.816292 0.878987 0.767792 0.983014 0.822348 0.433801 0.564871 0.345229 0.337010 0.524903 0.503780 0.514439 0.560624 0.437365 0.436490 0.482313 0.392294 0.774845 0.883680 0.462355 0.394747 0.736591 0.658746 0.994797 0.954374 0.848317 0.969850 0.992170 0.779325 0.597688 0.511377 0.390562 0.408139 0.463244 0.360921 0.419323 0.295630 0.877026 0.592970 0.512624 0.424671 0.487643 0.516688 0.474615 0.543102 0.955638 0.911480 0.928353 0.975273 0.834728 0.948073 0.617212 0.846106 0.976360 0.816399 0.969191 0.838118 0.913663 0.804154 0.638556 0.920531 0.832442 0.805036 0.796277 0.991538 0.844119 0.633293
0.384760 0.377143 0.352646 0.439979 0.687371 0.806715 0.986736 0.797150 0.523915 0.570746 0.580600 0.457364 0.484192 0.446548 0.680940 0.652473 0.449968 0.443584 0.456313 0.430701 0.508190 0.969242 0.728217 0.458298 0.000000 0.264086 0.417078 0.804266 0.798841 0.671907 0.872928 0.651632 0.573154 0.624995 0.645050 0.960071 0.496174 0.607638 0.532204 0.702204 0.898207 0.640677 0.893924 0.890604 0.653043 0.842260 0.725825 0.767775 0.840073 0.952335 0.881852 0.988725 0.756049 0.588443 0.583852 0.669109 0.395748 0.359175 0.662382 0.589684 0.717320 0.733810 0.620038 0.550975 0.411667 0.494376 0.880369 0.994635 0.334997 0.421416 0.773429 0.598399 0.894294 0.882447 0.831287 0.901626 0.998665 0.844037 0.699046 0.563320 0.508486 0.441176 0.543751 0.380439 0.516265 0.332974 0.877853 0.796962 0.526570 0.389702 0.398869 0.480959 0.519837 0.514261 0.900935 0.987595 0.995084 0.960301 0.750411 0.888836 0.580689 0.687301 0.955008 0.782779 0.895671 0.837439 0.899014 0.713615 0.791133 0.776171 0.906486 0.751143 0.792134 0.982563 0.782515 0.594894
0.595132 0.577497 0.454222 0.452410 0.796840 0.950912 0.891705 0.714354 0.631342 0.798842 0.856432 0.687045 0.651320 0.584494 0.804008 0.693244 0.674632 0.663128 0.639079 0.655128 0.582633 0.930034 0.737937 0.524132 0.264086 0.000000 0.535705 0.889376 0.959417 0.822838 0.736981 0.654116 0.653435 0.627934 0.635126 0.937936 0.505183 0.608738 0.586171 0.763435 0.993729 0.523445 0.905897 0.737730 0.856705 0.997290 0.701304 0.729756 0.970706 0.819281 0.931497 0.833933 0.992407 0.891561 0.625331 0.618408 0.583894 0.558243 0.656241 0.593232 0.847948 0.736272 0.751877 0.702729 0.642172 0.596727 0.773129 0.841138 0.553008 0.512788 0.980123 0.774325 0.986117 0.961836 0.903006 0.948537 0.843003 0.993391 0.722716 0.628675 0.685020 0.654523 0.738731 0.555650 0.697713 0.481909 0.982896 0.882008 0.542216 0.476748 0.645972 0.736912 0.764158 0.686372 0.987336 0.856806 0.829936 0.897638 0.968095 0.897856 0.709454 0.918601 0.926881 0.736305 0.740454 0.747105 0.792539 0.904184 0.879112 0.768882 0.929366 0.921732 0.983572 0.846343 0.704794 0.789910
0.427736 0.417306 0.521589 0.596444 0.855997 0.779878 0.949794 0.805362 0.607950 0.646358 0.511401 0.425747 0.462940 0.457154 0.610852 0.707379 0.483340 0.476617 0.507689 0.431852 0.620518 0.883628 0.763971 0.584217 0.417078 0.535705 0.000000 0.722633 0.702372 0.632333 0.898461 0.778306 0.669092 0.627467 0.856323 0.874894 0.579658 0.736342 0.706166 0.768584 0.819636 0.855687 0.864424 0.969208 0.704143 0.843036 0.809508 0.839690 0.876712 0.995151 0.931509 0.981826 0.813067 0.632088 0.563905 0.728902 0.451385 0.424291 0.735516 0.628412 0.596116 0.648599 0.575203 0.522535 0.438985 0.479135 0.913095 0.972561 0.501177 0.606762 0.745604 0.646358 0.942483 0.925037 0.660623 0.831415 0.944385 0.805190 0.750913 0.632275 0.560904 0.479582 0.566452 0.477918 0.472079 0.376786 0.822790 0.760169 0.569944 0.508795 0.447055 0.594146 0.523732 0.633258 0.888318 0.972058 0.909892 0.844205 0.750356 0.784312 0.549741 0.779457 0.993126 0.823790 0.947185 0.853355 0.991232 0.757438 0.912745 0.921009 0.796785 0.811861 0.736124 0.899738 0.783069 0.719872
0.680885 0.692935 0.819510 0.847446 0.989450 0.984472 0.967737 0.882765 0.865050 0.733835 0.665455 0.708916 0.751435 0.792669 0.792075 0.856592 0.689822 0.666158 0.831130 0.721784 0.996205 0.918416 0.985731 0.786436 0.804266 0.889376 0.722633 0.000000 0.814519 0.764109 0.797169 0.909274 0.933960 0.886142 0.897511 0.995164 0.796296 0.771342 0.971051 0.864119 0.833197 0.780711 0.849220 0.930289 0.744475 0.777622 0.956489 0.948435 0.832509 0.845068 0.855011 0.880742 0.898337 0.737507 0.871963 0.977967 0.680804 0.658167 0.921156 0.896717 0.741966 0.744242 0.820685 0.748645 0.593241 0.597910 0.920798 0.867050 0.766020 0.723715 0.883196 0.865433 0.982583 0.980791 0.840383 0.878256 0.738321 0.850861 0.883488 0.904105 0.755097 0.697508 0.859215 0.741202 0.723274 0.688301 0.890458 0.845508 0.882619 0.709426 0.698535 0.679566 0.678061 0.785090 0.869097 0.959256 0.771083 0.839897 0.728638 0.797044 0.754326 0.767461 0.948458 0.960012 0.948342 0.898675 0.824006 0.905285 0.910738 0.880638 0.977089 0.842493 0.829095 0.889757 0.991417 0.793289
0.489654 0.498078 0.678061 0.813851 0.968862 0.874826 0.631261 0.703388 0.753058 0.954831 0.423412 0.361659 0.416560 0.423122 0.375276 0.556113 0.308092 0.344736 0.383539 0.422782 0.701720 0.925380 0.566042 0.674050 0.798841 0.959417 0.702372 0.814519 0.000000 0.251967 0.757120 0.653483 0.413969 0.375862 0.945527 0.983719 0.816310 0.831544 0.967376 0.812273 0.723493 0.812542 0.891639 0.741424 0.888153 0.786909 0.590205 0.649189 0.730347 0.691908 0.779370 0.782043 0.908104 0.881162 0.427044 0.518645 0.486049 0.475583 0.668655 0.718852 0.344207 0.453110 0.334236 0.336759 0.504613 0.579695 0.728706 0.789377 0.681803 0.698389 0.952633 0.835459 0.789837 0.790097 0.736349 0.867604 0.964890 0.928489 0.560881 0.514931 0.394749 0.542066 0.390434 0.545168 0.461120 0.580683 0.852383 0.701691 0.689627 0.643210 0.629323 0.691498 0.439121 0.587789 0.948846 0.901225 0.932987 0.861465 0.915852 0.983634 0.908515 0.944757 0.858868 0.804678 0.884167 0.806073 0.865564 0.964330 0.796369 0.878356 0.875748 0.926162 0.973105 0.976749 0.717842 0.726943
0.460137 0.470264 0.675827 0.774526 0.953076 0.847776 0.813269 0.785533 0.667450 0.851683 0.336064 0.283875 0.382459 0.277532 0.339213 0.450464 0.258963 0.278125 0.426997 0.382964 0.698987 0.912957 0.678007 0.581319 0.671907 0.822838 0.632333 0.764109 0.251967 0.000000 0.819298 0.685441 0.501455 0.431550 0.980315 0.935357 0.660910 0.675254 0.825702 0.811624 0.747807 0.834674 0.856003 0.936238 0.861968 0.981557 0.743682 0.789212 0.996923 0.914270 0.993049 0.966565 0.910276 0.723579 0.450878 0.572668 0.472598 0.424038 0.780576 0.806366 0.360301 0.427259 0.366811 0.328957 0.462554 0.440917 0.935439 0.938151 0.586792 0.648768 0.803304 0.748585 0.866532 0.894864 0.752959 0.948678 0.830501 0.904771 0.605047 0.492454 0.371851 0.480651 0.346686 0.432599 0.490516 0.509658 0.717053 0.658769 0.614234 0.624485 0.436407 0.453668 0.325014 0.437047 0.923218 0.987803 0.798804 0.786007 0.669820 0.766212 0.772757 0.797721 0.998606 0.910651 0.967896 0.936365 0.968704 0.783387 0.754939 0.994172 0.975950 0.896061 0.767463 0.817616 0.854800 0.701079
0.891604 0.801877 0.714589 0.600400 0.958316 0.805935 0.415561 0.473951 0.925565 0.506059 0.817248 0.866734 0.895176 0.814985 0.821539 0.718460 0.820675 0.913873 0.616376 0.835977 0.764999 0.867386 0.348741 0.870370 0.872928 0.736981 0.898461 0.797169 0.757120 0.819298 0.000000 0.357088 0.459859 0.372528 0.663421 0.866735 0.620896 0.823768 0.900375 0.878612 0.949366 0.750540 0.412634 0.324221 0.461984 0.358011 0.344712 0.372777 0.449518 0.345165 0.340549 0.316625 0.434884 0.530839 0.617162 0.531870 0.821458 0.825040 0.522009 0.609693 0.712352 0.616475 0.634308 0.618422 0.959729 0.984076 0.413804 0.373260 0.958910 0.773680 0.554170 0.835512 0.539891 0.544078 0.839660 0.626392 0.396388 0.606573 0.473624 0.668777 0.809119 0.906891 0.865710 0.988193 0.897910 0.861779 0.632466 0.913385 0.835275 0.800350 0.998834 0.906427 0.950539 0.866519 0.645710 0.846338 0.708362 0.724299 0.477047 0.462472 0.909036 0.746766 0.566895 0.618607 0.600189 0.434800 0.578994 0.776634 0.759506 0.757790 0.733544 0.587854 0.520774 0.654033 0.436676 0.916413
0.631341 0.582910 0.542976 0.494237 0.953418 0.881951 0.473652 0.491649 0.870225 0.767450 0.914286 0.641854 0.611520 0.570011 0.674289 0.579452 0.614831 0.630717 0.425875 0.659382 0.590962 0.933852 0.318025 0.589557 0.651632 0.654116 0.778306 0.909274 0.653483 0.685441 0.357088 0.000000 0.366751 0.346552 0.699854 0.977970 0.660392 0.753913 0.880024 0.761991 0.991948 0.713977 0.619501 0.468687 0.669349 0.518492 0.355384 0.389234 0.564555 0.425099 0.488088 0.414699 0.591779 0.784013 0.468813 0.478889 0.551608 0.566002 0.411680 0.471870 0.576761 0.567665 0.456795 0.466289 0.809266 0.761256 0.461904 0.429319 0.744293 0.578814 0.842331 0.950171 0.662139 0.728918 0.765464 0.734753 0.640541 0.866302 0.452567 0.440028 0.551898 0.761022 0.564740 0.706077 0.639473 0.596046 0.812642 0.956682 0.740092 0.592206 0.800391 0.835797 0.754669 0.714026 0.774670 0.975981 0.784774 0.804715 0.693278 0.609440 0.939426 0.898624 0.638325 0.588449 0.754188 0.456510 0.714900 0.927579 0.980483 0.735740 0.656052 0.790509 0.661422 0.680765 0.476244 0.925295
0.351275 0.345370 0.487694 0.468609 0.859441 0.899841 0.439406 0.445544 0.695880 0.910984 0.645103 0.416912 0.473172 0.431104 0.558390 0.626479 0.365989 0.396755 0.232153 0.380952 0.509296 0.957870 0.327148 0.505693 0.573154 0.653435 0.669092 0.933960 0.413969 0.501455 0.459859 0.366751 0.000000 0.255748 0.671115 0.920008 0.606065 0.736846 0.922016 0.781757 0.818492 0.647400 0.645243 0.454329 0.766842 0.568673 0.321421 0.376433 0.540462 0.421413 0.513336 0.458251 0.721762 0.987239 0.340799 0.330516 0.315230 0.332718 0.301461 0.329231 0.386080 0.440790 0.253432 0.253580 0.548191 0.604366 0.428903 0.517172 0.528563 0.409367 0.993482 0.749126 0.735620 0.790968 0.790811 0.751232 0.744984 0.867984 0.313033 0.372870 0.342483 0.538231 0.400654 0.438854 0.387054 0.386528 0.837436 0.718008 0.571643 0.408614 0.592893 0.732064 0.551310 0.593974 0.786713 0.847345 0.795632 0.915790 0.814470 0.739243 0.872261 0.980385 0.708810 0.543746 0.600506 0.524086 0.763926 0.942150 0.831190 0.722603 0.723494 0.786263 0.839324 0.743306 0.531213 0.724375
0.460275 0.397993 0.497071 0.475588 0.957363 0.987245 0.402073 0.410351 0.750580 0.834952 0.686918 0.435213 0.470884 0.401242 0.455157 0.501327 0.386662 0.424971 0.308345 0.435496 0.587627 0.910629 0.321891 0.522559 0.624995 0.627934 0.627467 0.886142 0.375862 0.431550 0.372528 0.346552 0.255748 0.000000 0.654889 0.911373 0.558524 0.677718 0.839385 0.825964 0.883561 0.620306 0.610899 0.430481 0.733047 0.577452 0.325965 0.398821 0.574813 0.449110 0.505827 0.456486 0.645589 0.885204 0.373122 0.337539 0.408075 0.423313 0.398292 0.467302 0.373839 0.372510 0.290123 0.265681 0.601380 0.557644 0.461369 0.530542 0.667914 0.502723 0.872605 0.878024 0.649617 0.669811 0.754269 0.713794 0.671761 0.761472 0.341481 0.380776 0.388256 0.611145 0.449825 0.535234 0.489003 0.469572 0.853307 0.784488 0.564010 0.482068 0.636290 0.728886 0.566386 0.582977 0.798722 0.844667 0.850543 0.896475 0.792852 0.705552 0.835127 0.942035 0.741288 0.612189 0.670588 0.545673 0.615984 0.936253 0.944296 0.764127 0.757191 0.777911 0.823613 0.786287 0.434549 0.831341
0.808789 0.766231 0.751169 0.675310 0.860759 0.991558 0.772032 0.731572 0.870001 0.926595 0.942020 0.805171 0.848559 0.824576 0.903074 0.897974 0.819664 0.851576 0.694019 0.857854 0.997573 0.967677 0.648857 0.813372 0.645050 0.635126 0.856323 0.897511 0.945527 0.980315 0.663421 0.699854 0.671115 0.654889 0.000000 0.997293 0.629081 0.909384 0.750852 0.845525 0.861625 0.693613 0.672734 0.567453 0.821255 0.738590 0.599080 0.662067 0.786278 0.652645 0.713722 0.708828 0.782981 0.885665 0.719019 0.602692 0.783973 0.778095 0.686047 0.709823 0.885120 0.833934 0.762280 0.720677 0.875821 0.900013 0.654982 0.709176 0.861380 0.745490 0.861890 0.951523 0.863920 0.795439 0.985026 0.815598 0.658830 0.766899 0.777540 0.765719 0.786550 0.864665 0.901078 0.790196 0.793234 0.738502 0.875860 0.986219 0.593188 0.693271 0.905744 0.937670 0.878851 0.792948 0.829771 0.966582 0.797843 0.902974 0.799542 0.692755 0.923752 0.992118 0.618819 0.643186 0.615224 0.712657 0.768939 0.963379 0.915053 0.682715 0.727562 0.821725 0.842533 0.913707 0.556749 0.924493
0.876615 0.896365 0.874470 0.905108 0.728176 0.921519 0.985065 0.927179 0.917340 0.961489 0.977505 0.947407 0.911921 0.979851 0.898252 0.944778 0.950906 0.957940 0.937144 0.964582 0.891499 0.931994 0.960344 0.897673 0.960071 0.937936 0.874894 0.995164 0.983719 0.935357 0.866735 0.977970 0.920008 0.911373 0.997293 0.000000 0.781327 0.836057 0.948883 0.860824 0.803296 0.845952 0.980802 0.954087 0.955881 0.999523 0.982243 0.933009 0.911235 0.951140 0.975842 0.962283 0.932232 0.873955 0.965877 0.923996 0.840949 0.876169 0.920982 0.860303 0.932763 0.991087 0.957216 0.968204 0.849432 0.961830 0.984942 0.925534 0.809040 0.921495 0.892464 0.742243 0.847026 0.907779 0.892038 0.994537 0.967789 0.869762 0.985815 0.976092 0.861129 0.863170 0.945447 0.919864 0.890397 0.952957 0.925453 0.960474 0.926128 0.979396 0.959246 0.936101 0.929805 0.923061 0.858811 0.708511 0.851013 0.741161 0.954883 0.915790 0.778814 0.856568 0.792055 0.825595 0.940243 0.877714 0.922290 0.988651 0.887840 0.940304 0.971834 0.961287 0.983012 0.997081 0.916333 0.826117
0.611716 0.601790 0.535079 0.470656 0.763280 0.969190 0.784871 0.638342 0.731999 0.916070 0.814498 0.649242 0.756221 0.632196 0.868751 0.735005 0.626058 0.646475 0.610751 0.654223 0.711459 0.899582 0.717362 0.697931 0.496174 0.505183 0.579658 0.796296 0.816310 0.660910 0.620896 0.660392 0.606065 0.558524 0.629081 0.781327 0.000000 0.510257 0.577862 0.680861 0.908228 0.683179 0.942922 0.728384 0.903812 0.944784 0.743464 0.709201 0.967301 0.859593 0.914295 0.849920 0.996001 0.908996 0.636876 0.666788 0.616439 0.588525 0.683158 0.676535 0.748713 0.646614 0.660041 0.574929 0.731555 0.662752 0.731350 0.754655 0.681178 0.562174 0.885656 0.996078 0.761604 0.853078 0.856566 0.970874 0.886997 0.967623 0.689271 0.759992 0.723590 0.784791 0.677527 0.677297 0.762764 0.579755 0.931469 0.933368 0.585997 0.590808 0.593560 0.637250 0.614469 0.594393 0.924455 0.856838 0.983139 0.898914 0.967325 0.957497 0.797768 0.902802 0.812014 0.643254 0.790703 0.704810 0.806167 0.980111 0.998274 0.833285 0.956354 0.990768 0.978324 0.917124 0.670155 0.894271
0.648917 0.636112 0.597037 0.605564 0.822097 0.899135 0.800460 0.665079 0.833428 0.811977 0.791150 0.654547 0.705367 0.677352 0.876193 0.729730 0.728394 0.695634 0.735094 0.659061 0.718374 0.914771 0.841239 0.735671 0.607638 0.608738 0.736342 0.771342 0.831544 0.675254 0.823768 0.753913 0.736846 0.677718 0.909384 0.836057 0.510257 0.000000 0.700256 0.878773 0.877914 0.591975 0.869314 0.953674 0.748832 0.833267 0.975910 0.984829 0.802844 0.913749 0.910430 0.958967 0.918901 0.803678 0.807984 0.870797 0.661261 0.605829 0.842555 0.792783 0.697781 0.606520 0.708543 0.614444 0.707401 0.577350 0.989591 0.972369 0.659078 0.528852 0.943658 0.892649 0.908361 0.928492 0.748256 0.921628 0.957451 0.918877 0.768065 0.765599 0.775145 0.777342 0.678471 0.735705 0.822011 0.665560 0.936562 0.953816 0.603658 0.671796 0.637296 0.586389 0.694940 0.568008 0.854072 0.892275 0.925970 0.987137 0.828190 0.905230 0.876239 0.884717 0.932251 0.926672 0.931358 0.862386 0.870652 0.977600 0.891240 0.868397 0.870253 0.741535 0.743907 0.954097 0.856143 0.670039
