0.000000 0.608358 0.763920 0.850933 0.918623 0.920911 0.664055 0.851551 0.991487 0.988770 0.707270 0.774631 0.773483 0.913799 0.941440 0.954844 0.576283 0.599156 0.482568 0.648751 0.835999 0.862533 0.957330 0.998295 0.798389 0.857966 0.931843 0.964332 0.703219 0.746535 0.863234 0.974639 0.690288 0.598915 0.884682 0.954941 0.942313 0.855180 0.903029 0.899473 0.996261 0.856819 0.775617 0.670387 0.978940 0.917620 0.727275 0.836873 0.965280 0.911584 0.874486 0.971584 0.954541 0.890917 0.863965 0.839134 0.504676 0.594955 0.604429 0.802206 0.671356 0.919255 0.649796 0.795412 0.810260 0.871117 0.797437 0.841574 0.791050 0.733272 0.995383 0.983275 0.759304 0.780924 0.958166 0.959431 0.741354 0.818463 0.886099 0.743997 0.627150 0.607077 0.848669 0.703319 0.724000 0.789498 0.853786 0.964213 0.976154 0.797096 0.886107 0.952661 0.871891 0.989415 0.979401 0.869320 0.886909 0.950021 0.946063 0.819587 0.902705 0.968663 0.848949 0.696129 0.936204 0.998039 0.903303 0.968280 0.823516 0.811456 0.843708 0.914547 0.978947 0.948204 0.839510 0.832468
0.608358 0.000000 0.932067 0.865384 0.872363 0.938044 0.815265 0.690213 0.954165 0.796738 0.838356 0.546225 0.647914 0.648522 0.728927 0.679500 0.580291 0.561706 0.623855 0.656945 0.912184 0.912528 0.888167 0.955571 0.985732 0.946451 0.909958 0.943765 0.591226 0.648183 0.809086 0.896728 0.528818 0.572262 0.906415 0.856572 0.907489 0.993954 0.873770 0.857404 0.997687 0.902984 0.774160 0.612894 0.763495 0.691576 0.646606 0.650713 0.839039 0.778290 0.711541 0.699670 0.838978 0.911902 0.850489 0.824447 0.534357 0.450822 0.679520 0.861451 0.542942 0.665050 0.498737 0.528909 0.877269 0.886153 0.816147 0.781701 0.916536 0.680032 0.860358 0.908694 0.919847 0.898579 0.950391 0.937870 0.696794 0.892425 0.634568 0.748645 0.471841 0.569441 0.713609 0.635943 0.747569 0.780999 0.997066 0.908510 0.962466 0.815924 0.911746 0.851826 0.913012 0.891179 0.887501 0.802206 0.865418 0.911697 0.716053 0.784333 0.892996 0.949834 0.772806 0.776039 0.856469 0.957091 0.898556 0.949836 0.847646 0.877796 0.841917 0.958874 0.959798 0.883420 0.706690 0.963568
0.763920 0.932067 0.000000 0.452664 0.993138 0.997693 0.384792 0.631711 0.751297 0.965430 0.894616 0.785875 0.802192 0.836413 0.873365 0.818348 0.867976 0.841441 0.754720 0.886007 0.755995 0.849223 0.823605 0.813152 0.500992 0.604715 0.968631 0.924255 0.806218 0.709954 0.889645 0.997179 0.778214 0.750665 0.678415 0.889128 0.828114 0.968667 0.830801 0.772424 0.975730 0.790161 0.620483 0.808089 0.809790 0.843924 0.666540 0.843883 0.776575 0.997280 0.900383 0.839463 0.950308 0.791185 0.845841 0.800244 0.991016 0.927698 0.554872 0.655220 0.753725 0.964201 0.844020 0.755111 0.404516 0.551265 0.503304 0.558905 0.963891 0.814474 0.955651 0.910088 0.920196 0.925681 0.897257 0.960010 0.765151 0.892602 0.893364 0.968686 0.995478 0.969715 0.836380 0.974862 0.641449 0.753228 0.686924 0.809177 0.746903 0.639761 0.682217 0.658196 0.596822 0.534824 0.932906 0.779337 0.898656 0.938028 0.787450 0.711311 0.686647 0.849243 0.981744 0.906209 0.605555 0.675468 0.969378 0.810241 0.827577 0.983562 0.951068 0.965639 0.998492 0.781410 0.743820 0.701645
0.850933 0.865384 0.452664 0.000000 0.871499 0.983010 0.534930 0.487977 0.953251 0.837575 0.977763 0.959809 0.913570 0.972138 0.809447 0.934657 0.785502 0.825728 0.869874 0.879276 0.766260 0.878592 0.785683 0.641680 0.625189 0.621201 0.970952 0.844178 0.738204 0.669981 0.967699 0.999447 0.822748 0.655108 0.644989 0.840648 0.806412 0.910076 0.722074 0.695158 0.982433 0.830102 0.745112 0.845809 0.775314 0.827078 0.746510 0.820009 0.690202 0.883263 0.915440 0.767394 0.854921 0.717227 0.932523 0.729478 0.912393 0.927448 0.693267 0.628736 0.823017 0.787804 0.899976 0.882326 0.426816 0.361029 0.408558 0.378473 0.808315 0.792120 0.804149 0.717910 0.760323 0.823737 0.930648 0.895195 0.680122 0.770166 0.996502 0.970651 0.948433 0.959307 0.838356 0.948929 0.667470 0.647518 0.733143 0.773917 0.936381 0.602681 0.660371 0.700480 0.574616 0.607057 0.990554 0.726749 0.835686 0.904248 0.684085 0.732693 0.672086 0.839450 0.967849 0.973885 0.514945 0.617739 0.922996 0.695735 0.842214 0.971212 0.894391 0.966530 0.987898 0.771133 0.753155 0.702688
0.918623 0.872363 0.993138 0.871499 0.000000 0.763206 0.936278 0.977348 0.857888 0.872298 0.793039 0.919755 0.763333 0.937324 0.819496 0.864045 0.765927 0.770228 0.893386 0.899884 0.833382 0.733631 0.840838 0.943972 0.959677 0.955154 0.925576 0.993831 0.914486 0.777114 0.828429 0.960078 0.886778 0.964333 0.948539 0.893802 0.857017 0.951009 0.987233 0.896019 0.872985 0.923824 0.914246 0.998474 0.771816 0.855473 0.932674 0.932715 0.785509 0.861518 0.831069 0.969608 0.837658 0.784677 0.899013 0.992320 0.754255 0.830810 0.896816 0.795312 0.783733 0.929487 0.762285 0.860220 0.999341 0.917140 0.932079 0.943071 0.890338 0.864157 0.770939 0.970667 0.843610 0.976111 0.935972 0.922274 0.914205 0.936845 0.899026 0.839234 0.781611 0.789658 0.817877 0.780747 0.767511 0.742212 0.960496 0.734222 0.982346 0.996018 0.997693 0.925390 0.953681 0.886702 0.855803 0.922937 0.950546 0.936656 0.991777 0.992897 0.863448 0.867529 0.968377 0.921020 0.976140 0.819154 0.983282 0.900324 0.937806 0.957360 0.995930 0.925001 0.972407 0.794856 0.935541 0.941388
0.920911 0.938044 0.997693 0.983010 0.763206 0.000000 0.952571 0.924065 0.898542 0.976841 0.961633 0.901749 0.947806 0.915563 0.931067 0.786929 0.900343 0.868884 0.959928 0.838244 0.857338 0.995299 0.839333 0.836509 0.976294 0.858920 0.862249 0.846981 0.942727 0.959950 0.873499 0.992196 0.927847 0.889621 0.914028 0.909739 0.743227 0.977582 0.924435 0.960562 0.799109 0.981628 0.858208 0.775496 0.918421 0.957030 0.916382 0.972125 0.895717 0.952810 0.851025 0.937641 0.796319 0.791559 0.907890 0.813078 0.978836 0.905441 0.746122 0.745624 0.994441 0.940749 0.979320 0.933548 0.936660 0.981767 0.985610 0.975207 0.808292 0.792624 0.880723 0.938824 0.859433 0.782870 0.947871 0.936597 0.992455 0.894390 0.980649 0.976580 0.963961 0.980035 0.924410 0.941353 0.819594 0.780862 0.873061 0.778766 0.914631 0.965960 0.766225 0.782643 0.746574 0.844907 0.921136 0.879377 0.830956 0.967347 0.898846 0.989031 0.943657 0.915021 0.952327 0.938724 0.928360 0.993689 0.950284 0.974548 0.923799 0.889575 0.899183 0.954321 0.869161 0.967561 0.899149 0.948919
0.664055 0.815265 0.384792 0.534930 0.936278 0.952571 0.000000 0.584708 0.673330 0.927613 0.888722 0.924026 0.636676 0.993315 0.948537 0.977326 0.993237 0.971669 0.711447 0.841402 0.830057 0.954981 0.738597 0.875959 0.621772 0.675225 0.946739 0.996366 0.911286 0.868303 0.895683 0.913769 0.689675 0.714550 0.718902 0.992520 0.836850 0.904247 0.883418 0.888604 0.982060 0.900836 0.673712 0.756318 0.890677 0.962345 0.713476 0.805798 0.879637 0.890239 0.786668 0.750222 0.924880 0.905548 0.870266 0.923944 0.867783 0.915107 0.494117 0.675318 0.536797 0.834936 0.936635 0.947252 0.431635 0.607867 0.610454 0.663240 0.956888 0.865956 0.995531 0.958313 0.907287 0.886364 0.925033 0.989235 0.728102 0.852423 0.946521 0.994197 0.828967 0.844044 0.983399 0.890599 0.505023 0.732525 0.801548 0.961451 0.709285 0.639231 0.702328 0.664925 0.716583 0.659389 0.947066 0.856154 0.931034 0.929883 0.730432 0.632772 0.727458 0.806083 0.982217 0.916250 0.651484 0.739673 0.901925 0.912786 0.718976 0.932087 0.846106 0.943915 0.961973 0.897272 0.748881 0.709763
0.851551 0.690213 0.631711 0.487977 0.977348 0.924065 0.584708 0.000000 0.997515 0.826515 0.940846 0.727349 0.722948 0.782555 0.963229 0.901060 0.955284 0.955995 0.891531 0.747378 0.944260 0.986035 0.757814 0.801792 0.948542 0.993284 0.910011 0.982707 0.996755 0.944532 0.978762 0.976791 0.755037 0.559900 0.764093 0.968029 0.920508 0.995117 0.977826 0.798308 0.876973 0.869451 0.838449 0.836558 0.900201 0.972712 0.765565 0.788934 0.776788 0.964582 0.754142 0.570466 0.980650 0.857934 0.915869 0.966132 0.971409 0.842190 0.579126 0.534485 0.535064 0.412983 0.819520 0.720891 0.613035 0.482207 0.588620 0.481602 0.698921 0.972878 0.837596 0.713322 0.772737 0.801837 0.909894 0.893498 0.613084 0.745388 0.876018 0.964204 0.728102 0.916331 0.938502 0.955576 0.702150 0.801405 0.800863 0.842924 0.923513 0.608204 0.659238 0.824432 0.708620 0.820687 0.842308 0.786233 0.702502 0.977007 0.510561 0.589071 0.646424 0.857024 0.698437 0.937396 0.506428 0.609150 0.954399 0.757792 0.794513 0.814294 0.696234 0.835124 0.909662 0.975539 0.731447 0.813931
0.991487 0.954165 0.751297 0.953251 0.857888 0.898542 0.673330 0.997515 0.000000 0.697785 0.983484 0.764726 0.855407 0.760977 0.943328 0.881400 0.878294 0.791698 0.975500 0.817801 0.946372 0.994660 0.715566 0.976312 0.880997 0.851956 0.919015 0.951911 0.842341 0.816656 0.935699 0.789833 0.934995 0.887655 0.910739 0.990138 0.797167 0.959421 0.957518 0.815950 0.962772 0.915935 0.927466 0.947706 0.869251 0.940312 0.973999 0.987056 0.789221 0.724244 0.834398 0.782521 0.739294 0.846553 0.915321 0.933200 0.953536 0.991372 0.839444 0.995757 0.834641 0.903575 0.937624 0.863890 0.767473 0.926281 0.961200 0.908058 0.911563 0.802830 0.867091 0.725317 0.819585 0.836987 0.998415 0.975412 0.940200 0.957894 0.807847 0.797496 0.878052 0.929117 0.985500 0.949489 0.740378 0.968302 0.873186 0.897659 0.729054 0.913280 0.815334 0.725386 0.719930 0.807933 0.959527 0.956746 0.893977 0.946998 0.887356 0.866537 0.856426 0.873639 0.898342 0.944182 0.969643 0.939744 0.974826 0.941561 0.910362 0.992913 0.876766 0.931477 0.992767 0.914447 0.959886 0.995596
0.988770 0.796738 0.965430 0.837575 0.872298 0.976841 0.927613 0.826515 0.697785 0.000000 0.836910 0.847819 0.859939 0.972388 0.862500 0.982633 0.773333 0.822770 0.858896 0.877266 0.819127 0.945880 0.765213 0.895080 0.841549 0.768018 0.800104 0.864623 0.668801 0.731429 0.792636 0.984008 0.712194 0.847371 0.976587 0.923131 0.909369 0.975286 0.610883 0.872725 0.809208 0.993891 0.915740 0.807477 0.642119 0.659879 0.885422 0.858824 0.612410 0.637370 0.635460 0.684483 0.649203 0.716588 0.889072 0.834348 0.739139 0.729130 0.820086 0.971074 0.719826 0.773974 0.692324 0.676207 0.881862 0.776928 0.907940 0.899223 0.969871 0.882103 0.896553 0.893908 0.951321 0.970316 0.814845 0.984166 0.997090 0.894999 0.978129 0.990625 0.739756 0.910001 0.877616 0.792270 0.935599 0.849975 0.943466 0.762369 0.898520 0.788496 0.976342 0.938401 0.990134 0.840377 0.911605 0.886975 0.773161 0.831831 0.811248 0.851339 0.787946 0.995890 0.658907 0.848160 0.903310 0.987757 0.806445 0.874634 0.899940 0.813986 0.809539 0.863984 0.928292 0.648566 0.979508 0.920533
0.707270 0.838356 0.894616 0.977763 0.793039 0.961633 0.888722 0.940846 0.983484 0.836910 0.000000 0.809170 0.850205 0.985241 0.903134 0.901667 0.622521 0.621722 0.640361 0.633407 0.764302 0.967254 0.925294 0.834061 0.996166 0.926165 0.942617 0.886249 0.685031 0.714340 0.815396 0.992678 0.778723 0.654090 0.985471 0.912763 0.975865 0.849305 0.956525 0.968546 0.968775 0.964320 0.910730 0.865099 0.992121 0.993268 0.984838 0.962860 0.995966 0.900850 0.954854 0.811033 0.925692 0.959468 0.988917 0.875963 0.731713 0.839979 0.859790 0.931671 0.814803 0.984725 0.725448 0.844611 0.917826 0.943749 0.966370 0.925825 0.903334 0.779019 0.918287 0.863018 0.600816 0.772069 0.982932 0.794825 0.909831 0.866186 0.861521 0.780783 0.729212 0.745255 0.963835 0.906414 0.996094 0.999838 0.742154 0.985711 0.887636 0.970822 0.669070 0.669911 0.805455 0.780085 0.965834 0.835526 0.949621 0.929463 0.890668 0.940798 0.987698 0.885982 0.882230 0.950275 0.973300 0.777592 0.971218 0.823004 0.973760 0.806131 0.927885 0.958119 0.830859 0.985989 0.945833 0.994737
0.774631 0.546225 0.785875 0.959809 0.919755 0.901749 0.924026 0.727349 0.764726 0.847819 0.809170 0.000000 0.672212 0.512654 0.713169 0.648055 0.571633 0.498016 0.797627 0.550148 0.827734 0.969562 0.934645 0.997809 0.695229 0.666145 0.897181 0.911562 0.529366 0.509539 0.976373 0.835873 0.699183 0.639166 0.992323 0.901364 0.977810 0.967656 0.774453 0.966539 0.907469 0.897152 0.952481 0.817710 0.866779 0.765963 0.926179 0.824924 0.957970 0.945963 0.807165 0.811739 0.968393 0.938741 0.972288 0.810770 0.636243 0.494851 0.866991 0.877444 0.607196 0.535826 0.456050 0.377362 0.865180 0.987964 0.934579 0.921178 0.882463 0.655698 0.887670 0.782039 0.877340 0.888954 0.950750 0.917564 0.748968 0.786305 0.565663 0.775845 0.471939 0.611320 0.691850 0.715658 0.904334 0.937765 0.909516 0.882507 0.763911 0.975832 0.823389 0.694546 0.752133 0.642601 0.732112 0.865058 0.862599 0.848991 0.831439 0.856620 0.998768 0.981778 0.663150 0.903863 0.873332 0.998155 0.998692 0.952059 0.997453 0.774166 0.748446 0.870271 0.933456 0.745180 0.852850 0.889682
0.773483 0.647914 0.802192 0.913570 0.763333 0.947806 0.636676 0.722948 0.855407 0.859939 0.850205 0.672212 0.000000 0.591097 0.548681 0.593229 0.753971 0.709816 0.795688 0.674944 0.980233 0.925514 0.681272 0.903117 0.977028 0.941513 0.876388 0.927536 0.755728 0.731377 0.827319 0.863104 0.655832 0.756942 0.873085 0.906769 0.817791 0.941884 0.866229 0.928249 0.963823 0.998813 0.923881 0.818745 0.907626 0.818216 0.796589 0.730968 0.996262 0.769169 0.765310 0.730937 0.848876 0.849260 0.843675 0.922889 0.733577 0.623304 0.775090 0.831424 0.408118 0.661004 0.643896 0.670734 0.784333 0.927058 0.965532 0.936082 0.756152 0.912841 0.984019 0.944550 0.993610 0.928389 0.955708 0.865667 0.819428 0.875069 0.721604 0.793940 0.593907 0.631954 0.710015 0.729980 0.566568 0.830419 0.919517 0.788710 0.928851 0.945117 0.988835 0.921461 0.893519 0.914414 0.901538 0.917821 0.999625 0.998462 0.764805 0.816317 0.936301 0.894238 0.899617 0.926650 0.843724 0.893625 0.973663 0.826238 0.994302 0.839413 0.891596 0.847108 0.981613 0.851108 0.712012 0.980490
0.913799 0.648522 0.836413 0.972138 0.937324 0.915563 0.993315 0.782555 0.760977 0.972388 0.985241 0.512654 0.591097 0.000000 0.526420 0.434919 0.732996 0.619015 0.991677 0.729249 0.816164 0.951388 0.872684 0.888111 0.863113 0.726798 0.913042 0.999807 0.665634 0.545553 0.853446 0.707809 0.709946 0.702925 0.950230 0.920143 0.990124 0.896703 0.809404 0.942565 0.921086 0.985365 0.930694 0.729743 0.782318 0.678070 0.808844 0.654198 0.967249 0.862273 0.774349 0.759704 0.876098 0.802318 0.973530 0.928353 0.833012 0.688624 0.981267 0.956754 0.615109 0.595633 0.602795 0.524670 0.980504 0.939100 0.959208 0.932112 0.673209 0.749357 0.948280 0.749680 0.939261 0.938621 0.941163 0.894857 0.913336 0.894393 0.656119 0.700199 0.587008 0.633319 0.607446 0.737014 0.787106 0.804243 0.810636 0.833519 0.833811 0.906383 0.851311 0.741722 0.714560 0.741069 0.787580 0.909439 0.966854 0.988257 0.798683 0.929247 0.957809 0.949858 0.807710 0.993838 0.967366 0.976468 0.915752 0.792831 0.900269 0.785717 0.851152 0.740077 0.906672 0.774815 0.825284 0.997020
0.941440 0.728927 0.873365 0.809447 0.819496 0.931067 0.948537 0.963229 0.943328 0.862500 0.903134 0.713169 0.548681 0.526420 0.000000 0.486394 0.713226 0.640509 0.896326 0.910093 0.903737 0.938586 0.662563 0.885478 0.907600 0.806556 0.914957 0.988003 0.651498 0.566362 0.727744 0.652708 0.662779 0.900954 0.975843 0.789337 0.884068 0.867988 0.820766 0.880090 0.930937 0.992128 0.872515 0.738499 0.626445 0.571502 0.737804 0.637264 0.744002 0.618447 0.730834 0.745400 0.703675 0.642439 0.870091 0.904599 0.692823 0.666282 0.968286 0.809207 0.651574 0.838901 0.611943 0.638115 0.984955 0.862708 0.837916 0.861886 0.833336 0.808399 0.911481 0.930798 0.922318 0.932770 0.932723 0.883042 0.958734 0.942106 0.689789 0.810779 0.620596 0.610618 0.490979 0.599034 0.669550 0.773563 0.584542 0.604658 0.992974 0.898261 0.846753 0.865299 0.722768 0.804547 0.905736 0.958902 0.943527 0.850915 0.852771 0.945316 0.984824 0.998454 0.924299 0.956403 0.942570 0.923602 0.940479 0.733458 0.970364 0.938582 0.916988 0.746883 0.790402 0.698851 0.856775 0.867538
0.954844 0.679500 0.818348 0.934657 0.864045 0.786929 0.977326 0.901060 0.881400 0.982633 0.901667 0.648055 0.593229 0.434919 0.486394 0.000000 0.835641 0.731682 0.960498 0.851595 0.841793 0.920873 0.676217 0.698067 0.880789 0.846755 0.937488 0.947115 0.736698 0.659658 0.774871 0.700576 0.758179 0.825664 0.945736 0.833105 0.860188 0.853162 0.883379 0.977644 0.966822 0.905612 0.984253 0.893983 0.707759 0.644365 0.851847 0.640028 0.852151 0.786916 0.740593 0.778132 0.798970 0.716621 0.963969 0.973088 0.793677 0.705242 0.836871 0.855490 0.696888 0.716062 0.624191 0.597938 0.991160 0.978110 0.906151 0.971494 0.661601 0.812188 0.953116 0.778783 0.952546 0.902493 0.986287 0.970592 0.943951 0.943368 0.685259 0.752291 0.643669 0.628507 0.526591 0.651100 0.663423 0.691077 0.722954 0.653814 0.831328 0.888724 0.950108 0.877453 0.794589 0.822369 0.902760 0.985721 0.860679 0.889899 0.793986 0.936822 0.960762 0.939969 0.915877 0.920191 0.986174 0.951844 0.918516 0.817504 0.951518 0.873433 0.978509 0.776790 0.873387 0.754450 0.869032 0.964069
0.576283 0.580291 0.867976 0.785502 0.765927 0.900343 0.993237 0.955284 0.878294 0.773333 0.622521 0.571633 0.753971 0.732996 0.713226 0.835641 0.000000 0.375660 0.568566 0.594088 0.990436 0.927139 0.956067 0.872782 0.896410 0.833285 0.986088 0.886290 0.418148 0.403234 0.773668 0.797294 0.597682 0.700159 0.959728 0.908709 0.968386 0.967479 0.816630 0.902229 0.968209 0.804120 0.908467 0.623584 0.722173 0.654274 0.744371 0.749531 0.715308 0.758845 0.725453 0.999165 0.856229 0.814010 0.852131 0.805417 0.438108 0.518043 0.851155 0.907837 0.706538 0.883141 0.449993 0.538881 0.840133 0.810269 0.884810 0.910993 0.858310 0.566196 0.950260 0.980321 0.614824 0.635496 0.985116 0.919115 0.863959 0.908015 0.658774 0.628599 0.432193 0.530145 0.619166 0.642568 0.894727 0.901074 0.997475 0.769730 0.855384 0.992773 0.675217 0.666546 0.634346 0.710554 0.909210 0.911686 0.935826 0.926787 0.938827 0.988811 0.978406 0.899231 0.793572 0.769110 0.902376 0.748813 0.927949 0.765750 0.911448 0.766085 0.887551 0.950333 0.943422 0.782681 0.884946 0.941496
0.599156 0.561706 0.841441 0.825728 0.770228 0.868884 0.971669 0.955995 0.791698 0.822770 0.621722 0.498016 0.709816 0.619015 0.640509 0.731682 0.375660 0.000000 0.593209 0.546807 0.994668 0.944496 0.983389 0.904250 0.805327 0.772474 0.945222 0.948798 0.428245 0.364452 0.829458 0.767435 0.601338 0.639051 0.901185 0.910490 0.934979 0.947139 0.887923 0.998299 0.905807 0.894160 0.976853 0.666791 0.789954 0.711611 0.793453 0.807625 0.849691 0.848004 0.820206 0.972813 0.940942 0.870771 0.921750 0.771945 0.429696 0.501187 0.859813 0.963208 0.660830 0.803142 0.402903 0.463893 0.817644 0.864591 0.905364 0.954337 0.916952 0.507094 0.905412 0.918833 0.595294 0.669751 0.987952 0.919901 0.816260 0.913114 0.598667 0.595676 0.423927 0.481540 0.611041 0.621711 0.913637 0.870281 0.909492 0.793454 0.803745 0.981874 0.648811 0.578091 0.569974 0.630655 0.836488 0.934763 0.907944 0.875317 0.963409 0.960999 0.971540 0.840494 0.748502 0.841344 0.953715 0.831985 0.954132 0.775709 0.950393 0.715419 0.822985 0.898083 0.995102 0.801988 0.878469 0.975684
0.482568 0.623855 0.754720 0.869874 0.893386 0.959928 0.711447 0.891531 0.975500 0.858896 0.640361 0.797627 0.795688 0.991677 0.896326 0.960498 0.568566 0.593209 0.000000 0.565357 0.820081 0.897241 0.893112 0.966205 0.806380 0.815030 0.980052 0.952034 0.636112 0.707688 0.713753 0.867892 0.549459 0.630238 0.853743 0.929012 0.802818 0.952967 0.966639 0.957498 0.983283 0.752809 0.733368 0.624168 0.908104 0.810002 0.622759 0.776905 0.866868 0.811752 0.835937 0.976794 0.987121 0.976334 0.813279 0.898392 0.505207 0.644786 0.687483 0.925372 0.731145 0.980061 0.627841 0.827326 0.867930 0.910326 0.753367 0.791307 0.776231 0.714328 0.839684 0.888332 0.728855 0.676477 0.998628 0.995936 0.726020 0.839775 0.799508 0.722275 0.599527 0.614025 0.826666 0.694604 0.791178 0.789318 0.781394 0.919582 0.987774 0.798413 0.908105 0.956290 0.938654 0.951647 0.978592 0.855491 0.891275 0.850342 0.932567 0.819542 0.811290 0.984947 0.823297 0.690816 0.865452 0.974729 0.925750 0.921608 0.773119 0.952203 0.843012 0.995061 0.993565 0.890081 0.848619 0.886303
0.648751 0.656945 0.886007 0.879276 0.899884 0.838244 0.841402 0.747378 0.817801 0.877266 0.633407 0.550148 0.674944 0.729249 0.910093 0.851595 0.594088 0.546807 0.565357 0.000000 0.917877 0.995273 0.954881 0.964032 0.970199 0.842922 0.969563 0.852935 0.631541 0.629708 0.929478 0.867181 0.597617 0.600906 0.945417 0.908969 0.979224 0.953595 0.915768 0.983726 0.972381 0.860918 0.946043 0.739840 0.870407 0.959150 0.888854 0.869188 0.843472 0.993663 0.985281 0.938644 0.781587 0.775633 0.961229 0.810099 0.655507 0.564059 0.705796 0.712191 0.656225 0.718262 0.602234 0.625996 0.960488 0.880083 0.892842 0.812004 0.902352 0.677335 0.864561 0.863878 0.742922 0.807849 0.942490 0.957835 0.699563 0.779137 0.715543 0.598930 0.529769 0.601613 0.874809 0.801146 0.898965 0.961887 0.792475 0.965406 0.824190 0.845753 0.791909 0.719313 0.829930 0.731637 0.928606 0.840977 0.866840 0.941217 0.994037 0.915489 0.871612 0.869411 0.719529 0.850014 0.711002 0.928585 0.912124 0.915149 0.911993 0.758242 0.677015 0.978402 0.862951 0.860612 0.777179 0.929095
0.835999 0.912184 0.755995 0.766260 0.833382 0.857338 0.830057 0.944260 0.946372 0.819127 0.764302 0.827734 0.980233 0.816164 0.903737 0.841793 0.990436 0.994668 0.820081 0.917877 0.000000 0.900398 0.955059 0.890576 0.783427 0.673610 0.950974 0.898517 0.942765 0.898841 0.907319 0.971339 0.910035 0.909024 0.851856 0.966366 0.846643 0.947240 0.802547 0.938877 0.986036 0.870658 0.980789 0.993329 0.835031 0.771587 0.926359 0.904496 0.807337 0.814967 0.838963 0.812174 0.721894 0.788569 0.962821 0.864058 0.998767 0.874617 0.938464 0.972682 0.930913 0.810324 0.917664 0.799103 0.809717 0.796470 0.751834 0.771943 0.917105 0.993281 0.954076 0.993520 0.860990 0.870180 0.955840 0.851917 0.916165 0.904528 0.942023 0.833216 0.946800 0.973726 0.851539 0.883335 0.909613 0.780778 0.787304 0.882327 0.953521 0.985272 0.876907 0.924532 0.976049 0.926552 0.904562 0.919744 0.994193 0.931495 0.876011 0.983886 0.874521 0.866678 0.843061 0.923085 0.835983 0.967417 0.934597 0.995183 0.933872 0.957758 0.963964 0.872718 0.931488 0.884514 0.947708 0.969173
0.862533 0.912528 0.849223 0.878592 0.733631 0.995299 0.954981 0.986035 0.994660 0.945880 0.967254 0.969562 0.925514 0.951388 0.938586 0.920873 0.927139 0.944496 0.897241 0.995273 0.900398 0.000000 0.948714 0.990037 0.835505 0.860710 0.860162 0.852445 0.869888 0.998908 0.935273 0.916245 0.915392 0.871089 0.857620 0.879136 0.905143 0.834001 0.913230 0.945568 0.928593 0.895335 0.721995 0.887126 0.979629 0.964984 0.766204 0.905282 0.951417 0.946064 0.920792 0.981828 0.948673 0.960015 0.965591 0.809129 0.930971 0.971771 0.928197 0.966473 0.957374 0.916641 0.993065 0.962364 0.883887 0.940162 0.834097 0.841070 0.915800 0.983708 0.906936 0.974724 0.971667 0.853844 0.958613 0.963939 0.999482 0.954766 0.970926 0.884573 0.972953 0.928574 0.989789 0.998485 0.968238 0.932810 0.740602 0.873831 0.904562 0.994227 0.993485 0.987278 0.883058 0.838376 0.986195 0.833270 0.873460 0.986833 0.893159 0.982580 0.902584 0.820416 0.935945 0.687218 0.978196 0.902403 0.929622 0.934102 0.982515 0.817512 0.983627 0.897555 0.990051 0.831082 0.929805 0.957830
0.957330 0.888167 0.823605 0.785683 0.840838 0.839333 0.738597 0.757814 0.715566 0.765213 0.925294 0.934645 0.681272 0.872684 0.662563 0.676217 0.956067 0.983389 0.893112 0.954881 0.955059 0.948714 0.000000 0.513333 0.873494 0.893818 0.981821 0.942523 0.984912 0.978554 0.681736 0.790325 0.727852 0.834326 0.860066 0.969236 0.595467 0.775615 0.947057 0.900773 0.881607 0.974756 0.843395 0.911897 0.739532 0.717841 0.718737 0.713403 0.820755 0.669028 0.696207 0.646755 0.793986 0.828354 0.852820 0.867292 0.864798 0.853978 0.978737 0.978016 0.715850 0.819592 0.782539 0.825105 0.717313 0.818004 0.872064 0.808187 0.813767 0.973074 0.979804 0.804019 0.783294 0.779509 0.904584 0.957155 0.922760 0.848068 0.871274 0.978468 0.750298 0.737932 0.661806 0.720340 0.461958 0.623553 0.850785 0.653345 0.922230 0.741834 0.858101 0.870786 0.851664 0.979327 0.992711 0.841078 0.854536 0.830022 0.677144 0.723577 0.648779 0.962655 0.908094 0.947887 0.680771 0.765110 0.962032 0.972450 0.835921 0.909942 0.946949 0.845859 0.917399 0.714461 0.791651 0.971250
0.998295 0.955571 0.813152 0.641680 0.943972 0.836509 0.875959 0.801792 0.976312 0.895080 0.834061 0.997809 0.903117 0.888111 0.885478 0.698067 0.872782 0.904250 0.966205 0.964032 0.890576 0.990037 0.513333 0.000000 0.740784 0.773782 0.758774 0.900028 0.862717 0.890503 0.772896 0.749524 0.884013 0.846451 0.919237 0.876753 0.675255 0.722378 0.894295 0.914447 0.965747 0.869002 0.875047 0.936021 0.939505 0.881432 0.734550 0.758154 0.991196 0.891287 0.802154 0.840713 0.993006 0.996176 0.813148 0.827442 0.995613 0.956345 0.901206 0.948024 0.963332 0.917004 0.962539 0.999708 0.668449 0.639750 0.709071 0.646160 0.793153 0.901106 0.882228 0.705315 0.736407 0.782035 0.994248 0.817003 0.918154 0.881555 0.885518 0.881073 0.846811 0.802063 0.802984 0.870891 0.558117 0.494676 0.958491 0.731327 0.956496 0.777396 0.817003 0.835493 0.807957 0.804245 0.885166 0.897079 0.929026 0.877458 0.869879 0.900666 0.654749 0.951360 0.963000 0.937974 0.680308 0.719372 0.999330 0.880072 0.880648 0.941149 0.937099 0.930683 0.920383 0.890858 0.837944 0.740110
0.798389 0.985732 0.500992 0.625189 0.959677 0.976294 0.621772 0.948542 0.880997 0.841549 0.996166 0.695229 0.977028 0.863113 0.907600 0.880789 0.896410 0.805327 0.806380 0.970199 0.783427 0.835505 0.873494 0.740784 0.000000 0.529702 0.830229 0.852127 0.795325 0.767249 0.734230 0.923163 0.886196 0.831270 0.674959 0.884400 0.792625 0.839457 0.727469 0.781289 0.915824 0.930327 0.543310 0.726162 0.999441 0.953587 0.653395 0.714849 0.996782 0.872573 0.916717 0.956598 0.979763 0.948760 0.897448 0.698400 0.950517 0.846264 0.817531 0.896079 0.996240 0.822493 0.771072 0.609531 0.501926 0.646050 0.546453 0.664672 0.988394 0.900212 0.946780 0.939865 0.984000 0.975180 0.861093 0.989711 0.915736 0.955134 0.930831 0.974177 0.948162 0.924493 0.908380 0.980304 0.682810 0.651046 0.776766 0.929962 0.819680 0.752010 0.815663 0.750571 0.732157 0.614473 0.849830 0.795696 0.894113 0.927377 0.989933 0.950477 0.785188 0.941294 0.876411 0.885508 0.831806 0.898372 0.934410 0.932440 0.930021 0.849453 0.884571 0.914010 0.991441 0.789049 0.907352 0.749956
0.857966 0.946451 0.604715 0.621201 0.955154 0.858920 0.675225 0.993284 0.851956 0.768018 0.926165 0.666145 0.941513 0.726798 0.806556 0.846755 0.833285 0.772474 0.815030 0.842922 0.673610 0.860710 0.893818 0.773782 0.529702 0.000000 0.849568 0.739917 0.770469 0.701150 0.781797 0.961758 0.901213 0.884648 0.836916 0.869143 0.746762 0.922353 0.644536 0.810257 0.879326 0.871426 0.768989 0.914391 0.979292 0.925129 0.765120 0.916946 0.970305 0.959100 0.949558 0.985403 0.993860 0.986079 0.853797 0.732701 0.942610 0.766956 0.992901 0.928277 0.912949 0.727829 0.774208 0.594193 0.583940 0.731411 0.570942 0.695737 0.973608 0.751875 0.756484 0.866737 0.957674 0.992494 0.810036 0.994211 0.985942 0.904757 0.800408 0.918839 0.832850 0.946179 0.874176 0.918133 0.786442 0.651225 0.718400 0.923258 0.930199 0.850042 0.785107 0.628377 0.692765 0.616906 0.820567 0.977372 0.872838 0.869416 0.929507 0.868128 0.837834 0.931406 0.723577 0.946406 0.901762 0.891197 0.914648 0.889563 0.928009 0.895200 0.808397 0.892250 0.951640 0.800633 0.874332 0.819727
0.931843 0.909958 0.968631 0.970952 0.925576 0.862249 0.946739 0.910011 0.919015 0.800104 0.942617 0.897181 0.876388 0.913042 0.914957 0.937488 0.986088 0.945222 0.980052 0.969563 0.950974 0.860162 0.981821 0.758774 0.830229 0.849568 0.000000 0.974397 0.857712 0.926691 0.971653 0.885070 0.880519 0.947054 0.937733 0.909131 0.937500 0.857698 0.741168 0.912080 0.870399 0.940139 0.960652 0.974290 0.988485 0.985781 0.944092 0.970594 0.998367 0.951770 0.952066 0.874094 0.956853 0.970167 0.900565 0.867013 0.921990 0.865559 0.831723 0.883438 0.836002 0.949182 0.875772 0.856147 0.955233 0.886057 0.992642 0.948038 0.974031 0.986386 0.937417 0.894112 0.945459 0.989423 0.935667 0.835926 0.923491 0.965648 0.984168 0.848456 0.992835 0.937364 0.995954 0.988413 0.927029 0.774368 0.909069 0.929420 0.798788 0.986513 0.911807 0.891028 0.944100 0.831700 0.860163 0.869299 0.966780 0.865864 0.990297 0.962571 0.816759 0.843304 0.993337 0.963795 0.972058 0.916077 0.991000 0.997104 0.954880 0.997228 0.917633 0.924987 0.987910 0.941022 0.888827 0.833941
0.964332 0.943765 0.924255 0.844178 0.993831 0.846981 0.996366 0.982707 0.951911 0.864623 0.886249 0.911562 0.927536 0.999807 0.988003 0.947115 0.886290 0.948798 0.952034 0.852935 0.898517 0.852445 0.942523 0.900028 0.852127 0.739917 0.974397 0.000000 0.972250 0.917351 0.935454 0.912469 0.993511 0.951064 0.818217 0.927548 0.912477 0.872225 0.871100 0.935202 0.902329 0.973357 0.818700 0.964829 0.885430 0.936682 0.773187 0.867936 0.930448 0.958522 0.927989 0.883193 0.893951 0.929295 0.899827 0.738372 0.974352 0.962317 0.870785 0.916537 0.908925 0.945265 0.959109 0.911466 0.799309 0.874957 0.730064 0.824785 0.886898 0.980654 0.843618 0.794239 0.977494 0.988597 0.939353 0.999241 0.967382 0.969509 0.919931 0.974999 0.908614 0.965225 0.933943 0.978449 0.914619 0.733001 0.995790 0.926713 0.940882 0.890300 0.869121 0.873702 0.850125 0.877651 0.955089 0.993584 0.960324 0.881694 0.838857 0.988458 0.792243 0.814053 0.949602 0.945569 0.986532 0.905629 0.990823 0.900363 0.931479 0.977930 0.945377 0.956957 0.956478 0.916064 0.983892 0.995182
0.703219 0.591226 0.806218 0.738204 0.914486 0.942727 0.911286 0.996755 0.842341 0.668801 0.685031 0.529366 0.755728 0.665634 0.651498 0.736698 0.418148 0.428245 0.636112 0.631541 0.942765 0.869888 0.984912 0.862717 0.795325 0.770469 0.857712 0.972250 0.000000 0.362718 0.712859 0.749697 0.595647 0.662707 0.915637 0.788140 0.975348 0.952276 0.689330 0.899647 0.927508 0.868590 0.886783 0.624564 0.651556 0.586241 0.754576 0.747113 0.695261 0.765479 0.694976 0.928457 0.781090 0.708146 0.954017 0.789079 0.528731 0.580624 0.918602 0.879804 0.718467 0.834479 0.463055 0.491569 0.761706 0.742121 0.896297 0.932986 0.982303 0.534821 0.992737 0.964938 0.590131 0.625352 0.935474 0.884229 0.860236 0.892781 0.697526 0.693316 0.491734 0.641939 0.657964 0.674713 0.982276 0.991520 0.944876 0.802338 0.773734 0.898030 0.636870 0.622431 0.616770 0.628832 0.882533 0.950288 0.970358 0.837893 0.960740 0.965043 0.982017 0.958949 0.667452 0.763319 0.896813 0.809064 0.824750 0.731850 0.962238 0.721571 0.791327 0.798778 0.884953 0.704921 0.894642 0.860427
0.746535 0.648183 0.709954 0.669981 0.777114 0.959950 0.868303 0.944532 0.816656 0.731429 0.714340 0.509539 0.731377 0.545553 0.566362 0.659658 0.403234 0.364452 0.707688 0.629708 0.898841 0.998908 0.978554 0.890503 0.767249 0.701150 0.926691 0.917351 0.362718 0.000000 0.737749 0.706022 0.618648 0.729973 0.914408 0.859337 0.971502 0.974177 0.771192 0.894248 0.923496 0.928787 0.949039 0.670328 0.648076 0.587795 0.819333 0.756912 0.683906 0.752398 0.737164 0.999734 0.802681 0.698060 0.939920 0.779217 0.529055 0.577474 0.986474 0.813779 0.711932 0.826941 0.419036 0.459427 0.703694 0.707695 0.786671 0.830153 0.996371 0.565269 0.995133 0.907394 0.636647 0.690876 0.975086 0.856796 0.973069 0.902353 0.612015 0.608308 0.446988 0.517980 0.531530 0.578406 0.945056 0.919421 0.841189 0.693515 0.771166 0.861238 0.614560 0.576035 0.526309 0.571780 0.812820 0.985029 0.996873 0.870443 0.993004 0.959813 0.931499 0.908457 0.704556 0.817986 0.850521 0.783779 0.838850 0.668842 0.968593 0.784314 0.838072 0.880001 0.938970 0.669645 0.962314 0.874895
0.863234 0.809086 0.889645 0.967699 0.828429 0.873499 0.895683 0.978762 0.935699 0.792636 0.815396 0.976373 0.827319 0.853446 0.727744 0.774871 0.773668 0.829458 0.713753 0.929478 0.907319 0.935273 0.681736 0.772896 0.734230 0.781797 0.971653 0.935454 0.712859 0.737749 0.000000 0.613480 0.601630 0.749578 0.842556 0.998122 0.699167 0.820943 0.973928 0.929697 0.985314 0.964116 0.670752 0.646039 0.573734 0.605351 0.574637 0.593648 0.654661 0.743755 0.689107 0.899136 0.777121 0.698257 0.808990 0.917526 0.738285 0.850294 0.913669 0.802296 0.850989 0.942998 0.754467 0.907788 0.953138 0.960695 0.838781 0.890277 0.884331 0.812148 0.857873 0.863402 0.828003 0.809149 0.924455 0.902181 0.995102 0.879535 0.891850 0.773332 0.711041 0.676098 0.660587 0.651391 0.723696 0.673101 0.981185 0.665782 0.919370 0.952224 0.875693 0.922457 0.924786 0.919253 0.902696 0.858604 0.999277 0.898872 0.858294 0.994176 0.901134 0.959217 0.933758 0.988437 0.999505 0.888765 0.855083 0.868920 0.977752 0.885805 0.979036 0.822392 0.960785 0.844155 0.944040 0.938055
0.974639 0.896728 0.997179 0.999447 0.960078 0.992196 0.913769 0.976791 0.789833 0.984008 0.992678 0.835873 0.863104 0.707809 0.652708 0.700576 0.797294 0.767435 0.867892 0.867181 0.971339 0.916245 0.790325 0.749524 0.923163 0.961758 0.885070 0.912469 0.749697 0.706022 0.613480 0.000000 0.690662 0.791855 0.967733 0.998527 0.920978 0.742701 0.918958 0.809722 0.981447 0.763769 0.765196 0.708917 0.688638 0.734740 0.673286 0.686195 0.887568 0.884453 0.848475 0.924704 0.913900 0.874972 0.845631 0.946764 0.813080 0.848421 0.842455 0.884177 0.949783 0.987287 0.786075 0.798934 0.994170 0.983168 0.894254 0.855373 0.928225 0.823035 0.974112 0.684437 0.922938 0.836965 0.812024 0.925578 0.990638 0.934277 0.753890 0.631347 0.711984 0.670488 0.645679 0.691555 0.838222 0.710456 0.847527 0.718378 0.802416 0.962527 0.834616 0.839246 0.794328 0.963853 0.961184 0.892784 0.999343 0.756351 0.879158 0.962331 0.831166 0.922261 0.855984 0.900265 0.882961 0.947571 0.875709 0.955498 0.904153 0.884594 0.874124 0.711497 0.943048 0.830874 0.944421 0.914509
0.690288 0.528818 0.778214 0.822748 0.886778 0.927847 0.689675 0.755037 0.934995 0.712194 0.778723 0.699183 0.655832 0.709946 0.662779 0.758179 0.597682 0.601338 0.549459 0.597617 0.910035 0.915392 0.727852 0.884013 0.886196 0.901213 0.880519 0.993511 0.595647 0.618648 0.601630 0.690662 0.000000 0.558889 0.822778 0.901657 0.870506 0.935369 0.942496 0.962609 0.957864 0.790374 0.685147 0.502124 0.700570 0.638040 0.575372 0.550674 0.785093 0.742234 0.684952 0.745696 0.808066 0.867101 0.857376 0.923156 0.535085 0.555967 0.698049 0.920743 0.551197 0.780177 0.527064 0.628101 0.837507 0.905849 0.757957 0.761092 0.982017 0.809018 0.895817 0.826511 0.894163 0.908972 0.891133 0.987971 0.763627 0.788686 0.771160 0.698087 0.485799 0.562231 0.644850 0.606328 0.679320 0.733857 0.949541 0.813351 0.964688 0.772546 0.903679 0.905824 0.906555 0.922845 0.896501 0.809980 0.951534 0.913166 0.750128 0.781850 0.789522 0.944869 0.796218 0.784392 0.758531 0.997583 0.801206 0.892144 0.897580 0.799134 0.833008 0.901555 0.928650 0.824221 0.708990 0.985241
0.598915 0.572262 0.750665 0.655108 0.964333 0.889621 0.714550 0.559900 0.887655 0.847371 0.654090 0.639166 0.756942 0.702925 0.900954 0.825664 0.700159 0.639051 0.630238 0.600906 0.909024 0.871089 0.834326 0.846451 0.831270 0.884648 0.947054 0.951064 0.662707 0.729973 0.749578 0.791855 0.558889 0.000000 0.791703 0.995438 0.848627 0.897348 0.975935 0.783376 0.945274 0.824639 0.701592 0.561279 0.890416 0.792918 0.628714 0.609659 0.987400 0.909605 0.725302 0.783121 0.957565 0.981174 0.985445 0.996093 0.683202 0.678641 0.682407 0.746448 0.639415 0.664835 0.648123 0.662294 0.774531 0.701120 0.610167 0.577016 0.904989 0.769604 0.826836 0.769575 0.810566 0.806987 0.951182 0.994191 0.729678 0.694361 0.743879 0.733430 0.568367 0.657104 0.871023 0.775515 0.766803 0.720028 0.836496 0.965777 0.918139 0.707032 0.926267 0.866989 0.974133 0.985494 0.883553 0.663448 0.855465 0.977334 0.716491 0.721753 0.715014 0.959543 0.679044 0.742406 0.681438 0.931435 0.998577 0.996321 0.822249 0.748524 0.776951 0.828256 0.956937 0.932604 0.660039 0.870086
0.884682 0.906415 0.678415 0.644989 0.948539 0.914028 0.718902 0.764093 0.910739 0.976587 0.985471 0.992323 0.873085 0.950230 0.975843 0.945736 0.959728 0.901185 0.853743 0.945417 0.851856 0.857620 0.860066 0.919237 0.674959 0.836916 0.937733 0.818217 0.915637 0.914408 0.842556 0.967733 0.822778 0.791703 0.000000 0.883996 0.701074 0.917524 0.835085 0.880639 0.962763 0.932329 0.653708 0.749962 0.925457 0.893812 0.751187 0.747325 0.966872 0.787622 0.794205 0.711392 0.893994 0.972792 0.832534 0.711449 0.992167 0.940729 0.793574 0.809386 0.845880 0.839932 0.979723 0.928093 0.676897 0.726124 0.681921 0.687679 0.929873 0.892725 0.802279 0.860308 0.885165 0.939907 0.989834 0.967925 0.778425 0.721001 0.932498 0.999334 0.958665 0.952666 0.987316 0.892305 0.786834 0.829607 0.832262 0.934386 0.893156 0.794251 0.799052 0.850198 0.745356 0.801880 0.879489 0.759064 0.949238 0.880077 0.759847 0.945575 0.955749 0.763234 0.948937 0.897247 0.811609 0.882142 0.888656 0.943135 0.865287 0.955010 0.968593 0.909725 0.895806 0.877213 0.909246 0.905908
0.954941 0.856572 0.889128 0.840648 0.893802 0.909739 0.992520 0.968029 0.990138 0.923131 0.912763 0.901364 0.906769 0.920143 0.789337 0.833105 0.908709 0.910490 0.929012 0.908969 0.966366 0.879136 0.969236 0.876753 0.884400 0.869143 0.909131 0.927548 0.788140 0.859337 0.998122 0.998527 0.901657 0.995438 0.883996 0.000000 0.849016 0.998011 0.881732 0.881239 0.917052 0.942441 0.975825 0.995193 0.986005 0.989272 0.953761 0.947604 0.985806 0.974138 0.979364 0.998034 0.978405 0.955695 0.837627 0.852910 0.952770 0.828344 0.918891 0.993185 0.937415 0.985568 0.855814 0.832275 0.896604 0.936519 0.944488 0.920847 0.935805 0.889257 0.815663 0.979522 0.942210 0.934600 0.834441 0.966478 0.888748 0.904550 0.868606 0.989646 0.899420 0.953254 0.906582 0.930605 0.974168 0.923429 0.968646 0.965310 0.881522 0.790972 0.892372 0.946696 0.841029 0.876053 0.920546 0.949521 0.961090 0.961091 0.991762 0.986103 0.952848 0.821100 0.954846 0.956306 0.960936 0.938561 0.915661 0.961020 0.978995 0.920124 0.863677 0.976481 0.936165 0.990335 0.954218 0.824738
0.942313 0.907489 0.828114 0.806412 0.857017 0.743227 0.836850 0.920508 0.797167 0.909369 0.975865 0.977810 0.817791 0.990124 0.884068 0.860188 0.968386 0.934979 0.802818 0.979224 0.846643 0.905143 0.595467 0.675255 0.792625 0.746762 0.937500 0.912477 0.975348 0.971502 0.699167 0.920978 0.870506 0.848627 0.701074 0.849016 0.000000 0.664229 0.941519 0.988216 0.921368 0.886203 0.744380 0.856612 0.742001 0.740650 0.730119 0.731999 0.769196 0.669943 0.709686 0.730599 0.793531 0.740997 0.773553 0.756529 0.931546 0.947508 0.948594 0.883877 0.884149 0.995327 0.935070 0.975418 0.764647 0.922641 0.803874 0.778162 0.871437 0.939755 0.732529 0.834400 0.874282 0.977861 0.898281 0.951273 0.998875 0.733224 0.922805 0.956523 0.950980 0.888963 0.890009 0.825716 0.749005 0.756499 0.957247 0.847044 0.934766 0.910941 0.849299 0.839653 0.752875 0.902910 0.946011 0.961594 0.938396 0.864957 0.726926 0.803410 0.828145 0.875741 0.895672 0.989530 0.835840 0.858567 0.832365 0.931274 0.926605 0.958894 0.939190 0.869900 0.984977 0.835622 0.774695 0.948363
0.855180 0.993954 0.968667 0.910076 0.951009 0.977582 0.904247 0.995117 0.959421 0.975286 0.849305 0.967656 0.941884 0.896703 0.867988 0.853162 0.967479 0.947139 0.952967 0.953595 0.947240 0.834001 0.775615 0.722378 0.839457 0.922353 0.857698 0.872225 0.952276 0.974177 0.820943 0.742701 0.935369 0.897348 0.917524 0.998011 0.664229 0.000000 0.978496 0.989427 0.913510 0.792890 0.696176 0.755197 0.693375 0.677857 0.696676 0.690129 0.801316 0.747307 0.785649 0.814220 0.812708 0.780399 0.920661 0.844994 0.920416 0.892019 0.837653 0.811288 0.887028 0.986152 0.962196 0.950859 0.865878 0.921258 0.842071 0.808949 0.903007 0.941089 0.893849 0.737814 0.961294 0.899513 0.959850 0.979907 0.886931 0.953509 0.802140 0.973166 0.999663 0.952965 0.876725 0.849969 0.954393 0.791185 0.975916 0.870516 0.834097 0.941888 0.994793 0.956023 0.898230 0.910899 0.833786 0.867144 0.921166 0.850215 0.859276 0.955209 0.858784 0.990789 0.883667 0.854584 0.917150 0.839226 0.864341 0.933290 0.848553 0.967572 0.971433 0.795508 0.970573 0.899171 0.785524 0.871090
