0.000000 0.267168 0.399957 0.428307 0.873597 0.719371 0.446545 0.419611 0.748089 0.681608 0.356650 0.281412 0.303558 0.452044 0.439937 0.458517 0.286092 0.258321 0.306792 0.301318 0.620502 0.685090 0.490996 0.492841 0.571197 0.548588 0.919625 0.827683 0.297027 0.285681 0.376088 0.488629 0.359585 0.357214 0.688958 0.748472 0.635739 0.723901 0.777503 0.850557 0.977828 0.792205 0.475010 0.430133 0.457115 0.387062 0.381155 0.374017 0.738279 0.528021 0.526564 0.594001 0.680521 0.766185 0.689937 0.845311 0.367606 0.364626 0.341178 0.356722 0.246462 0.386080 0.249749 0.311266 0.410544 0.370913 0.426775 0.347234 0.442361 0.373087 0.560264 0.576865 0.408655 0.417398 0.763625 0.716923 0.573353 0.475630 0.437189 0.435200 0.283202 0.304089 0.393124 0.502943 0.438685 0.346778 0.944702 0.801627 0.819457 0.639350 0.857685 0.945457 0.876769 0.943732 0.594175 0.597003 0.599112 0.709822 0.557233 0.532963 0.760935 0.712870 0.596737 0.590761 0.566655 0.654567 0.967568 0.882094 0.762145 0.761672 0.916032 0.639314 0.622097 0.673364 0.632559 0.866995
0.267168 0.000000 0.547519 0.522263 0.755545 0.856525 0.545822 0.443129 0.787442 0.721691 0.455364 0.320633 0.484527 0.559204 0.579846 0.559896 0.224717 0.273776 0.417520 0.387662 0.669128 0.707946 0.593588 0.658085 0.700177 0.657408 0.736711 0.850965 0.322668 0.332516 0.466593 0.621460 0.428567 0.424213 0.771803 0.617956 0.697435 0.646850 0.831035 0.893717 0.944041 0.614770 0.495740 0.465809 0.452803 0.442602 0.451072 0.439195 0.641784 0.517323 0.476122 0.550893 0.700043 0.682072 0.770367 0.941622 0.248389 0.223972 0.341728 0.360619 0.323138 0.368069 0.241233 0.171448 0.565144 0.488063 0.466706 0.352005 0.489525 0.302972 0.547400 0.521610 0.423061 0.434789 0.881218 0.740700 0.628911 0.407219 0.469247 0.590725 0.272905 0.425252 0.402664 0.496282 0.564449 0.509018 0.970128 0.998274 0.898122 0.680806 0.837519 0.933224 0.821442 0.946926 0.564330 0.675161 0.656716 0.556238 0.551648 0.511595 0.801207 0.763733 0.567314 0.549885 0.473071 0.602780 0.894584 0.823927 0.864256 0.783283 0.748520 0.560274 0.662223 0.724683 0.625807 0.862561
0.399957 0.547519 0.000000 0.177712 0.850411 0.570620 0.172902 0.238106 0.414187 0.367442 0.387414 0.384446 0.282759 0.543058 0.429944 0.430142 0.538660 0.405827 0.296984 0.397347 0.670729 0.663830 0.337481 0.349335 0.610409 0.353145 0.993269 0.964933 0.520655 0.408806 0.317889 0.377318 0.292616 0.296886 0.678329 0.775095 0.652547 0.876054 0.591441 0.762939 0.786243 0.907738 0.276668 0.278660 0.283926 0.299246 0.292504 0.342280 0.536123 0.424610 0.425144 0.415585 0.481574 0.576567 0.641164 0.675575 0.689189 0.715283 0.371417 0.449130 0.237932 0.372436 0.517789 0.583085 0.241029 0.211795 0.255013 0.254746 0.687416 0.583005 0.424813 0.485156 0.492272 0.433655 0.794210 0.694265 0.482961 0.563625 0.485324 0.406945 0.481137 0.400652 0.646488 0.693771 0.508311 0.374651 0.936743 0.857522 0.775261 0.630466 0.560004 0.640299 0.617726 0.626092 0.517812 0.554847 0.407557 0.655375 0.385867 0.339494 0.616037 0.504346 0.548383 0.489558 0.414472 0.505611 0.888661 0.751901 0.794526 0.838307 0.771955 0.471835 0.433603 0.708248 0.542489 0.833843
0.428307 0.522263 0.177712 0.000000 0.809915 0.559713 0.200316 0.183849 0.415352 0.374054 0.464587 0.380519 0.327890 0.510865 0.445369 0.389129 0.562578 0.424533 0.322358 0.412634 0.585291 0.666894 0.326246 0.327126 0.710479 0.384881 0.914499 0.966341 0.475162 0.420893 0.339187 0.405556 0.265880 0.273470 0.723711 0.767285 0.657642 0.934904 0.739393 0.859674 0.814033 0.839518 0.276242 0.292388 0.313944 0.327162 0.324149 0.379069 0.581070 0.440624 0.446194 0.400876 0.501421 0.520928 0.682915 0.694297 0.684963 0.698246 0.362769 0.429997 0.256629 0.328073 0.521274 0.558296 0.286058 0.193527 0.269531 0.263577 0.742628 0.553740 0.382187 0.423805 0.511309 0.437981 0.779632 0.677964 0.457070 0.549799 0.499193 0.482169 0.495281 0.389888 0.676971 0.603964 0.526149 0.355049 0.981730 0.861640 0.753543 0.593366 0.471431 0.556847 0.507243 0.557991 0.535734 0.567832 0.417460 0.577942 0.357484 0.304393 0.541951 0.533500 0.534182 0.440185 0.396878 0.528011 0.901636 0.770975 0.860031 0.850573 0.787135 0.424279 0.404315 0.602595 0.512456 0.811884
0.873597 0.755545 0.850411 0.809915 0.000000 0.815810 0.753929 0.698003 0.797039 0.896298 0.915013 0.830414 0.770161 0.975283 0.848706 0.812787 0.791359 0.865266 0.791907 0.923214 0.866839 0.770626 0.756652 0.827949 0.917184 0.987789 0.702669 0.888442 0.812769 0.828659 0.866303 0.984126 0.801389 0.795304 0.923679 0.870188 0.924778 0.960366 0.991291 0.825338 0.977498 0.966543 0.824003 0.842431 0.714747 0.746189 0.802805 0.803283 0.735885 0.674110 0.730194 0.735844 0.832688 0.630005 0.919967 0.808983 0.881707 0.828689 0.729529 0.758443 0.660326 0.687698 0.694781 0.738164 0.828596 0.753384 0.719183 0.746447 0.887415 0.849409 0.635023 0.744202 0.846587 0.851572 0.992778 0.793186 0.851588 0.890661 0.902666 0.966532 0.661965 0.767838 0.842519 0.874273 0.788331 0.783876 0.874712 0.946712 0.871702 0.915770 0.776201 0.784840 0.774819 0.886520 0.830107 0.868370 0.851032 0.690052 0.771651 0.688947 0.854633 0.907369 0.870771 0.827524 0.776372 0.776464 0.824751 0.808174 0.683296 0.955302 0.954847 0.715293 0.723618 0.838654 0.896470 0.952769
0.719371 0.856525 0.570620 0.559713 0.815810 0.000000 0.489474 0.561775 0.488618 0.611799 0.744129 0.741361 0.633615 0.904574 0.756453 0.636172 0.901588 0.844621 0.696022 0.794252 0.820516 0.894523 0.615986 0.673883 0.865532 0.652838 0.893401 0.759186 0.899307 0.884786 0.625808 0.763509 0.621821 0.638709 0.550989 0.839899 0.943082 0.787884 0.946450 0.912404 0.931733 0.984168 0.578148 0.596906 0.536215 0.563881 0.661166 0.666279 0.846949 0.639845 0.668260 0.581699 0.562795 0.627535 0.794530 0.744624 0.914114 0.999277 0.672712 0.643956 0.619171 0.664555 0.803235 0.906891 0.693649 0.590163 0.511548 0.599077 0.860320 0.769553 0.632809 0.531766 0.789809 0.749719 0.786677 0.861006 0.658828 0.822846 0.746432 0.650353 0.725065 0.652432 0.985913 0.832939 0.753244 0.652019 0.997462 0.847744 0.920587 0.757003 0.532780 0.649937 0.517057 0.597076 0.611338 0.704072 0.583402 0.901598 0.588136 0.620623 0.666068 0.620646 0.781667 0.626585 0.548782 0.782755 0.830406 0.841077 0.875948 0.993007 0.899072 0.734565 0.619646 0.765178 0.656338 0.881080
0.446545 0.545822 0.172902 0.200316 0.753929 0.489474 0.000000 0.177437 0.344392 0.288169 0.441529 0.474723 0.379640 0.684661 0.547657 0.514956 0.496306 0.391131 0.294810 0.430950 0.712825 0.630333 0.382192 0.466526 0.734889 0.435153 0.899055 0.926755 0.565590 0.460086 0.374092 0.450401 0.271794 0.254877 0.680130 0.672091 0.711761 0.919713 0.817382 0.834810 0.824554 0.834162 0.195760 0.197658 0.202269 0.225274 0.296766 0.321233 0.504034 0.377629 0.360809 0.350185 0.439716 0.450903 0.670506 0.680941 0.633652 0.660388 0.331261 0.451946 0.274152 0.421634 0.483671 0.565037 0.332787 0.258990 0.161329 0.209143 0.734547 0.572007 0.341933 0.352406 0.538996 0.393503 0.826847 0.675503 0.394238 0.538491 0.458436 0.442273 0.440320 0.392735 0.712531 0.693423 0.558924 0.446638 0.951253 0.865127 0.800506 0.741365 0.379142 0.446097 0.442990 0.438038 0.477506 0.523137 0.377230 0.584364 0.277989 0.244167 0.495768 0.408611 0.481087 0.374771 0.342378 0.448557 0.838072 0.700323 0.765252 0.871989 0.725892 0.376624 0.329014 0.634048 0.479945 0.795144
0.419611 0.443129 0.238106 0.183849 0.698003 0.561775 0.177437 0.000000 0.399499 0.262601 0.456649 0.377491 0.372458 0.599557 0.523798 0.460389 0.457198 0.374277 0.337604 0.383922 0.690048 0.642771 0.395205 0.448809 0.808377 0.490447 0.808400 0.929110 0.506359 0.442298 0.426303 0.494280 0.283363 0.275165 0.743891 0.698053 0.751599 0.902825 0.886264 0.937829 0.862007 0.747067 0.243218 0.265204 0.271833 0.274562 0.364553 0.360130 0.484345 0.346846 0.371080 0.344883 0.477213 0.423636 0.726058 0.773088 0.567652 0.544143 0.261083 0.361310 0.254161 0.284213 0.455152 0.448865 0.360523 0.227101 0.229034 0.234487 0.762484 0.471765 0.362769 0.376435 0.554343 0.444921 0.847364 0.636731 0.465796 0.489538 0.447269 0.549469 0.431493 0.409200 0.711297 0.653973 0.579740 0.425025 0.967562 0.869902 0.798185 0.659930 0.393888 0.464069 0.418102 0.490342 0.453350 0.509719 0.413611 0.505601 0.283279 0.228408 0.453357 0.477045 0.476134 0.387363 0.325469 0.446115 0.836525 0.708751 0.793228 0.802083 0.771965 0.336112 0.337659 0.616526 0.524204 0.731887
0.748089 0.787442 0.414187 0.415352 0.797039 0.488618 0.344392 0.399499 0.000000 0.371153 0.770925 0.722332 0.620022 0.839957 0.748302 0.631527 0.773991 0.754041 0.647171 0.720594 0.876772 0.766975 0.526556 0.578891 0.967663 0.580905 0.947409 0.994319 0.882645 0.791089 0.603709 0.642330 0.558825 0.534104 0.752520 0.713042 0.951638 0.971570 0.954064 0.864721 0.730070 0.837160 0.398494 0.455031 0.430144 0.472325 0.535104 0.570038 0.626090 0.458346 0.395592 0.386622 0.378000 0.359153 0.792572 0.709087 0.918828 0.939874 0.494040 0.634101 0.537312 0.617221 0.745385 0.792062 0.567924 0.462357 0.371915 0.492343 0.930483 0.758739 0.449239 0.497932 0.772642 0.626529 0.958575 0.777877 0.613197 0.687085 0.681491 0.640848 0.708783 0.705558 0.856268 0.887477 0.770558 0.646312 0.810133 0.833666 0.761781 0.824013 0.330384 0.400667 0.333331 0.392286 0.588051 0.758752 0.496059 0.610779 0.388742 0.424171 0.493731 0.467976 0.653177 0.551651 0.488645 0.557100 0.630159 0.646753 0.967138 0.992149 0.812729 0.479710 0.450161 0.856414 0.566653 0.773919
0.681608 0.721691 0.367442 0.374054 0.896298 0.611799 0.288169 0.262601 0.371153 0.000000 0.648954 0.600209 0.602246 0.805958 0.726752 0.665545 0.633375 0.607338 0.562800 0.545290 0.917143 0.798698 0.520858 0.632928 0.943994 0.571236 0.933500 0.927065 0.784889 0.640646 0.549460 0.553530 0.441277 0.421854 0.802547 0.647168 0.853065 0.856902 0.945088 0.970447 0.768859 0.767932 0.311715 0.320929 0.345619 0.375005 0.523073 0.471994 0.469776 0.384226 0.405507 0.356665 0.429382 0.456916 0.865002 0.852896 0.746402 0.769748 0.412833 0.532596 0.530865 0.505406 0.689296 0.672524 0.555355 0.439321 0.328586 0.392233 0.991191 0.652154 0.457415 0.416762 0.740744 0.520395 0.837522 0.736590 0.503539 0.584403 0.531206 0.625407 0.692652 0.704884 0.918427 0.910141 0.862431 0.727000 0.920077 0.932620 0.918441 0.832351 0.365449 0.394482 0.421984 0.448715 0.554585 0.509631 0.441301 0.597567 0.250556 0.273827 0.428586 0.392858 0.462283 0.451181 0.459790 0.434268 0.668374 0.607962 0.878601 0.868162 0.682792 0.431993 0.371299 0.818995 0.548456 0.643022
0.356650 0.455364 0.387414 0.464587 0.915013 0.744129 0.441529 0.456649 0.770925 0.648954 0.000000 0.385555 0.441932 0.583480 0.647866 0.636407 0.440057 0.284316 0.280397 0.274820 0.711562 0.730096 0.700799 0.612661 0.748635 0.595418 0.948304 0.825410 0.446572 0.336033 0.516635 0.542574 0.497194 0.436095 0.923813 0.879804 0.768655 0.856742 0.782939 0.754435 0.942983 0.950033 0.560742 0.492297 0.552370 0.526139 0.527178 0.537927 0.839618 0.656063 0.668719 0.715108 0.746135 0.781209 0.789099 0.970028 0.478467 0.479782 0.565138 0.569616 0.407948 0.584280 0.381510 0.498535 0.578289 0.524406 0.537265 0.413991 0.610196 0.647036 0.714721 0.638338 0.572730 0.503287 0.832496 0.748892 0.632950 0.567916 0.579167 0.467863 0.455628 0.411912 0.620572 0.704041 0.743757 0.600421 0.999095 0.848035 0.960055 0.851721 0.824248 0.872287 0.873390 0.829095 0.680896 0.654873 0.728431 0.889084 0.638120 0.571988 0.746593 0.622980 0.603328 0.544358 0.632222 0.783700 0.958145 0.903190 0.958878 0.847350 0.860144 0.675832 0.654320 0.773612 0.731479 0.982579
0.281412 0.320633 0.384446 0.380519 0.830414 0.741361 0.474723 0.377491 0.722332 0.600209 0.385555 0.000000 0.289268 0.351855 0.315735 0.306200 0.377869 0.321429 0.356734 0.347656 0.568667 0.645326 0.381191 0.394524 0.627910 0.535720 0.970019 0.870978 0.323305 0.295605 0.354909 0.445748 0.360884 0.379990 0.759459 0.798099 0.662496 0.724332 0.759190 0.924417 0.911492 0.847553 0.518808 0.484700 0.480533 0.443320 0.451465 0.399542 0.689077 0.495052 0.538511 0.527920 0.666653 0.697399 0.843657 0.917981 0.493168 0.468776 0.407390 0.389370 0.251335 0.297466 0.324372 0.311008 0.435833 0.354944 0.478524 0.384048 0.661621 0.477924 0.556817 0.533429 0.383566 0.399118 0.720991 0.688612 0.625834 0.400860 0.518865 0.526972 0.437847 0.444540 0.455080 0.610511 0.517420 0.408058 0.988540 0.887499 0.860149 0.637895 0.855765 0.962757 0.838514 0.996630 0.615097 0.615509 0.636600 0.671161 0.577014 0.487478 0.763448 0.732265 0.565574 0.607916 0.458749 0.554654 0.929538 0.878902 0.881303 0.705064 0.876764 0.652696 0.669328 0.650005 0.579302 0.936177
0.303558 0.484527 0.282759 0.327890 0.770161 0.633615 0.379640 0.372458 0.620022 0.602246 0.441932 0.289268 0.000000 0.354728 0.281992 0.298817 0.534718 0.474812 0.346327 0.432029 0.632146 0.731627 0.299404 0.305400 0.610576 0.484116 0.979340 0.939938 0.440039 0.416883 0.390168 0.506512 0.397821 0.435656 0.689592 0.815147 0.680683 0.822106 0.634304 0.817962 0.969676 0.970600 0.440841 0.440207 0.449433 0.409509 0.400908 0.392112 0.707883 0.428143 0.473754 0.481084 0.577384 0.655023 0.635394 0.730569 0.674801 0.645698 0.378717 0.388009 0.201960 0.318102 0.395968 0.493914 0.243629 0.269816 0.403278 0.364266 0.684660 0.553720 0.542809 0.528845 0.456903 0.483440 0.777655 0.620584 0.585079 0.601849 0.575867 0.544976 0.473990 0.413393 0.521218 0.689631 0.397964 0.295657 0.873859 0.762699 0.714399 0.594052 0.764578 0.840731 0.736920 0.866457 0.660824 0.679013 0.609204 0.732248 0.556607 0.500853 0.717843 0.716639 0.623924 0.692835 0.461339 0.585411 0.965825 0.849274 0.680798 0.804588 0.899920 0.622167 0.605393 0.632179 0.567816 0.857911
0.452044 0.559204 0.543058 0.510865 0.975283 0.904574 0.684661 0.599557 0.839957 0.805958 0.583480 0.351855 0.354728 0.000000 0.260647 0.283373 0.654598 0.544271 0.480253 0.529379 0.583179 0.755557 0.419298 0.346931 0.576113 0.552537 0.893454 0.907145 0.428737 0.448422 0.452170 0.567890 0.511558 0.534952 0.880101 0.976253 0.643773 0.787076 0.720638 0.756990 0.946078 0.842206 0.631832 0.619674 0.752197 0.662866 0.564977 0.609161 0.870075 0.737336 0.721822 0.699537 0.795793 0.909246 0.802247 0.967228 0.699624 0.711536 0.570908 0.596864 0.449747 0.492754 0.526832 0.547636 0.402633 0.447767 0.638813 0.592717 0.888383 0.585072 0.688461 0.717607 0.582422 0.599585 0.837923 0.641620 0.629806 0.639688 0.664492 0.637501 0.692232 0.647766 0.480115 0.659464 0.479015 0.387525 0.921266 0.895625 0.878526 0.633144 0.966298 0.974873 0.894481 0.956028 0.752132 0.763970 0.863337 0.757877 0.751013 0.703764 0.806551 0.883260 0.713716 0.896396 0.634494 0.689103 0.950515 0.878115 0.915037 0.786731 0.989514 0.795574 0.804615 0.746752 0.631781 0.969919
0.439937 0.579846 0.429944 0.445369 0.848706 0.756453 0.547657 0.523798 0.748302 0.726752 0.647866 0.315735 0.281992 0.260647 0.000000 0.205588 0.616559 0.569552 0.493507 0.570262 0.601070 0.725680 0.208386 0.262830 0.424985 0.464065 0.927861 0.898122 0.459743 0.438804 0.297218 0.397971 0.389771 0.451708 0.642805 0.945284 0.654724 0.839230 0.671779 0.877471 0.991251 0.975989 0.531927 0.543165 0.585803 0.532333 0.468997 0.482952 0.785996 0.653827 0.654812 0.604561 0.725266 0.846795 0.656734 0.770339 0.785603 0.797784 0.529771 0.559266 0.344993 0.434757 0.494981 0.561584 0.304039 0.374824 0.496092 0.492652 0.843027 0.607797 0.561720 0.643637 0.427524 0.535345 0.722244 0.689688 0.577499 0.655833 0.571961 0.619808 0.561798 0.540372 0.441090 0.666796 0.340904 0.299151 0.871785 0.860797 0.905255 0.651230 0.933365 0.961032 0.893685 0.935079 0.731319 0.765236 0.713287 0.742556 0.708689 0.653782 0.878777 0.871280 0.770693 0.879894 0.493169 0.592103 0.957209 0.930178 0.826562 0.755612 0.910327 0.744091 0.720184 0.740631 0.529311 0.981480
0.458517 0.559896 0.430142 0.389129 0.812787 0.636172 0.514956 0.460389 0.631527 0.665545 0.636407 0.306200 0.298817 0.283373 0.205588 0.000000 0.619155 0.576820 0.446830 0.554325 0.606285 0.667078 0.206598 0.208091 0.522011 0.498630 0.947609 0.865639 0.468254 0.464168 0.328442 0.451779 0.384833 0.455986 0.678072 0.828328 0.715531 0.823572 0.766774 0.933181 0.971713 0.921645 0.451912 0.481248 0.519956 0.457655 0.465976 0.439423 0.722039 0.533294 0.522644 0.473629 0.551740 0.655344 0.780620 0.775342 0.784422 0.780442 0.464906 0.517271 0.361737 0.427306 0.483710 0.529818 0.374890 0.382902 0.447393 0.480261 0.865126 0.608162 0.448889 0.494107 0.452815 0.486186 0.658293 0.663097 0.520442 0.604193 0.567710 0.581922 0.590936 0.599212 0.543893 0.714715 0.455040 0.350620 0.925899 0.930104 0.904688 0.733345 0.745273 0.841739 0.705547 0.928271 0.695994 0.681372 0.655882 0.706561 0.605663 0.542003 0.776120 0.725330 0.659841 0.798038 0.427428 0.590095 0.839444 0.820342 0.832643 0.832630 0.858405 0.704806 0.631419 0.661938 0.510552 0.885487
0.286092 0.224717 0.538660 0.562578 0.791359 0.901588 0.496306 0.457198 0.773991 0.633375 0.440057 0.377869 0.534718 0.654598 0.616559 0.619155 0.000000 0.214237 0.361264 0.386115 0.664846 0.651170 0.595101 0.686824 0.645396 0.650880 0.824950 0.828284 0.330902 0.316385 0.462647 0.503069 0.397841 0.403884 0.855986 0.624642 0.715005 0.689922 0.861565 0.831664 0.981619 0.620601 0.473111 0.433414 0.451340 0.440778 0.469172 0.411788 0.670979 0.572160 0.510230 0.615838 0.719464 0.730782 0.792277 0.987856 0.192286 0.255146 0.353817 0.471784 0.395921 0.516688 0.229364 0.226031 0.594709 0.575194 0.455643 0.384629 0.479266 0.422105 0.550035 0.516487 0.448286 0.424945 0.829594 0.736825 0.562173 0.409443 0.409681 0.550530 0.252321 0.462564 0.445762 0.575728 0.593690 0.579730 0.979915 0.998894 0.967050 0.805910 0.824921 0.906282 0.857779 0.942972 0.641135 0.667782 0.639887 0.572818 0.539014 0.474104 0.886853 0.747590 0.501749 0.450378 0.542213 0.604053 0.918248 0.822749 0.814348 0.673532 0.780541 0.591465 0.638132 0.700031 0.610490 0.921272
0.258321 0.273776 0.405827 0.424533 0.865266 0.844621 0.391131 0.374277 0.754041 0.607338 0.284316 0.321429 0.474812 0.544271 0.569552 0.576820 0.214237 0.000000 0.223257 0.237543 0.646219 0.604822 0.603690 0.634755 0.633644 0.539108 0.887844 0.820890 0.264108 0.226754 0.432194 0.443163 0.336432 0.301606 0.844593 0.791608 0.673540 0.756966 0.808459 0.781940 0.897159 0.681228 0.427622 0.370153 0.444655 0.409251 0.424348 0.406105 0.708583 0.591857 0.558022 0.625975 0.731211 0.742647 0.806715 0.961999 0.248318 0.269592 0.402201 0.502435 0.335382 0.503948 0.229718 0.276554 0.532686 0.472859 0.428338 0.344186 0.500456 0.484732 0.571277 0.564727 0.455245 0.376544 0.796976 0.672591 0.590793 0.426145 0.420407 0.454945 0.306064 0.329291 0.456388 0.519362 0.580068 0.496656 0.996248 0.945027 0.968943 0.760656 0.780002 0.853959 0.836215 0.842208 0.613851 0.569906 0.635218 0.676288 0.489988 0.433049 0.754642 0.637731 0.542878 0.432012 0.521408 0.632045 0.965072 0.861431 0.895779 0.749487 0.852383 0.536856 0.568155 0.657001 0.606976 0.909293
0.306792 0.417520 0.296984 0.322358 0.791907 0.696022 0.294810 0.337604 0.647171 0.562800 0.280397 0.356734 0.346327 0.480253 0.493507 0.446830 0.361264 0.223257 0.000000 0.278777 0.654473 0.575638 0.479962 0.455246 0.588714 0.471719 0.916133 0.879651 0.315514 0.243879 0.363278 0.404012 0.324838 0.264117 0.819830 0.749523 0.631945 0.883787 0.719270 0.752400 0.868313 0.783876 0.350096 0.303287 0.404204 0.369402 0.369824 0.372649 0.678074 0.531788 0.532830 0.567887 0.643531 0.689787 0.781512 0.856727 0.449725 0.493885 0.426281 0.532989 0.312321 0.526634 0.314549 0.442303 0.405706 0.391929 0.361522 0.356121 0.620337 0.531707 0.506253 0.488914 0.485367 0.397776 0.801313 0.597559 0.517064 0.534804 0.508491 0.399884 0.406464 0.382574 0.606417 0.628634 0.573520 0.465749 0.908611 0.916382 0.925097 0.814363 0.680839 0.740738 0.741859 0.728251 0.603019 0.574443 0.621973 0.677460 0.450215 0.404799 0.682644 0.584429 0.542575 0.453458 0.493901 0.669847 0.994292 0.807759 0.796655 0.812425 0.838744 0.513626 0.484119 0.639284 0.558772 0.872062
0.301318 0.387662 0.397347 0.412634 0.923214 0.794252 0.430950 0.383922 0.720594 0.545290 0.274820 0.347656 0.432029 0.529379 0.570262 0.554325 0.386115 0.237543 0.278777 0.000000 0.717906 0.647717 0.593891 0.585657 0.701013 0.549320 0.879921 0.819007 0.342023 0.270207 0.461096 0.433041 0.366778 0.322848 0.829893 0.864976 0.734712 0.807679 0.762841 0.813587 0.840271 0.859658 0.470926 0.400162 0.501207 0.449874 0.435974 0.419083 0.717797 0.579336 0.599218 0.628162 0.689364 0.780043 0.827500 0.890866 0.407995 0.400483 0.459512 0.512990 0.368554 0.481128 0.346845 0.398261 0.530528 0.464293 0.495135 0.426555 0.610851 0.507986 0.692831 0.635694 0.519611 0.457215 0.742224 0.669939 0.626989 0.594132 0.525648 0.461778 0.470882 0.385940 0.567719 0.639102 0.697078 0.545735 0.915285 0.933961 0.896471 0.717837 0.809213 0.863854 0.883781 0.882014 0.672491 0.617425 0.629721 0.732926 0.507807 0.485559 0.662078 0.627734 0.640449 0.524373 0.581749 0.674816 0.992805 0.875142 0.860355 0.804169 0.787564 0.596614 0.583519 0.749683 0.619150 0.825466
0.620502 0.669128 0.670729 0.585291 0.866839 0.820516 0.712825 0.690048 0.876772 0.917143 0.711562 0.568667 0.632146 0.583179 0.601070 0.606285 0.664846 0.646219 0.654473 0.717906 0.000000 0.790449 0.599205 0.565801 0.715290 0.695975 0.907040 0.865141 0.633868 0.637014 0.602343 0.699593 0.624777 0.584022 0.774105 0.896344 0.650328 0.970052 0.797939 0.841830 0.907085 0.916035 0.720696 0.739482 0.768106 0.703378 0.586336 0.701615 0.961282 0.856932 0.871500 0.865597 0.873770 0.962674 0.875524 0.883987 0.772573 0.775812 0.728224 0.685511 0.604975 0.659609 0.649454 0.692088 0.630959 0.587155 0.703560 0.653082 0.816533 0.774824 0.724699 0.739307 0.627749 0.702034 0.797028 0.716524 0.741330 0.634199 0.769277 0.679778 0.668329 0.625464 0.593503 0.609519 0.614518 0.578001 0.923580 0.984484 0.906178 0.710747 0.925848 0.991628 0.876312 0.990857 0.877354 0.793775 0.817494 0.898031 0.847763 0.716398 0.959945 0.946294 0.689804 0.732384 0.732471 0.788060 0.911877 0.960814 0.977623 0.927076 0.985554 0.888106 0.905292 0.819051 0.839944 0.879860
0.685090 0.707946 0.663830 0.666894 0.770626 0.894523 0.630333 0.642771 0.766975 0.798698 0.730096 0.645326 0.731627 0.755557 0.725680 0.667078 0.651170 0.604822 0.575638 0.647717 0.790449 0.000000 0.694878 0.697327 0.855495 0.744667 0.852033 0.719748 0.577404 0.621344 0.672643 0.618271 0.507830 0.600426 0.885931 0.861940 0.981771 0.875352 0.973762 0.871799 0.873245 0.977969 0.656522 0.624128 0.681402 0.628118 0.697154 0.725712 0.781540 0.774453 0.720210 0.734383 0.791022 0.743056 0.863536 0.829278 0.700887 0.702710 0.741461 0.716228 0.635713 0.759582 0.645324 0.669317 0.723029 0.673071 0.605465 0.632609 0.852459 0.745191 0.613333 0.697558 0.772634 0.608575 0.965365 0.992307 0.735757 0.694280 0.901777 0.648273 0.705353 0.727150 0.759388 0.824808 0.791881 0.716933 0.939445 0.990930 0.902529 0.843182 0.724290 0.822881 0.800461 0.828414 0.805705 0.821294 0.807361 0.827263 0.684179 0.632836 0.843604 0.849427 0.853512 0.655740 0.763813 0.700079 0.972989 0.874977 0.970586 0.835283 0.828851 0.805410 0.734596 0.720497 0.819438 0.872817
0.490996 0.593588 0.337481 0.326246 0.756652 0.615986 0.382192 0.395205 0.526556 0.520858 0.700799 0.381191 0.299404 0.419298 0.208386 0.206598 0.595101 0.603690 0.479962 0.593891 0.599205 0.694878 0.000000 0.231502 0.479029 0.431833 0.977873 0.977742 0.534347 0.485712 0.259129 0.398768 0.306979 0.393934 0.564611 0.771182 0.650896 0.881237 0.718132 0.904926 0.899823 0.939759 0.351646 0.396255 0.380331 0.365661 0.357024 0.384206 0.611140 0.475067 0.462543 0.399928 0.496965 0.624430 0.625315 0.685768 0.802500 0.825238 0.405562 0.478281 0.307223 0.388114 0.505656 0.556555 0.271105 0.314650 0.309451 0.363652 0.843243 0.566254 0.363953 0.432545 0.439046 0.447872 0.706087 0.695480 0.420329 0.611109 0.476448 0.590368 0.514343 0.545662 0.501950 0.657548 0.379407 0.322669 0.864301 0.910884 0.829173 0.683637 0.667404 0.791018 0.643425 0.880447 0.610224 0.651549 0.505520 0.619876 0.513434 0.457795 0.790276 0.716012 0.602829 0.738707 0.363762 0.429559 0.776588 0.831835 0.734648 0.825013 0.760576 0.599042 0.557445 0.688705 0.435098 0.829078
0.492841 0.658085 0.349335 0.327126 0.827949 0.673883 0.466526 0.448809 0.578891 0.632928 0.612661 0.394524 0.305400 0.346931 0.262830 0.208091 0.686824 0.634755 0.455246 0.585657 0.565801 0.697327 0.231502 0.000000 0.509799 0.459902 0.981479 0.955620 0.483390 0.483734 0.322702 0.398668 0.438366 0.437804 0.671608 0.904105 0.684605 0.872884 0.685685 0.852918 0.929963 0.992446 0.464369 0.506882 0.524463 0.475877 0.428867 0.468418 0.678535 0.575189 0.576665 0.532364 0.578901 0.698557 0.677504 0.705165 0.879136 0.918635 0.495805 0.556963 0.365283 0.482986 0.569269 0.669477 0.342640 0.337624 0.443323 0.482930 0.888792 0.672314 0.478117 0.569676 0.493536 0.557924 0.721840 0.719102 0.539362 0.658465 0.611763 0.550929 0.573909 0.559490 0.608572 0.698171 0.459642 0.356640 0.837427 0.802773 0.829410 0.716927 0.732822 0.821425 0.713699 0.880501 0.703162 0.757532 0.607425 0.747156 0.655470 0.563994 0.729615 0.774116 0.704152 0.802484 0.519933 0.644370 0.928139 0.813993 0.798132 0.856858 0.842977 0.700102 0.603041 0.692698 0.531295 0.878093
0.571197 0.700177 0.610409 0.710479 0.917184 0.865532 0.734889 0.808377 0.967663 0.943994 0.748635 0.627910 0.610576 0.576113 0.424985 0.522011 0.645396 0.633644 0.588714 0.701013 0.715290 0.855495 0.479029 0.509799 0.000000 0.511219 0.839402 0.896970 0.545786 0.534621 0.424764 0.414961 0.606105 0.663178 0.629140 0.932601 0.634365 0.934584 0.605348 0.824960 0.935086 0.894797 0.690169 0.699823 0.743463 0.718462 0.585494 0.620325 0.923759 0.964868 0.925765 0.907283 0.935306 0.819285 0.645845 0.856945 0.781803 0.870590 0.740630 0.781223 0.621495 0.788490 0.686695 0.738749 0.552064 0.689770 0.688907 0.735358 0.586170 0.679531 0.788463 0.885254 0.466720 0.708032 0.673293 0.914637 0.749568 0.816402 0.699436 0.602272 0.609576 0.680799 0.593339 0.728692 0.507730 0.522338 0.864619 0.983624 0.922758 0.812969 0.832884 0.731258 0.853222 0.773018 0.712850 0.827663 0.715616 0.862159 0.904352 0.873549 0.796403 0.987270 0.898684 0.945584 0.753391 0.830234 0.866115 0.942343 0.871421 0.841105 0.920454 0.883638 0.909011 0.942359 0.713831 0.991386
0.548588 0.657408 0.353145 0.384881 0.987789 0.652838 0.435153 0.490447 0.580905 0.571236 0.595418 0.535720 0.484116 0.552537 0.464065 0.498630 0.650880 0.539108 0.471719 0.549320 0.695975 0.744667 0.431833 0.459902 0.511219 0.000000 0.907444 0.859439 0.560725 0.475273 0.333757 0.361560 0.382936 0.410468 0.692669 0.817022 0.721312 0.977122 0.601557 0.589903 0.829294 0.860238 0.414345 0.388200 0.474018 0.466412 0.442447 0.450426 0.671575 0.608244 0.572370 0.563224 0.591577 0.759815 0.663106 0.724818 0.793024 0.788962 0.518473 0.607928 0.470326 0.589913 0.608705 0.672732 0.423922 0.427345 0.437857 0.444730 0.763263 0.652868 0.561379 0.502837 0.503720 0.494590 0.724917 0.797397 0.514258 0.714814 0.614290 0.449352 0.633371 0.525095 0.655484 0.633301 0.612664 0.462203 0.885153 0.862292 0.751737 0.654379 0.700246 0.834291 0.785417 0.748789 0.605487 0.727237 0.536624 0.680770 0.525652 0.471308 0.768833 0.629454 0.623429 0.567298 0.492169 0.681403 0.896886 0.776964 0.937353 0.838479 0.861798 0.680638 0.532704 0.819461 0.541026 0.853519
0.919625 0.736711 0.993269 0.914499 0.702669 0.893401 0.899055 0.808400 0.947409 0.933500 0.948304 0.970019 0.979340 0.893454 0.927861 0.947609 0.824950 0.887844 0.916133 0.879921 0.907040 0.852033 0.977873 0.981479 0.839402 0.907444 0.000000 0.973791 0.863507 0.854564 0.900216 0.995637 0.892913 0.820018 0.953710 0.775419 0.872956 0.870469 0.976904 0.926621 0.938758 0.860024 0.872833 0.834356 0.809121 0.828336 0.895022 0.876763 0.752255 0.790634 0.771196 0.831117 0.932081 0.760403 0.966145 0.972880 0.707735 0.694643 0.817550 0.806596 0.867443 0.863141 0.823562 0.728540 0.986467 0.961189 0.839509 0.855375 0.977033 0.705127 0.787185 0.851716 0.953518 0.779406 0.945765 0.956305 0.997543 0.843907 0.978415 0.899933 0.808495 0.908907 0.975684 0.853657 0.920796 0.942850 0.897153 0.979535 0.786156 0.934494 0.863053 0.915497 0.879963 0.967257 0.880768 0.984477 0.878967 0.720877 0.831134 0.831669 0.812673 0.946590 0.814298 0.745383 0.871348 0.844512 0.930627 0.916283 0.925267 0.973696 0.890598 0.756929 0.808890 0.972028 0.840316 0.807487
0.827683 0.850965 0.964933 0.966341 0.888442 0.759186 0.926755 0.929110 0.994319 0.927065 0.825410 0.870978 0.939938 0.907145 0.898122 0.865639 0.828284 0.820890 0.879651 0.819007 0.865141 0.719748 0.977742 0.955620 0.896970 0.859439 0.973791 0.000000 0.870545 0.867441 0.936579 0.966136 0.866440 0.887593 0.897587 0.929155 0.911820 0.960448 0.952270 0.917121 0.838465 0.978697 0.977298 0.917122 0.996160 0.961022 0.984900 0.991609 0.811111 0.959554 0.979017 0.987381 0.947754 0.930106 0.925584 0.867715 0.813251 0.793060 0.941402 0.937060 0.912236 0.963557 0.811732 0.792530 0.964672 0.958868 0.943729 0.908114 0.795971 0.968893 0.838383 0.900080 0.934219 0.937534 0.892748 0.990032 0.901993 0.909358 0.945447 0.845192 0.856180 0.872825 0.952353 0.941435 0.987370 0.922689 0.950743 0.997509 0.996099 0.936689 0.933791 0.969491 0.996340 0.931744 0.848617 0.950885 0.993792 0.926176 0.923547 0.937333 0.933555 0.949615 0.914770 0.780738 0.889421 0.995121 0.973066 0.826180 0.858249 0.894128 0.981391 0.953650 0.930678 0.917204 0.991777 0.948034
0.297027 0.322668 0.520655 0.475162 0.812769 0.899307 0.565590 0.506359 0.882645 0.784889 0.446572 0.323305 0.440039 0.428737 0.459743 0.468254 0.330902 0.264108 0.315514 0.342023 0.633868 0.577404 0.534347 0.483390 0.545786 0.560725 0.863507 0.870545 0.000000 0.238107 0.406242 0.490250 0.414164 0.380976 0.799159 0.828522 0.613944 0.724430 0.746144 0.815374 0.979477 0.813031 0.563113 0.513520 0.553954 0.501982 0.462561 0.443850 0.730626 0.628147 0.645146 0.666474 0.782806 0.840815 0.697382 0.814180 0.389504 0.414276 0.499144 0.473020 0.350997 0.474747 0.276981 0.332330 0.513268 0.463687 0.536740 0.466655 0.563141 0.466503 0.646910 0.636840 0.430342 0.448135 0.739791 0.763558 0.608094 0.514307 0.590197 0.524135 0.368057 0.393445 0.446829 0.447029 0.479080 0.429048 0.906864 0.899024 0.906589 0.601100 0.956880 0.983124 0.965119 0.942680 0.684523 0.684934 0.728800 0.699355 0.647266 0.554829 0.844682 0.867508 0.717194 0.606228 0.621003 0.696896 0.931989 0.923489 0.869178 0.707623 0.843920 0.632253 0.691310 0.658704 0.645127 0.938680
0.285681 0.332516 0.408806 0.420893 0.828659 0.884786 0.460086 0.442298 0.791089 0.640646 0.336033 0.295605 0.416883 0.448422 0.438804 0.464168 0.316385 0.226754 0.243879 0.270207 0.637014 0.621344 0.485712 0.483734 0.534621 0.475273 0.854564 0.867441 0.238107 0.000000 0.299223 0.385482 0.335979 0.274353 0.779937 0.725870 0.657647 0.703020 0.675015 0.859617 0.875900 0.868715 0.480448 0.394930 0.477329 0.418216 0.410598 0.400300 0.707468 0.561278 0.575204 0.600349 0.670670 0.759742 0.685029 0.874360 0.396227 0.409882 0.492483 0.519583 0.343255 0.490756 0.278928 0.335688 0.496555 0.465844 0.455399 0.399540 0.534808 0.456439 0.571281 0.572227 0.386441 0.327932 0.686865 0.657946 0.638704 0.498235 0.532607 0.474852 0.378004 0.363038 0.443147 0.468866 0.595902 0.487539 0.846224 0.850551 0.955390 0.708658 0.900935 0.998967 0.971041 0.983451 0.627898 0.710294 0.631813 0.674510 0.574087 0.498901 0.772876 0.702882 0.557273 0.561328 0.603571 0.665304 0.974055 0.917421 0.892920 0.801260 0.796787 0.647981 0.620819 0.746915 0.589870 0.898478
0.376088 0.466593 0.317889 0.339187 0.866303 0.625808 0.374092 0.426303 0.603709 0.549460 0.516635 0.354909 0.390168 0.452170 0.297218 0.328442 0.462647 0.432194 0.363278 0.461096 0.602343 0.672643 0.259129 0.322702 0.424764 0.333757 0.900216 0.936579 0.406242 0.299223 0.000000 0.274848 0.264482 0.291405 0.546638 0.665527 0.576394 0.771177 0.640515 0.860441 0.914093 0.830433 0.313587 0.290324 0.320472 0.313034 0.300351 0.296584 0.544130 0.510261 0.466419 0.446011 0.536886 0.717920 0.606022 0.713843 0.622562 0.656341 0.425292 0.455219 0.323729 0.459432 0.408940 0.464412 0.353931 0.365475 0.291612 0.326527 0.712562 0.462416 0.411885 0.428253 0.366899 0.294507 0.659402 0.746279 0.452725 0.513955 0.424708 0.453113 0.425637 0.475276 0.458044 0.561437 0.504516 0.416537 0.878009 0.908225 0.904776 0.645637 0.780197 0.919821 0.814270 0.927217 0.586635 0.670792 0.472577 0.650263 0.497433 0.470043 0.743911 0.673638 0.533508 0.580980 0.453153 0.518994 0.827933 0.808683 0.829968 0.774124 0.734167 0.596966 0.504646 0.693695 0.424679 0.920201
0.488629 0.621460 0.377318 0.405556 0.984126 0.763509 0.450401 0.494280 0.642330 0.553530 0.542574 0.445748 0.506512 0.567890 0.397971 0.451779 0.503069 0.443163 0.404012 0.433041 0.699593 0.618271 0.398768 0.398668 0.414961 0.361560 0.995637 0.966136 0.490250 0.385482 0.274848 0.000000 0.332632 0.381120 0.693870 0.857826 0.651877 0.868320 0.617714 0.836304 0.880931 0.867691 0.443338 0.410955 0.502538 0.519514 0.489549 0.445360 0.764428 0.745283 0.699310 0.701346 0.752951 0.904334 0.792317 0.871244 0.650265 0.734540 0.601185 0.697306 0.489371 0.670216 0.555565 0.623113 0.486070 0.503612 0.482392 0.490293 0.691267 0.649247 0.608547 0.593323 0.434852 0.440382 0.668483 0.860094 0.593403 0.583023 0.554006 0.493990 0.574239 0.551243 0.638764 0.722337 0.666563 0.530256 0.973475 0.922735 0.950095 0.813566 0.833712 0.962373 0.909329 0.927956 0.722431 0.718454 0.568337 0.768380 0.596200 0.556528 0.812455 0.700265 0.710471 0.584973 0.593016 0.676328 0.998803 0.854140 0.935299 0.804676 0.719679 0.670472 0.596282 0.794413 0.515342 0.837914
0.359585 0.428567 0.292616 0.265880 0.801389 0.621821 0.271794 0.283363 0.558825 0.441277 0.497194 0.360884 0.397821 0.511558 0.389771 0.384833 0.397841 0.336432 0.324838 0.366778 0.624777 0.507830 0.306979 0.438366 0.606105 0.382936 0.892913 0.866440 0.414164 0.335979 0.264482 0.332632 0.000000 0.252980 0.688376 0.661569 0.673997 0.840883 0.777607 0.863757 0.824657 0.794787 0.268336 0.238995 0.288525 0.274374 0.310680 0.336334 0.559213 0.481835 0.450914 0.430228 0.520050 0.618061 0.650842 0.700978 0.531422 0.525625 0.366425 0.431089 0.292700 0.370214 0.393331 0.428615 0.335366 0.300123 0.247694 0.245165 0.682726 0.442425 0.353239 0.371866 0.427823 0.348758 0.768314 0.706750 0.370968 0.506033 0.365873 0.459466 0.388946 0.377539 0.504074 0.536209 0.484014 0.363154 0.983881 0.949162 0.866441 0.660002 0.561652 0.696317 0.626775 0.746504 0.531136 0.543342 0.397921 0.522006 0.365559 0.302844 0.655123 0.555105 0.551587 0.434007 0.367225 0.415226 0.909901 0.738999 0.812584 0.743046 0.689010 0.516289 0.411401 0.637973 0.442906 0.886836
0.357214 0.424213 0.296886 0.273470 0.795304 0.638709 0.254877 0.275165 0.534104 0.421854 0.436095 0.379990 0.435656 0.534952 0.451708 0.455986 0.403884 0.301606 0.264117 0.322848 0.584022 0.600426 0.393934 0.437804 0.663178 0.410468 0.820018 0.887593 0.380976 0.274353 0.291405 0.381120 0.252980 0.000000 0.642574 0.712093 0.624009 0.772970 0.788840 0.823579 0.845405 0.828264 0.276190 0.222278 0.282563 0.261530 0.291561 0.346904 0.560376 0.438745 0.441422 0.421122 0.532837 0.612013 0.702054 0.715946 0.495377 0.520413 0.370168 0.462112 0.293199 0.425130 0.365060 0.417580 0.367631 0.312914 0.251760 0.256139 0.758685 0.475805 0.442342 0.439294 0.464338 0.380992 0.717736 0.646327 0.426841 0.484236 0.437125 0.415469 0.421741 0.377820 0.562873 0.533337 0.540598 0.455719 0.941918 0.930133 0.928362 0.730876 0.606500 0.695089 0.678138 0.691792 0.534720 0.576397 0.554276 0.569059 0.333398 0.314915 0.618531 0.570044 0.495281 0.373353 0.417605 0.527686 0.812891 0.710259 0.844467 0.839926 0.697208 0.415615 0.426809 0.661674 0.395324 0.796841
0.688958 0.771803 0.678329 0.723711 0.923679 0.550989 0.680130 0.743891 0.752520 0.802547 0.923813 0.759459 0.689592 0.880101 0.642805 0.678072 0.855986 0.844593 0.819830 0.829893 0.774105 0.885931 0.564611 0.671608 0.629140 0.692669 0.953710 0.897587 0.799159 0.779937 0.546638 0.693870 0.688376 0.642574 0.000000 0.856599 0.715266 0.857398 0.906981 0.999771 0.933522 0.898146 0.614205 0.655980 0.571103 0.580960 0.662989 0.655709 0.755610 0.624176 0.670907 0.599969 0.652647 0.771761 0.701042 0.724208 0.937165 0.850827 0.670538 0.613110 0.652473 0.753250 0.696991 0.745707 0.706079 0.704875 0.591789 0.633198 0.885976 0.685989 0.631709 0.676869 0.758955 0.650671 0.793921 0.933413 0.780066 0.691254 0.678196 0.762789 0.681661 0.760284 0.813715 0.896495 0.688875 0.698354 0.903741 0.938064 0.885955 0.818971 0.859191 0.985737 0.838923 0.926324 0.645719 0.787715 0.650943 0.831913 0.677203 0.769305 0.944188 0.929113 0.823775 0.852678 0.650158 0.665018 0.821485 0.883484 0.750718 0.996072 0.666911 0.720480 0.796073 0.989133 0.807697 0.769713
0.748472 0.617956 0.775095 0.767285 0.870188 0.839899 0.672091 0.698053 0.713042 0.647168 0.879804 0.798099 0.815147 0.976253 0.945284 0.828328 0.624642 0.791608 0.749523 0.864976 0.896344 0.861940 0.771182 0.904105 0.932601 0.817022 0.775419 0.929155 0.828522 0.725870 0.665527 0.857826 0.661569 0.712093 0.856599 0.000000 0.990221 0.604441 0.955022 0.945883 0.998272 0.807373 0.578690 0.537341 0.498723 0.557266 0.691989 0.595627 0.520268 0.504196 0.470241 0.508439 0.580358 0.529509 0.828220 0.823173 0.707670 0.667937 0.619854 0.639225 0.718184 0.729346 0.664693 0.612821 0.796421 0.768346 0.543896 0.571528 0.858077 0.549161 0.542196 0.410337 0.822666 0.588220 0.984186 0.998133 0.694362 0.625922 0.661195 0.837768 0.665246 0.822941 0.790207 0.763636 0.927862 0.864625 0.902654 0.880019 0.905249 0.932073 0.668150 0.710384 0.712039 0.764242 0.727638 0.840065 0.652423 0.613026 0.625185 0.613097 0.680934 0.588180 0.582082 0.708501 0.705600 0.644385 0.694219 0.770236 0.781138 0.939672 0.612502 0.726869 0.660813 0.769876 0.697338 0.846745
0.635739 0.697435 0.652547 0.657642 0.924778 0.943082 0.711761 0.751599 0.951638 0.853065 0.768655 0.662496 0.680683 0.643773 0.654724 0.715531 0.715005 0.673540 0.631945 0.734712 0.650328 0.981771 0.650896 0.684605 0.634365 0.721312 0.872956 0.911820 0.613944 0.657647 0.576394 0.651877 0.673997 0.624009 0.715266 0.990221 0.000000 0.843844 0.654193 0.858397 0.929603 0.814576 0.696523 0.658232 0.680877 0.720165 0.634925 0.602243 0.862890 0.846869 0.816679 0.836728 0.942455 0.941638 0.970271 0.994296 0.704860 0.763947 0.743678 0.756725 0.672616 0.743232 0.712844 0.733175 0.614777 0.657735 0.724615 0.671414 0.859553 0.746826 0.825251 0.846268 0.712154 0.652844 0.797595 0.908583 0.658125 0.692367 0.678172 0.910597 0.787136 0.831287 0.767499 0.811028 0.721624 0.721110 0.937928 0.857716 0.926809 0.875555 0.955147 0.939623 0.976466 0.955640 0.734804 0.663142 0.845333 0.862930 0.773686 0.756839 0.971289 0.986374 0.711965 0.733127 0.654143 0.775290 0.889701 0.861564 0.840368 0.815413 0.879787 0.668544 0.839846 0.991805 0.808656 0.752791
0.723901 0.646850 0.876054 0.934904 0.960366 0.787884 0.919713 0.902825 0.971570 0.856902 0.856742 0.724332 0.822106 0.787076 0.839230 0.823572 0.689922 0.756966 0.883787 0.807679 0.970052 0.875352 0.881237 0.872884 0.934584 0.977122 0.870469 0.960448 0.724430 0.703020 0.771177 0.868320 0.840883 0.772970 0.857398 0.604441 0.843844 0.000000 0.890622 0.974178 0.899759 0.994752 0.803837 0.757204 0.748523 0.743690 0.819284 0.779088 0.778200 0.713014 0.659740 0.723212 0.845034 0.822257 0.997328 0.943403 0.603673 0.622806 0.786695 0.743014 0.803764 0.794754 0.671487 0.579602 0.869764 0.884860 0.799666 0.745098 0.910648 0.771997 0.763440 0.806804 0.749771 0.692955 0.899788 0.949039 0.875918 0.567623 0.847236 0.956218 0.814635 0.997201 0.749143 0.981250 0.944029 0.959398 0.834630 0.956791 0.938075 0.953123 0.985257 0.983370 0.986260 0.944722 0.920399 0.855264 0.978605 0.782059 0.765689 0.828761 0.843769 0.816591 0.716901 0.877022 0.860561 0.743981 0.845816 0.863671 0.970481 0.876576 0.751615 0.852457 0.964693 0.863403 0.807532 0.782899
