0.000000 0.548617 0.806700 0.868074 0.919016 0.981708 0.672628 0.721836 0.896476 0.953639 0.812165 0.726079 0.712039 0.820065 0.826319 0.845824 0.623381 0.633050 0.600847 0.811386 0.951696 0.935938 0.959319 0.996018 0.866023 0.886393 0.970202 0.961983 0.727505 0.765877 0.919481 0.977065 0.714178 0.663646 0.845475 0.991302 0.932837 0.719878 0.910375 0.888125 0.996160 0.984861 0.872479 0.769049 0.982902 0.890850 0.756157 0.847421 0.917859 0.893877 0.841469 0.895655 0.883500 0.990884 0.864542 0.964417 0.522772 0.577306 0.652387 0.825899 0.591738 0.693550 0.563291 0.599088 0.789104 0.835178 0.912115 0.882178 0.930590 0.900874 0.989604 0.961491 0.953052 0.955795 0.992543 0.999259 0.772416 0.771509 0.916143 0.906648 0.563297 0.648219 0.860487 0.702515 0.687991 0.792078 0.931210 0.908055 0.868732 0.746836 0.969111 0.998037 0.933126 0.974404 0.933545 0.903397 0.929595 0.940354 0.821081 0.782712 0.936521 0.953483 0.906931 0.877388 0.986277 0.975355 0.829247 0.987316 0.803171 0.873446 0.949823 0.973249 0.872013 0.918043 0.888015 0.915886
0.548617 0.000000 0.786503 0.809586 0.867988 0.983298 0.760655 0.673994 0.875643 0.913830 0.877991 0.695257 0.694945 0.752830 0.762964 0.776814 0.644486 0.642699 0.641628 0.817288 0.938527 0.915370 0.877004 0.986660 0.766672 0.882352 0.968542 0.841057 0.727180 0.786607 0.844551 0.998537 0.574620 0.652561 0.785977 0.933319 0.858892 0.941649 0.991730 0.779991 0.970407 0.978594 0.756783 0.646176 0.794541 0.767968 0.659411 0.676705 0.826181 0.772893 0.788558 0.667605 0.745377 0.865453 0.818090 0.965582 0.588229 0.514973 0.669016 0.826303 0.599819 0.659666 0.616765 0.616827 0.727638 0.808463 0.838536 0.791033 0.935425 0.857684 0.832467 0.983180 0.986304 0.981316 0.983901 0.941747 0.784888 0.942575 0.750829 0.963941 0.541960 0.674085 0.861246 0.727467 0.748885 0.762545 0.987038 0.998108 0.855709 0.770967 0.977758 0.956176 0.926712 0.985959 0.893018 0.803927 0.931530 0.915585 0.706179 0.775240 0.920732 0.985032 0.957600 0.902164 0.902568 0.929246 0.980098 0.948541 0.808287 0.975902 0.986579 0.951259 0.949346 0.966008 0.729335 0.967485
0.806700 0.786503 0.000000 0.450417 0.936808 0.930465 0.392971 0.430081 0.770300 0.959729 0.940827 0.967129 0.701281 0.990230 0.982434 0.990380 0.882335 0.924666 0.781986 0.811259 0.825222 0.861493 0.675508 0.719593 0.569592 0.675955 0.959475 0.909909 0.851775 0.772265 0.874767 0.960647 0.660687 0.664942 0.679510 0.892605 0.782303 0.951893 0.890113 0.806835 0.995928 0.743783 0.637264 0.773384 0.897629 0.930049 0.665886 0.759390 0.814980 0.934638 0.720368 0.632974 0.924387 0.896561 0.856311 0.855343 0.930969 0.949243 0.552828 0.656155 0.548922 0.700112 0.984527 0.953287 0.412307 0.521414 0.521946 0.511121 0.827161 0.829473 0.889856 0.785164 0.821499 0.805599 0.947760 0.917548 0.672909 0.816066 0.999760 0.906608 0.787298 0.874449 0.967202 0.930889 0.554340 0.679040 0.770965 0.878824 0.783083 0.632518 0.588884 0.666375 0.583292 0.558099 0.889970 0.818104 0.822563 0.963169 0.588116 0.618323 0.608831 0.803957 0.862545 0.874899 0.544281 0.613772 0.959971 0.807960 0.835678 0.856702 0.840639 0.859732 0.923293 0.893802 0.660363 0.728017
0.868074 0.809586 0.450417 0.000000 0.911504 0.903703 0.597952 0.413544 0.966043 0.801609 0.979593 0.940869 0.950847 0.992698 0.806372 0.993725 0.761520 0.866840 0.947997 0.863677 0.747499 0.852697 0.736688 0.623971 0.559506 0.593260 0.903136 0.781336 0.682687 0.650538 0.954990 0.998586 0.780038 0.670376 0.663818 0.837702 0.775358 0.847875 0.716972 0.724271 0.921679 0.762707 0.733400 0.801301 0.814123 0.829465 0.799841 0.802277 0.719769 0.889135 0.834557 0.709590 0.922942 0.794488 0.955813 0.843765 0.943174 0.973089 0.717189 0.655208 0.784598 0.718790 0.895411 0.873473 0.422680 0.377756 0.446411 0.390115 0.678543 0.790146 0.707482 0.625015 0.746800 0.779718 0.960509 0.848200 0.658142 0.757243 0.956591 0.923706 0.857339 0.939216 0.884837 0.971073 0.677608 0.598749 0.790241 0.756241 0.973966 0.603993 0.658815 0.716892 0.548226 0.602337 0.879454 0.782866 0.821573 0.984642 0.647105 0.715367 0.650202 0.820459 0.893874 0.905150 0.495283 0.587531 0.993062 0.724516 0.836555 0.862462 0.815073 0.932484 0.976164 0.873365 0.702392 0.716061
0.919016 0.867988 0.936808 0.911504 0.000000 0.818465 0.880084 0.957206 0.844489 0.901208 0.816166 0.999804 0.785984 0.986569 0.828144 0.936249 0.732603 0.791296 0.818363 0.863730 0.842864 0.769113 0.819303 0.937350 0.889536 0.878001 0.986147 0.943463 0.965158 0.801500 0.783147 0.991193 0.844819 0.957327 0.997387 0.858146 0.825349 0.879468 0.979894 0.951631 0.886110 0.908511 0.979260 0.966499 0.777154 0.858371 0.917720 0.884709 0.771617 0.819816 0.830830 0.930728 0.842778 0.797259 0.884520 0.939203 0.728159 0.797777 0.960624 0.850484 0.791938 0.950059 0.744097 0.884805 0.960886 0.943160 0.957496 0.963377 0.982461 0.890527 0.848647 0.993003 0.820092 0.968319 0.863462 0.946572 0.936438 0.990816 0.894990 0.875057 0.733985 0.743759 0.789559 0.762008 0.741612 0.760863 0.964695 0.742121 0.832711 0.960332 0.936884 0.964048 0.972149 0.945339 0.811064 0.956604 0.990997 0.993134 0.973282 0.940724 0.854449 0.870048 0.946149 0.909647 0.986681 0.864995 0.946687 0.965655 0.999030 0.887657 0.989946 0.920655 0.994064 0.906299 0.874043 0.901364
0.981708 0.983298 0.930465 0.903703 0.818465 0.000000 0.958188 0.926107 0.887102 0.872249 0.972549 0.863425 0.962786 0.848022 0.946190 0.758451 0.898507 0.885680 0.965160 0.822018 0.780621 0.960167 0.854291 0.826710 0.830766 0.776516 0.799270 0.816025 0.897255 0.902527 0.843966 0.964030 0.962237 0.907468 0.866265 0.896322 0.722926 0.993433 0.891903 0.974446 0.730980 0.957187 0.935610 0.838623 0.944958 0.915036 0.913815 0.980943 0.934338 0.968034 0.881683 0.989812 0.794798 0.801823 0.908559 0.849559 0.959614 0.922953 0.782367 0.775899 0.973220 0.871296 0.911973 0.757985 0.877379 0.964463 0.996982 0.934032 0.844071 0.779606 0.761193 0.876788 0.895047 0.797281 0.955624 0.935660 0.984372 0.856694 0.985976 0.944744 0.978781 0.997170 0.957422 0.950236 0.833119 0.726582 0.908874 0.836636 0.886596 0.985861 0.800589 0.802739 0.719160 0.819840 0.946272 0.856082 0.833901 0.971366 0.964436 0.969727 0.969298 0.910427 0.872335 0.954137 0.895135 0.977642 0.975494 0.967669 0.913961 0.888438 0.879066 0.988196 0.897414 0.979217 0.981752 0.940052
0.672628 0.760655 0.392971 0.597952 0.880084 0.958188 0.000000 0.540845 0.700799 0.864639 0.886251 0.985119 0.601131 0.918685 0.910363 0.969366 0.955024 0.956106 0.651603 0.737215 0.865549 0.949934 0.700074 0.844408 0.668919 0.727599 0.921237 0.976341 0.956005 0.929907 0.878023 0.928882 0.629974 0.646184 0.715122 0.990435 0.846650 0.928886 0.922598 0.923860 0.984257 0.853269 0.664197 0.732552 0.928938 0.984376 0.710524 0.766308 0.907669 0.836953 0.701504 0.654807 0.903701 0.916706 0.882200 0.951315 0.807671 0.832658 0.490882 0.678858 0.423070 0.720731 0.781154 0.903929 0.504332 0.651255 0.617527 0.667403 0.922557 0.909554 0.970975 0.939098 0.905541 0.876869 0.933353 0.995733 0.710667 0.884101 0.987268 0.938610 0.667288 0.750278 0.919047 0.827747 0.479422 0.746359 0.837703 0.984892 0.728420 0.700701 0.659362 0.670198 0.737307 0.686343 0.871448 0.854413 0.863841 0.964241 0.625580 0.623003 0.696988 0.795039 0.918632 0.866153 0.654647 0.738621 0.963095 0.915974 0.751065 0.861918 0.781268 0.911181 0.930454 0.897497 0.716634 0.717529
0.721836 0.673994 0.430081 0.413544 0.957206 0.926107 0.540845 0.000000 0.944272 0.983033 0.889097 0.768066 0.813120 0.914552 0.846000 0.962115 0.918697 0.996070 0.822488 0.701946 0.911921 0.950720 0.823142 0.824638 0.672219 0.783793 0.962605 0.930531 0.880214 0.799212 0.975737 0.951362 0.734398 0.554810 0.686602 0.895459 0.867846 0.991313 0.925348 0.702503 0.996251 0.788433 0.720731 0.758388 0.790688 0.856439 0.758595 0.829701 0.721399 0.910223 0.852150 0.674237 0.927877 0.767446 0.919279 0.968581 0.957172 0.860533 0.512808 0.487127 0.599270 0.478161 0.972857 0.888664 0.511985 0.432448 0.524153 0.449066 0.808536 0.943643 0.770114 0.716039 0.849122 0.897602 0.935632 0.880215 0.603273 0.754951 0.925492 0.945164 0.755161 0.940675 0.809942 0.995353 0.734282 0.769489 0.702480 0.704676 0.860663 0.552402 0.675708 0.806755 0.621662 0.724196 0.898314 0.776420 0.735557 0.995660 0.600746 0.612435 0.676314 0.879803 0.780021 0.910756 0.512413 0.590307 0.951573 0.736147 0.776193 0.840245 0.725849 0.902611 0.996260 0.944286 0.696358 0.767569
0.896476 0.875643 0.770300 0.966043 0.844489 0.887102 0.700799 0.944272 0.000000 0.681739 0.965238 0.928515 0.742906 0.872710 0.812296 0.971270 0.951925 0.955686 0.915438 0.977469 0.956306 0.942282 0.634086 0.969160 0.933767 0.908199 0.909762 0.944203 0.991996 0.963736 0.847033 0.935872 0.768150 0.991704 0.937826 0.949853 0.820917 0.999446 0.846834 0.800304 0.965065 0.945655 0.881800 0.980526 0.788890 0.863118 0.879796 0.913338 0.748873 0.719992 0.742199 0.749546 0.700263 0.798672 0.906612 0.971565 0.732581 0.804434 0.799354 0.988146 0.675962 0.986180 0.825500 0.893557 0.799848 0.927327 0.935113 0.929616 0.847189 0.910264 0.932935 0.819865 0.859776 0.843557 0.972361 0.968969 0.999715 0.969687 0.971011 0.948457 0.885435 0.891227 0.790681 0.826842 0.674734 0.927259 0.822009 0.785910 0.858818 0.834915 0.909564 0.844541 0.813463 0.890694 0.940541 0.999641 0.882399 0.863564 0.853780 0.790140 0.849857 0.861752 0.978911 0.925175 0.908464 0.929169 0.919653 0.949867 0.911155 0.882175 0.943329 0.977830 0.987613 0.810396 0.889714 0.985575
0.953639 0.913830 0.959729 0.801609 0.901208 0.872249 0.864639 0.983033 0.681739 0.000000 0.741452 0.983733 0.911209 0.881432 0.960545 0.800701 0.760979 0.861933 0.710348 0.805419 0.884165 0.959983 0.877808 0.837367 0.887037 0.811393 0.766158 0.769445 0.651100 0.769453 0.781241 0.996546 0.751166 0.823179 0.915965 0.876643 0.963527 0.948498 0.649348 0.898441 0.798445 0.980082 0.840985 0.815207 0.716984 0.700341 0.840259 0.904568 0.654073 0.657927 0.728112 0.775395 0.786872 0.869762 0.853394 0.905660 0.771702 0.794645 0.788480 0.936426 0.799416 0.925779 0.706400 0.686342 0.827694 0.721778 0.981961 0.892325 0.726072 0.844350 0.770982 0.778368 0.842625 0.830688 0.874610 0.968322 0.938208 0.969996 0.932926 0.978350 0.801456 0.911274 0.933261 0.821283 0.975671 0.755652 0.962001 0.796849 0.848443 0.884787 0.980780 0.989349 0.986001 0.889964 0.946272 0.792246 0.763098 0.883120 0.868337 0.889732 0.793589 0.997909 0.717064 0.815951 0.963466 0.936968 0.852643 0.909913 0.932162 0.895586 0.859661 0.965834 0.979819 0.798069 0.952705 0.960099
0.812165 0.877991 0.940827 0.979593 0.816166 0.972549 0.886251 0.889097 0.965238 0.741452 0.000000 0.765199 0.835403 0.992793 0.933116 0.907094 0.695640 0.687325 0.739942 0.730630 0.875555 0.936990 0.933282 0.824005 0.884328 0.994251 0.837234 0.809558 0.739704 0.734899 0.856109 0.955797 0.840268 0.666680 0.919081 0.860652 0.956478 0.778879 0.946226 0.970504 0.971990 0.885137 0.851139 0.976463 0.962423 0.990550 0.997691 0.938999 0.975994 0.914733 0.958687 0.863275 0.978120 0.968389 0.959433 0.989894 0.825169 0.866775 0.906076 0.952616 0.796944 0.878201 0.665158 0.709349 0.865356 0.917818 0.998836 0.953687 0.987689 0.909196 0.959342 0.786491 0.706699 0.863539 0.967453 0.844186 0.904784 0.851797 0.921894 0.923723 0.746276 0.776632 0.993200 0.887727 0.993692 0.917437 0.788328 0.946023 0.999884 0.966333 0.783144 0.714674 0.854280 0.783003 0.985028 0.799356 0.903266 0.793575 0.995901 0.895455 0.968736 0.934407 0.948706 0.913505 0.973321 0.774178 0.912409 0.886602 0.937626 0.913825 0.971962 0.899782 0.907256 0.911151 0.986856 0.939322
0.726079 0.695257 0.967129 0.940869 0.999804 0.863425 0.985119 0.768066 0.928515 0.983733 0.765199 0.000000 0.800305 0.717495 0.909249 0.903960 0.697355 0.665712 0.848341 0.672169 0.885453 0.876485 0.929229 0.856736 0.944592 0.857710 0.874751 0.922419 0.780784 0.723575 0.941935 0.992973 0.835714 0.731964 0.803505 0.935603 0.996486 0.846648 0.934143 0.869839 0.958413 0.978480 0.988596 0.852883 0.952660 0.925149 0.997822 0.905905 0.990014 0.969079 0.995202 0.898891 0.954166 0.966537 0.907802 0.987728 0.794956 0.620590 0.809392 0.768208 0.769051 0.641333 0.711232 0.577522 0.981358 0.909956 0.993166 0.911973 0.976596 0.864671 0.902611 0.915647 0.880483 0.891626 0.977780 0.894196 0.786299 0.815889 0.783149 0.914478 0.709294 0.790971 0.974804 0.851479 0.973484 0.951082 0.978319 0.897210 0.996519 0.909853 0.925227 0.833705 0.939284 0.779060 0.822660 0.834965 0.913439 0.895992 0.906268 0.945988 0.889928 0.979692 0.938882 0.898726 0.925502 0.986316 0.854939 0.988369 0.898757 0.998766 0.947678 0.961763 0.978931 0.986865 0.978010 0.901180
0.712039 0.694945 0.701281 0.950847 0.785984 0.962786 0.601131 0.813120 0.742906 0.911209 0.835403 0.800305 0.000000 0.646856 0.569063 0.666667 0.789765 0.781673 0.748469 0.722441 0.991576 0.895163 0.742514 0.955382 0.846878 0.968463 0.843316 0.946120 0.825815 0.816656 0.837215 0.915630 0.717125 0.790356 0.803344 0.993674 0.838059 0.840217 0.928883 0.995718 0.993535 0.902987 0.917103 0.870004 0.984236 0.872231 0.790744 0.783587 0.986192 0.777331 0.916175 0.807929 0.896072 0.907957 0.832295 0.929388 0.762780 0.680530 0.767194 0.825656 0.458867 0.706287 0.721448 0.778784 0.770535 0.933819 0.951829 0.979988 0.853254 0.980370 0.947243 0.908346 0.998219 0.920349 0.974832 0.811871 0.920684 0.936616 0.840538 0.908875 0.673942 0.666882 0.837769 0.781737 0.592210 0.892867 0.952976 0.829381 0.797088 0.953088 0.983064 0.946817 0.930761 0.933849 0.979940 0.904051 0.950451 0.844704 0.830450 0.898466 0.961561 0.963080 0.917857 0.786958 0.928733 0.958674 0.949736 0.819158 0.983181 0.961806 0.964343 0.916397 0.972022 0.966935 0.779750 0.972531
0.820065 0.752830 0.990230 0.992698 0.986569 0.848022 0.918685 0.914552 0.872710 0.881432 0.992793 0.717495 0.646856 0.000000 0.595991 0.562636 0.806782 0.730693 0.956656 0.790476 0.912629 0.914975 0.972814 0.978589 0.852752 0.926809 0.901126 0.993743 0.815633 0.668408 0.830228 0.751375 0.774834 0.763722 0.795408 0.987660 0.969926 0.978275 0.936236 0.794308 0.969550 0.891321 0.827520 0.698960 0.886760 0.770022 0.774256 0.675045 0.999153 0.891868 0.973035 0.887584 0.966058 0.874604 0.918299 0.890710 0.932914 0.823276 0.946033 0.904207 0.748292 0.739735 0.832514 0.778780 0.911845 0.897283 0.993099 0.949980 0.815315 0.858561 0.988843 0.874981 0.870634 0.861360 0.867941 0.837332 0.975581 0.979090 0.788595 0.823965 0.769122 0.697434 0.768541 0.814938 0.819593 0.854658 0.877678 0.962148 0.973802 0.932535 0.853192 0.803279 0.788100 0.833207 0.943270 0.853871 0.860004 0.777031 0.937409 0.998750 0.847477 0.981905 0.894711 0.838748 0.933977 0.969923 0.994352 0.791679 0.897819 0.968943 0.981856 0.819033 0.963648 0.993586 0.909713 0.959432
0.826319 0.762964 0.982434 0.806372 0.828144 0.946190 0.910363 0.846000 0.812296 0.960545 0.933116 0.909249 0.569063 0.595991 0.000000 0.561544 0.713508 0.680886 0.802546 0.964665 0.970968 0.902332 0.714779 0.947526 0.905066 0.944250 0.893475 0.985345 0.689560 0.618305 0.713947 0.680700 0.698715 0.937276 0.938879 0.910521 0.879678 0.989608 0.899837 0.982697 0.976931 0.920792 0.846124 0.760761 0.699017 0.639109 0.722736 0.683560 0.745927 0.636170 0.917546 0.866554 0.748466 0.681160 0.851273 0.918272 0.660685 0.721657 0.987983 0.830048 0.749730 0.946832 0.709283 0.801151 0.927342 0.894207 0.810563 0.829382 0.977033 0.883710 0.902528 0.928807 0.869765 0.882387 0.936361 0.827113 0.943887 0.917629 0.778900 0.940082 0.714979 0.640689 0.608453 0.639438 0.696215 0.804685 0.625048 0.654092 0.853211 0.942631 0.826755 0.855882 0.759266 0.815079 0.963601 0.966684 0.855750 0.987796 0.989280 0.999087 0.895057 0.898650 0.825340 0.890294 0.851444 0.855171 0.988118 0.731368 0.971628 0.898956 0.918870 0.813931 0.809172 0.877360 0.921240 0.881986
0.845824 0.776814 0.990380 0.993725 0.936249 0.758451 0.969366 0.962115 0.971270 0.800701 0.907094 0.903960 0.666667 0.562636 0.561544 0.000000 0.955715 0.886658 0.965996 0.988412 0.960179 0.925764 0.763350 0.740331 0.788167 0.899535 0.859990 0.860895 0.950435 0.852938 0.752992 0.713767 0.848396 0.913570 0.928642 0.948687 0.818138 0.885475 0.960515 0.872884 0.846271 0.815629 0.945528 0.916499 0.840143 0.770968 0.852316 0.701257 0.901373 0.851961 0.952605 0.975061 0.857837 0.771234 0.941047 0.895031 0.873129 0.823247 0.827573 0.862852 0.885069 0.943372 0.899036 0.979138 0.863022 0.914948 0.926298 0.989794 0.782111 0.977428 0.921121 0.873245 0.980919 0.928346 0.921838 0.929799 0.982051 0.959626 0.831325 0.845175 0.858613 0.712272 0.692746 0.736380 0.689625 0.688765 0.792113 0.766262 0.957078 0.947162 0.946003 0.933730 0.896753 0.944916 0.923462 0.993816 0.737752 0.920682 0.948257 0.956353 0.909982 0.885228 0.761022 0.773539 0.948268 0.960363 0.965043 0.799508 0.991867 0.948311 0.790296 0.869378 0.935863 0.967716 0.911942 0.988160
0.623381 0.644486 0.882335 0.761520 0.732603 0.898507 0.955024 0.918697 0.951925 0.760979 0.695640 0.697355 0.789765 0.806782 0.713508 0.955715 0.000000 0.448091 0.636672 0.765723 0.911277 0.998213 0.936170 0.793916 0.921249 0.858048 0.941988 0.872071 0.490867 0.437024 0.839560 0.975164 0.715089 0.823345 0.953359 0.998526 0.999610 0.794790 0.886502 0.939993 0.943354 0.958376 0.933663 0.702018 0.719249 0.639470 0.799821 0.775901 0.653086 0.694210 0.771248 0.942221 0.769105 0.755456 0.823471 0.982579 0.514518 0.585403 0.870070 0.885145 0.760557 0.877116 0.458772 0.490987 0.876741 0.802566 0.841140 0.838452 0.855006 0.716670 0.967456 0.808296 0.676033 0.694241 0.934972 0.871700 0.959485 0.992730 0.831474 0.869958 0.500668 0.610042 0.743924 0.681515 0.904152 0.988562 0.976196 0.799403 0.906370 0.967147 0.818629 0.770670 0.732505 0.753475 0.884393 0.914209 0.945789 0.893510 0.984142 0.921396 0.899966 0.817223 0.956096 0.988080 0.780554 0.694035 0.985415 0.757760 0.911280 0.913520 0.991034 0.994227 0.872779 0.963340 0.958888 0.867820
0.633050 0.642699 0.924666 0.866840 0.791296 0.885680 0.956106 0.996070 0.955686 0.861933 0.687325 0.665712 0.781673 0.730693 0.680886 0.886658 0.448091 0.000000 0.687967 0.718246 0.990214 0.828766 0.948829 0.820455 0.931260 0.848138 0.902408 0.943906 0.571893 0.457450 0.870469 0.930449 0.693078 0.766411 0.987982 0.984026 0.924979 0.775983 0.988935 0.888609 0.931888 0.909303 0.946541 0.702003 0.814042 0.750784 0.832475 0.820250 0.821674 0.827747 0.905281 0.978442 0.886606 0.845180 0.862271 0.969838 0.494696 0.614540 0.844278 0.976896 0.741770 0.853100 0.480614 0.490499 0.899412 0.888861 0.893468 0.918606 0.885827 0.652361 0.925344 0.919998 0.610291 0.744245 0.966700 0.909171 0.950940 0.973394 0.785147 0.853432 0.506297 0.552072 0.758985 0.692032 0.930857 0.924900 0.870157 0.867657 0.958727 0.979103 0.773905 0.699997 0.701686 0.713146 0.861767 0.913690 0.950025 0.882049 0.936481 0.987011 0.949920 0.791167 0.990852 0.933397 0.881649 0.785209 0.941912 0.782276 0.894813 0.851576 0.973617 0.986631 0.970969 0.981414 0.970464 0.941998
0.600847 0.641628 0.781986 0.947997 0.818363 0.965160 0.651603 0.822488 0.915438 0.710348 0.739942 0.848341 0.748469 0.956656 0.802546 0.965996 0.636672 0.687967 0.000000 0.674148 0.993130 0.960186 0.816792 0.966909 0.928203 0.871255 0.850427 0.995409 0.664822 0.726503 0.755597 0.981794 0.588471 0.669101 0.806691 0.967879 0.810212 0.898173 0.993888 0.973976 0.925839 0.938364 0.794524 0.748409 0.864258 0.730518 0.634290 0.767729 0.791665 0.712200 0.786098 0.762400 0.894741 0.965454 0.802385 0.915816 0.601482 0.652008 0.708630 0.930359 0.671176 0.819935 0.524189 0.689454 0.907550 0.942117 0.813085 0.843462 0.865823 0.889579 0.965518 0.976439 0.901245 0.796212 0.968784 0.978438 0.801900 0.943428 0.917260 0.939431 0.574107 0.640669 0.827507 0.686825 0.733564 0.881673 0.847619 0.834181 0.753117 0.837426 0.845909 0.920313 0.961127 0.972598 0.930764 0.831305 0.835404 0.968576 0.708943 0.831001 0.796775 0.991245 0.831417 0.870127 0.952375 0.958212 0.963805 0.948965 0.787927 0.941655 0.904672 0.947828 0.859471 0.970018 0.884516 0.993049
0.811386 0.817288 0.811259 0.863677 0.863730 0.822018 0.737215 0.701946 0.977469 0.805419 0.730630 0.672169 0.722441 0.790476 0.964665 0.988412 0.765723 0.718246 0.674148 0.000000 0.980076 0.893842 0.909374 0.991843 0.976872 0.847168 0.898954 0.779225 0.844760 0.783393 0.979964 0.969592 0.698796 0.712448 0.824354 0.965387 0.999949 0.818166 0.944809 0.922710 0.973053 0.996660 0.939075 0.827344 0.836095 0.994755 0.974353 0.847393 0.868961 0.942005 0.988453 0.924817 0.796411 0.763194 0.992744 0.981225 0.853659 0.680592 0.695548 0.650269 0.672381 0.632487 0.696260 0.624012 0.990026 0.860919 0.882531 0.830131 0.939486 0.890406 0.999663 0.999330 0.863619 0.978452 0.953536 0.990755 0.813128 0.926904 0.881157 0.829183 0.623671 0.705704 0.967100 0.876640 0.879406 0.950020 0.846140 0.932280 0.943752 0.821585 0.969366 0.908581 0.996097 0.840395 0.862137 0.822589 0.840788 0.850152 0.884362 0.956424 0.854549 0.876642 0.792118 0.968975 0.730776 0.902904 0.926964 0.964706 0.891017 0.834742 0.710167 0.942846 0.894443 0.914146 0.877843 0.955179
0.951696 0.938527 0.825222 0.747499 0.842864 0.780621 0.865549 0.911921 0.956306 0.884165 0.875555 0.885453 0.991576 0.912629 0.970968 0.960179 0.911277 0.990214 0.993130 0.980076 0.000000 0.937454 0.846573 0.823492 0.907102 0.764836 0.980745 0.898484 0.882071 0.884350 0.932265 0.957380 0.900461 0.924219 0.830447 0.957495 0.875369 0.952763 0.834088 0.986529 0.983125 0.885112 0.979321 0.955041 0.886615 0.802664 0.929476 0.962915 0.835263 0.813305 0.948633 0.945380 0.811795 0.862454 0.963954 0.873210 0.957935 0.881776 0.978018 0.935808 0.980016 0.978139 0.991320 0.909359 0.825710 0.776070 0.773146 0.752253 0.869477 0.915806 0.944090 0.928137 0.993457 0.952266 0.996296 0.927196 0.890840 0.865094 0.996971 0.838255 0.981047 0.984268 0.923799 0.916667 0.858152 0.740260 0.893404 0.948058 0.913516 0.953886 0.960162 0.937355 0.949866 0.931994 0.992778 0.873420 0.962937 0.900406 0.977712 0.995535 0.862773 0.926087 0.887642 0.902916 0.767739 0.926124 0.949840 0.964044 0.882997 0.999144 0.920655 0.891615 0.999707 0.923548 0.944618 0.999579
0.935938 0.915370 0.861493 0.852697 0.769113 0.960167 0.949934 0.950720 0.942282 0.959983 0.936990 0.876485 0.895163 0.914975 0.902332 0.925764 0.998213 0.828766 0.960186 0.893842 0.937454 0.000000 0.982563 0.982962 0.840753 0.860945 0.911280 0.818723 0.924369 0.923717 0.993202 0.988216 0.921434 0.937632 0.814297 0.895617 0.898333 0.886731 0.898643 0.980344 0.954769 0.954527 0.749571 0.893007 0.948919 0.963470 0.830627 0.916932 0.925962 0.917339 0.847196 0.884836 0.847667 0.957755 0.901367 0.821505 0.865861 0.922719 0.930112 0.969871 0.952341 0.945379 0.959794 0.895884 0.840399 0.903271 0.851792 0.843926 0.996679 0.888586 0.943529 0.969212 0.832653 0.928097 0.958704 0.915350 0.937059 0.921623 0.955031 0.936594 0.995002 0.972285 0.995212 0.975093 0.980817 0.942512 0.739439 0.865410 0.962748 0.999271 0.887679 0.933398 0.821732 0.779169 0.919669 0.931301 0.916969 0.976901 0.822089 0.954110 0.879584 0.767712 0.940745 0.706997 0.951860 0.873570 0.867021 0.897785 0.985418 0.902914 0.940532 0.912447 0.931526 0.870878 0.960247 0.935285
0.959319 0.877004 0.675508 0.736688 0.819303 0.854291 0.700074 0.823142 0.634086 0.877808 0.933282 0.929229 0.742514 0.972814 0.714779 0.763350 0.936170 0.948829 0.816792 0.909374 0.846573 0.982563 0.000000 0.522758 0.635119 0.732404 0.961954 0.930087 0.890566 0.933987 0.607957 0.805387 0.704971 0.841635 0.780141 0.956100 0.562479 0.809979 0.986203 0.981187 0.989762 0.927343 0.712291 0.833146 0.796761 0.777197 0.710189 0.721733 0.836167 0.668798 0.776697 0.713818 0.859477 0.887135 0.849729 0.806844 0.806091 0.846476 0.925724 0.989421 0.778782 0.947675 0.873286 0.989508 0.656933 0.791133 0.835140 0.795348 0.969003 0.960971 0.973708 0.853474 0.859306 0.860940 0.900266 0.944707 0.956931 0.910207 0.913599 0.993109 0.748071 0.678323 0.683111 0.697315 0.471753 0.602738 0.886977 0.716209 0.824222 0.703307 0.882249 0.868733 0.788210 0.937873 0.991279 0.814763 0.863730 0.864852 0.769780 0.766328 0.702866 0.982337 0.990447 0.923433 0.705161 0.776453 0.945056 0.958238 0.852803 0.944828 0.940924 0.905573 0.978490 0.818140 0.745026 0.955124
0.996018 0.986660 0.719593 0.623971 0.937350 0.826710 0.844408 0.824638 0.969160 0.837367 0.824005 0.856736 0.955382 0.978589 0.947526 0.740331 0.793916 0.820455 0.966909 0.991843 0.823492 0.982962 0.522758 0.000000 0.587263 0.659528 0.719401 0.865538 0.714590 0.761472 0.772989 0.788149 0.910808 0.869803 0.867634 0.838064 0.663646 0.732224 0.834342 0.864670 0.948135 0.846841 0.829688 0.921632 0.973522 0.930225 0.766251 0.769150 0.978197 0.890252 0.831007 0.859746 0.974412 0.978947 0.816002 0.804349 0.959359 0.898545 0.919425 0.973864 0.972310 0.997347 0.917105 0.762624 0.618937 0.625881 0.685666 0.643911 0.810208 0.834371 0.862924 0.723270 0.725184 0.747183 0.987351 0.838105 0.939914 0.918465 0.955803 0.914104 0.898593 0.828895 0.853490 0.911609 0.571650 0.518550 0.975052 0.787777 0.987272 0.784615 0.774862 0.781300 0.738629 0.737320 0.909835 0.928559 0.931433 0.903308 0.890791 0.917029 0.669973 0.946671 0.971017 0.919433 0.690619 0.717876 0.998931 0.886357 0.875352 0.954650 0.919517 0.961978 0.941723 0.964749 0.833003 0.714691
0.866023 0.766672 0.569592 0.559506 0.889536 0.830766 0.668919 0.672219 0.933767 0.887037 0.884328 0.944592 0.846878 0.852752 0.905066 0.788167 0.921249 0.931260 0.928203 0.976872 0.907102 0.840753 0.635119 0.587263 0.000000 0.618407 0.771814 0.806512 0.845730 0.879300 0.687921 0.836059 0.732778 0.737981 0.656315 0.887667 0.700065 0.788009 0.781145 0.821766 0.888977 0.893294 0.539698 0.660468 0.839940 0.812373 0.634820 0.571139 0.936169 0.785698 0.662163 0.683694 0.777848 0.842553 0.885836 0.752019 0.941939 0.990026 0.848330 0.918325 0.772860 0.838306 0.968017 0.820908 0.467869 0.562302 0.590784 0.576231 0.670278 0.920083 0.767777 0.704512 0.867988 0.839865 0.938403 0.924748 0.804032 0.822036 0.873640 0.934375 0.737915 0.766135 0.888599 0.841941 0.552306 0.474519 0.922500 0.963388 0.884279 0.687115 0.713176 0.775080 0.690149 0.646434 0.900125 0.817845 0.982023 0.962189 0.787174 0.795423 0.686626 0.875456 0.974075 0.858756 0.718465 0.792964 0.870091 0.928613 0.932951 0.992476 0.984200 0.931645 0.866406 0.971144 0.746913 0.803250
0.886393 0.882352 0.675955 0.593260 0.878001 0.776516 0.727599 0.783793 0.908199 0.811393 0.994251 0.857710 0.968463 0.926809 0.944250 0.899535 0.858048 0.848138 0.871255 0.847168 0.764836 0.860945 0.732404 0.659528 0.618407 0.000000 0.842713 0.708730 0.798328 0.794911 0.742534 0.952812 0.779320 0.794968 0.819330 0.850027 0.681342 0.880764 0.659856 0.873676 0.854193 0.804066 0.780892 0.876273 0.933403 0.985749 0.742205 0.827411 0.907123 0.986760 0.757070 0.839703 0.825330 0.864660 0.865898 0.795496 0.956362 0.922619 0.969008 0.882797 0.920497 0.950856 0.948586 0.723837 0.583134 0.683986 0.603128 0.647449 0.734325 0.711057 0.695001 0.682906 0.831786 0.920532 0.875063 0.882353 0.862338 0.762801 0.955912 0.986200 0.961566 0.927428 0.931934 0.928250 0.688605 0.528781 0.814803 0.969241 0.995840 0.785425 0.714673 0.674434 0.692704 0.650343 0.982189 0.997643 0.955753 0.927429 0.730520 0.800260 0.798078 0.874544 0.841175 0.979205 0.841549 0.810686 0.989517 0.850300 0.918036 0.987711 0.906961 0.983684 0.955957 0.915340 0.746403 0.849403
0.970202 0.968542 0.959475 0.903136 0.986147 0.799270 0.921237 0.962605 0.909762 0.766158 0.837234 0.874751 0.843316 0.901126 0.893475 0.859990 0.941988 0.902408 0.850427 0.898954 0.980745 0.911280 0.961954 0.719401 0.771814 0.842713 0.000000 0.941602 0.763894 0.865230 0.962332 0.906406 0.882574 0.889404 0.929839 0.832171 0.960500 0.917602 0.737004 0.889751 0.801722 0.950973 0.965130 0.993413 0.988760 0.992446 0.925268 0.938297 0.995519 0.997466 0.966911 0.876629 0.987252 0.992413 0.919542 0.874202 0.933421 0.839080 0.835313 0.866178 0.826047 0.969099 0.808512 0.755648 0.910853 0.839651 0.989493 0.927472 0.919202 0.979789 0.861516 0.842378 0.860749 0.882677 0.979620 0.765824 0.946962 0.970872 0.964233 0.825806 0.989678 0.942125 0.984260 0.980255 0.918469 0.747870 0.961950 0.945171 0.789710 0.893507 0.899296 0.896603 0.927843 0.821894 0.867366 0.834530 0.982419 0.887562 0.981184 0.946549 0.893800 0.876268 0.966259 0.998557 0.928521 0.931935 0.981735 0.972245 0.883974 0.969962 0.899345 0.846623 0.980510 0.993987 0.881301 0.824275
0.961983 0.841057 0.909909 0.781336 0.943463 0.816025 0.976341 0.930531 0.944203 0.769445 0.809558 0.922419 0.946120 0.993743 0.985345 0.860895 0.872071 0.943906 0.995409 0.779225 0.898484 0.818723 0.930087 0.865538 0.806512 0.708730 0.941602 0.000000 0.949761 0.847626 0.950034 0.909684 0.958601 0.989221 0.822827 0.932445 0.892793 0.918287 0.908178 0.886838 0.888622 0.974506 0.799740 0.929333 0.865157 0.946749 0.802394 0.864167 0.967324 0.985861 0.905325 0.887918 0.846423 0.880111 0.948261 0.823285 0.978827 0.992970 0.896230 0.909358 0.916157 0.976428 0.948864 0.851256 0.750024 0.817751 0.766518 0.820233 0.824701 0.961159 0.722143 0.711565 0.973469 0.950942 0.906625 0.982351 0.917733 0.887591 0.965007 0.968684 0.953185 0.965318 0.949321 0.994339 0.913983 0.686465 0.981360 0.907800 0.977508 0.834299 0.882888 0.901041 0.849841 0.855793 0.943807 0.957405 0.906218 0.867946 0.841760 0.950677 0.853727 0.812250 0.904688 0.956821 0.974155 0.876943 0.972351 0.910221 0.931705 0.962074 0.908624 0.936374 0.937618 0.950415 0.915981 0.960749
0.727505 0.727180 0.851775 0.682687 0.965158 0.897255 0.956005 0.880214 0.991996 0.651100 0.739704 0.780784 0.825815 0.815633 0.689560 0.950435 0.490867 0.571893 0.664822 0.844760 0.882071 0.924369 0.890566 0.714590 0.845730 0.798328 0.763894 0.949761 0.000000 0.442655 0.772739 0.906041 0.734363 0.794006 0.948542 0.816015 0.998590 0.906095 0.755922 0.919528 0.896681 0.911142 0.866873 0.686851 0.664616 0.591110 0.751330 0.794486 0.632852 0.716715 0.794463 0.943055 0.706358 0.674918 0.920372 0.991180 0.655196 0.735111 0.926757 0.852493 0.844142 0.912598 0.568197 0.559500 0.767432 0.690629 0.858841 0.833753 0.885901 0.705687 0.870656 0.790893 0.605075 0.630336 0.993112 0.829742 0.999400 0.981449 0.938480 0.991160 0.665329 0.787658 0.852066 0.753518 0.911549 0.842476 0.973631 0.857025 0.986306 0.852032 0.743831 0.736149 0.691057 0.685846 0.980133 0.877578 0.958278 0.895528 0.976701 0.938673 0.894123 0.893767 0.877926 0.956093 0.739775 0.705865 0.933769 0.734801 0.974126 0.945212 0.986845 0.863055 0.820081 0.934047 0.967828 0.814292
0.765877 0.786607 0.772265 0.650538 0.801500 0.902527 0.929907 0.799212 0.963736 0.769453 0.734899 0.723575 0.816656 0.668408 0.618305 0.852938 0.437024 0.457450 0.726503 0.783393 0.884350 0.923717 0.933987 0.761472 0.879300 0.794911 0.865230 0.847626 0.442655 0.000000 0.749173 0.828155 0.721804 0.872796 0.962713 0.945528 0.983131 0.866012 0.854549 0.985990 0.908640 0.870164 0.890694 0.689022 0.677230 0.609881 0.838507 0.782356 0.629945 0.727521 0.851100 0.925827 0.783838 0.676461 0.884618 0.958249 0.622068 0.706400 0.981641 0.789987 0.849230 0.975865 0.517108 0.545088 0.740790 0.673863 0.763732 0.739120 0.871869 0.708762 0.902108 0.892323 0.604795 0.666757 0.934665 0.803696 0.907171 0.995324 0.772265 0.799294 0.578547 0.587455 0.661912 0.617892 0.996681 0.966285 0.852730 0.753237 0.999711 0.861695 0.671706 0.667682 0.592648 0.642746 0.891672 0.952417 0.928330 0.890010 0.930193 0.847298 0.805037 0.835904 0.947881 0.992327 0.701303 0.700092 0.928703 0.664566 0.971246 0.985148 0.990911 0.978620 0.922940 0.884063 0.915489 0.823185
0.919481 0.844551 0.874767 0.954990 0.783147 0.843966 0.878023 0.975737 0.847033 0.781241 0.856109 0.941935 0.837215 0.830228 0.713947 0.752992 0.839560 0.870469 0.755597 0.979964 0.932265 0.993202 0.607957 0.772989 0.687921 0.742534 0.962332 0.950034 0.772739 0.749173 0.000000 0.644177 0.613434 0.769398 0.753092 0.943777 0.671380 0.866032 0.980266 0.905352 0.983265 0.981386 0.665067 0.672823 0.558166 0.600265 0.610064 0.573657 0.613451 0.704704 0.662462 0.808039 0.698320 0.634426 0.777394 0.818803 0.757909 0.869192 0.891706 0.820686 0.843698 0.986208 0.742601 0.922909 0.919398 0.989185 0.859890 0.883754 0.826338 0.878998 0.878126 0.884058 0.876656 0.865879 0.970271 0.938424 0.990435 0.900535 0.928277 0.907070 0.703366 0.683513 0.636139 0.622834 0.701795 0.683368 0.948869 0.661206 0.954384 0.931566 0.981096 0.984774 0.983551 0.949368 0.990978 0.882429 0.962225 0.953704 0.774970 0.978505 0.888072 0.958124 0.999876 0.924700 0.984864 0.912642 0.853019 0.902482 0.978905 0.916589 0.984275 0.816612 0.919375 0.908042 0.962740 0.923189
0.977065 0.998537 0.960647 0.998586 0.991193 0.964030 0.928882 0.951362 0.935872 0.996546 0.955797 0.992973 0.915630 0.751375 0.680700 0.713767 0.975164 0.930449 0.981794 0.969592 0.957380 0.988216 0.805387 0.788149 0.836059 0.952812 0.906406 0.909684 0.906041 0.828155 0.644177 0.000000 0.793669 0.878602 0.877834 0.901422 0.907140 0.825811 0.991120 0.723887 0.932861 0.906636 0.793820 0.797699 0.743868 0.780391 0.710781 0.743584 0.873901 0.920242 0.959094 0.959381 0.909637 0.872539 0.822057 0.797101 0.930880 0.971364 0.783123 0.869552 0.936405 0.947967 0.949022 0.975629 0.971737 0.968664 0.909690 0.883915 0.908369 0.986586 0.990422 0.786293 0.993322 0.882242 0.851932 0.921424 0.954366 0.916142 0.872663 0.787730 0.893560 0.784009 0.761020 0.723137 0.871089 0.779627 0.824807 0.760252 0.942537 0.928205 0.913803 0.902735 0.875368 0.989840 0.892339 0.929285 0.960467 0.834713 0.882256 0.948241 0.904350 0.894275 0.969729 0.922208 0.952293 0.977808 0.950342 0.977369 0.944123 0.958512 0.995078 0.780893 0.944345 0.944884 0.923602 0.894801
0.714178 0.574620 0.660687 0.780038 0.844819 0.962237 0.629974 0.734398 0.768150 0.751166 0.840268 0.835714 0.717125 0.774834 0.698715 0.848396 0.715089 0.693078 0.588471 0.698796 0.900461 0.921434 0.704971 0.910808 0.732778 0.779320 0.882574 0.958601 0.734363 0.721804 0.613434 0.793669 0.000000 0.611621 0.680505 0.966697 0.805060 0.973046 0.940076 0.918981 0.980391 0.890756 0.624412 0.528319 0.728778 0.670274 0.613597 0.582466 0.762577 0.696689 0.718761 0.678694 0.737531 0.851304 0.847008 0.957913 0.603129 0.596368 0.694698 0.895574 0.592343 0.785834 0.593231 0.695448 0.762348 0.873792 0.743430 0.759216 0.999494 0.981934 0.909953 0.925584 0.959300 0.953663 0.862448 0.999583 0.812140 0.860876 0.923567 0.884047 0.530540 0.616035 0.728632 0.624421 0.675116 0.750296 0.937682 0.875206 0.830773 0.776909 0.946297 0.974581 0.923615 0.979648 0.835449 0.800787 0.922223 0.981042 0.671402 0.797184 0.784218 0.962900 0.916348 0.890480 0.811245 0.958850 0.833561 0.919613 0.906878 0.891212 0.891847 0.940401 0.904278 0.975640 0.703622 0.949090
0.663646 0.652561 0.664942 0.670376 0.957327 0.907468 0.646184 0.554810 0.991704 0.823179 0.666680 0.731964 0.790356 0.763722 0.937276 0.913570 0.823345 0.766411 0.669101 0.712448 0.924219 0.937632 0.841635 0.869803 0.737981 0.794968 0.889404 0.989221 0.794006 0.872796 0.769398 0.878602 0.611621 0.000000 0.681550 0.924437 0.833111 0.988495 0.918187 0.707825 0.966625 0.930770 0.696728 0.624137 0.939178 0.822420 0.665311 0.650379 0.980346 0.875872 0.771695 0.724628 0.928632 0.961950 0.952633 0.824719 0.802973 0.768507 0.689176 0.715295 0.691468 0.640195 0.739149 0.718270 0.750307 0.699822 0.613008 0.587585 0.887239 0.917069 0.917669 0.864193 0.880184 0.838226 0.968799 0.999893 0.793782 0.761266 0.920415 0.934888 0.648954 0.749793 0.991959 0.838570 0.764274 0.806021 0.832639 0.922469 0.877426 0.736930 0.912128 0.993877 0.886611 0.921276 0.914157 0.681628 0.841044 0.865844 0.639463 0.729528 0.724015 0.991043 0.810495 0.904248 0.752378 0.923796 0.938228 0.960517 0.808251 0.868687 0.910108 0.872020 0.908111 0.891914 0.718818 0.908103
0.845475 0.785977 0.679510 0.663818 0.997387 0.866265 0.715122 0.686602 0.937826 0.915965 0.919081 0.803505 0.803344 0.795408 0.938879 0.928642 0.953359 0.987982 0.806691 0.824354 0.830447 0.814297 0.780141 0.867634 0.656315 0.819330 0.929839 0.822827 0.948542 0.962713 0.753092 0.877834 0.680505 0.681550 0.000000 0.885497 0.685422 0.889902 0.905505 0.854380 0.983901 0.858493 0.643432 0.710824 0.859427 0.815366 0.697223 0.687272 0.934655 0.789328 0.710821 0.604465 0.858951 0.936529 0.805694 0.722713 0.928013 0.830284 0.786171 0.788626 0.736066 0.709598 0.887844 0.903861 0.700365 0.733147 0.692878 0.644015 0.846107 0.964714 0.795541 0.777992 0.920797 0.967719 0.959035 0.988184 0.781859 0.716844 0.805840 0.936562 0.781339 0.853458 0.891723 0.832996 0.737740 0.778240 0.875630 0.987067 0.888499 0.763781 0.812595 0.893941 0.740483 0.849128 0.832299 0.749485 0.907115 0.973101 0.682814 0.875022 0.861886 0.731527 0.853110 0.850821 0.771499 0.836726 0.852798 0.972212 0.877395 0.908025 0.948234 0.812196 0.893591 0.974037 0.860954 0.950584
0.991302 0.933319 0.892605 0.837702 0.858146 0.896322 0.990435 0.895459 0.949853 0.876643 0.860652 0.935603 0.993674 0.987660 0.910521 0.948687 0.998526 0.984026 0.967879 0.965387 0.957495 0.895617 0.956100 0.838064 0.887667 0.850027 0.832171 0.932445 0.816015 0.945528 0.943777 0.901422 0.966697 0.924437 0.885497 0.000000 0.750944 0.998648 0.898573 0.836957 0.947122 0.881997 0.971459 0.960689 0.975029 0.987410 0.950184 0.999984 0.991931 0.991617 0.945551 0.978378 0.930786 0.891476 0.812023 0.873791 0.951284 0.959331 0.909736 0.987194 0.992106 0.909653 0.924686 0.877676 0.862935 0.893426 0.979788 0.900445 0.883104 0.930797 0.759839 0.881985 0.966983 0.948557 0.854757 0.987740 0.995201 0.802856 0.990692 0.911516 0.998787 0.951122 0.971173 0.998461 0.932084 0.845032 0.981149 0.947075 0.919696 0.775389 0.932316 0.972567 0.868728 0.913265 0.853217 0.893331 0.897578 0.898668 0.948637 0.998214 0.957847 0.865553 0.918480 0.936879 0.937599 0.992458 0.944586 0.990703 0.959967 0.973844 0.910978 0.900800 0.978762 0.992229 0.914356 0.857187
0.932837 0.858892 0.782303 0.775358 0.825349 0.722926 0.846650 0.867846 0.820917 0.963527 0.956478 0.996486 0.838059 0.969926 0.879678 0.818138 0.999610 0.924979 0.810212 0.999949 0.875369 0.898333 0.562479 0.663646 0.700065 0.681342 0.960500 0.892793 0.998590 0.983131 0.671380 0.907140 0.805060 0.833111 0.685422 0.750944 0.000000 0.714873 0.930430 0.998364 0.989529 0.828062 0.723819 0.818068 0.769808 0.755355 0.723920 0.713650 0.766661 0.691763 0.695702 0.683264 0.734800 0.705991 0.776310 0.743133 0.894168 0.883029 0.969659 0.908797 0.870263 0.975975 0.940807 0.942132 0.721641 0.880546 0.828297 0.765217 0.820255 0.880369 0.747904 0.782327 0.842883 0.974860 0.912422 0.943239 0.940560 0.732579 0.918331 0.974177 0.893770 0.849620 0.844543 0.786426 0.723466 0.724526 0.996767 0.857338 0.951115 0.842537 0.822236 0.863464 0.700659 0.879455 0.974357 0.967515 0.912947 0.902825 0.703210 0.798028 0.843650 0.858504 0.922596 0.990705 0.847743 0.823729 0.812108 0.980513 0.907131 0.959228 0.941495 0.834030 0.950917 0.827991 0.698477 0.970777
0.719878 0.941649 0.951893 0.847875 0.879468 0.993433 0.928886 0.991313 0.999446 0.948498 0.778879 0.846648 0.840217 0.978275 0.989608 0.885475 0.794790 0.775983 0.898173 0.818166 0.952763 0.886731 0.809979 0.732224 0.788009 0.880764 0.917602 0.918287 0.906095 0.866012 0.866032 0.825811 0.973046 0.988495 0.889902 0.998648 0.714873 0.000000 0.961288 0.973300 0.990965 0.824776 0.683218 0.762198 0.721733 0.709664 0.745523 0.743701 0.829940 0.819072 0.755930 0.774778 0.803437 0.797086 0.938941 0.851426 0.780860 0.757858 0.838402 0.833296 0.809567 0.895050 0.802975 0.755075 0.859791 0.917569 0.793517 0.785264 0.795956 0.978934 0.895342 0.726917 0.861533 0.939332 0.951768 0.929430 0.905214 0.954868 0.908273 0.937778 0.880404 0.922946 0.929829 0.908880 0.990031 0.868839 0.998277 0.931638 0.888674 0.964397 0.901122 0.833750 0.799921 0.808800 0.819631 0.899169 0.946507 0.860654 0.853187 0.929344 0.831157 0.877261 0.931817 0.875533 0.906634 0.822291 0.856000 0.998818 0.905243 0.921518 0.989423 0.904845 0.987554 0.845327 0.882055 0.887028
