0.000000 0.224887 0.790741 0.469996 0.779799 0.649504 0.677490 0.561427 0.854390 0.747873 0.316186 0.313785 0.353178 0.394611 0.552593 0.434062 0.273074 0.307881 0.370615 0.337627 0.776471 0.855605 0.750790 0.731884 0.860043 0.996583 0.923047 0.991297 0.397004 0.430784 0.960611 0.907357 0.454149 0.485264 0.856530 0.673620 0.725101 0.692742 0.702375 0.667794 0.731566 0.768670 0.691749 0.656962 0.686115 0.588852 0.357185 0.368701 0.376409 0.410255 0.659283 0.570784 0.937805 0.728402 0.472001 0.418141 0.254519 0.219225 0.268775 0.315819 0.326203 0.406644 0.257187 0.275107 0.570464 0.346572 0.843598 0.797360 0.446653 0.423668 0.798231 0.830291 0.755328 0.659176 0.741792 0.837026 0.649101 0.730033 0.382888 0.485255 0.249591 0.271120 0.525138 0.358655 0.438817 0.495993 0.878679 0.925596 0.578678 0.404834 0.978049 0.927009 0.950769 0.905326 0.735673 0.740162 0.766248 0.849561 0.590794 0.664665 0.987980 0.989852 0.779199 0.797296 0.559119 0.604027 0.894310 0.979858 0.854154 0.921664 0.975701 0.532452 0.704360 0.957729 0.763424 0.977871
0.224887 0.000000 0.715311 0.411003 0.833241 0.633947 0.608519 0.529840 0.759988 0.723712 0.307254 0.317611 0.377322 0.366324 0.566879 0.356349 0.261218 0.269757 0.360073 0.290482 0.691490 0.993767 0.705240 0.648374 0.844557 0.924881 0.924913 0.915276 0.320443 0.366066 0.803804 0.717206 0.377944 0.400971 0.927933 0.679478 0.654552 0.660511 0.680868 0.662454 0.804391 0.679627 0.539616 0.507847 0.585727 0.501603 0.356843 0.351642 0.326416 0.360120 0.497410 0.455782 0.788209 0.849189 0.539162 0.429758 0.218411 0.186340 0.314605 0.357451 0.305461 0.413976 0.264002 0.267054 0.546587 0.379561 0.786031 0.690205 0.490265 0.427924 0.678169 0.701854 0.662706 0.549914 0.774002 0.836432 0.590104 0.627178 0.355845 0.409639 0.287258 0.333298 0.472979 0.398962 0.498961 0.503076 0.986259 0.923480 0.633461 0.447039 0.980565 0.990169 0.906222 0.925115 0.719490 0.741787 0.827511 0.857572 0.565722 0.597468 0.958064 0.979011 0.726556 0.755523 0.568492 0.554569 0.907549 0.973332 0.817514 0.984972 0.950721 0.510257 0.671000 0.879239 0.757974 0.934865
0.790741 0.715311 0.000000 0.429906 0.627791 0.887178 0.555752 0.693305 0.671449 0.771589 0.854847 0.850610 0.612048 0.752405 0.617388 0.605322 0.876489 0.792296 0.618420 0.651036 0.614931 0.828502 0.481463 0.620875 0.560325 0.522246 0.945106 0.932441 0.704911 0.766890 0.608778 0.692000 0.572574 0.661931 0.710160 0.868489 0.569100 0.807224 0.587020 0.797995 0.896183 0.759490 0.625080 0.655580 0.695622 0.693510 0.676728 0.637037 0.778591 0.731652 0.705386 0.735738 0.726826 0.870438 0.750707 0.912677 0.784092 0.708176 0.816967 0.705587 0.545836 0.789475 0.799725 0.801206 0.477606 0.629217 0.607813 0.693611 0.793782 0.652475 0.757259 0.748250 0.734144 0.737204 0.976469 0.750787 0.611967 0.647093 0.780883 0.760705 0.874606 0.853612 0.850567 0.914496 0.825082 0.857635 0.931132 0.851411 0.884166 0.783438 0.670515 0.682837 0.712842 0.718054 0.945587 0.762225 0.818583 0.816886 0.731188 0.637466 0.825084 0.745866 0.855557 0.819342 0.732354 0.729918 0.821122 0.727741 0.907787 0.947870 0.788286 0.738359 0.641698 0.782795 0.777754 0.876468
0.469996 0.411003 0.429906 0.000000 0.715023 0.599828 0.478208 0.355182 0.619815 0.575686 0.534905 0.388070 0.409737 0.376192 0.580872 0.381453 0.534400 0.481184 0.456778 0.376220 0.584284 0.978589 0.552893 0.526906 0.782183 0.672800 0.987501 0.906758 0.459423 0.472399 0.653784 0.744160 0.435611 0.449271 0.783903 0.738198 0.596426 0.739292 0.667252 0.780979 0.869757 0.838149 0.541790 0.566518 0.568882 0.550997 0.472634 0.459727 0.538629 0.498119 0.539689 0.534004 0.661133 0.876349 0.602956 0.670558 0.531035 0.422911 0.552648 0.477993 0.315532 0.378488 0.418325 0.386703 0.542827 0.310695 0.596553 0.631201 0.673253 0.446299 0.631937 0.702427 0.741619 0.681012 0.845301 0.615098 0.543168 0.607543 0.530117 0.549325 0.586549 0.534233 0.737412 0.729540 0.740307 0.728565 0.889854 0.834755 0.760481 0.618106 0.636627 0.754643 0.632635 0.785068 0.680579 0.623752 0.709988 0.822163 0.526480 0.521631 0.664901 0.736043 0.707264 0.686358 0.583087 0.561748 0.957531 0.877386 0.771166 0.926193 0.815540 0.568955 0.639136 0.785904 0.650910 0.884137
0.779799 0.833241 0.627791 0.715023 0.000000 0.805432 0.803451 0.800823 0.915355 0.926662 0.923495 0.856204 0.589957 0.793444 0.589669 0.637661 0.935518 0.891848 0.807245 0.914607 0.890870 0.943889 0.551391 0.581874 0.689113 0.873728 0.701398 0.982073 0.899523 0.850730 0.908817 0.926414 0.741481 0.953097 0.933270 0.872859 0.956912 0.939801 0.934267 0.782037 0.758026 0.881737 0.827048 0.861464 0.883566 0.826273 0.719987 0.731665 0.662333 0.751902 0.839626 0.801772 0.836755 0.896630 0.688299 0.823125 0.930661 0.801227 0.840400 0.720458 0.678517 0.775662 0.832003 0.807719 0.553350 0.642069 0.924301 0.947434 0.811522 0.679502 0.871982 0.825767 0.820582 0.982888 0.814595 0.886204 0.910659 0.848783 0.954407 0.767192 0.841060 0.775196 0.848279 0.773070 0.600151 0.673603 0.661326 0.881986 0.640553 0.709607 0.968804 0.940321 0.995502 0.994423 0.920279 0.957235 0.873207 0.918395 0.916128 0.860098 0.849618 0.938078 0.994057 0.972903 0.870505 0.909670 0.795012 0.993567 0.970764 0.966532 0.835907 0.975741 0.717352 0.959976 0.986863 0.890780
0.649504 0.633947 0.887178 0.599828 0.805432 0.000000 0.601778 0.544098 0.750848 0.663112 0.719462 0.583964 0.781511 0.643373 0.883635 0.561162 0.632604 0.601009 0.637502 0.585239 0.808873 0.939236 0.797009 0.783000 0.892408 0.960950 0.821476 0.974544 0.664578 0.612086 0.760475 0.758472 0.585210 0.621371 0.991689 0.708718 0.891494 0.950048 0.933797 0.901546 0.727050 0.970299 0.656909 0.688013 0.687848 0.686399 0.776357 0.703455 0.694302 0.671211 0.691678 0.653764 0.663555 0.837951 0.790754 0.776092 0.685017 0.742892 0.772892 0.733535 0.650303 0.636964 0.648562 0.550471 0.947980 0.651203 0.808129 0.705377 0.946536 0.857618 0.729709 0.804767 0.729643 0.813970 0.992707 0.873012 0.836626 0.634985 0.779561 0.704895 0.756942 0.758928 0.906535 0.883382 0.927375 0.965168 0.921785 0.855039 0.947414 0.829003 0.723599 0.876902 0.785399 0.833526 0.768818 0.788519 0.955712 0.753086 0.577016 0.699162 0.726430 0.823330 0.837460 0.751062 0.755870 0.889255 0.960071 0.903081 0.838775 0.940640 0.750418 0.687545 0.810967 0.753635 0.878571 0.916836
0.677490 0.608519 0.555752 0.478208 0.803451 0.601778 0.000000 0.312651 0.409260 0.377977 0.625922 0.605831 0.785738 0.716032 0.831774 0.519499 0.551706 0.469152 0.367849 0.488016 0.703028 0.926978 0.576518 0.772819 0.909735 0.927509 0.634243 0.858009 0.422430 0.357869 0.363458 0.430055 0.335124 0.271924 0.764299 0.970172 0.896993 0.886397 0.842962 0.946275 0.885641 0.866246 0.285548 0.371889 0.248827 0.359029 0.682093 0.534678 0.596065 0.623497 0.503288 0.524855 0.457409 0.569640 0.819253 0.837972 0.584540 0.713485 0.680773 0.833700 0.381169 0.615663 0.491660 0.472576 0.868229 0.698890 0.280130 0.317738 0.999419 0.817138 0.473811 0.438682 0.431499 0.393696 0.996063 0.692972 0.494877 0.440428 0.646236 0.628830 0.788445 0.852433 0.845605 0.979671 0.986506 0.914517 0.923600 0.827258 0.878715 0.926649 0.452714 0.581998 0.584304 0.723897 0.712791 0.586264 0.574959 0.638777 0.281716 0.256913 0.502849 0.515573 0.509375 0.614663 0.470779 0.652195 0.675472 0.748681 0.647893 0.877737 0.621409 0.416758 0.330163 0.691835 0.653316 0.920540
0.561427 0.529840 0.693305 0.355182 0.800823 0.544098 0.312651 0.000000 0.452704 0.274164 0.489357 0.328231 0.642091 0.459134 0.878978 0.557086 0.542494 0.471567 0.477337 0.442475 0.849893 0.920217 0.769653 0.842548 0.814348 0.978507 0.641672 0.888528 0.400815 0.377489 0.641623 0.695328 0.470658 0.354412 0.807828 0.826296 0.880103 0.873969 0.888657 0.972727 0.879943 0.968088 0.451795 0.511055 0.350033 0.366710 0.587531 0.476085 0.478760 0.502208 0.464830 0.463041 0.497652 0.665011 0.682163 0.652539 0.638583 0.620979 0.564832 0.604996 0.302059 0.276587 0.380061 0.288323 0.884051 0.452298 0.457394 0.419392 0.916957 0.633662 0.606570 0.624991 0.628419 0.587044 0.868329 0.671192 0.520797 0.600525 0.581804 0.665396 0.683991 0.714643 0.904199 0.885482 0.971242 0.964241 0.916234 0.823626 0.933036 0.736434 0.521375 0.713316 0.577523 0.797705 0.734878 0.678863 0.619185 0.699753 0.359224 0.384953 0.476678 0.668039 0.594447 0.676603 0.496117 0.621870 0.838076 0.904558 0.703617 0.830500 0.703478 0.485736 0.487448 0.755598 0.682237 0.898139
0.854390 0.759988 0.671449 0.619815 0.915355 0.750848 0.409260 0.452704 0.000000 0.369414 0.651577 0.635137 0.877826 0.828723 0.913060 0.659354 0.708104 0.587143 0.651305 0.597150 0.742724 0.851243 0.830166 0.998205 0.822055 0.817211 0.744252 0.844494 0.473570 0.555194 0.490853 0.605009 0.594665 0.469216 0.818677 0.947698 0.757968 0.873518 0.762821 0.861423 0.769130 0.846757 0.491446 0.573802 0.519006 0.645764 0.966279 0.777466 0.791041 0.843391 0.725116 0.776914 0.591910 0.666650 0.989077 0.940473 0.694815 0.848050 0.959855 0.937809 0.623527 0.646367 0.645709 0.613729 0.922552 0.792017 0.499434 0.599064 0.912383 0.765931 0.442995 0.475011 0.521329 0.542818 0.974368 0.714404 0.592326 0.607875 0.725346 0.692933 0.940723 0.946221 0.940018 0.930465 0.840935 0.776013 0.833686 0.771930 0.788793 0.934712 0.453099 0.509595 0.585183 0.548655 0.676101 0.787320 0.802890 0.697532 0.506722 0.481136 0.535363 0.617708 0.634035 0.785010 0.649385 0.835492 0.801026 0.806682 0.830562 0.993888 0.729803 0.620081 0.672563 0.777934 0.781728 0.831592
0.747873 0.723712 0.771589 0.575686 0.926662 0.663112 0.377977 0.274164 0.369414 0.000000 0.603638 0.515765 0.896454 0.742627 0.991091 0.692751 0.614214 0.511863 0.561004 0.530299 0.885016 0.923018 0.912039 0.911870 0.750628 0.977754 0.636710 0.816800 0.433797 0.452149 0.544074 0.664491 0.582858 0.403141 0.767819 0.996746 0.872968 0.844419 0.933354 0.954689 0.906572 0.930503 0.513872 0.575169 0.429807 0.530047 0.865480 0.703176 0.697069 0.791147 0.681298 0.713962 0.625448 0.675439 0.928140 0.871554 0.724408 0.839379 0.806847 0.949887 0.546556 0.497654 0.531267 0.447409 0.938999 0.733773 0.473715 0.517194 0.932074 0.782638 0.459251 0.466968 0.591276 0.494914 0.966592 0.725827 0.630358 0.595717 0.654142 0.736981 0.818778 0.947435 0.956271 0.884412 0.797777 0.714517 0.787798 0.689064 0.877228 0.956476 0.404131 0.532689 0.505187 0.608285 0.777412 0.735992 0.677563 0.681212 0.351399 0.420960 0.477473 0.571814 0.587137 0.719309 0.610815 0.757631 0.877405 0.915119 0.759246 0.907717 0.584673 0.521959 0.551428 0.847649 0.784182 0.823480
0.316186 0.307254 0.854847 0.534905 0.923495 0.719462 0.625922 0.489357 0.651577 0.603638 0.000000 0.282391 0.493169 0.395081 0.664454 0.500986 0.306792 0.293851 0.405453 0.376517 0.789369 0.835739 0.921410 0.865129 0.914897 0.941429 0.966522 0.940436 0.316596 0.333017 0.853579 0.830895 0.483942 0.444836 0.925334 0.667767 0.701212 0.609028 0.646836 0.628225 0.772817 0.781571 0.593614 0.584338 0.649225 0.585089 0.508295 0.533667 0.454722 0.560479 0.621348 0.611397 0.871233 0.877918 0.628218 0.575421 0.316394 0.327389 0.415441 0.521542 0.382625 0.383147 0.294698 0.265396 0.771407 0.443729 0.831915 0.722714 0.626308 0.523767 0.704014 0.709026 0.602632 0.583145 0.756422 0.711118 0.559146 0.745197 0.357038 0.518884 0.345052 0.377509 0.645543 0.493535 0.678285 0.681358 0.899961 0.909404 0.743521 0.528440 0.962674 0.968132 0.975507 0.969842 0.689575 0.756371 0.838980 0.864380 0.601430 0.729801 0.901040 0.963526 0.690247 0.824434 0.620701 0.705173 0.797793 0.886057 0.800876 0.900528 0.964300 0.577503 0.616876 0.988545 0.736400 0.822645
0.313785 0.317611 0.850610 0.388070 0.856204 0.583964 0.605831 0.328231 0.635137 0.515765 0.282391 0.000000 0.409046 0.273430 0.663090 0.427120 0.372504 0.347808 0.464420 0.370421 0.791519 0.846714 0.857010 0.773287 0.910887 0.938349 0.914603 0.972543 0.349028 0.380523 0.905658 0.896199 0.495715 0.453509 0.945934 0.709409 0.800659 0.751605 0.770454 0.749419 0.844319 0.876327 0.652885 0.629636 0.620023 0.528874 0.446717 0.448571 0.414094 0.417976 0.541585 0.489829 0.733124 0.991514 0.565986 0.518157 0.416576 0.340729 0.416875 0.420266 0.311804 0.192673 0.261832 0.206297 0.751787 0.277481 0.809830 0.682327 0.628904 0.457139 0.742941 0.766237 0.732138 0.671772 0.756979 0.742763 0.610201 0.731192 0.426529 0.556185 0.380685 0.394394 0.675039 0.504200 0.678741 0.689790 0.952597 0.993950 0.669105 0.558985 0.815856 0.957558 0.815765 0.994518 0.715204 0.758241 0.778430 0.797603 0.567396 0.650848 0.759102 0.939548 0.757279 0.780014 0.529491 0.635186 0.866950 0.919914 0.806708 0.898772 0.930743 0.545448 0.706967 0.963649 0.753842 0.863140
0.353178 0.377322 0.612048 0.409737 0.589957 0.781511 0.785738 0.642091 0.877826 0.896454 0.493169 0.409046 0.000000 0.331826 0.301796 0.336051 0.558984 0.582474 0.528909 0.509427 0.754676 0.968518 0.464484 0.456298 0.724958 0.885211 0.680060 0.780775 0.573865 0.636396 0.937581 0.940633 0.561088 0.662587 0.986823 0.726782 0.675255 0.801138 0.691535 0.629872 0.851032 0.794772 0.801291 0.809015 0.840369 0.713429 0.397287 0.423229 0.429759 0.466259 0.673878 0.598648 0.897239 0.782637 0.559685 0.547578 0.538538 0.318715 0.435564 0.300794 0.357773 0.404364 0.487379 0.485250 0.315590 0.230185 0.964245 0.930125 0.526739 0.345416 0.984878 0.960126 0.959539 0.882204 0.682195 0.771520 0.717125 0.847794 0.597595 0.540866 0.478095 0.347981 0.531490 0.411974 0.358837 0.383581 0.857241 0.836700 0.462027 0.454633 0.991237 0.898242 0.987144 0.942747 0.778968 0.801441 0.890231 0.933932 0.786794 0.811812 0.907483 0.965640 0.986108 0.998376 0.743583 0.698214 0.888137 0.973319 0.871153 0.963081 0.971970 0.747307 0.824020 0.968063 0.717700 0.850689
0.394611 0.366324 0.752405 0.376192 0.793444 0.643373 0.716032 0.459134 0.828723 0.742627 0.395081 0.273430 0.331826 0.000000 0.519364 0.386506 0.485022 0.462530 0.486655 0.453099 0.831945 0.921752 0.671447 0.534896 0.980813 0.995256 0.985548 0.868927 0.461635 0.452877 0.972355 0.889204 0.510731 0.583070 0.935234 0.648745 0.749447 0.774943 0.795153 0.699679 0.848029 0.960764 0.703477 0.645257 0.705354 0.563970 0.448190 0.481964 0.452262 0.388025 0.505708 0.464920 0.725275 0.993042 0.528838 0.501327 0.530828 0.343363 0.443860 0.368202 0.364574 0.309900 0.412790 0.339075 0.641536 0.270232 0.954907 0.823968 0.704646 0.526413 0.911578 0.874216 0.898997 0.828835 0.804504 0.730331 0.662001 0.857575 0.464622 0.536596 0.463883 0.365037 0.590655 0.448268 0.638289 0.580062 0.929022 0.876928 0.588089 0.488296 0.960505 0.846608 0.960300 0.870063 0.777968 0.813278 0.855105 0.961365 0.727642 0.808132 0.889118 0.983273 0.856851 0.875637 0.727005 0.693439 0.905239 0.938154 0.841048 0.915536 0.968812 0.732988 0.799374 0.935722 0.681494 0.884912
0.552593 0.566879 0.617388 0.580872 0.589669 0.883635 0.831774 0.878978 0.913060 0.991091 0.664454 0.663090 0.301796 0.519364 0.000000 0.309317 0.659388 0.642765 0.557020 0.607831 0.660713 0.913758 0.338114 0.384003 0.630397 0.770152 0.585444 0.761668 0.689653 0.690017 0.905941 0.935526 0.596199 0.776854 0.988146 0.831739 0.696388 0.830428 0.743898 0.658758 0.828819 0.818682 0.845613 0.837280 0.963138 0.909994 0.638531 0.639655 0.688500 0.717061 0.875230 0.828582 0.991933 0.762211 0.710364 0.805058 0.598531 0.464676 0.666181 0.599128 0.575627 0.721316 0.680558 0.713653 0.351792 0.455599 0.980357 0.948907 0.508560 0.522388 0.962925 0.934538 0.941297 0.868176 0.792186 0.768902 0.841379 0.869571 0.757965 0.532479 0.599153 0.505744 0.547107 0.561483 0.442900 0.431421 0.862727 0.811448 0.561375 0.637084 0.993835 0.926054 0.976384 0.971158 0.746168 0.818967 0.931887 0.982898 0.859816 0.872099 0.793505 0.950420 0.960152 0.995125 0.854887 0.877424 0.981196 0.967695 0.872501 0.902171 0.924069 0.869178 0.836888 0.975213 0.740361 0.860861
0.434062 0.356349 0.605322 0.381453 0.637661 0.561162 0.519499 0.557086 0.659354 0.692751 0.500986 0.427120 0.336051 0.386506 0.309317 0.000000 0.434517 0.417676 0.361960 0.373625 0.641370 0.926969 0.357009 0.395964 0.847719 0.840368 0.829030 0.870382 0.446199 0.437176 0.674091 0.733886 0.372230 0.477292 0.991881 0.723014 0.654915 0.756284 0.752714 0.692135 0.727789 0.773625 0.556157 0.560805 0.650473 0.615329 0.546105 0.491662 0.492128 0.527293 0.608957 0.559913 0.695733 0.971503 0.702967 0.746642 0.415897 0.375687 0.590494 0.576034 0.401036 0.518194 0.458350 0.447577 0.469541 0.376330 0.778468 0.775333 0.573837 0.521241 0.695929 0.650705 0.755427 0.633923 0.817692 0.749286 0.664979 0.637919 0.560729 0.459133 0.528563 0.515038 0.549988 0.606807 0.577081 0.594208 0.984379 0.964107 0.663637 0.658239 0.739239 0.856932 0.809284 0.890135 0.643185 0.702410 0.900222 0.811363 0.590014 0.572917 0.917318 0.849681 0.823689 0.848224 0.679559 0.761636 0.916880 0.970242 0.762035 0.918626 0.855537 0.567872 0.652170 0.912163 0.730954 0.871789
0.273074 0.261218 0.876489 0.534400 0.935518 0.632604 0.551706 0.542494 0.708104 0.614214 0.306792 0.372504 0.558984 0.485022 0.659388 0.434517 0.000000 0.189024 0.339526 0.312343 0.702829 0.987661 0.824639 0.792345 0.949760 0.973766 0.925066 0.972010 0.301180 0.269574 0.716093 0.657459 0.423182 0.380574 0.840816 0.714310 0.747345 0.737498 0.851851 0.723387 0.772126 0.722209 0.491232 0.488236 0.569654 0.563730 0.482394 0.441712 0.446131 0.528136 0.632715 0.608379 0.879692 0.841649 0.598663 0.523576 0.212137 0.316139 0.409790 0.598436 0.419931 0.524783 0.245945 0.251803 0.790555 0.568095 0.735015 0.681593 0.578758 0.569084 0.572531 0.586276 0.567550 0.443252 0.773282 0.828722 0.627523 0.636126 0.377772 0.415644 0.295392 0.367025 0.519550 0.529729 0.659850 0.685319 0.974186 0.996716 0.790971 0.580301 0.897349 0.959707 0.928180 0.944761 0.669775 0.703131 0.736788 0.839017 0.496027 0.544205 0.886970 0.896306 0.716681 0.670804 0.553424 0.631301 0.957568 0.987058 0.714986 0.967444 0.800908 0.520267 0.618427 0.921776 0.796037 0.951293
0.307881 0.269757 0.792296 0.481184 0.891848 0.601009 0.469152 0.471567 0.587143 0.511863 0.293851 0.347808 0.582474 0.462530 0.642765 0.417676 0.189024 0.000000 0.281081 0.284809 0.685456 0.960396 0.803113 0.755038 0.987941 0.972867 0.934615 0.943079 0.244658 0.219423 0.646791 0.563384 0.334337 0.298901 0.939913 0.750254 0.753757 0.711543 0.805143 0.737552 0.770582 0.681556 0.426747 0.430372 0.499476 0.504705 0.508657 0.448334 0.470292 0.544286 0.586039 0.588559 0.804243 0.905309 0.626700 0.535842 0.210655 0.314848 0.429009 0.630843 0.377660 0.491064 0.221749 0.236535 0.789014 0.545733 0.679804 0.609003 0.596442 0.591189 0.526094 0.524224 0.522407 0.428430 0.837479 0.788718 0.583457 0.555207 0.339639 0.350947 0.308420 0.406878 0.527386 0.515168 0.689297 0.708337 0.992908 0.971237 0.838472 0.583515 0.844158 0.910616 0.879298 0.992454 0.666189 0.624476 0.695572 0.774929 0.416374 0.489957 0.828858 0.814994 0.629055 0.619538 0.536981 0.612926 0.977355 0.987124 0.794928 0.971439 0.828140 0.460188 0.549768 0.867957 0.712817 0.935564
0.370615 0.360073 0.618420 0.456778 0.807245 0.637502 0.367849 0.477337 0.651305 0.561004 0.405453 0.464420 0.528909 0.486655 0.557020 0.361960 0.339526 0.281081 0.000000 0.318716 0.730408 0.969507 0.566056 0.641563 0.968398 0.991521 0.890092 0.915404 0.348124 0.322723 0.592978 0.550457 0.356336 0.296079 0.903684 0.788455 0.791173 0.740108 0.788382 0.818043 0.826958 0.799849 0.495984 0.537685 0.507292 0.531929 0.546299 0.474499 0.541669 0.600227 0.667468 0.638827 0.765448 0.972872 0.732813 0.684495 0.342191 0.411200 0.480199 0.608943 0.366467 0.590524 0.377091 0.381190 0.725562 0.548707 0.596185 0.643937 0.690712 0.658848 0.583701 0.523197 0.550931 0.440245 0.911679 0.756302 0.531248 0.557388 0.469470 0.488646 0.493654 0.498696 0.642462 0.641614 0.740010 0.802871 0.979604 0.993284 0.869315 0.709774 0.749276 0.861933 0.806266 0.901763 0.689942 0.637409 0.700765 0.845037 0.432236 0.425273 0.787148 0.748314 0.658158 0.708103 0.636593 0.672469 0.952000 0.957623 0.719570 0.904713 0.830586 0.441025 0.456901 0.857581 0.707630 0.927664
0.337627 0.290482 0.651036 0.376220 0.914607 0.585239 0.488016 0.442475 0.597150 0.530299 0.376517 0.370421 0.509427 0.453099 0.607831 0.373625 0.312343 0.284809 0.318716 0.000000 0.709502 0.985284 0.679729 0.719486 0.934919 0.886672 0.868584 0.962275 0.307490 0.348948 0.655068 0.694573 0.419867 0.333502 0.956679 0.721547 0.663207 0.718233 0.693534 0.792850 0.759795 0.802966 0.543327 0.544935 0.589636 0.576359 0.547385 0.456883 0.548371 0.552201 0.648464 0.650965 0.808678 0.983276 0.624375 0.608086 0.326022 0.360307 0.497472 0.560422 0.375469 0.478213 0.330848 0.331776 0.706843 0.479063 0.696033 0.685496 0.608015 0.500626 0.500824 0.536036 0.562329 0.491231 0.802918 0.793192 0.521302 0.615200 0.428022 0.508332 0.461332 0.484787 0.645115 0.629866 0.742848 0.797704 0.883245 0.889483 0.842264 0.650242 0.736655 0.789422 0.721572 0.874877 0.721331 0.647362 0.755085 0.779220 0.465064 0.470683 0.812081 0.833452 0.685494 0.718729 0.591824 0.634142 0.982305 0.965692 0.778542 0.988034 0.883727 0.459630 0.609690 0.873379 0.752647 0.847856
0.776471 0.691490 0.614931 0.584284 0.890870 0.808873 0.703028 0.849893 0.742724 0.885016 0.789369 0.791519 0.754676 0.831945 0.660713 0.641370 0.702829 0.685456 0.730408 0.709502 0.000000 0.818191 0.702348 0.749644 0.847339 0.763018 0.909094 0.842404 0.719972 0.662102 0.638498 0.738169 0.736798 0.723640 0.951689 0.892464 0.667833 0.950312 0.806520 0.804756 0.954611 0.894333 0.713289 0.689467 0.821966 0.859858 0.817949 0.792812 0.835837 0.828148 0.841911 0.855797 0.872415 0.957097 0.809817 0.965801 0.664374 0.698040 0.861021 0.914654 0.759044 0.882930 0.752006 0.767773 0.724390 0.790582 0.750344 0.782765 0.719496 0.673812 0.757852 0.796366 0.664380 0.784104 0.866286 0.859831 0.858323 0.665687 0.758768 0.661193 0.769408 0.747406 0.802454 0.864118 0.846596 0.807256 0.820290 0.991652 0.971382 0.942435 0.848338 0.873532 0.880760 0.830211 0.652522 0.859247 0.845565 0.896982 0.776014 0.753707 0.945625 0.737342 0.917570 0.749015 0.701056 0.820044 0.985509 0.953845 0.718222 0.859145 0.842992 0.817668 0.847421 0.933897 0.826710 0.977489
0.855605 0.993767 0.828502 0.978589 0.943889 0.939236 0.926978 0.920217 0.851243 0.923018 0.835739 0.846714 0.968518 0.921752 0.913758 0.926969 0.987661 0.960396 0.969507 0.985284 0.818191 0.000000 0.790237 0.781991 0.893963 0.847039 0.937470 0.918757 0.969447 0.958160 0.777256 0.736334 0.921197 0.943395 0.949097 0.986598 0.900081 0.960295 0.951987 0.934341 0.984894 0.967013 0.897679 0.905680 0.977161 0.950128 0.840150 0.931380 0.884048 0.959158 0.998738 0.949056 0.857796 0.818006 0.908264 0.827185 0.974904 0.945820 0.798262 0.823023 0.884709 0.765726 0.771553 0.853347 0.942830 0.870095 0.871200 0.939515 0.963343 0.993099 0.826764 0.798782 0.980585 0.900308 0.934529 0.889052 0.930769 0.833400 0.838863 0.915785 0.872650 0.897386 0.948902 0.920434 0.952320 0.984316 0.908147 0.891181 0.972134 0.801782 0.831106 0.801348 0.859296 0.748203 0.916807 0.867899 0.946384 0.974994 0.967429 0.886864 0.931058 0.928130 0.980981 0.865190 0.920488 0.888087 0.876750 0.825545 0.824979 0.731810 0.989791 0.983845 0.980225 0.708502 0.934677 0.938632
0.750790 0.705240 0.481463 0.552893 0.551391 0.797009 0.576518 0.769653 0.830166 0.912039 0.921410 0.857010 0.464484 0.671447 0.338114 0.357009 0.824639 0.803113 0.566056 0.679729 0.702348 0.790237 0.000000 0.322353 0.690300 0.711552 0.795848 0.786689 0.750702 0.743124 0.685370 0.767922 0.512580 0.681547 0.848126 0.982296 0.804898 0.991781 0.831845 0.902108 0.854567 0.908316 0.669085 0.707354 0.690915 0.707442 0.710231 0.601016 0.690193 0.676199 0.739137 0.696073 0.707437 0.865055 0.795284 0.881346 0.780913 0.682124 0.815410 0.714878 0.566381 0.841634 0.804989 0.840134 0.408065 0.595520 0.716026 0.806883 0.816579 0.691620 0.911136 0.838638 0.953047 0.812644 0.827649 0.798490 0.790559 0.728045 0.910220 0.689044 0.873376 0.778892 0.715959 0.849197 0.624652 0.654684 0.988635 0.946198 0.757644 0.837115 0.729149 0.831767 0.804797 0.879326 0.774486 0.745310 0.815577 0.850444 0.690258 0.611214 0.998603 0.782085 0.893633 0.918526 0.790248 0.783323 0.750215 0.765998 0.809139 0.908847 0.892765 0.763345 0.667513 0.814263 0.673673 0.960720
0.731884 0.648374 0.620875 0.526906 0.581874 0.783000 0.772819 0.842548 0.998205 0.911870 0.865129 0.773287 0.456298 0.534896 0.384003 0.395964 0.792345 0.755038 0.641563 0.719486 0.749644 0.781991 0.322353 0.000000 0.690632 0.758079 0.781555 0.777054 0.813959 0.735774 0.854560 0.789024 0.576532 0.759724 0.990940 0.846812 0.830162 0.984377 0.796408 0.879765 0.926762 0.848615 0.732855 0.713701 0.838408 0.787897 0.668970 0.687086 0.729240 0.650863 0.690645 0.665748 0.769162 0.955004 0.793274 0.752512 0.748312 0.610381 0.777257 0.652742 0.651718 0.805083 0.775469 0.799455 0.509094 0.544844 0.916331 0.915721 0.870374 0.739737 0.977897 0.960603 0.990975 0.964962 0.874077 0.830297 0.831995 0.838618 0.828943 0.551225 0.756781 0.631626 0.673987 0.650321 0.607876 0.527541 0.961302 0.824117 0.654872 0.711555 0.961071 0.977155 0.999678 0.932704 0.868323 0.795233 0.891774 0.912665 0.867950 0.787563 0.910236 0.910339 0.974632 0.946039 0.941591 0.890054 0.912242 0.897044 0.864533 0.921885 0.974510 0.782072 0.765950 0.902411 0.814460 0.983899
0.860043 0.844557 0.560325 0.782183 0.689113 0.892408 0.909735 0.814348 0.822055 0.750628 0.914897 0.910887 0.724958 0.980813 0.630397 0.847719 0.949760 0.987941 0.968398 0.934919 0.847339 0.893963 0.690300 0.690632 0.000000 0.549236 0.584596 0.885357 0.976236 0.874297 0.992871 0.989546 0.847963 0.972007 0.933171 0.994189 0.694773 0.906061 0.642296 0.876522 0.908210 0.743387 0.967813 0.972570 0.886975 0.889338 0.819760 0.859303 0.970605 0.928142 0.968708 0.955140 0.816829 0.697386 0.816769 0.906872 0.862926 0.770885 0.904799 0.751551 0.856396 0.929602 0.996994 0.909498 0.468663 0.793518 0.954020 0.912182 0.619334 0.702826 0.995522 0.920839 0.842136 0.994053 0.792880 0.938490 0.960710 0.852871 0.990327 0.852855 0.835057 0.869401 0.851717 0.791963 0.592057 0.606030 0.979682 0.931089 0.736701 0.794186 0.918595 0.938945 0.908539 0.904427 0.935095 0.850290 0.894963 0.995717 0.928206 0.967671 0.775421 0.925759 0.954992 0.910556 0.865499 0.863889 0.950814 0.891851 0.843318 0.978722 0.886433 0.906272 0.985342 0.966666 0.987772 0.931458
0.996583 0.924881 0.522246 0.672800 0.873728 0.960950 0.927509 0.978507 0.817211 0.977754 0.941429 0.938349 0.885211 0.995256 0.770152 0.840368 0.973766 0.972867 0.991521 0.886672 0.763018 0.847039 0.711552 0.758079 0.549236 0.000000 0.869785 0.863162 0.911569 0.961088 0.704692 0.837313 0.803729 0.932520 0.735046 0.992293 0.606553 0.873850 0.648723 0.874835 0.943433 0.744701 0.816835 0.829111 0.920813 0.948590 0.908799 0.869272 0.991306 0.919385 0.851752 0.930384 0.875910 0.941767 0.987338 0.922748 0.913700 0.886825 0.889324 0.968813 0.884681 0.983930 0.971224 0.954871 0.645378 0.851598 0.855885 0.917321 0.852790 0.857506 0.771731 0.845769 0.940762 0.874934 0.917088 0.828617 0.837686 0.812535 0.984787 0.875667 0.977819 0.970605 0.916203 0.954507 0.937344 0.900783 0.762681 0.816207 0.952946 0.949076 0.722560 0.641568 0.735886 0.729902 0.953507 0.981792 0.922003 0.929935 0.919182 0.866017 0.944574 0.889796 0.864827 0.885957 0.837102 0.949511 0.899832 0.741807 0.926470 0.972278 0.949636 0.937462 0.971172 0.867682 0.890372 0.955378
0.923047 0.924913 0.945106 0.987501 0.701398 0.821476 0.634243 0.641672 0.744252 0.636710 0.966522 0.914603 0.680060 0.985548 0.585444 0.829030 0.925066 0.934615 0.890092 0.868584 0.909094 0.937470 0.795848 0.781555 0.584596 0.869785 0.000000 0.674314 0.886892 0.783361 0.720360 0.693372 0.905703 0.703170 0.986562 0.874231 0.863351 0.878975 0.890397 0.724540 0.908359 0.813179 0.772823 0.752595 0.598104 0.691409 0.942386 0.959334 0.959063 0.926221 0.805550 0.845131 0.727706 0.539564 0.952352 0.990546 0.945178 0.811740 0.974059 0.868483 0.916308 0.897710 0.894103 0.845199 0.520589 0.855710 0.579518 0.591488 0.625259 0.710972 0.729226 0.722165 0.626737 0.811286 0.793117 0.920459 0.780842 0.801362 0.961298 0.868644 0.876197 0.835979 0.822619 0.741029 0.512665 0.494708 0.821028 0.762808 0.550094 0.817512 0.676237 0.791851 0.740929 0.872953 0.920809 0.939055 0.796278 0.848130 0.678160 0.704593 0.501616 0.682720 0.692119 0.841213 0.847844 0.994180 0.938019 0.895139 0.739630 0.893595 0.791539 0.794320 0.768798 0.831096 0.975272 0.999063
0.991297 0.915276 0.932441 0.906758 0.982073 0.974544 0.858009 0.888528 0.844494 0.816800 0.940436 0.972543 0.780775 0.868927 0.761668 0.870382 0.972010 0.943079 0.915404 0.962275 0.842404 0.918757 0.786689 0.777054 0.885357 0.863162 0.674314 0.000000 0.943382 0.918922 0.863432 0.856064 0.919690 0.873082 0.951387 0.768454 0.851322 0.831269 0.958520 0.737026 0.922094 0.848607 0.978383 0.935063 0.850691 0.888618 0.923219 0.957835 0.939348 0.940911 0.997807 0.986510 0.944443 0.844308 0.901766 0.787827 0.993653 0.897448 0.994804 0.884570 0.984468 0.983920 0.974917 0.938501 0.737959 0.866479 0.792465 0.911515 0.837676 0.862769 0.922477 0.921616 0.840323 0.961914 0.857241 0.943816 0.963920 0.856448 0.982095 0.937336 0.978467 0.872028 0.912396 0.922764 0.810925 0.723184 0.949392 0.960369 0.774376 0.746905 0.848867 0.954433 0.825833 0.889469 0.956878 0.922984 0.905307 0.850480 0.915628 0.907673 0.736205 0.859867 0.764091 0.942676 0.917581 0.902100 0.974326 0.855839 0.981913 0.952910 0.957286 0.871896 0.799006 0.962476 0.920351 0.986552
0.397004 0.320443 0.704911 0.459423 0.899523 0.664578 0.422430 0.400815 0.473570 0.433797 0.316596 0.349028 0.573865 0.461635 0.689653 0.446199 0.301180 0.244658 0.348124 0.307490 0.719972 0.969447 0.750702 0.813959 0.976236 0.911569 0.886892 0.943382 0.000000 0.289726 0.629120 0.625685 0.350491 0.281100 0.973295 0.803777 0.724346 0.720028 0.734756 0.789445 0.774335 0.729172 0.449766 0.473528 0.452387 0.471936 0.545214 0.489136 0.460975 0.538127 0.540802 0.582604 0.718187 0.937012 0.708924 0.583201 0.332617 0.401117 0.507615 0.621682 0.348491 0.460042 0.292103 0.288263 0.754270 0.514849 0.627321 0.589252 0.694365 0.563225 0.510808 0.504001 0.477348 0.395972 0.795031 0.761419 0.525339 0.569989 0.397071 0.465176 0.459469 0.529677 0.636579 0.633177 0.763438 0.820554 0.948090 0.902791 0.881127 0.695718 0.734150 0.786979 0.753754 0.869560 0.691652 0.652715 0.748074 0.689369 0.407827 0.499675 0.751880 0.790660 0.603798 0.679157 0.504441 0.594864 0.970336 0.897174 0.768496 0.944802 0.863119 0.465881 0.554806 0.823324 0.712877 0.859299
0.430784 0.366066 0.766890 0.472399 0.850730 0.612086 0.357869 0.377489 0.555194 0.452149 0.333017 0.380523 0.636396 0.452877 0.690017 0.437176 0.269574 0.219423 0.322723 0.348948 0.662102 0.958160 0.743124 0.735774 0.874297 0.961088 0.783361 0.918922 0.289726 0.000000 0.551174 0.523897 0.350060 0.318683 0.999823 0.822663 0.775454 0.738642 0.861802 0.788399 0.805181 0.748445 0.357111 0.326607 0.360712 0.385153 0.536170 0.479881 0.437338 0.497520 0.469998 0.476391 0.620331 0.878022 0.607229 0.571881 0.331154 0.423125 0.438774 0.673861 0.340047 0.458190 0.258655 0.242725 0.854385 0.567359 0.552515 0.466986 0.772440 0.637843 0.547205 0.509706 0.502912 0.388059 0.878701 0.697401 0.584968 0.551391 0.418378 0.396433 0.413885 0.494292 0.555456 0.643055 0.811069 0.810509 0.977369 0.952314 0.892204 0.659712 0.774661 0.907627 0.874938 0.987480 0.656675 0.715015 0.643272 0.815841 0.405379 0.454428 0.739778 0.762841 0.580172 0.632556 0.510549 0.619974 0.933927 0.991166 0.760161 0.930675 0.781103 0.496876 0.456788 0.822417 0.674476 0.929174
0.960611 0.803804 0.608778 0.653784 0.908817 0.760475 0.363458 0.641623 0.490853 0.544074 0.853579 0.905658 0.937581 0.972355 0.905941 0.674091 0.716093 0.646791 0.592978 0.655068 0.638498 0.777256 0.685370 0.854560 0.992871 0.704692 0.720360 0.863432 0.629120 0.551174 0.000000 0.294418 0.521739 0.483152 0.782545 0.935487 0.835198 0.807055 0.876337 0.914085 0.902168 0.753477 0.362265 0.405944 0.444861 0.596583 0.978188 0.827383 0.872276 0.837401 0.631574 0.726343 0.534439 0.515245 0.951952 0.870317 0.690767 0.918936 0.989086 0.832032 0.723251 0.945644 0.779716 0.743282 0.993088 0.986068 0.421967 0.503599 0.961401 0.969440 0.389929 0.370097 0.487673 0.420399 0.906867 0.726052 0.614975 0.374234 0.809886 0.684446 0.956182 0.909985 0.958436 0.754158 0.725685 0.745507 0.812389 0.673153 0.713776 0.802957 0.470618 0.470883 0.549647 0.587934 0.787678 0.815205 0.692942 0.878757 0.450462 0.450316 0.567550 0.454658 0.526392 0.642097 0.634219 0.833000 0.677100 0.686653 0.721292 0.886445 0.604660 0.660103 0.537415 0.758844 0.808049 0.931582
0.907357 0.717206 0.692000 0.744160 0.926414 0.758472 0.430055 0.695328 0.605009 0.664491 0.830895 0.896199 0.940633 0.889204 0.935526 0.733886 0.657459 0.563384 0.550457 0.694573 0.738169 0.736334 0.767922 0.789024 0.989546 0.837313 0.693372 0.856064 0.625685 0.523897 0.294418 0.000000 0.513678 0.453893 0.859915 0.930642 0.937720 0.907885 0.914039 0.997600 0.971957 0.806463 0.384838 0.392825 0.459132 0.559870 0.878314 0.750463 0.848866 0.807223 0.602900 0.674041 0.587445 0.641503 0.950898 0.910687 0.649553 0.858590 0.909386 0.939471 0.722636 0.973941 0.738470 0.721766 0.935112 0.944542 0.505916 0.525004 0.923243 0.947687 0.461782 0.469910 0.520161 0.455824 0.910046 0.820468 0.686218 0.451775 0.761051 0.568948 0.873539 0.981027 0.896848 0.958509 0.789021 0.864856 0.813012 0.943599 0.717448 0.913142 0.658339 0.685343 0.751661 0.826607 0.822859 0.787725 0.719436 0.889148 0.537160 0.503454 0.651109 0.530232 0.561056 0.693292 0.688279 0.794374 0.807660 0.762741 0.863129 0.930630 0.654361 0.647836 0.512240 0.700057 0.818394 0.976643
0.454149 0.377944 0.572574 0.435611 0.741481 0.585210 0.335124 0.470658 0.594665 0.582858 0.483942 0.495715 0.561088 0.510731 0.596199 0.372230 0.423182 0.334337 0.356336 0.419867 0.736798 0.921197 0.512580 0.576532 0.847963 0.803729 0.905703 0.919690 0.350491 0.350060 0.521739 0.513678 0.000000 0.315457 0.808654 0.898179 0.785713 0.736510 0.739194 0.842743 0.769020 0.681715 0.329509 0.326333 0.361050 0.379291 0.517257 0.428110 0.435103 0.430455 0.415603 0.431961 0.587823 0.814356 0.601100 0.607484 0.354058 0.409813 0.515007 0.599068 0.320110 0.562249 0.385638 0.395154 0.608374 0.512087 0.505566 0.475390 0.734051 0.677075 0.584276 0.563732 0.545206 0.474866 0.730236 0.743857 0.515106 0.474975 0.515525 0.456836 0.482191 0.556033 0.596938 0.648561 0.664161 0.675619 0.942172 0.981710 0.828054 0.671467 0.709771 0.772029 0.743793 0.912471 0.740198 0.548624 0.616349 0.665430 0.367214 0.461681 0.748086 0.707396 0.580201 0.656214 0.452351 0.563671 0.871880 0.769077 0.755959 0.902400 0.792200 0.482247 0.410106 0.722668 0.563634 0.862593
0.485264 0.400971 0.661931 0.449271 0.953097 0.621371 0.271924 0.354412 0.469216 0.403141 0.444836 0.453509 0.662587 0.583070 0.776854 0.477292 0.380574 0.298901 0.296079 0.333502 0.723640 0.943395 0.681547 0.759724 0.972007 0.932520 0.703170 0.873082 0.281100 0.318683 0.483152 0.453893 0.315457 0.000000 0.880415 0.916680 0.788401 0.814986 0.799815 0.928426 0.840645 0.776211 0.343517 0.416739 0.318675 0.382132 0.593144 0.465814 0.518481 0.545949 0.484859 0.527026 0.569734 0.737517 0.812404 0.654985 0.394549 0.508335 0.545004 0.689756 0.359013 0.542859 0.369654 0.363790 0.829173 0.620830 0.455552 0.445174 0.827907 0.708417 0.404235 0.415131 0.426570 0.351251 0.896160 0.776351 0.432721 0.432379 0.506294 0.489913 0.588448 0.662470 0.732226 0.785407 0.905515 0.962481 0.887846 0.868046 0.983678 0.812609 0.595781 0.654219 0.642643 0.798835 0.678655 0.533134 0.656239 0.682607 0.269048 0.313157 0.597222 0.600479 0.514862 0.620927 0.463741 0.587032 0.942214 0.779217 0.732843 0.985357 0.744119 0.340935 0.416828 0.699449 0.686982 0.910308
0.856530 0.927933 0.710160 0.783903 0.933270 0.991689 0.764299 0.807828 0.818677 0.767819 0.925334 0.945934 0.986823 0.935234 0.988146 0.991881 0.840816 0.939913 0.903684 0.956679 0.951689 0.949097 0.848126 0.990940 0.933171 0.735046 0.986562 0.951387 0.973295 0.999823 0.782545 0.859915 0.808654 0.880415 0.000000 0.828433 0.925189 0.840059 0.951603 0.982396 0.862775 0.864773 0.704116 0.775745 0.700872 0.724043 0.915267 0.860180 0.896890 0.967635 0.785930 0.844516 0.719941 0.761431 0.966471 0.999628 0.874772 0.945083 0.974282 0.973995 0.846410 0.921479 0.990933 0.996317 0.806195 0.946607 0.682428 0.640083 0.940729 0.981890 0.774522 0.858540 0.972623 0.938845 0.922841 0.930293 0.834421 0.767720 0.978953 0.970098 0.851001 0.823770 0.910887 0.758949 0.947066 0.982807 0.834338 0.850880 0.956531 0.935948 0.743449 0.690721 0.770504 0.797780 0.905541 0.748008 0.870748 0.859560 0.803935 0.877648 0.733864 0.764372 0.819449 0.997144 0.853764 0.839000 0.928365 0.813553 0.969395 0.827041 0.886910 0.991809 0.790593 0.744458 0.717749 0.872091
0.673620 0.679478 0.868489 0.738198 0.872859 0.708718 0.970172 0.826296 0.947698 0.996746 0.667767 0.709409 0.726782 0.648745 0.831739 0.723014 0.714310 0.750254 0.788455 0.721547 0.892464 0.986598 0.982296 0.846812 0.994189 0.992293 0.874231 0.768454 0.803777 0.822663 0.935487 0.930642 0.898179 0.916680 0.828433 0.000000 0.721436 0.880548 0.787999 0.780594 0.738299 0.854176 0.918902 0.898431 0.919325 0.959086 0.790140 0.790128 0.797423 0.801479 0.889671 0.811509 0.956420 0.868197 0.755913 0.774563 0.729644 0.675250 0.806964 0.709179 0.813986 0.747467 0.774462 0.691422 0.855263 0.657780 0.875054 0.953655 0.776872 0.856741 0.942521 0.985696 0.833653 0.945317 0.936056 0.975726 0.795215 0.899630 0.682346 0.879207 0.809382 0.684368 0.827042 0.662993 0.814300 0.815758 0.983091 0.989512 0.808499 0.674951 0.906546 0.905464 0.916129 0.965674 0.943982 0.953630 0.813338 0.881288 0.997782 0.996121 0.916267 0.872796 0.837663 0.999116 0.969628 0.981217 0.952862 0.938824 0.996961 0.968181 0.953476 0.874877 0.976508 0.999191 0.952801 0.891641
0.725101 0.654552 0.569100 0.596426 0.956912 0.891494 0.896993 0.880103 0.757968 0.872968 0.701212 0.800659 0.675255 0.749447 0.696388 0.654915 0.747345 0.753757 0.791173 0.663207 0.667833 0.900081 0.804898 0.830162 0.694773 0.606553 0.863351 0.851322 0.724346 0.775454 0.835198 0.937720 0.785713 0.788401 0.925189 0.721436 0.000000 0.677161 0.632177 0.538925 0.629396 0.640467 0.789581 0.720330 0.860768 0.855128 0.761361 0.770389 0.738569 0.774388 0.826493 0.819192 0.916395 0.927468 0.820534 0.949985 0.650056 0.632171 0.791614 0.777096 0.711734 0.784029 0.786239 0.766335 0.552378 0.672269 0.853726 0.921724 0.563386 0.628224 0.632330 0.699105 0.830571 0.792759 0.913413 0.889631 0.810741 0.723751 0.741444 0.720027 0.706779 0.830902 0.802722 0.790458 0.828866 0.794536 0.768980 0.796559 0.860594 0.778154 0.839644 0.773682 0.785454 0.737637 0.781103 0.824281 0.948544 0.882026 0.807314 0.832578 0.918257 0.875887 0.838305 0.844123 0.850098 0.800229 0.889431 0.965607 0.924454 0.932839 0.948518 0.865669 0.975882 0.903934 0.888617 0.971331
0.692742 0.660511 0.807224 0.739292 0.939801 0.950048 0.886397 0.873969 0.873518 0.844419 0.609028 0.751605 0.801138 0.774943 0.830428 0.756284 0.737498 0.711543 0.740108 0.718233 0.950312 0.960295 0.991781 0.984377 0.906061 0.873850 0.878975 0.831269 0.720028 0.738642 0.807055 0.907885 0.736510 0.814986 0.840059 0.880548 0.677161 0.000000 0.785352 0.778338 0.878230 0.651351 0.841392 0.788677 0.877625 0.812582 0.821078 0.826537 0.764583 0.825745 0.835887 0.831514 0.927706 0.991211 0.792764 0.996209 0.630520 0.620714 0.771857 0.836373 0.749602 0.786784 0.752771 0.733479 0.756987 0.716079 0.905826 0.953258 0.527190 0.671555 0.761159 0.693315 0.862641 0.665790 0.872941 0.854413 0.736692 0.766328 0.644806 0.867038 0.687247 0.826741 0.754796 0.789752 0.857553 0.802159 0.920051 0.992859 0.743962 0.739895 0.964289 0.939460 0.910246 0.876194 0.825812 0.950821 0.995336 0.973609 0.898339 0.970648 0.976861 0.938209 0.721460 0.981768 0.860686 0.840218 0.878263 0.980393 0.959087 0.988501 0.941686 0.861715 0.838971 0.915697 0.769412 0.915082
