0.000000 0.180381 0.389945 0.437514 0.733404 0.737157 0.291798 0.359327 0.749956 0.740373 0.419723 0.323680 0.256083 0.336426 0.525688 0.534966 0.394566 0.368424 0.258146 0.283437 0.516817 0.969725 0.526523 0.539929 0.568808 0.688473 0.786360 0.815516 0.672393 0.677751 0.729252 0.896994 0.279124 0.274763 0.478127 0.785214 0.400123 0.563777 0.584829 0.711258 0.721671 0.854832 0.684676 0.617947 0.758708 0.663971 0.380595 0.394154 0.742659 0.509465 0.631415 0.555198 0.975781 0.765328 0.352581 0.526758 0.279907 0.200961 0.249230 0.314051 0.215874 0.353688 0.338103 0.363519 0.448709 0.322387 0.286458 0.392567 0.259660 0.262340 0.636715 0.851583 0.642290 0.676637 0.705936 0.777523 0.624600 0.835306 0.538104 0.513486 0.282160 0.252864 0.375873 0.350491 0.293901 0.326023 0.545877 0.614735 0.445536 0.418962 0.780755 0.686031 0.921184 0.837407 0.743012 0.883413 0.434741 0.879100 0.845997 0.893899 0.626568 0.843574 0.889287 0.812258 0.586723 0.523442 0.905938 0.996509 0.854636 0.627356 0.928404 0.734176 0.868810 0.883032 0.707128 0.940200
0.180381 0.000000 0.416333 0.414711 0.740320 0.739181 0.284426 0.271483 0.773082 0.811963 0.444630 0.269898 0.274339 0.299198 0.534761 0.520921 0.344083 0.316618 0.220897 0.229586 0.557381 0.948285 0.485359 0.522337 0.635186 0.789018 0.784779 0.866056 0.569890 0.578515 0.721614 0.798721 0.256875 0.270348 0.538098 0.807000 0.429868 0.551283 0.618115 0.722721 0.734676 0.784359 0.535372 0.506693 0.681811 0.600780 0.312605 0.339876 0.669423 0.459249 0.571383 0.492350 0.935844 0.835539 0.402608 0.529316 0.236704 0.159105 0.251235 0.304395 0.234911 0.332470 0.292421 0.294810 0.512176 0.350291 0.275530 0.354469 0.334358 0.308722 0.515615 0.726133 0.629090 0.668199 0.749510 0.676674 0.497261 0.694561 0.402807 0.468753 0.247862 0.252922 0.389220 0.406374 0.342488 0.365811 0.590811 0.622271 0.507733 0.452071 0.874241 0.813823 0.984032 0.874278 0.720007 0.803510 0.382681 0.843526 0.734986 0.756829 0.722239 0.892582 0.778397 0.758255 0.524920 0.467852 0.880142 0.860104 0.851128 0.591176 0.847607 0.666612 0.790897 0.860093 0.591214 0.912123
0.389945 0.416333 0.000000 0.213866 0.648957 0.814113 0.354414 0.561599 0.690971 0.553804 0.830713 0.652586 0.277235 0.588017 0.401670 0.437135 0.774115 0.764134 0.524123 0.532726 0.514763 0.822670 0.308120 0.299179 0.276768 0.340887 0.537943 0.696281 0.879684 0.865807 0.679449 0.879336 0.490573 0.604574 0.354204 0.887370 0.314111 0.513476 0.377828 0.706435 0.684149 0.942176 0.919067 0.901624 0.984105 0.979898 0.578324 0.583307 0.938070 0.694546 0.905683 0.713194 0.998871 0.741480 0.279477 0.494101 0.611062 0.437769 0.430587 0.406837 0.339147 0.416056 0.755966 0.756404 0.167083 0.193162 0.321333 0.419146 0.321446 0.426304 0.683673 0.893701 0.674560 0.764350 0.857233 0.916337 0.737892 0.907968 0.693839 0.816216 0.651631 0.479987 0.582068 0.461966 0.199958 0.212891 0.488684 0.588744 0.282441 0.307150 0.812523 0.792839 0.908736 0.965437 0.669975 0.956874 0.574391 0.928167 0.848236 0.851643 0.573218 0.777051 0.772453 0.765740 0.591081 0.555469 0.893063 0.965177 0.895304 0.792992 0.960694 0.993958 0.932401 0.880097 0.744632 0.872424
0.437514 0.414711 0.213866 0.000000 0.655250 0.812887 0.388620 0.461821 0.754061 0.583801 0.944690 0.612873 0.316440 0.531360 0.382608 0.383039 0.814999 0.745829 0.520880 0.519386 0.544810 0.903398 0.254854 0.231649 0.301215 0.425390 0.505797 0.733284 0.926571 0.890545 0.688009 0.993628 0.510984 0.614188 0.407790 0.814998 0.365075 0.522396 0.362908 0.675792 0.729906 0.860900 0.836334 0.855539 0.995906 0.927002 0.557554 0.539083 0.965492 0.693221 0.890339 0.717640 0.994974 0.726192 0.323734 0.531594 0.597631 0.420608 0.465036 0.441430 0.395595 0.425277 0.767212 0.736119 0.215066 0.234093 0.345513 0.430003 0.424318 0.497754 0.658975 0.902293 0.820606 0.899851 0.859581 0.900229 0.685673 0.958660 0.662350 0.838694 0.639186 0.511508 0.574368 0.462657 0.225542 0.212647 0.470278 0.574126 0.335137 0.272147 0.918597 0.847727 0.816626 0.931443 0.691845 0.865595 0.563218 0.979001 0.925039 0.955931 0.585360 0.735486 0.839052 0.817385 0.542382 0.473196 0.891540 0.864836 0.920579 0.734573 0.980638 0.920890 0.933379 0.905085 0.761103 0.895676
0.733404 0.740320 0.648957 0.655250 0.000000 0.994139 0.662187 0.727109 0.859753 0.899798 0.928835 0.822668 0.582798 0.765584 0.623622 0.601968 0.884702 0.888975 0.736923 0.796309 0.794065 0.873643 0.563710 0.626558 0.602315 0.671379 0.772269 0.837577 0.961006 0.967204 0.695134 0.980255 0.759779 0.772273 0.757084 0.865263 0.709164 0.826714 0.828262 0.773183 0.944397 0.903562 0.844113 0.864009 0.977022 0.977021 0.837768 0.748068 0.982591 0.927126 0.935557 0.887981 0.976023 0.826690 0.747988 0.807771 0.772256 0.762596 0.749752 0.744972 0.708081 0.715790 0.889030 0.851021 0.638677 0.639967 0.709312 0.737278 0.673101 0.676324 0.811534 0.792188 0.830268 0.960708 0.956396 0.935148 0.920599 0.976984 0.889395 0.849531 0.817907 0.831468 0.691751 0.797055 0.655663 0.649932 0.853448 0.776841 0.746375 0.712203 0.995882 0.993955 0.824624 0.984581 0.729399 0.874167 0.837263 0.938920 0.972190 0.945111 0.849880 0.900915 0.981526 0.996951 0.850007 0.692635 0.891700 0.931913 0.912419 0.927580 0.954905 0.942766 0.990384 0.896822 0.776648 0.881693
0.737157 0.739181 0.814113 0.812887 0.994139 0.000000 0.755536 0.798560 0.916860 0.972604 0.795039 0.766766 0.808326 0.799729 0.818985 0.777552 0.758054 0.683643 0.755839 0.797019 0.687952 0.873157 0.906395 0.858827 0.937094 0.939055 0.960908 0.728391 0.827208 0.836550 0.834447 0.895247 0.812671 0.781582 0.919106 0.702649 0.910097 0.885736 0.866583 0.714572 0.750822 0.875657 0.751922 0.757982 0.818883 0.829924 0.814376 0.948035 0.886306 0.957903 0.939352 0.929433 0.913205 0.697004 0.845336 0.807689 0.681470 0.735964 0.852726 0.883404 0.817200 0.842558 0.899545 0.926274 0.827144 0.728823 0.726944 0.758474 0.833282 0.870186 0.896508 0.992996 0.944974 0.981151 0.753488 0.995558 0.915357 0.990084 0.886495 0.773151 0.751393 0.681243 0.876402 0.796618 0.816978 0.781776 0.737227 0.860877 0.952770 0.814474 0.741756 0.870837 0.717137 0.783869 0.888798 0.924703 0.681663 0.656385 0.741735 0.734983 0.975995 0.992932 0.911306 0.928753 0.895818 0.803466 0.935353 0.963119 0.962883 0.840117 0.863410 0.854602 0.912173 0.999555 0.949153 0.703991
0.291798 0.284426 0.354414 0.388620 0.662187 0.755536 0.000000 0.269551 0.612757 0.953611 0.559866 0.433340 0.267663 0.350520 0.363479 0.449481 0.456159 0.435586 0.266793 0.326467 0.691514 0.923066 0.453779 0.522283 0.644477 0.686014 0.805358 0.921623 0.671586 0.728012 0.632978 0.762343 0.275684 0.287793 0.509112 0.855602 0.427697 0.531905 0.636719 0.819691 0.774048 0.814954 0.473685 0.444576 0.558151 0.521516 0.353076 0.351543 0.669868 0.499863 0.596619 0.513040 0.737864 0.973095 0.395495 0.419990 0.334379 0.278806 0.321544 0.405957 0.243087 0.335447 0.438554 0.428240 0.443831 0.321260 0.220372 0.262691 0.433799 0.467614 0.405131 0.635292 0.611841 0.577915 0.767289 0.715887 0.501669 0.732540 0.459310 0.578262 0.381293 0.364579 0.470704 0.437033 0.341672 0.399258 0.614590 0.627865 0.526465 0.535129 0.921533 0.979595 0.829474 0.912903 0.679013 0.783620 0.365108 0.880924 0.669228 0.661702 0.821727 0.897354 0.822565 0.786545 0.387023 0.435473 0.822136 0.795213 0.746336 0.620054 0.792622 0.624487 0.743988 0.798614 0.596572 0.992960
0.359327 0.271483 0.561599 0.461821 0.727109 0.798560 0.269551 0.000000 0.713918 0.925638 0.608832 0.338496 0.415031 0.321798 0.534052 0.510357 0.486765 0.457327 0.324218 0.359370 0.777844 0.976504 0.554704 0.607642 0.799274 0.870730 0.906227 0.969557 0.564892 0.622345 0.710792 0.689783 0.374347 0.323194 0.639152 0.776503 0.541378 0.608240 0.736012 0.799026 0.920229 0.756011 0.431313 0.428824 0.556651 0.476822 0.301150 0.335834 0.593684 0.453055 0.478171 0.427394 0.661962 0.944655 0.467142 0.503360 0.351895 0.294028 0.332463 0.393372 0.307807 0.293659 0.368850 0.316269 0.669584 0.474533 0.364800 0.367041 0.579656 0.493096 0.486319 0.684823 0.737955 0.709466 0.746286 0.657026 0.480273 0.677896 0.477515 0.568258 0.378534 0.457795 0.488349 0.525409 0.507711 0.521041 0.724746 0.689691 0.656488 0.592413 0.916453 0.965005 0.919035 0.922712 0.801905 0.719790 0.390096 0.857098 0.546866 0.520120 0.948249 0.966395 0.644478 0.704365 0.460004 0.444902 0.836266 0.666989 0.801859 0.627875 0.752948 0.522191 0.690609 0.810411 0.599643 0.891176
0.749956 0.773082 0.690971 0.754061 0.859753 0.916860 0.612757 0.713918 0.000000 0.885398 0.987484 0.917210 0.684288 0.880616 0.801426 0.962319 0.860923 0.940327 0.775958 0.816663 0.980379 0.962950 0.809425 0.797789 0.766555 0.697274 0.913007 0.995490 0.950093 0.963825 0.729052 0.966964 0.672284 0.768911 0.700941 0.906134 0.691014 0.737524 0.840405 0.909149 0.962174 0.833335 0.782475 0.785665 0.670499 0.733707 0.738866 0.696567 0.798260 0.662902 0.703987 0.675997 0.699070 0.810185 0.627439 0.604178 0.836748 0.801618 0.692364 0.800162 0.670200 0.739596 0.844953 0.870023 0.734561 0.744800 0.650563 0.605540 0.667375 0.803071 0.735739 0.795714 0.774425 0.735851 0.785864 0.989113 0.687100 0.956652 0.880150 0.920065 0.920203 0.923432 0.860593 0.814084 0.750179 0.774454 0.907282 0.791424 0.673911 0.802629 0.951500 0.972440 0.992583 0.914268 0.743958 0.903440 0.863591 0.953808 0.873592 0.886906 0.883606 0.923900 0.992808 0.819723 0.754288 0.717739 0.860818 0.929642 0.863734 0.978845 0.895514 0.848299 0.945129 0.975480 0.801997 0.953783
0.740373 0.811963 0.553804 0.583801 0.899798 0.972604 0.953611 0.925638 0.885398 0.000000 0.924543 0.991526 0.663388 0.874282 0.787014 0.722689 0.950825 0.974812 0.883191 0.869631 0.675114 0.969025 0.580779 0.476211 0.426404 0.552153 0.518787 0.674053 0.667779 0.720225 0.868331 0.741467 0.883942 0.938233 0.616858 0.968857 0.616966 0.906686 0.464554 0.815726 0.779227 0.884042 0.603759 0.647386 0.479061 0.515746 0.990955 0.930786 0.522968 0.828105 0.643770 0.805744 0.600911 0.490870 0.645295 0.917946 0.938607 0.801479 0.929680 0.851784 0.854912 0.935998 0.922607 0.885341 0.467291 0.586969 0.851601 0.983323 0.624145 0.761106 0.951244 0.766753 0.848753 0.778682 0.959770 0.886471 0.833245 0.688403 0.953573 0.928987 0.907243 0.697736 0.713346 0.633087 0.478418 0.474132 0.710847 0.680669 0.585598 0.460305 0.552760 0.580646 0.865710 0.808655 0.968844 0.847457 0.974980 0.784787 0.450477 0.472436 0.437029 0.597722 0.475639 0.500299 0.902034 0.985714 0.903538 0.751062 0.895871 0.982540 0.661920 0.749467 0.627370 0.743389 0.855813 0.970335
0.419723 0.444630 0.830713 0.944690 0.928835 0.795039 0.559866 0.608832 0.987484 0.924543 0.000000 0.392737 0.660433 0.530673 0.877291 0.879325 0.417108 0.354147 0.440248 0.432102 0.771004 0.841250 0.993730 0.974825 0.901605 0.829065 0.800904 0.843658 0.507770 0.422652 0.999555 0.771217 0.513063 0.378297 0.864900 0.872737 0.811635 0.828797 0.992612 0.985928 0.823747 0.866841 0.676329 0.632369 0.622833 0.640178 0.633688 0.655988 0.630527 0.694641 0.736766 0.762869 0.964029 0.877270 0.793105 0.804545 0.415056 0.478220 0.574630 0.651046 0.536029 0.685126 0.405510 0.453686 0.954606 0.753785 0.591188 0.584624 0.611424 0.596413 0.766781 0.769543 0.685534 0.550936 0.706834 0.771669 0.767725 0.744548 0.636469 0.515409 0.368644 0.448201 0.677271 0.653563 0.782553 0.829503 0.831830 0.925440 0.892440 0.904451 0.945572 0.899162 0.991608 0.906433 0.861168 0.956902 0.638059 0.843920 0.639286 0.766008 0.948950 0.906373 0.648790 0.637793 0.750390 0.784669 0.885560 0.972028 0.742215 0.729747 0.851371 0.745585 0.791779 0.816173 0.825276 0.915631
0.323680 0.269898 0.652586 0.612873 0.822668 0.766766 0.433340 0.338496 0.917210 0.991526 0.392737 0.000000 0.448884 0.290068 0.587573 0.535166 0.405040 0.304143 0.297683 0.294972 0.651242 0.917709 0.627150 0.667327 0.850886 0.956231 0.900434 0.947345 0.456520 0.440349 0.832766 0.695721 0.390911 0.321211 0.725325 0.756553 0.611079 0.621812 0.885214 0.804829 0.920814 0.837593 0.569230 0.588505 0.691577 0.652125 0.461327 0.510834 0.695793 0.606303 0.653591 0.646437 0.989089 0.813604 0.639913 0.664208 0.296143 0.308377 0.434027 0.493880 0.334605 0.341568 0.316130 0.258111 0.742825 0.526867 0.503684 0.479796 0.540578 0.449526 0.629099 0.733186 0.619884 0.615064 0.758161 0.678193 0.647705 0.617840 0.480307 0.433143 0.289941 0.369296 0.548878 0.535047 0.556025 0.552040 0.721885 0.748934 0.715926 0.640593 0.890410 0.775305 0.962330 0.735058 0.891471 0.727466 0.493968 0.805677 0.655977 0.675012 0.882769 0.942649 0.609689 0.681660 0.556618 0.536244 0.976928 0.829272 0.821429 0.600552 0.785352 0.637998 0.711432 0.789530 0.658421 0.907656
0.256083 0.274339 0.277235 0.316440 0.582798 0.808326 0.267663 0.415031 0.684288 0.663388 0.660433 0.448884 0.000000 0.380375 0.322873 0.328302 0.483188 0.521282 0.303525 0.349903 0.530450 0.956726 0.270933 0.351323 0.443762 0.610068 0.646356 0.752589 0.793345 0.825382 0.556015 0.915399 0.325201 0.404232 0.497275 0.884874 0.311055 0.569010 0.511425 0.724357 0.660690 0.949831 0.700428 0.647277 0.878061 0.784463 0.450744 0.430065 0.903684 0.582607 0.735894 0.586782 0.933624 0.829115 0.392343 0.497994 0.396799 0.279668 0.337120 0.350990 0.227684 0.323036 0.453212 0.447335 0.311108 0.260372 0.318997 0.441841 0.325658 0.351921 0.505140 0.776087 0.594970 0.658918 0.772117 0.671462 0.587026 0.822377 0.536776 0.563167 0.402703 0.336540 0.418259 0.386338 0.220491 0.271888 0.470245 0.529251 0.420557 0.385972 0.798152 0.810055 0.950031 0.919190 0.721941 0.921583 0.467379 0.984998 0.943011 0.918931 0.599127 0.824041 0.971325 0.937515 0.544183 0.446229 0.876171 0.967797 0.884095 0.721202 0.968988 0.767227 0.886146 0.999932 0.649246 0.992638
0.336426 0.299198 0.588017 0.531360 0.765584 0.799729 0.350520 0.321798 0.880616 0.874282 0.530673 0.290068 0.380375 0.000000 0.483333 0.443073 0.385217 0.315400 0.227170 0.278540 0.713370 0.903465 0.496796 0.496705 0.786928 0.918582 0.734341 0.983803 0.482719 0.456952 0.727655 0.612240 0.363098 0.332644 0.596234 0.773321 0.611993 0.536412 0.750373 0.802962 0.946119 0.782240 0.606107 0.576790 0.742005 0.680722 0.464059 0.514580 0.814731 0.717128 0.758109 0.722567 0.994455 0.790022 0.607293 0.604345 0.277281 0.322726 0.489246 0.572750 0.392462 0.420383 0.397726 0.341979 0.653122 0.477250 0.447796 0.518238 0.574355 0.581076 0.522162 0.665161 0.702352 0.748572 0.784128 0.659144 0.666526 0.609789 0.435132 0.462994 0.271849 0.301928 0.413294 0.435641 0.462193 0.472001 0.652782 0.580300 0.678808 0.612061 0.895039 0.839476 0.959279 0.870490 0.922483 0.759098 0.467492 0.867125 0.736898 0.679946 0.771560 0.956268 0.733944 0.738373 0.541564 0.567147 0.962501 0.967850 0.835259 0.635730 0.857215 0.617992 0.767546 0.852782 0.774215 0.908859
0.525688 0.534761 0.401670 0.382608 0.623622 0.818985 0.363479 0.534052 0.801426 0.787014 0.877291 0.587573 0.322873 0.483333 0.000000 0.244232 0.682615 0.634441 0.480585 0.530691 0.616667 0.847954 0.302623 0.355352 0.534662 0.676608 0.645021 0.787396 0.825117 0.876039 0.594509 0.773230 0.487842 0.559455 0.639291 0.885998 0.512907 0.556501 0.647734 0.927896 0.775887 0.846400 0.719454 0.716110 0.856995 0.844443 0.563700 0.577178 0.975333 0.780197 0.919608 0.795857 0.888479 0.826368 0.550832 0.663146 0.533629 0.479311 0.585737 0.610470 0.422907 0.434883 0.659575 0.600661 0.409154 0.377174 0.503820 0.551407 0.570201 0.628025 0.543621 0.793302 0.759571 0.791134 0.954402 0.707597 0.749595 0.824860 0.627857 0.640894 0.546351 0.478580 0.578289 0.472205 0.378329 0.398036 0.521271 0.493743 0.558164 0.486619 0.965624 0.994150 0.920153 0.970380 0.763807 0.945474 0.519460 0.987283 0.888862 0.819889 0.820302 0.968081 0.995183 0.995695 0.590268 0.595666 0.921534 0.928836 0.860556 0.883456 0.976482 0.824939 0.856425 0.943478 0.810559 0.865870
0.534966 0.520921 0.437135 0.383039 0.601968 0.777552 0.449481 0.510357 0.962319 0.722689 0.879325 0.535166 0.328302 0.443073 0.244232 0.000000 0.715851 0.661255 0.493729 0.539641 0.621393 0.875148 0.291212 0.327737 0.498443 0.687585 0.631312 0.823116 0.852728 0.891271 0.623910 0.776986 0.526718 0.570816 0.618762 0.879085 0.480018 0.633257 0.609916 0.760886 0.714215 0.960698 0.769973 0.755006 0.981099 0.955758 0.554212 0.622698 0.899983 0.919772 0.981407 0.884523 0.988567 0.716285 0.582109 0.687168 0.535597 0.483891 0.603704 0.581271 0.434014 0.415482 0.684462 0.602952 0.438411 0.373108 0.562916 0.644546 0.587159 0.597409 0.621544 0.809819 0.783210 0.815835 0.943284 0.631719 0.800422 0.839762 0.644731 0.680767 0.566822 0.484306 0.571412 0.479745 0.387611 0.362696 0.561080 0.559903 0.528336 0.474021 0.903648 0.905331 0.917295 0.950452 0.864787 0.928587 0.575782 0.986504 0.963241 0.863874 0.779951 0.876806 0.959093 0.962821 0.634309 0.533511 0.922492 0.957240 0.866016 0.889478 0.939445 0.764052 0.833497 0.979881 0.777685 0.910396
0.394566 0.344083 0.774115 0.814999 0.884702 0.758054 0.456159 0.486765 0.860923 0.950825 0.417108 0.405040 0.483188 0.385217 0.682615 0.715851 0.000000 0.245244 0.281469 0.317130 0.822553 0.909312 0.737570 0.813309 0.985563 0.897435 0.982080 0.906549 0.349521 0.359032 0.707069 0.583865 0.333275 0.317913 0.865394 0.895378 0.690053 0.753752 0.994555 0.838672 0.762296 0.736605 0.440712 0.372108 0.580805 0.524134 0.478690 0.484009 0.617351 0.613966 0.617034 0.634682 0.894608 0.996692 0.747512 0.702147 0.242036 0.321276 0.522747 0.574491 0.482144 0.587874 0.274400 0.284775 0.872100 0.690229 0.536395 0.558471 0.581705 0.560228 0.480086 0.594163 0.644910 0.631145 0.766249 0.574793 0.554906 0.476361 0.413151 0.351996 0.217351 0.317155 0.465211 0.529179 0.649623 0.708076 0.858645 0.661891 0.834873 0.791921 0.982722 0.996292 0.930230 0.872148 0.909525 0.906192 0.534203 0.834014 0.589563 0.641076 0.941265 0.823164 0.559937 0.488204 0.686839 0.719396 0.961294 0.983610 0.885112 0.643709 0.787736 0.625347 0.718350 0.767122 0.692509 0.942243
0.368424 0.316618 0.764134 0.745829 0.888975 0.683643 0.435586 0.457327 0.940327 0.974812 0.354147 0.304143 0.521282 0.315400 0.634441 0.661255 0.245244 0.000000 0.273855 0.221711 0.717306 0.853512 0.739858 0.746958 0.963571 0.905927 0.924661 0.979517 0.347700 0.311098 0.804928 0.549264 0.332040 0.281163 0.795260 0.762988 0.703159 0.584041 0.936948 0.892727 0.776290 0.676259 0.462611 0.436729 0.563432 0.571817 0.510978 0.539345 0.665696 0.721228 0.764870 0.805165 0.903689 0.768142 0.746351 0.733077 0.175207 0.282760 0.554803 0.672027 0.506407 0.611369 0.343684 0.321150 0.834240 0.637433 0.491555 0.504559 0.554314 0.553087 0.516223 0.558762 0.698488 0.615693 0.801922 0.668800 0.653689 0.491073 0.380025 0.311484 0.195076 0.251968 0.487997 0.530154 0.618610 0.645646 0.783453 0.689428 0.803398 0.755029 0.934940 0.994121 0.888537 0.988711 0.915626 0.760929 0.471802 0.795581 0.574744 0.596782 0.955041 0.880850 0.531809 0.542667 0.571094 0.656426 0.983695 0.991872 0.862620 0.587338 0.740730 0.603948 0.793022 0.753639 0.789424 0.910929
0.258146 0.220897 0.524123 0.520880 0.736923 0.755839 0.266793 0.324218 0.775958 0.883191 0.440248 0.297683 0.303525 0.227170 0.480585 0.493729 0.281469 0.273855 0.000000 0.242374 0.652696 0.929413 0.524050 0.577270 0.790501 0.920393 0.793257 0.940796 0.453166 0.472096 0.688549 0.648656 0.278714 0.256123 0.594096 0.839342 0.563301 0.598585 0.725260 0.739875 0.799367 0.801947 0.506879 0.472602 0.634417 0.584258 0.391408 0.405855 0.696238 0.591087 0.637740 0.590731 0.948968 0.871498 0.527663 0.566122 0.216941 0.245154 0.365418 0.447655 0.304377 0.419375 0.301105 0.312567 0.612351 0.436644 0.316257 0.398232 0.464887 0.493050 0.414750 0.644209 0.633640 0.662483 0.805128 0.631130 0.553780 0.608309 0.396545 0.432711 0.228886 0.275111 0.442349 0.441312 0.431496 0.476014 0.692405 0.590829 0.659975 0.628549 0.942053 0.924123 0.996560 0.896944 0.806816 0.767272 0.377399 0.861747 0.676140 0.637323 0.756865 0.942056 0.723746 0.660307 0.497194 0.477982 0.927314 0.922877 0.808362 0.567803 0.826613 0.585083 0.735659 0.814640 0.600206 0.982085
0.283437 0.229586 0.532726 0.519386 0.796309 0.797019 0.326467 0.359370 0.816663 0.869631 0.432102 0.294972 0.349903 0.278540 0.530691 0.539641 0.317130 0.221711 0.242374 0.000000 0.623748 0.856749 0.536252 0.570404 0.729011 0.861932 0.788491 0.973723 0.506711 0.468905 0.630329 0.660993 0.258787 0.295035 0.617035 0.788559 0.502061 0.474033 0.735103 0.808834 0.769056 0.684805 0.525816 0.501891 0.687937 0.692273 0.462870 0.505035 0.788818 0.645446 0.732582 0.701520 0.958620 0.786545 0.577342 0.648020 0.194434 0.218453 0.447839 0.531772 0.362043 0.451525 0.366204 0.328721 0.600119 0.437739 0.371412 0.425453 0.403551 0.428993 0.409357 0.524830 0.639905 0.594820 0.767778 0.652189 0.509420 0.564627 0.407099 0.392499 0.236183 0.242322 0.446590 0.464513 0.417547 0.455748 0.693609 0.666846 0.637568 0.578813 0.948996 0.914690 0.929657 0.984930 0.862253 0.789865 0.424479 0.912911 0.736248 0.714610 0.785371 0.947921 0.657940 0.704103 0.474916 0.553921 0.961735 0.911943 0.809160 0.630411 0.816258 0.666647 0.872212 0.811193 0.710037 0.888886
0.516817 0.557381 0.514763 0.544810 0.794065 0.687952 0.691514 0.777844 0.980379 0.675114 0.771004 0.651242 0.530450 0.713370 0.616667 0.621393 0.822553 0.717306 0.652696 0.623748 0.000000 0.850556 0.639673 0.567460 0.580027 0.663272 0.736164 0.653766 0.986399 0.957953 0.924441 0.955610 0.677092 0.673675 0.563929 0.720417 0.562301 0.611518 0.588599 0.775254 0.728321 0.986390 0.971856 0.951922 0.956295 0.966411 0.767030 0.894308 0.928303 0.918752 0.964183 0.969359 0.745070 0.577832 0.558539 0.850680 0.642173 0.575247 0.649234 0.659481 0.555719 0.614953 0.830282 0.814986 0.489849 0.448371 0.598396 0.753579 0.492274 0.590252 0.857058 0.958598 0.854381 0.947617 0.970476 0.970635 0.841072 0.956639 0.948652 0.733652 0.688264 0.542986 0.661141 0.658024 0.489816 0.449574 0.653981 0.748231 0.558898 0.573226 0.781747 0.682814 0.995169 0.938120 0.783590 0.944392 0.737699 0.944617 0.888675 0.888281 0.698274 0.783744 0.937168 0.833039 0.896497 0.794206 0.968208 0.872608 0.988986 0.950987 0.909267 0.937362 0.870874 0.913714 0.882087 0.965304
0.969725 0.948285 0.822670 0.903398 0.873643 0.873157 0.923066 0.976504 0.962950 0.969025 0.841250 0.917709 0.956726 0.903465 0.847954 0.875148 0.909312 0.853512 0.929413 0.856749 0.850556 0.000000 0.895117 0.932919 0.925713 0.892229 0.872850 0.947866 0.801817 0.777262 0.917903 0.807855 0.941809 0.932189 0.882520 0.844178 0.932193 0.994145 0.865504 0.820950 0.919012 0.935753 0.844753 0.873603 0.935799 0.986604 0.961059 0.980678 0.985670 0.959277 0.932933 0.930016 0.819385 0.901010 0.840941 0.932106 0.866161 0.966050 0.992214 0.908052 0.910069 0.830184 0.996508 0.984256 0.864810 0.902593 0.973726 0.960939 0.897628 0.922345 0.975416 0.960817 0.946517 0.895714 0.988289 0.990210 0.922234 0.780461 0.985987 0.975837 0.926382 0.997425 0.923442 0.941728 0.892388 0.923032 0.939799 0.848927 0.906513 0.981969 0.986675 0.932391 0.903970 0.905960 0.878529 0.937131 0.914092 0.921479 0.977951 0.960173 0.963055 0.984600 0.857670 0.894193 0.959591 0.965993 0.962132 0.928062 0.929842 0.975477 0.957408 0.980411 0.960639 0.937489 0.844371 0.873494
0.526523 0.485359 0.308120 0.254854 0.563710 0.906395 0.453779 0.554704 0.809425 0.580779 0.993730 0.627150 0.270933 0.496796 0.302623 0.291212 0.737570 0.739858 0.524050 0.536252 0.639673 0.895117 0.000000 0.195344 0.337002 0.518623 0.425253 0.759931 0.974753 0.992109 0.532772 0.915194 0.540024 0.692339 0.563545 0.923008 0.398891 0.577517 0.501750 0.778368 0.763996 0.932882 0.847265 0.859284 0.889307 0.959964 0.621037 0.621968 0.857813 0.792260 0.973044 0.791706 0.959414 0.756779 0.515097 0.655157 0.592635 0.484590 0.605512 0.563954 0.463494 0.446618 0.735158 0.666271 0.286705 0.315181 0.494817 0.596513 0.493594 0.549134 0.579396 0.784385 0.781314 0.906315 0.880123 0.779194 0.762429 0.938379 0.615266 0.757278 0.614531 0.527953 0.529918 0.506199 0.256816 0.263776 0.455994 0.501827 0.424471 0.340622 0.877119 0.888176 0.912105 0.986601 0.753971 0.868613 0.609060 0.998721 0.912849 0.984843 0.589225 0.783233 0.882590 0.859584 0.584571 0.541404 0.932054 0.954861 0.948375 0.803033 0.991630 0.929366 0.998079 0.911813 0.758493 0.923812
0.539929 0.522337 0.299179 0.231649 0.626558 0.858827 0.522283 0.607642 0.797789 0.476211 0.974825 0.667327 0.351323 0.496705 0.355352 0.327737 0.813309 0.746958 0.577270 0.570404 0.567460 0.932919 0.195344 0.000000 0.273576 0.438995 0.407895 0.700031 0.945433 0.931180 0.638153 0.951712 0.584607 0.708244 0.465049 0.806549 0.418528 0.523597 0.420929 0.730205 0.757516 0.874691 0.981774 0.974785 0.827196 0.871210 0.674688 0.708413 0.761938 0.936489 0.859727 0.964126 0.797409 0.562145 0.439537 0.622817 0.611723 0.505087 0.674204 0.651137 0.527452 0.530118 0.859332 0.784693 0.265161 0.304115 0.534601 0.633412 0.477299 0.593704 0.716008 0.875036 0.930929 0.987429 0.935838 0.937431 0.880722 0.991443 0.686485 0.805287 0.642117 0.491889 0.527296 0.431921 0.246586 0.216739 0.495648 0.475762 0.366696 0.283730 0.811495 0.752869 0.905843 0.953646 0.789799 0.884917 0.669588 0.991116 0.828831 0.862456 0.553647 0.729189 0.779781 0.762437 0.662745 0.633844 0.988747 0.894790 0.979406 0.878471 0.900673 0.992344 0.858615 0.823185 0.911990 0.933267
0.568808 0.635186 0.276768 0.301215 0.602315 0.937094 0.644477 0.799274 0.766555 0.426404 0.901605 0.850886 0.443762 0.786928 0.534662 0.498443 0.985563 0.963571 0.790501 0.729011 0.580027 0.925713 0.337002 0.273576 0.000000 0.241835 0.420067 0.619396 0.673595 0.649695 0.668309 0.807756 0.683764 0.846008 0.422979 0.834612 0.375293 0.597262 0.381926 0.650897 0.708768 0.979726 0.842987 0.875894 0.682351 0.741441 0.792353 0.775694 0.675168 0.963846 0.834748 0.978337 0.791904 0.563763 0.380399 0.662978 0.798361 0.632497 0.688500 0.626161 0.582020 0.615875 0.971849 0.983365 0.203684 0.315889 0.603443 0.700003 0.400648 0.486418 0.923927 0.977598 0.886429 0.991780 0.944340 0.930595 0.968477 0.770946 0.892992 0.981294 0.843897 0.632287 0.626969 0.492903 0.260742 0.237342 0.514149 0.610575 0.278541 0.254354 0.774648 0.676064 0.913210 0.956822 0.775895 0.994405 0.822221 0.929340 0.618671 0.625926 0.498742 0.654844 0.600673 0.617321 0.792392 0.724792 0.915182 0.878617 0.998473 0.974529 0.775132 0.792709 0.740464 0.745268 0.949923 0.895699
0.688473 0.789018 0.340887 0.425390 0.671379 0.939055 0.686014 0.870730 0.697274 0.552153 0.829065 0.956231 0.610068 0.918582 0.676608 0.687585 0.897435 0.905927 0.920393 0.861932 0.663272 0.892229 0.518623 0.438995 0.241835 0.000000 0.510759 0.611474 0.588948 0.544315 0.698407 0.806464 0.766851 0.958019 0.496331 0.826585 0.465198 0.649948 0.444836 0.656773 0.801614 0.994892 0.846505 0.861232 0.765238 0.775545 0.837599 0.891196 0.706254 0.967893 0.868686 0.961975 0.895584 0.732911 0.392015 0.656420 0.910768 0.788800 0.745915 0.713717 0.698470 0.762518 0.838851 0.840960 0.289718 0.404530 0.624925 0.717065 0.473932 0.623311 0.967309 0.991969 0.911657 0.946592 0.930846 0.818793 0.995614 0.668516 0.991061 0.899674 0.971487 0.804036 0.771467 0.679764 0.403441 0.354400 0.694720 0.785993 0.360586 0.404712 0.890722 0.795831 0.863227 0.915985 0.694718 0.982251 0.920164 0.943148 0.634144 0.656306 0.608136 0.774326 0.599907 0.562133 0.883366 0.810841 0.866226 0.872745 0.956118 0.974043 0.837554 0.791210 0.708894 0.790970 0.996268 0.779711
0.786360 0.784779 0.537943 0.505797 0.772269 0.960908 0.805358 0.906227 0.913007 0.518787 0.800904 0.900434 0.646356 0.734341 0.645021 0.631312 0.982080 0.924661 0.793257 0.788491 0.736164 0.872850 0.425253 0.407895 0.420067 0.510759 0.000000 0.710845 0.797477 0.810201 0.836581 0.939544 0.807192 0.992507 0.641124 0.868034 0.722431 0.644291 0.644812 0.913795 0.949576 0.929396 0.850799 0.822840 0.648317 0.654838 0.944250 0.983385 0.568842 0.862478 0.740844 0.867596 0.665808 0.597054 0.707336 0.890713 0.847477 0.805507 0.945875 0.885888 0.833912 0.812366 0.921827 0.982745 0.457327 0.529563 0.738841 0.875624 0.663618 0.761119 0.847261 0.910737 0.968034 0.866818 0.936046 0.990196 0.926098 0.819670 0.832384 0.960698 0.900178 0.745231 0.732910 0.745373 0.495570 0.460911 0.692967 0.693093 0.586262 0.501143 0.928058 0.847425 0.929081 0.997197 0.971589 0.915060 0.969882 0.930580 0.744004 0.766219 0.637533 0.774181 0.704326 0.694365 0.835866 0.908912 0.948872 0.844696 0.966327 0.950026 0.871542 0.829777 0.750909 0.796017 0.970984 0.775473
0.815516 0.866056 0.696281 0.733284 0.837577 0.728391 0.921623 0.969557 0.995490 0.674053 0.843658 0.947345 0.752589 0.983803 0.787396 0.823116 0.906549 0.979517 0.940796 0.973723 0.653766 0.947866 0.759931 0.700031 0.619396 0.611474 0.710845 0.000000 0.906194 0.782746 0.828092 0.872467 0.906349 0.975146 0.878686 0.758856 0.724684 0.996209 0.769294 0.766555 0.820413 0.963844 0.987032 0.998503 0.764111 0.875574 0.918295 0.916549 0.827400 0.959407 0.917229 0.998773 0.895793 0.794906 0.735698 0.897808 0.895129 0.847955 0.854521 0.773303 0.890268 0.934879 0.940687 0.925452 0.661455 0.728422 0.870545 0.969390 0.735953 0.701998 0.903595 0.843700 0.912211 0.794182 0.875340 0.967397 0.888972 0.895490 0.969409 0.996987 0.949493 0.851591 0.888546 0.892812 0.717347 0.685409 0.891000 0.976105 0.744108 0.691784 0.876558 0.884917 0.957588 0.985847 0.816919 0.808872 0.905334 0.916184 0.785356 0.769299 0.769181 0.824875 0.768306 0.754060 0.881839 0.938508 0.870944 0.899061 0.872954 0.965085 0.795516 0.829389 0.911175 0.938780 0.891241 0.796181
0.672393 0.569890 0.879684 0.926571 0.961006 0.827208 0.671586 0.564892 0.950093 0.667779 0.507770 0.456520 0.793345 0.482719 0.825117 0.852728 0.349521 0.347700 0.453166 0.506711 0.986399 0.801817 0.974753 0.945433 0.673595 0.588948 0.797477 0.906194 0.000000 0.192909 0.768594 0.387014 0.553778 0.461819 0.888274 0.920197 0.959522 0.903772 0.742488 0.993359 0.976784 0.795963 0.379626 0.371330 0.473748 0.472708 0.616849 0.622781 0.574854 0.706894 0.604430 0.723989 0.794523 0.860165 0.964646 0.906170 0.390260 0.586603 0.698670 0.822507 0.722531 0.762170 0.364520 0.344956 0.754033 0.988667 0.773907 0.738871 0.917953 0.872825 0.567414 0.597923 0.774569 0.676475 0.880995 0.658714 0.654432 0.363436 0.460786 0.376300 0.379469 0.601706 0.746085 0.825953 0.975369 0.949965 0.981373 0.914694 0.853997 0.844775 0.920567 0.848617 0.946136 0.850800 0.864758 0.843788 0.550538 0.902737 0.479041 0.444515 0.787753 0.708064 0.406472 0.362721 0.716913 0.793865 0.982655 0.890536 0.851426 0.699583 0.714435 0.563394 0.577943 0.703350 0.770333 0.908534
0.677751 0.578515 0.865807 0.890545 0.967204 0.836550 0.728012 0.622345 0.963825 0.720225 0.422652 0.440349 0.825382 0.456952 0.876039 0.891271 0.359032 0.311098 0.472096 0.468905 0.957953 0.777262 0.992109 0.931180 0.649695 0.544315 0.810201 0.782746 0.192909 0.000000 0.846552 0.429686 0.582802 0.496538 0.907010 0.888539 0.983788 0.864428 0.722919 0.957308 0.995830 0.809051 0.492542 0.475326 0.563379 0.585559 0.719674 0.730193 0.633745 0.794439 0.722524 0.846521 0.940911 0.990238 0.878211 0.993542 0.396581 0.598177 0.775755 0.870849 0.763939 0.801591 0.390903 0.370399 0.744112 0.977716 0.812016 0.783574 0.914408 0.888315 0.618465 0.608590 0.744222 0.660712 0.824774 0.612936 0.745818 0.389930 0.490756 0.375216 0.376235 0.562400 0.720979 0.814287 0.965718 0.939875 0.988133 0.881895 0.827756 0.856074 0.967470 0.911382 0.929732 0.875358 0.957721 0.866695 0.624644 0.872501 0.536055 0.526129 0.847752 0.772686 0.411426 0.393123 0.744998 0.804422 0.932187 0.985900 0.893212 0.731933 0.689151 0.638787 0.695611 0.727607 0.836256 0.883350
0.729252 0.721614 0.679449 0.688009 0.695134 0.834447 0.632978 0.710792 0.729052 0.868331 0.999555 0.832766 0.556015 0.727655 0.594509 0.623910 0.707069 0.804928 0.688549 0.630329 0.924441 0.917903 0.532772 0.638153 0.668309 0.698407 0.836581 0.828092 0.768594 0.846552 0.000000 0.665395 0.585749 0.744088 0.849385 0.983021 0.551192 0.790872 0.807285 0.839821 0.803460 0.915375 0.747127 0.695421 0.991839 0.942317 0.781230 0.735130 0.912404 0.800037 0.834155 0.777678 0.802308 0.916955 0.743022 0.830473 0.667239 0.698089 0.760848 0.715114 0.688781 0.700884 0.725202 0.667354 0.724833 0.712228 0.794266 0.790749 0.661808 0.727636 0.583522 0.711914 0.657793 0.742108 0.824564 0.818530 0.685074 0.692878 0.683963 0.701636 0.713488 0.741727 0.783559 0.772043 0.660810 0.673851 0.932679 0.896578 0.716218 0.783918 0.789923 0.931329 0.839913 0.855568 0.810047 0.934006 0.759660 0.670928 0.914357 0.999052 0.798189 0.968698 0.865168 0.871136 0.706859 0.797834 0.837439 0.917138 0.899402 0.850913 0.941880 0.935955 0.986695 0.934392 0.892350 0.998617
0.896994 0.798721 0.879336 0.993628 0.980255 0.895247 0.762343 0.689783 0.966964 0.741467 0.771217 0.695721 0.915399 0.612240 0.773230 0.776986 0.583865 0.549264 0.648656 0.660993 0.955610 0.807855 0.915194 0.951712 0.807756 0.806464 0.939544 0.872467 0.387014 0.429686 0.665395 0.000000 0.664869 0.632206 0.851304 0.900072 0.963926 0.885743 0.828631 0.924006 0.982336 0.808780 0.526584 0.480978 0.665333 0.700084 0.772279 0.842492 0.840480 0.942320 0.905780 0.966770 0.921795 0.967989 0.998745 0.992737 0.540383 0.754747 0.956248 0.965605 0.926174 0.919054 0.684692 0.633733 0.816409 0.995812 0.914153 0.849837 0.979628 0.898142 0.678008 0.633554 0.942029 0.870853 0.911701 0.772053 0.813278 0.516553 0.633645 0.648027 0.561635 0.703796 0.828991 0.779391 0.974620 0.994160 0.899565 0.894141 0.921149 0.938964 0.754755 0.794358 0.868087 0.991245 0.886067 0.856821 0.775503 0.892173 0.609757 0.504493 0.781293 0.696318 0.531096 0.562945 0.822923 0.892276 0.985711 0.968168 0.871946 0.795774 0.744074 0.640372 0.759735 0.777124 0.888598 0.967710
0.279124 0.256875 0.490573 0.510984 0.759779 0.812671 0.275684 0.374347 0.672284 0.883942 0.513063 0.390911 0.325201 0.363098 0.487842 0.526718 0.333275 0.332040 0.278714 0.258787 0.677092 0.941809 0.540024 0.584607 0.683764 0.766851 0.807192 0.906349 0.553778 0.582802 0.585749 0.664869 0.000000 0.259108 0.639316 0.861799 0.450300 0.564277 0.727394 0.795775 0.674062 0.742607 0.467099 0.426773 0.619843 0.572121 0.376502 0.411420 0.702547 0.549988 0.628466 0.598755 0.870285 0.910603 0.473585 0.535934 0.247396 0.248348 0.392364 0.483212 0.332072 0.447148 0.335143 0.364496 0.573733 0.433391 0.339759 0.370100 0.400172 0.450088 0.426127 0.646456 0.636039 0.620945 0.657527 0.638475 0.474818 0.654875 0.388044 0.455585 0.274622 0.305862 0.443852 0.434095 0.407531 0.434036 0.710098 0.617355 0.576749 0.588032 0.988009 0.915621 0.928445 0.942831 0.798045 0.893671 0.479802 0.948937 0.728683 0.733047 0.833061 0.914574 0.757487 0.662878 0.534467 0.549627 0.950039 0.943998 0.944667 0.610125 0.799045 0.611589 0.794489 0.751425 0.684715 0.954398
0.274763 0.270348 0.604574 0.614188 0.772273 0.781582 0.287793 0.323194 0.768911 0.938233 0.378297 0.321211 0.404232 0.332644 0.559455 0.570816 0.317913 0.281163 0.256123 0.295035 0.673675 0.932189 0.692339 0.708244 0.846008 0.958019 0.992507 0.975146 0.461819 0.496538 0.744088 0.632206 0.259108 0.000000 0.630353 0.795321 0.560136 0.620158 0.805963 0.787276 0.724326 0.790356 0.461543 0.398023 0.521797 0.458345 0.357785 0.400012 0.553069 0.518654 0.548477 0.563063 0.851375 0.926804 0.520365 0.501610 0.239062 0.255413 0.337807 0.438165 0.298171 0.387746 0.285941 0.281650 0.710072 0.521236 0.369484 0.392468 0.474690 0.452523 0.543398 0.713039 0.635317 0.550843 0.733770 0.693457 0.557469 0.588092 0.468642 0.446667 0.237634 0.308071 0.430416 0.442579 0.519094 0.551704 0.719715 0.706230 0.640573 0.703517 0.954002 0.870035 0.993832 0.905490 0.849819 0.793891 0.392356 0.875857 0.579649 0.635683 0.951550 0.901792 0.657046 0.586583 0.538162 0.574624 0.909753 0.915099 0.821952 0.576939 0.756950 0.545174 0.727185 0.752179 0.652616 0.942889
0.478127 0.538098 0.354204 0.407790 0.757084 0.919106 0.509112 0.639152 0.700941 0.616858 0.864900 0.725325 0.497275 0.596234 0.639291 0.618762 0.865394 0.795260 0.594096 0.617035 0.563929 0.882520 0.563545 0.465049 0.422979 0.496331 0.641124 0.878686 0.888274 0.907010 0.849385 0.851304 0.639316 0.630353 0.000000 0.849773 0.476421 0.475362 0.409791 0.702033 0.842920 0.980259 0.962114 0.951770 0.992899 0.981085 0.717044 0.708536 0.905695 0.872330 0.981719 0.868700 0.866131 0.670717 0.376424 0.533347 0.688233 0.560021 0.554513 0.596102 0.495327 0.584985 0.863880 0.851985 0.340342 0.350242 0.426377 0.514387 0.478155 0.600246 0.808962 0.920575 0.788330 0.861736 0.955960 0.982636 0.886903 0.915314 0.804689 0.852646 0.730991 0.546259 0.562430 0.531928 0.376672 0.358194 0.678187 0.658813 0.395044 0.490045 0.744936 0.701970 0.947379 0.966525 0.792094 0.974472 0.700542 0.983510 0.786980 0.812883 0.522002 0.811144 0.745041 0.828592 0.698844 0.697294 0.898987 0.904691 0.980518 0.860211 0.830649 0.938501 0.807973 0.856270 0.800989 0.901860
0.785214 0.807000 0.887370 0.814998 0.865263 0.702649 0.855602 0.776503 0.906134 0.968857 0.872737 0.756553 0.884874 0.773321 0.885998 0.879085 0.895378 0.762988 0.839342 0.788559 0.720417 0.844178 0.923008 0.806549 0.834612 0.826585 0.868034 0.758856 0.920197 0.888539 0.983021 0.900072 0.861799 0.795321 0.849773 0.000000 0.931102 0.732722 0.811107 0.832759 0.889201 0.825936 0.899765 0.866217 0.985082 0.976228 0.860844 0.954697 0.986774 0.915450 0.922769 0.923586 0.776538 0.683291 0.804430 0.953935 0.759385 0.800964 0.900551 0.895731 0.879766 0.875322 0.977141 0.946801 0.844017 0.776867 0.871802 0.847901 0.839069 0.752005 0.923735 0.980088 0.991541 0.969885 0.869477 0.995713 0.993275 0.980838 0.905588 0.802438 0.825036 0.802740 0.879946 0.934028 0.851507 0.784630 0.942736 0.908267 0.907480 0.830645 0.868077 0.910348 0.910958 0.976641 0.950843 0.929969 0.865419 0.942594 0.953848 0.949146 0.985268 0.987516 0.922686 0.969749 0.858802 0.864167 0.926718 0.922907 0.870469 0.839480 0.956399 0.986757 0.930548 0.848965 0.834576 0.894371
0.400123 0.429868 0.314111 0.365075 0.709164 0.910097 0.427697 0.541378 0.691014 0.616966 0.811635 0.611079 0.311055 0.611993 0.512907 0.480018 0.690053 0.703159 0.563301 0.502061 0.562301 0.932193 0.398891 0.418528 0.375293 0.465198 0.722431 0.724684 0.959522 0.983788 0.551192 0.963926 0.450300 0.560136 0.476421 0.931102 0.000000 0.603010 0.563765 0.697684 0.637588 0.939494 0.847894 0.774838 0.980924 0.906960 0.573453 0.531714 0.963413 0.659641 0.852766 0.713571 0.932400 0.847174 0.342896 0.563358 0.541085 0.406020 0.457356 0.481414 0.365111 0.439025 0.659006 0.634583 0.335783 0.325900 0.460123 0.536498 0.354761 0.407579 0.656157 0.844850 0.691573 0.697788 0.761405 0.881807 0.676599 0.940928 0.642505 0.723270 0.578090 0.459084 0.536073 0.474872 0.290657 0.294202 0.623096 0.596916 0.378261 0.390968 0.717227 0.735507 0.959213 0.949736 0.750355 0.931944 0.624588 0.870004 0.873525 0.875650 0.566306 0.782778 0.948839 0.912640 0.664755 0.640297 0.974558 0.995761 0.939765 0.754754 0.911159 0.965265 0.947902 0.992763 0.743996 0.878873
0.563777 0.551283 0.513476 0.522396 0.826714 0.885736 0.531905 0.608240 0.737524 0.906686 0.828797 0.621812 0.569010 0.536412 0.556501 0.633257 0.753752 0.584041 0.598585 0.474033 0.611518 0.994145 0.577517 0.523597 0.597262 0.649948 0.644291 0.996209 0.903772 0.864428 0.790872 0.885743 0.564277 0.620158 0.475362 0.732722 0.603010 0.000000 0.642559 0.776647 0.897809 0.616183 0.845496 0.811226 0.836749 0.922712 0.705652 0.766399 0.988791 0.880655 0.974688 0.913763 0.785442 0.689660 0.576159 0.747259 0.564633 0.529661 0.718736 0.775760 0.614165 0.653693 0.808473 0.717410 0.528425 0.508093 0.551460 0.572287 0.543370 0.622844 0.630358 0.600259 0.786876 0.776091 0.954070 0.939026 0.723332 0.847222 0.744302 0.683057 0.640834 0.537152 0.735026 0.667652 0.510419 0.501352 0.738585 0.737590 0.558140 0.606519 0.962991 0.931389 0.816374 0.813241 0.995616 0.888694 0.732188 0.849838 0.891830 0.895420 0.780768 0.932814 0.898226 0.930510 0.587094 0.705456 0.790504 0.986980 0.963964 0.876628 0.976442 0.930717 0.879084 0.915112 0.878413 0.905665
