0.000000 0.521550 0.896238 0.665751 0.905164 0.812272 0.706642 0.618631 0.822895 0.703187 0.544196 0.656047 0.944487 0.996135 0.908614 0.897651 0.470246 0.362955 0.547002 0.503563 0.954683 0.910964 0.853145 0.770647 0.902908 0.967354 0.917714 0.978732 0.726809 0.742485 0.981366 0.992302 0.542762 0.568829 0.841259 0.982184 0.605933 0.763598 0.928699 0.901894 0.727915 0.722565 0.859481 0.907998 0.806318 0.654525 0.599166 0.568204 0.614491 0.653082 0.792811 0.800685 0.874058 0.841278 0.561199 0.571849 0.404654 0.459423 0.402525 0.503673 0.666998 0.688203 0.479891 0.441047 0.827744 0.971232 0.742862 0.823024 0.624865 0.610543 0.897892 0.967289 0.978487 0.961609 0.899128 0.862906 0.947780 0.747917 0.797838 0.948043 0.429210 0.378823 0.816903 0.505451 0.682944 0.916386 0.934990 0.957329 0.824673 0.446006 0.840499 0.924539 0.926216 0.863761 0.750685 0.894306 0.664442 0.867541 0.627342 0.669034 0.871870 0.933067 0.476945 0.672452 0.802684 0.647162 0.882478 0.882356 0.981706 0.867612 0.943892 0.751528 0.778721 0.921401 0.881098 0.943212
0.521550 0.000000 0.863741 0.642593 0.836423 0.878532 0.783776 0.706674 0.999499 0.817285 0.761186 0.740891 0.964713 0.859714 0.977069 0.974071 0.595274 0.526018 0.564929 0.511232 0.996346 0.896830 0.926493 0.966966 0.979800 0.958466 0.937603 0.929910 0.826460 0.800719 0.909125 0.909600 0.665454 0.715318 0.892716 0.914032 0.729737 0.714139 0.857688 0.995104 0.765843 0.784172 0.722168 0.706597 0.684019 0.565979 0.703095 0.588494 0.486822 0.504326 0.637780 0.660425 0.693962 0.903031 0.695581 0.744978 0.481823 0.472379 0.565304 0.558923 0.916704 0.831434 0.791201 0.688799 0.945496 0.976195 0.809827 0.780578 0.620160 0.536754 0.703447 0.724945 0.883997 0.956297 0.847476 0.982234 0.864035 0.687739 0.902979 0.859412 0.672793 0.549211 0.864924 0.667980 0.760526 0.933400 0.968331 0.930874 0.920605 0.575051 0.767787 0.793659 0.810339 0.882417 0.807916 0.847077 0.611923 0.903851 0.632541 0.545923 0.873619 0.756629 0.562156 0.574974 0.716223 0.632750 0.939767 0.804798 0.961324 0.732726 0.983045 0.723939 0.654477 0.818464 0.869854 0.960323
0.896238 0.863741 0.000000 0.680815 0.995856 0.752215 0.642300 0.932838 0.694571 0.954816 0.957786 0.791714 0.928266 0.844622 0.960343 0.740764 0.924967 0.892101 0.896880 0.924541 0.882978 0.956882 0.896438 0.969529 0.788361 0.785246 0.802901 0.927621 0.963760 0.782015 0.987244 0.986650 0.843905 0.946571 0.745205 0.995639 0.657584 0.881072 0.967669 0.979806 0.853168 0.793454 0.999738 0.957210 0.928164 0.965901 0.972562 0.988417 0.964100 0.837275 0.861767 0.830709 0.778164 0.709459 0.975881 0.910698 0.837811 0.764008 0.882168 0.940223 0.992643 0.772626 0.965139 0.970427 0.655977 0.792011 0.710962 0.927338 0.713475 0.762643 0.990669 0.768446 0.917003 0.855892 0.814644 0.761650 0.939159 0.863835 0.839093 0.951792 0.930189 0.949601 0.902595 0.779365 0.834049 0.956193 0.939214 0.865816 0.833742 0.871155 0.718111 0.669073 0.624182 0.653782 0.856728 0.860048 0.834282 0.958780 0.880211 0.847146 0.939801 0.850314 0.826739 0.954482 0.833460 0.818168 0.913243 0.827106 0.860720 0.897764 0.924064 0.875348 0.826083 0.904359 0.908961 0.857770
0.665751 0.642593 0.680815 0.000000 0.876450 0.777267 0.717971 0.756242 0.906466 0.870974 0.765032 0.878775 0.978063 0.879200 0.895471 0.943611 0.757096 0.680526 0.567260 0.606824 0.961717 0.977144 0.755177 0.914967 0.864257 0.787230 0.863801 0.978931 0.793643 0.942505 0.898849 0.855458 0.731716 0.834805 0.819561 0.930982 0.711660 0.938575 0.927673 0.977908 0.808483 0.809890 0.866789 0.841996 0.826911 0.799404 0.796315 0.691636 0.798524 0.690599 0.810587 0.698491 0.724845 0.842360 0.810669 0.702857 0.697996 0.665586 0.804239 0.750285 0.910214 0.919436 0.795568 0.793072 0.837859 0.990323 0.743312 0.906405 0.726089 0.688927 0.768373 0.731502 0.851322 0.910204 0.888842 0.811195 0.843033 0.780501 0.971886 0.832727 0.727190 0.666791 0.854719 0.732527 0.670598 0.784057 0.979520 0.946034 0.930200 0.589866 0.548918 0.700044 0.553506 0.748274 0.809318 0.839060 0.655937 0.935745 0.641281 0.591886 0.918488 0.807321 0.538868 0.661363 0.619099 0.594336 0.963197 0.934760 0.864015 0.866953 0.951833 0.674216 0.805491 0.950701 0.796233 0.977333
0.905164 0.836423 0.995856 0.876450 0.000000 0.952127 0.916827 0.968618 0.774611 0.950215 0.966362 0.928371 0.733485 0.885194 0.746377 0.791252 0.955502 0.954089 0.886262 0.921123 0.780714 0.943033 0.678330 0.694942 0.956298 0.873134 0.833990 0.912685 0.972021 0.986039 0.906743 0.922286 0.893173 0.942603 0.937714 0.984091 0.939307 0.731295 0.949688 0.903975 0.902796 0.990757 0.720793 0.686858 0.945379 0.890564 0.733284 0.891168 0.824525 0.927717 0.871676 0.951419 0.961497 0.988342 0.925845 0.951859 0.879920 0.968547 0.809386 0.882160 0.900364 0.981188 0.964470 0.999310 0.811149 0.967537 0.894507 0.746034 0.992165 0.967736 0.906114 0.974155 0.932259 0.831538 0.918875 0.867405 0.885053 0.907067 0.823735 0.996351 0.891876 0.994586 0.794240 0.964310 0.699971 0.778384 0.848195 0.799073 0.973581 0.998250 0.856162 0.938527 0.807840 0.948000 0.965093 0.834686 0.941986 0.859598 0.997730 0.951165 0.971074 0.915177 0.998388 0.860849 0.854738 0.957236 0.978363 0.961914 0.912227 0.880636 0.981940 0.966826 0.859345 0.986806 0.955552 0.984635
0.812272 0.878532 0.752215 0.777267 0.952127 0.000000 0.950172 0.755520 0.958625 0.743167 0.840607 0.790977 0.998420 0.848980 0.872311 0.875193 0.879543 0.878787 0.880265 0.933496 0.980550 0.852434 0.964647 0.946135 0.869276 0.947841 0.999858 0.897502 0.855196 0.818390 0.910414 0.999835 0.850311 0.907089 0.892189 0.923644 0.929761 0.989345 0.962119 0.957679 0.958170 0.908355 0.981736 0.969191 0.965283 0.845339 0.803844 0.882779 0.944829 0.997465 0.939110 0.965924 0.974627 0.862047 0.933130 0.836302 0.947612 0.946746 0.874581 0.716713 0.782921 0.644149 0.825618 0.842440 0.844770 0.671891 0.853808 0.774215 0.882452 0.935421 0.886452 0.980233 0.924801 0.877154 0.977021 0.856150 0.964643 0.903502 0.911810 0.937472 0.786622 0.787017 0.916210 0.918797 0.989649 0.919994 0.909764 0.926933 0.927193 0.925678 0.896059 0.929445 0.962150 0.898938 0.982489 0.917615 0.872768 0.815487 0.869045 0.875207 0.881755 0.947423 0.845438 0.846321 0.864668 0.949972 0.906653 0.975136 0.972404 0.956090 0.997108 0.789994 0.945039 0.904510 0.849397 0.924920
0.706642 0.783776 0.642300 0.717971 0.916827 0.950172 0.000000 0.466355 0.723876 0.457353 0.597381 0.809473 0.810897 0.780580 0.656075 0.707094 0.618052 0.595127 0.692440 0.763497 0.873305 0.919131 0.959826 0.745992 0.659510 0.740717 0.814330 0.715538 0.659655 0.731676 0.946573 0.937337 0.696517 0.540500 0.937182 0.957994 0.856210 0.976857 0.825823 0.974356 0.894584 0.940288 0.962835 0.983883 0.513459 0.563087 0.944707 0.830428 0.749039 0.858476 0.942794 0.998631 0.854826 0.954499 0.945897 0.852561 0.853334 0.797633 0.738989 0.795824 0.508681 0.675496 0.648265 0.581476 0.752068 0.937268 0.655127 0.749238 0.852612 0.698166 0.866811 0.799694 0.967239 0.944179 0.725171 0.903676 0.932656 0.725114 0.843580 0.987861 0.687584 0.712322 0.965020 0.705392 0.996353 0.751550 0.818405 0.766962 0.860395 0.922944 0.531435 0.709568 0.558623 0.860443 0.764503 0.936870 0.781599 0.887255 0.493760 0.592056 0.778984 0.931455 0.627413 0.722897 0.868720 0.825644 0.945767 0.996866 0.984702 0.834452 0.952582 0.718783 0.654990 0.768792 0.870117 0.993194
0.618631 0.706674 0.932838 0.756242 0.968618 0.755520 0.466355 0.000000 0.930743 0.322462 0.407168 0.442308 0.919099 0.978125 0.632191 0.854354 0.528904 0.514020 0.654613 0.644906 0.786952 0.853358 0.802511 0.756534 0.506646 0.622791 0.695993 0.649836 0.503276 0.473837 0.983353 0.948037 0.694305 0.377741 0.980889 0.993982 0.956370 0.858681 0.885589 0.971775 0.842179 0.997400 0.921237 0.942459 0.543557 0.524767 0.816992 0.696085 0.652220 0.939201 0.929303 0.854410 0.889106 0.707165 0.792720 0.780429 0.831661 0.847305 0.689559 0.650167 0.399167 0.365923 0.441427 0.370780 0.493215 0.826577 0.783735 0.614124 0.951765 0.769233 0.910402 0.975834 0.966224 0.860245 0.764899 0.946167 0.991877 0.808162 0.918859 0.933008 0.584644 0.608862 0.901895 0.692448 0.940200 0.825339 0.718038 0.804387 0.866622 0.794792 0.731241 0.953523 0.872007 0.781196 0.760391 0.995157 0.778114 0.889348 0.490727 0.643275 0.641695 0.955567 0.572641 0.665636 0.976899 0.841764 0.831643 0.871742 0.906181 0.841098 0.851600 0.705040 0.735500 0.698101 0.839013 0.808994
0.822895 0.999499 0.694571 0.906466 0.774611 0.958625 0.723876 0.930743 0.000000 0.871982 0.995098 0.910941 0.949030 0.953992 0.992652 0.991554 0.992994 0.974135 0.900048 0.955037 0.978135 0.864192 0.838636 0.924599 0.954687 0.947730 0.916084 0.951335 0.908066 0.955687 0.965469 0.918952 0.941183 0.926721 0.892149 0.812519 0.995867 0.895852 0.974893 0.943631 0.990093 0.923724 0.818688 0.837065 0.893792 0.992720 0.863446 0.810275 0.939926 0.985191 0.891621 0.908586 0.830655 0.707240 0.886094 0.966316 0.926950 0.904043 0.941202 0.923849 0.887231 0.971630 0.904568 0.934669 0.802947 0.978680 0.831462 0.969606 0.980806 0.923474 0.959157 0.876435 0.964628 0.996373 0.881359 0.974598 0.810659 0.959910 0.927359 0.891533 0.937851 0.862299 0.979327 0.943821 0.987886 0.981769 0.949382 0.833823 0.998730 0.890877 0.693324 0.657529 0.717134 0.697095 0.917723 0.949808 0.825530 0.958656 0.873085 0.889056 0.887666 0.800078 0.980847 0.983055 0.885714 0.966167 0.979729 0.892071 0.919452 0.999663 0.973840 0.873539 0.903222 0.891953 0.880080 0.956401
0.703187 0.817285 0.954816 0.870974 0.950215 0.743167 0.457353 0.322462 0.871982 0.000000 0.521398 0.556912 0.864042 0.948030 0.587369 0.824387 0.609831 0.566097 0.727882 0.785868 0.846529 0.959050 0.762805 0.677095 0.411631 0.506824 0.689410 0.630186 0.589558 0.545814 0.973735 0.985363 0.761744 0.478463 0.969151 0.933689 0.928427 0.820038 0.822843 0.899540 0.890290 0.986407 0.970292 0.965278 0.537969 0.558113 0.832935 0.761518 0.681248 0.982887 0.932502 0.826944 0.913980 0.755283 0.871699 0.779755 0.923628 0.861449 0.680704 0.673842 0.429583 0.434801 0.534391 0.457535 0.463567 0.893770 0.754993 0.662792 0.949382 0.736487 0.911666 0.942889 0.942487 0.909696 0.734921 0.971934 0.966434 0.870475 0.863724 0.838155 0.632203 0.709991 0.795219 0.785347 0.855674 0.680891 0.718998 0.773350 0.784965 0.889878 0.763689 0.972510 0.885184 0.808189 0.789639 0.989618 0.852288 0.891420 0.535843 0.671237 0.674767 0.902461 0.643151 0.722101 0.995108 0.826152 0.943203 0.940170 0.961073 0.834139 0.934152 0.746499 0.774547 0.651969 0.833485 0.900155
0.544196 0.761186 0.957786 0.765032 0.966362 0.840607 0.597381 0.407168 0.995098 0.521398 0.000000 0.489065 0.932192 0.925834 0.674255 0.798920 0.466441 0.497926 0.709360 0.628727 0.911044 0.721302 0.757888 0.716834 0.754864 0.784640 0.852561 0.812342 0.562636 0.549644 0.973159 0.982878 0.652689 0.410491 0.869083 0.957922 0.881444 0.964976 0.930876 0.953376 0.740085 0.873570 0.984271 0.954914 0.730357 0.674544 0.823563 0.800947 0.736243 0.974431 0.859968 0.845122 0.805375 0.649716 0.752520 0.734547 0.741589 0.818430 0.634773 0.670349 0.457138 0.462319 0.396012 0.368198 0.650464 0.863040 0.718055 0.685917 0.988512 0.728431 0.968945 0.946022 0.981054 0.952637 0.866938 0.890385 0.881067 0.924184 0.874650 0.993866 0.521338 0.540543 0.964103 0.607816 0.946607 0.968864 0.824438 0.805048 0.973196 0.690455 0.828668 0.810119 0.946815 0.726104 0.688012 0.969332 0.835285 0.904100 0.659549 0.754405 0.736588 0.931416 0.543171 0.749583 0.973938 0.797847 0.712214 0.842758 0.817482 0.814832 0.949378 0.787938 0.822977 0.883183 0.922136 0.854908
0.656047 0.740891 0.791714 0.878775 0.928371 0.790977 0.809473 0.442308 0.910941 0.556912 0.489065 0.000000 0.712287 0.661506 0.948135 0.826609 0.583735 0.583583 0.646044 0.630527 0.830857 0.819858 0.875819 0.968235 0.662754 0.629983 0.865945 0.794659 0.567006 0.497463 0.846716 0.988665 0.818930 0.493542 0.966899 0.953600 0.889297 0.807690 0.943862 0.955367 0.808600 0.949752 0.922232 0.984798 0.803357 0.714189 0.728497 0.798596 0.786834 0.914021 0.854857 0.778742 0.710381 0.559726 0.674262 0.719243 0.786985 0.919180 0.813105 0.799119 0.495103 0.417122 0.423160 0.449435 0.642123 0.685103 0.956689 0.810197 0.937638 0.806470 0.985112 0.824647 0.934665 0.903722 0.844493 0.910577 0.940826 0.898004 0.995055 0.920299 0.572999 0.551299 0.949727 0.694701 0.847739 0.843122 0.815537 0.965636 0.924364 0.751582 0.913060 0.679440 0.849657 0.543621 0.745261 0.925321 0.839851 0.977826 0.797237 0.934673 0.747093 0.852355 0.725439 0.818415 0.941845 0.915265 0.694506 0.900983 0.824736 0.919305 0.846678 0.854345 0.891862 0.886286 0.886494 0.773890
0.944487 0.964713 0.928266 0.978063 0.733485 0.998420 0.810897 0.919099 0.949030 0.864042 0.932192 0.712287 0.000000 0.494275 0.529719 0.468938 0.932881 0.920782 0.959273 0.994107 0.797404 0.966501 0.709283 0.603635 0.977980 0.866574 0.704092 0.826641 0.960904 0.952370 0.754414 0.953107 0.854553 0.928866 0.922165 0.859052 0.900162 0.840814 0.908156 0.921903 0.895890 0.945047 0.852042 0.783719 0.741101 0.768329 0.956205 0.861190 0.807600 0.755287 0.824493 0.819787 0.816824 0.852075 0.738851 0.873367 0.913946 0.865174 0.678170 0.665383 0.904393 0.996040 0.873745 0.997946 0.789068 0.899314 0.768502 0.591459 0.948390 0.916257 0.879587 0.853139 0.999429 0.997646 0.956117 0.854402 0.945994 0.926276 0.798732 0.873965 0.968087 0.951867 0.731562 0.864376 0.552652 0.512301 0.884500 0.673272 0.745638 0.996672 0.792050 0.795509 0.908107 0.771620 0.864037 0.942113 0.948875 0.921528 0.810046 0.699506 0.760008 0.856976 0.941132 0.856672 0.985940 0.868999 0.784962 0.959515 0.985976 0.879344 0.839591 0.884211 0.810890 0.993396 0.935456 0.858478
0.996135 0.859714 0.844622 0.879200 0.885194 0.848980 0.780580 0.978125 0.953992 0.948030 0.925834 0.661506 0.494275 0.000000 0.536117 0.461372 0.958735 0.934212 0.737243 0.766376 0.895240 0.972186 0.680673 0.550991 0.981433 0.964586 0.688559 0.879044 0.783459 0.753008 0.972086 0.743112 0.999235 0.989239 0.906501 0.996453 0.799464 0.902252 0.966442 0.920476 0.925020 0.885714 0.892814 0.949166 0.976065 0.981621 0.851791 0.853890 0.951358 0.998412 0.964596 0.960511 0.986384 0.969830 0.858329 0.814223 0.924393 0.924427 0.782688 0.887074 0.990852 0.951129 0.829719 0.959768 0.894849 0.840063 0.869692 0.860710 0.974833 0.974281 0.881411 0.977283 0.832022 0.810430 0.917955 0.938115 0.858883 0.993586 0.920223 0.924357 0.881951 0.888920 0.796730 0.902726 0.640736 0.555025 0.960490 0.663044 0.910962 0.865229 0.887074 0.891298 0.935617 0.810344 0.898464 0.964632 0.984837 0.812375 0.985873 0.955469 0.970944 0.965993 0.976404 0.928629 0.989518 0.988277 0.787913 0.980504 0.948300 0.927139 0.817097 0.923386 0.979565 0.974277 0.924579 0.851860
0.908614 0.977069 0.960343 0.895471 0.746377 0.872311 0.656075 0.632191 0.992652 0.587369 0.674255 0.948135 0.529719 0.536117 0.000000 0.464343 0.774473 0.849821 0.875367 0.885751 0.942425 0.892954 0.496508 0.456602 0.736487 0.830691 0.562639 0.795470 0.897164 0.829106 0.974254 0.886972 0.888456 0.718014 0.912904 0.939944 0.945353 0.951671 0.880163 0.899474 0.966411 0.937948 0.878530 0.837106 0.654174 0.673491 0.909642 0.930615 0.780442 0.952027 0.968873 0.845499 0.811907 0.812756 0.976337 0.979446 0.984427 0.986877 0.686014 0.716112 0.706032 0.631655 0.864097 0.754457 0.555638 0.874599 0.753444 0.505482 0.762784 0.899812 0.903102 0.865769 0.915214 0.927184 0.904937 0.871805 0.932954 0.898476 0.809511 0.976060 0.882507 0.992918 0.630454 0.976425 0.510816 0.523671 0.776083 0.644390 0.768936 0.938634 0.900823 0.934880 0.978013 0.930780 0.934145 0.993915 0.958672 0.799349 0.809421 0.795835 0.756238 0.968779 0.889814 0.900939 0.877216 0.983919 0.997176 0.923978 0.951056 0.869938 0.995622 0.923429 0.869953 0.781004 0.828374 0.998427
0.897651 0.974071 0.740764 0.943611 0.791252 0.875193 0.707094 0.854354 0.991554 0.824387 0.798920 0.826609 0.468938 0.461372 0.464343 0.000000 0.865920 0.887598 0.909555 0.920153 0.905068 0.945480 0.531636 0.445490 0.950840 0.972838 0.706617 0.888565 0.957850 0.899487 0.928643 0.791140 0.998803 0.910120 0.950613 0.983004 0.855931 0.947334 0.918494 0.899247 0.996782 0.862920 0.945138 0.873655 0.793861 0.825957 0.996645 0.955921 0.819876 0.951050 0.984441 0.953524 0.930213 0.942551 0.939663 0.981897 0.943024 0.914394 0.676071 0.841601 0.946911 0.947916 0.995563 0.889201 0.806120 0.851948 0.804654 0.770698 0.998389 0.886182 0.885418 0.937813 0.788110 0.816286 0.942701 0.945727 0.954941 0.995718 0.870382 0.975546 0.925322 0.986369 0.680721 0.995877 0.613531 0.576231 0.844560 0.518114 0.915878 0.928731 0.871929 0.947486 0.877483 0.900299 0.963346 0.983880 0.952148 0.843477 0.825957 0.817128 0.869767 0.956576 0.886017 0.893308 0.949546 0.861070 0.921634 0.966279 0.993108 0.945521 0.861566 0.945223 0.999004 0.990695 0.895025 0.907541
0.470246 0.595274 0.924967 0.757096 0.955502 0.879543 0.618052 0.528904 0.992994 0.609831 0.466441 0.583735 0.932881 0.958735 0.774473 0.865920 0.000000 0.420926 0.625817 0.567700 0.981272 0.871031 0.826946 0.763164 0.808409 0.884905 0.854216 0.851467 0.653436 0.679176 0.976645 0.986346 0.638594 0.528012 0.828058 0.971423 0.806048 0.916736 0.808748 0.953400 0.713327 0.862577 0.947905 0.920895 0.761114 0.699703 0.765389 0.728148 0.691126 0.801832 0.898263 0.914359 0.998020 0.833693 0.650719 0.666644 0.552226 0.578865 0.495435 0.534715 0.555882 0.561402 0.485134 0.414248 0.775259 0.821748 0.685024 0.705858 0.787304 0.668388 0.866875 0.958190 0.902046 0.982702 0.803467 0.903167 0.986859 0.795337 0.873243 0.915640 0.480360 0.488728 0.971614 0.626159 0.845366 0.963710 0.906039 0.985871 0.834632 0.635925 0.853541 0.912361 0.916997 0.886667 0.735209 0.856070 0.730246 0.904876 0.594739 0.668829 0.786088 0.939516 0.533012 0.633015 0.846464 0.685251 0.918108 0.913408 0.977819 0.776658 0.951593 0.787576 0.777906 0.834245 0.961439 0.992675
0.362955 0.526018 0.892101 0.680526 0.954089 0.878787 0.595127 0.514020 0.974135 0.566097 0.497926 0.583583 0.920782 0.934212 0.849821 0.887598 0.420926 0.000000 0.562745 0.493459 0.987259 0.934786 0.832997 0.748191 0.794989 0.858764 0.927965 0.844164 0.616330 0.588090 0.962037 0.972629 0.560485 0.488151 0.864183 0.922229 0.681988 0.841228 0.915699 0.869071 0.730623 0.741192 0.766646 0.820152 0.637367 0.533014 0.571197 0.546035 0.521449 0.661250 0.775566 0.825299 0.867004 0.885123 0.631982 0.575004 0.421909 0.501305 0.412896 0.505576 0.608025 0.621979 0.444835 0.392615 0.698705 0.980968 0.642664 0.726452 0.699522 0.529374 0.881243 0.962365 0.999879 0.965444 0.817174 0.902438 0.968908 0.777699 0.811499 0.957411 0.344049 0.373175 0.837706 0.455915 0.759324 0.989336 0.887213 0.943680 0.886057 0.539325 0.842994 0.934699 0.894897 0.845889 0.705996 0.852728 0.731885 0.844003 0.541124 0.636029 0.795545 0.977352 0.439373 0.591945 0.823746 0.625116 0.946707 0.931585 0.933304 0.779558 0.938303 0.696008 0.707894 0.833277 0.975557 0.908643
0.547002 0.564929 0.896880 0.567260 0.886262 0.880265 0.692440 0.654613 0.900048 0.727882 0.709360 0.646044 0.959273 0.737243 0.875367 0.909555 0.625817 0.562745 0.000000 0.486889 0.826207 0.818993 0.755899 0.879589 0.892573 0.873280 0.974571 0.840117 0.679372 0.713376 0.846221 0.610600 0.694463 0.632229 0.825940 0.891890 0.922094 0.972301 0.757989 0.863862 0.775405 0.823787 0.899113 0.930953 0.683724 0.622647 0.755555 0.655018 0.637555 0.649731 0.826978 0.782873 0.716174 0.936302 0.720562 0.694794 0.643900 0.670914 0.779727 0.715519 0.763373 0.811620 0.603912 0.603850 0.918148 0.957494 0.932313 0.917126 0.737024 0.649493 0.666488 0.744006 0.781963 0.778605 0.916344 0.913213 0.875221 0.737715 0.943976 0.828984 0.656177 0.531071 0.781746 0.768987 0.619334 0.880331 0.967776 0.852316 0.990183 0.650533 0.697871 0.828948 0.673010 0.971717 0.695902 0.957615 0.774777 0.922844 0.599538 0.538737 0.848172 0.982078 0.594488 0.673336 0.755915 0.605934 0.921329 0.887680 0.960463 0.906513 0.876433 0.736419 0.703826 0.954899 0.929274 0.844547
0.503563 0.511232 0.924541 0.606824 0.921123 0.933496 0.763497 0.644906 0.955037 0.785868 0.628727 0.630527 0.994107 0.766376 0.885751 0.920153 0.567700 0.493459 0.486889 0.000000 0.967832 0.867416 0.851154 0.923061 0.934478 0.982592 0.971015 0.794148 0.568855 0.647954 0.754491 0.774354 0.619384 0.624500 0.856232 0.964024 0.771613 0.792975 0.946669 0.992723 0.711005 0.899638 0.853611 0.922346 0.754490 0.655423 0.694830 0.630102 0.622103 0.597838 0.724743 0.679970 0.741468 0.969558 0.813202 0.726047 0.533891 0.593705 0.637711 0.571975 0.810760 0.731422 0.601372 0.586229 0.893160 0.911357 0.817845 0.807632 0.760024 0.699165 0.703697 0.775763 0.757397 0.757061 0.900141 0.948160 0.944001 0.855485 0.827075 0.767457 0.637309 0.518028 0.763446 0.684376 0.692538 0.840598 0.926674 0.915542 0.954586 0.564632 0.791846 0.944212 0.848707 0.996983 0.777105 0.949567 0.760112 0.864674 0.604984 0.637627 0.708776 0.944380 0.598136 0.626136 0.798451 0.653230 0.944712 0.948535 0.923394 0.809327 0.925753 0.699526 0.709381 0.880362 0.899543 0.809986
0.954683 0.996346 0.882978 0.961717 0.780714 0.980550 0.873305 0.786952 0.978135 0.846529 0.911044 0.830857 0.797404 0.895240 0.942425 0.905068 0.981272 0.987259 0.826207 0.967832 0.000000 0.943271 0.789989 0.776704 0.816790 0.717706 0.942325 0.780571 0.870670 0.783529 0.984049 0.842606 0.922214 0.907201 0.892587 0.991315 0.870478 0.870457 0.859073 0.943824 0.945663 0.875881 0.818139 0.896181 0.794098 0.896768 0.837502 0.950236 0.911223 0.989679 0.870928 0.866108 0.952915 0.958958 0.846843 0.953453 0.852308 0.878144 0.808649 0.904162 0.885623 0.888349 0.893432 0.861090 0.848903 0.886868 0.849414 0.886229 0.942467 0.945960 0.904766 0.911779 0.961041 0.706388 0.976086 0.866066 0.957595 0.951115 0.790893 0.881669 0.957858 0.989967 0.886357 0.990121 0.862651 0.922072 0.986072 0.913773 0.830363 0.871973 0.880942 0.976719 0.857149 0.925777 0.824629 0.775792 0.981667 0.994976 0.797538 0.948530 0.985214 0.980306 0.994941 0.992918 0.880165 0.956130 0.901466 0.983167 0.986305 0.937033 0.942369 0.907628 0.976489 0.981132 0.900517 0.782810
0.910964 0.896830 0.956882 0.977144 0.943033 0.852434 0.919131 0.853358 0.864192 0.959050 0.721302 0.819858 0.966501 0.972186 0.892954 0.945480 0.871031 0.934786 0.818993 0.867416 0.943271 0.000000 0.985800 0.975060 0.984997 0.945832 0.953189 0.763364 0.764061 0.783034 0.904324 0.735724 0.994344 0.782522 0.973173 0.861482 0.802682 0.792298 0.979775 0.873652 0.868898 0.950726 0.968541 0.949844 0.862989 0.934664 0.989125 0.963150 0.986527 0.952139 0.854078 0.886406 0.921168 0.859613 0.968005 0.999658 0.973675 0.909790 0.941159 0.989631 0.849104 0.889978 0.747670 0.805575 0.850432 0.954716 0.944658 0.899759 0.893461 0.978065 0.954861 0.966949 0.848620 0.826150 0.988814 0.895309 0.943124 0.947449 0.937540 0.770989 0.961503 0.870276 0.843961 0.991067 0.939893 0.995139 0.960312 0.966158 0.949426 0.993997 0.992598 0.938808 0.929081 0.926410 0.867827 0.843128 0.970548 0.891061 0.999610 0.930556 0.877230 0.928256 0.979736 0.932457 0.841725 0.934284 0.779059 0.694102 0.998809 0.998777 0.845302 0.958000 0.951831 0.896394 0.883101 0.933109
0.853145 0.926493 0.896438 0.755177 0.678330 0.964647 0.959826 0.802511 0.838636 0.762805 0.757888 0.875819 0.709283 0.680673 0.496508 0.531636 0.826946 0.832997 0.755899 0.851154 0.789989 0.985800 0.000000 0.368670 0.790268 0.855032 0.701161 0.971844 0.996649 0.950527 0.736105 0.606315 0.967772 0.854691 0.879497 0.981552 0.968414 0.953616 0.856461 0.761305 0.949027 0.990877 0.889887 0.871889 0.967475 0.908760 0.806595 0.966168 0.864161 0.819324 0.821074 0.703417 0.595135 0.547693 0.898705 0.864618 0.954035 0.976141 0.633223 0.807974 0.819237 0.728410 0.846030 0.772074 0.601716 0.906647 0.909810 0.736448 0.855246 0.974415 0.696792 0.697855 0.652859 0.633806 0.945036 0.940832 0.913538 0.867558 0.835796 0.853692 0.775585 0.913593 0.675691 0.920415 0.595466 0.712633 0.709785 0.591675 0.937359 0.911549 0.717277 0.599149 0.686436 0.672965 0.953795 0.972736 0.955163 0.771280 0.973877 0.893438 0.852719 0.764065 0.947768 0.942965 0.726497 0.920151 0.910970 0.863951 0.901475 0.976298 0.923863 0.937933 0.910365 0.958680 0.871767 0.949901
0.770647 0.966966 0.969529 0.914967 0.694942 0.946135 0.745992 0.756534 0.924599 0.677095 0.716834 0.968235 0.603635 0.550991 0.456602 0.445490 0.763164 0.748191 0.879589 0.923061 0.776704 0.975060 0.368670 0.000000 0.744450 0.867761 0.647402 0.914846 0.963106 0.964061 0.827247 0.630301 0.961344 0.767731 0.964096 0.975355 0.880488 0.974652 0.988007 0.811978 0.926611 0.941611 0.938944 0.936957 0.823996 0.804755 0.829232 0.898014 0.771530 0.965825 0.941212 0.816840 0.788628 0.718851 0.966603 0.927064 0.898885 0.859309 0.556480 0.777830 0.803328 0.788563 0.797638 0.702916 0.609515 0.881483 0.775111 0.741212 0.981474 0.808246 0.837844 0.853165 0.678357 0.656858 0.893304 0.989360 0.918356 0.979514 0.808118 0.905893 0.742311 0.861438 0.755703 0.847286 0.609158 0.573906 0.775007 0.578476 0.968563 0.951147 0.976914 0.809526 0.900796 0.875243 0.986508 0.960897 0.997271 0.795714 0.846314 0.917405 0.856600 0.925852 0.822175 0.837252 0.847215 0.935953 0.971106 0.897676 0.964943 0.953039 0.798024 0.913832 0.973468 0.919449 0.828848 0.943294
0.902908 0.979800 0.788361 0.864257 0.956298 0.869276 0.659510 0.506646 0.954687 0.411631 0.754864 0.662754 0.977980 0.981433 0.736487 0.950840 0.808409 0.794989 0.892573 0.934478 0.816790 0.984997 0.790268 0.744450 0.000000 0.402448 0.662109 0.621924 0.710043 0.657681 0.892269 0.947450 0.934142 0.634533 0.893227 0.857853 0.800041 0.761997 0.840284 0.991171 0.959700 0.912950 0.830033 0.771119 0.730386 0.770070 0.990358 0.900047 0.862186 0.875052 0.827723 0.715058 0.824012 0.747325 0.965071 0.994729 0.848010 0.951862 0.901709 0.857142 0.508443 0.529626 0.678250 0.596448 0.486910 0.945625 0.969582 0.842830 0.911126 0.939106 0.956018 0.976781 0.945779 0.936556 0.811033 0.949911 0.934005 0.950778 0.997662 0.750848 0.802833 0.842393 0.772000 0.921689 0.822144 0.720900 0.777902 0.807994 0.741153 0.869656 0.937734 0.852980 0.955480 0.721804 0.988917 0.874834 0.975039 0.994911 0.710754 0.921224 0.838901 0.859930 0.867970 0.865292 0.869153 0.978186 0.966101 0.843297 0.899910 0.972607 0.971805 0.954121 0.926452 0.691990 0.705711 0.788079
0.967354 0.958466 0.785246 0.787230 0.873134 0.947841 0.740717 0.622791 0.947730 0.506824 0.784640 0.629983 0.866574 0.964586 0.830691 0.972838 0.884905 0.858764 0.873280 0.982592 0.717706 0.945832 0.855032 0.867761 0.402448 0.000000 0.709561 0.662222 0.790765 0.679843 0.735104 0.946519 0.983568 0.724644 0.892356 0.838964 0.792375 0.723553 0.860805 0.972524 0.994528 0.974410 0.790472 0.782160 0.764113 0.833439 0.984465 0.979500 0.904227 0.801636 0.756021 0.658925 0.812039 0.711229 0.907547 0.931900 0.873193 0.891061 0.992885 0.977702 0.615855 0.678600 0.711242 0.683267 0.560993 0.965184 0.841549 0.980769 0.956528 0.879584 0.903848 0.971690 0.886083 0.975589 0.903956 0.985748 0.989421 0.870640 0.996260 0.720358 0.870345 0.874826 0.895003 0.949250 0.949426 0.791157 0.850403 0.893076 0.782079 0.900365 0.984578 0.841486 0.953347 0.693437 0.971676 0.883537 0.971713 0.994206 0.842933 0.972041 0.893332 0.737476 0.943244 0.990720 0.893388 0.964064 0.872071 0.913200 0.928716 0.974093 0.972994 0.995496 0.974653 0.773218 0.773213 0.821611
0.917714 0.937603 0.802901 0.863801 0.833990 0.999858 0.814330 0.695993 0.916084 0.689410 0.852561 0.865945 0.704092 0.688559 0.562639 0.706617 0.854216 0.927965 0.974571 0.971015 0.942325 0.953189 0.701161 0.647402 0.662109 0.709561 0.000000 0.685131 0.964368 0.876298 0.958999 0.953757 0.985252 0.723292 0.929897 0.987834 0.913578 0.992268 0.993581 0.948833 0.964795 0.965766 0.917516 0.948224 0.729559 0.762182 0.947691 0.831825 0.797457 0.941072 0.960252 0.869545 0.877128 0.852241 0.999143 0.885732 0.988527 0.985453 0.833353 0.797211 0.854245 0.759126 0.965777 0.832273 0.622322 0.975724 0.858053 0.719414 0.925033 0.919987 0.990737 0.998715 0.965314 0.911820 0.948890 0.841840 0.885502 0.873084 0.976073 0.977167 0.994225 0.996902 0.687299 0.909117 0.681064 0.636406 0.907950 0.691824 0.868399 0.935355 0.954655 0.944184 0.964157 0.863610 0.908575 0.895736 0.912562 0.875873 0.823020 0.843041 0.768723 0.994996 0.938140 0.968208 0.818925 0.968908 0.860431 0.972710 0.931167 0.969592 0.963953 0.965153 0.934329 0.730857 0.790009 0.902783
0.978732 0.929910 0.927621 0.978931 0.912685 0.897502 0.715538 0.649836 0.951335 0.630186 0.812342 0.794659 0.826641 0.879044 0.795470 0.888565 0.851467 0.844164 0.840117 0.794148 0.780571 0.763364 0.971844 0.914846 0.621924 0.662222 0.685131 0.000000 0.781968 0.765756 0.916195 0.898499 0.981262 0.722345 0.931818 0.992976 0.804140 0.768233 0.871960 0.943660 0.959451 0.993414 0.972290 0.980447 0.657706 0.706244 0.951144 0.967505 0.813384 0.911470 0.997276 0.972048 0.962255 0.998162 0.885118 0.917248 0.860427 0.989699 0.924884 0.791119 0.743331 0.706403 0.873046 0.777091 0.678956 0.965202 0.996428 0.729568 0.803258 0.904394 0.961586 0.848654 0.885699 0.756072 0.898237 0.907583 0.993248 0.936403 0.983368 0.987039 0.994189 0.945047 0.929721 0.979120 0.798875 0.732833 0.939012 0.862790 0.742520 0.888994 0.891761 0.936607 0.989999 0.939986 0.890018 0.875498 0.817505 0.895872 0.735816 0.778494 0.728356 0.972796 0.987400 0.925064 0.886767 0.979686 0.817440 0.760515 0.986474 0.892529 0.981295 0.858636 0.791088 0.826110 0.767293 0.853315
0.726809 0.826460 0.963760 0.793643 0.972021 0.855196 0.659655 0.503276 0.908066 0.589558 0.562636 0.567006 0.960904 0.783459 0.897164 0.957850 0.653436 0.616330 0.679372 0.568855 0.870670 0.764061 0.996649 0.963106 0.710043 0.790765 0.964368 0.781968 0.000000 0.402685 0.785693 0.737901 0.717703 0.478372 0.957340 0.864112 0.889325 0.962943 0.853425 0.829589 0.896529 0.968911 0.881168 0.976725 0.684805 0.699033 0.798326 0.714238 0.779562 0.936925 0.993675 0.972003 0.998930 0.837504 0.900741 0.843569 0.846872 0.993368 0.854082 0.800345 0.608090 0.560236 0.517987 0.572474 0.632597 0.869280 0.752142 0.741349 0.914008 0.883857 0.837735 0.888848 0.850735 0.701027 0.747174 0.952307 0.944467 0.836120 0.934621 0.930680 0.695204 0.696759 0.986526 0.778808 0.945968 0.997006 0.824323 0.992492 0.885177 0.902138 0.843146 0.897700 0.984680 0.802803 0.668764 0.925792 0.887570 0.969627 0.630373 0.751155 0.636685 0.904177 0.712968 0.706387 0.977094 0.838546 0.877157 0.799322 0.956652 0.781091 0.763378 0.786076 0.732139 0.786724 0.918362 0.825406
0.742485 0.800719 0.782015 0.942505 0.986039 0.818390 0.731676 0.473837 0.955687 0.545814 0.549644 0.497463 0.952370 0.753008 0.829106 0.899487 0.679176 0.588090 0.713376 0.647954 0.783529 0.783034 0.950527 0.964061 0.657681 0.679843 0.876298 0.765756 0.402685 0.000000 0.799741 0.763470 0.666726 0.435627 0.982828 0.900802 0.837959 0.942525 0.898092 0.936851 0.871809 0.980937 0.858675 0.940932 0.595459 0.592258 0.800673 0.706035 0.664653 0.903286 0.970740 0.932746 0.958358 0.785967 0.845390 0.794329 0.826474 0.993560 0.839187 0.745732 0.617029 0.514347 0.499806 0.514401 0.486511 0.870078 0.840841 0.670893 0.868359 0.873391 0.882527 0.947190 0.823160 0.712460 0.890568 0.929823 0.996448 0.839841 0.975440 0.928102 0.674915 0.681364 0.896356 0.802000 0.999747 0.929272 0.889265 0.964757 0.845684 0.916031 0.932860 0.831412 0.956717 0.714658 0.736839 0.968071 0.904355 0.953809 0.660457 0.748593 0.657437 0.941311 0.748208 0.718474 0.980994 0.868485 0.840289 0.861307 0.926203 0.847102 0.808223 0.827618 0.768419 0.833459 0.892960 0.844926
0.981366 0.909125 0.987244 0.898849 0.906743 0.910414 0.946573 0.983353 0.965469 0.973735 0.973159 0.846716 0.754414 0.972086 0.974254 0.928643 0.976645 0.962037 0.846221 0.754491 0.984049 0.904324 0.736105 0.827247 0.892269 0.735104 0.958999 0.916195 0.785693 0.799741 0.000000 0.553482 0.828966 0.899975 0.982482 0.779120 0.989786 0.699532 0.854680 0.807235 0.991621 0.927760 0.887534 0.891542 0.823130 0.837667 0.982412 0.875192 0.887518 0.664564 0.648503 0.568969 0.608481 0.576631 0.699118 0.846878 0.943708 0.913513 0.988900 0.767526 0.912814 0.992693 0.999310 0.986827 0.958442 0.981446 0.831231 0.701387 0.892492 0.916328 0.628867 0.732101 0.644432 0.621036 0.878378 0.792372 0.982708 0.854097 0.834718 0.713168 0.973925 0.949899 0.970961 0.920073 0.908605 0.898020 0.986332 0.994927 0.722472 0.890912 0.740085 0.759770 0.846086 0.744008 0.897311 0.948111 0.927416 0.838681 0.750120 0.715775 0.832850 0.826848 0.917980 0.811440 0.845930 0.897701 0.803443 0.907986 0.971026 0.919858 0.905480 0.936850 0.810631 0.976685 0.890770 0.960382
0.992302 0.909600 0.986650 0.855458 0.922286 0.999835 0.937337 0.948037 0.918952 0.985363 0.982878 0.988665 0.953107 0.743112 0.886972 0.791140 0.986346 0.972629 0.610600 0.774354 0.842606 0.735724 0.606315 0.630301 0.947450 0.946519 0.953757 0.898499 0.737901 0.763470 0.553482 0.000000 0.813204 0.911278 0.892221 0.714914 0.808053 0.971441 0.807811 0.697856 0.939913 0.975053 0.839600 0.853856 0.703432 0.763707 0.993501 0.750784 0.829326 0.705260 0.788508 0.742357 0.641771 0.696460 0.934371 0.915533 0.978889 0.939038 0.817972 0.954756 0.914943 0.946770 0.971626 0.971561 0.982592 0.968308 0.929408 0.854936 0.940117 0.937820 0.614053 0.720099 0.642411 0.559292 0.993370 0.908648 0.825561 0.815849 0.954159 0.675092 0.917786 0.996330 0.863588 0.841714 0.864540 0.987120 0.894405 0.785203 0.738078 0.958023 0.747946 0.757063 0.799110 0.808040 0.883103 0.917449 0.985948 0.796750 0.796805 0.675523 0.823582 0.902950 0.919974 0.875730 0.861898 0.898478 0.979412 0.999437 0.896818 0.993244 0.803310 0.970269 0.736391 0.975686 0.899560 0.930511
0.542762 0.665454 0.843905 0.731716 0.893173 0.850311 0.696517 0.694305 0.941183 0.761744 0.652689 0.818930 0.854553 0.999235 0.888456 0.998803 0.638594 0.560485 0.694463 0.619384 0.922214 0.994344 0.967772 0.961344 0.934142 0.983568 0.985252 0.981262 0.717703 0.666726 0.828966 0.813204 0.000000 0.634019 0.919270 0.918993 0.719404 0.786463 0.888921 0.899672 0.832761 0.852737 0.901616 0.865950 0.784736 0.704262 0.689086 0.677197 0.727909 0.722980 0.810609 0.795669 0.838033 0.956998 0.800626 0.836865 0.584324 0.703709 0.641699 0.621020 0.753177 0.759715 0.685248 0.663748 0.846748 0.913832 0.673943 0.727965 0.793256 0.747355 0.878712 0.895296 0.843556 0.856446 0.915157 0.991512 0.921173 0.772995 0.781695 0.887368 0.628416 0.601761 0.857397 0.677218 0.838508 0.986696 0.918961 0.969263 0.982219 0.676026 0.695952 0.919219 0.861377 0.997046 0.922208 0.826615 0.662401 0.962566 0.707366 0.697744 0.821025 0.977728 0.669837 0.723647 0.769200 0.744850 0.872104 0.872767 0.859819 0.696824 0.965612 0.725195 0.638646 0.871336 0.857621 0.986197
0.568829 0.715318 0.946571 0.834805 0.942603 0.907089 0.540500 0.377741 0.926721 0.478463 0.410491 0.493542 0.928866 0.989239 0.718014 0.910120 0.528012 0.488151 0.632229 0.624500 0.907201 0.782522 0.854691 0.767731 0.634533 0.724644 0.723292 0.722345 0.478372 0.435627 0.899975 0.911278 0.634019 0.000000 0.936824 0.901532 0.943951 0.997640 0.902590 0.964914 0.804608 0.931847 0.855682 0.960710 0.603828 0.586763 0.836283 0.684788 0.669282 0.927071 0.944040 0.889272 0.901924 0.739488 0.752994 0.801068 0.758990 0.874003 0.700014 0.696624 0.469471 0.462200 0.422779 0.399074 0.541601 0.899916 0.766449 0.659033 0.961863 0.760641 0.949705 0.979588 0.940121 0.913827 0.870865 0.997143 0.928473 0.769908 0.953173 0.979161 0.563262 0.563682 0.983040 0.680053 0.976954 0.875413 0.880391 0.866317 0.900801 0.789049 0.786637 0.905852 0.913373 0.756562 0.662552 0.963382 0.895425 0.954509 0.570296 0.638263 0.696862 0.955701 0.584379 0.687934 0.980256 0.763820 0.854626 0.906415 0.917837 0.786750 0.836270 0.699703 0.742587 0.751145 0.877798 0.791890
0.841259 0.892716 0.745205 0.819561 0.937714 0.892189 0.937182 0.980889 0.892149 0.969151 0.869083 0.966899 0.922165 0.906501 0.912904 0.950613 0.828058 0.864183 0.825940 0.856232 0.892587 0.973173 0.879497 0.964096 0.893227 0.892356 0.929897 0.931818 0.957340 0.982828 0.982482 0.892221 0.919270 0.936824 0.000000 0.971097 0.894352 0.978379 0.843718 0.913243 0.702042 0.858364 0.969663 0.964415 0.960260 0.963229 0.993260 0.931941 0.919419 0.875663 0.890708 0.871139 0.925698 0.891230 0.986326 0.870835 0.857157 0.864361 0.931344 0.977164 0.975999 0.921756 0.848646 0.878997 0.784153 0.964718 0.865078 0.958579 0.843971 0.876062 0.950012 0.884391 0.938968 0.992677 0.967292 0.762234 0.871100 0.946400 0.996760 0.891344 0.849397 0.925670 0.887541 0.833515 0.828496 0.849598 0.859344 0.973797 0.994287 0.787424 0.967784 0.943002 0.870751 0.957022 0.883322 0.981032 0.971577 0.994985 0.883897 0.859611 0.899491 0.886068 0.878073 0.981631 0.858395 0.749817 0.955110 0.856907 0.962276 0.898735 0.931601 0.996961 0.949104 0.870886 0.974213 0.952608
0.982184 0.914032 0.995639 0.930982 0.984091 0.923644 0.957994 0.993982 0.812519 0.933689 0.957922 0.953600 0.859052 0.996453 0.939944 0.983004 0.971423 0.922229 0.891890 0.964024 0.991315 0.861482 0.981552 0.975355 0.857853 0.838964 0.987834 0.992976 0.864112 0.900802 0.779120 0.714914 0.918993 0.901532 0.971097 0.000000 0.955160 0.935751 0.883717 0.817876 0.938149 0.974279 0.715970 0.758516 0.738572 0.753063 0.957707 0.770754 0.800568 0.797759 0.889008 0.888875 0.846130 0.854945 0.985650 0.969072 0.926030 0.972307 0.982445 0.939934 0.897903 0.921818 0.999600 0.974871 0.961038 0.899897 0.902588 0.764019 0.901421 0.954844 0.884965 0.934096 0.997367 0.919452 0.968328 0.859463 0.910366 0.834944 0.912716 0.848703 0.963047 0.949229 0.924351 0.961114 0.965048 0.855758 0.920570 0.932772 0.801823 0.996502 0.876982 0.906119 0.871492 0.898592 0.871861 0.976728 0.998176 0.895891 0.862019 0.827664 0.840230 0.960641 0.876618 0.853352 0.936665 0.978295 0.986912 0.900682 0.997127 0.992632 0.966388 0.966703 0.820537 0.994578 0.935048 0.996300
0.605933 0.729737 0.657584 0.711660 0.939307 0.929761 0.856210 0.956370 0.995867 0.928427 0.881444 0.889297 0.900162 0.799464 0.945353 0.855931 0.806048 0.681988 0.922094 0.771613 0.870478 0.802682 0.968414 0.880488 0.800041 0.792375 0.913578 0.804140 0.889325 0.837959 0.989786 0.808053 0.719404 0.943951 0.894352 0.955160 0.000000 0.532478 0.860581 0.747892 0.780280 0.702117 0.877531 0.888274 0.983795 0.960778 0.811475 0.833209 0.836609 0.738195 0.693191 0.662109 0.773378 0.828839 0.740652 0.699510 0.541049 0.522082 0.624039 0.738160 0.956355 0.902188 0.951865 0.885428 0.844486 0.878806 0.716364 0.988802 0.552710 0.690967 0.959344 0.834029 0.973450 0.805906 0.933576 0.822473 0.938634 0.827092 0.785971 0.895256 0.710595 0.707367 0.829628 0.681369 0.704244 0.921634 0.969557 0.948988 0.814285 0.592727 0.789703 0.836754 0.782179 0.808118 0.931176 0.849823 0.702839 0.845849 0.842934 0.866650 0.995062 0.894634 0.638789 0.802048 0.717027 0.685555 0.855282 0.710773 0.925100 0.745453 0.912691 0.911907 0.900068 0.949762 0.762096 0.873431
0.763598 0.714139 0.881072 0.938575 0.731295 0.989345 0.976857 0.858681 0.895852 0.820038 0.964976 0.807690 0.840814 0.902252 0.951671 0.947334 0.916736 0.841228 0.972301 0.792975 0.870457 0.792298 0.953616 0.974652 0.761997 0.723553 0.992268 0.768233 0.962943 0.942525 0.699532 0.971441 0.786463 0.997640 0.978379 0.935751 0.532478 0.000000 0.932694 0.859381 0.864065 0.794239 0.825947 0.850685 0.986122 0.959360 0.870320 0.796519 0.833165 0.675088 0.597589 0.597988 0.706822 0.722702 0.944394 0.894513 0.574711 0.655784 0.744166 0.778985 0.790619 0.850265 0.901202 0.936498 0.930355 0.922488 0.832380 0.953917 0.708440 0.894862 0.827688 0.763904 0.961683 0.984845 0.826083 0.990441 0.885129 0.837050 0.872233 0.757217 0.931204 0.908053 0.952169 0.855399 0.916970 0.996087 0.938285 0.992371 0.884051 0.820953 0.941938 0.852361 0.861295 0.808983 0.928028 0.845793 0.776858 0.914771 0.885681 0.884943 0.990295 0.859610 0.892678 0.818527 0.794232 0.694632 0.781065 0.653053 0.978109 0.696529 0.973890 0.970798 0.925711 0.914141 0.733580 0.896481
