0.000000 0.309515 0.987109 0.802574 0.932788 0.781082 0.981764 0.877861 0.840892 0.874565 0.525931 0.377770 0.435322 0.455062 0.703347 0.561158 0.435946 0.399028 0.404182 0.340020 0.914855 0.703232 0.802619 0.763011 0.813261 0.801374 0.760720 0.953478 0.700036 0.607327 0.860033 0.963509 0.868436 0.864338 0.940203 0.943591 0.744963 0.599928 0.881922 0.624149 0.761155 0.926993 0.861940 0.763794 0.914429 0.863632 0.620760 0.667322 0.759642 0.509479 0.748429 0.508884 0.839310 0.932900 0.727573 0.704749 0.380643 0.330077 0.628238 0.538563 0.872755 0.892670 0.673662 0.561254 0.961759 0.924539 0.864645 0.910030 0.357849 0.393165 0.947718 0.991175 0.900427 0.771452 0.757647 0.890801 0.774729 0.944763 0.630987 0.549702 0.337202 0.310034 0.514172 0.405427 0.583378 0.700411 0.762935 0.820262 0.881558 0.601536 0.966342 0.943456 0.883382 0.999358 0.988503 0.918652 0.851310 0.911671 0.822453 0.875499 0.808082 0.908069 0.662795 0.789773 0.949550 0.978752 0.975994 0.999097 0.911678 0.806148 0.994500 0.993983 0.981172 0.839449 0.844497 0.943194
0.309515 0.000000 0.986240 0.832700 0.924708 0.721845 0.937011 0.872651 0.896790 0.932142 0.556593 0.406822 0.557548 0.527238 0.814744 0.612752 0.404022 0.355458 0.382050 0.361362 0.895148 0.789331 0.801370 0.848701 0.812788 0.806858 0.799654 0.874787 0.636615 0.618870 0.911652 0.897087 0.823790 0.764669 0.929863 0.982881 0.828574 0.553193 0.955215 0.666064 0.849260 0.949219 0.690338 0.590576 0.892826 0.682239 0.563593 0.610444 0.601976 0.386406 0.569964 0.408058 0.691765 0.864129 0.818130 0.746338 0.253730 0.239577 0.576102 0.494964 0.857413 0.888015 0.634752 0.515752 0.918913 0.865394 0.923109 0.958729 0.484485 0.398274 0.939525 0.952139 0.985740 0.782072 0.856968 0.959700 0.788349 0.866891 0.596257 0.575904 0.339232 0.374377 0.531387 0.415964 0.606467 0.732520 0.896944 0.815264 0.927217 0.675746 0.936876 0.989957 0.884589 0.912171 0.925774 0.999449 0.989999 0.873811 0.815109 0.827468 0.892404 0.923191 0.584682 0.753134 0.956378 0.966406 0.973454 0.963572 0.970004 0.735191 0.796721 0.902650 0.849857 0.655724 0.783700 0.935729
0.987109 0.986240 0.000000 0.386935 0.879959 0.824030 0.409668 0.414877 0.457157 0.835654 0.902070 0.952657 0.801320 0.829952 0.951502 0.870451 0.889080 0.855602 0.812482 0.967614 0.911988 0.998729 0.614283 0.794462 0.648563 0.507562 0.828256 0.905415 0.928695 0.945637 0.637923 0.689673 0.585557 0.651953 0.761030 0.823859 0.753303 0.994468 0.956366 0.972180 0.946010 0.982527 0.653436 0.680858 0.701195 0.729997 0.638283 0.730844 0.888678 0.937395 0.895076 0.899615 0.799843 0.805607 0.924071 0.910666 0.994804 0.890999 0.845654 0.890325 0.457569 0.489988 0.952326 0.961823 0.446030 0.364699 0.526013 0.497947 0.985832 0.940312 0.725850 0.662285 0.736808 0.758802 0.900824 0.846945 0.803030 0.796500 0.931034 0.934940 0.844861 0.885557 0.991634 0.843982 0.846789 0.721527 0.978218 0.923579 0.961843 0.966371 0.589178 0.840389 0.648484 0.866602 0.880996 0.970737 0.854449 0.944492 0.604331 0.675553 0.626854 0.912254 0.956666 0.777552 0.636091 0.864638 0.878300 0.793354 0.735732 0.902075 0.763039 0.822033 0.743233 0.855923 0.718567 0.996403
0.802574 0.832700 0.386935 0.000000 0.913885 0.861640 0.560770 0.395958 0.539919 0.844517 0.866616 0.787351 0.651508 0.641529 0.792812 0.625419 0.992740 0.976715 0.681739 0.794931 0.973698 0.851468 0.461124 0.613976 0.628144 0.596437 0.958888 0.982477 0.972847 0.967766 0.716169 0.611625 0.673127 0.705254 0.784716 0.828712 0.708832 0.924527 0.880708 0.844196 0.903498 0.993146 0.598856 0.568273 0.772718 0.665527 0.554380 0.596261 0.977780 0.760550 0.733283 0.676848 0.690619 0.665264 0.857587 0.988133 0.880819 0.970237 0.749398 0.751335 0.563179 0.481100 0.949160 0.928896 0.485641 0.424800 0.630489 0.593447 0.846022 0.898890 0.713473 0.704375 0.798944 0.794965 0.854831 0.973678 0.719575 0.784842 0.921383 0.826372 0.940764 0.918606 0.828199 0.922387 0.764815 0.636991 0.849853 0.995198 0.759111 0.884434 0.584487 0.774161 0.680766 0.803256 0.880596 0.950440 0.722118 0.894732 0.545912 0.588962 0.634628 0.898474 0.932157 0.789180 0.597472 0.745727 0.917659 0.720132 0.669980 0.829122 0.764604 0.842399 0.745577 0.835976 0.660151 0.981370
0.932788 0.924708 0.879959 0.913885 0.000000 0.887553 0.884615 0.892723 0.888391 0.906251 0.940865 0.982341 0.997425 0.979469 0.938671 0.937783 0.979385 0.950082 0.995959 0.895814 0.998830 0.925646 0.902849 0.980494 0.918465 0.915353 0.907400 0.926198 0.953160 0.942044 0.810981 0.858435 0.894935 0.912186 0.882779 0.874314 0.946231 0.904139 0.970373 0.916484 0.908566 0.897868 0.998620 0.987136 0.950852 0.961919 0.965171 0.930765 0.895479 0.927273 0.933018 0.955438 0.966906 0.995387 0.910626 0.828588 0.912798 0.918685 0.907871 0.943962 0.816239 0.944319 0.876242 0.921127 0.949317 0.897109 0.852720 0.888808 0.915718 0.988067 0.926962 0.896359 0.952006 0.854377 0.909956 0.964963 0.926582 0.894040 0.858083 0.989988 0.994155 0.914766 0.972526 0.852989 0.981960 0.943912 0.956738 0.964439 0.801531 0.853092 0.964843 0.903648 0.912634 0.984687 0.880413 0.996815 0.927646 0.841041 0.972918 0.970929 0.966333 0.969284 0.941668 0.817235 0.906796 0.751857 0.922096 0.988046 0.903681 0.989548 0.988512 0.907282 0.942861 0.830657 0.976267 0.970503
0.781082 0.721845 0.824030 0.861640 0.887553 0.000000 0.957459 0.837528 0.780690 0.926999 0.694495 0.859628 0.971638 0.938004 0.845327 0.832821 0.649793 0.609962 0.703483 0.824599 0.849756 0.878028 0.864286 0.783471 0.800714 0.636851 0.862556 0.748354 0.737295 0.822061 0.898861 0.997536 0.935080 0.969851 0.906758 0.999769 0.849549 0.830912 0.841979 0.876458 0.966909 0.972863 0.936079 0.934979 0.927414 0.947513 0.956418 0.993583 0.961952 0.924591 0.951189 0.994612 0.794867 0.818635 0.771960 0.887696 0.594381 0.657448 0.814072 0.906858 0.881377 0.723103 0.703560 0.783220 0.805887 0.647111 0.844187 0.828873 0.879886 0.866423 0.778389 0.863778 0.795686 0.913804 0.907718 0.966360 0.977173 0.958614 0.836848 0.933045 0.755100 0.859250 0.771327 0.801437 0.883699 0.791202 0.951880 0.996364 0.979256 0.921898 0.699058 0.831862 0.724381 0.883156 0.967501 0.860417 0.696525 0.871943 0.898284 0.942679 0.841738 0.960959 0.807269 0.981558 0.885675 0.910721 0.834178 0.994587 0.967556 0.938947 0.947712 0.968484 0.892583 0.947346 0.985773 0.929375
0.981764 0.937011 0.409668 0.560770 0.884615 0.957459 0.000000 0.354524 0.542709 0.649437 0.738732 0.818067 0.984972 0.968171 0.875970 0.969647 0.891122 0.988299 0.754218 0.921164 0.926841 0.831288 0.748696 0.911074 0.914165 0.722045 0.650413 0.711938 0.785247 0.787041 0.459991 0.530926 0.397349 0.404569 0.744349 0.714401 0.879771 0.981802 0.910271 0.967141 0.926624 0.989647 0.507994 0.555993 0.435701 0.480501 0.584289 0.620425 0.808851 0.793384 0.697938 0.789127 0.721023 0.718650 0.948352 0.920764 0.950728 0.967517 0.576714 0.705102 0.343476 0.493663 0.719519 0.720231 0.793160 0.590425 0.304802 0.325204 0.926900 0.930771 0.781018 0.743373 0.722410 0.781241 0.961491 0.812070 0.682735 0.582929 0.956429 0.872813 0.965760 0.832692 0.988489 0.850767 0.930318 0.980361 0.816885 0.761121 0.839011 0.762199 0.778674 0.969547 0.872905 0.970095 0.844920 0.919349 0.938786 0.740875 0.499549 0.570797 0.505530 0.826359 0.748308 0.607927 0.679309 0.736427 0.850579 0.774368 0.792690 0.855873 0.686042 0.788528 0.649351 0.775463 0.602424 0.906991
0.877861 0.872651 0.414877 0.395958 0.892723 0.837528 0.354524 0.000000 0.518073 0.543359 0.673581 0.658232 0.816970 0.797365 0.962969 0.788549 0.869707 0.959319 0.648906 0.771300 0.943999 0.957216 0.659500 0.968746 0.885454 0.725589 0.786976 0.889790 0.793452 0.748447 0.516575 0.536597 0.444527 0.383894 0.837396 0.826868 0.688357 0.887270 0.994385 0.941146 0.875872 0.893524 0.454175 0.450679 0.535181 0.482940 0.444938 0.474363 0.796487 0.703043 0.647571 0.658319 0.721551 0.615942 0.920692 0.981575 0.927945 0.989675 0.566888 0.665043 0.378832 0.328359 0.795732 0.681557 0.783989 0.496875 0.446340 0.386215 0.887483 0.921438 0.621410 0.665471 0.698476 0.776895 0.893312 0.921692 0.664844 0.585383 0.908201 0.819697 0.919540 0.909028 0.955235 0.934925 0.952256 0.914840 0.887420 0.752484 0.921429 0.828117 0.722531 0.972104 0.894359 0.935420 0.882320 0.845708 0.782246 0.763510 0.457347 0.452003 0.479708 0.890963 0.702774 0.567454 0.577286 0.706578 0.934835 0.686376 0.725217 0.752355 0.711303 0.740861 0.613738 0.734848 0.634498 0.948753
0.840892 0.896790 0.457157 0.539919 0.888391 0.780690 0.542709 0.518073 0.000000 0.640559 0.968001 0.952077 0.974135 0.918012 0.892789 0.887336 0.869255 0.766699 0.919684 0.951854 0.994276 0.886702 0.687622 0.925713 0.785710 0.490548 0.812119 0.929276 0.992257 0.894488 0.582922 0.668387 0.593296 0.669915 0.657792 0.883626 0.767715 0.982071 0.865747 0.996275 0.912778 0.818393 0.549823 0.629848 0.544183 0.639312 0.628188 0.764234 0.903678 0.897300 0.746100 0.870648 0.718800 0.575069 0.905757 0.962083 0.929905 0.788028 0.871156 0.979144 0.543674 0.486125 0.894090 0.965386 0.631059 0.522594 0.469991 0.533867 0.862234 0.822458 0.622039 0.611662 0.641988 0.780175 0.994734 0.912412 0.765073 0.765536 0.998833 0.919822 0.764218 0.745836 0.984262 0.766465 0.904503 0.837539 0.910416 0.945302 0.939276 0.962788 0.530438 0.787166 0.628835 0.839754 0.833410 0.988031 0.743693 0.819577 0.500568 0.550340 0.595600 0.928140 0.859828 0.736781 0.677070 0.687822 0.799033 0.644214 0.780515 0.818646 0.737554 0.734498 0.645906 0.776643 0.832090 0.886077
0.874565 0.932142 0.835654 0.844517 0.906251 0.926999 0.649437 0.543359 0.640559 0.000000 0.730483 0.829631 0.758130 0.822794 0.869748 0.885285 0.905725 0.987056 0.895377 0.960155 0.872626 0.776888 0.979229 0.617925 0.816993 0.919767 0.722516 0.874450 0.649114 0.717926 0.491557 0.613119 0.585878 0.525807 0.820422 0.940060 0.752357 0.807942 0.983974 0.967891 0.970836 0.709951 0.538008 0.577295 0.500708 0.494667 0.713064 0.644347 0.635809 0.823346 0.750568 0.929359 0.835149 0.664798 0.932218 0.988268 0.939972 0.878066 0.735902 0.908503 0.645514 0.532706 0.808929 0.689732 0.820830 0.923659 0.650682 0.588399 0.974370 0.934378 0.635014 0.693966 0.656176 0.679935 0.960689 0.871514 0.720301 0.580757 0.907761 0.881146 0.963881 0.665666 0.876378 0.767575 0.671249 0.685403 0.625634 0.650718 0.868242 0.717121 0.975909 0.766550 0.837884 0.731528 0.975453 0.846517 0.888464 0.750661 0.577788 0.528508 0.634581 0.928759 0.636457 0.649873 0.745016 0.709573 0.984338 0.627847 0.855728 0.758294 0.774213 0.612182 0.652957 0.841676 0.917999 0.991072
0.525931 0.556593 0.902070 0.866616 0.940865 0.694495 0.738732 0.673581 0.968001 0.730483 0.000000 0.419550 0.786238 0.755456 0.971589 0.843562 0.385500 0.371330 0.432283 0.447914 0.875043 0.982640 0.903508 0.885208 0.933575 0.750075 0.919530 0.773671 0.423437 0.383136 0.749655 0.731491 0.609160 0.510645 0.979562 0.952642 0.890300 0.705275 0.987792 0.855511 0.875116 0.815770 0.837563 0.704218 0.905731 0.760455 0.686311 0.710813 0.822653 0.695835 0.906837 0.778356 0.974604 0.933917 0.969686 0.966008 0.530280 0.558981 0.532852 0.541226 0.668408 0.814877 0.374848 0.348826 0.789749 0.877507 0.844417 0.823023 0.534559 0.621480 0.819395 0.970009 0.709595 0.646819 0.831166 0.931414 0.734816 0.733236 0.621234 0.798106 0.517547 0.740324 0.692723 0.699408 0.985108 0.906805 0.893212 0.903018 0.858644 0.975604 0.801921 0.767521 0.647676 0.746723 0.991295 0.875612 0.991861 0.665842 0.763033 0.751491 0.935762 0.885014 0.574970 0.532331 0.935559 0.851143 0.928731 0.861165 0.936519 0.774794 0.944302 0.906875 0.743240 0.842942 0.822606 0.907201
0.377770 0.406822 0.952657 0.787351 0.982341 0.859628 0.818067 0.658232 0.952077 0.829631 0.419550 0.000000 0.541743 0.533059 0.785355 0.601971 0.378998 0.386048 0.421983 0.317208 0.891187 0.825668 0.818279 0.954534 0.917456 0.838664 0.897992 0.792261 0.501007 0.396251 0.824551 0.761698 0.638075 0.588546 0.918835 0.992415 0.714248 0.614088 0.889907 0.660339 0.746191 0.762467 0.716069 0.616580 0.858283 0.678276 0.560739 0.567321 0.639974 0.517516 0.637693 0.492348 0.765136 0.788144 0.831004 0.796087 0.491894 0.419165 0.567666 0.510943 0.672683 0.686161 0.492896 0.363033 0.815496 0.952224 0.932328 0.886095 0.407951 0.457852 0.799479 0.872008 0.803300 0.768317 0.842593 0.919133 0.722527 0.741901 0.614337 0.602291 0.336377 0.502511 0.575859 0.547725 0.810725 0.865573 0.953336 0.952083 0.990730 0.837733 0.906745 0.908219 0.759694 0.775876 0.957671 0.757736 0.865347 0.755820 0.747004 0.759503 0.950565 0.900636 0.585640 0.562292 0.828659 0.817124 0.952209 0.947111 0.855671 0.722259 0.901703 0.902610 0.894307 0.753184 0.825419 0.897449
0.435322 0.557548 0.801320 0.651508 0.997425 0.971638 0.984972 0.816970 0.974135 0.758130 0.786238 0.541743 0.000000 0.311380 0.433179 0.396405 0.703496 0.652568 0.597390 0.536316 0.882926 0.691872 0.551539 0.541558 0.708967 0.987168 0.801264 0.987647 0.912144 0.812342 0.934711 0.945840 0.846901 0.992994 0.859992 0.995093 0.822060 0.889343 0.889775 0.749922 0.789227 0.955464 0.927224 0.861837 0.836502 0.994242 0.681686 0.817481 0.964990 0.747298 0.809845 0.551334 0.798287 0.855479 0.796388 0.786948 0.660836 0.594719 0.831619 0.699169 0.771349 0.771053 0.883841 0.785815 0.724939 0.759143 0.906767 0.915520 0.584419 0.548739 0.829359 0.932689 0.896243 0.874776 0.734831 0.797954 0.825654 0.935118 0.826195 0.612209 0.593390 0.475692 0.575698 0.611324 0.475524 0.506214 0.688038 0.804325 0.748253 0.591627 0.821701 0.774337 0.887401 0.848989 0.944376 0.815213 0.780021 0.972803 0.911707 0.926151 0.870282 0.883493 0.995537 0.815487 0.866219 0.994514 0.912290 0.962935 0.804488 0.952346 0.997153 0.971170 0.961731 0.866261 0.807009 0.935107
0.455062 0.527238 0.829952 0.641529 0.979469 0.938004 0.968171 0.797365 0.918012 0.822794 0.755456 0.533059 0.311380 0.000000 0.408823 0.296351 0.632268 0.613392 0.561504 0.506804 0.957973 0.747428 0.464216 0.489551 0.655811 0.888081 0.866149 0.915789 0.841972 0.749696 0.994248 0.809461 0.758916 0.942459 0.894683 0.946024 0.763832 0.807998 0.841416 0.721408 0.794842 0.917708 0.823633 0.764224 0.942365 0.933612 0.623711 0.823267 0.938067 0.713788 0.700539 0.511326 0.592025 0.700506 0.806229 0.775283 0.612146 0.589694 0.856774 0.746026 0.746792 0.709708 0.869601 0.739069 0.777201 0.764621 0.970152 0.967162 0.585062 0.572558 0.761487 0.840793 0.845273 0.881942 0.734715 0.844192 0.812312 0.980123 0.692308 0.638574 0.544513 0.517381 0.499537 0.587027 0.443635 0.463552 0.684433 0.877702 0.738116 0.584153 0.793391 0.800342 0.900805 0.865723 0.929700 0.912447 0.766084 0.960995 0.843213 0.886657 0.887780 0.875382 0.907476 0.732360 0.898100 0.854216 0.861169 0.970552 0.861315 0.851791 0.944278 0.973961 0.958828 0.805334 0.811388 0.983681
0.703347 0.814744 0.951502 0.792812 0.938671 0.845327 0.875970 0.962969 0.892789 0.869748 0.971589 0.785355 0.433179 0.408823 0.000000 0.367239 0.798256 0.845982 0.832161 0.766299 0.948240 0.810060 0.496740 0.568766 0.702595 0.905776 0.796265 0.862195 0.944531 0.894048 0.980883 0.834334 0.910776 0.905301 0.950986 0.984505 0.859371 0.997770 0.852271 0.840506 0.800430 0.969956 0.939537 0.926788 0.826923 0.938952 0.736161 0.920088 0.906396 0.916289 0.861940 0.668689 0.759796 0.800510 0.836185 0.800610 0.851630 0.822451 0.931404 0.847805 0.859875 0.816899 0.993360 0.906244 0.720223 0.797421 0.880663 0.880103 0.687077 0.761776 0.781479 0.929744 0.897148 0.899498 0.841023 0.769454 0.904751 0.964615 0.772800 0.730088 0.788450 0.740761 0.593728 0.789198 0.504961 0.523442 0.791604 0.815246 0.672247 0.673959 0.874561 0.882563 0.967894 0.886940 0.904442 0.876668 0.787841 0.994690 0.962697 0.980290 0.805526 0.978037 0.929180 0.881973 0.807056 0.857185 0.791628 0.946460 0.757474 0.916075 0.967597 0.990459 0.947894 0.958744 0.883128 0.931057
0.561158 0.612752 0.870451 0.625419 0.937783 0.832821 0.969647 0.788549 0.887336 0.885285 0.843562 0.601971 0.396405 0.296351 0.367239 0.000000 0.725372 0.721447 0.695774 0.620514 0.987568 0.766785 0.429759 0.458771 0.670232 0.853073 0.859883 0.832263 0.879236 0.770506 0.938271 0.774439 0.799327 0.912047 0.995031 0.996220 0.841085 0.852060 0.812291 0.810199 0.846252 0.916997 0.784438 0.732339 0.958765 0.865304 0.579977 0.734729 0.945053 0.710822 0.657530 0.484739 0.617779 0.726590 0.776872 0.772542 0.706926 0.680427 0.813954 0.696111 0.773409 0.677119 0.937779 0.781536 0.731668 0.717435 0.970180 0.991355 0.669487 0.633486 0.810840 0.945220 0.908211 0.874840 0.788640 0.805409 0.904328 0.958566 0.678131 0.689757 0.639715 0.616536 0.487866 0.604974 0.488436 0.427487 0.766553 0.849958 0.672074 0.629743 0.840123 0.874099 0.956810 0.986970 0.936538 0.887387 0.797297 0.920001 0.899076 0.892636 0.911715 0.999782 0.967353 0.783173 0.822692 0.827963 0.859155 0.965649 0.815095 0.874719 0.899196 0.978296 0.946314 0.820641 0.739116 0.966935
0.435946 0.404022 0.889080 0.992740 0.979385 0.649793 0.891122 0.869707 0.869255 0.905725 0.385500 0.378998 0.703496 0.632268 0.798256 0.725372 0.000000 0.267790 0.431690 0.389237 0.833785 0.971472 0.879081 0.906141 0.994020 0.634023 0.930776 0.838174 0.372719 0.337247 0.892585 0.810608 0.695398 0.619416 0.869294 0.947400 0.920557 0.709440 0.960028 0.796207 0.895663 0.856466 0.803719 0.680522 0.917703 0.760365 0.661559 0.715221 0.683372 0.590605 0.743589 0.604850 0.858676 0.958845 0.957425 0.839210 0.403224 0.360750 0.511076 0.530013 0.783204 0.932974 0.348727 0.299555 0.693941 0.696963 0.998377 0.999930 0.465441 0.490107 0.958205 0.971824 0.823770 0.733696 0.867602 0.896606 0.774039 0.714004 0.463376 0.655878 0.324817 0.586260 0.530145 0.557143 0.877194 0.980765 0.932272 0.994192 0.937358 0.875628 0.684233 0.709550 0.569286 0.693261 0.865503 0.900742 0.914666 0.735207 0.851222 0.894813 0.904076 0.998230 0.580353 0.631079 0.974028 0.866904 0.992807 0.963956 0.900515 0.741874 0.908233 0.926172 0.861117 0.828834 0.755095 0.791582
0.399028 0.355458 0.855602 0.976715 0.950082 0.609962 0.988299 0.959319 0.766699 0.987056 0.371330 0.386048 0.652568 0.613392 0.845982 0.721447 0.267790 0.000000 0.395880 0.370875 0.839047 0.892078 0.868925 0.993772 0.950617 0.602277 0.870800 0.826981 0.435214 0.394375 0.997800 0.874521 0.780246 0.732912 0.857830 0.962191 0.969331 0.675329 0.951020 0.738652 0.853726 0.838380 0.923577 0.753771 0.939065 0.863999 0.764094 0.782098 0.772999 0.616207 0.823968 0.656533 0.895936 0.990341 0.966661 0.852505 0.344951 0.310221 0.608088 0.570750 0.904705 0.950912 0.386981 0.343488 0.713013 0.644358 0.881700 0.865730 0.444728 0.439738 0.961545 0.909037 0.918831 0.795288 0.812648 0.911491 0.841905 0.825199 0.505790 0.703569 0.333194 0.506178 0.506915 0.464491 0.826524 0.997038 0.976238 0.949488 0.972433 0.811028 0.712886 0.804298 0.615786 0.798426 0.935670 0.904464 0.934034 0.752842 0.940843 0.941683 0.807120 0.954165 0.604978 0.709184 0.987181 0.954576 0.964175 0.965735 0.967624 0.802084 0.938847 0.994835 0.886192 0.789058 0.856105 0.823072
0.404182 0.382050 0.812482 0.681739 0.995959 0.703483 0.754218 0.648906 0.919684 0.895377 0.432283 0.421983 0.597390 0.561504 0.832161 0.695774 0.431690 0.395880 0.000000 0.366281 0.860492 0.818278 0.739640 0.874966 0.836302 0.884201 0.862347 0.766505 0.578219 0.586193 0.897914 0.706628 0.629034 0.617726 0.968503 0.961522 0.708016 0.622095 0.955443 0.766494 0.749352 0.882070 0.668120 0.549490 0.861465 0.670259 0.547755 0.586558 0.715599 0.513196 0.723422 0.551947 0.810094 0.809911 0.912867 0.878825 0.372509 0.419834 0.584017 0.570494 0.712577 0.780228 0.580751 0.484442 0.985475 0.983528 0.912364 0.890374 0.500821 0.557658 0.830621 0.899485 0.884482 0.791747 0.863470 0.897120 0.706936 0.777349 0.608481 0.597237 0.464394 0.565892 0.564639 0.534508 0.767497 0.873854 0.954486 0.999670 0.953318 0.861317 0.983098 0.972499 0.866334 0.946436 0.858063 0.884613 0.895677 0.802778 0.661034 0.697300 0.986311 0.791706 0.553051 0.716813 0.879598 0.937482 0.903961 0.819319 0.950686 0.614871 0.824877 0.924504 0.791376 0.666728 0.793796 0.910394
0.340020 0.361362 0.967614 0.794931 0.895814 0.824599 0.921164 0.771300 0.951854 0.960155 0.447914 0.317208 0.536316 0.506804 0.766299 0.620514 0.389237 0.370875 0.366281 0.000000 0.906107 0.787841 0.821744 0.860245 0.906463 0.836913 0.808952 0.859780 0.581978 0.512049 0.988136 0.869992 0.755958 0.692042 0.904611 0.960570 0.704557 0.547149 0.917759 0.617017 0.721424 0.842247 0.777753 0.676911 0.973173 0.783359 0.594357 0.618180 0.690020 0.499239 0.715668 0.522229 0.790133 0.846162 0.782386 0.754349 0.417472 0.364831 0.689340 0.566327 0.836046 0.821002 0.611436 0.474363 0.863175 0.893620 0.933959 0.956839 0.411921 0.403142 0.858920 0.943190 0.857953 0.790367 0.814088 0.896855 0.757928 0.929591 0.602401 0.648411 0.382512 0.443611 0.585365 0.437314 0.717095 0.858292 0.910853 0.938911 0.936004 0.760257 0.989694 0.989294 0.846145 0.923669 0.918328 0.848831 0.831391 0.822027 0.780523 0.804618 0.991952 0.839502 0.618880 0.713666 0.884873 0.948915 0.919746 0.899139 0.939534 0.651257 0.958886 0.968747 0.941501 0.764124 0.862002 0.872073
0.914855 0.895148 0.911988 0.973698 0.998830 0.849756 0.926841 0.943999 0.994276 0.872626 0.875043 0.891187 0.882926 0.957973 0.948240 0.987568 0.833785 0.839047 0.860492 0.906107 0.000000 0.995180 0.964280 0.875771 0.947698 0.876666 0.990394 0.944437 0.908920 0.888644 0.903148 0.923529 0.948108 0.916290 0.993365 0.868469 0.816318 0.712774 0.935629 0.951510 0.908888 0.941243 0.947782 0.879361 0.947093 0.992315 0.912642 0.824701 0.929455 0.901791 0.980903 0.948898 0.935771 0.946266 0.961146 0.910277 0.792502 0.858848 0.849641 0.849750 0.902703 0.971833 0.950413 0.873200 0.932390 0.853992 0.906191 0.902806 0.811105 0.897096 0.963144 0.950796 0.948205 0.963305 0.968287 0.884648 0.907243 0.911120 0.880517 0.917924 0.916253 0.998213 0.899718 0.790571 0.867643 0.835084 0.921609 0.975513 0.931610 0.904956 0.824170 0.917824 0.798524 0.886898 0.901297 0.890725 0.961377 0.853837 0.939228 0.872639 0.986051 0.751230 0.886837 0.970311 0.962401 0.978369 0.822326 0.905807 0.979948 0.872568 0.863296 0.877385 0.960824 0.899448 0.985761 0.923534
0.703232 0.789331 0.998729 0.851468 0.925646 0.878028 0.831288 0.957216 0.886702 0.776888 0.982640 0.825668 0.691872 0.747428 0.810060 0.766785 0.971472 0.892078 0.818278 0.787841 0.995180 0.000000 0.864648 0.695571 0.930406 0.990702 0.703081 0.998259 0.889565 0.972191 0.798732 0.959989 0.901400 0.838286 0.901404 0.831797 0.914715 0.827201 0.806969 0.665691 0.942453 0.901678 0.956285 0.964841 0.799194 0.933794 0.910870 0.921504 0.957312 0.841540 0.939530 0.825495 0.985910 0.886469 0.832788 0.809418 0.820003 0.801658 0.913597 0.922325 0.905000 0.918910 0.952478 0.955708 0.870903 0.984695 0.745381 0.820606 0.788174 0.823660 0.810885 0.909427 0.823565 0.754551 0.714596 0.923365 0.994640 0.736467 0.984138 0.768344 0.826252 0.711982 0.730824 0.679861 0.780953 0.744374 0.677156 0.701895 0.835152 0.800455 0.960844 0.879890 0.986005 0.928220 0.926624 0.947323 0.801330 0.957314 0.894052 0.887652 0.923847 0.951907 0.932423 0.847702 0.997720 0.958755 0.816431 0.851556 0.964125 0.910111 0.948442 0.959535 0.787041 0.857747 0.944395 0.917571
0.802619 0.801370 0.614283 0.461124 0.902849 0.864286 0.748696 0.659500 0.687622 0.979229 0.903508 0.818279 0.551539 0.464216 0.496740 0.429759 0.879081 0.868925 0.739640 0.821744 0.964280 0.864648 0.000000 0.540584 0.669694 0.699999 0.994364 0.941267 0.899721 0.861845 0.749196 0.603255 0.649155 0.831456 0.917278 0.872799 0.849218 0.999709 0.997347 0.889808 0.944881 0.918893 0.707583 0.677052 0.915780 0.803252 0.660913 0.811498 0.923759 0.889416 0.731155 0.671039 0.575967 0.707544 0.960427 0.922604 0.836489 0.878381 0.845740 0.820754 0.598743 0.644092 0.918664 0.835070 0.527036 0.600840 0.776465 0.838619 0.845612 0.829593 0.757125 0.766752 0.758076 0.817708 0.806202 0.946249 0.819239 0.876204 0.768627 0.807852 0.858070 0.911312 0.606904 0.833735 0.577839 0.523536 0.935626 0.929120 0.708458 0.777359 0.726563 0.922339 0.878928 0.843340 0.803182 0.997082 0.827721 0.929499 0.735686 0.761759 0.934690 0.998813 0.979206 0.782837 0.719493 0.689820 0.802896 0.913027 0.757015 0.875361 0.840223 0.902134 0.812206 0.853807 0.687040 0.873791
0.763011 0.848701 0.794462 0.613976 0.980494 0.783471 0.911074 0.968746 0.925713 0.617925 0.885208 0.954534 0.541558 0.489551 0.568766 0.458771 0.906141 0.993772 0.874966 0.860245 0.875771 0.695571 0.540584 0.000000 0.573768 0.697729 0.734875 0.818651 0.788346 0.861435 0.877762 0.930975 0.988661 0.825580 0.976677 0.914595 0.930675 0.971435 0.729432 0.863603 0.864087 0.926588 0.994049 0.947945 0.784384 0.892001 0.830640 0.937157 0.815515 0.908505 0.937250 0.776167 0.770596 0.949965 0.802079 0.880832 0.892312 0.882611 0.887843 0.927178 0.979744 0.912729 0.772998 0.820290 0.521867 0.651036 0.905336 0.930141 0.859281 0.884544 0.968968 0.961633 0.962965 0.935133 0.778311 0.900886 0.938764 0.814636 0.894581 0.743556 0.898251 0.660520 0.668445 0.704469 0.456210 0.386391 0.629882 0.663966 0.536990 0.591233 0.741090 0.717653 0.739219 0.750313 0.933920 0.905067 0.724071 0.877627 0.983777 0.978665 0.886704 0.912332 0.792553 0.948548 0.866722 0.984151 0.960421 0.987289 0.996043 0.908049 0.954427 0.788404 0.921796 0.927192 0.886021 0.907586
0.813261 0.812788 0.648563 0.628144 0.918465 0.800714 0.914165 0.885454 0.785710 0.816993 0.933575 0.917456 0.708967 0.655811 0.702595 0.670232 0.994020 0.950617 0.836302 0.906463 0.947698 0.930406 0.669694 0.573768 0.000000 0.557534 0.840145 0.872214 0.875076 0.890640 0.891451 0.818630 0.850955 0.964223 0.857261 0.980399 0.758988 0.807189 0.737900 0.828645 0.838861 0.985974 0.869346 0.919508 0.985440 0.976752 0.780722 0.877003 0.939738 0.870903 0.923204 0.839637 0.797597 0.949734 0.766819 0.794683 0.848622 0.918938 0.993414 0.866765 0.823632 0.814620 0.827791 0.881617 0.559435 0.649112 0.898655 0.869001 0.771119 0.852953 0.963585 0.798836 0.844062 0.787743 0.926222 0.987560 0.950898 0.986255 0.845807 0.788611 0.866375 0.723886 0.758653 0.836519 0.534979 0.498488 0.782646 0.729066 0.696266 0.699168 0.809945 0.912727 0.788316 0.909722 0.917946 0.946504 0.914912 0.897663 0.870170 0.984514 0.962077 0.926537 0.951175 0.919870 0.875718 0.977449 0.804326 0.967793 0.882680 0.952704 0.954143 0.937897 0.957504 0.937102 0.871262 0.995432
0.801374 0.806858 0.507562 0.596437 0.915353 0.636851 0.722045 0.725589 0.490548 0.919767 0.750075 0.838664 0.987168 0.888081 0.905776 0.853073 0.634023 0.602277 0.884201 0.836913 0.876666 0.990702 0.699999 0.697729 0.557534 0.000000 0.873139 0.899271 0.715897 0.738699 0.707242 0.805190 0.782705 0.894814 0.686231 0.952045 0.752331 0.969652 0.740598 0.863102 0.919088 0.918865 0.768376 0.879034 0.756849 0.848196 0.795818 0.874755 0.925683 0.940898 0.884167 0.982648 0.728686 0.824626 0.845341 0.960261 0.777824 0.701343 0.860141 0.892636 0.692013 0.601534 0.651990 0.700476 0.501709 0.426859 0.634507 0.616364 0.824043 0.836957 0.791709 0.704338 0.754316 0.850621 0.955457 0.885462 0.999956 0.985049 0.855705 0.907888 0.739213 0.835253 0.985819 0.779224 0.772500 0.652881 0.883801 0.861151 0.847563 0.902494 0.624469 0.842274 0.635203 0.874236 0.937738 0.987997 0.804344 0.955250 0.742734 0.850360 0.751958 0.983043 0.873923 0.969609 0.788930 0.841992 0.873376 0.921056 0.867527 0.998949 0.848106 0.944559 0.972744 0.993698 0.940648 0.913171
0.760720 0.799654 0.828256 0.958888 0.907400 0.862556 0.650413 0.786976 0.812119 0.722516 0.919530 0.897992 0.801264 0.866149 0.796265 0.859883 0.930776 0.870800 0.862347 0.808952 0.990394 0.703081 0.994364 0.734875 0.840145 0.873139 0.000000 0.895461 0.928454 0.917642 0.691075 0.865622 0.718669 0.793747 0.862576 0.849025 0.979827 0.791168 0.888763 0.937037 0.810936 0.922568 0.810755 0.914645 0.660863 0.790561 0.995932 0.946471 0.914387 0.884120 0.894644 0.915552 0.870715 0.799575 0.913871 0.851500 0.789545 0.762289 0.902779 0.939577 0.727921 0.740529 0.974190 0.926463 0.972812 0.841866 0.617685 0.685898 0.783207 0.805972 0.767403 0.753011 0.819243 0.842347 0.966656 0.877749 0.997374 0.751141 0.894443 0.862006 0.849941 0.644342 0.805770 0.730552 0.780448 0.852289 0.827456 0.547405 0.875674 0.712285 0.903738 0.925896 0.955470 0.905941 0.914792 0.991588 0.931818 0.887602 0.841784 0.907208 0.746658 0.972513 0.998640 0.865021 0.915514 0.982801 0.846377 0.892263 0.850426 0.972458 0.875272 0.937954 0.826052 0.946614 0.869396 0.931775
0.953478 0.874787 0.905415 0.982477 0.926198 0.748354 0.711938 0.889790 0.929276 0.874450 0.773671 0.792261 0.987647 0.915789 0.862195 0.832263 0.838174 0.826981 0.766505 0.859780 0.944437 0.998259 0.941267 0.818651 0.872214 0.899271 0.895461 0.000000 0.701773 0.775105 0.859387 0.847653 0.788118 0.791207 0.878126 0.886889 0.941250 0.972171 0.917701 0.956861 0.972342 0.930098 0.881290 0.845223 0.739002 0.781947 0.887980 0.848459 0.766576 0.873867 0.850844 0.878334 0.969213 0.899035 0.962233 0.994560 0.879110 0.844138 0.721738 0.765068 0.767798 0.904422 0.674396 0.738587 0.887358 0.923408 0.725085 0.811341 0.984574 0.932825 0.939108 0.923938 0.902927 0.884490 0.845497 0.993609 0.878179 0.857702 0.931003 0.848533 0.837372 0.927093 0.988509 0.996086 0.916696 0.844935 0.856132 0.895986 0.908142 0.851099 0.947532 0.949790 0.954041 0.964318 0.923914 0.965414 0.909806 0.797416 0.841679 0.827759 0.857697 0.746991 0.714883 0.743791 0.923220 0.870537 0.903282 0.941474 0.900975 0.765524 0.946530 0.930353 0.937930 0.844800 0.917523 0.969935
0.700036 0.636615 0.928695 0.972847 0.953160 0.737295 0.785247 0.793452 0.992257 0.649114 0.423437 0.501007 0.912144 0.841972 0.944531 0.879236 0.372719 0.435214 0.578219 0.581978 0.908920 0.889565 0.899721 0.788346 0.875076 0.715897 0.928454 0.701773 0.000000 0.301998 0.671706 0.639164 0.588835 0.520463 0.887343 0.881703 0.944502 0.796516 0.908745 0.859501 0.917457 0.812977 0.799860 0.687736 0.761899 0.664151 0.712843 0.717379 0.670880 0.695322 0.782299 0.740179 0.911664 0.941506 0.893734 0.940518 0.619787 0.595473 0.535735 0.557177 0.669997 0.845635 0.343408 0.322573 0.671956 0.770793 0.839712 0.866375 0.633697 0.762304 0.933676 0.945079 0.710589 0.660258 0.925973 0.956997 0.835858 0.660572 0.580805 0.843485 0.526513 0.881576 0.677767 0.794751 0.942902 0.834156 0.782769 0.821145 0.813194 0.910131 0.657678 0.549537 0.480161 0.578827 0.943194 0.902010 0.908282 0.761570 0.842447 0.844400 0.962436 0.990205 0.578416 0.560768 0.894295 0.810566 0.954662 0.925218 0.943749 0.796696 0.872891 0.905390 0.782129 0.836872 0.766863 0.829241
0.607327 0.618870 0.945637 0.967766 0.942044 0.822061 0.787041 0.748447 0.894488 0.717926 0.383136 0.396251 0.812342 0.749696 0.894048 0.770506 0.337247 0.394375 0.586193 0.512049 0.888644 0.972191 0.861845 0.861435 0.890640 0.738699 0.917642 0.775105 0.301998 0.000000 0.646672 0.662279 0.598595 0.502032 0.923286 0.897040 0.989728 0.813382 0.967719 0.819691 0.998572 0.822742 0.841846 0.710268 0.845564 0.723723 0.684789 0.710252 0.725791 0.703356 0.800726 0.718894 0.880203 0.971876 0.975468 0.915486 0.651105 0.593081 0.503197 0.525886 0.646488 0.801029 0.313550 0.261206 0.661767 0.804748 0.839418 0.821680 0.550985 0.656995 0.888690 0.963185 0.720695 0.639287 0.824857 0.965509 0.855450 0.599256 0.528249 0.762487 0.439074 0.806922 0.620086 0.748266 0.935289 0.878746 0.827092 0.872606 0.802251 0.903272 0.647705 0.549727 0.456273 0.552184 0.977578 0.804982 0.929899 0.713190 0.883602 0.877090 0.956306 0.980296 0.602221 0.526904 0.855733 0.723448 0.999272 0.990466 0.842445 0.781298 0.940424 0.900560 0.899679 0.884261 0.692751 0.763381
0.860033 0.911652 0.637923 0.716169 0.810981 0.898861 0.459991 0.516575 0.582922 0.491557 0.749655 0.824551 0.934711 0.994248 0.980883 0.938271 0.892585 0.997800 0.897914 0.988136 0.903148 0.798732 0.749196 0.877762 0.891451 0.707242 0.691075 0.859387 0.671706 0.646672 0.000000 0.407139 0.423494 0.419737 0.811280 0.781570 0.907938 0.999446 0.929303 0.964032 0.992789 0.816682 0.605150 0.656035 0.506163 0.555399 0.676721 0.695903 0.865459 0.934401 0.778916 0.918340 0.740030 0.723402 0.855903 0.922779 0.905190 0.818181 0.711156 0.839076 0.411190 0.490609 0.729577 0.678147 0.979828 0.713409 0.443551 0.426500 0.991681 0.848841 0.717709 0.742868 0.626054 0.640483 0.918710 0.835724 0.804091 0.481761 0.855434 0.962022 0.993722 0.686526 0.918117 0.746736 0.834116 0.917009 0.757981 0.764840 0.915426 0.763092 0.975817 0.712981 0.869626 0.726934 0.996255 0.754797 0.986171 0.717637 0.662578 0.725626 0.546898 0.972222 0.872946 0.579019 0.647315 0.617802 0.798464 0.727284 0.748406 0.906849 0.768679 0.821408 0.750617 0.898630 0.712953 0.933693
0.963509 0.897087 0.689673 0.611625 0.858435 0.997536 0.530926 0.536597 0.668387 0.613119 0.731491 0.761698 0.945840 0.809461 0.834334 0.774439 0.810608 0.874521 0.706628 0.869992 0.923529 0.959989 0.603255 0.930975 0.818630 0.805190 0.865622 0.847653 0.639164 0.662279 0.407139 0.000000 0.469632 0.554626 0.845734 0.854958 0.887810 0.870346 0.920952 0.918027 0.994298 0.885996 0.542053 0.541371 0.588392 0.532372 0.623269 0.683274 0.788512 0.778634 0.669021 0.719329 0.632577 0.602163 0.956663 0.979588 0.888297 0.996594 0.688598 0.779186 0.545574 0.610293 0.735398 0.665764 0.930439 0.786168 0.592448 0.565858 0.902379 0.984338 0.727558 0.819477 0.776758 0.789691 0.908101 0.965281 0.758068 0.567793 0.718481 0.843011 0.842822 0.880459 0.745934 0.993139 0.990118 0.949801 0.923123 0.817627 0.997639 0.838794 0.892720 0.818247 0.931470 0.926454 0.974082 0.779703 0.899841 0.836944 0.602312 0.718629 0.668025 0.782195 0.741271 0.694093 0.626647 0.685810 0.786557 0.664336 0.741120 0.783098 0.765509 0.841337 0.664444 0.873298 0.631425 0.919953
0.868436 0.823790 0.585557 0.673127 0.894935 0.935080 0.397349 0.444527 0.593296 0.585878 0.609160 0.638075 0.846901 0.758916 0.910776 0.799327 0.695398 0.780246 0.629034 0.755958 0.948108 0.901400 0.649155 0.988661 0.850955 0.782705 0.718669 0.788118 0.588835 0.598595 0.423494 0.469632 0.000000 0.404995 0.816822 0.758146 0.740436 0.876283 0.972423 0.897456 0.899050 0.740952 0.501028 0.521599 0.466938 0.483600 0.504324 0.647740 0.716552 0.715327 0.632570 0.694584 0.639825 0.647780 0.940427 0.970209 0.821160 0.879287 0.604273 0.720378 0.360747 0.477063 0.617754 0.554342 0.907403 0.736480 0.454803 0.472219 0.853647 0.869473 0.662641 0.706796 0.566356 0.687978 0.838364 0.927680 0.760649 0.522644 0.747782 0.799318 0.748589 0.994746 0.739914 0.982482 0.901518 0.896629 0.864017 0.821840 0.969323 0.923111 0.876988 0.868837 0.937771 0.823795 0.819373 0.810678 0.889369 0.679590 0.509129 0.608683 0.712235 0.802384 0.712311 0.480114 0.723832 0.747360 0.915285 0.793332 0.809645 0.761058 0.659498 0.773144 0.626260 0.722220 0.610046 0.996197
0.864338 0.764669 0.651953 0.705254 0.912186 0.969851 0.404569 0.383894 0.669915 0.525807 0.510645 0.588546 0.992994 0.942459 0.905301 0.912047 0.619416 0.732912 0.617726 0.692042 0.916290 0.838286 0.831456 0.825580 0.964223 0.894814 0.793747 0.791207 0.520463 0.502032 0.419737 0.554626 0.404995 0.000000 0.867232 0.813542 0.836345 0.819072 0.927011 0.955189 0.933315 0.821989 0.504957 0.493719 0.496564 0.439440 0.493394 0.494858 0.696779 0.655018 0.677486 0.712139 0.800187 0.799345 0.953706 0.958174 0.775788 0.827040 0.451624 0.540538 0.401352 0.496824 0.524243 0.461900 0.939570 0.796175 0.456888 0.420421 0.829411 0.850566 0.830508 0.851055 0.706255 0.673833 0.930267 0.870464 0.744264 0.514568 0.710640 0.857036 0.754359 0.915934 0.855191 0.993513 0.862166 0.910839 0.723162 0.760537 0.831665 0.772573 0.905457 0.698384 0.751388 0.618019 0.902999 0.853366 0.978753 0.648016 0.610085 0.601029 0.566751 0.990420 0.612910 0.506805 0.686357 0.656652 0.961950 0.718225 0.888904 0.687940 0.724707 0.808752 0.642339 0.758546 0.632987 0.841231
0.940203 0.929863 0.761030 0.784716 0.882779 0.906758 0.744349 0.837396 0.657792 0.820422 0.979562 0.918835 0.859992 0.894683 0.950986 0.995031 0.869294 0.857830 0.968503 0.904611 0.993365 0.901404 0.917278 0.976677 0.857261 0.686231 0.862576 0.878126 0.887343 0.923286 0.811280 0.845734 0.816822 0.867232 0.000000 0.996842 0.978668 0.961734 0.861312 0.908419 0.981411 0.933261 0.773172 0.849607 0.743481 0.753721 0.786030 0.804044 0.902546 0.884387 0.902933 0.977841 0.845024 0.850820 0.798890 0.858766 0.933552 0.857660 0.915127 0.935227 0.828210 0.767135 0.922335 0.948810 0.769776 0.811882 0.647834 0.639801 0.928075 0.894077 0.865064 0.851797 0.869596 0.813787 0.894311 0.984455 0.921142 0.833060 0.998736 0.988670 0.909159 0.948053 0.945386 0.876617 0.944511 0.909199 0.924748 0.993339 0.834723 0.914172 0.800292 0.902745 0.787713 0.879930 0.919955 0.935312 0.803281 0.677496 0.731797 0.818499 0.926252 0.908681 0.804505 0.891971 0.849366 0.866004 0.769076 0.835023 0.854096 0.953299 0.911560 0.891584 0.691266 0.947170 0.826795 0.930859
0.943591 0.982881 0.823859 0.828712 0.874314 0.999769 0.714401 0.826868 0.883626 0.940060 0.952642 0.992415 0.995093 0.946024 0.984505 0.996220 0.947400 0.962191 0.961522 0.960570 0.868469 0.831797 0.872799 0.914595 0.980399 0.952045 0.849025 0.886889 0.881703 0.897040 0.781570 0.854958 0.758146 0.813542 0.996842 0.000000 0.948019 0.812928 0.831062 0.904191 0.953346 0.977769 0.824579 0.783764 0.771894 0.799432 0.858366 0.989722 0.877578 0.876416 0.901074 0.930180 0.779678 0.845095 0.896149 0.871732 0.989196 0.997887 0.800578 0.946942 0.789263 0.876117 0.911417 0.913427 0.923697 0.899385 0.693777 0.786640 0.894679 0.886018 0.894671 0.996214 0.979795 0.841510 0.910532 0.824023 0.831183 0.677167 0.945998 0.947183 0.938555 0.961503 0.968162 0.866653 0.990089 0.988448 0.813823 0.934506 0.882886 0.966836 0.885447 0.869503 0.967737 0.945517 0.941762 0.915826 0.996033 0.940727 0.876929 0.766014 0.822001 0.906097 0.934896 0.817245 0.870287 0.915358 0.982669 0.986209 0.969148 0.968437 0.875567 0.964759 0.949161 0.920194 0.810337 0.863011
0.744963 0.828574 0.753303 0.708832 0.946231 0.849549 0.879771 0.688357 0.767715 0.752357 0.890300 0.714248 0.822060 0.763832 0.859371 0.841085 0.920557 0.969331 0.708016 0.704557 0.816318 0.914715 0.849218 0.930675 0.758988 0.752331 0.979827 0.941250 0.944502 0.989728 0.907938 0.887810 0.740436 0.836345 0.978668 0.948019 0.000000 0.671642 0.863724 0.797117 0.584405 0.832528 0.651980 0.717623 0.808176 0.766056 0.687290 0.712156 0.774555 0.786388 0.780682 0.782908 0.765455 0.671170 0.717555 0.849839 0.827318 0.856106 0.973848 0.998681 0.837702 0.671176 0.870394 0.942611 0.910310 0.830537 0.919003 0.847703 0.665476 0.728818 0.708613 0.564807 0.785675 0.806015 0.975497 0.962677 0.738086 0.913968 0.949566 0.831034 0.865280 0.822841 0.880118 0.851685 0.819178 0.865376 0.876339 0.974994 0.926695 0.900923 0.759529 0.815233 0.854589 0.899003 0.958985 0.990866 0.700119 0.951807 0.630849 0.714681 0.872180 0.805139 0.863432 0.876995 0.874446 0.960352 0.880802 0.781362 0.846547 0.732450 0.864806 0.869459 0.983127 0.901422 0.934577 0.950135
0.599928 0.553193 0.994468 0.924527 0.904139 0.830912 0.981802 0.887270 0.982071 0.807942 0.705275 0.614088 0.889343 0.807998 0.997770 0.852060 0.709440 0.675329 0.622095 0.547149 0.712774 0.827201 0.999709 0.971435 0.807189 0.969652 0.791168 0.972171 0.796516 0.813382 0.999446 0.870346 0.876283 0.819072 0.961734 0.812928 0.671642 0.000000 0.797182 0.581243 0.757215 0.794113 0.753824 0.735925 0.894447 0.780711 0.651959 0.635214 0.653084 0.562513 0.739844 0.692106 0.788794 0.905098 0.742951 0.622203 0.539680 0.604600 0.889315 0.790391 0.983127 0.901083 0.909638 0.781366 0.877634 0.873338 0.862394 0.952166 0.602618 0.619735 0.942186 0.841406 0.963722 0.900612 0.845948 0.992944 0.913598 0.969509 0.799555 0.884384 0.610697 0.647243 0.750498 0.560300 0.844136 0.982525 0.934377 0.828596 0.987451 0.797311 0.990038 0.983452 0.907983 0.938988 0.901723 0.817610 0.852765 0.900091 0.807985 0.843555 0.977410 0.985464 0.605053 0.910371 0.919980 0.989583 0.979264 0.981995 0.896047 0.716072 0.843800 0.795757 0.956020 0.723069 0.988773 0.942686
