0.000000 0.322128 0.983973 0.798169 0.928603 0.919866 0.761419 0.713592 0.934872 0.641349 0.439809 0.368784 0.532351 0.571357 0.793889 0.727925 0.406482 0.395871 0.427609 0.386470 0.934901 0.893513 0.849807 0.908133 0.988092 0.882894 0.923884 0.817481 0.465179 0.444980 0.805510 0.777634 0.582400 0.576700 0.970862 0.985454 0.758491 0.642080 0.990741 0.726617 0.831453 0.701701 0.734204 0.597771 0.809592 0.682010 0.549090 0.584750 0.621449 0.585144 0.745277 0.638953 0.885776 0.944671 0.753777 0.723049 0.391224 0.340818 0.502962 0.516190 0.635177 0.768023 0.536896 0.421472 0.821164 0.856783 0.829330 0.870741 0.349215 0.452464 0.786954 0.859608 0.644462 0.598871 0.770140 0.932695 0.643397 0.692736 0.571237 0.597836 0.354358 0.375173 0.458044 0.471800 0.719947 0.934701 0.998112 0.985908 0.920936 0.795751 0.911662 0.883501 0.827324 0.856207 0.974593 0.840344 0.828282 0.763151 0.689470 0.736720 0.935115 0.878922 0.542483 0.667570 0.864440 0.685469 0.933190 0.822009 0.863915 0.726153 0.863981 0.828078 0.833808 0.789219 0.784194 0.893348
0.322128 0.000000 0.960613 0.872933 0.926480 0.791037 0.700135 0.694021 0.956393 0.592327 0.492296 0.386272 0.738039 0.702467 0.959212 0.855760 0.409563 0.370996 0.394782 0.408145 0.827758 0.939917 0.980000 0.792569 0.950921 0.782061 0.992478 0.692004 0.465224 0.530756 0.832005 0.789118 0.615851 0.525190 0.994797 0.904000 0.796692 0.561004 0.957991 0.789620 0.893691 0.760228 0.566017 0.462306 0.611398 0.509208 0.545047 0.549145 0.449899 0.431314 0.579031 0.521728 0.717445 0.791357 0.819370 0.675185 0.265387 0.253432 0.504599 0.504385 0.699606 0.802753 0.561067 0.428727 0.717794 0.749892 0.816084 0.856938 0.521123 0.454769 0.887927 0.853714 0.821818 0.718966 0.908029 0.875696 0.601912 0.702000 0.517648 0.591018 0.340583 0.412560 0.621965 0.456550 0.820066 0.909713 0.926539 0.921383 0.879183 0.880745 0.994252 0.985420 0.946484 0.898582 0.910411 0.905053 0.882892 0.710073 0.647618 0.619804 0.842010 0.831726 0.450300 0.668163 0.898829 0.852484 0.891392 0.750517 0.981340 0.679735 0.704900 0.750637 0.693466 0.622451 0.807754 0.924691
0.983973 0.960613 0.000000 0.439086 0.982102 0.757420 0.603966 0.610579 0.437723 0.879575 0.943002 0.992282 0.823404 0.805830 0.858989 0.757319 0.821836 0.811014 0.832830 0.926448 0.923910 0.993185 0.588975 0.617362 0.581276 0.482977 0.889902 0.914619 0.903524 0.940547 0.558852 0.602683 0.681530 0.756266 0.621924 0.902248 0.701237 0.937176 0.747756 0.945180 0.981892 0.989088 0.734631 0.773474 0.848740 0.865932 0.673681 0.752568 0.825032 0.988714 0.954923 0.963699 0.936525 0.998474 0.875064 0.902082 0.952984 0.819353 0.966042 0.931063 0.541736 0.506685 0.833923 0.858300 0.371356 0.377871 0.665298 0.515642 0.958844 0.808490 0.716289 0.702304 0.683710 0.784643 0.894004 0.950686 0.700078 0.819573 0.876817 0.893615 0.827425 0.905556 0.863736 0.923006 0.719583 0.579683 0.987048 0.908316 0.722158 0.938177 0.753229 0.949457 0.824291 0.968731 0.836047 0.916617 0.828586 0.935435 0.744611 0.763534 0.836501 0.985024 0.922234 0.971927 0.726288 0.865118 0.931392 0.812230 0.708543 0.960339 0.886667 0.902692 0.860095 0.913939 0.721565 0.990720
0.798169 0.872933 0.439086 0.000000 0.870758 0.830197 0.506206 0.352726 0.537311 0.599917 0.858977 0.692153 0.655485 0.635880 0.786243 0.611798 0.994799 0.995141 0.627415 0.820064 0.930227 0.920381 0.431143 0.601846 0.697654 0.591827 0.899590 0.934478 0.998323 0.943762 0.490957 0.496605 0.578128 0.615596 0.757224 0.871913 0.675493 0.915130 0.793423 0.959670 0.970820 0.877716 0.606677 0.577749 0.831463 0.771095 0.576673 0.631984 0.948098 0.936163 0.912974 0.920761 0.914465 0.951151 0.920134 0.969416 0.925633 0.993686 0.734903 0.772727 0.476550 0.415473 0.961943 0.869702 0.561006 0.455540 0.581144 0.497438 0.819284 0.956461 0.649992 0.586573 0.730528 0.822624 0.953256 0.923006 0.614563 0.765414 0.890025 0.908470 0.994904 0.984129 0.811863 0.973102 0.794693 0.655581 0.943306 0.877368 0.724036 0.785113 0.720538 0.976299 0.795301 0.945051 0.851032 0.968120 0.766058 0.845552 0.624354 0.598023 0.641734 0.967170 0.973451 0.789880 0.548984 0.650598 0.960758 0.653827 0.659422 0.857527 0.740682 0.909606 0.763064 0.857409 0.616203 0.958108
0.928603 0.926480 0.982102 0.870758 0.000000 0.924170 0.977469 0.980825 0.892640 0.954639 0.866609 0.937313 0.908553 0.897743 0.896565 0.978763 0.954888 0.943118 0.912339 0.987968 0.943354 0.902186 0.830572 0.887092 0.786572 0.933363 0.961002 0.836776 0.985297 0.946933 0.827002 0.900852 0.987404 0.978528 0.739161 0.910747 0.928466 0.936997 0.806363 0.960388 0.945929 0.971295 0.816313 0.882472 0.722523 0.762441 0.894916 0.895553 0.789365 0.766639 0.705799 0.745162 0.744854 0.703579 0.998223 0.887553 0.961588 0.955877 0.942624 0.994190 0.953164 0.939587 0.916522 0.948812 0.910691 0.894367 0.938145 0.972007 0.761703 0.980353 0.986156 0.861009 0.983350 0.965512 0.957013 0.912654 0.918730 0.906977 0.898005 0.987525 0.994468 0.986223 0.776477 0.946463 0.863915 0.743556 0.846421 0.892632 0.989197 0.949237 0.827574 0.760267 0.800213 0.917233 0.887389 0.971797 0.944179 0.907510 0.840844 0.842407 0.876146 0.872057 0.911261 0.955090 0.962172 0.767604 0.968369 0.928589 0.869543 0.912545 0.934287 0.943321 0.900579 0.851139 0.929146 0.956882
0.919866 0.791037 0.757420 0.830197 0.924170 0.000000 0.965594 0.895805 0.802278 0.939306 0.719891 0.927285 0.789950 0.790426 0.700487 0.634752 0.679795 0.649993 0.749866 0.926171 0.864212 0.941282 0.796696 0.606104 0.714112 0.566305 0.937777 0.672732 0.716461 0.815805 0.932274 0.994472 0.999042 0.888380 0.942797 0.894766 0.791404 0.916102 0.680261 0.973629 0.994535 0.986392 0.981366 0.903791 0.942096 0.866967 0.935734 0.972564 0.918663 0.945130 0.989866 0.983677 0.873055 0.987314 0.668064 0.848698 0.623893 0.706493 0.813369 0.936988 0.884539 0.707027 0.682668 0.754264 0.710750 0.580447 0.952380 0.863861 0.972566 0.923632 0.758708 0.888114 0.831397 0.922959 0.875750 0.997489 0.939176 0.877818 0.812573 0.949718 0.810724 0.995750 0.865051 0.862077 0.694481 0.643418 0.905942 0.932384 0.880602 0.924313 0.771821 0.862674 0.779412 0.900205 0.977482 0.928132 0.728487 0.787386 0.972107 0.974257 0.932596 0.917019 0.801555 0.911072 0.934219 0.975162 0.854352 0.943760 0.887574 0.884625 0.969518 0.981034 0.994759 0.993087 0.995466 0.908699
0.761419 0.700135 0.603966 0.506206 0.977469 0.965594 0.000000 0.330287 0.737822 0.568292 0.684400 0.685789 0.840465 0.788338 0.854761 0.993079 0.717974 0.788529 0.615796 0.814837 0.966889 0.989871 0.852694 0.924803 0.889108 0.873483 0.650770 0.631970 0.820063 0.817575 0.562028 0.701665 0.426267 0.410005 0.782175 0.761519 0.956204 0.939970 0.964609 0.901795 0.961183 0.964661 0.538776 0.514190 0.490551 0.499806 0.572626 0.560102 0.721651 0.640404 0.630949 0.664620 0.685773 0.780601 0.897815 0.891405 0.711805 0.750551 0.460148 0.561854 0.332712 0.594683 0.588836 0.600982 0.924960 0.804585 0.277312 0.349389 0.901257 0.958597 0.828136 0.733415 0.912999 0.947582 0.935071 0.837550 0.554785 0.830198 0.736569 0.795211 0.773296 0.995847 0.810256 0.937265 0.963479 0.986737 0.987773 0.791461 0.977602 0.956290 0.691514 0.827143 0.683576 0.864330 0.754679 0.942791 0.833630 0.666239 0.474875 0.556836 0.492853 0.737701 0.713311 0.566259 0.666123 0.753148 0.846726 0.596724 0.806570 0.779508 0.604375 0.711653 0.603076 0.689060 0.604857 0.859968
0.713592 0.694021 0.610579 0.352726 0.980825 0.895805 0.330287 0.000000 0.622244 0.354364 0.688264 0.545201 0.698874 0.636704 0.959029 0.707668 0.766798 0.814072 0.539284 0.730902 0.856373 0.892012 0.670257 0.911377 0.956602 0.833595 0.776602 0.807531 0.834469 0.797075 0.502339 0.631973 0.463338 0.400540 0.843337 0.852783 0.759506 0.914832 0.898626 0.944310 0.923443 0.868569 0.440338 0.407817 0.583066 0.520786 0.449055 0.467103 0.766549 0.652767 0.641535 0.650575 0.697552 0.738151 0.860325 0.866405 0.772428 0.792162 0.492165 0.555838 0.343837 0.372663 0.692938 0.587744 0.868793 0.662426 0.425132 0.377161 0.837153 0.874317 0.637841 0.589342 0.828429 0.913571 0.927533 0.894375 0.552741 0.790300 0.689206 0.805142 0.808885 0.999610 0.806880 0.928119 0.976133 0.934416 0.963413 0.740126 0.908930 0.976012 0.670535 0.866490 0.726782 0.961261 0.782133 0.885616 0.716719 0.661445 0.459428 0.431197 0.466439 0.861414 0.705501 0.581861 0.538842 0.700420 0.917816 0.547759 0.733534 0.696682 0.601993 0.678101 0.561013 0.686084 0.615868 0.917977
0.934872 0.956393 0.437723 0.537311 0.892640 0.802278 0.737822 0.622244 0.000000 0.757347 0.922577 0.958588 0.855396 0.734986 0.752763 0.653302 0.782514 0.762041 0.843696 0.999080 0.963596 0.978891 0.608686 0.668456 0.709677 0.528128 0.887300 0.986294 0.890801 0.816923 0.638745 0.706432 0.756171 0.825192 0.692339 0.938856 0.705649 0.949240 0.780060 0.986891 0.954439 0.954689 0.608903 0.703308 0.743708 0.799441 0.673543 0.806405 0.944556 0.963652 0.875047 0.910218 0.776095 0.714452 0.983411 0.964473 0.917350 0.784489 0.997831 0.989949 0.602491 0.447408 0.743108 0.847751 0.494507 0.439541 0.732420 0.661929 0.854177 0.715301 0.571717 0.534563 0.705296 0.873065 0.965280 0.969725 0.755683 0.863949 0.978014 0.965579 0.787892 0.870550 0.945547 0.853178 0.784721 0.718753 0.949021 0.845622 0.719784 0.871898 0.551564 0.716323 0.651175 0.799463 0.839079 0.876314 0.749490 0.887406 0.587141 0.624357 0.755048 0.933530 0.967649 0.940569 0.738668 0.853892 0.909142 0.695249 0.834878 0.880994 0.867569 0.908877 0.788186 0.812537 0.856716 0.793781
0.641349 0.592327 0.879575 0.599917 0.954639 0.939306 0.568292 0.354364 0.757347 0.000000 0.627427 0.519508 0.737541 0.712847 0.963527 0.795584 0.665362 0.684594 0.531136 0.661780 0.707199 0.865010 0.893144 0.859820 0.760293 0.938089 0.835270 0.822684 0.726653 0.756886 0.677479 0.776468 0.578927 0.514739 0.978649 0.923104 0.742651 0.763530 0.956326 0.937232 0.794316 0.772437 0.476470 0.408303 0.612913 0.478922 0.553533 0.497150 0.611735 0.542793 0.578276 0.554796 0.652113 0.619735 0.903061 0.837974 0.635544 0.639055 0.546046 0.626979 0.565541 0.522678 0.690411 0.535119 0.882355 0.957225 0.680238 0.671912 0.781381 0.692663 0.592349 0.620960 0.945707 0.855031 0.929402 0.992348 0.620631 0.840878 0.647514 0.824889 0.699285 0.910519 0.858418 0.842462 0.896585 0.799195 0.906653 0.686652 0.913320 0.970609 0.720889 0.798697 0.789568 0.941735 0.891985 0.792806 0.723556 0.666210 0.476280 0.455553 0.558717 0.776137 0.565502 0.597020 0.638022 0.825227 0.985758 0.507989 0.883856 0.616253 0.631929 0.614104 0.581979 0.702331 0.835348 0.999956
0.439809 0.492296 0.943002 0.858977 0.866609 0.719891 0.684400 0.688264 0.922577 0.627427 0.000000 0.471975 0.713918 0.727674 0.944605 0.881489 0.350388 0.321611 0.422188 0.411928 0.865661 0.930611 0.939576 0.811885 0.928343 0.796974 0.947685 0.747558 0.383890 0.379979 0.680133 0.721635 0.535230 0.429629 0.989339 0.996968 0.977611 0.762866 0.944728 0.888592 0.850481 0.729376 0.897775 0.701732 0.913343 0.783318 0.685619 0.673592 0.829452 0.784151 0.957881 0.864543 0.916891 0.898009 0.958763 0.981677 0.422811 0.467358 0.516549 0.533091 0.608399 0.863546 0.383865 0.371330 0.772234 0.851907 0.750532 0.784355 0.439823 0.579102 0.872930 0.983232 0.738396 0.634823 0.814000 0.936249 0.779630 0.675935 0.624266 0.816715 0.534561 0.719706 0.521737 0.580396 0.996936 0.943922 0.850046 0.853676 0.806453 0.917726 0.714615 0.654539 0.643549 0.657900 0.996923 0.831506 0.913533 0.675602 0.859124 0.840344 0.906992 0.946520 0.626184 0.569497 0.909971 0.690757 0.935556 0.889618 0.975714 0.737592 0.873967 0.973712 0.768787 0.849457 0.805643 0.852359
0.368784 0.386272 0.992282 0.692153 0.937313 0.927285 0.685789 0.545201 0.958588 0.519508 0.471975 0.000000 0.454243 0.462970 0.748154 0.569923 0.418645 0.384153 0.377030 0.381756 0.909892 0.895402 0.700710 0.979511 0.995678 0.857664 0.999590 0.691665 0.461227 0.385994 0.611190 0.621554 0.502819 0.477564 0.926473 0.997224 0.738614 0.648999 0.994952 0.840683 0.805476 0.721524 0.638628 0.519295 0.808435 0.684141 0.543316 0.579521 0.682772 0.667865 0.723372 0.672387 0.868446 0.874472 0.849494 0.746910 0.496464 0.421128 0.530388 0.513595 0.540408 0.618130 0.476040 0.330676 0.774926 0.929179 0.801199 0.794712 0.495332 0.532026 0.709430 0.705579 0.680439 0.707211 0.879551 0.916493 0.622808 0.673428 0.488113 0.684739 0.385963 0.495064 0.533484 0.487775 0.873609 0.987431 0.894106 0.844000 0.958472 0.890156 0.944319 0.838609 0.859214 0.754284 0.953429 0.785245 0.877037 0.642124 0.708332 0.662275 0.810629 0.864626 0.587856 0.574718 0.714087 0.680564 0.969680 0.781806 0.846312 0.679036 0.836891 0.853040 0.811018 0.734772 0.716959 0.881697
0.532351 0.738039 0.823404 0.655485 0.908553 0.789950 0.840465 0.698874 0.855396 0.737541 0.713918 0.454243 0.000000 0.367974 0.438811 0.467011 0.724818 0.702674 0.660449 0.546357 0.824679 0.952889 0.556413 0.738200 0.810953 0.882727 0.991362 0.841411 0.715073 0.629397 0.632629 0.674035 0.593039 0.769211 0.977981 0.933660 0.717621 0.846173 0.890359 0.755807 0.823470 0.713273 0.814014 0.791862 0.988653 0.920380 0.665538 0.733077 0.954673 0.914011 0.898311 0.844714 0.913858 0.913611 0.789733 0.766163 0.879207 0.788494 0.808900 0.793369 0.593726 0.570614 0.769642 0.659517 0.902475 0.813439 0.899932 0.847204 0.524597 0.723917 0.590759 0.664197 0.503058 0.667101 0.775259 0.977883 0.683249 0.837754 0.746775 0.792274 0.631482 0.566003 0.614788 0.685633 0.620564 0.711780 0.895540 0.946524 0.790189 0.750234 0.908391 0.930525 0.965117 0.915420 0.976665 0.749643 0.703739 0.793836 0.794182 0.848546 0.939950 0.929434 0.896915 0.708250 0.748811 0.687071 0.983028 0.832336 0.735860 0.912044 0.977298 0.958633 0.979552 0.867605 0.739071 0.883797
0.571357 0.702467 0.805830 0.635880 0.897743 0.790426 0.788338 0.636704 0.734986 0.712847 0.727674 0.462970 0.367974 0.000000 0.469500 0.374101 0.684195 0.693609 0.586001 0.555776 0.893385 0.953537 0.462686 0.689029 0.768102 0.820425 0.892515 0.951773 0.692241 0.607607 0.570446 0.560670 0.517803 0.731325 0.997015 0.924360 0.627735 0.766492 0.874831 0.773026 0.812788 0.718112 0.702106 0.696439 0.883211 0.880074 0.617492 0.784812 0.919314 0.912333 0.801910 0.797162 0.748481 0.759030 0.847014 0.842965 0.820089 0.780219 0.855134 0.852557 0.565495 0.499524 0.776211 0.630249 0.945126 0.787700 0.823806 0.797002 0.620549 0.751464 0.505609 0.566909 0.485759 0.768766 0.784369 0.994853 0.703355 0.783032 0.670299 0.812217 0.616319 0.659323 0.572099 0.738739 0.616230 0.678070 0.887598 0.821595 0.816186 0.750701 0.824204 0.998121 0.989934 0.981952 0.961654 0.865177 0.676736 0.809983 0.709808 0.771430 0.871701 0.844500 0.828219 0.605925 0.820740 0.647298 0.876836 0.752981 0.809060 0.791092 0.908901 0.930472 0.907885 0.834310 0.765355 0.997006
0.793889 0.959212 0.858989 0.786243 0.896565 0.700487 0.854761 0.959029 0.752763 0.963527 0.944605 0.748154 0.438811 0.469500 0.000000 0.407931 0.934635 0.957040 0.894354 0.774917 0.806344 0.954832 0.515028 0.641152 0.681672 0.845791 0.931392 0.868616 0.884464 0.780209 0.729538 0.679370 0.820457 0.962405 0.949464 0.953586 0.703721 0.929174 0.900313 0.721461 0.876540 0.860163 0.995459 0.982293 0.774476 0.804287 0.842698 0.944783 0.800070 0.826820 0.908539 0.971034 0.997508 0.976431 0.874324 0.941929 0.880028 0.931142 0.909649 0.939858 0.841050 0.717113 0.973899 0.932388 0.798834 0.765754 0.859007 0.920892 0.682277 0.974189 0.547830 0.710222 0.608182 0.764533 0.878055 0.864213 0.873189 0.880288 0.948074 0.906670 0.883318 0.819037 0.793463 0.917546 0.660021 0.655815 0.995404 0.960714 0.741406 0.858791 0.985943 0.895703 0.851466 0.911770 0.974375 0.939759 0.801871 0.979317 0.981134 0.944297 0.903624 0.952055 0.912403 0.906714 0.870557 0.725998 0.953768 0.975712 0.740897 0.948706 0.815484 0.901023 0.816873 0.933452 0.836794 0.990067
0.727925 0.855760 0.757319 0.611798 0.978763 0.634752 0.993079 0.707668 0.653302 0.795584 0.881489 0.569923 0.467011 0.374101 0.407931 0.000000 0.932714 0.919076 0.737270 0.659248 0.910772 0.925345 0.394394 0.515132 0.624143 0.754817 0.966424 0.925649 0.838486 0.707275 0.548689 0.525753 0.716601 0.843523 0.891920 0.992849 0.642501 0.759031 0.750414 0.778902 0.921433 0.781542 0.745980 0.769388 0.984091 0.965086 0.635956 0.787694 0.937457 0.976544 0.916911 0.877382 0.850381 0.857151 0.817167 0.928799 0.958570 0.997713 0.954978 0.858418 0.682960 0.444466 0.955676 0.838660 0.770803 0.595274 0.990183 0.813541 0.784367 0.855362 0.511964 0.671512 0.541909 0.751610 0.865288 0.913847 0.861496 0.745631 0.811114 0.842334 0.807354 0.727468 0.714020 0.787395 0.685073 0.574166 0.995866 0.886508 0.780125 0.793488 0.907055 0.905345 0.934747 0.837001 0.995508 0.866638 0.740574 0.843795 0.856969 0.820829 0.943288 0.959878 0.978193 0.858862 0.817830 0.731519 0.954496 0.898682 0.738376 0.883139 0.976466 0.957833 0.978183 0.946195 0.737016 0.900678
0.406482 0.409563 0.821836 0.994799 0.954888 0.679795 0.717974 0.766798 0.782514 0.665362 0.350388 0.418645 0.724818 0.684195 0.934635 0.932714 0.000000 0.255593 0.425994 0.422521 0.852364 0.997349 0.970244 0.655052 0.772994 0.594909 0.972920 0.726692 0.317672 0.314286 0.803592 0.818341 0.539458 0.499290 0.848794 0.906831 0.965390 0.790889 0.828268 0.911300 0.836201 0.760054 0.810908 0.648918 0.787415 0.695626 0.677584 0.686959 0.622419 0.623039 0.740997 0.659777 0.878232 0.911344 0.959503 0.842619 0.379969 0.322195 0.481907 0.577644 0.682689 0.971748 0.283890 0.258666 0.524419 0.582809 0.790181 0.926547 0.453580 0.504225 0.923941 0.948020 0.827407 0.744937 0.857696 0.970228 0.745537 0.732119 0.448616 0.715452 0.325505 0.620807 0.563753 0.540054 0.967815 0.765596 0.847067 0.837299 0.786260 0.957000 0.775447 0.768475 0.713661 0.743137 0.903474 0.780346 0.971002 0.637012 0.774801 0.820774 0.867703 0.934127 0.556924 0.509953 0.908364 0.771689 0.971044 0.848210 0.931577 0.659330 0.881270 0.853938 0.779516 0.802296 0.805662 0.781078
0.395871 0.370996 0.811014 0.995141 0.943118 0.649993 0.788529 0.814072 0.762041 0.684594 0.321611 0.384153 0.702674 0.693609 0.957040 0.919076 0.255593 0.000000 0.386221 0.410448 0.855151 0.961843 0.965650 0.729492 0.812800 0.626723 0.957614 0.719146 0.304353 0.329685 0.811154 0.792887 0.583514 0.527016 0.831180 0.963101 0.983436 0.707131 0.818704 0.892942 0.843240 0.714660 0.889388 0.690275 0.906441 0.791707 0.762114 0.740087 0.711759 0.717115 0.849810 0.785557 0.965839 0.993114 0.977708 0.890192 0.333506 0.297781 0.540162 0.598048 0.755893 0.986152 0.304781 0.274423 0.552722 0.581344 0.907223 0.995752 0.427887 0.492138 0.900740 0.966521 0.823267 0.738741 0.859976 0.969614 0.803037 0.724899 0.455542 0.811981 0.367484 0.570989 0.514723 0.473151 0.980603 0.771165 0.878029 0.875085 0.771306 0.979833 0.724876 0.717229 0.672240 0.727422 0.953635 0.839392 0.913367 0.667315 0.851058 0.871759 0.965054 0.912366 0.538772 0.572897 0.896345 0.780675 0.932629 0.875014 0.955686 0.738950 0.845047 0.926978 0.802114 0.758544 0.858639 0.796670
0.427609 0.394782 0.832830 0.627415 0.912339 0.749866 0.615796 0.539284 0.843696 0.531136 0.422188 0.377030 0.660449 0.586001 0.894354 0.737270 0.425994 0.386221 0.000000 0.389017 0.892140 0.972482 0.668484 0.993850 0.951987 0.921582 0.988627 0.727581 0.439755 0.481226 0.630449 0.580502 0.457076 0.443662 0.986259 0.905680 0.658173 0.629551 0.978303 0.844065 0.858935 0.693999 0.566870 0.441713 0.743710 0.615274 0.507052 0.558819 0.719837 0.664017 0.785035 0.737147 0.895303 0.913282 0.991467 0.937054 0.361738 0.415172 0.533526 0.579455 0.570021 0.679260 0.519814 0.403498 0.904101 0.962513 0.727360 0.730278 0.514410 0.611004 0.762848 0.743969 0.725449 0.704067 0.959480 0.938100 0.639672 0.646932 0.531720 0.747509 0.508465 0.660276 0.513758 0.532042 0.857606 0.956096 0.866911 0.850843 0.979169 0.876305 0.950184 0.813074 0.824364 0.794012 0.797996 0.926250 0.933803 0.640518 0.631615 0.607435 0.867482 0.853058 0.551203 0.583640 0.790572 0.762868 0.899530 0.720078 0.908207 0.576426 0.748986 0.830586 0.731200 0.625101 0.682776 0.847045
0.386470 0.408145 0.926448 0.820064 0.987968 0.926171 0.814837 0.730902 0.999080 0.661780 0.411928 0.381756 0.546357 0.555776 0.774917 0.659248 0.422521 0.410448 0.389017 0.000000 0.925202 0.976631 0.769171 0.985148 0.916738 0.918806 0.875959 0.762113 0.439218 0.423874 0.727131 0.706974 0.593804 0.546227 0.970045 0.964426 0.700031 0.574109 0.993568 0.680529 0.824694 0.672890 0.727269 0.649997 0.882946 0.761549 0.583301 0.630256 0.726475 0.701101 0.854089 0.757263 0.970473 0.984808 0.875993 0.875255 0.458376 0.427385 0.667016 0.586879 0.688977 0.715402 0.612631 0.474172 0.849147 0.935068 0.920621 0.902494 0.437504 0.440181 0.808886 0.903517 0.659171 0.652561 0.844800 0.977317 0.711002 0.760416 0.634887 0.713473 0.485321 0.504267 0.555613 0.427432 0.754392 0.887921 0.849366 0.877059 0.985966 0.892548 0.844344 0.727566 0.701931 0.700483 0.901411 0.819229 0.900345 0.709363 0.829163 0.788157 0.957115 0.888460 0.694233 0.695003 0.856792 0.798252 0.912522 0.859900 0.891879 0.642338 0.924345 0.938966 0.894004 0.813502 0.842375 0.797980
0.934901 0.827758 0.923910 0.930227 0.943354 0.864212 0.966889 0.856373 0.963596 0.707199 0.865661 0.909892 0.824679 0.893385 0.806344 0.910772 0.852364 0.855151 0.892140 0.925202 0.000000 0.946223 0.796899 0.726337 0.799870 0.869656 0.946720 0.967829 0.905834 0.939893 0.933902 0.807192 0.972310 0.848142 0.976250 0.856212 0.942676 0.778356 0.946538 0.942421 0.979831 0.946077 0.818066 0.832505 0.890896 0.854763 0.909494 0.820927 0.845739 0.789225 0.875773 0.829183 0.922426 0.881760 0.968004 0.958903 0.769906 0.826152 0.798759 0.794835 0.974356 0.904926 0.912948 0.849047 0.887241 0.872634 0.945030 0.979246 0.946837 0.808615 0.997458 0.993613 0.976557 0.922529 0.949989 0.923973 0.935357 0.925145 0.879578 0.927293 0.913743 0.965968 0.968155 0.853783 0.759560 0.706625 0.955239 0.871835 0.945828 0.827030 0.947170 0.958654 0.951220 0.888853 0.988497 0.951728 0.914120 0.828933 0.852419 0.804445 0.878020 0.952593 0.833172 0.951846 0.991549 0.956797 0.818736 0.934223 0.977557 0.944775 0.776671 0.737139 0.766937 0.813059 0.885785 0.865116
0.893513 0.939917 0.993185 0.920381 0.902186 0.941282 0.989871 0.892012 0.978891 0.865010 0.930611 0.895402 0.952889 0.953537 0.954832 0.925345 0.997349 0.961843 0.972482 0.976631 0.946223 0.000000 0.969240 0.976597 0.890551 0.947736 0.855526 0.966813 0.991487 0.977857 0.987162 0.962685 0.990046 0.918826 0.970675 0.989847 0.872993 0.855339 0.970437 0.727222 0.955068 0.986512 0.905156 0.857460 0.941915 0.876220 0.893996 0.881747 0.927789 0.854267 0.847996 0.875603 0.905262 0.892529 0.844064 0.798074 0.971209 0.978081 0.946784 0.978890 0.992653 0.972955 0.998990 0.991256 0.981148 0.972052 0.914813 0.962908 0.972527 0.908791 0.936654 0.948728 0.919562 0.683122 0.820416 0.872585 0.890418 0.804614 0.981147 0.908814 0.920164 0.928136 0.874461 0.913917 0.974932 0.984911 0.892459 0.865924 0.974367 0.944204 0.900623 0.925048 0.954954 0.984067 0.936991 0.929191 0.692136 0.950613 0.954115 0.964512 0.916462 0.976421 0.955064 0.862222 0.845394 0.977166 0.952803 0.935244 0.975987 0.915241 0.978936 0.772099 0.959726 0.962300 0.972808 0.934992
0.849807 0.980000 0.588975 0.431143 0.830572 0.796696 0.852694 0.670257 0.608686 0.893144 0.939576 0.700710 0.556413 0.462686 0.515028 0.394394 0.970244 0.965650 0.668484 0.769171 0.796899 0.969240 0.000000 0.436198 0.536622 0.660730 0.988913 0.983053 0.941771 0.856331 0.514304 0.425000 0.707979 0.865813 0.936633 0.972080 0.655324 0.849520 0.851815 0.861462 0.950885 0.821241 0.807801 0.808791 0.861538 0.899315 0.771852 0.891066 0.698663 0.762142 0.873346 0.865565 0.978503 0.945538 0.990183 0.902500 0.961400 0.929943 0.993626 0.963470 0.668147 0.551974 0.969537 0.912171 0.573562 0.524317 0.899817 0.795117 0.830011 0.964058 0.601090 0.587030 0.529076 0.852330 0.914481 0.992961 0.798483 0.783325 0.895750 0.935798 0.983044 0.920113 0.673730 0.854313 0.667136 0.531919 0.983768 0.952028 0.687377 0.707953 0.904903 0.817555 0.960218 0.973075 0.858147 0.937909 0.864095 0.917375 0.843364 0.852949 0.948078 0.963166 0.909681 0.908817 0.749468 0.701436 0.981012 0.850758 0.699461 0.945567 0.963694 0.929625 0.987395 0.965780 0.650278 0.931736
0.908133 0.792569 0.617362 0.601846 0.887092 0.606104 0.924803 0.911377 0.668456 0.859820 0.811885 0.979511 0.738200 0.689029 0.641152 0.515132 0.655052 0.729492 0.993850 0.985148 0.726337 0.976597 0.436198 0.000000 0.431391 0.458770 0.867565 0.839774 0.806841 0.880343 0.704151 0.689638 0.947669 0.893177 0.857288 0.931607 0.731513 0.984904 0.637581 0.825932 0.954265 0.901198 0.967585 0.974613 0.817574 0.787088 0.913114 0.958942 0.666436 0.696844 0.770967 0.755597 0.933948 0.826838 0.967911 0.893387 0.702925 0.694792 0.747301 0.876715 0.889401 0.661809 0.643971 0.717715 0.460945 0.423534 0.979134 0.834526 0.985752 0.812339 0.784742 0.833287 0.666792 0.871160 0.911208 0.931277 0.987456 0.913049 0.873934 0.980158 0.779812 0.945442 0.940232 0.940688 0.597316 0.396080 0.867733 0.815921 0.637066 0.680451 0.918335 0.862588 0.986769 0.934950 0.963942 0.865128 0.829021 0.858811 0.930754 0.985654 0.911528 0.905401 0.710447 0.905804 0.898690 0.869661 0.943295 0.905623 0.857033 0.829640 0.946388 0.731446 0.802997 0.948876 0.845161 0.876338
0.988092 0.950921 0.581276 0.697654 0.786572 0.714112 0.889108 0.956602 0.709677 0.760293 0.928343 0.995678 0.810953 0.768102 0.681672 0.624143 0.772994 0.812800 0.951987 0.916738 0.799870 0.890551 0.536622 0.431391 0.000000 0.475386 0.829656 0.784373 0.881764 0.931350 0.702676 0.675448 0.961608 0.958743 0.834918 0.975462 0.731413 0.775768 0.595656 0.794593 0.911014 0.958567 0.984806 0.921046 0.780690 0.757359 0.944862 0.960355 0.660633 0.721545 0.679402 0.701641 0.813096 0.717709 0.956389 0.940359 0.897750 0.802871 0.791168 0.948798 0.921452 0.782580 0.667150 0.734238 0.443801 0.510354 0.927072 0.900138 0.861892 0.922672 0.908031 0.869341 0.582218 0.713887 0.948582 0.991191 0.963702 0.803513 0.866800 0.897174 0.906046 0.824555 0.841737 0.900912 0.555611 0.358044 0.928420 0.782247 0.670095 0.725418 0.899510 0.750104 0.836219 0.810513 0.987832 0.890619 0.935004 0.863568 0.862797 0.884718 0.810743 0.835299 0.771767 0.891807 0.966719 0.898274 0.947055 0.834622 0.864068 0.876937 0.904575 0.737614 0.828270 0.871463 0.811669 0.959872
0.882894 0.782061 0.482977 0.591827 0.933363 0.566305 0.873483 0.833595 0.528128 0.938089 0.796974 0.857664 0.882727 0.820425 0.845791 0.754817 0.594909 0.626723 0.921582 0.918806 0.869656 0.947736 0.660730 0.458770 0.475386 0.000000 0.968241 0.806413 0.680933 0.689729 0.748827 0.821794 0.895791 0.986219 0.725178 0.920296 0.775267 0.928398 0.590840 0.941433 0.973822 0.903865 0.899185 0.982879 0.992727 0.922594 0.896877 0.980370 0.763988 0.808453 0.870605 0.827099 0.992613 0.931511 0.896933 0.996584 0.740673 0.631217 0.806508 0.859264 0.780104 0.640271 0.611476 0.631568 0.396824 0.374451 0.809995 0.708315 0.913187 0.771013 0.758327 0.763172 0.699062 0.867020 0.902396 0.946890 0.932944 0.991327 0.747235 0.999838 0.701241 0.936675 0.966088 0.839967 0.617012 0.466889 0.862659 0.798829 0.648584 0.768065 0.758201 0.901335 0.769095 0.855825 0.889821 0.941315 0.780034 0.908712 0.878379 0.948915 0.907918 0.937933 0.808192 0.951493 0.873565 0.869708 0.928536 0.920061 0.925036 0.882307 0.927590 0.852808 0.971192 0.973555 0.935713 0.847306
0.923884 0.992478 0.889902 0.899590 0.961002 0.937777 0.650770 0.776602 0.887300 0.835270 0.947685 0.999590 0.991362 0.892515 0.931392 0.966424 0.972920 0.957614 0.988627 0.875959 0.946720 0.855526 0.988913 0.867565 0.829656 0.968241 0.000000 0.836281 0.999315 0.960738 0.820489 0.927326 0.797754 0.874497 0.913882 0.857151 0.941760 0.734945 0.992919 0.875698 0.889521 0.833625 0.799717 0.870912 0.695376 0.756461 0.928921 0.885219 0.896429 0.898226 0.756064 0.795800 0.698090 0.654524 0.957644 0.934126 0.958108 0.947383 0.860881 0.920463 0.736064 0.800424 0.889927 0.882355 0.960115 0.920141 0.656974 0.694976 0.846362 0.947745 0.792463 0.838002 0.994203 0.938802 0.984490 0.953665 0.819067 0.996925 0.964569 0.884882 0.947387 0.805596 0.882371 0.751657 0.878161 0.845551 0.934686 0.630647 0.921956 0.684132 0.766573 0.781995 0.714792 0.853236 0.909533 0.958015 0.887664 0.971401 0.744475 0.863411 0.678761 0.769946 0.918333 0.833815 0.952343 0.978721 0.805008 0.771907 0.899193 0.930202 0.726580 0.876941 0.804826 0.864032 0.884931 0.954697
0.817481 0.692004 0.914619 0.934478 0.836776 0.672732 0.631970 0.807531 0.986294 0.822684 0.747558 0.691665 0.841411 0.951773 0.868616 0.925649 0.726692 0.719146 0.727581 0.762113 0.967829 0.966813 0.983053 0.839774 0.784373 0.806413 0.836281 0.000000 0.712194 0.756144 0.910512 0.918462 0.778289 0.766148 0.818501 0.873135 0.898472 0.926651 0.789098 0.926139 0.948623 0.919974 0.813328 0.758071 0.750670 0.715982 0.828927 0.802432 0.746205 0.775019 0.775254 0.787969 0.918069 0.894640 0.925367 0.937690 0.721989 0.665253 0.624457 0.675202 0.690228 0.869688 0.651859 0.678545 0.871638 0.893677 0.699893 0.795974 0.959212 0.934035 0.968333 0.932933 0.953632 0.940700 0.874111 0.909704 0.707949 0.940395 0.789850 0.800025 0.704514 0.755447 0.885366 0.804643 0.990850 0.874323 0.952158 0.807425 0.964354 0.947263 0.953336 0.959119 0.929341 0.958894 0.874331 0.954466 0.890229 0.676743 0.835493 0.782806 0.933231 0.709002 0.753301 0.761704 0.843518 0.943241 0.955525 0.848112 0.884074 0.813545 0.956002 0.901158 0.844198 0.832499 0.890277 0.883421
0.465179 0.465224 0.903524 0.998323 0.985297 0.716461 0.820063 0.834469 0.890801 0.726653 0.383890 0.461227 0.715073 0.692241 0.884464 0.838486 0.317672 0.304353 0.439755 0.439218 0.905834 0.991487 0.941771 0.806841 0.881764 0.680933 0.999315 0.712194 0.000000 0.289325 0.758659 0.705984 0.575565 0.535724 0.864848 0.918262 0.980555 0.739485 0.905672 0.782608 0.999888 0.808624 0.860951 0.702302 0.836147 0.724131 0.704530 0.677870 0.692950 0.662286 0.796835 0.687144 0.917540 0.940600 0.974016 0.906660 0.462684 0.407015 0.565435 0.531825 0.697743 0.921262 0.389005 0.338288 0.650761 0.717049 0.886577 0.929789 0.500865 0.607511 0.923424 0.962619 0.771600 0.706256 0.876735 0.975757 0.850222 0.755179 0.524820 0.778581 0.386541 0.617709 0.526877 0.552781 0.991376 0.861082 0.836240 0.827200 0.844642 0.963790 0.719664 0.667091 0.604817 0.640090 0.925446 0.857049 0.979863 0.691106 0.840706 0.862550 0.964290 0.955648 0.545409 0.589491 0.917112 0.813135 0.968084 0.919577 0.979166 0.745593 0.973749 0.942579 0.784051 0.769003 0.798804 0.832767
0.444980 0.530756 0.940547 0.943762 0.946933 0.815805 0.817575 0.797075 0.816923 0.756886 0.379979 0.385994 0.629397 0.607607 0.780209 0.707275 0.314286 0.329685 0.481226 0.423874 0.939893 0.977857 0.856331 0.880343 0.931350 0.689729 0.960738 0.756144 0.289325 0.000000 0.646861 0.633506 0.558234 0.517581 0.906103 0.940489 0.958577 0.783898 0.922475 0.778807 0.912762 0.805514 0.920707 0.744989 0.939669 0.816925 0.677034 0.687584 0.799609 0.762330 0.876021 0.755691 0.983736 0.986745 0.955914 0.932752 0.556127 0.481488 0.567839 0.550189 0.651869 0.858328 0.372501 0.306898 0.647879 0.774990 0.877344 0.868670 0.454143 0.572260 0.882713 0.989056 0.750527 0.674954 0.780916 0.985302 0.831617 0.652338 0.536996 0.720810 0.370466 0.627230 0.473678 0.553283 0.961247 0.911240 0.827272 0.823148 0.791143 0.890473 0.645898 0.572556 0.534535 0.536469 0.961246 0.786753 0.953967 0.683548 0.937644 0.919596 0.978672 0.999394 0.629694 0.582338 0.857291 0.687065 0.939808 0.962097 0.886101 0.736275 0.983432 0.977781 0.942371 0.883076 0.705593 0.759527
0.805510 0.832005 0.558852 0.490957 0.827002 0.932274 0.562028 0.502339 0.638745 0.677479 0.680133 0.611190 0.632629 0.570446 0.729538 0.548689 0.803592 0.811154 0.630449 0.727131 0.933902 0.987162 0.514304 0.704151 0.702676 0.748827 0.820489 0.910512 0.758659 0.646861 0.000000 0.399774 0.503552 0.511978 0.906255 0.762896 0.827850 0.877481 0.800993 0.897137 0.947968 0.853101 0.702110 0.681691 0.831861 0.792211 0.645057 0.653372 0.921511 0.973221 0.926622 0.923980 0.843740 0.900257 0.996603 0.963860 0.912637 0.976381 0.739325 0.730366 0.415177 0.473042 0.781903 0.677599 0.791076 0.602743 0.603432 0.484147 0.818254 0.956537 0.653336 0.701290 0.667979 0.721482 0.773353 0.914627 0.716288 0.599132 0.791862 0.875893 0.796977 0.939662 0.650038 0.910379 0.912022 0.756933 0.909679 0.822605 0.789927 0.998221 0.938552 0.841166 0.968627 0.829556 0.902845 0.805941 0.930479 0.633710 0.768711 0.766746 0.664246 0.975869 0.918691 0.669028 0.659753 0.642819 0.871976 0.720779 0.738537 0.894485 0.778722 0.979608 0.900639 0.896343 0.562267 0.955569
0.777634 0.789118 0.602683 0.496605 0.900852 0.994472 0.701665 0.631973 0.706432 0.776468 0.721635 0.621554 0.674035 0.560670 0.679370 0.525753 0.818341 0.792887 0.580502 0.706974 0.807192 0.962685 0.425000 0.689638 0.675448 0.821794 0.927326 0.918462 0.705984 0.633506 0.399774 0.000000 0.535318 0.649974 0.955648 0.903922 0.780043 0.759475 0.915386 0.802495 0.979686 0.891935 0.694081 0.639396 0.882819 0.803877 0.668974 0.747194 0.983158 0.983658 0.912209 0.890417 0.886502 0.903020 0.995734 0.934700 0.836056 0.926827 0.819880 0.829237 0.580061 0.598934 0.829350 0.726456 0.810721 0.687752 0.788130 0.665517 0.791799 0.977103 0.729680 0.734825 0.746105 0.774334 0.871474 0.973637 0.771962 0.583917 0.804089 0.822358 0.786134 0.908637 0.651430 0.741989 0.873711 0.721053 0.917929 0.786534 0.853634 0.979567 0.962214 0.784075 0.872675 0.880620 0.985440 0.899931 0.989659 0.792679 0.781636 0.835263 0.805372 0.864527 0.860477 0.775901 0.736181 0.710621 0.956143 0.771340 0.716563 0.824852 0.880262 0.991296 0.876981 0.877432 0.494577 0.963311
0.582400 0.615851 0.681530 0.578128 0.987404 0.999042 0.426267 0.463338 0.756171 0.578927 0.535230 0.502819 0.593039 0.517803 0.820457 0.716601 0.539458 0.583514 0.457076 0.593804 0.972310 0.990046 0.707979 0.947669 0.961608 0.895791 0.797754 0.778289 0.575565 0.558234 0.503552 0.535318 0.000000 0.409044 0.899913 0.797566 0.766676 0.833765 0.996370 0.889126 0.819079 0.730669 0.614754 0.503237 0.578797 0.563514 0.466135 0.567927 0.714423 0.666619 0.658312 0.638812 0.680096 0.763258 0.843742 0.868291 0.616898 0.636689 0.569511 0.678216 0.354846 0.576732 0.519322 0.478683 0.994190 0.882621 0.481189 0.542086 0.636649 0.785600 0.678016 0.652601 0.701048 0.787885 0.802165 0.961839 0.665720 0.683444 0.602873 0.718199 0.541677 0.742176 0.553713 0.711625 0.805522 0.881292 0.972322 0.823148 0.928147 0.963785 0.835926 0.994051 0.946235 0.928600 0.760011 0.826477 0.853114 0.593786 0.521261 0.641534 0.688807 0.802793 0.648669 0.428075 0.719352 0.701333 0.964709 0.695181 0.844194 0.689792 0.638662 0.791927 0.725679 0.634905 0.549473 0.984940
0.576700 0.525190 0.756266 0.615596 0.978528 0.888380 0.410005 0.400540 0.825192 0.514739 0.429629 0.477564 0.769211 0.731325 0.962405 0.843523 0.499290 0.527016 0.443662 0.546227 0.848142 0.918826 0.865813 0.893177 0.958743 0.986219 0.874497 0.766148 0.535724 0.517581 0.511978 0.649974 0.409044 0.000000 0.922031 0.857147 0.887686 0.798720 0.984818 0.987890 0.932263 0.856254 0.596415 0.469461 0.606696 0.515865 0.463889 0.431274 0.690669 0.622029 0.705642 0.664960 0.817104 0.892107 0.942484 0.891884 0.549286 0.577009 0.410019 0.432933 0.392661 0.600570 0.470076 0.417864 0.914581 0.908495 0.477313 0.470453 0.643054 0.751560 0.857330 0.846128 0.850958 0.769380 0.885417 0.916497 0.641195 0.641149 0.527221 0.738420 0.579141 0.860416 0.660882 0.741888 0.933827 0.943275 0.841641 0.756429 0.914966 0.924204 0.983859 0.879087 0.933120 0.753132 0.849337 0.857841 0.949463 0.537206 0.617977 0.574538 0.577275 0.919994 0.574408 0.485216 0.718962 0.665304 0.988225 0.661835 0.895593 0.655531 0.690001 0.791701 0.688473 0.661475 0.587319 0.842188
0.970862 0.994797 0.621924 0.757224 0.739161 0.942797 0.782175 0.843337 0.692339 0.978649 0.989339 0.926473 0.977981 0.997015 0.949464 0.891920 0.848794 0.831180 0.986259 0.970045 0.976250 0.970675 0.936633 0.857288 0.834918 0.725178 0.913882 0.818501 0.864848 0.906103 0.906255 0.955648 0.899913 0.922031 0.000000 0.947215 0.991038 0.986970 0.980371 0.889059 0.885464 0.929815 0.826222 0.896984 0.817002 0.834753 0.767760 0.809128 0.979060 0.879360 0.920695 0.902618 0.877674 0.888040 0.898791 0.998493 0.981543 0.897315 0.923648 0.892193 0.770877 0.719549 0.860005 0.871149 0.652973 0.710221 0.754050 0.682372 0.943440 0.879129 0.888290 0.889097 0.911074 0.850542 0.907304 0.904541 0.914838 0.904552 0.893949 0.908271 0.919009 0.969357 0.978091 0.890117 0.842790 0.832633 0.932319 0.951449 0.868361 0.938497 0.796338 0.829162 0.816725 0.884015 0.980653 0.928410 0.830462 0.911323 0.829249 0.868185 0.977043 0.870310 0.942476 0.972883 0.943963 0.977763 0.810150 0.914226 0.926091 0.983657 0.980422 0.961030 0.845644 0.947565 0.856914 0.958899
0.985454 0.904000 0.902248 0.871913 0.910747 0.894766 0.761519 0.852783 0.938856 0.923104 0.996968 0.997224 0.933660 0.924360 0.953586 0.992849 0.906831 0.963101 0.905680 0.964426 0.856212 0.989847 0.972080 0.931607 0.975462 0.920296 0.857151 0.873135 0.918262 0.940489 0.762896 0.903922 0.797566 0.857147 0.947215 0.000000 0.982172 0.880919 0.940103 0.977927 0.919559 0.984137 0.813574 0.778632 0.721110 0.763213 0.812174 0.874926 0.840141 0.807940 0.819530 0.830714 0.709452 0.826846 0.995760 0.921013 0.932792 0.906810 0.809549 0.907543 0.803935 0.876675 0.920827 0.894907 0.982381 0.946058 0.725971 0.748504 0.940437 0.950445 0.931835 0.997259 0.922084 0.963633 0.952269 0.916870 0.847179 0.831051 0.900441 0.896249 0.876935 0.996568 0.865319 0.877243 0.946512 0.941654 0.968397 0.939522 0.822036 0.813722 0.877339 0.827147 0.889141 0.938620 0.827135 0.945133 0.898647 0.880291 0.827088 0.745689 0.875321 0.948282 0.872510 0.836883 0.904994 0.993601 0.940760 0.869601 0.947891 0.942861 0.787211 0.859204 0.968231 0.939556 0.846689 0.859932
0.758491 0.796692 0.701237 0.675493 0.928466 0.791404 0.956204 0.759506 0.705649 0.742651 0.977611 0.738614 0.717621 0.627735 0.703721 0.642501 0.965390 0.983436 0.658173 0.700031 0.942676 0.872993 0.655324 0.731513 0.731413 0.775267 0.941760 0.898472 0.980555 0.958577 0.827850 0.780043 0.766676 0.887686 0.991038 0.982172 0.000000 0.681055 0.791920 0.801621 0.746710 0.853357 0.629606 0.680798 0.895730 0.832974 0.636291 0.723977 0.906455 0.888239 0.889578 0.861230 0.868674 0.846444 0.791413 0.932606 0.801140 0.852891 0.986833 0.988735 0.815328 0.609635 0.839975 0.978720 0.763393 0.729166 0.997805 0.862909 0.741084 0.756002 0.711921 0.652443 0.688924 0.816012 0.943058 0.985213 0.697795 0.856486 0.941936 0.804189 0.892286 0.785920 0.797984 0.826170 0.652877 0.661137 0.918456 0.967124 0.753482 0.800646 0.841923 0.923252 0.973567 0.996651 0.936771 0.890498 0.757173 0.976658 0.744655 0.651027 0.997674 0.829535 0.968779 0.920506 0.871018 0.962111 0.873986 0.756254 0.763096 0.819430 0.937319 0.817814 0.991837 0.883209 0.963231 0.977322
0.642080 0.561004 0.937176 0.915130 0.936997 0.916102 0.939970 0.914832 0.949240 0.763530 0.762866 0.648999 0.846173 0.766492 0.929174 0.759031 0.790889 0.707131 0.629551 0.574109 0.778356 0.855339 0.849520 0.984904 0.775768 0.928398 0.734945 0.926651 0.739485 0.783898 0.877481 0.759475 0.833765 0.798720 0.986970 0.880919 0.681055 0.000000 0.884129 0.632999 0.809081 0.741450 0.746939 0.719791 0.920227 0.829901 0.650705 0.675891 0.779712 0.767564 0.869658 0.823950 0.918263 0.967725 0.878048 0.777970 0.553821 0.645650 0.961720 0.828746 0.982848 0.838839 0.962831 0.825414 0.994243 0.981428 0.823872 0.930764 0.705710 0.629534 0.920564 0.833735 0.846030 0.839492 0.812703 0.913752 0.973212 0.811223 0.876364 0.894078 0.680776 0.619857 0.723571 0.469719 0.799633 0.892992 0.956706 0.892808 0.925151 0.872553 0.935363 0.906957 0.801256 0.848497 0.897946 0.820520 0.930536 0.792066 0.888215 0.851163 0.969135 0.963082 0.715610 0.932549 0.972226 0.941705 0.962052 0.966179 0.926783 0.782898 0.881613 0.810034 0.930244 0.729547 0.927715 0.972958
