0.000000 0.391092 0.852921 0.978951 0.886553 0.644706 0.672685 0.499658 0.702900 0.712462 0.514302 0.434930 0.679142 0.641372 0.960810 0.767786 0.404975 0.421365 0.487603 0.465375 0.875095 0.895129 0.708394 0.802604 0.757100 0.808973 0.817336 0.986675 0.602406 0.547325 0.973449 0.755208 0.638372 0.580098 0.994624 0.817009 0.939498 0.991570 0.955845 0.980535 0.941813 0.857519 0.577388 0.516138 0.603023 0.587182 0.661223 0.586020 0.638485 0.624260 0.742449 0.718257 0.816645 0.807356 0.940258 0.882411 0.332760 0.498772 0.558210 0.927717 0.592539 0.731653 0.492325 0.430393 0.707692 0.917336 0.789481 0.782378 0.753141 0.672731 0.840439 0.828772 0.861501 0.749538 0.979696 0.804721 0.750735 0.815735 0.819918 0.762384 0.551857 0.642990 0.839243 0.776995 0.792455 0.789430 0.958306 0.715421 0.960119 0.951473 0.577568 0.740192 0.740704 0.828609 0.807399 0.870672 0.767956 0.814836 0.504170 0.525112 0.631127 0.689981 0.502838 0.564338 0.866822 0.723547 0.872578 0.884924 0.954380 0.925954 0.865258 0.745298 0.720186 0.818089 0.807953 0.895733
0.391092 0.000000 0.697655 0.846008 0.879727 0.742317 0.827168 0.631723 0.834471 0.739448 0.707613 0.434601 0.882288 0.769969 0.904395 0.739470 0.370150 0.338303 0.657140 0.649970 0.952281 0.817214 0.729397 0.821786 0.830203 0.819295 0.882058 0.882481 0.649726 0.420758 0.904960 0.795582 0.687783 0.676954 0.820492 0.893415 0.942585 0.884859 0.951540 0.831457 0.897943 0.811817 0.654433 0.568995 0.617442 0.536883 0.793466 0.632092 0.632766 0.605253 0.727399 0.659236 0.858010 0.786406 0.938264 0.794799 0.278478 0.309320 0.717249 0.835097 0.744591 0.629053 0.646029 0.381625 0.693405 0.958026 0.835290 0.822162 0.777062 0.645177 0.898032 0.928547 0.900784 0.830343 0.904348 0.804792 0.803460 0.783490 0.655518 0.594178 0.401719 0.586142 0.811704 0.724482 0.727660 0.843913 0.804461 0.778813 0.900087 0.958558 0.699367 0.855613 0.819296 0.876349 0.756680 0.886332 0.693200 0.888655 0.606367 0.702767 0.741308 0.742265 0.574356 0.667298 0.952774 0.811934 0.808751 0.984003 0.885053 0.885493 0.805529 0.688442 0.734630 0.865216 0.831600 0.836864
0.852921 0.697655 0.000000 0.364093 0.909257 0.916274 0.646413 0.790081 0.823578 0.896952 0.914551 0.688355 0.742332 0.808597 0.711365 0.821714 0.703240 0.650588 0.726985 0.897950 0.982740 0.937940 0.531765 0.690267 0.727237 0.703824 0.801733 0.883798 0.957733 0.699361 0.488608 0.630041 0.692867 0.745890 0.652817 0.781210 0.920473 0.920706 0.832910 0.953499 0.967647 0.689996 0.832127 0.927894 0.906124 0.800819 0.786600 0.851897 0.741427 0.889138 0.933558 0.959866 0.985298 0.872103 0.850679 0.914914 0.741900 0.600210 0.839919 0.788717 0.756159 0.921321 0.928579 0.588325 0.439238 0.517434 0.642576 0.706641 0.885463 0.845853 0.768834 0.881679 0.938389 0.914481 0.988065 0.856925 0.766645 0.732928 0.790119 0.806411 0.583391 0.650019 0.922874 0.613499 0.684337 0.795181 0.843146 0.966889 0.874144 0.957980 0.930117 0.778380 0.933298 0.743112 0.998515 0.975110 0.796860 0.990462 0.992356 0.865633 0.941664 0.814605 0.915189 0.922115 0.894305 0.880312 0.902190 0.748204 0.903481 0.918015 0.917947 0.936876 0.930884 0.914610 0.983472 0.759930
0.978951 0.846008 0.364093 0.000000 0.996657 0.927325 0.752883 0.779830 0.933607 0.737957 0.963985 0.792878 0.733625 0.670323 0.760679 0.963319 0.778576 0.770613 0.696183 0.758789 0.995544 0.902795 0.465323 0.506522 0.597443 0.640433 0.719567 0.688036 0.977052 0.781761 0.441580 0.568907 0.662997 0.747980 0.602144 0.828189 0.837281 0.954212 0.752127 0.956320 0.935062 0.775022 0.858390 0.928604 0.772168 0.694235 0.801994 0.871904 0.597434 0.808904 0.866957 0.951607 0.942649 0.908719 0.771286 0.977301 0.870734 0.720728 0.857841 0.866838 0.878778 0.897299 0.975610 0.667089 0.477268 0.480836 0.676265 0.725075 0.972838 0.918955 0.772835 0.851269 0.835863 0.875020 0.893306 0.822320 0.811394 0.799190 0.971864 0.917968 0.799787 0.867297 0.883364 0.768178 0.646697 0.637110 0.908368 0.999931 0.807558 0.762233 0.986574 0.908198 0.934537 0.820585 0.943595 0.872079 0.833004 0.989116 0.942991 0.953395 0.895996 0.788037 0.927483 0.994344 0.817948 0.852613 0.922683 0.818991 0.859402 0.877062 0.997381 0.811383 0.872803 0.789382 0.978987 0.724876
0.886553 0.879727 0.909257 0.996657 0.000000 0.752695 0.798504 0.824508 0.926477 0.760818 0.769463 0.763758 0.834560 0.817672 0.941713 0.981541 0.996802 0.884868 0.744717 0.732467 0.895093 0.941978 0.940312 0.964614 0.903852 0.781098 0.869741 0.920072 0.924026 0.884506 0.916114 0.830620 0.742611 0.823163 0.843816 0.845920 0.991756 0.904978 0.857564 0.843770 0.971404 0.913291 0.865353 0.900065 0.836595 0.837967 0.950399 0.820988 0.947848 0.939741 0.934097 0.980367 0.887100 0.902187 0.865116 0.932263 0.906113 0.897115 0.863016 0.885638 0.800309 0.932409 0.832199 0.935486 0.960502 0.969563 0.739934 0.754047 0.974473 0.999131 0.843823 0.944581 0.905806 0.803946 0.945354 0.903170 0.876688 0.828392 0.915954 0.984471 0.927102 0.856104 0.978887 0.948044 0.948033 0.995358 0.889959 0.935517 0.967781 0.781678 0.820558 0.770001 0.848422 0.812045 0.966405 0.994738 0.962894 0.975914 0.844423 0.861315 0.937982 0.881391 0.892291 0.923895 0.963374 0.981875 0.852927 0.985308 0.990902 0.925221 0.840827 0.938698 0.914495 0.915864 0.864606 0.855163
0.644706 0.742317 0.916274 0.927325 0.752695 0.000000 0.651825 0.618537 0.624710 0.547408 0.608531 0.601707 0.777382 0.843493 0.995083 0.850513 0.669023 0.654168 0.668896 0.731261 0.923860 0.958310 0.788799 0.804948 0.732706 0.703883 0.755599 0.973860 0.718184 0.709767 0.922013 0.853838 0.837953 0.668759 0.872799 0.820053 0.973401 0.975379 0.983584 0.846657 0.944562 0.909535 0.669097 0.648916 0.639299 0.645851 0.928402 0.729679 0.755282 0.826843 0.910232 0.899391 0.885579 0.814640 0.747966 0.977624 0.619253 0.848357 0.811589 0.979536 0.709750 0.852300 0.735442 0.743389 0.701599 0.860780 0.827938 0.798424 0.968653 0.900717 0.824016 0.762266 0.844067 0.738736 0.934654 0.720798 0.733930 0.795240 0.753112 0.876063 0.921511 0.836238 0.918303 0.980009 0.762206 0.752250 0.923620 0.915028 0.931067 0.714542 0.679733 0.749438 0.705127 0.770452 0.978338 0.927442 0.716443 0.829831 0.569811 0.672545 0.699334 0.694675 0.695933 0.695954 0.947986 0.888073 0.622218 0.922104 0.901600 0.979705 0.896422 0.771553 0.797887 0.763773 0.984023 0.721319
0.672685 0.827168 0.646413 0.752883 0.798504 0.651825 0.000000 0.323983 0.632236 0.459272 0.376261 0.719372 0.516979 0.637754 0.892163 0.931230 0.753212 0.762577 0.370751 0.605362 0.788245 0.921818 0.955320 0.831379 0.643178 0.680480 0.711215 0.850119 0.597958 0.731266 0.806581 0.674693 0.529022 0.399041 0.987780 0.968658 0.963183 0.805589 0.997307 0.888830 0.976629 0.740652 0.520060 0.556316 0.462133 0.580582 0.665091 0.534338 0.704488 0.745862 0.714070 0.723253 0.733977 0.611394 0.872619 0.942708 0.746605 0.995721 0.507273 0.786037 0.355724 0.768728 0.545992 0.816143 0.875701 0.875413 0.487230 0.482589 0.873683 0.958527 0.644086 0.776559 0.907948 0.753325 0.996173 0.704703 0.548009 0.642519 0.972903 0.977655 0.898559 0.923756 0.861774 0.833725 0.886341 0.801328 0.989283 0.730377 0.970910 0.744204 0.486272 0.458066 0.771884 0.605100 0.770374 0.837967 0.802808 0.815362 0.472076 0.425275 0.536034 0.543031 0.710569 0.662082 0.960771 0.760092 0.882212 0.730598 0.894854 0.996258 0.708426 0.708255 0.591596 0.897455 0.965487 0.949128
0.499658 0.631723 0.790081 0.779830 0.824508 0.618537 0.323983 0.000000 0.557315 0.461864 0.345885 0.519396 0.540394 0.509989 0.943181 0.923802 0.568344 0.580510 0.299311 0.498396 0.727094 0.911205 0.872823 0.802102 0.650754 0.717200 0.696225 0.912818 0.463681 0.559297 0.841650 0.659288 0.505355 0.393813 0.936330 0.873461 0.953535 0.872785 0.955483 0.927298 0.985920 0.898500 0.409673 0.434641 0.440710 0.518861 0.651729 0.450167 0.607257 0.655566 0.629760 0.633428 0.667737 0.591889 0.822711 0.886395 0.556625 0.825257 0.524774 0.768432 0.411741 0.659037 0.510430 0.657331 0.809882 0.899740 0.633713 0.554566 0.994686 0.846105 0.678714 0.769461 0.829790 0.726159 0.976923 0.704643 0.568669 0.691032 0.902422 0.836433 0.931376 0.985020 0.894060 0.939246 0.717465 0.714116 0.909213 0.664717 0.880247 0.817742 0.418737 0.486315 0.739126 0.654137 0.746297 0.815580 0.781479 0.754706 0.414943 0.383988 0.483592 0.472051 0.541108 0.537711 0.976553 0.706729 0.877376 0.723875 0.927171 0.988137 0.757312 0.654339 0.587151 0.816278 0.881821 0.951015
0.702900 0.834471 0.823578 0.933607 0.926477 0.624710 0.632236 0.557315 0.000000 0.645118 0.633757 0.751346 0.821334 0.805353 0.938084 0.885382 0.724169 0.767789 0.685587 0.733313 0.740763 0.909356 0.817667 0.780671 0.833149 0.989666 0.860927 0.891173 0.674489 0.834983 0.814001 0.837024 0.702947 0.677969 0.928096 0.781260 0.771290 0.912016 0.970242 0.966198 0.970217 0.959765 0.598648 0.656729 0.603443 0.680735 0.753062 0.699555 0.690110 0.597453 0.673592 0.641798 0.620064 0.591893 0.842151 0.933860 0.708041 0.871223 0.688492 0.726534 0.562207 0.648083 0.932582 0.826041 0.962975 0.870102 0.892713 0.881167 0.993381 0.797656 0.795687 0.843456 0.935019 0.782636 0.953521 0.893254 0.601683 0.825701 0.990512 0.999205 0.920820 0.819005 0.867544 0.902108 0.747129 0.664344 0.948703 0.779995 0.907603 0.817447 0.642810 0.674379 0.784147 0.744042 0.883223 0.966281 0.852270 0.881496 0.572882 0.620733 0.721327 0.753451 0.653944 0.827160 0.967284 0.696388 0.842606 0.801882 0.945871 0.959477 0.899912 0.768032 0.730587 0.872564 0.867087 0.973602
0.712462 0.739448 0.896952 0.737957 0.760818 0.547408 0.459272 0.461864 0.645118 0.000000 0.452776 0.577880 0.717366 0.803745 0.982441 0.933020 0.614402 0.597822 0.600297 0.807591 0.769396 0.891823 0.586500 0.517966 0.400654 0.457018 0.554403 0.762779 0.538593 0.566773 0.836299 0.939599 0.863739 0.629517 0.658358 0.821465 0.851152 0.839172 0.876402 0.872688 0.925896 0.920104 0.546199 0.540782 0.329134 0.342109 0.859350 0.561228 0.411115 0.628659 0.626685 0.720496 0.694316 0.690247 0.648731 0.948450 0.641214 0.833069 0.725572 0.925699 0.529074 0.701736 0.591773 0.627771 0.519391 0.740197 0.822503 0.791290 0.797044 0.970644 0.781976 0.819572 0.985908 0.847699 0.903651 0.818808 0.650955 0.804693 0.937332 0.933744 0.991016 0.925890 0.761492 0.980742 0.543892 0.483018 0.989337 0.800379 0.742462 0.522683 0.466547 0.510507 0.700388 0.711876 0.806412 0.980480 0.696591 0.754047 0.450282 0.452460 0.587142 0.660112 0.605533 0.624905 0.898681 0.889329 0.817948 0.797975 0.986156 0.917248 0.681490 0.515874 0.541229 0.739176 0.922320 0.833663
0.514302 0.707613 0.914551 0.963985 0.769463 0.608531 0.376261 0.345885 0.633757 0.452776 0.000000 0.524565 0.482416 0.559164 0.955314 0.935980 0.575068 0.588968 0.386750 0.517751 0.766186 0.902837 0.744598 0.698799 0.503571 0.609676 0.610507 0.856577 0.456757 0.594377 0.921874 0.781957 0.639107 0.468064 0.938944 0.837731 0.987299 0.747265 0.977242 0.965874 0.970657 0.935327 0.538671 0.508812 0.465519 0.511828 0.675627 0.541352 0.554814 0.677099 0.660763 0.728848 0.702022 0.709838 0.851359 0.908043 0.601468 0.833844 0.510112 0.882344 0.393345 0.768403 0.426525 0.615634 0.667982 0.905794 0.679850 0.634580 0.986691 0.903618 0.691256 0.773652 0.870030 0.734686 0.973021 0.699465 0.715644 0.710445 0.940712 0.925823 0.913022 0.887219 0.903910 0.970547 0.745404 0.712182 0.937657 0.798062 0.916316 0.710685 0.473100 0.528751 0.753464 0.726966 0.802163 0.871313 0.759614 0.829107 0.452196 0.395270 0.499798 0.636865 0.593499 0.558613 0.947688 0.779377 0.899247 0.751456 0.921246 0.965367 0.803063 0.679864 0.564170 0.867195 0.915478 0.963481
0.434930 0.434601 0.688355 0.792878 0.763758 0.601707 0.719372 0.519396 0.751346 0.577880 0.524565 0.000000 0.813017 0.670212 0.818576 0.733103 0.429056 0.367612 0.616075 0.552760 0.805481 0.871435 0.611009 0.682166 0.579747 0.609979 0.627297 0.844759 0.495051 0.416164 0.878396 0.925304 0.721610 0.648679 0.804877 0.818801 0.840795 0.987883 0.964359 0.986706 0.853460 0.846820 0.675290 0.615820 0.529450 0.509490 0.775204 0.560550 0.497158 0.620004 0.679321 0.661935 0.737048 0.778478 0.761841 0.886746 0.410112 0.498789 0.640704 0.837402 0.659992 0.592128 0.540011 0.378180 0.515230 0.824309 0.923834 0.810121 0.794590 0.555336 0.955980 0.911005 0.839950 0.730855 0.968766 0.833243 0.823375 0.956550 0.742331 0.745618 0.572139 0.646142 0.958678 0.673540 0.624427 0.676049 0.838491 0.758889 0.858923 0.830139 0.647146 0.820697 0.811189 0.906081 0.672547 0.846507 0.741367 0.828957 0.569287 0.683047 0.634417 0.718069 0.583816 0.593140 0.920241 0.846552 0.830309 0.934056 0.955882 0.866352 0.816850 0.790601 0.680500 0.768795 0.848958 0.805238
0.679142 0.882288 0.742332 0.733625 0.834560 0.777382 0.516979 0.540394 0.821334 0.717366 0.482416 0.813017 0.000000 0.403999 0.617163 0.752200 0.838593 0.804425 0.476558 0.545457 0.892179 0.889708 0.907124 0.855857 0.841538 0.801404 0.936709 0.946712 0.705615 0.771884 0.837613 0.676746 0.682238 0.573063 0.970592 0.921509 0.876358 0.654297 0.966422 0.955258 0.848750 0.768168 0.560037 0.570807 0.802744 0.801177 0.574555 0.632223 0.897326 0.940679 0.865766 0.997736 0.962841 0.922044 0.869840 0.997155 0.796925 0.949017 0.690632 0.921104 0.634205 0.866998 0.508995 0.910600 0.925021 0.963771 0.759837 0.843615 0.993204 0.990093 0.658517 0.727718 0.947903 0.903970 0.909979 0.626954 0.757596 0.760870 0.926787 0.982329 0.963599 0.994401 0.893363 0.895587 0.925116 0.937944 0.879442 0.990508 0.903575 0.871587 0.629845 0.654657 0.896946 0.819995 0.802154 0.769059 0.935930 0.907887 0.617677 0.538490 0.664427 0.778096 0.713640 0.645690 0.966392 0.971575 0.990548 0.741670 0.882338 0.989906 0.814920 0.847924 0.786725 0.824932 0.993072 0.870844
0.641372 0.769969 0.808597 0.670323 0.817672 0.843493 0.637754 0.509989 0.805353 0.803745 0.559164 0.670212 0.403999 0.000000 0.704634 0.625505 0.778188 0.726560 0.467109 0.438782 0.860633 0.830716 0.903619 0.820200 0.940298 0.876026 0.942312 0.914660 0.609829 0.676700 0.767152 0.685140 0.630366 0.547608 0.990042 0.913848 0.910228 0.782228 0.920392 0.981315 0.896533 0.929538 0.563111 0.581136 0.844840 0.838131 0.631420 0.575658 0.940298 0.952265 0.856871 0.898762 0.926902 0.883873 0.877985 0.971353 0.741721 0.954402 0.772580 0.980986 0.729758 0.984586 0.570765 0.855648 0.991886 0.883228 0.825126 0.853447 0.894386 0.835617 0.763696 0.832158 0.917176 0.849446 0.928501 0.604741 0.755488 0.838386 0.957119 0.926818 0.905405 0.897436 0.875071 0.964333 0.980495 0.895754 0.963823 0.968743 0.902903 0.959491 0.627810 0.771205 0.937670 0.908309 0.820688 0.715372 0.952008 0.899641 0.642887 0.608462 0.662793 0.748647 0.765908 0.757215 0.977725 0.914835 0.990780 0.743300 0.840298 0.930836 0.845371 0.853792 0.755017 0.910785 0.912921 0.898580
0.960810 0.904395 0.711365 0.760679 0.941713 0.995083 0.892163 0.943181 0.938084 0.982441 0.955314 0.818576 0.617163 0.704634 0.000000 0.629516 0.858399 0.859163 0.950763 0.853459 0.829156 0.944415 0.817946 0.723379 0.816942 0.838875 0.718615 0.768770 0.961496 0.931211 0.858409 0.813673 0.970412 0.988791 0.937294 0.958633 0.900003 0.776151 0.923867 0.956875 0.871552 0.862517 0.745082 0.813372 0.906388 0.941380 0.701349 0.892302 0.926660 0.883323 0.967231 0.883772 0.887414 0.903764 0.961495 0.782322 0.945254 0.838183 0.984268 0.839819 0.947191 0.842675 0.990426 0.816530 0.698110 0.872427 0.931509 0.847279 0.899160 0.827099 0.878658 0.942734 0.783957 0.793759 0.956694 0.844309 0.846186 0.896356 0.805868 0.856620 0.811029 0.800878 0.852057 0.844847 0.751231 0.813188 0.766319 0.970623 0.884718 0.981664 0.970154 0.959747 0.886234 0.964707 0.983928 0.972141 0.856457 0.928648 0.921101 0.897704 0.934005 0.953610 0.970656 0.972963 0.989655 0.941483 0.997747 0.740314 0.948670 0.911051 0.875750 0.872992 0.974050 0.932375 0.964282 0.814722
0.767786 0.739470 0.821714 0.963319 0.981541 0.850513 0.931230 0.923802 0.885382 0.933020 0.935980 0.733103 0.752200 0.625505 0.629516 0.000000 0.777843 0.744015 0.988148 0.683481 0.988457 0.946460 0.982860 0.812916 0.911049 0.966986 0.898472 0.902473 0.861778 0.723698 0.966958 0.835708 0.987134 0.939783 0.758293 0.811911 0.820792 0.973070 0.930647 0.823987 0.957810 0.941200 0.804093 0.855028 0.991908 0.930935 0.824398 0.817365 0.884563 0.979003 0.819070 0.915549 0.983495 0.995325 0.853359 0.905669 0.742806 0.748857 0.965451 0.932702 0.987157 0.927006 0.905694 0.773106 0.918301 0.994417 0.696460 0.779748 0.818144 0.820424 0.929763 0.979987 0.981985 0.922869 0.947594 0.807682 0.990947 0.915336 0.943551 0.877412 0.718613 0.752610 0.670254 0.709953 0.940005 0.844356 0.928383 0.932571 0.913087 0.968632 0.998130 0.805949 0.896681 0.738900 0.791980 0.905432 0.970993 0.952529 0.858184 0.944733 0.979966 0.899201 0.902716 0.958245 0.868657 0.893635 0.945541 0.904075 0.937889 0.997020 0.925247 0.921809 0.980743 0.900693 0.929309 0.912544
0.404975 0.370150 0.703240 0.778576 0.996802 0.669023 0.753212 0.568344 0.724169 0.614402 0.575068 0.429056 0.838593 0.778188 0.858399 0.777843 0.000000 0.297323 0.669153 0.707599 0.935089 0.779053 0.590904 0.654329 0.683706 0.729774 0.684354 0.825134 0.482326 0.372167 0.903847 0.883604 0.796315 0.669136 0.723074 0.829953 0.925924 0.886818 0.974001 0.810366 0.927078 0.855834 0.646914 0.558389 0.556215 0.537041 0.807060 0.667163 0.551126 0.582109 0.654851 0.634621 0.787488 0.747554 0.792230 0.877112 0.330063 0.401647 0.762472 0.871945 0.678881 0.583444 0.637338 0.356193 0.576840 0.870239 0.967347 0.898229 0.755886 0.640412 0.937604 0.855271 0.819125 0.795798 0.955680 0.795308 0.834936 0.917134 0.750498 0.625014 0.494479 0.697778 0.987683 0.665635 0.593737 0.690382 0.781339 0.706002 0.766466 0.879394 0.642960 0.817815 0.782092 0.929723 0.729484 0.918228 0.733246 0.898102 0.595447 0.590055 0.684276 0.760574 0.615457 0.702587 0.954184 0.871631 0.781784 0.963924 0.960092 0.903023 0.767271 0.741220 0.707078 0.828796 0.846644 0.823326
0.421365 0.338303 0.650588 0.770613 0.884868 0.654168 0.762577 0.580510 0.767789 0.597822 0.588968 0.367612 0.804425 0.726560 0.859163 0.744015 0.297323 0.000000 0.647319 0.642298 0.905461 0.931874 0.574059 0.716818 0.646141 0.634205 0.703067 0.807203 0.508058 0.340490 0.874145 0.855401 0.763072 0.685468 0.695893 0.752178 0.960808 0.976487 0.964146 0.929717 0.976295 0.852692 0.670945 0.580601 0.557555 0.497145 0.840097 0.597765 0.566016 0.607706 0.726204 0.654372 0.845456 0.812352 0.786920 0.895148 0.291911 0.375736 0.796503 0.923468 0.692443 0.617258 0.589478 0.329153 0.525293 0.820011 0.959463 0.921907 0.729296 0.618629 0.918786 0.902663 0.913708 0.803766 0.933544 0.895926 0.836674 0.843097 0.667226 0.618047 0.469786 0.635556 0.980784 0.658233 0.577137 0.686679 0.797270 0.721185 0.815477 0.878672 0.645646 0.813095 0.797347 0.905683 0.770922 0.882304 0.678105 0.963496 0.579539 0.606588 0.670950 0.794673 0.603124 0.692279 0.952244 0.901056 0.808340 0.978856 0.948974 0.931242 0.819598 0.716854 0.686079 0.804596 0.849068 0.834951
0.487603 0.657140 0.726985 0.696183 0.744717 0.668896 0.370751 0.299311 0.685587 0.600297 0.386750 0.616075 0.476558 0.467109 0.950763 0.988148 0.669153 0.647319 0.000000 0.437319 0.846775 0.977470 0.982914 0.930746 0.768921 0.773061 0.816036 0.995876 0.575496 0.651228 0.785378 0.619072 0.473542 0.383293 0.931598 0.938518 0.990827 0.771519 0.960999 0.909098 0.995377 0.921597 0.485609 0.456775 0.581903 0.635282 0.695461 0.507583 0.780387 0.746976 0.783299 0.765912 0.779217 0.742220 0.948440 0.856323 0.586947 0.862792 0.557371 0.862070 0.461919 0.855052 0.482844 0.737379 0.903514 0.898033 0.535459 0.542101 0.959403 0.840085 0.624327 0.833283 0.813847 0.734910 0.984199 0.690271 0.622607 0.626655 0.910376 0.905632 0.910361 0.916215 0.965816 0.917187 0.896091 0.868691 0.975321 0.787402 0.971667 0.894300 0.486643 0.526093 0.782091 0.671528 0.830284 0.802067 0.831440 0.814614 0.471834 0.429230 0.498029 0.519079 0.572153 0.586888 0.862680 0.746569 0.881683 0.796285 0.975619 0.996341 0.861753 0.728150 0.691989 0.877933 0.917180 0.995234
0.465375 0.649970 0.897950 0.758789 0.732467 0.731261 0.605362 0.498396 0.733313 0.807591 0.517751 0.552760 0.545457 0.438782 0.853459 0.683481 0.707599 0.642298 0.437319 0.000000 0.900421 0.984929 0.988845 0.928342 0.905933 0.883358 0.905536 0.920050 0.649795 0.703252 0.873233 0.635852 0.468595 0.549044 0.915073 0.965810 0.769171 0.834782 0.923825 0.983862 0.882073 0.901058 0.619203 0.610927 0.752691 0.796719 0.599599 0.556450 0.865793 0.806116 0.809258 0.820245 0.763346 0.831200 0.976300 0.975904 0.602650 0.759241 0.552456 0.852945 0.577569 0.830340 0.547339 0.699431 0.936578 0.876243 0.713252 0.711426 0.808130 0.749072 0.787250 0.865447 0.752105 0.767297 0.919769 0.808402 0.758968 0.798171 0.976887 0.860165 0.734407 0.701202 0.829064 0.924522 0.945568 0.957067 0.952044 0.885738 0.902608 0.987579 0.654862 0.775174 0.878456 0.893737 0.804679 0.743577 0.993320 0.907403 0.626535 0.611613 0.682485 0.790975 0.701276 0.660327 0.926763 0.770431 0.921880 0.845793 0.863757 0.981148 0.912803 0.909491 0.803554 0.879893 0.975195 0.993451
0.875095 0.952281 0.982740 0.995544 0.895093 0.923860 0.788245 0.727094 0.740763 0.769396 0.766186 0.805481 0.892179 0.860633 0.829156 0.988457 0.935089 0.905461 0.846775 0.900421 0.000000 0.966944 0.837111 0.806249 0.812885 0.949113 0.947163 0.987736 0.732375 0.913134 0.909407 0.986852 0.999650 0.956786 0.846728 0.792154 0.942973 0.913009 0.997529 0.818483 0.958675 0.918496 0.832942 0.859976 0.827350 0.853544 0.768049 0.859175 0.814129 0.881202 0.970793 0.906048 0.902891 0.978050 0.896432 0.940307 0.868899 0.979358 0.867863 0.976499 0.822277 0.787089 0.868983 0.850732 0.958303 0.986395 0.906758 0.990072 0.994585 0.963318 0.996472 0.967694 0.747990 0.954565 0.896949 0.868679 0.872208 0.914021 0.989579 0.993958 0.853317 0.838655 0.884530 0.899433 0.756931 0.658976 0.955766 0.703876 0.978369 0.985435 0.862642 0.804360 0.972881 0.960654 0.862573 0.946432 0.983028 0.849729 0.816765 0.776560 0.937940 0.851551 0.766608 0.824317 0.990874 0.839340 0.927792 0.778526 0.877693 0.914342 0.888746 0.796767 0.846621 0.885040 0.961837 0.872938
0.895129 0.817214 0.937940 0.902795 0.941978 0.958310 0.921818 0.911205 0.909356 0.891823 0.902837 0.871435 0.889708 0.830716 0.944415 0.946460 0.779053 0.931874 0.977470 0.984929 0.966944 0.000000 0.893223 0.784344 0.809219 0.966695 0.919752 0.896690 0.916078 0.886843 0.847022 0.833023 0.950017 0.993598 0.943725 0.957396 0.880480 0.957242 0.924545 0.876627 0.737980 0.896544 0.972488 0.929556 0.866905 0.893966 0.997036 0.961864 0.807547 0.862743 0.805951 0.916652 0.858451 0.863113 0.969818 0.864687 0.862916 0.827208 0.842132 0.908577 0.881164 0.830116 0.926259 0.853218 0.892804 0.998606 0.965469 0.884863 0.935938 0.857886 0.935906 0.983418 0.850360 0.990298 0.860420 0.946075 0.924615 0.950759 0.956247 0.961042 0.825294 0.959970 0.941005 0.923247 0.909166 0.857971 0.943656 0.887679 0.774354 0.880222 0.955857 0.956634 0.980317 0.984261 0.785958 0.886467 0.956989 0.988620 0.955510 0.958386 0.880881 0.886587 0.819586 0.911756 0.850969 0.997712 0.983562 0.925402 0.967339 0.804566 0.922578 0.916247 0.972591 0.990030 0.952541 0.858848
0.708394 0.729397 0.531765 0.465323 0.940312 0.788799 0.955320 0.872823 0.817667 0.586500 0.744598 0.611009 0.907124 0.903619 0.817946 0.982860 0.590904 0.574059 0.982914 0.988845 0.837111 0.893223 0.000000 0.357915 0.400609 0.612844 0.544634 0.759448 0.678619 0.707943 0.552338 0.727523 0.802109 0.966103 0.575437 0.654590 0.956472 0.987938 0.787606 0.946297 0.919661 0.809976 0.812244 0.758853 0.577030 0.524884 0.972494 0.853702 0.478683 0.623092 0.835649 0.795174 0.818368 0.949333 0.779777 0.901913 0.642412 0.709472 0.889577 0.883219 0.856814 0.787842 0.799765 0.561471 0.453716 0.514780 0.828781 0.838461 0.930856 0.778037 0.878299 0.952774 0.908580 0.949102 0.822606 0.901744 0.978202 0.995752 0.887187 0.985263 0.840855 0.981659 0.770445 0.801531 0.374794 0.388023 0.873308 0.730080 0.696109 0.698883 0.687016 0.766425 0.717429 0.909481 0.917960 0.991945 0.784620 0.907512 0.611302 0.740613 0.744251 0.934816 0.702867 0.749497 0.992755 0.922461 0.826246 0.981138 0.951681 0.985167 0.943996 0.648559 0.630819 0.879481 0.975863 0.754925
0.802604 0.821786 0.690267 0.506522 0.964614 0.804948 0.831379 0.802102 0.780671 0.517966 0.698799 0.682166 0.855857 0.820200 0.723379 0.812916 0.654329 0.716818 0.930746 0.928342 0.806249 0.784344 0.357915 0.000000 0.411722 0.655211 0.525118 0.697715 0.700202 0.771112 0.611981 0.711443 0.880633 0.991069 0.659730 0.847192 0.932878 0.972069 0.713727 0.994391 0.939922 0.893107 0.842240 0.836901 0.525229 0.504415 0.915496 0.851356 0.448436 0.576466 0.742242 0.764193 0.718857 0.851145 0.730439 0.896964 0.755306 0.770605 0.822293 0.940114 0.739835 0.686851 0.823631 0.655285 0.536586 0.663049 0.988772 0.980836 0.804159 0.825798 0.922804 0.980036 0.938356 0.980193 0.864836 0.913344 0.874766 0.956815 0.936638 0.975036 0.962573 0.903074 0.665387 0.979337 0.432377 0.362392 0.881848 0.681441 0.636834 0.627161 0.670914 0.716880 0.722652 0.778753 0.873418 0.945070 0.779285 0.869939 0.640121 0.687320 0.810494 0.813834 0.752914 0.822411 0.919772 0.866693 0.877001 0.992270 0.940920 0.934437 0.888199 0.647201 0.571047 0.885249 0.942179 0.788568
0.757100 0.830203 0.727237 0.597443 0.903852 0.732706 0.643178 0.650754 0.833149 0.400654 0.503571 0.579747 0.841538 0.940298 0.816942 0.911049 0.683706 0.646141 0.768921 0.905933 0.812885 0.809219 0.400609 0.411722 0.000000 0.439236 0.451014 0.719183 0.605858 0.671571 0.620001 0.794067 0.995903 0.806618 0.666533 0.773957 0.850128 0.838539 0.756776 0.894388 0.858561 0.945756 0.771983 0.718047 0.414261 0.426926 0.951398 0.744002 0.415376 0.661383 0.705865 0.764837 0.721786 0.823317 0.814656 0.841257 0.730857 0.868927 0.724123 0.943628 0.658350 0.832953 0.537657 0.594356 0.375389 0.518237 0.915091 0.919776 0.861037 0.894704 0.982673 0.896854 0.965772 0.856022 0.877026 0.977831 0.874238 0.862381 0.960961 0.921814 0.986672 0.984561 0.713061 0.929508 0.464516 0.454174 0.902858 0.840043 0.697538 0.601833 0.562502 0.598412 0.713911 0.756829 0.794469 0.906172 0.767631 0.855440 0.563793 0.592522 0.608842 0.802327 0.667363 0.654365 0.929983 0.905926 0.890334 0.935013 0.936676 0.878994 0.868744 0.659626 0.541767 0.813277 0.974114 0.807951
0.808973 0.819295 0.703824 0.640433 0.781098 0.703883 0.680480 0.717200 0.989666 0.457018 0.609676 0.609979 0.801404 0.876026 0.838875 0.966986 0.729774 0.634205 0.773061 0.883358 0.949113 0.966695 0.612844 0.655211 0.439236 0.000000 0.529606 0.718327 0.716370 0.610847 0.758235 0.993095 0.956545 0.822757 0.795961 0.913862 0.793274 0.766510 0.773050 0.860863 0.878374 0.995951 0.846859 0.759201 0.535127 0.535170 0.992066 0.733546 0.615198 0.783788 0.829276 0.850587 0.830879 0.890610 0.754016 0.890849 0.775101 0.834716 0.836285 0.921976 0.804705 0.967424 0.564533 0.667788 0.407200 0.536903 0.861835 0.901483 0.893901 0.932502 0.822538 0.863642 0.998594 0.833470 0.872259 0.874695 0.793482 0.901327 0.899399 0.925740 0.928562 0.862875 0.873436 0.912085 0.659487 0.675834 0.906019 0.931119 0.786928 0.697579 0.613317 0.637757 0.716914 0.796910 0.821050 0.894755 0.673058 0.868059 0.619272 0.672690 0.770161 0.761957 0.823900 0.663224 0.885637 0.961559 0.938268 0.969922 0.985111 0.845767 0.797755 0.726881 0.637072 0.762884 0.931821 0.777111
0.817336 0.882058 0.801733 0.719567 0.869741 0.755599 0.711215 0.696225 0.860927 0.554403 0.610507 0.627297 0.936709 0.942312 0.718615 0.898472 0.684354 0.703067 0.816036 0.905536 0.947163 0.919752 0.544634 0.525118 0.451014 0.529606 0.000000 0.632124 0.684205 0.667889 0.814399 0.808829 0.883665 0.810295 0.722556 0.916410 0.965240 0.988274 0.837181 0.963785 0.910694 0.960294 0.752174 0.761178 0.556840 0.614853 0.878157 0.846174 0.579381 0.763986 0.803026 0.821675 0.729923 0.855184 0.793395 0.926944 0.811759 0.879811 0.789248 0.972916 0.710905 0.848241 0.642025 0.632036 0.523418 0.660555 0.925229 0.849504 0.910741 0.889310 0.891375 0.881531 0.907599 0.838499 0.906580 0.989241 0.961877 0.979391 0.971902 0.953820 0.924733 0.942584 0.657649 0.804627 0.557951 0.588639 0.828838 0.894801 0.753128 0.701207 0.662038 0.699028 0.695980 0.909283 0.956960 0.925155 0.790868 0.977432 0.668689 0.729576 0.658372 0.779398 0.813730 0.769752 0.945829 0.893992 0.884598 0.965770 0.868184 0.923953 0.904100 0.817158 0.631764 0.895198 0.983140 0.957946
0.986675 0.882481 0.883798 0.688036 0.920072 0.973860 0.850119 0.912818 0.891173 0.762779 0.856577 0.844759 0.946712 0.914660 0.768770 0.902473 0.825134 0.807203 0.995876 0.920050 0.987736 0.896690 0.759448 0.697715 0.719183 0.718327 0.632124 0.000000 0.930925 0.750157 0.717772 0.936652 0.996661 0.941076 0.698992 0.921622 0.941335 0.983229 0.941739 0.951286 0.975750 0.987865 0.969850 0.984546 0.755330 0.773134 0.998778 0.910277 0.714135 0.873202 0.863534 0.874081 0.948624 0.941382 0.819238 0.979821 0.943280 0.864484 0.962398 0.801395 0.802425 0.741554 0.837814 0.748592 0.726612 0.911568 0.997515 0.854539 0.915542 0.978490 0.920418 0.896850 0.796456 0.939564 0.826758 0.961756 0.859265 0.970669 0.971795 0.800925 0.903903 0.920972 0.781588 0.941309 0.744164 0.768941 0.930143 0.831250 0.851244 0.832390 0.953090 0.944606 0.963856 0.891971 0.738193 0.904191 0.877160 0.999963 0.913412 0.896322 0.988739 0.975856 0.947511 0.973124 0.929874 0.928993 0.987514 0.843344 0.988991 0.845104 0.821538 0.766364 0.849302 0.934868 0.944794 0.964523
0.602406 0.649726 0.957733 0.977052 0.924026 0.718184 0.597958 0.463681 0.674489 0.538593 0.456757 0.495051 0.705615 0.609829 0.961496 0.861778 0.482326 0.508058 0.575496 0.649795 0.732375 0.916078 0.678619 0.700202 0.605858 0.716370 0.684205 0.930925 0.000000 0.479251 0.993396 0.943326 0.764927 0.704907 0.809639 0.790421 0.943431 0.951333 0.974630 0.844131 0.973999 0.964911 0.561962 0.554979 0.532552 0.539584 0.732057 0.563233 0.586040 0.651113 0.666917 0.674469 0.726552 0.725489 0.778178 0.848377 0.551077 0.733487 0.698611 0.875053 0.606155 0.648325 0.590869 0.563816 0.695260 0.900223 0.904928 0.879589 0.930059 0.715408 0.918617 0.862269 0.776684 0.765872 0.980498 0.827977 0.752345 0.847052 0.857549 0.887611 0.804395 0.949568 0.871133 0.832652 0.664703 0.679891 0.913261 0.727560 0.819904 0.739521 0.549923 0.727817 0.782743 0.851223 0.772542 0.792929 0.884440 0.877967 0.573753 0.520799 0.635176 0.693600 0.584473 0.733515 0.978236 0.884941 0.833133 0.737317 0.860160 0.954750 0.713378 0.823922 0.655444 0.720813 0.892914 0.950875
0.547325 0.420758 0.699361 0.781761 0.884506 0.709767 0.731266 0.559297 0.834983 0.566773 0.594377 0.416164 0.771884 0.676700 0.931211 0.723698 0.372167 0.340490 0.651228 0.703252 0.913134 0.886843 0.707943 0.771112 0.671571 0.610847 0.667889 0.750157 0.479251 0.000000 0.911786 0.917481 0.747337 0.693078 0.616183 0.777092 0.967530 0.988814 0.987033 0.879022 0.984496 0.949551 0.665824 0.593460 0.576589 0.529502 0.876121 0.645710 0.577958 0.706594 0.647998 0.675854 0.835589 0.767104 0.767428 0.852236 0.418543 0.477511 0.816980 0.839566 0.700571 0.665738 0.542882 0.397899 0.540067 0.849242 0.990673 0.889297 0.752167 0.706272 0.940065 0.914883 0.890952 0.847604 0.957013 0.787415 0.879292 0.937084 0.690086 0.540890 0.503467 0.645274 0.947611 0.670573 0.658713 0.797220 0.839947 0.845459 0.854055 0.878445 0.679869 0.836688 0.821652 0.998158 0.754217 0.875900 0.695651 0.900470 0.609457 0.679578 0.718260 0.745472 0.642477 0.728972 0.879273 0.960833 0.825644 0.985310 0.942556 0.872701 0.744663 0.761633 0.775861 0.725827 0.912968 0.890877
0.973449 0.904960 0.488608 0.441580 0.916114 0.922013 0.806581 0.841650 0.814001 0.836299 0.921874 0.878396 0.837613 0.767152 0.858409 0.966958 0.903847 0.874145 0.785378 0.873233 0.909407 0.847022 0.552338 0.611981 0.620001 0.758235 0.814399 0.717772 0.993396 0.911786 0.000000 0.614116 0.702552 0.756480 0.679654 0.945775 0.859860 0.974307 0.723111 0.990653 0.891813 0.745216 0.883002 0.939380 0.859331 0.805042 0.949497 0.934631 0.705818 0.837808 0.914432 0.966915 0.982053 0.904193 0.883706 0.972746 0.938061 0.830425 0.988908 0.901256 0.926670 0.948760 0.867296 0.745754 0.578597 0.584027 0.792706 0.782381 0.931603 0.981744 0.613548 0.706520 0.772175 0.724863 0.786226 0.679186 0.810619 0.855242 0.997118 0.955446 0.916903 0.943003 0.905575 0.924245 0.688948 0.681029 0.911608 0.967199 0.760310 0.916743 0.969002 0.951131 0.943577 0.885797 0.835119 0.999833 0.982042 0.954715 0.953667 0.952191 0.867523 0.819641 0.944854 0.935796 0.937546 0.874928 0.889870 0.780431 0.992557 0.993088 0.994543 0.821673 0.882309 0.871871 0.961379 0.839676
0.755208 0.795582 0.630041 0.568907 0.830620 0.853838 0.674693 0.659288 0.837024 0.939599 0.781957 0.925304 0.676746 0.685140 0.813673 0.835708 0.883604 0.855401 0.619072 0.635852 0.986852 0.833023 0.727523 0.711443 0.794067 0.993095 0.808829 0.936652 0.943326 0.917481 0.614116 0.000000 0.646528 0.593077 0.823130 0.907613 0.832437 0.845388 0.742487 0.918868 0.883657 0.925416 0.786770 0.792514 0.898620 0.922002 0.718050 0.641619 0.963597 0.842980 0.816437 0.767030 0.905680 0.763788 0.825568 0.942240 0.773155 0.865920 0.733057 0.762759 0.701536 0.852181 0.823559 0.959920 0.793890 0.654307 0.645967 0.675499 0.957717 0.948731 0.720084 0.814120 0.866812 0.785662 0.971890 0.661867 0.680295 0.572108 0.945337 0.804064 0.940437 0.861257 0.784731 0.993063 0.831435 0.771307 0.918840 0.982521 0.918020 0.786382 0.810502 0.829550 0.991990 0.797956 0.835304 0.900574 0.969261 0.845585 0.873166 0.790128 0.877647 0.856143 0.934525 0.800026 0.903895 0.800662 0.966974 0.761111 0.970785 0.989042 0.864998 0.888662 0.982681 0.951630 0.940839 0.938980
0.638372 0.687783 0.692867 0.662997 0.742611 0.837953 0.529022 0.505355 0.702947 0.863739 0.639107 0.721610 0.682238 0.630366 0.970412 0.987134 0.796315 0.763072 0.473542 0.468595 0.999650 0.950017 0.802109 0.880633 0.995903 0.956545 0.883665 0.996661 0.764927 0.747337 0.702552 0.646528 0.000000 0.501079 0.844062 0.872082 0.825659 0.947799 0.805280 0.985261 0.857307 0.958121 0.656189 0.699976 0.716362 0.808325 0.670851 0.647183 0.959897 0.819525 0.771832 0.770325 0.753485 0.676725 0.995525 0.914076 0.719369 0.855418 0.527590 0.656782 0.518523 0.761544 0.632963 0.792225 0.910149 0.649726 0.485090 0.498971 0.851036 0.822942 0.682737 0.867608 0.733503 0.732846 0.862546 0.764347 0.665134 0.712951 0.866402 0.792189 0.803147 0.795391 0.947580 0.925279 0.877588 0.878703 0.931579 0.876334 0.982816 0.962787 0.697494 0.717110 0.900145 0.774446 0.866131 0.836895 0.865467 0.951834 0.728339 0.712442 0.700954 0.653986 0.732599 0.807807 0.891709 0.817815 0.990768 0.863132 0.861899 0.931470 0.917161 0.980638 0.833404 0.883311 0.968823 0.902013
0.580098 0.676954 0.745890 0.747980 0.823163 0.668759 0.399041 0.393813 0.677969 0.629517 0.468064 0.648679 0.573063 0.547608 0.988791 0.939783 0.669136 0.685468 0.383293 0.549044 0.956786 0.993598 0.966103 0.991069 0.806618 0.822757 0.810295 0.941076 0.704907 0.693078 0.756480 0.593077 0.501079 0.000000 0.966911 0.947999 0.907842 0.937260 0.811351 0.913633 0.973084 0.818263 0.624780 0.600882 0.564697 0.654985 0.649995 0.555257 0.751599 0.726950 0.672688 0.636628 0.744475 0.579066 0.985671 0.999197 0.637760 0.863283 0.547420 0.727985 0.434065 0.738753 0.545140 0.715545 0.931995 0.775397 0.516327 0.450087 0.847985 0.889405 0.680693 0.839980 0.812712 0.706457 0.862263 0.569361 0.704779 0.613498 0.964513 0.835379 0.917313 0.847670 0.962598 0.941014 0.981151 0.979154 0.985431 0.933034 0.932041 0.922515 0.584279 0.659558 0.851622 0.709845 0.816873 0.830267 0.799352 0.848291 0.588297 0.588257 0.557396 0.675288 0.756337 0.691333 0.889669 0.765467 0.837766 0.795714 0.927214 0.967007 0.866916 0.734669 0.676493 0.937737 0.891560 0.997813
0.994624 0.820492 0.652817 0.602144 0.843816 0.872799 0.987780 0.936330 0.928096 0.658358 0.938944 0.804877 0.970592 0.990042 0.937294 0.758293 0.723074 0.695893 0.931598 0.915073 0.846728 0.943725 0.575437 0.659730 0.666533 0.795961 0.722556 0.698992 0.809639 0.616183 0.679654 0.823130 0.844062 0.966911 0.000000 0.800701 0.902261 0.980365 0.956654 0.919236 0.874200 0.982620 0.852344 0.845663 0.748372 0.685420 0.989094 0.929350 0.669920 0.810148 0.772864 0.845506 0.895873 0.955046 0.739068 0.908594 0.801591 0.829366 0.892925 0.939705 0.936418 0.802822 0.892112 0.730567 0.641780 0.758288 0.699599 0.768379 0.993090 0.888248 0.834550 0.996324 0.825260 0.868940 0.993901 0.972559 0.925097 0.996026 0.805937 0.810275 0.902361 0.974987 0.902777 0.810839 0.604198 0.710333 0.918428 0.887627 0.805298 0.852171 0.925214 0.992983 0.922597 0.837433 0.856954 0.920647 0.878217 0.913359 0.791355 0.897668 0.849065 0.918564 0.871218 0.905451 0.851155 0.929022 0.888986 0.941893 0.990816 0.959701 0.931425 0.643619 0.735342 0.776753 0.957178 0.878759
0.817009 0.893415 0.781210 0.828189 0.845920 0.820053 0.968658 0.873461 0.781260 0.821465 0.837731 0.818801 0.921509 0.913848 0.958633 0.811911 0.829953 0.752178 0.938518 0.965810 0.792154 0.957396 0.654590 0.847192 0.773957 0.913862 0.916410 0.921622 0.790421 0.777092 0.945775 0.907613 0.872082 0.947999 0.800701 0.000000 0.999362 0.822081 0.990191 0.960510 0.798565 0.967408 0.796484 0.822797 0.931455 0.854213 0.864049 0.955684 0.846477 0.988576 0.969200 0.956988 0.868517 0.931023 0.789476 0.952605 0.757264 0.939222 0.912289 0.772903 0.940793 0.943979 0.999048 0.873318 0.749629 0.688907 0.657782 0.695414 0.977702 0.934327 0.907729 0.913089 0.905419 0.958357 0.829357 0.985039 0.938108 0.960474 0.932240 0.928650 0.948792 0.961641 0.870192 0.941498 0.616273 0.646858 0.960764 0.839214 0.982235 0.904069 0.825237 0.873226 0.878043 0.973486 0.905112 0.953704 0.823815 0.986907 0.744218 0.832329 0.740470 0.946978 0.724102 0.881793 0.891616 0.934091 0.990752 0.906664 0.948574 0.937133 0.964323 0.889245 0.913132 0.907217 0.992229 0.920258
0.939498 0.942585 0.920473 0.837281 0.991756 0.973401 0.963183 0.953535 0.771290 0.851152 0.987299 0.840795 0.876358 0.910228 0.900003 0.820792 0.925924 0.960808 0.990827 0.769171 0.942973 0.880480 0.956472 0.932878 0.850128 0.793274 0.965240 0.941335 0.943431 0.967530 0.859860 0.832437 0.825659 0.907842 0.902261 0.999362 0.000000 0.910172 0.811985 0.718440 0.696289 0.765302 0.971216 0.913429 0.954774 0.856042 0.906857 0.990703 0.982187 0.861281 0.811261 0.783982 0.736973 0.751935 0.901439 0.964330 0.929713 0.878653 0.833259 0.711745 0.891856 0.726178 0.861349 0.963879 0.810759 0.702639 0.984743 0.878955 0.851460 0.780097 0.920212 0.995543 0.799908 0.873960 0.965529 0.904975 0.948138 0.962358 0.923624 0.912576 0.891112 0.920657 0.879616 0.849398 0.960711 0.965525 0.891105 0.982025 0.874326 0.836550 0.938538 0.889139 0.979176 0.992685 0.735838 0.974688 0.969158 0.854442 0.959315 0.875549 0.913505 0.931362 0.954361 0.880806 0.949989 0.872209 0.982885 0.929799 0.825698 0.987116 0.989313 0.869952 0.941599 0.985894 0.957634 0.963437
0.991570 0.884859 0.920706 0.954212 0.904978 0.975379 0.805589 0.872785 0.912016 0.839172 0.747265 0.987883 0.654297 0.782228 0.776151 0.973070 0.886818 0.976487 0.771519 0.834782 0.913009 0.957242 0.987938 0.972069 0.838539 0.766510 0.988274 0.983229 0.951333 0.988814 0.974307 0.845388 0.947799 0.937260 0.980365 0.822081 0.910172 0.000000 0.882339 0.842230 0.860180 0.934499 0.952948 0.893688 0.984645 0.988085 0.957285 0.973151 0.968866 0.866271 0.956585 0.885669 0.877675 0.920502 0.988920 0.900093 0.930122 0.843438 0.979753 0.684390 0.968357 0.738981 0.785642 0.920037 0.917386 0.774925 0.970502 0.955003 0.838754 0.869425 0.762716 0.899880 0.956928 0.985365 0.855329 0.898554 0.904206 0.864565 0.872737 0.903836 0.861373 0.915082 0.917352 0.899458 0.969953 0.992024 0.983096 0.869433 0.832687 0.948517 0.836790 0.769358 0.965943 0.948593 0.962915 0.978751 0.937917 0.950827 0.861586 0.791168 0.911935 0.913802 0.973912 0.882511 0.780882 0.912824 0.949616 0.864171 0.980724 0.954543 0.928908 0.957426 0.994842 0.996272 0.811366 0.873713
