0.000000 0.323852 0.923344 0.942593 0.746600 0.685581 0.687327 0.576095 0.729166 0.579813 0.466855 0.503936 0.831333 0.829027 0.958393 0.880672 0.352416 0.385480 0.495870 0.465533 0.880090 0.947045 0.737028 0.742507 0.732755 0.792564 0.846425 0.763802 0.558150 0.552519 0.936855 0.863029 0.587891 0.580152 0.924654 0.880177 0.894708 0.859503 0.994868 0.982676 0.744576 0.940171 0.607672 0.536298 0.501159 0.476194 0.776163 0.544359 0.496401 0.541259 0.642037 0.697359 0.817535 0.836156 0.882432 0.856107 0.315069 0.353520 0.501732 0.796395 0.496337 0.660894 0.528153 0.421769 0.691428 0.963433 0.705657 0.645327 0.710351 0.637164 0.803959 0.810112 0.870516 0.719203 0.920598 0.793998 0.620295 0.702443 0.789861 0.685495 0.433803 0.575560 0.944301 0.802166 0.831002 0.726824 0.908884 0.620984 0.791551 0.802217 0.596588 0.634319 0.720456 0.833113 0.834402 0.870385 0.614968 0.853311 0.408818 0.458547 0.601762 0.778471 0.511060 0.576203 0.844348 0.836747 0.849965 0.820795 0.928732 0.919238 0.659478 0.590988 0.667025 0.900990 0.828675 0.977905
0.323852 0.000000 0.804219 0.879392 0.760946 0.713251 0.813268 0.635069 0.871769 0.605641 0.537746 0.490466 0.936904 0.831919 0.887692 0.982737 0.389360 0.382800 0.554773 0.467195 0.837259 0.836638 0.679225 0.656230 0.740073 0.755843 0.927108 0.778887 0.562253 0.550166 0.912378 0.883881 0.579679 0.566307 0.931476 0.954680 0.913668 0.831311 0.970186 0.997962 0.771317 0.844903 0.633783 0.536661 0.509136 0.447699 0.839581 0.588700 0.521420 0.536248 0.723425 0.754124 0.971465 0.933693 0.859714 0.765580 0.277567 0.282268 0.580644 0.728016 0.601241 0.635435 0.640642 0.431021 0.676260 0.941057 0.699579 0.597407 0.742339 0.631494 0.775773 0.857452 0.901095 0.751247 0.903774 0.776162 0.634025 0.653443 0.748312 0.705574 0.459386 0.630653 0.936089 0.839814 0.754835 0.743014 0.856417 0.702366 0.732367 0.766451 0.638692 0.660386 0.753679 0.832856 0.795587 0.891882 0.631606 0.796921 0.457940 0.515960 0.599642 0.785817 0.548768 0.589707 0.929878 0.912479 0.966061 0.870049 0.992522 0.929632 0.641786 0.543240 0.652322 0.886900 0.918673 0.957454
0.923344 0.804219 0.000000 0.361613 0.917818 0.864447 0.533176 0.768284 0.692370 0.972360 0.899456 0.712005 0.946791 0.924977 0.762067 0.924933 0.913537 0.809940 0.720134 0.874465 0.952145 0.933509 0.390943 0.506401 0.583670 0.612917 0.974199 0.861817 0.944538 0.807630 0.430129 0.521210 0.665350 0.814035 0.664200 0.979371 0.762754 0.915653 0.668442 0.851349 0.921696 0.927519 0.777974 0.941656 0.958931 0.867127 0.693834 0.887608 0.754612 0.928273 0.881961 0.841975 0.719950 0.691255 0.754093 0.814728 0.840002 0.762026 0.823689 0.977935 0.906268 0.901399 0.948335 0.722008 0.443760 0.639915 0.624328 0.866914 0.922626 0.937758 0.806011 0.733705 0.754482 0.778963 0.974905 0.828458 0.728369 0.782030 0.861238 0.896644 0.855658 0.888483 0.904606 0.764474 0.599591 0.716153 0.984328 0.921899 0.981833 0.796552 0.857721 0.782567 0.830711 0.668192 0.974082 0.953855 0.936715 0.779851 0.968404 0.909480 0.871669 0.703603 0.997907 0.904575 0.798448 0.659086 0.935821 0.731150 0.993896 0.992618 0.977704 0.896913 0.967131 0.908507 0.895615 0.908048
0.942593 0.879392 0.361613 0.000000 0.895067 0.889671 0.668108 0.766057 0.694435 0.905832 0.817204 0.808143 0.956935 0.935824 0.863748 0.856853 0.861540 0.759657 0.824812 0.950760 0.999448 0.989612 0.466178 0.478025 0.551985 0.566029 0.953983 0.774799 0.897334 0.756958 0.493062 0.662714 0.778878 0.934433 0.636387 0.999668 0.641268 0.758903 0.697547 0.887773 0.817003 0.985085 0.895086 0.936515 0.805257 0.751241 0.821270 0.960096 0.669701 0.861779 0.944201 0.918967 0.813263 0.698369 0.715107 0.904192 0.862964 0.827695 0.754974 0.863153 0.899598 0.902359 0.987693 0.808525 0.492970 0.516129 0.678628 0.878246 0.980530 0.975570 0.749152 0.672811 0.698466 0.768704 0.908399 0.831903 0.746133 0.870407 0.826588 0.972233 0.939572 0.891709 0.897112 0.884912 0.701534 0.702617 0.871572 0.869803 0.967658 0.725943 0.841385 0.807875 0.770065 0.681099 0.916831 0.970582 0.946611 0.911710 0.932930 0.996195 0.957462 0.690560 0.984466 0.952191 0.772209 0.754379 0.919309 0.727160 0.909143 0.960028 0.985650 0.859129 0.865401 0.793983 0.991057 0.893818
0.746600 0.760946 0.917818 0.895067 0.000000 0.720630 0.957630 0.917972 0.971449 0.825516 0.749421 0.722892 0.877526 0.879709 0.918712 0.983029 0.846222 0.767418 0.797372 0.755596 0.945963 0.953028 0.989899 0.936004 0.917164 0.779456 0.965844 0.887086 0.838240 0.845672 0.957091 0.893873 0.806295 0.851034 0.936932 0.729191 0.954372 0.959050 0.860834 0.897488 0.903196 0.920902 0.973956 0.882690 0.823902 0.817481 0.917513 0.842910 0.941363 0.920570 0.963152 0.965921 0.988256 0.991669 0.820545 0.960474 0.790182 0.754660 0.974412 0.937480 0.865941 0.896251 0.860050 0.919019 0.831255 0.987367 0.824532 0.778377 0.945372 0.887077 0.914003 0.960793 0.907229 0.797008 0.988283 0.967139 0.876733 0.817596 0.940556 0.982984 0.759001 0.725310 0.946245 0.980986 0.971735 0.986243 0.999372 0.982435 0.857149 0.718312 0.932875 0.904420 0.971433 0.924697 0.984915 0.961904 0.852997 0.968531 0.860480 0.869956 0.926372 0.951437 0.975387 0.952395 0.938064 0.830384 0.797248 0.956819 0.991275 0.871241 0.789630 0.938313 0.869745 0.943255 0.984626 0.718343
0.685581 0.713251 0.864447 0.889671 0.720630 0.000000 0.729202 0.640772 0.770286 0.603462 0.617612 0.552884 0.729390 0.771053 0.919815 0.722487 0.722052 0.709407 0.733550 0.797088 0.974654 0.926433 0.785849 0.776123 0.719694 0.740085 0.722082 0.929620 0.752886 0.672374 0.983146 0.963835 0.908018 0.749523 0.809746 0.841352 0.968105 0.961124 0.986087 0.878534 0.942831 0.843994 0.852839 0.767919 0.705369 0.675472 0.938357 0.783080 0.733113 0.837720 0.875468 0.933377 0.843800 0.812222 0.814333 0.898462 0.686201 0.769399 0.809974 0.920990 0.670150 0.778092 0.714394 0.709782 0.662016 0.880100 0.890929 0.841770 0.976817 0.848154 0.838711 0.907549 0.883428 0.839778 0.855955 0.785291 0.842512 0.856105 0.807548 0.804861 0.864869 0.797001 0.950915 0.940016 0.799320 0.705010 0.903650 0.997267 0.908590 0.677048 0.727987 0.768192 0.738005 0.779994 0.933575 0.992727 0.694675 0.803687 0.577101 0.735905 0.637305 0.723211 0.805710 0.732008 0.925731 0.935686 0.639193 0.984240 0.888058 0.971144 0.801901 0.772976 0.705790 0.970629 0.961338 0.764804
0.687327 0.813268 0.533176 0.668108 0.957630 0.729202 0.000000 0.383711 0.560423 0.465950 0.558414 0.819135 0.647194 0.726556 0.871629 0.816488 0.688510 0.749837 0.385451 0.795814 0.906657 0.987314 0.796213 0.931733 0.839966 0.920307 0.638528 0.856144 0.733393 0.695421 0.687226 0.574107 0.552290 0.479187 0.972038 0.849064 0.871803 0.954234 0.798780 0.939196 0.996957 0.894501 0.536418 0.615885 0.534897 0.630157 0.599895 0.608367 0.768942 0.792335 0.582423 0.654339 0.578453 0.518309 0.987349 0.900302 0.764205 0.924643 0.510974 0.955542 0.505036 0.879661 0.493431 0.783626 0.983466 0.933164 0.478848 0.638976 0.972494 0.911349 0.696006 0.669000 0.734959 0.652847 0.970776 0.646843 0.573255 0.696114 0.735769 0.730489 0.888986 0.853544 0.830057 0.960376 0.916243 0.902073 0.885024 0.773988 0.844537 0.908739 0.464028 0.437776 0.577076 0.558175 0.842923 0.883670 0.736319 0.943304 0.542946 0.522735 0.725354 0.492633 0.687294 0.712401 0.871387 0.635467 0.783089 0.650928 0.997863 0.984182 0.764769 0.757333 0.648532 0.950344 0.934514 0.959622
0.576095 0.635069 0.768284 0.766057 0.917972 0.640772 0.383711 0.000000 0.575830 0.406556 0.499541 0.523965 0.626485 0.596012 0.959692 0.777299 0.633578 0.722144 0.418713 0.725214 0.741831 0.908386 0.902055 0.791339 0.680305 0.829994 0.614761 0.762175 0.664487 0.589057 0.901531 0.767662 0.646610 0.547719 0.898860 0.839784 0.856865 0.960474 0.863091 0.988636 0.989735 0.990245 0.580878 0.580863 0.542499 0.572085 0.773211 0.585914 0.638261 0.739203 0.563250 0.691169 0.635436 0.517233 0.880900 0.987257 0.653855 0.781210 0.498407 0.676706 0.395627 0.518692 0.565717 0.578838 0.794844 0.887944 0.688076 0.647145 0.941914 0.850464 0.673913 0.774398 0.781993 0.720807 0.991300 0.789701 0.609089 0.793076 0.820878 0.777833 0.885089 0.959639 0.785338 0.960250 0.698597 0.582185 0.814804 0.656394 0.821318 0.827792 0.370077 0.397747 0.576506 0.571561 0.741014 0.901981 0.645757 0.834273 0.452923 0.512888 0.539746 0.419096 0.633434 0.564048 0.963453 0.686067 0.790107 0.752461 0.926916 0.961580 0.737994 0.668961 0.598057 0.826636 0.923928 0.982004
0.729166 0.871769 0.692370 0.694435 0.971449 0.770286 0.560423 0.575830 0.000000 0.673350 0.778478 0.864912 0.831476 0.876674 0.922996 0.677022 0.748092 0.824845 0.658322 0.829137 0.924909 0.879071 0.916146 0.958527 0.973223 0.853350 0.879826 0.960069 0.862822 0.901528 0.775882 0.767076 0.794891 0.787636 0.998516 0.763495 0.601995 0.833038 0.866526 0.828831 0.884857 0.967321 0.635815 0.692442 0.755199 0.834953 0.645404 0.668687 0.798699 0.704527 0.586717 0.668231 0.579883 0.576529 0.996505 0.947576 0.781567 0.897086 0.600875 0.734232 0.614693 0.748731 0.850290 0.798624 0.864647 0.799448 0.802086 0.925048 0.864598 0.821500 0.732139 0.684634 0.870792 0.782321 0.908501 0.834302 0.728405 0.866767 0.851363 0.876775 0.897074 0.976740 0.863615 0.920796 0.926688 0.798860 0.790603 0.823900 0.942462 0.896023 0.591149 0.654436 0.682428 0.743081 0.845726 0.948086 0.786531 0.965391 0.643140 0.655896 0.762653 0.747302 0.659501 0.789593 0.909315 0.650281 0.733504 0.739726 0.938020 0.998945 0.881128 0.826179 0.857344 0.962398 0.810881 0.916382
0.579813 0.605641 0.972360 0.905832 0.825516 0.603462 0.465950 0.406556 0.673350 0.000000 0.436297 0.564234 0.628434 0.680046 0.986301 0.822527 0.551708 0.556242 0.463279 0.674324 0.782128 0.888734 0.748195 0.674367 0.488293 0.577000 0.633512 0.741378 0.604022 0.481724 0.966912 0.845817 0.799862 0.550866 0.767457 0.832606 0.976656 0.897481 0.947095 0.883370 0.930914 0.952269 0.542476 0.512991 0.418833 0.429348 0.771060 0.583688 0.480324 0.678497 0.590105 0.767821 0.773133 0.729452 0.759002 0.967688 0.578873 0.727621 0.642197 0.932276 0.563655 0.771010 0.504823 0.535434 0.544465 0.735436 0.769714 0.797646 0.960048 0.877583 0.689166 0.742818 0.932152 0.746063 0.942215 0.765294 0.635015 0.816633 0.837501 0.823455 0.788650 0.843103 0.786840 0.920508 0.663642 0.549083 0.846545 0.786137 0.743540 0.653924 0.392491 0.450301 0.622445 0.730824 0.758350 0.955512 0.682308 0.826043 0.407812 0.461773 0.559191 0.621697 0.524150 0.490114 0.976243 0.868988 0.828741 0.763305 0.968428 0.970812 0.749260 0.521031 0.579451 0.816522 0.956170 0.834430
0.466855 0.537746 0.899456 0.817204 0.749421 0.617612 0.558414 0.499541 0.778478 0.436297 0.000000 0.482290 0.577717 0.619302 0.951174 0.883616 0.446872 0.421336 0.482926 0.526220 0.841899 0.916501 0.674675 0.625105 0.494746 0.575429 0.731025 0.635343 0.458984 0.390479 0.922254 0.871397 0.688591 0.538710 0.772929 0.856826 0.958779 0.835742 0.976548 0.965451 0.931878 0.943319 0.653989 0.558755 0.411944 0.432314 0.799176 0.566317 0.455139 0.579389 0.631651 0.661513 0.778887 0.766871 0.763753 0.986334 0.501378 0.578174 0.590837 0.847866 0.470962 0.725120 0.470726 0.496902 0.552661 0.843707 0.780427 0.726611 0.911370 0.768548 0.861228 0.952901 0.904282 0.738862 0.998118 0.758089 0.775206 0.768378 0.893597 0.683466 0.663748 0.658522 0.966629 0.880125 0.753197 0.646716 0.817811 0.778004 0.787786 0.615087 0.556676 0.597113 0.804868 0.851922 0.846970 0.968208 0.774461 0.938714 0.462349 0.474468 0.625041 0.708478 0.705635 0.692621 0.907770 0.884561 0.808603 0.873295 0.996996 0.922167 0.761498 0.616492 0.547440 0.890088 0.954640 0.933938
0.503936 0.490466 0.712005 0.808143 0.722892 0.552884 0.819135 0.523965 0.864912 0.564234 0.482290 0.000000 0.704292 0.620197 0.844129 0.710712 0.576938 0.574792 0.682997 0.602512 0.765487 0.902161 0.535544 0.566846 0.524332 0.575129 0.710803 0.692759 0.625422 0.528397 0.735604 0.908552 0.868776 0.744863 0.745052 0.891253 0.926424 0.959362 0.980968 0.916873 0.890538 0.905410 0.873318 0.739202 0.645570 0.593005 0.990165 0.652740 0.564322 0.766002 0.756021 0.868821 0.872972 0.849993 0.753630 0.906587 0.537465 0.530299 0.647464 0.648903 0.504226 0.486745 0.598510 0.397510 0.478182 0.910581 0.984748 0.794984 0.750242 0.683666 0.951813 0.954962 0.877936 0.777178 0.933899 0.928741 0.841235 0.945780 0.934946 0.869640 0.697641 0.738141 0.966691 0.714152 0.565916 0.539241 0.920948 0.788358 0.876539 0.688530 0.646306 0.708657 0.811529 0.865816 0.750471 0.934837 0.668335 0.760773 0.541225 0.656497 0.555872 0.755222 0.778340 0.600127 0.900826 0.969589 0.816710 0.961487 0.957454 0.888789 0.711588 0.703887 0.678266 0.825156 0.973115 0.860566
0.831333 0.936904 0.946791 0.956935 0.877526 0.729390 0.647194 0.626485 0.831476 0.628434 0.577717 0.704292 0.000000 0.553377 0.761507 0.695067 0.829539 0.813254 0.734484 0.918418 0.927423 0.947424 0.839120 0.850584 0.661720 0.717193 0.743724 0.755160 0.801182 0.672675 0.924676 0.957134 0.938734 0.856193 0.700465 0.875358 0.820271 0.788479 0.933523 0.920768 0.776210 0.813404 0.760706 0.732315 0.768403 0.758685 0.827123 0.782249 0.825514 0.935893 0.909054 0.977377 0.918730 0.887907 0.737034 0.906126 0.904671 0.981656 0.844097 0.911788 0.684738 0.882112 0.640987 0.803711 0.766656 0.768050 0.989201 0.929334 0.843224 0.944873 0.854497 0.868144 0.963572 0.956875 0.967987 0.796076 0.830243 0.924514 0.978141 0.876260 0.926661 0.924615 0.863054 0.879996 0.840868 0.672748 0.886803 0.894299 0.961869 0.716829 0.645738 0.704612 0.827007 0.814656 0.854786 0.946332 0.892504 0.998186 0.685924 0.714842 0.712480 0.695320 0.851006 0.816515 0.843580 0.984480 0.919125 0.896407 0.963528 0.955571 0.792966 0.828283 0.750876 0.919268 0.933411 0.990107
0.829027 0.831919 0.924977 0.935824 0.879709 0.771053 0.726556 0.596012 0.876674 0.680046 0.619302 0.620197 0.553377 0.000000 0.833835 0.741307 0.759168 0.727232 0.619725 0.768881 0.706734 0.946978 0.892007 0.882857 0.799729 0.772014 0.882175 0.732408 0.594343 0.608071 0.940915 0.896080 0.846075 0.768858 0.801065 0.885415 0.960360 0.913135 0.925767 0.900087 0.919455 0.979683 0.695970 0.669761 0.753646 0.737614 0.891707 0.670029 0.779198 0.905812 0.959995 0.914073 0.997547 0.946809 0.772684 0.945483 0.867217 0.945708 0.916497 0.952805 0.828469 0.832743 0.774881 0.844542 0.858200 0.996749 0.988160 0.965413 0.917464 0.973302 0.953190 0.964177 0.902238 0.880857 0.926128 0.755845 0.785833 0.921645 0.944526 0.828194 0.963544 0.970408 0.884404 0.892689 0.758193 0.709302 0.889698 0.868640 0.840953 0.651869 0.704630 0.770500 0.991453 0.882017 0.851494 0.872525 0.976251 0.872870 0.687761 0.716878 0.675466 0.689604 0.958451 0.865100 0.847874 0.954485 0.877834 0.910625 0.969138 0.917648 0.820781 0.776289 0.658811 0.949489 0.937234 0.977362
0.958393 0.887692 0.762067 0.863748 0.918712 0.919815 0.871629 0.959692 0.922996 0.986301 0.951174 0.844129 0.761507 0.833835 0.000000 0.686837 0.965277 0.959710 0.919341 0.984152 0.853655 0.969103 0.786648 0.725958 0.846257 0.858778 0.833338 0.797058 0.818120 0.954253 0.850889 0.797995 0.957730 0.927037 0.899877 0.872118 0.968134 0.772757 0.859436 0.928499 0.987996 0.929902 0.733435 0.798765 0.989340 0.983587 0.675318 0.820737 0.980331 0.987805 0.946388 0.965380 0.983730 0.881154 0.972889 0.824269 0.980054 0.910517 0.924171 0.696245 0.895751 0.745575 0.976825 0.838387 0.743563 0.974432 0.919699 0.779707 0.912649 0.857102 0.963056 0.956585 0.810443 0.826026 0.900826 0.947701 0.931749 0.954687 0.912938 0.876076 0.961463 0.873539 0.899774 0.852745 0.792258 0.954573 0.947800 0.954343 0.957592 0.962078 0.964051 0.966072 0.924247 0.926604 0.942542 0.920296 0.860838 0.878758 0.968403 0.880671 0.865429 0.991174 0.987099 0.966982 0.940221 0.970546 0.949235 0.780105 0.942869 0.975382 0.863876 0.911796 0.990124 0.960935 0.916854 0.942453
0.880672 0.982737 0.924933 0.856853 0.983029 0.722487 0.816488 0.777299 0.677022 0.822527 0.883616 0.710712 0.695067 0.741307 0.686837 0.000000 0.935301 0.999236 0.882277 0.906115 0.880229 0.960687 0.971259 0.860334 0.992863 0.924419 0.931959 0.960320 0.899861 0.904049 0.942674 0.942372 0.870977 0.946930 0.898998 0.733531 0.781269 0.996192 0.868982 0.904030 0.931629 0.957222 0.869686 0.925062 0.994362 0.967916 0.813967 0.788853 0.868403 0.988246 0.883325 0.986691 0.752009 0.905574 0.961818 0.867889 0.999647 0.979647 0.845134 0.988114 0.853209 0.884421 0.874838 0.864812 0.951452 0.921686 0.823803 0.792121 0.955772 0.980244 0.989751 0.902564 0.892381 0.944957 0.963457 0.947597 0.950110 0.881472 0.975263 0.975669 0.940523 0.944679 0.909253 0.832019 0.998349 0.859654 0.984519 0.992538 0.909091 0.944399 0.865423 0.980431 0.910195 0.992051 0.910378 0.983679 0.968075 0.965811 0.869166 0.939989 0.853519 0.847229 0.930149 0.859467 0.929973 0.999351 0.747007 0.909954 0.938268 0.993241 0.972286 0.990568 0.971085 0.885262 0.987518 0.936244
0.352416 0.389360 0.913537 0.861540 0.846222 0.722052 0.688510 0.633578 0.748092 0.551708 0.446872 0.576938 0.829539 0.759168 0.965277 0.935301 0.000000 0.288139 0.455012 0.485376 0.943927 0.958324 0.754033 0.684565 0.708412 0.744055 0.846551 0.770272 0.388811 0.416164 0.976158 0.838494 0.581310 0.516268 0.859663 0.892417 0.893524 0.924844 0.962575 0.883783 0.843261 0.998471 0.508196 0.477162 0.455070 0.480545 0.729640 0.495274 0.479446 0.523128 0.651270 0.687670 0.892861 0.906326 0.790913 0.854437 0.305019 0.407590 0.587737 0.866009 0.616867 0.826177 0.570266 0.472044 0.691447 0.963695 0.733804 0.700058 0.748928 0.652845 0.883775 0.842577 0.880267 0.781151 0.893475 0.728352 0.705234 0.748392 0.722039 0.607353 0.438321 0.618423 0.938592 0.831906 0.815122 0.772115 0.813380 0.669534 0.737822 0.781940 0.635291 0.692333 0.795433 0.926515 0.813540 0.880334 0.722307 0.960301 0.424747 0.394438 0.627753 0.807416 0.537090 0.678330 0.936560 0.935120 0.847787 0.849463 0.948849 0.944885 0.643199 0.579483 0.604323 0.929624 0.831315 0.940773
0.385480 0.382800 0.809940 0.759657 0.767418 0.709407 0.749837 0.722144 0.824845 0.556242 0.421336 0.574792 0.813254 0.727232 0.959710 0.999236 0.288139 0.000000 0.498150 0.450645 0.899816 0.976768 0.676969 0.653487 0.650513 0.636073 0.926673 0.759569 0.404323 0.389865 0.916556 0.843499 0.625750 0.532539 0.807413 0.853022 0.989919 0.964012 0.938766 0.993860 0.909071 0.985335 0.553692 0.481122 0.431197 0.426074 0.776762 0.485370 0.461943 0.500301 0.721092 0.680672 0.977624 0.982486 0.740890 0.899456 0.311516 0.414096 0.709871 0.953784 0.672451 0.883811 0.583535 0.512736 0.639828 0.906370 0.774562 0.741364 0.802165 0.684116 0.940896 0.950340 0.988057 0.820233 0.951494 0.742318 0.695156 0.687703 0.754569 0.667978 0.479973 0.611829 0.978404 0.869610 0.794581 0.739261 0.887832 0.717458 0.676075 0.729588 0.715161 0.740625 0.888182 0.934695 0.825966 0.914872 0.775738 0.928862 0.455566 0.433327 0.664707 0.890002 0.572387 0.725890 0.983528 0.992201 0.897701 0.860546 0.907225 0.986737 0.690477 0.523570 0.579865 0.915677 0.857705 0.918240
0.495870 0.554773 0.720134 0.824812 0.797372 0.733550 0.385451 0.418713 0.658322 0.463279 0.482926 0.682997 0.734484 0.619725 0.919341 0.882277 0.455012 0.498150 0.000000 0.602543 0.870973 0.996049 0.937319 0.907920 0.829680 0.809634 0.738112 0.830689 0.551010 0.516488 0.778741 0.592412 0.450550 0.410408 0.978706 0.851059 0.921474 0.984155 0.843286 0.963518 0.920775 0.965079 0.456984 0.494199 0.452016 0.496133 0.727587 0.491930 0.634802 0.624745 0.624109 0.633090 0.715002 0.700249 0.943766 0.974788 0.527259 0.657159 0.552949 0.902680 0.544189 0.875587 0.497006 0.648847 0.903023 0.943908 0.506105 0.594724 0.931939 0.821146 0.717324 0.825128 0.809367 0.724720 0.984497 0.672640 0.551358 0.635353 0.652851 0.654244 0.679487 0.753221 0.886037 0.981495 0.975386 0.815265 0.875082 0.723560 0.737484 0.824510 0.513686 0.499639 0.671718 0.698465 0.901363 0.878378 0.710466 0.997327 0.454678 0.414049 0.622992 0.562806 0.601530 0.727064 0.882179 0.764101 0.792285 0.813095 0.872579 0.937886 0.762632 0.613204 0.604152 0.972672 0.850026 0.904921
0.465533 0.467195 0.874465 0.950760 0.755596 0.797088 0.795814 0.725214 0.829137 0.674324 0.526220 0.602512 0.918418 0.768881 0.984152 0.906115 0.485376 0.450645 0.602543 0.000000 0.879773 0.885696 0.778036 0.846847 0.789447 0.754253 0.992559 0.777066 0.546331 0.600455 0.978964 0.847140 0.600420 0.638758 0.971364 0.949087 0.745177 0.871753 0.958677 0.993609 0.743558 0.851409 0.728590 0.656138 0.616701 0.653349 0.817369 0.617083 0.655627 0.631796 0.805951 0.767806 0.900883 0.960744 0.914771 0.952201 0.494826 0.464897 0.623881 0.795509 0.675569 0.771379 0.682692 0.562824 0.753650 0.948720 0.793676 0.742508 0.705988 0.646194 0.891277 0.928006 0.821805 0.731154 0.944339 0.885087 0.745046 0.792970 0.781396 0.721423 0.483732 0.584356 0.957390 0.799980 0.882243 0.857164 0.881383 0.725200 0.806009 0.816135 0.751062 0.730287 0.864061 0.999285 0.792955 0.906175 0.896112 0.919265 0.613678 0.616478 0.777242 0.942303 0.760096 0.719900 0.955361 0.974103 0.916677 0.890848 0.973740 0.988280 0.771123 0.697511 0.794863 0.946410 0.959480 0.982923
0.880090 0.837259 0.952145 0.999448 0.945963 0.974654 0.906657 0.741831 0.924909 0.782128 0.841899 0.765487 0.927423 0.706734 0.853655 0.880229 0.943927 0.899816 0.870973 0.879773 0.000000 0.988423 0.831412 0.832918 0.863081 0.893948 0.868376 0.878335 0.764399 0.802868 0.977448 0.954597 0.973596 0.969424 0.793787 0.863441 0.925154 0.986615 0.980401 0.887318 0.975471 0.957366 0.849874 0.915358 0.871794 0.825156 0.824386 0.943459 0.778209 0.888306 0.920309 0.907972 0.945225 0.959454 0.945226 0.880447 0.898381 0.891195 0.914324 0.914441 0.876050 0.723786 0.986066 0.800890 0.910831 0.980193 0.835966 0.973384 0.925467 0.993043 0.952603 0.937661 0.763489 0.969993 0.838186 0.863731 0.849437 0.885513 0.956657 0.959123 0.949587 0.901813 0.957418 0.966818 0.711341 0.669371 0.988749 0.845037 0.985262 0.933145 0.855898 0.830714 0.928857 0.980770 0.800575 0.981731 0.896634 0.930176 0.790573 0.908999 0.917254 0.895906 0.824863 0.829584 0.952806 0.898047 0.988222 0.977600 0.903726 0.878169 0.943587 0.802940 0.818184 0.874434 0.974361 0.881611
0.947045 0.836638 0.933509 0.989612 0.953028 0.926433 0.987314 0.908386 0.879071 0.888734 0.916501 0.902161 0.947424 0.946978 0.969103 0.960687 0.958324 0.976768 0.996049 0.885696 0.988423 0.000000 0.848061 0.874298 0.866628 0.953129 0.971616 0.838279 0.948962 0.900659 0.880706 0.847694 0.955989 0.966896 0.909947 0.955180 0.994514 0.885802 0.988548 0.980273 0.951682 0.949026 0.964900 0.973105 0.991483 0.990697 0.950605 0.873013 0.992152 0.940117 0.987634 0.930650 0.955285 0.972380 0.976819 0.967944 0.961622 0.925240 0.961689 0.960054 0.917978 0.885176 0.984700 0.875573 0.911580 0.981236 0.948079 0.983133 0.983939 0.982538 0.936519 0.975923 0.880874 0.982987 0.890605 0.979328 0.912947 0.966923 0.860868 0.994267 0.939775 0.965203 0.900912 0.820517 0.913444 0.923845 0.990407 0.922869 0.918282 0.800766 0.955112 0.975530 0.886908 0.942427 0.999329 0.739742 0.840767 0.988986 0.971274 0.999173 0.951244 0.907243 0.894703 0.974148 0.885416 0.981914 0.888777 0.813449 0.887369 0.918913 0.949350 0.892457 0.867569 0.998453 0.788954 0.977840
0.737028 0.679225 0.390943 0.466178 0.989899 0.785849 0.796213 0.902055 0.916146 0.748195 0.674675 0.535544 0.839120 0.892007 0.786648 0.971259 0.754033 0.676969 0.937319 0.778036 0.831412 0.848061 0.000000 0.323081 0.409721 0.559844 0.840702 0.708356 0.806759 0.685849 0.463678 0.689986 0.802766 0.995539 0.563675 0.861549 0.884679 0.894304 0.707296 0.861075 0.863569 0.983996 0.948911 0.870713 0.794547 0.721511 0.864877 0.981879 0.612935 0.777124 0.955093 0.999609 0.829288 0.877394 0.737991 0.828755 0.685804 0.687812 0.989327 0.830693 0.784436 0.685715 0.900809 0.535331 0.418689 0.695686 0.681730 0.923492 0.919726 0.820615 0.911706 0.822032 0.727770 0.808837 0.874892 0.897776 0.911701 0.886815 0.843745 0.979360 0.895998 0.996673 0.924412 0.780538 0.383602 0.435189 0.967284 0.847647 0.935016 0.787668 0.897895 0.957133 0.927844 0.814806 0.808098 0.977224 0.903340 0.700748 0.715829 0.872056 0.674899 0.882594 0.865923 0.761584 0.783308 0.858016 0.940147 0.805619 0.879261 0.985694 0.903621 0.714130 0.791460 0.856551 0.954693 0.976868
0.742507 0.656230 0.506401 0.478025 0.936004 0.776123 0.931733 0.791339 0.958527 0.674367 0.625105 0.566846 0.850584 0.882857 0.725958 0.860334 0.684565 0.653487 0.907920 0.846847 0.832918 0.874298 0.323081 0.000000 0.409451 0.574907 0.756157 0.686849 0.754536 0.621960 0.517063 0.755177 0.934947 0.888694 0.597263 0.936352 0.852070 0.939273 0.665153 0.960634 0.813921 0.985699 0.911255 0.785981 0.657796 0.616068 0.867978 0.901842 0.558691 0.702563 0.812190 0.886573 0.955053 0.977888 0.721397 0.807438 0.650568 0.677169 0.911656 0.778434 0.706076 0.697245 0.838621 0.548511 0.446205 0.763480 0.839284 0.932696 0.949353 0.845285 0.911016 0.808708 0.793604 0.819900 0.951360 0.945893 0.995880 0.997895 0.968823 0.932291 0.889179 0.998162 0.956966 0.881776 0.382509 0.424854 0.991149 0.834710 0.886638 0.761688 0.799696 0.856336 0.972369 0.956929 0.764397 0.988211 0.825856 0.765157 0.629641 0.746352 0.720200 0.962528 0.809619 0.735911 0.851487 0.981510 0.990971 0.799825 0.948430 0.943321 0.890588 0.661178 0.637695 0.766396 0.914991 0.947859
0.732755 0.740073 0.583670 0.551985 0.917164 0.719694 0.839966 0.680305 0.973223 0.488293 0.494746 0.524332 0.661720 0.799729 0.846257 0.992863 0.708412 0.650513 0.829680 0.789447 0.863081 0.866628 0.409721 0.409451 0.000000 0.406869 0.653895 0.643165 0.731497 0.562676 0.539531 0.781147 0.926234 0.827392 0.581501 0.883816 0.781420 0.773498 0.773078 0.823669 0.798518 0.974478 0.929521 0.782657 0.584103 0.570622 0.966235 0.830647 0.522306 0.774052 0.766116 0.874788 0.908200 0.902086 0.762827 0.889856 0.701005 0.769543 0.816799 0.898716 0.639105 0.764156 0.567380 0.483229 0.326052 0.566768 0.960810 0.949178 0.980562 0.876172 0.977086 0.954771 0.846627 0.989046 0.920834 0.990680 0.960211 0.945128 0.934384 0.964873 0.905537 0.900779 0.851690 0.860511 0.462307 0.484801 0.886207 0.892299 0.837860 0.753480 0.673004 0.711018 0.869557 0.929269 0.708286 0.939768 0.790887 0.786249 0.609129 0.705355 0.625748 0.878005 0.764480 0.615500 0.898094 0.975706 0.973231 0.966068 0.959836 0.861642 0.876307 0.653404 0.651098 0.774314 0.964364 0.843403
0.792564 0.755843 0.612917 0.566029 0.779456 0.740085 0.920307 0.829994 0.853350 0.577000 0.575429 0.575129 0.717193 0.772014 0.858778 0.924419 0.744055 0.636073 0.809634 0.754253 0.893948 0.953129 0.559844 0.574907 0.406869 0.000000 0.727788 0.647414 0.700260 0.551538 0.687670 0.869806 0.988597 0.858365 0.779456 0.897514 0.735323 0.793718 0.707558 0.793598 0.838048 0.938729 0.971495 0.857800 0.644781 0.632421 0.849578 0.865400 0.675167 0.834455 0.934326 0.991082 0.960998 0.956653 0.718612 0.942986 0.747423 0.743265 0.947194 0.990954 0.807023 0.938407 0.638210 0.633964 0.408799 0.603831 0.985861 0.907347 0.987641 0.936827 0.952451 0.921233 0.911071 0.867062 0.886776 0.931970 0.820422 0.893101 0.991584 0.985181 0.884947 0.794454 0.889263 0.881727 0.661928 0.697229 0.923669 0.940289 0.810210 0.726311 0.757406 0.761596 0.892298 0.957481 0.803413 0.930673 0.828139 0.836854 0.664110 0.723813 0.759396 0.946042 0.881884 0.725463 0.858195 0.790073 0.986820 0.947304 0.966084 0.942241 0.818740 0.716615 0.754587 0.799886 0.957404 0.885342
0.846425 0.927108 0.974199 0.953983 0.965844 0.722082 0.638528 0.614761 0.879826 0.633512 0.731025 0.710803 0.743724 0.882175 0.833338 0.931959 0.846551 0.926673 0.738112 0.992559 0.868376 0.971616 0.840702 0.756157 0.653895 0.727788 0.000000 0.790274 0.884764 0.736487 0.948015 0.966814 0.849989 0.816098 0.801886 0.811969 0.900197 0.999124 0.969587 0.869218 0.925338 0.999089 0.809413 0.842369 0.778201 0.766265 0.781844 0.912542 0.762867 0.964943 0.817046 0.922437 0.751835 0.846810 0.917924 0.988504 0.931911 0.977696 0.749373 0.917275 0.646923 0.839069 0.638000 0.701069 0.705495 0.801312 0.923191 0.829625 0.959958 0.901918 0.848495 0.881039 0.972950 0.991981 0.931008 0.924901 0.888172 0.904158 0.953124 0.921571 0.992098 0.927023 0.765488 0.871764 0.821101 0.711333 0.993793 0.875950 0.879019 0.965964 0.703299 0.729576 0.785032 0.928494 0.889064 0.971155 0.777327 0.881639 0.701976 0.738413 0.715134 0.755853 0.881663 0.756149 0.931828 0.840676 0.893851 0.872680 0.998134 0.942551 0.954962 0.878911 0.791394 0.934970 0.898243 0.905571
0.763802 0.778887 0.861817 0.774799 0.887086 0.929620 0.856144 0.762175 0.960069 0.741378 0.635343 0.692759 0.755160 0.732408 0.797058 0.960320 0.770272 0.759569 0.830689 0.777066 0.878335 0.838279 0.708356 0.686849 0.643165 0.647414 0.790274 0.000000 0.768992 0.619936 0.787163 0.925419 0.859208 0.776231 0.733344 0.999895 0.934782 0.994904 0.992899 0.953930 0.881931 0.931763 0.930242 0.817887 0.684140 0.715656 0.932505 0.866761 0.710098 0.834472 0.803785 0.870811 0.909945 0.897138 0.812574 0.895351 0.843417 0.816063 0.900284 0.864601 0.743003 0.813408 0.711562 0.738837 0.686228 0.915061 0.973156 0.851968 0.907339 0.946847 0.997789 0.924592 0.973923 0.802145 0.951140 0.951449 0.975039 0.876000 0.974810 0.783367 0.856328 0.765520 0.887627 0.899420 0.826960 0.797791 0.929677 0.963305 0.889081 0.678938 0.837812 0.836759 0.978245 0.931553 0.934683 0.825535 0.950523 0.850971 0.810023 0.760575 0.857050 0.926986 0.973248 0.929820 0.988888 0.916909 0.950534 0.861662 0.909139 0.796690 0.898826 0.799430 0.739983 0.856018 0.985481 0.992923
0.558150 0.562253 0.944538 0.897334 0.838240 0.752886 0.733393 0.664487 0.862822 0.604022 0.458984 0.625422 0.801182 0.594343 0.818120 0.899861 0.388811 0.404323 0.551010 0.546331 0.764399 0.948962 0.806759 0.754536 0.731497 0.700260 0.884764 0.768992 0.000000 0.380711 0.966042 0.890436 0.722179 0.638536 0.815621 0.886562 0.977645 0.999145 0.975530 0.905977 0.918578 0.908157 0.573160 0.561689 0.513142 0.538106 0.754941 0.552083 0.541467 0.618556 0.725797 0.688028 0.911450 0.928906 0.832368 0.919806 0.523769 0.594209 0.772824 0.916925 0.738159 0.839175 0.663730 0.631367 0.725861 0.951402 0.903969 0.807219 0.793254 0.792024 0.957675 0.963247 0.945338 0.816569 0.947894 0.732996 0.778436 0.749452 0.808460 0.695282 0.618278 0.741749 0.880113 0.861145 0.827402 0.786946 0.886272 0.789887 0.774213 0.752522 0.762659 0.821627 0.926879 0.958384 0.827017 0.903687 0.901850 0.924285 0.560919 0.560355 0.711379 0.776838 0.738349 0.831363 0.943137 0.988723 0.869644 0.849149 0.983945 0.940789 0.664763 0.708966 0.631006 0.904461 0.858037 0.969592
0.552519 0.550166 0.807630 0.756958 0.845672 0.672374 0.695421 0.589057 0.901528 0.481724 0.390479 0.528397 0.672675 0.608071 0.954253 0.904049 0.416164 0.389865 0.516488 0.600455 0.802868 0.900659 0.685849 0.621960 0.562676 0.551538 0.736487 0.619936 0.380711 0.000000 0.897625 0.953003 0.731396 0.605073 0.663164 0.821523 0.839529 0.929079 0.993968 0.999791 0.875165 0.881597 0.573997 0.509362 0.446270 0.455823 0.859482 0.524399 0.460736 0.634902 0.753775 0.757842 0.929950 0.892029 0.686407 0.995580 0.516363 0.627965 0.775040 0.936005 0.672725 0.844493 0.575393 0.550094 0.542880 0.800167 0.921127 0.775332 0.916413 0.907320 0.976605 0.938204 0.945489 0.890159 0.983394 0.814238 0.845647 0.813087 0.795509 0.632062 0.634188 0.703458 0.999560 0.905980 0.690777 0.609281 0.883860 0.805986 0.715501 0.582829 0.693967 0.765912 0.956425 0.975997 0.839636 0.980681 0.843171 0.945511 0.529166 0.554560 0.635981 0.721557 0.684950 0.749992 0.852093 0.930664 0.820446 0.987077 0.992020 0.966018 0.772382 0.666221 0.605435 0.889065 0.988275 0.887609
0.936855 0.912378 0.430129 0.493062 0.957091 0.983146 0.687226 0.901531 0.775882 0.966912 0.922254 0.735604 0.924676 0.940915 0.850889 0.942674 0.976158 0.916556 0.778741 0.978964 0.977448 0.880706 0.463678 0.517063 0.539531 0.687670 0.948015 0.787163 0.966042 0.897625 0.000000 0.541418 0.715043 0.806597 0.625820 0.964310 0.785586 0.912820 0.611117 0.825146 0.842695 0.870195 0.783759 0.947682 0.963466 0.898929 0.830533 0.911991 0.791545 0.937691 0.981462 0.931613 0.903338 0.848695 0.793741 0.804204 0.893078 0.851750 0.946391 0.893853 0.926130 0.839154 0.902294 0.716279 0.548848 0.734140 0.734321 0.897900 0.944572 0.939115 0.726801 0.707216 0.776023 0.718391 0.875368 0.663233 0.762337 0.791679 0.861761 0.790064 0.985190 0.949742 0.941283 0.833360 0.613707 0.678420 0.854952 0.993467 0.993969 0.957251 0.964711 0.923189 0.891973 0.804587 0.810044 0.907006 0.972394 0.797148 0.962524 0.976265 0.951383 0.765563 0.972706 0.878567 0.904913 0.809525 0.991813 0.727934 0.962216 0.940923 0.883480 0.902899 0.915873 0.830252 0.999806 0.972446
0.863029 0.883881 0.521210 0.662714 0.893873 0.963835 0.574107 0.767662 0.767076 0.845817 0.871397 0.908552 0.957134 0.896080 0.797995 0.942372 0.838494 0.843499 0.592412 0.847140 0.954597 0.847694 0.689986 0.755177 0.781147 0.869806 0.966814 0.925419 0.890436 0.953003 0.541418 0.000000 0.580054 0.595274 0.783453 0.998103 0.773071 0.945883 0.697843 0.744820 0.861495 0.964137 0.650162 0.759059 0.726651 0.769473 0.653577 0.607291 0.902939 0.725409 0.738966 0.638893 0.759729 0.734461 0.809128 0.996250 0.850884 0.938020 0.732380 0.982687 0.822016 0.944099 0.853312 0.937945 0.706748 0.757997 0.575196 0.678515 0.856280 0.906446 0.843204 0.787157 0.927105 0.806170 0.964261 0.683532 0.644355 0.597357 0.735180 0.706584 0.937731 0.886624 0.932340 0.915210 0.715978 0.832149 0.975916 0.847543 0.875345 0.904931 0.783955 0.779874 0.869336 0.751959 0.941114 0.928607 0.948906 0.989339 0.840643 0.738464 0.984440 0.841418 0.900921 0.950673 0.875802 0.744871 0.941108 0.742435 0.863880 0.944672 0.835989 0.828235 0.838881 0.877298 0.873163 0.951042
0.587891 0.579679 0.665350 0.778878 0.806295 0.908018 0.552290 0.646610 0.794891 0.799862 0.688591 0.868776 0.938734 0.846075 0.957730 0.870977 0.581310 0.625750 0.450550 0.600420 0.973596 0.955989 0.802766 0.934947 0.926234 0.988597 0.849989 0.859208 0.722179 0.731396 0.715043 0.580054 0.000000 0.458834 0.834408 0.884556 0.828007 0.756525 0.823394 0.856224 0.795280 0.964107 0.580392 0.635025 0.583805 0.671458 0.701132 0.622633 0.858381 0.677471 0.762863 0.700549 0.799115 0.813279 0.964401 0.941912 0.606295 0.679900 0.562875 0.779410 0.637366 0.883555 0.658703 0.796805 0.893161 0.706475 0.429626 0.425851 0.861903 0.802765 0.777767 0.838130 0.770157 0.689465 0.945249 0.737334 0.665386 0.641917 0.671586 0.598523 0.664266 0.665213 0.981208 0.931318 0.820213 0.880870 0.934713 0.767445 0.719289 0.949280 0.732085 0.689054 0.789580 0.788382 0.859441 0.789233 0.832783 0.896611 0.681271 0.624128 0.799635 0.711988 0.750621 0.865870 0.775184 0.743073 0.964967 0.918991 0.938230 0.881185 0.802948 0.865476 0.757572 0.957502 0.954729 0.964871
0.580152 0.566307 0.814035 0.934433 0.851034 0.749523 0.479187 0.547719 0.787636 0.550866 0.538710 0.744863 0.856193 0.768858 0.927037 0.946930 0.516268 0.532539 0.410408 0.638758 0.969424 0.966896 0.995539 0.888694 0.827392 0.858365 0.816098 0.776231 0.638536 0.605073 0.806597 0.595274 0.458834 0.000000 0.978948 0.910554 0.825471 0.999611 0.867253 0.983902 0.908929 0.968823 0.605999 0.573207 0.415528 0.504016 0.653687 0.553016 0.619283 0.564027 0.578740 0.539705 0.796423 0.665392 0.989932 0.999754 0.556889 0.679231 0.556880 0.857386 0.577937 0.822264 0.581370 0.698064 0.907098 0.873396 0.479485 0.460584 0.852352 0.739045 0.808704 0.865233 0.770838 0.666965 0.947267 0.618671 0.633637 0.603331 0.739530 0.667179 0.704812 0.726179 0.994041 0.920281 0.954606 0.932377 0.853766 0.835364 0.737087 0.859205 0.603860 0.628292 0.756497 0.736344 0.809177 0.872417 0.748312 0.913252 0.529966 0.543204 0.712474 0.686201 0.747727 0.829430 0.902521 0.778344 0.820359 0.814369 0.938503 0.952599 0.772381 0.627247 0.531402 0.962463 0.944535 0.856488
0.924654 0.931476 0.664200 0.636387 0.936932 0.809746 0.972038 0.898860 0.998516 0.767457 0.772929 0.745052 0.700465 0.801065 0.899877 0.898998 0.859663 0.807413 0.978706 0.971364 0.793787 0.909947 0.563675 0.597263 0.581501 0.779456 0.801886 0.733344 0.815621 0.663164 0.625820 0.783453 0.834408 0.978948 0.000000 0.864959 0.839248 0.947675 0.960613 0.976070 0.849242 0.837865 0.882344 0.795373 0.797909 0.738116 0.945856 0.917900 0.673000 0.845911 0.893154 0.914178 0.932716 0.993294 0.656597 0.881948 0.898081 0.993080 0.922789 0.953708 0.907059 0.877674 0.918353 0.852300 0.625885 0.724884 0.692904 0.836692 0.905061 0.982913 0.835256 0.910155 0.740139 0.825848 0.958771 0.979796 0.885741 0.986685 0.976507 0.947046 0.919799 0.889137 0.930789 0.975881 0.603209 0.547918 0.936630 0.929168 0.983580 0.694159 0.970739 0.965129 0.923691 0.852243 0.898791 0.967185 0.981862 0.834847 0.790452 0.921367 0.721356 0.958750 0.907178 0.795915 0.850533 0.921773 0.912679 0.896167 0.924282 0.976148 0.994849 0.747031 0.718252 0.750623 0.894085 0.899675
0.880177 0.954680 0.979371 0.999668 0.729191 0.841352 0.849064 0.839784 0.763495 0.832606 0.856826 0.891253 0.875358 0.885415 0.872118 0.733531 0.892417 0.853022 0.851059 0.949087 0.863441 0.955180 0.861549 0.936352 0.883816 0.897514 0.811969 0.999895 0.886562 0.821523 0.964310 0.998103 0.884556 0.910554 0.864959 0.000000 0.958177 0.847073 0.935169 0.919907 0.823977 0.969357 0.814910 0.854871 0.979743 0.890405 0.940060 0.882126 0.850127 0.975609 0.982418 0.990848 0.954992 0.982471 0.839831 0.971509 0.908120 0.977681 0.993664 0.839807 0.980749 0.915959 0.936455 0.912046 0.907879 0.796512 0.813744 0.751735 0.987697 0.967759 0.846394 0.902438 0.920787 0.921900 0.862266 0.944155 0.992526 0.962535 0.849427 0.977166 0.993173 0.978413 0.803320 0.932573 0.852275 0.722063 0.985794 0.899817 0.972730 0.979621 0.840678 0.776670 0.873835 0.928495 0.985563 0.899447 0.899594 0.999155 0.766466 0.770446 0.789857 0.902147 0.812626 0.885948 0.855711 0.941391 0.892059 0.951717 0.876599 0.923620 0.977323 0.876473 0.958589 0.965362 0.944983 0.902097
0.894708 0.913668 0.762754 0.641268 0.954372 0.968105 0.871803 0.856865 0.601995 0.976656 0.958779 0.926424 0.820271 0.960360 0.968134 0.781269 0.893524 0.989919 0.921474 0.745177 0.925154 0.994514 0.884679 0.852070 0.781420 0.735323 0.900197 0.934782 0.977645 0.839529 0.785586 0.773071 0.828007 0.825471 0.839248 0.958177 0.000000 0.719368 0.866491 0.741345 0.716128 0.831646 0.926233 0.982680 0.953359 0.865321 0.873721 0.934915 0.983289 0.921715 0.753051 0.785736 0.783574 0.768981 0.810861 0.960374 0.901940 0.881243 0.669078 0.674717 0.846311 0.771564 0.888912 0.938876 0.756709 0.628761 0.896886 0.871509 0.752278 0.752421 0.906600 0.790128 0.748646 0.781245 0.901749 0.896713 0.856208 0.943121 0.892475 0.951333 0.826191 0.903767 0.896316 0.824172 0.939464 0.895424 0.820418 0.853312 0.851761 0.790641 0.896122 0.912426 0.854520 0.897196 0.830909 0.865112 0.946659 0.962698 0.892718 0.955694 0.992644 0.963700 0.996096 0.955704 0.857439 0.810774 0.924750 0.832210 0.834539 0.906439 0.947741 0.990034 0.977032 0.868714 0.958742 0.941696
0.859503 0.831311 0.915653 0.758903 0.959050 0.961124 0.954234 0.960474 0.833038 0.897481 0.835742 0.959362 0.788479 0.913135 0.772757 0.996192 0.924844 0.964012 0.984155 0.871753 0.986615 0.885802 0.894304 0.939273 0.773498 0.793718 0.999124 0.994904 0.999145 0.929079 0.912820 0.945883 0.756525 0.999611 0.947675 0.847073 0.719368 0.000000 0.979230 0.902192 0.692631 0.908239 0.934707 0.976377 0.969153 0.947184 0.905130 0.982346 0.945163 0.907519 0.903417 0.931615 0.918478 0.952698 0.906487 0.801334 0.919319 0.877083 0.810207 0.682758 0.900542 0.746874 0.927002 0.900478 0.832439 0.616583 0.880376 0.768828 0.768928 0.901805 0.943275 0.889275 0.833688 0.917724 0.852725 0.978758 0.938166 0.951632 0.876425 0.937766 0.824797 0.849498 0.982111 0.875721 0.957404 0.869764 0.963982 0.893885 0.992215 0.870344 0.926234 0.850511 0.976464 0.927299 0.972389 0.923633 0.969712 0.983777 0.992303 0.948113 0.919805 0.942389 0.841810 0.983227 0.788379 0.825229 0.968291 0.922351 0.905348 0.978200 0.893300 0.984700 0.920562 0.887268 0.877330 0.891413
