0.000000 0.157174 0.692619 0.571352 0.940735 0.720840 0.587612 0.396625 0.700039 0.914169 0.322525 0.193537 0.281314 0.306202 0.517866 0.547426 0.225868 0.215358 0.253080 0.190615 0.644816 0.827256 0.706626 0.579274 0.750278 0.950731 0.631089 0.859071 0.271963 0.249230 0.806899 0.652838 0.323751 0.337669 0.938961 0.953702 0.730633 0.592366 0.965807 0.662529 0.569075 0.713732 0.967381 0.806134 0.906400 0.850838 0.577508 0.670058 0.738116 0.624119 0.695559 0.655854 0.921452 0.794612 0.340608 0.481050 0.160658 0.156653 0.366837 0.309515 0.238230 0.257829 0.193730 0.168988 0.498511 0.429494 0.804370 0.740489 0.286037 0.319261 0.806325 0.603397 0.896375 0.961316 0.742730 0.931298 0.842055 0.900244 0.473391 0.429002 0.233070 0.256613 0.362838 0.298662 0.214660 0.270533 0.861546 0.642516 0.400339 0.270170 0.423680 0.428657 0.388270 0.352887 0.941123 0.992741 0.986086 0.788915 0.825253 0.874905 0.772712 0.738463 0.994463 0.825935 0.936414 0.935321 0.917916 0.840705 0.772652 0.875955 0.853577 0.942829 0.816628 0.961567 0.789816 0.558771
0.157174 0.000000 0.594050 0.487634 0.926419 0.708067 0.561743 0.376568 0.675290 0.863695 0.396243 0.225946 0.341407 0.358096 0.546307 0.541147 0.209130 0.206040 0.254297 0.220482 0.607861 0.865511 0.648080 0.535412 0.656107 0.871793 0.549841 0.904761 0.306611 0.247898 0.709434 0.585518 0.310540 0.302038 0.842760 0.935410 0.623267 0.515615 0.859169 0.659918 0.583947 0.689552 0.942843 0.724350 0.951726 0.814538 0.487642 0.593395 0.750702 0.590719 0.660964 0.599388 0.845945 0.868934 0.317320 0.429082 0.137756 0.139834 0.349713 0.294216 0.271589 0.268102 0.237228 0.183684 0.438272 0.367350 0.699364 0.654093 0.283499 0.277077 0.864617 0.636578 0.863316 0.967626 0.719375 0.897925 0.915665 0.914046 0.423056 0.374114 0.218224 0.273419 0.316098 0.262180 0.224328 0.245431 0.806848 0.621747 0.457642 0.255136 0.385124 0.395717 0.370011 0.332844 0.971670 0.977008 0.972543 0.853267 0.792024 0.902431 0.720676 0.692155 0.999935 0.898296 0.863970 0.870301 0.867398 0.859430 0.814961 0.814631 0.817390 0.975789 0.863800 0.968832 0.740100 0.594591
0.692619 0.594050 0.000000 0.248063 0.918169 0.967555 0.476994 0.517750 0.831482 0.875393 0.914350 0.755332 0.749731 0.683079 0.643518 0.428830 0.613233 0.647530 0.512842 0.611864 0.529288 0.955992 0.337567 0.372796 0.276091 0.345064 0.471317 0.953441 0.769804 0.613558 0.377101 0.472324 0.510535 0.607172 0.456689 0.593714 0.521102 0.556106 0.609141 0.848577 0.894736 0.740329 0.855399 0.755389 0.829597 0.875377 0.638585 0.678492 0.774318 0.969818 0.910312 0.833954 0.783658 0.911328 0.656441 0.793241 0.590120 0.571949 0.721107 0.666261 0.618774 0.622583 0.744647 0.694908 0.307831 0.329929 0.427663 0.523767 0.671349 0.608681 0.629480 0.901828 0.684785 0.796207 0.637946 0.934265 0.738494 0.773960 0.741316 0.785270 0.778947 0.778623 0.505091 0.709357 0.550916 0.473091 0.811351 0.793681 0.826731 0.639604 0.785782 0.718819 0.857559 0.807200 0.979807 0.905925 0.935931 0.989923 0.862229 0.995348 0.961905 0.865153 0.910280 0.954740 0.643898 0.697388 0.739370 0.903103 0.918622 0.783783 0.784726 0.948342 0.935580 0.963881 0.538696 0.966361
0.571352 0.487634 0.248063 0.000000 0.871518 0.981518 0.335985 0.298316 0.823975 0.908827 0.913059 0.634717 0.649202 0.551191 0.620501 0.358863 0.570856 0.607063 0.417681 0.566495 0.530605 0.996915 0.229225 0.316210 0.387833 0.432688 0.502893 0.964241 0.711472 0.592781 0.275102 0.358917 0.361429 0.488139 0.465089 0.654538 0.527424 0.568559 0.771757 0.856980 0.898647 0.726356 0.644546 0.553424 0.968802 0.889596 0.497757 0.511156 0.975103 0.692399 0.619251 0.552942 0.573395 0.717943 0.566939 0.677418 0.481468 0.479170 0.516754 0.418425 0.516681 0.434002 0.622279 0.536091 0.361743 0.284924 0.330330 0.388228 0.676213 0.498659 0.545346 0.858657 0.566582 0.720070 0.626218 0.839006 0.695178 0.688277 0.522030 0.599791 0.674281 0.736287 0.492058 0.658721 0.459821 0.366199 0.913210 0.760682 0.685430 0.483473 0.840635 0.788128 0.860314 0.797537 0.829652 0.836629 0.829401 0.851527 0.956981 0.826482 0.990863 0.993688 0.988640 0.926960 0.545932 0.533093 0.661781 0.801669 0.973482 0.702694 0.716907 0.864929 0.876216 0.962307 0.443802 0.988706
0.940735 0.926419 0.918169 0.871518 0.000000 0.628931 0.751966 0.764870 0.500363 0.574005 0.879960 0.964036 0.836723 0.816236 0.641407 0.663580 0.955049 0.933872 0.903965 0.976984 0.834635 0.893955 0.664525 0.769477 0.942950 0.901557 0.981366 0.990622 0.898228 0.954021 0.704116 0.716221 0.878111 0.942130 0.918735 0.880617 0.895976 0.811131 0.830302 0.933541 0.753834 0.974631 0.863390 0.936829 0.861452 0.960798 0.997958 0.933173 0.998850 0.983611 0.841093 0.848375 0.774213 0.670692 0.997826 0.909910 0.919043 0.952453 0.970247 0.989429 0.857197 0.778173 0.935083 0.968318 0.996463 0.888306 0.869075 0.940230 0.823276 0.930041 0.685500 0.724793 0.652551 0.590899 0.955755 0.836727 0.776044 0.842545 0.980906 0.931646 0.994802 0.985644 0.955493 0.817812 0.923375 0.972046 0.860720 0.931218 0.953753 0.968608 0.659940 0.698038 0.679381 0.649317 0.771292 0.822028 0.942544 0.877570 0.711975 0.795276 0.690733 0.625938 0.787993 0.776501 0.731840 0.771826 0.911407 0.998061 0.969986 0.978488 0.901376 0.918893 0.755054 0.859452 0.882615 0.916219
0.720840 0.708067 0.967555 0.981518 0.628931 0.000000 0.866076 0.948564 0.483665 0.616099 0.645343 0.769499 0.887638 0.917985 0.974074 0.863401 0.734750 0.717264 0.879073 0.765234 0.891885 0.797283 0.748948 0.882739 0.976903 0.782606 0.840444 0.950442 0.800432 0.754389 0.737934 0.897416 0.893186 0.921769 0.888265 0.930583 0.994848 0.942466 0.980808 0.867379 0.732898 0.934011 0.756695 0.837782 0.724949 0.890698 0.963398 0.920649 0.969978 0.912261 0.857449 0.852511 0.757816 0.563294 0.900934 0.974367 0.706082 0.736469 0.886000 0.852648 0.830539 0.900691 0.836579 0.829509 0.769139 0.904849 0.886961 0.846743 0.654220 0.808978 0.614352 0.616368 0.641441 0.556503 0.884723 0.899996 0.651871 0.716672 0.863562 0.992067 0.828244 0.803796 0.795990 0.674372 0.835647 0.845797 0.893983 0.810346 0.936826 0.874909 0.485055 0.587383 0.554973 0.623617 0.688210 0.880597 0.770292 0.845262 0.626255 0.663923 0.683160 0.702475 0.738104 0.824161 0.711782 0.699551 0.881865 0.731815 0.733485 0.935270 0.839207 0.773404 0.698536 0.872250 0.751766 0.766247
0.587612 0.561743 0.476994 0.335985 0.751966 0.866076 0.000000 0.214424 0.770110 0.555390 0.952672 0.679932 0.601227 0.543426 0.638332 0.495521 0.640011 0.681041 0.418276 0.629301 0.670121 0.929530 0.337952 0.546900 0.746894 0.667636 0.779733 0.984781 0.633155 0.683714 0.261410 0.347554 0.365443 0.370841 0.577490 0.838674 0.715017 0.749303 0.959485 0.891511 0.988974 0.624804 0.523308 0.406295 0.656689 0.571076 0.434815 0.430309 0.627689 0.489936 0.389712 0.364302 0.425021 0.563199 0.526613 0.575985 0.539917 0.542323 0.336703 0.340155 0.437457 0.408165 0.466257 0.476525 0.727014 0.567068 0.359983 0.360401 0.843474 0.495243 0.559353 0.868376 0.441124 0.562389 0.687779 0.694706 0.526871 0.620927 0.491800 0.653155 0.654717 0.791096 0.631504 0.833052 0.554232 0.535982 0.787368 0.992730 0.675070 0.535063 0.932897 0.932799 0.930656 0.999917 0.661151 0.683613 0.653697 0.724194 0.567820 0.502794 0.767151 0.711645 0.677216 0.560551 0.499748 0.433567 0.551661 0.717367 0.945111 0.756832 0.633288 0.610447 0.639047 0.669184 0.430827 0.990356
0.396625 0.376568 0.517750 0.298316 0.764870 0.948564 0.214424 0.000000 0.835047 0.618765 0.746112 0.453731 0.429441 0.375736 0.525547 0.395438 0.476134 0.500480 0.311620 0.451056 0.662316 0.931868 0.337672 0.446603 0.741900 0.759537 0.765865 0.949444 0.468307 0.501889 0.346811 0.373391 0.272985 0.321301 0.647073 0.903119 0.718059 0.711441 0.939260 0.845977 0.883676 0.669277 0.557002 0.424392 0.725843 0.588138 0.401563 0.422896 0.598237 0.447736 0.368957 0.345300 0.472219 0.641527 0.449609 0.513323 0.377972 0.372464 0.303128 0.237539 0.315550 0.220169 0.354918 0.311222 0.608002 0.425100 0.434180 0.400194 0.646804 0.401104 0.659847 0.925960 0.485110 0.618815 0.690120 0.705340 0.657239 0.744136 0.382872 0.492084 0.461387 0.577066 0.531716 0.641552 0.381425 0.369932 0.904644 0.824570 0.558612 0.380506 0.924684 0.903296 0.892547 0.814741 0.714393 0.743159 0.737080 0.845871 0.687271 0.617880 0.860123 0.828037 0.799282 0.658798 0.548466 0.510230 0.643192 0.787490 0.934868 0.729621 0.664095 0.646644 0.718440 0.783267 0.488300 0.918012
0.700039 0.675290 0.831482 0.823975 0.500363 0.483665 0.770110 0.835047 0.000000 0.578127 0.647543 0.730359 0.920436 0.944265 0.936856 0.801881 0.676351 0.638454 0.895142 0.772824 0.989769 0.743709 0.650092 0.867108 0.992927 0.853182 0.874943 0.954706 0.786720 0.731733 0.657955 0.890686 0.868709 0.785210 0.834114 0.934531 0.829083 0.808640 0.831946 0.743158 0.637300 0.952512 0.856534 0.986349 0.950420 0.909477 0.874776 0.942076 0.817131 0.813498 0.996603 0.972809 0.880818 0.685354 0.752384 0.650881 0.653683 0.705018 0.776389 0.829292 0.928043 0.996312 0.771396 0.763976 0.945291 0.996797 0.883129 0.933244 0.664907 0.790067 0.518287 0.479269 0.611246 0.547572 0.968961 0.959969 0.650827 0.723186 0.836422 0.801677 0.673436 0.679293 0.733256 0.501533 0.806589 0.833242 0.831337 0.707220 0.764589 0.743400 0.392473 0.510711 0.384716 0.424360 0.765341 0.782789 0.766522 0.797412 0.672119 0.787478 0.602856 0.613065 0.996535 0.886766 0.730595 0.817171 0.931130 0.701932 0.783206 0.940834 0.999399 0.944380 0.766210 0.940152 0.822240 0.687959
0.914169 0.863695 0.875393 0.908827 0.574005 0.616099 0.555390 0.618765 0.578127 0.000000 0.753044 0.926200 0.930239 0.889106 0.943001 0.896755 0.837081 0.811971 0.955296 0.863994 0.848167 0.794840 0.791594 0.944661 0.660966 0.879285 0.677425 0.905541 0.952955 0.842141 0.670015 0.754500 0.880145 0.867354 0.989019 0.837446 0.797372 0.688910 0.603799 0.946681 0.661417 0.930875 0.547748 0.606008 0.470971 0.526206 0.818922 0.736455 0.545643 0.633708 0.487586 0.551305 0.531069 0.458449 0.987310 0.949514 0.875685 0.866884 0.750822 0.755003 0.907247 0.808181 0.883117 0.953636 0.636990 0.824399 0.801039 0.761238 0.654969 0.973733 0.598681 0.631369 0.612387 0.551647 0.956344 0.755220 0.551871 0.706365 0.878469 0.995930 0.916754 0.804752 0.755674 0.631461 0.886635 0.851934 0.572230 0.637965 0.967633 0.959191 0.436368 0.422913 0.531744 0.567723 0.571474 0.713250 0.647641 0.606785 0.311643 0.389112 0.491620 0.437496 0.630640 0.535050 0.730040 0.648318 0.735178 0.573298 0.880631 0.891843 0.812719 0.545838 0.461133 0.670959 0.741606 0.782109
0.322525 0.396243 0.914350 0.913059 0.879960 0.645343 0.952672 0.746112 0.647543 0.753044 0.000000 0.268176 0.296795 0.359933 0.454556 0.691044 0.299472 0.258956 0.482162 0.282073 0.799876 0.818696 0.963505 0.807242 0.915763 0.845146 0.737259 0.745226 0.288432 0.284391 0.845962 0.984217 0.645009 0.553183 0.804468 0.841928 0.924922 0.812396 0.937905 0.747155 0.497384 0.920686 0.613649 0.800681 0.648774 0.842556 0.959290 0.918353 0.984171 0.990424 0.902869 0.936960 0.725610 0.521547 0.586931 0.706148 0.402467 0.366479 0.775555 0.716537 0.350140 0.469706 0.363290 0.365024 0.574478 0.597486 0.795433 0.860540 0.384322 0.629193 0.562749 0.558540 0.841172 0.760609 0.775918 0.892733 0.593309 0.657350 0.720281 0.661503 0.395748 0.301929 0.546009 0.412993 0.393272 0.513423 0.722424 0.727998 0.604682 0.581226 0.423183 0.421579 0.378745 0.438539 0.722369 0.898039 0.702801 0.513731 0.590991 0.610313 0.681892 0.673716 0.835426 0.990199 0.736819 0.748853 0.741759 0.627932 0.678848 0.893105 0.923558 0.817085 0.575806 0.725580 0.957313 0.514336
0.193537 0.225946 0.755332 0.634717 0.964036 0.769499 0.679932 0.453731 0.730359 0.926200 0.268176 0.000000 0.206411 0.212954 0.361925 0.457644 0.202323 0.185042 0.274929 0.200073 0.663067 0.817318 0.703682 0.547158 0.773503 0.981422 0.649073 0.829069 0.242496 0.209498 0.857457 0.685493 0.377786 0.370401 0.905317 0.919240 0.792645 0.722620 0.986602 0.769285 0.583719 0.816150 0.915178 0.882257 0.866745 0.917868 0.654190 0.739583 0.830603 0.708618 0.768503 0.730212 0.959293 0.813611 0.372745 0.527878 0.232873 0.202403 0.510169 0.438014 0.224458 0.239113 0.223240 0.180930 0.474126 0.390963 0.902426 0.837865 0.298901 0.410595 0.764037 0.696786 0.888405 0.973626 0.720339 0.962487 0.828196 0.839791 0.495575 0.402363 0.219116 0.186259 0.345142 0.292403 0.197753 0.266576 0.759271 0.578567 0.409046 0.349480 0.462631 0.457811 0.408762 0.415043 0.894602 0.990051 0.820861 0.682176 0.773018 0.841819 0.727683 0.819314 0.982637 0.870247 0.955975 0.986195 0.999081 0.771232 0.687572 0.913187 0.871425 0.991631 0.763544 0.849846 0.808948 0.594652
0.281314 0.341407 0.749731 0.649202 0.836723 0.887638 0.601227 0.429441 0.920436 0.930239 0.296795 0.206411 0.000000 0.186710 0.259677 0.412266 0.260779 0.264868 0.288049 0.269419 0.725816 0.889239 0.657714 0.576428 0.845878 0.988650 0.705805 0.824937 0.238046 0.261098 0.790094 0.614025 0.398812 0.359615 0.936226 0.895135 0.861992 0.805812 0.867441 0.791803 0.645423 0.843545 0.941194 0.882711 0.898708 0.929647 0.684063 0.803105 0.863090 0.749489 0.781529 0.739906 0.931416 0.891593 0.413520 0.586493 0.350146 0.308620 0.586334 0.514713 0.174111 0.252188 0.219976 0.227755 0.531395 0.418134 0.929301 0.854476 0.465346 0.490569 0.830427 0.792085 0.761449 0.845530 0.652453 0.933408 0.910348 0.939671 0.554773 0.503409 0.304959 0.270775 0.422101 0.444560 0.256162 0.344283 0.846547 0.713100 0.490819 0.473604 0.641786 0.602224 0.560131 0.563080 0.938952 0.994908 0.909649 0.716374 0.887648 0.939127 0.889137 0.989180 0.972316 0.785270 0.952914 0.926123 0.994693 0.833909 0.696869 0.993471 0.868289 0.999569 0.806015 0.893040 0.762406 0.591072
0.306202 0.358096 0.683079 0.551191 0.816236 0.917985 0.543426 0.375736 0.944265 0.889106 0.359933 0.212954 0.186710 0.000000 0.244058 0.308069 0.269925 0.262547 0.253046 0.267000 0.663341 0.832020 0.535607 0.444708 0.771019 0.890074 0.690319 0.788523 0.277311 0.279899 0.703950 0.564128 0.382430 0.358105 0.839872 0.910373 0.847896 0.830386 0.918849 0.845015 0.705112 0.803803 0.986112 0.826268 0.937167 0.898367 0.639501 0.716960 0.842812 0.707591 0.710202 0.684017 0.819056 0.986833 0.397654 0.569465 0.347890 0.302844 0.560560 0.484528 0.214213 0.222039 0.257944 0.235964 0.511122 0.361577 0.825355 0.784434 0.504559 0.520429 0.946857 0.871329 0.689709 0.738125 0.620921 0.891457 0.946311 0.935897 0.514501 0.494809 0.326172 0.271340 0.402512 0.434005 0.231763 0.300041 0.818930 0.612119 0.498103 0.416629 0.671804 0.648647 0.595613 0.613462 0.982182 0.944710 0.868356 0.793433 0.934740 0.971453 0.916120 0.990199 0.930003 0.757230 0.870186 0.829163 0.949801 0.897710 0.689159 0.945678 0.793655 0.941628 0.899808 0.910965 0.685358 0.680464
0.517866 0.546307 0.643518 0.620501 0.641407 0.974074 0.638332 0.525547 0.936856 0.943001 0.454556 0.361925 0.259677 0.244058 0.000000 0.303272 0.384778 0.381251 0.428410 0.420619 0.632064 0.854866 0.549719 0.478985 0.754922 0.827137 0.745376 0.810731 0.354907 0.342028 0.718492 0.612633 0.521029 0.483363 0.857029 0.997964 0.894267 0.930103 0.929365 0.935505 0.831678 0.932618 0.993110 0.907429 0.899942 0.987809 0.782838 0.827523 0.984709 0.879000 0.855187 0.825607 0.863329 0.969346 0.526754 0.717242 0.542434 0.490539 0.782522 0.714984 0.308754 0.369449 0.425311 0.431616 0.487313 0.377481 0.869008 0.853738 0.653716 0.690660 0.982420 0.956802 0.668280 0.704178 0.592024 0.926443 0.995286 0.988350 0.613543 0.605036 0.467779 0.397987 0.452739 0.571748 0.363185 0.444203 0.823160 0.704808 0.673992 0.634061 0.793592 0.741501 0.716464 0.788587 0.992455 0.964889 0.818387 0.752893 0.904843 0.994382 0.912667 0.935686 0.950945 0.845969 0.902708 0.901321 0.971995 0.849276 0.670790 0.936760 0.818791 0.967716 0.879897 0.871243 0.757633 0.779595
0.547426 0.541147 0.428830 0.358863 0.663580 0.863401 0.495521 0.395438 0.801881 0.896755 0.691044 0.457644 0.412266 0.308069 0.303272 0.000000 0.460531 0.469449 0.379838 0.481281 0.547883 0.909534 0.262597 0.242102 0.506751 0.542918 0.575346 0.828844 0.507071 0.431700 0.453497 0.446359 0.399536 0.470530 0.560385 0.820204 0.736691 0.801687 0.925696 0.888995 0.860898 0.867864 0.789391 0.703662 0.997966 0.938219 0.608186 0.623493 0.987756 0.738440 0.689633 0.646270 0.643330 0.752156 0.491548 0.656152 0.510953 0.474985 0.663224 0.595101 0.393969 0.345121 0.513036 0.456042 0.382196 0.245856 0.534847 0.561231 0.689757 0.608257 0.746814 0.885269 0.538954 0.577515 0.567601 0.744191 0.791948 0.799787 0.558099 0.541447 0.538464 0.488691 0.427631 0.595978 0.336837 0.329550 0.780050 0.613727 0.636530 0.522037 0.854342 0.763332 0.805472 0.793686 0.856332 0.872679 0.941318 0.863006 0.994490 0.865016 0.952851 0.934790 0.925061 0.833342 0.625144 0.710742 0.812280 0.961404 0.838331 0.914052 0.754244 0.882926 0.977752 0.977164 0.527144 0.891615
0.225868 0.209130 0.613233 0.570856 0.955049 0.734750 0.640011 0.476134 0.676351 0.837081 0.299472 0.202323 0.260779 0.269925 0.384778 0.460531 0.000000 0.148423 0.263296 0.230055 0.576854 0.803654 0.679190 0.526059 0.625740 0.838778 0.581652 0.850975 0.221556 0.181260 0.763168 0.623470 0.351812 0.311991 0.844614 0.977806 0.716812 0.634028 0.905100 0.671042 0.573896 0.746257 0.985121 0.802812 0.920628 0.880681 0.540634 0.645932 0.831089 0.675093 0.768976 0.704411 0.894536 0.846270 0.285243 0.400767 0.199850 0.185090 0.487534 0.449533 0.255760 0.301030 0.243761 0.211361 0.411092 0.345710 0.784316 0.720712 0.327209 0.389223 0.800546 0.647093 0.858191 0.984470 0.682325 0.923095 0.892570 0.933389 0.499832 0.388655 0.207046 0.207713 0.288365 0.237020 0.217471 0.264744 0.712480 0.633685 0.486453 0.333858 0.408126 0.410941 0.355412 0.387340 0.920571 0.986306 0.878259 0.744215 0.742564 0.867528 0.697476 0.716631 0.974104 0.876945 0.958768 0.914494 0.963693 0.805158 0.645827 0.862792 0.823619 0.959268 0.791532 0.874407 0.739193 0.564750
0.215358 0.206040 0.647530 0.607063 0.933872 0.717264 0.681041 0.500480 0.638454 0.811971 0.258956 0.185042 0.264868 0.262547 0.381251 0.469449 0.148423 0.000000 0.275442 0.212270 0.593433 0.784690 0.718426 0.531783 0.662933 0.856916 0.594219 0.791606 0.228563 0.175262 0.820358 0.669384 0.374702 0.331946 0.878659 0.992719 0.743012 0.631569 0.901009 0.713608 0.578468 0.780276 0.936038 0.851723 0.870983 0.918501 0.604349 0.693072 0.857406 0.706134 0.797917 0.734852 0.938854 0.798916 0.301336 0.461255 0.199306 0.181349 0.515644 0.475242 0.253153 0.296449 0.246138 0.205319 0.406405 0.341048 0.834553 0.787806 0.319963 0.400661 0.749038 0.609671 0.932325 0.987453 0.708540 0.921441 0.835968 0.859033 0.482270 0.415502 0.206619 0.194253 0.302420 0.234679 0.217984 0.264403 0.670279 0.622647 0.495738 0.348608 0.373497 0.362913 0.330525 0.349758 0.935530 0.995604 0.798710 0.689292 0.704678 0.836470 0.679116 0.674873 0.967624 0.939502 0.972009 0.977020 0.974022 0.745795 0.678393 0.945663 0.861083 0.923164 0.750800 0.887141 0.777265 0.538264
0.253080 0.254297 0.512842 0.417681 0.903965 0.879073 0.418276 0.311620 0.895142 0.955296 0.482162 0.274929 0.288049 0.253046 0.428410 0.379838 0.263296 0.275442 0.000000 0.243707 0.593628 0.896508 0.455649 0.418536 0.610878 0.752609 0.586432 0.904048 0.330683 0.296130 0.560333 0.451894 0.276436 0.305962 0.714025 0.923059 0.642434 0.608960 0.951958 0.662640 0.646276 0.683259 0.931969 0.724078 0.951558 0.866528 0.490888 0.596883 0.838426 0.638322 0.660351 0.603188 0.786756 0.978147 0.316338 0.514890 0.244059 0.220180 0.401934 0.355531 0.249369 0.247291 0.244819 0.212882 0.448962 0.340345 0.624959 0.623571 0.403564 0.346019 0.971155 0.828068 0.678583 0.811790 0.669207 0.868627 0.956050 0.976934 0.510021 0.458880 0.313170 0.322559 0.334994 0.378389 0.226477 0.233692 0.820427 0.655771 0.476998 0.321479 0.603481 0.584290 0.565798 0.542356 0.879483 0.928834 0.905041 0.959887 0.970393 0.935115 0.980251 0.892095 0.870970 0.724650 0.715538 0.729406 0.814575 0.902620 0.751150 0.808988 0.691607 0.904559 0.904321 0.997048 0.597742 0.624756
0.190615 0.220482 0.611864 0.566495 0.976984 0.765234 0.629301 0.451056 0.772824 0.863994 0.282073 0.200073 0.269419 0.267000 0.420619 0.481281 0.230055 0.212270 0.243707 0.000000 0.609223 0.776092 0.670671 0.516104 0.671952 0.886805 0.586709 0.821737 0.283029 0.228161 0.786087 0.675559 0.389430 0.363713 0.903176 0.998933 0.734317 0.614438 0.940185 0.714812 0.581557 0.768232 0.842945 0.947641 0.763618 0.969285 0.673106 0.790955 0.939460 0.804767 0.867521 0.814091 0.979490 0.732882 0.401148 0.571702 0.230581 0.203336 0.520136 0.453265 0.256984 0.285107 0.253645 0.224730 0.428079 0.384018 0.860809 0.812543 0.274177 0.384748 0.839090 0.707749 0.909988 0.978927 0.727509 0.971483 0.837661 0.876461 0.543144 0.498948 0.287690 0.235783 0.345861 0.323618 0.230047 0.292382 0.776250 0.624483 0.471669 0.355324 0.456439 0.445138 0.429530 0.430951 0.900531 0.977987 0.909927 0.736878 0.732231 0.801087 0.787521 0.727739 0.938319 0.913172 0.935607 0.981144 0.984401 0.779713 0.801279 0.951960 0.916149 0.955641 0.734296 0.843529 0.797487 0.582582
0.644816 0.607861 0.529288 0.530605 0.834635 0.891885 0.670121 0.662316 0.989769 0.848167 0.799876 0.663067 0.725816 0.663341 0.632064 0.547883 0.576854 0.593433 0.593628 0.609223 0.000000 0.777907 0.557234 0.533296 0.545341 0.597964 0.600297 0.931216 0.691054 0.615568 0.603823 0.674045 0.523402 0.628768 0.696994 0.867445 0.709225 0.744121 0.872621 0.971571 0.769718 0.794056 0.946897 0.874223 0.912022 0.959122 0.735700 0.751873 0.930183 0.885057 0.891889 0.837218 0.855933 0.970368 0.602119 0.751930 0.598780 0.591730 0.735854 0.751767 0.639128 0.634010 0.667148 0.646389 0.488238 0.489715 0.596115 0.726874 0.647605 0.692616 0.865438 0.931066 0.772983 0.812366 0.724885 0.937981 0.932772 0.940946 0.671091 0.618001 0.665641 0.669258 0.531602 0.627691 0.550491 0.517621 0.807791 0.765213 0.783666 0.651263 0.693991 0.660100 0.726724 0.801408 0.971293 0.914913 0.994051 0.850294 0.812255 0.957623 0.836898 0.896454 0.915396 0.939974 0.735006 0.839202 0.964416 0.862522 0.855097 0.932917 0.924902 0.924844 0.873018 0.916620 0.677315 0.805492
0.827256 0.865511 0.955992 0.996915 0.893955 0.797283 0.929530 0.931868 0.743709 0.794840 0.818696 0.817318 0.889239 0.832020 0.854866 0.909534 0.803654 0.784690 0.896508 0.776092 0.777907 0.000000 0.976679 0.934726 0.979486 0.979555 0.965731 0.722591 0.798943 0.740206 0.888484 0.935091 0.907024 0.971386 0.984385 0.944512 0.935745 0.913621 0.918207 0.901743 0.998239 0.912343 0.837256 0.872700 0.832177 0.903062 0.994400 0.942914 0.899629 0.956249 0.882262 0.912711 0.897791 0.803212 0.823036 0.916354 0.811759 0.824020 0.973960 0.966784 0.912544 0.968128 0.860183 0.899563 0.848326 0.871509 0.905089 0.964023 0.853355 0.819220 0.836823 0.805810 0.935142 0.872273 0.953564 0.890375 0.911089 0.910120 0.877450 0.850581 0.835056 0.761922 0.803496 0.830084 0.817647 0.851228 0.876972 0.786231 0.883087 0.894748 0.782260 0.775929 0.760194 0.771679 0.738182 0.953162 0.920360 0.833791 0.767461 0.879504 0.799679 0.961949 0.816418 0.867876 0.936010 0.791590 0.930565 0.972017 0.820479 0.670297 0.907246 0.903161 0.770540 0.895824 0.826194 0.742030
0.706626 0.648080 0.337567 0.229225 0.664525 0.748948 0.337952 0.337672 0.650092 0.791594 0.963505 0.703682 0.657714 0.535607 0.549719 0.262597 0.679190 0.718426 0.455649 0.670671 0.557234 0.976679 0.000000 0.267372 0.455000 0.418907 0.622452 0.931377 0.764136 0.667050 0.233861 0.329191 0.420717 0.547862 0.431289 0.667570 0.635827 0.709623 0.849795 0.945269 0.996170 0.802342 0.586153 0.530824 0.857313 0.844320 0.508298 0.510830 0.957508 0.678357 0.578454 0.526291 0.497446 0.549582 0.596738 0.718256 0.631942 0.606714 0.607045 0.547424 0.567488 0.474933 0.668962 0.600966 0.485347 0.341293 0.330765 0.389332 0.841894 0.601497 0.446075 0.716441 0.418302 0.505905 0.649205 0.738412 0.578682 0.656751 0.590092 0.612965 0.726749 0.754106 0.532375 0.798929 0.495466 0.421871 0.963660 0.728707 0.731410 0.565732 0.949481 0.959797 0.956120 0.988535 0.753064 0.798786 0.812478 0.838107 0.798348 0.668680 0.868642 0.813557 0.840771 0.822441 0.410419 0.472745 0.691399 0.787001 0.993463 0.794881 0.678795 0.788954 0.800436 0.882937 0.417774 0.936058
0.579274 0.535412 0.372796 0.316210 0.769477 0.882739 0.546900 0.446603 0.867108 0.944661 0.807242 0.547158 0.576428 0.444708 0.478985 0.242102 0.526059 0.531783 0.418536 0.516104 0.533296 0.934726 0.267372 0.000000 0.418403 0.451615 0.555538 0.878116 0.657413 0.500891 0.482466 0.517447 0.406948 0.549508 0.501675 0.780256 0.629544 0.696941 0.752085 0.893556 0.833234 0.836369 0.780191 0.707696 0.985839 0.961800 0.545184 0.590474 0.978119 0.736936 0.705225 0.648455 0.647109 0.759056 0.521063 0.684771 0.505983 0.488901 0.652135 0.608568 0.519476 0.455408 0.618554 0.529587 0.364358 0.261422 0.435839 0.519885 0.657901 0.603691 0.744422 0.868359 0.616224 0.633979 0.658087 0.759190 0.837517 0.819802 0.589784 0.566480 0.585010 0.560452 0.412831 0.571030 0.390530 0.314407 0.770401 0.496428 0.657377 0.497813 0.792442 0.688249 0.792697 0.753531 0.861070 0.903456 0.991774 0.939686 0.962031 0.915683 0.951029 0.964519 0.938518 0.904739 0.574053 0.635680 0.878206 0.973044 0.838880 0.874518 0.789441 0.900904 0.993893 0.977269 0.559433 0.954870
0.750278 0.656107 0.276091 0.387833 0.942950 0.976903 0.746894 0.741900 0.992927 0.660966 0.915763 0.773503 0.845878 0.771019 0.754922 0.506751 0.625740 0.662933 0.610878 0.671952 0.545341 0.979486 0.455000 0.418403 0.000000 0.249525 0.412286 0.931070 0.891770 0.661394 0.541731 0.580432 0.623282 0.703182 0.473431 0.582632 0.429180 0.498771 0.486066 0.801423 0.820150 0.756116 0.972937 0.864575 0.728566 0.751343 0.696494 0.772876 0.656700 0.952680 0.934062 0.972684 0.930953 0.980596 0.700662 0.785634 0.653188 0.625061 0.882553 0.828881 0.800354 0.775722 0.859926 0.770191 0.311181 0.366215 0.577369 0.644849 0.609452 0.721945 0.716192 0.971235 0.829108 0.927307 0.707212 0.989457 0.949764 0.856760 0.861567 0.764560 0.793717 0.728601 0.485140 0.567185 0.572806 0.485333 0.635876 0.659751 0.789849 0.642102 0.645425 0.586622 0.695569 0.675693 0.904182 0.952530 0.945460 0.942118 0.659283 0.823516 0.774427 0.694839 0.861827 0.826297 0.743544 0.780396 0.848594 0.902146 0.983896 0.785032 0.917346 0.798441 0.781393 0.809702 0.603970 0.956795
0.950731 0.871793 0.345064 0.432688 0.901557 0.782606 0.667636 0.759537 0.853182 0.879285 0.845146 0.981422 0.988650 0.890074 0.827137 0.542918 0.838778 0.856916 0.752609 0.886805 0.597964 0.979555 0.418907 0.451615 0.249525 0.000000 0.570176 0.962094 0.969025 0.860484 0.471441 0.591125 0.672198 0.780724 0.391244 0.589127 0.494995 0.579487 0.591021 0.909437 0.986871 0.790275 0.786821 0.757299 0.930722 0.887116 0.699081 0.728288 0.737939 0.985572 0.939234 0.857728 0.758797 0.777646 0.743316 0.808201 0.843894 0.821943 0.918692 0.899291 0.932482 0.877689 0.984767 0.923404 0.483678 0.485533 0.469121 0.563570 0.879570 0.802514 0.571270 0.813656 0.720121 0.744660 0.722510 0.908880 0.784706 0.681256 0.893527 0.901627 0.950445 0.940792 0.614354 0.782611 0.733771 0.614386 0.700830 0.816958 0.874034 0.779567 0.915303 0.842037 0.953286 0.895760 0.956280 0.814775 0.959960 0.932690 0.906189 0.954866 0.997637 0.962520 0.931565 0.961012 0.574857 0.633354 0.767378 0.916677 0.970442 0.785533 0.965136 0.932564 0.991045 0.987787 0.574430 0.932466
0.631089 0.549841 0.471317 0.502893 0.981366 0.840444 0.779733 0.765865 0.874943 0.677425 0.737259 0.649073 0.705805 0.690319 0.745376 0.575346 0.581652 0.594219 0.586432 0.586709 0.600297 0.965731 0.622452 0.555538 0.412286 0.570176 0.000000 0.924734 0.760889 0.589461 0.665056 0.648142 0.619270 0.637484 0.649369 0.589417 0.474349 0.569399 0.626538 0.790782 0.730764 0.813849 0.847762 0.959519 0.666423 0.746087 0.835261 0.948318 0.734941 0.974750 0.946904 0.971206 0.992363 0.805052 0.663270 0.829083 0.553159 0.546926 0.821967 0.753654 0.655015 0.683092 0.721393 0.658699 0.379300 0.460272 0.716870 0.827704 0.582551 0.665496 0.985896 0.819692 0.914422 0.907363 0.643833 0.911682 0.886454 0.973465 0.794069 0.724090 0.747505 0.677777 0.525359 0.601326 0.499868 0.487798 0.696598 0.722709 0.774287 0.664914 0.513628 0.517835 0.570041 0.625946 0.884176 0.896095 0.780273 0.847134 0.580200 0.683633 0.584512 0.724326 0.845726 0.908355 0.917458 0.903947 0.950703 0.765477 0.958706 0.844781 0.919190 0.751541 0.730801 0.824911 0.803556 0.870096
0.859071 0.904761 0.953441 0.964241 0.990622 0.950442 0.984781 0.949444 0.954706 0.905541 0.745226 0.829069 0.824937 0.788523 0.810731 0.828844 0.850975 0.791606 0.904048 0.821737 0.931216 0.722591 0.931377 0.878116 0.931070 0.962094 0.924734 0.000000 0.830879 0.800129 0.949823 0.995813 0.980493 0.967853 0.946561 0.935869 0.990745 0.860674 0.932275 0.939916 0.932449 0.972029 0.815052 0.876855 0.758214 0.819566 0.872732 0.955998 0.851035 0.854414 0.882899 0.893392 0.912940 0.812739 0.983455 0.931030 0.850715 0.803585 0.961567 0.990964 0.817805 0.863547 0.846083 0.841130 0.814857 0.830554 0.875946 0.860798 0.899904 0.933024 0.987563 0.897420 0.969962 0.944693 0.917753 0.948281 0.842468 0.741986 0.910235 0.937603 0.880768 0.816923 0.874967 0.944768 0.817034 0.844456 0.972825 0.988514 0.995882 0.867985 0.835766 0.799202 0.867772 0.909386 0.930746 0.809130 0.797818 0.750646 0.825210 0.835559 0.791043 0.962284 0.897682 0.870566 0.935276 0.785295 0.843214 0.802266 0.972221 0.741936 0.921086 0.764252 0.862664 0.797166 0.920673 0.790178
0.271963 0.306611 0.769804 0.711472 0.898228 0.800432 0.633155 0.468307 0.786720 0.952955 0.288432 0.242496 0.238046 0.277311 0.354907 0.507071 0.221556 0.228563 0.330683 0.283029 0.691054 0.798943 0.764136 0.657413 0.891770 0.969025 0.760889 0.830879 0.000000 0.209925 0.850031 0.717970 0.436020 0.395275 0.992536 0.904759 0.877465 0.783435 0.894939 0.699107 0.659319 0.807223 0.995856 0.816187 0.999042 0.814629 0.644116 0.733324 0.724433 0.658496 0.730647 0.692321 0.898913 0.894392 0.365576 0.497118 0.305512 0.281339 0.529442 0.477609 0.251769 0.309769 0.242382 0.251532 0.576434 0.497608 0.909798 0.818716 0.454809 0.454233 0.823600 0.688839 0.849852 0.942003 0.739674 0.872851 0.943087 0.924885 0.538628 0.484647 0.266650 0.270540 0.427187 0.419963 0.300868 0.418449 0.817999 0.781414 0.543098 0.438879 0.604951 0.614665 0.526951 0.554504 0.969709 0.962148 0.938850 0.740642 0.890632 0.953163 0.854912 0.863433 0.901856 0.771431 0.985397 0.996304 0.954404 0.878049 0.621076 0.961808 0.821355 0.958424 0.868128 0.946837 0.845627 0.576328
0.249230 0.247898 0.613558 0.592781 0.954021 0.754389 0.683714 0.501889 0.731733 0.842141 0.284391 0.209498 0.261098 0.279899 0.342028 0.431700 0.181260 0.175262 0.296130 0.228161 0.615568 0.740206 0.667050 0.500891 0.661394 0.860484 0.589461 0.800129 0.209925 0.000000 0.787044 0.667240 0.402739 0.399846 0.909365 0.960176 0.735412 0.670313 0.939683 0.706797 0.610782 0.823852 0.931422 0.877326 0.862163 0.959609 0.615048 0.727064 0.910130 0.743068 0.829400 0.762120 0.958906 0.830206 0.335615 0.530732 0.241832 0.219393 0.559410 0.499083 0.256850 0.310605 0.280151 0.252672 0.374985 0.336509 0.825389 0.793898 0.343865 0.388063 0.830407 0.676228 0.897729 0.979150 0.741736 0.929956 0.853209 0.890319 0.546435 0.434308 0.249151 0.224826 0.325977 0.320692 0.223208 0.302312 0.713588 0.620517 0.518069 0.379614 0.455635 0.420166 0.412721 0.424543 0.858629 0.971905 0.857081 0.692711 0.717325 0.826896 0.740160 0.722989 0.982113 0.941039 0.969795 0.989340 0.983209 0.785343 0.675493 0.972041 0.786704 0.961359 0.724399 0.883494 0.802854 0.594289
0.806899 0.709434 0.377101 0.275102 0.704116 0.737934 0.261410 0.346811 0.657955 0.670015 0.845962 0.857457 0.790094 0.703950 0.718492 0.453497 0.763168 0.820358 0.560333 0.786087 0.603823 0.888484 0.233861 0.482466 0.541731 0.471441 0.665056 0.949823 0.850031 0.787044 0.000000 0.289413 0.463856 0.504780 0.452968 0.614918 0.658205 0.700654 0.939634 0.965052 0.938388 0.713828 0.471079 0.417540 0.689599 0.690685 0.455009 0.445234 0.836229 0.605451 0.502406 0.452932 0.413950 0.461549 0.624587 0.669235 0.699591 0.700160 0.552875 0.527809 0.652809 0.556579 0.721500 0.683439 0.646724 0.502973 0.275532 0.318811 0.942664 0.611441 0.387141 0.692946 0.384445 0.524079 0.724317 0.709362 0.450724 0.555634 0.565783 0.638776 0.802943 0.908714 0.682895 0.905747 0.659968 0.591732 0.897416 0.955684 0.824009 0.648103 0.856669 0.908314 0.846914 0.891263 0.660517 0.748500 0.702982 0.689564 0.658776 0.525344 0.819214 0.776270 0.766962 0.778732 0.402269 0.401169 0.576134 0.666693 0.883825 0.709077 0.652748 0.727976 0.616062 0.780767 0.407108 0.864174
0.652838 0.585518 0.472324 0.358917 0.716221 0.897416 0.347554 0.373391 0.890686 0.754500 0.984217 0.685493 0.614025 0.564128 0.612633 0.446359 0.623470 0.669384 0.451894 0.675559 0.674045 0.935091 0.329191 0.517447 0.580432 0.591125 0.648142 0.995813 0.717970 0.667240 0.289413 0.000000 0.417322 0.429335 0.518577 0.672940 0.620146 0.702274 0.904862 0.874485 0.976575 0.764869 0.533468 0.445832 0.769063 0.702481 0.411381 0.423969 0.803077 0.557447 0.515691 0.457999 0.450705 0.587158 0.560135 0.635611 0.592859 0.580421 0.503633 0.474542 0.546905 0.486443 0.571350 0.536335 0.625716 0.444493 0.439629 0.414739 0.837791 0.598922 0.570130 0.905844 0.503180 0.604337 0.731983 0.707262 0.637932 0.733462 0.555840 0.553374 0.629084 0.698533 0.519457 0.715169 0.504510 0.472180 0.938193 0.831740 0.660880 0.550260 0.953695 0.925210 0.934722 0.887547 0.752347 0.898991 0.873025 0.767846 0.767436 0.622202 0.893752 0.868307 0.710678 0.784242 0.509392 0.429324 0.586423 0.817859 0.995109 0.778549 0.590371 0.841962 0.734023 0.830085 0.491350 0.928292
0.323751 0.310540 0.510535 0.361429 0.878111 0.893186 0.365443 0.272985 0.868709 0.880145 0.645009 0.377786 0.398812 0.382430 0.521029 0.399536 0.351812 0.374702 0.276436 0.389430 0.523402 0.907024 0.420717 0.406948 0.623282 0.672198 0.619270 0.980493 0.436020 0.402739 0.463856 0.417322 0.000000 0.262764 0.618024 0.835757 0.680517 0.621993 0.942498 0.816253 0.774667 0.782428 0.723322 0.536807 0.841374 0.698991 0.399369 0.446985 0.690268 0.500456 0.491863 0.438764 0.612010 0.805625 0.324246 0.411008 0.279700 0.290276 0.313617 0.288833 0.309530 0.276421 0.298768 0.267904 0.513077 0.367808 0.438492 0.442520 0.515305 0.331606 0.893498 0.911811 0.592755 0.766487 0.698816 0.708890 0.804862 0.833232 0.403356 0.386899 0.363528 0.450931 0.364123 0.435960 0.286773 0.261261 0.999384 0.663431 0.508529 0.341143 0.659171 0.630241 0.644292 0.594145 0.869827 0.862924 0.830378 0.949746 0.898382 0.800416 0.941192 0.993157 0.861529 0.740019 0.625931 0.606027 0.729572 0.973847 0.812559 0.794299 0.707856 0.772421 0.927895 0.842251 0.525782 0.734437
0.337669 0.302038 0.607172 0.488139 0.942130 0.921769 0.370841 0.321301 0.785210 0.867354 0.553183 0.370401 0.359615 0.358105 0.483363 0.470530 0.311991 0.331946 0.305962 0.363713 0.628768 0.971386 0.547862 0.549508 0.703182 0.780724 0.637484 0.967853 0.395275 0.399846 0.504780 0.429335 0.262764 0.000000 0.719443 0.914771 0.667200 0.646553 0.961670 0.746138 0.728464 0.672047 0.731786 0.527069 0.780658 0.620791 0.373751 0.481473 0.614860 0.469806 0.494066 0.439744 0.585551 0.827565 0.326944 0.321807 0.293028 0.309849 0.326117 0.325851 0.293976 0.306699 0.256785 0.245366 0.608768 0.449596 0.548563 0.502189 0.535075 0.369368 0.985585 0.817517 0.619189 0.770029 0.659227 0.750528 0.848058 0.859774 0.385866 0.428372 0.317688 0.411164 0.418115 0.423685 0.335086 0.348796 0.999721 0.746061 0.492811 0.356839 0.638901 0.663775 0.591865 0.588216 0.860887 0.934409 0.938251 0.933995 0.893653 0.764149 0.923426 0.989021 0.738357 0.663406 0.761850 0.642129 0.684575 0.986327 0.869159 0.865065 0.737477 0.781961 0.887331 0.876022 0.585745 0.775457
0.938961 0.842760 0.456689 0.465089 0.918735 0.888265 0.577490 0.647073 0.834114 0.989019 0.804468 0.905317 0.936226 0.839872 0.857029 0.560385 0.844614 0.878659 0.714025 0.903176 0.696994 0.984385 0.431289 0.501675 0.473431 0.391244 0.649369 0.946561 0.992536 0.909365 0.452968 0.518577 0.618024 0.719443 0.000000 0.709016 0.624543 0.705514 0.747814 0.985246 0.978226 0.787006 0.661555 0.639494 0.906545 0.912660 0.628889 0.615474 0.954330 0.826165 0.755305 0.723471 0.648725 0.678614 0.729192 0.789410 0.833131 0.825607 0.791293 0.790838 0.888581 0.768646 0.929298 0.849838 0.613761 0.556079 0.440882 0.524355 0.882458 0.754466 0.642577 0.714322 0.637641 0.674974 0.668337 0.744955 0.561247 0.700492 0.773364 0.794905 0.892590 0.906243 0.644609 0.826926 0.729742 0.602823 0.802385 0.805470 0.832010 0.725286 0.967837 0.987236 0.904108 0.990952 0.793207 0.765265 0.940052 0.958080 0.895438 0.752106 0.984236 0.888626 0.919823 0.875853 0.525365 0.640038 0.697234 0.876694 0.965868 0.739415 0.711255 0.883554 0.838380 0.952093 0.589331 0.875817
0.953702 0.935410 0.593714 0.654538 0.880617 0.930583 0.838674 0.903119 0.934531 0.837446 0.841928 0.919240 0.895135 0.910373 0.997964 0.820204 0.977806 0.992719 0.923059 0.998933 0.867445 0.944512 0.667570 0.780256 0.582632 0.589127 0.589417 0.935869 0.904759 0.960176 0.614918 0.672940 0.835757 0.914771 0.709016 0.000000 0.719454 0.601358 0.766981 0.949074 0.883212 0.966371 0.857516 0.835947 0.974282 0.936224 0.888482 0.832255 0.795892 0.992894 0.977502 0.909807 0.834201 0.855149 0.967655 0.970403 0.917856 0.939910 0.962912 0.928128 0.963538 0.965896 0.901370 0.974425 0.711202 0.728846 0.667425 0.739239 0.980912 0.885541 0.677860 0.795989 0.832587 0.998718 0.885079 0.879376 0.884121 0.818778 0.972444 0.847262 0.960320 0.966425 0.849334 0.990082 0.870067 0.808590 0.973288 0.978762 0.906145 0.912982 0.952250 0.914404 0.997115 0.996268 0.969610 0.890936 0.993645 0.805875 0.935626 0.980682 0.890512 0.862564 0.933980 0.866610 0.832234 0.802351 0.865781 0.995466 0.878233 0.922223 0.953078 0.913016 0.989043 0.984464 0.792138 0.869162
0.730633 0.623267 0.521102 0.527424 0.895976 0.994848 0.715017 0.718059 0.829083 0.797372 0.924922 0.792645 0.861992 0.847896 0.894267 0.736691 0.716812 0.743012 0.642434 0.734317 0.709225 0.935745 0.635827 0.629544 0.429180 0.494995 0.474349 0.990745 0.877465 0.735412 0.658205 0.620146 0.680517 0.667200 0.624543 0.719454 0.000000 0.491169 0.649284 0.689491 0.693997 0.735662 0.885657 0.780690 0.875879 0.956711 0.651601 0.793679 0.891979 0.862761 0.886016 0.795618 0.845655 0.958806 0.716639 0.701133 0.662518 0.644584 0.718480 0.703940 0.822288 0.806903 0.780563 0.735329 0.587233 0.604481 0.637231 0.699550 0.681654 0.639508 0.772219 0.961986 0.883396 0.983555 0.685975 0.916410 0.947731 0.965406 0.803869 0.774170 0.789025 0.827361 0.632227 0.642935 0.650570 0.587756 0.752120 0.808505 0.804372 0.679936 0.637015 0.685585 0.678569 0.661361 0.956539 0.924962 0.966890 0.957578 0.808852 0.938467 0.793807 0.839338 0.993159 0.913580 0.706968 0.698087 0.940667 0.906517 0.956880 0.831420 0.884495 0.951829 0.932181 0.963017 0.780612 0.960063
0.592366 0.515615 0.556106 0.568559 0.811131 0.942466 0.749303 0.711441 0.808640 0.688910 0.812396 0.722620 0.805812 0.830386 0.930103 0.801687 0.634028 0.631569 0.608960 0.614438 0.744121 0.913621 0.709623 0.696941 0.498771 0.579487 0.569399 0.860674 0.783435 0.670313 0.700654 0.702274 0.621993 0.646553 0.705514 0.601358 0.491169 0.000000 0.657690 0.778654 0.714940 0.799863 0.994112 0.852082 0.781712 0.916256 0.714361 0.792348 0.883848 0.905261 0.945494 0.849963 0.966070 0.873071 0.676716 0.697482 0.532105 0.528465 0.714132 0.660343 0.743579 0.727851 0.717656 0.640484 0.537881 0.572133 0.743271 0.785834 0.544492 0.504696 0.876227 0.905916 0.969420 0.899122 0.841173 0.988609 0.941439 0.968193 0.801335 0.752501 0.647346 0.706608 0.642526 0.568611 0.593186 0.513088 0.776771 0.838988 0.691679 0.511713 0.590492 0.562305 0.650653 0.531432 0.902614 0.981210 0.968586 0.913671 0.707689 0.839777 0.778521 0.645286 0.886237 0.907899 0.906453 0.911721 0.863271 0.890283 0.963877 0.886650 0.926145 0.821748 0.838693 0.832767 0.832775 0.724847
