0.000000 0.537632 0.632568 0.655257 0.979036 0.955707 0.537936 0.495099 0.850929 0.637029 0.643952 0.633237 0.639857 0.894672 0.968341 0.940617 0.522929 0.501487 0.544226 0.689449 0.806336 0.958342 0.965886 0.817322 0.877331 0.846656 0.882793 0.976309 0.767337 0.704654 0.944065 0.931685 0.567077 0.539949 0.775972 0.881209 0.966586 0.823167 0.756075 0.817313 0.863520 0.918697 0.623502 0.624877 0.750690 0.617568 0.576274 0.683479 0.698706 0.925231 0.972115 0.831277 0.870168 0.840945 0.752409 0.767524 0.483422 0.698421 0.625225 0.840297 0.448242 0.514161 0.459773 0.465423 0.755111 0.681950 0.718364 0.764092 0.856030 0.715747 0.940424 0.916903 0.982121 0.944227 0.987029 0.946461 0.703412 0.713204 0.813054 0.969379 0.538887 0.561401 0.976998 0.739594 0.749580 0.800173 0.915788 0.941368 0.785001 0.701931 0.767455 0.908544 0.819188 0.959356 0.869457 0.775025 0.835090 0.948536 0.676459 0.643165 0.760898 0.988952 0.831387 0.741461 0.891772 0.780565 0.978383 0.941665 0.782792 0.923115 0.824074 0.811308 0.831629 0.828296 0.989608 0.921007
0.537632 0.000000 0.911135 0.839715 0.898699 0.964832 0.886501 0.698326 0.974091 0.845035 0.872277 0.605554 0.764058 0.742884 0.880008 0.798881 0.533524 0.556874 0.683654 0.789154 0.976455 0.997203 0.990251 0.929899 0.900811 0.921530 0.962563 0.828069 0.697558 0.613847 0.955031 0.968168 0.599257 0.709073 0.856753 0.912550 0.942277 0.892228 0.921041 0.899336 0.942641 0.940190 0.711121 0.644424 0.740806 0.679878 0.721673 0.705231 0.666849 0.839550 0.975691 0.967928 0.956067 0.982488 0.823306 0.976712 0.513646 0.566151 0.721878 0.833156 0.695451 0.603434 0.627193 0.542925 0.881534 0.801462 0.913996 0.887861 0.831499 0.659384 0.900112 0.867051 0.927259 0.967748 0.968077 0.932153 0.844073 0.790374 0.816193 0.946647 0.608127 0.687757 0.917958 0.747031 0.917745 0.905276 0.940797 0.994029 0.890318 0.823391 0.993424 0.887305 0.969254 0.842018 0.825188 0.817208 0.920645 0.939195 0.816062 0.817090 0.882586 0.941054 0.855795 0.794533 0.928141 0.832340 0.993335 0.926801 0.965500 0.881431 0.978881 0.871777 0.845973 0.942144 0.815863 0.982735
0.632568 0.911135 0.000000 0.444352 0.896783 0.973834 0.335945 0.461895 0.713443 0.558558 0.746172 0.975375 0.899330 0.807681 0.806727 0.669018 0.826721 0.716287 0.700470 0.793432 0.802031 0.941576 0.872212 0.960187 0.792641 0.879181 0.918277 0.912328 0.954188 0.960007 0.869800 0.995220 0.566441 0.566397 0.737223 0.878363 0.945704 0.910559 0.823871 0.755995 0.864562 0.817635 0.651528 0.731059 0.757870 0.752377 0.666797 0.729984 0.924839 0.972035 0.888562 0.945720 0.860312 0.784254 0.768754 0.694731 0.762460 0.995642 0.602310 0.784523 0.473852 0.695264 0.648686 0.716795 0.512708 0.584147 0.480560 0.543121 0.960853 0.850898 0.974602 0.888905 0.932389 0.954267 0.897956 0.960342 0.713023 0.905625 0.949928 0.980132 0.628578 0.580115 0.979936 0.753779 0.593971 0.716398 0.860087 0.932611 0.774581 0.692678 0.559188 0.633188 0.512512 0.645140 0.813087 0.724633 0.700864 0.826689 0.545046 0.554075 0.732634 0.907302 0.821476 0.746897 0.798026 0.562719 0.862442 0.815605 0.803329 0.915844 0.717337 0.744268 0.779103 0.887477 0.976460 0.966202
0.655257 0.839715 0.444352 0.000000 0.983579 0.934784 0.506084 0.406547 0.914407 0.695284 0.705827 0.857051 0.957766 0.882663 0.675625 0.714837 0.925453 0.723437 0.809169 0.809936 0.778752 0.919656 0.939555 0.988455 0.694101 0.744809 0.987683 0.975740 0.953791 0.963582 0.842946 0.933493 0.632430 0.512522 0.689891 0.773647 0.888464 0.929558 0.700264 0.683369 0.834388 0.804518 0.598559 0.621107 0.751510 0.704474 0.625791 0.631158 0.874133 0.961444 0.887532 0.903281 0.789762 0.774380 0.862333 0.675615 0.861754 0.948083 0.676452 0.771291 0.615773 0.627836 0.737325 0.768255 0.531149 0.445445 0.403483 0.429961 0.753235 0.822630 0.780203 0.706240 0.980770 0.986598 0.959336 0.961632 0.714242 0.830268 0.891853 0.948690 0.675052 0.635964 0.954941 0.837508 0.746215 0.702840 0.842253 0.785126 0.937416 0.618055 0.686060 0.796615 0.573885 0.753328 0.788970 0.675904 0.722740 0.887070 0.556266 0.702939 0.725460 0.922382 0.778925 0.706937 0.805985 0.640880 0.825465 0.853584 0.767305 0.892710 0.716504 0.798814 0.945926 0.865741 0.975113 0.907814
0.979036 0.898699 0.896783 0.983579 0.000000 0.964281 0.876914 0.897085 0.776904 0.990381 0.768652 0.776488 0.936527 0.967880 0.649593 0.914049 0.883179 0.883325 0.825669 0.870524 0.880161 0.911337 0.549643 0.663541 0.844653 0.986546 0.906818 0.885499 0.874134 0.831494 0.789457 0.809445 0.998751 0.961345 0.916314 0.983929 0.908952 0.849149 0.941572 0.951427 0.986560 0.903041 0.802900 0.783461 0.968162 0.903342 0.993426 0.897705 0.983365 0.878338 0.871278 0.745205 0.769662 0.765627 0.953642 0.963173 0.845534 0.797713 0.884107 0.913306 0.911083 0.901599 0.859556 0.990880 0.682958 0.930263 0.910125 0.890452 0.890357 0.996903 0.989121 0.957971 0.708350 0.851384 0.959581 0.998880 0.931150 0.840970 0.879144 0.903958 0.837507 0.771468 0.647842 0.697646 0.592119 0.617407 0.749109 0.637551 0.782823 0.760226 0.950061 0.913105 0.959299 0.950913 0.973840 0.972542 0.958328 0.800634 0.945886 0.902759 0.957722 0.853228 0.726489 0.870593 0.920790 0.949817 0.925554 0.925316 0.867808 0.868025 0.977746 0.950050 0.970256 0.945761 0.989020 0.857674
0.955707 0.964832 0.973834 0.934784 0.964281 0.000000 0.992959 0.943025 0.993754 0.934583 0.984761 0.930555 0.878189 0.939672 0.902022 0.796083 0.891417 0.987175 0.980358 0.839584 0.852449 0.864314 0.917373 0.953029 0.834642 0.824281 0.846200 0.843970 0.946013 0.970382 0.971180 0.934624 0.932823 0.892278 0.836405 0.937325 0.920007 0.868037 0.871306 0.921793 0.855731 0.946383 0.990175 0.929967 0.869322 0.855130 0.928808 0.987137 0.963413 0.926232 0.936125 0.802367 0.937282 0.955827 0.950549 0.923992 0.965708 0.870114 0.965665 0.864540 0.998912 0.999059 0.871950 0.792467 0.883905 0.926870 0.958776 0.978063 0.850532 0.785740 0.832659 0.752031 0.980960 0.917147 0.983599 0.854912 0.900655 0.864517 0.953881 0.889967 0.946962 0.937234 0.858444 0.884755 0.929223 0.944082 0.996035 0.851535 0.975212 0.991488 0.953251 0.970599 0.901952 0.925669 0.962594 0.845284 0.876314 0.941822 0.987918 0.950176 0.971878 0.877647 0.927412 0.993520 0.972448 0.897492 0.831208 0.814352 0.996400 0.939133 0.819928 0.961372 0.920772 0.989223 0.850555 0.784567
0.537936 0.886501 0.335945 0.506084 0.876914 0.992959 0.000000 0.494033 0.655701 0.544631 0.755782 0.934721 0.760837 0.845749 0.882908 0.690610 0.754325 0.622627 0.610675 0.711672 0.840021 0.992485 0.853393 0.935883 0.851876 0.902180 0.888989 0.837930 0.937461 0.869673 0.894518 0.930538 0.527321 0.562711 0.743585 0.886200 0.969115 0.854963 0.813565 0.859530 0.847961 0.876039 0.677609 0.744403 0.795758 0.710534 0.707559 0.746700 0.893570 0.895512 0.892282 0.959164 0.827062 0.781265 0.778809 0.706769 0.685404 0.912331 0.579746 0.780631 0.369919 0.656204 0.511154 0.624978 0.532984 0.621207 0.546993 0.629398 0.994032 0.869904 0.972934 0.999398 0.949177 0.941625 0.920329 0.982644 0.725071 0.928010 0.895705 0.994796 0.554295 0.507203 0.918190 0.719090 0.526229 0.730695 0.919970 0.982872 0.740557 0.715665 0.540385 0.614376 0.571074 0.708362 0.797571 0.777510 0.717854 0.877256 0.554628 0.554454 0.794655 0.871031 0.867462 0.731740 0.860706 0.629581 0.889479 0.869968 0.759874 0.903560 0.698717 0.776905 0.823282 0.899200 0.947586 0.945745
0.495099 0.698326 0.461895 0.406547 0.897085 0.943025 0.494033 0.000000 0.912569 0.539998 0.562441 0.596716 0.831983 0.974789 0.692705 0.752206 0.776823 0.638840 0.709427 0.664418 0.827444 0.996595 0.892640 0.774477 0.915526 0.938571 0.889560 0.914809 0.884698 0.833762 0.980067 0.874858 0.599309 0.426601 0.769110 0.819959 0.936021 0.903529 0.671435 0.645635 0.913034 0.856499 0.564395 0.617659 0.844893 0.725024 0.601780 0.653170 0.927747 0.889952 0.927750 0.759375 0.638420 0.568052 0.748689 0.707251 0.749973 0.897177 0.485373 0.598583 0.468692 0.389684 0.652034 0.569528 0.702763 0.456629 0.517145 0.469616 0.946877 0.712069 0.868605 0.800514 0.912928 0.970587 0.972406 0.965672 0.571459 0.729602 0.872457 0.977871 0.675306 0.678741 0.818228 0.886521 0.885440 0.895157 0.795481 0.670929 0.845549 0.646667 0.782418 0.962016 0.686335 0.977260 0.827354 0.741856 0.681148 0.833769 0.537228 0.696698 0.657973 0.992800 0.716115 0.748088 0.888223 0.625012 0.883424 0.889584 0.787044 0.878249 0.674568 0.859237 0.895926 0.837576 0.991368 0.923258
0.850929 0.974091 0.713443 0.914407 0.776904 0.993754 0.655701 0.912569 0.000000 0.670597 0.961589 0.885352 0.806210 0.852828 0.856787 0.890511 0.900873 0.877804 0.871373 0.928253 0.972924 0.975007 0.674015 0.974546 0.932354 0.957686 0.920529 0.888428 0.817612 0.926115 0.908271 0.981755 0.838591 0.954401 0.948767 0.887249 0.974464 0.810397 0.893260 0.801641 0.915097 0.971828 0.888717 0.834320 0.984199 0.966281 0.962163 0.870855 0.938242 0.971677 0.973139 0.929260 0.867657 0.918452 0.980349 0.926523 0.792779 0.878056 0.927729 0.981724 0.653075 0.925039 0.663599 0.734102 0.693853 0.991691 0.937387 0.857091 0.815908 0.895856 0.867258 0.796059 0.986887 0.856264 0.875415 0.948872 0.953181 0.981167 0.819979 0.923125 0.756758 0.743692 0.689503 0.741260 0.609277 0.759829 0.819412 0.761397 0.831726 0.753333 0.843901 0.826976 0.842011 0.883790 0.956038 0.916835 0.861420 0.998582 0.945581 0.707941 0.922315 0.951847 0.952394 0.904763 0.840109 0.922848 0.977668 0.981814 0.907337 0.909387 0.869956 0.990352 0.972266 0.893537 0.939347 0.828620
0.637029 0.845035 0.558558 0.695284 0.990381 0.934583 0.544631 0.539998 0.670597 0.000000 0.639991 0.831653 0.868623 0.801463 0.809034 0.707354 0.797631 0.707520 0.609011 0.595537 0.802991 0.977721 0.892482 0.806971 0.891206 0.861507 0.758509 0.759604 0.836165 0.935938 0.927621 0.941296 0.632399 0.611141 0.809316 0.919823 0.952903 0.818698 0.927870 0.927337 0.981327 0.949093 0.838832 0.873026 0.961054 0.871888 0.745628 0.964815 0.975245 0.975459 0.958575 0.984391 0.747724 0.666837 0.807593 0.841862 0.752035 0.804645 0.544134 0.608630 0.542797 0.634147 0.587412 0.513212 0.872479 0.779553 0.676718 0.713496 0.781669 0.816486 0.905946 0.963593 0.940920 0.967512 0.813752 0.976850 0.758742 0.889457 0.919090 0.967354 0.685888 0.699112 0.908640 0.882157 0.794628 0.987116 0.832734 0.902609 0.788834 0.671326 0.719408 0.872003 0.687615 0.964999 0.909710 0.646632 0.586429 0.925664 0.658657 0.650525 0.761594 0.992213 0.662634 0.730052 0.729684 0.656227 0.906858 0.854207 0.804332 0.811259 0.760036 0.905433 0.939893 0.894826 0.931199 0.913674
0.643952 0.872277 0.746172 0.705827 0.768652 0.984761 0.755782 0.562441 0.961589 0.639991 0.000000 0.564246 0.775416 0.999610 0.660655 0.790996 0.813725 0.807860 0.793383 0.708159 0.775158 0.971559 0.666390 0.656765 0.930339 0.952294 0.779098 0.962754 0.914151 0.975234 0.790684 0.759119 0.840557 0.567410 0.865580 0.889526 0.944380 0.864175 0.801838 0.863501 0.858431 0.904881 0.737338 0.737709 0.997963 0.803929 0.751292 0.912888 0.978213 0.818452 0.749111 0.580799 0.612633 0.559880 0.829865 0.724398 0.899725 0.982588 0.731142 0.828755 0.704767 0.575519 0.755709 0.670665 0.945441 0.801022 0.771134 0.766568 0.797237 0.753121 0.897909 0.958729 0.841937 0.834118 0.997965 0.979617 0.652684 0.712174 0.897612 0.995681 0.836485 0.881896 0.754457 0.939566 0.877318 0.885980 0.739271 0.696655 0.880565 0.825489 0.871708 0.875144 0.802713 0.940447 0.948520 0.759570 0.756977 0.841591 0.788051 0.910377 0.742193 0.995271 0.700553 0.806944 0.938742 0.886624 0.951831 0.995211 0.900499 0.917240 0.882481 0.901564 0.906117 0.867747 0.914549 0.821497
0.633237 0.605554 0.975375 0.857051 0.776488 0.930555 0.934721 0.596716 0.885352 0.831653 0.564246 0.000000 0.633644 0.688735 0.862794 0.920071 0.744928 0.709399 0.785039 0.729017 0.967471 0.847770 0.661978 0.677481 0.910771 0.922496 0.917592 0.991513 0.865153 0.766265 0.765736 0.815071 0.882204 0.690064 0.902904 0.888300 0.984649 0.845828 0.806008 0.826129 0.977900 0.992807 0.715865 0.688384 0.985407 0.817315 0.803905 0.827434 0.918455 0.841999 0.789809 0.706481 0.718318 0.690512 0.734653 0.878605 0.766917 0.777195 0.687264 0.776129 0.695706 0.500348 0.743964 0.613674 0.926377 0.805134 0.978436 0.904974 0.842032 0.645030 0.945688 0.892754 0.884113 0.828912 0.963723 0.842653 0.677776 0.695324 0.843279 0.988700 0.826463 0.901068 0.828055 0.976359 0.809443 0.859897 0.944620 0.704577 0.875979 0.905013 0.882241 0.708441 0.934517 0.686818 0.927479 0.965375 0.890834 0.867238 0.870239 0.979459 0.823999 0.938400 0.824405 0.987434 0.904209 0.891653 0.987610 0.985739 0.949847 0.971725 0.918601 0.967561 0.986359 0.863083 0.979866 0.892240
0.639857 0.764058 0.899330 0.957766 0.936527 0.878189 0.760837 0.831983 0.806210 0.868623 0.775416 0.633644 0.000000 0.627879 0.702552 0.750964 0.764721 0.681995 0.729455 0.805614 0.975553 0.845660 0.960624 0.844251 0.893116 0.849735 0.845678 0.963319 0.759491 0.670466 0.920206 0.931101 0.887581 0.804381 0.959692 0.938452 0.955725 0.763761 0.958868 0.963292 0.915697 0.887973 0.892411 0.918803 0.993442 0.849374 0.793866 0.888748 0.918060 0.930649 0.872663 0.891019 0.896792 0.870746 0.794897 0.802340 0.682397 0.726328 0.779703 0.860748 0.572083 0.644343 0.658866 0.644630 0.954115 0.960702 0.846906 0.878041 0.827219 0.831064 0.771537 0.923115 0.988820 0.793071 0.963414 0.685164 0.894236 0.916580 0.882103 0.952182 0.791361 0.739566 0.864860 0.782173 0.829866 0.991652 0.787970 0.916753 0.726264 0.986871 0.960310 0.857366 0.866474 0.763225 0.993977 0.982252 0.969992 0.975382 0.921328 0.886552 0.975284 0.948753 0.955119 0.916766 0.946049 0.937669 0.831002 0.860483 0.988404 0.984850 0.975700 0.965069 0.899426 0.891164 0.969245 0.992966
0.894672 0.742884 0.807681 0.882663 0.967880 0.939672 0.845749 0.974789 0.852828 0.801463 0.999610 0.688735 0.627879 0.000000 0.627074 0.494766 0.865745 0.804153 0.915902 0.898296 0.895919 0.850357 0.979015 0.938617 0.941020 0.950246 0.927322 0.905759 0.856710 0.638997 0.860873 0.773505 0.997014 0.951141 0.910723 0.908880 0.969026 0.964855 0.897188 0.919508 0.966158 0.872264 0.915632 0.855711 0.946199 0.860617 0.811192 0.805705 0.908824 0.997398 0.932995 0.985594 0.944564 0.909989 0.854825 0.822431 0.873100 0.832318 0.897416 0.983734 0.941362 0.821089 0.916757 0.883891 0.957323 0.945465 0.817435 0.878699 0.928300 0.839882 0.953587 0.770154 0.910254 0.982623 0.852730 0.767777 0.963501 0.871213 0.867831 0.821484 0.938429 0.851804 0.739329 0.774164 0.997363 0.903548 0.846066 0.856593 0.964064 0.953923 0.760874 0.734450 0.680191 0.692205 0.961043 0.956380 0.794993 0.906665 0.906225 0.905334 0.950016 0.892961 0.862074 0.825315 0.820505 0.876840 0.860980 0.870214 0.828706 0.969700 0.887971 0.968307 0.982849 0.963446 0.886465 0.966009
0.968341 0.880008 0.806727 0.675625 0.649593 0.902022 0.882908 0.692705 0.856787 0.809034 0.660655 0.862794 0.702552 0.627074 0.000000 0.510412 0.860545 0.830391 0.935476 0.945727 0.904770 0.890692 0.597926 0.690804 0.965609 0.970792 0.900423 0.971772 0.776415 0.655210 0.718613 0.651182 0.968758 0.806391 0.954068 0.918185 0.988306 0.924433 0.847362 0.903352 0.952263 0.792340 0.748784 0.816347 0.996579 0.967882 0.993434 0.988313 0.906159 0.784857 0.966984 0.771849 0.664674 0.639866 0.998813 0.956597 0.799585 0.734171 0.783402 0.834919 0.994732 0.860583 0.899218 0.995429 0.886637 0.891078 0.660406 0.698044 0.977790 0.916257 0.994250 0.997746 0.789634 0.899449 0.989954 0.812889 0.797749 0.878844 0.840317 0.927310 0.878471 0.801558 0.565974 0.644889 0.711361 0.744950 0.613066 0.520187 0.901146 0.998532 0.811474 0.887739 0.648718 0.804206 0.933298 0.888790 0.768137 0.877426 0.796430 0.931015 0.757782 0.876991 0.643017 0.760712 0.933120 0.836328 0.777295 0.809022 0.968817 0.934347 0.778980 0.964711 0.934707 0.928218 0.895401 0.874712
0.940617 0.798881 0.669018 0.714837 0.914049 0.796083 0.690610 0.752206 0.890511 0.707354 0.790996 0.920071 0.750964 0.494766 0.510412 0.000000 0.956107 0.942638 0.965506 0.919910 0.939744 0.943778 0.885677 0.775543 0.940955 0.933172 0.854895 0.839829 0.901481 0.698505 0.822453 0.714794 0.934484 0.865813 0.833549 0.991300 0.937860 0.908337 0.960960 0.935295 0.996966 0.822281 0.869555 0.922839 0.925599 0.940860 0.974006 0.893724 0.919428 0.931084 0.946249 0.924624 0.757389 0.731079 0.957478 0.912298 0.912193 0.807387 0.782878 0.876320 0.846209 0.927473 0.910448 0.904887 0.963422 0.957374 0.689354 0.785538 0.897247 0.986848 0.930222 0.825954 0.810765 0.958883 0.976928 0.785256 0.880536 0.922292 0.907630 0.795166 0.912005 0.977080 0.728694 0.863063 0.972162 0.914815 0.711168 0.737361 0.935346 0.896019 0.698045 0.727246 0.573345 0.751063 0.882705 0.852808 0.688329 0.811575 0.787557 0.803778 0.872230 0.866265 0.727546 0.776006 0.905049 0.879932 0.838644 0.769834 0.870794 0.981138 0.689248 0.879584 0.903537 0.989011 0.832128 0.980731
0.522929 0.533524 0.826721 0.925453 0.883179 0.891417 0.754325 0.776823 0.900873 0.797631 0.813725 0.744928 0.764721 0.865745 0.860545 0.956107 0.000000 0.532763 0.587895 0.664016 0.928168 0.992532 0.894009 0.978750 0.947255 0.991132 0.956962 0.960921 0.676218 0.650280 0.976445 0.942023 0.661184 0.762011 0.774076 0.895909 0.876647 0.785517 0.976668 0.965427 0.968709 0.967888 0.831371 0.749483 0.799264 0.707367 0.754101 0.801116 0.726439 0.800507 0.932944 0.989836 0.922293 0.985653 0.749171 0.823644 0.521400 0.627345 0.789983 0.967374 0.638754 0.686738 0.500161 0.516287 0.820846 0.816516 0.926659 0.952549 0.758372 0.658860 0.959718 0.993292 0.989680 0.981773 0.989233 0.981128 0.800294 0.897894 0.815381 0.927274 0.485835 0.566754 0.811437 0.646386 0.732674 0.785789 0.936514 0.843124 0.816420 0.794149 0.835347 0.966901 0.981212 0.952039 0.884937 0.793426 0.867850 0.971983 0.864049 0.762224 0.991201 0.881609 0.908333 0.871191 0.911200 0.936380 0.988951 0.948757 0.892219 0.925435 0.882237 0.855874 0.744868 0.987151 0.912648 0.985828
0.501487 0.556874 0.716287 0.723437 0.883325 0.987175 0.622627 0.638840 0.877804 0.707520 0.807860 0.709399 0.681995 0.804153 0.830391 0.942638 0.532763 0.000000 0.574101 0.647691 0.891088 0.888553 0.821296 0.997518 0.816566 0.934462 0.949668 0.962676 0.673725 0.535093 0.849188 0.894671 0.556051 0.607011 0.749626 0.792305 0.898837 0.822142 0.850214 0.834206 0.864386 0.998516 0.727744 0.674882 0.744180 0.662407 0.619035 0.702474 0.757416 0.849842 0.964745 0.984753 0.995513 0.972534 0.640278 0.729121 0.474215 0.660717 0.735572 0.855201 0.502678 0.568396 0.427745 0.481508 0.702968 0.667010 0.771070 0.798255 0.953327 0.721331 0.882303 0.929481 0.856188 0.994132 0.966479 0.963609 0.844237 0.892912 0.755197 0.870618 0.408607 0.428783 0.798220 0.590923 0.658580 0.686340 0.916176 0.887325 0.762886 0.635288 0.844905 0.989130 0.940734 0.928509 0.811746 0.757840 0.906990 0.971140 0.793541 0.720583 0.918776 0.898574 0.974617 0.875647 0.877697 0.757886 0.999701 0.909282 0.789261 0.857819 0.875634 0.841261 0.828196 0.886874 0.905235 0.991638
0.544226 0.683654 0.700470 0.809169 0.825669 0.980358 0.610675 0.709427 0.871373 0.609011 0.793383 0.785039 0.729455 0.915902 0.935476 0.965506 0.587895 0.574101 0.000000 0.608967 0.898765 0.925322 0.810827 0.919799 0.956983 0.941665 0.982520 0.979496 0.662972 0.667305 0.852002 0.901796 0.611727 0.662864 0.740961 0.890989 0.989002 0.740208 0.921451 0.996839 0.958332 0.993080 0.887443 0.832369 0.963063 0.797143 0.747209 0.840208 0.937408 0.939635 0.994367 0.984378 0.907353 0.912094 0.728517 0.770092 0.609395 0.727163 0.776658 0.881991 0.562451 0.688173 0.459616 0.572601 0.792531 0.749940 0.814599 0.846423 0.814577 0.812521 0.849667 0.984811 0.844457 0.925128 0.958111 0.944087 0.845441 0.782151 0.847715 0.890277 0.540182 0.563141 0.860246 0.714938 0.653974 0.779784 0.924522 0.878380 0.753524 0.758640 0.806515 0.918387 0.896765 0.942387 0.903175 0.803307 0.799118 0.950051 0.806396 0.703137 0.858895 0.862984 0.862362 0.928551 0.928397 0.762800 0.914713 0.892925 0.898476 0.976901 0.845449 0.888493 0.814139 0.909071 0.965826 0.916521
0.689449 0.789154 0.793432 0.809936 0.870524 0.839584 0.711672 0.664418 0.928253 0.595537 0.708159 0.729017 0.805614 0.898296 0.945727 0.919910 0.664016 0.647691 0.608967 0.000000 0.908048 0.916842 0.937183 0.867596 0.898416 0.832599 0.897205 0.707827 0.806836 0.759396 0.946454 0.906258 0.736015 0.685355 0.803415 0.993257 0.949723 0.846562 0.897747 0.907569 0.917890 0.936531 0.858707 0.823035 0.992257 0.838844 0.840148 0.784399 0.917128 0.868572 0.957339 0.930784 0.812391 0.735931 0.934592 0.800338 0.727216 0.671809 0.591430 0.611795 0.657918 0.620667 0.653275 0.607454 0.965632 0.762457 0.817853 0.792664 0.854399 0.723951 0.963049 0.999044 0.897427 0.901833 0.831968 0.985148 0.769696 0.957556 0.841734 0.967663 0.690669 0.707910 0.913358 0.844120 0.874743 0.985048 0.881126 0.956883 0.802397 0.769877 0.892860 0.980843 0.934645 0.872303 0.944968 0.817106 0.769749 0.899292 0.801147 0.831436 0.751018 0.888667 0.802335 0.870404 0.907318 0.870126 0.992559 0.957478 0.850837 0.903670 0.720141 0.981773 0.930241 0.953665 0.956962 0.938189
0.806336 0.976455 0.802031 0.778752 0.880161 0.852449 0.840021 0.827444 0.972924 0.802991 0.775158 0.967471 0.975553 0.895919 0.904770 0.939744 0.928168 0.891088 0.898765 0.908048 0.000000 0.967082 0.984941 0.984609 0.877640 0.895586 0.876491 0.960010 0.909009 0.908186 0.965623 0.932928 0.876257 0.814334 0.901501 0.936875 0.825400 0.983958 0.940826 0.977872 0.984684 0.957811 0.818216 0.823165 0.896483 0.930051 0.764863 0.938962 0.900190 0.983966 0.951967 0.869536 0.821680 0.875935 0.856935 0.971264 0.892866 0.921341 0.847652 0.930493 0.907247 0.943860 0.922107 0.965619 0.876337 0.832539 0.726664 0.803061 0.990775 0.866212 0.980340 0.919082 0.949639 0.953926 0.963853 0.986000 0.879780 0.871047 0.948224 0.976472 0.928986 0.954957 0.839161 0.936140 0.932351 0.902904 0.984261 0.997440 0.937534 0.879591 0.858961 0.967236 0.834354 0.881291 0.919558 0.791463 0.818376 0.939615 0.920860 0.933060 0.792192 0.909456 0.876988 0.884332 0.900097 0.908437 0.948716 0.950158 0.820384 0.927669 0.936702 0.850048 0.843084 0.887243 0.944723 0.859646
0.958342 0.997203 0.941576 0.919656 0.911337 0.864314 0.992485 0.996595 0.975007 0.977721 0.971559 0.847770 0.845660 0.850357 0.890692 0.943778 0.992532 0.888553 0.925322 0.916842 0.967082 0.000000 0.994852 0.969257 0.964593 0.986257 0.915118 0.876542 0.998337 0.979526 0.998156 0.907977 0.979843 0.979397 0.994288 0.996477 0.994640 0.979355 0.965510 0.925253 0.930517 0.797939 0.994550 0.914340 0.949860 0.883884 0.938572 0.953040 0.973056 0.937700 0.876162 0.950539 0.924648 0.980688 0.833745 0.953737 0.862730 0.904015 0.948210 0.931869 0.916375 0.950127 0.919636 0.914093 0.927049 0.905483 0.909432 0.898802 0.999432 0.960923 0.973933 0.879455 0.832950 0.985689 0.976382 0.919895 0.961507 0.986159 0.951644 0.940676 0.991189 0.981116 0.891799 0.920024 0.989672 0.979031 0.765340 0.903007 0.973600 0.993432 0.919774 0.983367 0.863746 0.854987 0.990062 0.999559 0.978244 0.870100 0.963181 0.957456 0.916507 0.770553 0.974176 0.890165 0.957698 0.869165 0.913069 0.914490 0.984966 0.833808 0.949254 0.910241 0.978061 0.882458 0.975605 0.961397
0.965886 0.990251 0.872212 0.939555 0.549643 0.917373 0.853393 0.892640 0.674015 0.892482 0.666390 0.661978 0.960624 0.979015 0.597926 0.885677 0.894009 0.821296 0.810827 0.937183 0.984941 0.994852 0.000000 0.469081 0.802549 0.925811 0.869629 0.961089 0.892969 0.778417 0.541129 0.622971 0.830963 0.962403 0.823354 0.937189 0.895688 0.932837 0.821909 0.894885 0.895574 0.933611 0.813558 0.818593 0.930202 0.998508 0.943719 0.996942 0.901999 0.745751 0.711596 0.557471 0.703592 0.655812 0.983177 0.950286 0.819558 0.831035 0.904056 0.952329 0.922838 0.858734 0.796624 0.927907 0.595494 0.870929 0.966826 0.968917 0.872546 0.926704 0.894047 0.916383 0.657655 0.775778 0.878430 0.972625 0.840499 0.837231 0.822013 0.955832 0.727478 0.637225 0.531732 0.577200 0.428563 0.549383 0.774413 0.504439 0.907782 0.716383 0.955320 0.836406 0.986638 0.946377 0.958899 0.868475 0.877624 0.862085 0.988854 0.809522 0.884820 0.910986 0.781133 0.914910 0.723889 0.886681 0.940693 0.929159 0.869830 0.993996 0.988136 0.999982 0.990637 0.974979 0.897027 0.796371
0.817322 0.929899 0.960187 0.988455 0.663541 0.953029 0.935883 0.774477 0.974546 0.806971 0.656765 0.677481 0.844251 0.938617 0.690804 0.775543 0.978750 0.997518 0.919799 0.867596 0.984609 0.969257 0.469081 0.000000 0.763286 0.777831 0.704248 0.889101 0.995005 0.865374 0.601788 0.621765 0.992994 0.899530 0.923273 0.912671 0.962408 0.793576 0.910673 0.931311 0.902713 0.961329 0.827830 0.842180 0.985528 0.936336 0.982401 0.948937 0.995085 0.888419 0.740216 0.704354 0.792642 0.676254 0.963625 0.960434 0.968330 0.911853 0.709199 0.763394 0.823066 0.748579 0.973371 0.818975 0.673006 0.841846 0.982151 0.952408 0.735514 0.905020 0.905928 0.873396 0.689811 0.803275 0.965273 0.976698 0.780739 0.881795 0.909835 0.845647 0.921108 0.819827 0.629436 0.781966 0.593475 0.536967 0.810909 0.570085 0.893838 0.952692 0.882599 0.960914 0.853299 0.947761 0.951699 0.986579 0.959462 0.841558 0.851866 0.956719 0.875402 0.818588 0.645219 0.844442 0.873538 0.977430 0.915921 0.989047 0.997006 0.924358 0.854281 0.889057 0.999691 0.903769 0.922145 0.929241
0.877331 0.900811 0.792641 0.694101 0.844653 0.834642 0.851876 0.915526 0.932354 0.891206 0.930339 0.910771 0.893116 0.941020 0.965609 0.940955 0.947255 0.816566 0.956983 0.898416 0.877640 0.964593 0.802549 0.763286 0.000000 0.590604 0.818096 0.758516 0.899581 0.925683 0.684218 0.766528 0.797073 0.894098 0.794670 0.810407 0.867331 0.760470 0.864910 0.867845 0.814533 0.829383 0.650281 0.682127 0.599811 0.677494 0.736345 0.665485 0.737246 0.848993 0.743470 0.981714 0.817648 0.767025 0.978593 0.760246 0.838624 0.951934 0.857934 0.733696 0.957019 0.968832 0.897889 0.933813 0.650827 0.725952 0.719866 0.726765 0.718454 0.873480 0.779143 0.743537 0.916423 0.910212 0.869640 0.915867 0.915738 0.954026 0.775503 0.825272 0.726788 0.721661 0.762149 0.718671 0.721145 0.573970 0.997093 0.899800 0.991815 0.835544 0.772531 0.816909 0.770313 0.690780 0.809723 0.811567 0.938718 0.897198 0.885779 0.903799 0.838264 0.957923 0.947079 0.900926 0.960806 0.846344 0.795954 0.938718 0.906567 0.992265 0.966930 0.829440 0.926048 0.970037 0.880296 0.877002
0.846656 0.921530 0.879181 0.744809 0.986546 0.824281 0.902180 0.938571 0.957686 0.861507 0.952294 0.922496 0.849735 0.950246 0.970792 0.933172 0.991132 0.934462 0.941665 0.832599 0.895586 0.986257 0.925811 0.777831 0.590604 0.000000 0.875066 0.685408 0.952229 0.985644 0.768891 0.944337 0.853204 0.912546 0.903696 0.731618 0.789777 0.847938 0.821027 0.912167 0.878159 0.738980 0.805636 0.793915 0.867093 0.856092 0.878648 0.811260 0.824566 0.961445 0.893881 0.853589 0.910029 0.795675 0.899864 0.848105 0.944014 0.820274 0.795818 0.708237 0.972132 0.957898 0.972228 0.863973 0.691559 0.815826 0.766244 0.853231 0.810345 0.960184 0.755394 0.761749 0.894046 0.906583 0.819358 0.895577 0.851208 0.778972 0.916433 0.927748 0.871891 0.889037 0.875978 0.866117 0.850820 0.648372 0.862931 0.953839 0.935519 0.829091 0.798076 0.793212 0.803355 0.728854 0.792418 0.877163 0.966366 0.997127 0.904915 0.924328 0.878040 0.916516 0.996321 0.905181 0.874167 0.891416 0.848163 0.981585 0.968625 0.935783 0.916336 0.896555 0.915468 0.947097 0.882895 0.811827
0.882793 0.962563 0.918277 0.987683 0.906818 0.846200 0.888989 0.889560 0.920529 0.758509 0.779098 0.917592 0.845678 0.927322 0.900423 0.854895 0.956962 0.949668 0.982520 0.897205 0.876491 0.915118 0.869629 0.704248 0.818096 0.875066 0.000000 0.882404 0.879197 0.841730 0.964437 0.819333 0.899680 0.855746 0.849914 0.892498 0.869526 0.944252 0.946338 0.979937 0.882542 0.993542 0.843487 0.923826 0.877095 0.859766 0.973715 0.993089 0.889467 0.891198 0.996522 0.985904 0.907714 0.868618 0.929965 0.892858 0.871758 0.876179 0.765819 0.824246 0.879450 0.944048 0.955771 0.813388 0.843395 0.838588 0.964296 0.958455 0.692861 0.940051 0.954628 0.867765 0.823063 0.873851 0.963537 0.969171 0.969151 0.990132 0.928448 0.789485 0.942686 0.887787 0.855093 0.913785 0.933549 0.750057 0.993228 0.925777 0.844864 0.957336 0.877250 0.978656 0.849600 0.992160 0.956546 0.900797 0.868117 0.828819 0.834273 0.888289 0.914040 0.833694 0.702020 0.868152 0.820939 0.958023 0.953741 0.873316 0.946745 0.986664 0.851070 0.866617 0.902414 0.882766 0.932734 0.931503
0.976309 0.828069 0.912328 0.975740 0.885499 0.843970 0.837930 0.914809 0.888428 0.759604 0.962754 0.991513 0.963319 0.905759 0.971772 0.839829 0.960921 0.962676 0.979496 0.707827 0.960010 0.876542 0.961089 0.889101 0.758516 0.685408 0.882404 0.000000 0.925547 0.991873 0.932487 0.945866 0.970987 0.989011 0.985993 0.906171 0.948204 0.933765 0.988519 0.930423 0.995983 0.949714 0.938827 0.915009 0.913246 0.963971 0.965018 0.946834 0.981911 0.908084 0.936420 0.865102 0.853343 0.839142 0.975789 0.987043 0.948755 0.910223 0.760116 0.772907 0.826881 0.930241 0.953156 0.882164 0.925670 0.986988 0.999484 0.960321 0.999044 0.965376 0.932918 0.836550 0.920574 0.951472 0.845817 0.973392 0.945924 0.857174 0.954839 0.822514 0.992680 0.983935 0.973740 0.982716 0.952282 0.843649 0.999264 0.983410 0.888976 0.896706 0.933236 0.916794 0.955718 0.995310 0.963757 0.989681 0.805816 0.935361 0.927120 0.933933 0.990200 0.930575 0.979459 0.957867 0.983833 0.958362 0.937043 0.919207 0.828951 0.961152 0.848770 0.996208 0.981397 0.972189 0.913880 0.949656
0.767337 0.697558 0.954188 0.953791 0.874134 0.946013 0.937461 0.884698 0.817612 0.836165 0.914151 0.865153 0.759491 0.856710 0.776415 0.901481 0.676218 0.673725 0.662972 0.806836 0.909009 0.998337 0.892969 0.995005 0.899581 0.952229 0.879197 0.925547 0.000000 0.566754 0.965812 0.845188 0.834788 0.834926 0.948285 0.931503 0.997674 0.740790 0.959044 0.933495 0.886698 0.984716 0.904125 0.978654 0.890366 0.977353 0.888606 0.955143 0.944462 0.876195 0.783800 0.908921 0.896571 0.993602 0.898410 0.773091 0.751288 0.796067 0.993661 0.934701 0.796435 0.670987 0.690721 0.680915 0.973422 0.896317 0.875090 0.909765 0.891167 0.852222 0.925389 0.951118 0.814289 0.812791 0.914633 0.881799 0.871139 0.865233 0.870786 0.912912 0.734176 0.781301 0.835458 0.753761 0.915890 0.878563 0.970164 0.907852 0.877353 0.826814 0.942354 0.790139 0.845236 0.758363 0.956545 0.863980 0.968668 0.997678 0.987437 0.903355 0.900157 0.846858 0.978721 0.990726 0.923818 0.979990 0.914502 0.917066 0.914799 0.938469 0.917772 0.963866 0.786743 0.990968 0.950708 0.792642
0.704654 0.613847 0.960007 0.963582 0.831494 0.970382 0.869673 0.833762 0.926115 0.935938 0.975234 0.766265 0.670466 0.638997 0.655210 0.698505 0.650280 0.535093 0.667305 0.759396 0.908186 0.979526 0.778417 0.865374 0.925683 0.985644 0.841730 0.991873 0.566754 0.000000 0.793457 0.752576 0.722491 0.774958 0.873057 0.854660 0.933508 0.906585 0.924348 0.918454 0.995765 0.904967 0.908148 0.896906 0.971330 0.888166 0.717941 0.793969 0.822175 0.894377 0.943750 0.932656 0.884386 0.932061 0.749051 0.765158 0.635465 0.676888 0.895690 0.905693 0.715926 0.667709 0.625649 0.652496 0.818602 0.736206 0.959905 0.959497 0.979297 0.888579 0.932113 0.841711 0.803460 0.839679 0.923883 0.907689 0.930490 0.882607 0.735124 0.711615 0.654373 0.591091 0.696639 0.628054 0.745691 0.747988 0.788013 0.843212 0.819147 0.800570 0.867249 0.787950 0.786211 0.779842 0.879042 0.982536 0.963234 0.942004 0.916424 0.947808 0.910833 0.893981 0.862714 0.988254 0.950532 0.828750 0.986878 0.924238 0.950356 0.957751 0.941503 0.998121 0.844764 0.991463 0.921979 0.921910
0.944065 0.955031 0.869800 0.842946 0.789457 0.971180 0.894518 0.980067 0.908271 0.927621 0.790684 0.765736 0.920206 0.860873 0.718613 0.822453 0.976445 0.849188 0.852002 0.946454 0.965623 0.998156 0.541129 0.601788 0.684218 0.768891 0.964437 0.932487 0.965812 0.793457 0.000000 0.557808 0.688828 0.915996 0.752867 0.873896 0.939187 0.752573 0.971214 0.887795 0.963635 0.894726 0.899442 0.897463 0.708238 0.766801 0.759364 0.681912 0.709527 0.712089 0.653356 0.645782 0.770808 0.680840 0.972740 0.818264 0.843833 0.886687 0.906278 0.945729 0.980636 0.935380 0.877124 0.963858 0.748431 0.827642 0.809201 0.766201 0.764349 0.960073 0.681984 0.761146 0.749406 0.708608 0.967428 0.998721 0.968877 0.952413 0.846925 0.933132 0.798606 0.742424 0.668695 0.701961 0.615818 0.617353 0.915994 0.705536 0.948554 0.892361 0.870449 0.843143 0.869940 0.845084 0.962373 0.864803 0.874085 0.995713 0.810348 0.817697 0.979745 0.926369 0.881182 0.928269 0.884602 0.858297 0.973328 0.881277 0.896963 0.955217 0.913699 0.896187 0.930265 0.963123 0.951165 0.869194
0.931685 0.968168 0.995220 0.933493 0.809445 0.934624 0.930538 0.874858 0.981755 0.941296 0.759119 0.815071 0.931101 0.773505 0.651182 0.714794 0.942023 0.894671 0.901796 0.906258 0.932928 0.907977 0.622971 0.621765 0.766528 0.944337 0.819333 0.945866 0.845188 0.752576 0.557808 0.000000 0.864884 0.980624 0.891137 0.807579 0.981760 0.862507 0.922155 0.891240 0.969721 0.990631 0.934375 0.984520 0.847752 0.956091 0.877125 0.836624 0.992179 0.977326 0.873301 0.747965 0.739714 0.714225 0.909636 0.846866 0.928403 0.935020 0.734846 0.889865 0.943956 0.882759 0.942494 0.990316 0.829860 0.878047 0.963305 0.906915 0.785135 0.914471 0.945003 0.877798 0.740983 0.692992 0.999576 0.901537 0.894908 0.987326 0.848085 0.781537 0.941804 0.790120 0.625492 0.717125 0.713650 0.697303 0.750626 0.615036 0.914597 0.900515 0.887136 0.952391 0.819537 0.969776 0.931768 0.883924 0.956087 0.987070 0.988613 0.945001 0.908324 0.840277 0.776774 0.864950 0.877869 0.955304 0.979275 0.906513 0.892766 0.913269 0.965861 0.927272 0.917845 0.903867 0.991070 0.797819
0.567077 0.599257 0.566441 0.632430 0.998751 0.932823 0.527321 0.599309 0.838591 0.632399 0.840557 0.882204 0.887581 0.997014 0.968758 0.934484 0.661184 0.556051 0.611727 0.736015 0.876257 0.979843 0.830963 0.992994 0.797073 0.853204 0.899680 0.970987 0.834788 0.722491 0.688828 0.864884 0.000000 0.550977 0.701411 0.849530 0.967997 0.998563 0.947500 0.884204 0.809100 0.905255 0.643641 0.587840 0.623113 0.561854 0.732551 0.596586 0.679383 0.768314 0.851615 0.946321 0.998331 0.952663 0.804657 0.872227 0.569794 0.703350 0.688653 0.824132 0.548031 0.683725 0.533745 0.580331 0.712048 0.706226 0.623110 0.637397 0.936292 0.845842 0.877029 0.949110 0.973229 0.920772 0.931161 0.974584 0.783946 0.825549 0.846125 0.978067 0.524878 0.537285 0.859582 0.684914 0.648936 0.753422 0.947849 0.924026 0.833310 0.775577 0.692320 0.798617 0.700783 0.847864 0.722832 0.715578 0.732990 0.873243 0.580710 0.616668 0.826178 0.948724 0.876645 0.708419 0.939153 0.696313 0.840423 0.786292 0.819609 0.794326 0.793129 0.688371 0.768214 0.921510 0.984190 0.946738
0.539949 0.709073 0.566397 0.512522 0.961345 0.892278 0.562711 0.426601 0.954401 0.611141 0.567410 0.690064 0.804381 0.951141 0.806391 0.865813 0.762011 0.607011 0.662864 0.685355 0.814334 0.979397 0.962403 0.899530 0.894098 0.912546 0.855746 0.989011 0.834926 0.774958 0.915996 0.980624 0.550977 0.000000 0.743871 0.776655 0.883027 0.992754 0.762235 0.668558 0.866556 0.931807 0.631064 0.650915 0.828899 0.695000 0.623805 0.639644 0.898269 0.960986 0.976698 0.846463 0.693137 0.666990 0.763281 0.659248 0.723557 0.855794 0.649328 0.666189 0.556138 0.471505 0.602952 0.534711 0.784580 0.524475 0.534904 0.502934 0.980595 0.667881 0.981011 0.828208 0.962418 0.983612 0.975288 0.952779 0.752117 0.738822 0.852830 0.933295 0.645758 0.636112 0.899136 0.846586 0.804894 0.820374 0.901980 0.850291 0.829634 0.689659 0.810426 0.999933 0.753205 0.980866 0.882368 0.730057 0.709614 0.921675 0.564731 0.660906 0.703706 0.975891 0.751619 0.797305 0.877049 0.702607 0.890378 0.871074 0.859838 0.810775 0.734381 0.774351 0.814735 0.937961 0.980707 0.980311
0.775972 0.856753 0.737223 0.689891 0.916314 0.836405 0.743585 0.769110 0.948767 0.809316 0.865580 0.902904 0.959692 0.910723 0.954068 0.833549 0.774076 0.749626 0.740961 0.803415 0.901501 0.994288 0.823354 0.923273 0.794670 0.903696 0.849914 0.985993 0.948285 0.873057 0.752867 0.891137 0.701411 0.743871 0.000000 0.919021 0.899706 0.893187 0.977887 0.843754 0.991459 0.889969 0.745879 0.786712 0.684142 0.683951 0.773183 0.753356 0.774722 0.853652 0.829793 0.861395 0.940047 0.924526 0.833732 0.675605 0.822423 0.893230 0.933159 0.930681 0.769407 0.846948 0.724489 0.725985 0.779810 0.842884 0.732490 0.756696 0.957543 0.801538 0.812525 0.761326 0.937347 0.971239 0.988322 0.989469 0.915078 0.889709 0.745931 0.981287 0.643529 0.649742 0.821252 0.650233 0.737141 0.741817 0.906616 0.873752 0.990138 0.790260 0.738446 0.790740 0.693226 0.863325 0.870442 0.746491 0.775848 0.874054 0.736638 0.763999 0.988473 0.866389 0.847939 0.860694 0.978416 0.780761 0.916416 0.698838 0.852524 0.987778 0.824440 0.841870 0.985980 0.941768 0.815132 0.943847
0.881209 0.912550 0.878363 0.773647 0.983929 0.937325 0.886200 0.819959 0.887249 0.919823 0.889526 0.888300 0.938452 0.908880 0.918185 0.991300 0.895909 0.792305 0.890989 0.993257 0.936875 0.996477 0.937189 0.912671 0.810407 0.731618 0.892498 0.906171 0.931503 0.854660 0.873896 0.807579 0.849530 0.776655 0.919021 0.000000 0.802964 0.990293 0.926339 0.759666 0.955738 0.892991 0.884646 0.888377 0.897581 0.917697 0.911514 0.848193 0.980125 0.937636 0.943396 0.968227 0.996618 0.960971 0.806481 0.855163 0.902655 0.999650 0.993711 0.977486 0.869965 0.857485 0.906526 0.956304 0.768822 0.749305 0.792218 0.743191 0.813844 0.970644 0.772782 0.878001 0.862237 0.885289 0.841783 0.989171 0.916089 0.892739 0.954541 0.895323 0.876793 0.836450 0.974606 0.985181 0.900853 0.851984 0.953976 0.998654 0.939822 0.794039 0.995822 0.981178 0.929241 0.967452 0.744480 0.990111 0.965868 0.989379 0.831168 0.918157 0.956365 0.895943 0.926497 0.935491 0.985279 0.907085 0.867890 0.997570 0.913859 0.952865 0.965268 0.909252 0.947604 0.970676 0.841202 0.938659
0.966586 0.942277 0.945704 0.888464 0.908952 0.920007 0.969115 0.936021 0.974464 0.952903 0.944380 0.984649 0.955725 0.969026 0.988306 0.937860 0.876647 0.898837 0.989002 0.949723 0.825400 0.994640 0.895688 0.962408 0.867331 0.789777 0.869526 0.948204 0.997674 0.933508 0.939187 0.981760 0.967997 0.883027 0.899706 0.802964 0.000000 0.901138 0.991515 0.950247 0.942991 0.835528 0.939977 0.940668 0.951382 0.976444 0.965092 0.883810 0.955635 0.987997 0.953722 0.993658 0.945135 0.943528 0.863819 0.984575 0.892341 0.958844 0.979661 0.998640 0.972355 0.941685 0.978285 0.990710 0.830073 0.869440 0.928029 0.868429 0.966191 0.984218 0.858960 0.843329 0.938095 0.861719 0.876637 0.903464 0.941829 0.870487 0.799133 0.917540 0.918806 0.990668 0.939399 0.901273 0.926112 0.900405 0.993273 0.996260 0.957881 0.869585 0.927544 0.968690 0.877499 0.966598 0.988715 0.940248 0.878221 0.981490 0.914221 0.933231 0.943891 0.923694 0.817071 0.923514 0.930563 0.834619 0.954426 0.969682 0.961221 0.973841 0.999956 0.883001 0.904603 0.813219 0.794527 0.967070
0.823167 0.892228 0.910559 0.929558 0.849149 0.868037 0.854963 0.903529 0.810397 0.818698 0.864175 0.845828 0.763761 0.964855 0.924433 0.908337 0.785517 0.822142 0.740208 0.846562 0.983958 0.979355 0.932837 0.793576 0.760470 0.847938 0.944252 0.933765 0.740790 0.906585 0.752573 0.862507 0.998563 0.992754 0.893187 0.990293 0.901138 0.000000 0.968875 0.994818 0.997366 0.835200 0.816605 0.805012 0.736784 0.740848 0.917331 0.794107 0.777417 0.814588 0.673396 0.789367 0.918521 0.831210 0.976828 0.979943 0.907786 0.820958 0.880425 0.927404 0.719659 0.816844 0.805544 0.805782 0.967573 0.976130 0.836395 0.757547 0.806902 0.938582 0.769486 0.817420 0.931351 0.851206 0.945053 0.944502 0.933680 0.971933 0.958719 0.980798 0.901487 0.924668 0.913634 0.992580 0.986732 0.953035 0.946859 0.922135 0.804544 0.859947 0.957198 0.892436 0.874381 0.813658 0.885331 0.990025 0.990959 0.917400 0.969156 0.995863 0.902345 0.891904 0.899821 0.874680 0.966261 0.928234 0.993588 0.869874 0.996954 0.961859 0.994496 0.978459 0.959355 0.891590 0.994378 0.910158
