0.000000 0.434963 0.948034 0.906832 0.950157 0.782432 0.540885 0.541895 0.801125 0.596069 0.570789 0.445400 0.565543 0.607371 0.822917 0.905436 0.450869 0.446887 0.523151 0.642984 0.791207 0.852902 0.875395 0.858037 0.665537 0.660046 0.885616 0.831346 0.635660 0.642677 0.929512 0.982143 0.608446 0.659135 0.879422 0.851551 0.804860 0.921891 0.896162 0.912706 0.927230 0.924872 0.515920 0.527594 0.576533 0.574268 0.606800 0.643767 0.526785 0.615820 0.590970 0.718217 0.761355 0.899714 0.625092 0.697318 0.512144 0.448918 0.486273 0.527972 0.516226 0.591322 0.548090 0.479279 0.801541 0.928117 0.790193 0.869563 0.661610 0.595364 0.945818 0.932190 0.877477 0.841288 0.856843 0.980875 0.741037 0.732181 0.723541 0.768309 0.440018 0.532078 0.813110 0.780339 0.567383 0.941869 0.785826 0.923210 0.688141 0.871291 0.647602 0.845524 0.813118 0.963697 0.906332 0.936492 0.793758 0.983527 0.513711 0.565692 0.855688 0.599706 0.585338 0.787751 0.806348 0.903363 0.861756 0.930117 0.933969 0.850103 0.852293 0.819093 0.745097 0.861216 0.802231 0.868958
0.434963 0.000000 0.938022 0.949228 0.970177 0.825798 0.748786 0.709662 0.856743 0.758485 0.787402 0.679426 0.787612 0.758809 0.870748 0.960375 0.559670 0.609119 0.733745 0.632750 0.930374 0.819401 0.882350 0.966110 0.933336 0.845960 0.977381 0.786049 0.753197 0.742047 0.942978 0.939087 0.803911 0.766800 0.955150 0.838661 0.929719 0.987790 0.830412 0.828791 0.933383 0.873996 0.573324 0.646491 0.700204 0.679320 0.678301 0.761120 0.578190 0.574073 0.597086 0.640951 0.740399 0.764934 0.704662 0.692955 0.454634 0.392423 0.650063 0.532908 0.736403 0.692244 0.747046 0.678443 0.990936 0.969428 0.739716 0.878508 0.541034 0.505296 0.949221 0.786011 0.969564 0.953043 0.916197 0.996865 0.805218 0.762630 0.766602 0.760381 0.639681 0.674985 0.772738 0.922042 0.652013 0.872001 0.829800 0.951723 0.804166 0.855041 0.645400 0.828032 0.741880 0.877819 0.998855 0.857462 0.727061 0.897461 0.592796 0.545325 0.939241 0.692134 0.674821 0.841503 0.726899 0.940767 0.845560 0.962554 0.990849 0.831434 0.968377 0.820781 0.800107 0.762956 0.806621 0.856118
0.948034 0.938022 0.000000 0.668268 0.798618 0.959653 0.694551 0.683082 0.896374 0.961576 0.890616 0.888971 0.993018 0.877610 0.889628 0.774239 0.864553 0.844622 0.868139 0.806936 0.942922 0.882105 0.842594 0.972155 0.686274 0.773212 0.898477 0.987892 0.873145 0.858606 0.757248 0.721165 0.793343 0.634934 0.795273 0.966683 0.818723 0.942361 0.781003 0.917560 0.918057 0.821125 0.930320 0.940823 0.804573 0.902432 0.698951 0.999435 0.825285 0.906812 0.998184 0.811121 0.839407 0.764807 0.873857 0.899824 0.704657 0.869165 0.690686 0.890361 0.831393 0.982144 0.782078 0.841660 0.724121 0.663303 0.638054 0.629617 0.993092 0.819096 0.966326 0.908674 0.936145 0.933485 0.842895 0.873367 0.879108 0.787209 0.757162 0.913028 0.822241 0.706277 0.902413 0.817985 0.972755 0.776146 0.694820 0.998481 0.889874 0.939088 0.735181 0.705456 0.700114 0.755723 0.952337 0.991679 0.929849 0.900324 0.828138 0.872157 0.937028 0.878529 0.993767 0.880062 0.892781 0.987563 0.893526 0.874236 0.967541 0.886606 0.944399 0.841813 0.828887 0.973306 0.897482 0.988041
0.906832 0.949228 0.668268 0.000000 0.802142 0.833040 0.989434 0.839447 0.965857 0.993122 0.823904 0.839860 0.677560 0.679764 0.740155 0.917246 0.957209 0.977455 0.979587 0.863634 0.914602 0.909852 0.938681 0.677625 0.606846 0.688900 0.851640 0.911996 0.864933 0.929212 0.920340 0.771675 0.942667 0.834035 0.851222 0.874256 0.896474 0.680378 0.981516 0.966834 0.904446 0.974400 0.924360 0.917032 0.902521 0.974422 0.911822 0.964250 0.929382 0.801181 0.773250 0.746704 0.827898 0.810472 0.867371 0.920803 0.790984 0.862429 0.798182 0.658351 0.904658 0.960599 0.939645 0.954333 0.717113 0.544901 0.521288 0.557126 0.897925 0.798616 0.856647 0.837344 0.827455 0.847281 0.826275 0.834898 0.880629 0.978381 0.982332 0.949251 0.935893 0.998313 0.817719 0.977361 0.815203 0.682939 0.829221 0.932731 0.866949 0.820361 0.884758 0.811649 0.818519 0.826855 0.934281 0.983970 0.950141 0.988854 0.951290 0.991653 0.819216 0.906726 0.998393 0.996508 0.818278 0.868332 0.831276 0.910134 0.964329 0.936869 0.914784 0.970113 0.861364 0.888638 0.978617 0.996668
0.950157 0.970177 0.798618 0.802142 0.000000 0.659740 0.833480 0.908859 0.786467 0.781950 0.760968 0.746882 0.616399 0.679585 0.506747 0.623888 0.820248 0.860338 0.860176 0.923334 0.893054 0.943510 0.634246 0.867421 0.634184 0.685143 0.996203 0.761258 0.701403 0.693621 0.947557 0.984906 0.828166 0.920345 0.951720 0.958002 0.961837 0.833025 0.926223 0.981983 0.939594 0.938863 0.870899 0.802751 0.628492 0.667607 0.990007 0.824126 0.711637 0.856281 0.769739 0.838297 0.684322 0.796193 0.947226 0.845993 0.840503 0.981936 0.975677 0.999428 0.744719 0.760942 0.775030 0.720541 0.738957 0.762896 0.969321 0.913042 0.929724 0.950461 0.752725 0.890142 0.971722 0.956036 0.913849 0.864004 0.773405 0.787719 0.955202 0.825681 0.768198 0.909722 0.727002 0.721043 0.647722 0.885289 0.776497 0.806522 0.873022 0.956377 0.752001 0.838652 0.818006 0.986503 0.979929 0.907796 0.839204 0.836408 0.753098 0.768676 0.741332 0.943169 0.822447 0.981987 0.962823 0.934365 0.873765 0.923312 0.788521 0.893797 0.840169 0.677044 0.871162 0.878404 0.999028 0.980098
0.782432 0.825798 0.959653 0.833040 0.659740 0.000000 0.603794 0.578453 0.661591 0.552409 0.810325 0.755594 0.796721 0.840934 0.678018 0.693053 0.665609 0.710315 0.726055 0.800042 0.843692 0.971397 0.634545 0.809354 0.803944 0.986985 0.926686 0.928981 0.645469 0.693814 0.736177 0.897186 0.674886 0.649152 0.894669 0.982354 0.909920 0.993397 0.931949 0.873030 0.974217 0.831579 0.604108 0.610376 0.502698 0.507764 0.726135 0.608234 0.568015 0.581954 0.532245 0.689639 0.581204 0.707085 0.791918 0.660312 0.925187 0.874899 0.775285 0.679094 0.592673 0.585927 0.722950 0.630158 0.937113 0.836903 0.652339 0.672010 0.972110 0.793007 0.778399 0.921199 0.886803 0.971324 0.886038 0.974238 0.592322 0.749723 0.775802 0.562642 0.585497 0.687825 0.875533 0.841644 0.583582 0.654556 0.939862 0.985620 0.879776 0.974105 0.548522 0.683985 0.576573 0.961173 0.819822 0.911272 0.863960 0.910086 0.577495 0.637550 0.671172 0.720104 0.657078 0.939814 0.808465 0.937396 0.991296 0.970414 0.839265 0.961675 0.877286 0.757893 0.854500 0.883806 0.905354 0.881977
0.540885 0.748786 0.694551 0.989434 0.833480 0.603794 0.000000 0.292608 0.725172 0.360636 0.390020 0.435000 0.434068 0.596431 0.627589 0.921335 0.430582 0.440581 0.461306 0.576232 0.867887 0.902571 0.990317 0.743647 0.566076 0.757205 0.560286 0.947715 0.398152 0.408999 0.659268 0.750248 0.345523 0.362857 0.959825 0.965816 0.904739 0.753901 0.874338 0.974384 0.864998 0.975316 0.460389 0.413657 0.511700 0.434060 0.466319 0.495089 0.597551 0.783689 0.616814 0.994184 0.945862 0.864989 0.754043 0.661041 0.704159 0.792886 0.467347 0.715408 0.246381 0.482538 0.309170 0.315996 0.735332 0.931653 0.654891 0.591801 0.943894 0.762998 0.973419 0.951798 0.991164 0.952742 0.965178 0.985920 0.601997 0.919436 0.536401 0.553102 0.326122 0.404036 0.865178 0.724896 0.620621 0.898036 0.824602 0.855436 0.938722 0.830825 0.797642 0.914591 0.951647 0.622355 0.897119 0.965391 0.803340 0.977701 0.566830 0.658090 0.633907 0.792785 0.552111 0.744486 0.690650 0.928500 0.868723 0.888656 0.804624 0.812673 0.811795 0.850740 0.812311 0.862119 0.936670 0.911843
0.541895 0.709662 0.683082 0.839447 0.908859 0.578453 0.292608 0.000000 0.667098 0.347444 0.483391 0.443138 0.510429 0.589630 0.710537 0.943652 0.520592 0.474837 0.420909 0.531798 0.864233 0.918728 0.930867 0.884354 0.676213 0.816182 0.643923 0.813391 0.473369 0.471693 0.664270 0.778404 0.331277 0.378459 0.964602 0.922833 0.903239 0.945064 0.921077 0.997038 0.873206 0.979326 0.472885 0.397785 0.492746 0.414928 0.487793 0.539382 0.528277 0.662319 0.543185 0.822859 0.818160 0.972619 0.657404 0.621934 0.631843 0.689060 0.427408 0.581450 0.325656 0.433488 0.404274 0.347930 0.712605 0.881987 0.593251 0.527474 0.977578 0.655179 0.865637 0.913822 0.915938 0.906109 0.858719 0.900078 0.599985 0.930798 0.653483 0.558626 0.366089 0.472640 0.900312 0.720973 0.696162 0.915782 0.788984 0.889340 0.824258 0.956582 0.774449 0.922234 0.884107 0.721675 0.882702 0.999265 0.752617 0.961958 0.525459 0.695794 0.704009 0.735657 0.605329 0.636472 0.695468 0.930437 0.961396 0.893498 0.860237 0.843713 0.771175 0.849727 0.840625 0.834092 0.963175 0.874503
0.801125 0.856743 0.896374 0.965857 0.786467 0.661591 0.725172 0.667098 0.000000 0.612331 0.756157 0.657606 0.616830 0.658448 0.636104 0.571225 0.904045 0.865175 0.846612 0.911394 0.724988 0.951194 0.669726 0.827033 0.859985 0.982888 0.877347 0.964514 0.713295 0.642035 0.732931 0.911694 0.705441 0.739202 0.942359 0.944969 0.999911 0.892631 0.828891 0.991761 0.880660 0.971763 0.759457 0.762261 0.663508 0.669449 0.822089 0.780801 0.672112 0.909500 0.813124 0.935343 0.771956 0.964847 0.768282 0.871558 0.969932 0.886558 0.932485 0.926861 0.645687 0.469301 0.809239 0.645573 0.954871 0.790253 0.950648 0.902158 0.827465 0.703765 0.646950 0.711341 0.888972 0.910315 0.781572 0.990166 0.724210 0.847950 0.969987 0.741820 0.676381 0.893407 0.687063 0.828452 0.585531 0.755611 0.855245 0.945046 0.790954 0.885324 0.832620 0.915275 0.924713 0.950778 0.911206 0.934387 0.907500 0.883881 0.730444 0.831852 0.772054 0.833597 0.831941 0.949728 0.814441 0.887433 0.970874 0.870487 0.839508 0.810668 0.860897 0.999689 0.922238 0.880188 0.847481 0.969137
0.596069 0.758485 0.961576 0.993122 0.781950 0.552409 0.360636 0.347444 0.612331 0.000000 0.523030 0.447426 0.440206 0.474500 0.534028 0.758195 0.591506 0.489558 0.470260 0.540927 0.826430 0.995700 0.795117 0.819032 0.537789 0.808977 0.656690 0.827400 0.425743 0.436357 0.598041 0.847801 0.363960 0.448749 0.956739 0.968488 0.802968 0.882403 0.981086 0.903347 0.894312 0.896466 0.441662 0.376415 0.330758 0.303203 0.524193 0.514475 0.391169 0.600707 0.540445 0.800356 0.780912 0.944793 0.749420 0.683620 0.819170 0.803611 0.620232 0.711981 0.346024 0.367432 0.488600 0.388886 0.593966 0.985091 0.752383 0.660431 0.992746 0.704840 0.766643 0.889060 0.930672 0.932525 0.946486 0.937833 0.592081 0.919476 0.734237 0.566402 0.419243 0.597648 0.811200 0.798843 0.614818 0.971505 0.879194 0.878060 0.870351 0.947088 0.635886 0.842804 0.737749 0.821617 0.880956 0.902186 0.833598 0.926942 0.428047 0.554998 0.646524 0.689970 0.547872 0.711402 0.752521 0.945238 0.909749 0.999360 0.799644 0.812792 0.718126 0.728899 0.786853 0.795121 0.900820 0.885341
0.570789 0.787402 0.890616 0.823904 0.760968 0.810325 0.390020 0.483391 0.756157 0.523030 0.000000 0.408780 0.388635 0.508571 0.661966 0.907178 0.506977 0.513166 0.487237 0.668684 0.872137 0.912856 0.961081 0.674388 0.508402 0.587841 0.660062 0.989630 0.493007 0.485362 0.890774 0.878476 0.470828 0.511506 0.887563 0.901348 0.861247 0.749857 0.891183 0.933125 0.832209 0.986883 0.602867 0.534423 0.618016 0.556324 0.613009 0.596477 0.682699 0.949892 0.763202 0.900784 0.954008 0.818674 0.795147 0.775971 0.795107 0.836547 0.585872 0.866221 0.346989 0.559744 0.370262 0.424530 0.631466 0.910680 0.906124 0.879546 0.991455 0.824135 0.985922 0.875518 0.852807 0.800625 0.972150 0.929665 0.784065 0.843568 0.699286 0.693926 0.446327 0.474157 0.772549 0.666192 0.661834 0.960969 0.881389 0.892246 0.781187 0.882968 0.888814 0.830748 0.961931 0.633915 0.988357 0.995068 0.812724 0.998932 0.658621 0.855692 0.664106 0.848363 0.665584 0.768093 0.829200 0.984630 0.944058 0.836504 0.817743 0.862049 0.886889 0.968927 0.825074 0.902657 0.963291 0.982587
0.445400 0.679426 0.888971 0.839860 0.746882 0.755594 0.435000 0.443138 0.657606 0.447426 0.408780 0.000000 0.343487 0.372804 0.566412 0.690415 0.500219 0.458456 0.432549 0.620189 0.724669 0.883138 0.806697 0.865519 0.505715 0.642274 0.793085 0.998513 0.477607 0.443066 0.730527 0.824209 0.446764 0.518354 0.911006 0.966053 0.832388 0.894826 0.891365 0.956705 0.831904 0.986706 0.583111 0.501029 0.480707 0.473949 0.653211 0.677109 0.507279 0.787703 0.751944 0.945143 0.865277 0.879621 0.749082 0.757924 0.728802 0.734906 0.643122 0.823244 0.378939 0.430883 0.485913 0.393563 0.646612 0.896384 0.897347 0.895015 0.866451 0.648677 0.843642 0.907477 0.870095 0.878180 0.979117 0.955167 0.723478 0.842673 0.759845 0.641750 0.390298 0.497725 0.657108 0.705249 0.521019 0.957393 0.824416 0.975299 0.694282 0.979264 0.795630 0.995536 0.966842 0.843539 0.978605 0.957161 0.874880 0.931685 0.553331 0.643256 0.725830 0.681081 0.567274 0.693263 0.855697 0.994734 0.878422 0.992237 0.852972 0.855707 0.823419 0.795293 0.799222 0.773019 0.919082 0.935188
0.565543 0.787612 0.993018 0.677560 0.616399 0.796721 0.434068 0.510429 0.616830 0.440206 0.388635 0.343487 0.000000 0.321194 0.440244 0.694978 0.582975 0.569557 0.514825 0.684123 0.762991 0.928394 0.816940 0.757697 0.430342 0.550950 0.738459 0.972753 0.433188 0.392443 0.777030 0.894969 0.438450 0.567903 0.842309 0.913317 0.896592 0.754973 0.901071 0.969173 0.834792 0.950089 0.621226 0.554890 0.497335 0.468279 0.693722 0.631091 0.553765 0.906764 0.787412 0.955937 0.938898 0.813766 0.876129 0.780708 0.895732 0.824248 0.705345 0.946813 0.333625 0.427927 0.472379 0.382303 0.577917 0.810364 0.963239 0.955391 0.979397 0.759651 0.844170 0.980749 0.881803 0.868257 0.989866 0.922654 0.723594 0.862663 0.806687 0.705997 0.442900 0.587081 0.614660 0.676477 0.545579 0.956629 0.919533 0.987352 0.747963 0.941584 0.919387 0.923292 0.896248 0.707765 0.988668 0.947559 0.804634 0.977952 0.620244 0.722849 0.661608 0.807847 0.639805 0.741001 0.969448 0.950656 0.892899 0.974648 0.781826 0.878802 0.798236 0.825927 0.823040 0.822088 0.929183 0.989135
0.607371 0.758809 0.877610 0.679764 0.679585 0.840934 0.596431 0.589630 0.658448 0.474500 0.508571 0.372804 0.321194 0.000000 0.454902 0.629695 0.696921 0.620235 0.572603 0.656468 0.856532 0.925740 0.737231 0.851386 0.469118 0.666001 0.767810 0.899953 0.551062 0.503085 0.840850 0.951554 0.571242 0.648182 0.788421 0.948832 0.808055 0.839351 0.992868 0.990913 0.857561 0.847129 0.645733 0.547704 0.478261 0.479672 0.715259 0.724913 0.472435 0.841924 0.800313 0.923833 0.863662 0.929016 0.867869 0.852073 0.949976 0.813237 0.888359 0.948684 0.485128 0.422355 0.646247 0.518122 0.613098 0.810162 0.899600 0.963039 0.936383 0.720617 0.817936 0.848178 0.797105 0.856941 0.985434 0.961395 0.756236 0.896549 0.889307 0.692548 0.555792 0.673826 0.574180 0.790167 0.536055 0.918944 0.970347 0.993606 0.670721 0.959550 0.833890 0.925111 0.969837 0.877387 0.971673 0.971967 0.794630 0.976688 0.561242 0.694166 0.658930 0.712869 0.671301 0.785022 0.968134 0.918069 0.958032 0.980926 0.787023 0.894570 0.774115 0.827193 0.810852 0.763318 0.933900 0.898872
0.822917 0.870748 0.889628 0.740155 0.506747 0.678018 0.627589 0.710537 0.636104 0.534028 0.661966 0.566412 0.440244 0.454902 0.000000 0.471265 0.777042 0.743247 0.808462 0.840467 0.915084 0.888033 0.547409 0.956907 0.535654 0.763351 0.866875 0.905223 0.520665 0.490814 0.772579 0.880408 0.594667 0.692675 0.916356 0.982246 0.900173 0.786639 0.968325 0.948079 0.999923 0.984569 0.681775 0.680426 0.467501 0.478482 0.799149 0.707130 0.493622 0.796340 0.750269 0.907319 0.733346 0.952660 0.988877 0.922566 0.861158 0.980237 0.988520 0.917100 0.542455 0.542982 0.670062 0.575070 0.742214 0.833554 0.958309 0.994790 0.888762 0.804932 0.735763 0.808550 0.961225 0.923571 0.939423 0.877490 0.688606 0.902527 0.899318 0.738780 0.630088 0.823452 0.526574 0.742152 0.461294 0.803643 0.924696 0.877518 0.841627 0.959116 0.806671 0.915968 0.899911 0.916557 0.986952 0.987111 0.947463 0.925954 0.614248 0.653017 0.627613 0.897610 0.625149 0.907481 0.907312 0.974375 0.883167 0.996366 0.909681 0.977408 0.837216 0.707120 0.953680 0.854240 0.908940 0.998482
0.905436 0.960375 0.774239 0.917246 0.623888 0.693053 0.921335 0.943652 0.571225 0.758195 0.907178 0.690415 0.694978 0.629695 0.471265 0.000000 0.955339 0.912882 0.960982 0.970201 0.818474 0.986958 0.391655 0.673712 0.776332 0.905299 0.855118 0.866339 0.817869 0.671184 0.837017 0.820947 0.884196 0.899115 0.954506 0.982443 0.920745 0.931547 0.938079 0.997060 0.842400 0.927478 0.857827 0.834218 0.636482 0.686580 0.933901 0.847199 0.637414 0.798638 0.813870 0.792130 0.628343 0.825899 0.989503 0.999118 0.754072 0.931531 0.822266 0.931334 0.799122 0.685309 0.946219 0.799578 0.996117 0.950217 0.953638 0.885599 0.983768 0.873072 0.668568 0.762009 0.844850 0.955111 0.901821 0.989681 0.873559 0.843122 0.910817 0.835900 0.846962 0.982866 0.470370 0.919605 0.471003 0.618194 0.983618 0.783910 0.748907 0.793983 0.741384 0.739548 0.771263 0.847034 0.936453 0.872997 0.897303 0.955245 0.755225 0.718010 0.881514 0.909026 0.730903 0.763774 0.897488 0.921027 0.991991 0.897403 0.973844 0.897717 0.868663 0.815272 0.938466 0.931916 0.822117 0.933112
0.450869 0.559670 0.864553 0.957209 0.820248 0.665609 0.430582 0.520592 0.904045 0.591506 0.506977 0.500219 0.582975 0.696921 0.777042 0.955339 0.000000 0.372905 0.503559 0.639581 0.893180 0.826981 0.964827 0.825678 0.623134 0.650710 0.704444 0.979375 0.475531 0.483091 0.779610 0.816252 0.523625 0.481065 0.983324 0.993150 0.890322 0.800013 0.929575 0.931682 0.970344 0.772356 0.541526 0.541945 0.615599 0.555763 0.533827 0.591182 0.658690 0.761358 0.618369 0.916649 0.919761 0.967987 0.679241 0.662803 0.568692 0.641859 0.456861 0.612866 0.439567 0.664791 0.374896 0.384480 0.729835 0.966251 0.633294 0.694128 0.855112 0.737583 0.951461 0.976496 0.993903 0.946841 0.882628 0.972623 0.670102 0.707510 0.515293 0.766465 0.381430 0.446349 0.837517 0.792339 0.718803 0.934025 0.833663 0.923000 0.899090 0.866386 0.697074 0.924431 0.896436 0.783926 0.952107 0.943737 0.796741 0.969900 0.575284 0.594937 0.688341 0.718083 0.548486 0.807892 0.781956 0.814351 0.933486 0.949508 0.857085 0.760441 0.954176 0.773466 0.718001 0.789433 0.868722 0.810582
0.446887 0.609119 0.844622 0.977455 0.860338 0.710315 0.440581 0.474837 0.865175 0.489558 0.513166 0.458456 0.569557 0.620235 0.743247 0.912882 0.372905 0.000000 0.418712 0.506945 0.861306 0.941803 0.916411 0.837337 0.631413 0.700253 0.696242 0.849168 0.460224 0.447173 0.748272 0.719705 0.506077 0.526158 0.891647 0.918733 0.864608 0.872021 0.981075 0.983138 0.984390 0.879945 0.503092 0.525364 0.584784 0.484568 0.539561 0.575503 0.573122 0.693238 0.589203 0.869053 0.918565 0.993469 0.716032 0.630579 0.597240 0.632985 0.530215 0.644934 0.474987 0.670276 0.407300 0.426079 0.690899 0.901329 0.644710 0.708965 0.866717 0.688955 0.940259 0.948602 0.988464 0.945485 0.854344 0.992667 0.846078 0.839965 0.535162 0.675813 0.373981 0.457829 0.814162 0.745029 0.678388 0.976191 0.833838 0.952904 0.885137 0.984875 0.720554 0.978501 0.820716 0.820216 0.948679 0.983339 0.846767 0.971026 0.518087 0.566854 0.780602 0.687793 0.459286 0.759155 0.814685 0.886242 0.960182 0.858995 0.925163 0.864051 0.831487 0.794187 0.745492 0.832442 0.905021 0.856235
0.523151 0.733745 0.868139 0.979587 0.860176 0.726055 0.461306 0.420909 0.846612 0.470260 0.487237 0.432549 0.514825 0.572603 0.808462 0.960982 0.503559 0.418712 0.000000 0.413904 0.725916 0.966545 0.949540 0.797334 0.605178 0.656758 0.687977 0.749972 0.510254 0.544265 0.808064 0.798259 0.488300 0.501452 0.925880 0.996051 0.835929 0.958627 0.983299 0.986437 0.976139 0.941107 0.524295 0.424680 0.532998 0.484712 0.599259 0.610637 0.630987 0.728964 0.683165 0.885978 0.954113 0.926264 0.741179 0.654911 0.669874 0.709916 0.524531 0.688503 0.463773 0.557233 0.493787 0.474435 0.646087 0.977367 0.712707 0.716977 0.861470 0.757302 0.875140 0.929193 0.958283 0.941821 0.989216 0.958738 0.794413 0.891251 0.692355 0.663246 0.470508 0.439662 0.848550 0.650427 0.750276 0.896322 0.862659 0.993275 0.726718 0.977333 0.753122 0.984320 0.899220 0.801703 0.968353 0.915999 0.872246 0.906106 0.569247 0.708679 0.856028 0.696864 0.581138 0.640274 0.902746 0.994298 0.969901 0.851606 0.832108 0.859770 0.875800 0.798610 0.776571 0.796831 0.881364 0.863309
0.642984 0.632750 0.806936 0.863634 0.923334 0.800042 0.576232 0.531798 0.911394 0.540927 0.668684 0.620189 0.684123 0.656468 0.840467 0.970201 0.639581 0.506945 0.413904 0.000000 0.946609 0.921283 0.944564 0.886631 0.785720 0.839129 0.783028 0.743574 0.622263 0.641870 0.811635 0.828527 0.582951 0.582044 0.900066 0.923017 0.991894 0.971001 0.918894 0.871606 0.944472 0.945160 0.629207 0.554216 0.635192 0.575478 0.573255 0.712934 0.658203 0.714308 0.655872 0.836693 0.960543 0.973933 0.699786 0.626637 0.659858 0.644143 0.623971 0.700476 0.616519 0.668969 0.609360 0.578262 0.772685 0.963612 0.677565 0.706233 0.785927 0.691245 0.925340 0.869658 0.881256 0.966808 0.987698 0.851555 0.844092 0.978403 0.678278 0.626938 0.614941 0.563046 0.914645 0.710234 0.784613 0.973859 0.851465 0.974759 0.806910 0.994789 0.798660 0.974983 0.895958 0.883950 0.917171 0.990515 0.887186 0.932571 0.654847 0.692689 0.964420 0.834507 0.737814 0.622854 0.861922 0.931346 0.966486 0.862503 0.894672 0.891027 0.904858 0.782908 0.971310 0.889248 0.987927 0.891214
0.791207 0.930374 0.942922 0.914602 0.893054 0.843692 0.867887 0.864233 0.724988 0.826430 0.872137 0.724669 0.762991 0.856532 0.915084 0.818474 0.893180 0.861306 0.725916 0.946609 0.000000 0.926331 0.873813 0.954296 0.801231 0.819815 0.845245 0.938356 0.894493 0.893295 0.991606 0.960713 0.963427 0.896284 0.954919 0.948323 0.935723 0.928980 0.738290 0.981382 0.969852 0.934416 0.921081 0.876718 0.825154 0.833746 0.966079 0.742815 0.870944 0.896563 0.867674 0.889959 0.850933 0.881108 0.883399 0.912726 0.995868 0.965195 0.936480 0.865533 0.839196 0.790310 0.917161 0.865183 0.913199 0.982306 0.983476 0.948956 0.912458 0.761848 0.845535 0.839818 0.991047 0.938577 0.889089 0.958499 0.982909 0.920349 0.937312 0.892829 0.876759 0.847628 0.803396 0.878107 0.820209 0.988530 0.968169 0.866808 0.808580 0.816438 0.785492 0.869030 0.898184 0.959113 0.940251 0.949786 0.985537 0.821371 0.872371 0.796762 0.946568 0.756208 0.842840 0.876127 0.988658 0.869419 0.921581 0.967699 0.920066 0.916030 0.943236 0.917537 0.910075 0.794375 0.781619 0.925140
0.852902 0.819401 0.882105 0.909852 0.943510 0.971397 0.902571 0.918728 0.951194 0.995700 0.912856 0.883138 0.928394 0.925740 0.888033 0.986958 0.826981 0.941803 0.966545 0.921283 0.926331 0.000000 0.979305 0.876766 0.983838 0.974860 0.988014 0.981143 0.866402 0.908103 0.943061 0.975255 0.821910 0.907781 0.869706 0.791617 0.921556 0.947862 0.809843 0.832585 0.936242 0.848210 0.918348 0.911756 0.992882 0.975573 0.795770 0.865449 0.909369 0.986059 0.987429 0.964250 0.994592 0.959279 0.931340 0.937510 0.790658 0.889298 0.922967 0.885733 0.912759 0.886934 0.923068 0.907678 0.977488 0.986359 0.983317 0.955976 0.969198 0.924368 0.877183 0.942228 0.876970 0.998272 0.936624 0.894639 0.960121 0.958307 0.952033 0.946706 0.955881 0.911179 0.900794 0.909239 0.954670 0.986018 0.914811 0.839629 0.853563 0.898781 0.894201 0.812881 0.894966 0.845606 0.942456 0.991028 0.803927 0.868931 0.990663 0.987826 0.908747 0.911691 0.995405 0.983772 0.921090 0.961877 0.898494 0.985902 0.914391 0.917534 0.952531 0.930743 0.957424 0.989430 0.957640 0.899374
0.875395 0.882350 0.842594 0.938681 0.634246 0.634545 0.990317 0.930867 0.669726 0.795117 0.961081 0.806697 0.816940 0.737231 0.547409 0.391655 0.964827 0.916411 0.949540 0.944564 0.873813 0.979305 0.000000 0.540111 0.870228 0.931236 0.735848 0.955067 0.912094 0.785794 0.921527 0.846829 0.877759 0.989366 0.998888 0.987028 0.892749 0.936456 0.837660 0.965657 0.854278 0.961244 0.838328 0.858753 0.643459 0.690367 0.960165 0.924863 0.602147 0.648017 0.747687 0.640039 0.542501 0.688520 0.998537 0.949799 0.846559 0.929553 0.819306 0.994961 0.924434 0.785049 0.898431 0.944419 0.902624 0.961679 0.979139 0.943239 0.979546 0.743097 0.612301 0.683922 0.903007 0.890856 0.962227 0.981503 0.849955 0.861178 0.824550 0.765467 0.911888 0.959117 0.566022 0.888280 0.532063 0.594708 0.925944 0.697000 0.698924 0.594258 0.696533 0.573202 0.668261 0.702766 0.908830 0.983531 0.952721 0.979853 0.764571 0.699769 0.986540 0.866341 0.766326 0.910565 0.969536 0.995421 0.943353 0.963949 0.967836 0.742664 0.835066 0.759751 0.936807 0.987527 0.873964 0.992054
0.858037 0.966110 0.972155 0.677625 0.867421 0.809354 0.743647 0.884354 0.827033 0.819032 0.674388 0.865519 0.757697 0.851386 0.956907 0.673712 0.825678 0.837337 0.797334 0.886631 0.954296 0.876766 0.540111 0.000000 0.761486 0.814256 0.590599 0.937770 0.794140 0.872416 0.956252 0.865249 0.804490 0.858334 0.857603 0.845987 0.910866 0.810850 0.927521 0.966955 0.837750 0.913405 0.878801 0.861637 0.977488 0.940471 0.836599 0.815000 0.991691 0.813627 0.921706 0.742095 0.671057 0.696438 0.998780 0.980014 0.883548 0.984197 0.801459 0.939335 0.742643 0.911976 0.699300 0.814169 0.656801 0.755864 0.794108 0.939002 0.946704 0.761707 0.785504 0.719819 0.929392 0.811604 0.753018 0.855345 0.973634 0.947877 0.856390 0.973687 0.875492 0.833662 0.827494 0.972662 0.858912 0.539003 0.891475 0.704512 0.841540 0.677614 0.790457 0.681588 0.738998 0.625489 0.890060 0.981457 0.861762 0.947806 0.970318 0.890616 0.837407 0.978116 0.969178 0.881463 0.992706 0.921573 0.763994 0.960634 0.982138 0.789389 0.985163 0.931747 0.879830 0.997216 0.916415 0.937441
0.665537 0.933336 0.686274 0.606846 0.634184 0.803944 0.566076 0.676213 0.859985 0.537789 0.508402 0.505715 0.430342 0.469118 0.535654 0.776332 0.623134 0.631413 0.605178 0.785720 0.801231 0.983838 0.870228 0.761486 0.000000 0.509826 0.672971 0.949848 0.610576 0.614626 0.946266 0.967933 0.603787 0.778138 0.749553 0.943324 0.787844 0.699415 0.862531 0.937420 0.843411 0.883779 0.726430 0.651624 0.464840 0.493350 0.805401 0.702994 0.576646 0.903593 0.819358 0.999422 0.915230 0.923230 0.895822 0.875681 0.971064 0.995550 0.872620 0.996013 0.493160 0.618200 0.594009 0.547984 0.482887 0.699897 0.911802 0.948663 0.861240 0.897660 0.914200 0.956636 0.828806 0.870669 0.863578 0.922103 0.756903 0.840084 0.840796 0.740228 0.556341 0.727203 0.770144 0.818544 0.672584 0.817572 0.946977 0.868352 0.768019 0.932336 0.712712 0.921761 0.849478 0.864108 0.999400 0.951209 0.929118 0.956532 0.499495 0.662089 0.676302 0.718370 0.583928 0.790069 0.941178 0.941082 0.948159 0.997140 0.842562 0.986592 0.765824 0.739241 0.717331 0.802022 0.919824 0.898953
0.660046 0.845960 0.773212 0.688900 0.685143 0.986985 0.757205 0.816182 0.982888 0.808977 0.587841 0.642274 0.550950 0.666001 0.763351 0.905299 0.650710 0.700253 0.656758 0.839129 0.819815 0.974860 0.931236 0.814256 0.509826 0.000000 0.859505 0.990890 0.823488 0.759859 0.843679 0.920528 0.800987 0.912596 0.759975 0.859337 0.876541 0.810319 0.889139 0.932859 0.950970 0.941253 0.914045 0.850290 0.775123 0.775563 0.995340 0.902761 0.792871 0.945549 0.891660 0.957653 0.972046 0.963761 0.962728 0.842598 0.929555 0.801378 0.834482 0.994402 0.703943 0.871279 0.675298 0.689503 0.577598 0.538260 0.856473 0.829987 0.987827 0.939697 0.978926 0.884638 0.720413 0.761769 0.952767 0.929462 0.974085 0.899156 0.922343 0.952795 0.770269 0.793994 0.806877 0.798533 0.796848 0.795030 0.997606 0.987751 0.746008 0.939161 0.916404 0.933707 0.960694 0.897892 0.782510 0.905638 0.988579 0.989010 0.758620 0.783172 0.946841 0.839627 0.795166 0.798141 0.925496 0.998862 0.923288 0.981926 0.921773 0.983988 0.987922 0.865055 0.950190 0.997978 0.818702 0.928169
0.885616 0.977381 0.898477 0.851640 0.996203 0.926686 0.560286 0.643923 0.877347 0.656690 0.660062 0.793085 0.738459 0.767810 0.866875 0.855118 0.704444 0.696242 0.687977 0.783028 0.845245 0.988014 0.735848 0.590599 0.672971 0.859505 0.000000 0.946139 0.676734 0.738121 0.855520 0.891162 0.713145 0.663584 0.909472 0.842028 0.846511 0.737659 0.931148 0.967737 0.927496 0.927260 0.735058 0.694520 0.740485 0.710828 0.615262 0.790690 0.813286 0.947824 0.913719 0.849361 0.798960 0.790880 0.918479 0.979295 0.992634 0.928290 0.743531 0.953015 0.607110 0.776855 0.629296 0.680290 0.710154 0.915865 0.864733 0.745302 0.680442 0.871059 0.869949 0.884768 0.907680 0.954431 0.897357 0.963110 0.881377 0.954609 0.774765 0.819539 0.667455 0.719759 0.963102 0.997404 0.982772 0.783681 0.924994 0.763900 0.929979 0.676439 0.982102 0.851999 0.954494 0.670656 0.911361 0.954252 0.957664 0.983879 0.782864 0.895961 0.842044 0.962640 0.797439 0.890149 0.855342 0.931559 0.871465 0.986531 0.945837 0.844012 0.931137 0.984803 0.807982 0.922979 0.911854 0.876359
0.831346 0.786049 0.987892 0.911996 0.761258 0.928981 0.947715 0.813391 0.964514 0.827400 0.989630 0.998513 0.972753 0.899953 0.905223 0.866339 0.979375 0.849168 0.749972 0.743574 0.938356 0.981143 0.955067 0.937770 0.949848 0.990890 0.946139 0.000000 0.993993 0.953203 0.987989 0.970861 0.898317 0.922691 0.950695 0.896895 0.945208 0.894672 0.942916 0.938683 0.854654 0.855037 0.815340 0.834356 0.947358 0.866359 0.878190 0.872972 0.912201 0.873689 0.848393 0.842759 0.976390 0.950699 0.780498 0.867676 0.776041 0.751668 0.795669 0.725554 0.974648 0.924994 0.927356 0.951778 0.890680 0.964375 0.899475 0.868314 0.848316 0.735724 0.951654 0.782924 0.981121 0.970828 0.988590 0.825026 0.969494 0.863902 0.903539 0.939322 0.958604 0.979143 0.961371 0.886002 0.903975 0.759076 0.899746 0.990740 0.888427 0.919548 0.932320 0.923356 0.923613 0.986889 0.973828 0.959856 0.897291 0.919665 0.817393 0.868474 0.900650 0.852089 0.847707 0.918125 0.895938 0.893620 0.827610 0.868016 0.899013 0.987481 0.914905 0.997991 0.911162 0.820482 0.818248 0.876688
0.635660 0.753197 0.873145 0.864933 0.701403 0.645469 0.398152 0.473369 0.713295 0.425743 0.493007 0.477607 0.433188 0.551062 0.520665 0.817869 0.475531 0.460224 0.510254 0.622263 0.894493 0.866402 0.912094 0.794140 0.610576 0.823488 0.676734 0.993993 0.000000 0.361499 0.551137 0.730383 0.433412 0.427809 0.981070 0.981217 0.941655 0.828848 0.847978 0.888138 0.951706 0.933030 0.534720 0.498455 0.499943 0.407856 0.536435 0.529977 0.559548 0.757567 0.658331 0.988956 0.911694 0.909929 0.781473 0.676799 0.768239 0.836523 0.616952 0.837064 0.390543 0.502994 0.405566 0.386990 0.594334 0.941718 0.752450 0.746113 0.998905 0.838657 0.887522 0.984417 0.939794 0.997086 0.942821 0.867773 0.640002 0.862356 0.574710 0.612758 0.347045 0.467524 0.789224 0.714487 0.655792 0.930545 0.942542 0.935917 0.998803 0.823934 0.810991 0.855280 0.987626 0.674739 0.945821 0.969014 0.769745 0.937404 0.624289 0.700367 0.557474 0.767714 0.570314 0.742922 0.781677 0.937953 0.928751 0.901018 0.746615 0.825754 0.835464 0.745996 0.785092 0.774365 0.981646 0.893814
0.642677 0.742047 0.858606 0.929212 0.693621 0.693814 0.408999 0.471693 0.642035 0.436357 0.485362 0.443066 0.392443 0.503085 0.490814 0.671184 0.483091 0.447173 0.544265 0.641870 0.893295 0.908103 0.785794 0.872416 0.614626 0.759859 0.738121 0.953203 0.361499 0.000000 0.625775 0.668328 0.400884 0.392901 0.943972 0.928016 0.879219 0.895764 0.892131 0.896344 0.997179 0.976266 0.527198 0.519883 0.534643 0.431601 0.597372 0.607547 0.578409 0.814242 0.652213 0.982058 0.942198 0.854705 0.757712 0.630242 0.789991 0.851633 0.608286 0.829504 0.367710 0.515155 0.390596 0.346171 0.671253 0.936298 0.775224 0.721603 0.988470 0.764172 0.811632 0.968438 0.919639 0.905186 0.966058 0.964513 0.725152 0.843406 0.646436 0.653176 0.424260 0.566065 0.654622 0.676226 0.607824 0.873934 0.897334 0.920807 0.855904 0.860710 0.893085 0.834650 0.959348 0.672137 0.966006 0.882698 0.760581 0.986155 0.638548 0.699027 0.674148 0.914072 0.552566 0.881545 0.797260 0.809888 0.938899 0.977775 0.837026 0.787321 0.842739 0.781057 0.805616 0.781537 0.993916 0.935760
0.929512 0.942978 0.757248 0.920340 0.947557 0.736177 0.659268 0.664270 0.732931 0.598041 0.890774 0.730527 0.777030 0.840850 0.772579 0.837017 0.779610 0.748272 0.808064 0.811635 0.991606 0.943061 0.921527 0.956252 0.946266 0.843679 0.855520 0.987989 0.551137 0.625775 0.000000 0.663377 0.620158 0.629835 0.873266 0.907437 0.925460 0.980967 0.878050 0.932678 0.880603 0.991997 0.714283 0.711420 0.731713 0.684299 0.757531 0.741607 0.746338 0.810648 0.832346 0.978563 0.927099 0.898945 0.827179 0.868653 0.844106 0.977366 0.772041 0.926940 0.672479 0.650449 0.735426 0.623609 0.864661 0.901552 0.750830 0.735600 0.931231 0.890821 0.916329 0.848511 0.899730 0.973755 0.971181 0.804087 0.638592 0.995223 0.794309 0.760364 0.624620 0.770432 0.932090 0.942490 0.826323 0.836169 0.742805 0.895062 0.888720 0.924161 0.978182 0.845782 0.995569 0.783444 0.926293 0.820688 0.955287 0.994521 0.901321 0.768087 0.743967 0.949955 0.727678 0.927831 0.836188 0.795411 0.990887 0.925635 0.868195 0.837377 0.795275 0.906029 0.885561 0.777158 0.995144 0.921800
0.982143 0.939087 0.721165 0.771675 0.984906 0.897186 0.750248 0.778404 0.911694 0.847801 0.878476 0.824209 0.894969 0.951554 0.880408 0.820947 0.816252 0.719705 0.798259 0.828527 0.960713 0.975255 0.846829 0.865249 0.967933 0.920528 0.891162 0.970861 0.730383 0.668328 0.663377 0.000000 0.703134 0.700639 0.936637 0.864779 0.849645 0.978097 0.943550 0.773143 0.956133 0.935937 0.827430 0.808384 0.957574 0.800054 0.825442 0.802621 0.970816 0.958895 0.920120 0.889066 0.953648 0.813890 0.992807 0.951097 0.960517 0.854345 0.887406 0.988515 0.806833 0.913788 0.817068 0.808276 0.925201 0.753953 0.673466 0.662334 0.906338 0.999015 0.901096 0.905848 0.663339 0.860141 0.902621 0.957177 0.894475 0.913989 0.766988 0.804944 0.766249 0.754354 0.827525 0.793920 0.933760 0.729702 0.975870 0.811055 0.956841 0.835261 0.993378 0.858736 0.980202 0.830888 0.992273 0.915505 0.989037 0.974425 0.976865 0.889544 0.980444 0.888872 0.689904 0.938264 0.862399 0.856341 0.882283 0.865579 0.922009 0.911589 0.927763 0.965560 0.941144 0.963001 0.799335 0.999463
0.608446 0.803911 0.793343 0.942667 0.828166 0.674886 0.345523 0.331277 0.705441 0.363960 0.470828 0.446764 0.438450 0.571242 0.594667 0.884196 0.523625 0.506077 0.488300 0.582951 0.963427 0.821910 0.877759 0.804490 0.603787 0.800987 0.713145 0.898317 0.433412 0.400884 0.620158 0.703134 0.000000 0.429034 0.994593 0.962992 0.942042 0.921452 0.998008 0.988667 0.836164 0.999295 0.520929 0.454773 0.489228 0.420343 0.546143 0.552023 0.565849 0.795164 0.673664 0.962726 0.933084 0.818905 0.742137 0.726616 0.722738 0.784773 0.513200 0.754096 0.334488 0.480393 0.423758 0.365506 0.671041 0.954802 0.716921 0.600263 0.972643 0.688749 0.877008 0.991425 0.984109 0.999593 0.943295 0.942934 0.629209 0.876335 0.731054 0.616068 0.414187 0.541877 0.830696 0.686594 0.700765 0.948826 0.912660 0.886073 0.835713 0.843818 0.882573 0.926098 0.989412 0.689048 0.951430 0.947038 0.803095 0.984652 0.596351 0.709967 0.665816 0.891023 0.609683 0.652943 0.823606 0.883392 0.896930 0.970348 0.904068 0.885838 0.758417 0.819394 0.891497 0.919486 0.996293 0.963023
0.659135 0.766800 0.634934 0.834035 0.920345 0.649152 0.362857 0.378459 0.739202 0.448749 0.511506 0.518354 0.567903 0.648182 0.692675 0.899115 0.481065 0.526158 0.501452 0.582044 0.896284 0.907781 0.989366 0.858334 0.778138 0.912596 0.663584 0.922691 0.427809 0.392901 0.629835 0.700639 0.429034 0.000000 0.975171 0.916721 0.851715 0.956017 0.824276 0.917274 0.898980 0.999089 0.534572 0.434873 0.592129 0.479437 0.468998 0.598859 0.641608 0.767988 0.607213 0.944404 0.929628 0.897685 0.689283 0.670217 0.727252 0.857801 0.480791 0.707460 0.383883 0.557235 0.380622 0.391201 0.778431 0.888494 0.635525 0.539026 0.979910 0.771856 0.883519 0.945114 0.964620 0.978116 0.851456 0.959723 0.636477 0.950942 0.644324 0.667248 0.441108 0.458128 0.902308 0.665696 0.704278 0.829366 0.827829 0.936510 0.942569 0.798146 0.870019 0.859718 0.957034 0.610256 0.949973 0.954564 0.839575 0.940342 0.694301 0.772118 0.732909 0.881404 0.645292 0.827054 0.737083 0.858038 0.850651 0.826778 0.805509 0.776456 0.843282 0.890821 0.897374 0.842062 0.926645 0.896612
0.879422 0.955150 0.795273 0.851222 0.951720 0.894669 0.959825 0.964602 0.942359 0.956739 0.887563 0.911006 0.842309 0.788421 0.916356 0.954506 0.983324 0.891647 0.925880 0.900066 0.954919 0.869706 0.998888 0.857603 0.749553 0.759975 0.909472 0.950695 0.981070 0.943972 0.873266 0.936637 0.994593 0.975171 0.000000 0.869166 0.871905 0.968121 0.836982 0.935595 0.830087 0.754953 0.960977 0.910394 0.940058 0.956687 0.990384 0.903995 0.923879 0.930316 0.937502 0.942300 0.982693 0.975367 0.790515 0.986643 0.959368 0.975215 0.917546 0.886275 0.963665 0.984261 0.940508 0.958849 0.827658 0.760243 0.763372 0.860397 0.969293 0.987770 0.949054 0.854244 0.876677 0.991148 0.870597 0.842502 0.809017 0.929872 0.810331 0.841977 0.992345 0.994860 0.962927 0.963652 0.857874 0.832606 0.976662 0.971203 0.867470 0.935416 0.979476 0.999858 0.961667 0.996573 0.948022 0.968576 0.926835 0.906420 0.885928 0.783042 0.993754 0.959968 0.914561 0.995908 0.977326 0.957286 0.927821 0.992642 0.892796 0.829161 0.804259 0.956203 0.981010 0.975708 0.953353 0.937938
0.851551 0.838661 0.966683 0.874256 0.958002 0.982354 0.965816 0.922833 0.944969 0.968488 0.901348 0.966053 0.913317 0.948832 0.982246 0.982443 0.993150 0.918733 0.996051 0.923017 0.948323 0.791617 0.987028 0.845987 0.943324 0.859337 0.842028 0.896895 0.981217 0.928016 0.907437 0.864779 0.962992 0.916721 0.869166 0.000000 0.858837 0.852856 0.974195 0.937147 0.824671 0.977486 0.984146 0.989316 0.955461 0.997020 0.916097 0.968572 0.904882 0.853472 0.871256 0.819579 0.816115 0.881413 0.768409 0.860737 0.747165 0.695501 0.889656 0.753248 0.928501 0.935905 0.976133 0.944245 0.995069 0.916331 0.834830 0.957232 0.904155 0.705320 0.901608 0.869714 0.994089 0.975533 0.874967 0.883720 0.955541 0.927572 0.983004 0.900694 0.932031 0.929979 0.930519 0.952753 0.993991 0.953740 0.805626 0.901931 0.901314 0.931564 0.893126 0.873074 0.843269 0.803440 0.807599 0.969282 0.986237 0.876190 0.902642 0.848534 0.946676 0.922754 0.942063 0.896949 0.773771 0.873527 0.855622 0.905660 0.952657 0.966194 0.769973 0.975615 0.996896 0.850536 0.960638 0.949107
0.804860 0.929719 0.818723 0.896474 0.961837 0.909920 0.904739 0.903239 0.999911 0.802968 0.861247 0.832388 0.896592 0.808055 0.900173 0.920745 0.890322 0.864608 0.835929 0.991894 0.935723 0.921556 0.892749 0.910866 0.787844 0.876541 0.846511 0.945208 0.941655 0.879219 0.925460 0.849645 0.942042 0.851715 0.871905 0.858837 0.000000 0.915860 0.851523 0.939333 0.962891 0.815204 0.793227 0.780288 0.718837 0.742956 0.941059 0.912330 0.712691 0.777796 0.846877 0.788508 0.908735 0.804862 0.985966 0.992193 0.892550 0.921953 0.982667 0.933705 0.883994 0.864944 0.923072 0.888386 0.760653 0.764089 0.994477 0.995355 0.895656 0.973213 0.987873 0.977544 0.938033 0.940467 0.980500 0.971691 0.854048 0.963540 0.931960 0.886491 0.896652 0.908856 0.980837 0.996910 0.900672 0.910370 0.988626 0.824994 0.860519 0.940470 0.778624 0.847992 0.791904 0.996165 0.991980 0.991849 0.914826 0.982611 0.742491 0.904322 0.913251 0.895734 0.881847 0.965557 0.943239 0.958743 0.970085 0.882405 0.918924 0.842416 0.863234 0.853506 0.647856 0.837691 0.989744 0.857602
0.921891 0.987790 0.942361 0.680378 0.833025 0.993397 0.753901 0.945064 0.892631 0.882403 0.749857 0.894826 0.754973 0.839351 0.786639 0.931547 0.800013 0.872021 0.958627 0.971001 0.928980 0.947862 0.936456 0.810850 0.699415 0.810319 0.737659 0.894672 0.828848 0.895764 0.980967 0.978097 0.921452 0.956017 0.968121 0.852856 0.915860 0.000000 0.982552 0.957930 0.915169 0.980314 0.921024 0.919784 0.879618 0.886488 0.921115 0.930151 0.961039 0.870527 0.876552 0.738415 0.868490 0.839400 0.921881 0.810560 0.867685 0.895404 0.977826 0.815876 0.735132 0.912521 0.753161 0.822513 0.901785 0.939385 0.975209 0.970473 0.794032 0.832527 0.877718 0.990945 0.985639 0.956292 0.807395 0.930937 0.866006 0.975126 0.847944 0.988471 0.760005 0.889535 0.984423 0.960900 0.830633 0.990117 0.970957 0.897067 0.804195 0.855051 0.904865 0.973113 0.994358 0.908188 0.995875 0.869667 0.894089 0.911372 0.837516 0.871176 0.904101 0.886576 0.897331 0.916555 0.996512 0.955037 0.951988 0.976189 0.840004 0.973143 0.914855 0.974806 0.827289 0.989009 0.883871 0.984518
