0.000000 0.314444 0.949714 0.941615 0.819101 0.983118 0.980027 0.900647 0.937920 0.867487 0.403310 0.404055 0.883785 0.918632 0.969373 0.878026 0.364586 0.359861 0.660681 0.559433 0.792492 0.927119 0.858928 0.958250 0.987555 0.990552 0.975672 0.814983 0.554762 0.561116 0.925736 0.992709 0.596922 0.532896 0.944787 0.888968 0.750654 0.693629 0.881808 0.739018 0.553671 0.631301 0.755529 0.660623 0.807755 0.686161 0.493883 0.541758 0.617215 0.614188 0.710365 0.732189 0.999456 0.734178 0.524707 0.632191 0.286309 0.375273 0.391576 0.391353 0.520854 0.622582 0.534841 0.445578 0.985478 0.775813 0.712682 0.554054 0.417156 0.519728 0.957522 0.922618 0.636902 0.656236 0.661000 0.993268 0.929239 0.929334 0.534472 0.630391 0.349808 0.386440 0.664409 0.440417 0.599957 0.664914 0.970163 0.954627 0.831565 0.682905 0.763474 0.768520 0.850878 0.720294 0.694990 0.935727 0.819492 0.950162 0.913975 0.987713 0.928686 0.749250 0.862412 0.774273 0.663114 0.763855 0.873502 0.990718 0.980519 0.815456 0.904774 0.746272 0.903182 0.853297 0.842438 0.962678
0.314444 0.000000 0.961171 0.931635 0.759829 0.998817 0.965075 0.900116 0.909121 0.757571 0.488988 0.416783 0.856562 0.838003 0.914192 0.862475 0.433801 0.430142 0.705814 0.574773 0.852147 0.897227 0.895282 0.998514 0.974125 0.981088 0.980115 0.750773 0.515684 0.593927 0.959595 0.986826 0.583354 0.534489 0.929956 0.928815 0.801732 0.757323 0.856877 0.779990 0.595411 0.589807 0.795596 0.688547 0.827844 0.708974 0.492767 0.533505 0.644494 0.583457 0.677046 0.692992 0.947284 0.787186 0.534432 0.684516 0.299700 0.331592 0.360875 0.315220 0.508051 0.623967 0.537712 0.461851 0.956089 0.774500 0.691874 0.566194 0.393692 0.483318 0.958530 0.905870 0.609796 0.676672 0.664131 0.986624 0.933097 0.874503 0.571852 0.589471 0.385836 0.416898 0.624636 0.429656 0.561306 0.641226 0.940392 0.969109 0.827281 0.708583 0.773564 0.786270 0.876917 0.720379 0.716369 0.936023 0.859637 0.951548 0.938475 0.985777 0.948347 0.745604 0.915303 0.851632 0.683130 0.701554 0.940961 0.922828 0.982905 0.802029 0.864956 0.722841 0.999351 0.878426 0.894421 0.894422
0.949714 0.961171 0.000000 0.293535 0.807058 0.875753 0.452323 0.374366 0.476303 0.714090 0.953537 0.874512 0.597918 0.753646 0.940953 0.511458 0.810282 0.802200 0.682559 0.586159 0.833729 0.920190 0.671486 0.555984 0.370345 0.402301 0.935928 0.958582 0.875493 0.847544 0.548094 0.666614 0.689411 0.765181 0.923732 0.880569 0.675057 0.569547 0.548909 0.649321 0.898221 0.993006 0.606611 0.678134 0.979621 0.962565 0.861102 0.826650 0.881654 0.975631 0.997064 0.980847 0.950184 0.979004 0.919026 0.876268 0.953107 0.667937 0.717057 0.823242 0.919058 0.734114 0.530095 0.592947 0.378173 0.407106 0.638489 0.891500 0.887661 0.943348 0.469699 0.452304 0.835618 0.799187 0.980743 0.801674 0.587736 0.613073 0.870907 0.993029 0.746943 0.825881 0.815134 0.842588 0.981518 0.799849 0.908238 0.731995 0.778151 0.814772 0.523025 0.515227 0.461613 0.440849 0.962847 0.781414 0.830884 0.772292 0.786322 0.690757 0.812337 0.753179 0.997983 0.826830 0.720469 0.806929 0.819122 0.910470 0.987722 0.931936 0.884637 0.984220 0.962113 0.877934 0.956507 0.903856
0.941615 0.931635 0.293535 0.000000 0.710000 0.886754 0.484043 0.356946 0.552350 0.789646 0.843777 0.786869 0.633121 0.640339 0.928495 0.533142 0.895737 0.933594 0.674581 0.512096 0.785393 0.982855 0.642696 0.513218 0.347845 0.384336 0.880724 0.956668 0.971813 0.922672 0.598019 0.678369 0.602788 0.717063 0.890537 0.903613 0.611809 0.566728 0.518462 0.681592 0.983813 0.987472 0.669955 0.679327 0.973100 0.946430 0.885160 0.837522 0.926286 0.889811 0.997962 0.997859 0.964373 0.938750 0.850063 0.858079 0.940728 0.810372 0.792907 0.906098 0.936228 0.729644 0.635717 0.704489 0.348325 0.363480 0.616302 0.838212 0.782001 0.887858 0.552073 0.492452 0.926564 0.850410 0.997503 0.830929 0.674672 0.661131 0.816416 0.941642 0.853688 0.945455 0.855130 0.997253 0.857954 0.694919 0.867608 0.786855 0.744340 0.722922 0.615128 0.586565 0.488620 0.491398 0.936638 0.757298 0.893302 0.872363 0.879173 0.822262 0.777857 0.807840 0.979962 0.829916 0.620662 0.718274 0.909352 0.992405 0.997712 0.896355 0.996955 0.913678 0.951277 0.854699 0.993675 0.928190
0.819101 0.759829 0.807058 0.710000 0.000000 0.892411 0.840357 0.775749 0.867379 0.971085 0.901833 0.914568 0.940360 0.816585 0.843048 0.745536 0.928852 0.905195 0.777125 0.812021 0.712964 0.960372 0.799692 0.856641 0.790816 0.719826 0.877478 0.850596 0.783393 0.916936 0.791243 0.783046 0.705348 0.738913 0.901735 0.901971 0.789397 0.756877 0.820340 0.809924 0.874038 0.932105 0.773478 0.722445 0.859214 0.790696 0.789507 0.762287 0.796414 0.728114 0.854873 0.839419 0.895500 0.972594 0.918304 0.844023 0.819694 0.905823 0.907258 0.884726 0.999887 0.925665 0.977535 0.979146 0.714540 0.802880 0.822898 0.779051 0.859187 0.804252 0.870776 0.856943 0.796459 0.890801 0.946292 0.943304 0.809991 0.833341 0.837989 0.958697 0.879203 0.865021 0.824391 0.777275 0.800594 0.775795 0.852337 0.963077 0.874291 0.783161 0.984239 0.922062 0.905127 0.943834 0.863855 0.757743 0.982733 0.974080 0.935467 0.966942 0.786241 0.949241 0.961912 0.904106 0.830506 0.927889 0.950556 0.911960 0.982078 0.848291 0.899348 0.928932 0.992134 0.967923 0.985363 0.890326
0.983118 0.998817 0.875753 0.886754 0.892411 0.000000 0.694615 0.625754 0.878591 0.612975 0.969062 0.871344 0.867331 0.887439 0.717838 0.865134 0.922193 0.931672 0.802808 0.999199 0.842068 0.967896 0.824047 0.820993 0.954870 0.876961 0.483506 0.963017 0.996428 0.923579 0.941961 0.772308 0.817857 0.763439 0.894258 0.831726 0.961781 0.891370 0.933815 0.923825 0.939317 0.942021 0.995527 0.865472 0.798117 0.724645 0.992327 0.741374 0.739559 0.751244 0.861216 0.819930 0.792473 0.855316 0.804363 0.973590 0.823754 0.896265 0.960986 0.968633 0.815568 0.766116 0.897826 0.903242 0.842247 0.756003 0.884034 0.721061 0.896057 0.818230 0.610732 0.624583 0.659830 0.763148 0.962868 0.989958 0.809227 0.896751 0.989493 0.986302 0.906337 0.913266 0.656350 0.793375 0.728550 0.776643 0.770191 0.811210 0.795268 0.653246 0.562218 0.621274 0.629852 0.782269 0.900045 0.988341 0.634784 0.808000 0.658847 0.766663 0.743441 0.918485 0.811630 0.991042 0.893507 0.941980 0.977439 0.882400 0.967174 0.889667 0.941429 0.852076 0.760944 0.997950 0.977556 0.880410
0.980027 0.965075 0.452323 0.484043 0.840357 0.694615 0.000000 0.361599 0.555926 0.686974 0.919773 0.949117 0.721253 0.942833 0.998954 0.600064 0.954711 0.917236 0.535012 0.790821 0.936377 0.970636 0.678118 0.685717 0.616931 0.679452 0.801054 0.900152 0.986106 0.963661 0.555168 0.526570 0.523681 0.607070 0.908181 0.921494 0.952426 0.846744 0.777590 0.852986 0.929838 0.859205 0.741623 0.818802 0.980462 0.918292 0.900642 0.922331 0.833212 0.914972 0.940714 0.913608 0.981687 0.935122 0.828348 0.873846 0.966112 0.712720 0.865161 0.841336 0.889356 0.904841 0.766269 0.772978 0.637427 0.606689 0.506819 0.668520 0.967177 0.835412 0.659094 0.586094 0.791284 0.862442 0.908293 0.946816 0.737553 0.727576 0.943117 0.904352 0.888892 0.980126 0.854852 0.964195 0.881943 0.765901 0.948762 0.904502 0.910296 0.996175 0.617449 0.611885 0.585415 0.641380 0.854845 0.823766 0.758450 0.828449 0.809086 0.762255 0.886327 0.728119 0.955433 0.740955 0.750016 0.864030 0.863028 0.971005 0.905451 0.908350 0.981639 0.956249 0.856292 0.948178 0.996199 0.933320
0.900647 0.900116 0.374366 0.356946 0.775749 0.625754 0.361599 0.000000 0.588622 0.561216 0.837937 0.703061 0.710945 0.806842 0.884993 0.619288 0.985954 0.985252 0.544306 0.587210 0.915151 0.980757 0.850866 0.739202 0.534118 0.561877 0.846858 0.938415 0.981752 0.954385 0.659881 0.619843 0.552303 0.598661 0.942117 0.906465 0.797147 0.728387 0.683913 0.727076 0.899211 0.958432 0.759098 0.837313 0.876789 0.833025 0.884446 0.924665 0.769640 0.909821 0.887531 0.883470 0.902709 0.809239 0.878869 0.909107 0.965064 0.817655 0.932630 0.991030 0.875203 0.606370 0.725085 0.792186 0.593457 0.380545 0.586206 0.702301 0.936069 0.929294 0.509084 0.410751 0.748065 0.756695 0.987327 0.915511 0.700233 0.746548 0.852442 0.905709 0.933866 0.987278 0.710835 0.944601 0.993615 0.860180 0.799755 0.747432 0.889907 0.949605 0.485977 0.541017 0.428888 0.565097 0.906019 0.822319 0.669207 0.828460 0.762020 0.714422 0.706512 0.797795 0.873736 0.817241 0.652972 0.730439 0.889055 0.964786 0.972699 0.929726 0.974101 0.973702 0.934661 0.930121 0.949262 0.962301
0.937920 0.909121 0.476303 0.552350 0.867379 0.878591 0.555926 0.588622 0.000000 0.654735 0.981184 0.885318 0.618284 0.846959 0.905561 0.509209 0.820046 0.768845 0.678633 0.823210 0.824014 0.971642 0.693544 0.768698 0.659149 0.498592 0.991934 0.931671 0.940661 0.902191 0.499471 0.676445 0.697270 0.779662 0.856407 0.931148 0.763901 0.793652 0.670437 0.757916 0.806204 0.949099 0.567021 0.656397 0.765150 0.868354 0.798276 0.927932 0.925923 0.875401 0.809452 0.891688 0.816035 0.747231 0.986957 0.799954 0.890677 0.633856 0.768552 0.736564 0.961896 0.800220 0.607643 0.638708 0.550797 0.622375 0.660474 0.865387 0.932681 0.992302 0.524064 0.532943 0.941212 0.855906 0.891606 0.720614 0.515023 0.615678 0.910865 0.979827 0.792392 0.814026 0.847634 0.877457 0.981445 0.865577 0.909478 0.716609 0.860945 0.957440 0.541960 0.516456 0.539897 0.540609 0.888221 0.808494 0.801080 0.736022 0.663577 0.646625 0.898915 0.618678 0.817016 0.969060 0.825658 0.971786 0.832200 0.900948 0.904567 0.975478 0.987990 0.828560 0.897389 0.819143 0.949989 0.891912
0.867487 0.757571 0.714090 0.789646 0.971085 0.612975 0.686974 0.561216 0.654735 0.000000 0.990101 0.855231 0.856349 0.978986 0.673893 0.867994 0.948813 0.836230 0.794339 0.938888 0.979291 0.811570 0.856125 0.889241 0.967340 0.817320 0.773404 0.756180 0.939489 0.992818 0.943740 0.922569 0.960667 0.938321 0.954161 0.905862 0.972000 0.953259 0.980536 0.912635 0.917896 0.887692 0.987829 0.831583 0.786869 0.720295 0.850639 0.744444 0.696688 0.651166 0.746671 0.696812 0.793575 0.921804 0.794612 0.904384 0.705711 0.652758 0.771954 0.762350 0.942894 0.715524 0.723074 0.735309 0.986531 0.707375 0.928660 0.897519 0.826664 0.691050 0.579209 0.576774 0.829109 0.821805 0.894410 0.846649 0.742513 0.919344 0.964526 0.846065 0.780149 0.769015 0.567915 0.708789 0.548120 0.708319 0.781724 0.660469 0.953573 0.784225 0.437126 0.492360 0.507925 0.612969 0.952169 0.888669 0.685699 0.758842 0.726892 0.794646 0.718761 0.814909 0.663980 0.976653 0.911378 0.974398 0.958932 0.913795 0.866156 0.953333 0.859782 0.919215 0.884827 0.837218 0.944150 0.958561
0.403310 0.488988 0.953537 0.843777 0.901833 0.969062 0.919773 0.837937 0.981184 0.990101 0.000000 0.444903 0.837993 0.885647 0.988795 0.967383 0.413209 0.323560 0.599387 0.597608 0.875161 0.983058 0.830139 0.998703 0.967589 0.942604 0.928284 0.957163 0.493392 0.425649 0.918509 0.988894 0.657502 0.547198 0.983313 0.852096 0.803214 0.732718 0.851678 0.845000 0.633257 0.722824 0.989631 0.891489 0.974575 0.900703 0.671047 0.691219 0.891147 0.875498 0.913477 0.996550 0.838255 0.637407 0.613195 0.793906 0.450137 0.462854 0.587009 0.507946 0.459257 0.619429 0.525231 0.453190 0.998196 0.726739 0.735994 0.661759 0.444460 0.552282 0.972775 0.887507 0.738707 0.741419 0.780294 0.949219 0.960711 0.990680 0.559670 0.670909 0.463477 0.406194 0.734725 0.483639 0.740610 0.699675 0.971114 0.973086 0.797141 0.722167 0.821413 0.794162 0.906842 0.795749 0.707158 0.986652 0.903119 0.977516 0.958753 0.802399 0.887219 0.885138 0.974379 0.828966 0.757474 0.809630 0.731426 0.889823 0.894820 0.797850 0.832130 0.888356 0.999507 0.961061 0.882518 0.946476
0.404055 0.416783 0.874512 0.786869 0.914568 0.871344 0.949117 0.703061 0.885318 0.855231 0.444903 0.000000 0.731998 0.759984 0.955758 0.797890 0.470909 0.505976 0.694442 0.576779 0.895656 0.939878 0.762228 0.988338 0.952693 0.908691 0.997504 0.977822 0.556471 0.591167 0.959112 0.946191 0.651009 0.573035 0.939621 0.900589 0.744236 0.722879 0.812638 0.739080 0.616659 0.628025 0.855630 0.816102 0.962778 0.883332 0.587017 0.720947 0.844431 0.789234 0.797129 0.873556 0.924398 0.767868 0.661956 0.719445 0.494503 0.532670 0.527607 0.474571 0.455687 0.392020 0.677179 0.573232 0.974203 0.573215 0.766143 0.636329 0.478266 0.568310 0.737633 0.683500 0.582121 0.565639 0.680276 0.895105 0.888947 0.867689 0.535321 0.689537 0.516087 0.549991 0.892355 0.597328 0.856860 0.782336 0.895713 0.766313 0.792081 0.849833 0.912630 0.952341 0.867099 0.916469 0.784182 0.992415 0.720849 0.928433 0.884604 0.963101 0.979471 0.990869 0.745907 0.775633 0.675424 0.679788 0.849948 0.997919 0.979191 0.761955 0.873595 0.735399 0.933520 0.952310 0.887648 0.916442
0.883785 0.856562 0.597918 0.633121 0.940360 0.867331 0.721253 0.710945 0.618284 0.856349 0.837993 0.731998 0.000000 0.707984 0.620421 0.444620 0.931674 0.928592 0.813505 0.810185 0.852762 0.891320 0.691227 0.624272 0.656692 0.692326 0.914911 0.971983 0.959434 0.972621 0.676202 0.725191 0.691254 0.731907 0.894938 0.945997 0.694968 0.634862 0.674613 0.730682 0.903115 0.745195 0.717950 0.697365 0.841650 0.905567 0.766481 0.877535 0.864049 0.766426 0.633192 0.720594 0.708057 0.745490 0.855007 0.755214 0.870662 0.966161 0.943653 0.990114 0.792311 0.741571 0.887952 0.910873 0.605439 0.647745 0.739155 0.880706 0.717577 0.761397 0.643965 0.724155 0.882952 0.810647 0.741401 0.836379 0.591105 0.602324 0.813114 0.819259 0.989946 0.924842 0.930313 0.910790 0.808035 0.647411 0.964539 0.952471 0.646722 0.886383 0.655623 0.583669 0.633480 0.645259 0.818990 0.919640 0.875872 0.787432 0.821639 0.835692 0.963028 0.749744 0.921522 0.990793 0.722088 0.801848 0.964307 0.922765 0.997638 0.797319 0.969011 0.812954 0.872878 0.999547 0.875285 0.953114
0.918632 0.838003 0.753646 0.640339 0.816585 0.887439 0.942833 0.806842 0.846959 0.978986 0.885647 0.759984 0.707984 0.000000 0.661088 0.652532 0.859152 0.982438 0.844126 0.705009 0.987086 0.813984 0.632826 0.621289 0.769613 0.757550 0.769807 0.929943 0.886329 0.960128 0.885899 0.787075 0.739473 0.919531 0.829308 0.953598 0.813107 0.735789 0.853059 0.872642 0.916925 0.888916 0.845028 0.768399 0.844922 0.817743 0.922653 0.827198 0.823677 0.649467 0.765252 0.653697 0.792869 0.775418 0.921559 0.979097 0.914166 0.908897 0.956078 0.872964 0.999354 0.826950 0.921178 0.945333 0.691191 0.726831 0.996705 0.946150 0.788572 0.622950 0.908151 0.909873 0.995014 0.865879 0.908105 0.835407 0.788184 0.839693 0.708151 0.978329 0.934376 0.978526 0.820342 0.816089 0.858162 0.743135 0.931569 0.977455 0.930118 0.699407 0.927058 0.868200 0.818790 0.867828 0.951021 0.982081 0.979277 0.939226 0.921040 0.966821 0.985679 0.998671 0.870005 0.995143 0.702502 0.756102 0.938621 0.999241 0.922036 0.852411 0.822652 0.940748 0.914939 0.968387 0.823460 0.947626
0.969373 0.914192 0.940953 0.928495 0.843048 0.717838 0.998954 0.884993 0.905561 0.673893 0.988795 0.955758 0.620421 0.661088 0.000000 0.668358 0.825915 0.993372 0.941536 0.966606 0.924595 0.985693 0.508806 0.649133 0.884555 0.882954 0.675049 0.872155 0.909316 0.947628 0.717383 0.796958 0.819047 0.957464 0.836643 0.945830 0.865157 0.851014 0.825895 0.988882 0.905377 0.920297 0.823498 0.687286 0.642015 0.634850 0.840685 0.850814 0.643874 0.540131 0.559785 0.535753 0.520919 0.589746 0.714340 0.840745 0.867226 0.940417 0.986235 0.977218 0.993108 0.798853 0.883120 0.936584 0.751482 0.844083 0.910719 0.862009 0.841358 0.699768 0.849729 0.791414 0.869147 0.830243 0.843750 0.947890 0.898156 0.857248 0.867769 0.921032 0.889258 0.831036 0.570859 0.760628 0.626870 0.594813 0.845893 0.691543 0.816363 0.747340 0.811548 0.925382 0.902506 0.953271 0.945699 0.975432 0.807542 0.852327 0.831526 0.955709 0.763939 0.888395 0.873072 0.996933 0.970331 0.989188 0.924124 0.987174 0.832231 0.913630 0.902014 0.982774 0.983130 0.978859 0.869005 0.949333
0.878026 0.862475 0.511458 0.533142 0.745536 0.865134 0.600064 0.619288 0.509209 0.867994 0.967383 0.797890 0.444620 0.652532 0.668358 0.000000 0.930787 0.920668 0.705722 0.671520 0.831716 0.887560 0.557131 0.573975 0.565048 0.557523 0.960820 0.949163 0.977847 0.970630 0.491970 0.583822 0.569652 0.670592 0.859284 0.983851 0.734522 0.592826 0.650736 0.683560 0.962222 0.909748 0.521610 0.540258 0.681148 0.753901 0.680199 0.798333 0.783385 0.706263 0.627093 0.690729 0.668635 0.733732 0.787487 0.661838 0.864372 0.872757 0.942929 0.897271 0.890540 0.807635 0.756652 0.802853 0.499838 0.633377 0.618450 0.784306 0.748595 0.851947 0.602416 0.608291 0.834623 0.771609 0.801538 0.818136 0.499212 0.591150 0.721516 0.908159 0.968104 0.969792 0.879205 0.874517 0.782049 0.671989 0.901529 0.865166 0.797789 0.799564 0.670037 0.630176 0.648763 0.652856 0.895773 0.782434 0.879518 0.902574 0.777847 0.690416 0.913872 0.711116 0.850944 0.981807 0.684036 0.748603 0.948697 0.812877 0.937433 0.834258 0.965068 0.835689 0.817850 0.950732 0.851524 0.807477
0.364586 0.433801 0.810282 0.895737 0.928852 0.922193 0.954711 0.985954 0.820046 0.948813 0.413209 0.470909 0.931674 0.859152 0.825915 0.930787 0.000000 0.305063 0.688739 0.688783 0.898281 0.933358 0.613742 0.787345 0.780439 0.767450 0.886182 0.908469 0.494982 0.428238 0.909863 0.871169 0.788457 0.599755 0.925219 0.832067 0.918809 0.896476 0.981564 0.899176 0.598752 0.756175 0.943133 0.954859 0.967605 0.925984 0.670058 0.754995 0.882854 0.937763 0.988510 0.926026 0.713774 0.520215 0.656613 0.760748 0.404919 0.388958 0.423221 0.466188 0.458386 0.691636 0.421659 0.366378 0.766487 0.898091 0.812112 0.629613 0.522620 0.732699 0.965002 0.948355 0.651142 0.751977 0.770896 0.908895 0.891738 0.888660 0.623260 0.656682 0.363186 0.372472 0.741332 0.510202 0.797970 0.873475 0.939708 0.986949 0.881314 0.865778 0.705675 0.652950 0.728585 0.609070 0.712277 0.870982 0.843051 0.982129 0.966289 0.855759 0.874217 0.724889 0.926712 0.759799 0.902714 0.798359 0.820460 0.945142 0.946207 0.854311 0.943068 0.773627 0.929310 0.986878 0.960988 0.936771
0.359861 0.430142 0.802200 0.933594 0.905195 0.931672 0.917236 0.985252 0.768845 0.836230 0.323560 0.505976 0.928592 0.982438 0.993372 0.920668 0.305063 0.000000 0.686678 0.657767 0.964502 0.992777 0.760202 0.898491 0.794544 0.762771 0.969864 0.857951 0.432741 0.372011 0.918654 0.903138 0.736773 0.581867 0.970442 0.870338 0.892572 0.887838 0.993893 0.909882 0.569649 0.758170 0.919785 0.935978 0.968226 0.851543 0.631930 0.675024 0.831556 0.853111 0.928116 0.986409 0.836729 0.559534 0.582775 0.808645 0.377917 0.341407 0.465359 0.439623 0.469866 0.775651 0.360741 0.307755 0.834242 0.929690 0.841898 0.687814 0.504721 0.613527 0.835274 0.943185 0.729792 0.841984 0.815253 0.893603 0.804188 0.877012 0.576498 0.635357 0.359383 0.317977 0.613862 0.420679 0.677050 0.735492 0.935021 0.854435 0.874663 0.750613 0.611951 0.558630 0.668020 0.586482 0.733330 0.907894 0.998654 0.900761 0.868719 0.788402 0.811735 0.708848 0.999785 0.799935 0.879790 0.797079 0.706641 0.853884 0.901685 0.850595 0.860857 0.861783 0.878928 0.970057 0.936362 0.873137
0.660681 0.705814 0.682559 0.674581 0.777125 0.802808 0.535012 0.544306 0.678633 0.794339 0.599387 0.694442 0.813505 0.844126 0.941536 0.705722 0.688739 0.686678 0.000000 0.578409 0.901893 0.971605 0.871942 0.908914 0.914232 0.841979 0.835973 0.957045 0.629921 0.581962 0.665244 0.660860 0.556344 0.439055 0.869894 0.999092 0.942370 0.824017 0.824161 0.887850 0.842493 0.888309 0.802027 0.833001 0.899737 0.915489 0.719947 0.831527 0.967079 0.913273 0.983545 0.975548 0.958983 0.823301 0.765858 0.881898 0.760166 0.903321 0.806054 0.800910 0.653201 0.804274 0.889636 0.867824 0.868997 0.684510 0.556943 0.593737 0.733150 0.883812 0.726528 0.677359 0.689854 0.714169 0.822881 0.965825 0.827144 0.806915 0.682616 0.811687 0.804571 0.719553 0.922228 0.760510 0.851236 0.823997 0.916140 0.998083 0.925863 0.894805 0.886136 0.886163 0.785652 0.914837 0.747505 0.962831 0.759571 0.972919 0.899071 0.860718 0.983903 0.981967 0.951454 0.995859 0.806957 0.882873 0.956382 0.940251 0.951848 0.944698 0.885981 0.914382 0.948586 0.870761 0.887030 0.897071
0.559433 0.574773 0.586159 0.512096 0.812021 0.999199 0.790821 0.587210 0.823210 0.938888 0.597608 0.576779 0.810185 0.705009 0.966606 0.671520 0.688783 0.657767 0.578409 0.000000 0.773830 0.951746 0.907838 0.753122 0.661757 0.654188 0.896249 0.876558 0.713979 0.736084 0.801992 0.842167 0.642790 0.666262 0.895957 0.860018 0.728807 0.566318 0.721319 0.749892 0.699154 0.782463 0.768892 0.723663 0.991576 0.938511 0.709093 0.725589 0.933734 0.792870 0.969921 0.958216 0.911512 0.728144 0.702915 0.801789 0.610119 0.785679 0.846632 0.740391 0.801651 0.659489 0.991650 0.918415 0.641803 0.496427 0.693183 0.727010 0.540110 0.707059 0.726568 0.608866 0.798186 0.735533 0.904106 0.958299 0.835234 0.880346 0.656714 0.913547 0.814181 0.747445 0.881982 0.775341 0.801583 0.758521 0.977931 0.979150 0.808857 0.612602 0.937752 0.945300 0.820748 0.867404 0.804753 0.969805 0.879892 0.925077 0.966109 0.917221 0.970940 0.852585 0.970323 0.998999 0.573783 0.666318 0.951953 0.953038 0.904942 0.891355 0.881212 0.904823 0.957051 0.868879 0.978553 0.993263
0.792492 0.852147 0.833729 0.785393 0.712964 0.842068 0.936377 0.915151 0.824014 0.979291 0.875161 0.895656 0.852762 0.987086 0.924595 0.831716 0.898281 0.964502 0.901893 0.773830 0.000000 0.915082 0.958817 0.980363 0.895413 0.791478 0.986223 0.829081 0.977919 0.971434 0.767012 0.932376 0.865821 0.811730 0.850434 0.879809 0.663302 0.784102 0.728404 0.779265 0.956520 0.848882 0.694921 0.722667 0.834744 0.855646 0.769470 0.836922 0.814186 0.831749 0.862005 0.890137 0.956135 0.988853 0.987511 0.890250 0.897427 0.929215 0.897797 0.924260 0.998123 0.863265 0.906248 0.958735 0.840895 0.856220 0.784781 0.799632 0.778494 0.828890 0.736947 0.833477 0.844220 0.816580 0.967999 0.884645 0.770138 0.809700 0.869962 0.906149 0.919212 0.950418 0.992576 0.992004 0.932032 0.893305 0.985496 0.812493 0.948897 0.861392 0.944175 0.851682 0.891499 0.877981 0.896685 0.952606 0.918140 0.921952 0.829312 0.928146 0.802107 0.980941 0.924723 0.702554 0.826087 0.917356 0.963395 0.972178 0.865449 0.897909 0.991710 0.912545 0.919223 0.991370 0.996009 0.815294
0.927119 0.897227 0.920190 0.982855 0.960372 0.967896 0.970636 0.980757 0.971642 0.811570 0.983058 0.939878 0.891320 0.813984 0.985693 0.887560 0.933358 0.992777 0.971605 0.951746 0.915082 0.000000 0.999163 0.962569 0.924229 0.958524 0.959751 0.995595 0.927430 0.899841 0.876329 0.939821 0.977142 0.904350 0.852636 0.998625 0.698981 0.854466 0.912448 0.823064 0.865715 0.947308 0.787628 0.823083 0.808135 0.837531 0.785559 0.802699 0.876088 0.945668 0.805678 0.899083 0.839943 0.903501 0.830311 0.806870 0.891568 0.966915 0.955597 0.996129 0.955218 0.960298 0.963838 0.983972 0.919303 0.978639 0.894079 0.931306 0.955845 0.929303 0.807400 0.966280 0.967455 0.961494 0.813571 0.946755 0.992854 0.925180 0.910945 0.919473 0.919504 0.864011 0.900525 0.902497 0.831962 0.870106 0.987481 0.984284 0.929512 0.973656 0.996358 0.966209 0.983990 0.983225 0.994987 0.896356 0.892792 0.963051 0.818886 0.955724 0.988051 0.900416 0.949933 0.830278 0.969698 0.987711 0.998457 0.982754 0.951606 0.948924 0.957546 0.984361 0.965078 0.971991 0.932716 0.830814
0.858928 0.895282 0.671486 0.642696 0.799692 0.824047 0.678118 0.850866 0.693544 0.856125 0.830139 0.762228 0.691227 0.632826 0.508806 0.557131 0.613742 0.760202 0.871942 0.907838 0.958817 0.999163 0.000000 0.389398 0.626520 0.687605 0.691445 0.815169 0.833270 0.804184 0.635991 0.673875 0.716583 0.966957 0.777333 0.827644 0.889364 0.828899 0.809264 0.924117 0.800538 0.874736 0.635863 0.576702 0.606105 0.688312 0.926787 0.786408 0.756349 0.621958 0.685573 0.581783 0.473862 0.538360 0.849306 0.829219 0.964526 0.757683 0.768721 0.750213 0.729567 0.706361 0.746238 0.710138 0.482941 0.981786 0.721794 0.985555 0.995271 0.887812 0.985306 0.957965 0.818446 0.798889 0.959093 0.933345 0.722768 0.687347 0.998067 0.997105 0.812894 0.924865 0.773167 0.923558 0.595220 0.521760 0.922331 0.814486 0.805061 0.683721 0.936977 0.852012 0.883293 0.803962 0.949215 0.837539 0.778876 0.990174 0.996010 0.785880 0.941151 0.785244 0.901868 0.834774 0.812079 0.944979 0.862921 0.951711 0.961504 0.928793 0.948073 0.920705 0.872761 0.952910 0.900328 0.894989
0.958250 0.998514 0.555984 0.513218 0.856641 0.820993 0.685717 0.739202 0.768698 0.889241 0.998703 0.988338 0.624272 0.621289 0.649133 0.573975 0.787345 0.898491 0.908914 0.753122 0.980363 0.962569 0.389398 0.000000 0.464361 0.665915 0.657265 0.951766 0.880174 0.874792 0.747157 0.729859 0.787299 0.899807 0.833403 0.950761 0.772402 0.735732 0.689910 0.859143 0.907680 0.991547 0.708217 0.605075 0.756401 0.817446 0.900096 0.711265 0.877593 0.708156 0.789913 0.757759 0.644262 0.757613 0.831125 0.824620 0.907728 0.846462 0.789347 0.844030 0.813395 0.919612 0.755261 0.778327 0.418958 0.777013 0.679069 0.959522 0.907753 0.884823 0.893273 0.915955 0.875243 0.832969 0.968566 0.964794 0.737478 0.680934 0.972228 0.904510 0.929991 0.972406 0.844838 0.843468 0.632839 0.465392 0.967466 0.884809 0.661352 0.624034 0.897966 0.875800 0.854458 0.787664 0.950635 0.799833 0.851009 0.926606 0.961636 0.791676 0.952590 0.882172 0.889144 0.872299 0.723815 0.762312 0.946330 0.992689 0.968925 0.893744 0.958055 0.926083 0.967729 0.945010 0.929337 0.931900
0.987555 0.974125 0.370345 0.347845 0.790816 0.954870 0.616931 0.534118 0.659149 0.967340 0.967589 0.952693 0.656692 0.769613 0.884555 0.565048 0.780439 0.794544 0.914232 0.661757 0.895413 0.924229 0.626520 0.464361 0.000000 0.402129 0.826611 0.933190 0.787737 0.683900 0.632645 0.770581 0.698368 0.848571 0.871225 0.852067 0.660654 0.576174 0.600101 0.638015 0.932007 0.980940 0.601919 0.618471 0.970565 0.993894 0.884448 0.755879 0.996271 0.839642 0.940803 0.925695 0.893728 0.985515 0.839373 0.867572 0.930271 0.777614 0.729846 0.856663 0.764474 0.869053 0.541429 0.622945 0.285637 0.494036 0.654330 0.983877 0.830791 0.984707 0.616646 0.624712 0.976872 0.950132 0.916182 0.874817 0.623245 0.625772 0.976372 0.915183 0.816561 0.848472 0.897293 0.957081 0.802672 0.669845 0.987183 0.803743 0.719936 0.706646 0.679656 0.656219 0.572791 0.504845 0.976752 0.787373 0.931774 0.879164 0.905689 0.798119 0.779811 0.872974 0.959720 0.751712 0.599959 0.771505 0.800883 0.950291 0.983871 0.900625 0.882567 0.943177 0.974944 0.982908 0.936895 0.862373
0.990552 0.981088 0.402301 0.384336 0.719826 0.876961 0.679452 0.561877 0.498592 0.817320 0.942604 0.908691 0.692326 0.757550 0.882954 0.557523 0.767450 0.762771 0.841979 0.654188 0.791478 0.958524 0.687605 0.665915 0.402129 0.000000 0.868517 0.910077 0.905534 0.759373 0.613093 0.721885 0.716459 0.892252 0.749183 0.896288 0.610565 0.637464 0.602010 0.596854 0.881097 0.977034 0.589297 0.665252 0.924817 0.942028 0.871318 0.894161 0.966466 0.797387 0.884043 0.890157 0.886716 0.896234 0.896950 0.870713 0.928253 0.725394 0.704868 0.817200 0.774067 0.833825 0.537217 0.590943 0.409881 0.524370 0.748670 0.963504 0.861895 0.946486 0.541512 0.570405 0.946558 0.901681 0.946988 0.830084 0.548798 0.600612 0.919229 0.968430 0.785123 0.762399 0.871184 0.884347 0.965224 0.823984 0.894542 0.744942 0.872779 0.771913 0.603875 0.554434 0.503359 0.474139 0.897945 0.848599 0.851086 0.825837 0.807884 0.736566 0.812616 0.788323 0.928114 0.919180 0.679343 0.825601 0.815891 0.891638 0.983939 0.891551 0.962184 0.961701 0.952381 0.852682 0.994459 0.908282
0.975672 0.980115 0.935928 0.880724 0.877478 0.483506 0.801054 0.846858 0.991934 0.773404 0.928284 0.997504 0.914911 0.769807 0.675049 0.960820 0.886182 0.969864 0.835973 0.896249 0.986223 0.959751 0.691445 0.657265 0.826611 0.868517 0.000000 0.785231 0.917797 0.968015 0.982646 0.924070 0.954424 0.846726 0.854570 0.816693 0.824800 0.824983 0.890530 0.947636 0.933081 0.902962 0.930566 0.808985 0.846888 0.819905 0.976591 0.789088 0.798689 0.722029 0.869659 0.831421 0.706999 0.799745 0.872264 0.924721 0.888043 0.975709 0.872525 0.909639 0.774834 0.850973 0.988127 0.963611 0.685654 0.926033 0.932036 0.699309 0.881858 0.772204 0.839044 0.761606 0.766181 0.810912 0.878765 0.942469 0.967224 0.962296 0.997600 0.999929 0.974712 0.957947 0.695831 0.791847 0.776668 0.706233 0.936451 0.906106 0.744181 0.667545 0.799540 0.843671 0.835671 0.953919 0.896512 0.900875 0.704654 0.866891 0.804014 0.902116 0.821223 0.962784 0.843454 0.967984 0.984225 0.930252 0.946772 0.879093 0.911135 0.947949 0.979591 0.955101 0.762966 0.944872 0.951927 0.945272
0.814983 0.750773 0.958582 0.956668 0.850596 0.963017 0.900152 0.938415 0.931671 0.756180 0.957163 0.977822 0.971983 0.929943 0.872155 0.949163 0.908469 0.857951 0.957045 0.876558 0.829081 0.995595 0.815169 0.951766 0.933190 0.910077 0.785231 0.000000 0.868524 0.976394 0.981049 0.859579 0.844333 0.987568 0.830776 0.952930 0.905731 0.985839 0.970795 0.808329 0.920489 0.860696 0.889328 0.801436 0.871670 0.837875 0.923540 0.793236 0.759840 0.718354 0.828460 0.744345 0.816283 0.970329 0.784623 0.891372 0.802484 0.754802 0.864983 0.874380 0.896607 0.865876 0.889974 0.859332 0.866786 0.967883 0.969563 0.953493 0.811858 0.797197 0.867783 0.876287 0.957060 0.930015 0.944523 0.812247 0.891365 0.915396 0.866821 0.836149 0.871533 0.835170 0.758997 0.797752 0.683027 0.733861 0.892073 0.842257 0.967327 0.730709 0.814686 0.878768 0.874392 0.993404 0.846870 0.802432 0.760951 0.919394 0.924955 0.932033 0.927757 0.942127 0.868051 0.996256 0.997081 0.989806 0.996474 0.924885 0.880906 0.960613 0.914136 0.953746 0.939903 0.932851 0.878934 0.945233
0.554762 0.515684 0.875493 0.971813 0.783393 0.996428 0.986106 0.981752 0.940661 0.939489 0.493392 0.556471 0.959434 0.886329 0.909316 0.977847 0.494982 0.432741 0.629921 0.713979 0.977919 0.927430 0.833270 0.880174 0.787737 0.905534 0.917797 0.868524 0.000000 0.417303 0.974535 0.980597 0.699754 0.599964 0.969429 0.898105 0.944792 0.985530 0.992997 0.929476 0.677974 0.724917 0.892515 0.973477 0.968767 0.867388 0.795288 0.822839 0.827028 0.807308 0.936004 0.987319 0.922477 0.760391 0.663760 0.919515 0.614460 0.541048 0.635698 0.589043 0.570263 0.875705 0.492132 0.526082 0.829883 0.984434 0.874810 0.775405 0.627573 0.716473 0.884169 0.986820 0.716858 0.887731 0.815384 0.860455 0.900017 0.944665 0.675636 0.831438 0.510293 0.519586 0.642631 0.525594 0.841745 0.831221 0.967143 0.948268 0.942231 0.841723 0.746192 0.762686 0.881326 0.749895 0.789451 0.888327 0.979834 0.875039 0.908634 0.775016 0.756836 0.773182 0.969171 0.837654 0.955180 0.907511 0.704703 0.989138 0.868329 0.903397 0.794660 0.891402 0.879830 0.920696 0.979507 0.752463
0.561116 0.593927 0.847544 0.922672 0.916936 0.923579 0.963661 0.954385 0.902191 0.992818 0.425649 0.591167 0.972621 0.960128 0.947628 0.970630 0.428238 0.372011 0.581962 0.736084 0.971434 0.899841 0.804184 0.874792 0.683900 0.759373 0.968015 0.976394 0.417303 0.000000 0.951018 0.955853 0.760471 0.618495 0.960421 0.961709 0.960710 0.983031 0.924938 0.925933 0.709873 0.769574 0.863276 0.985128 0.919993 0.873739 0.756463 0.892260 0.920873 0.941471 0.969410 0.974125 0.867412 0.734742 0.696860 0.879312 0.622340 0.553379 0.548328 0.576187 0.468754 0.844082 0.432560 0.447776 0.715083 0.994890 0.771816 0.699021 0.682273 0.765867 0.930892 0.977829 0.658380 0.844688 0.840111 0.914973 0.895041 0.964980 0.660368 0.793272 0.511311 0.447966 0.709946 0.553118 0.887435 0.861376 0.939976 0.814229 0.999434 0.871230 0.755687 0.695894 0.784368 0.681049 0.729530 0.959546 0.858937 0.922939 0.969615 0.867710 0.778360 0.868366 0.915922 0.767155 0.978328 0.880901 0.679963 0.992293 0.851068 0.839862 0.765235 0.837410 0.922119 0.900904 0.871019 0.953459
0.925736 0.959595 0.548094 0.598019 0.791243 0.941961 0.555168 0.659881 0.499471 0.943740 0.918509 0.959112 0.676202 0.885899 0.717383 0.491970 0.909863 0.918654 0.665244 0.801992 0.767012 0.876329 0.635991 0.747157 0.632645 0.613093 0.982646 0.981049 0.974535 0.951018 0.000000 0.605816 0.597907 0.684805 0.961762 0.995156 0.761956 0.682727 0.710929 0.754105 0.930647 0.946654 0.549381 0.541677 0.652063 0.725497 0.744370 0.821948 0.806525 0.751483 0.683774 0.768727 0.762812 0.781744 0.679357 0.812390 0.932973 0.818079 0.910947 0.883130 0.967872 0.931256 0.777393 0.810907 0.596089 0.747224 0.541140 0.758964 0.880547 0.929498 0.660493 0.708126 0.842415 0.866123 0.846663 0.861124 0.547365 0.637353 0.757803 0.868905 0.995552 0.979858 0.912366 0.984685 0.845169 0.741275 0.933443 0.792252 0.916438 0.873535 0.763082 0.694708 0.678682 0.654398 0.940749 0.920083 0.877305 0.955223 0.747539 0.773949 0.976489 0.692831 0.902514 0.956035 0.812731 0.988842 0.952799 0.876723 0.959538 0.984600 0.983588 0.956723 0.864685 0.997810 0.914455 0.845935
0.992709 0.986826 0.666614 0.678369 0.783046 0.772308 0.526570 0.619843 0.676445 0.922569 0.988894 0.946191 0.725191 0.787075 0.796958 0.583822 0.871169 0.903138 0.660860 0.842167 0.932376 0.939821 0.673875 0.729859 0.770581 0.721885 0.924070 0.859579 0.980597 0.955853 0.605816 0.000000 0.674873 0.758982 0.949826 0.903902 0.974552 0.896587 0.863465 0.926308 0.956306 0.923727 0.726407 0.793527 0.864113 0.883131 0.799178 0.975139 0.964635 0.829457 0.840100 0.829788 0.851865 0.860879 0.856400 0.933484 0.989021 0.833446 0.971337 0.948998 0.917493 0.998736 0.871944 0.834035 0.738911 0.781958 0.691548 0.762003 0.912593 0.920171 0.830448 0.845658 0.820336 0.901562 0.886428 0.888550 0.792081 0.802395 0.855717 0.919478 0.900756 0.985073 0.978567 0.982764 0.888604 0.802840 0.794323 0.938963 0.975289 0.952008 0.800980 0.711111 0.720920 0.819932 0.847047 0.990001 0.888009 0.999102 0.884853 0.768700 0.952128 0.839728 0.929694 0.906495 0.731798 0.859765 0.972799 0.945028 0.957052 0.944243 0.950399 0.951583 0.861921 0.937723 0.805294 0.959164
0.596922 0.583354 0.689411 0.602788 0.705348 0.817857 0.523681 0.552303 0.697270 0.960667 0.657502 0.651009 0.691254 0.739473 0.819047 0.569652 0.788457 0.736773 0.556344 0.642790 0.865821 0.977142 0.716583 0.787299 0.698368 0.716459 0.954424 0.844333 0.699754 0.760471 0.597907 0.674873 0.000000 0.442505 0.920044 0.955195 0.833119 0.741109 0.819649 0.722587 0.758574 0.848588 0.589718 0.589154 0.737851 0.737410 0.624110 0.621268 0.752789 0.653593 0.710854 0.717469 0.832622 0.977692 0.573705 0.647964 0.600320 0.795917 0.737791 0.706453 0.699544 0.733571 0.907599 0.882707 0.660678 0.607078 0.512750 0.530151 0.654012 0.741013 0.771273 0.736759 0.681391 0.709267 0.757998 0.902453 0.720511 0.649248 0.683813 0.776134 0.731507 0.673818 0.758242 0.667647 0.594399 0.547604 0.964701 0.932470 0.848178 0.690979 0.868620 0.843916 0.758749 0.873803 0.810834 0.810051 0.779517 0.804186 0.770470 0.869688 0.972457 0.916559 0.830044 0.942943 0.550754 0.711688 0.963122 0.926196 0.916825 0.748654 0.917616 0.882225 0.849277 0.985466 0.856834 0.951435
0.532896 0.534489 0.765181 0.717063 0.738913 0.763439 0.607070 0.598661 0.779662 0.938321 0.547198 0.573035 0.731907 0.919531 0.957464 0.670592 0.599755 0.581867 0.439055 0.666262 0.811730 0.904350 0.966957 0.899807 0.848571 0.892252 0.846726 0.987568 0.599964 0.618495 0.684805 0.758982 0.442505 0.000000 0.928217 0.908963 0.810318 0.762372 0.792227 0.796993 0.729747 0.795575 0.726574 0.743231 0.801915 0.808089 0.600131 0.690308 0.829275 0.848491 0.839912 0.914834 0.971126 0.820428 0.696046 0.742385 0.568318 0.717817 0.673334 0.641001 0.577527 0.711143 0.807189 0.762855 0.838922 0.681013 0.494480 0.531679 0.615205 0.802988 0.717108 0.653536 0.534906 0.670126 0.635426 0.968325 0.789870 0.750309 0.656364 0.652079 0.633396 0.617310 0.832827 0.632203 0.745881 0.698398 0.894995 0.913489 0.851408 0.859497 0.904112 0.882916 0.805044 0.944378 0.695214 0.838355 0.757405 0.948061 0.774279 0.876292 0.966497 0.970928 0.852876 0.900384 0.730713 0.763457 0.803085 0.919480 0.976533 0.869739 0.964542 0.792540 0.904922 0.867138 0.885698 0.960240
0.944787 0.929956 0.923732 0.890537 0.901735 0.894258 0.908181 0.942117 0.856407 0.954161 0.983313 0.939621 0.894938 0.829308 0.836643 0.859284 0.925219 0.970442 0.869894 0.895957 0.850434 0.852636 0.777333 0.833403 0.871225 0.749183 0.854570 0.830776 0.969429 0.960421 0.961762 0.949826 0.920044 0.928217 0.000000 0.977631 0.773964 0.874128 0.797376 0.865453 0.910422 0.980958 0.675327 0.671629 0.701538 0.649086 0.780317 0.713817 0.676342 0.668450 0.705295 0.694135 0.777557 0.789338 0.950440 0.802385 0.886710 0.907546 0.906871 0.890438 0.918791 0.992023 0.990960 0.996254 0.814811 0.993818 0.884529 0.957334 0.817609 0.834725 0.946921 0.984726 0.923855 0.960648 0.967037 0.764075 0.797059 0.785419 0.981841 0.971704 0.944614 0.974487 0.911231 0.990176 0.816091 0.813777 0.964183 0.954571 0.864969 0.665449 0.966677 0.932443 0.931881 0.951118 0.875469 0.843386 0.926892 0.814019 0.911295 0.814073 0.920629 0.973824 0.871280 0.773501 0.814803 0.876535 0.980119 0.961133 0.938636 0.742164 0.985056 0.824649 0.837148 0.921052 0.862496 0.824176
0.888968 0.928815 0.880569 0.903613 0.901971 0.831726 0.921494 0.906465 0.931148 0.905862 0.852096 0.900589 0.945997 0.953598 0.945830 0.983851 0.832067 0.870338 0.999092 0.860018 0.879809 0.998625 0.827644 0.950761 0.852067 0.896288 0.816693 0.952930 0.898105 0.961709 0.995156 0.903902 0.955195 0.908963 0.977631 0.000000 0.842914 0.864970 0.987043 0.893747 0.775642 0.939227 0.900097 0.915526 0.763774 0.826086 0.985024 0.966846 0.884491 0.896836 0.889061 0.810987 0.734715 0.760511 0.930753 0.974562 0.926947 0.896369 0.998851 0.871678 0.857084 0.873810 0.958387 0.930451 0.966026 0.797017 0.965606 0.988937 0.766048 0.961688 0.831798 0.759202 0.852772 0.916719 0.956078 0.846991 0.978715 0.985613 0.887463 0.958506 0.923941 0.915374 0.923826 0.982789 0.939266 0.964396 0.949378 0.922102 0.922437 0.916976 0.952721 0.964476 0.923881 0.917267 0.911316 0.910489 0.975710 0.980846 0.963079 0.900012 0.922795 0.733242 0.886414 0.942570 0.877568 0.943539 0.928236 0.942270 0.935565 0.912366 0.940764 0.907733 0.934257 0.929656 0.767292 0.915085
0.750654 0.801732 0.675057 0.611809 0.789397 0.961781 0.952426 0.797147 0.763901 0.972000 0.803214 0.744236 0.694968 0.813107 0.865157 0.734522 0.918809 0.892572 0.942370 0.728807 0.663302 0.698981 0.889364 0.772402 0.660654 0.610565 0.824800 0.905731 0.944792 0.960710 0.761956 0.974552 0.833119 0.810318 0.773964 0.842914 0.000000 0.575189 0.736436 0.581567 0.896599 0.903015 0.625831 0.584201 0.821770 0.788607 0.695689 0.720981 0.762414 0.757456 0.767458 0.805170 0.909645 0.987390 0.787479 0.803646 0.744664 0.868391 0.944590 0.871978 0.954017 0.721721 0.910936 0.980043 0.611002 0.639705 0.765227 0.884747 0.671207 0.727995 0.705210 0.770950 0.909361 0.881042 0.933280 0.893326 0.740841 0.735860 0.771935 0.723576 0.848072 0.855783 0.898256 0.834657 0.802773 0.744787 0.907222 0.766357 0.812070 0.727571 0.891995 0.895358 0.810885 0.815884 0.859628 0.843389 0.910380 0.948583 0.829947 0.889647 0.840935 0.992018 0.906815 0.850613 0.859773 0.817585 0.993499 0.971143 0.986475 0.961235 0.970832 0.970575 0.921741 0.936863 0.877169 0.797713
0.693629 0.757323 0.569547 0.566728 0.756877 0.891370 0.846744 0.728387 0.793652 0.953259 0.732718 0.722879 0.634862 0.735789 0.851014 0.592826 0.896476 0.887838 0.824017 0.566318 0.784102 0.854466 0.828899 0.735732 0.576174 0.637464 0.824983 0.985839 0.985530 0.983031 0.682727 0.896587 0.741109 0.762372 0.874128 0.864970 0.575189 0.000000 0.689426 0.560037 0.830606 0.974259 0.690871 0.629574 0.843476 0.780488 0.775640 0.687355 0.809888 0.762982 0.766953 0.798361 0.897897 0.972132 0.726240 0.773483 0.688231 0.887739 0.965319 0.876521 0.922376 0.758032 0.903411 0.987160 0.566026 0.620055 0.772470 0.878070 0.598109 0.688291 0.743253 0.750209 0.839797 0.727483 0.808450 0.702564 0.712106 0.825658 0.686217 0.910963 0.859657 0.856554 0.818423 0.777862 0.803092 0.713066 0.989111 0.844486 0.658672 0.614690 0.938454 0.859633 0.814377 0.768985 0.877517 0.894461 0.980728 0.892919 0.995689 0.984255 0.846782 0.933878 0.897835 0.959209 0.728430 0.813349 0.925885 0.865602 0.870019 0.874296 0.923995 0.978766 0.918415 0.979974 0.908283 0.834765
