0.000000 0.272048 0.956148 0.780691 0.850082 0.999763 0.774880 0.517479 0.928696 0.462584 0.316433 0.347859 0.590273 0.547971 0.696047 0.892601 0.316767 0.275453 0.472092 0.394647 0.837871 0.973663 0.986137 0.865817 0.867637 0.956353 0.900591 0.926115 0.363173 0.404502 0.674944 0.752776 0.558517 0.533185 0.989825 0.832353 0.777800 0.929836 0.926635 0.864002 0.623320 0.681044 0.719536 0.660308 0.783586 0.597223 0.617363 0.580819 0.413909 0.492230 0.635985 0.615894 0.711363 0.825162 0.775149 0.767165 0.396605 0.411639 0.441499 0.494365 0.565880 0.628335 0.330003 0.320980 0.796775 0.859952 0.967443 0.957889 0.738518 0.806021 0.873201 0.797737 0.701936 0.735687 0.898182 0.997491 0.650754 0.776751 0.600162 0.454504 0.329362 0.352613 0.598910 0.672181 0.631729 0.815868 0.721499 0.923986 0.893265 0.606705 0.880861 0.809028 0.871175 0.653807 0.958594 0.934487 0.761298 0.881606 0.642382 0.710403 0.866674 0.882576 0.647231 0.636376 0.910451 0.849992 0.901820 0.975830 0.807751 0.893153 0.994603 0.763117 0.624765 0.946614 0.776753 0.938202
0.272048 0.000000 0.930130 0.901378 0.719706 0.893378 0.940947 0.542991 0.796289 0.553242 0.452632 0.410404 0.754754 0.631858 0.911636 0.991608 0.331407 0.329186 0.565295 0.396615 0.869963 0.915373 0.884391 0.778787 0.971882 0.931732 0.786591 0.869083 0.401884 0.479754 0.759543 0.797768 0.677341 0.582200 0.967953 0.937231 0.805509 0.946412 0.926518 0.787245 0.594883 0.724973 0.798257 0.693285 0.783291 0.600408 0.638076 0.644177 0.380544 0.529731 0.709421 0.714675 0.807853 0.937191 0.748749 0.778951 0.328473 0.274951 0.548251 0.526578 0.671455 0.623831 0.454115 0.376915 0.706772 0.824051 0.899028 0.956754 0.754625 0.689552 0.978274 0.952036 0.797681 0.868391 0.932857 0.991182 0.731478 0.819118 0.641262 0.517245 0.348570 0.343705 0.697007 0.612333 0.662338 0.839571 0.692800 0.997820 0.966333 0.669731 0.935313 0.657356 0.779644 0.551245 0.991583 0.947530 0.815045 0.834289 0.738059 0.819871 0.931047 0.977506 0.707395 0.774927 0.952533 0.996877 0.800294 0.916414 0.859150 0.908684 0.982674 0.834299 0.660151 0.933340 0.890678 0.893070
0.956148 0.930130 0.000000 0.411803 0.782027 0.766948 0.373361 0.616346 0.661278 0.764110 0.924161 0.985946 0.662977 0.910132 0.690957 0.823566 0.951031 0.963573 0.893963 0.974267 0.950400 0.986250 0.645836 0.903817 0.910728 0.518037 0.995589 0.896772 0.808589 0.836674 0.534843 0.590987 0.536125 0.686777 0.590662 0.892214 0.949539 0.922899 0.831432 0.828252 0.979957 0.903274 0.611791 0.611022 0.540772 0.609872 0.710775 0.604047 0.796416 0.620661 0.540711 0.580720 0.571525 0.538030 0.785504 0.788350 0.945574 0.846648 0.916144 0.990115 0.641420 0.762962 0.896864 0.937149 0.442955 0.708411 0.454173 0.558000 0.902813 0.899560 0.879330 0.866867 0.800126 0.668615 0.767821 0.972352 0.783230 0.650145 0.870964 0.910300 0.897535 0.908546 0.895066 0.934737 0.836562 0.989231 0.701996 0.969308 0.726766 0.973149 0.610986 0.619078 0.633309 0.710856 0.702612 0.931841 0.821942 0.850298 0.689904 0.631410 0.693556 0.616164 0.745436 0.615763 0.557929 0.554422 0.893252 0.838268 0.927175 0.937964 0.783340 0.783739 0.611047 0.791885 0.657225 0.941912
0.780691 0.901378 0.411803 0.000000 0.856565 0.810989 0.471426 0.516598 0.765215 0.663382 0.764994 0.739284 0.648793 0.710497 0.616667 0.758909 0.819740 0.829533 0.763984 0.750640 0.973640 0.915473 0.601070 0.824485 0.957255 0.701509 0.934424 0.937113 0.712759 0.781583 0.623336 0.650649 0.523159 0.658621 0.749668 0.887565 0.908868 0.868161 0.838740 0.960010 0.991546 0.896073 0.655844 0.621000 0.584568 0.579819 0.733084 0.620202 0.683667 0.545097 0.589727 0.603527 0.628776 0.665952 0.761475 0.845028 0.916433 0.974392 0.738656 0.910973 0.619242 0.567506 0.762984 0.788454 0.532983 0.667186 0.556872 0.653394 0.956186 0.801118 0.847017 0.855482 0.750084 0.759851 0.772321 0.995901 0.659387 0.759210 0.794947 0.934296 0.820379 0.871489 0.747220 0.854367 0.666641 0.745583 0.830916 0.879282 0.793900 0.786692 0.714696 0.775611 0.712702 0.845764 0.698954 0.979183 0.706493 0.870147 0.670452 0.683110 0.788714 0.722232 0.745150 0.733078 0.632713 0.668043 0.916106 0.871314 0.892727 0.966987 0.821102 0.795962 0.630631 0.964522 0.797675 0.932831
0.850082 0.719706 0.782027 0.856565 0.000000 0.807998 0.948302 0.891381 0.781220 0.855619 0.862482 0.819515 0.912716 0.906440 0.848713 0.861447 0.771831 0.779533 0.783902 0.787864 0.990862 0.955984 0.789256 0.766271 0.966324 0.825652 0.758517 0.831598 0.798508 0.874073 0.951033 0.921625 0.987946 0.886023 0.989567 0.996187 0.914281 0.953389 0.918206 0.923454 0.860351 0.876208 0.976765 0.966284 0.906942 0.899793 0.932424 0.968488 0.893407 0.959291 0.991429 0.976249 0.925043 0.982222 0.829772 0.825262 0.774231 0.699126 0.904158 0.952311 0.957651 0.963614 0.854979 0.807822 0.751803 0.834429 0.911814 0.981352 0.946721 0.883432 0.928660 0.902076 0.950457 0.971041 0.986190 0.938028 0.861815 0.897352 0.757261 0.907367 0.788592 0.757073 0.880860 0.804010 0.871583 0.820649 0.894976 0.984265 0.829082 0.875574 0.862656 0.751576 0.855685 0.742510 0.955462 0.962396 0.885166 0.967217 0.946486 0.972396 0.964321 0.846348 0.840529 0.957897 0.916640 0.899947 0.802194 0.844622 0.896642 0.920088 0.986128 0.897203 0.968732 0.921974 0.811667 0.774004
0.999763 0.893378 0.766948 0.810989 0.807998 0.000000 0.643880 0.664834 0.662415 0.783875 0.896309 0.890787 0.817577 0.828445 0.832137 0.740150 0.948720 0.943696 0.935119 0.876932 0.836367 0.918638 0.904803 0.989152 0.805692 0.840896 0.758708 0.895655 0.932077 0.909764 0.819003 0.757350 0.734969 0.889269 0.776341 0.982899 0.980053 0.921220 0.896633 0.930187 0.899486 0.958544 0.554284 0.637665 0.713793 0.730714 0.853663 0.779258 0.869932 0.741812 0.633104 0.643548 0.682496 0.604889 0.873696 0.852088 0.747072 0.682129 0.819752 0.879663 0.680475 0.694055 0.848042 0.854470 0.793310 0.603973 0.610195 0.604205 0.561319 0.887748 0.812074 0.762479 0.984684 0.758413 0.738763 0.914712 0.670584 0.775481 0.937517 0.908999 0.926715 0.851902 0.896747 0.858864 0.883266 0.985454 0.970105 0.799713 0.979134 0.914420 0.643819 0.648580 0.661223 0.686710 0.917200 0.861699 0.810418 0.817169 0.670254 0.593902 0.637758 0.639853 0.765861 0.735955 0.758382 0.669993 0.755327 0.672414 0.799312 0.956530 0.771230 0.615280 0.772994 0.889809 0.693390 0.929017
0.774880 0.940947 0.373361 0.471426 0.948302 0.643880 0.000000 0.436390 0.630208 0.433435 0.634514 0.752179 0.460468 0.723393 0.561516 0.745672 0.694124 0.707504 0.623817 0.886238 0.970681 0.990492 0.774854 0.933062 0.890192 0.749160 0.804259 0.997616 0.612937 0.569217 0.464905 0.489182 0.359571 0.449452 0.685426 0.985429 0.865986 0.768529 0.829868 0.915938 0.883108 0.900089 0.363144 0.392862 0.357283 0.446174 0.576871 0.414443 0.646068 0.524906 0.359111 0.428142 0.405114 0.392551 0.651942 0.648501 0.955821 0.900969 0.697196 0.980781 0.405847 0.624760 0.610482 0.632188 0.664840 0.754733 0.295776 0.428750 0.869350 0.950143 0.588957 0.542107 0.561645 0.505576 0.797159 0.898921 0.531682 0.518435 0.569741 0.711846 0.656259 0.930545 0.787535 0.800778 0.918432 0.871976 0.844529 0.897005 0.828062 0.871719 0.504509 0.559429 0.619776 0.696510 0.730278 0.760196 0.615018 0.712093 0.446198 0.354692 0.482396 0.475357 0.509301 0.409716 0.592006 0.506608 0.893120 0.715398 0.734489 0.901208 0.692882 0.540720 0.513416 0.734654 0.588335 0.975238
0.517479 0.542991 0.616346 0.516598 0.891381 0.664834 0.436390 0.000000 0.821477 0.347920 0.476992 0.405399 0.480936 0.427104 0.655499 0.720631 0.536807 0.568289 0.682516 0.651126 0.977059 0.951170 0.963488 0.875432 0.840802 0.736899 0.662995 0.855683 0.468133 0.526309 0.579236 0.575660 0.458900 0.432747 0.733254 0.931236 0.847971 0.840644 0.862582 0.939564 0.889714 0.845627 0.350061 0.348361 0.367027 0.320823 0.481463 0.372435 0.330503 0.306611 0.339566 0.361288 0.471256 0.518139 0.634776 0.624010 0.771778 0.761943 0.424273 0.617575 0.318255 0.303674 0.419108 0.384156 0.794516 0.659436 0.480640 0.460262 0.852126 0.817707 0.721974 0.696193 0.631811 0.583819 0.731637 0.904549 0.464154 0.587776 0.668430 0.690932 0.481520 0.691857 0.754065 0.797646 0.753906 0.918481 0.910856 0.926579 0.905725 0.679412 0.641960 0.837243 0.755623 0.997093 0.646407 0.830128 0.643027 0.827528 0.375682 0.349289 0.525709 0.617205 0.427893 0.511473 0.603686 0.657177 0.930342 0.747115 0.680429 0.889851 0.628451 0.440702 0.463487 0.809434 0.589182 0.924290
0.928696 0.796289 0.661278 0.765215 0.781220 0.662415 0.630208 0.821477 0.000000 0.788837 0.956991 0.932438 0.803350 0.976513 0.739137 0.873256 0.939159 0.897643 0.972302 0.815567 0.934126 0.994164 0.915662 0.904500 0.968813 0.776243 0.974418 0.897706 0.990769 0.958010 0.743869 0.728655 0.783570 0.941973 0.694020 0.886371 0.936001 0.844656 0.926368 0.948557 0.984967 0.929866 0.667857 0.764251 0.755936 0.849536 0.876146 0.746546 0.945040 0.807042 0.624774 0.589073 0.563099 0.569721 0.908675 0.762893 0.697194 0.634548 0.987161 0.934104 0.806012 0.799554 0.960911 0.981426 0.691415 0.708535 0.652680 0.793035 0.781259 0.832853 0.768150 0.720602 0.724891 0.646650 0.854342 0.902312 0.645516 0.723450 0.922702 0.925497 0.972912 0.792158 0.860989 0.712421 0.954658 0.954530 0.678117 0.786222 0.724529 0.967888 0.520118 0.474370 0.473967 0.565274 0.823000 0.920582 0.801252 0.730350 0.610893 0.581423 0.618688 0.617805 0.694879 0.717093 0.762499 0.779688 0.856877 0.694419 0.955397 0.879887 0.850880 0.715178 0.699763 0.877044 0.755528 0.907131
0.462584 0.553242 0.764110 0.663382 0.855619 0.783875 0.433435 0.347920 0.788837 0.000000 0.369245 0.389792 0.424584 0.473456 0.553917 0.685134 0.371669 0.397319 0.482374 0.577556 0.826369 0.948013 0.829245 0.944008 0.817738 0.945890 0.728885 0.994288 0.351128 0.340366 0.463171 0.534445 0.419680 0.409485 0.948512 0.964130 0.727105 0.750779 0.969381 0.937441 0.783728 0.767227 0.431739 0.424773 0.453996 0.410499 0.486292 0.407381 0.393221 0.476704 0.433177 0.504889 0.543943 0.641354 0.691017 0.661672 0.675302 0.763324 0.472184 0.792279 0.424863 0.479892 0.373645 0.311553 0.968856 0.935518 0.618741 0.653029 0.939287 0.839704 0.580583 0.500573 0.514421 0.501336 0.829927 0.904585 0.536040 0.542835 0.534070 0.490561 0.333489 0.503646 0.603997 0.660743 0.692707 0.932624 0.994034 0.957195 0.911886 0.670148 0.731479 0.938896 0.901916 0.885130 0.881449 0.831845 0.595675 0.961230 0.468347 0.419061 0.605676 0.740575 0.445559 0.455394 0.697672 0.692269 0.931722 0.814507 0.652063 0.939717 0.782688 0.573298 0.604927 0.865914 0.688820 0.816916
0.316433 0.452632 0.924161 0.764994 0.862482 0.896309 0.634514 0.476992 0.956991 0.369245 0.000000 0.312758 0.405855 0.449141 0.569212 0.701764 0.326596 0.298861 0.406004 0.487861 0.999516 0.994832 0.947515 0.879557 0.727344 0.986198 0.875478 0.997619 0.338747 0.332580 0.699827 0.758702 0.488263 0.536020 0.947896 0.946476 0.813948 0.874605 0.955180 0.857438 0.674735 0.711829 0.618928 0.606956 0.721400 0.585884 0.615438 0.572313 0.473968 0.509932 0.581816 0.583137 0.666121 0.717942 0.732622 0.752123 0.593747 0.613302 0.403202 0.622972 0.452867 0.559722 0.294573 0.279587 0.824305 0.965875 0.762116 0.831706 0.867577 0.896761 0.775841 0.623173 0.561094 0.595234 0.906472 0.900712 0.605864 0.674309 0.498809 0.529095 0.374047 0.436710 0.608802 0.695043 0.758005 0.879281 0.827305 0.969484 0.956152 0.633280 0.785169 0.933614 0.933480 0.742099 0.976642 0.846931 0.677133 0.910528 0.582413 0.595267 0.739854 0.791283 0.635929 0.518919 0.824730 0.813887 0.905947 0.927868 0.796987 0.895974 0.969096 0.694755 0.670526 0.950402 0.751132 0.910065
0.347859 0.410404 0.985946 0.739284 0.819515 0.890787 0.752179 0.405399 0.932438 0.389792 0.312758 0.000000 0.475039 0.305593 0.594432 0.652440 0.349995 0.344357 0.527837 0.463147 0.992151 0.967724 0.945916 0.991322 0.717919 0.916948 0.789972 0.894671 0.401536 0.403797 0.728758 0.781980 0.582186 0.497258 0.939146 0.821386 0.801384 0.904252 0.963963 0.805033 0.784211 0.798490 0.605617 0.582392 0.675117 0.524408 0.617311 0.533839 0.373762 0.493243 0.623387 0.640569 0.752142 0.846388 0.775598 0.759358 0.600396 0.555221 0.424521 0.548807 0.464261 0.416047 0.293651 0.253879 0.860447 0.872373 0.828140 0.792829 0.917358 0.863303 0.765595 0.675831 0.713589 0.729296 0.890940 0.957162 0.592179 0.732580 0.631010 0.589852 0.394689 0.432588 0.645031 0.732341 0.638020 0.674983 0.809968 0.891086 0.954574 0.590673 0.926379 0.763929 0.825110 0.611687 0.942494 0.802794 0.819050 0.883797 0.600961 0.628217 0.791910 0.895120 0.660110 0.656211 0.837507 0.905169 0.745133 0.959581 0.756704 0.943392 0.922801 0.728456 0.707245 0.924072 0.757588 0.835990
0.590273 0.754754 0.662977 0.648793 0.912716 0.817577 0.460468 0.480936 0.803350 0.424584 0.405855 0.475039 0.000000 0.483092 0.375392 0.506686 0.529821 0.534305 0.563981 0.793914 0.927017 0.975659 0.751838 0.969049 0.808332 0.977117 0.920499 0.979180 0.498388 0.418819 0.545859 0.640490 0.426168 0.509175 0.911490 0.982150 0.878515 0.957687 0.989343 0.909131 0.890314 0.827579 0.468856 0.464640 0.591299 0.516225 0.549524 0.503407 0.603869 0.531537 0.554332 0.550703 0.616815 0.636651 0.789032 0.835807 0.766851 0.834066 0.431804 0.696496 0.395421 0.624407 0.366548 0.384365 0.804931 0.922419 0.469004 0.618372 0.877875 0.958235 0.631180 0.576082 0.664491 0.636591 0.880767 0.885967 0.559278 0.497898 0.552910 0.692378 0.602626 0.711049 0.629839 0.860678 0.854882 0.931370 0.990146 0.980001 0.791113 0.757007 0.708609 0.902453 0.865169 0.905657 0.791869 0.761442 0.617641 0.945695 0.493349 0.479764 0.588827 0.701621 0.484933 0.477658 0.567596 0.630178 0.909876 0.844971 0.764567 0.813215 0.824878 0.647104 0.596335 0.834895 0.571148 0.889695
0.547971 0.631858 0.910132 0.710497 0.906440 0.828445 0.723393 0.427104 0.976513 0.473456 0.449141 0.305593 0.483092 0.000000 0.498460 0.470570 0.535260 0.539714 0.614853 0.603866 0.945403 0.932536 0.768967 0.787688 0.704143 0.893518 0.814568 0.998161 0.455669 0.448197 0.672657 0.711849 0.561867 0.495548 0.991453 0.819643 0.825615 0.974815 0.896058 0.832723 0.931746 0.786773 0.602606 0.593523 0.660251 0.520849 0.679366 0.582370 0.496080 0.503556 0.626856 0.656806 0.788557 0.834159 0.838913 0.875009 0.805076 0.745487 0.522497 0.660524 0.512173 0.426336 0.365639 0.367702 0.951650 0.760477 0.700964 0.730975 0.980859 0.899164 0.718661 0.705435 0.743111 0.716606 0.739745 0.901020 0.674578 0.741561 0.746561 0.743355 0.552865 0.579322 0.726731 0.823454 0.637862 0.577106 0.879671 0.837787 0.983779 0.654042 0.957283 0.803316 0.834846 0.634346 0.775765 0.854909 0.916580 0.808058 0.690641 0.626965 0.793662 0.848730 0.740357 0.630554 0.759229 0.849882 0.868099 0.942310 0.759510 0.938711 0.838140 0.722381 0.747203 0.973102 0.814674 0.868783
0.696047 0.911636 0.690957 0.616667 0.848713 0.832137 0.561516 0.655499 0.739137 0.553917 0.569212 0.594432 0.375392 0.498460 0.000000 0.379573 0.637767 0.644576 0.554875 0.772860 0.940260 0.969168 0.469460 0.757090 0.868928 0.996102 0.906412 0.943870 0.583766 0.461216 0.443970 0.583202 0.453081 0.488412 0.961677 0.941942 0.833683 0.951887 0.976747 0.946015 0.863253 0.786301 0.640620 0.623699 0.724718 0.617341 0.770972 0.624564 0.749065 0.631014 0.707013 0.676248 0.705390 0.780875 0.967596 0.992589 0.853389 0.922036 0.692699 0.879289 0.654780 0.714254 0.456186 0.537623 0.804361 0.944951 0.575859 0.790989 0.990853 0.981730 0.576144 0.630481 0.638003 0.671254 0.855426 0.889128 0.593217 0.600792 0.713319 0.675601 0.655038 0.743062 0.682203 0.889353 0.631649 0.655261 0.885096 0.865412 0.818165 0.773374 0.864084 0.918557 0.966012 0.892629 0.819834 0.784628 0.782723 0.885372 0.725236 0.679631 0.695559 0.743384 0.707794 0.512785 0.745281 0.693956 0.975167 0.898810 0.778118 0.861852 0.904574 0.845276 0.758788 0.841679 0.639254 0.884114
0.892601 0.991608 0.823566 0.758909 0.861447 0.740150 0.745672 0.720631 0.873256 0.685134 0.701764 0.652440 0.506686 0.470570 0.379573 0.000000 0.804203 0.823338 0.726877 0.969461 0.983752 0.951131 0.583341 0.618789 0.787718 0.852724 0.948616 0.967171 0.712039 0.570414 0.607551 0.718757 0.613650 0.682951 0.986900 0.965400 0.871104 0.906411 0.997439 0.981495 0.990469 0.937654 0.658881 0.648590 0.815817 0.721253 0.831204 0.705187 0.824398 0.798523 0.838701 0.862197 0.944036 0.961890 0.996145 0.850591 0.995888 0.983295 0.735988 0.868711 0.725605 0.740408 0.579273 0.611352 0.854980 0.858718 0.666008 0.751717 0.834777 0.975885 0.670659 0.676824 0.896636 0.774317 0.828324 0.932686 0.799053 0.631912 0.822874 0.839463 0.810650 0.862625 0.873265 0.973003 0.743584 0.591700 0.918479 0.821540 0.924396 0.842101 0.957417 0.915120 0.906492 0.806617 0.833496 0.797733 0.869218 0.829788 0.895655 0.815069 0.815096 0.872650 0.807399 0.684195 0.794790 0.736435 0.985936 0.999807 0.807860 0.859891 0.899177 0.888930 0.823549 0.867581 0.788347 0.953169
0.316767 0.331407 0.951031 0.819740 0.771831 0.948720 0.694124 0.536807 0.939159 0.371669 0.326596 0.349995 0.529821 0.535260 0.637767 0.804203 0.000000 0.207883 0.378251 0.386909 0.824133 0.900503 0.918166 0.848577 0.831128 0.880265 0.803641 0.981945 0.304388 0.260672 0.641023 0.639817 0.468946 0.421943 0.977561 0.973266 0.745691 0.850326 0.958193 0.769480 0.609001 0.741609 0.658220 0.584542 0.656022 0.511623 0.565454 0.514618 0.412869 0.590631 0.669697 0.749607 0.772412 0.891877 0.712376 0.734628 0.345125 0.405296 0.546086 0.724736 0.581061 0.664280 0.315690 0.264599 0.724190 0.784139 0.861408 0.848760 0.777935 0.754470 0.791247 0.633442 0.609427 0.737781 0.931480 0.965007 0.648862 0.637283 0.471400 0.439409 0.247260 0.329399 0.537892 0.512940 0.661255 0.857630 0.873821 0.932734 0.927116 0.680122 0.930961 0.730275 0.761904 0.586885 0.955785 0.830114 0.792918 0.828770 0.660988 0.682655 0.893896 0.957162 0.664164 0.583227 0.892368 0.907468 0.759410 0.928020 0.799824 0.922397 0.958482 0.783593 0.637071 0.957528 0.805396 0.864982
0.275453 0.329186 0.963573 0.829533 0.779533 0.943696 0.707504 0.568289 0.897643 0.397319 0.298861 0.344357 0.534305 0.539714 0.644576 0.823338 0.207883 0.000000 0.331669 0.357848 0.816172 0.888942 0.925584 0.899968 0.862505 0.912542 0.808462 0.976727 0.294732 0.278192 0.646085 0.694627 0.492621 0.464555 0.961156 0.927388 0.769365 0.845859 0.985367 0.824457 0.567291 0.722706 0.705117 0.620577 0.726720 0.568047 0.655184 0.531218 0.453422 0.592674 0.676423 0.720096 0.747891 0.843652 0.702451 0.738502 0.357370 0.420273 0.561846 0.727603 0.600523 0.716198 0.316008 0.284423 0.683869 0.754228 0.905620 0.928707 0.728608 0.806437 0.776078 0.635303 0.593703 0.665234 0.966381 0.965345 0.623907 0.646069 0.471116 0.403429 0.263733 0.306188 0.548132 0.557933 0.682953 0.889869 0.845181 0.934098 0.932627 0.718861 0.989109 0.761709 0.757683 0.607264 0.947122 0.823835 0.798209 0.843742 0.670264 0.680355 0.902554 0.929168 0.664829 0.588836 0.871143 0.913537 0.829323 0.980930 0.860147 0.991004 0.955682 0.820904 0.635609 0.950225 0.810245 0.923174
0.472092 0.565295 0.893963 0.763984 0.783902 0.935119 0.623817 0.682516 0.972302 0.482374 0.406004 0.527837 0.563981 0.614853 0.554875 0.726877 0.378251 0.331669 0.000000 0.410942 0.817278 0.911166 0.707030 0.920379 0.958828 0.856719 0.966785 0.840968 0.419755 0.373084 0.591312 0.680030 0.460418 0.519921 0.928350 0.950859 0.788996 0.807007 0.982888 0.994551 0.619035 0.744329 0.807148 0.745093 0.780547 0.687869 0.737522 0.628066 0.665832 0.703354 0.776044 0.834321 0.850969 0.906638 0.728868 0.811448 0.482418 0.614443 0.718215 0.997280 0.753052 0.831673 0.462975 0.466856 0.772969 0.690310 0.846709 0.980043 0.668450 0.766874 0.649834 0.651030 0.568240 0.604374 0.925580 0.956769 0.598587 0.699015 0.517271 0.416930 0.378858 0.407979 0.581042 0.528174 0.665118 0.862406 0.932945 0.824684 0.979189 0.731646 0.977979 0.846842 0.812098 0.741500 0.938479 0.742307 0.798837 0.812547 0.820359 0.773945 0.918132 0.919737 0.738448 0.538018 0.892026 0.822424 0.989938 0.862963 0.885635 0.986644 0.984956 0.868524 0.725703 0.883189 0.955445 0.816785
0.394647 0.396615 0.974267 0.750640 0.787864 0.876932 0.886238 0.651126 0.815567 0.577556 0.487861 0.463147 0.793914 0.603866 0.772860 0.969461 0.386909 0.357848 0.410942 0.000000 0.832983 0.961216 0.807347 0.965668 0.998415 0.970434 0.959735 0.923328 0.426144 0.469319 0.766302 0.769840 0.639806 0.593761 0.889190 0.865520 0.819101 0.735870 0.977876 0.831615 0.586232 0.673402 0.969755 0.872472 0.877140 0.717162 0.819033 0.720732 0.549208 0.634229 0.848711 0.883333 0.938383 0.964000 0.775479 0.824406 0.439389 0.435354 0.723296 0.873981 0.868748 0.715041 0.563573 0.523732 0.685681 0.765869 0.885462 0.903838 0.549169 0.613179 0.884763 0.932305 0.651705 0.754454 0.940166 0.928940 0.680544 0.882921 0.665892 0.539564 0.366172 0.292639 0.470239 0.497963 0.560061 0.716391 0.832345 0.771507 0.844271 0.708259 0.826959 0.660954 0.726444 0.589095 0.937785 0.934755 0.931456 0.797086 0.916592 0.933477 0.918574 0.935844 0.911250 0.817663 0.985579 0.952882 0.897691 0.857214 0.985691 0.943335 0.962743 0.918140 0.820983 0.990545 0.967647 0.827709
0.837871 0.869963 0.950400 0.973640 0.990862 0.836367 0.970681 0.977059 0.934126 0.826369 0.999516 0.992151 0.927017 0.945403 0.940260 0.983752 0.824133 0.816172 0.817278 0.832983 0.000000 0.942275 0.886544 0.935512 0.961007 0.922979 0.999917 0.867178 0.894608 0.910411 0.789193 0.881953 0.899879 0.919593 0.811927 0.930272 0.787603 0.960527 0.765990 0.852638 0.877719 0.911272 0.990330 0.900382 0.979378 0.929875 0.905570 0.896462 0.924121 0.892920 0.953569 0.897524 0.864176 0.828146 0.919855 0.939928 0.762883 0.874323 0.973215 0.902241 0.904392 0.890163 0.940361 0.943373 0.964169 0.774045 0.871816 0.899266 0.790881 0.855788 0.914133 0.829611 0.946231 0.903243 0.826553 0.925860 0.959431 0.913122 0.971345 0.748280 0.794170 0.774928 0.800505 0.798468 0.825448 0.955013 0.942537 0.942526 0.975682 0.894112 0.826174 0.915718 0.889725 0.894408 0.991906 0.945103 0.950550 0.997951 0.997059 0.957578 0.887198 0.907577 0.907403 0.903451 0.886234 0.867222 0.945774 0.884612 0.995331 0.778775 0.983339 0.953392 0.979488 0.953519 0.880390 0.952255
0.973663 0.915373 0.986250 0.915473 0.955984 0.918638 0.990492 0.951170 0.994164 0.948013 0.994832 0.967724 0.975659 0.932536 0.969168 0.951131 0.900503 0.888942 0.911166 0.961216 0.942275 0.000000 0.930994 0.888696 0.919950 0.987653 0.914539 0.945068 0.995415 0.915540 0.915355 0.980404 0.995671 0.912574 0.911401 0.773992 0.945506 0.746399 0.910571 0.960560 0.975817 0.880308 0.992917 0.992395 0.954578 0.978122 0.954658 0.910126 0.925369 0.977211 0.962829 0.977439 0.997684 0.998058 0.954183 0.915676 0.990126 0.981072 0.830346 0.996256 0.937707 0.982030 0.984890 0.977463 0.911891 0.971705 0.958022 0.976586 0.997405 0.885805 0.911595 0.899690 0.962909 0.920512 0.948839 0.984121 0.961864 0.966075 0.878428 0.956175 0.904434 0.926817 0.955411 0.909477 0.915596 0.954971 0.992092 0.939655 0.976862 0.927107 0.924799 0.903341 0.917780 0.949110 0.945541 0.904827 0.953159 0.855206 0.934069 0.939596 0.972192 0.848489 0.962118 0.891626 0.881348 0.987643 0.943875 0.827828 0.926217 0.923460 0.944691 0.969320 0.971792 0.901726 0.937072 0.946036
0.986137 0.884391 0.645836 0.601070 0.789256 0.904803 0.774854 0.963488 0.915662 0.829245 0.947515 0.945916 0.751838 0.768967 0.469460 0.583341 0.918166 0.925584 0.707030 0.807347 0.886544 0.930994 0.000000 0.428927 0.810469 0.999762 0.681865 0.766104 0.838085 0.770466 0.593195 0.741773 0.676102 0.790478 0.912246 0.960305 0.801826 0.965667 0.982893 0.862340 0.981918 0.791238 0.898943 0.958160 0.990464 0.960351 0.989131 0.985939 0.934600 0.939645 0.970540 0.939227 0.949917 0.887979 0.818116 0.760077 0.952954 0.956713 0.938121 0.747800 0.880136 0.936599 0.920617 0.984797 0.801688 0.875600 0.866032 0.858954 0.743862 0.835774 0.695904 0.919990 0.764560 0.781147 0.856403 0.946205 0.922110 0.833099 0.975708 0.901578 0.921682 0.813459 0.715067 0.877516 0.527804 0.539060 0.744194 0.601694 0.843669 0.937180 0.871306 0.974072 0.962587 0.903905 0.860546 0.970314 0.914709 0.724479 0.840229 0.913699 0.906311 0.935814 0.935643 0.802063 0.887008 0.803260 0.942419 0.871293 0.962288 0.990959 0.968469 0.855307 0.948129 0.954405 0.961756 0.855190
0.865817 0.778787 0.903817 0.824485 0.766271 0.989152 0.933062 0.875432 0.904500 0.944008 0.879557 0.991322 0.969049 0.787688 0.757090 0.618789 0.848577 0.899968 0.920379 0.965668 0.935512 0.888696 0.428927 0.000000 0.900179 0.881931 0.860754 0.747743 0.958222 0.980158 0.903318 0.974993 0.994942 0.969840 0.867550 0.833384 0.948796 0.951425 0.895586 0.988420 0.853668 0.831333 0.802665 0.828583 0.848844 0.903828 0.788250 0.849154 0.858140 0.913371 0.792912 0.758329 0.756828 0.739062 0.670066 0.730080 0.835204 0.853526 0.807332 0.812005 0.759173 0.919268 0.924370 0.891556 0.907962 0.975853 0.918147 0.769816 0.906429 0.926803 0.873958 0.981125 0.866554 0.982803 0.996989 0.967775 0.848817 0.892140 0.774768 0.916193 0.897645 0.957358 0.901497 0.941043 0.667887 0.516561 0.853643 0.570998 0.977877 0.967560 0.714660 0.803760 0.757625 0.838617 0.970827 0.956498 0.806683 0.663234 0.622167 0.740181 0.774706 0.771673 0.722347 0.935023 0.986851 0.981732 0.936601 0.787284 0.985394 0.827930 0.881206 0.786517 0.763351 0.933650 0.780065 0.918655
0.867637 0.971882 0.910728 0.957255 0.966324 0.805692 0.890192 0.840802 0.968813 0.817738 0.727344 0.717919 0.808332 0.704143 0.868928 0.787718 0.831128 0.862505 0.958828 0.998415 0.961007 0.919950 0.810469 0.900179 0.000000 0.672251 0.716408 0.973649 0.835400 0.795866 0.965708 0.999855 0.885727 0.869883 0.958368 0.939433 0.802830 0.984885 0.885276 0.898991 0.986909 0.885029 0.733795 0.809138 0.923170 0.913542 0.803676 0.843437 0.870059 0.946184 0.806478 0.889427 0.926671 0.842866 0.744515 0.956854 0.931745 0.944481 0.778390 0.817142 0.695723 0.776139 0.709926 0.711643 0.821267 0.842860 0.817460 0.754573 0.899516 0.761109 0.986640 0.745483 0.903401 0.871860 0.949382 0.851429 0.995965 0.873527 0.811278 0.956060 0.941799 0.934268 0.947389 0.876042 0.857371 0.983183 0.798871 0.805208 0.816166 0.886037 0.881090 0.960476 0.907587 0.914818 0.999009 0.956227 0.875385 0.964287 0.779228 0.790825 0.802547 0.805930 0.929869 0.842852 0.947805 0.948839 0.879652 0.905813 0.874350 0.906478 0.982420 0.869389 0.986795 0.907060 0.743440 0.828875
0.956353 0.931732 0.518037 0.701509 0.825652 0.840896 0.749160 0.736899 0.776243 0.945890 0.986198 0.916948 0.977117 0.893518 0.996102 0.852724 0.880265 0.912542 0.856719 0.970434 0.922979 0.987653 0.999762 0.881931 0.672251 0.000000 0.956775 0.968755 0.902013 0.945463 0.724811 0.753619 0.804952 0.863836 0.632152 0.913054 0.931620 0.878093 0.833321 0.887112 0.995293 0.933997 0.792581 0.778147 0.680930 0.705158 0.927000 0.779582 0.772625 0.587090 0.641258 0.558511 0.589253 0.623139 0.934993 0.845881 0.910991 0.995320 0.986506 0.851878 0.791847 0.701610 0.942799 0.960279 0.584448 0.664594 0.805091 0.734287 0.912535 0.813116 0.940246 0.783233 0.948373 0.880525 0.938911 0.952791 0.864223 0.903633 0.952284 0.954513 0.952285 0.906110 0.997677 0.986359 0.859222 0.980334 0.784590 0.854057 0.727674 0.989881 0.633525 0.710672 0.625333 0.724432 0.779446 0.902540 0.945166 0.754079 0.824203 0.802271 0.742338 0.671738 0.821935 0.879800 0.690720 0.794066 0.826243 0.776051 0.989021 0.898773 0.776100 0.787368 0.714720 0.842013 0.809570 0.805527
0.900591 0.786591 0.995589 0.934424 0.758517 0.758708 0.804259 0.662995 0.974418 0.728885 0.875478 0.789972 0.920499 0.814568 0.906412 0.948616 0.803641 0.808462 0.966785 0.959735 0.999917 0.914539 0.681865 0.860754 0.716408 0.956775 0.000000 0.942428 0.748196 0.812271 0.981146 0.833744 0.898284 0.771811 0.766483 0.947856 0.866024 0.961684 0.835019 0.882827 0.910093 0.954467 0.600568 0.564221 0.634666 0.654932 0.783170 0.605261 0.655916 0.830486 0.616055 0.711337 0.713555 0.675741 0.574028 0.596828 0.994108 0.948632 0.806679 0.853202 0.656298 0.664776 0.755780 0.699038 0.881402 0.828518 0.761932 0.588715 0.716281 0.835819 0.941793 0.743826 0.982615 0.891079 0.965329 0.945388 0.815423 0.919188 0.731253 0.922597 0.826289 0.999119 0.886277 0.931827 0.804059 0.813616 0.777431 0.826467 0.873210 0.917810 0.914423 0.983627 0.925635 0.920703 0.967212 0.984123 0.936065 0.805918 0.636165 0.665104 0.760710 0.807901 0.773529 0.912403 0.824578 0.992590 0.928318 0.803719 0.836923 0.898462 0.846220 0.758513 0.702382 0.942559 0.826394 0.920666
0.926115 0.869083 0.896772 0.937113 0.831598 0.895655 0.997616 0.855683 0.897706 0.994288 0.997619 0.894671 0.979180 0.998161 0.943870 0.967171 0.981945 0.976727 0.840968 0.923328 0.867178 0.945068 0.766104 0.747743 0.973649 0.968755 0.942428 0.000000 0.955787 0.922659 0.945951 0.865918 0.982144 0.942177 0.981021 0.928559 0.893484 0.976071 0.963662 0.865710 0.907549 0.869458 0.867680 0.856341 0.881752 0.934938 0.987195 0.879561 0.850379 0.898919 0.862921 0.859875 0.882166 0.927218 0.991319 0.910305 0.979229 0.983491 0.848327 0.792185 0.824540 0.858628 0.913504 0.917501 0.963450 0.834155 0.904111 0.867210 0.808934 0.956151 0.947016 0.969688 0.978538 0.905639 0.905190 0.979829 0.910165 0.948764 0.984183 0.939380 0.978648 0.927401 0.794170 0.901971 0.978288 0.988548 0.872328 0.883728 0.833373 0.866947 0.863454 0.955053 0.915103 0.922611 0.880489 0.792895 0.947771 0.778120 0.760479 0.873044 0.775768 0.925676 0.888894 0.924447 0.878665 0.944668 0.923875 0.912070 0.997558 0.928110 0.952755 0.865903 0.817115 0.876610 0.940323 0.926176
0.363173 0.401884 0.808589 0.712759 0.798508 0.932077 0.612937 0.468133 0.990769 0.351128 0.338747 0.401536 0.498388 0.455669 0.583766 0.712039 0.304388 0.294732 0.419755 0.426144 0.894608 0.995415 0.838085 0.958222 0.835400 0.902013 0.748196 0.955787 0.000000 0.269037 0.511097 0.521743 0.401706 0.357960 0.883330 0.969434 0.779512 0.808739 0.936873 0.794321 0.669303 0.675984 0.596000 0.542516 0.592946 0.439724 0.629279 0.485017 0.393761 0.472482 0.531773 0.594911 0.643128 0.725122 0.661101 0.660308 0.512755 0.515370 0.521487 0.725060 0.501219 0.544290 0.323342 0.297248 0.821485 0.938203 0.753610 0.767252 0.812726 0.747411 0.798293 0.694621 0.590087 0.619991 0.813868 0.928301 0.655346 0.583517 0.456528 0.452250 0.287666 0.387069 0.545968 0.569912 0.586560 0.807908 0.981289 0.887394 0.925617 0.666349 0.921399 0.798740 0.878532 0.646507 0.973181 0.849080 0.749462 0.899174 0.651396 0.611820 0.823376 0.810858 0.633424 0.544883 0.694840 0.848342 0.855544 0.989513 0.893183 0.955418 0.894061 0.795162 0.597921 0.882062 0.817356 0.821705
0.404502 0.479754 0.836674 0.781583 0.874073 0.909764 0.569217 0.526309 0.958010 0.340366 0.332580 0.403797 0.418819 0.448197 0.461216 0.570414 0.260672 0.278192 0.373084 0.469319 0.910411 0.915540 0.770466 0.980158 0.795866 0.945463 0.812271 0.922659 0.269037 0.000000 0.466079 0.537019 0.373404 0.350103 0.956336 0.998736 0.756316 0.867388 0.993311 0.833554 0.639580 0.716503 0.561583 0.498647 0.596779 0.459741 0.586146 0.460180 0.448609 0.537965 0.606168 0.667811 0.691495 0.783008 0.709434 0.799179 0.495539 0.545998 0.571630 0.768113 0.531860 0.644059 0.294959 0.265605 0.826962 0.864123 0.733752 0.756787 0.883575 0.777277 0.736238 0.595992 0.608397 0.639101 0.952450 0.973463 0.648251 0.564427 0.436649 0.455240 0.281270 0.411164 0.544761 0.549032 0.653710 0.795282 0.947170 0.917356 0.931477 0.743083 0.975369 0.782082 0.786485 0.601339 0.990054 0.822288 0.750990 0.799968 0.708638 0.647765 0.796671 0.849121 0.667603 0.507775 0.802836 0.856062 0.892638 0.992406 0.769936 0.939653 0.916531 0.761195 0.621050 0.826152 0.727103 0.875885
0.674944 0.759543 0.534843 0.623336 0.951033 0.819003 0.464905 0.579236 0.743869 0.463171 0.699827 0.728758 0.545859 0.672657 0.443970 0.607551 0.641023 0.646085 0.591312 0.766302 0.789193 0.915355 0.593195 0.903318 0.965708 0.724811 0.981146 0.945951 0.511097 0.466079 0.000000 0.397301 0.409053 0.433624 0.796340 0.961958 0.766451 0.832255 0.860264 0.956037 0.822829 0.768474 0.505314 0.474408 0.491088 0.433913 0.643177 0.504644 0.605206 0.527253 0.538670 0.542453 0.546546 0.634540 0.818892 0.841718 0.766480 0.842874 0.845201 0.922842 0.654489 0.702358 0.592560 0.590286 0.837559 0.926549 0.630514 0.665054 0.975892 0.859745 0.617914 0.678024 0.624269 0.535446 0.772948 0.998833 0.594847 0.507923 0.677250 0.576140 0.552496 0.753544 0.771126 0.765919 0.626406 0.831156 0.880984 0.963138 0.798798 0.831166 0.789037 0.888681 0.870104 0.974063 0.743183 0.882942 0.740844 0.972710 0.697391 0.615591 0.590685 0.653357 0.581188 0.474501 0.625962 0.681918 0.983014 0.888655 0.756000 0.983111 0.750783 0.768982 0.556870 0.785001 0.701946 0.975941
0.752776 0.797768 0.590987 0.650649 0.921625 0.757350 0.489182 0.575660 0.728655 0.534445 0.758702 0.781980 0.640490 0.711849 0.583202 0.718757 0.639817 0.694627 0.680030 0.769840 0.881953 0.980404 0.741773 0.974993 0.999855 0.753619 0.833744 0.865918 0.521743 0.537019 0.397301 0.000000 0.409583 0.446898 0.646540 0.952744 0.811448 0.768332 0.743073 0.947136 0.796869 0.758101 0.514422 0.490027 0.473023 0.445006 0.620827 0.475750 0.599260 0.552114 0.532856 0.586820 0.586518 0.639581 0.792144 0.687169 0.807968 0.902510 0.892177 0.995446 0.680445 0.645115 0.669776 0.632680 0.893757 0.899301 0.619768 0.631301 0.901199 0.753315 0.607434 0.687872 0.654777 0.644723 0.668431 0.915952 0.600666 0.526117 0.707108 0.600800 0.563021 0.786747 0.753318 0.806855 0.718514 0.840812 0.689678 0.995792 0.955189 0.821469 0.830214 0.901426 0.853939 0.986955 0.853079 0.858856 0.775255 0.926710 0.702497 0.579356 0.722236 0.710060 0.603728 0.540677 0.574174 0.800574 0.928384 0.839287 0.799161 0.989090 0.740305 0.640248 0.601045 0.680189 0.742996 0.915015
0.558517 0.677341 0.536125 0.523159 0.987946 0.734969 0.359571 0.458900 0.783570 0.419680 0.488263 0.582186 0.426168 0.561867 0.453081 0.613650 0.468946 0.492621 0.460418 0.639806 0.899879 0.995671 0.676102 0.994942 0.885727 0.804952 0.898284 0.982144 0.401706 0.373404 0.409053 0.409583 0.000000 0.378101 0.803057 0.902842 0.703940 0.777951 0.860677 0.912557 0.797400 0.773532 0.487093 0.424741 0.455222 0.412698 0.656947 0.419746 0.563612 0.512947 0.499198 0.559605 0.599539 0.635722 0.695021 0.821061 0.686419 0.786039 0.674658 0.914711 0.515302 0.605613 0.460326 0.455119 0.883858 0.935057 0.507656 0.597055 0.938586 0.722517 0.600944 0.540516 0.568491 0.566080 0.794777 0.972192 0.564298 0.473119 0.539483 0.496009 0.449407 0.650056 0.647485 0.635243 0.679452 0.837961 0.902365 0.924431 0.890394 0.751803 0.805206 0.924334 0.930770 0.905390 0.841195 0.797629 0.644104 0.927381 0.626106 0.548109 0.679047 0.688049 0.578628 0.425626 0.653658 0.634359 0.976988 0.884165 0.746706 0.995372 0.804160 0.608423 0.524454 0.783306 0.706281 0.932521
0.533185 0.582200 0.686777 0.658621 0.886023 0.889269 0.449452 0.432747 0.941973 0.409485 0.536020 0.497258 0.509175 0.495548 0.488412 0.682951 0.421943 0.464555 0.519921 0.593761 0.919593 0.912574 0.790478 0.969840 0.869883 0.863836 0.771811 0.942177 0.357960 0.350103 0.433624 0.446898 0.378101 0.000000 0.766467 0.953579 0.800704 0.750747 0.891838 0.901838 0.813113 0.789764 0.464863 0.397582 0.409748 0.348662 0.565212 0.414396 0.442360 0.468622 0.508170 0.561549 0.569949 0.663811 0.721280 0.713787 0.638989 0.650733 0.647561 0.814319 0.489274 0.523768 0.389311 0.396941 0.996110 0.914463 0.568294 0.553169 0.973769 0.803818 0.669432 0.622027 0.627864 0.646112 0.834546 0.974967 0.559898 0.596576 0.524840 0.535567 0.415166 0.609720 0.607499 0.565777 0.681767 0.852073 0.965075 0.942805 0.983339 0.751870 0.907304 0.928095 0.958009 0.816921 0.849522 0.731532 0.765870 0.941719 0.610395 0.548290 0.709786 0.720137 0.605574 0.519963 0.737385 0.819352 0.897778 0.945511 0.758392 0.943759 0.828766 0.652297 0.578162 0.831188 0.709370 0.868758
0.989825 0.967953 0.590662 0.749668 0.989567 0.776341 0.685426 0.733254 0.694020 0.948512 0.947896 0.939146 0.911490 0.991453 0.961677 0.986900 0.977561 0.961156 0.928350 0.889190 0.811927 0.911401 0.912246 0.867550 0.958368 0.632152 0.766483 0.981021 0.883330 0.956336 0.796340 0.646540 0.803057 0.766467 0.000000 0.926414 0.869347 0.919728 0.911919 0.901808 0.896083 0.997633 0.645024 0.684679 0.647773 0.714420 0.820005 0.703078 0.847728 0.691407 0.603773 0.610181 0.610439 0.599962 0.820089 0.682168 0.933183 0.947090 0.927928 0.907612 0.704117 0.737610 0.986551 0.991821 0.710484 0.692436 0.663716 0.588808 0.796791 0.962787 0.888086 0.991776 0.953000 0.856373 0.886102 0.866953 0.759810 0.777113 0.886082 0.948759 0.983683 0.813397 0.894218 0.971754 0.982895 0.923286 0.803350 0.805928 0.959027 0.871985 0.721860 0.759400 0.791493 0.744442 0.826294 0.997687 0.940885 0.780117 0.760120 0.653681 0.713196 0.655234 0.742560 0.796871 0.533092 0.769762 0.872469 0.832721 0.937806 0.952152 0.878706 0.762167 0.604989 0.849602 0.702299 0.899274
0.832353 0.937231 0.892214 0.887565 0.996187 0.982899 0.985429 0.931236 0.886371 0.964130 0.946476 0.821386 0.982150 0.819643 0.941942 0.965400 0.973266 0.927388 0.950859 0.865520 0.930272 0.773992 0.960305 0.833384 0.939433 0.913054 0.947856 0.928559 0.969434 0.998736 0.961958 0.952744 0.902842 0.953579 0.926414 0.000000 0.884546 0.939101 0.984776 0.923057 0.943654 0.950465 0.986323 0.966047 0.931164 0.990994 0.985329 0.949871 0.954497 0.872812 0.949775 0.883757 0.909394 0.951299 0.982743 0.911998 0.964351 0.991039 0.849797 0.847709 0.949332 0.917997 0.901714 0.933446 0.976880 0.950972 0.892638 0.917713 0.991404 0.933554 0.977315 0.948681 0.969423 0.966978 0.911509 0.907593 0.865648 0.814625 0.991951 0.982490 0.989527 0.967759 0.973692 0.943236 0.890571 0.831226 0.762407 0.919429 0.908469 0.948149 0.965366 0.987430 0.950885 0.952117 0.892364 0.926515 0.926325 0.955675 0.947166 0.965682 0.989985 0.978053 0.972921 0.980944 0.931997 0.979774 0.981218 0.885218 0.813600 0.844288 0.942492 0.929309 0.967967 0.802333 0.943272 0.981061
0.777800 0.805509 0.949539 0.908868 0.914281 0.980053 0.865986 0.847971 0.936001 0.727105 0.813948 0.801384 0.878515 0.825615 0.833683 0.871104 0.745691 0.769365 0.788996 0.819101 0.787603 0.945506 0.801826 0.948796 0.802830 0.931620 0.866024 0.893484 0.779512 0.756316 0.766451 0.811448 0.703940 0.800704 0.869347 0.884546 0.000000 0.802737 0.947145 0.749655 0.877165 0.846787 0.922481 0.871234 0.859822 0.859977 0.956311 0.967824 0.869993 0.945044 0.896198 0.959859 0.989519 0.956665 0.968994 0.998797 0.798792 0.831600 0.909954 0.984525 0.952110 0.880698 0.833756 0.775712 0.992262 0.983848 0.998609 0.936734 0.830955 0.736150 0.733034 0.773931 0.932761 0.916449 0.835033 0.955526 0.867206 0.724255 0.858762 0.716838 0.698948 0.673062 0.731504 0.848978 0.698510 0.750510 0.878839 0.878884 0.922283 0.737781 0.916864 0.903880 0.871911 0.865737 0.967553 0.864766 0.820624 0.894045 0.954568 0.915457 0.977440 0.877164 0.846491 0.861099 0.972788 0.842945 0.915937 0.903890 0.788713 0.924848 0.846137 0.804805 0.890001 0.944601 0.878840 0.858648
0.929836 0.946412 0.922899 0.868161 0.953389 0.921220 0.768529 0.840644 0.844656 0.750779 0.874605 0.904252 0.957687 0.974815 0.951887 0.906411 0.850326 0.845859 0.807007 0.735870 0.960527 0.746399 0.965667 0.951425 0.984885 0.878093 0.961684 0.976071 0.808739 0.867388 0.832255 0.768332 0.777951 0.750747 0.919728 0.939101 0.802737 0.000000 0.995379 0.992244 0.801843 0.855287 0.832087 0.861138 0.716427 0.830151 0.956628 0.837015 0.860481 0.872652 0.757536 0.836017 0.760670 0.780340 0.853641 0.803252 0.963235 0.895462 0.930091 0.768971 0.946339 0.794289 0.969488 0.923663 0.845966 0.857341 0.888279 0.886013 0.870327 0.906147 0.738210 0.675501 0.572717 0.640185 0.973756 0.946993 0.705220 0.851405 0.919273 0.785250 0.751843 0.888362 0.909065 0.798817 0.841228 0.985866 0.832814 0.991886 0.927012 0.880486 0.838959 0.880679 0.919396 0.834067 0.990646 0.775726 0.865982 0.886225 0.911785 0.782139 0.887304 0.860591 0.829135 0.911665 0.947441 0.997988 0.935914 0.940187 0.769134 0.955914 0.883688 0.715786 0.927066 0.948569 0.992990 0.913064
