0.000000 0.394851 0.864666 0.760712 0.951335 0.853755 0.790972 0.771914 0.961082 0.842420 0.430821 0.419239 0.653054 0.587108 0.854297 0.820023 0.447657 0.395099 0.540370 0.420249 0.950667 0.964734 0.887220 0.977950 0.905107 0.945425 0.969977 0.838635 0.536776 0.524819 0.849687 0.877873 0.574103 0.618458 0.935984 0.994150 0.766338 0.703001 0.878262 0.882117 0.786894 0.682669 0.988340 0.813132 0.965419 0.911884 0.727432 0.764806 0.860939 0.798156 0.992500 0.926202 0.970004 0.924322 0.826892 0.856521 0.416389 0.381475 0.694062 0.711698 0.702043 0.854555 0.606320 0.525389 0.986826 0.920395 0.848243 0.912021 0.395596 0.533954 0.777891 0.833613 0.637739 0.576809 0.726481 0.917213 0.770527 0.838987 0.590964 0.708612 0.410036 0.457397 0.513360 0.532108 0.597355 0.802552 0.912712 0.917024 0.971841 0.728757 0.917419 0.885137 0.875930 0.875038 0.961690 0.895455 0.957432 0.830260 0.829673 0.884230 0.961511 0.910339 0.762543 0.716403 0.897870 0.684587 0.965261 0.831533 0.945605 0.868277 0.952655 0.894382 0.907779 0.842869 0.910295 0.891284
0.394851 0.000000 0.767309 0.673755 0.920086 0.750619 0.706138 0.662818 0.890823 0.797929 0.512225 0.443667 0.829897 0.682164 0.963563 0.893034 0.511212 0.434729 0.475805 0.449170 0.935102 0.993560 0.930386 0.941127 0.889393 0.918970 0.964282 0.769652 0.576502 0.653882 0.824745 0.851074 0.623939 0.597015 0.942103 0.921693 0.702221 0.600913 0.860970 0.952891 0.843289 0.723440 0.758182 0.638025 0.839700 0.762301 0.701629 0.730229 0.747157 0.666717 0.865038 0.844399 0.876380 0.939054 0.892050 0.835299 0.296316 0.280672 0.753740 0.772084 0.769115 0.810880 0.702524 0.575950 0.999513 0.876939 0.892907 0.903055 0.515920 0.523064 0.791273 0.756740 0.742412 0.707614 0.918780 0.865117 0.681348 0.835606 0.517390 0.686914 0.412847 0.482776 0.618172 0.506281 0.691198 0.934660 0.992294 0.979561 0.982864 0.758050 0.956412 0.971610 0.954086 0.985621 0.904309 0.976979 0.964920 0.816970 0.787902 0.773381 0.941213 0.897373 0.699619 0.776636 0.903406 0.822061 0.918320 0.697567 0.955305 0.737479 0.738574 0.793450 0.772182 0.677956 0.940939 0.936206
0.864666 0.767309 0.000000 0.561226 0.969029 0.848082 0.746218 0.734739 0.535363 0.975002 0.815760 0.736278 0.702816 0.805454 0.735167 0.644592 0.987239 0.952523 0.787211 0.723205 0.964853 0.986083 0.552094 0.706745 0.600239 0.629773 0.923309 0.896098 0.818615 0.761115 0.540582 0.599629 0.788787 0.815561 0.710895 0.956700 0.734580 0.821628 0.877738 0.870497 0.941714 0.936710 0.807112 0.858915 0.943782 0.981583 0.781960 0.798160 0.820031 0.994510 0.882994 0.976902 0.981223 0.932700 0.960378 0.891236 0.918274 0.881111 0.991720 0.815054 0.716173 0.566602 0.945809 0.938808 0.501150 0.558233 0.994043 0.797156 0.803337 0.857027 0.675936 0.707044 0.695099 0.753877 0.937323 0.930773 0.702176 0.805865 0.956399 0.768476 0.916680 0.827619 0.774179 0.814838 0.795314 0.753754 0.906711 0.798937 0.827496 0.896001 0.977953 0.921486 0.929415 0.919165 0.825731 0.936563 0.858107 0.916202 0.900520 0.898202 0.893343 0.909575 0.972189 0.893823 0.832666 0.901150 0.873607 0.917545 0.812189 0.899553 0.920119 0.999503 0.891799 0.931738 0.648218 0.955735
0.760712 0.673755 0.561226 0.000000 0.958599 0.920547 0.764904 0.523930 0.688952 0.912323 0.795721 0.532964 0.772053 0.632683 0.793752 0.622630 0.916887 0.822644 0.734236 0.705451 0.861561 0.940607 0.552224 0.611345 0.641316 0.582675 0.899855 0.943288 0.902790 0.808912 0.592338 0.623357 0.771386 0.831406 0.918720 0.963345 0.686785 0.762233 0.786912 0.997489 0.921748 0.812791 0.942661 0.895730 0.753427 0.806885 0.962157 0.943827 0.695681 0.817452 0.787989 0.785243 0.886923 0.816867 0.951605 0.898313 0.828413 0.768423 0.973655 0.890977 0.832007 0.614347 0.949965 0.772506 0.648003 0.633777 0.943797 0.926224 0.680922 0.753771 0.698971 0.641289 0.765525 0.881502 0.978204 0.942951 0.709990 0.903396 0.762347 0.950095 0.821589 0.769742 0.732284 0.744820 0.867135 0.798181 0.993713 0.927270 0.856508 0.716473 0.999418 0.834613 0.960997 0.993979 0.922668 0.905525 0.960536 0.952543 0.998128 0.990176 0.946805 0.917018 0.916581 0.989715 0.724973 0.737648 0.895774 0.772176 0.923355 0.924745 0.870914 0.865051 0.921977 0.970734 0.790715 0.857896
0.951335 0.920086 0.969029 0.958599 0.000000 0.943253 0.831281 0.933516 0.933175 0.881911 0.948190 0.939118 0.767243 0.984333 0.824690 0.978926 0.943852 0.950723 0.832987 0.871377 0.992423 0.856642 0.764962 0.918697 0.980684 0.838237 0.934643 0.943250 0.946907 0.904373 0.781731 0.930132 0.951018 0.837725 0.763480 0.921648 0.975984 0.757766 0.981943 0.849016 0.895199 0.761335 0.899970 0.897037 0.960074 0.961164 0.885772 0.892599 0.950796 0.972802 0.990489 0.908684 0.992249 0.995365 0.891271 0.934826 0.924158 0.945769 0.751193 0.854615 0.780125 0.952611 0.818426 0.866949 0.991999 0.949741 0.782443 0.786626 0.943106 0.835999 0.937142 0.996652 0.976021 0.945171 0.962550 0.901361 0.981990 0.851909 0.987784 0.956432 0.996435 0.896248 0.969109 0.947577 0.873473 0.887838 0.888078 0.984565 0.892998 0.938592 0.894639 0.972059 0.857224 0.983637 0.944008 0.925227 0.925366 0.944752 0.955036 0.896620 0.996784 0.880951 0.904561 0.854031 0.930641 0.674056 0.919343 0.928750 0.828221 0.948313 0.957934 0.994539 0.950694 0.843247 0.773155 0.909834
0.853755 0.750619 0.848082 0.920547 0.943253 0.000000 0.883227 0.956748 0.818652 0.929972 0.720488 0.883243 0.843204 0.931927 0.662658 0.686218 0.678313 0.659988 0.697000 0.846848 0.906402 0.924485 0.843950 0.722964 0.831649 0.720759 0.889397 0.702404 0.706666 0.847933 0.944234 0.971058 0.808877 0.716625 0.968394 0.841597 0.861861 0.770783 0.904270 0.937970 0.897412 0.997072 0.966935 0.839420 0.832683 0.775752 0.899924 0.797875 0.826685 0.828892 0.895395 0.960866 0.942471 0.996960 0.797827 0.993236 0.578313 0.692939 0.800602 0.898862 0.975131 0.808705 0.717941 0.771973 0.811171 0.723606 0.889131 0.935047 0.960643 0.937655 0.748738 0.862801 0.829169 0.950721 0.928514 0.886493 0.978421 0.920796 0.809106 0.965242 0.748723 0.911221 0.813020 0.753432 0.886788 0.866456 0.928679 0.939052 0.953544 0.994946 0.834487 0.856101 0.859134 0.770546 0.986335 0.978065 0.727355 0.863600 0.956972 0.878725 0.959731 0.925474 0.921163 0.840408 0.991450 0.948780 0.807531 0.953556 0.781947 0.953867 0.967109 0.914970 0.934502 0.869798 0.990241 0.875228
0.790972 0.706138 0.746218 0.764904 0.831281 0.883227 0.000000 0.335961 0.813672 0.512858 0.741445 0.649948 0.754530 0.929407 0.975679 0.949202 0.652040 0.706126 0.603616 0.899477 0.852529 0.955505 0.805580 0.719755 0.731782 0.839079 0.705229 0.545909 0.679046 0.683553 0.589580 0.778500 0.486867 0.407290 0.801792 0.781691 0.851491 0.790556 0.762349 0.813750 0.811447 0.927164 0.474435 0.467604 0.491879 0.455596 0.528037 0.466371 0.595970 0.537521 0.554199 0.526112 0.658363 0.697504 0.962062 0.843746 0.733733 0.689993 0.391283 0.436972 0.351244 0.668902 0.469181 0.460424 0.858791 0.992187 0.344459 0.370835 0.984078 0.983386 0.776174 0.754010 0.956275 0.924992 0.972149 0.823954 0.608782 0.843980 0.666689 0.800668 0.737679 0.944108 0.913036 0.962817 0.955596 0.795322 0.995412 0.744574 0.935834 0.927022 0.759306 0.769594 0.740811 0.836873 0.795441 0.903794 0.873017 0.633357 0.443903 0.503982 0.582958 0.626127 0.611645 0.581295 0.731725 0.744112 0.841687 0.684709 0.840954 0.807537 0.533246 0.643584 0.556095 0.731254 0.539096 0.928944
0.771914 0.662818 0.734739 0.523930 0.933516 0.956748 0.335961 0.000000 0.715509 0.477057 0.714710 0.501084 0.730298 0.728519 0.942512 0.830335 0.676224 0.666014 0.568688 0.799359 0.873305 0.940864 0.688564 0.948562 0.831004 0.981934 0.813411 0.702458 0.709334 0.701873 0.545156 0.739741 0.515822 0.471324 0.897179 0.844381 0.983538 0.920228 0.951081 0.788556 0.946954 0.945994 0.573744 0.518011 0.715183 0.662018 0.611426 0.599324 0.814956 0.718131 0.722748 0.728076 0.728966 0.769668 0.974770 0.871004 0.749515 0.684212 0.542776 0.552612 0.416162 0.515085 0.540990 0.441230 0.983820 0.850629 0.522615 0.489710 0.932932 0.868248 0.629366 0.618948 0.844065 0.952388 0.977178 0.889221 0.613213 0.925808 0.547182 0.879158 0.750756 0.968279 0.822478 0.920917 0.992008 0.878283 0.938097 0.746221 0.968173 0.940082 0.761741 0.872666 0.731591 0.888098 0.808663 0.907906 0.807437 0.682726 0.554201 0.586947 0.607817 0.806060 0.720514 0.635469 0.650104 0.746053 0.851988 0.571929 0.916108 0.797946 0.598586 0.769877 0.563154 0.796736 0.665923 0.896776
0.961082 0.890823 0.535363 0.688952 0.933175 0.818652 0.813672 0.715509 0.000000 0.749212 0.962849 0.843030 0.764919 0.858890 0.669941 0.644019 0.834641 0.847469 0.868955 0.951665 0.943733 0.978838 0.613582 0.803685 0.763429 0.643693 0.973199 0.956293 0.960656 0.966344 0.613088 0.811999 0.854364 0.908398 0.773955 0.896330 0.732931 0.909629 0.940167 0.952634 0.992857 0.958510 0.598815 0.715096 0.896009 0.894220 0.751059 0.822209 0.996653 0.912255 0.884788 0.845928 0.804507 0.777661 0.961689 0.967459 0.962690 0.963513 0.919875 0.907641 0.752502 0.481471 0.807089 0.966018 0.651117 0.604908 0.982904 0.874969 0.909205 0.862321 0.545374 0.564255 0.740035 0.878903 0.898471 0.925949 0.673500 0.805551 0.936382 0.932026 0.885517 0.952998 0.870174 0.934859 0.898138 0.937917 0.880850 0.764241 0.909706 0.907355 0.695633 0.740952 0.760615 0.821237 0.858311 0.873063 0.786876 0.905673 0.700731 0.693591 0.896763 0.849907 0.902888 0.957682 0.815867 0.878784 0.781155 0.830379 0.886895 0.804268 0.860323 0.978215 0.794095 0.818817 0.844130 0.683518
0.842420 0.797929 0.975002 0.912323 0.881911 0.929972 0.512858 0.477057 0.749212 0.000000 0.760602 0.734354 0.795790 0.946491 0.973602 0.972198 0.746679 0.765261 0.690964 0.974261 0.761504 0.939577 0.908273 0.700607 0.654367 0.812754 0.784310 0.713745 0.756986 0.865618 0.723631 0.881638 0.655375 0.643756 0.988245 0.898296 0.993967 0.911518 0.816876 0.912913 0.957343 0.886928 0.528264 0.486858 0.614329 0.547122 0.666917 0.640938 0.627109 0.604153 0.614684 0.602511 0.611552 0.627364 0.941214 0.854355 0.754775 0.756031 0.614803 0.667971 0.563814 0.698422 0.639065 0.565949 0.768907 0.845711 0.612889 0.710973 0.942338 0.982073 0.620417 0.597140 0.923959 0.885833 0.929882 0.903255 0.592612 0.913221 0.682785 0.997428 0.880110 0.794178 0.947806 0.849916 0.864539 0.612565 0.895173 0.683653 0.954558 0.958349 0.659652 0.655921 0.670523 0.728399 0.859920 0.867956 0.747392 0.754991 0.426880 0.514433 0.617936 0.646917 0.540552 0.640118 0.746305 0.876464 0.989902 0.633087 0.967753 0.737124 0.570612 0.675012 0.609505 0.811781 0.885159 0.946593
0.430821 0.512225 0.815760 0.795721 0.948190 0.720488 0.741445 0.714710 0.962849 0.760602 0.000000 0.480578 0.770846 0.736769 0.979034 0.921330 0.394079 0.349267 0.517440 0.429205 0.962631 0.961911 0.949225 0.876084 0.968553 0.967111 0.989370 0.814102 0.415082 0.414329 0.717325 0.738076 0.556689 0.492777 0.978901 0.949070 0.939809 0.792897 0.928074 0.910537 0.813462 0.669333 0.956319 0.829931 0.968557 0.944528 0.821210 0.763329 0.984579 0.927569 0.894609 0.948778 0.832272 0.809614 0.964259 0.926775 0.449265 0.466330 0.711139 0.653605 0.694767 0.890386 0.481561 0.418663 0.870535 0.872015 0.865256 0.857334 0.461351 0.596459 0.906910 0.969512 0.719999 0.660870 0.862676 0.950756 0.790216 0.725668 0.609873 0.859098 0.545190 0.747650 0.567915 0.613044 0.934822 0.987051 0.898673 0.871815 0.858068 0.981629 0.704432 0.661988 0.667192 0.665220 0.983211 0.874857 0.906638 0.763426 0.942427 0.957520 0.985397 0.956269 0.759879 0.664386 0.899205 0.716136 0.907692 0.925951 0.986684 0.788680 0.925428 0.963166 0.853739 0.856155 0.901685 0.794737
0.419239 0.443667 0.736278 0.532964 0.939118 0.883243 0.649948 0.501084 0.843030 0.734354 0.480578 0.000000 0.543107 0.435605 0.750875 0.607575 0.471133 0.396245 0.434323 0.446549 0.950104 0.963612 0.640967 0.886553 0.870785 0.918700 0.994820 0.752070 0.525277 0.464507 0.586989 0.607210 0.471053 0.520169 0.986256 0.972430 0.730938 0.744381 0.891152 0.997101 0.794055 0.733955 0.818157 0.685303 0.966794 0.906657 0.687028 0.739008 0.968610 0.918414 0.968960 0.958271 0.985420 0.978425 0.902762 0.860069 0.522111 0.475316 0.705734 0.732740 0.557151 0.608083 0.544513 0.409536 0.986695 0.918482 0.796176 0.779948 0.520643 0.645521 0.633044 0.609149 0.581832 0.650906 0.853744 0.898786 0.700045 0.787522 0.453025 0.795650 0.458607 0.562812 0.520783 0.563003 0.715340 0.833021 0.986008 0.905816 0.916468 0.763342 0.988924 0.860581 0.963702 0.869753 0.928918 0.855681 0.942565 0.726432 0.786954 0.797160 0.891273 0.891251 0.798347 0.655976 0.717549 0.658325 0.985093 0.708714 0.922197 0.785235 0.897858 0.943888 0.821581 0.830589 0.779161 0.863192
0.653054 0.829897 0.702816 0.772053 0.767243 0.843204 0.754530 0.730298 0.764919 0.795790 0.770846 0.543107 0.000000 0.533924 0.410859 0.514642 0.805159 0.761682 0.701145 0.700318 0.810989 0.991779 0.454452 0.835221 0.879860 0.924191 0.987496 0.787305 0.719711 0.681700 0.578765 0.705443 0.619790 0.759509 0.891909 0.958568 0.856650 0.973168 0.986214 0.968529 0.983129 0.859860 0.784777 0.826120 0.931522 0.925112 0.681300 0.741500 0.976259 0.955704 0.908592 0.815944 0.903154 0.856963 0.819225 0.824245 0.952542 0.855972 0.798227 0.833813 0.541663 0.604205 0.752504 0.716964 0.806714 0.771930 0.819383 0.795904 0.711670 0.832303 0.538744 0.615719 0.539853 0.673330 0.876630 0.998619 0.745595 0.850258 0.775207 0.830074 0.751407 0.715746 0.758961 0.790693 0.556345 0.696129 0.845813 0.901220 0.750889 0.738160 0.899010 0.948257 0.993565 0.989484 0.927080 0.753379 0.706595 0.847469 0.765625 0.783149 0.977303 0.753040 0.906237 0.765756 0.788252 0.692605 0.932163 0.873482 0.721598 0.998936 0.953651 0.908604 0.871112 0.904987 0.681144 0.983112
0.587108 0.682164 0.805454 0.632683 0.984333 0.931927 0.929407 0.728519 0.858890 0.946491 0.736769 0.435605 0.533924 0.000000 0.575459 0.414582 0.674322 0.634276 0.660071 0.540992 0.845239 0.972011 0.579939 0.690295 0.775496 0.782933 0.896390 0.974204 0.710781 0.605625 0.686688 0.628218 0.598799 0.831636 0.999616 0.942912 0.668901 0.744365 0.790944 0.875524 0.837284 0.753375 0.951734 0.922565 0.927791 0.903362 0.825918 0.957615 0.891999 0.886830 0.985351 0.982535 0.897774 0.892554 0.903697 0.948007 0.805570 0.743479 0.996878 0.957799 0.736799 0.557121 0.798547 0.658778 0.889431 0.783002 0.993594 0.950864 0.629998 0.685354 0.555470 0.616346 0.550295 0.821048 0.804678 0.908233 0.840599 0.895495 0.651659 0.846386 0.551036 0.576450 0.542608 0.630389 0.585904 0.636383 0.833816 0.896112 0.804721 0.734634 0.936955 0.899072 0.971619 0.919945 0.978118 0.858732 0.849264 0.892737 0.930699 0.985288 0.985546 0.957092 0.986200 0.708148 0.903705 0.723014 0.922265 0.797807 0.876980 0.902451 0.964323 0.998439 0.983822 0.895584 0.950008 0.919198
0.854297 0.963563 0.735167 0.793752 0.824690 0.662658 0.975679 0.942512 0.669941 0.973602 0.979034 0.750875 0.410859 0.575459 0.000000 0.409708 0.986271 0.994279 0.884256 0.829939 0.795849 0.914131 0.457570 0.660445 0.742216 0.816831 0.936824 0.987000 0.869934 0.779790 0.643785 0.745371 0.776830 0.992504 0.901757 0.915477 0.718684 0.985851 0.937149 0.855353 0.968943 0.968789 0.934883 0.982125 0.877928 0.858710 0.816855 0.881334 0.844603 0.838689 0.960269 0.947941 0.969006 0.943618 0.864930 0.963806 0.857735 0.924607 0.923076 0.941023 0.766812 0.700298 0.999729 0.954971 0.712157 0.688099 0.954713 0.997726 0.792536 0.987662 0.528952 0.673295 0.589020 0.825981 0.910671 0.916885 0.862119 0.860157 0.931379 0.860785 0.913619 0.858960 0.838643 0.940047 0.580508 0.628271 0.924378 0.977779 0.761424 0.872332 0.985934 0.983007 0.874460 0.953436 0.979723 0.952598 0.812968 0.935608 0.973806 0.973336 0.839018 0.925261 0.918945 0.938921 0.881782 0.731145 0.905517 0.959599 0.714055 0.958988 0.893868 0.914479 0.880786 0.959073 0.805190 0.929612
0.820023 0.893034 0.644592 0.622630 0.978926 0.686218 0.949202 0.830335 0.644019 0.972198 0.921330 0.607575 0.514642 0.414582 0.409708 0.000000 0.993264 0.949780 0.826851 0.710285 0.805278 0.962287 0.404212 0.463025 0.601196 0.635854 0.937524 0.965034 0.896403 0.756638 0.566198 0.592073 0.797197 0.986712 0.871761 0.943220 0.663159 0.859933 0.711896 0.897571 0.961779 0.849418 0.926247 0.988283 0.833239 0.815256 0.818212 0.989943 0.735769 0.748127 0.886887 0.921674 0.967617 0.967794 0.873160 0.977488 0.907701 0.950034 0.871368 0.929379 0.779029 0.490816 0.913016 0.940274 0.606781 0.485725 0.917524 0.923224 0.827581 0.849266 0.487203 0.635193 0.488212 0.793465 0.942819 0.929880 0.932679 0.864416 0.812496 0.859134 0.853489 0.715284 0.676595 0.811646 0.576906 0.496093 0.940751 0.928195 0.790024 0.732611 0.977447 0.889498 0.923110 0.884033 0.999758 0.926419 0.800966 0.996229 0.966570 0.991832 0.856665 0.996921 0.870862 0.983404 0.915871 0.761057 0.923356 0.894142 0.818444 0.949417 0.930599 0.813566 0.895893 0.916306 0.841738 0.936429
0.447657 0.511212 0.987239 0.916887 0.943852 0.678313 0.652040 0.676224 0.834641 0.746679 0.394079 0.471133 0.805159 0.674322 0.986271 0.993264 0.000000 0.290899 0.469465 0.472134 0.922318 0.947969 0.977816 0.732850 0.831857 0.725078 0.904154 0.735655 0.379432 0.371303 0.815696 0.830454 0.443793 0.461925 0.882577 0.862733 0.939268 0.879178 0.947677 0.987497 0.820083 0.780472 0.892608 0.679304 0.802341 0.746943 0.676692 0.686456 0.729404 0.705830 0.838054 0.798244 0.921165 0.951540 0.971695 0.871114 0.418073 0.396846 0.571576 0.697234 0.625530 0.969340 0.337849 0.304442 0.646179 0.667564 0.676534 0.801665 0.548992 0.622380 0.920338 0.919800 0.784179 0.745956 0.817948 0.985557 0.796246 0.823862 0.448388 0.763586 0.375025 0.726204 0.597970 0.635332 0.894626 0.919214 0.935875 0.918186 0.902774 0.987753 0.853988 0.805152 0.799352 0.773656 0.928201 0.802650 0.937214 0.672702 0.777230 0.836757 0.846991 0.954624 0.713333 0.501271 0.881178 0.758754 0.928707 0.781436 0.956121 0.739613 0.904266 0.843131 0.801405 0.840150 0.862178 0.759224
0.395099 0.434729 0.952523 0.822644 0.950723 0.659988 0.706126 0.666014 0.847469 0.765261 0.349267 0.396245 0.761682 0.634276 0.994279 0.949780 0.290899 0.000000 0.366246 0.395765 0.908678 0.917079 0.924540 0.840925 0.900970 0.810770 0.969329 0.765192 0.372001 0.386604 0.812247 0.782083 0.467706 0.433734 0.890106 0.900044 0.901662 0.758232 0.994888 0.973042 0.834110 0.700557 0.946847 0.707431 0.902486 0.821049 0.755409 0.689444 0.834520 0.805701 0.948036 0.924212 0.980473 0.963203 0.986987 0.922919 0.351666 0.353688 0.600957 0.715365 0.667211 0.946928 0.367709 0.324986 0.753706 0.743415 0.767129 0.836123 0.476192 0.570615 0.884936 0.920922 0.774049 0.728990 0.789820 0.968744 0.868106 0.818079 0.447138 0.833622 0.411474 0.638294 0.516356 0.503107 0.848227 0.995974 0.996146 0.959740 0.918196 0.934314 0.820452 0.746997 0.765630 0.730046 0.952648 0.858361 0.888969 0.712885 0.839451 0.848755 0.936086 0.962743 0.704306 0.565570 0.823226 0.724801 0.889073 0.782155 0.958996 0.773311 0.879981 0.850802 0.817432 0.755340 0.907293 0.761918
0.540370 0.475805 0.787211 0.734236 0.832987 0.697000 0.603616 0.568688 0.868955 0.690964 0.517440 0.434323 0.701145 0.660071 0.884256 0.826851 0.469465 0.366246 0.000000 0.488113 0.872977 0.934092 0.671041 0.938413 0.987613 0.863791 0.950433 0.700212 0.442093 0.494003 0.675695 0.715935 0.460338 0.429604 0.946729 0.810964 0.778593 0.802431 0.976761 0.955065 0.975899 0.826426 0.651551 0.546969 0.775378 0.696013 0.602128 0.574163 0.778653 0.736492 0.850937 0.805154 0.932093 0.906062 0.958817 0.969800 0.435586 0.450999 0.593536 0.664064 0.570675 0.791532 0.494433 0.428245 0.920366 0.933392 0.690781 0.677194 0.677997 0.741161 0.744699 0.773288 0.795785 0.730676 0.886052 0.945572 0.785896 0.779679 0.525547 0.844592 0.559370 0.730801 0.643171 0.552888 0.779705 0.935972 0.993955 0.939845 0.952905 0.897636 0.939240 0.880860 0.855285 0.807852 0.886601 0.915358 0.921160 0.708575 0.708284 0.645631 0.948307 0.835590 0.700107 0.586945 0.840271 0.751633 0.945876 0.818894 0.998037 0.718691 0.811585 0.776201 0.707493 0.663851 0.763499 0.925845
0.420249 0.449170 0.723205 0.705451 0.871377 0.846848 0.899477 0.799359 0.951665 0.974261 0.429205 0.446549 0.700318 0.540992 0.829939 0.710285 0.472134 0.395765 0.488113 0.000000 0.974872 0.964924 0.780475 0.842363 0.803747 0.861448 0.858489 0.876257 0.527651 0.506891 0.794741 0.799527 0.637264 0.667893 0.993357 0.982147 0.676243 0.598261 0.835711 0.822874 0.805514 0.611377 0.968666 0.918156 0.870175 0.928218 0.837591 0.862431 0.924199 0.994433 0.830176 0.879098 0.844347 0.808886 0.956888 0.967302 0.466808 0.441615 0.911283 0.870106 0.825116 0.798851 0.714122 0.597828 0.918949 0.980096 0.963579 0.993191 0.417363 0.455108 0.810432 0.897526 0.603998 0.654656 0.760007 0.949798 0.819596 0.880098 0.626516 0.796736 0.533502 0.494688 0.541699 0.389719 0.657095 0.737152 0.961974 0.985206 0.960179 0.761601 0.818114 0.699906 0.732232 0.736729 0.893790 0.939814 0.918499 0.798487 0.984368 0.984409 0.873219 0.958414 0.983031 0.847485 0.915531 0.841211 0.899496 0.884670 0.964023 0.795722 0.992817 0.979163 0.994259 0.866300 0.979050 0.795324
0.950667 0.935102 0.964853 0.861561 0.992423 0.906402 0.852529 0.873305 0.943733 0.761504 0.962631 0.950104 0.810989 0.845239 0.795849 0.805278 0.922318 0.908678 0.872977 0.974872 0.000000 0.966499 0.847585 0.769416 0.778710 0.883314 0.997993 0.958953 0.956681 0.984807 0.913757 0.790519 0.997401 0.880154 0.943523 0.978102 0.987986 0.993266 0.957224 0.906742 0.892854 0.976548 0.791720 0.842996 0.839011 0.812300 0.907857 0.827250 0.812453 0.784555 0.864790 0.828249 0.902855 0.877746 0.936379 0.948778 0.849780 0.903417 0.794692 0.816317 0.895181 0.999711 0.897631 0.891623 0.925857 0.859821 0.866693 0.863584 0.886389 0.997049 0.950160 0.960538 0.996712 0.895924 0.977954 0.993062 0.973807 0.930417 0.908125 0.979016 0.982764 0.854698 0.953328 0.977232 0.876212 0.732174 0.975415 0.993586 0.919786 0.820593 0.999258 0.900477 0.963629 0.998807 0.932404 0.933262 0.943173 0.933173 0.795607 0.804982 0.845256 0.968972 0.879294 0.938303 0.918536 0.976945 0.831940 0.917143 0.972545 0.892188 0.818385 0.798624 0.730668 0.897761 0.863717 0.905897
0.964734 0.993560 0.986083 0.940607 0.856642 0.924485 0.955505 0.940864 0.978838 0.939577 0.961911 0.963612 0.991779 0.972011 0.914131 0.962287 0.947969 0.917079 0.934092 0.964924 0.966499 0.000000 0.977924 0.953683 0.899826 0.999030 0.824877 0.867663 0.912709 0.975411 0.950410 0.987003 0.945889 0.885557 0.928427 0.959938 0.938553 0.884812 0.929588 0.781565 0.935408 0.938915 0.989057 0.958669 0.965960 0.997749 0.912990 0.999287 0.974141 0.958184 0.970150 0.999796 0.943126 0.924072 0.938950 0.897141 0.985729 0.965458 0.873034 0.881036 0.938071 0.940713 0.966067 0.941341 0.992344 0.908982 0.852158 0.882151 0.964178 0.902280 0.959742 0.909144 0.938233 0.758778 0.883430 0.993737 0.985900 0.888235 0.997557 0.957024 0.990888 0.999777 0.996596 0.993815 0.962460 0.905150 0.972676 0.825012 0.974019 0.981685 0.931088 0.943919 0.927748 0.966773 0.987342 0.930866 0.801183 0.993217 0.952264 0.975698 0.970569 0.911369 0.977653 0.899491 0.916386 0.984864 0.866144 0.837213 0.953943 0.969765 0.929417 0.801668 0.994738 0.972935 0.834911 0.944193
0.887220 0.930386 0.552094 0.552224 0.764962 0.843950 0.805580 0.688564 0.613582 0.908273 0.949225 0.640967 0.454452 0.579939 0.457570 0.404212 0.977816 0.924540 0.671041 0.780475 0.847585 0.977924 0.000000 0.545807 0.653531 0.746708 0.962781 0.915705 0.849553 0.774177 0.472693 0.526637 0.727029 0.847663 0.879512 0.977081 0.751592 0.919276 0.930146 0.998939 0.946501 0.954202 0.773188 0.820505 0.931271 0.928885 0.764157 0.834254 0.783294 0.808835 0.928402 0.985366 0.989157 0.985896 0.973959 0.934406 0.963899 0.985676 0.962113 0.926914 0.657792 0.554975 0.963078 0.875419 0.593738 0.521745 0.898401 0.780119 0.890100 0.954023 0.548801 0.605368 0.573477 0.823260 0.950194 0.993239 0.828229 0.803586 0.869239 0.885012 0.974840 0.866511 0.729548 0.812341 0.641709 0.584560 0.967552 0.943122 0.728176 0.711098 0.997744 0.902122 0.916251 0.971274 0.887898 0.987576 0.875111 0.933091 0.882774 0.808179 0.935978 0.889084 0.942327 0.942198 0.822410 0.730707 0.946490 0.868083 0.766436 0.989250 0.905641 0.928277 0.914968 0.971600 0.598979 0.983186
0.977950 0.941127 0.706745 0.611345 0.918697 0.722964 0.719755 0.948562 0.803685 0.700607 0.876084 0.886553 0.835221 0.690295 0.660445 0.463025 0.732850 0.840925 0.938413 0.842363 0.769416 0.953683 0.545807 0.000000 0.434941 0.494465 0.784448 0.774909 0.853379 0.979389 0.786840 0.745570 0.864939 0.757348 0.863607 0.893428 0.714216 0.789961 0.652429 0.815154 0.936050 0.901339 0.828497 0.764301 0.590994 0.555498 0.881261 0.799311 0.484731 0.512351 0.605736 0.597487 0.791320 0.717435 0.914252 0.828365 0.790452 0.823785 0.648098 0.802264 0.867447 0.710170 0.645556 0.755232 0.481333 0.454373 0.690855 0.883786 0.862133 0.936567 0.804406 0.852487 0.718248 0.861272 0.910070 0.990957 0.922094 0.972813 0.919337 0.955918 0.902352 0.773489 0.817830 0.891958 0.721858 0.460368 0.950123 0.853885 0.746155 0.675275 0.859667 0.723734 0.838769 0.864153 0.976616 0.878232 0.979357 0.837058 0.676668 0.754931 0.724967 0.786006 0.690511 0.772050 0.992753 0.920270 0.969042 0.917925 0.910929 0.875535 0.835638 0.635289 0.730247 0.867193 0.928034 0.958319
0.905107 0.889393 0.600239 0.641316 0.980684 0.831649 0.731782 0.831004 0.763429 0.654367 0.968553 0.870785 0.879860 0.775496 0.742216 0.601196 0.831857 0.900970 0.987613 0.803747 0.778710 0.899826 0.653531 0.434941 0.000000 0.442022 0.717075 0.708315 0.935549 0.985872 0.764866 0.693978 0.892453 0.820290 0.899292 0.837168 0.674342 0.627170 0.635791 0.765820 0.954891 0.874956 0.827896 0.762838 0.563113 0.549950 0.876790 0.775412 0.503134 0.580524 0.534833 0.555830 0.694310 0.624993 0.965281 0.825734 0.975657 0.956752 0.648022 0.873007 0.832808 0.831157 0.638386 0.772091 0.450046 0.564283 0.627599 0.811432 0.697656 0.887319 0.890163 0.866119 0.640934 0.718642 0.999016 0.991891 0.959027 0.840033 0.922569 0.905539 0.975100 0.711778 0.795908 0.798249 0.712355 0.470055 0.988751 0.879313 0.752959 0.706322 0.736952 0.678349 0.723806 0.802644 0.981928 0.881424 0.904857 0.862918 0.669912 0.690230 0.699930 0.801525 0.747615 0.762215 0.911958 0.921680 0.905985 0.828087 0.928380 0.978762 0.812776 0.587072 0.770456 0.832349 0.893073 0.995016
0.945425 0.918970 0.629773 0.582675 0.838237 0.720759 0.839079 0.981934 0.643693 0.812754 0.967111 0.918700 0.924191 0.782933 0.816831 0.635854 0.725078 0.810770 0.863791 0.861448 0.883314 0.999030 0.746708 0.494465 0.442022 0.000000 0.840551 0.753578 0.860890 0.872752 0.837215 0.843511 0.862481 0.797801 0.822093 0.732340 0.753214 0.669486 0.620661 0.880208 0.908176 0.819871 0.893342 0.762789 0.651715 0.629131 0.860295 0.802884 0.612320 0.674439 0.683764 0.678982 0.849254 0.766066 0.990003 0.871430 0.877494 0.922081 0.635388 0.847533 0.867235 0.707192 0.615747 0.752276 0.487441 0.550496 0.673404 0.827182 0.816235 0.895709 0.790503 0.784617 0.747750 0.884852 0.975392 0.999634 0.934962 0.992971 0.879094 0.924378 0.961496 0.792561 0.918468 0.887383 0.802944 0.637875 0.995089 0.933127 0.780878 0.715369 0.979227 0.909257 0.998794 0.942043 0.919686 0.884852 0.912283 0.873153 0.821211 0.750137 0.866468 0.943329 0.833434 0.800779 0.970461 0.895152 0.889862 0.974688 0.940581 0.981277 0.937251 0.703795 0.870112 0.992247 0.976480 0.929633
0.969977 0.964282 0.923309 0.899855 0.934643 0.889397 0.705229 0.813411 0.973199 0.784310 0.989370 0.994820 0.987496 0.896390 0.936824 0.937524 0.904154 0.969329 0.950433 0.858489 0.997993 0.824877 0.962781 0.784448 0.717075 0.840551 0.000000 0.703494 0.886963 0.901528 0.914733 0.909359 0.762372 0.844315 0.971219 0.818794 0.809201 0.718652 0.942080 0.799985 0.812197 0.793236 0.782379 0.847669 0.648646 0.690979 0.868918 0.827334 0.758695 0.804443 0.655324 0.702170 0.665722 0.655424 0.954598 0.976871 0.974111 0.967681 0.776043 0.828245 0.717256 0.833253 0.792197 0.819141 0.823881 0.994706 0.658026 0.674043 0.795411 0.845769 0.895996 0.939459 0.962978 0.996082 0.951371 0.980789 0.875835 0.994026 0.950965 0.918719 0.877363 0.836715 0.896225 0.786231 0.921945 0.844458 0.917514 0.664110 0.947924 0.707578 0.789514 0.851479 0.788526 0.953285 0.846438 0.961545 0.997780 0.963131 0.720074 0.830912 0.737278 0.792058 0.891402 0.755992 0.942521 0.985094 0.856398 0.873965 0.917911 0.917116 0.783596 0.837066 0.853658 0.844664 0.880595 0.931941
0.838635 0.769652 0.896098 0.943288 0.943250 0.702404 0.545909 0.702458 0.956293 0.713745 0.814102 0.752070 0.787305 0.974204 0.987000 0.965034 0.735655 0.765192 0.700212 0.876257 0.958953 0.867663 0.915705 0.774909 0.708315 0.753578 0.703494 0.000000 0.703700 0.776371 0.869735 0.937109 0.663295 0.651077 0.747100 0.872855 0.868540 0.872819 0.758025 0.906094 0.912960 0.902600 0.658702 0.641392 0.585386 0.569383 0.611058 0.586715 0.610801 0.640499 0.634010 0.611764 0.795045 0.787204 0.849284 0.795681 0.759336 0.748932 0.532587 0.602291 0.534727 0.796967 0.620055 0.680390 0.878527 0.968759 0.541041 0.593186 0.899264 0.936317 0.908773 0.923017 0.923408 0.945129 0.916659 0.940491 0.759879 0.869633 0.866476 0.750397 0.741103 0.913840 0.938463 0.903335 0.899308 0.946211 0.965961 0.878767 0.929634 0.905224 0.886847 0.883792 0.879651 0.951118 0.940184 0.994510 0.948834 0.718915 0.661642 0.605055 0.917259 0.722473 0.745471 0.727907 0.831763 0.967827 0.940114 0.891455 0.849393 0.961046 0.796018 0.763376 0.768676 0.796388 0.804937 0.936106
0.536776 0.576502 0.818615 0.902790 0.946907 0.706666 0.679046 0.709334 0.960656 0.756986 0.415082 0.525277 0.719711 0.710781 0.869934 0.896403 0.379432 0.372001 0.442093 0.527651 0.956681 0.912709 0.849553 0.853379 0.935549 0.860890 0.886963 0.703700 0.000000 0.321709 0.672058 0.703048 0.441858 0.439242 0.986262 0.926439 0.969188 0.819033 0.998099 0.955190 0.951799 0.854417 0.869487 0.711792 0.797246 0.743359 0.665260 0.581006 0.818736 0.760355 0.861044 0.781974 0.941613 0.940451 0.996824 0.984794 0.501057 0.506667 0.621149 0.622280 0.559910 0.835844 0.421385 0.395599 0.838271 0.890083 0.726950 0.724807 0.591319 0.760024 0.821610 0.942160 0.688289 0.660253 0.864425 0.978184 0.851704 0.773416 0.563899 0.843102 0.495583 0.777451 0.567611 0.678255 0.872231 0.982466 0.966486 0.883252 0.956232 0.977788 0.773948 0.755911 0.717364 0.694095 0.892134 0.866362 0.929910 0.707273 0.797519 0.807354 0.930608 0.921863 0.665559 0.578408 0.844922 0.745624 0.932373 0.851830 0.935901 0.806322 0.930821 0.879201 0.743651 0.759290 0.812414 0.820123
0.524819 0.653882 0.761115 0.808912 0.904373 0.847933 0.683553 0.701873 0.966344 0.865618 0.414329 0.464507 0.681700 0.605625 0.779790 0.756638 0.371303 0.386604 0.494003 0.506891 0.984807 0.975411 0.774177 0.979389 0.985872 0.872752 0.901528 0.776371 0.321709 0.000000 0.577847 0.582476 0.436705 0.462031 0.952743 0.869763 0.953450 0.901752 0.993015 0.901383 0.943826 0.843069 0.982334 0.799172 0.933155 0.877850 0.683296 0.680267 0.970125 0.905976 0.992280 0.901035 0.976228 0.957592 0.939951 0.998143 0.609289 0.600718 0.646210 0.658937 0.534280 0.805801 0.404608 0.365551 0.852793 0.958874 0.718487 0.698766 0.546324 0.745136 0.821732 0.965443 0.671161 0.626205 0.717120 0.995440 0.858837 0.704322 0.572155 0.804591 0.476563 0.772759 0.508369 0.672008 0.892133 0.910605 0.957482 0.898275 0.892284 0.926035 0.712432 0.641488 0.629402 0.615512 0.970087 0.819015 0.915277 0.709625 0.917472 0.923591 0.958501 0.997701 0.779566 0.575625 0.818505 0.647224 0.943719 0.908660 0.854543 0.807814 0.989910 0.947998 0.899563 0.919002 0.744745 0.776589
0.849687 0.824745 0.540582 0.592338 0.781731 0.944234 0.589580 0.545156 0.613088 0.723631 0.717325 0.586989 0.578765 0.686688 0.643785 0.566198 0.815696 0.812247 0.675695 0.794741 0.913757 0.950410 0.472693 0.786840 0.764866 0.837215 0.914733 0.869735 0.672058 0.577847 0.000000 0.420957 0.557873 0.591586 0.928701 0.873952 0.926369 0.980491 0.934728 0.954464 0.917918 0.902504 0.698842 0.696741 0.897658 0.852219 0.716748 0.666118 0.923802 0.995986 0.931145 0.895809 0.867870 0.895445 0.941357 0.933618 0.935838 0.933548 0.796317 0.714674 0.487636 0.503290 0.758852 0.636221 0.825783 0.645162 0.718888 0.584489 0.885813 0.948359 0.604316 0.653246 0.648298 0.747554 0.902727 0.874757 0.732522 0.602119 0.713300 0.884444 0.785990 0.937951 0.720271 0.939576 0.899570 0.833869 0.916915 0.755574 0.851669 0.964022 0.994385 0.897490 0.922895 0.893367 0.861561 0.822793 0.898006 0.719476 0.809605 0.779922 0.814024 0.835469 0.888906 0.765490 0.732524 0.665654 0.814294 0.751063 0.788351 0.896139 0.786706 0.995064 0.894980 0.941099 0.563602 0.995834
0.877873 0.851074 0.599629 0.623357 0.930132 0.971058 0.778500 0.739741 0.811999 0.881638 0.738076 0.607210 0.705443 0.628218 0.745371 0.592073 0.830454 0.782083 0.715935 0.799527 0.790519 0.987003 0.526637 0.745570 0.693978 0.843511 0.909359 0.937109 0.703048 0.582476 0.420957 0.000000 0.607979 0.743398 0.976736 0.954626 0.895637 0.794919 0.963181 0.877575 0.957538 0.891809 0.860090 0.799175 0.994321 0.982362 0.779785 0.900660 0.855431 0.851876 0.964678 0.945793 0.971757 0.978172 0.880036 0.892718 0.869096 0.965399 0.955041 0.928643 0.703272 0.661997 0.819906 0.721100 0.885509 0.743468 0.905122 0.788720 0.851458 0.964988 0.744169 0.672790 0.751944 0.744442 0.966734 0.989132 0.792660 0.624534 0.801096 0.946861 0.797520 0.953167 0.668597 0.833994 0.966324 0.819327 0.840038 0.756935 0.930141 0.957587 0.911053 0.788480 0.833899 0.873104 0.985694 0.856192 0.956271 0.806992 0.938908 0.986787 0.918336 0.859634 0.896382 0.803232 0.864891 0.747121 0.991877 0.823222 0.892645 0.965822 0.852705 0.930404 0.954555 0.912896 0.596532 0.884382
0.574103 0.623939 0.788787 0.771386 0.951018 0.808877 0.486867 0.515822 0.854364 0.655375 0.556689 0.471053 0.619790 0.598799 0.776830 0.797197 0.443793 0.467706 0.460338 0.637264 0.997401 0.945889 0.727029 0.864939 0.892453 0.862481 0.762372 0.663295 0.441858 0.436705 0.557873 0.607979 0.000000 0.429855 0.856613 0.821715 0.955676 0.956355 0.876028 0.986836 0.976326 0.868174 0.700191 0.555229 0.645541 0.618016 0.564721 0.538932 0.713818 0.675383 0.671555 0.641604 0.719031 0.746189 0.949068 0.872888 0.599158 0.580423 0.564969 0.673830 0.409666 0.676728 0.415041 0.372641 0.865696 0.951842 0.540659 0.573718 0.749254 0.820706 0.683457 0.679250 0.735144 0.790106 0.811545 0.997385 0.800039 0.678418 0.519793 0.708352 0.453734 0.746173 0.590346 0.700201 0.816977 0.972490 0.982142 0.793393 0.996416 0.991008 0.913905 0.990970 0.994817 0.908359 0.882268 0.829971 0.982608 0.614774 0.593901 0.684215 0.824662 0.779647 0.680000 0.453009 0.791908 0.734637 0.971002 0.719144 0.880887 0.832297 0.694251 0.777609 0.728429 0.690076 0.596751 0.955860
0.618458 0.597015 0.815561 0.831406 0.837725 0.716625 0.407290 0.471324 0.908398 0.643756 0.492777 0.520169 0.759509 0.831636 0.992504 0.986712 0.461925 0.433734 0.429604 0.667893 0.880154 0.885557 0.847663 0.757348 0.820290 0.797801 0.844315 0.651077 0.439242 0.462031 0.591586 0.743398 0.429855 0.000000 0.956999 0.783327 0.914386 0.960089 0.871393 0.867648 0.908195 0.961948 0.686405 0.546231 0.627515 0.559678 0.568569 0.442092 0.703257 0.658810 0.732597 0.685672 0.830782 0.862850 0.996506 0.916890 0.582458 0.568023 0.414239 0.450738 0.393272 0.758030 0.363636 0.359448 0.831884 0.947114 0.467698 0.448765 0.794250 0.859577 0.897679 0.899491 0.867957 0.809597 0.895957 0.911893 0.762969 0.727318 0.494390 0.785392 0.583739 0.899365 0.719921 0.753852 0.983107 0.890558 0.941702 0.813652 0.932199 0.924231 0.934185 0.931441 0.916768 0.817761 0.871060 0.907774 0.953428 0.564128 0.641611 0.625202 0.692911 0.834642 0.606729 0.523624 0.779235 0.665529 0.995346 0.781513 0.955865 0.828407 0.719674 0.802781 0.734017 0.716779 0.608213 0.856410
0.935984 0.942103 0.710895 0.918720 0.763480 0.968394 0.801792 0.897179 0.773955 0.988245 0.978901 0.986256 0.891909 0.999616 0.901757 0.871761 0.882577 0.890106 0.946729 0.993357 0.943523 0.928427 0.879512 0.863607 0.899292 0.822093 0.971219 0.747100 0.986262 0.952743 0.928701 0.976736 0.856613 0.956999 0.000000 0.988708 0.923294 0.998415 0.891750 0.886751 0.764703 0.994821 0.818127 0.912812 0.838850 0.836222 0.780240 0.763591 0.913465 0.799669 0.851660 0.817015 0.903653 0.914055 0.897045 0.860395 0.990612 0.988058 0.913127 0.772967 0.776451 0.777311 0.974378 0.953416 0.772591 0.798333 0.816020 0.751753 0.910022 0.996300 0.848819 0.961717 0.950521 0.901057 0.952117 0.927888 0.854402 0.943799 0.963761 0.868409 0.968871 0.878689 0.962857 0.956786 0.843016 0.855002 0.893396 0.991422 0.989697 0.898519 0.888169 0.878799 0.892760 0.985050 0.981431 0.952864 0.943655 0.954995 0.845145 0.851593 0.828123 0.844500 0.894261 0.975562 0.947583 0.971314 0.938869 0.928723 0.994035 0.958076 0.942668 0.934506 0.837743 0.865394 0.844540 0.949876
0.994150 0.921693 0.956700 0.963345 0.921648 0.841597 0.781691 0.844381 0.896330 0.898296 0.949070 0.972430 0.958568 0.942912 0.915477 0.943220 0.862733 0.900044 0.810964 0.982147 0.978102 0.959938 0.977081 0.893428 0.837168 0.732340 0.818794 0.872855 0.926439 0.869763 0.873952 0.954626 0.821715 0.783327 0.988708 0.000000 0.973830 0.834157 0.979627 0.951330 0.820563 0.972867 0.766692 0.757664 0.672927 0.674464 0.780151 0.721674 0.729776 0.724186 0.738697 0.747528 0.722227 0.784488 0.911247 0.969690 0.918446 0.876889 0.685738 0.841200 0.773352 0.879515 0.812581 0.811221 0.870246 0.957240 0.697221 0.678318 0.884046 0.972385 0.957334 0.953459 0.853997 0.955505 0.964587 0.957536 0.873850 0.875126 0.915496 0.845081 0.824084 0.990253 0.875369 0.983585 0.999331 0.971598 0.972238 0.997255 0.944285 0.918452 0.932189 0.857128 0.911777 0.965903 0.857198 0.957647 0.963460 0.882237 0.791583 0.705800 0.868579 0.935066 0.816004 0.803760 0.924195 0.958758 0.950407 0.953274 0.916690 0.900302 0.821622 0.685012 0.985178 0.931762 0.902594 0.948366
0.766338 0.702221 0.734580 0.686785 0.975984 0.861861 0.851491 0.983538 0.732931 0.993967 0.939809 0.730938 0.856650 0.668901 0.718684 0.663159 0.939268 0.901662 0.778593 0.676243 0.987986 0.938553 0.751592 0.714216 0.674342 0.753214 0.809201 0.868540 0.969188 0.953450 0.926369 0.895637 0.955676 0.914386 0.923294 0.973830 0.000000 0.688112 0.791331 0.855074 0.740688 0.861232 0.913049 0.931124 0.794324 0.844614 0.958183 0.946505 0.866586 0.896162 0.843731 0.888292 0.992523 0.989203 0.933308 0.877412 0.781926 0.743157 0.765395 0.827786 0.912041 0.800121 0.793128 0.991299 0.733077 0.877165 0.696603 0.788291 0.666760 0.708114 0.765133 0.661873 0.716613 0.831947 0.964691 0.983312 0.821532 0.946395 0.847334 0.863181 0.825988 0.722533 0.840486 0.746578 0.689522 0.768311 0.980121 0.940489 0.779088 0.758640 0.942223 0.995734 0.942024 0.948451 0.973486 0.760201 0.907177 0.948255 0.997782 0.944098 0.802807 0.928408 0.921893 0.952992 0.969116 0.977300 0.966632 0.864307 0.833593 0.885399 0.897512 0.978966 0.921471 0.978973 0.893748 0.967948
0.703001 0.600913 0.821628 0.762233 0.757766 0.770783 0.790556 0.920228 0.909629 0.911518 0.792897 0.744381 0.973168 0.744365 0.985851 0.859933 0.879178 0.758232 0.802431 0.598261 0.993266 0.884812 0.919276 0.789961 0.627170 0.669486 0.718652 0.872819 0.819033 0.901752 0.980491 0.794919 0.956355 0.960089 0.998415 0.834157 0.688112 0.000000 0.745848 0.675072 0.718156 0.671609 0.876700 0.957974 0.755771 0.798531 0.989428 0.948012 0.837924 0.879270 0.784355 0.747692 0.864867 0.818919 0.981363 0.999238 0.579642 0.669280 0.738338 0.841546 0.795121 0.951172 0.881410 0.995824 0.754777 0.968094 0.637552 0.696117 0.644493 0.677470 0.942989 0.839810 0.784281 0.842486 0.894807 0.993228 0.952896 0.960146 0.848914 0.969864 0.732823 0.597460 0.650894 0.492549 0.754580 0.806357 0.936770 0.849654 0.867908 0.702808 0.891422 0.820712 0.848185 0.932648 0.906822 0.997241 0.953921 0.939814 0.850554 0.807928 0.815998 0.867636 0.995016 0.886883 0.962314 0.997489 0.950398 0.899638 0.820252 0.903316 0.934522 0.947991 0.909207 0.862026 0.873133 0.896138
