0.000000 0.516857 0.629669 0.641225 0.826512 0.899041 0.632117 0.593734 0.913409 0.767361 0.588314 0.650104 0.737880 0.877849 0.937391 0.900834 0.504398 0.467486 0.599008 0.615492 0.713306 0.981896 0.812083 0.655267 0.872963 0.788972 0.975816 0.756019 0.888443 0.890247 0.905481 0.804155 0.558150 0.592960 0.625887 0.929852 0.727946 0.850981 0.867005 0.831720 0.646865 0.829665 0.741102 0.727629 0.816991 0.654184 0.547548 0.670336 0.790531 0.893987 0.869708 0.953479 0.953274 0.976890 0.702757 0.608443 0.463199 0.556026 0.474804 0.689826 0.553985 0.619500 0.595730 0.542248 0.808977 0.721907 0.644457 0.742596 0.666257 0.619218 0.878628 0.982889 0.979147 0.848862 0.983086 0.910104 0.867757 0.753206 0.559085 0.977096 0.479160 0.521746 0.928816 0.713074 0.829509 0.758824 0.852723 0.792812 0.746049 0.581954 0.802243 0.978875 0.810368 0.936060 0.783102 0.714365 0.686347 0.806289 0.599362 0.721321 0.888443 0.968317 0.598696 0.641222 0.974749 0.697381 0.967565 0.764100 0.937743 0.952866 0.926587 0.747362 0.867554 0.858659 0.969534 0.969784
0.516857 0.000000 0.789311 0.699600 0.755530 0.814514 0.898252 0.741692 0.980635 0.963131 0.851605 0.702479 0.683480 0.662601 0.886546 0.834419 0.614382 0.641250 0.656674 0.679088 0.832689 0.843391 0.914019 0.911784 0.804730 0.720975 0.950684 0.746268 0.982706 0.922684 0.905581 0.883834 0.657796 0.805423 0.763541 0.920578 0.744827 0.859331 0.994653 0.930975 0.779789 0.837134 0.666747 0.587618 0.835531 0.690703 0.688603 0.652304 0.729326 0.740262 0.783882 0.817233 0.875928 0.833529 0.739933 0.813613 0.542704 0.525897 0.614121 0.642864 0.806914 0.736412 0.891477 0.811370 0.791303 0.695943 0.859274 0.796689 0.656432 0.567149 0.757032 0.790012 0.870630 0.989221 0.982672 0.910330 0.780181 0.657147 0.663617 0.904092 0.686460 0.742766 0.894733 0.869264 0.979790 0.796357 0.956129 0.850840 0.837582 0.715893 0.892839 0.967756 0.866644 0.943005 0.816631 0.809659 0.699757 0.848951 0.718698 0.761948 0.922386 0.873351 0.694148 0.660249 0.865717 0.759145 0.855087 0.710370 0.895915 0.832923 0.987638 0.827280 0.754430 0.804265 0.761857 0.881202
0.629669 0.789311 0.000000 0.408945 0.983485 0.970824 0.426097 0.655420 0.806536 0.923061 0.811179 0.995228 0.989078 0.829094 0.814270 0.677719 0.815001 0.704919 0.793290 0.768561 0.737366 0.831937 0.973978 0.969983 0.670633 0.647469 0.863462 0.814634 0.911143 0.814489 0.858929 0.912408 0.568563 0.734628 0.611389 0.822579 0.731389 0.813919 0.760191 0.718649 0.732080 0.731442 0.675583 0.671681 0.775062 0.730829 0.703587 0.731151 0.976914 0.911786 0.766939 0.843695 0.958485 0.859283 0.768096 0.674028 0.718951 0.840382 0.647689 0.740676 0.660463 0.848961 0.900036 0.932714 0.448950 0.603838 0.415659 0.533634 0.913856 0.785056 0.788087 0.820870 0.950368 0.964371 0.856205 0.946679 0.753385 0.829547 0.788040 0.998950 0.699008 0.629269 0.928977 0.809647 0.679562 0.543768 0.889247 0.843257 0.745189 0.646767 0.562240 0.642480 0.480079 0.574075 0.800868 0.730401 0.649271 0.750602 0.622502 0.665661 0.875485 0.820041 0.712580 0.698760 0.757060 0.601352 0.999732 0.724184 0.946068 0.895257 0.755242 0.721941 0.805642 0.899500 0.911559 0.895172
0.641225 0.699600 0.408945 0.000000 0.916458 0.753382 0.527431 0.506155 0.924896 0.927247 0.829158 0.841325 0.911859 0.972143 0.732539 0.816080 0.954560 0.771967 0.804995 0.763618 0.746219 0.773645 0.945060 0.955715 0.718214 0.679141 0.878615 0.838983 0.804365 0.840385 0.895393 0.842618 0.660692 0.679076 0.600494 0.833410 0.836456 0.877078 0.661191 0.622878 0.755173 0.832479 0.580379 0.588068 0.812540 0.730135 0.628433 0.615493 0.995882 0.969381 0.780450 0.879276 0.943638 0.977322 0.840907 0.669873 0.876900 0.901081 0.673278 0.581897 0.701257 0.702333 0.990036 0.974529 0.511432 0.423113 0.408670 0.422563 0.965410 0.757682 0.623765 0.635395 0.908036 0.976121 0.954861 0.946117 0.643091 0.782965 0.789438 0.936604 0.781082 0.763811 0.737728 0.990638 0.894892 0.643223 0.795089 0.641520 0.913476 0.650038 0.561856 0.670714 0.468767 0.584089 0.795493 0.680281 0.618477 0.757415 0.508444 0.680346 0.783734 0.805508 0.690229 0.614400 0.701337 0.606250 0.988893 0.725445 0.920742 0.928525 0.733269 0.755708 0.879300 0.815345 0.903177 0.830146
0.826512 0.755530 0.983485 0.916458 0.000000 0.892055 0.836272 0.989375 0.640794 0.815343 0.922538 0.949066 0.902327 0.961817 0.754782 0.903185 0.901528 0.972459 0.919149 0.930311 0.816562 0.859459 0.572148 0.695652 0.867116 0.746096 0.965106 0.642467 0.814567 0.805426 0.886741 0.798639 0.962937 0.991190 0.987598 0.930393 0.890221 0.701684 0.968711 0.914601 0.819903 0.875436 0.663564 0.665300 0.939745 0.840123 0.775955 0.758057 0.819302 0.827324 0.885622 0.970302 0.936708 0.875715 0.901802 0.888916 0.915334 0.957272 0.769042 0.855866 0.788463 0.917838 0.870025 0.933518 0.847021 0.949418 0.890927 0.864452 0.781481 0.858793 0.859041 0.938721 0.787133 0.763287 0.916220 0.939038 0.934637 0.730574 0.997916 0.909259 0.959763 0.871756 0.716596 0.807902 0.658156 0.712577 0.837530 0.735223 0.893809 0.983708 0.955376 0.964572 0.956741 0.892457 0.993715 0.942372 0.978778 0.793582 0.894908 0.915628 0.922267 0.812402 0.706861 0.781263 0.991905 0.824795 0.937839 0.843113 0.805035 0.989031 0.962184 0.966037 0.907565 0.943509 0.951299 0.818980
0.899041 0.814514 0.970824 0.753382 0.892055 0.000000 0.994399 0.760830 0.974269 0.922819 0.930269 0.792929 0.790047 0.775273 0.963625 0.758935 0.896315 0.963949 0.975731 0.882444 0.954410 0.767086 0.884511 0.910358 0.971123 0.911507 0.852653 0.756650 0.873780 0.919205 0.965314 0.876238 0.962192 0.969529 0.893841 0.994209 0.952053 0.918808 0.862258 0.839894 0.857253 0.924317 0.960924 0.973739 0.905468 0.927394 0.955242 0.970226 0.862395 0.843404 0.939173 0.882320 0.988473 0.949364 0.960399 0.924044 0.952216 0.993436 0.960769 0.834531 0.890368 0.756988 0.902000 0.924206 0.900177 0.693535 0.912796 0.855257 0.891239 0.979926 0.694735 0.702872 0.999052 0.983948 0.988204 0.898536 0.782035 0.833534 0.955576 0.952682 0.946768 0.891230 0.658817 0.779995 0.766360 0.970658 0.912910 0.680230 0.958792 0.984873 0.921480 0.960669 0.786962 0.907092 0.948840 0.976360 0.925542 0.877173 0.831986 0.923382 0.848578 0.830206 0.901017 0.860808 0.778877 0.852478 0.953841 0.994778 0.865571 0.921010 0.931786 0.944303 0.983149 0.913999 0.690455 0.821469
0.632117 0.898252 0.426097 0.527431 0.836272 0.994399 0.000000 0.486455 0.673286 0.557258 0.696570 0.832776 0.886834 0.829613 0.788628 0.700242 0.735021 0.614361 0.654262 0.803381 0.941183 0.980563 0.882834 0.947790 0.984576 0.971599 0.952712 0.942120 0.881413 0.868313 0.825230 0.970558 0.496841 0.530946 0.642296 0.884791 0.980155 0.928134 0.907884 0.854082 0.759921 0.874145 0.836792 0.840264 0.615795 0.596753 0.794243 0.763070 0.925762 0.953197 0.998182 0.880963 0.863045 0.945814 0.785650 0.719964 0.832685 0.978827 0.815169 0.946475 0.401505 0.621529 0.569694 0.630091 0.643359 0.690504 0.503731 0.621703 0.945749 0.897311 0.955296 0.958983 0.964442 0.965075 0.874976 0.877682 0.884138 0.967098 0.741716 0.858829 0.534021 0.496465 0.950072 0.710759 0.575606 0.584768 0.866275 0.931162 0.872300 0.766576 0.512783 0.735402 0.533981 0.761057 0.729735 0.776000 0.708004 0.856547 0.529837 0.645390 0.903718 0.952515 0.772206 0.696473 0.899635 0.750559 0.779033 0.898187 0.842079 0.951693 0.719032 0.691757 0.863035 0.868455 0.877221 0.905888
0.593734 0.741692 0.655420 0.506155 0.989375 0.760830 0.486455 0.000000 0.926066 0.518479 0.517911 0.462698 0.754786 0.851550 0.676405 0.920290 0.729458 0.650140 0.669674 0.748229 0.996866 0.983647 0.825075 0.795616 0.834890 0.903074 0.939307 0.925116 0.853581 0.730884 0.997798 0.881080 0.663900 0.422805 0.722804 0.891151 0.958649 0.839626 0.782693 0.688337 0.793173 0.954670 0.806646 0.793284 0.734543 0.665373 0.723280 0.666791 0.950651 0.755781 0.822834 0.670511 0.639578 0.638161 0.731701 0.708220 0.953913 0.990243 0.748602 0.736046 0.420566 0.348906 0.647154 0.576450 0.877862 0.525608 0.597410 0.524262 0.851594 0.783344 0.816147 0.855981 0.993443 0.927139 0.955372 0.902982 0.762094 0.825611 0.751802 0.925048 0.657655 0.691256 0.784546 0.892812 0.993671 0.837059 0.724375 0.643215 0.971984 0.779660 0.720419 0.983658 0.697940 0.988776 0.744883 0.850968 0.748882 0.878999 0.513430 0.782160 0.737819 0.984067 0.685957 0.704277 0.960272 0.779426 0.768466 0.985682 0.860944 0.968565 0.765269 0.794566 0.907393 0.787058 0.907129 0.999793
0.913409 0.980635 0.806536 0.924896 0.640794 0.974269 0.673286 0.926066 0.000000 0.806239 0.944180 0.952148 0.791043 0.899861 0.812664 0.984519 0.844805 0.834066 0.902256 0.982987 0.914075 0.953550 0.672883 0.857682 0.982080 0.969606 0.960724 0.975250 0.873701 0.916000 0.861860 0.919720 0.822608 0.981593 0.941176 0.871291 0.987032 0.831235 0.966519 0.870772 0.914838 0.916923 0.854975 0.871650 0.960113 0.992190 0.914364 0.841419 0.989865 0.937627 0.984454 0.974313 0.820738 0.738940 0.967149 0.952085 0.853743 0.881127 0.911382 0.868417 0.666162 0.885897 0.762476 0.834551 0.673004 0.910629 0.987905 0.845030 0.964245 0.938516 0.920820 0.817770 0.861061 0.973767 0.968440 0.980993 0.971683 0.932531 0.764479 0.903639 0.776640 0.754469 0.684388 0.763232 0.578704 0.566883 0.811262 0.798566 0.863635 0.838058 0.824119 0.842474 0.877157 0.877274 0.966009 0.960804 0.894585 0.958808 0.990411 0.793616 0.844812 0.941250 0.971902 0.921171 0.877157 0.970478 0.948595 0.955559 0.884226 0.963411 0.839119 0.933822 0.947320 0.877819 0.970613 0.852605
0.767361 0.963131 0.923061 0.927247 0.815343 0.922819 0.557258 0.518479 0.806239 0.000000 0.579523 0.643353 0.893851 0.994479 0.806430 0.907930 0.690549 0.670558 0.662512 0.876675 0.897444 0.802145 0.979230 0.821611 0.581167 0.618530 0.838065 0.722856 0.680510 0.602404 0.947903 0.968911 0.765942 0.571625 0.849677 0.902418 0.782642 0.721671 0.895713 0.998408 0.902114 0.958870 0.803440 0.863720 0.743069 0.768757 0.906148 0.936927 0.902898 0.756295 0.686631 0.597231 0.676902 0.652073 0.814389 0.860049 0.969902 0.916008 0.950897 0.963234 0.456900 0.517917 0.428618 0.428608 0.847174 0.949201 0.839221 0.862512 0.858404 0.933757 0.889184 0.830516 0.914675 0.960858 0.995750 0.809312 0.891807 0.839662 0.816303 0.752798 0.605686 0.649407 0.960077 0.741436 0.830737 0.967163 0.832975 0.984546 0.895967 0.917750 0.790646 0.908533 0.906175 0.832274 0.809426 0.921557 0.959190 0.929439 0.730770 0.806328 0.923810 0.850386 0.793786 0.831138 0.933265 0.909020 0.639853 0.803572 0.923449 0.988114 0.950563 0.865104 0.975001 0.924487 0.785774 0.811027
0.588314 0.851605 0.811179 0.829158 0.922538 0.930269 0.696570 0.517911 0.944180 0.579523 0.000000 0.479779 0.740249 0.975425 0.647050 0.844607 0.592229 0.672002 0.818503 0.786548 0.923706 0.853419 0.597435 0.564665 0.835105 0.909064 0.832650 0.992911 0.821801 0.832397 0.817646 0.752295 0.789047 0.520873 0.762585 0.961210 0.890449 0.949360 0.945495 0.816939 0.748899 0.831222 0.950834 0.936791 0.898821 0.772631 0.767445 0.888530 0.954166 0.769739 0.696389 0.620605 0.587402 0.570175 0.715136 0.676106 0.884314 0.925865 0.722446 0.840015 0.549240 0.492072 0.614450 0.526809 0.860389 0.833961 0.757187 0.794060 0.890499 0.664651 0.858178 0.928055 0.805093 0.912871 0.904883 0.884475 0.909926 0.882428 0.735556 0.895163 0.678756 0.780459 0.844085 0.832271 0.878814 0.917197 0.752653 0.682653 0.943242 0.834954 0.829682 0.811454 0.871678 0.900055 0.806639 0.863608 0.789185 0.829648 0.727930 0.910946 0.819941 0.960707 0.625014 0.801462 0.900596 0.867293 0.772736 0.981813 0.887095 0.919564 0.970845 0.842358 0.933630 0.851241 0.908325 0.917994
0.650104 0.702479 0.995228 0.841325 0.949066 0.792929 0.832776 0.462698 0.952148 0.643353 0.479779 0.000000 0.525159 0.600364 0.861569 0.799918 0.677520 0.704196 0.652257 0.753873 0.914936 0.843488 0.698076 0.766967 0.734258 0.762184 0.928331 0.937967 0.823909 0.696263 0.767691 0.841821 0.886330 0.578525 0.872409 0.965960 0.943948 0.759198 0.896517 0.865197 0.875237 0.945502 0.900658 0.863625 0.906031 0.779721 0.774014 0.826027 0.976160 0.738062 0.729417 0.634447 0.664326 0.626091 0.725345 0.806050 0.918449 0.890938 0.835096 0.854261 0.554930 0.416097 0.646650 0.570268 0.838242 0.721862 0.937329 0.873244 0.956773 0.676242 0.966542 0.967482 0.987109 0.998079 0.925670 0.958483 0.810611 0.747367 0.759786 0.879013 0.732717 0.838366 0.816335 0.936929 0.794376 0.937357 0.784715 0.685900 0.998783 0.939403 0.992334 0.737355 0.990990 0.758103 0.829350 0.976730 0.863426 0.945922 0.747754 0.986435 0.755026 0.878391 0.738776 0.862269 0.929792 0.979242 0.835178 0.972828 0.904793 0.987284 0.966084 0.949641 0.924769 0.842565 0.904432 0.981748
0.737880 0.683480 0.989078 0.911859 0.902327 0.790047 0.886834 0.754786 0.791043 0.893851 0.740249 0.525159 0.000000 0.545787 0.763173 0.607313 0.774364 0.788973 0.646888 0.805104 0.915470 0.997030 0.994450 0.946496 0.854799 0.904682 0.990912 0.990505 0.819300 0.839640 0.951143 0.954767 0.899000 0.788120 0.968231 0.930850 0.932193 0.823269 0.966368 0.940417 0.880064 0.922735 0.927247 0.899159 0.979972 0.795303 0.840924 0.961234 0.969774 0.936207 0.891137 0.898960 0.989518 0.933310 0.821443 0.833598 0.843878 0.817790 0.951345 0.989018 0.630272 0.581407 0.815255 0.789498 0.982419 0.723785 0.919281 0.914815 0.839994 0.792602 0.988878 0.970766 0.830221 0.973734 0.956902 0.821819 0.801892 0.735160 0.836330 0.925301 0.822611 0.862927 0.941563 0.962917 0.997099 0.824939 0.959252 0.925779 0.911968 0.946980 0.909899 0.909644 0.938171 0.895411 0.991612 0.954981 0.848690 0.935624 0.858742 0.974228 0.960239 0.895769 0.898067 0.959227 0.909134 0.903476 0.901692 0.992853 0.920658 0.982963 0.952291 0.971741 0.798040 0.760014 0.983262 0.941154
0.877849 0.662601 0.829094 0.972143 0.961817 0.775273 0.829613 0.851550 0.899861 0.994479 0.975425 0.600364 0.545787 0.000000 0.734506 0.555786 0.922140 0.887518 0.640966 0.746937 0.926649 0.977990 0.980391 0.870259 0.878153 0.957192 0.890113 0.959980 0.849904 0.808789 0.993425 0.848472 0.922398 0.924897 0.998416 0.995656 0.837726 0.826377 0.919558 0.962044 0.830936 0.827842 0.877524 0.827854 0.919520 0.928173 0.803908 0.849759 0.987060 0.924753 0.930099 0.962063 0.986618 0.994579 0.865666 0.871158 0.945380 0.894320 0.935565 0.864878 0.934358 0.731999 0.992890 0.952383 0.910830 0.763275 0.836178 0.962958 0.902920 0.856135 0.835916 0.810656 0.819900 0.896499 0.986774 0.823305 0.703096 0.782007 0.865633 0.954201 0.961605 0.994301 0.887218 0.926684 0.813607 0.974533 0.904011 0.959531 0.960525 0.978168 0.892554 0.848330 0.886615 0.831814 0.915344 0.991563 0.976988 0.944117 0.991700 0.984766 0.861023 0.903697 0.941598 0.977804 0.990006 0.927450 0.877593 0.997133 0.893790 0.889687 0.996018 0.986522 0.928130 0.946297 0.923932 0.924598
0.937391 0.886546 0.814270 0.732539 0.754782 0.963625 0.788628 0.676405 0.812664 0.806430 0.647050 0.861569 0.763173 0.734506 0.000000 0.565617 0.949312 0.910344 0.892751 0.931207 0.905917 0.994412 0.549673 0.658686 0.995707 0.967443 0.821381 0.991159 0.786491 0.876029 0.763546 0.733191 0.994749 0.750803 0.886601 0.963884 0.975115 0.900431 0.908943 0.783476 0.855190 0.829015 0.811986 0.850366 0.844782 0.874926 0.951090 0.883558 0.983143 0.806793 0.910498 0.761198 0.569448 0.556237 0.888209 0.837940 0.818648 0.735390 0.798372 0.819655 0.901302 0.820127 0.994245 0.929698 0.893704 0.863448 0.627714 0.625806 0.865371 0.849576 0.971082 0.963935 0.785177 0.933939 0.889097 0.847738 0.943304 0.995966 0.948604 0.938121 0.950353 0.882478 0.651455 0.794750 0.735596 0.757891 0.706034 0.604993 0.900293 0.997153 0.790772 0.911639 0.723965 0.812418 0.893144 0.903476 0.843170 0.826459 0.767224 0.855231 0.714311 0.888344 0.712200 0.813780 0.996072 0.818219 0.743510 0.899445 0.945239 0.957672 0.787891 0.915058 0.962394 0.874651 0.931492 0.872302
0.900834 0.834419 0.677719 0.816080 0.903185 0.758935 0.700242 0.920290 0.984519 0.907930 0.844607 0.799918 0.607313 0.555786 0.565617 0.000000 0.945951 0.936090 0.903891 0.967990 0.891804 0.982760 0.799960 0.702483 0.863893 0.913734 0.887177 0.973203 0.899305 0.838194 0.938495 0.761799 0.920012 0.905626 0.739683 0.966026 0.907993 0.869989 0.975007 0.887634 0.906940 0.728736 0.894321 0.902651 0.772959 0.840713 0.959301 0.888286 0.852344 0.960244 0.968687 0.982643 0.792025 0.824613 0.971841 0.793499 0.974042 0.875255 0.785838 0.993911 0.967118 0.917590 0.882911 0.895023 0.941779 0.873089 0.701617 0.818527 0.961102 0.944125 0.876819 0.919314 0.716277 0.822207 0.907772 0.771363 0.895122 0.821617 0.996999 0.947877 0.837204 0.833547 0.954989 0.910860 0.906216 0.967952 0.824559 0.860363 0.913991 0.818409 0.787993 0.839800 0.754466 0.785982 0.869037 0.760696 0.860169 0.832093 0.850949 0.800822 0.939296 0.928881 0.844496 0.851364 0.968402 0.795640 0.830421 0.882765 0.988570 0.999838 0.853667 0.794474 0.794623 0.916334 0.899850 0.959953
0.504398 0.614382 0.815001 0.954560 0.901528 0.896315 0.735021 0.729458 0.844805 0.690549 0.592229 0.677520 0.774364 0.922140 0.949312 0.945951 0.000000 0.456797 0.653150 0.619734 0.920466 0.862931 0.968260 0.788883 0.940111 0.944884 0.977308 0.973798 0.706795 0.708800 0.989468 0.906809 0.634628 0.702429 0.735126 0.963673 0.765590 0.925193 0.874740 0.927322 0.863033 0.884188 0.963362 0.937215 0.835157 0.764114 0.800082 0.824433 0.805376 0.930205 0.963149 0.955921 0.929806 0.950218 0.666342 0.745837 0.549887 0.564382 0.616763 0.850473 0.566284 0.633629 0.501216 0.455382 0.954703 0.894672 0.882382 0.951623 0.733237 0.587320 0.901403 0.821434 0.993060 0.943769 0.950108 0.872559 0.993977 0.979674 0.647296 0.912919 0.460770 0.520590 0.876292 0.584839 0.746384 0.819735 0.919223 0.952930 0.773797 0.709011 0.932328 0.815643 0.944355 0.827286 0.804958 0.765627 0.765613 0.989357 0.812056 0.847044 0.978491 0.829015 0.712849 0.821895 0.939301 0.885231 0.833235 0.938560 0.986050 0.889726 0.981031 0.825912 0.880127 0.974532 0.968541 0.940859
0.467486 0.641250 0.704919 0.771967 0.972459 0.963949 0.614361 0.650140 0.834066 0.670558 0.672002 0.704196 0.788973 0.887518 0.910344 0.936090 0.456797 0.000000 0.610961 0.646151 0.884571 0.906299 0.952862 0.820591 0.953963 0.959930 0.906914 0.954234 0.679402 0.641573 0.833031 0.965740 0.576057 0.615600 0.683344 0.843455 0.780699 0.962931 0.951491 0.902181 0.789150 0.852223 0.903577 0.849115 0.784245 0.712348 0.599983 0.708259 0.756857 0.916073 0.956473 0.990518 0.993534 0.988942 0.589220 0.656456 0.500650 0.622191 0.605560 0.816625 0.524706 0.629237 0.445247 0.451669 0.832888 0.841048 0.779262 0.831295 0.808947 0.684879 0.979709 0.899427 0.976036 0.868298 0.986441 0.888541 0.995391 0.966299 0.618008 0.930951 0.338989 0.386017 0.817813 0.507266 0.650804 0.678839 0.970689 0.974064 0.730437 0.608205 0.916077 0.831100 0.985616 0.863603 0.752553 0.737722 0.842143 0.931028 0.749975 0.798005 0.963547 0.858104 0.778476 0.804270 0.936097 0.749364 0.880628 0.987622 0.887881 0.882338 0.994316 0.792640 0.886370 0.946431 0.971396 0.933954
0.599008 0.656674 0.793290 0.804995 0.919149 0.975731 0.654262 0.669674 0.902256 0.662512 0.818503 0.652257 0.646888 0.640966 0.892751 0.903891 0.653150 0.610961 0.000000 0.630822 0.992698 0.983587 0.883140 0.907208 0.912318 0.956463 0.945632 0.980361 0.739841 0.726961 0.813972 0.836369 0.645057 0.660619 0.727300 0.907273 0.971605 0.839102 0.982458 0.946473 0.885145 0.971215 0.930496 0.840787 0.866642 0.709800 0.733646 0.771764 0.940055 0.983817 0.955084 0.994822 0.924539 0.984942 0.727973 0.736466 0.749379 0.776429 0.896589 0.881139 0.566897 0.632095 0.567417 0.621920 0.894033 0.738101 0.879514 0.876731 0.851874 0.821053 0.955251 0.960926 0.843516 0.920385 0.995914 0.989293 0.878632 0.835901 0.655061 0.968108 0.562851 0.579431 0.931938 0.774803 0.720885 0.726302 0.865000 0.955435 0.883538 0.835793 0.816774 0.998852 0.888945 0.957120 0.877326 0.877319 0.787771 0.991225 0.684876 0.742900 0.950806 0.801087 0.771788 0.881218 0.941151 0.841707 0.890484 0.883545 0.932878 0.867229 0.898139 0.829747 0.836717 0.885515 0.952994 0.785762
0.615492 0.679088 0.768561 0.763618 0.930311 0.882444 0.803381 0.748229 0.982987 0.876675 0.786548 0.753873 0.805104 0.746937 0.931207 0.967990 0.619734 0.646151 0.630822 0.000000 0.790731 0.976545 0.996371 0.959381 0.967914 0.942268 0.980424 0.955660 0.870076 0.884156 0.782302 0.963593 0.720031 0.752533 0.700395 0.987708 0.745102 0.859723 0.902335 0.854200 0.941940 0.935226 0.839942 0.792321 0.920984 0.769811 0.686100 0.605091 0.882625 0.828190 0.850810 0.805743 0.965046 0.988454 0.823396 0.709205 0.727327 0.655717 0.647266 0.620820 0.777369 0.730606 0.799111 0.747675 0.883274 0.731932 0.765779 0.762033 0.797910 0.705021 0.887223 0.898987 0.879967 0.902720 0.864596 0.952632 0.865496 0.977825 0.612990 0.941582 0.657140 0.702787 0.933356 0.797269 0.869117 0.799829 0.842710 0.899096 0.832946 0.711626 0.848621 0.990806 0.910695 0.984177 0.948684 0.762322 0.717342 0.873699 0.701393 0.881858 0.835467 0.884948 0.668459 0.777898 0.960984 0.827239 0.986313 0.842032 0.926582 0.982453 0.819705 0.880580 0.875990 0.951799 0.958879 0.977892
0.713306 0.832689 0.737366 0.746219 0.816562 0.954410 0.941183 0.996866 0.914075 0.897444 0.923706 0.914936 0.915470 0.926649 0.905917 0.891804 0.920466 0.884571 0.992698 0.790731 0.000000 0.871555 0.830893 0.779803 0.735976 0.687947 0.999090 0.815719 0.779021 0.688442 0.975514 0.845356 0.842221 0.961657 0.753060 0.998679 0.713070 0.762235 0.839597 0.956528 0.870079 0.872784 0.684763 0.733622 0.986202 0.935738 0.778492 0.837643 0.964361 0.831471 0.753275 0.792349 0.997053 0.929154 0.957381 0.972564 0.728177 0.804592 0.641239 0.794965 0.972210 0.917938 0.899749 0.910848 0.823777 0.887804 0.741503 0.814423 0.713357 0.761360 0.870933 0.891898 0.929485 0.812796 0.895795 0.969630 0.929140 0.902001 0.930231 0.880764 0.990427 0.999628 0.794855 0.927410 0.951874 0.985252 0.986283 0.823073 0.858842 0.760816 0.839079 0.858470 0.824016 0.803425 0.926286 0.730526 0.762846 0.868013 0.939661 0.897600 0.938832 0.909649 0.717582 0.802872 0.918837 0.791096 0.814573 0.810286 0.969779 0.891876 0.917111 0.829270 0.930536 0.967714 0.891426 0.776027
0.981896 0.843391 0.831937 0.773645 0.859459 0.767086 0.980563 0.983647 0.953550 0.802145 0.853419 0.843488 0.997030 0.977990 0.994412 0.982760 0.862931 0.906299 0.983587 0.976545 0.871555 0.000000 0.986955 0.963308 0.888036 0.758881 0.866364 0.714407 0.815600 0.778836 0.942520 0.836876 0.988900 0.998325 0.917319 0.910689 0.836022 0.790853 0.931234 0.857958 0.906409 0.854059 0.905724 0.918902 0.885740 0.901716 0.921055 0.988481 0.998777 0.838994 0.740445 0.759714 0.836800 0.810671 0.936024 0.950723 0.952180 0.968988 0.865828 0.728624 0.863670 0.947274 0.750015 0.769887 0.781123 0.784298 0.806793 0.822913 0.936550 0.992397 0.748883 0.723617 0.982962 0.967061 0.911656 0.913393 0.869883 0.872187 0.955862 0.981173 0.925951 0.890890 0.730189 0.829621 0.926733 0.894422 0.869750 0.868264 0.918920 0.934210 0.862779 0.849171 0.763718 0.729406 0.946118 0.971422 0.943303 0.991992 0.851117 0.823432 0.926599 0.770541 0.926569 0.928018 0.721493 0.745319 0.888101 0.769450 0.944526 0.931563 0.967032 0.826465 0.915113 0.986763 0.798756 0.922738
0.812083 0.914019 0.973978 0.945060 0.572148 0.884511 0.882834 0.825075 0.672883 0.979230 0.597435 0.698076 0.994450 0.980391 0.549673 0.799960 0.968260 0.952862 0.883140 0.996371 0.830893 0.986955 0.000000 0.433493 0.950009 0.987866 0.879453 0.824341 0.884500 0.826599 0.565736 0.563136 0.861665 0.871164 0.975117 0.925422 0.903490 0.897555 0.852385 0.840131 0.837207 0.819157 0.793249 0.786283 0.987088 0.945950 0.869906 0.880230 0.975326 0.856078 0.864915 0.761626 0.656483 0.572879 0.923377 0.859805 0.984846 0.976900 0.698333 0.820263 0.948312 0.856980 0.960384 0.921976 0.667858 0.962049 0.900563 0.906578 0.788527 0.759561 0.912839 0.981876 0.622164 0.757150 0.887206 0.999977 0.851449 0.859396 0.949296 0.982423 0.928955 0.781535 0.574843 0.747377 0.444361 0.559386 0.681222 0.478738 0.960890 0.967932 0.955403 0.818081 0.970181 0.985693 0.983886 0.966886 0.938585 0.760728 0.881766 0.930894 0.739891 0.944205 0.638050 0.812430 0.907651 0.894291 0.959869 0.947159 0.917521 0.954569 0.982358 0.920762 0.988890 0.971990 0.991547 0.769132
0.655267 0.911784 0.969983 0.955715 0.695652 0.910358 0.947790 0.795616 0.857682 0.821611 0.564665 0.766967 0.946496 0.870259 0.658686 0.702483 0.788883 0.820591 0.907208 0.959381 0.779803 0.963308 0.433493 0.000000 0.921218 0.983687 0.767541 0.918591 0.999922 0.957302 0.686174 0.559172 0.995834 0.791363 0.935762 0.921987 0.820055 0.941321 0.925346 0.888835 0.750285 0.861321 0.883352 0.883501 0.896253 0.852918 0.815948 0.859559 0.791851 0.949606 0.878091 0.776712 0.762618 0.625949 0.931756 0.826807 0.831758 0.881187 0.614089 0.892928 0.893089 0.844599 0.792771 0.682900 0.735579 0.836536 0.879880 0.965868 0.761067 0.741920 0.865396 0.948048 0.571627 0.655260 0.963205 0.875232 0.997991 0.934434 0.955719 0.890693 0.802047 0.927001 0.824719 0.915062 0.722263 0.704000 0.801198 0.656886 0.930630 0.869022 0.969536 0.824949 0.972824 0.935808 0.972044 0.867595 0.959283 0.822970 0.822031 0.905413 0.828148 0.944945 0.621879 0.760593 0.890837 0.877442 0.847242 0.977058 0.966076 0.952866 0.974091 0.812306 0.987729 0.961777 0.939293 0.908823
0.872963 0.804730 0.670633 0.718214 0.867116 0.971123 0.984576 0.834890 0.982080 0.581167 0.835105 0.734258 0.854799 0.878153 0.995707 0.863893 0.940111 0.953963 0.912318 0.967914 0.735976 0.888036 0.950009 0.921218 0.000000 0.419728 0.835362 0.641969 0.700092 0.678935 0.838238 0.988263 0.829856 0.850450 0.859266 0.788189 0.720501 0.684948 0.777446 0.846833 0.891334 0.772878 0.597687 0.603945 0.945391 0.903840 0.785517 0.886874 0.898235 0.678135 0.598867 0.589607 0.708483 0.661646 0.944512 0.852501 0.675745 0.787297 0.812674 0.855827 0.779663 0.705928 0.714311 0.659875 0.580058 0.832859 0.770214 0.808026 0.891934 0.837423 0.758923 0.801312 0.907873 0.916386 0.994454 0.957752 0.791714 0.807458 0.856959 0.782413 0.990522 0.976855 0.992800 0.975966 0.852630 0.774817 0.907659 0.980197 0.720450 0.746102 0.859889 0.704258 0.783703 0.625020 0.907885 0.728832 0.793371 0.780045 0.983889 0.845075 0.941655 0.812046 0.995671 0.895901 0.808071 0.827136 0.866192 0.687677 0.946044 0.907947 0.871705 0.942779 0.867309 0.978335 0.717008 0.743341
0.788972 0.720975 0.647469 0.679141 0.746096 0.911507 0.971599 0.903074 0.969606 0.618530 0.909064 0.762184 0.904682 0.957192 0.967443 0.913734 0.944884 0.959930 0.956463 0.942268 0.687947 0.758881 0.987866 0.983687 0.419728 0.000000 0.843932 0.620451 0.722836 0.638723 0.809538 0.918539 0.834686 0.918562 0.845417 0.826200 0.650270 0.633835 0.720084 0.840124 0.838393 0.756375 0.595277 0.631348 0.902967 0.958493 0.826037 0.818164 0.942283 0.722317 0.638270 0.641299 0.761547 0.661475 0.901124 0.844567 0.735143 0.761077 0.790228 0.782385 0.831401 0.785182 0.728455 0.731069 0.567081 0.825235 0.745325 0.816476 0.774293 0.889434 0.770734 0.817785 0.919971 0.865933 0.995817 0.943191 0.719368 0.705432 0.846889 0.735908 0.986926 0.955401 0.977456 0.972648 0.932695 0.785220 0.942040 0.893051 0.699266 0.711627 0.841282 0.716631 0.742276 0.597803 0.863555 0.763408 0.796705 0.717733 0.894614 0.873778 0.958176 0.753195 0.853639 0.813143 0.866752 0.739339 0.791447 0.684994 0.884948 0.895647 0.944876 0.835197 0.884187 0.984306 0.693673 0.753005
0.975816 0.950684 0.863462 0.878615 0.965106 0.852653 0.952712 0.939307 0.960724 0.838065 0.832650 0.928331 0.990912 0.890113 0.821381 0.887177 0.977308 0.906914 0.945632 0.980424 0.999090 0.866364 0.879453 0.767541 0.835362 0.843932 0.000000 0.837629 0.894069 0.997357 0.947216 0.862704 0.992191 0.881439 0.925377 0.932440 0.968538 0.997031 0.919728 0.980620 0.989257 0.946516 0.876812 0.950086 0.704919 0.725547 0.967547 0.941844 0.753528 0.883193 0.959034 0.868550 0.889829 0.872436 0.867121 0.856584 0.990809 0.927363 0.992362 0.879902 0.968375 0.994185 0.921483 0.854579 0.781416 0.804059 0.930742 0.998745 0.886178 0.945473 0.926018 0.909535 0.839950 0.886198 0.945675 0.901488 0.896092 0.952179 0.940179 0.920380 0.959735 0.913321 0.993764 0.943264 0.954606 0.804074 0.993668 0.998659 0.904762 0.872788 0.847221 0.960709 0.922367 0.995064 0.924663 0.954205 0.970032 0.972857 0.928475 0.862369 0.913188 0.910145 0.932489 0.930358 0.685530 0.904334 0.926179 0.924072 0.943805 0.927150 0.943996 0.951960 0.934558 0.842735 0.811755 0.964322
0.756019 0.746268 0.814634 0.838983 0.642467 0.756650 0.942120 0.925116 0.975250 0.722856 0.992911 0.937967 0.990505 0.959980 0.991159 0.973203 0.973798 0.954234 0.980361 0.955660 0.815719 0.714407 0.824341 0.918591 0.641969 0.620451 0.837629 0.000000 0.924425 0.830940 0.944848 0.879422 0.928096 0.983592 0.914317 0.943486 0.744699 0.707617 0.941922 0.896815 0.799564 0.929042 0.815564 0.823002 0.861633 0.921213 0.835697 0.961381 0.956517 0.940945 0.844586 0.847796 0.806013 0.872049 0.957098 0.816770 0.722171 0.858383 0.779668 0.833279 0.899732 0.910356 0.888950 0.860158 0.786370 0.847234 0.885151 0.965326 0.729231 0.916874 0.824270 0.854855 0.975356 0.810604 0.950929 0.862809 0.906074 0.792649 0.878087 0.820252 0.961260 0.992074 0.836800 0.951917 0.946597 0.935389 0.984634 0.817726 0.910589 0.747340 0.995436 0.924486 0.871233 0.802693 0.917693 0.957633 0.891064 0.753887 0.953369 0.879685 0.993200 0.832816 0.787522 0.846744 0.800855 0.744928 0.938807 0.756445 0.887926 0.950771 0.956358 0.899639 0.907640 0.985693 0.740439 0.776884
0.888443 0.982706 0.911143 0.804365 0.814567 0.873780 0.881413 0.853581 0.873701 0.680510 0.821801 0.823909 0.819300 0.849904 0.786491 0.899305 0.706795 0.679402 0.739841 0.870076 0.779021 0.815600 0.884500 0.999922 0.700092 0.722836 0.894069 0.924425 0.000000 0.448952 0.951480 0.763981 0.870747 0.738628 0.911455 0.960455 0.861505 0.707744 0.843266 0.811716 0.938974 0.946165 0.699024 0.787136 0.955191 0.981628 0.967284 0.948451 0.974250 0.751674 0.594856 0.656634 0.922589 0.789872 0.959165 0.858406 0.942956 0.968719 0.873907 0.816860 0.701545 0.696126 0.573385 0.611670 0.852579 0.929752 0.791163 0.816307 0.899242 0.945874 0.779472 0.753606 0.954420 0.840469 0.978128 0.985091 0.914583 0.934591 0.884250 0.961624 0.707899 0.726408 0.719333 0.683835 0.844092 0.934840 0.910765 0.791729 0.980301 0.948338 0.800041 0.604003 0.701372 0.563324 0.975997 0.980888 0.767275 0.822793 0.945819 0.948846 0.865990 0.627652 0.928971 0.893987 0.815335 0.841919 0.853651 0.688080 0.952352 0.990483 0.992091 0.984819 0.905911 0.973320 0.903025 0.707088
0.890247 0.922684 0.814489 0.840385 0.805426 0.919205 0.868313 0.730884 0.916000 0.602404 0.832397 0.696263 0.839640 0.808789 0.876029 0.838194 0.708800 0.641573 0.726961 0.884156 0.688442 0.778836 0.826599 0.957302 0.678935 0.638723 0.997357 0.830940 0.448952 0.000000 0.844811 0.742925 0.815720 0.653502 0.953232 0.915892 0.837428 0.723034 0.892707 0.964843 0.940596 0.839723 0.782633 0.819480 0.914551 0.919914 0.906104 0.962977 0.854733 0.822485 0.723059 0.702480 0.864598 0.764838 0.812671 0.904916 0.913811 0.961019 0.954343 0.933789 0.673390 0.627073 0.526285 0.536447 0.823761 0.998524 0.845686 0.955273 0.805617 0.952284 0.884073 0.853909 0.886426 0.826130 0.896116 0.973997 0.871998 0.933386 0.829642 0.983499 0.701764 0.684200 0.719643 0.670210 0.825281 0.950793 0.892624 0.831158 0.982374 0.921750 0.760689 0.589850 0.694168 0.529213 0.883002 0.895931 0.854049 0.804931 0.960240 0.959786 0.904568 0.701735 0.868001 0.933047 0.868656 0.959328 0.752995 0.748187 0.946155 0.995913 0.961545 0.966196 0.980379 0.997596 0.909508 0.719364
0.905481 0.905581 0.858929 0.895393 0.886741 0.965314 0.825230 0.997798 0.861860 0.947903 0.817646 0.767691 0.951143 0.993425 0.763546 0.938495 0.989468 0.833031 0.813972 0.782302 0.975514 0.942520 0.565736 0.686174 0.838238 0.809538 0.947216 0.944848 0.951480 0.844811 0.000000 0.673827 0.667636 0.945320 0.876668 0.830988 0.987413 0.763007 0.999867 0.962399 0.942699 0.934645 0.951457 0.972469 0.846874 0.805848 0.899244 0.785111 0.748370 0.644988 0.730622 0.691564 0.765855 0.687956 0.972700 0.942008 0.818291 0.811328 0.963795 0.881170 0.946279 0.936501 0.916308 0.976124 0.759812 0.925570 0.879750 0.812409 0.867324 0.801407 0.734160 0.950662 0.803102 0.843128 0.816037 0.971314 0.974088 0.953438 0.841736 0.996412 0.824792 0.756758 0.757670 0.773123 0.584617 0.706620 0.841758 0.749249 0.944350 0.871112 0.887305 0.848157 0.859564 0.896679 0.914995 0.948745 0.901486 0.928310 0.830542 0.818971 0.880174 0.942234 0.859447 0.909290 0.942914 0.876157 0.953849 0.898480 0.894545 0.933714 0.854801 0.981915 0.967384 0.912417 0.886327 0.828997
0.804155 0.883834 0.912408 0.842618 0.798639 0.876238 0.970558 0.881080 0.919720 0.968911 0.752295 0.841821 0.954767 0.848472 0.733191 0.761799 0.906809 0.965740 0.836369 0.963593 0.845356 0.836876 0.563136 0.559172 0.988263 0.918539 0.862704 0.879422 0.763981 0.742925 0.673827 0.000000 0.932432 0.972032 0.945120 0.727384 0.758765 0.846667 0.897786 0.889650 0.795180 0.904112 0.882623 0.898363 0.973863 0.947779 0.930385 0.980977 0.985976 0.959513 0.970771 0.972400 0.790516 0.799008 0.940301 0.952512 0.947669 0.873226 0.622235 0.788451 0.952859 0.891180 0.999056 0.888088 0.929161 0.987223 0.826794 0.988333 0.751318 0.719138 0.946217 0.972132 0.731753 0.688822 0.884717 0.864802 0.960374 0.946083 0.991791 0.918392 0.913871 0.971573 0.739568 0.952270 0.714234 0.835212 0.813562 0.593170 0.812707 0.987660 0.870208 0.999143 0.830190 0.943489 0.900824 0.982190 0.817832 0.764503 0.847708 0.949642 0.907165 0.864171 0.699386 0.812019 0.950094 0.833229 0.951982 0.923294 0.923461 0.839766 0.889903 0.838909 0.956424 0.931440 0.975569 0.811142
0.558150 0.657796 0.568563 0.660692 0.962937 0.962192 0.496841 0.663900 0.822608 0.765942 0.789047 0.886330 0.899000 0.922398 0.994749 0.920012 0.634628 0.576057 0.645057 0.720031 0.842221 0.988900 0.861665 0.995834 0.829856 0.834686 0.992191 0.928096 0.870747 0.815720 0.667636 0.932432 0.000000 0.617177 0.671520 0.845960 0.839914 0.892646 0.966304 0.939905 0.728672 0.823074 0.781780 0.734393 0.642649 0.565625 0.744638 0.685647 0.785961 0.804545 0.857180 0.923064 0.975544 0.905579 0.755591 0.810751 0.603359 0.731967 0.691646 0.833861 0.578346 0.732187 0.684130 0.715615 0.712960 0.730942 0.613745 0.628339 0.886044 0.878176 0.853472 0.975139 0.894174 0.895022 0.977459 0.909256 0.839960 0.901154 0.695451 0.918503 0.541342 0.571945 0.928083 0.726271 0.612649 0.648412 0.894800 0.970784 0.854655 0.755179 0.647528 0.825313 0.671711 0.855295 0.782885 0.727400 0.623427 0.856221 0.602474 0.688528 0.910476 0.976246 0.804568 0.697194 0.979497 0.690660 0.876048 0.792723 0.854083 0.870329 0.858715 0.697952 0.737058 0.821635 0.955812 0.960912
0.592960 0.805423 0.734628 0.679076 0.991190 0.969529 0.530946 0.422805 0.981593 0.571625 0.520873 0.578525 0.788120 0.924897 0.750803 0.905626 0.702429 0.615600 0.660619 0.752533 0.961657 0.998325 0.871164 0.791363 0.850450 0.918562 0.881439 0.983592 0.738628 0.653502 0.945320 0.972032 0.617177 0.000000 0.711585 0.807415 0.962050 0.941014 0.882362 0.737565 0.773500 0.954202 0.856504 0.888575 0.787672 0.683793 0.752928 0.711724 0.908005 0.834220 0.834293 0.723733 0.665841 0.651855 0.699544 0.666569 0.894216 0.978194 0.793573 0.796137 0.494931 0.457385 0.576118 0.534125 0.973366 0.695079 0.637774 0.592599 0.962997 0.781067 0.994717 0.945700 0.987970 0.999282 0.993541 0.935231 0.941547 0.849490 0.754128 0.934213 0.612556 0.628467 0.911984 0.809125 0.875929 0.852944 0.889357 0.831107 0.981543 0.817984 0.760374 0.909673 0.784565 0.934530 0.784139 0.880604 0.814698 0.971578 0.545195 0.725927 0.847803 0.948422 0.762717 0.781641 0.986247 0.795477 0.742027 0.960357 0.914698 0.933477 0.813965 0.733940 0.814823 0.874476 0.855231 0.884957
0.625887 0.763541 0.611389 0.600494 0.987598 0.893841 0.642296 0.722804 0.941176 0.849677 0.762585 0.872409 0.968231 0.998416 0.886601 0.739683 0.735126 0.683344 0.727300 0.700395 0.753060 0.917319 0.975117 0.935762 0.859266 0.845417 0.925377 0.914317 0.911455 0.953232 0.876668 0.945120 0.671520 0.711585 0.000000 0.930273 0.828456 0.839519 0.901639 0.811080 0.826763 0.804765 0.758749 0.797956 0.820989 0.719009 0.736679 0.719544 0.899876 0.866777 0.814438 0.833209 0.940801 0.959638 0.821469 0.674878 0.742396 0.771644 0.705513 0.703089 0.731080 0.832590 0.795196 0.773692 0.744632 0.746295 0.631019 0.690587 0.793387 0.673837 0.838598 0.827763 0.882569 0.955019 0.928794 0.886079 0.974938 0.962825 0.700236 0.931745 0.637899 0.620707 0.992073 0.746191 0.738270 0.701597 0.864670 0.899523 0.957218 0.663745 0.706974 0.745885 0.689517 0.796112 0.858080 0.678360 0.616748 0.750055 0.674513 0.685851 0.920669 0.913491 0.735837 0.715828 0.918658 0.713192 0.973106 0.668646 0.825907 0.995818 0.820367 0.895560 0.955842 0.973963 0.896001 0.934617
0.929852 0.920578 0.822579 0.833410 0.930393 0.994209 0.884791 0.891151 0.871291 0.902418 0.961210 0.965960 0.930850 0.995656 0.963884 0.966026 0.963673 0.843455 0.907273 0.987708 0.998679 0.910689 0.925422 0.921987 0.788189 0.826200 0.932440 0.943486 0.960455 0.915892 0.830988 0.727384 0.845960 0.807415 0.930273 0.000000 0.867038 0.966325 0.897995 0.736045 0.990751 0.890820 0.808405 0.895748 0.910348 0.940053 0.836586 0.781533 0.953796 0.985401 0.952804 0.999186 0.989664 0.964249 0.875992 0.893291 0.916223 0.972467 0.989414 0.977710 0.961923 0.986029 0.974177 0.970759 0.759779 0.807471 0.819213 0.721706 0.843392 0.952139 0.895825 0.869009 0.964980 0.985487 0.937544 0.992477 0.887645 0.903735 0.903096 0.896339 0.923043 0.857214 0.980249 0.983090 0.865952 0.847947 0.957804 0.994205 0.937038 0.848085 0.981289 0.963160 0.956648 0.930085 0.811536 0.957341 0.987416 0.962278 0.865221 0.940560 0.919770 0.965365 0.881161 0.937604 0.997804 0.851044 0.862478 0.999879 0.948936 0.973442 0.991936 0.981560 0.936373 0.934154 0.907292 0.968281
0.727946 0.744827 0.731389 0.836456 0.890221 0.952053 0.980155 0.958649 0.987032 0.782642 0.890449 0.943948 0.932193 0.837726 0.975115 0.907993 0.765590 0.780699 0.971605 0.745102 0.713070 0.836022 0.903490 0.820055 0.720501 0.650270 0.968538 0.744699 0.861505 0.837428 0.987413 0.758765 0.839914 0.962050 0.828456 0.867038 0.000000 0.646377 0.851538 0.825313 0.807311 0.773673 0.858159 0.869898 0.875119 0.917295 0.811276 0.875116 0.967556 0.826739 0.760072 0.706711 0.866979 0.865346 0.778959 0.831845 0.650818 0.601461 0.591264 0.659288 0.963922 0.946378 0.974540 0.977277 0.755149 0.904688 0.774991 0.844415 0.728618 0.795153 0.937720 0.939412 0.960857 0.873635 0.902662 0.846427 0.993967 0.852366 0.718671 0.866997 0.845050 0.865179 0.966540 0.829840 0.924879 0.872179 0.992146 0.834161 0.710883 0.667516 0.947978 0.995686 0.903782 0.863435 0.935319 0.852807 0.726366 0.869506 0.895990 0.985923 0.989800 0.841820 0.745163 0.894898 0.788016 0.669883 0.866520 0.767325 0.975448 0.837263 0.936968 0.898446 0.949823 0.999013 0.732436 0.888637
0.850981 0.859331 0.813919 0.877078 0.701684 0.918808 0.928134 0.839626 0.831235 0.721671 0.949360 0.759198 0.823269 0.826377 0.900431 0.869989 0.925193 0.962931 0.839102 0.859723 0.762235 0.790853 0.897555 0.941321 0.684948 0.633835 0.997031 0.707617 0.707744 0.723034 0.763007 0.846667 0.892646 0.941014 0.839519 0.966325 0.646377 0.000000 0.896485 0.890063 0.791887 0.722013 0.787230 0.819242 0.960371 0.913269 0.879388 0.869721 0.852576 0.650327 0.572317 0.597248 0.860903 0.805362 0.884514 0.901310 0.783277 0.801499 0.688072 0.678541 0.743664 0.770906 0.765029 0.805969 0.906986 0.988694 0.757350 0.795978 0.797374 0.968882 0.766546 0.783113 0.948617 0.972253 0.875357 0.979283 0.940992 0.881143 0.987915 0.870012 0.934962 0.941090 0.891697 0.986774 0.976544 0.976207 0.963687 0.924515 0.875082 0.862094 0.897309 0.771143 0.765712 0.707395 0.986568 0.936351 0.776685 0.810648 0.882639 0.879664 0.936336 0.810167 0.848006 0.774615 0.777750 0.690377 0.761046 0.651234 0.941313 0.895446 0.964952 0.972416 0.897886 0.890285 0.820329 0.777044
