0.000000 0.424412 0.813371 0.985531 0.943636 0.978047 0.785501 0.986372 0.737330 0.854054 0.671217 0.560732 0.952000 0.849395 0.803916 0.972432 0.674116 0.634053 0.620170 0.501245 0.918445 0.935921 0.764042 0.971813 0.948599 0.857103 0.976851 0.957880 0.667972 0.904426 0.727080 0.737955 0.946573 0.811647 0.943858 0.929168 0.983134 0.846708 0.929690 0.919367 0.722481 0.744825 0.926168 0.935663 0.864532 0.912312 0.801202 0.859923 0.520899 0.557728 0.578335 0.658970 0.738754 0.989280 0.674704 0.572266 0.542971 0.461265 0.395855 0.393806 0.840958 0.644085 0.783933 0.667762 0.904805 0.987187 0.909469 0.911968 0.480071 0.542165 0.896219 0.872859 0.646027 0.708487 0.959078 0.851833 0.733448 0.962064 0.918382 0.847577 0.596906 0.621814 0.893493 0.790760 0.846357 0.923410 0.804281 0.959322 0.995323 0.660247 0.645157 0.576366 0.657628 0.623324 0.933903 0.911156 0.794956 0.928972 0.999199 0.992857 0.953468 0.864588 0.776273 0.706324 0.960041 0.959303 0.972324 0.980355 0.985471 0.820587 0.952289 0.936104 0.814643 0.989928 0.999661 0.931572
0.424412 0.000000 0.854045 0.817086 0.954431 0.900668 0.813108 0.851013 0.667735 0.983092 0.802217 0.499894 0.927880 0.764368 0.932087 0.847908 0.605534 0.539007 0.606571 0.486676 0.959437 0.980926 0.885525 0.915892 0.996779 0.919687 0.911624 0.949580 0.629336 0.794929 0.944154 0.911876 0.748635 0.629133 0.994197 0.924709 0.885628 0.786882 0.895185 0.967545 0.785070 0.773139 0.904402 0.771901 0.952123 0.741784 0.640403 0.628649 0.572116 0.572620 0.553804 0.627898 0.718297 0.975212 0.616338 0.646093 0.428900 0.336467 0.447157 0.486659 0.785959 0.583302 0.656349 0.501858 0.992243 0.943684 0.978922 0.937945 0.629561 0.476301 0.797066 0.851204 0.713738 0.760685 0.937897 0.844028 0.626493 0.814437 0.705482 0.711497 0.426025 0.530933 0.798349 0.657495 0.849555 0.878844 0.821294 0.981053 0.905246 0.697262 0.710959 0.616428 0.710743 0.647107 0.898567 0.816592 0.704895 0.813169 0.840648 0.925342 0.882296 0.969065 0.685516 0.709420 0.872823 0.916849 0.969184 0.924531 0.994840 0.766848 0.855157 0.977744 0.750995 0.837992 0.927542 0.958841
0.813371 0.854045 0.000000 0.536336 0.734291 0.945382 0.463255 0.868634 0.595987 0.962639 0.936615 0.737220 0.635687 0.989181 0.681352 0.972318 0.924263 0.883637 0.781231 0.867450 0.782353 0.869436 0.545909 0.714556 0.556935 0.515358 0.808446 0.918067 0.859101 0.859583 0.601976 0.734435 0.662754 0.781822 0.659539 0.784203 0.710824 0.896792 0.981679 0.929637 0.837060 0.964816 0.674482 0.758368 0.752562 0.858732 0.693351 0.747884 0.867404 0.893926 0.951419 0.965505 0.970298 0.794082 0.915353 0.860275 0.831277 0.764561 0.945130 0.744858 0.747469 0.847853 0.951687 0.736439 0.412345 0.627749 0.542788 0.577166 0.799044 0.744904 0.898025 0.994240 0.922124 0.922889 0.975919 0.993806 0.911803 0.965811 0.970572 0.972628 0.996506 0.890353 0.864980 0.842792 0.621436 0.598800 0.919890 0.773629 0.822926 0.915830 0.718916 0.778083 0.717754 0.718176 0.942843 0.908017 0.908549 0.997299 0.932882 0.904707 0.854195 0.808920 0.917013 0.918351 0.781248 0.935275 0.832878 0.832785 0.979878 0.852870 0.962727 0.943571 0.806921 0.904754 0.696555 0.924155
0.985531 0.817086 0.536336 0.000000 0.772029 0.771357 0.571588 0.587526 0.802450 0.938365 0.958465 0.841912 0.550609 0.679657 0.630673 0.704773 0.969721 0.946024 0.748044 0.902292 0.880998 0.971155 0.504829 0.545641 0.856686 0.728161 0.900328 0.897950 0.996018 0.962595 0.763680 0.816529 0.601870 0.700475 0.718576 0.871359 0.865930 0.945790 0.996155 0.978752 0.879649 0.971276 0.853808 0.819696 0.780612 0.791702 0.688367 0.646288 0.980203 0.870730 0.734785 0.715302 0.725687 0.666895 0.918307 0.966935 0.987194 0.920804 0.870186 0.944361 0.535840 0.745371 0.808588 0.843695 0.468388 0.444998 0.693409 0.541001 0.815889 0.885432 0.983311 0.913136 0.841995 0.773233 0.895798 0.950309 0.926547 0.834522 0.800510 0.848065 0.708782 0.717110 0.659867 0.751972 0.491155 0.486383 0.924524 0.694309 0.821321 0.751294 0.696900 0.916233 0.856298 0.924541 0.975594 0.860145 0.919367 0.982559 0.728921 0.749183 0.762874 0.676336 0.948384 0.920187 0.689566 0.865621 0.854685 0.952017 0.965155 0.976082 0.866790 0.922528 0.931809 0.932891 0.735493 0.986591
0.943636 0.954431 0.734291 0.772029 0.000000 0.837244 0.595066 0.710921 0.659278 0.938261 0.800535 0.901669 0.644238 0.896138 0.859581 0.906221 0.982256 0.940512 0.871187 0.926591 0.827435 0.826188 0.778577 0.870761 0.938036 0.898021 0.981382 0.967494 0.989203 0.925833 0.954012 0.960428 0.853574 0.769237 0.845421 0.873625 0.972890 0.895624 0.963878 0.915469 0.894247 0.969880 0.937290 0.935063 0.811599 0.984194 0.933276 0.997351 0.846072 0.755085 0.921131 0.894587 0.881402 0.943389 0.852488 0.862175 0.955502 0.857299 0.917591 0.925374 0.638742 0.841185 0.801940 0.954869 0.755599 0.623549 0.685562 0.677886 0.890285 0.831724 0.971236 0.951022 0.986998 0.989562 0.998068 0.898307 0.963573 0.898480 0.943869 0.974487 0.931902 0.926688 0.804382 0.723006 0.695335 0.624577 0.947768 0.764189 0.877243 0.994038 0.726643 0.859285 0.826244 0.847721 0.978016 0.996394 0.955344 0.906228 0.868327 0.803523 0.760396 0.770023 0.994608 0.960780 0.736191 0.925720 0.989622 0.945221 0.970486 0.906813 0.870311 0.979122 0.985013 0.966873 0.874478 0.878328
0.978047 0.900668 0.945382 0.771357 0.837244 0.000000 0.844887 0.728064 0.916646 0.786045 0.926524 0.862695 0.840475 0.893964 0.936595 0.709327 0.982059 0.992210 0.927841 0.970393 0.914738 0.826788 0.793815 0.867799 0.963083 0.890982 0.963709 0.847395 0.963768 0.975939 0.811956 0.953032 0.843756 0.854954 0.827861 0.806128 0.884564 0.992085 0.902389 0.881554 0.944978 0.891316 0.990441 0.942604 0.789613 0.845338 0.943300 0.840656 0.889336 0.935853 0.972980 0.965998 0.994271 0.963875 0.960788 0.986893 0.930296 0.968471 0.910747 0.988367 0.801086 0.804063 0.867594 0.870181 0.872405 0.787216 0.792513 0.779354 0.835906 0.887789 0.847713 0.835001 0.890830 0.751165 0.842652 0.838615 0.884179 0.712954 0.995402 0.908127 0.971916 0.966427 0.872251 0.990252 0.846223 0.823667 0.915744 0.801932 0.989119 0.977217 0.786288 0.911259 0.768706 0.933167 0.811280 0.947087 0.854142 0.896176 0.744693 0.853412 0.788589 0.875469 0.874321 0.979426 0.802987 0.915058 0.964796 0.865066 0.876402 0.932290 0.987129 0.953868 0.959009 0.921414 0.951690 0.911765
0.785501 0.813108 0.463255 0.571588 0.595066 0.844887 0.000000 0.539358 0.457123 0.713431 0.856026 0.960079 0.530908 0.884383 0.615536 0.826852 0.995588 0.965456 0.848752 0.896464 0.938127 0.971232 0.603637 0.875800 0.930487 0.792027 0.988155 0.902894 0.940472 0.943155 0.716970 0.767659 0.622450 0.675250 0.732175 0.842011 0.931139 0.963172 0.916313 0.931981 0.656532 0.853642 0.652395 0.663761 0.509299 0.692060 0.847558 0.759025 0.819798 0.711466 0.841051 0.828196 0.888832 0.960875 0.683174 0.738471 0.851963 0.701856 0.944505 0.727725 0.504392 0.905874 0.828498 0.938943 0.529687 0.509672 0.415883 0.456788 0.671488 0.690677 0.956985 0.972517 0.924404 0.902065 0.868018 0.994806 0.981629 0.977978 0.944646 0.946696 0.994883 0.992519 0.891058 0.939855 0.657421 0.647327 0.919074 0.750566 0.878210 0.919622 0.585778 0.659404 0.672829 0.578841 0.997362 0.871956 0.944398 0.962068 0.696268 0.638304 0.777133 0.611505 0.913073 0.974307 0.739421 0.962286 0.862897 0.965488 0.906130 0.911908 0.792874 0.771481 0.974378 0.960113 0.737217 0.944069
0.986372 0.851013 0.868634 0.587526 0.710921 0.728064 0.539358 0.000000 0.762402 0.557000 0.821466 0.627870 0.556689 0.637891 0.709803 0.625954 0.884107 0.802352 0.903929 0.833780 0.798439 0.892802 0.761265 0.900599 0.679286 0.804533 0.873051 0.913007 0.709396 0.729006 0.952808 0.896372 0.656810 0.597427 0.911926 0.989466 0.979304 0.936281 0.868084 0.888685 0.742248 0.996933 0.824040 0.741020 0.550463 0.596582 0.851618 0.670534 0.960618 0.977787 0.828544 0.844544 0.883391 0.866872 0.913299 0.927432 0.935640 0.944467 0.848773 0.937703 0.398931 0.456584 0.541198 0.570908 0.763146 0.540818 0.637533 0.540720 0.690720 0.938845 0.991631 0.853366 0.854937 0.801270 0.810953 0.970039 0.790874 0.886060 0.764473 0.982539 0.740415 0.947578 0.833457 0.898452 0.760066 0.781355 0.863881 0.818395 0.982202 0.997497 0.598566 0.809492 0.770720 0.762342 0.840560 0.841161 0.769475 0.822159 0.465653 0.532860 0.624667 0.638051 0.806296 0.842943 0.669213 0.842898 0.939400 0.866085 0.925699 0.859875 0.704681 0.673386 0.716546 0.907028 0.736804 0.916925
0.737330 0.667735 0.595987 0.802450 0.659278 0.916646 0.457123 0.762402 0.000000 0.843428 0.970957 0.759243 0.777208 0.885591 0.798984 0.942837 0.748423 0.743853 0.926528 0.701104 0.911964 0.994453 0.750430 0.974657 0.930235 0.799015 0.973730 0.882595 0.853940 0.826047 0.855064 0.969405 0.894943 0.982685 0.723177 0.876364 0.901752 0.978648 0.952151 0.971041 0.779461 0.801594 0.803970 0.921420 0.674244 0.860760 0.948518 0.992129 0.890379 0.786785 0.816164 0.893436 0.964948 0.892516 0.717121 0.893187 0.717518 0.613397 0.839132 0.761540 0.769263 0.954409 0.873283 0.699507 0.637280 0.695504 0.595163 0.663967 0.725488 0.544058 0.913058 0.765727 0.823305 0.869412 0.982334 0.959439 0.918776 0.933715 0.767157 0.718265 0.741355 0.781495 0.941154 0.959797 0.770123 0.803896 0.905202 0.853261 0.823961 0.940637 0.544805 0.521020 0.555500 0.537227 0.996186 0.922650 0.907534 0.963800 0.811598 0.820651 0.859218 0.749735 0.758831 0.988477 0.852754 0.918897 0.891213 0.998186 0.937199 0.682752 0.934994 0.973127 0.990901 0.909427 0.882960 0.923720
0.854054 0.983092 0.962639 0.938365 0.938261 0.786045 0.713431 0.557000 0.843428 0.000000 0.796747 0.874699 0.908519 0.975056 0.956959 0.903846 0.795958 0.842981 0.998767 0.899844 0.704895 0.982847 0.936322 0.797429 0.824533 0.802771 0.764415 0.835324 0.657617 0.616511 0.774144 0.800034 0.710471 0.703171 0.978664 0.962459 0.928783 0.848168 0.963733 0.963433 0.795771 0.979029 0.635087 0.558519 0.469995 0.499817 0.846532 0.711952 0.844974 0.996468 0.993152 0.911075 0.949913 0.939707 0.959437 0.879874 0.887078 0.967116 0.984844 0.906804 0.804791 0.813497 0.794443 0.831115 0.953390 0.997669 0.785420 0.816392 0.781435 0.978598 0.841711 0.719919 0.947652 0.986028 0.856926 0.940037 0.907637 0.868451 0.955034 0.976925 0.985017 0.822422 0.890160 0.923963 0.787125 0.767779 0.997787 0.982602 0.804887 0.762903 0.819229 0.808236 0.814666 0.746459 0.832808 0.862560 0.842698 0.754507 0.589869 0.695443 0.730616 0.734409 0.782140 0.790548 0.975673 0.998526 0.840086 0.935285 0.961526 0.916188 0.791612 0.688326 0.790209 0.792181 0.966568 0.889270
0.671217 0.802217 0.936615 0.958465 0.800535 0.926524 0.856026 0.821466 0.970957 0.796747 0.000000 0.694640 0.853068 0.997576 0.860011 0.904076 0.546290 0.606408 0.663641 0.636994 0.899955 0.967517 0.688448 0.723973 0.749020 0.823958 0.804998 0.815232 0.535816 0.637204 0.937172 0.937533 0.823278 0.730145 0.839434 0.881829 0.911265 0.987123 0.909376 0.958953 0.992979 0.877099 0.959910 0.823696 0.832451 0.820467 0.926442 0.944377 0.793932 0.958255 0.927055 0.918950 0.938684 0.879445 0.993451 0.930130 0.635465 0.801469 0.707637 0.831728 0.771143 0.848049 0.638950 0.789480 0.762080 0.890877 0.971430 0.956301 0.832350 0.771096 0.900600 0.915906 0.665485 0.702335 0.937134 0.861099 0.927364 0.992734 0.857026 0.843336 0.832740 0.904227 0.886340 0.941542 0.868548 0.866765 0.792460 0.886193 0.846681 0.848032 0.737101 0.797421 0.829883 0.898535 0.983886 0.862287 0.916507 0.965006 0.903808 0.853178 0.910035 0.923989 0.921106 0.724424 0.918706 0.834271 0.882395 0.897328 0.983299 0.878885 0.938460 0.980630 0.935595 0.920318 0.943376 0.937351
0.560732 0.499894 0.737220 0.841912 0.901669 0.862695 0.960079 0.627870 0.759243 0.874699 0.694640 0.000000 0.664852 0.471723 0.852567 0.616240 0.554007 0.520362 0.666304 0.473275 0.940122 0.952967 0.949064 0.907571 0.625496 0.644072 0.851987 0.885229 0.481216 0.582672 0.780309 0.951865 0.786090 0.604172 0.848527 0.869755 0.881342 0.927960 0.920830 0.933757 0.935911 0.869448 0.945050 0.856048 0.913207 0.730581 0.853867 0.790954 0.808521 0.801933 0.637027 0.783072 0.864774 0.944946 0.860345 0.857601 0.583084 0.542173 0.592228 0.596958 0.525884 0.388068 0.462613 0.336215 0.910802 0.789214 0.977676 0.879844 0.806734 0.634902 0.982311 0.845792 0.808475 0.859608 0.895593 0.790310 0.685079 0.835327 0.707412 0.735354 0.503707 0.609831 0.716822 0.812988 0.847073 0.874461 0.913227 0.898086 0.850349 0.913044 0.839936 0.627057 0.681215 0.667099 0.935722 0.825698 0.803713 0.818595 0.807957 0.789969 0.826159 0.924176 0.700487 0.758389 0.902426 0.972073 0.992196 0.939245 0.969367 0.735294 0.751188 0.825572 0.692248 0.775284 0.936530 0.895687
0.952000 0.927880 0.635687 0.550609 0.644238 0.840475 0.530908 0.556689 0.777208 0.908519 0.853068 0.664852 0.000000 0.456917 0.494797 0.558797 0.814116 0.859232 0.666423 0.797431 0.929158 0.979021 0.583062 0.653155 0.934760 0.964903 0.902432 0.977418 0.749859 0.812083 0.921564 0.854962 0.649819 0.621064 0.893320 0.974682 0.991318 0.925807 0.810874 0.950858 0.814218 0.933365 0.954841 0.863449 0.796656 0.839217 0.835164 0.811618 0.895055 0.936000 0.774925 0.897505 0.854830 0.798676 0.890390 0.835924 0.981252 0.956418 0.900277 0.994684 0.365889 0.678488 0.639770 0.752946 0.575548 0.496412 0.685961 0.584008 0.742443 0.919097 0.896430 0.987789 0.875650 0.904677 0.890291 0.901273 0.889224 0.926339 0.835024 0.934138 0.761169 0.794487 0.693267 0.899603 0.535146 0.584957 0.823464 0.743967 0.907363 0.960933 0.778141 0.943105 0.970654 0.993255 0.895589 0.973282 0.966580 0.951853 0.790944 0.769435 0.798191 0.790329 0.927035 0.949605 0.763767 0.912608 0.915212 0.949593 0.945612 0.989267 0.803464 0.806122 0.914193 0.964393 0.750288 0.932588
0.849395 0.764368 0.989181 0.679657 0.896138 0.893964 0.884383 0.637891 0.885591 0.975056 0.997576 0.471723 0.456917 0.000000 0.524806 0.458214 0.744447 0.733849 0.741710 0.663320 0.948983 0.963935 0.713593 0.673248 0.794831 0.778877 0.903516 0.932626 0.670745 0.726567 0.906128 0.930395 0.757264 0.702035 0.927153 0.904386 0.782925 0.944876 0.707123 0.980166 0.844714 0.938664 0.878965 0.959507 0.999711 0.879397 0.936604 0.815897 0.919801 0.909398 0.654157 0.772776 0.807487 0.813051 0.976752 0.909881 0.923299 0.834846 0.794049 0.790338 0.503160 0.583253 0.609762 0.536416 0.800322 0.618992 0.983122 0.845960 0.872217 0.858666 0.847679 0.907955 0.927681 0.915024 0.865310 0.846506 0.843780 0.891038 0.740676 0.797146 0.653773 0.736726 0.661579 0.944111 0.672809 0.710137 0.763505 0.874498 0.963561 0.934407 0.974046 0.703229 0.756328 0.726395 0.965003 0.941623 0.944969 0.983379 0.894390 0.819463 0.915174 0.918067 0.814381 0.984545 0.841911 0.912638 0.900955 0.913040 0.967858 0.891730 0.751597 0.834440 0.876428 0.900962 0.814995 0.977808
0.803916 0.932087 0.681352 0.630673 0.859581 0.936595 0.615536 0.709803 0.798984 0.956959 0.860011 0.852567 0.494797 0.524806 0.000000 0.521543 0.906329 0.899654 0.809261 0.935252 0.961155 0.979800 0.467494 0.652362 0.909178 0.896990 0.810212 0.944397 0.870411 0.881476 0.754730 0.650247 0.609548 0.705482 0.792755 0.961465 0.968975 0.951324 0.765057 0.868057 0.696791 0.842609 0.846754 0.828511 0.781015 0.858067 0.871252 0.781525 0.707763 0.777749 0.969303 0.943132 0.921892 0.913487 0.808054 0.708123 0.895669 0.891359 0.896593 0.810057 0.603648 0.861482 0.833837 0.885119 0.545381 0.533429 0.671569 0.595598 0.684972 0.863918 0.973482 0.826536 0.877041 0.894661 0.889146 0.992077 0.888326 0.967291 0.777924 0.927032 0.905556 0.866776 0.689954 0.919525 0.601545 0.596160 0.773796 0.801818 0.926727 0.964480 0.762299 0.960743 0.910838 0.918454 0.990591 0.942191 0.985340 0.977733 0.862989 0.720914 0.858597 0.814059 0.966000 0.925776 0.791984 0.890357 0.863954 0.904335 0.946616 0.951172 0.826288 0.769415 0.955118 0.970734 0.677840 0.894724
0.972432 0.847908 0.972318 0.704773 0.906221 0.709327 0.826852 0.625954 0.942837 0.903846 0.904076 0.616240 0.558797 0.458214 0.521543 0.000000 0.878250 0.792407 0.765095 0.777857 0.918683 0.884743 0.572336 0.612967 0.935167 0.993207 0.932292 0.983533 0.736235 0.788705 0.843571 0.762393 0.692338 0.661622 0.958162 0.981357 0.938973 0.983246 0.812887 0.985351 0.813086 0.853295 0.956078 0.867912 0.823343 0.790404 0.913849 0.782405 0.830258 0.899668 0.879346 0.952024 0.995277 0.948814 0.954104 0.739554 0.882264 0.931312 0.959902 0.986301 0.590624 0.655291 0.640457 0.586352 0.734443 0.587398 0.784151 0.638532 0.759264 0.943547 0.901994 0.735941 0.878016 0.800606 0.904668 0.877500 0.805741 0.821511 0.660106 0.861304 0.714802 0.734070 0.592210 0.964431 0.674966 0.673502 0.770683 0.707322 0.942374 0.996534 0.862198 0.912910 0.949319 0.917416 0.962689 0.914579 0.925407 0.852918 0.804745 0.782870 0.752847 0.878860 0.839003 0.938209 0.793924 0.836198 0.967748 0.976145 0.960648 0.856617 0.710727 0.776101 0.913406 0.902870 0.757948 0.967369
0.674116 0.605534 0.924263 0.969721 0.982256 0.982059 0.995588 0.884107 0.748423 0.795958 0.546290 0.554007 0.814116 0.744447 0.906329 0.878250 0.000000 0.357009 0.488249 0.443452 0.978920 0.913858 0.828861 0.875627 0.889825 0.823302 0.864464 0.822246 0.391528 0.435293 0.892186 0.774016 0.601005 0.557587 0.896574 0.900765 0.947024 0.891976 0.997968 0.944691 0.992555 0.769623 0.794194 0.633947 0.797079 0.685416 0.649669 0.668533 0.828547 0.881240 0.838309 0.952282 0.941666 0.886099 0.882766 0.996567 0.445321 0.540643 0.645691 0.832840 0.753870 0.796536 0.523111 0.551236 0.873729 0.948344 0.993957 0.892604 0.779747 0.502650 0.844218 0.785319 0.577110 0.602683 0.881565 0.819523 0.793997 0.900123 0.632562 0.582323 0.537793 0.628647 0.822228 0.821194 0.952285 0.965062 0.910700 0.955066 0.691931 0.946318 0.602663 0.572613 0.634855 0.689208 0.923465 0.808985 0.830652 0.853224 0.912452 0.917905 0.894206 0.927789 0.685788 0.651973 0.994976 0.889608 0.908909 0.791352 0.963135 0.712804 0.748609 0.805795 0.865431 0.776597 0.963754 0.902647
0.634053 0.539007 0.883637 0.946024 0.940512 0.992210 0.965456 0.802352 0.743853 0.842981 0.606408 0.520362 0.859232 0.733849 0.899654 0.792407 0.357009 0.000000 0.511456 0.425546 0.998947 0.946442 0.899414 0.919367 0.829386 0.807669 0.886627 0.785706 0.413546 0.442873 0.895094 0.756699 0.619392 0.501014 0.875237 0.926217 0.990646 0.845058 0.968398 0.988204 0.976605 0.767150 0.800932 0.630339 0.792811 0.687921 0.691509 0.657377 0.892080 0.920852 0.889585 0.962985 0.881838 0.791068 0.897414 0.935962 0.406296 0.505327 0.677335 0.796744 0.750889 0.715104 0.471927 0.449983 0.894140 0.977322 0.964828 0.829926 0.745599 0.431303 0.767482 0.719352 0.534214 0.595412 0.877361 0.822388 0.717118 0.817928 0.544144 0.560504 0.447825 0.557162 0.717693 0.720990 0.987954 0.955759 0.957791 0.970287 0.679561 0.985797 0.643198 0.544949 0.636016 0.656052 0.833951 0.829468 0.698986 0.725467 0.872862 0.852646 0.830100 0.996831 0.658118 0.670460 0.916080 0.967512 0.986975 0.861125 0.926789 0.611347 0.640263 0.814364 0.852224 0.792679 0.883158 0.945628
0.620170 0.606571 0.781231 0.748044 0.871187 0.927841 0.848752 0.903929 0.926528 0.998767 0.663641 0.666304 0.666423 0.741710 0.809261 0.765095 0.488249 0.511456 0.000000 0.522851 0.856777 0.943924 0.841572 0.817828 0.869879 0.858079 0.912616 0.915647 0.575336 0.663949 0.770370 0.780938 0.562299 0.538012 0.977903 0.983730 0.917289 0.817338 0.987049 0.980372 0.964919 0.907865 0.787271 0.685696 0.807197 0.737422 0.588759 0.644688 0.848856 0.852844 0.788755 0.956459 0.929764 0.946157 0.843702 0.994782 0.547338 0.653246 0.672950 0.824789 0.671813 0.855790 0.632246 0.722188 0.806457 0.839638 0.853376 0.784261 0.768040 0.599446 0.887938 0.870753 0.673148 0.673453 0.922736 0.775882 0.820638 0.876232 0.718876 0.600408 0.562811 0.524287 0.710723 0.722318 0.750170 0.741587 0.861964 0.868544 0.922215 0.909796 0.728843 0.655896 0.710306 0.752671 0.986864 0.854702 0.869200 0.819775 0.992991 0.903642 0.800816 0.935475 0.766391 0.776783 0.886837 0.984093 0.903658 0.785802 0.993864 0.882061 0.746284 0.947714 0.958918 0.938644 0.921266 0.969528
0.501245 0.486676 0.867450 0.902292 0.926591 0.970393 0.896464 0.833780 0.701104 0.899844 0.636994 0.473275 0.797431 0.663320 0.935252 0.777857 0.443452 0.425546 0.522851 0.000000 0.987293 0.995189 0.936966 0.917864 0.896255 0.787262 0.903120 0.848953 0.461453 0.582872 0.949891 0.862274 0.654711 0.608602 0.967047 0.850748 0.975091 0.868795 0.960078 0.998441 0.929314 0.752334 0.931831 0.781590 0.963721 0.773401 0.770356 0.731850 0.705549 0.691054 0.641679 0.811658 0.885024 0.990311 0.789193 0.848044 0.475576 0.454328 0.571768 0.577105 0.728614 0.647620 0.571416 0.505424 0.898396 0.980247 0.983013 0.915383 0.685356 0.459226 0.928379 0.828168 0.621320 0.708227 0.944160 0.807404 0.736260 0.819315 0.687770 0.629188 0.487837 0.579726 0.808069 0.770920 0.905588 0.932958 0.787381 0.976096 0.783946 0.862148 0.650877 0.546804 0.602117 0.575236 0.944281 0.899997 0.835841 0.885300 0.942832 0.901508 0.741809 0.919476 0.634869 0.747090 0.840031 0.972522 0.937817 0.926304 0.912452 0.748165 0.727889 0.923491 0.905683 0.796531 0.889492 0.921579
0.918445 0.959437 0.782353 0.880998 0.827435 0.914738 0.938127 0.798439 0.911964 0.704895 0.899955 0.940122 0.929158 0.948983 0.961155 0.918683 0.978920 0.998947 0.856777 0.987293 0.000000 0.935589 0.978478 0.971941 0.844360 0.733465 0.962915 0.877208 0.989765 0.967028 0.996881 0.996383 0.956304 0.992259 0.886045 0.899684 0.912823 0.933225 0.801870 0.949677 0.894821 0.912779 0.900999 0.940183 0.829234 0.806617 0.989139 0.853820 0.854232 0.910538 0.933248 0.953475 0.912738 0.942053 0.988981 0.924075 0.973912 0.946568 0.998440 0.942345 0.984382 0.871697 0.987314 0.875857 0.900501 0.927496 0.955783 0.938605 0.855236 0.972404 0.914933 0.869962 0.845657 0.884119 0.817106 0.830231 0.987423 0.987508 0.966178 0.918663 0.999071 0.880490 0.968109 0.950197 0.906921 0.820191 0.889475 0.989131 0.897343 0.986570 0.799691 0.854764 0.903794 0.936582 0.903223 0.871630 0.842694 0.934531 0.743755 0.834420 0.997751 0.860933 0.806167 0.864280 0.974804 0.849790 0.987757 0.873606 0.932635 0.912686 0.897880 0.727036 0.837985 0.865139 0.961991 0.942882
0.935921 0.980926 0.869436 0.971155 0.826188 0.826788 0.971232 0.892802 0.994453 0.982847 0.967517 0.952967 0.979021 0.963935 0.979800 0.884743 0.913858 0.946442 0.943924 0.995189 0.935589 0.000000 0.914554 0.995623 0.908153 0.993917 0.973629 0.983198 0.896214 0.939893 0.899234 0.957815 0.971685 0.916376 0.926241 0.989127 0.888842 0.774331 0.952363 0.756282 0.934118 0.925290 0.930320 0.961627 0.978116 0.944557 0.798900 0.983497 0.995305 0.896546 0.940347 0.950723 0.861714 0.933889 0.988142 0.993987 0.984672 0.977943 0.922830 0.987728 0.896380 0.859374 0.991646 0.966247 0.962300 0.841926 0.948654 0.998583 0.953626 0.990776 0.993040 0.973698 0.963426 0.878458 0.851142 0.836177 0.998671 0.993592 0.971659 0.945611 0.986383 0.980045 0.977756 0.990909 0.885280 0.847069 0.855880 0.908367 0.921883 0.945348 0.844179 0.933874 0.958389 0.967241 0.986743 0.932751 0.944085 0.963059 0.908267 0.889751 0.915803 0.832891 0.963839 0.924552 0.824164 0.859732 0.911799 0.936676 0.982271 0.908363 0.982116 0.968502 0.999687 0.924598 0.938858 0.982678
0.764042 0.885525 0.545909 0.504829 0.778577 0.793815 0.603637 0.761265 0.750430 0.936322 0.688448 0.949064 0.583062 0.713593 0.467494 0.572336 0.828861 0.899414 0.841572 0.936966 0.978478 0.914554 0.000000 0.438077 0.718804 0.616556 0.722405 0.910229 0.806561 0.841865 0.688719 0.701795 0.674522 0.809127 0.716710 0.749108 0.818435 0.994358 0.829997 0.938762 0.721168 0.802542 0.887019 0.946038 0.815118 0.937044 0.894828 0.778265 0.772300 0.823240 0.984742 0.973984 0.958046 0.809499 0.875051 0.805601 0.800177 0.816216 0.804880 0.816850 0.687133 0.948383 0.991254 0.957681 0.382906 0.445968 0.614319 0.530664 0.707852 0.758108 0.935420 0.843602 0.747022 0.722124 0.878183 0.995869 0.934299 0.855891 0.906386 0.979824 0.914545 0.820650 0.599638 0.925187 0.424369 0.444768 0.815944 0.578884 0.832758 0.823456 0.602028 0.814584 0.764048 0.873271 0.980046 0.991301 0.950267 0.959235 0.860844 0.739466 0.749721 0.790771 0.962504 0.765935 0.643420 0.787894 0.850895 0.952362 0.983131 0.931674 0.840381 0.848374 0.894231 0.984466 0.681728 0.997587
0.971813 0.915892 0.714556 0.545641 0.870761 0.867799 0.875800 0.900599 0.974657 0.797429 0.723973 0.907571 0.653155 0.673248 0.652362 0.612967 0.875627 0.919367 0.817828 0.917864 0.971941 0.995623 0.438077 0.000000 0.732427 0.755228 0.680006 0.883977 0.853498 0.809404 0.866664 0.844359 0.835935 0.890835 0.881493 0.775706 0.902766 0.926552 0.842562 0.994015 0.964334 0.899455 0.944744 0.932507 0.924155 0.963375 0.854556 0.853307 0.920766 0.916310 0.798338 0.784978 0.791292 0.808388 0.908313 0.973151 0.955143 0.955782 0.982296 0.914503 0.784077 0.875046 0.991948 0.942825 0.571516 0.592075 0.884993 0.764074 0.935150 0.901392 0.960868 0.887741 0.769533 0.745759 0.962190 0.892576 0.968879 0.908949 0.886340 0.855095 0.796348 0.684968 0.620627 0.831651 0.457784 0.484802 0.842906 0.545767 0.742967 0.700375 0.790408 0.993629 0.927186 0.944151 0.891846 0.996511 0.971133 0.897566 0.938657 0.909525 0.799209 0.921857 0.865643 0.784708 0.751166 0.757864 0.880763 0.964217 0.976768 0.981419 0.913452 0.986921 0.974261 0.930825 0.823509 0.844181
0.948599 0.996779 0.556935 0.856686 0.938036 0.963083 0.930487 0.679286 0.930235 0.824533 0.749020 0.625496 0.934760 0.794831 0.909178 0.935167 0.889825 0.829386 0.869879 0.896255 0.844360 0.908153 0.718804 0.732427 0.000000 0.452179 0.684862 0.903562 0.739687 0.686539 0.644376 0.855997 0.867355 0.990943 0.717350 0.846684 0.664395 0.834591 0.938170 0.878969 0.940812 0.991988 0.722848 0.854811 0.997138 0.996114 0.754865 0.816055 0.965485 0.940121 0.936767 0.986102 0.966153 0.901546 0.866311 0.984708 0.995582 0.950430 0.946674 0.879079 0.801423 0.649164 0.663380 0.619005 0.595301 0.948177 0.767860 0.882737 0.915101 0.959457 0.723662 0.907043 0.941857 0.975327 0.876165 0.913841 0.912139 0.952763 0.985129 0.995243 0.944231 0.866408 0.962508 0.952189 0.758729 0.760122 0.791165 0.876450 0.869881 0.837914 0.987092 0.927744 0.850055 0.957128 0.990740 0.927033 0.988165 0.955804 0.817198 0.846148 0.963727 0.951226 0.929790 0.914738 0.965298 0.980171 0.856712 0.780573 0.952248 0.875569 0.945770 0.924752 0.745573 0.984738 0.842425 0.801664
0.857103 0.919687 0.515358 0.728161 0.898021 0.890982 0.792027 0.804533 0.799015 0.802771 0.823958 0.644072 0.964903 0.778877 0.896990 0.993207 0.823302 0.807669 0.858079 0.787262 0.733465 0.993917 0.616556 0.755228 0.452179 0.000000 0.749120 0.839303 0.692641 0.664156 0.566507 0.835125 0.813842 0.974593 0.735773 0.820062 0.637414 0.928487 0.835949 0.941373 0.964143 0.929985 0.787501 0.921398 0.952230 0.930197 0.771237 0.873490 0.942054 0.912922 0.850134 0.975075 0.986772 0.903923 0.969953 0.984504 0.911950 0.868398 0.810365 0.774608 0.902620 0.671691 0.730256 0.650896 0.552028 0.797547 0.699636 0.737788 0.977535 0.816507 0.739206 0.950462 0.963981 0.958125 0.949263 0.901207 0.815077 0.917926 0.999239 0.958138 0.972690 0.844465 0.855667 0.883115 0.694886 0.615556 0.862409 0.790354 0.853905 0.795599 0.872164 0.794883 0.787496 0.864579 0.946517 0.966351 0.903091 0.964422 0.934586 0.977456 0.989668 0.928246 0.789293 0.837826 0.907018 0.855431 0.970617 0.835388 0.989439 0.815851 0.906774 0.927756 0.760630 0.921112 0.824402 0.942353
0.976851 0.911624 0.808446 0.900328 0.981382 0.963709 0.988155 0.873051 0.973730 0.764415 0.804998 0.851987 0.902432 0.903516 0.810212 0.932292 0.864464 0.886627 0.912616 0.903120 0.962915 0.973629 0.722405 0.680006 0.684862 0.749120 0.000000 0.843244 0.750452 0.885548 0.886168 0.890326 0.949298 0.969915 0.971978 0.896212 0.984031 0.937090 0.960417 0.972878 0.959334 0.971151 0.945222 0.871738 0.858131 0.839116 0.934003 0.991049 0.854359 0.995045 0.943698 0.993907 0.999854 0.965283 0.989618 0.916565 0.913341 0.939309 0.878569 0.941018 0.910913 0.841996 0.831267 0.837516 0.805400 0.925035 0.955910 0.934020 0.977406 0.918792 0.938535 0.913002 0.803417 0.882293 0.974022 0.946997 0.831795 0.879851 0.901877 0.930643 0.957998 0.906824 0.920115 0.953454 0.768156 0.737143 0.949424 0.751165 0.901883 0.940771 0.947785 0.956489 0.985893 0.995432 0.981071 0.966423 0.801520 0.830221 0.888458 0.985479 0.996271 0.912760 0.957923 0.940800 0.902166 0.842908 0.973290 0.808584 0.924407 0.961910 0.992103 0.966609 0.854025 0.973664 0.934301 0.896023
0.957880 0.949580 0.918067 0.897950 0.967494 0.847395 0.902894 0.913007 0.882595 0.835324 0.815232 0.885229 0.977418 0.932626 0.944397 0.983533 0.822246 0.785706 0.915647 0.848953 0.877208 0.983198 0.910229 0.883977 0.903562 0.839303 0.843244 0.000000 0.845292 0.845969 0.970282 0.856287 0.897583 0.861445 0.912283 0.947205 0.973564 0.920535 0.937816 0.836643 0.907526 0.995172 0.748852 0.772303 0.751268 0.785640 0.991314 0.916401 0.985355 0.902432 0.881009 0.800725 0.852325 0.708993 0.875112 0.963554 0.793250 0.918328 0.921151 0.976600 0.911065 0.932098 0.903407 0.886837 0.903313 0.969363 0.913320 0.871242 0.791790 0.906827 0.912033 0.925888 0.804548 0.870740 0.950893 0.959316 0.950490 0.937318 0.894705 0.969106 0.914249 0.893662 0.984685 0.970729 0.932933 0.909945 0.958347 0.990071 0.778579 0.916282 0.938040 0.996398 0.946161 0.944410 0.982473 0.972418 0.992335 0.906258 0.970653 0.890141 0.985644 0.967892 0.936636 0.795421 0.935842 0.955329 0.980109 0.954999 0.924228 0.991313 0.768321 0.920863 0.849880 0.824713 0.950424 0.998511
0.667972 0.629336 0.859101 0.996018 0.989203 0.963768 0.940472 0.709396 0.853940 0.657617 0.535816 0.481216 0.749859 0.670745 0.870411 0.736235 0.391528 0.413546 0.575336 0.461453 0.989765 0.896214 0.806561 0.853498 0.739687 0.692641 0.750452 0.845292 0.000000 0.403324 0.946671 0.829447 0.615459 0.540174 0.841207 0.762863 0.941565 0.883845 0.899445 0.988389 0.925075 0.831553 0.821158 0.637812 0.747532 0.587083 0.715240 0.710766 0.834061 0.868703 0.799988 0.982382 0.970182 0.949448 0.929400 0.994835 0.520692 0.631605 0.658173 0.777644 0.675903 0.674563 0.455552 0.483432 0.836096 0.971268 0.953979 0.879789 0.906415 0.565306 0.966467 0.817089 0.626087 0.652706 0.945156 0.822301 0.677546 0.943657 0.695041 0.696115 0.576107 0.749588 0.899887 0.930327 0.895733 0.880374 0.939603 0.910320 0.729111 0.865864 0.690234 0.657490 0.703624 0.779711 0.907580 0.830502 0.815374 0.813388 0.828475 0.843573 0.781787 0.969423 0.706477 0.664807 0.997867 0.961120 0.951182 0.919260 0.966014 0.696827 0.716798 0.773032 0.823638 0.814653 0.934820 0.919898
0.904426 0.794929 0.859583 0.962595 0.925833 0.975939 0.943155 0.729006 0.826047 0.616511 0.637204 0.582672 0.812083 0.726567 0.881476 0.788705 0.435293 0.442873 0.663949 0.582872 0.967028 0.939893 0.841865 0.809404 0.686539 0.664156 0.885548 0.845969 0.403324 0.000000 0.864804 0.731696 0.671504 0.532042 0.800425 0.817541 0.917039 0.958272 0.974287 0.965929 0.928312 0.881149 0.832670 0.664188 0.712834 0.644619 0.815904 0.790285 0.973097 0.943825 0.998039 0.814881 0.818531 0.839210 0.949946 0.823201 0.603115 0.749839 0.868778 0.997508 0.747883 0.789615 0.475478 0.530822 0.741116 0.888430 0.972365 0.905255 0.959256 0.652556 0.894602 0.733191 0.746766 0.728729 0.918436 0.845222 0.823485 0.882008 0.728230 0.682071 0.683856 0.836844 0.918045 0.908110 0.768739 0.806073 0.964367 0.953461 0.642080 0.704433 0.731071 0.659367 0.708905 0.808653 0.809195 0.820008 0.830867 0.735484 0.840388 0.957565 0.831527 0.967701 0.675109 0.746390 0.989451 0.891578 0.983017 0.890143 0.933022 0.639470 0.660129 0.803082 0.780930 0.786871 0.982221 0.824443
0.727080 0.944154 0.601976 0.763680 0.954012 0.811956 0.716970 0.952808 0.855064 0.774144 0.937172 0.780309 0.921564 0.906128 0.754730 0.843571 0.892186 0.895094 0.770370 0.949891 0.996881 0.899234 0.688719 0.866664 0.644376 0.566507 0.886168 0.970282 0.946671 0.864804 0.000000 0.546698 0.589000 0.704450 0.801705 0.893377 0.677391 0.842211 0.961787 0.978645 0.845578 0.844231 0.517903 0.611572 0.600846 0.739341 0.659878 0.639182 0.881644 0.791919 0.750803 0.741052 0.785489 0.986359 0.951442 0.714310 0.866483 0.955924 0.729186 0.649287 0.994863 0.742032 0.958503 0.899702 0.745224 0.929168 0.674378 0.651337 0.760033 0.951491 0.624682 0.671909 0.976954 0.975978 0.918387 0.931518 0.998999 0.849872 0.844969 0.819971 0.921257 0.864045 0.873378 0.919166 0.951760 0.857791 0.969410 0.813052 0.870042 0.915174 0.926131 0.874302 0.840799 0.851637 0.840158 0.855843 0.909426 0.800539 0.887595 0.915885 0.869140 0.842587 0.974790 0.965689 0.981977 0.884495 0.911631 0.864098 0.905934 0.973277 0.818703 0.873825 0.818921 0.960583 0.803761 0.964156
0.737955 0.911876 0.734435 0.816529 0.960428 0.953032 0.767659 0.896372 0.969405 0.800034 0.937533 0.951865 0.854962 0.930395 0.650247 0.762393 0.774016 0.756699 0.780938 0.862274 0.996383 0.957815 0.701795 0.844359 0.855997 0.835125 0.890326 0.856287 0.829447 0.731696 0.546698 0.000000 0.555277 0.720649 0.880312 0.978522 0.828845 0.928346 0.960666 0.955727 0.802599 0.947919 0.692769 0.713576 0.691837 0.774447 0.771833 0.736433 0.764410 0.782730 0.808008 0.741407 0.734204 0.910202 0.984999 0.734645 0.882821 0.987987 0.744163 0.700607 0.906263 0.884574 0.818629 0.905112 0.827622 0.892138 0.822573 0.704464 0.852718 0.949111 0.752455 0.621516 0.928738 0.954589 0.914040 0.977989 0.998899 0.849744 0.678854 0.655286 0.786283 0.786074 0.742108 0.834553 0.932320 0.839866 0.981415 0.786121 0.816299 0.865156 0.983628 0.959938 0.965591 0.949509 0.868242 0.963653 0.988937 0.786536 0.960928 0.914463 0.848624 0.860058 0.879014 0.894634 0.858856 0.820159 0.884892 0.880559 0.910972 0.868250 0.749333 0.847395 0.788178 0.871994 0.834444 0.948217
0.946573 0.748635 0.662754 0.601870 0.853574 0.843756 0.622450 0.656810 0.894943 0.710471 0.823278 0.786090 0.649819 0.757264 0.609548 0.692338 0.601005 0.619392 0.562299 0.654711 0.956304 0.971685 0.674522 0.835935 0.867355 0.813842 0.949298 0.897583 0.615459 0.671504 0.589000 0.555277 0.000000 0.475139 0.761850 0.945326 0.779300 0.956487 0.974893 0.952522 0.796212 0.880230 0.611952 0.540248 0.584610 0.607251 0.584224 0.545337 0.981958 0.997450 0.893486 0.972853 0.977182 0.905781 0.965826 0.898882 0.688286 0.782226 0.812607 0.968392 0.612797 0.827026 0.625864 0.718485 0.680649 0.696199 0.620398 0.512557 0.910913 0.844021 0.807495 0.724764 0.854121 0.949466 0.909450 0.860295 0.751853 0.825074 0.709401 0.668784 0.596334 0.684837 0.715393 0.806679 0.721376 0.731252 0.887250 0.815494 0.864829 0.927190 0.970429 0.947159 0.978787 0.984546 0.827206 0.849485 0.952093 0.829523 0.697430 0.681818 0.746190 0.795687 0.840497 0.852557 0.714969 0.922470 0.851175 0.858292 0.925789 0.868741 0.762401 0.801221 0.977629 0.860087 0.707188 0.916340
0.811647 0.629133 0.781822 0.700475 0.769237 0.854954 0.675250 0.597427 0.982685 0.703171 0.730145 0.604172 0.621064 0.702035 0.705482 0.661622 0.557587 0.501014 0.538012 0.608602 0.992259 0.916376 0.809127 0.890835 0.990943 0.974593 0.969915 0.861445 0.540174 0.532042 0.704450 0.720649 0.475139 0.000000 0.869801 0.980527 0.796131 0.797382 0.964094 0.959654 0.868417 0.903310 0.594752 0.494220 0.573121 0.546109 0.580139 0.531277 0.948334 0.975703 0.911411 0.947725 0.919727 0.918464 0.988111 0.916700 0.583178 0.734560 0.785700 0.927540 0.565909 0.688164 0.519873 0.582851 0.805044 0.722857 0.658628 0.553623 0.979383 0.769593 0.735918 0.685071 0.750681 0.760781 0.864548 0.837343 0.669617 0.754636 0.641720 0.727844 0.554010 0.635279 0.723982 0.755244 0.807498 0.766984 0.998664 0.834452 0.782328 0.941501 0.979485 0.831215 0.907267 0.955325 0.835291 0.733893 0.788482 0.738149 0.678956 0.699957 0.718774 0.905438 0.704944 0.780938 0.764101 0.915119 0.961056 0.838106 0.956026 0.701160 0.678235 0.668747 0.835653 0.840600 0.690787 0.990609
0.943858 0.994197 0.659539 0.718576 0.845421 0.827861 0.732175 0.911926 0.723177 0.978664 0.839434 0.848527 0.893320 0.927153 0.792755 0.958162 0.896574 0.875237 0.977903 0.967047 0.886045 0.926241 0.716710 0.881493 0.717350 0.735773 0.971978 0.912283 0.841207 0.800425 0.801705 0.880312 0.761850 0.869801 0.000000 0.846849 0.685048 0.944116 0.901247 0.868089 0.805747 0.972821 0.728562 0.759743 0.783624 0.840167 0.908073 0.808948 0.939821 0.990224 0.960706 0.981518 0.981504 0.863756 0.974720 0.970582 0.974104 0.957497 0.995016 0.913824 0.846098 0.936162 0.858694 0.840897 0.606870 0.669754 0.613054 0.629701 0.897209 0.800833 0.860870 0.996515 0.924442 0.940702 0.952657 0.966598 0.752004 0.891170 0.975883 0.853761 0.968979 0.980926 0.959098 0.943585 0.718408 0.713112 0.960290 0.943759 0.957422 0.874353 0.740963 0.742171 0.731797 0.725236 0.988265 0.990739 0.938726 0.901354 0.888649 0.915025 0.868637 0.882166 0.930136 0.980286 0.797082 0.944953 0.857943 0.966854 0.965345 0.914521 0.927146 0.991673 0.950076 0.910826 0.646429 0.974260
0.929168 0.924709 0.784203 0.871359 0.873625 0.806128 0.842011 0.989466 0.876364 0.962459 0.881829 0.869755 0.974682 0.904386 0.961465 0.981357 0.900765 0.926217 0.983730 0.850748 0.899684 0.989127 0.749108 0.775706 0.846684 0.820062 0.896212 0.947205 0.762863 0.817541 0.893377 0.978522 0.945326 0.980527 0.846849 0.000000 0.887706 0.986644 0.996225 0.906380 0.893036 0.926735 0.883184 0.864598 0.857749 0.992904 0.954628 0.940935 0.968499 0.866265 0.831140 0.862809 0.905898 0.932412 0.883775 0.975816 0.924477 0.834472 0.919087 0.841884 0.989588 0.932756 0.824208 0.820138 0.772415 0.835181 0.785795 0.829247 0.975012 0.885933 0.915628 0.943447 0.926748 0.912142 0.922528 0.843616 0.889137 0.849026 0.910862 0.945116 0.918547 0.980086 0.842018 0.980776 0.815933 0.813302 0.849307 0.748755 0.851150 0.936809 0.762238 0.843928 0.711015 0.802476 0.943981 0.932387 0.872696 0.800173 0.941192 0.843090 0.895570 0.943743 0.939717 0.836216 0.905271 0.993799 0.767716 0.904387 0.946982 0.996745 0.952331 0.897925 0.971883 0.924272 0.985001 0.968285
0.983134 0.885628 0.710824 0.865930 0.972890 0.884564 0.931139 0.979304 0.901752 0.928783 0.911265 0.881342 0.991318 0.782925 0.968975 0.938973 0.947024 0.990646 0.917289 0.975091 0.912823 0.888842 0.818435 0.902766 0.664395 0.637414 0.984031 0.973564 0.941565 0.917039 0.677391 0.828845 0.779300 0.796131 0.685048 0.887706 0.000000 0.771276 0.677124 0.921266 0.940213 0.907485 0.699776 0.777476 0.822596 0.791879 0.711730 0.749938 0.855143 0.885630 0.984381 0.936772 0.977654 0.915139 0.830771 0.879261 0.868169 0.922180 0.955231 0.948945 0.949443 0.961784 0.946404 0.955311 0.778185 0.953134 0.751818 0.684670 0.993169 0.997230 0.638526 0.816248 0.992087 0.995892 0.932795 0.949930 0.955846 0.717162 0.941295 0.976292 0.897193 0.859424 0.936322 0.822312 0.897492 0.894501 0.835243 0.813259 0.835324 0.846451 0.951477 0.855177 0.824628 0.935110 0.859246 0.860756 0.959195 0.793377 0.771407 0.949651 0.786614 0.996997 0.931775 0.958320 0.863457 0.822605 0.973824 0.963759 0.884580 0.896751 0.916565 0.955684 0.947464 0.958151 0.786827 0.984932
0.846708 0.786882 0.896792 0.945790 0.895624 0.992085 0.963172 0.936281 0.978648 0.848168 0.987123 0.927960 0.925807 0.944876 0.951324 0.983246 0.891976 0.845058 0.817338 0.868795 0.933225 0.774331 0.994358 0.926552 0.834591 0.928487 0.937090 0.920535 0.883845 0.958272 0.842211 0.928346 0.956487 0.797382 0.944116 0.986644 0.771276 0.000000 0.984431 0.988146 0.997676 0.876307 0.694272 0.781790 0.801241 0.703298 0.646162 0.628614 0.789331 0.778927 0.912440 0.846507 0.851173 0.970828 0.816948 0.899594 0.773328 0.757849 0.813267 0.874354 0.991290 0.866007 0.994326 0.893104 0.885453 0.998413 0.900211 0.930639 0.768792 0.852837 0.761430 0.735776 0.793989 0.831877 0.885252 0.967141 0.939674 0.833411 0.871195 0.901220 0.849747 0.807921 0.977714 0.828797 0.982497 0.941224 0.818471 0.938966 0.866790 0.886739 0.916875 0.999394 0.977091 0.951774 0.937874 0.748713 0.651878 0.750770 0.894515 0.854299 0.762288 0.901884 0.764944 0.646526 0.939787 0.694283 0.840268 0.906063 0.978936 0.907351 0.790036 0.926334 0.898278 0.855824 0.872002 0.766973
