0.000000 0.262773 0.985435 0.839956 0.857941 0.890492 0.876487 0.801030 0.874637 0.823247 0.315863 0.304604 0.527990 0.582658 0.882635 0.964003 0.290681 0.269857 0.458325 0.338539 0.910935 0.865347 0.994070 0.903386 0.751690 0.649062 0.921697 0.875610 0.449788 0.337963 0.736416 0.978660 0.526276 0.498711 0.946175 0.827518 0.935516 0.896383 0.945467 0.987210 0.876646 0.817032 0.761996 0.897708 0.983546 0.910626 0.739294 0.718755 0.638094 0.637283 0.669202 0.645034 0.890999 0.648190 0.593997 0.633405 0.270924 0.264168 0.426223 0.425906 0.365029 0.357184 0.289511 0.265642 0.964830 0.883872 0.910892 0.988897 0.448695 0.388389 0.915805 0.790504 0.817724 0.948854 0.887871 0.889581 0.887092 0.973704 0.530700 0.494360 0.233845 0.263515 0.470063 0.327661 0.489931 0.703213 0.650227 0.586592 0.582211 0.598822 0.597845 0.476071 0.529911 0.454354 0.714287 0.986073 0.578371 0.892796 0.900376 0.918553 0.842267 0.843853 0.779563 0.811371 0.963781 0.898558 0.852783 0.753428 0.847888 0.776709 0.946509 0.880420 0.860594 0.953642 0.913054 0.670076
0.262773 0.000000 0.980750 0.907516 0.929402 0.936285 0.970768 0.781624 0.773700 0.705222 0.397100 0.282406 0.606858 0.616158 0.964892 0.957490 0.303471 0.280002 0.558414 0.353890 0.915811 0.862978 0.939857 0.918254 0.831852 0.735116 0.950996 0.913350 0.533940 0.432971 0.681089 0.870916 0.584353 0.581511 0.992569 0.824748 0.857280 0.850130 0.941456 0.931941 0.831172 0.831153 0.790335 0.922579 0.858832 0.981808 0.681119 0.763881 0.768755 0.726244 0.687837 0.676788 0.786270 0.586556 0.558115 0.656085 0.285473 0.249241 0.480702 0.452872 0.452939 0.394710 0.341223 0.310231 0.995676 0.804382 0.925209 0.949854 0.424231 0.372910 0.919863 0.776702 0.838360 0.922927 0.924223 0.886322 0.943557 0.897845 0.573412 0.447944 0.284068 0.274034 0.507171 0.318941 0.516432 0.651859 0.651093 0.636738 0.616382 0.595793 0.529723 0.452497 0.537785 0.451078 0.765788 0.961102 0.613828 0.915890 0.961933 0.841248 0.803380 0.723055 0.890326 0.903494 0.981691 0.886127 0.850344 0.738781 0.830601 0.767743 0.907155 0.917392 0.851907 0.993008 0.875534 0.749068
0.985435 0.980750 0.000000 0.388046 0.950487 0.635804 0.460207 0.423578 0.761886 0.982337 0.987488 0.862130 0.755981 0.655519 0.836962 0.615686 0.918801 0.921927 0.787197 0.920544 0.918124 0.970363 0.772541 0.483501 0.573906 0.641897 0.833481 0.924173 0.981136 0.940534 0.802145 0.880436 0.838608 0.735242 0.905294 0.979771 0.771860 0.743163 0.704310 0.851606 0.971385 0.921516 0.526063 0.747347 0.992060 0.908976 0.647592 0.670987 0.846902 0.933660 0.912456 0.807204 0.895567 0.888371 0.823464 0.890815 0.910258 0.941507 0.895208 0.977648 0.788405 0.714198 0.887139 0.853178 0.423400 0.424582 0.542526 0.660684 0.973206 0.984816 0.812008 0.860156 0.823350 0.822244 0.747464 0.813249 0.710687 0.783370 0.976497 0.946549 0.916610 0.988244 0.774564 0.968576 0.725574 0.395115 0.837112 0.872416 0.750342 0.837802 0.547834 0.600094 0.598825 0.605733 0.957518 0.613699 0.798173 0.892946 0.824605 0.671199 0.642001 0.779872 0.909722 0.894132 0.656106 0.684679 0.805035 0.771619 0.950346 0.790643 0.777335 0.744769 0.727839 0.866986 0.775955 0.980853
0.839956 0.907516 0.388046 0.000000 0.832360 0.661111 0.622287 0.371205 0.887024 0.932964 0.885291 0.946097 0.994870 0.893317 0.868905 0.778148 0.755926 0.767663 0.982537 0.935366 0.816565 0.993821 0.909853 0.613860 0.509061 0.465870 0.896903 0.844180 0.687918 0.717402 0.835938 0.892388 0.897302 0.880268 0.995447 0.947696 0.744701 0.729334 0.572130 0.667121 0.912771 0.976836 0.391421 0.615246 0.862719 0.896923 0.647126 0.628693 0.727648 0.850153 0.906025 0.865698 0.841568 0.896910 0.911052 0.851670 0.767002 0.786362 0.959571 0.970140 0.936023 0.965321 0.698070 0.659385 0.592419 0.430640 0.521142 0.552927 0.899090 0.919447 0.719528 0.809801 0.906469 0.855365 0.868100 0.922432 0.614905 0.711379 0.973886 0.920425 0.726480 0.825199 0.925292 0.830491 0.947797 0.530531 0.972605 0.626440 0.917879 0.980521 0.512152 0.550555 0.463298 0.510093 0.938784 0.713322 0.892333 0.789413 0.939093 0.804137 0.639026 0.798401 0.934228 0.862512 0.666839 0.628753 0.764206 0.665041 0.900362 0.901857 0.825822 0.896405 0.625363 0.809229 0.798095 0.852217
0.857941 0.929402 0.950487 0.832360 0.000000 0.932847 0.792730 0.935332 0.676188 0.858867 0.809628 0.820120 0.595196 0.699905 0.612243 0.646931 0.844506 0.882072 0.713951 0.863424 0.825866 0.968451 0.535703 0.761253 0.869203 0.783490 0.865062 0.871588 0.749560 0.786229 0.907415 0.928605 0.812362 0.940412 0.934696 0.880369 0.711536 0.996853 0.814375 0.788149 0.928370 0.828733 0.865635 0.744998 0.857716 0.928816 0.962036 0.960907 0.982771 0.978721 0.904212 0.955367 0.944219 0.910537 0.891681 0.976211 0.941649 0.978342 0.978816 0.871374 0.728895 0.749614 0.883558 0.858849 0.686213 0.957946 0.901143 0.776428 0.988821 0.945484 0.929981 0.809946 0.990605 0.959644 0.926745 0.947482 0.821229 0.959127 0.949349 0.994904 0.892168 0.852751 0.715398 0.917931 0.534645 0.890905 0.752646 0.674473 0.817694 0.773138 0.981602 0.883021 0.857980 0.957603 0.906355 0.963781 0.952873 0.644450 0.915808 0.806589 0.901127 0.868936 0.897766 0.953995 0.964670 0.923043 0.899047 0.778096 0.985923 0.869422 0.793575 0.823320 0.933357 0.945617 0.947071 0.927996
0.890492 0.936285 0.635804 0.661111 0.932847 0.000000 0.833571 0.791083 0.948475 0.860220 0.987539 0.974185 0.939619 0.835176 0.932163 0.744642 0.811315 0.861888 0.943629 0.921404 0.743192 0.973977 0.941657 0.700643 0.496760 0.497846 0.896666 0.629062 0.824698 0.761124 0.876566 0.888904 0.907305 0.857573 0.626513 0.807061 0.858236 0.893140 0.729923 0.630233 0.779462 0.971615 0.666340 0.852576 0.998910 0.992266 0.803088 0.868343 0.734703 0.725492 0.978511 0.900715 0.913668 0.899171 0.927779 0.793816 0.847942 0.887468 0.922159 0.942493 0.927064 0.867289 0.809174 0.818385 0.534435 0.523091 0.541796 0.567517 0.839130 0.902119 0.864954 0.838789 0.966239 0.953294 0.731232 0.982807 0.883697 0.745965 0.835531 0.922636 0.812034 0.951296 0.960278 0.946910 0.848613 0.580009 0.841087 0.842828 0.972234 0.827852 0.631083 0.740990 0.607228 0.697434 0.877260 0.660701 0.911422 0.959365 0.888181 0.769589 0.687337 0.904283 0.930451 0.985777 0.738189 0.713229 0.886362 0.931338 0.950169 0.920560 0.921256 0.813471 0.806561 0.919697 0.839380 0.778927
0.876487 0.970768 0.460207 0.622287 0.792730 0.833571 0.000000 0.431018 0.551774 0.650625 0.762970 0.817559 0.457745 0.475033 0.547390 0.505840 0.898083 0.898049 0.456926 0.726638 0.966917 0.871736 0.538827 0.592694 0.957197 0.974093 0.983600 0.923928 0.725972 0.752364 0.711585 0.596405 0.626797 0.580206 0.933430 0.883423 0.923021 0.952582 0.938824 0.891501 0.969547 0.999732 0.638955 0.690765 0.691803 0.658199 0.741680 0.566637 0.833074 0.753077 0.819041 0.749634 0.880841 0.848247 0.908748 0.877379 0.997488 0.942831 0.822243 0.983532 0.582573 0.646901 0.879855 0.961240 0.617586 0.746579 0.696294 0.887775 0.872523 0.997460 0.672481 0.705239 0.620833 0.667829 0.873536 0.770990 0.609487 0.728871 0.900792 0.940322 0.962726 0.953958 0.748640 0.952135 0.645605 0.629092 0.883208 0.858285 0.750826 0.778935 0.527672 0.595670 0.716439 0.716392 0.998477 0.865909 0.792388 0.999937 0.526197 0.451974 0.739542 0.553660 0.891246 0.717479 0.829925 0.896763 0.881234 0.714557 0.942937 0.918142 0.763669 0.608429 0.668565 0.819873 0.910018 0.767063
0.801030 0.781624 0.423578 0.371205 0.935332 0.791083 0.431018 0.000000 0.826236 0.938993 0.722077 0.695285 0.682467 0.601643 0.943113 0.714422 0.879949 0.869046 0.628965 0.694726 0.862047 0.987720 0.966051 0.679876 0.774518 0.764986 0.986924 0.990941 0.904661 0.844234 0.875320 0.778376 0.788341 0.578480 0.918118 0.931409 0.771043 0.753899 0.712017 0.833353 0.909478 0.926135 0.518337 0.591179 0.987390 0.727356 0.559243 0.465105 0.923330 0.806766 0.663061 0.633964 0.904770 0.874196 0.683823 0.675229 0.923145 0.900092 0.649251 0.693902 0.688317 0.620636 0.896102 0.941437 0.679043 0.495753 0.528793 0.646602 0.926960 0.781587 0.773388 0.760548 0.714217 0.712309 0.885400 0.866875 0.569519 0.639092 0.823217 0.821152 0.912670 0.862139 0.840439 0.911765 0.829589 0.479975 0.957835 0.845294 0.812954 0.792663 0.636437 0.758461 0.677658 0.800321 0.879240 0.771033 0.682816 0.788767 0.731631 0.707386 0.663794 0.772606 0.855128 0.735658 0.747986 0.662818 0.848386 0.710650 0.862240 0.870762 0.813568 0.695442 0.657533 0.776959 0.803395 0.823848
0.874637 0.773700 0.761886 0.887024 0.676188 0.948475 0.551774 0.826236 0.000000 0.428247 0.985553 0.908281 0.702899 0.741679 0.548982 0.511655 0.911290 0.866159 0.685355 0.989182 0.904992 0.961180 0.448887 0.603183 0.920344 0.861225 0.853518 0.826079 0.876670 0.909842 0.696288 0.743110 0.942402 0.929750 0.986451 0.859720 0.777323 0.825058 0.759368 0.716538 0.881877 0.953509 0.948674 0.986434 0.798990 0.907495 0.860808 0.999365 0.904778 0.861691 0.859871 0.992165 0.726678 0.642632 0.771623 0.813720 0.760490 0.734806 0.799695 0.732183 0.924288 0.917128 0.917013 0.887905 0.740716 0.917816 0.912355 0.759166 0.629883 0.732855 0.774278 0.839671 0.835544 0.967815 0.819603 0.965838 0.893533 0.872327 0.925415 0.817494 0.852915 0.835968 0.964852 0.790087 0.835328 0.978389 0.952253 0.828270 0.984620 0.976936 0.666358 0.560657 0.900612 0.684459 0.922392 0.960804 0.880193 0.750924 0.769697 0.651169 0.973067 0.643234 0.945791 0.991681 0.891257 0.968274 0.904774 0.817966 0.963537 0.856269 0.935226 0.836360 0.705750 0.865940 0.940679 0.955003
0.823247 0.705222 0.982337 0.932964 0.858867 0.860220 0.650625 0.938993 0.428247 0.000000 0.976372 0.788709 0.845598 0.913222 0.640507 0.719999 0.901373 0.844864 0.759677 0.925198 0.871371 0.960697 0.551241 0.878983 0.729653 0.747217 0.982551 0.724177 0.845366 0.865180 0.585900 0.588198 0.981822 0.966630 0.764147 0.942862 0.805476 0.792716 0.671121 0.516947 0.853822 0.898235 0.965656 0.932367 0.681003 0.787324 0.711162 0.967212 0.681872 0.679213 0.931385 0.988047 0.568647 0.461900 0.799103 0.736382 0.765336 0.729152 0.800826 0.827875 0.989172 0.914771 0.926078 0.928724 0.938603 0.617862 0.761059 0.616586 0.662671 0.784767 0.850131 0.678407 0.720497 0.837614 0.971148 0.983501 0.801254 0.971734 0.939928 0.840314 0.868578 0.764142 0.949669 0.702796 0.960723 0.680052 0.890805 0.835928 0.917813 0.988893 0.745774 0.634526 0.966267 0.736522 0.960917 0.973343 0.813153 0.893100 0.744647 0.626914 0.983163 0.632458 0.931002 0.987558 0.827469 0.796394 0.986882 0.754278 0.829805 0.827186 0.889043 0.858178 0.748338 0.883082 0.796739 0.960119
0.315863 0.397100 0.987488 0.885291 0.809628 0.987539 0.762970 0.722077 0.985553 0.976372 0.000000 0.339461 0.454966 0.523576 0.776775 0.885014 0.358075 0.328965 0.423664 0.337760 0.984405 0.913114 0.924884 0.966689 0.755839 0.698319 0.878658 0.918442 0.403625 0.338684 0.841067 0.942419 0.488999 0.450557 0.912495 0.851448 0.985295 0.947704 0.887554 0.998655 0.861234 0.762869 0.835459 0.991257 0.938142 0.823222 0.818965 0.676501 0.594608 0.613811 0.649394 0.639401 0.942181 0.751542 0.698196 0.580992 0.389532 0.386202 0.403248 0.490452 0.370130 0.380701 0.333576 0.324831 0.998078 0.908572 0.836681 0.967998 0.635558 0.495109 0.996301 0.840024 0.788025 0.949069 0.845614 0.954279 0.998200 0.957760 0.554583 0.517398 0.344750 0.355146 0.532424 0.423259 0.562254 0.718651 0.784415 0.648084 0.715978 0.605091 0.766297 0.601164 0.672340 0.560341 0.695669 0.928821 0.626089 0.992170 0.842981 0.997154 0.947148 0.928198 0.745383 0.791322 0.905110 0.916848 0.812012 0.750155 0.942234 0.828711 0.971043 0.851404 0.931060 0.876296 0.866531 0.695307
0.304604 0.282406 0.862130 0.946097 0.820120 0.974185 0.817559 0.695285 0.908281 0.788709 0.339461 0.000000 0.491003 0.483249 0.855401 0.900850 0.349023 0.333828 0.475677 0.346174 0.905979 0.911880 0.935518 0.948282 0.873866 0.749972 0.927342 0.863223 0.468530 0.401448 0.787689 0.893273 0.508702 0.503798 0.939375 0.878510 0.853089 0.826919 0.987151 0.981120 0.884535 0.845040 0.835599 0.913198 0.952347 0.966010 0.714115 0.732421 0.774595 0.702273 0.661645 0.631915 0.807970 0.638744 0.623508 0.614822 0.351754 0.333291 0.462560 0.490987 0.368085 0.298128 0.348633 0.334825 0.912801 0.740849 0.790372 0.904599 0.541915 0.443656 0.963434 0.793415 0.798002 0.885472 0.870470 0.858930 0.947955 0.883543 0.585565 0.461966 0.337633 0.306125 0.465414 0.378597 0.467844 0.583661 0.682159 0.622919 0.643730 0.586064 0.689561 0.550334 0.661002 0.553046 0.731278 0.995452 0.565662 0.965442 0.952505 0.965723 0.931383 0.883313 0.858441 0.862276 0.990785 0.882229 0.805319 0.800188 0.832538 0.830955 0.927941 0.842619 0.906926 0.971677 0.828352 0.717695
0.527990 0.606858 0.755981 0.994870 0.595196 0.939619 0.457745 0.682467 0.702899 0.845598 0.454966 0.491003 0.000000 0.319893 0.423423 0.486212 0.527645 0.501476 0.335105 0.424268 0.879194 0.810194 0.498602 0.659147 0.857948 0.693037 0.989191 0.866588 0.441804 0.476876 0.953532 0.776941 0.439866 0.475208 0.969957 0.885941 0.855325 0.913642 0.871205 0.854951 0.933957 0.933775 0.978255 0.925207 0.706132 0.747330 0.762493 0.684589 0.707776 0.699629 0.746133 0.669301 0.904718 0.985508 0.876728 0.786087 0.626825 0.663933 0.667012 0.859046 0.323417 0.396831 0.503637 0.533937 0.650816 0.832707 0.862455 0.994152 0.871530 0.784211 0.839940 0.990012 0.763049 0.752159 0.922833 0.824733 0.784414 0.796502 0.686274 0.699435 0.597151 0.598515 0.490368 0.571684 0.364127 0.609808 0.672126 0.550326 0.640681 0.625515 0.995498 0.940747 0.843660 0.831369 0.842023 0.957620 0.770281 0.886030 0.649809 0.646195 0.982585 0.794012 0.935134 0.794279 0.859228 0.923293 0.887371 0.913501 0.911838 0.994044 0.990799 0.665307 0.817507 0.865355 0.846566 0.697687
0.582658 0.616158 0.655519 0.893317 0.699905 0.835176 0.475033 0.601643 0.741679 0.913222 0.523576 0.483249 0.319893 0.000000 0.535877 0.505650 0.620747 0.584934 0.411466 0.494616 0.993430 0.787750 0.591450 0.615564 0.957813 0.864323 0.988609 0.928167 0.501050 0.617101 0.911079 0.782506 0.462694 0.466681 0.816282 0.994452 0.962700 0.858050 0.966511 0.953964 0.977271 0.907040 0.862905 0.820986 0.697340 0.674013 0.609599 0.596711 0.730676 0.654624 0.630956 0.532795 0.883935 0.958000 0.782849 0.738856 0.679543 0.709654 0.606262 0.802984 0.366614 0.407655 0.546841 0.585046 0.643937 0.721270 0.704262 0.832895 0.929150 0.767706 0.845772 0.951652 0.870752 0.723887 0.892993 0.718904 0.785601 0.756156 0.695824 0.668029 0.660914 0.646762 0.488502 0.607978 0.411177 0.511362 0.757713 0.604036 0.622798 0.549848 0.920055 0.976354 0.955341 0.882600 0.915917 0.938715 0.714463 0.953315 0.641012 0.633215 0.942378 0.888743 0.892365 0.868225 0.885360 0.906778 0.960129 0.959961 0.953875 0.858386 0.964318 0.710111 0.813704 0.832363 0.818606 0.795077
0.882635 0.964892 0.836962 0.868905 0.612243 0.932163 0.547390 0.943113 0.548982 0.640507 0.776775 0.855401 0.423423 0.535877 0.000000 0.401015 0.800347 0.783827 0.605492 0.793764 0.874574 0.868188 0.351809 0.664731 0.913175 0.764433 0.856976 0.925953 0.577404 0.699707 0.720579 0.698211 0.572643 0.756419 0.913412 0.892884 0.792405 0.884168 0.689137 0.699877 0.912854 0.944493 0.986738 0.971210 0.661351 0.829480 0.996336 0.955121 0.816646 0.876080 0.964799 0.940891 0.781349 0.780102 0.928898 0.916277 0.969265 0.976580 0.978470 0.747692 0.623437 0.723427 0.804154 0.812673 0.623136 0.942086 0.955098 0.814599 0.786377 0.893211 0.879802 0.939400 0.837667 0.876520 0.930795 0.829595 0.846229 0.841989 0.922342 0.936016 0.899128 0.952108 0.627249 0.821997 0.564906 0.843802 0.736552 0.659469 0.826438 0.827728 0.891890 0.849786 0.913960 0.987681 0.937045 0.933023 0.958231 0.783586 0.680834 0.607576 0.909428 0.790729 0.967347 0.944663 0.935320 0.909380 0.920796 0.996458 0.984787 0.922004 0.994414 0.681366 0.854838 0.856958 0.986877 0.827713
0.964003 0.957490 0.615686 0.778148 0.646931 0.744642 0.505840 0.714422 0.511655 0.719999 0.885014 0.900850 0.486212 0.505650 0.401015 0.000000 0.986661 0.955107 0.685044 0.857981 0.940605 0.898684 0.414227 0.405167 0.805321 0.948664 0.772103 0.958045 0.792920 0.936527 0.676293 0.764691 0.733622 0.821772 0.893644 0.991139 0.935303 0.872616 0.993172 0.916662 0.981481 0.984964 0.724252 0.814777 0.803135 0.842414 0.871268 0.860836 0.995765 0.976820 0.984487 0.880545 0.847802 0.793801 0.889873 0.970172 0.876424 0.882979 0.898130 0.735780 0.770707 0.760022 0.987140 0.967169 0.425637 0.790554 0.882892 0.979574 0.710903 0.834666 0.734727 0.889656 0.909936 0.763554 0.875774 0.779454 0.731954 0.756682 0.955234 0.999657 0.889603 0.931253 0.717851 0.955248 0.628709 0.654228 0.830615 0.856775 0.889937 0.776885 0.680780 0.632851 0.825001 0.704716 0.960810 0.899684 0.944440 0.746537 0.720037 0.558356 0.901214 0.747915 0.851532 0.964633 0.794955 0.930145 0.913729 0.922100 0.957503 0.860176 0.964936 0.704832 0.652600 0.768518 0.804672 0.970340
0.290681 0.303471 0.918801 0.755926 0.844506 0.811315 0.898083 0.879949 0.911290 0.901373 0.358075 0.349023 0.527645 0.620747 0.800347 0.986661 0.000000 0.246772 0.479487 0.372000 0.836973 0.879770 0.955038 0.847738 0.652128 0.553020 0.929438 0.844473 0.412437 0.311034 0.794491 0.986848 0.514816 0.520692 0.960620 0.797648 0.963465 0.981484 0.877305 0.923382 0.900172 0.802179 0.712773 0.914362 0.976154 0.874133 0.782994 0.795432 0.641673 0.618028 0.690448 0.710305 0.949146 0.746889 0.658278 0.715983 0.294668 0.303856 0.502019 0.565286 0.417103 0.436439 0.275651 0.268813 0.914778 0.997455 0.967778 0.933885 0.551659 0.482606 0.896070 0.809359 0.819611 0.930217 0.887106 0.861916 0.921291 0.964218 0.490905 0.444794 0.271577 0.324176 0.503514 0.369467 0.532548 0.791575 0.682249 0.560149 0.641161 0.641753 0.566029 0.484161 0.483362 0.428469 0.780689 0.862075 0.667031 0.993980 0.936487 0.873874 0.727336 0.860619 0.786828 0.821122 0.934265 0.989423 0.774872 0.723119 0.884427 0.883275 0.934642 0.830784 0.881501 0.859231 0.894869 0.631062
0.269857 0.280002 0.921927 0.767663 0.882072 0.861888 0.898049 0.869046 0.866159 0.844864 0.328965 0.333828 0.501476 0.584934 0.783827 0.955107 0.246772 0.000000 0.475231 0.323832 0.864384 0.803063 0.922498 0.897996 0.719328 0.571228 0.962776 0.898358 0.388971 0.329162 0.769776 0.951639 0.491266 0.554147 0.966826 0.836868 0.949184 0.953694 0.911389 0.948051 0.854030 0.794111 0.708217 0.903788 0.978750 0.920673 0.777991 0.772074 0.666611 0.662751 0.724823 0.729465 0.878761 0.696785 0.674936 0.691883 0.292352 0.282496 0.493384 0.533139 0.415224 0.423673 0.269960 0.259149 0.966511 0.976900 0.998784 0.953767 0.507175 0.455581 0.921740 0.801977 0.819940 0.892295 0.945074 0.888691 0.944832 0.955275 0.512546 0.453406 0.271781 0.301106 0.472958 0.307332 0.502637 0.745096 0.647925 0.544582 0.629367 0.628534 0.541484 0.472178 0.481160 0.417269 0.748159 0.850160 0.635455 0.992269 0.934541 0.877326 0.731154 0.816615 0.858381 0.835351 0.969333 0.987547 0.780468 0.708181 0.882604 0.864789 0.909563 0.857359 0.848968 0.904259 0.901741 0.663596
0.458325 0.558414 0.787197 0.982537 0.713951 0.943629 0.456926 0.628965 0.685355 0.759677 0.423664 0.475677 0.335105 0.411466 0.605492 0.685044 0.479487 0.475231 0.000000 0.400203 0.839327 0.816745 0.595280 0.801141 0.706565 0.595167 0.995904 0.767103 0.427336 0.374148 0.968147 0.804888 0.527893 0.473161 0.841200 0.827166 0.845796 0.981123 0.774143 0.793100 0.987910 0.937081 0.920123 0.963230 0.806821 0.784945 0.847590 0.655762 0.606324 0.532533 0.751710 0.662099 0.933884 0.966869 0.800678 0.788860 0.557846 0.600375 0.599476 0.687149 0.356587 0.395173 0.464001 0.493571 0.859579 0.927107 0.922277 0.886576 0.735507 0.683713 0.851828 0.992708 0.642427 0.776756 0.842936 0.839427 0.863526 0.912985 0.667336 0.663312 0.502521 0.510070 0.543575 0.607884 0.446510 0.732261 0.782946 0.546726 0.635668 0.641574 0.997460 0.921918 0.806111 0.795807 0.864157 0.935405 0.693534 0.951699 0.712176 0.710311 0.976961 0.803237 0.855030 0.788535 0.995036 0.983086 0.925294 0.989330 0.890639 0.901914 0.949357 0.671432 0.910494 0.875927 0.925256 0.666251
0.338539 0.353890 0.920544 0.935366 0.863424 0.921404 0.726638 0.694726 0.989182 0.925198 0.337760 0.346174 0.424268 0.494616 0.793764 0.857981 0.372000 0.323832 0.400203 0.000000 0.823260 0.763764 0.847566 0.951417 0.773451 0.647743 0.964143 0.818540 0.469686 0.359136 0.785836 0.974899 0.581145 0.526420 0.854839 0.844067 0.993049 0.852395 0.960824 0.934972 0.878484 0.876831 0.837396 0.965369 0.960091 0.918190 0.766681 0.722112 0.721330 0.699647 0.734289 0.732011 0.800221 0.712621 0.691921 0.625056 0.384670 0.381581 0.519183 0.544018 0.400500 0.390699 0.378397 0.386550 0.910745 0.842668 0.939278 0.955689 0.593206 0.504162 0.910759 0.899489 0.770993 0.811718 0.989588 0.956334 0.888024 0.947782 0.554651 0.509424 0.369708 0.352934 0.476593 0.400458 0.464522 0.664067 0.641073 0.574363 0.578121 0.596711 0.693289 0.648210 0.651229 0.602149 0.750579 0.921330 0.642393 0.998268 0.887875 0.993551 0.875172 0.941868 0.915768 0.842957 0.997173 0.926619 0.862710 0.837940 0.889966 0.807759 0.970333 0.818098 0.984289 0.953234 0.879155 0.693264
0.910935 0.915811 0.918124 0.816565 0.825866 0.743192 0.966917 0.862047 0.904992 0.871371 0.984405 0.905979 0.879194 0.993430 0.874574 0.940605 0.836973 0.864384 0.839327 0.823260 0.000000 0.871744 0.740602 0.930057 0.710727 0.676189 0.924156 0.759135 0.877109 0.792693 0.881212 0.895239 0.961777 0.957102 0.980386 0.908644 0.908476 0.819157 0.797905 0.605178 0.955974 0.853231 0.691929 0.687929 0.886950 0.764634 0.782935 0.811826 0.975602 0.917278 0.826927 0.914854 0.992138 0.969790 0.876483 0.966234 0.948127 0.960300 0.895293 0.998776 0.936418 0.915477 0.924799 0.895014 0.965732 0.853279 0.781806 0.703403 0.937000 0.899220 0.887010 0.967863 0.762741 0.887669 0.990562 0.880085 0.919443 0.894002 0.960528 0.924517 0.887816 0.881998 0.865701 0.999363 0.814455 0.839812 0.918986 0.744455 0.929619 0.948899 0.808878 0.984443 0.793620 0.940184 0.862034 0.806097 0.942213 0.969350 0.894721 0.913327 0.729858 0.866405 0.962596 0.875784 0.896677 0.837633 0.993196 0.963481 0.923070 0.962354 0.954153 0.969759 0.866404 0.862387 0.856247 0.906770
0.865347 0.862978 0.970363 0.993821 0.968451 0.973977 0.871736 0.987720 0.961180 0.960697 0.913114 0.911880 0.810194 0.787750 0.868188 0.898684 0.879770 0.803063 0.816745 0.763764 0.871744 0.000000 0.917547 0.886200 0.932366 0.871405 0.947026 0.964775 0.830016 0.911102 0.982964 0.929530 0.806700 0.833052 0.990411 0.941929 0.955138 0.840332 0.989441 0.915860 0.892051 0.916713 0.958342 0.947429 0.934147 0.865278 0.895880 0.843312 0.897193 0.866351 0.879953 0.958233 0.901685 0.973168 0.927134 0.840098 0.880353 0.904650 0.942363 0.947232 0.896609 0.948223 0.861064 0.905443 0.927592 0.999539 0.955299 0.955734 0.996497 0.947183 0.778179 0.994838 0.987366 0.921448 0.944582 0.826379 0.899620 0.971039 0.857243 0.836070 0.908024 0.889505 0.820419 0.871854 0.775733 0.931176 0.822410 0.732669 0.761877 0.743735 0.946789 0.981274 0.938081 0.984755 0.832214 0.866180 0.990726 0.977124 0.940013 0.882914 0.888888 0.843605 0.984700 0.939504 0.886724 0.966879 0.965325 0.971067 0.954157 0.958674 0.978927 0.871980 0.915796 0.896959 0.985199 0.956549
0.994070 0.939857 0.772541 0.909853 0.535703 0.941657 0.538827 0.966051 0.448887 0.551241 0.924884 0.935518 0.498602 0.591450 0.351809 0.414227 0.955038 0.922498 0.595280 0.847566 0.740602 0.917547 0.000000 0.550465 0.927176 0.725632 0.797325 0.878205 0.699726 0.799692 0.736986 0.768427 0.721112 0.918339 0.949139 0.909703 0.743766 0.932945 0.705347 0.587544 0.875700 0.855615 0.955031 0.913132 0.731815 0.959372 0.906096 0.966438 0.886924 0.892271 0.861218 0.940807 0.758293 0.672782 0.806226 0.806411 0.927343 0.908925 0.835048 0.741146 0.711231 0.767547 0.947687 0.934287 0.581983 0.936640 0.876743 0.692364 0.805533 0.818562 0.841057 0.886138 0.809266 0.808060 0.922313 0.862148 0.864465 0.888068 0.971698 0.944572 0.999457 0.986979 0.681396 0.956815 0.532148 0.890357 0.808839 0.600177 0.834374 0.818991 0.831604 0.691394 0.964598 0.819197 0.986697 0.991005 0.942149 0.749798 0.757141 0.572918 0.930358 0.707700 0.798909 0.946803 0.978170 0.878174 0.945483 0.983107 0.980266 0.920990 0.939400 0.752796 0.784230 0.991685 0.959018 0.966815
0.903386 0.918254 0.483501 0.613860 0.761253 0.700643 0.592694 0.679876 0.603183 0.878983 0.966689 0.948282 0.659147 0.615564 0.664731 0.405167 0.847738 0.897996 0.801141 0.951417 0.930057 0.886200 0.550465 0.000000 0.607697 0.802846 0.723424 0.941551 0.980321 0.895236 0.788427 0.887631 0.881216 0.878154 0.854356 0.951598 0.996867 0.754297 0.870185 0.995734 0.915003 0.928485 0.693371 0.909967 0.951384 0.997746 0.846257 0.891069 0.797899 0.858109 0.952786 0.881591 0.975839 0.918130 0.914733 0.996768 0.793022 0.829703 0.897211 0.799374 0.869852 0.805124 0.855998 0.836703 0.395928 0.603850 0.731918 0.864069 0.802709 0.828379 0.724944 0.925416 0.966882 0.947037 0.794135 0.815056 0.804643 0.734378 0.958462 0.827477 0.802207 0.888910 0.774658 0.971182 0.664109 0.564073 0.781480 0.921193 0.853235 0.863071 0.664262 0.637036 0.712530 0.610464 0.946231 0.734022 0.924399 0.913999 0.872379 0.651981 0.813956 0.785123 0.662663 0.945726 0.710057 0.774102 0.886280 0.865569 0.971862 0.982220 0.924737 0.840837 0.729603 0.905969 0.831487 0.836256
0.751690 0.831852 0.573906 0.509061 0.869203 0.496760 0.957197 0.774518 0.920344 0.729653 0.755839 0.873866 0.857948 0.957813 0.913175 0.805321 0.652128 0.719328 0.706565 0.773451 0.710727 0.932366 0.927176 0.607697 0.000000 0.383040 0.712086 0.699433 0.620924 0.576424 0.840144 0.834877 0.925848 0.952655 0.751016 0.799954 0.713469 0.609017 0.545048 0.613896 0.894836 0.939463 0.548605 0.811920 0.831767 0.919314 0.725881 0.942279 0.567369 0.552762 0.961202 0.960706 0.787575 0.845600 0.934168 0.883268 0.722095 0.785833 0.929369 0.876760 0.830065 0.966709 0.635355 0.637539 0.525250 0.454465 0.556114 0.527668 0.858135 0.862304 0.885970 0.979495 0.871230 0.947234 0.933799 0.982609 0.846317 0.712923 0.803150 0.769566 0.675867 0.790006 0.947556 0.911193 0.966561 0.554244 0.855528 0.638451 0.950649 0.988375 0.667765 0.720456 0.524037 0.611817 0.968473 0.643280 0.997445 0.805480 0.973438 0.854066 0.612046 0.959985 0.789771 0.970392 0.647611 0.609684 0.901956 0.853187 0.937631 0.896881 0.929694 0.999860 0.823210 0.900012 0.733001 0.652016
0.649062 0.735116 0.641897 0.465870 0.783490 0.497846 0.974093 0.764986 0.861225 0.747217 0.698319 0.749972 0.693037 0.864323 0.764433 0.948664 0.553020 0.571228 0.595167 0.647743 0.676189 0.871405 0.725632 0.802846 0.383040 0.000000 0.914666 0.574302 0.545483 0.468613 0.881568 0.997761 0.799117 0.930062 0.757351 0.785767 0.739561 0.809490 0.533138 0.541826 0.929238 0.995614 0.465142 0.686415 0.857495 0.977583 0.750035 0.922507 0.612217 0.617253 0.994412 0.960549 0.881737 0.896953 0.907058 0.848304 0.638638 0.696531 0.966177 0.905130 0.714928 0.797679 0.528352 0.538773 0.687381 0.515075 0.514031 0.472378 0.823542 0.759693 0.911529 0.961408 0.836808 0.979110 0.969618 0.972428 0.830042 0.750574 0.770114 0.792423 0.574695 0.686536 0.761128 0.740284 0.747939 0.690244 0.850973 0.472537 0.891874 0.968584 0.595586 0.668719 0.443027 0.565211 0.838567 0.712835 0.986610 0.776606 0.959618 0.965271 0.615833 0.986151 0.942391 0.912852 0.708049 0.644624 0.858986 0.834242 0.939037 0.972598 0.936839 0.940974 0.808573 0.921328 0.833751 0.656792
0.921697 0.950996 0.833481 0.896903 0.865062 0.896666 0.983600 0.986924 0.853518 0.982551 0.878658 0.927342 0.989191 0.988609 0.856976 0.772103 0.929438 0.962776 0.995904 0.964143 0.924156 0.947026 0.797325 0.723424 0.712086 0.914666 0.000000 0.940130 0.969405 0.894838 0.888298 0.871076 0.938520 0.918433 0.990665 0.836819 0.894604 0.799816 0.881566 0.988937 0.925163 0.890541 0.956881 0.829080 0.785413 0.767886 0.973273 0.893796 0.728132 0.742543 0.772395 0.864844 0.893198 0.921697 0.991845 0.852027 0.867782 0.924645 0.839431 0.837994 0.912837 0.982405 0.869104 0.875849 0.663463 0.821624 0.988286 0.938181 0.967729 0.905204 0.994731 0.991604 0.955715 0.802156 0.971821 0.894410 0.922566 0.944160 0.865521 0.939248 0.930514 0.959336 0.814894 0.951285 0.824678 0.810448 0.746324 0.898536 0.825308 0.971124 0.983503 0.842168 0.944413 0.879842 0.933834 0.881279 0.957856 0.977258 0.885686 0.921259 0.950388 0.922056 0.686613 0.787144 0.875725 0.861846 0.980290 0.979106 0.993786 0.980711 0.930769 0.936012 0.965495 0.873164 0.886792 0.745253
0.875610 0.913350 0.924173 0.844180 0.871588 0.629062 0.923928 0.990941 0.826079 0.724177 0.918442 0.863223 0.866588 0.928167 0.925953 0.958045 0.844473 0.898358 0.767103 0.818540 0.759135 0.964775 0.878205 0.941551 0.699433 0.574302 0.940130 0.000000 0.798721 0.716023 0.961121 0.964323 0.990665 0.931935 0.711888 0.901433 0.987048 0.980325 0.721034 0.670037 0.843440 0.834044 0.736405 0.851205 0.967619 0.960203 0.871467 0.921453 0.786152 0.732647 0.993737 0.988353 0.918530 0.898728 0.935025 0.897807 0.868553 0.911842 0.962150 0.882385 0.919563 0.901843 0.840706 0.847545 0.798028 0.772393 0.744313 0.689963 0.906783 0.909278 0.948552 0.880345 0.787329 0.973413 0.899277 0.995501 0.918726 0.886619 0.977750 0.955829 0.844379 0.884811 0.895404 0.982661 0.926591 0.794801 0.939357 0.760209 0.819405 0.950946 0.866171 0.936493 0.779789 0.861542 0.960500 0.936928 0.965311 0.882491 0.947520 0.930893 0.992442 0.893643 0.966550 0.929573 0.809425 0.769071 0.960679 0.997654 0.909757 0.958439 0.961154 0.889683 0.945034 0.968707 0.925054 0.848373
0.449788 0.533940 0.981136 0.687918 0.749560 0.824698 0.725972 0.904661 0.876670 0.845366 0.403625 0.468530 0.441804 0.501050 0.577404 0.792920 0.412437 0.388971 0.427336 0.469686 0.877109 0.830016 0.699726 0.980321 0.620924 0.545483 0.969405 0.798721 0.000000 0.320239 0.950139 0.836577 0.451330 0.522084 0.976772 0.798843 0.938163 0.923786 0.695550 0.723626 0.983609 0.895754 0.764329 0.976830 0.738902 0.775698 0.909252 0.795905 0.508648 0.548226 0.754111 0.769301 0.875846 0.997144 0.785148 0.822240 0.481195 0.513308 0.615110 0.716444 0.442086 0.507140 0.345533 0.366146 0.961611 0.844663 0.952712 0.826742 0.739679 0.656509 0.987670 0.989902 0.763861 0.852389 0.984509 0.810165 0.967884 0.973064 0.582603 0.595917 0.414929 0.482539 0.479376 0.537813 0.528675 0.877868 0.814487 0.496463 0.709671 0.650754 0.770021 0.691154 0.593545 0.592365 0.845011 0.853889 0.798904 0.861310 0.749989 0.892613 0.822457 0.982589 0.802492 0.797396 0.852306 0.825722 0.862724 0.813238 0.947849 0.955293 0.978096 0.731507 0.928030 0.852861 0.995838 0.646017
0.337963 0.432971 0.940534 0.717402 0.786229 0.761124 0.752364 0.844234 0.909842 0.865180 0.338684 0.401448 0.476876 0.617101 0.699707 0.936527 0.311034 0.329162 0.374148 0.359136 0.792693 0.911102 0.799692 0.895236 0.576424 0.468613 0.894838 0.716023 0.320239 0.000000 0.854705 0.898861 0.549040 0.551168 0.783367 0.741860 0.959520 0.930940 0.669001 0.728642 0.976292 0.856079 0.676085 0.885811 0.914690 0.881631 0.927425 0.813694 0.546826 0.557204 0.794008 0.801456 0.993359 0.833332 0.741857 0.775381 0.369060 0.401462 0.554688 0.576812 0.418297 0.464725 0.331238 0.322669 0.871721 0.876271 0.894696 0.764923 0.601838 0.510041 0.978204 0.931585 0.647001 0.877580 0.935886 0.873701 0.929052 0.984379 0.545719 0.544916 0.316040 0.368213 0.516354 0.479971 0.546593 0.905777 0.728546 0.519613 0.658059 0.710453 0.688855 0.619736 0.528075 0.524805 0.772125 0.875623 0.724326 0.965761 0.828616 0.977085 0.782428 0.960727 0.769730 0.760576 0.855866 0.900499 0.862524 0.809514 0.925601 0.878931 0.986605 0.773549 0.907235 0.915633 0.995533 0.605812
0.736416 0.681089 0.802145 0.835938 0.907415 0.876566 0.711585 0.875320 0.696288 0.585900 0.841067 0.787689 0.953532 0.911079 0.720579 0.676293 0.794491 0.769776 0.968147 0.785836 0.881212 0.982964 0.736986 0.788427 0.840144 0.881568 0.888298 0.961121 0.950139 0.854705 0.000000 0.672092 0.918320 0.931544 0.992354 0.733309 0.920503 0.947331 0.950687 0.945031 0.959743 0.913123 0.714649 0.768736 0.717660 0.753036 0.933657 0.921475 0.912652 0.884412 0.918031 0.871745 0.644978 0.595690 0.844697 0.869733 0.677492 0.677417 0.863530 0.793316 0.907552 0.899013 0.820967 0.794668 0.875197 0.895321 0.884617 0.992760 0.577125 0.658643 0.812488 0.755753 0.922882 0.885847 0.898585 0.820050 0.653184 0.844979 0.891158 0.885970 0.719665 0.639858 0.965867 0.731158 0.891305 0.959728 0.890654 0.856203 0.946679 0.976740 0.649898 0.618484 0.712537 0.654316 0.954236 0.904611 0.939108 0.869508 0.757922 0.617874 0.782380 0.711604 0.963355 0.970947 0.869576 0.899774 0.908699 0.699534 0.986728 0.848794 0.955396 0.815592 0.785856 0.823628 0.965921 0.999257
0.978660 0.870916 0.880436 0.892388 0.928605 0.888904 0.596405 0.778376 0.743110 0.588198 0.942419 0.893273 0.776941 0.782506 0.698211 0.764691 0.986848 0.951639 0.804888 0.974899 0.895239 0.929530 0.768427 0.887631 0.834877 0.997761 0.871076 0.964323 0.836577 0.898861 0.672092 0.000000 0.785851 0.778967 0.955807 0.902529 0.942747 0.884793 0.857552 0.738766 0.996368 0.906569 0.754589 0.685926 0.638580 0.643338 0.913863 0.754945 0.749430 0.695931 0.751812 0.780029 0.579983 0.628187 0.950832 0.946588 0.841970 0.800880 0.929817 0.991854 0.874712 0.966234 0.990214 0.976903 0.999098 0.872758 0.884863 0.998193 0.782758 0.837025 0.782694 0.591599 0.750782 0.731867 0.952149 0.771673 0.725256 0.786032 0.947162 0.982608 0.907955 0.807920 0.970699 0.870693 0.977893 0.925185 0.814022 0.973123 0.957641 0.981968 0.695077 0.753659 0.790059 0.855718 0.920848 0.973580 0.938402 0.837074 0.530462 0.596549 0.871147 0.662054 0.674174 0.813261 0.906422 0.937670 0.730982 0.719410 0.934878 0.996209 0.888764 0.780744 0.760377 0.849002 0.887426 0.846744
0.526276 0.584353 0.838608 0.897302 0.812362 0.907305 0.626797 0.788341 0.942402 0.981822 0.488999 0.508702 0.439866 0.462694 0.572643 0.733622 0.514816 0.491266 0.527893 0.581145 0.961777 0.806700 0.721112 0.881216 0.925848 0.799117 0.938520 0.990665 0.451330 0.549040 0.918320 0.785851 0.000000 0.461236 0.745775 0.959160 0.964207 0.920713 0.928373 0.996562 0.823940 0.829323 0.960801 0.851785 0.680476 0.714871 0.682518 0.730460 0.695988 0.676386 0.580867 0.562875 0.822158 0.966098 0.742124 0.646539 0.584472 0.611876 0.518022 0.696305 0.379578 0.455876 0.453531 0.477460 0.822058 0.858717 0.699682 0.820147 0.847205 0.765639 0.984416 0.992312 0.797756 0.857019 0.956507 0.796282 0.931883 0.840116 0.687592 0.659031 0.559793 0.585278 0.576923 0.529404 0.504655 0.646263 0.780818 0.658292 0.705402 0.685616 0.975901 0.790672 0.892858 0.703019 0.873475 0.936130 0.549036 0.944871 0.626607 0.715778 0.885117 0.937602 0.734243 0.833792 0.887352 0.830183 0.864675 0.855072 0.884930 0.870092 0.877706 0.764592 0.955928 0.830944 0.778527 0.664476
0.498711 0.581511 0.735242 0.880268 0.940412 0.857573 0.580206 0.578480 0.929750 0.966630 0.450557 0.503798 0.475208 0.466681 0.756419 0.821772 0.520692 0.554147 0.473161 0.526420 0.957102 0.833052 0.918339 0.878154 0.952655 0.930062 0.918433 0.931935 0.522084 0.551168 0.931544 0.778967 0.461236 0.000000 0.903514 0.993278 0.950631 0.906838 0.993583 0.941491 0.786657 0.828021 0.832351 0.741211 0.714696 0.575178 0.637877 0.519684 0.621070 0.598558 0.501912 0.525604 0.908848 0.919855 0.616706 0.580706 0.598946 0.616441 0.433804 0.588138 0.380712 0.418203 0.504136 0.543787 0.874801 0.742138 0.623849 0.687419 0.850949 0.724871 0.913615 0.923691 0.866338 0.803007 0.790307 0.830465 0.773990 0.835175 0.654116 0.539335 0.549612 0.594884 0.649813 0.624816 0.620833 0.588032 0.867047 0.798130 0.713573 0.619943 0.914694 0.844078 0.996359 0.786486 0.830383 0.903304 0.676532 0.818134 0.625669 0.741817 0.784344 0.853783 0.649283 0.720143 0.914198 0.750311 0.946023 0.969007 0.966618 0.897619 0.798681 0.618751 0.887617 0.664512 0.807984 0.746320
0.946175 0.992569 0.905294 0.995447 0.934696 0.626513 0.933430 0.918118 0.986451 0.764147 0.912495 0.939375 0.969957 0.816282 0.913412 0.893644 0.960620 0.966826 0.841200 0.854839 0.980386 0.990411 0.949139 0.854356 0.751016 0.757351 0.990665 0.711888 0.976772 0.783367 0.992354 0.955807 0.745775 0.903514 0.000000 0.756719 0.891192 0.934625 0.750506 0.806030 0.825735 0.961202 0.875299 0.938235 0.845529 0.967961 0.822562 0.992949 0.793581 0.866614 0.869113 0.819012 0.833024 0.912974 0.891791 0.842881 0.916430 0.946134 0.959556 0.914730 0.906525 0.898343 0.973241 0.995646 0.785713 0.769465 0.685742 0.604608 0.859321 0.858204 0.966209 0.889323 0.751581 0.975681 0.973679 0.977504 0.991784 0.715972 0.965894 0.959039 0.892366 0.930698 0.991369 0.996867 0.903409 0.790064 0.976293 0.991699 0.989543 0.939123 0.896236 0.976021 0.873004 0.993671 0.865538 0.960642 0.896333 0.971556 0.887720 0.924554 0.917569 0.978084 0.940540 0.955799 0.884779 0.794100 0.944845 0.995307 0.907826 0.978722 0.889029 0.988449 0.977373 0.967837 0.878455 0.905538
0.827518 0.824748 0.979771 0.947696 0.880369 0.807061 0.883423 0.931409 0.859720 0.942862 0.851448 0.878510 0.885941 0.994452 0.892884 0.991139 0.797648 0.836868 0.827166 0.844067 0.908644 0.941929 0.909703 0.951598 0.799954 0.785767 0.836819 0.901433 0.798843 0.741860 0.733309 0.902529 0.959160 0.993278 0.756719 0.000000 0.861602 0.793760 0.835754 0.894826 0.843963 0.979882 0.898297 0.947453 0.988258 0.964231 0.984947 0.960339 0.797696 0.872098 0.916184 0.936656 0.938198 0.907252 0.997491 0.948383 0.770279 0.797062 0.990780 0.996006 0.911451 0.892944 0.864785 0.855920 0.989717 0.927525 0.785240 0.759065 0.846453 0.831533 0.856550 0.994815 0.860835 0.922681 0.955180 0.897581 0.806379 0.934357 0.861867 0.964438 0.765551 0.775132 0.947261 0.834803 0.850593 0.994215 0.889264 0.899199 0.984252 0.864637 0.879575 0.961893 0.769498 0.894848 0.925828 0.956867 0.985444 0.831709 0.923065 0.905073 0.863930 0.971878 0.955048 0.788016 0.798531 0.788451 0.892383 0.921954 0.927252 0.993707 0.978041 0.976487 0.940123 0.935103 0.965109 0.778621
0.935516 0.857280 0.771860 0.744701 0.711536 0.858236 0.923021 0.771043 0.777323 0.805476 0.985295 0.853089 0.855325 0.962700 0.792405 0.935303 0.963465 0.949184 0.845796 0.993049 0.908476 0.955138 0.743766 0.996867 0.713469 0.739561 0.894604 0.987048 0.938163 0.959520 0.920503 0.942747 0.964207 0.950631 0.891192 0.861602 0.000000 0.718447 0.619369 0.816465 0.817023 0.972032 0.815903 0.860967 0.838950 0.998569 0.735988 0.839512 0.934487 0.914850 0.871140 0.920198 0.906140 0.764432 0.706984 0.855508 0.891349 0.848703 0.894820 0.812883 0.965583 0.958686 0.974137 0.988595 0.971450 0.776746 0.753174 0.730327 0.875796 0.872512 0.952975 0.988896 0.887352 0.937791 0.972431 0.879938 0.886216 0.875210 0.878249 0.945233 0.961093 0.913397 0.890809 0.936899 0.931144 0.807340 0.907945 0.820853 0.932359 0.984035 0.977896 0.932558 0.923833 0.960201 0.992607 0.846619 0.856496 0.749580 0.909063 0.997313 0.843303 0.851044 0.915026 0.993445 0.727952 0.799879 0.979330 0.880232 0.980529 0.852155 0.951231 0.948978 0.978594 0.900713 0.785089 0.998318
0.896383 0.850130 0.743163 0.729334 0.996853 0.893140 0.952582 0.753899 0.825058 0.792716 0.947704 0.826919 0.913642 0.858050 0.884168 0.872616 0.981484 0.953694 0.981123 0.852395 0.819157 0.840332 0.932945 0.754297 0.609017 0.809490 0.799816 0.980325 0.923786 0.930940 0.947331 0.884793 0.920713 0.906838 0.934625 0.793760 0.718447 0.000000 0.667103 0.747900 0.938643 0.940129 0.730326 0.903564 0.937644 0.947461 0.672894 0.886223 0.895807 0.860614 0.797088 0.797176 0.836045 0.842687 0.806281 0.774748 0.926530 0.897946 0.885641 0.856478 0.917903 0.845750 0.986235 0.990716 0.741619 0.649642 0.752758 0.759105 0.898127 0.837420 0.896867 0.921305 0.921881 0.989434 0.944515 0.840017 0.863800 0.774356 0.941003 0.991337 0.990283 0.954849 0.850576 0.860100 0.865452 0.663822 0.792462 0.945799 0.693291 0.811381 0.947670 0.987495 0.849533 0.863591 0.887461 0.741552 0.829054 0.808406 0.994353 0.853167 0.716744 0.980475 0.947200 0.967799 0.656353 0.647033 0.898884 0.951802 0.931057 0.912631 0.947050 0.992332 0.860327 0.956474 0.646330 0.879497
