0.000000 0.280205 0.998593 0.822771 0.841353 0.876764 0.899696 0.869553 0.885442 0.833706 0.341704 0.329461 0.573308 0.633022 0.878343 0.938981 0.312699 0.289940 0.489991 0.368203 0.907989 0.886885 0.992819 0.892439 0.775584 0.686088 0.955173 0.904308 0.480817 0.358832 0.733412 0.997014 0.552250 0.525847 0.931750 0.809108 0.999412 0.923798 0.925114 0.973889 0.930745 0.808720 0.727637 0.848037 0.960412 0.958156 0.766056 0.780635 0.684537 0.681445 0.735051 0.704437 0.882646 0.629707 0.627745 0.656752 0.287792 0.288426 0.448232 0.464183 0.393588 0.386705 0.312795 0.285806 0.968425 0.889491 0.906593 0.984904 0.431896 0.423209 0.877496 0.777506 0.840136 0.982290 0.909594 0.929224 0.795328 0.969432 0.573897 0.535759 0.248744 0.276693 0.484563 0.335959 0.508466 0.719453 0.662566 0.565611 0.547017 0.589626 0.625772 0.500486 0.563783 0.481350 0.763743 0.982023 0.610325 0.889889 0.925413 0.883828 0.854173 0.886471 0.813110 0.847414 0.957657 0.904651 0.855636 0.736659 0.862047 0.813482 0.916368 0.955243 0.825607 0.925548 0.950723 0.719159
0.280205 0.000000 0.993257 0.885397 0.903742 0.919746 0.998492 0.869435 0.773768 0.704588 0.435631 0.310932 0.662821 0.677874 0.951683 0.928112 0.325415 0.301577 0.602441 0.397526 0.905892 0.888416 0.924872 0.904344 0.868409 0.786635 0.998517 0.953607 0.566862 0.460732 0.660617 0.893623 0.615015 0.617082 0.994530 0.794059 0.930006 0.889411 0.957275 0.945060 0.896486 0.810173 0.741564 0.856057 0.817484 0.947671 0.702803 0.842533 0.842567 0.793038 0.779499 0.762487 0.759604 0.541526 0.585013 0.682649 0.297554 0.272589 0.504624 0.505084 0.493606 0.435408 0.374609 0.341079 0.983710 0.800220 0.920134 0.944129 0.384197 0.410704 0.864890 0.751746 0.853180 0.986566 0.957236 0.929362 0.824700 0.967289 0.633355 0.490909 0.296518 0.277817 0.514412 0.312778 0.527284 0.659261 0.652711 0.599986 0.557376 0.572294 0.553367 0.472880 0.577944 0.477209 0.830114 0.950121 0.654432 0.918672 0.923908 0.783784 0.809852 0.764846 0.945012 0.961256 0.971271 0.893366 0.854535 0.710033 0.841897 0.816051 0.854092 0.978592 0.799469 0.958933 0.922125 0.816781
0.998593 0.993257 0.000000 0.400730 0.938342 0.639290 0.463634 0.416642 0.771811 0.988459 0.989810 0.865124 0.748322 0.648015 0.820016 0.611794 0.896577 0.902881 0.790238 0.925873 0.930676 0.967390 0.761168 0.488215 0.565074 0.637389 0.829019 0.918955 0.987426 0.928107 0.815575 0.880626 0.847146 0.744756 0.897150 0.980587 0.764055 0.785599 0.697888 0.861122 0.974948 0.937683 0.528155 0.747920 0.996518 0.914371 0.651509 0.661194 0.836183 0.916317 0.921698 0.822609 0.889376 0.882481 0.818246 0.906552 0.894972 0.913798 0.917880 0.996642 0.790579 0.716867 0.862699 0.827993 0.425759 0.435510 0.562882 0.680590 0.958648 0.985128 0.818974 0.860745 0.806653 0.828191 0.767463 0.801395 0.708045 0.791012 0.990695 0.935417 0.897237 0.998957 0.778618 0.984277 0.726678 0.406200 0.832120 0.871521 0.752918 0.852271 0.536061 0.586369 0.577965 0.587335 0.955420 0.633387 0.824831 0.940631 0.818155 0.679765 0.652377 0.774866 0.887260 0.922790 0.672722 0.704889 0.792495 0.766165 0.948055 0.816577 0.809148 0.742350 0.733257 0.875463 0.786276 0.980331
0.822771 0.885397 0.400730 0.000000 0.839232 0.666270 0.629850 0.358979 0.888110 0.936522 0.870234 0.929395 0.989203 0.897771 0.878847 0.783597 0.739358 0.746674 0.974706 0.917014 0.821988 0.997022 0.915968 0.619899 0.509289 0.455082 0.892788 0.840861 0.682710 0.703706 0.839824 0.890842 0.890261 0.886326 0.996522 0.949370 0.748626 0.747818 0.582623 0.674158 0.918127 0.974456 0.403018 0.620484 0.863395 0.902186 0.652538 0.629413 0.713073 0.837958 0.912599 0.872647 0.842177 0.896477 0.914808 0.858916 0.753061 0.767947 0.968418 0.982227 0.924927 0.975040 0.673763 0.628451 0.599107 0.439333 0.531009 0.563210 0.898571 0.906516 0.725236 0.812527 0.907815 0.860430 0.875046 0.924722 0.612399 0.715626 0.962437 0.907565 0.713180 0.815212 0.921663 0.825054 0.944641 0.537584 0.972581 0.631818 0.916796 0.983312 0.505062 0.540744 0.452337 0.506590 0.932386 0.720527 0.902230 0.812687 0.940590 0.809069 0.642671 0.791890 0.926755 0.873705 0.674282 0.638610 0.766472 0.670622 0.902857 0.911211 0.837420 0.901450 0.631591 0.810524 0.803882 0.843127
0.841353 0.903742 0.938342 0.839232 0.000000 0.927797 0.782233 0.948821 0.689598 0.861343 0.802556 0.788585 0.568383 0.672468 0.610957 0.639415 0.838958 0.868178 0.696334 0.831816 0.822215 0.964918 0.535028 0.757939 0.877507 0.771980 0.870286 0.869542 0.730445 0.775551 0.901748 0.934181 0.805056 0.933021 0.925116 0.885638 0.736257 0.980803 0.838256 0.790699 0.940255 0.843088 0.883333 0.760381 0.851727 0.937889 0.973001 0.986504 0.970929 0.974070 0.914276 0.947312 0.951126 0.917812 0.911435 0.977162 0.934098 0.977489 0.975263 0.869656 0.706263 0.725696 0.873181 0.841634 0.683729 0.954386 0.896843 0.773157 0.977422 0.940359 0.925602 0.816928 0.983318 0.970529 0.932528 0.924991 0.835329 0.950566 0.938292 0.980454 0.889379 0.846527 0.708838 0.920577 0.526632 0.885348 0.745032 0.685244 0.823042 0.784655 0.981373 0.884645 0.861775 0.950113 0.923784 0.970862 0.948190 0.643326 0.902448 0.803920 0.896708 0.876895 0.891398 0.945837 0.970232 0.918348 0.915714 0.795390 0.993641 0.865773 0.788316 0.800635 0.927716 0.936182 0.943145 0.944446
0.876764 0.919746 0.639290 0.666270 0.927797 0.000000 0.832867 0.790900 0.950633 0.865479 0.973842 0.982057 0.938911 0.833645 0.923857 0.745479 0.795017 0.845573 0.937528 0.905560 0.753018 0.976885 0.934837 0.702813 0.495105 0.490066 0.892925 0.627946 0.824888 0.749239 0.882334 0.892153 0.912589 0.863028 0.630256 0.810347 0.856651 0.912018 0.731055 0.639300 0.781588 0.978485 0.669280 0.853950 0.999968 0.988045 0.805523 0.866191 0.722420 0.711003 0.987205 0.909976 0.911178 0.896951 0.926934 0.803169 0.836019 0.869581 0.934027 0.925691 0.931242 0.870975 0.789071 0.796790 0.539246 0.530100 0.554222 0.581039 0.836446 0.885446 0.869187 0.842503 0.978755 0.958732 0.742783 0.989871 0.885016 0.749844 0.820281 0.912152 0.798864 0.942762 0.962598 0.939050 0.850100 0.585812 0.840933 0.843921 0.970727 0.835924 0.622960 0.731289 0.594344 0.687920 0.874386 0.671598 0.924616 0.979449 0.886543 0.774360 0.692414 0.899370 0.919110 0.972888 0.746639 0.724481 0.898805 0.927771 0.950194 0.933060 0.935235 0.812748 0.810016 0.922357 0.845121 0.772619
0.899696 0.998492 0.463634 0.629850 0.782233 0.832867 0.000000 0.435283 0.562907 0.648498 0.793697 0.834721 0.458494 0.475547 0.541423 0.507851 0.929626 0.925093 0.465584 0.735581 0.957195 0.881360 0.537562 0.593899 0.933948 0.987672 0.971236 0.936546 0.729798 0.771862 0.725674 0.596905 0.643114 0.597335 0.944412 0.884355 0.923304 0.990484 0.955970 0.885485 0.956499 0.985772 0.640274 0.697588 0.696592 0.671682 0.749107 0.566753 0.850226 0.777891 0.839019 0.776879 0.893324 0.861436 0.909939 0.899409 0.972012 0.901594 0.853403 0.976742 0.591313 0.660547 0.911016 0.993754 0.610823 0.750561 0.711651 0.900666 0.860513 0.955782 0.685700 0.709150 0.616935 0.681875 0.894474 0.765707 0.615970 0.744491 0.925895 0.961533 0.992035 0.976120 0.758359 0.974354 0.653069 0.639028 0.880164 0.864601 0.749861 0.795296 0.506694 0.571930 0.684133 0.686566 0.990370 0.879231 0.826856 0.961414 0.530282 0.467103 0.744205 0.540559 0.925169 0.756814 0.842472 0.912660 0.863980 0.710851 0.943554 0.949103 0.800027 0.614526 0.678223 0.825054 0.924937 0.775684
0.869553 0.869435 0.416642 0.358979 0.948821 0.790900 0.435283 0.000000 0.807831 0.918757 0.783745 0.766376 0.729971 0.646498 0.931435 0.724698 0.948976 0.945665 0.670397 0.768109 0.861589 0.986689 0.969759 0.673817 0.729614 0.696254 0.950350 0.975974 0.953931 0.900891 0.868556 0.746522 0.828980 0.610858 0.908486 0.918942 0.816732 0.788664 0.717260 0.841398 0.961238 0.917052 0.523586 0.612178 0.994447 0.762133 0.575463 0.501495 0.988296 0.863484 0.724669 0.692862 0.894730 0.862303 0.715799 0.703583 0.988119 0.978731 0.687268 0.758399 0.741736 0.675681 0.977157 0.966282 0.661561 0.487091 0.516512 0.637010 0.930475 0.845904 0.796117 0.755857 0.725747 0.760289 0.910204 0.895642 0.611186 0.673558 0.890905 0.889146 0.974910 0.914487 0.870999 0.950080 0.860713 0.486340 0.975995 0.843129 0.789437 0.794938 0.568572 0.690087 0.598238 0.738689 0.932734 0.770703 0.725114 0.804443 0.745317 0.724448 0.636463 0.711950 0.897136 0.775525 0.747175 0.665763 0.832413 0.706410 0.874524 0.915923 0.843828 0.748507 0.670162 0.747709 0.835032 0.877921
0.885442 0.773768 0.771811 0.888110 0.689598 0.950633 0.562907 0.807831 0.000000 0.440248 0.966225 0.919466 0.693676 0.728033 0.577016 0.533085 0.926901 0.877874 0.669181 0.993511 0.911187 0.966094 0.476121 0.614013 0.909859 0.851572 0.861357 0.820764 0.872150 0.895490 0.699025 0.749572 0.932658 0.918489 0.983475 0.862835 0.780526 0.847873 0.760985 0.724694 0.889093 0.948406 0.951504 0.982856 0.801157 0.899294 0.865458 0.995341 0.890736 0.844408 0.869167 0.972102 0.727232 0.644524 0.775450 0.825410 0.769838 0.748686 0.815321 0.744699 0.909431 0.896522 0.932831 0.901151 0.755507 0.919086 0.917363 0.767942 0.645528 0.751877 0.770427 0.842787 0.852080 0.955804 0.813301 0.969972 0.880673 0.861709 0.938633 0.824572 0.866612 0.846541 0.959965 0.802534 0.832514 0.981855 0.954209 0.829817 0.987931 0.972446 0.679262 0.571902 0.917275 0.705487 0.928229 0.957100 0.896814 0.786129 0.775753 0.649569 0.972451 0.650544 0.961822 0.992401 0.896990 0.974924 0.916668 0.826282 0.964832 0.872228 0.923378 0.821005 0.705414 0.868331 0.948784 0.962448
0.833706 0.704588 0.988459 0.936522 0.861343 0.865479 0.648498 0.918757 0.440248 0.000000 0.989991 0.796917 0.824612 0.891798 0.649395 0.719256 0.912431 0.855735 0.739316 0.944517 0.871551 0.966543 0.559218 0.877520 0.729060 0.732217 0.989691 0.719029 0.829390 0.849085 0.595737 0.597176 0.992500 0.954700 0.773500 0.946216 0.822139 0.800555 0.687734 0.524817 0.865439 0.902466 0.974251 0.922000 0.678966 0.775281 0.721701 0.986700 0.658956 0.660477 0.948167 0.970414 0.576241 0.470781 0.813401 0.744011 0.773811 0.735592 0.808723 0.837083 0.993343 0.929837 0.939688 0.944119 0.942517 0.625701 0.763033 0.620587 0.667230 0.793500 0.844005 0.681159 0.722781 0.819237 0.968394 0.970697 0.777588 0.959747 0.954269 0.852298 0.878188 0.772734 0.958925 0.710539 0.971309 0.689300 0.900021 0.840088 0.915297 0.989853 0.753665 0.641962 0.975155 0.745425 0.976259 0.972721 0.821163 0.892402 0.740399 0.623076 0.978751 0.641133 0.927414 0.983144 0.829597 0.799700 0.989638 0.754826 0.837113 0.834678 0.889992 0.835118 0.744021 0.891470 0.804982 0.942991
0.341704 0.435631 0.989810 0.870234 0.802556 0.973842 0.793697 0.783745 0.966225 0.989991 0.000000 0.372162 0.508208 0.578845 0.789929 0.921610 0.381058 0.354352 0.457977 0.371241 0.991113 0.936045 0.952114 0.951937 0.771183 0.740289 0.907636 0.946586 0.444816 0.361490 0.849459 0.916303 0.514868 0.476285 0.890550 0.835444 0.909529 0.956588 0.855189 0.989652 0.914791 0.764909 0.797980 0.943686 0.962090 0.865473 0.853527 0.746706 0.638439 0.651295 0.710662 0.690121 0.942316 0.745788 0.747039 0.598344 0.415142 0.412306 0.418372 0.525259 0.404178 0.413489 0.357580 0.349959 0.990999 0.918203 0.826129 0.956693 0.618549 0.524379 0.964001 0.829083 0.830933 0.985431 0.858565 0.990703 0.915919 0.989830 0.597484 0.562535 0.364247 0.375308 0.556008 0.434035 0.592525 0.739663 0.811040 0.631189 0.691519 0.594408 0.796306 0.628597 0.703724 0.580284 0.750339 0.929806 0.650244 0.976002 0.875947 0.967532 0.965958 0.973422 0.765074 0.812701 0.903142 0.917005 0.803096 0.727995 0.963611 0.856031 0.957678 0.925253 0.899868 0.842464 0.899048 0.751207
0.329461 0.310932 0.865124 0.929395 0.788585 0.982057 0.834721 0.766376 0.919466 0.796917 0.372162 0.000000 0.531967 0.526257 0.836445 0.918252 0.379034 0.364266 0.509422 0.385680 0.896027 0.940296 0.940760 0.950536 0.913183 0.800548 0.969858 0.897149 0.495016 0.427096 0.778057 0.916913 0.532614 0.531740 0.946853 0.855576 0.919606 0.865571 0.996543 0.997748 0.951032 0.826913 0.796340 0.852043 0.922664 0.970212 0.738719 0.801940 0.844723 0.763626 0.743524 0.707143 0.785890 0.603433 0.655964 0.639118 0.374565 0.369768 0.487970 0.547695 0.397371 0.324330 0.383925 0.369633 0.895427 0.733580 0.777464 0.897443 0.518281 0.491020 0.916725 0.773534 0.809576 0.965387 0.898471 0.896296 0.839362 0.947051 0.644779 0.505764 0.359717 0.317638 0.471751 0.383475 0.476643 0.587444 0.687689 0.591103 0.594081 0.567592 0.729489 0.582575 0.713683 0.590670 0.787931 0.997050 0.603310 0.972219 0.980378 0.923755 0.948069 0.938649 0.909099 0.915138 0.981382 0.890364 0.809314 0.780790 0.843991 0.883639 0.879346 0.929587 0.864070 0.939275 0.868453 0.777740
0.573308 0.662821 0.748322 0.989203 0.568383 0.938911 0.458494 0.729971 0.693676 0.824612 0.508208 0.531967 0.000000 0.338661 0.399644 0.482567 0.581558 0.548681 0.359101 0.456728 0.866288 0.829719 0.486916 0.650340 0.900929 0.727862 0.955624 0.894870 0.460495 0.514335 0.958237 0.753643 0.467975 0.507623 0.965508 0.877146 0.816898 0.970453 0.879092 0.837280 0.977847 0.915636 0.982734 0.950306 0.712389 0.781025 0.782604 0.716866 0.754025 0.753799 0.810442 0.735806 0.917199 0.999292 0.901818 0.826198 0.674940 0.734882 0.719032 0.941941 0.348579 0.432936 0.557073 0.586849 0.626820 0.834597 0.870272 0.984351 0.889082 0.861645 0.864621 0.989903 0.752754 0.798853 0.956314 0.831928 0.831252 0.837675 0.742382 0.751489 0.649053 0.640383 0.508048 0.608387 0.376691 0.623059 0.675312 0.546559 0.620316 0.637757 0.942560 0.995013 0.908175 0.894303 0.880006 0.943736 0.828929 0.850678 0.653094 0.663951 0.972729 0.745261 0.991915 0.851911 0.870286 0.943000 0.915278 0.921673 0.920480 0.948061 0.942854 0.706974 0.834229 0.852279 0.880482 0.734223
0.633022 0.677874 0.648015 0.897771 0.672468 0.833645 0.475547 0.646498 0.728033 0.891798 0.578845 0.526257 0.338661 0.000000 0.510824 0.503089 0.678451 0.638779 0.438634 0.538477 0.983398 0.806598 0.580340 0.605129 0.998863 0.908486 0.952811 0.958931 0.523425 0.661156 0.912288 0.755196 0.489555 0.496927 0.812266 0.985885 0.918783 0.910688 0.963798 0.937100 0.972414 0.890328 0.869651 0.846622 0.703352 0.705996 0.626482 0.630411 0.780507 0.706418 0.688532 0.589093 0.893703 0.969864 0.810092 0.776344 0.730740 0.782674 0.653433 0.883526 0.394228 0.444580 0.602804 0.643437 0.619432 0.720442 0.705921 0.837368 0.943066 0.843042 0.871381 0.951556 0.864304 0.771499 0.924650 0.730900 0.837378 0.797308 0.754369 0.720865 0.714413 0.690093 0.504557 0.642215 0.423414 0.520695 0.763467 0.595688 0.597300 0.555423 0.862955 0.966476 0.976436 0.944411 0.962602 0.949517 0.769228 0.922089 0.645486 0.649303 0.929232 0.838216 0.946625 0.924139 0.894425 0.924010 0.984223 0.964733 0.965166 0.912343 0.990299 0.758628 0.831056 0.813665 0.852372 0.840503
0.878343 0.951683 0.820016 0.878847 0.610957 0.923857 0.541423 0.931435 0.577016 0.649395 0.789929 0.836445 0.399644 0.510824 0.000000 0.397728 0.813197 0.782107 0.596786 0.767605 0.863975 0.870866 0.353277 0.662308 0.936321 0.760015 0.860264 0.929101 0.560772 0.701838 0.746449 0.711780 0.578674 0.759411 0.897167 0.900405 0.829566 0.851136 0.737029 0.705152 0.924607 0.967623 0.989050 0.956073 0.661549 0.826897 0.991196 0.921575 0.810919 0.884541 0.969980 0.949011 0.802898 0.801160 0.956586 0.907597 0.972717 0.995704 0.959437 0.728488 0.609385 0.713051 0.809838 0.809945 0.615774 0.950879 0.943833 0.805596 0.772625 0.867618 0.880842 0.936294 0.802076 0.870498 0.948534 0.798632 0.828400 0.840935 0.922156 0.926884 0.912159 0.956403 0.628686 0.840403 0.561904 0.841329 0.726502 0.680136 0.833019 0.849117 0.882270 0.842877 0.936891 0.959585 0.917077 0.922133 0.936504 0.744319 0.669553 0.616685 0.904319 0.798797 0.941369 0.975773 0.948869 0.897620 0.953692 0.982032 0.974847 0.902383 0.964583 0.662126 0.852855 0.877526 0.986219 0.810711
0.938981 0.928112 0.611794 0.783597 0.639415 0.745479 0.507851 0.724698 0.533085 0.719256 0.921610 0.918252 0.482567 0.503089 0.397728 0.000000 0.978636 0.982750 0.695711 0.871070 0.957931 0.907893 0.414044 0.413064 0.782535 0.939485 0.765575 0.948047 0.789894 0.957284 0.699474 0.767023 0.751217 0.840204 0.882177 0.991419 0.947579 0.926233 0.981675 0.909739 0.989781 0.994022 0.719247 0.816732 0.803984 0.854324 0.874082 0.852762 0.979555 0.948821 0.959602 0.914245 0.866435 0.814097 0.900979 0.948076 0.851765 0.838736 0.866645 0.689406 0.781882 0.777778 0.951647 0.933721 0.424349 0.794005 0.899233 0.965178 0.700179 0.788795 0.748730 0.889427 0.877670 0.778101 0.901865 0.763885 0.737064 0.772769 0.980289 0.981379 0.858966 0.909960 0.727588 0.980641 0.635186 0.664972 0.824076 0.867144 0.888375 0.799995 0.660488 0.612221 0.789979 0.671746 0.961259 0.917316 0.908356 0.713871 0.714862 0.575565 0.906995 0.739998 0.818157 0.993932 0.813816 0.950357 0.947145 0.907283 0.954747 0.828914 0.929264 0.709550 0.663969 0.782641 0.821998 0.966472
0.312699 0.325415 0.896577 0.739358 0.838958 0.795017 0.929626 0.948976 0.926901 0.912431 0.381058 0.379034 0.581558 0.678451 0.813197 0.978636 0.000000 0.263790 0.515295 0.405461 0.840480 0.900525 0.980420 0.832135 0.665137 0.585995 0.958484 0.868758 0.452288 0.331602 0.801824 0.990826 0.541111 0.549002 0.941463 0.781974 0.968088 0.990498 0.847822 0.913192 0.952212 0.805295 0.676415 0.867617 0.999476 0.916036 0.814537 0.867200 0.685817 0.653881 0.751148 0.763508 0.949451 0.742115 0.703106 0.737742 0.313790 0.323597 0.521209 0.603495 0.452332 0.471498 0.293547 0.286462 0.907604 0.991349 0.973160 0.942429 0.536429 0.510701 0.862872 0.799053 0.859912 0.990323 0.900840 0.912166 0.839578 0.986453 0.526442 0.481308 0.287231 0.342625 0.525706 0.379662 0.560860 0.813962 0.705597 0.543725 0.617366 0.633999 0.587541 0.505912 0.506299 0.445640 0.836197 0.861807 0.692193 0.965511 0.969241 0.842684 0.739828 0.900249 0.807283 0.842763 0.933201 0.991395 0.767372 0.703182 0.903115 0.911127 0.921475 0.898272 0.851272 0.827784 0.926596 0.679967
0.289940 0.301577 0.902881 0.746674 0.868178 0.845573 0.925093 0.945665 0.877874 0.855735 0.354352 0.364266 0.548681 0.638779 0.782107 0.982750 0.263790 0.000000 0.509513 0.353466 0.861504 0.822026 0.938550 0.884773 0.739632 0.604283 0.998478 0.928250 0.419393 0.349277 0.769485 0.975317 0.515278 0.585034 0.950649 0.818175 0.981880 0.977639 0.886253 0.933698 0.908247 0.787223 0.668711 0.852095 0.953769 0.969876 0.808189 0.842049 0.716325 0.708182 0.798328 0.796823 0.871260 0.681179 0.715901 0.716886 0.310387 0.306066 0.516465 0.579252 0.449708 0.460969 0.290397 0.278403 0.967165 0.987051 0.996192 0.957705 0.488865 0.491543 0.883039 0.788567 0.847827 0.958086 0.967527 0.933141 0.855091 0.988166 0.554259 0.492077 0.287774 0.316213 0.488480 0.312820 0.523493 0.764124 0.662452 0.520620 0.595604 0.618455 0.564910 0.495167 0.509829 0.439268 0.802627 0.842545 0.667658 0.979614 0.963840 0.839893 0.739369 0.858329 0.892014 0.869161 0.964614 0.995125 0.778007 0.687112 0.899464 0.903324 0.881503 0.932813 0.812270 0.872056 0.938970 0.714618
0.489991 0.602441 0.790238 0.974706 0.696334 0.937528 0.465584 0.670397 0.669181 0.739316 0.457977 0.509422 0.359101 0.438634 0.596786 0.695711 0.515295 0.509513 0.000000 0.424785 0.833416 0.834116 0.598314 0.800375 0.732733 0.623811 0.965503 0.788862 0.450874 0.397491 0.965641 0.780736 0.552796 0.498015 0.833588 0.815369 0.793595 0.948433 0.765210 0.777337 0.964995 0.929602 0.903580 0.994286 0.818104 0.817857 0.872232 0.696830 0.642654 0.566927 0.810817 0.714228 0.939217 0.959181 0.832483 0.818815 0.592749 0.648992 0.633267 0.742093 0.379097 0.422061 0.499953 0.531063 0.848799 0.932426 0.923259 0.883910 0.738318 0.735895 0.874755 0.995113 0.655508 0.821474 0.864511 0.863478 0.917286 0.955557 0.713609 0.708747 0.536109 0.538832 0.561195 0.632951 0.462238 0.747820 0.794946 0.536246 0.613796 0.643607 0.959758 0.965958 0.852883 0.838291 0.908301 0.928344 0.732638 0.944375 0.725114 0.726975 0.989319 0.755007 0.892636 0.826428 0.988569 0.994299 0.936940 0.987132 0.902392 0.942482 0.978971 0.714530 0.929842 0.855887 0.957131 0.703653
0.368203 0.397526 0.925873 0.917014 0.831816 0.905560 0.735581 0.768109 0.993511 0.944517 0.371241 0.385680 0.456728 0.538477 0.767605 0.871070 0.405461 0.353466 0.424785 0.000000 0.805199 0.780340 0.845562 0.952869 0.807140 0.688768 0.988074 0.849690 0.494408 0.379589 0.773871 0.993895 0.612075 0.556664 0.832932 0.816872 0.925724 0.895781 0.942130 0.910417 0.946723 0.858276 0.796930 0.906518 0.930060 0.979872 0.795500 0.791295 0.787598 0.763414 0.831096 0.825394 0.774909 0.679127 0.729500 0.650704 0.411113 0.425571 0.550242 0.610563 0.433732 0.431069 0.419094 0.430665 0.890502 0.841847 0.937157 0.952068 0.571261 0.560063 0.948523 0.886613 0.778148 0.886178 0.970984 0.999279 0.980466 0.979269 0.611938 0.560630 0.395265 0.368314 0.481847 0.405941 0.470639 0.672963 0.641153 0.535915 0.519112 0.577174 0.735184 0.691083 0.705625 0.645548 0.810221 0.906255 0.688573 0.991052 0.910601 0.966025 0.887313 0.994723 0.974451 0.897991 0.993249 0.938952 0.871377 0.820653 0.905446 0.861649 0.920234 0.904928 0.945994 0.918436 0.925488 0.751719
0.907989 0.905892 0.930676 0.821988 0.822215 0.753018 0.957195 0.861589 0.911187 0.871551 0.991113 0.896027 0.866288 0.983398 0.863975 0.957931 0.840480 0.861504 0.833416 0.805199 0.000000 0.873208 0.735556 0.938668 0.725065 0.672319 0.925803 0.762691 0.867260 0.790995 0.877822 0.897850 0.961717 0.956342 0.989238 0.911667 0.921695 0.809135 0.817886 0.609819 0.959359 0.865927 0.708865 0.697067 0.893976 0.766678 0.790010 0.823651 0.976701 0.920460 0.819396 0.906383 0.997761 0.975700 0.887800 0.961239 0.949760 0.968820 0.887128 0.990078 0.931109 0.911481 0.927128 0.892433 0.977896 0.858757 0.781033 0.703288 0.949017 0.886238 0.887647 0.970750 0.755233 0.884140 0.983914 0.900111 0.924000 0.894318 0.960802 0.919727 0.892908 0.883686 0.863613 0.994526 0.810209 0.844920 0.912233 0.752637 0.930703 0.956205 0.815928 0.989470 0.804047 0.954098 0.869083 0.804534 0.932268 0.945956 0.907328 0.915495 0.731357 0.867449 0.951135 0.865540 0.894113 0.834549 0.994190 0.955439 0.928659 0.952737 0.942253 0.975333 0.870826 0.858726 0.856277 0.898846
0.886885 0.888416 0.967390 0.997022 0.964918 0.976885 0.881360 0.986689 0.966094 0.966543 0.936045 0.940296 0.829719 0.806598 0.870866 0.907893 0.900525 0.822026 0.834116 0.780340 0.873208 0.000000 0.923156 0.889655 0.943816 0.887592 0.935660 0.975416 0.847234 0.930382 0.984840 0.922320 0.821333 0.848837 0.993879 0.945844 0.974601 0.855319 0.984724 0.920703 0.909094 0.919381 0.966218 0.960571 0.941239 0.880024 0.907711 0.864356 0.917039 0.885108 0.903998 0.985373 0.901275 0.975429 0.942967 0.853100 0.899524 0.928110 0.958370 0.972912 0.918446 0.975128 0.883139 0.931032 0.927068 0.996594 0.955888 0.957043 0.996085 0.969523 0.788957 0.996192 0.993840 0.941429 0.953466 0.842169 0.921040 0.952937 0.877836 0.856059 0.927280 0.906827 0.832673 0.884793 0.788758 0.940327 0.831770 0.734207 0.758358 0.749096 0.962013 0.998257 0.956665 0.968978 0.809208 0.866487 0.992652 0.979007 0.948911 0.892641 0.895222 0.857980 0.998334 0.954078 0.889779 0.970682 0.963416 0.973675 0.948614 0.943965 0.988815 0.892989 0.924763 0.890274 0.998037 0.933809
0.992819 0.924872 0.761168 0.915968 0.535028 0.934837 0.537562 0.969759 0.476121 0.559218 0.952114 0.940760 0.486916 0.580340 0.353277 0.414044 0.980420 0.938550 0.598314 0.845562 0.735556 0.923156 0.000000 0.553494 0.954716 0.731552 0.795387 0.888389 0.691311 0.812649 0.759795 0.774486 0.733117 0.928970 0.934067 0.914252 0.768583 0.893222 0.747197 0.593929 0.876559 0.882044 0.975167 0.923124 0.732935 0.963327 0.913795 0.985596 0.893859 0.912215 0.844863 0.964750 0.780400 0.697764 0.826593 0.793679 0.911774 0.875358 0.811512 0.706388 0.712108 0.774459 0.970890 0.952231 0.575615 0.943470 0.868990 0.688952 0.791247 0.782097 0.848811 0.885775 0.780829 0.814493 0.944128 0.837891 0.861043 0.896145 0.986694 0.936311 0.977431 0.972855 0.687872 0.977502 0.536883 0.891396 0.800425 0.620939 0.837160 0.840657 0.814916 0.677597 0.995978 0.789148 0.978549 0.994870 0.912492 0.716387 0.747748 0.587368 0.927736 0.707623 0.772807 0.913574 0.990367 0.866249 0.977061 0.964730 0.987572 0.893881 0.976112 0.748453 0.789172 0.981758 0.968217 0.961883
0.892439 0.904344 0.488215 0.619899 0.757939 0.702813 0.593899 0.673817 0.614013 0.877520 0.951937 0.950536 0.650340 0.605129 0.662308 0.413064 0.832135 0.884773 0.800375 0.952869 0.938668 0.889655 0.553494 0.000000 0.602981 0.799997 0.722194 0.938513 0.974995 0.887067 0.798786 0.888343 0.885474 0.882954 0.850302 0.952032 0.995291 0.784727 0.862275 0.991921 0.915802 0.939653 0.692553 0.908003 0.948932 0.995401 0.846203 0.882865 0.789787 0.846224 0.943335 0.890121 0.970399 0.925729 0.921640 0.994371 0.781474 0.809494 0.884637 0.777769 0.869435 0.804146 0.838436 0.817971 0.402352 0.609469 0.743463 0.874401 0.797867 0.808926 0.730119 0.924918 0.950154 0.950225 0.807100 0.807480 0.800427 0.737355 0.965637 0.816915 0.788890 0.880665 0.776564 0.961951 0.664608 0.569583 0.779438 0.925545 0.854186 0.872906 0.656007 0.627607 0.698348 0.599827 0.943228 0.746252 0.910076 0.894810 0.867146 0.657819 0.819260 0.782112 0.653614 0.963667 0.721407 0.786964 0.876717 0.860497 0.969678 0.968251 0.942898 0.837153 0.733138 0.911884 0.837140 0.835371
0.775584 0.868409 0.565074 0.509289 0.877507 0.495105 0.933948 0.729614 0.909859 0.729060 0.771183 0.913183 0.900929 0.998863 0.936321 0.782535 0.665137 0.739632 0.732733 0.807140 0.725065 0.943816 0.954716 0.602981 0.000000 0.403445 0.726385 0.713222 0.656716 0.593542 0.853309 0.825702 0.946091 0.973915 0.740253 0.796653 0.670973 0.635181 0.533367 0.618106 0.865633 0.930105 0.534497 0.787939 0.848947 0.941240 0.706505 0.893433 0.587641 0.565913 0.999510 0.930171 0.785665 0.843308 0.900687 0.875279 0.740527 0.799934 0.936946 0.895033 0.861218 0.997727 0.648968 0.653155 0.524549 0.454939 0.571439 0.547394 0.848019 0.872152 0.872991 0.975063 0.911843 0.975801 0.933783 0.945774 0.802957 0.687537 0.826798 0.797409 0.689128 0.807900 0.967601 0.919057 0.991135 0.543449 0.837276 0.638046 0.957723 0.994610 0.678903 0.733576 0.533047 0.618489 0.995761 0.655858 0.996527 0.856571 0.997960 0.842233 0.628439 0.980433 0.792868 0.970165 0.657758 0.621858 0.890978 0.841257 0.925295 0.893317 0.938021 0.959859 0.810792 0.919213 0.719112 0.682433
0.686088 0.786635 0.637389 0.455082 0.771980 0.490066 0.987672 0.696254 0.851572 0.732217 0.740289 0.800548 0.727862 0.908486 0.760015 0.939485 0.585995 0.604283 0.623811 0.688768 0.672319 0.887592 0.731552 0.799997 0.403445 0.000000 0.937931 0.590345 0.570775 0.492715 0.882854 0.986180 0.829220 0.967046 0.751893 0.776952 0.694462 0.786106 0.528984 0.528405 0.887695 0.990442 0.450095 0.654135 0.868820 0.989260 0.721994 0.872019 0.642684 0.649601 0.926854 0.893694 0.886125 0.901995 0.874002 0.816390 0.671281 0.740918 0.997373 0.961765 0.753248 0.846804 0.560608 0.570647 0.695934 0.505499 0.509887 0.470023 0.827713 0.805409 0.887976 0.958933 0.848174 0.931360 0.949431 0.993768 0.770246 0.704720 0.813595 0.837150 0.605911 0.717535 0.782401 0.765117 0.769726 0.667858 0.863256 0.466727 0.879186 0.974461 0.621570 0.698052 0.472825 0.598601 0.874583 0.706693 0.974897 0.782402 0.973989 0.944978 0.622869 0.980731 0.974415 0.945759 0.701203 0.633884 0.869161 0.832006 0.926849 0.937356 0.912917 0.990891 0.788310 0.935206 0.802361 0.687986
0.955173 0.998517 0.829019 0.892788 0.870286 0.892925 0.971236 0.950350 0.861357 0.989691 0.907636 0.969858 0.955624 0.952811 0.860264 0.765575 0.958484 0.998478 0.965503 0.988074 0.925803 0.935660 0.795387 0.722194 0.726385 0.937931 0.000000 0.925826 0.996085 0.920618 0.892718 0.860748 0.960192 0.941394 0.984593 0.832770 0.864284 0.795537 0.874498 0.984068 0.949709 0.892013 0.969127 0.847383 0.796199 0.786789 0.956424 0.926421 0.750443 0.764253 0.800222 0.896176 0.895194 0.923886 0.984666 0.867885 0.893420 0.955882 0.858552 0.866953 0.944717 0.978371 0.899979 0.909659 0.669697 0.818090 0.987296 0.936476 0.969617 0.932210 0.991133 0.993870 0.969401 0.826378 0.981926 0.876838 0.885190 0.919048 0.894841 0.973424 0.956065 0.983863 0.796493 0.967135 0.805110 0.797991 0.736874 0.901541 0.833150 0.969906 0.996939 0.862305 0.967555 0.899211 0.961603 0.881564 0.978096 0.973356 0.899747 0.908363 0.942649 0.899703 0.704608 0.804995 0.875276 0.859919 0.979461 0.984044 0.984931 0.998813 0.942037 0.897751 0.953422 0.885225 0.868840 0.769460
0.904308 0.953607 0.918955 0.840861 0.869542 0.627946 0.936546 0.975974 0.820764 0.719029 0.946586 0.897149 0.894870 0.958931 0.929101 0.948047 0.868758 0.928250 0.788862 0.849690 0.762691 0.975416 0.888389 0.938513 0.713222 0.590345 0.925826 0.000000 0.821800 0.735225 0.958274 0.974180 0.969556 0.953494 0.709659 0.897532 0.985807 0.989975 0.718071 0.667614 0.816459 0.836265 0.728305 0.833044 0.976956 0.980107 0.855659 0.887220 0.808411 0.752392 0.967040 0.952116 0.920315 0.901093 0.912895 0.882374 0.892277 0.940280 0.943586 0.910764 0.949325 0.933665 0.867720 0.876807 0.802150 0.769735 0.747852 0.695766 0.906975 0.934375 0.961643 0.883280 0.806978 0.944683 0.890703 0.986256 0.883747 0.862358 0.944081 0.988228 0.866259 0.906162 0.911230 0.997443 0.943894 0.783491 0.950602 0.759830 0.813552 0.950108 0.883527 0.956350 0.799691 0.879743 0.986833 0.936892 0.984119 0.895976 0.936005 0.942853 0.999892 0.872589 0.981422 0.945156 0.809843 0.768553 0.960431 0.997925 0.902001 0.941710 0.952461 0.918743 0.933892 0.979596 0.908676 0.873318
0.480817 0.566862 0.987426 0.682710 0.730445 0.824888 0.729798 0.953931 0.872150 0.829390 0.444816 0.495016 0.460495 0.523425 0.560772 0.789894 0.452288 0.419393 0.450874 0.494408 0.867260 0.847234 0.691311 0.974995 0.656716 0.570775 0.996085 0.821800 0.000000 0.345942 0.945648 0.819722 0.476570 0.551335 0.980825 0.792429 0.910069 0.878956 0.706222 0.709918 0.979533 0.881296 0.761686 0.955279 0.745970 0.804541 0.928268 0.825369 0.538228 0.587616 0.805340 0.828564 0.887097 0.985534 0.804368 0.856760 0.515325 0.564793 0.659089 0.776894 0.467493 0.541274 0.378865 0.394897 0.981896 0.841303 0.945026 0.818827 0.756763 0.717691 0.964974 0.989730 0.757494 0.894169 0.987196 0.816844 0.919411 0.933195 0.622281 0.631551 0.452868 0.514507 0.496277 0.570260 0.544220 0.893046 0.819174 0.497081 0.696117 0.664157 0.809495 0.730397 0.642441 0.644371 0.875803 0.842726 0.848775 0.834773 0.754775 0.911364 0.829425 0.983477 0.849672 0.846563 0.841848 0.809050 0.887562 0.821701 0.939990 0.997467 0.938628 0.767795 0.911578 0.843644 0.973658 0.673967
0.358832 0.460732 0.928107 0.703706 0.775551 0.749239 0.771862 0.900891 0.895490 0.849085 0.361490 0.427096 0.514335 0.661156 0.701838 0.957284 0.331602 0.349277 0.397491 0.379589 0.790995 0.930382 0.812649 0.887067 0.593542 0.492715 0.920618 0.735225 0.345942 0.000000 0.858518 0.877010 0.573921 0.578045 0.769872 0.728101 0.904379 0.911236 0.651417 0.714213 0.976296 0.853932 0.650407 0.847456 0.931062 0.918226 0.956548 0.869519 0.579361 0.588683 0.855330 0.858656 0.990681 0.827367 0.777764 0.800489 0.390810 0.429971 0.580141 0.616581 0.445907 0.495796 0.352243 0.341357 0.872929 0.865807 0.894683 0.765630 0.596967 0.544976 0.951155 0.926434 0.673287 0.927293 0.954001 0.908104 0.860449 0.938523 0.580808 0.581441 0.335713 0.387999 0.534885 0.496971 0.568748 0.926850 0.745102 0.507273 0.637659 0.709588 0.716431 0.647782 0.557131 0.552027 0.815943 0.871881 0.756048 0.975361 0.849687 0.999491 0.792909 0.919274 0.796655 0.788331 0.850569 0.892503 0.865404 0.799510 0.940480 0.910906 0.966288 0.825630 0.882645 0.893011 0.963002 0.643293
0.733412 0.660617 0.815575 0.839824 0.901748 0.882334 0.725674 0.868556 0.699025 0.595737 0.849459 0.778057 0.958237 0.912288 0.746449 0.699474 0.801824 0.769485 0.965641 0.773871 0.877822 0.984840 0.759795 0.798786 0.853309 0.882854 0.892718 0.958274 0.945648 0.858518 0.000000 0.677498 0.914255 0.926405 0.985976 0.738306 0.927375 0.931825 0.941764 0.949383 0.960669 0.923341 0.727808 0.772995 0.725276 0.750843 0.932890 0.926881 0.907013 0.874000 0.907527 0.855314 0.647137 0.598858 0.840678 0.878588 0.679456 0.684466 0.876311 0.801480 0.907782 0.901153 0.825454 0.793929 0.889062 0.895558 0.882129 0.986787 0.597830 0.673886 0.812541 0.761911 0.942646 0.880330 0.892428 0.836930 0.644931 0.840699 0.895194 0.886370 0.727163 0.643736 0.966180 0.742206 0.889988 0.959809 0.887119 0.861304 0.946169 0.983098 0.660308 0.626695 0.726083 0.674854 0.951703 0.901139 0.952785 0.857406 0.770270 0.621084 0.784352 0.714542 0.950203 0.986100 0.867615 0.895214 0.923090 0.714405 0.984661 0.862978 0.942837 0.810339 0.788860 0.822995 0.962225 0.998392
0.997014 0.893623 0.880626 0.890842 0.934181 0.892153 0.596905 0.746522 0.749572 0.597176 0.916303 0.916913 0.753643 0.755196 0.711780 0.767023 0.990826 0.975317 0.780736 0.993895 0.897850 0.922320 0.774486 0.888343 0.825702 0.986180 0.860748 0.974180 0.819722 0.877010 0.677498 0.000000 0.768547 0.759379 0.958664 0.900560 0.959124 0.899475 0.864194 0.745470 0.987015 0.910331 0.752640 0.674863 0.636645 0.626231 0.903885 0.730383 0.722153 0.669075 0.708530 0.742538 0.583526 0.630733 0.937443 0.934319 0.858683 0.820007 0.914218 0.982260 0.846969 0.991548 0.963397 0.995715 0.996058 0.876535 0.885818 0.998377 0.788708 0.857564 0.773921 0.595186 0.758250 0.705432 0.961015 0.767717 0.694999 0.767288 0.920994 0.957421 0.926141 0.822741 0.959707 0.883314 0.989169 0.933369 0.822131 0.974279 0.953098 0.979737 0.708945 0.767920 0.807281 0.872880 0.937394 0.975874 0.954821 0.846560 0.531117 0.589913 0.876933 0.673817 0.664555 0.801702 0.905527 0.934769 0.741414 0.723401 0.940483 0.989102 0.881058 0.750723 0.754210 0.856728 0.899158 0.824362
0.552250 0.615015 0.847146 0.890261 0.805056 0.912589 0.643114 0.828980 0.932658 0.992500 0.514868 0.532614 0.467975 0.489555 0.578674 0.751217 0.541111 0.515278 0.552796 0.612075 0.961717 0.821333 0.733117 0.885474 0.946091 0.829220 0.960192 0.969556 0.476570 0.573921 0.914255 0.768547 0.000000 0.481297 0.753239 0.952045 0.996041 0.940033 0.917819 0.995664 0.856068 0.828012 0.976221 0.876281 0.691869 0.739854 0.701825 0.770220 0.728110 0.706960 0.611131 0.592451 0.824398 0.962657 0.770630 0.666517 0.611431 0.645328 0.541423 0.734399 0.397900 0.477070 0.476165 0.500125 0.820139 0.864089 0.698452 0.818012 0.847840 0.803679 0.995115 0.989461 0.817102 0.895068 0.972247 0.823119 0.978247 0.870865 0.722360 0.692974 0.586065 0.609963 0.595091 0.547783 0.523581 0.660366 0.795331 0.653858 0.692539 0.688368 0.994427 0.819238 0.927358 0.731215 0.910732 0.933727 0.574573 0.945180 0.643186 0.731080 0.873324 0.904861 0.758832 0.859598 0.889941 0.835919 0.870082 0.850220 0.896411 0.897246 0.895894 0.803981 0.972756 0.814153 0.800169 0.695962
0.525847 0.617082 0.744756 0.886326 0.933021 0.863028 0.597335 0.610858 0.918489 0.954700 0.476285 0.531740 0.507623 0.496927 0.759411 0.840204 0.549002 0.585034 0.498015 0.556664 0.956342 0.848837 0.928970 0.882954 0.973915 0.967046 0.941394 0.953494 0.551335 0.578045 0.926405 0.759379 0.481297 0.000000 0.911975 0.999207 0.994546 0.926124 0.993078 0.949173 0.820429 0.826714 0.849213 0.765925 0.726877 0.598152 0.657711 0.555970 0.652589 0.628034 0.529716 0.555532 0.910759 0.916150 0.645540 0.599917 0.628602 0.652354 0.455714 0.622907 0.401537 0.439699 0.532384 0.574795 0.872811 0.746711 0.620553 0.683284 0.850151 0.763543 0.934675 0.926284 0.886208 0.842071 0.805119 0.860066 0.816856 0.868306 0.690119 0.569365 0.576918 0.621443 0.670336 0.644725 0.642971 0.601818 0.883391 0.793094 0.698816 0.620955 0.880505 0.875864 0.957048 0.816060 0.869921 0.904695 0.704610 0.822807 0.643256 0.758201 0.769855 0.815725 0.673451 0.745782 0.916419 0.754949 0.949830 0.962630 0.979938 0.926331 0.816946 0.654315 0.905045 0.643529 0.831571 0.784340
0.931750 0.994530 0.897150 0.996522 0.925116 0.630256 0.944412 0.908486 0.983475 0.773500 0.890550 0.946853 0.965508 0.812266 0.897167 0.882177 0.941463 0.950649 0.833588 0.832932 0.989238 0.993879 0.934067 0.850302 0.740253 0.751893 0.984593 0.709659 0.980825 0.769872 0.985976 0.958664 0.753239 0.911975 0.000000 0.761401 0.884988 0.962935 0.745156 0.815072 0.828959 0.973517 0.869837 0.937271 0.845392 0.972910 0.824195 0.998445 0.781832 0.850228 0.875176 0.831731 0.844176 0.922172 0.887635 0.856870 0.902396 0.921880 0.978138 0.889679 0.911255 0.906920 0.990974 0.978496 0.778087 0.772242 0.699792 0.622873 0.850959 0.832350 0.970477 0.893762 0.785833 0.967650 0.986195 0.963897 0.988270 0.722338 0.951450 0.967038 0.874971 0.918866 0.993074 0.990038 0.902986 0.793747 0.969777 0.988714 0.992276 0.948903 0.882849 0.989797 0.853163 0.983525 0.865344 0.969311 0.917697 0.994847 0.881760 0.928506 0.920805 0.984087 0.962648 0.934988 0.893850 0.808706 0.962927 0.994635 0.907168 0.997916 0.912687 0.984450 0.978502 0.972502 0.886469 0.902984
0.809108 0.794059 0.980587 0.949370 0.885638 0.810347 0.884355 0.918942 0.862835 0.946216 0.835444 0.855576 0.877146 0.985885 0.900405 0.991419 0.781974 0.818175 0.815369 0.816872 0.911667 0.945844 0.914252 0.952032 0.796653 0.776952 0.832770 0.897532 0.792429 0.728101 0.738306 0.900560 0.952045 0.999207 0.761401 0.000000 0.867310 0.808394 0.840094 0.898440 0.849386 0.978246 0.901471 0.952017 0.990225 0.957848 0.989021 0.967288 0.783942 0.860112 0.924193 0.946848 0.940869 0.910512 0.997752 0.954897 0.756014 0.779105 0.982613 0.991219 0.898541 0.875545 0.846837 0.834911 0.987184 0.929304 0.789906 0.764609 0.848125 0.818556 0.861618 0.995032 0.868344 0.929818 0.951154 0.902362 0.810160 0.940963 0.845988 0.973811 0.752745 0.764278 0.942909 0.829556 0.846960 0.991130 0.889618 0.900700 0.982215 0.865107 0.872262 0.953783 0.759475 0.887327 0.917997 0.959233 0.994215 0.849168 0.926012 0.909481 0.864078 0.965475 0.963446 0.783586 0.803333 0.794789 0.892105 0.922906 0.929916 0.985859 0.984804 0.985159 0.943765 0.933910 0.970671 0.767025
0.999412 0.930006 0.764055 0.748626 0.736257 0.856651 0.923304 0.816732 0.780526 0.822139 0.909529 0.919606 0.816898 0.918783 0.829566 0.947579 0.968088 0.981880 0.793595 0.925724 0.921695 0.974601 0.768583 0.995291 0.670973 0.694462 0.864284 0.985807 0.910069 0.904379 0.927375 0.959124 0.996041 0.994546 0.884988 0.867310 0.000000 0.779583 0.613081 0.831079 0.851298 0.953519 0.817081 0.880500 0.831676 0.966034 0.753657 0.869198 0.879530 0.851657 0.935882 0.995625 0.892721 0.750870 0.724294 0.894904 0.945670 0.923235 0.948776 0.886454 0.907620 0.972394 0.949749 0.932100 0.947077 0.779088 0.763723 0.742585 0.896193 0.948025 0.928556 0.989731 0.870521 0.985830 0.995170 0.881622 0.929990 0.914073 0.938457 0.996072 0.978529 0.961807 0.913998 0.978035 0.909440 0.822650 0.910591 0.818567 0.918943 0.999850 0.974369 0.981827 0.858981 0.898639 0.957032 0.860906 0.914189 0.810851 0.907791 0.981909 0.835913 0.884790 0.969504 0.936937 0.740953 0.820673 0.951030 0.870249 0.987493 0.905282 0.998195 0.997344 0.994823 0.893015 0.815478 0.957325
0.923798 0.889411 0.785599 0.747818 0.980803 0.912018 0.990484 0.788664 0.847873 0.800555 0.956588 0.865571 0.970453 0.910688 0.851136 0.926233 0.990498 0.977639 0.948433 0.895781 0.809135 0.855319 0.893222 0.784727 0.635181 0.786106 0.795537 0.989975 0.878956 0.911236 0.931825 0.899475 0.940033 0.926124 0.962935 0.808394 0.779583 0.000000 0.724228 0.754189 0.968973 0.964626 0.774815 0.936584 0.919817 0.970379 0.707279 0.948167 0.867471 0.849183 0.827525 0.810824 0.855102 0.860609 0.855347 0.780917 0.944171 0.901409 0.882045 0.862161 0.954053 0.874630 0.996620 0.982749 0.781029 0.672780 0.747975 0.749550 0.876564 0.831225 0.912705 0.931576 0.869109 0.982306 0.955486 0.903415 0.906361 0.798521 0.964718 0.973756 0.997000 0.969476 0.876398 0.861804 0.898905 0.691562 0.830652 0.957336 0.698598 0.804950 0.948007 0.982499 0.858109 0.885149 0.931434 0.737997 0.824050 0.759056 0.970064 0.870466 0.712312 0.999941 0.966907 0.988162 0.659126 0.647156 0.933596 0.979810 0.950938 0.904757 0.924904 0.963761 0.880623 0.933763 0.666441 0.839030
