0.000000 0.344160 0.645482 0.685045 0.827632 0.861898 0.805449 0.871093 0.752082 0.755667 0.474852 0.477383 0.945738 0.951794 0.979800 0.899948 0.423145 0.402470 0.791778 0.733564 0.918382 0.924765 0.779285 0.793640 0.670465 0.681991 0.908089 0.861490 0.577607 0.549823 0.959903 0.993355 0.757964 0.608413 0.963406 0.964217 0.892144 0.838810 0.900633 0.820865 0.635657 0.625430 0.896183 0.714614 0.774418 0.598023 0.529020 0.624332 0.586747 0.632049 0.618173 0.668717 0.867583 0.898284 0.643181 0.742197 0.325283 0.370828 0.389435 0.429825 0.558707 0.768517 0.428370 0.389648 0.661249 0.731585 0.992468 0.710170 0.462260 0.524085 0.769216 0.827190 0.761491 0.838977 0.814248 0.965069 0.956860 0.896730 0.601461 0.661430 0.311971 0.392816 0.717712 0.441676 0.829662 0.911282 0.991715 0.928610 0.971204 0.849138 0.606792 0.587013 0.584872 0.476923 0.834858 0.819271 0.855983 0.998915 0.994354 0.894303 0.878011 0.779334 0.837690 0.676298 0.990837 0.928192 0.997345 0.948365 0.960419 0.854686 0.886778 0.955455 0.979634 0.786788 0.805538 0.887596
0.344160 0.000000 0.661289 0.714585 0.833553 0.918967 0.858411 0.896476 0.707429 0.660631 0.571781 0.472219 0.962485 0.913485 0.935973 0.934504 0.461026 0.449052 0.814049 0.814053 0.964691 0.928828 0.825655 0.811261 0.739229 0.708517 0.852277 0.778864 0.546675 0.569291 0.935445 0.981214 0.665771 0.644202 0.997602 0.985937 0.957757 0.996674 0.922922 0.828154 0.625122 0.622330 0.882416 0.717949 0.758452 0.604142 0.523793 0.619089 0.619269 0.611883 0.606862 0.637738 0.818709 0.911983 0.607002 0.744522 0.347839 0.346497 0.361234 0.379386 0.580321 0.808162 0.434453 0.396925 0.699939 0.757396 0.920293 0.672571 0.509125 0.557270 0.790986 0.841989 0.692483 0.827120 0.798748 0.953403 0.926307 0.963627 0.634956 0.608826 0.356022 0.408905 0.688355 0.444174 0.768271 0.868112 0.913427 0.867375 0.936478 0.843534 0.668268 0.628534 0.663446 0.506019 0.809582 0.789937 0.834688 0.876552 0.992682 0.925501 0.933715 0.816574 0.842333 0.750973 0.939796 0.931589 0.997698 0.927481 0.999446 0.821021 0.826340 0.895796 0.996002 0.814045 0.807023 0.813532
0.645482 0.661289 0.000000 0.343711 0.993197 0.783497 0.419810 0.445799 0.530275 0.690858 0.700530 0.838758 0.647648 0.870987 0.877672 0.598189 0.547883 0.505949 0.830631 0.867146 0.958352 0.864654 0.599647 0.557096 0.407701 0.478325 0.962807 0.942447 0.661275 0.693588 0.605468 0.678576 0.791983 0.946392 0.906235 0.880002 0.838722 0.833319 0.717765 0.820389 0.727186 0.904676 0.620293 0.779761 0.865583 0.936396 0.964936 0.968318 0.844737 0.931387 0.987824 0.965096 0.793966 0.704284 0.924384 0.893756 0.667381 0.440965 0.572000 0.574299 0.810980 0.955906 0.453437 0.468506 0.482153 0.509529 0.592088 0.946466 0.705470 0.663723 0.529353 0.590764 0.975363 0.958187 0.955827 0.850681 0.629985 0.625007 0.876271 0.885111 0.601041 0.673745 0.830310 0.711369 0.953505 0.762657 0.985193 0.836400 0.819557 0.982491 0.511292 0.469667 0.454715 0.458517 0.954925 0.690057 0.835364 0.740205 0.666166 0.607994 0.851918 0.595640 0.969356 0.810605 0.754935 0.902411 0.781372 0.837159 0.865644 0.999522 0.831769 0.962470 0.812050 0.891616 0.921258 0.840032
0.685045 0.714585 0.343711 0.000000 0.884543 0.824760 0.418283 0.390506 0.574350 0.707024 0.777308 0.819623 0.747852 0.794522 0.921769 0.647772 0.558718 0.571485 0.823009 0.857094 0.907440 0.981377 0.583269 0.535170 0.423742 0.463724 0.894493 0.965597 0.694337 0.720906 0.576920 0.624695 0.770480 0.978288 0.943713 0.828999 0.806118 0.845820 0.672638 0.851140 0.764340 0.880407 0.723042 0.817254 0.960902 0.912239 0.866013 0.963630 0.870266 0.980255 0.970733 0.942114 0.746971 0.731283 0.972904 0.910682 0.695969 0.513343 0.597061 0.606585 0.698510 0.891269 0.537080 0.521846 0.544533 0.648730 0.616307 0.945520 0.771032 0.826461 0.669921 0.686181 0.906817 0.887382 0.933549 0.906475 0.702797 0.692440 0.882801 0.902777 0.652374 0.743424 0.827642 0.797615 0.919415 0.766095 0.954547 0.963745 0.832049 0.862427 0.600474 0.528434 0.533819 0.499417 0.983552 0.693745 0.922024 0.839612 0.865899 0.733788 0.848410 0.631245 0.933918 0.757528 0.738905 0.868431 0.834558 0.945110 0.919996 0.955360 0.992627 0.800295 0.876580 0.851536 0.950711 0.855247
0.827632 0.833553 0.993197 0.884543 0.000000 0.927511 0.958213 0.855414 0.960042 0.983187 0.883058 0.982530 0.802439 0.998045 0.902782 0.834985 0.951943 0.966167 0.997291 0.932367 0.794451 0.910502 0.808912 0.820821 0.943904 0.879242 0.929856 0.955583 0.833338 0.863045 0.810978 0.753569 0.875750 0.790248 0.932924 0.953331 0.907653 0.862421 0.841456 0.830319 0.932857 0.903123 0.912228 0.773263 0.932518 0.779843 0.877869 0.830035 0.782224 0.711514 0.795583 0.861646 0.843818 0.941686 0.861286 0.934501 0.843013 0.900045 0.875765 0.813928 0.943061 0.995741 0.922892 0.922172 0.813200 0.781641 0.944439 0.808769 0.847339 0.709351 0.920843 0.974288 0.935818 0.930521 0.982482 0.892465 0.942659 0.994179 0.853062 0.870030 0.805442 0.863183 0.937746 0.855330 0.832183 0.897428 0.783357 0.906229 0.938743 0.997639 0.755524 0.832783 0.837210 0.785311 0.985255 0.966113 0.883147 0.897567 0.936870 0.794902 0.939409 0.914601 0.810302 0.846427 0.990664 0.932660 0.953255 0.949702 0.968759 0.742645 0.860681 0.906463 0.970246 0.973911 0.941898 0.939229
0.861898 0.918967 0.783497 0.824760 0.927511 0.000000 0.660326 0.630888 0.796253 0.591814 0.826958 0.947543 0.794605 0.904213 0.944027 0.767525 0.959970 0.809409 0.794302 0.885526 0.855112 0.996425 0.940678 0.983323 0.895064 0.775098 0.706023 0.977935 0.900991 0.935683 0.895263 0.832089 0.887138 0.889037 0.984686 0.947395 0.935262 0.869900 0.871826 0.967205 0.991073 0.988704 0.983993 0.787543 0.807677 0.656793 0.934762 0.679589 0.683659 0.693001 0.814340 0.846844 0.829841 0.936015 0.778379 0.869361 0.674611 0.809933 0.952293 0.902537 0.876451 0.802841 0.814153 0.814045 0.921606 0.572279 0.762683 0.754585 0.739787 0.716741 0.569872 0.613383 0.693628 0.770578 0.963862 0.987337 0.725461 0.806429 0.900405 0.882634 0.804461 0.829643 0.801717 0.725117 0.937513 0.953600 0.907182 0.853863 0.806129 0.655837 0.484648 0.515349 0.514506 0.650205 0.916828 0.906455 0.704336 0.959953 0.703100 0.710503 0.783070 0.828503 0.928385 0.898440 0.802469 0.948519 0.940450 0.867037 0.909076 0.912458 0.977023 0.826711 0.638610 0.951209 0.942026 0.821120
0.805449 0.858411 0.419810 0.418283 0.958213 0.660326 0.000000 0.390643 0.558352 0.671806 0.898918 0.984323 0.532325 0.852933 0.791516 0.545081 0.788062 0.754446 0.605709 0.916492 0.979056 0.942212 0.603151 0.625902 0.538487 0.661459 0.922279 0.940049 0.901390 0.923681 0.572745 0.564964 0.571376 0.733083 0.989742 0.957461 0.949814 0.943665 0.821636 0.894967 0.847053 0.906293 0.754755 0.887591 0.928995 0.902117 0.983139 0.987082 0.808519 0.878615 0.973607 0.996274 0.875672 0.887334 0.968251 0.905648 0.786812 0.623372 0.719371 0.674973 0.927171 0.973432 0.740520 0.713051 0.575725 0.556794 0.524202 0.815630 0.731852 0.730283 0.627326 0.619023 0.888907 0.972156 0.867313 0.886160 0.716423 0.662023 0.925146 0.964372 0.826619 0.915978 0.925763 0.913319 0.803192 0.684413 0.986125 0.947049 0.852630 0.936558 0.511497 0.488355 0.449782 0.543902 0.908623 0.786903 0.829254 0.929558 0.746371 0.708328 0.882686 0.575120 0.890057 0.763948 0.761388 0.884728 0.878866 0.916330 0.814640 0.987633 0.989845 0.923185 0.814154 0.920018 0.919172 0.936040
0.871093 0.896476 0.445799 0.390506 0.855414 0.630888 0.390643 0.000000 0.657748 0.526237 0.931055 0.898703 0.804401 0.964320 0.871439 0.765537 0.815979 0.728907 0.693379 0.857078 0.969800 0.991227 0.898927 0.833612 0.634889 0.628437 0.816293 0.938471 0.860359 0.897897 0.675783 0.602987 0.678950 0.765938 0.863535 0.996443 0.915614 0.930597 0.791842 0.803443 0.921904 0.996059 0.846735 0.944252 0.852367 0.784644 0.964343 0.914331 0.730968 0.849518 0.889481 0.906269 0.985674 0.996519 0.984733 0.983284 0.809232 0.656585 0.832672 0.839637 0.998697 0.784042 0.704063 0.713215 0.810196 0.570357 0.670853 0.788125 0.822609 0.774010 0.599985 0.519334 0.831662 0.934357 0.907201 0.963595 0.758780 0.782713 0.926377 0.995000 0.838441 0.870565 0.663802 0.798422 0.895550 0.981261 0.811734 0.773176 0.991470 0.873252 0.558230 0.558524 0.526888 0.619548 0.950354 0.839445 0.651226 0.798987 0.811518 0.753348 0.752966 0.730550 0.898010 0.779311 0.797566 0.839916 0.825775 0.913366 0.912767 0.934651 0.939563 0.889312 0.912196 0.947137 0.949611 0.968138
0.752082 0.707429 0.530275 0.574350 0.960042 0.796253 0.558352 0.657748 0.000000 0.625425 0.744267 0.912508 0.709808 0.908637 0.869128 0.554972 0.687414 0.593449 0.694406 0.965246 0.824289 0.973484 0.644174 0.691861 0.682270 0.544913 0.930557 0.915715 0.784910 0.819609 0.533664 0.771627 0.874986 0.910170 0.825660 0.826344 0.859591 0.941867 0.853624 0.913283 0.715650 0.829970 0.637189 0.787092 0.753927 0.934613 0.950186 0.940454 0.961728 0.949982 0.888964 0.878268 0.765848 0.568157 0.923747 0.813293 0.690457 0.528695 0.710095 0.592291 0.863109 0.982173 0.588740 0.566907 0.598023 0.674430 0.604786 0.938583 0.813297 0.826651 0.532096 0.635717 0.978533 0.982514 0.830098 0.824033 0.553745 0.637466 0.935032 0.876943 0.700493 0.733958 0.928342 0.766107 0.906075 0.822099 0.989294 0.857035 0.846387 0.976496 0.539684 0.491879 0.567276 0.537958 0.882826 0.711715 0.871911 0.790546 0.652627 0.595250 0.969026 0.583938 0.912501 0.975212 0.870293 0.949430 0.814603 0.840984 0.852664 0.908892 0.976832 0.789967 0.764297 0.840567 0.935906 0.724323
0.755667 0.660631 0.690858 0.707024 0.983187 0.591814 0.671806 0.526237 0.625425 0.000000 0.867419 0.985813 0.974030 0.853908 0.664254 0.905916 0.878844 0.691732 0.793306 0.976826 0.999851 0.877179 0.887344 0.945734 0.905886 0.771835 0.826874 0.721221 0.822798 0.906857 0.883509 0.865518 0.917537 0.959899 0.895718 0.942925 0.995506 0.990164 0.954435 0.950475 0.899298 0.870180 0.950968 0.764581 0.706881 0.630101 0.795791 0.693317 0.666727 0.603335 0.686179 0.652504 0.769756 0.931020 0.750970 0.830071 0.589363 0.568491 0.745111 0.740962 0.968120 0.811798 0.666981 0.650577 0.984595 0.690070 0.886245 0.924440 0.774298 0.639431 0.491992 0.563050 0.792922 0.877495 0.938610 0.892233 0.735073 0.856150 0.815316 0.795825 0.697165 0.690650 0.592372 0.602886 0.605702 0.683613 0.786722 0.645761 0.996961 0.684293 0.503170 0.508372 0.553064 0.581394 0.956684 0.776596 0.712758 0.763545 0.813670 0.819085 0.771234 0.858106 0.803479 0.869224 0.934314 0.925654 0.950609 0.868653 0.861896 0.968143 0.873685 0.970400 0.854839 0.854943 0.890648 0.901855
0.474852 0.571781 0.700530 0.777308 0.883058 0.826958 0.898918 0.931055 0.744267 0.867419 0.000000 0.579230 0.991393 0.988981 0.930712 0.791794 0.455473 0.376321 0.752501 0.808872 0.953325 0.992695 0.707330 0.809190 0.582741 0.618012 0.876248 0.991542 0.518807 0.413601 0.964945 0.998431 0.779928 0.679772 0.753822 0.838378 0.953427 0.937756 0.874580 0.980351 0.763928 0.741682 0.830923 0.943358 0.979296 0.848917 0.777398 0.836990 0.845217 0.873673 0.841768 0.951013 0.984139 0.789865 0.761651 0.867220 0.512535 0.479799 0.575365 0.543928 0.559042 0.829854 0.422810 0.404065 0.599911 0.722164 0.973443 0.812909 0.482976 0.562906 0.753829 0.845351 0.906209 0.955212 0.978543 0.908056 0.799898 0.813173 0.686551 0.750760 0.445628 0.402253 0.783977 0.481700 0.980097 0.967471 0.930541 0.841603 0.969847 0.917840 0.599718 0.578602 0.591404 0.517940 0.850339 0.853230 0.957338 0.993413 0.801056 0.682619 0.815469 0.826106 0.956817 0.729544 0.915477 0.991250 0.863722 0.852011 0.842858 0.781482 0.791787 0.866298 0.900837 0.946057 0.914446 0.883404
0.477383 0.472219 0.838758 0.819623 0.982530 0.947543 0.984323 0.898703 0.912508 0.985813 0.579230 0.000000 0.894665 0.878143 0.918178 0.968004 0.508968 0.566226 0.776988 0.797570 0.964893 0.918218 0.748028 0.807101 0.696150 0.771350 0.723251 0.971560 0.569491 0.592834 0.901049 0.923337 0.706550 0.674805 0.896186 0.891981 0.995097 0.999943 0.864871 0.928932 0.757861 0.708453 0.962367 0.868173 0.905332 0.820616 0.585839 0.854981 0.840274 0.854600 0.749708 0.856385 0.989110 0.925848 0.744542 0.813469 0.550990 0.583771 0.476772 0.540427 0.472149 0.552103 0.585494 0.537162 0.650303 0.999560 0.924868 0.673113 0.607885 0.700183 0.992648 0.873977 0.605614 0.648544 0.822091 0.990789 0.952417 0.906526 0.677784 0.796561 0.551502 0.526729 0.896852 0.596934 0.986547 0.980443 0.915986 0.919858 0.922266 0.961205 0.865172 0.809216 0.809191 0.629557 0.887103 0.840425 0.710139 0.958452 0.953054 0.996925 0.977856 0.948762 0.694588 0.729759 0.963047 0.945106 0.978910 0.974506 0.993992 0.817322 0.820158 0.886222 0.900335 0.881422 0.871379 0.923042
0.945738 0.962485 0.647648 0.747852 0.802439 0.794605 0.532325 0.804401 0.709808 0.974030 0.991393 0.894665 0.000000 0.641501 0.481315 0.389196 0.929546 0.939342 0.577469 0.732394 0.926470 0.990841 0.515056 0.587115 0.685156 0.831550 0.952298 0.990035 0.974744 0.980172 0.734162 0.700989 0.601929 0.732453 0.829376 0.893092 0.986073 0.866071 0.929291 0.906110 0.870307 0.898942 0.628007 0.694589 0.634334 0.812558 0.727020 0.943404 0.904446 0.901079 0.743495 0.727914 0.708215 0.719295 0.982782 0.779475 0.979799 0.859015 0.857623 0.738190 0.765546 0.935202 0.893833 0.890809 0.564348 0.669605 0.643627 0.891443 0.919063 0.943128 0.711544 0.765480 0.938779 0.867013 0.946848 0.882095 0.678700 0.741041 0.907525 0.986892 0.940961 0.980226 0.836430 0.930979 0.630610 0.608168 0.885405 0.879484 0.834995 0.926051 0.648930 0.660199 0.639723 0.746338 0.938488 0.865073 0.907028 0.970235 0.633527 0.619315 0.927229 0.612381 0.980442 0.959204 0.721891 0.856715 0.910883 0.910879 0.828287 0.991685 0.989949 0.837577 0.735624 0.997022 0.714597 0.940852
0.951794 0.913485 0.870987 0.794522 0.998045 0.904213 0.852933 0.964320 0.908637 0.853908 0.988981 0.878143 0.641501 0.000000 0.611651 0.657193 0.804367 0.925657 0.794554 0.714674 0.992767 0.809923 0.602014 0.615696 0.836488 0.909715 0.899940 0.961194 0.956418 0.988334 0.928656 0.757238 0.741947 0.937418 0.817066 0.849408 0.861614 0.916795 0.945296 0.955899 0.854098 0.908937 0.774137 0.746610 0.708631 0.754328 0.876899 0.835434 0.781421 0.658836 0.749279 0.600144 0.716856 0.607374 0.980556 0.991765 0.947626 0.991425 0.970466 0.986411 0.978738 0.983731 0.935493 0.916493 0.748865 0.857118 0.908765 0.905988 0.983966 0.758825 0.994746 0.965167 0.954466 0.914124 0.940552 0.802965 0.820985 0.843697 0.874908 0.941082 0.892081 0.991831 0.780895 0.832454 0.733976 0.689744 0.910456 0.805434 0.990617 0.770899 0.960494 0.898837 0.916249 0.953546 0.887171 0.993371 0.998322 0.896527 0.959411 0.839172 0.948834 0.888556 0.917026 0.939521 0.663447 0.794572 0.886505 0.994752 0.949010 0.885486 0.866043 0.971830 0.961825 0.994875 0.811784 0.989857
0.979800 0.935973 0.877672 0.921769 0.902782 0.944027 0.791516 0.871439 0.869128 0.664254 0.930712 0.918178 0.481315 0.611651 0.000000 0.520287 0.860132 0.979332 0.749302 0.863219 0.981419 0.950795 0.407340 0.559578 0.745726 0.856799 0.742374 0.876482 0.904357 0.968349 0.828255 0.830267 0.708745 0.894770 0.684461 0.871786 0.998353 0.985300 0.899274 0.935966 0.872255 0.996175 0.698901 0.715159 0.541127 0.685160 0.786372 0.827965 0.727373 0.696202 0.702223 0.604856 0.618485 0.629226 0.831521 0.802195 0.922472 0.977788 0.910565 0.799612 0.916098 0.775565 0.978182 0.992029 0.517902 0.915563 0.697899 0.941765 0.922420 0.940459 0.949972 0.856149 0.911171 0.885771 0.885987 0.974216 0.889685 0.801660 0.926908 0.996933 0.968755 0.899789 0.555169 0.788979 0.443306 0.450851 0.734755 0.669613 0.846967 0.761747 0.937926 0.919784 0.892302 0.917227 0.916141 0.904633 0.837364 0.800142 0.909659 0.806004 0.871606 0.773032 0.813592 0.983386 0.816315 0.934210 0.902793 0.991328 0.958105 0.965107 0.939018 0.866869 0.855816 0.963668 0.760514 0.985611
0.899948 0.934504 0.598189 0.647772 0.834985 0.767525 0.545081 0.765537 0.554972 0.905916 0.791794 0.968004 0.389196 0.657193 0.520287 0.000000 0.750985 0.762604 0.694806 0.808889 0.906500 0.989156 0.432112 0.511055 0.566095 0.649324 0.910311 0.987984 0.834567 0.852595 0.607146 0.666557 0.663674 0.884290 0.757409 0.819517 0.914662 0.803895 0.869855 0.855354 0.856787 0.967930 0.519587 0.659555 0.579710 0.789347 0.769243 0.925735 0.848296 0.841974 0.713207 0.677746 0.603585 0.554962 0.977855 0.711714 0.897931 0.707064 0.801546 0.632418 0.962956 0.990696 0.721478 0.720694 0.459455 0.671035 0.574187 0.949279 0.836922 0.864710 0.634864 0.744995 0.953855 0.917763 0.841864 0.805779 0.563823 0.667716 0.939610 0.905757 0.810542 0.898846 0.812570 0.986823 0.632541 0.596412 0.917532 0.964937 0.926541 0.857236 0.562134 0.550421 0.567091 0.603091 0.946574 0.773246 0.925315 0.920840 0.670812 0.536667 0.878110 0.544262 0.979371 0.998815 0.673275 0.823322 0.972454 0.783735 0.825915 0.996164 0.967518 0.794545 0.654201 0.990152 0.689483 0.739995
0.423145 0.461026 0.547883 0.558718 0.951943 0.959970 0.788062 0.815979 0.687414 0.878844 0.455473 0.508968 0.929546 0.804367 0.860132 0.750985 0.000000 0.329425 0.825293 0.878750 0.967002 0.943465 0.583835 0.628819 0.503324 0.508403 0.801338 0.928314 0.528185 0.408136 0.801004 0.866885 0.895381 0.677212 0.864152 0.869146 0.968267 0.965211 0.798331 0.984142 0.670753 0.764422 0.780567 0.981079 0.958585 0.885251 0.743291 0.859757 0.891068 0.970828 0.912095 0.956644 0.800979 0.611452 0.773742 0.856229 0.458102 0.383740 0.444813 0.503648 0.486848 0.787219 0.337189 0.329162 0.510750 0.705542 0.914836 0.793601 0.535493 0.706630 0.764598 0.831307 0.787605 0.892015 0.876861 0.912391 0.815547 0.749567 0.683807 0.660387 0.349123 0.394794 0.803948 0.520827 0.995652 0.915545 0.985802 0.883988 0.982951 0.969864 0.628056 0.543726 0.541272 0.438681 0.791755 0.745049 0.881523 0.976412 0.862557 0.752303 0.825651 0.751811 0.868802 0.686595 0.850818 0.943308 0.859128 0.943231 0.976931 0.840550 0.946598 0.925676 0.883384 0.934159 0.993403 0.877363
0.402470 0.449052 0.505949 0.571485 0.966167 0.809409 0.754446 0.728907 0.593449 0.691732 0.376321 0.566226 0.939342 0.925657 0.979332 0.762604 0.329425 0.000000 0.842985 0.871651 0.917995 0.965693 0.729332 0.756298 0.540245 0.492821 0.938352 0.850332 0.472544 0.386668 0.832150 0.886136 0.850666 0.702134 0.890730 0.907284 0.971972 0.923393 0.831892 0.975752 0.659598 0.731131 0.766898 0.998155 0.973216 0.823626 0.691739 0.769897 0.824500 0.873083 0.857747 0.944154 0.931038 0.667608 0.661861 0.907298 0.407467 0.327779 0.480312 0.481598 0.501762 0.928559 0.267674 0.260980 0.581430 0.638977 0.933636 0.818766 0.527470 0.633503 0.584726 0.652600 0.867609 0.990883 0.917299 0.875357 0.708404 0.767794 0.667796 0.652383 0.333680 0.307236 0.644669 0.412890 0.843593 0.903788 0.950344 0.745060 0.989061 0.914086 0.509896 0.463112 0.478471 0.433601 0.843111 0.777386 0.973238 0.837920 0.744144 0.671678 0.764114 0.747674 0.991059 0.743995 0.902110 0.970249 0.763527 0.849548 0.872778 0.868394 0.851116 0.962564 0.802503 0.941545 0.933034 0.825201
0.791778 0.814049 0.830631 0.823009 0.997291 0.794302 0.605709 0.693379 0.694406 0.793306 0.752501 0.776988 0.577469 0.794554 0.749302 0.694806 0.825293 0.842985 0.000000 0.666270 0.923029 0.844668 0.799193 0.867567 0.964654 0.962690 0.922081 0.991164 0.708898 0.646978 0.728000 0.691130 0.650091 0.505263 0.981514 0.845727 0.928476 0.995065 0.991931 0.959385 0.992117 0.823930 0.854675 0.881763 0.826192 0.894779 0.820436 0.943966 0.939795 0.910933 0.886568 0.851216 0.856825 0.931636 0.933222 0.867018 0.920868 0.990243 0.927634 0.973625 0.669581 0.913821 0.841298 0.902191 0.917210 0.873732 0.683123 0.797449 0.902811 0.979225 0.761805 0.862695 0.836372 0.907632 0.834555 0.975462 0.816298 0.795649 0.854059 0.900659 0.842724 0.812154 0.894910 0.829983 0.810390 0.796872 0.910380 0.885622 0.881991 0.983450 0.782161 0.767698 0.749784 0.888058 0.828108 0.973766 0.829167 0.968528 0.833789 0.831172 0.947880 0.784192 0.981922 0.908226 0.867200 0.866971 0.999885 0.850002 0.903680 0.986197 0.876542 0.901040 0.876354 0.914751 0.786208 0.915210
0.733564 0.814053 0.867146 0.857094 0.932367 0.885526 0.916492 0.857078 0.965246 0.976826 0.808872 0.797570 0.732394 0.714674 0.863219 0.808889 0.878750 0.871651 0.666270 0.000000 0.966648 0.983837 0.880581 0.805289 0.948772 0.982524 0.939820 0.989841 0.850453 0.811889 0.986404 0.857454 0.825701 0.888802 0.973071 0.883140 0.964818 0.830929 0.895278 0.882070 0.829684 0.790600 0.878758 0.806050 0.910565 0.858677 0.884140 0.847287 0.919784 0.824854 0.896743 0.871232 0.889784 0.965875 0.966826 0.881940 0.810965 0.940621 0.991900 0.973554 0.902502 0.966479 0.940557 0.961348 0.948830 0.983502 0.991707 0.927652 0.836985 0.858354 0.950619 0.906201 0.921010 0.915995 0.988132 0.951322 0.965319 0.913417 0.861229 0.994022 0.886884 0.859391 0.897261 0.846695 0.912835 0.898678 0.962293 0.799718 0.930513 0.804515 0.984698 0.994839 0.985391 0.967838 0.936834 0.853464 0.901427 0.954263 0.962050 0.903156 0.976372 0.978015 0.993615 0.860915 0.808905 0.813181 0.812538 0.953769 0.992598 0.931166 0.913743 0.933595 0.966130 0.821055 0.919864 0.942492
0.918382 0.964691 0.958352 0.907440 0.794451 0.855112 0.979056 0.969800 0.824289 0.999851 0.953325 0.964893 0.926470 0.992767 0.981419 0.906500 0.967002 0.917995 0.923029 0.966648 0.000000 0.908946 0.994140 0.996012 0.988524 0.897063 0.961971 0.957076 0.967527 0.951924 0.753949 0.983455 0.936171 0.838779 0.968607 0.962689 0.787414 0.840123 0.812688 0.856651 0.977120 0.922064 0.756829 0.835621 0.800612 0.849409 0.912005 0.992657 0.839257 0.876728 0.871159 0.892224 0.831894 0.896288 0.896733 0.992956 0.981979 0.979058 0.999874 0.981069 0.866616 0.947066 0.886783 0.902511 0.999468 0.871957 0.884956 0.927228 0.944239 0.861786 0.805250 0.925836 0.960670 0.877297 0.965116 0.866564 0.819639 0.902275 0.996377 0.965219 0.996897 0.944884 0.934721 0.979897 0.951103 0.986737 0.948689 0.862370 0.955616 0.994811 0.951636 0.918478 0.896122 0.964036 0.905659 0.961692 0.974868 0.995950 0.914480 0.948680 0.895211 0.983809 0.857624 0.739374 0.934579 0.879130 0.970333 0.984415 0.925070 0.899057 0.865935 0.959600 0.819751 0.926248 0.920962 0.817744
0.924765 0.928828 0.864654 0.981377 0.910502 0.996425 0.942212 0.991227 0.973484 0.877179 0.992695 0.918218 0.990841 0.809923 0.950795 0.989156 0.943465 0.965693 0.844668 0.983837 0.908946 0.000000 0.963621 0.913800 0.955265 0.912591 0.982290 0.889441 0.947144 0.930134 0.876078 0.983284 0.936658 0.958551 0.942956 0.952493 0.698326 0.864664 0.942251 0.807108 0.878946 0.956194 0.814742 0.863392 0.834078 0.875189 0.781274 0.912941 0.911856 0.973855 0.827164 0.906984 0.811726 0.928883 0.796498 0.822451 0.895375 0.949400 0.907109 0.975674 0.910163 0.883203 0.986737 0.926221 0.971563 0.925138 0.907379 0.792907 0.930308 0.940189 0.907386 0.988012 0.949416 0.938797 0.853800 0.922087 0.968798 0.985595 0.850366 0.983697 0.916034 0.845190 0.898594 0.925866 0.927078 0.898879 0.978033 0.960018 0.985421 0.973654 0.937944 0.983961 0.960596 0.942725 0.882442 0.892940 0.978232 0.896724 0.830905 0.936571 0.988176 0.891777 0.903975 0.854323 0.992046 0.904253 0.984524 0.994754 0.955128 0.887288 0.897432 0.949535 0.983751 0.984356 0.928910 0.909189
0.779285 0.825655 0.599647 0.583269 0.808912 0.940678 0.603151 0.898927 0.644174 0.887344 0.707330 0.748028 0.515056 0.602014 0.407340 0.432112 0.583835 0.729332 0.799193 0.880581 0.994140 0.963621 0.000000 0.338687 0.461261 0.615208 0.610476 0.823610 0.769924 0.733004 0.717785 0.800321 0.748576 0.948910 0.599529 0.730667 0.910852 0.909846 0.842704 0.999482 0.822118 0.856858 0.607988 0.724298 0.614977 0.834183 0.927199 0.861304 0.880585 0.798021 0.831642 0.646013 0.564340 0.544845 0.993736 0.846772 0.837324 0.711094 0.705938 0.617471 0.845140 0.741402 0.707748 0.681962 0.286827 0.680043 0.593571 0.954301 0.760986 0.873297 0.871790 0.966084 0.858571 0.806847 0.892898 0.910887 0.702127 0.656165 0.899539 0.872962 0.740302 0.850550 0.682963 0.997558 0.427355 0.388364 0.784861 0.786915 0.818708 0.700707 0.676001 0.630072 0.640911 0.612629 0.984321 0.722782 0.845581 0.880606 0.853260 0.631934 0.954142 0.627273 0.775361 0.823010 0.629972 0.870506 0.964292 0.938510 0.840781 0.958292 0.958141 0.921543 0.741060 0.899988 0.787790 0.854738
0.793640 0.811261 0.557096 0.535170 0.820821 0.983323 0.625902 0.833612 0.691861 0.945734 0.809190 0.807101 0.587115 0.615696 0.559578 0.511055 0.628819 0.756298 0.867567 0.805289 0.996012 0.913800 0.338687 0.000000 0.432891 0.672317 0.578858 0.937209 0.759528 0.760174 0.770891 0.841269 0.907297 0.943636 0.721065 0.798709 0.941072 0.799600 0.825522 0.970408 0.829394 0.896394 0.704388 0.773495 0.737625 0.917912 0.999133 0.839842 0.960847 0.855546 0.906710 0.770681 0.647340 0.634953 0.981184 0.885589 0.891833 0.726925 0.703419 0.666360 0.802981 0.789350 0.714344 0.694323 0.368247 0.714137 0.602670 0.873461 0.804813 0.864599 0.872904 0.993165 0.843581 0.777731 0.902508 0.963515 0.746507 0.718030 0.883914 0.870541 0.771989 0.902817 0.753186 0.989113 0.531135 0.422653 0.809313 0.778122 0.691755 0.642844 0.737868 0.726274 0.760594 0.675816 0.965770 0.741594 0.849548 0.999948 0.940899 0.693604 0.960303 0.718096 0.736170 0.834489 0.703142 0.767509 0.915254 0.950332 0.865852 0.986547 0.941553 0.981778 0.847759 0.896339 0.827693 0.848622
0.670465 0.739229 0.407701 0.423742 0.943904 0.895064 0.538487 0.634889 0.682270 0.905886 0.582741 0.696150 0.685156 0.836488 0.745726 0.566095 0.503324 0.540245 0.964654 0.948772 0.988524 0.955265 0.461261 0.432891 0.000000 0.469089 0.760474 0.891490 0.584432 0.520310 0.692249 0.828504 0.855335 0.881184 0.764367 0.890114 0.849059 0.852976 0.781880 0.813456 0.756191 0.842825 0.605791 0.773279 0.841934 0.992996 0.968446 0.941047 0.930806 0.974869 0.987756 0.875591 0.726838 0.740516 0.998652 0.915363 0.751302 0.535882 0.564947 0.549298 0.636443 0.817786 0.465386 0.490197 0.331676 0.607841 0.590215 0.964323 0.685881 0.673975 0.717819 0.775295 0.876888 0.822870 0.985698 0.976194 0.664626 0.633443 0.747751 0.897206 0.638882 0.668957 0.980991 0.798308 0.722558 0.620562 0.821265 0.989109 0.825770 0.775724 0.584222 0.564312 0.539005 0.490261 0.888323 0.709583 0.985034 0.956373 0.804726 0.625993 0.834328 0.685864 0.864899 0.708059 0.680736 0.918841 0.781335 0.874644 0.902679 0.995147 0.908083 0.956922 0.834383 0.970268 0.966889 0.784958
0.681991 0.708517 0.478325 0.463724 0.879242 0.775098 0.661459 0.628437 0.544913 0.771835 0.618012 0.771350 0.831550 0.909715 0.856799 0.649324 0.508403 0.492821 0.962690 0.982524 0.897063 0.912591 0.615208 0.672317 0.469089 0.000000 0.877723 0.851946 0.719660 0.593992 0.670171 0.722076 0.879033 0.881468 0.724155 0.927368 0.786343 0.902540 0.735013 0.763810 0.672662 0.815871 0.622486 0.804791 0.840361 0.992155 0.936244 0.915567 0.988145 0.900542 0.935994 0.838120 0.741333 0.622813 0.999021 0.917261 0.621931 0.524690 0.627268 0.598838 0.638438 0.885312 0.454178 0.479033 0.519389 0.669943 0.621490 0.954688 0.746436 0.788194 0.673044 0.722005 0.968915 0.956830 0.936082 0.971989 0.562156 0.600343 0.835289 0.824784 0.624992 0.620990 0.906351 0.728139 0.929858 0.814197 0.981304 0.908006 0.993874 0.844597 0.627903 0.546394 0.556041 0.499755 0.913646 0.777915 0.886520 0.833560 0.753346 0.656071 0.852814 0.708855 0.934959 0.868123 0.750563 0.923552 0.829623 0.820683 0.972632 0.975280 0.992874 0.968933 0.785408 0.879930 0.954738 0.783800
0.908089 0.852277 0.962807 0.894493 0.929856 0.706023 0.922279 0.816293 0.930557 0.826874 0.876248 0.723251 0.952298 0.899940 0.742374 0.910311 0.801338 0.938352 0.922081 0.939820 0.961971 0.982290 0.610476 0.578858 0.760474 0.877723 0.000000 0.912772 0.905988 0.881426 0.983910 0.905591 0.832971 0.776491 0.791271 0.733550 0.919746 0.881237 0.970549 0.903296 0.999573 0.887275 0.937548 0.944038 0.834792 0.893505 0.908606 0.874979 0.904516 0.882646 0.966361 0.895137 0.738016 0.782483 0.926190 0.958529 0.945855 0.896582 0.821353 0.792156 0.723512 0.687931 0.899308 0.849757 0.645022 0.961540 0.945954 0.718286 0.916115 0.976165 0.885125 0.668378 0.777340 0.648366 0.858654 0.905571 0.984184 0.898551 0.808874 0.858269 0.907247 0.944909 0.677656 0.924002 0.697862 0.681694 0.822551 0.818679 0.873932 0.650812 0.950612 0.965551 0.932401 0.962903 0.913902 0.713523 0.735774 0.897596 0.830133 0.966075 0.873853 0.940697 0.717279 0.895514 0.984248 0.888004 0.872291 0.972017 0.969636 0.970704 0.953269 0.946170 0.944736 0.910785 0.914892 0.927580
0.861490 0.778864 0.942447 0.965597 0.955583 0.977935 0.940049 0.938471 0.915715 0.721221 0.991542 0.971560 0.990035 0.961194 0.876482 0.987984 0.928314 0.850332 0.991164 0.989841 0.957076 0.889441 0.823610 0.937209 0.891490 0.851946 0.912772 0.000000 0.906602 0.983880 0.960248 0.951990 0.824253 0.993217 0.816483 0.830044 0.981462 0.891754 0.913526 0.870107 0.928314 0.832312 0.852155 0.810282 0.821919 0.857302 0.931689 0.801154 0.797338 0.763156 0.844107 0.717188 0.767974 0.956979 0.813104 0.971238 0.869059 0.800997 0.878169 0.938742 0.896351 0.808324 0.923169 0.860772 0.851284 0.955429 0.841957 0.889849 0.944177 0.896640 0.820796 0.790864 0.902898 0.904384 0.888563 0.825125 0.840721 0.903609 0.915023 0.912040 0.879420 0.858827 0.786760 0.816820 0.682017 0.712866 0.890779 0.804502 0.909222 0.766012 0.873919 0.894058 0.938655 0.998673 0.879764 0.906765 0.865620 0.915077 0.929667 0.970792 0.969796 0.957117 0.913829 0.957167 0.850903 0.953302 0.941228 0.931467 0.896536 0.919222 0.802178 0.970270 0.939382 0.947947 0.984675 0.945583
0.577607 0.546675 0.661275 0.694337 0.833338 0.900991 0.901390 0.860359 0.784910 0.822798 0.518807 0.569491 0.974744 0.956418 0.904357 0.834567 0.528185 0.472544 0.708898 0.850453 0.967527 0.947144 0.769924 0.759528 0.584432 0.719660 0.905988 0.906602 0.000000 0.399728 0.926807 0.952565 0.780631 0.658116 0.879005 0.866776 0.789209 0.782147 0.844865 0.847638 0.819707 0.702745 0.828790 0.984204 0.939522 0.815199 0.815793 0.888068 0.797969 0.827050 0.878955 0.970343 0.980521 0.834838 0.705699 0.981677 0.648561 0.584105 0.646098 0.638238 0.605225 0.998493 0.456587 0.497906 0.606716 0.665717 0.952846 0.875653 0.687878 0.723541 0.715361 0.860646 0.787181 0.968051 0.957595 0.859325 0.819052 0.852415 0.738143 0.823293 0.518936 0.526791 0.748689 0.550071 0.996038 0.988858 0.950813 0.868076 0.911644 0.986295 0.661788 0.633979 0.717475 0.624927 0.869572 0.712659 0.975463 0.789637 0.871289 0.721586 0.760542 0.791338 0.959188 0.780471 0.845045 0.888940 0.791045 0.976755 0.870476 0.934593 0.768418 0.973910 0.845359 0.965292 0.987885 0.700586
0.549823 0.569291 0.693588 0.720906 0.863045 0.935683 0.923681 0.897897 0.819609 0.906857 0.413601 0.592834 0.980172 0.988334 0.968349 0.852595 0.408136 0.386668 0.646978 0.811889 0.951924 0.930134 0.733004 0.760174 0.520310 0.593992 0.881426 0.983880 0.399728 0.000000 0.976314 0.919549 0.784688 0.592508 0.850983 0.989756 0.866011 0.892103 0.861686 0.896615 0.767341 0.707783 0.785703 0.988102 0.938357 0.837878 0.771647 0.902828 0.896203 0.906124 0.886428 0.993715 0.918688 0.791383 0.776062 0.938785 0.600433 0.542721 0.602308 0.595599 0.499841 0.922879 0.391416 0.440670 0.560660 0.695499 0.997786 0.823102 0.625686 0.691285 0.817487 0.852199 0.760814 0.902983 0.908703 0.970752 0.838025 0.899312 0.661275 0.709539 0.471687 0.471642 0.788514 0.540277 0.958934 0.975098 0.877003 0.827373 0.999034 0.937710 0.697594 0.627153 0.659198 0.566013 0.806354 0.861728 0.883318 0.931392 0.890247 0.776621 0.725940 0.869690 0.890011 0.718640 0.850131 0.982428 0.777153 0.957268 0.915548 0.788067 0.878813 0.999106 0.839564 0.916909 0.906400 0.804367
0.959903 0.935445 0.605468 0.576920 0.810978 0.895263 0.572745 0.675783 0.533664 0.883509 0.964945 0.901049 0.734162 0.928656 0.828255 0.607146 0.801004 0.832150 0.728000 0.986404 0.753949 0.876078 0.717785 0.770891 0.692249 0.670171 0.983910 0.960248 0.926807 0.976314 0.000000 0.612982 0.644078 0.688077 0.971466 0.816138 0.744781 0.774585 0.813319 0.763233 0.918937 0.978521 0.584259 0.614341 0.600824 0.716148 0.853235 0.859086 0.800575 0.757871 0.675248 0.712884 0.626772 0.620507 0.848626 0.745062 0.931875 0.749041 0.838425 0.797550 0.905734 0.886376 0.785472 0.768073 0.730257 0.938442 0.566660 0.807209 0.951510 0.994116 0.670998 0.802892 0.935564 0.963209 0.827049 0.892700 0.576797 0.690659 0.819387 0.883880 0.967088 0.949667 0.926853 0.995177 0.884664 0.760665 0.934746 0.874125 0.899848 0.928104 0.756518 0.674254 0.694301 0.660133 0.907182 0.761489 0.879875 0.854348 0.702021 0.740277 0.996530 0.596093 0.934422 0.961535 0.846647 0.969368 0.964628 0.854709 0.974612 0.984169 0.994465 0.910536 0.808836 0.908294 0.778129 0.798404
0.993355 0.981214 0.678576 0.624695 0.753569 0.832089 0.564964 0.602987 0.771627 0.865518 0.998431 0.923337 0.700989 0.757238 0.830267 0.666557 0.866885 0.886136 0.691130 0.857454 0.983455 0.983284 0.800321 0.841269 0.828504 0.722076 0.905591 0.951990 0.952565 0.919549 0.612982 0.000000 0.612856 0.786521 0.966163 0.916497 0.949469 0.912243 0.899820 0.885514 0.987969 0.983398 0.727593 0.745922 0.832708 0.834736 0.819946 0.943802 0.914664 0.768223 0.773998 0.761351 0.786309 0.780559 0.887557 0.867940 0.967731 0.849398 0.948132 0.927844 0.934130 0.960233 0.927410 0.877135 0.838969 0.861284 0.761861 0.795605 0.898122 0.895174 0.861373 0.882206 0.834405 0.898407 0.980257 0.863864 0.781165 0.838575 0.779414 0.899097 0.954532 0.999136 0.994628 0.993010 0.939523 0.832040 0.763223 0.961401 0.999423 0.935517 0.834038 0.735978 0.734082 0.837584 0.841854 0.984834 0.848418 0.935947 0.864270 0.807976 0.962705 0.797229 0.910985 0.974591 0.732092 0.826289 0.999759 0.971346 0.959800 0.909163 0.935746 0.870972 0.883335 0.953440 0.690196 0.968712
0.757964 0.665771 0.791983 0.770480 0.875750 0.887138 0.571376 0.678950 0.874986 0.917537 0.779928 0.706550 0.601929 0.741947 0.708745 0.663674 0.895381 0.850666 0.650091 0.825701 0.936171 0.936658 0.748576 0.907297 0.855335 0.879033 0.832971 0.824253 0.780631 0.784688 0.644078 0.612856 0.000000 0.603005 0.944939 0.977077 0.945271 0.916686 0.993592 0.816718 0.921444 0.851974 0.607746 0.571851 0.638932 0.670845 0.585180 0.745737 0.762386 0.708937 0.640654 0.636224 0.670707 0.830880 0.770490 0.739435 0.734611 0.878391 0.800368 0.861668 0.672525 0.814765 0.877070 0.863389 0.824883 0.803120 0.639210 0.604674 0.865893 0.832466 0.918824 0.848444 0.775918 0.805290 0.968466 0.921746 0.763139 0.733747 0.785937 0.817327 0.754955 0.724331 0.787003 0.685081 0.698728 0.668307 0.963751 0.967349 0.935933 0.874719 0.905700 0.901417 0.838249 0.998751 0.912761 0.954833 0.758128 0.984155 0.762259 0.773767 0.819334 0.773971 0.774840 0.959881 0.661119 0.899227 0.975399 0.993226 0.947655 0.816601 0.960382 0.949119 0.863551 0.911678 0.750933 0.931294
0.608413 0.644202 0.946392 0.978288 0.790248 0.889037 0.733083 0.765938 0.910170 0.959899 0.679772 0.674805 0.732453 0.937418 0.894770 0.884290 0.677212 0.702134 0.505263 0.888802 0.838779 0.958551 0.948910 0.943636 0.881184 0.881468 0.776491 0.993217 0.658116 0.592508 0.688077 0.786521 0.603005 0.000000 0.879384 0.985681 0.962133 0.875354 0.999132 0.936572 0.940085 0.784022 0.833310 0.763994 0.753457 0.742102 0.636333 0.813504 0.825983 0.872628 0.749890 0.836727 0.844369 0.994523 0.733733 0.905879 0.667010 0.772397 0.719548 0.740843 0.530225 0.768453 0.702967 0.709945 0.866207 0.980179 0.740183 0.638068 0.680336 0.849035 0.907162 0.840721 0.678334 0.786928 0.784056 0.996223 0.821143 0.826451 0.701658 0.660495 0.597163 0.646038 0.923092 0.705154 0.928415 0.878465 0.897237 0.955993 0.937479 0.913778 0.992522 0.993942 0.977398 0.856933 0.886312 0.957362 0.741956 0.985945 0.791691 0.974028 0.960443 0.832490 0.812354 0.804636 0.961784 0.880451 0.973632 0.844881 0.888905 0.864705 0.986950 0.927797 0.913042 0.833927 0.832177 0.867237
0.963406 0.997602 0.906235 0.943713 0.932924 0.984686 0.989742 0.863535 0.825660 0.895718 0.753822 0.896186 0.829376 0.817066 0.684461 0.757409 0.864152 0.890730 0.981514 0.973071 0.968607 0.942956 0.599529 0.721065 0.764367 0.724155 0.791271 0.816483 0.879005 0.850983 0.971466 0.966163 0.944939 0.879384 0.000000 0.888430 0.830596 0.966016 0.778024 0.942044 0.879977 0.900423 0.640155 0.738009 0.633651 0.722254 0.789676 0.792517 0.714017 0.728130 0.799182 0.685880 0.750355 0.713334 0.962959 0.862117 0.978039 0.975730 0.991114 0.929217 0.942259 0.885269 0.883970 0.904434 0.642494 0.880197 0.766665 0.949842 0.991655 0.972596 0.956294 0.920455 0.963509 0.972329 0.910415 0.832239 0.747757 0.671757 0.934714 0.977608 0.962690 0.886137 0.839627 0.966170 0.676371 0.707057 0.846949 0.996318 0.914092 0.786078 0.917046 0.990657 0.944307 0.988684 0.900470 0.838777 0.862345 0.999400 0.861507 0.676255 0.992028 0.910889 0.961126 0.912333 0.768978 0.945321 0.985880 0.946700 0.761078 0.890028 0.949082 0.787153 0.794526 0.990824 0.873317 0.820327
0.964217 0.985937 0.880002 0.828999 0.953331 0.947395 0.957461 0.996443 0.826344 0.942925 0.838378 0.891981 0.893092 0.849408 0.871786 0.819517 0.869146 0.907284 0.845727 0.883140 0.962689 0.952493 0.730667 0.798709 0.890114 0.927368 0.733550 0.830044 0.866776 0.989756 0.816138 0.916497 0.977077 0.985681 0.888430 0.000000 0.927041 0.972589 0.836739 0.951172 0.967418 0.891564 0.847922 0.893402 0.811265 0.927123 0.999912 0.927118 0.937355 0.890183 0.977978 0.835954 0.784098 0.873249 0.894907 0.981627 0.968586 0.923470 0.960064 0.889306 0.907006 0.891933 0.899102 0.888040 0.792781 0.954158 0.963368 0.945895 0.874715 0.939117 0.957292 0.816600 0.890919 0.975860 0.915123 0.890890 0.893375 0.972613 0.923444 0.987073 0.893752 0.905431 0.831292 0.999938 0.834705 0.823951 0.932385 0.977828 0.954353 0.902426 0.908875 0.878828 0.890964 0.864626 0.893490 0.721331 0.990532 0.980799 0.971799 0.872413 0.960810 0.689700 0.882131 0.929209 0.901843 0.817672 0.923740 0.956448 0.888510 0.949737 0.926023 0.927936 0.917354 0.956567 0.709954 0.973935
0.892144 0.957757 0.838722 0.806118 0.907653 0.935262 0.949814 0.915614 0.859591 0.995506 0.953427 0.995097 0.986073 0.861614 0.998353 0.914662 0.968267 0.971972 0.928476 0.964818 0.787414 0.698326 0.910852 0.941072 0.849059 0.786343 0.919746 0.981462 0.789209 0.866011 0.744781 0.949469 0.945271 0.962133 0.830596 0.927041 0.000000 0.828852 0.857693 0.709067 0.913371 0.951598 0.621360 0.635352 0.717765 0.730898 0.775352 0.735493 0.729832 0.790756 0.757555 0.801971 0.805690 0.831367 0.756265 0.762580 0.868447 0.994176 0.991297 0.986357 0.853370 0.932436 0.910000 0.950358 0.905490 0.931903 0.794121 0.886483 0.937645 0.946986 0.893043 0.985846 0.903045 0.996914 0.935624 0.914973 0.802277 0.902188 0.937924 0.769861 0.919918 0.917723 0.941422 0.973030 0.912284 0.925484 0.973383 0.877414 0.954670 0.820804 0.996462 0.981106 0.967152 0.966627 0.876222 0.869395 0.915967 0.891996 0.817436 0.869696 0.933993 0.980481 0.861472 0.900571 0.956678 0.961404 0.937104 0.972052 0.958887 0.951415 0.966168 0.967253 0.855573 0.909095 0.851880 0.766118
0.838810 0.996674 0.833319 0.845820 0.862421 0.869900 0.943665 0.930597 0.941867 0.990164 0.937756 0.999943 0.866071 0.916795 0.985300 0.803895 0.965211 0.923393 0.995065 0.830929 0.840123 0.864664 0.909846 0.799600 0.852976 0.902540 0.881237 0.891754 0.782147 0.892103 0.774585 0.912243 0.916686 0.875354 0.966016 0.972589 0.828852 0.000000 0.965047 0.665339 0.941669 0.919562 0.758818 0.702437 0.772515 0.722381 0.882840 0.815569 0.772398 0.811355 0.739545 0.736889 0.703957 0.788984 0.902093 0.768411 0.834060 0.975964 0.987042 0.998765 0.947508 0.979279 0.939175 0.945333 0.887339 0.972151 0.891390 0.998115 0.819256 0.853375 0.897606 0.977926 0.985164 0.924696 0.861049 0.813040 0.856702 0.874896 0.978291 0.983885 0.888967 0.920117 0.841371 0.846257 0.904248 0.852271 0.982118 0.978140 0.750706 0.775220 0.956695 0.974386 0.971097 0.997658 0.989535 0.896062 0.997494 0.812715 0.994818 0.970172 0.832593 0.847440 0.892053 0.861701 0.963098 0.895094 0.955000 0.863984 0.992042 0.872713 0.824325 0.966567 0.875235 0.891293 0.957851 0.855269
