0.000000 0.286137 0.909973 0.734949 0.957205 0.856058 0.963149 0.861622 0.812572 0.746966 0.509563 0.410333 0.467885 0.445126 0.712986 0.659034 0.390145 0.312900 0.448049 0.349876 0.901433 0.724756 0.853444 0.709408 0.789814 0.912939 0.738943 0.831653 0.769051 0.636536 0.687550 0.952575 0.876024 0.800744 0.974271 0.983241 0.762013 0.624708 0.847564 0.738641 0.787939 0.934243 0.891402 0.785862 0.989861 0.828007 0.686709 0.681573 0.762092 0.549503 0.738791 0.599316 0.950009 0.878687 0.571317 0.720956 0.311506 0.298619 0.504991 0.477215 0.866900 0.978125 0.564998 0.504597 0.846203 0.923994 0.976314 0.997739 0.349987 0.440783 0.938228 0.765254 0.731149 0.930541 0.820093 0.673643 0.874634 0.882295 0.752083 0.598501 0.330943 0.298320 0.525005 0.387326 0.551476 0.602844 0.629275 0.694442 0.709550 0.556396 0.960287 0.969358 0.997121 0.934166 0.803915 0.955800 0.791541 0.959633 0.931097 0.987379 0.754776 0.906024 0.918623 0.960200 0.946644 0.987323 0.920805 0.899081 0.936844 0.841838 0.999239 0.946088 0.979832 0.890970 0.947080 0.930239
0.286137 0.000000 0.818612 0.639075 0.926855 0.917216 0.894817 0.810249 0.857312 0.775502 0.610633 0.426338 0.424679 0.395023 0.638092 0.541873 0.401459 0.321719 0.450294 0.337448 0.890610 0.741003 0.707395 0.621330 0.717481 0.980221 0.673949 0.870378 0.728981 0.622136 0.747786 0.985415 0.848638 0.777842 0.925158 0.934934 0.818958 0.593117 0.804559 0.699935 0.831745 0.986522 0.817751 0.727497 0.965592 0.787509 0.630626 0.626173 0.736118 0.489455 0.661649 0.509452 0.817449 0.921201 0.568478 0.716212 0.267562 0.226442 0.483001 0.379793 0.780946 0.882565 0.555657 0.457793 0.755682 0.832208 0.895311 0.931657 0.427274 0.449295 0.960348 0.781150 0.732086 0.982404 0.831784 0.781748 0.855577 0.943547 0.689538 0.668681 0.351573 0.329787 0.479569 0.410223 0.447540 0.498696 0.653044 0.593413 0.686405 0.529855 0.948189 0.946144 0.944961 0.965906 0.749638 0.985109 0.815408 0.982908 0.949651 0.977418 0.759811 0.867538 0.897591 0.977619 0.874890 0.911561 0.981171 0.929815 0.891303 0.813921 0.895551 0.994534 0.914350 0.833809 0.786682 0.916202
0.909973 0.818612 0.000000 0.306304 0.652789 0.866704 0.366322 0.421605 0.520282 0.928668 0.980254 0.912079 0.620781 0.820182 0.696924 0.741105 0.892142 0.917395 0.786430 0.855839 0.833435 0.969506 0.445003 0.533824 0.459306 0.429927 0.844751 0.864182 0.858105 0.789160 0.665119 0.835328 0.593317 0.691609 0.681044 0.844658 0.574260 0.740882 0.805916 0.993563 0.825936 0.914312 0.815871 0.801928 0.818487 0.862345 0.790463 0.860683 0.843064 0.988241 0.975893 0.965639 0.906836 0.948522 0.735230 0.970843 0.895859 0.932230 0.819317 0.914131 0.368791 0.470350 0.873597 0.993332 0.310036 0.259775 0.534976 0.525996 0.797095 0.961397 0.593330 0.628650 0.764309 0.763821 0.950114 0.808854 0.844983 0.748058 0.982062 0.913482 0.882599 0.976071 0.934483 0.992155 0.540915 0.466096 0.826554 0.908736 0.739784 0.727077 0.696485 0.963290 0.621329 0.834671 0.798717 0.988727 0.812360 0.987935 0.845888 0.813296 0.785198 0.926445 0.843180 0.905017 0.605734 0.833677 0.931666 0.870846 0.714004 0.863446 0.778491 0.854860 0.895850 0.941092 0.881469 0.943653
0.734949 0.639075 0.306304 0.000000 0.636727 0.949468 0.493713 0.406515 0.635159 0.954148 0.935029 0.692928 0.498312 0.633326 0.573795 0.550109 0.945564 0.870687 0.587344 0.626044 0.928768 0.864278 0.348990 0.401773 0.483399 0.570768 0.676239 0.910129 0.998533 0.974412 0.814606 0.805494 0.677956 0.729012 0.694150 0.889245 0.579850 0.667325 0.756305 0.867363 0.846274 0.910710 0.796258 0.756935 0.876548 0.827054 0.754121 0.733580 0.943805 0.862631 0.943474 0.830928 0.865718 0.891250 0.694492 0.961161 0.736254 0.733164 0.716382 0.767830 0.470944 0.510083 0.966657 0.833885 0.317742 0.347900 0.581405 0.624457 0.654374 0.861389 0.582720 0.690314 0.863194 0.847182 0.998419 0.818879 0.777798 0.790000 0.863660 0.952343 0.903304 0.856847 0.807056 0.810076 0.460705 0.414134 0.692743 0.813693 0.642844 0.650729 0.729012 0.942165 0.664548 0.817726 0.740619 0.955439 0.758422 0.919083 0.829969 0.759423 0.884212 0.931087 0.914738 0.862172 0.561718 0.700993 0.996914 0.838219 0.674693 0.719524 0.801467 0.784055 0.904898 0.994425 0.826486 0.951707
0.957205 0.926855 0.652789 0.636727 0.000000 0.953737 0.735070 0.790515 0.776348 0.959285 0.931145 0.912583 0.747229 0.961562 0.753972 0.860718 0.876667 0.910285 0.960148 0.904229 0.943125 0.957345 0.570888 0.635563 0.628775 0.660945 0.667808 0.927261 0.905262 0.857571 0.818096 0.963245 0.885948 0.966185 0.933750 0.871355 0.835368 0.909398 0.934572 0.920271 0.905731 0.895124 0.988802 0.959975 0.941398 0.904497 0.922205 0.943047 0.807303 0.896961 0.908368 0.961680 0.914468 0.979504 0.985525 0.979596 0.981258 0.972897 0.939241 0.987512 0.743481 0.808249 0.906777 0.965427 0.597275 0.670852 0.785875 0.841213 0.877309 0.919252 0.803706 0.937388 0.857468 0.964834 0.989636 0.947471 0.920038 0.981118 0.861051 0.999150 0.918593 0.914375 0.891779 0.961493 0.722666 0.669114 0.845136 0.849510 0.932357 0.865969 0.946098 0.964408 0.841051 0.946343 0.878433 0.987320 0.971732 0.872672 0.978953 0.986802 0.947599 0.910251 0.808749 0.808979 0.890217 0.805810 0.997971 0.945677 0.987849 0.939507 0.865097 0.990377 0.882561 0.868678 0.960939 0.908350
0.856058 0.917216 0.866704 0.949468 0.953737 0.000000 0.671910 0.674323 0.780880 0.682175 0.933404 0.974505 0.880617 0.831388 0.844496 0.889246 0.853483 0.818959 0.991110 0.882788 0.914005 0.880686 0.969614 0.863886 0.910876 0.875678 0.784991 0.981748 0.901351 0.906777 0.798733 0.867649 0.728077 0.626825 0.936698 0.901370 0.940619 0.926236 0.944165 0.858633 0.960070 0.899506 0.702564 0.754585 0.617903 0.713597 0.864396 0.829769 0.771511 0.899384 0.816232 0.942411 0.827000 0.837499 0.973388 0.965568 0.850774 0.815448 0.844401 0.902600 0.745818 0.749059 0.951014 0.980999 0.988810 0.812320 0.608913 0.665218 0.847738 0.848410 0.750369 0.802072 0.742358 0.798457 0.991568 0.917565 0.914028 0.759750 0.958823 0.964440 0.933232 0.850064 0.783989 0.824826 0.886973 0.913307 0.796131 0.972735 0.756293 0.703820 0.739675 0.844886 0.782300 0.939809 0.916439 0.932630 0.713284 0.899484 0.661730 0.678229 0.713559 0.975151 0.955209 0.783860 0.877148 0.835760 0.960681 0.852830 0.928607 0.896248 0.821630 0.734765 0.703963 0.817952 0.851077 0.920191
0.963149 0.894817 0.366322 0.493713 0.735070 0.671910 0.000000 0.331080 0.456463 0.658681 0.948812 0.922769 0.752727 0.893537 0.773178 0.900450 0.985795 0.903269 0.720427 0.860059 0.906423 0.989568 0.606443 0.801997 0.767009 0.549950 0.939253 0.986465 0.899189 0.950441 0.579930 0.657960 0.393480 0.496080 0.694190 0.901804 0.633515 0.876551 0.930987 0.856877 0.944859 0.846350 0.485337 0.540641 0.460472 0.521584 0.579564 0.631141 0.790057 0.760973 0.706634 0.722168 0.591373 0.589319 0.729287 0.857279 0.961798 0.990068 0.655603 0.859595 0.344284 0.454155 0.894470 0.853404 0.579148 0.417863 0.329113 0.315179 0.984675 0.898713 0.499211 0.577444 0.627835 0.689380 0.949254 0.772168 0.633589 0.616610 0.866690 0.983655 0.996048 0.965676 0.998906 0.928997 0.715608 0.707715 0.991391 0.931112 0.954238 0.954529 0.486890 0.756328 0.545195 0.756965 0.681494 0.875414 0.572159 0.807711 0.527214 0.507162 0.575701 0.887321 0.906705 0.801057 0.516804 0.711139 0.798421 0.678112 0.658209 0.811515 0.687956 0.687494 0.606247 0.842628 0.757542 0.882513
0.861622 0.810249 0.421605 0.406515 0.790515 0.674323 0.331080 0.000000 0.507734 0.579331 0.858489 0.721159 0.709352 0.775693 0.805651 0.744533 0.964657 0.946421 0.635967 0.723847 0.978442 0.899025 0.647753 0.792553 0.787600 0.622608 0.994647 0.956170 0.907874 0.945942 0.627922 0.606584 0.482937 0.443331 0.765297 0.966751 0.523615 0.748783 0.884112 0.980109 0.854836 0.825013 0.452360 0.464910 0.557417 0.518473 0.490606 0.487790 0.775946 0.651029 0.655350 0.632082 0.645786 0.568992 0.699806 0.873806 0.896969 0.935406 0.584660 0.727709 0.408004 0.327076 0.958396 0.757936 0.653385 0.400230 0.491303 0.382167 0.843363 0.956730 0.509982 0.553940 0.706071 0.730252 0.920524 0.813085 0.641848 0.613808 0.888785 0.886269 0.929899 0.985461 0.967926 0.984722 0.817455 0.745914 0.949490 0.993017 0.924645 0.970474 0.540949 0.789531 0.660308 0.864315 0.788159 0.840754 0.632049 0.864240 0.511938 0.468764 0.540686 0.897599 0.791921 0.803336 0.478032 0.746275 0.920660 0.655923 0.666369 0.738293 0.695864 0.644468 0.657408 0.766822 0.702566 0.941692
0.812572 0.857312 0.520282 0.635159 0.776348 0.780880 0.456463 0.507734 0.000000 0.587966 0.938152 0.807694 0.966893 0.868141 0.922648 0.952214 0.859398 0.696013 0.954953 0.884079 0.943328 0.897717 0.779457 0.955252 0.788997 0.488120 0.882676 0.976520 0.996013 0.809930 0.471875 0.633861 0.489221 0.645366 0.702633 0.983717 0.753626 0.998291 0.960111 0.962088 0.994722 0.768771 0.598790 0.658611 0.593006 0.665393 0.731239 0.757709 0.940735 0.922762 0.826991 0.905223 0.737401 0.674039 0.869266 0.929542 0.863574 0.743370 0.830278 0.951914 0.523242 0.558646 0.909632 0.937130 0.714532 0.577638 0.531412 0.453487 0.952145 0.823613 0.628815 0.580387 0.561385 0.640983 0.952589 0.879060 0.769155 0.687274 0.958057 0.832258 0.728583 0.666642 0.921886 0.754449 0.952907 0.906372 0.910173 0.982839 0.957029 0.940029 0.567018 0.882474 0.682430 0.870767 0.840472 0.926529 0.830016 0.851367 0.589879 0.615490 0.561502 0.964762 0.904829 0.790166 0.638584 0.739609 0.847816 0.679275 0.741248 0.919918 0.677721 0.640767 0.705196 0.863643 0.795348 0.983899
0.746966 0.775502 0.928668 0.954148 0.959285 0.682175 0.658681 0.579331 0.587966 0.000000 0.918762 0.977206 0.689096 0.742237 0.817500 0.838531 0.908953 0.704266 0.944925 0.894496 0.860691 0.884112 0.889998 0.675922 0.822617 0.845406 0.675241 0.882298 0.819183 0.862609 0.533691 0.553489 0.646180 0.529993 0.791909 0.955000 0.850236 0.895585 0.985760 0.952805 0.942262 0.768497 0.432684 0.523759 0.432918 0.450219 0.668136 0.587232 0.566606 0.695873 0.596877 0.784851 0.644759 0.494765 0.985064 0.853707 0.752219 0.679412 0.779692 0.914045 0.733250 0.535585 0.993636 0.851112 0.829477 0.891322 0.669469 0.491105 0.799781 0.814130 0.750893 0.634803 0.539833 0.667379 0.956297 0.822224 0.674217 0.614015 0.972604 0.942310 0.848894 0.655740 0.800034 0.731434 0.659516 0.723414 0.702402 0.784272 0.935845 0.670833 0.690790 0.931282 0.906439 0.906146 0.984018 0.789970 0.757874 0.711771 0.496261 0.509692 0.470870 0.801710 0.605715 0.569683 0.650425 0.746492 0.910046 0.588629 0.806005 0.811630 0.680081 0.634340 0.614777 0.801402 0.768752 0.850990
0.509563 0.610633 0.980254 0.935029 0.931145 0.933404 0.948812 0.858489 0.938152 0.918762 0.000000 0.657151 0.868498 0.739204 0.940072 0.995608 0.592826 0.510763 0.612473 0.576924 0.962284 0.995338 0.833834 0.925937 0.819732 0.790203 0.972134 0.964790 0.672339 0.522248 0.815815 0.878605 0.862896 0.668808 0.939696 0.938848 0.940050 0.836924 0.882909 0.948969 0.829383 0.936554 0.787960 0.729884 0.867599 0.737926 0.712490 0.750637 0.695932 0.604530 0.787630 0.730466 0.970255 0.986577 0.796583 0.868968 0.592942 0.679959 0.597104 0.595282 0.992498 0.952098 0.559014 0.655194 0.868177 0.937842 0.853722 0.852335 0.685349 0.738634 0.977435 0.807598 0.890453 0.974968 0.850465 0.755274 0.857987 0.952676 0.820989 0.761379 0.565069 0.606086 0.805294 0.720055 0.992168 0.960849 0.831213 0.899294 0.929357 0.956929 0.879196 0.825934 0.905813 0.826283 0.810934 0.946832 0.686417 0.807171 0.776206 0.833566 0.952361 0.929657 0.777737 0.702161 0.986372 0.990836 0.910039 0.968513 0.921487 0.867952 0.915997 0.977642 0.792688 0.901838 0.974594 0.936009
0.410333 0.426338 0.912079 0.692928 0.912583 0.974505 0.922769 0.721159 0.807694 0.977206 0.657151 0.000000 0.518886 0.517544 0.697213 0.557950 0.568405 0.470720 0.536844 0.362320 0.977661 0.688463 0.800491 0.726114 0.826244 0.899993 0.735580 0.986239 0.695902 0.514411 0.855170 0.968029 0.881374 0.708083 0.982864 0.981915 0.668145 0.534276 0.871278 0.689472 0.870913 0.999265 0.840614 0.763526 0.958671 0.783947 0.715456 0.611836 0.711350 0.569521 0.713352 0.618984 0.877788 0.972307 0.687652 0.821254 0.507855 0.415991 0.640336 0.487841 0.788458 0.731253 0.651040 0.406552 0.869877 0.864279 0.994812 0.939200 0.503131 0.508573 0.982128 0.874007 0.832042 0.914623 0.990382 0.835754 0.909923 0.988742 0.804984 0.568406 0.413471 0.452304 0.659929 0.501281 0.698342 0.691995 0.668544 0.802914 0.867319 0.767891 0.887515 0.909439 0.878106 0.827823 0.907480 0.903597 0.768602 0.926850 0.973937 0.950921 0.976798 0.891706 0.895907 0.934035 0.863631 0.912199 0.848845 0.926001 0.860246 0.776919 0.947848 0.976669 0.961961 0.794315 0.925998 0.976534
0.467885 0.424679 0.620781 0.498312 0.747229 0.880617 0.752727 0.709352 0.966893 0.689096 0.868498 0.518886 0.000000 0.322901 0.383694 0.382630 0.623209 0.550088 0.452512 0.493319 0.908955 0.671148 0.438770 0.387836 0.622569 0.935723 0.619661 0.917547 0.889522 0.846465 0.857545 0.964674 0.878452 0.908522 0.951084 0.994228 0.765858 0.767238 0.941501 0.904810 0.845622 0.975053 0.942014 0.837818 0.911495 0.959349 0.772513 0.791804 0.967702 0.781366 0.897807 0.656342 0.855514 0.979809 0.779415 0.838985 0.475848 0.428584 0.715507 0.604441 0.660157 0.768500 0.799273 0.650060 0.533295 0.632520 0.924573 0.981389 0.605569 0.638709 0.793537 0.961472 0.863765 0.968592 0.924378 0.989091 0.878197 0.955237 0.823838 0.615173 0.564713 0.485920 0.617328 0.560266 0.392938 0.448614 0.558227 0.640993 0.777942 0.583395 0.916924 0.866860 0.846270 0.861793 0.867821 0.974984 0.802872 0.978263 0.997204 0.890043 0.875741 0.988274 0.959110 0.874023 0.828143 0.912642 0.985368 0.956650 0.836127 0.910331 0.922423 0.940741 0.962756 0.897866 0.906820 0.958733
0.445126 0.395023 0.820182 0.633326 0.961562 0.831388 0.893537 0.775693 0.868141 0.742237 0.739204 0.517544 0.322901 0.000000 0.446846 0.364819 0.505552 0.431902 0.415962 0.481266 0.980733 0.646132 0.602773 0.519476 0.857643 0.891978 0.660984 0.946269 0.720236 0.649773 0.752788 0.926813 0.916375 0.853673 0.914485 0.990005 0.911908 0.778227 0.987970 0.886748 0.989604 0.899115 0.850251 0.733345 0.947737 0.853652 0.682477 0.711428 0.916809 0.641846 0.784195 0.555191 0.816457 0.970977 0.861019 0.831512 0.382600 0.384224 0.619398 0.499888 0.773489 0.867059 0.675775 0.561845 0.743878 0.788499 0.995068 0.952142 0.692682 0.658432 0.980882 0.802715 0.837062 0.997559 0.824521 0.993710 0.918428 0.983345 0.677796 0.535509 0.474564 0.446813 0.529156 0.525207 0.537769 0.576118 0.623617 0.663300 0.798636 0.680602 0.980086 0.887956 0.999380 0.903072 0.852642 0.919220 0.863460 0.957599 0.938380 0.862861 0.855848 0.977565 0.936668 0.979324 0.882511 0.954125 0.991019 0.875861 0.856260 0.864626 0.867937 0.925192 0.942681 0.813103 0.777142 0.961389
0.712986 0.638092 0.696924 0.573795 0.753972 0.844496 0.773178 0.805651 0.922648 0.817500 0.940072 0.697213 0.383694 0.446846 0.000000 0.325568 0.687918 0.701665 0.600821 0.720363 0.992791 0.786852 0.384062 0.412821 0.653012 0.956575 0.646684 0.918752 0.790077 0.873817 0.967083 0.827683 0.869621 0.890607 0.925630 0.989029 0.856234 0.773929 0.976988 0.940352 0.976194 0.939307 0.889163 0.839674 0.999995 0.908211 0.793868 0.828341 0.956181 0.856176 0.911115 0.720932 0.759176 0.914944 0.911302 0.869934 0.584973 0.596339 0.754125 0.716018 0.658384 0.746660 0.818016 0.672194 0.525086 0.680560 0.941562 0.962305 0.794654 0.843670 0.832623 0.920290 0.940462 0.875055 0.932098 0.930398 0.923438 0.802527 0.720777 0.683375 0.716403 0.707705 0.602093 0.660341 0.439456 0.492132 0.677577 0.624505 0.734009 0.669961 0.961465 0.977872 0.968829 0.957928 0.870664 0.896572 0.851823 0.966285 0.990509 0.866119 0.867314 0.913555 0.949838 0.843522 0.765204 0.815632 0.909316 0.958850 0.778413 0.916102 0.882441 0.878441 0.866895 0.924106 0.861918 0.940015
0.659034 0.541873 0.741105 0.550109 0.860718 0.889246 0.900450 0.744533 0.952214 0.838531 0.995608 0.557950 0.382630 0.364819 0.325568 0.000000 0.680226 0.642386 0.609654 0.634402 0.966994 0.671490 0.411211 0.407672 0.683312 0.994610 0.656518 0.847567 0.796846 0.772343 0.995010 0.870272 0.944720 0.887452 0.992517 0.989450 0.817628 0.712757 0.918983 0.898877 0.961454 0.892812 0.886735 0.776452 0.902670 0.901699 0.737408 0.757540 0.972675 0.780881 0.848145 0.678574 0.774569 0.973327 0.924831 0.897489 0.537735 0.504728 0.732433 0.596618 0.697795 0.689532 0.873275 0.587415 0.601162 0.697788 0.929719 0.939433 0.736651 0.721246 0.919223 0.898033 0.870298 0.902254 0.976505 0.885896 0.960539 0.822482 0.728173 0.696389 0.653404 0.653467 0.565916 0.559061 0.483579 0.492516 0.704167 0.705353 0.707016 0.659572 0.892843 0.929570 0.873478 0.891169 0.922792 0.945505 0.925948 0.993409 0.945504 0.907759 0.887677 0.840098 0.971677 0.823118 0.778462 0.846716 0.965509 0.945487 0.786736 0.912722 0.889292 0.885394 0.896628 0.826626 0.760522 0.935987
0.390145 0.401459 0.892142 0.945564 0.876667 0.853483 0.985795 0.964657 0.859398 0.908953 0.592826 0.568405 0.623209 0.505552 0.687918 0.680226 0.000000 0.338036 0.502617 0.429588 0.984572 0.746705 0.940429 0.852591 0.993435 0.769384 0.851467 0.860931 0.552722 0.497231 0.782196 0.926968 0.828361 0.738185 0.988457 0.857129 0.919159 0.729615 0.939908 0.771655 0.843455 0.928821 0.752418 0.638303 0.868698 0.676096 0.590290 0.584934 0.562636 0.452816 0.570347 0.466399 0.727616 0.931296 0.657695 0.563646 0.332935 0.345547 0.494251 0.406713 0.974681 0.944911 0.394313 0.396604 0.914289 0.825963 0.993465 0.999075 0.568356 0.556844 0.895299 0.722618 0.767271 0.989354 0.833663 0.817003 0.805080 0.954274 0.592101 0.642956 0.275944 0.333798 0.466929 0.409870 0.690266 0.810444 0.757478 0.574144 0.794685 0.706704 0.935885 0.961463 0.892862 0.996583 0.719762 0.948787 0.764369 0.796971 0.813782 0.905729 0.820037 0.992591 0.705624 0.778543 0.926522 0.966821 0.965889 0.968252 0.927791 0.859439 0.882571 0.919987 0.829695 0.877707 0.778123 0.903087
0.312900 0.321719 0.917395 0.870687 0.910285 0.818959 0.903269 0.946421 0.696013 0.704266 0.510763 0.470720 0.550088 0.431902 0.701665 0.642386 0.338036 0.000000 0.477364 0.390765 0.989221 0.746367 0.892606 0.718952 0.950758 0.761545 0.736365 0.899263 0.643354 0.521329 0.595841 0.925754 0.959684 0.881409 0.990680 0.993528 0.988712 0.696671 0.862803 0.758423 0.857457 0.971456 0.952634 0.847385 0.921206 0.884334 0.760743 0.741578 0.750186 0.549612 0.775993 0.627608 0.931952 0.840192 0.663608 0.677470 0.278717 0.270564 0.571544 0.460321 0.941084 0.814170 0.431954 0.442543 0.957789 0.855260 0.952825 0.874443 0.500469 0.483406 0.889395 0.624046 0.663603 0.882212 0.787474 0.737071 0.932460 0.844425 0.617511 0.638838 0.311164 0.290181 0.456137 0.376342 0.595354 0.706793 0.618109 0.585418 0.716662 0.604049 0.850491 0.986459 0.928101 0.946688 0.774249 0.989198 0.798556 0.868836 0.994280 0.965652 0.675475 0.877638 0.868356 0.945292 0.988861 0.971488 0.939513 0.836014 0.952681 0.856792 0.970280 0.902115 0.941376 0.891044 0.929644 0.948323
0.448049 0.450294 0.786430 0.587344 0.960148 0.991110 0.720427 0.635967 0.954953 0.944925 0.612473 0.536844 0.452512 0.415962 0.600821 0.609654 0.502617 0.477364 0.000000 0.426612 0.969461 0.653232 0.711954 0.671553 0.942393 0.921750 0.771425 0.984208 0.689250 0.666855 0.841342 0.812333 0.756660 0.717460 0.987154 0.855399 0.776602 0.789380 0.866097 0.876677 0.716770 0.981887 0.697750 0.636139 0.858424 0.707608 0.572952 0.522463 0.740759 0.548145 0.736186 0.548685 0.779202 0.837444 0.744745 0.755463 0.444396 0.482665 0.547129 0.504987 0.748356 0.836126 0.571293 0.576521 0.806166 0.798464 0.793726 0.813607 0.638050 0.779010 0.719924 0.988540 0.908347 0.991203 0.887041 0.991909 0.750780 0.884106 0.694552 0.591137 0.509054 0.493031 0.642718 0.605872 0.636515 0.730510 0.656029 0.649503 0.836856 0.829390 0.804971 0.753232 0.788350 0.762109 0.740894 0.887159 0.549626 0.887721 0.668430 0.657210 0.976958 0.900208 0.767395 0.903605 0.691742 0.804760 0.884759 0.859129 0.810248 0.649660 0.826810 0.834562 0.762734 0.801802 0.816592 0.993902
0.349876 0.337448 0.855839 0.626044 0.904229 0.882788 0.860059 0.723847 0.884079 0.894496 0.576924 0.362320 0.493319 0.481266 0.720363 0.634402 0.429588 0.390765 0.426612 0.000000 0.981922 0.728796 0.788151 0.690523 0.809495 0.971963 0.689255 0.952007 0.717170 0.604345 0.782682 0.999981 0.823815 0.727098 0.965376 0.921722 0.688915 0.542420 0.799034 0.641471 0.806796 0.952949 0.814097 0.741500 0.974516 0.800617 0.633167 0.601741 0.707978 0.477775 0.703135 0.533060 0.823817 0.948422 0.579338 0.705996 0.388922 0.326706 0.547251 0.461406 0.843669 0.869077 0.606709 0.449901 0.834938 0.883537 0.903217 0.917113 0.432585 0.480932 0.926678 0.891270 0.771425 0.923538 0.894823 0.841645 0.780600 0.934101 0.718743 0.671852 0.369303 0.387385 0.601173 0.437388 0.575379 0.649166 0.666407 0.700041 0.762937 0.650876 0.954377 0.936526 0.932531 0.926898 0.825796 0.903179 0.709396 0.941652 0.883090 0.867114 0.972248 0.985151 0.818988 0.950195 0.816923 0.891929 0.874463 0.935198 0.868988 0.712088 0.962849 0.997479 0.987255 0.889873 0.856526 0.902879
0.901433 0.890610 0.833435 0.928768 0.943125 0.914005 0.906423 0.978442 0.943328 0.860691 0.962284 0.977661 0.908955 0.980733 0.992791 0.966994 0.984572 0.989221 0.969461 0.981922 0.000000 0.966294 0.976511 0.890243 0.834963 0.897310 0.969296 0.892136 0.979588 0.978129 0.927396 0.952238 0.831695 0.922653 0.817909 0.796530 0.966956 0.951168 0.905184 0.969358 0.995804 0.957093 0.912737 0.968546 0.914781 0.990671 0.960394 0.805122 0.977091 0.908078 0.972540 0.889268 0.883084 0.745231 0.812288 0.828667 0.960040 0.900130 0.886561 0.967386 0.711905 0.911283 0.901637 0.975719 0.805688 0.798863 0.849192 0.931155 0.956812 0.966762 0.990432 0.869797 0.951827 0.957080 0.824283 0.979051 0.968473 0.956029 0.804100 0.962072 0.898293 0.852295 0.903490 0.963471 0.762802 0.722908 0.914067 0.914740 0.873821 0.862181 0.871312 0.724549 0.964069 0.863519 0.971959 0.889995 0.959585 0.796857 0.885321 0.810252 0.846762 0.995689 0.886553 0.896899 0.797474 0.952528 0.987740 0.963914 0.989409 0.849018 0.846597 0.851260 0.974608 0.911973 0.973750 0.968394
0.724756 0.741003 0.969506 0.864278 0.957345 0.880686 0.989568 0.899025 0.897717 0.884112 0.995338 0.688463 0.671148 0.646132 0.786852 0.671490 0.746705 0.746367 0.653232 0.728796 0.966294 0.000000 0.817833 0.777796 0.997276 0.915398 0.815894 0.914089 0.925187 0.902842 0.884598 0.987306 0.973618 0.999285 0.893651 0.852531 0.852461 0.888929 0.892339 0.804635 0.954300 0.912343 0.925383 0.862152 0.910686 0.962933 0.845940 0.859919 0.952016 0.797416 0.850507 0.734614 0.816310 0.929822 0.834196 0.837056 0.693736 0.663197 0.863287 0.712532 0.881671 0.913173 0.764564 0.687939 0.956475 0.974240 0.859276 0.881457 0.835812 0.836504 0.985121 0.932226 0.916553 0.939963 0.865285 0.941840 0.901073 0.944018 0.918415 0.721096 0.715379 0.644464 0.720610 0.658664 0.811509 0.822861 0.705622 0.765719 0.839031 0.912887 0.994608 0.910964 0.918300 0.994318 0.875533 0.968888 0.739935 0.969813 0.918596 0.898261 0.984228 0.868617 0.966488 0.972937 0.876314 0.992200 0.794351 0.924248 0.856592 0.807834 0.872664 0.852461 0.979267 0.824984 0.793691 0.957470
0.853444 0.707395 0.445003 0.348990 0.570888 0.969614 0.606443 0.647753 0.779457 0.889998 0.833834 0.800491 0.438770 0.602773 0.384062 0.411211 0.940429 0.892606 0.711954 0.788151 0.976511 0.817833 0.000000 0.302809 0.470883 0.661512 0.606282 0.903252 0.997463 0.938127 0.861257 0.888010 0.834214 0.920632 0.815527 0.900510 0.721742 0.761679 0.905450 0.987383 0.952807 0.964425 0.929910 0.909278 0.976309 0.978740 0.915086 0.898528 0.821077 0.989285 0.964692 0.895913 0.795749 0.951920 0.879507 0.931185 0.782373 0.724970 0.911367 0.843507 0.544062 0.637308 0.957511 0.832623 0.304744 0.474187 0.757925 0.836559 0.805523 0.885405 0.682108 0.830462 0.888775 0.880940 0.901726 0.727642 0.905161 0.854354 0.827766 0.959054 0.925749 0.902199 0.716535 0.793031 0.365534 0.377113 0.687233 0.722120 0.674415 0.598384 0.891275 0.987790 0.807052 0.885967 0.786239 0.957888 0.880940 0.970837 0.984687 0.863663 0.941560 0.872656 0.841494 0.684840 0.677733 0.716346 0.940290 0.955251 0.767559 0.825647 0.869833 0.821615 0.945993 0.947088 0.864216 0.998752
0.709408 0.621330 0.533824 0.401773 0.635563 0.863886 0.801997 0.792553 0.955252 0.675922 0.925937 0.726114 0.387836 0.519476 0.412821 0.407672 0.852591 0.718952 0.671553 0.690523 0.890243 0.777796 0.302809 0.000000 0.452842 0.755865 0.474250 0.807306 0.964139 0.982985 0.991725 0.985690 0.910470 0.985887 0.913637 0.885929 0.808704 0.743980 0.826466 0.945267 0.886090 0.967607 0.870885 0.961978 0.779781 0.861837 0.990544 0.979096 0.731453 0.970461 0.830335 0.971725 0.996367 0.831668 0.829670 0.979554 0.669240 0.600536 0.941961 0.824271 0.712564 0.826514 0.971567 0.826914 0.368488 0.585379 0.967496 0.963080 0.660244 0.811894 0.790778 0.936995 0.932841 0.997829 0.983473 0.894283 0.985704 0.956985 0.801059 0.888254 0.813659 0.714771 0.672032 0.627166 0.342767 0.355976 0.602362 0.680386 0.598242 0.513047 0.912435 0.886502 0.952716 0.977930 0.846122 0.879233 0.953071 0.906134 0.849409 0.932304 0.794302 0.864637 0.743481 0.632361 0.801871 0.895693 0.933444 0.889436 0.966540 0.965634 0.973724 0.990211 0.907889 0.905192 0.981371 0.990452
0.789814 0.717481 0.459306 0.483399 0.628775 0.910876 0.767009 0.787600 0.788997 0.822617 0.819732 0.826244 0.622569 0.857643 0.653012 0.683312 0.993435 0.950758 0.942393 0.809495 0.834963 0.997276 0.470883 0.452842 0.000000 0.447805 0.595836 0.764141 0.813795 0.757559 0.784032 0.998137 0.812947 0.952189 0.790938 0.826095 0.596903 0.608323 0.769338 0.864610 0.854892 0.985823 0.875647 0.927057 0.888572 0.881017 0.999853 0.975311 0.760081 0.910858 0.852677 0.929421 0.903347 0.750291 0.710964 0.965609 0.821925 0.766743 0.968750 0.918707 0.625974 0.704112 0.806439 0.963488 0.353251 0.509614 0.893335 0.895799 0.572914 0.686533 0.914003 0.878353 0.995155 0.897771 0.903699 0.933709 0.937193 0.997117 0.985351 0.909274 0.987894 0.897208 0.757619 0.768963 0.413284 0.359940 0.777498 0.828907 0.641628 0.473188 0.890683 0.640003 0.971782 0.875089 0.853315 0.960906 0.883965 0.846641 0.790577 0.770433 0.832988 0.721951 0.717264 0.636815 0.859473 0.940328 0.966019 0.891627 0.902072 0.984031 0.955664 0.900178 0.852067 0.788395 0.961590 0.955284
0.912939 0.980221 0.429927 0.570768 0.660945 0.875678 0.549950 0.622608 0.488120 0.845406 0.790203 0.899993 0.935723 0.891978 0.956575 0.994610 0.769384 0.761545 0.921750 0.971963 0.897310 0.915398 0.661512 0.755865 0.447805 0.000000 0.912374 0.792699 0.757203 0.672366 0.517519 0.839477 0.619452 0.759261 0.758481 0.756384 0.589056 0.819407 0.758909 0.899131 0.950792 0.801225 0.863692 0.895287 0.812224 0.879155 0.874723 0.953817 0.871427 0.941667 0.995268 0.970053 0.923664 0.995609 0.753112 0.970108 0.911299 0.901432 0.962385 0.933835 0.537565 0.609590 0.719144 0.853717 0.498958 0.466127 0.631925 0.583545 0.833324 0.919901 0.787266 0.662016 0.722648 0.753971 0.989585 0.934419 0.967148 0.901689 0.892313 0.772416 0.737895 0.753749 0.958086 0.850189 0.693256 0.607565 0.993047 0.990654 0.785709 0.761725 0.841381 0.802456 0.827666 0.928944 0.864872 0.936528 0.931916 0.942994 0.930951 0.997008 0.827364 0.865322 0.804913 0.862984 0.761404 0.855889 0.939384 0.932986 0.857331 0.912985 0.753504 0.998929 0.923282 0.879341 0.961582 0.976214
0.738943 0.673949 0.844751 0.676239 0.667808 0.784991 0.939253 0.994647 0.882676 0.675241 0.972134 0.735580 0.619661 0.660984 0.646684 0.656518 0.851467 0.736365 0.771425 0.689255 0.969296 0.815894 0.606282 0.474250 0.595836 0.912374 0.000000 0.904153 0.903570 0.927923 0.776361 0.917784 0.807937 0.807544 0.929986 0.959092 0.879209 0.681949 0.821235 0.965462 0.976098 0.829384 0.750409 0.810403 0.603877 0.702293 0.932917 0.925907 0.739542 0.955425 0.785032 0.981095 0.863860 0.808829 0.892813 0.991852 0.722895 0.630426 0.947052 0.827026 0.986128 0.953529 0.992498 0.903085 0.651612 0.853167 0.841935 0.828583 0.674192 0.703956 0.976244 0.810171 0.802529 0.824245 0.947555 0.932801 0.989948 0.738663 0.826936 0.975754 0.854343 0.724112 0.745390 0.747036 0.582271 0.595524 0.620185 0.720854 0.827693 0.613024 0.857909 0.918388 0.990878 0.916525 0.948280 0.987136 0.950907 0.939935 0.793411 0.837112 0.749389 0.931325 0.765144 0.688607 0.966623 0.924088 0.897852 0.901821 0.999419 0.892801 0.993459 0.949310 0.800933 0.811793 0.919705 0.968973
0.831653 0.870378 0.864182 0.910129 0.927261 0.981748 0.986465 0.956170 0.976520 0.882298 0.964790 0.986239 0.917547 0.946269 0.918752 0.847567 0.860931 0.899263 0.984208 0.952007 0.892136 0.914089 0.903252 0.807306 0.764141 0.792699 0.904153 0.000000 0.923505 0.883127 0.911057 0.915298 0.952943 0.941301 0.956021 0.858073 0.771718 0.831469 0.815136 0.997229 0.980149 0.923572 0.980117 0.961996 0.900813 0.968367 0.951297 0.988601 0.879006 0.962725 0.906211 0.925871 0.904112 0.715839 0.817101 0.995895 0.787052 0.835752 0.921314 0.936281 0.926841 0.977050 0.905281 0.987770 0.802229 0.853240 0.932069 0.927669 0.756453 0.736912 0.981713 0.853935 0.839983 0.915870 0.981107 0.956338 0.978334 0.882489 0.928111 0.862792 0.959559 0.950000 0.786934 0.844956 0.771218 0.732241 0.984007 0.974860 0.859405 0.748906 0.824169 0.699050 0.827216 0.738519 0.937152 0.817596 0.874404 0.873399 0.917054 0.808368 0.774134 0.724273 0.801341 0.755561 0.916197 0.784763 0.963816 0.914737 0.848556 0.826554 0.940338 0.984384 0.894135 0.918296 0.889678 0.857091
0.769051 0.728981 0.858105 0.998533 0.905262 0.901351 0.899189 0.907874 0.996013 0.819183 0.672339 0.695902 0.889522 0.720236 0.790077 0.796846 0.552722 0.643354 0.689250 0.717170 0.979588 0.925187 0.997463 0.964139 0.813795 0.757203 0.903570 0.923505 0.000000 0.348031 0.959150 0.575079 0.716545 0.663177 0.966168 0.974088 0.957855 0.979202 0.951123 0.939735 0.944807 0.990187 0.639717 0.604059 0.638666 0.550205 0.647484 0.614786 0.508732 0.532752 0.584303 0.622726 0.631960 0.804906 0.883245 0.726659 0.672999 0.717181 0.602678 0.574132 0.866755 0.948396 0.473722 0.494717 0.813598 0.862903 0.849626 0.860812 0.950465 0.975430 0.929688 0.782892 0.989082 0.849478 0.890228 0.947386 0.879176 0.768128 0.619942 0.657550 0.529527 0.714270 0.712092 0.700907 0.925458 0.966355 0.988758 0.844505 0.980764 0.943332 0.965825 0.982499 0.841029 0.865903 0.768127 0.880153 0.666426 0.989641 0.757844 0.776127 0.922855 0.959101 0.658101 0.660029 0.871940 0.904182 0.988030 0.924855 0.887592 0.902965 0.826494 0.815442 0.689570 0.787289 0.776506 0.981457
0.636536 0.622136 0.789160 0.974412 0.857571 0.906777 0.950441 0.945942 0.809930 0.862609 0.522248 0.514411 0.846465 0.649773 0.873817 0.772343 0.497231 0.521329 0.666855 0.604345 0.978129 0.902842 0.938127 0.982985 0.757559 0.672366 0.927923 0.883127 0.348031 0.000000 0.889146 0.769844 0.853440 0.647618 0.944547 0.964434 0.996408 0.866270 0.989305 0.787359 0.920478 0.984267 0.703207 0.635739 0.736372 0.611028 0.670855 0.616732 0.470938 0.509515 0.579975 0.622517 0.768250 0.947494 0.904586 0.715357 0.621731 0.622076 0.592227 0.492480 0.963465 0.954127 0.476266 0.409446 0.747638 0.785082 0.942326 0.937465 0.853601 0.823368 0.849419 0.765936 0.992822 0.892502 0.933145 0.904192 0.967389 0.836670 0.619885 0.588833 0.411805 0.606108 0.699874 0.628146 0.993362 0.923562 0.909801 0.784333 0.995443 0.947481 0.876138 0.967218 0.779563 0.834265 0.834829 0.947483 0.738084 0.882115 0.829098 0.850229 0.959864 0.977872 0.685518 0.681353 0.965287 0.876599 0.892291 0.927201 0.908321 0.844553 0.900368 0.896094 0.844876 0.804890 0.777297 0.989826
0.687550 0.747786 0.665119 0.814606 0.818096 0.798733 0.579930 0.627922 0.471875 0.533691 0.815815 0.855170 0.857545 0.752788 0.967083 0.995010 0.782196 0.595841 0.841342 0.782682 0.927396 0.884598 0.861257 0.991725 0.784032 0.517519 0.776361 0.911057 0.959150 0.889146 0.000000 0.535006 0.531559 0.642445 0.730538 0.927232 0.698359 0.979159 0.780459 0.884880 0.992086 0.861708 0.605249 0.661887 0.536811 0.600711 0.742162 0.785972 0.827059 0.910566 0.763470 0.926229 0.681857 0.705487 0.950610 0.972086 0.750499 0.671843 0.917211 0.959938 0.539674 0.502036 0.822873 0.996974 0.859605 0.699077 0.689097 0.507254 0.862752 0.774166 0.850403 0.700233 0.580392 0.630641 0.933044 0.870118 0.837294 0.547454 0.970528 0.908766 0.755933 0.611501 0.942498 0.787920 0.960159 0.968674 0.737912 0.885835 0.962630 0.907325 0.938247 0.797606 0.946716 0.740602 0.940160 0.870503 0.923843 0.962524 0.788160 0.806346 0.547815 0.994740 0.937271 0.926646 0.786788 0.833303 0.857550 0.778444 0.787942 0.943517 0.793690 0.857896 0.747827 0.870892 0.877186 0.923010
0.952575 0.985415 0.835328 0.805494 0.963245 0.867649 0.657960 0.606584 0.633861 0.553489 0.878605 0.968029 0.964674 0.926813 0.827683 0.870272 0.926968 0.925754 0.812333 0.999981 0.952238 0.987306 0.888010 0.985690 0.998137 0.839477 0.917784 0.915298 0.575079 0.769844 0.535006 0.000000 0.592161 0.582405 0.825706 0.982722 0.809818 0.966218 0.875087 0.944172 0.984130 0.923687 0.471323 0.459563 0.526418 0.461495 0.569723 0.589206 0.654337 0.652161 0.604026 0.660812 0.603855 0.599046 0.852470 0.880280 0.943412 0.937760 0.607272 0.726586 0.626867 0.645365 0.840194 0.750435 0.988299 0.817165 0.687932 0.604108 0.907463 0.813642 0.841728 0.879481 0.687550 0.677131 0.943204 0.954195 0.731814 0.588851 0.756476 0.740048 0.925561 0.934484 0.855244 0.966690 0.995767 0.998063 0.944305 0.979407 0.918810 0.847179 0.845662 0.956463 0.977929 0.977054 0.854697 0.895725 0.710765 0.992112 0.569793 0.626634 0.605881 0.802036 0.654613 0.772860 0.664044 0.819886 0.874546 0.762992 0.677561 0.857613 0.819635 0.795049 0.548187 0.879169 0.738348 0.970571
0.876024 0.848638 0.593317 0.677956 0.885948 0.728077 0.393480 0.482937 0.489221 0.646180 0.862896 0.881374 0.878452 0.916375 0.869621 0.944720 0.828361 0.959684 0.756660 0.823815 0.831695 0.973618 0.834214 0.910470 0.812947 0.619452 0.807937 0.952943 0.716545 0.853440 0.531559 0.592161 0.000000 0.414030 0.745845 0.909216 0.690116 0.822764 0.916906 0.983042 0.935805 0.678019 0.446992 0.489267 0.373070 0.422439 0.474782 0.576356 0.605564 0.611419 0.555291 0.668583 0.638546 0.721034 0.655388 0.787447 0.870977 0.929644 0.533811 0.768089 0.412648 0.566877 0.712757 0.711367 0.791846 0.627281 0.446928 0.380679 0.893195 0.981993 0.733956 0.810826 0.736623 0.718908 0.807715 0.946518 0.691375 0.663605 0.814415 0.885523 0.843422 0.961632 0.878380 0.921110 0.786164 0.778031 0.941373 0.853912 0.899410 0.917724 0.728351 0.993730 0.849721 0.966420 0.697138 0.879481 0.686935 0.837085 0.577785 0.659222 0.672089 0.925203 0.834280 0.685971 0.632156 0.800542 0.920987 0.864428 0.805743 0.891948 0.686076 0.780431 0.637654 0.758103 0.734682 0.916453
0.800744 0.777842 0.691609 0.729012 0.966185 0.626825 0.496080 0.443331 0.645366 0.529993 0.668808 0.708083 0.908522 0.853673 0.890607 0.887452 0.738185 0.881409 0.717460 0.727098 0.922653 0.999285 0.920632 0.985887 0.952189 0.759261 0.807544 0.941301 0.663177 0.647618 0.642445 0.582405 0.414030 0.000000 0.734793 0.959732 0.641701 0.739974 0.915414 0.996547 0.771024 0.741437 0.433994 0.442175 0.415080 0.395625 0.419097 0.471821 0.554750 0.546945 0.520044 0.618661 0.639479 0.702287 0.673984 0.780492 0.790707 0.862415 0.459905 0.560724 0.471947 0.485829 0.651096 0.559223 0.915220 0.669078 0.537461 0.425806 0.837680 0.902746 0.807666 0.803339 0.724784 0.661984 0.865737 0.989296 0.801635 0.641619 0.849874 0.821416 0.742357 0.886929 0.831548 0.875535 0.902647 0.881221 0.979262 0.914294 0.891784 0.943731 0.834819 0.988826 0.959499 0.891101 0.792734 0.937559 0.607901 0.879612 0.574575 0.663179 0.584282 0.996833 0.756140 0.615857 0.659170 0.741090 0.973025 0.753369 0.851289 0.793648 0.721006 0.802831 0.620791 0.832505 0.810030 0.965159
0.974271 0.925158 0.681044 0.694150 0.933750 0.936698 0.694190 0.765297 0.702633 0.791909 0.939696 0.982864 0.951084 0.914485 0.925630 0.992517 0.988457 0.990680 0.987154 0.965376 0.817909 0.893651 0.815527 0.913637 0.790938 0.758481 0.929986 0.956021 0.966168 0.944547 0.730538 0.825706 0.745845 0.734793 0.000000 0.918096 0.897526 0.831998 0.734390 0.971033 0.967411 0.904052 0.837554 0.843694 0.731692 0.788032 0.857103 0.913088 0.912743 0.941720 0.936071 0.953256 0.922685 0.946924 0.752665 0.893979 0.998459 0.976551 0.775333 0.945591 0.711261 0.694968 0.961876 0.870056 0.720718 0.754515 0.629718 0.653048 0.869597 0.931749 0.782204 0.802845 0.824212 0.777682 0.980548 0.985376 0.906699 0.755581 0.943151 0.889162 0.971143 0.987043 0.860782 0.931798 0.839536 0.791306 0.959561 0.982625 0.708512 0.776526 0.964330 0.875175 0.847022 0.932383 0.862842 0.983799 0.828368 0.716638 0.852900 0.950507 0.907134 0.838346 0.978412 0.989301 0.769247 0.855818 0.640695 0.863108 0.810433 0.906583 0.946794 0.916625 0.742973 0.969733 0.900348 0.965542
0.983241 0.934934 0.844658 0.889245 0.871355 0.901370 0.901804 0.966751 0.983717 0.955000 0.938848 0.981915 0.994228 0.990005 0.989029 0.989450 0.857129 0.993528 0.855399 0.921722 0.796530 0.852531 0.900510 0.885929 0.826095 0.756384 0.959092 0.858073 0.974088 0.964434 0.927232 0.982722 0.909216 0.959732 0.918096 0.000000 0.936664 0.992352 0.902599 0.922240 0.771354 0.961374 0.857176 0.940278 0.949296 0.929932 0.937848 0.728560 0.857315 0.889260 0.869773 0.844757 0.855614 0.840255 0.970341 0.817748 0.924568 0.938062 0.920971 0.943152 0.921027 0.982059 0.859985 0.878097 0.779746 0.843706 0.945622 0.994888 0.951991 0.926093 0.936983 0.859932 0.886276 0.981619 0.948475 0.962970 0.779950 0.881997 0.869494 0.936085 0.930960 0.923977 0.992272 0.875598 0.876124 0.834809 0.958299 0.841049 0.905027 0.997453 0.986931 0.858892 0.869218 0.939537 0.966995 0.844882 0.875182 0.957141 0.808487 0.812711 0.903065 0.836551 0.809492 0.882688 0.955160 0.863477 0.924609 0.835608 0.942753 0.992838 0.915678 0.852556 0.908820 0.829836 0.846518 0.794778
0.762013 0.818958 0.574260 0.579850 0.835368 0.940619 0.633515 0.523615 0.753626 0.850236 0.940050 0.668145 0.765858 0.911908 0.856234 0.817628 0.919159 0.988712 0.776602 0.688915 0.966956 0.852461 0.721742 0.808704 0.596903 0.589056 0.879209 0.771718 0.957855 0.996408 0.698359 0.809818 0.690116 0.641701 0.897526 0.936664 0.000000 0.580881 0.800681 0.854147 0.738078 0.826855 0.784995 0.782633 0.823550 0.803213 0.715847 0.700728 0.940654 0.881167 0.892590 0.895163 0.894323 0.933812 0.602682 0.873556 0.846738 0.859372 0.794834 0.878773 0.576319 0.564321 0.929820 0.796807 0.690726 0.586655 0.779034 0.676503 0.626212 0.756184 0.780034 0.695040 0.919447 0.879283 0.899021 0.991805 0.827558 0.871539 0.995601 0.985261 0.888396 0.882657 0.816143 0.761240 0.754397 0.710261 0.827478 0.922428 0.884274 0.811833 0.960081 0.846262 0.970575 0.898053 0.837392 0.972980 0.753322 0.940857 0.828162 0.873180 0.800895 0.900220 0.988919 0.866320 0.743474 0.878304 0.866816 0.895922 0.770250 0.795480 0.943354 0.902851 0.988880 0.968133 0.971624 0.858876
0.624708 0.593117 0.740882 0.667325 0.909398 0.926236 0.876551 0.748783 0.998291 0.895585 0.836924 0.534276 0.767238 0.778227 0.773929 0.712757 0.729615 0.696671 0.789380 0.542420 0.951168 0.888929 0.761679 0.743980 0.608323 0.819407 0.681949 0.831469 0.979202 0.866270 0.979159 0.966218 0.822764 0.739974 0.831998 0.992352 0.580881 0.000000 0.707358 0.734863 0.836910 0.833735 0.912878 0.926058 0.967044 0.905417 0.758620 0.730199 0.845845 0.703521 0.859960 0.804135 0.971449 0.912918 0.576691 0.738964 0.667838 0.600897 0.763528 0.698676 0.778547 0.734869 0.880223 0.615813 0.748097 0.793407 0.954716 0.864461 0.511904 0.557058 0.943582 0.998240 0.908492 0.975512 0.981235 0.919740 0.862075 0.958595 0.908735 0.958136 0.701062 0.712370 0.760163 0.637285 0.693845 0.653403 0.782271 0.805723 0.741563 0.639370 0.890002 0.744576 0.925134 0.903412 0.993178 0.894155 0.959786 0.909348 0.963982 0.996185 0.987304 0.794861 0.918732 0.921101 0.806233 0.982836 0.995485 0.940356 0.973578 0.798452 0.880689 0.937545 0.882335 0.992738 0.995740 0.984206
