0.000000 0.264654 0.987999 0.788680 0.902133 0.853545 0.831835 0.580574 0.716405 0.621963 0.338144 0.347420 0.504089 0.449670 0.632323 0.725281 0.342328 0.282629 0.335841 0.310507 0.610640 0.999148 0.577122 0.733128 0.875056 0.688502 0.807808 0.886754 0.409510 0.425005 0.661631 0.683463 0.589517 0.604427 0.897320 0.827137 0.751520 0.954072 0.759524 0.817078 0.796848 0.819951 0.805056 0.728994 0.866325 0.707076 0.571998 0.666559 0.468005 0.634412 0.835185 0.924443 0.989800 0.733041 0.749890 0.950729 0.273085 0.379447 0.523288 0.666550 0.686149 0.792655 0.359262 0.375609 0.762690 0.765384 0.867600 0.802528 0.492394 0.561498 0.793536 0.888885 0.674775 0.839852 0.922966 0.995513 0.774057 0.883351 0.715343 0.490543 0.354502 0.302609 0.410678 0.568166 0.362982 0.561246 0.891670 0.634419 0.836425 0.558455 0.760673 0.591490 0.623724 0.489224 0.927190 0.952930 0.854379 0.781428 0.852078 0.854216 0.856965 0.754357 0.847690 0.879922 0.954072 0.955460 0.818146 0.658613 0.872530 0.960675 0.939762 0.905368 0.782164 0.991873 0.979010 0.773258
0.264654 0.000000 0.898978 0.848682 0.991776 0.754308 0.945643 0.577756 0.651008 0.678565 0.481073 0.389203 0.626471 0.515817 0.807254 0.822246 0.347127 0.335902 0.436559 0.342009 0.675848 0.947120 0.724843 0.844338 0.778649 0.767244 0.935853 0.815229 0.427745 0.482839 0.743576 0.717899 0.687876 0.610623 0.905861 0.934622 0.791908 0.982328 0.758396 0.733174 0.786793 0.886311 0.844322 0.716389 0.810722 0.654948 0.580854 0.708768 0.381994 0.606218 0.855852 0.953386 0.946927 0.683998 0.738643 0.905483 0.256901 0.254708 0.615983 0.644963 0.743887 0.724843 0.462099 0.404798 0.696795 0.787509 0.781406 0.853531 0.565107 0.504433 0.951502 0.981140 0.778835 0.969043 0.961582 0.981327 0.838461 0.915460 0.709164 0.528756 0.373407 0.315474 0.482098 0.518787 0.416493 0.587660 0.870487 0.612917 0.963802 0.625668 0.630649 0.487896 0.568984 0.419275 0.870949 0.951524 0.921740 0.795734 0.888157 0.942048 0.809096 0.659971 0.882078 0.989663 0.925683 0.904376 0.683354 0.619658 0.912655 0.968013 0.949742 0.948026 0.774460 0.956537 0.915233 0.762532
0.987999 0.898978 0.000000 0.484204 0.778604 0.706763 0.400180 0.611249 0.722816 0.739964 0.894104 0.982857 0.700207 0.861976 0.731403 0.846536 0.952738 0.998405 0.844246 0.965968 0.960688 0.943790 0.641003 0.852389 0.902760 0.650760 0.987249 0.942162 0.893599 0.884048 0.618931 0.616660 0.550765 0.733546 0.572824 0.882337 0.932933 0.840014 0.912010 0.847737 0.973860 0.943109 0.617753 0.639971 0.563376 0.663386 0.672142 0.597112 0.885926 0.627276 0.485796 0.528867 0.516916 0.454541 0.700900 0.880136 0.998918 0.804062 0.913290 0.784729 0.621350 0.756080 0.928866 0.987858 0.452320 0.767693 0.413913 0.586713 0.949432 0.824633 0.843720 0.859332 0.763839 0.601901 0.777257 0.935894 0.771012 0.661579 0.953534 0.986795 0.938374 0.935926 0.955455 0.968412 0.862425 0.983913 0.730797 0.893303 0.770944 0.994549 0.599227 0.661765 0.668609 0.720265 0.761103 0.942581 0.705196 0.948781 0.646225 0.548738 0.703693 0.711307 0.724336 0.590015 0.577135 0.565931 0.931823 0.920369 0.972573 0.728184 0.725317 0.748915 0.646298 0.690129 0.645725 0.945894
0.788680 0.848682 0.484204 0.000000 0.759591 0.770422 0.451129 0.413452 0.793648 0.636353 0.752608 0.642700 0.608839 0.607066 0.581599 0.604976 0.799195 0.811456 0.700488 0.677034 0.872113 0.948292 0.492054 0.596616 0.901144 0.822673 0.943837 0.921701 0.692045 0.751360 0.525197 0.626503 0.565529 0.699892 0.743162 0.861051 0.859598 0.845309 0.865404 0.967165 0.929160 0.972740 0.620984 0.604107 0.595163 0.575909 0.732954 0.653984 0.667346 0.478560 0.516726 0.494298 0.619287 0.660430 0.752178 0.969013 0.887118 0.987708 0.787097 0.987657 0.590700 0.521567 0.757288 0.823406 0.619802 0.646602 0.588955 0.729209 0.942033 0.777828 0.839817 0.772905 0.669640 0.605018 0.660996 0.931677 0.568392 0.707918 0.837917 0.880971 0.809828 0.865683 0.783925 0.896906 0.663724 0.677206 0.817029 0.729921 0.897320 0.739760 0.773033 0.835804 0.816983 0.917023 0.770721 0.918661 0.773625 0.942911 0.656889 0.617239 0.773673 0.768174 0.785848 0.729061 0.642207 0.659487 0.935259 0.992685 0.992681 0.838712 0.738929 0.762825 0.658820 0.895481 0.885124 0.835343
0.902133 0.991776 0.778604 0.759591 0.000000 0.816376 0.774910 0.846249 0.833906 0.985044 0.853041 0.878191 0.790130 0.778679 0.754950 0.769805 0.973361 0.996170 0.877579 0.958655 0.955929 0.896318 0.753618 0.679858 0.950121 0.988334 0.844441 0.777995 0.986016 0.935851 0.926564 0.997379 0.869972 0.978153 0.941320 0.953047 0.848914 0.934210 0.968595 0.997930 0.933642 0.947688 0.845408 0.864346 0.942441 0.996520 0.875769 0.867408 0.904811 0.892916 0.774802 0.803786 0.740300 0.860143 0.856217 0.918766 0.962230 0.813602 0.902371 0.869399 0.772512 0.826215 0.927842 0.983167 0.864785 0.808077 0.803232 0.902012 0.936771 0.950373 0.943023 0.947885 0.811044 0.818373 0.981772 0.855594 0.972682 0.898628 0.891602 0.983655 0.989568 0.975120 0.917352 0.990957 0.786034 0.807919 0.980455 0.785507 0.757937 0.990911 0.761409 0.817824 0.958400 0.893144 0.983443 0.985505 0.997467 0.993544 0.887926 0.802927 0.831434 0.800301 0.971740 0.955931 0.892882 0.850599 0.839185 0.922233 0.899876 0.725890 0.995592 0.918918 0.934996 0.966840 0.752366 0.839411
0.853545 0.754308 0.706763 0.770422 0.816376 0.000000 0.629464 0.734114 0.654129 0.817393 0.946521 0.965533 0.905737 0.960728 0.850294 0.766002 0.858794 0.797936 0.896553 0.825495 0.929419 0.901081 0.991918 0.938599 0.924510 0.861095 0.765810 0.818239 0.846600 0.917141 0.911056 0.844590 0.818565 0.995875 0.744943 0.957199 0.989764 0.889150 0.836688 0.968610 0.815380 0.983219 0.605606 0.726214 0.715806 0.797381 0.868523 0.783644 0.988237 0.840936 0.676920 0.717999 0.736846 0.624741 0.896272 0.922726 0.771854 0.605950 0.870462 0.993081 0.717319 0.764324 0.974380 0.964237 0.624886 0.591172 0.554349 0.599527 0.650776 0.903469 0.748234 0.713561 0.917018 0.872305 0.709586 0.921591 0.736481 0.881552 0.922584 0.951613 0.926592 0.762290 0.891885 0.858603 0.916273 0.988097 0.914955 0.836826 0.926507 0.896841 0.643231 0.628778 0.629111 0.641412 0.864461 0.863594 0.727343 0.713622 0.713746 0.605728 0.699542 0.805501 0.793446 0.840075 0.690634 0.662783 0.770217 0.768301 0.772688 0.953493 0.721429 0.673360 0.864970 0.796985 0.761455 0.859762
0.831835 0.945643 0.400180 0.451129 0.774910 0.629464 0.000000 0.429062 0.706984 0.472979 0.707902 0.765943 0.482868 0.652858 0.509041 0.593810 0.753412 0.765958 0.583632 0.843506 0.821611 0.995482 0.538752 0.774216 0.971750 0.871832 0.974024 0.952237 0.679873 0.597770 0.361718 0.439980 0.379146 0.496639 0.701286 0.968010 0.850357 0.784706 0.750315 0.918698 0.987367 0.998469 0.368755 0.407703 0.380558 0.460925 0.567207 0.434540 0.671615 0.512788 0.319452 0.355530 0.401230 0.394454 0.661572 0.811932 0.890303 0.882049 0.798407 0.820081 0.420274 0.676483 0.657934 0.722511 0.657682 0.756084 0.354490 0.522564 0.955885 0.849281 0.573261 0.555712 0.559114 0.461588 0.731808 0.832978 0.534361 0.516971 0.673936 0.708442 0.710458 0.945713 0.774085 0.825836 0.777608 0.927245 0.754766 0.893114 0.859742 0.876289 0.608959 0.663934 0.747618 0.808125 0.798169 0.718276 0.679957 0.787413 0.477372 0.363011 0.544745 0.601082 0.597638 0.457200 0.598165 0.517598 0.873749 0.881214 0.797529 0.821510 0.644194 0.589545 0.566066 0.674718 0.675959 0.902664
0.580574 0.577756 0.611249 0.413452 0.846249 0.734114 0.429062 0.000000 0.943364 0.447598 0.601397 0.418309 0.436161 0.372834 0.553675 0.517756 0.628688 0.663549 0.578510 0.612204 0.794277 0.931978 0.558109 0.688772 0.916849 0.929246 0.934446 0.758681 0.565809 0.594251 0.489307 0.499113 0.487581 0.512807 0.811039 0.867279 0.813573 0.874467 0.729934 0.966068 0.869829 0.973192 0.370478 0.382178 0.381967 0.345590 0.456837 0.412183 0.348370 0.302447 0.382816 0.391910 0.605772 0.728193 0.694606 0.860670 0.673347 0.779149 0.532007 0.763621 0.357314 0.347719 0.489618 0.510434 0.711371 0.643686 0.577739 0.609221 0.981404 0.650208 0.682047 0.735236 0.649037 0.629305 0.686788 0.884705 0.536195 0.673049 0.838394 0.728494 0.591335 0.731887 0.657355 0.797758 0.522775 0.643325 0.912755 0.745855 0.859340 0.623578 0.848907 0.979902 0.906787 0.880472 0.737516 0.832802 0.746345 0.901629 0.471820 0.407372 0.702361 0.886861 0.594496 0.687150 0.629558 0.699019 0.881024 0.991957 0.749594 0.805232 0.610448 0.539196 0.575598 0.746081 0.777900 0.811497
0.716405 0.651008 0.722816 0.793648 0.833906 0.654129 0.706984 0.943364 0.000000 0.838111 0.858398 0.776896 0.984830 0.839711 0.836748 0.939076 0.826193 0.741182 0.848304 0.723213 0.905426 0.967951 0.976580 0.921094 0.943281 0.769246 0.972628 0.943740 0.779499 0.886078 0.830907 0.886386 0.906322 0.939983 0.711203 0.912376 0.997139 0.798450 0.886428 0.873794 0.963196 0.942986 0.801502 0.902329 0.843688 0.972806 0.989618 0.840550 0.865997 0.917790 0.723726 0.618120 0.627797 0.563210 0.966266 0.921330 0.647603 0.533673 0.865743 0.765761 0.944074 0.902024 0.783200 0.791872 0.651422 0.758069 0.660758 0.813432 0.769048 0.796933 0.783036 0.663243 0.808627 0.659360 0.851899 0.909093 0.699289 0.792629 0.928828 0.955847 0.837099 0.703821 0.718904 0.723047 0.807525 0.876123 0.729702 0.779177 0.769543 0.831509 0.501555 0.457278 0.478156 0.542762 0.782116 0.970821 0.795340 0.759040 0.673248 0.675884 0.641702 0.704598 0.743974 0.733059 0.784071 0.784892 0.816363 0.701976 0.871254 0.892540 0.851462 0.745611 0.794593 0.838174 0.854548 0.844218
0.621963 0.678565 0.739964 0.636353 0.985044 0.817393 0.472979 0.447598 0.838111 0.000000 0.465978 0.525098 0.565388 0.609713 0.512962 0.561580 0.462637 0.521292 0.569432 0.675462 0.646912 0.987705 0.568419 0.753191 0.992500 0.976008 0.901883 0.987848 0.494358 0.431740 0.352177 0.477486 0.436422 0.477797 0.988539 0.892108 0.687649 0.833005 0.862111 0.932933 0.913399 0.947263 0.510030 0.492245 0.508299 0.450806 0.535120 0.446979 0.483754 0.531294 0.532174 0.570492 0.709166 0.836630 0.815436 0.880574 0.699913 0.835142 0.599125 0.958805 0.549880 0.590802 0.476915 0.421477 0.938426 0.963144 0.710840 0.759852 0.874924 0.742392 0.562978 0.553006 0.606220 0.571404 0.758557 0.913802 0.636016 0.556085 0.698275 0.497545 0.450590 0.624954 0.694083 0.708715 0.610903 0.744982 0.882152 0.937348 0.885574 0.743383 0.914683 0.995758 0.975886 0.854004 0.927318 0.944134 0.673482 0.936705 0.586282 0.522589 0.759320 0.943550 0.559267 0.570729 0.700952 0.703321 0.982679 0.958114 0.642820 0.978052 0.733397 0.662659 0.721566 0.837072 0.839304 0.763130
0.338144 0.481073 0.894104 0.752608 0.853041 0.946521 0.707902 0.601397 0.858398 0.465978 0.000000 0.381774 0.410642 0.458483 0.466139 0.501712 0.358217 0.335503 0.340176 0.454003 0.693543 0.945283 0.453691 0.603562 0.948231 0.776172 0.773834 0.981847 0.405477 0.338664 0.572965 0.652669 0.482173 0.602675 0.854956 0.901467 0.695258 0.946051 0.882195 0.893525 0.828461 0.822609 0.739036 0.699344 0.831194 0.680583 0.582562 0.662458 0.549396 0.644561 0.805448 0.878062 0.997977 0.832716 0.867695 0.954623 0.462808 0.582441 0.502624 0.771093 0.623024 0.773047 0.342141 0.341891 0.886680 0.830914 0.944981 0.894260 0.661021 0.668060 0.715708 0.737604 0.630117 0.722745 0.886503 0.932911 0.770444 0.756269 0.698712 0.512653 0.416597 0.398762 0.458319 0.610927 0.429967 0.553268 0.996492 0.671608 0.858183 0.596546 0.825268 0.696051 0.700627 0.574768 0.935829 0.893932 0.778446 0.721648 0.875646 0.792482 0.956507 0.839058 0.814963 0.701880 0.891933 0.843807 0.864717 0.690043 0.783765 0.893495 0.985984 0.847371 0.835632 0.953780 0.945653 0.796345
0.347420 0.389203 0.982857 0.642700 0.878191 0.965533 0.765943 0.418309 0.776896 0.525098 0.381774 0.000000 0.417439 0.268112 0.499274 0.446782 0.415356 0.407596 0.440885 0.438922 0.764686 0.957766 0.494180 0.518114 0.981442 0.692485 0.869820 0.818112 0.436593 0.421070 0.583201 0.642436 0.607350 0.540723 0.850904 0.746907 0.748122 0.993168 0.869753 0.798081 0.991211 0.901217 0.640460 0.607578 0.714842 0.562517 0.570894 0.613763 0.347881 0.519418 0.749173 0.812194 0.982143 0.784795 0.870772 0.975816 0.499604 0.527273 0.543377 0.609037 0.549111 0.490135 0.335582 0.326761 0.908749 0.870030 0.998976 0.995965 0.747558 0.664627 0.741578 0.767442 0.729917 0.806460 0.862179 0.974128 0.709758 0.835619 0.797373 0.622593 0.474426 0.457618 0.506150 0.705730 0.365928 0.366805 0.974788 0.556770 0.895463 0.534095 0.768704 0.593169 0.647918 0.478972 0.976953 0.838198 0.946280 0.749658 0.799182 0.769172 0.982184 0.788998 0.872613 0.881768 0.928437 0.987729 0.687774 0.722015 0.813420 0.862198 0.935935 0.844584 0.843242 0.939528 0.983304 0.722380
0.504089 0.626471 0.700207 0.608839 0.790130 0.905737 0.482868 0.436161 0.984830 0.565388 0.410642 0.417439 0.000000 0.342918 0.334661 0.378482 0.554971 0.540103 0.414606 0.617027 0.858930 0.992311 0.421400 0.636846 0.957980 0.790716 0.844988 0.916302 0.519097 0.422557 0.469332 0.528982 0.455961 0.525805 0.900496 0.922687 0.844424 0.989599 0.834163 0.984277 0.949502 0.893602 0.454992 0.459163 0.600969 0.535866 0.467114 0.506936 0.528971 0.499747 0.535153 0.567838 0.699134 0.824946 0.719777 0.999589 0.597306 0.750575 0.499827 0.746226 0.390093 0.645717 0.368321 0.417900 0.848010 0.914763 0.627414 0.776412 0.888702 0.844212 0.615952 0.713449 0.625213 0.648026 0.876009 0.820568 0.623188 0.595033 0.678253 0.688773 0.618104 0.661544 0.483897 0.815221 0.550364 0.632573 0.871382 0.675193 0.760036 0.667783 0.937666 0.908092 0.911567 0.738088 0.912783 0.732617 0.768740 0.992393 0.592319 0.529399 0.733757 0.928543 0.625040 0.648752 0.652503 0.704162 0.864257 0.855473 0.845805 0.674433 0.810240 0.685952 0.664421 0.776629 0.688432 0.815506
0.449670 0.515817 0.861976 0.607066 0.778679 0.960728 0.652858 0.372834 0.839711 0.609713 0.458483 0.268112 0.342918 0.000000 0.438879 0.378591 0.564514 0.550401 0.429642 0.480769 0.817666 0.971481 0.416495 0.446904 0.980440 0.685361 0.898357 0.845815 0.466881 0.455781 0.583722 0.580452 0.568232 0.525287 0.952301 0.837886 0.816148 0.981343 0.890075 0.787472 0.895031 0.904667 0.538229 0.552527 0.624533 0.527387 0.556608 0.578326 0.384766 0.466467 0.590084 0.687456 0.850095 0.965722 0.762654 0.987634 0.613224 0.666844 0.592220 0.699077 0.477696 0.454899 0.372691 0.420300 0.996570 0.747890 0.819857 0.879637 0.806230 0.718964 0.705111 0.817597 0.687781 0.742005 0.792957 0.871091 0.726699 0.835714 0.823625 0.742051 0.593803 0.580958 0.506632 0.774951 0.375094 0.380369 0.930610 0.540821 0.904485 0.542701 0.875165 0.695716 0.726653 0.560929 0.951052 0.824670 0.992974 0.840869 0.760615 0.643443 0.921121 0.941776 0.858497 0.832359 0.851355 0.887186 0.788398 0.787269 0.863455 0.784353 0.855856 0.752853 0.792707 0.930157 0.944794 0.782273
0.632323 0.807254 0.731403 0.581599 0.754950 0.850294 0.509041 0.553675 0.836748 0.512962 0.466139 0.499274 0.334661 0.438879 0.000000 0.321199 0.608483 0.603683 0.468972 0.662972 0.819900 0.955443 0.310952 0.515363 0.994620 0.823342 0.841796 0.955622 0.571227 0.445330 0.401374 0.549268 0.466899 0.477479 0.968576 0.861947 0.868296 0.939731 0.957401 0.967842 0.941500 0.793637 0.579740 0.587197 0.669809 0.584033 0.668992 0.599772 0.641378 0.564857 0.641655 0.615066 0.713731 0.827683 0.856194 0.910301 0.782609 0.899301 0.669926 0.933116 0.560094 0.677414 0.403249 0.501842 0.843424 0.917029 0.606160 0.854179 0.895482 0.928232 0.526629 0.617650 0.553127 0.601523 0.814169 0.834012 0.582869 0.643379 0.793504 0.663879 0.655338 0.716956 0.589568 0.841904 0.548836 0.560887 0.860787 0.675501 0.811447 0.714268 0.956626 0.998974 0.926366 0.803026 0.893195 0.777326 0.795938 0.902181 0.720761 0.626092 0.725387 0.891003 0.753544 0.565749 0.752165 0.738505 0.959870 0.910249 0.800083 0.766128 0.864892 0.791189 0.791795 0.813529 0.704863 0.802522
0.725281 0.822246 0.846536 0.604976 0.769805 0.766002 0.593810 0.517756 0.939076 0.561580 0.501712 0.446782 0.378482 0.378591 0.321199 0.000000 0.703878 0.706604 0.597387 0.806606 0.874583 0.972154 0.441164 0.458189 0.845615 0.742806 0.988881 0.855431 0.566744 0.492300 0.536082 0.629451 0.584357 0.623888 0.964945 0.919327 0.912116 0.887351 0.956751 0.965335 0.910923 0.924939 0.512746 0.529829 0.676317 0.577239 0.698539 0.631276 0.566137 0.631505 0.662083 0.663786 0.818784 0.877570 0.917961 0.902472 0.904764 0.941828 0.634857 0.807492 0.490350 0.582406 0.430712 0.492773 0.893463 0.743321 0.646058 0.767211 0.910545 0.993535 0.658378 0.614864 0.753071 0.704406 0.790575 0.875245 0.730164 0.657481 0.760721 0.769204 0.757017 0.813974 0.665938 0.940755 0.627451 0.501630 0.889933 0.677601 0.913179 0.701376 0.973228 0.898293 0.867658 0.730839 0.919574 0.765594 0.871585 0.938315 0.750193 0.663644 0.809483 0.917758 0.841778 0.726012 0.759739 0.813870 0.897650 0.908606 0.782404 0.804908 0.863354 0.828313 0.804699 0.882655 0.818645 0.849272
0.342328 0.347127 0.952738 0.799195 0.973361 0.858794 0.753412 0.628688 0.826193 0.462637 0.358217 0.415356 0.554971 0.564514 0.608483 0.703878 0.000000 0.226693 0.388793 0.399593 0.674220 0.855391 0.622149 0.800916 0.902250 0.729116 0.982475 0.958071 0.353160 0.279132 0.543249 0.566172 0.482534 0.461032 0.964235 0.968823 0.722468 0.911745 0.834280 0.778491 0.729431 0.842051 0.748198 0.633404 0.711630 0.542743 0.548761 0.558158 0.486610 0.643113 0.805151 0.958942 0.971545 0.788808 0.752470 0.914699 0.297029 0.387168 0.645345 0.828244 0.690850 0.794240 0.342941 0.282458 0.713457 0.696762 0.991126 0.975729 0.665148 0.598540 0.778933 0.723082 0.680964 0.851959 0.911657 0.958681 0.752742 0.719865 0.568816 0.435511 0.263328 0.331094 0.504902 0.450554 0.490659 0.648882 0.982195 0.682266 0.969799 0.684764 0.631716 0.566565 0.607121 0.483978 0.903779 0.901186 0.875880 0.705082 0.856050 0.828685 0.886628 0.771139 0.794864 0.718005 0.961437 0.970303 0.721648 0.660353 0.818302 0.941919 0.998206 0.911702 0.742114 0.963421 0.948571 0.803898
0.282629 0.335902 0.998405 0.811456 0.996170 0.797936 0.765958 0.663549 0.741182 0.521292 0.335503 0.407596 0.540103 0.550401 0.603683 0.706604 0.226693 0.000000 0.329837 0.360965 0.633591 0.863159 0.572688 0.742617 0.880383 0.705647 0.915408 0.973782 0.317297 0.275824 0.559241 0.627232 0.511056 0.501741 0.843119 0.883341 0.738533 0.938244 0.822435 0.826042 0.697095 0.813613 0.808973 0.679944 0.792053 0.620796 0.642534 0.607634 0.494457 0.670104 0.849641 0.970753 0.963673 0.808407 0.789391 0.902138 0.289251 0.382462 0.673994 0.847246 0.729518 0.893485 0.347545 0.318157 0.676836 0.671089 0.923121 0.856729 0.577019 0.620976 0.762278 0.734586 0.647606 0.806231 0.981301 0.966879 0.753872 0.740505 0.558066 0.412896 0.291339 0.300487 0.435133 0.478718 0.459415 0.646205 0.995159 0.656941 0.992335 0.715086 0.648895 0.581200 0.562827 0.479913 0.870494 0.897674 0.902403 0.732904 0.893388 0.863324 0.838496 0.756252 0.864853 0.786595 0.975428 0.977315 0.777825 0.685274 0.883114 0.957326 0.979937 0.984994 0.752442 0.967387 0.995793 0.846133
0.335841 0.436559 0.844246 0.700488 0.877579 0.896553 0.583632 0.578510 0.848304 0.569432 0.340176 0.440885 0.414606 0.429642 0.468972 0.597387 0.388793 0.329837 0.000000 0.338778 0.668118 0.944429 0.389575 0.601883 0.840399 0.688102 0.824131 0.984279 0.384177 0.343657 0.494920 0.515948 0.451439 0.486119 0.917726 0.886471 0.774083 0.871067 0.799578 0.884666 0.804608 0.808395 0.693556 0.645539 0.710059 0.613904 0.562993 0.589980 0.481708 0.582256 0.678911 0.801376 0.824320 0.987068 0.693698 0.838130 0.396772 0.538023 0.712460 0.983200 0.656794 0.791146 0.389778 0.426301 0.835577 0.806254 0.918944 0.934618 0.576268 0.635905 0.646948 0.806400 0.552397 0.659072 0.923743 0.875228 0.654701 0.769935 0.615333 0.467191 0.405558 0.411248 0.388856 0.555714 0.383944 0.574324 0.930725 0.566755 0.895315 0.584483 0.829312 0.728443 0.682716 0.614395 0.859857 0.766187 0.866787 0.838560 0.830711 0.752190 0.979080 0.902615 0.817597 0.705941 0.910573 0.886935 0.875209 0.654563 0.888928 0.864711 0.955054 0.867199 0.708852 0.840785 0.990991 0.763167
0.310507 0.342009 0.965968 0.677034 0.958655 0.825495 0.843506 0.612204 0.723213 0.675462 0.454003 0.438922 0.617027 0.480769 0.662972 0.806606 0.399593 0.360965 0.338778 0.000000 0.708854 0.935211 0.496425 0.659070 0.750533 0.834079 0.841810 0.991112 0.411694 0.469086 0.648530 0.640198 0.606811 0.591361 0.931472 0.825886 0.779832 0.788020 0.883728 0.787513 0.759890 0.704951 0.918505 0.833774 0.823006 0.686710 0.677731 0.713157 0.498574 0.566079 0.834812 0.947719 0.996978 0.761319 0.736350 0.923137 0.348722 0.404428 0.744266 0.892621 0.846264 0.719710 0.529420 0.526695 0.748779 0.813077 0.840745 0.813315 0.414078 0.501092 0.818350 0.967714 0.650142 0.804872 0.905345 0.957158 0.759172 0.982024 0.744377 0.589261 0.398254 0.309984 0.396466 0.489326 0.346417 0.516197 0.999321 0.536943 0.976001 0.533771 0.670191 0.554347 0.642637 0.516104 0.913879 0.966180 0.970102 0.773517 0.962194 0.963066 0.809366 0.721960 0.998492 0.939134 0.982447 0.925841 0.810542 0.618878 0.981726 0.986070 0.981002 0.965723 0.867583 0.955417 0.876651 0.763255
0.610640 0.675848 0.960688 0.872113 0.955929 0.929419 0.821611 0.794277 0.905426 0.646912 0.693543 0.764686 0.858930 0.817666 0.819900 0.874583 0.674220 0.633591 0.668118 0.708854 0.000000 0.897188 0.849147 0.960802 0.922298 0.891871 0.905432 0.915902 0.680411 0.775277 0.665629 0.734012 0.788065 0.786854 0.874931 0.937933 0.863882 0.985536 0.771480 0.826828 0.831268 0.793275 0.790672 0.735523 0.849006 0.749442 0.753712 0.748497 0.642589 0.890875 0.817247 0.836511 0.927802 0.999019 0.782430 0.850948 0.721750 0.788114 0.852941 0.992643 0.860690 0.897365 0.720807 0.729589 0.878152 0.887854 0.922367 0.964812 0.750755 0.846791 0.857632 0.755305 0.751784 0.754004 0.803301 0.930873 0.945590 0.880863 0.844147 0.700068 0.674280 0.706784 0.717175 0.822039 0.778636 0.950523 0.859980 0.908323 0.960752 0.790616 0.946891 0.944896 0.930419 0.814734 0.969560 0.921102 0.922097 0.979670 0.772367 0.857202 0.972816 0.967101 0.848078 0.800605 0.961900 0.927351 0.898167 0.918052 0.907592 0.800402 0.955252 0.959516 0.898629 0.960045 0.981829 0.882288
0.999148 0.947120 0.943790 0.948292 0.896318 0.901081 0.995482 0.931978 0.967951 0.987705 0.945283 0.957766 0.992311 0.971481 0.955443 0.972154 0.855391 0.863159 0.944429 0.935211 0.897188 0.000000 0.998554 0.970180 0.984438 0.942896 0.955102 0.992060 0.993703 0.864671 0.994861 0.984202 0.977220 0.866188 0.853030 0.695129 0.929456 0.685389 0.928664 0.928379 0.969920 0.972498 0.977840 0.991151 0.932741 0.977647 0.931661 0.905883 0.965230 0.994942 0.944489 0.966761 0.944257 0.978909 0.998098 0.897323 0.941344 0.972459 0.840144 0.958522 0.906476 0.988014 0.998904 0.927071 0.824824 0.958464 0.972232 0.998398 0.988123 0.950686 0.949737 0.933274 0.958439 0.963438 0.794964 0.913327 0.966495 0.990766 0.996773 0.974306 0.879066 0.898755 0.931536 0.890497 0.965668 0.971749 0.889534 0.971845 0.968062 0.904589 0.910237 0.911208 0.945865 0.962509 0.914453 0.888634 0.922222 0.839250 0.922605 0.876876 0.976207 0.795943 0.916291 0.880102 0.834723 0.962426 0.966780 0.857656 0.955182 0.842817 0.963876 0.982781 0.978910 0.928211 0.872411 0.953642
0.577122 0.724843 0.641003 0.492054 0.753618 0.991918 0.538752 0.558109 0.976580 0.568419 0.453691 0.494180 0.421400 0.416495 0.310952 0.441164 0.622149 0.572688 0.389575 0.496425 0.849147 0.998554 0.000000 0.404581 0.903962 0.862844 0.750119 0.942825 0.495081 0.482093 0.458077 0.567499 0.458074 0.542685 0.967299 0.886057 0.825424 0.907075 0.996982 0.984782 0.899871 0.726450 0.764818 0.749089 0.775627 0.697023 0.725855 0.710937 0.633288 0.557294 0.645423 0.682157 0.759249 0.887806 0.857916 0.905853 0.741758 0.826950 0.770535 0.916185 0.705099 0.707950 0.525020 0.605835 0.924964 0.978102 0.752401 0.967789 0.646708 0.787918 0.609287 0.802834 0.474273 0.503314 0.814471 0.848161 0.682313 0.717774 0.794657 0.692460 0.651517 0.605455 0.509057 0.809064 0.427825 0.454630 0.819343 0.513204 0.847337 0.715737 0.994609 0.934480 0.888152 0.756696 0.935931 0.838393 0.820470 0.804393 0.850494 0.750292 0.941328 0.965907 0.910071 0.642124 0.807693 0.784596 0.946644 0.863107 0.919086 0.832619 0.895991 0.928951 0.848576 0.856569 0.904285 0.766435
0.733128 0.844338 0.852389 0.596616 0.679858 0.938599 0.774216 0.688772 0.921094 0.753191 0.603562 0.518114 0.636846 0.446904 0.515363 0.458189 0.800916 0.742617 0.601883 0.659070 0.960802 0.970180 0.404581 0.000000 0.970883 0.824200 0.884420 0.975305 0.654639 0.641541 0.731320 0.745054 0.722499 0.757399 0.895443 0.782360 0.931027 0.977169 0.960098 0.834679 0.904013 0.881201 0.854911 0.843054 0.892095 0.796603 0.925591 0.877040 0.705342 0.700605 0.854874 0.894993 0.980088 0.952740 0.978998 0.939377 0.937077 0.919500 0.893373 0.970298 0.805240 0.686716 0.635594 0.715579 0.988738 0.847806 0.900205 0.939896 0.845220 0.859207 0.774304 0.864669 0.825042 0.772339 0.890017 0.889193 0.890449 0.932486 0.882551 0.832647 0.802059 0.754604 0.693166 0.858645 0.545231 0.418374 0.883664 0.537710 0.959599 0.697267 0.872236 0.815170 0.730934 0.712519 0.903244 0.888588 0.895671 0.751835 0.940054 0.918637 0.954104 0.937052 0.872439 0.929546 0.948755 0.943037 0.973744 0.840039 0.994491 0.985902 0.950086 0.984674 0.947973 0.962332 0.865041 0.805942
0.875056 0.778649 0.902760 0.901144 0.950121 0.924510 0.971750 0.916849 0.943281 0.992500 0.948231 0.981442 0.957980 0.980440 0.994620 0.845615 0.902250 0.880383 0.840399 0.750533 0.922298 0.984438 0.903962 0.970883 0.000000 0.667857 0.787094 0.928274 0.947981 0.969142 0.925563 0.882426 0.951714 0.942851 0.836992 0.946510 0.818372 0.939128 0.816830 0.933981 0.858327 0.935327 0.908401 0.986890 0.932960 0.910813 0.975742 0.940237 0.936935 0.781317 0.970469 0.854685 0.825422 0.983183 0.896342 0.810953 0.777866 0.782602 0.995232 0.924096 0.913494 0.992263 0.981118 0.985547 0.968100 0.863420 0.949523 0.855065 0.875033 0.697345 0.944420 0.791530 0.921002 0.982916 0.953080 0.997038 0.773899 0.990226 0.928088 0.858657 0.774215 0.729715 0.829889 0.762431 0.828468 0.953395 0.848001 0.802434 0.791830 0.978864 0.978458 0.947804 0.957696 0.983814 0.950206 0.991240 0.968908 0.942776 0.997907 0.994018 0.930655 0.914011 0.883758 0.971579 0.981763 0.977020 0.907988 0.958675 0.892678 0.913348 0.948311 0.960283 0.820023 0.795819 0.921111 0.832564
0.688502 0.767244 0.650760 0.822673 0.988334 0.861095 0.871832 0.929246 0.769246 0.976008 0.776172 0.692485 0.790716 0.685361 0.823342 0.742806 0.729116 0.705647 0.688102 0.834079 0.891871 0.942896 0.862844 0.824200 0.667857 0.000000 0.971985 0.965750 0.821505 0.698624 0.979176 0.990642 0.997464 0.946225 0.652195 0.864797 0.952378 0.812195 0.957613 0.792487 0.939779 0.969252 0.985918 0.995503 0.813538 0.919803 0.889892 0.957980 0.893245 0.863846 0.870753 0.727618 0.787218 0.686626 0.994326 0.946943 0.724530 0.754268 0.880580 0.787067 0.986905 0.882369 0.657338 0.667691 0.623658 0.802969 0.795208 0.775842 0.894370 0.871722 0.977197 0.875661 0.972101 0.932017 0.920054 0.985911 0.953511 0.930620 0.802353 0.900103 0.867328 0.765254 0.805815 0.990247 0.839297 0.744345 0.805937 0.837375 0.860129 0.800079 0.684202 0.646598 0.614654 0.607813 0.764597 0.841581 0.910534 0.730287 0.946088 0.894938 0.813813 0.754543 0.892665 0.971846 0.762897 0.861229 0.765334 0.835126 0.916320 0.946102 0.768749 0.803961 0.932615 0.868330 0.929070 0.909344
0.807808 0.935853 0.987249 0.943837 0.844441 0.765810 0.974024 0.934446 0.972628 0.901883 0.773834 0.869820 0.844988 0.898357 0.841796 0.988881 0.982475 0.915408 0.824131 0.841810 0.905432 0.955102 0.750119 0.884420 0.787094 0.971985 0.000000 0.985308 0.967447 0.969229 0.962162 0.919426 0.999629 0.899657 0.819162 0.922496 0.898064 0.986771 0.891400 0.942414 0.926530 0.862635 0.755518 0.714173 0.743842 0.786404 0.903132 0.720867 0.903426 0.929329 0.821864 0.932235 0.930444 0.852248 0.736163 0.756832 0.916526 0.927049 0.991725 0.966181 0.892582 0.879961 0.999280 0.937972 0.965288 0.905026 0.826965 0.633132 0.718099 0.855521 0.960955 0.912259 0.790543 0.883660 0.955250 0.985383 0.952791 0.975375 0.941078 0.929747 0.950392 0.815771 0.767463 0.979950 0.814954 0.828986 0.910640 0.750042 0.851901 0.966120 0.899637 0.999727 0.882004 0.988645 0.995602 0.953418 0.995790 0.848259 0.813735 0.883822 0.903121 0.963425 0.911364 0.941167 0.870685 0.959007 0.900857 0.837269 0.891261 0.791978 0.864074 0.892213 0.849093 0.916685 0.904137 0.922516
0.886754 0.815229 0.942162 0.921701 0.777995 0.818239 0.952237 0.758681 0.943740 0.987848 0.981847 0.818112 0.916302 0.845815 0.955622 0.855431 0.958071 0.973782 0.984279 0.991112 0.915902 0.992060 0.942825 0.975305 0.928274 0.965750 0.985308 0.000000 0.957705 0.934887 0.961563 0.957151 0.982703 0.998940 0.965971 0.877492 0.992167 0.989190 0.935870 0.994234 0.889045 0.924169 0.811152 0.832768 0.870429 0.903952 0.936157 0.822700 0.760881 0.816153 0.822637 0.780643 0.854913 0.931486 0.955603 0.932286 0.961078 0.976901 0.854328 0.729339 0.790033 0.788574 0.902122 0.948231 0.957122 0.764101 0.941665 0.904528 0.836483 0.961234 0.959252 0.957342 0.978463 0.915249 0.944494 0.931457 0.875770 0.949656 0.927285 0.899378 0.995694 0.905275 0.866675 0.858970 0.872259 0.846528 0.834400 0.975901 0.763729 0.884653 0.877027 0.963123 0.908478 0.989282 0.838448 0.872321 0.921064 0.839284 0.775124 0.805054 0.779608 0.961606 0.937175 0.877269 0.944760 0.906052 0.997634 0.979281 0.980538 0.957706 0.900897 0.862772 0.869949 0.955573 0.950465 0.964755
0.409510 0.427745 0.893599 0.692045 0.986016 0.846600 0.679873 0.565809 0.779499 0.494358 0.405477 0.436593 0.519097 0.466881 0.571227 0.566744 0.353160 0.317297 0.384177 0.411694 0.680411 0.993703 0.495081 0.654639 0.947981 0.821505 0.967447 0.957705 0.000000 0.280622 0.473510 0.475867 0.438788 0.401647 0.960877 0.976594 0.760320 0.920867 0.904012 0.816539 0.790509 0.855804 0.719032 0.614988 0.686481 0.530631 0.672281 0.574589 0.454310 0.606615 0.715370 0.849128 0.892901 0.905253 0.768199 0.820112 0.455309 0.495172 0.650033 0.907102 0.665597 0.700934 0.393160 0.360165 0.760569 0.847715 0.957781 0.997956 0.638244 0.551531 0.807349 0.767711 0.620895 0.736879 0.882235 0.975840 0.791431 0.664352 0.509429 0.449765 0.323323 0.380845 0.399782 0.487556 0.408487 0.566481 0.867560 0.554544 0.899484 0.736119 0.705641 0.592088 0.631371 0.492324 0.899490 0.873500 0.928272 0.798458 0.890043 0.809832 0.879284 0.901672 0.878103 0.784859 0.849095 0.967932 0.827100 0.702815 0.922965 0.981691 0.993252 0.974133 0.757249 0.944254 0.950212 0.704461
0.425005 0.482839 0.884048 0.751360 0.935851 0.917141 0.597770 0.594251 0.886078 0.431740 0.338664 0.421070 0.422557 0.455781 0.445330 0.492300 0.279132 0.275824 0.343657 0.469086 0.775277 0.864671 0.482093 0.641541 0.969142 0.698624 0.969229 0.934887 0.280622 0.000000 0.439007 0.505248 0.379448 0.375528 0.918975 0.977849 0.738965 0.936949 0.898249 0.843521 0.764333 0.884405 0.643486 0.535794 0.627087 0.501246 0.591722 0.513272 0.492616 0.613092 0.718079 0.851986 0.870312 0.942492 0.754319 0.895096 0.439965 0.530305 0.651760 0.904852 0.589340 0.762586 0.306549 0.272491 0.809706 0.806465 0.855613 0.913899 0.736613 0.635930 0.719198 0.650427 0.642617 0.734438 0.976685 0.951352 0.740856 0.639889 0.471309 0.450364 0.308146 0.396992 0.446072 0.456648 0.482728 0.605634 0.905831 0.622755 0.999287 0.727743 0.695650 0.612246 0.580776 0.486515 0.871931 0.884354 0.887401 0.736901 0.872718 0.779485 0.989299 0.890683 0.835255 0.688356 0.907504 0.921440 0.845152 0.735724 0.786108 0.868979 0.998387 0.888014 0.704619 0.871202 0.927526 0.794415
0.661631 0.743576 0.618931 0.525197 0.926564 0.911056 0.361718 0.489307 0.830907 0.352177 0.572965 0.583201 0.469332 0.583722 0.401374 0.536082 0.543249 0.559241 0.494920 0.648530 0.665629 0.994861 0.458077 0.731320 0.925563 0.979176 0.962162 0.961563 0.473510 0.439007 0.000000 0.395093 0.383035 0.363480 0.849743 0.909932 0.752429 0.764471 0.803069 0.991777 0.913863 0.858072 0.454590 0.420087 0.416420 0.382814 0.612977 0.443518 0.555928 0.511583 0.468264 0.464626 0.510490 0.641023 0.750479 0.838887 0.730200 0.853799 0.799838 0.868241 0.560260 0.662598 0.520652 0.525887 0.922701 0.949185 0.593194 0.682114 0.832719 0.784646 0.508746 0.517022 0.464614 0.452279 0.786825 0.947079 0.541564 0.463729 0.588010 0.576054 0.506577 0.696304 0.642021 0.670359 0.618333 0.767917 0.820646 0.771174 0.846123 0.816765 0.860802 0.948323 0.984875 0.886047 0.818518 0.760397 0.743252 0.962396 0.596452 0.533044 0.638979 0.734023 0.589731 0.500205 0.674848 0.729409 0.929302 0.958185 0.772044 0.877049 0.763658 0.737407 0.594081 0.796725 0.775197 0.830596
0.683463 0.717899 0.616660 0.626503 0.997379 0.844590 0.439980 0.499113 0.886386 0.477486 0.652669 0.642436 0.528982 0.580452 0.549268 0.629451 0.566172 0.627232 0.515948 0.640198 0.734012 0.984202 0.567499 0.745054 0.882426 0.990642 0.919426 0.957151 0.475867 0.505248 0.395093 0.000000 0.382445 0.401467 0.701769 0.901429 0.791790 0.748179 0.718231 0.881225 0.882117 0.879375 0.454508 0.441364 0.422654 0.421240 0.556392 0.438830 0.525321 0.530704 0.442006 0.538331 0.560655 0.683643 0.682956 0.698431 0.713092 0.862316 0.861731 0.823573 0.603200 0.600016 0.600811 0.561702 0.947702 0.925162 0.625940 0.707435 0.948648 0.643291 0.548752 0.667473 0.563780 0.591911 0.696936 0.964235 0.582764 0.528615 0.680395 0.589002 0.512194 0.695480 0.609077 0.722853 0.588342 0.730618 0.640007 0.723373 0.972209 0.764543 0.935387 0.957360 0.993935 0.884106 0.991936 0.703932 0.761057 0.950438 0.653897 0.498109 0.801349 0.818617 0.606412 0.586222 0.682266 0.822500 0.953961 0.971503 0.825858 0.891577 0.777456 0.609924 0.645542 0.715694 0.794581 0.741035
0.589517 0.687876 0.550765 0.565529 0.869972 0.818565 0.379146 0.487581 0.906322 0.436422 0.482173 0.607350 0.455961 0.568232 0.466899 0.584357 0.482534 0.511056 0.451439 0.606811 0.788065 0.977220 0.458074 0.722499 0.951714 0.997464 0.999629 0.982703 0.438788 0.379448 0.383035 0.382445 0.000000 0.381958 0.852596 0.916096 0.657890 0.769042 0.821882 0.889065 0.891786 0.839799 0.519638 0.439876 0.455870 0.424139 0.627117 0.444616 0.599150 0.529520 0.482343 0.596591 0.651953 0.728144 0.704103 0.902079 0.652075 0.811449 0.726232 0.876242 0.528723 0.678951 0.487930 0.469182 0.894540 0.985282 0.564455 0.694319 0.847681 0.609704 0.556460 0.586546 0.551172 0.584855 0.802923 0.983883 0.604873 0.493582 0.646053 0.539480 0.479611 0.632997 0.590499 0.586753 0.571366 0.734108 0.823462 0.696419 0.865788 0.736198 0.998354 0.956233 0.920612 0.829081 0.940649 0.813216 0.661846 0.997037 0.702291 0.572474 0.776842 0.863866 0.632768 0.495988 0.717215 0.665218 0.999956 0.882102 0.754328 0.867884 0.779669 0.613403 0.560384 0.792441 0.784636 0.815640
0.604427 0.610623 0.733546 0.699892 0.978153 0.995875 0.496639 0.512807 0.939983 0.477797 0.602675 0.540723 0.525805 0.525287 0.477479 0.623888 0.461032 0.501741 0.486119 0.591361 0.786854 0.866188 0.542685 0.757399 0.942851 0.946225 0.899657 0.998940 0.401647 0.375528 0.363480 0.401467 0.381958 0.000000 0.848840 0.925994 0.793025 0.765256 0.815348 0.883167 0.940781 0.946410 0.532130 0.437711 0.439367 0.368327 0.577454 0.461889 0.520107 0.521737 0.579119 0.672058 0.693707 0.865249 0.707474 0.812098 0.588725 0.667545 0.752393 0.961977 0.556300 0.625419 0.422839 0.424376 0.981717 0.992895 0.659880 0.661122 0.841363 0.668995 0.612452 0.680910 0.628935 0.682680 0.836000 0.993701 0.625075 0.615926 0.624314 0.571561 0.443346 0.593615 0.593812 0.490722 0.554706 0.713523 0.832699 0.662687 0.989817 0.745985 0.859558 0.777427 0.810114 0.705724 0.951066 0.762373 0.852219 0.946945 0.729253 0.649666 0.837359 0.925087 0.711896 0.616729 0.819745 0.847676 0.873377 0.839135 0.799357 0.890503 0.880183 0.736483 0.647715 0.846171 0.836053 0.749474
0.897320 0.905861 0.572824 0.743162 0.941320 0.744943 0.701286 0.811039 0.711203 0.988539 0.854956 0.850904 0.900496 0.952301 0.968576 0.964945 0.964235 0.843119 0.917726 0.931472 0.874931 0.853030 0.967299 0.895443 0.836992 0.652195 0.819162 0.965971 0.960877 0.918975 0.849743 0.701769 0.852596 0.848840 0.000000 0.958757 0.838504 0.869691 0.842299 0.996330 0.964151 0.941940 0.676141 0.732527 0.661413 0.764000 0.800591 0.690070 0.985733 0.780170 0.639654 0.647506 0.593287 0.640434 0.677385 0.734027 0.976766 0.890224 0.956811 0.915269 0.717332 0.783774 0.934875 0.897363 0.627939 0.764634 0.575631 0.616577 0.857421 0.898638 0.980232 0.999372 0.984793 0.932512 0.892995 0.813133 0.825336 0.806224 0.956208 0.934024 0.982873 0.815924 0.932518 0.970780 0.997622 0.899073 0.726194 0.935162 0.882620 0.907370 0.744764 0.798776 0.733310 0.755093 0.781030 0.968580 0.851242 0.720413 0.772634 0.658931 0.722091 0.746169 0.744114 0.826545 0.587505 0.788804 0.982365 0.908856 0.967845 0.971654 0.925114 0.776130 0.749773 0.768371 0.663705 0.977514
0.827137 0.934622 0.882337 0.861051 0.953047 0.957199 0.968010 0.867279 0.912376 0.892108 0.901467 0.746907 0.922687 0.837886 0.861947 0.919327 0.968823 0.883341 0.886471 0.825886 0.937933 0.695129 0.886057 0.782360 0.946510 0.864797 0.922496 0.877492 0.976594 0.977849 0.909932 0.901429 0.916096 0.925994 0.958757 0.000000 0.913644 0.920781 0.965887 0.946572 0.969855 0.974506 0.981965 0.961830 0.930578 0.962506 0.974147 0.976754 0.929048 0.909676 0.976811 0.952715 0.979244 0.918687 0.991955 0.915308 0.939493 0.970259 0.830102 0.862778 0.898671 0.927154 0.839198 0.923275 0.948012 0.900618 0.935190 0.887399 0.937561 0.951276 0.905414 0.961556 0.975064 0.985372 0.960732 0.859542 0.808336 0.873684 0.966812 0.935909 0.972342 0.958215 0.918986 0.974750 0.828690 0.816337 0.776829 0.968534 0.942326 0.878305 0.997651 0.994749 0.930373 0.952400 0.921928 0.952214 0.933874 0.980242 0.916807 0.916943 0.982142 0.992942 0.979915 0.951429 0.983301 0.999945 0.918889 0.902257 0.911173 0.824568 0.940098 0.921801 0.891121 0.869012 0.931820 0.874859
0.751520 0.791908 0.932933 0.859598 0.848914 0.989764 0.850357 0.813573 0.997139 0.687649 0.695258 0.748122 0.844424 0.816148 0.868296 0.912116 0.722468 0.738533 0.774083 0.779832 0.863882 0.929456 0.825424 0.931027 0.818372 0.952378 0.898064 0.992167 0.760320 0.738965 0.752429 0.791790 0.657890 0.793025 0.838504 0.913644 0.000000 0.775738 0.958706 0.796963 0.866037 0.885001 0.895507 0.851992 0.839754 0.829978 0.911652 0.910926 0.860713 0.889758 0.838271 0.925995 0.977465 0.944268 0.933005 0.945472 0.777113 0.836197 0.861008 0.995938 0.937378 0.818255 0.804076 0.706828 0.985170 0.986032 0.980052 0.925237 0.823916 0.649564 0.735666 0.784724 0.898158 0.917359 0.913048 0.901923 0.826728 0.743305 0.829620 0.770574 0.680592 0.679051 0.837859 0.831200 0.749338 0.781664 0.884571 0.884222 0.862752 0.739978 0.931191 0.890230 0.946689 0.867843 0.941441 0.948993 0.748455 0.793142 0.946617 0.876701 0.987666 0.877387 0.800270 0.814871 0.975429 0.837886 0.956384 0.903215 0.807807 0.895605 0.892099 0.751733 0.898577 0.939507 0.903077 0.782057
0.954072 0.982328 0.840014 0.845309 0.934210 0.889150 0.784706 0.874467 0.798450 0.833005 0.946051 0.993168 0.989599 0.981343 0.939731 0.887351 0.911745 0.938244 0.871067 0.788020 0.985536 0.685389 0.907075 0.977169 0.939128 0.812195 0.986771 0.989190 0.920867 0.936949 0.764471 0.748179 0.769042 0.765256 0.869691 0.920781 0.775738 0.000000 0.946398 0.976233 0.913476 0.810362 0.823098 0.876177 0.708617 0.818902 0.905332 0.815663 0.921658 0.795006 0.694920 0.777877 0.673573 0.745629 0.847697 0.900345 0.977200 0.891447 0.877592 0.717851 0.963119 0.791247 0.915839 0.993733 0.980060 0.857909 0.874722 0.857736 0.844311 0.864239 0.721265 0.761014 0.630173 0.658818 0.959333 0.938459 0.745596 0.886706 0.952876 0.928632 0.829068 0.943119 0.980726 0.840595 0.828775 0.962134 0.769207 0.988329 0.923351 0.799071 0.786431 0.870847 0.838117 0.813490 0.909314 0.836545 0.825965 0.942523 0.954485 0.808840 0.839925 0.903897 0.803771 0.888068 0.978190 0.955210 0.944714 0.950098 0.865872 0.947929 0.865335 0.709118 0.911263 0.852414 0.992402 0.963555
