0.000000 0.518522 0.634813 0.642722 0.827467 0.893266 0.632820 0.581963 0.912548 0.730008 0.577503 0.633894 0.743983 0.872186 0.916377 0.891623 0.496481 0.466706 0.591095 0.620117 0.725337 0.996479 0.807385 0.646891 0.877419 0.799448 0.961763 0.762464 0.883528 0.875758 0.913797 0.810977 0.563177 0.589820 0.616650 0.931802 0.738852 0.864173 0.875869 0.831657 0.652898 0.831374 0.742970 0.726084 0.799688 0.645967 0.546485 0.671904 0.775070 0.905587 0.879716 0.966132 0.935368 0.957768 0.698444 0.595442 0.463214 0.559101 0.478005 0.691059 0.553105 0.609880 0.582493 0.530843 0.821037 0.722852 0.650695 0.739442 0.675710 0.605200 0.875406 0.984372 0.983568 0.855901 0.984258 0.883984 0.863212 0.752374 0.556641 0.964273 0.482581 0.529296 0.919358 0.720799 0.837884 0.770193 0.849063 0.795474 0.754251 0.577904 0.801891 0.973960 0.814344 0.943427 0.784025 0.712895 0.691295 0.808709 0.595969 0.700042 0.874431 0.966286 0.595562 0.637469 0.972692 0.694627 0.945704 0.767678 0.959643 0.941796 0.920684 0.745286 0.874025 0.861264 0.970037 0.966893
0.518522 0.000000 0.793849 0.701354 0.759438 0.810816 0.899697 0.735338 0.981931 0.977779 0.845414 0.691983 0.686632 0.660252 0.895405 0.838866 0.608999 0.641649 0.651882 0.681697 0.840274 0.851153 0.911486 0.907331 0.807378 0.723713 0.959048 0.750094 0.979882 0.912591 0.912076 0.888487 0.662913 0.804189 0.757628 0.921611 0.750016 0.866951 0.987798 0.931696 0.783767 0.838496 0.669861 0.589738 0.823454 0.686264 0.689102 0.654114 0.716680 0.748887 0.789656 0.822893 0.887278 0.843965 0.736805 0.805602 0.543312 0.527821 0.618232 0.649351 0.807203 0.731528 0.884590 0.805298 0.797764 0.700954 0.864139 0.796523 0.659274 0.564564 0.755991 0.791533 0.866974 0.993596 0.982590 0.920650 0.779973 0.658365 0.661978 0.916623 0.688856 0.748120 0.889368 0.875068 0.985037 0.802791 0.954322 0.854301 0.843262 0.713351 0.892601 0.970693 0.869338 0.947155 0.817047 0.809027 0.705072 0.852035 0.717220 0.747652 0.913783 0.874607 0.693466 0.657864 0.866672 0.757643 0.862721 0.713064 0.874481 0.833081 0.984376 0.826347 0.758326 0.805993 0.762621 0.878845
0.634813 0.793849 0.000000 0.408020 0.981121 0.954052 0.424148 0.636918 0.801176 0.878949 0.794577 0.986795 0.996741 0.834709 0.776825 0.660123 0.800047 0.703945 0.781875 0.787422 0.752406 0.850145 0.979247 0.959585 0.673841 0.662073 0.881301 0.824597 0.916671 0.831799 0.875259 0.923826 0.576311 0.728503 0.593397 0.822803 0.750525 0.837591 0.778325 0.719444 0.738398 0.732478 0.678816 0.669216 0.746358 0.718112 0.701565 0.733980 0.952074 0.925150 0.778977 0.861160 0.982623 0.883610 0.755929 0.651318 0.719223 0.850015 0.650468 0.740515 0.658156 0.834478 0.883390 0.919648 0.457926 0.606370 0.425738 0.529696 0.940707 0.759045 0.783278 0.823363 0.941566 0.974002 0.858109 0.907696 0.748341 0.828951 0.778645 0.986331 0.700026 0.638869 0.915848 0.822816 0.688217 0.555460 0.884392 0.848567 0.758120 0.636572 0.556769 0.645119 0.480711 0.581543 0.797967 0.726317 0.657798 0.755988 0.615678 0.632199 0.854398 0.821800 0.707054 0.690415 0.757432 0.593906 0.964872 0.729977 0.982138 0.884697 0.751327 0.717174 0.812821 0.903769 0.913058 0.886795
0.642722 0.701354 0.408020 0.000000 0.912066 0.759424 0.527450 0.497262 0.927522 0.906254 0.825982 0.831245 0.916732 0.966187 0.712512 0.809112 0.954345 0.772012 0.800677 0.764278 0.757744 0.784041 0.941569 0.949063 0.722095 0.678793 0.891480 0.844286 0.807356 0.842721 0.896069 0.847979 0.661056 0.675144 0.597034 0.836652 0.845316 0.882440 0.662688 0.621981 0.761975 0.833498 0.580407 0.586513 0.801674 0.723820 0.626936 0.615576 0.993217 0.980915 0.789089 0.885704 0.927514 0.993272 0.842724 0.665055 0.878105 0.903182 0.672490 0.583383 0.699129 0.694015 0.994383 0.969172 0.515670 0.428280 0.412485 0.423201 0.950854 0.742378 0.621008 0.635046 0.906023 0.969394 0.950576 0.931491 0.640035 0.780541 0.792318 0.957955 0.786374 0.771966 0.729795 0.982697 0.902936 0.647327 0.791499 0.642415 0.920501 0.650754 0.563915 0.674031 0.472159 0.597417 0.799924 0.680449 0.619304 0.756307 0.506667 0.664237 0.772309 0.805843 0.686828 0.614132 0.699473 0.605572 0.997890 0.726155 0.933707 0.915744 0.729254 0.754736 0.885655 0.816913 0.902029 0.832447
0.827467 0.759438 0.981121 0.912066 0.000000 0.922721 0.845523 0.986512 0.635522 0.833236 0.928924 0.935981 0.898270 0.947386 0.737581 0.894324 0.890340 0.975731 0.925991 0.935935 0.842789 0.882244 0.572089 0.686742 0.876320 0.746760 0.939465 0.655158 0.821997 0.799507 0.904446 0.809737 0.981217 0.971206 0.992869 0.940278 0.906399 0.697386 0.944246 0.899965 0.837084 0.876746 0.655867 0.654855 0.934780 0.828495 0.768979 0.754925 0.836509 0.859372 0.904508 0.978084 0.902630 0.845922 0.919142 0.897972 0.917317 0.961461 0.756057 0.830002 0.807182 0.943060 0.871921 0.941075 0.830463 0.981181 0.871951 0.843198 0.797892 0.815616 0.849193 0.931124 0.788440 0.781929 0.938442 0.944388 0.912742 0.722206 0.982843 0.966037 0.947844 0.857356 0.702783 0.798326 0.647531 0.694819 0.828987 0.718951 0.884795 0.975972 0.949974 0.970772 0.963648 0.918658 0.992259 0.944466 0.998306 0.779085 0.891317 0.900719 0.905710 0.812416 0.697884 0.788703 0.986521 0.827812 0.933682 0.839326 0.778580 0.945550 0.994492 0.964239 0.922366 0.944756 0.944680 0.836551
0.893266 0.810816 0.954052 0.759424 0.922721 0.000000 0.989857 0.806271 0.962287 0.978782 0.934429 0.824314 0.774583 0.803085 0.996855 0.739577 0.903664 0.962848 0.989457 0.894465 0.913103 0.726523 0.899063 0.936625 0.957319 0.881556 0.808548 0.738774 0.864795 0.909610 0.959954 0.857140 0.949360 0.999067 0.892089 0.993734 0.994519 0.944478 0.881666 0.862337 0.835710 0.927776 0.976494 0.999102 0.882398 0.903382 0.969790 0.975152 0.864140 0.890742 0.972419 0.908124 0.926968 0.991886 0.950270 0.927454 0.956382 0.988726 0.982479 0.883372 0.909888 0.800702 0.890598 0.907645 0.861723 0.743069 0.933959 0.895149 0.935385 0.937599 0.718086 0.715002 0.996924 0.958980 0.988704 0.859610 0.821291 0.853960 0.968774 0.971725 0.965763 0.923456 0.697562 0.807860 0.799176 0.989223 0.931584 0.717739 0.984823 0.980171 0.915841 0.948833 0.776739 0.875584 0.934199 0.977332 0.942915 0.900485 0.843016 0.959510 0.885079 0.833393 0.924644 0.861670 0.810663 0.856440 0.976265 0.994554 0.915717 0.989684 0.891608 0.949179 0.993507 0.910484 0.702635 0.813562
0.632820 0.899697 0.424148 0.527450 0.845523 0.989857 0.000000 0.479095 0.677932 0.522813 0.694378 0.824206 0.890369 0.836174 0.772908 0.694114 0.736497 0.614510 0.650665 0.802470 0.951405 0.970176 0.886099 0.941876 0.988032 0.977846 0.941626 0.936964 0.878810 0.863847 0.823865 0.975431 0.497368 0.528956 0.640478 0.887984 0.990229 0.918470 0.905142 0.850940 0.766311 0.874854 0.834552 0.836128 0.603875 0.591626 0.791996 0.762516 0.924987 0.943361 0.993937 0.872696 0.849258 0.931504 0.789116 0.717403 0.833690 0.980056 0.812389 0.937961 0.401352 0.614869 0.563839 0.624642 0.647879 0.689165 0.505474 0.619541 0.933209 0.880336 0.951256 0.960787 0.963346 0.959065 0.871152 0.863319 0.877911 0.963288 0.746071 0.849780 0.540615 0.503441 0.958221 0.715259 0.583543 0.585573 0.862707 0.926045 0.877396 0.768087 0.515491 0.738406 0.537218 0.772186 0.735165 0.776412 0.707055 0.853558 0.528557 0.630960 0.894575 0.952432 0.768570 0.696948 0.894894 0.750311 0.763734 0.898202 0.848084 0.938449 0.715635 0.691160 0.868890 0.869647 0.879242 0.903853
0.581963 0.735338 0.636918 0.497262 0.986512 0.806271 0.479095 0.000000 0.941947 0.516393 0.535748 0.466271 0.744353 0.845981 0.685192 0.923780 0.754638 0.646798 0.673822 0.711316 0.999806 0.985481 0.824947 0.793923 0.836271 0.926082 0.935045 0.930315 0.856501 0.755404 0.969670 0.876152 0.641748 0.418000 0.739306 0.897598 0.971246 0.864917 0.744098 0.675336 0.797972 0.950010 0.790083 0.780900 0.748526 0.664070 0.714915 0.656237 0.988780 0.748366 0.822822 0.681149 0.635842 0.636318 0.757828 0.730966 0.951067 0.974912 0.731919 0.719645 0.413823 0.348104 0.659818 0.582196 0.868348 0.514529 0.573803 0.516633 0.861456 0.774516 0.809407 0.844871 0.983868 0.924454 0.936301 0.928138 0.750482 0.814156 0.775469 0.899211 0.668481 0.691903 0.781184 0.885758 0.990822 0.821009 0.719748 0.624163 0.981719 0.794223 0.728357 0.985748 0.697422 0.997599 0.761421 0.853617 0.725248 0.857384 0.513561 0.789740 0.740241 0.990668 0.679036 0.713686 0.941755 0.783199 0.796802 0.970941 0.834270 0.944246 0.750751 0.794918 0.910545 0.782621 0.916717 0.980308
0.912548 0.981931 0.801176 0.927522 0.635522 0.962287 0.677932 0.941947 0.000000 0.816507 0.943120 0.942042 0.785759 0.891467 0.796102 0.977234 0.840406 0.836043 0.906829 0.983260 0.929669 0.968146 0.669753 0.849320 0.977236 0.961964 0.943973 0.981723 0.877591 0.914981 0.868248 0.926289 0.832503 0.993614 0.940173 0.877078 0.999736 0.831446 0.955983 0.863577 0.906509 0.917515 0.848972 0.862825 0.965472 0.998494 0.908892 0.839142 0.995080 0.955350 0.996032 0.966647 0.800034 0.718149 0.960588 0.950027 0.853505 0.881381 0.902801 0.854547 0.677215 0.901763 0.764286 0.839987 0.657153 0.929634 0.977656 0.833432 0.949049 0.909573 0.914140 0.814820 0.861633 0.964623 0.958400 0.971216 0.985934 0.925518 0.759667 0.938906 0.771127 0.744146 0.674486 0.753914 0.570308 0.546292 0.805784 0.789971 0.854843 0.835499 0.821908 0.838912 0.873186 0.865595 0.959056 0.960514 0.904806 0.969542 0.987161 0.802673 0.832388 0.942618 0.963274 0.920107 0.890824 0.970301 0.950352 0.953735 0.862462 0.991066 0.861250 0.935647 0.939116 0.877262 0.967071 0.860314
0.730008 0.977779 0.878949 0.906254 0.833236 0.978782 0.522813 0.516393 0.816507 0.000000 0.592426 0.654658 0.859297 0.998633 0.848680 0.924454 0.714638 0.647894 0.661468 0.802303 0.916402 0.823957 0.970952 0.825837 0.572661 0.652945 0.854737 0.731796 0.677033 0.632722 0.891899 0.989932 0.720790 0.553601 0.873022 0.896116 0.820140 0.770874 0.953333 0.985147 0.887741 0.967137 0.818179 0.868704 0.773005 0.770140 0.893006 0.915644 0.964298 0.757979 0.693132 0.615427 0.693066 0.671369 0.841409 0.896091 0.976247 0.942069 0.927652 0.976857 0.425064 0.512238 0.430392 0.421728 0.878685 0.931450 0.794174 0.852839 0.902440 0.961820 0.886714 0.839046 0.890862 0.971008 0.976421 0.867510 0.893389 0.844689 0.838040 0.752156 0.590890 0.611158 0.944305 0.697360 0.808001 0.914154 0.825948 0.987421 0.925283 0.934390 0.787878 0.916287 0.890139 0.826126 0.815801 0.921039 0.921408 0.954390 0.720516 0.837118 0.949477 0.854444 0.782723 0.837052 0.947081 0.911184 0.689101 0.820042 0.842147 0.986776 0.941974 0.860736 0.985024 0.908676 0.787162 0.775640
0.577503 0.845414 0.794577 0.825982 0.928924 0.934429 0.694378 0.535748 0.943120 0.592426 0.000000 0.489637 0.725692 0.984769 0.660254 0.855123 0.595367 0.669711 0.824978 0.763547 0.903841 0.872974 0.601610 0.574298 0.841406 0.928051 0.853411 0.995573 0.826777 0.842733 0.824244 0.738494 0.787525 0.533040 0.767372 0.957173 0.861686 0.970801 0.940042 0.821242 0.737710 0.827572 0.951995 0.944152 0.913478 0.783087 0.770456 0.886252 0.965528 0.788763 0.710109 0.630141 0.615992 0.594067 0.717535 0.681494 0.881022 0.917792 0.727410 0.856031 0.554030 0.509275 0.620160 0.532903 0.879132 0.847694 0.758201 0.808092 0.860509 0.706465 0.852054 0.928194 0.798658 0.901278 0.910103 0.905793 0.921742 0.886564 0.736672 0.925914 0.672354 0.763870 0.858280 0.815015 0.891711 0.938891 0.758445 0.691325 0.926417 0.836357 0.827875 0.817058 0.864099 0.912852 0.803812 0.863342 0.788748 0.832858 0.730271 0.930158 0.836165 0.962291 0.632664 0.802689 0.895070 0.868531 0.785785 0.986439 0.847616 0.945471 0.985324 0.843459 0.922994 0.846439 0.907459 0.919077
0.633894 0.691983 0.986795 0.831245 0.935981 0.824314 0.824206 0.466271 0.942042 0.654658 0.489637 0.000000 0.505172 0.599080 0.881264 0.788908 0.694160 0.698099 0.655217 0.714997 0.922632 0.853746 0.698287 0.769428 0.736317 0.782129 0.935982 0.946937 0.827195 0.715325 0.791796 0.830344 0.867560 0.575738 0.885789 0.967639 0.964853 0.781657 0.865172 0.855657 0.871372 0.949837 0.888303 0.857131 0.924619 0.782067 0.767519 0.815408 0.991430 0.740561 0.734810 0.644880 0.673351 0.635029 0.742092 0.824205 0.914249 0.875103 0.823355 0.846793 0.547693 0.418638 0.656205 0.574453 0.851614 0.715217 0.916767 0.868776 0.932086 0.690007 0.968856 0.958866 0.977661 0.994175 0.914778 0.990699 0.806665 0.739878 0.774329 0.877522 0.733905 0.828706 0.819741 0.923298 0.798044 0.957096 0.782406 0.672950 0.985944 0.949309 0.996062 0.739920 0.995582 0.756190 0.837019 0.974983 0.844494 0.931119 0.746220 0.967791 0.763246 0.882845 0.735169 0.867954 0.939945 0.982050 0.865045 0.985248 0.867451 0.982156 0.959661 0.949838 0.920554 0.835522 0.909733 0.995957
0.743983 0.686632 0.996741 0.916732 0.898270 0.774583 0.890369 0.744353 0.785759 0.859297 0.725692 0.505172 0.000000 0.540875 0.776898 0.612069 0.760937 0.789858 0.637598 0.821655 0.903317 0.982559 0.990839 0.952493 0.848757 0.877292 0.978829 0.999764 0.813108 0.817297 0.933926 0.963467 0.909245 0.786758 0.957629 0.930037 0.908708 0.788948 0.984804 0.936913 0.884910 0.918650 0.933124 0.900355 0.962320 0.788013 0.842125 0.966536 0.990795 0.929199 0.880152 0.880037 0.974466 0.949984 0.810660 0.816945 0.845602 0.825998 0.946497 0.989926 0.631381 0.573091 0.800864 0.778375 0.998875 0.730341 0.908638 0.917107 0.856511 0.779341 0.989802 0.975122 0.821980 0.967377 0.961168 0.840446 0.801782 0.737010 0.827714 0.923619 0.823177 0.871466 0.933713 0.974536 0.989468 0.839864 0.960763 0.933241 0.924240 0.952795 0.907881 0.903862 0.942664 0.892897 0.994703 0.955626 0.859121 0.942867 0.856404 0.956273 0.972624 0.891576 0.896816 0.954597 0.912432 0.905052 0.925547 0.998859 0.945278 0.978001 0.951509 0.970575 0.802628 0.762550 0.986032 0.948837
0.872186 0.660252 0.834709 0.966187 0.947386 0.803085 0.836174 0.845981 0.891467 0.998633 0.984769 0.599080 0.540875 0.000000 0.722759 0.556171 0.935803 0.885273 0.642372 0.726217 0.921599 0.980771 0.978835 0.874648 0.877720 0.967101 0.897519 0.959007 0.850721 0.820436 0.988734 0.849197 0.938039 0.916596 0.993119 0.999848 0.837551 0.834324 0.897110 0.951875 0.827848 0.830835 0.867575 0.819887 0.911257 0.924624 0.798601 0.843609 0.992448 0.916023 0.927089 0.967019 0.996529 0.999221 0.880488 0.883078 0.944303 0.886573 0.949157 0.852165 0.926847 0.727255 0.999146 0.953891 0.910784 0.753498 0.856249 0.975987 0.897871 0.844865 0.831244 0.804756 0.825036 0.893134 0.999555 0.803845 0.696923 0.775604 0.879372 0.979740 0.967854 0.991499 0.882427 0.927545 0.810371 0.970810 0.899629 0.943655 0.963184 0.985888 0.889089 0.848763 0.886597 0.824237 0.907246 0.990476 0.992882 0.959261 0.989803 0.982401 0.859107 0.907648 0.934882 0.982363 0.997268 0.926387 0.855245 0.994970 0.895111 0.914379 0.988887 0.987241 0.932022 0.944168 0.918892 0.936822
0.916377 0.895405 0.776825 0.712512 0.737581 0.996855 0.772908 0.685192 0.796102 0.848680 0.660254 0.881264 0.776898 0.722759 0.000000 0.568671 0.920842 0.913033 0.877338 0.975810 0.882532 0.978814 0.543283 0.660316 0.986296 0.985514 0.837878 0.972493 0.770856 0.830107 0.793967 0.706348 0.980909 0.746935 0.905324 0.963283 0.984181 0.838685 0.864429 0.768896 0.842013 0.816535 0.792940 0.842696 0.872931 0.882194 0.944533 0.867521 0.934560 0.814605 0.926159 0.784023 0.586386 0.573233 0.909488 0.863618 0.819279 0.748801 0.781159 0.812961 0.893532 0.829296 0.969488 0.944785 0.921818 0.854320 0.594750 0.620331 0.900972 0.877513 0.970368 0.952129 0.764136 0.921360 0.875477 0.894005 0.941812 0.997416 0.927506 0.936417 0.949401 0.896845 0.655547 0.811041 0.741712 0.785173 0.700206 0.582931 0.923941 0.988759 0.789225 0.899251 0.706347 0.806607 0.899417 0.902903 0.815399 0.805594 0.762945 0.882760 0.728656 0.877349 0.705625 0.818203 0.986827 0.817757 0.785816 0.877882 0.998780 0.963081 0.785286 0.914338 0.971405 0.861764 0.936844 0.887883
0.891623 0.838866 0.660123 0.809112 0.894324 0.739577 0.694114 0.923780 0.977234 0.924454 0.855123 0.788908 0.612069 0.556171 0.568671 0.000000 0.959611 0.933148 0.898986 0.989150 0.886133 0.990907 0.800941 0.704275 0.860415 0.889975 0.892058 0.966331 0.895525 0.816492 0.957214 0.753447 0.906742 0.903305 0.748390 0.967515 0.889716 0.840874 0.952444 0.881016 0.904959 0.724281 0.885667 0.898051 0.782863 0.842699 0.955134 0.881225 0.873732 0.960122 0.963263 0.995732 0.798452 0.832026 0.984806 0.806359 0.971484 0.884533 0.778291 0.997960 0.962513 0.915814 0.892209 0.900717 0.929127 0.884193 0.688783 0.816281 0.944091 0.949827 0.878913 0.925318 0.708128 0.819436 0.900162 0.784235 0.900314 0.827260 0.985891 0.944171 0.839201 0.827383 0.957538 0.901246 0.902791 0.952241 0.823322 0.850460 0.902217 0.825402 0.790328 0.835715 0.750254 0.790292 0.875342 0.761036 0.847015 0.822323 0.850627 0.809304 0.946565 0.924735 0.842347 0.855715 0.976132 0.797008 0.849551 0.873104 0.990068 0.994828 0.850898 0.794159 0.796371 0.919915 0.904009 0.970365
0.496481 0.608999 0.800047 0.954345 0.890340 0.903664 0.736497 0.754638 0.840406 0.714638 0.595367 0.694160 0.760937 0.935803 0.920842 0.959611 0.000000 0.457209 0.661245 0.597790 0.895477 0.887995 0.975967 0.803818 0.948830 0.964522 0.995136 0.986787 0.713392 0.714549 0.991199 0.893289 0.641035 0.720745 0.738551 0.957416 0.731361 0.944067 0.872505 0.919100 0.849415 0.881903 0.957612 0.950402 0.849001 0.779215 0.807517 0.825346 0.808728 0.906480 0.982762 0.973387 0.966568 0.985115 0.664986 0.749656 0.547208 0.557150 0.630058 0.876134 0.577322 0.658301 0.507083 0.464589 0.929382 0.916377 0.890433 0.971271 0.696442 0.645010 0.892274 0.819237 0.989060 0.929029 0.961329 0.893288 0.988294 0.988072 0.645065 0.956887 0.453294 0.500884 0.857447 0.564451 0.729336 0.788994 0.928854 0.941442 0.753988 0.708485 0.929308 0.823302 0.952470 0.847736 0.798837 0.765647 0.772767 0.997997 0.817049 0.868239 0.956383 0.829612 0.726080 0.822574 0.927431 0.886857 0.846561 0.936263 0.978103 0.929299 0.958914 0.828368 0.866670 0.970861 0.971582 0.944669
0.466706 0.641649 0.703945 0.772012 0.975731 0.962848 0.614510 0.646798 0.836043 0.647894 0.669711 0.698099 0.789858 0.885273 0.913033 0.933148 0.457209 0.000000 0.608669 0.640326 0.889670 0.900519 0.954439 0.817875 0.955692 0.962668 0.912717 0.956607 0.677857 0.634413 0.832675 0.968176 0.577721 0.616139 0.681583 0.845153 0.780723 0.957505 0.950811 0.901052 0.792404 0.852620 0.902817 0.847976 0.777464 0.709855 0.600222 0.708316 0.753642 0.922095 0.960351 0.986887 0.999082 0.981853 0.591793 0.653361 0.501208 0.621594 0.607652 0.817014 0.525704 0.627090 0.439523 0.447327 0.835343 0.840791 0.780166 0.830052 0.809761 0.683397 0.977803 0.900297 0.975303 0.871517 0.988941 0.878564 0.991756 0.964712 0.621112 0.926800 0.343848 0.388750 0.822324 0.506933 0.654788 0.676775 0.968843 0.977285 0.730926 0.609009 0.916907 0.829443 0.987225 0.861423 0.755613 0.737917 0.842129 0.929852 0.749240 0.790096 0.967684 0.858118 0.777412 0.804288 0.934196 0.749156 0.871893 0.987323 0.889607 0.880149 0.989713 0.792288 0.889278 0.947080 0.970761 0.933330
0.591095 0.651882 0.781875 0.800677 0.925991 0.989457 0.650665 0.673822 0.906829 0.661468 0.824978 0.655217 0.637598 0.642372 0.877338 0.898986 0.661245 0.608669 0.000000 0.607035 0.997316 0.990021 0.881524 0.904784 0.914382 0.969076 0.941085 0.975378 0.741556 0.734455 0.801088 0.840094 0.638354 0.662211 0.732674 0.907930 0.982094 0.848611 0.996637 0.950810 0.883278 0.973397 0.925502 0.839445 0.874150 0.711899 0.731910 0.767333 0.954339 0.985523 0.959242 0.995895 0.930380 0.977488 0.736550 0.743888 0.747187 0.768324 0.892305 0.880225 0.566061 0.636105 0.570530 0.624320 0.883729 0.739521 0.871495 0.876626 0.836182 0.830541 0.956133 0.964649 0.847280 0.922606 0.999376 0.994743 0.878402 0.833712 0.662947 0.967813 0.564495 0.573553 0.929405 0.766334 0.717764 0.708803 0.864933 0.962973 0.874539 0.840293 0.818283 0.996338 0.886259 0.956899 0.881202 0.877832 0.780710 0.997780 0.684836 0.747244 0.956484 0.803213 0.771722 0.884099 0.937779 0.842817 0.903609 0.877352 0.945194 0.874002 0.897941 0.829834 0.834466 0.882540 0.955561 0.779936
0.620117 0.681697 0.787422 0.764278 0.935935 0.894465 0.802470 0.711316 0.983260 0.802303 0.763547 0.714997 0.821655 0.726217 0.975810 0.989150 0.597790 0.640326 0.607035 0.000000 0.820859 0.936946 0.985524 0.938490 0.980343 0.983792 0.982312 0.932543 0.855625 0.850204 0.796375 0.984306 0.722748 0.733230 0.677274 0.993640 0.780925 0.898868 0.917834 0.847964 0.959032 0.939526 0.838285 0.779288 0.884258 0.744894 0.675901 0.601550 0.850418 0.856108 0.875554 0.832222 0.915723 0.961543 0.811339 0.679915 0.726341 0.662100 0.639815 0.603759 0.767496 0.697302 0.771658 0.720969 0.919120 0.717023 0.768915 0.741762 0.838065 0.645029 0.875485 0.899413 0.866078 0.880594 0.868149 0.895389 0.846843 0.972309 0.600630 0.984496 0.660381 0.722655 0.957490 0.819469 0.889984 0.836157 0.829348 0.894721 0.857702 0.699298 0.846459 0.978086 0.921230 0.996225 0.950905 0.755897 0.719470 0.872276 0.688737 0.837096 0.796880 0.878006 0.651121 0.767431 0.952236 0.819346 0.936002 0.849130 0.985363 0.979913 0.797872 0.874639 0.891661 0.958663 0.958408 0.972183
0.725337 0.840274 0.752406 0.757744 0.842789 0.913103 0.951405 0.999806 0.929669 0.916402 0.903841 0.922632 0.903317 0.921599 0.882532 0.886133 0.895477 0.889670 0.997316 0.820859 0.000000 0.875905 0.830929 0.781099 0.737807 0.707364 0.999512 0.821985 0.782272 0.713583 0.941485 0.851436 0.869264 0.973164 0.734646 0.996104 0.723360 0.787812 0.883354 0.973151 0.868331 0.878059 0.705305 0.750565 0.993847 0.937237 0.789519 0.850356 0.923398 0.824881 0.754912 0.806468 0.993498 0.931458 0.933022 0.947250 0.731645 0.820365 0.664866 0.823261 0.960624 0.913531 0.914596 0.917936 0.832850 0.913289 0.774526 0.832709 0.723210 0.777364 0.878816 0.904240 0.939816 0.811744 0.877822 0.998211 0.944346 0.915244 0.908892 0.860914 0.983281 0.998042 0.798190 0.917814 0.952763 0.968116 0.992004 0.852545 0.869786 0.747222 0.833035 0.861453 0.826477 0.794118 0.940430 0.728590 0.791816 0.892739 0.941374 0.882296 0.932530 0.916529 0.728213 0.794307 0.938212 0.787954 0.847889 0.825661 0.994228 0.918921 0.937905 0.829625 0.929542 0.973467 0.900658 0.756815
0.996479 0.851153 0.850145 0.784041 0.882244 0.726523 0.970176 0.985481 0.968146 0.823957 0.872974 0.853746 0.982559 0.980771 0.978814 0.990907 0.887995 0.900519 0.990021 0.936946 0.875905 0.000000 0.985254 0.965050 0.891001 0.784249 0.869944 0.721161 0.819114 0.806953 0.977549 0.844699 0.984971 0.993289 0.935543 0.906157 0.854642 0.821692 0.974608 0.873198 0.906695 0.847080 0.923633 0.931372 0.907308 0.902754 0.929961 0.998743 0.958080 0.835901 0.744338 0.775950 0.840579 0.818408 0.960723 0.922877 0.947724 0.986917 0.884991 0.753282 0.853097 0.946703 0.764535 0.777410 0.793485 0.807715 0.837451 0.836551 0.958511 0.993159 0.753858 0.734318 0.994455 0.965255 0.929747 0.949010 0.881933 0.883495 0.977458 0.962421 0.931225 0.883687 0.728032 0.814254 0.923638 0.914113 0.873247 0.894457 0.933928 0.919623 0.856152 0.852803 0.766251 0.722454 0.933319 0.973370 0.970297 0.969674 0.850945 0.800333 0.915008 0.776228 0.933405 0.918477 0.739587 0.739966 0.929378 0.784181 0.907176 0.950148 0.952641 0.825134 0.916281 0.979936 0.806485 0.902334
0.807385 0.911486 0.979247 0.941569 0.572089 0.899063 0.886099 0.824947 0.669753 0.970952 0.601610 0.698287 0.990839 0.978835 0.543283 0.800941 0.975967 0.954439 0.881524 0.985524 0.830929 0.985254 0.000000 0.433951 0.950593 0.978434 0.879361 0.821398 0.883364 0.814767 0.575221 0.559277 0.870564 0.869003 0.969626 0.923993 0.895655 0.882989 0.840592 0.836446 0.838142 0.817512 0.788906 0.784067 0.980645 0.945621 0.867334 0.876500 0.987560 0.855154 0.865347 0.763206 0.657994 0.571926 0.931252 0.866620 0.985915 0.981911 0.695398 0.818147 0.952226 0.856399 0.955299 0.923968 0.666675 0.969960 0.892469 0.903376 0.777608 0.762732 0.915460 0.978193 0.618331 0.757943 0.882613 0.989641 0.849161 0.856374 0.942890 0.991618 0.927052 0.781886 0.575431 0.748259 0.444851 0.554594 0.680555 0.480059 0.964319 0.963703 0.953540 0.818905 0.969368 0.982291 0.979765 0.967541 0.930786 0.756268 0.881373 0.925556 0.740102 0.942115 0.637494 0.815126 0.914479 0.895301 0.970855 0.942290 0.921569 0.949651 0.988556 0.920727 0.988581 0.970195 0.994338 0.776378
0.646891 0.907331 0.959585 0.949063 0.686742 0.936625 0.941876 0.793923 0.849320 0.825837 0.574298 0.769428 0.952493 0.874648 0.660316 0.704275 0.803818 0.817875 0.904784 0.938490 0.781099 0.965050 0.433951 0.000000 0.922021 0.999530 0.766355 0.914705 0.998205 0.939555 0.705630 0.554342 0.988654 0.786360 0.945734 0.918896 0.806587 0.919703 0.900971 0.879901 0.752759 0.858407 0.873073 0.875857 0.905747 0.851833 0.810626 0.852419 0.813468 0.944164 0.878361 0.782821 0.760957 0.624739 0.946644 0.840351 0.829980 0.871283 0.606381 0.881620 0.886537 0.841877 0.800199 0.685805 0.737780 0.854814 0.863412 0.956636 0.746039 0.740946 0.870797 0.955432 0.565306 0.657514 0.951937 0.888331 0.988913 0.927103 0.968926 0.879711 0.807679 0.926359 0.823052 0.909900 0.721635 0.706291 0.798294 0.647371 0.923349 0.877475 0.973440 0.826450 0.971667 0.928996 0.980600 0.868995 0.943549 0.811072 0.821167 0.910961 0.829763 0.941003 0.618725 0.765881 0.903651 0.879381 0.864248 0.986134 0.978160 0.940275 0.986760 0.812309 0.986542 0.958547 0.944893 0.921334
0.877419 0.807378 0.673841 0.722095 0.876320 0.957319 0.988032 0.836271 0.977236 0.572661 0.841406 0.736317 0.848757 0.877720 0.986296 0.860415 0.948830 0.955692 0.914382 0.980343 0.737807 0.891001 0.950593 0.922021 0.000000 0.412636 0.837259 0.643576 0.701336 0.684986 0.849723 0.984861 0.839575 0.849070 0.852200 0.787152 0.721495 0.686424 0.793688 0.852965 0.891816 0.774678 0.605957 0.611629 0.936106 0.903277 0.789242 0.891217 0.882499 0.680525 0.600107 0.590173 0.711936 0.663522 0.936344 0.842208 0.676890 0.792439 0.820704 0.865899 0.777325 0.707549 0.718163 0.661711 0.579580 0.843233 0.782643 0.814845 0.897335 0.841317 0.761574 0.805609 0.903692 0.917107 0.999610 0.969533 0.798061 0.812254 0.850331 0.788390 0.988781 0.979038 0.993350 0.971300 0.853727 0.777405 0.906623 0.988772 0.722873 0.741407 0.858031 0.705458 0.784909 0.626532 0.904108 0.728024 0.803932 0.789790 0.984100 0.835851 0.937501 0.814381 0.997932 0.892783 0.815827 0.825795 0.876328 0.692643 0.931592 0.916986 0.879461 0.942672 0.868027 0.976011 0.720243 0.737486
0.799448 0.723713 0.662073 0.678793 0.746760 0.881556 0.977846 0.926082 0.961964 0.652945 0.928051 0.782129 0.877292 0.967101 0.985514 0.889975 0.964522 0.962668 0.969076 0.983792 0.707364 0.784249 0.978434 0.999530 0.412636 0.000000 0.870329 0.627782 0.724579 0.658489 0.833576 0.936573 0.847515 0.925498 0.819978 0.824022 0.677747 0.662196 0.745322 0.839691 0.848056 0.755569 0.593478 0.620573 0.934621 0.941120 0.821889 0.822157 0.899291 0.738229 0.650745 0.659751 0.795113 0.692369 0.880896 0.810861 0.732579 0.772588 0.791508 0.775244 0.827118 0.801723 0.741950 0.740952 0.585301 0.820642 0.757545 0.804365 0.810328 0.841896 0.759350 0.819501 0.903796 0.878037 0.999380 0.997907 0.705648 0.698726 0.829262 0.766212 0.991814 0.977821 0.956544 0.999246 0.950205 0.818549 0.946568 0.899267 0.716994 0.691955 0.834766 0.719026 0.745506 0.601533 0.856889 0.754225 0.808448 0.721463 0.887031 0.828351 0.925861 0.751740 0.843816 0.799133 0.864843 0.726412 0.834129 0.690142 0.811014 0.874945 0.933883 0.827393 0.895603 0.974660 0.688496 0.733332
0.961763 0.959048 0.881301 0.891480 0.939465 0.808548 0.941626 0.935045 0.943973 0.854737 0.853411 0.935982 0.978829 0.897519 0.837878 0.892058 0.995136 0.912717 0.941085 0.982312 0.999512 0.869944 0.879361 0.766355 0.837259 0.870329 0.000000 0.844271 0.890871 0.970411 0.984485 0.855825 0.978853 0.869668 0.944339 0.926624 0.985400 0.966270 0.967425 0.999242 0.986272 0.952313 0.857158 0.934258 0.721779 0.724162 0.979281 0.928183 0.795796 0.895696 0.960117 0.884841 0.884797 0.872949 0.840805 0.828622 0.987174 0.945140 0.985125 0.909720 0.955193 0.999009 0.937651 0.861823 0.790053 0.835395 0.965147 0.980790 0.866080 0.933306 0.935129 0.923399 0.828769 0.888982 0.968136 0.932596 0.914453 0.966979 0.964749 0.893423 0.951508 0.914800 0.989716 0.951883 0.952820 0.816960 0.999495 0.969029 0.916626 0.857899 0.854892 0.957825 0.920147 0.981212 0.909741 0.952045 0.940310 0.947132 0.926582 0.874013 0.918033 0.902859 0.922517 0.939952 0.711179 0.901149 0.967305 0.941186 0.914916 0.957152 0.923333 0.951654 0.932781 0.836844 0.822628 0.986998
0.762464 0.750094 0.824597 0.844286 0.655158 0.738774 0.936964 0.930315 0.981723 0.731796 0.995573 0.946937 0.999764 0.959007 0.972493 0.966331 0.986787 0.956607 0.975378 0.932543 0.821985 0.721161 0.821398 0.914705 0.643576 0.627782 0.844271 0.000000 0.927710 0.845970 0.926279 0.885527 0.940607 0.982223 0.903238 0.942407 0.754082 0.719162 0.963288 0.903163 0.801853 0.932080 0.823829 0.827838 0.873800 0.924380 0.838985 0.967553 0.978501 0.943789 0.850176 0.858805 0.814860 0.882112 0.945062 0.800032 0.723382 0.867258 0.788650 0.842775 0.896131 0.914223 0.898400 0.866020 0.795223 0.856665 0.899683 0.968387 0.738189 0.910513 0.825315 0.860060 0.981755 0.813455 0.958243 0.880847 0.909382 0.797181 0.867988 0.826814 0.960207 0.985534 0.832538 0.941791 0.941972 0.949829 0.984932 0.830368 0.920551 0.739432 0.997821 0.927875 0.874165 0.803221 0.912668 0.956391 0.904030 0.765183 0.952690 0.863377 0.983873 0.835792 0.789190 0.841374 0.808474 0.741648 0.963077 0.763719 0.858253 0.954529 0.953694 0.898677 0.910571 0.981585 0.743558 0.767289
0.883528 0.979882 0.916671 0.807356 0.821997 0.864795 0.878810 0.856501 0.877591 0.677033 0.826777 0.827195 0.813108 0.850721 0.770856 0.895525 0.713392 0.677857 0.741556 0.855625 0.782272 0.819114 0.883364 0.998205 0.701336 0.724579 0.890871 0.927710 0.000000 0.449443 0.941817 0.766340 0.864889 0.739922 0.905666 0.959935 0.866461 0.708647 0.855517 0.816275 0.937689 0.947842 0.704850 0.791216 0.946618 0.980015 0.965523 0.951759 0.962152 0.755291 0.596962 0.657955 0.927018 0.794210 0.965607 0.864900 0.941591 0.973799 0.879229 0.824869 0.700907 0.699405 0.575327 0.613252 0.856786 0.934968 0.800601 0.820646 0.905243 0.943497 0.780851 0.756806 0.957678 0.842175 0.982131 0.971680 0.917155 0.937236 0.890094 0.961797 0.709429 0.722417 0.718034 0.676262 0.841984 0.925096 0.911232 0.800727 0.985813 0.952005 0.798822 0.605135 0.702646 0.567361 0.978866 0.980320 0.775573 0.829750 0.945600 0.941019 0.860397 0.629272 0.930182 0.891450 0.820787 0.840681 0.861257 0.691877 0.962017 0.992259 0.990188 0.984557 0.904374 0.975340 0.905153 0.703020
0.875758 0.912591 0.831799 0.842721 0.799507 0.909610 0.863847 0.755404 0.914981 0.632722 0.842733 0.715325 0.817297 0.820436 0.830107 0.816492 0.714549 0.634413 0.734455 0.850204 0.713583 0.806953 0.814767 0.939555 0.684986 0.658489 0.970411 0.845970 0.449443 0.000000 0.826545 0.756130 0.808699 0.665571 0.940191 0.909264 0.871389 0.747565 0.904742 0.960486 0.955546 0.841967 0.780809 0.809126 0.939578 0.935852 0.908970 0.958399 0.873376 0.847722 0.742560 0.721555 0.905352 0.803077 0.816971 0.919301 0.907974 0.947301 0.950797 0.917711 0.675809 0.648428 0.532924 0.543919 0.852424 0.987543 0.848897 0.938802 0.839731 0.900390 0.874273 0.853660 0.893328 0.840838 0.890533 0.982804 0.856348 0.927860 0.831614 0.948203 0.689676 0.655359 0.694285 0.638455 0.802416 0.910503 0.882354 0.827244 0.992496 0.925104 0.758557 0.593668 0.699939 0.544940 0.878642 0.893613 0.857359 0.803082 0.964788 0.924821 0.873917 0.700539 0.856474 0.927827 0.860453 0.955515 0.779082 0.752714 0.888913 0.971203 0.981347 0.962938 0.964304 0.995812 0.908261 0.712519
0.913797 0.912076 0.875259 0.896069 0.904446 0.959954 0.823865 0.969670 0.868248 0.891899 0.824244 0.791796 0.933926 0.988734 0.793967 0.957214 0.991199 0.832675 0.801088 0.796375 0.941485 0.977549 0.575221 0.705630 0.849723 0.833576 0.984485 0.926279 0.941817 0.826545 0.000000 0.653413 0.664657 0.925279 0.869016 0.839232 0.973577 0.784685 0.997685 0.951516 0.961386 0.937801 0.944504 0.956370 0.820145 0.785662 0.890896 0.784395 0.735474 0.681060 0.756296 0.711404 0.816012 0.733618 0.975112 0.932596 0.821543 0.818224 0.952455 0.855896 0.935453 0.966876 0.901657 0.960015 0.789799 0.902322 0.873295 0.790082 0.822142 0.869505 0.722010 0.947807 0.796266 0.822894 0.831102 0.992315 0.997586 0.964161 0.846482 0.951876 0.837777 0.781292 0.783770 0.794567 0.607517 0.736199 0.854285 0.768431 0.967809 0.871281 0.891067 0.858426 0.870313 0.922018 0.924337 0.948605 0.896342 0.939254 0.823742 0.782580 0.909246 0.940951 0.875123 0.907696 0.927303 0.873482 0.981695 0.901915 0.940170 0.982530 0.828180 0.985108 0.985740 0.917393 0.882668 0.825540
0.810977 0.888487 0.923826 0.847979 0.809737 0.857140 0.975431 0.876152 0.926289 0.989932 0.738494 0.830344 0.963467 0.849197 0.706348 0.753447 0.893289 0.968176 0.840094 0.984306 0.851436 0.844699 0.559277 0.554342 0.984861 0.936573 0.855825 0.885527 0.766340 0.756130 0.653413 0.000000 0.920086 0.973853 0.934355 0.727785 0.768245 0.863956 0.919419 0.896185 0.797308 0.907022 0.890901 0.903010 0.988268 0.944414 0.933856 0.987248 0.963154 0.961885 0.976898 0.957890 0.783329 0.786516 0.928212 0.937398 0.949936 0.882201 0.632354 0.799321 0.956763 0.887979 0.990285 0.880196 0.915177 0.980714 0.841879 0.991415 0.760620 0.717661 0.944916 0.977694 0.736591 0.691145 0.892669 0.833549 0.958043 0.950551 0.981559 0.926243 0.912669 0.965167 0.735490 0.942393 0.709104 0.814841 0.813792 0.609085 0.820950 0.980606 0.867368 0.997160 0.832827 0.942744 0.895727 0.981055 0.831193 0.775923 0.846725 0.962021 0.897208 0.867318 0.701403 0.806537 0.956694 0.830412 0.976634 0.931577 0.942672 0.848321 0.888173 0.837760 0.953220 0.935070 0.979412 0.801537
0.563177 0.662913 0.576311 0.661056 0.981217 0.949360 0.497368 0.641748 0.832503 0.720790 0.787525 0.867560 0.909245 0.938039 0.980909 0.906742 0.641035 0.577721 0.638354 0.722748 0.869264 0.984971 0.870564 0.988654 0.839575 0.847515 0.978853 0.940607 0.864889 0.808699 0.664657 0.920086 0.000000 0.605053 0.670908 0.854745 0.863217 0.905704 0.955841 0.928691 0.745624 0.825512 0.774965 0.723018 0.624991 0.553288 0.738476 0.684831 0.786546 0.835062 0.877940 0.938132 0.985743 0.941853 0.765256 0.809329 0.607844 0.735122 0.683439 0.812739 0.572318 0.711294 0.676549 0.705587 0.734177 0.714947 0.608131 0.614075 0.911636 0.831129 0.843730 0.980158 0.892335 0.880139 0.992355 0.884138 0.822224 0.891474 0.706943 0.878299 0.557316 0.592883 0.949243 0.742098 0.633649 0.667315 0.885003 0.988993 0.869805 0.760237 0.654532 0.833825 0.681511 0.879124 0.795394 0.729594 0.618490 0.845669 0.599864 0.663057 0.888621 0.977017 0.793278 0.699898 0.963455 0.691456 0.857616 0.793230 0.881429 0.836346 0.835995 0.697374 0.753312 0.825367 0.951449 0.954022
0.589820 0.804189 0.728503 0.675144 0.971206 0.999067 0.528956 0.418000 0.993614 0.553601 0.533040 0.575738 0.786758 0.916596 0.746935 0.903305 0.720745 0.616139 0.662211 0.733230 0.973164 0.993289 0.869003 0.786360 0.849070 0.925498 0.869668 0.982223 0.739922 0.665571 0.925279 0.973853 0.605053 0.000000 0.722270 0.815715 0.963179 0.951231 0.856499 0.728027 0.783496 0.952325 0.844525 0.876198 0.791219 0.679749 0.746924 0.706523 0.930802 0.821360 0.828033 0.724674 0.652966 0.639545 0.720111 0.680678 0.894207 0.970364 0.781046 0.779605 0.491381 0.452753 0.582446 0.536132 0.977012 0.682361 0.623494 0.584817 0.959924 0.761389 0.996368 0.937617 0.992801 0.993241 0.976941 0.942038 0.926125 0.840195 0.773057 0.904463 0.626555 0.638197 0.902814 0.811484 0.885504 0.852418 0.883010 0.813756 0.981490 0.828903 0.768280 0.908869 0.788477 0.920400 0.799173 0.883089 0.798717 0.953830 0.546618 0.721935 0.842130 0.952938 0.755577 0.788783 0.996352 0.798683 0.750154 0.951917 0.911604 0.907340 0.798133 0.735307 0.823531 0.873592 0.863817 0.872323
0.616650 0.757628 0.593397 0.597034 0.992869 0.892089 0.640478 0.739306 0.940173 0.873022 0.767372 0.885789 0.957629 0.993119 0.905324 0.748390 0.738551 0.681583 0.732674 0.677274 0.734646 0.935543 0.969626 0.945734 0.852200 0.819978 0.944339 0.903238 0.905666 0.940191 0.869016 0.934355 0.670908 0.722270 0.000000 0.926585 0.800690 0.811752 0.897326 0.815362 0.817037 0.801517 0.760491 0.805651 0.832294 0.728485 0.739711 0.717187 0.908994 0.852043 0.799281 0.814229 0.965845 0.934245 0.823711 0.679519 0.738982 0.763280 0.710704 0.721385 0.735664 0.847894 0.802206 0.781179 0.720707 0.761097 0.633550 0.705043 0.763372 0.712403 0.844115 0.827247 0.886451 0.944743 0.925052 0.904650 0.985202 0.966608 0.701437 0.958312 0.632435 0.604989 0.994889 0.729716 0.725564 0.672162 0.870226 0.905217 0.942352 0.664559 0.705148 0.738688 0.681968 0.786793 0.855569 0.677569 0.617619 0.753997 0.676670 0.698383 0.936255 0.911638 0.743013 0.716682 0.925216 0.713804 0.950676 0.662788 0.786923 0.983296 0.836565 0.896841 0.965082 0.970323 0.895206 0.935522
0.931802 0.921611 0.822803 0.836652 0.940278 0.993734 0.887984 0.897598 0.877078 0.896116 0.957173 0.967639 0.930037 0.999848 0.963283 0.967515 0.957416 0.845153 0.907930 0.993640 0.996104 0.906157 0.923993 0.918896 0.787152 0.824022 0.926624 0.942407 0.959935 0.909264 0.839232 0.727785 0.854745 0.815715 0.926585 0.000000 0.862496 0.969414 0.910571 0.744681 0.987371 0.891886 0.815974 0.903262 0.907318 0.943704 0.841529 0.785524 0.944149 0.992924 0.949215 0.998519 0.998262 0.957480 0.869893 0.887510 0.916715 0.969289 0.996581 0.988701 0.967012 0.992090 0.972054 0.970203 0.754566 0.822286 0.830709 0.734523 0.841348 0.941050 0.900324 0.873163 0.963147 0.988982 0.945505 0.995187 0.896741 0.909462 0.897384 0.887480 0.919646 0.853884 0.985056 0.981712 0.862525 0.843503 0.961435 0.985015 0.936035 0.844816 0.983613 0.964045 0.955650 0.924212 0.807949 0.956898 0.979534 0.955037 0.867028 0.941175 0.922496 0.967071 0.877384 0.939792 0.994829 0.850870 0.850650 0.996590 0.945566 0.987655 0.982594 0.982171 0.933447 0.933521 0.910572 0.962567
0.738852 0.750016 0.750525 0.845316 0.906399 0.994519 0.990229 0.971246 0.999736 0.820140 0.861686 0.964853 0.908708 0.837551 0.984181 0.889716 0.731361 0.780723 0.982094 0.780925 0.723360 0.854642 0.895655 0.806587 0.721495 0.677747 0.985400 0.754082 0.866461 0.871389 0.973577 0.768245 0.863217 0.963179 0.800690 0.862496 0.000000 0.677521 0.894341 0.834434 0.810174 0.775355 0.872072 0.875168 0.904014 0.924024 0.813965 0.885605 0.917026 0.831854 0.769517 0.726625 0.885820 0.888691 0.748592 0.794322 0.647591 0.611925 0.600987 0.670481 0.955987 0.955411 0.997840 0.960273 0.775469 0.916815 0.800938 0.847028 0.754585 0.773541 0.937994 0.949804 0.974293 0.879410 0.887217 0.779355 0.990226 0.857939 0.691441 0.868602 0.840400 0.877173 0.976187 0.846256 0.934195 0.903330 0.992129 0.853899 0.726349 0.644392 0.941834 0.986647 0.909821 0.861346 0.923681 0.846830 0.748338 0.887825 0.891908 0.953507 0.967530 0.845908 0.742190 0.882103 0.797162 0.656797 0.917744 0.780133 0.971883 0.841132 0.931406 0.894532 0.956853 0.991989 0.734164 0.866087
0.864173 0.866951 0.837591 0.882440 0.697386 0.944478 0.918470 0.864917 0.831446 0.770874 0.970801 0.781657 0.788948 0.834324 0.838685 0.840874 0.944067 0.957505 0.848611 0.898868 0.787812 0.821692 0.882989 0.919703 0.686424 0.662196 0.966270 0.719162 0.708647 0.747565 0.784685 0.863956 0.905704 0.951231 0.811752 0.969414 0.677521 0.000000 0.925001 0.888455 0.801753 0.718890 0.787961 0.808959 0.998362 0.890872 0.874693 0.874484 0.803201 0.667715 0.584055 0.615019 0.903657 0.847742 0.863414 0.867765 0.781502 0.814555 0.683475 0.664673 0.737171 0.790331 0.780684 0.819855 0.945975 0.981442 0.767222 0.778470 0.839945 0.911768 0.751662 0.782027 0.960956 0.990556 0.870436 0.912394 0.951840 0.876654 0.974615 0.903871 0.925526 0.910783 0.863601 0.954745 0.952430 0.923639 0.954297 0.928379 0.903443 0.846264 0.892463 0.775597 0.769998 0.715264 0.987834 0.932254 0.785749 0.813585 0.872944 0.828614 0.898075 0.809542 0.834751 0.757731 0.770314 0.673574 0.804610 0.653703 0.991357 0.867006 0.949350 0.974444 0.911945 0.895953 0.817332 0.757186
