0.000000 0.389909 0.988864 0.854866 0.861711 0.899982 0.838695 0.712429 0.990713 0.723948 0.588121 0.551726 0.971048 0.807027 0.960799 0.884513 0.494717 0.544338 0.605780 0.554796 0.899307 0.899257 0.976865 0.962893 0.980409 0.891779 0.994871 0.875355 0.700659 0.754486 0.865156 0.844030 0.524886 0.607300 0.941828 0.957559 0.767590 0.748792 0.926916 0.971855 0.744828 0.901837 0.864086 0.723441 0.773240 0.816011 0.867556 0.858005 0.843301 0.913500 0.878281 0.973812 0.893533 0.886511 0.888646 0.835261 0.406459 0.400680 0.640034 0.799633 0.776141 0.903410 0.489757 0.495149 0.809891 0.977002 0.777711 0.735477 0.508227 0.613361 0.631715 0.636622 0.757356 0.778770 0.923729 0.954372 0.705380 0.690468 0.773275 0.764995 0.498640 0.525006 0.946474 0.765126 0.983348 0.833824 0.911454 0.885344 0.778960 0.958968 0.719987 0.722414 0.769114 0.838726 0.941818 0.886313 0.736564 0.961235 0.487737 0.683813 0.845703 0.925051 0.641660 0.612922 0.793078 0.992048 0.911965 0.877872 0.916956 0.886586 0.729849 0.840375 0.817626 0.992161 0.958376 0.993089
0.389909 0.000000 0.841073 0.933793 0.944688 0.940794 0.963399 0.692974 0.835030 0.721646 0.602896 0.478575 0.978451 0.751170 0.900080 0.865549 0.453668 0.444461 0.618211 0.468789 0.921684 0.998803 0.964662 0.976973 0.922655 0.739615 0.937579 0.801686 0.674659 0.600981 0.914888 0.825423 0.577069 0.593686 0.974333 0.900374 0.808727 0.715336 0.888120 0.986330 0.756436 0.738340 0.865200 0.671942 0.801405 0.763859 0.972981 0.864082 0.847108 0.893076 0.959403 0.969994 0.767250 0.769954 0.959917 0.843277 0.346330 0.306174 0.780702 0.810851 0.842467 0.817989 0.556571 0.427143 0.729248 0.998864 0.888541 0.779641 0.533007 0.559746 0.595661 0.674006 0.748617 0.721412 0.964483 0.984098 0.722255 0.712626 0.786649 0.740759 0.491409 0.522415 0.913915 0.728526 0.871618 0.880431 0.947580 0.938527 0.676911 0.914860 0.797788 0.754316 0.845016 0.897713 0.896326 0.844508 0.778492 0.874919 0.551562 0.686666 0.746250 0.985822 0.680412 0.589713 0.879615 0.990176 0.968150 0.939638 0.928614 0.861707 0.731441 0.775042 0.739103 0.919643 0.981928 0.991541
0.988864 0.841073 0.000000 0.446725 0.760556 0.914265 0.356649 0.731687 0.600031 0.828574 0.873419 0.822693 0.648471 0.984848 0.621643 0.824191 0.990475 0.950741 0.703548 0.946000 0.806675 0.815944 0.426656 0.632539 0.438932 0.480069 0.885229 0.871689 0.985510 0.963043 0.504520 0.689355 0.648268 0.655025 0.671624 0.951844 0.839337 0.977898 0.650812 0.938246 0.883806 0.925289 0.653110 0.767736 0.792936 0.917901 0.667664 0.713328 0.757944 0.982777 0.987261 0.957853 0.798894 0.793549 0.830257 0.909472 0.890370 0.800179 0.698505 0.941934 0.631073 0.888636 0.785908 0.850319 0.377391 0.589774 0.454193 0.601455 0.965962 0.905609 0.823449 0.867328 0.895842 0.996380 0.734295 0.819906 0.665018 0.779392 0.809184 0.910406 0.953149 0.943677 0.987483 0.910276 0.497010 0.556800 0.896026 0.985662 0.781874 0.932964 0.824810 0.752059 0.756322 0.635982 0.997809 0.846030 0.974729 0.892581 0.984853 0.862863 0.796541 0.803979 0.970832 0.962705 0.766754 0.540031 0.979804 0.911253 0.940123 0.963077 0.905139 0.931641 0.968923 0.976613 0.871059 0.841556
0.854866 0.933793 0.446725 0.000000 0.845064 0.858042 0.363116 0.474884 0.699331 0.611814 0.868288 0.878514 0.728866 0.854889 0.744347 0.643026 0.869574 0.935974 0.603515 0.847887 0.835936 0.950815 0.434967 0.486725 0.603199 0.659940 0.969850 0.982046 0.981105 0.826690 0.513218 0.637354 0.652092 0.654898 0.787986 0.976824 0.647632 0.800632 0.691665 0.976092 0.809047 0.952362 0.642190 0.752393 0.957959 0.986817 0.756589 0.744014 0.733428 0.931605 0.990291 0.915777 0.806606 0.692348 0.878501 0.849463 0.906725 0.996593 0.735050 0.914081 0.667950 0.914841 0.615436 0.868768 0.612234 0.645407 0.573566 0.722761 0.939976 0.999688 0.610826 0.647380 0.648289 0.760672 0.735689 0.833575 0.582633 0.796489 0.741437 0.911373 0.850906 0.794176 0.984991 0.875261 0.648436 0.568718 0.925719 0.995880 0.961436 0.956943 0.686375 0.602343 0.684544 0.656124 0.922962 0.844634 0.900852 0.958139 0.905846 0.752877 0.969074 0.653075 0.805164 0.812789 0.768121 0.640191 0.990495 0.851503 0.839234 0.903919 0.908565 0.935400 0.925263 0.999720 0.977893 0.894962
0.861711 0.944688 0.760556 0.845064 0.000000 0.811973 0.842767 0.994018 0.801434 0.974969 0.777364 0.915453 0.754011 0.974828 0.797918 0.941908 0.972656 0.919547 0.878262 0.979808 0.929252 0.878394 0.861024 0.985798 0.810125 0.833998 0.788382 0.975177 0.886256 0.982427 0.866981 0.926938 0.749134 0.761089 0.847494 0.862888 0.929655 0.925681 0.857887 0.908707 0.834110 0.964700 0.943157 0.841948 0.727180 0.862902 0.860541 0.763226 0.907548 0.863492 0.903834 0.941936 0.991214 0.997376 0.981117 0.918584 0.984387 0.981463 0.813288 0.865968 0.692682 0.912717 0.975416 0.913403 0.691418 0.662671 0.718037 0.644627 0.867742 0.925248 0.999247 0.907155 0.960482 0.875258 0.946537 0.909817 0.872552 0.887648 0.919630 0.916771 0.976579 0.946742 0.985180 0.975195 0.787880 0.756719 0.891432 0.959066 0.865956 0.828587 0.983949 0.960876 0.911259 0.828625 0.999031 0.970527 0.918134 0.948538 0.906056 0.958419 0.901075 0.896607 0.966530 0.789471 0.742528 0.861749 0.907959 0.986326 0.930166 0.999969 0.838377 0.974299 0.986891 0.968264 0.925947 0.720276
0.899982 0.940794 0.914265 0.858042 0.811973 0.000000 0.862519 0.789712 0.875988 0.903362 0.888220 0.841836 0.842888 0.977835 0.957053 0.830717 0.979235 0.974370 0.963765 0.972508 0.906476 0.819623 0.972054 0.975217 0.878956 0.859209 0.928960 0.905473 0.963361 0.989933 0.874814 0.977820 0.911182 0.894482 0.829196 0.899009 0.848200 0.840493 0.891929 0.898419 0.950435 0.943111 0.935052 0.964037 0.947549 0.899518 0.928021 0.963884 0.915519 0.985485 0.946940 0.982651 0.978777 0.884162 0.977683 0.984865 0.985636 0.959224 0.798101 0.905354 0.689483 0.800838 0.895176 0.914138 0.973867 0.810149 0.887426 0.790671 0.964485 0.903758 0.918599 0.913743 0.981407 0.951248 0.951453 0.964811 0.899421 0.990666 0.971594 0.980312 0.946429 0.881132 0.879964 0.967721 0.984662 0.949703 0.982532 0.889880 0.994212 0.978563 0.833385 0.848785 0.710109 0.855639 0.925023 0.948998 0.931040 0.889613 0.886446 0.990745 0.844673 0.794436 0.900670 0.959527 0.926334 0.887266 0.998603 0.970349 0.961644 0.889627 0.858475 0.951732 0.996135 0.939152 0.986583 0.859108
0.838695 0.963399 0.356649 0.363116 0.842767 0.862519 0.000000 0.530679 0.662763 0.623177 0.735855 0.976561 0.688061 0.826324 0.642471 0.680661 0.795763 0.845778 0.509445 0.821071 0.819071 0.864480 0.370482 0.477743 0.538284 0.614828 0.995028 0.999574 0.875447 0.802963 0.452069 0.555227 0.547201 0.542688 0.745697 0.995115 0.762081 0.970646 0.700386 0.988641 0.870083 0.961209 0.564749 0.687956 0.831139 0.932856 0.629724 0.677314 0.732181 0.923843 0.966054 0.924660 0.838626 0.786301 0.904840 0.817032 0.870769 0.988192 0.711355 0.865914 0.674131 0.899020 0.557261 0.929872 0.570193 0.710217 0.481436 0.687442 0.903789 0.939427 0.651814 0.712464 0.656310 0.763540 0.764451 0.799816 0.602046 0.747057 0.667251 0.780335 0.800336 0.724192 0.941774 0.940145 0.501658 0.516750 0.902188 0.965675 0.952025 0.992227 0.685471 0.574855 0.663543 0.625479 0.963170 0.823809 0.889932 0.914302 0.829247 0.667248 0.887512 0.634918 0.816797 0.834873 0.765846 0.630485 0.999184 0.811063 0.938096 0.924558 0.834139 0.959516 0.887908 0.987712 0.913793 0.887134
0.712429 0.692974 0.731687 0.474884 0.994018 0.789712 0.530679 0.000000 0.895301 0.534740 0.799882 0.588622 0.724561 0.653514 0.965930 0.553828 0.755742 0.822999 0.593971 0.715990 0.915184 0.931453 0.661948 0.642458 0.862592 0.860597 0.902624 0.877344 0.845999 0.701147 0.654554 0.684622 0.668451 0.633071 0.888588 0.998089 0.697421 0.894496 0.819591 0.894397 0.860742 0.767776 0.740641 0.713617 0.972933 0.888299 0.868104 0.799505 0.876435 0.888735 0.921874 0.914213 0.887967 0.844504 0.909501 0.898165 0.710360 0.738941 0.691312 0.899119 0.668315 0.693352 0.526120 0.594739 0.987447 0.818965 0.739347 0.791776 0.766386 0.763486 0.566633 0.675705 0.565266 0.660369 0.790134 0.963308 0.680039 0.835043 0.729190 0.861382 0.708020 0.693088 0.947135 0.739534 0.961874 0.792692 0.978201 0.923506 0.874225 0.990141 0.561393 0.515117 0.602386 0.683411 0.884844 0.810058 0.739367 0.881451 0.743701 0.735651 0.721646 0.546955 0.728119 0.579402 0.860271 0.779744 0.986533 0.824176 0.817138 0.853759 0.803158 0.948071 0.801974 0.901180 0.964920 0.948241
0.990713 0.835030 0.600031 0.699331 0.801434 0.875988 0.662763 0.895301 0.000000 0.793151 0.925843 0.841210 0.799621 0.845644 0.822526 0.913162 0.959740 0.855358 0.951118 0.919208 0.906886 0.804172 0.794773 0.921428 0.780093 0.700971 0.994422 0.804355 0.915429 0.821118 0.805299 0.996337 0.947325 0.966494 0.768731 0.903063 0.879781 0.978388 0.804693 0.789143 0.864793 0.989527 0.846936 0.915040 0.816859 0.934669 0.647681 0.865694 0.999059 0.884575 0.830156 0.846534 0.701451 0.818004 0.862498 0.955427 0.846842 0.821774 0.602013 0.789857 0.674159 0.972085 0.965386 0.904642 0.634091 0.750375 0.698407 0.823553 0.907618 0.971827 0.895417 0.895723 0.998135 0.932214 0.892695 0.914047 0.812019 0.982454 0.960188 0.937654 0.937242 0.902090 0.808372 0.922487 0.793883 0.918604 0.858208 0.864813 0.722661 0.859579 0.744838 0.790612 0.708710 0.752088 0.908274 0.906405 0.951618 0.927443 0.951618 0.913506 0.923502 0.955331 0.930957 0.947477 0.845758 0.783482 0.881697 0.846077 0.946663 0.956040 0.882025 0.883014 0.834256 0.994980 0.876136 0.806991
0.723948 0.721646 0.828574 0.611814 0.974969 0.903362 0.623177 0.534740 0.793151 0.000000 0.787426 0.803441 0.898344 0.760936 0.969263 0.694083 0.681454 0.720647 0.573956 0.624458 0.964176 0.979583 0.729512 0.749282 0.944260 0.964483 0.950591 0.913807 0.787631 0.724611 0.660009 0.699145 0.740317 0.641599 0.893060 0.959120 0.640284 0.888282 0.965196 0.984372 0.901364 0.816726 0.590819 0.652357 0.875662 0.845015 0.780311 0.749814 0.951992 0.996478 0.890917 0.929089 0.957089 0.959569 0.984285 0.811853 0.691301 0.776231 0.807010 0.949258 0.894177 0.946070 0.636414 0.710751 0.943524 0.983176 0.832838 0.972558 0.853081 0.894674 0.519204 0.626066 0.656453 0.643083 0.879207 0.830086 0.664953 0.845327 0.762808 0.886069 0.669643 0.733913 0.965711 0.823156 0.971959 0.865752 0.898647 0.999806 0.742091 0.888929 0.534118 0.548638 0.626624 0.793454 0.865475 0.886481 0.859430 0.914416 0.675015 0.656756 0.870354 0.758216 0.631105 0.653634 0.939747 0.919937 0.958535 0.769630 0.899792 0.952711 0.859184 0.798220 0.831181 0.940137 0.995314 0.962467
0.588121 0.602896 0.873419 0.868288 0.777364 0.888220 0.735855 0.799882 0.925843 0.787426 0.000000 0.666632 0.741589 0.730313 0.780093 0.824934 0.581547 0.572414 0.559042 0.568473 0.851521 0.921378 0.848503 0.849332 0.930917 0.954484 0.897050 0.851354 0.664185 0.653186 0.806184 0.747717 0.598006 0.568780 0.918686 0.980635 0.973026 0.907095 0.953309 0.939785 0.943927 0.940186 0.840886 0.768129 0.822872 0.929383 0.854384 0.839701 0.928318 0.965127 0.851202 0.842309 0.791659 0.786598 0.930010 0.962419 0.596193 0.620463 0.830500 0.929017 0.829100 0.879769 0.572438 0.697391 0.978461 0.979327 0.781934 0.763613 0.662262 0.729361 0.682068 0.785052 0.778721 0.823076 0.999707 0.848959 0.772767 0.728367 0.710158 0.584209 0.571163 0.514251 0.968850 0.888259 0.857393 0.872688 0.786504 0.946023 0.887194 0.742382 0.798450 0.750802 0.819787 0.814797 0.855425 0.866005 0.838710 0.914756 0.628149 0.721471 0.964426 0.875290 0.754336 0.825348 0.879101 0.975690 0.939555 0.935012 0.946188 0.901145 0.896327 0.967686 0.923748 0.955446 0.951910 0.833004
0.551726 0.478575 0.822693 0.878514 0.915453 0.841836 0.976561 0.588622 0.841210 0.803441 0.666632 0.000000 0.833154 0.603253 0.985648 0.654047 0.632691 0.629073 0.704966 0.615637 0.964113 0.988241 0.968431 0.943263 0.850922 0.736983 0.921213 0.787857 0.745129 0.623684 0.979943 0.903590 0.725288 0.800253 0.822905 0.996241 0.851154 0.866346 0.906879 0.959160 0.844980 0.750710 0.995195 0.819539 0.931288 0.954523 0.932056 0.895440 0.978930 0.889731 0.970849 0.847488 0.833766 0.868254 0.942334 0.967798 0.528148 0.495942 0.864616 0.795139 0.820291 0.740399 0.547261 0.407923 0.674888 0.933639 0.955972 0.942003 0.634080 0.701830 0.695745 0.774836 0.733284 0.793138 0.931850 0.865068 0.877806 0.877003 0.839940 0.849112 0.580308 0.569294 0.904612 0.608419 0.795246 0.990499 0.904447 0.939964 0.829386 0.859754 0.792849 0.747261 0.839230 0.920978 0.990475 0.849793 0.824817 0.843257 0.719721 0.798526 0.740173 0.854883 0.807615 0.613116 0.933177 0.939430 0.951927 0.979083 0.826823 0.776678 0.826827 0.948247 0.853285 0.940317 0.974820 0.956077
0.971048 0.978451 0.648471 0.728866 0.754011 0.842888 0.688061 0.724561 0.799621 0.898344 0.741589 0.833154 0.000000 0.715067 0.632656 0.652611 0.965908 0.924320 0.862994 0.984704 0.774861 0.963324 0.788642 0.836257 0.823852 0.762404 0.905755 0.992249 0.891136 0.820702 0.831303 0.918246 0.761485 0.807406 0.986638 0.946126 0.919730 0.929205 0.889443 0.844878 0.961133 0.993900 0.827368 0.783220 0.912612 0.956106 0.792972 0.748954 0.811868 0.971775 0.910041 0.935785 0.948309 0.905787 0.990187 0.951959 0.951914 0.949393 0.781780 0.894490 0.642638 0.944395 0.767561 0.917764 0.730044 0.840551 0.804280 0.798104 0.995548 0.967394 0.944357 0.967587 0.915956 0.942738 0.891686 0.903147 0.895144 0.877761 0.858368 0.845322 0.963246 0.860740 0.986727 0.996596 0.821800 0.839197 0.903738 0.963934 0.805495 0.924392 0.870788 0.864687 0.817522 0.835468 0.897737 0.886259 0.961926 0.984734 0.955720 0.995040 0.982312 0.820572 0.932037 0.939789 0.855836 0.834479 0.968914 0.968321 0.855101 0.790565 0.911565 0.918016 0.977313 0.996269 0.988996 0.833341
0.807027 0.751170 0.984848 0.854889 0.974828 0.977835 0.826324 0.653514 0.845644 0.760936 0.730313 0.603253 0.715067 0.000000 0.757770 0.595313 0.658159 0.624845 0.648474 0.691027 0.966262 0.991876 0.831918 0.767160 0.989121 0.839669 0.987162 0.729081 0.664659 0.539758 0.858584 0.708297 0.793070 0.813477 0.737241 0.983079 0.997577 0.975922 0.982230 0.986998 0.949901 0.883503 0.717416 0.733025 0.994708 0.947337 0.917378 0.781360 0.954757 0.837656 0.926230 0.809198 0.949133 0.984307 0.975717 0.926937 0.692645 0.741591 0.960651 0.879100 0.912672 0.926693 0.582920 0.679986 0.841997 0.798592 0.940118 0.911536 0.870732 0.971863 0.856261 0.865217 0.722968 0.737637 0.948630 0.918089 0.920652 0.844409 0.724507 0.727694 0.692854 0.602671 0.708690 0.762769 0.955577 0.887555 0.975883 0.681908 0.849293 0.776212 0.938680 0.887322 0.973505 0.964938 0.971042 0.763788 0.968648 0.925647 0.822648 0.776691 0.840981 0.789753 0.773108 0.663716 0.946755 0.823515 0.998083 0.960946 0.857927 0.748466 0.900456 0.903935 0.854753 0.888623 0.974995 0.911698
0.960799 0.900080 0.621643 0.744347 0.797918 0.957053 0.642471 0.965930 0.822526 0.969263 0.780093 0.985648 0.632656 0.757770 0.000000 0.698326 0.848856 0.816046 0.720370 0.899576 0.711239 0.823482 0.608872 0.699994 0.661926 0.754360 0.813471 0.980269 0.717353 0.722166 0.734968 0.755152 0.753534 0.805173 0.929967 0.896325 0.957801 0.957869 0.799323 0.790503 0.944047 0.913976 0.568733 0.630014 0.830233 0.874603 0.644803 0.534798 0.961595 0.921342 0.959102 0.995541 0.892229 0.967570 0.986501 0.921716 0.978054 0.912059 0.925263 0.822792 0.881510 0.710286 0.750094 0.942684 0.617903 0.880688 0.802381 0.870526 0.968741 0.899763 0.972210 0.989219 0.906581 0.916901 0.931508 0.870681 0.891122 0.810998 0.704166 0.750721 0.860574 0.806975 0.828013 0.901191 0.582400 0.656149 0.902733 0.907005 0.830480 0.948246 0.963479 0.989928 0.967362 0.986457 0.897996 0.826180 0.910155 0.950347 0.957004 0.819558 0.792451 0.990454 0.942852 0.982188 0.924872 0.856902 0.992398 0.951768 0.888015 0.876882 0.879072 0.993519 0.964854 0.953950 0.879325 0.846321
0.884513 0.865549 0.824191 0.643026 0.941908 0.830717 0.680661 0.553828 0.913162 0.694083 0.824934 0.654047 0.652611 0.595313 0.698326 0.000000 0.750942 0.755075 0.685988 0.734698 0.856497 0.855373 0.643044 0.579008 0.831338 0.866016 0.949462 0.895355 0.739760 0.536047 0.782915 0.695747 0.875224 0.858338 0.877644 0.898161 0.795471 0.931163 0.902737 0.937901 0.943203 0.905215 0.709411 0.689075 0.877847 0.970635 0.859341 0.737313 0.837903 0.845688 0.941820 0.810750 0.971039 0.995013 0.877533 0.831131 0.819057 0.847673 0.985623 0.885367 0.875531 0.980685 0.618802 0.705369 0.995193 0.970245 0.956069 0.937173 0.906017 0.989084 0.714492 0.814407 0.723205 0.828790 0.839736 0.963315 0.897087 0.902154 0.820438 0.808652 0.724419 0.663062 0.846576 0.652786 0.891703 0.766812 0.997439 0.722916 0.976670 0.995570 0.862501 0.876045 0.914906 0.980987 0.992494 0.777413 0.976699 0.912885 0.916165 0.799518 0.924659 0.883449 0.849649 0.670614 0.932116 0.991375 0.941323 0.977384 0.847112 0.825637 0.924195 0.883020 0.885899 0.963481 0.963551 0.918148
0.494717 0.453668 0.990475 0.869574 0.972656 0.979235 0.795763 0.755742 0.959740 0.681454 0.581547 0.632691 0.965908 0.658159 0.848856 0.750942 0.000000 0.338732 0.476848 0.454734 0.852034 0.935477 0.794830 0.790970 0.995406 0.807425 0.910084 0.811813 0.514196 0.486362 0.787493 0.625678 0.561402 0.587385 0.943274 0.943470 0.865162 0.892947 0.935087 0.989522 0.797749 0.820576 0.633989 0.580201 0.836463 0.858605 0.867786 0.814163 0.995549 0.978775 0.911769 0.822705 0.734580 0.802500 0.874438 0.980380 0.341466 0.427260 0.924465 0.920940 0.987806 0.839026 0.486437 0.521996 0.850475 0.879819 0.843186 0.881910 0.650185 0.702604 0.589453 0.636210 0.759257 0.729606 0.890729 0.916822 0.777585 0.732751 0.660800 0.611829 0.366334 0.426751 0.738695 0.724778 0.911648 0.742858 0.977883 0.953363 0.792067 0.857502 0.813105 0.744063 0.868429 0.948964 0.960641 0.804846 0.813911 0.981579 0.648901 0.565429 0.898365 0.957064 0.655349 0.619860 0.916199 0.895126 0.946135 0.931223 0.988832 0.829070 0.720602 0.800953 0.739595 0.973719 0.923423 0.951396
0.544338 0.444461 0.950741 0.935974 0.919547 0.974370 0.845778 0.822999 0.855358 0.720647 0.572414 0.629073 0.924320 0.624845 0.816046 0.755075 0.338732 0.000000 0.506595 0.425700 0.887519 0.993134 0.818975 0.796599 0.987857 0.773375 0.819165 0.791163 0.457025 0.410272 0.839008 0.646878 0.577350 0.589883 0.889687 0.945296 0.893636 0.904612 0.849974 0.971178 0.851364 0.803820 0.653386 0.558419 0.819886 0.819847 0.872641 0.732178 0.985972 0.998277 0.858871 0.834468 0.699449 0.720858 0.837374 0.962877 0.347477 0.409256 0.991646 0.889373 0.986442 0.832359 0.507255 0.534415 0.847992 0.910797 0.875105 0.893470 0.651827 0.686851 0.683003 0.730777 0.778031 0.734001 0.912856 0.920133 0.776311 0.701661 0.651568 0.604231 0.357338 0.375911 0.681776 0.678226 0.897264 0.710757 0.963647 0.874036 0.711534 0.848078 0.939239 0.828761 0.971611 0.974106 0.958970 0.806197 0.868605 0.997108 0.676477 0.579444 0.917932 0.981308 0.665434 0.645978 0.949434 0.894877 0.989080 0.993748 0.951742 0.828249 0.739101 0.747736 0.743328 0.957301 0.942028 0.942104
0.605780 0.618211 0.703548 0.603515 0.878262 0.963765 0.509445 0.593971 0.951118 0.573956 0.559042 0.704966 0.862994 0.648474 0.720370 0.685988 0.476848 0.506595 0.000000 0.470314 0.906247 0.936500 0.509910 0.579176 0.749111 0.989820 0.945634 0.814090 0.608777 0.554034 0.608240 0.495607 0.483459 0.480648 0.944795 0.926362 0.809322 0.954765 0.906059 0.966026 0.864056 0.880908 0.590484 0.620411 0.881464 0.946721 0.798898 0.725685 0.801772 0.852547 0.794761 0.722731 0.815383 0.954396 0.974155 0.870774 0.523480 0.643818 0.918743 0.782014 0.936478 0.787156 0.437880 0.691911 0.905156 0.986312 0.667026 0.803180 0.733818 0.826587 0.486776 0.619256 0.612696 0.656682 0.856583 0.825434 0.659742 0.693874 0.625540 0.645780 0.502239 0.475472 0.762205 0.756909 0.678912 0.602989 0.865144 0.882152 0.758150 0.783992 0.727213 0.622982 0.781820 0.805785 0.911631 0.804253 0.824416 0.940993 0.671995 0.541670 0.983595 0.736519 0.697817 0.708937 0.898928 0.876941 0.983350 0.981849 0.986426 0.909062 0.836590 0.831347 0.834135 0.979082 0.940950 0.931728
0.554796 0.468789 0.946000 0.847887 0.979808 0.972508 0.821071 0.715990 0.919208 0.624458 0.568473 0.615637 0.984704 0.691027 0.899576 0.734698 0.454734 0.425700 0.470314 0.000000 0.948367 0.965504 0.826264 0.789734 0.946177 0.757832 0.923230 0.703545 0.570999 0.537215 0.876829 0.656375 0.649377 0.638231 0.854515 0.883660 0.791607 0.882202 0.890144 0.907103 0.862898 0.844741 0.748878 0.661286 0.973366 0.989955 0.951881 0.831035 0.907228 0.862175 0.778030 0.684399 0.693182 0.808411 0.835663 0.893968 0.437398 0.475165 0.981794 0.860562 0.953782 0.898176 0.521092 0.565044 0.799470 0.873745 0.915901 0.951677 0.637430 0.700547 0.523981 0.703229 0.670406 0.670503 0.947544 0.926524 0.728005 0.742277 0.682343 0.709194 0.414686 0.462111 0.807542 0.646623 0.985389 0.856627 0.928504 0.968620 0.633166 0.768155 0.797373 0.710221 0.869268 0.937138 0.939914 0.862298 0.908696 0.995707 0.654993 0.617516 0.941717 0.933774 0.692693 0.615359 0.977304 0.919159 0.949684 0.990078 0.933235 0.964738 0.785972 0.808528 0.866479 0.889004 0.993543 0.914328
0.899307 0.921684 0.806675 0.835936 0.929252 0.906476 0.819071 0.915184 0.906886 0.964176 0.851521 0.964113 0.774861 0.966262 0.711239 0.856497 0.852034 0.887519 0.906247 0.948367 0.000000 0.861701 0.870563 0.894207 0.780590 0.766605 0.728773 0.968309 0.966873 0.845719 0.890658 0.879021 0.841208 0.802474 0.922927 0.998109 0.983009 0.998730 0.904636 0.911078 0.977824 0.990163 0.828828 0.679461 0.860193 0.898600 0.784069 0.705523 0.958312 0.847604 0.906097 0.884357 0.948905 0.968067 0.886247 0.780144 0.887043 0.961650 0.829270 0.960161 0.727729 0.985732 0.835688 0.959591 0.761379 0.778075 0.787857 0.790601 0.971949 0.907188 0.921081 0.991713 0.852261 0.916860 0.899019 0.944359 0.894892 0.884090 0.998311 0.883392 0.911193 0.928043 0.988773 0.993388 0.825941 0.787954 0.943509 0.916155 0.868913 0.948604 0.940814 0.947814 0.947885 0.895665 0.932415 0.791206 0.903389 0.958018 0.926030 0.904043 0.985858 0.932116 0.819842 0.999472 0.924913 0.756839 0.973051 0.840488 0.918053 0.926335 0.719691 0.934707 0.981502 0.964788 0.820300 0.923344
0.899257 0.998803 0.815944 0.950815 0.878394 0.819623 0.864480 0.931453 0.804172 0.979583 0.921378 0.988241 0.963324 0.991876 0.823482 0.855373 0.935477 0.993134 0.936500 0.965504 0.861701 0.000000 0.853496 0.953898 0.785395 0.728806 0.928860 0.826427 0.892166 0.965714 0.874561 0.958229 0.975554 0.933886 0.960837 0.959841 0.988706 0.925346 0.852657 0.852435 0.884470 0.922633 0.809364 0.789557 0.790086 0.846133 0.808977 0.822101 0.860506 0.836378 0.862729 0.821814 0.875271 0.989282 0.867575 0.803996 0.961326 0.995454 0.787107 0.920908 0.881142 0.988499 0.947645 0.967964 0.842121 0.849046 0.882068 0.893251 0.869940 0.934015 0.960023 0.969439 0.907938 0.882293 0.788481 0.992973 0.904620 0.937334 0.855210 0.978015 0.991147 0.964194 0.890683 0.967244 0.914614 0.932145 0.981355 0.954656 0.866116 0.882000 0.921103 0.974887 0.868375 0.965651 0.851720 0.757561 0.946609 0.998788 0.830446 0.856886 0.980262 0.962482 0.889059 0.939606 0.851656 0.897878 0.882953 0.976113 0.924992 0.984363 0.806884 0.909672 0.843106 0.952085 0.789169 0.762224
0.976865 0.964662 0.426656 0.434967 0.861024 0.972054 0.370482 0.661948 0.794773 0.729512 0.848503 0.968431 0.788642 0.831918 0.608872 0.643044 0.794830 0.818975 0.509910 0.826264 0.870563 0.853496 0.000000 0.377131 0.517705 0.675779 0.891044 0.958954 0.821870 0.692529 0.483348 0.516291 0.655069 0.654030 0.880487 0.921907 0.821954 0.944669 0.670781 0.998340 0.923609 0.959505 0.523173 0.653126 0.889049 0.968103 0.723139 0.670172 0.713285 0.925011 0.872217 0.878295 0.883585 0.787038 0.990600 0.771387 0.904114 0.958450 0.954662 0.688893 0.854334 0.799759 0.666757 0.961761 0.528759 0.698749 0.614735 0.805170 0.967486 0.971045 0.645509 0.773858 0.766157 0.770693 0.760179 0.842088 0.665609 0.782525 0.755257 0.792741 0.848527 0.763270 0.798995 0.918199 0.481212 0.430363 0.774572 0.836557 0.947497 0.952143 0.906648 0.764412 0.904724 0.793435 0.906809 0.761056 0.999925 0.922492 0.979155 0.693097 0.837184 0.757531 0.973245 0.902521 0.847632 0.720256 0.980749 0.945773 0.997763 0.880662 0.903119 0.979275 0.876930 0.985638 0.923009 0.893133
0.962893 0.976973 0.632539 0.486725 0.985798 0.975217 0.477743 0.642458 0.921428 0.749282 0.849332 0.943263 0.836257 0.767160 0.699994 0.579008 0.790970 0.796599 0.579176 0.789734 0.894207 0.953898 0.377131 0.000000 0.635805 0.798776 0.992875 0.902380 0.786918 0.647856 0.613545 0.505031 0.766933 0.781957 0.959240 0.996166 0.855178 0.923861 0.720263 0.919140 0.950579 0.958988 0.600309 0.738580 0.961211 0.959114 0.781294 0.743686 0.714129 0.864889 0.857913 0.818479 0.892961 0.786906 0.926624 0.756256 0.863157 0.968008 0.932177 0.627097 0.979760 0.859931 0.677880 0.948782 0.754758 0.850731 0.804815 0.977460 0.925292 0.980834 0.715407 0.727053 0.704476 0.656274 0.845740 0.882967 0.753528 0.842418 0.815124 0.752828 0.787671 0.695311 0.858476 0.857011 0.579286 0.508773 0.850565 0.805973 0.978501 0.966698 0.919318 0.809948 0.991925 0.914545 0.781205 0.803999 0.987501 0.944224 0.987825 0.724714 0.997232 0.754562 0.905049 0.824005 0.884416 0.845095 0.975915 0.913698 0.922965 0.903001 0.951187 0.963422 0.899680 0.960341 0.945833 0.927671
0.980409 0.922655 0.438932 0.603199 0.810125 0.878956 0.538284 0.862592 0.780093 0.944260 0.930917 0.850922 0.823852 0.989121 0.661926 0.831338 0.995406 0.987857 0.749111 0.946177 0.780590 0.785395 0.517705 0.635805 0.000000 0.508353 0.792022 0.829491 0.976192 0.844689 0.541485 0.722877 0.693216 0.690884 0.733260 0.959565 0.874254 0.885327 0.686485 0.887888 0.876663 0.990546 0.664790 0.740343 0.787722 0.846809 0.708580 0.711726 0.894388 0.875802 0.949136 0.840005 0.808347 0.871445 0.860383 0.935162 0.928120 0.864282 0.821486 0.867534 0.729196 0.864464 0.871854 0.856831 0.464097 0.626753 0.637501 0.681190 0.919668 0.965772 0.936857 0.968090 0.940213 0.949051 0.817852 0.937154 0.744284 0.841897 0.879903 0.979576 0.981128 0.940350 0.918346 0.964406 0.516436 0.529547 0.766541 0.930083 0.790803 0.949995 0.954740 0.986418 0.999404 0.917748 0.848107 0.876620 0.912559 0.964494 0.960684 0.903291 0.854728 0.981418 0.982172 0.844962 0.827952 0.647201 0.867640 0.981349 0.985730 0.949797 0.904828 0.862064 0.975759 0.861216 0.924838 0.866521
0.891779 0.739615 0.480069 0.659940 0.833998 0.859209 0.614828 0.860597 0.700971 0.964483 0.954484 0.736983 0.762404 0.839669 0.754360 0.866016 0.807425 0.773375 0.989820 0.757832 0.766605 0.728806 0.675779 0.798776 0.508353 0.000000 0.872264 0.723410 0.807071 0.890424 0.671313 0.861679 0.878286 0.851966 0.661119 0.900708 0.798769 0.974741 0.700758 0.918347 0.957189 0.877379 0.821312 0.855330 0.851888 0.926278 0.749870 0.842778 0.918464 0.938234 0.890171 0.835933 0.806272 0.889243 0.870109 0.996562 0.764513 0.703888 0.769909 0.999706 0.669658 0.998289 0.985305 0.792540 0.502840 0.635559 0.698983 0.704447 0.919879 0.879035 0.972388 0.999617 0.926175 0.762930 0.847355 0.951838 0.950349 0.990805 0.990330 0.896290 0.825986 0.856945 0.983538 0.905656 0.665028 0.731578 0.868260 0.987219 0.731676 0.867023 0.988643 0.993771 0.905461 0.894951 0.955259 0.992584 0.942074 0.979481 0.883501 0.940240 0.854207 0.964442 0.994012 0.831090 0.878354 0.669791 0.924718 0.924402 0.895013 0.930715 0.974122 0.817242 0.917035 0.938090 0.920382 0.801771
0.994871 0.937579 0.885229 0.969850 0.788382 0.928960 0.995028 0.902624 0.994422 0.950591 0.897050 0.921213 0.905755 0.987162 0.813471 0.949462 0.910084 0.819165 0.945634 0.923230 0.728773 0.928860 0.891044 0.992875 0.792022 0.872264 0.000000 0.995209 0.901849 0.816561 0.877779 0.991588 0.909985 0.839923 0.955550 0.850298 0.904232 0.932509 0.898427 0.911628 0.961443 0.953280 0.939623 0.784048 0.810455 0.889689 0.941451 0.848546 0.947312 0.769565 0.945485 0.882509 0.939943 0.995800 0.942194 0.944704 0.904831 0.955828 0.999331 0.999861 0.927946 0.944512 0.990729 0.991469 0.772985 0.764583 0.852521 0.896807 0.990979 0.846324 0.996840 0.979699 0.994733 0.931805 0.903154 0.971436 0.971953 0.995820 0.889237 0.989699 0.942401 0.971975 0.834379 0.994632 0.952161 0.756478 0.923709 0.921917 0.945042 0.931053 0.869408 0.911571 0.853939 0.997812 0.987388 0.883469 0.850699 0.993589 0.892458 0.953117 0.983652 0.887641 0.972119 0.845811 0.959916 0.964491 0.930372 0.960758 0.903007 0.919151 0.903980 0.903505 0.893418 0.988374 0.885909 0.897822
0.875355 0.801686 0.871689 0.982046 0.975177 0.905473 0.999574 0.877344 0.804355 0.913807 0.851354 0.787857 0.992249 0.729081 0.980269 0.895355 0.811813 0.791163 0.814090 0.703545 0.968309 0.826427 0.958954 0.902380 0.829491 0.723410 0.995209 0.000000 0.803925 0.775453 0.922845 0.942665 0.957711 0.909088 0.804849 0.939766 0.902854 0.977155 0.963432 0.937048 0.927379 0.885587 0.972986 0.903566 0.977308 0.983122 0.908619 0.944090 0.950361 0.907554 0.868749 0.790437 0.879024 0.953115 0.910877 0.944049 0.800919 0.800971 0.825970 0.887674 0.863766 0.962935 0.926088 0.961853 0.865581 0.966645 0.920148 0.927173 0.830208 0.937361 0.858058 0.959304 0.754381 0.750046 0.939352 0.994088 0.971157 0.897674 0.926246 0.749335 0.813012 0.761137 0.832461 0.852586 0.949755 0.915966 0.953116 0.810124 0.868377 0.654225 0.963676 0.911212 0.955605 0.998845 0.932186 0.949425 0.968840 0.920433 0.857512 0.783335 0.888893 0.886848 0.972874 0.878026 0.995659 0.864291 0.988834 0.932484 0.975307 0.903301 0.949642 0.873678 0.897855 0.918747 0.966594 0.889928
0.700659 0.674659 0.985510 0.981105 0.886256 0.963361 0.875447 0.845999 0.915429 0.787631 0.664185 0.745129 0.891136 0.664659 0.717353 0.739760 0.514196 0.457025 0.608777 0.570999 0.966873 0.892166 0.821870 0.786918 0.976192 0.807071 0.901849 0.803925 0.000000 0.494693 0.829140 0.681537 0.693459 0.689875 0.896742 0.974731 0.957102 0.933861 0.918321 0.920179 0.874887 0.865027 0.612193 0.604762 0.762441 0.739587 0.828839 0.693532 0.904554 0.876348 0.950006 0.957438 0.896115 0.821471 0.986443 0.969598 0.570324 0.601818 0.977718 0.893249 0.963383 0.868981 0.672316 0.706073 0.904979 0.942071 0.903803 0.922243 0.731462 0.766490 0.888183 0.943809 0.825909 0.774950 0.868193 0.840486 0.862073 0.661011 0.669620 0.676822 0.500468 0.521434 0.640972 0.690890 0.864690 0.751804 0.950204 0.767297 0.829976 0.878002 0.946364 0.893093 0.955804 0.870909 0.944383 0.774547 0.893042 0.952431 0.717566 0.682453 0.865139 0.891621 0.820923 0.796532 0.998370 0.879851 0.969470 0.980678 0.909859 0.849660 0.769079 0.877945 0.741864 0.974695 0.925946 0.920214
0.754486 0.600981 0.963043 0.826690 0.982427 0.989933 0.802963 0.701147 0.821118 0.724611 0.653186 0.623684 0.820702 0.539758 0.722166 0.536047 0.486362 0.410272 0.554034 0.537215 0.845719 0.965714 0.692529 0.647856 0.844689 0.890424 0.816561 0.775453 0.494693 0.000000 0.753313 0.605389 0.678937 0.651828 0.812160 0.993387 0.913070 0.895754 0.982378 0.982250 0.930239 0.800076 0.608830 0.527942 0.935926 0.848289 0.874059 0.660581 0.957066 0.995439 0.857775 0.844621 0.828923 0.867937 0.813123 0.848947 0.515241 0.579877 0.927301 0.832416 0.991048 0.931009 0.600641 0.597428 0.948551 0.997334 0.989227 0.960998 0.802190 0.850885 0.698333 0.818880 0.773321 0.745267 0.868355 0.994676 0.852285 0.718030 0.675753 0.663862 0.492879 0.468456 0.624350 0.693223 0.910551 0.718005 0.969746 0.718856 0.859156 0.827248 0.983382 0.910300 0.915207 0.933620 0.964645 0.798537 0.988781 0.940443 0.864704 0.718374 0.937506 0.966914 0.787651 0.679206 0.994346 0.918368 0.968203 0.924363 0.849298 0.844462 0.853246 0.966882 0.751362 0.961958 0.980431 0.854942
0.865156 0.914888 0.504520 0.513218 0.866981 0.874814 0.452069 0.654554 0.805299 0.660009 0.806184 0.979943 0.831303 0.858584 0.734968 0.782915 0.787493 0.839008 0.608240 0.876829 0.890658 0.874561 0.483348 0.613545 0.541485 0.671313 0.877779 0.922845 0.829140 0.753313 0.000000 0.617562 0.606344 0.544141 0.714366 0.987020 0.800896 0.937122 0.658302 0.968868 0.879152 0.896977 0.603577 0.669925 0.792960 0.847886 0.734881 0.782213 0.876887 0.982805 0.990543 0.978773 0.890871 0.919800 0.833512 0.892814 0.888699 0.971085 0.786711 0.897834 0.750925 0.873433 0.694588 0.926212 0.634156 0.786241 0.627263 0.725325 0.958657 0.973597 0.696739 0.793565 0.874798 0.912756 0.805438 0.855495 0.699828 0.755920 0.764081 0.826854 0.826375 0.778364 0.874119 0.985886 0.653433 0.610595 0.930299 0.972655 0.933555 0.972761 0.865319 0.800446 0.841447 0.772024 0.921269 0.956595 0.917393 0.964954 0.929056 0.855280 0.984861 0.716460 0.928714 0.967604 0.913061 0.784921 0.968733 0.901789 0.992080 0.977562 0.976332 0.922861 0.866828 0.970310 0.929511 0.835072
0.844030 0.825423 0.689355 0.637354 0.926938 0.977820 0.555227 0.684622 0.996337 0.699145 0.747717 0.903590 0.918246 0.708297 0.755152 0.695747 0.625678 0.646878 0.495607 0.656375 0.879021 0.958229 0.516291 0.505031 0.722877 0.861679 0.991588 0.942665 0.681537 0.605389 0.617562 0.000000 0.627768 0.612058 0.963309 0.886866 0.880611 0.966881 0.899437 0.920651 0.907864 0.979941 0.562749 0.677817 0.934994 0.919188 0.793013 0.762224 0.797689 0.857652 0.846651 0.804952 0.954414 0.968723 0.944592 0.841616 0.678535 0.797129 0.959071 0.689086 0.971671 0.730920 0.576042 0.839837 0.867892 0.993678 0.768348 0.899625 0.986661 0.952524 0.671566 0.709198 0.791034 0.733125 0.881662 0.855229 0.720827 0.722273 0.670167 0.722540 0.680263 0.627347 0.768834 0.904088 0.679691 0.639157 0.893064 0.868770 0.775697 0.948153 0.897666 0.782905 0.911566 0.888950 0.916339 0.762892 0.926922 0.931424 0.869686 0.635514 0.991847 0.811684 0.850294 0.762581 0.965221 0.937281 0.923813 0.969200 0.984059 0.918915 0.803485 0.886993 0.856156 0.988299 0.951730 0.882825
0.524886 0.577069 0.648268 0.652092 0.749134 0.911182 0.547201 0.668451 0.947325 0.740317 0.598006 0.725288 0.761485 0.793070 0.753534 0.875224 0.561402 0.577350 0.483459 0.649377 0.841208 0.975554 0.655069 0.766933 0.693216 0.878286 0.909985 0.957711 0.693459 0.678937 0.606344 0.627768 0.000000 0.399838 0.767724 0.838202 0.787157 0.831665 0.899615 0.990184 0.744966 0.853993 0.637614 0.594171 0.659087 0.734984 0.778264 0.684417 0.935736 0.885925 0.949512 0.997336 0.964643 0.898646 0.888153 0.989729 0.562732 0.629324 0.660600 0.912412 0.637385 0.972180 0.490782 0.662970 0.799445 0.804260 0.494695 0.521201 0.750482 0.741733 0.681192 0.743174 0.796957 0.882922 0.854565 0.925748 0.634029 0.607041 0.667908 0.757673 0.611202 0.569269 0.849306 0.853255 0.678299 0.561763 0.970164 0.955009 0.894953 0.903357 0.814441 0.696093 0.751172 0.787500 0.948150 0.801324 0.878143 0.973722 0.694037 0.725715 0.978609 0.813643 0.791574 0.804889 0.769190 0.808124 0.992999 0.945366 0.973654 0.868997 0.725418 0.870889 0.833920 0.980689 0.914775 0.968719
0.607300 0.593686 0.655025 0.654898 0.761089 0.894482 0.542688 0.633071 0.966494 0.641599 0.568780 0.800253 0.807406 0.813477 0.805173 0.858338 0.587385 0.589883 0.480648 0.638231 0.802474 0.933886 0.654030 0.781957 0.690884 0.851966 0.839923 0.909088 0.689875 0.651828 0.544141 0.612058 0.399838 0.000000 0.745725 0.837351 0.766940 0.951853 0.876119 0.988721 0.801753 0.877841 0.613254 0.542269 0.605521 0.694768 0.748571 0.651365 0.985242 0.864105 0.988586 0.996086 0.899212 0.917215 0.905640 0.998191 0.584093 0.676088 0.702932 0.965780 0.710130 0.947244 0.546347 0.739056 0.805380 0.808574 0.503034 0.523758 0.728795 0.721285 0.625942 0.790414 0.716253 0.839085 0.856691 0.838642 0.635527 0.606624 0.638837 0.757998 0.609188 0.615918 0.844170 0.866500 0.714767 0.607671 0.994255 0.962689 0.855273 0.895291 0.714332 0.650951 0.730789 0.717618 0.944673 0.824682 0.849840 0.934362 0.642406 0.706376 0.979324 0.732281 0.786845 0.810915 0.810705 0.795577 0.991008 0.898283 0.963117 0.882374 0.718133 0.791740 0.673624 0.987942 0.898292 0.843820
0.941828 0.974333 0.671624 0.787986 0.847494 0.829196 0.745697 0.888588 0.768731 0.893060 0.918686 0.822905 0.986638 0.737241 0.929967 0.877644 0.943274 0.889687 0.944795 0.854515 0.922927 0.960837 0.880487 0.959240 0.733260 0.661119 0.955550 0.804849 0.896742 0.812160 0.714366 0.963309 0.767724 0.745725 0.000000 0.958361 0.789445 0.988943 0.811879 0.892535 0.868999 0.997369 0.972207 0.987268 0.735766 0.854764 0.889398 0.939639 0.988595 0.803549 0.847154 0.796654 0.825455 0.899954 0.680959 0.999303 0.940120 0.966779 0.609423 0.789311 0.593952 0.865988 0.972053 0.996754 0.666068 0.637260 0.566126 0.551883 0.909321 0.916655 0.984134 0.904806 0.976849 0.872321 0.899141 0.980127 0.903935 0.942697 0.975367 0.894846 0.949725 0.939132 0.959496 0.966469 0.787805 0.751844 0.984924 0.898188 0.887866 0.740334 0.853948 0.809305 0.734841 0.776819 0.838659 0.832888 0.770631 0.879903 0.958767 0.989541 0.910002 0.836503 0.931272 0.797845 0.849447 0.752481 0.953286 0.879930 0.995198 0.902620 0.950976 0.909719 0.880225 0.852570 0.914552 0.973544
0.957559 0.900374 0.951844 0.976824 0.862888 0.899009 0.995115 0.998089 0.903063 0.959120 0.980635 0.996241 0.946126 0.983079 0.896325 0.898161 0.943470 0.945296 0.926362 0.883660 0.998109 0.959841 0.921907 0.996166 0.959565 0.900708 0.850298 0.939766 0.974731 0.993387 0.987020 0.886866 0.838202 0.837351 0.958361 0.000000 0.843582 0.914887 0.980534 0.809769 0.933725 0.935957 0.992650 0.975030 0.898302 0.986435 0.822558 0.969735 0.899853 0.958869 0.925562 0.968680 0.894328 0.998231 0.969534 0.988053 0.883612 0.922896 0.995575 0.952919 0.931056 0.928734 0.989768 0.990952 0.939313 0.878815 0.848644 0.823710 0.992915 0.885772 0.831367 0.957762 0.963163 0.929818 0.880319 0.931211 0.928944 0.941185 0.830658 0.899259 0.965452 0.951279 0.797845 0.993452 0.993678 0.911678 0.884233 0.956678 0.998365 0.854463 0.922675 0.901322 0.963651 0.967679 0.969421 0.851696 0.970386 0.991330 0.983677 0.985232 0.907764 0.960286 0.855184 0.996765 0.889637 0.993162 0.988987 0.935731 0.958726 0.971971 0.902584 0.897484 0.916710 0.935973 0.960552 0.968741
0.767590 0.808727 0.839337 0.647632 0.929655 0.848200 0.762081 0.697421 0.879781 0.640284 0.973026 0.851154 0.919730 0.997577 0.957801 0.795471 0.865162 0.893636 0.809322 0.791607 0.983009 0.988706 0.821954 0.855178 0.874254 0.798769 0.904232 0.902854 0.957102 0.913070 0.800896 0.880611 0.787157 0.766940 0.789445 0.843582 0.000000 0.698807 0.930778 0.953290 0.776851 0.951229 0.809322 0.817916 0.965556 0.979262 0.975289 0.903882 0.949902 0.983090 0.833471 0.982787 0.944401 0.941267 0.974423 0.897551 0.790041 0.828743 0.796580 0.932623 0.743954 0.810344 0.795258 0.753911 0.910184 0.802974 0.860691 0.866578 0.791416 0.869032 0.649202 0.717038 0.779525 0.843830 0.771805 0.958929 0.817386 0.858561 0.818502 0.923919 0.795526 0.859995 0.933017 0.811264 0.972327 0.783094 0.962297 0.939532 0.978082 0.991647 0.820367 0.769027 0.754744 0.896589 0.924685 0.990750 0.844990 0.875142 0.802045 0.831331 0.975561 0.866525 0.891532 0.858048 0.776139 0.850833 0.993239 0.826995 0.841135 0.907467 0.861291 0.828332 0.942812 0.986690 0.945438 0.984018
0.748792 0.715336 0.977898 0.800632 0.925681 0.840493 0.970646 0.894496 0.978388 0.888282 0.907095 0.866346 0.929205 0.975922 0.957869 0.931163 0.892947 0.904612 0.954765 0.882202 0.998730 0.925346 0.944669 0.923861 0.885327 0.974741 0.932509 0.977155 0.933861 0.895754 0.937122 0.966881 0.831665 0.951853 0.988943 0.914887 0.698807 0.000000 0.912584 0.907721 0.810127 0.955214 0.901891 0.888813 0.947893 0.944609 0.991012 0.987574 0.841197 0.809870 0.771814 0.819308 0.888321 0.872024 0.888981 0.950204 0.808182 0.786171 0.841692 0.875279 0.847621 0.759403 0.869468 0.748321 0.954442 0.857901 0.988627 0.954645 0.842859 0.900963 0.781899 0.712596 0.904431 0.851341 0.775394 0.967523 0.809830 0.861214 0.973193 0.944497 0.960690 0.966497 0.997003 0.850972 0.995221 0.837216 0.955959 0.980329 0.956685 0.798514 0.933172 0.944519 0.938084 0.943409 0.981980 0.936345 0.955487 0.935474 0.921715 0.992372 0.954536 0.808307 0.957082 0.824206 0.843902 0.841405 0.894059 0.873459 0.824217 0.922825 0.958042 0.989826 0.849201 0.883281 0.897307 0.797217
