0.000000 0.408793 0.593752 0.648054 0.939043 0.671004 0.748219 0.663230 0.766252 0.744796 0.487500 0.620783 0.896549 0.856332 0.837206 0.911481 0.488785 0.392482 0.861260 0.720254 0.958819 0.997987 0.938398 0.925676 0.710928 0.701734 0.962908 0.820471 0.544582 0.582773 0.882690 0.994868 0.848787 0.697559 0.986322 0.970950 0.999758 0.829558 0.853638 0.957525 0.657276 0.690309 0.977094 0.788292 0.769452 0.600390 0.666595 0.622171 0.580843 0.633314 0.657123 0.677002 0.810470 0.917343 0.680629 0.770267 0.369022 0.408058 0.459843 0.476956 0.633000 0.904656 0.428472 0.400466 0.768253 0.663915 0.878505 0.950463 0.567102 0.534012 0.600908 0.609594 0.983580 0.987570 0.845061 0.915066 0.814337 0.837252 0.588707 0.708689 0.336881 0.400995 0.597793 0.421012 0.707562 0.862807 0.880725 0.680784 0.843899 0.676117 0.476054 0.503588 0.461437 0.490490 0.869306 0.791592 0.906845 0.909997 0.875673 0.804024 0.757576 0.795926 0.976208 0.735126 0.947021 0.988866 0.982454 0.942176 0.896303 0.899540 0.840989 0.991147 0.921701 0.854538 0.877953 0.843592
0.408793 0.000000 0.610719 0.738520 0.863635 0.735563 0.716013 0.689738 0.629695 0.533419 0.648718 0.652665 0.977783 0.896562 0.873480 0.925644 0.542354 0.445771 0.975372 0.875070 0.945747 0.958317 0.911257 0.923050 0.872819 0.833749 0.940698 0.708884 0.653810 0.714367 0.868820 0.915288 0.819074 0.779908 0.912176 0.876194 0.906771 0.924643 0.995205 0.817998 0.637245 0.657574 0.929042 0.705692 0.733949 0.560398 0.546072 0.580605 0.623930 0.628425 0.602694 0.594203 0.758534 0.921547 0.609501 0.762231 0.340873 0.351579 0.423567 0.464118 0.752709 0.924265 0.441638 0.435725 0.825452 0.758688 0.950713 0.760626 0.574468 0.518555 0.606108 0.582375 0.945853 0.974463 0.854094 0.971601 0.828214 0.941086 0.637697 0.643468 0.385942 0.409233 0.534336 0.400135 0.667324 0.693857 0.815404 0.693790 0.981751 0.660723 0.542411 0.537507 0.588948 0.524393 0.844560 0.797838 0.929167 0.813567 0.817643 0.777312 0.874332 0.804928 0.995569 0.826452 0.965934 0.953910 0.940983 0.908212 0.971827 0.870800 0.776314 0.966363 0.932406 0.848230 0.769006 0.783800
0.593752 0.610719 0.000000 0.414779 0.946267 0.763435 0.473676 0.477588 0.600686 0.745434 0.707779 0.857842 0.706455 0.833972 0.872655 0.677365 0.510251 0.498567 0.853796 0.906414 0.966079 0.921477 0.608088 0.568270 0.482592 0.638986 0.974865 0.940807 0.694013 0.689682 0.618978 0.729265 0.804533 0.989067 0.855221 0.869550 0.897929 0.895499 0.698300 0.921100 0.704273 0.902252 0.686175 0.873348 0.926510 0.863737 0.865711 0.978016 0.792582 0.917271 0.919608 0.980375 0.834991 0.733266 0.856185 0.998002 0.604141 0.437765 0.484547 0.528398 0.833156 0.860108 0.449225 0.477380 0.479716 0.572026 0.661731 0.979424 0.720192 0.666913 0.563529 0.549891 0.994040 0.962675 0.958783 0.878901 0.668347 0.674444 0.784729 0.828463 0.509990 0.608606 0.767120 0.651114 0.961349 0.840608 0.978200 0.878216 0.793626 0.972810 0.516845 0.512116 0.502151 0.486938 0.952890 0.748759 0.812915 0.771132 0.664696 0.578867 0.782468 0.668220 0.939972 0.734977 0.755777 0.931650 0.745162 0.838143 0.914647 0.982380 0.799322 0.991252 0.886117 0.841954 0.981971 0.879977
0.648054 0.738520 0.414779 0.000000 0.836352 0.816873 0.564744 0.349226 0.704676 0.799522 0.700168 0.726999 0.914998 0.961646 0.905397 0.792416 0.538782 0.533390 0.960632 0.931682 0.943606 0.983974 0.771869 0.643532 0.461270 0.548849 0.961918 0.984879 0.538733 0.622817 0.706537 0.694375 0.986666 0.896067 0.987754 0.899596 0.848336 0.947037 0.682641 0.837993 0.750346 0.924141 0.711911 0.804042 0.928332 0.860531 0.856532 0.975700 0.830336 0.987679 0.929627 0.977978 0.832987 0.787533 0.880295 0.972795 0.722746 0.551100 0.565978 0.620223 0.631264 0.901804 0.483048 0.486691 0.615652 0.671559 0.698176 0.954632 0.844982 0.793790 0.619549 0.581611 0.937800 0.910040 0.920718 0.967014 0.630413 0.716503 0.819386 0.867921 0.590531 0.675757 0.699758 0.705739 0.936501 0.873254 0.929647 0.850394 0.929084 0.950362 0.562320 0.530102 0.526509 0.532501 0.994037 0.808836 0.819571 0.758292 0.870328 0.732319 0.795432 0.730585 0.979582 0.747484 0.725455 0.860667 0.739653 0.836219 0.841173 0.949490 0.906034 0.829623 0.814061 0.955957 0.973176 0.825011
0.939043 0.863635 0.946267 0.836352 0.000000 0.863217 0.771570 0.939734 0.743410 0.787341 0.948821 0.842759 0.665456 0.792390 0.734756 0.703816 0.993847 0.996836 0.753124 0.909481 0.780291 0.978195 0.684557 0.768462 0.959309 0.814152 0.979896 0.865798 0.907458 0.944639 0.970546 0.957302 0.890943 0.956733 0.941192 0.994141 0.793160 0.823001 0.777447 0.743524 0.982354 0.870947 0.897996 0.741625 0.976218 0.810961 0.869905 0.881350 0.843363 0.806566 0.850075 0.924228 0.920567 0.981879 0.912457 0.965735 0.786813 0.872184 0.934577 0.870625 0.699015 0.727532 0.972863 0.984408 0.782356 0.787003 0.952145 0.844896 0.773682 0.704032 0.868165 0.932746 0.980956 0.952869 0.947544 0.964554 0.901035 0.997223 0.940130 0.923885 0.849064 0.940570 0.915025 0.865238 0.743931 0.943429 0.817935 0.834838 0.987084 0.961804 0.752246 0.805244 0.869833 0.819642 0.926235 0.975101 0.891013 0.813689 0.813709 0.691235 0.947118 0.838078 0.884953 0.922366 0.958202 0.992980 0.993635 0.841697 0.981441 0.816563 0.908249 0.921061 0.997849 0.934880 0.942080 0.876129
0.671004 0.735563 0.763435 0.816873 0.863217 0.000000 0.839588 0.896642 0.942903 0.951692 0.782684 0.836534 0.849982 0.965076 0.911417 0.717227 0.823252 0.813905 0.891005 0.863875 0.806015 0.883631 0.852344 0.790452 0.609784 0.626491 0.952253 0.816627 0.770543 0.727010 0.894762 0.977451 0.906325 0.949734 0.762520 0.841049 0.923748 0.965298 0.764362 0.850393 0.987978 0.934456 0.964878 0.766018 0.805230 0.625468 0.898862 0.638788 0.605474 0.570369 0.727600 0.813029 0.828516 0.864733 0.756482 0.927547 0.620493 0.739388 0.737872 0.594500 0.946629 0.939279 0.756494 0.737718 0.627462 0.531531 0.624318 0.745963 0.609554 0.587684 0.733200 0.924089 0.959791 0.921450 0.983157 0.952361 0.809785 0.786138 0.799717 0.811752 0.643274 0.752637 0.991038 0.812192 0.907867 0.760374 0.852217 0.999348 0.987882 0.869718 0.583477 0.632802 0.560797 0.609833 0.955228 0.813122 0.905493 0.969768 0.881720 0.801725 0.808413 0.928497 0.854744 0.740463 0.739261 0.846712 0.845376 0.935231 0.939298 0.933645 0.990894 0.878332 0.751249 0.917463 0.913227 0.739620
0.748219 0.716013 0.473676 0.564744 0.771570 0.839588 0.000000 0.452392 0.562462 0.542987 0.902655 0.891308 0.515248 0.807222 0.729569 0.639525 0.742171 0.732742 0.536008 0.802656 0.764699 0.881600 0.476735 0.608024 0.733243 0.982082 0.892008 0.870478 0.925735 0.985713 0.703073 0.599662 0.733655 0.918327 0.970677 0.978059 0.830120 0.931073 0.984029 0.820329 0.815438 0.846167 0.941097 0.929470 0.968429 0.776218 0.705870 0.914433 0.758533 0.901023 0.786867 0.866571 0.923026 0.915287 0.874553 0.900105 0.665907 0.564488 0.567482 0.634628 0.918009 0.836772 0.699294 0.715689 0.589968 0.821227 0.848589 0.714307 0.723734 0.667516 0.708243 0.601090 0.907189 0.973478 0.845428 0.945234 0.806599 0.796636 0.782802 0.909688 0.716125 0.775428 0.808321 0.736916 0.811683 0.970707 0.928903 0.909758 0.764126 0.960095 0.515513 0.538709 0.584403 0.561581 0.975636 0.884984 0.916221 0.951797 0.747339 0.599806 0.815912 0.571181 0.827893 0.703620 0.839344 0.983584 0.781453 0.862955 0.849327 0.939076 0.875640 0.990672 0.871562 0.839641 0.875047 0.973073
0.663230 0.689738 0.477588 0.349226 0.939734 0.896642 0.452392 0.000000 0.679860 0.575500 0.816216 0.845764 0.888733 0.977098 0.866111 0.885106 0.684877 0.638255 0.779016 0.881636 0.843668 0.961089 0.825547 0.751334 0.663658 0.780753 0.901485 0.904904 0.716700 0.827808 0.832661 0.655163 0.986417 0.980311 0.848079 0.967786 0.950946 0.930458 0.849196 0.996119 0.760291 0.921560 0.981279 0.971703 0.726062 0.683262 0.706720 0.837009 0.671070 0.873250 0.724627 0.819018 0.997416 0.982515 0.879233 0.883565 0.676400 0.544581 0.575087 0.675689 0.778266 0.980935 0.609113 0.610167 0.779680 0.784129 0.877337 0.845773 0.775347 0.694825 0.692317 0.544009 0.953406 0.922204 0.826035 0.942986 0.788554 0.816935 0.752372 0.875801 0.662387 0.714606 0.572843 0.636025 0.853675 0.913847 0.813965 0.891824 0.966716 0.948083 0.568020 0.568866 0.576207 0.558261 0.940997 0.897390 0.785257 0.859880 0.947871 0.793405 0.778801 0.719607 0.982726 0.690598 0.953262 0.907097 0.780956 0.849657 0.897916 0.965686 0.858313 0.845696 0.962959 0.872771 0.881625 0.959831
0.766252 0.629695 0.600686 0.704676 0.743410 0.942903 0.562462 0.679860 0.000000 0.474657 0.882033 0.959915 0.599330 0.783404 0.770490 0.570020 0.719592 0.614486 0.582265 0.841756 0.871334 0.974756 0.543429 0.635459 0.876257 0.914535 0.933410 0.809646 0.882446 0.945598 0.626745 0.723826 0.933409 0.921186 0.896043 0.926941 0.911734 0.972524 0.939459 0.830199 0.732411 0.820589 0.811060 0.942611 0.826661 0.968658 0.772501 0.858988 0.985534 0.888555 0.990173 0.919416 0.747268 0.566184 0.818341 0.932352 0.607054 0.514987 0.641699 0.633476 0.951836 0.770756 0.623533 0.653537 0.655410 0.894142 0.868883 0.684347 0.772665 0.734946 0.590806 0.650683 0.994417 0.980969 0.814654 0.903976 0.690576 0.771158 0.847648 0.875025 0.667587 0.681651 0.837602 0.619151 0.907414 0.912192 0.957164 0.984539 0.850480 0.944066 0.565582 0.543148 0.692473 0.591791 0.994655 0.867669 0.947972 0.921850 0.637633 0.540500 0.937937 0.574760 0.910902 0.939313 0.987605 0.964164 0.800271 0.802470 0.858080 0.842979 0.886423 0.798872 0.759374 0.884935 0.914963 0.781055
0.744796 0.533419 0.745434 0.799522 0.787341 0.951692 0.542987 0.575500 0.474657 0.000000 0.987258 0.916569 0.774212 0.956152 0.997752 0.854894 0.864226 0.740363 0.561143 0.874005 0.719921 0.917447 0.792556 0.920163 0.891519 0.858612 0.900510 0.656763 0.985845 0.862125 0.857354 0.750556 0.921623 0.974417 0.821493 0.894097 0.751379 0.897880 0.834826 0.699791 0.830022 0.782257 0.792891 0.718342 0.787298 0.664716 0.518813 0.687919 0.771149 0.831748 0.644072 0.699256 0.928230 0.938525 0.747528 0.809446 0.519709 0.522078 0.644376 0.728376 0.980921 0.784998 0.734268 0.749583 0.991064 0.942581 0.852214 0.579040 0.735224 0.638552 0.660574 0.658137 0.800080 0.902233 0.944847 0.957308 0.850767 0.907650 0.790626 0.797083 0.699350 0.686963 0.643821 0.555359 0.777330 0.561038 0.854131 0.943162 0.907025 0.807442 0.620441 0.593569 0.747483 0.619048 0.967554 0.900838 0.895273 0.956206 0.845348 0.755132 0.900556 0.705798 0.884863 0.851600 0.850813 0.935075 0.930532 0.840253 0.928838 0.939266 0.844563 0.990214 0.922048 0.850147 0.695498 0.977037
0.487500 0.648718 0.707779 0.700168 0.948821 0.782684 0.902655 0.816216 0.882033 0.987258 0.000000 0.561395 0.803026 0.830747 0.853119 0.969908 0.490702 0.411765 0.752857 0.751439 0.889806 0.978740 0.921596 0.978723 0.650221 0.619706 0.963673 0.974173 0.477638 0.444796 0.957406 0.960510 0.756620 0.653679 0.900388 0.934142 0.856986 0.900894 0.843733 0.925344 0.753003 0.811976 0.709899 0.970299 0.979685 0.889123 0.969859 0.882795 0.866970 0.887397 0.895506 0.947255 0.968071 0.809503 0.831217 0.853200 0.595675 0.559893 0.623561 0.567979 0.507438 0.681915 0.466543 0.408600 0.738350 0.755745 0.944687 0.988494 0.661477 0.703223 0.696678 0.694542 0.969302 0.950513 0.925451 0.890231 0.714646 0.799565 0.705615 0.786900 0.495853 0.445147 0.756403 0.553874 0.875685 0.990290 0.960929 0.693490 0.860521 0.805793 0.563552 0.533016 0.533984 0.530798 0.895283 0.850724 0.925300 0.894758 0.761131 0.750263 0.856163 0.882722 0.960938 0.821476 0.869552 0.998329 0.855211 0.779766 0.831924 0.869587 0.838209 0.883278 0.860286 0.926468 0.960802 0.956255
0.620783 0.652665 0.857842 0.726999 0.842759 0.836534 0.891308 0.845764 0.959915 0.916569 0.561395 0.000000 0.799857 0.658430 0.836655 0.875513 0.590981 0.566105 0.871372 0.798280 0.813653 0.965777 0.989304 0.914600 0.823434 0.752383 0.973445 0.948330 0.518518 0.664485 0.928208 0.887304 0.701817 0.711954 0.866288 0.911828 0.982016 0.937676 0.907884 0.968346 0.837083 0.796939 0.827446 0.993365 0.901183 0.866458 0.796790 0.913238 0.895097 0.858542 0.839364 0.867619 0.951679 0.944104 0.834444 0.827989 0.660647 0.686159 0.652714 0.714319 0.572883 0.574346 0.581316 0.543493 0.864618 0.960488 0.958276 0.918143 0.814340 0.816351 0.746649 0.796209 0.899456 0.885734 0.828787 0.903967 0.765864 0.852561 0.792813 0.844559 0.661257 0.571590 0.731458 0.629757 0.816037 0.881671 0.970594 0.745625 0.927915 0.721475 0.705317 0.662131 0.664666 0.664894 0.961917 0.850279 0.919061 0.806144 0.862542 0.920823 0.972274 0.972524 0.908686 0.905292 0.895638 0.930403 0.936697 0.818552 0.910222 0.987879 0.772017 0.975788 0.700264 0.965281 0.912238 0.876731
0.896549 0.977783 0.706455 0.914998 0.665456 0.849982 0.515248 0.888733 0.599330 0.774212 0.803026 0.799857 0.000000 0.515649 0.375056 0.381589 0.963446 0.967591 0.468360 0.619286 0.866606 0.918555 0.381863 0.513330 0.823121 0.919373 0.994473 0.967946 0.816862 0.815400 0.695706 0.685373 0.526695 0.685926 0.815725 0.880085 0.866351 0.941132 0.952155 0.921829 0.953003 0.973017 0.817580 0.858446 0.662668 0.879061 0.959988 0.970242 0.909591 0.890432 0.867017 0.811489 0.716996 0.787592 0.935878 0.846451 0.954079 0.847695 0.865683 0.777535 0.597231 0.650370 0.945632 0.988873 0.538720 0.835793 0.784266 0.879697 0.889551 0.871911 0.826743 0.914405 0.966119 0.899021 0.922805 0.906273 0.812024 0.790250 0.943700 0.991091 0.946604 0.966048 0.844392 0.947611 0.571217 0.773889 0.785892 0.713635 0.706360 0.827925 0.758934 0.805842 0.827966 0.846470 0.953013 0.948534 0.995079 0.906414 0.684964 0.559855 0.881035 0.645703 0.925721 0.977903 0.784337 0.895892 0.925348 0.988075 0.899718 0.943531 0.968658 0.842543 0.836137 0.955980 0.859913 0.940939
0.856332 0.896562 0.833972 0.961646 0.792390 0.965076 0.807222 0.977098 0.783404 0.956152 0.830747 0.658430 0.515649 0.000000 0.508745 0.517818 0.906074 0.997318 0.701011 0.699087 0.863367 0.791516 0.521223 0.512734 0.855040 0.943099 0.914548 0.965896 0.806951 0.883967 0.813414 0.812633 0.584639 0.758120 0.700958 0.767542 0.873025 0.871319 0.953219 0.932610 0.945897 0.929150 0.829809 0.828259 0.674492 0.771830 0.960641 0.817855 0.794494 0.722498 0.817628 0.669201 0.731985 0.706783 0.984405 0.921160 0.931449 0.986002 0.914889 0.973596 0.763928 0.621186 0.984446 0.973359 0.665406 0.853725 0.821893 0.971494 0.947772 0.946862 0.993403 0.896304 0.985772 0.894253 0.811211 0.777560 0.867424 0.824000 0.885491 0.996985 0.955214 0.951267 0.744077 0.831413 0.644953 0.749995 0.843826 0.741016 0.809337 0.648053 0.975704 0.996924 0.991256 0.994200 0.976873 0.970795 0.983342 0.830533 0.914281 0.697933 0.947275 0.890339 0.903188 0.985242 0.729177 0.815920 0.910785 0.985530 0.994855 0.929090 0.864205 0.973528 0.996588 0.963475 0.829022 0.899214
0.837206 0.873480 0.872655 0.905397 0.734756 0.911417 0.729569 0.866111 0.770490 0.997752 0.853119 0.836655 0.375056 0.508745 0.000000 0.439843 0.976113 0.899812 0.609005 0.742981 0.902256 0.865817 0.396334 0.563975 0.868157 0.927072 0.827431 0.940181 0.730444 0.829067 0.773345 0.785895 0.536378 0.746991 0.715417 0.879918 0.909009 0.965489 0.998564 0.904318 0.966591 0.996039 0.782423 0.832510 0.563143 0.749030 0.881643 0.865587 0.771459 0.752986 0.752748 0.673665 0.682359 0.729057 0.889798 0.844866 0.936822 0.990675 0.982943 0.932289 0.635995 0.773076 0.934964 0.888745 0.549340 0.907031 0.751118 0.898782 0.930457 0.995896 0.967588 0.879306 0.998698 0.991806 0.823010 0.996260 0.915229 0.838621 0.872315 0.951729 0.914565 0.880788 0.631206 0.835920 0.464770 0.655163 0.677002 0.646286 0.754675 0.783307 0.914615 0.963934 0.956517 0.993616 0.880379 0.993942 0.912159 0.775977 0.800599 0.627390 0.980371 0.830554 0.891161 0.966196 0.725332 0.903458 0.924842 0.964628 0.977571 0.974053 0.974571 0.837096 0.851094 0.980087 0.778348 0.980029
0.911481 0.925644 0.677365 0.792416 0.703816 0.717227 0.639525 0.885106 0.570020 0.854894 0.969908 0.875513 0.381589 0.517818 0.439843 0.000000 0.781432 0.837679 0.685509 0.715022 0.975688 0.899323 0.396303 0.411209 0.638876 0.826366 0.873338 0.940704 0.997828 0.945359 0.646912 0.733213 0.608422 0.841782 0.712355 0.808973 0.960760 0.887590 0.947006 0.973138 0.952442 0.984757 0.687389 0.790480 0.651316 0.882450 0.949909 0.961108 0.909438 0.871612 0.810982 0.741093 0.645358 0.628365 0.949538 0.763722 0.835561 0.730988 0.771893 0.637204 0.864838 0.800854 0.773562 0.810850 0.430125 0.712425 0.653145 0.959581 0.761433 0.804139 0.733894 0.844464 0.930225 0.999119 0.791639 0.882633 0.698357 0.723697 0.962046 0.886234 0.761854 0.891312 0.815994 0.971586 0.605350 0.688134 0.821069 0.764849 0.874154 0.776119 0.632708 0.679540 0.675567 0.676378 0.989159 0.868052 0.983447 0.871442 0.676394 0.504452 0.836246 0.676371 0.953287 0.857736 0.695628 0.841656 0.981306 0.951433 0.882747 0.966447 0.933552 0.799748 0.721952 0.992840 0.779459 0.780643
0.488785 0.542354 0.510251 0.538782 0.993847 0.823252 0.742171 0.684877 0.719592 0.864226 0.490702 0.590981 0.963446 0.906074 0.976113 0.781432 0.000000 0.332780 0.914374 0.877802 0.946921 0.946615 0.718330 0.696977 0.541177 0.563146 0.925747 0.933105 0.547200 0.451347 0.761490 0.832019 0.952817 0.722544 0.924240 0.975356 0.949864 0.974771 0.847381 0.929952 0.687981 0.832373 0.633994 0.931033 0.938668 0.903482 0.861068 0.945221 0.929501 0.966159 0.935170 0.973342 0.832100 0.646534 0.796291 0.888643 0.535215 0.428120 0.514075 0.570961 0.568402 0.908053 0.324682 0.344764 0.559957 0.699237 0.803397 0.918743 0.642569 0.651172 0.606245 0.676826 0.995072 0.989172 0.933023 0.928476 0.706450 0.714400 0.675890 0.720869 0.386921 0.411652 0.738174 0.558148 0.937363 0.958610 0.946856 0.699842 0.930392 0.945493 0.546482 0.492350 0.487689 0.464047 0.858430 0.753252 0.956607 0.901909 0.737110 0.651087 0.796420 0.807087 0.992353 0.759985 0.780444 0.997750 0.794999 0.768849 0.911120 0.926116 0.921769 0.971671 0.813602 0.999213 0.995281 0.826499
0.392482 0.445771 0.498567 0.533390 0.996836 0.813905 0.732742 0.638255 0.614486 0.740363 0.411765 0.566105 0.967591 0.997318 0.899812 0.837679 0.332780 0.000000 0.904975 0.847496 0.871122 0.972843 0.809067 0.789671 0.602088 0.566317 0.944099 0.862556 0.492173 0.451044 0.808196 0.873211 0.842658 0.707672 0.949259 0.989111 0.965437 0.988249 0.859900 0.966752 0.616075 0.775257 0.681053 0.965708 0.987301 0.832464 0.753639 0.814534 0.847475 0.901028 0.857696 0.933419 0.934052 0.667327 0.682092 0.889251 0.415076 0.338400 0.452015 0.457467 0.480895 0.889635 0.276413 0.270107 0.628502 0.694698 0.879496 0.877685 0.588399 0.635861 0.520858 0.561753 0.936059 0.980606 0.903679 0.856411 0.665887 0.754297 0.621252 0.681192 0.331107 0.314179 0.617007 0.423406 0.810812 0.908075 0.874484 0.662854 0.928354 0.871413 0.474371 0.434668 0.457147 0.438219 0.847886 0.750343 0.927226 0.831834 0.698487 0.660933 0.780451 0.782103 0.956040 0.803892 0.896926 0.965279 0.735705 0.803288 0.852413 0.906979 0.852569 0.975690 0.793631 0.919640 0.910753 0.818331
0.861260 0.975372 0.853796 0.960632 0.753124 0.891005 0.536008 0.779016 0.582265 0.561143 0.752857 0.871372 0.468360 0.701011 0.609005 0.685509 0.914374 0.904975 0.000000 0.605412 0.711759 0.836003 0.561329 0.746705 0.837310 0.680227 0.936750 0.825195 0.719970 0.616149 0.806529 0.687656 0.785640 0.684819 0.934232 0.944815 0.725275 0.938395 0.746810 0.700798 0.971109 0.985423 0.949212 0.955620 0.880358 0.973780 0.792715 0.990398 0.940088 0.845208 0.936878 0.948962 0.824229 0.900865 0.915458 0.947890 0.958509 0.891032 0.906331 0.978335 0.655954 0.751020 0.915368 0.913486 0.865051 0.847481 0.963879 0.636075 0.984014 0.883243 0.885314 0.959753 0.844068 0.916510 0.865541 0.973721 0.934860 0.946148 0.992273 0.953421 0.930930 0.940356 0.944704 0.964659 0.759633 0.923527 0.991439 0.700437 0.761042 0.903803 0.827456 0.813921 0.932985 0.879175 0.933366 0.908146 0.999028 0.870957 0.887811 0.759366 0.983206 0.689304 0.933520 0.960656 0.967615 0.989980 0.930561 0.824860 0.962026 0.915316 0.992344 0.889007 0.938009 0.885698 0.965722 0.879115
0.720254 0.875070 0.906414 0.931682 0.909481 0.863875 0.802656 0.881636 0.841756 0.874005 0.751439 0.798280 0.619286 0.699087 0.742981 0.715022 0.877802 0.847496 0.605412 0.000000 0.783292 0.850989 0.758070 0.746935 0.993052 0.902748 0.935488 0.938124 0.785429 0.688591 0.932033 0.706370 0.832229 0.781114 0.954446 0.903791 0.863477 0.795370 0.835250 0.953598 0.899906 0.915113 0.957649 0.818962 0.858133 0.826166 0.998794 0.910948 0.852084 0.796349 0.894804 0.875926 0.860527 0.908477 0.984048 0.742512 0.839439 0.987169 0.975261 0.944997 0.824735 0.895783 0.925228 0.909675 0.915779 0.863383 0.944986 0.760813 0.947335 0.949125 0.948160 0.987274 0.986166 0.952479 0.970307 0.943636 0.966515 0.987908 0.790949 0.979130 0.861998 0.852987 0.877042 0.804218 0.868486 0.978850 0.949568 0.688008 0.818469 0.759062 0.965519 0.993364 0.940790 0.990463 0.944234 0.859884 0.955619 0.975560 0.906234 0.885946 0.921271 0.815202 0.973637 0.857323 0.930136 0.891057 0.919957 0.904547 0.969465 0.977626 0.870946 0.980701 0.985102 0.913297 0.952861 0.902234
0.958819 0.945747 0.966079 0.943606 0.780291 0.806015 0.764699 0.843668 0.871334 0.719921 0.889806 0.813653 0.866606 0.863367 0.902256 0.975688 0.946921 0.871122 0.711759 0.783292 0.000000 0.885517 0.806955 0.990798 0.822517 0.732660 0.916031 0.821950 0.846154 0.740494 0.938679 0.806015 0.923532 0.977003 0.933164 0.981748 0.769431 0.772212 0.773310 0.711780 0.970869 0.873110 0.778194 0.863946 0.887901 0.877671 0.858823 0.957647 0.930298 0.977486 0.876772 0.927468 0.976096 0.992129 0.924945 0.961651 0.983097 0.959625 0.973566 0.881343 0.735394 0.697297 0.883206 0.863291 0.967696 0.957966 0.841694 0.746333 0.953440 0.873432 0.932191 0.981961 0.734784 0.900023 0.940100 0.879044 0.928935 0.941289 0.911818 0.973616 0.941855 0.884065 0.958016 0.993448 0.908974 0.889124 0.966748 0.864320 0.979581 0.998565 0.982596 0.982069 0.901062 0.990507 0.918038 0.875019 0.989219 0.924166 0.991408 0.969839 0.954019 0.811772 0.968152 0.782221 0.907768 0.974746 0.976167 0.935569 0.920309 0.896300 0.937674 0.983154 0.907962 0.985392 0.868260 0.814241
0.997987 0.958317 0.921477 0.983974 0.978195 0.883631 0.881600 0.961089 0.974756 0.917447 0.978740 0.965777 0.918555 0.791516 0.865817 0.899323 0.946615 0.972843 0.836003 0.850989 0.885517 0.000000 0.911482 0.907307 0.998338 0.951277 0.977683 0.973828 0.922121 0.933111 0.961111 0.882190 0.930992 0.959698 0.902140 0.974218 0.841333 0.949888 0.979366 0.920541 0.992735 0.999477 0.880318 0.891900 0.878716 0.908680 0.845556 0.964936 0.920737 0.955538 0.851698 0.912329 0.827503 0.930234 0.861300 0.879984 0.957392 0.962513 0.938566 0.964601 0.970486 0.882940 0.971861 0.947374 0.962868 0.906939 0.977049 0.848018 0.889474 0.923468 0.991983 0.949655 0.940828 0.985378 0.936088 0.944089 0.954159 0.930458 0.914800 0.933455 0.957038 0.900853 0.969985 0.978572 0.995097 0.923594 0.924732 0.983528 0.958768 0.971480 0.929446 0.949908 0.931636 0.929282 0.886928 0.866193 0.951064 0.939090 0.894356 0.917174 0.959628 0.918316 0.988834 0.884411 0.882321 0.872800 0.937735 0.982383 0.919439 0.991090 0.988508 0.929108 0.958469 0.971437 0.967912 0.912892
0.938398 0.911257 0.608088 0.771869 0.684557 0.852344 0.476735 0.825547 0.543429 0.792556 0.921596 0.989304 0.381863 0.521223 0.396334 0.396303 0.718330 0.809067 0.561329 0.758070 0.806955 0.911482 0.000000 0.394486 0.687728 0.961247 0.820475 0.971041 0.985430 0.957591 0.658938 0.666799 0.584655 0.882818 0.711025 0.835206 0.912712 0.943511 0.995711 0.856517 0.943354 0.872819 0.691719 0.817392 0.619995 0.863790 0.970137 0.899807 0.864510 0.764034 0.831338 0.673605 0.600464 0.580696 0.981593 0.864228 0.848840 0.763151 0.833390 0.790495 0.818558 0.791469 0.791054 0.830985 0.380604 0.770161 0.703687 0.846042 0.833311 0.865522 0.827740 0.907749 0.930525 0.978461 0.815612 0.931475 0.715534 0.678106 0.976482 0.907363 0.815731 0.882684 0.774799 0.951304 0.464931 0.652993 0.772118 0.743875 0.766578 0.762426 0.640156 0.650075 0.714025 0.707977 0.953347 0.862907 0.985781 0.866878 0.705527 0.464489 0.866458 0.622093 0.875683 0.824343 0.642556 0.886550 0.903979 0.849953 0.880527 0.972970 0.992440 0.853181 0.724659 0.953024 0.849569 0.887417
0.925676 0.923050 0.568270 0.643532 0.768462 0.790452 0.608024 0.751334 0.635459 0.920163 0.978723 0.914600 0.513330 0.512734 0.563975 0.411209 0.696977 0.789671 0.746705 0.746935 0.990798 0.907307 0.394486 0.000000 0.546159 0.796430 0.756446 0.970331 0.901447 0.854600 0.688958 0.755523 0.689272 0.857746 0.728264 0.801080 0.950093 0.780455 0.826506 0.993899 0.953079 0.981487 0.727684 0.825900 0.755892 0.963116 0.966312 0.921166 0.991395 0.858654 0.837727 0.708501 0.674572 0.653018 0.994078 0.799253 0.896880 0.793430 0.838679 0.792064 0.916081 0.793552 0.768958 0.806455 0.401760 0.615699 0.579211 0.975648 0.845387 0.894088 0.796689 0.895953 0.915938 0.925040 0.806237 0.940131 0.787537 0.700381 0.963407 0.908843 0.798779 0.934251 0.823972 0.974898 0.550705 0.537766 0.834517 0.769976 0.736905 0.702283 0.689376 0.742046 0.738981 0.750279 0.990674 0.813761 0.922512 0.994445 0.821245 0.591862 0.905917 0.738272 0.759691 0.791748 0.687119 0.733576 0.918793 0.962971 0.863487 0.988142 0.912981 0.937028 0.776289 0.977333 0.755177 0.829626
0.710928 0.872819 0.482592 0.461270 0.959309 0.609784 0.733243 0.663658 0.876257 0.891519 0.650221 0.823434 0.823121 0.855040 0.868157 0.638876 0.541177 0.602088 0.837310 0.993052 0.822517 0.998338 0.687728 0.546159 0.000000 0.416457 0.796563 0.791972 0.593692 0.479162 0.684453 0.906661 0.793491 0.965837 0.728010 0.817055 0.781821 0.807409 0.601334 0.656940 0.819298 0.976831 0.594051 0.764451 0.899067 0.971216 0.908983 0.974072 0.872622 0.946443 0.929501 0.819211 0.800169 0.815170 0.999204 0.829469 0.798366 0.664616 0.674058 0.585224 0.722458 0.901936 0.536414 0.564787 0.389810 0.455346 0.467536 0.689274 0.792321 0.789845 0.698936 0.762411 0.823713 0.864396 0.997843 0.984566 0.675528 0.593180 0.839341 0.914639 0.626209 0.703900 0.930089 0.879358 0.802027 0.559561 0.836247 0.917561 0.899849 0.858182 0.611802 0.636146 0.504182 0.590253 0.920189 0.738542 0.841076 0.863006 0.785985 0.682150 0.733385 0.833593 0.834955 0.690943 0.595084 0.809868 0.855947 0.956560 0.914358 0.980842 0.989009 0.970098 0.823982 0.896866 0.822556 0.794559
0.701734 0.833749 0.638986 0.548849 0.814152 0.626491 0.982082 0.780753 0.914535 0.858612 0.619706 0.752383 0.919373 0.943099 0.927072 0.826366 0.563146 0.566317 0.680227 0.902748 0.732660 0.951277 0.961247 0.796430 0.416457 0.000000 0.861375 0.764527 0.573976 0.455027 0.823752 0.965856 0.972802 0.845193 0.734600 0.894894 0.677207 0.848947 0.624048 0.570868 0.781223 0.981981 0.612689 0.772065 0.951977 0.986642 0.904685 0.890601 0.937565 0.946372 0.922031 0.855076 0.886570 0.792061 0.972381 0.851486 0.761444 0.692111 0.705358 0.621606 0.567176 0.807226 0.521114 0.530544 0.594607 0.539194 0.553672 0.667784 0.804925 0.802385 0.706936 0.801218 0.834092 0.892475 0.945098 0.999499 0.637958 0.660989 0.834148 0.821800 0.633741 0.654801 0.906582 0.815571 0.960022 0.719340 0.999850 0.775532 0.893393 0.907346 0.698877 0.678374 0.581489 0.624920 0.918679 0.762526 0.825089 0.721286 0.810048 0.808495 0.801318 0.948875 0.948744 0.838930 0.686301 0.840535 0.891731 0.944351 0.971245 0.965306 0.987701 0.958343 0.795677 0.984094 0.839114 0.754590
0.962908 0.940698 0.974865 0.961918 0.979896 0.952253 0.892008 0.901485 0.933410 0.900510 0.963673 0.973445 0.994473 0.914548 0.827431 0.873338 0.925747 0.944099 0.936750 0.935488 0.916031 0.977683 0.820475 0.756446 0.796563 0.861375 0.000000 0.973937 0.958295 0.866694 0.896060 0.927051 0.945452 0.976999 0.825142 0.727114 0.902780 0.795028 0.859109 0.951661 0.869558 0.970337 0.891666 0.904875 0.825486 0.880444 0.936363 0.921754 0.937990 0.901101 0.865382 0.786463 0.780436 0.789976 0.915713 0.915090 0.988733 0.997375 0.953866 0.995470 0.970352 0.972414 0.953115 0.936333 0.763191 0.813962 0.866100 0.899324 0.971085 0.935923 0.953902 0.868848 0.895488 0.797417 0.795039 0.948973 0.895447 0.883990 0.964172 0.935624 0.989065 0.982379 0.840397 0.968112 0.823024 0.757243 0.848503 0.988621 0.975740 0.864048 0.975597 0.983025 0.978939 0.946902 0.968453 0.885863 0.928494 0.950390 0.984386 0.840507 0.946997 0.993650 0.831395 0.905698 0.844345 0.756698 0.885072 0.948953 0.981881 0.946765 0.981073 0.913350 0.942073 0.889414 0.695600 0.856584
0.820471 0.708884 0.940807 0.984879 0.865798 0.816627 0.870478 0.904904 0.809646 0.656763 0.974173 0.948330 0.967946 0.965896 0.940181 0.940704 0.933105 0.862556 0.825195 0.938124 0.821950 0.973828 0.971041 0.970331 0.791972 0.764527 0.973937 0.000000 0.971390 0.849108 0.945640 0.962919 0.792591 0.997871 0.836869 0.817412 0.874624 0.913344 0.880540 0.705696 0.951081 0.848657 0.775080 0.754876 0.813237 0.832907 0.808526 0.795200 0.828772 0.873654 0.775626 0.715207 0.857182 0.996281 0.781281 0.886201 0.782815 0.756745 0.820874 0.930491 0.919626 0.789513 0.946875 0.886957 0.808875 0.916390 0.764922 0.721330 0.972187 0.900129 0.850287 0.796692 0.890399 0.916058 0.836200 0.853029 0.857256 0.930161 0.796483 0.886118 0.850042 0.852705 0.754432 0.769943 0.730045 0.643507 0.857526 0.923291 0.882186 0.833006 0.892651 0.908547 0.997164 0.999698 0.920552 0.904815 0.958139 0.962738 0.957782 0.938480 0.971692 0.957406 0.962852 0.941460 0.748682 0.908992 0.909231 0.923593 0.947060 0.992337 0.887851 0.959080 0.852922 0.885371 0.881814 0.984868
0.544582 0.653810 0.694013 0.538733 0.907458 0.770543 0.925735 0.716700 0.882446 0.985845 0.477638 0.518518 0.816862 0.806951 0.730444 0.997828 0.547200 0.492173 0.719970 0.785429 0.846154 0.922121 0.985430 0.901447 0.593692 0.573976 0.958295 0.971390 0.000000 0.429988 0.955791 0.998015 0.743888 0.639948 0.975910 0.987078 0.760827 0.967501 0.811784 0.759583 0.783682 0.766224 0.714111 0.886364 0.911720 0.840316 0.984532 0.915443 0.826752 0.855726 0.946781 0.986540 0.996479 0.829472 0.777728 0.960597 0.700972 0.664094 0.723813 0.676748 0.533632 0.794131 0.487639 0.483340 0.726634 0.654529 0.831975 0.862285 0.823287 0.855066 0.617832 0.705154 0.893219 0.988513 0.915729 0.972126 0.680608 0.757534 0.772533 0.901753 0.528747 0.595041 0.695256 0.650444 0.883351 0.908138 0.985604 0.771022 0.945668 0.864878 0.642000 0.589228 0.628374 0.657582 0.909821 0.767390 0.895512 0.637296 0.860992 0.791341 0.859703 0.897847 0.983351 0.885819 0.798468 0.857779 0.790861 0.911643 0.794485 0.954256 0.834228 0.986104 0.807956 0.977053 0.995041 0.731895
0.582773 0.714367 0.689682 0.622817 0.944639 0.727010 0.985713 0.827808 0.945598 0.862125 0.444796 0.664485 0.815400 0.883967 0.829067 0.945359 0.451347 0.451044 0.616149 0.688591 0.740494 0.933111 0.957591 0.854600 0.479162 0.455027 0.866694 0.849108 0.429988 0.000000 0.960606 0.876331 0.887668 0.684570 0.839563 0.973573 0.730406 0.918544 0.718768 0.687828 0.751353 0.822105 0.649194 0.900951 0.967981 0.887547 0.983526 0.957005 0.913635 0.885427 0.994561 0.946653 0.930619 0.820829 0.893847 0.983165 0.701328 0.648278 0.696136 0.617665 0.497807 0.810151 0.462008 0.475710 0.615853 0.587094 0.739924 0.789884 0.753874 0.782852 0.743949 0.775051 0.823824 0.891377 0.933994 0.975916 0.746088 0.804620 0.703760 0.819195 0.524870 0.573375 0.799640 0.698638 0.986873 0.791470 0.949303 0.706189 0.888918 0.982275 0.699059 0.629284 0.581257 0.611651 0.873274 0.839040 0.964324 0.804556 0.870474 0.841509 0.783225 0.999356 0.920202 0.777388 0.784977 0.928098 0.808209 0.931278 0.884630 0.877366 0.982271 0.967332 0.850263 0.895890 0.996001 0.778608
0.882690 0.868820 0.618978 0.706537 0.970546 0.894762 0.703073 0.832661 0.626745 0.857354 0.957406 0.928208 0.695706 0.813414 0.773345 0.646912 0.761490 0.808196 0.806529 0.932033 0.938679 0.961111 0.658938 0.688958 0.684453 0.823752 0.896060 0.945640 0.955791 0.960606 0.000000 0.751640 0.685200 0.796442 0.873920 0.792292 0.821712 0.809970 0.824151 0.869050 0.922776 0.999626 0.678876 0.758226 0.686631 0.811954 0.944052 0.953357 0.880971 0.792200 0.767935 0.776721 0.668598 0.674963 0.990528 0.892608 0.842199 0.735033 0.713894 0.742321 0.884913 0.985587 0.748635 0.760263 0.678089 0.950960 0.659428 0.981187 0.921266 0.924330 0.737036 0.867139 0.949596 0.957035 0.823316 0.972033 0.620305 0.782274 0.949105 0.957992 0.845844 0.829249 0.993130 0.870384 0.874363 0.888986 0.925308 0.975146 0.792844 0.812538 0.771934 0.757067 0.770257 0.690493 0.991665 0.822199 0.882874 0.928017 0.709397 0.648570 0.863671 0.720223 0.980045 0.889888 0.793082 0.902647 0.978047 0.863391 0.915828 0.921008 0.923002 0.937680 0.914504 0.928525 0.866779 0.828930
0.994868 0.915288 0.729265 0.694375 0.957302 0.977451 0.599662 0.655163 0.723826 0.750556 0.960510 0.887304 0.685373 0.812633 0.785895 0.733213 0.832019 0.873211 0.687656 0.706370 0.806015 0.882190 0.666799 0.755523 0.906661 0.965856 0.927051 0.962919 0.998015 0.876331 0.751640 0.000000 0.786495 0.923328 0.982317 0.930877 0.849277 0.961373 0.970306 0.890777 0.983281 0.970579 0.823014 0.834711 0.909987 0.950278 0.938654 0.967449 0.968949 0.803836 0.988288 0.915313 0.804749 0.825416 0.970240 0.944040 0.901056 0.779418 0.822451 0.919750 0.981198 0.999289 0.843886 0.831295 0.785937 0.957367 0.967784 0.753919 0.812991 0.956284 0.889879 0.795896 0.918328 0.981875 0.978751 0.987084 0.824923 0.831202 0.972929 0.965649 0.889672 0.858184 0.900959 0.863908 0.930462 0.966462 0.888006 0.882164 0.905599 0.977582 0.794295 0.784382 0.841145 0.809003 0.898230 0.970137 0.962300 0.965414 0.832145 0.665202 0.982270 0.803644 0.871515 0.998496 0.797406 0.881245 0.851480 0.928802 0.938182 0.920898 0.845245 0.950783 0.816151 0.928977 0.886431 0.999806
0.848787 0.819074 0.804533 0.986666 0.890943 0.906325 0.733655 0.986417 0.933409 0.921623 0.756620 0.701817 0.526695 0.584639 0.536378 0.608422 0.952817 0.842658 0.785640 0.832229 0.923532 0.930992 0.584655 0.689272 0.793491 0.972802 0.945452 0.792591 0.743888 0.887668 0.685200 0.786495 0.000000 0.709824 0.709457 0.824473 0.996412 0.794765 0.957445 0.879972 0.922739 0.924233 0.832169 0.810596 0.697989 0.802596 0.866531 0.865126 0.881932 0.830195 0.774243 0.740089 0.756505 0.917008 0.916285 0.819418 0.847215 0.925697 0.953535 0.990283 0.664376 0.699556 0.889730 0.840248 0.639943 0.845302 0.728962 0.905327 0.990471 0.968841 0.865207 0.889191 0.983002 0.974510 0.986079 0.887283 0.983534 0.855672 0.899149 0.868097 0.877824 0.834669 0.769624 0.752330 0.577522 0.695983 0.835024 0.746639 0.864677 0.678841 0.978065 0.922995 0.985669 0.951805 0.985101 0.968944 0.851808 0.880964 0.886476 0.740169 0.742842 0.901459 0.992802 0.898598 0.716537 0.787036 0.970204 0.910364 0.995573 0.976209 0.931609 0.953902 0.972177 0.972444 0.802271 0.940003
0.697559 0.779908 0.989067 0.896067 0.956733 0.949734 0.918327 0.980311 0.921186 0.974417 0.653679 0.711954 0.685926 0.758120 0.746991 0.841782 0.722544 0.707672 0.684819 0.781114 0.977003 0.959698 0.882818 0.857746 0.965837 0.845193 0.976999 0.997871 0.639948 0.684570 0.796442 0.923328 0.709824 0.000000 0.883431 0.864028 0.953941 0.863608 0.999441 0.947462 0.949753 0.778116 0.997297 0.911069 0.817396 0.831682 0.850167 0.894795 0.914374 0.926318 0.869674 0.874615 0.805510 0.959683 0.862176 0.987649 0.791848 0.848679 0.897478 0.859316 0.615726 0.706475 0.733857 0.723041 0.977928 0.992485 0.866194 0.908579 0.872731 0.997174 0.925435 0.923946 0.973323 0.964024 0.814407 0.979451 0.996368 0.931408 0.855331 0.734602 0.726853 0.736209 0.870039 0.815206 0.827274 0.893359 0.921134 0.824917 0.802499 0.864789 0.924865 0.858579 0.894246 0.838445 0.980845 0.996360 0.984786 0.831619 0.913245 0.996878 0.937123 0.859032 0.965605 0.950807 0.997780 0.852685 0.963234 0.949623 0.965570 0.985903 0.972197 0.920035 0.938152 0.861780 0.908064 0.882031
0.986322 0.912176 0.855221 0.987754 0.941192 0.762520 0.970677 0.848079 0.896043 0.821493 0.900388 0.866288 0.815725 0.700958 0.715417 0.712355 0.924240 0.949259 0.934232 0.954446 0.933164 0.902140 0.711025 0.728264 0.728010 0.734600 0.825142 0.836869 0.975910 0.839563 0.873920 0.982317 0.709457 0.883431 0.000000 0.730425 0.746383 0.843170 0.657041 0.918168 0.950081 0.958832 0.700256 0.760769 0.639348 0.743324 0.729531 0.869579 0.789213 0.787195 0.690462 0.618517 0.755972 0.719011 0.891609 0.785689 0.971799 0.972706 0.946919 0.964319 0.914951 0.925494 0.981706 0.979028 0.640627 0.706669 0.596079 0.686219 0.967554 0.962406 0.961791 0.913574 0.950107 0.980174 0.809533 0.777439 0.807805 0.662158 0.973606 0.882596 0.966830 0.947170 0.781729 0.973733 0.673887 0.609220 0.889110 0.945172 0.958033 0.784965 0.934866 0.996268 0.906339 0.987656 0.874412 0.913728 0.997721 0.935958 0.830121 0.771800 0.955564 0.973381 0.960050 0.982458 0.769261 0.858602 0.946826 0.960477 0.859220 0.911916 0.997703 0.848879 0.843484 0.911435 0.725929 0.861036
0.970950 0.876194 0.869550 0.899596 0.994141 0.841049 0.978059 0.967786 0.926941 0.894097 0.934142 0.911828 0.880085 0.767542 0.879918 0.808973 0.975356 0.989111 0.944815 0.903791 0.981748 0.974218 0.835206 0.801080 0.817055 0.894894 0.727114 0.817412 0.987078 0.973573 0.792292 0.930877 0.824473 0.864028 0.730425 0.000000 0.824748 0.955694 0.833139 0.919955 0.915412 0.859133 0.854851 0.878467 0.825039 0.924827 0.881492 0.903906 0.955251 0.916373 0.925140 0.813476 0.807281 0.911807 0.972288 0.982971 0.971732 0.984496 0.956124 0.982728 0.979208 0.938240 0.974622 0.956401 0.790540 0.814818 0.824619 0.741992 0.870939 0.952541 0.930622 0.814439 0.940232 0.953816 0.807406 0.933523 0.850168 0.962996 0.932262 0.928176 0.924731 0.975272 0.754768 0.935718 0.837915 0.759993 0.878340 0.960118 0.986576 0.883328 0.919939 0.915285 0.888942 0.905864 0.902837 0.848178 0.929649 0.927050 0.900074 0.896750 0.896426 0.850614 0.972970 0.865980 0.773617 0.753947 0.945214 0.976895 0.907040 0.964669 0.944880 0.904208 0.931876 0.945469 0.644458 0.962640
0.999758 0.906771 0.897929 0.848336 0.793160 0.923748 0.830120 0.950946 0.911734 0.751379 0.856986 0.982016 0.866351 0.873025 0.909009 0.960760 0.949864 0.965437 0.725275 0.863477 0.769431 0.841333 0.912712 0.950093 0.781821 0.677207 0.902780 0.874624 0.760827 0.730406 0.821712 0.849277 0.996412 0.953941 0.746383 0.824748 0.000000 0.867540 0.710148 0.628579 0.931517 0.992304 0.696064 0.676268 0.821993 0.787515 0.730779 0.820732 0.827878 0.886617 0.748962 0.826290 0.904577 0.917527 0.774718 0.821123 0.885208 0.943646 0.991844 0.963297 0.779742 0.870894 0.929091 0.925757 0.942739 0.913179 0.763680 0.688951 0.914645 0.862858 0.982766 0.948614 0.976374 0.962555 0.933645 0.956110 0.787121 0.904010 0.930094 0.778303 0.978351 0.960615 0.948080 0.966811 0.999780 0.852528 0.921126 0.926525 0.999944 0.842427 0.938074 0.933126 0.957508 0.993659 0.822621 0.952422 0.986931 0.818524 0.915063 0.963519 0.921067 0.844503 0.957296 0.966642 0.895554 0.922065 0.975475 0.978562 0.996207 0.954598 0.946912 0.962985 0.977183 0.869288 0.804411 0.834768
0.829558 0.924643 0.895499 0.947037 0.823001 0.965298 0.931073 0.930458 0.972524 0.897880 0.900894 0.937676 0.941132 0.871319 0.965489 0.887590 0.974771 0.988249 0.938395 0.795370 0.772212 0.949888 0.943511 0.780455 0.807409 0.848947 0.795028 0.913344 0.967501 0.918544 0.809970 0.961373 0.794765 0.863608 0.843170 0.955694 0.867540 0.000000 0.928719 0.664608 0.919888 0.978334 0.819078 0.755646 0.816331 0.772121 0.861626 0.867243 0.832477 0.873266 0.744510 0.780339 0.785052 0.859662 0.908937 0.760055 0.856849 0.951222 0.983214 0.967388 0.953178 0.978952 0.996493 0.992421 0.863332 0.935562 0.805062 0.873245 0.847507 0.756855 0.946658 0.981463 0.882941 0.985317 0.881746 0.872576 0.865086 0.826718 0.955373 0.958832 0.913586 0.911313 0.810498 0.768604 0.885893 0.793573 0.912389 0.861427 0.684961 0.709814 0.888259 0.912819 0.940233 0.953424 0.965808 0.892253 0.911480 0.775451 0.960658 0.961015 0.784104 0.966578 0.965721 0.885453 0.829312 0.839648 0.965042 0.958424 0.946528 0.864639 0.917673 0.994393 0.980784 0.973682 0.998193 0.921654
