0.000000 0.317558 0.986960 0.799888 0.927827 0.928425 0.760888 0.709961 0.935896 0.632398 0.437954 0.358624 0.541484 0.570223 0.795814 0.727207 0.407686 0.395424 0.426219 0.370915 0.930139 0.891121 0.854351 0.907783 0.979554 0.892447 0.922411 0.825081 0.464565 0.441724 0.807622 0.777658 0.579386 0.565785 0.976303 0.975676 0.745893 0.609991 0.976295 0.725117 0.824959 0.698777 0.727210 0.593573 0.811414 0.679628 0.540697 0.567062 0.608982 0.572907 0.738745 0.629564 0.884780 0.946262 0.733108 0.716618 0.385944 0.332961 0.505526 0.502082 0.634366 0.761711 0.542243 0.417110 0.818854 0.862867 0.833706 0.868743 0.354587 0.406632 0.791566 0.861256 0.644624 0.600405 0.773026 0.931871 0.637305 0.694382 0.570925 0.595476 0.348588 0.374460 0.461316 0.457257 0.718174 0.931321 0.997299 0.985112 0.925006 0.798593 0.904710 0.879718 0.822183 0.839571 0.973112 0.821621 0.820950 0.770340 0.693543 0.736749 0.931546 0.874383 0.550134 0.670700 0.863519 0.686082 0.933181 0.822890 0.872141 0.713653 0.864644 0.830296 0.829790 0.787561 0.785789 0.899238
0.317558 0.000000 0.998140 0.838390 0.962408 0.767477 0.684283 0.683087 0.984013 0.598621 0.484300 0.380467 0.708898 0.695494 0.997166 0.829857 0.420684 0.379873 0.377180 0.409327 0.845223 0.955787 0.921606 0.817298 0.990633 0.813536 0.979635 0.703411 0.450222 0.530704 0.794662 0.768086 0.612169 0.531723 0.973145 0.915931 0.799027 0.548503 0.976477 0.819325 0.909110 0.768517 0.560009 0.464070 0.639397 0.523165 0.545108 0.550078 0.475865 0.442893 0.588686 0.531654 0.727385 0.790766 0.836187 0.701093 0.268449 0.252483 0.516423 0.513326 0.693227 0.788084 0.580612 0.436334 0.760312 0.772801 0.818295 0.850521 0.503578 0.453182 0.843449 0.817154 0.783956 0.691361 0.931258 0.885344 0.599854 0.692984 0.504267 0.604596 0.344885 0.404824 0.588505 0.452461 0.806703 0.928375 0.910502 0.895692 0.899660 0.831417 0.998334 0.974921 0.952988 0.924752 0.868563 0.904786 0.866268 0.743232 0.650723 0.615655 0.854719 0.843951 0.480370 0.698001 0.894622 0.834616 0.851951 0.723227 0.988939 0.676340 0.709738 0.775037 0.685633 0.622130 0.775303 0.935620
0.986960 0.998140 0.000000 0.426363 0.948686 0.738727 0.595941 0.595731 0.418578 0.870607 0.928124 0.950455 0.783471 0.803858 0.832590 0.723838 0.812515 0.806975 0.829408 0.904866 0.922442 0.998844 0.561635 0.609357 0.549072 0.460897 0.907879 0.947720 0.916327 0.948506 0.526949 0.592034 0.677639 0.747823 0.624878 0.942589 0.681074 0.879205 0.698062 0.966242 0.982516 0.990825 0.712013 0.769467 0.875838 0.874916 0.661681 0.728428 0.819401 0.995549 0.960799 0.971358 0.943116 0.994749 0.858551 0.893478 0.963785 0.847729 0.983804 0.921059 0.546739 0.484039 0.813970 0.862613 0.361910 0.367308 0.689160 0.515889 0.925019 0.828839 0.678381 0.679900 0.672349 0.768450 0.921411 0.957627 0.688635 0.828256 0.890359 0.902802 0.838919 0.963098 0.840118 0.959554 0.707965 0.567051 0.999214 0.890413 0.704242 0.916963 0.768030 0.950072 0.833443 0.975613 0.799728 0.958186 0.792605 0.972905 0.769161 0.766765 0.840978 0.984953 0.894640 0.997924 0.727102 0.859802 0.894274 0.790627 0.747206 0.928766 0.894992 0.928172 0.842347 0.910743 0.691449 0.983046
0.799888 0.838390 0.426363 0.000000 0.846795 0.805994 0.500147 0.342382 0.520022 0.590658 0.847447 0.657326 0.629180 0.636365 0.767477 0.586980 0.982196 0.987405 0.628394 0.797482 0.931608 0.926182 0.418330 0.594987 0.661889 0.565703 0.914159 0.965603 0.994618 0.938535 0.468823 0.489121 0.574165 0.604193 0.761078 0.910705 0.651426 0.854861 0.742576 0.974773 0.967414 0.879425 0.585438 0.574614 0.853549 0.778156 0.562930 0.604041 0.946728 0.926665 0.906717 0.911902 0.919293 0.956076 0.898340 0.964402 0.917068 0.983008 0.754949 0.760012 0.480100 0.393629 0.985206 0.869327 0.550113 0.440719 0.603286 0.495015 0.794644 0.985999 0.622855 0.572245 0.723662 0.809736 0.974538 0.928228 0.602249 0.775116 0.884143 0.914481 0.997072 0.965360 0.795485 0.938464 0.781933 0.640562 0.952843 0.864258 0.706800 0.772829 0.735276 0.978401 0.804718 0.957507 0.820895 0.989174 0.733013 0.880621 0.648246 0.602721 0.644307 0.964653 0.999062 0.815358 0.550816 0.650237 0.929823 0.640286 0.695569 0.826355 0.749676 0.930367 0.747603 0.854767 0.595091 0.983460
0.927827 0.962408 0.948686 0.846795 0.000000 0.906486 0.962552 0.958949 0.935231 0.965198 0.855435 0.902182 0.871672 0.894186 0.874278 0.942047 0.967145 0.951087 0.908864 0.991741 0.942656 0.897663 0.799061 0.874686 0.749247 0.898461 0.949202 0.812399 0.993561 0.942112 0.782811 0.884892 0.977896 0.967354 0.739199 0.944977 0.907374 0.986664 0.761027 0.945701 0.947749 0.970843 0.845061 0.892006 0.710007 0.761170 0.912669 0.919218 0.785221 0.774400 0.713612 0.753913 0.744430 0.703999 0.983025 0.881264 0.970594 0.977319 0.957988 0.983812 0.949691 0.974855 0.939034 0.948113 0.891788 0.870867 0.953860 0.962876 0.739912 0.995973 0.965439 0.891448 0.972907 0.948975 0.977744 0.918386 0.935776 0.913425 0.907686 0.992912 0.987695 0.941086 0.759464 0.916316 0.850483 0.727895 0.857999 0.910682 0.967236 0.933551 0.818399 0.762431 0.796686 0.906916 0.928420 0.991569 0.981476 0.881235 0.825453 0.845739 0.877185 0.874485 0.888190 0.976556 0.967193 0.764511 0.998004 0.952553 0.899284 0.941586 0.930319 0.926043 0.920577 0.857579 0.895945 0.935344
0.928425 0.767477 0.738727 0.805994 0.906486 0.000000 0.974682 0.898640 0.761798 0.914756 0.714787 0.897773 0.782729 0.775834 0.669843 0.634111 0.675289 0.641682 0.764684 0.894159 0.833658 0.922883 0.756038 0.578838 0.722659 0.570367 0.939522 0.684104 0.725103 0.807986 0.933821 0.980845 0.997077 0.858815 0.906023 0.917603 0.814862 0.846495 0.710168 0.950505 0.979962 0.976555 0.997506 0.893345 0.930123 0.852174 0.951426 0.934070 0.875560 0.912908 0.969362 0.992460 0.875798 0.979300 0.698776 0.872361 0.603442 0.681198 0.815169 0.903908 0.872874 0.716668 0.680192 0.738005 0.668798 0.576508 0.932972 0.860239 0.979222 0.850388 0.746847 0.859518 0.780121 0.895618 0.880420 0.995005 0.950167 0.895108 0.821871 0.957566 0.795205 0.981700 0.892977 0.825686 0.682843 0.635552 0.916500 0.950481 0.878205 0.866245 0.737445 0.840736 0.754132 0.837093 0.999517 0.974288 0.740767 0.781259 0.950951 0.982027 0.948483 0.894230 0.799289 0.897968 0.930245 0.953085 0.829546 0.962239 0.858540 0.849071 0.970832 0.972650 0.998995 0.992000 0.982284 0.919625
0.760888 0.684283 0.595941 0.500147 0.962552 0.974682 0.000000 0.323918 0.725144 0.560649 0.678666 0.667062 0.823228 0.786138 0.870619 0.985568 0.725526 0.793153 0.612875 0.801942 0.967019 0.992886 0.836177 0.933131 0.921332 0.855250 0.659574 0.648737 0.816098 0.814856 0.557834 0.694427 0.422777 0.400190 0.780878 0.781494 0.943316 0.967757 0.993535 0.894020 0.962201 0.965027 0.526975 0.510581 0.505517 0.503138 0.563184 0.540998 0.720474 0.633049 0.626741 0.658587 0.688587 0.782975 0.885309 0.894703 0.707469 0.739473 0.470542 0.551684 0.331921 0.581154 0.604004 0.600617 0.914410 0.792265 0.285929 0.346347 0.886845 0.941795 0.810365 0.723225 0.906946 0.938635 0.946766 0.840335 0.546758 0.833111 0.732799 0.798452 0.769604 0.978029 0.800246 0.919395 0.954778 0.998831 0.992825 0.784084 0.990357 0.963705 0.696069 0.827499 0.686534 0.865535 0.742225 0.920127 0.815661 0.688690 0.484457 0.556905 0.492080 0.736194 0.731313 0.582436 0.664448 0.750142 0.832647 0.589515 0.823032 0.762355 0.608066 0.724640 0.595227 0.687325 0.596628 0.873517
0.709961 0.683087 0.595731 0.342382 0.958949 0.898640 0.323918 0.000000 0.598835 0.354014 0.681391 0.535293 0.682623 0.632883 0.936585 0.693590 0.773486 0.818412 0.529059 0.726396 0.864655 0.901033 0.645059 0.898289 0.986821 0.817561 0.787117 0.818532 0.824453 0.795105 0.499565 0.620756 0.460977 0.399503 0.831891 0.866027 0.754912 0.900877 0.880841 0.928280 0.930319 0.872443 0.434346 0.407625 0.602530 0.528754 0.445772 0.458848 0.779423 0.655597 0.644406 0.652832 0.703500 0.738890 0.863406 0.879947 0.770550 0.785402 0.501876 0.555867 0.341688 0.366841 0.707125 0.590790 0.846774 0.652939 0.430124 0.375074 0.820395 0.873963 0.622601 0.572255 0.807155 0.895878 0.943110 0.899993 0.549030 0.786659 0.680722 0.812186 0.808128 0.978356 0.785841 0.918814 0.965484 0.922407 0.953652 0.726219 0.896513 0.949193 0.668149 0.861690 0.725152 0.947971 0.760033 0.876315 0.704842 0.687223 0.464610 0.429815 0.472807 0.866804 0.724999 0.603512 0.537653 0.690831 0.892662 0.534450 0.744079 0.688425 0.606088 0.695727 0.555440 0.685080 0.601789 0.928206
0.935896 0.984013 0.418578 0.520022 0.935231 0.761798 0.725144 0.598835 0.000000 0.740313 0.944802 0.896106 0.802612 0.736421 0.730670 0.612311 0.768966 0.756426 0.847345 0.959702 0.958951 0.975154 0.581888 0.660618 0.651679 0.489805 0.908779 0.965704 0.900863 0.830850 0.581959 0.692118 0.747347 0.803955 0.707318 0.998519 0.668086 0.852501 0.700342 0.969919 0.945781 0.954446 0.576585 0.696741 0.777556 0.808661 0.650949 0.761779 0.949726 0.945084 0.864084 0.894136 0.786103 0.729201 0.978233 0.962392 0.934795 0.826941 0.977629 0.985271 0.608715 0.411784 0.717398 0.855948 0.487801 0.418060 0.766957 0.656295 0.903589 0.764988 0.534516 0.519734 0.705877 0.857556 0.938160 0.975315 0.733962 0.881773 0.986899 0.971816 0.806388 0.953303 0.971642 0.912613 0.767592 0.695215 0.939963 0.831203 0.695121 0.864689 0.583010 0.728381 0.672550 0.826975 0.798197 0.947958 0.698863 0.936174 0.628927 0.634434 0.755824 0.927590 0.991609 0.971050 0.739169 0.854500 0.870124 0.677567 0.889433 0.831005 0.879246 0.938144 0.764683 0.810524 0.812368 0.761630
0.632398 0.598621 0.870607 0.590658 0.965198 0.914756 0.560649 0.354014 0.740313 0.000000 0.622854 0.527088 0.737122 0.706386 0.949944 0.796536 0.661229 0.681161 0.513263 0.667806 0.714710 0.871854 0.873188 0.867800 0.769440 0.937801 0.837171 0.813661 0.714913 0.755158 0.689385 0.768167 0.575863 0.517559 0.962324 0.913450 0.750957 0.779109 0.969415 0.948701 0.802919 0.774699 0.479472 0.405711 0.618933 0.479485 0.555687 0.500861 0.621963 0.547245 0.581446 0.558477 0.652703 0.612910 0.922374 0.850126 0.635193 0.641942 0.540663 0.632786 0.557732 0.528584 0.688610 0.534236 0.899425 0.957533 0.669819 0.669009 0.777428 0.702882 0.597136 0.608336 0.923302 0.841113 0.934777 0.996228 0.622093 0.828763 0.636569 0.828289 0.700029 0.918030 0.841487 0.852242 0.899093 0.800442 0.898775 0.674534 0.911556 0.996682 0.705628 0.788471 0.779499 0.913749 0.880612 0.806447 0.729737 0.672641 0.462361 0.446288 0.561949 0.782302 0.567827 0.604151 0.633743 0.812861 0.999819 0.497605 0.873552 0.622702 0.628138 0.618927 0.581436 0.699804 0.829174 0.995704
0.437954 0.484300 0.928124 0.847447 0.855435 0.714787 0.678666 0.681391 0.944802 0.622854 0.000000 0.461061 0.705314 0.725121 0.932366 0.868193 0.356296 0.325318 0.416230 0.401149 0.867478 0.926730 0.921083 0.820367 0.952217 0.816841 0.942116 0.758169 0.379037 0.378325 0.674966 0.714759 0.532095 0.422905 0.991733 0.984663 0.970634 0.738274 0.964063 0.897599 0.850965 0.730457 0.888388 0.699005 0.922958 0.786244 0.679458 0.661846 0.832433 0.781397 0.957065 0.862548 0.914645 0.897087 0.955029 0.987164 0.420029 0.460603 0.523534 0.526190 0.606239 0.851714 0.396684 0.371316 0.785173 0.864554 0.755322 0.780686 0.436684 0.552374 0.857031 0.997295 0.727438 0.627029 0.825005 0.933709 0.773933 0.675005 0.619773 0.819923 0.532251 0.707496 0.513221 0.568047 0.989667 0.953647 0.845156 0.845750 0.818029 0.927812 0.710181 0.654907 0.641449 0.646818 0.979293 0.815727 0.929028 0.694110 0.864750 0.839108 0.908339 0.947397 0.641497 0.583578 0.907950 0.685975 0.953249 0.879466 0.986006 0.726391 0.876044 0.982683 0.762429 0.847756 0.794286 0.861695
0.358624 0.380467 0.950455 0.657326 0.902182 0.897773 0.667062 0.535293 0.896106 0.527088 0.461061 0.000000 0.433674 0.453678 0.711133 0.551995 0.425305 0.388865 0.352144 0.384646 0.930853 0.913533 0.645429 0.995680 0.960489 0.883984 0.986339 0.697250 0.440464 0.384056 0.588105 0.598985 0.497891 0.485523 0.952961 0.996725 0.745095 0.648196 0.984388 0.872311 0.824076 0.730041 0.633084 0.519351 0.833865 0.696725 0.544146 0.584885 0.714635 0.683361 0.734545 0.684641 0.877618 0.871336 0.875232 0.775953 0.496577 0.418592 0.537838 0.525029 0.531453 0.608195 0.492396 0.336539 0.820622 0.947111 0.799174 0.788022 0.475143 0.542530 0.671756 0.666799 0.633266 0.674379 0.903417 0.926528 0.620968 0.658906 0.469768 0.697341 0.388209 0.486946 0.493982 0.486498 0.858725 0.970873 0.875728 0.815411 0.976909 0.831708 0.955728 0.851742 0.868180 0.784410 0.906918 0.790987 0.863510 0.674759 0.705902 0.654595 0.825413 0.879244 0.612315 0.605120 0.709503 0.658398 0.983706 0.750008 0.849261 0.679535 0.839370 0.876061 0.802233 0.732383 0.684781 0.889743
0.541484 0.708898 0.783471 0.629180 0.871672 0.782729 0.823228 0.682623 0.802612 0.737122 0.705314 0.433674 0.000000 0.379638 0.423715 0.447798 0.747737 0.720956 0.657456 0.538639 0.820784 0.966559 0.520916 0.724119 0.761427 0.842104 0.974133 0.876326 0.708338 0.634492 0.590467 0.659051 0.594303 0.766890 0.969677 0.899719 0.704522 0.796725 0.839346 0.790996 0.833130 0.725922 0.791517 0.790009 0.983641 0.931769 0.658773 0.716938 0.972223 0.914957 0.899852 0.846087 0.923832 0.918832 0.784342 0.790288 0.873987 0.772411 0.832433 0.792401 0.599122 0.549006 0.804337 0.670538 0.869461 0.788283 0.917907 0.839839 0.507218 0.705099 0.555760 0.637033 0.487436 0.649402 0.812659 0.970514 0.676056 0.843471 0.739750 0.808506 0.636452 0.534429 0.592271 0.662457 0.612527 0.695390 0.915066 0.921587 0.769396 0.718832 0.917414 0.936643 0.963429 0.919402 0.923866 0.717325 0.674303 0.842956 0.817389 0.849255 0.947119 0.935292 0.934246 0.750317 0.750505 0.682861 0.934399 0.804416 0.774350 0.885459 0.983875 0.986940 0.957914 0.866356 0.702948 0.913710
0.570223 0.695494 0.803858 0.636365 0.894186 0.775834 0.786138 0.632883 0.736421 0.706386 0.725121 0.453678 0.379638 0.000000 0.471056 0.379431 0.686802 0.694793 0.583966 0.544232 0.894141 0.953405 0.471995 0.687368 0.765292 0.814452 0.895110 0.959488 0.690846 0.605277 0.583030 0.559498 0.514814 0.724126 0.994205 0.933796 0.615377 0.741907 0.861398 0.774922 0.808634 0.716568 0.695417 0.693220 0.887099 0.879946 0.610621 0.772969 0.915987 0.907297 0.797687 0.791655 0.748174 0.759570 0.833983 0.841072 0.817040 0.773980 0.858880 0.845842 0.563987 0.495310 0.782151 0.628032 0.943179 0.782994 0.827700 0.794536 0.620162 0.727269 0.518983 0.567959 0.479396 0.767152 0.789467 0.995274 0.698062 0.784174 0.668830 0.812170 0.612725 0.653428 0.571325 0.727619 0.613763 0.674848 0.888471 0.819818 0.812247 0.746964 0.826693 0.996697 0.992465 0.974971 0.956163 0.849583 0.670506 0.818953 0.713638 0.771043 0.869555 0.841636 0.835530 0.612218 0.819440 0.645792 0.873799 0.751361 0.816745 0.780558 0.909957 0.934366 0.903401 0.832845 0.764161 0.990902
0.795814 0.997166 0.832590 0.767477 0.874278 0.669843 0.870619 0.936585 0.730670 0.949944 0.932366 0.711133 0.423715 0.471056 0.000000 0.390565 0.947839 0.965134 0.894520 0.750521 0.809980 0.958374 0.502009 0.634199 0.647776 0.811782 0.920411 0.839750 0.880412 0.776585 0.691767 0.668884 0.812460 0.977818 0.955379 0.917260 0.676936 0.866629 0.846477 0.736870 0.871311 0.860735 0.976353 0.991532 0.761653 0.803306 0.824603 0.914963 0.801399 0.838425 0.917353 0.982063 0.994676 0.981333 0.847774 0.944714 0.890911 0.955209 0.895022 0.955039 0.839742 0.687027 0.952491 0.930366 0.786596 0.743543 0.842255 0.931446 0.662866 0.938060 0.529243 0.694882 0.604059 0.754696 0.898768 0.862274 0.856529 0.890000 0.942856 0.911271 0.876078 0.775358 0.780347 0.882374 0.649573 0.640504 0.997465 0.948423 0.723944 0.851193 0.999712 0.893245 0.844056 0.891963 0.991985 0.894162 0.767691 0.951265 0.998369 0.944664 0.906927 0.956661 0.888643 0.927118 0.867681 0.725663 0.926603 0.957152 0.775315 0.915680 0.812062 0.885525 0.838636 0.938591 0.808945 0.985353
0.727207 0.829857 0.723838 0.586980 0.942047 0.634111 0.985568 0.693590 0.612311 0.796536 0.868193 0.551995 0.447798 0.379431 0.390565 0.000000 0.944875 0.927600 0.727355 0.653286 0.900782 0.939978 0.366183 0.505304 0.595365 0.727461 0.951913 0.906217 0.825640 0.708335 0.522038 0.513937 0.713216 0.843328 0.879867 0.980949 0.636082 0.726027 0.717854 0.810663 0.931392 0.790894 0.730900 0.768544 0.959847 0.975056 0.632211 0.778099 0.917329 0.972532 0.920741 0.881291 0.860946 0.861027 0.819811 0.950023 0.965770 0.985491 0.969095 0.860651 0.682224 0.432021 0.936125 0.843752 0.740401 0.581517 0.999957 0.807561 0.757389 0.850944 0.486620 0.643047 0.517563 0.728852 0.894548 0.907674 0.852138 0.747242 0.799911 0.855491 0.807489 0.697295 0.685432 0.769651 0.674524 0.563658 0.988219 0.863494 0.762324 0.755666 0.909840 0.913488 0.936623 0.848053 0.946391 0.845844 0.716761 0.883195 0.870740 0.819796 0.952062 0.953986 0.993760 0.890459 0.816195 0.721849 0.910870 0.869173 0.765082 0.866061 0.981509 0.935280 0.996479 0.942900 0.704441 0.883862
0.407686 0.420684 0.812515 0.982196 0.967145 0.675289 0.725526 0.773486 0.768966 0.661229 0.356296 0.425305 0.747737 0.686802 0.947839 0.944875 0.000000 0.253244 0.428836 0.416868 0.845627 0.992224 0.951243 0.648305 0.768720 0.593517 0.968544 0.723271 0.322365 0.314623 0.832334 0.827401 0.541754 0.492875 0.839762 0.902732 0.964401 0.785387 0.822738 0.902268 0.829818 0.757241 0.815339 0.649088 0.781024 0.691556 0.677534 0.681226 0.607364 0.614261 0.736606 0.653686 0.875408 0.911688 0.951465 0.833224 0.379656 0.324732 0.479329 0.569037 0.684991 0.978650 0.282121 0.255572 0.512707 0.579929 0.788641 0.929195 0.472389 0.471069 0.944849 0.962009 0.837299 0.755836 0.851213 0.973089 0.747158 0.733035 0.453482 0.711477 0.323947 0.636754 0.578810 0.539934 0.962582 0.761047 0.852540 0.846659 0.781367 0.940338 0.771199 0.763976 0.710222 0.724420 0.921377 0.775459 0.964505 0.633242 0.772940 0.822519 0.863117 0.929981 0.554053 0.505268 0.909933 0.776835 0.957236 0.860181 0.928469 0.658709 0.880135 0.847681 0.784079 0.803097 0.824172 0.777779
0.395424 0.379873 0.806975 0.987405 0.951087 0.641682 0.793153 0.818412 0.756426 0.681161 0.325318 0.388865 0.720956 0.694793 0.965134 0.927600 0.253244 0.000000 0.385792 0.404517 0.850614 0.964791 0.978784 0.725290 0.811612 0.627683 0.960396 0.716551 0.306041 0.329074 0.833055 0.798808 0.584618 0.521407 0.824657 0.960238 0.983155 0.698566 0.815253 0.887447 0.838852 0.712406 0.892226 0.690046 0.902206 0.789041 0.761935 0.735616 0.701651 0.711074 0.847190 0.781769 0.964165 0.992805 0.980623 0.884372 0.332349 0.298886 0.538136 0.590861 0.757013 0.981976 0.304130 0.271338 0.545713 0.580508 0.906180 0.994063 0.442893 0.461009 0.916134 0.975090 0.828076 0.745435 0.856184 0.967776 0.803976 0.724266 0.457774 0.809401 0.365580 0.584561 0.524601 0.471599 0.977313 0.768614 0.881251 0.880775 0.768714 0.989054 0.720986 0.713677 0.669194 0.711802 0.964296 0.836102 0.909805 0.666229 0.849560 0.872648 0.962545 0.909587 0.538283 0.570586 0.897177 0.783245 0.925128 0.882545 0.957643 0.738300 0.844068 0.922941 0.805043 0.758697 0.870585 0.794434
0.426219 0.377180 0.829408 0.628394 0.908864 0.764684 0.612875 0.529059 0.847345 0.513263 0.416230 0.352144 0.657456 0.583966 0.894520 0.727355 0.428836 0.385792 0.000000 0.361824 0.882081 0.968510 0.676338 0.994158 0.933361 0.939702 0.991883 0.743710 0.438941 0.474909 0.629870 0.578543 0.449569 0.422332 0.998447 0.926678 0.632382 0.573182 0.989804 0.841103 0.847132 0.688432 0.550030 0.432021 0.746731 0.610325 0.489989 0.527289 0.701616 0.644760 0.773292 0.721918 0.893510 0.916583 0.984231 0.928349 0.350992 0.398292 0.539054 0.557042 0.568147 0.662666 0.529087 0.395312 0.899338 0.974235 0.736627 0.724925 0.511226 0.555059 0.760988 0.745474 0.732016 0.705798 0.964047 0.936594 0.626644 0.652292 0.530929 0.744189 0.498692 0.639964 0.516764 0.504204 0.852484 0.947894 0.867537 0.851671 0.987574 0.887273 0.936664 0.804891 0.814236 0.761863 0.796964 0.892454 0.914579 0.653564 0.641410 0.606928 0.859566 0.843869 0.562945 0.587991 0.788100 0.766007 0.904706 0.719813 0.926872 0.549388 0.749824 0.834573 0.721346 0.620517 0.680811 0.859586
0.370915 0.409327 0.904866 0.797482 0.991741 0.894159 0.801942 0.726396 0.959702 0.667806 0.401149 0.384646 0.538639 0.544232 0.750521 0.653286 0.416868 0.404517 0.361824 0.000000 0.941357 0.989335 0.733754 0.969669 0.907453 0.925401 0.868481 0.753915 0.417881 0.417166 0.722171 0.690821 0.588089 0.551160 0.992315 0.971049 0.708692 0.582443 0.997181 0.698284 0.838477 0.675665 0.728351 0.648443 0.895644 0.767375 0.584752 0.638431 0.747929 0.712594 0.863722 0.767161 0.976171 0.988625 0.901485 0.895602 0.454932 0.425920 0.663564 0.594911 0.678954 0.715395 0.613446 0.472912 0.877716 0.939806 0.912497 0.898928 0.427075 0.442077 0.789851 0.877216 0.618503 0.627626 0.856134 0.970460 0.711570 0.743301 0.617838 0.718536 0.483211 0.509683 0.525367 0.430003 0.745672 0.881402 0.835674 0.857449 0.992875 0.847829 0.855049 0.735086 0.707371 0.721738 0.876395 0.835134 0.900834 0.722281 0.818792 0.779449 0.969024 0.899701 0.701152 0.708599 0.852596 0.779326 0.940086 0.839189 0.882734 0.648224 0.923563 0.950143 0.891672 0.810673 0.824397 0.794574
0.930139 0.845223 0.922442 0.931608 0.942656 0.833658 0.967019 0.864655 0.958951 0.714710 0.867478 0.930853 0.820784 0.894141 0.809980 0.900782 0.845627 0.850614 0.882081 0.941357 0.000000 0.950683 0.806657 0.727269 0.789921 0.856870 0.944357 0.983990 0.899841 0.941653 0.921522 0.807181 0.968579 0.858970 0.961772 0.875090 0.960801 0.809463 0.975802 0.937392 0.990326 0.949106 0.831100 0.836133 0.889778 0.856330 0.920431 0.838513 0.856999 0.799120 0.883638 0.838314 0.923428 0.876557 0.992423 0.968216 0.773366 0.837130 0.790138 0.805913 0.972125 0.921120 0.904323 0.851139 0.894576 0.863219 0.955810 0.982073 0.952698 0.830808 0.995506 0.990408 0.990779 0.927474 0.947511 0.921498 0.925059 0.913479 0.874582 0.929028 0.918498 0.944358 0.974744 0.873179 0.755359 0.699883 0.952007 0.867689 0.939358 0.840469 0.959336 0.951175 0.959114 0.909044 0.990008 0.919500 0.931744 0.823075 0.837672 0.799404 0.883866 0.943673 0.825540 0.950527 0.990942 0.963253 0.821629 0.932599 0.995456 0.964529 0.772377 0.734690 0.773552 0.812989 0.883125 0.852576
0.891121 0.955787 0.998844 0.926182 0.897663 0.922883 0.992886 0.901033 0.975154 0.871854 0.926730 0.913533 0.966559 0.953405 0.958374 0.939978 0.992224 0.964791 0.968510 0.989335 0.950683 0.000000 0.974536 0.978071 0.876831 0.934103 0.858824 0.953042 0.992636 0.980023 0.968823 0.965966 0.993692 0.908759 0.977691 0.973257 0.885286 0.880870 0.995323 0.726662 0.960556 0.988173 0.917282 0.861077 0.938181 0.876390 0.902754 0.895512 0.933493 0.860855 0.852676 0.881811 0.905041 0.889232 0.854719 0.800076 0.975616 0.988406 0.953168 0.968610 0.992338 0.987872 0.992690 0.993357 0.981458 0.962294 0.923104 0.959455 0.981220 0.926156 0.926965 0.952509 0.924116 0.682777 0.816212 0.872201 0.898139 0.809326 0.980532 0.908743 0.924020 0.949507 0.875306 0.930214 0.979681 0.977607 0.891943 0.864873 0.982056 0.949517 0.890674 0.920751 0.949072 0.968551 0.946023 0.950450 0.710682 0.942029 0.943732 0.962918 0.919683 0.980829 0.946445 0.867447 0.845952 0.974417 0.947804 0.938908 0.961081 0.930583 0.980996 0.768341 0.952252 0.963800 0.964138 0.945366
0.854351 0.921606 0.561635 0.418330 0.799061 0.756038 0.836177 0.645059 0.581888 0.873188 0.921083 0.645429 0.520916 0.471995 0.502009 0.366183 0.951243 0.978784 0.676338 0.733754 0.806657 0.974536 0.000000 0.435737 0.489025 0.615641 0.970643 0.935045 0.935809 0.851081 0.467110 0.420253 0.700635 0.843673 0.948162 0.968095 0.618441 0.750897 0.768244 0.883638 0.942351 0.824696 0.769011 0.799546 0.840393 0.897890 0.746715 0.844813 0.707447 0.785664 0.890043 0.886354 0.974802 0.939386 0.951224 0.901611 0.978044 0.969204 0.981232 0.939151 0.673061 0.512025 0.935963 0.910154 0.564430 0.499684 0.931006 0.785835 0.793562 0.979451 0.560751 0.569867 0.532660 0.837093 0.946514 0.998112 0.775444 0.803320 0.890074 0.943102 0.970153 0.845695 0.659799 0.800618 0.653666 0.514745 0.995000 0.933896 0.663608 0.702557 0.930171 0.816576 0.947519 0.943483 0.815231 0.989440 0.808099 0.965989 0.879993 0.857408 0.944569 0.971460 0.872756 0.941244 0.749945 0.705928 0.973513 0.826941 0.758885 0.893415 0.973070 0.905208 0.981714 0.959653 0.616309 0.972832
0.907783 0.817298 0.609357 0.594987 0.874686 0.578838 0.933131 0.898289 0.660618 0.867800 0.820367 0.995680 0.724119 0.687368 0.634199 0.505304 0.648305 0.725290 0.994158 0.969669 0.727269 0.978071 0.435737 0.000000 0.425254 0.447240 0.861180 0.821702 0.809549 0.884004 0.689035 0.683054 0.941833 0.902153 0.860101 0.954298 0.712440 0.946845 0.607250 0.833117 0.957891 0.900590 0.950715 0.980169 0.809478 0.785808 0.901172 0.976793 0.664508 0.701603 0.775504 0.761138 0.932491 0.823929 0.951631 0.892139 0.709110 0.709667 0.738564 0.885223 0.888001 0.644399 0.633408 0.719514 0.455780 0.414020 0.968151 0.829208 0.997537 0.825187 0.769283 0.823279 0.662247 0.864660 0.922805 0.933118 0.976548 0.918611 0.877126 0.978228 0.784977 0.917004 0.931674 0.962340 0.590677 0.388772 0.871885 0.824056 0.627455 0.673212 0.926867 0.860037 0.981398 0.920994 0.946227 0.890009 0.808106 0.844402 0.918104 0.985372 0.913336 0.908128 0.698734 0.895974 0.896392 0.868581 0.961064 0.917494 0.876634 0.849278 0.943284 0.723692 0.815534 0.951605 0.829867 0.862115
0.979554 0.990633 0.549072 0.661889 0.749247 0.722659 0.921332 0.986821 0.651679 0.769440 0.952217 0.960489 0.761427 0.765292 0.647776 0.595365 0.768720 0.811612 0.933361 0.907453 0.789921 0.876831 0.489025 0.425254 0.000000 0.458162 0.816812 0.767390 0.908130 0.940807 0.650366 0.656426 0.950500 0.961464 0.820084 0.945261 0.727535 0.742662 0.565795 0.837644 0.900822 0.966697 0.988235 0.930981 0.758358 0.753977 0.933949 0.973142 0.640040 0.721618 0.685449 0.706390 0.810411 0.727542 0.966056 0.914842 0.908980 0.830608 0.783340 0.947278 0.914010 0.754698 0.655569 0.741324 0.418383 0.499919 0.918730 0.890900 0.823922 0.917495 0.839246 0.823044 0.552970 0.686857 0.983390 0.997691 0.950159 0.804950 0.892466 0.913930 0.913899 0.783260 0.799835 0.879000 0.549975 0.357539 0.952181 0.825717 0.654109 0.677996 0.902516 0.767920 0.843809 0.831654 0.947257 0.915321 0.978570 0.828204 0.854999 0.895742 0.806140 0.831024 0.748194 0.861504 0.975363 0.881388 0.890673 0.885387 0.894002 0.902853 0.902588 0.718543 0.857406 0.881932 0.765027 0.937915
0.892447 0.813536 0.460897 0.565703 0.898461 0.570367 0.855250 0.817561 0.489805 0.937801 0.816841 0.883984 0.842104 0.814452 0.811782 0.727461 0.593517 0.627683 0.939702 0.925401 0.856870 0.934103 0.615641 0.447240 0.458162 0.000000 0.983640 0.793662 0.704165 0.700094 0.709213 0.800508 0.888744 0.985034 0.709536 0.901634 0.771831 0.908302 0.569795 0.970134 0.985991 0.911191 0.883717 0.987588 0.982683 0.913890 0.890815 0.975370 0.740135 0.801474 0.867081 0.823380 0.999525 0.933012 0.907363 0.973760 0.749822 0.651296 0.799291 0.855191 0.775617 0.624184 0.602202 0.635028 0.371313 0.367731 0.819152 0.704332 0.950084 0.753940 0.716745 0.729411 0.667359 0.839109 0.929345 0.956426 0.924503 0.997051 0.768278 0.989825 0.708577 0.974401 0.994440 0.857556 0.607496 0.458999 0.881848 0.830255 0.635102 0.724269 0.758276 0.894416 0.769188 0.832988 0.845959 0.952995 0.758889 0.880418 0.887385 0.943985 0.919052 0.947776 0.788618 0.925960 0.870247 0.854707 0.885697 0.889027 0.942077 0.896781 0.932706 0.833255 0.987278 0.969986 0.894445 0.834589
0.922411 0.979635 0.907879 0.914159 0.949202 0.939522 0.659574 0.787117 0.908779 0.837171 0.942116 0.986339 0.974133 0.895110 0.920411 0.951913 0.968544 0.960396 0.991883 0.868481 0.944357 0.858824 0.970643 0.861180 0.816812 0.983640 0.000000 0.826829 0.996213 0.962951 0.855254 0.936127 0.801959 0.876709 0.914804 0.845674 0.934402 0.709597 0.974850 0.883883 0.889783 0.834449 0.810023 0.873737 0.689429 0.753948 0.934481 0.891067 0.890837 0.898173 0.755792 0.795733 0.696093 0.653383 0.959180 0.938646 0.955104 0.939893 0.855680 0.922002 0.738314 0.815779 0.882388 0.882359 0.949715 0.931384 0.651201 0.699403 0.836596 0.939179 0.823282 0.852968 0.987073 0.947722 0.975974 0.951344 0.824918 0.995945 0.968958 0.882171 0.949613 0.792283 0.872295 0.740024 0.872012 0.838118 0.930097 0.640276 0.913531 0.669625 0.762208 0.782260 0.712602 0.848070 0.895829 0.945036 0.902790 0.959723 0.737989 0.864407 0.676482 0.768287 0.908953 0.826233 0.954333 0.974973 0.824404 0.784734 0.889197 0.939565 0.724812 0.869747 0.812799 0.865829 0.903934 0.946526
0.825081 0.703411 0.947720 0.965603 0.812399 0.684104 0.648737 0.818532 0.965704 0.813661 0.758169 0.697250 0.876326 0.959488 0.839750 0.906217 0.723271 0.716551 0.743710 0.753915 0.983990 0.953042 0.935045 0.821702 0.767390 0.793662 0.826829 0.000000 0.727827 0.758105 0.950488 0.938110 0.782860 0.755255 0.837071 0.869913 0.904865 0.933738 0.784376 0.903128 0.963370 0.913440 0.818635 0.757901 0.734570 0.706333 0.827020 0.790329 0.715370 0.757872 0.764341 0.775016 0.911217 0.897049 0.898729 0.914487 0.721696 0.667699 0.620694 0.658490 0.697105 0.881401 0.644749 0.673708 0.838707 0.882482 0.700829 0.801259 0.981807 0.903564 0.991687 0.966243 0.986538 0.966797 0.891649 0.902140 0.709027 0.950337 0.804189 0.790677 0.702278 0.773395 0.918531 0.802457 0.997614 0.863107 0.966170 0.830135 0.951621 0.903086 0.962359 0.969231 0.936310 0.927481 0.913301 0.962634 0.901848 0.662491 0.837068 0.788472 0.921279 0.695772 0.741810 0.744409 0.847146 0.959674 0.922418 0.875105 0.882816 0.809808 0.954463 0.885736 0.851528 0.834343 0.923070 0.878814
0.464565 0.450222 0.916327 0.994618 0.993561 0.725103 0.816098 0.824453 0.900863 0.714913 0.379037 0.440464 0.708338 0.690846 0.880412 0.825640 0.322365 0.306041 0.438941 0.417881 0.899841 0.992636 0.935809 0.809549 0.908130 0.704165 0.996213 0.727827 0.000000 0.284389 0.748756 0.702394 0.570166 0.520393 0.854972 0.937841 0.996563 0.694545 0.935550 0.784139 0.993569 0.806076 0.846547 0.696289 0.842233 0.722747 0.692014 0.653986 0.681015 0.648042 0.788514 0.675399 0.917401 0.943505 0.991262 0.902374 0.455422 0.393467 0.572571 0.513976 0.696699 0.904171 0.400777 0.333172 0.652379 0.731271 0.896206 0.925453 0.497198 0.560785 0.910355 0.968381 0.773409 0.704777 0.883997 0.975453 0.840165 0.760217 0.523277 0.777939 0.379055 0.600078 0.526256 0.529558 0.985299 0.870929 0.834957 0.825024 0.854993 0.957682 0.706705 0.660996 0.595885 0.610024 0.916927 0.826658 0.999146 0.706812 0.851432 0.863377 0.960084 0.950449 0.560014 0.598033 0.915361 0.814294 0.977256 0.915105 0.996527 0.724459 0.976250 0.948868 0.775098 0.766234 0.791416 0.845245
0.441724 0.530704 0.948506 0.938535 0.942112 0.807986 0.814856 0.795105 0.830850 0.755158 0.378325 0.384056 0.634492 0.605277 0.776585 0.708335 0.314623 0.329074 0.474909 0.417166 0.941653 0.980023 0.851081 0.884004 0.940807 0.700094 0.962951 0.758105 0.284389 0.000000 0.659145 0.631241 0.556381 0.513158 0.907517 0.943276 0.957528 0.774066 0.927318 0.783166 0.913849 0.805748 0.918348 0.743691 0.943613 0.817954 0.674595 0.681908 0.800416 0.760657 0.875997 0.754275 0.984880 0.986808 0.956482 0.935793 0.554260 0.479016 0.569057 0.545041 0.649680 0.855866 0.377280 0.304984 0.654490 0.780218 0.877538 0.867134 0.457361 0.550936 0.879612 0.995426 0.741738 0.670750 0.785817 0.983948 0.829922 0.648407 0.533370 0.721694 0.368046 0.629017 0.469886 0.548296 0.964026 0.914833 0.824477 0.819365 0.795772 0.895469 0.642867 0.571489 0.532237 0.522248 0.969615 0.780080 0.958381 0.692517 0.938218 0.918419 0.980120 0.997924 0.636454 0.589054 0.856138 0.682816 0.947919 0.957367 0.887879 0.732443 0.982844 0.981345 0.940239 0.882209 0.706543 0.761990
0.807622 0.794662 0.526949 0.468823 0.782811 0.933821 0.557834 0.499565 0.581959 0.689385 0.674966 0.588105 0.590467 0.583030 0.691767 0.522038 0.832334 0.833055 0.629870 0.722171 0.921522 0.968823 0.467110 0.689035 0.650366 0.709213 0.855254 0.950488 0.748756 0.659145 0.000000 0.400480 0.517791 0.531664 0.892782 0.819920 0.817378 0.828360 0.749059 0.942546 0.962412 0.868281 0.685862 0.690730 0.880606 0.818000 0.646757 0.648822 0.895898 0.978994 0.932837 0.929335 0.863739 0.907924 0.999749 0.936889 0.907419 0.950581 0.776040 0.742234 0.438280 0.460369 0.828821 0.698394 0.750074 0.587990 0.642254 0.499179 0.777373 0.951514 0.598459 0.662234 0.641682 0.695396 0.827119 0.931700 0.712795 0.618287 0.781370 0.897545 0.801965 0.877786 0.618071 0.879387 0.888186 0.736920 0.891524 0.794861 0.765849 0.944500 0.945802 0.858687 0.970128 0.850120 0.836139 0.777192 0.883102 0.712821 0.800382 0.773444 0.693645 0.986026 0.967001 0.732940 0.671206 0.641417 0.813050 0.690499 0.788483 0.868256 0.799039 0.982640 0.878863 0.895435 0.529746 0.989467
0.777658 0.768086 0.592034 0.489121 0.884892 0.980845 0.694427 0.620756 0.692118 0.768167 0.714759 0.598985 0.659051 0.559498 0.668884 0.513937 0.827401 0.798808 0.578543 0.690821 0.807181 0.965966 0.420253 0.683054 0.656426 0.800508 0.936127 0.938110 0.702394 0.631241 0.400480 0.000000 0.531157 0.640015 0.957223 0.927947 0.762637 0.715446 0.881071 0.813334 0.977469 0.892408 0.678489 0.635096 0.896106 0.807209 0.657701 0.726954 0.981847 0.977495 0.907736 0.884190 0.889340 0.906039 0.991686 0.931045 0.830580 0.912416 0.831083 0.819634 0.579308 0.581755 0.845467 0.726048 0.799955 0.674319 0.799473 0.660848 0.776799 0.956441 0.712448 0.722870 0.739085 0.765689 0.886104 0.976454 0.761607 0.588032 0.800054 0.826184 0.781772 0.878958 0.641944 0.719785 0.864153 0.709935 0.912689 0.778358 0.840441 0.987461 0.970214 0.783211 0.868157 0.868518 0.962367 0.870860 0.964750 0.816438 0.794435 0.835362 0.804837 0.862807 0.879776 0.792171 0.734375 0.708133 0.936393 0.760441 0.737681 0.804001 0.884183 0.996450 0.865359 0.874967 0.486864 0.979313
0.579386 0.612169 0.677639 0.574165 0.977896 0.997077 0.422777 0.460977 0.747347 0.575863 0.532095 0.497891 0.594303 0.514814 0.812460 0.713216 0.541754 0.584618 0.449569 0.588089 0.968579 0.993692 0.700635 0.941833 0.950500 0.888744 0.801959 0.782860 0.570166 0.556381 0.517791 0.531157 0.000000 0.403861 0.894362 0.803457 0.762123 0.822392 0.994768 0.896383 0.820391 0.731434 0.610807 0.501133 0.587588 0.565285 0.462068 0.559429 0.716446 0.664491 0.657263 0.636831 0.681587 0.762697 0.840921 0.873143 0.614899 0.632932 0.572623 0.675186 0.351704 0.573892 0.526397 0.478073 0.984283 0.877209 0.481064 0.539520 0.633578 0.775989 0.678193 0.646349 0.688678 0.780524 0.809918 0.963987 0.662619 0.679845 0.598126 0.720426 0.539870 0.737504 0.546034 0.705575 0.801425 0.876360 0.968036 0.816696 0.922637 0.951972 0.834092 0.991991 0.945317 0.930752 0.753837 0.818632 0.847186 0.608089 0.521285 0.639286 0.689674 0.803835 0.658646 0.439371 0.717548 0.695839 0.977360 0.689237 0.848345 0.683783 0.639200 0.799195 0.722216 0.633324 0.549854 0.980586
0.565785 0.531723 0.747823 0.604193 0.967354 0.858815 0.400190 0.399503 0.803955 0.517559 0.422905 0.485523 0.766890 0.724126 0.977818 0.843328 0.492875 0.521407 0.422332 0.551160 0.858970 0.908759 0.843673 0.902153 0.961464 0.985034 0.876709 0.755255 0.520393 0.513158 0.531664 0.640015 0.403861 0.000000 0.902433 0.845567 0.900402 0.818805 0.969834 0.998996 0.944429 0.859643 0.600159 0.466951 0.612821 0.516628 0.465190 0.434584 0.704439 0.629096 0.711218 0.671253 0.819268 0.887278 0.966343 0.906380 0.547864 0.579570 0.402428 0.435700 0.381914 0.606298 0.466638 0.415400 0.933734 0.908900 0.462912 0.465252 0.639215 0.768652 0.849912 0.830289 0.823787 0.753148 0.891174 0.920063 0.642920 0.624305 0.513571 0.741249 0.578565 0.869350 0.641055 0.751597 0.936645 0.944616 0.832177 0.742962 0.916743 0.952306 0.995692 0.886306 0.940623 0.770393 0.837098 0.875948 0.955430 0.544257 0.604045 0.565218 0.581136 0.929028 0.576094 0.492361 0.714788 0.649349 0.972958 0.649378 0.883949 0.663618 0.686118 0.797020 0.688179 0.658093 0.584395 0.836139
0.976303 0.973145 0.624878 0.761078 0.739199 0.906023 0.780878 0.831891 0.707318 0.962324 0.991733 0.952961 0.969677 0.994205 0.955379 0.879867 0.839762 0.824657 0.998447 0.992315 0.961772 0.977691 0.948162 0.860101 0.820084 0.709536 0.914804 0.837071 0.854972 0.907517 0.892782 0.957223 0.894362 0.902433 0.000000 0.971887 0.965357 0.960933 0.942892 0.879974 0.898057 0.933785 0.806690 0.888790 0.815538 0.827819 0.748375 0.774837 0.999463 0.857095 0.906025 0.884241 0.873167 0.891721 0.858797 0.987041 0.988448 0.911641 0.931645 0.868829 0.770607 0.699021 0.848615 0.874051 0.662027 0.697465 0.764714 0.674680 0.948937 0.916776 0.886100 0.895668 0.930216 0.857763 0.908624 0.906016 0.901127 0.916976 0.886212 0.903161 0.925090 0.942094 0.966864 0.915638 0.837899 0.824071 0.926620 0.957220 0.860207 0.962628 0.809326 0.835888 0.824878 0.912865 0.981943 0.966114 0.808579 0.919262 0.843175 0.870661 0.987001 0.856252 0.951532 0.973013 0.942746 0.987607 0.814720 0.917991 0.948277 0.956586 0.983022 0.959331 0.834542 0.944920 0.854813 0.943545
0.975676 0.915931 0.942589 0.910705 0.944977 0.917603 0.781494 0.866027 0.998519 0.913450 0.984663 0.996725 0.899719 0.933796 0.917260 0.980949 0.902732 0.960238 0.926678 0.971049 0.875090 0.973257 0.968095 0.954298 0.945261 0.901634 0.845674 0.869913 0.937841 0.943276 0.819920 0.927947 0.803457 0.845567 0.971887 0.000000 0.973055 0.887917 0.948754 0.949889 0.937256 0.976460 0.820435 0.778915 0.701669 0.751992 0.810380 0.862556 0.805234 0.788544 0.807238 0.816151 0.701208 0.829809 0.966819 0.948130 0.933087 0.910197 0.804969 0.891374 0.812786 0.891031 0.910552 0.889876 0.977109 0.961568 0.727565 0.755304 0.914644 0.980070 0.982158 0.963229 0.880615 0.932273 0.932283 0.907829 0.849095 0.842450 0.918147 0.885232 0.875016 0.980104 0.905727 0.877652 0.960844 0.956860 0.985459 0.966675 0.839509 0.863299 0.887637 0.838977 0.897472 0.972363 0.875380 0.954564 0.912894 0.858874 0.829083 0.752859 0.860843 0.934121 0.856870 0.815023 0.909652 0.986255 0.983595 0.902123 0.946248 0.939973 0.785330 0.840664 0.976927 0.942096 0.887435 0.866513
0.745893 0.799027 0.681074 0.651426 0.907374 0.814862 0.943316 0.754912 0.668086 0.750957 0.970634 0.745095 0.704522 0.615377 0.676936 0.636082 0.964401 0.983155 0.632382 0.708692 0.960801 0.885286 0.618441 0.712440 0.727535 0.771831 0.934402 0.904865 0.996563 0.957528 0.817378 0.762637 0.762123 0.900402 0.965357 0.973055 0.000000 0.697930 0.803076 0.821316 0.760261 0.858523 0.630291 0.679248 0.908891 0.839868 0.638767 0.736508 0.934827 0.905629 0.900948 0.874439 0.873400 0.839673 0.816487 0.955825 0.801529 0.856292 0.987736 0.992214 0.805607 0.609945 0.836599 0.983870 0.729342 0.724032 0.993809 0.858674 0.727403 0.781998 0.694848 0.624226 0.644899 0.789885 0.930544 0.977860 0.698384 0.838950 0.926874 0.810363 0.895306 0.789680 0.765964 0.836570 0.642443 0.653174 0.930628 0.946584 0.745495 0.749060 0.823151 0.909416 0.962089 0.964191 0.909434 0.860857 0.758696 0.988110 0.730885 0.639137 0.983773 0.840850 0.975317 0.935006 0.866495 0.943748 0.903289 0.733457 0.749897 0.830076 0.936316 0.828582 0.990657 0.880876 0.942187 0.974094
0.609991 0.548503 0.879205 0.854861 0.986664 0.846495 0.967757 0.900877 0.852501 0.779109 0.738274 0.648196 0.796725 0.741907 0.866629 0.726027 0.785387 0.698566 0.573182 0.582443 0.809463 0.880870 0.750897 0.946845 0.742662 0.908302 0.709597 0.933738 0.694545 0.774066 0.828360 0.715446 0.822392 0.818805 0.960933 0.887917 0.697930 0.000000 0.894743 0.670134 0.839738 0.747507 0.741973 0.714006 0.951017 0.844087 0.650803 0.696270 0.834168 0.797014 0.891097 0.848286 0.929859 0.957922 0.938520 0.821551 0.542646 0.639681 0.961646 0.858504 0.966335 0.829165 0.971141 0.830167 0.923008 0.995959 0.831262 0.936029 0.663239 0.678423 0.853727 0.764989 0.761337 0.779911 0.837758 0.926649 0.978099 0.774231 0.840481 0.909929 0.677233 0.608540 0.647167 0.469749 0.774374 0.872595 0.925684 0.935342 0.903832 0.767266 0.962208 0.929363 0.815134 0.917282 0.830120 0.854828 0.924148 0.818738 0.868172 0.831255 0.939106 0.991176 0.728541 0.966451 0.964385 0.901317 0.972457 0.914421 0.938062 0.796734 0.878308 0.833867 0.921546 0.717532 0.873994 0.973114
