0.000000 0.300011 0.455693 0.410188 0.781571 0.716606 0.423899 0.350331 0.598304 0.595896 0.388665 0.296459 0.309597 0.496312 0.516830 0.552956 0.307650 0.305406 0.321186 0.286983 0.698544 0.804303 0.572663 0.622534 0.839743 0.694963 0.927423 0.977144 0.357930 0.305878 0.457859 0.566445 0.393705 0.351656 0.750166 0.752650 0.697973 0.731577 0.810460 0.850273 0.940065 0.856529 0.392414 0.370254 0.359187 0.299113 0.326574 0.355387 0.638347 0.316670 0.305607 0.344265 0.497785 0.486838 0.570722 0.656528 0.402345 0.361599 0.252035 0.296587 0.264095 0.346763 0.262595 0.290798 0.513064 0.376918 0.361101 0.282993 0.455608 0.410641 0.571472 0.545458 0.460365 0.422983 0.817532 0.719288 0.552042 0.526427 0.390957 0.424998 0.278513 0.293730 0.522297 0.506756 0.468887 0.454004 0.963354 0.703481 0.667255 0.611078 0.662606 0.729921 0.675049 0.851021 0.612552 0.613261 0.572560 0.720294 0.408665 0.416593 0.634717 0.769280 0.525353 0.607522 0.530798 0.618965 0.985790 0.774229 0.708505 0.676536 0.885576 0.514334 0.498897 0.665724 0.687698 0.933924
0.300011 0.000000 0.611482 0.554658 0.789667 0.868423 0.540875 0.412253 0.774174 0.619575 0.480396 0.357165 0.456214 0.530529 0.644568 0.659868 0.282010 0.327288 0.402249 0.379796 0.731151 0.810949 0.723488 0.766021 0.943695 0.805714 0.797952 0.981497 0.314556 0.340892 0.547302 0.683679 0.447088 0.437917 0.873563 0.664878 0.716000 0.733669 0.843482 0.753536 0.979133 0.601769 0.444449 0.422840 0.424262 0.418103 0.468881 0.398315 0.637035 0.461787 0.376697 0.434535 0.679473 0.551908 0.711066 0.741308 0.303176 0.252768 0.308897 0.349566 0.382107 0.411059 0.319713 0.228227 0.674984 0.515690 0.473786 0.359160 0.476139 0.318970 0.654510 0.546280 0.522266 0.514428 0.965354 0.738634 0.621637 0.486363 0.529800 0.567857 0.317261 0.400020 0.541796 0.502291 0.614046 0.579835 0.956288 0.901355 0.749390 0.663284 0.791028 0.788454 0.734603 0.852943 0.571760 0.746154 0.691625 0.521766 0.477469 0.468303 0.688945 0.809278 0.610861 0.534968 0.530012 0.654195 0.940197 0.785464 0.883765 0.727133 0.817365 0.522014 0.650324 0.650821 0.718897 0.859324
0.455693 0.611482 0.000000 0.196424 0.791138 0.682316 0.253246 0.316483 0.416516 0.579816 0.502052 0.498248 0.356380 0.594952 0.457646 0.519755 0.648258 0.511414 0.411031 0.477549 0.664236 0.720608 0.371457 0.375846 0.551713 0.429607 0.952607 0.946273 0.571690 0.517529 0.343444 0.365577 0.346491 0.406304 0.761618 0.948389 0.611125 0.912260 0.627639 0.862162 0.833611 0.962678 0.359376 0.358962 0.390047 0.416867 0.344208 0.462325 0.733061 0.554918 0.530154 0.495434 0.574949 0.553610 0.566955 0.682605 0.769839 0.787339 0.496300 0.590783 0.279597 0.410530 0.631733 0.677756 0.245735 0.226066 0.307664 0.291455 0.624672 0.625410 0.499082 0.637687 0.497617 0.519647 0.921618 0.791151 0.603122 0.655284 0.588000 0.565977 0.501614 0.379319 0.631264 0.607468 0.406977 0.325938 0.934754 0.659206 0.673611 0.556950 0.584726 0.680547 0.611295 0.703373 0.561339 0.658733 0.549264 0.700937 0.522377 0.466678 0.642417 0.668459 0.723121 0.638887 0.495171 0.631711 0.838206 0.843898 0.835390 0.861413 0.866388 0.561249 0.562049 0.815528 0.623434 0.906447
0.410188 0.554658 0.196424 0.000000 0.772118 0.637281 0.244317 0.247014 0.410948 0.549396 0.538448 0.409859 0.348148 0.475167 0.393409 0.411345 0.599041 0.464093 0.363333 0.454749 0.550831 0.656956 0.326963 0.344703 0.615304 0.428739 0.998745 0.927995 0.465037 0.441387 0.290778 0.324229 0.268530 0.292544 0.698451 0.920544 0.626675 0.917917 0.712921 0.936981 0.910219 0.894092 0.298176 0.287330 0.347939 0.368261 0.303081 0.446711 0.727432 0.529764 0.500690 0.414875 0.559287 0.501815 0.565741 0.691391 0.713914 0.734173 0.441489 0.537238 0.263008 0.349788 0.574674 0.585626 0.262148 0.197474 0.266597 0.254145 0.632479 0.573852 0.406758 0.525075 0.452970 0.470805 0.843704 0.749452 0.537205 0.613678 0.532842 0.528149 0.467926 0.335683 0.584265 0.469877 0.365416 0.283491 0.961394 0.698859 0.700026 0.527826 0.481537 0.602967 0.505777 0.626070 0.574591 0.682088 0.541393 0.653642 0.447633 0.395546 0.572984 0.658215 0.681266 0.554118 0.442857 0.590067 0.848321 0.860980 0.919645 0.889587 0.811014 0.470105 0.499842 0.688430 0.586237 0.929541
0.781571 0.789667 0.791138 0.772118 0.000000 0.699913 0.704773 0.715722 0.867843 0.884121 0.858704 0.787475 0.666301 0.888709 0.745010 0.726685 0.813131 0.861953 0.744858 0.858346 0.725225 0.756128 0.682753 0.773323 0.974354 0.907669 0.758230 0.841466 0.741185 0.799124 0.768602 0.939000 0.757755 0.721642 0.916627 0.977388 0.966241 0.849772 0.816334 0.925529 0.890585 0.898716 0.808502 0.754145 0.693904 0.678856 0.637821 0.674220 0.898502 0.744274 0.711079 0.684530 0.836426 0.622872 0.790798 0.765510 0.922407 0.933161 0.743552 0.766368 0.637879 0.694422 0.729948 0.808735 0.731313 0.683699 0.640734 0.692232 0.892535 0.816892 0.595686 0.737641 0.764502 0.856128 0.959578 0.795814 0.800258 0.925422 0.961781 0.893484 0.650403 0.682892 0.697225 0.761405 0.636538 0.663492 0.884577 0.952638 0.916482 0.837189 0.853606 0.831434 0.818182 0.921972 0.926836 0.861310 0.858089 0.907950 0.825607 0.741701 0.913593 0.905981 0.844473 0.881392 0.731649 0.779874 0.898988 0.981652 0.824957 0.982615 0.948534 0.846923 0.793136 0.836175 0.831493 0.985874
0.716606 0.868423 0.682316 0.637281 0.699913 0.000000 0.542394 0.594424 0.638936 0.662474 0.733962 0.714981 0.627251 0.817378 0.725790 0.634709 0.817209 0.761312 0.700046 0.781609 0.701830 0.954818 0.663257 0.697057 0.932692 0.895008 0.879046 0.815303 0.757531 0.803604 0.688294 0.769095 0.709482 0.685305 0.676985 0.996660 0.971058 0.724086 0.949359 0.769522 0.935380 0.976929 0.635416 0.655887 0.603055 0.633355 0.605068 0.627201 0.941486 0.821354 0.860824 0.750138 0.780183 0.739093 0.858204 0.918330 0.986406 0.953462 0.781094 0.794965 0.644050 0.715955 0.757732 0.870146 0.781538 0.638738 0.560318 0.691920 0.803200 0.811425 0.664948 0.618509 0.781223 0.872841 0.776941 0.821584 0.692559 0.815658 0.714876 0.797893 0.671801 0.601204 0.866452 0.676184 0.710031 0.694078 0.936643 0.876020 0.982061 0.836886 0.592860 0.687450 0.582125 0.699173 0.700909 0.787083 0.656919 0.927711 0.744200 0.690662 0.744927 0.667016 0.841632 0.784484 0.634950 0.861766 0.868556 0.956191 0.898162 0.966722 0.814437 0.713816 0.704113 0.734732 0.742228 0.894919
0.423899 0.540875 0.253246 0.244317 0.704773 0.542394 0.000000 0.195720 0.396780 0.395742 0.413577 0.453132 0.367020 0.598194 0.513266 0.545440 0.440884 0.339684 0.269827 0.421797 0.621479 0.657426 0.466186 0.528614 0.793487 0.657649 0.995803 0.925130 0.465690 0.426677 0.439779 0.382336 0.302013 0.280355 0.791570 0.895365 0.751265 0.997642 0.901057 0.898449 0.980352 0.886927 0.257314 0.228680 0.281060 0.331319 0.338580 0.387065 0.812947 0.604353 0.538539 0.527599 0.674282 0.484691 0.637739 0.789454 0.586576 0.682447 0.449396 0.640551 0.301159 0.496969 0.498875 0.576497 0.414835 0.311027 0.196387 0.255661 0.561024 0.602582 0.404951 0.470516 0.513377 0.511863 0.898111 0.709463 0.473306 0.549583 0.528660 0.535538 0.401379 0.309833 0.615915 0.570506 0.469346 0.435297 0.899626 0.768656 0.799911 0.759937 0.395652 0.417996 0.428967 0.454655 0.502455 0.642467 0.506689 0.656925 0.411751 0.348067 0.555435 0.484964 0.615211 0.459400 0.441720 0.558490 0.818814 0.835830 0.841256 0.836893 0.744594 0.433972 0.450024 0.653244 0.665400 0.916526
0.350331 0.412253 0.316483 0.247014 0.715722 0.594424 0.195720 0.000000 0.485131 0.349488 0.427750 0.316367 0.320897 0.451949 0.442721 0.458932 0.392928 0.305418 0.297045 0.352753 0.645507 0.685072 0.470967 0.508946 0.848488 0.695858 0.892098 0.928991 0.379791 0.341473 0.456443 0.418820 0.281687 0.254730 0.800359 0.908221 0.761699 0.909469 0.893746 0.901204 0.996688 0.812097 0.255548 0.239597 0.278144 0.293462 0.344603 0.382859 0.696459 0.503340 0.454062 0.417954 0.608592 0.454742 0.644851 0.785408 0.497536 0.533572 0.344025 0.478931 0.251348 0.326663 0.434444 0.400447 0.428749 0.270194 0.229572 0.249509 0.616881 0.467214 0.439870 0.495297 0.534228 0.526236 0.919770 0.673561 0.519907 0.482201 0.469654 0.584544 0.387875 0.333989 0.614480 0.525533 0.472680 0.418496 0.962153 0.814781 0.799087 0.658154 0.417342 0.464799 0.411623 0.561546 0.442089 0.594051 0.506730 0.585809 0.341702 0.274753 0.487884 0.578605 0.564316 0.459972 0.394959 0.488654 0.895561 0.791032 0.880881 0.747244 0.750150 0.359881 0.422399 0.620478 0.691473 0.867060
0.598304 0.774174 0.416516 0.410948 0.867843 0.638936 0.396780 0.485131 0.000000 0.599755 0.699841 0.632216 0.565320 0.676938 0.604356 0.546230 0.730754 0.681996 0.534428 0.582834 0.708293 0.740530 0.485450 0.512878 0.689646 0.652272 0.874646 0.966581 0.718377 0.652374 0.515026 0.396132 0.505541 0.512860 0.767069 0.999491 0.835505 0.909868 0.810341 0.913775 0.830896 0.920459 0.445539 0.458687 0.486445 0.521441 0.453122 0.572833 0.829608 0.640954 0.563749 0.567731 0.582891 0.523831 0.712646 0.721153 0.862060 0.952944 0.609741 0.777290 0.515241 0.686064 0.717372 0.816996 0.513966 0.488425 0.408750 0.531190 0.658114 0.738842 0.510572 0.672737 0.555589 0.578004 0.918700 0.770462 0.680047 0.659633 0.722510 0.569459 0.657321 0.566303 0.741679 0.767429 0.594078 0.550491 0.733918 0.694288 0.788884 0.767761 0.483107 0.585058 0.477673 0.619432 0.605234 0.707170 0.550738 0.735656 0.490346 0.550548 0.590835 0.626625 0.767863 0.663053 0.614593 0.646311 0.931312 0.793248 0.986571 0.972593 0.731758 0.628036 0.613425 0.958992 0.662005 0.905935
0.595896 0.619575 0.579816 0.549396 0.884121 0.662474 0.395742 0.349488 0.599755 0.000000 0.536562 0.520394 0.613889 0.658419 0.706201 0.710293 0.478660 0.461423 0.502700 0.513498 0.826673 0.835674 0.709420 0.769116 0.948983 0.898525 0.923803 0.996274 0.579417 0.513304 0.693352 0.482598 0.468583 0.438096 0.837139 0.962967 0.940529 0.893074 0.984324 0.968259 0.921847 0.759995 0.459891 0.449043 0.476399 0.512898 0.654761 0.605754 0.785027 0.672444 0.672604 0.639682 0.799148 0.648707 0.841921 0.953566 0.596778 0.715033 0.500392 0.690962 0.566010 0.600565 0.636912 0.605672 0.710624 0.565553 0.463221 0.506508 0.652124 0.556013 0.612902 0.623149 0.738437 0.714754 0.881071 0.756973 0.646420 0.541976 0.619838 0.609971 0.582498 0.577296 0.819424 0.705903 0.772408 0.731258 0.937802 0.921845 0.993984 0.928502 0.523109 0.504600 0.531109 0.598652 0.556131 0.628699 0.550843 0.596889 0.396951 0.419734 0.555861 0.477013 0.598138 0.529181 0.686059 0.536142 0.947402 0.827973 0.983140 0.834745 0.721049 0.494832 0.617397 0.797466 0.828360 0.828281
0.388665 0.480396 0.502052 0.538448 0.858704 0.733962 0.413577 0.427750 0.699841 0.536562 0.000000 0.396294 0.458692 0.614395 0.741364 0.749188 0.386003 0.274288 0.287673 0.303050 0.754295 0.805564 0.845652 0.766647 0.930279 0.860679 0.977105 0.910873 0.462124 0.348982 0.646489 0.631247 0.563236 0.437814 0.942496 0.885214 0.906179 0.839700 0.913902 0.780356 0.964290 0.974595 0.545542 0.488842 0.556729 0.548457 0.546656 0.562623 0.945799 0.643494 0.623119 0.697670 0.773468 0.637603 0.809184 0.984908 0.428942 0.481212 0.544772 0.602190 0.452864 0.606941 0.364066 0.463546 0.721380 0.566125 0.536412 0.416781 0.597126 0.703115 0.713815 0.688311 0.705554 0.619642 0.971405 0.787024 0.678206 0.545333 0.622370 0.537109 0.450811 0.445433 0.633250 0.697834 0.800394 0.741450 0.984383 0.830632 0.930838 0.940354 0.707703 0.691565 0.750289 0.708480 0.694256 0.732699 0.772720 0.900926 0.607438 0.542372 0.680655 0.628265 0.609689 0.537603 0.691567 0.790345 0.897841 0.876499 0.984344 0.818389 0.850528 0.581974 0.611467 0.741284 0.872639 0.947096
0.296459 0.357165 0.498248 0.409859 0.787475 0.714981 0.453132 0.316367 0.632216 0.520394 0.396294 0.000000 0.274592 0.307200 0.361757 0.406387 0.388700 0.354141 0.386015 0.354360 0.657626 0.774026 0.522011 0.548636 0.962263 0.818488 0.998002 0.919911 0.316684 0.291632 0.492052 0.559870 0.405125 0.381477 0.775569 0.871159 0.800626 0.730616 0.861573 0.859188 0.966104 0.885979 0.491305 0.470262 0.403853 0.416321 0.438735 0.442922 0.699597 0.446871 0.415388 0.388285 0.634333 0.547726 0.699545 0.784598 0.500605 0.493633 0.384761 0.393429 0.271629 0.288320 0.333781 0.283946 0.544330 0.381979 0.448139 0.351524 0.662559 0.483981 0.613633 0.648625 0.541536 0.508565 0.890806 0.701010 0.595536 0.472058 0.506058 0.584856 0.444570 0.448381 0.517730 0.601514 0.528940 0.520134 0.981635 0.880252 0.775087 0.648005 0.747487 0.788168 0.707427 0.941869 0.585211 0.697760 0.689493 0.618458 0.475625 0.416276 0.672509 0.845789 0.594955 0.624407 0.526110 0.504119 0.970586 0.803497 0.882391 0.659439 0.772169 0.514969 0.620721 0.621832 0.720437 0.937915
0.309597 0.456214 0.356380 0.348148 0.666301 0.627251 0.367020 0.320897 0.565320 0.613889 0.458692 0.274592 0.000000 0.331255 0.263140 0.298513 0.458943 0.469715 0.378853 0.446305 0.647507 0.783403 0.320464 0.373300 0.789474 0.708583 0.975466 0.977323 0.421411 0.394596 0.400045 0.505579 0.402509 0.414111 0.735783 0.885785 0.708184 0.817400 0.766765 0.871340 0.916910 0.992387 0.424247 0.422281 0.394439 0.396055 0.400912 0.429842 0.809103 0.457201 0.397947 0.405984 0.537717 0.503705 0.578121 0.783070 0.607744 0.627805 0.393474 0.485357 0.203121 0.313903 0.361399 0.400732 0.348771 0.311510 0.349410 0.323608 0.665185 0.558058 0.524227 0.545145 0.488018 0.520766 0.885873 0.637834 0.587962 0.588355 0.542938 0.663084 0.421113 0.421334 0.448317 0.618170 0.377743 0.364180 0.841685 0.737875 0.694641 0.634452 0.691998 0.769623 0.623453 0.890951 0.642099 0.741019 0.669803 0.737467 0.549573 0.487590 0.708350 0.801783 0.616270 0.716470 0.446561 0.551135 0.999327 0.795117 0.720930 0.749705 0.827428 0.551888 0.607914 0.647418 0.664439 0.958806
0.496312 0.530529 0.594952 0.475167 0.888709 0.817378 0.598194 0.451949 0.676938 0.658419 0.614395 0.307200 0.331255 0.000000 0.269798 0.265335 0.610916 0.549760 0.483018 0.554707 0.694807 0.748484 0.438277 0.416294 0.880812 0.756638 0.980905 0.914330 0.424924 0.430520 0.481711 0.594999 0.496691 0.502861 0.811685 0.965045 0.741070 0.766833 0.902357 0.829582 0.989717 0.825363 0.536191 0.535799 0.621729 0.602029 0.622902 0.610135 0.817967 0.586531 0.503452 0.453573 0.649059 0.556998 0.783423 0.972423 0.667620 0.663134 0.505374 0.590649 0.420366 0.444371 0.464756 0.429665 0.520194 0.461529 0.532846 0.503870 0.959495 0.592573 0.601767 0.645612 0.694867 0.580720 0.981411 0.637586 0.566478 0.572223 0.622913 0.757490 0.682494 0.696278 0.525387 0.712816 0.555582 0.503578 0.893212 0.855002 0.827908 0.703864 0.716326 0.766839 0.615985 0.877727 0.661960 0.812389 0.862511 0.625885 0.586358 0.554391 0.671777 0.885554 0.645657 0.824083 0.526342 0.546840 0.972132 0.716863 0.885623 0.747437 0.850168 0.619632 0.684590 0.715384 0.658561 0.980472
0.516830 0.644568 0.457646 0.393409 0.745010 0.725790 0.513266 0.442721 0.604356 0.706201 0.741364 0.361757 0.263140 0.269798 0.000000 0.225789 0.693831 0.683531 0.580152 0.663868 0.668404 0.768790 0.216229 0.295559 0.647021 0.648178 0.943848 0.987457 0.515068 0.519945 0.360104 0.496457 0.447570 0.503308 0.632600 0.971753 0.661315 0.860120 0.802868 0.943095 0.937542 0.991481 0.522959 0.546426 0.513236 0.517137 0.497163 0.539288 0.774641 0.541807 0.502290 0.412371 0.585154 0.566053 0.549533 0.720031 0.864347 0.859646 0.540646 0.587567 0.316955 0.364484 0.551153 0.565328 0.329197 0.337291 0.431303 0.442926 0.914379 0.629399 0.540914 0.675772 0.499598 0.567391 0.876034 0.692818 0.572244 0.673382 0.631331 0.771930 0.607982 0.586377 0.486347 0.683198 0.318004 0.339294 0.815181 0.710071 0.748822 0.581892 0.742803 0.845628 0.646988 0.964810 0.693261 0.825825 0.748491 0.691026 0.629126 0.568483 0.734940 0.945805 0.768729 0.918005 0.450170 0.510438 0.986075 0.736717 0.821030 0.799772 0.872228 0.603688 0.699021 0.787910 0.601214 0.945151
0.552956 0.659868 0.519755 0.411345 0.726685 0.634709 0.545440 0.458932 0.546230 0.710293 0.749188 0.406387 0.298513 0.265335 0.225789 0.000000 0.737853 0.702994 0.563284 0.694169 0.636816 0.768045 0.249686 0.272886 0.716186 0.709549 0.900060 0.900074 0.539911 0.572191 0.422475 0.527055 0.478521 0.537585 0.742146 0.990343 0.798849 0.834580 0.827739 0.938744 0.931582 0.971490 0.484714 0.527524 0.561693 0.531428 0.522658 0.539399 0.875535 0.570617 0.488968 0.404502 0.534119 0.454290 0.685486 0.775390 0.882411 0.891005 0.539930 0.635853 0.378087 0.445176 0.570091 0.584792 0.415990 0.382187 0.451994 0.508834 0.897936 0.694552 0.467692 0.571803 0.576970 0.640595 0.824708 0.711013 0.606537 0.685291 0.667978 0.730342 0.659409 0.624985 0.526348 0.680961 0.408038 0.341423 0.890029 0.782428 0.800855 0.704699 0.632847 0.699835 0.526583 0.851113 0.708221 0.792369 0.804409 0.694234 0.652348 0.597013 0.730744 0.788093 0.768659 0.899688 0.477274 0.578368 0.938509 0.833828 0.895652 0.872189 0.919371 0.667262 0.695655 0.687463 0.626124 0.947215
0.307650 0.282010 0.648258 0.599041 0.813131 0.817209 0.440884 0.392928 0.730754 0.478660 0.386003 0.388700 0.458943 0.610916 0.693831 0.737853 0.000000 0.228060 0.317165 0.380213 0.739885 0.771034 0.779709 0.867706 0.953588 0.911723 0.915487 0.971301 0.311616 0.310823 0.648109 0.599624 0.456997 0.391359 0.929079 0.686950 0.829551 0.764182 0.910849 0.681802 0.815989 0.660629 0.439879 0.377388 0.410776 0.444999 0.503414 0.428575 0.776971 0.543403 0.444179 0.543874 0.733358 0.598335 0.714740 0.861839 0.203443 0.293601 0.353171 0.488182 0.444526 0.568707 0.261979 0.256976 0.738003 0.619103 0.438522 0.361415 0.475676 0.480483 0.591874 0.516112 0.613999 0.566458 0.974161 0.760756 0.551768 0.444163 0.435543 0.523408 0.295880 0.452324 0.568119 0.609220 0.679476 0.709103 0.991323 0.937442 0.842121 0.856009 0.678815 0.646290 0.683555 0.759299 0.643000 0.751944 0.684951 0.581026 0.428889 0.399386 0.778798 0.756617 0.487005 0.410275 0.605697 0.564454 0.990509 0.730935 0.876728 0.628563 0.738183 0.481854 0.597080 0.618287 0.804070 0.971325
0.305406 0.327288 0.511414 0.464093 0.861953 0.761312 0.339684 0.305418 0.681996 0.461423 0.274288 0.354141 0.469715 0.549760 0.683531 0.702994 0.228060 0.000000 0.208094 0.252244 0.748443 0.699973 0.797333 0.820334 0.960822 0.817617 0.905173 0.907650 0.270201 0.252870 0.621996 0.542870 0.383446 0.309069 0.968934 0.822500 0.811932 0.831203 0.956160 0.681355 0.994233 0.709897 0.363065 0.300135 0.403594 0.402821 0.451463 0.426982 0.782649 0.560576 0.477045 0.536325 0.727031 0.554561 0.751748 0.863802 0.261341 0.302218 0.396488 0.510016 0.389370 0.541423 0.259313 0.291260 0.685974 0.508082 0.398821 0.338452 0.540591 0.530472 0.625309 0.596004 0.637687 0.501698 0.933715 0.715858 0.558465 0.470219 0.453547 0.494822 0.351735 0.360811 0.581391 0.552776 0.689730 0.652370 0.991351 0.942842 0.892516 0.822807 0.572179 0.543904 0.610389 0.634067 0.600504 0.632451 0.679026 0.650817 0.370600 0.347259 0.636544 0.648237 0.547382 0.388092 0.542925 0.621205 0.859701 0.771841 0.931638 0.678287 0.829044 0.407386 0.473822 0.608967 0.727961 0.979977
0.321186 0.402249 0.411031 0.363333 0.744858 0.700046 0.269827 0.297045 0.534428 0.502700 0.287673 0.386015 0.378853 0.483018 0.580152 0.563284 0.317165 0.208094 0.000000 0.287206 0.699331 0.648898 0.630230 0.646048 0.921963 0.752589 0.944825 0.908779 0.322790 0.263390 0.519746 0.505501 0.386228 0.274691 0.905553 0.814274 0.747733 0.917850 0.881823 0.722098 0.975538 0.794972 0.329886 0.271047 0.384916 0.386776 0.392729 0.425776 0.794351 0.504886 0.436771 0.478262 0.637003 0.444769 0.690559 0.851898 0.408989 0.471586 0.393734 0.565107 0.336594 0.539407 0.313450 0.399095 0.538863 0.437639 0.337975 0.328691 0.542335 0.533977 0.514974 0.529647 0.596218 0.494496 0.950124 0.601101 0.551512 0.554271 0.524016 0.450528 0.372853 0.355714 0.638129 0.585576 0.570744 0.548197 0.928347 0.836066 0.841224 0.819426 0.517508 0.518981 0.553410 0.583573 0.572843 0.662106 0.696039 0.662038 0.380416 0.384500 0.628258 0.618433 0.535789 0.450485 0.524224 0.635657 0.962085 0.815756 0.841622 0.793775 0.846818 0.411927 0.482759 0.624029 0.679359 0.935508
0.286983 0.379796 0.477549 0.454749 0.858346 0.781609 0.421797 0.352753 0.582834 0.513498 0.303050 0.354360 0.446305 0.554707 0.663868 0.694169 0.380213 0.252244 0.287206 0.000000 0.785324 0.688927 0.747809 0.749956 0.999496 0.768564 0.915997 0.906824 0.346041 0.299918 0.630427 0.552150 0.422380 0.343769 0.900340 0.919390 0.817783 0.824902 0.892351 0.747782 0.869687 0.896391 0.458494 0.390817 0.473392 0.455546 0.457768 0.447484 0.723036 0.486178 0.490918 0.528481 0.643673 0.590001 0.749079 0.795083 0.398759 0.388809 0.413514 0.469893 0.390106 0.478826 0.360424 0.392985 0.634789 0.482267 0.492654 0.400089 0.527626 0.501546 0.715255 0.733597 0.622517 0.525637 0.912586 0.711885 0.653560 0.616013 0.572012 0.490539 0.465316 0.381231 0.653053 0.645109 0.710086 0.650749 0.869058 0.878365 0.767789 0.713975 0.669786 0.677652 0.718610 0.789510 0.598689 0.687112 0.687982 0.731909 0.403533 0.402059 0.536905 0.684864 0.646851 0.507207 0.631474 0.667136 0.919066 0.744539 0.860163 0.760874 0.788002 0.489622 0.530183 0.733027 0.774174 0.897218
0.698544 0.731151 0.664236 0.550831 0.725225 0.701830 0.621479 0.645507 0.708293 0.826673 0.754295 0.657626 0.647507 0.694807 0.668404 0.636816 0.739885 0.748443 0.699331 0.785324 0.000000 0.739756 0.605679 0.611528 0.875945 0.713025 0.864268 0.897499 0.729483 0.797583 0.566479 0.735729 0.612620 0.564908 0.709530 0.998680 0.731039 0.927271 0.990154 0.926833 0.884656 0.922193 0.602622 0.597983 0.658929 0.662107 0.569744 0.666410 0.964888 0.723963 0.744750 0.686373 0.756571 0.675840 0.815093 0.913986 0.848731 0.829629 0.675068 0.693141 0.623194 0.674008 0.717328 0.743697 0.624831 0.552065 0.599585 0.574674 0.900230 0.823805 0.523297 0.593606 0.647892 0.676810 0.839571 0.813583 0.646326 0.628625 0.800451 0.736265 0.691699 0.684317 0.591033 0.676646 0.657540 0.634779 0.945135 0.918116 0.899875 0.815827 0.685931 0.772303 0.598756 0.743618 0.842644 0.860382 0.799360 0.831792 0.741386 0.661618 0.788793 0.784990 0.707229 0.657458 0.612696 0.760973 0.866935 0.728735 0.997302 0.915946 0.949288 0.778756 0.800157 0.770581 0.805081 0.899679
0.804303 0.810949 0.720608 0.656956 0.756128 0.954818 0.657426 0.685072 0.740530 0.835674 0.805564 0.774026 0.783403 0.748484 0.768790 0.768045 0.771034 0.699973 0.648898 0.688927 0.739756 0.000000 0.749962 0.759901 0.995894 0.820415 0.914052 0.836490 0.630278 0.707341 0.776553 0.621116 0.593493 0.691043 0.931041 0.969219 0.999430 0.926796 0.972520 0.821355 0.992031 0.990553 0.697250 0.626654 0.729326 0.723557 0.737698 0.775677 0.850475 0.810353 0.750752 0.750672 0.867811 0.636458 0.781078 0.836613 0.801530 0.807507 0.843769 0.828864 0.710988 0.844443 0.794604 0.804171 0.737675 0.700425 0.642267 0.648723 0.865628 0.847762 0.699780 0.718063 0.798306 0.646176 0.869653 0.977618 0.740249 0.763468 0.993032 0.741426 0.819252 0.723984 0.823730 0.860369 0.776824 0.720986 0.929925 0.891538 0.807056 0.776539 0.681247 0.739275 0.767497 0.760060 0.823160 0.972787 0.931057 0.816608 0.724601 0.663873 0.831921 0.870697 0.870119 0.751203 0.860075 0.677435 0.976906 0.889437 0.975209 0.948397 0.809381 0.758435 0.808294 0.765211 0.840075 0.983807
0.572663 0.723488 0.371457 0.326963 0.682753 0.663257 0.466186 0.470967 0.485450 0.709420 0.845652 0.522011 0.320464 0.438277 0.216229 0.249686 0.779709 0.797333 0.630230 0.747809 0.605679 0.749962 0.000000 0.236669 0.458220 0.508031 0.882982 0.996552 0.621393 0.659774 0.292626 0.445556 0.386632 0.529877 0.574478 0.971249 0.632565 0.916839 0.731364 0.981246 0.934852 0.975318 0.453790 0.516843 0.482097 0.485563 0.423736 0.528802 0.775595 0.567053 0.516556 0.405408 0.531028 0.555871 0.495303 0.624823 0.976092 0.976825 0.527477 0.610644 0.331032 0.394105 0.654660 0.694363 0.232418 0.286683 0.352305 0.415394 0.820428 0.625668 0.435429 0.581814 0.451269 0.582411 0.848528 0.784716 0.549639 0.759120 0.623487 0.718504 0.576932 0.552378 0.499184 0.612810 0.229589 0.228740 0.845881 0.667800 0.671745 0.551172 0.663619 0.800583 0.572105 0.922982 0.655372 0.772986 0.667158 0.694200 0.637253 0.590796 0.785602 0.862172 0.816950 0.899264 0.451082 0.533959 0.989525 0.844412 0.779989 0.881358 0.889265 0.663368 0.709099 0.796607 0.571542 0.976252
0.622534 0.766021 0.375846 0.344703 0.773323 0.697057 0.528614 0.508946 0.512878 0.769116 0.766647 0.548636 0.373300 0.416294 0.295559 0.272886 0.867706 0.820334 0.646048 0.749956 0.611528 0.759901 0.236669 0.000000 0.521878 0.485021 0.951893 0.982001 0.633930 0.671923 0.335084 0.449435 0.519859 0.553473 0.620564 0.953316 0.726539 0.910835 0.745394 0.959026 0.955891 0.964935 0.526970 0.595472 0.585952 0.552650 0.516547 0.618250 0.791869 0.637469 0.552651 0.490816 0.528170 0.541729 0.568500 0.712391 0.978267 0.976630 0.591578 0.699707 0.397732 0.480788 0.690404 0.764253 0.317897 0.335289 0.458022 0.496171 0.940902 0.720416 0.527096 0.691382 0.571848 0.661104 0.926115 0.773229 0.657693 0.746875 0.744140 0.718764 0.635576 0.592828 0.574087 0.638715 0.344372 0.295152 0.800339 0.588586 0.725342 0.603793 0.684006 0.782413 0.619361 0.861437 0.742667 0.902646 0.763843 0.759101 0.756303 0.666902 0.724461 0.890874 0.888077 0.924951 0.567574 0.719641 0.974562 0.829622 0.864785 0.953789 0.959598 0.744201 0.709904 0.836603 0.581865 0.979552
0.839743 0.943695 0.551713 0.615304 0.974354 0.932692 0.793487 0.848488 0.689646 0.948983 0.930279 0.962263 0.789474 0.880812 0.647021 0.716186 0.953588 0.960822 0.921963 0.999496 0.875945 0.995894 0.458220 0.521878 0.000000 0.377451 0.861593 0.934097 0.963149 0.995611 0.506179 0.650009 0.740873 0.870690 0.603617 0.981466 0.596980 0.991997 0.639793 0.974367 0.856041 0.918849 0.715203 0.800118 0.817909 0.783836 0.639769 0.837908 0.819661 0.831731 0.789273 0.712533 0.681474 0.912960 0.522321 0.657365 0.857351 0.919323 0.792437 0.814784 0.698053 0.716238 0.983271 0.998695 0.444302 0.586119 0.691530 0.731627 0.849669 0.828703 0.799850 0.943324 0.608909 0.812180 0.861455 0.981007 0.814754 0.933825 0.809983 0.829095 0.770072 0.798774 0.786189 0.790199 0.448971 0.437185 0.993492 0.750638 0.780800 0.587827 0.944002 0.967902 0.849424 0.979094 0.740452 0.920283 0.834567 0.848382 0.925211 0.903761 0.896877 0.911944 0.886370 0.949646 0.689092 0.916637 0.911680 0.947777 0.846726 0.929882 0.871795 0.868476 0.840061 0.836220 0.636611 0.981605
0.694963 0.805714 0.429607 0.428739 0.907669 0.895008 0.657649 0.695858 0.652272 0.898525 0.860679 0.818488 0.708583 0.756638 0.648178 0.709549 0.911723 0.817617 0.752589 0.768564 0.713025 0.820415 0.508031 0.485021 0.377451 0.000000 0.969308 0.803065 0.748348 0.775378 0.431253 0.550978 0.522681 0.638042 0.683977 0.921873 0.552145 0.977278 0.599558 0.846260 0.872549 0.896346 0.574186 0.571530 0.622564 0.577061 0.493390 0.659158 0.662240 0.652234 0.616164 0.587303 0.564737 0.725086 0.534805 0.579964 0.981218 0.916401 0.646463 0.695430 0.579632 0.581338 0.845256 0.868785 0.363030 0.434490 0.572209 0.534703 0.771584 0.703154 0.697607 0.703507 0.531524 0.572114 0.860136 0.881048 0.613426 0.914593 0.822418 0.667994 0.711386 0.587049 0.724863 0.525638 0.453239 0.387175 0.933615 0.654042 0.637226 0.451663 0.741938 0.894826 0.789638 0.862636 0.722471 0.853471 0.670451 0.718263 0.702884 0.607000 0.787311 0.901450 0.852939 0.779790 0.608454 0.909426 0.817513 0.811815 0.949027 0.999146 0.989267 0.772657 0.668629 0.955128 0.571262 0.963131
0.927423 0.797952 0.952607 0.998745 0.758230 0.879046 0.995803 0.892098 0.874646 0.923803 0.977105 0.998002 0.975466 0.980905 0.943848 0.900060 0.915487 0.905173 0.944825 0.915997 0.864268 0.914052 0.882982 0.951893 0.861593 0.969308 0.000000 0.969146 0.897624 0.871100 0.983655 0.980221 0.984815 0.909635 0.935389 0.896053 0.993298 0.984806 0.902247 0.923704 0.913023 0.966402 0.958929 0.949152 0.900226 0.909464 0.930262 0.883532 0.831269 0.916342 0.858518 0.934638 0.998298 0.886159 0.911612 0.894918 0.806084 0.760454 0.881614 0.849259 0.918663 0.898322 0.890335 0.812633 0.972896 0.975386 0.927699 0.970464 0.995615 0.801889 0.929985 0.912812 0.963144 0.975309 0.948054 0.877180 0.893967 0.970248 0.922983 0.933781 0.898385 0.889640 0.989644 0.873042 0.993890 0.987211 0.764242 0.955478 0.865000 0.806132 0.972157 0.961795 0.972436 0.973396 0.982208 0.874202 0.998372 0.836359 0.943935 0.933006 0.931801 0.883507 0.944447 0.845314 0.947399 0.902756 0.967414 0.908199 0.915616 0.864178 0.918683 0.844176 0.845918 0.992957 0.941350 0.935743
0.977144 0.981497 0.946273 0.927995 0.841466 0.815303 0.925130 0.928991 0.966581 0.996274 0.910873 0.919911 0.977323 0.914330 0.987457 0.900074 0.971301 0.907650 0.908779 0.906824 0.897499 0.836490 0.996552 0.982001 0.934097 0.803065 0.969146 0.000000 0.934280 0.994912 0.988257 0.992542 0.898550 0.985653 0.936108 0.960625 0.909083 0.943654 0.998520 0.836662 0.936063 0.871532 0.926124 0.839881 0.964664 0.991377 0.962871 0.990343 0.917580 0.915352 0.980368 0.955305 0.991839 0.945205 0.861305 0.842103 0.962796 0.941822 0.953762 0.996074 0.959419 0.983516 0.912875 0.923224 0.984658 0.954968 0.968927 0.975576 0.999543 0.932061 0.964590 0.877144 0.925476 0.978321 0.836860 0.956438 0.736425 0.955938 0.894347 0.981423 0.996752 0.951574 0.948228 0.974547 0.966840 0.940257 0.879988 0.819893 0.980650 0.915064 0.807594 0.834012 0.924877 0.790040 0.810653 0.984018 0.903545 0.825576 0.935937 0.843345 0.988569 0.838779 0.933053 0.803287 0.870696 0.923305 0.842270 0.940632 0.903441 0.929251 0.967243 0.922295 0.956610 0.986884 0.832042 0.946312
0.357930 0.314556 0.571690 0.465037 0.741185 0.757531 0.465690 0.379791 0.718377 0.579417 0.462124 0.316684 0.421411 0.424924 0.515068 0.539911 0.311616 0.270201 0.322790 0.346041 0.729483 0.630278 0.621393 0.633930 0.963149 0.748348 0.897624 0.934280 0.000000 0.260728 0.494170 0.559886 0.395674 0.334309 0.798243 0.856067 0.742128 0.808031 0.892734 0.704315 0.956927 0.751379 0.434870 0.382515 0.428279 0.434701 0.467057 0.406207 0.694644 0.498854 0.432144 0.422811 0.647892 0.520290 0.640919 0.722560 0.390983 0.428413 0.409968 0.437209 0.359255 0.465640 0.273436 0.299430 0.613938 0.469014 0.418873 0.357341 0.627794 0.469757 0.611151 0.573488 0.543730 0.478080 0.939257 0.735485 0.518045 0.508908 0.528354 0.514615 0.373476 0.406710 0.548898 0.482906 0.543166 0.555983 0.934978 0.891591 0.805644 0.638849 0.713664 0.719714 0.702143 0.861571 0.572150 0.794113 0.768810 0.601747 0.447309 0.394074 0.681761 0.862223 0.624105 0.509694 0.528038 0.519892 0.994036 0.809321 0.893222 0.678677 0.757897 0.481325 0.582099 0.576597 0.630222 0.926829
0.305878 0.340892 0.517529 0.441387 0.799124 0.803604 0.426677 0.341473 0.652374 0.513304 0.348982 0.291632 0.394596 0.430520 0.519945 0.572191 0.310823 0.252870 0.263390 0.299918 0.797583 0.707341 0.659774 0.671923 0.995611 0.775378 0.871100 0.994912 0.260728 0.000000 0.499682 0.528060 0.402992 0.283317 0.900464 0.818215 0.796336 0.823133 0.846111 0.781108 0.921754 0.857059 0.503268 0.388844 0.429037 0.432698 0.461851 0.457521 0.766815 0.475206 0.435184 0.454707 0.599225 0.484686 0.580883 0.788122 0.420170 0.415906 0.454185 0.517429 0.344157 0.458187 0.308193 0.314388 0.620893 0.477155 0.427253 0.372701 0.544087 0.438611 0.615530 0.619318 0.562270 0.461763 0.845875 0.676036 0.683264 0.566706 0.533083 0.508453 0.384507 0.345769 0.527023 0.472409 0.618260 0.566074 0.853410 0.700884 0.791927 0.704039 0.701826 0.761429 0.748458 0.842723 0.583742 0.791162 0.715266 0.621891 0.457216 0.434751 0.629853 0.742491 0.552918 0.535403 0.624252 0.613435 0.987938 0.836371 0.945589 0.758574 0.815211 0.531809 0.587041 0.698482 0.744305 0.986134
0.457859 0.547302 0.343444 0.290778 0.768602 0.688294 0.439779 0.456443 0.515026 0.693352 0.646489 0.492052 0.400045 0.481711 0.360104 0.422475 0.648109 0.621996 0.519746 0.630427 0.566479 0.776553 0.292626 0.335084 0.506179 0.431253 0.983655 0.988257 0.494170 0.499682 0.000000 0.380130 0.359133 0.415788 0.624113 0.853036 0.529079 0.810033 0.673226 0.986760 0.982902 0.860267 0.440686 0.437198 0.460028 0.455963 0.381016 0.460798 0.742207 0.565535 0.509680 0.455603 0.563087 0.566131 0.460571 0.641208 0.794672 0.777126 0.504040 0.536982 0.307479 0.396495 0.564299 0.586743 0.294018 0.267559 0.343630 0.343453 0.641890 0.506660 0.474100 0.540312 0.399162 0.431311 0.821105 0.864695 0.601627 0.610523 0.608003 0.587843 0.454591 0.416814 0.446731 0.418708 0.312235 0.265448 0.888964 0.565561 0.625449 0.461084 0.725603 0.880881 0.663695 0.895764 0.608838 0.845908 0.609296 0.694106 0.635282 0.594347 0.672793 0.793222 0.753678 0.725300 0.564540 0.659183 0.905232 0.864835 0.905270 0.804403 0.988042 0.646588 0.645838 0.754864 0.538703 0.941897
0.566445 0.683679 0.365577 0.324229 0.939000 0.769095 0.382336 0.418820 0.396132 0.482598 0.631247 0.559870 0.505579 0.594999 0.496457 0.527055 0.599624 0.542870 0.505501 0.552150 0.735729 0.621116 0.445556 0.449435 0.650009 0.550978 0.980221 0.992542 0.559886 0.528060 0.380130 0.000000 0.371216 0.411033 0.759880 0.962427 0.709573 0.842615 0.640953 0.913993 0.930679 0.874285 0.415878 0.395308 0.474811 0.538967 0.508398 0.548733 0.820997 0.667483 0.572753 0.584579 0.637439 0.594480 0.606839 0.755021 0.723465 0.817584 0.583448 0.713413 0.426148 0.582682 0.650427 0.670448 0.414478 0.395303 0.397730 0.401434 0.636521 0.664936 0.572316 0.636790 0.541844 0.544194 0.872359 0.857927 0.644780 0.597996 0.657148 0.503330 0.590931 0.522763 0.653091 0.610615 0.525580 0.436870 0.942116 0.693060 0.776444 0.639237 0.532823 0.663207 0.595091 0.716277 0.682423 0.812381 0.658494 0.717533 0.513834 0.507354 0.658170 0.704768 0.799203 0.567630 0.636311 0.606689 0.847671 0.835693 0.994220 0.874764 0.797084 0.565156 0.617746 0.802329 0.579240 0.963602
0.393705 0.447088 0.346491 0.268530 0.757755 0.709482 0.302013 0.281687 0.505541 0.468583 0.563236 0.405125 0.402509 0.496691 0.447570 0.478521 0.456997 0.383446 0.386228 0.422380 0.612620 0.593493 0.386632 0.519859 0.740873 0.522681 0.984815 0.898550 0.395674 0.402992 0.359133 0.371216 0.000000 0.330900 0.792880 0.777399 0.692871 0.901430 0.805026 0.832458 0.862272 0.803642 0.297371 0.276661 0.349081 0.340574 0.365480 0.409058 0.708195 0.542063 0.474482 0.432888 0.592238 0.501726 0.551187 0.660403 0.582223 0.562544 0.390363 0.491287 0.310563 0.375429 0.457592 0.474903 0.392299 0.290229 0.276248 0.246895 0.578866 0.449886 0.422890 0.440899 0.471479 0.447858 0.900461 0.731931 0.431728 0.543969 0.444523 0.533063 0.382512 0.318918 0.521242 0.395541 0.388034 0.331412 0.948864 0.786215 0.710738 0.544932 0.470640 0.572191 0.517025 0.702400 0.540388 0.642767 0.490518 0.502864 0.390530 0.314495 0.628781 0.625118 0.705788 0.499136 0.468311 0.484796 0.893547 0.785002 0.873616 0.745136 0.833796 0.481118 0.492321 0.652981 0.614778 0.987911
0.351656 0.437917 0.406304 0.292544 0.721642 0.685305 0.280355 0.254730 0.512860 0.438096 0.437814 0.381477 0.414111 0.502861 0.503308 0.537585 0.391359 0.309069 0.274691 0.343769 0.564908 0.691043 0.529877 0.553473 0.870690 0.638042 0.909635 0.985653 0.334309 0.283317 0.415788 0.411033 0.330900 0.000000 0.759908 0.908191 0.657641 0.819509 0.848695 0.854407 0.957262 0.877791 0.355474 0.277620 0.345343 0.351491 0.353802 0.429227 0.766504 0.500648 0.491856 0.455089 0.642014 0.522340 0.639912 0.723404 0.493440 0.535078 0.396682 0.542601 0.308324 0.432266 0.401003 0.424594 0.470229 0.329719 0.301065 0.287651 0.631647 0.515809 0.524791 0.530464 0.496777 0.529302 0.794667 0.698949 0.543260 0.508497 0.530180 0.456098 0.410357 0.323197 0.575566 0.452874 0.467858 0.461548 0.915340 0.738179 0.804343 0.693393 0.545649 0.607723 0.586567 0.631371 0.568945 0.681546 0.643396 0.634984 0.364750 0.353222 0.583207 0.643461 0.577981 0.427732 0.524001 0.623738 0.992236 0.728530 0.917149 0.829107 0.798592 0.385012 0.516272 0.636024 0.616653 0.919835
0.750166 0.873563 0.761618 0.698451 0.916627 0.676985 0.791570 0.800359 0.767069 0.837139 0.942496 0.775569 0.735783 0.811685 0.632600 0.742146 0.929079 0.968934 0.905553 0.900340 0.709530 0.931041 0.574478 0.620564 0.603617 0.683977 0.935389 0.936108 0.798243 0.900464 0.624113 0.759880 0.792880 0.759908 0.000000 0.981706 0.654697 0.991723 0.886794 0.822501 0.991730 0.963194 0.729980 0.814483 0.653125 0.646992 0.644807 0.754668 0.648192 0.618540 0.715856 0.625425 0.698994 0.860597 0.567090 0.621064 0.896527 0.974546 0.701104 0.659235 0.673652 0.680591 0.854422 0.869420 0.613287 0.642835 0.690392 0.733370 0.859117 0.649370 0.879519 0.855531 0.637617 0.767543 0.683213 0.904241 0.789555 0.861259 0.777145 0.799278 0.704799 0.707616 0.827984 0.755639 0.482352 0.582645 0.995827 0.754701 0.708629 0.611461 0.934118 0.928695 0.874863 0.963240 0.788357 0.974003 0.729337 0.833764 0.812429 0.814799 0.894195 0.889943 0.973245 0.960743 0.747888 0.769970 0.922040 0.894259 0.704738 0.929935 0.767880 0.725518 0.934460 0.925553 0.778891 0.916148
0.752650 0.664878 0.948389 0.920544 0.977388 0.996660 0.895365 0.908221 0.999491 0.962967 0.885214 0.871159 0.885785 0.965045 0.971753 0.990343 0.686950 0.822500 0.814274 0.919390 0.998680 0.969219 0.971249 0.953316 0.981466 0.921873 0.896053 0.960625 0.856067 0.818215 0.853036 0.962427 0.777399 0.908191 0.981706 0.000000 0.934749 0.805815 0.988675 0.932232 0.846457 0.838703 0.841333 0.799141 0.825112 0.814467 0.842867 0.764332 0.919424 0.902664 0.839654 0.847029 0.928935 0.860342 0.915764 0.889074 0.755855 0.712988 0.769322 0.800296 0.902962 0.906658 0.761383 0.780028 0.959040 0.942475 0.825234 0.774835 0.686700 0.655196 0.839716 0.601016 0.897744 0.844007 0.927821 0.970921 0.856349 0.838451 0.716465 0.873844 0.713382 0.792826 0.797821 0.701593 0.903330 0.889824 0.942651 0.933816 0.917179 0.879361 0.976804 0.961469 0.944654 0.958754 0.840214 0.976485 0.847445 0.691715 0.939454 0.922835 0.986204 0.837209 0.881052 0.864795 0.997310 0.965084 0.922234 0.980338 0.844079 0.893714 0.783980 0.893002 0.880414 0.894816 0.944742 0.951430
0.697973 0.716000 0.611125 0.626675 0.966241 0.971058 0.751265 0.761699 0.835505 0.940529 0.906179 0.800626 0.708184 0.741070 0.661315 0.798849 0.829551 0.811932 0.747733 0.817783 0.731039 0.999430 0.632565 0.726539 0.596980 0.552145 0.993298 0.909083 0.742128 0.796336 0.529079 0.709573 0.692871 0.657641 0.654697 0.934749 0.000000 0.884414 0.651726 0.860106 0.900585 0.792676 0.694653 0.673305 0.638489 0.700113 0.667478 0.672171 0.648489 0.639121 0.659655 0.627678 0.705601 0.878584 0.733355 0.699407 0.841266 0.755550 0.622575 0.662266 0.626364 0.648551 0.837893 0.777106 0.519080 0.609576 0.693750 0.605400 0.779284 0.723864 0.870204 0.779342 0.636050 0.645822 0.797351 0.911819 0.770205 0.832431 0.738263 0.831737 0.746981 0.755637 0.851310 0.735289 0.538330 0.564954 0.898877 0.770147 0.642330 0.604518 0.966918 0.902014 0.861410 0.983695 0.763186 0.804282 0.842332 0.805172 0.695923 0.749505 0.804917 0.956308 0.716231 0.766476 0.589274 0.734833 0.946788 0.783231 0.824173 0.888829 0.901741 0.653385 0.926800 0.928578 0.806657 0.872087
0.731577 0.733669 0.912260 0.917917 0.849772 0.724086 0.997642 0.909469 0.909868 0.893074 0.839700 0.730616 0.817400 0.766833 0.860120 0.834580 0.764182 0.831203 0.917850 0.824902 0.927271 0.926796 0.916839 0.910835 0.991997 0.977278 0.984806 0.943654 0.808031 0.823133 0.810033 0.842615 0.901430 0.819509 0.991723 0.805815 0.884414 0.000000 0.877124 0.971809 0.813504 0.997804 0.894283 0.894894 0.950914 0.920608 0.946071 0.909817 0.945215 0.844355 0.776447 0.889968 0.954547 0.962759 0.952334 0.983021 0.680115 0.690834 0.827704 0.810617 0.840631 0.829301 0.744596 0.678423 0.853892 0.868119 0.924215 0.814463 0.914378 0.898769 0.999114 0.951675 0.774918 0.841492 0.973162 0.842860 0.956301 0.649695 0.920524 0.912274 0.935729 0.960829 0.826787 0.953362 0.932469 0.932799 0.794665 0.976009 0.920588 0.986860 0.910151 0.944101 0.959504 0.907108 0.988092 0.910103 0.826631 0.897209 0.861788 0.974384 0.911086 0.939501 0.870545 0.941530 0.966455 0.923336 0.864066 0.943198 0.934714 0.710170 0.956314 0.929209 0.916190 0.918533 0.873364 0.908177
