0.000000 0.117371 0.248440 0.307737 0.737932 0.622380 0.637766 0.488824 0.496790 0.612451 0.311714 0.216716 0.259115 0.294768 0.495795 0.558333 0.205495 0.180416 0.213296 0.162410 0.437287 0.956516 0.498024 0.349418 0.249939 0.482209 0.362796 0.839478 0.391741 0.367250 0.722581 0.590362 0.291428 0.392281 0.696906 0.942961 0.521157 0.551798 0.744041 0.659961 0.550151 0.651034 0.988658 0.768333 0.838107 0.937839 0.518776 0.597564 0.846364 0.674973 0.800418 0.716000 0.983078 0.675130 0.300051 0.422985 0.119360 0.122759 0.340012 0.279448 0.290588 0.418371 0.198306 0.216135 0.210610 0.333918 0.580712 0.686146 0.224458 0.254200 0.725398 0.500097 0.985317 0.877497 0.738279 0.964214 0.957455 0.903233 0.426510 0.374653 0.205202 0.235979 0.283704 0.189143 0.159769 0.166507 0.736441 0.456763 0.458105 0.225874 0.276552 0.354996 0.332146 0.349604 0.965811 0.914434 0.921796 0.872137 0.766430 0.871681 0.645360 0.636919 0.989306 0.776337 0.782737 0.803773 0.900011 0.828714 0.704944 0.713673 0.764445 0.985663 0.822403 0.998350 0.665557 0.545146
0.117371 0.000000 0.243610 0.274694 0.823235 0.649782 0.597218 0.431735 0.522202 0.664994 0.368152 0.213190 0.288934 0.293764 0.481551 0.514413 0.194095 0.181609 0.213944 0.173305 0.463115 0.992967 0.424479 0.310310 0.271614 0.495577 0.376832 0.875206 0.372270 0.339680 0.629332 0.548183 0.274078 0.339208 0.660012 0.880274 0.507249 0.532714 0.691754 0.705289 0.591607 0.637098 0.909931 0.698001 0.908405 0.864420 0.465013 0.540292 0.782780 0.612001 0.718329 0.631272 0.932410 0.772438 0.297301 0.387859 0.115797 0.117171 0.312574 0.269417 0.284267 0.378046 0.201055 0.192641 0.228377 0.330074 0.528030 0.624740 0.259286 0.243623 0.801948 0.547985 0.919442 0.934652 0.713201 0.927428 0.961492 0.927405 0.386324 0.340076 0.184304 0.261381 0.281912 0.202509 0.182939 0.172710 0.731342 0.465837 0.485491 0.224581 0.279187 0.352985 0.334779 0.330424 0.995383 0.920599 0.944198 0.907105 0.799377 0.928137 0.639860 0.654642 0.967889 0.822154 0.756454 0.755160 0.839863 0.817435 0.751716 0.693108 0.749223 0.975679 0.877367 0.984571 0.635220 0.584259
0.248440 0.243610 0.000000 0.224340 0.831147 0.749184 0.479550 0.381088 0.671274 0.767838 0.500500 0.351546 0.313393 0.364419 0.508096 0.529016 0.346533 0.319768 0.260448 0.278932 0.496328 0.891287 0.405689 0.338730 0.372750 0.502867 0.489478 0.956449 0.450922 0.478870 0.620997 0.501547 0.346497 0.375837 0.717232 0.978740 0.531838 0.519229 0.812180 0.641226 0.585644 0.603431 0.837475 0.678381 0.954458 0.869094 0.512628 0.593226 0.797281 0.630625 0.704611 0.648685 0.887162 0.854631 0.349380 0.494815 0.231575 0.253512 0.387734 0.333884 0.335015 0.398152 0.300490 0.311819 0.304310 0.347112 0.524074 0.650649 0.351645 0.299531 0.907091 0.723923 0.770452 0.920248 0.785302 0.825110 0.891758 0.915255 0.420807 0.461021 0.310561 0.368971 0.380277 0.382962 0.289498 0.262154 0.807133 0.579565 0.510642 0.350711 0.519058 0.544363 0.543361 0.495990 0.874110 0.890348 0.844384 0.954402 0.979046 0.944458 0.780731 0.818894 0.990353 0.819595 0.742764 0.684017 0.689467 0.937417 0.834434 0.703543 0.743888 0.910706 0.991458 0.901172 0.595657 0.661333
0.307737 0.274694 0.224340 0.000000 0.926194 0.834501 0.357712 0.204836 0.786786 0.983598 0.671033 0.402645 0.407986 0.368560 0.610819 0.444710 0.432994 0.410564 0.332349 0.423004 0.621814 0.926426 0.310950 0.281319 0.467564 0.498212 0.570838 0.962732 0.558267 0.519714 0.475055 0.446715 0.319902 0.365535 0.609065 0.881558 0.517939 0.518969 0.804333 0.627530 0.691947 0.631064 0.704307 0.566794 0.901234 0.729931 0.462479 0.524135 0.667285 0.497613 0.495475 0.428944 0.651611 0.880679 0.365433 0.475997 0.262676 0.286063 0.285749 0.216572 0.339006 0.303738 0.325796 0.294595 0.434192 0.334969 0.417446 0.487728 0.511096 0.268464 0.929502 0.802905 0.681176 0.848961 0.748295 0.760120 0.787371 0.862858 0.358080 0.460113 0.376018 0.528951 0.452861 0.454715 0.386976 0.282556 0.937491 0.613428 0.518668 0.338430 0.586005 0.616668 0.607218 0.520612 0.788634 0.855593 0.803186 0.834846 0.891914 0.824581 0.892059 0.933541 0.958639 0.742926 0.666762 0.598099 0.590761 0.891483 0.894225 0.643228 0.699170 0.787481 0.895461 0.815557 0.505636 0.788401
0.737932 0.823235 0.831147 0.926194 0.000000 0.668245 0.935408 0.927984 0.709315 0.630668 0.791249 0.918981 0.905492 0.946558 0.905862 0.792545 0.889054 0.870998 0.820828 0.748286 0.867149 0.896387 0.942468 0.974689 0.820221 0.950277 0.911449 0.952905 0.958060 0.968080 0.855747 0.919260 0.926573 0.960297 0.970136 0.744034 0.976769 0.957272 0.900364 0.902063 0.815760 0.973203 0.869003 0.928456 0.758059 0.857707 0.967767 0.985991 0.922346 0.947390 0.849849 0.858315 0.669672 0.573853 0.894670 0.910982 0.799374 0.823566 0.839571 0.808425 0.962667 0.895106 0.881417 0.921555 0.799595 0.984563 0.958036 0.940779 0.672139 0.831304 0.667195 0.728651 0.705506 0.668317 0.843776 0.971215 0.963296 0.848221 0.995729 0.960811 0.886500 0.816982 0.928758 0.809425 0.788417 0.807558 0.952617 0.811627 0.803157 0.807788 0.827650 0.846895 0.908645 0.818083 0.909389 0.947254 0.820556 0.838580 0.858035 0.906325 0.793963 0.758973 0.807159 0.965750 0.937036 0.929867 0.902104 0.985488 0.740526 0.905463 0.948305 0.914976 0.841591 0.941324 0.997676 0.722471
0.622380 0.649782 0.749184 0.834501 0.668245 0.000000 0.866674 0.947864 0.525585 0.623770 0.594297 0.685684 0.841015 0.767318 0.939314 0.968119 0.692557 0.670671 0.678220 0.606750 0.845110 0.895201 0.980142 0.819615 0.735762 0.950566 0.697090 0.922536 0.804851 0.755281 0.912125 0.932531 0.800609 0.916047 0.949908 0.970821 0.888969 0.968436 0.908698 0.986166 0.646598 0.858664 0.744361 0.827911 0.718026 0.869509 0.971166 0.993751 0.925851 0.940136 0.841498 0.846908 0.690361 0.535328 0.891676 0.880077 0.641691 0.650981 0.786896 0.775104 0.823701 0.949800 0.743639 0.745221 0.634175 0.908080 0.924065 0.945153 0.585595 0.758086 0.671496 0.689653 0.606695 0.599961 0.923790 0.838741 0.667661 0.694308 0.930971 0.959390 0.786910 0.709811 0.757221 0.645428 0.689737 0.728660 0.815789 0.782534 0.943276 0.740433 0.520693 0.627426 0.647837 0.662141 0.856248 0.871655 0.893462 0.937492 0.684538 0.697249 0.748303 0.706861 0.916006 0.983685 0.803999 0.848474 0.831942 0.690980 0.711514 0.934504 0.845083 0.892371 0.697873 0.807944 0.872383 0.764259
0.637766 0.597218 0.479550 0.357712 0.935408 0.866674 0.000000 0.202754 0.955928 0.548403 0.966371 0.673175 0.654222 0.639150 0.713672 0.596741 0.677311 0.693610 0.502489 0.711938 0.739505 0.892721 0.344406 0.643136 0.839848 0.726898 0.862698 0.984225 0.565834 0.679820 0.341940 0.386387 0.358964 0.331740 0.640686 0.960863 0.608756 0.627891 0.942452 0.741246 0.865560 0.615054 0.409564 0.340627 0.484905 0.416801 0.424824 0.465561 0.388704 0.320728 0.270777 0.277028 0.364626 0.534895 0.511529 0.510978 0.553581 0.592862 0.350109 0.398753 0.409377 0.364037 0.448548 0.440342 0.758320 0.620936 0.337714 0.360020 0.891951 0.559438 0.569423 0.882592 0.374968 0.502436 0.730615 0.577334 0.564315 0.530957 0.407474 0.580903 0.624629 0.883484 0.673708 0.811220 0.681416 0.656376 0.745485 0.983310 0.665935 0.664793 0.930662 0.990840 0.836548 0.798630 0.659441 0.744231 0.630591 0.680342 0.528591 0.480671 0.897760 0.726469 0.716422 0.589833 0.515034 0.416410 0.523193 0.735201 0.901169 0.770556 0.651171 0.549998 0.515842 0.537197 0.350120 0.982827
0.488824 0.431735 0.381088 0.204836 0.927984 0.947864 0.202754 0.000000 0.952130 0.712708 0.829102 0.486337 0.515036 0.472457 0.632968 0.390757 0.551042 0.543767 0.462887 0.606302 0.710898 0.951629 0.293224 0.400957 0.683927 0.629777 0.751386 0.999011 0.529675 0.534546 0.372336 0.444477 0.336018 0.348362 0.594071 0.893738 0.535495 0.505789 0.907462 0.674865 0.802990 0.650024 0.541887 0.449782 0.665908 0.563603 0.457308 0.522915 0.534847 0.401413 0.331756 0.301226 0.428742 0.605834 0.429944 0.522364 0.406638 0.425778 0.350805 0.313774 0.309163 0.204561 0.378153 0.314369 0.588247 0.379918 0.378728 0.369028 0.767045 0.403960 0.685653 0.960773 0.470638 0.620500 0.697203 0.635610 0.673425 0.665460 0.368050 0.522852 0.498639 0.746207 0.557005 0.645155 0.567202 0.471755 0.970155 0.822449 0.580163 0.527799 0.754283 0.753088 0.695328 0.609017 0.740685 0.810848 0.777699 0.819038 0.738448 0.662546 0.982877 0.935095 0.878447 0.732325 0.550792 0.554793 0.562156 0.811715 0.975111 0.723088 0.702607 0.696320 0.715673 0.684536 0.442362 0.900265
0.496790 0.522202 0.671274 0.786786 0.709315 0.525585 0.955928 0.952130 0.000000 0.490641 0.543416 0.617956 0.730547 0.603041 0.831675 0.973268 0.492719 0.477205 0.516267 0.456112 0.668872 0.965632 0.909811 0.698199 0.431711 0.589294 0.518242 0.955124 0.716393 0.670726 0.983477 0.869854 0.669657 0.712295 0.853001 0.837957 0.693195 0.850432 0.819712 0.915696 0.737675 0.954586 0.923323 0.903229 0.827422 0.981714 0.751094 0.737286 0.932893 0.863617 0.928182 0.981867 0.796521 0.600832 0.611403 0.515995 0.529576 0.535274 0.614008 0.649369 0.837706 0.947769 0.636190 0.669731 0.624200 0.804843 0.782391 0.922662 0.452758 0.650929 0.651227 0.585529 0.771260 0.778230 0.881960 0.945309 0.915754 0.799972 0.770494 0.674619 0.540001 0.422878 0.554114 0.372224 0.497829 0.520145 0.746578 0.502477 0.647869 0.463753 0.518988 0.668432 0.618415 0.698279 0.966510 0.853573 0.986875 0.993311 0.777590 0.949815 0.730057 0.729436 0.846100 0.780319 0.921708 0.852965 0.995254 0.854647 0.678423 0.762403 0.794619 0.933278 0.766095 0.950448 0.944075 0.717605
0.612451 0.664994 0.767838 0.983598 0.630668 0.623770 0.548403 0.712708 0.490641 0.000000 0.522170 0.740331 0.738087 0.801742 0.910836 0.888423 0.716771 0.666652 0.838711 0.597853 0.730662 0.924347 0.784104 0.798159 0.519226 0.778274 0.612622 0.814402 0.987870 0.873152 0.564119 0.764748 0.926978 0.871974 0.920487 0.984204 0.908715 0.814824 0.769147 0.967656 0.739621 0.971642 0.492683 0.597142 0.348676 0.449313 0.820938 0.808815 0.510916 0.599639 0.459066 0.530751 0.392922 0.297458 0.911543 0.990285 0.707342 0.679604 0.952101 0.965898 0.993445 0.859766 0.926408 0.925144 0.587480 0.763472 0.738563 0.626043 0.442633 0.738783 0.383684 0.504840 0.527524 0.508192 0.901201 0.680326 0.582118 0.528839 0.923140 0.878367 0.706381 0.462871 0.728782 0.537825 0.618126 0.611241 0.595796 0.553779 0.806997 0.680608 0.553643 0.559812 0.752161 0.773237 0.664172 0.922770 0.780623 0.677154 0.418235 0.498069 0.598232 0.503312 0.752143 0.800058 0.780310 0.737422 0.760582 0.635714 0.674997 0.996997 0.888302 0.570905 0.404932 0.714337 0.708614 0.616461
0.311714 0.368152 0.500500 0.671033 0.791249 0.594297 0.966371 0.829102 0.543416 0.522170 0.000000 0.274536 0.287895 0.332619 0.442683 0.600072 0.292441 0.234813 0.438156 0.279500 0.593858 0.836706 0.852983 0.587049 0.422630 0.746813 0.430373 0.774348 0.400995 0.344012 0.935744 0.876596 0.600680 0.628243 0.978476 0.950032 0.715185 0.698650 0.827672 0.775807 0.530440 0.921381 0.646431 0.830256 0.575113 0.719526 0.895916 0.998169 0.779907 0.927391 0.774472 0.844657 0.664471 0.429750 0.546110 0.707643 0.352118 0.328026 0.788774 0.727845 0.369801 0.553767 0.398507 0.404595 0.217031 0.405772 0.986890 0.926303 0.365032 0.597614 0.547152 0.511308 0.823118 0.761856 0.739649 0.888905 0.596565 0.736455 0.740655 0.620819 0.408420 0.324223 0.408368 0.321987 0.340824 0.397013 0.484017 0.597199 0.598482 0.545648 0.257334 0.287011 0.267012 0.389127 0.754992 0.924505 0.725364 0.626224 0.413621 0.529468 0.507237 0.517550 0.788429 0.922493 0.860607 0.850670 0.797681 0.620214 0.667490 0.958436 0.976573 0.705925 0.557323 0.729466 0.938309 0.495357
0.216716 0.213190 0.351546 0.402645 0.918981 0.685684 0.673175 0.486337 0.617956 0.740331 0.274536 0.000000 0.202818 0.191530 0.331675 0.355792 0.164714 0.150249 0.266817 0.217541 0.502149 0.891230 0.469855 0.350681 0.312742 0.569355 0.388812 0.864752 0.290442 0.212505 0.665170 0.585685 0.331608 0.369991 0.665130 0.880143 0.518816 0.542798 0.720179 0.637622 0.566909 0.777692 0.968719 0.816179 0.880725 0.942888 0.577422 0.665046 0.914118 0.725927 0.827194 0.748832 0.963145 0.777586 0.295883 0.467885 0.208861 0.174734 0.524207 0.457289 0.203561 0.279568 0.196110 0.163777 0.206539 0.255219 0.696399 0.726177 0.335998 0.371348 0.816240 0.659843 0.907011 0.997391 0.640275 0.949779 0.917870 0.930730 0.460448 0.365267 0.223090 0.282953 0.236814 0.236527 0.233980 0.240781 0.588356 0.505110 0.473397 0.366073 0.265054 0.306463 0.256344 0.279498 0.937669 0.971614 0.858394 0.773851 0.676284 0.792524 0.635406 0.647211 0.988120 0.886501 0.819768 0.880768 0.960188 0.722933 0.702562 0.720837 0.806402 0.920195 0.772201 0.874858 0.664119 0.571579
0.259115 0.288934 0.313393 0.407986 0.905492 0.841015 0.654222 0.515036 0.730547 0.738087 0.287895 0.202818 0.000000 0.191846 0.262817 0.342620 0.278989 0.228109 0.305335 0.288092 0.546646 0.941289 0.504027 0.347473 0.357621 0.522315 0.423609 0.821550 0.381820 0.363195 0.774694 0.546378 0.408440 0.416592 0.734160 0.959860 0.644305 0.621759 0.828748 0.674439 0.557639 0.740118 0.930725 0.903556 0.785107 0.936013 0.650575 0.780937 0.984974 0.817405 0.888150 0.803849 0.996172 0.754283 0.341627 0.560606 0.272161 0.254924 0.593493 0.516062 0.220152 0.358085 0.245521 0.265063 0.220647 0.236078 0.795988 0.845105 0.383862 0.421073 0.728755 0.656725 0.892489 0.977277 0.665245 0.993086 0.890387 0.892302 0.524690 0.422420 0.266267 0.269768 0.315737 0.301399 0.228689 0.232374 0.589969 0.517110 0.472799 0.435118 0.392203 0.415001 0.362965 0.408399 0.895834 0.963603 0.897399 0.767518 0.712160 0.816171 0.636040 0.782764 0.904649 0.923248 0.897091 0.897004 0.939529 0.766192 0.704027 0.894161 0.854974 0.819591 0.753438 0.881637 0.671311 0.535150
0.294768 0.293764 0.364419 0.368560 0.946558 0.767318 0.639150 0.472457 0.603041 0.801742 0.332619 0.191530 0.191846 0.000000 0.286084 0.273195 0.227889 0.194987 0.275638 0.296099 0.590727 0.893375 0.431793 0.276447 0.340120 0.481180 0.419256 0.872159 0.368307 0.263695 0.655039 0.504561 0.368836 0.358175 0.711197 0.883869 0.570353 0.605558 0.756638 0.682225 0.653996 0.818618 0.971874 0.794007 0.896328 0.939559 0.573843 0.650827 0.915982 0.708180 0.787722 0.702910 0.878183 0.894640 0.306864 0.467207 0.274842 0.249312 0.539762 0.477706 0.243403 0.296172 0.253116 0.225168 0.286413 0.214776 0.700877 0.728512 0.440262 0.419502 0.842318 0.706537 0.821948 0.871585 0.651971 0.859355 0.956629 0.943833 0.458186 0.403019 0.263347 0.295326 0.260581 0.251628 0.275119 0.228958 0.590501 0.429966 0.466379 0.395138 0.371174 0.418180 0.362586 0.396620 0.977736 0.976188 0.887698 0.857011 0.764140 0.922579 0.700089 0.785992 0.974526 0.846462 0.847635 0.798216 0.849964 0.825563 0.690487 0.832558 0.749269 0.943745 0.823575 0.923911 0.648872 0.623445
0.495795 0.481551 0.508096 0.610819 0.905862 0.939314 0.713672 0.632968 0.831675 0.910836 0.442683 0.331675 0.262817 0.286084 0.000000 0.324662 0.386324 0.367051 0.475955 0.440377 0.670069 0.915777 0.533933 0.439248 0.566357 0.668141 0.590732 0.833070 0.390497 0.387482 0.753996 0.625260 0.554539 0.454534 0.810407 0.949197 0.780419 0.828523 0.802770 0.783634 0.731727 0.870887 0.955213 0.860294 0.963763 0.952532 0.674165 0.757396 0.911710 0.797632 0.822260 0.779656 0.887196 0.923475 0.414552 0.586654 0.477381 0.459304 0.743853 0.737086 0.334855 0.448694 0.413086 0.413548 0.392518 0.395570 0.871062 0.923367 0.613982 0.676894 0.791271 0.775365 0.791239 0.835294 0.683681 0.898251 0.996882 0.948323 0.571145 0.517563 0.383570 0.431797 0.463177 0.460469 0.410546 0.466089 0.672170 0.636230 0.656371 0.632814 0.544158 0.567795 0.443676 0.526811 0.951193 0.956417 0.790190 0.807551 0.820431 0.899632 0.663381 0.844593 0.996534 0.894219 0.972282 0.895858 0.877053 0.720214 0.752689 0.998737 0.880161 0.894516 0.902152 0.894889 0.713949 0.698465
0.558333 0.514413 0.529016 0.444710 0.792545 0.968119 0.596741 0.390757 0.973268 0.888423 0.600072 0.355792 0.342620 0.273195 0.324662 0.000000 0.436547 0.444356 0.544288 0.581898 0.715914 0.898461 0.431843 0.355193 0.600224 0.654298 0.699495 0.934200 0.452336 0.372432 0.574940 0.526980 0.527354 0.453411 0.773828 0.910405 0.692953 0.660807 0.879617 0.638333 0.809402 0.869019 0.874920 0.785421 0.950706 0.863756 0.672553 0.725253 0.863671 0.687289 0.648188 0.582209 0.646379 0.791470 0.440152 0.652889 0.488557 0.463680 0.664119 0.619281 0.327488 0.274976 0.418647 0.364867 0.515976 0.300239 0.762895 0.671097 0.777873 0.583326 0.947064 0.952168 0.684594 0.751920 0.610319 0.741573 0.903870 0.933313 0.537889 0.516415 0.472312 0.597689 0.454833 0.571173 0.553887 0.473901 0.690246 0.745882 0.678258 0.633425 0.604604 0.572872 0.516445 0.498438 0.947830 0.996763 0.793176 0.873371 0.902383 0.981602 0.844959 0.897673 0.995640 0.938428 0.893357 0.864637 0.768467 0.892864 0.898374 0.931003 0.857244 0.989853 0.961484 0.970889 0.673185 0.772490
0.205495 0.194095 0.346533 0.432994 0.889054 0.692557 0.677311 0.551042 0.492719 0.716771 0.292441 0.164714 0.278989 0.227889 0.386324 0.436547 0.000000 0.136425 0.222167 0.191793 0.479557 0.955555 0.478321 0.368106 0.271120 0.524459 0.409635 0.855208 0.242685 0.211416 0.641194 0.558229 0.289120 0.323386 0.684858 0.851680 0.523044 0.595810 0.715469 0.667253 0.666342 0.712729 0.939111 0.717261 0.955286 0.845781 0.463673 0.537939 0.805236 0.630832 0.775638 0.699567 0.937519 0.784314 0.276939 0.377570 0.192279 0.172392 0.449951 0.431265 0.278960 0.373589 0.205415 0.194545 0.238352 0.337126 0.608512 0.655885 0.312951 0.369145 0.830232 0.597668 0.894266 0.979231 0.692074 0.863580 0.988693 0.995777 0.422005 0.346070 0.178462 0.246893 0.207757 0.207366 0.210923 0.229838 0.650727 0.461912 0.486299 0.312288 0.282550 0.356030 0.266614 0.316189 0.992507 0.943813 0.962300 0.835955 0.758015 0.901306 0.660921 0.631275 0.888543 0.789882 0.800446 0.789032 0.917114 0.769023 0.709453 0.714602 0.787243 0.947014 0.861504 0.909820 0.661973 0.600068
0.180416 0.181609 0.319768 0.410564 0.870998 0.670671 0.693610 0.543767 0.477205 0.666652 0.234813 0.150249 0.228109 0.194987 0.367051 0.444356 0.136425 0.000000 0.215171 0.171678 0.477508 0.898699 0.497593 0.329498 0.268950 0.504878 0.404426 0.813269 0.274509 0.228661 0.705320 0.560823 0.312451 0.355764 0.705656 0.836472 0.547749 0.573611 0.728447 0.681086 0.619494 0.739572 0.996635 0.777777 0.890242 0.921849 0.532498 0.606335 0.876790 0.686859 0.840117 0.758461 0.988115 0.730197 0.270165 0.405039 0.173957 0.155566 0.474206 0.438839 0.262883 0.354365 0.202555 0.188564 0.193477 0.282001 0.643363 0.705225 0.296594 0.361197 0.777736 0.586957 0.938818 0.991704 0.714369 0.901691 0.919019 0.926047 0.424079 0.348951 0.171652 0.210518 0.227485 0.176637 0.186072 0.204672 0.596834 0.445438 0.507494 0.298303 0.265096 0.318777 0.268826 0.318864 0.976885 0.924963 0.930687 0.853467 0.707391 0.864838 0.618460 0.603126 0.942458 0.852935 0.805746 0.828879 0.964055 0.753490 0.686175 0.748636 0.789455 0.945856 0.818983 0.935396 0.660960 0.559622
0.213296 0.213944 0.260448 0.332349 0.820828 0.678220 0.502489 0.462887 0.516267 0.838711 0.438156 0.266817 0.305335 0.275638 0.475955 0.544288 0.222167 0.215171 0.000000 0.193749 0.485125 0.896632 0.305220 0.372610 0.309657 0.492613 0.443409 0.964448 0.323443 0.356175 0.495554 0.386176 0.192651 0.269771 0.570255 0.894469 0.503927 0.618915 0.743911 0.678307 0.593325 0.662601 0.752031 0.544791 0.894413 0.680450 0.333550 0.409569 0.644658 0.467976 0.627460 0.563962 0.825176 0.886361 0.255352 0.320136 0.208605 0.213096 0.323438 0.319983 0.300562 0.398335 0.188991 0.200812 0.312414 0.422348 0.434167 0.546796 0.326856 0.323228 0.954671 0.687431 0.787398 0.876968 0.736761 0.824782 0.827256 0.910867 0.344499 0.339926 0.212353 0.301466 0.269793 0.260299 0.208094 0.228847 0.757687 0.495427 0.498102 0.275365 0.434577 0.536444 0.439253 0.439679 0.801982 0.834245 0.828873 0.916226 0.985701 0.882526 0.852767 0.800828 0.746294 0.631757 0.633853 0.578624 0.778693 0.881863 0.777183 0.634001 0.615963 0.854697 0.966796 0.862914 0.516806 0.620411
0.162410 0.173305 0.278932 0.423004 0.748286 0.606750 0.711938 0.606302 0.456112 0.597853 0.279500 0.217541 0.288092 0.296099 0.440377 0.581898 0.191793 0.171678 0.193749 0.000000 0.440453 0.986539 0.499322 0.410554 0.274175 0.520277 0.338083 0.867696 0.345300 0.319539 0.687772 0.615615 0.319505 0.370439 0.746767 0.886036 0.563981 0.573649 0.725551 0.708756 0.552644 0.738481 0.999061 0.778318 0.854621 0.936908 0.522538 0.600594 0.879927 0.705087 0.874112 0.791841 0.929390 0.637425 0.311524 0.433281 0.185448 0.179464 0.459761 0.414535 0.328302 0.467172 0.244798 0.246029 0.208498 0.392624 0.638875 0.761685 0.229905 0.328724 0.746222 0.556172 0.965576 0.931491 0.747212 0.952051 0.962386 0.927500 0.455285 0.408706 0.223983 0.233389 0.289478 0.210668 0.199831 0.231507 0.651721 0.480123 0.513135 0.284566 0.283415 0.368043 0.330024 0.351409 0.987285 0.895726 0.997568 0.865548 0.734304 0.837635 0.637703 0.605912 0.955801 0.812335 0.805630 0.835235 0.911432 0.744755 0.773058 0.718025 0.796222 0.954679 0.806320 0.947754 0.706211 0.555393
0.437287 0.463115 0.496328 0.621814 0.867149 0.845110 0.739505 0.710898 0.668872 0.730662 0.593858 0.502149 0.546646 0.590727 0.670069 0.715914 0.479557 0.477508 0.485125 0.440453 0.000000 0.907969 0.634577 0.642719 0.475612 0.614039 0.592925 0.961129 0.567595 0.570688 0.723197 0.602770 0.475631 0.550663 0.997738 0.967798 0.653112 0.683978 0.825021 0.748530 0.822441 0.785219 0.915671 0.761771 0.953577 0.847565 0.613695 0.603244 0.805861 0.696104 0.836624 0.774288 0.933040 0.832114 0.462642 0.596903 0.451940 0.473431 0.555359 0.558686 0.553423 0.658501 0.433435 0.485135 0.552916 0.638012 0.649175 0.751270 0.478707 0.582122 0.906873 0.688051 0.896854 0.979713 0.860655 0.857088 0.972317 0.966067 0.598312 0.418400 0.435875 0.482007 0.438625 0.519472 0.472567 0.510823 0.925268 0.775120 0.710363 0.550765 0.561333 0.604537 0.648343 0.673677 0.975992 0.840874 0.876281 0.944500 0.946275 0.983954 0.788601 0.768708 0.885412 0.745703 0.833634 0.760250 0.935411 0.809367 0.806160 0.725612 0.828596 0.968859 0.928897 0.763848 0.628587 0.709612
0.956516 0.992967 0.891287 0.926426 0.896387 0.895201 0.892721 0.951629 0.965632 0.924347 0.836706 0.891230 0.941289 0.893375 0.915777 0.898461 0.955555 0.898699 0.896632 0.986539 0.907969 0.000000 0.807497 0.997883 0.904682 0.817997 0.834581 0.864815 0.959339 0.871319 0.783549 0.841068 0.901690 0.863026 0.855133 0.925642 0.776159 0.945754 0.907997 0.926550 0.965890 0.765082 0.732027 0.741070 0.826274 0.798623 0.769664 0.792433 0.772935 0.800065 0.803803 0.817280 0.888335 0.888741 0.969018 0.954180 0.934764 0.931646 0.930341 0.928095 0.891936 0.937293 0.953108 0.964365 0.941628 0.867308 0.781421 0.945307 0.957807 0.970720 0.793866 0.933179 0.917301 0.848829 0.977587 0.977139 0.669473 0.897097 0.938590 0.994349 0.990900 0.953659 0.975326 0.924720 0.985317 0.978805 0.909827 0.994028 0.962137 0.941972 0.841904 0.745636 0.819286 0.812236 0.748191 0.826650 0.812324 0.901334 0.683793 0.827842 0.933239 0.896267 0.846814 0.814533 0.821214 0.703838 0.857867 0.955920 0.839275 0.743237 0.913231 0.837663 0.791887 0.746505 0.909938 0.786054
0.498024 0.424479 0.405689 0.310950 0.942468 0.980142 0.344406 0.293224 0.909811 0.784104 0.852983 0.469855 0.504027 0.431793 0.533933 0.431843 0.478321 0.497593 0.305220 0.499322 0.634577 0.807497 0.000000 0.388972 0.538826 0.551954 0.711051 0.939769 0.500417 0.530183 0.249557 0.273406 0.277075 0.299392 0.483705 0.893156 0.567001 0.655744 0.779452 0.719131 0.850640 0.656713 0.429080 0.311277 0.557843 0.409016 0.244417 0.309288 0.421636 0.285195 0.314990 0.271567 0.450633 0.626691 0.337242 0.373878 0.443884 0.437978 0.358957 0.363118 0.425763 0.377046 0.359460 0.316470 0.600481 0.530356 0.330117 0.380904 0.657245 0.424663 0.680753 0.970609 0.491765 0.577303 0.701404 0.613064 0.534686 0.752053 0.320802 0.395502 0.383122 0.600768 0.487863 0.557199 0.441592 0.421755 0.986904 0.665069 0.663626 0.424344 0.762169 0.800371 0.712067 0.612270 0.687408 0.809055 0.799437 0.736665 0.667092 0.582788 0.929003 0.936999 0.628062 0.581397 0.505673 0.415614 0.597174 0.941115 0.973856 0.588750 0.599900 0.691651 0.680688 0.692507 0.389475 0.853790
0.349418 0.310310 0.338730 0.281319 0.974689 0.819615 0.643136 0.400957 0.698199 0.798159 0.587049 0.350681 0.347473 0.276447 0.439248 0.355193 0.368106 0.329498 0.372610 0.410554 0.642719 0.997883 0.388972 0.000000 0.388280 0.438315 0.576860 0.909878 0.541025 0.432610 0.643210 0.535471 0.411091 0.458543 0.654325 0.882577 0.626286 0.605857 0.729803 0.762863 0.731681 0.745772 0.852538 0.721690 0.970983 0.867031 0.499254 0.580999 0.833038 0.618983 0.656941 0.568396 0.752814 0.941011 0.350354 0.497856 0.299479 0.296575 0.459849 0.395435 0.398868 0.367515 0.378651 0.335423 0.383649 0.271689 0.569301 0.620008 0.469839 0.339339 0.905224 0.827853 0.835771 0.899065 0.802850 0.847951 0.927009 0.928031 0.453513 0.441872 0.295934 0.365934 0.381621 0.328862 0.338950 0.239597 0.691872 0.416951 0.514906 0.341685 0.522241 0.518289 0.529174 0.504066 0.890233 0.926716 0.978174 0.947668 0.924184 0.949565 0.819470 0.812937 0.952414 0.834053 0.770433 0.742283 0.814009 0.881882 0.711609 0.794098 0.707635 0.986678 0.909584 0.964343 0.734297 0.748136
0.249939 0.271614 0.372750 0.467564 0.820221 0.735762 0.839848 0.683927 0.431711 0.519226 0.422630 0.312742 0.357621 0.340120 0.566357 0.600224 0.271120 0.268950 0.309657 0.274175 0.475612 0.904682 0.538826 0.388280 0.000000 0.308766 0.377273 0.875219 0.544220 0.466152 0.778170 0.614374 0.420466 0.496070 0.652673 0.886304 0.506117 0.555042 0.616014 0.714728 0.656632 0.687238 0.983315 0.806822 0.809255 0.995221 0.551858 0.621173 0.951324 0.752549 0.926859 0.826916 0.923647 0.698936 0.405529 0.468334 0.290082 0.259861 0.509407 0.445802 0.507341 0.587155 0.359471 0.353647 0.337987 0.416354 0.685311 0.782139 0.257336 0.354653 0.750552 0.576207 0.993078 0.897781 0.754157 0.988147 0.974054 0.853325 0.536879 0.432808 0.273511 0.229486 0.322333 0.212809 0.237768 0.219951 0.656525 0.392910 0.484808 0.259552 0.374142 0.423307 0.457822 0.451233 0.965917 0.889939 0.980228 0.855952 0.760363 0.898226 0.719176 0.641926 0.906024 0.780193 0.786694 0.758529 0.920793 0.715603 0.739241 0.654502 0.830863 0.898044 0.757174 0.961291 0.717461 0.578884
0.482209 0.495577 0.502867 0.498212 0.950277 0.950566 0.726898 0.629777 0.589294 0.778274 0.746813 0.569355 0.522315 0.481180 0.668141 0.654298 0.524459 0.504878 0.492613 0.520277 0.614039 0.817997 0.551954 0.438315 0.308766 0.000000 0.539873 0.927057 0.730471 0.655061 0.669076 0.590830 0.506505 0.502686 0.618781 0.822720 0.552666 0.563172 0.733753 0.791026 0.849640 0.573520 0.799395 0.648531 0.970772 0.844178 0.535302 0.575388 0.826224 0.653589 0.745031 0.659400 0.825265 0.988328 0.439483 0.443834 0.501576 0.486369 0.541854 0.487464 0.672387 0.634958 0.524495 0.525413 0.609171 0.516961 0.612281 0.667879 0.495516 0.427120 0.955201 0.799342 0.852456 0.897275 0.848226 0.880770 0.849514 0.946224 0.550733 0.532011 0.439642 0.452242 0.516469 0.401722 0.440436 0.363910 0.796050 0.520353 0.509071 0.381190 0.704146 0.741410 0.771372 0.674612 0.909148 0.696190 0.834918 0.953093 0.900890 0.846182 0.893501 0.955847 0.865928 0.690955 0.649783 0.646842 0.770567 0.977474 0.840389 0.676196 0.900295 0.948241 0.996302 0.868030 0.673625 0.792790
0.362796 0.376832 0.489478 0.570838 0.911449 0.697090 0.862698 0.751386 0.518242 0.612622 0.430373 0.388812 0.423609 0.419256 0.590732 0.699495 0.409635 0.404426 0.443409 0.338083 0.592925 0.834581 0.711051 0.576860 0.377273 0.539873 0.000000 0.841433 0.589846 0.530866 0.837583 0.757894 0.586001 0.554942 0.825500 0.789355 0.521914 0.672621 0.707779 0.699026 0.639998 0.832484 0.878264 0.947681 0.753005 0.898048 0.754306 0.813347 0.954434 0.912929 0.993906 0.920773 0.866936 0.653019 0.520323 0.659471 0.410554 0.396512 0.652067 0.561993 0.517662 0.616365 0.462440 0.460671 0.411771 0.501686 0.810993 0.926540 0.431910 0.561644 0.748742 0.628187 0.983112 0.885215 0.603181 0.844386 0.898783 0.834771 0.707603 0.610805 0.483745 0.392297 0.483842 0.406676 0.373938 0.371523 0.698171 0.553835 0.554607 0.481001 0.399148 0.513444 0.477101 0.564238 0.877734 0.977301 0.885444 0.794257 0.715127 0.737632 0.586195 0.724574 0.981551 0.821778 0.932728 0.837656 0.972258 0.706330 0.876512 0.825098 0.770814 0.869807 0.707012 0.914313 0.770418 0.743266
0.839478 0.875206 0.956449 0.962732 0.952905 0.922536 0.984225 0.999011 0.955124 0.814402 0.774348 0.864752 0.821550 0.872159 0.833070 0.934200 0.855208 0.813269 0.964448 0.867696 0.961129 0.864815 0.939769 0.909878 0.875219 0.927057 0.841433 0.000000 0.934826 0.937724 0.751155 0.864487 0.957925 0.989840 0.957785 0.992312 0.992530 0.900801 0.954699 0.980008 0.998418 0.844298 0.870053 0.915893 0.782481 0.785966 0.882077 0.898180 0.820197 0.818485 0.851694 0.861539 0.899125 0.798260 0.965427 0.933282 0.861522 0.830145 0.967826 0.988054 0.869896 0.920827 0.929661 0.914184 0.751716 0.747220 0.848702 0.794038 0.886778 0.928517 0.905650 0.876015 0.966308 0.970156 0.913784 0.935084 0.748934 0.845728 0.984184 0.968677 0.888320 0.781441 0.979145 0.879411 0.825664 0.820560 0.935736 0.883335 0.951871 0.835343 0.843388 0.826832 0.814149 0.930330 0.868334 0.928654 0.794008 0.887938 0.795683 0.849163 0.748277 0.898411 0.944668 0.969910 0.954261 0.867555 0.842384 0.953090 0.962709 0.836585 0.949408 0.826718 0.831995 0.869221 0.999171 0.792796
0.391741 0.372270 0.450922 0.558267 0.958060 0.804851 0.565834 0.529675 0.716393 0.987870 0.400995 0.290442 0.381820 0.368307 0.390497 0.452336 0.242685 0.274509 0.323443 0.345300 0.567595 0.959339 0.500417 0.541025 0.544220 0.730471 0.589846 0.934826 0.000000 0.204981 0.581613 0.567178 0.324643 0.303854 0.759652 0.858536 0.610484 0.639877 0.837987 0.654644 0.724407 0.716737 0.815668 0.639935 0.841687 0.709973 0.497455 0.561474 0.684949 0.581814 0.686562 0.666857 0.823070 0.964808 0.351642 0.441841 0.366697 0.355546 0.558219 0.586631 0.287352 0.351819 0.290386 0.274701 0.381845 0.459882 0.589386 0.620092 0.562159 0.525072 0.938201 0.856007 0.740478 0.775455 0.693358 0.811087 0.898976 0.818363 0.470198 0.437429 0.331761 0.485217 0.322304 0.445883 0.421555 0.480300 0.736136 0.697509 0.620239 0.524728 0.485400 0.542984 0.360240 0.437147 0.928417 0.892676 0.996619 0.923412 0.906626 0.994804 0.839532 0.787526 0.816815 0.799088 0.784988 0.755993 0.824377 0.885457 0.816038 0.715269 0.797992 0.899413 0.971681 0.936866 0.609210 0.730606
0.367250 0.339680 0.478870 0.519714 0.968080 0.755281 0.679820 0.534546 0.670726 0.873152 0.344012 0.212505 0.363195 0.263695 0.387482 0.372432 0.211416 0.228661 0.356175 0.319539 0.570688 0.871319 0.530183 0.432610 0.466152 0.655061 0.530866 0.937724 0.204981 0.000000 0.591584 0.604723 0.377353 0.348930 0.775924 0.728655 0.543710 0.524125 0.698883 0.687140 0.713816 0.777913 0.984643 0.775288 0.996553 0.855097 0.572263 0.637578 0.866987 0.696814 0.804160 0.746918 0.902427 0.904857 0.369175 0.488204 0.345261 0.311602 0.609333 0.596521 0.265306 0.283409 0.296774 0.245728 0.336247 0.334877 0.679945 0.671195 0.510705 0.481330 0.958881 0.819384 0.808658 0.873463 0.700771 0.845623 0.935684 0.945066 0.492888 0.415777 0.312045 0.455093 0.273329 0.366840 0.425289 0.413017 0.601180 0.603669 0.563061 0.489530 0.356882 0.359167 0.303948 0.328429 0.994003 0.915374 0.900822 0.840955 0.718274 0.839810 0.789716 0.645312 0.945000 0.930410 0.865540 0.866257 0.902209 0.749460 0.795868 0.753156 0.839869 0.994264 0.859555 0.923653 0.715050 0.756793
0.722581 0.629332 0.620997 0.475055 0.855747 0.912125 0.341940 0.372336 0.983477 0.564119 0.935744 0.665170 0.774694 0.655039 0.753996 0.574940 0.641194 0.705320 0.495554 0.687772 0.723197 0.783549 0.249557 0.643210 0.778170 0.669076 0.837583 0.751155 0.581613 0.591584 0.000000 0.311801 0.352790 0.306222 0.550379 0.775117 0.566981 0.690937 0.857245 0.775165 0.937971 0.717797 0.378257 0.282495 0.399625 0.297729 0.270363 0.302414 0.356327 0.258499 0.266405 0.239595 0.357717 0.471162 0.463577 0.441866 0.647417 0.654022 0.431862 0.480725 0.572649 0.465011 0.493900 0.459567 0.870766 0.769969 0.311407 0.304448 0.910830 0.605371 0.503471 0.837812 0.453535 0.525377 0.805579 0.580439 0.433202 0.565902 0.371730 0.519072 0.586102 0.908693 0.648742 0.792455 0.725271 0.693714 0.877853 0.881033 0.770099 0.633904 0.898707 0.937637 0.856083 0.717909 0.575641 0.777186 0.700509 0.730176 0.521718 0.506354 0.829193 0.859919 0.591919 0.620286 0.511666 0.410014 0.566378 0.827558 0.801288 0.607823 0.671860 0.515696 0.531555 0.660707 0.418933 0.890774
0.590362 0.548183 0.501547 0.446715 0.919260 0.932531 0.386387 0.444477 0.869854 0.764748 0.876596 0.585685 0.546378 0.504561 0.625260 0.526980 0.558229 0.560823 0.386176 0.615615 0.602770 0.841068 0.273406 0.535471 0.614374 0.590830 0.757894 0.864487 0.567178 0.604723 0.311801 0.000000 0.334902 0.328022 0.626329 0.861587 0.603791 0.714226 0.894344 0.725601 0.918756 0.710532 0.560699 0.429302 0.593278 0.466213 0.325845 0.359807 0.488064 0.362309 0.409145 0.361722 0.501837 0.679206 0.405711 0.427348 0.529004 0.536551 0.390083 0.444140 0.506984 0.502771 0.397865 0.425117 0.735072 0.657847 0.412059 0.397196 0.733689 0.568883 0.768193 0.958043 0.561242 0.664017 0.688851 0.696540 0.642858 0.821730 0.422788 0.431305 0.471876 0.677131 0.496456 0.633468 0.543520 0.534557 0.963072 0.780270 0.752188 0.544866 0.802435 0.837994 0.773917 0.711505 0.686686 0.917534 0.769430 0.790777 0.657580 0.580968 0.936394 0.879956 0.602622 0.565052 0.649833 0.412457 0.683948 0.949738 0.979662 0.699914 0.581790 0.709674 0.625535 0.657288 0.435456 0.959092
0.291428 0.274078 0.346497 0.319902 0.926573 0.800609 0.358964 0.336018 0.669657 0.926978 0.600680 0.331608 0.408440 0.368836 0.554539 0.527354 0.289120 0.312451 0.192651 0.319505 0.475631 0.901690 0.277075 0.411091 0.420466 0.506505 0.586001 0.957925 0.324643 0.377353 0.352790 0.334902 0.000000 0.217065 0.544897 0.906007 0.505371 0.598725 0.825705 0.695858 0.733738 0.625695 0.598971 0.410424 0.700813 0.509682 0.256312 0.328026 0.479303 0.337354 0.431446 0.380644 0.621703 0.880812 0.278521 0.297516 0.250529 0.267218 0.255920 0.264073 0.300108 0.337243 0.203045 0.199572 0.430829 0.479265 0.326021 0.406579 0.460921 0.322836 0.894002 0.810143 0.651681 0.744908 0.747295 0.690911 0.734667 0.783174 0.261655 0.324335 0.264488 0.470267 0.324008 0.368840 0.316822 0.321913 0.946685 0.596861 0.531357 0.339049 0.513114 0.626182 0.509128 0.482790 0.741333 0.811088 0.731859 0.911591 0.833311 0.756588 0.931378 0.916640 0.684694 0.580453 0.533636 0.504897 0.712430 0.994951 0.851525 0.583499 0.645864 0.719309 0.790452 0.751395 0.470091 0.780107
0.392281 0.339208 0.375837 0.365535 0.960297 0.916047 0.331740 0.348362 0.712295 0.871974 0.628243 0.369991 0.416592 0.358175 0.454534 0.453411 0.323386 0.355764 0.269771 0.370439 0.550663 0.863026 0.299392 0.458543 0.496070 0.502686 0.554942 0.989840 0.303854 0.348930 0.306222 0.328022 0.217065 0.000000 0.556492 0.765708 0.448867 0.565762 0.763668 0.742165 0.794693 0.598129 0.591986 0.413476 0.692082 0.536870 0.284069 0.374073 0.520971 0.385109 0.451003 0.407659 0.576297 0.818008 0.307395 0.297387 0.349190 0.363268 0.347103 0.397352 0.305315 0.326350 0.237190 0.230301 0.503527 0.480665 0.382065 0.448214 0.590826 0.418730 0.809489 0.912877 0.569403 0.651543 0.714060 0.702386 0.675107 0.682383 0.305289 0.362155 0.324732 0.547225 0.379823 0.453740 0.417442 0.412422 0.953575 0.661819 0.523095 0.422751 0.557273 0.641379 0.517672 0.496652 0.791721 0.834597 0.813281 0.899219 0.815567 0.725966 0.890723 0.970989 0.725641 0.625401 0.619086 0.516791 0.601073 0.993477 0.924800 0.658524 0.702049 0.703466 0.788702 0.782020 0.406703 0.873197
0.696906 0.660012 0.717232 0.609065 0.970136 0.949908 0.640686 0.594071 0.853001 0.920487 0.978476 0.665130 0.734160 0.711197 0.810407 0.773828 0.684858 0.705656 0.570255 0.746767 0.997738 0.855133 0.483705 0.654325 0.652673 0.618781 0.825500 0.957785 0.759652 0.775924 0.550379 0.626329 0.544897 0.556492 0.000000 0.865158 0.585523 0.817735 0.833655 0.840983 0.748726 0.724747 0.576487 0.485151 0.688908 0.610961 0.465957 0.532141 0.640949 0.519486 0.552986 0.552942 0.623500 0.748316 0.571650 0.504199 0.674423 0.674439 0.592116 0.590867 0.718789 0.647594 0.616026 0.562579 0.771236 0.731199 0.525608 0.560092 0.814116 0.633465 0.823005 0.905114 0.732387 0.736234 0.897738 0.760976 0.659267 0.718598 0.611070 0.650777 0.601378 0.735985 0.715589 0.669588 0.622749 0.612612 0.913948 0.751977 0.601663 0.587426 0.907349 0.907103 0.872354 0.751138 0.723068 0.839389 0.795827 0.894180 0.746476 0.657442 0.880562 0.994841 0.566387 0.620753 0.525316 0.630711 0.736812 0.922825 0.912144 0.587259 0.668955 0.717637 0.794147 0.888620 0.531027 0.978656
0.942961 0.880274 0.978740 0.881558 0.744034 0.970821 0.960863 0.893738 0.837957 0.984204 0.950032 0.880143 0.959860 0.883869 0.949197 0.910405 0.851680 0.836472 0.894469 0.886036 0.967798 0.925642 0.893156 0.882577 0.886304 0.822720 0.789355 0.992312 0.858536 0.728655 0.775117 0.861587 0.906007 0.765708 0.865158 0.000000 0.649059 0.700523 0.825004 0.908931 0.870931 0.934084 0.963071 0.852117 0.909110 0.911105 0.899433 0.796665 0.970283 0.937370 0.964439 0.918814 0.915197 0.872399 0.875395 0.799304 0.932448 0.915487 0.938336 0.976526 0.950163 0.820037 0.915875 0.843267 0.993368 0.873543 0.824206 0.780945 0.953520 0.827679 0.803302 0.747722 0.804851 0.921979 0.898991 0.936924 0.971820 0.829912 0.883471 0.873758 0.910891 0.972554 0.820576 0.894441 0.988104 0.880006 0.889892 0.998233 0.974304 0.857901 0.887888 0.832048 0.921765 0.863320 0.993637 0.681409 0.844866 0.710894 0.984850 0.958954 0.874926 0.988003 0.828244 0.839208 0.887822 0.851811 0.885721 0.897578 0.931600 0.804945 0.993220 0.972792 0.988702 0.982754 0.814843 0.844314
0.521157 0.507249 0.531838 0.517939 0.976769 0.888969 0.608756 0.535495 0.693195 0.908715 0.715185 0.518816 0.644305 0.570353 0.780419 0.692953 0.523044 0.547749 0.503927 0.563981 0.653112 0.776159 0.567001 0.626286 0.506117 0.552666 0.521914 0.992530 0.610484 0.543710 0.566981 0.603791 0.505371 0.448867 0.585523 0.649059 0.000000 0.507301 0.681005 0.668127 0.738382 0.659457 0.869625 0.677995 0.957778 0.829336 0.624688 0.632592 0.849590 0.682182 0.749848 0.706924 0.833120 0.979114 0.510492 0.541674 0.548641 0.522447 0.542078 0.565986 0.560268 0.531286 0.463624 0.448602 0.660538 0.619271 0.556999 0.637673 0.637100 0.524214 0.833675 0.942808 0.705942 0.839805 0.695833 0.983025 0.856115 0.898086 0.654625 0.667554 0.585880 0.684399 0.488060 0.566418 0.573206 0.514606 0.826672 0.708705 0.560049 0.550790 0.585063 0.621246 0.589248 0.565470 0.886795 0.788007 0.982501 0.994109 0.991330 0.951424 0.935858 0.859794 0.773583 0.640491 0.655983 0.669634 0.818111 0.914172 0.964967 0.671679 0.869356 0.900155 0.990775 0.920198 0.664925 0.930779
0.551798 0.532714 0.519229 0.518969 0.957272 0.968436 0.627891 0.505789 0.850432 0.814824 0.698650 0.542798 0.621759 0.605558 0.828523 0.660807 0.595810 0.573611 0.618915 0.573649 0.683978 0.945754 0.655744 0.605857 0.555042 0.563172 0.672621 0.900801 0.639877 0.524125 0.690937 0.714226 0.598725 0.565762 0.817735 0.700523 0.507301 0.000000 0.738594 0.797589 0.743844 0.659854 0.977092 0.861875 0.889833 0.985138 0.785620 0.831003 0.958194 0.881724 0.901810 0.846150 0.908685 0.958715 0.632130 0.727788 0.550660 0.510964 0.705781 0.636403 0.515547 0.453024 0.563648 0.471351 0.583979 0.460712 0.760359 0.728609 0.636996 0.424420 0.865655 0.972170 0.775955 0.847474 0.724905 0.953526 0.974963 0.974201 0.664178 0.731427 0.622972 0.704845 0.535719 0.628997 0.662416 0.548263 0.830193 0.765749 0.568394 0.565102 0.601494 0.548699 0.656083 0.510942 0.954146 0.817522 0.972648 0.936141 0.851874 0.954104 0.991228 0.832694 0.960237 0.979197 0.832126 0.802726 0.817445 0.951768 0.939755 0.786059 0.952879 0.911304 0.810976 0.991719 0.754732 0.717306
