0.000000 0.237843 0.407132 0.431746 0.781744 0.704993 0.350630 0.472815 0.768350 0.731476 0.543529 0.430748 0.301608 0.436071 0.521746 0.572658 0.522750 0.459441 0.340038 0.364064 0.507927 0.953199 0.585144 0.527016 0.528849 0.578622 0.754389 0.737732 0.847600 0.892078 0.848173 0.988439 0.367583 0.360761 0.435983 0.764799 0.416572 0.577599 0.565624 0.674302 0.625464 0.914925 0.733212 0.679119 0.790897 0.753030 0.463793 0.485088 0.841441 0.628476 0.810786 0.678991 0.966946 0.744266 0.338395 0.497892 0.358928 0.259479 0.299909 0.367665 0.308057 0.515826 0.471716 0.530161 0.400921 0.328115 0.290715 0.441835 0.255815 0.338141 0.681498 0.926758 0.756486 0.802652 0.795809 0.980258 0.660376 0.975005 0.658953 0.607152 0.364417 0.305782 0.523510 0.410311 0.327798 0.338701 0.546705 0.728703 0.401011 0.444076 0.916482 0.902474 0.864972 0.886147 0.582013 0.942785 0.493363 0.863347 0.924859 0.960844 0.661988 0.890736 0.982288 0.932213 0.648699 0.594724 0.853112 0.938507 0.945824 0.733531 0.983713 0.830937 0.946315 0.951324 0.808129 0.914498
0.237843 0.000000 0.393500 0.369710 0.728177 0.692075 0.301141 0.334938 0.710852 0.852540 0.600269 0.364589 0.329357 0.397048 0.499488 0.524875 0.449346 0.407837 0.303231 0.301207 0.524624 0.908251 0.496611 0.485200 0.573955 0.632277 0.724915 0.764474 0.707374 0.754390 0.772673 0.839184 0.308935 0.319948 0.491171 0.777347 0.428890 0.540040 0.604259 0.674021 0.649895 0.816059 0.529301 0.525515 0.662943 0.639757 0.351721 0.394524 0.740997 0.547648 0.702445 0.589685 0.945893 0.824216 0.390686 0.512936 0.291901 0.191567 0.287891 0.357102 0.283007 0.425799 0.402399 0.412109 0.441397 0.315562 0.237475 0.335423 0.332224 0.379677 0.548760 0.794594 0.696242 0.756426 0.852501 0.823287 0.541107 0.790046 0.488132 0.610199 0.315535 0.329150 0.495051 0.486076 0.356756 0.353544 0.590066 0.692230 0.465740 0.464361 0.978162 0.977380 0.759513 0.879857 0.529036 0.892125 0.447060 0.853843 0.779881 0.820156 0.770892 0.925389 0.897564 0.872630 0.540487 0.485996 0.834231 0.891732 0.909366 0.679558 0.876661 0.742116 0.854503 0.895825 0.649502 0.948375
0.407132 0.393500 0.000000 0.226241 0.644925 0.798894 0.356550 0.542461 0.653129 0.601453 0.892253 0.669693 0.305981 0.601858 0.409652 0.444687 0.803842 0.820171 0.546066 0.532303 0.549190 0.820562 0.328791 0.318547 0.290542 0.314238 0.523448 0.703301 0.818369 0.780874 0.680241 0.880612 0.497504 0.637409 0.372178 0.880503 0.323897 0.518120 0.416648 0.688672 0.675009 0.956273 0.918609 0.911652 0.985537 0.986480 0.625834 0.604358 0.912954 0.737817 0.941142 0.736196 0.978347 0.757353 0.315430 0.534341 0.633336 0.433113 0.468025 0.436979 0.335250 0.414059 0.782918 0.787993 0.183036 0.211352 0.340030 0.428149 0.348071 0.435725 0.701174 0.914035 0.698432 0.787251 0.911183 0.907466 0.746850 0.908083 0.705275 0.891591 0.660933 0.504779 0.598945 0.489382 0.211212 0.231698 0.529535 0.609093 0.311914 0.340895 0.862043 0.844526 0.857379 0.906508 0.626325 0.985758 0.611375 0.912227 0.851807 0.865615 0.603663 0.796333 0.738644 0.720190 0.598662 0.567096 0.888544 0.958490 0.856681 0.794363 0.987107 0.984489 0.921343 0.870478 0.745429 0.862615
0.431746 0.369710 0.226241 0.000000 0.641521 0.786553 0.387220 0.437805 0.745048 0.601090 0.997914 0.593997 0.317736 0.505552 0.367104 0.389479 0.835000 0.770920 0.500627 0.497282 0.586948 0.883521 0.255048 0.236971 0.309617 0.396314 0.444801 0.749332 0.885637 0.826830 0.736475 0.995417 0.523754 0.640046 0.440180 0.812009 0.382924 0.525465 0.420104 0.684319 0.716368 0.874447 0.866954 0.892066 0.973196 0.968529 0.602106 0.555154 0.916924 0.745793 0.946777 0.742577 0.990754 0.723789 0.347962 0.564558 0.606871 0.393235 0.503477 0.464782 0.395044 0.434716 0.778391 0.745812 0.217048 0.237821 0.351819 0.456316 0.427847 0.495746 0.667785 0.900452 0.850084 0.923830 0.925767 0.886769 0.721362 0.957960 0.683733 0.875544 0.608968 0.498684 0.573717 0.457848 0.209815 0.220078 0.473745 0.571777 0.338970 0.297848 0.968803 0.906889 0.765600 0.873868 0.642437 0.895203 0.580101 0.944710 0.928945 0.968743 0.613616 0.755306 0.792414 0.754297 0.553642 0.486352 0.882542 0.878928 0.881107 0.728849 0.964638 0.910208 0.907066 0.871451 0.784267 0.863714
0.781744 0.728177 0.644925 0.641521 0.000000 0.922012 0.660578 0.708451 0.825247 0.929332 0.969624 0.855215 0.601048 0.801115 0.629962 0.607887 0.899137 0.929403 0.759016 0.806713 0.810461 0.901592 0.541946 0.621965 0.607105 0.628185 0.739137 0.832955 0.997981 0.931559 0.715494 0.997893 0.772175 0.764955 0.791157 0.840968 0.698818 0.829806 0.879629 0.770336 0.865923 0.896761 0.844887 0.877747 0.994171 0.962730 0.877113 0.734732 0.961354 0.962620 0.945293 0.910936 0.955896 0.838080 0.785297 0.841023 0.798165 0.767174 0.817481 0.785941 0.694875 0.681071 0.914028 0.855009 0.628811 0.627240 0.696724 0.725715 0.734755 0.686780 0.806607 0.810356 0.831103 0.917302 0.991044 0.933687 0.967441 0.966051 0.907434 0.911023 0.829863 0.880869 0.681045 0.847120 0.640799 0.655753 0.842745 0.790573 0.796547 0.757767 0.975413 0.972190 0.810921 0.998298 0.748743 0.949985 0.870738 0.913911 0.959113 0.968925 0.881604 0.866665 0.979717 0.957905 0.838132 0.679831 0.939973 0.948012 0.888747 0.900576 0.979237 0.994460 0.979060 0.864218 0.791953 0.870480
0.704993 0.692075 0.798894 0.786553 0.922012 0.000000 0.729670 0.750260 0.959589 0.963196 0.776082 0.695861 0.782354 0.737497 0.783178 0.752270 0.737636 0.667816 0.692007 0.762605 0.752723 0.903633 0.862143 0.836390 0.921270 0.903021 0.915989 0.779239 0.796919 0.815650 0.842454 0.886163 0.821016 0.772952 0.920115 0.694455 0.892517 0.881041 0.903586 0.702636 0.780404 0.896685 0.782043 0.794080 0.870586 0.888626 0.820767 0.947362 0.943045 0.931589 0.916561 0.930762 0.939626 0.702410 0.847827 0.835546 0.657086 0.701670 0.853313 0.874516 0.808075 0.835011 0.884845 0.930842 0.810886 0.705994 0.718819 0.752784 0.804553 0.861791 0.869016 0.984141 0.961246 0.991460 0.719360 0.946028 0.928559 0.977542 0.908211 0.789285 0.706056 0.653136 0.885244 0.800226 0.795974 0.767103 0.738695 0.844743 0.922456 0.816578 0.722992 0.830339 0.676078 0.748342 0.827315 0.957203 0.670223 0.680260 0.747127 0.718188 0.988251 0.975715 0.919313 0.947174 0.871053 0.763590 0.930394 0.990751 0.926458 0.777029 0.856787 0.857017 0.922321 0.993274 0.955615 0.694486
0.350630 0.301141 0.356550 0.387220 0.660578 0.729670 0.000000 0.269963 0.575370 0.972774 0.656701 0.484806 0.315928 0.390044 0.364985 0.463105 0.509437 0.509969 0.312724 0.355198 0.710155 0.921169 0.470463 0.518633 0.632507 0.603461 0.767213 0.898395 0.754465 0.844758 0.666038 0.796301 0.314074 0.349376 0.508485 0.842455 0.443923 0.526740 0.658790 0.795513 0.741804 0.850136 0.498266 0.481881 0.595885 0.583971 0.424177 0.399230 0.746611 0.579678 0.687726 0.568558 0.736314 0.983549 0.420605 0.440642 0.383350 0.308741 0.390888 0.471391 0.279011 0.386125 0.474543 0.472907 0.427529 0.330008 0.238680 0.286027 0.477157 0.532710 0.429707 0.667373 0.671399 0.638961 0.872700 0.758246 0.521555 0.757123 0.507109 0.678240 0.410853 0.425673 0.547149 0.508482 0.366502 0.421406 0.650902 0.697723 0.534849 0.579070 0.820574 0.886379 0.702050 0.767469 0.582205 0.846978 0.416380 0.848007 0.689910 0.672845 0.881752 0.874797 0.890181 0.870954 0.406101 0.464824 0.783045 0.796800 0.722760 0.656867 0.780759 0.631354 0.778570 0.840806 0.625925 0.931514
0.472815 0.334938 0.542461 0.437805 0.708451 0.750260 0.269963 0.000000 0.634483 0.869656 0.790803 0.449415 0.490132 0.406109 0.478048 0.505656 0.591432 0.565264 0.414951 0.457686 0.767528 0.951988 0.547479 0.571445 0.763161 0.736492 0.817460 0.957202 0.676270 0.779924 0.744898 0.711115 0.428973 0.388052 0.644023 0.764188 0.583141 0.607714 0.755912 0.798064 0.888074 0.759690 0.437696 0.458772 0.553236 0.516714 0.357572 0.391795 0.669764 0.545973 0.595170 0.509891 0.654328 0.941114 0.483920 0.510011 0.425673 0.354774 0.411660 0.492024 0.352932 0.349489 0.471848 0.396026 0.613176 0.445883 0.341437 0.360954 0.626737 0.592345 0.524124 0.734088 0.819804 0.791924 0.871195 0.740362 0.552880 0.744088 0.555085 0.708704 0.447510 0.559802 0.566701 0.597805 0.522401 0.524834 0.726979 0.731954 0.637853 0.618801 0.753971 0.916915 0.733495 0.882562 0.666885 0.779247 0.457391 0.825728 0.544374 0.543523 0.960507 0.933855 0.746985 0.818493 0.470354 0.476743 0.794085 0.701892 0.803935 0.716144 0.748320 0.552808 0.747100 0.828482 0.654534 0.986612
0.768350 0.710852 0.653129 0.745048 0.825247 0.959589 0.575370 0.634483 0.000000 0.848129 0.993992 0.896160 0.700586 0.872136 0.797670 0.912073 0.785741 0.932394 0.788617 0.779347 0.915560 0.988943 0.770805 0.786323 0.778592 0.687931 0.893033 0.955674 0.906176 0.998719 0.647946 0.992908 0.604526 0.744814 0.708758 0.917129 0.714876 0.701963 0.850118 0.885808 0.973012 0.804511 0.743709 0.748766 0.669698 0.697693 0.726701 0.660481 0.791170 0.640962 0.654488 0.653428 0.687094 0.826347 0.649142 0.645527 0.798697 0.756426 0.713081 0.825415 0.594352 0.624089 0.748450 0.759117 0.732573 0.719872 0.643350 0.573023 0.706720 0.762700 0.726558 0.819768 0.736784 0.718555 0.846318 0.893950 0.697125 0.864892 0.813071 0.962134 0.862962 0.933611 0.775473 0.827260 0.720243 0.758118 0.907310 0.774478 0.721664 0.782162 0.944507 0.925878 0.976198 0.997182 0.781305 0.930907 0.875790 0.901524 0.827448 0.865099 0.933787 0.978943 0.971494 0.835301 0.715235 0.717954 0.838025 0.908219 0.989562 0.972149 0.789157 0.729169 0.910691 0.942172 0.746330 0.926233
0.731476 0.852540 0.601453 0.601090 0.929332 0.963196 0.972774 0.869656 0.848129 0.000000 0.883359 0.958702 0.654393 0.867595 0.773826 0.738901 0.884175 0.938429 0.860293 0.883531 0.772024 0.956969 0.618209 0.497404 0.457316 0.593461 0.519840 0.743920 0.589509 0.622913 0.978088 0.709519 0.944763 0.871217 0.652138 0.972208 0.633835 0.958909 0.511800 0.820487 0.774371 0.853989 0.566716 0.600068 0.447855 0.468811 0.913529 0.875878 0.480530 0.748304 0.543149 0.753080 0.585142 0.506070 0.683244 0.943399 0.980767 0.830622 0.969871 0.873030 0.925408 0.966466 0.803465 0.729640 0.489172 0.616347 0.880043 0.965895 0.624772 0.805955 0.961857 0.786672 0.792439 0.721039 0.955941 0.844821 0.852616 0.627806 0.990127 0.932805 0.948728 0.674831 0.796566 0.628116 0.504556 0.503915 0.735132 0.718874 0.575582 0.500574 0.617253 0.780536 0.952732 0.964000 0.926677 0.833334 0.977318 0.815411 0.440942 0.523768 0.429460 0.691833 0.451104 0.478583 0.872954 0.958762 0.887596 0.754431 0.862530 0.984050 0.654552 0.713773 0.605542 0.739542 0.813761 0.998991
0.543529 0.600269 0.892253 0.997914 0.969624 0.776082 0.656701 0.790803 0.993992 0.883359 0.000000 0.532860 0.792369 0.692783 0.919134 0.959834 0.573248 0.452809 0.576963 0.571865 0.783275 0.768801 0.881896 0.928065 0.873163 0.898593 0.770829 0.879322 0.622753 0.552973 0.885699 0.827114 0.649371 0.487786 0.864766 0.857597 0.895159 0.865255 0.955374 0.985760 0.771488 0.931587 0.712567 0.684657 0.627520 0.722946 0.747968 0.811052 0.715183 0.842907 0.926437 0.934171 0.912746 0.872881 0.839030 0.812114 0.535925 0.631461 0.692084 0.786824 0.698036 0.911806 0.593158 0.678988 0.968295 0.807430 0.634316 0.639905 0.662281 0.764957 0.817560 0.829060 0.792232 0.659681 0.818704 0.958450 0.834353 0.852246 0.793278 0.629117 0.505227 0.572943 0.920257 0.812634 0.908483 0.919398 0.881269 0.884614 0.900358 0.994785 0.878435 0.863020 0.738618 0.801349 0.681572 0.967224 0.741273 0.817119 0.680264 0.807691 0.948643 0.817240 0.728479 0.730977 0.820804 0.880662 0.932288 0.919482 0.793850 0.845993 0.929688 0.836749 0.848177 0.875937 0.939381 0.931929
0.430748 0.364589 0.669693 0.593997 0.855215 0.695861 0.484806 0.449415 0.896160 0.958702 0.532860 0.000000 0.534193 0.390518 0.544400 0.536716 0.552446 0.374786 0.401074 0.393802 0.611925 0.887098 0.662956 0.634350 0.823383 0.934166 0.849718 0.971363 0.579521 0.593534 0.936568 0.737576 0.484771 0.390232 0.708124 0.704832 0.648172 0.619884 0.909971 0.772027 0.838242 0.883249 0.567125 0.623658 0.673568 0.708114 0.544029 0.624620 0.781801 0.750890 0.846040 0.817293 0.951902 0.777291 0.665276 0.644230 0.372279 0.400866 0.529673 0.608336 0.424918 0.466989 0.479990 0.390330 0.693624 0.510162 0.495596 0.488807 0.585887 0.581119 0.668354 0.798934 0.713301 0.709138 0.880012 0.876633 0.716086 0.715180 0.589130 0.531216 0.387481 0.470018 0.746441 0.651316 0.613601 0.568608 0.724789 0.885599 0.696383 0.689465 0.924883 0.982550 0.773926 0.984410 0.723904 0.776606 0.570753 0.778785 0.682113 0.719302 0.981202 0.991483 0.697984 0.790835 0.584076 0.581963 0.997780 0.880546 0.903743 0.705693 0.830574 0.712023 0.768196 0.823791 0.749220 0.914649
0.301608 0.329357 0.305981 0.317736 0.601048 0.782354 0.315928 0.490132 0.700586 0.654393 0.792369 0.534193 0.000000 0.432243 0.308723 0.347073 0.587181 0.620336 0.341676 0.404238 0.589931 0.957996 0.300434 0.338196 0.433333 0.547209 0.599955 0.741938 0.929223 0.996533 0.697237 0.996485 0.421604 0.509679 0.498720 0.882619 0.343066 0.602964 0.540488 0.700629 0.609101 0.991013 0.771442 0.735726 0.956705 0.906726 0.560015 0.511343 0.967761 0.714674 0.911480 0.687718 0.972689 0.827487 0.419163 0.512622 0.483362 0.336314 0.424444 0.416494 0.319548 0.455996 0.562488 0.580753 0.288989 0.277772 0.352199 0.510805 0.352787 0.437014 0.513017 0.808891 0.685104 0.778461 0.862376 0.772941 0.613607 0.914222 0.633561 0.642730 0.478298 0.387543 0.559361 0.456994 0.249954 0.299113 0.480121 0.618717 0.398384 0.424432 0.932544 0.965594 0.855437 0.830811 0.602040 0.981251 0.516852 0.962211 0.997352 0.936653 0.634580 0.892470 0.931285 0.953624 0.588783 0.503166 0.838591 0.977242 0.928049 0.767995 0.985750 0.817487 0.950631 0.943037 0.735295 0.898051
0.436071 0.397048 0.601858 0.505552 0.801115 0.737497 0.390044 0.406109 0.872136 0.867595 0.692783 0.390518 0.432243 0.000000 0.444160 0.442167 0.497199 0.391523 0.281374 0.345768 0.739553 0.899653 0.514674 0.448979 0.761308 0.820807 0.666874 0.976524 0.620344 0.617743 0.836772 0.675190 0.459430 0.430441 0.578558 0.741168 0.641115 0.549035 0.759536 0.769991 0.867413 0.831486 0.649396 0.643387 0.794270 0.781313 0.587443 0.624034 0.947184 0.895238 0.976950 0.889062 0.948538 0.768314 0.645195 0.601149 0.355239 0.415044 0.617745 0.701436 0.511441 0.574193 0.569542 0.507271 0.602379 0.471101 0.456717 0.566340 0.644037 0.749116 0.531275 0.703058 0.827129 0.874368 0.896601 0.814774 0.703665 0.705807 0.517992 0.552173 0.344862 0.364251 0.574474 0.520537 0.500678 0.487450 0.662804 0.685871 0.665123 0.669948 0.936685 0.927651 0.803911 0.816472 0.801189 0.830852 0.526960 0.842073 0.788501 0.704926 0.824752 0.880156 0.844672 0.850186 0.582896 0.630769 0.945557 0.972099 0.901395 0.701243 0.897263 0.673646 0.842819 0.907320 0.880525 0.956556
0.521746 0.499488 0.409652 0.367104 0.629962 0.783178 0.364985 0.478048 0.797670 0.773826 0.919134 0.544400 0.308723 0.444160 0.000000 0.250219 0.696534 0.655727 0.451094 0.486003 0.672373 0.849717 0.314113 0.357146 0.538255 0.649505 0.641826 0.824674 0.864576 0.932718 0.654926 0.813871 0.504812 0.584507 0.634481 0.855929 0.483275 0.554389 0.671277 0.884547 0.724357 0.892518 0.737988 0.742152 0.903514 0.894468 0.616732 0.580526 0.968922 0.833677 0.974638 0.809664 0.882517 0.843409 0.565367 0.674069 0.539963 0.457467 0.625072 0.617042 0.431006 0.450910 0.635461 0.580845 0.408615 0.385189 0.517708 0.569344 0.600691 0.651275 0.522240 0.789473 0.796105 0.814653 0.996505 0.711539 0.710672 0.821924 0.634430 0.662527 0.523015 0.476217 0.634975 0.507913 0.383385 0.409420 0.553505 0.552950 0.572849 0.527942 0.981144 0.915883 0.839608 0.857162 0.718726 0.999090 0.516798 0.968954 0.901293 0.797675 0.838712 0.991903 0.986966 0.968970 0.592695 0.590266 0.915317 0.891857 0.839037 0.835271 0.994365 0.798242 0.871223 0.991390 0.817572 0.857605
0.572658 0.524875 0.444687 0.389479 0.607887 0.752270 0.463105 0.505656 0.912073 0.738901 0.959834 0.536716 0.347073 0.442167 0.250219 0.000000 0.754853 0.707902 0.510093 0.546578 0.652094 0.862120 0.307331 0.332897 0.502665 0.645251 0.596865 0.822757 0.907458 0.968989 0.674808 0.810774 0.554934 0.618372 0.629774 0.872106 0.496891 0.634933 0.641727 0.746724 0.684368 0.982887 0.794262 0.788724 0.964088 0.992117 0.612795 0.655390 0.852624 0.984553 0.914872 0.934127 0.986355 0.723550 0.605464 0.707418 0.564375 0.493752 0.665972 0.627762 0.456004 0.443010 0.715846 0.617687 0.434509 0.383034 0.578252 0.665425 0.620893 0.633234 0.626784 0.824837 0.824973 0.857173 0.976303 0.641721 0.814903 0.849604 0.673017 0.733638 0.568631 0.505381 0.613364 0.514113 0.395417 0.379556 0.579488 0.598427 0.538958 0.505290 0.974188 0.983727 0.833488 0.951314 0.816447 0.970111 0.606190 0.951485 0.971824 0.860918 0.820448 0.895732 0.996017 0.898412 0.647571 0.558134 0.900724 0.959129 0.840333 0.897096 0.963412 0.751633 0.860259 0.943308 0.800500 0.871747
0.522750 0.449346 0.803842 0.835000 0.899137 0.737636 0.509437 0.591432 0.785741 0.884175 0.573248 0.552446 0.587181 0.497199 0.696534 0.754853 0.000000 0.319696 0.383337 0.409184 0.820625 0.819510 0.808655 0.831892 0.987310 0.994504 0.993290 0.820580 0.402861 0.461076 0.730485 0.571010 0.391123 0.397607 0.837967 0.868317 0.719615 0.745639 0.974443 0.776854 0.705735 0.776254 0.389746 0.331024 0.534407 0.545477 0.535913 0.582982 0.664726 0.718860 0.741021 0.750163 0.881649 0.969065 0.776848 0.686580 0.292906 0.413323 0.607193 0.681235 0.601673 0.753965 0.373942 0.400633 0.871119 0.724409 0.558725 0.563910 0.624636 0.713184 0.484435 0.623206 0.721694 0.729241 0.905116 0.686312 0.543921 0.488379 0.488994 0.453403 0.287820 0.420903 0.629240 0.671781 0.754204 0.768697 0.951162 0.787352 0.841272 0.873303 0.839756 0.777287 0.836409 0.860085 0.716188 0.999541 0.620278 0.803122 0.606384 0.647869 0.949804 0.721263 0.597871 0.528087 0.723437 0.776205 0.869891 0.999680 0.918216 0.732292 0.814074 0.675481 0.734022 0.807254 0.738527 0.924913
0.459441 0.407837 0.820171 0.770920 0.929403 0.667816 0.509969 0.565264 0.932394 0.938429 0.452809 0.374786 0.620336 0.391523 0.655727 0.707902 0.319696 0.000000 0.357714 0.271643 0.730617 0.774335 0.825973 0.767429 0.973574 0.971740 0.940928 0.974086 0.415554 0.399015 0.891918 0.572008 0.420000 0.357331 0.773768 0.733662 0.750751 0.585530 0.949282 0.860253 0.726979 0.715159 0.463691 0.454028 0.567648 0.638655 0.591369 0.650882 0.740856 0.852993 0.930130 0.960480 0.863518 0.761831 0.783536 0.731713 0.213416 0.358740 0.645557 0.788455 0.648145 0.801694 0.461349 0.444218 0.842841 0.685209 0.529615 0.545617 0.597212 0.696433 0.541312 0.590459 0.794483 0.726910 0.903987 0.825737 0.672547 0.549940 0.462695 0.378969 0.242094 0.317879 0.664328 0.652613 0.720484 0.706473 0.843976 0.819942 0.808242 0.826461 0.768600 0.784651 0.649457 0.733010 0.769442 0.810374 0.536673 0.786611 0.614312 0.616991 0.961894 0.792957 0.570750 0.591486 0.612108 0.721583 0.925021 0.970751 0.937965 0.673726 0.796007 0.679802 0.836042 0.784954 0.877922 0.969159
0.340038 0.303231 0.546066 0.500627 0.759016 0.692007 0.312724 0.414951 0.788617 0.860293 0.576963 0.401074 0.341676 0.281374 0.451094 0.510093 0.383337 0.357714 0.000000 0.305771 0.711390 0.919639 0.546597 0.544966 0.771765 0.826387 0.731914 0.922502 0.587678 0.644961 0.836296 0.732853 0.391867 0.360408 0.588721 0.812201 0.588245 0.632492 0.753715 0.699693 0.704303 0.875853 0.568651 0.557690 0.716251 0.719473 0.522917 0.506278 0.849202 0.767956 0.860762 0.731039 0.998908 0.866185 0.562147 0.571324 0.302411 0.329191 0.484205 0.549160 0.432184 0.601627 0.436921 0.488470 0.566862 0.438302 0.327412 0.457941 0.516820 0.649058 0.407424 0.671310 0.758328 0.793128 0.930913 0.780305 0.578669 0.710641 0.501508 0.519257 0.307418 0.341752 0.647460 0.550863 0.476859 0.506387 0.714370 0.720986 0.640737 0.704275 0.875447 0.800323 0.736084 0.762328 0.650874 0.846222 0.423595 0.840324 0.732568 0.651613 0.807954 0.851307 0.836424 0.770442 0.541528 0.529034 0.900928 0.952688 0.871203 0.602507 0.880105 0.647473 0.815970 0.885022 0.700906 0.868830
0.364064 0.301207 0.532303 0.497282 0.806713 0.762605 0.355198 0.457686 0.779347 0.883531 0.571865 0.393802 0.404238 0.345768 0.486003 0.546578 0.409184 0.271643 0.305771 0.000000 0.623959 0.814529 0.556338 0.533627 0.689138 0.738619 0.715924 0.914175 0.626890 0.618549 0.717683 0.699038 0.323560 0.379079 0.589928 0.766398 0.527483 0.458218 0.739163 0.782231 0.705769 0.705843 0.548925 0.547068 0.714521 0.785029 0.556832 0.617834 0.906560 0.793849 0.930808 0.858968 0.907573 0.760266 0.596707 0.649714 0.239377 0.274928 0.544053 0.647942 0.464797 0.604245 0.522909 0.480795 0.542580 0.421549 0.363595 0.447034 0.407524 0.542786 0.415088 0.540839 0.734591 0.706448 0.890682 0.787076 0.538532 0.640265 0.493842 0.481631 0.290577 0.290034 0.595636 0.549789 0.446504 0.462626 0.710047 0.763162 0.597255 0.611132 0.874554 0.859802 0.673668 0.711218 0.693423 0.852021 0.482496 0.890809 0.785752 0.744909 0.844778 0.864787 0.751907 0.814397 0.494809 0.607064 0.912555 0.952546 0.855929 0.715103 0.861383 0.740518 0.953206 0.844445 0.800664 0.970127
0.507927 0.524624 0.549190 0.586948 0.810461 0.752723 0.710155 0.767528 0.915560 0.772024 0.783275 0.611925 0.589931 0.739553 0.672373 0.652094 0.820625 0.730617 0.711390 0.623959 0.000000 0.897208 0.708014 0.632777 0.607684 0.669907 0.809098 0.625000 0.991921 0.964494 0.842697 0.995579 0.656667 0.660328 0.551071 0.745612 0.586426 0.611618 0.581908 0.760277 0.772028 0.998049 0.972295 0.900934 0.965792 0.957431 0.736031 0.896766 0.998265 0.876137 0.971204 0.961670 0.803718 0.619139 0.572824 0.856940 0.622815 0.558521 0.615957 0.655702 0.530661 0.586011 0.800294 0.766542 0.546176 0.504877 0.629203 0.733225 0.507506 0.572246 0.909409 0.994074 0.827414 0.939540 0.980906 0.978349 0.838674 0.964349 0.942187 0.797756 0.665024 0.571298 0.620698 0.671001 0.538686 0.486054 0.711984 0.738782 0.607238 0.579247 0.770895 0.658048 0.978443 0.882906 0.782370 0.928179 0.780920 0.918137 0.890065 0.867624 0.717421 0.780729 0.956077 0.854928 0.895686 0.805560 0.989612 0.894812 0.990175 0.984074 0.944674 0.933784 0.908757 0.956588 0.849752 0.986370
0.953199 0.908251 0.820562 0.883521 0.901592 0.903633 0.921169 0.951988 0.988943 0.956969 0.768801 0.887098 0.957996 0.899653 0.849717 0.862120 0.819510 0.774335 0.919639 0.814529 0.897208 0.000000 0.907875 0.937105 0.918906 0.876186 0.897163 0.990464 0.766898 0.707855 0.930235 0.814368 0.912651 0.883128 0.843874 0.856662 0.903055 0.987643 0.852901 0.862164 0.970554 0.894594 0.840934 0.867229 0.909415 0.946848 0.945453 0.950940 0.955417 0.976929 0.955251 0.917467 0.789287 0.879433 0.830391 0.936961 0.819023 0.928857 0.980116 0.886474 0.932031 0.854851 0.940811 0.909611 0.869109 0.908927 0.996219 0.957320 0.907114 0.881687 0.957579 0.953023 0.951844 0.936677 0.974668 0.976282 0.973198 0.767483 0.963093 0.988437 0.833797 0.961632 0.991803 0.984071 0.920051 0.928077 0.995775 0.881715 0.879681 0.990238 0.993170 0.966557 0.962568 0.980087 0.948823 0.907895 0.909856 0.919053 0.953365 0.996287 0.976245 0.957379 0.864133 0.887321 0.951013 0.987990 0.996897 0.846878 0.947796 0.979920 0.959211 0.999790 0.975464 0.930074 0.828615 0.879662
0.585144 0.496611 0.328791 0.255048 0.541946 0.862143 0.470463 0.547479 0.770805 0.618209 0.881896 0.662956 0.300434 0.514674 0.314113 0.307331 0.808655 0.825973 0.546597 0.556338 0.708014 0.907875 0.000000 0.213158 0.349786 0.468285 0.402173 0.786304 0.954324 0.899047 0.604490 0.944778 0.593633 0.744686 0.586731 0.896199 0.401382 0.596805 0.568908 0.751208 0.731792 0.975333 0.873655 0.902946 0.872844 0.920789 0.696741 0.653992 0.795855 0.873701 0.957269 0.837944 0.984447 0.777412 0.562300 0.704224 0.649581 0.511429 0.685792 0.616009 0.497048 0.476029 0.807035 0.726837 0.293985 0.327033 0.514678 0.610806 0.544278 0.600258 0.582209 0.803218 0.810805 0.930139 0.941635 0.789033 0.791354 0.954581 0.667875 0.854259 0.664079 0.589242 0.596195 0.583037 0.276136 0.292278 0.491998 0.550457 0.455958 0.402543 0.952114 0.981853 0.815707 0.896028 0.697327 0.961344 0.655234 0.986323 0.901406 0.987663 0.622057 0.815098 0.832245 0.796021 0.591687 0.540483 0.943645 0.928256 0.922142 0.769879 0.965081 0.916402 0.963411 0.875734 0.790426 0.892654
0.527016 0.485200 0.318547 0.236971 0.621965 0.836390 0.518633 0.571445 0.786323 0.497404 0.928065 0.634350 0.338196 0.448979 0.357146 0.332897 0.831892 0.767429 0.544966 0.533627 0.632777 0.937105 0.213158 0.000000 0.295343 0.436127 0.396841 0.740362 0.909711 0.874368 0.706746 0.978312 0.603753 0.735121 0.477243 0.800819 0.421397 0.538087 0.468550 0.705967 0.746012 0.901806 0.999044 0.996403 0.802624 0.836200 0.721315 0.717570 0.720077 0.985957 0.809239 0.985798 0.811376 0.580207 0.461874 0.648762 0.615080 0.480471 0.709182 0.664099 0.537755 0.547704 0.886607 0.804268 0.277390 0.315910 0.547861 0.651680 0.488317 0.603155 0.693388 0.870875 0.949032 0.982331 0.969652 0.926654 0.866537 0.987005 0.698410 0.833212 0.619467 0.477965 0.555536 0.444552 0.247237 0.231919 0.516456 0.502005 0.375126 0.311075 0.869300 0.869641 0.829875 0.948869 0.746944 0.926832 0.673163 0.989985 0.827372 0.896300 0.566929 0.774928 0.761767 0.728972 0.662959 0.636838 0.980137 0.929937 0.993792 0.841600 0.932208 0.965653 0.849351 0.808173 0.924773 0.918041
0.528849 0.573955 0.290542 0.309617 0.607105 0.921270 0.632507 0.763161 0.778592 0.457316 0.873163 0.823383 0.433333 0.761308 0.538255 0.502665 0.987310 0.973574 0.771765 0.689138 0.607684 0.918906 0.349786 0.295343 0.000000 0.246115 0.410759 0.643816 0.639182 0.603299 0.686370 0.820083 0.666434 0.837968 0.439980 0.824106 0.359268 0.595056 0.413950 0.647204 0.687510 0.987775 0.855277 0.884147 0.714122 0.767510 0.801903 0.765216 0.692120 0.971597 0.838384 0.974733 0.811725 0.574812 0.393360 0.681769 0.783433 0.587686 0.685476 0.610393 0.551783 0.589382 0.955344 0.986216 0.222212 0.325521 0.601220 0.696260 0.393651 0.444102 0.927409 0.980987 0.890452 0.974041 0.955007 0.945813 0.966050 0.780922 0.883394 0.997633 0.813625 0.602590 0.589192 0.460554 0.245661 0.239658 0.531034 0.593544 0.300784 0.274619 0.775384 0.698992 0.919850 0.958237 0.764714 0.980036 0.823057 0.934267 0.630990 0.645117 0.499681 0.660306 0.587117 0.598535 0.790790 0.712384 0.931126 0.875043 0.972807 0.946960 0.814247 0.810862 0.740061 0.726111 0.938558 0.908155
0.578622 0.632277 0.314238 0.396314 0.628185 0.903021 0.603461 0.736492 0.687931 0.593461 0.898593 0.934166 0.547209 0.820807 0.649505 0.645251 0.994504 0.971740 0.826387 0.738619 0.669907 0.876186 0.468285 0.436127 0.246115 0.000000 0.496741 0.644944 0.632941 0.597830 0.648656 0.861101 0.666544 0.847214 0.513029 0.807882 0.403992 0.627448 0.478954 0.651223 0.778431 0.977892 0.898511 0.911064 0.821245 0.860373 0.781823 0.794791 0.769812 0.903958 0.968246 0.881950 0.949647 0.739357 0.391700 0.680956 0.810928 0.656474 0.682670 0.639973 0.565004 0.610498 0.952517 0.964039 0.291738 0.367822 0.572040 0.650029 0.438684 0.499116 0.945494 0.966908 0.837350 0.945590 0.870412 0.922427 0.985652 0.735528 0.927969 0.918604 0.904656 0.717797 0.616809 0.592085 0.326774 0.311238 0.678699 0.690655 0.389634 0.391172 0.825584 0.687201 0.963233 0.959114 0.741180 0.949629 0.880302 0.910980 0.688731 0.683321 0.573059 0.734318 0.629602 0.599990 0.828223 0.733682 0.932249 0.885601 0.980009 0.885517 0.937474 0.859752 0.734049 0.820886 0.932896 0.849893
0.754389 0.724915 0.523448 0.444801 0.739137 0.915989 0.767213 0.817460 0.893033 0.519840 0.770829 0.849718 0.599955 0.666874 0.641826 0.596865 0.993290 0.940928 0.731914 0.715924 0.809098 0.897163 0.402173 0.396841 0.410759 0.496741 0.000000 0.776194 0.757185 0.769040 0.836167 0.924764 0.799612 0.978144 0.623622 0.822098 0.635181 0.650537 0.663265 0.843703 0.904279 0.973201 0.863033 0.821331 0.635439 0.656091 0.974562 0.988525 0.547236 0.833558 0.731346 0.880306 0.715439 0.622092 0.722938 0.916375 0.833719 0.766826 0.955395 0.854245 0.808480 0.772867 0.891896 0.957710 0.446156 0.507177 0.726409 0.841546 0.675806 0.749109 0.796699 0.897346 0.950303 0.898042 0.887560 0.962335 0.988377 0.820130 0.806515 0.993615 0.907774 0.736907 0.756431 0.775016 0.474765 0.441446 0.726570 0.719083 0.604352 0.525854 0.932833 0.912630 0.891299 0.927774 0.966179 0.990179 0.954788 0.987204 0.736020 0.796735 0.592140 0.801441 0.710752 0.704679 0.802096 0.844868 0.992372 0.919762 0.979254 0.828558 0.947698 0.864355 0.747604 0.790430 0.993418 0.814421
0.737732 0.764474 0.703301 0.749332 0.832955 0.779239 0.898395 0.957202 0.955674 0.743920 0.879322 0.971363 0.741938 0.976524 0.824674 0.822757 0.820580 0.974086 0.922502 0.914175 0.625000 0.990464 0.786304 0.740362 0.643816 0.644944 0.776194 0.000000 0.972728 0.844531 0.767596 0.927154 0.836558 0.955113 0.843032 0.769875 0.712390 0.964950 0.750979 0.748670 0.855021 0.938469 0.946170 0.927273 0.861234 0.971654 0.830357 0.852256 0.925632 0.945067 0.962589 0.929533 0.947508 0.819117 0.707385 0.875361 0.816908 0.764614 0.769111 0.701041 0.811770 0.845318 0.956173 0.957639 0.702844 0.747459 0.862880 0.979822 0.709680 0.609329 0.908556 0.841185 0.983092 0.853247 0.915978 0.986945 0.854532 0.952941 0.915223 0.985575 0.865821 0.817304 0.790118 0.860251 0.714809 0.684215 0.904883 0.937919 0.769816 0.664965 0.822238 0.795795 0.883408 0.860390 0.844673 0.834000 0.886811 0.894901 0.812250 0.779144 0.764546 0.798022 0.829016 0.807760 0.921193 0.973875 0.851129 0.942305 0.901074 0.952631 0.836873 0.874271 0.970579 0.973519 0.955466 0.847434
0.847600 0.707374 0.818369 0.885637 0.997981 0.796919 0.754465 0.676270 0.906176 0.589509 0.622753 0.579521 0.929223 0.620344 0.864576 0.907458 0.402861 0.415554 0.587678 0.626890 0.991921 0.766898 0.954324 0.909711 0.639182 0.632941 0.757185 0.972728 0.000000 0.228592 0.809811 0.405387 0.647080 0.532029 0.856358 0.915210 0.968911 0.950756 0.699389 0.999367 0.974418 0.822225 0.366530 0.379556 0.459428 0.491340 0.703284 0.704764 0.621347 0.805949 0.698262 0.841358 0.789955 0.824929 0.881283 0.938570 0.467344 0.717119 0.823880 0.968680 0.847064 0.890384 0.428837 0.403310 0.725088 0.929784 0.821617 0.774141 0.951279 0.946415 0.606797 0.655727 0.842527 0.735144 0.963650 0.784963 0.706303 0.398066 0.528455 0.472793 0.456288 0.754230 0.906026 0.991739 0.854379 0.860946 0.926010 0.959380 0.779641 0.738728 0.791263 0.746347 0.908067 0.977822 0.796648 0.928137 0.638701 0.935364 0.491120 0.486608 0.680843 0.668760 0.438488 0.377267 0.759812 0.863897 0.978961 0.918921 0.913484 0.799422 0.714666 0.597082 0.604909 0.701212 0.837277 0.997685
0.892078 0.754390 0.780874 0.826830 0.931559 0.815650 0.844758 0.779924 0.998719 0.622913 0.552973 0.593534 0.996533 0.617743 0.932718 0.968989 0.461076 0.399015 0.644961 0.618549 0.964494 0.707855 0.899047 0.874368 0.603299 0.597830 0.769040 0.844531 0.228592 0.000000 0.889063 0.428013 0.707564 0.588238 0.867168 0.870549 0.894055 0.906506 0.658704 0.950022 0.952541 0.848653 0.479549 0.485017 0.523780 0.601527 0.822002 0.859116 0.675783 0.918835 0.835572 0.991921 0.940654 0.962698 0.770720 0.941952 0.501465 0.768268 0.927716 0.952639 0.925869 0.968666 0.519904 0.483627 0.695359 0.897972 0.876175 0.828625 0.945393 0.894524 0.681563 0.672239 0.818070 0.719193 0.920215 0.756829 0.837956 0.427039 0.597694 0.497736 0.496401 0.743823 0.902113 0.990331 0.811671 0.826281 0.915820 0.986585 0.737406 0.720592 0.834011 0.799890 0.915115 0.944273 0.871346 0.962962 0.746342 0.920924 0.557998 0.585801 0.727386 0.732373 0.450668 0.420871 0.800465 0.874687 0.932503 0.962564 0.967753 0.849993 0.704946 0.708651 0.738172 0.749773 0.924789 0.992401
0.848173 0.772673 0.680241 0.736475 0.715494 0.842454 0.666038 0.744898 0.647946 0.978088 0.885699 0.936568 0.697237 0.836772 0.654926 0.674808 0.730485 0.891918 0.836296 0.717683 0.842697 0.930235 0.604490 0.706746 0.686370 0.648656 0.836167 0.767596 0.809811 0.889063 0.000000 0.640679 0.576961 0.780362 0.863795 0.985853 0.610040 0.768123 0.809388 0.865084 0.847569 0.893196 0.714155 0.670136 0.876757 0.840211 0.789827 0.785484 0.996622 0.791598 0.784549 0.807604 0.773532 0.917991 0.788569 0.875476 0.711418 0.756005 0.799346 0.800791 0.672713 0.655458 0.743798 0.646856 0.752882 0.741072 0.809808 0.751646 0.725330 0.755915 0.729594 0.802103 0.683451 0.730530 0.914976 0.806132 0.771855 0.685232 0.699705 0.848885 0.747870 0.847286 0.730003 0.816056 0.708884 0.710918 0.990458 0.867771 0.789493 0.816447 0.797541 0.784064 0.799013 0.764068 0.810641 0.898628 0.865788 0.736628 0.948960 0.962673 0.871354 0.962238 0.912329 0.919060 0.737290 0.820885 0.839660 0.979205 0.999666 0.946201 0.872233 0.936009 0.976928 0.932048 0.846278 0.981790
0.988439 0.839184 0.880612 0.995417 0.997893 0.886163 0.796301 0.711115 0.992908 0.709519 0.827114 0.737576 0.996485 0.675190 0.813871 0.810774 0.571010 0.572008 0.732853 0.699038 0.995579 0.814368 0.944778 0.978312 0.820083 0.861101 0.924764 0.927154 0.405387 0.428013 0.640679 0.000000 0.672816 0.638734 0.841717 0.889197 0.963159 0.887139 0.839336 0.927682 0.975200 0.816894 0.516387 0.476250 0.634207 0.665848 0.796365 0.870070 0.816821 0.955903 0.894348 0.995955 0.903000 0.955186 0.968201 0.973523 0.554403 0.794536 0.995820 0.903607 0.941705 0.916699 0.674638 0.599041 0.817636 0.987231 0.926949 0.839992 0.912960 0.835241 0.754211 0.686789 0.961906 0.843684 0.940211 0.816920 0.854679 0.526387 0.645159 0.720918 0.544873 0.769281 0.830865 0.821145 0.937628 0.970018 0.864512 0.912353 0.866802 0.894508 0.761697 0.894970 0.891659 0.986851 0.898481 0.911674 0.838675 0.865957 0.621508 0.574209 0.747314 0.752293 0.561258 0.577738 0.847300 0.906893 0.985372 0.984123 0.879819 0.851839 0.726699 0.674916 0.780336 0.792997 0.885683 0.966142
0.367583 0.308935 0.497504 0.523754 0.772175 0.821016 0.314074 0.428973 0.604526 0.944763 0.649371 0.484771 0.421604 0.459430 0.504812 0.554934 0.391123 0.420000 0.391867 0.323560 0.656667 0.912651 0.593633 0.603753 0.666434 0.666544 0.799612 0.836558 0.647080 0.707564 0.576961 0.672816 0.000000 0.324076 0.621800 0.859144 0.476682 0.555486 0.719081 0.769450 0.652723 0.764203 0.459238 0.430967 0.601091 0.588486 0.429513 0.484708 0.738131 0.615919 0.702970 0.678197 0.855203 0.927049 0.497344 0.549971 0.296930 0.304590 0.451454 0.570800 0.383213 0.516376 0.380149 0.424688 0.566100 0.458122 0.365526 0.375641 0.440188 0.531914 0.492470 0.711498 0.694315 0.687698 0.746026 0.713990 0.500437 0.696257 0.438171 0.588008 0.315751 0.398964 0.517744 0.514558 0.464749 0.465881 0.774947 0.679445 0.591086 0.629019 0.915655 0.989210 0.805460 0.927024 0.689951 0.966401 0.570915 0.936159 0.760910 0.774917 0.901689 0.892049 0.828402 0.733009 0.565628 0.595962 0.902871 0.969942 0.946143 0.709127 0.794038 0.656863 0.821804 0.763675 0.708178 0.976796
0.360761 0.319948 0.637409 0.640046 0.764955 0.772952 0.349376 0.388052 0.744814 0.871217 0.487786 0.390232 0.509679 0.430441 0.584507 0.618372 0.397607 0.357331 0.360408 0.379079 0.660328 0.883128 0.744686 0.735121 0.837968 0.847214 0.978144 0.955113 0.532029 0.588238 0.780362 0.638734 0.324076 0.000000 0.626488 0.769160 0.595337 0.613826 0.836187 0.779657 0.672265 0.829275 0.459988 0.409056 0.486638 0.478835 0.391813 0.466325 0.588642 0.588093 0.619297 0.648606 0.838918 0.940093 0.541278 0.502782 0.298677 0.314110 0.395654 0.513071 0.359594 0.472172 0.325520 0.315712 0.712276 0.553376 0.387799 0.409470 0.521881 0.538387 0.610691 0.776663 0.690173 0.593358 0.835812 0.814140 0.641949 0.629871 0.577382 0.575133 0.275906 0.409808 0.506068 0.536868 0.585198 0.599976 0.752727 0.778876 0.663494 0.776060 0.947852 0.945120 0.867558 0.970628 0.740009 0.857362 0.475959 0.908260 0.608294 0.703446 0.957106 0.894461 0.735530 0.665828 0.570654 0.606181 0.868793 0.954490 0.854722 0.673645 0.793760 0.610314 0.769325 0.810683 0.711905 0.952466
0.435983 0.491171 0.372178 0.440180 0.791157 0.920115 0.508485 0.644023 0.708758 0.652138 0.864766 0.708124 0.498720 0.578558 0.634481 0.629774 0.837967 0.773768 0.588721 0.589928 0.551071 0.843874 0.586731 0.477243 0.439980 0.513029 0.623622 0.843032 0.856358 0.867168 0.863795 0.841717 0.621800 0.626488 0.000000 0.880962 0.522381 0.483371 0.422499 0.719844 0.838251 0.952221 0.959811 0.957134 0.999612 0.989068 0.725823 0.709667 0.910245 0.879039 0.998510 0.891105 0.845299 0.662801 0.380763 0.536264 0.664678 0.519547 0.554301 0.608458 0.475331 0.581291 0.851555 0.832808 0.352256 0.367079 0.430104 0.537920 0.472027 0.575291 0.829415 0.938857 0.800908 0.889052 0.978160 0.968490 0.907049 0.899806 0.791602 0.850371 0.668483 0.500544 0.506028 0.480466 0.362646 0.362146 0.661000 0.631928 0.399993 0.471372 0.772781 0.728070 0.933554 0.959569 0.797344 0.993638 0.709435 0.946660 0.795253 0.809016 0.541192 0.811929 0.719831 0.803864 0.714771 0.744099 0.881971 0.865131 0.982219 0.925329 0.840544 0.953856 0.803278 0.874333 0.812973 0.927263
0.764799 0.777347 0.880503 0.812009 0.840968 0.694455 0.842455 0.764188 0.917129 0.972208 0.857597 0.704832 0.882619 0.741168 0.855929 0.872106 0.868317 0.733662 0.812201 0.766398 0.745612 0.856662 0.896199 0.800819 0.824106 0.807882 0.822098 0.769875 0.915210 0.870549 0.985853 0.889197 0.859144 0.769160 0.880962 0.000000 0.929182 0.746448 0.842945 0.858737 0.886371 0.821667 0.918853 0.890471 0.991427 0.984331 0.866603 0.949366 0.974495 0.898629 0.913091 0.909603 0.784974 0.675732 0.821879 0.983018 0.734868 0.773542 0.906087 0.902122 0.863626 0.858872 0.963823 0.934431 0.832166 0.761800 0.856415 0.844623 0.825135 0.724904 0.947372 0.978613 0.986367 0.988587 0.862632 0.990320 0.940859 0.990792 0.914796 0.807089 0.768650 0.775300 0.838654 0.908515 0.827045 0.772771 0.926012 0.948602 0.903777 0.835656 0.878479 0.890864 0.929816 0.958361 0.946949 0.951656 0.872735 0.966986 0.950205 0.967299 0.973690 0.979341 0.948635 0.954209 0.860911 0.851011 0.964956 0.891460 0.871986 0.826953 0.950785 0.987431 0.906657 0.849930 0.824361 0.885600
0.416572 0.428890 0.323897 0.382924 0.698818 0.892517 0.443923 0.583141 0.714876 0.633835 0.895159 0.648172 0.343066 0.641115 0.483275 0.496891 0.719615 0.750751 0.588245 0.527483 0.586426 0.903055 0.401382 0.421397 0.359268 0.403992 0.635181 0.712390 0.968911 0.894055 0.610040 0.963159 0.476682 0.595337 0.522381 0.929182 0.000000 0.616680 0.605103 0.736009 0.618953 0.927718 0.890334 0.825799 0.991330 0.945639 0.625890 0.579658 0.920486 0.726870 0.929208 0.768479 0.949047 0.829095 0.374471 0.608373 0.568698 0.407504 0.497735 0.526868 0.377324 0.471829 0.689523 0.663819 0.322998 0.326207 0.463488 0.563415 0.344830 0.411805 0.726894 0.864974 0.741710 0.725171 0.825175 0.910486 0.765691 0.982067 0.692741 0.783233 0.561892 0.456723 0.522002 0.451761 0.278544 0.297431 0.625516 0.560897 0.373124 0.420445 0.751166 0.769794 0.990093 0.995309 0.686410 0.893295 0.673383 0.884790 0.858007 0.844337 0.584069 0.786456 0.861197 0.826593 0.700444 0.662236 0.990486 0.928505 0.929338 0.785051 0.902219 0.971445 0.891065 0.970225 0.787033 0.926455
0.577599 0.540040 0.518120 0.525465 0.829806 0.881041 0.526740 0.607714 0.701963 0.958909 0.865255 0.619884 0.602964 0.549035 0.554389 0.634933 0.745639 0.585530 0.632492 0.458218 0.611618 0.987643 0.596805 0.538087 0.595056 0.627448 0.650537 0.964950 0.950756 0.906506 0.768123 0.887139 0.555486 0.613826 0.483371 0.746448 0.616680 0.000000 0.649426 0.767424 0.891610 0.602772 0.837705 0.815389 0.829559 0.903562 0.728684 0.776219 0.988108 0.900906 0.988764 0.947656 0.805906 0.697380 0.607261 0.780557 0.553707 0.515262 0.739919 0.815388 0.600989 0.636989 0.827185 0.702582 0.529075 0.513466 0.553522 0.561122 0.563953 0.628228 0.675548 0.642535 0.782292 0.781946 0.949823 0.958087 0.750303 0.876936 0.743390 0.746555 0.615501 0.550188 0.723127 0.673404 0.516345 0.505486 0.756154 0.718822 0.583324 0.609932 0.941605 0.918219 0.796420 0.790683 0.999007 0.945222 0.775795 0.883624 0.897086 0.929575 0.784336 0.935124 0.923969 0.937070 0.594140 0.722528 0.819526 0.971523 0.976752 0.915702 0.932508 0.944602 0.863571 0.959634 0.881164 0.913575
