0.000000 0.383000 0.809807 0.859775 0.632918 0.852860 0.888474 0.693742 0.988972 0.684466 0.425746 0.346298 0.477453 0.564585 0.630911 0.740371 0.424852 0.414388 0.356944 0.368568 0.966898 0.966464 0.595153 0.973206 0.687517 0.535976 0.938869 0.998613 0.428302 0.516285 0.955624 0.909591 0.631851 0.759949 0.883630 0.952543 0.734043 0.868358 0.986023 0.984665 0.798890 0.826012 0.877251 0.963340 0.981405 0.882624 0.782746 0.861548 0.596256 0.738654 0.870252 0.941666 0.996014 0.668150 0.746211 0.948182 0.325482 0.299640 0.489941 0.509603 0.721709 0.663347 0.436882 0.370038 0.726282 0.704697 0.840264 0.757597 0.366313 0.422624 0.909094 0.997037 0.949574 0.925159 0.853889 0.896836 0.941912 0.862031 0.813031 0.715683 0.416850 0.433437 0.638960 0.641992 0.563407 0.904419 0.871897 0.820443 0.676152 0.591853 0.857107 0.800162 0.758544 0.634660 0.893161 0.979532 0.988125 0.928720 0.808819 0.824065 0.927416 0.814439 0.881096 0.817090 0.948694 0.871103 0.945798 0.663977 0.922404 0.909651 0.973280 0.823435 0.726772 0.920429 0.932495 0.860287
0.383000 0.000000 0.591838 0.889747 0.691831 0.718415 0.839039 0.700021 0.840142 0.743989 0.684741 0.374324 0.739041 0.492727 0.679173 0.659924 0.346545 0.306807 0.419953 0.376790 0.867026 0.975265 0.723924 0.945657 0.856293 0.585022 0.879448 0.827151 0.387484 0.422924 0.911151 0.911612 0.808312 0.794521 0.755651 0.945955 0.735259 0.983287 0.956221 0.784715 0.878584 0.796358 0.860322 0.736976 0.762577 0.612533 0.632415 0.646810 0.353331 0.479638 0.662703 0.719391 0.865071 0.811045 0.653516 0.741403 0.282193 0.265188 0.781844 0.686061 0.942322 0.700534 0.638890 0.509480 0.736744 0.755118 0.675281 0.751125 0.553498 0.452871 0.870470 0.747187 0.914929 0.909140 0.869224 0.948274 0.865055 0.890585 0.706203 0.626488 0.395698 0.385708 0.454341 0.545349 0.519291 0.850600 0.959242 0.757024 0.859435 0.706073 0.644040 0.640779 0.602660 0.479466 0.826873 0.910167 0.889634 0.895023 0.948529 0.840052 0.761732 0.703197 0.997376 0.987085 0.896270 0.937288 0.966420 0.661381 0.885103 0.973026 0.993086 0.791518 0.681546 0.836431 0.991463 0.828653
0.809807 0.591838 0.000000 0.492889 0.976039 0.575511 0.434868 0.685107 0.819822 0.953951 0.952372 0.829210 0.791262 0.936991 0.963978 0.977044 0.766503 0.667537 0.924635 0.823406 0.777168 0.848411 0.857865 0.852157 0.794853 0.586564 0.881635 0.961626 0.751980 0.805256 0.610773 0.578728 0.637834 0.740928 0.588195 0.777102 0.971577 0.859565 0.923943 0.879648 0.787070 0.874853 0.784235 0.910324 0.838183 0.981399 0.764796 0.867327 0.673923 0.825527 0.896577 0.926986 0.780742 0.683596 0.945214 0.845740 0.710673 0.641393 0.939866 0.966983 0.616993 0.919787 0.865266 0.949245 0.575561 0.612181 0.400892 0.513379 0.776335 0.804503 0.595415 0.645838 0.679237 0.752327 0.866811 0.909999 0.827185 0.763628 0.915130 0.916569 0.842749 0.828967 0.758303 0.770668 0.937560 0.909692 0.957252 0.989352 0.940452 0.917291 0.530313 0.728880 0.553768 0.665426 0.760819 0.982026 0.709274 0.978136 0.756572 0.726754 0.640041 0.741297 0.751421 0.812526 0.648263 0.700162 0.778168 0.785710 0.915684 0.811257 0.767218 0.885104 0.866291 0.896063 0.814558 0.975409
0.859775 0.889747 0.492889 0.000000 0.958998 0.814673 0.690373 0.579515 0.942217 0.902803 0.898611 0.966243 0.974338 0.785330 0.947659 0.823148 0.949517 0.916721 0.984334 0.988165 0.837306 0.831945 0.860634 0.656419 0.564973 0.462818 0.912366 0.880099 0.873706 0.938386 0.711930 0.613548 0.806301 0.821559 0.630614 0.707858 0.958862 0.874280 0.792866 0.883085 0.741059 0.940699 0.645995 0.732066 0.720310 0.766536 0.622575 0.714910 0.907376 0.919872 0.731201 0.698035 0.631548 0.652122 0.858837 0.983849 0.932816 0.869569 0.823041 0.992740 0.979043 0.857921 0.984917 0.832207 0.494132 0.436130 0.512923 0.519363 0.804976 0.820180 0.689146 0.697436 0.762045 0.824827 0.912603 0.959244 0.659392 0.633856 0.953112 0.895961 0.973795 0.940015 0.938533 0.983171 0.845977 0.576299 0.987766 0.880163 0.845313 0.854429 0.673540 0.927599 0.640233 0.854641 0.736269 0.830019 0.812408 0.911822 0.860667 0.750503 0.754709 0.869954 0.920029 0.977911 0.640377 0.674620 0.818214 0.900968 0.933782 0.981626 0.704251 0.834424 0.711900 0.856926 0.903953 0.956935
0.632918 0.691831 0.976039 0.958998 0.000000 0.939771 0.930723 0.792400 0.903168 0.872108 0.756542 0.673733 0.675581 0.664455 0.654873 0.649736 0.665098 0.752359 0.680691 0.648473 0.921359 0.930546 0.617563 0.670141 0.941464 0.765455 0.728489 0.899563 0.759051 0.753956 0.984123 0.884221 0.810454 0.951264 0.971824 0.900361 0.895232 0.958980 0.888500 0.961334 0.993728 0.966178 0.970189 0.994478 0.919231 0.891030 0.866335 0.920527 0.777051 0.771126 0.915926 0.940959 0.950616 0.809998 0.771680 0.974814 0.631345 0.696980 0.819756 0.873664 0.944628 0.688985 0.848683 0.738970 0.967220 0.945850 0.968816 0.825195 0.741986 0.664101 0.890682 0.904529 0.938164 0.982939 0.918866 0.889838 0.882724 0.891050 0.964381 0.969985 0.721435 0.663942 0.696535 0.735466 0.663175 0.806356 0.707118 0.713071 0.808673 0.730686 0.941238 0.896916 0.889054 0.811837 0.870183 0.927434 0.894358 0.973532 0.894637 0.895720 0.939179 0.896089 0.985621 0.903549 0.984490 0.984608 0.990217 0.799588 0.877040 0.729402 0.957368 0.890799 0.835528 0.972811 0.895108 0.906902
0.852860 0.718415 0.575511 0.814673 0.939771 0.000000 0.585133 0.805215 0.718202 0.916764 0.846827 0.904949 0.817103 0.983780 0.958905 0.945521 0.810697 0.769848 0.850565 0.770540 0.696581 0.978044 0.969249 0.973554 0.918156 0.750623 0.902054 0.856634 0.785208 0.809283 0.801180 0.762449 0.850480 0.860652 0.788797 0.902019 0.917517 0.984567 0.838878 0.863131 0.944159 0.961895 0.957157 0.996679 0.998285 0.936018 0.968310 0.950267 0.759320 0.796726 0.966018 0.962881 0.950135 0.848518 0.965039 0.972339 0.699181 0.698812 0.907683 0.893757 0.620147 0.896735 0.865776 0.983943 0.851081 0.756839 0.613939 0.731926 0.710762 0.841664 0.714685 0.743348 0.942706 0.757941 0.701293 0.870321 0.832539 0.850415 0.956042 0.998123 0.936862 0.868482 0.771853 0.792352 0.868470 0.998656 0.865687 0.992466 0.986058 0.970755 0.709691 0.783197 0.768635 0.741719 0.809919 0.985526 0.827986 0.975719 0.916948 0.840493 0.823567 0.894926 0.779391 0.924671 0.729207 0.904280 0.637882 0.877284 0.995787 0.916082 0.873275 0.887350 0.989488 0.953416 0.728576 0.992824
0.888474 0.839039 0.434868 0.690373 0.930723 0.585133 0.000000 0.432293 0.581201 0.552651 0.716169 0.890502 0.539331 0.778017 0.782329 0.860932 0.983991 0.927628 0.795697 0.984124 0.843567 0.812010 0.658809 0.999546 0.840300 0.865933 0.792416 0.893829 0.831557 0.840215 0.369916 0.471941 0.409059 0.439294 0.709521 0.815739 0.935296 0.887292 0.969234 0.783065 0.898935 0.946478 0.760508 0.803954 0.673504 0.810672 0.740197 0.819372 0.968286 0.957500 0.711635 0.733608 0.701428 0.655875 0.927601 0.934409 0.898958 0.917622 0.601565 0.667275 0.379561 0.788513 0.487080 0.627717 0.938528 0.900380 0.489032 0.586971 0.972039 0.867365 0.514936 0.528999 0.542426 0.544425 0.785706 0.862263 0.682222 0.678142 0.833033 0.925742 0.881308 0.975660 0.858674 0.828901 0.933714 0.837905 0.944448 0.987626 0.819800 0.928726 0.493286 0.626393 0.645389 0.826350 0.686554 0.913019 0.703871 0.814478 0.444326 0.538969 0.577367 0.601005 0.513722 0.558412 0.593527 0.603771 0.837853 0.846176 0.938715 0.772842 0.727582 0.715320 0.707262 0.789541 0.897718 0.946259
0.693742 0.700021 0.685107 0.579515 0.792400 0.805215 0.432293 0.000000 0.857960 0.593176 0.712125 0.547093 0.551645 0.470174 0.719638 0.615925 0.668630 0.737542 0.580291 0.677268 0.975046 0.935692 0.627781 0.889031 0.919983 0.949774 0.963560 0.844920 0.573007 0.626109 0.554314 0.481015 0.466014 0.455531 0.755011 0.882873 0.871400 0.875840 0.963392 0.995235 0.840469 0.919507 0.505135 0.511683 0.407013 0.443664 0.447472 0.518855 0.591164 0.530430 0.455508 0.481331 0.589168 0.703752 0.689931 0.838975 0.720450 0.713879 0.626805 0.576764 0.579873 0.510238 0.469903 0.533773 0.895752 0.795283 0.594406 0.593739 0.923118 0.669654 0.641949 0.703465 0.635137 0.651262 0.767858 0.937942 0.560408 0.728228 0.766082 0.788525 0.680242 0.795159 0.797369 0.953353 0.785747 0.852441 0.995982 0.832821 0.872042 0.716314 0.695815 0.859429 0.801291 0.942788 0.767812 0.764123 0.798596 0.740951 0.461889 0.392195 0.645145 0.775234 0.620756 0.714538 0.599910 0.697224 0.848013 0.982484 0.988391 0.837861 0.639699 0.543459 0.465365 0.649750 0.860917 0.860910
0.988972 0.840142 0.819822 0.942217 0.903168 0.718202 0.581201 0.857960 0.000000 0.633019 0.773221 0.955948 0.675877 0.925142 0.750760 0.945999 0.933948 0.851570 0.998256 0.854271 0.940726 0.927104 0.829028 0.837224 0.756761 0.958451 0.934355 0.952060 0.993355 0.981582 0.811248 0.913505 0.781251 0.866904 0.937644 0.900133 0.842630 0.842608 0.806364 0.786545 0.859206 0.909509 0.926842 0.974885 0.955238 0.993118 0.924383 0.995929 0.929971 0.960078 0.927076 0.893307 0.871727 0.857784 0.893663 0.919415 0.813184 0.832590 0.731673 0.854253 0.633053 0.809467 0.828022 0.825677 0.983191 0.908348 0.772687 0.950574 0.977174 0.876662 0.796432 0.715929 0.754851 0.616411 0.812970 0.868402 0.726878 0.933609 0.968965 0.894361 0.937178 0.811464 0.717247 0.750896 0.885016 0.731833 0.931608 0.836663 0.703352 0.935633 0.637668 0.522463 0.670573 0.627901 0.712546 0.968267 0.870906 0.919030 0.692583 0.737063 0.680637 0.765265 0.663438 0.613391 0.935766 0.856941 0.983323 0.772466 0.987686 0.800032 0.867105 0.800769 0.992017 0.892502 0.868785 0.881214
0.684466 0.743989 0.953951 0.902803 0.872108 0.916764 0.552651 0.593176 0.633019 0.000000 0.650609 0.641293 0.581030 0.738017 0.551740 0.718904 0.693581 0.702774 0.561697 0.707806 0.934827 0.909968 0.499226 0.919459 0.561281 0.683597 0.848987 0.991503 0.517440 0.523966 0.615913 0.662005 0.494356 0.566643 0.751199 0.961316 0.920892 0.932665 0.835018 0.679108 0.990725 0.824922 0.926143 0.847176 0.673127 0.716735 0.766490 0.835576 0.574758 0.664567 0.656802 0.679231 0.731448 0.879307 0.925997 0.961340 0.789243 0.711100 0.585769 0.726567 0.696138 0.818889 0.476811 0.447003 0.604288 0.592092 0.971686 0.867506 0.721388 0.542956 0.775414 0.840064 0.672713 0.654616 0.691000 0.889122 0.721011 0.927494 0.690658 0.694030 0.627532 0.815883 0.858305 0.966827 0.935467 0.685437 0.983609 0.950486 0.772911 0.963630 0.909325 0.785335 0.994292 0.857656 0.931144 0.903739 0.875129 0.833325 0.647385 0.664880 0.883925 0.849804 0.706567 0.640264 0.946345 0.892737 0.911980 0.980068 0.934337 0.900676 0.828804 0.838549 0.745009 0.802136 0.960856 0.884309
0.425746 0.684741 0.952372 0.898611 0.756542 0.846827 0.716169 0.712125 0.773221 0.650609 0.000000 0.564915 0.481877 0.796768 0.774318 0.911753 0.594387 0.640750 0.639479 0.611173 0.943878 0.916589 0.764860 0.834727 0.687684 0.799007 0.972453 0.987447 0.627751 0.687518 0.886286 0.892695 0.597625 0.755904 0.944403 0.962491 0.775632 0.858195 0.992724 0.807362 0.803996 0.829651 0.827874 0.931316 0.963917 0.943636 0.917891 0.972736 0.806820 0.848599 0.949359 0.989118 0.998782 0.763957 0.904728 0.921455 0.633525 0.608924 0.447341 0.502385 0.527773 0.674317 0.452734 0.431729 0.837537 0.835660 0.879854 0.967829 0.598439 0.532751 0.796596 0.817229 0.881946 0.965869 0.757698 0.864592 0.854100 0.982603 0.916056 0.733357 0.579965 0.686704 0.936532 0.860431 0.838710 0.762866 0.976738 0.934134 0.664967 0.719931 0.917613 0.963729 0.972861 0.953727 0.981960 0.947374 0.944457 0.997091 0.722515 0.764836 0.903163 0.994890 0.692295 0.682237 0.803799 0.855957 0.912626 0.891012 0.925505 0.795821 0.923665 0.792548 0.756059 0.957314 0.958234 0.921949
0.346298 0.374324 0.829210 0.966243 0.673733 0.904949 0.890502 0.547093 0.955948 0.641293 0.564915 0.000000 0.422972 0.392896 0.515785 0.510822 0.464072 0.490695 0.430348 0.431913 0.936136 0.956899 0.574693 0.868286 0.753023 0.634324 0.939191 0.833515 0.427315 0.521491 0.986562 0.853770 0.706812 0.762661 0.913751 0.893198 0.757880 0.939362 0.976798 0.940250 0.928758 0.919105 0.966107 0.887864 0.816687 0.694751 0.678765 0.742470 0.452829 0.595597 0.768659 0.818269 0.934767 0.748199 0.710037 0.861774 0.434108 0.392526 0.580582 0.578724 0.729750 0.440834 0.514206 0.433072 0.870167 0.905011 0.878581 0.855668 0.516963 0.451448 0.999594 0.937853 0.974953 0.991427 0.789456 0.933460 0.869526 0.863239 0.819967 0.747957 0.488053 0.520658 0.595745 0.680115 0.475475 0.897115 0.749345 0.668228 0.744630 0.562809 0.832878 0.774677 0.763757 0.638521 0.930382 0.925438 0.910663 0.931214 0.854980 0.731250 0.976210 0.774657 0.957695 0.939332 0.920520 0.959422 0.966736 0.705876 0.900354 0.941002 0.895683 0.763310 0.712717 0.876352 0.995935 0.788745
0.477453 0.739041 0.791262 0.974338 0.675581 0.817103 0.539331 0.551645 0.675877 0.581030 0.481877 0.422972 0.000000 0.474913 0.504268 0.556960 0.718710 0.819093 0.533436 0.611893 0.972734 0.870703 0.471968 0.831825 0.749231 0.745614 0.937002 0.918315 0.622139 0.659740 0.704050 0.698787 0.513501 0.657064 0.964139 0.949969 0.801012 0.942890 0.960943 0.885714 0.998683 0.998766 0.995542 0.968987 0.834808 0.824660 0.736293 0.827067 0.751359 0.823637 0.807195 0.885531 0.884417 0.910467 0.715529 0.971660 0.740962 0.702646 0.515094 0.656300 0.453736 0.533358 0.468304 0.480726 0.935738 0.919655 0.902065 0.971958 0.628175 0.596438 0.739083 0.890859 0.758969 0.822023 0.763170 0.948325 0.826269 0.981847 0.924580 0.929385 0.679818 0.749156 0.800192 0.855783 0.626392 0.962669 0.791029 0.764006 0.575006 0.663551 0.909710 0.989931 0.980502 0.847667 0.916658 0.981419 0.938858 0.900850 0.686493 0.717982 0.789240 0.978740 0.750916 0.797097 0.804619 0.824581 0.843503 0.820914 0.928842 0.754373 0.829939 0.769590 0.767151 0.923688 0.882203 0.903962
0.564585 0.492727 0.936991 0.785330 0.664455 0.983780 0.778017 0.470174 0.925142 0.738017 0.796768 0.392896 0.474913 0.000000 0.520962 0.374959 0.617492 0.623867 0.439886 0.458074 0.945499 0.951540 0.475787 0.564001 0.970025 0.811574 0.938823 0.825197 0.570127 0.533489 0.807871 0.579165 0.643122 0.665642 0.993547 0.974800 0.876792 0.993614 0.809710 0.831163 0.850185 0.949424 0.661875 0.661996 0.628591 0.557971 0.481601 0.568153 0.508366 0.584373 0.596762 0.682590 0.718562 0.972789 0.614209 0.900010 0.573686 0.588273 0.885956 0.843645 0.822160 0.571172 0.651128 0.648044 0.966269 0.907372 0.934001 0.981992 0.771846 0.645504 0.981679 0.863665 0.845199 0.946681 0.810288 0.953698 0.780446 0.961077 0.864267 0.763297 0.600105 0.547240 0.494504 0.672054 0.422777 0.619041 0.840909 0.525045 0.933878 0.672542 0.821943 0.660056 0.750890 0.549127 0.923809 0.903188 0.961658 0.891325 0.885476 0.755038 0.950030 0.796559 0.990508 0.984020 0.877523 0.943403 0.778044 0.734944 0.986966 0.871012 0.929652 0.775273 0.663555 0.836815 0.958192 0.833310
0.630911 0.679173 0.963978 0.947659 0.654873 0.958905 0.782329 0.719638 0.750760 0.551740 0.774318 0.515785 0.504268 0.520962 0.000000 0.465198 0.622834 0.668748 0.491683 0.541914 0.886970 0.955957 0.425704 0.781024 0.865080 0.693862 0.898362 0.968589 0.617780 0.548241 0.737368 0.710367 0.637785 0.695654 0.895208 0.927341 0.800598 0.910504 0.950694 0.860503 0.927495 0.988461 0.914722 0.870480 0.795264 0.742151 0.738411 0.720639 0.653179 0.659276 0.699547 0.693252 0.731112 0.944852 0.825503 0.960852 0.698530 0.705490 0.810397 0.882763 0.871113 0.720627 0.704058 0.616233 0.852820 0.798430 0.872249 0.772855 0.589545 0.645021 0.857745 0.993420 0.741939 0.765243 0.720276 0.974758 0.770779 0.951652 0.841937 0.760273 0.661935 0.660863 0.653553 0.826377 0.591724 0.962121 0.706007 0.752825 0.712406 0.815721 0.920680 0.973577 0.853850 0.751115 0.819767 0.846510 0.912123 0.818834 0.853974 0.758944 0.942850 0.815564 0.869919 0.765308 0.922183 0.942388 0.934618 0.816063 0.903224 0.834299 0.901941 0.768069 0.803823 0.778778 0.890960 0.977542
0.740371 0.659924 0.977044 0.823148 0.649736 0.945521 0.860932 0.615925 0.945999 0.718904 0.911753 0.510822 0.556960 0.374959 0.465198 0.000000 0.740558 0.749492 0.602696 0.637761 0.955337 0.934748 0.433413 0.441911 0.933440 0.830771 0.919457 0.797739 0.703387 0.649044 0.891811 0.689937 0.794597 0.881527 0.898849 0.843777 0.984474 0.854022 0.853387 0.979536 0.889410 0.905538 0.839285 0.832094 0.766873 0.682807 0.669871 0.774264 0.586643 0.690589 0.754363 0.769925 0.813278 0.994889 0.726195 0.972743 0.792111 0.750758 0.978180 0.972689 0.977633 0.619678 0.875449 0.838496 0.970343 0.905078 0.861563 0.883182 0.876068 0.785254 0.991116 0.923558 0.914695 0.895484 0.756454 0.942593 0.807397 0.993919 0.928655 0.833762 0.757483 0.699547 0.556831 0.749367 0.501991 0.602228 0.719670 0.565088 0.931161 0.753984 0.781568 0.798483 0.824827 0.639701 0.920439 0.946905 0.966397 0.871046 0.998989 0.871579 0.973690 0.708676 0.831003 0.882998 0.935793 0.984747 0.896522 0.743882 0.858056 0.996345 0.991085 0.866524 0.847120 0.909754 0.981160 0.891971
0.424852 0.346545 0.766503 0.949517 0.665098 0.810697 0.983991 0.668630 0.933948 0.693581 0.594387 0.464072 0.718710 0.617492 0.622834 0.740558 0.000000 0.297923 0.406289 0.379768 0.847477 0.983455 0.679298 0.976864 0.894328 0.656004 0.871598 0.931707 0.387364 0.370300 0.867789 0.805046 0.689752 0.683110 0.865948 0.928241 0.750291 0.948314 0.965294 0.883653 0.822344 0.853808 0.899858 0.813540 0.753467 0.659230 0.655676 0.689517 0.464422 0.519141 0.663617 0.707627 0.825410 0.893160 0.703743 0.812156 0.323177 0.349008 0.736755 0.631597 0.972599 0.781245 0.539209 0.436133 0.750614 0.749757 0.827682 0.809176 0.571155 0.429428 0.877741 0.948455 0.932434 0.984499 0.794316 0.881542 0.832985 0.938077 0.568824 0.548343 0.318335 0.375894 0.556509 0.575956 0.599259 0.948572 0.909124 0.807463 0.736047 0.732463 0.808958 0.779180 0.734068 0.622343 0.875934 0.932534 0.937824 0.962003 0.885637 0.745589 0.921026 0.777366 0.903673 0.775778 0.989513 0.976758 0.952221 0.672330 0.974297 0.974652 0.971013 0.804896 0.648884 0.738554 0.931313 0.849544
0.414388 0.306807 0.667537 0.916721 0.752359 0.769848 0.927628 0.737542 0.851570 0.702774 0.640750 0.490695 0.819093 0.623867 0.668748 0.749492 0.297923 0.000000 0.381329 0.367898 0.880629 0.969344 0.692527 0.989954 0.873916 0.636123 0.887803 0.979004 0.391945 0.360873 0.966420 0.841702 0.731261 0.707306 0.747793 0.997328 0.718203 0.970842 0.998951 0.863067 0.804807 0.819349 0.925403 0.802283 0.777060 0.662948 0.672243 0.720337 0.446347 0.513114 0.677633 0.713125 0.801299 0.875172 0.741090 0.772240 0.278680 0.292795 0.789798 0.671294 0.916538 0.878521 0.584161 0.474079 0.691291 0.694852 0.741413 0.761211 0.534844 0.459322 0.978653 0.928948 0.969668 0.978970 0.872562 0.890919 0.872078 0.965094 0.598196 0.484273 0.312909 0.336499 0.490467 0.528414 0.605223 0.932523 0.949852 0.793595 0.843216 0.765862 0.724219 0.717816 0.684219 0.554973 0.919181 0.933136 0.910364 0.906727 0.940930 0.850772 0.755063 0.761244 0.999169 0.856990 0.982214 0.996220 0.959867 0.653385 0.961212 0.972268 0.984643 0.849873 0.615139 0.757249 0.977724 0.853219
0.356944 0.419953 0.924635 0.984334 0.680691 0.850565 0.795697 0.580291 0.998256 0.561697 0.639479 0.430348 0.533436 0.439886 0.491683 0.602696 0.406289 0.381329 0.000000 0.327255 0.944465 0.909292 0.409549 0.852973 0.782330 0.569017 0.990465 0.991676 0.371084 0.355835 0.749944 0.666905 0.516875 0.596036 0.875732 0.980725 0.704535 0.901254 0.988244 0.976610 0.992599 0.885358 0.858661 0.819654 0.739345 0.671315 0.585632 0.693630 0.497403 0.584613 0.631337 0.719322 0.740131 0.970286 0.714785 0.990872 0.342562 0.376389 0.695538 0.726050 0.869548 0.803703 0.481719 0.425776 0.726710 0.677421 0.838323 0.780383 0.464476 0.442065 0.816051 0.970928 0.730163 0.900360 0.894660 0.939879 0.827188 0.995470 0.729175 0.649474 0.413714 0.422497 0.491122 0.640546 0.551223 0.978330 0.899799 0.746700 0.753051 0.744292 0.888798 0.869457 0.767282 0.620234 0.988896 0.902797 0.961847 0.836286 0.751837 0.726584 0.927964 0.842451 0.851018 0.757146 0.938055 0.853125 0.945132 0.700022 0.915692 0.906052 0.859539 0.759039 0.547428 0.725969 0.965419 0.888999
0.368568 0.376790 0.823406 0.988165 0.648473 0.770540 0.984124 0.677268 0.854271 0.707806 0.611173 0.431913 0.611893 0.458074 0.541914 0.637761 0.379768 0.367898 0.327255 0.000000 0.869732 0.937516 0.506178 0.830296 0.804708 0.608591 0.964526 0.933942 0.429535 0.394063 0.881296 0.810046 0.646828 0.753072 0.856320 0.972014 0.783362 0.863611 0.952579 0.920137 0.986940 0.759490 0.884380 0.849511 0.774729 0.710426 0.660807 0.679335 0.509597 0.537243 0.670019 0.742392 0.762405 0.918153 0.694357 0.993689 0.305757 0.349831 0.732918 0.720958 0.976973 0.793194 0.616439 0.520934 0.721831 0.710576 0.803588 0.762164 0.428213 0.478182 0.912463 0.899988 0.831119 0.954279 0.851598 0.949074 0.824188 0.969883 0.738322 0.718648 0.458888 0.431834 0.543760 0.593969 0.585604 0.959727 0.904172 0.776201 0.799202 0.675600 0.795878 0.767422 0.753445 0.574129 0.977494 0.928390 0.998798 0.840885 0.878980 0.789541 0.898437 0.817161 0.939669 0.820940 0.952792 0.906271 0.964975 0.809276 0.989252 0.911513 0.881340 0.814978 0.647581 0.755034 0.951395 0.920266
0.966898 0.867026 0.777168 0.837306 0.921359 0.696581 0.843567 0.975046 0.940726 0.934827 0.943878 0.936136 0.972734 0.945499 0.886970 0.955337 0.847477 0.880629 0.944465 0.869732 0.000000 0.975719 0.962398 0.853352 0.796488 0.731519 0.955961 0.970815 0.845864 0.825450 0.824824 0.881966 0.970222 0.965192 0.845870 0.935051 0.850672 0.918007 0.786335 0.818493 0.829533 0.916148 0.996797 0.939243 0.885550 0.884586 0.960643 0.882493 0.822933 0.698029 0.952131 0.919388 0.986757 0.948906 0.963180 0.961675 0.855686 0.851209 0.893967 0.970011 0.923864 0.902748 0.982633 0.882892 0.889995 0.797237 0.946314 0.908607 0.885762 0.861861 0.860414 0.929604 0.902779 0.863700 0.949672 0.733204 0.815807 0.955266 0.967722 0.985354 0.981511 0.949680 0.987472 0.992029 0.975013 0.860056 0.850821 0.838402 0.831514 0.929871 0.946619 0.872378 0.985516 0.874865 0.832727 0.967480 0.935834 0.801160 0.895916 0.783600 0.949805 0.904393 0.874899 0.861934 0.976907 0.895930 0.744553 0.912690 0.955944 0.885673 0.969514 0.818062 0.908667 0.797928 0.991483 0.869743
0.966464 0.975265 0.848411 0.831945 0.930546 0.978044 0.812010 0.935692 0.927104 0.909968 0.916589 0.956899 0.870703 0.951540 0.955957 0.934748 0.983455 0.969344 0.909292 0.937516 0.975719 0.000000 0.913855 0.929509 0.957297 0.864876 0.808816 0.915843 0.910118 0.823530 0.707100 0.894381 0.760179 0.783476 0.991655 0.774924 0.767016 0.775149 0.969026 0.960344 0.972461 0.861353 0.943165 0.973310 0.928542 0.987684 0.892940 0.927274 0.902484 0.971172 0.809172 0.845656 0.765284 0.762677 0.954452 0.877881 0.947165 0.993624 0.904293 0.980973 0.964317 0.880337 0.849647 0.907537 0.900070 0.886550 0.878406 0.996493 0.864814 0.942763 0.795036 0.898666 0.907563 0.795425 0.914667 0.987492 0.838191 0.780559 0.804612 0.966756 0.901076 0.910051 0.993240 0.992281 0.912908 0.852847 0.907982 0.864546 0.992397 0.996395 0.791308 0.825190 0.858540 0.911655 0.936430 0.957003 0.834289 0.886607 0.826222 0.913222 0.844959 0.900038 0.671257 0.783831 0.866748 0.799721 0.920539 0.837232 0.926507 0.806255 0.796943 0.945309 0.889006 0.819155 0.945139 0.888438
0.595153 0.723924 0.857865 0.860634 0.617563 0.969249 0.658809 0.627781 0.829028 0.499226 0.764860 0.574693 0.471968 0.475787 0.425704 0.433413 0.679298 0.692527 0.409549 0.506178 0.962398 0.913855 0.000000 0.589541 0.861300 0.734087 0.919345 0.971277 0.575533 0.529907 0.633775 0.592843 0.528880 0.693569 0.885864 0.960709 0.891346 0.989723 0.961879 0.789739 0.929148 0.934684 0.971619 0.971470 0.809263 0.811113 0.738167 0.851961 0.670533 0.736597 0.748043 0.780474 0.729878 0.944996 0.846875 0.818455 0.667804 0.680943 0.860294 0.957460 0.886004 0.820588 0.690131 0.654359 0.838967 0.780713 0.907956 0.786802 0.605215 0.654841 0.700456 0.917165 0.614829 0.759414 0.795671 0.919757 0.794451 0.952015 0.859512 0.785195 0.652489 0.604272 0.618514 0.756328 0.585086 0.925726 0.791841 0.690065 0.817666 0.836401 0.991062 0.998647 0.947905 0.723474 0.865867 0.938098 0.867384 0.920610 0.830242 0.842173 0.967057 0.921702 0.979021 0.782347 0.919929 0.856489 0.999811 0.856314 0.973586 0.901812 0.894986 0.926496 0.707812 0.874923 0.890072 0.890033
0.973206 0.945657 0.852157 0.656419 0.670141 0.973554 0.999546 0.889031 0.837224 0.919459 0.834727 0.868286 0.831825 0.564001 0.781024 0.441911 0.976864 0.989954 0.852973 0.830296 0.853352 0.929509 0.589541 0.000000 0.608109 0.879037 0.778099 0.854124 0.948832 0.938786 0.977036 0.766032 0.990627 0.906760 0.920333 0.934011 0.941207 0.765731 0.693030 0.901167 0.765564 0.711263 0.895775 0.953518 0.921307 0.874253 0.782265 0.941395 0.887420 0.940101 0.953309 0.990626 0.903339 0.989763 0.795073 0.954226 0.970942 0.997514 0.691025 0.705390 0.818413 0.911545 0.815300 0.790429 0.747949 0.755497 0.940394 0.972225 0.943681 0.944466 0.984498 0.850814 0.992613 0.870492 0.921945 0.988973 0.884777 0.948256 0.921636 0.992019 0.999423 0.808992 0.677362 0.684702 0.563166 0.450811 0.771393 0.511187 0.990698 0.836255 0.816737 0.726823 0.873452 0.743147 0.973807 0.977727 0.994170 0.952904 0.813543 0.889727 0.805258 0.763455 0.664722 0.709171 0.992427 0.985945 0.803017 0.853401 0.924977 0.958347 0.960844 0.964370 0.990244 0.915371 0.895788 0.979136
0.687517 0.856293 0.794853 0.564973 0.941464 0.918156 0.840300 0.919983 0.756761 0.561281 0.687684 0.753023 0.749231 0.970025 0.865080 0.933440 0.894328 0.873916 0.782330 0.804708 0.796488 0.957297 0.861300 0.608109 0.000000 0.495071 0.791979 0.924044 0.592531 0.758599 0.925023 0.879065 0.846754 0.884459 0.688217 0.835659 0.840225 0.986775 0.671870 0.672434 0.802933 0.741355 0.789292 0.848247 0.917628 0.891318 0.778621 0.867763 0.819505 0.941978 0.934295 0.926020 0.808440 0.841240 0.810859 0.836556 0.875083 0.748795 0.486248 0.660739 0.676924 0.904280 0.663565 0.567811 0.489920 0.485141 0.845984 0.757877 0.665508 0.620023 0.965383 0.945194 0.888033 0.931234 0.972284 0.998333 0.978994 0.900290 0.895603 0.960412 0.928358 0.945504 0.885552 0.887877 0.773534 0.408898 0.895708 0.793874 0.799040 0.962640 0.962329 0.768924 0.931803 0.996600 0.925918 0.958929 0.997849 0.875547 0.756967 0.884680 0.913880 0.835607 0.758073 0.740682 0.938605 0.980249 0.833154 0.861517 0.918961 0.895809 0.938840 0.905713 0.951037 0.993140 0.882428 0.908571
0.535976 0.585022 0.586564 0.462818 0.765455 0.750623 0.865933 0.949774 0.958451 0.683597 0.799007 0.634324 0.745614 0.811574 0.693862 0.830771 0.656004 0.636123 0.569017 0.608591 0.731519 0.864876 0.734087 0.879037 0.495071 0.000000 0.989602 0.952325 0.555533 0.610034 0.833108 0.862784 0.957784 0.996958 0.514430 0.730749 0.891354 0.911493 0.803045 0.847412 0.827405 0.902800 0.739273 0.830297 0.862007 0.937703 0.873288 0.923948 0.668724 0.849499 0.918086 0.870210 0.808615 0.636248 0.987730 0.914578 0.604682 0.521432 0.721190 0.803175 0.961351 0.918423 0.763373 0.579271 0.454690 0.426465 0.503724 0.464471 0.584700 0.583336 0.837980 0.809501 0.907200 0.863562 0.963467 0.970161 0.861642 0.720349 0.890145 0.966701 0.701718 0.743117 0.781039 0.833135 0.871938 0.716007 0.911867 0.935669 0.808090 0.961891 0.622394 0.853373 0.597399 0.656961 0.714351 0.987298 0.813453 0.993682 0.980633 0.913283 0.837045 0.764846 0.923552 0.944161 0.701160 0.838840 0.815291 0.791708 0.905373 0.937816 0.823832 0.922852 0.952321 0.954432 0.849399 0.952691
0.938869 0.879448 0.881635 0.912366 0.728489 0.902054 0.792416 0.963560 0.934355 0.848987 0.972453 0.939191 0.937002 0.938823 0.898362 0.919457 0.871598 0.887803 0.990465 0.964526 0.955961 0.808816 0.919345 0.778099 0.791979 0.989602 0.000000 0.823904 0.945923 0.945129 0.807397 0.822477 0.876885 0.805729 0.907875 0.988587 0.881858 0.937113 0.902259 0.834721 0.988530 0.922320 0.888256 0.850948 0.921304 0.999502 0.964732 0.907100 0.858745 0.901413 0.940272 0.944433 0.957303 0.816585 0.933910 0.976319 0.844931 0.888421 0.834844 0.911319 0.736261 0.937218 0.828950 0.878318 0.901744 0.924510 0.868485 0.829413 0.980184 0.966569 0.877249 0.843475 0.846096 0.850044 0.976873 0.891433 0.968575 0.807286 0.913588 0.969339 0.950122 0.846935 0.785740 0.776665 0.762979 0.727154 0.856184 0.783156 0.964934 0.914891 0.925204 0.878546 0.963164 0.980669 0.889945 0.863580 0.913978 0.922179 0.831998 0.864539 0.907890 0.885926 0.670440 0.839691 0.941539 0.885655 0.872833 0.870285 0.712648 0.949517 0.913963 0.869794 0.980979 0.773180 0.949577 0.958358
0.998613 0.827151 0.961626 0.880099 0.899563 0.856634 0.893829 0.844920 0.952060 0.991503 0.987447 0.833515 0.918315 0.825197 0.968589 0.797739 0.931707 0.979004 0.991676 0.933942 0.970815 0.915843 0.971277 0.854124 0.924044 0.952325 0.823904 0.000000 0.969120 0.952568 0.887627 0.989475 0.914942 0.885986 0.938362 0.999400 0.959594 0.993416 0.812987 0.987678 0.962232 0.843588 0.871738 0.897338 0.897893 0.883096 0.857666 0.977113 0.824425 0.909981 0.930546 0.949687 0.998801 0.962487 0.982432 0.987140 0.975068 0.968039 0.935452 0.901421 0.938300 0.882678 0.964355 0.921447 0.982432 0.895794 0.989971 0.929277 0.958601 0.976132 0.908825 0.859883 0.988616 0.959888 0.795808 0.956882 0.795288 0.872368 0.992629 0.987978 0.997294 0.992653 0.882498 0.912544 0.947641 0.837271 0.886981 0.989289 0.954097 0.965343 0.988909 0.940633 0.967444 0.951204 0.860248 0.918724 0.955892 0.823403 0.964183 0.888864 0.899131 0.945530 0.865090 0.855346 0.957362 0.860905 0.871340 0.997752 0.969783 0.943189 0.942561 0.830784 0.930489 0.999038 0.835857 0.967421
0.428302 0.387484 0.751980 0.873706 0.759051 0.785208 0.831557 0.573007 0.993355 0.517440 0.627751 0.427315 0.622139 0.570127 0.617780 0.703387 0.387364 0.391945 0.371084 0.429535 0.845864 0.910118 0.575533 0.948832 0.592531 0.555533 0.945923 0.969120 0.000000 0.319254 0.734832 0.740642 0.571326 0.544888 0.790728 0.928493 0.689301 0.975782 0.890508 0.962348 0.873937 0.828727 0.881124 0.744367 0.708784 0.638134 0.720978 0.697218 0.444786 0.527489 0.635607 0.670806 0.810452 0.964884 0.782662 0.822975 0.403501 0.366325 0.593654 0.603269 0.843607 0.742632 0.455719 0.345178 0.582998 0.614922 0.809576 0.831491 0.563578 0.374000 0.897683 0.955648 0.819996 0.858837 0.892604 0.951217 0.832352 0.958205 0.619426 0.629001 0.400256 0.483539 0.583283 0.657240 0.706192 0.879972 0.982952 0.816847 0.817705 0.838866 0.860088 0.869234 0.718110 0.585629 0.977364 0.871417 0.926391 0.860218 0.726248 0.722696 0.939883 0.973996 0.804084 0.739586 0.999566 0.963221 0.931874 0.795465 0.847857 0.972491 0.908579 0.769790 0.612884 0.779037 0.990247 0.740207
0.516285 0.422924 0.805256 0.938386 0.753956 0.809283 0.840215 0.626109 0.981582 0.523966 0.687518 0.521491 0.659740 0.533489 0.548241 0.649044 0.370300 0.360873 0.355835 0.394063 0.825450 0.823530 0.529907 0.938786 0.758599 0.610034 0.945129 0.952568 0.319254 0.000000 0.689633 0.635800 0.557438 0.523629 0.722484 0.997674 0.781726 0.994610 0.942833 0.969451 0.928219 0.858938 0.856669 0.746838 0.688414 0.661915 0.673772 0.713156 0.490273 0.559916 0.606185 0.658506 0.738576 0.943674 0.797287 0.946685 0.456165 0.451213 0.796348 0.766520 0.935980 0.896520 0.501425 0.417840 0.567535 0.614155 0.755107 0.782103 0.630936 0.453514 0.892262 0.936224 0.783222 0.849860 0.846155 0.988904 0.819176 0.903572 0.481607 0.525970 0.372173 0.434095 0.524671 0.643107 0.719251 0.939842 0.981556 0.803247 0.858765 0.931849 0.768642 0.840626 0.649855 0.535348 0.935445 0.939589 0.914858 0.863913 0.825331 0.798470 0.924999 0.882774 0.868071 0.732971 0.953045 0.947048 0.916981 0.810832 0.935684 0.909446 0.964620 0.819236 0.581864 0.702300 0.948021 0.825008
0.955624 0.911151 0.610773 0.711930 0.984123 0.801180 0.369916 0.554314 0.811248 0.615913 0.886286 0.986562 0.704050 0.807871 0.737368 0.891811 0.867789 0.966420 0.749944 0.881296 0.824824 0.707100 0.633775 0.977036 0.925023 0.833108 0.807397 0.887627 0.734832 0.689633 0.000000 0.415424 0.420049 0.369181 0.797611 0.788342 0.955739 0.913772 0.973087 0.904957 0.896621 0.968162 0.640800 0.701465 0.611052 0.726052 0.706344 0.761721 0.950275 0.874780 0.565061 0.562496 0.558431 0.484592 0.922886 0.883826 0.961451 0.939171 0.830906 0.891631 0.698233 0.934130 0.568802 0.724374 0.918555 0.947542 0.718152 0.743181 0.974669 0.917555 0.480955 0.614004 0.423110 0.491937 0.887912 0.853792 0.739896 0.578622 0.718543 0.773594 0.820357 0.928498 0.955442 0.949982 0.943439 0.868034 0.856983 0.957872 0.902535 0.863360 0.601962 0.728326 0.798594 0.979437 0.709973 0.964915 0.744770 0.828285 0.542040 0.633856 0.712288 0.601434 0.561138 0.563949 0.742406 0.667922 0.938629 0.863374 0.945739 0.879703 0.699964 0.776946 0.657705 0.747991 0.824718 0.883463
0.909591 0.911612 0.578728 0.613548 0.884221 0.762449 0.471941 0.481015 0.913505 0.662005 0.892695 0.853770 0.698787 0.579165 0.710367 0.689937 0.805046 0.841702 0.666905 0.810046 0.881966 0.894381 0.592843 0.766032 0.879065 0.862784 0.822477 0.989475 0.740642 0.635800 0.415424 0.000000 0.472907 0.416330 0.819516 0.787630 0.886092 0.983254 0.949588 0.984853 0.873653 0.980940 0.581177 0.583547 0.572936 0.638745 0.513632 0.636126 0.848461 0.796176 0.547536 0.555504 0.531901 0.599506 0.772811 0.979070 0.927115 0.966369 0.956435 0.934385 0.756399 0.884281 0.602420 0.713411 0.953339 0.911148 0.764394 0.735237 0.948696 0.855478 0.601722 0.766197 0.558544 0.581169 0.839849 0.904078 0.777313 0.651008 0.701539 0.703599 0.675220 0.749193 0.782825 0.926108 0.820495 0.839662 0.926296 0.778846 0.981628 0.998565 0.807682 0.955595 0.941102 0.861599 0.791657 0.889449 0.857194 0.898189 0.694539 0.647486 0.856279 0.783869 0.721484 0.723816 0.793418 0.688653 0.797312 0.984854 0.985365 0.822688 0.798760 0.692745 0.549942 0.772205 0.786181 0.814690
0.631851 0.808312 0.637834 0.806301 0.810454 0.850480 0.409059 0.466014 0.781251 0.494356 0.597625 0.706812 0.513501 0.643122 0.637785 0.794597 0.689752 0.731261 0.516875 0.646828 0.970222 0.760179 0.528880 0.990627 0.846754 0.957784 0.876885 0.914942 0.571326 0.557438 0.420049 0.472907 0.000000 0.351409 0.880805 0.754434 0.798507 0.830724 0.972028 0.868934 0.945195 0.910865 0.720211 0.703784 0.586728 0.628851 0.553047 0.660879 0.749861 0.705043 0.520139 0.570068 0.548300 0.709797 0.736295 0.951326 0.754179 0.758483 0.593423 0.695757 0.588479 0.814631 0.399654 0.462242 0.942112 0.879196 0.712083 0.788475 0.734800 0.626975 0.569101 0.731806 0.528763 0.593504 0.763864 0.996993 0.634043 0.725402 0.719528 0.743117 0.619666 0.705051 0.851518 0.934224 0.816931 0.879906 0.939012 0.939123 0.694332 0.825820 0.717710 0.789663 0.877497 0.927720 0.802278 0.971986 0.740178 0.758815 0.477920 0.543182 0.775786 0.727781 0.567100 0.519247 0.683452 0.635311 0.994166 0.941834 0.963260 0.814654 0.720894 0.649373 0.468832 0.696686 0.824785 0.888694
0.759949 0.794521 0.740928 0.821559 0.951264 0.860652 0.439294 0.455531 0.866904 0.566643 0.755904 0.762661 0.657064 0.665642 0.695654 0.881527 0.683110 0.707306 0.596036 0.753072 0.965192 0.783476 0.693569 0.906760 0.884459 0.996958 0.805729 0.885986 0.544888 0.523629 0.369181 0.416330 0.351409 0.000000 0.900718 0.738650 0.786175 0.898562 0.986210 0.973027 0.973473 0.983332 0.585628 0.566329 0.517429 0.554810 0.537112 0.570834 0.730860 0.663819 0.479601 0.499936 0.572666 0.628513 0.758725 0.827465 0.771722 0.778890 0.669389 0.671773 0.617581 0.854090 0.407727 0.478946 0.935477 0.928318 0.746701 0.687482 0.889961 0.708442 0.644816 0.798848 0.621045 0.599776 0.810434 0.886153 0.727800 0.633144 0.636412 0.675376 0.588475 0.703063 0.781825 0.877718 0.866342 0.934735 0.889619 0.834361 0.856806 0.963084 0.770164 0.918385 0.984486 0.854316 0.781246 0.968953 0.894920 0.791252 0.525011 0.569420 0.792416 0.753397 0.541309 0.592882 0.747731 0.671096 0.889129 0.961363 0.989494 0.834951 0.789711 0.643708 0.490574 0.659151 0.732732 0.766330
0.883630 0.755651 0.588195 0.630614 0.971824 0.788797 0.709521 0.755011 0.937644 0.751199 0.944403 0.913751 0.964139 0.993547 0.895208 0.898849 0.865948 0.747793 0.875732 0.856320 0.845870 0.991655 0.885864 0.920333 0.688217 0.514430 0.907875 0.938362 0.790728 0.722484 0.797611 0.819516 0.880805 0.900718 0.000000 0.917314 0.983335 0.822125 0.917765 0.850803 0.940675 0.855669 0.703481 0.808871 0.827802 0.885587 0.773518 0.826192 0.755133 0.932740 0.874180 0.878619 0.828033 0.744145 0.838722 0.947761 0.868758 0.778750 0.927159 0.898831 0.767489 0.881548 0.957611 0.886567 0.563354 0.549019 0.418676 0.451500 0.863748 0.790270 0.723633 0.758594 0.825764 0.907357 0.926898 0.980488 0.775330 0.853587 0.864148 0.823173 0.832046 0.823177 0.805125 0.819360 0.978780 0.806642 0.959997 0.927422 0.928814 0.860626 0.536731 0.784740 0.614282 0.703730 0.690596 0.825545 0.702504 0.823756 0.721330 0.690170 0.655120 0.719737 0.767224 0.858114 0.570816 0.693859 0.901778 0.811829 0.977082 0.986243 0.789721 0.713543 0.909824 0.842242 0.785020 0.938967
0.952543 0.945955 0.777102 0.707858 0.900361 0.902019 0.815739 0.882873 0.900133 0.961316 0.962491 0.893198 0.949969 0.974800 0.927341 0.843777 0.928241 0.997328 0.980725 0.972014 0.935051 0.774924 0.960709 0.934011 0.835659 0.730749 0.988587 0.999400 0.928493 0.997674 0.788342 0.787630 0.754434 0.738650 0.917314 0.000000 0.915225 0.687942 0.825021 0.940555 0.992555 0.926980 0.818446 0.858141 0.836013 0.902253 0.841267 0.902038 0.941464 0.999395 0.844693 0.832703 0.708718 0.756285 0.942385 0.989867 0.965472 0.955573 0.972509 0.981342 0.947942 0.934826 0.916579 0.986780 0.827906 0.833355 0.728501 0.741250 0.987502 0.958317 0.826399 0.912038 0.920843 0.790938 0.970023 0.778479 0.819638 0.660966 0.951121 0.903472 0.975005 0.910824 0.980017 0.880334 0.956226 0.989474 0.866583 0.884719 0.869277 0.952119 0.792672 0.919182 0.815480 0.862881 0.986393 0.986134 0.846652 0.861474 0.800963 0.804209 0.994303 0.749656 0.820741 0.786909 0.788067 0.819640 0.802538 0.860200 0.948518 0.994819 0.868179 0.922324 0.697754 0.855927 0.846160 0.918818
0.734043 0.735259 0.971577 0.958862 0.895232 0.917517 0.935296 0.871400 0.842630 0.920892 0.775632 0.757880 0.801012 0.876792 0.800598 0.984474 0.750291 0.718203 0.704535 0.783362 0.850672 0.767016 0.891346 0.941207 0.840225 0.891354 0.881858 0.959594 0.689301 0.781726 0.955739 0.886092 0.798507 0.786175 0.983335 0.915225 0.000000 0.785495 0.985741 0.874707 0.847134 0.894186 0.913974 0.801190 0.911352 0.819127 0.793758 0.728249 0.854253 0.814932 0.778119 0.776644 0.793184 0.893122 0.833184 0.940502 0.681723 0.744152 0.810511 0.852193 0.933668 0.856537 0.782557 0.764809 0.977259 0.882860 0.977719 0.973487 0.657936 0.646157 0.952106 0.974683 0.987856 0.895324 0.954171 0.856169 0.852986 0.894310 0.872399 0.939154 0.803893 0.767655 0.940476 0.944948 0.788003 0.954149 0.865295 0.938906 0.723317 0.779548 0.924680 0.924434 0.993693 0.956295 0.857512 0.882912 0.925021 0.881743 0.783393 0.778043 0.969692 0.985575 0.700797 0.729837 0.973140 0.779748 0.822453 0.938752 0.812777 0.749976 0.735170 0.656227 0.790878 0.777992 0.740316 0.952408
0.868358 0.983287 0.859565 0.874280 0.958980 0.984567 0.887292 0.875840 0.842608 0.932665 0.858195 0.939362 0.942890 0.993614 0.910504 0.854022 0.948314 0.970842 0.901254 0.863611 0.918007 0.775149 0.989723 0.765731 0.986775 0.911493 0.937113 0.993416 0.975782 0.994610 0.913772 0.983254 0.830724 0.898562 0.822125 0.687942 0.785495 0.000000 0.993711 0.959953 0.938563 0.652836 0.905001 0.932414 0.913783 0.950908 0.931893 0.839255 0.909831 0.910092 0.848204 0.836374 0.789265 0.800877 0.987256 0.937550 0.872271 0.994968 0.903873 0.932337 0.895833 0.893612 0.867858 0.932861 0.907428 0.931828 0.761428 0.854197 0.792680 0.960319 0.748505 0.833858 0.788814 0.782319 0.929788 0.984495 0.900683 0.723765 0.938292 0.924376 0.968377 0.992213 0.790200 0.737419 0.939594 0.850450 0.980274 0.684305 0.916229 0.899528 0.733333 0.742216 0.727280 0.693957 0.929150 0.804589 0.794185 0.798588 0.749404 0.734183 0.692025 0.877596 0.671137 0.664509 0.854865 0.892861 0.947874 0.839255 0.971809 0.900582 0.774253 0.734746 0.724452 0.647727 0.809039 0.962104
