0.000000 0.270648 0.599152 0.686356 0.950739 0.882605 0.588520 0.520174 0.894667 0.793988 0.334318 0.313922 0.514973 0.523463 0.575049 0.565606 0.301213 0.236979 0.392327 0.304860 0.761398 0.867407 0.554288 0.763800 0.754269 0.685661 0.939531 0.940834 0.277777 0.274158 0.498639 0.508497 0.420631 0.384130 0.695956 0.772487 0.530915 0.675616 0.754575 0.696447 0.682184 0.753050 0.610648 0.515463 0.618120 0.549317 0.546848 0.443429 0.790483 0.710511 0.725588 0.775765 0.762500 0.922296 0.665321 0.808224 0.349992 0.337940 0.520992 0.451536 0.354747 0.406834 0.280022 0.308872 0.600373 0.542625 0.556925 0.422975 0.379720 0.347620 0.511972 0.548735 0.490109 0.548222 0.769889 0.880918 0.532037 0.621153 0.543774 0.390344 0.272778 0.302436 0.444136 0.469973 0.533216 0.555674 0.846259 0.892259 0.884293 0.579763 0.954499 0.958731 0.863395 0.944724 0.525791 0.655010 0.603580 0.751283 0.598319 0.615988 0.770552 0.681180 0.574518 0.632172 0.539667 0.591488 0.858099 0.899016 0.927955 0.714520 0.813215 0.675347 0.699585 0.681412 0.813989 0.914074
0.270648 0.000000 0.807687 0.827549 0.940011 0.993108 0.697104 0.584818 0.886088 0.732500 0.424879 0.381356 0.743351 0.678080 0.724339 0.678732 0.195603 0.213389 0.474937 0.372560 0.828955 0.822756 0.676821 0.900320 0.948661 0.875090 0.849850 0.962999 0.316774 0.298108 0.595424 0.630436 0.485502 0.452290 0.805471 0.668961 0.713313 0.615686 0.908303 0.853535 0.757539 0.613733 0.591154 0.510279 0.597524 0.558316 0.649059 0.491960 0.662068 0.696891 0.691692 0.761995 0.783754 0.872757 0.864069 0.942181 0.191770 0.188047 0.532470 0.489882 0.527576 0.542425 0.236723 0.210930 0.883254 0.775499 0.621121 0.475771 0.500589 0.373521 0.463893 0.471391 0.552710 0.541460 0.860995 0.794496 0.562807 0.394166 0.526428 0.502094 0.265468 0.447921 0.435386 0.476877 0.719129 0.804504 0.739709 0.796201 0.965140 0.757332 0.865923 0.882920 0.787043 0.940137 0.570899 0.747383 0.689655 0.623529 0.561354 0.546234 0.747915 0.679312 0.479514 0.565338 0.541069 0.542172 0.739903 0.816276 0.930290 0.793204 0.744592 0.665865 0.744349 0.729263 0.800440 0.950827
0.599152 0.807687 0.000000 0.239721 0.947568 0.568279 0.212173 0.330663 0.596838 0.510622 0.581415 0.661466 0.458008 0.604989 0.560247 0.556190 0.813191 0.680657 0.421291 0.519463 0.727169 0.816941 0.361899 0.415499 0.611730 0.348987 0.886888 0.959048 0.763559 0.612503 0.330859 0.421269 0.381167 0.355973 0.602137 0.685698 0.650892 0.777207 0.484022 0.725582 0.939227 0.977491 0.368583 0.378393 0.421767 0.427276 0.399310 0.403945 0.670829 0.591239 0.594597 0.571681 0.596350 0.771337 0.640701 0.619771 0.934153 0.929507 0.544762 0.605495 0.460784 0.545644 0.764227 0.855079 0.309436 0.305618 0.307169 0.385677 0.780716 0.659584 0.491516 0.483350 0.623954 0.564140 0.761564 0.823992 0.509268 0.825707 0.595750 0.485340 0.741674 0.566775 0.888521 0.831620 0.636269 0.516536 0.849882 0.993567 0.816580 0.652846 0.580128 0.618195 0.609717 0.546532 0.616318 0.686902 0.367302 0.777683 0.468441 0.480438 0.583402 0.514598 0.622984 0.635109 0.488720 0.563102 0.670269 0.669549 0.947845 0.815113 0.793098 0.641403 0.519978 0.690547 0.686841 0.872032
0.686356 0.827549 0.239721 0.000000 0.973945 0.600171 0.272283 0.318279 0.622411 0.510673 0.644563 0.730113 0.559603 0.564184 0.556723 0.536704 0.869284 0.709914 0.412354 0.526180 0.671218 0.748505 0.389053 0.417695 0.680686 0.368482 0.862987 0.983673 0.742135 0.649756 0.384657 0.462614 0.392988 0.369917 0.642442 0.639024 0.654562 0.806847 0.607214 0.792600 0.990126 0.889190 0.387202 0.393933 0.494199 0.489547 0.444231 0.448327 0.658672 0.586593 0.637623 0.587299 0.644606 0.758295 0.709715 0.683569 0.946362 0.943695 0.521141 0.634044 0.607303 0.617697 0.834506 0.919830 0.400252 0.322445 0.346428 0.429029 0.860621 0.720812 0.459019 0.448736 0.707407 0.595938 0.860197 0.786952 0.470478 0.735348 0.606868 0.550922 0.820145 0.611025 0.946728 0.828822 0.707751 0.511007 0.916235 0.950153 0.836322 0.637323 0.503848 0.514579 0.535572 0.447233 0.715932 0.628415 0.433196 0.668856 0.466398 0.418713 0.541274 0.566615 0.621187 0.562055 0.519304 0.625364 0.696748 0.680093 0.973607 0.811460 0.825979 0.621350 0.501865 0.585888 0.754256 0.831008
0.950739 0.940011 0.947568 0.973945 0.000000 0.969752 0.925958 0.893294 0.994737 0.896161 0.940245 0.942208 0.972300 0.855385 0.967740 0.973100 0.876369 0.908106 0.930647 0.968765 0.943326 0.959928 0.927135 0.985879 0.846872 0.915634 0.978237 0.927226 0.916797 0.937139 0.992332 0.908314 0.977660 0.966143 0.967434 0.991633 0.767003 0.953581 0.859845 0.962250 0.873713 0.967197 0.874496 0.891384 0.854244 0.824896 0.956703 0.891209 0.704973 0.767221 0.855997 0.806059 0.828490 0.751785 0.972448 0.920750 0.909304 0.893268 0.848534 0.846183 0.886863 0.880191 0.828153 0.862603 0.948401 0.945242 0.941858 0.927381 0.975400 0.968778 0.848437 0.840988 0.992062 0.994522 0.981219 0.934961 0.928532 0.967118 0.817413 0.987038 0.837045 0.929681 0.916912 0.971259 0.980050 0.973834 0.944567 0.940917 0.990193 0.918606 0.866114 0.896556 0.895156 0.983502 0.896359 0.968657 0.930806 0.796084 0.867379 0.735943 0.885563 0.952315 0.951021 0.773819 0.930506 0.957928 0.795934 0.979438 0.747786 0.924730 0.922748 0.725368 0.762994 0.883324 0.895114 0.941947
0.882605 0.993108 0.568279 0.600171 0.969752 0.000000 0.579281 0.771634 0.777115 0.709439 0.887614 0.766882 0.570465 0.774389 0.661934 0.515777 0.958032 0.916435 0.669307 0.784171 0.821295 0.783407 0.608381 0.570590 0.792745 0.547529 0.786270 0.626215 0.941202 0.874062 0.716896 0.733672 0.666088 0.603064 0.767822 0.941885 0.962210 0.921458 0.746812 0.897797 0.985148 0.885597 0.660127 0.615404 0.813431 0.835972 0.811513 0.698271 0.971038 0.804617 0.873382 0.774077 0.810434 0.862277 0.845589 0.865420 0.871897 0.907159 0.919597 0.920256 0.813566 0.939049 0.968165 0.943773 0.634699 0.675438 0.723351 0.806722 0.968830 0.794543 0.818373 0.755258 0.839943 0.696174 0.755926 0.776352 0.798020 0.902974 0.837138 0.601605 0.913280 0.735851 0.967889 0.967090 0.718521 0.610553 0.860743 0.747517 0.930745 0.865056 0.725874 0.708095 0.772132 0.684216 0.771472 0.668916 0.702262 0.886548 0.766774 0.768079 0.957060 0.754599 0.908566 0.816073 0.713434 0.822261 0.913037 0.897949 0.987534 0.799361 0.944709 0.869278 0.729221 0.934498 0.876476 0.978448
0.588520 0.697104 0.212173 0.272283 0.925958 0.579281 0.000000 0.227625 0.544719 0.344062 0.613272 0.669288 0.525033 0.722723 0.634461 0.599964 0.717775 0.613855 0.398602 0.492547 0.754456 0.825901 0.306094 0.518049 0.759193 0.469703 0.984326 0.921217 0.730911 0.590326 0.328207 0.467506 0.316765 0.272145 0.535802 0.575667 0.664672 0.790810 0.685936 0.794731 0.957351 0.901968 0.231146 0.247089 0.259401 0.278950 0.363518 0.323609 0.486708 0.442251 0.450591 0.418570 0.459811 0.620292 0.678445 0.609202 0.782324 0.785796 0.399146 0.480131 0.410887 0.473178 0.634251 0.709090 0.393550 0.362248 0.204332 0.283745 0.877670 0.628000 0.341687 0.328909 0.689941 0.541872 0.821212 0.763747 0.383961 0.732707 0.519503 0.489001 0.666089 0.599180 0.865150 0.824596 0.707402 0.637954 0.946020 0.910851 0.841743 0.757544 0.400760 0.447192 0.435732 0.415560 0.598057 0.602360 0.315136 0.668488 0.284615 0.315175 0.437904 0.429521 0.498154 0.500986 0.358335 0.410515 0.527544 0.583993 0.847349 0.836240 0.682315 0.510022 0.436343 0.614705 0.601778 0.871214
0.520174 0.584818 0.330663 0.318279 0.893294 0.771634 0.227625 0.000000 0.557316 0.324551 0.501089 0.603154 0.595599 0.669848 0.710858 0.670680 0.615982 0.527105 0.420897 0.412066 0.831380 0.825999 0.424199 0.638594 0.942102 0.615851 0.868806 0.826880 0.600472 0.539938 0.447580 0.508721 0.369507 0.327460 0.658329 0.577098 0.684565 0.806362 0.830915 0.851616 0.854453 0.756536 0.335174 0.363357 0.347795 0.371345 0.501580 0.419957 0.512078 0.505425 0.536007 0.514591 0.566030 0.664923 0.788324 0.683031 0.646835 0.636209 0.365354 0.452495 0.434623 0.381614 0.557007 0.576297 0.559024 0.420066 0.291439 0.332291 0.814697 0.573846 0.328484 0.349913 0.740366 0.638474 0.882285 0.834915 0.413123 0.658268 0.569099 0.574477 0.618326 0.585753 0.848802 0.789019 0.814027 0.739939 0.964925 0.874576 0.822187 0.721090 0.381275 0.443934 0.395543 0.422380 0.539479 0.635071 0.341940 0.564110 0.256314 0.271159 0.376723 0.440767 0.404702 0.436042 0.371325 0.419664 0.519983 0.586429 0.888321 0.782541 0.651609 0.466772 0.404034 0.555211 0.638326 0.905503
0.894667 0.886088 0.596838 0.622411 0.994737 0.777115 0.544719 0.557316 0.000000 0.404336 0.991749 0.970688 0.840849 0.931222 0.977590 0.939810 0.850439 0.832754 0.967498 0.986936 0.958635 0.897568 0.814556 0.897415 0.920947 0.880705 0.898378 0.894907 0.824189 0.840427 0.782222 0.920519 0.879339 0.781601 0.866259 0.785389 0.970408 0.982817 0.977827 0.889360 0.788516 0.932406 0.630889 0.679275 0.623167 0.612397 0.789824 0.807617 0.568141 0.540379 0.545838 0.529307 0.506322 0.555547 0.993474 0.880030 0.774492 0.836677 0.591663 0.738017 0.763518 0.716044 0.956884 0.951155 0.841689 0.751278 0.678999 0.787420 0.798345 0.988234 0.743999 0.766628 0.875990 0.961967 0.991972 0.994505 0.806523 0.936248 0.936341 0.875848 0.793141 0.777175 0.750140 0.749194 0.762898 0.894324 0.973452 0.874896 0.777494 0.908134 0.529945 0.611059 0.664896 0.529827 0.834702 0.894170 0.659949 0.855277 0.577133 0.612765 0.696540 0.616032 0.745598 0.741370 0.721323 0.718415 0.610442 0.605460 0.953827 0.882441 0.810903 0.753063 0.645164 0.916579 0.616978 0.810492
0.793988 0.732500 0.510622 0.510673 0.896161 0.709439 0.344062 0.324551 0.404336 0.000000 0.754386 0.731428 0.637641 0.873791 0.792654 0.728232 0.771436 0.780583 0.633510 0.642705 0.949111 0.889551 0.534342 0.730324 0.855620 0.862768 0.878301 0.854435 0.815938 0.730957 0.662254 0.671593 0.586518 0.523096 0.810163 0.585544 0.886088 0.985491 0.911738 0.943196 0.896883 0.899464 0.420452 0.454635 0.446543 0.466033 0.605531 0.521887 0.449267 0.494007 0.547798 0.529227 0.566318 0.633133 0.875001 0.805779 0.838506 0.810250 0.498716 0.619017 0.606891 0.570955 0.732078 0.727008 0.805043 0.667485 0.516535 0.599369 0.968618 0.714464 0.469730 0.479486 0.913819 0.789249 0.885877 0.774633 0.544617 0.668572 0.668219 0.670951 0.800036 0.828039 0.976392 0.880047 0.971213 0.997555 0.942825 0.927183 0.814758 0.896579 0.415538 0.448791 0.504474 0.484587 0.607294 0.699847 0.398835 0.635679 0.334177 0.354873 0.469595 0.459815 0.502553 0.569623 0.554559 0.482412 0.554745 0.600893 0.852474 0.899645 0.750700 0.609443 0.536973 0.873046 0.652407 0.777168
0.334318 0.424879 0.581415 0.644563 0.940245 0.887614 0.613272 0.501089 0.991749 0.754386 0.000000 0.420974 0.540661 0.627958 0.690075 0.668092 0.488894 0.406765 0.452565 0.352795 0.906665 0.908858 0.699931 0.831933 0.888864 0.768451 0.943851 0.987770 0.428207 0.391474 0.611567 0.649871 0.540666 0.534023 0.811337 0.756363 0.649374 0.757991 0.806677 0.763299 0.716647 0.916460 0.724954 0.638599 0.680763 0.633582 0.717491 0.622126 0.857099 0.762576 0.822287 0.836156 0.799212 0.934531 0.737102 0.807403 0.540622 0.490849 0.614380 0.553665 0.457096 0.436144 0.443674 0.486754 0.688243 0.588036 0.638833 0.491508 0.438098 0.551733 0.592150 0.551170 0.597292 0.695098 0.773844 0.937873 0.544430 0.655962 0.655984 0.501140 0.460077 0.409880 0.695658 0.606960 0.750580 0.741136 0.934946 0.841340 0.867637 0.627933 0.905699 0.949785 0.855208 0.919672 0.633984 0.690473 0.637330 0.837801 0.648577 0.623023 0.757839 0.604248 0.596781 0.646488 0.573754 0.667294 0.833923 0.929983 0.967470 0.793124 0.785794 0.721444 0.731389 0.657838 0.818982 0.932599
0.313922 0.381356 0.661466 0.730113 0.942208 0.766882 0.669288 0.603154 0.970688 0.731428 0.420974 0.000000 0.392476 0.458517 0.441534 0.349610 0.377241 0.322713 0.454557 0.435734 0.815937 0.834534 0.481131 0.641213 0.808670 0.732022 0.994353 0.885743 0.304628 0.278710 0.583516 0.525262 0.467340 0.450954 0.876891 0.935449 0.708287 0.876874 0.836256 0.836081 0.861856 0.856395 0.654854 0.562699 0.752860 0.625402 0.684093 0.494955 0.850058 0.701098 0.744932 0.717588 0.765577 0.782857 0.790705 0.910625 0.542436 0.486217 0.655269 0.582073 0.365457 0.428774 0.308352 0.360129 0.663986 0.569378 0.729608 0.599544 0.571087 0.434000 0.613215 0.589734 0.429205 0.480421 0.662804 0.743999 0.607011 0.546844 0.579327 0.414516 0.371450 0.361015 0.508671 0.531886 0.516412 0.545049 0.812316 0.985433 0.903532 0.653386 0.958320 0.995755 0.946805 0.918338 0.579958 0.732210 0.654864 0.762308 0.697317 0.640448 0.843710 0.716455 0.691789 0.789407 0.524366 0.600832 0.889547 0.985171 0.875958 0.680696 0.910117 0.690011 0.704605 0.799446 0.737638 0.977611
0.514973 0.743351 0.458008 0.559603 0.972300 0.570465 0.525033 0.595599 0.840849 0.637641 0.540661 0.392476 0.000000 0.461050 0.460451 0.348491 0.786990 0.688505 0.505854 0.618242 0.791129 0.965872 0.471409 0.491494 0.755169 0.574331 0.825953 0.893789 0.621113 0.507814 0.643008 0.605984 0.555343 0.556828 0.889572 0.909808 0.741896 0.997832 0.640344 0.716495 0.977583 0.900863 0.646927 0.568461 0.784520 0.634457 0.613810 0.528975 0.883322 0.618484 0.706995 0.657025 0.672132 0.747665 0.686657 0.769110 0.943780 0.816141 0.660512 0.646449 0.368753 0.472308 0.605604 0.702491 0.467513 0.471651 0.723631 0.662788 0.636625 0.633981 0.723277 0.670406 0.555761 0.631760 0.778679 0.758958 0.656377 0.847647 0.643233 0.470155 0.698087 0.477826 0.789551 0.698263 0.563833 0.489167 0.933396 0.790505 0.688588 0.658949 0.915089 0.917199 0.983455 0.888978 0.655202 0.742522 0.566732 0.869067 0.742207 0.695344 0.806741 0.637799 0.772257 0.873878 0.640039 0.729379 0.933146 0.994698 0.895481 0.675537 0.993411 0.877669 0.719018 0.832052 0.796129 0.849224
0.523463 0.678080 0.604989 0.564184 0.855385 0.774389 0.722723 0.669848 0.931222 0.873791 0.627958 0.458517 0.461050 0.000000 0.330775 0.341234 0.751765 0.586426 0.444980 0.489074 0.691305 0.767111 0.511343 0.457233 0.700374 0.602059 0.922680 0.850234 0.500939 0.456413 0.603468 0.515507 0.527107 0.553629 0.985420 0.948281 0.778645 0.997525 0.693322 0.751758 0.931119 0.837037 0.743976 0.717631 0.992824 0.867230 0.647913 0.693807 0.892392 0.988224 0.953610 0.977416 0.984789 0.905453 0.690601 0.917448 0.839687 0.805745 0.853671 0.902208 0.638023 0.666135 0.718399 0.747911 0.526250 0.495878 0.808551 0.770256 0.647578 0.575705 0.762990 0.785202 0.571018 0.671581 0.824905 0.741816 0.659587 0.802245 0.697665 0.541368 0.672630 0.428763 0.584492 0.453029 0.463234 0.382824 0.988706 0.829359 0.877727 0.564867 0.979190 0.974237 0.968964 0.988252 0.708360 0.798070 0.773224 0.734547 0.879482 0.794954 0.802218 0.801970 0.874613 0.926530 0.750440 0.789697 0.912983 0.940280 0.871439 0.744976 0.910276 0.899235 0.808198 0.800954 0.877265 0.960420
0.575049 0.724339 0.560247 0.556723 0.967740 0.661934 0.634461 0.710858 0.977590 0.792654 0.690075 0.441534 0.460451 0.330775 0.000000 0.328347 0.710523 0.575003 0.464564 0.560816 0.718672 0.761086 0.356549 0.398255 0.587002 0.523963 0.756511 0.773702 0.556835 0.443481 0.479614 0.398936 0.452365 0.493946 0.834765 0.969680 0.800898 0.963291 0.693058 0.816858 0.977279 0.995495 0.656590 0.635505 0.869754 0.764660 0.584278 0.597865 0.971884 0.935527 0.999497 0.902845 0.943293 0.927040 0.729099 0.855604 0.902704 0.909049 0.850768 0.916086 0.625750 0.755609 0.714818 0.798643 0.521079 0.538884 0.727207 0.718772 0.681852 0.685830 0.701910 0.756646 0.523167 0.609031 0.773507 0.768940 0.634368 0.781435 0.530194 0.532640 0.623386 0.451952 0.570225 0.501867 0.453676 0.381877 0.964655 0.811739 0.978470 0.700031 0.990773 0.953966 0.961010 0.962641 0.739059 0.779850 0.693889 0.776120 0.859120 0.753666 0.904024 0.865816 0.957051 0.950750 0.697874 0.800154 0.961334 0.865111 0.914991 0.790203 0.961313 0.876797 0.774260 0.906606 0.868624 0.937477
0.565606 0.678732 0.556190 0.536704 0.973100 0.515777 0.599964 0.670680 0.939810 0.728232 0.668092 0.349610 0.348491 0.341234 0.328347 0.000000 0.689385 0.594641 0.407575 0.546139 0.697646 0.708270 0.357922 0.355920 0.599664 0.538147 0.834319 0.722736 0.544664 0.436746 0.554140 0.467470 0.440412 0.421444 0.893765 0.948021 0.797623 0.989351 0.714303 0.802933 0.933653 0.954330 0.572210 0.508751 0.826559 0.677973 0.582457 0.524731 0.911352 0.727915 0.801165 0.701402 0.776161 0.821706 0.680730 0.880893 0.881808 0.823155 0.707445 0.797844 0.542296 0.646715 0.631230 0.711602 0.487910 0.474850 0.713153 0.708368 0.736871 0.555204 0.672583 0.665285 0.523169 0.530800 0.696985 0.719655 0.627524 0.753736 0.589877 0.467908 0.647968 0.468465 0.717435 0.615747 0.458184 0.369830 0.801880 0.865351 0.989188 0.688810 0.905310 0.886117 0.958953 0.963617 0.715627 0.700308 0.663981 0.732311 0.766836 0.650984 0.901907 0.731309 0.824458 0.880116 0.609081 0.694189 0.979054 0.986266 0.888820 0.690870 0.982987 0.796585 0.670735 0.826711 0.830061 0.919577
0.301213 0.195603 0.813191 0.869284 0.876369 0.958032 0.717775 0.615982 0.850439 0.771436 0.488894 0.377241 0.786990 0.751765 0.710523 0.689385 0.000000 0.208071 0.501851 0.390333 0.836849 0.808405 0.661502 0.902247 0.861069 0.883329 0.878029 0.956784 0.343825 0.309681 0.602696 0.588882 0.498000 0.475909 0.828534 0.735916 0.755910 0.637294 0.935751 0.904621 0.761118 0.647904 0.601445 0.564378 0.609515 0.583718 0.656423 0.483941 0.687208 0.727477 0.734524 0.801614 0.839120 0.913461 0.886652 0.965909 0.220672 0.255165 0.554733 0.561411 0.551040 0.583092 0.258373 0.262305 0.868408 0.778589 0.646513 0.520349 0.499039 0.416100 0.543024 0.546879 0.540399 0.553630 0.795358 0.810092 0.608626 0.483965 0.509059 0.577404 0.239012 0.453597 0.418285 0.553452 0.679512 0.798655 0.770439 0.750440 0.929599 0.822786 0.954894 0.957912 0.875860 0.960833 0.636095 0.761960 0.695101 0.679747 0.641691 0.593174 0.808472 0.754817 0.529742 0.619079 0.553676 0.545693 0.803666 0.871322 0.962295 0.792599 0.801124 0.674811 0.765933 0.728558 0.811198 0.932649
0.236979 0.213389 0.680657 0.709914 0.908106 0.916435 0.613855 0.527105 0.832754 0.780583 0.406765 0.322713 0.688505 0.586426 0.575003 0.594641 0.208071 0.000000 0.371509 0.267219 0.771711 0.773441 0.526507 0.758691 0.784809 0.731039 0.956545 0.916279 0.257071 0.221734 0.509338 0.519075 0.402210 0.356413 0.702617 0.783040 0.659890 0.652241 0.823821 0.869621 0.694878 0.682160 0.552989 0.488852 0.589520 0.562472 0.626280 0.432750 0.731859 0.727078 0.769885 0.801954 0.816471 0.921634 0.818052 0.904502 0.248270 0.273224 0.573721 0.538212 0.489171 0.532858 0.258360 0.267625 0.733845 0.650460 0.559896 0.423833 0.510465 0.424710 0.468201 0.488841 0.490257 0.485985 0.812653 0.725488 0.513465 0.481869 0.513268 0.442284 0.230317 0.311783 0.403137 0.471920 0.558428 0.633873 0.835549 0.857860 0.925440 0.689485 0.851740 0.873848 0.763699 0.935300 0.552187 0.735845 0.665819 0.636945 0.583443 0.542758 0.759323 0.678428 0.534205 0.591984 0.472559 0.530716 0.775777 0.910784 0.932304 0.772495 0.810134 0.588764 0.690521 0.641266 0.826736 0.889809
0.392327 0.474937 0.421291 0.412354 0.930647 0.669307 0.398602 0.420897 0.967498 0.633510 0.452565 0.454557 0.505854 0.444980 0.464564 0.407575 0.501851 0.371509 0.000000 0.296823 0.619631 0.711839 0.381431 0.494774 0.621938 0.542363 0.966038 0.867400 0.405638 0.349624 0.407573 0.388525 0.309964 0.292195 0.727723 0.651148 0.634616 0.801126 0.673705 0.858132 0.904209 0.758817 0.443973 0.412705 0.558879 0.526652 0.444440 0.384222 0.724533 0.688921 0.784929 0.766372 0.817782 0.961661 0.799118 0.820476 0.553448 0.573001 0.531860 0.603774 0.537607 0.625763 0.494135 0.600811 0.517611 0.493957 0.447805 0.488129 0.605552 0.476176 0.453892 0.465474 0.581305 0.541181 0.730571 0.758242 0.459427 0.599104 0.560976 0.458192 0.498678 0.396080 0.688955 0.591754 0.592112 0.517923 0.912363 0.966002 0.960408 0.694542 0.743097 0.746956 0.719719 0.752451 0.695469 0.574323 0.538918 0.631519 0.549132 0.451559 0.626040 0.585792 0.572617 0.582634 0.501770 0.578157 0.867144 0.863613 0.976199 0.801358 0.831086 0.663434 0.588178 0.626146 0.818232 0.999788
0.304860 0.372560 0.519463 0.526180 0.968765 0.784171 0.492547 0.412066 0.986936 0.642705 0.352795 0.435734 0.618242 0.489074 0.560816 0.546139 0.390333 0.267219 0.296823 0.000000 0.717708 0.724635 0.482232 0.628107 0.768504 0.638117 0.923351 0.858082 0.374634 0.298327 0.462887 0.418217 0.371232 0.322350 0.661160 0.689017 0.653572 0.708998 0.720377 0.872903 0.738783 0.771056 0.520580 0.473741 0.586572 0.595528 0.540577 0.459228 0.782615 0.781308 0.859098 0.867944 0.850263 0.972405 0.795547 0.873698 0.430246 0.448027 0.577206 0.629741 0.556796 0.584981 0.441196 0.465861 0.637919 0.560536 0.506398 0.463720 0.543245 0.449821 0.483416 0.474319 0.591920 0.562817 0.723613 0.799884 0.470715 0.600177 0.581325 0.444395 0.407978 0.330944 0.577985 0.564253 0.643192 0.613059 0.858082 0.925399 0.948741 0.604092 0.758422 0.741856 0.699022 0.782368 0.551800 0.649230 0.582760 0.618454 0.525301 0.497980 0.639442 0.586889 0.512171 0.535894 0.498457 0.559611 0.835964 0.876408 0.967608 0.800082 0.747781 0.656044 0.654505 0.643493 0.802520 0.983489
0.761398 0.828955 0.727169 0.671218 0.943326 0.821295 0.754456 0.831380 0.958635 0.949111 0.906665 0.815937 0.791129 0.691305 0.718672 0.697646 0.836849 0.771711 0.619631 0.717708 0.000000 0.805422 0.670627 0.638124 0.676271 0.711465 0.876895 0.807402 0.857847 0.741711 0.655202 0.661473 0.705021 0.637383 0.836007 0.930343 0.719175 0.877163 0.680587 0.872295 0.908356 0.915260 0.747452 0.750132 0.864976 0.828072 0.628267 0.694542 0.947278 0.946572 0.936503 0.947132 0.958966 0.928201 0.910127 0.912934 0.819912 0.860814 0.800303 0.829711 0.811689 0.930970 0.768063 0.893426 0.704407 0.764394 0.744562 0.790356 0.922843 0.732280 0.858653 0.864373 0.723008 0.780460 0.756515 0.793448 0.832693 0.912107 0.798950 0.763101 0.845482 0.742617 0.764482 0.708361 0.763109 0.674823 0.929024 0.954926 0.905503 0.872052 0.988954 0.961346 0.955627 0.965654 0.993096 0.694473 0.844941 0.953802 0.925475 0.806233 0.989322 0.987916 0.793769 0.857643 0.962044 0.884401 0.931224 0.986447 0.915782 0.804403 0.838477 0.959393 0.928211 0.834150 0.881136 0.903657
0.867407 0.822756 0.816941 0.748505 0.959928 0.783407 0.825901 0.825999 0.897568 0.889551 0.908858 0.834534 0.965872 0.767111 0.761086 0.708270 0.808405 0.773441 0.711839 0.724635 0.805422 0.000000 0.789428 0.769058 0.810290 0.820963 0.886743 0.807121 0.831202 0.787674 0.720147 0.718167 0.725446 0.723390 0.729950 0.809038 0.928019 0.700108 0.940233 0.977975 0.917046 0.931700 0.750439 0.770030 0.840905 0.860035 0.878857 0.789324 0.933394 0.930900 0.991828 0.918486 0.949157 0.971726 0.980151 0.958749 0.912264 0.908850 0.851910 0.972683 0.997055 0.988579 0.910324 0.937682 0.854463 0.817869 0.800166 0.828942 0.950543 0.819290 0.752331 0.757004 0.827993 0.796148 0.927121 0.910962 0.866171 0.803231 0.935949 0.776487 0.868517 0.852623 0.889378 0.939875 0.926002 0.832017 0.961580 0.932966 0.954173 0.985851 0.788813 0.879022 0.842735 0.846235 0.858587 0.839175 0.920940 0.685807 0.808356 0.782884 0.898762 0.828415 0.782809 0.663104 0.776793 0.851283 0.995460 0.933470 0.845514 0.880478 0.936031 0.860574 0.894831 0.848903 0.975989 0.922833
0.554288 0.676821 0.361899 0.389053 0.927135 0.608381 0.306094 0.424199 0.814556 0.534342 0.699931 0.481131 0.471409 0.511343 0.356549 0.357922 0.661502 0.526507 0.381431 0.482232 0.670627 0.789428 0.000000 0.352836 0.602731 0.445260 0.941160 0.965492 0.586209 0.411897 0.297164 0.311663 0.276296 0.268855 0.614587 0.801960 0.653611 0.939231 0.658525 0.840661 0.977748 0.907462 0.322345 0.315838 0.461646 0.408085 0.374674 0.345619 0.646933 0.629550 0.646204 0.564318 0.634671 0.775559 0.618913 0.695554 0.786573 0.798164 0.577665 0.639188 0.429356 0.574505 0.592143 0.653884 0.404286 0.420179 0.383675 0.434788 0.820758 0.560637 0.433418 0.441872 0.521537 0.433398 0.737743 0.727229 0.415689 0.716337 0.486450 0.469670 0.578762 0.475763 0.636174 0.631629 0.494643 0.458608 0.966374 0.962390 0.973425 0.756187 0.652767 0.710046 0.695072 0.784511 0.569984 0.646314 0.413012 0.666962 0.506300 0.460583 0.680921 0.628442 0.628025 0.677365 0.417520 0.474576 0.675245 0.855110 0.906154 0.764820 0.744410 0.598685 0.521357 0.754985 0.666568 0.945020
0.763800 0.900320 0.415499 0.417695 0.985879 0.570590 0.518049 0.638594 0.897415 0.730324 0.831933 0.641213 0.491494 0.457233 0.398255 0.355920 0.902247 0.758691 0.494774 0.628107 0.638124 0.769058 0.352836 0.000000 0.556437 0.451789 0.875331 0.930304 0.806848 0.572449 0.490244 0.427885 0.479289 0.485545 0.816150 0.952646 0.807305 0.985654 0.542890 0.822544 0.963977 0.978650 0.584870 0.590572 0.800150 0.754906 0.570392 0.579225 0.939784 0.885171 0.913119 0.834091 0.906224 0.965199 0.806453 0.792257 0.955422 0.943249 0.865991 0.954331 0.693427 0.849752 0.905275 0.960755 0.463024 0.477789 0.637929 0.708823 0.898394 0.767956 0.698775 0.696870 0.586747 0.581644 0.805059 0.758320 0.633984 0.866445 0.652694 0.607979 0.806052 0.581063 0.847809 0.723568 0.547372 0.450710 0.947775 0.823580 0.947093 0.827191 0.775813 0.757538 0.843164 0.831328 0.761994 0.842720 0.616935 0.686763 0.777417 0.694152 0.797944 0.844953 0.856166 0.926485 0.768474 0.771129 0.886400 0.923605 0.992962 0.778383 0.965171 0.844156 0.732317 0.815861 0.923973 0.923466
0.754269 0.948661 0.611730 0.680686 0.846872 0.792745 0.759193 0.942102 0.920947 0.855620 0.888864 0.808670 0.755169 0.700374 0.587002 0.599664 0.861069 0.784809 0.621938 0.768504 0.676271 0.810290 0.602731 0.556437 0.000000 0.449405 0.667725 0.827717 0.820558 0.720431 0.506324 0.511962 0.627029 0.665773 0.636600 0.982596 0.733652 0.774844 0.542914 0.740208 0.992863 0.967680 0.754749 0.722130 0.831510 0.795494 0.659710 0.650225 0.957736 0.960378 0.929399 0.925440 0.982215 0.882146 0.774656 0.879260 0.995044 0.964069 0.877840 0.890589 0.789439 0.949122 0.886227 0.996113 0.478098 0.600537 0.687923 0.756091 0.741518 0.798501 0.958791 0.932640 0.537816 0.645914 0.748339 0.973435 0.839181 0.958989 0.760250 0.655874 0.838046 0.690474 0.734299 0.858029 0.524519 0.466625 0.892465 0.926289 0.899244 0.784285 0.802408 0.786954 0.847429 0.865645 0.939884 0.895010 0.825957 0.962114 0.945038 0.995207 0.923495 0.990610 0.968898 0.924769 0.881636 0.918109 0.929099 0.980726 0.955654 0.991355 0.955963 0.969389 0.970851 0.799933 0.901906 0.933033
0.685661 0.875090 0.348987 0.368482 0.915634 0.547529 0.469703 0.615851 0.880705 0.862768 0.768451 0.732022 0.574331 0.602059 0.523963 0.538147 0.883329 0.731039 0.542363 0.638117 0.711465 0.820963 0.445260 0.451789 0.449405 0.000000 0.690405 0.868268 0.817714 0.677198 0.386598 0.444277 0.457189 0.473088 0.636050 0.823577 0.752332 0.786386 0.481387 0.644818 0.930636 0.846962 0.509483 0.475101 0.656045 0.645430 0.544720 0.524528 0.857962 0.723846 0.712783 0.680100 0.741727 0.857032 0.656550 0.704494 0.998730 0.999843 0.703944 0.734612 0.646336 0.773680 0.853418 0.963593 0.319226 0.351106 0.446050 0.508938 0.846571 0.703684 0.682282 0.561770 0.547478 0.488182 0.794305 0.930698 0.699027 0.867263 0.640987 0.537491 0.797375 0.540064 0.780109 0.816032 0.527136 0.342258 0.918417 0.795773 0.880650 0.635653 0.781775 0.792633 0.795895 0.676284 0.803733 0.784557 0.594782 0.841035 0.740021 0.686475 0.797525 0.660206 0.806922 0.800693 0.566881 0.753684 0.805804 0.889896 0.920536 0.793506 0.956493 0.829816 0.644461 0.718063 0.860183 0.914600
0.939531 0.849850 0.886888 0.862987 0.978237 0.786270 0.984326 0.868806 0.898378 0.878301 0.943851 0.994353 0.825953 0.922680 0.756511 0.834319 0.878029 0.956545 0.966038 0.923351 0.876895 0.886743 0.941160 0.875331 0.667725 0.690405 0.000000 0.736757 0.978546 0.941352 0.922419 0.967087 0.984067 0.957807 0.959359 0.794356 0.922728 0.968486 0.806183 0.857209 0.898638 0.924840 0.966137 0.982260 0.883703 0.934409 0.990631 0.967998 0.988314 0.988697 0.971038 0.976336 0.976222 0.926171 0.838721 0.848909 0.795473 0.793014 0.949125 0.973664 0.971753 0.883521 0.882473 0.779042 0.737984 0.809205 0.985181 0.908838 0.927907 0.990124 0.819678 0.838886 0.944698 0.979974 0.804978 0.992722 0.954114 0.873712 0.957702 0.895599 0.921274 0.842040 0.958393 0.994437 0.640869 0.621591 0.982539 0.710074 0.961221 0.822303 0.829104 0.949239 0.882066 0.962885 0.861460 0.997392 0.871167 0.718849 0.772083 0.864289 0.840529 0.959768 0.712491 0.800805 0.892535 0.746134 0.836858 0.806781 0.874642 0.988289 0.766525 0.874600 0.880383 0.997860 0.914406 0.982216
0.940834 0.962999 0.959048 0.983673 0.927226 0.626215 0.921217 0.826880 0.894907 0.854435 0.987770 0.885743 0.893789 0.850234 0.773702 0.722736 0.956784 0.916279 0.867400 0.858082 0.807402 0.807121 0.965492 0.930304 0.827717 0.868268 0.736757 0.000000 0.963631 0.918318 0.978643 0.934848 0.935867 0.907595 0.929671 0.882225 0.909700 0.929280 0.910002 0.949661 0.930115 0.917866 0.973637 0.953996 0.847306 0.922614 0.945855 0.996695 0.868895 0.967862 0.904948 0.953372 0.950278 0.941491 0.946630 0.779971 0.982704 0.956483 0.986374 0.935258 0.929436 0.817663 0.950335 0.981443 0.991242 0.905145 0.887735 0.890996 0.899256 0.947111 0.941373 0.868884 0.937288 0.896399 0.823286 0.854781 0.940271 0.935972 0.985668 0.877683 0.983692 0.921154 0.940916 0.978148 0.888810 0.821361 0.740439 0.875490 0.706940 0.898989 0.836340 0.884773 0.795720 0.880876 0.871967 0.816729 0.918301 0.905292 0.921476 0.952009 0.690076 0.889676 0.932000 0.952188 0.959478 0.910050 0.818437 0.711764 0.824243 0.968963 0.852459 0.839444 0.895074 0.946459 0.965288 0.974903
0.277777 0.316774 0.763559 0.742135 0.916797 0.941202 0.730911 0.600472 0.824189 0.815938 0.428207 0.304628 0.621113 0.500939 0.556835 0.544664 0.343825 0.257071 0.405638 0.374634 0.857847 0.831202 0.586209 0.806848 0.820558 0.817714 0.978546 0.963631 0.000000 0.268306 0.617714 0.553375 0.520169 0.463916 0.809103 0.870091 0.628395 0.765767 0.884042 0.925939 0.709610 0.711517 0.694787 0.626821 0.757232 0.680123 0.694567 0.536542 0.794081 0.812099 0.881936 0.884794 0.914661 0.985106 0.745355 0.828500 0.388723 0.398454 0.672462 0.591408 0.524029 0.531549 0.345304 0.348827 0.778924 0.673150 0.709719 0.613158 0.477757 0.410144 0.554230 0.624002 0.517559 0.618079 0.744385 0.834430 0.557172 0.496724 0.702289 0.486065 0.293420 0.347301 0.488773 0.464131 0.560961 0.617356 0.816051 0.968142 0.982304 0.604848 0.981889 0.972237 0.920123 0.982582 0.611996 0.739579 0.703549 0.731224 0.708328 0.661201 0.806482 0.717923 0.687522 0.706939 0.597049 0.664587 0.968698 0.986019 0.887702 0.673748 0.803276 0.652893 0.752469 0.672175 0.867981 0.864746
0.274158 0.298108 0.612503 0.649756 0.937139 0.874062 0.590326 0.539938 0.840427 0.730957 0.391474 0.278710 0.507814 0.456413 0.443481 0.436746 0.309681 0.221734 0.349624 0.298327 0.741711 0.787674 0.411897 0.572449 0.720431 0.677198 0.941352 0.918318 0.268306 0.000000 0.451751 0.417606 0.341829 0.355483 0.733389 0.770945 0.641519 0.732770 0.683296 0.896149 0.762098 0.765386 0.535170 0.473761 0.637596 0.574727 0.581128 0.431748 0.786011 0.745061 0.817081 0.802728 0.843540 0.954662 0.724014 0.845114 0.398375 0.388247 0.669232 0.600243 0.446774 0.505074 0.327805 0.332443 0.650163 0.570833 0.591680 0.471458 0.463987 0.408381 0.473490 0.501069 0.407876 0.410197 0.783838 0.725908 0.503621 0.509375 0.527802 0.441735 0.288626 0.279661 0.437691 0.390319 0.538373 0.565660 0.880204 0.933371 0.962256 0.656470 0.901308 0.934441 0.877361 0.975253 0.529223 0.701468 0.560280 0.630735 0.627394 0.540499 0.725547 0.658433 0.593670 0.696128 0.552522 0.530115 0.864989 0.954248 0.978633 0.712939 0.790121 0.629434 0.671241 0.667967 0.842367 0.965202
0.498639 0.595424 0.330859 0.384657 0.992332 0.716896 0.328207 0.447580 0.782222 0.662254 0.611567 0.583516 0.643008 0.603468 0.479614 0.554140 0.602696 0.509338 0.407573 0.462887 0.655202 0.720147 0.297164 0.490244 0.506324 0.386598 0.922419 0.978643 0.617714 0.451751 0.000000 0.296265 0.245984 0.289068 0.504944 0.652464 0.597560 0.705418 0.581341 0.741721 0.911060 0.824498 0.307178 0.293210 0.362496 0.363986 0.350405 0.335101 0.623117 0.649999 0.597423 0.580556 0.620855 0.820355 0.676617 0.732482 0.698960 0.725768 0.546434 0.578133 0.462622 0.573049 0.573497 0.639279 0.422957 0.435055 0.301943 0.338570 0.795972 0.567769 0.405434 0.398900 0.451126 0.398822 0.705972 0.789047 0.420790 0.677407 0.490737 0.443261 0.573167 0.561619 0.583406 0.656198 0.642751 0.557150 0.897642 0.869222 0.979688 0.697467 0.718298 0.827073 0.748929 0.785425 0.658316 0.684503 0.413628 0.688718 0.481968 0.501624 0.661134 0.607738 0.603488 0.588452 0.442625 0.514319 0.654006 0.718622 0.982825 0.826056 0.657371 0.632193 0.538246 0.643619 0.583849 0.969117
0.508497 0.630436 0.421269 0.462614 0.908314 0.733672 0.467506 0.508721 0.920519 0.671593 0.649871 0.525262 0.605984 0.515507 0.398936 0.467470 0.588882 0.519075 0.388525 0.418217 0.661473 0.718167 0.311663 0.427885 0.511962 0.444277 0.967087 0.934848 0.553375 0.417606 0.296265 0.000000 0.343785 0.378399 0.586522 0.779460 0.641292 0.848902 0.598221 0.835018 0.947437 0.773026 0.472438 0.493195 0.588039 0.620735 0.482167 0.490571 0.808386 0.902175 0.882593 0.865491 0.923761 0.923844 0.733067 0.806275 0.714441 0.783485 0.703702 0.818193 0.596831 0.730611 0.642194 0.698848 0.526226 0.544425 0.506674 0.573876 0.718170 0.563384 0.580622 0.563591 0.476599 0.506652 0.695404 0.883440 0.585264 0.694435 0.586605 0.561128 0.565467 0.498592 0.653550 0.698638 0.614251 0.554870 0.975464 0.946374 0.995505 0.781957 0.853622 0.906300 0.859752 0.881127 0.690002 0.733503 0.471154 0.689468 0.634870 0.629730 0.759405 0.739079 0.645159 0.655869 0.584860 0.657684 0.848866 0.857365 0.927403 0.731240 0.767816 0.709512 0.671420 0.778115 0.725442 0.920230
0.420631 0.485502 0.381167 0.392988 0.977660 0.666088 0.316765 0.369507 0.879339 0.586518 0.540666 0.467340 0.555343 0.527107 0.452365 0.440412 0.498000 0.402210 0.309964 0.371232 0.705021 0.725446 0.276296 0.479289 0.627029 0.457189 0.984067 0.935867 0.520169 0.341829 0.245984 0.343785 0.000000 0.218943 0.602620 0.616092 0.607498 0.717516 0.687921 0.811240 0.941535 0.794630 0.273964 0.248765 0.360125 0.346373 0.340364 0.316190 0.599987 0.583268 0.575148 0.531089 0.616710 0.763904 0.646861 0.690826 0.603285 0.592006 0.490904 0.509333 0.407081 0.464240 0.462485 0.544029 0.408964 0.379092 0.291916 0.310390 0.748965 0.461198 0.346708 0.357573 0.491350 0.372653 0.781388 0.737895 0.376669 0.629250 0.440038 0.443141 0.489518 0.439794 0.577502 0.599807 0.534604 0.484819 0.961216 0.903666 0.985098 0.705534 0.621432 0.692399 0.622581 0.720252 0.592294 0.633465 0.416151 0.595084 0.408850 0.393392 0.536686 0.531615 0.547162 0.566035 0.339341 0.400756 0.685016 0.703854 0.994586 0.759043 0.684834 0.575408 0.473353 0.640808 0.600525 0.893009
0.384130 0.452290 0.355973 0.369917 0.966143 0.603064 0.272145 0.327460 0.781601 0.523096 0.534023 0.450954 0.556828 0.553629 0.493946 0.421444 0.475909 0.356413 0.292195 0.322350 0.637383 0.723390 0.268855 0.485545 0.665773 0.473088 0.957807 0.907595 0.463916 0.355483 0.289068 0.378399 0.218943 0.000000 0.548576 0.665556 0.590834 0.699909 0.686952 0.844395 0.862009 0.800429 0.283623 0.240749 0.369952 0.346725 0.369546 0.301499 0.561430 0.536310 0.560515 0.542146 0.599026 0.759681 0.657944 0.691204 0.555684 0.560531 0.430434 0.490279 0.409363 0.490898 0.429695 0.502462 0.450381 0.413476 0.291533 0.292567 0.737009 0.445471 0.344540 0.364060 0.558187 0.458736 0.768904 0.742000 0.375191 0.594610 0.449063 0.379713 0.435860 0.411060 0.605514 0.587473 0.546674 0.497389 0.847485 0.854112 0.997871 0.718241 0.601652 0.608044 0.600683 0.650048 0.524742 0.592425 0.443415 0.564530 0.391969 0.371855 0.613995 0.530560 0.522295 0.516395 0.334601 0.401629 0.672591 0.686081 0.994176 0.714392 0.686412 0.513704 0.480555 0.585924 0.640845 0.983423
0.695956 0.805471 0.602137 0.642442 0.967434 0.767822 0.535802 0.658329 0.866259 0.810163 0.811337 0.876891 0.889572 0.985420 0.834765 0.893765 0.828534 0.702617 0.727723 0.661160 0.836007 0.729950 0.614587 0.816150 0.636600 0.636050 0.959359 0.929671 0.809103 0.733389 0.504944 0.586522 0.602620 0.548576 0.000000 0.775959 0.633731 0.690747 0.762442 0.867081 0.942754 0.998139 0.541838 0.554485 0.473677 0.569945 0.673722 0.576229 0.752758 0.695087 0.688533 0.672524 0.738808 0.823742 0.792924 0.773234 0.782398 0.796905 0.671844 0.636804 0.685264 0.782435 0.714955 0.749199 0.722727 0.724329 0.482420 0.497521 0.864410 0.806669 0.621062 0.593578 0.746330 0.632263 0.951098 0.954453 0.713226 0.765434 0.709094 0.667205 0.712426 0.773918 0.930323 0.985871 0.855256 0.837286 0.865952 0.786874 0.985008 0.860162 0.694295 0.813098 0.692050 0.701187 0.715580 0.817708 0.657748 0.829976 0.556584 0.679004 0.766564 0.798511 0.734404 0.632959 0.596268 0.614890 0.722122 0.734722 0.789326 0.880139 0.633456 0.641737 0.757742 0.734113 0.858570 0.854331
0.772487 0.668961 0.685698 0.639024 0.991633 0.941885 0.575667 0.577098 0.785389 0.585544 0.756363 0.935449 0.909808 0.948281 0.969680 0.948021 0.735916 0.783040 0.651148 0.689017 0.930343 0.809038 0.801960 0.952646 0.982596 0.823577 0.794356 0.882225 0.870091 0.770945 0.652464 0.779460 0.616092 0.665556 0.775959 0.000000 0.824697 0.543723 0.892554 0.941822 0.946501 0.910025 0.563035 0.563671 0.485361 0.596446 0.618294 0.619779 0.647418 0.631186 0.688754 0.704379 0.810721 0.847977 0.873765 0.925357 0.702092 0.681300 0.594519 0.651548 0.834312 0.740336 0.769134 0.754911 0.813548 0.760725 0.488979 0.519301 0.868019 0.743992 0.504289 0.481238 0.907997 0.770169 0.996889 0.927308 0.594505 0.622637 0.705603 0.879814 0.777938 0.850536 0.911189 0.853219 0.923624 0.970272 0.829895 0.889785 0.924271 0.872546 0.608720 0.633167 0.591813 0.621118 0.866360 0.650839 0.689944 0.645634 0.495305 0.466404 0.552115 0.578297 0.600540 0.565537 0.677713 0.623060 0.661807 0.632897 0.912685 0.996470 0.679361 0.703661 0.646816 0.683980 0.728566 0.810105
0.530915 0.713313 0.650892 0.654562 0.767003 0.962210 0.664672 0.684565 0.970408 0.886088 0.649374 0.708287 0.741896 0.778645 0.800898 0.797623 0.755910 0.659890 0.634616 0.653572 0.719175 0.928019 0.653611 0.807305 0.733652 0.752332 0.922728 0.909700 0.628395 0.641519 0.597560 0.641292 0.607498 0.590834 0.633731 0.824697 0.000000 0.757084 0.708080 0.827954 0.843767 0.904518 0.722599 0.658112 0.687783 0.677933 0.652034 0.618408 0.866901 0.781686 0.802795 0.838932 0.866852 0.965264 0.794989 0.852515 0.723512 0.744599 0.677396 0.670633 0.631467 0.665525 0.661134 0.715323 0.701637 0.694955 0.634960 0.593218 0.791113 0.709838 0.642962 0.741644 0.708056 0.687212 0.872741 0.890967 0.587425 0.766816 0.756573 0.728863 0.691985 0.711347 0.849463 0.837151 0.794986 0.782295 0.947773 0.772155 0.999783 0.763272 0.937018 0.901002 0.866421 0.904214 0.773199 0.723662 0.763966 0.904963 0.715300 0.751916 0.963036 0.806051 0.619819 0.759628 0.623548 0.704640 0.954741 0.839205 0.956155 0.768360 0.814687 0.723286 0.761665 0.803110 0.772114 0.812723
0.675616 0.615686 0.777207 0.806847 0.953581 0.921458 0.790810 0.806362 0.982817 0.985491 0.757991 0.876874 0.997832 0.997525 0.963291 0.989351 0.637294 0.652241 0.801126 0.708998 0.877163 0.700108 0.939231 0.985654 0.774844 0.786386 0.968486 0.929280 0.765767 0.732770 0.705418 0.848902 0.717516 0.699909 0.690747 0.543723 0.757084 0.000000 0.754036 0.866224 0.782178 0.927170 0.710365 0.661757 0.594595 0.654533 0.709358 0.688238 0.763775 0.648318 0.648099 0.706398 0.742822 0.795079 0.835992 0.805519 0.614466 0.627396 0.699467 0.655770 0.788264 0.780921 0.652908 0.682319 0.788586 0.756465 0.606151 0.520691 0.766979 0.697849 0.630118 0.652482 0.714698 0.674810 0.999765 0.948104 0.834724 0.682882 0.827753 0.820950 0.696375 0.789820 0.796481 0.892852 0.872560 0.856570 0.888709 0.879729 0.993139 0.910119 0.865745 0.865825 0.819833 0.832105 0.873458 0.763897 0.847484 0.775787 0.746237 0.735980 0.816235 0.720739 0.699204 0.729172 0.763142 0.695796 0.791008 0.783118 0.854648 0.981524 0.664210 0.762391 0.866320 0.675442 0.848177 0.855360
