0.000000 0.142031 0.310191 0.285040 0.703849 0.553487 0.240673 0.189646 0.413622 0.327834 0.159211 0.124050 0.135328 0.219039 0.219435 0.214578 0.133025 0.109764 0.130733 0.132166 0.505729 0.898389 0.253967 0.450780 0.699851 0.652008 0.883564 0.868694 0.172030 0.141535 0.283771 0.354777 0.154298 0.160841 0.455690 0.629374 0.354506 0.412360 0.691983 0.666254 0.642108 0.493162 0.226810 0.196440 0.261185 0.195297 0.206630 0.201121 0.658031 0.342011 0.410991 0.314616 0.444581 0.513845 0.449365 0.461559 0.147729 0.139030 0.159508 0.165174 0.127816 0.167750 0.127364 0.120788 0.388595 0.266657 0.262214 0.245229 0.302063 0.193208 0.226483 0.251405 0.406687 0.390957 0.617669 0.588907 0.348002 0.286675 0.178087 0.179151 0.110299 0.165784 0.446926 0.312227 0.249087 0.443355 0.963657 0.867140 0.388242 0.490988 0.569408 0.661688 0.576631 0.778867 0.457442 0.451902 0.324937 0.541445 0.244325 0.239640 0.525261 0.624809 0.267306 0.285393 0.285217 0.298440 0.666343 0.583572 0.562874 0.345201 0.624432 0.328078 0.317646 0.453387 0.438589 0.964083
0.142031 0.000000 0.440594 0.389738 0.742988 0.588571 0.347795 0.251370 0.470137 0.375621 0.217823 0.136035 0.173622 0.200698 0.239993 0.236616 0.153297 0.127063 0.185555 0.168517 0.532685 0.944391 0.314316 0.476219 0.725002 0.720064 0.908443 0.939638 0.169527 0.169600 0.331906 0.413581 0.206513 0.233458 0.541255 0.636286 0.380185 0.459914 0.816199 0.705391 0.703600 0.449309 0.241634 0.215995 0.252356 0.197602 0.247659 0.217539 0.561237 0.345775 0.398190 0.327064 0.479525 0.571134 0.535654 0.505502 0.109696 0.098147 0.189366 0.191312 0.192971 0.210012 0.166575 0.132341 0.530275 0.398498 0.357980 0.326684 0.330124 0.216906 0.261548 0.277409 0.500777 0.488330 0.647147 0.589077 0.324402 0.315479 0.261453 0.228780 0.155352 0.219099 0.424711 0.328372 0.312751 0.489457 0.879094 0.834320 0.464764 0.530018 0.643022 0.729841 0.649543 0.857213 0.388916 0.529215 0.329494 0.440646 0.269849 0.256914 0.546266 0.708824 0.316475 0.279675 0.325602 0.318575 0.718906 0.608700 0.577095 0.392766 0.624634 0.363123 0.389275 0.435690 0.425059 0.868224
0.310191 0.440594 0.000000 0.133439 0.688106 0.542578 0.153654 0.203954 0.393980 0.355689 0.337758 0.340759 0.296478 0.409654 0.357443 0.343902 0.401583 0.347824 0.238657 0.295811 0.413492 0.836978 0.188337 0.354606 0.490980 0.383039 0.950012 0.912439 0.395252 0.311045 0.209100 0.311119 0.213640 0.238640 0.361449 0.654959 0.372503 0.465423 0.581592 0.595148 0.798575 0.619815 0.290141 0.289239 0.462030 0.421437 0.370093 0.314700 0.938964 0.571800 0.654741 0.539523 0.563320 0.483295 0.419393 0.558728 0.499523 0.474755 0.316079 0.325315 0.245031 0.337813 0.323471 0.356523 0.192936 0.174755 0.185526 0.214234 0.466079 0.291837 0.299871 0.359545 0.409697 0.416624 0.564050 0.785813 0.425013 0.394095 0.321799 0.421263 0.287075 0.243697 0.553064 0.330281 0.284661 0.393809 0.911437 0.941861 0.406049 0.453887 0.512524 0.573944 0.491531 0.664023 0.532934 0.572689 0.477815 0.697116 0.436721 0.386661 0.526339 0.460684 0.434752 0.328787 0.359819 0.395441 0.723484 0.616274 0.633105 0.439322 0.681078 0.543746 0.460056 0.598911 0.555318 0.964771
0.285040 0.389738 0.133439 0.000000 0.732062 0.473573 0.160764 0.152818 0.407620 0.286222 0.360144 0.283266 0.269279 0.334240 0.296608 0.279361 0.358634 0.310897 0.229889 0.267504 0.374970 0.791515 0.158993 0.306842 0.478778 0.360607 0.957153 0.990965 0.341164 0.259135 0.189576 0.259382 0.178777 0.193755 0.300078 0.609306 0.335382 0.461623 0.541640 0.612810 0.764885 0.555602 0.246107 0.252248 0.393556 0.361682 0.309247 0.258974 0.835759 0.497660 0.596609 0.476484 0.528306 0.481066 0.361592 0.498172 0.451527 0.411662 0.283394 0.285726 0.243252 0.288771 0.299451 0.297459 0.228095 0.181275 0.164516 0.168822 0.466955 0.270715 0.265772 0.346335 0.442683 0.519740 0.512808 0.733170 0.376826 0.394476 0.277813 0.383213 0.228066 0.180112 0.487955 0.255299 0.249209 0.333356 0.921893 0.976906 0.393113 0.383647 0.477900 0.550794 0.447890 0.641597 0.473219 0.520218 0.408249 0.646744 0.384455 0.307568 0.487496 0.465064 0.368265 0.291425 0.297778 0.335515 0.754085 0.630163 0.645227 0.415010 0.609047 0.450477 0.407230 0.499735 0.554140 0.962099
0.703849 0.742988 0.688106 0.732062 0.000000 0.906289 0.671156 0.672427 0.803967 0.713875 0.764625 0.742941 0.667279 0.737598 0.723976 0.699671 0.776078 0.764186 0.676946 0.802781 0.786380 0.875064 0.682950 0.774506 0.965547 0.970322 0.902048 0.881553 0.738872 0.775083 0.847246 0.914567 0.693429 0.747660 0.834602 0.827968 0.907792 0.676027 0.886103 0.738157 0.939064 0.747539 0.642283 0.667137 0.674110 0.680083 0.688421 0.686558 0.807474 0.748867 0.607800 0.638597 0.691721 0.655555 0.836870 0.786827 0.709557 0.773342 0.623861 0.659767 0.618409 0.628386 0.677125 0.679443 0.680565 0.666268 0.668073 0.653906 0.845569 0.778507 0.629208 0.741626 0.956753 0.924318 0.906260 0.897928 0.828052 0.869451 0.860606 0.816592 0.759085 0.812613 0.676951 0.801276 0.692511 0.748659 0.987402 0.957454 0.816915 0.747488 0.761188 0.736592 0.806626 0.841838 0.962666 0.830913 0.793625 0.830538 0.691156 0.643803 0.744311 0.757260 0.597443 0.654903 0.642389 0.729351 0.752922 0.707196 0.799789 0.864148 0.800765 0.806628 0.727903 0.773354 0.726395 0.980684
0.553487 0.588571 0.542578 0.473573 0.906289 0.000000 0.447932 0.407086 0.612013 0.441884 0.589618 0.532278 0.556127 0.649738 0.629682 0.591622 0.590448 0.538827 0.571239 0.549369 0.703937 0.951459 0.585564 0.760222 0.868430 0.605779 0.969754 0.820609 0.579025 0.575638 0.578725 0.644894 0.519447 0.535737 0.595354 0.817985 0.606927 0.856462 0.857020 0.825892 0.747303 0.584905 0.420549 0.506069 0.484747 0.511870 0.450629 0.508931 0.799993 0.705989 0.673561 0.607432 0.642715 0.672053 0.658487 0.631890 0.623196 0.619930 0.568383 0.582022 0.555914 0.582570 0.559120 0.557254 0.664754 0.541989 0.434334 0.447406 0.696709 0.579218 0.469485 0.470119 0.702660 0.777250 0.711616 0.846503 0.580235 0.588973 0.510302 0.683054 0.502683 0.514859 0.829267 0.551916 0.606242 0.762363 0.806840 0.812864 0.726951 0.712453 0.409887 0.478159 0.366679 0.581936 0.625125 0.733309 0.457383 0.747973 0.461954 0.460154 0.489636 0.495146 0.592893 0.460687 0.491035 0.532534 0.939385 0.648061 0.816171 0.610807 0.750257 0.511465 0.470300 0.660497 0.690909 0.923621
0.240673 0.347795 0.153654 0.160764 0.671156 0.447932 0.000000 0.119539 0.356256 0.214733 0.263637 0.260873 0.244317 0.352192 0.332147 0.319328 0.291710 0.255455 0.167366 0.248206 0.429286 0.831704 0.229883 0.472374 0.717209 0.572558 0.864932 0.854191 0.321089 0.257984 0.254850 0.330984 0.177096 0.167323 0.389791 0.647873 0.417402 0.461055 0.632957 0.599805 0.713530 0.530372 0.212407 0.183257 0.308180 0.298335 0.315522 0.248814 0.865769 0.544364 0.551763 0.463553 0.528483 0.435141 0.411652 0.599862 0.356405 0.369135 0.213879 0.270233 0.176553 0.291400 0.233646 0.263139 0.294871 0.199550 0.124895 0.135850 0.429130 0.271088 0.229799 0.248687 0.416661 0.448160 0.531258 0.711609 0.376023 0.312071 0.298995 0.379939 0.217294 0.222070 0.532928 0.343557 0.317252 0.492734 0.975026 0.801868 0.405439 0.557474 0.428974 0.473805 0.409192 0.570824 0.493193 0.514970 0.372664 0.607685 0.297879 0.269512 0.443426 0.348940 0.334295 0.238746 0.301347 0.308590 0.737207 0.554848 0.580698 0.376860 0.539575 0.400818 0.330683 0.451409 0.517004 0.936761
0.189646 0.251370 0.203954 0.152818 0.672427 0.407086 0.119539 0.000000 0.355222 0.184729 0.266238 0.182248 0.190460 0.259813 0.255870 0.240784 0.226543 0.200315 0.174551 0.205275 0.425532 0.828583 0.203504 0.414382 0.697266 0.563264 0.856399 0.945255 0.254694 0.195407 0.256371 0.324945 0.149552 0.141096 0.355310 0.576380 0.373044 0.416510 0.683004 0.597091 0.664086 0.499271 0.167078 0.169393 0.229995 0.226524 0.250646 0.209150 0.714359 0.422247 0.437176 0.358772 0.439644 0.419880 0.414559 0.500155 0.283390 0.272760 0.193473 0.223831 0.158719 0.194475 0.196422 0.172061 0.322404 0.202850 0.128377 0.139262 0.436436 0.230390 0.218332 0.268758 0.441863 0.507123 0.561789 0.639711 0.323755 0.278500 0.228697 0.351732 0.162150 0.177899 0.455953 0.290542 0.263908 0.429247 0.962371 0.832999 0.397792 0.457836 0.362319 0.432665 0.358087 0.562233 0.404073 0.419969 0.285925 0.502454 0.213594 0.176186 0.359161 0.412106 0.275999 0.189752 0.217469 0.269678 0.706223 0.491526 0.565425 0.332201 0.521465 0.328153 0.277633 0.398737 0.471809 0.936961
0.413622 0.470137 0.393980 0.407620 0.803967 0.612013 0.356256 0.355222 0.000000 0.358508 0.384787 0.379313 0.391783 0.482267 0.476171 0.427395 0.452350 0.426691 0.401876 0.369211 0.684803 0.963409 0.413207 0.638382 0.745719 0.680640 0.944105 0.839589 0.437396 0.406682 0.430067 0.532769 0.392460 0.405516 0.552983 0.733153 0.505751 0.561479 0.839086 0.766287 0.822818 0.758448 0.419473 0.403702 0.461663 0.459945 0.443573 0.440104 0.868154 0.604476 0.583491 0.534379 0.636790 0.646881 0.645879 0.659551 0.454320 0.484541 0.433699 0.448330 0.334750 0.348433 0.432903 0.434310 0.411753 0.361579 0.391739 0.386284 0.442813 0.453866 0.413542 0.521927 0.366952 0.370398 0.711789 0.608625 0.485091 0.399299 0.536842 0.509580 0.442024 0.476946 0.650116 0.595653 0.516215 0.675631 0.973344 0.709345 0.620931 0.673896 0.562809 0.561606 0.553222 0.641078 0.624009 0.540559 0.591703 0.803386 0.375249 0.401573 0.520739 0.530579 0.513870 0.388868 0.490712 0.487118 0.729300 0.581601 0.659209 0.513901 0.545418 0.575105 0.436440 0.711419 0.572885 0.904252
0.327834 0.375621 0.355689 0.286222 0.713875 0.441884 0.214733 0.184729 0.358508 0.000000 0.315034 0.287660 0.329122 0.383095 0.383921 0.361739 0.303600 0.307358 0.297347 0.343947 0.547564 0.786660 0.363648 0.576381 0.867866 0.661576 0.850121 0.946072 0.348503 0.289109 0.383058 0.426967 0.270421 0.254658 0.409478 0.667762 0.496579 0.520633 0.768389 0.654250 0.764703 0.504947 0.296263 0.303318 0.347863 0.367620 0.433601 0.346053 0.831745 0.571834 0.545771 0.473586 0.583185 0.509291 0.536674 0.574425 0.389133 0.419192 0.324228 0.378063 0.283547 0.306951 0.326762 0.293698 0.447847 0.292740 0.253551 0.276412 0.461478 0.315522 0.336890 0.356919 0.401293 0.497842 0.594626 0.568148 0.397606 0.313018 0.390219 0.429372 0.272884 0.311552 0.578107 0.383425 0.460535 0.642653 0.951868 0.732962 0.542175 0.655311 0.396337 0.411325 0.378354 0.504450 0.523574 0.456574 0.396560 0.561142 0.256190 0.245140 0.411840 0.372535 0.387716 0.245093 0.343860 0.354025 0.759979 0.513939 0.691651 0.445575 0.570896 0.402034 0.340537 0.425370 0.538399 0.975332
0.159211 0.217823 0.337758 0.360144 0.764625 0.589618 0.263637 0.266238 0.384787 0.315034 0.000000 0.151129 0.157872 0.229115 0.249340 0.220242 0.148027 0.131672 0.152248 0.154034 0.510204 0.970059 0.295215 0.464158 0.785112 0.696754 0.915423 0.854503 0.187928 0.145140 0.294360 0.334158 0.214952 0.186018 0.545566 0.693025 0.431637 0.477234 0.793025 0.671782 0.608624 0.522731 0.322945 0.266769 0.422715 0.356985 0.348620 0.304885 0.916868 0.571641 0.625169 0.538225 0.637444 0.684716 0.588728 0.663426 0.178701 0.230247 0.252235 0.308960 0.169197 0.252301 0.157680 0.179834 0.428326 0.291059 0.326058 0.345441 0.291238 0.272809 0.279363 0.289836 0.381372 0.382758 0.696182 0.602845 0.369151 0.263121 0.257139 0.218222 0.179909 0.241963 0.417848 0.368182 0.379832 0.576729 0.947817 0.796395 0.508620 0.688677 0.679929 0.753092 0.698828 0.834394 0.529672 0.589770 0.466456 0.620362 0.375005 0.350420 0.606932 0.594139 0.350045 0.303654 0.422937 0.358300 0.730981 0.662004 0.654269 0.405264 0.674054 0.425659 0.405754 0.520391 0.482524 0.987484
0.124050 0.136035 0.340759 0.283266 0.742941 0.532278 0.260873 0.182248 0.379313 0.287660 0.151129 0.000000 0.113719 0.132717 0.154252 0.139254 0.110481 0.085747 0.133982 0.123413 0.506090 0.884726 0.228288 0.390770 0.713183 0.654124 0.921319 0.990391 0.123130 0.091612 0.271514 0.311911 0.152446 0.161464 0.479156 0.639792 0.357686 0.428571 0.733324 0.617065 0.646138 0.464849 0.242097 0.206207 0.293454 0.236307 0.240034 0.216580 0.674238 0.411842 0.461884 0.384534 0.527427 0.581935 0.507039 0.534086 0.134066 0.141510 0.191105 0.211992 0.136540 0.149300 0.112376 0.091953 0.416199 0.264821 0.286891 0.271970 0.331930 0.206409 0.238973 0.277870 0.448281 0.471869 0.655898 0.542132 0.299106 0.239648 0.187500 0.212781 0.122693 0.176244 0.341189 0.274317 0.271187 0.432133 0.964966 0.863670 0.427631 0.525518 0.611828 0.695656 0.625142 0.834228 0.394092 0.477059 0.369128 0.473580 0.266116 0.233157 0.528569 0.633085 0.282977 0.241855 0.290938 0.291979 0.710773 0.578529 0.582469 0.318814 0.593216 0.344522 0.332007 0.430786 0.425885 0.947297
0.135328 0.173622 0.296478 0.269279 0.667279 0.556127 0.244317 0.190460 0.391783 0.329122 0.157872 0.113719 0.000000 0.129151 0.114621 0.125981 0.148669 0.124670 0.141553 0.166091 0.439908 0.883281 0.174378 0.313617 0.660004 0.635047 0.952996 0.931315 0.151754 0.120772 0.243122 0.310291 0.170426 0.173471 0.505161 0.649824 0.316602 0.370182 0.691185 0.620369 0.642735 0.470354 0.235811 0.199860 0.317829 0.265225 0.228693 0.204938 0.719039 0.433562 0.474961 0.385448 0.542568 0.565830 0.512392 0.553686 0.160024 0.172864 0.203032 0.234628 0.118869 0.165327 0.107864 0.108811 0.332272 0.251201 0.272924 0.275817 0.404558 0.264001 0.238432 0.298196 0.477871 0.471019 0.677024 0.571170 0.369578 0.274842 0.210990 0.244172 0.144995 0.198980 0.316954 0.292973 0.216774 0.366112 0.978325 0.943151 0.411417 0.451621 0.631132 0.708654 0.637846 0.841190 0.417164 0.470573 0.386687 0.489973 0.307927 0.268152 0.555787 0.614288 0.261867 0.248661 0.300189 0.270573 0.687916 0.562784 0.562841 0.346821 0.622432 0.389306 0.387163 0.446809 0.425927 0.997597
0.219039 0.200698 0.409654 0.334240 0.737598 0.649738 0.352192 0.259813 0.482267 0.383095 0.229115 0.132717 0.129151 0.000000 0.117518 0.115455 0.188616 0.167054 0.201595 0.217052 0.479406 0.846150 0.199570 0.277370 0.683896 0.680667 0.940821 0.934162 0.146241 0.135987 0.271267 0.296965 0.217491 0.221098 0.508843 0.646779 0.361512 0.415183 0.702814 0.592766 0.693861 0.474496 0.301619 0.261633 0.378117 0.330352 0.276039 0.240110 0.675696 0.473174 0.496737 0.448134 0.569943 0.636746 0.549036 0.579418 0.191923 0.206966 0.253821 0.295989 0.185832 0.205862 0.146080 0.123670 0.405109 0.311629 0.334070 0.331278 0.468805 0.323082 0.328049 0.409660 0.583550 0.622406 0.733561 0.591074 0.374711 0.291229 0.264792 0.305945 0.208267 0.246863 0.233270 0.327511 0.244769 0.338645 0.936368 0.972622 0.473219 0.470507 0.740020 0.827286 0.750238 0.973063 0.421777 0.519570 0.465867 0.429129 0.379616 0.314874 0.585355 0.714250 0.280182 0.302228 0.334768 0.299805 0.761375 0.614109 0.602289 0.388309 0.628491 0.423503 0.461632 0.486874 0.440262 0.965526
0.219435 0.239993 0.357443 0.296608 0.723976 0.629682 0.332147 0.255870 0.476171 0.383921 0.249340 0.154252 0.114621 0.117518 0.000000 0.124921 0.219160 0.191732 0.223226 0.243909 0.437952 0.818367 0.174047 0.279181 0.630994 0.610020 0.966616 0.976385 0.205704 0.157895 0.263659 0.318922 0.226599 0.239763 0.515353 0.713483 0.308772 0.410218 0.714649 0.566751 0.693416 0.509251 0.299318 0.251919 0.375959 0.322319 0.287383 0.239154 0.684203 0.447438 0.488889 0.406231 0.552167 0.580000 0.508712 0.538328 0.236456 0.232549 0.276601 0.298150 0.182699 0.195052 0.175994 0.153703 0.334275 0.279381 0.343645 0.342843 0.497850 0.325329 0.315288 0.378067 0.541761 0.585106 0.716267 0.593835 0.399225 0.314437 0.265891 0.309928 0.215242 0.242918 0.300292 0.327702 0.222272 0.326321 0.875568 0.921746 0.397254 0.397494 0.694827 0.768304 0.699273 0.919414 0.406865 0.472356 0.443766 0.490123 0.355590 0.302299 0.589986 0.679993 0.291829 0.299401 0.317514 0.306800 0.697316 0.563873 0.620404 0.411776 0.683946 0.416049 0.447922 0.489811 0.455628 0.959770
0.214578 0.236616 0.343902 0.279361 0.699671 0.591622 0.319328 0.240784 0.427395 0.361739 0.220242 0.139254 0.125981 0.115455 0.124921 0.000000 0.196858 0.164879 0.190399 0.208352 0.450241 0.879249 0.163785 0.266350 0.620662 0.595660 0.996494 0.969029 0.152723 0.130969 0.238378 0.272594 0.197266 0.206091 0.506785 0.703789 0.324714 0.422886 0.652400 0.529379 0.687359 0.457922 0.284719 0.242364 0.392848 0.326708 0.264517 0.233939 0.741107 0.475228 0.527274 0.458891 0.577374 0.625014 0.542871 0.564358 0.223808 0.227488 0.252631 0.288622 0.166964 0.181967 0.158558 0.129416 0.348804 0.248660 0.303879 0.309938 0.410019 0.297546 0.297138 0.353580 0.534006 0.604895 0.685284 0.581892 0.381354 0.277270 0.242145 0.280667 0.192574 0.215365 0.249381 0.270916 0.236089 0.304983 0.945848 0.952774 0.439962 0.423585 0.703368 0.782295 0.710804 0.927222 0.440073 0.482359 0.471180 0.491274 0.385719 0.325718 0.593642 0.647170 0.274414 0.280445 0.309040 0.289358 0.695415 0.661188 0.617317 0.396484 0.725380 0.445961 0.464488 0.493732 0.458942 0.987089
0.133025 0.153297 0.401583 0.358634 0.776078 0.590448 0.291710 0.226543 0.452350 0.303600 0.148027 0.110481 0.148669 0.188616 0.219160 0.196858 0.000000 0.092624 0.151653 0.152193 0.525413 0.867821 0.304142 0.478911 0.803482 0.735218 0.920272 0.921535 0.136900 0.116168 0.319673 0.331620 0.191128 0.161095 0.534884 0.669196 0.402539 0.479574 0.780667 0.642423 0.630743 0.469565 0.292237 0.229154 0.327069 0.278467 0.289997 0.269214 0.741910 0.460142 0.535381 0.433767 0.593521 0.633018 0.569105 0.582589 0.129594 0.144249 0.197951 0.226112 0.176373 0.205971 0.137939 0.122847 0.490853 0.319662 0.324843 0.307852 0.312615 0.211402 0.283934 0.288111 0.438015 0.447567 0.670431 0.520115 0.336017 0.258605 0.192814 0.186710 0.122066 0.189569 0.392747 0.313145 0.342639 0.514927 0.963216 0.841251 0.468359 0.604416 0.667932 0.732976 0.676246 0.824445 0.414451 0.488343 0.367689 0.466841 0.309466 0.261405 0.617401 0.643824 0.290402 0.265811 0.354985 0.296794 0.753692 0.618107 0.623141 0.337960 0.621180 0.345846 0.405347 0.382261 0.509303 0.877059
0.109764 0.127063 0.347824 0.310897 0.764186 0.538827 0.255455 0.200315 0.426691 0.307358 0.131672 0.085747 0.124670 0.167054 0.191732 0.164879 0.092624 0.000000 0.122624 0.117619 0.482097 0.918078 0.265350 0.441310 0.754007 0.689738 0.910606 0.953046 0.120357 0.096564 0.285280 0.326004 0.153661 0.155562 0.504990 0.674026 0.379816 0.453103 0.759798 0.622482 0.651897 0.457101 0.245324 0.190152 0.302126 0.231975 0.241741 0.215181 0.713303 0.428717 0.500773 0.405357 0.544628 0.589888 0.508372 0.549404 0.115372 0.124020 0.175778 0.196211 0.140346 0.183279 0.107602 0.097203 0.450350 0.293941 0.287417 0.279941 0.290417 0.197062 0.250251 0.242819 0.449293 0.447490 0.629437 0.581836 0.299789 0.240074 0.176256 0.185383 0.108710 0.166779 0.379358 0.281382 0.299495 0.476709 0.984460 0.821210 0.455335 0.558796 0.625735 0.706952 0.631921 0.823444 0.399472 0.492674 0.363877 0.482329 0.289604 0.249983 0.580245 0.627990 0.273988 0.257475 0.302689 0.285329 0.732470 0.644168 0.593059 0.323356 0.641414 0.337240 0.335171 0.407116 0.441159 0.927802
0.130733 0.185555 0.238657 0.229889 0.676946 0.571239 0.167366 0.174551 0.401876 0.297347 0.152248 0.133982 0.141553 0.201595 0.223226 0.190399 0.151653 0.122624 0.000000 0.135079 0.450962 0.865600 0.210835 0.402274 0.674967 0.624024 0.894069 0.854755 0.169905 0.132395 0.223238 0.282985 0.147112 0.132046 0.439828 0.628348 0.381508 0.414491 0.629543 0.588175 0.705073 0.472003 0.218035 0.171878 0.317205 0.266969 0.246846 0.184559 0.780095 0.442851 0.511791 0.418129 0.544369 0.532729 0.483000 0.608370 0.188469 0.206518 0.160539 0.191217 0.118903 0.208985 0.122415 0.140831 0.356838 0.227550 0.218142 0.203157 0.309326 0.205943 0.205868 0.237758 0.427593 0.425305 0.565212 0.599362 0.349462 0.271029 0.225127 0.216134 0.137285 0.173854 0.375086 0.294515 0.277344 0.442602 0.984430 0.827076 0.419088 0.556037 0.628597 0.712432 0.632064 0.819505 0.465105 0.511061 0.382775 0.501793 0.313688 0.276335 0.568395 0.566857 0.288430 0.254983 0.313056 0.278014 0.648275 0.617515 0.542914 0.327344 0.599058 0.370824 0.381070 0.462688 0.455200 0.969702
0.132166 0.168517 0.295811 0.267504 0.802781 0.549369 0.248206 0.205275 0.369211 0.343947 0.154034 0.123413 0.166091 0.217052 0.243909 0.208352 0.152193 0.117619 0.135079 0.000000 0.455781 0.908170 0.250713 0.404392 0.651002 0.584237 0.928581 0.928700 0.168334 0.117940 0.236776 0.267319 0.165416 0.154691 0.487721 0.660960 0.388196 0.484346 0.763906 0.669636 0.655190 0.552977 0.245909 0.217024 0.339204 0.259490 0.248962 0.237219 0.767346 0.427980 0.536682 0.447144 0.549484 0.603844 0.498634 0.537600 0.181004 0.183953 0.203762 0.213679 0.171064 0.208274 0.156865 0.152760 0.430240 0.287420 0.278415 0.262711 0.280936 0.214848 0.239036 0.269870 0.360133 0.379040 0.650549 0.587344 0.337009 0.270959 0.204560 0.182099 0.136689 0.163307 0.437467 0.310783 0.318059 0.485492 0.940925 0.837543 0.424294 0.583692 0.644790 0.739783 0.653674 0.860133 0.427880 0.559093 0.398476 0.573589 0.328844 0.289536 0.563421 0.636695 0.343723 0.299164 0.350267 0.297131 0.673613 0.658063 0.547647 0.312315 0.626215 0.388626 0.364446 0.483844 0.444136 0.932941
0.505729 0.532685 0.413492 0.374970 0.786380 0.703937 0.429286 0.425532 0.684803 0.547564 0.510204 0.506090 0.439908 0.479406 0.437952 0.450241 0.525413 0.482097 0.450962 0.455781 0.000000 0.811477 0.384439 0.433865 0.567053 0.572541 0.952959 0.953953 0.545407 0.475352 0.405535 0.526485 0.464450 0.419284 0.553064 0.756966 0.473916 0.486268 0.685145 0.686198 0.688752 0.643325 0.435286 0.414235 0.601872 0.551146 0.501660 0.458993 0.915938 0.629127 0.748540 0.683278 0.789982 0.664044 0.513914 0.702794 0.563102 0.522283 0.478478 0.504935 0.484625 0.530113 0.484549 0.474980 0.463302 0.501362 0.447854 0.474375 0.639586 0.540724 0.449639 0.492356 0.641268 0.730620 0.721454 0.854477 0.531050 0.498637 0.508729 0.541868 0.468330 0.425143 0.541767 0.508543 0.454730 0.556662 0.941998 0.986528 0.617028 0.542295 0.675498 0.742820 0.673150 0.830561 0.578898 0.613238 0.529093 0.732744 0.653534 0.525209 0.725973 0.633176 0.480741 0.450843 0.485838 0.437254 0.854509 0.704213 0.580165 0.582563 0.798567 0.635943 0.580364 0.650395 0.622828 0.879657
0.898389 0.944391 0.836978 0.791515 0.875064 0.951459 0.831704 0.828583 0.963409 0.786660 0.970059 0.884726 0.883281 0.846150 0.818367 0.879249 0.867821 0.918078 0.865600 0.908170 0.811477 0.000000 0.769113 0.870878 0.991010 0.856043 0.905176 0.960541 0.867817 0.851610 0.852484 0.785301 0.847823 0.836316 0.843665 0.791242 0.849527 0.801288 0.887371 0.766779 0.800006 0.842036 0.790403 0.825342 0.860945 0.887306 0.922691 0.892503 0.862875 0.883038 0.907956 0.840490 0.901298 0.763998 0.845091 0.930357 0.948895 0.983252 0.859000 0.926280 0.891407 0.925198 0.909490 0.896987 0.813111 0.837048 0.804258 0.810738 0.984211 0.876255 0.822425 0.879682 0.873139 0.927093 0.889100 0.708210 0.904722 0.889682 0.905243 0.836777 0.892249 0.891478 0.872958 0.883761 0.844500 0.820245 0.954181 0.828052 0.857212 0.863184 0.926239 0.954644 0.944779 0.898267 0.874282 0.792705 0.950540 0.871230 0.824842 0.785502 0.862683 0.781315 0.845701 0.743541 0.875036 0.733462 0.950742 0.834934 0.996106 0.856247 0.855714 0.872345 0.859790 0.920219 0.777632 0.965861
0.253967 0.314316 0.188337 0.158993 0.682950 0.585564 0.229883 0.203504 0.413207 0.363648 0.295215 0.228288 0.174378 0.199570 0.174047 0.163785 0.304142 0.265350 0.210835 0.250713 0.384439 0.769113 0.000000 0.197398 0.467668 0.411975 0.974620 0.981758 0.251817 0.209454 0.148646 0.220981 0.180767 0.198936 0.392311 0.608552 0.280633 0.376399 0.550718 0.535337 0.805652 0.493160 0.248671 0.239479 0.404277 0.343697 0.264070 0.230229 0.781187 0.482384 0.545597 0.449354 0.497991 0.515099 0.419324 0.509114 0.352363 0.339715 0.258020 0.283752 0.178618 0.228699 0.212533 0.219654 0.200176 0.174777 0.212295 0.227105 0.479949 0.304490 0.273750 0.388675 0.485067 0.562280 0.649789 0.704159 0.411328 0.350149 0.284170 0.351226 0.213713 0.199730 0.322204 0.249968 0.153026 0.219394 0.943313 0.893136 0.337859 0.340996 0.642009 0.732839 0.627322 0.866746 0.433831 0.466589 0.434397 0.540784 0.406029 0.336059 0.541465 0.596382 0.326595 0.286682 0.339711 0.273066 0.703553 0.589951 0.611884 0.435830 0.696869 0.481330 0.460871 0.563214 0.439885 0.996605
0.450780 0.476219 0.354606 0.306842 0.774506 0.760222 0.472374 0.414382 0.638382 0.576381 0.464158 0.390770 0.313617 0.277370 0.279181 0.266350 0.478911 0.441310 0.402274 0.404392 0.433865 0.870878 0.197398 0.000000 0.376022 0.393658 0.970312 0.859904 0.380807 0.341077 0.264607 0.289727 0.345215 0.375265 0.469124 0.689064 0.402501 0.519125 0.570043 0.642330 0.879119 0.611089 0.460940 0.452911 0.630408 0.568830 0.431977 0.421052 0.862047 0.643638 0.739438 0.674147 0.697449 0.756505 0.571437 0.636317 0.523091 0.492591 0.472267 0.484080 0.384744 0.395863 0.377211 0.384457 0.328442 0.334288 0.424494 0.460322 0.634042 0.477477 0.483046 0.608539 0.627242 0.719032 0.781108 0.738659 0.569020 0.493700 0.433630 0.488390 0.385193 0.335949 0.334530 0.352434 0.277896 0.225362 0.848334 0.704011 0.474386 0.380273 0.879909 0.995380 0.870107 0.894428 0.538940 0.641101 0.646077 0.585197 0.675890 0.566082 0.723754 0.838682 0.531603 0.490581 0.525669 0.498028 0.795086 0.757680 0.678465 0.585380 0.826716 0.647504 0.701294 0.702468 0.605688 0.928026
0.699851 0.725002 0.490980 0.478778 0.965547 0.868430 0.717209 0.697266 0.745719 0.867866 0.785112 0.713183 0.660004 0.683896 0.630994 0.620662 0.803482 0.754007 0.674967 0.651002 0.567053 0.991010 0.467668 0.376022 0.000000 0.275290 0.872320 0.825684 0.738101 0.679919 0.419069 0.585454 0.633483 0.686444 0.557011 0.852029 0.544972 0.764300 0.548015 0.859679 0.925019 0.887981 0.697477 0.734545 0.862273 0.783386 0.618904 0.678112 0.963726 0.720377 0.934068 0.799960 0.834954 0.901806 0.656247 0.702790 0.866131 0.736795 0.746959 0.653429 0.707009 0.688195 0.756613 0.741676 0.489766 0.579965 0.700840 0.687134 0.722625 0.698781 0.697017 0.741244 0.605052 0.705252 0.778614 0.973522 0.748003 0.798062 0.694287 0.685767 0.670251 0.578127 0.747533 0.606848 0.537753 0.463462 0.946490 0.913003 0.677943 0.511053 0.949316 0.968135 0.882234 0.920153 0.713227 0.834305 0.778801 0.879954 0.876263 0.854509 0.959605 0.995407 0.919502 0.805983 0.735236 0.756900 0.848541 0.930353 0.785531 0.719955 0.984095 0.887511 0.894874 0.965291 0.800633 0.909445
0.652008 0.720064 0.383039 0.360607 0.970322 0.605779 0.572558 0.563264 0.680640 0.661576 0.696754 0.654124 0.635047 0.680667 0.610020 0.595660 0.735218 0.689738 0.624024 0.584237 0.572541 0.856043 0.411975 0.393658 0.275290 0.000000 0.809337 0.758900 0.661893 0.619695 0.378807 0.452729 0.517263 0.538239 0.398182 0.786987 0.513413 0.795302 0.552450 0.692856 0.969422 0.779519 0.553880 0.615951 0.742167 0.667758 0.519376 0.570992 0.895985 0.677902 0.824446 0.706920 0.645420 0.736560 0.499790 0.527224 0.850767 0.757989 0.621270 0.595745 0.618039 0.615040 0.681096 0.694825 0.364942 0.398384 0.508771 0.502224 0.696410 0.585771 0.637080 0.676681 0.517043 0.665947 0.678408 0.894729 0.627543 0.717663 0.626111 0.624567 0.561130 0.474755 0.748785 0.497535 0.449298 0.415046 0.961970 0.859099 0.510730 0.451562 0.786199 0.848448 0.708159 0.927634 0.635312 0.781332 0.704238 0.853429 0.742904 0.653397 0.757931 0.805725 0.794208 0.619969 0.660177 0.684262 0.849627 0.836544 0.889242 0.737653 0.988663 0.757459 0.743592 0.872972 0.638486 0.972478
0.883564 0.908443 0.950012 0.957153 0.902048 0.969754 0.864932 0.856399 0.944105 0.850121 0.915423 0.921319 0.952996 0.940821 0.966616 0.996494 0.920272 0.910606 0.894069 0.928581 0.952959 0.905176 0.974620 0.970312 0.872320 0.809337 0.000000 0.900605 0.984172 0.928161 0.929075 0.927537 0.920177 0.932453 0.897428 0.921092 0.966790 0.871449 0.927321 0.893788 0.837803 0.973810 0.972236 0.999880 0.908169 0.909112 0.987519 0.942856 0.971022 0.946713 0.849865 0.952047 0.966652 0.935319 0.923029 0.967608 0.909748 0.960199 0.916475 0.937740 0.891698 0.870789 0.897659 0.886464 0.986201 0.952156 0.904991 0.914608 0.961801 0.990019 0.945369 0.895366 0.945947 0.960933 0.992627 0.871848 0.938836 0.850224 0.984597 0.950330 0.919693 0.914774 0.961826 0.989370 0.981288 0.959255 0.990894 0.898868 0.887597 0.912542 0.746116 0.784318 0.812914 0.770287 0.939543 0.889545 0.898622 0.890906 0.833070 0.865719 0.931358 0.974881 0.848594 0.984026 0.794971 0.990868 0.922894 0.907055 0.793423 0.749067 0.828398 0.902871 0.780339 0.978722 0.983382 0.890751
0.868694 0.939638 0.912439 0.990965 0.881553 0.820609 0.854191 0.945255 0.839589 0.946072 0.854503 0.990391 0.931315 0.934162 0.976385 0.969029 0.921535 0.953046 0.854755 0.928700 0.953953 0.960541 0.981758 0.859904 0.825684 0.758900 0.900605 0.000000 0.982061 0.962214 0.968183 0.981365 0.974022 0.912381 0.968418 0.933969 0.940256 0.912370 0.865659 0.856081 0.976055 0.960820 0.945886 0.937041 0.883701 0.912811 0.955072 0.887674 0.942645 0.869497 0.928644 0.885542 0.907897 0.841668 0.981305 0.965255 0.891605 0.939466 0.907008 0.916757 0.872045 0.931800 0.955212 0.977254 0.949309 0.954873 0.891466 0.932187 0.897908 0.928919 0.882465 0.863666 0.887226 0.766978 0.924705 0.981805 0.963630 0.956068 0.964963 0.910228 0.945971 0.989250 0.990398 0.998249 0.991772 0.909035 0.960404 0.953736 0.918417 0.965970 0.957149 0.946115 0.998872 0.925662 0.982986 0.888153 0.883303 0.856357 0.914450 0.993079 0.884697 0.925116 0.861603 0.983557 0.977633 0.883215 0.803019 0.931694 0.891423 0.983346 0.868818 0.932111 0.959921 0.970650 0.919684 0.912049
0.172030 0.169527 0.395252 0.341164 0.738872 0.579025 0.321089 0.254694 0.437396 0.348503 0.187928 0.123130 0.151754 0.146241 0.205704 0.152723 0.136900 0.120357 0.169905 0.168334 0.545407 0.867817 0.251817 0.380807 0.738101 0.661893 0.984172 0.982061 0.000000 0.116428 0.271892 0.285971 0.171159 0.182143 0.518546 0.684083 0.416266 0.524192 0.724907 0.602669 0.740318 0.464876 0.293397 0.245396 0.362860 0.293045 0.245524 0.211178 0.704165 0.467342 0.518430 0.434458 0.553258 0.621684 0.543021 0.538623 0.160218 0.189374 0.208345 0.244855 0.166484 0.191601 0.133407 0.128925 0.441769 0.288082 0.304796 0.294174 0.313636 0.230538 0.306745 0.366640 0.482798 0.504278 0.684285 0.558175 0.367671 0.275315 0.211625 0.221417 0.143822 0.202496 0.332160 0.287099 0.290751 0.408429 0.982485 0.904908 0.480225 0.517631 0.726559 0.797072 0.719998 0.943832 0.408130 0.551630 0.425311 0.477770 0.362587 0.294974 0.596598 0.643977 0.289200 0.268068 0.354493 0.307606 0.744875 0.721733 0.664663 0.364359 0.619147 0.444485 0.429321 0.406791 0.451603 0.924216
0.141535 0.169600 0.311045 0.259135 0.775083 0.575638 0.257984 0.195407 0.406682 0.289109 0.145140 0.091612 0.120772 0.135987 0.157895 0.130969 0.116168 0.096564 0.132395 0.117940 0.475352 0.851610 0.209454 0.341077 0.679919 0.619695 0.928161 0.962214 0.116428 0.000000 0.236365 0.240817 0.151246 0.143107 0.481764 0.685231 0.351268 0.469162 0.726144 0.602050 0.696680 0.503971 0.282369 0.222398 0.362955 0.285664 0.276801 0.226709 0.782456 0.459358 0.548429 0.447648 0.566664 0.602276 0.507875 0.546131 0.172904 0.180295 0.208927 0.235140 0.146811 0.172843 0.127755 0.108010 0.400938 0.254194 0.282254 0.279737 0.307040 0.202534 0.268684 0.301435 0.427157 0.453121 0.606646 0.552538 0.350962 0.243666 0.170096 0.187783 0.118194 0.151193 0.344077 0.257513 0.289881 0.409577 0.903723 0.932264 0.428644 0.542731 0.672870 0.756341 0.681172 0.876451 0.403350 0.510142 0.426275 0.507104 0.344005 0.279216 0.590693 0.621612 0.302127 0.264958 0.333076 0.279037 0.703867 0.680278 0.626686 0.309145 0.651194 0.390548 0.398204 0.426408 0.474291 0.972257
0.283771 0.331906 0.209100 0.189576 0.847246 0.578725 0.254850 0.256371 0.430067 0.383058 0.294360 0.271514 0.243122 0.271267 0.263659 0.238378 0.319673 0.285280 0.223238 0.236776 0.405535 0.852484 0.148646 0.264607 0.419069 0.378807 0.929075 0.968183 0.271892 0.236365 0.000000 0.186869 0.200454 0.216937 0.410140 0.659988 0.311960 0.496757 0.542202 0.644924 0.760137 0.579272 0.292053 0.274833 0.461478 0.404449 0.325163 0.283361 0.865930 0.562076 0.661537 0.549854 0.561643 0.595130 0.449877 0.562656 0.384552 0.364581 0.307877 0.322531 0.241557 0.305242 0.278534 0.289497 0.285397 0.220614 0.266457 0.274513 0.384716 0.314224 0.318156 0.363772 0.387883 0.460596 0.613525 0.744255 0.433818 0.344444 0.312662 0.308225 0.240642 0.212304 0.427998 0.285686 0.252244 0.327357 0.932746 0.993514 0.375739 0.459874 0.722885 0.807325 0.680408 0.890363 0.484216 0.574955 0.420709 0.639917 0.486156 0.433656 0.604250 0.576881 0.450742 0.365032 0.430064 0.346658 0.668407 0.695207 0.670236 0.448134 0.732006 0.536941 0.531071 0.540653 0.550605 0.993371
0.354777 0.413581 0.311119 0.259382 0.914567 0.644894 0.330984 0.324945 0.532769 0.426967 0.334158 0.311911 0.310291 0.296965 0.318922 0.272594 0.331620 0.326004 0.282985 0.267319 0.526485 0.785301 0.220981 0.289727 0.585454 0.452729 0.927537 0.981365 0.285971 0.240817 0.186869 0.000000 0.269752 0.225701 0.516370 0.696002 0.444943 0.642548 0.618063 0.635769 0.819634 0.660687 0.379923 0.343403 0.564864 0.502592 0.420284 0.340994 0.982399 0.663804 0.775650 0.675827 0.680682 0.687968 0.543370 0.663217 0.428304 0.441261 0.365110 0.410671 0.318063 0.384975 0.302170 0.331224 0.401594 0.281872 0.313358 0.334202 0.491726 0.348897 0.419309 0.467975 0.473224 0.546707 0.607295 0.668117 0.527509 0.387683 0.315046 0.332237 0.269041 0.247025 0.414749 0.279539 0.339671 0.358571 0.888978 0.905348 0.407687 0.547900 0.832456 0.951783 0.825860 0.975825 0.519356 0.658990 0.581056 0.639239 0.598111 0.494674 0.711957 0.679184 0.504266 0.412763 0.546032 0.404069 0.784210 0.854223 0.758476 0.484387 0.747112 0.577124 0.630226 0.567444 0.609663 0.938287
0.154298 0.206513 0.213640 0.178777 0.693429 0.519447 0.177096 0.149552 0.392460 0.270421 0.214952 0.152446 0.170426 0.217491 0.226599 0.197266 0.191128 0.153661 0.147112 0.165416 0.464450 0.847823 0.180767 0.345215 0.633483 0.517263 0.920177 0.974022 0.171159 0.151246 0.200454 0.269752 0.000000 0.134504 0.368279 0.582506 0.370366 0.439547 0.645795 0.554316 0.773262 0.497904 0.202876 0.182547 0.298867 0.230757 0.234955 0.217839 0.703513 0.443982 0.491053 0.402336 0.484780 0.486095 0.390783 0.449820 0.236589 0.223545 0.154014 0.193770 0.134721 0.192601 0.152437 0.157421 0.305653 0.186745 0.183608 0.171190 0.331137 0.170050 0.224802 0.270498 0.404645 0.458323 0.595866 0.668292 0.310029 0.258889 0.194033 0.225516 0.114936 0.125789 0.403832 0.235828 0.215846 0.338681 0.941480 0.920755 0.360685 0.437596 0.559894 0.614552 0.545996 0.742414 0.408563 0.477857 0.348564 0.522503 0.289453 0.240413 0.514385 0.475249 0.288171 0.204304 0.284848 0.312735 0.718416 0.610727 0.617119 0.351247 0.619677 0.361230 0.361684 0.392069 0.468740 0.997659
0.160841 0.233458 0.238640 0.193755 0.747660 0.535737 0.167323 0.141096 0.405516 0.254658 0.186018 0.161464 0.173471 0.221098 0.239763 0.206091 0.161095 0.155562 0.132046 0.154691 0.419284 0.836316 0.198936 0.375265 0.686444 0.538239 0.932453 0.912381 0.182143 0.143107 0.216937 0.225701 0.134504 0.000000 0.375894 0.608334 0.357411 0.441814 0.614762 0.553306 0.692644 0.486885 0.231229 0.195079 0.319065 0.272592 0.254655 0.219968 0.790143 0.456858 0.524398 0.433349 0.493517 0.512576 0.419681 0.534855 0.231815 0.232963 0.163591 0.212657 0.139775 0.199727 0.148224 0.154063 0.309070 0.185468 0.161987 0.162021 0.356612 0.187252 0.248929 0.269351 0.399752 0.480341 0.573348 0.621166 0.330563 0.256822 0.203106 0.220948 0.118518 0.135853 0.390697 0.262898 0.236356 0.377477 0.995710 0.915015 0.357808 0.487741 0.555481 0.639638 0.544384 0.742058 0.421877 0.471846 0.371524 0.501336 0.313067 0.246812 0.495808 0.488520 0.252324 0.212926 0.307055 0.283789 0.719165 0.597209 0.654931 0.372615 0.615434 0.355485 0.366531 0.387800 0.476294 0.957309
0.455690 0.541255 0.361449 0.300078 0.834602 0.595354 0.389791 0.355310 0.552983 0.409478 0.545566 0.479156 0.505161 0.508843 0.515353 0.506785 0.534884 0.504990 0.439828 0.487721 0.553064 0.843665 0.392311 0.469124 0.557011 0.398182 0.897428 0.968418 0.518546 0.481764 0.410140 0.516370 0.368279 0.375894 0.000000 0.554687 0.493097 0.569637 0.638950 0.760986 0.774460 0.587948 0.412938 0.463041 0.484197 0.466799 0.475194 0.443065 0.747774 0.524106 0.587921 0.507381 0.509513 0.552354 0.434496 0.506751 0.618013 0.554722 0.434213 0.419537 0.429522 0.439798 0.498921 0.482501 0.344462 0.334372 0.331591 0.357303 0.521522 0.420624 0.498331 0.544860 0.459104 0.586604 0.623962 0.838397 0.440874 0.524581 0.498499 0.555664 0.414543 0.358949 0.652232 0.446533 0.369473 0.441438 0.896234 0.955077 0.544381 0.482674 0.542668 0.601260 0.514963 0.651127 0.648616 0.636608 0.496361 0.597326 0.463969 0.414228 0.526216 0.667231 0.499510 0.449663 0.417628 0.487292 0.863431 0.638864 0.789303 0.666797 0.714599 0.437259 0.544742 0.672695 0.616950 0.976279
0.629374 0.636286 0.654959 0.609306 0.827968 0.817985 0.647873 0.576380 0.733153 0.667762 0.693025 0.639792 0.649824 0.646779 0.713483 0.703789 0.669196 0.674026 0.628348 0.660960 0.756966 0.791242 0.608552 0.689064 0.852029 0.786987 0.921092 0.933969 0.684083 0.685231 0.659988 0.696002 0.582506 0.608334 0.554687 0.000000 0.665780 0.514869 0.840555 0.744573 0.871397 0.691105 0.591246 0.665016 0.672511 0.702042 0.731833 0.639506 0.843494 0.752613 0.721023 0.656963 0.689200 0.693199 0.801370 0.814954 0.674438 0.653413 0.610691 0.618899 0.661836 0.672502 0.613309 0.633287 0.719539 0.698142 0.593513 0.598739 0.847395 0.647118 0.660022 0.747254 0.827670 0.877302 0.879504 0.751868 0.685541 0.704650 0.650361 0.744299 0.610651 0.650637 0.656583 0.660401 0.614186 0.669997 0.811806 0.894851 0.716193 0.666632 0.781679 0.795775 0.803254 0.795511 0.732755 0.641032 0.647210 0.598707 0.658019 0.668223 0.691689 0.771293 0.614471 0.558388 0.698439 0.668087 0.790405 0.664371 0.811217 0.785921 0.694416 0.656880 0.681967 0.809088 0.661102 0.885021
0.354506 0.380185 0.372503 0.335382 0.907792 0.606927 0.417402 0.373044 0.505751 0.496579 0.431637 0.357686 0.316602 0.361512 0.308772 0.324714 0.402539 0.379816 0.381508 0.388196 0.473916 0.849527 0.280633 0.402501 0.544972 0.513413 0.966790 0.940256 0.416266 0.351268 0.311960 0.444943 0.370366 0.357411 0.493097 0.665780 0.000000 0.382415 0.600901 0.661241 0.701729 0.496194 0.392847 0.372268 0.435731 0.400224 0.393512 0.335761 0.659733 0.455010 0.512256 0.436785 0.535464 0.596843 0.537545 0.494125 0.433811 0.394429 0.366647 0.374705 0.341517 0.347215 0.378754 0.354815 0.341045 0.372224 0.389709 0.386326 0.556097 0.407436 0.407013 0.407253 0.611011 0.607676 0.629302 0.701714 0.426789 0.407320 0.378276 0.439143 0.352091 0.336836 0.542055 0.364430 0.282267 0.348046 0.916232 0.835763 0.408506 0.388241 0.648342 0.728301 0.602551 0.785394 0.445156 0.550036 0.451158 0.571017 0.432376 0.437924 0.551111 0.666222 0.338264 0.438795 0.384202 0.378751 0.751461 0.579989 0.669436 0.544438 0.833872 0.542889 0.580912 0.621753 0.521247 0.894401
0.412360 0.459914 0.465423 0.461623 0.676027 0.856462 0.461055 0.416510 0.561479 0.520633 0.477234 0.428571 0.370182 0.415183 0.410218 0.422886 0.479574 0.453103 0.414491 0.484346 0.486268 0.801288 0.376399 0.519125 0.764300 0.795302 0.871449 0.912370 0.524192 0.469162 0.496757 0.642548 0.439547 0.441814 0.569637 0.514869 0.382415 0.000000 0.668546 0.669606 0.736088 0.543993 0.411828 0.435142 0.500464 0.471828 0.524840 0.466669 0.694272 0.510790 0.493653 0.479587 0.647066 0.543645 0.628184 0.683392 0.471735 0.475081 0.445472 0.448002 0.372611 0.414512 0.386479 0.385362 0.408436 0.463024 0.472538 0.484596 0.704585 0.525683 0.472791 0.555376 0.726223 0.716982 0.820003 0.788917 0.480189 0.508056 0.525008 0.536122 0.472110 0.499127 0.524151 0.526509 0.377813 0.497077 0.875533 0.968475 0.536182 0.566562 0.611908 0.654214 0.669948 0.748377 0.532099 0.437572 0.573933 0.598815 0.448814 0.473897 0.617198 0.662920 0.383912 0.444148 0.442477 0.441337 0.673654 0.544665 0.563720 0.561708 0.735037 0.591710 0.573829 0.686488 0.423244 0.954191
