0.000000 0.228703 0.817142 0.549268 0.774602 0.656770 0.679221 0.507410 0.824349 0.731083 0.320404 0.281369 0.412206 0.498719 0.571576 0.450138 0.287354 0.345717 0.393308 0.341333 0.719117 0.918936 0.764767 0.705884 0.893436 0.993522 0.903899 0.922853 0.446326 0.445080 0.917205 0.944383 0.470058 0.465095 0.863447 0.713714 0.713015 0.746498 0.786576 0.665462 0.700511 0.751153 0.726058 0.705893 0.745855 0.621634 0.390511 0.375584 0.466216 0.460981 0.726499 0.668338 0.995238 0.661626 0.515813 0.508307 0.274187 0.270252 0.297605 0.386218 0.306314 0.379364 0.392577 0.328403 0.662525 0.437882 0.748066 0.795551 0.404735 0.449173 0.764881 0.782769 0.704559 0.683853 0.681309 0.820001 0.691780 0.773327 0.456324 0.517700 0.280363 0.284275 0.650761 0.391232 0.507383 0.558842 0.962595 0.940952 0.666434 0.529931 0.870408 0.986600 0.844785 0.951970 0.635271 0.783170 0.713368 0.776982 0.621359 0.661502 0.959875 0.989220 0.741750 0.729431 0.605801 0.588154 0.907721 0.984254 0.800159 0.920765 0.977800 0.537801 0.754784 0.950004 0.737706 0.996362
0.228703 0.000000 0.769279 0.485579 0.862420 0.614966 0.635556 0.456682 0.715756 0.686550 0.300008 0.238543 0.428448 0.467496 0.572989 0.387009 0.270757 0.319668 0.394308 0.299689 0.670443 0.975388 0.759058 0.656447 0.904378 0.950240 0.904614 0.867976 0.339238 0.400588 0.817373 0.820495 0.412216 0.380188 0.929608 0.664446 0.673883 0.739650 0.760368 0.664534 0.722784 0.708903 0.636553 0.600887 0.698961 0.571960 0.389514 0.387014 0.432651 0.432873 0.602533 0.600365 0.875011 0.778378 0.578300 0.556127 0.242371 0.239154 0.340222 0.408269 0.298944 0.351320 0.396303 0.322486 0.656008 0.429683 0.711760 0.716468 0.386030 0.421790 0.666399 0.663366 0.620803 0.611436 0.694556 0.854666 0.630650 0.704473 0.432759 0.443298 0.313084 0.327608 0.625953 0.421238 0.566451 0.583158 0.979761 0.969551 0.672583 0.587688 0.824860 0.954252 0.820549 0.964409 0.590590 0.755665 0.790130 0.781252 0.597673 0.620894 0.918929 0.980876 0.753914 0.752336 0.600802 0.563220 0.911587 0.964710 0.791010 0.974876 0.963564 0.525982 0.766907 0.913269 0.785393 0.938572
0.817142 0.769279 0.000000 0.384114 0.965413 0.791137 0.527290 0.619434 0.637020 0.888313 0.843446 0.814715 0.689442 0.816700 0.759653 0.667936 0.994545 0.957522 0.628475 0.757866 0.629502 0.895627 0.686667 0.774384 0.440486 0.441198 0.980165 0.924465 0.837301 0.930772 0.599579 0.650697 0.620495 0.670797 0.924673 0.895982 0.612175 0.639886 0.559807 0.729444 0.870751 0.875082 0.670245 0.729192 0.844553 0.816451 0.658190 0.822551 0.911619 0.770464 0.666261 0.710308 0.845248 0.920277 0.783382 0.912213 0.863009 0.856595 0.816685 0.761151 0.634939 0.733187 0.949449 0.966159 0.448260 0.483319 0.640333 0.581541 0.702482 0.601873 0.691944 0.647185 0.700897 0.631149 0.980483 0.837404 0.604952 0.761303 0.624083 0.824857 0.947441 0.874935 0.947557 0.925946 0.769419 0.772817 0.941074 0.875749 0.939095 0.914797 0.605680 0.572211 0.565634 0.643644 0.868911 0.909874 0.782479 0.784547 0.830005 0.796373 0.939063 0.776229 0.970003 0.969624 0.672653 0.835793 0.945074 0.784039 0.919333 0.963909 0.973962 0.864103 0.760600 0.903025 0.773489 0.913210
0.549268 0.485579 0.384114 0.000000 0.914567 0.645553 0.488437 0.376039 0.592907 0.741901 0.532662 0.462200 0.460614 0.443985 0.558661 0.440476 0.729823 0.660405 0.475631 0.490622 0.574439 0.974521 0.559823 0.562660 0.589090 0.538747 0.898018 0.872919 0.587612 0.642036 0.640478 0.640347 0.447467 0.516636 0.907397 0.802272 0.594369 0.634402 0.587966 0.697741 0.881625 0.920831 0.609615 0.603960 0.729091 0.667627 0.532842 0.675161 0.619437 0.479639 0.519646 0.520126 0.723912 0.962499 0.648062 0.667114 0.636581 0.610082 0.687696 0.639403 0.439515 0.476264 0.739383 0.682834 0.401168 0.340073 0.672391 0.660516 0.529857 0.329592 0.647695 0.661489 0.810397 0.697120 0.814976 0.774911 0.659966 0.732232 0.439341 0.624515 0.689885 0.582726 0.782400 0.674385 0.573388 0.556019 0.928437 0.986931 0.767508 0.654216 0.655775 0.677501 0.579132 0.701412 0.658342 0.781096 0.797303 0.832563 0.708147 0.730756 0.878525 0.786366 0.890298 0.939691 0.601944 0.683186 0.918586 0.979075 0.961612 0.982181 0.916041 0.801916 0.732495 0.961067 0.674862 0.857756
0.774602 0.862420 0.965413 0.914567 0.000000 0.996694 0.899682 0.807814 0.990446 0.842506 0.838943 0.716396 0.599789 0.737895 0.625580 0.727650 0.880532 0.852070 0.887079 0.878406 0.969325 0.800887 0.741079 0.698411 0.916161 0.810966 0.705330 0.971896 0.902232 0.806399 0.897433 0.840712 0.859247 0.973308 0.944589 0.979245 0.896287 0.996763 0.929554 0.913620 0.998771 0.900799 0.920020 0.933948 0.836512 0.763926 0.754278 0.800470 0.664747 0.755975 0.851982 0.757431 0.784470 0.938877 0.744105 0.795033 0.890994 0.803236 0.803128 0.811482 0.700573 0.690919 0.766663 0.719675 0.783067 0.799592 0.974725 0.938938 0.930203 0.825204 0.807347 0.761645 0.753040 0.899972 0.875331 0.869447 0.977775 0.906678 0.984230 0.742878 0.772877 0.784586 0.796185 0.759481 0.658005 0.698853 0.594739 0.814989 0.652136 0.624052 0.983968 0.818624 0.886943 0.880441 0.947131 0.987680 0.955009 0.910342 0.895444 0.857495 0.882432 0.937580 0.958307 0.996588 0.946796 0.939826 0.904386 0.897257 0.901506 0.994059 0.944385 0.853408 0.757719 0.980002 0.974394 0.806956
0.656770 0.614966 0.791137 0.645553 0.996694 0.000000 0.645702 0.550604 0.685121 0.715288 0.808256 0.625651 0.772829 0.747488 0.949122 0.613283 0.735902 0.821612 0.684598 0.737975 0.710835 0.878212 0.912753 0.920113 0.903493 0.829794 0.738742 0.902233 0.798115 0.812220 0.779708 0.728349 0.599547 0.678237 0.937358 0.741729 0.844418 0.947759 0.902121 0.651969 0.833480 0.871782 0.544654 0.650119 0.823607 0.817260 0.731489 0.809869 0.742258 0.757121 0.734551 0.698857 0.830057 0.985554 0.898427 0.700396 0.741523 0.847660 0.705143 0.806667 0.754561 0.623309 0.999054 0.849548 0.895498 0.626522 0.846523 0.678990 0.837145 0.900539 0.548872 0.623988 0.664592 0.678999 0.922199 0.902425 0.632475 0.710724 0.765546 0.702793 0.817579 0.837430 0.930085 0.901812 0.911127 0.904491 0.932523 0.763745 0.972967 0.970456 0.603800 0.695489 0.645284 0.762701 0.781341 0.865136 0.796429 0.780021 0.518607 0.663132 0.713170 0.938359 0.760076 0.900234 0.744806 0.914540 0.903510 0.924763 0.838346 0.999293 0.901078 0.690545 0.697709 0.835575 0.900646 0.911298
0.679221 0.635556 0.527290 0.488437 0.899682 0.645702 0.000000 0.340713 0.337220 0.456322 0.615407 0.627904 0.692969 0.755184 0.649432 0.441948 0.616894 0.568499 0.356464 0.550279 0.686434 0.932067 0.532453 0.710438 0.873700 0.816040 0.805817 0.885995 0.506555 0.465435 0.337574 0.363751 0.289495 0.312630 0.923859 0.980337 0.844222 0.768114 0.850208 0.880438 0.965981 0.949959 0.301821 0.341988 0.305031 0.371575 0.656998 0.639193 0.561333 0.665219 0.498795 0.539712 0.551211 0.663836 0.782827 0.749254 0.573742 0.837832 0.767735 0.997892 0.463218 0.719474 0.684671 0.668953 0.699603 0.749327 0.335421 0.429854 0.813800 0.718722 0.512605 0.495865 0.544011 0.514658 0.902905 0.778679 0.511000 0.481444 0.575806 0.580444 0.708286 0.752338 0.714364 0.872210 0.764617 0.819638 0.947087 0.946174 0.979303 0.886466 0.482133 0.548987 0.595685 0.692958 0.645864 0.612341 0.650192 0.590854 0.401135 0.382811 0.762019 0.513606 0.633178 0.750984 0.571934 0.812938 0.805971 0.828648 0.743322 0.958833 0.811545 0.620984 0.412777 0.877611 0.685267 0.966850
0.507410 0.456682 0.619434 0.376039 0.807814 0.550604 0.340713 0.000000 0.432560 0.352311 0.465579 0.343805 0.527851 0.498234 0.670907 0.439772 0.523726 0.507607 0.420100 0.430614 0.755230 0.969304 0.685450 0.746616 0.886138 0.891414 0.881416 0.990578 0.470592 0.454156 0.613973 0.623244 0.381588 0.379063 0.932957 0.831992 0.784144 0.786186 0.879070 0.720178 0.921095 0.945888 0.391057 0.452587 0.444895 0.423051 0.534728 0.516394 0.451999 0.544105 0.495377 0.500923 0.711717 0.931039 0.685546 0.532630 0.552914 0.662167 0.605357 0.739950 0.354790 0.340403 0.597367 0.480452 0.675558 0.508199 0.554631 0.551706 0.700124 0.525225 0.544774 0.585384 0.680357 0.622288 0.716880 0.772986 0.534957 0.630130 0.497518 0.559118 0.582339 0.609599 0.801137 0.756934 0.713103 0.770250 0.909171 0.881917 0.854220 0.666598 0.520643 0.669965 0.570494 0.789531 0.667583 0.670220 0.607792 0.611152 0.406447 0.409506 0.692695 0.710205 0.675049 0.751594 0.567642 0.691079 0.892446 0.938569 0.747717 0.942872 0.793241 0.591304 0.473631 0.881171 0.694489 0.930539
0.824349 0.715756 0.637020 0.592907 0.990446 0.685121 0.337220 0.432560 0.000000 0.397064 0.705908 0.660369 0.792353 0.810925 0.789463 0.554728 0.708238 0.645297 0.554983 0.607351 0.736059 0.970259 0.707255 0.890176 0.966044 0.741534 0.792075 0.897580 0.541960 0.579700 0.386936 0.447995 0.435919 0.449086 0.921368 0.976255 0.802296 0.886538 0.782082 0.807492 0.995190 0.856484 0.361626 0.384538 0.400678 0.495542 0.834532 0.733816 0.668072 0.717848 0.516608 0.563673 0.552942 0.619157 0.982522 0.853241 0.658616 0.954059 0.964581 0.853693 0.642953 0.733948 0.777500 0.737019 0.798720 0.858527 0.540030 0.601140 0.892045 0.777466 0.460977 0.494281 0.622350 0.609520 0.996344 0.750787 0.468906 0.468280 0.622386 0.626832 0.841733 0.959322 0.798133 0.976499 0.976496 0.991680 0.777800 0.840204 0.823755 0.999950 0.425787 0.474253 0.548177 0.560985 0.731894 0.736396 0.751735 0.611976 0.480972 0.418333 0.643504 0.487882 0.642811 0.745216 0.675617 0.909476 0.844070 0.790222 0.837620 0.933813 0.811592 0.619700 0.587862 0.942640 0.758101 0.953902
0.731083 0.686550 0.888313 0.741901 0.842506 0.715288 0.456322 0.352311 0.397064 0.000000 0.644390 0.551447 0.802671 0.765558 0.874206 0.623408 0.579941 0.545968 0.598673 0.541466 0.898607 0.887697 0.866140 0.954043 0.886061 0.950404 0.823809 0.863796 0.501467 0.514927 0.618311 0.680349 0.544059 0.490313 0.848393 0.981693 0.835567 0.877071 0.876124 0.788074 0.974631 0.918855 0.411418 0.482041 0.390361 0.439247 0.818804 0.674694 0.568796 0.794420 0.660156 0.677071 0.709039 0.784449 0.967128 0.743414 0.654637 0.875821 0.851918 0.914301 0.604950 0.590525 0.654540 0.562710 0.997980 0.902823 0.613092 0.666370 0.918725 0.828789 0.488756 0.566572 0.696458 0.616945 0.909864 0.770517 0.578300 0.524976 0.661457 0.678291 0.727843 0.912750 0.910867 0.979244 0.950124 0.875561 0.823546 0.731469 0.970802 0.853399 0.433837 0.581368 0.575080 0.686515 0.850720 0.647784 0.735905 0.616168 0.324454 0.351398 0.568481 0.613428 0.523181 0.621594 0.670456 0.810736 0.837775 0.910055 0.700933 0.969755 0.595853 0.553251 0.491062 0.939663 0.825694 0.965322
0.320404 0.300008 0.843446 0.532662 0.838943 0.808256 0.615407 0.465579 0.705908 0.644390 0.000000 0.297818 0.553748 0.483047 0.634181 0.509473 0.292526 0.248445 0.367883 0.358667 0.747782 0.904900 0.810391 0.670176 0.941863 0.951220 0.898960 0.954746 0.326377 0.296524 0.762604 0.802453 0.433033 0.381656 0.924177 0.686055 0.743395 0.726472 0.786911 0.707829 0.712537 0.798157 0.658118 0.610681 0.666765 0.548970 0.515280 0.507291 0.533753 0.571902 0.657221 0.697073 0.897997 0.826142 0.643410 0.651942 0.292671 0.321034 0.463015 0.542327 0.357048 0.452808 0.328102 0.265957 0.823655 0.561059 0.704511 0.731765 0.511767 0.489231 0.778699 0.716833 0.612467 0.662862 0.707274 0.779242 0.708279 0.755089 0.400185 0.478116 0.339469 0.337340 0.680142 0.466396 0.688712 0.673146 0.982874 0.990226 0.763621 0.563999 0.898562 0.975693 0.938195 0.958368 0.636865 0.794013 0.792689 0.805288 0.674440 0.728316 0.974665 0.894643 0.747265 0.710544 0.667883 0.710355 0.795980 0.881159 0.824567 0.914705 0.967827 0.620497 0.699923 0.955270 0.711377 0.831420
0.281369 0.238543 0.814715 0.462200 0.716396 0.625651 0.627904 0.343805 0.660369 0.551447 0.297818 0.000000 0.366791 0.332009 0.542915 0.364534 0.307169 0.352442 0.457194 0.352260 0.728992 0.971500 0.748728 0.642485 0.973849 0.977346 0.894851 0.898804 0.375574 0.393405 0.863015 0.860153 0.431611 0.448528 0.951736 0.701877 0.728678 0.765609 0.855471 0.621707 0.818535 0.839184 0.591273 0.568729 0.631812 0.470416 0.405271 0.374664 0.350069 0.375596 0.533861 0.501512 0.802585 0.846123 0.543203 0.499128 0.353555 0.332779 0.437896 0.491236 0.297355 0.249306 0.389326 0.274226 0.681458 0.424772 0.807055 0.780266 0.503877 0.420770 0.719605 0.753781 0.741157 0.719583 0.619370 0.805220 0.633852 0.716543 0.442275 0.478547 0.330653 0.348094 0.644250 0.443032 0.574589 0.566858 0.985232 0.935952 0.613943 0.508458 0.770391 0.943796 0.800155 0.983587 0.678586 0.755674 0.767887 0.772319 0.590044 0.610409 0.872579 0.920322 0.765480 0.727163 0.615073 0.627908 0.870512 0.978303 0.744545 0.956986 0.881522 0.566059 0.709473 0.966300 0.753597 0.895174
0.412206 0.428448 0.689442 0.460614 0.599789 0.772829 0.692969 0.527851 0.792353 0.802671 0.553748 0.366791 0.000000 0.314000 0.297684 0.311735 0.646315 0.687144 0.557687 0.522998 0.835636 0.924676 0.417271 0.400245 0.724017 0.922322 0.668050 0.824726 0.626916 0.689290 0.991049 0.979215 0.540421 0.644491 0.959036 0.762879 0.742587 0.806063 0.785978 0.691381 0.991599 0.878738 0.746974 0.730886 0.715307 0.552627 0.412390 0.446536 0.328901 0.302810 0.487984 0.380199 0.695471 0.992162 0.590840 0.469701 0.579398 0.501880 0.556549 0.514475 0.366637 0.394686 0.617547 0.563138 0.357127 0.397741 0.933394 0.978552 0.618000 0.415662 0.979685 0.986546 0.935280 0.958126 0.680221 0.800702 0.649038 0.805092 0.608931 0.585318 0.539255 0.439343 0.562352 0.429976 0.324866 0.344136 0.837439 0.840912 0.487332 0.445422 0.869085 0.948619 0.871299 0.951949 0.795503 0.819630 0.896690 0.818094 0.728544 0.715278 0.944075 0.903484 0.976183 0.985551 0.758537 0.731595 0.929483 0.996413 0.862687 0.970694 0.973215 0.718759 0.728189 0.967391 0.694271 0.951518
0.498719 0.467496 0.816700 0.443985 0.737895 0.747488 0.755184 0.498234 0.810925 0.765558 0.483047 0.332009 0.314000 0.000000 0.374756 0.351393 0.619557 0.594834 0.556735 0.476451 0.847400 0.915776 0.517167 0.426861 0.931657 0.982436 0.734539 0.829038 0.555876 0.588434 0.989813 0.909278 0.557643 0.696804 0.878887 0.666710 0.767385 0.783921 0.883048 0.702057 0.944146 0.969829 0.789277 0.714738 0.780830 0.621845 0.573380 0.592358 0.444699 0.362740 0.548132 0.450800 0.716283 0.973171 0.630478 0.578462 0.620873 0.517281 0.707686 0.640826 0.491833 0.434836 0.608731 0.518313 0.554131 0.452009 0.912708 0.927958 0.679809 0.468629 0.958959 0.948907 0.956017 0.995865 0.782906 0.804116 0.747723 0.915041 0.561550 0.619880 0.592685 0.471956 0.585790 0.480802 0.516259 0.461729 0.899644 0.808625 0.567548 0.451980 0.933019 0.948611 0.913575 0.990403 0.798002 0.839469 0.987957 0.897977 0.810497 0.839069 0.988144 0.975412 0.955119 0.943961 0.840886 0.793815 0.882491 0.824253 0.863293 0.989820 0.954300 0.827329 0.826504 0.939261 0.735502 0.901735
0.571576 0.572989 0.759653 0.558661 0.625580 0.949122 0.649432 0.670907 0.789463 0.874206 0.634181 0.542915 0.297684 0.374756 0.000000 0.301306 0.712169 0.654086 0.535240 0.555215 0.834380 0.942898 0.262432 0.302225 0.767497 0.888606 0.588909 0.853982 0.607736 0.598850 0.803439 0.847507 0.512618 0.670248 0.980614 0.843210 0.768892 0.826085 0.783312 0.880203 0.994260 0.916016 0.752241 0.651364 0.618910 0.510753 0.595064 0.569950 0.397062 0.334968 0.481380 0.398198 0.514621 0.795142 0.586868 0.639128 0.588100 0.584831 0.724631 0.750529 0.463669 0.656810 0.584616 0.593598 0.403798 0.611546 0.902874 0.998247 0.694201 0.563119 0.970525 0.985491 0.900367 0.986750 0.841882 0.827198 0.751379 0.763374 0.722881 0.590568 0.563597 0.504167 0.430110 0.482170 0.353797 0.360224 0.790745 0.707507 0.569137 0.502322 0.941566 0.982585 0.979204 0.981287 0.775843 0.807290 0.984905 0.912937 0.788066 0.746692 0.884798 0.793061 0.940724 0.916761 0.815513 0.870838 0.968023 0.932994 0.882089 0.957364 0.914262 0.825302 0.766865 0.965703 0.723961 0.956265
0.450138 0.387009 0.667936 0.440476 0.727650 0.613283 0.441948 0.439772 0.554728 0.623408 0.509473 0.364534 0.311735 0.351393 0.301306 0.000000 0.513636 0.516122 0.400273 0.398489 0.702998 0.949835 0.363652 0.410303 0.830383 0.852972 0.842717 0.915004 0.501921 0.488731 0.623896 0.630046 0.333762 0.449924 0.963596 0.778994 0.675300 0.685051 0.772757 0.675466 0.899687 0.847513 0.454565 0.408603 0.487235 0.386901 0.491751 0.466413 0.345623 0.347148 0.350684 0.296606 0.478300 0.774250 0.621776 0.577248 0.424740 0.533506 0.632051 0.757061 0.371441 0.479739 0.589865 0.512818 0.470393 0.509462 0.752488 0.775547 0.617130 0.562188 0.704509 0.688770 0.811825 0.719172 0.806473 0.739168 0.552143 0.606664 0.516135 0.455863 0.497789 0.513386 0.500384 0.528087 0.483461 0.477975 0.939852 0.938984 0.657452 0.613518 0.665121 0.791466 0.750280 0.860319 0.638476 0.681428 0.878909 0.802519 0.554445 0.537136 0.898037 0.713997 0.770189 0.838334 0.666991 0.748930 0.913186 0.949654 0.734201 0.960304 0.917655 0.594498 0.580961 0.906119 0.635047 0.991600
0.287354 0.270757 0.994545 0.729823 0.880532 0.735902 0.616894 0.523726 0.708238 0.579941 0.292526 0.307169 0.646315 0.619557 0.712169 0.513636 0.000000 0.202164 0.405143 0.357532 0.766980 0.997540 0.914336 0.829270 0.818605 0.835743 0.959229 0.999055 0.300039 0.279009 0.784652 0.820036 0.457926 0.376871 0.902385 0.723270 0.807213 0.821075 0.956313 0.766474 0.707268 0.718263 0.600886 0.556958 0.594081 0.516787 0.534767 0.419939 0.487300 0.594689 0.727977 0.737070 0.927759 0.785993 0.648225 0.651561 0.216267 0.317632 0.405826 0.611793 0.389276 0.500125 0.287393 0.230237 0.962704 0.698162 0.657113 0.719252 0.528924 0.652401 0.663790 0.640941 0.532406 0.578485 0.739653 0.871265 0.697816 0.690309 0.446076 0.473373 0.288078 0.387488 0.620421 0.519241 0.748191 0.789038 0.983431 0.913548 0.808108 0.684598 0.838851 0.983456 0.917280 0.901997 0.643057 0.728003 0.757308 0.718084 0.558859 0.569435 0.869534 0.935954 0.658809 0.568821 0.645888 0.595273 0.967795 0.959904 0.680691 0.947336 0.818941 0.502312 0.729218 0.901914 0.821878 0.982551
0.345717 0.319668 0.957522 0.660405 0.852070 0.821612 0.568499 0.507607 0.645297 0.545968 0.248445 0.352442 0.687144 0.594834 0.654086 0.516122 0.202164 0.000000 0.364117 0.333195 0.735142 0.932245 0.825541 0.755647 0.823894 0.897895 0.942880 0.971352 0.253183 0.204729 0.718426 0.744434 0.412935 0.333339 0.991400 0.780747 0.784067 0.796359 0.922015 0.812089 0.675409 0.717013 0.609056 0.542263 0.543204 0.480196 0.582358 0.477199 0.520970 0.614512 0.706991 0.739107 0.831823 0.835646 0.681982 0.725254 0.236180 0.321178 0.487550 0.676988 0.375083 0.546091 0.243484 0.213539 0.912697 0.712241 0.631531 0.680526 0.530194 0.594445 0.692581 0.645410 0.580599 0.609928 0.801389 0.837537 0.757079 0.659709 0.452534 0.438488 0.318288 0.406032 0.558769 0.510733 0.736448 0.770295 0.952209 0.988441 0.865679 0.642752 0.843133 0.975228 0.950520 0.916407 0.599330 0.702190 0.803112 0.779001 0.584516 0.592804 0.883785 0.880145 0.664472 0.570531 0.641099 0.648019 0.915596 0.941163 0.776616 0.966453 0.865574 0.542499 0.727534 0.970446 0.749693 0.877770
0.393308 0.394308 0.628475 0.475631 0.887079 0.684598 0.356464 0.420100 0.554983 0.598673 0.367883 0.457194 0.557687 0.556735 0.535240 0.400273 0.405143 0.364117 0.000000 0.366278 0.733329 0.986930 0.564266 0.647841 0.955744 0.903237 0.965649 0.988495 0.363641 0.361831 0.558034 0.572615 0.334223 0.307307 0.893377 0.822932 0.786667 0.737601 0.750259 0.786714 0.825811 0.862854 0.536338 0.546383 0.518476 0.488624 0.545597 0.495543 0.537328 0.580342 0.655341 0.637165 0.778625 0.976929 0.697308 0.689478 0.395179 0.513602 0.532529 0.698910 0.378899 0.617581 0.514880 0.479312 0.698326 0.593897 0.534018 0.633111 0.610913 0.586152 0.623158 0.564258 0.592407 0.540408 0.837116 0.808455 0.554767 0.575316 0.434637 0.516331 0.490301 0.462433 0.670473 0.579054 0.637179 0.704893 0.988567 0.976721 0.863438 0.746956 0.702841 0.836700 0.750014 0.868492 0.606282 0.680132 0.756643 0.783713 0.530946 0.509790 0.928955 0.744945 0.725001 0.761480 0.671448 0.738434 0.973667 0.995645 0.769526 0.884994 0.955078 0.592748 0.581187 0.944734 0.686156 0.908361
0.341333 0.299689 0.757866 0.490622 0.878406 0.737975 0.550279 0.430614 0.607351 0.541466 0.358667 0.352260 0.522998 0.476451 0.555215 0.398489 0.357532 0.333195 0.366278 0.000000 0.713714 0.980819 0.667880 0.693918 0.922789 0.957742 0.999293 0.924670 0.356453 0.407819 0.721378 0.760209 0.441329 0.370555 0.914056 0.715061 0.683771 0.753839 0.782949 0.761110 0.773996 0.803097 0.592166 0.559562 0.622110 0.568440 0.597357 0.514907 0.547365 0.542353 0.677170 0.655227 0.807332 0.935244 0.702284 0.655052 0.327993 0.413886 0.578866 0.687505 0.406010 0.494583 0.469506 0.401926 0.703345 0.586846 0.744149 0.802956 0.549372 0.496570 0.577598 0.581832 0.685684 0.642725 0.843159 0.867366 0.603731 0.694522 0.468963 0.552420 0.500875 0.512802 0.638869 0.619040 0.688722 0.763586 0.987039 0.951173 0.822935 0.626515 0.710327 0.817673 0.738607 0.872950 0.711698 0.697622 0.820142 0.767156 0.532083 0.504987 0.838939 0.852190 0.744015 0.725335 0.627916 0.622825 0.977502 0.966319 0.785197 0.917432 0.969594 0.488539 0.641125 0.962835 0.785587 0.890285
0.719117 0.670443 0.629502 0.574439 0.969325 0.710835 0.686434 0.755230 0.736059 0.898607 0.747782 0.728992 0.835636 0.847400 0.834380 0.702998 0.766980 0.735142 0.733329 0.713714 0.000000 0.909962 0.837129 0.841769 0.850312 0.754927 0.984266 0.872049 0.777187 0.723107 0.658002 0.778944 0.656704 0.698970 0.987947 0.919128 0.656497 0.826144 0.677514 0.725121 0.897383 0.779969 0.689589 0.654771 0.834082 0.864302 0.710283 0.780278 0.857383 0.826640 0.832494 0.805570 0.860023 0.996873 0.857946 0.970828 0.695124 0.735081 0.765717 0.837304 0.715475 0.762517 0.887667 0.820414 0.760167 0.699294 0.682611 0.595322 0.690241 0.672050 0.717872 0.734419 0.646866 0.661446 0.823301 0.812519 0.816295 0.689293 0.711641 0.682697 0.767887 0.773899 0.907264 0.856051 0.855573 0.784454 0.931905 0.918227 0.955897 0.983413 0.766485 0.795453 0.807537 0.817727 0.772020 0.937279 0.817163 0.896732 0.790150 0.780167 0.797546 0.860337 0.831017 0.782366 0.632321 0.782093 0.995416 0.954216 0.804721 0.947702 0.992443 0.856362 0.799676 0.881855 0.867471 0.914947
0.918936 0.975388 0.895627 0.974521 0.800887 0.878212 0.932067 0.969304 0.970259 0.887697 0.904900 0.971500 0.924676 0.915776 0.942898 0.949835 0.997540 0.932245 0.986930 0.980819 0.909962 0.000000 0.997105 0.952922 0.876265 0.844448 0.860019 0.914304 0.935140 0.901848 0.820990 0.708807 0.923701 0.887232 0.809049 0.944006 0.821252 0.853292 0.907312 0.948347 0.945752 0.913737 0.862904 0.936418 0.967066 0.968225 0.975776 0.953579 0.864859 0.966144 0.970746 0.993617 0.911284 0.828047 0.951452 0.820162 0.967448 0.957974 0.955522 0.884281 0.901957 0.843647 0.830448 0.842553 0.994206 0.943226 0.890353 0.908374 0.921814 0.898891 0.733461 0.829125 0.800646 0.861643 0.909420 0.995158 0.869359 0.935266 0.943751 0.888366 0.948216 0.935279 0.946415 0.955395 0.941120 0.984703 0.915501 0.917562 0.892078 0.684705 0.841628 0.761213 0.811471 0.866179 0.959696 0.937936 0.952731 0.992095 0.947508 0.916299 0.846927 0.968551 0.863487 0.773839 0.893571 0.917932 0.993261 0.926740 0.822295 0.856134 0.946184 0.957748 0.958356 0.773331 0.966465 0.952745
0.764767 0.759058 0.686667 0.559823 0.741079 0.912753 0.532453 0.685450 0.707255 0.866140 0.810391 0.748728 0.417271 0.517167 0.262432 0.363652 0.914336 0.825541 0.564266 0.667880 0.837129 0.997105 0.000000 0.332985 0.756335 0.813218 0.679618 0.821681 0.721170 0.733774 0.718860 0.717219 0.518655 0.681454 0.977259 0.983771 0.892313 0.937297 0.815241 0.976730 0.893187 0.931166 0.696407 0.649046 0.533784 0.511969 0.698446 0.688664 0.510396 0.448375 0.497638 0.396395 0.431142 0.598676 0.712085 0.706757 0.778367 0.834418 0.917749 0.945572 0.584183 0.833915 0.782436 0.825702 0.386597 0.725766 0.784420 0.910972 0.851202 0.645533 0.996243 0.960468 0.868772 0.950776 0.873399 0.851787 0.740044 0.750655 0.818111 0.716310 0.792775 0.706610 0.524071 0.657796 0.393818 0.423457 0.865293 0.701603 0.705961 0.658155 0.826566 0.853719 0.877934 0.909555 0.830318 0.735346 0.995549 0.882675 0.750582 0.675904 0.930342 0.695054 0.944751 0.990926 0.778719 0.914655 0.912592 0.964770 0.877511 0.911276 0.919018 0.843661 0.644400 0.988928 0.680356 0.989978
0.705884 0.656447 0.774384 0.562660 0.698411 0.920113 0.710438 0.746616 0.890176 0.954043 0.670176 0.642485 0.400245 0.426861 0.302225 0.410303 0.829270 0.755647 0.647841 0.693918 0.841769 0.952922 0.332985 0.000000 0.787531 0.907884 0.685439 0.825507 0.725965 0.690887 0.899882 0.811076 0.602084 0.720237 0.949321 0.829496 0.832095 0.910647 0.781289 0.969738 0.989155 0.956756 0.778882 0.664248 0.711508 0.595914 0.656139 0.722476 0.530492 0.416220 0.465945 0.418157 0.502434 0.736602 0.667545 0.693965 0.708426 0.650463 0.824603 0.785505 0.595853 0.755380 0.695201 0.716611 0.476742 0.628459 0.914020 0.973629 0.807606 0.616233 0.898429 0.944593 0.904637 0.857991 0.838302 0.933711 0.803533 0.901650 0.765330 0.592152 0.659149 0.539887 0.491622 0.479572 0.404859 0.328810 0.813064 0.608070 0.602159 0.574617 0.961192 0.935822 0.927564 0.892989 0.782531 0.845122 0.918817 0.966255 0.939410 0.893426 0.787333 0.872981 0.959306 0.977070 0.884122 0.929711 0.911372 0.886375 0.892101 0.957186 0.798899 0.899827 0.791089 0.985013 0.733972 0.897659
0.893436 0.904378 0.440486 0.589090 0.916161 0.903493 0.873700 0.886138 0.966044 0.886061 0.941863 0.973849 0.724017 0.931657 0.767497 0.830383 0.818605 0.823894 0.955744 0.922789 0.850312 0.876265 0.756335 0.787531 0.000000 0.449913 0.885013 0.962174 0.934005 0.788813 0.874274 0.880160 0.843267 0.919477 0.995195 0.932346 0.644093 0.789650 0.665213 0.901352 0.837319 0.921152 0.918004 0.964922 0.939464 0.931416 0.779479 0.932172 0.983384 0.789053 0.811563 0.849934 0.970991 0.992436 0.781885 0.914572 0.985089 0.939508 0.918966 0.761596 0.804229 0.847911 0.816629 0.813839 0.432050 0.565534 0.872407 0.842699 0.690942 0.670072 0.846499 0.865695 0.954015 0.878872 0.808592 0.885972 0.793768 0.881274 0.944157 0.922156 0.999338 0.971298 0.967759 0.939222 0.682909 0.724629 0.972821 0.909151 0.852579 0.927521 0.756077 0.670867 0.604058 0.671985 0.924236 0.987990 0.803967 0.949946 0.946482 0.995328 0.992471 0.947759 0.999053 0.932733 0.638113 0.850874 0.972562 0.842519 0.839811 0.907745 0.855807 0.907416 0.928279 0.867338 0.872675 0.946456
0.993522 0.950240 0.441198 0.538747 0.810966 0.829794 0.816040 0.891414 0.741534 0.950404 0.951220 0.977346 0.922322 0.982436 0.888606 0.852972 0.835743 0.897895 0.903237 0.957742 0.754927 0.844448 0.813218 0.907884 0.449913 0.000000 0.997194 0.860850 0.993880 0.870553 0.702199 0.712331 0.783809 0.905679 0.810319 0.975212 0.610121 0.799079 0.594844 0.773926 0.903634 0.866453 0.806344 0.869396 0.960872 0.927664 0.875735 0.973226 0.891789 0.882972 0.764980 0.852152 0.890460 0.939504 0.962982 0.909924 0.987132 0.986703 0.944778 0.951511 0.916314 0.935553 0.807075 0.787072 0.570952 0.659847 0.834896 0.738971 0.747898 0.754342 0.683753 0.680450 0.890985 0.780680 0.982944 0.881211 0.773428 0.843856 0.867912 0.921231 0.899358 0.931124 0.934719 0.939184 0.913735 0.890345 0.797731 0.862845 0.899675 0.957763 0.652415 0.579113 0.573059 0.626816 0.831505 0.961380 0.815501 0.923404 0.949765 0.973007 0.890981 0.916750 0.922506 0.958110 0.695297 0.914881 0.940728 0.747068 0.819835 0.999990 0.826994 0.977305 0.983441 0.963972 0.828397 0.988880
0.903899 0.904614 0.980165 0.898018 0.705330 0.738742 0.805817 0.881416 0.792075 0.823809 0.898960 0.894851 0.668050 0.734539 0.588909 0.842717 0.959229 0.942880 0.965649 0.999293 0.984266 0.860019 0.679618 0.685439 0.885013 0.997194 0.000000 0.698447 0.940057 0.971088 0.830154 0.779523 0.965154 0.863931 0.875298 0.965747 0.934948 0.987494 0.992936 0.992916 0.980171 0.921496 0.822928 0.861711 0.935714 0.961731 0.883886 0.878565 0.779222 0.733715 0.868585 0.793798 0.737217 0.993117 0.758066 0.951774 0.952499 0.777927 0.954286 0.796472 0.868615 0.924955 0.824594 0.850426 0.635131 0.869682 0.799244 0.754609 0.882596 0.714361 0.669263 0.643254 0.639363 0.731722 0.916024 0.938766 0.840794 0.882372 0.976469 0.823063 0.838813 0.752202 0.688635 0.716763 0.583708 0.571653 0.808140 0.682665 0.598645 0.723102 0.765322 0.763476 0.785272 0.850425 0.959161 0.940973 0.736103 0.734152 0.746393 0.764194 0.705482 0.831170 0.776942 0.918584 0.936393 0.911147 0.872984 0.823630 0.790768 0.953819 0.915013 0.852842 0.764466 0.966994 0.898873 0.890190
0.922853 0.867976 0.924465 0.872919 0.971896 0.902233 0.885995 0.990578 0.897580 0.863796 0.954746 0.898804 0.824726 0.829038 0.853982 0.915004 0.999055 0.971352 0.988495 0.924670 0.872049 0.914304 0.821681 0.825507 0.962174 0.860850 0.698447 0.000000 0.950706 0.959877 0.840906 0.817219 0.976760 0.920068 0.850618 0.832613 0.999824 0.810255 0.899879 0.885925 0.847869 0.958577 0.946170 0.943403 0.892114 0.909530 0.899356 0.938322 0.936161 0.851095 0.974251 0.887236 0.959599 0.941805 0.894097 0.847245 0.959348 0.878077 0.965006 0.854313 0.987076 0.949714 0.970821 0.984697 0.800053 0.838964 0.834418 0.948353 0.852356 0.865448 0.930504 0.919725 0.868462 0.875000 0.896805 0.804327 0.914121 0.894374 0.901213 0.979421 0.959244 0.855565 0.963602 0.897563 0.789973 0.733629 0.921062 0.900325 0.822061 0.765330 0.882229 0.988314 0.917698 0.972338 0.870463 0.820547 0.785373 0.928562 0.914214 0.909105 0.716875 0.814094 0.764882 0.847535 0.934032 0.993797 0.894308 0.911096 0.946180 0.914947 0.834327 0.978660 0.863514 0.973208 0.841556 0.930609
0.446326 0.339238 0.837301 0.587612 0.902232 0.798115 0.506555 0.470592 0.541960 0.501467 0.326377 0.375574 0.626916 0.555876 0.607736 0.501921 0.300039 0.253183 0.363641 0.356453 0.777187 0.935140 0.721170 0.725965 0.934005 0.993880 0.940057 0.950706 0.000000 0.283183 0.672248 0.718957 0.378703 0.317291 0.975889 0.826459 0.808484 0.873020 0.890656 0.850939 0.804002 0.771184 0.607704 0.567949 0.492259 0.467830 0.599952 0.516138 0.467892 0.569868 0.639805 0.711053 0.766367 0.980318 0.722319 0.706725 0.339297 0.427615 0.563160 0.719403 0.387530 0.583500 0.314099 0.307205 0.836663 0.727143 0.614976 0.710690 0.589879 0.563918 0.681628 0.623937 0.599006 0.656379 0.795903 0.839517 0.656962 0.615536 0.474009 0.482349 0.414322 0.459043 0.554149 0.560356 0.711758 0.755594 0.980267 0.971766 0.836725 0.647902 0.812442 0.917824 0.843777 0.977000 0.697856 0.706234 0.851639 0.704606 0.561458 0.583318 0.894739 0.819817 0.673863 0.593987 0.692222 0.671712 0.900619 0.978981 0.771792 0.999704 0.925577 0.573322 0.709890 0.986531 0.867152 0.847621
0.445080 0.400588 0.930772 0.642036 0.806399 0.812220 0.465435 0.454156 0.579700 0.514927 0.296524 0.393405 0.689290 0.588434 0.598850 0.488731 0.279009 0.204729 0.361831 0.407819 0.723107 0.901848 0.733774 0.690887 0.788813 0.870553 0.971088 0.959877 0.283183 0.000000 0.619655 0.674343 0.385821 0.361034 0.993028 0.825109 0.830077 0.828810 0.959823 0.822724 0.777899 0.793092 0.547608 0.427681 0.428296 0.370671 0.612424 0.525159 0.468889 0.585553 0.602199 0.635176 0.702579 0.990658 0.625600 0.692401 0.319983 0.433982 0.517516 0.760354 0.376994 0.573494 0.262588 0.244308 0.931855 0.758433 0.545949 0.631368 0.630120 0.636022 0.727155 0.667742 0.592892 0.653719 0.824268 0.799902 0.730611 0.618057 0.474009 0.429667 0.353163 0.427452 0.547343 0.538420 0.735555 0.735814 0.998562 0.899323 0.857047 0.659099 0.853183 0.968285 0.970812 0.913152 0.603433 0.686235 0.770313 0.751344 0.573811 0.551485 0.917679 0.787020 0.646142 0.583271 0.676160 0.708135 0.987455 0.976578 0.788532 0.953779 0.876615 0.571017 0.646340 0.982563 0.714838 0.947164
0.917205 0.817373 0.599579 0.640478 0.897433 0.779708 0.337574 0.613973 0.386936 0.618311 0.762604 0.863015 0.991049 0.989813 0.803439 0.623896 0.784652 0.718426 0.558034 0.721378 0.658002 0.820990 0.718860 0.899882 0.874274 0.702199 0.830154 0.840906 0.672248 0.619655 0.000000 0.305582 0.458852 0.487148 0.936142 0.927781 0.777679 0.648068 0.790065 0.902245 0.902744 0.874681 0.402900 0.374019 0.458168 0.577163 0.920896 0.913608 0.824101 0.850863 0.571918 0.686356 0.569030 0.553139 0.879251 0.973078 0.659401 0.995295 0.984396 0.785170 0.742761 0.951079 0.877611 0.856401 0.849858 0.948436 0.440901 0.506502 0.874021 0.916956 0.454315 0.425573 0.552317 0.505999 0.994115 0.763758 0.617183 0.431420 0.669926 0.657954 0.842502 0.978325 0.861964 0.925116 0.959264 0.993322 0.815080 0.800861 0.789614 0.811351 0.528281 0.489511 0.576694 0.609046 0.694775 0.808466 0.736608 0.823119 0.572589 0.591493 0.753344 0.447850 0.619613 0.767103 0.658453 0.982215 0.819839 0.813612 0.858882 0.865300 0.863014 0.826071 0.609714 0.891505 0.783268 0.976944
0.944383 0.820495 0.650697 0.640347 0.840712 0.728349 0.363751 0.623244 0.447995 0.680349 0.802453 0.860153 0.979215 0.909278 0.847507 0.630046 0.820036 0.744434 0.572615 0.760209 0.778944 0.708807 0.717219 0.811076 0.880160 0.712331 0.779523 0.817219 0.718957 0.674343 0.305582 0.000000 0.529763 0.521905 0.990244 0.961537 0.826710 0.740648 0.874377 0.892644 0.890064 0.981261 0.441062 0.441278 0.513970 0.608801 0.874519 0.937386 0.837940 0.843237 0.571956 0.662138 0.578806 0.567256 0.892162 0.982459 0.719359 0.981967 0.961612 0.775112 0.800303 0.991591 0.906291 0.905399 0.868896 0.951154 0.486881 0.548406 0.937117 0.880090 0.490265 0.524547 0.589677 0.620153 0.922435 0.866492 0.644349 0.563173 0.683589 0.668749 0.926170 0.956493 0.871698 0.988634 0.972472 0.985028 0.790896 0.986421 0.784980 0.816669 0.576076 0.543160 0.620658 0.692662 0.674433 0.810864 0.797856 0.899928 0.650948 0.634050 0.781347 0.549248 0.676524 0.840532 0.631222 0.959547 0.909090 0.893159 0.912796 0.913786 0.864141 0.850057 0.642071 0.907774 0.768155 0.963878
0.470058 0.412216 0.620495 0.447467 0.859247 0.599547 0.289495 0.381588 0.435919 0.544059 0.433033 0.431611 0.540421 0.557643 0.512618 0.333762 0.457926 0.412935 0.334223 0.441329 0.656704 0.923701 0.518655 0.602084 0.843267 0.783809 0.965154 0.976760 0.378703 0.385821 0.458852 0.529763 0.000000 0.280381 0.944555 0.886028 0.778686 0.679482 0.830696 0.776558 0.770971 0.804827 0.363178 0.369187 0.407508 0.393815 0.557536 0.539491 0.448817 0.466237 0.417929 0.473098 0.573422 0.808132 0.648543 0.645568 0.383277 0.543720 0.587799 0.759537 0.347476 0.540194 0.547636 0.515992 0.598470 0.536903 0.489169 0.504246 0.585756 0.585779 0.560678 0.510881 0.586455 0.511522 0.740242 0.732480 0.523985 0.500620 0.533772 0.491243 0.487291 0.536606 0.578706 0.615710 0.601251 0.611069 0.999960 0.966459 0.822252 0.719333 0.581450 0.699938 0.663027 0.824559 0.560121 0.599508 0.644864 0.571938 0.423936 0.519124 0.812543 0.680968 0.607102 0.734040 0.503194 0.717420 0.943524 0.868333 0.781692 0.973481 0.933713 0.584276 0.503416 0.917468 0.641210 0.914704
0.465095 0.380188 0.670797 0.516636 0.973308 0.678237 0.312630 0.379063 0.449086 0.490313 0.381656 0.448528 0.644491 0.696804 0.670248 0.449924 0.376871 0.333339 0.307307 0.370555 0.698970 0.887232 0.681454 0.720237 0.919477 0.905679 0.863931 0.920068 0.317291 0.361034 0.487148 0.521905 0.280381 0.000000 0.968704 0.905311 0.724892 0.735548 0.787268 0.792561 0.800044 0.792238 0.417452 0.441439 0.390764 0.414588 0.586366 0.518011 0.536536 0.653528 0.578283 0.661875 0.708829 0.908652 0.805326 0.680795 0.338045 0.515764 0.561285 0.755656 0.366454 0.592842 0.486387 0.450613 0.752016 0.677159 0.425516 0.506099 0.634155 0.606867 0.473332 0.455064 0.467417 0.439641 0.700204 0.837839 0.528127 0.492364 0.480635 0.471313 0.493457 0.575057 0.694815 0.668714 0.750834 0.795892 0.834611 0.882155 0.952635 0.825257 0.605543 0.679983 0.677603 0.818133 0.582673 0.573530 0.699140 0.644049 0.407050 0.410577 0.800558 0.673484 0.596746 0.635217 0.558031 0.663083 0.947508 0.857225 0.761344 0.954165 0.886308 0.494745 0.514223 0.797801 0.687210 0.892372
0.863447 0.929608 0.924673 0.907397 0.944589 0.937358 0.923859 0.932957 0.921368 0.848393 0.924177 0.951736 0.959036 0.878887 0.980614 0.963596 0.902385 0.991400 0.893377 0.914056 0.987947 0.809049 0.977259 0.949321 0.995195 0.810319 0.875298 0.850618 0.975889 0.993028 0.936142 0.990244 0.944555 0.968704 0.000000 0.827249 0.993071 0.914737 0.975185 0.995911 0.874183 0.876576 0.841497 0.918338 0.837468 0.838779 0.939560 0.974118 0.967506 0.911069 0.867208 0.978789 0.835243 0.921690 0.946995 0.952745 0.923682 0.994943 0.990656 0.995360 0.901278 0.947079 0.940407 0.984626 0.917256 0.999650 0.834086 0.747258 0.942260 0.988793 0.885973 0.902934 0.923735 0.992035 0.995113 0.999093 0.989538 0.899035 0.975320 0.895722 0.944140 0.920813 0.986574 0.848484 0.958860 0.987459 0.928924 0.877564 0.982826 0.873992 0.894470 0.895502 0.964147 0.990447 0.896218 0.761689 0.895562 0.961414 0.941132 0.945060 0.735843 0.892577 0.923713 0.986921 0.875241 0.911023 0.997289 0.828534 0.896357 0.896659 0.976058 0.958691 0.875148 0.999580 0.842547 0.941507
0.713714 0.664446 0.895982 0.802272 0.979245 0.741729 0.980337 0.831992 0.976255 0.981693 0.686055 0.701877 0.762879 0.666710 0.843210 0.778994 0.723270 0.780747 0.822932 0.715061 0.919128 0.944006 0.983771 0.829496 0.932346 0.975212 0.965747 0.832613 0.826459 0.825109 0.927781 0.961537 0.886028 0.905311 0.827249 0.000000 0.781279 0.995418 0.981556 0.827318 0.743492 0.908197 0.965697 0.916536 0.826528 0.955767 0.819935 0.864226 0.880763 0.812010 0.945999 0.894623 0.941388 0.810827 0.807554 0.820036 0.706000 0.668797 0.798159 0.694768 0.828511 0.742651 0.820450 0.758622 0.902591 0.688271 0.873373 0.961325 0.782563 0.877837 0.925476 0.950175 0.748363 0.928405 0.983828 0.920831 0.781639 0.955099 0.772579 0.849536 0.835338 0.716155 0.858169 0.711674 0.906005 0.867631 0.973577 0.985799 0.905325 0.748117 0.977069 0.957584 0.983935 0.966061 0.937445 0.945530 0.924303 0.956042 0.986296 0.978279 0.872247 0.761196 0.871245 0.878220 0.966094 0.929026 0.957243 0.906894 0.998638 0.797430 0.951152 0.879628 0.946422 0.976907 0.901394 0.952532
0.713015 0.673883 0.612175 0.594369 0.896287 0.844418 0.844222 0.784144 0.802296 0.835567 0.743395 0.728678 0.742587 0.767385 0.768892 0.675300 0.807213 0.784067 0.786667 0.683771 0.656497 0.821252 0.892313 0.832095 0.644093 0.610121 0.934948 0.999824 0.808484 0.830077 0.777679 0.826710 0.778686 0.724892 0.993071 0.781279 0.000000 0.632358 0.711567 0.591300 0.734468 0.733343 0.779759 0.737026 0.900518 0.880136 0.762236 0.839932 0.877238 0.826943 0.800145 0.796565 0.944824 0.981287 0.910467 0.971392 0.672097 0.705760 0.780515 0.793396 0.718335 0.729769 0.879720 0.825362 0.677692 0.650377 0.807841 0.835944 0.666365 0.699396 0.591314 0.685702 0.723079 0.712425 0.981547 0.913141 0.831128 0.737357 0.714388 0.725513 0.737229 0.834212 0.934775 0.823894 0.934052 0.894279 0.660659 0.752228 0.995427 0.915743 0.687647 0.696082 0.638447 0.692543 0.830575 0.823709 0.966587 0.914849 0.794034 0.843428 0.804743 0.880388 0.774531 0.827722 0.807397 0.849888 0.874412 0.953834 0.961180 0.997035 0.941941 0.845995 0.964690 0.884288 0.808818 0.868050
0.746498 0.739650 0.639886 0.634402 0.996763 0.947759 0.768114 0.786186 0.886538 0.877071 0.726472 0.765609 0.806063 0.783921 0.826085 0.685051 0.821075 0.796359 0.737601 0.753839 0.826144 0.853292 0.937297 0.910647 0.789650 0.799079 0.987494 0.810255 0.873020 0.828810 0.648068 0.740648 0.679482 0.735548 0.914737 0.995418 0.632358 0.000000 0.812295 0.735585 0.829955 0.801153 0.789746 0.759455 0.892528 0.845076 0.852605 0.884595 0.932856 0.867023 0.733416 0.806528 0.930161 0.937133 0.814072 0.984738 0.688249 0.746537 0.818271 0.868380 0.744151 0.778147 0.922012 0.875239 0.753447 0.672849 0.810093 0.849326 0.593829 0.714222 0.702388 0.644537 0.788818 0.557520 0.886888 0.725074 0.836605 0.807749 0.617297 0.823573 0.794911 0.849102 0.880845 0.881568 0.960949 0.887027 0.994748 0.800808 0.861768 0.936134 0.777755 0.787240 0.712576 0.724976 0.795074 0.907545 0.863979 0.980888 0.872830 0.997484 0.865923 0.774048 0.802976 0.944915 0.821710 0.809956 0.856195 0.897123 0.950998 0.980596 0.992658 0.890250 0.833002 0.927791 0.612395 0.971980
