0.000000 0.328544 0.868997 0.920246 0.834897 0.814079 0.989928 0.640881 0.734497 0.646140 0.454734 0.318350 0.467718 0.423399 0.584160 0.608811 0.389388 0.339999 0.339061 0.270150 0.788684 0.981506 0.533657 0.642806 0.998830 0.603576 0.788624 0.828294 0.429889 0.476495 0.859643 0.847121 0.669805 0.765444 0.890359 0.808555 0.663932 0.997813 0.787494 0.802680 0.896214 0.806894 0.858356 0.801167 0.894725 0.690750 0.608991 0.686515 0.506843 0.609769 0.893136 0.971159 0.929239 0.681773 0.793927 0.894773 0.297941 0.386362 0.523438 0.642573 0.861686 0.727283 0.448747 0.369420 0.797244 0.752039 0.856395 0.776814 0.454627 0.536832 0.872370 0.958081 0.841051 0.953432 0.918906 0.908039 0.774156 0.996566 0.858269 0.705974 0.417294 0.350467 0.472076 0.545099 0.381764 0.610724 0.985830 0.606006 0.749623 0.496575 0.765058 0.612904 0.668807 0.535933 0.957388 0.936075 0.856667 0.883015 0.883982 0.902378 0.857297 0.713781 0.940241 0.933825 0.972947 0.911642 0.964902 0.673494 0.804014 0.908751 0.946565 0.848278 0.800440 0.978074 0.979391 0.861280
0.328544 0.000000 0.591838 0.870302 0.865845 0.673653 0.730025 0.756629 0.602562 0.728532 0.716550 0.356981 0.687999 0.466201 0.686850 0.601216 0.364415 0.365616 0.467868 0.328959 0.944521 0.997584 0.636413 0.669123 0.905586 0.534550 0.804092 0.690350 0.459177 0.498397 0.917279 0.972171 0.906020 0.887015 0.697536 0.787703 0.803596 0.778015 0.814932 0.737546 0.938225 0.885818 0.958453 0.821445 0.873967 0.628618 0.665297 0.790876 0.311368 0.498316 0.931492 0.997119 0.854877 0.574568 0.811692 0.964011 0.248869 0.236283 0.820846 0.776703 0.853383 0.747712 0.669801 0.489345 0.603679 0.628113 0.574363 0.618557 0.589011 0.482317 0.843203 0.722422 0.889165 0.761684 0.929173 0.981838 0.923513 0.873157 0.829688 0.727982 0.427555 0.321934 0.405468 0.442455 0.383480 0.602472 0.994141 0.550606 0.967659 0.654660 0.484268 0.430677 0.461412 0.369281 0.865790 0.942606 0.975602 0.877999 0.889725 0.887654 0.691517 0.499840 0.835938 0.828803 0.767421 0.819447 0.865667 0.545856 0.825922 0.971900 0.892068 0.985463 0.819930 0.966038 0.847949 0.819339
0.868997 0.591838 0.000000 0.427711 0.995987 0.491958 0.307778 0.590940 0.728019 0.846067 0.841068 0.887794 0.694213 0.959654 0.859670 0.991718 0.877791 0.835523 0.975098 0.794506 0.831186 0.948273 0.930302 0.970551 0.906646 0.522026 0.717233 0.855357 0.917127 0.993620 0.469990 0.510257 0.488380 0.565518 0.463038 0.780172 0.920119 0.685903 0.912795 0.844219 0.968867 0.909605 0.476146 0.572462 0.574673 0.763846 0.633458 0.570125 0.695009 0.991605 0.571964 0.593407 0.538762 0.396340 0.805512 0.913515 0.723122 0.560058 0.769243 0.963950 0.416970 0.879246 0.719634 0.911712 0.349209 0.516867 0.264688 0.336771 0.724401 0.789656 0.562924 0.523202 0.601947 0.511936 0.861141 0.963641 0.702978 0.588176 0.937039 0.959347 0.950351 0.753204 0.758665 0.785507 0.830044 0.911512 0.989405 0.919545 0.814803 0.954925 0.430395 0.563845 0.547411 0.610691 0.746294 0.893856 0.684237 0.898692 0.499605 0.449652 0.500304 0.511774 0.487549 0.506672 0.494573 0.485126 0.995875 0.725332 0.859785 0.676359 0.686784 0.590370 0.704404 0.682736 0.494492 0.988517
0.920246 0.870302 0.427711 0.000000 0.952254 0.604760 0.396856 0.401460 0.835538 0.695235 0.800031 0.784334 0.624103 0.713283 0.701085 0.726556 0.970379 0.979322 0.841828 0.949893 0.784983 0.836645 0.763815 0.771851 0.893388 0.625930 0.788444 0.912603 0.895512 0.845135 0.404114 0.498486 0.518021 0.571705 0.643846 0.940833 0.804249 0.669751 0.828482 0.989740 0.951023 0.950993 0.441241 0.505456 0.532315 0.620605 0.586313 0.557568 0.962330 0.820157 0.490143 0.482532 0.580581 0.527087 0.779451 0.987072 0.858976 0.748262 0.727770 0.853951 0.483052 0.647801 0.596459 0.764016 0.492824 0.460958 0.438296 0.470175 0.810565 0.877114 0.601603 0.500656 0.584209 0.532663 0.713188 0.988612 0.531425 0.565553 0.829356 0.880362 0.875641 0.957123 0.973615 0.879171 0.916003 0.807406 0.989785 0.944833 0.928145 0.772618 0.578572 0.703456 0.696983 0.802352 0.751164 0.826134 0.695157 0.840300 0.505008 0.472212 0.574601 0.616031 0.538288 0.643902 0.550457 0.494914 0.969492 0.824396 0.818437 0.766912 0.652819 0.544203 0.678958 0.781230 0.675800 0.867540
0.834897 0.865845 0.995987 0.952254 0.000000 0.944177 0.960803 0.909597 0.894690 0.963333 0.920322 0.835626 0.834094 0.763784 0.732938 0.752864 0.925079 0.934912 0.828326 0.792682 0.854305 0.984108 0.696350 0.642298 0.934548 0.857366 0.778030 0.760161 0.893183 0.899101 0.943182 0.966709 0.902782 0.984983 0.958336 0.891689 0.926753 0.808029 0.932704 0.954475 0.985240 0.929978 0.911867 0.903055 0.901613 0.939192 0.953761 0.857002 0.760310 0.768608 0.792411 0.828201 0.773883 0.972070 0.767980 0.949658 0.889243 0.976295 0.997500 0.960414 0.980184 0.723701 0.955291 0.982798 0.969356 0.959219 0.949688 0.897378 0.816102 0.824175 0.989192 0.920382 0.876507 0.950851 0.928462 0.945533 0.938607 0.796555 0.852326 0.995182 0.938088 0.940196 0.812350 0.837626 0.681658 0.797686 0.853771 0.714745 0.808190 0.929976 0.949728 0.958026 0.949776 0.999945 0.884230 0.999168 0.968783 0.960585 0.986840 0.906054 0.957630 0.970513 0.861805 0.970427 0.816449 0.952988 0.850952 0.995156 0.875804 0.809591 0.987702 0.887597 0.956950 0.975865 0.941687 0.865509
0.814079 0.673653 0.491958 0.604760 0.944177 0.000000 0.467179 0.682017 0.675840 0.821412 0.873584 0.852938 0.893902 0.998793 0.899615 0.937610 0.852689 0.853684 0.924868 0.811847 0.756449 0.933652 0.934467 0.979494 0.893215 0.604986 0.756513 0.943940 0.848323 0.949907 0.656705 0.669638 0.686245 0.765940 0.677416 0.974392 0.983009 0.833886 0.812483 0.953914 0.989955 0.897551 0.549441 0.658767 0.694622 0.857768 0.819616 0.731583 0.810166 0.986635 0.628960 0.658908 0.649484 0.523010 0.839286 0.786735 0.687574 0.542334 0.865426 0.930120 0.567929 0.876556 0.838030 0.993259 0.550900 0.505689 0.498852 0.518135 0.627509 0.755930 0.665828 0.629012 0.815449 0.639678 0.727031 0.770579 0.716679 0.746383 0.899422 0.830585 0.995075 0.804705 0.853067 0.812298 0.839966 0.923229 0.824472 0.843025 0.985788 0.961305 0.582754 0.618166 0.656721 0.674433 0.828838 0.923615 0.750818 0.851661 0.673569 0.566568 0.671686 0.665638 0.676588 0.755282 0.678691 0.696391 0.978551 0.783317 0.879931 0.924168 0.823717 0.709704 0.839597 0.863592 0.601008 0.978865
0.989928 0.730025 0.307778 0.396856 0.960803 0.467179 0.000000 0.434907 0.677830 0.606134 0.674974 0.961982 0.524230 0.795082 0.705203 0.779888 0.970320 0.973531 0.773064 0.898872 0.694582 0.941103 0.802351 0.943302 0.961699 0.648906 0.821310 0.946794 0.878044 0.782861 0.326449 0.413714 0.396675 0.437967 0.583739 0.881494 0.918771 0.689270 0.782324 0.896038 0.982421 0.943728 0.326769 0.417284 0.438627 0.612367 0.600806 0.479837 0.875557 0.864002 0.440514 0.469470 0.486331 0.364622 0.820575 0.863857 0.793354 0.622164 0.693183 0.924925 0.303437 0.802667 0.541171 0.725334 0.502979 0.521696 0.253605 0.329327 0.705040 0.828208 0.438379 0.392919 0.448145 0.401306 0.783603 0.812973 0.521311 0.472323 0.730046 0.758754 0.868772 0.854575 0.913142 0.896700 0.897669 0.997499 0.998982 0.946740 0.885411 0.904482 0.444883 0.558948 0.605558 0.659820 0.751004 0.679241 0.673981 0.824617 0.384912 0.326805 0.403146 0.446348 0.427795 0.422714 0.525258 0.465248 0.973753 0.726707 0.766523 0.737487 0.676897 0.535837 0.658151 0.678790 0.562997 0.939347
0.640881 0.756629 0.590940 0.401460 0.909597 0.682017 0.434907 0.000000 0.917574 0.477119 0.634463 0.500141 0.408371 0.409730 0.581040 0.540182 0.722631 0.751211 0.612324 0.708134 0.769775 0.963650 0.617422 0.704377 0.924362 0.859875 0.897605 0.772597 0.630529 0.654907 0.491101 0.473775 0.484694 0.484058 0.732011 0.911335 0.824876 0.804236 0.754252 0.982041 0.848345 0.990854 0.318459 0.360202 0.358381 0.371272 0.420005 0.387317 0.624199 0.464572 0.411268 0.423471 0.625919 0.691226 0.746099 0.911113 0.825888 0.921211 0.518383 0.662573 0.412261 0.397092 0.432784 0.493436 0.621598 0.571452 0.552303 0.557048 0.915713 0.824310 0.621295 0.655173 0.580498 0.617436 0.722070 0.860741 0.482306 0.648974 0.855789 0.765944 0.653558 0.827220 0.798786 0.922022 0.685109 0.665036 0.994089 0.786286 0.869772 0.634643 0.744366 0.898837 0.844646 0.981556 0.709714 0.739950 0.717461 0.871991 0.429993 0.372332 0.578406 0.804316 0.539359 0.671285 0.605640 0.639451 0.875168 0.930601 0.674624 0.773725 0.663691 0.464717 0.588849 0.704117 0.708237 0.795573
0.734497 0.602562 0.728019 0.835538 0.894690 0.675840 0.677830 0.917574 0.000000 0.917559 0.944264 0.749063 0.948806 0.800231 0.935229 0.966726 0.731193 0.663211 0.844667 0.672607 0.888957 0.932955 0.999652 0.887865 0.976913 0.775860 0.963201 0.993738 0.742828 0.794765 0.901128 0.925961 0.915434 0.925984 0.669591 0.991661 0.976487 0.783597 0.879818 0.840030 0.939104 0.980787 0.875448 0.978664 0.899701 0.934205 0.959794 0.947005 0.757800 0.988603 0.813036 0.730179 0.724384 0.637165 0.938121 0.946091 0.621031 0.551912 0.971701 0.933804 0.812308 0.919644 0.843390 0.782933 0.632964 0.742760 0.635260 0.763208 0.780564 0.873704 0.800529 0.673244 0.734581 0.669863 0.903997 0.888432 0.655899 0.884306 0.879636 0.873233 0.721054 0.602178 0.644404 0.641696 0.736864 0.851980 0.825325 0.765613 0.773241 0.881361 0.487848 0.431644 0.449321 0.503999 0.729661 0.839558 0.779822 0.754943 0.648400 0.671164 0.609514 0.672849 0.739233 0.700418 0.792727 0.788571 0.852531 0.630888 0.894172 0.874820 0.898659 0.731188 0.918398 0.823411 0.895333 0.823280
0.646140 0.728532 0.846067 0.695235 0.963333 0.821412 0.606134 0.477119 0.917559 0.000000 0.504719 0.552646 0.519016 0.559409 0.414930 0.439197 0.546072 0.550467 0.533708 0.654240 0.805279 0.943171 0.443970 0.622486 0.989815 0.936165 0.963023 0.938782 0.502120 0.444414 0.539008 0.564793 0.504184 0.545535 0.914467 0.819540 0.791394 0.983616 0.896480 0.861050 0.990086 0.886422 0.595198 0.581480 0.559876 0.480676 0.600561 0.544405 0.589197 0.498569 0.629889 0.632969 0.810265 0.923379 0.984782 0.995842 0.759560 0.844096 0.637288 0.945685 0.729569 0.644882 0.484589 0.440221 0.944055 0.983331 0.798412 0.882825 0.950132 0.796533 0.658677 0.723357 0.675731 0.667098 0.756816 0.879134 0.608420 0.666839 0.744920 0.556712 0.498090 0.661434 0.630161 0.734070 0.659150 0.682359 0.946501 0.847935 0.965808 0.699725 0.999068 0.962524 0.978693 0.826504 0.914628 0.858127 0.739032 0.884850 0.714208 0.621402 0.811937 0.985515 0.720712 0.615364 0.751492 0.744084 0.914889 0.980287 0.590478 0.967614 0.842274 0.729221 0.808544 0.799672 0.914901 0.689070
0.454734 0.716550 0.841068 0.800031 0.920322 0.873584 0.674974 0.634463 0.944264 0.504719 0.000000 0.525603 0.402848 0.556996 0.575420 0.591661 0.502903 0.445592 0.460597 0.545507 0.694603 0.943891 0.606299 0.687115 0.975388 0.922101 0.883181 0.968141 0.497011 0.456434 0.622552 0.703174 0.490662 0.595501 0.941038 0.969172 0.720164 0.978604 0.811832 0.952431 0.872840 0.897665 0.731070 0.692094 0.837559 0.729525 0.662558 0.696562 0.801847 0.765492 0.878020 0.939274 0.981035 0.886459 0.967436 0.951382 0.683481 0.772238 0.455408 0.636585 0.553113 0.787846 0.362358 0.335047 0.986612 0.999819 0.770842 0.886975 0.830338 0.814918 0.693369 0.690244 0.607353 0.768034 0.862873 0.876596 0.666858 0.772280 0.772504 0.577975 0.528973 0.555582 0.693441 0.726666 0.689193 0.640813 0.804736 0.752776 0.802148 0.601907 0.989600 0.816282 0.856447 0.744415 0.975638 0.858840 0.785937 0.758536 0.774230 0.765116 0.920967 0.967437 0.700003 0.687511 0.791332 0.841376 0.843493 0.853074 0.808557 0.803630 0.968036 0.827352 0.870141 0.946943 0.878538 0.897982
0.318350 0.356981 0.887794 0.784334 0.835626 0.852938 0.961982 0.500141 0.749063 0.552646 0.525603 0.000000 0.429688 0.261689 0.452701 0.381962 0.400758 0.398174 0.383521 0.310683 0.896053 0.955206 0.393204 0.422785 0.949099 0.646265 0.807260 0.758050 0.387718 0.444477 0.788761 0.775178 0.686461 0.683456 0.853726 0.725264 0.682042 0.972286 0.891241 0.783882 0.951265 0.877682 0.763004 0.729301 0.756002 0.558299 0.605278 0.641165 0.359039 0.467159 0.775771 0.855030 0.976062 0.722561 0.861989 0.902858 0.432396 0.456191 0.624825 0.676132 0.846668 0.480748 0.473206 0.363435 0.875120 0.982021 0.868855 0.847549 0.607989 0.580123 0.888113 0.922268 0.850228 0.979881 0.870095 0.982609 0.737772 0.982211 0.859817 0.747289 0.473154 0.421508 0.473020 0.624227 0.310792 0.370047 0.911714 0.466313 0.835034 0.522353 0.722838 0.579274 0.640146 0.484974 0.967185 0.845484 0.975162 0.858410 0.896803 0.865397 0.890072 0.694718 0.985955 0.971736 0.975559 0.998435 0.817588 0.664591 0.809492 0.916298 0.899541 0.860762 0.869303 0.957143 0.956005 0.745005
0.467718 0.687999 0.694213 0.624103 0.834094 0.893902 0.524230 0.408371 0.948806 0.519016 0.402848 0.429688 0.000000 0.368033 0.388587 0.442722 0.537003 0.552859 0.376704 0.518882 0.822845 0.939347 0.421076 0.642623 0.955214 0.909807 0.932593 0.983586 0.473558 0.450104 0.487850 0.521396 0.404829 0.509177 0.838372 0.980659 0.724590 0.887324 0.799264 0.958278 0.976932 0.903197 0.454733 0.481103 0.538397 0.498545 0.428273 0.425689 0.646522 0.558006 0.517257 0.580607 0.679245 0.829027 0.682666 0.995133 0.632936 0.773860 0.498708 0.724026 0.501728 0.591746 0.391945 0.374617 0.819150 0.879870 0.666807 0.766744 0.781890 0.803253 0.570683 0.675597 0.524878 0.644206 0.843794 0.910744 0.534787 0.652016 0.721575 0.735784 0.583929 0.658779 0.584890 0.789291 0.586850 0.658834 0.857990 0.661104 0.696837 0.614061 0.866070 0.957139 0.994964 0.810384 0.891716 0.754109 0.731069 0.926122 0.550579 0.504950 0.733620 0.886028 0.574887 0.622558 0.623711 0.702475 0.886488 0.921619 0.821630 0.662865 0.704738 0.599186 0.667262 0.727286 0.706623 0.874506
0.423399 0.466201 0.959654 0.713283 0.763784 0.998793 0.795082 0.409730 0.800231 0.559409 0.556996 0.261689 0.368033 0.000000 0.411902 0.334266 0.492421 0.470751 0.370372 0.389674 0.829577 0.966428 0.372397 0.402926 0.984773 0.690154 0.861397 0.786560 0.386010 0.428602 0.677763 0.577875 0.579246 0.565811 0.929527 0.822709 0.750099 0.911890 0.831521 0.768002 0.896071 0.919776 0.539412 0.535569 0.571085 0.467747 0.496367 0.518411 0.386244 0.436516 0.536367 0.668207 0.819217 0.953225 0.684393 0.932708 0.555525 0.634597 0.702476 0.788561 0.742028 0.458739 0.444709 0.404084 0.942210 0.850046 0.981777 0.994387 0.764296 0.678564 0.784135 0.896358 0.705853 0.793568 0.763843 0.880730 0.723119 0.868843 0.835356 0.711266 0.504921 0.515053 0.486656 0.722373 0.339794 0.348741 0.869947 0.472534 0.900511 0.547338 0.831224 0.657817 0.693343 0.546010 0.987080 0.797726 0.977373 0.907708 0.827506 0.680726 0.985233 0.852898 0.911673 0.919267 0.922814 0.951639 0.810397 0.752962 0.830877 0.835097 0.905917 0.731940 0.763742 0.927281 0.934703 0.733894
0.584160 0.686850 0.859670 0.701085 0.732938 0.899615 0.705203 0.581040 0.935229 0.414930 0.575420 0.452701 0.388587 0.411902 0.000000 0.295362 0.465085 0.488913 0.387012 0.514154 0.865066 0.939444 0.240490 0.439533 0.913010 0.794242 0.898127 0.925056 0.465316 0.392674 0.524566 0.527060 0.446452 0.520627 0.973037 0.872109 0.741083 0.874715 0.926008 0.984951 0.960228 0.829908 0.581822 0.590748 0.597790 0.500222 0.593613 0.494103 0.563456 0.528596 0.546123 0.577120 0.653652 0.868196 0.774336 0.980783 0.663340 0.799103 0.834827 0.912848 0.865513 0.700748 0.510365 0.474129 0.975898 0.964651 0.884745 0.970574 0.761467 0.830896 0.596340 0.715040 0.560416 0.617118 0.789462 0.939229 0.617485 0.726483 0.747253 0.629966 0.510238 0.600523 0.528237 0.746166 0.441622 0.519016 0.751408 0.595711 0.813726 0.707908 0.935239 0.908508 0.858161 0.724929 0.931809 0.860018 0.784999 0.976799 0.820275 0.670208 0.884678 0.934822 0.841939 0.650703 0.824519 0.850193 0.981725 0.856448 0.761027 0.820669 0.839275 0.752928 0.748648 0.785404 0.737989 0.832596
0.608811 0.601216 0.991718 0.726556 0.752864 0.937610 0.779888 0.540182 0.966726 0.439197 0.591661 0.381962 0.442722 0.334266 0.295362 0.000000 0.523517 0.514142 0.421275 0.555556 0.842359 0.951853 0.289329 0.366535 0.962844 0.707720 0.912862 0.824589 0.374081 0.382504 0.638948 0.583662 0.575935 0.637729 0.867841 0.823315 0.814733 0.946720 0.925468 0.894932 0.998100 0.862543 0.585904 0.556536 0.609249 0.492395 0.618504 0.573159 0.423349 0.535316 0.585243 0.656569 0.792917 0.973089 0.769965 0.956147 0.708775 0.758336 0.840279 0.980263 0.867463 0.572571 0.544800 0.487347 0.889758 0.957006 0.984560 0.971697 0.871282 0.783794 0.786035 0.791336 0.697071 0.718350 0.773969 0.931401 0.714432 0.775557 0.699632 0.643209 0.556106 0.633136 0.496945 0.767754 0.459773 0.404275 0.797258 0.510927 0.975398 0.706812 0.805100 0.773410 0.735032 0.594564 0.988955 0.747256 0.896250 0.971798 0.901363 0.755247 0.999501 0.899164 0.995601 0.834373 0.923239 0.992470 0.902690 0.811778 0.773332 0.937369 0.956585 0.874506 0.814348 0.861326 0.954788 0.766110
0.389388 0.364415 0.877791 0.970379 0.925079 0.852689 0.970320 0.722631 0.731193 0.546072 0.502903 0.400758 0.537003 0.492421 0.465085 0.523517 0.000000 0.258250 0.391485 0.363629 0.852407 0.923552 0.522757 0.624153 0.881809 0.641231 0.837277 0.956750 0.341124 0.282118 0.741830 0.725555 0.608508 0.606897 0.867087 0.841297 0.730555 0.888615 0.857094 0.773825 0.803673 0.852501 0.812674 0.701652 0.760093 0.528762 0.636449 0.623038 0.504344 0.549904 0.861120 0.972109 0.966250 0.757084 0.852377 0.968859 0.326031 0.391263 0.791189 0.843956 0.948180 0.854501 0.439830 0.310559 0.718521 0.659981 0.859584 0.829653 0.714668 0.588560 0.876741 0.969908 0.877013 0.990825 0.878499 0.992368 0.812681 0.866622 0.608633 0.586718 0.269562 0.306375 0.453277 0.410477 0.451565 0.589378 0.945840 0.570359 0.945929 0.685617 0.565547 0.505960 0.500938 0.431500 0.925617 0.898536 0.946719 0.708158 0.953452 0.970300 0.836182 0.646474 0.963300 0.827207 0.935962 0.958853 0.835362 0.548524 0.744675 0.934569 0.924460 0.964971 0.786704 0.915619 0.922740 0.786373
0.339999 0.365616 0.835523 0.979322 0.934912 0.853684 0.973531 0.751211 0.663211 0.550467 0.445592 0.398174 0.552859 0.470751 0.488913 0.514142 0.258250 0.000000 0.318233 0.347845 0.768948 0.879255 0.522125 0.603749 0.882351 0.605800 0.795185 0.898956 0.353915 0.261041 0.771981 0.741928 0.631759 0.626657 0.695474 0.819880 0.745489 0.914207 0.793348 0.830637 0.796728 0.814224 0.838590 0.704238 0.816159 0.580483 0.665091 0.649158 0.509455 0.610227 0.901527 0.980947 0.986398 0.760406 0.906258 0.989333 0.342691 0.417653 0.816230 0.889126 0.969203 0.949998 0.412229 0.321670 0.647316 0.652755 0.823755 0.774961 0.688624 0.682847 0.873869 0.905271 0.830527 0.951512 0.930258 0.980959 0.794496 0.870134 0.615297 0.495213 0.269485 0.279043 0.387649 0.445831 0.466284 0.590743 0.971511 0.572690 0.999571 0.696663 0.568617 0.520647 0.475953 0.425356 0.894851 0.848229 0.988331 0.759979 0.941315 0.999561 0.774771 0.664645 0.949866 0.901622 0.908605 0.930646 0.899635 0.585342 0.769868 0.921739 0.920881 0.997760 0.771796 0.944899 0.975981 0.867517
0.339061 0.467868 0.975098 0.841828 0.828326 0.924868 0.773064 0.612324 0.844667 0.533708 0.460597 0.383521 0.376704 0.370372 0.387012 0.421275 0.391485 0.318233 0.000000 0.375198 0.760635 0.956688 0.366613 0.502565 0.958370 0.596880 0.846706 0.923382 0.388143 0.353464 0.692070 0.605153 0.509199 0.608892 0.901994 0.853230 0.656226 0.949037 0.789567 0.861549 0.940454 0.872817 0.651269 0.603341 0.680258 0.533348 0.516954 0.541600 0.495784 0.550943 0.668438 0.795831 0.845220 0.945623 0.737570 0.965417 0.411046 0.558310 0.731890 0.930150 0.822249 0.781396 0.416730 0.372963 0.878836 0.817220 0.997837 0.909784 0.626438 0.673682 0.723776 0.817511 0.711178 0.820272 0.907454 0.906551 0.694550 0.845967 0.712496 0.590340 0.413444 0.432494 0.422749 0.576246 0.395534 0.580329 0.841519 0.547391 0.815483 0.560079 0.822141 0.740705 0.680627 0.629493 0.901093 0.728599 0.869657 0.979696 0.854864 0.750852 0.999519 0.812746 0.873994 0.765469 0.943634 0.839228 0.991194 0.662284 0.736252 0.863127 0.920443 0.759214 0.695906 0.818124 0.933626 0.863320
0.270150 0.328959 0.794506 0.949893 0.792682 0.811847 0.898872 0.708134 0.672607 0.654240 0.545507 0.310683 0.518882 0.389674 0.514154 0.555556 0.363629 0.347845 0.375198 0.000000 0.868941 0.933024 0.466632 0.517585 0.992406 0.590807 0.794966 0.847475 0.427467 0.461862 0.900775 0.882036 0.709966 0.805008 0.818998 0.726958 0.688991 0.964435 0.833248 0.748720 0.913902 0.786556 0.898849 0.826738 0.829874 0.607154 0.650975 0.671597 0.414415 0.461625 0.842612 0.952192 0.956049 0.674846 0.719410 0.905457 0.285310 0.367066 0.690002 0.760490 0.996678 0.661065 0.579189 0.442314 0.766823 0.731552 0.759501 0.720994 0.433077 0.494197 0.934713 0.862325 0.955651 0.899735 0.857531 0.941203 0.824759 0.915981 0.888330 0.805345 0.439561 0.329533 0.413933 0.462291 0.311251 0.556881 0.917936 0.531005 0.819908 0.466804 0.619540 0.525387 0.589544 0.482421 0.967730 0.982115 0.962389 0.875552 0.934329 0.988219 0.826499 0.595699 0.948609 0.970507 0.983373 0.968388 0.933013 0.624991 0.865412 0.939465 0.910576 0.894559 0.864067 0.974840 0.985366 0.839812
0.788684 0.944521 0.831186 0.784983 0.854305 0.756449 0.694582 0.769775 0.888957 0.805279 0.694603 0.896053 0.822845 0.829577 0.865066 0.842359 0.852407 0.768948 0.760635 0.868941 0.000000 0.888977 0.936448 0.910889 0.909712 0.895321 0.980767 0.914288 0.846358 0.834867 0.578757 0.659150 0.721977 0.718980 0.985652 0.898196 0.977325 0.962081 0.751575 0.823124 0.968787 0.850729 0.702148 0.716528 0.874530 0.837730 0.822177 0.810173 0.990569 0.933245 0.807772 0.794679 0.857086 0.780984 0.927952 0.874061 0.997384 0.955404 0.871902 0.912138 0.741656 0.921103 0.608562 0.740656 0.963901 0.900904 0.852685 0.827804 0.933813 0.942673 0.682592 0.746403 0.719641 0.631581 0.788936 0.767081 0.897457 0.807348 0.756502 0.690066 0.761519 0.823761 0.913420 0.973366 0.998853 0.931736 0.748635 0.883091 0.959624 0.768872 0.913060 0.985779 0.979936 0.883907 0.930566 0.814376 0.870810 0.993608 0.803654 0.881964 0.897163 0.893211 0.775443 0.754782 0.901205 0.856030 0.927797 0.979488 0.838248 0.943529 0.966689 0.908376 0.891490 0.979591 0.841995 0.830020
0.981506 0.997584 0.948273 0.836645 0.984108 0.933652 0.941103 0.963650 0.932955 0.943171 0.943891 0.955206 0.939347 0.966428 0.939444 0.951853 0.923552 0.879255 0.956688 0.933024 0.888977 0.000000 0.977464 0.985200 0.981570 0.845986 0.821957 0.943190 0.994597 0.853310 0.880817 0.998867 0.845012 0.807936 0.993421 0.739350 0.857396 0.754298 0.961706 0.910326 0.973564 0.980757 0.992279 0.999752 0.958887 0.996388 0.905842 0.880128 0.910206 0.927412 0.900120 0.967823 0.891521 0.899082 0.908991 0.829158 0.982578 0.990150 0.921455 0.993074 0.990840 0.947684 0.911030 0.932567 0.981445 0.986907 0.914382 0.934203 0.940096 0.924581 0.883376 0.937581 0.975806 0.989157 0.826546 0.965171 0.875332 0.887659 0.949802 0.997356 0.923345 0.906998 0.970454 0.883993 0.961587 0.986183 0.887442 0.934267 0.990845 0.944853 0.984431 0.978843 0.970780 0.962059 0.931091 0.967472 0.949217 0.953839 0.973656 0.946043 0.978225 0.919957 0.949171 0.967571 0.947065 0.847299 0.905829 0.974171 0.984290 0.846245 0.880209 0.933369 0.956812 0.962251 0.826820 0.971288
0.533657 0.636413 0.930302 0.763815 0.696350 0.934467 0.802351 0.617422 0.999652 0.443970 0.606299 0.393204 0.421076 0.372397 0.240490 0.289329 0.522757 0.522125 0.366613 0.466632 0.936448 0.977464 0.000000 0.364249 0.948426 0.663509 0.799780 0.936695 0.451222 0.439914 0.661124 0.653932 0.535596 0.662871 0.880769 0.813465 0.690190 0.871095 0.981589 0.975351 0.974346 0.778396 0.713197 0.703543 0.687249 0.582566 0.639089 0.592313 0.502903 0.498075 0.595656 0.676288 0.759617 0.980761 0.782317 0.889402 0.636062 0.757651 0.813510 0.902010 0.945173 0.625738 0.604720 0.521645 0.955818 0.912396 0.977246 0.866790 0.644187 0.733023 0.686534 0.821630 0.630601 0.699364 0.803005 0.952286 0.687882 0.838147 0.873179 0.768568 0.594997 0.590434 0.514191 0.745361 0.391614 0.488247 0.698798 0.540212 0.783841 0.647621 0.906258 0.873384 0.831359 0.700258 0.968634 0.801169 0.826932 0.917907 0.872336 0.747526 0.945642 0.883723 0.952083 0.723526 0.915246 0.861103 0.955436 0.865419 0.741730 0.896042 0.877227 0.800578 0.835915 0.868488 0.917875 0.813215
0.642806 0.669123 0.970551 0.771851 0.642298 0.979494 0.943302 0.704377 0.887865 0.622486 0.687115 0.422785 0.642623 0.402926 0.439533 0.366535 0.624153 0.603749 0.502565 0.517585 0.910889 0.985200 0.364249 0.000000 0.936730 0.733973 0.920828 0.910849 0.506397 0.551787 0.803452 0.736228 0.714911 0.768853 0.841456 0.703510 0.801787 0.936129 0.946564 0.793923 0.920056 0.942483 0.819080 0.771504 0.781868 0.666044 0.800078 0.713946 0.518734 0.588602 0.713327 0.828820 0.908222 0.923745 0.807103 0.886130 0.753658 0.810577 0.934128 0.958468 0.994529 0.596447 0.682060 0.628726 0.884957 0.981303 0.912315 0.848060 0.793672 0.732733 0.847607 0.923703 0.898717 0.879163 0.769965 0.932436 0.822590 0.988968 0.891921 0.768667 0.637162 0.635428 0.625280 0.716990 0.401139 0.397394 0.768106 0.499425 0.886412 0.625211 0.764087 0.727045 0.672386 0.614967 0.844109 0.846070 0.914684 0.839589 0.945568 0.900431 0.857794 0.805240 0.890305 0.991809 0.962673 0.962128 0.999875 0.792663 0.906986 0.940079 0.982745 0.902488 0.987887 0.969930 0.899260 0.741148
0.998830 0.905586 0.906646 0.893388 0.934548 0.893215 0.961699 0.924362 0.976913 0.989815 0.975388 0.949099 0.955214 0.984773 0.913010 0.962844 0.881809 0.882351 0.958370 0.992406 0.909712 0.981570 0.948426 0.936730 0.000000 0.749383 0.956310 0.867756 0.917782 0.934265 0.883454 0.806652 0.950753 0.870923 0.909624 0.948919 0.945200 0.948747 0.778497 0.949614 0.941464 0.880591 0.855078 0.788075 0.895658 0.863429 0.747884 0.765226 0.952166 0.929165 0.844440 0.710832 0.729246 0.841934 0.856309 0.728394 0.900713 0.984506 0.964109 0.975184 0.983509 0.849230 0.867879 0.920071 0.903357 0.982436 0.982931 0.999855 0.773589 0.977029 0.864079 0.909893 0.979663 0.889894 0.963186 0.880898 0.842215 0.905321 0.836550 0.775339 0.772801 0.793767 0.900866 0.967251 0.946814 0.972352 0.973994 0.969325 0.912891 0.891055 0.998264 0.952705 0.984947 0.962406 0.969206 0.989560 0.998064 0.885424 0.908375 0.935161 0.995376 0.927333 0.825715 0.995609 0.968540 0.970550 0.962922 0.997008 0.989808 0.872743 0.984493 0.855725 0.748135 0.798361 0.771687 0.869912
0.603576 0.534550 0.522026 0.625930 0.857366 0.604986 0.648906 0.859875 0.775860 0.936165 0.922101 0.646265 0.909807 0.690154 0.794242 0.707720 0.641231 0.605800 0.596880 0.590807 0.895321 0.845986 0.663509 0.733973 0.749383 0.000000 0.713779 0.988068 0.658356 0.693292 0.714187 0.847622 0.882465 0.845325 0.589544 0.723337 0.877201 0.801131 0.929984 0.774111 0.911442 0.907159 0.799869 0.867850 0.838549 0.996995 0.933940 0.862033 0.570518 0.804603 0.829256 0.723619 0.752869 0.546737 0.960744 0.900080 0.513407 0.508738 0.898645 0.922201 0.656740 0.958834 0.987633 0.803859 0.500726 0.588834 0.504304 0.475961 0.589944 0.706850 0.777981 0.810599 0.837842 0.756456 0.936654 0.896918 0.848727 0.738179 0.948441 0.997535 0.778776 0.645010 0.594093 0.739679 0.609741 0.703688 0.831924 0.647282 0.913858 0.785765 0.506899 0.568056 0.523931 0.546203 0.738160 0.949364 0.827980 0.764838 0.679614 0.717364 0.636149 0.532553 0.617926 0.835646 0.603262 0.658330 0.915761 0.641333 0.967542 0.911032 0.749467 0.714056 0.898626 0.853099 0.630881 0.923647
0.788624 0.804092 0.717233 0.788444 0.778030 0.756513 0.821310 0.897605 0.963201 0.963023 0.883181 0.807260 0.932593 0.861397 0.898127 0.912862 0.837277 0.795185 0.846706 0.794966 0.980767 0.821957 0.799780 0.920828 0.956310 0.713779 0.000000 0.913552 0.930691 0.898226 0.847984 0.848384 0.882607 0.825536 0.677958 0.891889 0.986594 0.963924 0.941732 0.918418 0.979900 0.890616 0.756461 0.760665 0.775094 0.855622 0.856712 0.803066 0.850956 0.868174 0.859501 0.890575 0.875922 0.765112 0.896216 0.833453 0.784002 0.853190 0.956585 0.954036 0.772134 0.994321 0.934122 0.992607 0.704693 0.773839 0.671212 0.591642 0.766847 0.845227 0.891613 0.885568 0.960790 0.956028 0.884088 0.989254 0.978825 0.857817 0.971698 0.920316 0.880313 0.776859 0.767823 0.877991 0.843403 0.900229 0.922452 0.827009 0.878848 0.988744 0.911624 0.893173 0.834607 0.894098 0.862479 0.949078 0.901409 0.957528 0.852681 0.844347 0.875458 0.883149 0.805591 0.978042 0.773741 0.836545 0.956850 0.845584 0.804316 0.887571 0.901640 0.911589 0.904167 0.747984 0.807185 0.995747
0.828294 0.690350 0.855357 0.912603 0.760161 0.943940 0.946794 0.772597 0.993738 0.938782 0.968141 0.758050 0.983586 0.786560 0.925056 0.824589 0.956750 0.898956 0.923382 0.847475 0.914288 0.943190 0.936695 0.910849 0.867756 0.988068 0.913552 0.000000 0.971638 0.973101 0.929516 0.945518 0.967521 0.992358 0.907349 0.883690 0.957152 0.976373 0.962225 0.948146 0.932519 0.940152 0.885535 0.867792 0.860614 0.834735 0.931386 0.808641 0.683109 0.759393 0.832995 0.765771 0.886756 0.981820 0.904130 0.890753 0.850103 0.842743 0.987684 0.915407 0.994790 0.780760 0.963678 0.970968 0.949072 0.899742 0.879131 0.900316 0.991890 0.866215 0.928823 0.915664 0.987367 0.906529 0.983501 0.926788 0.884986 0.908789 0.990960 0.845424 0.913532 0.945427 0.918262 0.991591 0.760824 0.783256 0.879077 0.917365 0.878214 0.950446 0.969105 0.964045 0.958560 0.932570 0.852745 0.931468 0.964941 0.756804 0.901960 0.919120 0.929501 0.920953 0.869378 0.819995 0.872581 0.858293 0.939204 0.907327 0.968088 0.977974 0.942628 0.884452 0.807904 0.977541 0.950511 0.970341
0.429889 0.459177 0.917127 0.895512 0.893183 0.848323 0.878044 0.630529 0.742828 0.502120 0.497011 0.387718 0.473558 0.386010 0.465316 0.374081 0.341124 0.353915 0.388143 0.427467 0.846358 0.994597 0.451222 0.506397 0.917782 0.658356 0.930691 0.971638 0.000000 0.275447 0.663243 0.645455 0.553152 0.560560 0.848430 0.887571 0.738148 0.874601 0.913331 0.822874 0.893868 0.877139 0.703950 0.608246 0.693786 0.487452 0.663194 0.573269 0.474933 0.564870 0.762189 0.887823 0.977026 0.836316 0.827281 0.933732 0.480784 0.514109 0.695220 0.832817 0.853496 0.713700 0.434697 0.329178 0.771291 0.811218 0.948087 0.925565 0.709198 0.597125 0.873523 0.910627 0.793155 0.901151 0.872832 0.943682 0.817216 0.788736 0.591192 0.614788 0.342105 0.402987 0.439958 0.474073 0.432272 0.557454 0.902663 0.510835 0.953267 0.721258 0.681608 0.576339 0.571887 0.468861 0.946019 0.813250 0.968637 0.792833 0.981334 0.854439 0.897797 0.819051 0.962712 0.874513 0.962643 0.983092 0.910687 0.684608 0.772950 0.970491 0.960475 0.968216 0.792309 0.893207 0.979897 0.720930
0.476495 0.498397 0.993620 0.845135 0.899101 0.949907 0.782861 0.654907 0.794765 0.444414 0.456434 0.444477 0.450104 0.428602 0.392674 0.382504 0.282118 0.261041 0.353464 0.461862 0.834867 0.853310 0.439914 0.551787 0.934265 0.693292 0.898226 0.973101 0.275447 0.000000 0.608341 0.572283 0.459589 0.463403 0.816505 0.936112 0.766529 0.952560 0.868552 0.826649 0.814560 0.863364 0.672525 0.556805 0.637081 0.474072 0.589652 0.521134 0.535703 0.586912 0.713287 0.847375 0.904864 0.930233 0.800946 0.940087 0.490857 0.576244 0.802428 0.945820 0.836959 0.842976 0.372478 0.287947 0.781837 0.787325 0.998120 0.979073 0.843604 0.700403 0.807072 0.832772 0.760546 0.819047 0.899807 0.996519 0.766430 0.715538 0.480938 0.483596 0.271985 0.378629 0.409996 0.458957 0.495609 0.567929 0.883077 0.552526 0.971257 0.760891 0.646296 0.585405 0.530549 0.465457 0.878176 0.834915 0.935487 0.770389 0.990485 0.876225 0.924604 0.798430 0.938348 0.781007 0.976248 0.969020 0.930967 0.677636 0.718794 0.863016 0.947969 0.919600 0.736213 0.835224 0.913856 0.780563
0.859643 0.917279 0.469990 0.404114 0.943182 0.656705 0.326449 0.491101 0.901128 0.539008 0.622552 0.788761 0.487850 0.677763 0.524566 0.638948 0.741830 0.771981 0.692070 0.900775 0.578757 0.880817 0.661124 0.803452 0.883454 0.714187 0.847984 0.929516 0.663243 0.608341 0.000000 0.368266 0.356980 0.318882 0.717906 0.924336 0.886691 0.740439 0.787214 0.997199 0.927677 0.931534 0.357348 0.418029 0.497238 0.531545 0.594904 0.443957 0.974171 0.835277 0.484616 0.483970 0.539780 0.494990 0.830113 0.918077 0.951190 0.831530 0.751524 0.965368 0.469431 0.865075 0.404964 0.563074 0.708458 0.706870 0.451308 0.494854 0.853502 0.836802 0.366014 0.449126 0.427082 0.377247 0.790850 0.861171 0.570101 0.383119 0.594027 0.620386 0.668962 0.893119 0.904978 0.947976 0.908978 0.833707 0.978385 0.895196 0.925203 0.884964 0.679172 0.833655 0.834540 0.970950 0.772230 0.767341 0.706785 0.931063 0.538004 0.471082 0.570647 0.592759 0.448042 0.475378 0.570417 0.585514 0.888318 0.896591 0.777222 0.824506 0.725966 0.674081 0.669995 0.718933 0.569083 0.781968
0.847121 0.972171 0.510257 0.498486 0.966709 0.669638 0.413714 0.473775 0.925961 0.564793 0.703174 0.775178 0.521396 0.577875 0.527060 0.583662 0.725555 0.741928 0.605153 0.882036 0.659150 0.998867 0.653932 0.736228 0.806652 0.847622 0.848384 0.945518 0.645455 0.572283 0.368266 0.000000 0.379502 0.366160 0.691601 0.877997 0.883777 0.850732 0.756841 0.932305 0.936900 0.954219 0.330363 0.359572 0.432680 0.478413 0.483790 0.403540 0.867977 0.752525 0.426991 0.482320 0.539733 0.557239 0.763182 0.756236 0.961904 0.898234 0.877349 0.928678 0.573333 0.787930 0.463615 0.576940 0.741573 0.738620 0.545089 0.590833 0.780592 0.990327 0.495564 0.608141 0.552253 0.506390 0.680584 0.879305 0.625093 0.458332 0.646382 0.605115 0.597156 0.813371 0.749898 0.940632 0.785596 0.732979 0.862066 0.778226 0.960689 0.869013 0.827585 0.944979 0.951562 0.949103 0.877474 0.691982 0.751584 0.948976 0.631013 0.454808 0.714681 0.731744 0.582970 0.562139 0.657105 0.676134 0.932466 0.990048 0.763265 0.815259 0.817106 0.572756 0.617608 0.683336 0.547226 0.686492
0.669805 0.906020 0.488380 0.518021 0.902782 0.686245 0.396675 0.484694 0.915434 0.504184 0.490662 0.686461 0.404829 0.579246 0.446452 0.575935 0.608508 0.631759 0.509199 0.709966 0.721977 0.845012 0.535596 0.714911 0.950753 0.882465 0.882607 0.967521 0.553152 0.459589 0.356980 0.379502 0.000000 0.355483 0.777349 0.855336 0.673006 0.749871 0.740546 0.927481 0.912689 0.896590 0.434621 0.409220 0.457991 0.452853 0.525132 0.379498 0.878285 0.686916 0.467677 0.569991 0.605142 0.655645 0.740653 0.970325 0.838155 0.989869 0.673556 0.966015 0.511695 0.759808 0.390675 0.444451 0.706973 0.854584 0.499502 0.589188 0.960973 0.842073 0.475984 0.533501 0.483090 0.573095 0.785253 0.948331 0.582521 0.486986 0.698149 0.612017 0.545416 0.729660 0.781770 0.760606 0.715400 0.748978 0.970834 0.747842 0.814541 0.734995 0.835397 0.947501 0.977184 0.922275 0.844401 0.801153 0.639413 0.967430 0.621691 0.539151 0.671274 0.760716 0.537425 0.491811 0.654943 0.565273 0.960514 0.980021 0.711382 0.763462 0.718480 0.547862 0.580029 0.722106 0.583528 0.837580
0.765444 0.887015 0.565518 0.571705 0.984983 0.765940 0.437967 0.484058 0.925984 0.545535 0.595501 0.683456 0.509177 0.565811 0.520627 0.637729 0.606897 0.626657 0.608892 0.805008 0.718980 0.807936 0.662871 0.768853 0.870923 0.845325 0.825536 0.992358 0.560560 0.463403 0.318882 0.366160 0.355483 0.000000 0.777961 0.805648 0.845152 0.782597 0.790649 0.927647 0.987162 0.981235 0.406224 0.375128 0.436383 0.428510 0.521070 0.420515 0.864753 0.735073 0.545273 0.616807 0.654265 0.700345 0.802957 0.885473 0.857752 0.941412 0.750339 0.901554 0.490987 0.787152 0.337248 0.423831 0.793504 0.785217 0.539688 0.532469 0.920000 0.997754 0.522775 0.596785 0.565638 0.556038 0.822146 0.909019 0.681183 0.485889 0.583878 0.605246 0.517961 0.718770 0.789535 0.730243 0.759284 0.726639 0.986211 0.740784 0.982950 0.843935 0.925502 0.921765 0.924031 0.849808 0.836322 0.779058 0.808066 0.947892 0.660789 0.582390 0.707611 0.809284 0.594668 0.589945 0.717768 0.690894 0.852746 0.912509 0.767041 0.763314 0.853875 0.695505 0.616668 0.779764 0.577829 0.753067
0.890359 0.697536 0.463038 0.643846 0.958336 0.677416 0.583739 0.732011 0.669591 0.914467 0.941038 0.853726 0.838372 0.929527 0.973037 0.867841 0.867087 0.695474 0.901994 0.818998 0.985652 0.993421 0.880769 0.841456 0.909624 0.589544 0.677958 0.907349 0.848430 0.816505 0.717906 0.691601 0.777349 0.777961 0.000000 0.915334 0.938454 0.755172 0.912926 0.983053 0.915736 0.895905 0.632342 0.757936 0.704547 0.833105 0.718887 0.674200 0.711076 0.957284 0.690106 0.714459 0.641572 0.598740 0.759175 0.846035 0.822333 0.748695 0.775924 0.829943 0.555275 0.849105 0.883743 0.953465 0.477894 0.613216 0.445075 0.466623 0.871201 0.927094 0.794263 0.736715 0.819357 0.825619 0.933854 0.920634 0.787096 0.816143 0.990907 0.824270 0.882161 0.711424 0.713468 0.844684 0.871985 0.844241 0.834902 0.853007 0.775350 0.959038 0.551685 0.650834 0.592734 0.629487 0.678169 0.912655 0.787497 0.661063 0.606553 0.572289 0.575659 0.634449 0.585307 0.706716 0.539269 0.599732 0.983120 0.753325 0.902199 0.873512 0.744232 0.656575 0.825815 0.716416 0.540175 0.870562
0.808555 0.787703 0.780172 0.940833 0.891689 0.974392 0.881494 0.911335 0.991661 0.819540 0.969172 0.725264 0.980659 0.822709 0.872109 0.823315 0.841297 0.819880 0.853230 0.726958 0.898196 0.739350 0.813465 0.703510 0.948919 0.723337 0.891889 0.883690 0.887571 0.936112 0.924336 0.877997 0.855336 0.805648 0.915334 0.000000 0.963632 0.858112 0.980641 0.920206 0.916390 0.968627 0.952875 0.952200 0.943445 0.951809 0.934771 0.961720 0.750232 0.759085 0.967888 0.974529 0.940676 0.854809 0.991679 0.963047 0.842653 0.869370 0.998872 0.956448 0.875291 0.866326 0.994521 0.945809 0.876231 0.959758 0.742498 0.761152 0.899152 0.832029 0.988228 0.897940 0.920658 0.926336 0.909775 0.873476 0.873751 0.721699 0.967015 0.979283 0.879953 0.866387 0.875910 0.900972 0.753700 0.764788 0.919632 0.928207 0.879717 0.839802 0.858431 0.926386 0.864757 0.866770 0.905720 0.918070 0.851408 0.965805 0.949089 0.974582 0.917078 0.778162 0.843771 0.910012 0.889872 0.836662 0.955122 0.992655 0.819333 0.819648 0.995279 0.930641 0.793348 0.866739 0.746613 0.972373
0.663932 0.803596 0.920119 0.804249 0.926753 0.983009 0.918771 0.824876 0.976487 0.791394 0.720164 0.682042 0.724590 0.750099 0.741083 0.814733 0.730555 0.745489 0.656226 0.688991 0.977325 0.857396 0.690190 0.801787 0.945200 0.877201 0.986594 0.957152 0.738148 0.766529 0.886691 0.883777 0.673006 0.845152 0.938454 0.963632 0.000000 0.929267 0.954129 0.865536 0.950649 0.997585 0.980225 0.926516 0.997695 0.876098 0.776422 0.899059 0.943413 0.874796 0.851697 0.960109 0.991020 0.881575 0.870841 0.792997 0.708606 0.795349 0.712457 0.824914 0.933736 0.878212 0.712599 0.678007 0.879622 0.929844 0.961920 0.921274 0.696956 0.728734 0.794645 0.900760 0.920574 0.946874 0.858223 0.942680 0.778809 0.897694 0.904142 0.908043 0.745975 0.656191 0.876378 0.901098 0.682427 0.719571 0.903512 0.801203 0.762284 0.642979 0.974133 0.932557 0.987126 0.890324 0.861161 0.896286 0.690772 0.877684 0.894087 0.906187 0.987409 0.853368 0.819505 0.865997 0.987655 0.717702 0.924865 0.921015 0.803262 0.843383 0.795743 0.734969 0.928398 0.979168 0.973455 0.796800
0.997813 0.778015 0.685903 0.669751 0.808029 0.833886 0.689270 0.804236 0.783597 0.983616 0.978604 0.972286 0.887324 0.911890 0.874715 0.946720 0.888615 0.914207 0.949037 0.964435 0.962081 0.754298 0.871095 0.936129 0.948747 0.801131 0.963924 0.976373 0.874601 0.952560 0.740439 0.850732 0.749871 0.782597 0.755172 0.858112 0.929267 0.000000 0.982970 0.978193 0.939123 0.787652 0.772507 0.876674 0.813515 0.932401 0.894039 0.832089 0.820767 0.952395 0.682875 0.761500 0.662082 0.660496 0.824509 0.882647 0.887371 0.747891 0.943536 0.917587 0.786045 0.888716 0.879673 0.979135 0.699819 0.735060 0.685060 0.742385 0.870560 0.893640 0.658726 0.705134 0.624135 0.686047 0.978090 0.833661 0.862271 0.787096 0.887278 0.843113 0.959100 0.898951 0.811667 0.882502 0.944120 0.955365 0.935614 0.928944 0.829797 0.947724 0.624488 0.703299 0.706716 0.692771 0.773529 0.873924 0.715605 0.808460 0.775285 0.716414 0.652279 0.740941 0.736681 0.833387 0.846322 0.666193 0.959873 0.801059 0.948310 0.817345 0.680599 0.736273 0.865348 0.789107 0.702757 0.921040
