0.000000 0.317352 0.868687 0.970263 0.827597 0.979081 0.959675 0.928950 0.891803 0.888648 0.424377 0.453145 0.996070 0.934802 0.999548 0.958305 0.377347 0.363988 0.681664 0.598057 0.854465 0.959597 0.854182 0.880203 0.877899 0.908233 0.968131 0.822937 0.560227 0.528152 0.958581 0.992875 0.617957 0.569516 0.944553 0.906704 0.823727 0.755735 0.986465 0.769079 0.547168 0.707415 0.812896 0.689669 0.780059 0.644934 0.535656 0.613316 0.621223 0.639520 0.711385 0.723212 0.976194 0.766160 0.528929 0.650457 0.298691 0.382192 0.382977 0.411606 0.533958 0.680666 0.501552 0.423858 0.887139 0.872427 0.765959 0.572367 0.446231 0.551358 0.945872 0.999117 0.673477 0.735763 0.702041 0.939716 0.975695 0.986961 0.548800 0.686838 0.353704 0.387668 0.667183 0.446388 0.665170 0.733251 0.964207 0.988319 0.923320 0.660488 0.713261 0.698622 0.776693 0.634122 0.733219 0.924501 0.826582 0.931610 0.923124 0.974956 0.902910 0.745917 0.811292 0.763209 0.741101 0.830027 0.859994 0.940083 0.882321 0.821363 0.844784 0.780460 0.870092 0.844005 0.812460 0.988297
0.317352 0.000000 0.885132 0.979568 0.814187 0.978669 0.971236 0.930779 0.857174 0.789602 0.501843 0.460045 0.962323 0.848340 0.921806 0.945320 0.437214 0.415675 0.702813 0.635611 0.904960 0.963365 0.899284 0.908611 0.925073 0.902626 0.950844 0.760248 0.520217 0.536791 0.987389 0.997428 0.585064 0.587599 0.891800 0.989265 0.883390 0.848035 0.963538 0.786265 0.554191 0.680020 0.823076 0.705636 0.772639 0.644731 0.529136 0.590710 0.652789 0.617164 0.683500 0.681908 0.919165 0.800058 0.534670 0.700086 0.324543 0.337891 0.354241 0.350990 0.525549 0.708193 0.489372 0.418338 0.911198 0.887349 0.750438 0.584554 0.464216 0.544290 0.939746 0.999261 0.634767 0.744319 0.702600 0.957771 0.999133 0.998464 0.543266 0.639512 0.384663 0.409914 0.625050 0.445473 0.612201 0.704401 0.879100 0.924194 0.964547 0.685283 0.748682 0.717191 0.810468 0.632474 0.752977 0.918934 0.811022 0.955032 0.936111 0.957795 0.930041 0.798482 0.865096 0.812683 0.743911 0.788976 0.912721 0.900419 0.927140 0.777441 0.803493 0.767186 0.921099 0.871644 0.793648 0.906455
0.868687 0.885132 0.000000 0.303687 0.858540 0.837515 0.434636 0.388115 0.481094 0.664596 0.974047 0.932637 0.605369 0.742977 0.894094 0.508693 0.751485 0.764433 0.680165 0.613454 0.853599 0.969258 0.613844 0.545326 0.374658 0.414945 0.975663 0.952329 0.854180 0.850487 0.556009 0.660626 0.703097 0.823428 0.900447 0.979828 0.698383 0.641549 0.607210 0.677444 0.918602 0.950956 0.602411 0.694964 0.908226 0.988800 0.903401 0.866137 0.856260 0.978070 0.982717 0.986112 0.936575 0.940855 0.962531 0.902060 0.873862 0.612848 0.675962 0.740828 0.883913 0.811428 0.521338 0.569361 0.380754 0.418805 0.630418 0.902462 0.983663 0.854513 0.485442 0.470960 0.857509 0.825189 0.923026 0.811312 0.606498 0.649422 0.875515 0.964580 0.694388 0.785911 0.817498 0.814416 0.984821 0.792614 0.939879 0.767560 0.818091 0.824829 0.499496 0.509410 0.463941 0.444994 0.990104 0.778401 0.857283 0.810069 0.739188 0.638749 0.801578 0.692739 0.999266 0.813271 0.743381 0.871961 0.827377 0.862397 0.945181 0.987628 0.936297 0.978299 0.874452 0.861299 0.886368 0.867426
0.970263 0.979568 0.303687 0.000000 0.755004 0.848370 0.452863 0.346721 0.554201 0.706651 0.906919 0.862630 0.660834 0.631882 0.893136 0.552594 0.832237 0.894992 0.664373 0.538797 0.809290 0.950429 0.595856 0.530080 0.374586 0.408143 0.921706 0.962206 0.935397 0.949198 0.591558 0.652815 0.619039 0.782738 0.864083 0.983478 0.656716 0.645553 0.588947 0.705736 0.997906 0.911501 0.673985 0.697433 0.946646 0.988930 0.950982 0.909260 0.898838 0.940631 0.974884 0.987588 0.926606 0.985851 0.898273 0.872539 0.962157 0.746377 0.750320 0.812130 0.884530 0.824970 0.626626 0.681348 0.383005 0.403451 0.613628 0.840818 0.925210 0.971284 0.591283 0.519217 0.966812 0.894017 0.924668 0.862078 0.695740 0.720480 0.809149 0.992913 0.799380 0.900062 0.836025 0.957320 0.891348 0.714761 0.897885 0.844675 0.801557 0.720306 0.596714 0.585770 0.505149 0.515992 0.992384 0.752498 0.911940 0.884050 0.832769 0.761437 0.770575 0.728081 0.987022 0.833842 0.655772 0.793039 0.927364 0.974131 0.997352 0.945804 0.946010 0.889765 0.943967 0.853616 0.905621 0.880294
0.827597 0.814187 0.858540 0.755004 0.000000 0.921098 0.878034 0.785305 0.917194 0.979608 0.876430 0.985143 0.934227 0.865598 0.911121 0.885833 0.928168 0.912950 0.796933 0.851571 0.738036 0.995571 0.921568 0.976980 0.871830 0.754714 0.878157 0.873609 0.829941 0.871264 0.812036 0.783272 0.753379 0.753393 0.902883 0.875195 0.873756 0.761846 0.843996 0.802828 0.889009 0.983398 0.824704 0.743936 0.887679 0.777303 0.835685 0.803927 0.805023 0.754033 0.868157 0.853700 0.873832 0.968838 0.926660 0.851132 0.860623 0.911639 0.891890 0.874914 0.971381 0.954677 0.995453 0.992744 0.841060 0.881061 0.889700 0.805348 0.868019 0.792752 0.924290 0.899438 0.848126 0.914515 0.961609 0.971387 0.843327 0.876076 0.843215 0.992236 0.874883 0.869769 0.877303 0.827148 0.895145 0.875492 0.850667 0.961328 0.921337 0.807439 0.921155 0.998685 0.998052 0.956293 0.890040 0.797749 0.932895 0.971189 0.978540 0.978573 0.821794 0.967105 0.932869 0.853842 0.891699 0.947702 0.942995 0.971635 0.956052 0.776540 0.873399 0.974431 0.982689 0.997562 0.965032 0.929364
0.979081 0.978669 0.837515 0.848370 0.921098 0.000000 0.672559 0.615494 0.855772 0.593920 0.961284 0.844230 0.793021 0.904617 0.794040 0.813483 0.923120 0.939524 0.782201 0.976802 0.810263 0.963962 0.900872 0.883758 0.994655 0.848594 0.499498 0.973789 0.993782 0.925972 0.916657 0.769354 0.803530 0.755877 0.919576 0.895082 0.999646 0.882931 0.897109 0.910957 0.921873 0.910294 0.952419 0.883647 0.833119 0.732312 0.986979 0.766630 0.744541 0.755391 0.858071 0.827351 0.796485 0.842757 0.797841 0.990640 0.820051 0.888235 0.988698 0.997199 0.822706 0.783778 0.881860 0.889786 0.910830 0.709747 0.849714 0.713096 0.860680 0.803433 0.570099 0.594160 0.654826 0.726081 0.959562 0.987021 0.792487 0.882395 0.978913 0.950812 0.901069 0.905132 0.670877 0.798180 0.778436 0.824233 0.798795 0.797506 0.808382 0.658711 0.534742 0.582891 0.594011 0.735733 0.884294 0.973792 0.629044 0.852071 0.638876 0.718666 0.736903 0.880597 0.842639 0.993273 0.848372 0.938162 0.970408 0.892807 0.902410 0.918816 0.938025 0.839899 0.738245 0.995257 0.989566 0.892546
0.959675 0.971236 0.434636 0.452863 0.878034 0.672559 0.000000 0.377343 0.556296 0.679086 0.957037 0.956760 0.649550 0.931598 0.925688 0.558898 0.941382 0.916039 0.528249 0.779759 0.903080 0.960200 0.628697 0.649311 0.558198 0.659991 0.808291 0.917331 0.986209 0.966771 0.547380 0.528612 0.519201 0.627175 0.947462 0.980807 0.915093 0.893694 0.750370 0.852455 0.972205 0.865920 0.708677 0.814490 0.924183 0.934320 0.897331 0.911647 0.834307 0.909395 0.927459 0.923370 0.979517 0.929727 0.862982 0.868082 0.944652 0.699631 0.823920 0.789584 0.911277 0.960730 0.751587 0.755692 0.571194 0.578230 0.483548 0.666857 0.895937 0.798800 0.633440 0.580408 0.799156 0.842740 0.882157 0.932062 0.740582 0.723473 0.914036 0.877510 0.870705 0.991130 0.870128 0.966854 0.839766 0.720965 0.985556 0.899877 0.906602 0.985159 0.577758 0.572816 0.541963 0.598561 0.853360 0.797593 0.777912 0.880557 0.776873 0.706654 0.879558 0.681768 0.924200 0.734647 0.715310 0.887479 0.897326 0.959848 0.831213 0.955942 0.998352 0.953429 0.807595 0.942925 0.940494 0.934877
0.928950 0.930779 0.388115 0.346721 0.785305 0.615494 0.377343 0.000000 0.599078 0.532647 0.857293 0.731974 0.743789 0.814403 0.886494 0.651039 0.998948 0.971409 0.550645 0.597920 0.927681 0.969312 0.851999 0.766556 0.529558 0.550526 0.805953 0.929358 0.994710 0.953137 0.662567 0.613100 0.538413 0.616022 0.947973 0.937344 0.812924 0.763368 0.712598 0.731792 0.883480 0.989523 0.776617 0.851923 0.897155 0.842765 0.913999 0.969623 0.753507 0.888203 0.874954 0.882387 0.906775 0.818103 0.897356 0.920540 0.999242 0.802736 0.916531 0.958489 0.890540 0.649142 0.729559 0.790360 0.616216 0.362306 0.598752 0.705777 0.975442 0.902220 0.521832 0.425769 0.780526 0.790352 0.965523 0.935858 0.724037 0.775541 0.856850 0.937312 0.917235 0.973581 0.708947 0.933680 0.975238 0.876233 0.809213 0.740121 0.942881 0.944662 0.516344 0.560951 0.470512 0.590987 0.919285 0.798026 0.649938 0.823619 0.771916 0.727562 0.714766 0.778610 0.863619 0.810626 0.662872 0.761261 0.915940 0.938487 0.993478 0.929667 0.990809 0.986610 0.915794 0.919679 0.913501 0.939468
0.891803 0.857174 0.481094 0.554201 0.917194 0.855772 0.556296 0.599078 0.000000 0.645144 0.950758 0.902169 0.630212 0.843642 0.898885 0.522449 0.794916 0.752857 0.686418 0.838401 0.826051 0.997350 0.682536 0.756335 0.665907 0.495805 0.957104 0.919723 0.914988 0.910183 0.499935 0.671868 0.686762 0.808712 0.855244 0.886845 0.786143 0.821177 0.734894 0.772970 0.833889 0.900158 0.577139 0.670931 0.738997 0.862446 0.818105 0.974802 0.947946 0.900390 0.825637 0.888402 0.808791 0.726286 0.969979 0.809050 0.848496 0.624032 0.761334 0.707434 0.953060 0.835862 0.618068 0.637049 0.564426 0.626654 0.648445 0.855241 0.997763 0.963633 0.527038 0.549360 0.961993 0.855596 0.900640 0.746559 0.542315 0.658342 0.918945 0.984347 0.766707 0.806305 0.861981 0.871993 0.986668 0.865460 0.916969 0.747387 0.890886 0.952180 0.556509 0.527103 0.573781 0.565217 0.913621 0.798716 0.785136 0.756329 0.661506 0.619616 0.870075 0.592182 0.808333 0.977461 0.812293 0.989438 0.829302 0.891626 0.905609 0.996325 0.981646 0.836304 0.843321 0.834614 0.913784 0.858283
0.888648 0.789602 0.664596 0.706651 0.979608 0.593920 0.679086 0.532647 0.645144 0.000000 0.997184 0.845550 0.834022 0.991523 0.683661 0.834328 0.966261 0.825079 0.792102 0.868352 0.994847 0.848998 0.851536 0.907921 0.868910 0.734951 0.753383 0.752778 0.949218 0.986053 0.907085 0.879317 0.905684 0.882384 0.956973 0.828652 0.979258 0.909278 0.926631 0.889307 0.950316 0.903740 0.991467 0.838861 0.736123 0.669314 0.868884 0.742067 0.685517 0.646486 0.735676 0.667364 0.753911 0.879223 0.813953 0.911749 0.724707 0.667395 0.769790 0.797439 0.913245 0.682012 0.698232 0.710985 0.953616 0.591915 0.884867 0.873566 0.905898 0.717523 0.486779 0.515021 0.809460 0.791471 0.914775 0.838690 0.726670 0.845893 0.922898 0.828959 0.771477 0.769373 0.575404 0.710621 0.557716 0.712154 0.722165 0.570027 0.924956 0.762726 0.467522 0.481989 0.492972 0.584076 0.961227 0.833019 0.679050 0.753089 0.760442 0.847640 0.734212 0.867688 0.723226 0.954341 0.865258 0.931874 0.946727 0.881738 0.911610 0.932672 0.853333 0.951076 0.922983 0.830440 0.889431 0.961461
0.424377 0.501843 0.974047 0.906919 0.876430 0.961284 0.957037 0.857293 0.950758 0.997184 0.000000 0.504575 0.963559 0.915601 0.946634 0.941397 0.423998 0.341675 0.634234 0.628300 0.922994 0.967827 0.792381 0.919586 0.865935 0.874689 0.982485 0.972209 0.518543 0.400422 0.930033 0.991277 0.672067 0.565835 0.959703 0.837605 0.884393 0.753165 0.944294 0.873960 0.640510 0.811182 0.940695 0.928781 0.977791 0.882028 0.725752 0.782833 0.900988 0.897452 0.916562 0.991286 0.862839 0.671417 0.633583 0.808523 0.467416 0.459079 0.573976 0.506242 0.471046 0.658662 0.500802 0.443810 0.873718 0.804078 0.776790 0.665675 0.432908 0.545880 0.947739 0.951789 0.802810 0.811658 0.806354 0.977425 0.910281 0.952025 0.594456 0.725848 0.467131 0.412354 0.750994 0.487923 0.821857 0.780009 0.996965 0.923836 0.864522 0.710276 0.746386 0.722086 0.814325 0.698631 0.739420 0.994032 0.903905 0.917998 0.919167 0.754423 0.867731 0.863475 0.919582 0.818863 0.825744 0.849818 0.718949 0.918810 0.782896 0.782262 0.808331 0.940753 0.993586 0.980153 0.883023 0.994775
0.453145 0.460045 0.932637 0.862630 0.985143 0.844230 0.956760 0.731974 0.902169 0.845550 0.504575 0.000000 0.827643 0.746358 0.943456 0.833589 0.517000 0.534175 0.727728 0.617416 0.978989 0.981257 0.813242 0.952203 0.955324 0.966541 0.881962 0.993663 0.565008 0.586585 0.994554 0.953122 0.648833 0.631176 0.934309 0.914120 0.812363 0.801519 0.971317 0.784190 0.603417 0.712978 0.905851 0.852732 0.934930 0.864021 0.628347 0.831893 0.878328 0.842144 0.800248 0.874475 0.934555 0.816859 0.683184 0.756418 0.532411 0.557484 0.521529 0.511723 0.452833 0.430719 0.652863 0.567552 0.913075 0.624157 0.811596 0.663072 0.545070 0.652332 0.810055 0.747454 0.592140 0.645385 0.700643 0.939746 0.944894 0.992471 0.582169 0.807359 0.560867 0.552387 0.863110 0.610455 0.902758 0.842894 0.895861 0.839782 0.905981 0.801186 0.956921 0.989982 0.944847 0.849340 0.851314 0.997971 0.714587 0.942737 0.883609 0.989665 0.967014 0.988599 0.684829 0.788019 0.734365 0.765305 0.888733 0.920214 0.895280 0.807854 0.792897 0.745403 0.975188 0.950634 0.874490 0.987858
0.996070 0.962323 0.605369 0.660834 0.934227 0.793021 0.649550 0.743789 0.630212 0.834022 0.963559 0.827643 0.000000 0.707143 0.551766 0.420908 0.849309 0.880428 0.810972 0.882782 0.874648 0.963731 0.572621 0.615449 0.638899 0.714568 0.999301 0.982079 0.924162 0.970567 0.667151 0.716896 0.685130 0.848110 0.823893 0.896807 0.719749 0.797623 0.751217 0.766342 0.976330 0.846390 0.698398 0.726351 0.742512 0.874654 0.830687 0.966180 0.915529 0.850335 0.690415 0.738110 0.701199 0.724737 0.920881 0.788780 0.991578 0.878864 0.857572 0.840306 0.859434 0.905257 0.861327 0.866741 0.604177 0.720209 0.733371 0.901922 0.936389 0.935354 0.678931 0.792519 0.901129 0.868470 0.833871 0.843059 0.653095 0.719028 0.824861 0.905586 0.913950 0.993360 0.915168 0.968930 0.800490 0.655844 0.957963 0.996167 0.768972 0.898210 0.603159 0.564608 0.602486 0.623055 0.888737 0.881410 0.893261 0.876345 0.772432 0.776124 0.947181 0.647305 0.944779 0.955660 0.737997 0.941687 0.955001 0.868411 0.973253 0.891881 0.941693 0.864152 0.741046 0.991967 0.754502 0.900875
0.934802 0.848340 0.742977 0.631882 0.865598 0.904617 0.931598 0.814403 0.843642 0.991523 0.915601 0.746358 0.707143 0.000000 0.666436 0.648157 0.837860 0.995240 0.851084 0.689310 0.996764 0.798749 0.637650 0.621385 0.751244 0.740763 0.793853 0.938151 0.892503 0.974715 0.894612 0.797141 0.737964 0.933872 0.819753 0.950442 0.806557 0.765244 0.869621 0.879566 0.913410 0.888041 0.838644 0.768570 0.842063 0.826002 0.917757 0.834115 0.838544 0.663910 0.772401 0.664982 0.800780 0.770729 0.931021 0.989256 0.923492 0.926876 0.965676 0.893495 0.999684 0.833876 0.915257 0.935848 0.680011 0.700449 0.996396 0.959982 0.814982 0.671703 0.899783 0.910092 0.974581 0.864908 0.904351 0.825546 0.791466 0.864190 0.722465 0.992085 0.908376 0.983371 0.805060 0.826221 0.844883 0.740326 0.942590 0.959499 0.941625 0.705677 0.915430 0.864360 0.821191 0.856780 0.932276 0.988739 0.980509 0.911789 0.935609 0.957662 0.996315 0.990820 0.881258 0.980414 0.694243 0.769338 0.975183 0.992964 0.924763 0.881684 0.808139 0.957034 0.936535 0.968758 0.829196 0.964230
0.999548 0.921806 0.894094 0.893136 0.911121 0.794040 0.925688 0.886494 0.898885 0.683661 0.946634 0.943456 0.551766 0.666436 0.000000 0.607381 0.804138 0.978792 0.915428 0.973056 0.902303 0.966902 0.463649 0.607637 0.795384 0.852329 0.685188 0.870868 0.907332 0.978817 0.726387 0.815977 0.815738 0.993320 0.792170 0.852663 0.811202 0.926579 0.776712 0.983966 0.955105 0.891301 0.769757 0.693882 0.608687 0.656180 0.838851 0.815035 0.684916 0.589425 0.619603 0.580277 0.575155 0.635221 0.753402 0.864741 0.903623 0.998432 0.909408 0.889968 0.965623 0.748342 0.938524 0.987448 0.653722 0.873168 0.878368 0.860000 0.943715 0.814831 0.900170 0.812226 0.908909 0.858736 0.894705 0.988159 0.900765 0.854932 0.848066 0.903875 0.943823 0.888304 0.591596 0.790337 0.590308 0.550378 0.792883 0.732461 0.826187 0.807561 0.946084 0.988468 0.964649 0.935288 0.952653 0.995651 0.790009 0.794773 0.908034 0.977885 0.797129 0.821907 0.810728 0.962278 0.935244 0.974937 0.913512 0.991798 0.988148 0.969128 0.867514 0.987010 0.951891 0.978376 0.803846 0.931298
0.958305 0.945320 0.508693 0.552594 0.885833 0.813483 0.558898 0.651039 0.522449 0.834328 0.941397 0.833589 0.420908 0.648157 0.607381 0.000000 0.868071 0.892354 0.703535 0.718111 0.842370 0.958900 0.482599 0.554381 0.548505 0.568821 0.992917 0.961357 0.953864 0.962837 0.520316 0.616697 0.591081 0.760872 0.806259 0.851729 0.742131 0.725845 0.709776 0.711986 0.996825 0.953588 0.503308 0.567228 0.616307 0.745122 0.714767 0.832646 0.831643 0.776489 0.680980 0.715139 0.680667 0.730073 0.852092 0.700894 0.952446 0.802626 0.873455 0.781972 0.940154 0.912248 0.740869 0.776012 0.481004 0.663096 0.628382 0.819339 0.936017 0.997600 0.615419 0.644036 0.832061 0.786374 0.861453 0.796119 0.539892 0.684280 0.716697 0.951600 0.894920 0.979162 0.873023 0.923952 0.759564 0.660370 0.985470 0.902330 0.864140 0.824741 0.601674 0.597785 0.610167 0.614714 0.941930 0.790354 0.880638 0.992144 0.722265 0.624089 0.882722 0.620469 0.881259 0.975183 0.682847 0.845405 0.941426 0.803440 0.858964 0.918528 0.984128 0.838627 0.714467 0.964889 0.759489 0.797994
0.377347 0.437214 0.751485 0.832237 0.928168 0.923120 0.941382 0.998948 0.794916 0.966261 0.423998 0.517000 0.849309 0.837860 0.804138 0.868071 0.000000 0.313717 0.709538 0.720389 0.936538 0.952601 0.621408 0.727161 0.692591 0.698836 0.840754 0.918034 0.513665 0.401742 0.904354 0.883896 0.802491 0.625442 0.921369 0.845387 0.984906 0.936132 0.903858 0.920512 0.597973 0.832998 0.895452 0.984781 0.977941 0.903379 0.713995 0.831111 0.892438 0.963653 0.996023 0.927633 0.736040 0.538983 0.673320 0.769072 0.421022 0.394257 0.425660 0.483147 0.474970 0.741987 0.404789 0.359570 0.661417 0.982824 0.849657 0.637277 0.538427 0.744858 0.893632 0.993740 0.698260 0.812078 0.802852 0.856413 0.848902 0.819902 0.638250 0.696192 0.369209 0.382087 0.755778 0.521171 0.860657 0.940665 0.945028 0.944920 0.952754 0.853225 0.666029 0.607114 0.675441 0.544649 0.737182 0.876706 0.837396 0.949915 0.943770 0.826761 0.856828 0.727531 0.884243 0.744999 0.960198 0.844320 0.803567 0.965164 0.960233 0.849798 0.916225 0.817150 0.949219 0.969887 0.980913 0.972639
0.363988 0.415675 0.764433 0.894992 0.912950 0.939524 0.916039 0.971409 0.752857 0.825079 0.341675 0.534175 0.880428 0.995240 0.978792 0.892354 0.313717 0.000000 0.704364 0.669445 0.995374 0.999498 0.777452 0.858955 0.747960 0.720455 0.989030 0.863490 0.440680 0.363481 0.915967 0.913722 0.734819 0.599753 0.974732 0.878989 0.926644 0.930962 0.943807 0.925860 0.562438 0.810611 0.888384 0.956276 0.960748 0.838414 0.656207 0.731856 0.841128 0.871457 0.934944 0.988443 0.848584 0.567994 0.592760 0.816377 0.378621 0.347778 0.475008 0.459595 0.480551 0.819383 0.355849 0.310814 0.771052 0.983334 0.868836 0.696936 0.510783 0.634622 0.782541 0.895208 0.756039 0.895960 0.838988 0.858885 0.767732 0.818868 0.592041 0.669670 0.371606 0.327782 0.614012 0.424042 0.713272 0.778767 0.935403 0.818913 0.936204 0.740890 0.594216 0.534438 0.645510 0.555073 0.751161 0.923493 0.994353 0.917331 0.851594 0.761577 0.800194 0.706755 0.975570 0.806081 0.915731 0.836999 0.700022 0.877124 0.828903 0.857956 0.828084 0.899857 0.888641 0.961910 0.925691 0.908863
0.681664 0.702813 0.680165 0.664373 0.796933 0.782201 0.528249 0.550645 0.686418 0.792102 0.634234 0.727728 0.810972 0.851084 0.915428 0.703535 0.709538 0.704364 0.000000 0.564640 0.898560 0.955313 0.844659 0.902627 0.897982 0.840730 0.810781 0.957457 0.645035 0.580659 0.654574 0.641349 0.547784 0.445430 0.894375 0.961752 0.948508 0.858116 0.825487 0.894483 0.816238 0.916860 0.799233 0.838100 0.872729 0.907695 0.732217 0.855746 0.978619 0.932905 0.997811 0.977318 0.964259 0.825909 0.789066 0.884921 0.781912 0.922396 0.837672 0.838337 0.670782 0.855609 0.901965 0.888102 0.862381 0.684138 0.547748 0.595860 0.771991 0.919321 0.722803 0.687338 0.709239 0.721108 0.849927 0.956960 0.845975 0.818257 0.687835 0.824644 0.831450 0.743791 0.918823 0.769780 0.850186 0.823821 0.924285 0.988510 0.954930 0.909445 0.878521 0.881885 0.781424 0.911472 0.763211 0.939765 0.766986 0.982913 0.892844 0.850414 0.982331 0.956025 0.970926 0.976207 0.804776 0.912650 0.949008 0.920076 0.952276 0.964327 0.860070 0.940604 0.905957 0.874673 0.854813 0.911219
0.598057 0.635611 0.613454 0.538797 0.851571 0.976802 0.779759 0.597920 0.838401 0.868352 0.628300 0.617416 0.882782 0.689310 0.973056 0.718111 0.720389 0.669445 0.564640 0.000000 0.815019 0.991710 0.881443 0.788635 0.710479 0.673414 0.947142 0.895658 0.721388 0.718631 0.828837 0.861856 0.647951 0.728293 0.876442 0.930981 0.776505 0.625887 0.817280 0.762429 0.683479 0.858063 0.783179 0.744529 0.957013 0.902520 0.761562 0.773583 0.965946 0.836311 0.995577 0.961839 0.912492 0.746950 0.723001 0.841653 0.665311 0.833528 0.882427 0.815456 0.836518 0.723593 0.985900 0.919784 0.700107 0.522774 0.732607 0.756180 0.623327 0.785764 0.784475 0.650166 0.836484 0.798766 0.957049 0.968184 0.877259 0.970072 0.633489 0.982732 0.847460 0.771316 0.897168 0.801735 0.844997 0.785077 0.971214 0.995013 0.906696 0.590704 0.922717 0.971361 0.847594 0.897151 0.837852 0.962223 0.854507 0.919734 0.944592 0.914741 0.967145 0.912033 0.930826 0.981615 0.612883 0.730792 0.983779 0.984758 0.918243 0.887796 0.828132 0.943183 0.984025 0.813217 0.888269 0.982387
0.854465 0.904960 0.853599 0.809290 0.738036 0.810263 0.903080 0.927681 0.826051 0.994847 0.922994 0.978989 0.874648 0.996764 0.902303 0.842370 0.936538 0.995374 0.898560 0.815019 0.000000 0.959779 0.911954 0.979259 0.924186 0.824524 0.974469 0.837017 0.987928 0.948583 0.745388 0.959512 0.869285 0.861644 0.833464 0.969263 0.700768 0.833444 0.779978 0.798081 0.989887 0.919752 0.701491 0.743164 0.776128 0.827161 0.819418 0.891921 0.834994 0.869508 0.887378 0.884261 0.935694 0.961051 0.940626 0.902737 0.968152 0.966170 0.942284 0.991823 0.960994 0.951382 0.901656 0.938381 0.870687 0.924277 0.767434 0.793344 0.877003 0.885094 0.762933 0.875579 0.896031 0.839100 0.912058 0.915281 0.808867 0.846452 0.870622 0.935673 0.955830 0.989055 0.978966 0.984706 0.955279 0.906075 0.997712 0.835021 0.989823 0.882478 0.925984 0.854802 0.891575 0.898661 0.934754 0.928518 0.928296 0.913988 0.811040 0.891452 0.805291 0.955152 0.924653 0.696330 0.846594 0.979129 0.996881 0.993114 0.849616 0.918960 0.959765 0.954353 0.832719 0.984885 0.915904 0.793827
0.959597 0.963365 0.969258 0.950429 0.995571 0.963962 0.960200 0.969312 0.997350 0.848998 0.967827 0.981257 0.963731 0.798749 0.966902 0.958900 0.952601 0.999498 0.955313 0.991710 0.959779 0.000000 0.978154 0.958787 0.993881 0.987193 0.991101 0.983045 0.901260 0.924088 0.905307 0.948861 0.989604 0.955976 0.861554 0.978761 0.752196 0.919831 0.825755 0.835118 0.873265 0.967551 0.827044 0.845140 0.794604 0.807711 0.824217 0.869364 0.886094 0.978748 0.810054 0.900222 0.806508 0.875098 0.840249 0.811552 0.942465 0.989475 0.947394 0.965041 0.982544 0.991354 0.984787 0.963937 0.976333 0.923020 0.956304 0.954245 0.972662 0.965141 0.874441 0.979874 0.987527 0.978153 0.841308 0.914852 0.980685 0.983580 0.914363 0.974855 0.932700 0.869398 0.917304 0.942109 0.891135 0.944737 0.987787 0.931481 0.992723 0.949968 0.961967 0.991908 0.952893 0.954729 0.971205 0.920101 0.908395 0.961771 0.825434 0.970353 0.999233 0.877708 0.891968 0.792251 0.907475 0.920733 0.998956 0.987607 0.962298 0.944513 0.977596 0.996613 0.938559 0.991217 0.905719 0.802441
0.854182 0.899284 0.613844 0.595856 0.921568 0.900872 0.628697 0.851999 0.682536 0.851536 0.792381 0.813242 0.572621 0.637650 0.463649 0.482599 0.621408 0.777452 0.844659 0.881443 0.911954 0.978154 0.000000 0.364805 0.522515 0.639120 0.715325 0.825181 0.849661 0.797195 0.640525 0.707209 0.705783 0.989734 0.733403 0.749906 0.816030 0.905675 0.756787 0.908599 0.871867 0.924846 0.583112 0.583726 0.591441 0.722724 0.893388 0.754672 0.797025 0.669921 0.739712 0.633554 0.540322 0.609337 0.888985 0.836238 0.949384 0.734911 0.725681 0.693951 0.739385 0.692665 0.723839 0.695855 0.383789 0.918884 0.694459 0.988217 0.904925 0.995024 0.936471 0.997153 0.893758 0.874751 0.971183 0.868314 0.728167 0.715811 0.964266 0.979461 0.781060 0.901534 0.767111 0.944765 0.540640 0.481108 0.861112 0.845806 0.800143 0.747469 0.816929 0.763138 0.765473 0.697117 0.958260 0.830037 0.802103 0.893567 0.938249 0.717703 0.988640 0.720860 0.844492 0.822022 0.741649 0.973376 0.860641 0.971681 0.838242 0.999354 0.936280 0.953826 0.813280 0.945907 0.844212 0.923200
0.880203 0.908611 0.545326 0.530080 0.976980 0.883758 0.649311 0.766556 0.756335 0.907921 0.919586 0.952203 0.615449 0.621385 0.607637 0.554381 0.727161 0.858955 0.902627 0.788635 0.979259 0.958787 0.364805 0.000000 0.457452 0.673788 0.713124 0.975195 0.846834 0.873055 0.749945 0.750632 0.805048 0.965195 0.794925 0.863252 0.795821 0.805029 0.752911 0.879958 0.940349 0.973212 0.676407 0.624380 0.707166 0.818844 0.925214 0.731709 0.923062 0.778124 0.829846 0.780513 0.664103 0.747472 0.897370 0.862967 0.987323 0.784540 0.743093 0.761221 0.788850 0.862569 0.740617 0.749405 0.409868 0.796140 0.673449 0.940020 0.935811 0.983648 0.880396 0.933634 0.891969 0.862469 0.997791 0.931177 0.772976 0.745926 0.979008 0.949089 0.857326 0.982479 0.842724 0.891883 0.625276 0.463640 0.920594 0.852931 0.694157 0.676866 0.820952 0.844094 0.814978 0.758494 0.993358 0.824812 0.861140 0.992414 0.974459 0.727401 0.996536 0.794803 0.868098 0.870348 0.718074 0.829377 0.908624 0.983978 0.873384 0.949488 0.931586 0.949137 0.907992 0.943094 0.856006 0.930868
0.877899 0.925073 0.374658 0.374586 0.871830 0.994655 0.558198 0.529558 0.665907 0.868910 0.865935 0.955324 0.638899 0.751244 0.795384 0.548505 0.692591 0.747960 0.897982 0.710479 0.924186 0.993881 0.522515 0.457452 0.000000 0.442499 0.845839 0.925425 0.750085 0.702705 0.633237 0.754448 0.738583 0.948536 0.818495 0.974793 0.696955 0.701885 0.668109 0.667508 0.952774 0.931083 0.580033 0.630312 0.849617 0.933044 0.950371 0.806707 0.972320 0.899493 0.966957 0.909949 0.844800 0.930737 0.890853 0.882466 0.952134 0.683234 0.661299 0.717799 0.687476 0.997302 0.515991 0.585480 0.289223 0.565359 0.648983 0.999065 0.956434 0.885578 0.662965 0.656732 0.954763 0.998209 0.977002 0.887810 0.625832 0.690654 0.958802 0.949947 0.743980 0.781075 0.880067 0.900555 0.815454 0.669236 0.941784 0.881881 0.770010 0.710477 0.612079 0.623548 0.542472 0.493142 0.907680 0.796775 0.981715 0.937050 0.815641 0.689512 0.772824 0.759997 0.980448 0.747445 0.639017 0.873420 0.816732 0.904184 0.964971 0.993396 0.963229 0.942945 0.884109 0.980691 0.946588 0.813919
0.908233 0.902626 0.414945 0.408143 0.754714 0.848594 0.659991 0.550526 0.495805 0.734951 0.874689 0.966541 0.714568 0.740763 0.852329 0.568821 0.698836 0.720455 0.840730 0.673414 0.824524 0.987193 0.639120 0.673788 0.442499 0.000000 0.896522 0.905246 0.878944 0.775584 0.618797 0.699262 0.746918 0.957514 0.730059 0.989955 0.647433 0.706681 0.680801 0.621222 0.877144 0.895772 0.595565 0.676725 0.848734 0.895316 0.920577 0.960507 0.978344 0.828411 0.887010 0.867300 0.839516 0.829528 0.933356 0.879465 0.838743 0.665352 0.679681 0.739977 0.726258 0.903255 0.526524 0.567551 0.444828 0.571768 0.750533 0.968707 0.989406 0.984283 0.578368 0.584371 0.968150 0.945293 0.986207 0.864062 0.536762 0.640390 0.923653 0.984801 0.735421 0.720982 0.860505 0.847718 0.998030 0.846366 0.911245 0.821246 0.914874 0.752597 0.593303 0.551913 0.524084 0.497657 0.947101 0.864327 0.886574 0.845997 0.750967 0.666114 0.803038 0.735086 0.878872 0.925925 0.721230 0.891650 0.807214 0.836423 0.965214 0.960441 0.977313 0.946879 0.864857 0.856067 0.942598 0.843404
0.968131 0.950844 0.975663 0.921706 0.878157 0.499498 0.808291 0.805953 0.957104 0.753383 0.982485 0.881962 0.999301 0.793853 0.685188 0.992917 0.840754 0.989030 0.810781 0.947142 0.974469 0.991101 0.715325 0.713124 0.845839 0.896522 0.000000 0.793979 0.938655 0.968024 0.997451 0.933359 0.928525 0.787138 0.828993 0.822958 0.868427 0.867293 0.906485 0.971042 0.953232 0.970083 0.957329 0.830899 0.833890 0.810461 0.916835 0.823643 0.817673 0.762518 0.891278 0.848751 0.707994 0.783112 0.875520 0.963701 0.945869 0.986556 0.844379 0.869930 0.737004 0.773562 0.984261 0.948690 0.734651 0.845090 0.903228 0.660401 0.932318 0.824893 0.788766 0.692412 0.737227 0.745564 0.929252 0.952687 0.982802 0.989510 0.948633 0.930411 0.982554 0.991247 0.703790 0.829612 0.821547 0.747742 0.931704 0.902960 0.802569 0.699362 0.783100 0.794931 0.816532 0.914497 0.834729 0.898305 0.658820 0.874086 0.793332 0.848399 0.785118 0.970397 0.810843 0.988387 0.914677 0.984633 0.942371 0.909419 0.886622 0.935866 0.966006 0.895244 0.804750 0.926041 0.922646 0.942276
0.822937 0.760248 0.952329 0.962206 0.873609 0.973789 0.917331 0.929358 0.919723 0.752778 0.972209 0.993663 0.982079 0.938151 0.870868 0.961357 0.918034 0.863490 0.957457 0.895658 0.837017 0.983045 0.825181 0.975195 0.925425 0.905246 0.793979 0.000000 0.876581 0.977021 0.983724 0.856097 0.843440 0.959360 0.812526 0.935024 0.909698 0.977377 0.968737 0.802700 0.936044 0.884171 0.891614 0.806507 0.863663 0.831491 0.939609 0.806092 0.770139 0.731819 0.842677 0.754870 0.816807 0.977000 0.789761 0.899308 0.821166 0.774314 0.888136 0.906487 0.877468 0.827306 0.895742 0.864275 0.876958 0.940354 0.988833 0.969340 0.839996 0.829940 0.849435 0.849595 0.951355 0.904422 0.963475 0.819924 0.906521 0.943596 0.861909 0.849184 0.886875 0.850148 0.767633 0.817478 0.696373 0.749647 0.866299 0.847034 0.987943 0.744080 0.831767 0.879573 0.885505 0.995551 0.833437 0.814069 0.767398 0.914586 0.923072 0.919992 0.919636 0.967901 0.865213 0.992477 0.984991 0.977662 0.981112 0.920735 0.884713 0.968200 0.900351 0.983908 0.955816 0.939699 0.912332 0.938385
0.560227 0.520217 0.854180 0.935397 0.829941 0.993782 0.986209 0.994710 0.914988 0.949218 0.518543 0.565008 0.924162 0.892503 0.907332 0.953864 0.513665 0.440680 0.645035 0.721388 0.987928 0.901260 0.849661 0.846834 0.750085 0.878944 0.938655 0.876581 0.000000 0.415242 0.999652 0.991250 0.719651 0.620171 0.991377 0.900201 0.912474 0.935491 0.963864 0.917234 0.681777 0.750930 0.879650 0.961848 0.968852 0.861159 0.809771 0.853316 0.839000 0.833306 0.943141 0.999257 0.928315 0.761963 0.664213 0.932419 0.628876 0.563555 0.643988 0.613477 0.584752 0.906986 0.493161 0.527698 0.779829 0.970593 0.919992 0.809180 0.656210 0.761981 0.846098 0.983848 0.710450 0.922744 0.831706 0.860946 0.881490 0.882931 0.688399 0.873748 0.533604 0.529303 0.642877 0.552607 0.867618 0.874398 0.987446 0.921471 0.992797 0.836761 0.744273 0.743613 0.861408 0.733996 0.813340 0.868387 0.974807 0.855900 0.907577 0.756628 0.752401 0.781573 0.980103 0.840185 0.990744 0.947903 0.732588 0.988088 0.822183 0.914859 0.764416 0.898159 0.897997 0.926082 0.983866 0.762032
0.528152 0.536791 0.850487 0.949198 0.871264 0.925972 0.966771 0.953137 0.910183 0.986053 0.400422 0.586585 0.970567 0.974715 0.978817 0.962837 0.401742 0.363481 0.580659 0.718631 0.948583 0.924088 0.797195 0.873055 0.702705 0.775584 0.968024 0.977021 0.415242 0.000000 0.928659 0.943386 0.727975 0.586892 0.951616 0.951256 0.975673 0.988993 0.953559 0.943729 0.699345 0.757840 0.863481 0.983648 0.932940 0.879053 0.750298 0.887262 0.918087 0.923689 0.974750 0.974010 0.857100 0.713937 0.699759 0.873762 0.589153 0.535466 0.567349 0.568399 0.465645 0.846392 0.442058 0.456480 0.728076 0.984685 0.761676 0.685262 0.620704 0.731890 0.942409 0.974731 0.694150 0.844305 0.831381 0.908088 0.880538 0.992399 0.644836 0.764422 0.493562 0.451899 0.722099 0.527947 0.889830 0.851818 0.929407 0.855622 0.993409 0.885402 0.758182 0.703493 0.800487 0.691797 0.698489 0.997169 0.834816 0.968304 0.940036 0.842036 0.774389 0.867283 0.931085 0.766111 0.959185 0.860093 0.637723 0.993550 0.871747 0.799042 0.785701 0.885588 0.897646 0.885165 0.859401 0.938453
0.958581 0.987389 0.556009 0.591558 0.812036 0.916657 0.547380 0.662567 0.499935 0.907085 0.930033 0.994554 0.667151 0.894612 0.726387 0.520316 0.904354 0.915967 0.654574 0.828837 0.745388 0.905307 0.640525 0.749945 0.633237 0.618797 0.997451 0.983724 0.999652 0.928659 0.000000 0.598721 0.594239 0.713432 0.975370 0.901148 0.776032 0.721475 0.737655 0.754681 0.962855 0.900961 0.553694 0.560323 0.611891 0.706774 0.774265 0.851491 0.821860 0.767444 0.714281 0.762984 0.750197 0.775745 0.739394 0.808891 0.976681 0.805837 0.877241 0.833340 0.995648 0.992656 0.780314 0.806736 0.598478 0.773094 0.528591 0.739950 0.954747 0.954279 0.668208 0.727862 0.895010 0.861842 0.882363 0.883215 0.573701 0.657432 0.723370 0.851914 0.986966 0.993876 0.935689 0.987846 0.851792 0.734308 0.961515 0.792829 0.943333 0.894754 0.740819 0.679733 0.676741 0.663943 0.941362 0.887813 0.857298 0.937192 0.738814 0.725992 0.961515 0.630561 0.897195 0.988596 0.797239 0.977570 0.988321 0.883734 0.972343 0.982151 0.976484 0.925360 0.806394 0.992722 0.831406 0.848266
0.992875 0.997428 0.660626 0.652815 0.783272 0.769354 0.528612 0.613100 0.671868 0.879317 0.991277 0.953122 0.716896 0.797141 0.815977 0.616697 0.883896 0.913722 0.641349 0.861856 0.959512 0.948861 0.707209 0.750632 0.754448 0.699262 0.933359 0.856097 0.991250 0.943386 0.598721 0.000000 0.663680 0.763158 0.957329 0.852062 0.971591 0.906348 0.850896 0.903938 0.946114 0.901873 0.717383 0.793291 0.843417 0.867189 0.807024 0.971316 0.967867 0.825224 0.855564 0.826797 0.846867 0.869826 0.877177 0.927292 0.968098 0.825505 0.944243 0.916906 0.937553 0.969706 0.870614 0.838466 0.728520 0.774567 0.694074 0.754486 0.879246 0.921265 0.827404 0.849689 0.856275 0.895333 0.897812 0.883084 0.796839 0.802906 0.804292 0.884794 0.911743 0.972521 0.992297 0.978583 0.894771 0.793173 0.828502 0.972152 0.953302 0.940727 0.779030 0.694835 0.714227 0.810648 0.820771 0.967124 0.841363 0.976694 0.883711 0.751123 0.958384 0.782772 0.924038 0.945030 0.711998 0.864398 0.964352 0.971735 0.974195 0.911724 0.921434 0.917514 0.846103 0.922130 0.739683 0.988617
0.617957 0.585064 0.703097 0.619039 0.753379 0.803530 0.519201 0.538413 0.686762 0.905684 0.672067 0.648833 0.685130 0.737964 0.815738 0.591081 0.802491 0.734819 0.547784 0.647951 0.869285 0.989604 0.705783 0.805048 0.738583 0.746918 0.928525 0.843440 0.719651 0.727975 0.594239 0.663680 0.000000 0.463917 0.914313 0.956022 0.864048 0.801360 0.887530 0.732652 0.753711 0.896986 0.600388 0.599401 0.688873 0.701045 0.641158 0.672112 0.757263 0.663621 0.717173 0.698620 0.790726 0.992219 0.618052 0.630533 0.626528 0.813216 0.750933 0.754437 0.720598 0.782964 0.900347 0.880863 0.697731 0.643961 0.518060 0.515021 0.730687 0.772821 0.805222 0.754608 0.707317 0.720312 0.788139 0.938084 0.722349 0.704977 0.651628 0.777391 0.740926 0.687661 0.767950 0.673144 0.611908 0.565486 0.990748 0.997268 0.875410 0.678690 0.859371 0.831357 0.778890 0.893210 0.819420 0.810103 0.762114 0.817466 0.746902 0.805620 0.953512 0.864002 0.776621 0.985892 0.550603 0.751847 0.946425 0.927371 0.906549 0.793875 0.906330 0.877098 0.794255 0.952596 0.805303 0.910180
0.569516 0.587599 0.823428 0.782738 0.753393 0.755877 0.627175 0.616022 0.808712 0.882384 0.565835 0.631176 0.848110 0.933872 0.993320 0.760872 0.625442 0.599753 0.445430 0.728293 0.861644 0.955976 0.989734 0.965195 0.948536 0.957514 0.787138 0.959360 0.620171 0.586892 0.713432 0.763158 0.463917 0.000000 0.923401 0.932517 0.895600 0.797771 0.897336 0.821108 0.734908 0.880494 0.767889 0.772939 0.773686 0.775630 0.649515 0.747961 0.849266 0.892974 0.851121 0.915918 0.954215 0.855549 0.718858 0.775168 0.614032 0.745474 0.678293 0.672772 0.595798 0.758794 0.783721 0.751819 0.952324 0.754410 0.538618 0.554334 0.671287 0.849930 0.782155 0.702734 0.578123 0.721214 0.662924 0.933371 0.831434 0.812114 0.664625 0.696594 0.650128 0.629524 0.854505 0.653774 0.815255 0.756126 0.902650 0.947266 0.931336 0.854700 0.937356 0.942449 0.879775 0.977941 0.732732 0.857295 0.732520 0.918031 0.772045 0.896558 0.972692 0.939079 0.807651 0.873127 0.800994 0.817277 0.788605 0.893836 0.943361 0.851198 0.935336 0.820555 0.851686 0.867643 0.836176 0.979825
0.944553 0.891800 0.900447 0.864083 0.902883 0.919576 0.947462 0.947973 0.855244 0.956973 0.959703 0.934309 0.823893 0.819753 0.792170 0.806259 0.921369 0.974732 0.894375 0.876442 0.833464 0.861554 0.733403 0.794925 0.818495 0.730059 0.828993 0.812526 0.991377 0.951616 0.975370 0.957329 0.914313 0.923401 0.000000 0.919868 0.724050 0.908307 0.744308 0.866237 0.931190 0.941725 0.654023 0.664956 0.670542 0.645184 0.763235 0.678059 0.674016 0.661610 0.716066 0.693263 0.784130 0.798937 0.949819 0.799417 0.880876 0.924382 0.944068 0.928786 0.911721 0.979383 0.969432 0.976148 0.743618 0.971086 0.856227 0.951781 0.841545 0.860088 0.968360 0.997564 0.909408 0.970508 0.995720 0.748583 0.777220 0.749437 0.957208 0.932582 0.951997 0.956941 0.905194 0.979799 0.778265 0.764809 0.939287 0.942746 0.834852 0.695810 0.974466 0.985403 0.989781 0.985122 0.861597 0.828433 0.884755 0.865755 0.875326 0.777009 0.929340 0.950657 0.913095 0.797803 0.796382 0.877201 0.994179 0.932680 0.875639 0.788949 0.987033 0.820485 0.826171 0.942448 0.837615 0.831544
0.906704 0.989265 0.979828 0.983478 0.875195 0.895082 0.980807 0.937344 0.886845 0.828652 0.837605 0.914120 0.896807 0.950442 0.852663 0.851729 0.845387 0.878989 0.961752 0.930981 0.969263 0.978761 0.749906 0.863252 0.974793 0.989955 0.822958 0.935024 0.900201 0.951256 0.901148 0.852062 0.956022 0.932517 0.919868 0.000000 0.940947 0.858730 0.886105 0.936725 0.872058 0.904048 0.826523 0.878818 0.747523 0.848487 0.968377 0.938396 0.891964 0.888823 0.913466 0.825906 0.757805 0.821851 0.922021 0.982115 0.946058 0.900578 0.945127 0.844319 0.863064 0.835938 0.914458 0.890164 0.878880 0.871001 0.932147 0.941335 0.753014 0.941470 0.935722 0.801399 0.889082 0.985763 0.951996 0.821961 0.983238 0.947115 0.910359 0.992309 0.902133 0.901803 0.893051 0.994449 0.847849 0.888176 0.935322 0.974307 0.938161 0.955576 0.968543 0.943878 0.950233 0.969778 0.937092 0.830146 0.980787 0.935147 0.955505 0.858715 0.914881 0.702777 0.986147 0.997702 0.995738 0.936796 0.942298 0.953612 0.882730 0.886411 0.941102 0.942395 0.895563 0.953936 0.738777 0.904515
0.823727 0.883390 0.698383 0.656716 0.873756 0.999646 0.915093 0.812924 0.786143 0.979258 0.884393 0.812363 0.719749 0.806557 0.811202 0.742131 0.984906 0.926644 0.948508 0.776505 0.700768 0.752196 0.816030 0.795821 0.696955 0.647433 0.868427 0.909698 0.912474 0.975673 0.776032 0.971591 0.864048 0.895600 0.724050 0.940947 0.000000 0.688729 0.810508 0.602506 0.873198 0.994372 0.627819 0.596501 0.746222 0.743373 0.740761 0.786228 0.782918 0.813591 0.784560 0.802435 0.877124 0.947253 0.818415 0.822230 0.827579 0.932785 0.984229 0.967332 0.996449 0.824510 0.904120 0.996937 0.656924 0.714020 0.790555 0.914056 0.818209 0.837789 0.756606 0.821441 0.917559 0.940167 0.991236 0.907817 0.764711 0.826114 0.777714 0.780644 0.908182 0.895690 0.895976 0.885688 0.828350 0.779863 0.955437 0.824896 0.897075 0.720614 0.869170 0.901574 0.818293 0.832672 0.921327 0.854401 0.875592 0.999172 0.782772 0.850009 0.842501 0.925797 0.887232 0.850977 0.915376 0.917488 0.996422 0.995778 0.959990 0.972258 0.952635 0.955790 0.979431 0.924986 0.801852 0.745498
0.755735 0.848035 0.641549 0.645553 0.761846 0.882931 0.893694 0.763368 0.821177 0.909278 0.753165 0.801519 0.797623 0.765244 0.926579 0.725845 0.936132 0.930962 0.858116 0.625887 0.833444 0.919831 0.905675 0.805029 0.701885 0.706681 0.867293 0.977377 0.935491 0.988993 0.721475 0.906348 0.801360 0.797771 0.908307 0.858730 0.688729 0.000000 0.815587 0.598719 0.866353 0.940009 0.752400 0.673330 0.846908 0.772469 0.843292 0.743880 0.837067 0.808177 0.781641 0.802274 0.886763 0.974593 0.777533 0.821772 0.747641 0.910757 0.955790 0.881474 0.943460 0.775493 0.931992 0.994523 0.701487 0.693664 0.814740 0.904096 0.637329 0.713777 0.805373 0.802282 0.910620 0.753923 0.827407 0.750694 0.763478 0.866899 0.727001 0.968427 0.882455 0.873964 0.858031 0.809010 0.893166 0.785079 0.962027 0.884639 0.686038 0.645875 0.990731 0.943060 0.923589 0.883590 0.937921 0.943298 0.967094 0.836899 0.994682 0.968428 0.845028 0.921422 0.859575 0.921271 0.806352 0.839798 0.944469 0.872075 0.872162 0.839290 0.917373 0.990316 0.865358 0.988340 0.892663 0.833268
