0.000000 0.156507 0.422197 0.497336 0.738376 0.852479 0.770143 0.703151 0.498910 0.636519 0.396835 0.297250 0.328288 0.346968 0.480159 0.667820 0.270377 0.246567 0.277790 0.233269 0.531747 0.986973 0.574200 0.378938 0.440535 0.614643 0.501784 0.767824 0.522906 0.538951 0.905869 0.651212 0.395595 0.488391 0.782781 0.839197 0.781004 0.861799 0.934461 0.814601 0.725454 0.695248 0.847300 0.727816 0.922996 0.893642 0.532113 0.569218 0.771653 0.690249 0.809126 0.731596 0.970072 0.664963 0.374225 0.439322 0.157226 0.164091 0.390338 0.351467 0.507234 0.673501 0.317774 0.324182 0.314661 0.448550 0.672384 0.825193 0.306949 0.361523 0.603499 0.506625 0.987412 0.917913 0.883518 0.931024 0.933309 0.881063 0.448119 0.333528 0.217396 0.241818 0.366181 0.245079 0.208663 0.190676 0.916243 0.513722 0.535086 0.268472 0.423453 0.555019 0.471434 0.553691 0.969549 0.911680 0.900390 0.957146 0.930240 0.943126 0.665139 0.884921 0.937620 0.669705 0.817687 0.739519 0.885146 0.983803 0.660460 0.837832 0.761607 0.959151 0.887468 0.883510 0.712142 0.630467
0.156507 0.000000 0.391063 0.427675 0.718627 0.843181 0.776558 0.665767 0.519301 0.670687 0.450979 0.310314 0.373165 0.342991 0.486443 0.627218 0.268097 0.257936 0.274993 0.228396 0.544789 0.969611 0.548012 0.366141 0.405062 0.572941 0.479819 0.770712 0.526615 0.543452 0.833057 0.611094 0.394673 0.433091 0.723357 0.860923 0.736324 0.800894 0.840353 0.840288 0.745377 0.643968 0.813113 0.687946 0.908684 0.893087 0.519388 0.568776 0.780157 0.684374 0.798402 0.714431 0.974412 0.687887 0.418271 0.438972 0.157551 0.156317 0.399235 0.376567 0.543782 0.671745 0.353234 0.325737 0.321838 0.468747 0.687341 0.839816 0.312575 0.344235 0.675110 0.513664 0.973756 0.950999 0.827379 0.921362 0.855033 0.891245 0.436863 0.339870 0.228645 0.272334 0.396577 0.268359 0.263871 0.210046 0.949718 0.579563 0.545010 0.287554 0.384868 0.501904 0.442711 0.490690 0.986417 0.958398 0.939656 0.969714 0.910592 0.930997 0.583035 0.852436 0.966788 0.716925 0.849235 0.726068 0.799079 0.972131 0.713958 0.820713 0.799569 0.977187 0.903948 0.883667 0.705652 0.602396
0.422197 0.391063 0.000000 0.245379 0.768289 0.996101 0.649441 0.502466 0.775573 0.855595 0.710740 0.542082 0.473160 0.533881 0.617744 0.628416 0.560342 0.540411 0.440588 0.501634 0.517752 0.978327 0.578790 0.442892 0.385726 0.459913 0.561112 0.884454 0.708928 0.754951 0.720927 0.568633 0.542560 0.531850 0.697015 0.852064 0.607085 0.753663 0.797115 0.685794 0.899721 0.593527 0.715991 0.636059 0.986680 0.871919 0.629952 0.658638 0.844596 0.699619 0.773756 0.717926 0.943901 0.891250 0.533024 0.610056 0.376049 0.381971 0.522302 0.480700 0.613124 0.599181 0.592219 0.552732 0.417923 0.469834 0.655305 0.780983 0.493949 0.475687 0.932527 0.808543 0.849086 0.860264 0.927154 0.760165 0.721154 0.885835 0.557979 0.548513 0.570948 0.586860 0.641737 0.601440 0.564193 0.410089 0.956897 0.926493 0.563378 0.496336 0.664797 0.763178 0.713640 0.705914 0.874226 0.933064 0.776269 0.802172 0.855511 0.750761 0.657658 0.987231 0.906467 0.757851 0.761013 0.662942 0.633356 0.968341 0.879703 0.811462 0.749692 0.922508 0.846344 0.753901 0.567505 0.737614
0.497336 0.427675 0.245379 0.000000 0.770176 0.895395 0.597333 0.371024 0.858227 0.999170 0.897319 0.631586 0.583681 0.557100 0.716733 0.586193 0.651845 0.657891 0.511755 0.650762 0.610757 0.989642 0.557078 0.438302 0.433823 0.433659 0.618821 0.910342 0.859947 0.855662 0.614648 0.507316 0.528795 0.523572 0.597420 0.877261 0.513685 0.714970 0.765861 0.659635 0.925697 0.573567 0.643068 0.585253 0.964263 0.826246 0.615064 0.644093 0.803473 0.643162 0.656106 0.581593 0.788255 0.920737 0.586051 0.602052 0.422004 0.435305 0.458889 0.412757 0.660037 0.562347 0.627132 0.555450 0.586144 0.499688 0.628350 0.692924 0.612601 0.434349 0.951542 0.835806 0.787638 0.823166 0.875671 0.780787 0.620159 0.843545 0.527677 0.573289 0.624772 0.703353 0.716502 0.654021 0.667526 0.443540 0.838888 0.988888 0.552900 0.529535 0.715678 0.799390 0.750649 0.723035 0.842735 0.985455 0.745846 0.725030 0.793514 0.679515 0.701257 0.939894 0.931729 0.700047 0.761329 0.603893 0.554283 0.839407 0.895997 0.804964 0.808436 0.872882 0.803928 0.700610 0.515887 0.794823
0.738376 0.718627 0.768289 0.770176 0.000000 0.681289 0.774787 0.909832 0.659796 0.635940 0.992831 0.954855 0.910569 0.976145 0.845103 0.829148 0.876576 0.862912 0.838755 0.721256 0.779787 0.938747 0.902174 0.951676 0.742412 0.811978 0.954103 0.992388 0.874734 0.932482 0.899768 0.981516 0.951581 0.954533 0.943642 0.717060 0.817000 0.823514 0.791055 0.926808 0.911111 0.852358 0.970935 0.996591 0.755544 0.877381 0.938722 0.913404 0.887522 0.911386 0.826710 0.852135 0.665608 0.587611 0.990797 0.964018 0.720699 0.771112 0.882769 0.854020 0.795709 0.762512 0.951887 0.999913 0.856468 0.943407 0.976972 0.887423 0.572858 0.621984 0.806257 0.742292 0.786120 0.721421 0.900885 0.919311 0.949619 0.801051 0.830786 0.847958 0.776093 0.737697 0.897217 0.766648 0.925113 0.849535 0.979653 0.946102 0.943112 0.832183 0.762202 0.727194 0.927889 0.771287 0.975972 0.981608 0.800859 0.941265 0.854068 0.893153 0.701568 0.646040 0.803736 0.962443 0.964298 0.935279 0.994825 0.896102 0.842693 0.881027 0.894652 0.820698 0.952839 0.891808 0.921830 0.829986
0.852479 0.843181 0.996101 0.895395 0.681289 0.000000 0.670930 0.631291 0.617035 0.635229 0.790514 0.888318 0.952555 0.940653 0.944045 0.811211 0.838819 0.834660 0.880642 0.796392 0.949741 0.962638 0.843170 0.979824 0.869302 0.941568 0.930604 0.898634 0.965735 0.983621 0.702408 0.824766 0.948906 0.870789 0.992176 0.906148 0.848676 0.794177 0.962565 0.791943 0.719812 0.765563 0.768270 0.759513 0.746800 0.835332 0.972742 0.953381 0.875777 0.841426 0.726422 0.724535 0.630874 0.556104 0.981162 0.934937 0.835208 0.848881 0.977403 0.949705 0.852656 0.723199 0.973441 0.977337 0.799223 0.905087 0.901480 0.772247 0.713189 0.922793 0.732809 0.726957 0.628575 0.711935 0.856640 0.823111 0.808149 0.692455 0.964011 0.960203 0.839262 0.728613 0.872709 0.750492 0.852682 0.895618 0.860517 0.898411 0.879817 0.907459 0.694581 0.840160 0.863044 0.918463 0.957685 0.851721 0.933619 0.975231 0.752370 0.740272 0.800169 0.781941 0.870113 0.932587 0.796298 0.797082 0.827527 0.797395 0.728995 0.878430 0.956136 0.873438 0.776698 0.772478 0.772408 0.825685
0.770143 0.776558 0.649441 0.597333 0.774787 0.670930 0.000000 0.220999 0.797677 0.475458 0.998889 0.747962 0.592021 0.756140 0.660030 0.690050 0.806234 0.836269 0.575988 0.880957 0.843038 0.963073 0.347724 0.762302 0.964682 0.942641 0.932755 0.968837 0.610489 0.783886 0.424639 0.494045 0.454333 0.394475 0.716141 0.997302 0.838285 0.939298 0.772506 0.882007 0.924669 0.806134 0.328073 0.367290 0.359924 0.366816 0.456189 0.507784 0.336757 0.296880 0.231871 0.252998 0.306692 0.409715 0.545516 0.542992 0.718366 0.735024 0.409094 0.450027 0.337777 0.308887 0.451128 0.450108 0.822048 0.670931 0.335386 0.337368 0.899549 0.864695 0.649122 0.831581 0.476526 0.486874 0.851919 0.520140 0.501980 0.553916 0.559242 0.704434 0.809395 0.957179 0.803665 0.989715 0.710388 0.729173 0.765387 0.988165 0.650535 0.773026 0.792767 0.681149 0.989873 0.946077 0.626937 0.767238 0.640161 0.802039 0.371791 0.334682 0.800662 0.504452 0.633575 0.618460 0.491599 0.443500 0.598506 0.746382 0.874278 0.867045 0.626701 0.495912 0.486294 0.599433 0.347390 0.923332
0.703151 0.665767 0.502466 0.371024 0.909832 0.631291 0.220999 0.000000 0.803477 0.551944 0.999800 0.679864 0.537027 0.648360 0.632153 0.512702 0.785774 0.813195 0.605982 0.869939 0.782888 0.987969 0.390224 0.596414 0.848993 0.761533 0.839552 0.968675 0.711655 0.818554 0.460630 0.491873 0.484659 0.416897 0.658285 0.926733 0.737214 0.829066 0.928285 0.811235 0.951185 0.713669 0.421825 0.445486 0.568411 0.548311 0.536934 0.612382 0.519063 0.422155 0.329096 0.308322 0.397694 0.488528 0.580236 0.622020 0.622137 0.634055 0.434595 0.434975 0.363941 0.267212 0.496521 0.447010 0.744602 0.512355 0.460646 0.454495 0.988731 0.711269 0.712471 0.902663 0.528964 0.559622 0.815910 0.590913 0.519057 0.621256 0.547566 0.682542 0.787632 0.992034 0.808503 0.930787 0.740820 0.638958 0.768661 0.937799 0.571070 0.754527 0.958259 0.903031 0.895222 0.897879 0.753349 0.902550 0.723766 0.819478 0.530523 0.450554 0.996101 0.639972 0.793281 0.700856 0.581392 0.539715 0.537434 0.768062 0.943393 0.848216 0.720919 0.688241 0.596359 0.617753 0.379351 0.943628
0.498910 0.519301 0.775573 0.858227 0.659796 0.617035 0.797677 0.803477 0.000000 0.506512 0.612492 0.640594 0.819115 0.600906 0.896312 0.993231 0.499077 0.477853 0.585549 0.466411 0.734565 0.855269 0.953178 0.649875 0.532887 0.644329 0.679307 0.895016 0.805033 0.717862 0.902399 0.871560 0.748078 0.796467 0.937352 0.965356 0.769506 0.848408 0.828303 0.995039 0.839733 0.992969 0.955140 0.919232 0.813840 0.962100 0.746174 0.718058 0.977589 0.953006 0.873235 0.926643 0.777034 0.579378 0.677977 0.617272 0.529812 0.535730 0.716829 0.755186 0.971568 0.872615 0.757631 0.722187 0.714013 0.844379 0.913490 0.972239 0.449458 0.559674 0.637194 0.652331 0.856014 0.836856 0.999695 0.981414 0.927233 0.731454 0.710673 0.594184 0.464989 0.404074 0.556985 0.379625 0.585274 0.536238 0.811478 0.585355 0.717493 0.471792 0.498765 0.644694 0.645298 0.725817 0.989326 0.851482 0.946125 0.903756 0.795337 0.943814 0.797495 0.799425 0.894305 0.724410 0.933585 0.904599 0.979804 0.973892 0.741885 0.842704 0.867290 0.975488 0.743709 0.957040 0.952778 0.717836
0.636519 0.670687 0.855595 0.999170 0.635940 0.635229 0.475458 0.551944 0.506512 0.000000 0.608630 0.827130 0.911474 0.832411 0.997429 0.831344 0.764151 0.681723 0.921800 0.614183 0.800865 0.989187 0.699551 0.765267 0.609227 0.788358 0.714074 0.726484 0.888891 0.952721 0.471062 0.704181 0.848654 0.767438 0.894509 0.938806 0.962159 0.834578 0.828586 0.935411 0.823174 0.972698 0.495568 0.601533 0.324044 0.424643 0.760474 0.796729 0.506512 0.542062 0.411455 0.472632 0.357845 0.262287 0.992720 0.966694 0.723087 0.704767 0.873534 0.965248 0.753477 0.617647 0.917298 0.922190 0.676274 0.822587 0.644771 0.502410 0.459943 0.701784 0.420623 0.562876 0.596396 0.566021 0.906193 0.700757 0.583333 0.521401 0.940367 0.865073 0.686622 0.448545 0.788107 0.525793 0.713437 0.661852 0.717552 0.573876 0.917943 0.681807 0.560406 0.556472 0.832258 0.845344 0.704130 0.967899 0.777873 0.815770 0.432448 0.520092 0.650970 0.554408 0.720652 0.846699 0.750652 0.760977 0.813871 0.799745 0.648137 0.927670 0.859146 0.623230 0.446167 0.778532 0.649094 0.701435
0.396835 0.450979 0.710740 0.897319 0.992831 0.790514 0.998889 0.999800 0.612492 0.608630 0.000000 0.313648 0.361073 0.362370 0.391365 0.646865 0.346792 0.276702 0.548155 0.376837 0.735715 0.879706 0.873032 0.580925 0.708959 0.929200 0.626419 0.714187 0.455174 0.402507 0.799373 0.959962 0.711273 0.725150 0.879292 0.934796 0.961601 0.955781 0.913743 0.969894 0.728422 0.964789 0.791583 0.878464 0.745800 0.825549 0.900320 0.947134 0.927180 0.961653 0.855111 0.890435 0.776821 0.540140 0.587195 0.684820 0.427386 0.410418 0.850749 0.828782 0.520601 0.694350 0.501216 0.506639 0.301176 0.439931 0.956209 0.847427 0.533621 0.763742 0.500619 0.617295 0.908602 0.879170 0.831357 0.979920 0.666874 0.769173 0.737914 0.571075 0.402954 0.343001 0.469158 0.385038 0.372673 0.452381 0.600160 0.553032 0.736027 0.619378 0.428550 0.505269 0.396338 0.631132 0.800374 0.991637 0.723271 0.710992 0.589197 0.714665 0.637821 0.819710 0.880614 0.981957 0.870264 0.913500 0.824953 0.811522 0.653011 0.903803 0.948876 0.837214 0.681764 0.805142 0.977101 0.644995
0.297250 0.310314 0.542082 0.631586 0.954855 0.888318 0.747962 0.679864 0.640594 0.827130 0.313648 0.000000 0.235224 0.209528 0.259581 0.411038 0.230468 0.229336 0.352648 0.312654 0.618837 0.950606 0.533156 0.400874 0.552476 0.731813 0.515341 0.783699 0.366003 0.337638 0.854460 0.657627 0.444649 0.434256 0.795528 0.891399 0.839214 0.910835 0.969365 0.798005 0.750769 0.855537 0.910588 0.797222 0.983838 0.900946 0.617273 0.677122 0.810341 0.740253 0.814668 0.762389 0.944672 0.794734 0.365501 0.477415 0.297307 0.259281 0.595498 0.575597 0.364776 0.482063 0.278699 0.244857 0.319226 0.371894 0.805521 0.899824 0.470283 0.537966 0.702246 0.689632 0.919569 0.931005 0.705686 0.877365 0.995744 0.919274 0.503747 0.367357 0.284788 0.325473 0.344316 0.332865 0.285148 0.313825 0.782060 0.550170 0.533195 0.469871 0.406271 0.531588 0.341913 0.463519 0.894727 0.976653 0.850947 0.823383 0.841977 0.957189 0.654947 0.962095 0.894252 0.750086 0.899803 0.861047 0.944809 0.871212 0.645437 0.839831 0.780691 0.973108 0.860920 0.946085 0.703900 0.643191
0.328288 0.373165 0.473160 0.583681 0.910569 0.952555 0.592021 0.537027 0.819115 0.911474 0.361073 0.235224 0.000000 0.278687 0.265815 0.389042 0.383037 0.339461 0.417174 0.439967 0.672093 0.966161 0.486674 0.370044 0.632629 0.751063 0.560410 0.851744 0.449705 0.458117 0.839326 0.636724 0.497740 0.462403 0.849663 0.901595 0.932601 0.984453 0.950238 0.827160 0.778233 0.858472 0.897157 0.822504 0.990402 0.896097 0.646826 0.735422 0.804227 0.702673 0.732957 0.671324 0.848099 0.918813 0.377824 0.530578 0.339074 0.316141 0.540217 0.490914 0.250986 0.379193 0.280952 0.294204 0.314440 0.297673 0.716218 0.796853 0.607988 0.617128 0.723350 0.731254 0.893672 0.932263 0.790936 0.872079 0.979166 0.929163 0.579581 0.425134 0.404219 0.457514 0.464177 0.463498 0.302506 0.297027 0.748222 0.600771 0.540587 0.493843 0.539144 0.674725 0.477563 0.582532 0.935283 0.967195 0.943788 0.822617 0.960379 0.957072 0.735317 0.894243 0.911597 0.848910 0.866477 0.845164 0.919323 0.868146 0.769338 0.913099 0.729132 0.972005 0.922467 0.998831 0.647752 0.727444
0.346968 0.342991 0.533881 0.557100 0.976145 0.940653 0.756140 0.648360 0.600906 0.832411 0.362370 0.209528 0.278687 0.000000 0.314800 0.337316 0.254939 0.230767 0.375053 0.359418 0.637604 0.927764 0.545356 0.313938 0.510466 0.610059 0.533444 0.863010 0.444852 0.317145 0.821340 0.597880 0.463015 0.419876 0.824081 0.948368 0.741047 0.838183 0.889291 0.796676 0.781161 0.852228 0.921669 0.811451 0.950003 0.933243 0.640581 0.689655 0.867341 0.744026 0.829245 0.754474 0.902259 0.880112 0.370494 0.451480 0.321496 0.288116 0.602157 0.582885 0.428728 0.454367 0.327149 0.280994 0.412723 0.306161 0.792833 0.850310 0.529988 0.528553 0.773182 0.722574 0.834139 0.843938 0.754449 0.823566 0.979097 0.936114 0.521590 0.372383 0.294112 0.332812 0.336144 0.296487 0.362132 0.302790 0.737482 0.525006 0.516737 0.481023 0.405142 0.505714 0.367327 0.480701 0.992489 0.943594 0.887951 0.872510 0.840699 0.994676 0.650514 0.967364 0.945423 0.773064 0.934748 0.815673 0.876628 0.914953 0.678947 0.941966 0.792718 0.964300 0.855691 0.964022 0.715220 0.673629
0.480159 0.486443 0.617744 0.716733 0.845103 0.944045 0.660030 0.632153 0.896312 0.997429 0.391365 0.259581 0.265815 0.314800 0.000000 0.343754 0.386293 0.364883 0.481036 0.475344 0.730344 0.830546 0.526529 0.451854 0.746721 0.857211 0.639043 0.831708 0.377122 0.336364 0.779290 0.700928 0.540784 0.440612 0.877133 0.915090 0.932208 0.978111 0.961539 0.807219 0.802462 0.915605 0.895884 0.820573 0.913390 0.864102 0.697100 0.747504 0.788275 0.728931 0.755907 0.716042 0.848936 0.952650 0.420912 0.547780 0.462528 0.431962 0.683647 0.697475 0.292664 0.392012 0.349158 0.331405 0.395695 0.401379 0.806347 0.870410 0.744493 0.796636 0.761567 0.799670 0.860948 0.903000 0.719442 0.799396 0.990201 0.990941 0.622401 0.548145 0.455391 0.546486 0.506006 0.531953 0.409986 0.469730 0.722205 0.695723 0.683088 0.642839 0.564834 0.604964 0.406020 0.491074 0.983742 0.953196 0.777788 0.758884 0.925733 0.992458 0.704729 0.993001 0.930025 0.866850 0.990275 0.889031 0.900161 0.752475 0.805427 0.965070 0.850239 0.962010 0.910461 0.959760 0.685093 0.750797
0.667820 0.627218 0.628416 0.586193 0.829148 0.811211 0.690050 0.512702 0.993231 0.831344 0.646865 0.411038 0.389042 0.337316 0.343754 0.000000 0.533897 0.560440 0.683049 0.719974 0.741271 0.894772 0.577884 0.462128 0.729562 0.745769 0.764036 0.934199 0.578010 0.471698 0.704396 0.598464 0.654782 0.517848 0.913676 0.944662 0.810538 0.859810 0.906169 0.716222 0.935320 0.872446 0.920411 0.871683 0.971517 0.924169 0.816009 0.842317 0.906713 0.789313 0.737675 0.666714 0.719576 0.835477 0.569709 0.756180 0.591041 0.555064 0.736031 0.753604 0.431575 0.370515 0.506641 0.450876 0.626801 0.400865 0.890855 0.821452 0.901442 0.744892 0.975065 0.946972 0.748082 0.827397 0.684090 0.801859 0.912383 0.961373 0.678037 0.588225 0.637075 0.737287 0.583791 0.717213 0.688180 0.589745 0.827043 0.917690 0.727780 0.807097 0.593095 0.597876 0.469082 0.496835 0.979853 0.834161 0.762764 0.846328 0.932298 0.968819 0.716899 0.924668 0.983588 0.930427 0.927483 0.919624 0.831574 0.845182 0.894217 0.999973 0.924851 0.923550 0.957258 0.994194 0.703936 0.769090
0.270377 0.268097 0.560342 0.651845 0.876576 0.838819 0.806234 0.785774 0.499077 0.764151 0.346792 0.230468 0.383037 0.254939 0.386293 0.533897 0.000000 0.182361 0.293801 0.251874 0.629731 0.963666 0.575818 0.446707 0.520028 0.710431 0.563566 0.751130 0.328405 0.299631 0.828159 0.647113 0.397422 0.413617 0.834311 0.919663 0.735737 0.891535 0.933992 0.802731 0.781805 0.789311 0.855766 0.716335 0.998255 0.834023 0.524894 0.549454 0.753373 0.684171 0.807450 0.758472 0.966092 0.754634 0.377510 0.408157 0.260744 0.236906 0.536614 0.544450 0.500952 0.608120 0.320516 0.287210 0.373154 0.475471 0.741775 0.827433 0.428111 0.519187 0.740204 0.600203 0.887236 0.939435 0.785769 0.827028 0.945596 0.952345 0.454049 0.370035 0.212746 0.278319 0.298422 0.284269 0.282665 0.301965 0.834947 0.486185 0.610719 0.403136 0.391232 0.524313 0.345442 0.480346 0.967308 0.965566 0.925640 0.883491 0.876522 0.981453 0.696658 0.888029 0.866548 0.688585 0.881430 0.767570 0.890886 0.942520 0.692148 0.893586 0.807666 0.886168 0.913121 0.966046 0.776133 0.687181
0.246567 0.257936 0.540411 0.657891 0.862912 0.834660 0.836269 0.813195 0.477853 0.681723 0.276702 0.229336 0.339461 0.230767 0.364883 0.560440 0.182361 0.000000 0.290529 0.213725 0.608238 0.964363 0.611636 0.404447 0.525798 0.695582 0.576730 0.726659 0.368830 0.328002 0.929001 0.679369 0.434874 0.445645 0.865719 0.935048 0.792294 0.883489 0.937441 0.818861 0.752155 0.790843 0.926930 0.799008 0.936817 0.922172 0.612204 0.634431 0.824722 0.748098 0.903117 0.842935 0.965267 0.679519 0.372664 0.429896 0.246325 0.226593 0.568005 0.574770 0.509549 0.630020 0.321812 0.305039 0.335756 0.438856 0.777086 0.886894 0.391566 0.493033 0.660544 0.580268 0.929998 0.972403 0.803272 0.870563 0.950662 0.880281 0.460692 0.350153 0.187297 0.212991 0.327603 0.226082 0.253592 0.286086 0.751187 0.459494 0.631256 0.391492 0.385328 0.478105 0.351342 0.488246 0.967719 0.978848 0.891578 0.899249 0.814537 0.986517 0.623506 0.835984 0.941240 0.768161 0.897171 0.811543 0.952155 0.925650 0.657714 0.918531 0.818256 0.981909 0.851124 0.982424 0.776799 0.668512
0.277790 0.274993 0.440588 0.511755 0.838755 0.880642 0.575988 0.605982 0.585549 0.921800 0.548155 0.352648 0.417174 0.375053 0.481036 0.683049 0.293801 0.290529 0.000000 0.273858 0.566337 0.917318 0.339969 0.451697 0.534953 0.681560 0.566647 0.900228 0.400569 0.481336 0.606694 0.473357 0.243018 0.319344 0.664374 0.931300 0.714986 0.928185 0.952853 0.811380 0.779120 0.706916 0.564104 0.458936 0.740920 0.563934 0.341914 0.345149 0.501311 0.417994 0.572835 0.527080 0.789406 0.939213 0.329202 0.292830 0.262062 0.267897 0.332168 0.355045 0.469604 0.591241 0.258553 0.255474 0.465306 0.597823 0.453831 0.591109 0.456182 0.462236 0.901026 0.714463 0.812758 0.841073 0.823310 0.742307 0.701815 0.909854 0.348249 0.328762 0.273786 0.381830 0.365384 0.354456 0.282659 0.304792 0.941470 0.597183 0.598479 0.342092 0.613270 0.782102 0.563496 0.624779 0.746671 0.818393 0.824116 0.841266 0.786985 0.665835 0.843214 0.986934 0.677084 0.555439 0.645055 0.516746 0.735211 0.953736 0.791988 0.722497 0.608709 0.762623 0.847493 0.729526 0.557767 0.743098
0.233269 0.228396 0.501634 0.650762 0.721256 0.796392 0.880957 0.869939 0.466411 0.614183 0.376837 0.312654 0.439967 0.359418 0.475344 0.719974 0.251874 0.213725 0.273858 0.000000 0.553710 0.960764 0.608875 0.492344 0.500821 0.656796 0.510597 0.790981 0.455225 0.453759 0.881004 0.732578 0.436360 0.485633 0.846819 0.960597 0.773491 0.805292 0.884181 0.870136 0.735097 0.750846 0.869770 0.744842 0.935549 0.901431 0.584123 0.595327 0.810398 0.743377 0.903280 0.851203 0.894116 0.612869 0.426083 0.454588 0.256166 0.244884 0.556814 0.551194 0.626225 0.768272 0.389297 0.377073 0.367993 0.567046 0.763296 0.918858 0.313906 0.433579 0.654265 0.568377 0.956395 0.990845 0.816703 0.917068 0.953126 0.872208 0.475057 0.390832 0.224223 0.226615 0.387328 0.250671 0.279048 0.309185 0.875777 0.520678 0.652058 0.350915 0.431115 0.562116 0.466019 0.518472 0.964613 0.842665 0.971629 0.951676 0.863005 0.999601 0.625599 0.787956 0.933548 0.727755 0.857460 0.774933 0.891129 0.944539 0.774326 0.850111 0.829699 0.979622 0.847907 0.935287 0.801991 0.655371
0.531747 0.544789 0.517752 0.610757 0.779787 0.949741 0.843038 0.782888 0.734565 0.800865 0.735715 0.618837 0.672093 0.637604 0.730344 0.741271 0.629731 0.608238 0.566337 0.553710 0.000000 0.957939 0.715623 0.659015 0.552445 0.568377 0.683828 0.938230 0.748747 0.779579 0.799723 0.618168 0.568456 0.646075 0.992102 0.886007 0.787004 0.806406 0.893693 0.780309 0.985352 0.771998 0.776026 0.695317 0.931490 0.827044 0.672062 0.603113 0.814739 0.715146 0.843491 0.783180 0.929854 0.868120 0.555152 0.676016 0.513422 0.542075 0.607396 0.600622 0.757645 0.791641 0.637069 0.640248 0.617316 0.703821 0.732539 0.852652 0.564779 0.629897 0.896252 0.746898 0.948900 0.946166 0.941754 0.801963 0.842913 0.962933 0.646733 0.494647 0.587033 0.600445 0.549516 0.635744 0.621550 0.563017 0.879458 0.927327 0.738777 0.628811 0.708950 0.784178 0.836721 0.845672 0.945934 0.811338 0.873423 0.950423 0.904573 0.843262 0.783038 0.944965 0.887433 0.668282 0.868973 0.688308 0.836389 0.997292 0.730136 0.742797 0.851308 0.991955 0.948842 0.572617 0.659447 0.704670
0.986973 0.969611 0.978327 0.989642 0.938747 0.962638 0.963073 0.987969 0.855269 0.989187 0.879706 0.950606 0.966161 0.927764 0.830546 0.894772 0.963666 0.964363 0.917318 0.960764 0.957939 0.000000 0.822975 0.954534 0.940486 0.896583 0.899115 0.936257 0.928034 0.929695 0.898611 0.908099 0.953814 0.893620 0.967226 0.968534 0.883186 0.993811 0.936945 0.896731 0.929748 0.868018 0.818644 0.838011 0.909432 0.855252 0.777351 0.815405 0.835306 0.866952 0.887220 0.873875 0.942541 0.971329 0.962008 0.958811 0.998564 0.998026 0.911400 0.913553 0.919660 0.928863 0.983329 0.977700 0.946244 0.838937 0.852019 0.985027 0.911076 0.926027 0.893370 0.946810 0.930590 0.928491 0.875515 0.978885 0.759444 0.910327 0.931552 0.893637 0.902807 0.991600 0.980405 0.967682 0.966841 0.966769 0.965261 0.938886 0.998767 0.883354 0.989946 0.836446 0.906394 0.939286 0.859174 0.831049 0.874108 0.948974 0.822085 0.993094 0.904800 0.970564 0.966605 0.937133 0.852232 0.823495 0.943693 0.988817 0.869430 0.757541 0.999346 0.878545 0.863323 0.885083 0.981308 0.850383
0.574200 0.548012 0.578790 0.557078 0.902174 0.843170 0.347724 0.390224 0.953178 0.699551 0.873032 0.533156 0.486674 0.545356 0.526529 0.577884 0.575818 0.611636 0.339969 0.608875 0.715623 0.822975 0.000000 0.549805 0.758313 0.771908 0.759602 0.927063 0.541561 0.658240 0.365609 0.356707 0.327440 0.317006 0.594771 0.984870 0.746355 0.960966 0.999538 0.855690 0.880228 0.732700 0.369951 0.333244 0.472706 0.369945 0.291138 0.356186 0.345584 0.275052 0.314280 0.274819 0.462717 0.611567 0.378340 0.382132 0.562057 0.535176 0.361178 0.408632 0.418659 0.469636 0.326596 0.308814 0.723981 0.715841 0.366385 0.428875 0.813018 0.643204 0.796965 0.986165 0.579091 0.627285 0.784437 0.618250 0.479832 0.796678 0.457232 0.502386 0.551794 0.758696 0.607534 0.704594 0.480941 0.515298 0.931553 0.765648 0.659239 0.537168 0.904462 0.971843 0.771885 0.735140 0.705203 0.882332 0.839095 0.820594 0.538945 0.474725 0.922392 0.704668 0.568162 0.554111 0.569536 0.416581 0.681731 0.947477 0.931252 0.676827 0.654922 0.667387 0.646611 0.697241 0.391903 0.863925
0.378938 0.366141 0.442892 0.438302 0.951676 0.979824 0.762302 0.596414 0.649875 0.765267 0.580925 0.400874 0.370044 0.313938 0.451854 0.462128 0.446707 0.404447 0.451697 0.492344 0.659015 0.954534 0.549805 0.000000 0.471463 0.530685 0.598738 0.826087 0.685717 0.591826 0.874050 0.598086 0.536440 0.541100 0.768287 0.904664 0.749546 0.825575 0.810425 0.853401 0.828139 0.733870 0.943596 0.834598 0.869579 0.992800 0.650367 0.724473 0.916674 0.755394 0.819742 0.712096 0.911270 0.909035 0.443510 0.546469 0.350685 0.317300 0.516997 0.507689 0.529365 0.572251 0.443870 0.423029 0.468668 0.379314 0.746271 0.841786 0.511622 0.462807 0.728192 0.718198 0.979260 0.996335 0.899743 0.969616 0.932231 0.821748 0.625427 0.529278 0.423768 0.446877 0.474596 0.392896 0.420564 0.284212 0.844164 0.587150 0.506698 0.432515 0.479754 0.530659 0.489894 0.549510 0.972727 0.951462 0.946885 0.962137 0.923887 0.944624 0.681605 0.962427 0.947513 0.798137 0.927972 0.774342 0.900896 0.820025 0.618103 0.903800 0.798461 0.878086 0.853089 0.943432 0.782172 0.668662
0.440535 0.405062 0.385726 0.433823 0.742412 0.869302 0.964682 0.848993 0.532887 0.609227 0.708959 0.552476 0.632629 0.510466 0.746721 0.729562 0.520028 0.525798 0.534953 0.500821 0.552445 0.940486 0.758313 0.471463 0.000000 0.261754 0.471238 0.844193 0.888906 0.793722 0.891798 0.680739 0.641858 0.692693 0.650075 0.920608 0.561929 0.709458 0.599796 0.759463 0.987722 0.665737 0.932628 0.791528 0.761266 0.942766 0.697337 0.699223 0.947512 0.875669 0.975186 0.933809 0.858763 0.704707 0.646124 0.632928 0.429199 0.397230 0.662418 0.591815 0.902585 0.885777 0.749916 0.671668 0.501934 0.583545 0.857966 0.987393 0.381759 0.459029 0.824798 0.673215 0.941544 0.967451 0.890523 0.984788 0.877298 0.909250 0.667498 0.566757 0.548546 0.472133 0.617438 0.429910 0.593684 0.403898 0.983396 0.773498 0.609142 0.424419 0.437586 0.577291 0.632766 0.638880 0.911559 0.977868 0.947476 0.910682 0.879575 0.958947 0.639763 0.800547 0.888788 0.729250 0.856866 0.758593 0.812379 0.838716 0.755490 0.786878 0.848311 0.861476 0.962502 0.890470 0.805418 0.709360
0.614643 0.572941 0.459913 0.433659 0.811978 0.941568 0.942641 0.761533 0.644329 0.788358 0.929200 0.731813 0.751063 0.610059 0.857211 0.745769 0.710431 0.695582 0.681560 0.656796 0.568377 0.896583 0.771908 0.530685 0.261754 0.000000 0.563599 0.914950 0.982768 0.880442 0.768867 0.675660 0.708113 0.673779 0.681353 0.959673 0.497861 0.606795 0.558918 0.795636 0.995308 0.546546 0.840781 0.732047 0.881005 0.988988 0.700216 0.712168 0.989361 0.825409 0.923438 0.839370 0.970295 0.938899 0.682133 0.639848 0.598534 0.559547 0.688397 0.622401 0.965568 0.838235 0.828887 0.770291 0.687143 0.635867 0.811927 0.878001 0.529914 0.491460 0.998745 0.793192 0.942397 0.910385 0.949833 0.952541 0.798109 0.993155 0.679911 0.628070 0.686509 0.651558 0.765324 0.565368 0.748970 0.525118 0.949742 0.862455 0.573400 0.508901 0.634657 0.751634 0.816848 0.742973 0.983668 0.878138 0.796027 0.824501 0.922354 0.849439 0.717343 0.942963 0.915726 0.725456 0.738703 0.718666 0.763352 0.982318 0.873167 0.797375 0.912985 0.975168 0.941482 0.778001 0.750203 0.832000
0.501784 0.479819 0.561112 0.618821 0.954103 0.930604 0.932755 0.839552 0.679307 0.714074 0.626419 0.515341 0.560410 0.533444 0.639043 0.764036 0.563566 0.576730 0.566647 0.510597 0.683828 0.899115 0.759602 0.598738 0.471238 0.563599 0.000000 0.716038 0.777227 0.741497 0.881726 0.810672 0.725360 0.660053 0.845227 0.903521 0.698308 0.910504 0.847089 0.817484 0.956062 0.883630 0.937240 0.849094 0.859745 0.970272 0.767799 0.755085 0.996209 0.906403 0.953525 0.879803 0.954715 0.790106 0.614938 0.687139 0.511382 0.497314 0.738443 0.637827 0.729664 0.774881 0.672800 0.622945 0.527937 0.552541 0.860599 0.978955 0.599133 0.682413 0.788033 0.759884 0.984307 0.958930 0.668733 0.996364 0.923820 0.926549 0.749055 0.640211 0.614319 0.521520 0.667814 0.557016 0.538768 0.447728 0.864129 0.744617 0.636480 0.553479 0.565866 0.776013 0.673339 0.817405 0.892362 0.936369 0.974934 0.963904 0.918222 0.963498 0.665365 0.943717 0.920769 0.757725 0.874775 0.790516 0.903680 0.881787 0.925309 0.933998 0.711296 0.948079 0.895247 0.988065 0.756028 0.868928
0.767824 0.770712 0.884454 0.910342 0.992388 0.898634 0.968837 0.968675 0.895016 0.726484 0.714187 0.783699 0.851744 0.863010 0.831708 0.934199 0.751130 0.726659 0.900228 0.790981 0.938230 0.936257 0.927063 0.826087 0.844193 0.914950 0.716038 0.000000 0.859105 0.825398 0.781372 0.867559 0.977888 0.970226 0.890379 0.974391 0.837557 0.862159 0.908952 0.859085 0.848287 0.806258 0.916822 0.954968 0.788763 0.802940 0.937071 0.949214 0.855048 0.858829 0.862322 0.879233 0.915398 0.799936 0.938965 0.999008 0.773648 0.746368 0.986131 0.984267 0.885845 0.880723 0.934221 0.853002 0.666450 0.669915 0.884910 0.849621 0.799294 0.810454 0.902644 0.927234 0.991013 0.961482 0.858204 0.913758 0.777874 0.894295 0.884154 0.944977 0.800224 0.714790 0.929018 0.783715 0.788958 0.776895 0.882435 0.817588 0.891730 0.791242 0.799623 0.764083 0.772277 0.956442 0.896121 0.958937 0.788644 0.915389 0.775276 0.873249 0.782755 0.824355 0.988630 0.997633 0.934214 0.938496 0.894167 0.967155 0.855271 0.866719 0.962795 0.927381 0.897859 0.975871 0.985123 0.880002
0.522906 0.526615 0.708928 0.859947 0.874734 0.965735 0.610489 0.711655 0.805033 0.888891 0.455174 0.366003 0.449705 0.444852 0.377122 0.578010 0.328405 0.368830 0.400569 0.455225 0.748747 0.928034 0.541561 0.685717 0.888906 0.982768 0.777227 0.859105 0.000000 0.254830 0.740129 0.669202 0.434497 0.378493 0.963923 0.983374 0.939483 0.966744 0.888413 0.860629 0.814694 0.854797 0.731268 0.660099 0.729732 0.663848 0.549078 0.573246 0.599651 0.607550 0.672277 0.690434 0.783353 0.979049 0.447648 0.495599 0.508444 0.494130 0.645326 0.717066 0.385583 0.487633 0.350775 0.341386 0.533054 0.610767 0.671879 0.737282 0.758388 0.754645 0.984050 0.903256 0.726681 0.712066 0.793503 0.775230 0.874868 0.852638 0.539665 0.506380 0.417396 0.582379 0.417490 0.599902 0.483832 0.613716 0.870378 0.684755 0.744754 0.677667 0.705606 0.799311 0.480994 0.647712 0.912631 0.897892 0.970534 0.918201 0.948669 0.872778 0.977264 0.923173 0.800214 0.790541 0.836097 0.742067 0.811719 0.967212 0.818492 0.875805 0.794408 0.811203 0.907025 0.934696 0.696957 0.845219
0.538951 0.543452 0.754951 0.855662 0.932482 0.983621 0.783886 0.818554 0.717862 0.952721 0.402507 0.337638 0.458117 0.317145 0.336364 0.471698 0.299631 0.328002 0.481336 0.453759 0.779579 0.929695 0.658240 0.591826 0.793722 0.880442 0.741497 0.825398 0.254830 0.000000 0.808787 0.729129 0.536645 0.439270 0.988243 0.949911 0.805681 0.874444 0.966428 0.869770 0.886919 0.859775 0.925659 0.802796 0.920467 0.839346 0.684058 0.686718 0.811151 0.773607 0.851076 0.829708 0.915579 0.922438 0.473751 0.513675 0.540020 0.498612 0.762450 0.828130 0.465877 0.514815 0.423292 0.388456 0.552723 0.517007 0.848357 0.862071 0.706047 0.740989 0.851097 0.864746 0.784494 0.775908 0.786204 0.775850 0.966822 0.982173 0.575476 0.467779 0.406621 0.521430 0.405880 0.497062 0.536608 0.585337 0.742104 0.618485 0.691182 0.675363 0.555780 0.606301 0.405720 0.546016 0.982790 0.955304 0.840826 0.876159 0.852537 0.970729 0.857225 0.976066 0.898785 0.846903 0.967854 0.852830 0.889364 0.914896 0.751036 0.988902 0.880819 0.932074 0.928594 0.954591 0.827590 0.887327
0.905869 0.833057 0.720927 0.614648 0.899768 0.702408 0.424639 0.460630 0.902399 0.471062 0.799373 0.854460 0.839326 0.821340 0.779290 0.704396 0.828159 0.929001 0.606694 0.881004 0.799723 0.898611 0.365609 0.874050 0.891798 0.768867 0.881726 0.781372 0.740129 0.808787 0.000000 0.382882 0.442691 0.375933 0.629121 0.874127 0.610201 0.908354 0.955377 0.852455 0.903065 0.774243 0.297171 0.276100 0.365353 0.295863 0.362207 0.366130 0.372769 0.306116 0.281924 0.281859 0.372911 0.423789 0.610828 0.533790 0.845074 0.845262 0.505771 0.589276 0.668641 0.585478 0.599175 0.571056 0.950624 0.985512 0.408256 0.373211 0.891383 0.858555 0.566838 0.777848 0.551180 0.546744 0.837540 0.538408 0.375842 0.559209 0.513103 0.698244 0.850795 0.871161 0.884472 0.974466 0.882841 0.854094 0.699443 0.916173 0.816069 0.811600 0.920827 0.796344 0.980420 0.882807 0.633265 0.817423 0.702690 0.737690 0.389417 0.358010 0.882297 0.665248 0.533519 0.583874 0.586899 0.421750 0.584698 0.787720 0.763155 0.736650 0.703127 0.538946 0.485155 0.623518 0.435397 0.881038
0.651212 0.611094 0.568633 0.507316 0.981516 0.824766 0.494045 0.491873 0.871560 0.704181 0.959962 0.657627 0.636724 0.597880 0.700928 0.598464 0.647113 0.679369 0.473357 0.732578 0.618168 0.908099 0.356707 0.598086 0.680739 0.675660 0.810672 0.867559 0.669202 0.729129 0.382882 0.000000 0.392192 0.386871 0.689290 0.979787 0.682785 0.837149 0.947469 0.781891 0.979797 0.768433 0.478266 0.403325 0.554633 0.438936 0.343245 0.377808 0.458998 0.374124 0.403968 0.362932 0.497646 0.657753 0.487040 0.464578 0.574616 0.588976 0.396167 0.457698 0.617278 0.584175 0.473689 0.461050 0.851735 0.790648 0.462721 0.451294 0.818622 0.658038 0.818009 0.952125 0.657425 0.689268 0.843093 0.660950 0.557168 0.843382 0.474886 0.478285 0.608099 0.822087 0.594146 0.770114 0.667363 0.626025 0.766382 0.962393 0.732918 0.604852 0.862906 0.933913 0.799653 0.782860 0.761240 0.913993 0.746519 0.778293 0.579129 0.497979 0.998223 0.790704 0.573310 0.524667 0.731960 0.423674 0.728441 0.877544 0.962903 0.739693 0.631328 0.728995 0.546805 0.644723 0.477833 0.937356
0.395595 0.394673 0.542560 0.528795 0.951581 0.948906 0.454333 0.484659 0.748078 0.848654 0.711273 0.444649 0.497740 0.463015 0.540784 0.654782 0.397422 0.434874 0.243018 0.436360 0.568456 0.953814 0.327440 0.536440 0.641858 0.708113 0.725360 0.977888 0.434497 0.536645 0.442691 0.392192 0.000000 0.273584 0.648369 0.919294 0.707420 0.903408 0.987140 0.810800 0.911746 0.697476 0.435016 0.353587 0.581090 0.429152 0.283651 0.301851 0.391913 0.322095 0.399046 0.366754 0.594502 0.816783 0.360445 0.315063 0.354443 0.366638 0.300103 0.335837 0.442934 0.500727 0.278588 0.264123 0.594523 0.657902 0.394135 0.480268 0.614236 0.512491 0.979555 0.828895 0.663385 0.715059 0.850138 0.626472 0.642181 0.750401 0.302834 0.370145 0.371615 0.575286 0.434358 0.494855 0.402771 0.412864 0.864820 0.695773 0.623267 0.460511 0.709671 0.894189 0.646362 0.690121 0.734488 0.841936 0.752999 0.864406 0.647022 0.540851 0.936597 0.843617 0.645252 0.504959 0.556895 0.438445 0.707697 0.885554 0.832983 0.712197 0.646636 0.650336 0.729138 0.619817 0.523711 0.870396
0.488391 0.433091 0.531850 0.523572 0.954533 0.870789 0.394475 0.416897 0.796467 0.767438 0.725150 0.434256 0.462403 0.419876 0.440612 0.517848 0.413617 0.445645 0.319344 0.485633 0.646075 0.893620 0.317006 0.541100 0.692693 0.673779 0.660053 0.970226 0.378493 0.439270 0.375933 0.386871 0.273584 0.000000 0.624650 0.894649 0.616303 0.819217 0.903107 0.852725 0.966067 0.656338 0.426940 0.346201 0.559050 0.445236 0.305918 0.346741 0.431487 0.353658 0.393944 0.365140 0.525958 0.722369 0.381419 0.325277 0.441395 0.443485 0.374220 0.456081 0.386355 0.381850 0.290137 0.247891 0.623485 0.583933 0.411163 0.479624 0.754954 0.606408 0.856963 0.941345 0.608005 0.620330 0.803658 0.628343 0.575342 0.701015 0.352201 0.396881 0.439847 0.666631 0.483712 0.587519 0.494630 0.480625 0.880761 0.768494 0.588587 0.510057 0.719455 0.864061 0.629364 0.635313 0.733953 0.825416 0.827504 0.869631 0.633360 0.523946 0.883606 0.809442 0.667070 0.581024 0.629973 0.466157 0.594476 0.902378 0.950413 0.734150 0.685162 0.651280 0.720622 0.679359 0.417118 0.963424
0.782781 0.723357 0.697015 0.597420 0.943642 0.992176 0.716141 0.658285 0.937352 0.894509 0.879292 0.795528 0.849663 0.824081 0.877133 0.913676 0.834311 0.865719 0.664374 0.846819 0.992102 0.967226 0.594771 0.768287 0.650075 0.681353 0.845227 0.890379 0.963923 0.988243 0.629121 0.689290 0.648369 0.624650 0.000000 0.996150 0.606775 0.939906 0.748364 0.850687 0.906541 0.727263 0.576293 0.523631 0.758641 0.675950 0.574889 0.605406 0.721695 0.609036 0.637564 0.646050 0.706882 0.806098 0.708437 0.576456 0.750402 0.738176 0.632815 0.631367 0.846330 0.798861 0.737887 0.679807 0.873118 0.883269 0.607120 0.676590 0.862849 0.751321 0.822627 0.967337 0.844528 0.745737 0.999953 0.812374 0.607427 0.767739 0.728795 0.773737 0.799308 0.896547 0.926112 0.803508 0.801581 0.728189 0.805400 0.969225 0.603670 0.677882 0.910286 0.976413 0.912802 0.818911 0.803218 0.985950 0.763442 0.826207 0.713491 0.607269 0.971686 0.963079 0.589360 0.623366 0.582826 0.681011 0.707966 0.970980 0.950527 0.681706 0.646728 0.763424 0.727759 0.859298 0.576835 0.980525
0.839197 0.860923 0.852064 0.877261 0.717060 0.906148 0.997302 0.926733 0.965356 0.938806 0.934796 0.891399 0.901595 0.948368 0.915090 0.944662 0.919663 0.935048 0.931300 0.960597 0.886007 0.968534 0.984870 0.904664 0.920608 0.959673 0.903521 0.974391 0.983374 0.949911 0.874127 0.979787 0.919294 0.894649 0.996150 0.000000 0.793477 0.880187 0.973065 0.854629 0.745347 0.868861 0.975379 0.936402 0.900648 0.959088 0.997732 0.910768 0.956427 0.990464 0.991769 0.994372 0.895092 0.812597 0.965936 0.925942 0.796365 0.823431 0.925472 0.851440 0.918444 0.983074 0.945110 0.931105 0.806423 0.924500 0.949257 0.897913 0.785039 0.907459 0.874916 0.741798 0.830346 0.881870 0.870245 0.965112 0.997186 0.860485 0.996359 0.989943 0.849464 0.864731 0.904318 0.912601 0.880487 0.930266 0.924590 0.971377 0.903816 0.970398 0.874686 0.838364 0.863517 0.851651 0.918699 0.737561 0.867389 0.715047 0.895327 0.851871 0.781785 0.855149 0.802322 0.805384 0.926448 0.874533 0.913672 0.983871 0.851457 0.930753 0.944505 0.913012 0.996956 0.948714 0.930222 0.721716
0.781004 0.736324 0.607085 0.513685 0.817000 0.848676 0.838285 0.737214 0.769506 0.962159 0.961601 0.839214 0.932601 0.741047 0.932208 0.810538 0.735737 0.792294 0.714986 0.773491 0.787004 0.883186 0.746355 0.749546 0.561929 0.497861 0.698308 0.837557 0.939483 0.805681 0.610201 0.682785 0.707420 0.616303 0.606775 0.793477 0.000000 0.631227 0.643247 0.737228 0.972067 0.703244 0.692633 0.599508 0.913353 0.814726 0.687452 0.609466 0.920343 0.778047 0.822087 0.775448 0.864579 0.866304 0.722825 0.644463 0.757050 0.748055 0.737904 0.772085 0.982274 0.860573 0.837417 0.756345 0.911519 0.799978 0.721385 0.739688 0.778511 0.603020 0.814796 0.823271 0.633033 0.687252 0.928024 0.795775 0.723233 0.828299 0.656937 0.743228 0.761604 0.807238 0.779964 0.770002 0.873532 0.700170 0.866915 0.915376 0.651949 0.675757 0.820267 0.856657 0.827887 0.808446 0.890515 0.819538 0.901910 0.743878 0.840488 0.732176 0.888535 0.935289 0.733640 0.566366 0.717730 0.594222 0.689767 0.816786 0.994593 0.858371 0.899941 0.834347 0.835056 0.755782 0.648166 0.940240
0.861799 0.800894 0.753663 0.714970 0.823514 0.794177 0.939298 0.829066 0.848408 0.834578 0.955781 0.910835 0.984453 0.838183 0.978111 0.859810 0.891535 0.883489 0.928185 0.805292 0.806406 0.993811 0.960966 0.825575 0.709458 0.606795 0.910504 0.862159 0.966744 0.874444 0.908354 0.837149 0.903408 0.819217 0.939906 0.880187 0.631227 0.000000 0.809207 0.984298 0.948164 0.601829 0.935574 0.881266 0.870321 0.899919 0.971130 0.968183 0.884767 0.948926 0.953602 0.973043 0.986905 0.984375 0.946358 0.885627 0.844474 0.815549 0.973081 0.950460 0.939409 0.898908 0.972484 0.881179 0.944281 0.773014 0.946881 0.957298 0.751375 0.590464 0.848358 0.958582 0.811559 0.776488 0.829496 0.970336 0.883152 0.996072 0.750780 0.770729 0.838822 0.793984 0.812075 0.837198 0.989869 0.867168 0.797507 0.938099 0.728756 0.797272 0.900437 0.818066 0.955151 0.824488 0.871131 0.851912 0.980420 0.858631 0.969886 0.924191 0.943274 0.960060 0.954773 0.872192 0.923375 0.790950 0.791509 0.774765 0.918531 0.921043 0.853738 0.861465 0.894308 0.786341 0.941580 0.829549
