0.000000 0.329325 0.724247 0.792308 0.845113 0.947100 0.946897 0.976618 0.811515 0.771050 0.440387 0.476131 0.965005 0.989522 0.966734 0.984606 0.396277 0.376921 0.687620 0.645078 0.876157 0.943356 0.836069 0.846414 0.748949 0.739246 0.886612 0.907493 0.579287 0.540031 0.991760 0.977790 0.684067 0.568532 0.959212 0.928650 0.934601 0.815002 0.919508 0.823075 0.584383 0.708832 0.835833 0.705032 0.759468 0.600921 0.505015 0.594642 0.605996 0.654589 0.700434 0.729614 0.933940 0.812110 0.595129 0.684680 0.309914 0.397720 0.382790 0.438690 0.578590 0.798351 0.476184 0.430238 0.755062 0.865582 0.839273 0.636985 0.482170 0.577418 0.845435 0.933018 0.700974 0.796550 0.775791 0.915536 0.958139 0.911231 0.607587 0.681887 0.348632 0.390103 0.692336 0.431865 0.755135 0.849912 0.942577 0.900150 0.989196 0.745012 0.635129 0.606347 0.624664 0.512497 0.753264 0.886065 0.854882 0.996498 0.975202 0.997262 0.884536 0.727120 0.848994 0.719585 0.893045 0.913585 0.936386 0.964133 0.916831 0.849643 0.818244 0.863928 0.890401 0.803101 0.803035 0.992375
0.329325 0.000000 0.729914 0.802177 0.841596 0.972636 0.962181 0.974492 0.762568 0.680025 0.543526 0.480819 0.988640 0.935931 0.963753 0.994079 0.453741 0.433430 0.732915 0.725417 0.955041 0.941628 0.882517 0.865944 0.804409 0.749352 0.867885 0.804518 0.547522 0.561010 0.961029 0.974080 0.621588 0.601897 0.994231 0.989847 0.999778 0.959233 0.944549 0.831771 0.590065 0.669038 0.847883 0.726733 0.753914 0.614652 0.522669 0.584468 0.631042 0.625123 0.668734 0.672666 0.872925 0.864241 0.589043 0.700318 0.341649 0.351371 0.356415 0.380343 0.580818 0.829350 0.465880 0.424689 0.782334 0.862009 0.801542 0.635616 0.516013 0.594941 0.841606 0.913813 0.658250 0.794989 0.746542 0.920091 0.937419 0.959384 0.614440 0.630453 0.377829 0.406893 0.644227 0.435649 0.702077 0.803069 0.860559 0.838199 0.958148 0.756240 0.676678 0.647211 0.679212 0.534849 0.749122 0.880036 0.822388 0.912504 0.963771 0.978018 0.906803 0.785215 0.891142 0.776599 0.876294 0.870795 0.970019 0.924341 0.961270 0.822203 0.790299 0.847978 0.949475 0.846974 0.807663 0.889317
0.724247 0.729914 0.000000 0.325831 0.949086 0.758710 0.412546 0.423876 0.505300 0.665101 0.749832 0.858490 0.676244 0.885084 0.912561 0.565204 0.651224 0.612912 0.761904 0.803916 0.922475 0.893273 0.588756 0.540789 0.405665 0.462567 0.985824 0.974307 0.715100 0.734009 0.590377 0.667016 0.714520 0.859954 0.908388 0.930377 0.835212 0.809285 0.717217 0.789883 0.778025 0.897977 0.600031 0.750680 0.855926 0.962423 0.987961 0.927318 0.851424 0.934093 0.967450 0.988319 0.826042 0.794213 0.963265 0.841805 0.741547 0.456433 0.604836 0.600516 0.793591 0.966550 0.460183 0.465893 0.470703 0.490441 0.614175 0.894731 0.763146 0.660341 0.501287 0.555971 0.893368 0.903556 0.959641 0.889922 0.610091 0.612627 0.906194 0.903917 0.610395 0.709609 0.850892 0.740318 0.928187 0.762144 0.998121 0.858724 0.825705 0.917311 0.493772 0.469085 0.454784 0.434989 0.999131 0.678971 0.856963 0.727422 0.666856 0.572232 0.837728 0.634795 0.985772 0.790809 0.754683 0.911592 0.797386 0.861958 0.874669 0.996597 0.845270 0.974587 0.789943 0.923605 0.911085 0.822496
0.792308 0.802177 0.325831 0.000000 0.820756 0.801891 0.401549 0.378163 0.601985 0.739828 0.842538 0.866192 0.766821 0.803159 0.929652 0.630072 0.698506 0.709808 0.751745 0.753501 0.869094 0.967372 0.573770 0.539253 0.421172 0.470112 0.973232 0.944877 0.775124 0.815483 0.601613 0.623651 0.647565 0.859765 0.917799 0.897771 0.824877 0.847884 0.685289 0.862379 0.796178 0.839982 0.675395 0.747642 0.905065 0.962309 0.959332 0.970090 0.888825 0.981927 0.950641 0.968780 0.804465 0.844852 0.971611 0.848312 0.800191 0.556328 0.662896 0.641302 0.746226 0.921834 0.549726 0.551755 0.514094 0.568820 0.581893 0.822031 0.827130 0.824487 0.659630 0.624424 0.983821 0.993370 0.888277 0.954333 0.721019 0.698584 0.950535 0.938576 0.692339 0.814678 0.844946 0.865482 0.871289 0.729102 0.974037 0.962407 0.851624 0.836026 0.632135 0.577421 0.551884 0.535519 0.976078 0.680344 0.905452 0.835771 0.807564 0.694993 0.813989 0.680471 0.964995 0.794632 0.714517 0.862869 0.845437 0.992622 0.890812 0.957173 0.977635 0.853892 0.870907 0.888400 0.941459 0.850624
0.845113 0.841596 0.949086 0.820756 0.000000 0.988815 0.995489 0.828202 0.963778 0.990789 0.886551 0.990209 0.746889 0.992361 0.897557 0.903771 0.944877 0.946650 0.970202 0.979481 0.735774 0.919000 0.867089 0.865233 0.981467 0.841149 0.958121 0.914233 0.828319 0.863180 0.831635 0.808534 0.861977 0.834736 0.949811 0.897138 0.877773 0.862917 0.849990 0.830112 0.909805 0.972067 0.906591 0.777490 0.947813 0.807260 0.893685 0.835508 0.788030 0.728038 0.851965 0.887064 0.868090 0.968015 0.889155 0.889358 0.859729 0.908391 0.860893 0.822783 0.885727 0.960838 0.958130 0.951382 0.886729 0.864967 0.976172 0.807114 0.854184 0.763235 0.966320 0.974311 0.878202 0.941400 0.981246 0.997383 0.960372 0.991566 0.829232 0.944963 0.843290 0.858079 0.985948 0.855561 0.899994 0.949434 0.807262 0.918446 0.946486 0.932148 0.769319 0.857567 0.849846 0.827078 0.941508 0.886590 0.927492 0.927085 0.931363 0.842331 0.931761 0.857426 0.885176 0.846777 0.990210 0.960146 0.971494 0.986092 0.954898 0.738365 0.884006 0.900645 0.959554 0.962035 0.938937 0.992990
0.947100 0.972636 0.758710 0.801891 0.988815 0.000000 0.635728 0.612503 0.804561 0.601682 0.862528 0.913805 0.790154 0.903029 0.930661 0.766746 0.953829 0.894038 0.748349 0.985330 0.830256 0.986674 0.942893 0.973634 0.894312 0.776751 0.639270 0.961364 0.942396 0.991394 0.880027 0.806636 0.821219 0.789043 0.972807 0.928433 0.946933 0.870822 0.872932 0.984258 0.999841 0.989579 0.937137 0.847482 0.850816 0.699561 0.990075 0.741975 0.696709 0.699517 0.810003 0.839557 0.798698 0.874849 0.818727 0.917947 0.752530 0.834057 0.984691 0.923196 0.803112 0.761390 0.832901 0.841314 0.921687 0.542461 0.752287 0.673350 0.783151 0.717395 0.559270 0.585051 0.655302 0.712356 0.994096 0.995835 0.720885 0.786658 0.954903 0.942215 0.851108 0.877210 0.787080 0.762915 0.957516 0.964205 0.915040 0.854844 0.793106 0.685085 0.496076 0.539034 0.528180 0.670156 0.884811 0.901703 0.671016 0.927724 0.650383 0.681648 0.753598 0.826395 0.891336 0.924105 0.781180 0.927778 0.960921 0.883829 0.862400 0.927158 0.947421 0.799448 0.647190 0.975960 0.943427 0.825124
0.946897 0.962181 0.412546 0.401549 0.995489 0.635728 0.000000 0.366925 0.551061 0.693571 0.994686 0.971386 0.608392 0.900392 0.848742 0.528506 0.940039 0.913366 0.519077 0.769646 0.940906 0.941186 0.596737 0.610896 0.526454 0.652930 0.865793 0.943540 0.970405 0.996688 0.571730 0.557378 0.471850 0.607428 0.983927 0.992063 0.993056 0.912507 0.814882 0.882151 0.921680 0.876049 0.692657 0.837466 0.882408 0.952137 0.889229 0.925549 0.833101 0.888309 0.929865 0.960170 0.951757 0.977106 0.895001 0.825945 0.916756 0.675646 0.799947 0.734274 0.898988 0.961406 0.754403 0.738773 0.545671 0.485138 0.469847 0.688814 0.805373 0.733687 0.609573 0.562897 0.805194 0.868997 0.906766 0.937253 0.722625 0.669279 0.985024 0.935957 0.864442 0.983591 0.950868 0.976807 0.747343 0.649598 0.965645 0.972426 0.876918 0.959100 0.548233 0.536267 0.482902 0.566300 0.847249 0.746513 0.806153 0.889424 0.708135 0.650836 0.869014 0.641936 0.909567 0.772716 0.689313 0.862207 0.913951 0.945163 0.830950 0.988923 0.993099 0.973759 0.765758 0.935576 0.910182 0.894760
0.976618 0.974492 0.423876 0.378163 0.828202 0.612503 0.366925 0.000000 0.654548 0.548776 0.997366 0.867552 0.831735 0.981007 0.860903 0.739426 0.933071 0.856108 0.625645 0.740402 0.960132 0.999645 0.869179 0.823723 0.612776 0.628978 0.766701 0.937516 0.921256 0.978032 0.682458 0.597893 0.567065 0.663265 0.883111 0.974835 0.961144 0.912091 0.797078 0.817854 0.963008 0.953175 0.791380 0.894699 0.908939 0.828123 0.953894 0.996962 0.751364 0.854606 0.863250 0.882915 0.956374 0.909670 0.935311 0.911960 0.908287 0.696637 0.889741 0.873088 0.951530 0.762651 0.711064 0.732449 0.760943 0.491991 0.603723 0.690174 0.869500 0.777515 0.584600 0.482029 0.774466 0.847790 0.914131 0.994973 0.767341 0.792931 0.986841 0.977668 0.867587 0.931654 0.701448 0.861443 0.970655 0.927842 0.861659 0.804561 0.991333 0.946965 0.587774 0.591987 0.545981 0.639584 0.897671 0.796516 0.627303 0.768171 0.754869 0.711765 0.741857 0.773438 0.884834 0.798142 0.739019 0.814806 0.845819 0.944192 0.912177 0.928466 0.918759 0.952875 0.872011 0.945779 0.939136 0.946290
0.811515 0.762568 0.505300 0.601985 0.963778 0.804561 0.551061 0.654548 0.000000 0.647213 0.807090 0.968221 0.638621 0.901557 0.832472 0.533793 0.751405 0.659103 0.694587 0.938528 0.867106 0.983875 0.625922 0.716631 0.678016 0.527253 0.993952 0.938598 0.846282 0.844884 0.527898 0.717036 0.704122 0.834366 0.812016 0.848451 0.927364 0.915188 0.845461 0.901598 0.715286 0.831462 0.586158 0.724887 0.696544 0.885471 0.867912 0.966820 0.951844 0.946018 0.852319 0.864687 0.752381 0.624452 0.947811 0.796726 0.764231 0.542784 0.728027 0.604659 0.946985 0.912212 0.594589 0.588227 0.572924 0.616896 0.630831 0.868131 0.859196 0.845524 0.540554 0.602483 0.984201 0.898625 0.863141 0.812847 0.521748 0.625491 0.942944 0.899413 0.723610 0.766848 0.935034 0.824318 0.898355 0.804139 0.989895 0.838479 0.884959 0.985627 0.534905 0.504878 0.548533 0.558090 0.935836 0.744530 0.823909 0.764257 0.620362 0.575616 0.898820 0.565729 0.819540 0.956347 0.808972 0.980041 0.811448 0.884602 0.831091 0.963949 0.980257 0.764839 0.743803 0.859373 0.908608 0.820147
0.771050 0.680025 0.665101 0.739828 0.990789 0.601682 0.693571 0.548776 0.647213 0.000000 0.879283 0.977512 0.919177 0.901407 0.705280 0.891899 0.897021 0.725000 0.821570 0.997890 0.973274 0.900952 0.891389 0.900811 0.911401 0.765511 0.780899 0.746693 0.872612 0.921064 0.931060 0.873885 0.999340 0.923259 0.935237 0.887625 0.960391 0.997378 0.945786 0.968609 0.857560 0.832446 0.964024 0.780994 0.725546 0.631003 0.822968 0.697438 0.655381 0.584685 0.691669 0.636991 0.764221 0.919452 0.760312 0.834764 0.618786 0.581652 0.747431 0.735629 0.945589 0.744252 0.656305 0.657416 0.996709 0.636975 0.902663 0.872766 0.796563 0.636769 0.518298 0.543636 0.812672 0.813019 0.899569 0.893570 0.742572 0.870284 0.832877 0.792860 0.696045 0.703754 0.581043 0.636090 0.606250 0.682801 0.757022 0.599972 0.990300 0.644088 0.519237 0.525204 0.547743 0.608501 0.989004 0.819176 0.694911 0.759530 0.798923 0.841467 0.738246 0.876800 0.741811 0.891903 0.930290 0.982306 0.942511 0.898493 0.847498 0.945750 0.805850 0.970336 0.887522 0.859486 0.888228 0.965778
0.440387 0.543526 0.749832 0.842538 0.886551 0.862528 0.994686 0.997366 0.807090 0.879283 0.000000 0.573272 0.956374 0.952305 0.887582 0.831274 0.427802 0.362640 0.674336 0.734194 0.965227 0.975536 0.732874 0.829458 0.632171 0.630076 0.862554 0.953301 0.520483 0.390814 0.999728 0.966557 0.743369 0.598871 0.753859 0.859733 0.913908 0.919161 0.894179 0.984285 0.721019 0.781982 0.883413 0.935737 0.956968 0.832674 0.751859 0.777074 0.848033 0.875923 0.882357 0.987831 0.923296 0.742242 0.705723 0.820849 0.482078 0.482912 0.568753 0.542592 0.542029 0.844979 0.439040 0.424656 0.646178 0.794133 0.877831 0.760717 0.494352 0.580471 0.797611 0.908714 0.871357 0.902826 0.898181 0.930314 0.810797 0.822198 0.668395 0.716565 0.445245 0.399822 0.787660 0.478912 0.927454 0.938463 0.993008 0.816338 0.932836 0.852519 0.605932 0.578473 0.599555 0.514078 0.771441 0.901176 0.939395 0.953034 0.854907 0.753846 0.771075 0.802240 0.951757 0.745124 0.993186 0.949205 0.847971 0.872786 0.824758 0.806114 0.782303 0.951325 0.981406 0.979965 0.921112 0.955347
0.476131 0.480819 0.858490 0.866192 0.990209 0.913805 0.971386 0.867552 0.968221 0.977512 0.573272 0.000000 0.938253 0.914289 0.884071 0.947455 0.514863 0.577235 0.755850 0.780984 0.962712 0.938613 0.768984 0.843447 0.722253 0.784669 0.742769 0.938571 0.589323 0.594932 0.944796 0.911039 0.729195 0.683336 0.873663 0.934628 0.977842 0.993588 0.875412 0.911230 0.715355 0.707677 0.950143 0.886654 0.917100 0.830668 0.593465 0.838486 0.843434 0.853234 0.777148 0.868266 0.985598 0.916454 0.740213 0.792902 0.558826 0.589603 0.472556 0.535800 0.468994 0.562845 0.588240 0.546606 0.670018 0.984962 0.866228 0.687763 0.629528 0.719791 0.954841 0.868261 0.580311 0.677612 0.769756 0.999863 0.958600 0.911193 0.673655 0.804943 0.549977 0.529481 0.871405 0.612780 0.979928 0.999023 0.954321 0.943979 0.945976 0.979942 0.886532 0.844425 0.815003 0.652160 0.832504 0.901478 0.697741 0.987763 0.943849 0.971486 0.950411 0.949263 0.713378 0.748470 0.936237 0.892062 0.975619 0.954758 0.989554 0.820026 0.789379 0.863330 0.950153 0.915692 0.895886 0.978194
0.965005 0.988640 0.676244 0.766821 0.746889 0.790154 0.608392 0.831735 0.638621 0.919177 0.956374 0.938253 0.000000 0.645203 0.468199 0.382381 0.851230 0.866194 0.680473 0.839349 0.950733 0.926051 0.505690 0.553815 0.685920 0.814376 0.971175 0.984629 0.920357 0.940126 0.738489 0.737948 0.679198 0.847529 0.841142 0.921689 0.953176 0.852134 0.939260 0.892452 0.865181 0.919595 0.698550 0.763266 0.697830 0.853030 0.813156 0.989025 0.930398 0.903386 0.743819 0.734756 0.683593 0.673123 0.958953 0.815672 0.947234 0.810369 0.802370 0.709291 0.846646 0.994269 0.865134 0.827574 0.572632 0.741799 0.747623 0.970887 0.894353 0.945670 0.685441 0.815495 0.971977 0.949141 0.893578 0.871667 0.659493 0.743315 0.974334 0.987885 0.864955 0.955509 0.824942 0.981850 0.670912 0.643105 0.875623 0.846765 0.810075 0.903133 0.585270 0.590612 0.610571 0.664685 0.915754 0.902079 0.988471 0.978656 0.730873 0.645770 0.978361 0.635648 0.951193 0.989126 0.802893 0.924275 0.952501 0.884154 0.921250 0.991542 0.922256 0.819545 0.717275 0.964809 0.716995 0.885450
0.989522 0.935931 0.885084 0.803159 0.992361 0.903029 0.900392 0.981007 0.901557 0.901407 0.952305 0.914289 0.645203 0.000000 0.609745 0.652689 0.773242 0.890736 0.864372 0.792010 0.991210 0.760170 0.599644 0.618548 0.855297 0.909478 0.836996 0.917847 0.961382 0.971720 0.953740 0.808177 0.757278 0.998585 0.821744 0.900111 0.919174 0.896140 0.925439 0.974794 0.862823 0.918057 0.831597 0.784283 0.761029 0.781986 0.938479 0.868432 0.792758 0.667239 0.748124 0.607347 0.698896 0.596195 0.978140 0.994087 0.990642 0.975350 0.996390 0.974907 0.968721 0.965564 0.927207 0.883485 0.758741 0.905075 0.996527 0.981750 0.968935 0.761548 0.990446 0.954141 0.977944 0.947766 0.949025 0.829610 0.805261 0.861518 0.894002 0.902306 0.847320 0.975515 0.743582 0.858501 0.764370 0.726950 0.928664 0.790952 0.970137 0.766145 0.925709 0.871435 0.910536 0.914506 0.892580 0.992565 0.918533 0.848897 0.982653 0.866231 0.925279 0.928829 0.938986 0.970665 0.780195 0.829199 0.898148 0.991327 0.993314 0.869396 0.846624 0.955956 0.985277 0.985697 0.807052 0.990335
0.966734 0.963753 0.912561 0.929652 0.897557 0.930661 0.848742 0.860903 0.832472 0.705280 0.887582 0.884071 0.468199 0.609745 0.000000 0.527026 0.813658 0.965577 0.815093 0.957674 0.969920 0.892868 0.415788 0.533148 0.765302 0.849045 0.677714 0.855692 0.935385 0.976895 0.805293 0.838504 0.771512 0.947346 0.702017 0.875315 0.942057 0.965005 0.900953 0.972977 0.877305 0.957961 0.748122 0.746448 0.584358 0.695281 0.843206 0.865878 0.731019 0.685479 0.681603 0.587645 0.578150 0.603096 0.847184 0.832665 0.968975 0.946738 0.866570 0.783588 0.979990 0.710710 0.975002 0.961869 0.554166 0.990466 0.824311 0.837927 0.928277 0.933203 0.962416 0.823397 0.913685 0.834447 0.861681 0.991750 0.850240 0.778887 0.968912 0.993818 0.998118 0.943300 0.555881 0.830247 0.499288 0.496670 0.753263 0.649509 0.827193 0.758532 0.886149 0.879278 0.875825 0.862881 0.909759 0.933186 0.768604 0.766229 0.976151 0.823126 0.842324 0.761458 0.795746 0.971642 0.897407 0.961785 0.893171 0.985774 0.989852 0.956913 0.881876 0.863196 0.863799 0.983835 0.750918 0.992673
0.984606 0.994079 0.565204 0.630072 0.903771 0.766746 0.528506 0.739426 0.533793 0.891899 0.831274 0.947455 0.382381 0.652689 0.527026 0.000000 0.851783 0.854530 0.650557 0.739474 0.917970 0.963844 0.420445 0.508440 0.574614 0.643938 0.937764 0.941542 0.901663 0.905003 0.592326 0.657382 0.575885 0.773376 0.748914 0.851281 0.923825 0.790719 0.862892 0.809938 0.887482 0.988896 0.509475 0.630503 0.575440 0.755949 0.722345 0.869134 0.851399 0.840640 0.723817 0.697326 0.648270 0.649246 0.951444 0.670048 0.973363 0.738889 0.823447 0.662782 0.919198 0.998831 0.745128 0.734275 0.457999 0.645355 0.628398 0.891942 0.905681 0.861044 0.624687 0.700405 0.870039 0.856293 0.861205 0.836752 0.541471 0.661528 0.882915 0.955519 0.844205 0.933841 0.785578 0.954460 0.630431 0.600667 0.914300 0.957091 0.884778 0.814707 0.559134 0.560368 0.592623 0.606880 0.920365 0.767357 0.928988 0.964728 0.650515 0.523921 0.883316 0.571610 0.967304 0.986838 0.693955 0.824220 0.934160 0.815602 0.811433 0.990567 0.985691 0.759574 0.661409 0.974379 0.720078 0.775881
0.396277 0.453741 0.651224 0.698506 0.944877 0.953829 0.940039 0.933071 0.751405 0.897021 0.427802 0.514863 0.851230 0.773242 0.813658 0.851783 0.000000 0.310554 0.707326 0.755243 0.960321 0.944948 0.666353 0.720775 0.604900 0.593502 0.791900 0.943863 0.532685 0.414066 0.865597 0.907286 0.843610 0.621665 0.870192 0.879873 0.934035 0.989909 0.850403 0.960168 0.621991 0.824359 0.881141 0.994500 0.987724 0.889020 0.707784 0.819987 0.894079 0.980292 0.993659 0.920319 0.755392 0.554043 0.737352 0.786840 0.440178 0.409458 0.431543 0.515823 0.501875 0.808103 0.395053 0.369272 0.629835 0.855698 0.886586 0.679308 0.563848 0.782160 0.833580 0.942590 0.721941 0.850679 0.838202 0.847929 0.825125 0.783748 0.667626 0.710022 0.375844 0.391655 0.769820 0.521092 0.896854 0.992881 0.931843 0.883846 0.990627 0.916284 0.650713 0.579169 0.585158 0.487261 0.735248 0.863468 0.856645 0.982057 0.912417 0.864085 0.841730 0.734718 0.918170 0.720085 0.975148 0.877040 0.838928 0.938308 0.974303 0.861229 0.891167 0.859653 0.955812 0.944028 0.997393 0.977725
0.376921 0.433430 0.612912 0.709808 0.946650 0.894038 0.913366 0.856108 0.659103 0.725000 0.362640 0.577235 0.866194 0.890736 0.965577 0.854530 0.310554 0.000000 0.721388 0.739101 0.974075 0.984035 0.798472 0.818149 0.631718 0.558755 0.923081 0.874931 0.477751 0.378030 0.883348 0.923624 0.772770 0.628659 0.893306 0.902309 0.946378 0.964942 0.859439 0.994621 0.608530 0.797768 0.860831 0.972837 0.946079 0.819486 0.660393 0.719362 0.829044 0.885794 0.930795 0.987883 0.871842 0.610723 0.635581 0.826033 0.389937 0.358058 0.472484 0.494536 0.512792 0.954382 0.325760 0.311726 0.687437 0.785547 0.902561 0.732207 0.542956 0.693189 0.676344 0.784605 0.781106 0.943690 0.881435 0.833618 0.734092 0.791772 0.645241 0.679014 0.365672 0.313803 0.617723 0.418245 0.763916 0.839987 0.892683 0.732375 0.990709 0.808139 0.545310 0.494954 0.521677 0.477124 0.761967 0.887016 0.991681 0.875574 0.814667 0.793033 0.770223 0.717840 0.974416 0.776748 0.998575 0.900212 0.748384 0.842902 0.868594 0.881471 0.822188 0.961670 0.891700 0.950046 0.931045 0.917759
0.687620 0.732915 0.761904 0.751745 0.970202 0.748349 0.519077 0.625645 0.694587 0.821570 0.674336 0.755850 0.680473 0.864372 0.815093 0.650557 0.707326 0.721388 0.000000 0.533516 0.912896 0.866083 0.757299 0.846525 0.959264 0.927901 0.864836 0.999794 0.670799 0.606638 0.732986 0.680815 0.490500 0.415309 0.992493 0.904912 0.867012 0.942410 0.991343 0.947667 0.922523 0.916027 0.765355 0.829321 0.782164 0.861679 0.730428 0.843669 0.936868 0.927126 0.959042 0.916465 0.957615 0.916358 0.869835 0.768038 0.803404 0.960100 0.867124 0.938056 0.646765 0.907375 0.872937 0.909077 0.822477 0.716946 0.565879 0.659836 0.863436 0.994892 0.729192 0.750395 0.731227 0.790625 0.833808 0.965902 0.826629 0.818818 0.806734 0.904395 0.840592 0.762330 0.847353 0.773372 0.722563 0.731451 0.990063 0.868598 0.912000 0.884926 0.811951 0.810150 0.768132 0.901412 0.768113 0.890657 0.804233 0.926336 0.774615 0.744707 0.981898 0.869603 0.989886 0.940192 0.752471 0.844381 0.963063 0.915674 0.928318 0.959872 0.888988 0.813749 0.799916 0.922051 0.795604 0.964252
0.645078 0.725417 0.803916 0.753501 0.979481 0.985330 0.769646 0.740402 0.938528 0.997890 0.734194 0.780984 0.839349 0.792010 0.957674 0.739474 0.755243 0.739101 0.533516 0.000000 0.872768 0.969778 0.844361 0.779550 0.886710 0.930943 0.997240 0.957769 0.794331 0.755353 0.953192 0.833024 0.669782 0.712873 0.970645 0.974288 0.961074 0.784613 0.928530 0.874093 0.767906 0.862568 0.791389 0.759219 0.866979 0.834219 0.799854 0.772371 0.915539 0.853415 0.981697 0.937363 0.977296 0.872090 0.887231 0.779036 0.715850 0.924794 0.924891 0.936052 0.901006 0.976004 0.964767 0.971772 0.862747 0.828802 0.831022 0.883498 0.782593 0.909035 0.878830 0.778513 0.923315 0.925427 0.988416 0.963122 0.937640 0.952975 0.815576 0.992275 0.890500 0.806815 0.870438 0.795968 0.820618 0.839193 0.917302 0.792853 0.981199 0.693882 0.979016 0.974050 0.990283 0.992457 0.850452 0.954330 0.902015 0.929062 0.905245 0.799482 0.985795 0.951773 0.988634 0.906779 0.734276 0.786949 0.899743 0.923617 0.991095 0.943805 0.856847 0.940122 0.956607 0.892868 0.873091 0.967258
0.876157 0.955041 0.922475 0.869094 0.735774 0.830256 0.940906 0.960132 0.867106 0.973274 0.965227 0.962712 0.950733 0.991210 0.969920 0.917970 0.960321 0.974075 0.912896 0.872768 0.000000 0.885788 0.979701 0.988785 0.989256 0.912698 0.901808 0.934635 0.980951 0.950888 0.776857 0.960444 0.927920 0.833263 0.945982 0.995106 0.746533 0.900178 0.858672 0.867318 0.986219 0.933612 0.749687 0.780536 0.776885 0.823976 0.859938 0.952801 0.834820 0.881173 0.897650 0.902544 0.885620 0.943222 0.886026 0.962394 0.992038 0.996030 0.959470 0.988500 0.901338 0.962586 0.899101 0.930619 0.988353 0.935959 0.846873 0.860050 0.943977 0.891554 0.780715 0.892735 0.980008 0.882742 0.906818 0.953624 0.863706 0.907103 0.923404 0.924487 0.954916 0.993271 0.960135 0.997919 0.987607 0.978688 0.970465 0.872434 0.969184 0.987312 0.974911 0.941497 0.931576 0.986721 0.974423 0.910565 0.999705 0.994875 0.847261 0.911689 0.873353 0.994839 0.893580 0.678440 0.954810 0.937872 0.925011 0.973780 0.851859 0.919035 0.924230 0.997576 0.864222 0.917402 0.959692 0.794210
0.943356 0.941628 0.893273 0.967372 0.919000 0.986674 0.941186 0.999645 0.983875 0.900952 0.975536 0.938613 0.926051 0.760170 0.892868 0.963844 0.944948 0.984035 0.866083 0.969778 0.885788 0.000000 0.927325 0.906418 0.964253 0.929288 0.974537 0.948687 0.898227 0.934470 0.851145 0.984851 0.972077 0.980282 0.913699 0.948272 0.646815 0.879470 0.917892 0.809870 0.856715 0.945559 0.840514 0.875526 0.851224 0.870364 0.802369 0.908440 0.913971 0.969110 0.834315 0.924293 0.829484 0.929704 0.763573 0.829378 0.917906 0.977431 0.920274 0.983808 0.971581 0.926955 0.983865 0.949063 0.985479 0.987974 0.931630 0.846632 0.953718 0.930269 0.866815 0.988566 0.954370 0.984156 0.822944 0.946392 0.961700 0.999697 0.867560 0.974518 0.923798 0.860796 0.939214 0.965358 0.949842 0.938976 0.945480 0.993189 0.999975 0.956797 0.962810 0.998995 0.959498 0.962124 0.962585 0.896617 0.943610 0.911285 0.842590 0.955353 0.943145 0.897079 0.884462 0.849591 0.963003 0.917184 0.994857 0.968463 0.930990 0.919553 0.929983 0.982917 0.946743 0.998134 0.936363 0.809174
0.836069 0.882517 0.588756 0.573770 0.867089 0.942893 0.596737 0.869179 0.625922 0.891389 0.732874 0.768984 0.505690 0.599644 0.415788 0.420445 0.666353 0.798472 0.757299 0.844361 0.979701 0.927325 0.000000 0.333502 0.468242 0.615365 0.634037 0.800628 0.821467 0.770007 0.706824 0.779787 0.671829 0.948130 0.587909 0.773506 0.897829 0.889526 0.839843 0.973436 0.847580 0.859665 0.594077 0.685322 0.596274 0.793184 0.887445 0.823368 0.872744 0.790945 0.824622 0.658043 0.583791 0.618838 0.947190 0.812114 0.898261 0.723173 0.714910 0.629867 0.855467 0.730363 0.720175 0.681298 0.289630 0.679260 0.655097 0.993171 0.816410 0.882959 0.858772 0.986272 0.920271 0.877319 0.895866 0.905797 0.675353 0.638961 0.927974 0.919928 0.756356 0.873813 0.686119 0.972464 0.439433 0.400023 0.786679 0.782345 0.800553 0.684822 0.661743 0.642296 0.642175 0.615110 0.988201 0.744766 0.818740 0.877725 0.839153 0.614291 0.954067 0.649454 0.810611 0.814117 0.659210 0.883788 0.960643 0.954302 0.834280 0.948545 0.970945 0.869065 0.734293 0.937482 0.781518 0.865253
0.846414 0.865944 0.540789 0.539253 0.865233 0.973634 0.610896 0.823723 0.716631 0.900811 0.829458 0.843447 0.553815 0.618548 0.533148 0.508440 0.720775 0.818149 0.846525 0.779550 0.988785 0.906418 0.333502 0.000000 0.438261 0.692889 0.650358 0.935593 0.803543 0.831264 0.774225 0.801471 0.789537 0.975942 0.700220 0.853368 0.924422 0.808908 0.853216 0.968235 0.834607 0.886715 0.663842 0.682020 0.674765 0.843347 0.912692 0.793377 0.942971 0.841398 0.873358 0.770294 0.654975 0.696379 0.928980 0.852177 0.961910 0.732569 0.716077 0.666945 0.854549 0.806829 0.732064 0.712825 0.368602 0.694826 0.655189 0.933598 0.840561 0.888750 0.860876 0.964101 0.899489 0.839419 0.979282 0.951835 0.741300 0.694866 0.908499 0.956492 0.809587 0.944139 0.766204 0.940279 0.533032 0.417731 0.804722 0.771636 0.694577 0.656828 0.730414 0.764452 0.764376 0.718317 0.992631 0.796358 0.842767 0.968121 0.896935 0.646255 0.999163 0.727395 0.810284 0.851039 0.704589 0.810740 0.906458 0.997830 0.815632 0.971746 0.994586 0.947387 0.826672 0.937612 0.816927 0.892827
0.748949 0.804409 0.405665 0.421172 0.981467 0.894312 0.526454 0.612776 0.678016 0.911401 0.632171 0.722253 0.685920 0.855297 0.765302 0.574614 0.604900 0.631718 0.959264 0.886710 0.989256 0.964253 0.468242 0.438261 0.000000 0.484061 0.809593 0.902455 0.628865 0.586124 0.686064 0.797053 0.763728 0.990437 0.763409 0.913390 0.861656 0.837784 0.794853 0.820733 0.787195 0.833018 0.582167 0.723720 0.803742 0.961213 0.970865 0.885337 0.943466 0.968985 0.992434 0.888717 0.760486 0.811266 0.954853 0.878700 0.824646 0.550961 0.594668 0.570627 0.642408 0.826346 0.475185 0.496681 0.331674 0.591147 0.609162 0.979044 0.729314 0.696935 0.698556 0.745473 0.931165 0.898209 0.981093 0.959510 0.651388 0.627611 0.780818 0.954468 0.664169 0.707756 0.967384 0.832080 0.714546 0.619998 0.803644 0.990159 0.813077 0.760623 0.583077 0.585417 0.540773 0.500786 0.930283 0.709172 0.998645 0.943251 0.758894 0.603955 0.817997 0.699748 0.912362 0.713213 0.670267 0.908874 0.786655 0.887991 0.892118 0.995516 0.876802 0.996520 0.804332 0.949081 0.944332 0.781953
0.739246 0.749352 0.462567 0.470112 0.841149 0.776751 0.652930 0.628978 0.527253 0.765511 0.630076 0.784669 0.814376 0.909478 0.849045 0.643938 0.593502 0.558755 0.927901 0.930943 0.912698 0.929288 0.615365 0.692889 0.484061 0.000000 0.923635 0.841717 0.750704 0.645551 0.659023 0.703548 0.810028 0.952010 0.715014 0.967917 0.772915 0.905154 0.755437 0.734449 0.678840 0.825546 0.613179 0.761115 0.822816 0.948531 0.991045 0.959820 0.988547 0.892161 0.919832 0.843797 0.762767 0.675146 0.976155 0.885835 0.675963 0.527426 0.632764 0.607232 0.638153 0.891651 0.466872 0.479433 0.537256 0.670199 0.698809 0.932110 0.788471 0.800639 0.649075 0.700170 0.972435 0.987583 0.984740 0.973910 0.541085 0.582821 0.866975 0.899545 0.646346 0.642300 0.904175 0.747602 0.941703 0.839825 0.986173 0.925054 0.991793 0.831886 0.606578 0.547867 0.567605 0.496705 0.873707 0.813190 0.889672 0.819831 0.733232 0.625115 0.841040 0.718766 0.885362 0.867828 0.773193 0.960915 0.802773 0.846607 0.951208 0.990448 0.960210 0.938047 0.771153 0.886728 0.964147 0.813671
0.886612 0.867885 0.985824 0.973232 0.958121 0.639270 0.865793 0.766701 0.993952 0.780899 0.862554 0.742769 0.971175 0.836996 0.677714 0.937764 0.791900 0.923081 0.864836 0.997240 0.901808 0.974537 0.634037 0.650358 0.809593 0.923635 0.000000 0.877876 0.956337 0.883163 0.947522 0.887765 0.901662 0.796615 0.759044 0.780014 0.933505 0.881958 0.988021 0.876488 0.957867 0.883347 0.969703 0.931440 0.823202 0.869274 0.905119 0.887814 0.896603 0.878668 0.973859 0.879240 0.707319 0.759223 0.925005 0.987521 0.955438 0.924943 0.803431 0.790848 0.781993 0.711873 0.924646 0.872995 0.675087 0.929951 0.931664 0.690195 0.954697 0.975946 0.821801 0.665473 0.749088 0.702714 0.898658 0.958700 0.987982 0.929811 0.813068 0.883224 0.919145 0.944975 0.680643 0.891105 0.747496 0.717943 0.869473 0.846360 0.853140 0.741127 0.917599 0.906804 0.907641 0.961528 0.841038 0.803363 0.700333 0.853302 0.821469 0.970342 0.867255 0.961221 0.769593 0.914637 0.953066 0.957682 0.885274 0.940764 0.975112 0.992620 0.967625 0.974061 0.894874 0.942134 0.901317 0.960432
0.907493 0.804518 0.974307 0.944877 0.914233 0.961364 0.943540 0.937516 0.938598 0.746693 0.953301 0.938571 0.984629 0.917847 0.855692 0.941542 0.943863 0.874931 0.999794 0.957769 0.934635 0.948687 0.800628 0.935593 0.902455 0.841717 0.877876 0.000000 0.902148 0.975641 0.995865 0.887415 0.856929 0.958651 0.787461 0.925537 0.913600 0.883301 0.932514 0.851474 0.917622 0.881265 0.897589 0.836415 0.869491 0.877405 0.973764 0.815149 0.820270 0.774689 0.870465 0.751155 0.791125 0.949725 0.828489 0.945662 0.903256 0.815136 0.908240 0.959559 0.841771 0.749580 0.940116 0.898517 0.841262 0.959800 0.914882 0.946319 0.933860 0.924684 0.848417 0.831943 0.936903 0.881782 0.930254 0.779548 0.855738 0.918287 0.896391 0.910933 0.919084 0.883170 0.744635 0.835194 0.697882 0.733399 0.888430 0.804369 0.947477 0.749251 0.896931 0.910195 0.923338 0.973140 0.926184 0.880623 0.771502 0.861285 0.884618 0.979105 0.915761 0.967348 0.859321 0.965208 0.961801 0.995180 0.950774 0.905507 0.871389 0.915203 0.805930 0.964287 0.972909 0.945488 0.950379 0.981090
0.579287 0.547522 0.715100 0.775124 0.828319 0.942396 0.970405 0.921256 0.846282 0.872612 0.520483 0.589323 0.920357 0.961382 0.935385 0.901663 0.532685 0.477751 0.670799 0.794331 0.980951 0.898227 0.821467 0.803543 0.628865 0.750704 0.956337 0.902148 0.000000 0.422590 0.962304 0.958350 0.773606 0.639127 0.877928 0.884698 0.782500 0.812935 0.878795 0.881394 0.763317 0.741456 0.856240 0.961791 0.958211 0.835681 0.837623 0.865637 0.801512 0.833631 0.924654 0.999576 0.950369 0.817933 0.701032 0.959525 0.648630 0.588122 0.648378 0.645378 0.632941 0.946016 0.478538 0.530833 0.669416 0.721234 0.971396 0.872961 0.695503 0.766946 0.753119 0.914318 0.730981 0.956115 0.885162 0.838742 0.832041 0.850002 0.718230 0.874369 0.540383 0.536081 0.692289 0.569822 0.945108 0.979159 0.984495 0.860986 0.957071 0.909194 0.684624 0.669924 0.729696 0.657168 0.821522 0.792238 0.989966 0.809299 0.881969 0.765852 0.711444 0.755712 0.983856 0.808131 0.862756 0.958665 0.802534 0.979967 0.853034 0.953353 0.755310 0.990039 0.882634 0.951068 0.959880 0.750754
0.540031 0.561010 0.734009 0.815483 0.863180 0.991394 0.996688 0.978032 0.844884 0.921064 0.390814 0.594932 0.940126 0.971720 0.976895 0.905003 0.414066 0.378030 0.606638 0.755353 0.950888 0.934470 0.770007 0.831264 0.586124 0.645551 0.883163 0.975641 0.422590 0.000000 0.957897 0.922021 0.782266 0.593079 0.846621 0.972100 0.878476 0.921841 0.879315 0.892696 0.731082 0.748270 0.836292 0.983110 0.928174 0.854974 0.765068 0.888794 0.895473 0.916535 0.958523 0.966565 0.885658 0.741908 0.750405 0.899893 0.598091 0.554050 0.573285 0.589521 0.512562 0.949500 0.426277 0.458962 0.633339 0.793588 0.844143 0.754557 0.640317 0.735759 0.871110 0.913805 0.738157 0.885702 0.882934 0.900661 0.832772 0.912023 0.659249 0.760219 0.494324 0.459837 0.768267 0.530499 0.968778 0.952600 0.919264 0.809575 0.949167 0.974620 0.699752 0.636826 0.688510 0.605534 0.745728 0.954463 0.870155 0.931452 0.902001 0.842531 0.731193 0.842863 0.942650 0.730603 0.933773 0.924004 0.710685 0.965823 0.886257 0.804692 0.765935 0.957798 0.879367 0.918893 0.876468 0.926356
0.991760 0.961029 0.590377 0.601613 0.831635 0.880027 0.571730 0.682458 0.527898 0.931060 0.999728 0.944796 0.738489 0.953740 0.805293 0.592326 0.865597 0.883348 0.732986 0.953192 0.776857 0.851145 0.706824 0.774225 0.686064 0.659023 0.947522 0.995865 0.962304 0.957897 0.000000 0.586609 0.577242 0.675484 0.983812 0.836403 0.809759 0.812992 0.796025 0.763615 0.928822 0.936253 0.550960 0.576895 0.565899 0.682760 0.793449 0.851765 0.802987 0.761086 0.677077 0.732282 0.652685 0.692014 0.796700 0.734417 0.980326 0.757121 0.860569 0.798256 0.941405 0.915690 0.785493 0.785173 0.709482 0.883611 0.555008 0.730724 0.941327 0.981149 0.683939 0.770422 0.920359 0.934573 0.846889 0.900370 0.606125 0.685092 0.821764 0.849776 0.991354 0.976930 0.932801 0.973290 0.869617 0.737932 0.944509 0.838856 0.945756 0.938081 0.766074 0.685565 0.690681 0.691009 0.919430 0.799100 0.856035 0.861970 0.692060 0.711260 0.970000 0.608887 0.872212 0.953439 0.799707 0.964931 0.965947 0.886731 0.999100 0.996078 0.972381 0.954622 0.778545 0.911104 0.827136 0.823145
0.977790 0.974080 0.667016 0.623651 0.808534 0.806636 0.557378 0.597893 0.717036 0.873885 0.966557 0.911039 0.737948 0.808177 0.838504 0.657382 0.907286 0.923624 0.680815 0.833024 0.960444 0.984851 0.779787 0.801471 0.797053 0.703548 0.887765 0.887415 0.958350 0.922021 0.586609 0.000000 0.615204 0.777605 0.962275 0.885402 0.985093 0.927839 0.873072 0.884596 0.984737 0.974077 0.706668 0.755410 0.823580 0.834150 0.801513 0.925054 0.925651 0.774881 0.805295 0.788330 0.827632 0.831898 0.849811 0.853487 0.992152 0.845367 0.962944 0.928476 0.947774 0.955997 0.912592 0.867266 0.806138 0.821163 0.694650 0.752452 0.869761 0.917351 0.850622 0.864452 0.838557 0.903235 0.920091 0.863724 0.798911 0.835994 0.792611 0.894304 0.953758 0.993652 0.994926 0.993406 0.906595 0.797726 0.810958 0.964606 0.997525 0.975061 0.831865 0.714170 0.726508 0.827019 0.815833 0.994588 0.818713 0.909749 0.855744 0.782901 0.946452 0.802141 0.908256 0.986059 0.682267 0.828208 0.991481 0.959756 0.976090 0.907975 0.939315 0.927537 0.824011 0.901336 0.742308 0.992477
0.684067 0.621588 0.714520 0.647565 0.861977 0.821219 0.471850 0.567065 0.704122 0.999340 0.743369 0.729195 0.679198 0.757278 0.771512 0.575885 0.843610 0.772770 0.490500 0.669782 0.927920 0.972077 0.671829 0.789537 0.763728 0.810028 0.901662 0.856929 0.773606 0.782266 0.577242 0.615204 0.000000 0.473847 0.936878 0.961510 0.980376 0.844291 0.933634 0.782075 0.849707 0.905970 0.586130 0.618383 0.662838 0.690086 0.607371 0.658488 0.782570 0.710071 0.733743 0.691906 0.760189 0.917432 0.704654 0.655759 0.694652 0.880213 0.793489 0.847201 0.746433 0.889395 0.920180 0.935265 0.727647 0.719974 0.522575 0.565916 0.838834 0.876242 0.840356 0.772693 0.723123 0.756305 0.846086 0.944715 0.714610 0.722420 0.741023 0.826927 0.797962 0.725931 0.736366 0.692115 0.610598 0.599168 0.941140 0.899477 0.955777 0.701649 0.872908 0.841020 0.824541 0.905621 0.781332 0.825228 0.777434 0.892523 0.752065 0.724027 0.939212 0.827393 0.862778 0.988972 0.617036 0.783904 0.992510 0.947016 0.951757 0.861083 0.880742 0.918835 0.777830 0.981459 0.758784 0.894112
0.568532 0.601897 0.859954 0.859765 0.834736 0.789043 0.607428 0.663265 0.834366 0.923259 0.598871 0.683336 0.847529 0.998585 0.947346 0.773376 0.621665 0.628659 0.415309 0.712873 0.833263 0.980282 0.948130 0.975942 0.990437 0.952010 0.796615 0.958651 0.639127 0.593079 0.675484 0.777605 0.473847 0.000000 0.878414 0.957873 0.949478 0.818127 0.978860 0.933020 0.833020 0.929452 0.762645 0.771799 0.744153 0.763386 0.615399 0.753466 0.837396 0.894408 0.854336 0.906246 0.928242 0.900442 0.708021 0.797519 0.621364 0.783832 0.683756 0.734589 0.576383 0.821440 0.769100 0.767722 0.978799 0.840718 0.550037 0.576542 0.694136 0.903698 0.823319 0.737714 0.583682 0.733378 0.710733 0.922308 0.825580 0.854295 0.695733 0.753988 0.659561 0.629278 0.820951 0.681800 0.790359 0.772680 0.995951 0.988603 0.955126 0.907611 0.966003 0.964817 0.935797 0.922454 0.792455 0.902069 0.750829 0.971496 0.773161 0.868095 0.960292 0.927835 0.872230 0.870320 0.838541 0.837408 0.897301 0.884195 0.976240 0.829616 0.958196 0.835026 0.797751 0.878291 0.825511 0.986012
0.959212 0.994231 0.908388 0.917799 0.949811 0.972807 0.983927 0.883111 0.812016 0.935237 0.753859 0.873663 0.841142 0.821744 0.702017 0.748914 0.870192 0.893306 0.992493 0.970645 0.945982 0.913699 0.587909 0.700220 0.763409 0.715014 0.759044 0.787461 0.877928 0.846621 0.983812 0.962275 0.936878 0.878414 0.000000 0.897392 0.797996 0.991091 0.788972 0.965049 0.907912 0.908229 0.655372 0.736031 0.647201 0.720462 0.803370 0.794400 0.706780 0.723122 0.799423 0.679030 0.741155 0.723377 0.986709 0.850940 0.985106 0.965450 0.986720 0.931199 0.897860 0.847169 0.881161 0.887048 0.640081 0.901267 0.809319 0.995354 0.991415 0.970108 0.986255 0.927141 0.986815 0.962658 0.919520 0.854822 0.719875 0.664553 0.935577 0.994220 0.948968 0.879916 0.811724 0.951312 0.680558 0.715088 0.848481 0.978672 0.901311 0.758192 0.884274 0.968935 0.934037 0.954070 0.871307 0.802338 0.828414 0.994087 0.871319 0.672212 0.996970 0.917645 0.975538 0.935431 0.814314 0.926638 0.987870 0.953017 0.769518 0.882242 0.964002 0.793952 0.797367 0.966749 0.856802 0.799067
0.928650 0.989847 0.930377 0.897771 0.897138 0.928433 0.992063 0.974835 0.848451 0.887625 0.859733 0.934628 0.921689 0.900111 0.875315 0.851281 0.879873 0.902309 0.904912 0.974288 0.995106 0.948272 0.773506 0.853368 0.913390 0.967917 0.780014 0.925537 0.884698 0.972100 0.836403 0.885402 0.961510 0.957873 0.897392 0.000000 0.989342 0.928769 0.827045 0.901645 0.987826 0.956370 0.843022 0.881377 0.783684 0.906419 0.988031 0.960509 0.926668 0.892958 0.952548 0.857577 0.781133 0.889167 0.957364 0.991731 0.979955 0.918349 0.961053 0.874592 0.915201 0.901389 0.901348 0.900278 0.815441 0.983118 0.961419 0.941996 0.826770 0.962456 0.997466 0.810994 0.852652 0.962915 0.880100 0.820127 0.947381 0.986292 0.983906 0.993662 0.900730 0.908186 0.888648 0.999219 0.858408 0.851109 0.935881 0.970681 0.972970 0.979058 0.925857 0.908450 0.873096 0.935097 0.861213 0.805556 0.976053 0.905196 0.983805 0.889245 0.934419 0.707735 0.999090 0.942216 0.888022 0.892884 0.957513 0.963363 0.887782 0.947978 0.944844 0.893694 0.877896 0.968097 0.746355 0.950729
0.934601 0.999778 0.835212 0.824877 0.877773 0.946933 0.993056 0.961144 0.927364 0.960391 0.913908 0.977842 0.953176 0.919174 0.942057 0.923825 0.934035 0.946378 0.867012 0.961074 0.746533 0.646815 0.897829 0.924422 0.861656 0.772915 0.933505 0.913600 0.782500 0.878476 0.809759 0.985093 0.980376 0.949478 0.797996 0.989342 0.000000 0.873735 0.890203 0.734977 0.990791 0.960395 0.670749 0.634787 0.734878 0.753876 0.794853 0.788753 0.748677 0.805989 0.772465 0.787651 0.795777 0.818712 0.819617 0.805094 0.919763 0.995233 0.988938 0.977456 0.873519 0.956416 0.902772 0.965168 0.897580 0.966097 0.833252 0.889414 0.943274 0.973645 0.906549 0.981530 0.938041 0.957125 0.923774 0.988669 0.837655 0.912725 0.918494 0.786624 0.928313 0.920908 0.917968 0.960238 0.925901 0.896735 0.994921 0.864224 0.985097 0.865891 0.974344 0.992791 0.983855 0.960167 0.913372 0.870532 0.921974 0.924066 0.841512 0.898283 0.896367 0.978819 0.923453 0.860307 0.993805 0.993460 0.926640 0.992511 0.929570 0.966343 0.969655 0.890775 0.954619 0.893185 0.862899 0.778601
0.815002 0.959233 0.809285 0.847884 0.862917 0.870822 0.912507 0.912091 0.915188 0.997378 0.919161 0.993588 0.852134 0.896140 0.965005 0.790719 0.989909 0.964942 0.942410 0.784613 0.900178 0.879470 0.889526 0.808908 0.837784 0.905154 0.881958 0.883301 0.812935 0.921841 0.812992 0.927839 0.844291 0.818127 0.991091 0.928769 0.873735 0.000000 0.955854 0.702134 0.952358 0.872079 0.771924 0.715533 0.769216 0.716135 0.877457 0.772482 0.789230 0.816821 0.754625 0.760965 0.747727 0.825760 0.877003 0.757720 0.809318 0.993554 0.989194 0.987305 0.967394 0.977857 0.931995 0.931407 0.857154 0.971688 0.887252 0.983015 0.787827 0.833553 0.889189 0.947900 0.990553 0.871128 0.832404 0.811072 0.847867 0.902463 0.954785 0.984716 0.907293 0.914672 0.822592 0.811553 0.882918 0.834593 0.982973 0.980416 0.696490 0.745956 0.943967 0.995162 0.958523 0.995599 0.977566 0.905896 0.999976 0.798076 0.986702 0.968876 0.879893 0.897002 0.890382 0.872996 0.941067 0.912186 0.989323 0.867192 0.928325 0.851798 0.808925 0.986653 0.852105 0.929610 0.927542 0.834637
