0.000000 0.231279 0.503532 0.595054 0.936360 0.796855 0.502329 0.439426 0.996724 0.652393 0.280575 0.265610 0.346796 0.409912 0.476185 0.456237 0.276546 0.196565 0.325875 0.251779 0.732160 0.838387 0.467081 0.617844 0.769428 0.734254 0.924867 0.927041 0.246819 0.246925 0.457374 0.451951 0.386053 0.338899 0.724971 0.838003 0.549601 0.728799 0.762829 0.724255 0.738817 0.782917 0.494420 0.443753 0.554426 0.470467 0.466762 0.395347 0.731103 0.648516 0.684599 0.715371 0.743463 0.896775 0.655624 0.812761 0.294139 0.293796 0.458038 0.383322 0.290368 0.356229 0.235918 0.260487 0.514691 0.459540 0.529216 0.383488 0.393040 0.324866 0.507009 0.556297 0.461196 0.532924 0.749750 0.729288 0.484430 0.510473 0.476959 0.359274 0.238549 0.270409 0.402156 0.461826 0.498925 0.486522 0.817408 0.935147 0.901479 0.562020 0.901280 0.906489 0.840385 0.943821 0.509970 0.632418 0.614348 0.791245 0.522009 0.541301 0.726425 0.649990 0.544540 0.588004 0.497056 0.548034 0.889026 0.886608 0.972707 0.717702 0.818304 0.547271 0.623703 0.693827 0.709620 0.988755
0.231279 0.000000 0.674603 0.707841 0.964993 0.899737 0.595098 0.494690 0.990387 0.613952 0.348238 0.326980 0.543890 0.512658 0.611471 0.541170 0.189647 0.185158 0.379223 0.304626 0.778833 0.820796 0.585077 0.746325 0.900369 0.853820 0.859933 0.933742 0.278676 0.262965 0.543805 0.563770 0.447358 0.392440 0.812462 0.722335 0.700183 0.650546 0.885780 0.806811 0.836052 0.608102 0.486178 0.450361 0.549968 0.488602 0.530659 0.436301 0.626057 0.633993 0.647579 0.698584 0.756614 0.850813 0.821735 0.914437 0.167845 0.170515 0.445795 0.423736 0.441297 0.466380 0.210136 0.185939 0.749371 0.647093 0.574218 0.425456 0.461860 0.315912 0.466251 0.472085 0.488596 0.526736 0.831654 0.668563 0.493011 0.337554 0.458004 0.464216 0.227428 0.384302 0.394273 0.462439 0.649864 0.680848 0.726183 0.832928 0.995009 0.718525 0.835457 0.848071 0.779290 0.916105 0.536329 0.693237 0.653680 0.646295 0.498576 0.482714 0.697428 0.640683 0.444419 0.532504 0.474124 0.493948 0.774857 0.790378 0.981716 0.785413 0.765315 0.551592 0.687558 0.756834 0.734261 0.968925
0.503532 0.674603 0.000000 0.216255 0.938049 0.555708 0.179121 0.278360 0.594008 0.444469 0.489476 0.575465 0.401203 0.594051 0.514943 0.533986 0.707950 0.554159 0.387115 0.446973 0.699622 0.820948 0.314366 0.375812 0.653315 0.400450 0.919938 0.921881 0.685376 0.536384 0.296471 0.402766 0.345199 0.313161 0.570262 0.729323 0.647117 0.771146 0.546921 0.780165 0.944344 0.971950 0.317281 0.329073 0.331860 0.358221 0.351596 0.368982 0.591526 0.525542 0.557190 0.522331 0.568953 0.745183 0.680582 0.604344 0.773688 0.801857 0.491872 0.486024 0.393949 0.469493 0.649216 0.721299 0.282707 0.262447 0.247134 0.298853 0.833376 0.639831 0.440257 0.451833 0.583773 0.527893 0.780999 0.731526 0.491648 0.680645 0.528802 0.438917 0.642471 0.519755 0.795461 0.792366 0.635999 0.495943 0.886398 0.976470 0.879516 0.637709 0.544064 0.588117 0.556894 0.558484 0.583104 0.629917 0.363869 0.813262 0.388795 0.401076 0.547582 0.480102 0.563819 0.554474 0.435950 0.506578 0.645396 0.689714 0.871071 0.839130 0.736384 0.513600 0.452355 0.665939 0.653313 0.894997
0.595054 0.707841 0.216255 0.000000 0.999513 0.557607 0.232786 0.280528 0.607509 0.432908 0.563653 0.643093 0.468520 0.530619 0.508769 0.494322 0.768332 0.598774 0.369526 0.457433 0.644354 0.750597 0.330404 0.341997 0.745037 0.422597 0.912874 0.987288 0.675296 0.573966 0.346318 0.421387 0.359943 0.319638 0.637156 0.697671 0.669198 0.845337 0.666406 0.865294 0.977519 0.898156 0.316617 0.338069 0.407110 0.420587 0.392224 0.418018 0.592784 0.540709 0.605539 0.541536 0.627116 0.737267 0.750804 0.712124 0.804686 0.831275 0.481045 0.549990 0.521025 0.551266 0.717375 0.792373 0.367372 0.292061 0.304454 0.362509 0.951430 0.701139 0.425437 0.426202 0.671399 0.559354 0.862721 0.644721 0.453663 0.609850 0.543430 0.509672 0.727392 0.577842 0.860472 0.779215 0.708395 0.498936 0.951622 0.927129 0.922134 0.640818 0.463071 0.481335 0.496958 0.463120 0.673503 0.599954 0.437690 0.728889 0.384738 0.358694 0.511056 0.542676 0.571555 0.483447 0.466855 0.586713 0.684277 0.691721 0.898108 0.840201 0.785889 0.480972 0.431569 0.571683 0.668722 0.816904
0.936360 0.964993 0.938049 0.999513 0.000000 0.956527 0.941595 0.922041 0.996777 0.911033 0.969981 0.949346 0.933601 0.882222 0.988764 0.935949 0.929204 0.947265 0.969354 0.952517 0.918547 0.942965 0.925729 0.978538 0.823584 0.896083 0.967353 0.945329 0.945460 0.953731 0.996059 0.927262 0.990435 0.994284 0.938222 0.943889 0.758138 0.938368 0.868778 0.917471 0.884161 0.904276 0.901344 0.909627 0.878227 0.843840 0.951596 0.898436 0.727029 0.789444 0.863315 0.823911 0.847092 0.750674 0.981275 0.910882 0.943650 0.909303 0.886749 0.880070 0.887528 0.903503 0.850724 0.890305 0.940165 0.959734 0.970007 0.953422 0.933484 0.949084 0.875304 0.882141 0.978535 0.977750 0.955147 0.934749 0.933686 0.993972 0.870385 0.942078 0.871378 0.947704 0.914139 0.956651 0.983490 0.975074 0.962776 0.956551 0.960462 0.879639 0.898256 0.909178 0.931688 0.999015 0.933792 0.994524 0.949881 0.863099 0.900954 0.783187 0.890093 0.964162 0.983572 0.822836 0.960828 0.962868 0.832737 0.983430 0.746847 0.898971 0.974104 0.781019 0.776820 0.930628 0.911071 0.957847
0.796855 0.899737 0.555708 0.557607 0.956527 0.000000 0.547443 0.718357 0.780990 0.706461 0.802346 0.745758 0.600151 0.785117 0.656274 0.511844 0.931754 0.811150 0.614149 0.714939 0.833576 0.796369 0.585107 0.586548 0.737380 0.484142 0.782282 0.650876 0.867010 0.808440 0.678749 0.705195 0.618035 0.556162 0.704168 0.906114 0.943644 0.968731 0.765012 0.889479 0.998025 0.939707 0.622740 0.571707 0.731302 0.774476 0.764103 0.654824 0.928224 0.744630 0.832012 0.730394 0.775394 0.848089 0.848827 0.818312 0.993963 0.989404 0.837396 0.815000 0.777739 0.878292 0.886741 0.977283 0.571015 0.603085 0.624698 0.699908 0.902537 0.744135 0.766630 0.668781 0.790530 0.661596 0.769263 0.793600 0.761750 0.820173 0.784416 0.564998 0.819063 0.666363 0.995047 0.919940 0.684908 0.553139 0.860788 0.757014 0.935711 0.786472 0.674752 0.672719 0.694212 0.648919 0.759313 0.599628 0.677718 0.873724 0.698055 0.672039 0.890843 0.727207 0.869289 0.702183 0.645027 0.779660 0.878031 0.900343 0.979160 0.868632 0.991528 0.761758 0.659167 0.870383 0.889183 0.997776
0.502329 0.595098 0.179121 0.232786 0.941595 0.547443 0.000000 0.194610 0.516249 0.293826 0.516906 0.591870 0.434544 0.658620 0.570008 0.542567 0.621800 0.519268 0.349681 0.421433 0.743886 0.822316 0.270635 0.454922 0.767427 0.489347 0.976125 0.921695 0.653292 0.524593 0.306129 0.432110 0.288207 0.243495 0.538740 0.613306 0.663061 0.795737 0.704639 0.803700 0.966318 0.888624 0.202504 0.215866 0.210548 0.239323 0.324075 0.294663 0.440012 0.398283 0.425590 0.387195 0.449890 0.613622 0.674477 0.586547 0.660611 0.688257 0.349089 0.393941 0.364873 0.418164 0.544685 0.613263 0.333410 0.295135 0.164284 0.225396 0.873810 0.580066 0.312362 0.315544 0.644419 0.519782 0.815005 0.672067 0.362873 0.615107 0.465006 0.448736 0.577556 0.537728 0.791282 0.776096 0.672640 0.576090 0.963146 0.931137 0.864224 0.721922 0.385575 0.434978 0.406218 0.435008 0.571349 0.562788 0.317628 0.695891 0.242904 0.264533 0.405059 0.407305 0.465896 0.442719 0.323392 0.388275 0.546046 0.591194 0.795552 0.848191 0.648359 0.402437 0.388205 0.605693 0.547411 0.822083
0.439426 0.494690 0.278360 0.280528 0.922041 0.718357 0.194610 0.000000 0.511099 0.256279 0.421909 0.517668 0.449338 0.570461 0.610693 0.572707 0.534299 0.443550 0.360667 0.338931 0.801644 0.812670 0.361746 0.525990 0.948042 0.660609 0.842950 0.858252 0.543156 0.475722 0.412758 0.458810 0.336909 0.290852 0.665516 0.640465 0.701808 0.833396 0.856604 0.862224 0.902950 0.772158 0.272813 0.321054 0.306599 0.322325 0.427316 0.383394 0.474737 0.465519 0.512663 0.480330 0.556626 0.658745 0.782533 0.694469 0.542425 0.547157 0.325687 0.381898 0.366060 0.336502 0.471003 0.488549 0.484555 0.353226 0.270670 0.288105 0.854049 0.540637 0.330476 0.361829 0.694994 0.621163 0.876586 0.722423 0.387729 0.547110 0.486440 0.536979 0.534457 0.533517 0.755953 0.751798 0.773733 0.666353 0.997072 0.911532 0.843497 0.699172 0.382187 0.436689 0.391571 0.455317 0.516462 0.609550 0.364362 0.617463 0.223617 0.234829 0.357477 0.431507 0.391481 0.398484 0.336020 0.381855 0.561113 0.602857 0.814244 0.776949 0.654738 0.359866 0.367144 0.579084 0.578240 0.846528
0.996724 0.990387 0.594008 0.607509 0.996777 0.780990 0.516249 0.511099 0.000000 0.388796 0.898289 0.977414 0.822505 0.924242 0.991759 0.939667 0.990181 0.951221 0.905020 0.917114 0.939553 0.914464 0.769146 0.907391 0.924069 0.861161 0.863378 0.900599 0.906397 0.920410 0.745867 0.880500 0.813147 0.734116 0.829331 0.774260 0.949269 0.949369 0.977018 0.868995 0.803207 0.984890 0.569886 0.616962 0.544945 0.557620 0.740397 0.765210 0.512469 0.495089 0.502378 0.485388 0.467886 0.533580 0.999859 0.847174 0.934815 0.954315 0.518197 0.640402 0.725343 0.671801 0.934489 0.941912 0.793567 0.714848 0.591261 0.695248 0.782014 0.931759 0.673707 0.690269 0.920145 0.993812 0.979546 0.979245 0.771654 0.837961 0.857165 0.850172 0.913251 0.829608 0.807581 0.799296 0.772466 0.938297 0.946747 0.857985 0.780381 0.877531 0.467854 0.571751 0.581298 0.498315 0.775298 0.844648 0.629400 0.804076 0.494335 0.517673 0.651625 0.573410 0.699122 0.629055 0.642072 0.670831 0.585242 0.595549 0.934529 0.911366 0.728004 0.597701 0.582132 0.898102 0.597197 0.796809
0.652393 0.613952 0.444469 0.432908 0.911033 0.706461 0.293826 0.256279 0.388796 0.000000 0.610274 0.648506 0.573408 0.819027 0.725823 0.682144 0.624971 0.635328 0.526258 0.518829 0.924915 0.877728 0.477513 0.693453 0.886964 0.835701 0.891919 0.847760 0.704119 0.636744 0.605830 0.607673 0.503809 0.448022 0.763788 0.577581 0.869891 0.934026 0.917696 0.984672 0.910748 0.818689 0.353045 0.389914 0.365730 0.395240 0.523296 0.459753 0.392953 0.420254 0.503188 0.476277 0.533681 0.625379 0.838404 0.754387 0.679916 0.694902 0.399858 0.485385 0.535067 0.483029 0.621969 0.616908 0.688184 0.544472 0.414914 0.478930 0.912183 0.632506 0.406161 0.416961 0.845432 0.759107 0.897200 0.741550 0.515301 0.546370 0.556665 0.595495 0.654570 0.715943 0.895840 0.823610 0.969704 0.888168 0.949121 0.934797 0.836749 0.807422 0.371640 0.429231 0.435247 0.476546 0.573435 0.624388 0.366946 0.618637 0.274015 0.261031 0.411114 0.414031 0.458056 0.473067 0.470245 0.428955 0.558054 0.604359 0.818796 0.903063 0.682923 0.452191 0.462291 0.792081 0.634911 0.759334
0.280575 0.348238 0.489476 0.563653 0.969981 0.802346 0.516906 0.421909 0.898289 0.610274 0.000000 0.334146 0.352496 0.504161 0.566713 0.553990 0.457475 0.338648 0.377482 0.294571 0.825099 0.887833 0.588036 0.673116 0.926763 0.853588 0.914583 0.996875 0.386614 0.355903 0.559210 0.592990 0.513029 0.466295 0.818799 0.872279 0.668826 0.831983 0.859200 0.838691 0.805388 0.932365 0.572909 0.554767 0.599361 0.534547 0.584589 0.556648 0.782329 0.683527 0.773709 0.760656 0.787238 0.897624 0.770587 0.828787 0.454979 0.419559 0.538231 0.460213 0.349876 0.365230 0.369451 0.400825 0.612161 0.512221 0.612425 0.447065 0.540971 0.532635 0.609289 0.579374 0.546352 0.664196 0.770887 0.744912 0.505886 0.526090 0.572032 0.467004 0.404835 0.384564 0.588754 0.603949 0.724772 0.669662 0.862143 0.901229 0.925636 0.650678 0.864706 0.903420 0.847955 0.929274 0.611585 0.652319 0.649526 0.897220 0.555380 0.548838 0.727696 0.589581 0.547642 0.610415 0.514913 0.596463 0.856837 0.923447 0.930272 0.813089 0.806636 0.572909 0.651357 0.697190 0.743586 0.918053
0.265610 0.326980 0.575465 0.643093 0.949346 0.745758 0.591870 0.517668 0.977414 0.648506 0.334146 0.000000 0.305244 0.387123 0.385211 0.300048 0.366634 0.265061 0.403039 0.373206 0.759513 0.826730 0.439020 0.562985 0.815189 0.776706 0.996452 0.928229 0.275453 0.258468 0.545968 0.508700 0.451445 0.412975 0.853686 0.994775 0.709977 0.869593 0.863402 0.863981 0.906035 0.864322 0.575570 0.522717 0.677988 0.549761 0.583841 0.457005 0.780378 0.623827 0.710142 0.668578 0.753671 0.769692 0.791980 0.876773 0.467891 0.428943 0.582635 0.473112 0.307711 0.355347 0.280484 0.310417 0.589627 0.468546 0.676554 0.523577 0.587756 0.422587 0.609327 0.603498 0.390688 0.475339 0.682405 0.666348 0.589179 0.456156 0.521438 0.388472 0.325207 0.313384 0.443044 0.542358 0.500726 0.482242 0.766933 0.954401 0.926494 0.620800 0.937359 0.978708 0.927897 0.924084 0.585561 0.665550 0.645203 0.821401 0.637692 0.571706 0.794997 0.684102 0.642057 0.752393 0.486213 0.540074 0.897899 0.985672 0.957309 0.727768 0.910866 0.600333 0.649567 0.781471 0.739481 0.999874
0.346796 0.543890 0.401203 0.468520 0.933601 0.600151 0.434544 0.449338 0.822505 0.573408 0.352496 0.305244 0.000000 0.428130 0.383731 0.331527 0.602601 0.466579 0.377525 0.444549 0.803093 0.893563 0.392890 0.467331 0.758191 0.620741 0.896219 0.976336 0.450677 0.403954 0.547462 0.535933 0.471748 0.447655 0.815964 0.950611 0.716784 0.936234 0.719048 0.827436 0.932913 0.981993 0.490522 0.452210 0.607563 0.477764 0.498639 0.430447 0.752400 0.496805 0.632854 0.571522 0.659628 0.726094 0.683722 0.722192 0.680699 0.621533 0.501505 0.413954 0.259883 0.348637 0.433319 0.521912 0.375184 0.340681 0.573302 0.481347 0.626872 0.552447 0.653361 0.594967 0.475692 0.568593 0.774980 0.709412 0.612807 0.615166 0.548096 0.411820 0.499436 0.361798 0.666103 0.656927 0.531277 0.399377 0.884891 0.796039 0.775356 0.550330 0.819817 0.864257 0.868661 0.887919 0.627856 0.664091 0.586084 0.895094 0.588168 0.516836 0.696948 0.604514 0.677060 0.706156 0.513998 0.619966 0.924289 0.998392 0.806610 0.754153 0.911649 0.591217 0.544379 0.722106 0.742297 0.878306
0.409912 0.512658 0.594051 0.530619 0.882222 0.785117 0.658620 0.570461 0.924242 0.819027 0.504161 0.387123 0.428130 0.000000 0.304536 0.334119 0.631971 0.419193 0.390980 0.406582 0.704307 0.754873 0.451729 0.441611 0.724649 0.631962 0.988594 0.905552 0.367284 0.359894 0.534970 0.504433 0.489775 0.480657 0.936141 0.990466 0.731729 0.959599 0.803196 0.822156 0.914766 0.792004 0.639140 0.624989 0.853283 0.740318 0.578261 0.636466 0.991449 0.916710 0.976220 0.895324 0.947672 0.947034 0.720734 0.892555 0.630581 0.646406 0.744846 0.715006 0.532446 0.566452 0.567649 0.582272 0.497800 0.444549 0.700271 0.638035 0.664490 0.521921 0.685317 0.714592 0.495305 0.591975 0.823877 0.672932 0.621706 0.626589 0.648337 0.493426 0.541778 0.361324 0.494426 0.405443 0.450108 0.341329 0.954648 0.820709 0.914583 0.504501 0.927029 0.940978 0.886527 0.983069 0.624373 0.726972 0.774699 0.756150 0.745456 0.672147 0.736092 0.772383 0.771824 0.799481 0.646894 0.715155 0.954888 0.919991 0.953713 0.772894 0.989348 0.703160 0.690925 0.758269 0.832136 0.910973
0.476185 0.611471 0.514943 0.508769 0.988764 0.656274 0.570008 0.610693 0.991759 0.725823 0.566713 0.385211 0.383731 0.304536 0.000000 0.296701 0.631940 0.462508 0.414695 0.477041 0.731572 0.717249 0.318183 0.363750 0.612540 0.575129 0.827443 0.831429 0.465088 0.399151 0.433772 0.373734 0.419976 0.449816 0.806657 0.971068 0.778812 0.993620 0.728872 0.909817 0.933792 0.985495 0.569041 0.559555 0.757954 0.651807 0.524941 0.528722 0.882145 0.831956 0.930116 0.831816 0.920579 0.969402 0.718403 0.809301 0.750575 0.776056 0.746235 0.747174 0.517125 0.648189 0.598491 0.679624 0.470032 0.460717 0.650337 0.615770 0.698445 0.641695 0.661793 0.730203 0.469112 0.561567 0.756920 0.708814 0.611555 0.651307 0.509021 0.502442 0.521102 0.389345 0.507502 0.506626 0.438728 0.336128 0.982483 0.798840 0.985478 0.652326 0.951393 0.994793 0.983340 0.959597 0.732467 0.730869 0.703188 0.836504 0.758549 0.653891 0.839748 0.819590 0.890793 0.868452 0.634536 0.725911 0.953509 0.870397 0.992072 0.796026 0.996059 0.716484 0.658383 0.847857 0.815277 0.935427
0.456237 0.541170 0.533986 0.494322 0.935949 0.511844 0.542567 0.572707 0.939667 0.682144 0.553990 0.300048 0.331527 0.334119 0.296701 0.000000 0.579848 0.443689 0.356303 0.463145 0.714558 0.678205 0.305760 0.346567 0.605408 0.548852 0.883784 0.771204 0.416533 0.359515 0.489649 0.440346 0.390543 0.363159 0.844512 0.981589 0.746331 0.941251 0.775400 0.867872 0.988328 0.902922 0.496038 0.427542 0.701952 0.569264 0.528972 0.457308 0.809234 0.633373 0.733949 0.629692 0.740439 0.779681 0.679025 0.821905 0.693156 0.680340 0.608413 0.624970 0.461064 0.556509 0.505127 0.572163 0.446236 0.411219 0.605444 0.584122 0.728632 0.493999 0.583695 0.596755 0.450502 0.458694 0.681357 0.664577 0.591057 0.602612 0.552602 0.416034 0.521030 0.389942 0.638266 0.576380 0.431203 0.315253 0.778630 0.858013 0.972071 0.628735 0.842551 0.850984 0.877091 0.958332 0.664130 0.625667 0.650460 0.743009 0.652767 0.540705 0.843149 0.680972 0.741112 0.773858 0.523242 0.628680 0.955767 0.998608 0.962500 0.695495 0.902023 0.626425 0.556302 0.769135 0.786496 0.947853
0.276546 0.189647 0.707950 0.768332 0.929204 0.931754 0.621800 0.534299 0.990181 0.624971 0.457475 0.366634 0.602601 0.631971 0.631940 0.579848 0.000000 0.194925 0.415740 0.346593 0.791878 0.809991 0.571575 0.766599 0.842637 0.878770 0.886267 0.905319 0.314036 0.296148 0.567064 0.512542 0.448620 0.426649 0.861244 0.763379 0.742630 0.692133 0.910568 0.832995 0.794301 0.613915 0.492779 0.482538 0.572196 0.524799 0.573899 0.436175 0.663947 0.679993 0.690642 0.747720 0.792429 0.887252 0.850303 0.940098 0.183871 0.236150 0.479523 0.525053 0.500569 0.545205 0.237432 0.240347 0.764244 0.711965 0.615613 0.496759 0.460830 0.356227 0.509455 0.525597 0.509124 0.555964 0.785208 0.645756 0.521798 0.436134 0.434473 0.520193 0.213486 0.421118 0.417462 0.517792 0.630994 0.714912 0.788187 0.784807 0.944508 0.833567 0.875343 0.888371 0.844229 0.995715 0.598690 0.717189 0.663782 0.660349 0.554024 0.529283 0.783695 0.686527 0.503805 0.568575 0.509244 0.531855 0.836343 0.854189 0.976695 0.731609 0.796598 0.563522 0.706963 0.743825 0.709209 0.942309
0.196565 0.185158 0.554159 0.598774 0.947265 0.811150 0.519268 0.443550 0.951221 0.635328 0.338648 0.265061 0.466579 0.419193 0.462508 0.443689 0.194925 0.000000 0.296747 0.217288 0.716266 0.765980 0.439783 0.581793 0.767464 0.727047 0.970101 0.875698 0.227436 0.180694 0.462855 0.441085 0.360344 0.303715 0.747907 0.829100 0.659560 0.690449 0.782418 0.805959 0.756979 0.715221 0.457803 0.421901 0.553195 0.493850 0.527351 0.384895 0.690998 0.671309 0.723743 0.746029 0.781156 0.902030 0.765424 0.881132 0.224616 0.246753 0.504054 0.488244 0.404167 0.461649 0.223284 0.234488 0.614614 0.538320 0.537703 0.389957 0.462881 0.362018 0.451512 0.499479 0.433175 0.463764 0.784165 0.566578 0.447674 0.422108 0.435261 0.387205 0.202069 0.254475 0.358034 0.430180 0.486961 0.530082 0.818328 0.904485 0.962575 0.672174 0.833653 0.837911 0.771737 0.923844 0.517627 0.690445 0.634457 0.674797 0.528922 0.494613 0.715308 0.628183 0.505067 0.573648 0.443138 0.502280 0.818115 0.894097 0.999424 0.738905 0.845947 0.520911 0.646832 0.655858 0.723348 0.985806
0.325875 0.379223 0.387115 0.369526 0.969354 0.614149 0.349681 0.360667 0.905020 0.526258 0.377482 0.403039 0.377525 0.390980 0.414695 0.356303 0.415740 0.296747 0.000000 0.255592 0.623596 0.735848 0.326696 0.403007 0.671743 0.587904 0.985444 0.872547 0.352794 0.291830 0.382232 0.351919 0.289603 0.256786 0.775597 0.702970 0.649580 0.843894 0.723303 0.866301 0.929807 0.779248 0.357788 0.343234 0.478673 0.447710 0.399394 0.367220 0.654960 0.638451 0.735406 0.707425 0.781998 0.939178 0.815583 0.832735 0.431103 0.486248 0.469438 0.514409 0.455850 0.555371 0.400200 0.497566 0.455937 0.446134 0.411684 0.425072 0.612372 0.438792 0.418416 0.446509 0.545042 0.510242 0.730055 0.602458 0.427411 0.476882 0.494736 0.416385 0.430170 0.366569 0.632748 0.527078 0.571455 0.480763 0.910704 0.942246 0.988979 0.700161 0.698199 0.703332 0.680787 0.755581 0.632272 0.549154 0.554135 0.686062 0.456564 0.382322 0.583352 0.562790 0.532435 0.492296 0.466374 0.570036 0.869417 0.868549 0.937897 0.827055 0.793258 0.513366 0.517025 0.618219 0.692314 0.896469
0.251779 0.304626 0.446973 0.457433 0.952517 0.714939 0.421433 0.338931 0.917114 0.518829 0.294571 0.373206 0.444549 0.406582 0.477041 0.463145 0.346593 0.217288 0.255592 0.000000 0.680079 0.733803 0.411617 0.526206 0.790368 0.686083 0.920495 0.857798 0.327541 0.271640 0.434421 0.383958 0.344010 0.294061 0.686690 0.759718 0.642036 0.741608 0.741999 0.863362 0.771143 0.765627 0.429918 0.404714 0.524640 0.510254 0.464619 0.411885 0.718902 0.701925 0.799811 0.797439 0.808484 0.986009 0.791884 0.832021 0.341175 0.376933 0.497967 0.525993 0.461803 0.504270 0.369304 0.388873 0.565199 0.494165 0.474941 0.414787 0.550783 0.409486 0.452891 0.476579 0.538602 0.542546 0.726171 0.648940 0.420357 0.495740 0.506828 0.398347 0.352373 0.297031 0.515141 0.540618 0.611568 0.546566 0.840399 0.959187 0.954865 0.615099 0.719825 0.706830 0.680114 0.782551 0.530568 0.589202 0.570875 0.654918 0.447949 0.432162 0.619546 0.533673 0.472326 0.502180 0.461881 0.521027 0.856514 0.877846 0.946271 0.766816 0.739968 0.541201 0.592119 0.664694 0.731526 0.923376
0.732160 0.778833 0.699622 0.644354 0.918547 0.833576 0.743886 0.801644 0.939553 0.924915 0.825099 0.759513 0.803093 0.704307 0.731572 0.714558 0.791878 0.716266 0.623596 0.680079 0.000000 0.834212 0.675314 0.655391 0.682747 0.731979 0.809337 0.839248 0.843803 0.709232 0.659674 0.693966 0.682710 0.626163 0.817929 0.921419 0.731339 0.870253 0.676926 0.889357 0.945118 0.915172 0.750202 0.750879 0.820027 0.805053 0.625058 0.684884 0.899497 0.916118 0.936906 0.926767 0.958702 0.917860 0.941011 0.942153 0.777239 0.827631 0.786129 0.761260 0.791886 0.868220 0.752581 0.844548 0.682719 0.707106 0.718143 0.737682 0.903558 0.740286 0.840862 0.853192 0.740596 0.786633 0.760966 0.782305 0.860287 0.812088 0.764937 0.724241 0.811747 0.704905 0.734657 0.718805 0.759963 0.666437 0.923102 0.940574 0.952044 0.815636 0.998028 0.962694 0.924355 0.987493 0.974867 0.671107 0.832336 0.939241 0.899009 0.760451 0.974294 0.982363 0.765027 0.825358 0.935868 0.842642 0.970124 0.964106 0.925591 0.896532 0.895526 0.901169 0.920032 0.829330 0.895023 0.876585
0.838387 0.820796 0.820948 0.750597 0.942965 0.796369 0.822316 0.812670 0.914464 0.877728 0.887833 0.826730 0.893563 0.754873 0.717249 0.678205 0.809991 0.765980 0.735848 0.733803 0.834212 0.000000 0.774311 0.711118 0.836988 0.846060 0.834954 0.813288 0.818438 0.768025 0.705389 0.688873 0.729092 0.728236 0.747436 0.831707 0.955689 0.652704 0.958210 0.978302 0.951570 0.983978 0.759609 0.764636 0.840305 0.841300 0.884671 0.805294 0.911015 0.915723 0.974936 0.916096 0.935175 0.966363 0.937612 0.933511 0.890342 0.890321 0.869984 0.953356 0.942966 0.984405 0.880344 0.920015 0.839137 0.798862 0.801261 0.818880 0.977883 0.826519 0.737153 0.789328 0.813322 0.773892 0.943429 0.918463 0.892681 0.813578 0.912260 0.776655 0.855383 0.842005 0.868233 0.909846 0.915293 0.819747 0.948627 0.992428 0.972331 0.993566 0.821353 0.885690 0.857823 0.867011 0.870276 0.838749 0.957409 0.787347 0.833051 0.800575 0.869269 0.829628 0.812906 0.697379 0.819936 0.868401 0.964644 0.993762 0.923734 0.831855 0.985098 0.882519 0.864413 0.783050 0.937912 0.878766
0.467081 0.585077 0.314366 0.330404 0.925729 0.585107 0.270635 0.361746 0.769146 0.477513 0.588036 0.439020 0.392890 0.451729 0.318183 0.305760 0.571575 0.439783 0.326696 0.411617 0.675314 0.774311 0.000000 0.303397 0.579340 0.440094 0.951689 0.970701 0.507595 0.364018 0.272074 0.280522 0.246747 0.240615 0.607525 0.818790 0.639483 0.914066 0.659083 0.828897 0.994320 0.883540 0.287035 0.275373 0.402798 0.352806 0.334015 0.305969 0.595880 0.563280 0.602020 0.522560 0.610087 0.760071 0.588491 0.637545 0.667362 0.702230 0.497969 0.531169 0.383208 0.506671 0.509841 0.572717 0.329223 0.332801 0.323091 0.359509 0.773114 0.501276 0.392621 0.414945 0.472360 0.413788 0.734003 0.667393 0.384170 0.616093 0.438110 0.427816 0.491177 0.405544 0.592318 0.594320 0.451372 0.384591 0.978879 0.946330 0.967262 0.698407 0.620244 0.682974 0.652979 0.777216 0.560944 0.593212 0.407129 0.691538 0.449691 0.392347 0.624588 0.587678 0.593826 0.608386 0.380092 0.447761 0.697915 0.857091 0.852720 0.769665 0.716225 0.494776 0.458315 0.712564 0.622248 0.892243
0.617844 0.746325 0.375812 0.341997 0.978538 0.586548 0.454922 0.525990 0.907391 0.693453 0.673116 0.562985 0.467331 0.441611 0.363750 0.346567 0.766599 0.581793 0.403007 0.526206 0.655391 0.711118 0.303397 0.000000 0.532994 0.434766 0.905475 0.997110 0.639571 0.474976 0.413562 0.396995 0.430090 0.397694 0.741128 0.950638 0.756189 0.901933 0.597306 0.864581 0.974177 0.924890 0.504761 0.500828 0.668391 0.631936 0.511501 0.508374 0.826211 0.770935 0.836623 0.752360 0.864776 0.926738 0.777434 0.715317 0.849757 0.907751 0.742282 0.755816 0.588231 0.731138 0.751413 0.809269 0.397306 0.374731 0.505710 0.564177 0.869755 0.685598 0.603469 0.614419 0.508726 0.505911 0.801518 0.732402 0.600550 0.701674 0.597148 0.519548 0.655923 0.474643 0.765599 0.661570 0.505491 0.376391 0.975223 0.800878 0.982844 0.725985 0.722302 0.730322 0.750312 0.821723 0.700843 0.762916 0.609768 0.708923 0.670963 0.581334 0.709295 0.806237 0.762285 0.812569 0.672480 0.712706 0.859327 0.950837 0.907170 0.802786 0.882816 0.677602 0.601093 0.683664 0.876008 0.947425
0.769428 0.900369 0.653315 0.745037 0.823584 0.737380 0.767427 0.948042 0.924069 0.886964 0.926763 0.815189 0.758191 0.724649 0.612540 0.605408 0.842637 0.767464 0.671743 0.790368 0.682747 0.836988 0.579340 0.532994 0.000000 0.442692 0.717491 0.785298 0.816763 0.709518 0.492795 0.514139 0.625346 0.677899 0.635422 0.940893 0.702006 0.813078 0.566981 0.761978 0.985655 0.944308 0.723274 0.688595 0.797992 0.780454 0.674511 0.662778 0.990081 0.983479 0.916412 0.910314 0.973500 0.894135 0.816244 0.899949 0.919465 0.983485 0.885416 0.892729 0.792557 0.971043 0.846167 0.946804 0.520332 0.686663 0.683044 0.766958 0.834015 0.801537 0.918493 0.933249 0.520062 0.604678 0.708469 0.913679 0.839438 0.924303 0.777007 0.681861 0.828514 0.738455 0.710796 0.847074 0.542113 0.496240 0.850760 0.931563 0.848304 0.881865 0.831350 0.797507 0.853629 0.856615 0.980166 0.902986 0.808913 0.989267 0.988679 0.982786 0.865449 0.969921 0.995167 0.952899 0.861160 0.927165 0.936572 0.984152 0.972998 0.900756 0.911776 0.928158 0.959891 0.887128 0.817818 0.908333
0.734254 0.853820 0.400450 0.422597 0.896083 0.484142 0.489347 0.660609 0.861161 0.835701 0.853588 0.776706 0.620741 0.631962 0.575129 0.548852 0.878770 0.727047 0.587904 0.686083 0.731979 0.846060 0.440094 0.434766 0.442692 0.000000 0.744343 0.834088 0.832738 0.687226 0.382072 0.470094 0.480482 0.493082 0.618140 0.836542 0.733929 0.848889 0.526972 0.694388 0.950065 0.847294 0.516242 0.473494 0.630760 0.653037 0.575108 0.535174 0.853567 0.754843 0.708029 0.674736 0.728759 0.833138 0.730154 0.755680 0.955629 0.969785 0.735739 0.761772 0.692337 0.837182 0.834266 0.930437 0.378006 0.444597 0.444270 0.526532 0.943840 0.735489 0.672214 0.529181 0.572801 0.471374 0.782791 0.848484 0.652609 0.835432 0.683105 0.571273 0.823896 0.606037 0.794039 0.812627 0.555557 0.396888 0.919212 0.809953 0.905257 0.679273 0.744049 0.748545 0.760356 0.657695 0.768859 0.820284 0.622857 0.832960 0.688339 0.694531 0.821178 0.674934 0.787344 0.748302 0.549347 0.759918 0.761409 0.883647 0.953130 0.795513 0.919425 0.791893 0.639825 0.807775 0.799580 0.891258
0.924867 0.859933 0.919938 0.912874 0.967353 0.782282 0.976125 0.842950 0.863378 0.891919 0.914583 0.996452 0.896219 0.988594 0.827443 0.883784 0.886267 0.970101 0.985444 0.920495 0.809337 0.834954 0.951689 0.905475 0.717491 0.744343 0.000000 0.772933 0.977077 0.931438 0.899481 0.991408 0.974989 0.956544 0.978175 0.755526 0.875957 0.895655 0.857194 0.926171 0.858988 0.945993 0.976881 0.963073 0.896456 0.915986 0.984755 0.993231 0.975410 0.964897 0.937920 0.962987 0.960732 0.918747 0.941081 0.932905 0.813420 0.798422 0.912773 0.938031 0.956055 0.878940 0.874466 0.804362 0.793514 0.875759 0.954513 0.892278 0.952351 0.927672 0.786649 0.835160 0.984737 0.944520 0.843725 0.940524 0.922270 0.889639 0.939507 0.905342 0.915399 0.891448 0.955963 0.982593 0.701494 0.701465 0.994443 0.722577 0.827060 0.879252 0.860128 0.961156 0.878129 0.973563 0.851869 0.988388 0.868046 0.719974 0.804397 0.869932 0.788312 0.953490 0.719606 0.828124 0.905438 0.763753 0.879758 0.796292 0.860126 0.952762 0.782986 0.913369 0.865728 0.974345 0.880409 0.911907
0.927041 0.933742 0.921881 0.987288 0.945329 0.650876 0.921695 0.858252 0.900599 0.847760 0.996875 0.928229 0.976336 0.905552 0.831429 0.771204 0.905319 0.875698 0.872547 0.857798 0.839248 0.813288 0.970701 0.997110 0.785298 0.834088 0.772933 0.000000 0.924765 0.918737 0.975179 0.947937 0.920881 0.911496 0.869114 0.906692 0.947701 0.986771 0.948666 0.995104 0.970984 0.973505 0.991942 0.936493 0.870604 0.938768 0.948481 0.994680 0.890424 0.988153 0.931795 0.971573 0.983862 0.963487 0.952438 0.818659 0.900056 0.906187 0.970355 0.979326 0.915727 0.824033 0.925868 0.979752 0.970289 0.869687 0.936493 0.920572 0.878771 0.918339 0.998689 0.921173 0.946312 0.900240 0.847026 0.899406 0.957729 0.928453 0.962904 0.889114 0.933514 0.922004 0.948548 0.982299 0.903317 0.821351 0.776225 0.898967 0.720688 0.889354 0.888160 0.906910 0.852480 0.920218 0.919210 0.773249 0.940922 0.999924 0.969571 0.996513 0.686027 0.926189 0.958865 0.911189 0.994005 0.939618 0.835634 0.697852 0.826867 0.938682 0.900307 0.919619 0.919843 0.948358 0.925661 0.985735
0.246819 0.278676 0.685376 0.675296 0.945460 0.867010 0.653292 0.543156 0.906397 0.704119 0.386614 0.275453 0.450677 0.367284 0.465088 0.416533 0.314036 0.227436 0.352794 0.327541 0.843803 0.818438 0.507595 0.639571 0.816763 0.832738 0.977077 0.924765 0.000000 0.215096 0.565343 0.480303 0.487148 0.412011 0.850865 0.909262 0.653433 0.803887 0.894439 0.906745 0.777329 0.780451 0.591246 0.562081 0.708474 0.611270 0.612478 0.509161 0.755968 0.778947 0.840592 0.837443 0.886091 0.971393 0.718743 0.855412 0.344173 0.358957 0.623190 0.556922 0.449078 0.489370 0.295184 0.304405 0.686395 0.597537 0.687981 0.572366 0.463146 0.377215 0.555012 0.625449 0.478121 0.586491 0.726195 0.714030 0.507432 0.441214 0.624883 0.467145 0.266019 0.315652 0.449683 0.413921 0.510325 0.548536 0.791142 0.988001 0.989901 0.580271 0.966475 0.933247 0.920016 0.988712 0.571868 0.735221 0.719439 0.798113 0.650137 0.612273 0.744944 0.712964 0.672938 0.653134 0.567031 0.639498 0.999190 0.984577 0.969207 0.682069 0.841176 0.570332 0.695419 0.676987 0.752090 0.986212
0.246925 0.262965 0.536384 0.573966 0.953731 0.808440 0.524593 0.475722 0.920410 0.636744 0.355903 0.258468 0.403954 0.359894 0.399151 0.359515 0.296148 0.180694 0.291830 0.271640 0.709232 0.768025 0.364018 0.474976 0.709518 0.687226 0.931438 0.918737 0.215096 0.000000 0.414883 0.391148 0.335267 0.312950 0.729525 0.807396 0.619084 0.750950 0.696396 0.889342 0.792050 0.756752 0.468092 0.425990 0.585751 0.513806 0.513809 0.394157 0.735329 0.686831 0.771087 0.748069 0.815772 0.924087 0.703610 0.822053 0.343171 0.346306 0.599123 0.530782 0.398328 0.459312 0.288959 0.285498 0.587493 0.505213 0.552463 0.431873 0.437956 0.360976 0.451709 0.491773 0.367768 0.391218 0.765141 0.604004 0.450125 0.438601 0.491119 0.397786 0.254218 0.243370 0.404420 0.372640 0.501903 0.504959 0.850554 0.963338 0.963265 0.628731 0.870455 0.901872 0.857664 0.990208 0.499674 0.657824 0.548882 0.661115 0.565058 0.503977 0.691837 0.628564 0.541248 0.661371 0.503823 0.506411 0.875018 0.948352 0.955924 0.708400 0.787983 0.553024 0.620272 0.665235 0.768308 0.916857
0.457374 0.543805 0.296471 0.346318 0.996059 0.678749 0.306129 0.412758 0.745867 0.605830 0.559210 0.545968 0.547462 0.534970 0.433772 0.489649 0.567064 0.462855 0.382232 0.434421 0.659674 0.705389 0.272074 0.413562 0.492795 0.382072 0.899481 0.975179 0.565343 0.414883 0.000000 0.276204 0.243746 0.273027 0.508063 0.682139 0.586963 0.698095 0.582806 0.739734 0.913902 0.845755 0.297454 0.273985 0.330525 0.333619 0.330018 0.317951 0.582606 0.609591 0.565836 0.549829 0.603079 0.802872 0.649206 0.695978 0.631984 0.668200 0.511395 0.521242 0.428571 0.535331 0.520018 0.585109 0.375051 0.379186 0.270175 0.301578 0.783865 0.529982 0.378223 0.396514 0.413442 0.372163 0.689948 0.715212 0.395505 0.615633 0.474812 0.421899 0.529242 0.519846 0.550626 0.621292 0.606246 0.505145 0.916916 0.900972 0.965569 0.667496 0.710217 0.807279 0.733388 0.786759 0.637027 0.654371 0.413413 0.734779 0.454305 0.474961 0.621212 0.587479 0.579294 0.563545 0.426730 0.505154 0.674808 0.727981 0.924376 0.814782 0.655923 0.577037 0.499108 0.632429 0.525668 0.910255
0.451951 0.563770 0.402766 0.421387 0.927262 0.705195 0.432110 0.458810 0.880500 0.607673 0.592990 0.508700 0.535933 0.504433 0.373734 0.440346 0.512542 0.441085 0.351919 0.383958 0.693966 0.688873 0.280522 0.396995 0.514139 0.470094 0.991408 0.947937 0.480303 0.391148 0.276204 0.000000 0.312413 0.355189 0.589591 0.786404 0.623721 0.846346 0.605669 0.880508 0.889665 0.765839 0.427457 0.429921 0.517823 0.550038 0.472974 0.438423 0.759463 0.835529 0.833907 0.818686 0.893405 0.950127 0.721835 0.772579 0.603065 0.698355 0.636635 0.713892 0.550748 0.684121 0.561293 0.624061 0.479572 0.501476 0.453928 0.509660 0.673026 0.523524 0.529068 0.520881 0.458947 0.482380 0.684480 0.812607 0.535526 0.595805 0.561261 0.514684 0.498601 0.453581 0.638871 0.658757 0.584298 0.517397 0.985797 0.937821 0.968965 0.741499 0.785345 0.852688 0.797275 0.877826 0.695286 0.710384 0.498253 0.719555 0.561035 0.555900 0.712137 0.703998 0.623104 0.580134 0.558755 0.642839 0.860744 0.864328 0.988979 0.749093 0.715760 0.606475 0.579187 0.724850 0.644279 0.848623
0.386053 0.447358 0.345199 0.359943 0.990435 0.618035 0.288207 0.336909 0.813147 0.503809 0.513029 0.451445 0.471748 0.489775 0.419976 0.390543 0.448620 0.360344 0.289603 0.344010 0.682710 0.729092 0.246747 0.430090 0.625346 0.480482 0.974989 0.920881 0.487148 0.335267 0.243746 0.312413 0.000000 0.220535 0.607486 0.648132 0.595778 0.732430 0.677564 0.803161 0.923579 0.765088 0.257775 0.224831 0.332773 0.322589 0.319360 0.282219 0.578762 0.541227 0.550763 0.508784 0.592016 0.745931 0.642371 0.641993 0.523238 0.533606 0.449663 0.459253 0.395285 0.443139 0.425637 0.494721 0.368264 0.348236 0.270490 0.284097 0.735557 0.432272 0.312360 0.347126 0.469347 0.380347 0.787212 0.641332 0.335431 0.567742 0.401351 0.413192 0.441994 0.409810 0.556131 0.587225 0.513131 0.446490 0.955974 0.917410 0.971047 0.707187 0.574757 0.652232 0.593493 0.713843 0.605493 0.587414 0.402798 0.605450 0.364595 0.352885 0.531708 0.475919 0.532231 0.530643 0.328529 0.383356 0.707821 0.709133 0.950085 0.722983 0.662495 0.507047 0.440356 0.654642 0.569944 0.848704
0.338899 0.392440 0.313161 0.319638 0.994284 0.556162 0.243495 0.290852 0.734116 0.448022 0.466295 0.412975 0.447655 0.480657 0.449816 0.363159 0.426649 0.303715 0.256786 0.294061 0.626163 0.728236 0.240615 0.397694 0.677899 0.493082 0.956544 0.911496 0.412011 0.312950 0.273027 0.355189 0.220535 0.000000 0.570319 0.696673 0.595744 0.719340 0.714119 0.831556 0.892680 0.817477 0.253546 0.216467 0.328762 0.308956 0.336012 0.292427 0.515845 0.497796 0.531649 0.507289 0.578882 0.746790 0.652632 0.680970 0.476707 0.503447 0.392637 0.429986 0.369607 0.447721 0.374635 0.438239 0.394923 0.356345 0.265624 0.255370 0.729151 0.409370 0.323285 0.360256 0.524650 0.441164 0.767107 0.625651 0.349348 0.506429 0.411016 0.342241 0.391595 0.375415 0.565950 0.539918 0.517894 0.452168 0.836165 0.891326 0.991849 0.698531 0.590685 0.589515 0.582369 0.656170 0.494408 0.560568 0.451706 0.619742 0.351613 0.342469 0.574817 0.515883 0.488433 0.472764 0.318212 0.405828 0.685734 0.700098 0.933947 0.740856 0.674317 0.441633 0.443873 0.572417 0.562854 0.907227
0.724971 0.812462 0.570262 0.637156 0.938222 0.704168 0.538740 0.665516 0.829331 0.763788 0.818799 0.853686 0.815964 0.936141 0.806657 0.844512 0.861244 0.747907 0.775597 0.686690 0.817929 0.747436 0.607525 0.741128 0.635422 0.618140 0.978175 0.869114 0.850865 0.729525 0.508063 0.589591 0.607486 0.570319 0.000000 0.801006 0.627263 0.697316 0.715941 0.799574 0.991396 0.923849 0.572002 0.567023 0.492255 0.586503 0.682561 0.597077 0.731825 0.708728 0.683007 0.667952 0.722041 0.818899 0.763188 0.753707 0.815882 0.809415 0.703490 0.665161 0.691813 0.783655 0.734030 0.758381 0.713511 0.716763 0.502962 0.519975 0.874324 0.810517 0.598769 0.634784 0.747062 0.619328 0.930639 0.890532 0.722198 0.770692 0.708431 0.671847 0.750880 0.788033 0.907549 0.984405 0.841578 0.827980 0.837390 0.795830 0.965367 0.901170 0.729145 0.819658 0.714942 0.703306 0.670471 0.817604 0.622946 0.836302 0.580813 0.711036 0.780638 0.780845 0.736640 0.682094 0.627390 0.622861 0.730389 0.709433 0.770625 0.818053 0.643971 0.682891 0.805139 0.802347 0.808583 0.758784
0.838003 0.722335 0.729323 0.697671 0.943889 0.906114 0.613306 0.640465 0.774260 0.577581 0.872279 0.994775 0.950611 0.990466 0.971068 0.981589 0.763379 0.829100 0.702970 0.759718 0.921419 0.831707 0.818790 0.950638 0.940893 0.836542 0.755526 0.906692 0.909262 0.807396 0.682139 0.786404 0.648132 0.696673 0.801006 0.000000 0.840735 0.575446 0.915036 0.954178 0.937302 0.885785 0.598198 0.587629 0.514439 0.650491 0.669480 0.673278 0.659920 0.678317 0.702034 0.721774 0.803202 0.841446 0.894304 0.963424 0.715852 0.714704 0.655828 0.746798 0.900797 0.817367 0.809128 0.775691 0.871160 0.860332 0.521119 0.582002 0.941787 0.761880 0.475352 0.487328 0.947279 0.791332 0.989851 0.985893 0.613290 0.677287 0.727538 0.901232 0.815702 0.922708 0.950808 0.845236 0.869133 0.956831 0.864176 0.895291 0.974355 0.965847 0.581667 0.613909 0.586786 0.603059 0.841423 0.663482 0.671827 0.636043 0.507039 0.532873 0.601682 0.558758 0.605600 0.587003 0.701247 0.684366 0.653707 0.634969 0.913924 0.920474 0.662441 0.712243 0.683156 0.714358 0.668979 0.770678
0.549601 0.700183 0.647117 0.669198 0.758138 0.943644 0.663061 0.701808 0.949269 0.869891 0.668826 0.709977 0.716784 0.731729 0.778812 0.746331 0.742630 0.659560 0.649580 0.642036 0.731339 0.955689 0.639483 0.756189 0.702006 0.733929 0.875957 0.947701 0.653433 0.619084 0.586963 0.623721 0.595778 0.595744 0.627263 0.840735 0.000000 0.771735 0.693328 0.823239 0.895909 0.933158 0.709106 0.661229 0.676589 0.678783 0.630799 0.620233 0.867865 0.796226 0.798487 0.833060 0.865069 0.970774 0.801914 0.885981 0.707794 0.728420 0.682367 0.684384 0.639631 0.673952 0.655737 0.702803 0.673424 0.679876 0.626499 0.578076 0.792707 0.713804 0.654952 0.739589 0.697758 0.679509 0.858464 0.872382 0.573264 0.760638 0.744343 0.771595 0.687789 0.713628 0.835944 0.830014 0.780682 0.763422 0.946825 0.760687 0.975415 0.749774 0.937003 0.887382 0.866776 0.899865 0.761076 0.735251 0.761869 0.920434 0.704322 0.733825 0.943560 0.817800 0.630330 0.725048 0.605032 0.680500 0.961190 0.815452 0.960274 0.788457 0.821986 0.684281 0.761578 0.867598 0.746745 0.763868
0.728799 0.650546 0.771146 0.845337 0.938368 0.968731 0.795737 0.833396 0.949369 0.934026 0.831983 0.869593 0.936234 0.959599 0.993620 0.941251 0.692133 0.690449 0.843894 0.741608 0.870253 0.652704 0.914066 0.901933 0.813078 0.848889 0.895655 0.986771 0.803887 0.750950 0.698095 0.846346 0.732430 0.719340 0.697316 0.575446 0.771735 0.000000 0.752183 0.899673 0.806559 0.991771 0.715215 0.676351 0.619909 0.675313 0.725895 0.701890 0.758081 0.677500 0.652090 0.711717 0.743592 0.775011 0.829370 0.858359 0.646512 0.632029 0.761452 0.712942 0.789613 0.818124 0.671680 0.684663 0.831994 0.813128 0.655328 0.577011 0.881402 0.735394 0.638035 0.709820 0.750164 0.676197 0.978659 0.985564 0.841544 0.693191 0.837707 0.853078 0.739732 0.845255 0.774452 0.926025 0.893451 0.894689 0.856804 0.904508 0.987967 0.979643 0.884429 0.861188 0.849199 0.854900 0.843044 0.811022 0.880194 0.800534 0.763846 0.794340 0.853612 0.727854 0.710239 0.793133 0.788309 0.685693 0.813116 0.777917 0.913551 0.907227 0.698788 0.788044 0.890295 0.751936 0.777473 0.793978
