0.000000 0.363589 0.894446 0.794968 0.894609 0.556817 0.534560 0.426837 0.666167 0.672807 0.416474 0.360398 0.532192 0.511532 0.910314 0.607674 0.402055 0.384354 0.421676 0.388123 0.954149 0.887272 0.990570 0.977553 0.875987 0.997324 0.814067 0.987091 0.549536 0.484331 0.815222 0.622915 0.517838 0.465729 0.913242 0.952932 0.837104 0.970967 0.961972 0.902974 0.924162 0.914789 0.485510 0.467420 0.524988 0.518210 0.587775 0.521808 0.660842 0.598724 0.763770 0.782998 0.863869 0.852531 0.989215 0.761779 0.318257 0.477862 0.481607 0.942146 0.484152 0.648739 0.437765 0.456821 0.883016 0.877127 0.614489 0.630453 0.841718 0.745604 0.672826 0.683201 0.875901 0.662590 0.960492 0.739945 0.598576 0.722662 0.800125 0.695259 0.509135 0.554100 0.747211 0.732170 0.968010 0.993822 0.984695 0.908957 0.987040 0.985717 0.512641 0.682679 0.634489 0.759667 0.768240 0.784641 0.738011 0.744770 0.423353 0.437313 0.538484 0.588977 0.531785 0.549874 0.763438 0.723294 0.876978 0.891759 0.960538 0.955755 0.861726 0.673908 0.637216 0.864170 0.830510 0.903683
0.363589 0.000000 0.899902 0.988359 0.868162 0.674465 0.716032 0.585058 0.779561 0.644595 0.654030 0.411448 0.784319 0.692657 0.986643 0.594207 0.346031 0.288768 0.642007 0.594829 0.993369 0.848628 0.884526 0.935679 0.877866 0.957737 0.854329 0.859687 0.558571 0.342439 0.955450 0.710210 0.685453 0.628094 0.836601 0.934382 0.890485 0.962235 0.936543 0.775031 0.918961 0.886405 0.572562 0.508191 0.542636 0.466974 0.774492 0.582026 0.611411 0.555350 0.680230 0.665781 0.834224 0.757796 0.933771 0.772578 0.258164 0.285221 0.688048 0.900551 0.696721 0.615522 0.642620 0.409888 0.764290 0.962130 0.786664 0.783273 0.827476 0.661908 0.800801 0.789698 0.832914 0.733190 0.868811 0.777690 0.710558 0.764684 0.639390 0.521375 0.339937 0.526700 0.751475 0.664542 0.878746 0.940691 0.831480 0.847672 0.926087 0.948358 0.619649 0.792004 0.707876 0.836515 0.727247 0.871254 0.667464 0.857536 0.521059 0.600608 0.662032 0.673781 0.561688 0.665023 0.870871 0.815052 0.787998 0.983215 0.891391 0.905030 0.762738 0.619994 0.686697 0.892368 0.775301 0.842361
0.894446 0.899902 0.000000 0.274553 0.936943 0.947669 0.425094 0.491585 0.786684 0.992247 0.708198 0.955582 0.478980 0.455964 0.501526 0.606164 0.851907 0.955243 0.466174 0.596723 0.958635 0.979738 0.361090 0.445836 0.622917 0.506312 0.870230 0.848265 0.848896 0.983575 0.358476 0.426398 0.466943 0.527804 0.559377 0.708800 0.757919 0.982681 0.666303 0.996612 0.968442 0.721891 0.624457 0.722422 0.932773 0.995961 0.632388 0.655808 0.821593 0.951261 0.987779 0.971460 0.957788 0.978208 0.760916 0.971931 0.910522 0.771326 0.797422 0.899924 0.625840 0.973696 0.831393 0.709622 0.382875 0.394932 0.433710 0.470964 0.804327 0.828797 0.605310 0.611919 0.963012 0.852511 0.928467 0.839802 0.704529 0.709490 0.953797 0.890291 0.818490 0.991020 0.809686 0.837302 0.475649 0.538000 0.736122 0.712023 0.879554 0.833227 0.635985 0.699057 0.741533 0.718076 0.903966 0.894446 0.881057 0.984644 0.842681 0.689988 0.760470 0.703893 0.996348 0.988322 0.759644 0.909670 0.847781 0.818109 0.849524 0.873590 0.911342 0.990714 0.940624 0.977173 0.927769 0.765405
0.794968 0.988359 0.274553 0.000000 0.994844 0.895986 0.457448 0.461146 0.872116 0.896020 0.704091 0.868441 0.473366 0.377951 0.553563 0.548335 0.919035 0.931294 0.418593 0.486383 0.971486 0.975487 0.325821 0.327583 0.528473 0.467142 0.808010 0.722241 0.863071 0.941454 0.321892 0.368988 0.417887 0.509617 0.525594 0.693185 0.719685 0.963470 0.648460 0.987345 0.989219 0.774067 0.622826 0.723402 0.995454 0.950957 0.609665 0.661619 0.712646 0.918563 0.982182 0.965166 0.930847 0.993629 0.721870 0.935427 0.971769 0.857705 0.805977 0.937886 0.674560 0.962246 0.780925 0.769532 0.420443 0.353236 0.418114 0.444503 0.907645 0.858236 0.590301 0.589746 0.884475 0.797659 0.841245 0.848751 0.704984 0.720082 0.877120 0.834252 0.996108 0.810368 0.687642 0.921723 0.441319 0.444648 0.812565 0.687123 0.819187 0.702281 0.638843 0.755472 0.682611 0.762967 0.945337 0.781899 0.916022 0.979626 0.853535 0.699271 0.723672 0.622113 0.977225 0.898347 0.693201 0.872523 0.870523 0.871521 0.830216 0.835786 0.956914 0.919244 0.951900 0.854567 0.959549 0.748754
0.894609 0.868162 0.936943 0.994844 0.000000 0.845312 0.912395 0.872556 0.997687 0.821694 0.895837 0.805994 0.885036 0.827336 0.937847 0.834835 0.995122 0.935655 0.846051 0.808635 0.808048 0.955785 0.904142 0.972976 0.958141 0.906120 0.877233 0.990067 0.979687 0.874558 0.937043 0.847584 0.835483 0.860964 0.887467 0.830639 0.975195 0.976723 0.994890 0.979159 0.964166 0.972597 0.816500 0.857756 0.847721 0.799736 0.931302 0.807725 0.877747 0.986939 0.848563 0.925737 0.854781 0.914831 0.934309 0.936706 0.935966 0.899734 0.894386 0.936793 0.896067 0.998292 0.836902 0.891328 0.984783 0.952806 0.803671 0.772063 0.886088 0.984498 0.908056 0.917356 0.923107 0.896085 0.917824 0.884248 0.916247 0.934055 0.940526 0.909412 0.787347 0.819565 0.943223 0.960183 0.934289 0.928295 0.933888 0.881765 0.968766 0.871259 0.816812 0.843066 0.877917 0.826900 0.987291 0.944331 0.951056 0.942676 0.861466 0.930908 0.985297 0.979922 0.811727 0.793252 0.987835 0.874954 0.895192 0.949149 0.938892 0.912553 0.863079 0.932100 0.941536 0.796977 0.772480 0.819390
0.556817 0.674465 0.947669 0.895986 0.845312 0.000000 0.624522 0.564158 0.625218 0.569423 0.527231 0.533082 0.657091 0.737660 0.906146 0.713309 0.601467 0.588787 0.580620 0.625497 0.997350 0.847405 0.975502 0.991967 0.835696 0.952425 0.783498 0.936454 0.712219 0.621684 0.843703 0.751441 0.704981 0.570397 0.962778 0.917109 0.991436 0.965976 0.881487 0.939240 0.884676 0.994589 0.574237 0.591626 0.609073 0.587538 0.784311 0.664048 0.744762 0.835564 0.916419 0.951681 0.968297 0.914553 0.848017 0.912147 0.549470 0.815175 0.764634 0.973254 0.638846 0.772935 0.628918 0.677511 0.820704 0.957897 0.687759 0.666603 0.947224 0.991830 0.776679 0.747062 0.890493 0.762255 0.976650 0.742398 0.687004 0.754909 0.796823 0.795449 0.759906 0.717397 0.961762 0.964164 0.934445 0.926910 0.997054 0.939866 0.962988 0.814524 0.641993 0.750025 0.715135 0.734118 0.982265 0.957000 0.662223 0.761608 0.532085 0.654525 0.605682 0.637641 0.666020 0.595958 0.980202 0.875358 0.681785 0.943696 0.934545 0.993080 0.922717 0.741916 0.788243 0.808072 0.971496 0.695429
0.534560 0.716032 0.425094 0.457448 0.912395 0.624522 0.000000 0.221569 0.669944 0.536258 0.343897 0.528399 0.353741 0.350027 0.604037 0.543514 0.725494 0.601229 0.269211 0.418203 0.904442 0.884870 0.637224 0.718058 0.932275 0.844299 0.769901 0.954218 0.532197 0.582181 0.525837 0.432437 0.345574 0.291356 0.850139 0.794836 0.823558 0.950583 0.760027 0.993427 0.966056 0.758410 0.399473 0.471292 0.451153 0.527002 0.518020 0.432201 0.755153 0.777222 0.723683 0.798854 0.848025 0.780843 0.937592 0.856120 0.675203 0.899076 0.526128 0.890856 0.328318 0.719679 0.447801 0.780303 0.847253 0.583032 0.323477 0.315724 0.820403 0.962900 0.521212 0.540426 0.957680 0.742636 0.941345 0.711125 0.518541 0.616838 0.890863 0.733471 0.882595 0.755274 0.819149 0.953500 0.727425 0.771018 0.847510 0.850592 0.983103 0.990367 0.386524 0.491992 0.576716 0.614840 0.743766 0.774934 0.796073 0.840932 0.446643 0.392348 0.449633 0.492919 0.704362 0.657557 0.771830 0.741194 0.981257 0.828379 0.845991 0.961296 0.757842 0.730325 0.592526 0.912235 0.929562 0.920726
0.426837 0.585058 0.491585 0.461146 0.872556 0.564158 0.221569 0.000000 0.578780 0.541733 0.334536 0.418174 0.395541 0.326450 0.688580 0.519324 0.608857 0.490823 0.244726 0.344375 0.876561 0.886117 0.691512 0.753768 0.949237 0.820771 0.756952 0.986185 0.463214 0.501580 0.546344 0.414832 0.313430 0.291629 0.859572 0.854041 0.756116 0.998889 0.775344 0.982343 0.981519 0.827517 0.345871 0.416301 0.432059 0.501562 0.516917 0.400737 0.721891 0.687017 0.683871 0.740180 0.779326 0.727808 0.980400 0.825082 0.539967 0.762971 0.511103 0.837451 0.334406 0.622488 0.451255 0.695432 0.870322 0.582353 0.376901 0.340317 0.907909 0.952837 0.536599 0.536957 0.857627 0.674649 0.902310 0.736337 0.471196 0.601307 0.795961 0.668791 0.776230 0.700408 0.820401 0.909133 0.820370 0.841116 0.944488 0.925628 0.958252 0.968344 0.349161 0.488244 0.535083 0.598300 0.746615 0.766669 0.782113 0.794976 0.404293 0.357707 0.441955 0.424304 0.596134 0.586731 0.755632 0.700423 0.937795 0.818863 0.847119 0.946664 0.779388 0.701554 0.590173 0.895205 0.868801 0.932939
0.666167 0.779561 0.786684 0.872116 0.997687 0.625218 0.669944 0.578780 0.000000 0.597556 0.610464 0.704132 0.786859 0.740806 0.871427 0.735075 0.684273 0.698138 0.688754 0.708094 0.723659 0.998139 0.903943 0.897951 0.826656 0.964942 0.877260 0.874323 0.607370 0.738131 0.819114 0.797468 0.720595 0.638166 0.964400 0.730043 0.772582 0.872509 0.837912 0.975974 0.982246 0.980243 0.558235 0.564047 0.557505 0.592935 0.716991 0.602659 0.632822 0.569884 0.639677 0.632758 0.641422 0.641308 0.844304 0.955017 0.669827 0.860363 0.670904 0.762516 0.594452 0.649235 0.858971 0.797482 0.962216 0.854207 0.851747 0.821479 0.992454 0.855782 0.823091 0.768727 0.943491 0.793938 0.918047 0.886980 0.597046 0.814634 0.958529 0.872621 0.970874 0.895198 0.917926 0.945811 0.824302 0.773686 0.990478 0.804883 0.851471 0.845292 0.582459 0.632378 0.757928 0.676352 0.839756 0.952885 0.865717 0.808967 0.541807 0.586124 0.661914 0.702751 0.596713 0.751880 0.981847 0.668649 0.884371 0.767184 0.970561 0.982191 0.887486 0.635714 0.627094 0.771627 0.792835 0.996515
0.672807 0.644595 0.992247 0.896020 0.821694 0.569423 0.536258 0.541733 0.597556 0.000000 0.515748 0.559365 0.789124 0.796216 0.908333 0.841461 0.570126 0.536240 0.682432 0.802351 0.736906 0.886465 0.751277 0.665400 0.450969 0.643703 0.551638 0.805541 0.508795 0.503248 0.946991 0.878810 0.825063 0.621817 0.696792 0.875868 0.961147 0.898832 0.997060 0.898405 0.963173 0.916389 0.543810 0.497611 0.279881 0.286831 0.817655 0.552607 0.361601 0.578209 0.567936 0.668567 0.623637 0.647189 0.684932 0.920561 0.568473 0.730600 0.647894 0.902210 0.514005 0.675625 0.596021 0.528294 0.601713 0.863253 0.774786 0.726939 0.825295 0.941334 0.808886 0.770623 0.995953 0.839845 0.916444 0.807340 0.605824 0.741618 0.832706 0.817471 0.884746 0.971583 0.877703 0.928132 0.671756 0.634642 0.961007 0.846681 0.717807 0.589225 0.506397 0.515130 0.703902 0.636812 0.773557 0.948248 0.639969 0.731787 0.443851 0.476322 0.560884 0.636486 0.548220 0.614731 0.985488 0.753339 0.832121 0.803460 0.945337 0.881523 0.655245 0.497116 0.528493 0.735195 0.881079 0.836890
0.416474 0.654030 0.708198 0.704091 0.895837 0.527231 0.343897 0.334536 0.610464 0.515748 0.000000 0.437734 0.392128 0.467682 0.837345 0.730273 0.551553 0.547928 0.339175 0.434627 0.884277 0.810493 0.952534 0.994074 0.701533 0.956171 0.657403 0.920465 0.472606 0.554564 0.728183 0.632557 0.498606 0.367113 0.930399 0.994546 0.875827 0.904072 0.878547 0.896574 0.952101 0.953288 0.469867 0.488951 0.446438 0.497279 0.508777 0.480953 0.625397 0.699192 0.723038 0.825661 0.818888 0.829173 0.945400 0.772549 0.550916 0.788644 0.449300 0.864107 0.297482 0.671729 0.347120 0.574538 0.892394 0.823327 0.489290 0.481890 0.937981 0.976204 0.606248 0.716461 0.917653 0.747719 0.959344 0.676141 0.591329 0.620944 0.963462 0.838314 0.770128 0.725230 0.972908 0.889799 0.965385 0.999736 0.960621 0.963496 0.968702 0.909328 0.489048 0.567211 0.696314 0.706710 0.809690 0.806149 0.780056 0.776653 0.422882 0.375791 0.438626 0.582350 0.621943 0.546804 0.903217 0.685720 0.929539 0.778211 0.929240 0.983900 0.828722 0.669304 0.517788 0.922475 0.898922 0.942092
0.360398 0.411448 0.955582 0.868441 0.805994 0.533082 0.528399 0.418174 0.704132 0.559365 0.437734 0.000000 0.669146 0.589355 0.928375 0.687927 0.422498 0.357216 0.496516 0.459517 0.952185 0.837318 0.936808 0.930268 0.735037 0.894194 0.682488 0.853785 0.498939 0.413437 0.871125 0.706831 0.538466 0.473449 0.959216 0.991369 0.735669 0.950133 0.911262 0.928992 0.786636 0.951378 0.573718 0.578505 0.440249 0.461442 0.659395 0.505451 0.567149 0.594390 0.706678 0.727851 0.784641 0.751076 0.905723 0.742445 0.379615 0.495637 0.509481 0.793625 0.473121 0.489722 0.463253 0.402725 0.765151 0.875010 0.615767 0.574687 0.855905 0.636355 0.779016 0.732604 0.805855 0.646762 0.968185 0.765931 0.624694 0.742835 0.779238 0.686771 0.508117 0.565811 0.887241 0.686004 0.916861 0.916601 0.898915 0.941368 0.914554 0.939357 0.553571 0.724079 0.675838 0.767368 0.700972 0.801296 0.714202 0.734241 0.485946 0.552051 0.539975 0.578244 0.591590 0.583269 0.895763 0.769810 0.848093 0.908258 0.997137 0.921428 0.803931 0.770017 0.638678 0.875957 0.824714 0.798363
0.532192 0.784319 0.478980 0.473366 0.885036 0.657091 0.353741 0.395541 0.786859 0.789124 0.392128 0.669146 0.000000 0.325876 0.549473 0.573809 0.816621 0.740551 0.336070 0.420497 0.963065 0.978792 0.602353 0.603412 0.933906 0.831908 0.952157 0.900788 0.696755 0.717785 0.576138 0.491042 0.421976 0.364044 0.787484 0.833309 0.924507 0.858271 0.794639 0.976110 0.917252 0.773180 0.478221 0.550611 0.732418 0.761196 0.455444 0.563059 0.981251 0.952872 0.901513 0.994057 0.970972 0.928982 0.802885 0.852126 0.723486 0.968042 0.580182 0.968035 0.433302 0.957765 0.391134 0.851825 0.775014 0.656753 0.399193 0.489444 0.971834 0.892557 0.510664 0.615147 0.995960 0.872839 0.863922 0.602235 0.605725 0.572957 0.945631 0.842058 0.865380 0.753481 0.759112 0.993530 0.623656 0.647426 0.795033 0.717896 0.788195 0.902083 0.568234 0.635751 0.750903 0.706774 0.857521 0.726788 0.886132 0.897069 0.571049 0.503956 0.589244 0.663253 0.740967 0.657566 0.831212 0.835248 0.994188 0.811647 0.844460 0.924771 0.899761 0.868937 0.764851 0.906963 0.975678 0.864067
0.511532 0.692657 0.455964 0.377951 0.827336 0.737660 0.350027 0.326450 0.740806 0.796216 0.467682 0.589355 0.325876 0.000000 0.555646 0.461159 0.786377 0.636706 0.313572 0.315913 0.995046 0.922889 0.558720 0.559929 0.843351 0.745470 0.960368 0.877342 0.611426 0.637298 0.473898 0.412178 0.344623 0.324404 0.735945 0.788886 0.714170 0.922533 0.743218 0.990382 0.953047 0.829541 0.443237 0.520309 0.702832 0.734897 0.503807 0.490182 0.983454 0.887513 0.812229 0.851475 0.899593 0.796254 0.876598 0.874497 0.679793 0.879110 0.618577 0.954315 0.481221 0.850664 0.480077 0.858711 0.691128 0.516641 0.376909 0.430643 0.997496 0.946398 0.535692 0.558591 0.888262 0.736973 0.869248 0.602696 0.531037 0.619434 0.850522 0.757166 0.781637 0.684921 0.707977 0.905959 0.631078 0.610909 0.864620 0.785101 0.831951 0.846220 0.444418 0.604893 0.633287 0.673579 0.834268 0.684965 0.866599 0.908987 0.549673 0.481319 0.547893 0.584661 0.749598 0.741644 0.714126 0.760315 0.975743 0.777032 0.752584 0.945338 0.846204 0.867393 0.719947 0.994118 0.869158 0.910769
0.910314 0.986643 0.501526 0.553563 0.937847 0.906146 0.604037 0.688580 0.871427 0.908333 0.837345 0.928375 0.549473 0.555646 0.000000 0.559705 0.871495 0.973932 0.704879 0.733390 0.911031 0.915914 0.560016 0.589473 0.717226 0.699264 0.760545 0.712828 0.919962 0.981719 0.596034 0.587200 0.699316 0.715876 0.817092 0.820705 0.925483 0.867343 0.813056 0.984403 0.870234 0.758942 0.613268 0.721591 0.912374 0.911470 0.646813 0.778136 0.892939 0.995968 0.915213 0.930427 0.983978 0.873387 0.920551 0.877649 0.996488 0.897712 0.854103 0.877913 0.738289 0.932943 0.887977 0.835617 0.504332 0.608567 0.647376 0.716170 0.768545 0.807212 0.628119 0.657441 0.854401 0.972815 0.987298 0.726573 0.647002 0.723990 0.988992 0.971129 0.829063 0.920374 0.725258 0.879343 0.582638 0.636603 0.744079 0.810044 0.878332 0.869758 0.685040 0.699173 0.778842 0.741751 0.937656 0.935306 0.992823 0.933459 0.778918 0.757088 0.912262 0.835538 0.940217 0.914709 0.801178 0.888397 0.877168 0.744504 0.877474 0.811260 0.875418 0.860374 0.948522 0.938452 0.996340 0.862598
0.607674 0.594207 0.606164 0.548335 0.834835 0.713309 0.543514 0.519324 0.735075 0.841461 0.730273 0.687927 0.573809 0.461159 0.559705 0.000000 0.808280 0.668926 0.562952 0.442507 0.909054 0.891831 0.609303 0.563540 0.733772 0.632278 0.933584 0.850492 0.789189 0.680271 0.562677 0.400595 0.482425 0.492468 0.833074 0.820783 0.661098 0.949777 0.717301 0.892287 0.985718 0.950441 0.585757 0.685339 0.728070 0.714089 0.677478 0.628181 0.910037 0.774781 0.703743 0.749952 0.860375 0.772306 0.878539 0.981146 0.648056 0.697973 0.707027 0.957308 0.644394 0.757549 0.753680 0.865486 0.716400 0.557002 0.573039 0.560183 0.993958 0.916295 0.705982 0.601766 0.887343 0.792619 0.833509 0.740437 0.656159 0.728692 0.766750 0.682200 0.692644 0.598696 0.573028 0.759345 0.608823 0.596159 0.880761 0.766808 0.948789 0.906354 0.588599 0.839017 0.682569 0.783423 0.761653 0.834237 0.750640 0.941758 0.679875 0.734100 0.741501 0.767208 0.846556 0.888896 0.858757 0.966072 0.888863 0.882628 0.925617 0.940114 0.855249 0.817951 0.850388 0.970751 0.906319 0.941785
0.402055 0.346031 0.851907 0.919035 0.995122 0.601467 0.725494 0.608857 0.684273 0.570126 0.551553 0.422498 0.816621 0.786377 0.871495 0.808280 0.000000 0.310257 0.691218 0.708719 0.981312 0.810593 0.751208 0.748798 0.708719 0.762172 0.696791 0.844639 0.482422 0.356573 0.991237 0.853563 0.767987 0.616353 0.774640 0.886477 0.897074 0.853028 0.972813 0.766161 0.887556 0.891218 0.626711 0.531448 0.489640 0.486156 0.798744 0.654763 0.555385 0.523273 0.664668 0.640355 0.775486 0.700552 0.807659 0.752473 0.316314 0.383302 0.678909 0.825294 0.611815 0.528792 0.621633 0.342766 0.656896 0.980782 0.844376 0.791687 0.784034 0.666437 0.868496 0.811089 0.820377 0.731678 0.943186 0.737819 0.715400 0.792890 0.765580 0.635848 0.467884 0.689875 0.984857 0.646872 0.720894 0.782076 0.776871 0.739490 0.767602 0.901874 0.619021 0.756333 0.740717 0.812924 0.693437 0.897354 0.705632 0.792054 0.538011 0.547295 0.666258 0.679272 0.624546 0.663325 0.979563 0.819863 0.733798 0.926923 0.920719 0.906812 0.763970 0.654959 0.618531 0.831996 0.819565 0.812980
0.384354 0.288768 0.955243 0.931294 0.935655 0.588787 0.601229 0.490823 0.698138 0.536240 0.547928 0.357216 0.740551 0.636706 0.973932 0.668926 0.310257 0.000000 0.567032 0.598403 0.968815 0.945364 0.884245 0.911902 0.769290 0.888501 0.717528 0.822817 0.493790 0.314965 0.877325 0.664427 0.624320 0.534748 0.810963 0.941674 0.835981 0.950626 0.947470 0.854318 0.954004 0.951898 0.548824 0.508786 0.425727 0.389218 0.755633 0.513854 0.570536 0.510546 0.645903 0.586683 0.758908 0.698972 0.904824 0.789124 0.258240 0.352613 0.680211 0.881309 0.570297 0.556301 0.561855 0.337085 0.728003 0.933419 0.700152 0.692878 0.805105 0.666327 0.768245 0.713185 0.828296 0.678714 0.902506 0.769428 0.634423 0.679093 0.582226 0.539354 0.416659 0.585168 0.860722 0.616739 0.822711 0.890527 0.835343 0.842719 0.874327 0.950947 0.522683 0.694017 0.623583 0.745423 0.754764 0.812694 0.599799 0.875216 0.483448 0.497822 0.575937 0.628746 0.587628 0.669747 0.866655 0.741460 0.749256 0.989790 0.940901 0.928525 0.803343 0.655002 0.604067 0.836691 0.776534 0.821505
0.421676 0.642007 0.466174 0.418593 0.846051 0.580620 0.269211 0.244726 0.688754 0.682432 0.339175 0.496516 0.336070 0.313572 0.704879 0.562952 0.691218 0.567032 0.000000 0.331209 0.970195 0.888955 0.651650 0.667604 0.965159 0.792777 0.851919 0.939725 0.574282 0.583173 0.516994 0.405981 0.327270 0.304084 0.782064 0.871221 0.806788 0.964374 0.797438 0.968782 0.991239 0.875635 0.424520 0.474930 0.588593 0.633162 0.530344 0.455934 0.879534 0.827646 0.845999 0.914865 0.937601 0.929809 0.872598 0.793249 0.574437 0.836115 0.575164 0.930873 0.391262 0.791655 0.430362 0.774873 0.829397 0.594631 0.344395 0.366985 0.915270 0.996320 0.520768 0.622274 0.895597 0.758096 0.903137 0.735107 0.563180 0.612387 0.817810 0.724010 0.763886 0.654790 0.821690 0.945751 0.728217 0.751598 0.890678 0.828118 0.892395 0.914841 0.438067 0.562847 0.616433 0.680277 0.837565 0.735971 0.848539 0.846155 0.457287 0.408476 0.471716 0.503581 0.663826 0.618946 0.710524 0.764493 0.970218 0.888150 0.916959 0.915710 0.890831 0.740122 0.638571 0.923638 0.923156 0.946430
0.388123 0.594829 0.596723 0.486383 0.808635 0.625497 0.418203 0.344375 0.708094 0.802351 0.434627 0.459517 0.420497 0.315913 0.733390 0.442507 0.708719 0.598403 0.331209 0.000000 0.966582 0.928061 0.702065 0.676230 0.893249 0.760743 0.901966 0.888414 0.602854 0.647097 0.587942 0.424599 0.323704 0.369317 0.751860 0.831179 0.637599 0.919792 0.764015 0.883921 0.918476 0.961246 0.506253 0.558710 0.663493 0.703133 0.514848 0.523363 0.866894 0.749111 0.800207 0.861692 0.848503 0.875464 0.859926 0.799162 0.575554 0.728865 0.510659 0.893764 0.461036 0.708437 0.493278 0.771542 0.812693 0.609677 0.459481 0.462217 0.919095 0.874765 0.599313 0.618425 0.770493 0.659827 0.890368 0.748443 0.591130 0.644861 0.900938 0.718607 0.677342 0.535182 0.669742 0.844951 0.678994 0.702115 0.868774 0.817263 0.906790 0.859621 0.514590 0.741515 0.667632 0.782083 0.808987 0.714767 0.918626 0.834012 0.548659 0.527354 0.576867 0.614081 0.714713 0.672231 0.748775 0.748557 0.904052 0.907257 0.844970 0.975609 0.938858 0.835296 0.711801 0.984422 0.965353 0.972280
0.954149 0.993369 0.958635 0.971486 0.808048 0.997350 0.904442 0.876561 0.723659 0.736906 0.884277 0.952185 0.963065 0.995046 0.911031 0.909054 0.981312 0.968815 0.970195 0.966582 0.000000 0.987615 0.794190 0.785485 0.792228 0.950024 0.974427 0.966916 0.796980 0.990413 0.887315 0.969750 0.876371 0.972268 0.820981 0.755227 0.996750 0.854566 0.931972 0.763801 0.935967 0.938134 0.884247 0.887531 0.831613 0.852574 0.800163 0.906968 0.806218 0.838335 0.894847 0.853962 0.864856 0.922427 0.830346 0.920367 0.911348 0.960636 0.900490 0.995841 0.930565 0.858233 0.991080 0.920160 0.909296 0.918214 0.845825 0.931089 0.953269 0.997414 0.944980 0.952849 0.823522 0.952722 0.900938 0.822722 0.885973 0.970327 0.974328 0.952829 0.750565 0.730820 0.846758 0.843516 0.716894 0.639710 0.990308 0.652795 0.976418 0.982776 0.888665 0.776313 0.967495 0.953572 0.868827 0.989812 0.973476 0.813531 0.851200 0.795063 0.928924 0.866472 0.756993 0.835043 0.998344 0.763790 0.980818 0.729039 0.907862 0.928100 0.806373 0.741830 0.827326 0.894232 0.927493 0.854458
0.887272 0.848628 0.979738 0.975487 0.955785 0.847405 0.884870 0.886117 0.998139 0.886465 0.810493 0.837318 0.978792 0.922889 0.915914 0.891831 0.810593 0.945364 0.888955 0.928061 0.987615 0.000000 0.938401 0.871224 0.850339 0.889582 0.806003 0.882067 0.871519 0.880885 0.934530 0.947530 0.926438 0.964480 0.952171 0.936518 0.868212 0.910896 0.962502 0.809712 0.861344 0.896295 0.915255 0.935300 0.872317 0.882741 0.949655 0.962614 0.793960 0.854753 0.909540 0.988170 0.954306 0.980850 0.991983 0.802816 0.877393 0.854696 0.857829 0.903883 0.886368 0.815650 0.932150 0.921741 0.902341 0.989490 0.962187 0.898690 0.954759 0.969362 0.980937 0.985269 0.841800 0.952845 0.921105 0.990306 0.981098 0.869083 0.989799 0.952421 0.839485 0.943053 0.928735 0.981226 0.963972 0.898090 0.993102 0.945004 0.880521 0.833068 0.972440 0.962383 0.979524 0.955666 0.852230 0.985152 0.987692 0.945877 0.913769 0.995045 0.896853 0.897089 0.917342 0.897765 0.746440 0.897468 0.883296 0.880156 0.973298 0.793415 0.990042 0.844513 0.899631 0.993694 0.890882 0.866049
0.990570 0.884526 0.361090 0.325821 0.904142 0.975502 0.637224 0.691512 0.903943 0.751277 0.952534 0.936808 0.602353 0.558720 0.560016 0.609303 0.751208 0.884245 0.651650 0.702065 0.794190 0.938401 0.000000 0.261685 0.399613 0.482158 0.646991 0.769110 0.872691 0.948130 0.407623 0.474538 0.526809 0.671838 0.486993 0.570672 0.814513 0.939772 0.661461 0.963673 0.965554 0.774496 0.874617 0.981179 0.821950 0.794955 0.770135 0.881615 0.559278 0.741044 0.961170 0.905470 0.860212 0.989923 0.725672 0.984858 0.816385 0.822747 0.989115 0.972721 0.857591 0.921157 0.915504 0.688371 0.375706 0.355410 0.491055 0.505445 0.915859 0.741158 0.653705 0.675404 0.956563 0.945869 0.809752 0.874411 0.859389 0.837999 0.957766 0.822274 0.994097 0.775715 0.647720 0.922222 0.288622 0.289354 0.790770 0.553511 0.721040 0.596876 0.839785 0.947861 0.818319 0.878424 0.999765 0.871204 0.885019 0.922388 0.895015 0.946841 0.999339 0.869605 0.853674 0.938602 0.830553 0.995747 0.824542 0.969466 0.938418 0.855739 0.987673 0.748923 0.809267 0.949332 0.965017 0.818114
0.977553 0.935679 0.445836 0.327583 0.972976 0.991967 0.718058 0.753768 0.897951 0.665400 0.994074 0.930268 0.603412 0.559929 0.589473 0.563540 0.748798 0.911902 0.667604 0.676230 0.785485 0.871224 0.261685 0.000000 0.367596 0.505266 0.609476 0.694018 0.820230 0.928067 0.422692 0.453883 0.569841 0.669277 0.517252 0.669723 0.812747 0.951432 0.643870 0.982780 0.965492 0.806748 0.892814 0.976037 0.769347 0.735815 0.740068 0.909748 0.508444 0.711323 0.877205 0.862615 0.784533 0.924281 0.649222 0.960467 0.880922 0.823097 0.962314 0.950724 0.945364 0.847748 0.945784 0.677150 0.415810 0.427343 0.567721 0.600497 0.995066 0.771490 0.673299 0.719584 0.944363 0.901087 0.812691 0.886424 0.914966 0.846329 0.911083 0.833760 0.966960 0.719809 0.594435 0.978153 0.323313 0.283053 0.836772 0.515166 0.648451 0.599922 0.886526 0.999744 0.848147 0.976431 0.958756 0.835993 0.900052 0.873042 0.907856 0.997211 0.994044 0.913508 0.850117 0.960967 0.764679 0.948297 0.871700 0.986011 0.905722 0.851577 0.937183 0.780187 0.791008 0.874130 0.989391 0.793665
0.875987 0.877866 0.622917 0.528473 0.958141 0.835696 0.932275 0.949237 0.826656 0.450969 0.701533 0.735037 0.933906 0.843351 0.717226 0.733772 0.708719 0.769290 0.965159 0.893249 0.792228 0.850339 0.399613 0.367596 0.000000 0.426728 0.458613 0.733269 0.683994 0.769788 0.554033 0.652371 0.819993 0.990621 0.600543 0.707576 0.840176 0.844951 0.726599 0.933543 0.893542 0.897190 0.918343 0.829636 0.500790 0.525979 0.944486 0.895755 0.414625 0.699342 0.748723 0.771353 0.695438 0.807914 0.806265 0.841612 0.789329 0.874382 0.732706 0.976830 0.801963 0.892532 0.702708 0.557734 0.340760 0.467081 0.893295 0.895275 0.921205 0.834425 0.877137 0.920740 0.978061 0.925400 0.831958 0.971284 0.953981 0.951910 0.971936 0.853762 0.999556 0.867267 0.661271 0.926345 0.421389 0.416645 0.876438 0.745848 0.712524 0.568280 0.824482 0.725011 0.947714 0.823413 0.843177 0.985115 0.779096 0.856081 0.677550 0.767831 0.735590 0.918669 0.708102 0.731010 0.881891 0.851705 0.848066 0.960489 0.961015 0.848076 0.912091 0.720835 0.625146 0.818281 0.995780 0.804599
0.997324 0.957737 0.506312 0.467142 0.906120 0.952425 0.844299 0.820771 0.964942 0.643703 0.956171 0.894194 0.831908 0.745470 0.699264 0.632278 0.762172 0.888501 0.792777 0.760743 0.950024 0.889582 0.482158 0.505266 0.426728 0.000000 0.653610 0.830853 0.913328 0.833992 0.551450 0.635976 0.706825 0.860507 0.711472 0.719376 0.763932 0.836926 0.787703 0.947482 0.989858 0.930176 0.875570 0.973143 0.781838 0.792621 0.849063 0.969018 0.703666 0.931936 0.924623 0.904734 0.875663 0.906041 0.702849 0.872896 0.919698 0.890809 0.960497 0.929119 0.948196 0.924990 0.834323 0.648523 0.373408 0.432869 0.774147 0.773779 0.981744 0.874693 0.909069 0.827902 0.946067 0.968994 0.769683 0.957869 0.984734 0.921619 0.922519 0.885085 0.966905 0.916469 0.727532 0.930697 0.514048 0.558481 0.875775 0.797817 0.807311 0.762262 0.983109 0.871612 0.908020 0.960765 0.901196 0.863391 0.832689 0.894407 0.861368 0.945615 0.993883 0.999625 0.875111 0.798813 0.833439 0.945792 0.906837 0.992686 0.898985 0.867904 0.856939 0.875167 0.838877 0.793206 0.925316 0.830574
0.814067 0.854329 0.870230 0.808010 0.877233 0.783498 0.769901 0.756952 0.877260 0.551638 0.657403 0.682488 0.952157 0.960368 0.760545 0.933584 0.696791 0.717528 0.851919 0.901966 0.974427 0.806003 0.646991 0.609476 0.458613 0.653610 0.000000 0.627482 0.667970 0.683030 0.858886 0.899699 0.862729 0.822008 0.719417 0.944736 0.968574 0.986935 0.831819 0.974724 0.895085 0.998218 0.772451 0.792814 0.537485 0.591882 0.902990 0.858705 0.528649 0.732884 0.804625 0.828597 0.729996 0.875171 0.776750 0.894661 0.795353 0.856296 0.744066 0.993271 0.749113 0.842773 0.687191 0.647372 0.556327 0.709499 0.930101 0.874448 0.886144 0.879219 0.883160 0.854807 0.853740 0.802927 0.895667 0.974801 0.933580 0.926891 0.939246 0.913827 0.936727 0.941232 0.717528 0.777678 0.628145 0.630541 0.847557 0.876459 0.673892 0.648059 0.712265 0.711079 0.782703 0.868989 0.960367 0.913862 0.715455 0.980137 0.668155 0.780598 0.653985 0.776374 0.801666 0.752359 0.920329 0.920714 0.855033 0.922484 0.836142 0.856869 0.895168 0.760592 0.606841 0.939605 0.937845 0.942871
0.987091 0.859687 0.848265 0.722241 0.990067 0.936454 0.954218 0.986185 0.874323 0.805541 0.920465 0.853785 0.900788 0.877342 0.712828 0.850492 0.844639 0.822817 0.939725 0.888414 0.966916 0.882067 0.769110 0.694018 0.733269 0.830853 0.627482 0.000000 0.960076 0.794973 0.703732 0.884905 0.948699 0.987370 0.686789 0.875610 0.924479 0.994447 0.884753 0.958654 0.999007 0.994659 0.980881 0.960191 0.790110 0.812633 0.975603 0.945905 0.715939 0.880125 0.897133 0.876075 0.983613 0.940460 0.908747 0.988374 0.942877 0.802361 0.995511 0.768800 0.844958 0.728730 0.858082 0.675369 0.737411 0.889379 0.954243 0.938306 0.988264 0.984868 0.888805 0.823112 0.845765 0.910593 0.783795 0.981202 0.867925 0.985492 0.922309 0.845348 0.861688 0.925413 0.826330 0.858086 0.769207 0.785557 0.962925 0.870717 0.921783 0.894181 0.930977 0.953973 0.866634 0.805994 0.816324 0.957275 0.896030 0.920096 0.958644 0.974817 0.998071 0.938302 0.974002 0.906630 0.897154 0.979897 0.957675 0.805566 0.973791 0.759038 0.857651 0.803926 0.950472 0.991192 0.897745 0.963896
0.549536 0.558571 0.848896 0.863071 0.979687 0.712219 0.532197 0.463214 0.607370 0.508795 0.472606 0.498939 0.696755 0.611426 0.919962 0.789189 0.482422 0.493790 0.574282 0.602854 0.796980 0.871519 0.872691 0.820230 0.683994 0.913328 0.667970 0.960076 0.000000 0.474763 0.863174 0.787046 0.653142 0.595271 0.931494 0.915430 0.830445 0.991189 0.905712 0.802332 0.950662 0.940168 0.538317 0.519258 0.435514 0.455095 0.726305 0.539999 0.540619 0.532272 0.626729 0.639332 0.675133 0.651747 0.848747 0.762332 0.498752 0.648697 0.533912 0.834844 0.525389 0.586043 0.600879 0.583418 0.837338 0.944049 0.706283 0.702821 0.983441 0.692821 0.813262 0.717973 0.679733 0.657768 0.950812 0.755304 0.572140 0.737489 0.782800 0.760145 0.766192 0.883197 0.983594 0.794230 0.826693 0.811804 0.971039 0.767902 0.765128 0.758331 0.488260 0.664844 0.716218 0.664454 0.737097 0.808126 0.755461 0.871008 0.505803 0.504552 0.577706 0.614771 0.559144 0.721321 0.905146 0.829079 0.799925 0.720675 0.802115 0.999133 0.689373 0.764664 0.581626 0.793609 0.888373 0.965020
0.484331 0.342439 0.983575 0.941454 0.874558 0.621684 0.582181 0.501580 0.738131 0.503248 0.554564 0.413437 0.717785 0.637298 0.981719 0.680271 0.356573 0.314965 0.583173 0.647097 0.990413 0.880885 0.948130 0.928067 0.769788 0.833992 0.683030 0.794973 0.474763 0.000000 0.890709 0.733750 0.622213 0.534821 0.757091 0.948545 0.934603 0.970602 0.908270 0.832634 0.954602 0.994614 0.577697 0.525067 0.453057 0.427114 0.786970 0.560726 0.596418 0.585893 0.571434 0.591838 0.764510 0.628192 0.879034 0.763301 0.369112 0.424579 0.675637 0.767997 0.558263 0.581540 0.510833 0.390054 0.720225 0.913331 0.706943 0.652204 0.832015 0.767593 0.797469 0.778315 0.818534 0.725371 0.922429 0.714054 0.673813 0.752743 0.610952 0.491068 0.433478 0.584176 0.885575 0.646950 0.870186 0.964913 0.862431 0.919589 0.904963 0.962593 0.553940 0.702104 0.662141 0.785034 0.707939 0.849443 0.619506 0.863256 0.504862 0.585001 0.616733 0.600973 0.619492 0.700720 0.946315 0.812750 0.759820 0.941831 0.932375 0.863566 0.683581 0.689747 0.685079 0.782059 0.827303 0.880828
0.815222 0.955450 0.358476 0.321892 0.937043 0.843703 0.525837 0.546344 0.819114 0.946991 0.728183 0.871125 0.576138 0.473898 0.596034 0.562677 0.991237 0.877325 0.516994 0.587942 0.887315 0.934530 0.407623 0.422692 0.554033 0.551450 0.858886 0.703732 0.863174 0.890709 0.000000 0.412921 0.459193 0.558773 0.576230 0.810814 0.742288 0.971589 0.657777 0.952694 0.906969 0.757782 0.682081 0.761683 0.959257 0.991327 0.745750 0.739098 0.788183 0.955807 0.991080 0.970190 0.964439 0.982827 0.854304 0.984123 0.922019 0.945466 0.893076 0.971550 0.739735 0.954404 0.915141 0.805028 0.495036 0.450326 0.543327 0.535623 0.958015 0.947250 0.483150 0.505852 0.808856 0.684539 0.787035 0.713494 0.704252 0.803947 0.827442 0.769021 0.949677 0.815362 0.720062 0.960510 0.508392 0.511762 0.953963 0.759655 0.832005 0.817140 0.667033 0.798070 0.666458 0.800052 0.981633 0.864819 0.915757 0.949972 0.880304 0.750534 0.679556 0.708983 0.993582 0.962976 0.771403 0.906911 0.846018 0.799945 0.906450 0.948857 0.934285 0.887806 0.985169 0.897368 0.946363 0.861208
0.622915 0.710210 0.426398 0.368988 0.847584 0.751441 0.432437 0.414832 0.797468 0.878810 0.632557 0.706831 0.491042 0.412178 0.587200 0.400595 0.853563 0.664427 0.405981 0.424599 0.969750 0.947530 0.474538 0.453883 0.652371 0.635976 0.899699 0.884905 0.787046 0.733750 0.412921 0.000000 0.413945 0.434441 0.672402 0.723876 0.702527 0.925301 0.644278 0.895829 0.966669 0.869100 0.585825 0.644803 0.761982 0.791268 0.576099 0.508964 0.995901 0.823750 0.777315 0.805088 0.916223 0.872999 0.713614 0.978190 0.700943 0.818429 0.700459 0.850185 0.581440 0.817413 0.686304 0.941897 0.632775 0.471584 0.433147 0.437036 0.964601 0.911271 0.585350 0.594055 0.850078 0.732981 0.875886 0.739610 0.627052 0.600869 0.803784 0.624062 0.779843 0.601371 0.587455 0.843838 0.558010 0.530918 0.815895 0.713564 0.882381 0.733459 0.566421 0.732907 0.677749 0.767510 0.804605 0.830238 0.905104 0.919634 0.746493 0.640182 0.735735 0.693728 0.881762 0.789816 0.751059 0.812278 0.984135 0.859104 0.937950 0.958224 0.869933 0.899635 0.903305 0.960467 0.891108 0.888874
0.517838 0.685453 0.466943 0.417887 0.835483 0.704981 0.345574 0.313430 0.720595 0.825063 0.498606 0.538466 0.421976 0.344623 0.699316 0.482425 0.767987 0.624320 0.327270 0.323704 0.876371 0.926438 0.526809 0.569841 0.819993 0.706825 0.862729 0.948699 0.653142 0.622213 0.459193 0.413945 0.000000 0.378287 0.750446 0.768497 0.681067 0.896691 0.703734 0.875449 0.990647 0.810484 0.485605 0.600623 0.655852 0.711032 0.551067 0.568613 0.959671 0.846748 0.796250 0.878839 0.895141 0.839231 0.934667 0.770426 0.698489 0.842238 0.595921 0.843875 0.452820 0.739954 0.537332 0.836666 0.724425 0.480895 0.365110 0.352674 0.983535 0.965771 0.509645 0.539638 0.796018 0.698650 0.841869 0.725935 0.566422 0.722113 0.814512 0.627286 0.710862 0.583359 0.720040 0.881428 0.602610 0.603882 0.902153 0.771860 0.967832 0.871285 0.482510 0.671945 0.627676 0.760880 0.866629 0.749355 0.856796 0.973803 0.600212 0.568287 0.597329 0.568854 0.745670 0.735680 0.771954 0.846887 0.968043 0.935182 0.810471 0.965461 0.964975 0.917618 0.736523 0.885610 0.994773 0.896583
0.465729 0.628094 0.527804 0.509617 0.860964 0.570397 0.291356 0.291629 0.638166 0.621817 0.367113 0.473449 0.364044 0.324404 0.715876 0.492468 0.616353 0.534748 0.304084 0.369317 0.972268 0.964480 0.671838 0.669277 0.990621 0.860507 0.822008 0.987370 0.595271 0.534821 0.558773 0.434441 0.378287 0.000000 0.860845 0.847567 0.742187 0.976812 0.662471 0.984051 0.996961 0.796093 0.479626 0.495372 0.539694 0.601700 0.495074 0.451416 0.808330 0.776045 0.707646 0.756473 0.847159 0.736224 0.942867 0.950761 0.593838 0.807326 0.557142 0.838234 0.353577 0.700464 0.437444 0.694501 0.874287 0.575282 0.389495 0.343852 0.942727 0.981988 0.569270 0.613930 0.877443 0.688678 0.822162 0.617764 0.636892 0.593101 0.880131 0.661928 0.735095 0.601252 0.779690 0.788806 0.719328 0.722367 0.880979 0.789950 0.880338 0.913656 0.452659 0.622401 0.634015 0.692849 0.773794 0.782946 0.837041 0.851375 0.504018 0.471819 0.478293 0.610475 0.736585 0.656371 0.754647 0.778335 0.927878 0.849689 0.848094 0.934826 0.858846 0.740422 0.627146 0.921607 0.875018 0.966149
0.913242 0.836601 0.559377 0.525594 0.887467 0.962778 0.850139 0.859572 0.964400 0.696792 0.930399 0.959216 0.787484 0.735945 0.817092 0.833074 0.774640 0.810963 0.782064 0.751860 0.820981 0.952171 0.486993 0.517252 0.600543 0.711472 0.719417 0.686789 0.931494 0.757091 0.576230 0.672402 0.750446 0.860845 0.000000 0.822440 0.779729 0.951382 0.816699 0.960100 0.876117 0.978946 0.950005 0.974958 0.795021 0.798174 0.855098 0.918020 0.695862 0.828930 0.827092 0.833710 0.883903 0.866929 0.754961 0.999638 0.815998 0.808824 0.894614 0.963261 0.993710 0.824974 0.983850 0.700232 0.578767 0.680564 0.640105 0.710307 0.860311 0.818732 0.768600 0.771443 0.871867 0.813978 0.973994 0.942108 0.865888 0.984514 0.937873 0.977653 0.976272 0.868496 0.810709 0.854800 0.519194 0.579678 0.824071 0.806166 0.806700 0.774796 0.852418 0.958780 0.842580 0.799223 0.962179 0.943714 0.840789 0.937094 0.880006 0.964183 0.951053 0.862781 0.881824 0.993969 0.780803 0.949865 0.800373 0.889823 0.980654 0.941820 0.956835 0.668670 0.874689 0.912956 0.951888 0.903512
0.952932 0.934382 0.708800 0.693185 0.830639 0.917109 0.794836 0.854041 0.730043 0.875868 0.994546 0.991369 0.833309 0.788886 0.820705 0.820783 0.886477 0.941674 0.871221 0.831179 0.755227 0.936518 0.570672 0.669723 0.707576 0.719376 0.944736 0.875610 0.915430 0.948545 0.810814 0.723876 0.768497 0.847567 0.822440 0.000000 0.976663 0.911234 0.964555 0.981541 0.921193 0.873403 0.996766 0.933801 0.975919 0.944589 0.773595 0.929230 0.859356 0.950922 0.920899 0.972840 0.929175 0.968795 0.800562 0.928335 0.818154 0.965651 0.983118 0.921619 0.875709 0.924076 0.861819 0.906906 0.700658 0.622373 0.637830 0.645177 0.995785 0.870150 0.956755 0.840148 0.946916 0.920936 0.830962 0.995793 0.919719 0.948969 0.971939 0.950235 0.935209 0.763451 0.719598 0.942119 0.528829 0.536955 0.897775 0.642612 0.948076 0.806470 0.962536 0.939955 0.906109 0.949227 0.938277 0.871656 0.833876 0.989415 0.865684 0.986008 0.876637 0.958332 0.827610 0.987885 0.896642 0.967666 0.974750 0.847273 0.954611 0.994295 0.976154 0.905322 0.894646 0.893250 0.990644 0.904527
0.837104 0.890485 0.757919 0.719685 0.975195 0.991436 0.823558 0.756116 0.772582 0.961147 0.875827 0.735669 0.924507 0.714170 0.925483 0.661098 0.897074 0.835981 0.806788 0.637599 0.996750 0.868212 0.814513 0.812747 0.840176 0.763932 0.968574 0.924479 0.830445 0.934603 0.742288 0.702527 0.681067 0.742187 0.779729 0.976663 0.000000 0.924308 0.748013 0.774441 0.730182 0.795805 0.883657 0.933434 0.910037 0.993456 0.841583 0.862564 0.982590 0.769174 0.770576 0.755310 0.760313 0.741562 0.901349 0.975885 0.886410 0.850426 0.758371 0.749557 0.799013 0.688526 0.987790 0.967414 0.746138 0.646042 0.818442 0.705401 0.891320 0.851428 0.896582 0.781320 0.760426 0.783757 0.961979 0.823358 0.843298 0.996345 0.897887 0.821265 0.898796 0.874067 0.804614 0.758610 0.838410 0.863420 0.966845 0.959419 0.935666 0.782023 0.815301 0.936690 0.826807 0.892327 0.646170 0.884440 0.992398 0.886360 0.943341 0.962566 0.911682 0.960681 0.997562 0.945549 0.991184 0.888779 0.978295 0.854358 0.789699 0.993621 0.936637 0.951076 0.964604 0.938828 0.980054 0.977495
0.970967 0.962235 0.982681 0.963470 0.976723 0.965976 0.950583 0.998889 0.872509 0.898832 0.904072 0.950133 0.858271 0.922533 0.867343 0.949777 0.853028 0.950626 0.964374 0.919792 0.854566 0.910896 0.939772 0.951432 0.844951 0.836926 0.986935 0.994447 0.991189 0.970602 0.971589 0.925301 0.896691 0.976812 0.951382 0.911234 0.924308 0.000000 0.889082 0.833552 0.945195 0.998496 0.983377 0.911431 0.984434 0.991892 0.996158 0.998382 0.961227 0.958433 0.985817 0.968980 0.978981 0.987737 0.891940 0.883106 0.975686 0.925264 0.960829 0.738963 0.986603 0.760137 0.857423 0.962351 0.902317 0.771569 0.965895 0.895331 0.906138 0.972982 0.909605 0.981815 0.985993 0.987436 0.912660 0.905565 0.871877 0.787916 0.945222 0.920282 0.897314 0.924120 0.980625 0.932370 0.965588 0.967547 0.966882 0.968503 0.833518 0.909819 0.979119 0.890034 0.943424 0.958167 0.937777 0.962033 0.891767 0.953176 0.933285 0.914823 0.951861 0.999905 0.953718 0.907169 0.840535 0.998992 0.894259 0.829051 0.984050 0.925957 0.903098 0.994476 0.947386 0.978758 0.861926 0.909577
