0.000000 0.352793 0.891659 0.718521 0.992727 0.807062 0.890053 0.823717 0.588113 0.816598 0.428788 0.425761 0.558153 0.452223 0.764926 0.847522 0.459201 0.347580 0.484770 0.364495 0.722081 0.949355 0.771397 0.700855 0.897221 0.965108 0.892033 0.846765 0.700284 0.627961 0.959677 0.816911 0.575639 0.643421 0.986420 0.970926 0.908275 0.911259 0.771716 0.910619 0.864726 0.842207 0.827629 0.870313 0.967996 0.911921 0.830886 0.706847 0.880060 0.836193 0.988217 0.944049 0.841949 0.699872 0.733986 0.762014 0.297096 0.322759 0.593226 0.597502 0.765557 0.927299 0.475452 0.485114 0.973271 0.945536 0.733062 0.827009 0.393087 0.573455 0.867407 0.828243 0.824991 0.801945 0.813403 0.798741 0.875652 0.883408 0.727292 0.610336 0.419769 0.462458 0.474874 0.444133 0.497687 0.561288 0.879644 0.766298 0.806651 0.561785 0.703696 0.620446 0.784801 0.676074 0.899039 0.880245 0.953409 0.924668 0.952021 0.936599 0.966416 0.899223 0.862841 0.670333 0.892945 0.658192 0.864078 0.937136 0.936604 0.728857 0.941101 0.899782 0.942468 0.741974 0.899854 0.765793
0.352793 0.000000 0.848093 0.587695 0.956120 0.840544 0.793974 0.663265 0.763745 0.958630 0.586158 0.481614 0.681987 0.557392 0.791137 0.784751 0.529997 0.462094 0.533496 0.427938 0.835423 0.931472 0.800040 0.754473 0.915621 0.898190 0.895626 0.863647 0.698554 0.692248 0.860192 0.869610 0.622577 0.574730 0.936118 0.987449 0.855165 0.840964 0.663433 0.985964 0.942135 0.819726 0.976739 0.820579 0.988083 0.877762 0.821653 0.712305 0.863046 0.797208 0.942175 0.864362 0.931267 0.803114 0.803810 0.739789 0.300547 0.284282 0.625475 0.661732 0.772684 0.964454 0.570537 0.533563 0.893242 0.956797 0.762117 0.803842 0.451379 0.496300 0.993127 0.879363 0.854569 0.787435 0.808381 0.779245 0.765888 0.870678 0.679357 0.639234 0.459163 0.555723 0.562113 0.529593 0.634319 0.687065 0.920101 0.921347 0.837983 0.624178 0.768999 0.692817 0.850159 0.743175 0.838634 0.955038 0.991017 0.940066 0.942574 0.987863 0.884621 0.853851 0.945210 0.745991 0.959017 0.719506 0.950376 0.975073 0.971273 0.742087 0.888812 0.945180 0.951006 0.740302 0.917459 0.756486
0.891659 0.848093 0.000000 0.509326 0.994028 0.786862 0.813763 0.753327 0.680363 0.952761 0.998339 0.894127 0.625788 0.901064 0.629959 0.544401 0.853532 0.917618 0.912724 0.866862 0.746092 0.943408 0.685437 0.683587 0.519998 0.558106 0.803750 0.919976 0.996916 0.961052 0.719289 0.704926 0.964945 0.930079 0.757153 0.839170 0.667719 0.816258 0.835374 0.768378 0.836374 0.856183 0.926705 0.962393 0.835704 0.863451 0.999398 0.981461 0.803296 0.909671 0.870133 0.966790 0.840761 0.857663 0.997725 0.829806 0.899595 0.879827 0.982354 0.886206 0.812021 0.639977 0.844515 0.907359 0.482696 0.541627 0.989955 0.917865 0.767160 0.861393 0.742908 0.829835 0.796008 0.801675 0.996081 0.970819 0.740557 0.823394 0.910972 0.833166 0.889173 0.975984 0.948911 0.982864 0.948110 0.773214 0.881902 0.706531 0.803831 0.914381 0.865049 0.900395 0.856469 0.907786 0.836451 0.827906 0.797894 0.931213 0.987331 0.910824 0.636679 0.933653 0.845508 0.852471 0.980334 0.880088 0.836219 0.934841 0.828579 0.971737 0.981826 0.812031 0.924296 0.862430 0.643045 0.985981
0.718521 0.587695 0.509326 0.000000 0.982288 0.962098 0.806768 0.498748 0.941030 0.988272 0.898802 0.621358 0.715922 0.666863 0.763585 0.549385 0.938032 0.834784 0.760963 0.791478 0.668645 0.834297 0.720511 0.541021 0.527119 0.537970 0.729126 0.989913 0.959914 0.926187 0.794565 0.737476 0.838993 0.821958 0.841078 0.880715 0.617296 0.696392 0.673821 0.857657 0.908503 0.740298 0.940943 0.909849 0.739584 0.828825 0.941231 0.982390 0.766981 0.884397 0.828164 0.892872 0.766968 0.757525 0.992748 0.995705 0.620495 0.594749 0.956070 0.879205 0.884802 0.686421 0.961172 0.851424 0.600361 0.642563 0.994147 0.989542 0.650015 0.718298 0.885751 0.880377 0.992405 0.982449 0.983066 0.999485 0.787533 0.947483 0.864480 0.955094 0.995681 0.924011 0.839974 0.836113 0.959491 0.693365 0.973046 0.829908 0.801237 0.706698 0.780326 0.682522 0.902894 0.830709 0.862929 0.813022 0.997611 0.834135 0.883436 0.999184 0.734233 0.833977 0.819940 0.973489 0.856986 0.787230 0.887321 0.971808 0.955835 0.888143 0.946434 0.752289 0.900270 0.776538 0.716861 0.874503
0.992727 0.956120 0.994028 0.982288 0.000000 0.909071 0.748010 0.876999 0.940832 0.843297 0.872916 0.802684 0.753633 0.844431 0.801668 0.853144 0.913472 0.888011 0.809631 0.995400 0.958024 0.996661 0.722770 0.935358 0.971246 0.991424 0.945984 0.907193 0.828573 0.829920 0.692267 0.872845 0.815998 0.775221 0.965365 0.739328 0.957376 0.880934 0.996324 0.973799 0.912817 0.888681 0.822882 0.774283 0.847103 0.858412 0.838893 0.845642 0.892904 0.917015 0.869432 0.868665 0.785659 0.786284 0.792419 0.902140 0.815756 0.937129 0.841264 0.910924 0.738810 0.778416 0.839201 0.865442 0.978975 0.873307 0.770331 0.699109 0.955641 0.832336 0.728907 0.768585 0.798019 0.733804 0.964160 0.974209 0.930271 0.724582 0.959051 0.962295 0.995123 0.900004 0.955611 0.965654 0.879470 0.891464 0.980378 0.882458 0.798323 0.917553 0.952669 0.892915 0.975652 0.896978 0.974525 0.849736 0.892601 0.958856 0.808385 0.691194 0.822563 0.702777 0.770070 0.850065 0.717952 0.690842 0.972862 0.952106 0.934766 0.946551 0.852082 0.838506 0.952762 0.862292 0.786050 0.856226
0.807062 0.840544 0.786862 0.962098 0.909071 0.000000 0.902745 0.912027 0.705094 0.841197 0.905705 0.900203 0.985871 0.821524 0.897314 0.835012 0.805085 0.785211 0.801377 0.867350 0.915050 0.898039 0.984677 0.958853 0.928839 0.826914 0.876426 0.762283 0.956934 0.979640 0.836024 0.983494 0.885792 0.953303 0.946956 0.919324 0.849794 0.910961 0.927626 0.772051 0.717451 0.789988 0.815664 0.858351 0.960282 0.935623 0.898324 0.897165 0.920875 0.897017 0.935641 0.953663 0.943148 0.999983 0.994810 0.796593 0.733968 0.796234 0.851590 0.946217 0.970540 0.743156 0.795413 0.861854 0.914921 0.786346 0.885004 0.952585 0.863046 0.911514 0.737301 0.723543 0.688037 0.730774 0.930333 0.763391 0.872785 0.748151 0.915854 0.932160 0.803117 0.800666 0.824788 0.738017 0.790393 0.831448 0.701779 0.907809 0.932792 0.759137 0.912316 0.888476 0.990010 0.826132 0.981903 0.964971 0.819993 0.917067 0.976479 0.933467 0.998720 0.894836 0.940802 0.789012 0.996880 0.942822 0.908036 0.808986 0.883745 0.875506 0.935668 0.959668 0.990639 0.956543 0.918255 0.789354
0.890053 0.793974 0.813763 0.806768 0.748010 0.902745 0.000000 0.315815 0.779618 0.419214 0.857681 0.616840 0.607333 0.812245 0.745529 0.879689 0.704030 0.753623 0.620722 0.937498 0.885641 0.973465 0.679493 0.806583 0.676431 0.845015 0.787655 0.643886 0.628840 0.680946 0.529352 0.797251 0.531473 0.438125 0.868410 0.843223 0.900304 0.764862 0.801309 0.837609 0.855443 0.912825 0.392450 0.389733 0.488002 0.519155 0.578475 0.608535 0.550977 0.537159 0.469557 0.486931 0.519525 0.526327 0.802038 0.712600 0.869804 0.751192 0.438641 0.560901 0.303533 0.450759 0.530874 0.490446 0.842964 0.945772 0.380360 0.416951 0.957804 0.974300 0.500244 0.541658 0.793357 0.766556 0.872079 0.761967 0.486787 0.797616 0.563378 0.829810 0.817989 0.815993 0.967451 0.889464 0.970956 0.798198 0.962088 0.775117 0.944622 0.986751 0.566400 0.616397 0.674233 0.751433 0.726252 0.777796 0.578423 0.716757 0.371101 0.383529 0.681491 0.615518 0.638028 0.646377 0.623841 0.670138 0.703862 0.644730 0.811874 0.765428 0.630347 0.551895 0.457363 0.733369 0.585381 0.954070
0.823717 0.663265 0.753327 0.498748 0.876999 0.912027 0.315815 0.000000 0.841769 0.515876 0.884440 0.531867 0.639435 0.710256 0.784871 0.698881 0.735373 0.745037 0.657202 0.901432 0.975242 0.868992 0.721295 0.978815 0.908728 0.970911 0.959678 0.772700 0.781079 0.764815 0.589039 0.803727 0.622331 0.502022 0.901732 0.899373 0.948383 0.990010 0.973105 0.898120 0.826649 0.821274 0.561368 0.496667 0.733458 0.730332 0.746043 0.768128 0.780237 0.729683 0.679229 0.687414 0.720121 0.726037 0.921315 0.817733 0.727508 0.646011 0.543373 0.639179 0.419995 0.421294 0.625058 0.528584 0.999619 0.870053 0.533203 0.573342 0.959252 0.868136 0.571985 0.605303 0.856496 0.851545 0.888241 0.830621 0.559141 0.836244 0.589059 0.899290 0.898035 0.857105 0.945863 0.937050 0.910156 0.937809 0.894531 0.713363 0.834570 0.941161 0.760844 0.883161 0.776319 0.909665 0.807500 0.863193 0.707556 0.708237 0.606678 0.544489 0.849165 0.853414 0.847743 0.717451 0.641290 0.741140 0.694446 0.683825 0.865756 0.761556 0.695391 0.793087 0.555353 0.700407 0.616763 0.946166
0.588113 0.763745 0.680363 0.941030 0.940832 0.705094 0.779618 0.841769 0.000000 0.663441 0.749871 0.790883 0.984497 0.624414 0.786008 0.866897 0.658421 0.613353 0.838288 0.691180 0.973025 0.860574 0.891614 0.761827 0.973988 0.878692 0.886737 0.972041 0.968916 0.852296 0.676982 0.921462 0.952983 0.971900 0.836057 0.810336 0.990788 0.889386 0.854996 0.914532 0.869270 0.966154 0.623109 0.858166 0.938299 0.978018 0.988717 0.884878 0.932595 0.929444 0.954184 0.959394 0.878555 0.832343 0.765477 0.756736 0.647218 0.676246 0.865982 0.937556 0.870518 0.692590 0.746654 0.776276 0.820192 0.827407 0.945310 0.999093 0.744152 0.602565 0.537180 0.603258 0.688158 0.705493 0.908180 0.796366 0.789028 0.657841 0.917978 0.872607 0.628050 0.611889 0.625868 0.550326 0.675322 0.640621 0.678572 0.599574 0.864982 0.621012 0.700222 0.706597 0.843508 0.766566 0.970582 0.804047 0.848769 0.926787 0.781655 0.707669 0.964046 0.845249 0.945178 0.770582 0.931804 0.974982 0.671889 0.810035 0.854541 0.879756 0.967502 0.966065 0.765763 0.907267 0.733195 0.750156
0.816598 0.958630 0.952761 0.988272 0.843297 0.841197 0.419214 0.515876 0.663441 0.000000 0.972187 0.875595 0.935554 0.893179 0.855930 0.950949 0.871997 0.982486 0.892135 0.807495 0.830922 0.958014 0.867189 0.636548 0.596458 0.774574 0.678258 0.735548 0.728801 0.834356 0.510804 0.776824 0.669661 0.607832 0.954522 0.932073 0.793307 0.682618 0.759867 0.802941 0.915444 0.899057 0.376035 0.441075 0.483973 0.509737 0.595008 0.732683 0.534365 0.602343 0.475614 0.504952 0.465834 0.509613 0.971889 0.871282 0.915507 0.999178 0.622750 0.802690 0.502796 0.541947 0.734322 0.677566 0.727283 0.764162 0.604589 0.630843 0.729552 0.780028 0.530240 0.562365 0.815538 0.749868 0.964838 0.694875 0.542592 0.744742 0.673502 0.987257 0.962402 0.498129 0.765932 0.595387 0.661685 0.515652 0.752818 0.552461 0.821653 0.697110 0.654368 0.646985 0.791043 0.826029 0.929685 0.901804 0.670203 0.815579 0.438188 0.522654 0.742172 0.724177 0.675120 0.781911 0.737287 0.854193 0.786431 0.729015 0.800995 0.840303 0.744197 0.619827 0.500090 0.891716 0.775779 0.861208
0.428788 0.586158 0.998339 0.898802 0.872916 0.905705 0.857681 0.884440 0.749871 0.972187 0.000000 0.501077 0.616724 0.509071 0.799599 0.914966 0.430899 0.381916 0.616667 0.431864 0.827791 0.961777 0.887155 0.959967 0.977815 0.948037 0.988989 0.860034 0.627882 0.484939 0.818922 0.802683 0.621733 0.682412 0.847868 0.965133 0.951210 0.980680 0.884079 0.958555 0.774869 0.796557 0.837886 0.969173 0.898211 0.956447 0.917480 0.873427 0.977489 0.999841 0.896283 0.918715 0.830080 0.748695 0.856847 0.896592 0.541850 0.535334 0.778597 0.797493 0.779301 0.977192 0.493444 0.478825 0.794178 0.872849 0.891800 0.955534 0.451925 0.662241 0.997949 0.986698 0.892594 0.863451 0.861161 0.862242 0.851039 0.824853 0.708504 0.778110 0.520699 0.669293 0.601617 0.591509 0.763003 0.840949 0.950965 0.870361 0.946465 0.839291 0.761958 0.697966 0.726754 0.809193 0.947105 0.804168 0.999099 0.944746 0.902288 0.909849 0.915200 0.998832 0.889533 0.669518 0.820653 0.577148 0.946365 0.982809 0.990407 0.836088 0.989319 0.951337 0.951459 0.894188 0.969567 0.780094
0.425761 0.481614 0.894127 0.621358 0.802684 0.900203 0.616840 0.531867 0.790883 0.875595 0.501077 0.000000 0.447106 0.370547 0.600736 0.621172 0.432980 0.346073 0.389855 0.455152 0.805572 0.908314 0.566716 0.783613 0.993222 0.945053 0.938194 0.754882 0.558759 0.471330 0.645985 0.616590 0.479962 0.473008 0.959889 0.967120 0.856570 0.922615 0.918686 0.994848 0.906482 0.887836 0.905300 0.666697 0.927778 0.839418 0.704237 0.666523 0.844462 0.869811 0.901348 0.880695 0.961564 0.887797 0.732435 0.734935 0.466194 0.437365 0.548421 0.660919 0.537446 0.739497 0.379955 0.343984 0.927845 0.997757 0.632421 0.681443 0.541208 0.738289 0.849863 0.832588 0.922781 0.930262 0.825256 0.954757 0.721881 0.878721 0.525352 0.714242 0.491982 0.690961 0.563143 0.602577 0.684838 0.755868 0.957393 0.947478 0.822755 0.725159 0.839158 0.684233 0.820224 0.730172 0.894981 0.825752 0.959944 0.863190 0.905902 0.864914 0.932448 0.994552 0.858249 0.580340 0.638096 0.545126 0.969678 0.897310 0.929934 0.678724 0.901411 0.961759 0.845435 0.808934 0.698372 0.785612
0.558153 0.681987 0.625788 0.715922 0.753633 0.985871 0.607333 0.639435 0.984497 0.935554 0.616724 0.447106 0.000000 0.488224 0.475609 0.565098 0.698233 0.577019 0.471606 0.592282 0.790263 0.878478 0.459366 0.730346 0.852421 0.911680 0.937641 0.684644 0.651188 0.615892 0.596400 0.605360 0.543849 0.554656 0.796278 0.991185 0.951766 0.953489 0.952704 0.965929 0.886936 0.972302 0.780110 0.668787 0.840683 0.788236 0.662300 0.629704 0.836173 0.796054 0.835569 0.774763 0.949198 0.976137 0.782017 0.820813 0.664921 0.645680 0.578692 0.581094 0.448606 0.644657 0.552347 0.565649 0.802926 0.802446 0.593322 0.563870 0.685317 0.831499 0.785173 0.810478 0.854193 0.850773 0.964132 0.990798 0.741954 0.798100 0.733850 0.623191 0.690439 0.771605 0.728644 0.694662 0.610232 0.648282 0.875482 0.994574 0.691555 0.713112 0.898842 0.879376 0.857621 0.835469 0.844262 0.836208 0.730756 0.875244 0.788043 0.748491 0.995657 0.803236 0.776503 0.680433 0.718337 0.612656 0.956847 0.985793 0.867198 0.775380 0.785690 0.998700 0.794544 0.707299 0.565969 0.993693
0.452223 0.557392 0.901064 0.666863 0.844431 0.821524 0.812245 0.710256 0.624414 0.893179 0.509071 0.370547 0.488224 0.000000 0.631039 0.598699 0.487153 0.357752 0.438690 0.436754 0.814463 0.992571 0.627047 0.648740 0.867297 0.972035 0.962003 0.771395 0.628952 0.433036 0.803079 0.685802 0.538085 0.584856 0.966259 0.853409 0.814368 0.830084 0.808646 0.900246 0.988089 0.918169 0.919228 0.836359 0.978117 0.952251 0.854297 0.758320 0.977181 0.959140 0.983817 0.988295 0.834002 0.839038 0.790760 0.761123 0.507168 0.492554 0.705033 0.799953 0.671390 0.788682 0.490865 0.471879 0.981735 0.862751 0.752592 0.781531 0.570229 0.667868 0.999663 0.963256 0.894409 0.957406 0.895454 0.889322 0.915819 0.902594 0.706861 0.695869 0.487683 0.592001 0.443716 0.449272 0.629315 0.551629 0.796649 0.805042 0.662408 0.637903 0.682128 0.556416 0.696181 0.633981 0.900052 0.848819 0.947768 0.896475 0.902843 0.968377 0.897695 0.938468 0.968800 0.625718 0.801358 0.692715 0.898812 0.965708 0.953643 0.847289 0.965302 0.998340 0.973292 0.855800 0.832638 0.788013
0.764926 0.791137 0.629959 0.763585 0.801668 0.897314 0.745529 0.784871 0.786008 0.855930 0.799599 0.600736 0.475609 0.631039 0.000000 0.421136 0.776862 0.743088 0.555505 0.700507 0.784112 0.969982 0.431898 0.738313 0.875267 0.989435 0.967415 0.802982 0.533660 0.517635 0.455828 0.550768 0.573376 0.593745 0.788180 0.958288 0.789395 0.964457 0.959332 0.879078 0.957784 0.934298 0.704274 0.619100 0.844172 0.810765 0.640543 0.605758 0.863052 0.882273 0.859282 0.768807 0.982344 0.999342 0.846372 0.870348 0.830898 0.820723 0.768887 0.823850 0.563180 0.663049 0.698032 0.690055 0.800507 0.809093 0.763350 0.704025 0.837697 0.957835 0.668822 0.745103 0.719234 0.806966 0.905251 0.953256 0.688562 0.639108 0.756274 0.695377 0.749676 0.921308 0.757702 0.882875 0.717625 0.775412 0.949178 0.915368 0.880220 0.939295 0.811739 0.780844 0.642163 0.705255 0.892684 0.992035 0.950660 0.979759 0.879371 0.785241 0.825713 0.903165 0.904976 0.826805 0.855428 0.556937 0.932091 0.950224 0.799576 0.819847 0.952558 0.983143 0.934774 0.810892 0.536785 0.937951
0.847522 0.784751 0.544401 0.549385 0.853144 0.835012 0.879689 0.698881 0.866897 0.950949 0.914966 0.621172 0.565098 0.598699 0.421136 0.000000 0.898713 0.850055 0.712829 0.743173 0.766131 0.976808 0.482403 0.579439 0.621046 0.784614 0.881201 0.897437 0.765566 0.666823 0.532093 0.572498 0.774973 0.725707 0.879556 0.997576 0.654372 0.766423 0.713451 0.830921 0.794740 0.892955 0.859513 0.808424 0.898902 0.950736 0.862988 0.872253 0.850077 0.859041 0.907556 0.994827 0.859213 0.864165 0.992216 0.909158 0.852980 0.869311 0.927676 0.980019 0.703874 0.572091 0.942027 0.855344 0.606187 0.552342 0.945278 0.837801 0.845038 0.876507 0.678980 0.809431 0.625737 0.820639 0.974252 0.982931 0.832377 0.714165 0.870363 0.776424 0.940733 0.956481 0.729151 0.878746 0.872524 0.678360 0.932514 0.845406 0.784912 0.865185 0.635001 0.570448 0.583289 0.592547 0.947173 0.930694 0.935067 0.987822 0.895545 0.940156 0.663062 0.941376 0.792857 0.998846 0.956284 0.747105 0.942614 0.905995 0.825633 0.908270 0.918517 0.812891 0.994640 0.929394 0.623696 0.993306
0.459201 0.529997 0.853532 0.938032 0.913472 0.805085 0.704030 0.735373 0.658421 0.871997 0.430899 0.432980 0.698233 0.487153 0.776862 0.898713 0.000000 0.267259 0.499543 0.450623 0.932957 0.944665 0.862788 0.944209 0.731349 0.668852 0.890604 0.790904 0.433572 0.341210 0.779699 0.792636 0.461633 0.494420 0.832111 0.848549 0.947995 0.997751 0.998989 0.935129 0.795738 0.818569 0.972218 0.687145 0.815488 0.732154 0.692737 0.637614 0.700646 0.720156 0.781298 0.763466 0.893627 0.968929 0.806094 0.671958 0.440153 0.426510 0.546584 0.758148 0.633948 0.992280 0.300586 0.289291 0.619799 0.662914 0.621570 0.745694 0.563980 0.684049 0.926703 0.984646 0.950200 0.961208 0.730328 0.958427 0.790103 0.951151 0.508166 0.755482 0.361420 0.725325 0.558516 0.663683 0.757303 0.909105 0.982135 0.869629 0.979477 0.853680 0.873982 0.748095 0.781423 0.743626 0.903362 0.696252 0.986283 0.852971 0.880665 0.902203 0.865820 0.977970 0.753625 0.481194 0.768097 0.631559 0.990759 0.862530 0.915540 0.761364 0.965560 0.802074 0.899919 0.896087 0.953587 0.772862
0.347580 0.462094 0.917618 0.834784 0.888011 0.785211 0.753623 0.745037 0.613353 0.982486 0.381916 0.346073 0.577019 0.357752 0.743088 0.850055 0.267259 0.000000 0.400394 0.369990 0.904958 0.909785 0.778564 0.878996 0.864999 0.811395 0.952699 0.838159 0.481846 0.384822 0.853045 0.767589 0.451667 0.485752 0.878076 0.890905 0.937627 0.944707 0.912627 0.923166 0.833806 0.786895 0.941329 0.773992 0.917863 0.834596 0.774930 0.689863 0.797709 0.827659 0.908738 0.893810 0.967779 0.888367 0.793104 0.672774 0.381860 0.370948 0.549559 0.708932 0.650585 0.965678 0.309358 0.310160 0.771497 0.828618 0.659637 0.742903 0.465143 0.602031 0.989851 0.946456 0.961235 0.994668 0.771121 0.902637 0.910047 0.968828 0.513824 0.695868 0.312581 0.547391 0.494978 0.473331 0.623882 0.740634 0.867785 0.764484 0.902470 0.715429 0.808961 0.660148 0.756667 0.700966 0.861119 0.780449 0.954222 0.822893 0.955367 0.975796 0.948008 0.949260 0.842904 0.517735 0.750096 0.582780 0.911197 0.914537 0.982061 0.782548 0.993442 0.883081 0.967138 0.805349 0.918954 0.763249
0.484770 0.533496 0.912724 0.760963 0.809631 0.801377 0.620722 0.657202 0.838288 0.892135 0.616667 0.389855 0.471606 0.438690 0.555505 0.712829 0.499543 0.400394 0.000000 0.462714 0.870206 0.972509 0.449560 0.769771 0.947023 0.840941 0.991222 0.694396 0.519583 0.496929 0.605360 0.603878 0.392270 0.449652 0.947267 0.878792 0.929257 0.868438 0.941164 0.926494 0.974340 0.953080 0.727772 0.575306 0.725395 0.637516 0.520600 0.467805 0.667899 0.673477 0.734816 0.681224 0.914425 0.984083 0.794802 0.642393 0.520720 0.501717 0.436473 0.527997 0.487884 0.794882 0.382069 0.395912 0.991178 0.972108 0.507333 0.487455 0.663487 0.812893 0.872740 0.919428 0.974943 0.970409 0.808952 0.956753 0.804323 0.958208 0.573567 0.714560 0.490244 0.699974 0.556235 0.565274 0.518495 0.674445 0.806482 0.837058 0.839719 0.646938 0.910864 0.792246 0.826328 0.739572 0.747389 0.770118 0.916839 0.854395 0.772526 0.724916 0.972654 0.991938 0.790473 0.565592 0.714645 0.531061 0.967309 0.988365 0.884016 0.737398 0.857689 0.824915 0.787306 0.741368 0.734101 0.913572
0.364495 0.427938 0.866862 0.791478 0.995400 0.867350 0.937498 0.901432 0.691180 0.807495 0.431864 0.455152 0.592282 0.436754 0.700507 0.743173 0.450623 0.369990 0.462714 0.000000 0.812230 0.912422 0.697697 0.673050 0.872234 0.964950 0.810537 0.836657 0.585652 0.506523 0.811071 0.763588 0.616865 0.642548 0.960932 0.966360 0.841503 0.803889 0.772171 0.867768 0.861930 0.809663 0.844829 0.928030 0.908003 0.980167 0.812818 0.737738 0.961262 0.936847 0.906357 0.963017 0.756261 0.635156 0.791423 0.805560 0.416459 0.426625 0.725674 0.717501 0.819487 0.985457 0.549197 0.541000 0.933434 0.980307 0.832001 0.826298 0.417368 0.562283 0.904692 0.812651 0.920196 0.975827 0.743892 0.781880 0.888836 0.969617 0.746449 0.700293 0.437019 0.478682 0.503568 0.409549 0.523648 0.575662 0.949925 0.756785 0.871633 0.621986 0.650094 0.541619 0.629892 0.593501 0.864767 0.824875 0.915425 0.978621 0.822846 0.875666 0.825192 0.806031 0.990676 0.764334 0.911036 0.663504 0.874884 0.900075 0.889820 0.808377 0.991248 0.900459 0.909624 0.903589 0.977236 0.758379
0.722081 0.835423 0.746092 0.668645 0.958024 0.915050 0.885641 0.975242 0.973025 0.830922 0.827791 0.805572 0.790263 0.814463 0.784112 0.766131 0.932957 0.904958 0.870206 0.812230 0.000000 0.978658 0.775273 0.722226 0.649824 0.792709 0.914585 0.923909 0.952547 0.955921 0.931314 0.732826 0.899775 0.926892 0.981748 0.820304 0.813419 0.795335 0.791187 0.805963 0.894253 0.794430 0.842146 0.962317 0.823334 0.881597 0.977877 0.914381 0.863479 0.914011 0.834411 0.880776 0.800610 0.704090 0.955327 0.888142 0.737745 0.786529 0.952240 0.919849 0.967424 0.996461 0.942427 0.939381 0.723912 0.832696 0.946447 0.852746 0.701104 0.915078 0.876701 0.926125 0.907412 0.930934 0.884877 0.907400 0.927777 0.819335 0.936258 0.896610 0.925719 0.859773 0.766296 0.868381 0.806624 0.709809 0.898284 0.977529 0.862140 0.831269 0.752421 0.641179 0.784802 0.774272 0.944343 0.918072 0.993408 0.884527 0.876690 0.899433 0.735432 0.761107 0.918869 0.997202 0.990277 0.895399 0.954719 0.838126 0.920449 0.874637 0.872010 0.656664 0.844621 0.810567 0.711990 0.883057
0.949355 0.931472 0.943408 0.834297 0.996661 0.898039 0.973465 0.868992 0.860574 0.958014 0.961777 0.908314 0.878478 0.992571 0.969982 0.976808 0.944665 0.909785 0.972509 0.912422 0.978658 0.000000 0.870145 0.948225 0.957296 0.982821 0.965912 0.962436 0.817713 0.948178 0.964595 0.925371 0.986184 0.910166 0.873519 0.849880 0.919662 0.990503 0.873676 0.893005 0.848455 0.999775 0.979037 0.950479 0.990017 0.981404 0.889426 0.913111 0.995816 0.954822 0.965343 0.962842 0.992741 0.904457 0.939229 0.961062 0.963742 0.928046 0.994436 0.980026 0.991924 0.971196 0.983199 0.960237 0.999425 0.987828 0.937897 0.964259 0.934258 0.950906 0.928647 0.985582 0.878170 0.896897 0.972757 0.964157 0.935660 0.937340 0.984784 0.941772 0.907637 0.966982 0.907944 0.980670 0.969597 0.981157 0.910391 0.930365 0.994732 0.934746 0.947580 0.975502 0.887000 0.987772 0.995957 0.921754 0.941789 0.896212 0.966616 0.876842 0.978429 0.917597 0.979803 0.960082 0.995085 0.970829 0.903696 0.867129 0.974379 0.912271 0.987518 0.854192 0.957397 0.931730 0.892225 0.994422
0.771397 0.800040 0.685437 0.720511 0.722770 0.984677 0.679493 0.721295 0.891614 0.867189 0.887155 0.566716 0.459366 0.627047 0.431898 0.482403 0.862788 0.778564 0.449560 0.697697 0.775273 0.870145 0.000000 0.610821 0.790611 0.934637 0.941155 0.715922 0.640198 0.683428 0.441506 0.418660 0.570293 0.618713 0.856478 0.997347 0.912850 0.922551 0.958201 0.965779 0.848630 0.985740 0.663252 0.583228 0.786794 0.710625 0.503009 0.542984 0.799552 0.816572 0.828561 0.742224 0.979633 0.991027 0.817933 0.801989 0.874255 0.851763 0.673652 0.695511 0.558313 0.635264 0.730434 0.715349 0.685271 0.756249 0.618635 0.539064 0.881146 0.990100 0.728444 0.797827 0.764856 0.927565 0.940830 0.982117 0.725905 0.805036 0.815416 0.771586 0.845279 0.918801 0.681795 0.780940 0.563568 0.632498 0.958248 0.903890 0.829139 0.649132 0.868653 0.814802 0.781034 0.792020 0.788114 0.994416 0.912281 0.924094 0.801722 0.685022 0.945533 0.911889 0.908813 0.841575 0.817714 0.619514 0.936080 0.929003 0.903011 0.827451 0.838029 0.959018 0.767802 0.874848 0.501949 0.964585
0.700855 0.754473 0.683587 0.541021 0.935358 0.958853 0.806583 0.978815 0.761827 0.636548 0.959967 0.783613 0.730346 0.648740 0.738313 0.579439 0.944209 0.878996 0.769771 0.673050 0.722226 0.948225 0.610821 0.000000 0.407692 0.585667 0.633027 0.953668 0.952740 0.983242 0.988191 0.742893 0.998848 0.989686 0.819779 0.942758 0.761761 0.699023 0.611484 0.756022 0.868794 0.919278 0.753422 0.898580 0.698977 0.800808 0.965930 0.957716 0.739292 0.815926 0.694848 0.789548 0.605384 0.574713 0.936088 0.966444 0.774242 0.807747 0.952779 0.881446 0.898955 0.925390 0.913237 0.923397 0.478252 0.523466 0.942630 0.973551 0.702613 0.746547 0.844968 0.783232 0.905765 0.922504 0.978489 0.835492 0.950107 0.917775 0.884487 0.900611 0.991339 0.704224 0.690003 0.646545 0.610370 0.336823 0.858787 0.767129 0.693692 0.477606 0.549530 0.501407 0.668085 0.630542 0.910094 0.867051 0.836121 0.977357 0.674737 0.793779 0.612541 0.728047 0.763849 0.921148 0.942307 0.888145 0.735488 0.663156 0.958569 0.882634 0.996508 0.621854 0.795712 0.992151 0.851558 0.858706
0.897221 0.915621 0.519998 0.527119 0.971246 0.928839 0.676431 0.908728 0.973988 0.596458 0.977815 0.993222 0.852421 0.867297 0.875267 0.621046 0.731349 0.864999 0.947023 0.872234 0.649824 0.957296 0.790611 0.407692 0.000000 0.374820 0.585436 0.801735 0.721009 0.819814 0.984435 0.801180 0.780903 0.758879 0.898647 0.800308 0.683339 0.618960 0.611832 0.735236 0.895575 0.888270 0.635526 0.690492 0.476886 0.560364 0.744027 0.786152 0.473125 0.581062 0.495205 0.580586 0.505684 0.493400 0.863215 0.729585 0.930856 0.981917 0.660399 0.922571 0.727943 0.962236 0.632363 0.686268 0.378800 0.475857 0.678995 0.765552 0.712037 0.864693 0.923653 0.836505 0.985288 0.975062 0.935091 0.813791 0.936791 0.984740 0.642577 0.943159 0.740289 0.875043 0.872587 0.852156 0.868487 0.490111 0.996890 0.990185 0.738722 0.692922 0.526488 0.554695 0.656930 0.759850 0.988596 0.756481 0.862367 0.854618 0.561526 0.692807 0.541178 0.750847 0.681750 0.734610 0.816829 0.974905 0.907675 0.681388 0.983767 0.933881 0.922676 0.440142 0.763047 0.939619 0.879978 0.940604
0.965108 0.898190 0.558106 0.537970 0.991424 0.826914 0.845015 0.970911 0.878692 0.774574 0.948037 0.945053 0.911680 0.972035 0.989435 0.784614 0.668852 0.811395 0.840941 0.964950 0.792709 0.982821 0.934637 0.585667 0.374820 0.000000 0.687938 0.821328 0.730753 0.737998 0.962905 0.983579 0.750576 0.793395 0.873431 0.768469 0.761171 0.622692 0.656860 0.971973 0.970015 0.772558 0.769987 0.737299 0.586594 0.620126 0.713397 0.720453 0.594444 0.710846 0.597686 0.654918 0.658647 0.633990 0.889582 0.798617 0.991662 0.966223 0.657298 0.923349 0.767091 0.869049 0.624743 0.686832 0.447405 0.546828 0.683592 0.754517 0.769457 0.857294 0.999985 0.940037 0.975693 0.933915 0.919683 0.947941 0.999550 0.984462 0.698776 0.979995 0.746014 0.943657 0.948330 0.926418 0.983118 0.691461 0.983820 0.963556 0.731071 0.779252 0.768250 0.814658 0.918890 0.989321 0.933796 0.799448 0.965968 0.890813 0.752989 0.736963 0.668719 0.923107 0.759643 0.736508 0.977351 0.956877 0.995756 0.885395 0.938209 0.978274 0.935410 0.638942 0.952437 0.867164 0.927671 0.986368
0.892033 0.895626 0.803750 0.729126 0.945984 0.876426 0.787655 0.959678 0.886737 0.678258 0.988989 0.938194 0.937641 0.962003 0.967415 0.881201 0.890604 0.952699 0.991222 0.810537 0.914585 0.965912 0.941155 0.633027 0.585436 0.687938 0.000000 0.689448 0.838038 0.894346 0.925355 0.952719 0.811079 0.865809 0.975815 0.979674 0.703293 0.755284 0.790670 0.811505 0.969462 0.980195 0.730686 0.861078 0.695385 0.767180 0.902235 0.979528 0.764933 0.843219 0.705884 0.790978 0.687023 0.669083 0.949431 0.923769 0.911687 0.914956 0.848615 0.964208 0.806246 0.920703 0.814070 0.873901 0.708417 0.757463 0.841053 0.863232 0.869959 0.840635 0.831737 0.893544 0.887101 0.938231 0.886547 0.850920 0.950162 0.966211 0.788662 0.889319 0.836302 0.877210 0.901454 0.774248 0.887898 0.639711 0.897790 0.888333 0.852086 0.680905 0.734939 0.803393 0.804208 0.916055 0.908110 0.925991 0.952457 0.996269 0.705651 0.810656 0.793109 0.810674 0.943801 0.843939 0.985186 0.996008 0.848543 0.798061 0.914934 0.905566 0.897485 0.693574 0.903232 0.871757 0.999041 0.969877
0.846765 0.863647 0.919976 0.989913 0.907193 0.762283 0.643886 0.772700 0.972041 0.735548 0.860034 0.754882 0.684644 0.771395 0.802982 0.897437 0.790904 0.838159 0.694396 0.836657 0.923909 0.962436 0.715922 0.953668 0.801735 0.821328 0.689448 0.000000 0.802544 0.794570 0.777435 0.805462 0.660011 0.719198 0.871707 0.937248 0.862269 0.736993 0.905633 0.749785 0.934277 0.828265 0.716221 0.736892 0.682225 0.654185 0.640738 0.702156 0.666704 0.633814 0.667695 0.644735 0.777738 0.787619 0.819922 0.772614 0.851342 0.865718 0.589751 0.656471 0.571650 0.800185 0.655736 0.725022 0.958823 0.912299 0.603931 0.634030 0.954475 0.923099 0.916034 0.954517 0.982447 0.946089 0.959379 0.894549 0.743712 0.931894 0.842378 0.725750 0.807084 0.990306 0.855608 0.904482 0.830023 0.985815 0.876220 0.891704 0.953168 0.980473 0.880650 0.905599 0.879191 0.949471 0.959370 0.997826 0.805899 0.942251 0.699866 0.733771 0.924535 0.834502 0.922362 0.787817 0.878537 0.939342 0.970358 0.989848 0.868676 0.920372 0.936666 0.827252 0.740087 0.988566 0.882213 0.885141
0.700284 0.698554 0.996916 0.959914 0.828573 0.956934 0.628840 0.781079 0.968916 0.728801 0.627882 0.558759 0.651188 0.628952 0.533660 0.765566 0.433572 0.481846 0.519583 0.585652 0.952547 0.817713 0.640198 0.952740 0.721009 0.730753 0.838038 0.802544 0.000000 0.305229 0.565054 0.640558 0.447546 0.373540 0.998105 0.873504 0.974598 0.997559 0.947461 0.972163 0.931798 0.883083 0.675011 0.521389 0.636260 0.605604 0.519753 0.485589 0.586263 0.648078 0.621994 0.607507 0.731668 0.791144 0.793954 0.722973 0.704237 0.687136 0.610347 0.810748 0.533274 0.760997 0.446994 0.420896 0.774228 0.812064 0.621726 0.638480 0.791336 0.902858 0.689356 0.843723 0.715335 0.751877 0.794381 0.995862 0.692104 0.723905 0.523966 0.707615 0.486377 0.941403 0.645092 0.850227 0.814898 0.980796 0.977071 0.951502 0.976811 0.979279 0.936734 0.875310 0.735602 0.793182 0.839632 0.752138 0.863666 0.921187 0.743018 0.758054 0.895635 0.908707 0.708502 0.667047 0.749017 0.545971 0.902271 0.879730 0.872053 0.780003 0.987425 0.710893 0.753813 0.790301 0.772231 0.962592
0.627961 0.692248 0.961052 0.926187 0.829920 0.979640 0.680946 0.764815 0.852296 0.834356 0.484939 0.471330 0.615892 0.433036 0.517635 0.666823 0.341210 0.384822 0.496929 0.506523 0.955921 0.948178 0.683428 0.983242 0.819814 0.737998 0.894346 0.794570 0.305229 0.000000 0.602699 0.645144 0.460845 0.442207 0.938615 0.791809 0.841698 0.962932 0.992907 0.893531 0.909988 0.864194 0.862180 0.647553 0.824900 0.779022 0.669047 0.644326 0.773924 0.820748 0.814541 0.773563 0.923346 0.922741 0.805513 0.738894 0.649544 0.630615 0.671473 0.879595 0.547497 0.756542 0.419224 0.374842 0.733049 0.881538 0.697035 0.735151 0.679619 0.831330 0.763482 0.884046 0.675186 0.688510 0.772926 0.991050 0.722435 0.729824 0.559870 0.714178 0.475635 0.869321 0.595492 0.718675 0.854409 0.933930 0.996819 0.938351 0.967605 0.961879 0.793438 0.721965 0.637112 0.700881 0.909928 0.780207 0.969716 0.857457 0.911576 0.865641 0.952917 0.964959 0.845035 0.621160 0.762049 0.533803 0.945664 0.920658 0.871531 0.819408 0.898115 0.794501 0.898587 0.908141 0.811928 0.909965
0.959677 0.860192 0.719289 0.794565 0.692267 0.836024 0.529352 0.589039 0.676982 0.510804 0.818922 0.645985 0.596400 0.803079 0.455828 0.532093 0.779699 0.853045 0.605360 0.811071 0.931314 0.964595 0.441506 0.988191 0.984435 0.962905 0.925355 0.777435 0.565054 0.602699 0.000000 0.470830 0.509523 0.516435 0.912528 0.907955 0.934550 0.894775 0.958097 0.968073 0.903376 0.894769 0.492294 0.474397 0.691532 0.648535 0.526971 0.568553 0.745845 0.766155 0.678032 0.645017 0.739224 0.778322 0.918488 0.854894 0.933968 0.901295 0.689046 0.782989 0.456754 0.490444 0.689983 0.628146 0.921826 0.919464 0.641772 0.532847 0.998935 0.930030 0.514681 0.622033 0.616110 0.729082 0.889266 0.863053 0.591466 0.593712 0.667831 0.862979 0.911174 0.774705 0.879478 0.913477 0.944347 0.979295 0.795175 0.726888 0.962579 0.983291 0.992941 0.985372 0.831109 0.916224 0.803403 0.866500 0.801095 0.885116 0.663979 0.565181 0.951906 0.809401 0.770674 0.807112 0.820411 0.596192 0.796261 0.874664 0.738556 0.879304 0.774471 0.831288 0.653365 0.849647 0.522921 0.917035
0.816911 0.869610 0.704926 0.737476 0.872845 0.983494 0.797251 0.803727 0.921462 0.776824 0.802683 0.616590 0.605360 0.685802 0.550768 0.572498 0.792636 0.767589 0.603878 0.763588 0.732826 0.925371 0.418660 0.742893 0.801180 0.983579 0.952719 0.805462 0.640558 0.645144 0.470830 0.000000 0.532436 0.677321 0.990525 0.891822 0.946835 0.955420 0.984642 0.905343 0.976479 0.815510 0.791849 0.673377 0.862280 0.785015 0.556495 0.695027 0.840544 0.910705 0.856650 0.812479 0.999670 0.969129 0.917281 0.888936 0.798268 0.841848 0.765956 0.830349 0.670707 0.713707 0.717790 0.694045 0.886479 0.942595 0.777975 0.769792 0.765816 0.952299 0.788046 0.766515 0.787811 0.815265 0.982707 0.983889 0.724763 0.737399 0.764506 0.860516 0.833662 0.962355 0.704573 0.910022 0.821326 0.838836 0.793167 0.866159 0.950813 0.838886 0.779465 0.720744 0.666002 0.746137 0.886464 0.996202 0.900657 0.855384 0.862924 0.864332 0.906100 0.984996 0.909378 0.791576 0.909071 0.631337 0.875099 0.976891 0.916233 0.912173 0.952348 0.953408 0.786822 0.880436 0.625146 0.918738
0.575639 0.622577 0.964945 0.838993 0.815998 0.885792 0.531473 0.622331 0.952983 0.669661 0.621733 0.479962 0.543849 0.538085 0.573376 0.774973 0.461633 0.451667 0.392270 0.616865 0.899775 0.986184 0.570293 0.998848 0.780903 0.750576 0.811079 0.660011 0.447546 0.460845 0.509523 0.532436 0.000000 0.385304 0.895731 0.923354 0.930239 0.858313 0.872487 0.976734 0.998160 0.840452 0.673455 0.460906 0.584622 0.510523 0.523076 0.477159 0.545255 0.556704 0.534687 0.526067 0.693184 0.747748 0.808784 0.633786 0.560502 0.551971 0.446691 0.670994 0.420263 0.743333 0.344283 0.360995 0.828731 0.800284 0.466474 0.537136 0.755423 0.865907 0.765085 0.791442 0.904082 0.961369 0.825357 0.953789 0.759695 0.778646 0.491777 0.695960 0.488050 0.877599 0.606500 0.731749 0.734007 0.908162 0.965959 0.974162 0.952986 0.819475 0.971992 0.951199 0.917260 0.853821 0.813015 0.804904 0.908761 0.800875 0.621405 0.627490 0.903610 0.922250 0.713696 0.543346 0.733036 0.579402 0.994585 0.869423 0.936040 0.813277 0.786855 0.744202 0.700399 0.666415 0.693984 0.992351
0.643421 0.574730 0.930079 0.821958 0.775221 0.953303 0.438125 0.502022 0.971900 0.607832 0.682412 0.473008 0.554656 0.584856 0.593745 0.725707 0.494420 0.485752 0.449652 0.642548 0.926892 0.910166 0.618713 0.989686 0.758879 0.793395 0.865809 0.719198 0.373540 0.442207 0.516435 0.677321 0.385304 0.000000 0.954816 0.775927 0.989063 0.938013 0.956331 0.944316 0.913805 0.838006 0.571369 0.382516 0.546902 0.501735 0.479579 0.415259 0.529698 0.552751 0.534978 0.507523 0.653702 0.714024 0.717250 0.585909 0.638469 0.604547 0.430060 0.625053 0.377230 0.604687 0.395171 0.377718 0.895277 0.915519 0.455845 0.463331 0.853234 0.879834 0.730162 0.806509 0.855210 0.840596 0.817439 0.940165 0.615142 0.729498 0.466226 0.666790 0.588748 0.984270 0.691747 0.831013 0.862981 0.961841 0.988136 0.916416 0.896476 0.885465 0.964832 0.973290 0.926784 0.826133 0.776929 0.736043 0.819233 0.760787 0.614294 0.571733 0.854885 0.859355 0.677692 0.625449 0.732653 0.546850 0.807525 0.888895 0.889714 0.735478 0.829749 0.725341 0.708590 0.658976 0.614305 0.997766
0.986420 0.936118 0.757153 0.841078 0.965365 0.946956 0.868410 0.901732 0.836057 0.954522 0.847868 0.959889 0.796278 0.966259 0.788180 0.879556 0.832111 0.878076 0.947267 0.960932 0.981748 0.873519 0.856478 0.819779 0.898647 0.873431 0.975815 0.871707 0.998105 0.938615 0.912528 0.990525 0.895731 0.954816 0.000000 0.989516 0.913019 0.828664 0.986699 0.807243 0.679085 0.941251 0.832212 0.866826 0.825829 0.824586 0.887045 0.807174 0.895691 0.774034 0.788628 0.776946 0.836493 0.871864 0.866093 0.823450 0.983069 0.973298 0.917961 0.825667 0.820236 0.775045 0.971085 0.912659 0.745704 0.846152 0.854988 0.816573 0.866856 0.902607 0.899040 0.944410 0.851308 0.992631 0.855657 0.908721 0.723749 0.984418 0.959784 0.890347 0.954899 0.976525 0.944750 0.993488 0.868756 0.856952 0.801556 0.920247 0.874109 0.828655 0.997663 0.925298 0.926331 0.905562 0.938187 0.850639 0.906900 0.928428 0.891669 0.870699 0.796557 0.975725 0.983716 0.960905 0.979103 0.905598 0.976449 0.868799 0.967510 0.984605 0.890758 0.902360 0.804543 0.879800 0.830742 0.943223
0.970926 0.987449 0.839170 0.880715 0.739328 0.919324 0.843223 0.899373 0.810336 0.932073 0.965133 0.967120 0.991185 0.853409 0.958288 0.997576 0.848549 0.890905 0.878792 0.966360 0.820304 0.849880 0.997347 0.942758 0.800308 0.768469 0.979674 0.937248 0.873504 0.791809 0.907955 0.891822 0.923354 0.775927 0.989516 0.000000 0.915393 0.948480 0.930931 0.924890 0.770569 0.953989 0.916506 0.878743 0.783446 0.841512 0.882324 0.805702 0.868182 0.855023 0.798786 0.833917 0.769195 0.735123 0.873229 0.823398 0.913664 0.998300 0.798376 0.969606 0.810447 0.919336 0.811512 0.836305 0.815513 0.960537 0.762409 0.734440 0.865948 0.990045 0.989320 0.986014 0.970345 0.996307 0.861586 0.963114 0.935280 0.996289 0.907679 0.990664 0.970511 0.888280 0.921557 0.967142 0.991096 0.943615 0.888612 0.853542 0.991129 0.903566 0.936971 0.871941 0.920977 0.962596 0.988773 0.811057 0.978905 0.760297 0.852700 0.762999 0.821666 0.914762 0.831197 0.747924 0.923520 0.907144 0.918348 0.916772 0.911592 0.932167 0.923155 0.703576 0.987381 0.994871 0.992134 0.904238
0.908275 0.855165 0.667719 0.617296 0.957376 0.849794 0.900304 0.948383 0.990788 0.793307 0.951210 0.856570 0.951766 0.814368 0.789395 0.654372 0.947995 0.937627 0.929257 0.841503 0.813419 0.919662 0.912850 0.761761 0.683339 0.761171 0.703293 0.862269 0.974598 0.841698 0.934550 0.946835 0.930239 0.989063 0.913019 0.915393 0.000000 0.721140 0.723068 0.781726 0.989135 0.984121 0.842217 0.940467 0.676433 0.740797 0.838559 0.960968 0.695793 0.738581 0.722453 0.804921 0.745324 0.765158 0.958702 0.893700 0.889860 0.862162 0.806144 0.798135 0.912549 0.930974 0.867962 0.970637 0.729553 0.711021 0.761075 0.887590 0.800004 0.871523 0.935709 0.880179 0.843500 0.978204 0.925437 0.966477 0.989892 0.922807 0.988446 0.973113 0.972144 0.941697 0.855998 0.913208 0.982597 0.749290 0.978145 0.935772 0.854323 0.904763 0.724008 0.700103 0.699837 0.799238 0.951466 0.854636 0.830815 0.998990 0.720762 0.888808 0.680416 0.898870 0.847492 0.966932 0.881524 0.867680 0.930711 0.929504 0.817734 0.943709 0.738412 0.842823 0.872042 0.953918 0.908336 0.995093
0.911259 0.840964 0.816258 0.696392 0.880934 0.910961 0.764862 0.990010 0.889386 0.682618 0.980680 0.922615 0.953489 0.830084 0.964457 0.766423 0.997751 0.944707 0.868438 0.803889 0.795335 0.990503 0.922551 0.699023 0.618960 0.622692 0.755284 0.736993 0.997559 0.962932 0.894775 0.955420 0.858313 0.938013 0.828664 0.948480 0.721140 0.000000 0.746192 0.920313 0.907571 0.707341 0.672152 0.769187 0.575324 0.587100 0.699364 0.725075 0.631072 0.609867 0.640985 0.612261 0.657481 0.652410 0.857810 0.789501 0.841320 0.854145 0.661014 0.779548 0.732516 0.957428 0.830883 0.913599 0.755464 0.687098 0.628469 0.683630 0.718389 0.705232 0.882006 0.859489 0.892549 0.967003 0.936989 0.819085 0.866750 0.934452 0.982642 0.997665 0.982213 0.766483 0.809308 0.779572 0.962885 0.783776 0.842562 0.962007 0.754324 0.837951 0.720918 0.617982 0.763699 0.823987 0.943767 0.985379 0.831264 0.994542 0.629484 0.645611 0.746413 0.724459 0.669146 0.825739 0.863578 0.945730 0.977689 0.922343 0.907185 0.970370 0.806339 0.634227 0.732840 0.975869 0.869254 0.812200
