0.000000 0.299614 0.451375 0.403031 0.756830 0.720739 0.410028 0.328426 0.601977 0.559638 0.372214 0.276688 0.291684 0.458301 0.490745 0.525853 0.296220 0.295459 0.314693 0.283874 0.689701 0.772030 0.557531 0.601332 0.870350 0.721321 0.916265 0.951909 0.340531 0.287840 0.474205 0.554041 0.375267 0.339354 0.770360 0.757463 0.712879 0.723251 0.788667 0.843790 0.942421 0.855519 0.391656 0.371053 0.353434 0.298697 0.325288 0.355830 0.625344 0.339123 0.315784 0.359031 0.506135 0.505856 0.560103 0.647128 0.389723 0.356733 0.246781 0.309236 0.256066 0.338910 0.256873 0.282995 0.515237 0.367228 0.356832 0.284011 0.521405 0.418066 0.576782 0.548198 0.496192 0.441096 0.830305 0.731591 0.561655 0.531660 0.376811 0.420439 0.261562 0.299454 0.500256 0.494643 0.457073 0.448608 0.945198 0.684458 0.642002 0.601371 0.641886 0.731314 0.656355 0.864362 0.617600 0.602012 0.567933 0.711310 0.393708 0.407494 0.600487 0.759945 0.513311 0.589860 0.530135 0.630742 0.962147 0.743183 0.705067 0.669022 0.852512 0.510443 0.484064 0.647911 0.659643 0.930398
0.299614 0.000000 0.598366 0.535628 0.785583 0.868829 0.522662 0.391079 0.761972 0.595380 0.464206 0.345567 0.441229 0.498131 0.623908 0.629737 0.284386 0.322358 0.383879 0.364647 0.728083 0.779944 0.704927 0.743689 0.964145 0.816765 0.797018 0.977157 0.310929 0.325613 0.550473 0.668134 0.430335 0.420131 0.880813 0.668371 0.721036 0.723010 0.843078 0.749039 0.969583 0.604095 0.435015 0.413141 0.418849 0.411074 0.464932 0.396152 0.633749 0.463602 0.374517 0.425015 0.670190 0.540658 0.703708 0.736545 0.303316 0.251208 0.306510 0.350882 0.376592 0.401328 0.331323 0.244954 0.665754 0.498045 0.462920 0.354634 0.512577 0.317763 0.651080 0.531305 0.536441 0.507975 0.971695 0.739859 0.619691 0.481869 0.527801 0.560994 0.316513 0.396812 0.541034 0.499578 0.604806 0.570381 0.964241 0.886944 0.733705 0.661929 0.765976 0.774956 0.712362 0.847723 0.563970 0.732725 0.689968 0.516414 0.462606 0.459809 0.662436 0.796145 0.604291 0.530996 0.516391 0.651986 0.960042 0.781084 0.892794 0.722721 0.795245 0.507992 0.644657 0.637244 0.712983 0.840880
0.451375 0.598366 0.000000 0.195877 0.769047 0.678256 0.254959 0.323780 0.423699 0.592455 0.506714 0.512410 0.366737 0.606631 0.466285 0.525788 0.631535 0.511824 0.414117 0.480919 0.653612 0.732308 0.374159 0.379160 0.537620 0.430118 0.964628 0.926203 0.580575 0.524926 0.340520 0.367630 0.352472 0.409346 0.763790 0.939954 0.609614 0.917731 0.592980 0.860457 0.846899 0.938554 0.359344 0.359501 0.385424 0.414584 0.336577 0.452305 0.719288 0.560129 0.528477 0.506081 0.584869 0.571745 0.562182 0.674657 0.752393 0.771917 0.489887 0.584791 0.281511 0.410592 0.629484 0.671198 0.246878 0.226544 0.307413 0.285816 0.630660 0.621653 0.499223 0.648591 0.501475 0.531973 0.918993 0.795511 0.605449 0.657164 0.567236 0.562921 0.473050 0.374429 0.611315 0.593901 0.405790 0.324873 0.928912 0.660373 0.676027 0.537260 0.592358 0.693724 0.618655 0.719514 0.567221 0.662525 0.536197 0.697030 0.526038 0.465508 0.652168 0.674582 0.716965 0.629372 0.500509 0.637915 0.821466 0.816522 0.804257 0.855460 0.873194 0.566262 0.553280 0.817871 0.611642 0.928764
0.403031 0.535628 0.195877 0.000000 0.744078 0.629606 0.247437 0.257724 0.421429 0.570015 0.546472 0.431140 0.361628 0.495441 0.406527 0.421781 0.577191 0.464500 0.367858 0.459632 0.535035 0.677136 0.331728 0.351830 0.590491 0.422579 0.985846 0.903320 0.479723 0.453088 0.281738 0.327157 0.276593 0.296213 0.697044 0.907851 0.621326 0.927322 0.669644 0.936317 0.931294 0.857929 0.296233 0.285929 0.339920 0.363497 0.290336 0.431453 0.709552 0.532996 0.496069 0.426016 0.571873 0.523662 0.559111 0.680932 0.691800 0.713383 0.431878 0.526119 0.262749 0.348868 0.573103 0.580324 0.262881 0.198502 0.264856 0.243849 0.628722 0.566566 0.403711 0.537398 0.450746 0.484345 0.837063 0.752859 0.537448 0.614644 0.504747 0.523419 0.429315 0.326302 0.558117 0.450805 0.362561 0.280390 0.955938 0.702280 0.705342 0.500376 0.493257 0.619556 0.516628 0.644765 0.581968 0.689137 0.522659 0.648183 0.453326 0.393070 0.590297 0.667796 0.673991 0.541759 0.449361 0.595778 0.829066 0.826972 0.880517 0.882945 0.824813 0.475828 0.487764 0.693390 0.570872 0.963006
0.756830 0.785583 0.769047 0.744078 0.000000 0.702771 0.670585 0.667184 0.850629 0.818720 0.818500 0.729293 0.620865 0.819003 0.696032 0.673978 0.794719 0.828865 0.717569 0.835071 0.718726 0.696344 0.648227 0.730772 0.982058 0.930882 0.756662 0.831393 0.694096 0.751767 0.777116 0.908762 0.715753 0.688148 0.932711 0.986482 0.977030 0.871582 0.814950 0.936444 0.908184 0.875780 0.791828 0.738551 0.676993 0.664281 0.628347 0.669610 0.886891 0.750747 0.709260 0.677056 0.825041 0.614306 0.772942 0.754667 0.905719 0.926924 0.724225 0.771546 0.611703 0.669979 0.696918 0.773540 0.717174 0.653661 0.620399 0.681617 0.948853 0.815807 0.592132 0.719461 0.791575 0.852481 0.973371 0.800655 0.798933 0.918399 0.946663 0.876019 0.640980 0.677765 0.681093 0.748684 0.614007 0.644989 0.868654 0.920612 0.875196 0.834189 0.809426 0.811202 0.778323 0.916265 0.916596 0.834697 0.854051 0.893790 0.789255 0.718446 0.853551 0.881620 0.823616 0.859353 0.712685 0.779018 0.944214 0.963419 0.844859 0.994717 0.998936 0.825416 0.772143 0.805026 0.805447 0.957683
0.720739 0.868829 0.678256 0.629606 0.702771 0.000000 0.538027 0.592999 0.630351 0.665008 0.732949 0.719478 0.630746 0.812946 0.725848 0.623792 0.820241 0.763615 0.694779 0.778096 0.702371 0.958125 0.657858 0.690771 0.935366 0.896420 0.878086 0.816752 0.762520 0.803014 0.688253 0.765909 0.708869 0.681857 0.678169 0.995623 0.971536 0.724636 0.946829 0.769892 0.936581 0.973659 0.633052 0.653166 0.604690 0.632648 0.605732 0.627416 0.941436 0.820860 0.860264 0.745797 0.775873 0.732271 0.858272 0.918385 0.986165 0.952797 0.782857 0.794940 0.648104 0.715756 0.767887 0.875219 0.778459 0.633709 0.558251 0.691810 0.810186 0.811105 0.663522 0.610527 0.783507 0.870166 0.777497 0.821131 0.691279 0.814430 0.717705 0.797581 0.674692 0.600545 0.869441 0.678593 0.711334 0.692835 0.936429 0.875042 0.984497 0.837427 0.579907 0.678966 0.573018 0.693903 0.697545 0.784587 0.657119 0.927269 0.743189 0.691263 0.742673 0.662354 0.842316 0.786932 0.629207 0.860517 0.873445 0.955635 0.898294 0.967005 0.812369 0.709484 0.707986 0.733956 0.748726 0.888426
0.410028 0.522662 0.254959 0.247437 0.670585 0.538027 0.000000 0.196806 0.410442 0.400125 0.412369 0.456113 0.367960 0.600923 0.512951 0.549943 0.413955 0.333490 0.271985 0.425114 0.605697 0.663918 0.468783 0.531903 0.787667 0.665064 0.977394 0.893955 0.464836 0.426505 0.441043 0.382995 0.301774 0.280008 0.799113 0.885316 0.753912 0.998166 0.858716 0.894524 0.999519 0.855845 0.256797 0.229225 0.271542 0.326758 0.327283 0.373558 0.791115 0.615413 0.538071 0.546609 0.691701 0.513705 0.627165 0.776196 0.559080 0.659687 0.435359 0.635464 0.294648 0.492304 0.485180 0.556475 0.421052 0.312205 0.194359 0.247685 0.581095 0.598724 0.406408 0.483685 0.525373 0.532886 0.897736 0.717312 0.477856 0.552204 0.496495 0.528702 0.359071 0.304282 0.581071 0.548392 0.461517 0.432609 0.887642 0.763386 0.791406 0.734599 0.398553 0.431262 0.432102 0.475995 0.511511 0.643813 0.489144 0.649196 0.409977 0.342051 0.556800 0.489147 0.602155 0.441960 0.449383 0.568901 0.784535 0.792624 0.804998 0.826288 0.743887 0.438756 0.432517 0.650017 0.638012 0.944246
0.328426 0.391079 0.323780 0.257724 0.667184 0.592999 0.196806 0.000000 0.511932 0.344494 0.422004 0.311405 0.314449 0.446663 0.435380 0.462193 0.354105 0.292583 0.304826 0.359940 0.625085 0.689588 0.474726 0.511695 0.851087 0.712893 0.866406 0.883954 0.368963 0.335500 0.465032 0.420749 0.277400 0.255382 0.815577 0.897205 0.769802 0.911436 0.836151 0.894718 0.979838 0.774010 0.259380 0.245724 0.265995 0.290227 0.331969 0.368513 0.666325 0.524052 0.457810 0.449063 0.634916 0.502174 0.628702 0.766173 0.459644 0.504623 0.324512 0.477004 0.239032 0.320377 0.404940 0.369206 0.441864 0.274529 0.230258 0.242594 0.654027 0.466085 0.446889 0.518893 0.558763 0.561173 0.922813 0.688220 0.531137 0.489441 0.425879 0.574980 0.331126 0.331545 0.562254 0.495163 0.459374 0.416090 0.942256 0.802159 0.779515 0.625128 0.424871 0.490289 0.417020 0.598426 0.458727 0.594574 0.486264 0.575746 0.336962 0.266709 0.481814 0.586389 0.544706 0.433310 0.409494 0.507760 0.835321 0.729058 0.839280 0.732356 0.741317 0.369505 0.395753 0.612597 0.646127 0.900701
0.601977 0.761972 0.423699 0.421429 0.850629 0.630351 0.410442 0.511932 0.000000 0.640378 0.721238 0.670524 0.594068 0.719205 0.633481 0.572014 0.720441 0.694196 0.547520 0.594466 0.698788 0.777220 0.500881 0.533398 0.652859 0.639221 0.883724 0.951139 0.747323 0.679516 0.504968 0.406700 0.527695 0.528361 0.759799 0.988105 0.828650 0.924443 0.776155 0.916256 0.851405 0.883435 0.448894 0.462521 0.486239 0.522864 0.446195 0.562156 0.819757 0.641093 0.559565 0.578802 0.594222 0.539649 0.714413 0.716484 0.850638 0.940634 0.609713 0.768519 0.525882 0.696384 0.730563 0.823561 0.520511 0.501470 0.413866 0.527903 0.635169 0.734191 0.508630 0.689217 0.543816 0.589044 0.908808 0.770911 0.680991 0.661628 0.705205 0.570592 0.630896 0.561528 0.728142 0.758376 0.601400 0.556001 0.733076 0.707602 0.808169 0.748587 0.502682 0.600804 0.495535 0.633406 0.612729 0.721347 0.535036 0.736092 0.506946 0.557241 0.625422 0.640052 0.769929 0.660974 0.626851 0.650179 0.937511 0.771781 0.948594 0.972157 0.759283 0.640508 0.611817 0.976716 0.660218 0.941151
0.559638 0.595380 0.592455 0.570015 0.818720 0.665008 0.400125 0.344494 0.640378 0.000000 0.526873 0.498039 0.592299 0.643967 0.685923 0.716792 0.428284 0.440044 0.517650 0.526870 0.799899 0.839162 0.714328 0.771619 0.940667 0.922113 0.958939 0.943762 0.549348 0.499031 0.707808 0.487949 0.459230 0.441133 0.860380 0.950692 0.951846 0.894082 0.942834 0.979387 0.949657 0.718335 0.468906 0.461726 0.460797 0.510670 0.637676 0.589782 0.746283 0.702697 0.680073 0.685320 0.835612 0.717353 0.817256 0.925763 0.548236 0.679630 0.473749 0.692183 0.540539 0.589442 0.578772 0.545690 0.729956 0.573794 0.466580 0.499619 0.708290 0.559743 0.625502 0.658819 0.772915 0.763769 0.888758 0.778856 0.664638 0.556235 0.563529 0.599674 0.510483 0.577112 0.744496 0.665202 0.748038 0.726117 0.967705 0.900250 0.957461 0.885641 0.538229 0.544230 0.541671 0.651603 0.582566 0.630431 0.529793 0.586889 0.391627 0.409967 0.543234 0.491207 0.573433 0.494453 0.708514 0.566548 0.861963 0.747408 0.970789 0.815314 0.706267 0.512208 0.578135 0.782706 0.761461 0.869545
0.372214 0.464206 0.506714 0.546472 0.818500 0.732949 0.412369 0.422004 0.721238 0.526873 0.000000 0.390459 0.450405 0.605150 0.728706 0.750670 0.357360 0.266264 0.291980 0.307528 0.737582 0.805966 0.846800 0.766628 0.925559 0.874866 0.998011 0.874997 0.451860 0.343612 0.653731 0.630775 0.555273 0.436305 0.931209 0.877406 0.912884 0.840118 0.868625 0.775558 0.946910 0.948339 0.547318 0.492800 0.544573 0.544405 0.535689 0.550955 0.919333 0.660314 0.625962 0.722647 0.794046 0.675651 0.794126 0.997280 0.401174 0.459418 0.527109 0.601320 0.440317 0.598869 0.348108 0.439581 0.731104 0.567962 0.535074 0.410916 0.633455 0.701798 0.718625 0.706768 0.726020 0.647242 0.974648 0.798808 0.686990 0.551131 0.586663 0.529904 0.406487 0.443715 0.592354 0.672143 0.784820 0.737018 0.967330 0.818782 0.910416 0.913369 0.713648 0.712062 0.753707 0.737681 0.706988 0.731220 0.755622 0.890200 0.599914 0.533177 0.670707 0.632928 0.593670 0.516051 0.702697 0.804924 0.848564 0.825833 0.955057 0.805868 0.839568 0.588612 0.587684 0.732517 0.831068 0.918885
0.276688 0.345567 0.512410 0.431140 0.729293 0.719478 0.456113 0.311405 0.670524 0.498039 0.390459 0.000000 0.266182 0.296745 0.351726 0.410371 0.348383 0.339527 0.402727 0.371437 0.638460 0.770102 0.527914 0.550727 0.978830 0.847677 0.970261 0.865239 0.300821 0.284757 0.515575 0.563166 0.397190 0.385894 0.803238 0.863994 0.817566 0.733539 0.796821 0.851988 0.944429 0.852172 0.501478 0.484371 0.394242 0.419498 0.431400 0.435992 0.666862 0.485583 0.432351 0.437872 0.671351 0.615001 0.680095 0.762718 0.460998 0.469359 0.366431 0.406685 0.260596 0.288459 0.299990 0.250447 0.566579 0.393174 0.453541 0.352994 0.726773 0.493722 0.628295 0.682156 0.587185 0.560559 0.901075 0.725947 0.617041 0.490675 0.459801 0.577271 0.384950 0.455153 0.461044 0.568239 0.513600 0.521066 0.953216 0.857295 0.744207 0.616178 0.757239 0.823246 0.712565 0.987466 0.611773 0.696861 0.669822 0.610343 0.468197 0.409289 0.651500 0.851977 0.572837 0.589545 0.550129 0.537552 0.938789 0.728853 0.843760 0.646810 0.751639 0.532138 0.584434 0.610930 0.661419 0.902813
0.291684 0.441229 0.366737 0.361628 0.620865 0.630746 0.367960 0.314449 0.594068 0.592299 0.450405 0.266182 0.000000 0.319792 0.256723 0.297344 0.422034 0.452625 0.388620 0.455234 0.630240 0.779201 0.324766 0.373983 0.804601 0.733734 0.949851 0.930840 0.404345 0.384341 0.417962 0.506854 0.394374 0.414056 0.757891 0.878645 0.722487 0.817188 0.713142 0.864584 0.898670 0.978675 0.430904 0.431561 0.384453 0.396176 0.393008 0.421393 0.778400 0.485569 0.408781 0.442150 0.566325 0.555303 0.564096 0.764250 0.570479 0.602525 0.376324 0.490960 0.194973 0.310545 0.334656 0.368514 0.366530 0.317809 0.352808 0.322127 0.716282 0.561754 0.535538 0.570540 0.524356 0.559948 0.893494 0.657662 0.603369 0.598680 0.502045 0.653369 0.370190 0.424334 0.403599 0.588905 0.367954 0.365647 0.821796 0.722662 0.672225 0.606383 0.698196 0.796948 0.626455 0.928557 0.660617 0.738265 0.652255 0.726575 0.539975 0.477935 0.689915 0.806774 0.596290 0.684084 0.463809 0.574847 0.928502 0.733542 0.685957 0.735851 0.809130 0.562569 0.577823 0.636669 0.618725 0.987833
0.458301 0.498131 0.606631 0.495441 0.819003 0.812946 0.600923 0.446663 0.719205 0.643967 0.605150 0.296745 0.319792 0.000000 0.262511 0.273157 0.548622 0.523190 0.496820 0.566289 0.665038 0.763186 0.445840 0.423291 0.878730 0.775099 0.983161 0.852762 0.403694 0.419943 0.489742 0.599053 0.487687 0.504517 0.829649 0.948421 0.749750 0.771452 0.822392 0.821351 0.954868 0.770825 0.540042 0.543293 0.598410 0.594171 0.600994 0.586682 0.774530 0.611810 0.506145 0.496720 0.686611 0.625337 0.759397 0.944722 0.610221 0.620650 0.472302 0.584768 0.395390 0.432883 0.414312 0.375937 0.538661 0.469743 0.531836 0.489994 0.991180 0.588247 0.609356 0.682104 0.720935 0.628758 0.983545 0.655789 0.579930 0.580597 0.557747 0.742588 0.598309 0.689355 0.452525 0.666664 0.534570 0.498979 0.867794 0.839376 0.802828 0.656735 0.739438 0.810161 0.630125 0.931724 0.685292 0.814382 0.831229 0.610714 0.577260 0.537902 0.664589 0.899607 0.616160 0.778236 0.548510 0.571253 0.940921 0.631850 0.825850 0.726473 0.840898 0.635272 0.639440 0.704770 0.595308 0.925456
0.490745 0.623908 0.466285 0.406527 0.696032 0.725848 0.512951 0.435380 0.633481 0.685923 0.728706 0.351726 0.256723 0.262511 0.000000 0.225684 0.647974 0.660143 0.588833 0.671015 0.649070 0.769424 0.220964 0.297447 0.657871 0.670875 0.971027 0.940457 0.495516 0.507944 0.374624 0.498219 0.439494 0.502638 0.653656 0.982102 0.673707 0.860696 0.746101 0.935529 0.916193 0.959084 0.527227 0.553162 0.499123 0.513734 0.485193 0.526335 0.743742 0.566175 0.508957 0.446933 0.613083 0.617314 0.535201 0.701750 0.819475 0.828901 0.518129 0.588600 0.303855 0.358905 0.512736 0.522905 0.345336 0.342863 0.432335 0.436916 0.950330 0.629889 0.550146 0.701406 0.530998 0.605177 0.881814 0.710009 0.586067 0.681432 0.586060 0.760110 0.549844 0.584648 0.437925 0.651018 0.308381 0.339553 0.796032 0.696856 0.726885 0.551656 0.752635 0.875023 0.652223 0.996520 0.711034 0.823540 0.727884 0.680508 0.619195 0.556664 0.720332 0.951692 0.744859 0.880098 0.466730 0.532796 0.943143 0.675252 0.782219 0.784460 0.856923 0.614162 0.665674 0.775800 0.557681 0.910643
0.525853 0.629737 0.525788 0.421781 0.673978 0.623792 0.549943 0.462193 0.572014 0.716792 0.750670 0.410371 0.297344 0.273157 0.225684 0.000000 0.691235 0.687681 0.573788 0.704940 0.609934 0.792916 0.249982 0.275342 0.694036 0.711263 0.924897 0.854517 0.534127 0.572418 0.415035 0.530468 0.477628 0.541086 0.746291 0.974281 0.798000 0.841846 0.761679 0.934408 0.896406 0.923666 0.483114 0.529153 0.543161 0.522222 0.501440 0.514833 0.843530 0.580203 0.482062 0.426687 0.555619 0.494825 0.668665 0.755020 0.839887 0.857754 0.514194 0.622714 0.361026 0.435475 0.539406 0.549020 0.422273 0.385116 0.448005 0.493113 0.904461 0.685792 0.464818 0.594858 0.582379 0.671503 0.818514 0.718173 0.609845 0.687894 0.616413 0.719987 0.592682 0.614791 0.470779 0.645151 0.392300 0.332417 0.874098 0.777779 0.793091 0.663502 0.654209 0.731409 0.538711 0.891287 0.723712 0.798831 0.778066 0.681408 0.651412 0.585640 0.740355 0.802162 0.748511 0.869775 0.488709 0.589342 0.993032 0.770049 0.838945 0.857041 0.926875 0.679567 0.664181 0.684652 0.583467 0.996177
0.296220 0.284386 0.631535 0.577191 0.794719 0.820241 0.413955 0.354105 0.720441 0.428284 0.357360 0.348383 0.422034 0.548622 0.647974 0.691235 0.000000 0.213914 0.297805 0.364999 0.732157 0.717242 0.749245 0.828995 0.912214 0.936901 0.909602 0.953184 0.284398 0.278470 0.661093 0.575574 0.423951 0.365920 0.947124 0.697706 0.843488 0.747470 0.901478 0.676070 0.830275 0.673568 0.430936 0.370127 0.400453 0.436662 0.497224 0.428308 0.764038 0.557884 0.449180 0.545563 0.728867 0.601628 0.697993 0.848262 0.199795 0.293889 0.342888 0.498645 0.424499 0.548558 0.253249 0.249816 0.728828 0.594454 0.424823 0.357967 0.550696 0.485642 0.592782 0.505702 0.648429 0.572239 0.987908 0.769764 0.557300 0.445755 0.426085 0.512717 0.287626 0.452915 0.550285 0.597003 0.656724 0.692577 0.988622 0.905192 0.801978 0.848847 0.639380 0.633004 0.648849 0.761565 0.639384 0.729057 0.681454 0.572269 0.402335 0.384572 0.723210 0.736777 0.473435 0.398462 0.593299 0.571221 0.960105 0.710251 0.891541 0.621361 0.694521 0.467404 0.578897 0.592620 0.773182 0.950067
0.295459 0.322358 0.511824 0.464500 0.828865 0.763615 0.333490 0.292583 0.694196 0.440044 0.266264 0.339527 0.452625 0.523190 0.660143 0.687681 0.213914 0.000000 0.209049 0.254840 0.736087 0.680548 0.787562 0.806786 0.941838 0.838865 0.890291 0.878249 0.262168 0.243032 0.634489 0.536715 0.371546 0.303541 0.983759 0.822205 0.823477 0.825782 0.923201 0.678499 0.988342 0.697277 0.365888 0.305344 0.396691 0.401803 0.446345 0.423606 0.762828 0.580292 0.484594 0.556221 0.740554 0.583438 0.737089 0.848730 0.247413 0.293345 0.385793 0.516902 0.378487 0.531910 0.252318 0.280940 0.691112 0.503473 0.397321 0.338098 0.596048 0.535026 0.631361 0.606414 0.667044 0.525513 0.941995 0.729467 0.569597 0.478195 0.431281 0.489639 0.323867 0.364987 0.550720 0.535818 0.673635 0.646100 0.989471 0.921895 0.864129 0.804090 0.562379 0.554295 0.601374 0.656681 0.610339 0.625963 0.668996 0.643598 0.361649 0.341668 0.612353 0.646385 0.534411 0.375204 0.548428 0.636002 0.813428 0.732815 0.918269 0.669806 0.805389 0.410298 0.457665 0.596778 0.694585 0.989280
0.314693 0.383879 0.414117 0.367858 0.717569 0.694779 0.271985 0.304826 0.547520 0.517650 0.291980 0.402727 0.388620 0.496820 0.588833 0.573788 0.297805 0.209049 0.000000 0.288529 0.686123 0.662737 0.638388 0.656151 0.908092 0.752761 0.929307 0.884333 0.336880 0.272117 0.516565 0.509727 0.392129 0.276757 0.908263 0.802091 0.746177 0.924845 0.844923 0.718741 0.995328 0.760046 0.328996 0.270218 0.377734 0.382888 0.382396 0.412386 0.777395 0.509876 0.433120 0.491132 0.650691 0.464818 0.684139 0.842599 0.387696 0.449906 0.384539 0.556879 0.335421 0.538780 0.319664 0.398913 0.544790 0.441890 0.337236 0.320794 0.547257 0.527949 0.514714 0.541081 0.599058 0.509048 0.946827 0.604150 0.553257 0.555095 0.497616 0.445424 0.336540 0.348606 0.612147 0.568054 0.567497 0.547810 0.921377 0.837364 0.842003 0.797816 0.526649 0.531495 0.562173 0.601004 0.580124 0.666805 0.680814 0.656631 0.383677 0.381682 0.640052 0.625413 0.527807 0.438626 0.531737 0.642819 0.936755 0.782305 0.804300 0.786007 0.855544 0.415817 0.470907 0.626187 0.661828 0.964683
0.283874 0.364647 0.480919 0.459632 0.835071 0.778096 0.425114 0.359940 0.594466 0.526870 0.307528 0.371437 0.455234 0.566289 0.671015 0.704940 0.364999 0.254840 0.288529 0.000000 0.774680 0.700216 0.755889 0.759468 0.989311 0.769720 0.902445 0.885749 0.360397 0.308478 0.629251 0.556078 0.428001 0.346225 0.903143 0.910350 0.817470 0.829708 0.860801 0.745253 0.884235 0.869442 0.459233 0.391644 0.468210 0.453192 0.449966 0.436855 0.708523 0.491151 0.488843 0.540259 0.655306 0.610003 0.743848 0.786952 0.381827 0.370370 0.406857 0.462725 0.390295 0.478642 0.368360 0.396934 0.641070 0.486159 0.493524 0.394494 0.535300 0.496719 0.717118 0.747092 0.626413 0.538683 0.909846 0.715890 0.656380 0.617608 0.550143 0.486937 0.435286 0.376060 0.631521 0.630674 0.707435 0.651243 0.862781 0.879163 0.768888 0.694690 0.680353 0.691453 0.728452 0.807912 0.605313 0.691178 0.675182 0.727823 0.406927 0.400544 0.546701 0.691428 0.640432 0.497932 0.639327 0.673929 0.898253 0.716366 0.828838 0.754188 0.794785 0.493837 0.520884 0.735141 0.758143 0.920122
0.689701 0.728083 0.653612 0.535035 0.718726 0.702371 0.605697 0.625085 0.698788 0.799899 0.737582 0.638460 0.630240 0.665038 0.649070 0.609934 0.732157 0.736087 0.686123 0.774680 0.000000 0.711042 0.588884 0.590695 0.894652 0.725117 0.867060 0.890700 0.712412 0.777534 0.570527 0.722242 0.596102 0.549590 0.718166 0.998008 0.736575 0.918254 0.986802 0.922226 0.890039 0.928081 0.595041 0.590562 0.651719 0.655355 0.565330 0.663323 0.957911 0.727372 0.743481 0.682702 0.751208 0.671571 0.806683 0.907595 0.840519 0.825573 0.667525 0.694777 0.613657 0.663521 0.707769 0.733500 0.617660 0.537189 0.590197 0.569958 0.926867 0.822850 0.521170 0.582931 0.662165 0.675148 0.845781 0.815993 0.645864 0.625745 0.793174 0.729016 0.684836 0.681408 0.586241 0.670928 0.648074 0.626357 0.937016 0.904021 0.881885 0.812468 0.662364 0.762270 0.577947 0.741015 0.838423 0.848547 0.796414 0.825409 0.726140 0.652171 0.763685 0.773821 0.699200 0.650502 0.602672 0.760881 0.852130 0.721216 0.994698 0.922314 0.927717 0.768812 0.790610 0.757309 0.794239 0.907032
0.772030 0.779944 0.732308 0.677136 0.696344 0.958125 0.663918 0.689588 0.777220 0.839162 0.805966 0.770102 0.779201 0.763186 0.769424 0.792916 0.717242 0.680548 0.662737 0.700216 0.711042 0.000000 0.763784 0.776657 0.979815 0.825110 0.881880 0.783651 0.618227 0.705706 0.776042 0.626250 0.591490 0.697255 0.939770 0.951065 0.995785 0.936257 0.902913 0.813687 0.971943 0.958372 0.699798 0.630477 0.709560 0.716148 0.716899 0.752399 0.813459 0.826463 0.748697 0.786865 0.902790 0.690030 0.762399 0.814071 0.751945 0.768175 0.815810 0.818651 0.690486 0.838013 0.749099 0.753439 0.753472 0.711784 0.640977 0.633052 0.875295 0.841189 0.701747 0.749364 0.808301 0.681498 0.869546 0.991518 0.747075 0.768030 0.952072 0.729110 0.745737 0.714363 0.759296 0.821375 0.761221 0.717459 0.911771 0.886134 0.796007 0.731778 0.706620 0.776341 0.788628 0.802440 0.843512 0.982988 0.903834 0.803677 0.722714 0.650554 0.841113 0.887968 0.847250 0.715369 0.884554 0.692324 0.915836 0.817087 0.916728 0.932174 0.813929 0.774335 0.771768 0.761639 0.787959 0.926269
0.557531 0.704927 0.374159 0.331728 0.648227 0.657858 0.468783 0.474726 0.500881 0.714328 0.846800 0.527914 0.324766 0.445840 0.220964 0.249982 0.749245 0.787562 0.638388 0.755889 0.588884 0.763784 0.000000 0.237512 0.443369 0.511411 0.900390 0.965911 0.620053 0.661226 0.289788 0.447602 0.388151 0.532743 0.578694 0.960487 0.632304 0.922473 0.684855 0.978481 0.955277 0.994494 0.453972 0.519099 0.471702 0.480899 0.411219 0.514183 0.753791 0.575954 0.514397 0.421513 0.546026 0.585751 0.485012 0.611231 0.947032 0.955020 0.512993 0.603344 0.324698 0.389988 0.636917 0.671921 0.235379 0.287941 0.350571 0.406450 0.829498 0.620539 0.435389 0.597354 0.458950 0.603385 0.845929 0.791773 0.553092 0.762711 0.590243 0.712286 0.533034 0.546488 0.465890 0.590131 0.222873 0.224546 0.834926 0.664812 0.667874 0.522864 0.676701 0.823803 0.580153 0.951752 0.665755 0.777003 0.648960 0.686646 0.637388 0.584850 0.791607 0.872461 0.804000 0.878785 0.458771 0.542737 0.972234 0.801539 0.737855 0.871328 0.892844 0.671723 0.689467 0.795670 0.547258 0.990624
0.601332 0.743689 0.379160 0.351830 0.730772 0.690771 0.531903 0.511695 0.533398 0.771619 0.766628 0.550727 0.373983 0.423291 0.297447 0.275342 0.828995 0.806786 0.656151 0.759468 0.590695 0.776657 0.237512 0.000000 0.505662 0.488696 0.973700 0.944654 0.628044 0.671486 0.331816 0.451435 0.519597 0.556489 0.625796 0.965124 0.727062 0.917137 0.689879 0.955259 0.980817 0.999262 0.527612 0.598913 0.572207 0.546749 0.501016 0.600819 0.764981 0.648754 0.550160 0.512673 0.546782 0.578623 0.554907 0.695684 0.986152 0.997286 0.572035 0.691801 0.386287 0.474562 0.662985 0.730384 0.323129 0.337566 0.456215 0.485093 0.950440 0.714979 0.527822 0.713487 0.580841 0.688231 0.923958 0.781601 0.662925 0.750877 0.702947 0.710510 0.581720 0.585689 0.530305 0.610174 0.333669 0.289627 0.786292 0.583429 0.718091 0.569989 0.700970 0.810228 0.630360 0.894954 0.756594 0.908427 0.742476 0.749769 0.755494 0.658544 0.729873 0.903416 0.871472 0.899237 0.579537 0.732472 0.928798 0.777002 0.818628 0.941812 0.962952 0.755603 0.684559 0.834644 0.549041 0.980728
0.870350 0.964145 0.537620 0.590491 0.982058 0.935366 0.787667 0.851087 0.652859 0.940667 0.925559 0.978830 0.804601 0.878730 0.657871 0.694036 0.912214 0.941838 0.908092 0.989311 0.894652 0.979815 0.443369 0.505662 0.000000 0.369152 0.838628 0.972426 0.986224 0.995947 0.500539 0.642597 0.747828 0.866329 0.593756 0.970329 0.591511 0.996401 0.684667 0.979018 0.830673 0.950202 0.710014 0.792602 0.833868 0.788062 0.653902 0.852523 0.847202 0.816047 0.786733 0.678465 0.650766 0.863796 0.538767 0.674237 0.820999 0.892367 0.817540 0.818071 0.721927 0.724727 0.970846 0.950526 0.425061 0.573199 0.689913 0.740396 0.836835 0.830908 0.793766 0.915458 0.597241 0.777970 0.860550 0.991858 0.805282 0.939315 0.853258 0.838058 0.824181 0.802332 0.840192 0.820836 0.467077 0.438296 0.991216 0.760065 0.798600 0.615299 0.921579 0.998135 0.832559 0.986185 0.721846 0.916749 0.853558 0.857886 0.930480 0.915113 0.895075 0.921905 0.867624 0.921282 0.667585 0.900427 0.966316 0.997130 0.879363 0.942899 0.868949 0.854369 0.872081 0.830891 0.689140 0.944884
0.721321 0.816765 0.430118 0.422579 0.930882 0.896420 0.665064 0.712893 0.639221 0.922113 0.874866 0.847677 0.733734 0.775099 0.670875 0.711263 0.936901 0.838865 0.752761 0.769720 0.725117 0.825110 0.511411 0.488696 0.369152 0.000000 0.959214 0.823890 0.781377 0.795697 0.430322 0.556891 0.542497 0.645988 0.678341 0.924306 0.549840 0.980734 0.618360 0.851587 0.866345 0.903145 0.578093 0.573641 0.638598 0.585892 0.506581 0.669203 0.680066 0.646265 0.617759 0.574075 0.553729 0.703164 0.551317 0.593816 0.998250 0.929785 0.668029 0.697224 0.605382 0.595895 0.884302 0.907254 0.359596 0.437148 0.579462 0.544986 0.757748 0.706083 0.697822 0.693411 0.525346 0.557998 0.857135 0.876109 0.611550 0.914237 0.846388 0.679025 0.740356 0.592549 0.758737 0.548016 0.474247 0.396838 0.945044 0.669767 0.661918 0.466599 0.739117 0.884997 0.791445 0.848443 0.717837 0.859393 0.681432 0.728085 0.717754 0.622865 0.806065 0.902760 0.869113 0.802179 0.603696 0.903480 0.857532 0.842510 0.957696 0.992368 0.975542 0.772008 0.694264 0.944831 0.611111 0.954020
0.916265 0.797018 0.964628 0.985846 0.756662 0.878086 0.977394 0.866406 0.883724 0.958939 0.998011 0.970261 0.949851 0.983161 0.971027 0.924897 0.909602 0.890291 0.929307 0.902445 0.867060 0.881880 0.900390 0.973700 0.838628 0.959214 0.000000 0.971308 0.874121 0.847494 0.986618 0.996050 0.962388 0.891276 0.928828 0.901245 0.998141 0.995839 0.905845 0.918938 0.923368 0.979924 0.949442 0.939837 0.891605 0.901118 0.925087 0.881305 0.828231 0.916933 0.856131 0.927294 0.993464 0.876515 0.903119 0.890092 0.802636 0.759695 0.873035 0.851169 0.904397 0.885206 0.875970 0.803259 0.981479 0.958925 0.915939 0.964544 0.970544 0.800621 0.933371 0.900337 0.952787 0.969906 0.941200 0.877535 0.895852 0.965782 0.927053 0.942414 0.897304 0.886120 0.982831 0.868692 0.980901 0.976631 0.757988 0.940097 0.846760 0.806642 0.948065 0.973585 0.993122 0.979500 0.975145 0.887955 0.998934 0.829970 0.925184 0.920892 0.901473 0.896002 0.935065 0.837899 0.935675 0.905032 0.983719 0.912866 0.928865 0.859701 0.943834 0.830602 0.838244 0.976794 0.931352 0.915890
0.951909 0.977157 0.926203 0.903320 0.831393 0.816752 0.893955 0.883954 0.951139 0.943762 0.874997 0.865239 0.930840 0.852762 0.940457 0.854517 0.953184 0.878249 0.884333 0.885749 0.890700 0.783651 0.965911 0.944654 0.972426 0.823890 0.971308 0.000000 0.886975 0.950144 0.982515 0.980562 0.859832 0.954931 0.923534 0.968892 0.900442 0.962344 0.997770 0.828570 0.952164 0.889062 0.910613 0.825230 0.983304 0.976205 0.951809 0.984307 0.928795 0.912241 0.983807 0.962012 0.997820 0.938430 0.880585 0.854754 0.948660 0.936996 0.975048 0.992758 0.930372 0.958981 0.876807 0.888677 0.971466 0.927953 0.948916 0.964055 0.953495 0.934319 0.959242 0.860659 0.946639 0.974076 0.849333 0.954028 0.734662 0.949328 0.908146 0.965498 0.986073 0.945277 0.969192 0.961397 0.992120 0.921868 0.895918 0.850374 0.943556 0.912716 0.766633 0.814554 0.889716 0.782822 0.800763 0.959934 0.907883 0.813859 0.902823 0.821767 0.957618 0.816595 0.954024 0.786235 0.853288 0.925677 0.815808 0.956188 0.879653 0.919694 0.988948 0.902777 0.935836 0.984030 0.810735 0.919373
0.340531 0.310929 0.580575 0.479723 0.694096 0.762520 0.464836 0.368963 0.747323 0.549348 0.451860 0.300821 0.404345 0.403694 0.495516 0.534127 0.284398 0.262168 0.336880 0.360397 0.712412 0.618227 0.620053 0.628044 0.986224 0.781377 0.874121 0.886975 0.000000 0.253425 0.519373 0.559810 0.385948 0.337234 0.825510 0.853565 0.762010 0.805929 0.839496 0.702631 0.943314 0.730114 0.445570 0.397626 0.420866 0.438307 0.462441 0.405202 0.668069 0.534861 0.449859 0.465798 0.678349 0.577775 0.625799 0.706005 0.364547 0.413717 0.395301 0.452747 0.347021 0.459957 0.251533 0.273033 0.630890 0.474316 0.424280 0.361446 0.697988 0.482243 0.625345 0.601313 0.590788 0.524576 0.949938 0.758226 0.541106 0.526025 0.491101 0.510894 0.329597 0.416940 0.501339 0.460893 0.528801 0.555354 0.909860 0.866555 0.772229 0.615108 0.714514 0.746958 0.700232 0.900173 0.595446 0.787203 0.751670 0.596023 0.439282 0.389354 0.654477 0.862933 0.603948 0.485341 0.547307 0.550692 0.924123 0.745822 0.866747 0.668247 0.733338 0.495454 0.552979 0.566000 0.583984 0.950147
0.287840 0.325613 0.524926 0.453088 0.751767 0.803014 0.426505 0.335500 0.679516 0.499031 0.343612 0.284757 0.384341 0.419943 0.507944 0.572418 0.278470 0.243032 0.272117 0.308478 0.777534 0.705706 0.661226 0.671486 0.995947 0.795697 0.847494 0.950144 0.253425 0.000000 0.512433 0.528888 0.395697 0.284299 0.917036 0.810651 0.806897 0.823522 0.792562 0.775868 0.941294 0.825916 0.507372 0.396567 0.417404 0.430679 0.451321 0.446710 0.737729 0.499612 0.442619 0.487190 0.625335 0.532560 0.566751 0.769691 0.387770 0.392854 0.435083 0.519714 0.331268 0.451181 0.286750 0.289504 0.634182 0.481011 0.428121 0.368290 0.592729 0.441679 0.623622 0.642942 0.592053 0.498001 0.852231 0.692845 0.695354 0.575516 0.492543 0.501273 0.333948 0.347401 0.480428 0.446362 0.602653 0.563234 0.834385 0.688010 0.769154 0.674432 0.709350 0.788093 0.752337 0.879274 0.601130 0.788692 0.696373 0.612938 0.450334 0.426010 0.616641 0.748491 0.534877 0.509272 0.638967 0.633803 0.944181 0.775877 0.911402 0.744638 0.800503 0.541615 0.558522 0.687911 0.697666 0.983327
0.474205 0.550473 0.340520 0.281738 0.777116 0.688253 0.441043 0.465032 0.504968 0.707808 0.653731 0.515575 0.417962 0.489742 0.374624 0.415035 0.661093 0.634489 0.516565 0.629251 0.570527 0.776042 0.289788 0.331816 0.500539 0.430322 0.986618 0.982515 0.519373 0.512433 0.000000 0.380419 0.369672 0.417475 0.622357 0.852844 0.527598 0.811189 0.675818 0.985123 0.981851 0.858809 0.440874 0.436345 0.467716 0.459089 0.386046 0.463882 0.748021 0.563193 0.509366 0.447320 0.556393 0.553821 0.467927 0.645930 0.803106 0.781140 0.515069 0.536476 0.324630 0.403617 0.595444 0.616698 0.289301 0.264715 0.345602 0.347286 0.642436 0.506880 0.473216 0.532169 0.399176 0.423230 0.819543 0.862985 0.600182 0.609822 0.617862 0.592214 0.465507 0.418040 0.465965 0.428418 0.323539 0.268591 0.893164 0.573001 0.637899 0.464074 0.721396 0.876936 0.661457 0.891056 0.605626 0.848080 0.612140 0.697612 0.641999 0.601252 0.681743 0.793002 0.760809 0.735135 0.560135 0.656597 0.919472 0.874859 0.904650 0.807672 0.993713 0.644595 0.657503 0.760236 0.559652 0.941504
0.554041 0.668134 0.367630 0.327157 0.908762 0.765909 0.382995 0.420749 0.406700 0.487949 0.630775 0.563166 0.506854 0.599053 0.498219 0.530468 0.575574 0.536715 0.509727 0.556078 0.722242 0.626250 0.447602 0.451435 0.642597 0.556891 0.996050 0.980562 0.559810 0.528888 0.380419 0.000000 0.372147 0.411712 0.765940 0.970503 0.711299 0.845847 0.600291 0.910833 0.946973 0.845913 0.416072 0.396490 0.466589 0.535555 0.498786 0.537229 0.802311 0.676935 0.572216 0.601133 0.651677 0.620618 0.598319 0.743802 0.699347 0.798150 0.571234 0.708926 0.420799 0.579216 0.635822 0.652424 0.419366 0.396913 0.396772 0.394743 0.652121 0.661588 0.574070 0.650324 0.551650 0.562105 0.871492 0.865040 0.649220 0.600308 0.629135 0.497742 0.554087 0.518407 0.623512 0.591762 0.519476 0.434770 0.932076 0.689649 0.770784 0.616437 0.537841 0.678862 0.600300 0.737611 0.691565 0.814895 0.643545 0.711137 0.513117 0.502425 0.660725 0.710579 0.787556 0.552571 0.644963 0.615638 0.818654 0.798716 0.966106 0.865828 0.797678 0.570405 0.601918 0.800167 0.559209 0.989675
0.375267 0.430335 0.352472 0.276593 0.715753 0.708869 0.301774 0.277400 0.527695 0.459230 0.555273 0.397190 0.394374 0.487687 0.439494 0.477628 0.423951 0.371546 0.392129 0.428001 0.596102 0.591490 0.388151 0.519597 0.747828 0.542497 0.962388 0.859832 0.385948 0.395697 0.369672 0.372147 0.000000 0.330331 0.808003 0.769637 0.702098 0.901612 0.755916 0.826976 0.880045 0.772973 0.301207 0.282539 0.339061 0.338460 0.355908 0.398194 0.682539 0.561499 0.479019 0.460003 0.614419 0.542637 0.538550 0.645192 0.549344 0.538717 0.374127 0.491591 0.300000 0.369832 0.432929 0.446462 0.403728 0.293093 0.277118 0.242689 0.618800 0.450644 0.430266 0.459922 0.497419 0.478385 0.904636 0.745370 0.443184 0.550763 0.408769 0.525540 0.335676 0.318611 0.479638 0.372492 0.378270 0.330390 0.930753 0.773902 0.693668 0.518297 0.474310 0.593836 0.519730 0.734543 0.554906 0.641843 0.474494 0.495471 0.385316 0.307963 0.618512 0.630621 0.686691 0.476420 0.480460 0.502494 0.839868 0.731828 0.840002 0.732419 0.821900 0.488914 0.469071 0.644573 0.578361 0.983337
0.339354 0.420131 0.409346 0.296213 0.688148 0.681857 0.280008 0.255382 0.528361 0.441133 0.436305 0.385894 0.414056 0.504517 0.502638 0.541086 0.365920 0.303541 0.276757 0.346225 0.549590 0.697255 0.532743 0.556489 0.866329 0.645988 0.891276 0.954931 0.337234 0.284299 0.417475 0.411712 0.330331 0.000000 0.767712 0.898676 0.660392 0.822312 0.806686 0.850374 0.975321 0.847592 0.355610 0.278637 0.336016 0.347249 0.343038 0.416413 0.745214 0.511545 0.491490 0.472879 0.658570 0.551494 0.629520 0.710468 0.467380 0.512680 0.383560 0.537577 0.302007 0.427820 0.392114 0.411780 0.476879 0.330902 0.299563 0.280200 0.651308 0.512000 0.527011 0.544270 0.509404 0.550224 0.794302 0.706849 0.548310 0.511046 0.498894 0.449531 0.369250 0.318168 0.542222 0.431985 0.460208 0.459005 0.903369 0.732798 0.795432 0.668456 0.551605 0.624534 0.591736 0.654736 0.578466 0.682801 0.626852 0.627438 0.362986 0.347415 0.583732 0.648942 0.565435 0.411183 0.532452 0.634501 0.966453 0.687162 0.884419 0.818662 0.797059 0.389117 0.498447 0.632620 0.590975 0.946543
0.770360 0.880813 0.763790 0.697044 0.932711 0.678169 0.799113 0.815577 0.759799 0.860380 0.931209 0.803238 0.757891 0.829649 0.653656 0.746291 0.947124 0.983759 0.908263 0.903143 0.718166 0.939770 0.578694 0.625796 0.593756 0.678341 0.928828 0.923534 0.825510 0.917036 0.622357 0.765940 0.808003 0.767712 0.000000 0.982340 0.652017 0.987650 0.899230 0.819266 0.993178 0.965908 0.733607 0.816921 0.665779 0.654053 0.653985 0.761397 0.661240 0.614467 0.716874 0.616524 0.692422 0.847530 0.580142 0.631289 0.883552 0.983357 0.717567 0.659930 0.693716 0.692340 0.885549 0.899955 0.611836 0.646675 0.696682 0.740442 0.845289 0.651456 0.879808 0.850891 0.631747 0.758778 0.680482 0.900770 0.788168 0.861704 0.794620 0.807497 0.724882 0.711407 0.851112 0.770088 0.499741 0.590135 0.995790 0.767464 0.728916 0.620635 0.937804 0.931107 0.879411 0.970779 0.785998 0.980027 0.736509 0.840944 0.824991 0.826207 0.911078 0.886234 0.984563 0.947674 0.746143 0.766366 0.948980 0.914788 0.701508 0.923905 0.783157 0.726206 0.949950 0.916367 0.804900 0.911331
0.757463 0.668371 0.939954 0.907851 0.986482 0.995623 0.885316 0.897205 0.988105 0.950692 0.877406 0.863994 0.878645 0.948421 0.982102 0.974281 0.697706 0.822205 0.802091 0.910350 0.998008 0.951065 0.960487 0.965124 0.970329 0.924306 0.901245 0.968892 0.853565 0.810651 0.852844 0.970503 0.769637 0.898676 0.982340 0.000000 0.933421 0.798554 0.997465 0.931036 0.854607 0.848885 0.835338 0.792188 0.825215 0.811408 0.843791 0.766314 0.924401 0.898982 0.837576 0.834724 0.917908 0.842728 0.915538 0.890786 0.764114 0.718262 0.772360 0.801320 0.902010 0.902626 0.774033 0.793126 0.951340 0.932463 0.819172 0.773990 0.700106 0.653991 0.836034 0.582366 0.899656 0.832163 0.924594 0.968434 0.852551 0.834195 0.726329 0.872145 0.726115 0.791551 0.809984 0.707614 0.901533 0.885338 0.942302 0.929053 0.912704 0.886238 0.991735 0.947587 0.956586 0.946894 0.831673 0.969256 0.851317 0.690737 0.932280 0.920119 0.999488 0.826816 0.882025 0.868918 0.988076 0.969820 0.919649 0.969064 0.855187 0.894634 0.774193 0.883284 0.884600 0.889067 0.951370 0.933143
0.712879 0.721036 0.609614 0.621326 0.977030 0.971536 0.753912 0.769802 0.828650 0.951846 0.912884 0.817566 0.722487 0.749750 0.673707 0.798000 0.843488 0.823477 0.746177 0.817470 0.736575 0.995785 0.632304 0.727062 0.591511 0.549840 0.998141 0.900442 0.762010 0.806897 0.527598 0.711299 0.702098 0.660392 0.652017 0.933421 0.000000 0.885799 0.658328 0.862411 0.896917 0.792182 0.695534 0.673156 0.646731 0.703703 0.673127 0.676548 0.657344 0.635682 0.659598 0.618942 0.698634 0.867781 0.740646 0.705627 0.852617 0.761982 0.634699 0.662378 0.640727 0.655588 0.860478 0.802828 0.515167 0.609011 0.696392 0.609852 0.774788 0.724658 0.869746 0.772864 0.633225 0.637134 0.795643 0.909241 0.768516 0.831913 0.750870 0.836402 0.760930 0.757485 0.867270 0.745359 0.549333 0.568587 0.894296 0.777478 0.656557 0.610407 0.967063 0.904204 0.861387 0.989860 0.759875 0.806633 0.846923 0.809503 0.703462 0.756788 0.814179 0.955246 0.725811 0.778583 0.584191 0.731348 0.964101 0.799049 0.824096 0.893197 0.895755 0.650929 0.937052 0.934096 0.824539 0.864447
0.723251 0.723010 0.917731 0.927322 0.871582 0.724636 0.998166 0.911436 0.924443 0.894082 0.840118 0.733539 0.817188 0.771452 0.860696 0.841846 0.747470 0.825782 0.924845 0.829708 0.918254 0.936257 0.922473 0.917137 0.996401 0.980734 0.995839 0.962344 0.805929 0.823522 0.811189 0.845847 0.901612 0.822312 0.987650 0.798554 0.885799 0.000000 0.850571 0.969936 0.797986 0.984248 0.896624 0.898344 0.944605 0.919175 0.939765 0.902569 0.932351 0.851317 0.776709 0.904249 0.940096 0.986213 0.958838 0.975423 0.664750 0.677124 0.818848 0.807636 0.834686 0.827401 0.736053 0.670998 0.860403 0.873015 0.925502 0.810579 0.921100 0.897138 0.997969 0.965273 0.781201 0.856151 0.972554 0.837072 0.960583 0.651425 0.900550 0.908881 0.909785 0.962411 0.805621 0.967623 0.927244 0.932703 0.801921 0.973661 0.916591 0.972231 0.895037 0.926342 0.949498 0.887940 0.996742 0.912752 0.835711 0.893227 0.861782 0.970447 0.913714 0.945709 0.862927 0.928988 0.975878 0.930961 0.892960 0.917246 0.952803 0.704212 0.957554 0.936044 0.930973 0.917699 0.856157 0.924873
