0.000000 0.444218 0.867442 0.990255 0.947705 0.892912 0.853653 0.688100 0.999884 0.693582 0.640489 0.556203 0.977987 0.853473 0.996313 0.857981 0.494519 0.543692 0.679417 0.620824 0.881765 0.991111 0.842080 0.951136 0.766806 0.800382 0.858124 0.809992 0.656695 0.670741 0.930917 0.945452 0.684515 0.681347 0.946145 0.974488 0.867355 0.806658 0.977685 0.910770 0.769421 0.930405 0.840312 0.733035 0.721435 0.712174 0.870727 0.798332 0.652496 0.797767 0.724755 0.850650 0.878767 0.916865 0.950641 0.907216 0.426354 0.450320 0.671167 0.862377 0.772605 0.812096 0.539236 0.492222 0.717790 0.894786 0.909903 0.862412 0.652477 0.674198 0.760195 0.801889 0.854409 0.740001 0.969010 0.995916 0.778204 0.785538 0.874734 0.899616 0.561671 0.609589 0.933088 0.792780 0.928674 0.955762 0.983951 0.890347 0.823598 0.946445 0.743802 0.766493 0.862233 0.963852 0.885726 0.921503 0.769032 0.877327 0.518195 0.628667 0.762586 0.880672 0.689372 0.587858 0.832853 0.959909 0.987360 0.824723 0.975257 0.907027 0.729150 0.743001 0.785909 0.985513 0.972518 0.888944
0.444218 0.000000 0.666406 0.868570 0.955278 0.976859 0.906227 0.788147 0.804964 0.772034 0.752048 0.554177 0.791743 0.883517 0.776979 0.994561 0.523978 0.518272 0.748480 0.554990 0.871293 0.888516 0.732233 0.874911 0.777964 0.692801 0.930158 0.787503 0.697925 0.653294 0.891651 0.941984 0.718791 0.719656 0.924213 0.924488 0.890162 0.779927 0.897305 0.922870 0.796338 0.743352 0.937658 0.772633 0.795718 0.724346 0.988258 0.918225 0.684443 0.805328 0.803504 0.911401 0.918008 0.884156 0.958863 0.845119 0.384163 0.343934 0.827567 0.812617 0.923579 0.772482 0.684881 0.492249 0.616244 0.887699 0.996097 0.912531 0.675854 0.634242 0.716508 0.837234 0.846326 0.705035 0.975834 0.992116 0.822979 0.790120 0.865366 0.893327 0.548097 0.642730 0.901506 0.779067 0.787307 0.927473 0.971764 0.928059 0.652879 0.926710 0.824674 0.831760 0.922709 0.977107 0.874950 0.935807 0.778045 0.839673 0.596936 0.725929 0.671120 0.960547 0.751080 0.617665 0.937334 0.872699 0.940070 0.894970 0.990743 0.893738 0.753560 0.726751 0.762198 0.957371 0.935197 0.899803
0.867442 0.666406 0.000000 0.501788 0.822404 0.979161 0.506078 0.862027 0.577128 0.947910 0.936453 0.669087 0.817087 0.942209 0.679714 0.996455 0.812680 0.726994 0.849396 0.751515 0.928838 0.890940 0.489716 0.679272 0.559300 0.545930 0.918856 0.790972 0.900947 0.703264 0.547249 0.766264 0.713501 0.811907 0.621247 0.997540 0.875380 0.986275 0.664438 0.891152 0.882301 0.858598 0.726897 0.928129 0.927238 0.971459 0.705529 0.788431 0.783172 0.973549 0.967419 0.858998 0.701829 0.719218 0.757270 0.919145 0.707400 0.646575 0.741088 0.967327 0.769531 0.916645 0.955865 0.663979 0.418370 0.610225 0.553922 0.692475 0.899439 0.886248 0.997630 0.977524 0.949255 0.958441 0.860318 0.848867 0.744201 0.845001 0.904697 0.996126 0.796125 0.838398 0.930189 0.745486 0.565172 0.709023 0.971496 0.864331 0.754465 0.862733 0.888004 0.840142 0.814151 0.676763 0.973291 0.969058 0.948017 0.828787 0.924028 0.946685 0.766131 0.799892 0.980663 0.786260 0.816249 0.625581 0.999210 0.822296 0.977450 0.991175 0.982823 0.920961 0.918019 0.920749 0.857179 0.944745
0.990255 0.868570 0.501788 0.000000 0.943463 0.952636 0.644742 0.753145 0.690436 0.913293 0.812134 0.842645 0.997342 0.949491 0.824437 0.867081 0.867669 0.746523 0.822816 0.945881 0.994262 0.991463 0.516370 0.533468 0.554869 0.581517 0.935652 0.826048 0.826699 0.692449 0.556240 0.741654 0.747781 0.916405 0.668385 0.969667 0.683874 0.791710 0.701748 0.930541 0.798064 0.977840 0.837731 0.950172 0.819278 0.774621 0.831363 0.919884 0.685161 0.885746 0.985986 0.990459 0.814103 0.680998 0.736032 0.934154 0.865056 0.838123 0.770210 0.900296 0.893201 0.925181 0.998028 0.830857 0.580663 0.604984 0.698053 0.842699 0.987258 0.929357 0.803733 0.763091 0.748061 0.898977 0.917378 0.865960 0.740090 0.894648 0.808271 0.981159 0.966945 0.941569 0.911100 0.890825 0.691092 0.693644 0.919648 0.866082 0.922069 0.808513 0.835691 0.804135 0.760312 0.687474 0.863158 0.984771 0.967114 0.954005 0.903573 0.982333 0.923628 0.694392 0.949326 0.950723 0.752335 0.737956 0.968292 0.782635 0.924396 0.976591 0.943394 0.962598 0.830316 0.873842 0.938730 0.971714
0.947705 0.955278 0.822404 0.943463 0.000000 0.747434 0.849093 0.980239 0.880258 0.904124 0.787310 0.942058 0.744415 0.992684 0.886903 0.900797 0.967248 0.967841 0.957602 0.940072 0.908260 0.892282 0.896005 0.961361 0.991436 0.953080 0.892202 0.989217 0.898874 0.998165 0.923295 0.921909 0.841139 0.860680 0.800878 0.860034 0.903652 0.865343 0.971583 0.959264 0.966707 0.874497 0.933317 0.864562 0.750251 0.795833 0.930332 0.785318 0.989754 0.878755 0.998480 0.900680 0.954730 0.978011 0.971912 0.883646 0.933772 0.929609 0.833305 0.861478 0.752067 0.945900 0.971416 0.877825 0.849237 0.822803 0.703250 0.653331 0.994943 0.984760 0.949874 0.821904 0.955101 0.946787 0.959787 0.996827 0.838339 0.917267 0.960779 0.893067 0.995530 0.967888 0.954708 0.882838 0.826802 0.868305 0.974158 0.936897 0.894898 0.855335 0.954737 0.925042 0.927129 0.867416 0.990409 0.936178 0.918263 0.992934 0.929778 0.930745 0.987165 0.932498 0.923427 0.807211 0.921243 0.944816 0.935076 0.978330 0.945009 0.917051 0.824710 0.994204 0.957681 0.941972 0.983483 0.748588
0.892912 0.976859 0.979161 0.952636 0.747434 0.000000 0.822676 0.793800 0.882695 0.742608 0.758785 0.782286 0.764324 0.988205 0.963461 0.873655 0.964677 0.989163 0.989960 0.921193 0.961894 0.863453 0.848559 0.808395 0.816786 0.864117 0.824470 0.983454 0.921699 0.917254 0.942056 0.826910 0.949653 0.952156 0.974331 0.849815 0.963461 0.894692 0.980900 0.941825 0.985414 0.883231 0.902458 0.984490 0.785407 0.759214 0.921527 0.917316 0.803304 0.860629 0.853586 0.867989 0.807632 0.916140 0.984001 0.922027 0.991154 0.968836 0.770244 0.907440 0.677715 0.789748 0.841401 0.871810 0.874007 0.972951 0.920189 0.874562 0.964673 0.952637 0.979060 0.927535 0.996131 0.987370 0.912096 0.953721 0.887443 0.995555 0.995137 0.906569 0.923408 0.951915 0.878330 0.942652 0.932828 0.884034 0.995631 0.978429 0.952065 0.884198 0.839813 0.870901 0.823405 0.895113 0.934911 0.970329 0.879432 0.832768 0.787756 0.956345 0.799256 0.888661 0.936523 0.971449 0.945393 0.907165 0.844646 0.958093 0.939473 0.976663 0.879385 0.910961 0.831863 0.933131 0.998754 0.810719
0.853653 0.906227 0.506078 0.644742 0.849093 0.822676 0.000000 0.602804 0.639753 0.652206 0.707833 0.993430 0.708732 0.902682 0.753967 0.862208 0.909193 0.984994 0.600132 0.988814 0.992888 0.915196 0.623741 0.753598 0.938978 0.895596 0.809866 0.981713 0.912041 0.983734 0.656583 0.778546 0.663653 0.625562 0.794502 0.905939 0.987718 0.881174 0.760008 0.970857 0.935191 0.891448 0.672712 0.824440 0.736669 0.833163 0.684520 0.740511 0.981809 0.997356 0.870584 0.949932 0.671875 0.671724 0.856245 0.897491 0.984458 0.889436 0.645383 0.905387 0.703873 0.918554 0.630494 0.995185 0.809157 0.953153 0.524597 0.734258 0.977409 0.978060 0.818259 0.819105 0.742663 0.806214 0.835891 0.760049 0.669083 0.843998 0.798598 0.874496 0.947484 0.858912 0.898911 0.935574 0.647902 0.830075 0.971968 0.914614 0.928934 0.943255 0.627712 0.583910 0.628028 0.643110 0.967119 0.934224 0.861860 0.872272 0.774502 0.696709 0.973939 0.627600 0.781073 0.889478 0.852807 0.704116 0.987842 0.729270 0.979563 0.948759 0.878791 0.903391 0.890994 0.992438 0.961538 0.927638
0.688100 0.788147 0.862027 0.753145 0.980239 0.793800 0.602804 0.000000 0.810477 0.559487 0.698310 0.601172 0.796085 0.744825 0.953092 0.761373 0.834158 0.955730 0.639643 0.853018 0.771941 0.969941 0.986892 0.986528 0.814058 0.906726 0.715314 0.840425 0.852687 0.831262 0.891182 0.962629 0.831701 0.756987 0.983839 0.890394 0.907906 0.989805 0.862107 0.879952 0.947355 0.903679 0.860482 0.842040 0.858392 0.833356 0.918891 0.856126 0.855193 0.989646 0.779013 0.990184 0.758688 0.725592 0.956679 0.996709 0.815346 0.844158 0.680226 0.818212 0.686892 0.671098 0.647895 0.678696 0.857171 0.965940 0.872790 0.914581 0.831720 0.836271 0.643451 0.827602 0.707837 0.746359 0.977162 0.979885 0.772765 0.970639 0.910280 0.995845 0.897207 0.935567 0.821708 0.937528 0.853409 0.754847 0.945406 0.832295 0.892551 0.916146 0.508886 0.516216 0.637542 0.677852 0.911065 0.977071 0.744605 0.855214 0.649944 0.722203 0.691984 0.533497 0.732639 0.646402 0.936289 0.827742 0.994586 0.787158 0.965105 0.918903 0.872368 0.835794 0.784891 0.869424 0.981419 0.987168
0.999884 0.804964 0.577128 0.690436 0.880258 0.882695 0.639753 0.810477 0.000000 0.867352 0.937325 0.870384 0.822548 0.865399 0.795336 0.827764 0.942595 0.856169 0.968618 0.860322 0.974191 0.816197 0.805891 0.901025 0.824106 0.675636 0.941751 0.811315 0.985474 0.811276 0.771671 0.980523 0.964948 0.952919 0.789931 0.843650 0.739478 0.968519 0.779121 0.834971 0.864901 0.985902 0.806931 0.887240 0.851336 0.942926 0.669216 0.766069 0.949199 0.790658 0.727425 0.725291 0.586132 0.690856 0.835256 0.987718 0.850349 0.829551 0.603710 0.744137 0.634259 0.853077 0.965725 0.956992 0.630637 0.711262 0.754001 0.854373 0.929292 0.952546 0.934875 0.969304 0.994934 0.964772 0.849439 0.934655 0.821994 0.987094 0.975558 0.860932 0.901938 0.832647 0.877623 0.999356 0.847804 0.972056 0.892640 0.840124 0.675586 0.787775 0.758293 0.827674 0.741298 0.825269 0.902562 0.939038 0.943256 0.919644 0.907150 0.880001 0.954799 0.941395 0.859405 0.900629 0.856129 0.678570 0.893754 0.781171 0.906022 0.982050 0.935762 0.990161 0.914720 0.966616 0.852703 0.886999
0.693582 0.772034 0.947910 0.913293 0.904124 0.742608 0.652206 0.559487 0.867352 0.000000 0.549662 0.676649 0.767831 0.824988 0.935293 0.845918 0.710460 0.716489 0.675175 0.788350 0.864257 0.963528 0.833345 0.835622 0.594559 0.657176 0.703975 0.785586 0.716615 0.639636 0.978049 0.971404 0.955806 0.723308 0.932742 0.860472 0.945456 0.889196 0.928199 0.846591 0.979435 0.994726 0.721502 0.697936 0.637809 0.623376 0.893234 0.779290 0.647076 0.905937 0.773417 0.999104 0.909802 0.943054 0.872700 0.932782 0.761442 0.829606 0.789606 0.952711 0.804299 0.919675 0.600819 0.652202 0.655374 0.674661 0.911610 0.989385 0.958208 0.887959 0.727766 0.813317 0.841077 0.749890 0.981131 0.881984 0.767423 0.977719 0.953131 0.997619 0.809570 0.817397 0.808970 0.898145 0.825695 0.740433 0.919835 0.891598 0.801511 0.741904 0.503996 0.581002 0.682091 0.875965 0.881392 0.983997 0.790199 0.885153 0.563170 0.622539 0.704404 0.762926 0.602883 0.646425 0.987821 0.987074 0.945126 0.801703 0.996315 0.967867 0.884271 0.704116 0.716836 0.861997 0.947142 0.899471
0.640489 0.752048 0.936453 0.812134 0.787310 0.758785 0.707833 0.698310 0.937325 0.549662 0.000000 0.639635 0.689555 0.787334 0.833246 0.886734 0.610810 0.588031 0.670139 0.683573 0.865685 0.894405 0.821700 0.812072 0.607377 0.639986 0.849691 0.751298 0.560529 0.553490 0.923721 0.978250 0.856831 0.690932 0.853738 0.920706 0.823655 0.750310 0.990670 0.857766 0.949726 0.969278 0.829608 0.742080 0.601150 0.635726 0.904422 0.775870 0.671724 0.820733 0.887522 0.954022 0.890324 0.955437 0.868827 0.968416 0.696726 0.732148 0.800099 0.980315 0.746178 0.957885 0.585798 0.685837 0.739665 0.763823 0.884749 0.894321 0.875913 0.795646 0.905640 0.967222 0.889321 0.817834 0.986119 0.858146 0.894224 0.899135 0.938390 0.827234 0.754824 0.699331 0.979639 0.874262 0.963421 0.813777 0.901763 0.940550 0.890368 0.682853 0.724623 0.730254 0.871829 0.964252 0.956869 0.982740 0.858629 0.991839 0.565831 0.626326 0.849959 0.831911 0.817909 0.800556 0.892020 0.964699 0.941334 0.941746 0.988650 0.888838 0.832921 0.736673 0.732148 0.913181 0.962655 0.968614
0.556203 0.554177 0.669087 0.842645 0.942058 0.782286 0.993430 0.601172 0.870384 0.676649 0.639635 0.000000 0.852167 0.681149 0.894206 0.739927 0.665329 0.683708 0.823267 0.717194 0.754108 0.929041 0.627680 0.734084 0.562208 0.580927 0.722058 0.711765 0.749347 0.627162 0.746424 0.853151 0.960545 0.911191 0.743451 0.952446 0.991349 0.953909 0.893565 0.826397 0.963826 0.838506 0.937125 0.901273 0.880952 0.798125 0.912701 0.927381 0.713597 0.980701 0.865845 0.951667 0.999925 0.997487 0.864106 0.954467 0.585874 0.570196 0.843106 0.808237 0.798909 0.678017 0.595487 0.438481 0.533054 0.749666 0.845106 0.934358 0.742188 0.762828 0.825492 0.985939 0.897407 0.826432 0.997746 0.880428 0.967946 0.984644 0.966616 0.969516 0.734646 0.779885 0.989129 0.716719 0.639893 0.650880 0.977568 0.959603 0.831377 0.798878 0.752197 0.785942 0.915765 0.991225 0.847404 0.998017 0.765462 0.825155 0.643873 0.773388 0.669499 0.828610 0.869577 0.620795 0.971300 0.831595 0.962428 0.982540 0.929500 0.879392 0.803062 0.789159 0.754815 0.880332 0.921984 0.943312
0.977987 0.791743 0.817087 0.997342 0.744415 0.764324 0.708732 0.796085 0.822548 0.767831 0.689555 0.852167 0.000000 0.810335 0.705882 0.797863 0.935824 0.934199 0.988928 0.873330 0.998978 0.960584 0.955108 0.897098 0.816915 0.916002 0.920205 0.922853 0.910774 0.930221 0.957283 0.842203 0.997894 0.937257 0.909429 0.940268 0.892299 0.807634 0.974495 0.956180 0.889733 0.811682 0.916263 0.909634 0.805917 0.828249 0.859333 0.816948 0.929878 0.930295 0.962009 0.981335 0.813468 0.941105 0.890002 0.954874 0.797557 0.778972 0.787650 0.992396 0.677568 0.909902 0.834922 0.999594 0.942727 0.954267 0.895902 0.915461 0.851957 0.918755 0.884346 0.897658 0.959314 0.923137 0.919480 0.854574 0.956376 0.963306 0.929980 0.941192 0.809518 0.887725 0.901865 0.870178 0.951414 0.859473 0.954069 0.893483 0.791916 0.826413 0.812841 0.868722 0.879345 0.887511 0.867171 0.987003 0.992792 0.990490 0.870199 0.937255 0.908008 0.826223 0.977638 0.961525 0.947329 0.961900 0.970685 0.968364 0.895825 0.948191 0.904479 0.922099 0.918540 0.964414 0.921131 0.910786
0.853473 0.883517 0.942209 0.949491 0.992684 0.988205 0.902682 0.744825 0.865399 0.824988 0.787334 0.681149 0.810335 0.000000 0.813184 0.703828 0.771055 0.772072 0.664628 0.719590 0.717852 0.960352 0.951286 0.897066 0.901970 0.799082 0.905182 0.710592 0.713236 0.683352 0.976632 0.886037 0.935400 0.937295 0.740535 0.981608 0.921150 0.930825 0.996813 0.792555 0.916485 0.983518 0.812324 0.865655 0.930140 0.958559 0.999039 0.895943 0.949975 0.746328 0.777821 0.687471 0.823485 0.919439 0.813430 0.900535 0.842073 0.901318 0.853873 0.806280 0.791850 0.906951 0.746160 0.876275 0.823005 0.793031 0.866887 0.792906 0.950641 0.988665 0.872317 0.965208 0.907428 0.813872 0.922046 0.901455 0.969964 0.999812 0.856508 0.829306 0.860796 0.844608 0.915937 0.988571 0.926330 0.867661 0.966163 0.893931 0.786825 0.652247 0.872587 0.902210 0.925988 0.965844 0.938495 0.906715 0.942338 0.959447 0.830027 0.793792 0.882200 0.742973 0.918945 0.780429 0.878192 0.729290 0.965618 0.949190 0.963860 0.852809 0.932292 0.829869 0.893913 0.948594 0.974226 0.839335
0.996313 0.776979 0.679714 0.824437 0.886903 0.963461 0.753967 0.953092 0.795336 0.935293 0.833246 0.894206 0.705882 0.813184 0.000000 0.747936 0.954289 0.961301 0.890142 0.993980 0.937235 0.921631 0.767584 0.799772 0.827139 0.774408 0.873361 0.896724 0.773004 0.978497 0.804390 0.846629 0.903643 0.952329 0.974293 0.899904 0.969476 0.833233 0.732661 0.834513 0.900788 0.831515 0.647120 0.753764 0.895804 0.947122 0.646773 0.655555 0.995051 0.947675 0.958498 0.943021 0.897866 0.970328 0.967809 0.926910 0.884185 0.810642 0.909030 0.867544 0.931091 0.820196 0.935376 0.832253 0.681655 0.860000 0.900948 0.965748 0.979628 0.860818 0.779042 0.882812 0.921416 0.866770 0.968917 0.836596 0.999660 0.944189 0.886654 0.805472 0.996013 0.996374 0.896386 0.952722 0.687001 0.847661 0.953013 0.889448 0.814466 0.997784 0.922567 0.920411 0.922654 0.875690 0.930013 0.951205 0.865788 0.895762 0.987912 0.851120 0.833384 0.979884 0.959460 0.859658 0.996592 0.909008 0.974862 0.864696 0.961652 0.906599 0.940544 0.905057 0.965013 0.994852 0.866886 0.965143
0.857981 0.994561 0.996455 0.867081 0.900797 0.873655 0.862208 0.761373 0.827764 0.845918 0.886734 0.739927 0.797863 0.703828 0.747936 0.000000 0.940782 0.997436 0.872228 0.881628 0.889980 0.919804 0.976658 0.828862 0.959888 0.966260 0.810682 0.935269 0.910801 0.883941 0.972064 0.898154 0.860972 0.913633 0.873640 0.826745 0.853345 0.992896 0.912566 0.876898 0.985276 0.992675 0.918297 0.977782 0.917227 0.944923 0.841767 0.842842 0.914804 0.925764 0.891974 0.947891 0.837619 0.919686 0.980051 0.889814 0.979542 0.981140 0.914855 0.963381 0.946853 0.944882 0.780864 0.834785 0.880725 0.874275 0.784280 0.723608 0.938615 0.959985 0.923365 0.934650 0.860012 0.891630 0.990285 0.956590 0.920019 0.967407 0.995949 0.987934 0.915317 0.909560 0.926647 0.758832 0.996276 0.925508 0.962245 0.890580 0.977656 0.992188 0.885766 0.987035 0.984308 0.914535 0.959714 0.989233 0.945549 0.949585 0.881653 0.898659 0.931251 0.903566 0.926036 0.836103 0.979800 0.895577 0.863640 0.906888 0.984445 0.967156 0.948149 0.949110 0.995662 0.934119 0.986205 0.935252
0.494519 0.523978 0.812680 0.867669 0.967248 0.964677 0.909193 0.834158 0.942595 0.710460 0.610810 0.665329 0.935824 0.771055 0.954289 0.940782 0.000000 0.381413 0.554970 0.527372 0.925108 0.965154 0.883800 0.928044 0.743544 0.686935 0.909624 0.777179 0.491654 0.536050 0.943129 0.872914 0.727373 0.681448 0.824422 0.987338 0.985846 0.982271 0.914413 0.928131 0.875731 0.883527 0.708321 0.699187 0.768464 0.801326 0.914455 0.836356 0.742189 0.893016 0.912426 0.956131 0.916942 0.899545 0.913357 0.947877 0.385363 0.480783 0.918917 0.908444 0.965258 0.903288 0.581583 0.565446 0.684089 0.728920 0.951268 0.957877 0.704505 0.693763 0.790546 0.804403 0.854566 0.771900 0.910822 0.908273 0.881742 0.852321 0.763865 0.740485 0.457176 0.575562 0.809471 0.764097 0.943180 0.938758 0.970195 0.942240 0.718240 0.842663 0.784429 0.803646 0.934608 0.936008 0.914163 0.919586 0.841517 0.946944 0.578223 0.541272 0.785010 0.920379 0.645878 0.676196 0.990916 0.845054 0.998670 0.932003 0.942889 0.887548 0.747902 0.711783 0.700266 0.979269 0.970815 0.931569
0.543692 0.518272 0.726994 0.746523 0.967841 0.989163 0.984994 0.955730 0.856169 0.716489 0.588031 0.683708 0.934199 0.772072 0.961301 0.997436 0.381413 0.000000 0.610772 0.477926 0.873849 0.944157 0.817042 0.896038 0.707996 0.591985 0.988008 0.748372 0.475204 0.471454 0.864977 0.876949 0.784594 0.709004 0.784607 0.993196 0.933838 0.979144 0.817860 0.848757 0.922958 0.922663 0.772284 0.708013 0.732530 0.742301 0.919637 0.792893 0.714297 0.873403 0.966021 0.966631 0.842646 0.802389 0.821645 0.996694 0.408298 0.477095 0.989055 0.844096 0.920571 0.872302 0.622720 0.617466 0.646478 0.713582 0.986510 0.951236 0.727343 0.716654 0.887426 0.923769 0.921898 0.764485 0.990577 0.919989 0.889406 0.801912 0.802291 0.775158 0.475723 0.538128 0.814606 0.790213 0.935664 0.919286 0.921957 0.974669 0.649756 0.789427 0.888464 0.872133 0.982515 0.890199 0.917755 0.886775 0.908135 0.971900 0.620711 0.593045 0.827041 0.965974 0.672611 0.725739 0.921258 0.783875 0.961718 0.927601 0.916361 0.959398 0.756861 0.649807 0.728859 0.976575 0.989329 0.949370
0.679417 0.748480 0.849396 0.822816 0.957602 0.989960 0.600132 0.639643 0.968618 0.675175 0.670139 0.823267 0.988928 0.664628 0.890142 0.872228 0.554970 0.610772 0.000000 0.595494 0.904009 0.992158 0.732208 0.769222 0.978222 0.834413 0.823511 0.833533 0.622192 0.652648 0.828674 0.656513 0.614532 0.613619 0.951899 0.978234 0.965398 0.944867 0.945026 0.867486 0.927203 0.979302 0.649724 0.785822 0.839906 0.898243 0.865864 0.777990 0.994081 0.911461 0.980126 0.854557 0.986061 0.905298 0.970368 0.912728 0.642218 0.735667 0.921502 0.797555 0.951905 0.806100 0.560516 0.811444 0.902682 0.837811 0.726177 0.919166 0.809154 0.873145 0.685970 0.801505 0.633927 0.638508 0.940370 0.789814 0.754896 0.773901 0.675499 0.690298 0.596385 0.590304 0.898345 0.907099 0.787178 0.906033 0.922935 0.947616 0.720904 0.818927 0.681624 0.645278 0.775177 0.852487 0.912790 0.862353 0.813014 0.867688 0.696161 0.571780 0.894988 0.669492 0.660227 0.749869 0.999826 0.999084 0.979849 0.890890 0.877787 0.910880 0.892746 0.820981 0.835006 0.984770 0.996245 0.949806
0.620824 0.554990 0.751515 0.945881 0.940072 0.921193 0.988814 0.853018 0.860322 0.788350 0.683573 0.717194 0.873330 0.719590 0.993980 0.881628 0.527372 0.477926 0.595494 0.000000 0.855329 0.819193 0.908167 0.921972 0.809649 0.695804 0.964203 0.752553 0.606549 0.615757 0.922505 0.772138 0.800152 0.823485 0.838225 0.958327 0.936072 0.973280 0.843663 0.846787 0.871490 0.901784 0.859563 0.854570 0.964733 0.980384 0.982517 0.895704 0.937016 0.935521 0.913848 0.813806 0.827564 0.901399 0.904171 0.929792 0.503127 0.522693 0.951638 0.877659 0.844511 0.929839 0.662605 0.652916 0.667449 0.754193 0.953885 0.863397 0.709121 0.745475 0.726587 0.832698 0.702339 0.648135 0.958548 0.934636 0.882379 0.795802 0.749844 0.779718 0.464515 0.545289 0.780393 0.728588 0.958382 0.947297 0.980775 0.988379 0.655989 0.821033 0.853233 0.801526 0.941055 0.931840 0.948639 0.946625 0.878339 0.982559 0.727782 0.673878 0.896843 0.959038 0.733937 0.673584 0.972086 0.775290 0.955878 0.896889 0.998285 0.968717 0.887663 0.821538 0.931552 0.908642 0.961419 0.810318
0.881765 0.871293 0.928838 0.994262 0.908260 0.961894 0.992888 0.771941 0.974191 0.864257 0.865685 0.754108 0.998978 0.717852 0.937235 0.889980 0.925108 0.873849 0.904009 0.855329 0.000000 0.966084 0.859419 0.916860 0.925527 0.895550 0.887887 0.939708 0.783427 0.816390 0.956499 0.972399 0.991665 0.960548 0.824658 0.851044 0.910528 0.939733 0.990440 0.889582 0.937569 0.964714 0.919418 0.999845 0.997581 0.938904 0.944041 0.991629 0.879388 0.994658 0.948466 0.964009 0.973391 0.961534 0.925542 0.809336 0.915185 0.906426 0.984241 0.972279 0.993881 0.810804 0.993743 0.824264 0.917664 0.978115 0.808825 0.914153 0.898514 0.955314 0.936759 0.970842 0.879493 0.949382 0.888175 0.919370 0.896118 0.969810 0.935715 0.976727 0.996374 0.991737 0.936705 0.887523 0.765632 0.714999 0.941273 0.891442 0.952397 0.967086 0.946355 0.927375 0.971854 0.918968 0.927042 0.947829 0.918871 0.961140 0.821810 0.980814 0.912167 0.941397 0.948990 0.891783 0.939527 0.996944 0.998959 0.993699 0.916142 0.888094 0.966978 0.888473 0.859323 0.873739 0.923828 0.855484
0.991111 0.888516 0.890940 0.991463 0.892282 0.863453 0.915196 0.969941 0.816197 0.963528 0.894405 0.929041 0.960584 0.960352 0.921631 0.919804 0.965154 0.944157 0.992158 0.819193 0.966084 0.000000 0.848494 0.926109 0.848667 0.871346 0.979776 0.852592 0.953130 0.927438 0.911620 0.968676 0.964330 0.975328 0.966313 0.989372 0.956936 0.973159 0.936122 0.983503 0.947788 0.945271 0.893577 0.971684 0.883239 0.880919 0.874393 0.864285 0.937988 0.861145 0.855111 0.791189 0.871638 0.912432 0.950580 0.859059 0.977126 0.920251 0.889244 0.953773 0.957109 0.977411 0.931946 0.883309 0.887089 0.892002 0.897185 0.891263 0.954124 0.992049 0.971355 0.970899 0.814954 0.906796 0.855606 0.938015 0.935187 0.972221 0.898276 0.985749 0.930198 0.903164 0.880817 0.970902 0.914972 0.940811 0.909541 0.982275 0.800378 0.902496 0.935284 0.990964 0.885783 0.961594 0.894042 0.743451 0.909229 0.956589 0.939021 0.969518 0.953940 0.931664 0.986729 0.981730 0.879961 0.949220 0.890720 0.869724 0.929062 0.891438 0.865435 0.962273 0.832320 0.931833 0.831943 0.865402
0.842080 0.732233 0.489716 0.516370 0.896005 0.848559 0.623741 0.986892 0.805891 0.833345 0.821700 0.627680 0.955108 0.951286 0.767584 0.976658 0.883800 0.817042 0.732208 0.908167 0.859419 0.848494 0.000000 0.411706 0.513707 0.648619 0.917729 0.858797 0.895411 0.781154 0.525160 0.633315 0.712666 0.858635 0.673803 0.926552 0.939071 0.979081 0.700737 0.902932 0.915248 0.944998 0.757156 0.986855 0.925653 0.819245 0.807253 0.865098 0.664972 0.852916 0.931596 0.987680 0.851938 0.763889 0.777271 0.897618 0.802055 0.749944 0.965589 0.834321 0.895740 0.721010 0.993028 0.618664 0.557164 0.733412 0.622369 0.839103 0.951030 0.854518 0.889080 0.856339 0.772284 0.851525 0.859200 0.819120 0.814421 0.808652 0.787961 0.830571 0.987015 0.936027 0.922750 0.830727 0.445242 0.490275 0.962414 0.904419 0.907938 0.913911 0.986550 0.915288 0.894321 0.748774 0.804322 0.920346 0.970666 0.737297 0.821365 0.954074 0.737808 0.793659 0.973811 0.839569 0.837662 0.834751 0.913313 0.835985 0.883061 0.907993 0.948729 0.833348 0.864365 0.907472 0.900523 0.935859
0.951136 0.874911 0.679272 0.533468 0.961361 0.808395 0.753598 0.986528 0.901025 0.835622 0.812072 0.734084 0.897098 0.897066 0.799772 0.828862 0.928044 0.896038 0.769222 0.921972 0.916860 0.926109 0.411706 0.000000 0.563864 0.701457 0.917073 0.931985 0.905964 0.827273 0.605093 0.572504 0.780348 0.953588 0.784302 0.963906 0.871064 0.913784 0.696030 0.981443 0.883874 0.986879 0.850780 0.958991 0.802316 0.743751 0.809063 0.941983 0.678974 0.809199 0.907640 0.929841 0.936601 0.794892 0.799972 0.869235 0.915742 0.882960 0.950769 0.794502 0.803901 0.802197 0.991753 0.740026 0.713179 0.823232 0.813949 0.987967 0.986809 0.887098 0.799359 0.735218 0.750706 0.733235 0.925669 0.851110 0.898124 0.831392 0.872093 0.798866 0.925252 0.855787 0.911999 0.937529 0.529431 0.534449 0.985435 0.890897 0.988109 0.915421 0.985900 0.963726 0.988930 0.884927 0.773890 0.956497 0.939240 0.790699 0.783788 0.999057 0.839286 0.884205 0.980938 0.948914 0.855525 0.971066 0.911985 0.797990 0.936583 0.986988 0.925746 0.824746 0.789512 0.834878 0.995423 0.959746
0.766806 0.777964 0.559300 0.554869 0.991436 0.816786 0.938978 0.814058 0.824106 0.594559 0.607377 0.562208 0.816915 0.901970 0.827139 0.959888 0.743544 0.707996 0.978222 0.809649 0.925527 0.848667 0.513707 0.563864 0.000000 0.453822 0.733496 0.686346 0.769834 0.631528 0.578568 0.727388 0.811584 0.999459 0.662194 0.902009 0.769614 0.811199 0.732300 0.795512 0.853086 0.991273 0.905109 0.913521 0.783916 0.743969 0.848149 0.997494 0.659745 0.959083 0.938603 0.874043 0.955740 0.931328 0.809669 0.940591 0.744768 0.761471 0.999800 0.981053 0.909117 0.872454 0.680059 0.556985 0.452742 0.538188 0.829397 0.868217 0.925440 0.869713 0.982219 0.991185 0.995423 0.922955 0.951935 0.967078 0.906783 0.905822 0.925284 0.997984 0.852042 0.831776 0.932962 0.804408 0.591289 0.577139 0.919532 0.992690 0.830618 0.782336 0.790996 0.832095 0.916318 0.950312 0.821357 0.964954 0.805605 0.825190 0.699467 0.827627 0.726769 0.946123 0.801417 0.672799 0.854865 0.841606 0.930453 0.941583 0.990994 0.875777 0.942393 0.772962 0.764637 0.778445 0.902920 0.946733
0.800382 0.692801 0.545930 0.581517 0.953080 0.864117 0.895596 0.906726 0.675636 0.657176 0.639986 0.580927 0.916002 0.799082 0.774408 0.966260 0.686935 0.591985 0.834413 0.695804 0.895550 0.871346 0.648619 0.701457 0.453822 0.000000 0.780896 0.643392 0.711421 0.549225 0.709816 0.887940 0.941836 0.980922 0.726818 0.908217 0.721906 0.877785 0.696049 0.770331 0.864247 0.926700 0.926472 0.975033 0.854021 0.798495 0.751333 0.950288 0.807164 0.971236 0.921746 0.788399 0.831260 0.828045 0.731838 0.974100 0.679878 0.669850 0.856488 0.879136 0.919809 0.970250 0.691820 0.640878 0.452493 0.547051 0.859101 0.873476 0.950507 0.898134 0.877658 0.968695 0.926997 0.783161 0.960028 0.997720 0.955809 0.965829 0.974374 0.923798 0.753661 0.692178 0.989068 0.829398 0.703868 0.734697 0.946802 0.970619 0.749709 0.720267 0.843649 0.839305 0.959149 0.946687 0.937323 0.966949 0.874923 0.921509 0.735481 0.781097 0.756287 0.954511 0.859552 0.714448 0.825712 0.685174 0.954207 0.896233 0.897730 0.941324 0.918247 0.762865 0.782254 0.835480 0.929795 0.992446
0.858124 0.930158 0.918856 0.935652 0.892202 0.824470 0.809866 0.715314 0.941751 0.703975 0.849691 0.722058 0.920205 0.905182 0.873361 0.810682 0.909624 0.988008 0.823511 0.964203 0.887887 0.979776 0.917729 0.917073 0.733496 0.780896 0.000000 0.880704 0.926939 0.833893 0.893899 0.996722 0.977979 0.998773 0.872560 0.869137 0.879979 0.999104 0.891652 0.922770 0.937435 0.964503 0.922627 0.991629 0.981242 0.930471 0.933183 0.974344 0.897265 0.858750 0.983665 0.839178 0.879719 0.957869 0.994432 0.968408 0.923362 0.915959 0.946243 0.887529 0.936258 0.963564 0.718922 0.766892 0.721608 0.693380 0.926635 0.947618 0.960979 0.960472 0.877769 0.883549 0.861796 0.902269 0.988173 0.943176 0.911262 0.951142 0.991860 0.992488 0.952777 0.877110 0.896782 0.835446 0.927372 0.793981 0.983775 0.973273 0.884116 0.962293 0.809771 0.842115 0.847082 0.977445 0.976318 0.947629 0.739913 0.861896 0.732869 0.791353 0.916622 0.807251 0.810647 0.695638 0.972728 0.972788 0.978967 0.899628 0.951785 0.987300 0.996601 0.981876 0.928095 0.933716 0.879141 0.979493
0.809992 0.787503 0.790972 0.826048 0.989217 0.983454 0.981713 0.840425 0.811315 0.785586 0.751298 0.711765 0.922853 0.710592 0.896724 0.935269 0.777179 0.748372 0.833533 0.752553 0.939708 0.852592 0.858797 0.931985 0.686346 0.643392 0.880704 0.000000 0.771198 0.663304 0.789133 0.947410 0.993120 0.894065 0.764112 0.990319 0.915239 0.927253 0.941118 0.814763 0.870050 0.971658 0.985676 0.891849 0.838534 0.867801 0.934278 0.943249 0.878109 0.942089 0.974170 0.834450 0.928903 0.957147 0.885028 0.916346 0.797355 0.792635 0.870223 0.905577 0.944917 0.965039 0.821418 0.860820 0.727818 0.797269 0.932804 0.930616 0.832537 0.911169 0.929548 0.987894 0.837569 0.757297 0.973111 0.987033 0.962269 0.925973 0.974332 0.726895 0.803929 0.740937 0.955394 0.886203 0.950318 0.873100 0.982259 0.876335 0.867296 0.635097 0.889524 0.875146 0.988763 0.972686 0.943289 0.888991 0.959703 0.879485 0.801193 0.759941 0.980674 0.890083 0.878611 0.841506 0.961849 0.803512 0.972676 0.938701 0.999088 0.864329 0.958851 0.859348 0.857640 0.856224 0.937237 0.929702
0.656695 0.697925 0.900947 0.826699 0.898874 0.921699 0.912041 0.852687 0.985474 0.716615 0.560529 0.749347 0.910774 0.713236 0.773004 0.910801 0.491654 0.475204 0.622192 0.606549 0.783427 0.953130 0.895411 0.905964 0.769834 0.711421 0.926939 0.771198 0.000000 0.496483 0.992404 0.938943 0.840146 0.750628 0.807902 0.931249 0.927077 0.910346 0.932253 0.923455 0.936306 0.991884 0.653396 0.635784 0.686450 0.707221 0.836122 0.757870 0.707480 0.814014 0.955595 0.979932 0.961269 0.838520 0.916550 0.953898 0.610726 0.660384 0.998029 0.903609 0.997479 0.946213 0.741365 0.752279 0.812032 0.827860 0.995962 0.990155 0.746090 0.799893 0.955572 0.936548 0.964589 0.844176 0.987383 0.828565 0.923248 0.778000 0.842480 0.742418 0.637626 0.717105 0.841338 0.833051 0.956264 0.858029 0.987923 0.971631 0.826570 0.793117 0.898152 0.891927 0.987460 0.847550 0.924575 0.933050 0.912078 0.985508 0.613479 0.654161 0.818487 0.908951 0.807353 0.854825 0.891143 0.879929 0.954618 0.979257 0.998165 0.948107 0.764052 0.745692 0.687560 0.965485 0.934156 0.988168
0.670741 0.653294 0.703264 0.692449 0.998165 0.917254 0.983734 0.831262 0.811276 0.639636 0.553490 0.627162 0.930221 0.683352 0.978497 0.883941 0.536050 0.471454 0.652648 0.615757 0.816390 0.927438 0.781154 0.827273 0.631528 0.549225 0.833893 0.663304 0.496483 0.000000 0.849164 0.985672 0.926188 0.812528 0.676285 0.912935 0.759805 0.873612 0.868960 0.845646 0.884189 0.979010 0.807990 0.716794 0.750017 0.720039 0.975276 0.810588 0.681640 0.958787 0.984768 0.905820 0.883263 0.814008 0.774668 0.936960 0.589809 0.635413 0.943544 0.837643 0.937385 0.913060 0.646404 0.645679 0.572284 0.608967 0.876904 0.886703 0.829292 0.901336 0.956034 0.933415 0.979813 0.857473 0.970719 0.988175 0.951561 0.937832 0.873894 0.796373 0.604044 0.632056 0.866496 0.846584 0.811647 0.720140 0.941518 0.952015 0.708105 0.659121 0.885775 0.940715 0.901811 0.864164 0.994606 0.988048 0.953463 0.988342 0.706368 0.725411 0.767189 0.900969 0.763182 0.757492 0.793955 0.746863 0.980409 0.916171 0.962571 0.998417 0.903204 0.814286 0.724245 0.967059 0.926963 0.927072
0.930917 0.891651 0.547249 0.556240 0.923295 0.942056 0.656583 0.891182 0.771671 0.978049 0.923721 0.746424 0.957283 0.976632 0.804390 0.972064 0.943129 0.864977 0.828674 0.922505 0.956499 0.911620 0.525160 0.605093 0.578568 0.709816 0.893899 0.789133 0.992404 0.849164 0.000000 0.662227 0.712863 0.782992 0.672229 0.962230 0.842014 0.949903 0.643540 0.847070 0.855578 0.998230 0.748876 0.918969 0.980489 0.964253 0.803715 0.931425 0.840961 0.995048 0.958874 0.876017 0.827059 0.845396 0.764629 0.914225 0.863986 0.851700 0.856666 0.990683 0.980540 0.866503 0.935746 0.773018 0.623596 0.764799 0.733757 0.850599 0.916160 0.898729 0.780606 0.831784 0.935203 0.924785 0.903293 0.819620 0.761589 0.825842 0.890940 0.903805 0.955848 0.997647 0.943880 0.833645 0.662998 0.672443 0.938367 0.963726 0.889786 0.925470 0.956502 0.923989 0.930247 0.805184 0.854767 0.921366 0.936403 0.835291 0.909877 0.998769 0.972487 0.773763 0.951218 0.870317 0.917300 0.802999 0.991930 0.791610 0.995410 0.970577 0.882688 0.965433 0.954097 0.831948 0.954348 0.949876
0.945452 0.941984 0.766264 0.741654 0.921909 0.826910 0.778546 0.962629 0.980523 0.971404 0.978250 0.853151 0.842203 0.886037 0.846629 0.898154 0.872914 0.876949 0.656513 0.772138 0.972399 0.968676 0.633315 0.572504 0.727388 0.887940 0.996722 0.947410 0.938943 0.985672 0.662227 0.000000 0.703269 0.748621 0.865660 0.917447 0.852467 0.992740 0.809337 0.920040 0.856376 0.966292 0.771054 0.981952 0.959586 0.938696 0.831623 0.851267 0.858355 0.917380 0.970661 0.948672 0.973823 0.890853 0.848669 0.920433 0.838827 0.908559 0.963884 0.763964 0.800228 0.720132 0.866598 0.907941 0.882531 0.977447 0.817112 0.963279 0.991525 0.958838 0.760713 0.750851 0.788065 0.721577 0.982702 0.813072 0.877581 0.678735 0.744451 0.817811 0.815244 0.753456 0.783148 0.987507 0.660152 0.682903 0.933707 0.927178 0.795904 0.935947 0.951014 0.898895 0.942614 0.857663 0.929635 0.947246 0.989311 0.922167 0.984987 0.869183 0.883796 0.906576 0.920491 0.899948 0.971474 0.981048 0.923200 0.807318 0.852661 0.989334 0.944507 0.969825 0.964030 0.915040 0.982640 0.926343
0.684515 0.718791 0.713501 0.747781 0.841139 0.949653 0.663653 0.831701 0.964948 0.955806 0.856831 0.960545 0.997894 0.935400 0.903643 0.860972 0.727373 0.784594 0.614532 0.800152 0.991665 0.964330 0.712666 0.780348 0.811584 0.941836 0.977979 0.993120 0.840146 0.926188 0.712863 0.703269 0.000000 0.551691 0.747208 0.845646 0.880107 0.820693 0.835671 0.973523 0.761465 0.980338 0.698754 0.781972 0.759607 0.837941 0.854388 0.796664 0.982483 0.877750 0.939173 0.903712 0.872309 0.942086 0.832315 0.985813 0.723803 0.780140 0.720833 0.925878 0.844105 0.942319 0.710996 0.883551 0.841344 0.873344 0.561559 0.619361 0.867581 0.812777 0.812261 0.865412 0.831223 0.838566 0.919226 0.881256 0.709502 0.709134 0.719038 0.836195 0.758419 0.749490 0.924427 0.940563 0.687346 0.673853 0.982333 0.907836 0.912757 0.998845 0.890306 0.776483 0.845325 0.839601 0.941327 0.845900 0.953411 0.884356 0.857430 0.790856 0.994868 0.786455 0.843287 0.935002 0.773037 0.889830 0.896120 0.910406 0.974778 0.872846 0.782599 0.957483 0.933106 0.984613 0.957457 0.910797
0.681347 0.719656 0.811907 0.916405 0.860680 0.952156 0.625562 0.756987 0.952919 0.723308 0.690932 0.911191 0.937257 0.937295 0.952329 0.913633 0.681448 0.709004 0.613619 0.823485 0.960548 0.975328 0.858635 0.953588 0.999459 0.980922 0.998773 0.894065 0.750628 0.812528 0.782992 0.748621 0.551691 0.000000 0.816484 0.812457 0.924963 0.961089 0.907344 0.914719 0.869377 0.995734 0.707229 0.707664 0.566119 0.636473 0.737554 0.725095 0.783292 0.752842 0.755308 0.783886 0.871912 0.850854 0.850226 0.993831 0.703161 0.775711 0.685372 0.983629 0.790970 0.991700 0.664451 0.818778 0.963093 0.973242 0.574416 0.616031 0.797989 0.771767 0.858476 0.936094 0.800183 0.800861 0.866192 0.806013 0.708579 0.698434 0.790765 0.881588 0.754148 0.777199 0.888122 0.955894 0.762637 0.830273 0.994974 0.955842 0.886063 0.932218 0.751742 0.742113 0.808593 0.813380 0.902833 0.913426 0.852349 0.976288 0.700319 0.704912 0.950746 0.769002 0.804783 0.932732 0.892955 0.883440 0.983559 0.840732 0.898985 0.941056 0.786307 0.734874 0.676735 0.984386 0.978448 0.925385
0.946145 0.924213 0.621247 0.668385 0.800878 0.974331 0.794502 0.983839 0.789931 0.932742 0.853738 0.743451 0.909429 0.740535 0.974293 0.873640 0.824422 0.784607 0.951899 0.838225 0.824658 0.966313 0.673803 0.784302 0.662194 0.726818 0.872560 0.764112 0.807902 0.676285 0.672229 0.865660 0.747208 0.816484 0.000000 0.950962 0.826301 0.903938 0.834810 0.963817 0.824360 0.956241 0.971125 0.951578 0.941061 0.974599 0.906244 0.905371 0.858231 0.888237 0.921659 0.833196 0.875199 0.868262 0.697664 0.984460 0.862220 0.918200 0.741738 0.784452 0.785198 0.968100 0.908985 0.848693 0.605019 0.615034 0.610780 0.605755 0.981132 0.975965 0.876661 0.991880 0.905927 0.993297 0.985144 0.989296 0.827320 0.869366 0.985345 0.938915 0.921008 0.962586 0.919930 0.846736 0.690183 0.631655 0.888708 0.958240 0.870889 0.725488 0.931133 0.856820 0.828090 0.750445 0.989927 0.912044 0.921704 0.916105 0.914258 0.997696 0.825167 0.918832 0.955539 0.770219 0.791296 0.758360 0.991883 0.893394 0.971840 0.967597 0.982639 0.917789 0.798555 0.818116 0.857200 0.934756
0.974488 0.924488 0.997540 0.969667 0.860034 0.849815 0.905939 0.890394 0.843650 0.860472 0.920706 0.952446 0.940268 0.981608 0.899904 0.826745 0.987338 0.993196 0.978234 0.958327 0.851044 0.989372 0.926552 0.963906 0.902009 0.908217 0.869137 0.990319 0.931249 0.912935 0.962230 0.917447 0.845646 0.812457 0.950962 0.000000 0.937062 0.880203 0.943690 0.893958 0.885624 0.998930 0.948433 0.962628 0.988334 0.951036 0.893048 0.961202 0.872493 0.946919 0.939876 0.978991 0.917035 0.979685 0.945201 0.956647 0.936481 0.957581 0.977492 0.944209 0.977409 0.972591 0.957852 0.967214 0.971555 0.900601 0.819529 0.798977 0.985942 0.899231 0.981199 0.946802 0.948937 0.942341 0.876455 0.962610 0.968509 0.908871 0.926189 0.897725 0.926071 0.993835 0.797284 0.987933 0.951654 0.842397 0.983770 0.969631 0.991906 0.895463 0.893554 0.862201 0.944344 0.963411 0.995627 0.859761 0.975341 0.992191 0.908204 0.896317 0.883718 0.943429 0.861929 0.966937 0.849656 0.897970 0.992979 0.951729 0.972999 0.907398 0.892463 0.947574 0.943862 0.971969 0.991464 0.959367
0.867355 0.890162 0.875380 0.683874 0.903652 0.963461 0.987718 0.907906 0.739478 0.945456 0.823655 0.991349 0.892299 0.921150 0.969476 0.853345 0.985846 0.933838 0.965398 0.936072 0.910528 0.956936 0.939071 0.871064 0.769614 0.721906 0.879979 0.915239 0.927077 0.759805 0.842014 0.852467 0.880107 0.924963 0.826301 0.937062 0.000000 0.703448 0.895186 0.864557 0.751592 0.979475 0.936275 0.964779 0.901545 0.890567 0.923993 0.990563 0.961188 0.901582 0.707924 0.807793 0.806908 0.839328 0.823865 0.960416 0.898715 0.871032 0.749727 0.730316 0.871605 0.785368 0.910463 0.901503 0.841822 0.769733 0.996916 0.987062 0.810524 0.838652 0.839878 0.801227 0.817800 0.892237 0.919285 0.992658 0.893200 0.865220 0.881529 0.926978 0.901449 0.987044 0.943663 0.923773 0.989788 0.874101 0.823000 0.893985 0.918689 0.782801 0.949829 0.913188 0.827659 0.912147 0.896115 0.963097 0.917023 0.934515 0.954397 0.986808 0.958834 0.975169 0.945795 0.972571 0.731415 0.852866 0.983742 0.776285 0.854686 0.909264 0.980468 0.953788 0.929395 0.964770 0.949401 0.853866
0.806658 0.779927 0.986275 0.791710 0.865343 0.894692 0.881174 0.989805 0.968519 0.889196 0.750310 0.953909 0.807634 0.930825 0.833233 0.992896 0.982271 0.979144 0.944867 0.973280 0.939733 0.973159 0.979081 0.913784 0.811199 0.877785 0.999104 0.927253 0.910346 0.873612 0.949903 0.992740 0.820693 0.961089 0.903938 0.880203 0.703448 0.000000 0.957783 0.979680 0.749301 0.910749 0.977219 0.944817 0.916215 0.931921 0.976847 0.894566 0.984741 0.911032 0.852029 0.842039 0.909425 0.993278 0.826835 0.932649 0.877634 0.822533 0.871007 0.762337 0.934326 0.787206 0.972229 0.831065 0.942151 0.814460 0.993600 0.942884 0.864792 0.885034 0.910018 0.808344 0.971448 0.984160 0.933100 0.926473 0.862257 0.937649 0.965965 0.881421 0.971888 0.980027 0.900407 0.915660 0.945700 0.872073 0.928832 0.950990 0.998793 0.751676 0.910421 0.863178 0.987406 0.956887 0.969609 0.996522 0.964194 0.928497 0.954638 0.889646 0.994067 0.897304 0.973759 0.947047 0.739844 0.890697 0.942453 0.949997 0.958859 0.999703 0.976785 0.943754 0.944638 0.989955 0.984294 0.818089
