0.000000 0.221860 0.668029 0.788820 0.903233 0.797137 0.478548 0.405866 0.883587 0.479695 0.241988 0.234024 0.354533 0.410939 0.413293 0.490558 0.263647 0.216647 0.290640 0.266283 0.868078 0.867801 0.355847 0.872334 0.948855 0.969025 0.932362 0.924688 0.226452 0.258279 0.445575 0.405973 0.328817 0.306216 0.938467 0.904513 0.590314 0.833430 0.858761 0.882501 0.699873 0.755016 0.631711 0.537552 0.585129 0.484459 0.480970 0.443343 0.504131 0.565011 0.681250 0.686543 0.731144 0.989414 0.689657 0.693048 0.293218 0.249833 0.359329 0.344052 0.313570 0.510985 0.220769 0.231484 0.992338 0.997008 0.703674 0.674148 0.325835 0.272291 0.450773 0.544599 0.534006 0.590133 0.685201 0.884746 0.455960 0.601775 0.442594 0.296709 0.215411 0.288718 0.578131 0.525061 0.718180 0.999063 0.871487 0.808268 0.778749 0.713610 0.891594 0.871016 0.894305 0.950661 0.597990 0.725168 0.605765 0.791593 0.494700 0.497254 0.759963 0.652963 0.508233 0.537788 0.529640 0.545944 0.898073 0.971722 0.995764 0.842902 0.770567 0.613349 0.506685 0.679220 0.786526 0.856909
0.221860 0.000000 0.779526 0.859990 0.936725 0.853543 0.519681 0.430951 0.898187 0.448938 0.305467 0.293938 0.518377 0.568557 0.523088 0.570751 0.175698 0.180036 0.333639 0.277676 0.934776 0.795803 0.402316 0.949450 0.853489 0.880140 0.843631 0.997830 0.244728 0.243303 0.492770 0.452200 0.359042 0.329369 0.956616 0.805576 0.665186 0.769203 0.967424 0.974580 0.830909 0.604233 0.565251 0.474355 0.508771 0.452924 0.528100 0.428454 0.449678 0.555537 0.641003 0.661602 0.707480 0.923401 0.831622 0.805152 0.170881 0.161225 0.392247 0.403160 0.428806 0.609306 0.201383 0.187181 0.866305 0.897616 0.696427 0.676066 0.381473 0.285659 0.381870 0.463229 0.525631 0.548934 0.695083 0.803612 0.440282 0.406461 0.421107 0.369172 0.190594 0.361624 0.550669 0.563598 0.846728 0.880723 0.730826 0.673403 0.928493 0.867788 0.818562 0.801460 0.812436 0.965825 0.581880 0.708560 0.587925 0.657399 0.442437 0.417556 0.726569 0.598106 0.395639 0.442777 0.497224 0.478375 0.800648 0.875725 0.917067 0.865217 0.672383 0.551826 0.528665 0.698204 0.760398 0.908949
0.668029 0.779526 0.000000 0.211126 0.942189 0.604715 0.269048 0.408183 0.659443 0.768623 0.675780 0.750978 0.592739 0.561364 0.670289 0.564835 0.830270 0.710983 0.586199 0.613994 0.644056 0.805576 0.403333 0.399051 0.609088 0.386490 0.874876 0.980139 0.862311 0.749355 0.412979 0.488145 0.423502 0.451442 0.565738 0.623192 0.611300 0.694061 0.496360 0.680660 0.907525 0.903608 0.389333 0.426065 0.486740 0.482577 0.391869 0.388939 0.816095 0.668830 0.613126 0.621122 0.622100 0.794513 0.643857 0.609911 0.883805 0.866010 0.665565 0.665226 0.498545 0.544709 0.790427 0.871152 0.430066 0.420834 0.281800 0.351534 0.835211 0.733781 0.522398 0.483909 0.674335 0.562962 0.753896 0.842437 0.528864 0.834947 0.667257 0.530973 0.765800 0.609156 0.849250 0.825216 0.627506 0.547838 0.834170 0.995915 0.782616 0.625876 0.579235 0.654415 0.523827 0.502672 0.667555 0.710979 0.412705 0.789531 0.580124 0.558016 0.583435 0.625178 0.712772 0.734378 0.474704 0.600706 0.749613 0.657352 0.913606 0.832341 0.848931 0.708575 0.618521 0.671447 0.693544 0.914122
0.788820 0.859990 0.211126 0.000000 0.932886 0.635307 0.339964 0.420194 0.710603 0.795817 0.739275 0.850650 0.703157 0.644889 0.759155 0.625333 0.899480 0.787223 0.638935 0.664836 0.668774 0.802085 0.480226 0.420458 0.633151 0.389593 0.792341 0.932395 0.908915 0.832057 0.531025 0.542560 0.519204 0.540431 0.553770 0.569114 0.613601 0.727218 0.560239 0.794286 0.978021 0.891791 0.468912 0.506938 0.559332 0.571078 0.448491 0.496545 0.828449 0.677906 0.670188 0.675127 0.681367 0.817456 0.700611 0.657459 0.929168 0.924393 0.679083 0.723281 0.668256 0.610502 0.890025 0.972331 0.467927 0.415458 0.307929 0.382365 0.868376 0.809532 0.538085 0.528226 0.759538 0.621213 0.897228 0.910390 0.555020 0.838136 0.724249 0.635327 0.847353 0.642067 0.932683 0.886938 0.677899 0.550392 0.836353 0.888004 0.780148 0.600638 0.533065 0.602290 0.477905 0.434390 0.796518 0.668054 0.484273 0.735748 0.636429 0.563235 0.568308 0.677080 0.760666 0.729112 0.524154 0.660973 0.790444 0.702965 0.883307 0.869718 0.841530 0.710582 0.620594 0.666159 0.787018 0.813778
0.903233 0.936725 0.942189 0.932886 0.000000 0.928527 0.995619 0.962435 0.922315 0.953641 0.964979 0.990592 0.934058 0.858282 0.888125 0.988679 0.926006 0.960918 0.944094 0.873996 0.890040 0.996283 0.984461 0.939127 0.998266 0.963694 0.894920 0.908283 0.995239 0.954829 0.927241 0.934873 0.962237 0.921298 0.973511 0.932855 0.785809 0.997116 0.932237 0.945668 0.861132 0.963421 0.914407 0.957963 0.904058 0.889820 0.960556 0.950591 0.861795 0.859788 0.876518 0.869215 0.867747 0.835821 0.965230 0.884801 0.907117 0.923560 0.941266 0.940865 0.964457 0.858541 0.913061 0.912140 0.929042 0.854615 0.917651 0.890123 0.958606 0.951548 0.881917 0.876843 0.961441 0.981177 0.896885 0.954917 0.959883 0.997904 0.925840 0.974083 0.893517 0.928325 0.845539 0.984435 0.927303 0.907082 0.830710 0.946394 0.901483 0.955460 0.884216 0.972184 0.885929 0.975647 0.996954 0.948650 0.964048 0.751633 0.979005 0.858666 0.921893 0.954893 0.954319 0.929021 0.924886 0.995262 0.883426 0.992847 0.676974 0.906850 0.867484 0.821008 0.815051 0.985245 0.904941 0.976610
0.797137 0.853543 0.604715 0.635307 0.928527 0.000000 0.572113 0.733619 0.726302 0.718435 0.818861 0.711943 0.564975 0.675706 0.637223 0.490412 0.925923 0.842646 0.658217 0.755706 0.799659 0.761733 0.603442 0.624595 0.923212 0.686430 0.840242 0.678216 0.871855 0.813686 0.705527 0.722029 0.641505 0.589874 0.869474 0.896504 0.930713 0.964942 0.731168 0.873402 0.867469 0.996341 0.665722 0.636181 0.841906 0.840083 0.793000 0.693506 0.895108 0.774935 0.833782 0.755567 0.807101 0.864699 0.900376 0.866193 0.992367 0.923223 0.804196 0.805811 0.782229 0.919432 0.859882 0.898527 0.851355 0.867611 0.735750 0.830491 0.926691 0.691598 0.770577 0.748489 0.853058 0.668349 0.767352 0.838531 0.726003 0.799323 0.765571 0.620329 0.831826 0.714744 0.956149 0.965278 0.803565 0.818052 0.908621 0.772240 0.938787 0.910181 0.678492 0.690819 0.740855 0.670101 0.785564 0.769927 0.720161 0.860899 0.759483 0.712690 0.920159 0.804129 0.827336 0.788873 0.700216 0.802142 0.968037 0.855266 0.970486 0.862610 0.945834 0.858100 0.705392 0.916552 0.869870 0.998729
0.478548 0.519681 0.269048 0.339964 0.995619 0.572113 0.000000 0.206056 0.497882 0.395115 0.508161 0.577954 0.468875 0.600276 0.608933 0.559302 0.595261 0.514119 0.371075 0.404945 0.762223 0.789866 0.266014 0.617149 0.956455 0.687501 0.917684 0.903118 0.617958 0.518455 0.298548 0.421475 0.265518 0.241315 0.678194 0.570066 0.636767 0.743223 0.722468 0.829644 0.909499 0.762479 0.227813 0.234701 0.276601 0.277448 0.339362 0.295272 0.481934 0.386162 0.397510 0.386749 0.419426 0.626890 0.737431 0.624805 0.599602 0.566016 0.362681 0.420263 0.386379 0.530181 0.500537 0.549173 0.763627 0.733564 0.299550 0.402344 0.750372 0.510463 0.303446 0.276136 0.655941 0.471393 0.778290 0.768416 0.349638 0.618257 0.467591 0.402975 0.564712 0.568790 0.872791 0.825061 0.858982 0.914967 0.998108 0.851170 0.772981 0.806767 0.362544 0.412610 0.409964 0.444526 0.606527 0.620230 0.323398 0.637888 0.262781 0.270189 0.416976 0.401575 0.424788 0.434796 0.355656 0.388329 0.566067 0.568456 0.796331 0.842912 0.649127 0.505351 0.379848 0.542467 0.603624 0.893443
0.405866 0.430951 0.408183 0.420194 0.962435 0.733619 0.206056 0.000000 0.525632 0.333413 0.369293 0.488310 0.481959 0.586571 0.656702 0.649338 0.485084 0.441404 0.359551 0.332179 0.905718 0.848143 0.346591 0.774888 0.861385 0.867705 0.868999 0.854820 0.477536 0.458339 0.408386 0.434667 0.321707 0.294939 0.798597 0.630943 0.647771 0.820534 0.888707 0.941874 0.838749 0.670286 0.373424 0.384277 0.347324 0.351580 0.439915 0.416417 0.424648 0.421743 0.491539 0.485566 0.538756 0.734696 0.820972 0.642332 0.490376 0.444922 0.320160 0.391365 0.414742 0.470115 0.414031 0.435422 0.924665 0.848238 0.425281 0.506162 0.644214 0.452673 0.301895 0.330397 0.683204 0.596449 0.787848 0.870556 0.356990 0.624834 0.493714 0.445336 0.486715 0.511908 0.867238 0.810224 0.940761 0.944527 0.965690 0.801880 0.691369 0.769547 0.394896 0.444750 0.445755 0.526929 0.611269 0.657244 0.384588 0.581921 0.263601 0.260411 0.375857 0.432822 0.371420 0.380817 0.368996 0.406548 0.600968 0.634012 0.776643 0.833737 0.594245 0.453664 0.322571 0.492659 0.630131 0.954404
0.883587 0.898187 0.659443 0.710603 0.922315 0.726302 0.497882 0.525632 0.000000 0.437323 0.776246 0.844638 0.663319 0.937715 0.934285 0.894928 0.969203 0.984218 0.797306 0.838504 0.989943 0.864693 0.754979 0.983642 0.752390 0.968349 0.814349 0.904948 0.963359 0.962752 0.751369 0.914138 0.797118 0.677941 0.983175 0.784947 0.890815 0.964100 0.937657 0.844750 0.884951 0.987092 0.629463 0.641211 0.621452 0.584846 0.777604 0.746258 0.587162 0.481618 0.498534 0.494672 0.478706 0.546198 0.943369 0.909468 0.975931 0.913719 0.495559 0.621354 0.683453 0.764975 0.810909 0.829650 0.911747 0.959797 0.758098 0.863503 0.945773 0.825995 0.697685 0.689166 0.897706 0.961749 0.929139 0.911137 0.673656 0.841155 0.768850 0.818103 0.995209 0.887004 0.738587 0.793818 0.730681 0.733722 0.941858 0.771021 0.799107 0.964646 0.513525 0.567521 0.654106 0.549790 0.822472 0.928698 0.743059 0.917427 0.551344 0.537818 0.706021 0.587450 0.612131 0.648120 0.706930 0.715186 0.703555 0.602715 0.816968 0.925311 0.809190 0.760011 0.621049 0.763876 0.652424 0.866506
0.479695 0.448938 0.768623 0.795817 0.953641 0.718435 0.395115 0.333413 0.437323 0.000000 0.447080 0.468022 0.427583 0.670270 0.614369 0.697208 0.531822 0.552981 0.391353 0.405085 0.991875 0.834438 0.462673 0.966324 0.532455 0.741250 0.724749 0.847022 0.468311 0.461194 0.574479 0.592526 0.476081 0.412731 0.845224 0.784090 0.851921 0.995327 0.909669 0.876889 0.952536 0.705613 0.529217 0.496413 0.500002 0.477558 0.621429 0.562069 0.317428 0.390278 0.514438 0.494527 0.563960 0.713120 0.996862 0.873076 0.551182 0.460233 0.308392 0.437457 0.570548 0.784412 0.403611 0.401914 0.628071 0.680762 0.828306 0.948043 0.660392 0.433492 0.457976 0.474730 0.794364 0.705226 0.774038 0.753318 0.457416 0.572407 0.451709 0.523651 0.522134 0.709079 0.959898 0.918377 0.760021 0.539129 0.783318 0.670758 0.809498 0.919265 0.512180 0.455067 0.665914 0.735481 0.736996 0.804443 0.576707 0.698831 0.309371 0.324682 0.559540 0.456841 0.350922 0.398108 0.636191 0.528943 0.671753 0.684936 0.766644 0.869248 0.721689 0.622789 0.415026 0.668969 0.759956 0.895732
0.241988 0.305467 0.675780 0.739275 0.964979 0.818861 0.508161 0.369293 0.776246 0.447080 0.000000 0.309372 0.372634 0.444423 0.516063 0.550574 0.371710 0.323603 0.335102 0.290954 0.964007 0.838024 0.459339 0.908951 0.887591 0.950787 0.919263 0.929390 0.319484 0.326087 0.502808 0.486109 0.396879 0.399874 0.991272 0.867094 0.669719 0.901737 0.929947 0.914456 0.728606 0.742860 0.686894 0.600611 0.604275 0.518887 0.603953 0.589339 0.500108 0.591586 0.710369 0.700839 0.730913 0.956337 0.753900 0.705372 0.416832 0.351489 0.402308 0.437160 0.408108 0.561687 0.301606 0.324140 0.932853 0.966227 0.751726 0.748900 0.367382 0.350890 0.473903 0.502434 0.596676 0.661749 0.680576 0.943126 0.443929 0.592570 0.511353 0.357941 0.328451 0.375144 0.724917 0.642651 0.866342 0.895296 0.929536 0.730797 0.754222 0.780052 0.805513 0.819549 0.821875 0.986585 0.695430 0.765617 0.623902 0.809773 0.497160 0.487155 0.738435 0.606741 0.470367 0.529813 0.575157 0.587747 0.895006 0.924018 0.942599 0.858491 0.740417 0.665647 0.510697 0.645937 0.772852 0.971817
0.234024 0.293938 0.750978 0.850650 0.990592 0.711943 0.577954 0.488310 0.844638 0.468022 0.309372 0.000000 0.278431 0.381325 0.367073 0.347911 0.318315 0.285743 0.364439 0.361296 0.876626 0.850031 0.358136 0.806655 0.906470 0.952756 0.950615 0.990509 0.268763 0.288246 0.566211 0.469313 0.412929 0.390271 0.936606 0.968675 0.752760 0.986782 0.930748 0.976410 0.840016 0.838372 0.709203 0.602109 0.722557 0.578255 0.622879 0.507995 0.578370 0.563943 0.697993 0.661096 0.740441 0.881053 0.813505 0.809197 0.415823 0.319287 0.429069 0.411890 0.334835 0.517480 0.231239 0.258631 0.947326 0.979261 0.841889 0.802671 0.442907 0.334214 0.550872 0.584311 0.509196 0.525901 0.615434 0.785261 0.545473 0.564324 0.480502 0.348764 0.283390 0.337896 0.627631 0.566566 0.713580 0.996070 0.842078 0.920148 0.808383 0.763506 0.897373 0.918917 0.957612 0.842278 0.626704 0.815031 0.699940 0.847982 0.602538 0.544625 0.822503 0.687007 0.588481 0.671701 0.541809 0.567382 0.944829 0.967931 0.981104 0.822843 0.866541 0.677902 0.543333 0.788474 0.774650 0.960854
0.354533 0.518377 0.592739 0.703157 0.934058 0.564975 0.468875 0.481959 0.663319 0.427583 0.372634 0.278431 0.000000 0.338695 0.372881 0.323809 0.583264 0.518026 0.388102 0.476008 0.800002 0.896724 0.357456 0.662476 0.943563 0.935309 0.941185 0.977622 0.443209 0.414748 0.564293 0.512411 0.453861 0.423447 0.917920 0.990941 0.757419 0.960719 0.781175 0.837363 0.854997 0.958199 0.670757 0.587546 0.747811 0.583120 0.582126 0.538979 0.602627 0.511418 0.650994 0.599256 0.663477 0.803806 0.752996 0.696374 0.699588 0.552075 0.445399 0.464690 0.331277 0.579000 0.397631 0.461275 0.958172 0.965310 0.838039 0.845246 0.529028 0.438453 0.611640 0.631563 0.596548 0.621213 0.739376 0.796453 0.568266 0.689960 0.523263 0.364507 0.499642 0.448149 0.797332 0.694336 0.753104 0.958462 0.926324 0.961167 0.648910 0.803873 0.838767 0.819557 0.956763 0.960630 0.695888 0.847420 0.656181 0.886921 0.599166 0.574989 0.796096 0.651680 0.640109 0.699532 0.653193 0.657310 0.980289 0.993243 0.905011 0.777246 0.965157 0.787099 0.565213 0.787184 0.790869 0.974724
0.410939 0.568557 0.561364 0.644889 0.858282 0.675706 0.600276 0.586571 0.937715 0.670270 0.444423 0.381325 0.338695 0.000000 0.316015 0.329250 0.620742 0.505052 0.383822 0.394361 0.728856 0.756934 0.406566 0.539524 0.909167 0.849255 0.957800 0.929165 0.451934 0.433891 0.592250 0.442517 0.506035 0.487793 0.930542 0.992716 0.764854 0.978237 0.694283 0.838555 0.826746 0.904245 0.792375 0.757417 0.934511 0.810890 0.587731 0.654295 0.891467 0.893751 0.994160 0.940570 0.952214 0.870950 0.712054 0.801053 0.710364 0.673079 0.681532 0.737987 0.528283 0.700410 0.588353 0.613092 0.835374 0.849590 0.855875 0.858712 0.483891 0.501236 0.731802 0.787737 0.561113 0.674532 0.727066 0.813923 0.620437 0.740996 0.652744 0.473392 0.522503 0.348218 0.680376 0.575261 0.606605 0.759977 0.984681 0.936884 0.787674 0.722476 0.984765 0.947105 0.982878 0.940678 0.725200 0.813195 0.750248 0.825287 0.797155 0.740284 0.835534 0.783527 0.753656 0.793735 0.746160 0.784251 0.888392 0.881544 0.924397 0.778192 0.986462 0.854241 0.746794 0.825627 0.923673 0.937553
0.413293 0.523088 0.670289 0.759155 0.888125 0.637223 0.608933 0.656702 0.934285 0.614369 0.516063 0.367073 0.372881 0.316015 0.000000 0.356327 0.524415 0.441144 0.385185 0.394730 0.777872 0.758218 0.398251 0.613874 0.953392 0.890427 0.970937 0.888107 0.461634 0.366334 0.489180 0.395684 0.484257 0.461923 0.962249 0.990260 0.812410 0.975293 0.758510 0.887254 0.838616 0.984626 0.723549 0.650798 0.862547 0.756345 0.628126 0.583551 0.819927 0.774455 0.909391 0.841286 0.900893 0.957655 0.873818 0.938603 0.658331 0.597676 0.606144 0.662422 0.558382 0.828087 0.532985 0.548997 0.996495 0.987961 0.864964 0.885756 0.449377 0.508280 0.666044 0.685382 0.504581 0.570080 0.724306 0.783442 0.646329 0.618928 0.451664 0.475528 0.493122 0.435769 0.695789 0.575695 0.780412 0.888011 0.941315 0.947673 0.860657 0.894723 0.986544 0.977798 0.912252 0.886571 0.701097 0.848288 0.704758 0.821417 0.730886 0.684147 0.874244 0.816876 0.716622 0.747064 0.757657 0.781463 0.978847 0.862569 0.979704 0.776116 0.982952 0.862079 0.738895 0.859671 0.942582 0.990434
0.490558 0.570751 0.564835 0.625333 0.988679 0.490412 0.559302 0.649338 0.894928 0.697208 0.550574 0.347911 0.323809 0.329250 0.356327 0.000000 0.581592 0.519592 0.416716 0.494335 0.717298 0.734278 0.344927 0.433606 0.790124 0.745912 0.913199 0.804342 0.538817 0.450534 0.559960 0.445141 0.460195 0.422837 0.978008 0.965169 0.757627 0.967746 0.736196 0.827741 0.938370 0.995753 0.619865 0.546397 0.825366 0.677032 0.585848 0.515099 0.839105 0.665219 0.764308 0.694587 0.772592 0.837345 0.714459 0.872453 0.732666 0.652280 0.630691 0.688415 0.488858 0.676936 0.534562 0.599219 0.769009 0.774338 0.772920 0.765903 0.620299 0.507828 0.660468 0.646340 0.532654 0.494255 0.701446 0.733758 0.644635 0.674546 0.557379 0.430690 0.560315 0.443646 0.758547 0.648963 0.601233 0.678249 0.844784 0.894605 0.844459 0.770235 0.919235 0.889041 0.986412 0.968272 0.738638 0.746150 0.687671 0.797853 0.735923 0.653844 0.919931 0.743327 0.745784 0.815737 0.617710 0.655389 0.997735 0.969168 0.900096 0.693414 0.989685 0.791207 0.672512 0.833290 0.869166 0.935695
0.263647 0.175698 0.830270 0.899480 0.926006 0.925923 0.595261 0.485084 0.969203 0.531822 0.371710 0.318315 0.583264 0.620742 0.524415 0.581592 0.000000 0.181594 0.378763 0.316276 0.941899 0.799783 0.451211 0.955386 0.930678 0.900449 0.880940 0.976662 0.283626 0.258834 0.483599 0.444992 0.384601 0.374235 0.981076 0.840253 0.721537 0.793168 0.974681 0.969220 0.806135 0.611587 0.574211 0.516277 0.532955 0.481904 0.537311 0.449660 0.458547 0.580826 0.672409 0.698020 0.764892 0.955252 0.865487 0.874215 0.201304 0.201921 0.433046 0.476849 0.491904 0.650957 0.226587 0.230599 0.883711 0.916471 0.734786 0.727131 0.401072 0.313501 0.452493 0.504602 0.519600 0.556668 0.643174 0.867426 0.488644 0.488268 0.424034 0.418559 0.205116 0.394752 0.511670 0.570385 0.826114 0.911061 0.771295 0.703007 0.907366 0.867236 0.889004 0.878530 0.899079 0.889411 0.647665 0.765221 0.628129 0.673731 0.524353 0.472207 0.761491 0.683464 0.465324 0.508315 0.529162 0.484013 0.840192 0.930949 0.927572 0.869868 0.730486 0.583167 0.557577 0.678684 0.728035 0.923228
0.216647 0.180036 0.710983 0.787223 0.960918 0.842646 0.514119 0.441404 0.984218 0.552981 0.323603 0.285743 0.518026 0.505052 0.441144 0.519592 0.181594 0.000000 0.310219 0.228629 0.881112 0.765478 0.360046 0.827688 0.986927 0.992433 0.889917 0.999195 0.243823 0.216608 0.438748 0.391887 0.344419 0.301511 0.877719 0.871283 0.640730 0.772113 0.872518 0.983461 0.701753 0.677893 0.552583 0.473933 0.538089 0.493410 0.539827 0.405364 0.533313 0.601714 0.711946 0.721680 0.764727 0.958293 0.810456 0.819384 0.198100 0.204694 0.446954 0.457145 0.442125 0.624304 0.234787 0.229376 0.963596 0.985943 0.667744 0.635184 0.397295 0.333822 0.405368 0.460423 0.493351 0.487290 0.722885 0.770218 0.460617 0.456663 0.438301 0.334270 0.198537 0.293620 0.523073 0.520617 0.743731 0.984181 0.856331 0.794794 0.892360 0.788561 0.812959 0.823432 0.801302 0.971691 0.577112 0.785358 0.614751 0.656629 0.497579 0.461510 0.752482 0.640794 0.457445 0.508471 0.480006 0.483974 0.821399 0.962598 0.958274 0.828813 0.738915 0.547169 0.543533 0.622218 0.791475 0.875933
0.290640 0.333639 0.586199 0.638935 0.944094 0.658217 0.371075 0.359551 0.797306 0.391353 0.335102 0.364439 0.388102 0.383822 0.385185 0.416716 0.378763 0.310219 0.000000 0.217822 0.794081 0.703719 0.311633 0.740517 0.963721 0.987370 0.903688 0.984300 0.287049 0.268767 0.370278 0.325916 0.278370 0.242058 0.993563 0.772407 0.678544 0.839508 0.817191 0.991834 0.867515 0.673488 0.491082 0.447287 0.546891 0.494961 0.469411 0.425366 0.498747 0.539225 0.691549 0.666176 0.750556 0.940170 0.896530 0.800754 0.405160 0.391554 0.382572 0.478726 0.504037 0.779416 0.348938 0.398008 0.911071 0.915645 0.675753 0.782957 0.452173 0.328337 0.417228 0.465683 0.560752 0.536538 0.691688 0.778474 0.438343 0.491320 0.458879 0.361367 0.394919 0.417251 0.782882 0.727916 0.916225 0.916603 0.817457 0.820497 0.858404 0.919944 0.712526 0.648158 0.783826 0.869594 0.746671 0.634124 0.567532 0.634842 0.412609 0.382328 0.631913 0.537346 0.426327 0.427029 0.561520 0.563066 0.841457 0.845584 0.949286 0.846871 0.759918 0.602993 0.443675 0.592356 0.825326 0.958502
0.266283 0.277676 0.613994 0.664836 0.873996 0.755706 0.404945 0.332179 0.838504 0.405085 0.290954 0.361296 0.476008 0.394361 0.394730 0.494335 0.316276 0.228629 0.217822 0.000000 0.881099 0.708354 0.336317 0.786243 0.894405 0.996200 0.789663 0.970181 0.276691 0.220241 0.381089 0.307056 0.300014 0.251980 0.946743 0.794765 0.625678 0.793037 0.830699 0.995797 0.741062 0.653902 0.503071 0.448352 0.535679 0.526411 0.514382 0.443867 0.542274 0.621782 0.750585 0.733177 0.778897 0.989920 0.864291 0.864398 0.327447 0.327107 0.414334 0.518887 0.521108 0.727496 0.341639 0.331904 0.889091 0.915214 0.680091 0.719213 0.433521 0.331181 0.410978 0.458485 0.554760 0.549597 0.702638 0.768885 0.384776 0.493538 0.408765 0.390666 0.326344 0.354685 0.749358 0.679801 0.920323 0.904010 0.783502 0.738624 0.906187 0.852452 0.715672 0.639918 0.748543 0.881351 0.634714 0.713415 0.533543 0.593144 0.408903 0.384958 0.632786 0.539936 0.363178 0.405220 0.517810 0.507378 0.810362 0.847198 0.959574 0.802858 0.675483 0.565048 0.489970 0.543611 0.777014 0.989126
0.868078 0.934776 0.644056 0.668774 0.890040 0.799659 0.762223 0.905718 0.989943 0.991875 0.964007 0.876626 0.800002 0.728856 0.777872 0.717298 0.941899 0.881112 0.794081 0.881099 0.000000 0.895244 0.691335 0.616674 0.605518 0.659779 0.813832 0.870468 0.990669 0.906248 0.750022 0.720217 0.800596 0.753486 0.781930 0.913613 0.792361 0.886822 0.527151 0.833792 0.885519 0.956500 0.821744 0.825725 0.906214 0.861400 0.634495 0.701426 0.947828 0.999211 0.991235 0.975134 0.993871 0.852613 0.863834 0.831457 0.883113 0.980126 0.910300 0.919898 0.810954 0.894992 0.908528 0.993812 0.649281 0.730497 0.727242 0.759764 0.918020 0.896058 0.943839 0.925561 0.783639 0.836429 0.805004 0.788225 0.948277 0.985593 0.936066 0.817361 0.919588 0.776611 0.803911 0.697571 0.691712 0.669138 0.999602 0.907386 0.942958 0.818188 0.921223 0.919665 0.979892 0.999486 0.944312 0.709932 0.858702 0.868485 0.942235 0.919033 0.943860 0.915311 0.921729 0.977554 0.986497 0.989209 0.891822 0.934570 0.976335 0.933268 0.887785 0.903780 0.968562 0.991082 0.877500 0.892714
0.867801 0.795803 0.805576 0.802085 0.996283 0.761733 0.789866 0.848143 0.864693 0.834438 0.838024 0.850031 0.896724 0.756934 0.758218 0.734278 0.799783 0.765478 0.703719 0.708354 0.895244 0.000000 0.779392 0.868745 0.920020 0.904540 0.832076 0.770876 0.821957 0.754692 0.701564 0.699625 0.729577 0.731527 0.820426 0.790295 0.818877 0.653223 0.928287 0.973381 0.886005 0.831754 0.736462 0.746359 0.801599 0.848422 0.918316 0.793166 0.936159 0.888953 0.936067 0.892231 0.883042 0.919768 0.957425 0.951461 0.868709 0.897932 0.874661 0.987677 0.999214 0.881818 0.868008 0.904457 0.970417 0.972796 0.873517 0.921125 0.870157 0.812926 0.772830 0.755100 0.764391 0.738096 0.901074 0.839393 0.844705 0.754589 0.879278 0.782907 0.845118 0.878205 0.989367 0.929245 0.921556 0.977888 0.877447 0.797212 0.908119 0.861414 0.813135 0.852063 0.864627 0.865498 0.882868 0.810234 0.912926 0.717161 0.795287 0.793566 0.927594 0.788716 0.696664 0.618552 0.804360 0.890374 0.995005 0.886074 0.942365 0.799689 0.874347 0.876571 0.889979 0.776203 0.975819 0.882984
0.355847 0.402316 0.403333 0.480226 0.984461 0.603442 0.266014 0.346591 0.754979 0.462673 0.459339 0.358136 0.357456 0.406566 0.398251 0.344927 0.451211 0.360046 0.311633 0.336317 0.691335 0.779392 0.000000 0.510533 0.898506 0.712657 0.969810 0.990752 0.451170 0.332317 0.282475 0.273210 0.224931 0.218071 0.799406 0.765456 0.621355 0.829628 0.698835 0.902974 0.882890 0.759508 0.356157 0.316622 0.446478 0.383673 0.364751 0.313357 0.552441 0.495825 0.539602 0.510128 0.581199 0.763503 0.697782 0.722024 0.489802 0.453738 0.432230 0.471178 0.353632 0.594046 0.364435 0.411781 0.822628 0.835902 0.487730 0.526149 0.607221 0.409294 0.384136 0.363019 0.486725 0.338090 0.706082 0.724624 0.382310 0.557254 0.395681 0.356395 0.399454 0.398222 0.655771 0.635351 0.697677 0.845941 0.933660 0.938227 0.860841 0.817086 0.632807 0.652970 0.684115 0.826589 0.617615 0.653927 0.448846 0.680065 0.428371 0.403118 0.666687 0.569687 0.476909 0.534451 0.418867 0.435640 0.684114 0.845077 0.899173 0.731980 0.702074 0.579951 0.452584 0.668305 0.701191 0.957139
0.872334 0.949450 0.399051 0.420458 0.939127 0.624595 0.617149 0.774888 0.983642 0.966324 0.908951 0.806655 0.662476 0.539524 0.613874 0.433606 0.955386 0.827688 0.740517 0.786243 0.616674 0.868745 0.510533 0.000000 0.530447 0.436696 0.799163 0.903500 0.993401 0.795036 0.654252 0.568149 0.640443 0.674194 0.755039 0.874756 0.777090 0.940127 0.483579 0.784273 0.931410 0.896318 0.700590 0.711877 0.902508 0.869814 0.647756 0.641628 0.864333 0.985523 0.981170 0.952754 0.986041 0.985850 0.789697 0.810122 0.953029 0.944301 0.987618 0.986000 0.748354 0.800576 0.989416 0.954268 0.459396 0.468678 0.616240 0.616880 0.954463 0.906434 0.813073 0.766038 0.700313 0.605093 0.914265 0.829524 0.775028 0.943079 0.805227 0.722000 0.902041 0.630355 0.784715 0.675997 0.522704 0.425837 0.819365 0.686459 0.844366 0.746829 0.851438 0.892652 0.845339 0.837609 0.810188 0.867378 0.702712 0.804801 0.946768 0.859807 0.860905 0.938132 0.999004 0.912870 0.794799 0.822200 0.995290 0.990788 0.956595 0.807813 0.951692 0.944823 0.901929 0.936839 0.983064 0.917135
0.948855 0.853489 0.609088 0.633151 0.998266 0.923212 0.956455 0.861385 0.752390 0.532455 0.887591 0.906470 0.943563 0.909167 0.953392 0.790124 0.930678 0.986927 0.963721 0.894405 0.605518 0.920020 0.898506 0.530447 0.000000 0.325341 0.615019 0.797495 0.813428 0.893078 0.779612 0.810713 0.881355 0.976762 0.521824 0.859186 0.826665 0.731836 0.481521 0.678313 0.970486 0.891609 0.912484 0.904761 0.966163 0.948606 0.768323 0.768887 0.699978 0.839618 0.950597 0.900024 0.905969 0.849619 0.742858 0.906036 0.870324 0.804704 0.815404 0.891598 0.931060 0.861585 0.857645 0.746468 0.320641 0.387766 0.631153 0.601432 0.974124 0.872637 0.910137 0.984462 0.737453 0.778210 0.888328 0.884288 0.955257 0.883812 0.919008 0.908011 0.946946 0.838788 0.687767 0.816010 0.450605 0.301953 0.782372 0.721613 0.942977 0.642389 0.747261 0.635986 0.878682 0.929285 0.880776 0.944605 0.918557 0.841310 0.713954 0.786480 0.874561 0.841894 0.715124 0.700940 0.936365 0.935138 0.883418 0.868760 0.870623 0.980071 0.944357 0.790814 0.779752 0.967975 0.960494 0.922856
0.969025 0.880140 0.386490 0.389593 0.963694 0.686430 0.687501 0.867705 0.968349 0.741250 0.950787 0.952756 0.935309 0.849255 0.890427 0.745912 0.900449 0.992433 0.987370 0.996200 0.659779 0.904540 0.712657 0.436696 0.325341 0.000000 0.639863 0.819305 0.824406 0.928246 0.667247 0.708184 0.759747 0.806824 0.465762 0.794221 0.802569 0.766845 0.455836 0.612565 0.955975 0.963254 0.681863 0.694697 0.802396 0.823806 0.668362 0.679915 0.837367 0.975171 0.862372 0.882924 0.876253 0.927848 0.668690 0.733050 0.852069 0.799807 0.945801 0.972153 0.836897 0.789196 0.887392 0.768783 0.276323 0.294709 0.434166 0.441997 0.952689 0.948050 0.874786 0.754178 0.723313 0.654353 0.947219 0.939991 0.913348 0.962456 0.962821 0.817959 0.995712 0.754500 0.784225 0.884647 0.477982 0.281703 0.805517 0.672439 0.943545 0.617755 0.879109 0.980411 0.772476 0.677030 0.892224 0.864700 0.728641 0.999575 0.955432 0.972764 0.908502 0.906524 0.886899 0.898099 0.690641 0.884435 0.904113 0.956432 0.909655 0.868536 0.984962 0.996336 0.956295 0.916939 0.907430 0.910856
0.932362 0.843631 0.874876 0.792341 0.894920 0.840242 0.917684 0.868999 0.814349 0.724749 0.919263 0.950615 0.941185 0.957800 0.970937 0.913199 0.880940 0.889917 0.903688 0.789663 0.813832 0.832076 0.969810 0.799163 0.615019 0.639863 0.000000 0.774413 0.886451 0.791631 0.862043 0.925994 0.950906 0.852094 0.890603 0.944684 0.872592 0.959926 0.778309 0.817483 0.993985 0.864088 0.893619 0.865595 0.846284 0.916782 0.932157 0.998658 0.994324 0.917779 0.926422 0.893457 0.890575 0.847691 0.792547 0.779761 0.821144 0.822255 0.893061 0.965415 0.971533 0.955124 0.864620 0.789321 0.587886 0.645601 0.908101 0.936446 0.931144 0.952223 0.819215 0.825757 0.917719 0.943806 0.886937 0.867219 0.919272 0.830702 0.882628 0.975182 0.933754 0.841872 0.844735 0.924693 0.509643 0.543451 0.790118 0.565485 0.864580 0.608798 0.832230 0.841535 0.947756 0.952843 0.790664 0.956547 0.838376 0.751666 0.721378 0.812693 0.841543 0.811671 0.643437 0.718324 0.958542 0.800076 0.808818 0.710666 0.799601 0.891541 0.695788 0.824384 0.826496 0.853598 0.911809 0.916453
0.924688 0.997830 0.980139 0.932395 0.908283 0.678216 0.903118 0.854820 0.904948 0.847022 0.929390 0.990509 0.977622 0.929165 0.888107 0.804342 0.976662 0.999195 0.984300 0.970181 0.870468 0.770876 0.990752 0.903500 0.797495 0.819305 0.774413 0.000000 0.968371 0.968055 0.968893 0.901973 0.989566 0.970497 0.830157 0.974198 0.982039 0.999841 0.860232 0.957739 0.967911 0.957542 0.994432 0.975548 0.892220 0.939632 0.970950 0.968521 0.916021 0.932678 0.927244 0.950282 0.935962 0.958906 0.939966 0.864504 0.979523 0.976352 0.922654 0.869977 0.846840 0.805930 0.973150 0.913066 0.961147 0.982938 0.981763 0.952215 0.953288 0.952846 0.976523 0.812946 0.967887 0.921983 0.939660 0.959570 0.992373 0.951352 0.992252 0.950107 0.980764 0.950245 0.935645 0.926335 0.909807 0.841851 0.783415 0.873060 0.734285 0.916723 0.867657 0.907057 0.849949 0.940449 0.784647 0.909995 0.905517 0.993593 0.869551 0.918821 0.777747 0.818860 0.900698 0.981751 0.945210 0.948063 0.812105 0.831605 0.819520 0.868694 0.944722 0.924221 0.930254 0.908716 0.972795 0.995617
0.226452 0.244728 0.862311 0.908915 0.995239 0.871855 0.617958 0.477536 0.963359 0.468311 0.319484 0.268763 0.443209 0.451934 0.461634 0.538817 0.283626 0.243823 0.287049 0.276691 0.990669 0.821957 0.451170 0.993401 0.813428 0.824406 0.886451 0.968371 0.000000 0.211010 0.539368 0.451516 0.448025 0.378929 0.940091 0.987603 0.660679 0.877453 0.997760 0.910789 0.756733 0.671281 0.696482 0.611849 0.690867 0.606023 0.666200 0.553245 0.525693 0.615000 0.768628 0.752557 0.824939 0.971310 0.841777 0.802864 0.299584 0.276952 0.454396 0.471898 0.499142 0.702282 0.256112 0.247526 0.757672 0.796009 0.883126 0.884327 0.350944 0.293068 0.496731 0.604991 0.514778 0.597977 0.732752 0.821183 0.511402 0.472754 0.544726 0.409524 0.259360 0.366497 0.642034 0.620167 0.897600 0.844883 0.751807 0.791335 0.898840 0.872332 0.909009 0.825342 0.963407 0.890005 0.677605 0.760127 0.694697 0.750039 0.540529 0.537009 0.777260 0.604168 0.481234 0.522792 0.630528 0.596149 0.934081 0.991124 0.956838 0.771613 0.747796 0.585278 0.525376 0.649537 0.891299 0.849302
0.258279 0.243303 0.749355 0.832057 0.954829 0.813686 0.518455 0.458339 0.962752 0.461194 0.326087 0.288246 0.414748 0.433891 0.366334 0.450534 0.258834 0.216608 0.268767 0.220241 0.906248 0.754692 0.332317 0.795036 0.893078 0.928246 0.791631 0.968055 0.211010 0.000000 0.389231 0.342656 0.327274 0.287020 0.973769 0.898104 0.635482 0.812623 0.850483 0.974443 0.781539 0.675744 0.538682 0.465270 0.587988 0.530887 0.586427 0.460002 0.551011 0.587910 0.715222 0.684804 0.764527 0.902571 0.859598 0.857046 0.314329 0.284149 0.492976 0.525224 0.469504 0.737207 0.259837 0.256350 0.816588 0.848840 0.790590 0.781752 0.360027 0.308763 0.437349 0.497924 0.422733 0.425747 0.740621 0.741982 0.446619 0.430548 0.407560 0.383098 0.270085 0.359910 0.633512 0.606166 0.921256 0.881035 0.761924 0.723864 0.943401 0.957893 0.840228 0.771172 0.915784 0.915469 0.604688 0.726906 0.573900 0.621579 0.476171 0.450764 0.716148 0.576932 0.419605 0.499457 0.614957 0.494116 0.829960 0.884966 0.887196 0.737413 0.719045 0.543797 0.517135 0.578327 0.841234 0.999758
0.445575 0.492770 0.412979 0.531025 0.927241 0.705527 0.298548 0.408386 0.751369 0.574479 0.502808 0.566211 0.564293 0.592250 0.489180 0.559960 0.483599 0.438748 0.370278 0.381089 0.750022 0.701564 0.282475 0.654252 0.779612 0.667247 0.862043 0.968893 0.539368 0.389231 0.000000 0.283710 0.246750 0.250506 0.657422 0.699299 0.578653 0.684220 0.652545 0.807583 0.870981 0.752966 0.301834 0.268914 0.324925 0.325698 0.376668 0.332718 0.555751 0.542626 0.511619 0.514703 0.562521 0.766433 0.778523 0.776216 0.558121 0.566002 0.487450 0.574894 0.468700 0.720274 0.454987 0.525534 0.860576 0.877504 0.436992 0.507619 0.641273 0.499828 0.386567 0.360722 0.416776 0.359850 0.692950 0.816901 0.399471 0.615525 0.431419 0.407598 0.507806 0.570512 0.647160 0.755575 0.881766 0.928295 0.963358 0.748634 0.958937 0.944135 0.679833 0.718870 0.753478 0.816822 0.674305 0.658896 0.427639 0.713553 0.411346 0.453235 0.670416 0.509957 0.466655 0.486913 0.483918 0.482960 0.615466 0.682424 0.834761 0.796714 0.591236 0.597937 0.468083 0.568888 0.597453 0.943344
0.405973 0.452200 0.488145 0.542560 0.934873 0.722029 0.421475 0.434667 0.914138 0.592526 0.486109 0.469313 0.512411 0.442517 0.395684 0.445141 0.444992 0.391887 0.325916 0.307056 0.720217 0.699625 0.273210 0.568149 0.810713 0.708184 0.925994 0.901973 0.451516 0.342656 0.283710 0.000000 0.296248 0.324586 0.757600 0.763645 0.555347 0.827252 0.682174 0.913415 0.908993 0.706328 0.472456 0.453193 0.543650 0.566381 0.455836 0.445402 0.689959 0.750502 0.782660 0.781360 0.858109 0.971253 0.788750 0.843904 0.518854 0.528447 0.568846 0.672195 0.551164 0.773508 0.466955 0.530811 0.885645 0.902636 0.593366 0.660846 0.560925 0.446475 0.513508 0.493881 0.456897 0.436528 0.681649 0.879535 0.495054 0.635195 0.455926 0.493115 0.447250 0.435396 0.665432 0.684173 0.804825 0.868589 0.913900 0.905869 0.901544 0.882376 0.822545 0.820288 0.857983 0.923009 0.750292 0.705397 0.496422 0.689044 0.549588 0.546890 0.727838 0.617278 0.520826 0.539013 0.551303 0.578959 0.849075 0.867801 0.940367 0.690984 0.741598 0.640646 0.561075 0.640866 0.751005 0.911318
0.328817 0.359042 0.423502 0.519204 0.962237 0.641505 0.265518 0.321707 0.797118 0.476081 0.396879 0.412929 0.453861 0.506035 0.484257 0.460195 0.384601 0.344419 0.278370 0.300014 0.800596 0.729577 0.224931 0.640443 0.881355 0.759747 0.950906 0.989566 0.448025 0.327274 0.246750 0.296248 0.000000 0.202139 0.742147 0.648126 0.605209 0.677430 0.740909 0.908466 0.908844 0.714996 0.311736 0.286893 0.335030 0.318250 0.322047 0.315992 0.484761 0.480659 0.501446 0.491613 0.562086 0.778619 0.710954 0.664118 0.435078 0.416074 0.412974 0.453991 0.373935 0.577531 0.341867 0.410337 0.836408 0.840553 0.420151 0.485228 0.569958 0.387490 0.328520 0.347065 0.461923 0.349571 0.707233 0.771823 0.372809 0.567281 0.410954 0.359473 0.373059 0.419974 0.668616 0.741660 0.751508 0.907172 0.884786 0.771346 0.916014 0.842927 0.610325 0.635114 0.636478 0.790195 0.656801 0.640357 0.422983 0.625169 0.351068 0.368953 0.559141 0.498635 0.449701 0.460402 0.356259 0.401979 0.677408 0.710369 0.913646 0.774169 0.615234 0.570415 0.402563 0.596555 0.625557 0.915234
0.306216 0.329369 0.451442 0.540431 0.921298 0.589874 0.241315 0.294939 0.677941 0.412731 0.399874 0.390271 0.423447 0.487793 0.461923 0.422837 0.374235 0.301511 0.242058 0.251980 0.753486 0.731527 0.218071 0.674194 0.976762 0.806824 0.852094 0.970497 0.378929 0.287020 0.250506 0.324586 0.202139 0.000000 0.762443 0.728389 0.581566 0.733933 0.747492 0.912793 0.825176 0.730158 0.308626 0.252688 0.370152 0.330581 0.377564 0.311991 0.464837 0.428057 0.497481 0.495508 0.553147 0.760419 0.749320 0.708989 0.398087 0.384667 0.357468 0.436496 0.393622 0.631728 0.320760 0.369243 0.931376 0.925537 0.470418 0.521177 0.564123 0.343953 0.318075 0.341540 0.528604 0.406409 0.763679 0.721009 0.369911 0.502274 0.390752 0.310386 0.368246 0.420397 0.695904 0.675772 0.828630 0.964645 0.796912 0.776824 0.884677 0.883062 0.587130 0.562582 0.645504 0.754856 0.538552 0.632820 0.460368 0.605957 0.333366 0.327668 0.612387 0.469562 0.382787 0.413422 0.384613 0.375733 0.685009 0.699855 0.881349 0.778467 0.639502 0.507599 0.378699 0.552197 0.666097 0.977571
0.938467 0.956616 0.565738 0.553770 0.973511 0.869474 0.678194 0.798597 0.983175 0.845224 0.991272 0.936606 0.917920 0.930542 0.962249 0.978008 0.981076 0.877719 0.993563 0.946743 0.781930 0.820426 0.799406 0.755039 0.521824 0.465762 0.890603 0.830157 0.940091 0.973769 0.657422 0.757600 0.742147 0.762443 0.000000 0.687339 0.685495 0.648475 0.627909 0.819018 0.930464 0.974881 0.631540 0.663324 0.603686 0.689429 0.731517 0.652285 0.972349 0.871136 0.783182 0.804077 0.832415 0.876310 0.751389 0.798130 0.897262 0.933692 0.951004 0.866448 0.804597 0.700442 0.945384 0.991443 0.544988 0.528186 0.428123 0.364537 0.977092 0.952516 0.717742 0.686440 0.823500 0.697332 0.926389 0.975381 0.834457 0.903765 0.919180 0.860780 0.908413 0.847819 0.839842 0.896767 0.731758 0.620009 0.830904 0.964408 0.919866 0.725063 0.750848 0.957334 0.696212 0.670800 0.780399 0.833267 0.693179 0.916862 0.813838 0.836870 0.788178 0.894197 0.961708 0.877171 0.622917 0.719416 0.789440 0.806408 0.873215 0.966701 0.717018 0.771206 0.900101 0.825804 0.862915 0.851563
0.904513 0.805576 0.623192 0.569114 0.932855 0.896504 0.570066 0.630943 0.784947 0.784090 0.867094 0.968675 0.990941 0.992716 0.990260 0.965169 0.840253 0.871283 0.772407 0.794765 0.913613 0.790295 0.765456 0.874756 0.859186 0.794221 0.944684 0.974198 0.987603 0.898104 0.699299 0.763645 0.648126 0.728389 0.687339 0.000000 0.713668 0.542903 0.836163 0.919842 0.964823 0.853241 0.567790 0.623809 0.512481 0.648233 0.602066 0.668292 0.775420 0.733184 0.726032 0.746747 0.775103 0.864573 0.833026 0.908091 0.808883 0.814344 0.761885 0.796914 0.865325 0.785394 0.884656 0.892538 0.778828 0.735521 0.429783 0.532552 0.948727 0.823446 0.531245 0.598491 0.913955 0.805420 0.869240 0.814560 0.605328 0.706969 0.804715 0.927592 0.825101 0.891144 0.935206 0.993770 0.981388 0.917565 0.926495 0.867630 0.961191 0.883167 0.584922 0.662817 0.532693 0.585118 0.911939 0.633439 0.642000 0.620383 0.575338 0.525614 0.590073 0.644994 0.752684 0.639800 0.632418 0.650537 0.774041 0.618760 0.866045 0.990086 0.712685 0.701554 0.685232 0.682455 0.680039 0.760396
0.590314 0.665186 0.611300 0.613601 0.785809 0.930713 0.636767 0.647771 0.890815 0.851921 0.669719 0.752760 0.757419 0.764854 0.812410 0.757627 0.721537 0.640730 0.678544 0.625678 0.792361 0.818877 0.621355 0.777090 0.826665 0.802569 0.872592 0.982039 0.660679 0.635482 0.578653 0.555347 0.605209 0.581566 0.685495 0.713668 0.000000 0.671497 0.634040 0.900685 0.785608 0.844734 0.689950 0.614578 0.649710 0.656922 0.579088 0.561613 0.857769 0.771472 0.776911 0.816682 0.844334 0.920120 0.807020 0.795915 0.693353 0.723974 0.716223 0.705730 0.648881 0.709535 0.710420 0.734102 0.821146 0.806836 0.615850 0.617888 0.730392 0.660755 0.607771 0.724710 0.722737 0.644908 0.887184 0.995156 0.566707 0.679169 0.760577 0.693306 0.711516 0.680166 0.845782 0.863813 0.894261 0.854111 0.931265 0.802874 0.931995 0.790857 0.904319 0.863420 0.853015 0.874748 0.776944 0.683836 0.663047 0.796439 0.680493 0.699273 0.937587 0.731294 0.607379 0.728806 0.657098 0.696887 0.968623 0.797089 0.957509 0.774093 0.687648 0.665125 0.731462 0.831279 0.766434 0.786755
0.833430 0.769203 0.694061 0.727218 0.997116 0.964942 0.743223 0.820534 0.964100 0.995327 0.901737 0.986782 0.960719 0.978237 0.975293 0.967746 0.793168 0.772113 0.839508 0.793037 0.886822 0.653223 0.829628 0.940127 0.731836 0.766845 0.959926 0.999841 0.877453 0.812623 0.684220 0.827252 0.677430 0.733933 0.648475 0.542903 0.671497 0.000000 0.733882 0.880945 0.971697 0.886061 0.638617 0.619593 0.568951 0.631175 0.650008 0.620704 0.854835 0.711072 0.679026 0.702426 0.700823 0.794971 0.799476 0.791258 0.763203 0.811761 0.838679 0.792284 0.805455 0.815259 0.827268 0.855691 0.762391 0.753438 0.547000 0.537675 0.859843 0.802668 0.619730 0.670592 0.699983 0.694111 0.876437 0.973915 0.775677 0.765557 0.866176 0.874386 0.804569 0.834014 0.851898 0.998277 0.894526 0.829288 0.860406 0.768818 0.925902 0.938667 0.858816 0.867220 0.779565 0.818060 0.851310 0.653905 0.707647 0.751061 0.769638 0.719458 0.769219 0.725979 0.730970 0.744077 0.708197 0.726242 0.819354 0.771907 0.960807 0.935138 0.673409 0.744297 0.848064 0.626766 0.806300 0.863735
