0.000000 0.370440 0.869601 0.696739 0.867024 0.520686 0.554417 0.409892 0.774749 0.704098 0.406135 0.358677 0.525242 0.478365 0.880462 0.512199 0.368089 0.363618 0.409630 0.372236 0.908726 0.931698 0.878190 0.836536 0.972681 0.858190 0.970052 0.917087 0.504577 0.438680 0.663458 0.545784 0.435201 0.432682 0.797356 0.915403 0.698989 0.847487 0.986913 0.877986 0.854971 0.885073 0.506593 0.472195 0.526662 0.557729 0.572301 0.628689 0.768232 0.708996 0.728164 0.785318 0.887178 0.870812 0.923973 0.843874 0.311281 0.473411 0.487212 0.878640 0.495165 0.612331 0.427755 0.468364 0.993792 0.696776 0.526894 0.579955 0.747311 0.660209 0.604832 0.630082 0.738009 0.629737 0.925544 0.685215 0.612563 0.724577 0.702962 0.610209 0.392321 0.455114 0.622231 0.726254 0.799328 0.794360 0.984185 0.910656 0.948964 0.931902 0.542374 0.777687 0.603807 0.804330 0.748819 0.753721 0.702227 0.706001 0.408941 0.461303 0.578836 0.595581 0.496392 0.534989 0.663343 0.785995 0.915149 0.826739 0.947024 0.925727 0.938205 0.604740 0.702872 0.856003 0.805879 0.963598
0.370440 0.000000 0.874496 0.931579 0.978855 0.712818 0.785782 0.565059 0.940847 0.717202 0.693408 0.403496 0.845445 0.716308 0.902501 0.628740 0.271504 0.283373 0.635144 0.503634 0.953079 0.943555 0.877519 0.943318 0.979803 0.923405 0.951935 0.901765 0.458768 0.323151 0.866200 0.704582 0.628515 0.628360 0.891408 0.974013 0.838052 0.894717 0.934307 0.768834 0.792581 0.877954 0.622385 0.555404 0.488489 0.440908 0.722156 0.682259 0.552273 0.580509 0.546932 0.639405 0.857873 0.833100 0.866600 0.815572 0.231530 0.234954 0.704983 0.738714 0.765252 0.465363 0.662933 0.395118 0.761671 0.764553 0.760503 0.735249 0.543859 0.535392 0.821371 0.853110 0.733035 0.675983 0.755722 0.689931 0.742069 0.769934 0.571308 0.494566 0.255882 0.362698 0.615225 0.565956 0.960247 0.845060 0.905214 0.986093 0.990372 0.932528 0.753841 0.984771 0.801484 0.965810 0.620344 0.894079 0.577591 0.790926 0.525415 0.608260 0.760589 0.794193 0.544085 0.701453 0.779806 0.885649 0.965644 0.979685 0.987458 0.835229 0.783977 0.509039 0.798061 0.805155 0.681646 0.877639
0.869601 0.874496 0.000000 0.252194 0.877320 0.809750 0.286065 0.434239 0.676557 0.769574 0.547891 0.924605 0.407770 0.513913 0.510273 0.602600 0.827307 0.962008 0.437542 0.639435 0.863247 0.982326 0.305850 0.420697 0.684730 0.472161 0.982986 0.887503 0.869796 0.963142 0.373193 0.434390 0.534023 0.473124 0.609373 0.792958 0.846687 0.955563 0.840391 0.846931 0.910893 0.731463 0.536791 0.611942 0.723530 0.801410 0.604664 0.564755 0.994833 0.939619 0.908837 0.921592 0.894352 0.823942 0.706295 0.902775 0.867205 0.726723 0.670443 0.972718 0.495978 0.926569 0.748924 0.713422 0.325505 0.530940 0.392752 0.489176 0.779182 0.805675 0.597214 0.564823 0.945207 0.821996 0.947447 0.840107 0.622718 0.663168 0.931756 0.903903 0.762760 0.973798 0.855870 0.796503 0.429636 0.586081 0.694132 0.728099 0.926383 0.967595 0.555484 0.554641 0.648195 0.598652 0.885658 0.906450 0.975524 0.957368 0.678799 0.587242 0.633573 0.592433 0.897952 0.817199 0.789613 0.742709 0.997378 0.764825 0.865148 0.786564 0.943608 0.926426 0.761156 0.999913 0.989497 0.827808
0.696739 0.931579 0.252194 0.000000 0.954738 0.713180 0.251349 0.308654 0.696068 0.783352 0.408568 0.719609 0.362330 0.371550 0.576546 0.549605 0.977272 0.824164 0.319412 0.458312 0.929800 0.984314 0.329904 0.291662 0.654465 0.495920 0.977607 0.779129 0.725749 0.850929 0.309422 0.344408 0.394523 0.356681 0.577172 0.762737 0.801530 0.962092 0.791629 0.911016 0.940221 0.761228 0.476476 0.532448 0.654349 0.741743 0.516902 0.502531 0.999552 0.900414 0.858033 0.900083 0.887015 0.847474 0.696903 0.832001 0.915972 0.894346 0.618346 0.948333 0.427524 0.926232 0.592354 0.902620 0.413556 0.430685 0.321212 0.380001 0.898184 0.896674 0.569615 0.546977 0.847452 0.719595 0.841913 0.796041 0.597201 0.620923 0.884969 0.839870 0.988134 0.767134 0.734058 0.926966 0.409542 0.467460 0.747071 0.684824 0.842278 0.819836 0.519383 0.598843 0.622776 0.661958 0.867670 0.828921 0.912747 0.897683 0.592773 0.474637 0.534777 0.506567 0.783486 0.678677 0.706483 0.715764 0.944921 0.832390 0.797247 0.802853 0.913531 0.874139 0.736021 0.967245 0.971258 0.788137
0.867024 0.978855 0.877320 0.954738 0.000000 0.885337 0.888239 0.899947 0.767024 0.794279 0.895029 0.853043 0.757601 0.804288 0.718168 0.751822 0.999398 0.936212 0.894319 0.906413 0.824404 0.915638 0.804944 0.968380 0.988783 0.984342 0.999029 0.954757 0.946634 0.849478 0.852201 0.898796 0.826704 0.834572 0.877460 0.917053 0.794687 0.830810 0.927240 0.980927 0.896277 0.986806 0.875690 0.910645 0.953844 0.991671 0.954034 0.870465 0.934992 0.882151 0.909042 0.872522 0.849307 0.816387 0.919243 0.886782 0.968230 0.997818 0.710127 0.892819 0.717312 0.966193 0.749810 0.837904 0.857107 0.940051 0.809323 0.848358 0.791855 0.902231 0.863184 0.735996 0.939859 0.965523 0.901835 0.920789 0.982049 0.955213 0.931090 0.940770 0.951717 0.891316 0.901176 0.974605 0.948689 0.964357 0.950086 0.847220 0.806484 0.789870 0.717018 0.766629 0.741576 0.699525 0.924203 0.935584 0.934346 0.929066 0.820321 0.929512 0.955366 0.954316 0.772178 0.802918 0.974362 0.700029 0.782680 0.745171 0.974625 0.984511 0.930519 0.858612 0.900222 0.855478 0.812145 0.887830
0.520686 0.712818 0.809750 0.713180 0.885337 0.000000 0.585838 0.519704 0.595947 0.663361 0.519398 0.524009 0.622336 0.678213 0.873237 0.558875 0.648037 0.584590 0.536529 0.573092 0.827493 0.882027 0.857392 0.801455 0.996840 0.786843 0.964725 0.856857 0.726628 0.611485 0.737968 0.580592 0.602046 0.523776 0.940549 0.977783 0.858417 0.908588 0.912208 0.971577 0.952203 0.993117 0.547526 0.553633 0.588853 0.610496 0.659330 0.621977 0.823566 0.762572 0.832052 0.814934 0.878301 0.791255 0.986014 0.922674 0.622901 0.852549 0.768651 0.857609 0.535297 0.653321 0.688425 0.730011 0.913812 0.647945 0.656898 0.591117 0.900153 0.996477 0.765469 0.762209 0.839317 0.690123 0.993100 0.753049 0.685651 0.671211 0.608821 0.671225 0.676827 0.636542 0.941037 0.922870 0.904322 0.865029 0.922387 0.893710 0.994224 0.998974 0.605858 0.756513 0.698285 0.736547 0.980717 0.948609 0.792117 0.885606 0.511592 0.645102 0.677185 0.622859 0.627903 0.563787 0.918453 0.873430 0.812172 0.943967 0.922328 0.936673 0.999635 0.682401 0.922079 0.786753 0.994234 0.835366
0.554417 0.785782 0.286065 0.251349 0.888239 0.585838 0.000000 0.212408 0.554272 0.539464 0.347592 0.594827 0.332046 0.368381 0.546552 0.416224 0.811264 0.655259 0.264751 0.420844 0.843291 0.903099 0.369986 0.481834 0.837351 0.519334 0.929974 0.910644 0.606044 0.688616 0.353396 0.334309 0.344492 0.291885 0.698203 0.813813 0.715697 0.970940 0.866676 0.952093 0.989792 0.813064 0.341328 0.412590 0.448338 0.538294 0.482610 0.408482 0.844063 0.741098 0.709735 0.689984 0.743044 0.645105 0.762813 0.796310 0.784761 0.966627 0.522866 0.908566 0.333776 0.801356 0.571638 0.949810 0.491893 0.428152 0.281362 0.358359 0.936986 0.981498 0.453994 0.449576 0.807266 0.679824 0.923099 0.728895 0.460881 0.550347 0.786463 0.707508 0.880460 0.733030 0.764891 0.983222 0.498722 0.615107 0.818941 0.830753 0.977011 0.949590 0.362470 0.457310 0.488790 0.507360 0.752364 0.784507 0.767843 0.839857 0.401066 0.357134 0.468540 0.421502 0.676946 0.616697 0.722327 0.614125 0.906840 0.766625 0.884325 0.870590 0.879129 0.717652 0.593653 0.921502 0.869853 0.925748
0.409892 0.565059 0.434239 0.308654 0.899947 0.519704 0.212408 0.000000 0.572248 0.521307 0.300950 0.428483 0.383994 0.334245 0.693032 0.407334 0.603024 0.477320 0.230396 0.296138 0.908564 0.912405 0.500881 0.505087 0.863203 0.556757 0.873762 0.914165 0.462347 0.526522 0.373820 0.317706 0.278299 0.256134 0.741392 0.831264 0.668149 0.952710 0.849855 0.989980 0.928096 0.889797 0.316036 0.372069 0.375278 0.451230 0.471456 0.426494 0.735371 0.670794 0.623508 0.667521 0.729307 0.672503 0.783125 0.776668 0.565982 0.736433 0.504273 0.868388 0.349730 0.638193 0.485554 0.750766 0.664743 0.437169 0.322654 0.338808 0.919083 0.846573 0.477510 0.444638 0.715014 0.557309 0.807348 0.655795 0.451025 0.540692 0.685371 0.634647 0.671973 0.558432 0.676873 0.859715 0.610259 0.631869 0.891544 0.836099 0.967708 0.912116 0.382757 0.558335 0.490397 0.633035 0.723660 0.784202 0.657014 0.799233 0.350469 0.322032 0.429305 0.434735 0.556003 0.533333 0.695068 0.660331 0.946978 0.777206 0.839061 0.927143 0.849222 0.669844 0.589970 0.872433 0.828127 0.975743
0.774749 0.940847 0.676557 0.696068 0.767024 0.595947 0.554272 0.572248 0.000000 0.443006 0.658263 0.768762 0.639318 0.733724 0.688874 0.582046 0.836609 0.806222 0.721567 0.712844 0.863546 0.907563 0.756187 0.939843 0.893009 0.807206 0.947657 0.785287 0.711137 0.755009 0.740842 0.759892 0.691718 0.630771 0.979801 0.863522 0.801151 0.796502 0.992969 0.877208 0.990368 0.926170 0.570735 0.591792 0.616492 0.680704 0.779547 0.707694 0.870034 0.818540 0.736416 0.669260 0.614446 0.532367 0.937942 0.900014 0.908352 0.976044 0.615954 0.888873 0.591082 0.905719 0.766173 0.933222 0.806230 0.841984 0.674371 0.743406 0.916286 0.958889 0.634099 0.527572 0.759157 0.776025 0.961508 0.887859 0.547809 0.702100 0.796806 0.816509 0.972770 0.970533 0.982098 0.869755 0.997210 0.871979 0.895213 0.926954 0.859270 0.820690 0.475563 0.470096 0.549444 0.465094 0.976295 0.858005 0.775155 0.882945 0.559819 0.557280 0.640040 0.544681 0.663030 0.636174 0.839650 0.564659 0.683021 0.730127 0.923201 0.971886 0.933577 0.743673 0.631196 0.714695 0.832427 0.880703
0.704098 0.717202 0.769574 0.783352 0.794279 0.663361 0.539464 0.521307 0.443006 0.000000 0.680295 0.698594 0.690074 0.690950 0.639465 0.502247 0.657303 0.572840 0.649987 0.705565 0.958654 0.905666 0.743369 0.976421 0.795959 0.932845 0.897344 0.940624 0.607101 0.561997 0.693818 0.661600 0.711386 0.592824 0.998532 0.968989 0.765923 0.932057 0.950405 0.913960 0.835931 0.984452 0.512187 0.543180 0.499874 0.515761 0.866706 0.658976 0.792060 0.731001 0.615420 0.567311 0.607459 0.508770 0.876867 0.967754 0.686209 0.766793 0.652505 0.950575 0.610898 0.808618 0.736251 0.718949 0.986764 0.860443 0.663442 0.737278 0.978971 0.865510 0.496681 0.463012 0.780091 0.710868 0.936441 0.776780 0.521178 0.565009 0.699978 0.729163 0.797727 0.970424 0.890945 0.995020 0.985197 0.828201 0.890149 0.874961 0.782658 0.675145 0.396503 0.449268 0.445171 0.450824 0.796308 0.988234 0.610182 0.818247 0.479848 0.502659 0.582258 0.562167 0.517919 0.667800 0.862156 0.550988 0.816586 0.603019 0.994685 0.955359 0.785685 0.636642 0.584930 0.696297 0.706347 0.747689
0.406135 0.693408 0.547891 0.408568 0.895029 0.519398 0.347592 0.300950 0.658263 0.680295 0.000000 0.445353 0.340550 0.328031 0.769928 0.539485 0.634931 0.567501 0.267920 0.369874 0.930488 0.849593 0.613414 0.605238 0.983068 0.681666 0.886552 0.885408 0.540540 0.577520 0.472355 0.435163 0.368125 0.306503 0.681470 0.873311 0.685596 0.978209 0.822749 0.932599 0.902574 0.949463 0.484985 0.523412 0.552910 0.638205 0.520185 0.526092 0.897708 0.797892 0.779323 0.856766 0.830499 0.806221 0.788535 0.797661 0.624222 0.827477 0.558190 0.913429 0.309642 0.688310 0.395122 0.703656 0.718584 0.505313 0.368002 0.388693 0.972431 0.955496 0.510791 0.611744 0.773041 0.681818 0.933472 0.684983 0.588147 0.606576 0.837427 0.741840 0.655707 0.575588 0.839224 0.838561 0.632854 0.649612 0.908826 0.835469 0.873497 0.903633 0.509054 0.673688 0.631365 0.706370 0.834259 0.694466 0.834362 0.856019 0.495615 0.453280 0.469232 0.567424 0.643289 0.570351 0.784696 0.738450 0.963276 0.808045 0.867014 0.922068 0.938246 0.753146 0.635332 0.982593 0.902318 0.865850
0.358677 0.403496 0.924605 0.719609 0.853043 0.524009 0.594827 0.428483 0.768762 0.698594 0.445353 0.000000 0.652208 0.536699 0.997003 0.576630 0.383846 0.318335 0.495948 0.389945 0.852995 0.876882 0.901801 0.835312 0.874821 0.886323 0.931023 0.987815 0.433055 0.349519 0.703056 0.640845 0.438970 0.449747 0.876992 0.863690 0.614334 0.821932 0.853359 0.864880 0.702881 0.863770 0.641167 0.606157 0.461095 0.542071 0.685815 0.600687 0.710537 0.691903 0.686196 0.722377 0.822160 0.769617 0.893313 0.838397 0.382297 0.456435 0.536571 0.657202 0.451408 0.371384 0.467809 0.378165 0.962538 0.573416 0.545798 0.488297 0.723230 0.530885 0.727231 0.700645 0.675555 0.592068 0.885108 0.712886 0.707196 0.776503 0.630359 0.580199 0.352492 0.406109 0.705618 0.595887 0.882509 0.781404 0.996921 0.962261 0.930328 0.901016 0.626056 0.869416 0.694685 0.858711 0.708443 0.875785 0.722713 0.796023 0.514535 0.585848 0.606562 0.658958 0.565975 0.602031 0.807856 0.790057 0.933062 0.886018 0.900597 0.926319 0.866470 0.700965 0.808330 0.880801 0.783434 0.916248
0.525242 0.845445 0.407770 0.362330 0.757601 0.622336 0.332046 0.383994 0.639318 0.690074 0.340550 0.652208 0.000000 0.307211 0.451662 0.442217 0.857700 0.725447 0.326466 0.444084 0.798515 0.967352 0.397505 0.481402 0.840247 0.679448 0.880247 0.795214 0.696145 0.717841 0.479163 0.447187 0.403043 0.352909 0.636620 0.802800 0.819153 0.989315 0.871745 0.994001 0.976537 0.882623 0.467588 0.515800 0.716516 0.787255 0.512014 0.570247 0.887956 0.973732 0.906404 0.909532 0.925323 0.797323 0.757537 0.912763 0.781026 0.985071 0.518786 0.968047 0.333758 0.967291 0.370413 0.863178 0.506618 0.549566 0.339847 0.494745 0.939144 0.994455 0.426812 0.542367 0.911351 0.841695 0.943264 0.680101 0.566250 0.558006 0.996952 0.836155 0.862460 0.809852 0.755264 0.860481 0.488325 0.578842 0.755425 0.865695 0.811694 0.945978 0.483889 0.559067 0.630629 0.569788 0.899638 0.759440 0.886409 0.861468 0.479821 0.479886 0.560752 0.570847 0.647341 0.574649 0.765506 0.674217 0.915728 0.693621 0.827535 0.883645 0.984962 0.757173 0.740291 0.908634 0.937487 0.845999
0.478365 0.716308 0.513913 0.371550 0.804288 0.678213 0.368381 0.334245 0.733724 0.690950 0.328031 0.536699 0.307211 0.000000 0.561303 0.405580 0.758073 0.584018 0.316261 0.368713 0.865726 0.947377 0.478574 0.466812 0.845324 0.739037 0.961655 0.791473 0.603282 0.556360 0.411134 0.376609 0.310151 0.291706 0.654742 0.733077 0.629072 0.976793 0.744990 0.904497 0.997457 0.908763 0.514657 0.573749 0.670711 0.766887 0.619986 0.578633 0.907834 0.970419 0.823138 0.883629 0.917395 0.827875 0.912768 0.958698 0.646508 0.833683 0.537218 0.925218 0.350156 0.826406 0.335935 0.711073 0.629965 0.480280 0.347097 0.386156 0.924549 0.922446 0.512916 0.503942 0.864601 0.733893 0.843942 0.642001 0.612506 0.620188 0.825570 0.765781 0.715762 0.674086 0.638559 0.869575 0.523743 0.494607 0.846851 0.815569 0.772323 0.841018 0.490349 0.698412 0.602480 0.721632 0.867376 0.669744 0.842533 0.872057 0.487338 0.507425 0.472905 0.602470 0.683377 0.687022 0.741055 0.733827 0.999625 0.757161 0.758483 0.902892 0.895301 0.826762 0.743645 0.999968 0.921410 0.877610
0.880462 0.902501 0.510273 0.576546 0.718168 0.873237 0.546552 0.693032 0.688874 0.639465 0.769928 0.997003 0.451662 0.561303 0.000000 0.528088 0.888639 0.983661 0.705226 0.810645 0.839037 0.931824 0.425305 0.666878 0.815953 0.798443 0.760110 0.714524 0.942407 0.928393 0.609404 0.674041 0.708420 0.689480 0.749228 0.834467 0.960874 0.990431 0.917463 0.953122 0.899241 0.819420 0.660148 0.762250 0.871689 0.926986 0.859636 0.800634 0.778768 0.882247 0.957439 0.907162 0.921251 0.777348 0.974459 0.867625 0.970947 0.865319 0.676313 0.913882 0.588381 0.782562 0.680366 0.965629 0.495794 0.776607 0.559940 0.745547 0.736323 0.874562 0.550026 0.529817 0.908871 0.946525 0.974544 0.850829 0.632130 0.700668 0.961077 0.971930 0.837093 0.801079 0.787926 0.759839 0.562771 0.747807 0.675078 0.916172 0.960838 0.943273 0.553497 0.530704 0.655599 0.506399 0.937554 0.936984 0.970284 0.877008 0.674082 0.704878 0.815766 0.681552 0.754011 0.782560 0.810655 0.668144 0.828740 0.671805 0.915583 0.735408 0.947691 0.823565 0.895072 0.885677 0.960655 0.923305
0.512199 0.628740 0.602600 0.549605 0.751822 0.558875 0.416224 0.407334 0.582046 0.502247 0.539485 0.576630 0.442217 0.405580 0.528088 0.000000 0.681678 0.539176 0.475638 0.465376 0.765426 0.919757 0.556608 0.672237 0.896043 0.656583 0.948203 0.885558 0.553233 0.511004 0.528845 0.473279 0.416264 0.423821 0.777951 0.750814 0.680513 0.863538 0.953006 0.919766 0.987598 0.924960 0.451846 0.522995 0.557095 0.600917 0.674797 0.594189 0.905319 0.822778 0.660685 0.676444 0.807388 0.653183 0.993738 0.984598 0.611791 0.741351 0.519338 0.806087 0.419458 0.722686 0.572297 0.721529 0.700231 0.535263 0.460194 0.516307 0.936915 0.848250 0.551273 0.512130 0.828576 0.735717 0.860251 0.689767 0.553183 0.701687 0.733390 0.623596 0.664434 0.730573 0.709366 0.937100 0.621748 0.674897 0.831246 0.993479 0.978455 0.866150 0.402660 0.609453 0.526096 0.568068 0.790148 0.884055 0.663708 0.786403 0.420666 0.536048 0.511919 0.547335 0.586203 0.699686 0.807675 0.756616 0.836406 0.726050 0.859166 0.920709 0.822332 0.608444 0.665174 0.881969 0.849297 0.944142
0.368089 0.271504 0.827307 0.977272 0.999398 0.648037 0.811264 0.603024 0.836609 0.657303 0.634931 0.383846 0.857700 0.758073 0.888639 0.681678 0.000000 0.268421 0.674648 0.555223 0.904462 0.891801 0.852841 0.944368 0.845407 0.909194 0.891379 0.941755 0.442973 0.320043 0.862443 0.754349 0.670800 0.606357 0.922477 0.991729 0.751150 0.792614 0.924551 0.710256 0.743319 0.781377 0.694384 0.592528 0.518924 0.514905 0.811480 0.749561 0.634610 0.647379 0.614684 0.646171 0.832253 0.797025 0.978672 0.806667 0.268881 0.292810 0.715554 0.743159 0.711612 0.461753 0.624997 0.336817 0.682814 0.809056 0.775904 0.729030 0.578281 0.554241 0.785442 0.798200 0.718937 0.631635 0.890372 0.644326 0.775175 0.797201 0.644335 0.604992 0.269321 0.458922 0.755728 0.537723 0.871230 0.969123 0.891941 0.884738 0.910994 0.963188 0.720242 0.923369 0.763418 0.947505 0.637843 0.927686 0.646377 0.725599 0.585609 0.601304 0.708384 0.763674 0.586866 0.634299 0.771840 0.874666 0.908940 0.885792 0.983034 0.834193 0.836587 0.553884 0.750113 0.842759 0.762248 0.799688
0.363618 0.283373 0.962008 0.824164 0.936212 0.584590 0.655259 0.477320 0.806222 0.572840 0.567501 0.318335 0.725447 0.584018 0.983661 0.539176 0.268421 0.000000 0.544106 0.487929 0.877077 0.980023 0.989612 0.922581 0.854768 0.949757 0.906136 0.924205 0.412753 0.253276 0.732206 0.590056 0.513946 0.513364 0.977671 0.893831 0.687332 0.855568 0.949291 0.777382 0.818994 0.867581 0.592462 0.534304 0.443849 0.450618 0.748125 0.634076 0.698384 0.660011 0.619267 0.604617 0.813794 0.762541 0.949878 0.879690 0.258262 0.325343 0.673522 0.757469 0.576211 0.457020 0.532634 0.309282 0.819692 0.680262 0.619423 0.603774 0.682381 0.562042 0.673888 0.684812 0.719504 0.598017 0.873790 0.667105 0.689904 0.686806 0.487414 0.489328 0.258174 0.441081 0.687727 0.589980 0.965566 0.866915 0.933027 0.892167 0.994335 0.963867 0.581341 0.825432 0.629654 0.842320 0.731947 0.866736 0.586882 0.833694 0.480724 0.524368 0.589869 0.671460 0.535694 0.636310 0.727083 0.789070 0.865544 0.906163 0.961845 0.862700 0.863348 0.553745 0.716191 0.842545 0.750717 0.868623
0.409630 0.635144 0.437542 0.319412 0.894319 0.536529 0.264751 0.230396 0.721567 0.649987 0.267920 0.495948 0.326466 0.316261 0.705226 0.475638 0.674648 0.544106 0.000000 0.324654 0.934811 0.903605 0.507896 0.476724 0.842722 0.619466 0.921984 0.892598 0.548046 0.589635 0.379970 0.331398 0.309639 0.264079 0.672879 0.852203 0.753066 0.989703 0.848089 0.994346 0.930935 0.874825 0.380733 0.421095 0.516436 0.573512 0.473908 0.447979 0.880954 0.772164 0.800422 0.821681 0.883785 0.850706 0.748075 0.827022 0.601991 0.817415 0.573402 0.950801 0.381300 0.763196 0.455574 0.787031 0.663129 0.468588 0.334668 0.365968 0.968697 0.903941 0.483762 0.575472 0.807088 0.657927 0.821174 0.636484 0.554664 0.588804 0.747961 0.680702 0.702375 0.553501 0.738401 0.924687 0.559862 0.588099 0.870528 0.828540 0.834075 0.900730 0.457250 0.626425 0.582346 0.714602 0.816395 0.736970 0.757070 0.852695 0.398334 0.385601 0.479856 0.502043 0.622438 0.572188 0.704761 0.732192 0.947187 0.785507 0.889329 0.878982 0.959982 0.663504 0.605069 0.932991 0.922765 0.926838
0.372236 0.503634 0.639435 0.458312 0.906413 0.573092 0.420844 0.296138 0.712844 0.705565 0.369874 0.389945 0.444084 0.368713 0.810645 0.465376 0.555223 0.487929 0.324654 0.000000 0.859790 0.997990 0.678043 0.581763 0.862394 0.694684 0.877933 0.895404 0.429614 0.535505 0.529936 0.428886 0.311279 0.336417 0.778112 0.832501 0.679735 0.950715 0.865223 0.904770 0.881920 0.962110 0.465267 0.475925 0.509421 0.554534 0.494759 0.518915 0.740644 0.691360 0.679197 0.755258 0.796569 0.800927 0.799304 0.812220 0.508827 0.622380 0.512374 0.770826 0.445718 0.573018 0.472367 0.680915 0.774171 0.507141 0.463962 0.449939 0.723955 0.746042 0.576984 0.638691 0.693851 0.580791 0.807559 0.600651 0.580172 0.633108 0.772339 0.657410 0.553437 0.422401 0.620068 0.770789 0.626246 0.591714 0.800549 0.785577 0.899766 0.859732 0.545177 0.767366 0.680469 0.828986 0.734675 0.845457 0.774937 0.800891 0.454640 0.427814 0.566791 0.600122 0.579470 0.582323 0.669660 0.749708 0.952881 0.858796 0.798631 0.984455 0.902241 0.660075 0.678369 0.914788 0.895293 0.977023
0.908726 0.953079 0.863247 0.929800 0.824404 0.827493 0.843291 0.908564 0.863546 0.958654 0.930488 0.852995 0.798515 0.865726 0.839037 0.765426 0.904462 0.877077 0.934811 0.859790 0.000000 0.937123 0.867399 0.919836 0.973910 0.945680 0.928735 0.869393 0.986750 0.883497 0.883768 0.940671 0.788258 0.814317 0.998254 0.790204 0.851015 0.805039 0.948686 0.762286 0.873696 0.958214 0.930664 0.964114 0.939445 0.988846 0.940409 0.913285 0.925368 0.932564 0.945197 0.888845 0.989796 0.825354 0.915482 0.957537 0.991376 0.953332 0.722894 0.677333 0.707168 0.880222 0.875398 0.909684 0.800058 0.757178 0.788000 0.778381 0.919063 0.974727 0.770559 0.925726 0.985907 0.892528 0.918925 0.839162 0.903509 0.830161 0.993707 0.825401 0.858020 0.963240 0.969590 0.957113 0.882253 0.814521 0.867890 0.866803 0.930165 0.952201 0.848315 0.862709 0.890014 0.784604 0.995393 0.869285 0.903049 0.950923 0.782985 0.925983 0.869859 0.943022 0.981926 0.928080 0.899895 0.801186 0.862118 0.962292 0.991379 0.994511 0.851775 0.776848 0.984163 0.983985 0.856498 0.927169
0.931698 0.943555 0.982326 0.984314 0.915638 0.882027 0.903099 0.912405 0.907563 0.905666 0.849593 0.876882 0.967352 0.947377 0.931824 0.919757 0.891801 0.980023 0.903605 0.997990 0.937123 0.000000 0.990591 0.903939 0.866730 0.830075 0.809030 0.873132 0.891582 0.919778 0.940536 0.942988 0.941502 0.962247 0.994052 0.993220 0.904116 0.830874 0.961815 0.879542 0.893823 0.973259 0.886601 0.968691 0.944854 0.925535 0.960594 0.985640 0.892217 0.883301 0.994421 0.979084 0.927362 0.977076 0.992020 0.839661 0.970586 0.991317 0.952356 0.973630 0.948743 0.888743 0.997546 0.996279 0.986580 0.971498 0.952069 0.913004 0.948180 0.968769 0.983006 0.964620 0.839811 0.999964 0.903331 0.989612 0.988562 0.861989 0.941074 0.957691 0.932611 0.985416 0.847210 0.969039 0.977765 0.849090 0.958916 0.943559 0.924946 0.813292 0.993310 0.987967 0.983078 0.930179 0.947672 0.903507 0.995852 0.973599 0.968252 0.975768 0.907093 0.851055 0.939028 0.934720 0.793319 0.985135 0.917617 0.943836 0.962984 0.900194 0.988189 0.899026 0.899459 0.957641 0.907783 0.921869
0.878190 0.877519 0.305850 0.329904 0.804944 0.857392 0.369986 0.500881 0.756187 0.743369 0.613414 0.901801 0.397505 0.478574 0.425305 0.556608 0.852841 0.989612 0.507896 0.678043 0.867399 0.990591 0.000000 0.398130 0.600586 0.622032 0.805148 0.867204 0.958144 0.938201 0.408119 0.460149 0.487010 0.478958 0.549345 0.659787 0.844032 0.994901 0.803953 0.865337 0.985158 0.704304 0.641743 0.743131 0.899490 0.961686 0.697559 0.688766 0.736411 0.847502 0.972193 0.957615 0.989099 0.828654 0.908264 0.950419 0.896333 0.800812 0.671938 0.916351 0.479948 0.945021 0.626127 0.895855 0.360138 0.459008 0.399211 0.456856 0.729646 0.781820 0.546479 0.576314 0.927728 0.962870 0.890383 0.816992 0.683330 0.696233 0.915976 0.913360 0.858935 0.972042 0.761772 0.714315 0.364792 0.517173 0.730255 0.825760 0.792592 0.842600 0.603761 0.614794 0.674104 0.613839 0.936924 0.886549 0.980581 0.878885 0.715957 0.647318 0.673489 0.600139 0.883091 0.775060 0.823641 0.691735 0.951473 0.734399 0.960074 0.742500 0.983288 0.966180 0.866303 0.996255 0.960414 0.843554
0.836536 0.943318 0.420697 0.291662 0.968380 0.801455 0.481834 0.505087 0.939843 0.976421 0.605238 0.835312 0.481402 0.466812 0.666878 0.672237 0.944368 0.922581 0.476724 0.581763 0.919836 0.903939 0.398130 0.000000 0.493675 0.636390 0.859226 0.794571 0.908533 0.885581 0.448948 0.423407 0.491296 0.473388 0.648122 0.762920 0.943440 0.933833 0.718142 0.964064 0.873677 0.677194 0.666124 0.717653 0.868790 0.933144 0.644674 0.668469 0.880834 0.937858 0.967177 0.936124 0.880253 0.972577 0.722620 0.943315 0.958621 0.899228 0.809541 0.929060 0.613488 0.967774 0.688332 0.894724 0.479843 0.441107 0.510452 0.483283 0.912834 0.793183 0.728732 0.800115 0.950429 0.911170 0.841908 0.795084 0.814859 0.784187 0.951297 0.847665 0.981791 0.760209 0.638104 0.969782 0.416666 0.340002 0.745507 0.563424 0.678301 0.701498 0.810267 0.867645 0.895609 0.959581 0.921793 0.875035 0.960478 0.982952 0.747580 0.713858 0.716720 0.770918 0.947063 0.819054 0.832359 0.942628 0.860930 0.979732 0.831220 0.817924 0.900552 0.943633 0.962321 0.944266 0.985387 0.753341
0.972681 0.979803 0.684730 0.654465 0.988783 0.996840 0.837351 0.863203 0.893009 0.795959 0.983068 0.874821 0.840247 0.845324 0.815953 0.896043 0.845407 0.854768 0.842722 0.862394 0.973910 0.866730 0.600586 0.493675 0.000000 0.684868 0.727781 0.984982 0.776274 0.910517 0.666189 0.638764 0.785634 0.837875 0.793078 0.738650 0.944336 0.990244 0.804558 0.982403 0.951079 0.716630 0.957472 0.986478 0.821687 0.844461 0.853354 0.955142 0.845891 0.814371 0.901227 0.739782 0.688277 0.740099 0.964046 0.880439 0.947684 0.960049 0.987195 0.907352 0.897114 0.962613 0.949068 0.809164 0.583561 0.674511 0.819564 0.778314 0.949031 0.738568 0.983949 0.955791 0.811200 0.824748 0.844155 0.918736 0.972314 0.991105 0.848779 0.908539 0.904573 0.886317 0.653745 0.889306 0.520830 0.529224 0.805509 0.798971 0.702740 0.661301 0.849243 0.832811 0.875666 0.774930 0.945467 0.958695 0.984158 0.906441 0.968775 0.980508 0.927946 0.994490 0.850459 0.903169 0.896530 0.909971 0.879228 0.926474 0.889453 0.937447 0.931214 0.990909 0.819254 0.858841 0.920893 0.793989
0.858190 0.923405 0.472161 0.495920 0.984342 0.786843 0.519334 0.556757 0.807206 0.932845 0.681666 0.886323 0.679448 0.739037 0.798443 0.656583 0.909194 0.949757 0.619466 0.694684 0.945680 0.830075 0.622032 0.636390 0.684868 0.000000 0.993063 0.932728 0.848838 0.986736 0.610494 0.614760 0.631606 0.698293 0.835311 0.728615 0.911480 0.903381 0.970580 0.961499 0.909558 0.852595 0.614893 0.754441 0.709183 0.716580 0.638212 0.710034 0.786696 0.810745 0.792247 0.929051 0.891329 0.935921 0.683693 0.912499 0.975219 0.933777 0.769816 0.886862 0.636850 0.859903 0.917617 0.804911 0.516351 0.544061 0.598076 0.599724 0.935149 0.819645 0.837846 0.793190 0.911929 0.863910 0.867431 0.966231 0.785776 0.764617 0.879737 0.852863 0.981652 0.802063 0.834711 0.924483 0.582017 0.656325 0.783273 0.801984 0.883906 0.998554 0.758193 0.827466 0.803960 0.838761 0.974642 0.891677 0.895277 0.885398 0.788442 0.722310 0.731203 0.779900 0.889638 0.907662 0.812544 0.863428 0.996491 0.969079 0.841785 0.966619 0.980253 0.844569 0.869251 0.944566 0.907856 0.822106
0.970052 0.951935 0.982986 0.977607 0.999029 0.964725 0.929974 0.873762 0.947657 0.897344 0.886552 0.931023 0.880247 0.961655 0.760110 0.948203 0.891379 0.906136 0.921984 0.877933 0.928735 0.809030 0.805148 0.859226 0.727781 0.993063 0.000000 0.728079 0.875200 0.985293 0.985609 0.967246 0.945880 0.952006 0.897763 0.819560 0.914150 0.874980 0.944386 0.988853 0.903549 0.982754 0.801224 0.852270 0.773311 0.755990 0.863399 0.829213 0.665063 0.698351 0.918114 0.806097 0.723338 0.896820 0.984228 0.833748 0.999030 0.989599 0.911998 0.781415 0.885955 0.972957 0.869158 0.935361 0.855558 0.844199 0.941019 0.947329 0.948199 0.905219 0.907073 0.908885 0.758099 0.740205 0.898683 0.932520 0.978688 0.904756 0.927087 0.991812 0.995786 0.894117 0.758550 0.720072 0.793150 0.751099 0.823391 0.982273 0.714826 0.843756 0.867975 0.855110 0.870809 0.965550 0.975219 0.890552 0.891824 0.856867 0.930268 0.942754 0.844748 0.898144 0.999548 0.938039 0.973590 0.998854 0.905958 0.869842 0.933792 0.818743 0.971083 0.933407 0.675904 0.887323 0.940732 0.903551
0.917087 0.901765 0.887503 0.779129 0.954757 0.856857 0.910644 0.914165 0.785287 0.940624 0.885408 0.987815 0.795214 0.791473 0.714524 0.885558 0.941755 0.924205 0.892598 0.895404 0.869393 0.873132 0.867204 0.794571 0.984982 0.932728 0.728079 0.000000 0.905432 0.984974 0.800494 0.932718 0.894804 0.927776 0.752254 0.908574 0.934465 0.964873 0.908884 0.933309 0.939058 0.979786 0.952750 0.910736 0.993947 0.947406 0.969672 0.984163 0.840450 0.880771 0.964451 0.886640 0.986007 0.994413 0.954394 0.999654 0.996875 0.834785 0.818704 0.919842 0.912439 0.833035 0.848528 0.918134 0.890230 0.966064 0.866352 0.942349 0.904848 0.955773 0.924054 0.820843 0.919473 0.906464 0.830589 0.974441 0.806378 0.990012 0.892884 0.908993 0.886957 0.893213 0.918839 0.828215 0.874937 0.862966 0.882765 0.894012 0.961428 0.997604 0.835238 0.863072 0.883304 0.831837 0.880163 0.927997 0.891071 0.850355 0.906139 0.912802 0.922441 0.843248 0.818536 0.767954 0.866948 0.956290 0.937352 0.847917 0.887914 0.751034 0.986769 0.894341 0.956753 0.850894 0.860548 0.933464
0.504577 0.458768 0.869796 0.725749 0.946634 0.726628 0.606044 0.462347 0.711137 0.607101 0.540540 0.433055 0.696145 0.603282 0.942407 0.553233 0.442973 0.412753 0.548046 0.429614 0.986750 0.891582 0.958144 0.908533 0.776274 0.848838 0.875200 0.905432 0.000000 0.443427 0.711343 0.692577 0.551925 0.565734 0.886151 0.981030 0.668454 0.925914 0.979406 0.787239 0.824241 0.916498 0.598327 0.558691 0.432694 0.436770 0.743255 0.598102 0.580599 0.564678 0.531499 0.564843 0.638814 0.659715 0.828375 0.711982 0.459321 0.504942 0.550625 0.784547 0.588283 0.535416 0.602949 0.569232 0.940502 0.743369 0.633072 0.655375 0.764315 0.519588 0.724387 0.674556 0.524504 0.505861 0.827347 0.620849 0.645117 0.722253 0.639500 0.743623 0.514240 0.570984 0.727903 0.646473 0.920775 0.889469 0.915273 0.971761 0.963317 0.887097 0.561816 0.813719 0.686352 0.766403 0.673773 0.867129 0.607493 0.875189 0.555537 0.537758 0.585204 0.723150 0.535640 0.669029 0.728128 0.860413 0.886111 0.760916 0.710009 0.932951 0.804216 0.734701 0.646628 0.761346 0.858725 0.972763
0.438680 0.323151 0.963142 0.850929 0.849478 0.611485 0.688616 0.526522 0.755009 0.561997 0.577520 0.349519 0.717841 0.556360 0.928393 0.511004 0.320043 0.253276 0.589635 0.535505 0.883497 0.919778 0.938201 0.885581 0.910517 0.986736 0.985293 0.984974 0.443427 0.000000 0.723866 0.636306 0.529075 0.501644 0.937777 0.958298 0.689912 0.837947 0.822830 0.745164 0.765587 0.845893 0.660592 0.604934 0.546915 0.550732 0.829663 0.676043 0.782063 0.749983 0.609007 0.634619 0.858516 0.751821 0.989043 0.897107 0.308397 0.352352 0.670645 0.691270 0.568588 0.481879 0.493383 0.319317 0.851231 0.675715 0.654896 0.610568 0.723657 0.596487 0.698112 0.724175 0.753579 0.673219 0.872346 0.686403 0.737170 0.731030 0.571161 0.505798 0.293638 0.523750 0.695769 0.606575 0.993686 0.828167 0.914283 0.918532 0.941961 0.944787 0.637599 0.873260 0.676542 0.866721 0.695693 0.886554 0.602389 0.847970 0.501041 0.623797 0.636991 0.727894 0.564031 0.724807 0.843320 0.823140 0.869945 0.860919 0.936440 0.831915 0.764268 0.589091 0.789664 0.804363 0.711105 0.901138
0.663458 0.866200 0.373193 0.309422 0.852201 0.737968 0.353396 0.373820 0.740842 0.693818 0.472355 0.703056 0.479163 0.411134 0.609404 0.528845 0.862443 0.732206 0.379970 0.529936 0.883768 0.940536 0.408119 0.448948 0.666189 0.610494 0.985609 0.800494 0.711343 0.723866 0.000000 0.382667 0.394265 0.388153 0.628059 0.746437 0.745263 0.985078 0.829704 0.920145 0.926459 0.791885 0.587276 0.619392 0.675087 0.762539 0.711473 0.664934 0.996090 0.970277 0.816813 0.917872 0.935209 0.883702 0.900125 0.934598 0.783701 0.923807 0.636524 0.904565 0.460090 0.867669 0.600645 0.945074 0.566735 0.494557 0.430934 0.426206 0.987665 0.951733 0.542308 0.482067 0.811376 0.630556 0.788271 0.698941 0.624951 0.720000 0.788336 0.757788 0.906028 0.799285 0.729761 0.930017 0.519036 0.553627 0.827941 0.809690 0.854574 0.890705 0.581871 0.704600 0.597963 0.769103 0.915959 0.830562 0.748101 0.866819 0.628698 0.548936 0.464313 0.585600 0.800171 0.769109 0.685853 0.795649 0.938870 0.745666 0.869904 0.907803 0.915482 0.861507 0.782777 0.955075 0.951722 0.912389
0.545784 0.704582 0.434390 0.344408 0.898796 0.580592 0.334309 0.317706 0.759892 0.661600 0.435163 0.640845 0.447187 0.376609 0.674041 0.473279 0.754349 0.590056 0.331398 0.428886 0.940671 0.942988 0.460149 0.423407 0.638764 0.614760 0.967246 0.932718 0.692577 0.636306 0.382667 0.000000 0.401349 0.328172 0.680506 0.751693 0.761157 0.864749 0.786461 0.992783 0.921900 0.816417 0.467226 0.465149 0.596480 0.638796 0.556890 0.473505 0.883157 0.822297 0.756674 0.821037 0.911563 0.851670 0.811080 0.996394 0.668640 0.841336 0.665191 0.937566 0.471162 0.792622 0.580254 0.873981 0.602553 0.466773 0.389051 0.413427 0.987458 0.960836 0.614369 0.587098 0.847194 0.709135 0.862816 0.639903 0.582043 0.589092 0.771906 0.621304 0.768051 0.621431 0.621781 0.886517 0.557993 0.533207 0.811944 0.791121 0.905272 0.838559 0.535240 0.691288 0.645772 0.747927 0.811754 0.788982 0.818368 0.838876 0.543734 0.493642 0.550417 0.572630 0.732926 0.675251 0.753482 0.784955 0.981114 0.834100 0.989449 0.957653 0.832779 0.768074 0.770900 0.990979 0.930267 0.933967
0.435201 0.628515 0.534023 0.394523 0.826704 0.602046 0.344492 0.278299 0.691718 0.711386 0.368125 0.438970 0.403043 0.310151 0.708420 0.416264 0.670800 0.513946 0.309639 0.311279 0.788258 0.941502 0.487010 0.491296 0.785634 0.631606 0.945880 0.894804 0.551925 0.529075 0.394265 0.401349 0.000000 0.318896 0.690139 0.715872 0.585717 0.825046 0.769442 0.884486 0.882918 0.904291 0.487352 0.553136 0.559979 0.649439 0.543420 0.594811 0.935523 0.874559 0.747661 0.839489 0.905384 0.838080 0.923418 0.842869 0.594410 0.722122 0.482099 0.764489 0.325659 0.624410 0.398870 0.674825 0.637773 0.365185 0.327129 0.302180 0.950937 0.836840 0.533337 0.513661 0.766687 0.657195 0.825726 0.688905 0.577412 0.690106 0.731165 0.633823 0.620191 0.559966 0.675672 0.863683 0.530699 0.509851 0.869903 0.846844 0.880178 0.870340 0.510342 0.745913 0.599890 0.788899 0.874280 0.776389 0.734209 0.847411 0.453963 0.479751 0.506842 0.563074 0.639743 0.660778 0.717272 0.767422 0.934680 0.839679 0.833894 0.975691 0.982345 0.724391 0.711902 0.890116 0.950706 0.881178
0.432682 0.628360 0.473124 0.356681 0.834572 0.523776 0.291885 0.256134 0.630771 0.592824 0.306503 0.449747 0.352909 0.291706 0.689480 0.423821 0.606357 0.513364 0.264079 0.336417 0.814317 0.962247 0.478958 0.473388 0.837875 0.698293 0.952006 0.927776 0.565734 0.501644 0.388153 0.328172 0.318896 0.000000 0.702648 0.835968 0.658006 0.879962 0.679395 0.965881 0.940317 0.816862 0.441528 0.441113 0.520257 0.604335 0.529085 0.475809 0.900754 0.799397 0.708550 0.716307 0.825256 0.720452 0.834876 0.986012 0.598790 0.784334 0.538938 0.790542 0.325158 0.683257 0.425375 0.707027 0.666279 0.397364 0.342408 0.327179 0.885087 0.901444 0.504513 0.569353 0.777729 0.656288 0.819698 0.577265 0.623156 0.572725 0.773714 0.625923 0.649755 0.540347 0.662559 0.823849 0.554081 0.540908 0.866641 0.837477 0.846249 0.874999 0.466486 0.653725 0.584207 0.690230 0.788392 0.764620 0.796921 0.819339 0.429773 0.442370 0.478978 0.545166 0.666432 0.594614 0.692844 0.704848 0.949671 0.764437 0.859496 0.930484 0.952108 0.678502 0.667798 0.973250 0.826383 0.945276
0.797356 0.891408 0.609373 0.577172 0.877460 0.940549 0.698203 0.741392 0.979801 0.998532 0.681470 0.876992 0.636620 0.654742 0.749228 0.777951 0.922477 0.977671 0.672879 0.778112 0.998254 0.994052 0.549345 0.648122 0.793078 0.835311 0.897763 0.752254 0.886151 0.937777 0.628059 0.680506 0.690139 0.702648 0.000000 0.752221 0.752860 0.953142 0.890734 0.990557 0.913332 0.965208 0.830191 0.839531 0.981730 0.973714 0.763251 0.888302 0.784318 0.906046 0.954966 0.934772 0.998583 0.984132 0.836323 0.905354 0.939497 0.881236 0.673325 0.928772 0.671704 0.977180 0.696792 0.983547 0.600831 0.676541 0.534534 0.611642 0.789760 0.896190 0.760150 0.740760 0.897151 0.826714 0.935953 0.854123 0.839729 0.913792 0.954526 0.958644 0.946612 0.952648 0.852162 0.881938 0.551824 0.665141 0.776138 0.967617 0.803239 0.897523 0.688602 0.822939 0.749392 0.724417 0.991775 0.801111 0.958270 0.875391 0.859654 0.849043 0.768388 0.741885 0.897780 0.830211 0.806778 0.802954 0.805641 0.711027 0.804776 0.876309 0.994454 0.845512 0.939924 0.945617 0.895524 0.742500
0.915403 0.974013 0.792958 0.762737 0.917053 0.977783 0.813813 0.831264 0.863522 0.968989 0.873311 0.863690 0.802800 0.733077 0.834467 0.750814 0.991729 0.893831 0.852203 0.832501 0.790204 0.993220 0.659787 0.762920 0.738650 0.728615 0.819560 0.908574 0.981030 0.958298 0.746437 0.751693 0.715872 0.835968 0.752221 0.000000 0.805575 0.872491 0.937055 0.932166 0.827519 0.956443 0.976558 0.955526 0.992411 0.941302 0.863640 0.955707 0.827768 0.885567 0.964329 0.970554 0.985166 0.966364 0.951576 0.882081 0.993028 0.927140 0.852635 0.815901 0.741413 0.853664 0.787074 0.926053 0.661447 0.607200 0.639815 0.620681 0.879063 0.971684 0.780797 0.771122 0.986853 0.887612 0.895859 0.993490 0.890621 0.983447 0.905494 0.989228 0.892868 0.881417 0.724809 0.919185 0.558454 0.584851 0.930925 0.884116 0.846855 0.925468 0.914003 0.998866 0.810829 0.941407 0.907185 0.811002 0.905369 0.729042 0.972884 0.985552 0.854200 0.845475 0.979846 0.883197 0.830354 0.846069 0.931820 0.992418 0.968012 0.993590 0.975039 0.978983 0.945225 0.791350 0.951422 0.986836
0.698989 0.838052 0.846687 0.801530 0.794687 0.858417 0.715697 0.668149 0.801151 0.765923 0.685596 0.614334 0.819153 0.629072 0.960874 0.680513 0.751150 0.687332 0.753066 0.679735 0.851015 0.904116 0.844032 0.943440 0.944336 0.911480 0.914150 0.934465 0.668454 0.689912 0.745263 0.761157 0.585717 0.658006 0.752860 0.805575 0.000000 0.805461 0.816119 0.756019 0.703771 0.811931 0.867777 0.868387 0.768996 0.895142 0.863344 0.928865 0.947322 0.976577 0.742164 0.846384 0.869313 0.826564 0.877890 0.982296 0.755403 0.786430 0.571322 0.714566 0.619570 0.713683 0.663082 0.719264 0.978754 0.713292 0.644697 0.549541 0.980221 0.888469 0.825680 0.630912 0.759927 0.744953 0.886094 0.773775 0.836662 0.990914 0.825312 0.784236 0.747152 0.872410 0.826112 0.754566 0.885431 0.890310 0.980481 0.923491 0.887065 0.984564 0.714773 0.868632 0.719600 0.853010 0.678355 0.837306 0.847108 0.909605 0.775153 0.822386 0.718610 0.825836 0.845935 0.912553 0.916094 0.846472 0.931804 0.767923 0.813774 0.826933 0.830337 0.958256 0.900720 0.923026 0.987097 0.957429
0.847487 0.894717 0.955563 0.962092 0.830810 0.908588 0.970940 0.952710 0.796502 0.932057 0.978209 0.821932 0.989315 0.976793 0.990431 0.863538 0.792614 0.855568 0.989703 0.950715 0.805039 0.830874 0.994901 0.933833 0.990244 0.903381 0.874980 0.964873 0.925914 0.837947 0.985078 0.864749 0.825046 0.879962 0.953142 0.872491 0.805461 0.000000 0.899292 0.823536 0.852605 0.927871 0.981647 0.970229 0.882988 0.951381 0.982342 0.968904 0.980156 0.947821 0.973288 0.974928 0.995921 0.998234 0.899778 0.987692 0.863406 0.847334 0.784742 0.677777 0.793980 0.767262 0.886333 0.761717 0.976449 0.831514 0.860756 0.816517 0.997951 0.911615 0.969161 0.868833 0.950706 0.987059 0.934732 0.900627 0.902440 0.853549 0.992623 0.922897 0.825384 0.955554 0.902531 0.992960 0.989765 0.959806 0.962702 0.777819 0.963295 0.756730 0.907173 0.994590 0.836699 0.931094 0.923869 0.969936 0.916715 0.887124 0.889654 0.990041 0.968179 0.982451 0.947801 0.954164 0.874627 0.888686 0.859896 0.944793 0.885852 0.942872 0.862193 0.832995 0.864405 0.875179 0.883135 0.964646
