0.000000 0.223107 0.388684 0.412134 0.626130 0.631455 0.313163 0.284872 0.384481 0.347538 0.186779 0.203005 0.207238 0.371518 0.314171 0.374570 0.251377 0.235780 0.255127 0.278416 0.661251 0.938358 0.478778 0.773777 0.849788 0.808324 0.954745 0.820950 0.337652 0.293759 0.351101 0.591646 0.216732 0.236314 0.592522 0.727365 0.420947 0.412909 0.873537 0.727813 0.604486 0.600848 0.344311 0.306726 0.321924 0.317596 0.379395 0.386130 0.803442 0.513073 0.474365 0.442388 0.608558 0.618029 0.580027 0.520360 0.274877 0.226179 0.292566 0.316543 0.200274 0.294492 0.178386 0.187589 0.476775 0.402689 0.372333 0.415488 0.258986 0.292717 0.382040 0.326051 0.433945 0.456973 0.737200 0.659989 0.448671 0.399369 0.332604 0.379251 0.239256 0.312944 0.688664 0.479911 0.380955 0.635646 0.970918 0.654585 0.610415 0.649987 0.430445 0.477446 0.506691 0.485326 0.695209 0.622234 0.437311 0.727369 0.220488 0.309401 0.513442 0.506884 0.339073 0.394399 0.357270 0.398686 0.609033 0.640871 0.787279 0.591173 0.667668 0.457602 0.407531 0.603446 0.484273 0.943618
0.223107 0.000000 0.573593 0.518220 0.615071 0.675405 0.450873 0.343573 0.417348 0.398328 0.260011 0.182870 0.246078 0.254053 0.284550 0.305423 0.224571 0.179640 0.264959 0.236103 0.686586 0.939335 0.456880 0.666051 0.785166 0.907351 0.994160 0.827831 0.282086 0.261161 0.434784 0.582444 0.309549 0.320306 0.732392 0.754981 0.466449 0.473183 0.974995 0.784447 0.608257 0.590387 0.364947 0.323224 0.402355 0.411770 0.454138 0.424493 0.869541 0.652457 0.619201 0.590547 0.755334 0.802427 0.770442 0.721257 0.164031 0.151721 0.453962 0.468555 0.331487 0.366526 0.210439 0.182781 0.629355 0.549754 0.566918 0.558308 0.309092 0.411904 0.306764 0.323425 0.496804 0.536154 0.834168 0.689392 0.390324 0.383194 0.415097 0.342227 0.238902 0.319259 0.574570 0.474995 0.496136 0.639627 0.965707 0.693554 0.768117 0.787930 0.530357 0.530401 0.612810 0.591050 0.714639 0.639557 0.505054 0.747019 0.287622 0.298062 0.567621 0.669162 0.401366 0.361255 0.435605 0.451064 0.710345 0.659626 0.779533 0.615967 0.592340 0.451595 0.491230 0.550421 0.502332 0.891516
0.388684 0.573593 0.000000 0.191789 0.621284 0.534351 0.176370 0.254666 0.410816 0.346020 0.413386 0.455207 0.361417 0.621052 0.457614 0.467547 0.508902 0.473841 0.366936 0.473703 0.566572 0.792183 0.338432 0.640869 0.569888 0.408701 0.890091 0.945542 0.540018 0.387754 0.262987 0.511342 0.265694 0.266783 0.403392 0.654276 0.389625 0.443259 0.634377 0.687806 0.695878 0.750775 0.298535 0.313525 0.442302 0.411559 0.390598 0.343713 0.982468 0.566869 0.642727 0.556250 0.617909 0.548510 0.574101 0.600367 0.633541 0.574596 0.316194 0.412196 0.259931 0.388952 0.386153 0.426957 0.199802 0.205281 0.186834 0.234404 0.500687 0.330651 0.477251 0.497927 0.534079 0.559953 0.497601 0.823145 0.483132 0.567422 0.404062 0.601276 0.430495 0.375566 0.769226 0.505366 0.303878 0.470774 0.939939 0.822692 0.474424 0.517818 0.424094 0.434382 0.448354 0.458680 0.687666 0.612668 0.530895 0.717963 0.424822 0.419932 0.569992 0.421360 0.494372 0.444942 0.361113 0.388498 0.730482 0.728568 0.767695 0.566124 0.661413 0.644398 0.481162 0.651682 0.605104 0.864343
0.412134 0.518220 0.191789 0.000000 0.661226 0.525493 0.193223 0.189555 0.458785 0.255870 0.466977 0.372558 0.371834 0.468733 0.385599 0.357272 0.473483 0.421905 0.327485 0.405522 0.528988 0.784789 0.244324 0.469583 0.556704 0.460887 0.922311 0.924582 0.482505 0.325935 0.226145 0.408736 0.245146 0.262654 0.463604 0.644222 0.346026 0.445525 0.599043 0.673887 0.719889 0.626922 0.270416 0.323271 0.506282 0.478309 0.455930 0.326574 0.910416 0.646596 0.703082 0.631114 0.648658 0.510132 0.593220 0.625771 0.592940 0.545122 0.422097 0.504222 0.339616 0.389796 0.360614 0.372039 0.272877 0.237362 0.252886 0.295193 0.550381 0.365710 0.397535 0.461611 0.521806 0.620327 0.519387 0.799338 0.429948 0.525549 0.368939 0.567626 0.342874 0.288506 0.638716 0.374768 0.303270 0.389578 0.830368 0.848996 0.539562 0.529568 0.389425 0.364018 0.420201 0.450461 0.708676 0.541621 0.549748 0.723995 0.420404 0.324791 0.508982 0.363847 0.436360 0.403622 0.361954 0.393382 0.793084 0.697057 0.749120 0.533835 0.650524 0.558799 0.465083 0.570617 0.648042 0.995782
0.626130 0.615071 0.621284 0.661226 0.000000 0.747250 0.609223 0.630542 0.690517 0.726114 0.669386 0.663925 0.597449 0.777953 0.653348 0.716930 0.726789 0.684977 0.585828 0.734567 0.737814 0.811074 0.689362 0.812193 0.861070 0.909535 0.942558 0.810579 0.673894 0.711732 0.707871 0.894602 0.583411 0.609918 0.732663 0.899325 0.697461 0.710761 0.847774 0.731004 0.859077 0.649638 0.600565 0.553589 0.542240 0.608959 0.723616 0.631381 0.915712 0.751751 0.821631 0.749622 0.860491 0.863895 0.888707 0.883200 0.683292 0.708263 0.583692 0.636287 0.533800 0.604170 0.648583 0.669630 0.604031 0.563626 0.617908 0.566159 0.616377 0.696798 0.694340 0.701069 0.886356 0.962676 0.900865 0.953161 0.700923 0.777178 0.761310 0.817275 0.725111 0.736813 0.889352 0.786330 0.691411 0.662610 0.966211 0.875229 0.828299 0.929302 0.720473 0.714629 0.737892 0.679151 0.970783 0.966809 0.771073 0.876326 0.644015 0.624126 0.835255 0.642744 0.637092 0.751972 0.523302 0.625068 0.765256 0.862807 0.941484 0.983227 0.788620 0.721625 0.764129 0.834842 0.705370 0.746620
0.631455 0.675405 0.534351 0.525493 0.747250 0.000000 0.529448 0.497549 0.529925 0.529811 0.704517 0.631913 0.565115 0.784277 0.669834 0.663328 0.769501 0.720895 0.677288 0.696423 0.684443 0.794564 0.604066 0.866684 0.693079 0.507266 0.939895 0.693471 0.742235 0.727456 0.542125 0.743295 0.586215 0.593574 0.552833 0.893859 0.529560 0.900650 0.757157 0.915778 0.828011 0.739847 0.549249 0.621145 0.534633 0.549198 0.508637 0.619231 0.918271 0.734846 0.746857 0.669819 0.745397 0.850460 0.749131 0.687837 0.819099 0.764882 0.594235 0.655695 0.550946 0.602903 0.654481 0.645052 0.558145 0.526481 0.502013 0.458398 0.810897 0.719299 0.578820 0.661259 0.874051 0.955689 0.835419 0.861135 0.655301 0.737607 0.715219 0.813116 0.625821 0.634042 0.994720 0.765411 0.582149 0.711092 0.876413 0.653646 0.715776 0.708514 0.429116 0.481161 0.371214 0.536668 0.746308 0.814225 0.605052 0.832109 0.527627 0.580875 0.563955 0.577443 0.657413 0.726179 0.616285 0.489921 0.961148 0.665086 0.873070 0.830053 0.792273 0.612141 0.662640 0.850989 0.708585 0.766044
0.313163 0.450873 0.176370 0.193223 0.609223 0.529448 0.000000 0.168957 0.401027 0.248919 0.366116 0.374198 0.335249 0.504408 0.417643 0.418172 0.397938 0.356837 0.237260 0.362479 0.569474 0.869652 0.306651 0.629989 0.685457 0.577896 0.965569 0.791417 0.457777 0.333230 0.268099 0.459227 0.220852 0.216063 0.476282 0.650998 0.399072 0.457319 0.662929 0.709649 0.717285 0.625562 0.208036 0.234364 0.371182 0.357245 0.355883 0.287799 0.942925 0.644444 0.637603 0.584907 0.638609 0.498294 0.577362 0.657127 0.473975 0.457122 0.307055 0.414176 0.237616 0.372243 0.277961 0.329902 0.302476 0.237008 0.187685 0.208902 0.456807 0.356188 0.359188 0.349158 0.452891 0.488460 0.553001 0.790926 0.466501 0.463778 0.369951 0.503738 0.299551 0.294463 0.717979 0.466433 0.312929 0.513970 0.941415 0.752439 0.518390 0.646069 0.356329 0.336286 0.392680 0.409545 0.726048 0.546969 0.436784 0.689838 0.298454 0.277255 0.497111 0.305048 0.408160 0.358256 0.333145 0.372063 0.706066 0.634878 0.647640 0.497851 0.577167 0.491622 0.375107 0.570534 0.549124 0.871940
0.284872 0.343573 0.254666 0.189555 0.630542 0.497549 0.168957 0.000000 0.349936 0.188207 0.366986 0.249736 0.262564 0.331164 0.315920 0.298243 0.332440 0.288366 0.241103 0.290813 0.555730 0.813677 0.273634 0.544980 0.663221 0.602227 0.932406 0.875394 0.346917 0.266790 0.253862 0.422017 0.199084 0.206978 0.461848 0.629617 0.385012 0.451921 0.754396 0.719256 0.665593 0.587700 0.221956 0.260036 0.355006 0.358085 0.379764 0.312039 0.987525 0.620570 0.583798 0.517655 0.592534 0.510338 0.592223 0.669987 0.425466 0.381028 0.355839 0.408428 0.257232 0.283470 0.241761 0.220579 0.379216 0.275717 0.255336 0.288873 0.433171 0.324870 0.331649 0.352642 0.443657 0.532955 0.599238 0.725972 0.380428 0.373932 0.311250 0.470949 0.226522 0.231164 0.591090 0.376773 0.318305 0.464313 0.980176 0.753270 0.592677 0.586127 0.277363 0.277182 0.330187 0.384225 0.636251 0.487112 0.404384 0.672193 0.242796 0.201578 0.383599 0.337533 0.347344 0.318341 0.293843 0.352658 0.692088 0.562062 0.680570 0.486740 0.571209 0.427615 0.373649 0.509453 0.560180 0.915255
0.384481 0.417348 0.410816 0.458785 0.690517 0.529925 0.401027 0.349936 0.000000 0.359162 0.408577 0.378639 0.346886 0.525469 0.446514 0.480159 0.462111 0.451284 0.445791 0.432141 0.699391 0.938127 0.539333 0.815411 0.668654 0.690434 0.872217 0.948912 0.463136 0.452017 0.424128 0.654655 0.368914 0.404970 0.525948 0.789720 0.556031 0.642752 0.837825 0.741949 0.681536 0.843487 0.424351 0.442863 0.389846 0.393765 0.405190 0.471392 0.893632 0.603211 0.639755 0.551211 0.705966 0.726878 0.699554 0.647772 0.524955 0.435674 0.395419 0.397838 0.332127 0.355174 0.429555 0.398264 0.493239 0.429739 0.452329 0.429895 0.454884 0.458743 0.508043 0.519353 0.498937 0.539923 0.829482 0.725284 0.454730 0.493922 0.569539 0.542268 0.459125 0.477771 0.833704 0.677720 0.527981 0.746859 0.848061 0.581122 0.647589 0.703694 0.469471 0.456653 0.495077 0.479666 0.641766 0.667339 0.576965 0.793983 0.344054 0.418844 0.602190 0.574581 0.559390 0.462998 0.418419 0.493849 0.748475 0.675608 0.815454 0.617481 0.577201 0.596800 0.525176 0.636597 0.582668 0.772556
0.347538 0.398328 0.346020 0.255870 0.726114 0.529811 0.248919 0.188207 0.359162 0.000000 0.396011 0.322167 0.350860 0.396561 0.360732 0.357024 0.355331 0.335844 0.290190 0.335147 0.571926 0.828502 0.330278 0.630434 0.671505 0.611751 0.908009 0.878349 0.424309 0.310278 0.301047 0.455857 0.287839 0.284851 0.479045 0.686930 0.440970 0.532533 0.783655 0.715751 0.748811 0.590520 0.314009 0.349770 0.448918 0.462389 0.470184 0.391724 0.926745 0.713752 0.702952 0.627313 0.697485 0.611266 0.677796 0.699644 0.468113 0.451892 0.465400 0.518041 0.352438 0.375962 0.333750 0.309504 0.446650 0.351502 0.349099 0.393766 0.450358 0.445312 0.337116 0.399098 0.398613 0.505726 0.623638 0.598609 0.404623 0.361180 0.391938 0.504463 0.273545 0.287980 0.610890 0.445929 0.422034 0.603907 0.944600 0.696980 0.725948 0.684163 0.344214 0.322892 0.368836 0.396786 0.685455 0.444959 0.465253 0.702040 0.276476 0.262332 0.530877 0.446631 0.437888 0.373457 0.420265 0.419804 0.704440 0.600769 0.738853 0.548601 0.617206 0.506698 0.425010 0.541693 0.598677 0.936090
0.186779 0.260011 0.413386 0.466977 0.669386 0.704517 0.366116 0.366986 0.408577 0.396011 0.000000 0.227167 0.233656 0.377499 0.330159 0.361493 0.236508 0.230443 0.259045 0.261861 0.640890 0.932547 0.493666 0.703312 0.837265 0.798347 0.934657 0.788897 0.319562 0.264226 0.411428 0.532887 0.279535 0.268716 0.657257 0.748367 0.500205 0.482690 0.934868 0.714788 0.611456 0.672031 0.393574 0.353794 0.468565 0.430976 0.408733 0.436366 0.983798 0.633530 0.651502 0.609690 0.727157 0.772023 0.676636 0.559813 0.271300 0.247586 0.367769 0.394791 0.248080 0.348252 0.218029 0.225651 0.515369 0.423267 0.431082 0.469491 0.243416 0.320048 0.409282 0.364206 0.391951 0.408563 0.792932 0.608044 0.460862 0.416043 0.337281 0.297888 0.268290 0.307218 0.684623 0.544609 0.433141 0.680222 0.912549 0.694981 0.650247 0.715067 0.571494 0.609565 0.651481 0.629013 0.799923 0.619332 0.478344 0.736055 0.294037 0.346271 0.601057 0.589494 0.363957 0.392722 0.403874 0.428782 0.687881 0.785640 0.803099 0.615658 0.721192 0.574899 0.512212 0.600818 0.489860 0.857582
0.203005 0.182870 0.455207 0.372558 0.663925 0.631913 0.374198 0.249736 0.378639 0.322167 0.227167 0.000000 0.184327 0.204812 0.193110 0.208853 0.207590 0.168605 0.243080 0.224821 0.634560 0.912166 0.370842 0.566866 0.730145 0.797950 0.973718 0.892333 0.223937 0.189866 0.340266 0.489099 0.208472 0.261281 0.677285 0.734954 0.390098 0.454192 0.929942 0.710171 0.565136 0.586217 0.340613 0.319916 0.431698 0.386395 0.416328 0.392374 0.884539 0.597212 0.581420 0.524805 0.662998 0.667586 0.683312 0.637946 0.248323 0.204046 0.420166 0.411604 0.270063 0.262874 0.178552 0.123931 0.544014 0.417088 0.475770 0.499640 0.332571 0.312084 0.340280 0.316069 0.444005 0.535937 0.783432 0.648681 0.366857 0.328767 0.299608 0.341645 0.195194 0.235512 0.506073 0.371032 0.385251 0.512575 0.965485 0.767016 0.650703 0.665127 0.474255 0.478871 0.550494 0.575361 0.656733 0.532448 0.494321 0.679749 0.260449 0.267208 0.495684 0.524868 0.334445 0.339034 0.335842 0.424029 0.693727 0.656660 0.765069 0.550905 0.672174 0.473932 0.449903 0.543069 0.529345 0.922994
0.207238 0.246078 0.361417 0.371834 0.597449 0.565115 0.335249 0.262564 0.346886 0.350860 0.233656 0.184327 0.000000 0.285513 0.189354 0.250379 0.284214 0.228610 0.296115 0.329652 0.607239 0.899243 0.354876 0.577884 0.697764 0.708886 0.990750 0.944602 0.268957 0.236232 0.315223 0.540286 0.223945 0.277190 0.596166 0.798028 0.370218 0.448137 0.874235 0.729773 0.571560 0.581989 0.330408 0.316380 0.364150 0.336908 0.367815 0.359621 0.866636 0.497846 0.548565 0.444691 0.631439 0.644201 0.652781 0.619682 0.333227 0.255975 0.360449 0.351806 0.204103 0.237206 0.208113 0.181699 0.409287 0.342818 0.422992 0.440260 0.350932 0.328471 0.397826 0.389283 0.477177 0.499059 0.726291 0.628174 0.431480 0.359383 0.309833 0.360197 0.245481 0.274372 0.610060 0.445602 0.319307 0.487581 0.964596 0.753781 0.534136 0.593779 0.478609 0.475803 0.523803 0.562868 0.615767 0.566515 0.433814 0.705549 0.279733 0.327039 0.563369 0.530901 0.365567 0.384697 0.320259 0.378338 0.657423 0.683501 0.779818 0.548993 0.675021 0.505812 0.453512 0.560884 0.536295 0.882615
0.371518 0.254053 0.621052 0.468733 0.777953 0.784277 0.504408 0.331164 0.525469 0.396561 0.377499 0.204812 0.285513 0.000000 0.223599 0.207097 0.293074 0.231768 0.334518 0.303579 0.677441 0.938535 0.355673 0.444566 0.768247 0.885064 0.931407 0.889875 0.252639 0.226410 0.408339 0.433832 0.320845 0.388360 0.758015 0.710224 0.498347 0.502218 0.978990 0.731565 0.693619 0.556988 0.402361 0.433618 0.585479 0.542986 0.525122 0.451648 0.951648 0.748583 0.677067 0.650803 0.701855 0.650041 0.769710 0.771049 0.295282 0.285439 0.598377 0.586291 0.442907 0.374596 0.257882 0.200687 0.662977 0.544845 0.643017 0.664574 0.450248 0.468680 0.413022 0.468354 0.483370 0.588973 0.901760 0.694530 0.422027 0.348245 0.364496 0.406874 0.255590 0.267686 0.384557 0.357519 0.431364 0.467616 0.928528 0.972699 0.766834 0.698815 0.591492 0.559864 0.687612 0.720739 0.690582 0.545487 0.531013 0.701001 0.393431 0.323811 0.577199 0.611174 0.352806 0.343019 0.450512 0.539220 0.708581 0.643990 0.800402 0.580357 0.673440 0.522102 0.552466 0.498560 0.632220 0.945524
0.314171 0.284550 0.457614 0.385599 0.653348 0.669834 0.417643 0.315920 0.446514 0.360732 0.330159 0.193110 0.189354 0.223599 0.000000 0.217856 0.312599 0.245256 0.323065 0.336048 0.546508 0.886621 0.312621 0.478710 0.633370 0.754800 0.930946 0.931358 0.264195 0.211781 0.342047 0.498930 0.280363 0.330301 0.682862 0.805550 0.381360 0.461112 0.923599 0.685464 0.664400 0.590895 0.382860 0.350858 0.498935 0.446488 0.448921 0.360743 0.914648 0.570758 0.657078 0.552440 0.682352 0.612189 0.685762 0.685077 0.354042 0.306014 0.509652 0.495059 0.330280 0.293526 0.264980 0.222202 0.457342 0.399558 0.546110 0.566003 0.435053 0.400315 0.412472 0.435589 0.476502 0.574839 0.818464 0.646597 0.406380 0.343279 0.320729 0.396207 0.266180 0.277859 0.533594 0.386656 0.331590 0.420541 0.858133 0.886178 0.598285 0.614835 0.542235 0.517327 0.613265 0.646055 0.644957 0.466079 0.529152 0.689758 0.350340 0.336875 0.660127 0.583530 0.398167 0.389274 0.369828 0.448511 0.693346 0.690418 0.787913 0.594966 0.681461 0.511028 0.485262 0.523519 0.620098 0.945760
0.374570 0.305423 0.467547 0.357272 0.716930 0.663328 0.418172 0.298243 0.480159 0.357024 0.361493 0.208853 0.250379 0.207097 0.217856 0.000000 0.287749 0.223346 0.306768 0.284103 0.632204 0.865972 0.257822 0.388011 0.660202 0.737636 0.993755 0.913432 0.242908 0.175749 0.354139 0.392699 0.286873 0.328674 0.710644 0.734635 0.397165 0.520475 0.871193 0.692399 0.640212 0.553488 0.336408 0.342458 0.591121 0.519710 0.493040 0.396330 0.942804 0.720840 0.753974 0.688734 0.757686 0.720691 0.833141 0.797241 0.337560 0.303308 0.552220 0.570098 0.379504 0.335073 0.258880 0.208504 0.527732 0.402016 0.544836 0.555364 0.466921 0.437551 0.368916 0.450780 0.517273 0.605900 0.791291 0.651319 0.387740 0.330094 0.338425 0.402672 0.250776 0.243985 0.435170 0.330790 0.394188 0.397812 0.922524 0.988205 0.710880 0.629874 0.577911 0.539621 0.660340 0.680668 0.671141 0.508693 0.594599 0.665417 0.415931 0.319734 0.629962 0.593926 0.358379 0.310337 0.389601 0.461148 0.784806 0.791111 0.793026 0.551802 0.693362 0.560530 0.533706 0.521165 0.602604 0.938363
0.251377 0.224571 0.508902 0.473483 0.726789 0.769501 0.397938 0.332440 0.462111 0.355331 0.236508 0.207590 0.284214 0.293074 0.312599 0.287749 0.000000 0.147595 0.228590 0.219699 0.674159 0.947245 0.429730 0.611854 0.805132 0.890293 0.980448 0.773256 0.238264 0.195955 0.396636 0.463135 0.285673 0.263804 0.736127 0.747244 0.495299 0.487019 0.981628 0.792586 0.571811 0.598408 0.380340 0.325716 0.518319 0.479941 0.473345 0.494648 0.969680 0.740141 0.743512 0.689359 0.826120 0.752173 0.803429 0.741583 0.202094 0.199988 0.496941 0.505772 0.348065 0.377656 0.208729 0.189095 0.604391 0.494298 0.526533 0.555165 0.303330 0.352269 0.351621 0.332994 0.387424 0.431368 0.797196 0.608127 0.435214 0.390429 0.306774 0.273036 0.185724 0.246325 0.535812 0.440760 0.480114 0.628057 0.991048 0.820596 0.744061 0.790042 0.581999 0.544023 0.659228 0.589137 0.682723 0.555124 0.509386 0.694541 0.372552 0.311056 0.642105 0.578646 0.399815 0.337938 0.459547 0.508903 0.685975 0.708209 0.795963 0.562904 0.638741 0.508114 0.507778 0.483132 0.622291 0.822841
0.235780 0.179640 0.473841 0.421905 0.684977 0.720895 0.356837 0.288366 0.451284 0.335844 0.230443 0.168605 0.228610 0.231768 0.245256 0.223346 0.147595 0.000000 0.185134 0.182095 0.648776 0.957280 0.356375 0.550442 0.784405 0.881528 0.985673 0.764907 0.202505 0.153082 0.388447 0.432615 0.237726 0.244110 0.704590 0.741840 0.434649 0.462052 0.975150 0.773978 0.622870 0.554435 0.324295 0.286938 0.483650 0.440353 0.467255 0.403409 0.976077 0.723409 0.718804 0.669783 0.772002 0.723718 0.754796 0.755153 0.162426 0.163682 0.483624 0.506363 0.315785 0.350564 0.162961 0.147646 0.564856 0.467307 0.496639 0.527152 0.298253 0.350861 0.304780 0.283033 0.402306 0.445924 0.737127 0.645566 0.399487 0.325681 0.272487 0.258323 0.144424 0.190839 0.448875 0.364507 0.394919 0.539655 0.941556 0.867907 0.714808 0.744880 0.535641 0.493059 0.614992 0.591487 0.695111 0.533287 0.483199 0.718674 0.318940 0.254307 0.590126 0.555078 0.336695 0.291274 0.402610 0.453716 0.681078 0.748870 0.776701 0.541520 0.637859 0.447502 0.462465 0.499756 0.557982 0.901326
0.255127 0.264959 0.366936 0.327485 0.585828 0.677288 0.237260 0.241103 0.445791 0.290190 0.259045 0.243080 0.296115 0.334518 0.323065 0.306768 0.228590 0.185134 0.000000 0.187157 0.655109 0.951332 0.302907 0.555620 0.778810 0.828558 0.970777 0.652848 0.287208 0.231175 0.346385 0.383216 0.225516 0.217512 0.656892 0.621732 0.444242 0.473156 0.844231 0.749669 0.722349 0.573580 0.258046 0.257988 0.480309 0.475112 0.430697 0.332673 0.894961 0.775983 0.758767 0.733681 0.810341 0.658519 0.752727 0.800467 0.242174 0.283726 0.447310 0.532552 0.301515 0.405676 0.176035 0.222708 0.481834 0.384236 0.373743 0.408592 0.357013 0.357495 0.240188 0.290113 0.433433 0.466285 0.686604 0.687920 0.429780 0.381278 0.323245 0.354263 0.185786 0.228074 0.501730 0.388907 0.363483 0.523139 0.900949 0.799578 0.730043 0.810186 0.471550 0.441715 0.560155 0.529042 0.783282 0.546443 0.447578 0.667798 0.298833 0.212448 0.569688 0.435274 0.334552 0.299602 0.407435 0.441112 0.679972 0.715593 0.719573 0.586393 0.581772 0.446320 0.467576 0.555747 0.501055 0.907074
0.278416 0.236103 0.473703 0.405522 0.734567 0.696423 0.362479 0.290813 0.432141 0.335147 0.261861 0.224821 0.329652 0.303579 0.336048 0.284103 0.219699 0.182095 0.187157 0.000000 0.650064 0.934712 0.371159 0.562240 0.800294 0.883535 0.957337 0.717660 0.290391 0.221431 0.403043 0.374231 0.292031 0.263458 0.746629 0.634971 0.460946 0.505125 0.973390 0.816596 0.629063 0.664249 0.332514 0.322587 0.559006 0.525853 0.507767 0.440750 0.880767 0.829294 0.795021 0.790948 0.851426 0.751345 0.793382 0.784899 0.224540 0.240859 0.531396 0.593207 0.390549 0.422687 0.210865 0.220970 0.610512 0.510360 0.482739 0.531505 0.328273 0.378051 0.268688 0.323068 0.398139 0.440382 0.752447 0.664730 0.439053 0.374181 0.312363 0.328674 0.206432 0.247720 0.531976 0.413891 0.473706 0.600809 0.892123 0.827354 0.831005 0.837561 0.511735 0.501317 0.619708 0.591711 0.738344 0.593692 0.550415 0.770905 0.340679 0.267393 0.572140 0.521922 0.377366 0.312792 0.467369 0.453218 0.740525 0.756182 0.756853 0.591681 0.595461 0.474174 0.521672 0.531093 0.534521 0.941970
0.661251 0.686586 0.566572 0.528988 0.737814 0.684443 0.569474 0.555730 0.699391 0.571926 0.640890 0.634560 0.607239 0.677441 0.546508 0.632204 0.674159 0.648776 0.655109 0.650064 0.000000 0.708891 0.593000 0.713229 0.622988 0.687644 0.965755 0.973506 0.710623 0.575201 0.588587 0.727907 0.569899 0.551325 0.737700 0.930189 0.607601 0.657683 0.911795 0.810507 0.817880 0.791631 0.617821 0.580926 0.735843 0.658712 0.684055 0.611236 0.999420 0.733513 0.797335 0.779119 0.869001 0.786176 0.641170 0.737035 0.754221 0.726982 0.653254 0.720851 0.595027 0.613353 0.632313 0.631259 0.567068 0.592436 0.625167 0.614188 0.689208 0.731956 0.698923 0.716145 0.602984 0.865531 0.839041 0.946653 0.682079 0.580487 0.633695 0.750805 0.616584 0.580277 0.906732 0.706957 0.637340 0.701186 0.972646 0.862347 0.780114 0.794721 0.646979 0.614525 0.632440 0.692126 0.908788 0.532780 0.850940 0.892218 0.679608 0.623448 0.817960 0.714015 0.609086 0.697760 0.647670 0.568627 0.835290 0.865583 0.693391 0.770444 0.742377 0.717557 0.655857 0.747522 0.754805 0.864954
0.938358 0.939335 0.792183 0.784789 0.811074 0.794564 0.869652 0.813677 0.938127 0.828502 0.932547 0.912166 0.899243 0.938535 0.886621 0.865972 0.947245 0.957280 0.951332 0.934712 0.708891 0.000000 0.843826 0.909154 0.836941 0.777634 0.700688 0.903890 0.915579 0.884424 0.781351 0.917994 0.893464 0.831000 0.893922 0.923555 0.827660 0.808956 0.827837 0.733148 0.931775 0.861617 0.803230 0.790778 0.886377 0.947456 0.938925 0.999380 0.961571 0.911541 0.954962 0.872407 0.886639 0.896678 0.890538 0.884654 0.983867 0.992590 0.893037 0.965572 0.936549 0.918984 0.971173 0.936857 0.826509 0.831686 0.839341 0.878165 0.929603 0.823539 0.826387 0.920054 0.894783 0.965961 0.914563 0.838027 0.872884 0.866483 0.829564 0.968137 0.955640 0.930320 0.942818 0.942318 0.955874 0.935699 0.895098 0.954930 0.923159 0.908045 0.888893 0.865273 0.882865 0.821367 0.867697 0.689351 0.939363 0.963731 0.890019 0.889150 0.846151 0.790294 0.895957 0.810079 0.795155 0.816647 0.918352 0.973858 0.945184 0.941535 0.887326 0.954885 0.942194 0.873832 0.922576 0.901935
0.478778 0.456880 0.338432 0.244324 0.689362 0.604066 0.306651 0.273634 0.539333 0.330278 0.493666 0.370842 0.354876 0.355673 0.312621 0.257822 0.429730 0.356375 0.302907 0.371159 0.593000 0.843826 0.000000 0.277294 0.567468 0.615073 0.912010 0.874825 0.402693 0.293623 0.279374 0.327811 0.312122 0.360793 0.639957 0.610851 0.365654 0.515300 0.762329 0.790353 0.779356 0.535380 0.304107 0.388200 0.622252 0.603471 0.544617 0.420440 0.807676 0.778933 0.848436 0.783134 0.763756 0.563056 0.790830 0.860134 0.494541 0.495010 0.641385 0.710970 0.448508 0.482227 0.349028 0.363336 0.349198 0.351121 0.456881 0.510240 0.629140 0.515479 0.299830 0.441972 0.565115 0.612989 0.671401 0.819901 0.431864 0.436519 0.419382 0.534019 0.329183 0.295780 0.503972 0.370966 0.271738 0.299355 0.767398 0.983383 0.674397 0.662825 0.478211 0.416457 0.535965 0.576355 0.748418 0.490366 0.589497 0.702556 0.469244 0.323071 0.644043 0.497445 0.495568 0.390886 0.469116 0.440080 0.810642 0.742929 0.807823 0.602657 0.692269 0.550361 0.502608 0.603479 0.658484 0.946452
0.773777 0.666051 0.640869 0.469583 0.812193 0.866684 0.629989 0.544980 0.815411 0.630434 0.703312 0.566866 0.577884 0.444566 0.478710 0.388011 0.611854 0.550442 0.555620 0.562240 0.713229 0.909154 0.277294 0.000000 0.564076 0.824470 0.967545 0.912274 0.516194 0.440510 0.549865 0.379590 0.572682 0.609059 0.875876 0.686238 0.560590 0.652285 0.869274 0.909094 0.868438 0.699830 0.575110 0.669431 0.962073 0.926015 0.823780 0.667357 0.669392 0.985521 0.922149 0.978300 0.947610 0.757083 0.998467 0.942709 0.652633 0.683671 0.967827 0.991631 0.754104 0.692591 0.575282 0.570115 0.600273 0.592746 0.776325 0.851572 0.824947 0.710850 0.546479 0.731314 0.700065 0.760111 0.846002 0.885516 0.620783 0.642722 0.563031 0.656451 0.533452 0.452059 0.503516 0.461244 0.494650 0.342602 0.775553 0.753021 0.799095 0.738585 0.787325 0.729346 0.845632 0.897447 0.917148 0.577748 0.819730 0.755366 0.772398 0.556126 0.768587 0.724123 0.693442 0.581952 0.631241 0.692262 0.968986 0.929037 0.855609 0.778501 0.799302 0.744819 0.787550 0.628425 0.935081 0.999951
0.849788 0.785166 0.569888 0.556704 0.861070 0.693079 0.685457 0.663221 0.668654 0.671505 0.837265 0.730145 0.697764 0.768247 0.633370 0.660202 0.805132 0.784405 0.778810 0.800294 0.622988 0.836941 0.567468 0.564076 0.000000 0.452714 0.656978 0.831398 0.746944 0.627421 0.551163 0.713280 0.699772 0.663770 0.656263 0.797014 0.580581 0.721375 0.686800 0.919544 0.761702 0.873464 0.677308 0.726092 0.834844 0.795110 0.714135 0.619098 0.916010 0.747558 0.935999 0.787172 0.915917 0.876139 0.869200 0.929758 0.871718 0.811289 0.805688 0.836047 0.736092 0.735713 0.786186 0.755678 0.500945 0.594283 0.710789 0.710397 0.835013 0.722435 0.778013 0.842428 0.691699 0.870261 0.823802 0.967358 0.670340 0.812223 0.742813 0.935525 0.759065 0.687662 0.873676 0.705155 0.698042 0.562997 0.906533 0.928199 0.804403 0.647447 0.791421 0.765888 0.715086 0.780866 0.844204 0.698611 0.914899 0.742897 0.807350 0.772378 0.816079 0.857922 0.918086 0.770430 0.673143 0.658014 0.981709 0.864679 0.851554 0.802771 0.660860 0.855649 0.850739 0.718410 0.882174 0.735986
0.808324 0.907351 0.408701 0.460887 0.909535 0.507266 0.577896 0.602227 0.690434 0.611751 0.798347 0.797950 0.708886 0.885064 0.754800 0.737636 0.890293 0.881528 0.828558 0.883535 0.687644 0.777634 0.615073 0.824470 0.452714 0.000000 0.673643 0.660971 0.870949 0.746490 0.492371 0.757591 0.647545 0.642179 0.432017 0.717179 0.604032 0.813470 0.633509 0.784059 0.837317 0.884758 0.656311 0.692739 0.743029 0.701057 0.569337 0.591889 0.981737 0.674447 0.814210 0.684165 0.723834 0.806211 0.679876 0.644528 0.970958 0.918567 0.603195 0.645047 0.623642 0.668239 0.802268 0.799414 0.387346 0.448638 0.501454 0.467736 0.824840 0.660743 0.850275 0.902783 0.815162 0.906096 0.598968 0.932555 0.736776 0.884443 0.750305 0.932765 0.789708 0.698805 0.956516 0.771740 0.575472 0.590065 0.975075 0.943424 0.654035 0.491541 0.724390 0.740170 0.637177 0.758611 0.755085 0.859939 0.754334 0.869937 0.803461 0.769807 0.813650 0.742595 0.815866 0.795699 0.717615 0.629656 0.883155 0.867367 0.969121 0.774676 0.880278 0.890206 0.812876 0.842310 0.756004 0.793402
0.954745 0.994160 0.890091 0.922311 0.942558 0.939895 0.965569 0.932406 0.872217 0.908009 0.934657 0.973718 0.990750 0.931407 0.930946 0.993755 0.980448 0.985673 0.970777 0.957337 0.965755 0.700688 0.912010 0.967545 0.656978 0.673643 0.000000 0.827304 0.985168 0.946330 0.826740 0.972950 0.974817 0.971901 0.977700 0.957026 0.911534 0.963478 0.951859 0.964065 0.948605 0.925228 0.920505 0.878985 0.989287 0.990944 0.953292 0.937678 0.930882 0.852352 0.966643 0.927418 0.942191 0.931662 0.994265 0.981428 0.999361 0.936847 0.996367 0.994940 0.948936 0.923712 0.950387 0.948118 0.811847 0.961156 0.996191 0.996397 0.963412 0.864889 0.986749 0.955957 0.988728 0.965939 0.809513 0.971443 0.927300 0.823402 0.933816 0.970965 0.946866 0.970155 0.953207 0.947186 0.941328 0.857619 0.892549 0.886016 0.905268 0.855035 0.835320 0.885885 0.863775 0.895853 0.923851 0.887903 0.869455 0.990384 0.846301 0.903897 0.943891 0.982848 0.899172 0.981826 0.891380 0.921395 0.964619 0.857650 0.869305 0.934489 0.943683 0.977797 0.980250 0.997450 0.980417 0.951191
0.820950 0.827831 0.945542 0.924582 0.810579 0.693471 0.791417 0.875394 0.948912 0.878349 0.788897 0.892333 0.944602 0.889875 0.931358 0.913432 0.773256 0.764907 0.652848 0.717660 0.973506 0.903890 0.874825 0.912274 0.831398 0.660971 0.827304 0.000000 0.813618 0.832167 0.992565 0.852706 0.880491 0.828269 0.950781 0.870680 0.994329 0.925357 0.864542 0.904211 0.983095 0.887647 0.806800 0.809903 0.950022 0.969964 0.949076 0.796687 0.752527 0.890001 0.862168 0.843704 0.901828 0.873577 0.981577 0.823236 0.708068 0.807755 0.973433 0.955676 0.878199 0.932636 0.826001 0.890230 0.989737 0.912893 0.895801 0.925597 0.780810 0.885448 0.791710 0.787750 0.643111 0.672329 0.959256 0.913926 0.948596 0.908247 0.839220 0.728322 0.822058 0.903304 0.894577 0.887100 0.941574 0.960624 0.812576 0.954593 0.884684 0.755262 0.973806 0.928026 0.957259 0.930712 0.912388 0.941336 0.968708 0.945433 0.843619 0.790184 0.958662 0.800114 0.873556 0.819466 0.880162 0.974857 0.938744 0.985659 0.988690 0.959726 0.784268 0.824413 0.931098 0.901968 0.873664 0.860197
0.337652 0.282086 0.540018 0.482505 0.673894 0.742235 0.457777 0.346917 0.463136 0.424309 0.319562 0.223937 0.268957 0.252639 0.264195 0.242908 0.238264 0.202505 0.287208 0.290391 0.710623 0.915579 0.402693 0.516194 0.746944 0.870949 0.985168 0.813618 0.000000 0.203217 0.433325 0.462038 0.290542 0.296255 0.691575 0.764888 0.530601 0.574072 0.906996 0.797857 0.655289 0.570359 0.374087 0.358123 0.529853 0.459166 0.440918 0.384530 0.969675 0.650741 0.695268 0.610315 0.698008 0.690387 0.719833 0.755946 0.276577 0.263223 0.526121 0.521439 0.352916 0.314825 0.239466 0.205886 0.580205 0.450247 0.521730 0.564021 0.369354 0.337741 0.455603 0.483281 0.453538 0.506104 0.798613 0.606964 0.461128 0.378499 0.326180 0.341346 0.220959 0.259489 0.456824 0.355897 0.404944 0.484427 0.961386 0.932511 0.732041 0.664296 0.612165 0.567967 0.686345 0.715325 0.635524 0.565029 0.552676 0.687454 0.404648 0.339688 0.596118 0.542854 0.376637 0.332660 0.405294 0.502031 0.734176 0.840376 0.881633 0.580169 0.582821 0.559012 0.555343 0.534857 0.656103 0.925510
0.293759 0.261161 0.387754 0.325935 0.711732 0.727456 0.333230 0.266790 0.452017 0.310278 0.264226 0.189866 0.236232 0.226410 0.211781 0.175749 0.195955 0.153082 0.231175 0.221431 0.575201 0.884424 0.293623 0.440510 0.627421 0.746490 0.946330 0.832167 0.203217 0.000000 0.309421 0.367083 0.236679 0.229935 0.655610 0.720918 0.391865 0.405665 0.910816 0.749838 0.584031 0.605739 0.277365 0.258213 0.523516 0.432909 0.438259 0.337173 0.952592 0.647196 0.696934 0.628925 0.700116 0.633668 0.740930 0.708694 0.257017 0.249103 0.484475 0.519109 0.307785 0.304762 0.204825 0.174468 0.458888 0.363230 0.455856 0.498116 0.356434 0.330295 0.366630 0.378545 0.360668 0.431541 0.684603 0.615817 0.402309 0.336682 0.244021 0.325098 0.188899 0.199566 0.425081 0.334067 0.360939 0.459195 0.909907 0.948041 0.648668 0.670570 0.572285 0.535843 0.666208 0.638747 0.685109 0.490829 0.552724 0.660324 0.380952 0.288430 0.595913 0.550336 0.373854 0.284292 0.367558 0.415948 0.716868 0.751334 0.736706 0.491357 0.613673 0.523680 0.474132 0.496934 0.597790 0.918842
0.351101 0.434784 0.262987 0.226145 0.707871 0.542125 0.268099 0.253862 0.424128 0.301047 0.411428 0.340266 0.315223 0.408339 0.342047 0.354139 0.396636 0.388447 0.346385 0.403043 0.588587 0.781351 0.279374 0.549865 0.551163 0.492371 0.826740 0.992565 0.433325 0.309421 0.000000 0.420507 0.245002 0.272857 0.481148 0.636921 0.352273 0.438377 0.689287 0.735276 0.653864 0.638854 0.281393 0.318892 0.471631 0.447091 0.436593 0.367624 0.992345 0.609110 0.654180 0.585209 0.632434 0.567742 0.612709 0.612961 0.486422 0.464050 0.420419 0.478385 0.312976 0.391899 0.323543 0.321644 0.332020 0.320412 0.332473 0.362562 0.526047 0.410155 0.402638 0.485375 0.510298 0.600521 0.643487 0.736678 0.482383 0.503416 0.415157 0.523286 0.345410 0.335155 0.607226 0.441236 0.337418 0.448779 0.883083 0.802308 0.499350 0.562609 0.474694 0.463615 0.520455 0.516103 0.658765 0.623589 0.443904 0.669825 0.415572 0.397482 0.551814 0.412973 0.477982 0.433416 0.453732 0.386217 0.684250 0.638468 0.843791 0.570724 0.593710 0.588254 0.451415 0.597102 0.598923 0.957387
0.591646 0.582444 0.511342 0.408736 0.894602 0.743295 0.459227 0.422017 0.654655 0.455857 0.532887 0.489099 0.540286 0.433832 0.498930 0.392699 0.463135 0.432615 0.383216 0.374231 0.727907 0.917994 0.327811 0.379590 0.713280 0.757591 0.972950 0.852706 0.462038 0.367083 0.420507 0.000000 0.456160 0.426657 0.814431 0.576467 0.622233 0.753392 0.949792 0.897023 0.848973 0.703437 0.454285 0.544446 0.834633 0.799700 0.711188 0.541495 0.620822 0.962030 0.985543 0.978662 0.888484 0.741197 0.898626 0.931713 0.527193 0.579457 0.784971 0.818699 0.614095 0.651063 0.416871 0.448856 0.622977 0.550163 0.579794 0.636132 0.690939 0.581305 0.485932 0.610589 0.616205 0.636528 0.748346 0.819234 0.624025 0.541886 0.414073 0.570462 0.376785 0.331158 0.510827 0.406166 0.488985 0.475288 0.873458 0.859906 0.813836 0.718699 0.682615 0.646469 0.731067 0.788993 0.879369 0.567397 0.658555 0.758490 0.660801 0.461675 0.669389 0.580818 0.583773 0.434890 0.642969 0.650059 0.805278 0.860636 0.863059 0.682594 0.652004 0.735164 0.756946 0.640582 0.709988 0.965047
0.216732 0.309549 0.265694 0.245146 0.583411 0.586215 0.220852 0.199084 0.368914 0.287839 0.279535 0.208472 0.223945 0.320845 0.280363 0.286873 0.285673 0.237726 0.225516 0.292031 0.569899 0.893464 0.312122 0.572682 0.699772 0.647545 0.974817 0.880491 0.290542 0.236679 0.245002 0.456160 0.000000 0.168328 0.479186 0.648149 0.347936 0.412938 0.757538 0.670515 0.633924 0.564796 0.282516 0.267779 0.383019 0.343856 0.399982 0.336612 0.945472 0.597694 0.610528 0.537536 0.644833 0.588394 0.564042 0.572053 0.354216 0.314764 0.315977 0.354867 0.199120 0.292184 0.191805 0.195162 0.355047 0.282396 0.277004 0.303031 0.355537 0.284445 0.340081 0.350171 0.470503 0.576071 0.647684 0.795489 0.370611 0.347562 0.304322 0.412953 0.212765 0.205099 0.559826 0.351789 0.283824 0.414505 0.921911 0.798228 0.525516 0.617296 0.406295 0.372552 0.451604 0.447886 0.648598 0.576107 0.494974 0.731370 0.289767 0.298678 0.525099 0.364581 0.324614 0.316749 0.299984 0.413855 0.685374 0.656150 0.833690 0.549928 0.599555 0.474631 0.445592 0.551685 0.551357 0.935628
0.236314 0.320306 0.266783 0.262654 0.609918 0.593574 0.216063 0.206978 0.404970 0.284851 0.268716 0.261281 0.277190 0.388360 0.330301 0.328674 0.263804 0.244110 0.217512 0.263458 0.551325 0.831000 0.360793 0.609059 0.663770 0.642179 0.971901 0.828269 0.296255 0.229935 0.272857 0.426657 0.168328 0.000000 0.446514 0.631253 0.387926 0.426628 0.735238 0.660711 0.638824 0.584012 0.278792 0.254537 0.411431 0.394572 0.406090 0.316332 0.964060 0.627269 0.677110 0.588226 0.664949 0.631839 0.584356 0.597492 0.349193 0.323048 0.324956 0.376800 0.221955 0.309599 0.204154 0.222962 0.355334 0.271048 0.243398 0.280961 0.325335 0.260048 0.361582 0.378660 0.429250 0.543915 0.684498 0.705945 0.415031 0.377945 0.265945 0.389726 0.197351 0.200853 0.591854 0.377276 0.336968 0.471145 0.968303 0.739851 0.578217 0.619407 0.410221 0.409270 0.471130 0.456811 0.685100 0.559314 0.466426 0.638895 0.315465 0.289843 0.524057 0.384891 0.337227 0.281878 0.313875 0.370007 0.705811 0.667298 0.817473 0.552880 0.541838 0.455129 0.425475 0.501967 0.544230 0.878768
0.592522 0.732392 0.403392 0.463604 0.732663 0.552833 0.476282 0.461848 0.525948 0.479045 0.657257 0.677285 0.596166 0.758015 0.682862 0.710644 0.736127 0.704590 0.656892 0.746629 0.737700 0.893922 0.639957 0.875876 0.656263 0.432017 0.977700 0.950781 0.691575 0.655610 0.481148 0.814431 0.479186 0.446514 0.000000 0.633218 0.581108 0.624913 0.581008 0.830364 0.842081 0.846541 0.573434 0.575546 0.493764 0.509356 0.630923 0.550523 0.934348 0.616508 0.698014 0.596144 0.595667 0.750860 0.562587 0.589646 0.819687 0.767683 0.440722 0.492046 0.434509 0.493525 0.632871 0.629421 0.375576 0.366356 0.333121 0.363058 0.629199 0.557946 0.755816 0.813828 0.709895 0.840954 0.736148 0.870216 0.614881 0.715985 0.676510 0.788697 0.609165 0.584636 0.820448 0.698474 0.521729 0.603402 0.996704 0.700408 0.653490 0.590157 0.508742 0.552632 0.478293 0.531795 0.769614 0.828154 0.562658 0.734646 0.564190 0.586570 0.604408 0.579675 0.584911 0.679207 0.559432 0.542862 0.756321 0.685586 0.996128 0.748584 0.715640 0.558379 0.665969 0.774990 0.722956 0.946149
0.727365 0.754981 0.654276 0.644222 0.899325 0.893859 0.650998 0.629617 0.789720 0.686930 0.748367 0.734954 0.798028 0.710224 0.805550 0.734635 0.747244 0.741840 0.621732 0.634971 0.930189 0.923555 0.610851 0.686238 0.797014 0.717179 0.957026 0.870680 0.764888 0.720918 0.636921 0.576467 0.648149 0.631253 0.633218 0.000000 0.718021 0.647616 0.766717 0.981221 0.994198 0.931563 0.658029 0.745518 0.819664 0.860361 0.857634 0.750380 0.886020 0.999871 0.886647 0.896064 0.832507 0.794316 0.950608 0.993429 0.726368 0.772826 0.782145 0.837824 0.722869 0.767186 0.674126 0.702429 0.717451 0.689816 0.621497 0.699459 0.713639 0.709290 0.622525 0.801961 0.776808 0.772280 0.885961 0.938154 0.806622 0.757529 0.806045 0.837678 0.694786 0.691569 0.677033 0.724940 0.712785 0.650554 0.819444 0.999995 0.903146 0.827777 0.807788 0.876399 0.852207 0.859580 0.899338 0.785787 0.772637 0.905544 0.759241 0.693924 0.723464 0.765392 0.806940 0.668777 0.770640 0.781261 0.621974 0.804735 0.958552 0.941258 0.690903 0.704807 0.879378 0.752031 0.766647 0.826891
0.420947 0.466449 0.389625 0.346026 0.697461 0.529560 0.399072 0.385012 0.556031 0.440970 0.500205 0.390098 0.370218 0.498347 0.381360 0.397165 0.495299 0.434649 0.444242 0.460946 0.607601 0.827660 0.365654 0.560590 0.580581 0.604032 0.911534 0.994329 0.530601 0.391865 0.352273 0.622233 0.347936 0.387926 0.581108 0.718021 0.000000 0.446480 0.817862 0.817764 0.641225 0.593021 0.431923 0.452594 0.569634 0.543006 0.584597 0.479809 0.986831 0.691654 0.726598 0.679419 0.813048 0.756591 0.733253 0.701015 0.513019 0.495171 0.524613 0.618193 0.406037 0.434447 0.396948 0.398077 0.425078 0.407635 0.462451 0.521130 0.565536 0.514420 0.397174 0.504889 0.658487 0.724240 0.729121 0.841968 0.488162 0.498045 0.440716 0.660854 0.420536 0.421218 0.640549 0.407498 0.395009 0.505528 0.749002 0.856821 0.639001 0.699867 0.513618 0.518813 0.546996 0.561839 0.657695 0.724706 0.572092 0.716182 0.464404 0.471111 0.668596 0.564612 0.525757 0.552427 0.403986 0.441899 0.853058 0.668875 0.778524 0.700128 0.679628 0.471868 0.539265 0.701663 0.570661 0.898581
0.412909 0.473183 0.443259 0.445525 0.710761 0.900650 0.457319 0.451921 0.642752 0.532533 0.482690 0.454192 0.448137 0.502218 0.461112 0.520475 0.487019 0.462052 0.473156 0.505125 0.657683 0.808956 0.515300 0.652285 0.721375 0.813470 0.963478 0.925357 0.574072 0.405665 0.438377 0.753392 0.412938 0.426628 0.624913 0.647616 0.446480 0.000000 0.783844 0.683274 0.694151 0.787219 0.414576 0.411736 0.522039 0.482973 0.594134 0.536424 0.780772 0.569292 0.554874 0.542056 0.624912 0.562412 0.668248 0.701473 0.515687 0.505894 0.471564 0.550809 0.412581 0.468882 0.418823 0.432013 0.462705 0.490775 0.510416 0.584073 0.476649 0.431772 0.495968 0.564938 0.608044 0.595421 0.734388 0.792756 0.528650 0.586112 0.502462 0.585746 0.502048 0.498853 0.614829 0.531638 0.484164 0.582363 0.852824 0.862591 0.606775 0.669877 0.641352 0.667250 0.748422 0.628285 0.837817 0.633563 0.613814 0.729603 0.509210 0.500047 0.673019 0.637771 0.552458 0.490355 0.500771 0.467658 0.645280 0.607380 0.688318 0.611413 0.697124 0.622525 0.522551 0.600048 0.629405 0.872418
