0.000000 0.156333 0.321743 0.278600 0.675839 0.543035 0.241121 0.189573 0.417504 0.333478 0.167566 0.137420 0.138353 0.229698 0.226383 0.224149 0.147467 0.128337 0.134874 0.144275 0.503630 0.873405 0.260417 0.458986 0.701301 0.682229 0.873895 0.878132 0.202141 0.148771 0.284294 0.353303 0.152387 0.155929 0.471636 0.642473 0.349221 0.396037 0.682519 0.635814 0.653901 0.509952 0.218771 0.187127 0.262001 0.200633 0.221703 0.209373 0.664411 0.353570 0.417337 0.317205 0.457782 0.521447 0.456324 0.477366 0.154187 0.145427 0.177520 0.178411 0.129420 0.169487 0.129311 0.129152 0.392083 0.275098 0.272130 0.267150 0.301111 0.194979 0.243370 0.251711 0.409683 0.405714 0.611906 0.573284 0.360659 0.293419 0.180400 0.184792 0.124564 0.172764 0.450786 0.317712 0.246333 0.443346 0.975766 0.867051 0.380692 0.495228 0.561719 0.665675 0.577058 0.775559 0.459910 0.457223 0.310679 0.538362 0.242127 0.239723 0.517487 0.617162 0.265713 0.273975 0.285949 0.290226 0.673584 0.574708 0.573272 0.365523 0.616164 0.331945 0.329352 0.488718 0.420580 0.963649
0.156333 0.000000 0.488525 0.407852 0.678478 0.584860 0.374830 0.249041 0.463666 0.371506 0.240762 0.133900 0.167010 0.176667 0.217428 0.216359 0.154570 0.125485 0.180453 0.167016 0.527734 0.908821 0.297970 0.448098 0.706811 0.776543 0.896674 0.928970 0.167156 0.169183 0.347341 0.402279 0.211546 0.234315 0.564782 0.635307 0.381552 0.448729 0.797505 0.675223 0.710995 0.436454 0.265214 0.233048 0.270710 0.229177 0.288865 0.239733 0.590253 0.391143 0.437711 0.346004 0.523872 0.601837 0.572887 0.571430 0.108423 0.098790 0.249192 0.239242 0.214782 0.217955 0.160676 0.125938 0.550371 0.432109 0.411551 0.386975 0.336604 0.245220 0.248740 0.270150 0.520756 0.526454 0.683029 0.579767 0.313411 0.280054 0.252281 0.226145 0.150281 0.211649 0.391666 0.318947 0.305634 0.457923 0.893859 0.839923 0.487090 0.535367 0.639585 0.711151 0.635646 0.857979 0.415199 0.492944 0.341082 0.457402 0.274158 0.253054 0.547008 0.737652 0.315906 0.275385 0.331003 0.318581 0.721848 0.591596 0.591491 0.435401 0.621241 0.360345 0.432913 0.429722 0.427020 0.874670
0.321743 0.488525 0.000000 0.138081 0.689826 0.552895 0.158728 0.235154 0.414788 0.393472 0.347029 0.379898 0.325879 0.459879 0.401098 0.389125 0.436908 0.395694 0.269372 0.333658 0.434200 0.842776 0.236638 0.420880 0.512332 0.390285 0.960136 0.910416 0.448043 0.342504 0.219618 0.346847 0.233072 0.262643 0.387773 0.673206 0.380961 0.469442 0.570271 0.574291 0.798253 0.665564 0.296702 0.295091 0.480021 0.425874 0.366360 0.316700 0.937003 0.570949 0.643476 0.537718 0.557163 0.487705 0.423324 0.534612 0.531227 0.504597 0.314916 0.325300 0.247400 0.344714 0.345097 0.390110 0.195758 0.176881 0.186624 0.222399 0.466647 0.302957 0.372348 0.394717 0.414114 0.414975 0.542111 0.778128 0.483256 0.458968 0.340908 0.447312 0.336934 0.287315 0.600453 0.371255 0.297343 0.428721 0.894833 0.942683 0.406661 0.455563 0.542529 0.623777 0.528374 0.702802 0.543982 0.606400 0.476849 0.700358 0.455025 0.418870 0.533848 0.456028 0.451146 0.360025 0.380409 0.403157 0.707486 0.635951 0.623146 0.441826 0.708925 0.592277 0.463877 0.663261 0.545907 0.964997
0.278600 0.407852 0.138081 0.000000 0.687643 0.480066 0.165481 0.163107 0.404066 0.303796 0.358680 0.288682 0.263013 0.330377 0.291926 0.276762 0.367829 0.324994 0.226733 0.277567 0.380611 0.776932 0.163458 0.323263 0.479041 0.388728 0.962230 0.990573 0.358320 0.263798 0.185129 0.265292 0.182909 0.194163 0.315216 0.612612 0.314189 0.429922 0.499055 0.562373 0.765738 0.567697 0.252263 0.255735 0.405414 0.370711 0.310332 0.250146 0.841791 0.502601 0.583488 0.469363 0.528347 0.488375 0.375818 0.490969 0.456332 0.416802 0.288293 0.293776 0.232711 0.277825 0.288187 0.295307 0.206423 0.173610 0.175427 0.185934 0.468835 0.282820 0.298377 0.360515 0.453953 0.529874 0.513653 0.707777 0.400932 0.397248 0.277073 0.388861 0.247727 0.200802 0.477939 0.272541 0.228150 0.321611 0.901945 0.981001 0.372941 0.373294 0.500816 0.577038 0.471185 0.678054 0.495560 0.509917 0.413205 0.642770 0.386236 0.313285 0.487664 0.480783 0.360375 0.301795 0.299673 0.322970 0.730555 0.598919 0.626021 0.417461 0.636931 0.470561 0.429265 0.546603 0.529103 0.944952
0.675839 0.678478 0.689826 0.687643 0.000000 0.786992 0.633364 0.604002 0.780376 0.666331 0.755115 0.701927 0.640933 0.706064 0.699962 0.661715 0.726205 0.705438 0.644662 0.759093 0.718204 0.902686 0.654513 0.726178 0.994318 0.999592 0.891060 0.838896 0.677676 0.733572 0.812429 0.880988 0.643741 0.706996 0.789515 0.801215 0.845003 0.669716 0.910219 0.795736 0.856003 0.679421 0.588675 0.612030 0.614512 0.646260 0.683933 0.660836 0.807485 0.761394 0.647666 0.635173 0.724355 0.648312 0.808272 0.834764 0.668986 0.717300 0.639679 0.650997 0.617443 0.615506 0.652594 0.644035 0.721018 0.674968 0.660785 0.656583 0.780838 0.734013 0.566083 0.661857 0.942183 0.926740 0.879053 0.956536 0.753732 0.804647 0.784632 0.789955 0.695042 0.731427 0.673470 0.701582 0.678977 0.722058 0.942791 0.950144 0.839301 0.741414 0.688029 0.671994 0.723731 0.756353 0.963457 0.807716 0.734008 0.838325 0.668236 0.609630 0.685508 0.701358 0.570974 0.585000 0.586125 0.718144 0.829242 0.729146 0.820269 0.882364 0.726938 0.729054 0.701906 0.678112 0.780493 0.942591
0.543035 0.584860 0.552895 0.480066 0.786992 0.000000 0.451601 0.405582 0.582363 0.427071 0.589465 0.517341 0.522195 0.595884 0.574418 0.554622 0.590979 0.538412 0.543647 0.542557 0.723419 0.880704 0.539164 0.737339 0.864593 0.619991 0.972471 0.756014 0.584517 0.563184 0.580473 0.621597 0.519575 0.514902 0.610000 0.831078 0.613399 0.810369 0.807490 0.719850 0.821820 0.578852 0.426751 0.519931 0.494890 0.524450 0.452783 0.502920 0.810113 0.704642 0.643902 0.592601 0.640706 0.670688 0.684553 0.629882 0.605228 0.621330 0.567721 0.598108 0.530287 0.561664 0.523444 0.528813 0.600000 0.519831 0.442411 0.451826 0.748588 0.612642 0.452390 0.475572 0.717894 0.807790 0.752765 0.768959 0.572543 0.554800 0.537519 0.665414 0.499390 0.530900 0.764889 0.583949 0.562073 0.717288 0.838173 0.796411 0.693345 0.706107 0.402610 0.465295 0.370172 0.584573 0.693861 0.692579 0.481028 0.718039 0.433507 0.423679 0.494357 0.510628 0.570969 0.450547 0.497127 0.490183 0.870910 0.547140 0.792339 0.602129 0.765058 0.505115 0.478833 0.722017 0.596815 0.945752
0.241121 0.374830 0.158728 0.165481 0.633364 0.451601 0.000000 0.134981 0.353355 0.235388 0.271103 0.280162 0.252064 0.366503 0.341212 0.332630 0.310768 0.283218 0.175514 0.268028 0.442659 0.831805 0.244066 0.503902 0.715297 0.577137 0.878995 0.843579 0.347802 0.271237 0.255724 0.349474 0.185606 0.176782 0.403783 0.656066 0.411064 0.447891 0.606210 0.563654 0.712719 0.545736 0.220163 0.189120 0.318045 0.299653 0.308137 0.234606 0.870838 0.547030 0.542910 0.455520 0.530109 0.438283 0.420325 0.584519 0.370653 0.383578 0.214583 0.272307 0.168207 0.284687 0.231602 0.272861 0.278059 0.192910 0.132639 0.144178 0.428518 0.290759 0.275493 0.267799 0.425737 0.454643 0.528563 0.695416 0.406889 0.344015 0.303816 0.390279 0.244379 0.247718 0.549317 0.366283 0.305024 0.493233 0.953111 0.797314 0.407819 0.552073 0.452646 0.501699 0.431046 0.603054 0.518720 0.517484 0.375890 0.606343 0.304941 0.282399 0.446203 0.352659 0.337401 0.260608 0.313259 0.300244 0.699447 0.543110 0.551830 0.371025 0.560853 0.431613 0.330753 0.508804 0.494161 0.936540
0.189573 0.249041 0.235154 0.163107 0.604002 0.405582 0.134981 0.000000 0.343857 0.187287 0.273673 0.176295 0.178379 0.237033 0.233397 0.222072 0.223949 0.198113 0.164520 0.199649 0.428527 0.798524 0.191406 0.404545 0.681265 0.601634 0.854976 0.931223 0.248389 0.189754 0.262175 0.320287 0.148741 0.140216 0.378098 0.575794 0.369921 0.399279 0.655078 0.552830 0.671331 0.492675 0.182723 0.179917 0.242158 0.240481 0.264837 0.209353 0.729292 0.445299 0.450344 0.357898 0.461133 0.438820 0.440927 0.527885 0.275529 0.268268 0.224272 0.247788 0.160053 0.185645 0.180024 0.159662 0.324584 0.217765 0.164126 0.179350 0.434279 0.251545 0.222151 0.269026 0.453992 0.529179 0.586452 0.617220 0.324290 0.263994 0.216747 0.341835 0.160180 0.176639 0.428023 0.288504 0.245225 0.402032 0.988335 0.831221 0.409982 0.451138 0.370414 0.438694 0.359280 0.581306 0.430891 0.390197 0.288898 0.506339 0.211139 0.172012 0.358939 0.432995 0.270134 0.194039 0.222104 0.257623 0.679576 0.473788 0.555643 0.349609 0.529712 0.339333 0.300846 0.413332 0.453857 0.945670
0.417504 0.463666 0.414788 0.404066 0.780376 0.582363 0.353355 0.343857 0.000000 0.358198 0.402603 0.384540 0.393858 0.477254 0.472066 0.425783 0.449499 0.428139 0.400824 0.376755 0.662004 0.961808 0.412509 0.630702 0.727298 0.710963 0.940914 0.832331 0.438260 0.404842 0.430077 0.531860 0.387283 0.394970 0.554041 0.739060 0.482866 0.554561 0.841458 0.770319 0.794989 0.734515 0.414694 0.395701 0.456401 0.463717 0.457873 0.440755 0.883532 0.624484 0.611954 0.545616 0.678543 0.654367 0.646515 0.699939 0.450836 0.475522 0.458770 0.466399 0.344863 0.356681 0.430441 0.431971 0.428726 0.376412 0.409940 0.407055 0.439351 0.457103 0.408680 0.501084 0.373770 0.391889 0.706969 0.624210 0.469243 0.394274 0.527532 0.508154 0.437786 0.465894 0.660985 0.575196 0.512479 0.665863 0.955681 0.716458 0.638627 0.684282 0.546325 0.546969 0.537132 0.607987 0.611579 0.544573 0.599678 0.803837 0.380826 0.398132 0.505733 0.515348 0.514753 0.374453 0.481016 0.486684 0.762427 0.581408 0.667034 0.542648 0.513511 0.554152 0.436329 0.698823 0.582526 0.883981
0.333478 0.371506 0.393472 0.303796 0.666331 0.427071 0.235388 0.187287 0.358198 0.000000 0.329588 0.285837 0.321195 0.360827 0.361818 0.345821 0.306263 0.305719 0.292875 0.341544 0.554075 0.777020 0.352122 0.570790 0.855725 0.689158 0.852843 0.938129 0.348904 0.292652 0.392285 0.423593 0.279352 0.265180 0.416595 0.647188 0.505219 0.512035 0.741915 0.623160 0.773498 0.491666 0.314166 0.317711 0.356099 0.382488 0.451871 0.346618 0.845337 0.594488 0.561413 0.476248 0.597008 0.532944 0.573781 0.608708 0.384007 0.417083 0.359063 0.401736 0.292278 0.303640 0.317242 0.286628 0.450707 0.312006 0.291787 0.314944 0.458327 0.348259 0.340578 0.356893 0.425864 0.522089 0.622923 0.549182 0.398596 0.287567 0.376944 0.425833 0.269831 0.310307 0.546948 0.391010 0.447420 0.610495 0.975190 0.732467 0.563416 0.646731 0.400789 0.417592 0.372412 0.521044 0.563700 0.417679 0.388752 0.576006 0.257984 0.246052 0.420468 0.397638 0.382624 0.250764 0.361175 0.350262 0.715362 0.491791 0.677948 0.452296 0.583175 0.411620 0.371417 0.445011 0.528799 0.983769
0.167566 0.240762 0.347029 0.358680 0.755115 0.589465 0.271103 0.273673 0.402603 0.329588 0.000000 0.164581 0.168308 0.255668 0.270765 0.240784 0.159538 0.150539 0.165232 0.162709 0.511436 0.945341 0.320905 0.481453 0.792150 0.718236 0.901302 0.831354 0.213506 0.157221 0.306111 0.343733 0.215651 0.197370 0.579975 0.691012 0.449833 0.486376 0.781946 0.648671 0.600237 0.558698 0.326396 0.261088 0.438701 0.364672 0.357431 0.321154 0.918982 0.584961 0.631663 0.537547 0.635297 0.698247 0.601544 0.677074 0.192535 0.239153 0.273421 0.317538 0.177022 0.251940 0.168872 0.194715 0.458313 0.311615 0.339759 0.374550 0.271867 0.263777 0.312099 0.299734 0.372443 0.376030 0.683220 0.589794 0.404712 0.288891 0.246323 0.222321 0.198558 0.249729 0.433336 0.380047 0.390755 0.586395 0.932788 0.802503 0.513918 0.678308 0.691652 0.783828 0.709722 0.864937 0.520045 0.590377 0.447744 0.631643 0.379407 0.366628 0.605869 0.593503 0.353262 0.311531 0.427522 0.362244 0.734278 0.699528 0.667434 0.429763 0.683761 0.462677 0.429713 0.524351 0.487640 0.998344
0.137420 0.133900 0.379898 0.288682 0.701927 0.517341 0.280162 0.176295 0.384540 0.285837 0.164581 0.000000 0.113403 0.128918 0.150760 0.134260 0.110166 0.084471 0.134369 0.117920 0.494636 0.843667 0.228700 0.372783 0.700319 0.709544 0.899140 0.973974 0.123823 0.091748 0.286974 0.304201 0.150032 0.161926 0.513405 0.642828 0.367460 0.431141 0.727769 0.596291 0.642851 0.470449 0.254649 0.209328 0.309027 0.259564 0.276157 0.244198 0.697155 0.452607 0.501127 0.400633 0.561093 0.609886 0.533760 0.596518 0.133215 0.139474 0.247072 0.250923 0.159689 0.157712 0.114802 0.091947 0.459939 0.306296 0.330733 0.330602 0.321116 0.211381 0.230863 0.266940 0.449309 0.495039 0.666163 0.539374 0.297419 0.225058 0.171611 0.206469 0.118488 0.162044 0.328101 0.260442 0.277672 0.419826 0.950983 0.870712 0.449991 0.528684 0.601316 0.688230 0.608070 0.831485 0.392409 0.458352 0.364704 0.492081 0.267812 0.234140 0.519956 0.639616 0.285009 0.232665 0.289847 0.297588 0.731931 0.600531 0.616876 0.371630 0.579849 0.351903 0.371293 0.408702 0.439394 0.950961
0.138353 0.167010 0.325879 0.263013 0.640933 0.522195 0.252064 0.178379 0.393858 0.321195 0.168308 0.113403 0.000000 0.131121 0.116009 0.124661 0.149512 0.122455 0.140106 0.158402 0.430876 0.857534 0.174982 0.310758 0.649407 0.678578 0.937982 0.924079 0.155810 0.118123 0.246510 0.301045 0.161589 0.168933 0.522718 0.656201 0.317490 0.368973 0.692554 0.605951 0.644549 0.474029 0.233206 0.193093 0.316793 0.273334 0.252802 0.218098 0.732648 0.460817 0.503679 0.393514 0.562304 0.584933 0.527015 0.592902 0.156994 0.168896 0.243283 0.259127 0.132920 0.167548 0.107623 0.107911 0.366043 0.280294 0.301257 0.317533 0.385240 0.264108 0.232675 0.284326 0.477782 0.492569 0.679095 0.570257 0.362160 0.265047 0.191300 0.238456 0.137601 0.180026 0.312661 0.272155 0.219309 0.358882 0.958209 0.941699 0.427371 0.454954 0.610575 0.694330 0.612802 0.829993 0.411420 0.458245 0.363937 0.501673 0.301520 0.262859 0.539867 0.606651 0.261246 0.231374 0.295335 0.269138 0.699420 0.578692 0.590935 0.380178 0.604165 0.387023 0.406426 0.439530 0.431207 0.991737
0.229698 0.176667 0.459879 0.330377 0.706064 0.595884 0.366503 0.237033 0.477254 0.360827 0.255668 0.128918 0.131121 0.000000 0.115348 0.111548 0.183258 0.152074 0.198145 0.199712 0.465900 0.809115 0.191184 0.266695 0.661457 0.741966 0.921983 0.957641 0.136467 0.131590 0.282449 0.282938 0.203751 0.218090 0.523851 0.648499 0.374230 0.432538 0.720910 0.602552 0.707877 0.457650 0.303061 0.261434 0.372693 0.344278 0.317767 0.266736 0.696548 0.517616 0.554362 0.465425 0.609910 0.661423 0.565381 0.648014 0.182953 0.197554 0.320427 0.335661 0.218070 0.219199 0.149643 0.121836 0.463298 0.362877 0.381075 0.393071 0.445646 0.330688 0.290058 0.379261 0.588157 0.652138 0.760074 0.609130 0.344439 0.263620 0.234199 0.293700 0.179954 0.206257 0.229851 0.281077 0.254958 0.325376 0.912970 0.983620 0.520209 0.479876 0.694558 0.776543 0.692806 0.929140 0.415443 0.490735 0.434122 0.455357 0.371001 0.301044 0.569012 0.705749 0.286512 0.275131 0.332335 0.299196 0.786676 0.640534 0.640981 0.435156 0.589001 0.401434 0.478337 0.441413 0.466628 0.971009
0.226383 0.217428 0.401098 0.291926 0.699962 0.574418 0.341212 0.233397 0.472066 0.361818 0.270765 0.150760 0.116009 0.115348 0.000000 0.121805 0.212847 0.178219 0.218635 0.229493 0.423154 0.795657 0.168614 0.277170 0.614016 0.663244 0.983107 0.995160 0.197016 0.154178 0.270034 0.306048 0.214223 0.236188 0.519805 0.704524 0.316545 0.422296 0.725235 0.574849 0.696978 0.487906 0.296016 0.246921 0.366168 0.330362 0.319826 0.255637 0.700582 0.484408 0.537084 0.419901 0.586350 0.601989 0.524468 0.599670 0.226144 0.221360 0.330661 0.328264 0.207766 0.204411 0.176403 0.150513 0.382280 0.320741 0.380800 0.391550 0.473430 0.332474 0.286667 0.349283 0.549012 0.610389 0.735455 0.608488 0.371989 0.284808 0.234622 0.300110 0.190378 0.207560 0.297091 0.289757 0.228683 0.313069 0.858702 0.930359 0.441685 0.403849 0.655501 0.727659 0.649032 0.883096 0.402047 0.445893 0.409405 0.511293 0.348416 0.290662 0.574733 0.672521 0.293305 0.273490 0.316562 0.304459 0.715603 0.582704 0.645763 0.445548 0.649483 0.394920 0.461718 0.455278 0.477234 0.965949
0.224149 0.216359 0.389125 0.276762 0.661715 0.554622 0.332630 0.222072 0.425783 0.345821 0.240784 0.134260 0.124661 0.111548 0.121805 0.000000 0.189068 0.152216 0.185754 0.193900 0.435351 0.827552 0.159850 0.256111 0.607661 0.665769 0.976937 0.994865 0.146568 0.126881 0.252061 0.259386 0.183463 0.201169 0.529137 0.700714 0.338643 0.434168 0.660684 0.527294 0.702335 0.448907 0.285626 0.239565 0.393114 0.343588 0.305813 0.265537 0.757307 0.515861 0.575422 0.473718 0.615751 0.647112 0.558033 0.632081 0.212886 0.216109 0.313115 0.325549 0.194996 0.194487 0.159993 0.127126 0.402711 0.297095 0.346376 0.370380 0.394955 0.299331 0.265758 0.328408 0.537307 0.625841 0.712526 0.589825 0.358924 0.249183 0.216579 0.268372 0.170074 0.183931 0.242826 0.236559 0.244407 0.293808 0.929429 0.959832 0.476666 0.430462 0.667200 0.746732 0.668988 0.891992 0.429892 0.456748 0.445024 0.509505 0.377951 0.312846 0.582301 0.642664 0.277179 0.254467 0.306966 0.283911 0.733665 0.680209 0.649858 0.445191 0.690082 0.426512 0.486722 0.449813 0.478570 0.996090
0.147467 0.154570 0.436908 0.367829 0.726205 0.590979 0.310768 0.223949 0.449499 0.306263 0.159538 0.110166 0.149512 0.183258 0.212847 0.189068 0.000000 0.094520 0.152490 0.146681 0.515068 0.835904 0.303905 0.459810 0.780014 0.771455 0.905579 0.900869 0.131763 0.113582 0.335970 0.331286 0.190429 0.162719 0.573734 0.678705 0.410374 0.484462 0.774314 0.619469 0.610328 0.475997 0.313528 0.237708 0.348829 0.298467 0.313856 0.286169 0.768144 0.498630 0.571659 0.446772 0.628748 0.659696 0.594392 0.639010 0.130827 0.143892 0.247942 0.261940 0.194300 0.208570 0.136984 0.120240 0.530464 0.355709 0.369814 0.359389 0.300945 0.218918 0.281686 0.281268 0.432423 0.469397 0.672356 0.518285 0.335166 0.260854 0.179230 0.178806 0.122904 0.179723 0.388639 0.302760 0.345657 0.503234 0.975851 0.850686 0.497244 0.606349 0.671806 0.730862 0.667403 0.835967 0.414562 0.476155 0.383149 0.484099 0.313988 0.265665 0.606937 0.654643 0.296374 0.270676 0.351445 0.307399 0.759877 0.649173 0.652129 0.388456 0.613378 0.366440 0.435395 0.366468 0.519685 0.868257
0.128337 0.125485 0.395694 0.324994 0.705438 0.538412 0.283218 0.198113 0.428139 0.305719 0.150539 0.084471 0.122455 0.152074 0.178219 0.152216 0.094520 0.000000 0.122704 0.113319 0.474414 0.871134 0.258576 0.412667 0.736397 0.747034 0.888193 0.943339 0.119383 0.096871 0.306192 0.317182 0.157404 0.157518 0.544313 0.679827 0.392485 0.450958 0.749093 0.590859 0.654092 0.460889 0.269017 0.203324 0.325946 0.264177 0.284782 0.246648 0.742982 0.475271 0.541512 0.425329 0.584556 0.623206 0.545433 0.621159 0.115191 0.125215 0.240164 0.245784 0.166418 0.192370 0.108550 0.094398 0.489934 0.338267 0.342339 0.345980 0.291261 0.212904 0.238281 0.236274 0.454984 0.481256 0.647731 0.571857 0.295275 0.220286 0.168633 0.179693 0.106719 0.157313 0.354004 0.273835 0.303100 0.456179 0.967009 0.831252 0.477756 0.564700 0.620694 0.696883 0.618339 0.825325 0.411916 0.467885 0.377146 0.501207 0.292333 0.249512 0.574580 0.645227 0.277667 0.253091 0.304903 0.294319 0.744075 0.653654 0.629834 0.382402 0.632308 0.347426 0.384144 0.390800 0.448361 0.930844
0.134874 0.180453 0.269372 0.226733 0.644662 0.543647 0.175514 0.164520 0.400824 0.292875 0.165232 0.134369 0.140106 0.198145 0.218635 0.185754 0.152490 0.122704 0.000000 0.132287 0.440223 0.840889 0.209548 0.393396 0.661989 0.668170 0.882163 0.844631 0.173298 0.130270 0.227685 0.276940 0.140384 0.127739 0.457920 0.634765 0.377115 0.410059 0.627184 0.572603 0.702033 0.471162 0.217834 0.167060 0.318189 0.276707 0.270235 0.196566 0.794794 0.470307 0.539683 0.426704 0.570182 0.551331 0.497611 0.648129 0.185115 0.201542 0.200807 0.217289 0.132418 0.211420 0.120888 0.138710 0.385689 0.254858 0.248109 0.245189 0.295339 0.209888 0.203000 0.224938 0.430768 0.448263 0.567816 0.599017 0.342124 0.261006 0.208321 0.212369 0.132499 0.159476 0.369757 0.276080 0.276452 0.431314 0.970595 0.828429 0.435531 0.559339 0.612412 0.698045 0.611460 0.808465 0.461060 0.498007 0.369090 0.511406 0.310109 0.271505 0.554330 0.561965 0.287743 0.240298 0.308024 0.275924 0.663836 0.625977 0.564721 0.361840 0.581217 0.367168 0.399643 0.456385 0.459608 0.963814
0.144275 0.167016 0.333658 0.277567 0.759093 0.542557 0.268028 0.199649 0.376755 0.341544 0.162709 0.117920 0.158402 0.199712 0.229493 0.193900 0.146681 0.113319 0.132287 0.000000 0.438427 0.870707 0.249444 0.381510 0.645345 0.647493 0.902700 0.916273 0.168150 0.117663 0.253138 0.260009 0.167045 0.153346 0.518609 0.651806 0.387940 0.473269 0.742794 0.639206 0.637448 0.550094 0.259347 0.217842 0.356943 0.287141 0.287911 0.264882 0.790575 0.467937 0.567573 0.463306 0.584267 0.632826 0.533025 0.608253 0.176573 0.176759 0.257574 0.253826 0.190724 0.214030 0.154707 0.146890 0.464448 0.323307 0.321675 0.320590 0.277041 0.218434 0.232888 0.257052 0.367101 0.402244 0.658136 0.576490 0.334798 0.237567 0.189788 0.178599 0.135085 0.156238 0.409971 0.306157 0.319152 0.465134 0.943077 0.854457 0.433466 0.583641 0.641248 0.737293 0.644949 0.864465 0.427979 0.530188 0.403334 0.588318 0.330937 0.289747 0.556868 0.652413 0.337111 0.287156 0.345463 0.304095 0.701540 0.658756 0.576106 0.367441 0.620030 0.391284 0.418646 0.459655 0.456196 0.943199
0.503630 0.527734 0.434200 0.380611 0.718204 0.723419 0.442659 0.428527 0.662004 0.554075 0.511436 0.494636 0.430876 0.465900 0.423154 0.435351 0.515068 0.474414 0.440223 0.438427 0.000000 0.774339 0.374716 0.433861 0.540580 0.591823 0.962345 0.998571 0.514745 0.460544 0.409859 0.529474 0.453291 0.421616 0.588253 0.770089 0.480990 0.491854 0.669390 0.657373 0.694408 0.643220 0.458008 0.431313 0.621041 0.555212 0.492883 0.449820 0.924778 0.645601 0.761427 0.672881 0.800910 0.675123 0.519692 0.702734 0.554857 0.517833 0.496260 0.515459 0.481023 0.513474 0.465332 0.459441 0.475578 0.514539 0.479127 0.505073 0.622874 0.554860 0.453908 0.500265 0.637385 0.736643 0.752039 0.845824 0.534013 0.520144 0.487961 0.522610 0.459414 0.415467 0.530194 0.488741 0.436687 0.538988 0.983633 0.997497 0.650434 0.526069 0.698705 0.749831 0.678543 0.870492 0.592481 0.591544 0.535755 0.736039 0.651402 0.522846 0.728906 0.655010 0.483849 0.474448 0.486477 0.419459 0.819176 0.729359 0.557049 0.588988 0.816834 0.666138 0.574141 0.633880 0.612170 0.885277
0.873405 0.908821 0.842776 0.776932 0.902686 0.880704 0.831805 0.798524 0.961808 0.777020 0.945341 0.843667 0.857534 0.809115 0.795657 0.827552 0.835904 0.871134 0.840889 0.870707 0.774339 0.000000 0.753964 0.801849 0.965929 0.899306 0.908019 0.966521 0.813070 0.818326 0.823087 0.763116 0.832122 0.812507 0.835041 0.794725 0.762295 0.759278 0.881634 0.776402 0.886505 0.818931 0.778511 0.804915 0.842025 0.887204 0.930921 0.873880 0.877003 0.904370 0.922921 0.846221 0.905818 0.782611 0.856792 0.953918 0.929004 0.951469 0.881222 0.946259 0.893549 0.911324 0.886105 0.861771 0.842103 0.846837 0.822609 0.838103 0.966944 0.845918 0.800397 0.844744 0.866564 0.952530 0.844151 0.735055 0.869090 0.839344 0.852798 0.830047 0.866306 0.851022 0.823696 0.820198 0.829978 0.797950 0.976663 0.799912 0.819847 0.867118 0.916410 0.940707 0.916990 0.901017 0.827737 0.778458 0.948657 0.884518 0.814506 0.777424 0.806221 0.766079 0.823713 0.711782 0.818736 0.750202 0.998154 0.837110 0.946377 0.887941 0.857476 0.846699 0.902036 0.868899 0.820205 0.922677
0.260417 0.297970 0.236638 0.163458 0.654513 0.539164 0.244066 0.191406 0.412509 0.352122 0.320905 0.228700 0.174982 0.191184 0.168614 0.159850 0.303905 0.258576 0.209548 0.249444 0.374716 0.753964 0.000000 0.205061 0.461709 0.480779 0.985789 0.979311 0.254017 0.211103 0.156826 0.216378 0.179603 0.197352 0.395859 0.607799 0.273662 0.371517 0.553055 0.533963 0.811193 0.471706 0.248903 0.240168 0.396645 0.358234 0.301936 0.245784 0.797344 0.516050 0.582688 0.465300 0.537057 0.538072 0.441183 0.565476 0.343496 0.330917 0.309303 0.319216 0.202429 0.241352 0.212500 0.217172 0.233255 0.211136 0.252535 0.277445 0.473365 0.322669 0.257529 0.367511 0.507361 0.598691 0.672956 0.712603 0.388008 0.315221 0.268012 0.351384 0.201836 0.182856 0.316250 0.228307 0.155851 0.208720 0.934213 0.898552 0.366967 0.355338 0.611750 0.696878 0.592002 0.834045 0.441743 0.445392 0.415724 0.554744 0.402530 0.326007 0.530962 0.596657 0.326565 0.263809 0.340164 0.271402 0.723565 0.576721 0.630814 0.467445 0.672740 0.453017 0.482940 0.550858 0.451936 0.990456
0.458986 0.448098 0.420880 0.323263 0.726178 0.737339 0.503902 0.404545 0.630702 0.570790 0.481453 0.372783 0.310758 0.266695 0.277170 0.256111 0.459810 0.412667 0.393396 0.381510 0.433861 0.801849 0.205061 0.000000 0.384837 0.525721 0.994908 0.905898 0.352072 0.331027 0.294216 0.287456 0.335772 0.371975 0.526416 0.713393 0.408292 0.526434 0.589036 0.642780 0.892518 0.605960 0.478837 0.465047 0.641043 0.600416 0.490351 0.469997 0.880930 0.696211 0.787778 0.692732 0.743572 0.786105 0.596855 0.711237 0.502987 0.474515 0.547054 0.540876 0.422602 0.413876 0.375731 0.372564 0.410457 0.404213 0.490915 0.549352 0.621037 0.477292 0.440998 0.584487 0.636919 0.750567 0.826221 0.752981 0.539032 0.456665 0.410254 0.475194 0.362377 0.310245 0.308735 0.308142 0.296931 0.230947 0.833757 0.725831 0.506377 0.408507 0.848332 0.947087 0.831730 0.928346 0.525837 0.614445 0.640040 0.607523 0.662979 0.550046 0.708065 0.845647 0.534013 0.468848 0.509151 0.496400 0.867304 0.778153 0.734392 0.656546 0.801593 0.623048 0.739660 0.627164 0.639023 0.909672
0.701301 0.706811 0.512332 0.479041 0.994318 0.864593 0.715297 0.681265 0.727298 0.855725 0.792150 0.700319 0.649407 0.661457 0.614016 0.607661 0.780014 0.736397 0.661989 0.645345 0.540580 0.965929 0.461709 0.384837 0.000000 0.331938 0.882965 0.847759 0.713576 0.667043 0.425480 0.581108 0.621009 0.671285 0.564950 0.842564 0.531686 0.761084 0.538622 0.860525 0.902565 0.851979 0.698065 0.729894 0.862133 0.789600 0.632299 0.683856 0.975132 0.740531 0.957659 0.806500 0.878604 0.904581 0.655668 0.752324 0.845393 0.715707 0.767906 0.668940 0.712434 0.690423 0.742847 0.725332 0.507478 0.594234 0.719165 0.707163 0.724317 0.697111 0.670387 0.715386 0.608866 0.711679 0.795131 0.981531 0.720460 0.766565 0.678831 0.672194 0.652396 0.563388 0.745890 0.585845 0.530678 0.452598 0.968023 0.907124 0.703633 0.514414 0.939192 0.996763 0.868396 0.944443 0.698870 0.815770 0.792913 0.877522 0.874453 0.838682 0.954055 0.997335 0.911182 0.790866 0.723412 0.745528 0.888887 0.923148 0.778347 0.747000 0.958909 0.858175 0.895070 0.912821 0.811396 0.914464
0.682229 0.776543 0.390285 0.388728 0.999592 0.619991 0.577137 0.601634 0.710963 0.689158 0.718236 0.709544 0.678578 0.741966 0.663244 0.665769 0.771455 0.747034 0.668170 0.647493 0.591823 0.899306 0.480779 0.525721 0.331938 0.000000 0.795061 0.767791 0.734607 0.675114 0.411879 0.512684 0.558984 0.587929 0.397145 0.743078 0.561280 0.828574 0.537152 0.705075 0.949542 0.796505 0.566145 0.626625 0.756286 0.668200 0.515059 0.572379 0.885700 0.671144 0.814770 0.707669 0.650494 0.734807 0.516220 0.530834 0.884658 0.790165 0.611359 0.581321 0.628499 0.635460 0.717811 0.743729 0.366101 0.401977 0.502336 0.487732 0.711647 0.619437 0.716052 0.709074 0.542995 0.642483 0.670521 0.891055 0.695240 0.763459 0.650870 0.662952 0.617936 0.537797 0.836103 0.583435 0.480946 0.465091 0.985218 0.855321 0.560421 0.449639 0.822582 0.896640 0.747051 0.963053 0.668590 0.796936 0.697675 0.868877 0.775745 0.698461 0.798373 0.823195 0.810718 0.665920 0.714671 0.699557 0.807670 0.845564 0.827715 0.709070 0.961529 0.803069 0.738645 0.922869 0.647398 0.987241
0.873895 0.896674 0.960136 0.962230 0.891060 0.972471 0.878995 0.854976 0.940914 0.852843 0.901302 0.899140 0.937982 0.921983 0.983107 0.976937 0.905579 0.888193 0.882163 0.902700 0.962345 0.908019 0.985789 0.994908 0.882965 0.795061 0.000000 0.862087 0.948649 0.912696 0.932090 0.937180 0.912156 0.935930 0.915755 0.919127 0.960650 0.869352 0.916351 0.897412 0.830505 0.972779 0.986060 0.989794 0.914858 0.913557 0.988343 0.940488 0.970348 0.957328 0.852627 0.944880 0.952397 0.949703 0.936685 0.961576 0.900475 0.949869 0.929693 0.944756 0.891389 0.856730 0.883553 0.869936 0.968907 0.963826 0.925067 0.941525 0.934049 0.986305 0.940271 0.898547 0.945923 0.961651 0.975285 0.869464 0.939342 0.840970 0.955441 0.962320 0.905624 0.899089 0.918431 0.963963 0.972181 0.976694 0.964759 0.894479 0.891755 0.925826 0.756750 0.799246 0.812120 0.802827 0.938965 0.865469 0.883882 0.901705 0.827702 0.866815 0.926039 0.997341 0.842422 0.992859 0.786813 0.991705 0.911384 0.924076 0.794252 0.753685 0.851299 0.919673 0.799989 0.986197 0.996332 0.899386
0.878132 0.928970 0.910416 0.990573 0.838896 0.756014 0.843579 0.931223 0.832331 0.938129 0.831354 0.973974 0.924079 0.957641 0.995160 0.994865 0.900869 0.943339 0.844631 0.916273 0.998571 0.966521 0.979311 0.905898 0.847759 0.767791 0.862087 0.000000 0.958956 0.937414 0.980835 0.989364 0.979424 0.873879 0.925067 0.983463 0.922222 0.889842 0.869306 0.883482 0.884695 0.978718 0.961669 0.925969 0.908731 0.926144 0.940993 0.894712 0.882574 0.891591 0.953216 0.912287 0.959850 0.853845 0.997604 0.883805 0.880120 0.930418 0.922824 0.945935 0.869379 0.930722 0.948646 0.957764 0.973074 0.965306 0.904714 0.934017 0.912452 0.898105 0.860983 0.833836 0.826876 0.783411 0.984147 0.973366 0.991746 0.966462 0.993706 0.884207 0.951264 0.984005 0.973210 0.986214 0.993428 0.892003 0.996873 0.996689 0.897158 0.927083 0.959177 0.942520 0.992254 0.903352 0.987921 0.930555 0.987602 0.857885 0.913985 0.997864 0.839127 0.889685 0.860257 0.976257 0.985850 0.930281 0.834663 0.963561 0.981150 0.936036 0.820207 0.918854 0.987435 0.946390 0.921005 0.983176
0.202141 0.167156 0.448043 0.358320 0.677676 0.584517 0.347802 0.248389 0.438260 0.348904 0.213506 0.123823 0.155810 0.136467 0.197016 0.146568 0.131763 0.119383 0.173298 0.168150 0.514745 0.813070 0.254017 0.352072 0.713576 0.734607 0.948649 0.958956 0.000000 0.118386 0.304769 0.285011 0.176255 0.181081 0.566801 0.689127 0.424033 0.529392 0.720861 0.588403 0.708216 0.460263 0.321565 0.257068 0.394508 0.334280 0.301672 0.259203 0.746094 0.527841 0.581469 0.468342 0.627782 0.656994 0.576023 0.649184 0.160660 0.184432 0.288276 0.306764 0.206260 0.214973 0.142507 0.129815 0.503713 0.347173 0.369222 0.370342 0.323261 0.239120 0.282344 0.344082 0.481003 0.535641 0.695736 0.568344 0.350373 0.252048 0.206295 0.214835 0.142120 0.190610 0.331933 0.275063 0.306521 0.398115 0.999168 0.926533 0.517818 0.534402 0.715857 0.775322 0.701506 0.921846 0.399616 0.533779 0.463140 0.502203 0.374420 0.297774 0.587563 0.655783 0.300116 0.262164 0.348485 0.327591 0.804664 0.745007 0.712859 0.453418 0.590312 0.441385 0.481204 0.361212 0.483363 0.925663
0.148771 0.169183 0.342504 0.263798 0.733572 0.563184 0.271237 0.189754 0.404842 0.292652 0.157221 0.091748 0.118123 0.131590 0.154178 0.126881 0.113582 0.096871 0.130270 0.117663 0.460544 0.818326 0.211103 0.331027 0.667043 0.675114 0.912696 0.937414 0.118386 0.000000 0.246406 0.239339 0.146640 0.140711 0.508926 0.684373 0.343750 0.462879 0.713066 0.583581 0.680783 0.499836 0.290712 0.222050 0.374091 0.303748 0.303480 0.244806 0.798801 0.492014 0.577482 0.457999 0.601102 0.622986 0.526477 0.597495 0.170077 0.173067 0.252843 0.265856 0.162496 0.177725 0.125215 0.106014 0.432412 0.284413 0.318445 0.328541 0.297460 0.205329 0.264574 0.289304 0.431875 0.470400 0.618332 0.552529 0.347564 0.228764 0.152636 0.184794 0.117131 0.143054 0.338192 0.243100 0.287817 0.396168 0.901387 0.939689 0.444819 0.542986 0.669572 0.749887 0.671932 0.877153 0.396578 0.492427 0.426365 0.518168 0.346397 0.279312 0.582134 0.631161 0.300469 0.256746 0.326489 0.277352 0.734063 0.686879 0.642554 0.353862 0.642064 0.390226 0.428729 0.410561 0.486495 0.981424
0.284294 0.347341 0.219618 0.185129 0.812429 0.580473 0.255724 0.262175 0.430077 0.392285 0.306111 0.286974 0.246510 0.282449 0.270034 0.252061 0.335970 0.306192 0.227685 0.253138 0.409859 0.823087 0.156826 0.294216 0.425480 0.411879 0.932090 0.980835 0.304769 0.246406 0.000000 0.192035 0.201159 0.214731 0.423882 0.673705 0.309588 0.479580 0.525480 0.609239 0.788424 0.592961 0.287452 0.272200 0.465551 0.410998 0.336171 0.288712 0.870014 0.567516 0.659431 0.549733 0.571119 0.598151 0.454094 0.566093 0.390391 0.373392 0.318399 0.332766 0.239802 0.306605 0.278677 0.297498 0.276232 0.222741 0.273763 0.290731 0.393970 0.324812 0.337151 0.371326 0.397174 0.474503 0.619834 0.724855 0.448522 0.355907 0.323228 0.314877 0.257032 0.227322 0.437828 0.299203 0.244851 0.328098 0.911967 0.989564 0.369980 0.462494 0.723584 0.809227 0.688352 0.893795 0.498599 0.577565 0.413645 0.632175 0.484445 0.432078 0.605611 0.573555 0.450510 0.360609 0.436740 0.331677 0.664665 0.673606 0.666853 0.457704 0.731964 0.540366 0.537019 0.585476 0.523395 0.984720
0.353303 0.402279 0.346847 0.265292 0.880988 0.621597 0.349474 0.320287 0.531860 0.423593 0.343733 0.304201 0.301045 0.282938 0.306048 0.259386 0.331286 0.317182 0.276940 0.260009 0.529474 0.763116 0.216378 0.287456 0.581108 0.512684 0.937180 0.989364 0.285011 0.239339 0.192035 0.000000 0.268164 0.228164 0.531678 0.696208 0.439343 0.627426 0.604794 0.612400 0.833060 0.653286 0.387685 0.349193 0.566947 0.516885 0.445372 0.351051 0.991708 0.687253 0.789172 0.679039 0.689452 0.709826 0.569671 0.690886 0.419852 0.434393 0.403802 0.438126 0.329278 0.382627 0.294104 0.321576 0.420915 0.308267 0.349557 0.381867 0.479620 0.363181 0.411058 0.462306 0.491151 0.574298 0.629694 0.659554 0.518884 0.361919 0.297050 0.331458 0.262231 0.237441 0.385886 0.266841 0.332178 0.341390 0.860007 0.910071 0.416234 0.547134 0.824868 0.933204 0.808142 0.966039 0.534500 0.626496 0.565813 0.650090 0.588840 0.486702 0.704848 0.695112 0.497091 0.402987 0.542422 0.398773 0.777795 0.837634 0.773038 0.506021 0.752722 0.572891 0.662350 0.565818 0.609223 0.928780
0.152387 0.211546 0.233072 0.182909 0.643741 0.519575 0.185606 0.148741 0.387283 0.279352 0.215651 0.150032 0.161589 0.203751 0.214223 0.183463 0.190429 0.157404 0.140384 0.167045 0.453291 0.832122 0.179603 0.335772 0.621009 0.558984 0.912156 0.979424 0.176255 0.146640 0.201159 0.268164 0.000000 0.124632 0.392459 0.595420 0.342802 0.409000 0.619733 0.510884 0.748014 0.500996 0.211398 0.181620 0.310969 0.245022 0.250201 0.218487 0.724375 0.466236 0.501330 0.408538 0.511117 0.504326 0.412025 0.482861 0.233865 0.218941 0.180194 0.218762 0.134639 0.187108 0.140442 0.148328 0.309865 0.196925 0.211025 0.204592 0.328130 0.174423 0.236027 0.265802 0.406734 0.481769 0.586671 0.654009 0.312993 0.250222 0.188322 0.223605 0.124740 0.130710 0.393172 0.237028 0.202386 0.325610 0.938301 0.933654 0.349554 0.441677 0.571211 0.622615 0.554252 0.759571 0.413434 0.470663 0.369112 0.522425 0.290538 0.240572 0.500219 0.482417 0.281187 0.201302 0.273364 0.314116 0.724278 0.594145 0.631439 0.384956 0.625004 0.368165 0.393747 0.413781 0.457968 0.991153
0.155929 0.234315 0.262643 0.194163 0.706996 0.514902 0.176782 0.140216 0.394970 0.265180 0.197370 0.161926 0.168933 0.218090 0.236188 0.201169 0.162719 0.157518 0.127739 0.153346 0.421616 0.812507 0.197352 0.371975 0.671285 0.587929 0.935930 0.873879 0.181081 0.140711 0.214731 0.228164 0.124632 0.000000 0.395410 0.615527 0.339017 0.431879 0.599893 0.536316 0.697186 0.482560 0.235093 0.198154 0.321287 0.279126 0.264437 0.219656 0.793063 0.476089 0.538821 0.429939 0.511683 0.524605 0.425882 0.543469 0.229658 0.227776 0.190565 0.229305 0.143920 0.195303 0.138532 0.150190 0.323094 0.201468 0.189204 0.201516 0.339075 0.196530 0.257428 0.268817 0.413617 0.495029 0.600149 0.622252 0.334655 0.257605 0.180172 0.220883 0.118351 0.130569 0.380204 0.238588 0.221835 0.362165 0.972757 0.907164 0.371920 0.481527 0.559009 0.639343 0.541305 0.754681 0.423322 0.455442 0.353477 0.505075 0.312826 0.246489 0.489964 0.498333 0.251094 0.212820 0.302815 0.265572 0.727002 0.596055 0.645942 0.387705 0.621306 0.358095 0.374703 0.396183 0.477768 0.971410
0.471636 0.564782 0.387773 0.315216 0.789515 0.610000 0.403783 0.378098 0.554041 0.416595 0.579975 0.513405 0.522718 0.523851 0.519805 0.529137 0.573734 0.544313 0.457920 0.518609 0.588253 0.835041 0.395859 0.526416 0.564950 0.397145 0.915755 0.925067 0.566801 0.508926 0.423882 0.531678 0.392459 0.395410 0.000000 0.567600 0.527622 0.567774 0.631005 0.725021 0.844717 0.598921 0.427350 0.488677 0.491157 0.474208 0.484587 0.440383 0.753625 0.526054 0.584995 0.508018 0.514606 0.556516 0.452707 0.499189 0.635273 0.586660 0.443865 0.431797 0.433248 0.448369 0.508413 0.502754 0.315067 0.335020 0.346716 0.363165 0.554700 0.476201 0.526555 0.573206 0.489227 0.619193 0.649373 0.809827 0.463774 0.552898 0.536680 0.571639 0.441229 0.391936 0.667589 0.491268 0.366059 0.443608 0.941415 0.936581 0.566730 0.491414 0.544703 0.599703 0.520797 0.652178 0.719411 0.635575 0.500622 0.594594 0.467760 0.417691 0.547995 0.679886 0.513975 0.468983 0.460530 0.479542 0.782649 0.600096 0.766698 0.646929 0.722531 0.456697 0.534570 0.758076 0.566392 0.982210
0.642473 0.635307 0.673206 0.612612 0.801215 0.831078 0.656066 0.575794 0.739060 0.647188 0.691012 0.642828 0.656201 0.648499 0.704524 0.700714 0.678705 0.679827 0.634765 0.651806 0.770089 0.794725 0.607799 0.713393 0.842564 0.743078 0.919127 0.983463 0.689127 0.684373 0.673705 0.696208 0.595420 0.615527 0.567600 0.000000 0.717695 0.529237 0.849491 0.704932 0.878634 0.716111 0.608409 0.676298 0.683793 0.698879 0.727966 0.629573 0.868846 0.761986 0.731229 0.658195 0.681000 0.710495 0.833437 0.835454 0.677067 0.670334 0.624534 0.626683 0.661999 0.661735 0.614919 0.631999 0.729075 0.710422 0.610179 0.600222 0.842746 0.668024 0.668023 0.754151 0.805592 0.899092 0.841816 0.720142 0.689653 0.733913 0.661775 0.729178 0.613504 0.646005 0.671471 0.692695 0.624682 0.677484 0.852544 0.892590 0.745535 0.669468 0.780301 0.796481 0.787450 0.812066 0.772511 0.640769 0.660784 0.610294 0.647595 0.667111 0.683336 0.762177 0.622591 0.573022 0.717635 0.694991 0.687839 0.696199 0.844696 0.787548 0.685396 0.702399 0.683511 0.831714 0.627230 0.931821
0.349221 0.381552 0.380961 0.314189 0.845003 0.613399 0.411064 0.369921 0.482866 0.505219 0.449833 0.367460 0.317490 0.374230 0.316545 0.338643 0.410374 0.392485 0.377115 0.387940 0.480990 0.762295 0.273662 0.408292 0.531686 0.561280 0.960650 0.922222 0.424033 0.343750 0.309588 0.439343 0.342802 0.339017 0.527622 0.717695 0.000000 0.380071 0.615058 0.637252 0.775303 0.513603 0.379915 0.368713 0.434705 0.398612 0.399497 0.350154 0.652620 0.460028 0.523852 0.429927 0.560636 0.584624 0.504679 0.483090 0.429816 0.396893 0.376435 0.382625 0.338320 0.348986 0.372598 0.357417 0.346291 0.380223 0.394259 0.407408 0.567414 0.403896 0.397206 0.410156 0.606456 0.618469 0.663322 0.694661 0.425408 0.446689 0.386841 0.428225 0.349370 0.330201 0.548083 0.332871 0.271158 0.351480 0.956184 0.860509 0.420462 0.394245 0.626996 0.708315 0.598051 0.749296 0.431329 0.569691 0.436710 0.545741 0.421166 0.419393 0.545911 0.641991 0.347496 0.424175 0.378749 0.335402 0.787503 0.589536 0.672021 0.563607 0.803218 0.530467 0.541323 0.635747 0.487304 0.908886
0.396037 0.448729 0.469442 0.429922 0.669716 0.810369 0.447891 0.399279 0.554561 0.512035 0.486376 0.431141 0.368973 0.432538 0.422296 0.434168 0.484462 0.450958 0.410059 0.473269 0.491854 0.759278 0.371517 0.526434 0.761084 0.828574 0.869352 0.889842 0.529392 0.462879 0.479580 0.627426 0.409000 0.431879 0.567774 0.529237 0.380071 0.000000 0.687273 0.674976 0.797037 0.551714 0.376727 0.414842 0.471332 0.454373 0.526937 0.468682 0.672551 0.507830 0.500508 0.465907 0.636840 0.533192 0.600215 0.658383 0.465452 0.470404 0.451786 0.440588 0.370683 0.411124 0.383853 0.388856 0.421289 0.470167 0.464514 0.498536 0.681106 0.515061 0.462833 0.547177 0.730529 0.720488 0.848306 0.795672 0.477625 0.518354 0.502061 0.531740 0.454350 0.472459 0.521295 0.480406 0.370942 0.496334 0.915484 0.937737 0.543628 0.560635 0.567749 0.631923 0.636780 0.708776 0.511664 0.439978 0.498630 0.590951 0.429134 0.456625 0.603856 0.628765 0.382091 0.412208 0.437128 0.402656 0.693243 0.556162 0.560479 0.553788 0.706849 0.568717 0.540664 0.689864 0.411113 0.937255
