0.000000 0.405075 0.777172 0.902500 0.686507 0.865584 0.909163 0.780187 0.930081 0.792077 0.543156 0.359574 0.509652 0.519407 0.636568 0.717448 0.529580 0.479322 0.444346 0.380664 0.965373 0.994481 0.640282 0.836895 0.822078 0.549472 0.906561 0.901850 0.522547 0.648611 0.836481 0.949789 0.850777 0.981532 0.863703 0.871989 0.691430 0.915804 0.881744 0.903549 0.898934 0.944304 0.798885 0.844766 0.819718 0.980799 0.841166 0.926816 0.694503 0.840790 0.950850 0.890446 0.846192 0.547880 0.786427 0.896688 0.378304 0.416121 0.553733 0.560739 0.824793 0.626699 0.521798 0.413935 0.800973 0.772302 0.729431 0.662647 0.394531 0.468503 0.910662 0.776228 0.918153 0.765102 0.902451 0.918091 0.997716 0.722828 0.968132 0.887006 0.496943 0.442525 0.634499 0.667210 0.407363 0.845312 0.825037 0.658104 0.715820 0.501049 0.764806 0.640430 0.673964 0.599706 0.978592 0.903898 0.981928 0.995844 0.982302 0.996128 0.837662 0.637891 0.973220 0.923271 0.969146 0.973179 0.944696 0.655931 0.839692 0.922655 0.981281 0.922396 0.943771 0.914679 0.862780 0.960129
0.405075 0.000000 0.527971 0.819178 0.835455 0.680118 0.636382 0.814256 0.748056 0.787294 0.878440 0.408783 0.791570 0.523336 0.720739 0.691562 0.360983 0.328953 0.522501 0.387419 0.894672 0.920399 0.777429 0.851038 0.988144 0.574501 0.856421 0.794305 0.449727 0.505399 0.729214 0.949178 0.989077 0.977849 0.716495 0.858317 0.765237 0.821209 0.867882 0.709583 0.942371 0.940833 0.996710 0.878051 0.923129 0.696107 0.688794 0.757471 0.365863 0.533235 0.864128 0.896460 0.949013 0.636176 0.713665 0.915463 0.288247 0.292692 0.854092 0.747917 0.828020 0.710129 0.746036 0.523676 0.708673 0.663572 0.494616 0.619522 0.591236 0.448265 0.627143 0.493657 0.716321 0.681893 0.926410 0.968900 0.969774 0.724363 0.854623 0.798054 0.431616 0.379024 0.439926 0.503804 0.395927 0.696097 0.917200 0.583209 0.916374 0.684543 0.491690 0.440294 0.466005 0.389375 0.930217 0.941431 0.886168 0.986959 0.838669 0.908782 0.629178 0.487613 0.839083 0.709698 0.801252 0.829887 0.898518 0.579088 0.876364 0.960648 0.932543 0.935120 0.828380 0.968767 0.918232 0.888811
0.777172 0.527971 0.000000 0.457992 0.964022 0.559195 0.357727 0.661573 0.804696 0.945823 0.939178 0.817264 0.791547 0.960721 0.937932 0.986026 0.749389 0.651745 0.997738 0.806604 0.785031 0.841574 0.844183 0.866412 0.904416 0.564122 0.801321 0.875758 0.796783 0.891673 0.443243 0.536287 0.510935 0.588791 0.536982 0.797793 0.936904 0.781923 0.952733 0.901587 0.811166 0.831943 0.714116 0.816534 0.752529 0.942998 0.794738 0.817132 0.628280 0.852361 0.809702 0.852343 0.708160 0.560845 0.912747 0.882098 0.668549 0.590084 0.956729 0.998742 0.572494 0.952247 0.777214 0.954639 0.430571 0.492842 0.333668 0.439046 0.760199 0.779054 0.503866 0.524177 0.581267 0.638092 0.910059 0.896741 0.838354 0.653821 0.989439 0.933176 0.825982 0.743649 0.711964 0.800856 0.846974 0.980716 0.965364 0.981317 0.929067 0.976383 0.488496 0.635941 0.563919 0.641972 0.763647 0.917883 0.731084 0.996564 0.651919 0.621184 0.550098 0.579565 0.679137 0.620350 0.623169 0.636995 0.896053 0.792131 0.961972 0.793058 0.745747 0.829138 0.797442 0.876189 0.795912 0.969753
0.902500 0.819178 0.457992 0.000000 0.975973 0.767339 0.495967 0.458566 0.968800 0.806974 0.924749 0.990945 0.853723 0.719616 0.842339 0.769351 0.925536 0.911656 0.863588 0.937245 0.794139 0.778773 0.683274 0.617832 0.765541 0.535704 0.877230 0.977385 0.977822 0.871140 0.349532 0.453014 0.575816 0.565177 0.706906 0.861304 0.961539 0.857414 0.912506 0.908898 0.702852 0.898465 0.584092 0.655529 0.620786 0.718882 0.671118 0.704175 0.926303 0.879897 0.606472 0.594359 0.552453 0.533260 0.875513 0.842523 0.852695 0.795055 0.925382 0.970869 0.825349 0.912655 0.753909 0.979597 0.529688 0.494790 0.576140 0.588165 0.828137 0.846831 0.591138 0.563890 0.536126 0.688747 0.870167 0.871880 0.660845 0.555452 0.844110 0.873200 0.973957 0.996460 0.970105 0.991496 0.900866 0.653730 0.926726 0.848280 0.895813 0.953612 0.645762 0.804952 0.703165 0.899373 0.658928 0.851767 0.758409 0.904638 0.668312 0.663648 0.721163 0.711011 0.730602 0.786793 0.699782 0.578449 0.913322 0.861059 0.997908 0.890104 0.668628 0.797810 0.696641 0.852921 0.902312 0.963863
0.686507 0.835455 0.964022 0.975973 0.000000 0.938227 0.818883 0.819652 0.817618 0.805911 0.725073 0.718426 0.654933 0.700127 0.585815 0.624379 0.776162 0.793768 0.677962 0.738776 0.946552 0.910708 0.616448 0.631101 0.977085 0.780216 0.752693 0.812368 0.726822 0.708913 0.939928 0.898753 0.756753 0.895655 0.954058 0.871554 0.940348 0.887185 0.959695 0.957118 0.998872 0.937430 0.975178 0.941896 0.913368 0.953598 0.948819 0.869118 0.809357 0.834481 0.884473 0.910547 0.882753 0.950968 0.805435 0.949227 0.809645 0.939360 0.816188 0.926563 0.884620 0.713759 0.814115 0.730088 0.902776 0.967380 0.995496 0.869198 0.766147 0.741594 0.897775 0.968197 0.863468 0.855840 0.971226 0.959492 0.935870 0.885893 0.976916 0.920790 0.773276 0.845468 0.791129 0.828864 0.703338 0.780598 0.700723 0.667385 0.751985 0.795675 0.951657 0.995657 0.906066 0.897457 0.852277 0.948892 0.972483 0.990374 0.878973 0.853803 0.890214 0.986813 0.991124 0.865307 0.928826 0.986342 0.896625 0.877050 0.881490 0.746942 0.949211 0.880019 0.967492 0.940033 0.972029 0.880378
0.865584 0.680118 0.559195 0.767339 0.938227 0.000000 0.477671 0.749342 0.706742 0.854694 0.709598 0.910692 0.808339 0.960045 0.881629 0.881268 0.791628 0.794832 0.945274 0.791419 0.695126 0.974109 0.998956 0.945750 0.968789 0.751479 0.825605 0.941414 0.805709 0.875092 0.707996 0.692650 0.671981 0.782008 0.805955 0.911304 0.937964 0.859739 0.872038 0.925184 0.994454 0.913689 0.853143 0.911549 0.915318 0.966212 0.985791 0.987144 0.728092 0.831156 0.907041 0.944360 0.862538 0.746368 0.961915 0.912930 0.656680 0.620620 0.885899 0.877033 0.552429 0.868224 0.730048 0.934160 0.753717 0.563565 0.516902 0.633799 0.706182 0.784822 0.566382 0.573819 0.805800 0.665669 0.734406 0.761329 0.861188 0.768061 0.997784 0.888293 0.960801 0.830337 0.762050 0.795828 0.836502 0.921820 0.841726 0.917069 0.981886 0.916340 0.636999 0.653875 0.713756 0.686739 0.900300 0.913346 0.825508 0.958207 0.785927 0.690260 0.704437 0.726402 0.718640 0.747134 0.697345 0.795602 0.779745 0.885843 0.955789 0.970895 0.892576 0.789651 0.963423 0.955538 0.770862 0.973339
0.909163 0.636382 0.357727 0.495967 0.818883 0.477671 0.000000 0.530082 0.614505 0.736947 0.808219 0.983210 0.623680 0.799270 0.762238 0.779497 0.813913 0.771563 0.877444 0.823747 0.792557 0.829242 0.746695 0.835462 0.933458 0.701066 0.815041 0.883457 0.996777 0.946384 0.403178 0.501481 0.442057 0.496025 0.597890 0.806505 0.962703 0.756276 0.945730 0.927043 0.861815 0.780368 0.658512 0.744746 0.678023 0.872432 0.795162 0.758590 0.780661 0.940750 0.678366 0.735642 0.656452 0.541085 0.851490 0.985701 0.678336 0.632843 0.820497 0.837316 0.418780 0.765983 0.605859 0.846981 0.535811 0.426426 0.312127 0.405079 0.796968 0.888749 0.485556 0.462262 0.537619 0.540590 0.831288 0.799547 0.713577 0.579484 0.885625 0.968574 0.930857 0.797266 0.794365 0.804992 0.944407 0.906793 0.941923 0.923520 0.901068 0.932988 0.450941 0.588066 0.601857 0.679904 0.733146 0.808268 0.733775 0.843939 0.493167 0.484992 0.486320 0.511072 0.619684 0.554506 0.579530 0.586061 0.897790 0.846087 0.983530 0.814816 0.759681 0.707458 0.818337 0.888532 0.844910 0.960790
0.780187 0.814256 0.661573 0.458566 0.819652 0.749342 0.530082 0.000000 0.880959 0.584363 0.860278 0.568839 0.563926 0.400502 0.647782 0.532910 0.838392 0.890639 0.675874 0.739799 0.878761 0.979187 0.623328 0.653022 0.968282 0.865319 0.929088 0.840494 0.692445 0.740829 0.580876 0.533266 0.556152 0.544334 0.755905 0.979925 0.868482 0.896554 0.870924 0.866946 0.691485 0.874452 0.521366 0.569963 0.505348 0.528143 0.516697 0.547855 0.685773 0.595373 0.535168 0.557407 0.678829 0.764020 0.705390 0.983361 0.890245 0.913942 0.701947 0.675591 0.599737 0.448011 0.494036 0.605078 0.582806 0.490920 0.647938 0.617738 0.959610 0.787361 0.759861 0.806074 0.669223 0.766125 0.790155 0.829874 0.617980 0.776751 0.944187 0.951368 0.792747 0.871899 0.837777 0.971010 0.653853 0.525344 0.947266 0.652370 0.910401 0.655479 0.770669 0.955377 0.850049 0.929132 0.667762 0.862127 0.784631 0.835204 0.521695 0.472917 0.687228 0.871066 0.675257 0.862802 0.664981 0.739950 0.763027 0.988388 0.897241 0.852123 0.678620 0.596614 0.664219 0.806924 0.902788 0.909266
0.930081 0.748056 0.804696 0.968800 0.817618 0.706742 0.614505 0.880959 0.000000 0.780209 0.781134 0.943563 0.754353 0.901648 0.786695 0.930764 0.834753 0.756660 0.954414 0.732228 0.912439 0.988923 0.932647 0.856920 0.825994 0.963934 0.973586 0.929996 0.872142 0.866961 0.892751 0.927850 0.808633 0.955404 0.822676 0.987495 0.910538 0.731820 0.869199 0.809758 0.878385 0.972477 0.997157 0.997095 0.974411 0.937886 0.935404 0.958911 0.832809 0.999582 0.916253 0.849448 0.840623 0.800184 0.932102 0.978070 0.718771 0.709736 0.813999 0.883883 0.668568 0.767251 0.948053 0.947291 0.777209 0.816109 0.625239 0.802441 0.912810 0.999022 0.755182 0.619557 0.707049 0.586538 0.878119 0.893182 0.735868 0.895886 0.886062 0.913660 0.809138 0.727174 0.682298 0.684594 0.862304 0.841176 0.830624 0.818663 0.679641 0.993057 0.548217 0.474252 0.563066 0.538495 0.783189 0.891028 0.863766 0.859805 0.623499 0.639183 0.601622 0.692614 0.660962 0.526334 0.828001 0.848108 0.927574 0.758746 0.999680 0.837819 0.912655 0.676238 0.971109 0.870588 0.869600 0.804146
0.792077 0.787294 0.945823 0.806974 0.805911 0.854694 0.736947 0.584363 0.780209 0.000000 0.833801 0.626443 0.708600 0.624281 0.487640 0.515818 0.772420 0.753032 0.687167 0.743916 0.969637 0.964416 0.509360 0.712755 0.768126 0.846119 0.969265 0.986959 0.634060 0.670050 0.828787 0.728043 0.684382 0.751453 0.819458 0.861795 0.849847 0.954617 0.972264 0.860842 0.915822 0.911329 0.933628 0.927524 0.779652 0.769704 0.786371 0.800404 0.672835 0.673975 0.765312 0.774189 0.855264 0.966468 0.874521 0.980386 0.864030 0.833344 0.763914 0.792002 0.846508 0.568089 0.715943 0.581862 0.995855 0.975023 0.941671 0.986370 0.851843 0.652330 0.871921 0.986922 0.848229 0.880621 0.683481 0.898151 0.756160 0.889757 0.912723 0.820555 0.712101 0.781740 0.760688 0.865505 0.661693 0.772896 0.784503 0.801616 0.896801 0.753313 0.987877 0.992251 0.973683 0.884998 0.817980 0.925306 0.833883 0.915639 0.848944 0.720667 0.892440 0.931061 0.926202 0.895823 0.827729 0.890065 0.948243 0.878338 0.793966 0.974992 0.829107 0.825340 0.966754 0.948810 0.890858 0.824378
0.543156 0.878440 0.939178 0.924749 0.725073 0.709598 0.808219 0.860278 0.781134 0.833801 0.000000 0.640684 0.472027 0.763226 0.764016 0.862723 0.922893 0.867588 0.781588 0.756037 0.971829 0.968343 0.862564 0.963056 0.763261 0.884222 0.989284 0.967511 0.860161 0.937686 0.910817 0.986186 0.844060 0.978577 0.943709 0.899341 0.773313 0.855867 0.885195 0.848277 0.901730 0.987512 0.809233 0.834437 0.780624 0.788576 0.984242 0.938857 0.952516 0.934215 0.873632 0.838582 0.849315 0.741290 0.949764 0.967845 0.888157 0.927302 0.529254 0.612989 0.529800 0.628989 0.608425 0.596835 0.964807 0.895100 0.894670 0.951160 0.741544 0.763176 0.921993 0.961347 0.918754 0.992199 0.793802 0.982763 0.906694 0.890645 0.846593 0.891850 0.842746 0.835896 0.982018 0.996609 0.790093 0.992279 0.984775 0.972025 0.668563 0.651341 0.864146 0.973571 0.997413 0.949747 0.982320 0.909658 0.935918 0.942351 0.816910 0.861068 0.912540 0.992663 0.791517 0.904377 0.838307 0.919919 0.860123 0.942443 0.907019 0.731224 0.986742 0.829510 0.899865 0.819664 0.960889 0.966224
0.359574 0.408783 0.817264 0.990945 0.718426 0.910692 0.983210 0.568839 0.943563 0.626443 0.640684 0.000000 0.465509 0.371417 0.507849 0.506965 0.525202 0.508570 0.479527 0.419742 0.948355 0.971937 0.587104 0.697118 0.800939 0.635556 0.927084 0.782582 0.458495 0.588160 0.907414 0.944330 0.848285 0.898987 0.853239 0.773681 0.702824 0.920506 0.923866 0.871556 0.991145 0.983974 0.997152 0.971294 0.948834 0.801188 0.761950 0.791346 0.504026 0.632856 0.869473 0.907177 0.958666 0.689006 0.799385 0.973900 0.511281 0.534785 0.619408 0.620836 0.795135 0.413364 0.530561 0.398716 0.935292 0.994838 0.791013 0.774082 0.565286 0.490751 0.902358 0.795700 0.966363 0.906479 0.818858 0.984340 0.893625 0.783429 0.975758 0.894158 0.533822 0.544770 0.615723 0.752408 0.381056 0.669878 0.745386 0.577352 0.771440 0.522350 0.803190 0.719042 0.713195 0.654762 0.974527 0.958559 0.931182 0.969432 0.917501 0.836363 0.927144 0.693504 0.973762 0.908849 0.968728 0.997399 0.916046 0.745845 0.795526 0.933315 0.903697 0.814554 0.912620 0.976622 0.957596 0.805645
0.509652 0.791570 0.791547 0.853723 0.654933 0.808339 0.623680 0.563926 0.754353 0.708600 0.472027 0.465509 0.000000 0.479891 0.511340 0.550829 0.790124 0.855357 0.536199 0.635415 0.994181 0.888176 0.552913 0.778849 0.810605 0.810771 0.965353 0.955051 0.653660 0.718294 0.815778 0.756357 0.608985 0.777363 0.887253 0.970804 0.791476 0.791431 0.903385 0.926242 0.954185 0.949655 0.942167 0.963219 0.903400 0.917000 0.722234 0.812935 0.860535 0.857458 0.839489 0.893852 0.895899 0.951260 0.719435 0.959089 0.771142 0.826132 0.572920 0.640271 0.493191 0.461028 0.523280 0.492094 0.875088 0.810351 0.794043 0.924219 0.676230 0.705802 0.711954 0.903251 0.762650 0.843822 0.774561 0.932649 0.824372 0.944412 0.996128 0.979230 0.782731 0.811219 0.830455 0.965442 0.611884 0.866163 0.705395 0.739850 0.644333 0.603011 0.829692 0.969292 0.950602 0.953542 0.896226 0.925315 0.874761 0.861080 0.651816 0.645914 0.710153 0.992618 0.749598 0.813161 0.696851 0.830445 0.866234 0.853938 0.935042 0.720402 0.782658 0.689380 0.819510 0.951213 0.922462 0.941453
0.519407 0.523336 0.960721 0.719616 0.700127 0.960045 0.799270 0.400502 0.901648 0.624281 0.763226 0.371417 0.479891 0.000000 0.468909 0.376952 0.598192 0.558935 0.407410 0.436134 0.938600 0.917616 0.452443 0.504536 0.998929 0.790500 0.937702 0.849220 0.453942 0.463410 0.786569 0.592923 0.635533 0.651092 0.987115 0.938655 0.799931 0.929076 0.845798 0.787143 0.836390 0.930423 0.666630 0.675106 0.661473 0.604712 0.531199 0.598573 0.491259 0.540066 0.571526 0.656477 0.734873 0.974551 0.629012 0.946512 0.600859 0.685961 0.838254 0.795495 0.828153 0.516587 0.523286 0.526022 0.926935 0.790493 0.958554 0.995526 0.759636 0.644248 0.919219 0.903374 0.785787 0.915483 0.767323 0.892222 0.766341 0.955760 0.900494 0.762057 0.551970 0.565528 0.514457 0.758205 0.353984 0.425032 0.827314 0.477874 0.934769 0.593322 0.899543 0.711713 0.779126 0.608699 0.863500 0.920617 0.982164 0.922545 0.837121 0.695898 0.976631 0.856436 0.958361 0.979431 0.878548 0.888393 0.827400 0.829777 0.899153 0.882210 0.900127 0.728412 0.706314 0.886728 0.986052 0.787439
0.636568 0.720739 0.937932 0.842339 0.585815 0.881629 0.762238 0.647782 0.786695 0.487640 0.764016 0.507849 0.511340 0.468909 0.000000 0.385140 0.624889 0.648428 0.470398 0.575276 0.944747 0.957931 0.377278 0.594398 0.915667 0.778995 0.996424 0.953945 0.569466 0.537196 0.761749 0.684443 0.575185 0.675397 0.989848 0.939866 0.778188 0.794008 0.994342 0.951250 0.975956 0.999104 0.838706 0.847364 0.770739 0.730312 0.720650 0.672755 0.648232 0.629190 0.644268 0.658896 0.677261 0.909339 0.746099 0.958347 0.735996 0.835120 0.893882 0.951695 0.897135 0.607911 0.672918 0.606564 0.933107 0.972675 0.997068 0.885731 0.657147 0.696458 0.816303 0.988079 0.739947 0.748812 0.703024 0.948436 0.734009 0.942525 0.907077 0.751340 0.616346 0.691133 0.633633 0.854349 0.427693 0.687092 0.597189 0.673045 0.773660 0.705041 0.991557 0.998126 0.922683 0.845433 0.854705 0.927518 0.903101 0.831353 0.866059 0.698329 0.914323 0.880664 0.926207 0.769075 0.833226 0.873420 0.936724 0.837524 0.845696 0.859362 0.914200 0.733373 0.782176 0.837706 0.881511 0.953952
0.717448 0.691562 0.986026 0.769351 0.624379 0.881268 0.779497 0.532910 0.930764 0.515818 0.862723 0.506965 0.550829 0.376952 0.385140 0.000000 0.722314 0.685803 0.498000 0.614005 0.939465 0.966715 0.388085 0.445772 0.930828 0.772192 0.980615 0.827286 0.508051 0.494522 0.796404 0.649138 0.691422 0.784607 0.907870 0.814732 0.931721 0.985220 0.931714 0.997106 0.878094 0.992750 0.764704 0.759691 0.696320 0.658345 0.709894 0.729496 0.542038 0.635445 0.641513 0.671515 0.712275 0.892366 0.726110 0.941737 0.804045 0.846114 0.991723 0.978653 0.948663 0.591578 0.754667 0.719487 0.932611 0.864274 0.945246 0.923889 0.855197 0.764454 0.875265 0.954223 0.786113 0.793815 0.708934 0.870559 0.779799 0.911542 0.883550 0.778881 0.697892 0.757169 0.568171 0.838674 0.514019 0.535349 0.721132 0.576040 0.994515 0.776692 0.901253 0.907915 0.860159 0.721028 0.906800 0.855968 0.956028 0.817965 0.907197 0.747608 0.955082 0.848833 0.899052 0.985832 0.927137 0.976730 0.981517 0.848694 0.816809 0.979483 0.915333 0.811556 0.819166 0.883732 0.970006 0.837734
0.529580 0.360983 0.749389 0.925536 0.776162 0.791628 0.813913 0.838392 0.834753 0.772420 0.922893 0.525202 0.790124 0.598192 0.624889 0.722314 0.000000 0.381978 0.517725 0.415087 0.900327 0.985804 0.700937 0.803946 0.956906 0.652205 0.868344 0.965259 0.454163 0.426187 0.923047 0.907627 0.866942 0.847314 0.888983 0.841556 0.768360 0.868549 0.900744 0.709984 0.957451 0.959977 0.985829 0.923063 0.886451 0.709616 0.724197 0.736251 0.539393 0.592574 0.845335 0.923983 0.988231 0.753978 0.706196 0.992303 0.331315 0.398471 0.967558 0.826092 0.871367 0.792550 0.731351 0.538984 0.797741 0.694408 0.642390 0.705522 0.657854 0.453101 0.808244 0.603828 0.838890 0.720890 0.850792 0.972393 0.982268 0.826962 0.708551 0.781676 0.358122 0.395041 0.520220 0.455023 0.426002 0.738540 0.814370 0.581707 0.913222 0.765093 0.548401 0.524004 0.516454 0.500672 0.995742 0.967634 0.921080 0.902819 0.790777 0.957912 0.754024 0.556391 0.873903 0.919740 0.877550 0.903090 0.891629 0.527480 0.928507 0.988961 0.952361 0.995062 0.819385 0.907565 0.995643 0.885430
0.479322 0.328953 0.651745 0.911656 0.793768 0.794832 0.771563 0.890639 0.756660 0.753032 0.867588 0.508570 0.855357 0.558935 0.648428 0.685803 0.381978 0.000000 0.428432 0.400035 0.942149 0.968797 0.695289 0.753787 0.961239 0.620943 0.827284 0.884076 0.457152 0.393750 0.841445 0.961425 0.910904 0.879035 0.693859 0.895953 0.748560 0.881064 0.863097 0.738314 0.954901 0.998942 0.997309 0.898092 0.933387 0.747488 0.707633 0.753409 0.486331 0.607744 0.833179 0.890297 0.929688 0.750709 0.741204 0.906386 0.341112 0.406177 0.986859 0.851137 0.790668 0.892408 0.722453 0.564512 0.716100 0.678550 0.556732 0.639053 0.603617 0.529205 0.725136 0.622765 0.846219 0.780438 0.934424 0.971072 0.939133 0.790759 0.701126 0.652019 0.361821 0.333401 0.423141 0.473820 0.402005 0.672961 0.896098 0.564668 0.949709 0.749573 0.533873 0.510794 0.462047 0.458582 0.982434 0.986063 0.874572 0.982681 0.754119 0.891211 0.591452 0.558716 0.727966 0.789451 0.847845 0.852661 0.899819 0.561548 0.928640 0.958991 0.928526 0.953871 0.813197 0.947391 0.943068 0.970684
0.444346 0.522501 0.997738 0.863588 0.677962 0.945274 0.877444 0.675874 0.954414 0.687167 0.781588 0.479527 0.536199 0.407410 0.470398 0.498000 0.517725 0.428432 0.000000 0.421367 0.941855 0.985136 0.422543 0.584998 0.972382 0.635070 0.918702 0.989381 0.482968 0.447289 0.904759 0.737755 0.651186 0.769127 0.934300 0.917363 0.733144 0.950424 0.859821 0.874512 0.915978 0.914751 0.854864 0.850633 0.839793 0.750714 0.592458 0.687555 0.586407 0.671204 0.713409 0.820644 0.798054 0.941689 0.656316 0.995754 0.447508 0.577635 0.894098 0.874807 0.957361 0.749517 0.607049 0.556784 0.977784 0.900466 0.864528 0.829538 0.566583 0.599122 0.929516 0.905427 0.887882 0.988188 0.906633 0.845535 0.850558 0.929980 0.841112 0.731528 0.528721 0.496107 0.470417 0.632442 0.357912 0.621366 0.759416 0.540071 0.829020 0.641312 0.843003 0.759687 0.718401 0.663367 0.977411 0.896146 0.994463 0.901295 0.952069 0.829447 0.906959 0.730679 0.944715 0.981814 0.965839 0.880344 0.961832 0.634374 0.902140 0.953851 0.936512 0.849708 0.690950 0.847525 0.957977 0.979610
0.380664 0.387419 0.806604 0.937245 0.738776 0.791419 0.823747 0.739799 0.732228 0.743916 0.756037 0.419742 0.635415 0.436134 0.575276 0.614005 0.415087 0.400035 0.421367 0.000000 0.974238 0.977362 0.513314 0.607964 0.966432 0.657562 0.890852 0.905972 0.472713 0.507311 0.963130 0.944544 0.825794 0.924406 0.830918 0.833926 0.762129 0.984514 0.872393 0.805086 0.960358 0.900135 0.986903 0.983477 0.926304 0.768721 0.713875 0.769379 0.541626 0.581231 0.850760 0.930581 0.956653 0.713576 0.682198 0.878098 0.319621 0.398291 0.806415 0.776768 0.919787 0.719077 0.698617 0.546286 0.833954 0.742601 0.670653 0.676402 0.457045 0.505572 0.915786 0.656614 0.969162 0.726153 0.853082 0.982964 0.903481 0.814906 0.932250 0.865849 0.475071 0.384945 0.469635 0.492608 0.353513 0.669672 0.833665 0.556413 0.865565 0.572028 0.640825 0.538895 0.637975 0.499139 0.933748 0.960928 0.995251 0.983629 0.884230 0.957732 0.770481 0.600989 0.867519 0.844137 0.991613 0.983563 0.871801 0.670519 0.934148 0.939858 0.932916 0.988911 0.826570 0.959215 0.918034 0.912116
0.965373 0.894672 0.785031 0.794139 0.946552 0.695126 0.792557 0.878761 0.912439 0.969637 0.971829 0.948355 0.994181 0.938600 0.944747 0.939465 0.900327 0.942149 0.941855 0.974238 0.000000 0.952079 0.931825 0.855598 0.898589 0.809125 0.976021 0.923284 0.909352 0.907770 0.703051 0.821429 0.884929 0.911803 0.902095 0.959210 0.906075 0.980695 0.852059 0.866177 0.863851 0.947832 0.946712 0.991728 0.923682 0.888951 0.969875 0.882123 0.852602 0.729241 0.978464 0.989264 0.964848 0.866934 0.980111 0.948293 0.869461 0.866870 0.956044 0.964991 0.898700 0.884752 0.853780 0.967896 0.987611 0.793281 0.924180 0.906049 0.938174 0.899680 0.746127 0.852178 0.851350 0.761045 0.883130 0.712930 0.865322 0.990567 0.930385 0.886826 0.997005 0.950172 0.947472 0.927467 0.932718 0.893022 0.754444 0.897794 0.910054 0.869416 0.879521 0.985494 0.934718 0.910010 0.921457 0.894924 0.894924 0.915489 0.942454 0.917561 0.949304 0.983312 0.970872 0.949640 0.947894 0.990394 0.877270 0.987308 0.991181 0.897744 0.967909 0.900505 0.943397 0.877068 0.980455 0.874413
0.994481 0.920399 0.841574 0.778773 0.910708 0.974109 0.829242 0.979187 0.988923 0.964416 0.968343 0.971937 0.888176 0.917616 0.957931 0.966715 0.985804 0.968797 0.985136 0.977362 0.952079 0.000000 0.959696 0.977127 0.925392 0.771080 0.900765 0.931077 0.984200 0.852213 0.749651 0.945695 0.806256 0.780643 0.929138 0.825151 0.921526 0.816622 0.943675 0.929961 0.921175 0.979468 0.970262 0.994035 0.942318 0.992625 0.917793 0.890290 0.863613 0.930983 0.873943 0.905892 0.822790 0.852645 0.938723 0.895055 0.993076 0.978578 0.978260 0.991810 0.956532 0.954714 0.913332 0.982511 0.921751 0.951709 0.850144 0.922372 0.922891 0.972324 0.888920 0.908546 0.973147 0.927131 0.820126 0.969027 0.899389 0.805478 0.810210 0.965711 0.925558 0.933926 0.978037 0.861187 0.987380 0.924048 0.802928 0.986007 0.976852 0.980714 0.867733 0.915150 0.903402 0.925701 0.993678 0.999092 0.913691 0.913796 0.926973 0.985534 0.867025 0.973072 0.823426 0.933643 0.839789 0.809192 0.955938 0.972251 0.997762 0.882293 0.821099 0.989365 0.927753 0.922896 0.853067 0.813739
0.640282 0.777429 0.844183 0.683274 0.616448 0.998956 0.746695 0.623328 0.932647 0.509360 0.862564 0.587104 0.552913 0.452443 0.377278 0.388085 0.700937 0.695289 0.422543 0.513314 0.931825 0.959696 0.000000 0.413850 0.954223 0.799830 0.880149 0.967221 0.577561 0.536546 0.679360 0.633499 0.586915 0.758445 0.953197 0.913282 0.852877 0.920481 0.978614 0.929309 0.882330 0.983251 0.952113 0.981974 0.844887 0.835325 0.783712 0.823597 0.742031 0.733131 0.765468 0.802255 0.751265 0.964036 0.833398 0.772994 0.711267 0.795647 0.972902 0.986519 0.976098 0.737290 0.778608 0.710779 0.992897 0.986528 0.982807 0.853893 0.646937 0.717430 0.683659 0.935234 0.649168 0.833836 0.797333 0.919618 0.805345 0.910451 0.950806 0.857183 0.680684 0.630888 0.606728 0.763921 0.469846 0.637329 0.693337 0.564098 0.912887 0.749777 0.989507 0.936851 0.961399 0.772203 0.812317 0.896841 0.835593 0.969918 0.911437 0.846104 0.925332 0.883910 0.917610 0.837919 0.885178 0.837049 0.992567 0.862699 0.873799 0.953143 0.871189 0.941013 0.782916 0.942756 0.848559 0.904036
0.836895 0.851038 0.866412 0.617832 0.631101 0.945750 0.835462 0.653022 0.856920 0.712755 0.963056 0.697118 0.778849 0.504536 0.594398 0.445772 0.803946 0.753787 0.584998 0.607964 0.855598 0.977127 0.413850 0.000000 0.873161 0.983080 0.913986 0.926143 0.698131 0.632923 0.708584 0.660339 0.738819 0.852778 0.989867 0.794267 0.993619 0.971734 0.827576 0.897366 0.758321 0.880050 0.811755 0.825679 0.754260 0.748033 0.829819 0.840597 0.722056 0.737100 0.742847 0.794636 0.744137 0.869914 0.821537 0.982234 0.844624 0.937547 0.879942 0.855412 0.903963 0.861021 0.866276 0.905418 0.989383 0.904864 0.978381 0.944256 0.902426 0.896566 0.781682 0.920762 0.785854 0.909542 0.816946 0.938247 0.768443 0.960065 0.924698 0.847063 0.757110 0.754760 0.669655 0.742234 0.597326 0.504413 0.864872 0.570706 0.961603 0.777003 0.949929 0.900638 0.899472 0.761681 0.988763 0.853160 0.929600 0.965696 0.962330 0.895450 0.910659 0.954370 0.862946 0.958358 0.953654 0.906271 0.987974 0.964582 0.970042 0.937105 0.932198 0.937373 0.880114 0.992379 0.835295 0.824911
0.822078 0.988144 0.904416 0.765541 0.977085 0.968789 0.933458 0.968282 0.825994 0.768126 0.763261 0.800939 0.810605 0.998929 0.915667 0.930828 0.956906 0.961239 0.972382 0.966432 0.898589 0.925392 0.954223 0.873161 0.000000 0.647022 0.922667 0.816341 0.752462 0.992075 0.832025 0.818905 0.975555 0.922473 0.847276 0.871154 0.943518 0.923472 0.827939 0.828006 0.900280 0.882314 0.784254 0.765293 0.837080 0.836338 0.738266 0.868943 0.966328 0.935857 0.832120 0.745823 0.707182 0.738627 0.938809 0.885685 0.974835 0.945273 0.663310 0.759750 0.742510 0.702204 0.908809 0.782432 0.870031 0.906477 0.976742 0.975095 0.724934 0.815770 0.857870 0.953350 0.931447 0.955105 0.972573 0.858704 0.855708 0.913111 0.953317 0.801229 0.927939 0.873850 0.931387 0.985612 0.976382 0.734323 0.844108 0.939332 0.914425 0.818157 0.973223 0.906928 0.952235 0.918303 0.905379 0.942825 0.962273 0.970351 0.984430 0.927553 0.894937 0.919916 0.983039 0.919973 0.933970 0.965138 0.947708 0.981330 0.854848 0.989000 0.998926 0.944579 0.706236 0.867576 0.888365 0.897830
0.549472 0.574501 0.564122 0.535704 0.780216 0.751479 0.701066 0.865319 0.963934 0.846119 0.884222 0.635556 0.810771 0.790500 0.778995 0.772192 0.652205 0.620943 0.635070 0.657562 0.809125 0.771080 0.799830 0.983080 0.647022 0.000000 0.852309 0.992307 0.623815 0.722867 0.550467 0.776982 0.855380 0.793995 0.605514 0.716053 0.895981 0.877805 0.946828 0.985645 0.855065 0.939546 0.707958 0.754587 0.762948 0.897453 0.887133 0.901520 0.698771 0.884924 0.822397 0.759257 0.730989 0.520219 0.924062 0.999606 0.561766 0.554741 0.847512 0.858537 0.899213 0.810766 0.934301 0.665776 0.533790 0.549513 0.559693 0.517448 0.637430 0.638995 0.754175 0.698680 0.711844 0.732277 0.988396 0.946516 0.819861 0.640545 0.989408 0.957920 0.709292 0.706843 0.704175 0.794440 0.688700 0.974360 0.749685 0.790774 0.945581 0.815324 0.591642 0.684655 0.591878 0.676429 0.716430 0.997041 0.790285 0.886405 0.734883 0.823161 0.790833 0.599233 0.685574 0.838721 0.724415 0.794537 0.954140 0.729111 0.881014 0.956347 0.771986 0.835669 0.886046 0.919210 0.772985 0.932839
0.906561 0.856421 0.801321 0.877230 0.752693 0.825605 0.815041 0.929088 0.973586 0.969265 0.989284 0.927084 0.965353 0.937702 0.996424 0.980615 0.868344 0.827284 0.918702 0.890852 0.976021 0.900765 0.880149 0.913986 0.922667 0.852309 0.000000 0.833479 0.991181 0.962509 0.841200 0.838552 0.859480 0.782170 0.766325 0.914870 0.944359 0.998743 0.966651 0.930149 0.946452 0.960065 0.891910 0.857626 0.882777 0.916298 0.934030 0.866997 0.846472 0.863872 0.971813 0.993789 0.973700 0.901747 0.952709 0.840914 0.833801 0.916953 0.915275 0.930494 0.744885 0.951578 0.795370 0.912692 0.770162 0.819320 0.752220 0.666340 0.879110 0.909683 0.907752 0.876359 0.937769 0.943491 0.973739 0.963053 0.995573 0.801213 0.928321 0.960250 0.946967 0.888166 0.829453 0.918372 0.914382 0.870457 0.978069 0.882385 0.884129 0.945507 0.995360 0.993951 0.928213 0.973184 0.931167 0.946751 0.946861 0.911653 0.935676 0.887664 0.948567 0.972959 0.765228 0.992265 0.799654 0.833091 0.960940 0.995822 0.716942 0.916196 0.970866 0.907688 0.955107 0.778283 0.882946 0.927327
0.901850 0.794305 0.875758 0.977385 0.812368 0.941414 0.883457 0.840494 0.929996 0.986959 0.967511 0.782582 0.955051 0.849220 0.953945 0.827286 0.965259 0.884076 0.989381 0.905972 0.923284 0.931077 0.967221 0.926143 0.816341 0.992307 0.833479 0.000000 0.979578 0.967419 0.838467 0.856556 0.918205 0.856829 0.935069 0.855710 0.965105 0.987906 0.954005 0.954447 0.961484 0.944644 0.902241 0.888480 0.904631 0.874316 0.997933 0.910626 0.774003 0.856633 0.934811 0.898032 0.995055 0.948601 0.965071 0.958919 0.930412 0.966764 0.972956 0.984411 0.963579 0.893667 0.975636 0.974387 0.942219 0.926441 0.891342 0.859914 0.944451 0.971991 0.884324 0.953609 0.998117 0.950544 0.997173 0.897781 0.946369 0.778107 0.931780 0.942073 0.948267 0.967565 0.950217 0.946681 0.925543 0.793788 0.910329 0.999334 0.891203 0.999806 0.978137 0.989214 0.983914 0.959955 0.917812 0.944389 0.954304 0.837465 0.982356 0.912724 0.967749 0.924557 0.864173 0.700775 0.857213 0.769225 0.988180 0.946941 0.973853 0.941516 0.946191 0.829991 0.922449 0.983592 0.991599 0.940137
0.522547 0.449727 0.796783 0.977822 0.726822 0.805709 0.996777 0.692445 0.872142 0.634060 0.860161 0.458495 0.653660 0.453942 0.569466 0.508051 0.454163 0.457152 0.482968 0.472713 0.909352 0.984200 0.577561 0.698131 0.752462 0.623815 0.991181 0.979578 0.000000 0.367971 0.939176 0.805178 0.725314 0.694427 0.821063 0.940665 0.696579 0.916378 0.977838 0.833789 0.976285 0.896268 0.904698 0.801333 0.802408 0.666401 0.707237 0.673865 0.495907 0.612720 0.753209 0.846599 0.911345 0.839681 0.635432 0.926199 0.487773 0.501738 0.804921 0.747747 0.971785 0.608561 0.640014 0.461277 0.831737 0.864007 0.771900 0.854736 0.612965 0.451144 0.824434 0.717960 0.940029 0.920678 0.865030 0.901407 0.958526 0.933443 0.692556 0.814633 0.439614 0.481622 0.494658 0.529203 0.395377 0.670528 0.745595 0.521425 0.958192 0.702610 0.676447 0.582635 0.565229 0.509340 0.949107 0.989970 0.931545 0.998267 0.939677 0.887022 0.820533 0.738919 0.890209 0.884594 0.942054 0.922690 0.917426 0.633555 0.803701 0.999009 0.993965 0.959292 0.855180 0.926782 0.986774 0.814875
0.648611 0.505399 0.891673 0.871140 0.708913 0.875092 0.946384 0.740829 0.866961 0.670050 0.937686 0.588160 0.718294 0.463410 0.537196 0.494522 0.426187 0.393750 0.447289 0.507311 0.907770 0.852213 0.536546 0.632923 0.992075 0.722867 0.962509 0.967419 0.367971 0.000000 0.878825 0.690062 0.664392 0.631043 0.812507 0.995371 0.820024 0.946772 0.929569 0.749965 0.985322 0.889986 0.852374 0.769324 0.724165 0.647751 0.662329 0.652701 0.555717 0.627547 0.676454 0.789587 0.794683 0.986615 0.628134 0.940166 0.525086 0.594084 0.900870 0.970150 0.934727 0.795553 0.689497 0.572406 0.836664 0.887144 0.783918 0.870622 0.771275 0.576587 0.901269 0.765234 0.978547 0.938432 0.849995 0.965771 0.929279 0.944516 0.547476 0.624347 0.389644 0.454867 0.436775 0.485362 0.421697 0.626171 0.744811 0.512481 0.947280 0.873417 0.619843 0.585034 0.519801 0.494172 0.985184 0.972916 0.922171 0.996435 0.833061 0.978324 0.823857 0.704909 0.813173 0.905977 0.929627 0.956219 0.958319 0.613766 0.926264 0.926728 0.962449 0.996439 0.693039 0.845156 0.949556 0.883996
0.836481 0.729214 0.443243 0.349532 0.939928 0.707996 0.403178 0.580876 0.892751 0.828787 0.910817 0.907414 0.815778 0.786569 0.761749 0.796404 0.923047 0.841445 0.904759 0.963130 0.703051 0.749651 0.679360 0.708584 0.832025 0.550467 0.841200 0.838467 0.939176 0.878825 0.000000 0.426049 0.483595 0.436961 0.637565 0.776210 0.995942 0.810583 0.943291 0.945289 0.791516 0.846756 0.558546 0.669122 0.626421 0.755485 0.708331 0.677844 0.850230 0.971840 0.572321 0.573609 0.522136 0.433511 0.815211 0.917306 0.777355 0.720463 0.916405 0.964444 0.771564 0.983225 0.740002 0.995852 0.569090 0.537538 0.536484 0.525481 0.841392 0.810652 0.464176 0.604725 0.503810 0.553176 0.901443 0.768780 0.758731 0.504359 0.788892 0.848388 0.978203 0.958637 0.991210 0.961236 0.943718 0.751531 0.974302 0.836111 0.950057 0.951355 0.603369 0.789335 0.703068 0.926272 0.684961 0.899873 0.718568 0.881367 0.653215 0.642020 0.654936 0.607139 0.673160 0.697326 0.644422 0.636744 0.897090 0.882306 0.963356 0.916501 0.721782 0.834826 0.756846 0.816182 0.805454 0.927355
0.949789 0.949178 0.536287 0.453014 0.898753 0.692650 0.501481 0.533266 0.927850 0.728043 0.986186 0.944330 0.756357 0.592923 0.684443 0.649138 0.907627 0.961425 0.737755 0.944544 0.821429 0.945695 0.633499 0.660339 0.818905 0.776982 0.838552 0.856556 0.805178 0.690062 0.426049 0.000000 0.503355 0.427458 0.698698 0.786656 0.950733 0.932417 0.888495 0.887362 0.846693 0.859334 0.543166 0.575725 0.571498 0.660536 0.562321 0.624349 0.953619 0.858313 0.536244 0.576024 0.510229 0.574017 0.743942 0.926971 0.944682 0.870338 0.873243 0.940646 0.799422 0.837532 0.659235 0.827195 0.697396 0.617483 0.657131 0.628067 0.829630 0.991655 0.625186 0.747847 0.598659 0.637856 0.771234 0.842965 0.799572 0.524635 0.749593 0.776260 0.774632 0.871972 0.808437 0.953730 0.761521 0.622956 0.914701 0.707996 0.857025 0.999923 0.820219 0.968956 0.917421 0.953259 0.752770 0.823379 0.840868 0.951251 0.760016 0.612694 0.847843 0.762800 0.762774 0.735358 0.745728 0.673255 0.802534 0.990602 0.954256 0.846786 0.818139 0.739055 0.621650 0.828253 0.753117 0.807816
0.850777 0.989077 0.510935 0.575816 0.756753 0.671981 0.442057 0.556152 0.808633 0.684382 0.844060 0.848285 0.608985 0.635533 0.575185 0.691422 0.866942 0.910904 0.651186 0.825794 0.884929 0.806256 0.586915 0.738819 0.975555 0.855380 0.859480 0.918205 0.725314 0.664392 0.483595 0.503355 0.000000 0.420219 0.722008 0.759902 0.761914 0.773951 0.819017 0.886317 0.898977 0.858022 0.665677 0.677113 0.603890 0.658987 0.635436 0.582017 0.965348 0.802376 0.551110 0.647750 0.570425 0.663192 0.659875 0.984262 0.949978 0.981317 0.854055 0.891983 0.668077 0.739518 0.596811 0.678833 0.617119 0.723029 0.559661 0.600709 0.904401 0.801480 0.624044 0.747550 0.616503 0.739282 0.785026 0.901381 0.713922 0.601517 0.868079 0.854999 0.776553 0.860654 0.908959 0.845776 0.700579 0.756573 0.908685 0.704677 0.822692 0.789808 0.763654 0.890917 0.895207 0.997060 0.688708 0.962217 0.713682 0.803300 0.653085 0.612021 0.726915 0.773858 0.696933 0.626042 0.674039 0.616506 0.949698 0.963417 0.947262 0.875606 0.726970 0.639623 0.613180 0.831748 0.760692 0.957214
0.981532 0.977849 0.588791 0.565177 0.895655 0.782008 0.496025 0.544334 0.955404 0.751453 0.978577 0.898987 0.777363 0.651092 0.675397 0.784607 0.847314 0.879035 0.769127 0.924406 0.911803 0.780643 0.758445 0.852778 0.922473 0.793995 0.782170 0.856829 0.694427 0.631043 0.436961 0.427458 0.420219 0.000000 0.737702 0.664437 0.866831 0.825631 0.890545 0.800175 0.860539 0.766786 0.532569 0.549957 0.516403 0.555256 0.539580 0.484444 0.896129 0.769387 0.516737 0.573721 0.562235 0.608969 0.639622 0.830634 0.956240 0.990088 0.930889 0.834530 0.688385 0.781714 0.552885 0.687053 0.593798 0.639768 0.610469 0.512139 0.940917 0.904732 0.781850 0.860299 0.723579 0.727351 0.809149 0.855798 0.803616 0.594821 0.690960 0.837597 0.714563 0.835002 0.824950 0.815215 0.725303 0.726730 0.948078 0.670092 0.976265 0.943976 0.860289 0.950978 0.995545 0.908943 0.714915 0.989255 0.880321 0.866452 0.712791 0.641947 0.785723 0.815497 0.718989 0.783519 0.716492 0.710090 0.840385 0.901160 0.990696 0.839596 0.833954 0.757128 0.590620 0.756292 0.652676 0.887912
0.863703 0.716495 0.536982 0.706906 0.954058 0.805955 0.597890 0.755905 0.822676 0.819458 0.943709 0.853239 0.887253 0.987115 0.989848 0.907870 0.888983 0.693859 0.934300 0.830918 0.902095 0.929138 0.953197 0.989867 0.847276 0.605514 0.766325 0.935069 0.821063 0.812507 0.637565 0.698698 0.722008 0.737702 0.000000 0.823515 0.928376 0.816783 0.944887 0.898556 0.937470 0.844397 0.664025 0.753214 0.716853 0.821941 0.777597 0.789864 0.770559 0.927769 0.790803 0.829051 0.730021 0.635058 0.843747 0.965953 0.825192 0.784575 0.918744 0.940027 0.682105 0.977465 0.822866 0.933660 0.553423 0.619540 0.440644 0.479799 0.875118 0.832689 0.740690 0.686063 0.731248 0.829916 0.979761 0.933890 0.774224 0.779610 0.974101 0.811066 0.825116 0.737051 0.739621 0.818401 0.876563 0.992039 0.942718 0.991287 0.885691 0.997290 0.606752 0.704043 0.643885 0.727920 0.723868 0.862452 0.721230 0.751067 0.591509 0.631502 0.669227 0.623408 0.636590 0.652451 0.588431 0.686428 0.975572 0.784527 0.972111 0.914730 0.830765 0.709927 0.838051 0.768319 0.713456 0.877078
0.871989 0.858317 0.797793 0.861304 0.871554 0.911304 0.806505 0.979925 0.987495 0.861795 0.899341 0.773681 0.970804 0.938655 0.939866 0.814732 0.841556 0.895953 0.917363 0.833926 0.959210 0.825151 0.913282 0.794267 0.871154 0.716053 0.914870 0.855710 0.940665 0.995371 0.776210 0.786656 0.759902 0.664437 0.823515 0.000000 0.951931 0.823514 0.898470 0.984030 0.921038 0.944997 0.859667 0.858319 0.844474 0.921434 0.846634 0.928505 0.876351 0.917181 0.919279 0.905735 0.775240 0.766244 0.992983 0.949274 0.935542 0.946583 0.920108 0.959042 0.924354 0.870218 0.988628 0.931606 0.818143 0.908110 0.762326 0.714853 0.966287 0.894862 0.967385 0.915006 0.898678 0.859900 0.970289 0.868946 0.996285 0.624660 0.957904 0.925037 0.946653 0.979758 0.959731 0.997609 0.910907 0.851470 0.914836 0.965218 0.836181 0.879903 0.875995 0.984117 0.887929 0.917006 0.901193 0.899570 0.892050 0.946404 0.885593 0.902061 0.954814 0.764337 0.832728 0.822105 0.837624 0.898927 0.807495 0.992039 0.803668 0.935953 0.931748 0.918359 0.640523 0.860595 0.798637 0.955925
0.691430 0.765237 0.936904 0.961539 0.940348 0.937964 0.962703 0.868482 0.910538 0.849847 0.773313 0.702824 0.791476 0.799931 0.778188 0.931721 0.768360 0.748560 0.733144 0.762129 0.906075 0.921526 0.852877 0.993619 0.943518 0.895981 0.944359 0.965105 0.696579 0.820024 0.995942 0.950733 0.761914 0.866831 0.928376 0.951931 0.000000 0.822702 0.915775 0.819721 0.881982 0.979863 0.986651 0.895253 0.981605 0.861923 0.831073 0.819767 0.870824 0.814890 0.801572 0.829700 0.901537 0.952746 0.793238 0.916715 0.732311 0.811464 0.756993 0.819362 0.920358 0.756279 0.699510 0.679950 0.837077 0.979358 0.975601 0.935840 0.654544 0.677224 0.947089 0.915237 0.986388 0.984829 0.902085 0.939141 0.894657 0.991023 0.905483 0.960639 0.776574 0.711547 0.919288 0.951872 0.636538 0.834404 0.867873 0.856395 0.723878 0.661405 0.994287 0.997408 0.962188 0.979290 0.799079 0.945492 0.849862 0.963391 0.852808 0.810345 0.995310 0.922449 0.752878 0.823668 0.944975 0.751033 0.800330 0.950659 0.785360 0.803658 0.714157 0.693031 0.899993 0.914152 0.871007 0.930452
0.915804 0.821209 0.781923 0.857414 0.887185 0.859739 0.756276 0.896554 0.731820 0.954617 0.855867 0.920506 0.791431 0.929076 0.794008 0.985220 0.868549 0.881064 0.950424 0.984514 0.980695 0.816622 0.920481 0.971734 0.923472 0.877805 0.998743 0.987906 0.916378 0.946772 0.810583 0.932417 0.773951 0.825631 0.816783 0.823514 0.822702 0.000000 0.988170 0.945317 0.968569 0.738080 0.895904 0.948311 0.945170 0.996996 0.985940 0.866565 0.851968 0.978819 0.834140 0.895339 0.808067 0.788108 0.875543 0.915421 0.897341 0.777869 0.920111 0.911467 0.778305 0.823291 0.798973 0.993819 0.693879 0.753186 0.760991 0.840013 0.821977 0.913190 0.735081 0.785940 0.733065 0.707443 0.930076 0.921361 0.981943 0.786433 0.895544 0.886124 0.965498 0.909777 0.799917 0.814725 0.890418 0.991249 0.846596 0.881520 0.784708 0.852110 0.697355 0.749850 0.807099 0.707695 0.852887 0.903882 0.819715 0.864634 0.805068 0.763997 0.748586 0.815804 0.735595 0.778514 0.924960 0.851830 0.998830 0.885330 0.936948 0.872557 0.821536 0.813650 0.880431 0.780710 0.644971 0.984387
