0.000000 0.276991 0.876262 0.772614 0.926376 0.938576 0.786245 0.802180 0.809930 0.739074 0.426204 0.422178 0.486456 0.410219 0.743431 0.682503 0.373795 0.277740 0.405205 0.332888 0.759125 0.799684 0.944372 0.726348 0.856709 0.972000 0.833370 0.937103 0.691015 0.611769 0.694355 0.937795 0.702861 0.689125 0.909021 0.800713 0.860384 0.655366 0.860231 0.745882 0.874744 0.911730 0.829553 0.739777 0.900690 0.800314 0.622615 0.712561 0.738627 0.649089 0.783013 0.672263 0.931047 0.743718 0.494876 0.629623 0.281102 0.291779 0.473014 0.493914 0.763118 0.998699 0.513494 0.539350 0.850154 0.837967 0.795959 0.855633 0.353483 0.483004 0.946066 0.743670 0.775058 0.943177 0.821609 0.732683 0.855607 0.838504 0.729305 0.557862 0.290654 0.261454 0.535741 0.351243 0.502248 0.560440 0.637999 0.661705 0.692133 0.545496 0.910551 0.985435 0.852412 0.901426 0.759713 0.989428 0.756101 0.922457 0.818875 0.900738 0.847003 0.935531 0.861403 0.856764 0.959534 0.960992 0.925994 0.840567 0.950418 0.880209 0.974196 0.954437 0.941487 0.890941 0.955590 0.952781
0.276991 0.000000 0.797155 0.668039 0.956230 0.909068 0.751244 0.774419 0.840638 0.759301 0.560558 0.446466 0.447101 0.379681 0.641703 0.553673 0.375029 0.298881 0.436516 0.323104 0.754460 0.763097 0.777912 0.631001 0.782335 0.967743 0.771869 0.939634 0.666389 0.589893 0.741048 0.907625 0.700422 0.696082 0.914832 0.890829 0.894328 0.627772 0.837054 0.712063 0.899548 0.938803 0.754933 0.691029 0.854141 0.750712 0.573544 0.643663 0.684902 0.561882 0.665191 0.550090 0.781738 0.823063 0.510032 0.661267 0.253472 0.213856 0.444486 0.391009 0.696671 0.910750 0.499468 0.480464 0.770594 0.777757 0.751387 0.819144 0.437957 0.466894 0.962906 0.766828 0.789195 0.984307 0.849054 0.854497 0.829800 0.926452 0.639220 0.617699 0.305304 0.296492 0.491455 0.386444 0.415197 0.479652 0.648507 0.554699 0.681794 0.509877 0.937592 0.994659 0.831028 0.930909 0.663095 0.966595 0.765172 0.932784 0.835336 0.889409 0.839611 0.968655 0.868943 0.892614 0.879400 0.859979 0.987266 0.894201 0.892999 0.831031 0.874015 0.909833 0.901765 0.829867 0.767715 0.964613
0.876262 0.797155 0.000000 0.279320 0.658173 0.776537 0.340495 0.415548 0.531266 0.921925 0.980603 0.890300 0.605488 0.800479 0.663432 0.733326 0.943565 0.925626 0.787018 0.843178 0.733547 0.978160 0.474441 0.553947 0.481379 0.417730 0.925478 0.928650 0.893597 0.835828 0.658717 0.804051 0.547854 0.666973 0.647515 0.778545 0.571920 0.755874 0.828727 0.969444 0.871225 0.874144 0.751255 0.761133 0.706015 0.802296 0.740202 0.846070 0.918982 0.970589 0.968691 0.934828 0.865096 0.965103 0.701796 0.950299 0.885134 0.921235 0.758001 0.900648 0.334350 0.429533 0.894989 0.986503 0.313543 0.265362 0.457450 0.482516 0.815381 0.988846 0.606548 0.598152 0.702317 0.717299 0.967959 0.790538 0.832921 0.688747 0.986451 0.998542 0.972632 0.938275 0.971694 0.968886 0.538978 0.463835 0.841756 0.906943 0.763334 0.729160 0.623029 0.909059 0.564621 0.806002 0.761902 0.949512 0.761148 0.905721 0.780631 0.760333 0.739473 0.946594 0.860952 0.979774 0.592392 0.774806 0.891458 0.872157 0.663608 0.860451 0.768945 0.789220 0.891626 0.969517 0.824644 0.841520
0.772614 0.668039 0.279320 0.000000 0.637530 0.822283 0.401976 0.420203 0.632604 0.968604 0.945987 0.769804 0.529707 0.659239 0.580869 0.607802 0.953431 0.908821 0.638522 0.670490 0.737648 0.940815 0.389457 0.437049 0.527990 0.531426 0.771002 0.990894 0.946882 0.969808 0.788756 0.755818 0.597897 0.710661 0.650269 0.762421 0.672852 0.754459 0.837818 0.905426 0.962032 0.884038 0.749509 0.750886 0.726727 0.773178 0.732979 0.772429 0.986368 0.929453 0.904189 0.843251 0.799460 0.925854 0.665443 0.915198 0.785118 0.774912 0.693765 0.806179 0.404540 0.514198 0.992105 0.890749 0.320840 0.340009 0.436168 0.536755 0.763415 0.975443 0.608563 0.687553 0.764735 0.801309 0.987785 0.778578 0.768573 0.744075 0.889507 0.915203 0.864991 0.821233 0.891629 0.851526 0.453061 0.428179 0.738037 0.789044 0.725208 0.678740 0.619494 0.876377 0.560406 0.753677 0.672747 0.905975 0.722456 0.870373 0.761340 0.711077 0.806447 0.917212 0.927477 0.968249 0.589598 0.672257 0.913652 0.835897 0.632287 0.779758 0.793950 0.747505 0.874964 0.998883 0.772174 0.799088
0.926376 0.956230 0.658173 0.637530 0.000000 0.953642 0.768840 0.817897 0.800657 0.952101 0.887779 0.967538 0.771217 0.993688 0.780412 0.899111 0.858607 0.886811 0.981615 0.981042 0.899303 0.959021 0.581414 0.651594 0.633237 0.651073 0.694583 0.942756 0.895243 0.827498 0.826985 0.946466 0.908257 0.995867 0.936412 0.855222 0.837102 0.934975 0.973379 0.992585 0.923723 0.912962 0.999605 0.957822 0.964283 0.923263 0.902274 0.942956 0.819910 0.887354 0.913189 0.956222 0.909883 0.998793 0.970580 0.997013 0.953075 0.991781 0.938812 0.994210 0.769564 0.830378 0.920645 0.946350 0.606399 0.699092 0.808728 0.837933 0.916088 0.939472 0.837219 0.952377 0.807187 0.974181 0.990700 0.939739 0.895224 0.972106 0.856795 0.977793 0.916517 0.915424 0.933592 0.921457 0.757807 0.717183 0.923883 0.831051 0.880096 0.902284 0.919801 0.977762 0.814772 0.947052 0.903535 0.990104 0.966067 0.848875 0.993343 0.990840 0.983514 0.945609 0.860160 0.831062 0.901714 0.835106 0.967491 0.932417 0.987784 0.926530 0.858470 0.975337 0.882506 0.809991 0.990402 0.912588
0.938576 0.909068 0.776537 0.822283 0.953642 0.000000 0.584867 0.549715 0.784323 0.688467 0.735067 0.845099 0.983858 0.947926 0.979651 0.956521 0.985493 0.984407 0.789552 0.896779 0.947063 0.967020 0.988315 0.977408 0.956306 0.812304 0.797935 0.957240 0.843859 0.795387 0.828727 0.807218 0.629384 0.530915 0.845922 0.769870 0.881208 0.932654 0.901484 0.962576 0.915541 0.809835 0.625111 0.670224 0.602679 0.685906 0.721800 0.738220 0.761015 0.905889 0.850538 0.937798 0.842986 0.971967 0.820021 0.803595 0.918685 0.993061 0.711041 0.767339 0.659496 0.655145 0.923552 0.914419 0.923778 0.678771 0.560913 0.581123 0.992104 0.963981 0.716935 0.791453 0.765062 0.796819 0.947640 0.901055 0.855365 0.769410 0.933595 0.896676 0.901307 0.918190 0.903228 0.951926 0.977748 0.915418 0.920099 0.998586 0.917049 0.867192 0.694983 0.836959 0.708892 0.946682 0.873549 0.922541 0.601320 0.770235 0.565287 0.585296 0.687525 0.895532 0.912627 0.784916 0.757361 0.729739 0.980091 0.846335 0.972421 0.793177 0.774695 0.624587 0.713901 0.838702 0.875362 0.867083
0.786245 0.751244 0.340495 0.401976 0.768840 0.584867 0.000000 0.245723 0.508912 0.655835 0.757932 0.779505 0.662394 0.744531 0.678039 0.768251 0.834381 0.917825 0.563547 0.705932 0.917400 0.951505 0.640330 0.771285 0.788707 0.550017 0.896525 0.968907 0.829412 0.933940 0.625508 0.574943 0.337344 0.408123 0.625613 0.778885 0.581083 0.789269 0.852222 0.993122 0.925377 0.793625 0.411035 0.443044 0.423795 0.487491 0.484231 0.542929 0.761150 0.769095 0.717389 0.704354 0.608342 0.770335 0.594813 0.698044 0.773885 0.855374 0.528959 0.731191 0.311015 0.396108 0.831241 0.790147 0.546620 0.356993 0.291285 0.293278 0.861462 0.999030 0.465590 0.568717 0.664449 0.688527 0.953482 0.743514 0.620435 0.623557 0.783064 0.830422 0.815388 0.819383 0.903712 0.876143 0.645134 0.620619 0.924792 0.903614 0.835806 0.847052 0.439133 0.733118 0.490052 0.774393 0.679360 0.832496 0.498287 0.745447 0.462558 0.422255 0.549130 0.739079 0.807085 0.746585 0.430469 0.611298 0.843949 0.701088 0.639256 0.724424 0.646443 0.563187 0.611311 0.813094 0.740314 0.835231
0.802180 0.774419 0.415548 0.420203 0.817897 0.549715 0.245723 0.000000 0.531789 0.589295 0.753758 0.711047 0.727091 0.719900 0.797201 0.762993 0.890473 0.969883 0.576574 0.682781 0.914685 0.946096 0.746975 0.839031 0.854348 0.588131 0.895991 0.945559 0.837241 0.899259 0.641753 0.530098 0.394614 0.380736 0.690807 0.808614 0.561363 0.787233 0.903149 0.936953 0.930096 0.797224 0.398119 0.431832 0.438296 0.477149 0.445598 0.479207 0.719336 0.728650 0.663039 0.669218 0.634382 0.742108 0.596026 0.746809 0.817981 0.892186 0.523138 0.709352 0.344266 0.331061 0.902380 0.779185 0.679896 0.368086 0.359636 0.305404 0.892535 0.989232 0.545033 0.569736 0.654135 0.715835 0.921293 0.791724 0.650682 0.637328 0.849991 0.790159 0.816750 0.844774 0.973080 0.900481 0.773170 0.710814 0.977663 0.948635 0.929108 0.930644 0.442703 0.743993 0.542496 0.839997 0.748224 0.785513 0.570002 0.805850 0.430834 0.399570 0.470046 0.725326 0.717747 0.698321 0.477114 0.683475 0.909436 0.668898 0.658822 0.757857 0.686865 0.575060 0.644154 0.768146 0.677460 0.863958
0.809930 0.840638 0.531266 0.632604 0.800657 0.784323 0.508912 0.531789 0.000000 0.573520 0.944344 0.822757 0.966560 0.871138 0.936867 0.934170 0.849642 0.679204 0.979265 0.862691 0.994381 0.867017 0.788938 0.977482 0.799975 0.504308 0.840016 0.943456 0.989207 0.833930 0.478848 0.636056 0.512776 0.688321 0.681467 0.966332 0.774555 0.967910 0.973168 0.978284 0.964326 0.748867 0.606421 0.671701 0.541823 0.649818 0.727624 0.780102 0.904154 0.920516 0.790034 0.889032 0.754510 0.699461 0.876565 0.907781 0.844902 0.719295 0.827207 0.919495 0.536426 0.528047 0.913227 0.928819 0.725268 0.601831 0.531932 0.478624 0.918817 0.778236 0.629533 0.553478 0.542310 0.601900 0.915682 0.881140 0.791068 0.648365 0.993593 0.862438 0.760188 0.709454 0.889302 0.746597 0.968670 0.904553 0.891184 0.982420 0.969673 0.966959 0.554935 0.874226 0.676020 0.867607 0.847940 0.894703 0.838614 0.829591 0.598954 0.622541 0.576121 0.934906 0.870174 0.763776 0.619501 0.730155 0.844097 0.711691 0.713977 0.913596 0.661539 0.617546 0.685596 0.812490 0.777910 0.933482
0.739074 0.759301 0.921925 0.968604 0.952101 0.688467 0.655835 0.589295 0.573520 0.000000 0.918433 0.954861 0.652034 0.751586 0.801712 0.792299 0.918382 0.716704 0.954424 0.891013 0.874580 0.868632 0.863717 0.645280 0.798814 0.823206 0.625097 0.864520 0.805978 0.859406 0.529963 0.550997 0.638403 0.557635 0.806234 0.988446 0.844337 0.908887 0.996948 0.956781 0.926131 0.764681 0.440495 0.543754 0.389252 0.439261 0.667060 0.581999 0.535182 0.703304 0.584522 0.793089 0.649209 0.563548 0.962920 0.856542 0.763675 0.676127 0.782189 0.923184 0.725299 0.530916 0.973982 0.856765 0.810477 0.885885 0.660257 0.500259 0.737344 0.786139 0.755330 0.626798 0.501239 0.656975 0.964149 0.801035 0.689077 0.612804 0.953245 0.951367 0.860849 0.699079 0.782351 0.743399 0.668583 0.733816 0.681243 0.803102 0.925513 0.676264 0.676637 0.919552 0.884303 0.911483 0.957230 0.797050 0.758277 0.722511 0.484558 0.526148 0.458811 0.780822 0.584325 0.551932 0.632463 0.744581 0.917158 0.583851 0.805772 0.797779 0.670846 0.640335 0.604700 0.804275 0.756310 0.813609
0.426204 0.560558 0.980603 0.945987 0.887779 0.735067 0.757932 0.753758 0.944344 0.918433 0.000000 0.548844 0.825073 0.638911 0.964608 0.977659 0.535635 0.472760 0.509209 0.494204 0.852071 0.993622 0.786962 0.945577 0.794690 0.886067 0.892193 0.873827 0.623839 0.462030 0.808411 0.779653 0.656463 0.543816 0.862863 0.784160 0.937520 0.859694 0.835510 0.825662 0.863269 0.877836 0.691347 0.644372 0.731443 0.684671 0.613805 0.735534 0.633995 0.687266 0.794378 0.763097 0.956668 0.877631 0.652889 0.690643 0.508910 0.628583 0.519238 0.611353 0.838498 0.986147 0.527318 0.656927 0.885442 0.934011 0.674949 0.709908 0.665820 0.731880 0.997554 0.885394 0.969300 0.935226 0.870910 0.836995 0.812234 0.940757 0.745656 0.613982 0.452693 0.495428 0.778780 0.615712 0.882990 0.906614 0.831697 0.876056 0.858765 0.898793 0.746342 0.796123 0.736025 0.827782 0.763277 0.983354 0.618053 0.749199 0.631039 0.700922 0.881728 0.763931 0.702468 0.669076 0.936924 0.875564 0.849506 0.979062 0.902360 0.788835 0.903965 0.814327 0.806174 0.853028 0.998110 0.912750
0.422178 0.446466 0.890300 0.769804 0.967538 0.845099 0.779505 0.711047 0.822757 0.954861 0.548844 0.000000 0.596191 0.475479 0.745422 0.617753 0.606362 0.451664 0.528421 0.363056 0.773236 0.786913 0.893860 0.718038 0.871080 0.987547 0.822417 0.890263 0.633052 0.500900 0.812485 0.872490 0.739543 0.625516 0.906830 0.792903 0.747959 0.576880 0.905441 0.657997 0.997096 0.981448 0.807138 0.793759 0.845287 0.795378 0.684991 0.693952 0.690664 0.700672 0.803349 0.739883 0.901830 0.802882 0.590964 0.734112 0.474314 0.450579 0.635381 0.586231 0.681535 0.749226 0.637145 0.477192 0.891619 0.777518 0.832150 0.792362 0.565122 0.571467 0.922075 0.813433 0.905466 0.935093 0.964322 0.872750 0.955284 0.938128 0.808568 0.540605 0.404955 0.438079 0.715007 0.507329 0.648180 0.634968 0.663760 0.744665 0.861156 0.749876 0.981718 0.936337 0.946023 0.873157 0.846148 0.882940 0.708787 0.861035 0.836402 0.861183 0.964683 0.943747 0.845898 0.879930 0.887284 0.884946 0.773985 0.863365 0.909885 0.842619 0.939578 0.914759 0.929602 0.827591 0.890947 0.904889
0.486456 0.447101 0.605488 0.529707 0.771217 0.983858 0.662394 0.727091 0.966560 0.652034 0.825073 0.596191 0.000000 0.343456 0.394742 0.392906 0.591500 0.559594 0.475016 0.514296 0.808893 0.738210 0.463077 0.398490 0.680546 0.904326 0.691763 0.967652 0.835882 0.850188 0.871641 0.976898 0.754976 0.852354 0.940671 0.879446 0.820390 0.823708 0.994173 0.925149 0.905446 0.935219 0.902205 0.819963 0.989648 0.944140 0.743519 0.825950 0.983806 0.834335 0.910598 0.673940 0.813254 0.982877 0.755290 0.804810 0.489360 0.438950 0.715839 0.634116 0.617846 0.814549 0.736076 0.673954 0.525602 0.623613 0.829463 0.916747 0.648020 0.683731 0.794577 0.932817 0.911060 0.949717 0.900131 0.917759 0.852112 0.972268 0.803156 0.598835 0.555631 0.499601 0.652838 0.576361 0.369673 0.463613 0.550591 0.614970 0.799153 0.610537 0.848176 0.827032 0.781747 0.811100 0.832224 0.972037 0.826792 0.953093 0.923184 0.863137 0.921274 0.888719 0.956194 0.940429 0.871593 0.901533 0.933087 0.907086 0.853302 0.945857 0.916468 0.910301 0.937515 0.916133 0.887985 0.964000
0.410219 0.379681 0.800479 0.659239 0.993688 0.947926 0.744531 0.719900 0.871138 0.751586 0.638911 0.475479 0.343456 0.000000 0.483907 0.360868 0.498013 0.408237 0.375335 0.442290 0.890725 0.705263 0.690551 0.533411 0.903984 0.954922 0.755258 0.927369 0.662928 0.612355 0.755598 0.845494 0.767865 0.739711 0.972597 0.810131 0.996426 0.808989 0.990300 0.837239 0.928947 0.941589 0.795354 0.704577 0.935498 0.819290 0.621464 0.738766 0.875312 0.740922 0.818774 0.634974 0.838907 0.863603 0.750238 0.704227 0.353945 0.388328 0.579992 0.532801 0.675795 0.855831 0.661044 0.597569 0.752645 0.713382 0.822353 0.888760 0.716496 0.705811 0.957475 0.803953 0.890766 0.977927 0.843539 0.993945 0.908325 0.982039 0.676085 0.466438 0.418550 0.393002 0.539265 0.479020 0.497549 0.527557 0.656378 0.654868 0.788204 0.671326 0.859887 0.866443 0.846078 0.889140 0.827160 0.993682 0.797830 0.876225 0.826152 0.758797 0.943657 0.903741 0.869422 0.896460 0.879910 0.891112 0.983511 0.839330 0.851341 0.883952 0.857878 0.828411 0.915718 0.810541 0.810653 0.965675
0.743431 0.641703 0.663432 0.580869 0.780412 0.979651 0.678039 0.797201 0.936867 0.801712 0.964608 0.745422 0.394742 0.483907 0.000000 0.323942 0.699108 0.697927 0.621020 0.741944 0.862806 0.793021 0.407629 0.424325 0.700951 0.932429 0.746581 0.971097 0.721854 0.858391 0.955206 0.787208 0.781624 0.860675 0.941285 0.871441 0.942367 0.838525 0.994942 0.886576 0.976327 0.982148 0.854515 0.815678 0.914851 0.870923 0.786291 0.835093 0.998839 0.889125 0.889154 0.733145 0.689474 0.955802 0.869172 0.857520 0.604396 0.595734 0.740532 0.718708 0.607688 0.778702 0.750087 0.685465 0.523682 0.676122 0.837237 0.884922 0.885666 0.887842 0.810014 0.923015 0.994811 0.849571 0.875748 0.865388 0.869387 0.804058 0.684366 0.643898 0.690800 0.688283 0.611780 0.674447 0.429715 0.517909 0.708177 0.589825 0.796561 0.669340 0.969327 0.957802 0.945760 0.928461 0.791643 0.943214 0.812344 0.989159 0.942083 0.820037 0.934556 0.957068 0.973147 0.922041 0.758537 0.800751 0.886071 0.946502 0.799701 0.954881 0.880333 0.873260 0.846668 0.910741 0.848575 0.976003
0.682503 0.553673 0.733326 0.607802 0.899111 0.956521 0.768251 0.762993 0.934170 0.792299 0.977659 0.617753 0.392906 0.360868 0.323942 0.000000 0.673042 0.645970 0.621844 0.660977 0.849886 0.733420 0.443297 0.414977 0.742654 0.964513 0.763507 0.944312 0.717398 0.761187 0.988668 0.802431 0.822479 0.833314 0.968895 0.846620 0.935202 0.813516 0.994361 0.918896 0.934427 0.880717 0.844065 0.768549 0.974586 0.862464 0.713063 0.802115 0.971770 0.850565 0.834802 0.706877 0.712858 0.962014 0.861656 0.830607 0.543403 0.515466 0.716506 0.633068 0.607410 0.723722 0.811695 0.611663 0.615928 0.679008 0.922297 0.954669 0.865602 0.801391 0.974005 0.854385 0.958891 0.854290 0.961519 0.834300 0.938619 0.826779 0.705764 0.634746 0.614253 0.624413 0.591573 0.573838 0.436473 0.487350 0.749428 0.646261 0.770397 0.675132 0.988639 0.974592 0.996544 0.928768 0.866041 0.964970 0.895164 0.995298 0.960304 0.852569 0.951082 0.983850 0.994642 0.894691 0.818121 0.831326 0.897879 0.920040 0.796292 0.981797 0.898177 0.863651 0.852444 0.829257 0.730189 0.975958
0.373795 0.375029 0.943565 0.953431 0.858607 0.985493 0.834381 0.890473 0.849642 0.918382 0.535635 0.606362 0.591500 0.498013 0.699108 0.673042 0.000000 0.302578 0.463328 0.439967 0.947887 0.785533 0.987235 0.875089 0.927095 0.819617 0.953916 0.938434 0.507630 0.497459 0.812759 0.812829 0.691313 0.663730 0.985728 0.988328 0.953564 0.755982 0.957883 0.793783 0.830813 0.889270 0.685628 0.557456 0.786778 0.630549 0.553954 0.570993 0.536036 0.488710 0.574693 0.486966 0.681131 0.987989 0.577177 0.510145 0.307672 0.312939 0.446854 0.371387 0.883125 0.927358 0.320449 0.388817 0.918069 0.904400 0.869878 0.898117 0.558276 0.548513 0.968201 0.750506 0.830857 0.981168 0.847992 0.922504 0.735774 0.962757 0.535858 0.607826 0.256653 0.317185 0.448875 0.390104 0.649945 0.795241 0.767185 0.556391 0.751789 0.692344 0.952838 0.896102 0.979437 0.968886 0.705929 0.960799 0.729466 0.848432 0.714841 0.813397 0.892941 0.845540 0.620842 0.706139 0.896752 0.901171 0.982100 0.948666 0.955613 0.828445 0.848354 0.840622 0.771246 0.843121 0.801234 0.934555
0.277740 0.298881 0.925626 0.908821 0.886811 0.984407 0.917825 0.969883 0.679204 0.716704 0.472760 0.451664 0.559594 0.408237 0.697927 0.645970 0.302578 0.000000 0.440541 0.355968 0.879980 0.774622 0.982878 0.752862 0.983209 0.819059 0.857609 0.993115 0.597869 0.485289 0.601488 0.971797 0.804867 0.759924 0.935916 0.853926 0.952461 0.741696 0.887510 0.742798 0.915549 0.931711 0.855248 0.771762 0.943752 0.821579 0.680928 0.729144 0.679180 0.622037 0.770337 0.660270 0.898058 0.760437 0.568601 0.582298 0.256417 0.258032 0.500425 0.457166 0.938828 0.823738 0.405437 0.460280 0.989459 0.938222 0.871768 0.977792 0.501288 0.492663 0.884867 0.649355 0.732761 0.909636 0.803167 0.791491 0.910702 0.855386 0.577021 0.540521 0.245442 0.243903 0.452283 0.337647 0.563223 0.671138 0.648995 0.562942 0.700876 0.579918 0.996892 0.928392 0.925768 0.922248 0.722825 0.941321 0.725216 0.800516 0.875095 0.910668 0.786062 0.950581 0.794036 0.862242 0.971265 0.894227 0.956636 0.817140 0.982597 0.847152 0.953200 0.967594 0.926711 0.867118 0.904601 0.977545
0.405205 0.436516 0.787018 0.638522 0.981615 0.789552 0.563547 0.576574 0.979265 0.954424 0.509209 0.528421 0.475016 0.375335 0.621020 0.621844 0.463328 0.440541 0.000000 0.414520 0.901390 0.740660 0.841287 0.727654 0.975715 0.970724 0.888277 0.838246 0.626266 0.631365 0.853456 0.696918 0.598290 0.594089 0.882536 0.918776 0.877995 0.833733 0.893112 0.822043 0.828417 0.941729 0.620798 0.576926 0.717158 0.661145 0.503491 0.548922 0.694207 0.668729 0.762845 0.616549 0.780973 0.980363 0.614756 0.601656 0.402791 0.473789 0.482307 0.514930 0.643011 0.829781 0.551239 0.619097 0.842308 0.714772 0.598571 0.663131 0.677857 0.840952 0.751058 0.977811 0.967095 0.985463 0.862881 0.981170 0.759653 0.903042 0.694533 0.505666 0.418892 0.398218 0.674194 0.542038 0.601452 0.676917 0.696573 0.639081 0.823096 0.812772 0.660240 0.718519 0.638236 0.747283 0.737116 0.830896 0.508774 0.798571 0.559389 0.547628 0.881868 0.716106 0.678443 0.769241 0.710781 0.725835 0.922704 0.913653 0.793572 0.684034 0.800915 0.706601 0.732357 0.795825 0.810451 0.851321
0.332888 0.323104 0.843178 0.670490 0.981042 0.896779 0.705932 0.682781 0.862691 0.891013 0.494204 0.363056 0.514296 0.442290 0.741944 0.660977 0.439967 0.355968 0.414520 0.000000 0.795377 0.805347 0.887345 0.717281 0.899821 0.994046 0.794926 0.894760 0.643648 0.568091 0.768643 0.890617 0.679984 0.637277 0.958104 0.870458 0.822595 0.606175 0.840739 0.701292 0.919984 0.860783 0.744553 0.696334 0.847664 0.769863 0.580212 0.663626 0.663308 0.580633 0.721427 0.600514 0.799595 0.907058 0.506578 0.612188 0.363729 0.331227 0.491448 0.487913 0.731820 0.883752 0.562495 0.492277 0.868432 0.811864 0.712947 0.785914 0.460347 0.531379 0.915206 0.880871 0.824723 0.948260 0.895986 0.903394 0.746056 0.933032 0.715865 0.623971 0.317697 0.328658 0.617644 0.416386 0.538525 0.612867 0.644916 0.693944 0.743176 0.627444 0.819545 0.875636 0.779935 0.882640 0.762134 0.806227 0.624740 0.864368 0.770017 0.747271 0.929791 0.801224 0.741139 0.852230 0.813059 0.821357 0.878165 0.976062 0.868110 0.757113 0.932022 0.865335 0.932761 0.834395 0.871180 0.943138
0.759125 0.754460 0.733547 0.737648 0.899303 0.947063 0.917400 0.914685 0.994381 0.874580 0.852071 0.773236 0.808893 0.890725 0.862806 0.849886 0.947887 0.879980 0.901390 0.795377 0.000000 0.931055 0.869739 0.724374 0.692883 0.841970 0.897708 0.761435 0.997783 0.967375 0.939281 0.960277 0.857773 0.847381 0.738039 0.821165 0.858337 0.874567 0.748146 0.882435 0.940263 0.939133 0.937036 0.991264 0.984085 0.990235 0.977300 0.880110 0.972340 0.928714 0.916251 0.884176 0.810592 0.678156 0.786165 0.854437 0.812601 0.787075 0.825302 0.892122 0.672988 0.782274 0.957247 0.908155 0.661802 0.685398 0.876103 0.924341 0.729327 0.815125 0.981044 0.875192 0.977637 0.925516 0.798076 0.970271 0.988033 0.933501 0.844685 0.930505 0.846296 0.795671 0.766457 0.826138 0.664901 0.587716 0.776156 0.880591 0.705433 0.723526 0.831744 0.657859 0.934018 0.817747 0.985564 0.891126 0.975139 0.890448 0.883315 0.838838 0.841379 0.918890 0.831247 0.804312 0.871186 0.987661 0.874379 0.998314 0.967246 0.897329 0.850540 0.895962 0.933218 0.894138 0.978193 0.907032
0.799684 0.763097 0.978160 0.940815 0.959021 0.967020 0.951505 0.946096 0.867017 0.868632 0.993622 0.786913 0.738210 0.705263 0.793021 0.733420 0.785533 0.774622 0.740660 0.805347 0.931055 0.000000 0.893041 0.838403 0.948087 0.906771 0.883970 0.923692 0.877796 0.928688 0.897558 0.972814 0.967195 0.963754 0.937671 0.955520 0.966922 0.935428 0.929396 0.834839 0.974713 0.891069 0.918218 0.901402 0.958985 0.956672 0.876716 0.875375 0.911881 0.800686 0.842249 0.738973 0.740512 0.920754 0.836354 0.850491 0.740033 0.696097 0.884403 0.718643 0.890221 0.954354 0.764029 0.721933 0.976225 0.993008 0.898485 0.936307 0.946839 0.900377 0.953638 0.871687 0.954011 0.994741 0.871201 0.914603 0.917931 0.962442 0.970900 0.721152 0.746294 0.681173 0.791363 0.735790 0.854838 0.883235 0.753467 0.741481 0.947374 0.948985 0.969524 0.848730 0.963700 0.939558 0.865579 0.959088 0.715887 0.974270 0.902497 0.897775 0.954318 0.775690 0.947850 0.892782 0.924198 0.962885 0.899634 0.955164 0.908979 0.895550 0.868453 0.914338 0.925703 0.868712 0.726871 0.862763
0.944372 0.777912 0.474441 0.389457 0.581414 0.988315 0.640330 0.746975 0.788938 0.863717 0.786962 0.893860 0.463077 0.690551 0.407629 0.443297 0.987235 0.982878 0.841287 0.887345 0.869739 0.893041 0.000000 0.331838 0.498092 0.683713 0.649172 0.959652 0.989362 0.909240 0.841209 0.911226 0.849536 0.983523 0.834974 0.880041 0.808947 0.842874 0.992142 0.937505 0.954042 0.921058 0.951800 0.962710 0.969898 0.981790 0.959334 0.975972 0.850135 0.960415 0.995441 0.894969 0.765319 0.904317 0.950581 0.966377 0.890915 0.805926 0.966107 0.923730 0.573877 0.675842 0.951916 0.877614 0.321601 0.553797 0.741120 0.853619 0.919850 0.986617 0.722968 0.844650 0.838336 0.829547 0.933706 0.714744 0.918339 0.817446 0.891470 0.988153 0.963284 0.961336 0.798675 0.892589 0.406939 0.447995 0.726971 0.742077 0.763535 0.673307 0.882161 0.985599 0.809943 0.843907 0.782930 0.950888 0.934128 0.983561 0.995561 0.907149 0.945709 0.918939 0.801152 0.718918 0.747637 0.741505 0.845092 0.984742 0.766048 0.899909 0.897484 0.858243 0.924728 0.958661 0.841891 0.920665
0.726348 0.631001 0.553947 0.437049 0.651594 0.977408 0.771285 0.839031 0.977482 0.645280 0.945577 0.718038 0.398490 0.533411 0.424325 0.414977 0.875089 0.752862 0.727654 0.717281 0.724374 0.838403 0.331838 0.000000 0.458631 0.743929 0.524253 0.904139 0.934306 0.998877 0.977660 0.981330 0.886609 0.991646 0.850186 0.803026 0.910969 0.806391 0.858333 0.938733 0.981934 0.966093 0.881454 0.931374 0.865310 0.875357 0.993475 0.956447 0.785624 0.914213 0.835009 0.998222 0.993497 0.804108 0.821018 0.921997 0.705664 0.641727 0.939607 0.884136 0.681858 0.835411 0.990673 0.869417 0.388910 0.608311 0.877286 0.971335 0.718818 0.888906 0.875662 0.913337 0.994229 0.938871 0.994408 0.929199 0.983526 0.937220 0.852257 0.838580 0.785067 0.701986 0.724479 0.661018 0.340838 0.359898 0.648626 0.676482 0.649491 0.540963 0.975365 0.913350 0.871853 0.943811 0.839758 0.932945 0.927570 0.978099 0.891371 0.959082 0.817938 0.930569 0.746020 0.668519 0.850558 0.886342 0.990367 0.853927 0.964587 0.961650 0.993156 0.994692 0.922599 0.914954 0.965273 0.938330
0.856709 0.782335 0.481379 0.527990 0.633237 0.956306 0.788707 0.854348 0.799975 0.798814 0.794690 0.871080 0.680546 0.903984 0.700951 0.742654 0.927095 0.983209 0.975715 0.899821 0.692883 0.948087 0.498092 0.458631 0.000000 0.427856 0.624385 0.834919 0.799666 0.727924 0.799538 0.994973 0.827859 0.992413 0.782671 0.775017 0.642214 0.659981 0.831755 0.874917 0.928755 0.967270 0.849988 0.873151 0.936405 0.867720 0.965814 0.887294 0.772503 0.835743 0.838912 0.876678 0.885924 0.748602 0.738347 0.971902 0.898643 0.843225 0.995562 0.989291 0.635817 0.733096 0.780046 0.965542 0.370383 0.547339 0.858544 0.881117 0.629529 0.754328 0.987321 0.897184 0.947802 0.888813 0.930010 0.916847 0.883251 0.994215 0.961247 0.893926 0.966682 0.927027 0.835563 0.842092 0.446954 0.396265 0.832513 0.824943 0.693236 0.514992 0.931593 0.649118 0.930081 0.884721 0.840525 0.936371 0.876060 0.884427 0.807341 0.773609 0.822895 0.770421 0.701835 0.652693 0.918148 0.956601 0.966576 0.849822 0.907787 0.910755 0.978447 0.891748 0.835283 0.772515 0.980928 0.970491
0.972000 0.967743 0.417730 0.531426 0.651073 0.812304 0.550017 0.588131 0.504308 0.823206 0.886067 0.987547 0.904326 0.954922 0.932429 0.964513 0.819617 0.819059 0.970724 0.994046 0.841970 0.906771 0.683713 0.743929 0.427856 0.000000 0.945610 0.863326 0.778628 0.726082 0.528611 0.808557 0.612308 0.735375 0.701384 0.680519 0.569300 0.790416 0.735547 0.853008 0.981123 0.777442 0.824434 0.855637 0.745517 0.837730 0.817890 0.930670 0.925065 0.934535 0.972159 0.982894 0.937716 0.958616 0.703799 0.939959 0.964077 0.936910 0.889187 0.975663 0.519221 0.553046 0.722911 0.862035 0.491470 0.452949 0.586767 0.550758 0.792352 0.908683 0.806493 0.633869 0.699012 0.702205 0.949875 0.962774 0.998555 0.865457 0.882104 0.845396 0.831533 0.876775 0.950691 0.919142 0.677957 0.568239 0.980464 0.996777 0.741825 0.735589 0.776371 0.835568 0.771936 0.930924 0.878848 0.870917 0.976077 0.964991 0.892456 0.935064 0.810219 0.917925 0.855065 0.904622 0.733901 0.802035 0.920982 0.971884 0.814178 0.896262 0.737316 0.920173 0.934913 0.935238 0.934106 0.892491
0.833370 0.771869 0.925478 0.771002 0.694583 0.797935 0.896525 0.895991 0.840016 0.625097 0.892193 0.822417 0.691763 0.755258 0.746581 0.763507 0.953916 0.857609 0.888277 0.794926 0.897708 0.883970 0.649172 0.524253 0.624385 0.945610 0.000000 0.996633 0.894279 0.878135 0.749248 0.875873 0.771108 0.732547 0.948657 0.969266 0.964206 0.773274 0.895174 0.984616 0.933385 0.811561 0.678386 0.720995 0.621235 0.674009 0.863709 0.804563 0.742779 0.892528 0.782305 0.967233 0.838470 0.815310 0.953359 0.970958 0.858653 0.741691 0.861943 0.955474 0.947323 0.878811 0.977201 0.975497 0.704857 0.931784 0.854930 0.821977 0.770484 0.811752 0.868300 0.748156 0.816841 0.799525 0.943747 0.873770 0.954059 0.714283 0.928755 0.988986 0.909161 0.816905 0.826611 0.868520 0.642975 0.669533 0.711569 0.758749 0.969089 0.717570 0.852194 0.884449 0.999074 0.921065 0.976581 0.978500 0.905147 0.925278 0.756657 0.795647 0.715513 0.903570 0.771907 0.702114 0.937485 0.985612 0.954382 0.871207 0.993150 0.968398 0.976533 0.888442 0.790546 0.750484 0.883834 0.971187
0.937103 0.939634 0.928650 0.990894 0.942756 0.957240 0.968907 0.945559 0.943456 0.864520 0.873827 0.890263 0.967652 0.927369 0.971097 0.944312 0.938434 0.993115 0.838246 0.894760 0.761435 0.923692 0.959652 0.904139 0.834919 0.863326 0.996633 0.000000 0.927674 0.860705 0.893181 0.866880 0.991241 0.924522 0.941565 0.875310 0.890949 0.940476 0.898707 0.905605 0.960662 0.821203 0.952141 0.984186 0.943551 0.996380 0.976177 0.956389 0.951545 0.984220 0.981745 0.969720 0.998651 0.852057 0.905283 0.934242 0.939243 0.903902 0.956052 0.959108 0.979183 0.949159 0.933218 0.960057 0.896168 0.975516 0.915027 0.890289 0.868907 0.795362 0.980231 0.861185 0.892078 0.926663 0.967550 0.991580 0.962977 0.949912 0.877446 0.853682 0.982871 0.997910 0.874234 0.973565 0.870734 0.860779 0.894314 0.972733 0.980388 0.841443 0.816607 0.757768 0.807152 0.736241 0.915356 0.854087 0.871624 0.834521 0.875086 0.778025 0.754880 0.780822 0.789091 0.812770 0.850341 0.743112 0.925754 0.941408 0.824307 0.757519 0.914955 0.956363 0.895632 0.957432 0.881288 0.894412
0.691015 0.666389 0.893597 0.946882 0.895243 0.843859 0.829412 0.837241 0.989207 0.805978 0.623839 0.633052 0.835882 0.662928 0.721854 0.717398 0.507630 0.597869 0.626266 0.643648 0.997783 0.877796 0.989362 0.934306 0.799666 0.778628 0.894279 0.927674 0.000000 0.312800 0.952865 0.541166 0.664433 0.613861 0.993257 0.948599 0.986733 0.938766 0.983445 0.900860 0.966240 0.915588 0.584639 0.551082 0.610931 0.524264 0.610040 0.567753 0.493298 0.527160 0.564736 0.598609 0.621252 0.855817 0.835648 0.687965 0.604850 0.654530 0.554105 0.538908 0.806436 0.906046 0.455870 0.451923 0.836547 0.936201 0.796027 0.823266 0.886757 0.974311 0.998361 0.810742 0.979445 0.862358 0.907539 0.998334 0.807002 0.763151 0.554700 0.604762 0.478883 0.669502 0.667267 0.644733 0.878987 0.984493 0.908189 0.836134 0.926896 0.996369 0.994044 0.990568 0.892639 0.872162 0.725865 0.887527 0.603237 0.953475 0.700371 0.717775 0.885128 0.859727 0.643903 0.635964 0.813641 0.821594 0.936686 0.888359 0.874001 0.852098 0.797523 0.751878 0.687171 0.765394 0.769475 0.969178
0.611769 0.589893 0.835828 0.969808 0.827498 0.795387 0.933940 0.899259 0.833930 0.859406 0.462030 0.500900 0.850188 0.612355 0.858391 0.761187 0.497459 0.485289 0.631365 0.568091 0.967375 0.928688 0.909240 0.998877 0.727924 0.726082 0.878135 0.860705 0.312800 0.000000 0.894676 0.714054 0.767691 0.600658 0.987167 0.921894 0.983005 0.864845 0.988369 0.791077 0.938407 0.966612 0.661245 0.619904 0.686525 0.604670 0.646168 0.619801 0.457894 0.547119 0.609410 0.660845 0.751820 0.971968 0.843567 0.677487 0.569839 0.599244 0.570611 0.496278 0.884005 0.946731 0.460464 0.412659 0.751939 0.865811 0.850761 0.855524 0.854839 0.819054 0.885421 0.762484 0.949995 0.866658 0.957160 0.962445 0.912671 0.857264 0.579860 0.574282 0.408439 0.589639 0.687524 0.605991 0.942152 0.971265 0.860181 0.762009 0.968491 0.990558 0.943147 0.996100 0.881777 0.868788 0.789036 0.952696 0.676371 0.861349 0.746030 0.786411 0.904464 0.913266 0.663685 0.654046 0.937776 0.822916 0.866154 0.939790 0.942135 0.846015 0.882277 0.849427 0.809093 0.802486 0.785250 0.947709
0.694355 0.741048 0.658717 0.788756 0.826985 0.828727 0.625508 0.641753 0.478848 0.529963 0.808411 0.812485 0.871641 0.755598 0.955206 0.988668 0.812759 0.601488 0.853456 0.768643 0.939281 0.897558 0.841209 0.977660 0.799538 0.528611 0.749248 0.893181 0.952865 0.894676 0.000000 0.541576 0.555035 0.693475 0.781481 0.941384 0.664785 0.973827 0.783416 0.914015 0.969483 0.837089 0.605464 0.649815 0.522548 0.581595 0.738194 0.767054 0.810417 0.878518 0.722622 0.886703 0.663521 0.696656 0.951010 0.971444 0.752720 0.687254 0.904780 0.989983 0.574077 0.490555 0.864419 0.975218 0.849237 0.721458 0.732990 0.559427 0.860282 0.773470 0.811044 0.685457 0.566602 0.631000 0.922761 0.820877 0.808071 0.504501 0.990157 0.928391 0.774864 0.652860 0.938919 0.788008 0.948553 0.989592 0.743658 0.860747 0.965898 0.889677 0.945723 0.808506 0.929562 0.732368 0.939811 0.915168 0.931202 0.995869 0.780135 0.819633 0.575179 0.976260 0.917846 0.921237 0.756540 0.836882 0.823791 0.771564 0.777748 0.990151 0.762655 0.850152 0.735523 0.878398 0.872934 0.903877
0.937795 0.907625 0.804051 0.755818 0.946466 0.807218 0.574943 0.530098 0.636056 0.550997 0.779653 0.872490 0.976898 0.845494 0.787208 0.802431 0.812829 0.971797 0.696918 0.890617 0.960277 0.972814 0.911226 0.981330 0.994973 0.808557 0.875873 0.866880 0.541166 0.714054 0.541576 0.000000 0.512193 0.501410 0.786255 0.945395 0.743763 0.928699 0.833680 0.989538 0.978982 0.949659 0.429581 0.408715 0.467760 0.423167 0.505134 0.516575 0.616847 0.663029 0.594177 0.647013 0.624409 0.723983 0.760130 0.783811 0.838726 0.969121 0.546771 0.674536 0.571491 0.607772 0.788907 0.705873 0.963217 0.754025 0.602702 0.555261 0.944190 0.850942 0.825793 0.849356 0.690989 0.681616 0.929816 0.949244 0.733212 0.620720 0.690468 0.644823 0.805365 0.927533 0.794521 0.838177 0.930047 0.924225 0.940850 0.923794 0.867461 0.913846 0.775833 0.983324 0.943607 0.971487 0.832548 0.866008 0.696392 0.961500 0.536253 0.575828 0.559617 0.736485 0.611646 0.711590 0.627534 0.751461 0.904175 0.788771 0.640207 0.811124 0.811785 0.725463 0.567421 0.852203 0.721600 0.978246
0.702861 0.700422 0.547854 0.597897 0.908257 0.629384 0.337344 0.394614 0.512776 0.638403 0.656463 0.739543 0.754976 0.767865 0.781624 0.822479 0.691313 0.804867 0.598290 0.679984 0.857773 0.967195 0.849536 0.886609 0.827859 0.612308 0.771108 0.991241 0.664433 0.767691 0.555035 0.512193 0.000000 0.336807 0.659455 0.814667 0.607434 0.733807 0.826971 0.899307 0.900949 0.672417 0.369974 0.393159 0.341058 0.394210 0.409541 0.492204 0.582090 0.606677 0.568535 0.638102 0.638723 0.831160 0.552667 0.621927 0.690068 0.787165 0.433474 0.655478 0.362094 0.497074 0.670967 0.645522 0.749740 0.551855 0.387935 0.348953 0.765334 0.884210 0.676984 0.773846 0.741453 0.668509 0.798935 0.908599 0.636527 0.672561 0.745093 0.757638 0.695219 0.780855 0.794936 0.761505 0.697740 0.691986 0.985359 0.839019 0.784101 0.836953 0.656804 0.940278 0.742173 0.995914 0.735686 0.863328 0.610647 0.804852 0.499037 0.557762 0.633127 0.771945 0.746773 0.644999 0.558641 0.674920 0.910899 0.860101 0.801658 0.806937 0.668755 0.665689 0.607510 0.712618 0.735783 0.934123
0.689125 0.696082 0.666973 0.710661 0.995867 0.530915 0.408123 0.380736 0.688321 0.557635 0.543816 0.625516 0.852354 0.739711 0.860675 0.833314 0.663730 0.759924 0.594089 0.637277 0.847381 0.963754 0.983523 0.991646 0.992413 0.735375 0.732547 0.924522 0.613861 0.600658 0.693475 0.501410 0.336807 0.000000 0.654439 0.787025 0.672077 0.737565 0.879908 0.922660 0.821487 0.731369 0.396753 0.394930 0.356914 0.394031 0.372601 0.468292 0.544476 0.627059 0.572723 0.663620 0.672032 0.893348 0.549480 0.630562 0.666547 0.775884 0.398082 0.541304 0.414100 0.472284 0.614039 0.566250 0.897705 0.591005 0.429318 0.372877 0.799672 0.879965 0.780500 0.790669 0.734186 0.654249 0.860911 0.964943 0.790677 0.679966 0.804384 0.704458 0.621817 0.719430 0.780606 0.742399 0.815527 0.782790 0.965200 0.885961 0.808721 0.968202 0.714370 0.961417 0.804509 0.917071 0.789091 0.858196 0.564323 0.835344 0.507403 0.559345 0.551681 0.823892 0.648329 0.569368 0.609887 0.665998 0.990948 0.819372 0.836770 0.758108 0.698421 0.669887 0.612849 0.792883 0.809705 0.912878
0.909021 0.914832 0.647515 0.650269 0.936412 0.845922 0.625613 0.690807 0.681467 0.806234 0.862863 0.906830 0.940671 0.972597 0.941285 0.968895 0.985728 0.935916 0.882536 0.958104 0.738039 0.937671 0.834974 0.850186 0.782671 0.701384 0.948657 0.941565 0.993257 0.987167 0.781481 0.786255 0.659455 0.654439 0.000000 0.822698 0.894075 0.824806 0.693098 0.897095 0.968326 0.820201 0.841330 0.839583 0.703897 0.802093 0.817998 0.943035 0.951708 0.933136 0.995377 0.861172 0.986153 0.845948 0.688834 0.826216 0.926104 0.999261 0.769716 0.999257 0.632078 0.675702 0.958527 0.903197 0.673981 0.650249 0.527596 0.586851 0.867989 0.902617 0.806189 0.809457 0.826910 0.887081 0.999116 0.985814 0.936609 0.878112 0.903957 0.940101 0.946340 0.917369 0.839435 0.962854 0.771410 0.695071 0.978227 0.927765 0.678644 0.734308 0.888795 0.854381 0.755075 0.976575 0.794847 0.903092 0.781942 0.652508 0.808248 0.856688 0.872816 0.908342 0.996284 0.969622 0.747877 0.802565 0.863361 0.905267 0.786452 0.915015 0.934694 0.843938 0.810797 0.956372 0.932774 0.925232
0.800713 0.890829 0.778545 0.762421 0.855222 0.769870 0.778885 0.808614 0.966332 0.988446 0.784160 0.792903 0.879446 0.810131 0.871441 0.846620 0.988328 0.853926 0.918776 0.870458 0.821165 0.955520 0.880041 0.803026 0.775017 0.680519 0.969266 0.875310 0.948599 0.921894 0.941384 0.945395 0.814667 0.787025 0.822698 0.000000 0.916864 0.908740 0.982908 0.896381 0.838722 0.935964 0.998149 0.917975 0.976050 0.976426 0.926809 0.865764 0.926670 0.906959 0.900070 0.887109 0.867272 0.763007 0.808178 0.975743 0.869391 0.906891 0.902960 0.919209 0.785119 0.856599 0.884496 0.961486 0.716358 0.721329 0.825593 0.867807 0.786742 0.788965 0.942705 0.926211 0.833973 0.965815 0.989387 0.992605 0.862331 0.886855 0.993756 0.884517 0.879638 0.868680 0.874471 0.924938 0.761061 0.704558 0.989007 0.903513 0.787074 0.871627 0.895699 0.888965 0.997823 0.930630 0.926919 0.925564 0.938435 0.894012 0.965534 0.975558 0.975631 0.928199 0.870883 0.890930 0.931881 0.975237 0.991704 0.904135 0.992955 0.879676 0.902729 0.996183 0.890776 0.858221 0.860965 0.847565
0.860384 0.894328 0.571920 0.672852 0.837102 0.881208 0.581083 0.561363 0.774555 0.844337 0.937520 0.747959 0.820390 0.996426 0.942367 0.935202 0.953564 0.952461 0.877995 0.822595 0.858337 0.966922 0.808947 0.910969 0.642214 0.569300 0.964206 0.890949 0.986733 0.983005 0.664785 0.743763 0.607434 0.672077 0.894075 0.916864 0.000000 0.644392 0.888177 0.903376 0.814042 0.890923 0.772784 0.782462 0.692910 0.764044 0.724306 0.733345 0.864300 0.904043 0.861876 0.895996 0.832394 0.893076 0.575547 0.864685 0.933842 0.926897 0.811645 0.944625 0.559153 0.596793 0.992069 0.836068 0.752714 0.626327 0.693411 0.621854 0.752699 0.849533 0.778115 0.670547 0.850209 0.780721 0.979095 0.927960 0.871154 0.855183 0.946608 0.981272 0.889110 0.895708 0.921528 0.837792 0.792439 0.761295 0.949830 0.896740 0.974496 0.883527 0.864516 0.914114 0.892081 0.937102 0.835796 0.969584 0.821752 0.857514 0.807720 0.867322 0.777905 0.956319 0.924839 0.972134 0.794626 0.903120 0.939240 0.990605 0.800388 0.854629 0.955573 0.918487 0.950268 0.993079 0.939726 0.940660
0.655366 0.627772 0.755874 0.754459 0.934975 0.932654 0.789269 0.787233 0.967910 0.908887 0.859694 0.576880 0.823708 0.808989 0.838525 0.813516 0.755982 0.741696 0.833733 0.606175 0.874567 0.935428 0.842874 0.806391 0.659981 0.790416 0.773274 0.940476 0.938766 0.864845 0.973827 0.928699 0.733807 0.737565 0.824806 0.908740 0.644392 0.000000 0.759177 0.720456 0.900125 0.741263 0.892919 0.927492 0.843573 0.862817 0.763523 0.789310 0.760357 0.755133 0.811769 0.825469 0.926331 0.882897 0.550562 0.689691 0.719795 0.636396 0.763260 0.756230 0.715565 0.775658 0.830893 0.640188 0.804519 0.804345 0.830649 0.782654 0.587001 0.616246 0.988327 0.985810 0.987611 0.977646 0.991313 0.948541 0.820323 0.933400 0.919230 0.929857 0.663720 0.697424 0.847425 0.686143 0.696322 0.679645 0.839872 0.782701 0.836248 0.686834 0.969671 0.777207 0.971146 0.925258 0.970328 0.868175 0.930344 0.895130 0.884083 0.952805 0.981005 0.929632 0.884469 0.987395 0.860519 0.966573 0.967828 0.921908 0.997188 0.836886 0.890938 0.930529 0.876247 0.999766 0.994647 0.899301
