0.000000 0.535843 0.841613 0.890951 0.878989 0.968516 0.657800 0.728861 0.922400 0.885209 0.792888 0.697919 0.692030 0.776768 0.812126 0.827889 0.594588 0.590472 0.561818 0.715277 0.932841 0.918192 0.953934 0.973374 0.916295 0.948040 0.982222 0.976437 0.687070 0.718231 0.888354 0.984968 0.686693 0.629029 0.895409 0.929192 0.962631 0.737974 0.972908 0.904245 0.978938 0.964710 0.851018 0.722630 0.933866 0.845636 0.757523 0.822150 0.908928 0.853492 0.777521 0.856067 0.915449 0.991809 0.883576 0.931051 0.499661 0.560166 0.625274 0.812308 0.551498 0.682420 0.531887 0.587661 0.840051 0.869406 0.889471 0.870462 0.920665 0.797319 0.969934 0.957846 0.881424 0.891848 0.977200 0.977974 0.792390 0.809243 0.888087 0.824983 0.530017 0.600572 0.789140 0.675648 0.671682 0.786423 0.937120 0.870717 0.924188 0.797731 0.990584 0.976408 0.891927 0.976082 0.899715 0.918742 0.903054 0.977263 0.814703 0.773252 0.884873 0.946818 0.798615 0.814535 0.956345 0.982194 0.885729 0.947176 0.833395 0.788372 0.851983 0.984021 0.892606 0.965706 0.876927 0.915101
0.535843 0.000000 0.872488 0.871013 0.822139 0.971782 0.783207 0.697845 0.946079 0.834070 0.819127 0.590646 0.652454 0.661904 0.714690 0.699239 0.567151 0.547341 0.579764 0.672368 0.966632 0.886400 0.868279 0.974720 0.871260 0.965167 0.950777 0.875659 0.605567 0.665166 0.793137 0.938880 0.529405 0.597333 0.909853 0.871947 0.880987 0.961942 0.888666 0.809854 0.974416 0.915106 0.774605 0.611968 0.740757 0.707120 0.667897 0.673418 0.826978 0.754421 0.735191 0.655164 0.805330 0.884303 0.856898 0.911507 0.526529 0.473186 0.672601 0.834015 0.550072 0.637753 0.521998 0.522060 0.828386 0.868471 0.848938 0.791483 0.940185 0.697523 0.846540 0.962216 0.872639 0.862645 0.940999 0.981704 0.802190 0.963717 0.680593 0.809404 0.465528 0.597582 0.754980 0.689015 0.746970 0.761770 0.994959 0.932318 0.948939 0.842446 0.920454 0.872471 0.973987 0.907201 0.870618 0.853179 0.910192 0.926687 0.732727 0.767405 0.860688 0.993159 0.807401 0.840773 0.883156 0.941963 0.912086 0.888007 0.878800 0.846367 0.864604 0.904739 0.978637 0.918746 0.715062 0.940207
0.841613 0.872488 0.000000 0.434784 0.970827 0.928206 0.383227 0.433026 0.749775 0.996137 0.983070 0.869584 0.752677 0.930563 0.937354 0.946135 0.826548 0.841817 0.841679 0.915410 0.837553 0.873358 0.682899 0.739105 0.541034 0.647900 0.958533 0.905155 0.786435 0.719520 0.908734 0.998365 0.730078 0.734330 0.658301 0.866181 0.780666 0.967530 0.858133 0.798630 0.990066 0.774315 0.625615 0.804386 0.874632 0.895786 0.677206 0.762966 0.811715 0.955346 0.738985 0.633232 0.908757 0.900438 0.839438 0.834356 0.994990 0.983430 0.553312 0.653978 0.615546 0.737579 0.923353 0.856184 0.392919 0.505363 0.509131 0.515414 0.826897 0.762045 0.891796 0.798351 0.773487 0.754238 0.906679 0.906075 0.670216 0.809285 0.946550 0.996287 0.904997 0.949794 0.910230 0.978010 0.565713 0.692810 0.764405 0.850019 0.748719 0.609933 0.559121 0.625032 0.554662 0.530409 0.902406 0.802189 0.841712 0.961291 0.581055 0.633946 0.631323 0.794020 0.951693 0.896038 0.547141 0.611439 0.984649 0.779316 0.814634 0.929065 0.900615 0.888134 0.911176 0.849721 0.690556 0.719356
0.890951 0.871013 0.434784 0.000000 0.888593 0.907051 0.581407 0.410819 0.951034 0.772588 0.946988 0.966430 0.980250 0.944440 0.773513 0.959210 0.739105 0.810452 0.977101 0.940943 0.758506 0.847854 0.745698 0.635072 0.544567 0.574375 0.912165 0.770131 0.682694 0.641168 0.987333 0.961159 0.825206 0.724096 0.661033 0.817557 0.775592 0.867009 0.708023 0.719428 0.941818 0.789133 0.726818 0.825521 0.796760 0.808450 0.805765 0.804985 0.710699 0.870757 0.845639 0.705629 0.929802 0.793083 0.958524 0.838757 0.894623 0.928654 0.707393 0.649217 0.825514 0.747013 0.851139 0.825886 0.404785 0.361222 0.427471 0.390471 0.676141 0.749516 0.711299 0.636781 0.711700 0.747216 0.910711 0.846741 0.642915 0.741557 0.999603 0.976376 0.939657 0.997771 0.844080 0.929046 0.680976 0.609821 0.771720 0.738118 0.944873 0.587404 0.636068 0.687641 0.534631 0.581061 0.885712 0.774481 0.841564 0.934648 0.633210 0.723420 0.663045 0.810580 0.951837 0.913544 0.493931 0.579164 0.978527 0.705851 0.824390 0.922167 0.864160 0.946926 0.988273 0.844992 0.719899 0.710545
0.878989 0.822139 0.970827 0.888593 0.000000 0.818114 0.903191 0.962469 0.866769 0.884431 0.786592 0.911776 0.757430 0.919818 0.787274 0.881156 0.705338 0.748703 0.792077 0.824277 0.837816 0.776811 0.818830 0.930290 0.923901 0.916579 0.978695 0.949450 0.896646 0.757620 0.764699 0.952951 0.827468 0.918301 0.974533 0.867014 0.809834 0.891908 0.964824 0.936581 0.862032 0.892923 0.996740 0.950947 0.772294 0.839809 0.914502 0.898786 0.770983 0.806378 0.826634 0.942611 0.849877 0.797535 0.897742 0.953090 0.694784 0.752951 0.951083 0.838971 0.769149 0.916844 0.719765 0.831109 0.994043 0.928172 0.936900 0.958359 0.986371 0.841111 0.839109 0.998184 0.788478 0.904203 0.902562 0.939925 0.950092 0.982629 0.858537 0.825610 0.711987 0.709662 0.762674 0.724085 0.742329 0.745531 0.964894 0.723560 0.874208 0.984249 0.992901 0.903484 0.980496 0.892115 0.804975 0.940070 0.995326 0.954073 0.987354 0.956619 0.856277 0.852505 0.992609 0.913843 0.981184 0.859010 0.937236 0.938629 0.982905 0.933644 0.957621 0.943695 0.999409 0.875333 0.849336 0.891490
0.968516 0.971782 0.928206 0.907051 0.818114 0.000000 0.948081 0.911530 0.887520 0.870797 0.956761 0.864056 0.971598 0.839854 0.962685 0.786146 0.902126 0.880981 0.970317 0.827997 0.782241 0.944813 0.863819 0.825346 0.841319 0.783453 0.807977 0.803575 0.910705 0.905259 0.859043 0.987593 0.954133 0.895694 0.880432 0.902193 0.726538 0.996617 0.905412 0.981132 0.741834 0.965571 0.931019 0.829066 0.941843 0.915068 0.904083 0.982550 0.937362 0.967282 0.870959 0.994355 0.797256 0.802500 0.926888 0.861810 0.978510 0.913223 0.786760 0.772222 0.966518 0.851763 0.921040 0.802332 0.876862 0.968521 0.989708 0.941921 0.844775 0.799845 0.771078 0.892001 0.890487 0.806475 0.924051 0.920076 0.985020 0.861757 0.968908 0.938344 0.970773 0.985506 0.966010 0.971092 0.830778 0.733263 0.918730 0.834927 0.885634 0.997506 0.798736 0.796292 0.727125 0.817483 0.938849 0.846785 0.817915 0.980469 0.955413 0.973237 0.968198 0.903742 0.889919 0.965479 0.895616 0.975808 0.962367 0.965196 0.918287 0.878381 0.869657 0.990138 0.891994 0.989573 0.976400 0.938138
0.657800 0.783207 0.383227 0.581407 0.903191 0.948081 0.000000 0.516150 0.696878 0.892045 0.884361 0.989406 0.607442 0.945117 0.908857 0.965573 0.974691 0.998344 0.677580 0.803050 0.867210 0.954885 0.684072 0.848024 0.644432 0.690243 0.921145 0.972747 0.935956 0.908985 0.878353 0.936685 0.646966 0.667538 0.716092 0.975767 0.817428 0.908486 0.907934 0.902861 0.993771 0.869894 0.660852 0.745483 0.913323 0.997970 0.693107 0.762178 0.905657 0.861339 0.715371 0.655850 0.884833 0.928630 0.853266 0.935799 0.834440 0.851194 0.485512 0.674391 0.449747 0.712879 0.848138 0.962596 0.483902 0.625495 0.616035 0.655596 0.909834 0.874910 0.987440 0.923101 0.878282 0.852001 0.911636 0.994464 0.679835 0.832506 0.991841 0.983966 0.739053 0.785807 0.949820 0.839705 0.471697 0.734146 0.831909 0.999530 0.702088 0.658244 0.661964 0.673469 0.725163 0.683946 0.888655 0.843535 0.875839 0.941519 0.619261 0.614764 0.704426 0.792017 0.985400 0.889298 0.653508 0.728321 0.929258 0.895777 0.736912 0.900308 0.823095 0.906267 0.917261 0.901711 0.718093 0.724296
0.728861 0.697845 0.433026 0.410819 0.962469 0.911530 0.516150 0.000000 0.950267 0.966187 0.899008 0.819378 0.817806 0.930186 0.831862 0.948972 0.932100 0.997484 0.813069 0.709072 0.911564 0.934287 0.826276 0.817135 0.688120 0.798407 0.944441 0.928222 0.915429 0.833299 0.983286 0.929801 0.743062 0.567618 0.713389 0.912577 0.884115 0.996180 0.951564 0.704284 0.968455 0.777764 0.704132 0.748782 0.801084 0.866862 0.759940 0.818417 0.712009 0.914641 0.826425 0.645391 0.911421 0.752111 0.936869 0.988550 0.964715 0.873504 0.482577 0.467025 0.601038 0.482305 0.961774 0.906500 0.520293 0.430604 0.492299 0.435355 0.808030 0.966630 0.780320 0.721305 0.860805 0.907785 0.956634 0.892482 0.591617 0.761246 0.936689 0.924980 0.776966 0.946260 0.824707 0.989199 0.725717 0.775447 0.681210 0.710415 0.871658 0.562665 0.684267 0.800908 0.636310 0.733961 0.883800 0.778388 0.732641 0.994778 0.581008 0.609506 0.652998 0.869256 0.762462 0.882232 0.486653 0.579835 0.973496 0.743074 0.783811 0.835180 0.705022 0.901374 0.998786 0.948683 0.695619 0.762914
0.922400 0.946079 0.749775 0.951034 0.866769 0.887520 0.696878 0.950267 0.000000 0.714114 0.993734 0.854873 0.787847 0.823479 0.855734 0.968948 0.981697 0.885945 0.962703 0.906246 0.969707 0.951253 0.649337 0.987135 0.907451 0.894506 0.914571 0.961468 0.919568 0.895638 0.885115 0.896497 0.837445 0.961984 0.897190 0.965928 0.821721 0.996543 0.895242 0.797575 0.954492 0.973874 0.876883 0.993467 0.820411 0.904182 0.896872 0.929514 0.756442 0.728148 0.761082 0.756896 0.687306 0.800602 0.906820 0.987706 0.813992 0.868988 0.802833 0.986188 0.732126 0.984605 0.931371 0.983301 0.778584 0.940918 0.939437 0.917044 0.841779 0.845060 0.920556 0.795126 0.819075 0.814263 0.994898 0.958961 0.999100 0.975127 0.970502 0.894797 0.979523 0.953701 0.855044 0.862512 0.687223 0.941117 0.828318 0.816945 0.837880 0.829707 0.869486 0.809908 0.786769 0.852689 0.945622 0.988217 0.892774 0.940993 0.848979 0.819857 0.879698 0.858222 0.931065 0.943476 0.918177 0.927825 0.937371 0.928013 0.891147 0.944463 0.896310 0.951369 0.978041 0.881968 0.906991 0.967248
0.885209 0.834070 0.996137 0.772588 0.884431 0.870797 0.892045 0.966187 0.714114 0.000000 0.689126 0.875562 0.857309 0.972693 0.892351 0.904711 0.704690 0.805692 0.669764 0.779825 0.880550 0.978656 0.870810 0.843412 0.853025 0.803737 0.761455 0.771107 0.623508 0.715871 0.754092 0.935375 0.712653 0.777893 0.964871 0.885319 0.930544 0.958350 0.630578 0.895585 0.815980 0.981431 0.874476 0.806581 0.711988 0.676015 0.817335 0.920245 0.648352 0.662316 0.735062 0.795686 0.782652 0.855411 0.858881 0.881028 0.715667 0.724702 0.795937 0.952188 0.766913 0.873798 0.672793 0.663938 0.805538 0.713408 0.942582 0.883175 0.729151 0.807346 0.776994 0.794700 0.815527 0.783137 0.853052 0.957242 0.978843 0.958158 0.992277 0.948957 0.755791 0.864136 0.902769 0.778032 0.972507 0.767642 0.951713 0.771180 0.875978 0.881431 0.911832 0.920454 0.956536 0.829867 0.934474 0.811289 0.760874 0.833591 0.882831 0.892159 0.799587 0.972928 0.702160 0.819609 0.984180 0.934427 0.859560 0.885244 0.951109 0.872104 0.855430 0.921439 0.975551 0.745845 0.987039 0.927248
0.792888 0.819127 0.983070 0.946988 0.786592 0.956761 0.884361 0.899008 0.993734 0.689126 0.000000 0.714007 0.800051 0.923915 0.969437 0.969047 0.643589 0.643725 0.684508 0.655462 0.866629 0.969354 0.934757 0.849053 0.825671 0.959908 0.813248 0.800349 0.676100 0.683007 0.829930 0.979039 0.791818 0.633462 0.997975 0.905622 0.934297 0.780464 0.974891 0.981724 0.951345 0.917717 0.843715 0.943906 0.991125 0.937451 0.995299 0.955281 0.972431 0.934807 0.914331 0.884362 0.945682 0.959185 0.993566 0.940990 0.774017 0.817340 0.887050 0.948766 0.752245 0.860587 0.609811 0.658735 0.824245 0.887351 0.995820 0.952294 0.986330 0.809503 0.939493 0.787660 0.656248 0.809925 0.964252 0.811046 0.906727 0.865141 0.872114 0.822290 0.683177 0.729839 0.921280 0.866868 0.981435 0.915821 0.780972 0.904802 0.950157 0.993936 0.739804 0.678926 0.801792 0.741280 0.964070 0.828303 0.897049 0.903181 0.994069 0.918530 0.988967 0.933398 0.849549 0.963309 0.983935 0.773005 0.962006 0.847409 0.978395 0.844161 0.957355 0.934986 0.894273 0.985162 0.993912 0.919440
0.697919 0.590646 0.869584 0.966430 0.911776 0.864056 0.989406 0.819378 0.854873 0.875562 0.714007 0.000000 0.732989 0.597102 0.817254 0.763462 0.575297 0.523494 0.727809 0.523023 0.930168 0.961155 0.947803 0.932500 0.818859 0.773292 0.869109 0.923926 0.570226 0.555698 0.972803 0.919540 0.742015 0.658946 0.996911 0.963870 0.976657 0.893848 0.804480 0.930085 0.960570 0.942081 0.962297 0.806426 0.952622 0.825171 0.984454 0.911641 0.999677 0.975593 0.928039 0.893895 0.901212 0.957397 0.995005 0.895797 0.669282 0.546115 0.825483 0.818462 0.692641 0.638746 0.539194 0.435677 0.900959 0.997038 0.976473 0.928615 0.987293 0.638214 0.940100 0.913707 0.746989 0.727023 0.960219 0.854116 0.813240 0.847544 0.691382 0.808439 0.556320 0.674017 0.813447 0.788991 0.956995 0.976309 0.988626 0.982938 0.878745 0.981554 0.786087 0.716014 0.801511 0.668923 0.815151 0.929504 0.900040 0.868089 0.938483 0.940032 0.981034 0.993694 0.717305 0.993623 0.923938 0.975865 0.973955 0.907237 0.997236 0.824203 0.799362 0.950771 0.985720 0.833414 0.920579 0.874378
0.692030 0.652454 0.752677 0.980250 0.757430 0.971598 0.607442 0.817806 0.787847 0.857309 0.800051 0.732989 0.000000 0.608638 0.544248 0.628485 0.730952 0.713493 0.700128 0.644536 0.976397 0.916973 0.733869 0.932362 0.904183 0.985856 0.830553 0.930958 0.745574 0.747229 0.801630 0.883020 0.676977 0.745679 0.877579 0.951118 0.848466 0.851870 0.865730 0.988396 0.988567 0.944466 0.917733 0.834455 0.939647 0.825519 0.784775 0.768330 0.993349 0.758674 0.873021 0.785642 0.925085 0.915905 0.849483 0.965288 0.711863 0.643458 0.756119 0.823689 0.430033 0.685073 0.659436 0.707357 0.825928 0.964129 0.953641 0.971683 0.855745 0.898592 0.940414 0.920945 0.930149 0.996817 0.950398 0.789429 0.927125 0.951038 0.791296 0.820380 0.620280 0.620465 0.771759 0.752889 0.585697 0.885372 0.948266 0.793929 0.854828 0.988343 0.956738 0.898987 0.879582 0.876803 0.999406 0.927061 0.966556 0.950939 0.835058 0.882648 0.994819 0.966147 0.976980 0.830128 0.911529 0.963829 0.994836 0.784916 0.981523 0.881330 0.957058 0.888435 0.955787 0.962645 0.764359 0.990794
0.776768 0.661904 0.930563 0.944440 0.919818 0.839854 0.945117 0.930186 0.823479 0.972693 0.923915 0.597102 0.608638 0.000000 0.560077 0.508183 0.693752 0.610998 0.849761 0.655556 0.934483 0.968249 0.977293 0.947960 0.972035 0.842603 0.889447 0.990724 0.657830 0.559276 0.797688 0.715360 0.718068 0.698181 0.925993 0.943367 0.989772 0.963812 0.842715 0.846516 0.966735 0.953054 0.862482 0.672637 0.838764 0.714021 0.787640 0.701311 0.996536 0.861018 0.921257 0.882119 0.984951 0.899252 0.983967 0.969955 0.815466 0.726722 0.937399 0.919214 0.688402 0.712209 0.678913 0.625528 0.992174 0.960211 0.979479 0.959195 0.840333 0.694187 0.990062 0.878748 0.769962 0.738546 0.924059 0.805712 0.984461 0.988633 0.720007 0.667261 0.645788 0.620267 0.679651 0.765175 0.822612 0.856734 0.894374 0.893843 0.927638 0.863925 0.758717 0.712208 0.700996 0.735654 0.915391 0.914676 0.894675 0.966623 0.954255 0.998383 0.905975 0.964611 0.907506 0.916585 0.946804 0.961447 0.935103 0.736362 0.846343 0.847049 0.900408 0.781785 0.989954 0.886416 0.871630 0.993577
0.812126 0.714690 0.937354 0.773513 0.787274 0.962685 0.908857 0.831862 0.855734 0.892351 0.969437 0.817254 0.544248 0.560077 0.000000 0.537367 0.656779 0.619307 0.742003 0.843608 0.985345 0.930906 0.713340 0.922796 0.974694 0.881807 0.873984 0.996787 0.628913 0.574476 0.684495 0.662295 0.662618 0.883960 0.988736 0.848658 0.906002 0.995347 0.826794 0.963778 0.958172 0.967065 0.842353 0.720345 0.651246 0.594580 0.725196 0.668744 0.741764 0.605229 0.861465 0.836477 0.787348 0.697393 0.886281 0.965709 0.617230 0.680130 0.992831 0.836110 0.701147 0.929029 0.634803 0.712869 0.986840 0.855142 0.818030 0.832359 0.970281 0.766729 0.878630 0.927442 0.794957 0.809773 0.959644 0.794529 0.926810 0.867264 0.741162 0.826680 0.645382 0.590203 0.545477 0.615143 0.686720 0.804162 0.621432 0.615377 0.921563 0.887323 0.777181 0.813543 0.707091 0.762174 0.993856 0.994366 0.874496 0.913792 0.988931 0.988328 0.944084 0.898319 0.968349 0.949650 0.869568 0.849382 0.948348 0.688479 0.930073 0.997049 0.985274 0.790641 0.830738 0.822858 0.902371 0.870699
0.827889 0.699239 0.946135 0.959210 0.881156 0.786146 0.965573 0.948972 0.968948 0.904711 0.969047 0.763462 0.628485 0.508183 0.537367 0.000000 0.834111 0.746740 0.866628 0.831103 0.984937 0.966833 0.760873 0.713547 0.890464 0.985736 0.893566 0.890588 0.775380 0.723621 0.709376 0.687250 0.771019 0.836493 0.961873 0.869852 0.855082 0.873232 0.922798 0.896185 0.869958 0.889343 0.942880 0.858354 0.770658 0.702304 0.850124 0.681668 0.895099 0.817147 0.875333 0.932544 0.914661 0.796914 0.983765 0.962570 0.779878 0.751755 0.861415 0.878087 0.805208 0.915101 0.741711 0.781334 0.948807 0.970915 0.940331 0.979054 0.795608 0.790142 0.944411 0.867826 0.901426 0.946454 0.955035 0.888531 0.961224 0.988332 0.762900 0.702833 0.719097 0.631642 0.596826 0.704025 0.682492 0.694144 0.793198 0.713427 0.878219 0.883555 0.863965 0.869511 0.818118 0.857033 0.964168 0.969823 0.771750 0.927709 0.949406 0.990381 0.988541 0.890455 0.958157 0.861596 0.980129 0.969688 0.948868 0.744790 0.948733 0.913394 0.932203 0.833288 0.966917 0.870268 0.888766 0.987490
0.594588 0.567151 0.826548 0.739105 0.705338 0.902126 0.974691 0.932100 0.981697 0.704690 0.643589 0.575297 0.730952 0.693752 0.656779 0.834111 0.000000 0.391287 0.581595 0.634869 0.945070 0.973922 0.966309 0.850301 0.852218 0.812928 0.935870 0.856702 0.431971 0.394828 0.780460 0.895668 0.646655 0.741879 0.943807 0.951491 0.996838 0.828528 0.804814 0.939944 0.963612 0.974431 0.949937 0.669531 0.681748 0.597404 0.792420 0.772447 0.669715 0.693499 0.734765 0.926408 0.822976 0.778166 0.850391 0.937622 0.457510 0.526118 0.872363 0.894500 0.693547 0.824993 0.404193 0.431517 0.817590 0.780796 0.839711 0.868145 0.872736 0.590540 0.980062 0.860117 0.603196 0.624401 0.998470 0.853837 0.958936 0.984089 0.736174 0.739383 0.433337 0.538630 0.655294 0.638186 0.892431 0.962664 0.965431 0.755068 0.991709 0.930852 0.734265 0.694870 0.673090 0.676036 0.873498 0.954974 0.922376 0.939521 0.972170 0.962006 0.967416 0.819407 0.822337 0.937732 0.816564 0.713351 0.960500 0.720582 0.971578 0.791847 0.892843 0.937088 0.907366 0.847587 0.921152 0.844184
0.590472 0.547341 0.841817 0.810452 0.748703 0.880981 0.998344 0.997484 0.885945 0.805692 0.643725 0.523494 0.713493 0.610998 0.619307 0.746740 0.391287 0.000000 0.609865 0.597021 0.996992 0.908805 0.952166 0.880907 0.821713 0.776582 0.896757 0.955094 0.457926 0.383458 0.833730 0.853641 0.643539 0.690894 0.885119 0.955322 0.932463 0.816623 0.881387 0.940605 0.948595 0.968576 0.998466 0.692222 0.786375 0.699440 0.840577 0.856645 0.844314 0.818070 0.876632 0.976745 0.946927 0.874648 0.948075 0.892040 0.441605 0.529739 0.860046 0.963016 0.681483 0.798395 0.400752 0.408061 0.819819 0.850240 0.871380 0.918009 0.896497 0.528676 0.947812 0.944884 0.552864 0.625475 0.976752 0.871670 0.924142 0.992512 0.695819 0.665434 0.434384 0.497964 0.673084 0.651440 0.927931 0.917644 0.901862 0.805042 0.927565 0.944043 0.668618 0.591620 0.612710 0.616876 0.854694 0.985385 0.937478 0.916844 0.925139 0.986736 0.991472 0.787674 0.799324 0.999762 0.889714 0.803967 0.990200 0.728130 0.980153 0.746204 0.867464 0.911794 0.994423 0.878743 0.910395 0.904418
0.561818 0.579764 0.841679 0.977101 0.792077 0.970317 0.677580 0.813069 0.962703 0.669764 0.684508 0.727809 0.700128 0.849761 0.742003 0.866628 0.581595 0.609865 0.000000 0.595204 0.970584 0.949392 0.793751 0.940574 0.976529 0.912273 0.853777 0.971145 0.601026 0.651388 0.701931 0.909897 0.542163 0.614178 0.884577 0.943560 0.796119 0.914306 0.945359 0.971025 0.952498 0.891917 0.805691 0.714150 0.826611 0.688796 0.621998 0.756273 0.786055 0.707128 0.757754 0.755498 0.915649 0.962419 0.798006 0.939471 0.542705 0.594714 0.716348 0.933480 0.623300 0.771897 0.487880 0.615560 0.960765 0.966150 0.830653 0.828805 0.878471 0.776958 0.988080 0.983256 0.827744 0.736420 0.977723 0.990612 0.797392 0.917344 0.829118 0.849760 0.519727 0.577986 0.754084 0.639685 0.726930 0.855912 0.866236 0.798672 0.815109 0.858161 0.940331 0.995339 0.974296 0.891463 0.924552 0.855866 0.817025 0.867183 0.731226 0.812669 0.761637 0.980149 0.765203 0.846404 0.936858 0.964296 0.937629 0.911846 0.828890 0.958382 0.829127 0.906733 0.880095 0.934615 0.857862 0.978487
0.715277 0.672368 0.915410 0.940943 0.824277 0.827997 0.803050 0.709072 0.906246 0.779825 0.655462 0.523023 0.644536 0.655556 0.843608 0.831103 0.634869 0.597021 0.595204 0.000000 0.974472 0.951301 0.909616 0.964125 0.884406 0.809510 0.894523 0.799310 0.657098 0.627578 0.924086 0.921515 0.628158 0.636982 0.963197 0.949077 0.970876 0.824973 0.862253 0.944616 0.996797 0.977100 0.998284 0.806884 0.888086 0.924839 0.943886 0.875365 0.882472 0.941024 0.979068 0.953895 0.788993 0.791361 0.950342 0.952622 0.723006 0.566348 0.726028 0.702072 0.617971 0.576862 0.571040 0.505109 0.936917 0.905511 0.944453 0.851644 0.951755 0.741568 0.989610 0.966699 0.781047 0.832680 0.916827 0.954582 0.768033 0.840892 0.754809 0.676591 0.525605 0.622933 0.867408 0.802913 0.877777 0.981606 0.842889 0.990958 0.972561 0.869179 0.881873 0.752375 0.876044 0.722063 0.870720 0.889515 0.847837 0.970930 0.919067 0.953353 0.850421 0.849157 0.695327 0.994701 0.770707 0.917746 0.910356 0.899266 0.957982 0.757257 0.673395 0.966116 0.896526 0.933207 0.824120 0.982259
0.932841 0.966632 0.837553 0.758506 0.837816 0.782241 0.867210 0.911564 0.969707 0.880550 0.866629 0.930168 0.976397 0.934483 0.985345 0.984937 0.945070 0.996992 0.970584 0.974472 0.000000 0.916217 0.851548 0.819317 0.928455 0.772583 0.992162 0.887620 0.937845 0.926984 0.936335 0.951141 0.892076 0.917753 0.862442 0.955296 0.869804 0.937278 0.855852 0.991503 0.972670 0.892013 0.960371 0.950322 0.886571 0.814492 0.925272 0.953435 0.827206 0.803797 0.942803 0.935085 0.801571 0.859671 0.939672 0.891615 0.974806 0.908613 0.973788 0.929088 0.972171 0.984831 0.981185 0.957829 0.833779 0.776268 0.775685 0.755752 0.866593 0.940206 0.951940 0.931711 0.998463 0.972530 0.977084 0.910344 0.867469 0.834249 0.981936 0.817213 0.965073 0.989978 0.931404 0.916035 0.855338 0.737391 0.874307 0.958184 0.904967 0.959086 0.941568 0.911262 0.974724 0.951741 0.993632 0.884347 0.973567 0.925176 0.977340 0.997684 0.864282 0.917876 0.911240 0.903965 0.772343 0.923671 0.950298 0.974521 0.893257 0.997086 0.927358 0.907612 0.994971 0.946145 0.934200 0.986244
0.918192 0.886400 0.873358 0.847854 0.776811 0.944813 0.954885 0.934287 0.951253 0.978656 0.969354 0.961155 0.916973 0.968249 0.930906 0.966833 0.973922 0.908805 0.949392 0.951301 0.916217 0.000000 0.990412 0.970080 0.835874 0.864036 0.894271 0.836092 0.896732 0.978254 0.966130 0.971350 0.889064 0.903758 0.822255 0.888450 0.875105 0.865760 0.907573 0.967526 0.921626 0.921036 0.728310 0.866972 0.930904 0.945147 0.811425 0.897039 0.912994 0.908249 0.827423 0.871258 0.841966 0.950571 0.928474 0.799363 0.915486 0.956101 0.935018 0.972024 0.981286 0.971463 0.997459 0.976936 0.854040 0.903098 0.847855 0.816648 0.989288 0.951609 0.970445 0.934489 0.869854 0.908043 0.995713 0.900333 0.941996 0.900620 0.997995 0.932494 0.957214 0.981451 0.967999 0.989214 0.988672 0.915957 0.752607 0.874844 0.954009 0.990397 0.915633 0.952933 0.831837 0.817414 0.917685 0.924507 0.892952 0.984949 0.826052 0.934284 0.853722 0.762781 0.930880 0.694054 0.968865 0.872618 0.859108 0.903642 0.982463 0.857652 0.979043 0.901840 0.940267 0.911003 0.951244 0.928610
0.953934 0.868279 0.682899 0.745698 0.818830 0.863819 0.684072 0.826276 0.649337 0.870810 0.934757 0.947803 0.733869 0.977293 0.713340 0.760873 0.966309 0.952166 0.793751 0.909616 0.851548 0.990412 0.000000 0.509966 0.658640 0.733392 0.987160 0.924255 0.942133 0.956358 0.610548 0.810479 0.700427 0.844559 0.827706 0.961505 0.552760 0.830437 0.976799 0.980941 0.959179 0.937618 0.714113 0.834516 0.782249 0.764203 0.700770 0.713242 0.836586 0.672125 0.760510 0.698397 0.867408 0.885371 0.869990 0.833686 0.813932 0.844816 0.907895 0.987627 0.775103 0.952179 0.866407 0.987948 0.660872 0.791942 0.829504 0.798937 0.965889 0.975943 0.994291 0.860275 0.863870 0.872671 0.943983 0.967050 0.942334 0.903136 0.907226 0.955847 0.764064 0.698478 0.687917 0.715590 0.456882 0.604217 0.902335 0.703974 0.830444 0.702749 0.897201 0.883464 0.811964 0.944046 0.992349 0.825245 0.880716 0.860632 0.755337 0.756270 0.688004 0.983789 0.992112 0.937335 0.703858 0.767241 0.930306 0.966755 0.867040 0.951835 0.949280 0.887013 0.971908 0.807996 0.738878 0.970764
0.973374 0.974720 0.739105 0.635072 0.930290 0.825346 0.848024 0.817135 0.987135 0.843412 0.849053 0.932500 0.932362 0.947960 0.922796 0.713547 0.850301 0.880907 0.940574 0.964125 0.819317 0.970080 0.509966 0.000000 0.609122 0.670505 0.721496 0.866649 0.823066 0.841707 0.758372 0.764120 0.886338 0.851468 0.902930 0.835287 0.644011 0.736272 0.862733 0.862370 0.943757 0.839915 0.837155 0.914470 0.963065 0.912969 0.754106 0.765256 0.978773 0.893022 0.822876 0.858373 0.968770 0.982071 0.815374 0.815783 0.993432 0.936533 0.919800 0.970802 0.993512 0.984990 0.971227 0.871344 0.636582 0.627446 0.687707 0.637182 0.804122 0.891145 0.855044 0.707675 0.754220 0.796371 0.985846 0.844652 0.924506 0.891183 0.924926 0.884935 0.874128 0.814895 0.838440 0.899340 0.563276 0.503290 0.978222 0.774904 0.999319 0.784052 0.814467 0.821034 0.772002 0.779371 0.906766 0.938397 0.933385 0.880152 0.892397 0.909075 0.658435 0.940181 0.993792 0.922736 0.685809 0.714468 0.995133 0.899633 0.887910 0.937968 0.927914 0.941283 0.940801 0.933612 0.820484 0.729248
0.916295 0.871260 0.541034 0.544567 0.923901 0.841319 0.644432 0.688120 0.907451 0.853025 0.825671 0.818859 0.904183 0.972035 0.974694 0.890464 0.852218 0.821713 0.976529 0.884406 0.928455 0.835874 0.658640 0.609122 0.000000 0.599246 0.788032 0.790117 0.768959 0.789564 0.745889 0.908728 0.811136 0.819802 0.643321 0.873595 0.717666 0.812849 0.763602 0.822980 0.930299 0.934869 0.525392 0.698028 0.865154 0.857751 0.655957 0.577969 0.946938 0.804231 0.671513 0.676794 0.771124 0.847597 0.897857 0.748853 0.963472 0.928187 0.834496 0.911585 0.837621 0.894434 0.876738 0.738095 0.442284 0.549094 0.566333 0.590403 0.676023 0.826664 0.793780 0.741125 0.807158 0.774250 0.863643 0.927996 0.805386 0.842140 0.959977 0.991280 0.877473 0.869496 0.963752 0.915235 0.563196 0.504167 0.900205 0.996089 0.848391 0.678576 0.660780 0.712577 0.655773 0.595464 0.903735 0.807557 0.951810 0.951876 0.767641 0.810867 0.707994 0.859136 0.960781 0.863092 0.726794 0.786431 0.878065 0.898994 0.915356 0.926863 0.950174 0.962937 0.851015 0.905130 0.780097 0.788425
0.948040 0.965167 0.647900 0.574375 0.916579 0.783453 0.690243 0.798407 0.894506 0.803737 0.959908 0.773292 0.985856 0.842603 0.881807 0.985736 0.812928 0.776582 0.912273 0.809510 0.772583 0.864036 0.733392 0.670505 0.599246 0.000000 0.868095 0.726650 0.759315 0.733811 0.772181 0.988702 0.820314 0.859361 0.821533 0.846827 0.703954 0.906967 0.680211 0.852685 0.897315 0.820850 0.753670 0.894719 0.929451 0.994398 0.749745 0.800240 0.908617 0.993252 0.743617 0.809471 0.826901 0.867979 0.850225 0.791886 0.967380 0.849905 0.993648 0.905744 0.958593 0.901003 0.884633 0.701241 0.560963 0.674300 0.568547 0.642030 0.731929 0.684870 0.708814 0.698866 0.795473 0.837585 0.803890 0.886164 0.886206 0.800233 0.906996 0.921518 0.964356 0.999978 0.976518 0.998275 0.689704 0.555743 0.811922 0.995354 0.951523 0.762369 0.667296 0.605770 0.654023 0.602638 0.984898 0.984408 0.932309 0.878349 0.708700 0.775882 0.782153 0.846310 0.793685 0.988246 0.829557 0.803170 0.992746 0.822894 0.907706 0.942801 0.875572 0.960797 0.949069 0.883652 0.789802 0.843913
0.982222 0.950777 0.958533 0.912165 0.978695 0.807977 0.921145 0.944441 0.914571 0.761455 0.813248 0.869109 0.830553 0.889447 0.873984 0.893566 0.935870 0.896757 0.853777 0.894523 0.992162 0.894271 0.987160 0.721496 0.788032 0.868095 0.000000 0.919479 0.796609 0.876325 0.932257 0.937135 0.859123 0.873829 0.933527 0.841716 0.981739 0.915821 0.739947 0.911532 0.815731 0.961888 0.959041 0.998361 0.981671 0.999690 0.903993 0.953895 0.987114 0.986304 0.966807 0.869138 0.977681 0.995848 0.953717 0.888181 0.916520 0.833228 0.836822 0.859559 0.815704 0.948453 0.828951 0.794114 0.917050 0.847171 0.984366 0.945070 0.930509 0.973258 0.885532 0.869925 0.857766 0.899096 0.960916 0.771972 0.942719 0.994104 0.933220 0.824177 0.990162 0.963043 0.972988 0.996367 0.924196 0.759312 0.942347 0.944348 0.779424 0.922579 0.894555 0.893287 0.937394 0.824833 0.875175 0.821939 0.976122 0.908660 0.985548 0.920306 0.904262 0.872488 0.994863 0.988304 0.935166 0.933103 0.965890 0.979858 0.886699 0.955450 0.892643 0.835761 0.978746 0.969686 0.877910 0.811420
0.976437 0.875659 0.905155 0.770131 0.949450 0.803575 0.972747 0.928222 0.961468 0.771107 0.800349 0.923926 0.930958 0.990724 0.996787 0.890588 0.856702 0.955094 0.971145 0.799310 0.887620 0.836092 0.924255 0.866649 0.790117 0.726650 0.919479 0.000000 0.930607 0.860178 0.945488 0.913211 0.983352 0.993974 0.788449 0.937298 0.889109 0.888301 0.880849 0.893753 0.866464 0.957638 0.774081 0.920529 0.869258 0.959317 0.811074 0.862712 0.963305 0.966699 0.898150 0.880120 0.839213 0.882944 0.930885 0.793270 0.989267 0.978303 0.884586 0.908617 0.910620 0.971637 0.935748 0.867947 0.755434 0.817563 0.750236 0.809290 0.829453 0.964592 0.700841 0.702763 0.978390 0.959834 0.945917 0.999258 0.934978 0.896234 0.946108 0.998334 0.944505 0.971624 0.951239 0.992508 0.916476 0.670558 0.997196 0.900203 0.974539 0.843908 0.873381 0.884108 0.837225 0.858631 0.935308 0.968273 0.926079 0.866383 0.843586 0.966696 0.852737 0.807197 0.913255 0.958910 0.958382 0.880267 0.973540 0.906923 0.943163 0.974224 0.928327 0.958458 0.945375 0.927740 0.920112 0.981710
0.687070 0.605567 0.786435 0.682694 0.896646 0.910705 0.935956 0.915429 0.919568 0.623508 0.676100 0.570226 0.745574 0.657830 0.628913 0.775380 0.431971 0.457926 0.601026 0.657098 0.937845 0.896732 0.942133 0.823066 0.768959 0.759315 0.796609 0.930607 0.000000 0.376805 0.721892 0.806964 0.650822 0.697817 0.903104 0.788851 0.991172 0.943548 0.684200 0.925341 0.942302 0.991490 0.918458 0.674696 0.653720 0.570590 0.766659 0.814258 0.691548 0.740046 0.770760 0.936913 0.810352 0.741089 0.963382 0.925746 0.556679 0.627026 0.933856 0.876256 0.748576 0.837283 0.457346 0.427882 0.718650 0.701069 0.858415 0.883726 0.915752 0.542639 0.908854 0.881599 0.544423 0.555796 0.915541 0.823231 0.984534 0.986537 0.785277 0.774268 0.527310 0.664553 0.722934 0.698117 0.955255 0.910677 0.967149 0.797427 0.885187 0.829242 0.648339 0.639577 0.627980 0.602008 0.959665 0.952362 0.998804 0.870159 0.997006 0.988936 0.986100 0.890540 0.717624 0.900491 0.807887 0.755293 0.880148 0.704731 0.907362 0.782737 0.841590 0.807365 0.885648 0.781069 0.962352 0.799389
0.718231 0.665166 0.719520 0.641168 0.757620 0.905259 0.908985 0.833299 0.895638 0.715871 0.683007 0.555698 0.747229 0.559276 0.574476 0.723621 0.394828 0.383458 0.651388 0.627578 0.926984 0.978254 0.956358 0.841707 0.789564 0.733811 0.876325 0.860178 0.376805 0.000000 0.715772 0.760742 0.663299 0.770767 0.914309 0.887001 0.985101 0.912846 0.773609 0.959645 0.941491 0.959904 0.934630 0.672854 0.665145 0.584724 0.846217 0.813136 0.680181 0.728457 0.817955 0.946157 0.863682 0.736723 0.948448 0.897383 0.540210 0.610309 0.989174 0.813156 0.763877 0.900307 0.429614 0.437453 0.688041 0.671167 0.773208 0.783619 0.888870 0.555283 0.915304 0.937119 0.541009 0.569226 0.976019 0.794229 0.934249 0.987628 0.683120 0.637053 0.481613 0.517319 0.583863 0.584539 0.979921 0.998910 0.871765 0.712748 0.891216 0.812682 0.594555 0.583301 0.540355 0.565614 0.878589 0.988784 0.974918 0.899127 0.919930 0.884878 0.888744 0.835119 0.761050 0.943743 0.757406 0.735622 0.871426 0.636534 0.908989 0.854224 0.868913 0.911684 0.963641 0.769799 0.990730 0.812972
0.888354 0.793137 0.908734 0.987333 0.764699 0.859043 0.878353 0.983286 0.885115 0.754092 0.829930 0.972803 0.801630 0.797688 0.684495 0.709376 0.780460 0.833730 0.701931 0.924086 0.936335 0.966130 0.610548 0.758372 0.745889 0.772181 0.932257 0.945488 0.721892 0.715772 0.000000 0.624633 0.587221 0.743850 0.835250 0.964343 0.670133 0.885240 0.955064 0.913942 0.992784 0.982511 0.680156 0.659697 0.530352 0.568406 0.598482 0.569253 0.611559 0.702628 0.634982 0.800141 0.716541 0.631813 0.812219 0.867606 0.727138 0.823972 0.905711 0.815129 0.812009 0.997556 0.696785 0.849767 0.949237 0.969789 0.866786 0.893259 0.823509 0.826876 0.896302 0.887431 0.845003 0.831025 0.941116 0.901677 0.989618 0.883815 0.886076 0.820716 0.672796 0.666940 0.610637 0.618974 0.691952 0.685019 0.969430 0.630715 0.988341 0.954241 0.931178 0.929727 0.959338 0.907162 0.998763 0.910661 0.975547 0.896008 0.769682 0.967909 0.869870 0.950432 0.932509 0.953776 0.972386 0.912394 0.820873 0.871236 0.987041 0.888116 0.962799 0.779311 0.917998 0.857580 0.942998 0.894572
0.984968 0.938880 0.998365 0.961159 0.952951 0.987593 0.936685 0.929801 0.896497 0.935375 0.979039 0.919540 0.883020 0.715360 0.662295 0.687250 0.895668 0.853641 0.909897 0.921515 0.951141 0.971350 0.810479 0.764120 0.908728 0.988702 0.937135 0.913211 0.806964 0.760742 0.624633 0.000000 0.753625 0.839892 0.961062 0.958073 0.941050 0.823360 0.924058 0.742621 0.967587 0.873163 0.791061 0.763224 0.692760 0.729810 0.710038 0.725796 0.871054 0.893524 0.905313 0.929801 0.948653 0.886822 0.867649 0.852716 0.878991 0.922664 0.805786 0.873603 0.988794 0.953629 0.843149 0.860146 0.978182 0.993185 0.896406 0.886758 0.914369 0.872506 0.953439 0.794857 0.938848 0.823651 0.839285 0.877462 0.942227 0.956199 0.838529 0.686262 0.810215 0.739782 0.698353 0.712135 0.858588 0.787024 0.832554 0.716639 0.887115 0.982996 0.865911 0.863855 0.816326 0.955767 0.919404 0.959770 0.963496 0.763727 0.873474 0.962254 0.858424 0.894654 0.906893 0.983833 0.939715 0.981456 0.884081 0.930624 0.899550 0.967595 0.929401 0.752640 0.958091 0.890419 0.938778 0.877845
0.686693 0.529405 0.730078 0.825206 0.827468 0.954133 0.646966 0.743062 0.837445 0.712653 0.791818 0.742015 0.676977 0.718068 0.662618 0.771019 0.646655 0.643539 0.542163 0.628158 0.892076 0.889064 0.700427 0.886338 0.811136 0.820314 0.859123 0.983352 0.650822 0.663299 0.587221 0.753625 0.000000 0.579252 0.807755 0.936872 0.812608 0.988319 0.962586 0.915698 0.990796 0.862370 0.651314 0.518079 0.690941 0.630090 0.607183 0.577231 0.766472 0.710225 0.688021 0.669546 0.777855 0.856180 0.868301 0.989988 0.563931 0.561258 0.689365 0.895934 0.558668 0.759298 0.544255 0.628612 0.822103 0.903908 0.759818 0.758748 0.989435 0.861156 0.913654 0.903710 0.891707 0.892965 0.864734 0.966885 0.805817 0.848349 0.840825 0.784757 0.492956 0.582682 0.673385 0.618772 0.672708 0.750965 0.937378 0.835950 0.885764 0.802939 0.973122 0.953314 0.997128 0.948305 0.833557 0.838953 0.926284 0.911050 0.687481 0.768925 0.743977 0.968146 0.840177 0.851388 0.808917 0.959969 0.800246 0.884546 0.956192 0.821078 0.834451 0.891032 0.918387 0.879173 0.695520 0.911996
0.629029 0.597333 0.734330 0.724096 0.918301 0.895694 0.667538 0.567618 0.961984 0.777893 0.633462 0.658946 0.745679 0.698181 0.883960 0.836493 0.741879 0.690894 0.614178 0.636982 0.917753 0.903758 0.844559 0.851468 0.819802 0.859361 0.873829 0.993974 0.697817 0.770767 0.743850 0.839892 0.579252 0.000000 0.783746 0.965255 0.842080 0.986887 0.997336 0.734635 0.961173 0.901259 0.719598 0.602978 0.900988 0.775268 0.665905 0.656525 0.978163 0.860700 0.740887 0.719956 0.960294 0.956865 0.991531 0.878820 0.736919 0.705719 0.685837 0.727089 0.649901 0.615729 0.657204 0.644504 0.817637 0.741954 0.630915 0.599460 0.892372 0.804022 0.929962 0.859124 0.814152 0.766905 0.951124 0.967428 0.783149 0.745269 0.854279 0.816043 0.590411 0.694136 0.913985 0.804173 0.761055 0.803717 0.827044 0.974729 0.943519 0.787653 0.998709 0.913640 0.971793 0.990068 0.898700 0.724349 0.836052 0.984054 0.655870 0.735163 0.699983 0.979031 0.717731 0.863130 0.752985 0.931288 0.981687 0.987932 0.857976 0.798636 0.844028 0.834127 0.922938 0.982859 0.697701 0.938404
0.895409 0.909853 0.658301 0.661033 0.974533 0.880432 0.716092 0.713389 0.897190 0.964871 0.997975 0.996911 0.877579 0.925993 0.988736 0.961873 0.943807 0.885119 0.884577 0.963197 0.862442 0.822255 0.827706 0.902930 0.643321 0.821533 0.933527 0.788449 0.903104 0.914309 0.835250 0.961062 0.807755 0.783746 0.000000 0.872788 0.708945 0.898910 0.848171 0.883249 0.986151 0.911822 0.646772 0.763783 0.912797 0.884716 0.744369 0.731691 0.952859 0.798666 0.747457 0.627970 0.849960 0.949123 0.835505 0.716017 0.964148 0.929242 0.793550 0.799884 0.825342 0.774976 0.973605 0.916020 0.681113 0.729481 0.687612 0.683281 0.868574 0.849221 0.832111 0.837779 0.852072 0.908018 0.995166 0.994164 0.784468 0.729535 0.926872 0.979546 0.944197 0.959795 0.985985 0.898022 0.767062 0.816571 0.852222 0.949257 0.865868 0.782726 0.756750 0.837396 0.713065 0.792974 0.836505 0.746755 0.928892 0.875679 0.681512 0.934283 0.918529 0.734625 0.923111 0.872799 0.797255 0.841128 0.872693 0.945150 0.854021 0.991672 0.977198 0.865749 0.881459 0.876893 0.890510 0.918709
0.929192 0.871947 0.866181 0.817557 0.867014 0.902193 0.975767 0.912577 0.965928 0.885319 0.905622 0.963870 0.951118 0.943367 0.848658 0.869852 0.951491 0.955322 0.943560 0.949077 0.955296 0.888450 0.961505 0.835287 0.873595 0.846827 0.841716 0.937298 0.788851 0.887001 0.964343 0.958073 0.936872 0.965255 0.872788 0.000000 0.775886 0.998282 0.903796 0.832117 0.986557 0.873392 0.997436 0.960870 0.962660 0.999050 0.931474 0.977914 0.991495 0.983042 0.914786 0.943154 0.939091 0.901171 0.804991 0.868889 0.990009 0.895344 0.928623 0.994543 0.984665 0.956322 0.889458 0.840289 0.847911 0.893421 0.939567 0.892842 0.885329 0.907520 0.773086 0.902741 0.948784 0.901669 0.812041 0.992883 0.955551 0.859346 0.934543 0.952939 0.955972 0.994300 0.955144 0.954589 0.928652 0.862823 0.979780 0.959798 0.905483 0.780206 0.879961 0.951537 0.832241 0.863074 0.832688 0.901376 0.897940 0.942004 0.926104 0.990999 0.934589 0.835273 0.928481 0.960237 0.914335 0.995008 0.914856 0.977021 0.964183 0.987922 0.915985 0.929367 0.973917 0.950291 0.942609 0.832115
0.962631 0.880987 0.780666 0.775592 0.809834 0.726538 0.817428 0.884115 0.821721 0.930544 0.934297 0.976657 0.848466 0.989772 0.906002 0.855082 0.996838 0.932463 0.796119 0.970876 0.869804 0.875105 0.552760 0.644011 0.717666 0.703954 0.981739 0.889109 0.991172 0.985101 0.670133 0.941050 0.812608 0.842080 0.708945 0.775886 0.000000 0.701128 0.965569 0.985920 0.968002 0.806900 0.691133 0.800174 0.736872 0.738505 0.727395 0.687103 0.757341 0.661313 0.640279 0.634528 0.745916 0.708354 0.791515 0.756864 0.911030 0.904588 0.992062 0.916312 0.865154 0.996401 0.929801 0.963015 0.730261 0.894908 0.791521 0.757399 0.821495 0.920521 0.765664 0.796817 0.859101 0.975020 0.935282 0.962748 0.961993 0.765160 0.941611 0.943135 0.895198 0.857510 0.829065 0.804965 0.708323 0.731798 0.987821 0.843165 0.968067 0.871129 0.814436 0.837984 0.706824 0.873998 0.950880 0.974301 0.910433 0.897075 0.674652 0.790135 0.809902 0.837581 0.874651 0.967316 0.824774 0.816752 0.756540 0.967122 0.919432 0.977368 0.972330 0.836572 0.956431 0.839283 0.698139 0.962125
0.737974 0.961942 0.967530 0.867009 0.891908 0.996617 0.908486 0.996180 0.996543 0.958350 0.780464 0.893848 0.851870 0.963812 0.995347 0.873232 0.828528 0.816623 0.914306 0.824973 0.937278 0.865760 0.830437 0.736272 0.812849 0.906967 0.915821 0.888301 0.943548 0.912846 0.885240 0.823360 0.988319 0.986887 0.898910 0.998282 0.701128 0.000000 0.956652 0.998266 0.989044 0.839333 0.698417 0.769568 0.735550 0.715654 0.752721 0.772408 0.836192 0.811731 0.765766 0.792495 0.801267 0.796414 0.975395 0.866555 0.803369 0.793617 0.827272 0.814195 0.810562 0.900889 0.847691 0.827331 0.873371 0.924146 0.806700 0.804686 0.802683 0.984785 0.907505 0.739479 0.865612 0.911209 0.952096 0.938621 0.925584 0.973727 0.914469 0.979623 0.898445 0.927779 0.939193 0.900644 0.999264 0.872480 0.980014 0.924310 0.870632 0.939558 0.927282 0.877491 0.835668 0.842698 0.817059 0.914335 0.951572 0.867195 0.857454 0.966180 0.857955 0.891826 0.908291 0.875241 0.928271 0.823129 0.853312 0.986280 0.897526 0.909767 0.973178 0.896147 0.981695 0.856915 0.864564 0.888440
