0.000000 0.194856 0.470429 0.640856 0.702440 0.913335 0.471892 0.532458 0.947365 0.778156 0.381675 0.320876 0.321176 0.470036 0.683496 0.736514 0.323548 0.365302 0.280951 0.293576 0.746060 0.978611 0.678844 0.773900 0.819620 0.951073 0.941960 0.988627 0.518339 0.441396 0.896360 0.965557 0.355458 0.324997 0.719693 0.907259 0.509793 0.745676 0.753710 0.779950 0.770949 0.958090 0.825575 0.792230 0.942552 0.844535 0.477737 0.519164 0.736059 0.549730 0.611920 0.554218 0.982021 0.785742 0.388530 0.494347 0.286559 0.214358 0.288948 0.338507 0.262186 0.367363 0.235098 0.220978 0.579232 0.402339 0.363324 0.565363 0.300099 0.285247 0.716556 0.987963 0.537520 0.726430 0.685311 0.781814 0.716124 0.783727 0.514595 0.480834 0.254436 0.269077 0.371594 0.347585 0.275005 0.360249 0.585600 0.638385 0.459116 0.493061 0.604641 0.543121 0.499199 0.494058 0.970684 0.860628 0.377576 0.939984 0.868689 0.923459 0.784104 0.905378 0.755949 0.742972 0.623474 0.528012 0.976680 0.959171 0.834055 0.590473 0.991974 0.720620 0.914807 0.851828 0.669148 0.771608
0.194856 0.000000 0.518085 0.606439 0.747464 0.921710 0.506777 0.479416 0.971173 0.810334 0.411687 0.274361 0.362207 0.456966 0.700332 0.708130 0.298674 0.315601 0.287284 0.265071 0.789879 0.920012 0.646864 0.730412 0.867493 0.861838 0.962554 0.986161 0.473024 0.395301 0.898217 0.924609 0.355217 0.340409 0.764330 0.968664 0.532851 0.673927 0.771344 0.799057 0.774504 0.843814 0.704414 0.713484 0.902564 0.804252 0.420113 0.492478 0.696730 0.536237 0.573025 0.518349 0.983456 0.812048 0.436015 0.511783 0.268920 0.188406 0.306903 0.342615 0.307645 0.374966 0.236778 0.187203 0.650236 0.424645 0.381577 0.532711 0.332258 0.291611 0.646506 0.923645 0.571867 0.713151 0.733934 0.737655 0.636014 0.664679 0.409717 0.426579 0.245815 0.284818 0.417924 0.394499 0.346123 0.392212 0.642345 0.690144 0.538058 0.518075 0.656844 0.613768 0.584826 0.511601 0.985588 0.822679 0.378769 0.881021 0.797327 0.849159 0.819417 0.906029 0.690781 0.719349 0.575655 0.467322 0.978173 0.952822 0.878398 0.581827 0.927019 0.683809 0.864111 0.844572 0.628603 0.777428
0.470429 0.518085 0.000000 0.367309 0.791392 0.915963 0.575278 0.701100 0.817823 0.696831 0.759041 0.655629 0.391660 0.679431 0.600955 0.630553 0.765292 0.832337 0.609178 0.647874 0.669663 0.867674 0.524318 0.523853 0.501542 0.618841 0.755120 0.900019 0.909589 0.903299 0.809327 0.810908 0.628402 0.680244 0.592408 0.912186 0.467725 0.763619 0.618276 0.864342 0.810745 0.777309 0.922653 0.956080 0.843996 0.979583 0.745577 0.646572 0.995758 0.632153 0.718623 0.619674 0.941730 0.948629 0.443022 0.669051 0.785699 0.605774 0.448345 0.433389 0.430164 0.531162 0.583525 0.617756 0.263912 0.424050 0.469396 0.653308 0.488147 0.439321 0.863747 0.931084 0.538420 0.741697 0.814426 0.832178 0.822316 0.956164 0.716395 0.807787 0.725591 0.694022 0.664363 0.645546 0.372656 0.356310 0.605927 0.801712 0.446371 0.528598 0.550655 0.592866 0.490512 0.633096 0.972325 0.990387 0.663853 0.924497 0.781175 0.730230 0.657776 0.776053 0.875760 0.925412 0.703670 0.641521 0.907112 0.950618 0.971197 0.816138 0.921680 0.993175 0.918168 0.953273 0.709239 0.904399
0.640856 0.606439 0.367309 0.000000 0.847362 0.907024 0.578314 0.505451 0.781559 0.873537 0.917723 0.641594 0.473742 0.610661 0.528077 0.478880 0.871417 0.881703 0.705294 0.711644 0.790988 0.999206 0.480714 0.419382 0.558385 0.766352 0.765163 0.951431 0.888103 0.917397 0.724099 0.978882 0.727626 0.700533 0.729070 0.953558 0.562805 0.723063 0.610808 0.852868 0.885918 0.962841 0.891889 0.909281 0.905270 0.871634 0.685094 0.569355 0.954099 0.627820 0.631868 0.600643 0.891686 0.985783 0.604931 0.761395 0.873564 0.702708 0.560154 0.534566 0.537419 0.527765 0.678580 0.651197 0.407717 0.493630 0.574978 0.644949 0.749990 0.597374 0.882366 0.939931 0.772352 0.861057 0.861279 0.842276 0.721680 0.857957 0.721505 0.879495 0.837729 0.880949 0.716913 0.729108 0.541738 0.391792 0.666451 0.921077 0.597316 0.553183 0.762572 0.755189 0.709319 0.753193 0.994196 0.858829 0.695696 0.878833 0.912837 0.900790 0.768490 0.785636 0.972173 0.944757 0.621243 0.572870 0.834702 0.729271 0.940817 0.797609 0.948025 0.921361 0.964004 0.854615 0.733922 0.870689
0.702440 0.747464 0.791392 0.847362 0.000000 0.971076 0.787990 0.840926 0.994090 0.896972 0.760359 0.767964 0.653680 0.786299 0.795950 0.709492 0.788306 0.821926 0.708862 0.804600 0.904646 0.819800 0.759073 0.820921 0.760934 0.898589 0.973582 0.898506 0.809316 0.817778 0.957346 0.978485 0.809333 0.744234 0.858666 0.905623 0.870972 0.915639 0.958747 0.737461 0.933237 0.902280 0.971495 0.961457 0.946179 0.978598 0.818327 0.757845 0.991679 0.922272 0.893230 0.899881 0.907204 0.823888 0.812516 0.942267 0.738406 0.783442 0.735051 0.769764 0.738391 0.798069 0.754760 0.739938 0.794262 0.770467 0.835144 0.886434 0.709219 0.707940 0.957503 0.999762 0.823255 0.964887 0.892574 0.953036 0.982736 0.931536 0.829169 0.828117 0.759845 0.783432 0.807095 0.812909 0.700268 0.715344 0.911241 0.851816 0.785872 0.822913 0.870042 0.908294 0.905429 0.811827 0.882906 0.976056 0.824265 0.936633 0.979781 0.976365 0.901688 0.984123 0.922403 0.811783 0.920879 0.759520 0.913551 0.911464 0.886258 0.924367 0.850536 0.974307 0.924309 0.953225 0.738870 0.964164
0.913335 0.921710 0.915963 0.907024 0.971076 0.000000 0.881091 0.860667 0.924777 0.803484 0.865640 0.847202 0.931337 0.859604 0.988133 0.902855 0.851896 0.844413 0.878870 0.933596 0.812261 0.923786 0.854791 0.883662 0.777978 0.848819 0.815225 0.802284 0.793560 0.809098 0.852566 0.878567 0.953186 0.872503 0.814243 0.836062 0.882332 0.903498 0.932115 0.775411 0.885996 0.902223 0.825391 0.788019 0.838713 0.830761 0.930896 0.964377 0.867836 0.979998 0.962871 0.965032 0.967600 0.924401 0.965471 0.898253 0.827925 0.915980 0.971531 0.997155 0.889546 0.875416 0.896858 0.905397 0.806231 0.981400 0.991386 0.961371 0.968605 0.941090 0.987960 0.921551 0.919120 0.914938 0.832520 0.998750 0.939336 0.936051 0.975978 0.832579 0.875485 0.852131 0.990277 0.960201 0.944632 0.969300 0.902236 0.992008 0.824988 0.973662 0.799830 0.901485 0.942496 0.931798 0.927557 0.883842 0.813565 0.696398 0.713741 0.690801 0.702412 0.910801 0.796759 0.805163 0.929432 0.987045 0.997653 0.967979 0.921099 0.890277 0.888460 0.823204 0.925967 0.994821 0.937747 0.887167
0.471892 0.506777 0.575278 0.578314 0.787990 0.881091 0.000000 0.346744 0.542533 0.735162 0.485662 0.525180 0.325691 0.314218 0.413185 0.517421 0.511092 0.521561 0.330190 0.458872 0.821403 0.987984 0.731044 0.820378 0.898623 0.857450 0.873080 0.896102 0.423330 0.515124 0.721821 0.682807 0.361945 0.299343 0.801341 0.950083 0.724685 0.788492 0.931044 0.895622 0.889590 0.869443 0.504650 0.443929 0.517937 0.426837 0.423094 0.332173 0.545260 0.481462 0.449620 0.501678 0.671694 0.796259 0.646049 0.566247 0.552188 0.562687 0.410467 0.603830 0.325591 0.486641 0.357440 0.429152 0.775063 0.581373 0.311633 0.318593 0.772885 0.631694 0.557193 0.749227 0.584766 0.575267 0.812896 0.647269 0.480407 0.597417 0.545317 0.616928 0.573145 0.656276 0.586421 0.647970 0.594923 0.591763 0.788200 0.832256 0.736771 0.808391 0.869537 0.943380 0.938078 0.900562 0.879088 0.892790 0.493691 0.975528 0.564630 0.603047 0.921462 0.716604 0.625659 0.501357 0.534600 0.608831 0.875771 0.738317 0.863396 0.699450 0.755382 0.534601 0.678661 0.573818 0.677292 0.628019
0.532458 0.479416 0.701100 0.505451 0.840926 0.860667 0.346744 0.000000 0.678300 0.739562 0.524540 0.395658 0.487883 0.331849 0.632244 0.530018 0.598426 0.582481 0.474148 0.528437 0.954335 0.951979 0.900542 0.831942 0.846499 0.805221 0.844074 0.832110 0.468866 0.499257 0.909440 0.761075 0.563489 0.409565 0.991070 0.989172 0.747351 0.709243 0.871115 0.833609 0.979528 0.868958 0.523959 0.534857 0.660143 0.478751 0.398867 0.384343 0.532861 0.534182 0.408236 0.482037 0.749272 0.927541 0.598045 0.594643 0.595729 0.550778 0.451094 0.547690 0.366031 0.311238 0.449815 0.407643 0.884994 0.439543 0.477452 0.426551 0.804059 0.600211 0.812441 0.937793 0.755947 0.741660 0.785184 0.692725 0.579552 0.627868 0.608430 0.654379 0.607858 0.703035 0.588325 0.676255 0.733819 0.563962 0.812946 0.959908 0.793350 0.782328 0.903989 0.958214 0.925526 0.771456 0.909107 0.775563 0.530938 0.883998 0.588726 0.606791 0.792804 0.888083 0.622583 0.572622 0.611982 0.551589 0.863842 0.705518 0.879958 0.699335 0.751101 0.527869 0.668093 0.631383 0.679927 0.620977
0.947365 0.971173 0.817823 0.781559 0.994090 0.924777 0.542533 0.678300 0.000000 0.649103 0.936520 0.977388 0.706084 0.702873 0.717654 0.808548 0.944896 0.979707 0.807792 0.945711 0.988891 0.990179 0.940647 0.938344 0.881013 0.995830 0.869802 0.905547 0.816792 0.931347 0.838337 0.862192 0.789031 0.779999 0.761499 0.876804 0.875045 0.929042 0.931819 0.998782 0.881185 0.905641 0.715423 0.664904 0.593321 0.557885 0.691376 0.697485 0.726908 0.696965 0.616649 0.676424 0.607936 0.621906 0.897868 0.810125 0.994134 0.960734 0.739538 0.960755 0.723450 0.837854 0.852619 0.932276 0.906618 0.854756 0.627853 0.570435 0.912397 0.968357 0.782817 0.828827 0.807024 0.765085 0.907056 0.798863 0.686417 0.767091 0.913933 0.974501 0.914882 0.856918 0.949027 0.997510 0.983498 0.928494 0.968606 0.972062 0.877570 0.895451 0.819698 0.770965 0.989296 0.844284 0.711209 0.979729 0.867697 0.933781 0.745808 0.768790 0.967230 0.805939 0.847415 0.735915 0.824239 0.804559 0.751817 0.814264 0.939640 0.918934 0.835133 0.796540 0.783031 0.769989 0.796239 0.727666
0.778156 0.810334 0.696831 0.873537 0.896972 0.803484 0.735162 0.739562 0.649103 0.000000 0.977154 0.943053 0.875771 0.882776 0.921298 0.938176 0.889924 0.969380 0.980617 0.880357 0.875321 0.927254 0.725616 0.673847 0.486189 0.729755 0.558504 0.771502 0.765224 0.906244 0.896532 0.628648 0.987737 0.866839 0.742632 0.832197 0.818043 0.999949 0.687889 0.821195 0.832491 0.812315 0.480182 0.492451 0.332776 0.380342 0.793398 0.751986 0.494952 0.784048 0.661635 0.801165 0.552733 0.509508 0.762540 0.965436 0.911698 0.787769 0.991160 0.866113 0.997463 0.960348 0.942240 0.948587 0.534359 0.772242 0.903226 0.701917 0.617561 0.776555 0.898163 0.677909 0.923097 0.718831 0.963301 0.821861 0.730324 0.702848 0.976642 0.987666 0.820820 0.685704 0.770816 0.658601 0.547346 0.597708 0.797177 0.724683 0.675897 0.613906 0.383667 0.440169 0.457590 0.518889 0.803931 0.856869 0.980603 0.740153 0.448651 0.376832 0.452893 0.619182 0.541481 0.617854 0.848141 0.908417 0.812413 0.659328 0.980045 0.940636 0.676066 0.707657 0.546589 0.680055 0.988379 0.955836
0.381675 0.411687 0.759041 0.917723 0.760359 0.865640 0.485662 0.524540 0.936520 0.977154 0.000000 0.315987 0.487547 0.485118 0.796741 0.822414 0.387075 0.370117 0.384242 0.345767 0.925591 0.915772 0.965214 0.924266 0.768255 0.658412 0.762480 0.813833 0.449399 0.347209 0.889989 0.895163 0.497416 0.365161 0.979652 0.822280 0.824499 0.815576 0.963916 0.893747 0.850677 0.871774 0.775633 0.778892 0.793127 0.765604 0.619339 0.604455 0.674495 0.728993 0.731396 0.758863 0.914813 0.787038 0.683388 0.608465 0.390630 0.414661 0.527377 0.635563 0.376509 0.445942 0.348752 0.351779 0.925296 0.525765 0.571258 0.548962 0.571088 0.527053 0.789986 0.935512 0.574497 0.617704 0.658064 0.820186 0.747707 0.754954 0.593154 0.494863 0.358288 0.381398 0.577745 0.520452 0.608320 0.648648 0.745396 0.838946 0.747549 0.796688 0.892635 0.776726 0.805728 0.674008 0.892425 0.916012 0.577430 0.932518 0.715145 0.810732 0.917116 0.881004 0.642978 0.660901 0.750143 0.704977 0.842271 0.922756 0.764878 0.682718 0.898608 0.704612 0.861228 0.775482 0.763832 0.741865
0.320876 0.274361 0.655629 0.641594 0.767964 0.847202 0.525180 0.395658 0.977388 0.943053 0.315987 0.000000 0.461042 0.395731 0.766869 0.677368 0.397919 0.347322 0.350094 0.311114 0.841780 0.878226 0.822421 0.798262 0.972950 0.718734 0.968717 0.881999 0.426108 0.318390 0.944356 0.891738 0.487057 0.374876 0.948974 0.951343 0.678481 0.661586 0.918930 0.759627 0.920720 0.848487 0.735930 0.776811 0.903326 0.817189 0.518065 0.590933 0.722528 0.678727 0.666915 0.676403 0.872810 0.705857 0.594806 0.574566 0.325227 0.310945 0.456962 0.495357 0.325012 0.288188 0.333309 0.253575 0.817282 0.382460 0.534556 0.544551 0.485520 0.410964 0.811059 0.972810 0.598123 0.727616 0.707585 0.767718 0.770853 0.668178 0.513172 0.471447 0.328285 0.370443 0.518284 0.492913 0.508622 0.443900 0.711583 0.834889 0.629840 0.637753 0.802214 0.652901 0.725201 0.545669 0.871976 0.726281 0.490818 0.851958 0.783980 0.813383 0.999400 0.994515 0.631109 0.663529 0.635543 0.560610 0.912081 0.929563 0.826769 0.569155 0.823494 0.681265 0.831713 0.807444 0.662280 0.752681
0.321176 0.362207 0.391660 0.473742 0.653680 0.931337 0.325691 0.487883 0.706084 0.875771 0.487547 0.461042 0.000000 0.393474 0.448119 0.481321 0.441103 0.511399 0.327731 0.376483 0.654450 0.980528 0.510271 0.608109 0.760055 0.982246 0.910974 0.922090 0.545274 0.559875 0.737753 0.895544 0.371594 0.357645 0.731059 0.900856 0.573440 0.756179 0.710502 0.769301 0.719679 0.982093 0.752401 0.685978 0.868452 0.720398 0.506007 0.423810 0.787335 0.520743 0.580276 0.548749 0.942006 0.972198 0.528848 0.583673 0.484130 0.418147 0.355310 0.464123 0.276835 0.429724 0.300564 0.356970 0.469764 0.419649 0.370605 0.503342 0.499239 0.416490 0.659069 0.892558 0.543591 0.675368 0.761914 0.742410 0.567885 0.731064 0.570861 0.534835 0.472084 0.492904 0.478148 0.501708 0.321844 0.325725 0.629690 0.691876 0.500555 0.531296 0.770001 0.765548 0.638815 0.679565 0.924992 0.996138 0.514343 0.938733 0.865592 0.922855 0.799837 0.986599 0.832696 0.678621 0.628225 0.543841 0.952963 0.963793 0.973897 0.741615 0.947620 0.725655 0.839025 0.800919 0.651052 0.728243
0.470036 0.456966 0.679431 0.610661 0.786299 0.859604 0.314218 0.331849 0.702873 0.882776 0.485118 0.395731 0.393474 0.000000 0.546834 0.505680 0.482509 0.440994 0.310380 0.376832 0.838066 0.897518 0.683687 0.666630 0.919409 0.818873 0.988384 0.878018 0.389573 0.405152 0.816983 0.651474 0.412002 0.353028 0.833365 0.968429 0.786118 0.662501 0.878005 0.785350 0.987200 0.774468 0.615882 0.580370 0.707649 0.585351 0.449040 0.483271 0.689974 0.638295 0.596931 0.648746 0.923384 0.964235 0.708512 0.641243 0.462062 0.528086 0.535551 0.684614 0.400376 0.446521 0.396568 0.385925 0.830225 0.532252 0.490014 0.478255 0.747308 0.642379 0.677948 0.741217 0.691261 0.725804 0.851822 0.706185 0.633683 0.560406 0.551032 0.574117 0.493733 0.563885 0.537966 0.586305 0.568190 0.486675 0.830828 0.732503 0.755184 0.692095 0.976645 0.917284 0.863563 0.750913 0.928655 0.795257 0.512739 0.926410 0.669736 0.647276 0.987587 0.805523 0.639458 0.605492 0.610770 0.664653 0.975329 0.876324 0.906690 0.665109 0.771583 0.638057 0.744609 0.664312 0.774775 0.658198
0.683496 0.700332 0.600955 0.528077 0.795950 0.988133 0.413185 0.632244 0.717654 0.921298 0.796741 0.766869 0.448119 0.546834 0.000000 0.367445 0.714939 0.684760 0.593208 0.646313 0.700211 0.990785 0.498725 0.579231 0.777126 0.908274 0.813966 0.898264 0.663758 0.746139 0.554729 0.617911 0.513600 0.593793 0.823019 0.921923 0.785796 0.838235 0.822736 0.969290 0.780282 0.808041 0.711176 0.670031 0.839269 0.772782 0.632469 0.581345 0.943305 0.760584 0.802451 0.789674 0.893268 0.954382 0.819297 0.884956 0.752758 0.755283 0.686266 0.836035 0.623679 0.769182 0.578314 0.666941 0.626606 0.729121 0.576415 0.628042 0.872670 0.751599 0.629775 0.720079 0.800080 0.843097 0.982659 0.691920 0.648014 0.673605 0.724974 0.704033 0.756105 0.829275 0.669777 0.718667 0.632249 0.579984 0.737439 0.820394 0.739876 0.732849 0.932155 0.909811 0.994393 0.962195 0.837767 0.947244 0.692506 0.936327 0.778829 0.795366 0.898472 0.814131 0.840828 0.724076 0.656145 0.758316 0.894063 0.754876 0.946869 0.951994 0.990287 0.801323 0.860503 0.727957 0.873306 0.875344
0.736514 0.708130 0.630553 0.478880 0.709492 0.902855 0.517421 0.530018 0.808548 0.938176 0.822414 0.677368 0.481321 0.505680 0.367445 0.000000 0.803022 0.756630 0.652637 0.696578 0.712137 0.888309 0.539931 0.520036 0.735577 0.885079 0.839874 0.916675 0.741377 0.799512 0.632403 0.717537 0.619023 0.628823 0.864796 0.867461 0.810802 0.808667 0.795605 0.786102 0.766495 0.953205 0.702506 0.689698 0.981518 0.830184 0.641469 0.636825 0.989250 0.864912 0.812373 0.820054 0.989667 0.963736 0.860677 0.956489 0.805624 0.788032 0.706868 0.768748 0.630692 0.672674 0.679457 0.687757 0.671792 0.631277 0.682698 0.706278 0.868454 0.681161 0.790966 0.809981 0.813881 0.797710 0.928419 0.654362 0.745521 0.722883 0.797647 0.754284 0.858664 0.915520 0.783849 0.783769 0.732741 0.511402 0.847703 0.962450 0.784780 0.745807 0.980526 0.997917 0.978107 0.881025 0.995456 0.944676 0.781306 0.921294 0.847105 0.854183 0.910751 0.946285 0.836015 0.725886 0.707886 0.673706 0.927795 0.817836 0.979581 0.945061 0.970741 0.777571 0.799895 0.760583 0.781813 0.924546
0.323548 0.298674 0.765292 0.871417 0.788306 0.851896 0.511092 0.598426 0.944896 0.889924 0.387075 0.397919 0.441103 0.482509 0.714939 0.803022 0.000000 0.235402 0.269938 0.272639 0.935673 0.890516 0.786329 0.907238 0.903762 0.686642 0.996064 0.956969 0.357843 0.295001 0.864801 0.748888 0.336610 0.355988 0.940593 0.919205 0.696484 0.813248 0.973943 0.820650 0.766162 0.752602 0.599372 0.597498 0.787905 0.749317 0.503280 0.580896 0.707764 0.688829 0.695655 0.692721 0.988952 0.840335 0.661302 0.618739 0.232425 0.281887 0.498553 0.596926 0.458340 0.567292 0.277235 0.268096 0.863379 0.589942 0.480364 0.565852 0.496420 0.524510 0.549625 0.776832 0.658241 0.750266 0.780944 0.739630 0.649449 0.566993 0.367855 0.371662 0.232775 0.286681 0.433020 0.431320 0.478067 0.582520 0.795268 0.674457 0.714716 0.717555 0.867711 0.839220 0.758643 0.667787 0.982880 0.948684 0.490174 0.899462 0.696715 0.758544 0.922586 0.836827 0.573583 0.567781 0.675503 0.656218 0.973466 0.950001 0.838473 0.654114 0.918589 0.651069 0.835236 0.719607 0.694475 0.789962
0.365302 0.315601 0.832337 0.881703 0.821926 0.844413 0.521561 0.582481 0.979707 0.969380 0.370117 0.347322 0.511399 0.440994 0.684760 0.756630 0.235402 0.000000 0.293756 0.216579 0.858685 0.863995 0.795277 0.866455 0.862777 0.606877 0.996890 0.930951 0.310756 0.245584 0.877470 0.673696 0.351188 0.326320 0.936356 0.977487 0.748809 0.666816 0.965462 0.896854 0.750547 0.692262 0.597227 0.602486 0.760363 0.768379 0.560358 0.630535 0.732742 0.768206 0.791800 0.817325 0.869424 0.742679 0.741906 0.674290 0.220088 0.293829 0.574898 0.691382 0.517643 0.593634 0.317062 0.274152 0.934819 0.648333 0.523471 0.574294 0.520366 0.533766 0.559622 0.686127 0.667940 0.676699 0.832724 0.738132 0.687302 0.495142 0.374914 0.327423 0.234971 0.285585 0.482508 0.476583 0.542510 0.612276 0.809221 0.705730 0.760406 0.758667 0.943864 0.858271 0.877961 0.745254 0.898530 0.799782 0.461026 0.893848 0.647966 0.679341 0.970111 0.841464 0.493536 0.559947 0.569142 0.675791 0.944264 0.947373 0.851064 0.634045 0.839187 0.618254 0.861515 0.720804 0.773180 0.764487
0.280951 0.287284 0.609178 0.705294 0.708862 0.878870 0.330190 0.474148 0.807792 0.980617 0.384242 0.350094 0.327731 0.310380 0.593208 0.652637 0.269938 0.293756 0.000000 0.258963 0.783096 0.895983 0.666044 0.757578 0.966880 0.774141 0.946755 0.962533 0.321603 0.323861 0.775102 0.701678 0.309939 0.256283 0.783011 0.985642 0.689916 0.722814 0.933571 0.776571 0.881159 0.827593 0.613503 0.569201 0.716089 0.657540 0.447371 0.464388 0.680055 0.583209 0.592923 0.592690 0.957578 0.923541 0.569497 0.563911 0.269060 0.326347 0.391928 0.539891 0.331098 0.477773 0.238655 0.258987 0.786401 0.541052 0.355821 0.464640 0.498669 0.492971 0.533064 0.768897 0.567448 0.683909 0.779737 0.728529 0.612676 0.597794 0.429751 0.445570 0.290199 0.352657 0.443541 0.464384 0.425788 0.491286 0.783515 0.686888 0.667650 0.671306 0.889112 0.809989 0.740617 0.641311 0.945725 0.860006 0.426625 0.941776 0.669505 0.686020 0.904435 0.837407 0.614851 0.530427 0.554119 0.600014 0.992559 0.941506 0.847531 0.604015 0.829221 0.587267 0.807768 0.733860 0.684820 0.726270
0.293576 0.265071 0.647874 0.711644 0.804600 0.933596 0.458872 0.528437 0.945711 0.880357 0.345767 0.311114 0.376483 0.376832 0.646313 0.696578 0.272639 0.216579 0.258963 0.000000 0.817404 0.835215 0.686263 0.759172 0.998584 0.744407 0.961453 0.921412 0.375906 0.269521 0.804395 0.764824 0.342635 0.313352 0.829172 0.991475 0.661208 0.581153 0.913998 0.863789 0.797033 0.734247 0.671529 0.669575 0.828914 0.810149 0.554150 0.584430 0.773768 0.689158 0.730524 0.728925 0.888778 0.768093 0.661192 0.645329 0.236607 0.266766 0.477926 0.577164 0.397505 0.498779 0.276890 0.246009 0.759345 0.532325 0.451473 0.546189 0.450367 0.449297 0.532595 0.730313 0.591634 0.655725 0.762933 0.729534 0.625661 0.550572 0.388476 0.351687 0.252293 0.284063 0.459065 0.461658 0.419216 0.484916 0.730835 0.712442 0.662568 0.643956 0.791144 0.756702 0.728722 0.696397 0.918766 0.873785 0.429948 0.974066 0.781220 0.799926 0.878039 0.911787 0.586101 0.638471 0.548324 0.616639 0.945082 0.970447 0.853728 0.658823 0.864784 0.665319 0.898899 0.763809 0.729339 0.738092
0.746060 0.789879 0.669663 0.790988 0.904646 0.812261 0.821403 0.954335 0.988891 0.875321 0.925591 0.841780 0.654450 0.838066 0.700211 0.712137 0.935673 0.858685 0.783096 0.817404 0.000000 0.880274 0.672412 0.681993 0.754603 0.745085 0.755827 0.658755 0.956102 0.966281 0.863584 0.993096 0.816995 0.842008 0.740119 0.709575 0.814845 0.892944 0.785039 0.949629 0.809943 0.812361 0.939790 0.958195 0.950196 0.977762 0.900289 0.937685 0.888943 0.889551 0.965488 0.932089 0.908243 0.912942 0.851929 0.971129 0.861858 0.835178 0.781455 0.812843 0.747202 0.855060 0.818409 0.838560 0.650995 0.815194 0.780158 0.948582 0.755364 0.725659 0.888110 0.894422 0.756752 0.814419 0.989454 0.910673 0.860698 0.935325 0.999593 0.804709 0.921486 0.856990 0.880310 0.936185 0.699878 0.656170 0.888502 0.908140 0.842956 0.758463 0.805182 0.799899 0.791361 0.826427 0.889463 0.933697 0.820760 0.924954 0.982504 0.934325 0.861983 0.898245 0.996432 0.949979 0.864278 0.895092 0.842753 0.886007 0.936247 0.999575 0.965975 0.960200 0.958874 0.948049 0.951762 0.988232
0.978611 0.920012 0.867674 0.999206 0.819800 0.923786 0.987984 0.951979 0.990179 0.927254 0.915772 0.878226 0.980528 0.897518 0.990785 0.888309 0.890516 0.863995 0.895983 0.835215 0.880274 0.000000 0.961732 0.964803 0.992669 0.998295 0.842532 0.999317 0.906798 0.828507 0.802180 0.786960 0.978253 0.945357 0.938796 0.814681 0.952354 0.903421 0.894399 0.818057 0.979353 0.935312 0.797226 0.848788 0.967881 0.981770 0.920908 0.980491 0.945255 0.913255 0.926386 0.961618 0.900441 0.940229 0.851946 0.964671 0.838201 0.914409 0.992183 0.942353 0.977317 0.958906 0.992964 0.926565 0.929415 0.982225 0.965548 0.959430 0.892133 0.907223 0.910701 0.979438 0.902600 0.945128 0.974790 0.984439 0.867087 0.648833 0.948167 0.934726 0.929285 0.962934 0.871668 0.966383 0.933743 0.971723 0.994493 0.835916 0.917174 0.948049 0.977656 0.914269 0.897592 0.911004 0.966145 0.941787 0.947129 0.952344 0.962854 0.894213 0.993558 0.858451 0.840625 0.900939 0.865299 0.791412 0.988328 0.977606 0.706130 0.950255 0.995532 0.958059 0.911573 0.979110 0.954478 0.978124
0.678844 0.646864 0.524318 0.480714 0.759073 0.854791 0.731044 0.900542 0.940647 0.725616 0.965214 0.822421 0.510271 0.683687 0.498725 0.539931 0.786329 0.795277 0.666044 0.686263 0.672412 0.961732 0.000000 0.302846 0.455579 0.750903 0.588251 0.840679 0.858021 0.904774 0.530075 0.863327 0.620382 0.797547 0.628705 0.919404 0.611092 0.797270 0.746251 0.965418 0.837999 0.940327 0.939393 0.905083 0.892622 0.945680 0.727033 0.744717 0.866320 0.747128 0.904777 0.788626 0.986390 0.996273 0.799872 0.977800 0.759616 0.720732 0.725203 0.737482 0.748823 0.894331 0.663511 0.687293 0.488292 0.824100 0.669900 0.861088 0.694547 0.694462 0.651937 0.747622 0.864766 0.940318 0.969845 0.836946 0.794060 0.858129 0.672543 0.769749 0.763470 0.812059 0.717904 0.756252 0.456058 0.470055 0.738690 0.656074 0.615399 0.515708 0.753555 0.850908 0.763329 0.820258 0.830963 0.967701 0.765051 0.864175 0.904454 0.909398 0.533287 0.831072 0.961513 0.957912 0.710817 0.759398 0.951606 0.949318 0.908329 0.919585 0.979035 0.952000 0.993430 0.997538 0.810675 0.976349
0.773900 0.730412 0.523853 0.419382 0.820921 0.883662 0.820378 0.831942 0.938344 0.673847 0.924266 0.798262 0.608109 0.666630 0.579231 0.520036 0.907238 0.866455 0.757578 0.759172 0.681993 0.964803 0.302846 0.000000 0.432689 0.727489 0.522985 0.864635 0.912653 0.927500 0.722280 0.953585 0.801240 0.859232 0.683118 0.820073 0.658705 0.742871 0.696703 0.914764 0.874659 0.967721 0.904190 0.932224 0.725330 0.831702 0.845685 0.850034 0.761635 0.929860 0.966428 0.966330 0.775586 0.795015 0.804695 0.969674 0.858052 0.778946 0.840407 0.832730 0.803833 0.820701 0.815870 0.781837 0.475900 0.719768 0.806649 0.982525 0.760213 0.718914 0.853394 0.910267 0.994422 0.914138 0.987582 0.894025 0.960184 0.915438 0.790766 0.888203 0.845202 0.842557 0.686985 0.719298 0.522634 0.416722 0.730556 0.713540 0.662585 0.546499 0.703940 0.709107 0.730554 0.759497 0.940619 0.885605 0.863381 0.843834 0.805149 0.786086 0.564699 0.770501 0.817574 0.971011 0.761925 0.835274 0.970535 0.986497 0.829755 0.939932 0.916092 0.930000 0.844990 0.959730 0.927442 0.928523
0.819620 0.867493 0.501542 0.558385 0.760934 0.777978 0.898623 0.846499 0.881013 0.486189 0.768255 0.972950 0.760055 0.919409 0.777126 0.735577 0.903762 0.862777 0.966880 0.998584 0.754603 0.992669 0.455579 0.432689 0.000000 0.462086 0.545740 0.721440 0.697790 0.731395 0.757827 0.723356 0.982642 0.894156 0.568110 0.939918 0.619469 0.940521 0.549815 0.877491 0.785866 0.807530 0.634942 0.669838 0.495853 0.575074 0.906219 0.998897 0.597254 0.964896 0.844183 0.982578 0.809946 0.783791 0.729554 0.993575 0.941685 0.900011 0.874390 0.753290 0.923435 0.961232 0.991802 0.997766 0.336265 0.796806 0.953341 0.831369 0.703224 0.649939 0.939368 0.861210 0.917380 0.908900 0.999283 0.993604 0.858190 0.791096 0.976270 0.974457 0.993211 0.948321 0.850593 0.779648 0.542755 0.536282 0.690401 0.801187 0.558810 0.553439 0.500172 0.600775 0.611407 0.726415 0.957465 0.940957 0.966091 0.820498 0.513906 0.493860 0.450661 0.603741 0.575016 0.684675 0.948609 0.925807 0.986119 0.942734 0.933544 0.949215 0.610640 0.713596 0.703345 0.733165 0.983601 0.909013
0.951073 0.861838 0.618841 0.766352 0.898589 0.848819 0.857450 0.805221 0.995830 0.729755 0.658412 0.718734 0.982246 0.818873 0.908274 0.885079 0.686642 0.606877 0.774141 0.744407 0.745085 0.998295 0.750903 0.727489 0.462086 0.000000 0.761430 0.712226 0.593681 0.575282 0.768302 0.852879 0.861505 0.720628 0.680870 0.928415 0.742970 0.903332 0.702757 0.893446 0.945614 0.605152 0.665146 0.722770 0.655565 0.706214 0.847633 0.870053 0.675125 0.950320 0.921896 0.986184 0.924682 0.914112 0.800185 0.916567 0.725873 0.813517 0.962372 0.876624 0.946207 0.881254 0.795269 0.755919 0.512124 0.926954 0.988577 0.780667 0.896848 0.922741 0.838949 0.857741 0.900290 0.896422 0.925132 0.901914 0.846236 0.754001 0.801287 0.807358 0.714388 0.777855 0.931066 0.952863 0.861115 0.798544 0.947804 0.997750 0.807229 0.869564 0.662429 0.811568 0.681837 0.935968 0.942399 0.805021 0.911361 0.809380 0.552562 0.565519 0.675740 0.751916 0.592148 0.547103 0.834374 0.967819 0.928129 0.837504 0.896948 0.869731 0.671454 0.690709 0.761511 0.816558 0.902521 0.761427
0.941960 0.962554 0.755120 0.765163 0.973582 0.815225 0.873080 0.844074 0.869802 0.558504 0.762480 0.968717 0.910974 0.988384 0.813966 0.839874 0.996064 0.996890 0.946755 0.961453 0.755827 0.842532 0.588251 0.522985 0.545740 0.761430 0.000000 0.817970 0.906622 0.934905 0.791520 0.988458 0.987666 0.896523 0.818495 0.877147 0.894444 0.861687 0.888455 0.936095 0.971536 0.972127 0.742772 0.705210 0.588137 0.614942 0.856773 0.786037 0.570867 0.816189 0.764566 0.804769 0.697611 0.736629 0.939727 0.834700 0.983656 0.997850 0.898250 0.977667 0.908600 0.941928 0.948428 0.977294 0.641761 0.876412 0.973505 0.806317 0.844442 0.958190 0.958937 0.988422 0.921495 0.782236 0.987077 0.930552 0.827119 0.928945 0.976475 0.998250 0.978528 0.947494 0.815279 0.941615 0.729763 0.697001 0.878929 0.830492 0.800336 0.778237 0.731094 0.744286 0.784667 0.801752 0.884222 0.965979 0.894445 0.958483 0.701415 0.703422 0.642003 0.780105 0.787136 0.797755 0.933828 0.909876 0.957782 0.898819 0.900044 0.906076 0.768161 0.797681 0.748317 0.907872 0.905448 0.814162
0.988627 0.986161 0.900019 0.951431 0.898506 0.802284 0.896102 0.832110 0.905547 0.771502 0.813833 0.881999 0.922090 0.878018 0.898264 0.916675 0.956969 0.930951 0.962533 0.921412 0.658755 0.999317 0.840679 0.864635 0.721440 0.712226 0.817970 0.000000 0.929541 0.841215 0.944249 0.897129 0.975473 0.861401 0.949997 0.825253 0.995830 0.712460 0.955880 0.791715 0.835831 0.949713 0.985191 0.991578 0.787001 0.875632 0.995384 0.949124 0.846435 0.936509 0.944601 0.981906 0.960529 0.961669 0.966163 0.981504 0.967774 0.996865 0.929866 0.881562 0.960376 0.936521 0.972962 0.930504 0.788520 0.987954 0.968908 0.789445 0.954577 0.843356 0.914955 0.864108 0.925048 0.846208 0.852311 0.981113 0.905917 0.988829 0.995797 0.956088 0.944646 0.982279 0.937676 0.973298 0.928043 0.897292 0.968959 0.988989 0.968809 0.893342 0.864555 0.983356 0.820711 0.931657 0.914245 0.784111 0.944682 0.872041 0.854379 0.782321 0.805663 0.841448 0.782208 0.832562 0.801162 0.928949 0.928463 0.870283 0.992856 0.958596 0.829027 0.783214 0.980420 0.890305 0.975334 0.748784
0.518339 0.473024 0.909589 0.888103 0.809316 0.793560 0.423330 0.468866 0.816792 0.765224 0.449399 0.426108 0.545274 0.389573 0.663758 0.741377 0.357843 0.310756 0.321603 0.375906 0.956102 0.906798 0.858021 0.912653 0.697790 0.593681 0.906622 0.929541 0.000000 0.255008 0.844469 0.549095 0.407894 0.341133 0.944928 0.998719 0.842649 0.784663 0.845928 0.875361 0.924836 0.749110 0.426144 0.428317 0.552513 0.545768 0.491472 0.525729 0.575273 0.662295 0.628103 0.707228 0.919921 0.987631 0.809269 0.660552 0.344521 0.474832 0.585936 0.740067 0.527926 0.583577 0.363263 0.362264 0.902476 0.703726 0.525639 0.502283 0.704580 0.696499 0.532970 0.676630 0.735282 0.769897 0.891578 0.699339 0.576096 0.484475 0.441285 0.444334 0.386401 0.494419 0.562391 0.687871 0.728468 0.723137 0.894596 0.827903 0.860951 0.916784 0.801575 0.884926 0.953854 0.874903 0.936172 0.809265 0.522264 0.895189 0.517730 0.493132 0.810908 0.707499 0.481357 0.390680 0.619642 0.711644 0.943155 0.913809 0.923968 0.631458 0.711989 0.540615 0.686918 0.659796 0.788098 0.770240
0.441396 0.395301 0.903299 0.917397 0.817778 0.809098 0.515124 0.499257 0.931347 0.906244 0.347209 0.318390 0.559875 0.405152 0.746139 0.799512 0.295001 0.245584 0.323861 0.269521 0.966281 0.828507 0.904774 0.927500 0.731395 0.575282 0.934905 0.841215 0.255008 0.000000 0.905577 0.647436 0.427117 0.392648 0.921732 0.986371 0.814257 0.671301 0.851011 0.888737 0.942612 0.700312 0.584889 0.603937 0.730617 0.740462 0.580872 0.659857 0.710313 0.784667 0.765057 0.823424 0.920876 0.776117 0.805511 0.725019 0.251572 0.372026 0.628686 0.744946 0.511693 0.527389 0.365162 0.309914 0.924670 0.607023 0.592468 0.590086 0.601949 0.629036 0.599871 0.744051 0.672852 0.758941 0.773468 0.696676 0.701604 0.507774 0.436927 0.398279 0.289926 0.348738 0.507036 0.565718 0.648600 0.669192 0.820230 0.776067 0.827556 0.847595 0.973701 0.930275 0.917956 0.782237 0.947220 0.824217 0.524817 0.866914 0.649917 0.624714 0.894125 0.769185 0.480421 0.475478 0.628150 0.670787 0.918217 0.985414 0.841771 0.638461 0.763478 0.624029 0.832808 0.704627 0.791723 0.738952
0.896360 0.898217 0.809327 0.724099 0.957346 0.852566 0.721821 0.909440 0.838337 0.896532 0.889989 0.944356 0.737753 0.816983 0.554729 0.632403 0.864801 0.877470 0.775102 0.804395 0.863584 0.802180 0.530075 0.722280 0.757827 0.768302 0.791520 0.944249 0.844469 0.905577 0.000000 0.562761 0.703207 0.852216 0.846619 0.774176 0.697968 0.845832 0.940572 0.994794 0.910281 0.911916 0.668708 0.653550 0.843199 0.853849 0.849958 0.788762 0.983058 0.806823 0.836919 0.819794 0.739353 0.715939 0.969016 0.911507 0.882844 0.926500 0.869786 0.898509 0.937732 0.903088 0.849900 0.872085 0.794029 0.974343 0.740033 0.830476 0.954809 0.937898 0.546718 0.582798 0.786942 0.788557 0.954331 0.752294 0.600295 0.673262 0.741718 0.783236 0.944032 0.948197 0.914182 0.952908 0.859658 0.863564 0.977643 0.948772 0.938522 0.983507 0.992668 0.807882 0.976105 0.881632 0.798796 0.857986 0.910661 0.860143 0.920637 0.864681 0.795827 0.847377 0.822775 0.748947 0.635249 0.839082 0.868763 0.795225 0.981647 0.961012 0.949141 0.855920 0.900827 0.835573 0.997326 0.947838
0.965557 0.924609 0.810908 0.978882 0.978485 0.878567 0.682807 0.761075 0.862192 0.628648 0.895163 0.891738 0.895544 0.651474 0.617911 0.717537 0.748888 0.673696 0.701678 0.764824 0.993096 0.786960 0.863327 0.953585 0.723356 0.852879 0.988458 0.897129 0.549095 0.647436 0.562761 0.000000 0.653577 0.681281 0.888779 0.704177 0.979987 0.968333 0.808659 0.979367 0.988585 0.742854 0.489960 0.476413 0.621706 0.649752 0.729691 0.801233 0.824492 0.892661 0.853860 0.937740 0.832338 0.809508 0.948412 0.937154 0.744581 0.919009 0.997841 0.873274 0.996688 0.896239 0.782578 0.808037 0.748153 0.857368 0.832986 0.745173 0.886958 0.871380 0.641666 0.550719 0.995485 0.887270 0.932862 0.729960 0.693920 0.511647 0.749066 0.780886 0.800321 0.958320 0.860979 0.948715 0.922126 0.938440 0.820549 0.925983 0.811612 0.915757 0.621790 0.650984 0.661397 0.856438 0.870710 0.874387 0.887676 0.993346 0.542007 0.457827 0.824367 0.679303 0.541710 0.598158 0.747574 0.802089 0.912045 0.801859 0.987293 0.813283 0.769758 0.648114 0.779439 0.699371 0.970230 0.985910
0.355458 0.355217 0.628402 0.727626 0.809333 0.953186 0.361945 0.563489 0.789031 0.987737 0.497416 0.487057 0.371594 0.412002 0.513600 0.619023 0.336610 0.351188 0.309939 0.342635 0.816995 0.978253 0.620382 0.801240 0.982642 0.861505 0.987666 0.975473 0.407894 0.427117 0.703207 0.653577 0.000000 0.294883 0.747328 0.955061 0.610442 0.831134 0.874605 0.871628 0.674613 0.840864 0.550675 0.490056 0.699971 0.645162 0.425884 0.503178 0.673296 0.571828 0.613477 0.596294 0.828228 0.992700 0.625513 0.585521 0.336176 0.375908 0.442706 0.572386 0.423102 0.585172 0.262468 0.318287 0.754948 0.631360 0.359266 0.450704 0.558967 0.538839 0.470500 0.719263 0.601025 0.663714 0.785057 0.624963 0.521404 0.574508 0.380328 0.473799 0.350407 0.430526 0.490526 0.500528 0.449143 0.520468 0.803610 0.689606 0.634215 0.731378 0.948237 0.899410 0.834787 0.741689 0.943480 0.959966 0.440458 0.973266 0.656839 0.710436 0.917890 0.831967 0.624716 0.592636 0.585654 0.598873 0.996350 0.959061 0.944713 0.625521 0.830795 0.601096 0.777966 0.647520 0.708596 0.767806
0.324997 0.340409 0.680244 0.700533 0.744234 0.872503 0.299343 0.409565 0.779999 0.866839 0.365161 0.374876 0.357645 0.353028 0.593793 0.628823 0.355988 0.326320 0.256283 0.313352 0.842008 0.945357 0.797547 0.859232 0.894156 0.720628 0.896523 0.861401 0.341133 0.392648 0.852216 0.681281 0.294883 0.000000 0.844177 0.989911 0.663900 0.776216 0.927060 0.823840 0.768419 0.847254 0.527827 0.503400 0.606478 0.521255 0.407429 0.404828 0.524722 0.519510 0.509966 0.567420 0.864600 0.985223 0.585977 0.488926 0.325110 0.348375 0.372445 0.523099 0.310663 0.437728 0.255513 0.274380 0.832175 0.566571 0.339790 0.396473 0.567992 0.480982 0.606199 0.792908 0.612695 0.628270 0.763618 0.723829 0.538815 0.592289 0.462168 0.487486 0.333986 0.421430 0.439930 0.496612 0.503851 0.540056 0.789579 0.747345 0.664559 0.716324 0.961161 0.848605 0.873822 0.725879 0.998410 0.790561 0.436468 0.908440 0.553605 0.616905 0.923359 0.816224 0.572468 0.523097 0.549409 0.578398 0.974346 0.895614 0.943202 0.602741 0.787888 0.487376 0.737490 0.627141 0.710963 0.707628
0.719693 0.764330 0.592408 0.729070 0.858666 0.814243 0.801341 0.991070 0.761499 0.742632 0.979652 0.948974 0.731059 0.833365 0.823019 0.864796 0.940593 0.936356 0.783011 0.829172 0.740119 0.938796 0.628705 0.683118 0.568110 0.680870 0.818495 0.949997 0.944928 0.921732 0.846619 0.888779 0.747328 0.844177 0.000000 0.941181 0.683567 0.796501 0.629678 0.851091 0.882389 0.941678 0.848639 0.952653 0.916014 0.878029 0.918818 0.890112 0.825577 0.948832 0.988730 0.905836 0.994494 0.949709 0.703713 0.737037 0.904826 0.842252 0.750938 0.804448 0.789841 0.948953 0.844218 0.891417 0.522850 0.843039 0.642381 0.779835 0.744457 0.799065 0.792273 0.869599 0.813363 0.827820 0.903061 0.992868 0.948112 0.991984 0.850180 0.904955 0.905505 0.866578 0.828248 0.763359 0.619297 0.674966 0.950536 0.748142 0.682468 0.756979 0.679243 0.722496 0.735475 0.814961 0.898938 0.900652 0.810134 0.897091 0.814499 0.813286 0.524532 0.900454 0.871437 0.890614 0.791324 0.830264 0.989357 0.927032 0.949975 0.972472 0.787121 0.881725 0.791435 0.849720 0.878567 0.805270
0.907259 0.968664 0.912186 0.953558 0.905623 0.836062 0.950083 0.989172 0.876804 0.832197 0.822280 0.951343 0.900856 0.968429 0.921923 0.867461 0.919205 0.977487 0.985642 0.991475 0.709575 0.814681 0.919404 0.820073 0.939918 0.928415 0.877147 0.825253 0.998719 0.986371 0.774176 0.704177 0.955061 0.989911 0.941181 0.000000 0.933456 0.884456 0.979217 0.953646 0.939638 0.878002 0.858027 0.854610 0.942449 0.978019 0.994601 0.937054 0.979071 0.894756 0.921883 0.894687 0.996103 0.995494 0.937154 0.826841 0.970013 0.941044 0.902429 0.943203 0.869408 0.827527 0.856293 0.913739 0.931816 0.816466 0.963475 0.948332 0.826179 0.983818 0.883279 0.764844 0.976221 0.951666 0.762479 0.854341 0.862548 0.777098 0.946974 0.939503 0.913150 0.867624 0.900604 0.847762 0.862294 0.895681 0.858233 0.883235 0.806770 0.960190 0.848807 0.913440 0.805727 0.938122 0.960117 0.922467 0.974627 0.948373 0.866701 0.787601 0.956208 0.890375 0.882981 0.995694 0.855829 0.845775 0.991641 0.897699 0.939621 0.977989 0.976051 0.988615 0.970516 0.881482 0.829213 0.827733
0.509793 0.532851 0.467725 0.562805 0.870972 0.882332 0.724685 0.747351 0.875045 0.818043 0.824499 0.678481 0.573440 0.786118 0.785796 0.810802 0.696484 0.748809 0.689916 0.661208 0.814845 0.952354 0.611092 0.658705 0.619469 0.742970 0.894444 0.995830 0.842649 0.814257 0.697968 0.979987 0.610442 0.663900 0.683567 0.933456 0.000000 0.806932 0.809110 0.937381 0.694108 0.744775 0.919759 0.879598 0.943756 0.960768 0.723154 0.664771 0.922323 0.631992 0.738449 0.661482 0.883421 0.999183 0.511415 0.696946 0.661443 0.535855 0.552020 0.516980 0.574483 0.670714 0.604389 0.572346 0.530262 0.632163 0.579839 0.789454 0.522284 0.499487 0.805942 0.894015 0.649404 0.761990 0.733171 0.775109 0.812135 0.860073 0.658851 0.746562 0.644398 0.659961 0.593540 0.684247 0.497422 0.508879 0.730956 0.726200 0.560507 0.674232 0.548222 0.682065 0.592744 0.777121 0.990990 0.983539 0.697595 0.905319 0.867231 0.864554 0.620839 0.812668 0.939250 0.929116 0.722697 0.701285 0.985213 0.946478 0.924071 0.628368 0.951066 0.965044 0.924970 0.922934 0.691332 0.873438
0.745676 0.673927 0.763619 0.723063 0.915639 0.903498 0.788492 0.709243 0.929042 0.999949 0.815576 0.661586 0.756179 0.662501 0.838235 0.808667 0.813248 0.666816 0.722814 0.581153 0.892944 0.903421 0.797270 0.742871 0.940521 0.903332 0.861687 0.712460 0.784663 0.671301 0.845832 0.968333 0.831134 0.776216 0.796501 0.884456 0.806932 0.000000 0.842694 0.976188 0.964624 0.792018 0.919827 0.914217 0.965203 0.990114 0.906273 0.916461 0.983145 0.948535 0.910894 0.922268 0.801183 0.823825 0.902213 0.932521 0.723344 0.693137 0.879947 0.872938 0.790128 0.761047 0.806599 0.685012 0.830757 0.754324 0.775806 0.778026 0.777714 0.784169 0.776218 0.626626 0.809155 0.784191 0.977014 0.836381 0.903539 0.717351 0.736700 0.657113 0.757611 0.763134 0.864407 0.883716 0.787838 0.768347 0.952002 0.939780 0.822974 0.902234 0.866410 0.898703 0.917743 0.988588 0.807135 0.815048 0.758545 0.980686 0.976918 0.916322 0.898801 0.873146 0.789948 0.911884 0.636046 0.759466 0.787314 0.998161 0.992759 0.993409 0.920900 0.981135 0.959987 0.990337 0.780518 0.843118
