0.000000 0.238316 0.645436 0.741129 0.811853 0.862486 0.914057 0.473856 0.835113 0.711201 0.365033 0.287316 0.493435 0.353801 0.827790 0.782359 0.371630 0.347299 0.381713 0.287203 0.972614 0.857214 0.805324 0.990904 0.707106 0.743633 0.902122 0.991040 0.368817 0.427355 0.905569 0.909337 0.805579 0.541362 0.729847 0.636304 0.816917 0.918914 0.949934 0.979762 0.777374 0.813657 0.903461 0.707956 0.967836 0.550333 0.748678 0.676591 0.259241 0.282626 0.264489 0.283355 0.316378 0.416384 0.652693 0.408355 0.354588 0.286796 0.392191 0.294405 0.691806 0.334463 0.427457 0.312120 0.585980 0.920101 0.589048 0.704716 0.448367 0.463511 0.811648 0.879387 0.547365 0.517726 0.841190 0.780414 0.494290 0.788352 0.751137 0.598354 0.392040 0.393914 0.656200 0.785262 0.761713 0.809587 0.766795 0.999543 0.964017 0.732756 0.975018 0.545225 0.616568 0.474796 0.956419 0.890566 0.961127 0.663240 0.710431 0.751611 0.784415 0.968370 0.606863 0.679309 0.857859 0.901870 0.932013 0.980947 0.963578 0.944722 0.905064 0.989517 0.577412 0.978113 0.984613 0.757374
0.238316 0.000000 0.653261 0.733601 0.772373 0.819020 0.875995 0.447299 0.814763 0.631775 0.403749 0.289215 0.564180 0.361299 0.824766 0.751149 0.331152 0.291702 0.324479 0.249452 0.968849 0.824493 0.856881 0.988972 0.746515 0.800624 0.917419 0.986371 0.341953 0.357218 0.976104 0.949835 0.729337 0.513034 0.745045 0.615155 0.883791 0.867023 0.938547 0.924943 0.797238 0.834771 0.927522 0.659881 0.958353 0.529236 0.710652 0.618437 0.260302 0.253779 0.252762 0.269715 0.330261 0.381761 0.603437 0.409828 0.288849 0.235805 0.498442 0.349790 0.784680 0.366057 0.425443 0.282835 0.539869 0.898880 0.529909 0.704404 0.456704 0.419012 0.945406 0.999456 0.484023 0.473496 0.747826 0.797692 0.465497 0.699968 0.670758 0.455956 0.285872 0.308587 0.648100 0.682845 0.793709 0.770285 0.744589 0.925060 0.948964 0.764004 0.962548 0.551155 0.587432 0.483154 0.954535 0.847218 0.988783 0.655533 0.736331 0.756368 0.777766 0.963532 0.591361 0.690075 0.827792 0.927848 0.913840 0.876197 0.966303 0.992078 0.907385 0.990713 0.617186 0.969109 0.940206 0.748777
0.645436 0.653261 0.000000 0.651264 0.746456 0.893286 0.499917 0.890141 0.690269 0.935277 0.662565 0.566798 0.974524 0.662908 0.836335 0.864383 0.760340 0.793045 0.713322 0.613464 0.931034 0.995145 0.560032 0.922659 0.536582 0.391568 0.996305 0.978661 0.705786 0.709902 0.597730 0.682558 0.686319 0.967867 0.495371 0.631209 0.731062 0.948446 0.865110 0.944393 0.999935 0.970645 0.566647 0.894686 0.702957 0.995014 0.947931 0.808523 0.703998 0.627657 0.769994 0.750579 0.807544 0.886680 0.913549 0.792628 0.633811 0.622593 0.753893 0.637117 0.835597 0.717174 0.767978 0.670924 0.331684 0.549019 0.433194 0.458309 0.636347 0.624045 0.871024 0.881344 0.806067 0.814839 0.976539 0.995512 0.769805 0.948785 0.956826 0.873498 0.813807 0.784653 0.994206 0.997720 0.684487 0.786480 0.790328 0.969866 0.791752 0.996527 0.572642 0.543821 0.450425 0.600148 0.826289 0.885434 0.805669 0.529152 0.838219 0.784037 0.943178 0.686753 0.964957 0.988689 0.780631 0.607341 0.848185 0.787680 0.944188 0.893939 0.705522 0.892565 0.977455 0.995428 0.641339 0.919490
0.741129 0.733601 0.651264 0.000000 0.984856 0.942709 0.722087 0.715998 0.970100 0.879706 0.875506 0.802131 0.647862 0.713921 0.712587 0.843138 0.750275 0.745641 0.775044 0.742977 0.954872 0.970980 0.703502 0.776022 0.857831 0.764737 0.893187 0.955860 0.856737 0.853841 0.903091 0.848149 0.608763 0.749877 0.885634 0.955608 0.946338 0.870787 0.933526 0.908518 0.981914 0.943600 0.954059 0.818482 0.875187 0.776565 0.925341 0.560698 0.785268 0.795220 0.682033 0.710417 0.679205 0.711802 0.779629 0.768628 0.782296 0.742063 0.710328 0.813143 0.654607 0.758022 0.855123 0.764282 0.706729 0.610114 0.895108 0.846201 0.803247 0.741665 0.940869 0.894703 0.928181 0.997751 0.824584 0.833977 0.891949 0.866736 0.711055 0.750591 0.742358 0.682835 0.632223 0.686591 0.546179 0.546324 0.916697 0.755426 0.727183 0.743297 0.843283 0.912977 0.954624 0.898411 0.916764 0.923518 0.735950 0.842603 0.802995 0.726054 0.937766 0.768570 0.759559 0.851276 0.671302 0.767117 0.840977 0.918537 0.888908 0.998552 0.861524 0.977508 0.797977 0.942642 0.921490 0.805218
0.811853 0.772373 0.746456 0.984856 0.000000 0.975778 0.887880 0.880468 0.827096 0.888457 0.814704 0.804981 0.985476 0.836310 0.890339 0.969845 0.752730 0.775411 0.690433 0.758956 0.915206 0.971843 0.852328 0.959914 0.997614 0.940545 0.963433 0.941900 0.852659 0.909185 0.971958 0.984332 0.993421 0.954964 0.878845 0.917619 0.953344 0.794275 0.898772 0.946062 0.965847 0.907498 0.859914 0.982075 0.943022 0.912482 0.865762 0.917737 0.837015 0.840124 0.876801 0.858830 0.875381 0.876416 0.762314 0.821683 0.815721 0.819150 0.959454 0.954064 0.893378 0.873478 0.912132 0.837712 0.728633 0.829413 0.817235 0.779046 0.721949 0.813868 0.823094 0.845884 0.796904 0.756860 0.875205 0.960947 0.735835 0.934846 0.972532 0.840861 0.771802 0.667549 0.874636 0.755317 0.918814 0.926708 0.951378 0.861372 0.900099 0.842125 0.818695 0.765732 0.796981 0.809270 0.923718 0.956056 0.986166 0.855485 0.980950 0.933629 0.957850 0.946345 0.947901 0.893688 0.860389 0.837964 0.964590 0.811018 0.945957 0.944007 0.860020 0.892551 0.925564 0.935956 0.835190 0.884455
0.862486 0.819020 0.893286 0.942709 0.975778 0.000000 0.994373 0.690412 0.902742 0.833608 0.891395 0.758561 0.780624 0.737451 0.807319 0.725830 0.965211 0.966961 0.932269 0.868891 0.803466 0.964478 0.960555 0.975614 0.772564 0.959163 0.971789 0.982516 0.760085 0.820894 0.974925 0.859299 0.834234 0.866988 0.924160 0.997867 0.840642 0.954940 0.977237 0.951637 0.803604 0.853614 0.919589 0.771013 0.945024 0.840532 0.998075 0.997692 0.853120 0.771816 0.814382 0.777769 0.942923 0.781889 0.863340 0.992730 0.971029 0.882604 0.924112 0.737951 0.872826 0.735278 0.834440 0.812344 0.908701 0.795275 0.923626 0.972087 0.855437 0.935137 0.988463 0.977374 0.976336 0.978295 0.791410 0.932467 0.761571 0.846831 0.970467 0.926111 0.913660 0.901428 0.926593 0.843515 0.999831 0.922678 0.995149 0.890840 0.871287 0.897859 0.889487 0.944045 0.951766 0.961609 0.990520 0.994358 0.950682 0.908206 0.948379 0.918020 0.786456 0.910051 0.992144 0.924657 0.855575 0.972291 0.985015 0.758966 0.814423 0.763997 0.913132 0.948931 0.958047 0.995040 0.969804 0.928321
0.914057 0.875995 0.499917 0.722087 0.887880 0.994373 0.000000 0.587957 0.480267 0.578051 0.814704 0.996785 0.720829 0.891205 0.821410 0.901105 0.819447 0.892828 0.982542 0.906464 0.799128 0.912537 0.948419 0.726773 0.962311 0.792235 0.695877 0.859166 0.870432 0.864538 0.740109 0.694883 0.535980 0.692243 0.701322 0.793496 0.957697 0.976916 0.979349 0.941538 0.873120 0.847601 0.393607 0.548524 0.402334 0.685531 0.800170 0.609829 0.949503 0.774049 0.959568 0.873693 0.880937 0.978644 0.936784 0.944521 0.927749 0.793326 0.923609 0.854386 0.435707 0.809171 0.781894 0.903361 0.619297 0.500742 0.400705 0.336183 0.656977 0.700090 0.933974 0.753476 0.992698 0.927784 0.952649 0.989669 0.952740 0.997048 0.808730 0.910683 0.965315 0.938549 0.975401 0.998040 0.820618 0.954058 0.918759 0.777217 0.960937 0.860010 0.485244 0.607333 0.533598 0.608255 0.871007 0.954021 0.691636 0.558522 0.489163 0.490367 0.622815 0.584554 0.794791 0.805956 0.833186 0.733110 0.783587 0.618567 0.907178 0.930985 0.579398 0.561838 0.714689 0.980131 0.691300 0.910547
0.473856 0.447299 0.890141 0.715998 0.880468 0.690412 0.587957 0.000000 0.753818 0.367607 0.327305 0.350130 0.459970 0.506810 0.801797 0.784936 0.359475 0.431103 0.532600 0.474173 0.739770 0.976819 0.781491 0.720279 0.542161 0.785256 0.818475 0.887818 0.343063 0.326865 0.930949 0.877843 0.598316 0.432846 0.859157 0.773842 0.789545 0.987175 0.856817 0.965140 0.923064 0.961578 0.725909 0.448667 0.624764 0.410029 0.738846 0.533052 0.467106 0.541512 0.453393 0.523081 0.625268 0.559581 0.855040 0.665486 0.508144 0.540062 0.505799 0.528865 0.417596 0.286157 0.313392 0.314507 0.763095 0.766542 0.973954 0.843669 0.874129 0.756415 0.938735 0.889339 0.656446 0.649494 0.692977 0.857509 0.539315 0.771039 0.678699 0.730993 0.468998 0.551820 0.766989 0.859365 0.883404 0.994757 0.841197 0.847281 0.904532 0.958506 0.765825 0.882517 0.927821 0.892809 0.935782 0.795851 0.838415 0.960372 0.470805 0.518044 0.537367 0.693568 0.619288 0.606218 0.812260 0.862646 0.970732 0.837396 0.934934 0.988268 0.733197 0.663440 0.529217 0.988342 0.879539 0.752962
0.835113 0.814763 0.690269 0.970100 0.827096 0.902742 0.480267 0.753818 0.000000 0.675083 0.973594 0.901153 0.951696 0.765346 0.893204 0.939773 0.976168 0.905550 0.840470 0.822477 0.964018 0.920688 0.948364 0.692867 0.955723 0.837993 0.731905 0.804722 0.971123 0.940245 0.693148 0.732664 0.864272 0.923301 0.781370 0.888235 0.920904 0.980792 0.906538 0.869953 0.817893 0.870211 0.544169 0.662871 0.573985 0.750080 0.900972 0.807239 0.917891 0.810135 0.954633 0.923738 0.907273 0.974941 0.816245 0.963648 0.879684 0.780882 0.927009 0.870103 0.705904 0.858466 0.951436 0.974740 0.741203 0.665011 0.587320 0.541603 0.730227 0.751399 0.961505 0.861111 0.853644 0.870861 0.980917 0.873524 0.970709 0.975683 0.970680 0.782992 0.935345 0.870900 0.868634 0.844495 0.995278 0.872679 0.801754 0.712483 0.988172 0.854580 0.672290 0.597869 0.598644 0.590160 0.844764 0.936967 0.831753 0.833009 0.669324 0.730842 0.651962 0.747956 0.989740 0.832514 0.789341 0.727342 0.807561 0.641956 0.976006 0.876305 0.696201 0.773708 0.779931 0.874873 0.751157 0.988920
0.711201 0.631775 0.935277 0.879706 0.888457 0.833608 0.578051 0.367607 0.675083 0.000000 0.461433 0.526185 0.725500 0.768727 0.964393 0.990674 0.445562 0.502429 0.740987 0.672961 0.864052 0.884374 0.662415 0.609006 0.625841 0.809645 0.677798 0.853976 0.456642 0.429366 0.832809 0.801607 0.657657 0.564385 0.904714 0.877555 0.969097 0.874198 0.911728 0.913176 0.974995 0.988088 0.630597 0.413577 0.488709 0.418858 0.747214 0.584852 0.615083 0.783059 0.650235 0.764088 0.794315 0.766755 0.840755 0.698179 0.596110 0.724601 0.745517 0.820400 0.552900 0.471398 0.491865 0.455156 0.756153 0.873499 0.934008 0.811603 0.916394 0.894191 0.930475 0.631393 0.670703 0.732293 0.787664 0.898858 0.670204 0.753931 0.735945 0.745812 0.564320 0.664115 0.883786 0.820246 0.918121 0.829773 0.929414 0.850746 0.825854 0.898924 0.788313 0.998140 0.969655 0.934228 0.967014 0.846239 0.834440 0.885824 0.458446 0.429739 0.675476 0.709918 0.726443 0.598542 0.953931 0.987902 0.825200 0.779763 0.843225 0.975287 0.808184 0.594149 0.618986 0.997790 0.971034 0.802519
0.365033 0.403749 0.662565 0.875506 0.814704 0.891395 0.814704 0.327305 0.973594 0.461433 0.000000 0.316402 0.553100 0.508828 0.922841 0.890210 0.322240 0.358210 0.470392 0.380651 0.772183 0.962317 0.557243 0.656870 0.501980 0.630444 0.871229 0.853436 0.296933 0.331576 0.887451 0.947279 0.729774 0.521459 0.749582 0.680568 0.778684 0.947450 0.879603 0.927312 0.889489 0.857803 0.895189 0.608779 0.756533 0.470959 0.774153 0.686123 0.388067 0.467490 0.451029 0.499248 0.553803 0.558949 0.733824 0.590855 0.413302 0.445333 0.439252 0.496516 0.572145 0.317801 0.306331 0.302732 0.515081 0.909595 0.799402 0.899196 0.657209 0.663187 0.813132 0.992382 0.536156 0.522357 0.796338 0.888224 0.534471 0.781236 0.662923 0.704080 0.453796 0.519817 0.878466 0.829065 0.972781 0.884860 0.735434 0.876996 0.871459 0.968017 0.913887 0.785563 0.778075 0.746917 0.984897 0.809569 0.893619 0.813407 0.545653 0.623728 0.685196 0.815095 0.689009 0.553335 0.936900 0.923959 0.969064 0.915286 0.935819 0.908551 0.966559 0.842886 0.557724 0.896990 0.983191 0.747077
0.287316 0.289215 0.566798 0.802131 0.804981 0.758561 0.996785 0.350130 0.901153 0.526185 0.316402 0.000000 0.413614 0.292555 0.795114 0.654201 0.316941 0.341718 0.384797 0.290274 0.826862 0.885443 0.766123 0.913161 0.515177 0.590746 0.970778 0.937067 0.336478 0.325029 0.831781 0.882949 0.772263 0.506064 0.660640 0.646122 0.763809 0.981159 0.839249 0.976803 0.934410 0.980626 0.935529 0.658243 0.927843 0.524478 0.806514 0.710143 0.357227 0.366365 0.361181 0.398380 0.475232 0.532519 0.760850 0.544455 0.371707 0.344477 0.428967 0.355545 0.601258 0.268587 0.321308 0.230222 0.541273 0.989841 0.657357 0.795122 0.557235 0.537551 0.886767 0.949654 0.551747 0.580474 0.734872 0.772925 0.464496 0.727556 0.772844 0.622704 0.402910 0.399225 0.689029 0.811393 0.872155 0.899691 0.776389 0.946077 0.873944 0.865424 0.974831 0.532989 0.566460 0.554398 0.929731 0.786349 0.983794 0.734061 0.636272 0.725785 0.702093 0.926327 0.658009 0.733077 0.912343 0.897345 0.980184 0.989792 0.930902 0.945565 0.963664 0.875219 0.572239 0.983577 0.973865 0.707355
0.493435 0.564180 0.974524 0.647862 0.985476 0.780624 0.720829 0.459970 0.951696 0.725500 0.553100 0.413614 0.000000 0.404097 0.550215 0.597366 0.547906 0.582492 0.565960 0.578251 0.742337 0.993370 0.885716 0.940282 0.709517 0.835058 0.932677 0.973640 0.559400 0.565702 0.939185 0.910614 0.690875 0.580734 0.904663 0.836630 0.753384 0.792792 0.817128 0.842082 0.939424 0.893342 0.930715 0.699112 0.933357 0.705029 0.836522 0.753548 0.626220 0.607237 0.552392 0.582720 0.641260 0.642280 0.919154 0.769312 0.663533 0.631207 0.495668 0.479614 0.420929 0.430577 0.461136 0.466319 0.975295 0.630897 0.974132 0.885902 0.870874 0.796650 0.840333 0.970462 0.797748 0.849575 0.823932 0.736538 0.633820 0.782773 0.840788 0.887176 0.672781 0.633550 0.700344 0.961519 0.636168 0.738222 0.900854 0.964120 0.936294 0.846465 0.778409 0.685298 0.864342 0.699368 0.938427 0.918292 0.910034 0.881607 0.601637 0.731810 0.572845 0.867923 0.679657 0.946477 0.744648 0.900837 0.939233 0.864622 0.986302 0.944734 0.936090 0.831136 0.627409 0.855845 0.788396 0.659727
0.353801 0.361299 0.662908 0.713921 0.836310 0.737451 0.891205 0.506810 0.765346 0.768727 0.508828 0.292555 0.404097 0.000000 0.638909 0.512510 0.454177 0.439500 0.408888 0.374452 0.858151 0.893941 0.951539 0.810726 0.695133 0.716611 0.870895 0.956175 0.497443 0.483006 0.875319 0.870536 0.805053 0.576847 0.733229 0.698914 0.747124 0.936368 0.775655 0.996923 0.974763 0.969380 0.858668 0.784504 0.908988 0.659854 0.853206 0.749016 0.452197 0.394709 0.418122 0.407881 0.504797 0.522371 0.810734 0.671327 0.521881 0.403666 0.528441 0.397362 0.687826 0.414525 0.445336 0.357975 0.710904 0.872732 0.666197 0.777164 0.616098 0.579303 0.910337 0.981324 0.652291 0.629276 0.717579 0.732259 0.578173 0.733395 0.742828 0.653258 0.487467 0.415796 0.648064 0.829418 0.703904 0.638755 0.768392 0.903816 0.971099 0.766222 0.920961 0.453271 0.517584 0.419805 0.914425 0.928782 0.871188 0.667558 0.789584 0.823312 0.809403 0.967242 0.737631 0.849047 0.841441 0.936300 0.994873 0.865007 0.995044 0.983718 0.962566 0.981395 0.712510 0.881790 0.979999 0.790849
0.827790 0.824766 0.836335 0.712587 0.890339 0.807319 0.821410 0.801797 0.893204 0.964393 0.922841 0.795114 0.550215 0.638909 0.000000 0.545477 0.861108 0.834780 0.784165 0.825602 0.943817 0.906869 0.575821 0.765616 0.942538 0.861065 0.823980 0.958270 0.898348 0.910764 0.801617 0.847155 0.678640 0.779638 0.838350 0.952969 0.925900 0.837522 0.866577 0.898317 0.881755 0.802494 0.823721 0.744501 0.969240 0.812738 0.918472 0.786897 0.874448 0.808127 0.825896 0.765354 0.846734 0.784773 0.956972 0.971718 0.908103 0.817521 0.874071 0.734669 0.716732 0.759935 0.761410 0.804921 0.680703 0.503883 0.765436 0.745488 0.966127 0.982194 0.970588 0.843020 0.924770 0.918238 0.854584 0.832615 0.766089 0.878613 0.830434 0.934576 0.894184 0.808015 0.732007 0.851762 0.590069 0.523727 0.886570 0.971181 0.865864 0.819345 0.777212 0.947191 0.982059 0.920032 0.907814 0.958240 0.964878 0.877210 0.829434 0.747421 0.698381 0.891114 0.997661 0.974182 0.799272 0.844698 0.851243 0.936961 0.955457 0.850375 0.982457 0.909346 0.960406 0.932740 0.683663 0.885509
0.782359 0.751149 0.864383 0.843138 0.969845 0.725830 0.901105 0.784936 0.939773 0.990674 0.890210 0.654201 0.597366 0.512510 0.545477 0.000000 0.863571 0.873580 0.781659 0.769423 0.946085 0.904112 0.785501 0.726579 0.896415 0.916191 0.878225 0.986466 0.885112 0.818309 0.968355 0.928730 0.913996 0.888021 0.961404 0.854029 0.866808 0.769167 0.932518 0.910919 0.862809 0.823998 0.928044 0.876885 0.752801 0.979768 0.988176 0.930518 0.885464 0.740245 0.811100 0.780623 0.937052 0.911659 0.960793 0.873990 0.814692 0.796389 0.867813 0.642796 0.892686 0.747613 0.774968 0.726224 0.964447 0.721204 0.898152 0.969991 0.901094 0.788993 0.986921 0.968606 0.975770 0.970341 0.832355 0.741376 0.844197 0.777694 0.964396 0.885001 0.860163 0.728670 0.808436 0.919570 0.712918 0.571135 0.860630 0.925724 0.923896 0.970686 0.886961 0.703403 0.726286 0.756861 0.909887 0.969665 0.842341 0.735032 0.971824 0.972247 0.779645 0.942551 0.994022 0.906877 0.886890 0.806104 0.858698 0.938134 0.991407 0.965311 0.978791 0.996619 0.894652 0.888541 0.850977 0.843940
0.371630 0.331152 0.760340 0.750275 0.752730 0.965211 0.819447 0.359475 0.976168 0.445562 0.322240 0.316941 0.547906 0.454177 0.861108 0.863571 0.000000 0.244027 0.364661 0.322545 0.937354 0.890875 0.775893 0.764241 0.639533 0.741381 0.879690 0.964923 0.330681 0.319688 0.979268 0.913985 0.607465 0.422110 0.776073 0.755879 0.921911 0.824539 0.917294 0.876078 0.919952 0.890415 0.861139 0.538804 0.713670 0.445116 0.652283 0.521167 0.361333 0.485302 0.414942 0.499127 0.528236 0.584257 0.614315 0.486637 0.340774 0.397072 0.524247 0.577435 0.615421 0.363852 0.331602 0.260002 0.619292 0.981662 0.784701 0.945517 0.585833 0.608853 0.993223 0.833951 0.477886 0.487017 0.709234 0.868789 0.498179 0.746044 0.624301 0.538811 0.298351 0.343058 0.698000 0.648933 0.793229 0.887140 0.783372 0.984005 0.852913 0.809963 0.990987 0.675006 0.720637 0.631652 0.901020 0.812039 0.968978 0.850489 0.490532 0.574517 0.743501 0.838623 0.561152 0.639563 0.886947 0.928982 0.841743 0.992390 0.997635 0.922977 0.938131 0.752110 0.556884 0.981842 0.988084 0.700096
0.347299 0.291702 0.793045 0.745641 0.775411 0.966961 0.892828 0.431103 0.905550 0.502429 0.358210 0.341718 0.582492 0.439500 0.834780 0.873580 0.244027 0.000000 0.312581 0.299004 0.993116 0.828619 0.843631 0.847028 0.722071 0.797056 0.915409 0.904310 0.320174 0.320220 0.937411 0.841150 0.567159 0.442817 0.810435 0.729405 0.959946 0.813413 0.920642 0.795647 0.758303 0.834491 0.876277 0.569345 0.756918 0.460934 0.665130 0.525065 0.346201 0.434943 0.396831 0.448927 0.487215 0.517267 0.563471 0.467651 0.334135 0.344561 0.561087 0.558577 0.680992 0.432578 0.353927 0.285028 0.613735 0.933570 0.723904 0.883504 0.549790 0.573619 0.982262 0.856158 0.423295 0.438014 0.778911 0.779404 0.492743 0.679417 0.548843 0.435336 0.277261 0.313340 0.639853 0.650465 0.805240 0.864634 0.768932 0.924393 0.863417 0.827651 0.984347 0.651807 0.670388 0.565994 0.916050 0.824324 0.969732 0.844075 0.564412 0.618382 0.780829 0.860827 0.569494 0.599925 0.828582 0.918958 0.943154 0.943549 0.944702 0.979174 0.955568 0.874013 0.573372 0.998069 0.996246 0.767301
0.381713 0.324479 0.713322 0.775044 0.690433 0.932269 0.982542 0.532600 0.840470 0.740987 0.470392 0.384797 0.565960 0.408888 0.784165 0.781659 0.364661 0.312581 0.000000 0.298556 0.960872 0.919470 0.974788 0.985482 0.791110 0.792614 0.954560 0.945070 0.437429 0.431786 0.995371 0.957546 0.640595 0.529483 0.779452 0.741130 0.874973 0.869301 0.852657 0.982966 0.784076 0.937029 0.962948 0.761695 0.949186 0.683267 0.703042 0.622972 0.453680 0.446252 0.472535 0.466714 0.529127 0.546348 0.547581 0.550973 0.387724 0.383346 0.590975 0.564637 0.808481 0.503260 0.477792 0.405461 0.640347 0.900832 0.668453 0.794837 0.523982 0.554924 0.962170 0.928501 0.467832 0.489728 0.812988 0.875286 0.440912 0.812705 0.633994 0.508283 0.364027 0.349610 0.662913 0.644155 0.772877 0.807379 0.738981 0.829589 0.879389 0.806195 0.969876 0.570734 0.636530 0.480260 0.879234 0.847322 0.995018 0.663059 0.778080 0.840632 0.819133 0.976632 0.642190 0.774716 0.908480 0.935207 0.981560 0.820718 0.957130 0.983239 0.917362 0.997472 0.697988 0.961942 0.932931 0.719582
0.287203 0.249452 0.613464 0.742977 0.758956 0.868891 0.906464 0.474173 0.822477 0.672961 0.380651 0.290274 0.578251 0.374452 0.825602 0.769423 0.322545 0.299004 0.298556 0.000000 0.972837 0.875790 0.862071 0.966134 0.731594 0.727140 0.943482 0.958232 0.373447 0.394942 0.889220 0.980833 0.757637 0.517124 0.716013 0.647783 0.870191 0.832462 0.930688 0.868996 0.810115 0.870090 0.887384 0.750931 0.991777 0.612759 0.795060 0.653095 0.322062 0.332525 0.347684 0.371056 0.430935 0.476166 0.600863 0.440683 0.338949 0.286620 0.537891 0.451857 0.820406 0.401891 0.456729 0.337303 0.534591 0.871243 0.550566 0.702104 0.454787 0.419322 0.947314 0.980598 0.448138 0.492674 0.800041 0.814392 0.412582 0.724147 0.643327 0.474442 0.307054 0.308166 0.605001 0.672396 0.811206 0.808612 0.719092 0.841967 0.877087 0.803609 0.888251 0.558718 0.590584 0.493106 0.859390 0.823643 0.995033 0.694601 0.740536 0.805483 0.830943 0.973270 0.648158 0.747521 0.868171 0.843122 0.966467 0.873716 0.952607 0.964878 0.947367 0.962109 0.663769 0.924618 0.970114 0.712811
0.972614 0.968849 0.931034 0.954872 0.915206 0.803466 0.799128 0.739770 0.964018 0.864052 0.772183 0.826862 0.742337 0.858151 0.943817 0.946085 0.937354 0.993116 0.960872 0.972837 0.000000 0.802180 0.921496 0.900082 0.833981 0.918722 0.973478 0.983406 0.872418 0.883076 0.913255 0.975074 0.890699 0.914532 0.958315 0.916001 0.669472 0.816969 0.763422 0.820662 0.661518 0.847728 0.991127 0.957919 0.952858 0.925700 0.837722 0.994400 0.958047 0.928248 0.960698 0.942132 0.958636 0.882902 0.850204 0.886572 0.991925 0.955509 0.775885 0.888433 0.752210 0.826251 0.771326 0.841396 0.971923 0.870248 0.852060 0.870484 0.869740 0.973367 0.964542 0.984221 0.916365 0.894319 0.907816 0.911054 0.898479 0.961689 0.902545 0.930258 0.959342 0.927567 0.919517 0.932481 0.865582 0.925929 0.919772 0.905217 0.932035 0.920588 0.749303 0.966872 0.960048 0.921081 0.983458 0.906902 0.909875 0.988734 0.912021 0.893475 0.854332 0.751312 0.952166 0.978017 0.864926 0.963975 0.900039 0.848465 0.863631 0.831023 0.874135 0.816128 0.911486 0.872024 0.908803 0.938633
0.857214 0.824493 0.995145 0.970980 0.971843 0.964478 0.912537 0.976819 0.920688 0.884374 0.962317 0.885443 0.993370 0.893941 0.906869 0.904112 0.890875 0.828619 0.919470 0.875790 0.802180 0.000000 0.929054 0.921075 0.910134 0.921561 0.988008 0.984028 0.927918 0.903467 0.915346 0.967798 0.942921 0.949470 0.915390 0.942649 0.914759 0.613825 0.990307 0.756503 0.769545 0.776496 0.921206 0.896071 0.951185 0.885691 0.858958 0.931976 0.817076 0.870084 0.850233 0.882245 0.909779 0.951480 0.966870 0.851686 0.874628 0.860847 0.997812 0.895011 0.922625 0.955993 0.958327 0.879421 0.887055 0.908211 0.869081 0.932920 0.918597 0.938458 0.906513 0.910918 0.902387 0.797694 0.924718 0.968242 0.917808 0.816892 0.946075 0.801946 0.827668 0.782989 0.901327 0.850724 0.903932 0.907256 0.867732 0.887811 0.964558 0.863448 0.974818 0.815411 0.914107 0.940081 0.986184 0.866064 0.954944 0.980623 0.990370 0.939770 0.965935 0.955500 0.897704 0.949746 0.941279 0.954934 0.953993 0.805900 0.851108 0.836909 0.933154 0.965050 0.919322 0.917805 0.983425 0.969095
0.805324 0.856881 0.560032 0.703502 0.852328 0.960555 0.948419 0.781491 0.948364 0.662415 0.557243 0.766123 0.885716 0.951539 0.575821 0.785501 0.775893 0.843631 0.974788 0.862071 0.921496 0.929054 0.000000 0.444982 0.564850 0.592732 0.750949 0.890656 0.682263 0.678924 0.794263 0.864951 0.826948 0.888880 0.719946 0.749351 0.883377 0.851930 0.910604 0.926722 0.889621 0.830488 0.968511 0.855076 0.849133 0.774166 0.994121 0.976459 0.770697 0.874273 0.885960 0.949606 0.958243 0.982185 0.915745 0.834386 0.721159 0.848377 0.788005 0.877845 0.950361 0.719607 0.722669 0.710366 0.453434 0.628922 0.759780 0.795884 0.841831 0.880852 0.835801 0.970665 0.896584 0.831436 0.982010 0.927406 0.858078 0.938713 0.988974 0.994897 0.845635 0.952168 0.756009 0.908655 0.543357 0.502594 0.910534 0.792709 0.861508 0.847875 0.854022 0.942698 0.848626 0.964206 0.994925 0.823402 0.977120 0.969363 0.879620 0.946276 0.973891 0.948987 0.980125 0.633427 0.817273 0.783645 0.825952 0.841813 0.842134 0.955457 0.908537 0.936201 0.841244 0.878923 0.772240 0.986843
0.990904 0.988972 0.922659 0.776022 0.959914 0.975614 0.726773 0.720279 0.692867 0.609006 0.656870 0.913161 0.940282 0.810726 0.765616 0.726579 0.764241 0.847028 0.985482 0.966134 0.900082 0.921075 0.444982 0.000000 0.678030 0.856524 0.661972 0.892753 0.701724 0.711384 0.971111 0.813709 0.855096 0.769642 0.943360 0.929780 0.976169 0.888749 0.866853 0.905883 0.958642 0.999237 0.763854 0.704175 0.631971 0.707677 0.895436 0.899501 0.890111 0.975975 0.969530 0.943590 0.908437 0.969205 0.888369 0.901465 0.814455 0.987074 0.888514 0.940960 0.816625 0.788042 0.698671 0.796466 0.752533 0.846267 0.911860 0.817034 0.933794 0.961080 0.981906 0.950557 0.849170 0.893009 0.885091 0.935545 0.837808 0.951225 0.881044 0.982515 0.862417 0.983207 0.785743 0.974401 0.684320 0.496073 0.999119 0.683451 0.842998 0.849968 0.891033 0.802958 0.855178 0.794001 0.976928 0.895264 0.959710 0.904927 0.628397 0.823759 0.847997 0.795498 0.976204 0.718619 0.955884 0.921659 0.989868 0.733618 0.861196 0.979985 0.899560 0.812036 0.870648 0.979767 0.993263 0.938902
0.707106 0.746515 0.536582 0.857831 0.997614 0.772564 0.962311 0.542161 0.955723 0.625841 0.501980 0.515177 0.709517 0.695133 0.942538 0.896415 0.639533 0.722071 0.791110 0.731594 0.833981 0.910134 0.564850 0.678030 0.000000 0.393630 0.671405 0.832364 0.571354 0.512032 0.693005 0.815099 0.996094 0.798978 0.701122 0.772077 0.636606 0.804547 0.905186 0.875580 0.918890 0.860109 0.965943 0.821983 0.970215 0.765592 0.864399 0.938263 0.730568 0.773641 0.793391 0.840371 0.906416 0.923705 0.975575 0.881915 0.711890 0.754218 0.577417 0.624028 0.632520 0.540546 0.484267 0.532159 0.545219 0.869660 0.809154 0.890214 0.949985 0.890176 0.706327 0.852542 0.829033 0.805551 0.867650 0.845056 0.797926 0.968061 0.925845 0.962561 0.814289 0.894699 0.939975 0.898447 0.721098 0.679062 0.927680 0.732326 0.726478 0.844471 0.903825 0.788912 0.761208 0.845280 0.983932 0.869745 0.909112 0.893115 0.753915 0.895893 0.818105 0.972955 0.870859 0.805528 0.896680 0.852225 0.971014 0.884179 0.905430 0.874786 0.956016 0.881895 0.783345 0.955361 0.866230 0.859424
0.743633 0.800624 0.391568 0.764737 0.940545 0.959163 0.792235 0.785256 0.837993 0.809645 0.630444 0.590746 0.835058 0.716611 0.861065 0.916191 0.741381 0.797056 0.792614 0.727140 0.918722 0.921561 0.592732 0.856524 0.393630 0.000000 0.865434 0.897648 0.730690 0.688272 0.474085 0.607759 0.758448 0.959227 0.570713 0.744273 0.624130 0.905289 0.775814 0.921171 0.940605 0.972933 0.667879 0.913430 0.839355 0.988386 0.993273 0.851427 0.810167 0.851340 0.901559 0.976686 0.979892 0.898462 0.959194 0.880378 0.723853 0.769527 0.633056 0.727391 0.874927 0.702154 0.691285 0.681021 0.502306 0.687970 0.677481 0.668145 0.814852 0.837212 0.734569 0.938381 0.852556 0.871054 0.914664 0.974240 0.858494 0.894323 0.953576 0.960513 0.938457 0.911683 0.957227 0.957838 0.716449 0.677607 0.808013 0.993356 0.791358 0.865324 0.619717 0.603930 0.559623 0.752028 0.832199 0.839171 0.912017 0.721473 0.979454 0.931837 0.941734 0.745419 0.974793 0.990162 0.836777 0.699505 0.900270 0.845920 0.961174 0.845367 0.959908 0.962583 0.993017 0.898525 0.783205 0.844238
0.902122 0.917419 0.996305 0.893187 0.963433 0.971789 0.695877 0.818475 0.731905 0.677798 0.871229 0.970778 0.932677 0.870895 0.823980 0.878225 0.879690 0.915409 0.954560 0.943482 0.973478 0.988008 0.750949 0.661972 0.671405 0.865434 0.000000 0.709120 0.818948 0.884687 0.940160 0.863553 0.847318 0.885040 0.751627 0.954488 0.996628 0.929289 0.951173 0.931073 0.990775 0.956012 0.727007 0.818262 0.692279 0.840136 0.956448 0.882976 0.974849 0.781952 0.944186 0.824887 0.840121 0.865034 0.921376 0.995507 0.948713 0.813027 0.983948 0.865806 0.750922 0.875093 0.846896 0.905387 0.900430 0.986336 0.769375 0.721573 0.851651 0.736055 0.923689 0.978635 0.889335 0.924302 0.987049 0.951162 0.921914 0.854070 0.897800 0.956256 0.978494 0.940367 0.847758 0.974395 0.830057 0.667735 0.940628 0.779909 0.754461 0.818217 0.893276 0.834455 0.829154 0.840045 0.911334 0.901155 0.911121 0.787371 0.673648 0.747481 0.851953 0.801382 0.955740 0.809728 0.968676 0.922000 0.993584 0.739663 0.838797 0.960420 0.816822 0.802616 0.807918 0.774112 0.884099 0.892581
0.991040 0.986371 0.978661 0.955860 0.941900 0.982516 0.859166 0.887818 0.804722 0.853976 0.853436 0.937067 0.973640 0.956175 0.958270 0.986466 0.964923 0.904310 0.945070 0.958232 0.983406 0.984028 0.890656 0.892753 0.832364 0.897648 0.709120 0.000000 0.864701 0.878486 0.965244 0.852458 0.971018 0.976611 0.907362 0.766243 0.853664 0.998741 0.965417 0.970818 0.882538 0.919447 0.857744 0.967081 0.872908 0.872304 0.896884 0.902100 0.990249 0.989225 0.982982 0.998143 0.964872 0.953107 0.984365 0.914866 0.957361 0.969865 0.981039 0.986179 0.928199 0.892214 0.922904 0.937771 0.912841 0.949291 0.979280 0.955749 0.955933 0.954256 0.928540 0.957120 0.822820 0.952532 0.972429 0.954180 0.958376 0.895868 0.984865 0.999555 0.961739 0.942336 0.960718 0.919837 0.814669 0.817400 0.899960 0.848574 0.814642 0.682065 0.937841 0.912877 0.905354 0.970531 0.930580 0.839665 0.919031 0.959324 0.978530 0.953884 0.997876 0.967189 0.944620 0.797275 0.972839 0.990001 0.978713 0.901159 0.789338 0.879703 0.867593 0.996137 0.945991 0.900563 0.944656 0.991021
0.368817 0.341953 0.705786 0.856737 0.852659 0.760085 0.870432 0.343063 0.971123 0.456642 0.296933 0.336478 0.559400 0.497443 0.898348 0.885112 0.330681 0.320174 0.437429 0.373447 0.872418 0.927918 0.682263 0.701724 0.571354 0.730690 0.818948 0.864701 0.000000 0.304182 0.980070 0.881233 0.625028 0.458074 0.805825 0.715198 0.842532 0.897250 0.888779 0.933940 0.843946 0.892147 0.877845 0.561303 0.743421 0.422484 0.718344 0.621025 0.355970 0.408719 0.365271 0.426074 0.480490 0.473515 0.675033 0.507228 0.404527 0.403443 0.459718 0.486226 0.594009 0.312782 0.332530 0.296643 0.551589 0.953576 0.759848 0.904628 0.680963 0.645139 0.862066 0.996507 0.448841 0.516292 0.764820 0.798344 0.451394 0.753989 0.644154 0.563725 0.399047 0.470271 0.763841 0.785172 0.942476 0.947108 0.820007 0.906043 0.879361 0.925552 0.870802 0.732209 0.801978 0.713599 0.876504 0.824155 0.941538 0.814888 0.526092 0.648919 0.682675 0.770773 0.637653 0.567016 0.818029 0.916973 0.983030 0.953060 0.910487 0.903998 0.972315 0.823906 0.531699 0.964587 0.896418 0.766068
0.427355 0.357218 0.709902 0.853841 0.909185 0.820894 0.864538 0.326865 0.940245 0.429366 0.331576 0.325029 0.565702 0.483006 0.910764 0.818309 0.319688 0.320220 0.431786 0.394942 0.883076 0.903467 0.678924 0.711384 0.512032 0.688272 0.884687 0.878486 0.304182 0.000000 0.908696 0.894545 0.664495 0.403943 0.729396 0.658090 0.896647 0.931129 0.914596 0.832947 0.851737 0.899569 0.808221 0.485614 0.711220 0.401083 0.678055 0.587201 0.398789 0.444136 0.439367 0.480132 0.554798 0.551104 0.727659 0.631369 0.379377 0.405505 0.558851 0.504705 0.611332 0.340298 0.293140 0.250178 0.534434 0.956713 0.701512 0.926550 0.736363 0.655110 0.975120 0.894690 0.560355 0.548521 0.786358 0.804070 0.515597 0.694749 0.655920 0.563467 0.381714 0.471077 0.812142 0.725189 0.993416 0.958095 0.778722 0.912814 0.805428 0.998579 0.962390 0.679570 0.706209 0.666214 0.967194 0.764672 0.967529 0.821915 0.577749 0.730841 0.619314 0.794393 0.630955 0.595755 0.900203 0.922853 0.963373 0.986331 0.941046 0.925262 0.903704 0.780075 0.514646 0.963814 0.977074 0.765481
0.905569 0.976104 0.597730 0.903091 0.971958 0.974925 0.740109 0.930949 0.693148 0.832809 0.887451 0.831781 0.939185 0.875319 0.801617 0.968355 0.979268 0.937411 0.995371 0.889220 0.913255 0.915346 0.794263 0.971111 0.693005 0.474085 0.940160 0.965244 0.980070 0.908696 0.000000 0.475161 0.674997 0.777479 0.772250 0.916465 0.702767 0.893541 0.901893 0.927744 0.960306 0.985384 0.438965 0.530985 0.596456 0.656809 0.752128 0.628955 0.947108 0.986225 0.971663 0.900626 0.909910 0.811899 0.980768 0.959094 0.993324 0.983788 0.658939 0.900364 0.986582 0.928931 0.984177 0.981070 0.794277 0.772925 0.832459 0.636121 0.771245 0.830740 0.664569 0.768518 0.943177 0.963039 0.893204 0.942591 0.901653 0.739673 0.877468 0.786552 0.874764 0.971999 0.969389 0.972620 0.899561 0.824964 0.943106 0.760540 0.916247 0.936243 0.706134 0.745898 0.747258 0.858104 0.841148 0.952909 0.970011 0.946043 0.840266 0.794395 0.713655 0.727548 0.811960 0.869755 0.875160 0.721547 0.881135 0.915106 0.946571 0.812259 0.826517 0.801583 0.843992 0.991887 0.763478 0.817732
0.909337 0.949835 0.682558 0.848149 0.984332 0.859299 0.694883 0.877843 0.732664 0.801607 0.947279 0.882949 0.910614 0.870536 0.847155 0.928730 0.913985 0.841150 0.957546 0.980833 0.975074 0.967798 0.864951 0.813709 0.815099 0.607759 0.863553 0.852458 0.881233 0.894545 0.475161 0.000000 0.557432 0.757253 0.771979 0.999957 0.787982 0.845051 0.810847 0.806637 0.993625 0.952048 0.517727 0.577490 0.595412 0.661084 0.750520 0.558073 0.943679 0.975074 0.926616 0.914466 0.960132 0.819964 0.874231 0.944290 0.959969 0.998484 0.754014 0.911266 0.963809 0.996012 0.970486 0.981002 0.826489 0.783918 0.900479 0.648598 0.817817 0.987101 0.663975 0.754130 0.879096 0.988736 0.924251 0.940292 0.867314 0.822985 0.748133 0.717482 0.813203 0.942431 0.902554 0.933828 0.915074 0.870092 0.969395 0.756387 0.985363 0.990878 0.734177 0.762705 0.780808 0.867585 0.952583 0.885648 0.976817 0.840218 0.838018 0.852770 0.803061 0.742461 0.844832 0.880603 0.803806 0.890119 0.944501 0.895705 0.913476 0.773688 0.745843 0.785025 0.967396 0.969851 0.880483 0.881000
0.805579 0.729337 0.686319 0.608763 0.993421 0.834234 0.535980 0.598316 0.864272 0.657657 0.729774 0.772263 0.690875 0.805053 0.678640 0.913996 0.607465 0.567159 0.640595 0.757637 0.890699 0.942921 0.826948 0.855096 0.996094 0.758448 0.847318 0.971018 0.625028 0.664495 0.674997 0.557432 0.000000 0.531198 0.744611 0.902892 0.792197 0.892804 0.982377 0.898707 0.985831 0.957981 0.557397 0.524505 0.557587 0.558925 0.791269 0.548197 0.782812 0.867075 0.771822 0.795955 0.842193 0.736691 0.770495 0.880209 0.732358 0.788219 0.860000 0.911994 0.604520 0.695318 0.646566 0.665408 0.843746 0.646313 0.751007 0.625386 0.990458 0.949365 0.927727 0.807559 0.734627 0.802944 0.790379 0.930164 0.683967 0.787216 0.611288 0.655366 0.628247 0.720970 0.782470 0.780154 0.665014 0.785392 0.974330 0.985001 0.991906 0.886442 0.721769 0.984713 0.866520 0.986066 0.978818 0.987803 0.915860 0.809326 0.606007 0.586972 0.745074 0.661635 0.746861 0.734859 0.697675 0.857197 0.830969 0.803878 0.978031 0.901843 0.782138 0.749819 0.717848 0.943571 0.907252 0.861573
0.541362 0.513034 0.967867 0.749877 0.954964 0.866988 0.692243 0.432846 0.923301 0.564385 0.521459 0.506064 0.580734 0.576847 0.779638 0.888021 0.422110 0.442817 0.529483 0.517124 0.914532 0.949470 0.888880 0.769642 0.798978 0.959227 0.885040 0.976611 0.458074 0.403943 0.777479 0.757253 0.531198 0.000000 0.996446 0.845528 0.960390 0.865539 0.977132 0.864127 0.920468 0.957011 0.632451 0.414211 0.588891 0.427384 0.702090 0.570729 0.535843 0.614503 0.561819 0.598199 0.657368 0.617827 0.829473 0.703608 0.565411 0.602620 0.708093 0.667476 0.601772 0.467719 0.412592 0.429652 0.801667 0.795521 0.971251 0.779208 0.907075 0.857035 0.881620 0.755815 0.668198 0.713981 0.798900 0.894135 0.455730 0.751185 0.669491 0.663940 0.502643 0.592839 0.720443 0.749364 0.806050 0.860954 0.885206 0.871033 0.869111 0.940227 0.827442 0.791314 0.871737 0.780831 0.964670 0.783719 0.954214 0.959758 0.499928 0.688143 0.703699 0.773959 0.593385 0.778774 0.870184 0.986122 0.895129 0.929393 0.941665 0.927301 0.875856 0.689929 0.569080 0.935821 0.914346 0.877641
0.729847 0.745045 0.495371 0.885634 0.878845 0.924160 0.701322 0.859157 0.781370 0.904714 0.749582 0.660640 0.904663 0.733229 0.838350 0.961404 0.776073 0.810435 0.779452 0.716013 0.958315 0.915390 0.719946 0.943360 0.701122 0.570713 0.751627 0.907362 0.805825 0.729396 0.772250 0.771979 0.744611 0.996446 0.000000 0.793407 0.704299 0.966154 0.970092 0.887799 0.961866 0.951958 0.712995 0.976113 0.849799 0.922912 0.913981 0.987381 0.726434 0.660066 0.829207 0.798392 0.841073 0.939752 0.994573 0.833935 0.698092 0.652371 0.834514 0.715333 0.889604 0.811418 0.780225 0.718289 0.577058 0.675290 0.532366 0.589277 0.734115 0.622087 0.931301 0.965045 0.838457 0.910411 0.914577 0.958535 0.970413 0.981423 0.907976 0.880115 0.819492 0.816498 0.835453 0.917890 0.744595 0.808338 0.872033 0.903716 0.879793 0.984700 0.696622 0.665722 0.680965 0.652185 0.924516 0.821703 0.905920 0.705513 0.902104 0.759844 0.894578 0.788469 0.981339 0.994634 0.751683 0.805519 0.976810 0.834377 0.969614 0.936336 0.921912 0.912401 0.909913 0.859651 0.647364 0.869473
0.636304 0.615155 0.631209 0.955608 0.917619 0.997867 0.793496 0.773842 0.888235 0.877555 0.680568 0.646122 0.836630 0.698914 0.952969 0.854029 0.755879 0.729405 0.741130 0.647783 0.916001 0.942649 0.749351 0.929780 0.772077 0.744273 0.954488 0.766243 0.715198 0.658090 0.916465 0.999957 0.902892 0.845528 0.793407 0.000000 0.771864 0.986778 0.952587 0.962803 0.936557 0.989696 0.837077 0.946959 0.919896 0.766304 0.938711 0.894215 0.643944 0.577920 0.631902 0.614352 0.684448 0.678147 0.757710 0.764451 0.577591 0.552216 0.719229 0.582531 0.944450 0.662103 0.688413 0.631602 0.633402 0.819904 0.605803 0.703402 0.672293 0.641336 0.981104 0.925740 0.808308 0.880626 0.959728 0.832975 0.684874 0.994282 0.861181 0.904604 0.784163 0.741170 0.938912 0.857848 0.875804 0.947569 0.663330 0.910157 0.975277 0.948113 0.783565 0.707698 0.564123 0.672680 0.890126 0.963502 0.950212 0.667983 0.989861 0.913732 0.942754 0.963589 0.901664 0.740795 0.959430 0.961480 0.864711 0.815956 0.974985 0.952445 0.862178 0.852792 0.899666 0.955423 0.984394 0.894013
0.816917 0.883791 0.731062 0.946338 0.953344 0.840642 0.957697 0.789545 0.920904 0.969097 0.778684 0.763809 0.753384 0.747124 0.925900 0.866808 0.921911 0.959946 0.874973 0.870191 0.669472 0.914759 0.883377 0.976169 0.636606 0.624130 0.996628 0.853664 0.842532 0.896647 0.702767 0.787982 0.792197 0.960390 0.704299 0.771864 0.000000 0.765242 0.765415 0.668005 0.844999 0.768707 0.789309 0.878533 0.777627 0.963962 0.977438 0.912096 0.910193 0.842453 0.890231 0.892418 0.924630 0.962137 0.962484 0.982601 0.880700 0.857275 0.603350 0.693738 0.805595 0.792966 0.777254 0.817784 0.872928 0.942939 0.885076 0.857709 0.986622 0.953876 0.753029 0.822856 0.967493 0.928438 0.961394 0.962698 0.883726 0.778072 0.985400 0.891040 0.958693 0.963746 0.911882 0.785554 0.883030 0.922422 0.822833 0.840000 0.960693 0.875400 0.990965 0.830475 0.959706 0.892485 0.978818 0.931386 0.933478 0.805637 0.998363 0.974933 0.960930 0.965255 0.989906 0.984753 0.957553 0.932510 0.959985 0.978572 0.934602 0.965451 0.965754 0.924253 0.931409 0.900607 0.969911 0.934397
0.918914 0.867023 0.948446 0.870787 0.794275 0.954940 0.976916 0.987175 0.980792 0.874198 0.947450 0.981159 0.792792 0.936368 0.837522 0.769167 0.824539 0.813413 0.869301 0.832462 0.816969 0.613825 0.851930 0.888749 0.804547 0.905289 0.929289 0.998741 0.897250 0.931129 0.893541 0.845051 0.892804 0.865539 0.966154 0.986778 0.765242 0.000000 0.832600 0.752983 0.647333 0.783394 0.931566 0.974220 0.776202 0.822018 0.886202 0.870733 0.853838 0.956295 0.908856 0.933122 0.869129 0.921018 0.837718 0.731884 0.868641 0.853819 0.992377 0.852080 0.916310 0.951597 0.908159 0.920585 0.904563 0.940897 0.921684 0.984904 0.807524 0.845755 0.864104 0.796146 0.721918 0.786522 0.967934 0.921939 0.791316 0.893506 0.886047 0.738652 0.742038 0.738615 0.853002 0.618027 0.875601 0.881081 0.960060 0.787727 0.996471 0.725217 0.920735 0.893177 0.939606 0.993288 0.984597 0.798111 0.801659 0.886051 0.952956 0.869315 0.857720 0.990490 0.912551 0.797674 0.955922 0.944921 0.789954 0.858125 0.836450 0.897319 0.976783 0.943691 0.985541 0.927635 0.901993 0.871179
