0.000000 0.235437 0.809249 0.543938 0.775338 0.558985 0.656412 0.487857 0.774595 0.675829 0.332387 0.289416 0.393767 0.484972 0.575654 0.428199 0.292169 0.353510 0.388581 0.347646 0.703472 0.925990 0.759408 0.735419 0.905602 0.998150 0.943215 0.925751 0.450766 0.458395 0.909419 0.941573 0.473457 0.469453 0.851615 0.705794 0.726121 0.760078 0.800444 0.629494 0.723461 0.765167 0.691496 0.700098 0.733366 0.620836 0.389564 0.374175 0.449895 0.459459 0.724498 0.652526 0.990248 0.689100 0.535602 0.491791 0.278722 0.267368 0.301979 0.397468 0.311221 0.378607 0.399891 0.336381 0.674058 0.429451 0.761780 0.799048 0.416623 0.468068 0.716209 0.753641 0.698442 0.649596 0.702335 0.744726 0.633280 0.737037 0.463706 0.521333 0.274278 0.277447 0.676798 0.400687 0.525832 0.580957 0.964420 0.887677 0.659814 0.538847 0.799167 0.940227 0.774705 0.974196 0.663457 0.753458 0.697526 0.732907 0.533608 0.601688 0.898162 0.958401 0.700234 0.724717 0.600074 0.599739 0.956321 0.978696 0.754882 0.924790 0.954931 0.499715 0.709289 0.963856 0.758560 0.969179
0.235437 0.000000 0.745105 0.479655 0.840351 0.537395 0.615034 0.463402 0.690231 0.664500 0.325011 0.278773 0.422903 0.474453 0.581738 0.367749 0.275985 0.327087 0.389794 0.311377 0.672462 0.973100 0.737622 0.659541 0.882290 0.925901 0.915452 0.878762 0.347023 0.412354 0.798681 0.803500 0.398467 0.391885 0.943885 0.665861 0.678835 0.737396 0.749511 0.637484 0.738310 0.701226 0.596784 0.582164 0.685625 0.561977 0.386198 0.378985 0.412001 0.420027 0.592536 0.573497 0.870234 0.787592 0.599992 0.532010 0.238234 0.225237 0.351530 0.413176 0.303522 0.382786 0.402508 0.339017 0.648481 0.430607 0.722113 0.712860 0.397736 0.437517 0.620990 0.633352 0.607759 0.563450 0.693005 0.812814 0.587208 0.658197 0.431826 0.447042 0.307184 0.326748 0.641617 0.435207 0.570097 0.587417 0.954397 0.923372 0.671293 0.596380 0.760844 0.878438 0.754112 0.973911 0.617848 0.733830 0.773171 0.731956 0.531640 0.561741 0.883891 0.989943 0.709770 0.754155 0.606040 0.561959 0.961034 0.918608 0.777160 0.971238 0.929387 0.500232 0.724256 0.903070 0.806969 0.965077
0.809249 0.745105 0.000000 0.390391 0.919909 0.806380 0.532489 0.665141 0.676711 0.939372 0.853704 0.862254 0.704496 0.847850 0.762149 0.666947 0.985344 0.947545 0.622220 0.766456 0.658583 0.894423 0.663789 0.729444 0.420536 0.427798 0.959273 0.929725 0.837904 0.926046 0.589965 0.627210 0.595781 0.679878 0.900660 0.893710 0.595879 0.622191 0.545091 0.729026 0.842717 0.832860 0.656489 0.702828 0.840976 0.797988 0.645632 0.803769 0.895238 0.748555 0.656609 0.694067 0.860814 0.963451 0.767184 0.891039 0.833282 0.818641 0.813091 0.735366 0.624369 0.786766 0.957083 0.962101 0.428593 0.498463 0.631247 0.582060 0.679235 0.599817 0.694544 0.643395 0.689332 0.612253 0.929472 0.886307 0.633827 0.753698 0.607085 0.817795 0.929798 0.860366 0.933746 0.911313 0.735353 0.734242 0.901442 0.879440 0.936145 0.905322 0.602055 0.535406 0.554431 0.629789 0.870539 0.928782 0.774420 0.785469 0.847372 0.782100 0.982014 0.806059 0.964945 0.976952 0.686056 0.804095 0.921193 0.758802 0.881626 0.958390 0.987157 0.864133 0.747179 0.874753 0.764026 0.922276
0.543938 0.479655 0.390391 0.000000 0.913707 0.619090 0.484089 0.388226 0.591340 0.746243 0.523147 0.484595 0.462537 0.452636 0.558118 0.438412 0.724062 0.647283 0.472211 0.488121 0.580135 0.982086 0.562543 0.558540 0.598100 0.540680 0.898121 0.880004 0.585947 0.633265 0.637543 0.640929 0.454959 0.515748 0.893210 0.812135 0.593743 0.626423 0.575098 0.706831 0.880370 0.917007 0.606818 0.611773 0.727603 0.665419 0.530234 0.672384 0.616036 0.474179 0.517045 0.514559 0.728559 0.966575 0.629634 0.663274 0.621041 0.583724 0.683808 0.634009 0.431869 0.498650 0.721998 0.673756 0.406936 0.341787 0.670292 0.656168 0.522897 0.318538 0.636043 0.658328 0.807528 0.685646 0.807699 0.764037 0.644790 0.718173 0.434362 0.619889 0.668332 0.548189 0.770350 0.667016 0.564272 0.551310 0.922333 0.983808 0.774826 0.646174 0.627919 0.646250 0.547224 0.666204 0.646888 0.774172 0.795052 0.811707 0.696830 0.723373 0.879436 0.796495 0.879098 0.947762 0.603802 0.688388 0.911486 0.980947 0.972307 0.972051 0.923868 0.808863 0.734367 0.948507 0.676472 0.848896
0.775338 0.840351 0.919909 0.913707 0.000000 0.982229 0.898295 0.856784 0.954968 0.893406 0.871164 0.784628 0.623506 0.779963 0.634719 0.725135 0.879992 0.854094 0.874024 0.898223 0.996471 0.801740 0.709252 0.656911 0.855305 0.866450 0.645749 0.976708 0.908229 0.816000 0.927507 0.889411 0.813136 0.987901 0.971869 0.992296 0.929199 0.978671 0.957174 0.889135 0.977935 0.848785 0.885640 0.880619 0.830406 0.742869 0.745494 0.779898 0.644447 0.730446 0.835658 0.733161 0.802729 0.896942 0.749293 0.765829 0.869736 0.775469 0.812688 0.788539 0.699683 0.759908 0.763605 0.734777 0.746716 0.813531 0.984426 0.946379 0.911271 0.840536 0.812770 0.786632 0.785929 0.942256 0.829620 0.923715 0.937337 0.895157 0.995165 0.749190 0.759726 0.786399 0.794923 0.751639 0.628516 0.664069 0.676336 0.820496 0.650201 0.620651 0.974893 0.838535 0.887189 0.870499 0.926752 0.970831 0.940633 0.911016 0.901676 0.826448 0.845874 0.957805 0.952029 0.981087 0.962667 0.892137 0.854007 0.964625 0.940065 0.994152 0.922439 0.839647 0.727004 0.988184 0.962023 0.841839
0.558985 0.537395 0.806380 0.619090 0.982229 0.000000 0.652541 0.544135 0.731970 0.768758 0.686021 0.589979 0.767789 0.738349 0.899586 0.607871 0.642359 0.696026 0.625674 0.679886 0.711642 0.911094 0.930085 0.857281 0.906988 0.841440 0.796501 0.888864 0.739939 0.719340 0.784598 0.734532 0.594222 0.618477 0.957352 0.737446 0.782336 0.904771 0.858504 0.692937 0.748596 0.855286 0.571184 0.656065 0.824049 0.792055 0.697571 0.779565 0.719235 0.715546 0.706800 0.694619 0.847110 0.946643 0.774545 0.688121 0.610985 0.700533 0.616130 0.724925 0.678085 0.602247 0.862713 0.714791 0.878328 0.589451 0.795406 0.650577 0.736205 0.827526 0.582093 0.646170 0.653291 0.709429 0.885923 0.987269 0.697591 0.762421 0.724132 0.649903 0.647628 0.651552 0.978784 0.790799 0.834113 0.842515 0.938701 0.834040 0.976896 0.893201 0.677575 0.813842 0.722829 0.883372 0.653233 0.884265 0.811998 0.802799 0.569850 0.730104 0.785130 0.991901 0.820780 0.899906 0.723638 0.889894 0.978416 0.991374 0.905447 0.982224 0.933899 0.729593 0.763537 0.803954 0.822264 0.984745
0.656412 0.615034 0.532489 0.484089 0.898295 0.652541 0.000000 0.357082 0.348016 0.475972 0.580502 0.640848 0.696458 0.763888 0.636430 0.442583 0.590685 0.522322 0.340943 0.538653 0.694995 0.939947 0.536277 0.686304 0.865585 0.814973 0.834250 0.884384 0.491358 0.433948 0.337875 0.364267 0.299541 0.298110 0.910426 0.985009 0.829241 0.751689 0.833602 0.897560 0.944215 0.938168 0.308009 0.354997 0.303028 0.363817 0.646818 0.630301 0.555279 0.653365 0.491965 0.537808 0.558490 0.683244 0.741823 0.747152 0.525874 0.791160 0.747471 0.982774 0.438309 0.735048 0.626527 0.627495 0.691978 0.747811 0.313841 0.424696 0.786307 0.695844 0.515861 0.500448 0.542039 0.516991 0.881225 0.803902 0.521491 0.487902 0.560979 0.564090 0.651171 0.692255 0.676600 0.842561 0.737584 0.796612 0.941262 0.968034 0.978052 0.865978 0.475222 0.542367 0.597182 0.698394 0.608998 0.614913 0.651744 0.582771 0.397978 0.385598 0.785565 0.531808 0.640516 0.754715 0.569354 0.804614 0.828569 0.846462 0.764832 0.955363 0.814437 0.635526 0.424926 0.864668 0.664109 0.946894
0.487857 0.463402 0.665141 0.388226 0.856784 0.544135 0.357082 0.000000 0.423495 0.338696 0.409678 0.330795 0.529366 0.490417 0.657991 0.457855 0.504941 0.463355 0.421212 0.421737 0.747587 0.961096 0.727129 0.768783 0.937904 0.927788 0.866671 0.998616 0.459833 0.429428 0.641675 0.659995 0.441246 0.366187 0.951525 0.837840 0.785721 0.795860 0.895857 0.749096 0.913524 0.978415 0.430585 0.508272 0.459651 0.444671 0.545752 0.535171 0.470219 0.563112 0.511931 0.531730 0.712692 0.923375 0.640682 0.560589 0.525042 0.622192 0.583512 0.736096 0.344023 0.331644 0.533968 0.420711 0.710739 0.506650 0.549026 0.564951 0.678279 0.509108 0.560495 0.609397 0.702409 0.664334 0.740085 0.765753 0.539346 0.668194 0.510328 0.553103 0.521132 0.531645 0.775312 0.723080 0.716558 0.783564 0.947719 0.907427 0.858328 0.646318 0.525472 0.702016 0.586794 0.809565 0.625099 0.669026 0.628639 0.620583 0.400510 0.442835 0.685277 0.710597 0.705655 0.759936 0.561736 0.719857 0.945399 0.991081 0.740273 0.952351 0.820038 0.614918 0.513722 0.903795 0.677551 0.904358
0.774595 0.690231 0.676711 0.591340 0.954968 0.731970 0.348016 0.423495 0.000000 0.406495 0.606216 0.624717 0.791929 0.801438 0.756572 0.567966 0.657501 0.553052 0.533801 0.575128 0.728083 0.971990 0.742497 0.876541 0.996244 0.778187 0.818246 0.914647 0.502160 0.518594 0.406395 0.467202 0.478442 0.404909 0.940948 0.981354 0.777184 0.881497 0.796048 0.845416 0.958999 0.873143 0.403463 0.426361 0.404534 0.497238 0.826269 0.735818 0.679306 0.722275 0.517475 0.592560 0.550328 0.634807 0.903541 0.881348 0.579610 0.872832 0.917841 0.882176 0.599424 0.709631 0.664574 0.633240 0.812851 0.848670 0.499088 0.601547 0.825945 0.731782 0.492302 0.520720 0.634899 0.668188 0.994208 0.796339 0.504674 0.527746 0.607344 0.592142 0.739992 0.848231 0.733455 0.901523 0.950348 0.972109 0.814786 0.903520 0.822605 0.961644 0.461734 0.531183 0.602701 0.612143 0.647941 0.755521 0.770629 0.654242 0.510023 0.467381 0.674386 0.493894 0.697173 0.737842 0.654747 0.912910 0.918051 0.859863 0.850706 0.922180 0.858406 0.646699 0.637760 0.958174 0.702976 0.911856
0.675829 0.664500 0.939372 0.746243 0.893406 0.768758 0.475972 0.338696 0.406495 0.000000 0.531180 0.506794 0.802171 0.751284 0.842746 0.643788 0.524185 0.443726 0.583041 0.507083 0.889170 0.882255 0.912257 0.957849 0.839539 0.903637 0.843972 0.885112 0.460501 0.450398 0.649751 0.710623 0.600074 0.444987 0.877733 0.974043 0.814809 0.877962 0.848948 0.831560 0.978620 0.945285 0.467012 0.536828 0.400366 0.448806 0.812874 0.682835 0.586779 0.809018 0.670442 0.719264 0.709101 0.802215 0.879683 0.779682 0.575616 0.784694 0.796535 0.944533 0.560956 0.558465 0.523998 0.439497 0.974914 0.892880 0.574790 0.671922 0.850311 0.782341 0.529263 0.602560 0.716631 0.691139 0.903609 0.816245 0.621687 0.598834 0.651568 0.644470 0.610980 0.787030 0.851030 0.942012 0.969650 0.887578 0.873282 0.796188 0.970446 0.808158 0.479632 0.665050 0.642698 0.765378 0.766462 0.667158 0.759615 0.670866 0.347834 0.410495 0.594733 0.620393 0.583658 0.614049 0.646886 0.821984 0.922259 0.992626 0.702672 0.980532 0.647508 0.584056 0.548747 0.964250 0.770850 0.920133
0.332387 0.325011 0.853704 0.523147 0.871164 0.686021 0.580502 0.409678 0.606216 0.531180 0.000000 0.272146 0.522765 0.440272 0.638016 0.481814 0.300868 0.260783 0.360779 0.354809 0.714667 0.896601 0.823683 0.739088 0.892866 0.934321 0.997192 0.964970 0.324079 0.303827 0.758667 0.823600 0.454076 0.378836 0.904580 0.687581 0.774987 0.750858 0.803209 0.671274 0.770177 0.847331 0.621471 0.625402 0.648202 0.554493 0.528599 0.515617 0.518049 0.580461 0.657733 0.682747 0.870900 0.898517 0.692340 0.640787 0.322719 0.356683 0.480158 0.583265 0.371312 0.414757 0.345824 0.274821 0.863635 0.544792 0.731621 0.735040 0.557488 0.512527 0.710138 0.681367 0.611653 0.622201 0.776806 0.635165 0.604131 0.702352 0.420355 0.488144 0.356364 0.351836 0.719681 0.503604 0.741455 0.734203 0.993286 0.936929 0.759265 0.579221 0.795895 0.937933 0.847463 0.926742 0.668511 0.731919 0.782339 0.725335 0.552602 0.664863 0.863693 0.840409 0.689465 0.714308 0.658106 0.750488 0.822033 0.897062 0.750913 0.921912 0.936245 0.579165 0.656047 0.924427 0.748075 0.852783
0.289416 0.278773 0.862254 0.484595 0.784628 0.589979 0.640848 0.330795 0.624717 0.506794 0.272146 0.000000 0.372671 0.325112 0.544190 0.388400 0.315809 0.341978 0.473478 0.362599 0.715203 0.965884 0.798426 0.703022 0.958362 0.938291 0.952974 0.896037 0.384644 0.396605 0.890390 0.903928 0.507232 0.452719 0.925684 0.715008 0.750030 0.794069 0.887549 0.642696 0.841002 0.897419 0.624556 0.631725 0.647639 0.506852 0.438372 0.413943 0.378724 0.415124 0.561860 0.538385 0.795359 0.887644 0.532669 0.534706 0.363079 0.326554 0.441446 0.518395 0.315137 0.240627 0.359713 0.245687 0.738109 0.432011 0.820386 0.799378 0.514421 0.434016 0.720852 0.770880 0.770445 0.755281 0.681065 0.753841 0.613766 0.743658 0.481025 0.494122 0.300271 0.300089 0.646589 0.437445 0.611098 0.616850 0.941089 0.934746 0.626099 0.509829 0.757601 0.961662 0.798543 0.989260 0.665479 0.739702 0.789518 0.767800 0.560521 0.632084 0.829421 0.897511 0.783679 0.741463 0.615512 0.679964 0.837653 0.938990 0.712962 0.973898 0.899611 0.581848 0.737661 0.998152 0.759199 0.885945
0.393767 0.422903 0.704496 0.462537 0.623506 0.767789 0.696458 0.529366 0.791929 0.802171 0.522765 0.372671 0.000000 0.315191 0.285628 0.314554 0.632724 0.661048 0.552773 0.517997 0.834039 0.920603 0.436357 0.404224 0.748462 0.932570 0.667955 0.820683 0.619050 0.675197 0.997435 0.986206 0.562148 0.636632 0.954624 0.762875 0.738079 0.806419 0.791966 0.700486 0.998063 0.887483 0.757413 0.746736 0.718027 0.556626 0.410939 0.450082 0.329408 0.304909 0.490659 0.388219 0.695193 0.994846 0.554875 0.476172 0.552321 0.454355 0.539928 0.501620 0.352690 0.402128 0.572704 0.526499 0.373935 0.395272 0.928611 0.980563 0.596092 0.403125 0.989470 0.978449 0.930933 0.971585 0.679104 0.798707 0.649484 0.818271 0.608515 0.576624 0.488795 0.369122 0.537203 0.391870 0.312870 0.340484 0.832841 0.820231 0.489668 0.424203 0.875560 0.965970 0.880005 0.965798 0.775771 0.820353 0.901776 0.822014 0.724290 0.722581 0.933712 0.904946 0.988715 0.985165 0.754821 0.738770 0.912385 0.981905 0.861686 0.974139 0.962695 0.724806 0.738154 0.972627 0.681426 0.943510
0.484972 0.474453 0.847850 0.452636 0.779963 0.738349 0.763888 0.490417 0.801438 0.751284 0.440272 0.325112 0.315191 0.000000 0.367342 0.364205 0.608341 0.564473 0.560124 0.470960 0.837782 0.914569 0.554565 0.452775 0.970627 0.991802 0.756668 0.822503 0.548960 0.573051 0.993713 0.931273 0.602112 0.686180 0.864228 0.670330 0.772747 0.795334 0.901765 0.721156 0.940666 0.945997 0.815010 0.752299 0.789956 0.639073 0.581168 0.608585 0.460868 0.382147 0.562208 0.476177 0.713952 0.962791 0.594337 0.601555 0.603063 0.478555 0.692616 0.639778 0.485268 0.427661 0.561657 0.474159 0.587179 0.451403 0.914969 0.923532 0.664225 0.457866 0.972039 0.963711 0.943645 0.973659 0.799879 0.789293 0.744559 0.939773 0.571317 0.613883 0.548101 0.401348 0.564943 0.446874 0.522237 0.476351 0.874221 0.782641 0.576404 0.436667 0.946089 0.909183 0.931255 0.966149 0.771828 0.838914 0.999378 0.912244 0.811231 0.863324 0.990306 0.969762 0.974619 0.946717 0.833302 0.816898 0.849379 0.794237 0.849890 0.987337 0.932666 0.839800 0.850843 0.922950 0.726131 0.887637
0.575654 0.581738 0.762149 0.558118 0.634719 0.899586 0.636430 0.657991 0.756572 0.842746 0.638016 0.544190 0.285628 0.367342 0.000000 0.289170 0.725108 0.662510 0.541778 0.563966 0.818196 0.972830 0.270872 0.324161 0.787327 0.892254 0.611033 0.843318 0.612503 0.611379 0.803102 0.839768 0.528774 0.670214 0.953251 0.825013 0.781981 0.846640 0.817733 0.855145 0.982623 0.925653 0.736263 0.657070 0.614292 0.518429 0.592854 0.578813 0.398602 0.346458 0.485913 0.400227 0.493792 0.768054 0.587420 0.643572 0.594445 0.583720 0.729306 0.761631 0.467132 0.653913 0.587141 0.597357 0.419866 0.609388 0.907643 0.991250 0.696166 0.576049 0.989616 0.970606 0.900941 0.986853 0.844917 0.781433 0.716174 0.753637 0.727998 0.584310 0.567340 0.496387 0.439348 0.473633 0.365502 0.370508 0.786091 0.713522 0.568703 0.511144 0.902381 0.970724 0.948006 0.977064 0.796140 0.802452 0.975643 0.919486 0.738036 0.710891 0.912427 0.763708 0.924352 0.906006 0.806171 0.879956 0.921275 0.959543 0.837997 0.961571 0.909486 0.798445 0.732494 0.987681 0.732718 0.990399
0.428199 0.367749 0.666947 0.438412 0.725135 0.607871 0.442583 0.457855 0.567966 0.643788 0.481814 0.388400 0.314554 0.364205 0.289170 0.000000 0.492554 0.477533 0.388985 0.393853 0.711253 0.949944 0.367147 0.389939 0.820972 0.847825 0.814416 0.913493 0.491904 0.467380 0.622485 0.624255 0.340846 0.442037 0.972759 0.777722 0.660719 0.673062 0.764606 0.682739 0.877430 0.834812 0.455299 0.415186 0.486269 0.380551 0.481343 0.458989 0.338199 0.336700 0.345279 0.293897 0.483318 0.793854 0.582213 0.573251 0.377978 0.473230 0.614521 0.735783 0.350808 0.504433 0.537431 0.474796 0.465620 0.509280 0.739613 0.772832 0.586179 0.546622 0.708558 0.690455 0.808079 0.719637 0.781904 0.758464 0.562716 0.612204 0.503402 0.440632 0.436829 0.446203 0.465786 0.488362 0.456608 0.454719 0.952100 0.919318 0.657779 0.592321 0.663821 0.791699 0.753932 0.873017 0.613887 0.687850 0.878248 0.807083 0.551750 0.534131 0.922072 0.727894 0.776112 0.837144 0.666258 0.738828 0.918570 0.951090 0.748502 0.962375 0.920457 0.600244 0.583106 0.896438 0.616840 0.997941
0.292169 0.275985 0.985344 0.724062 0.879992 0.642359 0.590685 0.504941 0.657501 0.524185 0.300868 0.315809 0.632724 0.608341 0.725108 0.492554 0.000000 0.200078 0.405049 0.359969 0.751090 0.986952 0.907599 0.857902 0.822946 0.843255 0.914592 0.995413 0.300759 0.284171 0.773451 0.812305 0.460185 0.376070 0.894937 0.718030 0.828099 0.834796 0.967877 0.738611 0.728540 0.730981 0.566239 0.555540 0.579775 0.516405 0.532984 0.419886 0.477476 0.598059 0.727095 0.724097 0.912783 0.815596 0.673112 0.641629 0.216411 0.317305 0.411734 0.631079 0.395390 0.500825 0.284712 0.232872 0.971722 0.695099 0.666517 0.716476 0.549446 0.669665 0.609439 0.608080 0.521401 0.541839 0.752984 0.797770 0.629350 0.645169 0.447394 0.470161 0.285640 0.391947 0.643514 0.538399 0.774775 0.814228 0.982609 0.860294 0.811447 0.704712 0.760045 0.942335 0.848915 0.967813 0.669336 0.698216 0.739551 0.670297 0.470622 0.506976 0.806934 0.909184 0.607128 0.566880 0.638216 0.610080 0.984874 0.927633 0.630826 0.935799 0.792131 0.468370 0.686160 0.910677 0.851069 0.988302
0.353510 0.327087 0.947545 0.647283 0.854094 0.696026 0.522322 0.463355 0.553052 0.443726 0.260783 0.341978 0.661048 0.564473 0.662510 0.477533 0.200078 0.000000 0.350976 0.327489 0.705392 0.939929 0.816371 0.802528 0.809563 0.900307 0.983782 0.959468 0.243607 0.204756 0.698111 0.736821 0.404966 0.325046 0.978907 0.773674 0.810645 0.815079 0.937324 0.764721 0.714805 0.736976 0.550804 0.529757 0.512016 0.469789 0.582142 0.470549 0.495484 0.612973 0.700151 0.713622 0.802469 0.889867 0.734303 0.704644 0.248240 0.342739 0.502160 0.712152 0.381441 0.526470 0.252039 0.222277 0.931690 0.702006 0.646080 0.674056 0.566261 0.619984 0.610079 0.592656 0.562064 0.548952 0.840797 0.714729 0.657765 0.588192 0.455464 0.434557 0.333766 0.435348 0.590844 0.546252 0.777879 0.813583 0.953884 0.935098 0.863255 0.665393 0.726665 0.915033 0.851187 0.970760 0.637068 0.644527 0.779266 0.702714 0.451112 0.498827 0.778926 0.830381 0.587540 0.559737 0.627524 0.665482 0.978307 0.985909 0.703933 0.963136 0.822049 0.483862 0.660959 0.987980 0.787134 0.915874
0.388581 0.389794 0.622220 0.472211 0.874024 0.625674 0.340943 0.421212 0.533801 0.583041 0.360779 0.473478 0.552773 0.560124 0.541778 0.388985 0.405049 0.350976 0.000000 0.373098 0.724374 0.953414 0.559214 0.651104 0.945599 0.895191 0.965111 0.996616 0.363648 0.363892 0.551580 0.554011 0.341253 0.302285 0.877202 0.804208 0.793129 0.748068 0.774325 0.764077 0.817910 0.856686 0.515861 0.543897 0.512716 0.490016 0.535581 0.497173 0.538096 0.586455 0.656672 0.636031 0.766872 0.971289 0.696197 0.689554 0.379553 0.491672 0.528098 0.697818 0.374673 0.630695 0.503449 0.474375 0.696962 0.594058 0.525999 0.634531 0.600609 0.593268 0.594708 0.542757 0.583900 0.529597 0.818372 0.784703 0.524966 0.561465 0.426964 0.503415 0.479369 0.443203 0.682563 0.568263 0.641292 0.702648 0.983854 0.990433 0.865032 0.760316 0.654665 0.776129 0.709355 0.822318 0.616582 0.681415 0.741706 0.789352 0.479073 0.467058 0.911996 0.727909 0.703629 0.750306 0.662405 0.736893 0.978145 0.963511 0.737926 0.896257 0.955521 0.567485 0.543521 0.954257 0.689945 0.940419
0.347646 0.311377 0.766456 0.488121 0.898223 0.679886 0.538653 0.421737 0.575128 0.507083 0.354809 0.362599 0.517997 0.470960 0.563966 0.393853 0.359969 0.327489 0.373098 0.000000 0.705388 0.977257 0.679213 0.720315 0.936547 0.961219 0.955628 0.933820 0.360388 0.407413 0.721330 0.769912 0.463789 0.370928 0.920985 0.729183 0.704241 0.760771 0.779731 0.766631 0.794627 0.825859 0.587671 0.583406 0.620574 0.578566 0.603924 0.524996 0.552992 0.551515 0.682056 0.654565 0.802270 0.961297 0.708165 0.659791 0.328702 0.409634 0.584493 0.706731 0.411973 0.498565 0.460884 0.399451 0.722090 0.586779 0.754915 0.799111 0.570009 0.495814 0.545827 0.572020 0.688178 0.629096 0.862447 0.812284 0.547500 0.665713 0.475732 0.553355 0.497070 0.501694 0.642462 0.635054 0.708727 0.787641 0.996258 0.925248 0.837270 0.635467 0.652079 0.772078 0.687045 0.818471 0.716058 0.672860 0.816847 0.726289 0.481392 0.481151 0.800351 0.844529 0.713397 0.741675 0.625508 0.651875 0.978024 0.961168 0.763687 0.936275 0.956694 0.489667 0.637186 0.963467 0.809158 0.885716
0.703472 0.672462 0.658583 0.580135 0.996471 0.711642 0.694995 0.747587 0.728083 0.889170 0.714667 0.715203 0.834039 0.837782 0.818196 0.711253 0.751090 0.705392 0.724374 0.705388 0.000000 0.927033 0.861079 0.853694 0.889807 0.781413 0.992650 0.871356 0.766940 0.703332 0.673954 0.806602 0.687790 0.691115 0.992057 0.927503 0.648793 0.826125 0.680232 0.742259 0.895808 0.806450 0.709574 0.684252 0.838355 0.869237 0.718951 0.785473 0.857363 0.828579 0.836073 0.815909 0.861873 0.992055 0.833930 0.977940 0.673173 0.705142 0.752539 0.832922 0.706458 0.748620 0.852885 0.784780 0.781635 0.694555 0.679176 0.603647 0.672547 0.661590 0.726497 0.748846 0.661742 0.679753 0.795939 0.806020 0.827143 0.711717 0.721607 0.682666 0.722202 0.720755 0.885952 0.834692 0.852572 0.792423 0.914821 0.931031 0.961443 0.965085 0.776622 0.820862 0.823370 0.824292 0.740686 0.929977 0.832217 0.893572 0.791889 0.803349 0.788455 0.860705 0.853383 0.788644 0.631235 0.796627 0.953017 0.921472 0.807252 0.928909 0.981863 0.870848 0.826705 0.893524 0.851961 0.937285
0.925990 0.973100 0.894423 0.982086 0.801740 0.911094 0.939947 0.961096 0.971990 0.882255 0.896601 0.965884 0.920603 0.914569 0.972830 0.949944 0.986952 0.939929 0.953414 0.977257 0.927033 0.000000 0.998203 0.942607 0.893429 0.846340 0.880287 0.897649 0.940740 0.909801 0.818510 0.728420 0.916459 0.894029 0.827087 0.925046 0.779370 0.827255 0.937851 0.944195 0.953359 0.914246 0.853745 0.922773 0.958283 0.988117 0.958723 0.935405 0.899294 0.997350 0.953550 0.971022 0.919866 0.827831 0.942825 0.845165 0.951140 0.963345 0.947971 0.888836 0.902455 0.842956 0.835139 0.847790 0.993475 0.945652 0.892638 0.916539 0.924736 0.883786 0.729873 0.832017 0.804081 0.840765 0.948191 0.980822 0.912253 0.950124 0.923308 0.908695 0.984240 0.954543 0.968750 0.961411 0.962144 0.987201 0.900417 0.911316 0.921405 0.706888 0.862183 0.771084 0.821765 0.865270 0.942832 0.912931 0.932061 0.955141 0.949958 0.924525 0.834410 0.974736 0.887924 0.769033 0.911380 0.899896 0.956913 0.931587 0.854605 0.785799 0.922644 0.962472 0.973281 0.761898 0.937344 0.970159
0.759408 0.737622 0.663789 0.562543 0.709252 0.930085 0.536277 0.727129 0.742497 0.912257 0.823683 0.798426 0.436357 0.554565 0.270872 0.367147 0.907599 0.816371 0.559214 0.679213 0.861079 0.998203 0.000000 0.303042 0.716246 0.785600 0.632841 0.829597 0.724492 0.731545 0.706011 0.693015 0.499263 0.691694 0.951972 0.988093 0.873774 0.915466 0.793772 0.968255 0.914575 0.979957 0.680307 0.626522 0.535107 0.500842 0.686779 0.673656 0.499387 0.433081 0.491529 0.385639 0.452437 0.640134 0.698076 0.688995 0.751165 0.801082 0.916651 0.922247 0.576151 0.881537 0.765598 0.828190 0.370987 0.736093 0.776185 0.903763 0.833533 0.645593 0.994310 0.951443 0.890165 0.977995 0.828168 0.894772 0.765548 0.740607 0.799725 0.712114 0.771324 0.685791 0.506828 0.641179 0.365432 0.394175 0.912955 0.690933 0.708582 0.649173 0.828696 0.831873 0.874894 0.913876 0.834611 0.751603 0.992260 0.881334 0.759931 0.658053 0.889505 0.723622 0.937406 0.985225 0.790852 0.881873 0.886786 0.931062 0.912264 0.918888 0.934744 0.842314 0.630306 0.979967 0.673805 0.999004
0.735419 0.659541 0.729444 0.558540 0.656911 0.857281 0.686304 0.768783 0.876541 0.957849 0.739088 0.703022 0.404224 0.452775 0.324161 0.389939 0.857902 0.802528 0.651104 0.720315 0.853694 0.942607 0.303042 0.000000 0.741245 0.862719 0.684395 0.841766 0.748914 0.724917 0.868024 0.774595 0.563888 0.747741 0.974364 0.828973 0.839018 0.904798 0.764588 0.927606 0.986424 0.921498 0.721029 0.623857 0.695660 0.581238 0.651985 0.709742 0.507588 0.400697 0.454446 0.382111 0.501858 0.730953 0.714943 0.660084 0.735083 0.679800 0.859308 0.799458 0.614431 0.804012 0.750002 0.780908 0.458852 0.639251 0.929557 0.965616 0.842764 0.648086 0.943661 0.984508 0.930620 0.926161 0.820065 0.901819 0.763902 0.837471 0.761327 0.604198 0.704720 0.592046 0.519751 0.515552 0.407344 0.327566 0.868803 0.652647 0.604965 0.597416 0.972612 0.962700 0.999214 0.969294 0.840622 0.830254 0.946786 0.917774 0.885525 0.817991 0.806543 0.867340 0.982736 0.980279 0.897970 0.909185 0.997263 0.969198 0.886737 0.968832 0.846491 0.865086 0.726173 0.990036 0.765703 0.943090
0.905602 0.882290 0.420536 0.598100 0.855305 0.906988 0.865585 0.937904 0.996244 0.839539 0.892866 0.958362 0.748462 0.970627 0.787327 0.820972 0.822946 0.809563 0.945599 0.936547 0.889807 0.893429 0.716246 0.741245 0.000000 0.429337 0.835906 0.984826 0.928642 0.788756 0.843973 0.841376 0.785783 0.941536 0.939925 0.945043 0.643004 0.764270 0.627836 0.891875 0.833675 0.863974 0.877339 0.907391 0.958189 0.969442 0.771738 0.902823 0.951561 0.758243 0.794350 0.810416 0.990001 0.952436 0.802063 0.874936 0.976041 0.933944 0.936813 0.753506 0.808207 0.922910 0.790866 0.775984 0.415871 0.596954 0.876326 0.832165 0.706077 0.686869 0.832743 0.847776 0.986963 0.819844 0.763916 0.922869 0.807110 0.834415 0.920194 0.926661 0.986766 0.996385 0.970136 0.959874 0.660071 0.695787 0.906309 0.886679 0.859930 0.930235 0.734590 0.610456 0.569479 0.632616 0.952762 0.991131 0.791496 0.911400 0.951268 0.962245 0.973579 0.983457 0.960519 0.933408 0.674620 0.817141 0.928989 0.794328 0.795512 0.897209 0.907237 0.919637 0.896836 0.821088 0.887444 0.938575
0.998150 0.925901 0.427798 0.540680 0.866450 0.841440 0.814973 0.927788 0.778187 0.903637 0.934321 0.938291 0.932570 0.991802 0.892254 0.847825 0.843255 0.900307 0.895191 0.961219 0.781413 0.846340 0.785600 0.862719 0.429337 0.000000 0.945757 0.871079 0.993931 0.874524 0.688859 0.688801 0.751245 0.912607 0.785216 0.976342 0.598344 0.777754 0.573792 0.775520 0.882158 0.827255 0.789634 0.838629 0.968567 0.951309 0.860836 0.996047 0.910663 0.859097 0.753366 0.831182 0.905820 0.978271 0.956765 0.935125 0.991521 0.989910 0.945865 0.929571 0.906216 0.980170 0.801886 0.773165 0.548210 0.671987 0.827110 0.733270 0.733451 0.750126 0.682475 0.675426 0.874600 0.755131 0.935594 0.922630 0.793580 0.827016 0.847129 0.914959 0.902865 0.926532 0.945387 0.943174 0.882122 0.854003 0.764861 0.861400 0.903295 0.963904 0.643575 0.538447 0.554787 0.604348 0.834516 0.947967 0.806416 0.916908 0.968238 0.957915 0.928200 0.945253 0.910894 0.961043 0.709286 0.884615 0.920074 0.725901 0.782254 0.988446 0.845977 0.977660 0.968803 0.930231 0.824845 0.992422
0.943215 0.915452 0.959273 0.898121 0.645749 0.796501 0.834250 0.866671 0.818246 0.843972 0.997192 0.952974 0.667955 0.756668 0.611033 0.814416 0.914592 0.983782 0.965111 0.955628 0.992650 0.880287 0.632841 0.684395 0.835906 0.945757 0.000000 0.707597 0.970643 0.970871 0.867896 0.830797 0.975529 0.825604 0.875968 0.943643 0.935681 0.993213 0.987618 0.927887 0.949651 0.882227 0.904968 0.937588 0.959098 0.939538 0.882583 0.863668 0.743674 0.715694 0.852725 0.748508 0.725551 0.994467 0.837828 0.904710 0.997795 0.833942 0.996132 0.814787 0.899363 0.968939 0.913993 0.938981 0.612307 0.880062 0.777660 0.752684 0.918789 0.776232 0.722812 0.697410 0.670036 0.809421 0.906797 0.899913 0.863480 0.941996 0.982240 0.847399 0.917066 0.852311 0.748036 0.768593 0.594547 0.574251 0.872136 0.750490 0.582472 0.755630 0.832354 0.887769 0.862424 0.954034 0.865703 0.952855 0.770285 0.764148 0.816012 0.862728 0.746420 0.862581 0.831867 0.942246 0.920050 0.878299 0.991387 0.948884 0.812151 0.972359 0.968007 0.920482 0.865146 0.974814 0.928375 0.975523
0.925751 0.878762 0.929725 0.880004 0.976708 0.888864 0.884384 0.998616 0.914647 0.885112 0.964970 0.896037 0.820683 0.822503 0.843318 0.913493 0.995413 0.959468 0.996616 0.933820 0.871356 0.897649 0.829597 0.841766 0.984826 0.871079 0.707597 0.000000 0.952760 0.950843 0.837790 0.805194 0.972324 0.910577 0.860921 0.831800 0.993508 0.804432 0.907260 0.869949 0.826754 0.970548 0.954436 0.948459 0.895807 0.912297 0.911295 0.938806 0.921641 0.846872 0.972487 0.881375 0.954900 0.955616 0.908426 0.836950 0.944943 0.887348 0.975311 0.859757 0.995026 0.940506 0.980147 0.990124 0.813774 0.836507 0.822785 0.936993 0.854131 0.883771 0.934302 0.921735 0.862156 0.880166 0.928536 0.807912 0.919900 0.887158 0.918666 0.962530 0.951851 0.854110 0.971196 0.900850 0.793870 0.746545 0.921104 0.910075 0.805774 0.753449 0.876760 0.994567 0.915965 0.988161 0.855409 0.830987 0.778772 0.939244 0.930629 0.915251 0.728862 0.829549 0.752887 0.854258 0.926836 0.994074 0.899652 0.922285 0.951525 0.880769 0.840265 0.966251 0.870833 0.960766 0.843555 0.941274
0.450766 0.347023 0.837904 0.585947 0.908229 0.739939 0.491358 0.459833 0.502160 0.460501 0.324079 0.384644 0.619050 0.548960 0.612503 0.491904 0.300759 0.243607 0.363648 0.360388 0.766940 0.940740 0.724492 0.748914 0.928642 0.993931 0.970643 0.952760 0.000000 0.283739 0.669418 0.720289 0.394632 0.316736 0.983800 0.825076 0.821835 0.884580 0.901345 0.835951 0.819960 0.786735 0.590510 0.576971 0.484917 0.471794 0.603193 0.521469 0.463673 0.575251 0.641368 0.706607 0.754908 0.994879 0.735837 0.704373 0.336969 0.421366 0.568665 0.734189 0.391208 0.584682 0.295899 0.299738 0.848358 0.725932 0.620750 0.712776 0.600891 0.574056 0.648157 0.605861 0.597775 0.639579 0.811135 0.788032 0.612911 0.592066 0.480098 0.481546 0.403957 0.447783 0.561659 0.567003 0.729231 0.774684 0.984370 0.942144 0.838770 0.656104 0.760627 0.867142 0.797953 0.926896 0.711414 0.685524 0.844680 0.672647 0.499050 0.546184 0.852733 0.800123 0.645796 0.595783 0.688580 0.687054 0.924401 0.963346 0.740234 0.996935 0.913307 0.555392 0.686193 0.995905 0.884330 0.863779
0.458395 0.412354 0.926046 0.633265 0.816000 0.719340 0.433948 0.429428 0.518594 0.450398 0.303827 0.396605 0.675197 0.573051 0.611379 0.467380 0.284171 0.204756 0.363892 0.407413 0.703332 0.909801 0.731545 0.724917 0.788756 0.874524 0.970871 0.950843 0.283739 0.000000 0.607447 0.669781 0.393526 0.358180 0.997724 0.827017 0.858493 0.844021 0.968675 0.802155 0.808864 0.812389 0.515431 0.434995 0.411447 0.371672 0.614001 0.529830 0.463111 0.592452 0.601218 0.622595 0.682338 0.947195 0.649435 0.687303 0.331519 0.450372 0.528217 0.790663 0.384450 0.568858 0.260266 0.249578 0.946327 0.755922 0.554524 0.624836 0.663756 0.649360 0.672964 0.636547 0.584015 0.619240 0.845515 0.708700 0.650239 0.565307 0.476796 0.424733 0.361571 0.438645 0.566802 0.564918 0.767897 0.766813 0.996550 0.942459 0.866934 0.681483 0.768392 0.958971 0.900885 0.985219 0.625847 0.649659 0.753422 0.697684 0.484490 0.490626 0.852836 0.757433 0.588152 0.587242 0.667581 0.731702 0.973340 0.999663 0.739379 0.934209 0.850698 0.543097 0.606829 0.990773 0.747156 0.968586
0.909419 0.798681 0.589965 0.637543 0.927507 0.784598 0.337875 0.641675 0.406395 0.649751 0.758667 0.890390 0.997435 0.993713 0.803102 0.622485 0.773451 0.698111 0.551580 0.721330 0.673954 0.818510 0.706011 0.868024 0.843973 0.688859 0.867896 0.837790 0.669418 0.607447 0.000000 0.296977 0.452177 0.487482 0.916764 0.927413 0.765681 0.632368 0.771424 0.906598 0.882328 0.850080 0.397780 0.374663 0.457983 0.568025 0.908752 0.900537 0.816311 0.835810 0.565098 0.676467 0.580559 0.578678 0.861763 0.984789 0.627459 0.981647 0.978817 0.800669 0.730612 0.978360 0.857453 0.848508 0.828462 0.951806 0.429384 0.503197 0.858308 0.906491 0.448396 0.422645 0.545633 0.493751 0.959987 0.787879 0.626716 0.424652 0.654189 0.648039 0.818246 0.966312 0.844598 0.932075 0.982569 0.979315 0.796621 0.801578 0.790784 0.814702 0.510960 0.449503 0.560203 0.585502 0.682689 0.818118 0.731291 0.819223 0.572340 0.581767 0.776017 0.471219 0.613009 0.770483 0.663392 0.961900 0.813735 0.806038 0.884157 0.877573 0.855457 0.831921 0.606475 0.870868 0.775546 0.973481
0.941573 0.803500 0.627210 0.640929 0.889411 0.734532 0.364267 0.659995 0.467202 0.710623 0.823600 0.903928 0.986206 0.931273 0.839768 0.624255 0.812305 0.736821 0.554011 0.769912 0.806602 0.728420 0.693015 0.774595 0.841376 0.688801 0.830797 0.805194 0.720289 0.669781 0.296977 0.000000 0.505337 0.537287 0.955032 0.955086 0.801747 0.715518 0.836551 0.882621 0.882219 0.943987 0.418986 0.421083 0.506979 0.586438 0.869121 0.912905 0.805875 0.809378 0.555390 0.632462 0.595779 0.595960 0.896646 0.981564 0.695850 0.993130 0.953448 0.791157 0.793540 0.955721 0.900144 0.913421 0.839042 0.955026 0.485660 0.549800 0.930629 0.885494 0.479348 0.516501 0.581751 0.583538 0.903746 0.897938 0.668993 0.548326 0.676668 0.676326 0.909551 0.957146 0.856808 0.986611 0.995879 0.956175 0.754004 0.994622 0.803222 0.830484 0.560439 0.496572 0.599493 0.662144 0.675938 0.807780 0.793751 0.870245 0.643242 0.610777 0.796644 0.573720 0.669752 0.842104 0.651251 0.926112 0.893663 0.862737 0.955356 0.897424 0.834274 0.847636 0.628018 0.878276 0.758151 0.961871
0.473457 0.398467 0.595781 0.454959 0.813136 0.594222 0.299541 0.441246 0.478442 0.600074 0.454076 0.507232 0.562148 0.602112 0.528774 0.340846 0.460185 0.404966 0.341253 0.463789 0.687790 0.916459 0.499263 0.563888 0.785783 0.751245 0.975529 0.972324 0.394632 0.393526 0.452177 0.505337 0.000000 0.303747 0.918447 0.883377 0.766544 0.664640 0.809413 0.771504 0.746509 0.762016 0.352123 0.358618 0.415212 0.389523 0.547996 0.530410 0.444857 0.455098 0.417635 0.462529 0.595866 0.852455 0.639525 0.630762 0.355385 0.503074 0.592846 0.739261 0.347968 0.612222 0.530858 0.523833 0.571780 0.556645 0.487437 0.508274 0.571840 0.590729 0.557866 0.506180 0.576478 0.490052 0.687259 0.773523 0.545705 0.489790 0.519599 0.490485 0.463551 0.518889 0.571507 0.606489 0.575037 0.578263 0.951856 0.964073 0.827120 0.719974 0.566586 0.655547 0.644790 0.814686 0.572265 0.622766 0.636390 0.568681 0.424098 0.495936 0.849706 0.714007 0.595608 0.737258 0.523263 0.691155 0.904664 0.829243 0.816780 0.959067 0.916591 0.587848 0.486793 0.886071 0.643519 0.932201
0.469453 0.391885 0.679878 0.515748 0.987901 0.618477 0.298110 0.366187 0.404909 0.444987 0.378836 0.452719 0.636632 0.686180 0.670214 0.442037 0.376070 0.325046 0.302285 0.370928 0.691115 0.894029 0.691694 0.747741 0.941536 0.912607 0.825604 0.910577 0.316736 0.358180 0.487482 0.537287 0.303747 0.000000 0.967361 0.915959 0.735545 0.741479 0.785512 0.787017 0.824353 0.816090 0.404594 0.460193 0.383072 0.417945 0.595992 0.523142 0.529046 0.655547 0.578313 0.655108 0.700814 0.877902 0.822848 0.676028 0.336377 0.518428 0.567857 0.774006 0.369929 0.588908 0.476249 0.445944 0.770788 0.674123 0.432524 0.508220 0.652505 0.615016 0.436170 0.440849 0.471114 0.419457 0.730930 0.782119 0.481073 0.468021 0.492743 0.476655 0.481300 0.567036 0.699672 0.683385 0.768476 0.821373 0.845055 0.848433 0.953511 0.830692 0.543675 0.621381 0.625100 0.753336 0.583623 0.539646 0.697846 0.592862 0.338887 0.378285 0.750843 0.657082 0.571307 0.644996 0.557492 0.684488 0.949003 0.858318 0.739392 0.949176 0.868325 0.486269 0.502299 0.806360 0.699889 0.893254
0.851615 0.943885 0.900660 0.893210 0.971869 0.957352 0.910426 0.951525 0.940948 0.877733 0.904580 0.925684 0.954624 0.864228 0.953251 0.972759 0.894937 0.978907 0.877202 0.920985 0.992057 0.827087 0.951972 0.974364 0.939925 0.785216 0.875968 0.860921 0.983800 0.997724 0.916764 0.955032 0.918447 0.967361 0.000000 0.824167 0.974482 0.905307 0.952588 0.984843 0.879952 0.853592 0.831827 0.909304 0.838377 0.839860 0.920537 0.969277 0.981828 0.912594 0.866295 0.970315 0.843089 0.936605 0.945339 0.951799 0.919041 0.997062 0.989138 0.995773 0.900765 0.981063 0.957431 0.987565 0.893966 0.993363 0.830004 0.728449 0.957708 0.971152 0.868881 0.890004 0.946060 0.984749 0.941506 0.999187 0.948852 0.854044 0.995690 0.914492 0.910752 0.888098 0.979726 0.824562 0.961679 0.994868 0.909811 0.865521 0.986442 0.898684 0.854796 0.848279 0.926966 0.973179 0.906681 0.771388 0.875527 0.951360 0.946155 0.925216 0.749709 0.916496 0.878383 0.974460 0.871735 0.911112 0.980461 0.819304 0.889543 0.833753 0.964355 0.966202 0.863926 0.967828 0.871355 0.940464
0.705794 0.665861 0.893710 0.812135 0.992296 0.737446 0.985009 0.837840 0.981354 0.974043 0.687581 0.715008 0.762875 0.670330 0.825013 0.777722 0.718030 0.773674 0.804208 0.729183 0.927503 0.925046 0.988093 0.828973 0.945043 0.976342 0.943643 0.831800 0.825076 0.827017 0.927413 0.955086 0.883377 0.915959 0.824167 0.000000 0.758220 0.993329 0.985352 0.804728 0.740253 0.906780 0.951907 0.900542 0.833157 0.968455 0.828768 0.856601 0.854881 0.797178 0.938087 0.882658 0.942140 0.806944 0.812554 0.800263 0.692663 0.647586 0.802793 0.685013 0.828475 0.749804 0.807345 0.746302 0.902985 0.687550 0.868450 0.947131 0.766296 0.899275 0.925814 0.947542 0.754308 0.919729 0.961611 0.902827 0.813644 0.972363 0.787386 0.865199 0.811105 0.691464 0.854803 0.693847 0.895500 0.865750 0.963250 0.977952 0.877573 0.725307 0.959489 0.952150 0.971016 0.959132 0.927238 0.950498 0.918109 0.958483 0.973836 0.986721 0.876966 0.772850 0.849007 0.893838 0.977407 0.948725 0.942994 0.931013 0.993232 0.850623 0.941975 0.863284 0.959872 0.968550 0.919742 0.936063
0.726121 0.678835 0.595879 0.593743 0.929199 0.782336 0.829241 0.785721 0.777184 0.814809 0.774987 0.750030 0.738079 0.772747 0.781981 0.660719 0.828099 0.810645 0.793129 0.704241 0.648793 0.779370 0.873774 0.839018 0.643004 0.598344 0.935681 0.993508 0.821835 0.858493 0.765681 0.801747 0.766544 0.735545 0.974482 0.758220 0.000000 0.645208 0.738862 0.549289 0.734140 0.724984 0.743677 0.716377 0.892525 0.878233 0.757432 0.840225 0.871586 0.830475 0.798976 0.785893 0.930924 0.992877 0.946070 0.961481 0.684552 0.718205 0.795738 0.801253 0.729981 0.746666 0.921598 0.859983 0.673453 0.652825 0.811766 0.841644 0.668678 0.726204 0.548539 0.654863 0.711758 0.687142 0.990849 0.884114 0.806730 0.715020 0.715087 0.726269 0.766635 0.878958 0.974385 0.840751 0.948963 0.898276 0.652108 0.704216 0.988856 0.941030 0.621090 0.590862 0.571394 0.595838 0.871262 0.822462 0.948439 0.915183 0.737166 0.788892 0.763386 0.854460 0.744857 0.811121 0.805045 0.840836 0.949553 0.896146 0.992345 0.997559 0.929370 0.806628 0.982017 0.896625 0.820949 0.815469
0.760078 0.737396 0.622191 0.626423 0.978671 0.904771 0.751689 0.795860 0.881497 0.877962 0.750858 0.794069 0.806419 0.795334 0.846640 0.673062 0.834796 0.815079 0.748068 0.760771 0.826125 0.827255 0.915466 0.904798 0.764270 0.777754 0.993213 0.804432 0.884580 0.844021 0.632368 0.715518 0.664640 0.741479 0.905307 0.993329 0.645208 0.000000 0.807809 0.724255 0.831803 0.787626 0.765243 0.747441 0.887045 0.843052 0.842977 0.882027 0.935383 0.867047 0.730686 0.794152 0.927415 0.934347 0.827907 0.991025 0.694058 0.752832 0.828622 0.876081 0.750365 0.805161 0.955552 0.909079 0.741762 0.678014 0.812195 0.839188 0.603556 0.717818 0.668669 0.621112 0.773910 0.527079 0.860243 0.690508 0.796322 0.767385 0.605121 0.817738 0.822390 0.882729 0.900378 0.905300 0.968699 0.883821 0.975276 0.765349 0.875847 0.961261 0.718888 0.708617 0.650270 0.649842 0.818441 0.906246 0.844653 0.965820 0.844973 0.962358 0.851383 0.773944 0.760233 0.947787 0.820211 0.809356 0.898497 0.865265 0.960026 0.986138 0.975338 0.877247 0.801379 0.914564 0.632838 0.991771
