0.000000 0.205533 0.449357 0.644641 0.688008 0.963207 0.498109 0.552421 0.939024 0.769636 0.384295 0.310209 0.299557 0.484313 0.682610 0.697828 0.324945 0.372912 0.287278 0.313454 0.746884 0.957400 0.632021 0.692142 0.747653 0.998292 0.890326 0.976525 0.558773 0.475380 0.892606 0.995779 0.368124 0.361970 0.719428 0.885690 0.479724 0.720918 0.780114 0.782868 0.761634 0.975983 0.861187 0.828642 0.987508 0.863184 0.488828 0.503741 0.743204 0.502838 0.588658 0.520674 0.986572 0.751896 0.419091 0.572762 0.296012 0.222982 0.319743 0.348579 0.264050 0.348579 0.236755 0.242261 0.471620 0.499379 0.549160 0.722733 0.305548 0.257436 0.732212 0.991486 0.533182 0.726006 0.690915 0.786099 0.724605 0.794284 0.506359 0.505738 0.261057 0.281388 0.409379 0.366148 0.266116 0.334380 0.588597 0.669134 0.437179 0.461109 0.633472 0.497237 0.654272 0.511508 0.955693 0.859699 0.428977 0.960208 0.923519 0.979344 0.762105 0.849200 0.782063 0.774197 0.668362 0.572764 0.986977 0.951708 0.861173 0.622679 0.991129 0.756862 0.939854 0.842533 0.647578 0.797446
0.205533 0.000000 0.523107 0.623583 0.740897 0.970524 0.570522 0.517750 0.986897 0.760141 0.443324 0.248559 0.343641 0.456621 0.741480 0.676992 0.300833 0.325980 0.307833 0.275880 0.826238 0.916847 0.621743 0.633851 0.811802 0.929357 0.869289 0.975560 0.527650 0.452033 0.936872 0.994483 0.398758 0.413802 0.750644 0.949314 0.520315 0.670089 0.763592 0.784362 0.782917 0.903612 0.779680 0.776363 0.991068 0.889773 0.441923 0.529226 0.788942 0.551138 0.591537 0.525829 0.924412 0.729936 0.479615 0.593988 0.275393 0.197971 0.368706 0.370539 0.315836 0.345916 0.252012 0.219609 0.523607 0.475480 0.595586 0.728620 0.315651 0.273262 0.679946 0.980814 0.573136 0.738409 0.748441 0.762622 0.655874 0.692056 0.442796 0.448296 0.263852 0.290325 0.431830 0.405083 0.307613 0.345177 0.610029 0.695576 0.472781 0.504013 0.608092 0.508199 0.667832 0.476880 0.975133 0.848827 0.449272 0.945810 0.906380 0.948091 0.743348 0.808271 0.802602 0.777912 0.652814 0.559442 0.987296 0.983254 0.882201 0.593581 0.970015 0.743773 0.898515 0.900113 0.649428 0.811538
0.449357 0.523107 0.000000 0.352717 0.988994 0.898970 0.439699 0.599032 0.925450 0.703579 0.709701 0.682435 0.465158 0.658437 0.760304 0.743893 0.722921 0.814612 0.519660 0.644622 0.643554 0.907570 0.632290 0.536996 0.470856 0.538414 0.881575 0.805272 0.922365 0.928827 0.708032 0.930058 0.474130 0.490553 0.492383 0.967278 0.468122 0.798882 0.664499 0.806454 0.786135 0.921670 0.823662 0.810349 0.974359 0.832782 0.578939 0.492165 0.952357 0.561234 0.565075 0.473494 0.816568 0.987171 0.344599 0.510126 0.757441 0.634112 0.352066 0.408729 0.431917 0.616983 0.590313 0.668694 0.272619 0.452583 0.336506 0.462841 0.548166 0.518977 0.715820 0.897809 0.622976 0.734669 0.722950 0.825980 0.663329 0.983324 0.629296 0.709078 0.685232 0.690818 0.712932 0.642805 0.464210 0.339904 0.795106 0.945334 0.522148 0.574928 0.940672 0.700112 0.991170 0.784018 0.934913 0.879086 0.568156 0.803135 0.989384 0.951886 0.891994 0.899154 0.876715 0.948425 0.682299 0.505055 0.867425 0.813278 0.975130 0.738448 0.948177 0.801560 0.930310 0.866008 0.688886 0.914244
0.644641 0.623583 0.352717 0.000000 0.931990 0.787756 0.465164 0.421565 0.960932 0.753678 0.877547 0.683809 0.601674 0.623407 0.841760 0.691358 0.855086 0.885490 0.656639 0.724249 0.742731 0.973125 0.720179 0.456388 0.488212 0.526207 0.933334 0.810535 0.987145 0.999378 0.686714 0.730006 0.572140 0.523838 0.592868 0.717621 0.548160 0.730957 0.577060 0.699956 0.819463 0.912098 0.599351 0.654753 0.964562 0.752892 0.504660 0.434299 0.986643 0.644672 0.514312 0.492565 0.854154 0.966186 0.483624 0.505479 0.866176 0.758355 0.451466 0.496798 0.574903 0.667330 0.747228 0.771382 0.435865 0.405035 0.330532 0.345683 0.769331 0.691847 0.678344 0.878528 0.848768 0.819274 0.804400 0.825122 0.561088 0.786175 0.676380 0.751333 0.839359 0.868355 0.813336 0.761752 0.652008 0.358676 0.914958 0.904351 0.639271 0.627160 0.825673 0.900280 0.726151 0.946526 0.913500 0.759914 0.547503 0.810594 0.820315 0.866135 0.972078 0.952478 0.794711 0.843163 0.558768 0.417774 0.785121 0.617088 0.970046 0.734381 0.856223 0.730610 0.816801 0.817292 0.715704 0.922393
0.688008 0.740897 0.988994 0.931990 0.000000 0.917679 0.859199 0.917659 0.906503 0.987290 0.727820 0.755320 0.674563 0.770078 0.796002 0.727028 0.695470 0.752989 0.723221 0.818558 0.986911 0.896217 0.806932 0.970850 0.960829 0.862985 0.963748 0.997193 0.698671 0.734061 0.917047 0.974816 0.846740 0.802814 0.937366 0.871463 0.981103 0.973219 0.954091 0.900319 0.939337 0.860219 0.974252 0.974111 0.938859 0.904313 0.785933 0.815454 0.862916 0.866971 0.884449 0.897311 0.999525 0.928601 0.933941 0.992181 0.667309 0.765959 0.805246 0.882013 0.752285 0.819253 0.685116 0.676361 0.921775 0.981651 0.967823 0.906362 0.737255 0.738617 0.972263 0.898243 0.941561 0.916895 0.919050 0.922066 0.955443 0.922126 0.804768 0.855953 0.707396 0.761879 0.723090 0.808572 0.706868 0.858111 0.802568 0.798333 0.822378 0.822986 0.782762 0.909339 0.728931 0.812205 0.837364 0.991381 0.863208 0.812126 0.971206 0.974839 0.808245 0.974402 0.930174 0.809839 0.957057 0.873983 0.972845 0.840821 0.887142 0.949759 0.802242 0.854949 0.832758 0.924574 0.843003 0.959660
0.963207 0.970524 0.898970 0.787756 0.917679 0.000000 0.877210 0.819779 0.884276 0.971378 0.936949 0.892887 0.990239 0.940595 0.841801 0.993865 0.985101 0.966408 0.946332 0.989702 0.777086 0.904712 0.830548 0.955050 0.931249 0.736206 0.820274 0.628873 0.999078 0.985332 0.930147 0.893016 0.963032 0.851929 0.979025 0.829324 0.999902 0.847187 0.945722 0.644848 0.730408 0.889211 0.724462 0.747855 0.915446 0.863210 0.900418 0.829383 0.958768 0.982457 0.920972 0.966835 0.943494 0.874199 0.972584 0.777184 0.958586 0.998180 0.893424 0.926962 0.939815 0.935905 0.985319 0.968211 0.993204 0.743165 0.722357 0.657038 0.986368 0.918115 0.997563 0.978993 0.979036 0.914165 0.972910 0.961137 0.996738 0.877295 0.928537 0.827662 0.992711 0.941078 0.837080 0.925022 0.916615 0.882196 0.936375 0.837507 0.863422 0.920943 0.620205 0.836369 0.670315 0.817956 0.944914 0.647708 0.753686 0.695970 0.756967 0.729059 0.692165 0.877021 0.736737 0.801358 0.968000 0.830328 0.928804 0.844541 0.928987 0.965898 0.852984 0.893154 0.907345 0.994773 0.972914 0.836384
0.498109 0.570522 0.439699 0.465164 0.859199 0.877210 0.000000 0.342091 0.648136 0.854457 0.521551 0.548322 0.324957 0.339694 0.496695 0.478616 0.600164 0.606791 0.348485 0.505407 0.681106 0.987772 0.670705 0.632128 0.844139 0.885406 0.963318 0.992064 0.560201 0.625794 0.653902 0.663668 0.359234 0.289501 0.715927 0.997021 0.632696 0.724304 0.850962 0.808102 0.847824 0.868668 0.505628 0.430706 0.542917 0.429549 0.442428 0.311181 0.631368 0.479469 0.427993 0.485260 0.734023 0.862065 0.592831 0.568545 0.621791 0.635387 0.399257 0.570923 0.325195 0.488773 0.448120 0.527924 0.604310 0.555183 0.396801 0.442061 0.771788 0.620933 0.581719 0.705954 0.585650 0.595579 0.781770 0.701510 0.468267 0.636366 0.574967 0.631092 0.646870 0.712125 0.665532 0.698735 0.590852 0.458163 0.882142 0.956292 0.666662 0.741678 0.800088 0.942647 0.894571 0.979066 0.924579 0.843459 0.507792 0.859293 0.548459 0.594183 0.884888 0.772784 0.601949 0.548197 0.572663 0.590621 0.834036 0.720668 0.908233 0.687643 0.752899 0.546656 0.688484 0.578008 0.638158 0.670981
0.552421 0.517750 0.599032 0.421565 0.917659 0.819779 0.342091 0.000000 0.800164 0.874455 0.549127 0.417059 0.485752 0.366316 0.739180 0.549282 0.651395 0.643713 0.493098 0.553141 0.874406 0.925886 0.896705 0.709147 0.951449 0.937476 0.887533 0.950998 0.583628 0.596333 0.854160 0.748363 0.541430 0.407806 0.937637 0.934012 0.660227 0.670406 0.783264 0.761475 0.936535 0.853859 0.473962 0.482995 0.700397 0.486469 0.375598 0.340909 0.621500 0.530937 0.355473 0.438515 0.797498 0.992234 0.570472 0.567741 0.649816 0.604405 0.432333 0.504176 0.381588 0.338355 0.520134 0.499637 0.753511 0.421750 0.496638 0.484594 0.779629 0.593651 0.777052 0.879943 0.731117 0.723154 0.791071 0.723600 0.506353 0.613346 0.632544 0.650843 0.672955 0.741118 0.674918 0.734166 0.729923 0.466447 0.878327 0.926127 0.728729 0.759710 0.836271 0.974137 0.900278 0.849416 0.931880 0.745184 0.512731 0.810660 0.545983 0.579814 0.765411 0.900928 0.622982 0.592493 0.605963 0.525886 0.787703 0.670551 0.874125 0.693996 0.745264 0.528862 0.642233 0.642606 0.663946 0.687160
0.939024 0.986897 0.925450 0.960932 0.906503 0.884276 0.648136 0.800164 0.000000 0.527675 0.892678 0.979098 0.735562 0.740672 0.563408 0.682880 0.904255 0.965059 0.802623 0.979814 0.975578 0.932506 0.828195 0.996697 0.757642 0.782868 0.895617 0.835844 0.711267 0.819218 0.849249 0.934867 0.849556 0.850185 0.865207 0.733946 0.990642 0.962131 0.822484 0.901254 0.830036 0.921286 0.873642 0.725367 0.546861 0.541447 0.827483 0.796502 0.601719 0.696798 0.719678 0.787163 0.531286 0.575606 0.991613 0.993355 0.963843 0.974359 0.860404 0.984519 0.746936 0.799456 0.806364 0.846012 0.983321 0.863848 0.985516 0.978266 0.851480 0.997538 0.993298 0.941839 0.837024 0.887149 0.897318 0.842681 0.862800 0.895002 0.919569 0.983504 0.998707 0.909963 0.890037 0.928202 0.996968 0.955439 0.999293 0.893445 0.973106 0.917429 0.995082 0.856578 0.746818 0.973491 0.895857 0.965111 0.999646 0.907633 0.778987 0.799072 0.948447 0.844056 0.914346 0.769239 0.958650 0.995390 0.813151 0.934756 0.852870 0.961780 0.868538 0.768654 0.867292 0.786759 0.864664 0.696041
0.769636 0.760141 0.703579 0.753678 0.987290 0.971378 0.854457 0.874455 0.527675 0.000000 0.995465 0.922377 0.962427 0.916072 0.734367 0.739519 0.866566 0.931023 0.940084 0.842878 0.972909 0.923490 0.945302 0.741937 0.515053 0.634377 0.733965 0.734016 0.725997 0.867142 0.895986 0.813369 0.883982 0.994717 0.675265 0.937653 0.842928 0.993341 0.656117 0.726232 0.780692 0.950899 0.736426 0.646526 0.404610 0.463655 0.988538 0.913017 0.475085 0.810428 0.791173 0.937070 0.570805 0.485137 0.686359 0.764498 0.891140 0.813161 0.872025 0.822713 0.991748 0.958124 0.951671 0.997633 0.578680 0.634492 0.765256 0.815915 0.628040 0.825831 0.900889 0.816331 0.922936 0.818405 0.936272 0.875890 0.879042 0.872374 0.913616 0.884074 0.814395 0.686219 0.853164 0.692178 0.633518 0.596725 0.890634 0.837626 0.720910 0.705636 0.747316 0.553706 0.984163 0.673070 0.990709 0.984520 0.855203 0.995066 0.589390 0.507367 0.673674 0.761125 0.746462 0.734688 0.982168 0.856350 0.853110 0.819421 0.880208 0.887806 0.787430 0.814521 0.662344 0.718538 0.997769 0.882069
0.384295 0.443324 0.709701 0.877547 0.727820 0.936949 0.521551 0.549127 0.892678 0.995465 0.000000 0.330729 0.438025 0.526599 0.747787 0.740665 0.397969 0.390446 0.394712 0.367699 0.846760 0.900598 0.940242 0.988412 0.894260 0.789270 0.890528 0.874332 0.484023 0.383349 0.933545 0.999839 0.543175 0.426639 0.963571 0.763092 0.747763 0.792175 0.966823 0.920310 0.826842 0.885507 0.859649 0.843649 0.883116 0.803209 0.681067 0.593124 0.691199 0.703406 0.737687 0.770439 0.842901 0.725540 0.708385 0.701157 0.421653 0.413903 0.551245 0.603254 0.378073 0.409976 0.351107 0.364056 0.816078 0.618904 0.735018 0.778604 0.555640 0.474768 0.842019 0.957936 0.562154 0.640270 0.694449 0.864163 0.791081 0.799144 0.622912 0.548398 0.374716 0.385184 0.594382 0.546034 0.588913 0.612886 0.757385 0.853154 0.716472 0.733030 0.845038 0.726326 0.806375 0.666567 0.840231 0.945101 0.613269 0.970554 0.790954 0.919105 0.969332 0.959217 0.691802 0.700687 0.819364 0.798984 0.865064 0.916717 0.810854 0.737287 0.928287 0.779745 0.908090 0.783057 0.717563 0.745581
0.310209 0.248559 0.682435 0.683809 0.755320 0.892887 0.548322 0.417059 0.979098 0.922377 0.330729 0.000000 0.420919 0.406602 0.778458 0.679188 0.336034 0.322108 0.344540 0.307472 0.917841 0.894187 0.805666 0.789528 0.953046 0.776780 0.991646 0.911114 0.430075 0.344123 0.936737 0.945981 0.500365 0.424066 0.996728 0.889659 0.668236 0.676020 0.927586 0.814328 0.882024 0.863019 0.732369 0.758582 0.918473 0.806445 0.482918 0.552590 0.704473 0.620648 0.602100 0.616981 0.877380 0.701997 0.639599 0.643643 0.309391 0.281977 0.476089 0.486669 0.333562 0.280419 0.291476 0.243497 0.773532 0.491996 0.693150 0.729613 0.462327 0.393195 0.768801 0.996548 0.609808 0.724525 0.745672 0.760869 0.700739 0.647023 0.484098 0.491241 0.307923 0.349616 0.507774 0.494189 0.484859 0.462926 0.676351 0.805094 0.620907 0.631948 0.762380 0.632796 0.755885 0.555139 0.884572 0.784760 0.525406 0.931961 0.790646 0.822536 0.945550 0.948488 0.697324 0.655434 0.681895 0.638533 0.983708 0.910136 0.815222 0.591240 0.837938 0.697468 0.794834 0.807638 0.656160 0.760611
0.299557 0.343641 0.465158 0.601674 0.674563 0.990239 0.324957 0.485752 0.735562 0.962427 0.438025 0.420919 0.000000 0.363284 0.458541 0.455688 0.375295 0.443841 0.267226 0.355711 0.705651 0.989713 0.525499 0.596777 0.833168 0.954783 0.930260 0.990829 0.490877 0.501009 0.769182 0.834087 0.345457 0.335316 0.733234 0.906410 0.599684 0.750342 0.774344 0.820666 0.775087 0.958646 0.733365 0.647979 0.789199 0.662538 0.471380 0.410819 0.724544 0.488471 0.547225 0.527964 0.889648 0.988481 0.544729 0.640106 0.420457 0.399359 0.382994 0.505328 0.269324 0.422236 0.261119 0.341328 0.481835 0.574181 0.571368 0.689515 0.524036 0.439573 0.641948 0.872753 0.549755 0.671866 0.811919 0.744171 0.529267 0.725963 0.516452 0.507988 0.422097 0.468942 0.466785 0.475615 0.341515 0.373504 0.657739 0.678002 0.538813 0.539030 0.805611 0.741017 0.736992 0.654246 0.932620 0.978766 0.537274 0.993756 0.797257 0.809895 0.826491 0.987869 0.799723 0.650196 0.634830 0.612095 0.985490 0.959564 0.967073 0.767013 0.933662 0.652852 0.804283 0.765843 0.629376 0.718995
0.484313 0.456621 0.658437 0.623407 0.770078 0.940595 0.339694 0.366316 0.740672 0.916072 0.526599 0.406602 0.363284 0.000000 0.574666 0.475901 0.463434 0.454976 0.323303 0.390246 0.868483 0.946495 0.632740 0.594760 0.956782 0.896877 0.927738 0.942543 0.415776 0.464866 0.827848 0.683174 0.431075 0.402579 0.865076 0.992644 0.756088 0.659870 0.846490 0.830440 0.973756 0.827579 0.610759 0.545755 0.695999 0.549943 0.435165 0.439006 0.680473 0.580651 0.541790 0.593691 0.899743 0.991287 0.717352 0.721568 0.461692 0.526701 0.557867 0.691493 0.397809 0.434142 0.386947 0.398811 0.738393 0.596147 0.664218 0.685788 0.733658 0.619426 0.656860 0.775544 0.733829 0.715013 0.861145 0.677177 0.565779 0.577474 0.511840 0.567052 0.492031 0.566444 0.512626 0.591445 0.518586 0.459078 0.820221 0.709626 0.689090 0.636025 0.970114 0.937968 0.872246 0.791867 0.968187 0.826255 0.557922 0.997148 0.687669 0.634602 0.952782 0.856825 0.715716 0.629417 0.674438 0.732156 0.964327 0.870649 0.924052 0.653367 0.801511 0.660120 0.703550 0.636842 0.732420 0.694007
0.682610 0.741480 0.760304 0.841760 0.796002 0.841801 0.496695 0.739180 0.563408 0.734367 0.747787 0.778458 0.458541 0.574666 0.000000 0.348695 0.644967 0.652341 0.561409 0.699747 0.747660 0.911886 0.440442 0.630657 0.949665 0.842485 0.819557 0.951409 0.562959 0.650431 0.591375 0.614336 0.530038 0.632532 0.910530 0.868410 0.856059 0.928710 0.930350 0.840764 0.930147 0.846615 0.808924 0.676686 0.703983 0.683883 0.695879 0.673739 0.768904 0.703217 0.834469 0.827357 0.803807 0.840864 0.905200 0.986731 0.708500 0.745750 0.786981 0.937139 0.643880 0.766178 0.527179 0.609294 0.736129 0.954264 0.911502 0.993592 0.949746 0.815396 0.743692 0.790119 0.818603 0.924735 0.907233 0.751387 0.724669 0.779054 0.722044 0.785652 0.701236 0.836427 0.637601 0.692219 0.675813 0.731687 0.760840 0.772532 0.821408 0.808043 0.977423 0.963403 0.802033 0.881092 0.978022 0.974734 0.842891 0.886432 0.709997 0.735534 0.844747 0.879626 0.852366 0.727021 0.833428 0.925562 0.956956 0.866149 0.982132 0.977041 0.994911 0.703316 0.825373 0.687069 0.914555 0.771052
0.697828 0.676992 0.743893 0.691358 0.727028 0.993865 0.478616 0.549282 0.682880 0.739519 0.740665 0.679188 0.455688 0.475901 0.348695 0.000000 0.651745 0.665064 0.552886 0.676747 0.813115 0.863118 0.506038 0.614691 0.925491 0.941632 0.896535 0.954490 0.552572 0.676014 0.615708 0.604658 0.535771 0.581112 0.946209 0.994992 0.833175 0.885262 0.925802 0.972869 0.848055 0.856614 0.574433 0.520364 0.743434 0.595365 0.545713 0.534540 0.760117 0.701216 0.678727 0.702707 0.747047 0.798194 0.889927 0.993685 0.699974 0.732515 0.703810 0.812118 0.621112 0.686496 0.551721 0.589709 0.773238 0.875190 0.826040 0.878050 0.911049 0.731315 0.722445 0.772520 0.847882 0.764522 0.882440 0.605168 0.614398 0.701681 0.666295 0.702782 0.742860 0.875619 0.704217 0.751080 0.746360 0.642554 0.879820 0.903788 0.852605 0.761109 0.936326 0.886087 0.914729 0.924419 0.967875 0.959032 0.780952 0.921255 0.645579 0.620912 0.911712 0.903811 0.756208 0.608773 0.772905 0.754872 0.965438 0.751568 0.997679 0.959787 0.907787 0.604491 0.593830 0.593079 0.752067 0.899362
0.324945 0.300833 0.722921 0.855086 0.695470 0.985101 0.600164 0.651395 0.904255 0.866566 0.397969 0.336034 0.375295 0.463434 0.644967 0.651745 0.000000 0.232135 0.288182 0.276887 0.932319 0.868619 0.663075 0.741807 0.998907 0.755108 0.845657 0.997096 0.387672 0.300320 0.900008 0.865890 0.406540 0.450060 0.923555 0.840631 0.673848 0.740471 0.996815 0.816697 0.793711 0.805129 0.759989 0.757062 0.934217 0.881807 0.593275 0.677297 0.802366 0.723268 0.785024 0.770803 0.851301 0.727302 0.739773 0.768055 0.227359 0.281096 0.586791 0.638684 0.440978 0.478249 0.285812 0.267340 0.704545 0.650007 0.752163 0.855373 0.470392 0.475280 0.656470 0.863759 0.617279 0.777700 0.803146 0.746101 0.763132 0.618818 0.394957 0.404918 0.246040 0.288296 0.435297 0.438668 0.406927 0.505298 0.717742 0.667157 0.628965 0.630476 0.708114 0.718793 0.675796 0.605426 0.918135 0.965531 0.591438 0.978398 0.882666 0.912220 0.780826 0.971428 0.710556 0.657163 0.750905 0.777536 0.915418 0.882340 0.889519 0.729503 0.996167 0.759021 0.935701 0.749702 0.685041 0.816439
0.372912 0.325980 0.814612 0.885490 0.752989 0.966408 0.606791 0.643713 0.965059 0.931023 0.390446 0.322108 0.443841 0.454976 0.652341 0.665064 0.232135 0.000000 0.321861 0.226138 0.863815 0.844894 0.691029 0.749019 0.943626 0.684374 0.838504 0.919287 0.336368 0.266448 0.910063 0.810523 0.409322 0.437780 0.965507 0.926218 0.703304 0.622920 0.985357 0.916240 0.751491 0.735087 0.729843 0.709596 0.892783 0.880045 0.639387 0.693925 0.804885 0.781673 0.851612 0.871459 0.736915 0.654517 0.827496 0.806497 0.230279 0.290911 0.652527 0.713104 0.522461 0.536255 0.313304 0.274392 0.809776 0.713423 0.772851 0.857406 0.485434 0.486654 0.600904 0.768550 0.630718 0.694574 0.860449 0.759705 0.732150 0.534840 0.406528 0.385631 0.249870 0.288914 0.491902 0.501184 0.482073 0.569726 0.731172 0.688002 0.691723 0.720758 0.783320 0.768347 0.770308 0.706708 0.845556 0.877631 0.552723 0.966366 0.775238 0.808506 0.838702 0.948927 0.638187 0.625300 0.656603 0.799003 0.945458 0.883470 0.909941 0.689499 0.905076 0.725629 0.939530 0.748515 0.767639 0.778155
0.287278 0.307833 0.519660 0.656639 0.723221 0.946332 0.348485 0.493098 0.802623 0.940084 0.394712 0.344540 0.267226 0.323303 0.561409 0.552886 0.288182 0.321861 0.000000 0.272390 0.707175 0.874422 0.552023 0.600401 0.880136 0.907424 0.824173 0.989758 0.378772 0.370239 0.734084 0.774207 0.320149 0.291261 0.790516 0.969213 0.616066 0.671759 0.907519 0.778173 0.853847 0.856577 0.673278 0.605001 0.788293 0.698602 0.487533 0.459416 0.717022 0.544880 0.584258 0.579006 0.982816 0.879008 0.591964 0.658451 0.295655 0.336551 0.413986 0.519366 0.314969 0.430517 0.250827 0.285026 0.630110 0.599311 0.550947 0.688134 0.487749 0.444796 0.542436 0.766804 0.543840 0.687509 0.789728 0.747499 0.599326 0.637408 0.425432 0.473569 0.312821 0.369634 0.467196 0.482569 0.388506 0.413139 0.785135 0.723911 0.594398 0.598502 0.856897 0.783028 0.807599 0.663580 0.990685 0.879756 0.474676 0.980030 0.742973 0.755342 0.874920 0.918641 0.684972 0.597999 0.615646 0.665592 0.978255 0.960633 0.910186 0.612574 0.866260 0.641091 0.853701 0.719281 0.613394 0.739790
0.313454 0.275880 0.644622 0.724249 0.818558 0.989702 0.505407 0.553141 0.979814 0.842878 0.367699 0.307472 0.355711 0.390246 0.699747 0.676747 0.276887 0.226138 0.272390 0.000000 0.830937 0.856751 0.656778 0.676043 0.920277 0.851307 0.851960 0.942915 0.431004 0.326655 0.831236 0.832906 0.373955 0.385709 0.848718 0.987411 0.600702 0.552026 0.851616 0.857844 0.782683 0.769998 0.727359 0.702739 0.916512 0.877348 0.588191 0.598140 0.838384 0.703534 0.736570 0.734964 0.793451 0.706879 0.664558 0.702916 0.248985 0.270654 0.519669 0.577627 0.411817 0.479260 0.284571 0.278574 0.666823 0.572994 0.634219 0.727398 0.430923 0.430136 0.518514 0.753339 0.572645 0.657350 0.834795 0.781955 0.589263 0.574721 0.399657 0.383554 0.267101 0.283283 0.474638 0.470196 0.393816 0.451651 0.728441 0.696541 0.608654 0.630300 0.752342 0.698676 0.801981 0.689231 0.901938 0.957545 0.491953 0.963211 0.830703 0.849847 0.832723 0.983684 0.671870 0.684928 0.604383 0.688727 0.961837 0.953961 0.898902 0.627730 0.895163 0.756537 0.937126 0.802260 0.700959 0.764471
0.746884 0.826238 0.643554 0.742731 0.986911 0.777086 0.681106 0.874406 0.975578 0.972909 0.846760 0.917841 0.705651 0.868483 0.747660 0.813115 0.932319 0.863815 0.707175 0.830937 0.000000 0.955619 0.714902 0.794664 0.740126 0.720736 0.885725 0.732102 0.977571 0.969986 0.677216 0.841220 0.679227 0.705499 0.745605 0.696333 0.826545 0.879147 0.880776 0.885372 0.843603 0.969253 0.827437 0.745430 0.824880 0.787739 0.806909 0.744471 0.940183 0.711432 0.779249 0.745797 0.948502 0.930845 0.787859 0.856876 0.883624 0.853530 0.676649 0.749445 0.764004 0.938950 0.802638 0.850653 0.700976 0.883140 0.605813 0.729950 0.840744 0.750312 0.793121 0.762678 0.784471 0.818739 0.887653 0.908765 0.669547 0.838200 0.905256 0.768899 0.890351 0.885695 0.989186 0.962472 0.835771 0.726976 0.911936 0.951240 0.947113 0.808305 0.823483 0.985283 0.837579 0.999191 0.876621 0.910487 0.717913 0.905496 0.783008 0.824258 0.897933 0.955192 0.707141 0.912073 0.835786 0.714348 0.986157 0.981183 0.983404 0.980719 0.912342 0.925354 0.915589 0.921001 0.868907 0.979564
0.957400 0.916847 0.907570 0.973125 0.896217 0.904712 0.987772 0.925886 0.932506 0.923490 0.900598 0.894187 0.989713 0.946495 0.911886 0.863118 0.868619 0.844894 0.874422 0.856751 0.955619 0.000000 0.930791 0.956850 0.969948 0.978703 0.820443 0.851113 0.868201 0.796370 0.785704 0.795380 0.977288 0.915518 0.973704 0.901018 0.976736 0.993936 0.841081 0.811313 0.935873 0.820337 0.782967 0.790610 0.946886 0.980714 0.931787 0.939545 0.994489 0.929086 0.935710 0.955765 0.974165 0.917940 0.889044 0.937421 0.829493 0.871715 0.954398 0.997496 0.983374 0.968532 0.988555 0.908968 0.873104 0.924423 0.976951 0.953651 0.914563 0.885637 0.871911 0.944567 0.920341 0.980105 0.973887 0.949059 0.880618 0.684731 0.949474 0.967064 0.893720 0.928386 0.875775 0.951858 0.884983 0.955477 0.970096 0.865316 0.793470 0.955428 0.950398 0.861082 0.928868 0.939187 0.977328 0.998241 0.901399 0.948587 0.876818 0.843451 0.982553 0.789248 0.812606 0.855170 0.922805 0.839078 0.978273 0.928751 0.805678 0.928879 0.978791 0.931538 0.945537 0.997274 0.978944 0.932570
0.632021 0.621743 0.632290 0.720179 0.806932 0.830548 0.670705 0.896705 0.828195 0.945302 0.940242 0.805666 0.525499 0.632740 0.440442 0.506038 0.663075 0.691029 0.552023 0.656778 0.714902 0.930791 0.000000 0.371182 0.646545 0.982293 0.645727 0.899179 0.684130 0.766339 0.523314 0.733760 0.532000 0.713786 0.682789 0.988862 0.696742 0.881093 0.936589 0.920108 0.945989 0.863547 0.877326 0.766851 0.919910 0.884606 0.682003 0.699619 0.935322 0.667133 0.860158 0.752908 0.830778 0.876797 0.786558 0.995164 0.647055 0.656618 0.731982 0.777373 0.714377 0.880343 0.563765 0.601579 0.589875 0.976052 0.839160 0.992629 0.766989 0.726022 0.647597 0.729098 0.887518 0.964744 0.938167 0.823135 0.743216 0.892833 0.569402 0.712012 0.628717 0.749328 0.632912 0.663839 0.487424 0.581892 0.788737 0.619469 0.699573 0.570026 0.823500 0.849555 0.779488 0.747923 0.882284 0.971665 0.788753 0.910003 0.948964 0.917568 0.621392 0.893238 0.953723 0.868348 0.815963 0.829250 0.962486 0.951159 0.875109 0.857130 0.949831 0.873426 0.928676 0.914273 0.813957 0.927124
0.692142 0.633851 0.536996 0.456388 0.970850 0.955050 0.632128 0.709147 0.996697 0.741937 0.988412 0.789528 0.596777 0.594760 0.630657 0.614691 0.741807 0.749019 0.600401 0.676043 0.794664 0.956850 0.371182 0.000000 0.535535 0.776160 0.680053 0.837546 0.801339 0.851137 0.643092 0.652798 0.583009 0.662438 0.652915 0.789580 0.646716 0.780653 0.758088 0.961832 0.863588 0.875454 0.815315 0.776386 0.954718 0.940336 0.616817 0.647844 0.886410 0.796605 0.839948 0.773262 0.993379 0.914724 0.679612 0.830484 0.739022 0.707466 0.716381 0.779503 0.759104 0.874325 0.696913 0.722345 0.529811 0.746361 0.648502 0.768294 0.768180 0.761340 0.605562 0.762246 0.987581 0.946118 0.919937 0.811875 0.697241 0.797614 0.601760 0.757438 0.710759 0.768774 0.633826 0.634215 0.532336 0.440932 0.781670 0.718755 0.719817 0.604643 0.948964 0.814808 0.997872 0.831642 0.972347 0.848397 0.772419 0.965544 0.935127 0.921002 0.736931 0.948600 0.990975 0.817276 0.681715 0.688427 0.904967 0.857503 0.892560 0.807326 0.939264 0.850035 0.993468 0.949750 0.905093 0.900403
0.747653 0.811802 0.470856 0.488212 0.960829 0.931249 0.844139 0.951449 0.757642 0.515053 0.894260 0.953046 0.833168 0.956782 0.949665 0.925491 0.998907 0.943626 0.880136 0.920277 0.740126 0.969948 0.646545 0.535535 0.000000 0.397910 0.749809 0.635987 0.745978 0.772416 0.632953 0.930783 0.713152 0.820160 0.485105 0.725923 0.579762 0.944332 0.583473 0.836897 0.740955 0.913307 0.963296 0.982281 0.718022 0.819816 0.828405 0.740359 0.695656 0.926506 0.922829 0.789420 0.997895 0.853488 0.540993 0.692961 0.990772 0.875761 0.667943 0.634559 0.897727 0.941416 0.947120 0.999345 0.410740 0.712146 0.534639 0.660534 0.732360 0.714820 0.755843 0.875034 0.919323 0.999339 0.948481 0.963729 0.850298 0.945774 0.875113 0.874462 0.910212 0.890032 0.882908 0.739287 0.656610 0.536164 0.868951 0.968743 0.651210 0.631642 0.998161 0.792617 0.800836 0.921255 0.919968 0.963355 0.747701 0.849318 0.860781 0.825247 0.808121 0.853796 0.946568 0.888829 0.809101 0.636061 0.878219 0.831379 0.997754 0.897555 0.815236 0.978615 0.899781 0.867263 0.944125 0.871952
0.998292 0.929357 0.538414 0.526207 0.862985 0.736206 0.885406 0.937476 0.782868 0.634377 0.789270 0.776780 0.954783 0.896877 0.842485 0.941632 0.755108 0.684374 0.907424 0.851307 0.720736 0.978703 0.982293 0.776160 0.397910 0.000000 0.970521 0.558873 0.594997 0.586721 0.710584 0.866469 0.906556 0.950297 0.544776 0.707527 0.714579 0.999676 0.627130 0.738308 0.804610 0.883100 0.877633 0.931704 0.837219 0.920170 0.889848 0.849126 0.680608 0.999175 0.876876 0.802482 0.891751 0.973579 0.660572 0.706138 0.778491 0.843162 0.762520 0.770048 0.986460 0.845077 0.802374 0.739440 0.553539 0.646036 0.485414 0.551378 0.912393 0.974245 0.863240 0.902557 0.998120 0.992028 0.968604 0.979789 0.907908 0.961994 0.934933 0.991677 0.783565 0.849255 0.844293 0.938669 0.966896 0.701691 0.831882 0.753868 0.893347 0.854523 0.779293 0.956476 0.616602 0.806940 0.829700 0.942902 0.827210 0.829178 0.873950 0.860556 0.957038 0.999978 0.997129 0.801050 0.926301 0.701387 0.815373 0.854933 0.965207 0.959568 0.911715 0.904145 0.978940 0.932034 0.988607 0.756542
0.890326 0.869289 0.881575 0.933334 0.963748 0.820274 0.963318 0.887533 0.895617 0.733965 0.890528 0.991646 0.930260 0.927738 0.819557 0.896535 0.845657 0.838504 0.824173 0.851960 0.885725 0.820443 0.645727 0.680053 0.749809 0.970521 0.000000 0.955163 0.888827 0.903450 0.801364 0.898959 0.842839 0.981547 0.985297 0.751229 0.953061 0.907187 0.983901 0.792744 0.965217 0.880637 0.890000 0.860204 0.699617 0.726003 0.980330 0.895483 0.734030 0.891454 0.848442 0.887440 0.834135 0.869628 0.919539 0.879995 0.880950 0.910093 0.949422 0.994503 0.918145 0.921992 0.900562 0.906629 0.780414 0.992488 0.968441 0.879380 0.857545 0.961993 0.785350 0.875090 0.961902 0.884098 0.913454 0.856072 0.994431 0.982918 0.815540 0.860421 0.814998 0.842352 0.684404 0.833796 0.737030 0.810128 0.886776 0.717527 0.780517 0.856200 0.829362 0.839612 0.878104 0.794131 0.984618 0.905900 0.985892 0.950324 0.861598 0.885191 0.743944 0.887723 0.865883 0.845907 0.940174 0.934786 0.994436 0.892177 0.895217 0.945331 0.814879 0.965893 0.841259 0.939233 0.943682 0.753263
0.976525 0.975560 0.805272 0.810535 0.997193 0.628873 0.992064 0.950998 0.835844 0.734016 0.874332 0.911114 0.990829 0.942543 0.951409 0.954490 0.997096 0.919287 0.989758 0.942915 0.732102 0.851113 0.899179 0.837546 0.635987 0.558873 0.955163 0.000000 0.860115 0.798753 0.916254 0.897242 0.915123 0.969461 0.731412 0.777040 0.994233 0.758592 0.861300 0.706883 0.744998 0.948399 0.811888 0.908808 0.887293 0.958778 0.888154 0.859972 0.805190 0.929278 0.988304 0.931471 0.982739 0.981913 0.864191 0.808475 0.956831 0.956268 0.853491 0.900026 0.980211 0.920129 0.954215 0.896352 0.745637 0.822408 0.736962 0.799702 0.986718 0.877628 0.870112 0.997384 0.879354 0.932044 0.964869 0.924567 0.874261 0.907953 0.908556 0.892125 0.944235 0.967223 0.860765 0.977133 0.975224 0.801746 0.910114 0.843939 0.915135 0.814011 0.851748 0.931691 0.810201 0.906512 0.871389 0.958875 0.953193 0.917853 0.999173 0.962661 0.934695 0.955356 0.962431 0.914644 0.890315 0.799306 0.885149 0.993752 0.988343 0.977100 0.948764 0.831395 0.961575 0.974967 0.943960 0.686514
0.558773 0.527650 0.922365 0.987145 0.698671 0.999078 0.560201 0.583628 0.711267 0.725997 0.484023 0.430075 0.490877 0.415776 0.562959 0.552572 0.387672 0.336368 0.378772 0.431004 0.977571 0.868201 0.684130 0.801339 0.745978 0.594997 0.888827 0.860115 0.000000 0.255132 0.895124 0.720756 0.525848 0.493990 0.883671 0.831498 0.838703 0.767880 0.806442 0.990715 0.935081 0.830966 0.650882 0.591381 0.664544 0.652422 0.643671 0.648532 0.595946 0.702941 0.747649 0.832797 0.996795 0.964757 0.935751 0.888032 0.376643 0.494357 0.723688 0.812062 0.550104 0.516684 0.372252 0.357836 0.983620 0.879069 0.923323 0.964832 0.714158 0.665859 0.708376 0.776566 0.708606 0.796354 0.945109 0.729021 0.737357 0.620670 0.476057 0.541424 0.417540 0.521284 0.540117 0.701168 0.674678 0.729465 0.830093 0.752473 0.808605 0.842279 0.940097 0.984981 0.769719 0.791595 0.948003 0.907511 0.716791 0.918123 0.655489 0.610153 0.989170 0.859111 0.659269 0.506604 0.787360 0.935418 0.959221 0.957074 0.938914 0.731077 0.798452 0.646532 0.799966 0.635189 0.789199 0.772342
0.475380 0.452033 0.928827 0.999378 0.734061 0.985332 0.625794 0.596333 0.819218 0.867142 0.383349 0.344123 0.501009 0.464866 0.650431 0.676014 0.300320 0.266448 0.370239 0.326655 0.969986 0.796370 0.766339 0.851137 0.772416 0.586721 0.903450 0.798753 0.255132 0.000000 0.929175 0.784825 0.517933 0.535834 0.844100 0.814333 0.769785 0.675542 0.801458 0.990328 0.951669 0.752269 0.765569 0.730245 0.833087 0.823093 0.707302 0.745028 0.716297 0.789787 0.842064 0.907984 0.860266 0.752643 0.911188 0.918622 0.282819 0.388086 0.736143 0.784035 0.542469 0.494249 0.364362 0.311450 0.978229 0.803636 0.920248 0.984731 0.605863 0.602456 0.711102 0.821445 0.626373 0.800311 0.816585 0.738206 0.812975 0.600111 0.479085 0.510535 0.320263 0.377955 0.511370 0.603039 0.619708 0.701858 0.769954 0.719404 0.798881 0.825398 0.837984 0.848569 0.723438 0.718104 0.855210 0.931213 0.676739 0.954590 0.762468 0.737762 0.972049 0.866706 0.621649 0.529085 0.753948 0.867164 0.924462 0.898030 0.940740 0.729721 0.827385 0.721173 0.927645 0.704523 0.786218 0.709895
0.892606 0.936872 0.708032 0.686714 0.917047 0.930147 0.653902 0.854160 0.849249 0.895986 0.933545 0.936737 0.769182 0.827848 0.591375 0.615708 0.900008 0.910063 0.734084 0.831236 0.677216 0.785704 0.523314 0.643092 0.632953 0.710584 0.801364 0.916254 0.895124 0.929175 0.000000 0.494254 0.639409 0.737792 0.760487 0.784541 0.662299 0.829620 0.966755 0.959308 0.951588 0.872093 0.614024 0.570122 0.774151 0.787170 0.845386 0.743368 0.992430 0.785947 0.819518 0.802395 0.718789 0.731390 0.876559 0.999128 0.901895 0.947472 0.813471 0.866593 0.906679 0.919335 0.888955 0.911243 0.760636 0.996538 0.692755 0.790592 0.994642 0.955838 0.538090 0.543028 0.848908 0.852344 0.868999 0.813610 0.597797 0.748325 0.729415 0.774569 0.941135 0.938187 0.935479 0.975289 0.909128 0.803755 0.862196 0.871564 0.951218 0.928992 0.826366 0.765150 0.802310 0.835585 0.902537 0.961950 0.851475 0.966927 0.838320 0.779113 0.955837 0.836846 0.715511 0.768381 0.676062 0.814025 0.894721 0.763715 0.942399 0.940653 0.911246 0.760222 0.885237 0.794777 0.879402 0.887660
0.995779 0.994483 0.930058 0.730006 0.974816 0.893016 0.663668 0.748363 0.934867 0.813369 0.999839 0.945981 0.834087 0.683174 0.614336 0.604658 0.865890 0.810523 0.774207 0.832906 0.841220 0.795380 0.733760 0.652798 0.930783 0.866469 0.898959 0.897242 0.720756 0.784825 0.494254 0.000000 0.656164 0.692588 0.996893 0.758872 0.839009 0.814121 0.961343 0.949830 0.884125 0.763492 0.494898 0.479636 0.717093 0.703314 0.775204 0.789675 0.962201 0.914927 0.875290 0.959291 0.917423 0.902985 0.986691 0.937153 0.856812 0.999456 0.972727 0.930957 0.981041 0.915144 0.903444 0.915842 0.960607 0.981615 0.794985 0.750783 0.920928 0.901285 0.626999 0.534543 0.974354 0.892133 0.974566 0.705392 0.691075 0.538404 0.768545 0.838276 0.923792 0.960122 0.952190 0.965546 0.976684 0.872400 0.786688 0.932025 0.894735 0.948562 0.642333 0.603741 0.663567 0.732216 0.931780 0.851445 0.914101 0.912157 0.569626 0.516791 0.820916 0.717446 0.576362 0.639675 0.692032 0.765179 0.775074 0.749978 0.888197 0.876713 0.775385 0.728788 0.838480 0.691650 0.964833 0.995051
0.368124 0.398758 0.474130 0.572140 0.846740 0.963032 0.359234 0.541430 0.849556 0.883982 0.543175 0.500365 0.345457 0.431075 0.530038 0.535771 0.406540 0.409322 0.320149 0.373955 0.679227 0.977288 0.532000 0.583009 0.713152 0.906556 0.842839 0.915123 0.525848 0.517933 0.639409 0.656164 0.000000 0.298630 0.663719 0.970639 0.506687 0.751280 0.820778 0.804970 0.647931 0.799430 0.584184 0.515220 0.789011 0.686374 0.450514 0.484412 0.779018 0.571092 0.611211 0.595922 0.907034 0.900188 0.579448 0.618793 0.390676 0.427650 0.426525 0.516686 0.411881 0.561358 0.331761 0.397073 0.557282 0.597092 0.455236 0.565900 0.542147 0.502974 0.496965 0.689939 0.563131 0.688550 0.778048 0.673174 0.539297 0.609985 0.403146 0.492086 0.409032 0.464933 0.546930 0.542184 0.426664 0.374828 0.865891 0.789293 0.548707 0.644396 0.996628 0.875141 0.983822 0.795779 0.982978 0.921286 0.442623 0.869045 0.703346 0.758853 0.942325 0.909632 0.618912 0.636841 0.620774 0.608328 0.953151 0.923284 0.999906 0.627893 0.830422 0.637613 0.826109 0.661649 0.661934 0.808063
0.361970 0.413802 0.490553 0.523838 0.802814 0.851929 0.289501 0.407806 0.850185 0.994717 0.426639 0.424066 0.335316 0.402579 0.632532 0.581112 0.450060 0.437780 0.291261 0.385709 0.705499 0.915518 0.713786 0.662438 0.820160 0.950297 0.981547 0.969461 0.493990 0.535834 0.737792 0.692588 0.298630 0.000000 0.778140 0.974397 0.557653 0.709476 0.837082 0.733676 0.676477 0.847696 0.514546 0.483694 0.654851 0.519227 0.428490 0.346320 0.597431 0.482716 0.462309 0.518958 0.906185 0.922367 0.554216 0.529251 0.421305 0.427329 0.355637 0.474088 0.316617 0.447728 0.356979 0.391599 0.629244 0.535780 0.405403 0.481492 0.577926 0.462225 0.600527 0.733731 0.618015 0.632422 0.736552 0.757225 0.489460 0.622250 0.472447 0.502104 0.421975 0.498087 0.565243 0.580418 0.506958 0.410022 0.889605 0.897775 0.627224 0.642099 0.932858 0.887495 0.924251 0.846888 0.975008 0.739909 0.452602 0.812552 0.568653 0.641638 0.882502 0.865132 0.572799 0.568612 0.583644 0.561174 0.901770 0.844680 0.979230 0.619441 0.785527 0.538710 0.753095 0.631574 0.628458 0.764662
0.719428 0.750644 0.492383 0.592868 0.937366 0.979025 0.715927 0.937637 0.865207 0.675265 0.963571 0.996728 0.733234 0.865076 0.910530 0.946209 0.923555 0.965507 0.790516 0.848718 0.745605 0.973704 0.682789 0.652915 0.485105 0.544776 0.985297 0.731412 0.883671 0.844100 0.760487 0.996893 0.663719 0.778140 0.000000 0.901457 0.603506 0.855123 0.597129 0.804733 0.752065 0.995954 0.939238 0.880643 0.992072 0.994466 0.790673 0.719491 0.863666 0.820610 0.827668 0.734271 0.869838 0.956960 0.630740 0.651785 0.928798 0.846718 0.649396 0.711475 0.789850 0.992691 0.854896 0.931412 0.422075 0.760126 0.532331 0.606823 0.739111 0.779418 0.668189 0.793773 0.805747 0.752630 0.998919 0.930952 0.786238 0.869817 0.775996 0.849512 0.928504 0.879201 0.908861 0.813361 0.642290 0.624370 0.989496 0.896361 0.673972 0.724505 0.921027 0.880310 0.967819 0.986764 0.764851 0.999584 0.736297 0.973944 0.891000 0.831534 0.643600 0.990715 0.972523 0.974942 0.743244 0.659735 0.840288 0.915939 0.960179 0.910339 0.859058 0.911228 0.912745 0.906405 0.885289 0.886405
0.885690 0.949314 0.967278 0.717621 0.871463 0.829324 0.997021 0.934012 0.733946 0.937653 0.763092 0.889659 0.906410 0.992644 0.868410 0.994992 0.840631 0.926218 0.969213 0.987411 0.696333 0.901018 0.988862 0.789580 0.725923 0.707527 0.751229 0.777040 0.831498 0.814333 0.784541 0.758872 0.970639 0.974397 0.901457 0.000000 0.952120 0.752212 0.806118 0.880309 0.980277 0.852029 0.751078 0.820210 0.971722 0.993534 0.909603 0.937180 0.848655 0.925792 0.968049 0.981498 0.886206 0.987634 0.995459 0.984571 0.872708 0.872658 0.983751 0.959946 0.848989 0.781868 0.805414 0.830936 0.950576 0.919624 0.757707 0.777789 0.913681 0.986398 0.699413 0.735193 0.922413 0.883221 0.777731 0.866605 0.706485 0.745707 0.941274 0.942089 0.831784 0.831237 0.866200 0.781250 0.877472 0.981347 0.794622 0.821524 0.935148 0.984607 0.724175 0.783225 0.599265 0.698800 0.847415 0.947059 0.881969 0.886866 0.854000 0.778288 0.880055 0.945075 0.818748 0.952241 0.773944 0.757249 0.819872 0.821783 0.910517 0.966832 0.963231 0.950772 0.904946 0.949190 0.953936 0.763654
0.479724 0.520315 0.468122 0.548160 0.981103 0.999902 0.632696 0.660227 0.990642 0.842928 0.747763 0.668236 0.599684 0.756088 0.856059 0.833175 0.673848 0.703304 0.616066 0.600702 0.826545 0.976736 0.696742 0.646716 0.579762 0.714579 0.953061 0.994233 0.838703 0.769785 0.662299 0.839009 0.506687 0.557653 0.603506 0.952120 0.000000 0.727571 0.756194 0.936544 0.681987 0.902753 0.763048 0.775671 0.998379 0.904895 0.627633 0.600857 0.925395 0.631271 0.663017 0.608372 0.837283 0.960018 0.478234 0.574946 0.631505 0.540798 0.497211 0.481688 0.575218 0.699282 0.608639 0.603890 0.526318 0.625621 0.509527 0.656469 0.523465 0.540112 0.702264 0.777705 0.607654 0.709666 0.848304 0.783517 0.682832 0.751406 0.606359 0.701049 0.632072 0.640720 0.667547 0.690172 0.564533 0.507886 0.802279 0.878783 0.627182 0.676363 0.781398 0.692886 0.928663 0.843840 0.953229 0.880431 0.618789 0.861741 0.990234 0.968662 0.812769 0.903968 0.769359 0.841592 0.594540 0.597139 0.899156 0.814010 0.981140 0.680550 0.944397 0.882167 0.985928 0.863167 0.707485 0.927748
0.720918 0.670089 0.798882 0.730957 0.973219 0.847187 0.724304 0.670406 0.962131 0.993341 0.792175 0.676020 0.750342 0.659870 0.928710 0.885262 0.740471 0.622920 0.671759 0.552026 0.879147 0.993936 0.881093 0.780653 0.944332 0.999676 0.907187 0.758592 0.767880 0.675542 0.829620 0.814121 0.751280 0.709476 0.855123 0.752212 0.727571 0.000000 0.788262 0.973186 0.917288 0.802375 0.777634 0.778918 0.869178 0.892456 0.796148 0.844248 0.937179 0.897660 0.813030 0.829564 0.838120 0.861810 0.796862 0.859040 0.669979 0.694905 0.812011 0.832236 0.777363 0.822156 0.777591 0.698562 0.858298 0.773811 0.728273 0.768726 0.753659 0.806942 0.630970 0.582023 0.810441 0.719335 0.949637 0.796415 0.757341 0.649733 0.685571 0.607155 0.731071 0.745174 0.813555 0.874438 0.781418 0.768571 0.991177 0.964690 0.742895 0.902098 0.983245 0.968458 0.961603 0.890431 0.904104 0.847433 0.690865 0.922704 0.860035 0.769506 0.981444 0.840233 0.692434 0.876563 0.574258 0.721379 0.777575 0.959879 0.954942 0.915529 0.905745 0.870807 0.909319 0.953500 0.760816 0.891945
