0.000000 0.268216 0.989638 0.784648 0.940053 0.798357 0.839802 0.597536 0.688901 0.626618 0.389184 0.375687 0.529511 0.475335 0.665672 0.734369 0.350387 0.308539 0.358664 0.332320 0.623128 0.981637 0.625973 0.760569 0.863353 0.716919 0.814609 0.894742 0.403544 0.426710 0.693556 0.695366 0.600821 0.603799 0.920453 0.863313 0.735008 0.978552 0.749626 0.811255 0.774589 0.896436 0.832812 0.730958 0.879021 0.726145 0.585921 0.673338 0.470751 0.674591 0.858004 0.954651 0.979825 0.715054 0.749208 0.926507 0.273343 0.385473 0.533266 0.685180 0.722586 0.810468 0.379394 0.394759 0.739229 0.719489 0.869060 0.799143 0.511326 0.553711 0.811993 0.891941 0.712577 0.875420 0.937029 0.951295 0.775539 0.871640 0.671952 0.456492 0.349652 0.308212 0.416664 0.540312 0.403662 0.593177 0.883123 0.650058 0.845668 0.588078 0.741363 0.568348 0.611327 0.483688 0.895562 0.961370 0.858727 0.785833 0.872437 0.877886 0.851079 0.776114 0.827402 0.900544 0.899432 0.943614 0.847972 0.660111 0.863409 0.965569 0.910154 0.903956 0.806309 0.945116 0.981443 0.779013
0.268216 0.000000 0.915880 0.858759 0.959984 0.704534 0.962814 0.601297 0.624877 0.694661 0.520398 0.426863 0.653282 0.545637 0.854997 0.864169 0.356304 0.363399 0.459644 0.357632 0.705060 0.917495 0.781461 0.885833 0.767186 0.788923 0.953860 0.827713 0.437604 0.495409 0.788260 0.734579 0.693746 0.611000 0.947530 0.976404 0.760520 0.978136 0.758765 0.717419 0.769987 0.941496 0.871252 0.722596 0.819829 0.676288 0.582803 0.704783 0.394478 0.643113 0.869606 0.988750 0.944037 0.668331 0.725935 0.879641 0.240145 0.258889 0.615014 0.664291 0.771985 0.740682 0.482375 0.423200 0.691597 0.731899 0.794053 0.862424 0.569302 0.488691 0.959417 0.966873 0.819606 0.989503 0.980879 0.967945 0.844864 0.909783 0.680533 0.523277 0.373716 0.315574 0.502340 0.492190 0.453018 0.635836 0.869108 0.628187 0.944503 0.627355 0.620460 0.464428 0.566944 0.426445 0.853530 0.963960 0.908961 0.796138 0.906115 0.956581 0.812997 0.671691 0.844162 0.979935 0.882737 0.924537 0.702739 0.618510 0.908894 0.955416 0.927473 0.940443 0.787790 0.931421 0.924814 0.771351
0.989638 0.915880 0.000000 0.422273 0.737715 0.775387 0.377807 0.602088 0.728814 0.768353 0.969803 0.997388 0.689197 0.854019 0.685118 0.763255 0.991299 0.970357 0.864644 0.991590 0.910090 0.962997 0.570622 0.763170 0.871699 0.602286 0.948441 0.906894 0.876998 0.865923 0.526981 0.571077 0.555761 0.705885 0.601190 0.941118 0.959312 0.911693 0.822496 0.814133 0.943238 0.994463 0.607945 0.618342 0.551337 0.621887 0.681383 0.615410 0.795191 0.581698 0.489335 0.484341 0.531560 0.484705 0.774998 0.912102 0.973264 0.814378 0.965093 0.847195 0.655462 0.775413 0.953304 0.981524 0.450574 0.731891 0.481726 0.592499 0.931599 0.833555 0.865387 0.891581 0.776799 0.639053 0.769518 0.980743 0.799391 0.657643 0.962000 0.943217 0.956153 0.889655 0.927876 0.958267 0.830899 0.922624 0.689110 0.894767 0.768166 0.922363 0.646182 0.669092 0.687386 0.767265 0.758215 0.983198 0.801196 0.937458 0.706921 0.624182 0.718821 0.662025 0.762769 0.641434 0.606341 0.571821 0.867561 0.929609 0.969244 0.839583 0.741322 0.752125 0.647138 0.756127 0.673205 0.968473
0.784648 0.858759 0.422273 0.000000 0.756132 0.798621 0.466566 0.440359 0.812724 0.699583 0.798523 0.690528 0.611788 0.625269 0.581904 0.608621 0.821927 0.845405 0.711034 0.682366 0.891156 0.971744 0.497953 0.629558 0.882107 0.793416 0.935874 0.960741 0.733737 0.773247 0.542377 0.618693 0.550158 0.706244 0.724106 0.877359 0.867973 0.840639 0.812299 0.997785 0.938448 0.988268 0.624517 0.610437 0.606056 0.583707 0.720302 0.615046 0.673310 0.470934 0.534584 0.526229 0.624666 0.714395 0.744702 0.993995 0.845173 0.966156 0.798762 0.965379 0.616783 0.534367 0.777162 0.845006 0.565275 0.657781 0.604205 0.713318 0.915353 0.732398 0.840989 0.841390 0.714834 0.674736 0.711994 0.978778 0.608181 0.740221 0.857876 0.911005 0.828035 0.883701 0.803796 0.886071 0.647581 0.673318 0.795407 0.752936 0.812800 0.743103 0.783222 0.843779 0.788288 0.909606 0.731528 0.997360 0.767759 0.950906 0.710438 0.653921 0.773625 0.763059 0.773302 0.755056 0.656456 0.636071 0.966411 0.998469 0.985275 0.864378 0.757221 0.772214 0.657881 0.850033 0.863131 0.886580
0.940053 0.959984 0.737715 0.756132 0.000000 0.812910 0.827871 0.911632 0.842515 0.949508 0.996465 0.975256 0.843108 0.827077 0.756070 0.760146 0.897255 0.917953 0.956689 0.984233 0.966598 0.896020 0.705738 0.617984 0.883053 0.887542 0.763281 0.834236 0.953354 0.953844 0.845639 0.955851 0.895149 0.983353 0.968129 0.919476 0.848987 0.978812 0.904464 0.959776 0.887885 0.885312 0.877662 0.885743 0.966849 0.978353 0.885272 0.909599 0.896345 0.856500 0.815023 0.798455 0.742087 0.886185 0.953121 0.855010 0.949258 0.825552 0.991933 0.840116 0.865728 0.881031 0.989967 0.950960 0.802189 0.794043 0.875062 0.956875 0.975641 0.978258 0.969874 0.927405 0.938804 0.937917 0.986944 0.889674 0.976889 0.863158 0.838743 0.967812 0.939971 0.915238 0.943389 0.942773 0.737332 0.741227 0.929859 0.841987 0.724477 0.952520 0.826864 0.847762 0.939881 0.904704 0.975888 0.943722 0.939183 0.947840 0.990516 0.889832 0.880933 0.796016 0.928347 0.999103 0.901163 0.869440 0.814685 0.919554 0.911828 0.857355 0.990771 0.975190 0.959534 0.943832 0.750820 0.833225
0.798357 0.704534 0.775387 0.798621 0.812910 0.000000 0.664912 0.780772 0.634654 0.832046 0.920885 0.947633 0.924687 0.992991 0.872165 0.796845 0.845137 0.777693 0.837332 0.795806 0.905227 0.909970 0.956197 0.957473 0.922818 0.849613 0.788201 0.858677 0.851357 0.904445 0.903100 0.871840 0.845511 0.993316 0.761144 0.994554 0.972075 0.884054 0.860914 0.944582 0.748493 0.887932 0.634226 0.743221 0.732710 0.797416 0.911280 0.853923 0.957757 0.874997 0.700047 0.700968 0.747503 0.624512 0.912915 0.905217 0.717335 0.571715 0.900122 0.950810 0.742991 0.795895 0.995199 0.958058 0.696923 0.616527 0.564787 0.614413 0.600640 0.861893 0.765014 0.737032 0.909041 0.874616 0.700083 0.924442 0.749303 0.833188 0.953964 0.957340 0.934175 0.757453 0.847891 0.867962 0.862163 0.968462 0.860276 0.843661 0.976950 0.914720 0.650981 0.643371 0.626445 0.643882 0.884106 0.827211 0.793516 0.716582 0.718465 0.648489 0.683016 0.736434 0.793086 0.813197 0.734642 0.663109 0.787051 0.744573 0.823360 0.979301 0.775076 0.689452 0.892222 0.876723 0.746215 0.921533
0.839802 0.962814 0.377807 0.466566 0.827871 0.664912 0.000000 0.436277 0.724568 0.488715 0.711261 0.781538 0.488867 0.676149 0.535360 0.614014 0.739391 0.769709 0.592496 0.839535 0.850498 0.979180 0.598571 0.834427 0.977495 0.889515 0.950857 0.961958 0.693545 0.606872 0.426421 0.473311 0.379451 0.488098 0.673130 0.979821 0.826921 0.751181 0.750569 0.932535 0.992378 0.949389 0.373642 0.410920 0.382632 0.479338 0.569940 0.426520 0.700190 0.543579 0.326708 0.389722 0.408612 0.429968 0.639371 0.787376 0.877741 0.883314 0.781308 0.821891 0.424500 0.681717 0.665052 0.722399 0.673724 0.791902 0.339438 0.500175 0.971684 0.832010 0.560174 0.572679 0.568126 0.484062 0.759112 0.870098 0.538761 0.506898 0.644171 0.717281 0.700169 0.938055 0.794362 0.792292 0.816812 0.975505 0.748543 0.914731 0.846000 0.883250 0.614513 0.670720 0.739923 0.786027 0.791588 0.743278 0.654885 0.776895 0.495978 0.369608 0.525228 0.570236 0.554241 0.461199 0.640160 0.489820 0.858958 0.889786 0.814382 0.800043 0.665559 0.575009 0.568471 0.657084 0.658726 0.907636
0.597536 0.601297 0.602088 0.440359 0.911632 0.780772 0.436277 0.000000 0.957937 0.447058 0.599001 0.433833 0.451721 0.403692 0.605662 0.559304 0.599235 0.665445 0.604381 0.608066 0.832451 0.962367 0.656194 0.778281 0.931041 0.953833 0.907407 0.762575 0.571878 0.600329 0.567596 0.547832 0.492974 0.494503 0.770099 0.968383 0.768106 0.827323 0.742887 0.908465 0.890553 0.950561 0.380516 0.381112 0.382307 0.369543 0.469180 0.412135 0.374470 0.351821 0.387251 0.430933 0.607589 0.753108 0.656355 0.813907 0.671249 0.789078 0.510648 0.804233 0.361071 0.349340 0.497276 0.501980 0.753271 0.697896 0.539755 0.584122 0.983308 0.639529 0.669316 0.729075 0.655350 0.638375 0.718042 0.919817 0.527449 0.634819 0.772325 0.738501 0.561003 0.712102 0.680419 0.746720 0.594576 0.735634 0.910299 0.758248 0.876130 0.633226 0.853029 0.992565 0.898564 0.908638 0.739119 0.797133 0.718023 0.883188 0.472836 0.404178 0.669918 0.837312 0.527129 0.669911 0.699559 0.663938 0.877391 0.988367 0.781042 0.767849 0.642353 0.508605 0.587612 0.751211 0.747393 0.797211
0.688901 0.624877 0.728814 0.812724 0.842515 0.634654 0.724568 0.957937 0.000000 0.835009 0.853999 0.763615 0.993368 0.817781 0.846836 0.947457 0.822421 0.737947 0.819775 0.710008 0.887600 0.969563 0.991964 0.933011 0.946338 0.769646 0.987343 0.941536 0.779357 0.890337 0.840577 0.906262 0.919129 0.926954 0.737704 0.904141 0.982834 0.808444 0.888709 0.877197 0.947834 0.988361 0.814342 0.912402 0.850404 0.974594 0.999069 0.874673 0.838967 0.925915 0.735916 0.620459 0.633269 0.563842 0.985797 0.914586 0.625692 0.523248 0.857919 0.754490 0.960829 0.919392 0.776915 0.787813 0.678165 0.759821 0.669333 0.831309 0.726852 0.793504 0.810796 0.696063 0.837128 0.684377 0.836559 0.918006 0.699693 0.785514 0.942259 0.977551 0.835547 0.695217 0.690384 0.713701 0.801437 0.871211 0.707915 0.738969 0.791418 0.821325 0.522022 0.465817 0.482704 0.527730 0.808976 0.966569 0.799132 0.775047 0.697059 0.682675 0.646878 0.682190 0.744478 0.737602 0.797741 0.789147 0.809281 0.709762 0.869203 0.903810 0.850859 0.761173 0.802286 0.851441 0.853476 0.880322
0.626618 0.694661 0.768353 0.699583 0.949508 0.832046 0.488715 0.447058 0.835009 0.000000 0.449879 0.509579 0.560798 0.620301 0.555544 0.618495 0.438749 0.504907 0.563951 0.647537 0.678872 0.971966 0.676564 0.871277 0.944351 0.951896 0.852064 0.972213 0.499138 0.443254 0.469050 0.563535 0.453712 0.468367 0.966426 0.995268 0.647786 0.735713 0.922983 0.976126 0.904337 0.929443 0.513830 0.506569 0.513500 0.486060 0.550634 0.469466 0.510436 0.585237 0.529347 0.610466 0.717372 0.842492 0.762618 0.830475 0.698753 0.848289 0.562963 0.983050 0.518328 0.585254 0.469370 0.402565 0.995103 0.978844 0.662689 0.736108 0.848122 0.759038 0.528658 0.533334 0.561077 0.531535 0.785384 0.895267 0.621267 0.520417 0.659214 0.520127 0.430109 0.587744 0.704361 0.674867 0.691910 0.865760 0.890583 0.918613 0.930939 0.718697 0.895885 0.997326 0.971121 0.887537 0.923619 0.851803 0.623958 0.962847 0.553911 0.492974 0.719274 0.916672 0.500197 0.527550 0.750472 0.684768 0.931275 0.961307 0.707113 0.898488 0.759562 0.627927 0.722695 0.819067 0.809885 0.732738
0.389184 0.520398 0.969803 0.798523 0.996465 0.920885 0.711261 0.599001 0.853999 0.449879 0.000000 0.359794 0.433568 0.487683 0.534583 0.554560 0.346167 0.325513 0.345605 0.454730 0.757020 0.968482 0.630672 0.786119 0.946789 0.702750 0.881577 0.990959 0.415141 0.373016 0.735445 0.758281 0.508751 0.613492 0.838436 0.981507 0.717541 0.886747 0.934418 0.858760 0.789325 0.906413 0.758612 0.719569 0.844099 0.738216 0.641519 0.669869 0.601058 0.750253 0.840614 0.941035 0.954140 0.836284 0.777072 0.952900 0.500057 0.623126 0.477982 0.870403 0.605278 0.762446 0.348441 0.341925 0.796092 0.787041 0.889691 0.942851 0.645208 0.704584 0.689000 0.658576 0.575303 0.675799 0.914518 0.950967 0.727994 0.699700 0.599614 0.513635 0.406523 0.400091 0.506122 0.581252 0.587498 0.714946 0.968331 0.678624 0.952473 0.634744 0.873584 0.722968 0.712378 0.616329 0.909252 0.843865 0.758646 0.789754 0.797310 0.756383 0.998143 0.888770 0.781700 0.690166 0.963881 0.841532 0.852056 0.753223 0.845430 0.817676 0.959738 0.821685 0.858633 0.947883 0.957699 0.759991
0.375687 0.426863 0.997388 0.690528 0.975256 0.947633 0.781538 0.433833 0.763615 0.509579 0.359794 0.000000 0.434335 0.297442 0.559144 0.506821 0.385166 0.396409 0.448466 0.428112 0.832751 0.956843 0.637101 0.670507 0.927807 0.661152 0.932422 0.815871 0.442152 0.432052 0.712545 0.721712 0.604102 0.548472 0.856232 0.881420 0.722181 0.934572 0.905474 0.750829 0.971839 0.995843 0.663557 0.623304 0.731106 0.609350 0.595693 0.607463 0.405924 0.601898 0.777678 0.879487 0.995889 0.773816 0.787332 0.955680 0.493548 0.548100 0.506575 0.695739 0.543763 0.491140 0.330455 0.312489 0.853400 0.941092 0.938443 0.969846 0.742768 0.656109 0.727183 0.738059 0.720254 0.798774 0.896546 0.996063 0.679383 0.784979 0.703893 0.620202 0.443223 0.432688 0.550372 0.663827 0.470662 0.509556 0.969109 0.570230 0.931103 0.531777 0.793812 0.588807 0.663823 0.517808 0.951654 0.809508 0.902957 0.769981 0.757997 0.739070 0.984628 0.829921 0.812416 0.848285 0.993855 0.959223 0.671138 0.759306 0.860062 0.794393 0.984136 0.823728 0.864595 0.952871 0.958217 0.686478
0.529511 0.653282 0.689197 0.611788 0.843108 0.924687 0.488867 0.451721 0.993368 0.560798 0.433568 0.434335 0.000000 0.356917 0.351890 0.369041 0.550320 0.551076 0.429439 0.635713 0.902926 0.988217 0.487716 0.692954 0.963823 0.804045 0.859461 0.926993 0.510502 0.423489 0.524859 0.552074 0.453681 0.542094 0.891376 0.967832 0.840767 0.964997 0.836928 0.987317 0.972717 0.986173 0.474602 0.463348 0.615568 0.554870 0.477052 0.512254 0.559245 0.547039 0.565670 0.600648 0.707452 0.841946 0.694370 0.969395 0.597891 0.763070 0.499823 0.785212 0.410039 0.654296 0.373956 0.424916 0.882430 0.950505 0.605892 0.776052 0.917282 0.831044 0.633183 0.714453 0.658817 0.675327 0.889785 0.862025 0.611860 0.574487 0.616723 0.656866 0.603762 0.660596 0.509971 0.793737 0.601476 0.681495 0.868242 0.693149 0.772478 0.685519 0.938191 0.891165 0.914423 0.744142 0.943844 0.774119 0.756605 0.995529 0.601259 0.534600 0.730009 0.897441 0.601426 0.653184 0.689270 0.685619 0.882251 0.878371 0.843449 0.678569 0.846102 0.702887 0.687070 0.782489 0.675017 0.801021
0.475335 0.545637 0.854019 0.625269 0.827077 0.992991 0.676149 0.403692 0.817781 0.620301 0.487683 0.297442 0.356917 0.000000 0.475564 0.398158 0.563062 0.573259 0.457226 0.505772 0.870168 0.987493 0.489189 0.510064 0.999060 0.701015 0.925342 0.869379 0.463736 0.473157 0.638404 0.598690 0.576022 0.540077 0.993910 0.887029 0.785884 0.982348 0.913987 0.744023 0.896627 0.998693 0.569967 0.563268 0.639542 0.549313 0.565758 0.594221 0.431657 0.520778 0.608910 0.714967 0.844079 0.956395 0.735396 0.951026 0.614037 0.686360 0.591401 0.746537 0.500640 0.462679 0.386927 0.429943 0.965515 0.792754 0.791450 0.877056 0.827869 0.714528 0.713207 0.827977 0.728844 0.768815 0.802736 0.908903 0.731079 0.820207 0.776155 0.748421 0.581409 0.568171 0.543554 0.748134 0.428560 0.446767 0.922071 0.525274 0.902361 0.523921 0.878177 0.664354 0.725689 0.562838 0.968979 0.844644 0.993924 0.829571 0.768648 0.654950 0.912117 0.964430 0.823887 0.823711 0.885743 0.864621 0.788806 0.798011 0.857262 0.789045 0.895060 0.767857 0.819380 0.968235 0.925807 0.769305
0.665672 0.854997 0.685118 0.581904 0.756070 0.872165 0.535360 0.605662 0.846836 0.555544 0.534583 0.559144 0.351890 0.475564 0.000000 0.327366 0.632997 0.652393 0.510708 0.692201 0.863711 0.935486 0.349313 0.552720 0.972732 0.883654 0.828857 0.999841 0.593905 0.463864 0.422856 0.551677 0.461818 0.497182 0.938924 0.906506 0.854716 0.954724 0.927334 0.973462 0.949856 0.871424 0.608095 0.597814 0.690132 0.596850 0.677076 0.599096 0.703468 0.590290 0.670785 0.640181 0.704895 0.856172 0.843584 0.908182 0.774795 0.909133 0.692501 0.942788 0.606603 0.701650 0.431623 0.529664 0.825384 0.959307 0.596568 0.856812 0.927281 0.898182 0.550866 0.683392 0.620763 0.668068 0.844715 0.881467 0.603682 0.643309 0.774570 0.662830 0.660985 0.730669 0.632019 0.829956 0.567950 0.589779 0.824494 0.695527 0.767741 0.722008 0.965375 0.978379 0.953075 0.815286 0.892335 0.837661 0.799811 0.880851 0.761313 0.662481 0.719395 0.853472 0.730401 0.567801 0.784605 0.708713 0.979393 0.933573 0.811480 0.804558 0.903666 0.814706 0.816648 0.813852 0.663627 0.808802
0.734369 0.864169 0.763255 0.608621 0.760146 0.796845 0.614014 0.559304 0.947457 0.618495 0.554560 0.506821 0.369041 0.398158 0.327366 0.000000 0.711064 0.752224 0.630579 0.814107 0.927126 0.968430 0.470599 0.504376 0.893126 0.794675 0.996405 0.904633 0.606719 0.510887 0.556116 0.622386 0.558978 0.609725 0.953988 0.986330 0.856295 0.922876 0.921010 0.926084 0.891025 0.944279 0.512094 0.520875 0.673788 0.580225 0.676739 0.588692 0.631866 0.637761 0.651442 0.686248 0.789785 0.910940 0.882613 0.899628 0.866271 0.941440 0.624921 0.792970 0.501471 0.588701 0.445270 0.501531 0.833476 0.793575 0.607694 0.727891 0.913477 0.946141 0.638991 0.694150 0.813301 0.771728 0.835739 0.924426 0.760007 0.653851 0.761909 0.829399 0.757151 0.811083 0.704517 0.910234 0.627321 0.539841 0.839606 0.683531 0.810496 0.659782 0.968357 0.873086 0.905368 0.754298 0.873228 0.806488 0.845470 0.922376 0.786932 0.683072 0.772372 0.881119 0.768812 0.705117 0.784017 0.751214 0.903072 0.904605 0.802004 0.803697 0.885899 0.810607 0.802836 0.854808 0.744947 0.873993
0.350387 0.356304 0.991299 0.821927 0.897255 0.845137 0.739391 0.599235 0.822421 0.438749 0.346167 0.385166 0.550320 0.563062 0.632997 0.711064 0.000000 0.218819 0.371652 0.383719 0.697640 0.869546 0.715185 0.896537 0.983385 0.684719 0.972507 0.994693 0.350788 0.281544 0.649780 0.646471 0.492529 0.456209 0.931024 0.949537 0.724149 0.864483 0.861375 0.763755 0.700005 0.870639 0.740868 0.636679 0.712259 0.575026 0.574559 0.561063 0.466289 0.690820 0.814171 0.995581 0.996889 0.791404 0.709563 0.864118 0.315767 0.411924 0.609948 0.876917 0.661029 0.776942 0.334817 0.278494 0.674632 0.674400 0.952004 0.993137 0.649864 0.616969 0.752487 0.671323 0.630933 0.810716 0.928343 0.953289 0.715267 0.679442 0.514260 0.414256 0.261996 0.331615 0.506405 0.435484 0.574331 0.738648 0.961090 0.691050 0.970974 0.709202 0.661253 0.589480 0.610981 0.512281 0.882826 0.850784 0.846022 0.754884 0.806255 0.789711 0.919437 0.807243 0.763278 0.710012 0.986182 0.960097 0.720817 0.692625 0.862596 0.867155 0.983034 0.868584 0.749219 0.944857 0.955341 0.778218
0.308539 0.363399 0.970357 0.845405 0.917953 0.777693 0.769709 0.665445 0.737947 0.504907 0.325513 0.396409 0.551076 0.573259 0.652393 0.752224 0.218819 0.000000 0.331337 0.359836 0.679172 0.871922 0.695586 0.866547 0.945401 0.666606 0.975693 0.989166 0.320277 0.294489 0.677439 0.700870 0.522961 0.509672 0.852168 0.983640 0.731562 0.888829 0.869064 0.784886 0.669684 0.864456 0.824148 0.692244 0.804320 0.664569 0.673067 0.613230 0.535203 0.746256 0.869930 0.980677 0.985179 0.806290 0.727442 0.846214 0.304045 0.413020 0.640623 0.914028 0.717004 0.883197 0.347930 0.312510 0.627383 0.619613 0.977279 0.885966 0.570323 0.635701 0.742483 0.688053 0.619492 0.775150 0.995001 0.955084 0.726551 0.700495 0.493778 0.408619 0.278813 0.288906 0.460824 0.452236 0.563826 0.763237 0.973662 0.653668 0.956834 0.725303 0.684249 0.590893 0.574757 0.510038 0.851139 0.855058 0.868789 0.768287 0.843231 0.833641 0.871094 0.789016 0.822823 0.763410 0.970839 0.995084 0.761304 0.721965 0.917793 0.892962 0.940154 0.957369 0.772773 0.961845 0.994882 0.818745
0.358664 0.459644 0.864644 0.711034 0.956689 0.837332 0.592496 0.604381 0.819775 0.563951 0.345605 0.448466 0.429439 0.457226 0.510708 0.630579 0.371652 0.331337 0.000000 0.348949 0.716851 0.935120 0.492680 0.697145 0.864494 0.682988 0.868245 0.962995 0.371461 0.350689 0.576143 0.552939 0.449558 0.490528 0.937814 0.956740 0.761761 0.862404 0.810992 0.858737 0.776699 0.925995 0.728748 0.654628 0.728103 0.646232 0.588677 0.589254 0.534946 0.658443 0.715325 0.849332 0.846830 0.962740 0.643330 0.783667 0.393262 0.551603 0.695319 0.969107 0.678366 0.803209 0.392180 0.422439 0.775223 0.732888 0.890902 0.948813 0.573797 0.630616 0.641869 0.782622 0.560583 0.670916 0.946905 0.930857 0.641250 0.730442 0.529016 0.437624 0.379383 0.396072 0.420939 0.507023 0.468453 0.659232 0.929971 0.565691 0.916713 0.599592 0.836469 0.706276 0.677534 0.616079 0.823340 0.788517 0.867985 0.850410 0.815392 0.762014 0.992310 0.942183 0.781665 0.701606 0.973503 0.865382 0.891035 0.682683 0.898970 0.856126 0.982720 0.868216 0.736567 0.869224 0.990087 0.743767
0.332320 0.357632 0.991590 0.682366 0.984233 0.795806 0.839535 0.608066 0.710008 0.647537 0.454730 0.428112 0.635713 0.505772 0.692201 0.814107 0.383719 0.359836 0.348949 0.000000 0.727518 0.951025 0.583876 0.735127 0.808577 0.821975 0.851259 0.976328 0.395319 0.455864 0.713767 0.690209 0.610920 0.590343 0.896671 0.916188 0.787339 0.791764 0.874195 0.773281 0.725462 0.796365 0.931994 0.830069 0.835995 0.711223 0.712305 0.712822 0.494246 0.618357 0.869239 0.991547 0.974672 0.743173 0.707431 0.890339 0.365236 0.416608 0.732211 0.932092 0.860991 0.718085 0.526163 0.515430 0.703777 0.778299 0.865636 0.816737 0.442847 0.500698 0.833789 0.986003 0.649150 0.803126 0.932434 0.928987 0.729443 0.935064 0.659597 0.537349 0.373071 0.310651 0.399038 0.462168 0.421623 0.582490 0.984359 0.550300 0.960191 0.591553 0.667024 0.549798 0.641222 0.521512 0.870171 0.928474 0.970784 0.795785 0.992932 0.956566 0.816492 0.766811 0.986193 0.938336 0.942347 0.931002 0.813623 0.658974 0.989970 0.958699 0.976080 0.950058 0.899343 0.967978 0.874845 0.740333
0.623128 0.705060 0.910090 0.891156 0.966598 0.905227 0.850498 0.832451 0.887600 0.678872 0.757020 0.832751 0.902926 0.870168 0.863711 0.927126 0.697640 0.679172 0.716851 0.727518 0.000000 0.939904 0.881360 0.967291 0.960676 0.943757 0.921746 0.899197 0.714009 0.786600 0.687557 0.751224 0.794167 0.786735 0.895529 0.985460 0.807150 0.976458 0.750189 0.815172 0.841336 0.814502 0.809198 0.741908 0.852081 0.759022 0.745135 0.748949 0.669534 0.901407 0.818560 0.861173 0.919889 0.984579 0.797898 0.843524 0.709749 0.794283 0.862670 0.986486 0.899528 0.930003 0.753228 0.759356 0.909594 0.839401 0.923482 0.967934 0.781391 0.816585 0.881640 0.831176 0.824591 0.831567 0.814733 0.982855 0.960954 0.883726 0.846332 0.703402 0.690348 0.726402 0.751527 0.816749 0.780486 0.975690 0.889739 0.976528 0.990160 0.788064 0.916511 0.925839 0.943863 0.849259 0.979988 0.936082 0.908738 0.995038 0.820899 0.875016 0.979628 0.998179 0.801195 0.810275 0.920779 0.897830 0.927424 0.899949 0.918226 0.813723 0.950630 0.944015 0.905169 0.948924 0.989580 0.881606
0.981637 0.917495 0.962997 0.971744 0.896020 0.909970 0.979180 0.962367 0.969563 0.971966 0.968482 0.956843 0.988217 0.987493 0.935486 0.968430 0.869546 0.871922 0.935120 0.951025 0.939904 0.000000 0.944093 0.964681 0.986334 0.949028 0.975407 0.972111 0.981954 0.855800 0.962454 0.986896 0.996211 0.865070 0.872490 0.774392 0.944475 0.721264 0.931793 0.970350 0.998494 0.913914 0.991133 0.979586 0.923086 0.969413 0.920232 0.918344 0.900040 0.972910 0.926385 0.985619 0.925407 0.962275 0.951000 0.879155 0.956711 0.969809 0.826844 0.991551 0.901326 0.979215 0.989050 0.945441 0.842101 0.996193 0.956065 0.980040 0.995917 0.939911 0.964518 0.917096 0.967244 0.952929 0.816295 0.930645 0.970006 0.973290 0.963555 0.988550 0.895812 0.912210 0.973678 0.911827 0.935497 0.917746 0.933755 0.965840 0.951684 0.922816 0.897066 0.921366 0.924489 0.951502 0.904175 0.905776 0.935194 0.843899 0.905041 0.882298 0.997091 0.752156 0.888569 0.848422 0.860966 0.943038 0.949567 0.827866 0.901067 0.845081 0.991965 0.988199 0.974931 0.915354 0.896244 0.915922
0.625973 0.781461 0.570622 0.497953 0.705738 0.956197 0.598571 0.656194 0.991964 0.676564 0.630672 0.637101 0.487716 0.489189 0.349313 0.470599 0.715185 0.695586 0.492680 0.583876 0.881360 0.944093 0.000000 0.383806 0.802741 0.992306 0.712779 0.874665 0.561007 0.540710 0.434642 0.545170 0.496160 0.583330 0.961410 0.873267 0.798522 0.959713 0.940848 0.974976 0.946392 0.765648 0.821522 0.777225 0.806029 0.711746 0.736185 0.742947 0.696182 0.567498 0.673861 0.692093 0.738168 0.915882 0.920857 0.872838 0.753653 0.846670 0.848667 0.957440 0.808671 0.775620 0.619604 0.700406 0.861825 0.988383 0.795856 0.948849 0.708355 0.769380 0.674416 0.941153 0.619639 0.643186 0.838166 0.922972 0.762347 0.770615 0.854173 0.728665 0.715769 0.671065 0.567303 0.827330 0.420406 0.445076 0.765696 0.555579 0.754868 0.737582 0.966080 0.905875 0.914308 0.771464 0.926554 0.937458 0.865329 0.772631 0.960931 0.846631 0.960554 0.941557 0.907441 0.692950 0.832400 0.764917 0.994415 0.855629 0.902475 0.931587 0.912960 0.965913 0.878605 0.908584 0.877181 0.820747
0.760569 0.885833 0.763170 0.629558 0.617984 0.957473 0.834427 0.778281 0.933011 0.871277 0.786119 0.670507 0.692954 0.510064 0.552720 0.504376 0.896537 0.866547 0.697145 0.735127 0.967291 0.964681 0.383806 0.000000 0.909746 0.951184 0.845336 0.923487 0.741724 0.712666 0.688849 0.719281 0.766689 0.791887 0.997773 0.769948 0.890079 0.966914 0.998486 0.827565 0.852190 0.806109 0.888663 0.870076 0.909573 0.805607 0.911316 0.905150 0.749513 0.681382 0.846717 0.883949 0.927656 0.950040 0.911395 0.883056 0.934227 0.932043 0.965290 0.919242 0.881981 0.748797 0.735102 0.811074 0.886538 0.864159 0.935858 0.926840 0.887053 0.847893 0.823657 0.986681 0.949032 0.886142 0.914233 0.912434 0.978971 0.994505 0.995425 0.916293 0.877970 0.811801 0.731285 0.898754 0.512749 0.419375 0.843731 0.561718 0.847967 0.683999 0.850572 0.808314 0.776584 0.746093 0.951695 0.953416 0.883263 0.727264 0.845705 0.990648 0.945583 0.928793 0.888203 0.954678 0.932501 0.924348 0.993981 0.818036 0.979254 0.947622 0.976015 0.994981 0.946558 0.978432 0.916163 0.883043
0.863353 0.767186 0.871699 0.882107 0.883053 0.922818 0.977495 0.931041 0.946338 0.944351 0.946789 0.927807 0.963823 0.999060 0.972732 0.893126 0.983385 0.945401 0.864494 0.808577 0.960676 0.986334 0.802741 0.909746 0.000000 0.634116 0.768885 0.951620 0.969768 0.984486 0.842451 0.831901 0.972384 0.953696 0.818601 0.936930 0.827299 0.995110 0.806165 0.991084 0.906119 0.857832 0.913656 0.988963 0.926926 0.884667 0.950206 0.967606 0.871048 0.730119 0.950404 0.813495 0.812273 0.969456 0.996373 0.873327 0.793129 0.793813 0.950900 0.995856 0.888627 0.981702 0.942301 0.926958 0.906453 0.910642 0.894423 0.846965 0.895954 0.727046 0.969288 0.739626 0.977962 0.961527 0.989142 0.988449 0.838631 0.931699 0.967376 0.870318 0.855495 0.796002 0.821486 0.821112 0.760813 0.858228 0.832089 0.814433 0.736830 0.987820 0.952179 0.947792 0.971112 0.965828 0.968486 0.935193 0.932059 0.966693 0.924736 0.948906 0.906252 0.885986 0.923059 0.925529 0.965659 0.966433 0.861360 0.922209 0.952585 0.989157 0.903245 0.985724 0.808536 0.826797 0.903590 0.796015
0.716919 0.788923 0.602286 0.793416 0.887542 0.849613 0.889515 0.953833 0.769646 0.951896 0.702750 0.661152 0.804045 0.701015 0.883654 0.794675 0.684719 0.666606 0.682988 0.821975 0.943757 0.949028 0.992306 0.951184 0.634116 0.000000 0.937265 0.995900 0.802295 0.707635 0.868183 0.921432 0.994818 0.932759 0.676188 0.958505 0.989835 0.878541 0.894814 0.754955 0.902284 0.972579 0.998734 0.991807 0.828835 0.888611 0.919032 0.958760 0.954840 0.789351 0.875102 0.705329 0.772738 0.727833 0.932158 0.951984 0.755123 0.793796 0.823508 0.889403 0.947940 0.902973 0.646535 0.647720 0.546624 0.756754 0.867524 0.820797 0.879235 0.855221 0.935928 0.789238 0.962749 0.998771 0.937995 0.996146 0.986434 0.997985 0.716691 0.892904 0.827201 0.736543 0.837477 0.943352 0.953916 0.884610 0.785112 0.842329 0.791841 0.797894 0.734170 0.668929 0.613032 0.652983 0.730949 0.790470 0.954517 0.783588 0.970381 0.960876 0.859229 0.790409 0.952956 0.990535 0.734128 0.880131 0.763321 0.848388 0.934279 0.855875 0.759221 0.860176 0.928771 0.849695 0.919800 0.856416
0.814609 0.953860 0.948441 0.935874 0.763281 0.788201 0.950857 0.907407 0.987343 0.852064 0.881577 0.932422 0.859461 0.925342 0.828857 0.996405 0.972507 0.975693 0.868245 0.851259 0.921746 0.975407 0.712779 0.845336 0.768885 0.937265 0.000000 0.957730 0.991979 0.971172 0.901508 0.946468 0.990074 0.903991 0.802518 0.948261 0.895222 0.994508 0.833464 0.943297 0.974238 0.836126 0.773621 0.733369 0.754049 0.817801 0.921249 0.756356 0.915757 0.871855 0.832354 0.944023 0.951191 0.836776 0.723953 0.709245 0.899523 0.911987 0.968050 0.919899 0.862964 0.868323 0.972382 0.916327 0.938797 0.915970 0.809010 0.637068 0.765086 0.820259 0.923605 0.814722 0.864404 0.963659 0.989740 0.983580 0.989601 0.952109 0.886592 0.942096 0.978986 0.857665 0.773064 0.994708 0.757094 0.788709 0.861193 0.785568 0.797486 0.981068 0.940351 0.992516 0.924715 0.998121 0.968492 0.978606 0.974995 0.828330 0.773692 0.852700 0.901088 0.985672 0.909227 0.951459 0.867984 0.950527 0.907513 0.859880 0.856958 0.857474 0.880026 0.898310 0.857145 0.952102 0.951538 0.946240
0.894742 0.827713 0.906894 0.960741 0.834236 0.858677 0.961958 0.762575 0.941536 0.972213 0.990959 0.815871 0.926993 0.869379 0.999841 0.904633 0.994693 0.989166 0.962995 0.976328 0.899197 0.972111 0.874665 0.923487 0.951620 0.995900 0.957730 0.000000 0.957277 0.938497 0.994130 0.913098 0.967248 0.967301 0.945992 0.966146 0.935596 0.948148 0.960622 0.920917 0.883873 0.909137 0.817649 0.833967 0.864949 0.920734 0.954669 0.843598 0.783952 0.851307 0.810294 0.796655 0.859872 0.933599 0.937581 0.980204 0.976761 0.989528 0.831956 0.777904 0.779525 0.797131 0.902926 0.927891 0.990705 0.811421 0.917109 0.886732 0.842061 0.979150 0.935085 0.936714 0.951816 0.938841 0.936990 0.932167 0.866324 0.997817 0.970684 0.917190 0.973984 0.931258 0.857279 0.901324 0.930164 0.926775 0.840721 0.975840 0.808430 0.886336 0.886781 0.970247 0.917789 0.967918 0.843285 0.791734 0.914307 0.818996 0.760867 0.797495 0.746345 0.919148 0.883079 0.910662 0.886670 0.922959 0.974871 0.999992 0.978893 0.915842 0.917204 0.815173 0.873865 0.916721 0.932377 0.999363
0.403544 0.437604 0.876998 0.733737 0.953354 0.851357 0.693545 0.571878 0.779357 0.499138 0.415141 0.442152 0.510502 0.463736 0.593905 0.606719 0.350788 0.320277 0.371461 0.395319 0.714009 0.981954 0.561007 0.741724 0.969768 0.802295 0.991979 0.957277 0.000000 0.289339 0.550742 0.523751 0.433633 0.404848 0.987305 0.910252 0.725533 0.852817 0.942417 0.770645 0.785419 0.830647 0.720773 0.623914 0.687350 0.548097 0.663422 0.571443 0.468987 0.632437 0.710457 0.878868 0.886371 0.905398 0.727001 0.794098 0.428014 0.501627 0.623042 0.944587 0.644451 0.694766 0.386676 0.353193 0.756678 0.798091 0.914728 0.982009 0.618556 0.543118 0.785000 0.773676 0.611781 0.729451 0.901445 0.976736 0.783168 0.649822 0.500471 0.459424 0.318523 0.356355 0.410721 0.473460 0.445074 0.649526 0.860530 0.535669 0.910364 0.691952 0.727472 0.587077 0.647140 0.517417 0.905268 0.855191 0.878913 0.799383 0.867542 0.780950 0.905159 0.907750 0.828387 0.748943 0.860855 0.943640 0.795679 0.717155 0.951394 0.927995 0.996125 0.956455 0.750106 0.906193 0.982759 0.690371
0.426710 0.495409 0.865923 0.773247 0.953844 0.904445 0.606872 0.600329 0.890337 0.443254 0.373016 0.432052 0.423489 0.473157 0.463864 0.510887 0.281544 0.294489 0.350689 0.455864 0.786600 0.855800 0.540710 0.712666 0.984486 0.707635 0.971172 0.938497 0.289339 0.000000 0.494866 0.547888 0.385334 0.371926 0.934090 0.939850 0.719298 0.894039 0.902073 0.793523 0.754359 0.884198 0.642448 0.536777 0.633077 0.518643 0.598691 0.513362 0.494836 0.634197 0.721349 0.882661 0.864248 0.924805 0.730306 0.889548 0.428847 0.531662 0.643720 0.925340 0.589623 0.757956 0.314583 0.273417 0.813415 0.766493 0.826472 0.906538 0.738718 0.621933 0.717320 0.664225 0.643797 0.733510 0.984028 0.956127 0.738129 0.626039 0.461159 0.450330 0.297895 0.383442 0.438808 0.438384 0.518920 0.668568 0.908306 0.610507 0.988088 0.734767 0.699260 0.609894 0.600620 0.504602 0.875960 0.843240 0.857234 0.747404 0.863979 0.772177 0.992009 0.913542 0.799142 0.666576 0.951672 0.902693 0.813591 0.753484 0.830888 0.839419 0.981572 0.865553 0.713317 0.842443 0.890534 0.793507
0.693556 0.788260 0.526981 0.542377 0.845639 0.903100 0.426421 0.567596 0.840577 0.469050 0.735445 0.712545 0.524859 0.638404 0.422856 0.556116 0.649780 0.677439 0.576143 0.713767 0.687557 0.962454 0.434642 0.688849 0.842451 0.868183 0.901508 0.994130 0.550742 0.494866 0.000000 0.393955 0.419820 0.427179 0.816202 0.890541 0.744776 0.807145 0.767392 0.971983 0.953674 0.855655 0.491976 0.459311 0.453083 0.399218 0.605027 0.481853 0.572868 0.492813 0.495787 0.484281 0.493452 0.676439 0.824647 0.908833 0.724421 0.860810 0.871112 0.928399 0.643724 0.715384 0.604531 0.621749 0.822738 0.950569 0.641238 0.717699 0.890912 0.752942 0.586069 0.686519 0.609861 0.592878 0.814244 0.986739 0.623100 0.552121 0.695208 0.609391 0.591732 0.761662 0.686400 0.725845 0.573159 0.729743 0.779983 0.829130 0.748274 0.819032 0.898630 0.965083 0.948110 0.912485 0.800419 0.875534 0.751563 0.989827 0.720815 0.608677 0.673521 0.742739 0.606622 0.555986 0.672390 0.721587 0.967748 0.953097 0.770545 0.946691 0.752609 0.787384 0.611332 0.779688 0.742940 0.887262
0.695366 0.734579 0.571077 0.618693 0.955851 0.871840 0.473311 0.547832 0.906262 0.563535 0.758281 0.721712 0.552074 0.598690 0.551677 0.622386 0.646471 0.700870 0.552939 0.690209 0.751224 0.986896 0.545170 0.719281 0.831901 0.921432 0.946468 0.913098 0.523751 0.547888 0.393955 0.000000 0.401966 0.441987 0.677895 0.960828 0.801816 0.786279 0.693009 0.936542 0.905503 0.888960 0.481836 0.468898 0.446516 0.429867 0.550406 0.457997 0.514426 0.523106 0.468506 0.549262 0.566692 0.717699 0.732899 0.743411 0.702177 0.863213 0.903194 0.883370 0.655404 0.638529 0.652928 0.633183 0.887332 0.925200 0.671970 0.714520 0.951831 0.633818 0.581723 0.766831 0.646153 0.686938 0.714101 0.978579 0.644919 0.590576 0.743637 0.607590 0.581181 0.747315 0.643413 0.747757 0.565931 0.696722 0.612847 0.754668 0.881037 0.766534 0.951786 0.947026 0.979940 0.883447 0.972575 0.842808 0.786996 0.972649 0.740169 0.566244 0.821162 0.826050 0.624021 0.641773 0.675015 0.814037 0.988645 0.966949 0.806792 0.956347 0.782823 0.656488 0.651065 0.715576 0.796987 0.799653
0.600821 0.693746 0.555761 0.550158 0.895149 0.845511 0.379451 0.492974 0.919129 0.453712 0.508751 0.604102 0.453681 0.576022 0.461818 0.558978 0.492529 0.522961 0.449558 0.610920 0.794167 0.996211 0.496160 0.766689 0.972384 0.994818 0.990074 0.967248 0.433633 0.385334 0.419820 0.401966 0.000000 0.398679 0.871111 0.898528 0.700019 0.790199 0.801033 0.903964 0.869368 0.906934 0.528160 0.444653 0.476033 0.437253 0.648310 0.443368 0.585577 0.555413 0.521416 0.625141 0.675089 0.769911 0.686657 0.906209 0.649658 0.805390 0.735327 0.882721 0.548279 0.675972 0.493427 0.477915 0.908908 0.976424 0.571936 0.697400 0.845085 0.600863 0.569974 0.590684 0.555836 0.597271 0.838150 0.991718 0.609563 0.493283 0.612621 0.507716 0.476052 0.638547 0.591779 0.571940 0.605218 0.747035 0.830138 0.687647 0.881512 0.779265 0.995722 0.952453 0.930040 0.813337 0.944022 0.857435 0.673939 0.994265 0.710255 0.598771 0.783856 0.843365 0.647042 0.516382 0.753639 0.665413 0.991538 0.921040 0.774753 0.895031 0.826696 0.638732 0.582411 0.783321 0.788043 0.829624
0.603799 0.611000 0.705885 0.706244 0.983353 0.993316 0.488098 0.494503 0.926954 0.468367 0.613492 0.548472 0.542094 0.540077 0.497182 0.609725 0.456209 0.509672 0.490528 0.590343 0.786735 0.865070 0.583330 0.791887 0.953696 0.932759 0.903991 0.967301 0.404848 0.371926 0.427179 0.441987 0.398679 0.000000 0.838257 0.891268 0.783172 0.760058 0.818667 0.890754 0.893124 0.966406 0.528537 0.436265 0.442420 0.390140 0.581688 0.464461 0.492743 0.543865 0.582857 0.707309 0.694994 0.880637 0.708662 0.802897 0.590709 0.669585 0.742501 0.965506 0.562912 0.620141 0.434098 0.434913 0.977478 0.983338 0.645047 0.662432 0.854716 0.658621 0.623695 0.673189 0.643355 0.690288 0.856285 0.982051 0.615420 0.620756 0.605137 0.551071 0.440905 0.594692 0.577946 0.483389 0.585087 0.745561 0.866892 0.683014 0.986772 0.776421 0.849740 0.781532 0.808701 0.726820 0.968255 0.759347 0.807829 0.961453 0.739510 0.635852 0.838196 0.920004 0.689077 0.634205 0.858222 0.839276 0.881915 0.829639 0.799260 0.842632 0.872119 0.719348 0.657077 0.824719 0.831783 0.768375
0.920453 0.947530 0.601190 0.724106 0.968129 0.761144 0.673130 0.770099 0.737704 0.966426 0.838436 0.856232 0.891376 0.993910 0.938924 0.953988 0.931024 0.852168 0.937814 0.896671 0.895529 0.872490 0.961410 0.997773 0.818601 0.676188 0.802518 0.945992 0.987305 0.934090 0.816202 0.677895 0.871111 0.838257 0.000000 0.908736 0.845647 0.925868 0.853621 0.910239 0.961085 0.951180 0.665857 0.728376 0.632788 0.734709 0.776514 0.730216 0.921024 0.751389 0.615357 0.602259 0.610699 0.608319 0.764836 0.712058 0.950510 0.879082 0.967989 0.949408 0.704629 0.798864 0.931548 0.864691 0.662784 0.714510 0.627913 0.612051 0.861137 0.945682 0.989711 0.981844 0.981739 0.944441 0.806616 0.854416 0.827796 0.826382 0.983889 0.975503 0.936221 0.776811 0.942775 0.994623 0.967826 0.973727 0.724265 0.902164 0.875327 0.910451 0.768627 0.798434 0.797189 0.778133 0.813185 0.964915 0.879771 0.713917 0.809196 0.665939 0.741841 0.768199 0.766407 0.888681 0.542849 0.808942 0.924965 0.972436 0.944244 0.988961 0.869309 0.781222 0.718146 0.828858 0.739611 0.972576
0.863313 0.976404 0.941118 0.877359 0.919476 0.994554 0.979821 0.968383 0.904141 0.995268 0.981507 0.881420 0.967832 0.887029 0.906506 0.986330 0.949537 0.983640 0.956740 0.916188 0.985460 0.774392 0.873267 0.769948 0.936930 0.958505 0.948261 0.966146 0.910252 0.939850 0.890541 0.960828 0.898528 0.891268 0.908736 0.000000 0.946412 0.904470 0.966494 0.934388 0.978875 0.990985 0.961801 0.928160 0.912983 0.948028 0.986205 0.995497 0.966521 0.930510 0.973979 0.945262 0.988143 0.925646 0.972079 0.938959 0.934677 0.995819 0.892299 0.844225 0.967633 0.986422 0.923477 0.990081 0.892882 0.935423 0.911805 0.901310 0.933003 0.951468 0.918416 0.932433 0.924947 0.920426 0.959814 0.927802 0.905538 0.815930 0.946287 0.968793 0.954865 0.998105 0.996352 0.958222 0.823771 0.817980 0.825348 0.958520 0.811223 0.830367 0.995751 0.986647 0.953409 0.964293 0.879408 0.921172 0.905736 0.951400 0.994426 0.995367 0.989851 0.968977 0.990106 0.923220 0.939863 0.976507 0.977282 0.936250 0.861218 0.761199 0.947413 0.881751 0.891893 0.818152 0.946500 0.949380
0.735008 0.760520 0.959312 0.867973 0.848987 0.972075 0.826921 0.768106 0.982834 0.647786 0.717541 0.722181 0.840767 0.785884 0.854716 0.856295 0.724149 0.731562 0.761761 0.787339 0.807150 0.944475 0.798522 0.890079 0.827299 0.989835 0.895222 0.935596 0.725533 0.719298 0.744776 0.801816 0.700019 0.783172 0.845647 0.946412 0.000000 0.788411 0.917912 0.778744 0.851541 0.799316 0.878627 0.841901 0.827774 0.823879 0.916199 0.958373 0.780748 0.881946 0.811977 0.898710 0.959508 0.981909 0.984492 0.948376 0.819005 0.848510 0.871482 0.987306 0.921484 0.805146 0.805391 0.710979 0.945356 0.977553 0.977849 0.900201 0.853225 0.701270 0.744128 0.739184 0.869075 0.859450 0.880756 0.957459 0.815653 0.751598 0.850570 0.737065 0.683386 0.675427 0.776428 0.848086 0.754063 0.771461 0.935994 0.847686 0.949416 0.756609 0.920380 0.902922 0.911877 0.857593 0.964315 0.878298 0.724119 0.810533 0.937688 0.854459 0.997947 0.850862 0.818049 0.819271 0.984374 0.866613 0.934182 0.870505 0.782184 0.875224 0.851389 0.746374 0.897372 0.971043 0.878022 0.787376
0.978552 0.978136 0.911693 0.840639 0.978812 0.884054 0.751181 0.827323 0.808444 0.735713 0.886747 0.934572 0.964997 0.982348 0.954724 0.922876 0.864483 0.888829 0.862404 0.791764 0.976458 0.721264 0.959713 0.966914 0.995110 0.878541 0.994508 0.948148 0.852817 0.894039 0.807145 0.786279 0.790199 0.760058 0.925868 0.904470 0.788411 0.000000 0.982097 0.983854 0.858115 0.905054 0.827024 0.865795 0.703909 0.827750 0.945070 0.858228 0.887543 0.844457 0.712574 0.785859 0.695533 0.723562 0.851629 0.843859 0.959833 0.866307 0.890507 0.661200 0.963538 0.775282 0.936060 0.967031 0.859951 0.840029 0.862721 0.881894 0.897565 0.902916 0.740217 0.656722 0.590378 0.598130 0.921713 0.934928 0.680753 0.835226 0.942735 0.826754 0.785687 0.932106 0.996605 0.824154 0.897084 0.988436 0.813844 0.970436 0.931181 0.862910 0.796248 0.867407 0.884556 0.817416 0.998960 0.785443 0.819587 0.918254 0.910839 0.774820 0.853573 0.878961 0.818546 0.899946 0.927780 0.986885 0.932526 0.948284 0.840017 0.913988 0.871612 0.706546 0.941638 0.905865 0.953526 0.907795
