0.000000 0.281476 0.706143 0.524249 0.737518 0.805275 0.762542 0.726086 0.989690 0.993657 0.416581 0.416033 0.322339 0.436617 0.522667 0.486776 0.366653 0.423305 0.449934 0.485824 0.724322 0.986660 0.680379 0.556589 0.717853 0.907121 0.743404 0.947889 0.552361 0.605751 0.979980 0.921763 0.560547 0.614416 0.936526 0.736695 0.646413 0.763059 0.591412 0.781702 0.830650 0.763928 0.757376 0.714199 0.812325 0.682850 0.397363 0.410440 0.443448 0.416638 0.657150 0.579404 0.875887 0.864621 0.554398 0.547814 0.327502 0.239953 0.333280 0.315286 0.393409 0.531046 0.365445 0.378441 0.551491 0.428890 0.881301 0.867875 0.476718 0.435080 0.943079 0.960189 0.887497 0.797449 0.755229 0.863358 0.695974 0.783859 0.488248 0.539053 0.312875 0.362136 0.571673 0.409234 0.446419 0.471299 0.883462 0.885723 0.557410 0.522388 0.971418 0.933713 0.981567 0.903980 0.774441 0.784670 0.790972 0.979217 0.748053 0.740602 0.947505 0.999491 0.952811 0.890695 0.624173 0.612171 0.938068 0.959899 0.827350 0.916693 0.919258 0.674918 0.835612 0.936560 0.750047 0.918959
0.281476 0.000000 0.697073 0.457322 0.835204 0.718376 0.613221 0.597859 0.861636 0.862480 0.383466 0.385530 0.441856 0.400910 0.616059 0.443230 0.305185 0.325876 0.408993 0.352906 0.638197 0.805065 0.660563 0.501086 0.740949 0.846135 0.834646 0.916728 0.391907 0.435907 0.753174 0.644827 0.444313 0.459611 0.997001 0.779928 0.635449 0.736532 0.665654 0.755950 0.868183 0.692041 0.545224 0.518142 0.616022 0.538700 0.439072 0.402093 0.400493 0.385057 0.487256 0.445338 0.693340 0.964912 0.651582 0.481191 0.272849 0.246853 0.413894 0.395250 0.369612 0.483637 0.315720 0.302176 0.646327 0.458663 0.742230 0.680442 0.583000 0.491373 0.737367 0.755545 0.716491 0.602471 0.761721 0.866362 0.608231 0.643528 0.473528 0.488054 0.326678 0.439979 0.506955 0.479762 0.565623 0.490280 0.989632 0.867276 0.664373 0.524541 0.923982 0.987202 0.872793 0.907332 0.760399 0.778385 0.827205 0.957051 0.624540 0.628925 0.938706 0.993248 0.791916 0.847100 0.574860 0.586713 0.964564 0.935791 0.781750 0.947788 0.880881 0.636738 0.742608 0.817747 0.741506 0.904900
0.706143 0.697073 0.000000 0.441726 0.526885 0.751865 0.513096 0.684497 0.660404 0.706709 0.828489 0.799817 0.600523 0.763565 0.583961 0.568451 0.760425 0.683010 0.470308 0.595281 0.515789 0.865004 0.400142 0.590692 0.496845 0.496784 0.987138 0.886049 0.593728 0.652730 0.584217 0.678965 0.476921 0.563215 0.776148 0.909528 0.533176 0.860650 0.697163 0.735872 0.810017 0.917895 0.609959 0.682126 0.655778 0.707084 0.623994 0.664716 0.732466 0.805393 0.802819 0.813509 0.830005 0.996589 0.697070 0.819258 0.731419 0.699785 0.712374 0.734411 0.466236 0.752975 0.750447 0.728680 0.447208 0.563151 0.546161 0.622274 0.902430 0.631868 0.682446 0.751994 0.672130 0.649989 0.943131 0.789445 0.661469 0.618805 0.867313 0.656769 0.779772 0.723093 0.749260 0.839544 0.659047 0.736711 0.932640 0.915141 0.805567 0.733358 0.731716 0.766742 0.761182 0.771251 0.870378 0.601524 0.884157 0.805969 0.649303 0.585708 0.861137 0.810364 0.874346 0.939666 0.725168 0.687268 0.811817 0.881029 0.950359 0.984490 0.806537 0.647281 0.528792 0.730217 0.885820 0.978478
0.524249 0.457322 0.441726 0.000000 0.691791 0.507485 0.403790 0.356063 0.643646 0.562578 0.609109 0.392229 0.529911 0.380899 0.633821 0.407052 0.536409 0.495185 0.378262 0.343842 0.534831 0.880389 0.413336 0.385644 0.629802 0.553018 0.969157 0.907274 0.451897 0.436134 0.488982 0.557467 0.373029 0.397602 0.842851 0.904589 0.665557 0.732258 0.730484 0.806070 0.852538 0.970589 0.506377 0.585785 0.545006 0.604384 0.423597 0.483243 0.639468 0.623465 0.592600 0.597183 0.712406 0.833247 0.615987 0.628350 0.597718 0.574414 0.610201 0.599833 0.324698 0.369250 0.462462 0.399264 0.629339 0.285589 0.492110 0.524387 0.860473 0.571873 0.607091 0.663807 0.612948 0.565927 0.740327 0.590516 0.581487 0.529975 0.739151 0.536443 0.623152 0.541453 0.609376 0.738738 0.673844 0.601260 0.984112 0.981560 0.743085 0.655685 0.631090 0.835515 0.643917 0.866957 0.711471 0.533466 0.700454 0.801719 0.485126 0.499992 0.641416 0.783961 0.729884 0.833349 0.540920 0.643765 0.850764 0.974998 0.716323 0.888696 0.798858 0.588545 0.579271 0.699962 0.685004 0.911138
0.737518 0.835204 0.526885 0.691791 0.000000 0.796944 0.832039 0.850319 0.908362 0.906302 0.914212 0.845342 0.551630 0.790854 0.542041 0.587577 0.903711 0.846729 0.752328 0.894674 0.768601 0.956338 0.529491 0.615221 0.633352 0.778925 0.663784 0.852282 0.850668 0.821993 0.943073 0.981728 0.729123 0.915818 0.862653 0.816508 0.822227 0.906180 0.935062 0.626980 0.811786 0.935061 0.867851 0.911821 0.923365 0.867897 0.717862 0.770876 0.640969 0.826076 0.947673 0.911400 0.934220 0.794124 0.659694 0.826671 0.926040 0.752734 0.777049 0.736927 0.630542 0.777272 0.814411 0.785775 0.472582 0.620198 0.956546 0.949212 0.780089 0.644087 0.923610 0.843221 0.868563 0.989660 0.880012 0.953043 0.875003 0.888370 0.959678 0.721109 0.794712 0.699128 0.784860 0.721705 0.522426 0.658493 0.624480 0.891066 0.602201 0.632357 0.971810 0.919640 0.953105 0.972393 0.887323 0.979703 0.993676 0.958719 0.975578 0.885150 0.814367 0.988068 0.922774 0.905058 0.984880 0.883652 0.800885 0.905223 0.968020 0.899295 0.875209 0.994630 0.700352 0.946085 0.933997 0.978407
0.805275 0.718376 0.751865 0.507485 0.796944 0.000000 0.585047 0.527759 0.706398 0.650885 0.798621 0.609799 0.860328 0.598136 0.887706 0.589919 0.770305 0.728212 0.695536 0.607178 0.772019 0.884415 0.708036 0.634270 0.847157 0.798791 0.843735 0.988303 0.730665 0.663442 0.561300 0.641404 0.540134 0.651746 0.799259 0.809533 0.877859 0.877438 0.914939 0.973771 0.724727 0.967069 0.660753 0.690744 0.728318 0.764908 0.780562 0.750131 0.855778 0.747513 0.661590 0.694295 0.685167 0.740812 0.735510 0.866368 0.820885 0.880914 0.905307 0.786409 0.675738 0.606613 0.793298 0.622417 0.950670 0.599104 0.740518 0.627699 0.969493 0.795822 0.753464 0.758524 0.706076 0.739780 0.994905 0.671192 0.756244 0.637511 0.943490 0.766592 0.877822 0.815749 0.860825 0.953097 0.927869 0.868528 0.978164 0.959568 0.985808 0.895638 0.698699 0.874915 0.712598 0.809982 0.885062 0.801200 0.952851 0.768242 0.652047 0.766006 0.680328 0.861323 0.918027 0.788038 0.793825 0.947845 0.960638 0.969386 0.815212 0.916340 0.800537 0.825653 0.818617 0.852708 0.803361 0.835560
0.762542 0.613221 0.513096 0.403790 0.832039 0.585047 0.000000 0.277955 0.423327 0.340753 0.640254 0.569077 0.847831 0.618223 0.870091 0.586855 0.594107 0.479188 0.411006 0.464170 0.654961 0.854438 0.581270 0.643497 0.932306 0.772298 0.669244 0.852543 0.392819 0.317998 0.319224 0.391865 0.335476 0.277419 0.623026 0.965131 0.801895 0.803733 0.802925 0.960574 0.813936 0.883674 0.284856 0.352823 0.256484 0.376168 0.739836 0.578110 0.682774 0.626580 0.446051 0.484797 0.413234 0.455135 0.854482 0.858987 0.631702 0.762916 0.770432 0.829581 0.390906 0.545266 0.494179 0.428452 0.934544 0.633704 0.236615 0.292114 0.936862 0.769699 0.462193 0.414459 0.430395 0.386712 0.955626 0.644300 0.480474 0.448269 0.719352 0.678303 0.816187 0.937782 0.823150 0.907950 0.941900 0.994082 0.878825 0.848422 0.921202 0.926774 0.371097 0.549703 0.465052 0.666441 0.764516 0.581208 0.578297 0.654810 0.255267 0.298755 0.454156 0.503126 0.534830 0.656342 0.453216 0.663354 0.664049 0.725660 0.661896 0.832139 0.603827 0.496846 0.360241 0.668917 0.597399 0.882345
0.726086 0.597859 0.684497 0.356063 0.850319 0.527759 0.277955 0.000000 0.522931 0.307303 0.616380 0.370559 0.790135 0.459753 0.963734 0.679802 0.667213 0.593317 0.574748 0.481560 0.766162 0.917530 0.710099 0.682238 0.997119 0.850053 0.670013 0.885402 0.461665 0.404182 0.498228 0.529396 0.470949 0.378082 0.682231 0.991165 0.955106 0.888280 0.895456 0.945021 0.883117 0.992331 0.432394 0.498903 0.359031 0.409317 0.649207 0.539533 0.623657 0.547836 0.431421 0.453914 0.443754 0.489381 0.761220 0.645398 0.780905 0.802357 0.723265 0.673337 0.374533 0.283282 0.462896 0.325558 0.990539 0.469408 0.362272 0.330037 0.924427 0.698066 0.634612 0.619361 0.558472 0.541200 0.823376 0.624406 0.518378 0.588768 0.808915 0.765777 0.784333 0.839276 0.872329 0.987942 0.986480 0.932427 0.956986 0.925675 0.933247 0.807598 0.441540 0.734356 0.514742 0.800244 0.778780 0.678320 0.590361 0.715585 0.343496 0.426203 0.411903 0.642295 0.666782 0.749788 0.482944 0.696819 0.722859 0.884711 0.652474 0.745356 0.636659 0.613957 0.511765 0.715241 0.633721 0.831469
0.989690 0.861636 0.660404 0.643646 0.908362 0.706398 0.423327 0.522931 0.000000 0.398537 0.744583 0.717365 0.958747 0.908948 0.948313 0.731103 0.775859 0.658936 0.733401 0.679175 0.668250 0.793495 0.769708 0.885350 0.978745 0.717707 0.744262 0.859781 0.523783 0.591695 0.463852 0.612475 0.591151 0.506656 0.706222 0.974124 0.712261 0.926443 0.760500 0.961710 0.733973 0.863056 0.508633 0.602226 0.542520 0.710573 0.976972 0.878761 0.858419 0.904717 0.744409 0.820776 0.609630 0.644426 0.979478 0.909770 0.792611 0.981259 0.926764 0.847104 0.672596 0.703345 0.755165 0.690023 0.923893 0.826913 0.466685 0.557390 0.995808 0.794093 0.482135 0.520646 0.546564 0.558557 0.946302 0.714223 0.639892 0.616655 0.867850 0.706575 0.982627 0.897209 0.928255 0.864190 0.894902 0.863527 0.891848 0.853090 0.807483 0.843998 0.478672 0.489475 0.568712 0.507931 0.729375 0.755465 0.856387 0.709098 0.513477 0.488089 0.570721 0.655234 0.711948 0.822162 0.701516 0.838964 0.783708 0.783903 0.795607 0.952308 0.704842 0.710063 0.703490 0.756019 0.793563 0.839549
0.993657 0.862480 0.706709 0.562578 0.906302 0.650885 0.340753 0.307303 0.398537 0.000000 0.789208 0.607561 0.987827 0.804835 0.963357 0.778032 0.792718 0.664597 0.664610 0.622826 0.804534 0.932629 0.806526 0.913410 0.949862 0.840668 0.649409 0.837118 0.528752 0.514184 0.430941 0.540121 0.598444 0.433175 0.628641 0.810599 0.909002 0.887495 0.947953 0.965071 0.954488 0.982057 0.492910 0.584362 0.440258 0.586874 0.904058 0.756128 0.865537 0.881719 0.677185 0.731828 0.578242 0.538108 0.971293 0.937495 0.925560 0.909366 0.990416 0.942115 0.621450 0.539957 0.696933 0.564809 0.908922 0.749004 0.383385 0.432451 0.853166 0.845290 0.478800 0.475357 0.573989 0.505346 0.975900 0.690788 0.637726 0.583758 0.936703 0.794221 0.977746 0.896148 0.962929 0.732711 0.783522 0.797581 0.852335 0.781842 0.873294 0.893339 0.340761 0.517146 0.456347 0.560351 0.816802 0.712708 0.666618 0.686860 0.370773 0.424002 0.424315 0.534879 0.670836 0.810428 0.625285 0.823063 0.791034 0.896199 0.720473 0.887562 0.525381 0.633389 0.556150 0.801924 0.769074 0.776043
0.416581 0.383466 0.828489 0.609109 0.914212 0.798621 0.640254 0.616380 0.744583 0.789208 0.000000 0.381731 0.534216 0.449910 0.678871 0.576718 0.378727 0.391829 0.491997 0.525916 0.726335 0.995079 0.838905 0.669832 0.976209 0.954070 0.922469 0.992987 0.435318 0.438189 0.820354 0.791880 0.539056 0.520857 0.972465 0.747653 0.686706 0.720339 0.573399 0.768014 0.860822 0.756344 0.594931 0.591513 0.724144 0.654503 0.567965 0.600289 0.531182 0.573931 0.585616 0.595591 0.766511 0.933158 0.726672 0.664026 0.404690 0.423489 0.542168 0.589445 0.465554 0.500128 0.409891 0.362143 0.807864 0.544063 0.813531 0.706233 0.755265 0.611693 0.816848 0.810471 0.658641 0.670024 0.776474 0.748278 0.581201 0.778745 0.506820 0.558063 0.415683 0.473580 0.658380 0.577352 0.691550 0.644228 0.871711 0.792171 0.752326 0.680677 0.953710 0.967961 0.986198 0.952727 0.713203 0.790856 0.845309 0.954059 0.715608 0.788226 0.950102 0.978230 0.849188 0.911057 0.677976 0.743703 0.870336 0.928792 0.697238 0.880789 0.862466 0.723964 0.691290 0.985799 0.727489 0.700654
0.416033 0.385530 0.799817 0.392229 0.845342 0.609799 0.569077 0.370559 0.717365 0.607561 0.381731 0.000000 0.471580 0.279825 0.692101 0.471295 0.467531 0.444237 0.513179 0.436302 0.695466 0.986390 0.723520 0.582118 0.933548 0.920098 0.978408 0.966618 0.424305 0.444955 0.790766 0.768475 0.511623 0.492313 0.995505 0.846690 0.875640 0.817575 0.747628 0.889581 0.948351 0.955589 0.640938 0.636748 0.652950 0.582870 0.442626 0.462866 0.512417 0.456876 0.527545 0.486185 0.666523 0.813509 0.639125 0.558559 0.547707 0.482276 0.528671 0.484617 0.353258 0.220686 0.343633 0.252150 0.798579 0.296382 0.726790 0.608311 0.800562 0.541653 0.813436 0.809649 0.711259 0.682519 0.725025 0.734835 0.618678 0.714727 0.636109 0.619215 0.478063 0.476255 0.646667 0.587336 0.676500 0.615315 0.876106 0.870559 0.643874 0.683217 0.771663 0.994637 0.819336 0.975205 0.727878 0.738727 0.751095 0.828759 0.619013 0.676097 0.725586 0.933890 0.883112 0.881802 0.528284 0.687688 0.998996 0.925738 0.719629 0.856465 0.859187 0.649359 0.748387 0.900301 0.734123 0.797564
0.322339 0.441856 0.600523 0.529911 0.551630 0.860328 0.847831 0.790135 0.958747 0.987827 0.534216 0.471580 0.000000 0.429753 0.302778 0.361606 0.566996 0.607685 0.523162 0.595926 0.710014 0.987169 0.452045 0.455254 0.739212 0.891676 0.633614 0.709879 0.621777 0.710974 0.904265 0.886504 0.648891 0.764749 0.985823 0.741003 0.673219 0.943962 0.738715 0.723983 0.942515 0.903156 0.846673 0.868275 0.906995 0.777483 0.415532 0.460208 0.446410 0.545235 0.773734 0.694388 0.944780 0.767348 0.590182 0.616199 0.574963 0.332866 0.410129 0.360896 0.402845 0.522528 0.514356 0.520938 0.346616 0.352476 0.985220 0.969037 0.616337 0.408644 0.909520 0.872527 0.909124 0.983763 0.738208 0.867096 0.798583 0.906007 0.693513 0.603289 0.515052 0.363968 0.566641 0.439041 0.350963 0.437411 0.812550 0.842017 0.483637 0.547631 0.919540 0.854692 0.906229 0.867605 0.790951 0.804303 0.939078 0.995271 0.880402 0.835610 0.812177 0.902117 0.869358 0.913379 0.814807 0.673148 0.909184 0.937075 0.895067 0.986265 0.974750 0.752116 0.854054 0.956925 0.812646 0.882262
0.436617 0.400910 0.763565 0.380899 0.790854 0.598136 0.618223 0.459753 0.908948 0.804835 0.449910 0.279825 0.429753 0.000000 0.597331 0.451850 0.502066 0.519866 0.496961 0.476659 0.733907 0.947916 0.577931 0.379396 0.914398 0.924906 0.993863 0.837559 0.517304 0.430337 0.799324 0.704078 0.494251 0.580981 0.996156 0.812668 0.892227 0.835883 0.841496 0.830244 0.909007 0.949170 0.623425 0.590685 0.665717 0.557871 0.402020 0.431906 0.525928 0.418109 0.462380 0.433971 0.675248 0.811887 0.539937 0.478679 0.587852 0.447003 0.456447 0.410347 0.392496 0.324141 0.428707 0.336882 0.783276 0.290549 0.785566 0.657163 0.887763 0.615428 0.965444 0.889863 0.757042 0.774612 0.747882 0.702247 0.672853 0.795112 0.672701 0.583178 0.509081 0.410620 0.546866 0.518131 0.634313 0.490547 0.834334 0.741152 0.584378 0.550591 0.912311 0.798110 0.981059 0.782837 0.765473 0.758143 0.724528 0.913509 0.680320 0.801797 0.814639 0.946239 0.927900 0.933989 0.652074 0.736065 0.954272 0.937413 0.719742 0.827339 0.943139 0.755117 0.741989 0.847317 0.642366 0.865726
0.522667 0.616059 0.583961 0.633821 0.542041 0.887706 0.870091 0.963734 0.948313 0.963357 0.678871 0.692101 0.302778 0.597331 0.000000 0.314927 0.636290 0.611666 0.519339 0.660330 0.570104 0.921211 0.326577 0.410289 0.607656 0.725796 0.555478 0.684978 0.689991 0.712322 0.927329 0.987554 0.618458 0.804816 0.978815 0.866136 0.667737 0.920104 0.818243 0.634212 0.894667 0.963812 0.869099 0.896109 0.999048 0.959705 0.622695 0.659075 0.707657 0.815253 0.973849 0.930915 0.932975 0.697570 0.716149 0.813285 0.602000 0.474242 0.626669 0.650793 0.592673 0.786061 0.713263 0.746118 0.343961 0.501989 0.989934 0.959935 0.597442 0.555032 0.960007 0.967603 0.951645 0.894423 0.806546 0.796041 0.909698 0.894890 0.870640 0.565144 0.599913 0.473331 0.553874 0.549531 0.387324 0.445525 0.769068 0.816570 0.557041 0.677845 0.954432 0.888553 0.892967 0.917771 0.713841 0.739938 0.991444 0.990609 0.895163 0.877158 0.755125 0.982432 0.874364 0.909101 0.882153 0.825600 0.996718 0.866243 0.956958 0.876465 0.927478 0.803040 0.800774 0.997604 0.850640 0.941010
0.486776 0.443230 0.568451 0.407052 0.587577 0.589919 0.586855 0.679802 0.731103 0.778032 0.576718 0.471295 0.361606 0.451850 0.314927 0.000000 0.487241 0.451640 0.371306 0.442338 0.564042 0.862544 0.306910 0.315276 0.734512 0.750128 0.761186 0.788426 0.514804 0.502289 0.674484 0.762111 0.422365 0.564824 0.989186 0.804578 0.601668 0.788335 0.749500 0.739820 0.839513 0.898160 0.590574 0.614118 0.710449 0.709753 0.523262 0.518508 0.555696 0.626752 0.678776 0.642817 0.768410 0.969879 0.725196 0.826004 0.487670 0.450099 0.639080 0.657822 0.449800 0.586046 0.541860 0.512280 0.461994 0.400270 0.765343 0.792185 0.701918 0.581709 0.737358 0.709008 0.819384 0.716149 0.810284 0.728811 0.739873 0.635550 0.713352 0.502356 0.614862 0.553142 0.573360 0.645974 0.550788 0.554665 0.961252 0.914576 0.637866 0.770259 0.769032 0.860557 0.838642 0.904285 0.654158 0.655383 0.908662 0.800655 0.654857 0.616473 0.962038 0.890434 0.905821 0.919441 0.693557 0.769524 0.906716 0.993693 0.784452 0.891492 0.882398 0.573391 0.664071 0.884464 0.787938 0.915009
0.366653 0.305185 0.760425 0.536409 0.903711 0.770305 0.594107 0.667213 0.775859 0.792718 0.378727 0.467531 0.566996 0.502066 0.636290 0.487241 0.000000 0.234875 0.428577 0.422902 0.616077 0.827363 0.744393 0.588471 0.848180 0.830620 0.909939 0.909150 0.399612 0.361205 0.664944 0.617458 0.471985 0.447574 0.975794 0.799487 0.636181 0.726265 0.759878 0.796298 0.852173 0.676476 0.496485 0.497565 0.666546 0.652959 0.544389 0.499413 0.551304 0.540793 0.581807 0.592643 0.790482 0.978336 0.704466 0.677578 0.259034 0.361006 0.555708 0.656911 0.494066 0.629967 0.349665 0.336050 0.763747 0.624001 0.727057 0.705056 0.611880 0.559934 0.626642 0.633155 0.640576 0.493188 0.759622 0.799699 0.651062 0.651676 0.487822 0.413192 0.358842 0.485833 0.532613 0.621958 0.693997 0.640815 0.949794 0.951049 0.775819 0.698683 0.841394 0.897305 0.898952 0.992094 0.693134 0.727932 0.739280 0.939816 0.608974 0.603721 0.912726 0.871445 0.879231 0.753503 0.578822 0.652390 0.974128 0.930031 0.680174 0.914784 0.695898 0.670190 0.704105 0.903306 0.742168 0.865674
0.423305 0.325876 0.683010 0.495185 0.846729 0.728212 0.479188 0.593317 0.658936 0.664597 0.391829 0.444237 0.607685 0.519866 0.611666 0.451640 0.234875 0.000000 0.323719 0.388663 0.554358 0.815041 0.698730 0.540365 0.807654 0.802041 0.909487 0.995948 0.329696 0.294917 0.551987 0.495600 0.350839 0.353611 0.942112 0.869343 0.720031 0.743711 0.708544 0.838398 0.904358 0.648146 0.396726 0.405640 0.559038 0.574442 0.564020 0.491843 0.574111 0.561717 0.535105 0.570296 0.716699 0.901480 0.715929 0.659221 0.257935 0.386154 0.579906 0.712431 0.445779 0.603209 0.308639 0.312397 0.777125 0.608483 0.636128 0.593871 0.678464 0.638422 0.575391 0.564711 0.591061 0.470977 0.838196 0.745604 0.571268 0.520590 0.457873 0.356297 0.374273 0.512920 0.545227 0.611452 0.716696 0.651494 0.997128 0.917105 0.827767 0.736502 0.779886 0.839370 0.842078 0.943357 0.691350 0.623300 0.666440 0.837951 0.491942 0.520679 0.831836 0.754104 0.753432 0.674908 0.531484 0.643634 0.910617 0.916012 0.733343 0.943936 0.724651 0.574605 0.579091 0.845307 0.688058 0.853177
0.449934 0.408993 0.470308 0.378262 0.752328 0.695536 0.411006 0.574748 0.733401 0.664610 0.491997 0.513179 0.523162 0.496961 0.519339 0.371306 0.428577 0.323719 0.000000 0.377668 0.548879 0.841001 0.465218 0.438042 0.728920 0.747454 0.964014 0.969944 0.409364 0.387093 0.534110 0.540610 0.355588 0.331480 0.938760 0.891340 0.682034 0.725093 0.733923 0.806907 0.961997 0.781299 0.489768 0.538781 0.561164 0.599329 0.558490 0.495075 0.628706 0.616484 0.616627 0.630484 0.726468 0.828581 0.798546 0.743211 0.399685 0.439388 0.579952 0.652539 0.402604 0.635410 0.451818 0.461380 0.658170 0.509909 0.543140 0.623890 0.743759 0.673437 0.593904 0.545500 0.569911 0.482228 0.916730 0.681788 0.557494 0.495653 0.638408 0.513169 0.561592 0.574807 0.661515 0.725270 0.741760 0.712497 0.995516 0.987902 0.805987 0.807171 0.650829 0.750337 0.703779 0.783164 0.698386 0.581549 0.668225 0.838416 0.460313 0.485676 0.783854 0.713616 0.749545 0.747307 0.621118 0.670628 0.855038 0.903426 0.713785 0.978370 0.779577 0.463443 0.434101 0.799058 0.701696 0.893443
0.485824 0.352906 0.595281 0.343842 0.894674 0.607178 0.464170 0.481560 0.679175 0.622826 0.525916 0.436302 0.595926 0.476659 0.660330 0.442338 0.422902 0.388663 0.377668 0.000000 0.627724 0.798337 0.562202 0.491892 0.726965 0.713784 0.948953 0.920633 0.386597 0.419922 0.527796 0.524113 0.430268 0.340008 0.959964 0.931269 0.654431 0.762051 0.641089 0.878375 0.780325 0.808568 0.519319 0.551424 0.614431 0.643983 0.593716 0.503058 0.693939 0.611861 0.609178 0.636950 0.717360 0.801301 0.737382 0.639250 0.455149 0.510514 0.681110 0.643857 0.444277 0.521590 0.454863 0.443013 0.763164 0.482396 0.595508 0.624430 0.785970 0.570092 0.514124 0.550794 0.539590 0.489085 0.703990 0.764528 0.530271 0.557271 0.688171 0.555514 0.554453 0.604980 0.634308 0.740477 0.772100 0.705320 0.881509 0.978496 0.809105 0.780047 0.632995 0.754078 0.617338 0.833684 0.769517 0.586022 0.719028 0.795833 0.477903 0.497576 0.738386 0.766362 0.725030 0.821016 0.568241 0.691828 0.868286 0.927299 0.712960 0.936823 0.798472 0.572603 0.641809 0.753691 0.744103 0.788409
0.724322 0.638197 0.515789 0.534831 0.768601 0.772019 0.654961 0.766162 0.668250 0.804534 0.726335 0.695466 0.710014 0.733907 0.570104 0.564042 0.616077 0.554358 0.548879 0.627724 0.000000 0.745883 0.560839 0.676672 0.677827 0.588313 0.868833 0.936258 0.559259 0.590109 0.551669 0.647653 0.599155 0.599161 0.934536 0.941274 0.669572 0.901506 0.861102 0.701461 0.847457 0.956860 0.709791 0.744721 0.812716 0.878923 0.778345 0.804799 0.868000 0.889354 0.889254 0.909875 0.921219 0.969316 0.808218 0.915248 0.609902 0.685669 0.880357 0.930748 0.690074 0.798129 0.736928 0.698404 0.644071 0.673068 0.729401 0.775193 0.778812 0.640802 0.646215 0.715367 0.643926 0.642862 0.974777 0.743977 0.802037 0.627701 0.806880 0.607863 0.709523 0.673811 0.692597 0.781095 0.749143 0.723962 0.754455 0.977495 0.914140 0.898928 0.802629 0.940058 0.845668 0.860268 0.630619 0.752038 0.911966 0.962626 0.740280 0.711205 0.933279 0.803745 0.918259 0.916313 0.629033 0.826343 0.969158 0.893710 0.844001 0.895359 0.868938 0.701715 0.739411 0.952152 0.877062 0.996127
0.986660 0.805065 0.865004 0.880389 0.956338 0.884415 0.854438 0.917530 0.793495 0.932629 0.995079 0.986390 0.987169 0.947916 0.921211 0.862544 0.827363 0.815041 0.841001 0.798337 0.745883 0.000000 0.837758 0.852084 0.980616 0.885946 0.960077 0.949362 0.815654 0.897309 0.758490 0.741227 0.819101 0.840549 0.909307 0.942588 0.857463 0.933215 0.969208 0.823498 0.975958 0.991598 0.813032 0.817898 0.877778 0.947017 0.909415 0.865605 0.991128 0.915707 0.923290 0.966423 0.827534 0.838733 0.970703 0.981046 0.856388 0.927142 0.856500 0.908655 0.991081 0.927371 0.936547 0.937361 0.989468 0.967066 0.829423 0.980698 0.901182 0.973425 0.735742 0.669056 0.916215 0.788819 0.994694 0.743498 0.877181 0.808173 0.925495 0.965256 0.993979 0.991129 0.983755 0.963494 0.938200 0.994750 0.923683 0.830051 0.961401 0.938912 0.746184 0.774005 0.787280 0.756966 0.837239 0.856224 0.921088 0.902858 0.786419 0.818167 0.854595 0.887914 0.861876 0.765599 0.773822 0.784876 0.866953 0.855294 0.799827 0.861445 0.897482 0.926684 0.985525 0.716966 0.872205 0.904017
0.680379 0.660563 0.400142 0.413336 0.529491 0.708036 0.581270 0.710099 0.769708 0.806526 0.838905 0.723520 0.452045 0.577931 0.326577 0.306910 0.744393 0.698730 0.465218 0.562202 0.560839 0.837758 0.000000 0.302573 0.565014 0.545931 0.801890 0.771300 0.625765 0.626994 0.609244 0.736789 0.457739 0.631057 0.868313 0.997670 0.615045 0.861868 0.811563 0.752151 0.804973 0.990180 0.649638 0.711454 0.681399 0.727557 0.601411 0.607351 0.686063 0.749198 0.785794 0.762757 0.826905 0.986075 0.716538 0.837999 0.741930 0.650106 0.741556 0.724886 0.475659 0.701280 0.753175 0.738476 0.393415 0.450130 0.673934 0.754901 0.849054 0.630326 0.791910 0.745871 0.849044 0.729711 0.777649 0.701592 0.811164 0.659230 0.914790 0.619052 0.785362 0.663246 0.642498 0.768187 0.548789 0.558579 0.899568 0.934743 0.687372 0.753836 0.739729 0.856528 0.776664 0.884320 0.758328 0.632559 0.861269 0.837579 0.633985 0.596380 0.946846 0.830255 0.863924 0.972215 0.727517 0.733360 0.793995 0.888421 0.865378 0.918296 0.951351 0.693831 0.606381 0.782132 0.728639 0.950637
0.556589 0.501086 0.590692 0.385644 0.615221 0.634270 0.643497 0.682238 0.885350 0.913410 0.669832 0.582118 0.455254 0.379396 0.410289 0.315276 0.588471 0.540365 0.438042 0.491892 0.676672 0.852084 0.302573 0.000000 0.663992 0.702040 0.834351 0.773353 0.614700 0.524161 0.698175 0.678142 0.440607 0.621117 0.996294 0.848385 0.745221 0.828346 0.756329 0.788309 0.844727 0.934580 0.631526 0.636611 0.731094 0.724229 0.539022 0.613149 0.656967 0.641839 0.659834 0.645561 0.807479 0.972964 0.669360 0.646105 0.600812 0.513127 0.639015 0.617133 0.496092 0.618818 0.585740 0.581572 0.575096 0.403448 0.796714 0.785431 0.826756 0.673446 0.907679 0.819878 0.824520 0.773163 0.781708 0.709314 0.778472 0.738563 0.702924 0.496146 0.632813 0.496310 0.549576 0.562730 0.562905 0.456021 0.891022 0.764059 0.622967 0.570747 0.921055 0.965288 0.957781 0.891695 0.845395 0.713922 0.852398 0.825435 0.705423 0.703008 0.998593 0.915291 0.878106 0.935895 0.823238 0.846355 0.909485 0.951330 0.813837 0.969875 0.999023 0.705033 0.672460 0.852558 0.755174 0.984355
0.717853 0.740949 0.496845 0.629802 0.633352 0.847157 0.932306 0.997119 0.978745 0.949862 0.976209 0.933548 0.739212 0.914398 0.607656 0.734512 0.848180 0.807654 0.728920 0.726965 0.677827 0.980616 0.565014 0.663992 0.000000 0.420636 0.692766 0.900367 0.795550 0.908889 0.798605 0.862363 0.648919 0.796456 0.982699 0.981869 0.623503 0.827086 0.728787 0.681420 0.831503 0.914287 0.947212 0.999913 0.999514 0.933283 0.671863 0.873906 0.901323 0.982034 0.906934 0.890089 0.750241 0.587126 0.706614 0.740766 0.765534 0.744488 0.774421 0.801277 0.685474 0.886758 0.878860 0.936959 0.450279 0.624320 0.926770 0.906720 0.659017 0.686803 0.802157 0.923539 0.925464 0.765792 0.756324 0.846939 0.970180 0.772180 0.998741 0.689121 0.661910 0.648445 0.677159 0.662073 0.443222 0.508674 0.845468 0.969941 0.721551 0.643556 0.922689 0.954892 0.921893 0.999126 0.944178 0.681079 0.997869 0.984466 0.932098 0.921517 0.855264 0.850390 0.998380 0.991943 0.853068 0.836879 0.938241 0.928415 0.878359 0.992443 0.872109 0.990625 0.832781 0.929583 0.956650 0.871161
0.907121 0.846135 0.496784 0.553018 0.778925 0.798791 0.772298 0.850053 0.717707 0.840668 0.954070 0.920098 0.891676 0.924906 0.725796 0.750128 0.830620 0.802041 0.747454 0.713784 0.588313 0.885946 0.545931 0.702040 0.420636 0.000000 0.941170 0.904815 0.720843 0.823534 0.540338 0.689191 0.600959 0.694351 0.855655 0.903463 0.573669 0.791224 0.753080 0.691552 0.789676 0.953217 0.761353 0.857388 0.831534 0.940037 0.763993 0.909428 0.947127 0.973740 0.973174 0.950424 0.977971 0.860493 0.853680 0.901898 0.853208 0.918979 0.979289 0.988765 0.721407 0.846280 0.928717 0.923673 0.585226 0.678304 0.729826 0.758459 0.949496 0.835763 0.610979 0.716466 0.731620 0.598904 0.807699 0.710920 0.876252 0.737110 0.950191 0.700936 0.801877 0.768909 0.711358 0.879775 0.675963 0.706338 0.902448 0.998514 0.947701 0.806302 0.809748 0.829336 0.786540 0.855255 0.851430 0.735271 0.965270 0.956722 0.770729 0.763659 0.871055 0.967697 0.856030 0.968855 0.810269 0.880558 0.846461 0.986231 0.967489 0.972753 0.938499 0.898667 0.793782 0.822943 0.975638 0.904430
0.743404 0.834646 0.987138 0.969157 0.663784 0.843735 0.669244 0.670013 0.744262 0.649409 0.922469 0.978408 0.633614 0.993863 0.555478 0.761186 0.909939 0.909487 0.964014 0.948953 0.868833 0.960077 0.801890 0.834351 0.692766 0.941170 0.000000 0.726007 0.962636 0.856246 0.713399 0.696021 0.927092 0.763219 0.847304 0.846916 0.862344 0.931254 0.970879 0.651049 0.929014 0.836081 0.800938 0.759849 0.642980 0.742333 0.862967 0.987295 0.852547 0.928884 0.743615 0.809733 0.684512 0.438870 0.885475 0.932681 0.820659 0.706931 0.891743 0.842168 0.976089 0.922908 0.994758 0.942930 0.553241 0.870318 0.602638 0.607130 0.577790 0.747880 0.789448 0.758774 0.656736 0.834734 0.795131 0.899948 0.747431 0.818300 0.850339 0.807380 0.714999 0.688587 0.811193 0.624777 0.452463 0.524395 0.745006 0.744906 0.578768 0.723991 0.628898 0.731231 0.690030 0.787170 0.837645 0.994566 0.807207 0.826142 0.710675 0.784242 0.527010 0.674254 0.739447 0.853437 0.911886 0.924261 0.927187 0.804272 0.763984 0.869256 0.774538 0.883221 0.868072 0.831171 0.963791 0.904663
0.947889 0.916728 0.886049 0.907274 0.852282 0.988303 0.852543 0.885402 0.859781 0.837118 0.992987 0.966618 0.709879 0.837559 0.684978 0.788426 0.909150 0.995948 0.969944 0.920633 0.936258 0.949362 0.771300 0.773353 0.900367 0.904815 0.726007 0.000000 0.975454 0.958596 0.843544 0.872455 0.897834 0.903681 0.930618 0.796734 0.845298 0.801472 0.959758 0.705048 0.970912 0.766655 0.975243 0.903913 0.850595 0.895597 0.809613 0.871185 0.947352 0.989718 0.914593 0.918494 0.863725 0.715777 0.845767 0.871322 0.981110 0.859730 0.905555 0.854285 0.976223 0.998500 0.993900 0.960526 0.689583 0.843118 0.803413 0.883426 0.969894 0.805598 0.960015 0.930733 0.802266 0.897496 0.846411 0.914414 0.950227 0.820987 0.903913 0.857287 0.968286 0.799692 0.900585 0.836842 0.740913 0.736622 0.993000 0.985018 0.738205 0.734545 0.755731 0.846019 0.766304 0.774711 0.926715 0.988463 0.927112 0.816260 0.833628 0.939425 0.730663 0.835309 0.764274 0.877025 0.914492 0.941902 0.935174 0.785829 0.922609 0.800313 0.815497 0.952853 0.906396 0.988028 0.841256 0.921947
0.552361 0.391907 0.593728 0.451897 0.850668 0.730665 0.392819 0.461665 0.523783 0.528752 0.435318 0.424305 0.621777 0.517304 0.689991 0.514804 0.399612 0.329696 0.409364 0.386597 0.559259 0.815654 0.625765 0.614700 0.795550 0.720843 0.962636 0.975454 0.000000 0.330871 0.506051 0.506255 0.362839 0.321809 0.869678 0.938004 0.688777 0.777150 0.703234 0.909321 0.858625 0.760770 0.424678 0.467900 0.470048 0.525517 0.592937 0.541382 0.584403 0.598064 0.523112 0.576575 0.645630 0.755710 0.840439 0.645604 0.449469 0.551400 0.668941 0.702026 0.393245 0.523050 0.401710 0.371629 0.765332 0.523975 0.535481 0.517103 0.864107 0.584844 0.521627 0.538226 0.481871 0.400263 0.766958 0.759357 0.498069 0.515611 0.616594 0.488665 0.564977 0.645592 0.653323 0.743416 0.782222 0.738999 0.987503 0.959367 0.871436 0.846730 0.654996 0.759944 0.709933 0.793269 0.709972 0.632823 0.731509 0.748278 0.436016 0.513395 0.712515 0.734085 0.695897 0.804314 0.477576 0.652624 0.881743 0.859793 0.748652 0.892592 0.821214 0.558172 0.568434 0.749900 0.683926 0.822045
0.605751 0.435907 0.652730 0.436134 0.821993 0.663442 0.317998 0.404182 0.591695 0.514184 0.438189 0.444955 0.710974 0.430337 0.712322 0.502289 0.361205 0.294917 0.387093 0.419922 0.590109 0.897309 0.626994 0.524161 0.908889 0.823534 0.856246 0.958596 0.330871 0.000000 0.414603 0.390240 0.346390 0.342834 0.850663 0.969102 0.779121 0.733151 0.810440 0.869413 0.822128 0.774049 0.320548 0.307077 0.378217 0.423454 0.596060 0.522541 0.580879 0.536516 0.403289 0.440912 0.514774 0.655482 0.704455 0.633052 0.436136 0.552185 0.601893 0.750226 0.389151 0.491658 0.335705 0.304860 0.890215 0.564675 0.468413 0.391013 0.926024 0.662986 0.584225 0.518389 0.466483 0.375099 0.838993 0.668068 0.557952 0.521824 0.632759 0.444688 0.506828 0.638785 0.515004 0.765671 0.860191 0.738261 0.989811 0.887370 0.865986 0.769399 0.673566 0.881461 0.814129 0.959451 0.730694 0.732403 0.622240 0.871810 0.445601 0.492720 0.702731 0.728625 0.664862 0.754320 0.510890 0.690150 0.808626 0.945845 0.733407 0.855096 0.694879 0.609701 0.472636 0.755311 0.637059 0.827845
0.979980 0.753174 0.584217 0.488982 0.943073 0.561300 0.319224 0.498228 0.463852 0.430941 0.820354 0.790766 0.904265 0.799324 0.927329 0.674484 0.664944 0.551987 0.534110 0.527796 0.551669 0.758490 0.609244 0.698175 0.798605 0.540338 0.713399 0.843544 0.506051 0.414603 0.000000 0.251937 0.402692 0.360727 0.708029 0.872515 0.730584 0.686052 0.912330 0.992728 0.757335 0.852641 0.354605 0.425788 0.410202 0.596876 0.896370 0.813297 0.920607 0.872390 0.621622 0.728003 0.581241 0.561878 0.931581 0.962772 0.700088 0.958288 0.980019 0.862443 0.663313 0.778010 0.763027 0.670351 0.996937 0.804512 0.361618 0.405574 0.903882 0.969123 0.319650 0.296683 0.373985 0.317400 0.984719 0.650918 0.618529 0.359468 0.909738 0.657584 0.899322 0.985835 0.800514 0.843231 0.861272 0.975521 0.897851 0.843805 0.828961 0.922451 0.445429 0.568741 0.496372 0.615538 0.760220 0.644049 0.727693 0.833882 0.346044 0.437264 0.490178 0.541741 0.544535 0.700354 0.596335 0.819693 0.708084 0.797461 0.764931 0.969859 0.662261 0.646773 0.507670 0.677998 0.724924 0.957320
0.921763 0.644827 0.678965 0.557467 0.981728 0.641404 0.391865 0.529396 0.612475 0.540121 0.791880 0.768475 0.886504 0.704078 0.987554 0.762111 0.617458 0.495600 0.540610 0.524113 0.647653 0.741227 0.736789 0.678142 0.862363 0.689191 0.696021 0.872455 0.506255 0.390240 0.251937 0.000000 0.439552 0.402747 0.772706 0.893166 0.860669 0.731717 0.901229 0.996543 0.831644 0.826030 0.377338 0.383890 0.434233 0.552162 0.835103 0.733938 0.903592 0.793900 0.550896 0.631403 0.593192 0.588501 0.907048 0.756506 0.665754 0.883013 0.937981 0.985504 0.676681 0.778391 0.677479 0.629384 0.887430 0.840163 0.429118 0.432546 0.924006 0.979019 0.423503 0.392956 0.388890 0.362950 0.988684 0.759179 0.633318 0.433045 0.817869 0.642740 0.809916 0.926758 0.761055 0.992400 0.847156 0.947907 0.861165 0.957821 0.858411 0.955717 0.599422 0.755500 0.632367 0.824094 0.880732 0.725620 0.705548 0.855777 0.445549 0.538386 0.542769 0.576486 0.545737 0.715677 0.631226 0.807244 0.771313 0.792110 0.825937 0.956785 0.705166 0.711612 0.528432 0.655655 0.719807 0.996094
0.560547 0.444313 0.476921 0.373029 0.729123 0.540134 0.335476 0.470949 0.591151 0.598444 0.539056 0.511623 0.648891 0.494251 0.618458 0.422365 0.471985 0.350839 0.355588 0.430268 0.599155 0.819101 0.457739 0.440607 0.648919 0.600959 0.927092 0.897834 0.362839 0.346390 0.402692 0.439552 0.000000 0.324843 0.693602 0.982261 0.674052 0.696041 0.684723 0.828987 0.770808 0.763447 0.339154 0.354497 0.391855 0.441661 0.525429 0.538747 0.544330 0.516159 0.454318 0.511623 0.609607 0.764068 0.621482 0.657238 0.453917 0.527251 0.602985 0.674682 0.330475 0.541889 0.457250 0.404663 0.653342 0.487717 0.462193 0.424172 0.858462 0.684546 0.554890 0.535284 0.542331 0.463790 0.750832 0.654681 0.543035 0.474636 0.652357 0.486268 0.523041 0.592805 0.601056 0.707179 0.673951 0.614459 0.987437 0.953319 0.846093 0.736803 0.668525 0.793495 0.693270 0.903149 0.756289 0.508358 0.672723 0.745110 0.399148 0.477152 0.678244 0.718865 0.669965 0.729883 0.513197 0.600712 0.788088 0.806544 0.728005 0.914360 0.800476 0.623926 0.416480 0.727236 0.567114 0.845753
0.614416 0.459611 0.563215 0.397602 0.915818 0.651746 0.277419 0.378082 0.506656 0.433175 0.520857 0.492313 0.764749 0.580981 0.804816 0.564824 0.447574 0.353611 0.331480 0.340008 0.599161 0.840549 0.631057 0.621117 0.796456 0.694351 0.763219 0.903681 0.321809 0.342834 0.360727 0.402747 0.324843 0.000000 0.733431 0.955135 0.739272 0.746661 0.757595 0.897698 0.910080 0.795125 0.357631 0.427293 0.363457 0.448722 0.636302 0.569616 0.636455 0.577139 0.474795 0.553584 0.555443 0.612332 0.837098 0.742048 0.494771 0.623908 0.672241 0.764102 0.390115 0.532953 0.441664 0.395848 0.856888 0.601267 0.393616 0.400557 0.909604 0.731574 0.389749 0.416219 0.443284 0.332184 0.926850 0.688927 0.465078 0.446507 0.640815 0.521654 0.651165 0.753781 0.734070 0.897909 0.930147 0.887641 0.938786 0.923006 0.977725 0.868021 0.533228 0.630607 0.539437 0.737499 0.709165 0.553370 0.659647 0.743992 0.315829 0.381638 0.559464 0.592247 0.629421 0.705492 0.499283 0.644128 0.762603 0.768722 0.672474 0.924492 0.705497 0.529580 0.411404 0.738521 0.679480 0.864019
0.936526 0.997001 0.776148 0.842851 0.862653 0.799259 0.623026 0.682231 0.706222 0.628641 0.972465 0.995505 0.985823 0.996156 0.978815 0.989186 0.975794 0.942112 0.938760 0.959964 0.934536 0.909307 0.868313 0.996294 0.982699 0.855655 0.847304 0.930618 0.869678 0.850663 0.708029 0.772706 0.693602 0.733431 0.000000 0.862171 0.994854 0.855276 0.979496 0.974420 0.954363 0.929692 0.665624 0.724309 0.595854 0.657254 0.949596 0.920502 0.820912 0.910553 0.785534 0.818786 0.688517 0.770284 0.883624 0.955445 0.958694 0.968155 0.941765 0.925198 0.739050 0.848506 0.887279 0.838242 0.921543 0.954428 0.632030 0.572865 0.914960 0.882442 0.710220 0.845473 0.982307 0.820282 0.902234 0.930864 0.757971 0.828631 0.937259 0.939725 0.927138 0.882186 0.954219 0.778546 0.963553 0.972533 0.862672 0.914333 0.879717 0.893609 0.753872 0.756316 0.763726 0.867233 0.870968 0.772464 0.898127 0.901300 0.716036 0.773226 0.753145 0.785858 0.813918 0.994779 0.911304 0.841386 0.916537 0.836882 0.988344 0.964115 0.871514 0.957630 0.729674 0.869038 0.698450 0.814885
0.736695 0.779928 0.909528 0.904589 0.816508 0.809533 0.965131 0.991165 0.974124 0.810599 0.747653 0.846690 0.741003 0.812668 0.866136 0.804578 0.799487 0.869343 0.891340 0.931269 0.941274 0.942588 0.997670 0.848385 0.981869 0.903463 0.846916 0.796734 0.938004 0.969102 0.872515 0.893166 0.982261 0.955135 0.862171 0.000000 0.838317 0.920997 0.813267 0.934502 0.830134 0.962525 0.950442 0.946916 0.863221 0.986499 0.852840 0.789509 0.852009 0.867418 0.925644 0.847139 0.952879 0.915118 0.847910 0.875704 0.769406 0.719248 0.845739 0.749917 0.925333 0.922546 0.859142 0.790721 0.883858 0.817589 0.859356 0.932670 0.891993 0.896843 0.893646 0.827139 0.930705 0.912143 0.928406 0.938587 0.853654 0.960456 0.821303 0.961093 0.926140 0.800523 0.943371 0.751529 0.845419 0.872711 0.974020 0.960532 0.869126 0.828553 0.869512 0.917258 0.793964 0.964258 0.937583 0.974676 0.831457 0.859132 0.917607 0.945643 0.813378 0.854330 0.751737 0.935656 0.995642 0.999291 0.989265 0.978545 0.956427 0.982923 0.979883 0.827340 0.950744 0.984588 0.906784 0.904689
0.646413 0.635449 0.533176 0.665557 0.822227 0.877859 0.801895 0.955106 0.712261 0.909002 0.686706 0.875640 0.673219 0.892227 0.667737 0.601668 0.636181 0.720031 0.682034 0.654431 0.669572 0.857463 0.615045 0.745221 0.623503 0.573669 0.862344 0.845298 0.688777 0.779121 0.730584 0.860669 0.674052 0.739272 0.994854 0.838317 0.000000 0.695002 0.602111 0.616856 0.582530 0.714768 0.711959 0.734093 0.816506 0.873933 0.668852 0.744525 0.687920 0.834889 0.883023 0.879459 0.963280 0.856069 0.730620 0.947397 0.574790 0.671632 0.763228 0.863657 0.662987 0.857506 0.809855 0.807657 0.492573 0.712573 0.745013 0.828163 0.615547 0.686336 0.667280 0.713463 0.763417 0.731080 0.814020 0.856335 0.845393 0.685151 0.849458 0.632823 0.640485 0.754886 0.684198 0.752868 0.637464 0.690060 0.948707 0.928897 0.798452 0.769273 0.929605 0.787784 0.871910 0.834163 0.801619 0.723897 0.924469 0.947568 0.759648 0.740610 0.985021 0.909856 0.834504 0.969266 0.762643 0.750571 0.947427 0.975233 0.843437 0.891379 0.852541 0.790112 0.906991 0.859403 0.961554 0.959401
0.763059 0.736532 0.860650 0.732258 0.906180 0.877438 0.803733 0.888280 0.926443 0.887495 0.720339 0.817575 0.943962 0.835883 0.920104 0.788335 0.726265 0.743711 0.725093 0.762051 0.901506 0.933215 0.861868 0.828346 0.827086 0.791224 0.931254 0.801472 0.777150 0.733151 0.686052 0.731717 0.696041 0.746661 0.855276 0.920997 0.695002 0.000000 0.832724 0.828892 0.820387 0.694757 0.782480 0.763928 0.835664 0.837977 0.761269 0.886680 0.791549 0.882994 0.846022 0.841713 0.896394 0.933164 0.818229 0.981200 0.694202 0.763714 0.825359 0.974204 0.786104 0.833244 0.841693 0.807588 0.832535 0.728705 0.773133 0.809523 0.715415 0.856481 0.750571 0.685326 0.750288 0.644884 0.807029 0.914881 0.862239 0.668881 0.839220 0.780419 0.666815 0.848938 0.676415 0.826450 0.776995 0.687008 0.858204 0.829899 0.729792 0.816653 0.948013 0.981047 0.907435 0.961825 0.763285 0.817501 0.977629 0.963560 0.850944 0.929181 0.924973 0.934604 0.718141 0.978001 0.867159 0.890978 0.945627 0.992393 0.848241 0.940970 0.988323 0.918976 0.822121 0.926140 0.849268 0.898223
