0.000000 0.384518 0.908006 0.743131 0.831418 0.853215 0.552336 0.665725 0.828693 0.610774 0.481448 0.452249 0.533413 0.598384 0.872809 0.986745 0.405440 0.367615 0.463162 0.479924 0.725585 0.836073 0.875976 0.723047 0.547366 0.573440 0.714352 0.824834 0.665235 0.596522 0.749352 0.820821 0.602049 0.624622 0.802446 0.923927 0.862510 0.850615 0.915674 0.862146 0.815179 0.932184 0.775761 0.677526 0.628732 0.629665 0.687184 0.676374 0.541249 0.691844 0.735993 0.873145 0.998636 0.851944 0.671986 0.828327 0.408316 0.352614 0.498328 0.538318 0.520273 0.636699 0.538271 0.455239 0.713616 0.903583 0.939479 0.910617 0.540639 0.609470 0.855980 0.823970 0.780396 0.895815 0.804982 0.990258 0.925174 0.971027 0.733243 0.677874 0.393258 0.432768 0.718493 0.532610 0.560408 0.979395 0.869973 0.974000 0.776814 0.879529 0.737391 0.872149 0.931801 0.961139 0.941791 0.983210 0.879558 0.977567 0.589965 0.663136 0.819449 0.717329 0.613931 0.771471 0.972671 0.972409 0.928172 0.909481 0.896831 0.749374 0.897119 0.847585 0.805187 0.849952 0.851079 0.967834
0.384518 0.000000 0.946008 0.906620 0.878126 0.815627 0.698993 0.747640 0.866077 0.707050 0.656102 0.636928 0.709174 0.715747 0.864423 0.983971 0.474941 0.479364 0.630064 0.493912 0.830260 0.802606 0.952401 0.909919 0.771752 0.741114 0.836982 0.807764 0.739024 0.663060 0.838066 0.831950 0.723922 0.699883 0.913452 0.888795 0.960464 0.933084 0.865932 0.804297 0.977894 0.844736 0.753849 0.724415 0.690411 0.668628 0.702035 0.735300 0.521596 0.576786 0.674794 0.746308 0.907508 0.983561 0.702791 0.780528 0.395134 0.338330 0.616763 0.515020 0.681864 0.699799 0.685183 0.588455 0.880482 0.984131 0.843918 0.886616 0.469283 0.513756 0.902105 0.995891 0.875953 0.957643 0.872676 0.958498 0.911073 0.991818 0.752660 0.666465 0.525207 0.549880 0.711887 0.668184 0.598450 0.924942 0.885624 0.903849 0.843054 0.859328 0.698112 0.843356 0.818045 0.902653 0.993375 0.908288 0.809771 0.919894 0.622429 0.584980 0.904802 0.783705 0.657931 0.835541 0.860288 0.987080 0.910198 0.936289 0.974675 0.738525 0.975288 0.845458 0.820467 0.766661 0.830892 0.951353
0.908006 0.946008 0.000000 0.633278 0.760956 0.964476 0.757445 0.689759 0.906246 0.992096 0.981564 0.993533 0.940397 0.825684 0.887656 0.772493 0.988126 0.945733 0.988257 0.969737 0.917610 0.920724 0.914806 0.925905 0.635501 0.721736 0.997391 0.975888 0.935092 0.960828 0.696164 0.705390 0.867542 0.751434 0.763192 0.962694 0.777956 0.920794 0.781380 0.924990 0.963474 0.841163 0.898058 0.950149 0.752148 0.848146 0.732948 0.969293 0.748762 0.848446 0.997478 0.830083 0.888936 0.879154 0.926429 0.893882 0.911167 0.957918 0.780763 0.958115 0.909675 0.989491 0.879752 0.950453 0.674801 0.632190 0.632424 0.654373 0.930735 0.871882 0.953056 0.837789 0.865622 0.926148 0.833326 0.906343 0.855835 0.921800 0.790017 0.976512 0.975582 0.917285 0.867063 0.958115 0.894585 0.784548 0.708860 0.974218 0.872388 0.928821 0.730043 0.698893 0.706663 0.778789 0.996288 0.995938 0.931138 0.931690 0.796954 0.852355 0.903845 0.854722 0.934797 0.934864 0.849091 0.944682 0.909358 0.916958 0.998175 0.938042 0.891173 0.831249 0.837679 0.953748 0.908673 0.974514
0.743131 0.906620 0.633278 0.000000 0.725559 0.826335 0.914146 0.844083 0.978762 0.930930 0.720926 0.731922 0.639559 0.648170 0.777806 0.949397 0.810307 0.743829 0.864033 0.914793 0.889742 0.878654 0.824154 0.626623 0.503895 0.607276 0.739394 0.983893 0.796540 0.818441 0.757100 0.734502 0.985500 0.980028 0.777084 0.918320 0.841875 0.686282 0.971592 0.965144 0.842777 0.935749 0.862151 0.910340 0.845542 0.910074 0.928305 0.915750 0.847944 0.863913 0.778517 0.731550 0.765081 0.719290 0.916938 0.914199 0.959982 0.888270 0.919464 0.784501 0.821432 0.930356 0.841614 0.835678 0.620382 0.525921 0.538998 0.609190 0.995768 0.879305 0.750100 0.739640 0.743111 0.852213 0.801828 0.905984 0.816471 0.797604 0.944613 0.959188 0.779393 0.788463 0.770021 0.744294 0.758203 0.704001 0.871161 0.983795 0.883043 0.864137 0.918422 0.888555 0.828657 0.834260 0.889935 0.970289 0.984527 0.963655 0.904648 0.967599 0.749050 0.847902 0.900683 0.915031 0.759369 0.781043 0.833923 0.960958 0.936909 0.877422 0.990568 0.988654 0.906714 0.864041 0.982663 0.934068
0.831418 0.878126 0.760956 0.725559 0.000000 0.705423 0.802041 0.931132 0.796155 0.758637 0.714811 0.693653 0.601004 0.661250 0.562401 0.668133 0.765070 0.756018 0.777925 0.820754 0.869988 0.959866 0.756503 0.948775 0.584814 0.626047 0.907416 0.839046 0.694729 0.650138 0.902298 0.927103 0.823349 0.861062 0.892685 0.961060 0.922356 0.818712 0.938810 0.975110 0.993070 0.901992 0.941788 0.831926 0.609842 0.655271 0.998507 0.822774 0.685852 0.843024 0.811171 0.887330 0.772609 0.927445 0.975747 0.865472 0.992423 0.861935 0.960081 0.961248 0.712809 0.765847 0.739106 0.688084 0.678238 0.730599 0.940551 0.905312 0.991643 0.940414 0.867440 0.805375 0.911609 0.950331 0.881641 0.882535 0.862592 0.941546 0.995284 0.796500 0.711388 0.793542 0.691350 0.662091 0.633484 0.906500 0.789184 0.751256 0.886735 0.926059 0.761174 0.816860 0.840375 0.973722 0.967712 0.899867 0.884954 0.857400 0.735589 0.782092 0.707588 0.902705 0.756477 0.971239 0.908843 0.866350 0.894844 0.946778 0.794712 0.939083 0.826811 0.688320 0.898158 0.861762 0.978260 0.954362
0.853215 0.815627 0.964476 0.826335 0.705423 0.000000 0.669228 0.636577 0.655423 0.636379 0.817418 0.817415 0.815074 0.866774 0.718283 0.726060 0.730335 0.854246 0.798669 0.853227 0.828461 0.956714 0.704367 0.829684 0.913733 0.969561 0.981779 0.870449 0.719361 0.753281 0.827582 0.953694 0.718940 0.712778 0.894889 0.847341 0.993887 0.981588 0.989445 0.807858 0.938173 0.810417 0.669569 0.655706 0.575831 0.582333 0.750293 0.677856 0.652964 0.670756 0.587500 0.743894 0.664148 0.778762 0.825529 0.730434 0.918760 0.903945 0.821167 0.716751 0.651352 0.605698 0.772851 0.706084 0.963234 0.743257 0.718490 0.698940 0.881160 0.804610 0.790968 0.984698 0.883587 0.909061 0.891268 0.907619 0.616160 0.729153 0.867214 0.583694 0.688997 0.795163 0.845462 0.891840 0.616733 0.690155 0.972343 0.949795 0.902984 0.993826 0.604872 0.774997 0.661441 0.959522 0.816836 0.957246 0.826083 0.861112 0.651914 0.717714 0.757941 0.841133 0.772020 0.986909 0.829050 0.941876 0.961926 0.979595 0.790419 0.941553 0.971119 0.779905 0.830718 0.903254 0.935462 0.965074
0.552336 0.698993 0.757445 0.914146 0.802041 0.669228 0.000000 0.335824 0.728870 0.383065 0.395794 0.430779 0.430340 0.589107 0.676959 0.979221 0.466329 0.520452 0.470397 0.566369 0.842413 0.901850 0.862269 0.680337 0.585041 0.727746 0.553695 0.945327 0.433511 0.417653 0.855073 0.837412 0.374134 0.372651 0.903566 0.891758 0.938789 0.729068 0.835859 0.980155 0.793495 0.994467 0.562547 0.458542 0.542744 0.465558 0.499534 0.531062 0.631926 0.856397 0.687598 0.925480 0.932830 0.763632 0.766503 0.724908 0.666142 0.747819 0.467387 0.721335 0.264054 0.496807 0.323658 0.347419 0.738092 0.913070 0.729252 0.624701 0.943810 0.765613 0.948159 0.842648 0.945183 0.997017 0.999881 0.955217 0.689285 0.999990 0.563671 0.538275 0.379111 0.456768 0.805626 0.686542 0.624887 0.948628 0.878334 0.923884 0.967148 0.832396 0.845635 0.874844 0.961127 0.619180 0.929633 0.993105 0.811558 0.992218 0.599980 0.717017 0.650527 0.843863 0.577391 0.737753 0.763451 0.999717 0.892300 0.880669 0.769814 0.780966 0.853734 0.860033 0.823247 0.859010 0.968606 0.982554
0.665725 0.747640 0.689759 0.844083 0.931132 0.636577 0.335824 0.000000 0.659444 0.395599 0.552205 0.511773 0.542888 0.622549 0.757178 0.988516 0.635868 0.689722 0.514142 0.630659 0.859695 0.939570 0.990897 0.852325 0.782410 0.859329 0.704728 0.848311 0.540217 0.545748 0.763731 0.836819 0.389029 0.452316 0.977635 0.993562 0.990398 0.935660 0.860482 0.946957 0.830554 0.990535 0.526804 0.430104 0.559211 0.478448 0.518450 0.592148 0.615944 0.766703 0.597165 0.887188 0.903248 0.933499 0.705767 0.673289 0.713549 0.783980 0.475661 0.631172 0.380961 0.449213 0.467374 0.442119 0.793936 0.799417 0.647444 0.551880 0.928663 0.679170 0.875011 0.961986 0.941341 0.960433 0.871661 0.956858 0.641112 0.909588 0.704944 0.580588 0.509915 0.627400 0.871492 0.826622 0.762985 0.972904 0.845095 0.937749 0.864013 0.936432 0.832052 0.992589 0.975021 0.714938 0.867906 0.967375 0.736349 0.997980 0.582474 0.772438 0.752792 0.824263 0.704853 0.664411 0.709358 0.958950 0.999294 0.914553 0.836230 0.834322 0.861288 0.870615 0.840233 0.846253 0.987871 0.950392
0.828693 0.866077 0.906246 0.978762 0.796155 0.655423 0.728870 0.659444 0.000000 0.601885 0.772968 0.654852 0.635523 0.661703 0.632307 0.572869 0.908488 0.881423 0.850462 0.897247 0.740699 0.956964 0.704499 0.848643 0.875852 0.984843 0.905244 0.975204 0.726597 0.658824 0.788276 0.927464 0.703566 0.742069 0.962511 0.950922 0.995807 0.889499 0.836729 0.980731 0.865960 0.982088 0.777074 0.756321 0.648013 0.656113 0.826256 0.783532 0.649507 0.917720 0.820731 0.945472 0.791083 0.989507 0.763449 0.883866 0.957544 0.894959 0.935551 0.929148 0.655760 0.476952 0.814791 0.661844 0.953528 0.790929 0.963469 0.899073 0.823778 0.714361 0.697713 0.755027 0.906841 0.900384 0.781602 0.981684 0.744798 0.888762 0.982308 0.727504 0.713480 0.904657 0.697365 0.847217 0.590432 0.763609 0.863350 0.960063 0.787149 0.904014 0.843309 0.927117 0.936877 0.957917 0.909582 0.958134 0.912404 0.897189 0.729820 0.832928 0.786258 0.852416 0.833482 0.936484 0.840285 0.902250 0.976235 0.882765 0.835210 0.821966 0.856206 0.991901 0.931379 0.886255 0.854200 0.984794
0.610774 0.707050 0.992096 0.930930 0.758637 0.636379 0.383065 0.395599 0.601885 0.000000 0.493442 0.429754 0.423049 0.455426 0.582649 0.822490 0.606187 0.575898 0.482990 0.541339 0.814237 0.999316 0.944696 0.737842 0.567989 0.789476 0.658197 0.827293 0.451102 0.444073 0.801183 0.936719 0.386079 0.450048 0.880378 0.926086 0.845361 0.854717 0.929963 0.843108 0.803622 0.872134 0.532836 0.407000 0.354699 0.327096 0.548831 0.560887 0.426929 0.676456 0.612325 0.890156 0.917964 0.930181 0.772938 0.762642 0.757453 0.768240 0.622286 0.724979 0.355684 0.361233 0.490062 0.418618 0.618797 0.966475 0.841719 0.690980 0.873942 0.702242 0.854455 0.983346 0.880111 0.992606 0.975216 0.986641 0.670929 0.987383 0.787998 0.546770 0.470466 0.621737 0.743631 0.741379 0.622541 0.960062 0.945727 0.948749 0.898725 0.924362 0.688080 0.908519 0.840000 0.809835 0.917934 0.939581 0.809147 0.912325 0.462089 0.620990 0.665606 0.752613 0.602855 0.687363 0.823213 0.963563 0.932210 0.989833 0.730017 0.775701 0.757648 0.727096 0.792148 0.791761 0.935081 0.982791
0.481448 0.656102 0.981564 0.720926 0.714811 0.817418 0.395794 0.552205 0.772968 0.493442 0.000000 0.396092 0.384613 0.507368 0.690598 0.938432 0.431436 0.422464 0.450058 0.541398 0.793995 0.866798 0.820457 0.611078 0.459662 0.541813 0.574512 0.948062 0.491032 0.443102 0.881353 0.995214 0.451386 0.475355 0.849931 0.881839 0.894546 0.720431 0.932272 0.973980 0.787319 0.969694 0.771917 0.626670 0.617310 0.547749 0.642139 0.581711 0.620472 0.920398 0.813981 0.851137 0.827829 0.696532 0.789309 0.860673 0.622185 0.622833 0.559609 0.789059 0.349223 0.584518 0.362014 0.379076 0.594989 0.885818 0.989142 0.893899 0.828387 0.767695 0.873314 0.731046 0.760972 0.818000 0.963299 0.998895 0.884777 0.942808 0.689418 0.629725 0.374653 0.412685 0.710563 0.525066 0.608577 0.933368 0.922587 0.971968 0.823462 0.915391 0.904100 0.862600 0.915482 0.672106 0.994446 0.990978 0.857052 0.984180 0.687265 0.861704 0.673002 0.900748 0.661785 0.767373 0.943829 0.928264 0.985409 0.826578 0.795051 0.748214 0.884972 0.948983 0.839690 0.881086 0.951905 0.934379
0.452249 0.636928 0.993533 0.731922 0.693653 0.817415 0.430779 0.511773 0.654852 0.429754 0.396092 0.000000 0.329677 0.377703 0.602673 0.773654 0.495734 0.478187 0.430405 0.558277 0.678701 0.853429 0.985935 0.744253 0.463059 0.588389 0.718843 0.949072 0.475079 0.442466 0.977531 0.956356 0.459339 0.523016 0.842255 0.993372 0.899117 0.845641 0.918149 0.905579 0.756487 0.995699 0.728136 0.592428 0.509052 0.495993 0.696267 0.666804 0.515801 0.843657 0.824348 0.952319 0.975186 0.762115 0.812695 0.842334 0.649221 0.631673 0.647354 0.807560 0.376988 0.440867 0.483665 0.389997 0.612557 0.910773 0.995266 0.936055 0.771111 0.625524 0.974494 0.938350 0.806762 0.903898 0.950030 0.931348 0.839684 0.987339 0.734390 0.594385 0.395570 0.484141 0.581694 0.626972 0.542668 0.968410 0.856607 0.948993 0.764473 0.986222 0.829200 0.994318 0.948280 0.844635 0.999715 0.965057 0.901932 0.929748 0.593175 0.681976 0.691929 0.742167 0.617774 0.675983 0.942383 0.903787 0.923528 0.997523 0.823981 0.751491 0.877772 0.787441 0.828984 0.756934 0.905704 0.953738
0.533413 0.709174 0.940397 0.639559 0.601004 0.815074 0.430340 0.542888 0.635523 0.423049 0.384613 0.329677 0.000000 0.328010 0.471636 0.731100 0.548015 0.543365 0.493326 0.611275 0.729335 0.906058 0.940352 0.701041 0.444029 0.534786 0.677461 0.957418 0.445747 0.378989 0.958757 0.975830 0.431551 0.541141 0.808713 0.881919 0.912807 0.730777 0.906683 0.998972 0.786725 0.972240 0.727199 0.598775 0.492867 0.461182 0.708194 0.628927 0.519287 0.915888 0.830198 0.905825 0.959859 0.724474 0.865315 0.834589 0.772751 0.713113 0.677479 0.902123 0.334454 0.447879 0.459518 0.370591 0.567131 0.804424 0.907160 0.963287 0.868363 0.740051 0.956661 0.899522 0.825147 0.885586 0.973701 0.943426 0.802236 0.995641 0.803520 0.659634 0.427620 0.555444 0.583225 0.609750 0.522546 0.927995 0.951522 0.940994 0.769229 0.951051 0.939598 0.921001 0.849387 0.719233 0.973504 0.971310 0.832599 0.985976 0.634813 0.742596 0.669877 0.847931 0.631141 0.735035 0.963146 0.997365 0.920833 0.953417 0.764083 0.819319 0.806250 0.832649 0.834430 0.816348 0.939319 0.939794
0.598384 0.715747 0.825684 0.648170 0.661250 0.866774 0.589107 0.622549 0.661703 0.455426 0.507368 0.377703 0.328010 0.000000 0.480047 0.669151 0.671987 0.624520 0.567269 0.626903 0.816576 0.908926 0.847130 0.788862 0.486974 0.640470 0.725604 0.885225 0.554110 0.495466 0.990771 0.973332 0.571955 0.639185 0.765719 0.920012 0.840722 0.811433 0.992589 0.961130 0.816101 0.864775 0.736494 0.594554 0.481131 0.478755 0.733753 0.718278 0.453466 0.859216 0.840097 0.979691 0.959419 0.847748 0.882557 0.899550 0.851949 0.741691 0.869410 0.922760 0.481855 0.436994 0.635024 0.511253 0.607786 0.815125 0.840379 0.946043 0.858917 0.708020 0.905815 0.963374 0.766188 0.871874 0.973037 0.947456 0.823700 0.998490 0.877242 0.665274 0.549299 0.652767 0.540137 0.734759 0.536788 0.883952 0.995874 0.937711 0.703433 0.952919 0.853174 0.933733 0.981327 0.875294 0.971610 0.978382 0.817286 0.973768 0.580923 0.713720 0.660055 0.756404 0.682299 0.785074 0.981788 0.878460 0.984212 0.977672 0.773726 0.831826 0.799600 0.827083 0.820937 0.757306 0.934874 0.964838
0.872809 0.864423 0.887656 0.777806 0.562401 0.718283 0.676959 0.757178 0.632307 0.582649 0.690598 0.602673 0.471636 0.480047 0.000000 0.482847 0.814364 0.855195 0.865930 0.892640 0.909158 0.890237 0.596954 0.969473 0.661224 0.813441 0.922214 0.881466 0.557624 0.533912 0.836026 0.907350 0.629426 0.731653 0.919612 0.888900 0.961618 0.784828 0.922734 0.976889 0.984583 0.996224 0.725409 0.713027 0.508253 0.512945 0.812434 0.751033 0.533299 0.854576 0.789106 0.949400 0.793939 0.989834 0.981462 0.982255 0.910690 0.982574 0.960789 0.899227 0.584107 0.560238 0.700920 0.631727 0.824788 0.892514 0.900868 0.966599 0.959182 0.808157 0.752531 0.864324 0.973031 0.890557 0.946728 0.846169 0.701368 0.884738 0.962836 0.769405 0.705634 0.888197 0.517778 0.825807 0.487436 0.828868 0.867098 0.819103 0.853626 0.946550 0.849731 0.984715 0.972928 0.911076 0.997104 0.990257 0.908099 0.899825 0.670632 0.700167 0.696872 0.976933 0.704160 0.940698 0.920759 0.984418 0.910638 0.992168 0.867988 0.995303 0.885470 0.713381 0.934064 0.866760 0.922336 0.943891
0.986745 0.983971 0.772493 0.949397 0.668133 0.726060 0.979221 0.988516 0.572869 0.822490 0.938432 0.773654 0.731100 0.669151 0.482847 0.000000 0.989424 0.986664 0.977788 0.951266 0.813179 0.975859 0.449609 0.704806 0.872782 0.956247 0.834319 0.827194 0.886633 0.750726 0.899697 0.876471 0.926720 0.979305 0.956199 0.955498 0.984977 0.920067 0.966802 0.950164 0.864750 0.951606 0.919834 0.892941 0.702746 0.759657 0.893394 0.897617 0.707514 0.901656 0.869938 0.840395 0.691390 0.859693 0.936359 0.936565 0.790722 0.939673 0.755464 0.885480 0.861097 0.708645 0.991329 0.873158 0.935539 0.980066 0.880839 0.852350 0.974465 0.887666 0.689926 0.803512 0.826599 0.909876 0.910775 0.948573 0.907578 0.837058 0.849113 0.845394 0.937901 0.924598 0.464449 0.970738 0.532611 0.657541 0.965694 0.754152 0.784442 0.822686 0.790503 0.798915 0.836059 0.831720 0.895238 0.909324 0.903187 0.927220 0.821985 0.773618 0.931919 0.988495 0.841274 0.734073 0.911874 0.923825 0.962132 0.873696 0.961646 0.918821 0.956649 0.842378 0.940818 0.950114 0.825691 0.877491
0.405440 0.474941 0.988126 0.810307 0.765070 0.730335 0.466329 0.635868 0.908488 0.606187 0.431436 0.495734 0.548015 0.671987 0.814364 0.989424 0.000000 0.341004 0.473875 0.503225 0.809033 0.797499 0.768906 0.713445 0.552634 0.600891 0.610418 0.956318 0.514251 0.468002 0.906090 0.983526 0.512817 0.474956 0.907860 0.933366 0.956646 0.755719 0.950629 0.882969 0.874847 0.773880 0.773825 0.674615 0.663486 0.599618 0.600309 0.618703 0.647022 0.808207 0.734663 0.973059 0.881558 0.773973 0.714904 0.808481 0.449924 0.477966 0.476984 0.595719 0.456243 0.688431 0.389214 0.371768 0.695588 0.959893 0.798484 0.752587 0.678547 0.700748 0.794489 0.773025 0.872851 0.972664 0.837127 0.984564 0.825169 0.975749 0.573548 0.683593 0.347160 0.399222 0.750990 0.566344 0.671108 0.994592 0.915010 0.988339 0.943067 0.884096 0.776866 0.908830 0.990620 0.810048 0.952582 0.996842 0.841756 0.988569 0.655914 0.676152 0.717290 0.841946 0.615463 0.801062 0.936400 0.931248 0.995731 0.919912 0.809427 0.658189 0.977046 0.799838 0.758940 0.796108 0.884914 0.964725
0.367615 0.479364 0.945733 0.743829 0.756018 0.854246 0.520452 0.689722 0.881423 0.575898 0.422464 0.478187 0.543365 0.624520 0.855195 0.986664 0.341004 0.000000 0.407594 0.395651 0.775687 0.892737 0.787982 0.691930 0.507372 0.589395 0.587868 0.822698 0.541617 0.450544 0.797529 0.974556 0.559755 0.526041 0.799310 0.970817 0.927215 0.812410 0.976258 0.923638 0.843927 0.918070 0.845480 0.746031 0.690003 0.604704 0.670934 0.661505 0.631918 0.792298 0.790858 0.959465 0.813725 0.721676 0.769343 0.838484 0.421244 0.427609 0.548532 0.639491 0.512986 0.726148 0.443085 0.434000 0.642254 0.893191 0.877304 0.820468 0.652825 0.688140 0.823671 0.746768 0.828725 0.988311 0.793894 0.965508 0.958620 0.844183 0.621980 0.636919 0.344645 0.364122 0.699737 0.464770 0.654827 0.940723 0.943365 0.882154 0.957163 0.982086 0.831533 0.971602 0.989214 0.842935 0.983121 0.965645 0.910288 0.986877 0.655138 0.724751 0.775150 0.818236 0.566385 0.764141 0.980845 0.931756 0.987409 0.853852 0.857311 0.727216 0.888483 0.821477 0.816648 0.830144 0.946019 0.920384
0.463162 0.630064 0.988257 0.864033 0.777925 0.798669 0.470397 0.514142 0.850462 0.482990 0.450058 0.430405 0.493326 0.567269 0.865930 0.977788 0.473875 0.407594 0.000000 0.376305 0.679408 0.946572 0.875377 0.703077 0.536568 0.577106 0.605730 0.740885 0.541397 0.514524 0.916894 0.941954 0.515086 0.493464 0.860185 0.956530 0.862920 0.902662 0.992471 0.966589 0.882707 0.930963 0.706880 0.536328 0.568220 0.525824 0.658483 0.637417 0.640060 0.771172 0.780108 0.986066 0.888506 0.768243 0.753185 0.744724 0.564181 0.587829 0.511675 0.671680 0.465286 0.591407 0.489199 0.463508 0.603432 0.950939 0.824393 0.773570 0.737116 0.749616 0.976751 0.879109 0.872974 0.972696 0.939922 0.950959 0.927891 0.927603 0.689817 0.628499 0.440414 0.405886 0.757948 0.541664 0.724577 0.853173 0.916692 0.884027 0.785318 0.985371 0.798687 0.980473 0.979254 0.805928 0.991891 0.918882 0.923429 0.927036 0.607988 0.769365 0.821287 0.747809 0.579988 0.652581 0.995104 0.902849 0.997183 0.851997 0.818410 0.783451 0.913316 0.811164 0.809049 0.787196 0.916412 0.993463
0.479924 0.493912 0.969737 0.914793 0.820754 0.853227 0.566369 0.630659 0.897247 0.541339 0.541398 0.558277 0.611275 0.626903 0.892640 0.951266 0.503225 0.395651 0.376305 0.000000 0.838098 0.986049 0.880133 0.785152 0.634383 0.689936 0.668704 0.735192 0.610840 0.545102 0.888667 0.965831 0.577423 0.522824 0.854400 0.994280 0.995399 0.951376 0.962482 0.865657 0.865813 0.963254 0.824661 0.672215 0.653883 0.592464 0.626154 0.718131 0.628784 0.703848 0.751719 0.939750 0.876683 0.777021 0.679820 0.743113 0.493189 0.487428 0.564713 0.645940 0.572334 0.692112 0.549325 0.506598 0.697355 0.976552 0.804476 0.773243 0.641226 0.674461 0.916261 0.878545 0.765131 0.972226 0.909775 0.828806 0.959215 0.804296 0.682436 0.609685 0.479774 0.434230 0.797394 0.521944 0.698787 0.951123 0.922060 0.827183 0.845953 0.939234 0.832935 0.965885 0.976046 0.867455 0.997736 0.976573 0.922078 0.934493 0.690998 0.749412 0.914691 0.865663 0.696768 0.667595 0.982348 0.858608 0.991056 0.851686 0.853261 0.772536 0.906026 0.786588 0.950467 0.860745 0.992586 0.974933
0.725585 0.830260 0.917610 0.889742 0.869988 0.828461 0.842413 0.859695 0.740699 0.814237 0.793995 0.678701 0.729335 0.816576 0.909158 0.813179 0.809033 0.775687 0.679408 0.838098 0.000000 0.941849 0.939487 0.991603 0.789665 0.794045 0.942535 0.970817 0.899289 0.837963 0.909540 0.920972 0.904491 0.844469 0.941784 0.998620 0.934584 0.966837 0.718855 0.990250 0.986655 0.985794 0.973259 0.875185 0.804949 0.818735 0.987578 0.750286 0.826100 0.896372 0.892087 0.912966 0.911693 0.986797 0.831061 0.935722 0.873926 0.852468 0.887395 0.830388 0.807889 0.784935 0.870531 0.809666 0.891129 0.965064 0.955481 0.963827 0.815887 0.753864 0.919511 0.942380 0.950832 0.954468 0.901358 0.950621 0.960177 0.982234 0.956779 0.837135 0.802797 0.782266 0.779508 0.776418 0.755764 0.996970 0.932388 0.846806 0.791491 0.816723 0.809879 0.894587 0.932342 0.965553 0.970011 0.992543 0.977808 0.838648 0.864384 0.807897 0.963220 0.804913 0.805192 0.877223 0.945829 0.873565 0.941565 0.938370 0.899602 0.895177 0.939305 0.937336 0.896147 0.800158 0.819355 0.885750
0.836073 0.802606 0.920724 0.878654 0.959866 0.956714 0.901850 0.939570 0.956964 0.999316 0.866798 0.853429 0.906058 0.908926 0.890237 0.975859 0.797499 0.892737 0.946572 0.986049 0.941849 0.000000 0.925771 0.848187 0.967159 0.997975 0.990268 0.997815 0.838362 0.884402 0.990082 0.996650 0.803851 0.877763 0.908427 0.819057 0.936155 0.963971 0.842118 0.841562 0.959292 0.848812 0.955388 0.927796 0.989584 0.965301 0.793649 0.854253 0.891759 0.979043 0.996143 0.940155 0.956606 0.918582 0.926374 0.900422 0.774772 0.847821 0.911280 0.866080 0.896078 0.879607 0.892866 0.876244 0.993257 0.979726 0.952723 0.955203 0.920701 0.894619 0.840689 0.999682 0.945864 0.999066 0.950928 0.921329 0.975801 0.982228 0.958420 0.924814 0.909877 0.877975 0.883986 0.860715 0.929304 0.972481 0.927908 0.851432 0.858564 0.883573 0.886599 0.800117 0.862212 0.848163 0.938451 0.979353 0.788289 0.853683 0.993060 0.982640 0.912523 0.896220 0.969631 0.992392 0.959052 0.999048 0.911770 0.967580 0.962556 0.874034 0.969020 0.915653 0.956724 0.984141 0.943928 0.936158
0.875976 0.952401 0.914806 0.824154 0.756503 0.704367 0.862269 0.990897 0.704499 0.944696 0.820457 0.985935 0.940352 0.847130 0.596954 0.449609 0.768906 0.787982 0.875377 0.880133 0.939487 0.925771 0.000000 0.525348 0.905730 0.913523 0.627318 0.871804 0.939273 0.980793 0.868957 0.865909 0.997259 0.833468 0.969384 0.956461 0.995018 0.910132 0.893322 0.915610 0.850162 0.963152 0.853669 0.914421 0.773775 0.836782 0.891713 0.958268 0.771657 0.809979 0.817446 0.675376 0.559706 0.649495 0.885795 0.995760 0.707891 0.862150 0.680110 0.878188 0.926398 0.851591 0.748023 0.865836 0.756254 0.923935 0.974580 0.905704 0.964638 0.832287 0.571029 0.638982 0.797875 0.825686 0.933721 0.884007 0.862349 0.745188 0.715944 0.851645 0.841379 0.739953 0.638338 0.870239 0.698921 0.647724 0.878650 0.725503 0.747004 0.662738 0.775964 0.671116 0.732151 0.680200 0.855883 0.963486 0.967098 0.939403 0.869661 0.795331 0.920876 0.985137 0.948970 0.856942 0.997221 0.958954 0.907865 0.918042 0.951151 0.686429 0.962681 0.824666 0.921472 0.962720 0.897860 0.988494
0.723047 0.909919 0.925905 0.626623 0.948775 0.829684 0.680337 0.852325 0.848643 0.737842 0.611078 0.744253 0.701041 0.788862 0.969473 0.704806 0.713445 0.691930 0.703077 0.785152 0.991603 0.848187 0.525348 0.000000 0.668741 0.734626 0.548715 0.884462 0.715463 0.757602 0.958361 0.866663 0.743544 0.743666 0.825633 0.861058 0.836691 0.800709 0.951049 0.941763 0.818838 0.913614 0.895789 0.833559 0.897047 0.850938 0.805003 0.761280 0.902299 0.903302 0.947423 0.751037 0.660436 0.656252 0.921123 0.991638 0.772759 0.848530 0.712074 0.975106 0.663744 0.879182 0.613578 0.710494 0.590707 0.696427 0.808875 0.958015 0.983682 0.827241 0.737402 0.675557 0.844381 0.787436 0.743473 0.911101 0.960839 0.851524 0.807353 0.972873 0.737292 0.708151 0.883992 0.813976 0.969017 0.572382 0.878402 0.742883 0.877212 0.725396 0.830336 0.736600 0.759490 0.619896 0.833166 0.994703 0.869772 0.921271 0.912342 0.935172 0.794494 0.951653 0.855279 0.839639 0.952078 0.881626 0.748864 0.997213 0.985915 0.759208 0.929934 0.972478 0.877932 0.966001 0.919941 0.958078
0.547366 0.771752 0.635501 0.503895 0.584814 0.913733 0.585041 0.782410 0.875852 0.567989 0.459662 0.463059 0.444029 0.486974 0.661224 0.872782 0.552634 0.507372 0.536568 0.634383 0.789665 0.967159 0.905730 0.668741 0.000000 0.460173 0.598625 0.866217 0.613957 0.567145 0.764418 0.913221 0.634291 0.699658 0.668452 0.927242 0.779013 0.702732 0.875312 0.967967 0.754579 0.851040 0.906156 0.759246 0.513038 0.537143 0.855543 0.734574 0.590779 0.916051 0.915131 0.905990 0.912070 0.746533 0.888248 0.957188 0.778548 0.748107 0.800267 0.930119 0.499556 0.660319 0.565693 0.525196 0.453964 0.694714 0.842413 0.930480 0.954658 0.867874 0.893191 0.767878 0.722577 0.908859 0.819915 0.963790 0.929085 0.895777 0.823740 0.703575 0.497159 0.573623 0.701530 0.591328 0.654664 0.801600 0.939867 0.987904 0.824478 0.967499 0.770496 0.912163 0.936539 0.867117 0.919223 0.961522 0.962771 0.930830 0.558510 0.735649 0.650874 0.729083 0.577160 0.738782 0.925620 0.888397 0.949960 0.959054 0.810067 0.895973 0.763295 0.750770 0.798028 0.796791 0.954776 0.945835
0.573440 0.741114 0.721736 0.607276 0.626047 0.969561 0.727746 0.859329 0.984843 0.789476 0.541813 0.588389 0.534786 0.640470 0.813441 0.956247 0.600891 0.589395 0.577106 0.689936 0.794045 0.997975 0.913523 0.734626 0.460173 0.000000 0.740598 0.942864 0.815640 0.700068 0.665512 0.830318 0.782402 0.837239 0.699804 0.863997 0.851930 0.785425 0.905443 0.911735 0.860373 0.914852 0.974048 0.897366 0.762707 0.774178 0.980688 0.903492 0.765439 0.961625 0.956980 0.972981 0.911802 0.817446 0.937628 0.887838 0.769653 0.675613 0.779116 0.942673 0.671762 0.866165 0.643402 0.644143 0.524871 0.531877 0.810462 0.835182 0.893867 0.920852 0.886435 0.758445 0.680675 0.804724 0.910595 0.930740 0.872279 0.914395 0.893376 0.872460 0.683194 0.662397 0.747833 0.634244 0.756816 0.778282 0.988534 0.929161 0.780641 0.922945 0.935556 0.914019 0.923015 0.900012 0.748334 0.901469 0.944803 0.992970 0.749679 0.815867 0.882089 0.830385 0.734080 0.758039 0.842149 0.904450 0.930696 0.952871 0.954768 0.962107 0.995954 0.874636 0.981422 0.968776 0.867628 0.968513
0.714352 0.836982 0.997391 0.739394 0.907416 0.981779 0.553695 0.704728 0.905244 0.658197 0.574512 0.718843 0.677461 0.725604 0.922214 0.834319 0.610418 0.587868 0.605730 0.668704 0.942535 0.990268 0.627318 0.548715 0.598625 0.740598 0.000000 0.910419 0.675736 0.656528 0.911372 0.989658 0.706584 0.608434 0.856498 0.787614 0.838021 0.717096 0.985446 0.997188 0.851634 0.917070 0.865974 0.759395 0.747354 0.721295 0.651498 0.808655 0.799795 0.959559 0.978821 0.790551 0.689489 0.662169 0.875235 0.975675 0.786597 0.844688 0.678042 0.891602 0.577292 0.781918 0.585115 0.627191 0.662409 0.884486 0.938852 0.790862 0.888047 0.925057 0.782585 0.734079 0.822919 0.976635 0.849582 0.973805 0.977603 0.835373 0.774013 0.785394 0.579665 0.598530 0.929104 0.767036 0.933396 0.772914 0.975424 0.903482 0.928317 0.760760 0.999775 0.869232 0.894761 0.673816 0.994561 0.951252 0.978779 0.998616 0.789584 0.938794 0.822027 0.958887 0.747428 0.876615 0.949429 0.860694 0.889946 0.985612 0.907810 0.786413 0.935902 0.995817 0.817103 0.897899 0.883321 0.994121
0.824834 0.807764 0.975888 0.983893 0.839046 0.870449 0.945327 0.848311 0.975204 0.827293 0.948062 0.949072 0.957418 0.885225 0.881466 0.827194 0.956318 0.822698 0.740885 0.735192 0.970817 0.997815 0.871804 0.884462 0.866217 0.942864 0.910419 0.000000 0.968142 0.939134 0.907219 0.991751 0.911427 0.894078 0.868201 0.871618 0.981640 0.907695 0.904051 0.937910 0.917654 0.811534 0.864653 0.855448 0.940666 0.860583 0.909624 0.877455 0.912247 0.875358 0.880453 0.885813 0.971974 0.987269 0.803584 0.896320 0.786633 0.773336 0.796632 0.742277 0.959271 0.923690 0.909690 0.936682 0.837209 0.990348 0.929066 0.886974 0.857329 0.754335 0.963221 0.863905 0.926944 0.962089 0.973408 0.827231 0.907073 0.784934 0.888783 0.972062 0.936605 0.918835 0.988710 0.827764 0.909872 0.743501 0.885543 0.988175 0.906008 0.945469 0.939492 0.909077 0.941585 0.984704 0.994951 0.958433 0.911894 0.878886 0.813929 0.878156 0.968956 0.816253 0.835974 0.849362 0.961483 0.994499 0.817118 0.854788 0.930202 0.981415 0.880822 0.979779 0.961842 0.820924 0.829963 0.936470
0.665235 0.739024 0.935092 0.796540 0.694729 0.719361 0.433511 0.540217 0.726597 0.451102 0.491032 0.475079 0.445747 0.554110 0.557624 0.886633 0.514251 0.541617 0.541397 0.610840 0.899289 0.838362 0.939273 0.715463 0.613957 0.815640 0.675736 0.968142 0.000000 0.395490 0.760250 0.815014 0.455181 0.440085 0.934043 0.972334 0.988988 0.809996 0.877089 0.925553 0.882150 0.950063 0.640906 0.553922 0.533536 0.429163 0.574231 0.551350 0.584460 0.816583 0.721946 0.927950 0.962094 0.820606 0.833637 0.766440 0.729875 0.777797 0.642237 0.843152 0.416207 0.515762 0.422021 0.417126 0.611975 0.974615 0.839852 0.776303 0.910016 0.820085 0.999035 0.914290 0.982993 0.969433 0.917429 0.866349 0.728504 0.984455 0.605797 0.586909 0.410645 0.525320 0.750993 0.677229 0.674841 0.991705 0.974982 0.912207 0.961316 0.778567 0.860124 0.810683 0.921520 0.687403 0.940396 0.989728 0.757710 0.970095 0.675762 0.749059 0.572371 0.828145 0.645757 0.704206 0.869655 0.962707 0.953810 0.883793 0.692846 0.776322 0.853033 0.744521 0.818351 0.779422 0.987857 0.997666
0.596522 0.663060 0.960828 0.818441 0.650138 0.753281 0.417653 0.545748 0.658824 0.444073 0.443102 0.442466 0.378989 0.495466 0.533912 0.750726 0.468002 0.450544 0.514524 0.545102 0.837963 0.884402 0.980793 0.757602 0.567145 0.700068 0.656528 0.939134 0.395490 0.000000 0.904008 0.813344 0.405912 0.398455 0.868507 0.876235 0.938711 0.843239 0.897910 0.963223 0.905760 0.972027 0.690214 0.606204 0.568908 0.465107 0.642000 0.624433 0.588496 0.891639 0.741478 0.916424 0.890913 0.715863 0.795132 0.726699 0.670306 0.695762 0.608237 0.810507 0.376292 0.531290 0.396233 0.347553 0.644822 0.946433 0.888993 0.758191 0.841984 0.741957 0.964506 0.868703 0.993109 0.869585 0.978152 0.966500 0.849692 0.985237 0.658739 0.588930 0.421258 0.528208 0.589085 0.569119 0.604279 0.949350 0.949183 0.861851 0.906859 0.851902 0.945436 0.812093 0.861573 0.688593 0.968247 0.929458 0.798470 0.992152 0.681531 0.756605 0.671808 0.985738 0.595797 0.852134 0.907487 0.911846 0.985209 0.963337 0.802653 0.711727 0.892690 0.797610 0.833965 0.777514 0.998912 0.940755
0.749352 0.838066 0.696164 0.757100 0.902298 0.827582 0.855073 0.763731 0.788276 0.801183 0.881353 0.977531 0.958757 0.990771 0.836026 0.899697 0.906090 0.797529 0.916894 0.888667 0.909540 0.990082 0.868957 0.958361 0.764418 0.665512 0.911372 0.907219 0.760250 0.904008 0.000000 0.675877 0.812737 0.892932 0.827860 0.978732 0.797132 0.933011 0.844669 0.899683 0.941761 0.996129 0.719869 0.782852 0.911617 0.873360 0.849255 0.888398 0.974657 0.988974 0.901108 0.996278 0.909240 0.950871 0.975824 0.925366 0.857598 0.744593 0.981531 0.912063 0.892755 0.760978 0.961585 0.911975 0.898821 0.766351 0.802420 0.801373 0.847264 0.990139 0.804337 0.741421 0.772997 0.963010 0.978122 0.925799 0.648000 0.792263 0.945084 0.909011 0.996929 0.848951 0.976721 0.728756 0.971274 0.894046 0.818023 0.851580 0.851293 0.859261 0.939435 0.752019 0.938594 0.840034 0.995303 0.885188 0.998263 0.948487 0.961066 0.887299 0.906867 0.911716 0.982846 0.977879 0.790299 0.763879 0.952795 0.874209 0.902617 0.949994 0.950127 0.972704 0.906578 0.865875 0.997714 0.917992
0.820821 0.831950 0.705390 0.734502 0.927103 0.953694 0.837412 0.836819 0.927464 0.936719 0.995214 0.956356 0.975830 0.973332 0.907350 0.876471 0.983526 0.974556 0.941954 0.965831 0.920972 0.996650 0.865909 0.866663 0.913221 0.830318 0.989658 0.991751 0.815014 0.813344 0.675877 0.000000 0.792492 0.834287 0.932580 0.842034 0.747890 0.962882 0.941259 0.807443 0.952966 0.946472 0.850883 0.860582 0.937928 0.896519 0.879983 0.858591 0.897036 0.907956 0.968587 0.847855 0.926095 0.878484 0.891850 0.998164 0.911972 0.781881 0.996377 0.923687 0.910733 0.953621 0.931821 0.942710 0.833335 0.667779 0.711521 0.691807 0.871308 0.963045 0.875036 0.866178 0.622897 0.818541 0.895508 0.998344 0.913301 0.862807 0.820551 0.853482 0.953974 0.958678 0.860384 0.990922 0.945923 0.774070 0.997792 0.832628 0.899754 0.892216 0.940527 0.800712 0.924783 0.855862 0.944390 0.883507 0.999896 0.987366 0.939241 0.951238 0.936813 0.806798 0.835474 0.912844 0.852544 0.866262 0.849248 0.904024 0.930179 0.894719 0.981659 0.938596 0.916953 0.933193 0.789184 0.979460
0.602049 0.723922 0.867542 0.985500 0.823349 0.718940 0.374134 0.389029 0.703566 0.386079 0.451386 0.459339 0.431551 0.571955 0.629426 0.926720 0.512817 0.559755 0.515086 0.577423 0.904491 0.803851 0.997259 0.743544 0.634291 0.782402 0.706584 0.911427 0.455181 0.405912 0.812737 0.792492 0.000000 0.440002 0.979257 0.934619 0.981816 0.884858 0.966158 0.941205 0.791925 0.962408 0.638959 0.520939 0.534759 0.451783 0.563842 0.574174 0.586925 0.849448 0.734770 0.960462 0.934362 0.726832 0.760621 0.817397 0.655464 0.707834 0.519394 0.738829 0.353250 0.497115 0.427760 0.379396 0.711056 0.915973 0.809388 0.636418 0.837166 0.664935 0.957933 0.883571 0.949803 0.972869 0.985107 0.945174 0.692850 0.954007 0.770998 0.603629 0.432469 0.563557 0.769683 0.659932 0.686928 0.998570 0.982089 0.970218 0.866127 0.845374 0.932360 0.866831 0.909885 0.687832 0.958051 0.919457 0.787058 0.994388 0.659787 0.767258 0.715872 0.988500 0.682777 0.685282 0.886822 0.931100 0.946561 0.962706 0.846940 0.798569 0.810719 0.821767 0.872730 0.916049 0.992505 0.940708
0.624622 0.699883 0.751434 0.980028 0.861062 0.712778 0.372651 0.452316 0.742069 0.450048 0.475355 0.523016 0.541141 0.639185 0.731653 0.979305 0.474956 0.526041 0.493464 0.522824 0.844469 0.877763 0.833468 0.743666 0.699658 0.837239 0.608434 0.894078 0.440085 0.398455 0.892932 0.834287 0.440002 0.000000 0.901633 0.869561 0.919341 0.904997 0.843477 0.974533 0.817925 0.995969 0.686755 0.523954 0.632179 0.510456 0.514991 0.603955 0.661539 0.832167 0.685590 0.952570 0.906428 0.769337 0.741959 0.765375 0.639212 0.716151 0.491829 0.697404 0.389846 0.568394 0.385917 0.391657 0.746494 0.874869 0.746929 0.584059 0.888554 0.743642 0.983425 0.898667 0.888560 0.947134 0.917762 0.947296 0.755183 0.901722 0.643802 0.617509 0.441663 0.457216 0.818726 0.588962 0.709212 0.904029 0.873641 0.993628 0.997377 0.790326 0.915359 0.836798 0.859884 0.621207 0.960581 0.980229 0.860124 0.937623 0.742790 0.825974 0.718368 0.949943 0.704817 0.804808 0.837820 0.964245 0.899012 0.826711 0.768393 0.686299 0.895031 0.887521 0.919499 0.830832 0.922687 0.984356
0.802446 0.913452 0.763192 0.777084 0.892685 0.894889 0.903566 0.977635 0.962511 0.880378 0.849931 0.842255 0.808713 0.765719 0.919612 0.956199 0.907860 0.799310 0.860185 0.854400 0.941784 0.908427 0.969384 0.825633 0.668452 0.699804 0.856498 0.868201 0.934043 0.868507 0.827860 0.932580 0.979257 0.901633 0.000000 0.926617 0.815415 0.959416 0.798342 0.970066 0.825578 0.732773 0.969462 0.908173 0.881180 0.888933 0.998837 0.843419 0.853946 0.984573 0.912046 0.945145 0.973469 0.943948 0.812271 0.970224 0.956413 0.932832 0.982647 0.943896 0.898792 0.961404 0.877226 0.886511 0.747278 0.711576 0.778936 0.863608 0.971768 0.980876 0.997115 0.826032 0.824596 0.957825 0.841692 0.909012 0.794700 0.958590 0.895184 0.830664 0.905359 0.888675 0.929622 0.883418 0.827766 0.849512 0.936000 0.990367 0.873891 0.904330 0.934063 0.934726 0.996548 0.979149 0.923208 0.974787 0.918065 0.883552 0.840706 0.734377 0.923765 0.951533 0.832729 0.950847 0.999498 0.967490 0.904156 0.983480 0.903474 0.890096 0.745558 0.912750 0.995687 0.990019 0.975287 0.945989
0.923927 0.888795 0.962694 0.918320 0.961060 0.847341 0.891758 0.993562 0.950922 0.926086 0.881839 0.993372 0.881919 0.920012 0.888900 0.955498 0.933366 0.970817 0.956530 0.994280 0.998620 0.819057 0.956461 0.861058 0.927242 0.863997 0.787614 0.871618 0.972334 0.876235 0.978732 0.842034 0.934619 0.869561 0.926617 0.000000 0.855648 0.831407 0.931292 0.940296 0.863313 0.927276 0.949629 0.936421 0.964002 0.904688 0.973218 0.943187 0.972512 0.934568 0.937388 0.867082 0.861594 0.911452 0.800737 0.896125 0.839100 0.847931 0.925133 0.813395 0.872434 0.969786 0.929972 0.965492 0.973957 0.882225 0.867362 0.990894 0.922213 0.759096 0.911575 0.902652 0.990281 0.980206 0.864117 0.938223 0.990260 0.927770 0.968136 0.830470 0.970572 0.895272 0.945621 0.927675 0.923923 0.982899 0.827534 0.962138 0.922973 0.930074 0.930808 0.902007 0.893862 0.809664 0.866882 0.955717 0.964392 0.886857 0.949016 0.923142 0.950778 0.906494 0.999588 0.883528 0.796280 0.971310 0.875516 0.895438 0.978256 0.928935 0.789984 0.968900 0.969712 0.857482 0.920078 0.973356
0.862510 0.960464 0.777956 0.841875 0.922356 0.993887 0.938789 0.990398 0.995807 0.845361 0.894546 0.899117 0.912807 0.840722 0.961618 0.984977 0.956646 0.927215 0.862920 0.995399 0.934584 0.936155 0.995018 0.836691 0.779013 0.851930 0.838021 0.981640 0.988988 0.938711 0.797132 0.747890 0.981816 0.919341 0.815415 0.855648 0.000000 0.899601 0.851843 0.980381 0.902926 0.751936 0.881873 0.864093 0.779550 0.817225 0.984217 0.952280 0.798089 0.872986 0.925134 0.864672 0.995010 0.869210 0.885129 0.958142 0.916877 0.960037 0.966580 0.983105 0.926665 0.891585 0.977613 0.952173 0.753965 0.787050 0.916219 0.950491 0.912814 0.946958 0.938693 0.962728 0.946337 0.982467 0.972638 0.997134 0.955530 0.902826 0.936450 0.892168 0.964495 0.928433 0.935459 0.977487 0.988709 0.837634 0.997598 0.866032 0.934421 0.933368 0.809153 0.846835 0.840274 0.996005 0.973497 0.996823 0.954407 0.994644 0.779853 0.970457 0.873908 0.915182 0.950790 0.949704 0.902929 0.948189 0.989843 0.914262 0.930611 0.826085 0.940194 0.860103 0.694976 0.832160 0.981854 0.935596
0.850615 0.933084 0.920794 0.686282 0.818712 0.981588 0.729068 0.935660 0.889499 0.854717 0.720431 0.845641 0.730777 0.811433 0.784828 0.920067 0.755719 0.812410 0.902662 0.951376 0.966837 0.963971 0.910132 0.800709 0.702732 0.785425 0.717096 0.907695 0.809996 0.843239 0.933011 0.962882 0.884858 0.904997 0.959416 0.831407 0.899601 0.000000 0.996700 0.962110 0.899410 0.998193 0.944957 0.913808 0.851258 0.856548 0.904092 0.916076 0.918625 0.883580 0.873571 0.732983 0.843521 0.803377 0.962004 0.807795 0.985179 0.990740 0.973661 0.865006 0.706143 0.900228 0.718971 0.778892 0.876332 0.918602 0.966938 0.977877 0.878293 0.867228 0.854583 0.954369 0.973389 0.952912 0.802791 0.944346 0.880366 0.939157 0.841595 0.979694 0.716451 0.832750 0.955881 0.933779 0.782880 0.994549 0.959030 0.925209 0.820387 0.877853 0.902086 0.976494 0.985585 0.900517 0.969559 0.867594 0.898362 0.914011 0.821479 0.861777 0.903605 0.888902 0.854012 0.928804 0.973967 0.953375 0.954732 0.995903 0.829262 0.945795 0.932959 0.982068 0.819252 0.998893 0.897388 0.995106
