0.000000 0.225754 0.590777 0.561444 0.893821 0.782324 0.503385 0.552623 0.944425 0.525622 0.426341 0.398340 0.333960 0.313785 0.588379 0.573089 0.335509 0.234623 0.298262 0.249243 0.666863 0.970229 0.714541 0.534807 0.606059 0.750262 0.747554 0.798998 0.708567 0.640568 0.897748 0.908643 0.467333 0.413616 0.665105 0.753455 0.605235 0.541527 0.648697 0.615842 0.702130 0.806150 0.618103 0.551570 0.872183 0.803825 0.470173 0.560118 0.890135 0.695533 0.918054 0.727708 0.838766 0.561376 0.413703 0.579398 0.231177 0.240533 0.331763 0.390538 0.502472 0.838308 0.462133 0.469716 0.569926 0.510203 0.501312 0.617116 0.302858 0.373241 0.750745 0.877516 0.913626 0.912450 0.830411 0.837198 0.750440 0.989831 0.630878 0.448545 0.253027 0.211546 0.530759 0.339212 0.359592 0.384564 0.573205 0.606988 0.505325 0.399263 0.822329 0.837221 0.692476 0.745664 0.777658 0.990331 0.607588 0.913351 0.764662 0.793650 0.682655 0.845143 0.805221 0.743721 0.764831 0.789882 0.957276 0.856214 0.919050 0.827936 0.984850 0.878066 0.944623 0.908037 0.907256 0.884168
0.225754 0.000000 0.492217 0.440198 0.832244 0.773711 0.454010 0.484632 0.972769 0.582612 0.535801 0.409771 0.314978 0.313862 0.503736 0.475275 0.325174 0.247633 0.289891 0.231668 0.639596 0.910936 0.572622 0.458078 0.541756 0.693695 0.695126 0.814484 0.668723 0.602477 0.986791 0.817610 0.419972 0.418986 0.630160 0.841404 0.593378 0.510246 0.592291 0.602686 0.696615 0.764864 0.477788 0.460318 0.780679 0.731507 0.385219 0.460021 0.825006 0.619201 0.803678 0.622598 0.926118 0.603949 0.417983 0.600361 0.203938 0.176815 0.295997 0.312404 0.433874 0.716411 0.439649 0.419110 0.498909 0.432645 0.420998 0.492277 0.348328 0.394449 0.684556 0.744877 0.991802 0.822125 0.884445 0.991506 0.699478 0.874543 0.497351 0.487659 0.266409 0.237065 0.464215 0.384484 0.302311 0.321651 0.580642 0.522659 0.471367 0.337779 0.789304 0.823436 0.609574 0.749776 0.669890 0.987704 0.600697 0.918958 0.718767 0.755759 0.687675 0.892375 0.765812 0.771155 0.666012 0.658632 0.976077 0.974768 0.851380 0.799483 0.886421 0.813021 0.910213 0.865033 0.707598 0.924146
0.590777 0.492217 0.000000 0.235372 0.647865 0.770361 0.288244 0.343970 0.646793 0.757318 0.936777 0.605458 0.409155 0.610101 0.499275 0.557769 0.726228 0.718457 0.582658 0.483850 0.657725 0.994325 0.332997 0.332047 0.312113 0.356773 0.636381 0.783527 0.975886 0.996040 0.645458 0.902976 0.447118 0.569153 0.510519 0.767811 0.368746 0.388440 0.574592 0.631252 0.751584 0.696324 0.715482 0.744701 0.798969 0.910998 0.683333 0.742268 0.908190 0.927019 0.974601 0.857292 0.933158 0.766279 0.450549 0.697192 0.617141 0.560183 0.596385 0.613079 0.294028 0.383558 0.837243 0.689062 0.212077 0.239872 0.348410 0.398980 0.488681 0.611767 0.509485 0.465023 0.740202 0.787818 0.891525 0.835596 0.756983 0.755346 0.722676 0.861631 0.686798 0.620621 0.757740 0.692655 0.310928 0.310411 0.686810 0.711494 0.526213 0.430048 0.830625 0.980597 0.691067 0.792519 0.758502 0.945490 0.641360 0.900789 0.934582 0.880385 0.824636 0.993273 0.939982 0.850567 0.593995 0.690163 0.885090 0.957988 0.787180 0.832289 0.883012 0.851677 0.978134 0.899193 0.806626 0.818540
0.561444 0.440198 0.235372 0.000000 0.634302 0.721748 0.309348 0.302243 0.732502 0.744737 0.934878 0.508306 0.387020 0.528065 0.453883 0.511682 0.707022 0.607034 0.480271 0.388005 0.679556 0.987375 0.294685 0.267299 0.345226 0.469742 0.525270 0.854589 0.889658 0.933449 0.748394 0.809798 0.472545 0.552660 0.515594 0.748889 0.436266 0.396020 0.551049 0.651837 0.757374 0.669647 0.657094 0.705179 0.798796 0.883124 0.675232 0.654469 0.956924 0.892353 0.979976 0.861118 0.906870 0.712982 0.445792 0.648007 0.563823 0.493710 0.585021 0.572938 0.361748 0.467749 0.798235 0.642680 0.231705 0.275143 0.315629 0.378670 0.520124 0.644813 0.466095 0.435820 0.802555 0.797377 0.916396 0.834602 0.690935 0.706792 0.643413 0.750179 0.596213 0.550753 0.737328 0.631383 0.277337 0.298963 0.616465 0.647507 0.512372 0.398496 0.726851 0.887669 0.566000 0.691025 0.726751 0.844566 0.591168 0.899580 0.835469 0.768863 0.824287 0.975928 0.916391 0.903690 0.499167 0.549080 0.879246 0.868917 0.789288 0.743418 0.878939 0.775128 0.959080 0.919593 0.804585 0.817090
0.893821 0.832244 0.647865 0.634302 0.000000 0.900696 0.674688 0.674753 0.796502 0.972473 0.936845 0.816352 0.707996 0.929446 0.747380 0.787807 0.939098 0.914998 0.851452 0.785726 0.839863 0.843962 0.567838 0.617804 0.590182 0.614799 0.692208 0.925942 0.979770 0.960713 0.709402 0.914521 0.769877 0.769662 0.813433 0.852911 0.656967 0.786122 0.872052 0.836163 0.846157 0.993823 0.830974 0.905922 0.968543 0.979788 0.945756 0.854317 0.906163 0.939929 0.900493 0.939626 0.989695 0.832035 0.833150 0.933699 0.857369 0.832072 0.926575 0.887991 0.686154 0.687041 0.931594 0.827994 0.618603 0.641929 0.709385 0.676281 0.705055 0.740824 0.757549 0.696868 0.740287 0.910621 0.966484 0.886456 0.964348 0.901050 0.979869 0.872020 0.864434 0.898734 0.827676 0.935322 0.690093 0.681554 0.844881 0.772025 0.914429 0.756175 0.929750 0.970513 0.754399 0.950375 0.861171 0.972670 0.861732 0.944039 0.889126 0.928318 0.959896 0.983001 0.937797 0.994106 0.839482 0.735958 0.984908 0.890299 0.890533 0.861053 0.940566 0.995790 0.970609 0.785248 0.940061 0.872909
0.782324 0.773711 0.770361 0.721748 0.900696 0.000000 0.670998 0.699138 0.984961 0.976971 0.688417 0.705913 0.880489 0.842899 0.837419 0.864183 0.870342 0.725513 0.710590 0.782114 0.695809 0.923603 0.843180 0.790202 0.934349 0.901406 0.913095 0.913340 0.781193 0.750274 0.931785 0.857972 0.771788 0.701051 0.807145 0.626494 0.967958 0.905081 0.900082 0.857456 0.852409 0.832468 0.793925 0.858497 0.820646 0.912252 0.901136 0.947295 0.949553 0.893340 0.870868 0.850359 0.881043 0.683287 0.812168 0.875080 0.791015 0.824960 0.829616 0.827026 0.789463 0.855635 0.889525 0.906177 0.773553 0.720625 0.630443 0.696154 0.831020 0.946832 0.735753 0.921689 0.918332 0.940230 0.806199 0.985211 0.921438 0.947251 0.903508 0.930976 0.772996 0.745086 0.973112 0.852972 0.769179 0.760603 0.782292 0.936868 0.893935 0.857319 0.744261 0.838743 0.662590 0.753413 0.807345 0.981293 0.609459 0.760519 0.683626 0.708214 0.970205 0.880587 0.971644 0.986151 0.737008 0.649600 0.996482 0.844124 0.990484 0.706599 0.916095 0.828447 0.783360 0.995770 0.969424 0.810782
0.503385 0.454010 0.288244 0.309348 0.674688 0.670998 0.000000 0.209675 0.646912 0.890939 0.763676 0.593560 0.387446 0.523336 0.414333 0.551760 0.569883 0.558852 0.426620 0.434308 0.792485 0.953836 0.415180 0.431780 0.499230 0.506848 0.741408 0.886366 0.778873 0.891191 0.710295 0.709371 0.326132 0.386233 0.493444 0.779625 0.444505 0.513656 0.627273 0.765781 0.750541 0.694169 0.455094 0.478995 0.573941 0.637525 0.510980 0.513331 0.847486 0.733343 0.849896 0.680254 0.840242 0.892904 0.387551 0.494744 0.505356 0.456431 0.455816 0.542891 0.286598 0.455922 0.624624 0.529076 0.312966 0.324564 0.252941 0.296621 0.549748 0.628409 0.396465 0.518790 0.811193 0.761523 0.985422 0.817780 0.589211 0.700371 0.582353 0.732172 0.517716 0.498474 0.621812 0.541637 0.305972 0.371861 0.630220 0.627833 0.558530 0.474716 0.622864 0.781375 0.550740 0.668886 0.670147 0.845834 0.450107 0.806069 0.637612 0.566088 0.933737 0.755320 0.906531 0.956783 0.448053 0.578956 0.820085 0.824651 0.700984 0.704051 0.819358 0.679584 0.793237 0.918103 0.781922 0.868477
0.552623 0.484632 0.343970 0.302243 0.674753 0.699138 0.209675 0.000000 0.696909 0.902826 0.801168 0.566130 0.475959 0.535200 0.510285 0.594433 0.664286 0.594543 0.496704 0.444067 0.780959 0.875285 0.507030 0.465530 0.549807 0.536894 0.732911 0.943860 0.888083 0.938290 0.865998 0.760391 0.441170 0.443607 0.512585 0.746297 0.478523 0.518957 0.685963 0.735471 0.775032 0.656941 0.563762 0.577474 0.641872 0.704738 0.551738 0.577582 0.871435 0.791689 0.889812 0.742239 0.862422 0.879463 0.347510 0.510528 0.560189 0.486171 0.522073 0.605893 0.370540 0.455260 0.729934 0.594609 0.387368 0.351172 0.313169 0.332336 0.606765 0.651436 0.473027 0.531276 0.872000 0.819823 0.969037 0.812502 0.658251 0.783974 0.651697 0.775026 0.543502 0.506244 0.648018 0.546710 0.381810 0.426256 0.619484 0.597431 0.620946 0.486585 0.538999 0.780452 0.498074 0.650128 0.731036 0.827235 0.504758 0.820553 0.617425 0.552079 0.982522 0.772296 0.818567 0.988314 0.494261 0.638776 0.876618 0.820480 0.727757 0.807245 0.859112 0.709525 0.894998 0.962954 0.814934 0.945226
0.944425 0.972769 0.646793 0.732502 0.796502 0.984961 0.646912 0.696909 0.000000 0.798012 0.833373 0.888283 0.898993 0.923466 0.848813 0.959780 0.939841 0.877024 0.973526 0.982843 0.990137 0.936374 0.730216 0.818224 0.686223 0.542886 0.904744 0.962949 0.967874 0.879609 0.557083 0.823789 0.598953 0.824728 0.660904 0.915641 0.738297 0.801382 0.863192 0.847135 0.994057 0.706844 0.780914 0.836858 0.627433 0.771087 0.828502 0.841661 0.844380 0.796669 0.726100 0.770760 0.759935 0.798214 0.656978 0.690446 0.998287 0.989694 0.879394 0.985540 0.647471 0.672434 0.908878 0.860073 0.691080 0.786046 0.653060 0.564105 0.887679 0.964729 0.728160 0.708525 0.726427 0.794407 0.958635 0.962754 0.788146 0.807873 0.881852 0.867998 0.948583 0.888496 0.849306 0.991844 0.768229 0.812210 0.972171 0.723595 0.862951 0.792614 0.890688 0.918383 0.943122 0.990537 0.813255 0.889869 0.907312 0.864191 0.867587 0.869295 0.950417 0.993302 0.956481 0.957522 0.794801 0.783503 0.824155 0.886119 0.870854 0.944102 0.765374 0.709447 0.909914 0.954618 0.822031 0.973618
0.525622 0.582612 0.757318 0.744737 0.972473 0.976971 0.890939 0.902826 0.798012 0.000000 0.845012 0.636759 0.504740 0.542349 0.796652 0.649025 0.701177 0.632315 0.582314 0.555461 0.856160 0.994222 0.769253 0.603966 0.708395 0.879354 0.712747 0.808827 0.993925 0.896350 0.911333 0.814924 0.874268 0.907259 0.941647 0.930317 0.691135 0.885156 0.769834 0.634589 0.806253 0.943721 0.911526 0.992139 0.604469 0.666251 0.880162 0.982648 0.638513 0.875974 0.729765 0.969571 0.633309 0.553751 0.789381 0.980522 0.603896 0.582119 0.806578 0.730129 0.849576 0.955788 0.871189 0.905913 0.721578 0.686782 0.877004 0.982365 0.562350 0.662684 0.902211 0.931866 0.712141 0.817590 0.967248 0.895609 0.924642 0.912682 0.828717 0.681571 0.639246 0.537055 0.800850 0.652648 0.611238 0.607609 0.834799 0.882730 0.744350 0.623198 0.845306 0.934238 0.999354 0.947019 0.979669 0.890759 0.981612 0.823919 0.757940 0.807426 0.599108 0.912688 0.885011 0.894525 0.913172 0.959479 0.917906 0.718456 0.909047 0.992624 0.756044 0.861961 0.748861 0.974460 0.975041 0.944627
0.426341 0.535801 0.936777 0.934878 0.936845 0.688417 0.763676 0.801168 0.833373 0.845012 0.000000 0.559451 0.740353 0.630743 0.901038 0.875437 0.535295 0.387454 0.543619 0.537116 0.815791 0.894894 0.904179 0.924539 0.966307 0.907733 0.999698 0.965411 0.621729 0.466850 0.745687 0.792031 0.669845 0.500415 0.906217 0.770808 0.954526 0.895957 0.843843 0.845560 0.723791 0.908833 0.699283 0.662423 0.840841 0.810524 0.627721 0.785145 0.753209 0.801984 0.993058 0.916956 0.850105 0.691219 0.683203 0.758009 0.457621 0.545013 0.587910 0.645200 0.843565 0.879433 0.512272 0.651953 0.999587 0.886339 0.712938 0.760789 0.609910 0.621613 0.965961 0.860444 0.885744 0.919088 0.813001 0.850632 0.840269 0.915674 0.734854 0.597714 0.397850 0.439943 0.766695 0.569380 0.803514 0.815800 0.709696 0.802853 0.811943 0.790609 0.719732 0.720320 0.632255 0.714288 0.768515 0.984101 0.640325 0.778984 0.605195 0.708307 0.998731 0.759704 0.763923 0.670623 0.937624 0.905843 0.835407 0.862966 0.884216 0.832958 0.954206 0.828635 0.818843 0.928131 0.934258 0.861437
0.398340 0.409771 0.605458 0.508306 0.816352 0.705913 0.593560 0.566130 0.888283 0.636759 0.559451 0.000000 0.464758 0.410627 0.549382 0.495461 0.606979 0.361333 0.451721 0.362658 0.632417 0.889833 0.637196 0.478313 0.619524 0.834127 0.658558 0.950466 0.745917 0.633029 0.856620 0.850984 0.621555 0.511470 0.704175 0.685687 0.655879 0.555720 0.738471 0.648859 0.841090 0.857969 0.742754 0.756667 0.968323 0.973712 0.673934 0.749801 0.964378 0.974345 0.850519 0.993510 0.734826 0.470318 0.573814 0.797332 0.399166 0.412449 0.632262 0.635670 0.542792 0.666026 0.669770 0.553142 0.570147 0.477987 0.622148 0.614942 0.511895 0.545991 0.801486 0.818882 0.969968 0.878682 0.982701 0.913351 0.924874 0.961640 0.716049 0.504385 0.407793 0.377227 0.721670 0.506058 0.474755 0.430447 0.526148 0.703035 0.637813 0.472655 0.774629 0.862164 0.603225 0.855211 0.845840 0.868651 0.673127 0.845037 0.795771 0.810883 0.881981 0.942346 0.827885 0.860808 0.695138 0.711085 0.845293 0.909320 0.840598 0.838520 0.940330 0.890239 0.936623 0.924902 0.908072 0.865867
0.333960 0.314978 0.409155 0.387020 0.707996 0.880489 0.387446 0.475959 0.898993 0.504740 0.740353 0.464758 0.000000 0.309581 0.334387 0.344892 0.389684 0.401058 0.293501 0.282703 0.728599 0.923540 0.337172 0.314086 0.471396 0.655849 0.628160 0.805713 0.729491 0.744086 0.841208 0.857338 0.455144 0.513813 0.707000 0.855441 0.454639 0.538037 0.661151 0.632896 0.680840 0.869365 0.594054 0.562325 0.949446 0.916713 0.545076 0.567389 0.918380 0.790012 0.974247 0.681843 0.938845 0.730989 0.521580 0.610655 0.342267 0.307582 0.465207 0.434672 0.397580 0.624168 0.544075 0.449891 0.370714 0.378634 0.482677 0.603798 0.414102 0.480760 0.484709 0.563721 0.906380 0.854536 0.965265 0.847701 0.677300 0.765944 0.565525 0.463397 0.379008 0.335052 0.575921 0.472698 0.260770 0.322374 0.534737 0.561799 0.517609 0.398586 0.816845 0.731070 0.697829 0.722070 0.764009 0.977791 0.619179 0.997207 0.839967 0.744706 0.709072 0.880013 0.812673 0.899986 0.662822 0.681276 0.949898 0.936004 0.846527 0.820249 0.974224 0.811687 0.945264 0.948765 0.788540 0.877718
0.313785 0.313862 0.610101 0.528065 0.929446 0.842899 0.523336 0.535200 0.923466 0.542349 0.630743 0.410627 0.309581 0.000000 0.414904 0.342840 0.386209 0.318168 0.280308 0.337112 0.833518 0.827328 0.583413 0.435895 0.685197 0.819172 0.679581 0.942428 0.673078 0.613598 0.885503 0.805611 0.588709 0.515552 0.698030 0.825873 0.718779 0.597967 0.707360 0.642138 0.868817 0.906648 0.613300 0.566197 0.923304 0.818978 0.500829 0.572706 0.960136 0.769456 0.917199 0.685406 0.954995 0.647680 0.564025 0.545174 0.293061 0.312872 0.439470 0.446543 0.523121 0.749752 0.576496 0.504706 0.575936 0.513729 0.564350 0.665844 0.574301 0.579989 0.769017 0.825010 0.951852 0.908357 0.915109 0.995063 0.813883 0.900849 0.530952 0.412327 0.330021 0.295576 0.499621 0.384072 0.383445 0.413995 0.586054 0.565021 0.570006 0.479998 0.833252 0.783878 0.746398 0.761877 0.842715 0.950314 0.670308 0.839502 0.770888 0.692701 0.743395 0.853767 0.737648 0.850411 0.709038 0.743675 0.998881 0.863508 0.813902 0.809513 0.943588 0.792022 0.913181 0.865711 0.806446 0.892577
0.588379 0.503736 0.499275 0.453883 0.747380 0.837419 0.414333 0.510285 0.848813 0.796652 0.901038 0.549382 0.334387 0.414904 0.000000 0.256255 0.519494 0.528543 0.441975 0.495875 0.798950 0.888129 0.345660 0.379501 0.571647 0.741295 0.723104 0.834008 0.577943 0.705792 0.709911 0.652944 0.487683 0.511746 0.716310 0.807296 0.612489 0.589576 0.752071 0.888177 0.801769 0.812042 0.506510 0.535751 0.741679 0.741631 0.538988 0.545931 0.928691 0.809231 0.883580 0.710806 0.855550 0.830650 0.651809 0.655279 0.464501 0.464073 0.546054 0.531909 0.384515 0.513413 0.580013 0.440474 0.438853 0.459867 0.551474 0.560398 0.691519 0.672133 0.566403 0.685369 0.852134 0.728852 0.861516 0.744168 0.684418 0.615188 0.501766 0.512789 0.495775 0.518035 0.576236 0.575893 0.374125 0.429715 0.653924 0.540627 0.603706 0.523965 0.896807 0.845677 0.826161 0.873176 0.755454 0.980493 0.609125 0.898929 0.789300 0.629189 0.864461 0.892215 0.787326 0.912478 0.589567 0.628027 0.910446 0.899207 0.747324 0.860230 0.895563 0.760513 0.814706 0.873881 0.745215 0.898252
0.573089 0.475275 0.557769 0.511682 0.787807 0.864183 0.551760 0.594433 0.959780 0.649025 0.875437 0.495461 0.344892 0.342840 0.256255 0.000000 0.528863 0.502157 0.471657 0.479372 0.786786 0.846666 0.373725 0.352384 0.558821 0.771790 0.700189 0.849051 0.658429 0.709810 0.793127 0.715553 0.565159 0.569729 0.758454 0.850330 0.629645 0.650607 0.754319 0.756144 0.768586 0.927920 0.593639 0.600731 0.954476 0.892075 0.549297 0.622194 0.907992 0.960613 0.976033 0.853718 0.986643 0.663440 0.715931 0.710894 0.421322 0.427175 0.602034 0.543318 0.452580 0.566379 0.672865 0.490569 0.495705 0.470314 0.668168 0.709635 0.663511 0.616163 0.703509 0.729766 0.915427 0.753510 0.895875 0.709479 0.833760 0.699287 0.534432 0.522326 0.478922 0.470560 0.544010 0.517143 0.372425 0.384971 0.682993 0.592039 0.549230 0.484921 0.959878 0.904431 0.825269 0.948213 0.886084 0.954750 0.728556 0.945072 0.896287 0.760160 0.804738 0.959678 0.777590 0.979637 0.652593 0.647073 0.954444 0.971655 0.777796 0.936220 0.968282 0.777289 0.843736 0.912117 0.730519 0.942511
0.335509 0.325174 0.726228 0.707022 0.939098 0.870342 0.569883 0.664286 0.939841 0.701177 0.535295 0.606979 0.389684 0.386209 0.519494 0.528863 0.000000 0.299847 0.327229 0.397323 0.836738 0.900629 0.728975 0.647702 0.776030 0.907044 0.805617 0.789272 0.506438 0.522464 0.955953 0.672767 0.442432 0.453851 0.805074 0.946991 0.753633 0.755053 0.800227 0.731760 0.694264 0.850101 0.417696 0.320211 0.766156 0.621228 0.387164 0.439818 0.738934 0.568454 0.690235 0.529592 0.905472 0.825916 0.534161 0.565683 0.248599 0.287216 0.352191 0.301504 0.611776 0.930874 0.300024 0.365902 0.756259 0.715399 0.605590 0.660614 0.482777 0.494273 0.718726 0.902853 0.993791 0.836632 0.810006 0.929005 0.613163 0.783682 0.467489 0.440359 0.248920 0.285611 0.428436 0.376170 0.493045 0.559242 0.745542 0.498344 0.578976 0.538163 0.821599 0.707666 0.793840 0.820255 0.681206 0.893745 0.685757 0.858747 0.642416 0.698895 0.775469 0.742391 0.649440 0.534399 0.743173 0.754544 0.935210 0.977335 0.914354 0.811463 0.858633 0.746319 0.745301 0.902001 0.700583 0.962942
0.234623 0.247633 0.718457 0.607034 0.914998 0.725513 0.558852 0.594543 0.877024 0.632315 0.387454 0.361333 0.401058 0.318168 0.528543 0.502157 0.299847 0.000000 0.282887 0.270498 0.742827 0.931431 0.740344 0.573619 0.744990 0.921616 0.805877 0.905232 0.546365 0.473150 0.867223 0.724547 0.483865 0.385647 0.732669 0.780451 0.759787 0.651302 0.713473 0.695205 0.701307 0.807858 0.466730 0.442503 0.806249 0.712008 0.424526 0.468934 0.781979 0.653401 0.872431 0.714095 0.856452 0.559438 0.506972 0.580343 0.192465 0.223919 0.325680 0.351570 0.604663 0.931032 0.383181 0.383474 0.700475 0.637690 0.535351 0.611246 0.426540 0.431386 0.762263 0.896149 0.932743 0.822306 0.806506 0.902071 0.750215 0.863965 0.479253 0.347015 0.198259 0.199697 0.487431 0.356398 0.441108 0.475445 0.589453 0.585536 0.537509 0.451570 0.734178 0.705868 0.595405 0.711836 0.713953 0.892720 0.548195 0.793779 0.613057 0.653078 0.839173 0.863264 0.618652 0.635426 0.654453 0.668134 0.996525 0.944625 0.889432 0.741531 0.904726 0.792142 0.827775 0.857363 0.804428 0.918693
0.298262 0.289891 0.582658 0.480271 0.851452 0.710590 0.426620 0.496704 0.973526 0.582314 0.543619 0.451721 0.293501 0.280308 0.441975 0.471657 0.327229 0.282887 0.000000 0.280015 0.794763 0.889925 0.576597 0.470427 0.698107 0.831768 0.660872 0.950384 0.609612 0.611177 0.949190 0.731514 0.490977 0.454185 0.662883 0.867759 0.700474 0.652262 0.644759 0.609878 0.709154 0.859488 0.531938 0.495880 0.850467 0.806306 0.476723 0.503527 0.902418 0.728244 0.936694 0.669776 0.941501 0.705635 0.473062 0.531924 0.279031 0.299239 0.393663 0.387895 0.517849 0.827005 0.442303 0.480829 0.556666 0.513791 0.426926 0.559593 0.486149 0.593009 0.542406 0.762059 0.982506 0.913419 0.899671 0.957503 0.671524 0.855191 0.516016 0.423592 0.284674 0.265364 0.605464 0.410009 0.375661 0.440724 0.609972 0.519525 0.574095 0.529513 0.711318 0.643699 0.609319 0.648533 0.733757 0.889593 0.482542 0.824937 0.657135 0.557047 0.764053 0.727749 0.731575 0.754307 0.627072 0.619232 0.996437 0.995207 0.839643 0.662119 0.926401 0.701612 0.833957 0.914396 0.745744 0.812430
0.249243 0.231668 0.483850 0.388005 0.785726 0.782114 0.434308 0.444067 0.982843 0.555461 0.537116 0.362658 0.282703 0.337112 0.495875 0.479372 0.397323 0.270498 0.280015 0.000000 0.676033 0.952558 0.555276 0.411861 0.540345 0.705491 0.607980 0.875315 0.729883 0.666387 0.994964 0.831365 0.451198 0.441136 0.675666 0.790230 0.556808 0.496922 0.604924 0.614710 0.717297 0.756196 0.556747 0.527398 0.929545 0.894849 0.481143 0.540809 0.983642 0.708432 0.952223 0.707816 0.869645 0.613397 0.413504 0.589232 0.250363 0.232745 0.368912 0.386940 0.478251 0.754696 0.513321 0.451040 0.478732 0.442615 0.430135 0.552849 0.309406 0.388197 0.570530 0.674590 0.995158 0.852884 0.896960 0.991343 0.612612 0.829021 0.567521 0.458153 0.274523 0.235288 0.561721 0.375562 0.311005 0.347956 0.517230 0.604080 0.499416 0.367458 0.717207 0.701495 0.560035 0.629460 0.756082 0.896865 0.516700 0.906024 0.732908 0.689350 0.823411 0.834182 0.738581 0.826754 0.602209 0.637192 0.980771 0.991804 0.841016 0.786014 0.950086 0.822548 0.974495 0.890606 0.810512 0.880073
0.666863 0.639596 0.657725 0.679556 0.839863 0.695809 0.792485 0.780959 0.990137 0.856160 0.815791 0.632417 0.728599 0.833518 0.798950 0.786786 0.836738 0.742827 0.794763 0.676033 0.000000 0.973167 0.772736 0.667133 0.656606 0.749662 0.859379 0.625566 0.919483 0.856427 0.846138 0.949134 0.738679 0.691749 0.660708 0.680041 0.752117 0.655599 0.621799 0.750626 0.862642 0.867091 0.930769 0.890037 0.920002 0.977377 0.851994 0.951314 0.978940 0.986810 0.905273 0.888414 0.727567 0.580139 0.685473 0.955591 0.713998 0.698875 0.730313 0.773162 0.563172 0.598305 0.866385 0.760517 0.617641 0.559653 0.745818 0.765400 0.651611 0.710963 0.892855 0.927028 0.908125 0.951546 0.863836 0.994830 0.887136 0.942728 0.983653 0.818854 0.740873 0.694578 0.779877 0.820267 0.638056 0.556491 0.740823 0.837830 0.690979 0.621770 0.896074 0.731334 0.964203 0.864560 0.896361 0.933840 0.838680 0.942884 0.931577 0.942758 0.817351 0.870585 0.954780 0.879722 0.993497 0.883779 0.888779 0.926085 0.980587 0.893034 0.938597 0.908654 0.948228 0.923762 0.950507 0.999902
0.970229 0.910936 0.994325 0.987375 0.843962 0.923603 0.953836 0.875285 0.936374 0.994222 0.894894 0.889833 0.923540 0.827328 0.888129 0.846666 0.900629 0.931431 0.889925 0.952558 0.973167 0.000000 0.985395 0.955060 0.869928 0.935926 0.989846 0.897471 0.998182 0.996779 0.867925 0.949789 0.916596 0.962345 0.997117 0.912754 0.981430 0.956667 0.867308 0.962964 0.950052 0.973481 0.924411 0.921046 0.998783 0.913341 0.861564 0.935958 0.869216 0.821247 0.815863 0.762079 0.704826 0.866265 0.894336 0.864743 0.921377 0.859680 0.921122 0.828784 0.935441 0.885296 0.870659 0.818209 0.922434 0.975796 0.923187 0.985195 0.871036 0.900896 0.945140 0.900223 0.997181 0.857376 0.957093 0.970374 0.975468 0.942447 0.938839 0.822024 0.897686 0.858867 0.906109 0.871789 0.999056 0.999298 0.964408 0.769214 0.986666 0.999897 0.874580 0.816257 0.971168 0.971298 0.825299 0.942242 0.796870 0.937578 0.831443 0.780217 0.812233 0.744148 0.898111 0.833842 0.932973 0.987670 0.924939 0.875375 0.941915 0.879380 0.848441 0.883031 0.891847 0.907206 0.728013 0.970010
0.714541 0.572622 0.332997 0.294685 0.567838 0.843180 0.415180 0.507030 0.730216 0.769253 0.904179 0.637196 0.337172 0.583413 0.345660 0.373725 0.728975 0.740344 0.576597 0.555276 0.772736 0.985395 0.000000 0.244471 0.353826 0.515245 0.544370 0.848627 0.860435 0.954661 0.592806 0.807091 0.538593 0.666192 0.618124 0.874961 0.450739 0.525063 0.663121 0.780487 0.772882 0.853878 0.669528 0.742198 0.893980 0.960939 0.738901 0.717857 0.834531 0.973449 0.943268 0.875262 0.954483 0.802448 0.707643 0.770875 0.651025 0.603175 0.730631 0.674434 0.392213 0.445606 0.822946 0.629333 0.255905 0.343302 0.478110 0.536205 0.634928 0.708751 0.475840 0.428992 0.717401 0.771081 0.884292 0.700167 0.761764 0.655280 0.649621 0.758106 0.723761 0.697675 0.704315 0.752866 0.305928 0.334528 0.678551 0.666424 0.532178 0.474117 0.893415 0.918477 0.732436 0.816143 0.761998 0.962234 0.725607 0.952358 0.950256 0.822139 0.752303 0.981274 0.963981 0.872385 0.576145 0.572041 0.893386 0.923146 0.840105 0.800006 0.887124 0.798995 0.942779 0.930508 0.759738 0.864132
0.534807 0.458078 0.332047 0.267299 0.617804 0.790202 0.431780 0.465530 0.818224 0.603966 0.924539 0.478313 0.314086 0.435895 0.379501 0.352384 0.647702 0.573619 0.470427 0.411861 0.667133 0.955060 0.244471 0.000000 0.330041 0.521505 0.495738 0.792439 0.829664 0.879965 0.731441 0.830303 0.522244 0.576798 0.558743 0.769884 0.483709 0.456929 0.564897 0.679162 0.766480 0.787363 0.751294 0.767053 0.984046 0.976117 0.702273 0.720425 0.804323 0.996342 0.831345 0.965588 0.802847 0.583660 0.543158 0.682175 0.513009 0.484443 0.652468 0.608557 0.403436 0.524660 0.776825 0.610970 0.275951 0.319226 0.491538 0.547715 0.502675 0.647395 0.555260 0.534780 0.852496 0.823670 0.945893 0.876253 0.799727 0.716016 0.613550 0.615740 0.562981 0.511411 0.648565 0.556485 0.250000 0.250644 0.664212 0.645069 0.417750 0.370020 0.945347 0.973766 0.735615 0.863182 0.807374 0.938386 0.680039 0.923983 0.945769 0.866856 0.737615 0.990880 0.926296 0.885026 0.618341 0.630070 0.975905 0.964499 0.944131 0.883448 0.992920 0.839791 0.952364 0.915050 0.837336 0.868541
0.606059 0.541756 0.312113 0.345226 0.590182 0.934349 0.499230 0.549807 0.686223 0.708395 0.966307 0.619524 0.471396 0.685197 0.571647 0.558821 0.776030 0.744990 0.698107 0.540345 0.656606 0.869928 0.353826 0.330041 0.000000 0.301098 0.529110 0.745047 0.943588 0.897059 0.577181 0.914604 0.500292 0.634623 0.521048 0.735848 0.347383 0.431496 0.607286 0.616869 0.723521 0.770469 0.829881 0.832864 0.968476 0.960299 0.762494 0.792901 0.781389 0.942579 0.866064 0.973141 0.770332 0.599985 0.526336 0.764084 0.642519 0.604950 0.704567 0.683843 0.388035 0.463639 0.943902 0.720598 0.253183 0.317412 0.536980 0.562454 0.425255 0.498735 0.703417 0.517881 0.769792 0.751946 0.938578 0.932137 0.880219 0.782888 0.784578 0.828684 0.739203 0.657036 0.690611 0.665073 0.304148 0.275236 0.758039 0.739996 0.435270 0.348187 0.965190 0.796608 0.823966 0.996851 0.816696 0.948523 0.851281 0.987853 0.887409 0.881287 0.681326 0.854416 0.931712 0.827761 0.698449 0.731695 0.894681 0.934867 0.879513 0.953064 0.963897 0.996182 0.856402 0.822398 0.878332 0.897003
0.750262 0.693695 0.356773 0.469742 0.614799 0.901406 0.506848 0.536894 0.542886 0.879354 0.907733 0.834127 0.655849 0.819172 0.741295 0.771790 0.907044 0.921616 0.831768 0.705491 0.749662 0.935926 0.515245 0.521505 0.301098 0.000000 0.658753 0.762665 0.833673 0.783058 0.527112 0.897099 0.558460 0.699788 0.584241 0.688574 0.441244 0.542303 0.601777 0.633947 0.891866 0.753839 0.844192 0.868421 0.862070 0.938579 0.767518 0.852902 0.857707 0.984979 0.989076 0.902482 0.965246 0.817847 0.516505 0.781019 0.792573 0.752643 0.742172 0.768799 0.446663 0.510103 0.947105 0.901004 0.346517 0.398382 0.517502 0.542219 0.540308 0.616321 0.763516 0.567707 0.737514 0.825848 0.989574 0.992985 0.937036 0.940140 0.919338 0.988554 0.912728 0.855976 0.726482 0.846586 0.446024 0.406128 0.849756 0.837972 0.560426 0.505916 0.989322 0.768799 0.912163 0.974550 0.858238 0.935705 0.934250 0.989284 0.893886 0.893238 0.818225 0.912954 0.834019 0.769350 0.769308 0.756874 0.909569 0.922895 0.852137 0.883433 0.920649 0.989016 0.841736 0.870757 0.915762 0.874947
0.747554 0.695126 0.636381 0.525270 0.692208 0.913095 0.741408 0.732911 0.904744 0.712747 0.999698 0.658558 0.628160 0.679581 0.723104 0.700189 0.805617 0.805877 0.660872 0.607980 0.859379 0.989846 0.544370 0.495738 0.529110 0.658753 0.000000 0.822452 0.932521 0.938021 0.934539 0.957254 0.856392 0.910422 0.749851 0.820360 0.745718 0.607670 0.677521 0.788218 0.939035 0.952480 0.969949 0.985789 0.765842 0.779376 0.865259 0.966334 0.699230 0.880511 0.773650 0.958313 0.755538 0.718039 0.784233 0.901181 0.759855 0.758607 0.908360 0.775176 0.756715 0.786145 0.932066 0.872326 0.566267 0.591966 0.739732 0.757981 0.701517 0.748202 0.787745 0.777099 0.894661 0.979468 0.999602 0.913606 0.818750 0.975122 0.744560 0.887403 0.831869 0.734891 0.888312 0.870209 0.602105 0.573485 0.784505 0.804007 0.772981 0.597360 0.897065 0.916043 0.788120 0.844280 0.927294 0.955458 0.893017 0.900397 0.976147 0.959443 0.791344 0.996213 0.992164 0.921323 0.803669 0.797065 0.975375 0.970203 0.918439 0.874606 0.936679 0.942700 0.899250 0.822844 0.972832 0.814773
0.798998 0.814484 0.783527 0.854589 0.925942 0.913340 0.886366 0.943860 0.962949 0.808827 0.965411 0.950466 0.805713 0.942428 0.834008 0.849051 0.789272 0.905232 0.950384 0.875315 0.625566 0.897471 0.848627 0.792439 0.745047 0.762665 0.822452 0.000000 0.935893 0.969414 0.759058 0.980042 0.829927 0.961805 0.957448 0.724622 0.803522 0.889390 0.854332 0.968855 0.916761 0.820624 0.881736 0.852622 0.937566 0.978904 0.900476 0.949879 0.901753 0.998980 0.991682 0.988947 0.883906 0.792201 0.870704 0.881379 0.823031 0.824018 0.848686 0.785007 0.846129 0.916730 0.971046 0.942948 0.798166 0.798320 0.945069 0.979969 0.749538 0.710578 0.825313 0.950134 0.960989 0.902566 0.969598 0.938805 0.845174 0.960891 0.972247 0.977764 0.886567 0.864196 0.870685 0.976951 0.788589 0.763161 0.918846 0.892584 0.878854 0.721830 0.856560 0.828784 0.856426 0.831610 0.884320 0.736108 0.991752 0.819271 0.875914 0.787354 0.710236 0.897186 0.929415 0.889995 0.998793 0.878216 0.927541 0.973368 0.892404 0.795760 0.837958 0.854542 0.974743 0.937337 0.912946 0.894104
0.708567 0.668723 0.975886 0.889658 0.979770 0.781193 0.778873 0.888083 0.967874 0.993925 0.621729 0.745917 0.729491 0.673078 0.577943 0.658429 0.506438 0.546365 0.609612 0.729883 0.919483 0.998182 0.860435 0.829664 0.943588 0.833673 0.932521 0.935893 0.000000 0.325629 0.911425 0.449267 0.639624 0.559298 0.933196 0.999039 0.963958 0.985400 0.920312 0.974278 0.861252 0.959964 0.499839 0.476371 0.637153 0.584643 0.618019 0.558222 0.739977 0.714170 0.750754 0.752319 0.821562 0.942748 0.836520 0.777352 0.535140 0.645660 0.579817 0.647141 0.764722 0.976581 0.426171 0.507705 0.975612 0.931261 0.736327 0.770062 0.875401 0.974541 0.844761 0.953847 0.941998 0.728312 0.921666 0.973536 0.784588 0.682685 0.541501 0.528972 0.495108 0.644102 0.656693 0.632533 0.787129 0.852406 0.778043 0.710579 0.871741 0.919588 0.981212 0.836788 0.923459 0.994711 0.623758 0.849490 0.628543 0.966570 0.723533 0.673737 0.990128 0.834724 0.752465 0.541070 0.736890 0.741841 0.950808 0.921189 0.846607 0.844710 0.805954 0.690807 0.693026 0.889493 0.782607 0.987006
0.640568 0.602477 0.996040 0.933449 0.960713 0.750274 0.891191 0.938290 0.879609 0.896350 0.466850 0.633029 0.744086 0.613598 0.705792 0.709810 0.522464 0.473150 0.611177 0.666387 0.856427 0.996779 0.954661 0.879965 0.897059 0.783058 0.938021 0.969414 0.325629 0.000000 0.913605 0.591856 0.736507 0.596731 0.939455 0.897366 0.957870 0.982115 0.974896 0.925901 0.827368 0.944970 0.598021 0.563695 0.746277 0.701293 0.677137 0.680273 0.741134 0.753373 0.822093 0.831157 0.959695 0.784669 0.914626 0.846185 0.508503 0.612311 0.593554 0.575216 0.824031 0.948879 0.473294 0.520695 0.967160 0.956097 0.778298 0.830772 0.836911 0.877896 0.957813 0.875142 0.936818 0.759101 0.929644 0.977958 0.923947 0.748638 0.572983 0.475910 0.467553 0.579914 0.655798 0.622306 0.844757 0.894675 0.729532 0.679172 0.903350 0.918419 0.965593 0.829562 0.901735 0.942725 0.710005 0.841097 0.708607 0.927854 0.720640 0.770448 0.940261 0.958614 0.732473 0.585566 0.872702 0.741582 0.849263 0.862052 0.895839 0.887420 0.836424 0.827687 0.803146 0.910993 0.864211 0.930482
0.897748 0.986791 0.645458 0.748394 0.709402 0.931785 0.710295 0.865998 0.557083 0.911333 0.745687 0.856620 0.841208 0.885503 0.709911 0.793127 0.955953 0.867223 0.949190 0.994964 0.846138 0.867925 0.592806 0.731441 0.577181 0.527112 0.934539 0.759058 0.911425 0.913605 0.000000 0.613428 0.606337 0.830083 0.713703 0.966788 0.655049 0.860509 0.672238 0.919531 0.892079 0.871111 0.745810 0.749017 0.764085 0.804779 0.897702 0.892871 0.962378 0.921702 0.854124 0.891565 0.809410 0.913318 0.840752 0.910980 0.996034 0.998414 0.885080 0.878086 0.617167 0.638643 0.949367 0.795422 0.633073 0.758266 0.784737 0.719510 0.849973 0.924916 0.808396 0.777221 0.624047 0.708845 0.848321 0.817533 0.808480 0.593374 0.855410 0.997871 0.978054 0.914054 0.813235 0.968737 0.726792 0.730764 0.906297 0.914322 0.752605 0.807960 0.734877 0.699469 0.785480 0.737649 0.864489 0.918235 0.977128 0.872147 0.841765 0.900879 0.939540 0.890659 0.887518 0.891194 0.838966 0.812558 0.792633 0.974613 0.901621 0.974045 0.934144 0.973344 0.939744 0.955648 0.900311 0.980258
0.908643 0.817610 0.902976 0.809798 0.914521 0.857972 0.709371 0.760391 0.823789 0.814924 0.792031 0.850984 0.857338 0.805611 0.652944 0.715553 0.672767 0.724547 0.731514 0.831365 0.949134 0.949789 0.807091 0.830303 0.914604 0.897099 0.957254 0.980042 0.449267 0.591856 0.613428 0.000000 0.604890 0.568903 0.812475 0.896921 0.839347 0.941711 0.812629 0.947636 0.923819 0.926176 0.520520 0.471870 0.615174 0.602895 0.665270 0.688836 0.773520 0.776313 0.819660 0.828662 0.819764 0.984307 0.715719 0.716841 0.697909 0.787190 0.698896 0.733571 0.728645 0.877126 0.675215 0.612289 0.901538 0.880468 0.709777 0.686436 0.939057 0.995364 0.861871 0.941746 0.811296 0.676521 0.923203 0.939969 0.761759 0.679423 0.587329 0.721320 0.627131 0.772483 0.675123 0.663967 0.797247 0.835744 0.945424 0.729010 0.792941 0.848300 0.926301 0.991792 0.950116 0.970942 0.739068 0.949055 0.804314 0.985020 0.732070 0.656172 0.883165 0.872181 0.692088 0.747769 0.734581 0.696878 0.924909 0.984706 0.759800 0.824039 0.821456 0.771647 0.746004 0.951921 0.787345 0.988360
0.467333 0.419972 0.447118 0.472545 0.769877 0.771788 0.326132 0.441170 0.598953 0.874268 0.669845 0.621555 0.455144 0.588709 0.487683 0.565159 0.442432 0.483865 0.490977 0.451198 0.738679 0.916596 0.538593 0.522244 0.500292 0.558460 0.856392 0.829927 0.639624 0.736507 0.606337 0.604890 0.000000 0.348163 0.504676 0.824416 0.508399 0.574215 0.633716 0.748842 0.685945 0.615184 0.373330 0.394306 0.550133 0.599898 0.438891 0.490615 0.785889 0.669927 0.777610 0.694364 0.928422 0.816007 0.399526 0.520790 0.430290 0.420617 0.388056 0.494229 0.344490 0.628958 0.468284 0.428818 0.450236 0.472167 0.347957 0.370599 0.469838 0.534743 0.544356 0.648653 0.810105 0.686971 0.837676 0.856229 0.581500 0.717020 0.514824 0.606785 0.435289 0.482585 0.533284 0.480524 0.357235 0.390017 0.742816 0.578280 0.476819 0.445978 0.812206 0.917902 0.715088 0.842315 0.697476 0.987050 0.626828 0.886060 0.734417 0.737755 0.854746 0.834551 0.845101 0.766115 0.577544 0.591336 0.882717 0.988995 0.869982 0.818042 0.924804 0.772585 0.751403 0.893790 0.758405 0.975975
0.413616 0.418986 0.569153 0.552660 0.769662 0.701051 0.386233 0.443607 0.824728 0.907259 0.500415 0.511470 0.513813 0.515552 0.511746 0.569729 0.453851 0.385647 0.454185 0.441136 0.691749 0.962345 0.666192 0.576798 0.634623 0.699788 0.910422 0.961805 0.559298 0.596731 0.830083 0.568903 0.348163 0.000000 0.527155 0.757693 0.598365 0.609182 0.704194 0.761966 0.634323 0.695959 0.491428 0.439754 0.563806 0.596175 0.430303 0.516537 0.734990 0.706543 0.810489 0.758914 0.984671 0.710793 0.386911 0.501784 0.379811 0.374953 0.375398 0.441762 0.372860 0.625670 0.426995 0.360393 0.562275 0.528351 0.416996 0.440308 0.490358 0.537128 0.719110 0.809684 0.887646 0.651184 0.880099 0.991923 0.810463 0.750141 0.667531 0.571566 0.335193 0.389487 0.452841 0.381636 0.406068 0.447613 0.583041 0.572607 0.495911 0.550359 0.871684 0.969750 0.759877 0.878686 0.796818 0.956086 0.518333 0.927273 0.662370 0.753088 0.937443 0.843209 0.831450 0.746496 0.600691 0.644624 0.938742 0.960194 0.852233 0.795896 0.916535 0.797154 0.820207 0.985541 0.833588 0.955213
0.665105 0.630160 0.510519 0.515594 0.813433 0.807145 0.493444 0.512585 0.660904 0.941647 0.906217 0.704175 0.707000 0.698030 0.716310 0.758454 0.805074 0.732669 0.662883 0.675666 0.660708 0.997117 0.618124 0.558743 0.521048 0.584241 0.749851 0.957448 0.933196 0.939455 0.713703 0.812475 0.504676 0.527155 0.000000 0.874652 0.655245 0.531885 0.487797 0.714237 0.936960 0.742913 0.763214 0.744703 0.714739 0.813660 0.696108 0.792010 0.964108 0.930200 0.955210 0.941309 0.884158 0.733349 0.498041 0.599733 0.700700 0.689900 0.584039 0.678414 0.437485 0.543371 0.765957 0.640237 0.456721 0.479180 0.408920 0.463803 0.660645 0.774389 0.709675 0.737260 0.813076 0.916701 0.964406 0.994494 0.866094 0.853943 0.761917 0.763175 0.724326 0.684669 0.604162 0.705835 0.477684 0.452030 0.875008 0.710446 0.552144 0.563495 0.936344 0.790361 0.858146 0.967673 0.851163 0.886829 0.667883 0.763459 0.929282 0.937761 0.781091 0.963720 0.929799 0.951087 0.711185 0.768544 0.816700 0.990643 0.945587 0.925102 0.977617 0.836269 0.975922 0.916149 0.858228 0.992741
0.753455 0.841404 0.767811 0.748889 0.852911 0.626494 0.779625 0.746297 0.915641 0.930317 0.770808 0.685687 0.855441 0.825873 0.807296 0.850330 0.946991 0.780451 0.867759 0.790230 0.680041 0.912754 0.874961 0.769884 0.735848 0.688574 0.820360 0.724622 0.999039 0.897366 0.966788 0.896921 0.824416 0.757693 0.874652 0.000000 0.837567 0.731310 0.877646 0.923377 0.967418 0.870928 0.999065 0.942035 0.958859 0.937834 0.931116 0.839388 0.862929 0.831007 0.793646 0.815335 0.701471 0.624330 0.746720 0.942874 0.818745 0.850545 0.912765 0.876188 0.799531 0.848387 0.899880 0.989832 0.709569 0.688211 0.824425 0.825114 0.782406 0.720114 0.958129 0.956424 0.886727 0.963812 0.917708 0.990978 0.900933 0.912167 0.942181 0.777280 0.841460 0.812753 0.893422 0.900562 0.754978 0.708072 0.919793 0.895356 0.833116 0.804699 0.873540 0.886223 0.943136 0.986472 0.959054 0.975008 0.902671 0.973073 0.992984 0.964948 0.969560 0.952913 0.968459 0.806743 0.877656 0.918834 0.977295 0.865708 0.971457 0.910206 0.990237 0.861333 0.826754 0.751651 0.787262 0.801873
0.605235 0.593378 0.368746 0.436266 0.656967 0.967958 0.444505 0.478523 0.738297 0.691135 0.954526 0.655879 0.454639 0.718779 0.612489 0.629645 0.753633 0.759787 0.700474 0.556808 0.752117 0.981430 0.450739 0.483709 0.347383 0.441244 0.745718 0.803522 0.963958 0.957870 0.655049 0.839347 0.508399 0.598365 0.655245 0.837567 0.000000 0.517710 0.703413 0.702026 0.736145 0.866446 0.810748 0.746756 0.886858 0.943868 0.721363 0.728087 0.871837 0.922705 0.967608 0.878673 0.957784 0.831634 0.461378 0.791078 0.648492 0.582195 0.636027 0.703993 0.400234 0.558100 0.828571 0.655416 0.377838 0.412486 0.534629 0.618404 0.470809 0.551593 0.626093 0.514609 0.871948 0.731862 0.998146 0.945718 0.816086 0.818577 0.828533 0.832839 0.666413 0.611101 0.688600 0.602027 0.395534 0.415348 0.751034 0.684815 0.610810 0.509913 0.949855 0.967073 0.827621 0.873412 0.823332 0.917270 0.726842 0.812816 0.990473 0.987298 0.784927 0.974034 0.958762 0.907713 0.718845 0.779833 0.983458 0.887941 0.839451 0.845766 0.927244 0.948862 0.946922 0.927282 0.896991 0.908742
0.541527 0.510246 0.388440 0.396020 0.786122 0.905081 0.513656 0.518957 0.801382 0.885156 0.895957 0.555720 0.538037 0.597967 0.589576 0.650607 0.755053 0.651302 0.652262 0.496922 0.655599 0.956667 0.525063 0.456929 0.431496 0.542303 0.607670 0.889390 0.985400 0.982115 0.860509 0.941711 0.574215 0.609182 0.531885 0.731310 0.517710 0.000000 0.571944 0.628881 0.900174 0.646528 0.824299 0.821854 0.859840 0.916114 0.678169 0.777346 0.992224 0.837746 0.960364 0.854925 0.825166 0.685873 0.500627 0.699863 0.611956 0.543826 0.614589 0.664531 0.433629 0.544861 0.830104 0.640991 0.395610 0.427545 0.533419 0.546953 0.510954 0.568916 0.720608 0.665353 0.814781 0.803689 0.998920 0.994452 0.713943 0.939420 0.795752 0.765504 0.658015 0.605945 0.758693 0.664660 0.427284 0.409259 0.680482 0.722959 0.574885 0.443353 0.875842 0.918762 0.745489 0.814141 0.978948 0.933933 0.760786 0.877330 0.863857 0.885135 0.853422 0.994346 0.938443 0.998657 0.653809 0.770501 0.831165 0.963821 0.925797 0.886197 0.905283 0.922780 0.802653 0.932154 0.905423 0.942173
