0.000000 0.421026 0.762544 0.528894 0.909181 0.735557 0.640620 0.546090 0.935405 0.660379 0.506873 0.584279 0.965070 0.920161 0.965707 0.970473 0.441536 0.317252 0.473392 0.448811 0.917343 0.945448 0.938139 0.820029 0.906352 0.997667 0.938407 0.999548 0.640382 0.656381 0.803504 0.869259 0.459566 0.496418 0.719133 0.995094 0.572521 0.699923 0.943578 0.940825 0.697519 0.654772 0.896672 0.860455 0.854551 0.736886 0.583766 0.611451 0.736407 0.640543 0.749543 0.668002 0.781315 0.901509 0.544074 0.526790 0.354111 0.363223 0.342814 0.394505 0.592115 0.607847 0.442577 0.380126 0.908379 0.871743 0.638552 0.710853 0.554986 0.537196 0.820874 0.845403 0.788042 0.854050 0.988270 0.945578 0.969956 0.733257 0.779799 0.911663 0.387191 0.349709 0.709726 0.414439 0.604039 0.812306 0.994659 0.949708 0.765979 0.412238 0.764426 0.959343 0.853568 0.912118 0.725983 0.871592 0.605826 0.835060 0.619126 0.592257 0.850386 0.981756 0.427371 0.638891 0.653197 0.570019 0.952662 0.808992 0.984406 0.806805 0.948682 0.680832 0.745027 0.871605 0.797451 0.941034
0.421026 0.000000 0.668407 0.464374 0.883877 0.788707 0.610768 0.515463 0.886795 0.676063 0.657246 0.586033 0.969837 0.821521 0.990863 0.998782 0.552349 0.434206 0.479517 0.420393 0.906256 0.944797 0.922434 0.957464 0.974978 0.983105 0.854644 0.847538 0.715375 0.665553 0.715958 0.796463 0.575287 0.529029 0.794052 0.962847 0.681125 0.679176 0.961403 0.953165 0.694752 0.681948 0.726799 0.637436 0.716723 0.617246 0.592915 0.569889 0.637425 0.581456 0.657097 0.588914 0.683539 0.903309 0.627605 0.625506 0.363593 0.355093 0.441762 0.427085 0.694405 0.647025 0.650445 0.516314 0.989250 0.833028 0.628630 0.593554 0.567540 0.464766 0.699656 0.626790 0.689159 0.762274 0.981812 0.964029 0.763411 0.623946 0.878872 0.855008 0.587794 0.504072 0.701640 0.551176 0.711943 0.845976 0.960262 0.986676 0.770829 0.516935 0.685863 0.820355 0.727157 0.865812 0.710742 0.832760 0.522572 0.798819 0.601346 0.478987 0.750449 0.814463 0.468151 0.602351 0.617372 0.557700 0.870037 0.749759 0.985851 0.704526 0.982356 0.594946 0.667319 0.738049 0.754014 0.975051
0.762544 0.668407 0.000000 0.658343 0.937199 0.928984 0.583675 0.881353 0.694665 0.901256 0.943793 0.951371 0.994539 0.992511 0.906292 0.892057 0.877657 0.755583 0.825904 0.789155 0.910648 0.903406 0.824621 0.982333 0.815632 0.786497 0.893294 0.973099 0.934369 0.957587 0.744965 0.894922 0.668623 0.839115 0.682926 0.930808 0.572855 0.666893 0.934871 0.875542 0.787344 0.705865 0.802401 0.712289 0.748474 0.748314 0.783905 0.779205 0.765051 0.677085 0.597046 0.610378 0.628087 0.575031 0.807629 0.813837 0.650665 0.553907 0.636731 0.801964 0.832030 0.978720 0.876218 0.801615 0.678428 0.865647 0.564337 0.776816 0.711829 0.681819 0.886176 0.639226 0.877741 0.905746 0.888657 0.952531 0.817477 0.764787 0.814958 0.885144 0.842187 0.894621 0.730334 0.657445 0.789732 0.999308 0.888910 0.870281 0.781357 0.836891 0.721303 0.709428 0.659363 0.659922 0.791940 0.914771 0.736501 0.883422 0.723821 0.761311 0.822103 0.797204 0.729592 0.831220 0.700422 0.653635 0.836512 0.643089 0.956449 0.732340 0.895182 0.813084 0.773362 0.950658 0.797103 0.755695
0.528894 0.464374 0.658343 0.000000 0.935848 0.760264 0.668664 0.541714 0.960803 0.714810 0.680375 0.676517 0.943149 0.741985 0.929353 0.891314 0.664688 0.540702 0.479674 0.419243 0.970448 0.974682 0.743670 0.842525 0.896312 0.838298 0.983020 0.896733 0.636366 0.616435 0.638663 0.662016 0.558648 0.598018 0.820289 0.896492 0.691010 0.786968 0.938139 0.946333 0.791875 0.710759 0.805907 0.713010 0.824930 0.781182 0.712388 0.585834 0.809336 0.673752 0.750687 0.636465 0.718414 0.907441 0.712147 0.626299 0.485879 0.482427 0.579304 0.510922 0.787524 0.691484 0.659914 0.604717 0.967160 0.866106 0.675851 0.632509 0.693495 0.604267 0.658471 0.642210 0.744865 0.687744 0.977127 0.941532 0.693164 0.674506 0.971845 0.807269 0.718274 0.661384 0.641303 0.639981 0.680360 0.847219 0.938679 0.854380 0.815525 0.595222 0.620494 0.875374 0.670228 0.915341 0.761775 0.837593 0.603169 0.832903 0.652307 0.570059 0.692943 0.935675 0.521317 0.620887 0.541484 0.518262 0.999188 0.807651 0.885545 0.729158 0.920425 0.617738 0.716178 0.826758 0.676194 0.907672
0.909181 0.883877 0.937199 0.935848 0.000000 0.989173 0.927915 0.900994 0.881135 0.894970 0.880913 0.896923 0.750247 0.887548 0.805000 0.758710 0.949890 0.986032 0.949734 0.973510 0.696622 0.969810 0.724758 0.730397 0.918035 0.829582 0.826926 0.921458 0.957788 0.910127 0.862360 0.955264 0.940168 0.991257 0.987898 0.891358 0.943267 0.708560 0.932234 0.977349 0.897173 0.897947 0.797919 0.786054 0.998015 0.978713 0.783145 0.974830 0.920588 0.885046 0.822218 0.799961 0.907561 0.825254 0.917271 0.948547 0.899572 0.922374 0.840043 0.869404 0.894442 0.950469 0.953217 0.952657 0.949073 0.929949 0.917837 0.843327 0.980885 0.936225 0.943233 0.955217 0.974874 0.926869 0.881147 0.871558 0.867243 0.911845 0.699408 0.914274 0.912366 0.974506 0.825669 0.983506 0.749495 0.890318 0.872989 0.718250 0.997676 0.956353 0.922292 0.951694 0.850454 0.927615 0.905932 0.875386 0.966744 0.975067 0.991904 0.918258 0.985710 0.869529 0.987564 0.887942 0.919861 0.991344 0.886620 0.909160 0.911073 0.919581 0.994883 0.996915 0.881468 0.943047 0.957536 0.933008
0.735557 0.788707 0.928984 0.760264 0.989173 0.000000 0.752631 0.654599 0.959764 0.664169 0.842006 0.740763 0.899293 0.770208 0.855808 0.820152 0.812615 0.778370 0.805213 0.896492 0.966752 0.913774 0.994153 0.896288 0.860755 0.955812 0.992117 0.976358 0.813093 0.813353 0.828230 0.915563 0.751692 0.752173 0.968256 0.978380 0.965568 0.912872 0.979990 0.937477 0.888481 0.999950 0.701064 0.704246 0.718198 0.629430 0.597299 0.717758 0.738047 0.889650 0.671968 0.763876 0.893316 0.977663 0.695625 0.709629 0.853673 0.821686 0.738837 0.648537 0.594828 0.566620 0.670258 0.689633 0.864009 0.638083 0.633581 0.636560 0.870637 0.873088 0.888533 0.980854 0.734246 0.786465 0.950016 0.824581 0.870184 0.847093 0.824107 0.979377 0.654907 0.662887 0.998230 0.798166 0.896060 0.838737 0.919192 0.906433 0.978490 0.865561 0.768923 0.935677 0.837957 0.937396 0.926720 0.910410 0.780878 0.787310 0.667023 0.676755 0.743379 0.955301 0.742426 0.757910 0.710809 0.810005 0.947201 0.903169 0.999159 0.836329 0.881737 0.691849 0.862013 0.761064 0.790898 0.972720
0.640620 0.610768 0.583675 0.668664 0.927915 0.752631 0.000000 0.388719 0.672607 0.366877 0.631118 0.727880 0.939086 0.927457 0.764100 0.875119 0.595555 0.566705 0.604470 0.672212 0.895507 0.964035 0.897026 0.798907 0.638131 0.758725 0.737647 0.634820 0.637053 0.650310 0.694660 0.823694 0.551236 0.455210 0.856410 0.934208 0.787709 0.834985 0.873129 0.962378 0.777885 0.897582 0.777098 0.741199 0.431275 0.456051 0.718570 0.629854 0.601150 0.676461 0.625236 0.704674 0.617049 0.744872 0.795679 0.794729 0.733487 0.634076 0.571145 0.615478 0.425645 0.567921 0.549760 0.467244 0.712073 0.970081 0.491954 0.552164 0.842854 0.643634 0.738672 0.644436 0.779010 0.719210 0.790851 0.909942 0.836048 0.652081 0.806645 0.967614 0.627456 0.671610 0.896994 0.651155 0.912333 0.786569 0.851735 0.801851 0.895837 0.913820 0.435811 0.613725 0.501737 0.751007 0.742039 0.973022 0.639756 0.829949 0.373151 0.472910 0.616673 0.787066 0.538369 0.589893 0.668012 0.652210 0.813305 0.802427 0.913649 0.681705 0.992631 0.621402 0.583896 0.671586 0.970400 0.967850
0.546090 0.515463 0.881353 0.541714 0.900994 0.654599 0.388719 0.000000 0.775964 0.299379 0.430725 0.411746 0.980689 0.836786 0.744555 0.989982 0.500088 0.464868 0.523958 0.509198 0.865867 0.935074 0.978050 0.914291 0.557140 0.702504 0.719438 0.614254 0.468367 0.430416 0.707889 0.769523 0.561604 0.323284 0.857145 0.977329 0.958735 0.999747 0.853309 0.952309 0.777770 0.963469 0.911770 0.836298 0.629815 0.601586 0.734445 0.663439 0.745449 0.848356 0.861697 0.882429 0.917621 0.893994 0.735827 0.744015 0.661749 0.625436 0.588948 0.486265 0.360630 0.304899 0.416762 0.323781 0.585864 0.690432 0.611328 0.501044 0.938348 0.669794 0.753838 0.764051 0.689620 0.594994 0.880376 0.930514 0.877299 0.726953 0.899805 0.994883 0.560589 0.592309 0.932155 0.629865 0.935107 0.961486 0.812329 0.851612 0.965471 0.758720 0.567289 0.924573 0.711425 0.932253 0.707644 0.953910 0.633716 0.871657 0.454349 0.496311 0.566413 0.933989 0.504186 0.605036 0.705173 0.676471 0.972574 0.933524 0.884723 0.694479 0.881191 0.559078 0.632741 0.642547 0.961459 0.846069
0.935405 0.886795 0.694665 0.960803 0.881135 0.959764 0.672607 0.775964 0.000000 0.729900 0.921207 0.946000 0.950825 0.995696 0.919034 0.971585 0.947473 0.912053 0.913693 0.944786 0.988057 0.855471 0.923367 0.950354 0.914284 0.924215 0.941436 0.910650 0.949109 0.942276 0.982176 0.931494 0.838427 0.902421 0.912313 0.936935 0.993884 0.978232 0.961033 0.970878 0.908990 0.976861 0.985451 0.943335 0.758391 0.818744 0.926098 0.970959 0.889432 0.968554 0.821921 0.907751 0.861722 0.746162 0.916914 0.926577 0.944859 0.822243 0.902911 0.978597 0.769209 0.875550 0.975684 0.897946 0.919584 0.941268 0.713046 0.842128 0.975509 0.907799 0.983401 0.890708 0.916169 0.945088 0.845006 0.829655 0.743680 0.898467 0.941277 0.978768 0.953525 0.916780 0.919042 0.832351 0.993354 0.919286 0.971355 0.849834 0.953268 0.949609 0.734054 0.746313 0.773432 0.769204 0.929689 0.895106 0.740058 0.990813 0.828043 0.848286 0.938847 0.842576 0.946023 0.964575 0.900707 0.946693 0.969678 0.834271 0.824691 0.896135 0.995043 0.805769 0.835930 0.812669 0.977207 0.976132
0.660379 0.676063 0.901256 0.714810 0.894970 0.664169 0.366877 0.299379 0.729900 0.000000 0.532817 0.548998 0.931089 0.949958 0.650335 0.912219 0.576944 0.552351 0.605737 0.680160 0.914314 0.968745 0.918577 0.757808 0.418656 0.533697 0.677483 0.594123 0.582887 0.539068 0.859402 0.878806 0.661345 0.469335 0.940060 0.921984 0.963317 0.914574 0.750111 0.993046 0.806577 0.998565 0.986305 0.945508 0.584420 0.599171 0.782083 0.737312 0.717267 0.884350 0.866265 0.950418 0.893041 0.926636 0.823100 0.740936 0.814735 0.739039 0.623625 0.592138 0.406536 0.400835 0.510962 0.444946 0.473467 0.801520 0.642896 0.608612 0.975269 0.677313 0.763504 0.772871 0.838224 0.700147 0.753375 0.924993 0.893946 0.809897 0.869834 0.909401 0.609009 0.685267 0.891244 0.736879 0.971815 0.779703 0.747715 0.786811 0.816240 0.887272 0.602709 0.866135 0.733765 0.970065 0.784232 0.996132 0.712409 0.851403 0.469279 0.533645 0.656388 0.963250 0.590824 0.635607 0.784554 0.699321 0.958127 0.913663 0.947817 0.742755 0.884220 0.632359 0.675698 0.610578 0.984439 0.907735
0.506873 0.657246 0.943793 0.680375 0.880913 0.842006 0.631118 0.430725 0.921207 0.532817 0.000000 0.476344 0.949154 0.954129 0.767775 0.946811 0.426989 0.496400 0.590105 0.490582 0.949868 0.785509 0.920500 0.873276 0.753906 0.783235 0.879420 0.785719 0.529527 0.495265 0.794157 0.883163 0.610441 0.448994 0.806801 0.996519 0.878705 0.967880 0.836244 0.960908 0.762265 0.906526 0.879888 0.901258 0.862877 0.814584 0.881297 0.833516 0.851382 0.891170 0.988706 0.986595 0.946197 0.749994 0.819367 0.761781 0.662342 0.704503 0.610655 0.567646 0.514709 0.458896 0.416777 0.394327 0.655949 0.796414 0.741335 0.678286 0.889916 0.669513 0.934654 0.914846 0.816628 0.793345 0.959543 0.927737 0.925527 0.918700 0.895619 0.996228 0.537013 0.537299 0.877347 0.602046 0.859097 0.960621 0.899822 0.885028 0.995301 0.705638 0.758179 0.863578 0.926905 0.758244 0.705379 0.955010 0.747505 0.979833 0.711856 0.682013 0.730824 0.980669 0.563684 0.725048 0.841707 0.758783 0.777206 0.959801 0.841322 0.731739 0.948951 0.734542 0.754853 0.886296 0.993566 0.854182
0.584279 0.586033 0.951371 0.676517 0.896923 0.740763 0.727880 0.411746 0.946000 0.548998 0.476344 0.000000 0.714820 0.602846 0.935711 0.689055 0.510227 0.505105 0.530009 0.534555 0.928634 0.885238 0.945767 0.914471 0.673929 0.676859 0.919688 0.786292 0.477603 0.440599 0.931929 0.843675 0.657465 0.408129 0.807909 0.892767 0.942439 0.898167 0.927965 0.968680 0.778590 0.998780 0.973947 0.975390 0.904901 0.841864 0.724004 0.826113 0.946056 0.920265 0.927772 0.917809 0.806269 0.641742 0.635060 0.694274 0.633657 0.709054 0.738254 0.640195 0.452447 0.382011 0.401446 0.397697 0.756553 0.570418 0.789328 0.713857 0.903111 0.716773 0.918960 0.991131 0.698080 0.697417 0.996937 0.972062 0.986781 0.862655 0.951286 0.952039 0.522187 0.520965 0.804131 0.636436 0.740329 0.682199 0.920674 0.959200 0.814234 0.700134 0.965357 0.760200 0.960144 0.634884 0.713451 0.988115 0.762320 0.998650 0.769167 0.805954 0.740407 0.927606 0.613054 0.777643 0.865506 0.802332 0.805168 0.993248 0.846287 0.831131 0.896088 0.732471 0.834243 0.860328 0.964279 0.763274
0.965070 0.969837 0.994539 0.943149 0.750247 0.899293 0.939086 0.980689 0.950825 0.931089 0.949154 0.714820 0.000000 0.516047 0.475862 0.427508 0.936347 0.896712 0.969570 0.959218 0.807598 0.894453 0.709727 0.665110 0.958959 0.891276 0.723841 0.856673 0.982065 0.945662 0.726795 0.877456 0.931780 0.991899 0.907527 0.887505 0.961244 0.919843 0.836517 0.926772 0.822350 0.992584 0.942885 0.997925 0.964914 0.949848 0.892713 0.954700 0.951956 0.822711 0.973285 0.861397 0.846828 0.838568 0.675346 0.842895 0.887816 0.854307 0.759852 0.695574 0.805712 0.948667 0.810365 0.946343 0.761070 0.913558 0.954843 0.792591 0.992521 0.903956 0.829632 0.840281 0.995800 0.981516 0.918715 0.858685 0.983101 0.955015 0.854263 0.860619 0.896381 0.893419 0.797187 0.889527 0.535281 0.491486 0.988188 0.677541 0.701324 0.997746 0.884456 0.902330 0.978239 0.856903 0.862462 0.956247 0.908415 0.922660 0.974986 0.778760 0.928444 0.951587 0.960440 0.933445 0.980607 0.904910 0.776565 0.966188 0.986283 0.926307 0.864004 0.947338 0.833633 0.937603 0.941783 0.883159
0.920161 0.821521 0.992511 0.741985 0.887548 0.770208 0.927457 0.836786 0.995696 0.949958 0.954129 0.602846 0.516047 0.000000 0.542586 0.416539 0.995322 0.885894 0.690120 0.721762 0.889265 0.948525 0.654081 0.540340 0.972674 0.973747 0.700375 0.883474 0.724683 0.721071 0.927650 0.740904 0.924573 0.854036 0.855428 0.990945 0.856368 0.916081 0.892566 0.965054 0.847524 0.971475 0.849019 0.861912 0.937780 0.894627 0.763446 0.806048 0.917301 0.966640 0.970281 0.993160 0.957346 0.889839 0.813565 0.714938 0.867334 0.993508 0.878023 0.977802 0.869489 0.818806 0.738320 0.846564 0.875337 0.790876 0.967858 0.947384 0.984742 0.992470 0.938576 0.925210 0.821872 0.828307 0.984722 0.913689 0.766560 0.992011 0.905869 0.947800 0.800593 0.824382 0.751883 0.838508 0.605309 0.521487 0.923854 0.650136 0.818792 0.817887 0.980029 0.888128 0.994152 0.799233 0.831804 0.877902 0.910168 0.853591 0.946754 0.985062 0.857688 0.951208 0.878304 0.938213 0.944339 0.897916 0.701008 0.976393 0.922149 0.992888 0.820315 0.839130 0.986478 0.918652 0.873419 0.851802
0.965707 0.990863 0.906292 0.929353 0.805000 0.855808 0.764100 0.744555 0.919034 0.650335 0.767775 0.935711 0.475862 0.542586 0.000000 0.471687 0.817152 0.929845 0.892440 0.950285 0.959197 0.920366 0.563791 0.548212 0.728215 0.852794 0.585449 0.791597 0.932766 0.865062 0.834072 0.958774 0.931266 0.873617 0.913988 0.989379 0.920096 0.966435 0.686911 0.910900 0.904561 0.822244 0.933034 0.995080 0.889508 0.904983 0.934166 0.915882 0.943032 0.975190 0.962671 0.989192 0.953419 0.986516 0.835116 0.857301 0.959135 0.953709 0.755094 0.681017 0.866548 0.719959 0.998103 0.877804 0.550508 0.850920 0.873705 0.662183 0.784514 0.897449 0.922189 0.968185 0.993024 0.929402 0.943474 0.838025 0.889093 0.964224 0.797612 0.979059 0.981405 0.902024 0.605101 0.883438 0.452126 0.485148 0.824210 0.602466 0.648587 0.884365 0.825158 0.969752 0.987632 0.949298 0.911426 0.982336 0.979616 0.867690 0.862487 0.745229 0.846583 0.930615 0.987206 0.912184 0.989553 0.981132 0.871287 0.981524 0.990289 0.816549 0.942766 0.911088 0.800472 0.785786 0.822361 0.998112
0.970473 0.998782 0.892057 0.891314 0.758710 0.820152 0.875119 0.989982 0.971585 0.912219 0.946811 0.689055 0.427508 0.416539 0.471687 0.000000 0.897640 0.981778 0.887021 0.905981 0.910388 0.976888 0.489303 0.447061 0.914478 0.960670 0.668209 0.856862 0.863476 0.826339 0.977104 0.809809 0.955188 0.951756 0.995755 0.953742 0.841443 0.861139 0.746608 0.985362 0.955249 0.936084 0.995435 0.952516 0.879162 0.917290 0.937811 0.961182 0.816618 0.803861 0.865414 0.870533 0.886446 0.852996 0.879815 0.885096 0.989510 0.908853 0.713400 0.826486 0.897695 0.926333 0.861639 0.995844 0.744980 0.804913 0.917445 0.876186 0.998553 0.912456 0.994135 0.886854 0.849965 0.884877 0.959882 0.983511 0.879983 0.989009 0.839227 0.992556 0.957736 0.888544 0.610702 0.860317 0.533291 0.455253 0.900928 0.509193 0.783533 0.995275 0.880464 0.865643 0.923897 0.795729 0.923197 0.938316 0.985123 0.923455 0.868781 0.770818 0.905197 0.856279 0.988682 0.874573 0.978565 0.870574 0.744761 0.941104 0.984020 0.896590 0.743654 0.988085 0.914842 0.986287 0.849796 0.921213
0.441536 0.552349 0.877657 0.664688 0.949890 0.812615 0.595555 0.500088 0.947473 0.576944 0.426989 0.510227 0.936347 0.995322 0.817152 0.897640 0.000000 0.376884 0.577753 0.521272 0.938836 0.903234 0.852451 0.774559 0.797853 0.863277 0.813673 0.843124 0.601391 0.580937 0.825022 0.907943 0.579136 0.475570 0.775191 0.944534 0.786355 0.906643 0.926668 0.987454 0.717123 0.834344 0.996650 0.925120 0.848816 0.803581 0.754599 0.729873 0.811747 0.801858 0.893201 0.853512 0.976544 0.853700 0.636084 0.625532 0.505344 0.521959 0.448655 0.466325 0.552497 0.542143 0.435650 0.382591 0.756978 0.771165 0.672848 0.686120 0.699967 0.610186 0.838827 0.962927 0.774934 0.907975 0.917111 0.966384 0.966011 0.757645 0.812574 0.953055 0.449733 0.479987 0.848421 0.573307 0.802334 0.916577 0.962251 0.967447 0.769958 0.590007 0.838504 0.887913 0.918241 0.849058 0.735545 0.873900 0.694827 0.882474 0.631140 0.662180 0.767283 0.935814 0.466333 0.605566 0.787315 0.635308 0.973970 0.849726 0.931223 0.742639 0.993881 0.733637 0.835244 0.869301 0.847236 0.984119
0.317252 0.434206 0.755583 0.540702 0.986032 0.778370 0.566705 0.464868 0.912053 0.552351 0.496400 0.505105 0.896712 0.885894 0.929845 0.981778 0.376884 0.000000 0.486084 0.448374 0.909427 0.937118 0.961134 0.822908 0.801350 0.895765 0.965255 0.853558 0.528253 0.471942 0.742099 0.776871 0.435144 0.422257 0.727988 0.995579 0.681764 0.829688 0.985464 0.912766 0.770766 0.700479 0.926916 0.856913 0.848767 0.759973 0.640835 0.629480 0.793467 0.706489 0.816794 0.734749 0.819699 0.961006 0.645721 0.599085 0.341510 0.367247 0.370781 0.385742 0.559862 0.584717 0.419651 0.340738 0.790676 0.864940 0.602698 0.660168 0.571869 0.469747 0.790180 0.832939 0.777385 0.833012 0.945770 0.990182 0.955950 0.699896 0.745700 0.966192 0.356249 0.383429 0.706655 0.398330 0.690467 0.904361 0.993201 0.911134 0.834613 0.503670 0.825152 0.918561 0.849955 0.859836 0.677629 0.817113 0.703510 0.834823 0.598853 0.592949 0.797581 0.976785 0.384540 0.571010 0.731603 0.593940 0.966324 0.853516 0.939503 0.780718 0.967948 0.620693 0.745179 0.869467 0.847196 0.974712
0.473392 0.479517 0.825904 0.479674 0.949734 0.805213 0.604470 0.523958 0.913693 0.605737 0.590105 0.530009 0.969570 0.690120 0.892440 0.887021 0.577753 0.486084 0.000000 0.406834 0.884428 0.853174 0.756755 0.916318 0.861144 0.843207 0.890972 0.763061 0.575952 0.583683 0.725629 0.579377 0.611707 0.505269 0.833150 0.870501 0.887560 0.895009 0.855740 0.955025 0.713266 0.736779 0.844989 0.833576 0.685205 0.624218 0.635628 0.618378 0.647070 0.636031 0.807290 0.752285 0.686026 0.980469 0.661904 0.594007 0.560907 0.591217 0.637793 0.588915 0.659185 0.666679 0.502624 0.499464 0.823132 0.970482 0.778422 0.742936 0.710498 0.571744 0.619056 0.658339 0.721790 0.662148 0.970384 0.919033 0.779594 0.768804 0.958432 0.828793 0.564904 0.479502 0.665707 0.653436 0.603161 0.884330 0.982391 0.894254 0.900246 0.642165 0.665890 0.874333 0.672508 0.980253 0.635593 0.902292 0.727809 0.967978 0.583319 0.536942 0.773412 0.986216 0.508261 0.641882 0.691976 0.553041 0.922201 0.898688 0.999234 0.853184 0.885562 0.646392 0.659839 0.867081 0.858994 0.872008
0.448811 0.420393 0.789155 0.419243 0.973510 0.896492 0.672212 0.509198 0.944786 0.680160 0.490582 0.534555 0.959218 0.721762 0.950285 0.905981 0.521272 0.448374 0.406834 0.000000 0.985438 0.899393 0.843020 0.877105 0.951031 0.978048 0.984761 0.785856 0.490657 0.502269 0.649114 0.664987 0.516412 0.511217 0.823896 0.946788 0.764478 0.793468 0.990299 0.967685 0.681636 0.823231 0.881995 0.867112 0.843315 0.755843 0.685648 0.654462 0.772609 0.680832 0.839391 0.726924 0.797220 0.928447 0.816902 0.676937 0.474016 0.559532 0.557442 0.490101 0.721280 0.598067 0.551515 0.523713 0.852308 0.808910 0.743751 0.666562 0.711733 0.630837 0.672472 0.680000 0.729796 0.689906 0.961065 0.976876 0.859200 0.809249 0.902732 0.783123 0.627642 0.506132 0.656227 0.586794 0.681558 0.839735 0.944724 0.882893 0.899689 0.563130 0.766293 0.975475 0.849342 0.895279 0.690458 0.837946 0.690526 0.942677 0.663076 0.633220 0.695824 0.971663 0.554167 0.634217 0.716585 0.604632 0.900214 0.905839 0.931717 0.763981 0.940920 0.635046 0.668937 0.810248 0.824960 0.887801
0.917343 0.906256 0.910648 0.970448 0.696622 0.966752 0.895507 0.865867 0.988057 0.914314 0.949868 0.928634 0.807598 0.889265 0.959197 0.910388 0.938836 0.909427 0.884428 0.985438 0.000000 0.921731 0.710676 0.726200 0.872887 0.774270 0.990459 0.813739 0.949283 0.965736 0.932639 0.930149 0.856026 0.999885 0.928269 0.987490 0.928667 0.850183 0.762309 0.958493 0.916702 0.903558 0.865141 0.904330 0.879971 0.948253 0.773623 0.980378 0.936415 0.981762 0.877871 0.829760 0.993716 0.960754 0.884878 0.979513 0.760556 0.803593 0.741446 0.822668 0.983918 0.966484 0.957487 0.971081 0.892212 0.854709 0.801588 0.824638 0.871009 0.904090 0.956534 0.978233 0.836919 0.875942 0.916888 0.819701 0.979081 0.986114 0.841305 0.879803 0.887019 0.953163 0.991249 0.905560 0.901179 0.899809 0.947306 0.859245 0.813993 0.927808 0.804328 0.914637 0.738820 0.971274 0.830505 0.798529 0.958122 0.861693 0.868384 0.930769 0.886520 0.996305 0.929407 0.939960 0.863045 0.954651 0.875088 0.960787 0.921664 0.960612 0.983589 0.935331 0.940524 0.963111 0.865710 0.782131
0.945448 0.944797 0.903406 0.974682 0.969810 0.913774 0.964035 0.935074 0.855471 0.968745 0.785509 0.885238 0.894453 0.948525 0.920366 0.976888 0.903234 0.937118 0.853174 0.899393 0.921731 0.000000 0.884423 0.977823 0.980095 0.994760 0.962589 0.809786 0.775230 0.803822 0.839509 0.687863 0.975020 0.861860 0.961908 0.815321 0.817965 0.787909 0.909856 0.738797 0.943314 0.977492 0.851508 0.827357 0.928242 0.883356 0.864189 0.832659 0.853344 0.937910 0.792476 0.861494 0.916837 0.885274 0.907599 0.872316 0.955046 0.960252 0.886949 0.999077 0.975475 0.969047 0.851913 0.881104 0.872415 0.944144 0.900250 0.993635 0.935618 0.962205 0.894515 0.998575 0.894051 0.773206 0.951034 0.918717 0.824067 0.886139 0.904843 0.793943 0.961121 0.944068 0.895502 0.957822 0.972215 0.987670 0.997876 0.941383 0.852986 0.978584 0.974767 0.915165 0.932536 0.941083 0.839539 0.797104 0.860794 0.860539 0.949076 0.956240 0.990804 0.976340 0.989605 0.948869 0.845421 0.965309 0.776930 0.653243 0.983126 0.998276 0.922008 0.955626 0.919031 0.875186 0.876637 0.966546
0.938139 0.922434 0.824621 0.743670 0.724758 0.994153 0.897026 0.978050 0.923367 0.918577 0.920500 0.945767 0.709727 0.654081 0.563791 0.489303 0.852451 0.961134 0.756755 0.843020 0.710676 0.884423 0.000000 0.426404 0.797050 0.897426 0.765837 0.934700 0.850017 0.881285 0.779494 0.563410 0.869603 0.925856 0.944444 0.867636 0.952888 0.962343 0.920959 0.955935 0.995631 0.824124 0.907145 0.929280 0.860531 0.893711 0.964171 0.885866 0.980477 0.889393 0.940703 0.896682 0.739059 0.740376 0.956003 0.980392 0.967404 0.966231 0.738872 0.823843 0.984947 0.884493 0.976381 0.947536 0.707311 0.865151 0.984140 0.928399 0.911625 0.995305 0.749168 0.761971 0.774812 0.679082 0.975043 0.904110 0.780466 0.788512 0.761798 0.814629 0.871672 0.997532 0.545027 0.936580 0.573878 0.780010 0.732649 0.535635 0.990162 0.926585 0.771262 0.738486 0.716909 0.832006 0.858747 0.998577 0.996144 0.883077 0.915177 0.951867 0.993981 0.887026 0.963101 0.952181 0.844452 0.911863 0.925308 0.995112 0.906872 0.978797 0.795530 0.916573 0.905011 0.952062 0.856471 0.992805
0.820029 0.957464 0.982333 0.842525 0.730397 0.896288 0.798907 0.914291 0.950354 0.757808 0.873276 0.914471 0.665110 0.540340 0.548212 0.447061 0.774559 0.822908 0.916318 0.877105 0.726200 0.977823 0.426404 0.000000 0.709497 0.884506 0.684680 0.953150 0.950825 0.923718 0.883039 0.688485 0.959624 0.922361 0.964158 0.975048 0.910935 0.946023 0.824814 0.995256 0.908842 0.952321 0.991039 0.992058 0.865515 0.876876 0.882043 0.949547 0.800166 0.897420 0.839707 0.927320 0.967379 0.986589 0.978106 0.992533 0.946720 0.827482 0.609623 0.796221 0.865205 0.929710 0.870454 0.787087 0.670833 0.861691 0.794337 0.873327 0.930290 0.826821 0.916561 0.921949 0.892014 0.761760 0.823361 0.861170 0.829970 0.982568 0.730069 0.954865 0.771186 0.871732 0.709056 0.892280 0.676516 0.640258 0.834847 0.534109 0.839260 0.976514 0.956149 0.992934 0.950719 0.898010 0.887125 0.953967 0.939763 0.898948 0.796655 0.801407 0.993353 0.886656 0.866252 0.761289 0.952772 0.904480 0.872359 0.980580 0.966851 0.969181 0.802866 0.920816 0.974880 0.977154 0.847824 0.981549
0.906352 0.974978 0.815632 0.896312 0.918035 0.860755 0.638131 0.557140 0.914284 0.418656 0.753906 0.673929 0.958959 0.972674 0.728215 0.914478 0.797853 0.801350 0.861144 0.951031 0.872887 0.980095 0.797050 0.709497 0.000000 0.371730 0.674967 0.626691 0.726782 0.730956 0.857599 0.948574 0.924741 0.693501 0.917525 0.822161 0.773593 0.723833 0.774696 0.935146 0.969017 0.874440 0.820871 0.780635 0.818251 0.846958 0.988893 0.952236 0.923420 0.856845 0.835734 0.702688 0.830657 0.745756 0.971916 0.977874 0.864014 0.946572 0.937255 0.908826 0.554320 0.587361 0.690391 0.652445 0.419920 0.943372 0.998775 0.916545 0.940636 0.932340 0.935355 0.986452 0.999941 0.931909 0.760512 0.971753 0.889974 0.947403 0.967275 0.757963 0.785138 0.818300 0.759747 0.916185 0.838616 0.751419 0.757194 0.763521 0.730237 0.880615 0.888581 0.914556 0.977435 0.760631 0.987660 0.889341 0.958193 0.957325 0.748881 0.891431 0.882364 0.892427 0.857869 0.864498 0.884447 0.968832 0.990186 0.844053 0.903604 0.983900 0.964732 0.887695 0.920580 0.732622 0.732253 0.763816
0.997667 0.983105 0.786497 0.838298 0.829582 0.955812 0.758725 0.702504 0.924215 0.533697 0.783235 0.676859 0.891276 0.973747 0.852794 0.960670 0.863277 0.895765 0.843207 0.978048 0.774270 0.994760 0.897426 0.884506 0.371730 0.000000 0.734296 0.689314 0.815354 0.754381 0.726445 0.946036 0.968945 0.807374 0.869150 0.792242 0.765338 0.654739 0.781624 0.956518 0.994829 0.917093 0.707010 0.713631 0.914535 0.972014 0.925833 0.927344 0.980969 0.768219 0.711740 0.607598 0.806574 0.699002 0.982617 0.986461 0.860969 0.869116 0.938790 0.935903 0.705719 0.758150 0.776956 0.779922 0.529017 0.969276 0.853159 0.894042 0.986005 0.869774 0.924089 0.999888 0.904015 0.989983 0.881913 0.950281 0.926978 0.845810 0.974728 0.667905 0.885280 0.889636 0.860546 0.979640 0.950860 0.811066 0.815185 0.879805 0.741563 0.893502 0.946037 0.915499 0.994848 0.718751 0.948791 0.929639 0.993893 0.998068 0.898341 0.947146 0.974933 0.782192 0.944812 0.985589 0.888714 0.957728 0.895739 0.902790 0.948240 0.960428 0.973520 0.957729 0.944295 0.820249 0.790479 0.802682
0.938407 0.854644 0.893294 0.983020 0.826926 0.992117 0.737647 0.719438 0.941436 0.677483 0.879420 0.919688 0.723841 0.700375 0.585449 0.668209 0.813673 0.965255 0.890972 0.984761 0.990459 0.962589 0.765837 0.684680 0.674967 0.734296 0.000000 0.665925 0.959519 0.913387 0.982844 0.989941 0.931982 0.779394 0.898122 0.971319 0.845008 0.993636 0.809884 0.857935 0.958271 0.916202 0.908594 0.925948 0.751374 0.796314 0.968438 0.873104 0.837456 0.856348 0.947656 0.988405 0.952968 0.995514 0.994587 0.876559 0.999412 0.981914 0.857861 0.801230 0.870100 0.772501 0.999446 0.895871 0.633008 0.911407 0.984135 0.765387 0.947653 0.869805 0.893282 0.881556 0.937226 0.933357 0.974932 0.766568 0.975428 0.834519 0.905034 0.949411 0.989172 0.992515 0.696180 0.894321 0.700916 0.701940 0.887959 0.686834 0.907644 0.908155 0.772710 0.869858 0.920890 0.970325 0.905303 0.919496 0.779251 0.882494 0.769608 0.724112 0.833837 0.855267 0.963734 0.942324 0.987691 0.902731 0.721316 0.950821 0.948861 0.875172 0.980939 0.934628 0.758254 0.763779 0.903528 0.848448
0.999548 0.847538 0.973099 0.896733 0.921458 0.976358 0.634820 0.614254 0.910650 0.594123 0.785719 0.786292 0.856673 0.883474 0.791597 0.856862 0.843124 0.853558 0.763061 0.785856 0.813739 0.809786 0.934700 0.953150 0.626691 0.689314 0.665925 0.000000 0.785917 0.780369 0.895370 0.847290 0.927841 0.711960 0.987503 0.979481 0.804153 0.791918 0.795419 0.897896 0.983471 0.984216 0.964267 0.960584 0.704292 0.725102 0.988299 0.937898 0.842786 0.896651 0.978307 0.982197 0.904768 0.935673 0.886069 0.887601 0.904881 0.975302 0.919994 0.796157 0.713835 0.676264 0.866637 0.779795 0.653172 0.915413 0.915983 0.701506 0.830915 0.892150 0.909308 0.743670 0.838717 0.678846 0.876120 0.883001 0.975939 0.882008 0.980011 0.991050 0.991475 0.923708 0.932251 0.983127 0.824271 0.744707 0.916565 0.842272 0.739216 0.876323 0.796681 0.844286 0.861918 0.984603 0.846615 0.934831 0.906570 0.949364 0.712952 0.722288 0.716147 0.962829 0.946977 0.881602 0.981753 0.935423 0.804337 0.793936 0.981761 0.879973 0.982424 0.744676 0.711801 0.819439 0.821369 0.915428
0.640382 0.715375 0.934369 0.636366 0.957788 0.813093 0.637053 0.468367 0.949109 0.582887 0.529527 0.477603 0.982065 0.724683 0.932766 0.863476 0.601391 0.528253 0.575952 0.490657 0.949283 0.775230 0.850017 0.950825 0.726782 0.815354 0.959519 0.785917 0.000000 0.339058 0.636812 0.603374 0.606054 0.406223 0.871452 0.887421 0.937232 0.980244 0.912769 0.851600 0.937336 0.994273 0.997886 0.994086 0.873306 0.866690 0.836617 0.780205 0.960035 0.982409 0.982237 0.991277 0.999628 0.853930 0.871633 0.854029 0.687108 0.797787 0.771759 0.669928 0.577071 0.528314 0.481480 0.513713 0.681045 0.783919 0.728037 0.680032 0.955474 0.808405 0.794554 0.783459 0.702736 0.612708 0.896602 0.951930 0.967646 0.820268 0.860868 0.916214 0.662531 0.685413 0.849630 0.707414 0.871593 0.919418 0.917352 0.997604 0.945234 0.846007 0.836460 0.860471 0.942400 0.762530 0.669749 0.883205 0.861264 0.962326 0.713545 0.729310 0.616168 0.861108 0.629075 0.746000 0.950143 0.801600 0.918882 0.878831 0.945652 0.766599 0.799302 0.709689 0.777789 0.770171 0.999880 0.887374
0.656381 0.665553 0.957587 0.616435 0.910127 0.813353 0.650310 0.430416 0.942276 0.539068 0.495265 0.440599 0.945662 0.721071 0.865062 0.826339 0.580937 0.471942 0.583683 0.502269 0.965736 0.803822 0.881285 0.923718 0.730956 0.754381 0.913387 0.780369 0.339058 0.000000 0.614704 0.585156 0.535189 0.368162 0.814082 0.995228 0.909928 0.893322 0.983023 0.962701 0.912143 0.963915 0.914380 0.975283 0.925518 0.915860 0.918454 0.840455 0.961481 0.975479 0.891285 0.931385 0.916403 0.802267 0.899013 0.844436 0.633972 0.758919 0.758406 0.595107 0.576388 0.502164 0.484312 0.475371 0.656925 0.736202 0.752083 0.639436 0.919304 0.722661 0.807465 0.807475 0.670207 0.636670 0.964819 0.957620 0.988804 0.792006 0.867605 0.980180 0.643287 0.692031 0.744443 0.709222 0.907741 0.938909 0.961402 0.980890 0.945314 0.847316 0.858489 0.804394 0.957618 0.692177 0.706348 0.856831 0.867574 0.988676 0.768806 0.721141 0.709905 0.865521 0.641847 0.751370 0.896530 0.818599 0.924558 0.919673 0.953478 0.810618 0.874256 0.723489 0.821641 0.863827 0.923809 0.937666
0.803504 0.715958 0.744965 0.638663 0.862360 0.828230 0.694660 0.707889 0.982176 0.859402 0.794157 0.931929 0.726795 0.927650 0.834072 0.977104 0.825022 0.742099 0.725629 0.649114 0.932639 0.839509 0.779494 0.883039 0.857599 0.726445 0.982844 0.895370 0.636812 0.614704 0.000000 0.469647 0.650577 0.612044 0.880303 0.706685 0.910219 0.712956 0.976077 0.880042 0.908622 0.930871 0.796216 0.728551 0.820987 0.790454 0.850155 0.803306 0.942632 0.780001 0.774889 0.638194 0.727458 0.655687 0.901069 0.996191 0.711280 0.746063 0.802733 0.643020 0.820278 0.776001 0.790199 0.751790 0.957765 0.835419 0.630605 0.527972 0.980299 0.935671 0.658493 0.678627 0.596790 0.551166 0.820471 0.824158 0.893448 0.722312 0.822129 0.726684 0.857901 0.922404 0.810918 0.868511 0.932523 0.934563 0.987873 0.961348 0.916451 0.989710 0.661934 0.835283 0.732240 0.813196 0.710248 0.845696 0.955411 0.983809 0.714393 0.629038 0.687650 0.928949 0.746077 0.794304 0.762093 0.786834 0.846298 0.866240 0.987293 0.844136 0.892333 0.755017 0.748589 0.895320 0.756659 0.957215
0.869259 0.796463 0.894922 0.662016 0.955264 0.915563 0.823694 0.769523 0.931494 0.878806 0.883163 0.843675 0.877456 0.740904 0.958774 0.809809 0.907943 0.776871 0.579377 0.664987 0.930149 0.687863 0.563410 0.688485 0.948574 0.946036 0.989941 0.847290 0.603374 0.585156 0.469647 0.000000 0.694843 0.725834 0.856089 0.719175 0.851676 0.976543 0.963060 0.791748 0.945565 0.875711 0.896145 0.834220 0.823315 0.845954 0.939845 0.780736 0.952321 0.802678 0.929319 0.823239 0.737842 0.779685 0.984344 0.964915 0.798249 0.892869 0.979864 0.810360 0.942036 0.896578 0.842447 0.855964 0.954279 0.951710 0.911353 0.743629 0.987792 0.942054 0.561234 0.672892 0.638000 0.505472 0.915098 0.912856 0.808336 0.799787 0.989908 0.688758 0.958884 0.951164 0.748017 0.989036 0.882015 0.985178 0.913383 0.877418 0.832920 0.964745 0.748841 0.892105 0.774117 0.915411 0.807473 0.831119 0.986046 0.911256 0.794111 0.706064 0.758458 0.975938 0.779353 0.851261 0.856966 0.824542 0.983028 0.939998 0.951866 0.959146 0.830027 0.865217 0.756933 0.940041 0.793132 0.989745
0.459566 0.575287 0.668623 0.558648 0.940168 0.751692 0.551236 0.561604 0.838427 0.661345 0.610441 0.657465 0.931780 0.924573 0.931266 0.955188 0.579136 0.435144 0.611707 0.516412 0.856026 0.975020 0.869603 0.959624 0.924741 0.968945 0.931982 0.927841 0.606054 0.535189 0.650577 0.694843 0.000000 0.481315 0.747185 0.982784 0.675226 0.719975 0.907721 0.818876 0.780896 0.761749 0.863327 0.762112 0.764340 0.713729 0.618975 0.645350 0.794557 0.730859 0.721281 0.650540 0.764613 0.878931 0.693015 0.742997 0.440729 0.521202 0.493307 0.474055 0.579393 0.634447 0.533547 0.493635 0.924772 0.812662 0.537608 0.588301 0.713496 0.642939 0.829863 0.793081 0.613089 0.699934 0.982777 0.940289 0.872001 0.747592 0.694516 0.844515 0.515087 0.548757 0.683616 0.548166 0.731243 0.857805 0.982199 0.956856 0.913200 0.619603 0.647056 0.910893 0.787208 0.973643 0.947404 0.833644 0.599979 0.897396 0.619010 0.633412 0.741701 0.950354 0.531311 0.654765 0.644986 0.636047 0.966671 0.798749 0.818153 0.661411 0.922239 0.660563 0.730138 0.816453 0.729296 0.976777
0.496418 0.529029 0.839115 0.598018 0.991257 0.752173 0.455210 0.323284 0.902421 0.469335 0.448994 0.408129 0.991899 0.854036 0.873617 0.951756 0.475570 0.422257 0.505269 0.511217 0.999885 0.861860 0.925856 0.922361 0.693501 0.807374 0.779394 0.711960 0.406223 0.368162 0.612044 0.725834 0.481315 0.000000 0.738625 0.994399 0.901446 0.894834 0.987422 0.963984 0.783101 0.880215 0.888029 0.852071 0.718888 0.688524 0.753581 0.677791 0.819070 0.869241 0.908264 0.877551 0.936088 0.908584 0.695239 0.762185 0.564633 0.601713 0.572221 0.506261 0.400768 0.412507 0.362257 0.323910 0.700534 0.750154 0.587262 0.539737 0.824333 0.636426 0.811919 0.778041 0.648827 0.636096 0.973142 0.903791 0.955205 0.691364 0.872817 0.951980 0.512243 0.546760 0.774713 0.580088 0.852714 0.950109 0.979981 0.871843 0.960087 0.741717 0.675936 0.992227 0.794783 0.849672 0.651738 0.928591 0.759464 0.932764 0.551958 0.548549 0.643446 0.966242 0.483598 0.619924 0.748221 0.653179 0.989766 0.921306 0.896311 0.737662 0.890115 0.579304 0.757330 0.773411 0.921191 0.872586
0.719133 0.794052 0.682926 0.820289 0.987898 0.968256 0.856410 0.857145 0.912313 0.940060 0.806801 0.807909 0.907527 0.855428 0.913988 0.995755 0.775191 0.727988 0.833150 0.823896 0.928269 0.961908 0.944444 0.964158 0.917525 0.869150 0.898122 0.987503 0.871452 0.814082 0.880303 0.856089 0.747185 0.738625 0.000000 0.979375 0.851214 0.853770 0.970805 0.928172 0.736370 0.707511 0.904353 0.825175 0.871619 0.835980 0.839235 0.805350 0.841665 0.858363 0.839455 0.859393 0.959975 0.957278 0.835562 0.815362 0.731474 0.719699 0.749146 0.808054 0.825506 0.917559 0.695830 0.694356 0.817529 0.989169 0.721918 0.805217 0.851298 0.816771 0.984071 0.887208 0.872075 0.886946 0.880873 0.799463 0.993943 0.922375 0.937181 0.886882 0.739879 0.835621 0.770260 0.745567 0.863866 0.879626 0.862095 0.913926 0.856683 0.728307 0.994800 0.956973 0.901383 0.972329 0.816603 0.928528 0.979967 0.953174 0.824891 0.833760 0.856726 0.897382 0.772594 0.904692 0.816010 0.711886 0.954978 0.837055 0.977901 0.988149 0.867887 0.905120 0.972026 0.937227 0.963122 0.942198
0.995094 0.962847 0.930808 0.896492 0.891358 0.978380 0.934208 0.977329 0.936935 0.921984 0.996519 0.892767 0.887505 0.990945 0.989379 0.953742 0.944534 0.995579 0.870501 0.946788 0.987490 0.815321 0.867636 0.975048 0.822161 0.792242 0.971319 0.979481 0.887421 0.995228 0.706685 0.719175 0.982784 0.994399 0.979375 0.000000 0.962859 0.932218 0.855823 0.760652 0.966807 0.943169 0.740771 0.782658 0.758245 0.762445 0.909440 0.812966 0.795172 0.692664 0.780814 0.710213 0.655946 0.651504 0.925108 0.977656 0.978172 0.978130 0.996118 0.920145 0.916061 0.898589 0.985366 0.956128 0.931242 0.897241 0.868985 0.795808 0.860592 0.949752 0.812087 0.840382 0.933327 0.805366 0.922271 0.871286 0.833964 0.896235 0.894337 0.826197 0.937230 0.934733 0.924623 0.945761 0.993497 0.903833 0.914116 0.979390 0.793073 0.986186 0.762010 0.776439 0.765173 0.713707 0.844356 0.959639 0.938809 0.814482 0.809978 0.794778 0.867589 0.966312 0.899661 0.862633 0.985671 0.988198 0.943086 0.892120 0.992339 0.915134 0.959313 0.927403 0.840783 0.996201 0.914239 0.975826
0.572521 0.681125 0.572855 0.691010 0.943267 0.965568 0.787709 0.958735 0.993884 0.963317 0.878705 0.942439 0.961244 0.856368 0.920096 0.841443 0.786355 0.681764 0.887560 0.764478 0.928667 0.817965 0.952888 0.910935 0.773593 0.765338 0.845008 0.804153 0.937232 0.909928 0.910219 0.851676 0.675226 0.901446 0.851214 0.962859 0.000000 0.479767 0.804988 0.703520 0.748699 0.637031 0.735375 0.738074 0.909447 0.840862 0.720387 0.743771 0.762974 0.647069 0.608476 0.529954 0.678994 0.764392 0.695900 0.625414 0.567528 0.521250 0.551483 0.691307 0.964300 0.965815 0.874076 0.822068 0.802202 0.909700 0.695048 0.900923 0.584716 0.643861 0.908274 0.798012 0.983454 0.913901 0.978219 0.869039 0.951950 0.749358 0.786124 0.877462 0.709681 0.650284 0.776148 0.600603 0.675394 0.905260 0.977049 0.941819 0.795635 0.559827 0.761795 0.805687 0.746631 0.785330 0.845709 0.835359 0.651798 0.750916 0.767520 0.817144 0.930330 0.869551 0.632174 0.706696 0.602823 0.657265 0.840611 0.595137 0.911093 0.746300 0.935033 0.897322 0.881337 0.943612 0.772032 0.785508
0.699923 0.679176 0.666893 0.786968 0.708560 0.912872 0.834985 0.999747 0.978232 0.914574 0.967880 0.898167 0.919843 0.916081 0.966435 0.861139 0.906643 0.829688 0.895009 0.793468 0.850183 0.787909 0.962343 0.946023 0.723833 0.654739 0.993636 0.791918 0.980244 0.893322 0.712956 0.976543 0.719975 0.894834 0.853770 0.932218 0.479767 0.000000 0.900580 0.801790 0.760563 0.711566 0.698017 0.682923 0.854354 0.813320 0.740293 0.750440 0.776744 0.678287 0.597052 0.518634 0.650008 0.678213 0.850051 0.813212 0.615623 0.655568 0.674694 0.751000 0.996672 0.968588 0.987653 0.956962 0.791301 0.999625 0.680945 0.810826 0.758085 0.839071 0.842814 0.720363 0.924791 0.907646 0.885363 0.985834 0.981194 0.803701 0.827909 0.681237 0.849034 0.826267 0.919514 0.767919 0.861395 0.899166 0.980793 0.946853 0.815304 0.747178 0.799859 0.754684 0.695082 0.714557 0.886617 0.824913 0.683121 0.852339 0.788664 0.800732 0.905934 0.830308 0.809658 0.800136 0.663639 0.662847 0.730844 0.618369 0.964411 0.673646 0.963221 0.926974 0.895607 0.834274 0.748905 0.886557
