0.000000 0.392370 0.874126 0.698121 0.829764 0.544091 0.576235 0.432793 0.762565 0.754345 0.404866 0.348152 0.529549 0.456155 0.878497 0.543151 0.381369 0.374530 0.430175 0.382664 0.932682 0.951021 0.893858 0.847766 0.964673 0.873617 0.993717 0.912693 0.523389 0.453728 0.666122 0.567637 0.446277 0.458129 0.786318 0.893456 0.697204 0.814612 0.937827 0.861197 0.847362 0.874132 0.525280 0.482780 0.511060 0.521779 0.576011 0.623633 0.787307 0.710213 0.775070 0.827400 0.950790 0.924871 0.964225 0.841488 0.331718 0.496790 0.486675 0.862402 0.488533 0.609601 0.396942 0.446980 0.990599 0.699999 0.531730 0.589522 0.774238 0.662225 0.662232 0.634734 0.790707 0.658202 0.941692 0.714812 0.623560 0.765203 0.710164 0.631564 0.409217 0.471256 0.616638 0.728016 0.821747 0.802808 0.990418 0.889036 0.936119 0.923476 0.571203 0.817424 0.645257 0.847919 0.770876 0.758401 0.745759 0.734479 0.422765 0.460186 0.586903 0.611415 0.514976 0.568381 0.685568 0.806437 0.930432 0.870361 0.954998 0.913022 0.908007 0.667015 0.750180 0.893097 0.806922 0.981922
0.392370 0.000000 0.836113 0.967212 0.954879 0.728662 0.850962 0.619700 0.957881 0.767017 0.713837 0.404198 0.867672 0.683597 0.927497 0.659886 0.292381 0.300069 0.687493 0.545991 0.952384 0.938276 0.867546 0.954884 0.980173 0.971668 0.959331 0.947336 0.505383 0.328693 0.877268 0.729381 0.635742 0.658976 0.877908 0.959394 0.789461 0.854065 0.845932 0.708487 0.793156 0.837442 0.696280 0.616082 0.559690 0.474108 0.823959 0.755463 0.616932 0.680243 0.664390 0.775345 0.994617 0.962954 0.987329 0.881948 0.229785 0.245166 0.733525 0.759369 0.777851 0.492601 0.622887 0.361174 0.737989 0.793927 0.790837 0.744241 0.639139 0.576309 0.855098 0.839459 0.806253 0.737572 0.780132 0.743229 0.814994 0.825125 0.583701 0.528507 0.261489 0.423034 0.612120 0.580045 0.921616 0.869011 0.877696 0.936382 0.974538 0.943215 0.818093 0.920200 0.849223 0.895702 0.700997 0.900556 0.628716 0.845901 0.568666 0.662093 0.776986 0.858282 0.587564 0.756010 0.840161 0.976098 0.995358 0.992503 0.999335 0.828783 0.763033 0.585402 0.866099 0.860222 0.721858 0.900548
0.874126 0.836113 0.000000 0.263408 0.845009 0.858391 0.292945 0.441784 0.697747 0.771204 0.551906 0.939415 0.417807 0.495219 0.506996 0.616713 0.810388 0.941822 0.445481 0.660605 0.905204 0.996883 0.316596 0.439872 0.670544 0.489344 0.962016 0.927495 0.880745 0.988745 0.382040 0.432223 0.531334 0.480226 0.610284 0.742948 0.838771 0.976869 0.799510 0.893829 0.902093 0.719450 0.536627 0.617179 0.734751 0.836566 0.583926 0.571471 0.906199 0.997151 0.941911 0.955600 0.939379 0.854296 0.732338 0.944469 0.852184 0.706318 0.666903 0.990286 0.491095 0.930686 0.703918 0.755689 0.340893 0.533762 0.407287 0.492020 0.690478 0.777591 0.618516 0.572083 0.991431 0.841683 0.971144 0.862648 0.630957 0.671644 0.910727 0.897629 0.769207 0.982956 0.834764 0.783269 0.448730 0.598045 0.701713 0.778803 0.929237 0.963117 0.563573 0.563739 0.666531 0.647301 0.898719 0.898368 0.965825 0.998866 0.701421 0.594115 0.653660 0.594569 0.930759 0.839368 0.802356 0.791108 0.975809 0.771016 0.845329 0.804444 0.930809 0.969087 0.789871 0.997558 0.991243 0.814766
0.698121 0.967212 0.263408 0.000000 0.946230 0.741624 0.255535 0.310016 0.725619 0.769567 0.419966 0.738368 0.364032 0.344783 0.572976 0.549170 0.993838 0.839342 0.317271 0.470916 0.974523 0.975848 0.326668 0.308233 0.643815 0.519876 0.953960 0.824953 0.736851 0.829032 0.320489 0.345959 0.397045 0.352152 0.578570 0.706748 0.796536 0.996396 0.761196 0.917829 0.935797 0.734952 0.464606 0.531820 0.668826 0.767554 0.477049 0.504258 0.900323 0.967138 0.899801 0.934005 0.935398 0.874763 0.737885 0.902015 0.929810 0.871097 0.616973 0.929332 0.433677 0.931014 0.551748 0.941977 0.431459 0.437177 0.337455 0.383300 0.814682 0.866590 0.576220 0.543887 0.909409 0.738900 0.854963 0.812448 0.591224 0.627465 0.904661 0.838879 0.976136 0.809533 0.724504 0.895549 0.429069 0.491330 0.772173 0.738483 0.842111 0.841491 0.518076 0.612163 0.620938 0.700874 0.878850 0.786864 0.952658 0.916688 0.603887 0.468713 0.545990 0.492814 0.815342 0.700871 0.710472 0.763887 0.949612 0.823382 0.804683 0.795988 0.918333 0.918201 0.754389 0.947418 0.981736 0.783922
0.829764 0.954879 0.845009 0.946230 0.000000 0.909323 0.833249 0.848997 0.739867 0.729970 0.872872 0.811817 0.748782 0.807769 0.733571 0.704725 0.978317 0.908349 0.820387 0.822599 0.851193 0.967364 0.808277 0.958814 0.940788 0.977295 0.998900 0.981179 0.930139 0.869208 0.847233 0.872207 0.804017 0.786938 0.904416 0.880278 0.813949 0.888852 0.968948 0.947803 0.870495 0.982559 0.769021 0.794970 0.796451 0.821830 0.857465 0.785206 0.961578 0.955007 0.795041 0.718997 0.707678 0.708635 0.995126 0.931127 0.950510 0.956600 0.684476 0.849226 0.713739 0.988167 0.785356 0.853832 0.846204 0.914958 0.778221 0.833506 0.882483 0.817143 0.833494 0.773009 0.894585 0.895794 0.874858 0.877855 0.870095 0.921347 0.953247 0.917386 0.913722 0.997820 0.879087 0.944213 0.922520 0.967443 0.967335 0.857690 0.862256 0.822510 0.667645 0.689362 0.717969 0.675771 0.987155 0.999042 0.926790 0.995475 0.735440 0.876270 0.914862 0.871772 0.723373 0.692994 0.942761 0.639726 0.784850 0.756581 0.911685 0.973627 0.994227 0.770961 0.817393 0.796442 0.807320 0.989482
0.544091 0.728662 0.858391 0.741624 0.909323 0.000000 0.642506 0.559447 0.620056 0.666737 0.547235 0.545208 0.642663 0.666823 0.870707 0.563111 0.674764 0.600709 0.568661 0.615863 0.848745 0.920778 0.861018 0.794114 0.970590 0.801628 0.971198 0.801273 0.776357 0.643913 0.711864 0.636834 0.630703 0.553611 0.892890 0.999534 0.843257 0.876199 0.873556 0.955210 0.906944 0.920262 0.576052 0.598993 0.630912 0.629398 0.754889 0.677795 0.910709 0.841159 0.917404 0.922491 0.973524 0.853084 0.916201 0.975160 0.617330 0.847357 0.783672 0.938030 0.589582 0.716239 0.684903 0.720187 0.924632 0.711508 0.660560 0.612354 0.987413 0.973002 0.745810 0.717757 0.858197 0.709849 0.956987 0.811267 0.674443 0.713302 0.630865 0.706128 0.708136 0.669093 0.967410 0.934296 0.901514 0.891351 0.949037 0.894370 0.953758 0.983990 0.644664 0.800007 0.674795 0.736967 0.981358 0.980719 0.751654 0.804648 0.524390 0.678402 0.601390 0.623786 0.645934 0.619433 0.926624 0.873623 0.777487 0.962333 0.915345 0.891632 0.990558 0.770563 0.939062 0.855577 0.983514 0.828593
0.576235 0.850962 0.292945 0.255535 0.833249 0.642506 0.000000 0.223043 0.589238 0.536819 0.352238 0.610566 0.333135 0.322366 0.516597 0.422643 0.848181 0.687956 0.277106 0.453848 0.898715 0.881198 0.344435 0.471503 0.821039 0.562154 0.964591 0.934511 0.641593 0.661049 0.364513 0.325029 0.340571 0.295995 0.690585 0.725327 0.697028 0.931119 0.789986 0.987994 0.991527 0.831365 0.389411 0.473463 0.458769 0.576225 0.507599 0.448342 0.968098 0.829828 0.757552 0.741186 0.800542 0.686442 0.823664 0.860326 0.822166 0.998833 0.518703 0.890702 0.313270 0.812821 0.490058 0.890506 0.505947 0.436270 0.285851 0.341706 0.800043 0.956764 0.479431 0.451043 0.879884 0.723973 0.959022 0.796360 0.494250 0.571169 0.817853 0.709127 0.896924 0.771131 0.727737 0.986820 0.494955 0.603404 0.819534 0.849896 0.950453 0.923276 0.380164 0.491744 0.507107 0.567018 0.775343 0.748906 0.854355 0.905451 0.451597 0.394149 0.483663 0.447339 0.726100 0.658809 0.742206 0.668728 0.925368 0.799208 0.853184 0.874532 0.873375 0.795095 0.654839 0.943381 0.906256 0.904804
0.432793 0.619700 0.441784 0.310016 0.848997 0.559447 0.223043 0.000000 0.595789 0.534222 0.304964 0.433748 0.382291 0.287566 0.663310 0.418687 0.637668 0.506300 0.243682 0.319257 0.947013 0.893130 0.477094 0.494016 0.845303 0.592551 0.915706 0.920983 0.498758 0.506266 0.384076 0.316706 0.271276 0.261361 0.747210 0.755436 0.645102 0.908614 0.767612 0.970285 0.939874 0.906237 0.361049 0.427047 0.374263 0.466251 0.493995 0.461479 0.831563 0.744660 0.678381 0.727570 0.793401 0.720402 0.853977 0.833441 0.599792 0.769796 0.501348 0.846503 0.331169 0.646750 0.411435 0.698831 0.674899 0.442308 0.324550 0.316937 0.957749 0.904587 0.508040 0.438706 0.782104 0.601631 0.837801 0.723203 0.481772 0.566767 0.697932 0.632645 0.691330 0.586688 0.652585 0.857960 0.613379 0.620628 0.898737 0.848970 0.940397 0.881389 0.403510 0.603546 0.508980 0.693830 0.756595 0.758047 0.735016 0.864197 0.395366 0.350894 0.450866 0.455863 0.607608 0.571822 0.717783 0.714324 0.950981 0.815700 0.812140 0.923168 0.841065 0.746301 0.656554 0.900093 0.865016 0.949931
0.762565 0.957881 0.697747 0.725619 0.739867 0.620056 0.589238 0.595789 0.000000 0.434690 0.662916 0.779141 0.652683 0.720633 0.711418 0.588309 0.845010 0.802230 0.725602 0.724610 0.889638 0.935504 0.767164 0.959534 0.883375 0.848155 0.986597 0.795384 0.731975 0.769721 0.737744 0.764346 0.710747 0.638726 0.928830 0.888568 0.802517 0.791056 0.984438 0.873728 0.986165 0.908641 0.562438 0.582459 0.616041 0.639093 0.830039 0.722964 0.904197 0.820130 0.765871 0.681509 0.645335 0.564459 0.876415 0.923071 0.903977 0.974857 0.636327 0.939855 0.614776 0.933259 0.748007 0.909653 0.839626 0.878336 0.692066 0.783756 0.894247 0.941797 0.641636 0.544520 0.807562 0.772829 0.946590 0.890741 0.530084 0.719048 0.856652 0.872943 0.966308 0.935234 0.993019 0.841486 0.995383 0.851021 0.895944 0.882932 0.873120 0.788068 0.487305 0.472208 0.556918 0.477683 0.993465 0.868076 0.781323 0.878656 0.551517 0.561153 0.588263 0.555304 0.637454 0.653362 0.856718 0.580595 0.744880 0.739672 0.984540 0.971990 0.949359 0.810069 0.602877 0.742777 0.826799 0.825959
0.754345 0.767017 0.771204 0.769567 0.729970 0.666737 0.536819 0.534222 0.434690 0.000000 0.694201 0.675022 0.697374 0.659609 0.583477 0.509083 0.702063 0.611005 0.680048 0.718452 0.979720 0.852790 0.746571 0.998887 0.788155 0.938676 0.933188 0.894536 0.653732 0.569409 0.730809 0.678980 0.712070 0.605261 0.923500 0.998538 0.726032 0.907197 0.876333 0.952308 0.832424 0.931698 0.563541 0.591720 0.458166 0.487813 0.897012 0.666773 0.824799 0.772565 0.648019 0.584151 0.602235 0.516482 0.796242 0.991139 0.733730 0.804032 0.648512 0.898437 0.586835 0.790869 0.708195 0.705839 0.958430 0.836107 0.656772 0.692492 0.903773 0.899449 0.543682 0.469028 0.824025 0.776494 0.987902 0.860036 0.547892 0.589135 0.655754 0.715049 0.833647 0.997938 0.892261 0.981062 0.958230 0.849245 0.875565 0.916243 0.788541 0.746823 0.414236 0.471136 0.495141 0.486127 0.809402 0.927615 0.698625 0.872470 0.514998 0.518160 0.638214 0.577785 0.582229 0.666104 0.867797 0.569942 0.765377 0.660850 0.901092 0.956920 0.778201 0.602833 0.670215 0.750394 0.746666 0.784687
0.404866 0.713837 0.551906 0.419966 0.872872 0.547235 0.352238 0.304964 0.662916 0.694201 0.000000 0.460471 0.347370 0.320790 0.783721 0.561291 0.644018 0.578284 0.268668 0.377381 0.946486 0.863841 0.615249 0.630039 0.968193 0.697402 0.902995 0.927175 0.548158 0.573683 0.475601 0.438260 0.366602 0.315906 0.677863 0.841473 0.682470 0.948029 0.792725 0.904135 0.906062 0.985123 0.465016 0.503022 0.531852 0.607481 0.474736 0.510360 0.942599 0.797760 0.798343 0.868754 0.871313 0.828113 0.825121 0.817366 0.634399 0.843892 0.557011 0.886618 0.321393 0.693593 0.367326 0.681738 0.737419 0.514177 0.379930 0.400401 0.996800 0.980014 0.536015 0.611977 0.811590 0.690816 0.936049 0.694199 0.580542 0.604846 0.834766 0.743931 0.659998 0.600940 0.831611 0.856371 0.650720 0.663852 0.921619 0.891789 0.874341 0.907997 0.504548 0.679515 0.630511 0.741206 0.855043 0.665361 0.857016 0.888659 0.490996 0.427622 0.489405 0.557751 0.658837 0.593584 0.800915 0.767201 0.971038 0.810266 0.894648 0.945154 0.924286 0.813707 0.641722 0.985902 0.897859 0.853538
0.348152 0.404198 0.939415 0.738368 0.811817 0.545208 0.610566 0.433748 0.779141 0.675022 0.460471 0.000000 0.662441 0.507629 0.995639 0.566217 0.397681 0.323463 0.493936 0.396232 0.889095 0.887047 0.894406 0.852669 0.894893 0.910153 0.969017 0.989168 0.458400 0.361949 0.700868 0.641746 0.439088 0.449274 0.860521 0.826290 0.568316 0.779665 0.830513 0.893591 0.682217 0.857760 0.642844 0.604367 0.450313 0.499196 0.684250 0.615563 0.731236 0.697910 0.711763 0.739672 0.877176 0.809577 0.993843 0.890275 0.374353 0.449836 0.533280 0.681521 0.470296 0.398202 0.430792 0.354890 0.942559 0.595379 0.552660 0.496371 0.752014 0.540970 0.727175 0.687408 0.733347 0.599224 0.908326 0.743560 0.694131 0.770473 0.620244 0.618334 0.368534 0.449392 0.698722 0.617604 0.899319 0.814693 0.980204 0.962090 0.912299 0.926608 0.624258 0.888191 0.678157 0.878401 0.720815 0.808930 0.711135 0.766625 0.488025 0.566272 0.584320 0.655443 0.567297 0.623299 0.807455 0.804079 0.918802 0.874353 0.942830 0.885270 0.877815 0.733477 0.802593 0.930367 0.761210 0.908683
0.529549 0.867672 0.417807 0.364032 0.748782 0.642663 0.333135 0.382291 0.652683 0.697374 0.347370 0.662441 0.000000 0.305209 0.468763 0.461631 0.860040 0.732362 0.330929 0.451840 0.828527 0.980700 0.406177 0.491841 0.826197 0.684011 0.883817 0.833158 0.693227 0.704053 0.482854 0.454590 0.409069 0.363312 0.624743 0.775825 0.824224 0.978849 0.833622 0.997175 0.978541 0.866233 0.451499 0.504597 0.704992 0.784292 0.461764 0.551735 0.813090 0.986970 0.912964 0.913219 0.950327 0.800072 0.749074 0.926632 0.793136 0.997190 0.514655 0.948217 0.341911 0.965135 0.347181 0.835941 0.521304 0.555169 0.344722 0.499129 0.902797 0.970944 0.450126 0.540097 0.935485 0.854013 0.950545 0.690488 0.562034 0.555184 0.999959 0.827618 0.870343 0.826028 0.749405 0.872544 0.500902 0.583932 0.760948 0.884838 0.803027 0.940202 0.475675 0.558294 0.627631 0.592212 0.904998 0.717264 0.898436 0.884288 0.481332 0.455195 0.575743 0.565566 0.660684 0.603175 0.775526 0.684136 0.908197 0.700538 0.840843 0.897623 0.991283 0.807143 0.761182 0.922420 0.931877 0.813913
0.456155 0.683597 0.495219 0.344783 0.807769 0.666823 0.322366 0.287566 0.720633 0.659609 0.320790 0.507629 0.305209 0.000000 0.572747 0.394591 0.726778 0.562368 0.279443 0.306875 0.911285 0.954930 0.508588 0.480488 0.866805 0.699545 0.989070 0.848922 0.556967 0.560199 0.423971 0.369569 0.317513 0.272048 0.667368 0.731752 0.642263 0.982811 0.757231 0.940335 0.989339 0.879562 0.410613 0.464806 0.536952 0.603173 0.456027 0.458017 0.985123 0.855187 0.744876 0.770059 0.843756 0.763462 0.832635 0.928608 0.645844 0.826828 0.512511 0.877446 0.346504 0.773563 0.350598 0.709286 0.617626 0.445340 0.335749 0.390774 0.978362 0.897098 0.532086 0.526331 0.869172 0.702892 0.883079 0.591576 0.547882 0.584014 0.779799 0.754798 0.718940 0.632340 0.630507 0.857305 0.546272 0.513428 0.829112 0.828168 0.806001 0.849084 0.440924 0.649377 0.608515 0.712882 0.802939 0.667276 0.830006 0.849883 0.418490 0.404657 0.478390 0.550096 0.659403 0.648445 0.702690 0.699671 0.975083 0.748528 0.751829 0.934440 0.883425 0.757683 0.721636 0.988875 0.880324 0.868948
0.878497 0.927497 0.506996 0.572976 0.733571 0.870707 0.516597 0.663310 0.711418 0.583477 0.783721 0.995639 0.468763 0.572747 0.000000 0.511901 0.897881 0.987275 0.682752 0.779526 0.878311 0.985089 0.450770 0.681393 0.819267 0.775828 0.775152 0.764210 0.921538 0.927429 0.628091 0.667033 0.705682 0.664716 0.802427 0.825693 0.943258 0.979739 0.943250 0.943768 0.906737 0.792544 0.567817 0.671655 0.814704 0.864421 0.743195 0.751344 0.765379 0.889565 0.931937 0.852816 0.879121 0.737024 0.949457 0.823663 0.976537 0.870015 0.675101 0.962681 0.611887 0.813575 0.713520 0.953181 0.485257 0.749926 0.570315 0.735115 0.705864 0.872266 0.525784 0.541304 0.908290 0.958304 0.940999 0.817105 0.577589 0.664560 0.999258 0.998734 0.838119 0.786066 0.801201 0.732671 0.595574 0.773949 0.696657 0.950905 0.998757 0.931838 0.514750 0.482168 0.648813 0.509311 0.904461 0.946093 0.970423 0.844451 0.620265 0.636364 0.835336 0.623832 0.770655 0.735074 0.776603 0.689073 0.790680 0.630141 0.861166 0.744329 0.966725 0.741878 0.867080 0.904217 0.971376 0.922016
0.543151 0.659886 0.616713 0.549170 0.704725 0.563111 0.422643 0.418687 0.588309 0.509083 0.561291 0.566217 0.461631 0.394591 0.511901 0.000000 0.716146 0.565415 0.491421 0.461695 0.805454 0.897503 0.574766 0.665101 0.905814 0.653572 0.926591 0.869989 0.592812 0.534235 0.566633 0.492960 0.437228 0.435561 0.811623 0.733127 0.654464 0.842602 0.919017 0.933515 0.986120 0.965903 0.472100 0.543821 0.520143 0.555210 0.655666 0.582597 0.929274 0.843380 0.669513 0.671812 0.803576 0.662174 0.964788 0.997747 0.646266 0.762752 0.525981 0.797563 0.426687 0.719545 0.560940 0.713963 0.692655 0.534319 0.463361 0.508061 0.871247 0.861528 0.593069 0.536532 0.879153 0.778166 0.924522 0.742283 0.564007 0.716702 0.715058 0.646492 0.700326 0.743009 0.707485 0.925854 0.648761 0.685416 0.818197 0.974577 0.966682 0.903544 0.414382 0.629701 0.564785 0.592539 0.786316 0.897854 0.713309 0.803878 0.428628 0.536916 0.537966 0.563324 0.618610 0.702107 0.803692 0.760805 0.804725 0.769439 0.831280 0.931796 0.833499 0.582947 0.714381 0.934414 0.853250 0.934449
0.381369 0.292381 0.810388 0.993838 0.978317 0.674764 0.848181 0.637668 0.845010 0.702063 0.644018 0.397681 0.860040 0.726778 0.897881 0.716146 0.000000 0.286845 0.713760 0.604237 0.915279 0.908506 0.858979 0.927865 0.887504 0.869872 0.944164 0.943853 0.466228 0.318799 0.856540 0.780098 0.665748 0.635299 0.909482 0.976546 0.727591 0.734082 0.847327 0.681444 0.725278 0.789876 0.743749 0.634853 0.560796 0.543520 0.875870 0.805335 0.692483 0.713377 0.699797 0.726177 0.950390 0.874237 0.870138 0.857738 0.275542 0.312164 0.714992 0.726050 0.712163 0.479374 0.575425 0.306608 0.668369 0.822773 0.792966 0.723676 0.647413 0.592369 0.817958 0.764248 0.771620 0.674246 0.892316 0.686206 0.809943 0.839054 0.631696 0.603726 0.286812 0.521878 0.770364 0.553591 0.842108 0.978502 0.856555 0.826322 0.930760 0.964238 0.755557 0.985223 0.774799 0.995102 0.695427 0.893242 0.669659 0.751187 0.619682 0.620963 0.736461 0.779962 0.638385 0.695258 0.808680 0.933358 0.888690 0.896714 0.974755 0.824220 0.802383 0.650539 0.803217 0.885908 0.783218 0.851293
0.374530 0.300069 0.941822 0.839342 0.908349 0.600709 0.687956 0.506300 0.802230 0.611005 0.578284 0.323463 0.732362 0.562368 0.987275 0.565415 0.286845 0.000000 0.570828 0.517549 0.884596 0.996055 0.991908 0.933559 0.877948 0.972851 0.954578 0.941649 0.445643 0.271973 0.729249 0.618706 0.519909 0.540529 0.982992 0.875203 0.665683 0.808478 0.896766 0.777088 0.800902 0.854605 0.628608 0.564912 0.445219 0.415809 0.801531 0.657564 0.735518 0.686330 0.674659 0.649171 0.895186 0.820216 0.956800 0.902556 0.265613 0.335911 0.676402 0.767355 0.587153 0.481540 0.498416 0.290073 0.805489 0.703915 0.625684 0.609316 0.721512 0.574620 0.708118 0.666512 0.765680 0.629404 0.875545 0.714624 0.705250 0.716151 0.469136 0.512980 0.279368 0.476599 0.698003 0.595350 0.946278 0.880098 0.917611 0.859487 0.976961 0.959069 0.606742 0.870713 0.636240 0.875503 0.774284 0.832420 0.590945 0.845043 0.493767 0.529089 0.591751 0.687009 0.559564 0.685880 0.751975 0.806932 0.848958 0.935232 0.992972 0.850476 0.846569 0.632388 0.751303 0.886444 0.749710 0.890813
0.430175 0.687493 0.445481 0.317271 0.820387 0.568661 0.277106 0.243682 0.725602 0.680048 0.268668 0.493936 0.330929 0.279443 0.682752 0.491421 0.713760 0.570828 0.000000 0.339278 0.957406 0.895445 0.499154 0.463343 0.823022 0.637453 0.964025 0.879613 0.593016 0.585248 0.385304 0.332902 0.306416 0.276430 0.659026 0.803443 0.721048 0.973310 0.765581 0.968401 0.938993 0.913958 0.431243 0.472266 0.523182 0.596016 0.495560 0.465565 0.985634 0.851634 0.850653 0.890725 0.948179 0.911551 0.776976 0.843446 0.632043 0.843999 0.571031 0.943988 0.364012 0.779369 0.391559 0.746853 0.667383 0.478263 0.326132 0.351246 0.932018 0.942643 0.524937 0.577533 0.864916 0.702830 0.862531 0.707548 0.592932 0.609025 0.756350 0.697730 0.718950 0.573242 0.712933 0.905698 0.562064 0.578823 0.854621 0.829329 0.794372 0.860086 0.481236 0.666858 0.610900 0.761245 0.848748 0.719625 0.826389 0.912308 0.432394 0.404686 0.489668 0.536918 0.655570 0.607869 0.728864 0.756366 0.959685 0.838584 0.877810 0.897172 0.945988 0.724093 0.664500 0.961016 0.938988 0.902317
0.382664 0.545991 0.660605 0.470916 0.822599 0.615863 0.453848 0.319257 0.724610 0.718452 0.377381 0.396232 0.451840 0.306875 0.779526 0.461695 0.604237 0.517549 0.339278 0.000000 0.889573 0.987304 0.659597 0.570703 0.816850 0.727621 0.960950 0.868065 0.491718 0.536971 0.518886 0.431318 0.297129 0.343543 0.753167 0.767321 0.606561 0.998509 0.779482 0.891342 0.867526 0.979659 0.532946 0.547230 0.572429 0.630425 0.560254 0.590076 0.876758 0.819949 0.767403 0.875770 0.910466 0.903854 0.931692 0.876537 0.517019 0.631751 0.509430 0.796131 0.442993 0.615836 0.393267 0.633573 0.784056 0.535158 0.459573 0.433076 0.840749 0.775001 0.589264 0.614443 0.769368 0.626184 0.841641 0.687239 0.609506 0.656775 0.796696 0.694606 0.569867 0.477528 0.595967 0.778266 0.630274 0.603426 0.800909 0.828883 0.845582 0.843282 0.582234 0.832195 0.692461 0.882530 0.784400 0.795230 0.828069 0.812622 0.481582 0.457320 0.542746 0.637791 0.614790 0.629097 0.688098 0.789759 0.955759 0.894125 0.800469 0.957369 0.905081 0.734917 0.723480 0.972929 0.914894 0.981709
0.932682 0.952384 0.905204 0.974523 0.851193 0.848745 0.898715 0.947013 0.889638 0.979720 0.946486 0.889095 0.828527 0.911285 0.878311 0.805454 0.915279 0.884596 0.957406 0.889573 0.000000 0.915572 0.860379 0.916290 0.961844 0.982576 0.896792 0.930017 0.983228 0.909280 0.861820 0.961961 0.813204 0.842814 0.934287 0.816706 0.873374 0.844472 0.948844 0.759340 0.893136 0.999577 0.967199 0.995003 0.984551 0.965214 0.932207 0.977405 0.842901 0.866296 0.976363 0.956329 0.946005 0.856489 0.903044 0.950203 0.998312 0.938381 0.783108 0.791383 0.777928 0.951886 0.908767 0.927704 0.842791 0.844100 0.804389 0.827426 0.921170 0.960719 0.738101 0.917736 0.932014 0.876451 0.993563 0.850866 0.930637 0.847945 0.944100 0.860334 0.846621 0.933958 0.977584 0.948704 0.843135 0.818159 0.881654 0.834735 0.890340 0.957326 0.876223 0.878434 0.856971 0.774913 0.943735 0.886855 0.870084 0.942896 0.815298 0.981610 0.817108 0.976682 0.963420 0.963193 0.945566 0.813228 0.934248 0.974875 0.967997 0.956912 0.839342 0.904301 0.987657 0.929974 0.911393 0.890907
0.951021 0.938276 0.996883 0.975848 0.967364 0.920778 0.881198 0.893130 0.935504 0.852790 0.863841 0.887047 0.980700 0.954930 0.985089 0.897503 0.908506 0.996055 0.895445 0.987304 0.915572 0.000000 0.968508 0.930193 0.882163 0.825351 0.799211 0.863930 0.903028 0.920623 0.934726 0.984598 0.927831 0.944233 0.979835 0.959448 0.865880 0.863173 0.951920 0.868001 0.914361 0.943928 0.881016 0.957772 0.915571 0.909349 0.924668 0.995965 0.871861 0.857142 0.965879 0.999001 0.885082 0.959489 0.997336 0.859227 0.984085 0.985165 0.946327 0.999250 0.934349 0.887020 0.991874 0.993535 0.992228 0.953760 0.945206 0.887938 0.903276 0.930555 0.958111 0.979402 0.833825 0.996177 0.842782 0.968362 0.999081 0.902396 0.913276 0.972259 0.934660 0.992038 0.885543 0.989746 0.963036 0.879054 0.983935 0.949158 0.920249 0.861723 0.978227 0.966057 0.988747 0.940827 0.925250 0.921932 0.959485 0.985463 0.964939 0.977574 0.921607 0.854926 0.956560 0.900552 0.823315 0.972902 0.926870 0.958227 0.944034 0.857365 0.974371 0.835434 0.900961 0.950569 0.884343 0.935316
0.893858 0.867546 0.316596 0.326668 0.808277 0.861018 0.344435 0.477094 0.767164 0.746571 0.615249 0.894406 0.406177 0.508588 0.450770 0.574766 0.858979 0.991908 0.499154 0.659597 0.860379 0.968508 0.000000 0.388221 0.622898 0.613650 0.851503 0.890798 0.949636 0.908616 0.438086 0.457496 0.485898 0.479671 0.576014 0.650185 0.865027 0.999192 0.782380 0.909325 0.960912 0.706150 0.642127 0.746210 0.826821 0.930333 0.636485 0.654870 0.707142 0.854992 0.895701 0.887764 0.912725 0.755881 0.812401 0.992288 0.877281 0.805854 0.668686 0.878987 0.476544 0.969751 0.620550 0.913512 0.377411 0.460868 0.388441 0.440022 0.733295 0.747570 0.566028 0.602281 0.975011 0.958116 0.898764 0.839743 0.691770 0.668346 0.952087 0.863842 0.872051 0.951707 0.754112 0.783648 0.354927 0.483060 0.714959 0.752561 0.790388 0.772936 0.577336 0.592023 0.659662 0.618702 0.917926 0.886564 0.998484 0.938669 0.732959 0.633389 0.724099 0.595051 0.891874 0.765169 0.819019 0.667154 0.973119 0.772253 0.918884 0.746444 0.980779 0.965582 0.894937 0.947935 0.972916 0.819097
0.847766 0.954884 0.439872 0.308233 0.958814 0.794114 0.471503 0.494016 0.959534 0.998887 0.630039 0.852669 0.491841 0.480488 0.681393 0.665101 0.927865 0.933559 0.463343 0.570703 0.916290 0.930193 0.388221 0.000000 0.503871 0.644724 0.857872 0.818845 0.929701 0.875846 0.477161 0.427977 0.493799 0.462553 0.678798 0.744255 0.936792 0.944116 0.721800 0.961054 0.863983 0.659677 0.653948 0.710423 0.856076 0.939606 0.585978 0.660703 0.823177 0.904267 0.948791 0.947565 0.898144 0.999059 0.695846 0.974282 0.968718 0.898392 0.817948 0.924299 0.637439 0.980640 0.690348 0.901406 0.500699 0.459275 0.516186 0.476863 0.894525 0.763574 0.713740 0.805619 0.947188 0.918395 0.842316 0.814619 0.808290 0.757967 0.930917 0.834874 0.972270 0.740489 0.652202 0.965330 0.422563 0.356520 0.766413 0.559621 0.677517 0.692665 0.789899 0.861678 0.860167 0.958866 0.923886 0.841460 0.961443 0.995685 0.742185 0.703141 0.746038 0.756304 0.963808 0.809776 0.822757 0.944920 0.903048 0.984430 0.844067 0.805204 0.939626 0.940272 0.962685 0.963789 0.982968 0.767801
0.964673 0.980173 0.670544 0.643815 0.940788 0.970590 0.821039 0.845303 0.883375 0.788155 0.968193 0.894893 0.826197 0.866805 0.819267 0.905814 0.887504 0.877948 0.823022 0.816850 0.961844 0.882163 0.622898 0.503871 0.000000 0.669673 0.735981 0.981281 0.830936 0.919556 0.661870 0.640640 0.790146 0.814175 0.808969 0.762815 0.885398 0.964572 0.829939 0.981464 0.931073 0.658514 0.870890 0.900749 0.841015 0.875226 0.768546 0.887751 0.869777 0.832442 0.884709 0.723950 0.685436 0.749063 0.901401 0.864951 0.957265 0.950677 0.969296 0.882231 0.909703 0.992450 0.994794 0.789738 0.572030 0.651518 0.834254 0.798166 0.978323 0.745581 0.993434 0.947667 0.839363 0.849152 0.797543 0.812436 0.946035 0.992102 0.817401 0.876599 0.927916 0.825888 0.667696 0.849752 0.529218 0.542663 0.827286 0.785909 0.747768 0.706804 0.852255 0.838711 0.856711 0.767901 0.946304 0.967254 0.970766 0.922662 0.980080 0.959184 0.918603 0.965451 0.848697 0.940491 0.900625 0.856846 0.835464 0.957767 0.924794 0.856744 0.928682 0.998926 0.832335 0.907114 0.870624 0.811292
0.873617 0.971668 0.489344 0.519876 0.977295 0.801628 0.562154 0.592551 0.848155 0.938676 0.697402 0.910153 0.684011 0.699545 0.775828 0.653572 0.869872 0.972851 0.637453 0.727621 0.982576 0.825351 0.613650 0.644724 0.669673 0.000000 0.914657 0.942841 0.885133 0.987171 0.615074 0.624833 0.648937 0.699126 0.819571 0.675029 0.909100 0.882214 0.951195 0.969626 0.889356 0.853821 0.635855 0.809428 0.798144 0.785997 0.693613 0.772140 0.891865 0.931134 0.916151 0.931403 0.993967 0.959911 0.755860 0.966568 0.991507 0.891659 0.803832 0.925416 0.658920 0.888154 0.896107 0.828509 0.528702 0.566712 0.633453 0.623067 0.798810 0.787500 0.833518 0.790248 0.992616 0.906083 0.853615 0.983860 0.817651 0.819798 0.973067 0.893209 0.962020 0.868892 0.825067 0.845617 0.594748 0.693743 0.818368 0.853577 0.870004 0.936354 0.805670 0.892672 0.832849 0.889328 0.967167 0.884690 0.962877 0.907305 0.838361 0.791239 0.704539 0.810378 0.929366 0.946964 0.844727 0.967503 0.951466 0.964397 0.861627 0.903721 0.953076 0.920991 0.896579 0.903135 0.959060 0.857170
0.993717 0.959331 0.962016 0.953960 0.998900 0.971198 0.964591 0.915706 0.986597 0.933188 0.902995 0.969017 0.883817 0.989070 0.775152 0.926591 0.944164 0.954578 0.964025 0.960950 0.896792 0.799211 0.851503 0.857872 0.735981 0.914657 0.000000 0.712804 0.935105 0.948078 0.996051 0.988049 0.933878 0.980169 0.851771 0.915654 0.910079 0.937798 0.990629 0.988555 0.906790 0.990731 0.919694 0.997152 0.867231 0.910179 0.970682 0.947776 0.780457 0.804885 0.986075 0.896661 0.802833 0.950439 0.855556 0.920253 0.956701 0.966568 0.918784 0.825380 0.909083 0.999135 0.956472 0.992569 0.826558 0.825283 0.919575 0.985806 0.905877 0.965077 0.940245 0.883336 0.821105 0.803656 0.909372 0.957298 0.912500 0.833768 0.943798 0.970695 0.964733 0.955812 0.750260 0.730308 0.785974 0.772264 0.772424 0.999111 0.732191 0.885344 0.917904 0.933751 0.868007 0.953644 0.925392 0.829339 0.969348 0.790960 0.963610 0.938785 0.899332 0.927543 0.901010 0.984612 0.950639 0.932368 0.851902 0.821049 0.904690 0.839998 0.972118 0.948736 0.753047 0.872640 0.895766 0.932250
0.912693 0.947336 0.927495 0.824953 0.981179 0.801273 0.934511 0.920983 0.795384 0.894536 0.927175 0.989168 0.833158 0.848922 0.764210 0.869989 0.943853 0.941649 0.879613 0.868065 0.930017 0.863930 0.890798 0.818845 0.981281 0.942841 0.712804 0.000000 0.924459 0.936757 0.805118 0.951703 0.925336 0.917772 0.729590 0.839898 0.960328 0.932505 0.987016 0.883361 0.944541 0.990434 0.880846 0.825806 0.990410 0.993591 0.952889 0.966140 0.849864 0.889672 0.967310 0.881292 0.970222 0.995672 0.943419 0.985596 0.957175 0.872853 0.875878 0.818654 0.993735 0.777176 0.944273 0.864440 0.913591 0.978063 0.887473 0.994602 0.957156 0.984568 0.853103 0.824064 0.890165 0.869078 0.802277 0.982648 0.758156 0.950035 0.902165 0.851320 0.890035 0.883099 0.960004 0.789560 0.884709 0.926047 0.910822 0.915846 0.968448 0.929843 0.807906 0.821387 0.828613 0.764517 0.862066 0.953575 0.989817 0.767896 0.831200 0.858707 0.861037 0.819786 0.766824 0.737035 0.867742 0.933324 0.939133 0.793430 0.987759 0.733337 0.922782 0.936581 0.937618 0.868153 0.887536 0.992055
0.523389 0.505383 0.880745 0.736851 0.930139 0.776357 0.641593 0.498758 0.731975 0.653732 0.548158 0.458400 0.693227 0.556967 0.921538 0.592812 0.466228 0.445643 0.593016 0.491718 0.983228 0.903028 0.949636 0.929701 0.830936 0.885133 0.935105 0.924459 0.000000 0.427781 0.699881 0.719181 0.542447 0.597847 0.899830 0.924744 0.646806 0.855627 0.886052 0.744571 0.806354 0.946872 0.644988 0.612470 0.490910 0.490435 0.804045 0.654738 0.667609 0.650589 0.643768 0.664414 0.777548 0.747802 0.997310 0.793518 0.476396 0.545422 0.543482 0.743036 0.582507 0.549317 0.534922 0.526031 0.932601 0.748657 0.656723 0.645149 0.901265 0.574337 0.760035 0.628162 0.592126 0.554918 0.832879 0.663822 0.677344 0.776413 0.633703 0.726481 0.537995 0.674359 0.742652 0.682307 0.958780 0.901840 0.962038 0.886214 0.977282 0.878455 0.599016 0.883013 0.703978 0.844181 0.740784 0.822226 0.650847 0.918643 0.606476 0.565971 0.623048 0.734337 0.612470 0.749313 0.769833 0.953253 0.862642 0.759081 0.702061 0.931957 0.755260 0.854745 0.712931 0.818505 0.896702 0.951233
0.453728 0.328693 0.988745 0.829032 0.869208 0.643913 0.661049 0.506266 0.769721 0.569409 0.573683 0.361949 0.704053 0.560199 0.927429 0.534235 0.318799 0.271973 0.585248 0.536971 0.909280 0.920623 0.908616 0.875846 0.919556 0.987171 0.948078 0.936757 0.427781 0.000000 0.726664 0.632898 0.521555 0.508222 0.921430 0.912677 0.719620 0.819763 0.789738 0.747264 0.772427 0.885964 0.648554 0.591071 0.458477 0.448746 0.780235 0.648780 0.735781 0.667468 0.556880 0.559461 0.828754 0.701714 0.995600 0.885984 0.343799 0.372982 0.647791 0.643916 0.551270 0.466214 0.471096 0.319737 0.860633 0.659433 0.644916 0.589183 0.709598 0.647309 0.721169 0.721568 0.740854 0.669976 0.876307 0.698021 0.729138 0.720045 0.522731 0.470025 0.320164 0.484299 0.695533 0.580394 0.974011 0.792570 0.918622 0.940141 0.947190 0.900233 0.617532 0.865788 0.663465 0.889414 0.681027 0.855277 0.610916 0.881170 0.508929 0.600789 0.683510 0.705617 0.591346 0.741424 0.834360 0.817655 0.838741 0.874834 0.983075 0.822117 0.745679 0.634728 0.820156 0.793937 0.726223 0.957622
0.666122 0.877268 0.382040 0.320489 0.847233 0.711864 0.364513 0.384076 0.737744 0.730809 0.475601 0.700868 0.482854 0.423971 0.628091 0.566633 0.856540 0.729249 0.385304 0.518886 0.861820 0.934726 0.438086 0.477161 0.661870 0.615074 0.996051 0.805118 0.699881 0.726664 0.000000 0.396038 0.405425 0.391608 0.632011 0.773678 0.760092 0.985671 0.811015 0.991984 0.952789 0.742563 0.543011 0.567704 0.664825 0.729051 0.677921 0.623272 0.960651 0.995026 0.869540 0.960168 0.985654 0.921540 0.921890 0.953950 0.787617 0.952900 0.667086 0.894965 0.485709 0.861286 0.619134 0.947787 0.579291 0.498982 0.457153 0.458839 0.969565 0.980139 0.559428 0.491579 0.833361 0.630893 0.775436 0.649766 0.632097 0.736392 0.802327 0.767984 0.899333 0.819401 0.743052 0.966307 0.552398 0.581166 0.849442 0.841948 0.868519 0.926846 0.581984 0.710947 0.619420 0.791554 0.966254 0.870046 0.773928 0.931539 0.625475 0.522200 0.488830 0.578223 0.810173 0.774080 0.730030 0.856662 0.894437 0.733167 0.910626 0.879597 0.900731 0.905696 0.786776 0.969860 0.974502 0.906197
0.567637 0.729381 0.432223 0.345959 0.872207 0.636834 0.325029 0.316706 0.764346 0.678980 0.438260 0.641746 0.454590 0.369569 0.667033 0.492960 0.780098 0.618706 0.332902 0.431318 0.961961 0.984598 0.457496 0.427977 0.640640 0.624833 0.988049 0.951703 0.719181 0.632898 0.396038 0.000000 0.390514 0.338752 0.710459 0.694763 0.758643 0.877624 0.745870 0.961663 0.922141 0.822461 0.478540 0.468826 0.542093 0.608044 0.528180 0.464658 0.919364 0.811301 0.745340 0.813367 0.911208 0.846083 0.806900 0.996743 0.700940 0.856369 0.650844 0.875896 0.456141 0.780645 0.544612 0.849950 0.603881 0.464583 0.382093 0.391659 0.937975 0.938865 0.647687 0.601419 0.857162 0.725832 0.882408 0.690261 0.578862 0.594053 0.742521 0.596209 0.769807 0.594743 0.610332 0.875267 0.557554 0.518817 0.803963 0.786750 0.907852 0.775830 0.543354 0.701976 0.660241 0.795606 0.809923 0.804924 0.882527 0.882240 0.568399 0.499419 0.587848 0.564047 0.774817 0.679069 0.747621 0.798679 0.973714 0.882406 0.941116 0.972010 0.832557 0.801136 0.816834 0.980709 0.959340 0.926202
0.446277 0.635742 0.531334 0.397045 0.804017 0.630703 0.340571 0.271276 0.710747 0.712070 0.366602 0.439088 0.409069 0.317513 0.705682 0.437228 0.665748 0.519909 0.306416 0.297129 0.813204 0.927831 0.485898 0.493799 0.790146 0.648937 0.933878 0.925336 0.542447 0.521555 0.405425 0.390514 0.000000 0.319248 0.679562 0.686038 0.602135 0.831845 0.735675 0.842200 0.912933 0.899043 0.470964 0.535269 0.497944 0.582745 0.500898 0.576013 0.950420 0.857450 0.729616 0.825133 0.901162 0.833301 0.902324 0.842327 0.615269 0.734770 0.490863 0.750694 0.325527 0.612622 0.383999 0.656251 0.651313 0.371116 0.333505 0.314504 0.968143 0.880145 0.549830 0.537032 0.771796 0.649947 0.840010 0.681873 0.588876 0.687931 0.739237 0.630698 0.615297 0.522015 0.649194 0.844132 0.523983 0.502173 0.857693 0.841124 0.880914 0.853841 0.504399 0.747363 0.615149 0.818565 0.877300 0.786474 0.777446 0.910134 0.464634 0.471770 0.521640 0.570183 0.645144 0.663647 0.733985 0.796391 0.982378 0.855240 0.814273 0.980809 0.969331 0.766804 0.729369 0.865443 0.977232 0.873539
0.458129 0.658976 0.480226 0.352152 0.786938 0.553611 0.295995 0.261361 0.638726 0.605261 0.315906 0.449274 0.363312 0.272048 0.664716 0.435561 0.635299 0.540529 0.276430 0.343543 0.842814 0.944233 0.479671 0.462553 0.814175 0.699126 0.980169 0.917772 0.597847 0.508222 0.391608 0.338752 0.319248 0.000000 0.706115 0.797745 0.626656 0.851720 0.602401 0.948274 0.935809 0.850374 0.464062 0.459257 0.498906 0.599674 0.520293 0.476407 0.970925 0.849083 0.732943 0.746442 0.861223 0.747850 0.867261 0.990949 0.623815 0.801788 0.533667 0.777740 0.323891 0.691838 0.390501 0.686061 0.658025 0.402569 0.333893 0.312736 0.962399 0.930743 0.529564 0.563856 0.808380 0.687865 0.861338 0.629785 0.642454 0.581312 0.759139 0.629250 0.670326 0.551356 0.654039 0.805328 0.561690 0.538579 0.857477 0.836125 0.821415 0.837526 0.478872 0.676000 0.601768 0.723329 0.804356 0.749030 0.842837 0.843272 0.446548 0.440158 0.489091 0.555950 0.704799 0.617638 0.699951 0.718602 0.934505 0.798588 0.820427 0.948113 0.938246 0.707497 0.714529 0.999759 0.847414 0.910980
0.786318 0.877908 0.610284 0.578570 0.904416 0.892890 0.690585 0.747210 0.928830 0.923500 0.677863 0.860521 0.624743 0.667368 0.802427 0.811623 0.909482 0.982992 0.659026 0.753167 0.934287 0.979835 0.576014 0.678798 0.808969 0.819571 0.851771 0.729590 0.899830 0.921430 0.632011 0.710459 0.679562 0.706115 0.000000 0.795038 0.768070 0.943740 0.914923 0.969588 0.898720 0.969258 0.791026 0.792040 0.972248 0.980082 0.702108 0.833324 0.732057 0.905868 0.917839 0.921904 0.986735 0.981163 0.812582 0.933029 0.940065 0.860071 0.683561 0.967388 0.695853 0.982590 0.729004 0.958841 0.601964 0.672562 0.529519 0.615742 0.817886 0.924190 0.790587 0.739598 0.892619 0.828060 0.996274 0.835881 0.800895 0.930826 0.980635 0.972917 0.951680 0.947346 0.899760 0.825663 0.583300 0.683808 0.801796 0.956320 0.821100 0.891932 0.674400 0.817320 0.737209 0.718213 0.951924 0.842445 0.955709 0.893899 0.834277 0.817939 0.810301 0.690755 0.903963 0.813802 0.816897 0.794475 0.830986 0.726139 0.873371 0.832899 0.985213 0.816818 0.934565 0.975622 0.911751 0.765712
0.893456 0.959394 0.742948 0.706748 0.880278 0.999534 0.725327 0.755436 0.888568 0.998538 0.841473 0.826290 0.775825 0.731752 0.825693 0.733127 0.976546 0.875203 0.803443 0.767321 0.816706 0.959448 0.650185 0.744255 0.762815 0.675029 0.915654 0.839898 0.924744 0.912677 0.773678 0.694763 0.686038 0.797745 0.795038 0.000000 0.808729 0.871546 0.930885 0.906710 0.858267 0.910562 0.930455 0.992058 0.857617 0.951795 0.681874 0.854236 0.922528 0.998674 0.820526 0.865543 0.847639 0.925264 0.818347 0.947912 0.992305 0.924772 0.806133 0.728060 0.676909 0.777066 0.756648 0.911822 0.642005 0.537506 0.605695 0.577097 0.949276 0.938704 0.812378 0.805712 0.989129 0.861443 0.971285 0.984851 0.876167 0.911347 0.987378 0.933763 0.883530 0.805273 0.692240 0.990443 0.557891 0.547135 0.883008 0.846451 0.876175 0.866375 0.842210 0.942740 0.811160 0.930413 0.833233 0.822214 0.880587 0.785917 0.937209 0.911435 0.927499 0.818248 0.999026 0.828364 0.795878 0.795396 0.963553 0.995811 0.927896 0.921247 0.997897 0.875621 0.925461 0.839222 0.999714 0.931424
0.697204 0.789461 0.838771 0.796536 0.813949 0.843257 0.697028 0.645102 0.802517 0.726032 0.682470 0.568316 0.824224 0.642263 0.943258 0.654464 0.727591 0.665683 0.721048 0.606561 0.873374 0.865880 0.865027 0.936792 0.885398 0.909100 0.910079 0.960328 0.646806 0.719620 0.760092 0.758643 0.602135 0.626656 0.768070 0.808729 0.000000 0.864354 0.865382 0.786240 0.703742 0.778480 0.805632 0.795754 0.649448 0.761441 0.802466 0.873763 0.851329 0.872818 0.695571 0.782487 0.784754 0.779992 0.943114 0.992568 0.752269 0.771207 0.587049 0.722932 0.638165 0.674269 0.724221 0.743914 0.963523 0.699577 0.640384 0.563777 0.935707 0.843742 0.804262 0.669777 0.735150 0.702466 0.887888 0.712929 0.788157 0.981653 0.834709 0.792868 0.735550 0.785390 0.814957 0.768590 0.879561 0.900163 0.965888 0.967465 0.922469 0.990326 0.702005 0.842593 0.745085 0.840193 0.628278 0.921333 0.867936 0.881124 0.737282 0.799551 0.679015 0.793396 0.822939 0.837050 0.880822 0.844929 0.965786 0.775433 0.754486 0.871854 0.874208 0.876784 0.866391 0.908686 0.979697 0.963472
0.814612 0.854065 0.976869 0.996396 0.888852 0.876199 0.931119 0.908614 0.791056 0.907197 0.948029 0.779665 0.978849 0.982811 0.979739 0.842602 0.734082 0.808478 0.973310 0.998509 0.844472 0.863173 0.999192 0.944116 0.964572 0.882214 0.937798 0.932505 0.855627 0.819763 0.985671 0.877624 0.831845 0.851720 0.943740 0.871546 0.864354 0.000000 0.930799 0.887327 0.848126 0.955622 0.916346 0.977041 0.762150 0.808067 0.932436 0.947010 0.900766 0.929909 0.897448 0.863611 0.910135 0.918536 0.991437 0.950417 0.854011 0.833798 0.760889 0.665483 0.773907 0.706272 0.894340 0.751454 0.982685 0.796496 0.843603 0.818979 0.906417 0.870417 0.973634 0.882113 0.931372 0.946672 0.916291 0.964649 0.944827 0.853752 0.991649 0.896782 0.818750 0.872787 0.890000 0.983703 0.998279 0.977139 0.950846 0.822425 0.937576 0.750216 0.870083 0.964225 0.832517 0.907559 0.994738 0.968470 0.888176 0.858672 0.852808 0.945162 0.952013 0.943106 0.908138 0.923582 0.836842 0.846322 0.849013 0.941365 0.885394 0.973218 0.874720 0.797246 0.839486 0.877579 0.855421 0.972627
