0.000000 0.611946 0.813069 0.917953 0.854352 0.941004 0.645308 0.799513 0.968301 0.884348 0.688390 0.747879 0.710541 0.838113 0.862730 0.890197 0.568580 0.580821 0.484527 0.652121 0.873305 0.911663 0.976729 0.992790 0.880962 0.907220 0.952082 0.960400 0.667788 0.696121 0.867674 0.965144 0.674876 0.579946 0.901021 0.944076 0.960369 0.810523 0.946069 0.913681 0.931742 0.877334 0.850954 0.701615 0.961756 0.867520 0.731464 0.814229 0.913401 0.862693 0.815255 0.925976 0.971545 0.955933 0.847838 0.919175 0.503956 0.588932 0.621192 0.793354 0.607114 0.819023 0.600846 0.719174 0.831366 0.882324 0.855793 0.857141 0.848678 0.740127 0.931698 0.976014 0.792123 0.819488 0.991453 0.951853 0.777501 0.821033 0.894360 0.787359 0.607615 0.619922 0.800557 0.697507 0.679495 0.792614 0.912701 0.891766 0.939104 0.826859 0.932244 0.960925 0.862536 0.975963 0.934673 0.922920 0.884285 0.955853 0.867983 0.780080 0.843528 0.950724 0.795814 0.751206 0.952568 0.999571 0.901724 0.927897 0.819546 0.754228 0.850085 0.987385 0.927214 0.970250 0.887528 0.848571
0.611946 0.000000 0.965895 0.915652 0.817083 0.952990 0.808623 0.657963 0.959525 0.734395 0.836213 0.525574 0.608072 0.594965 0.677967 0.634728 0.564355 0.542045 0.612508 0.654086 0.868783 0.935855 0.832514 0.944764 0.966416 0.905648 0.892726 0.942656 0.566691 0.612334 0.802840 0.897697 0.510603 0.554710 0.921331 0.858291 0.902390 0.969510 0.846526 0.875733 0.962624 0.917350 0.805057 0.617140 0.714031 0.650135 0.640431 0.629295 0.804638 0.728680 0.672428 0.598675 0.773580 0.861372 0.834866 0.889950 0.521419 0.436614 0.686197 0.856712 0.499542 0.587013 0.469598 0.475486 0.898259 0.896405 0.859609 0.789229 0.861694 0.670535 0.900953 0.913683 0.939184 0.924623 0.930265 0.950142 0.728754 0.918952 0.644924 0.782677 0.450982 0.556331 0.685371 0.626273 0.714522 0.776532 0.953481 0.863640 0.990594 0.856777 0.941658 0.850293 0.910841 0.859087 0.841402 0.808796 0.848073 0.918134 0.651174 0.748466 0.857209 0.959422 0.745186 0.823702 0.875472 0.962478 0.895866 0.924093 0.869851 0.839564 0.837663 0.894100 0.912950 0.871932 0.702157 0.937796
0.813069 0.965895 0.000000 0.448813 0.995642 0.965464 0.371880 0.570531 0.729126 0.981024 0.924061 0.774330 0.819034 0.838022 0.862408 0.828309 0.828743 0.815994 0.825233 0.944323 0.764170 0.862053 0.786694 0.802678 0.500880 0.603993 0.985430 0.889675 0.783295 0.699206 0.922684 0.971889 0.796403 0.785053 0.679073 0.883814 0.823898 0.955445 0.824425 0.786938 0.986254 0.801364 0.634260 0.822715 0.820080 0.841463 0.691151 0.848095 0.774755 0.999330 0.854674 0.762215 0.997331 0.821155 0.846293 0.793551 0.938182 0.888936 0.562282 0.646679 0.741898 0.937747 0.829470 0.757244 0.379665 0.528277 0.499638 0.543461 0.934214 0.768715 0.938442 0.885837 0.861448 0.858281 0.905271 0.934245 0.764004 0.885993 0.850064 0.989382 0.975277 0.977010 0.827060 0.940280 0.633393 0.747942 0.696472 0.804235 0.737635 0.646956 0.615571 0.609219 0.554992 0.515663 0.974091 0.798713 0.897079 0.942933 0.731820 0.691893 0.631087 0.811725 0.992464 0.925426 0.581196 0.639893 0.969840 0.812401 0.802956 0.957913 0.948232 0.931033 0.985665 0.819562 0.761635 0.695980
0.917953 0.915652 0.448813 0.000000 0.835586 0.940597 0.560574 0.453465 0.955921 0.796092 0.965298 0.941441 0.988178 0.928122 0.743388 0.921520 0.730233 0.786410 0.987761 0.972607 0.766186 0.869787 0.793210 0.650017 0.599624 0.610413 0.925080 0.796001 0.686613 0.638132 0.979652 0.945190 0.872308 0.741292 0.659650 0.837913 0.801693 0.861010 0.695781 0.724148 0.954972 0.845917 0.749434 0.852131 0.764068 0.798979 0.798459 0.851489 0.671528 0.846146 0.886593 0.737612 0.886635 0.733557 0.949702 0.799009 0.843228 0.873461 0.714846 0.643431 0.856706 0.819631 0.845785 0.849271 0.404785 0.353721 0.395413 0.378772 0.684845 0.746142 0.747634 0.689373 0.710629 0.763407 0.914701 0.854683 0.664204 0.762187 0.942343 0.994066 0.996257 0.969757 0.803939 0.898556 0.704892 0.652619 0.729969 0.728245 0.956588 0.610476 0.624809 0.651429 0.532057 0.569911 0.970264 0.733388 0.840977 0.925943 0.665814 0.749188 0.649074 0.800425 0.952565 0.954626 0.492040 0.587076 0.923133 0.691441 0.808533 0.954940 0.884340 0.971572 0.974547 0.833242 0.765363 0.698409
0.854352 0.817083 0.995642 0.835586 0.000000 0.794912 0.924782 0.941232 0.886130 0.859254 0.765815 0.903540 0.722947 0.907365 0.767612 0.863626 0.700780 0.722854 0.787973 0.825920 0.843623 0.732067 0.833862 0.939907 0.959412 0.969879 0.960878 0.967313 0.853541 0.740797 0.783544 0.934418 0.841446 0.902940 0.955713 0.890084 0.846419 0.903467 0.969087 0.902725 0.881693 0.909387 0.946033 0.968859 0.758796 0.825021 0.888808 0.908351 0.772362 0.809731 0.855309 0.980970 0.853819 0.799403 0.882838 0.950169 0.677630 0.772799 0.926852 0.805393 0.763217 0.910037 0.720956 0.834194 0.965465 0.899937 0.914501 0.937766 0.977640 0.805623 0.819836 0.996890 0.790353 0.922398 0.927714 0.886373 0.900757 0.967501 0.870829 0.818020 0.734988 0.711122 0.796854 0.734680 0.746605 0.736783 0.966056 0.712123 0.947779 0.971531 0.966896 0.877386 0.913598 0.838962 0.868655 0.954037 0.969231 0.953278 0.973443 0.971328 0.884660 0.816563 0.991548 0.904793 0.986106 0.781957 0.982484 0.896746 0.990406 0.944651 0.992356 0.929712 0.995670 0.841019 0.887986 0.924134
0.941004 0.952990 0.965464 0.940597 0.794912 0.000000 0.947621 0.895134 0.921492 0.918286 0.955363 0.884787 0.982462 0.867829 0.987226 0.816718 0.908388 0.867524 0.983999 0.846437 0.818800 0.980992 0.869397 0.834863 0.915685 0.822617 0.855132 0.852415 0.926509 0.933422 0.867633 0.992764 0.933312 0.880857 0.887926 0.898869 0.721435 0.983298 0.894458 0.967477 0.762760 0.997386 0.901632 0.815093 0.946827 0.929604 0.916239 0.982033 0.922368 0.966989 0.864299 0.986768 0.818675 0.811957 0.913457 0.849686 0.995006 0.906069 0.764834 0.742625 0.980067 0.882173 0.956240 0.891010 0.916538 0.997477 0.977158 0.957952 0.834018 0.810535 0.836445 0.925831 0.877508 0.804646 0.925721 0.945779 0.965216 0.875744 0.973466 0.936858 0.962882 0.993811 0.950044 0.934221 0.833209 0.770040 0.910807 0.823789 0.899044 0.974240 0.781822 0.780836 0.742862 0.824108 0.943629 0.880583 0.817295 0.968447 0.944885 0.986884 0.971375 0.916387 0.918657 0.964594 0.922830 0.982990 0.941308 0.999920 0.924089 0.839094 0.896327 0.993739 0.886477 0.968332 0.927669 0.931346
0.645308 0.808623 0.371880 0.560574 0.924782 0.947621 0.000000 0.565313 0.669938 0.916733 0.887682 0.928709 0.636539 0.993546 0.933302 0.984051 0.999667 0.979338 0.708155 0.836969 0.836092 0.947628 0.719524 0.871132 0.621024 0.677044 0.945220 0.998411 0.924621 0.880839 0.889826 0.917364 0.684788 0.709037 0.716517 0.991770 0.835097 0.900207 0.888608 0.890256 0.984673 0.901910 0.649994 0.751253 0.896802 0.972627 0.701374 0.797840 0.884930 0.883280 0.775846 0.715647 0.911958 0.904613 0.863409 0.914253 0.863007 0.906745 0.479120 0.669698 0.524377 0.815134 0.928036 0.959092 0.441343 0.608925 0.613420 0.661929 0.947631 0.862858 0.994637 0.962221 0.902315 0.873475 0.920064 0.982620 0.732074 0.861240 0.948697 0.997649 0.823083 0.833415 0.990226 0.885908 0.494157 0.724398 0.801678 0.972297 0.701227 0.643244 0.682888 0.665335 0.716476 0.676386 0.935469 0.833980 0.920698 0.928870 0.698574 0.625158 0.709825 0.811005 0.986137 0.919216 0.652820 0.735080 0.896349 0.916959 0.726445 0.914651 0.838008 0.924980 0.953608 0.890349 0.743660 0.712824
0.799513 0.657963 0.570531 0.453465 0.941232 0.895134 0.565313 0.000000 0.975006 0.882948 0.939052 0.729071 0.759783 0.824914 0.914578 0.938223 0.966633 0.953906 0.856147 0.718882 0.977785 0.987822 0.790012 0.798826 0.883135 0.956994 0.911568 0.995701 0.981865 0.918147 0.988702 0.971097 0.742084 0.559011 0.728592 0.960383 0.903674 0.994418 0.994476 0.776071 0.906070 0.838168 0.749867 0.771604 0.858506 0.943411 0.742155 0.791473 0.738475 0.944765 0.770905 0.595397 0.967314 0.796746 0.919674 0.989490 0.937650 0.829016 0.520708 0.512864 0.550413 0.443877 0.842730 0.756773 0.592305 0.454766 0.532366 0.450404 0.729353 0.999742 0.799120 0.699832 0.795454 0.834950 0.930953 0.886661 0.550871 0.721983 0.865289 0.912669 0.725982 0.888652 0.911615 0.942728 0.712811 0.787736 0.737097 0.798217 0.943597 0.579489 0.675711 0.830957 0.707842 0.802223 0.870306 0.725741 0.693265 0.976870 0.522401 0.586762 0.661620 0.863144 0.715017 0.893028 0.489258 0.605722 0.955950 0.719736 0.793979 0.837696 0.679612 0.883167 0.935170 0.989995 0.699956 0.790124
0.968301 0.959525 0.729126 0.955921 0.886130 0.921492 0.669938 0.975006 0.000000 0.711080 0.995133 0.760460 0.871321 0.744611 0.956910 0.862756 0.882007 0.790051 0.997159 0.846138 0.920375 0.969990 0.741186 0.966087 0.867488 0.831641 0.915489 0.934821 0.845067 0.810084 0.919352 0.819407 0.939317 0.895500 0.897954 0.980746 0.814696 0.972672 0.957822 0.837198 0.975379 0.926231 0.887658 0.947667 0.892560 0.956948 0.954399 0.982472 0.796670 0.766963 0.860197 0.826571 0.777107 0.876942 0.918205 0.960289 0.940206 0.982856 0.823385 0.992024 0.853551 0.866551 0.930910 0.843704 0.779528 0.916327 0.977011 0.900042 0.831659 0.805802 0.858626 0.707515 0.843894 0.865698 0.992108 0.986306 0.950435 0.969974 0.843725 0.826925 0.869993 0.942760 0.987006 0.938082 0.754378 0.963593 0.890965 0.904028 0.763842 0.879713 0.842703 0.746769 0.742130 0.813250 0.994911 0.984270 0.900357 0.944721 0.906053 0.896473 0.879266 0.880737 0.881004 0.978142 0.969857 0.945498 0.978206 0.931744 0.907252 0.974978 0.869199 0.891309 0.974954 0.944949 0.980009 0.983660
0.884348 0.734395 0.981024 0.796092 0.859254 0.918286 0.916733 0.882948 0.711080 0.000000 0.779855 0.828800 0.822320 0.956954 0.813637 0.995885 0.704075 0.775442 0.733698 0.772162 0.829890 0.977828 0.787682 0.886595 0.844815 0.767806 0.762325 0.807222 0.619182 0.699978 0.726570 0.924691 0.671000 0.782008 0.959251 0.915584 0.917098 0.993597 0.589193 0.902511 0.809631 0.980039 0.839921 0.768739 0.646822 0.643379 0.818862 0.837169 0.599430 0.629097 0.679831 0.736242 0.705478 0.761250 0.874380 0.847669 0.646860 0.659329 0.775142 0.968255 0.714130 0.782589 0.655874 0.664841 0.835665 0.744251 0.904330 0.881961 0.798906 0.816801 0.847942 0.848913 0.865452 0.876118 0.821393 0.966688 0.999885 0.907933 0.905391 0.930677 0.701295 0.815764 0.851803 0.729976 0.926479 0.849813 0.969271 0.734887 0.901704 0.772276 0.906867 0.864321 0.945160 0.789983 0.972707 0.804999 0.759318 0.841569 0.839942 0.865028 0.830611 0.944438 0.680660 0.818487 0.938426 0.943565 0.805898 0.875215 0.943588 0.827514 0.807302 0.887181 0.941734 0.719222 0.957283 0.914434
0.688390 0.836213 0.924061 0.965298 0.765815 0.955363 0.887682 0.939052 0.995133 0.779855 0.000000 0.793869 0.811669 0.968388 0.975196 0.931588 0.617610 0.615701 0.624148 0.612845 0.782414 0.978772 0.947631 0.833289 0.948958 0.954631 0.922057 0.871658 0.664772 0.688322 0.800062 0.973963 0.773358 0.636958 0.996190 0.924062 0.954602 0.829310 0.991766 0.964045 0.937813 0.973420 0.869750 0.896566 0.982760 0.977625 0.970738 0.977599 0.973548 0.926565 0.951833 0.822244 0.931188 0.973026 0.979600 0.922617 0.724830 0.825218 0.873102 0.934467 0.791867 0.939611 0.700384 0.806851 0.886142 0.920464 0.996180 0.948099 0.884159 0.777372 0.983820 0.840686 0.587225 0.764085 0.960080 0.773935 0.943909 0.878291 0.835114 0.786656 0.723660 0.734792 0.930922 0.892734 0.986168 0.992486 0.766489 0.933927 0.901561 0.976403 0.663631 0.651469 0.783037 0.751257 0.968467 0.827035 0.947785 0.923864 0.915213 0.941209 0.977692 0.875027 0.864908 0.973956 0.992532 0.768937 0.967423 0.800516 0.985923 0.777512 0.935551 0.991243 0.847103 0.993559 0.976655 0.980662
0.747879 0.525574 0.774330 0.941441 0.903540 0.884787 0.928709 0.729071 0.760460 0.828800 0.793869 0.000000 0.660348 0.500353 0.707491 0.635074 0.553360 0.485576 0.756977 0.522945 0.823609 0.950191 0.928341 0.997208 0.679945 0.652301 0.876414 0.888711 0.522109 0.501039 0.963107 0.827697 0.680670 0.626793 0.999239 0.900196 0.978404 0.940570 0.763131 0.968947 0.891148 0.888469 0.949723 0.795456 0.855356 0.754376 0.916969 0.816821 0.947854 0.922999 0.802776 0.796222 0.969909 0.934473 0.968843 0.837117 0.601459 0.479567 0.855262 0.872457 0.593566 0.512396 0.448933 0.363129 0.853014 0.993784 0.921441 0.925398 0.898640 0.624853 0.907435 0.787345 0.860029 0.863335 0.936888 0.908079 0.742052 0.783195 0.556099 0.758843 0.461851 0.589543 0.680335 0.697098 0.894799 0.940952 0.905643 0.867570 0.776268 0.988017 0.806744 0.676636 0.732340 0.632307 0.734971 0.862758 0.864791 0.856610 0.829730 0.842198 0.991488 0.991314 0.659654 0.917768 0.890502 0.979767 0.992070 0.949275 0.983212 0.775108 0.751952 0.865161 0.921724 0.747516 0.856719 0.884608
0.710541 0.608072 0.819034 0.988178 0.722947 0.982462 0.636539 0.759783 0.871321 0.822320 0.811669 0.660348 0.000000 0.559517 0.503658 0.586141 0.693321 0.668821 0.694819 0.605960 0.964180 0.924384 0.671176 0.903721 0.994810 0.917254 0.839003 0.885264 0.698039 0.690089 0.781909 0.827391 0.624097 0.701810 0.873067 0.908458 0.826293 0.889174 0.837668 0.939698 0.941398 0.991731 0.904943 0.807015 0.885574 0.782811 0.755041 0.711918 0.973153 0.725434 0.791237 0.725717 0.865353 0.860847 0.829327 0.986294 0.666295 0.576526 0.758969 0.831801 0.398246 0.629527 0.603142 0.639997 0.845240 0.959502 0.931725 0.956182 0.835848 0.861076 0.951969 0.982430 0.959750 0.975735 0.950343 0.825803 0.850937 0.908963 0.689351 0.781355 0.562786 0.566616 0.683198 0.687483 0.553548 0.833238 0.911448 0.745034 0.898862 0.969919 0.961359 0.867934 0.846093 0.853891 0.921151 0.885070 0.985063 0.983909 0.763273 0.805485 0.954588 0.950252 0.915326 0.902292 0.893903 0.937818 0.974651 0.816738 0.955221 0.840352 0.897284 0.826682 0.992016 0.906683 0.704506 0.996899
0.838113 0.594965 0.838022 0.928122 0.907365 0.867829 0.993546 0.824914 0.744611 0.956954 0.968388 0.500353 0.559517 0.000000 0.503484 0.431626 0.667671 0.577590 0.871869 0.645317 0.821228 0.946385 0.879427 0.890363 0.860891 0.718041 0.870621 0.945995 0.618744 0.519495 0.804497 0.675950 0.666704 0.652724 0.931540 0.919703 0.987841 0.950145 0.790381 0.924955 0.907396 0.993009 0.884822 0.682271 0.775446 0.658072 0.764544 0.636062 0.952390 0.821645 0.802580 0.781415 0.912350 0.824229 0.962091 0.968115 0.747661 0.635486 0.948520 0.950292 0.600966 0.585300 0.568393 0.509992 0.942467 0.960284 0.943976 0.943873 0.761952 0.682371 0.991153 0.779947 0.879419 0.864816 0.945288 0.859528 0.912274 0.904825 0.617222 0.652573 0.550791 0.559526 0.586541 0.685439 0.771232 0.804973 0.821316 0.804459 0.853888 0.894627 0.801527 0.686545 0.662351 0.699686 0.825590 0.878203 0.966849 0.991881 0.823838 0.916337 0.920631 0.995331 0.834173 0.982964 0.991403 0.976829 0.908412 0.792154 0.858283 0.808686 0.859903 0.747088 0.897018 0.822215 0.809989 0.988566
0.862730 0.677967 0.862408 0.743388 0.767612 0.987226 0.933302 0.914578 0.956910 0.813637 0.975196 0.707491 0.503658 0.503484 0.000000 0.495107 0.637204 0.597148 0.746998 0.803853 0.899087 0.916887 0.663249 0.892476 0.878618 0.786249 0.855109 0.917781 0.588355 0.533573 0.680384 0.626485 0.621154 0.823992 0.991286 0.799549 0.894234 0.962028 0.788543 0.902569 0.895742 0.988935 0.851254 0.715518 0.616961 0.551128 0.698755 0.627160 0.721907 0.574695 0.769827 0.756916 0.736366 0.664166 0.857683 0.994655 0.603410 0.613344 0.998668 0.828623 0.633439 0.806057 0.564632 0.612026 0.951820 0.837159 0.802726 0.847826 0.961901 0.738317 0.843986 0.977284 0.864223 0.860270 0.958350 0.838320 0.982171 0.922840 0.659560 0.791783 0.582666 0.540505 0.477233 0.554902 0.654979 0.791557 0.594540 0.567718 0.968195 0.873186 0.810820 0.800339 0.666627 0.740379 0.947391 0.946974 0.949047 0.888948 0.876104 0.919098 0.984806 0.939548 0.953991 0.999755 0.884264 0.865700 0.934444 0.734595 0.910366 0.969483 0.937824 0.744579 0.770717 0.774190 0.853121 0.853718
0.890197 0.634728 0.828309 0.921520 0.863626 0.816718 0.984051 0.938223 0.862756 0.995885 0.931588 0.635074 0.586141 0.431626 0.495107 0.000000 0.792975 0.704088 0.880581 0.788343 0.855416 0.928145 0.687773 0.694736 0.895549 0.852333 0.958632 0.982200 0.713245 0.648581 0.735286 0.671702 0.728860 0.792873 0.961641 0.827749 0.857841 0.872366 0.877698 0.996841 0.959156 0.923391 0.967059 0.852705 0.712199 0.638866 0.814237 0.624883 0.851321 0.780677 0.763043 0.813462 0.835751 0.736681 0.959444 0.974159 0.729473 0.664917 0.859085 0.854523 0.695068 0.727503 0.610168 0.597225 0.971148 0.988783 0.911009 0.975298 0.721712 0.760934 0.969392 0.793426 0.999255 0.957153 0.979055 0.947942 0.928042 0.941231 0.643862 0.692466 0.620961 0.568183 0.513455 0.608983 0.656766 0.681780 0.735595 0.649340 0.825399 0.894147 0.901826 0.834410 0.753952 0.800968 0.943125 0.952212 0.852892 0.896867 0.818600 0.940294 0.996212 0.907746 0.941137 0.931823 0.993013 0.980523 0.912627 0.821282 0.927152 0.896253 0.983184 0.796626 0.881697 0.786015 0.854971 0.966063
0.568580 0.564355 0.828743 0.730233 0.700780 0.908388 0.999667 0.966633 0.882007 0.704075 0.617610 0.553360 0.693321 0.667671 0.637204 0.792975 0.000000 0.356500 0.537094 0.575652 0.940567 0.945171 0.985976 0.886737 0.838937 0.786677 0.959162 0.877282 0.390437 0.367867 0.755147 0.788571 0.576803 0.663605 0.939895 0.912466 0.974202 0.918717 0.782846 0.886497 0.928803 0.820430 0.947334 0.640979 0.671895 0.606884 0.728546 0.724601 0.677719 0.698715 0.704120 0.925214 0.802509 0.769313 0.832623 0.893044 0.417949 0.493688 0.861787 0.913088 0.660826 0.800182 0.415309 0.481724 0.809222 0.792597 0.830661 0.897948 0.860952 0.552452 0.988398 0.999980 0.614719 0.641718 0.998969 0.891291 0.917894 0.951696 0.660949 0.664867 0.409437 0.501190 0.587697 0.625589 0.854291 0.897833 0.949181 0.714214 0.919124 0.947170 0.695107 0.654191 0.627590 0.667768 0.869162 0.912676 0.912025 0.938852 0.986149 0.952550 0.994795 0.870916 0.774662 0.827242 0.873839 0.736272 0.931336 0.737139 0.952546 0.720645 0.884326 0.875382 0.890988 0.795902 0.867379 0.908274
0.580821 0.542045 0.815994 0.786410 0.722854 0.867524 0.979338 0.953906 0.790051 0.775442 0.615701 0.485576 0.668821 0.577590 0.597148 0.704088 0.356500 0.000000 0.554616 0.525544 0.973520 0.923902 0.978373 0.913507 0.770112 0.740618 0.921202 0.934066 0.409119 0.342403 0.810638 0.762904 0.579670 0.612232 0.891518 0.914735 0.943872 0.904832 0.863353 0.987247 0.877407 0.900166 0.998022 0.663409 0.753608 0.676364 0.777973 0.787719 0.821614 0.795359 0.807371 0.981185 0.908616 0.842295 0.906545 0.839328 0.400370 0.479284 0.859476 0.968048 0.628364 0.746640 0.381453 0.426235 0.795750 0.851668 0.867482 0.945576 0.904037 0.484019 0.950052 0.934067 0.582808 0.658665 0.976161 0.898578 0.848216 0.942968 0.600853 0.609640 0.404876 0.452548 0.589553 0.603622 0.883335 0.867999 0.879350 0.755369 0.854054 0.945767 0.652318 0.565545 0.561710 0.603097 0.812215 0.935713 0.892360 0.887513 0.986861 0.930636 0.957757 0.816527 0.739704 0.883662 0.927411 0.814468 0.953212 0.757301 0.984309 0.686705 0.822291 0.849488 0.955146 0.812841 0.861103 0.951972
0.484527 0.612508 0.825233 0.987761 0.787973 0.983999 0.708155 0.856147 0.997159 0.733698 0.624148 0.756977 0.694819 0.871869 0.746998 0.880581 0.537094 0.554616 0.000000 0.547420 0.902278 0.919142 0.797031 0.950336 0.918156 0.895102 0.949295 0.952388 0.568423 0.625971 0.691188 0.839116 0.527329 0.577918 0.894862 0.924556 0.816240 0.990087 0.966438 0.983056 0.918777 0.786401 0.808700 0.686239 0.824219 0.726493 0.600571 0.735750 0.796378 0.729429 0.796068 0.847660 0.929419 0.954105 0.781995 0.982312 0.498134 0.607413 0.719995 0.925532 0.655419 0.842024 0.553139 0.718950 0.929180 0.950235 0.846938 0.823697 0.811283 0.716793 0.952635 0.922245 0.748092 0.714450 0.969219 0.960385 0.820273 0.903274 0.786698 0.792570 0.558493 0.582773 0.760055 0.674375 0.732118 0.785909 0.866706 0.812896 0.911490 0.856852 0.957212 0.935568 0.921043 0.870533 0.954572 0.855395 0.853963 0.859302 0.826414 0.782246 0.751460 0.951757 0.773647 0.770446 0.903919 0.982250 0.936941 0.864589 0.819933 0.869647 0.835201 0.876009 0.919258 0.904184 0.847396 0.939237
0.652121 0.654086 0.944323 0.972607 0.825920 0.846437 0.836969 0.718882 0.846138 0.772162 0.612845 0.522945 0.605960 0.645317 0.803853 0.788343 0.575652 0.525544 0.547420 0.000000 0.969527 0.964032 0.887786 0.957085 0.875948 0.782147 0.937452 0.840973 0.585909 0.574900 0.914599 0.840543 0.581710 0.569872 0.969455 0.900369 0.997430 0.905151 0.861694 0.996629 0.968370 0.883102 0.978048 0.785453 0.931020 0.898997 0.879791 0.842065 0.899817 0.930368 0.955887 0.976842 0.828717 0.820847 0.979948 0.906414 0.649068 0.545879 0.731212 0.711798 0.601328 0.613739 0.550397 0.549224 0.915776 0.910482 0.965352 0.840332 0.930345 0.676044 0.956117 0.888907 0.757581 0.832780 0.901353 0.929654 0.759563 0.809085 0.703944 0.636585 0.509001 0.590905 0.821780 0.785980 0.857821 0.969138 0.853038 0.947007 0.874065 0.884750 0.820772 0.704098 0.808627 0.680824 0.893509 0.860276 0.854804 0.951861 0.937961 0.887845 0.829677 0.855999 0.679432 0.916127 0.744658 0.938654 0.913272 0.872982 0.937213 0.702055 0.682113 0.937893 0.915236 0.865742 0.809375 0.961902
0.873305 0.868783 0.764170 0.766186 0.843623 0.818800 0.836092 0.977785 0.920375 0.829890 0.782414 0.823609 0.964180 0.821228 0.899087 0.855416 0.940567 0.973520 0.902278 0.969527 0.000000 0.889527 0.936056 0.886940 0.804366 0.671573 0.925216 0.859215 0.913067 0.886844 0.933282 0.978964 0.943109 0.939158 0.867124 0.958790 0.860821 0.980782 0.801772 0.946187 0.982488 0.888021 0.973658 0.953892 0.836100 0.764008 0.946334 0.894920 0.806772 0.787322 0.854458 0.831327 0.733463 0.800982 0.958331 0.874970 0.936372 0.838950 0.969678 0.964391 0.927728 0.821383 0.898039 0.801396 0.798189 0.790909 0.751883 0.770863 0.993159 0.953959 0.959371 0.999576 0.893907 0.915256 0.958252 0.862765 0.933357 0.901388 0.929574 0.854913 0.915319 0.922691 0.847303 0.847367 0.913713 0.776198 0.804075 0.884177 0.943043 0.997520 0.904047 0.953799 0.946192 0.908067 0.928822 0.922540 0.996685 0.944057 0.912145 0.967207 0.835693 0.890766 0.868458 0.921295 0.809532 0.932499 0.922487 0.982399 0.904562 0.995559 0.957169 0.896209 0.925732 0.903205 0.979976 0.969069
0.911663 0.935855 0.862053 0.869787 0.732067 0.980992 0.947628 0.987822 0.969990 0.977828 0.978772 0.950191 0.924384 0.946385 0.916887 0.928145 0.945171 0.923902 0.919142 0.964032 0.889527 0.000000 0.968863 0.990562 0.845583 0.865246 0.866398 0.845780 0.880992 0.989796 0.967022 0.944744 0.913187 0.901252 0.835280 0.872374 0.900335 0.854669 0.912254 0.957100 0.962841 0.892605 0.741408 0.866869 0.955891 0.964056 0.798952 0.911577 0.938862 0.923573 0.866045 0.923981 0.888637 0.989125 0.950113 0.763835 0.904576 0.926539 0.941677 0.967916 0.966201 0.928587 0.988212 0.962929 0.860331 0.918169 0.842151 0.828136 0.980749 0.974331 0.923066 0.944106 0.914802 0.872431 0.992894 0.927790 0.981647 0.917109 0.977890 0.902876 0.984487 0.986577 0.991447 0.978127 0.968098 0.949134 0.731748 0.871436 0.906415 0.975059 0.953970 0.951144 0.865585 0.813384 0.999373 0.916210 0.900647 0.998513 0.878095 0.981133 0.867567 0.759898 0.920907 0.715085 0.972066 0.897394 0.898892 0.930198 0.997794 0.826690 0.952618 0.883623 0.962598 0.878460 0.979432 0.961791
0.976729 0.832514 0.786694 0.793210 0.833862 0.869397 0.719524 0.790012 0.741186 0.787682 0.947631 0.928341 0.671176 0.879427 0.663249 0.687773 0.985976 0.978373 0.797031 0.887786 0.936056 0.968863 0.000000 0.497133 0.827843 0.876292 0.998796 0.975410 0.979790 0.964301 0.633075 0.772180 0.685871 0.792947 0.833872 0.975771 0.569465 0.796870 0.951369 0.910753 0.893805 0.947939 0.756500 0.850736 0.743863 0.708494 0.668821 0.694338 0.823895 0.648074 0.717332 0.665983 0.827104 0.861223 0.840647 0.866652 0.785824 0.802837 0.935124 0.984186 0.710997 0.838382 0.762596 0.829530 0.729016 0.819149 0.853954 0.798403 0.901804 0.970147 0.982668 0.813817 0.827994 0.829353 0.921964 0.979502 0.901561 0.854175 0.841886 0.933204 0.712414 0.658975 0.654283 0.671563 0.444061 0.600995 0.878079 0.657750 0.912256 0.740013 0.896330 0.909026 0.881160 0.996241 0.974738 0.774825 0.839166 0.834997 0.697629 0.709522 0.667872 0.995373 0.940947 0.961488 0.696174 0.791147 0.957813 0.956842 0.869590 0.935353 0.940602 0.869538 0.918910 0.743611 0.739221 0.971477
0.992790 0.944764 0.802678 0.650017 0.939907 0.834863 0.871132 0.798826 0.966087 0.886595 0.833289 0.997208 0.903721 0.890363 0.892476 0.694736 0.886737 0.913507 0.950336 0.957085 0.886940 0.990562 0.497133 0.000000 0.723838 0.768701 0.760166 0.902493 0.873677 0.894669 0.766717 0.756885 0.874676 0.843388 0.913056 0.870652 0.665573 0.730703 0.890399 0.915712 0.962769 0.861285 0.853563 0.916881 0.937513 0.879273 0.726260 0.753891 0.989130 0.882398 0.795415 0.827723 0.992845 0.993688 0.809174 0.825248 0.990157 0.963503 0.906554 0.950023 0.960909 0.916778 0.959333 0.998840 0.669290 0.634146 0.703401 0.638726 0.778189 0.911129 0.878056 0.700680 0.728919 0.774917 0.997907 0.816361 0.910682 0.882951 0.890007 0.872492 0.839294 0.788911 0.804985 0.864024 0.552467 0.483324 0.962523 0.739795 0.965255 0.785125 0.811241 0.836748 0.808880 0.810852 0.884252 0.885546 0.924839 0.878461 0.869506 0.890267 0.643692 0.944592 0.968910 0.932101 0.683373 0.721243 0.997989 0.874346 0.888968 0.944350 0.937265 0.930442 0.913972 0.887812 0.823788 0.738283
0.880962 0.966416 0.500880 0.599624 0.959412 0.915685 0.621024 0.883135 0.867488 0.844815 0.948958 0.679945 0.994810 0.860891 0.878618 0.895549 0.838937 0.770112 0.918156 0.875948 0.804366 0.845583 0.827843 0.723838 0.000000 0.528990 0.792513 0.792027 0.755425 0.748036 0.782394 0.977824 0.916892 0.883494 0.685892 0.873331 0.777500 0.811134 0.709477 0.811651 0.917420 0.956542 0.563726 0.742404 0.980070 0.956763 0.694391 0.720944 0.994752 0.881097 0.854941 0.863198 0.937896 0.992528 0.900557 0.701138 0.871778 0.792006 0.846042 0.895037 0.997249 0.845768 0.745005 0.608741 0.462631 0.615601 0.541441 0.643690 0.852094 0.840039 0.905787 0.901663 0.940408 0.934798 0.859189 0.972010 0.923556 0.956620 0.863275 0.961896 0.920894 0.996033 0.889463 0.968358 0.677247 0.637949 0.800125 0.909857 0.802859 0.770455 0.736124 0.680955 0.666576 0.580151 0.919119 0.823686 0.897304 0.939065 0.957175 0.930138 0.718722 0.895764 0.907892 0.907318 0.798373 0.853768 0.933132 0.939574 0.898696 0.879954 0.892210 0.956430 0.968331 0.851643 0.908850 0.749025
0.907220 0.905648 0.603993 0.610413 0.969879 0.822617 0.677044 0.956994 0.831641 0.767806 0.954631 0.652301 0.917254 0.718041 0.786249 0.852333 0.786677 0.740618 0.895102 0.782147 0.671573 0.865246 0.876292 0.768701 0.528990 0.000000 0.825547 0.701844 0.739931 0.683193 0.814990 0.936706 0.930534 0.926230 0.843539 0.868255 0.751119 0.896214 0.634856 0.820165 0.879010 0.884403 0.790216 0.938827 0.982639 0.912939 0.793934 0.928853 0.973667 0.936117 0.916710 0.977630 0.955406 0.982776 0.859754 0.746629 0.883337 0.724100 0.980422 0.923042 0.906961 0.726515 0.751532 0.585337 0.562830 0.715630 0.563433 0.687595 0.877279 0.701750 0.744820 0.845262 0.908704 0.955000 0.812063 0.968260 0.983413 0.892099 0.766884 0.883540 0.803692 0.887476 0.861337 0.880682 0.793202 0.648200 0.723812 0.910273 0.938758 0.846715 0.737607 0.584803 0.657209 0.593612 0.844191 0.990463 0.863318 0.877000 0.895346 0.868879 0.801195 0.894187 0.736870 0.938358 0.877893 0.860088 0.911840 0.891025 0.897711 0.907847 0.804168 0.903209 0.951183 0.835211 0.902881 0.812398
0.952082 0.892726 0.985430 0.925080 0.960878 0.855132 0.945220 0.911568 0.915489 0.762325 0.922057 0.876414 0.839003 0.870621 0.855109 0.958632 0.959162 0.921202 0.949295 0.937452 0.925216 0.866398 0.998796 0.760166 0.792513 0.825547 0.000000 0.966806 0.824476 0.891789 0.946474 0.916589 0.867619 0.910427 0.950647 0.903638 0.929323 0.844321 0.716602 0.913119 0.855493 0.931694 0.967529 0.999918 0.968386 0.983826 0.915785 0.989695 0.974846 0.977479 0.958467 0.848350 0.952592 0.967338 0.914574 0.900185 0.904720 0.834162 0.831867 0.883915 0.813232 0.909399 0.843442 0.819338 0.924467 0.863064 0.965530 0.932899 0.994778 0.992602 0.890010 0.868732 0.928597 0.985060 0.935660 0.806482 0.959254 0.993800 0.953377 0.831858 0.969734 0.973047 0.967599 0.990846 0.946839 0.776821 0.882855 0.973082 0.782567 0.981095 0.906024 0.864787 0.924928 0.797094 0.851222 0.826620 0.985870 0.863094 0.981496 0.964154 0.815007 0.870828 0.996980 0.952844 0.956596 0.908002 0.998550 0.984058 0.933091 0.972495 0.909261 0.884427 0.998464 0.971632 0.882105 0.814479
0.960400 0.942656 0.889675 0.796001 0.967313 0.852415 0.998411 0.995701 0.934821 0.807222 0.871658 0.888711 0.885264 0.945995 0.917781 0.982200 0.877282 0.934066 0.952388 0.840973 0.859215 0.845780 0.975410 0.902493 0.792027 0.701844 0.966806 0.000000 0.940237 0.880688 0.947474 0.938984 0.996438 0.979397 0.788427 0.918567 0.896651 0.862253 0.838449 0.929287 0.876662 0.954142 0.761579 0.912762 0.913115 0.970883 0.782592 0.884272 0.960433 0.980691 0.932790 0.916599 0.911674 0.946766 0.912217 0.778484 0.982274 0.943794 0.887425 0.918679 0.879123 0.886173 0.925201 0.863441 0.769969 0.850185 0.687572 0.803995 0.892404 0.993715 0.791363 0.769681 0.968249 0.964131 0.929099 0.975058 0.916642 0.940244 0.896517 0.996435 0.895213 0.951424 0.966003 0.986104 0.935876 0.729095 0.954182 0.876864 0.962679 0.881326 0.880049 0.859131 0.839872 0.843454 0.975354 0.994021 0.940418 0.877407 0.879136 0.989266 0.804976 0.795079 0.921644 0.922081 0.996668 0.907624 0.997298 0.870390 0.943951 0.929333 0.937796 0.988117 0.975928 0.931713 0.976144 0.983371
0.667788 0.566691 0.783295 0.686613 0.853541 0.926509 0.924621 0.981865 0.845067 0.619182 0.664772 0.522109 0.698039 0.618744 0.588355 0.713245 0.390437 0.409119 0.568423 0.585909 0.913067 0.880992 0.979790 0.873677 0.755425 0.739931 0.824476 0.940237 0.000000 0.341323 0.683912 0.729861 0.572735 0.621221 0.910982 0.795232 0.976530 0.988390 0.664552 0.901701 0.895005 0.873044 0.896188 0.630298 0.623242 0.555221 0.727275 0.727093 0.668838 0.714323 0.703242 0.894466 0.767632 0.694539 0.934916 0.874350 0.487620 0.547447 0.914515 0.888566 0.686772 0.777790 0.433895 0.456678 0.728669 0.725340 0.852629 0.917352 0.930930 0.508043 0.941231 0.996372 0.567706 0.599562 0.922067 0.849610 0.903408 0.930499 0.681934 0.705675 0.470481 0.594764 0.630633 0.645948 0.979514 0.993337 0.917863 0.749926 0.831761 0.869012 0.633463 0.595847 0.594828 0.589647 0.879955 0.939320 0.954659 0.859655 0.940367 0.939388 0.980629 0.918095 0.672826 0.810992 0.860862 0.783210 0.829947 0.717260 0.918596 0.705572 0.799808 0.754615 0.850388 0.747994 0.882030 0.838086
0.696121 0.612334 0.699206 0.638132 0.740797 0.933422 0.880839 0.918147 0.810084 0.699978 0.688322 0.501039 0.690089 0.519495 0.533573 0.648581 0.367867 0.342403 0.625971 0.574900 0.886844 0.989796 0.964301 0.894669 0.748036 0.683193 0.891789 0.880688 0.341323 0.000000 0.703931 0.687418 0.588714 0.687978 0.919046 0.862155 0.975468 0.974956 0.750664 0.900760 0.902003 0.920569 0.935913 0.648511 0.629770 0.564910 0.787932 0.739202 0.665657 0.712229 0.749381 0.998505 0.805907 0.694938 0.926188 0.839140 0.472016 0.540602 0.996965 0.821723 0.689888 0.796158 0.396761 0.437216 0.677688 0.693536 0.761311 0.821276 0.923794 0.521588 0.950221 0.934048 0.595917 0.641884 0.965915 0.827367 0.991532 0.924719 0.593056 0.592251 0.424488 0.467328 0.514087 0.545744 0.920592 0.919923 0.832799 0.663226 0.810166 0.840936 0.588390 0.542939 0.498661 0.541975 0.825237 0.972345 0.994817 0.888512 0.986534 0.981589 0.917392 0.871294 0.716029 0.844519 0.817823 0.751573 0.836686 0.661843 0.929201 0.785636 0.844437 0.862966 0.915357 0.706658 0.943560 0.859988
0.867674 0.802840 0.922684 0.979652 0.783544 0.867633 0.889826 0.988702 0.919352 0.726570 0.800062 0.963107 0.781909 0.804497 0.680384 0.735286 0.755147 0.810638 0.691188 0.914599 0.933282 0.967022 0.633075 0.766717 0.782394 0.814990 0.946474 0.947474 0.683912 0.703931 0.000000 0.604132 0.585404 0.729678 0.848457 0.994547 0.708170 0.860226 0.941682 0.937286 0.975170 0.974609 0.690534 0.652363 0.529219 0.571387 0.565798 0.576062 0.619276 0.707826 0.658419 0.837336 0.728046 0.645588 0.797361 0.857213 0.724039 0.837395 0.895924 0.801550 0.815392 0.999285 0.719772 0.861706 0.979599 0.945399 0.881672 0.904937 0.851793 0.802043 0.910247 0.874414 0.834815 0.813828 0.952005 0.887707 0.972811 0.891796 0.889573 0.792896 0.693242 0.667509 0.630174 0.638519 0.697475 0.675851 0.982706 0.621906 0.950425 0.980988 0.891147 0.912283 0.908132 0.885696 0.917963 0.877413 0.999882 0.908175 0.816290 0.969732 0.876834 0.952874 0.916376 0.963054 0.977526 0.875354 0.848589 0.844504 0.994081 0.864691 0.988263 0.768742 0.925592 0.840432 0.961522 0.919237
0.965144 0.897697 0.971889 0.945190 0.934418 0.992764 0.917364 0.971097 0.819407 0.924691 0.973963 0.827697 0.827391 0.675950 0.626485 0.671702 0.788571 0.762904 0.839116 0.840543 0.978964 0.944744 0.772180 0.756885 0.977824 0.936706 0.916589 0.938984 0.729861 0.687418 0.604132 0.000000 0.687025 0.777754 0.968461 0.985317 0.949532 0.778812 0.885167 0.800921 0.980373 0.766506 0.786223 0.726983 0.668068 0.718563 0.666490 0.681056 0.859730 0.872839 0.843677 0.907042 0.908932 0.855366 0.843190 0.902262 0.802102 0.841835 0.826924 0.882848 0.929969 0.952002 0.762423 0.770515 0.961733 0.995086 0.931590 0.880400 0.941032 0.816361 0.964692 0.709953 0.920340 0.823471 0.847022 0.909285 0.987646 0.929897 0.731422 0.624435 0.713096 0.672035 0.621271 0.681255 0.828103 0.727803 0.820295 0.678270 0.809811 0.966788 0.829766 0.819304 0.764708 0.932552 0.941256 0.912447 0.985782 0.768354 0.858612 0.960900 0.824759 0.921210 0.845176 0.928271 0.908132 0.963726 0.871285 0.938283 0.900068 0.883254 0.894682 0.685287 0.932474 0.845922 0.997105 0.908475
0.674876 0.510603 0.796403 0.872308 0.841446 0.933312 0.684788 0.742084 0.939317 0.671000 0.773358 0.680670 0.624097 0.666704 0.621154 0.728860 0.576803 0.579670 0.527329 0.581710 0.943109 0.913187 0.685871 0.874676 0.916892 0.930534 0.867619 0.996438 0.572735 0.588714 0.585404 0.687025 0.000000 0.536071 0.834986 0.904673 0.865439 0.963851 0.920776 0.974620 0.938166 0.797480 0.683043 0.498936 0.665851 0.605247 0.555551 0.531396 0.759826 0.706041 0.667187 0.680701 0.768619 0.839729 0.841210 0.971549 0.513944 0.532051 0.696585 0.918025 0.520588 0.724262 0.503585 0.586998 0.863848 0.920644 0.791152 0.769810 0.973138 0.795808 0.935407 0.840698 0.890863 0.915501 0.890812 0.966646 0.796399 0.821415 0.767177 0.713984 0.466315 0.531896 0.623305 0.591077 0.653362 0.725643 0.977479 0.779253 0.994816 0.803179 0.915029 0.892389 0.899131 0.887838 0.865128 0.785031 0.928743 0.917828 0.702184 0.760709 0.766521 0.969627 0.780489 0.812118 0.778825 0.993741 0.804128 0.871729 0.926502 0.758279 0.823187 0.847838 0.895248 0.833519 0.690831 0.961514
0.579946 0.554710 0.785053 0.741292 0.902940 0.880857 0.709037 0.559011 0.895500 0.782008 0.636958 0.626793 0.701810 0.652724 0.823992 0.792873 0.663605 0.612232 0.577918 0.569872 0.939158 0.901252 0.792947 0.843388 0.883494 0.926230 0.910427 0.979397 0.621221 0.687978 0.729678 0.777754 0.536071 0.000000 0.797580 0.994378 0.854625 0.957534 0.985621 0.792976 0.902734 0.830333 0.718313 0.560526 0.848586 0.751682 0.616066 0.593674 0.949013 0.847451 0.711758 0.723237 0.927708 0.990894 0.970306 0.927574 0.647009 0.653318 0.685288 0.745475 0.603969 0.601848 0.606897 0.615748 0.819794 0.728332 0.666806 0.602381 0.912173 0.742140 0.894074 0.793717 0.804135 0.796964 0.923157 0.968209 0.764326 0.720924 0.738826 0.750978 0.544132 0.628907 0.834614 0.750805 0.737791 0.728059 0.867567 0.971592 0.963372 0.752722 0.934706 0.843212 0.943288 0.933057 0.871496 0.663030 0.850855 0.994560 0.681725 0.693637 0.699869 0.936742 0.671543 0.796803 0.726031 0.959341 0.993056 0.980871 0.861676 0.732766 0.788281 0.779749 0.914596 0.946422 0.674687 0.896087
0.901021 0.921331 0.679073 0.659650 0.955713 0.887926 0.716517 0.728592 0.897954 0.959251 0.996190 0.999239 0.873067 0.931540 0.991286 0.961641 0.939895 0.891518 0.894862 0.969455 0.867124 0.835280 0.833872 0.913056 0.685892 0.843539 0.950647 0.788427 0.910982 0.919046 0.848457 0.968461 0.834986 0.797580 0.000000 0.883616 0.703209 0.899398 0.838555 0.885980 0.958866 0.946191 0.647474 0.771408 0.911426 0.884645 0.747124 0.738884 0.957800 0.799286 0.768854 0.648929 0.860165 0.951916 0.823979 0.707356 0.958384 0.948554 0.804171 0.807833 0.835134 0.807317 0.978779 0.942587 0.675282 0.724236 0.684370 0.684253 0.868885 0.859249 0.818862 0.858478 0.855908 0.899090 0.992705 0.966961 0.794035 0.726593 0.933425 0.972551 0.967207 0.967639 0.992434 0.904390 0.777917 0.820346 0.847314 0.945079 0.886871 0.789123 0.762965 0.833885 0.724726 0.803483 0.846949 0.724630 0.934247 0.885623 0.699611 0.950738 0.930024 0.751664 0.923224 0.895048 0.797400 0.858853 0.894708 0.954449 0.856072 0.990026 0.977491 0.868221 0.888061 0.878948 0.913407 0.911765
0.944076 0.858291 0.883814 0.837913 0.890084 0.898869 0.991770 0.960383 0.980746 0.915584 0.924062 0.900196 0.908458 0.919703 0.799549 0.827749 0.912466 0.914735 0.924556 0.900369 0.958790 0.872374 0.975771 0.870652 0.873331 0.868255 0.903638 0.918567 0.795232 0.862155 0.994547 0.985317 0.904673 0.994378 0.883616 0.000000 0.837346 0.998687 0.875733 0.888528 0.911318 0.942895 0.974823 0.988033 0.981576 0.992301 0.949748 0.948871 0.983565 0.985581 0.971755 0.983245 0.963303 0.946610 0.833883 0.853347 0.951940 0.829431 0.918595 0.995132 0.940632 0.989410 0.859358 0.833321 0.890573 0.930491 0.942366 0.913742 0.911239 0.887781 0.809144 0.972447 0.933769 0.921376 0.822149 0.962671 0.885438 0.911118 0.854126 0.998735 0.906536 0.955245 0.902552 0.927930 0.970129 0.916672 0.968705 0.972760 0.870868 0.801405 0.879083 0.938882 0.830586 0.876195 0.901085 0.945269 0.952415 0.959635 0.995052 0.996172 0.944748 0.821022 0.952811 0.949856 0.958591 0.940264 0.914060 0.959719 0.975283 0.920898 0.867774 0.983446 0.944586 0.998991 0.976460 0.826720
0.960369 0.902390 0.823898 0.801693 0.846419 0.721435 0.835097 0.903674 0.814696 0.917098 0.954602 0.978404 0.826293 0.987841 0.894234 0.857841 0.974202 0.943872 0.816240 0.997430 0.860821 0.900335 0.569465 0.665573 0.777500 0.751119 0.929323 0.896651 0.976530 0.975468 0.708170 0.949532 0.865439 0.854625 0.703209 0.837346 0.000000 0.673071 0.932180 0.969080 0.925519 0.889815 0.728683 0.839564 0.729162 0.736395 0.735726 0.729548 0.772196 0.661319 0.685905 0.676776 0.751667 0.712226 0.769342 0.755051 0.931963 0.946912 0.950268 0.888051 0.875174 0.981943 0.935846 0.982075 0.756693 0.912186 0.804593 0.766953 0.819401 0.940684 0.720746 0.821569 0.855814 0.997627 0.908758 0.958991 0.998057 0.749511 0.952487 0.977677 0.939985 0.886013 0.898428 0.831911 0.741372 0.745211 0.961974 0.862132 0.963298 0.936407 0.824627 0.825055 0.734888 0.902415 0.982813 0.960993 0.922196 0.863600 0.700770 0.781365 0.808413 0.878919 0.890802 0.995925 0.834310 0.853585 0.830708 0.930509 0.936235 0.970036 0.951450 0.844415 0.964087 0.814638 0.740467 0.957304
0.810523 0.969510 0.955445 0.861010 0.903467 0.983298 0.900207 0.994418 0.972672 0.993597 0.829310 0.940570 0.889174 0.950145 0.962028 0.872366 0.918717 0.904832 0.990087 0.905151 0.980782 0.854669 0.796870 0.730703 0.811134 0.896214 0.844321 0.862253 0.988390 0.974956 0.860226 0.778812 0.963851 0.957534 0.899398 0.998687 0.673071 0.000000 0.952955 0.987164 0.919756 0.785027 0.679822 0.730368 0.716955 0.725226 0.736908 0.720497 0.827879 0.803840 0.765633 0.820382 0.805735 0.765487 0.943375 0.887192 0.882712 0.839562 0.828496 0.809741 0.856769 0.939728 0.913195 0.904788 0.831344 0.895821 0.813269 0.797727 0.850428 0.962127 0.847961 0.709312 0.931601 0.906992 0.943149 0.979252 0.930396 0.999291 0.837708 0.961767 0.956697 0.981075 0.911048 0.885099 0.984470 0.804748 0.997092 0.920485 0.800384 0.958698 0.987701 0.919560 0.877290 0.860563 0.815612 0.909951 0.956338 0.847070 0.880801 0.962155 0.856811 0.941623 0.885732 0.840427 0.895803 0.824790 0.849033 0.953194 0.891460 0.995470 0.988695 0.834301 0.994158 0.854533 0.837246 0.843781
