0.000000 0.336226 0.751014 0.812210 0.859005 0.996109 0.962480 0.984348 0.831922 0.785793 0.459020 0.485185 0.954199 0.983657 0.985972 0.994924 0.393829 0.376833 0.705612 0.687705 0.900694 0.910079 0.869129 0.865981 0.778908 0.774420 0.900430 0.860627 0.590339 0.554083 0.991656 0.983466 0.677242 0.569016 0.987679 0.930097 0.930869 0.850427 0.934340 0.841265 0.606844 0.721212 0.832724 0.722941 0.761334 0.623301 0.520792 0.619353 0.619145 0.668054 0.717650 0.723187 0.931284 0.820682 0.573171 0.702152 0.317035 0.405753 0.382981 0.449334 0.573410 0.790044 0.490813 0.435894 0.793730 0.927136 0.776826 0.587992 0.510835 0.601880 0.857320 0.927178 0.690144 0.788803 0.732787 0.889573 0.975238 0.964404 0.638281 0.700429 0.358891 0.393020 0.659305 0.439162 0.705014 0.800006 0.923444 0.891990 0.983472 0.734195 0.661540 0.625142 0.649946 0.528162 0.714352 0.920396 0.854357 0.998754 0.964099 0.985304 0.871510 0.734004 0.840678 0.754301 0.856624 0.910025 0.904400 0.960280 0.916690 0.855698 0.822635 0.841521 0.859782 0.805614 0.802495 0.988641
0.336226 0.000000 0.768910 0.829396 0.846419 0.997662 0.977612 0.983696 0.783639 0.686561 0.549934 0.491257 0.984857 0.939977 0.945768 0.995827 0.459346 0.440828 0.744699 0.741490 0.956523 0.925708 0.905447 0.878719 0.834734 0.776468 0.883487 0.769771 0.554985 0.570051 0.974363 0.977009 0.629001 0.612813 0.968521 0.985790 0.992145 0.956491 0.968782 0.841517 0.625680 0.681725 0.843749 0.737250 0.761825 0.629398 0.525922 0.597164 0.648156 0.639659 0.686614 0.677848 0.884163 0.865974 0.568483 0.736100 0.346414 0.358582 0.360041 0.386635 0.574487 0.822333 0.481055 0.433704 0.811352 0.907957 0.754758 0.599073 0.526322 0.600994 0.849034 0.922614 0.643624 0.786687 0.737477 0.912139 0.950543 0.994673 0.630889 0.645820 0.394946 0.414213 0.626170 0.448412 0.670032 0.774639 0.837181 0.838323 0.947611 0.747337 0.689304 0.655856 0.691023 0.545883 0.726314 0.893401 0.821861 0.906312 0.966839 0.986002 0.906373 0.791239 0.895741 0.807941 0.859929 0.873692 0.957095 0.918531 0.970237 0.825485 0.795158 0.845971 0.930389 0.859764 0.802713 0.896239
0.751014 0.768910 0.000000 0.322457 0.923655 0.836605 0.421754 0.428297 0.506499 0.707651 0.815368 0.870892 0.680177 0.851644 0.903309 0.568222 0.670373 0.638772 0.711028 0.702372 0.886791 0.933545 0.610643 0.569084 0.402282 0.463848 0.980424 0.937291 0.742389 0.768087 0.550679 0.648976 0.757377 0.881592 0.967605 0.967576 0.805922 0.716715 0.673438 0.766823 0.805980 0.884653 0.612987 0.730459 0.893377 0.968674 0.939850 0.906060 0.839713 0.932025 0.949589 0.976170 0.892783 0.853041 0.974537 0.937441 0.773170 0.488984 0.625909 0.636359 0.828363 0.954557 0.474597 0.488801 0.470948 0.466872 0.643384 0.930155 0.846962 0.726591 0.520870 0.525879 0.896088 0.867158 0.890088 0.857194 0.611979 0.653656 0.993847 0.927953 0.608702 0.721117 0.830680 0.745955 0.974624 0.827910 0.986823 0.833421 0.878205 0.931050 0.538209 0.523744 0.505213 0.457975 0.969957 0.781116 0.867836 0.844368 0.748147 0.607925 0.831593 0.668803 0.936168 0.770130 0.807667 0.943606 0.752559 0.877335 0.855505 0.991541 0.868376 0.945285 0.852171 0.874406 0.902837 0.854418
0.812210 0.829396 0.322457 0.000000 0.805394 0.860277 0.405350 0.378383 0.595931 0.768250 0.892023 0.876380 0.765880 0.774743 0.921284 0.626185 0.711218 0.727175 0.706691 0.669173 0.849752 0.997202 0.585857 0.555466 0.412931 0.463893 0.969278 0.977888 0.794568 0.839512 0.569374 0.605856 0.680392 0.872750 0.978328 0.931223 0.799347 0.772292 0.654951 0.840000 0.827983 0.825621 0.682387 0.729109 0.933300 0.965837 0.997863 0.955380 0.877752 0.984914 0.935035 0.998581 0.858699 0.891273 0.966099 0.924970 0.822864 0.574949 0.673130 0.665184 0.773567 0.935812 0.553006 0.563509 0.506568 0.540529 0.601394 0.857525 0.889144 0.871676 0.662210 0.593751 0.981085 0.970479 0.837802 0.929614 0.717651 0.727806 0.968611 0.960944 0.685259 0.818112 0.826760 0.866650 0.910321 0.782138 0.981078 0.936157 0.893238 0.852673 0.660996 0.616767 0.582706 0.547794 0.997974 0.763539 0.914432 0.926224 0.865485 0.716185 0.811998 0.707158 0.927377 0.773563 0.756279 0.891858 0.805796 0.997992 0.874700 0.975578 0.992539 0.796161 0.924487 0.849511 0.937541 0.877272
0.859005 0.846419 0.923655 0.805394 0.000000 0.998343 0.982019 0.825459 0.982501 0.987692 0.895861 0.976285 0.747703 0.997639 0.912582 0.912929 0.953985 0.957627 0.970326 0.986334 0.734137 0.909694 0.882974 0.871944 0.991027 0.804433 0.972751 0.889192 0.837573 0.873333 0.824111 0.813796 0.872640 0.848271 0.983372 0.895447 0.873173 0.856346 0.830943 0.835600 0.939991 0.990627 0.900977 0.783595 0.954472 0.819716 0.886744 0.840791 0.804680 0.742241 0.866252 0.893132 0.882369 0.969378 0.873833 0.918314 0.871538 0.916940 0.862554 0.829952 0.895747 0.967371 0.971967 0.961766 0.912834 0.899144 0.945883 0.776455 0.855220 0.766305 0.968089 0.965900 0.859827 0.931628 0.978079 0.995098 0.946658 0.982061 0.835843 0.964305 0.858246 0.865457 0.977263 0.872016 0.913489 0.963124 0.835331 0.918158 0.957725 0.922682 0.778221 0.868720 0.856220 0.842876 0.927410 0.879842 0.924301 0.942471 0.927226 0.846695 0.928265 0.865836 0.895431 0.870632 0.998129 0.958572 0.977311 0.980566 0.964694 0.737704 0.878738 0.902486 0.978717 0.973392 0.951016 0.983928
0.996109 0.997662 0.836605 0.860277 0.998343 0.000000 0.663394 0.615479 0.850336 0.600458 0.915439 0.860706 0.770458 0.921227 0.878887 0.783314 0.929028 0.917378 0.751009 0.956026 0.828570 0.964628 0.984643 0.943356 0.976168 0.867503 0.574011 0.943321 0.983717 0.942300 0.918759 0.791639 0.800951 0.751045 0.929632 0.918647 0.925540 0.874428 0.946904 0.986959 0.932552 0.939126 0.951821 0.874162 0.859789 0.743141 0.992418 0.760935 0.731129 0.731161 0.843484 0.834471 0.810502 0.862403 0.772052 0.966057 0.790419 0.860606 0.988305 0.955665 0.813853 0.768034 0.871001 0.866211 0.971160 0.641730 0.838843 0.747818 0.801825 0.753892 0.555205 0.576471 0.688631 0.738376 0.956825 0.996477 0.759741 0.865876 0.975536 0.991710 0.887345 0.893942 0.728641 0.800275 0.879387 0.878927 0.836955 0.843341 0.809549 0.642248 0.528686 0.572701 0.546851 0.723695 0.939560 0.948191 0.668436 0.913603 0.640127 0.692338 0.736946 0.853532 0.872775 0.995215 0.826084 0.931013 0.999526 0.886318 0.869075 0.945939 0.954469 0.815211 0.704877 0.995858 0.971411 0.862973
0.962480 0.977612 0.421754 0.405350 0.982019 0.663394 0.000000 0.366855 0.549686 0.708954 0.969960 0.961605 0.605574 0.879170 0.849300 0.527690 0.946167 0.922983 0.511865 0.712978 0.928398 0.918883 0.602691 0.617253 0.523816 0.652867 0.859671 0.911272 0.983134 0.979141 0.562354 0.544681 0.485575 0.613990 0.973515 0.991308 0.976286 0.868950 0.802000 0.863729 0.943426 0.872076 0.695085 0.818254 0.896143 0.960432 0.871861 0.912348 0.831978 0.892699 0.926192 0.945372 0.975280 0.954650 0.896379 0.865129 0.933698 0.684013 0.801868 0.746762 0.892775 0.957677 0.755700 0.743267 0.541089 0.465977 0.472224 0.714043 0.841991 0.760986 0.611185 0.547213 0.816311 0.856018 0.873942 0.921550 0.721802 0.681765 0.967570 0.915476 0.860841 0.985429 0.933819 0.982229 0.771274 0.677948 0.971622 0.956716 0.895993 0.969160 0.560216 0.555239 0.497628 0.571904 0.865826 0.794912 0.812300 0.937003 0.742283 0.661744 0.865529 0.656630 0.890852 0.768730 0.706814 0.877047 0.884843 0.952311 0.823477 0.999977 0.983024 0.986664 0.803231 0.914862 0.911314 0.911851
0.984348 0.983696 0.428297 0.378383 0.825459 0.615479 0.366855 0.000000 0.647130 0.562679 0.977352 0.864956 0.835133 0.950403 0.871468 0.730916 0.942101 0.869706 0.602561 0.699087 0.966968 0.993465 0.864471 0.821686 0.599251 0.610875 0.762272 0.924436 0.926575 0.986491 0.663636 0.581949 0.577995 0.669264 0.838514 0.958079 0.937881 0.883704 0.777378 0.807767 0.996789 0.945094 0.796175 0.885657 0.895067 0.819004 0.946361 0.993002 0.745722 0.854301 0.850728 0.872131 0.936162 0.887793 0.937978 0.950561 0.916153 0.699834 0.887855 0.877678 0.945753 0.760020 0.703956 0.734665 0.741501 0.443983 0.600091 0.713275 0.893145 0.789119 0.578769 0.475904 0.796760 0.826680 0.907774 0.991658 0.756895 0.796791 0.964190 0.962282 0.856989 0.929794 0.698038 0.863924 0.953856 0.950017 0.858896 0.793361 0.969858 0.935061 0.586409 0.604166 0.547096 0.635047 0.905277 0.839088 0.642220 0.839106 0.788614 0.716171 0.755138 0.787896 0.908199 0.775026 0.746684 0.832058 0.829601 0.957793 0.909095 0.951651 0.932897 0.919613 0.908759 0.921307 0.944602 0.955942
0.831922 0.783639 0.506499 0.595931 0.982501 0.850336 0.549686 0.647130 0.000000 0.668126 0.853567 0.985935 0.629582 0.875520 0.839023 0.530126 0.766812 0.677764 0.663433 0.863448 0.854888 0.988571 0.640576 0.732791 0.685777 0.532153 0.982563 0.912225 0.860229 0.870424 0.506591 0.689045 0.705252 0.834383 0.878189 0.859050 0.908463 0.869835 0.823504 0.870871 0.757024 0.850165 0.585041 0.686882 0.711525 0.869180 0.850045 0.994315 0.948769 0.926839 0.847694 0.878717 0.778352 0.655843 0.932235 0.828171 0.789515 0.553441 0.733488 0.621084 0.951943 0.910430 0.602274 0.597604 0.577407 0.621957 0.650654 0.905267 0.906011 0.879030 0.539270 0.586960 0.994937 0.880538 0.896777 0.782579 0.509981 0.656964 0.989337 0.927984 0.723514 0.773810 0.913222 0.839318 0.935105 0.840880 0.974841 0.819522 0.900096 0.997632 0.554795 0.523878 0.567032 0.564333 0.957418 0.803091 0.824723 0.819534 0.656487 0.584695 0.897351 0.574806 0.850997 0.961483 0.817813 0.971620 0.771433 0.901176 0.831322 0.959405 0.997427 0.817094 0.787271 0.838838 0.906505 0.829415
0.785793 0.686561 0.707651 0.768250 0.987692 0.600458 0.708954 0.562679 0.668126 0.000000 0.895720 0.960537 0.917042 0.909277 0.686618 0.901271 0.909181 0.737933 0.830065 0.987677 0.967234 0.887602 0.864103 0.887338 0.942556 0.791642 0.752249 0.712549 0.882782 0.935938 0.944517 0.869200 0.988905 0.912835 0.904544 0.892668 0.955088 0.991672 0.969532 0.957100 0.891160 0.854517 0.958902 0.792512 0.733326 0.642993 0.818386 0.708135 0.672803 0.600259 0.708929 0.644095 0.779342 0.919562 0.739089 0.867112 0.629833 0.590184 0.751014 0.744651 0.955081 0.751749 0.672098 0.668816 0.968124 0.664930 0.930544 0.899746 0.803496 0.639752 0.525682 0.560454 0.836545 0.826190 0.899309 0.888925 0.750931 0.896773 0.846512 0.812750 0.712267 0.712464 0.564893 0.653305 0.573130 0.652732 0.730464 0.601515 0.998625 0.633017 0.523045 0.529154 0.553803 0.619846 0.974511 0.832012 0.697291 0.766388 0.798857 0.846473 0.743160 0.883418 0.741651 0.919917 0.930793 0.978681 0.931485 0.906769 0.859304 0.949979 0.813580 0.974861 0.908475 0.872142 0.880410 0.972174
0.459020 0.549934 0.815368 0.892023 0.895861 0.915439 0.969960 0.977352 0.853567 0.895720 0.000000 0.595193 0.945815 0.944120 0.925700 0.850294 0.431720 0.368417 0.679624 0.768483 0.966573 0.989601 0.780017 0.856950 0.693882 0.692731 0.901701 0.999616 0.531240 0.403128 0.975617 0.974178 0.754191 0.609719 0.822592 0.846724 0.929302 0.912322 0.944834 0.987592 0.772321 0.830965 0.890000 0.971464 0.969718 0.874794 0.742707 0.808723 0.884574 0.919037 0.921427 0.995671 0.903101 0.739882 0.655627 0.874688 0.502818 0.493940 0.566463 0.555815 0.512670 0.824148 0.463890 0.435572 0.711003 0.903741 0.783642 0.681192 0.506022 0.596791 0.807233 0.924167 0.828074 0.875588 0.874203 0.907468 0.834529 0.895424 0.688475 0.755099 0.467387 0.403234 0.747193 0.504051 0.869314 0.883862 0.950480 0.809521 0.957105 0.826425 0.640274 0.598968 0.621807 0.542480 0.719511 0.932846 0.936220 0.981500 0.849047 0.764646 0.763745 0.812295 0.956572 0.809774 0.985687 0.954369 0.810470 0.882490 0.840718 0.804307 0.791422 0.964279 0.972808 0.999744 0.904596 0.974683
0.485185 0.491257 0.870892 0.876380 0.976285 0.860706 0.961605 0.864956 0.985935 0.960537 0.595193 0.000000 0.946507 0.923224 0.897479 0.941636 0.518913 0.584249 0.779128 0.822675 0.945720 0.912499 0.791314 0.861103 0.743522 0.810477 0.753228 0.958489 0.597632 0.608800 0.937721 0.921128 0.727017 0.684932 0.904436 0.935208 0.976999 0.980788 0.880487 0.930301 0.736595 0.720824 0.950077 0.908733 0.916925 0.850828 0.609275 0.864600 0.854703 0.869419 0.791373 0.863854 0.990904 0.926748 0.723335 0.803349 0.572288 0.599660 0.476593 0.547277 0.467531 0.557091 0.601850 0.554447 0.691307 0.931663 0.818677 0.650267 0.658821 0.742464 0.947861 0.875292 0.570692 0.679899 0.737704 0.975710 0.965945 0.955601 0.709296 0.822997 0.559188 0.535233 0.849763 0.623257 0.947753 0.966371 0.968530 0.952087 0.944241 0.971605 0.917336 0.865308 0.838432 0.664996 0.806004 0.933509 0.698646 0.992176 0.932555 0.958409 0.942755 0.955739 0.703703 0.774511 0.915823 0.890376 0.998633 0.947823 0.992098 0.827561 0.797400 0.841879 0.974065 0.913530 0.898394 0.989081
0.954199 0.984857 0.680177 0.765880 0.747703 0.770458 0.605574 0.835133 0.629582 0.917042 0.945815 0.946507 0.000000 0.662641 0.461212 0.386087 0.844553 0.857949 0.706128 0.850012 0.944451 0.930667 0.483192 0.549465 0.670657 0.791048 0.961962 0.998180 0.913090 0.931729 0.746091 0.746867 0.686190 0.857160 0.822623 0.920526 0.953378 0.856228 0.930121 0.896674 0.850104 0.925580 0.696421 0.765825 0.702926 0.858283 0.812043 0.990369 0.938488 0.911770 0.750379 0.738338 0.694929 0.675632 0.967287 0.834096 0.937366 0.805086 0.803871 0.703084 0.843624 0.996860 0.858904 0.821666 0.540945 0.707176 0.715014 0.990487 0.893135 0.938934 0.692467 0.817624 0.957970 0.947333 0.895375 0.870187 0.650427 0.705447 0.982087 0.973576 0.859929 0.952157 0.817819 0.991916 0.650145 0.618648 0.859947 0.846769 0.816539 0.895907 0.560622 0.570783 0.603600 0.646227 0.905089 0.893114 0.984692 0.982115 0.736805 0.643066 0.974777 0.628945 0.949194 0.981100 0.783952 0.923242 0.957743 0.879489 0.916652 0.983375 0.926176 0.819364 0.701202 0.963426 0.712882 0.876253
0.983657 0.939977 0.851644 0.774743 0.997639 0.921227 0.879170 0.950403 0.875520 0.909277 0.944120 0.923224 0.662641 0.000000 0.597577 0.641121 0.780396 0.898984 0.821033 0.776647 0.983239 0.774798 0.570279 0.603623 0.818268 0.868877 0.825815 0.909513 0.967721 0.964084 0.920158 0.788557 0.764137 0.993516 0.884926 0.923719 0.951370 0.886716 0.965320 0.972820 0.907055 0.946499 0.838310 0.795310 0.788314 0.815739 0.943111 0.900820 0.819170 0.686571 0.785439 0.631961 0.733356 0.633859 0.984309 0.966979 0.999069 0.962933 0.985111 0.964135 0.977258 0.978463 0.900758 0.874242 0.709355 0.828558 0.989173 0.971484 0.971541 0.773544 0.961506 0.979181 0.962888 0.916802 0.931479 0.853347 0.787956 0.833029 0.864549 0.907084 0.827979 0.964832 0.737897 0.870861 0.758607 0.727107 0.931310 0.809967 0.998889 0.783693 0.903824 0.869795 0.886443 0.893846 0.899827 0.972092 0.909284 0.804415 0.964006 0.858692 0.910290 0.939681 0.953446 0.973382 0.782129 0.849568 0.900274 0.980025 0.987458 0.907498 0.841586 0.934822 0.988682 0.985177 0.823054 0.993987
0.985972 0.945768 0.903309 0.921284 0.912582 0.878887 0.849300 0.871468 0.839023 0.686618 0.925700 0.897479 0.461212 0.597577 0.000000 0.526780 0.824016 0.980117 0.791715 0.898989 0.956110 0.867186 0.421366 0.543765 0.773713 0.865669 0.684307 0.870488 0.920725 0.998993 0.785763 0.819074 0.775035 0.946941 0.759594 0.885224 0.929497 0.926105 0.887747 0.995281 0.903813 0.938976 0.748079 0.717311 0.596741 0.676438 0.828686 0.842950 0.727434 0.667238 0.677540 0.601182 0.603177 0.628535 0.855597 0.857793 0.944083 0.958502 0.870663 0.798453 0.976260 0.712316 0.965765 0.971234 0.557465 0.962475 0.849873 0.801323 0.965194 0.899609 0.965205 0.844047 0.900418 0.850055 0.892428 0.985164 0.848385 0.810536 0.921221 0.982160 0.997306 0.937047 0.568608 0.815578 0.516649 0.515810 0.766517 0.666277 0.839696 0.770965 0.914187 0.904362 0.896158 0.876899 0.928871 0.979193 0.767958 0.754107 0.999677 0.833146 0.846900 0.771139 0.777927 0.977942 0.913831 0.969769 0.922562 0.996498 0.988412 0.953148 0.866087 0.902753 0.898939 0.966889 0.751956 0.978724
0.994924 0.995827 0.568222 0.626185 0.912929 0.783314 0.527690 0.730916 0.530126 0.901271 0.850294 0.941636 0.386087 0.641121 0.526780 0.000000 0.857203 0.863002 0.638442 0.698741 0.916144 0.950778 0.414891 0.510089 0.567710 0.634897 0.937739 0.957725 0.909674 0.915289 0.586894 0.645501 0.586196 0.776301 0.801764 0.867849 0.909558 0.768110 0.849912 0.797881 0.912618 0.984335 0.515562 0.616932 0.594168 0.753776 0.716321 0.865584 0.857502 0.838456 0.734371 0.714215 0.676821 0.676319 0.952170 0.714391 0.984032 0.743206 0.823482 0.669996 0.914401 0.994242 0.742354 0.736422 0.441171 0.621634 0.628788 0.913700 0.929871 0.878665 0.623439 0.686913 0.881489 0.843847 0.881239 0.831311 0.537985 0.659329 0.849002 0.970296 0.839185 0.933814 0.794967 0.951761 0.642422 0.616953 0.920547 0.970719 0.903042 0.825727 0.560895 0.572014 0.598926 0.606840 0.932724 0.804932 0.934898 0.931256 0.681263 0.531258 0.884829 0.585217 0.983801 0.973380 0.703535 0.838005 0.914525 0.823718 0.806589 0.995873 0.994148 0.796577 0.693830 0.995133 0.727311 0.787127
0.393829 0.459346 0.670373 0.711218 0.953985 0.929028 0.946167 0.942101 0.766812 0.909181 0.431720 0.518913 0.844553 0.780396 0.824016 0.857203 0.000000 0.315569 0.725591 0.774107 0.973095 0.932651 0.674640 0.737906 0.620157 0.597046 0.811109 0.948936 0.530530 0.417379 0.861285 0.900565 0.850708 0.621500 0.879766 0.868427 0.935468 0.986143 0.849215 0.975280 0.638494 0.852885 0.877744 0.984079 0.986309 0.900245 0.714953 0.844558 0.902534 0.997681 0.990357 0.917329 0.757318 0.559929 0.718297 0.808234 0.443618 0.413472 0.439447 0.521765 0.499840 0.803589 0.406211 0.375012 0.634608 0.883655 0.863248 0.663639 0.582317 0.788139 0.841480 0.950772 0.714836 0.852562 0.827764 0.822638 0.817202 0.800631 0.694319 0.714237 0.384265 0.397412 0.758746 0.528627 0.879928 0.986139 0.925129 0.881091 0.983639 0.911344 0.656026 0.572755 0.594272 0.480715 0.724469 0.876089 0.864664 0.993187 0.916090 0.867748 0.840099 0.727105 0.907806 0.745599 0.956418 0.885984 0.823736 0.947293 0.984565 0.879707 0.903632 0.852371 0.958248 0.947038 0.989280 0.969073
0.376833 0.440828 0.638772 0.727175 0.957627 0.917378 0.922983 0.869706 0.677764 0.737933 0.368417 0.584249 0.857949 0.898984 0.980117 0.863002 0.315569 0.000000 0.733430 0.759629 0.957673 0.968648 0.816781 0.839999 0.653330 0.568094 0.947416 0.870832 0.477398 0.383566 0.882152 0.919707 0.778518 0.627882 0.897445 0.889657 0.950928 0.960533 0.862332 0.977394 0.621448 0.828589 0.857299 0.996170 0.949892 0.835286 0.670512 0.748271 0.840413 0.903935 0.950762 0.991466 0.870693 0.614791 0.615020 0.848853 0.395412 0.364605 0.482405 0.503279 0.510662 0.948646 0.340890 0.319290 0.703192 0.820960 0.875425 0.717059 0.564699 0.701712 0.689815 0.795866 0.776174 0.940100 0.865005 0.804797 0.728958 0.815324 0.670508 0.683935 0.377767 0.321271 0.601447 0.426431 0.739131 0.823806 0.885897 0.730758 0.999323 0.804284 0.551878 0.489311 0.535538 0.475322 0.748806 0.900403 0.982393 0.868458 0.819172 0.798884 0.765386 0.710426 0.985450 0.809845 0.987181 0.910106 0.729648 0.849585 0.878006 0.903319 0.833002 0.953278 0.893138 0.955468 0.940846 0.909586
0.705612 0.744699 0.711028 0.706691 0.970326 0.751009 0.511865 0.602561 0.663433 0.830065 0.679624 0.779128 0.706128 0.821033 0.791715 0.638442 0.725591 0.733430 0.000000 0.503378 0.934359 0.874915 0.730836 0.824385 0.897421 0.874975 0.898401 0.983864 0.688688 0.630088 0.694793 0.664082 0.538755 0.454289 0.922914 0.953294 0.923937 0.884825 0.930758 0.948144 0.892384 0.975709 0.780379 0.846264 0.829838 0.905198 0.733256 0.887181 0.975436 0.958434 0.989589 0.951453 0.992845 0.880792 0.856978 0.873568 0.821339 0.977298 0.891819 0.951176 0.649950 0.892530 0.922146 0.932973 0.765005 0.613137 0.557566 0.693342 0.853545 0.998124 0.710129 0.715384 0.758692 0.754314 0.850375 0.951125 0.812161 0.796236 0.758687 0.901721 0.889467 0.793941 0.852489 0.805462 0.738206 0.764780 0.999063 0.902468 0.968587 0.904472 0.799854 0.829709 0.757403 0.882863 0.780686 0.948085 0.834414 0.961948 0.835878 0.752726 0.971236 0.897252 0.963093 0.971629 0.796584 0.887322 0.979975 0.930291 0.909110 0.989757 0.887867 0.880218 0.858780 0.874730 0.817879 0.945686
0.687705 0.741490 0.702372 0.669173 0.986334 0.956026 0.712978 0.699087 0.863448 0.987677 0.768483 0.822675 0.850012 0.776647 0.898989 0.698741 0.774107 0.759629 0.503378 0.000000 0.879505 0.994913 0.762070 0.738287 0.776958 0.809897 0.954162 0.895574 0.826103 0.791191 0.880444 0.815149 0.694850 0.739715 0.944514 0.999714 0.991500 0.748584 0.969125 0.892700 0.807162 0.934762 0.779179 0.788772 0.902677 0.902326 0.786007 0.817686 0.976634 0.909433 0.953481 0.961254 0.975246 0.850879 0.845086 0.885044 0.758111 0.960515 0.939214 0.968426 0.872593 0.948531 0.971986 0.990300 0.733161 0.638046 0.731909 0.821941 0.788744 0.940825 0.847137 0.739792 0.891813 0.865639 0.972753 0.949372 0.881198 0.959873 0.791691 0.944935 0.949906 0.836436 0.836704 0.848171 0.767790 0.794599 0.853349 0.809301 0.966046 0.682460 0.912082 0.986133 0.942952 0.935820 0.805514 0.955025 0.904710 0.983214 0.939131 0.776227 0.994914 0.964687 0.979455 0.980838 0.702698 0.806972 0.917051 0.924976 0.980331 0.959944 0.859948 0.963441 0.932738 0.842619 0.856111 0.945197
0.900694 0.956523 0.886791 0.849752 0.734137 0.828570 0.928398 0.966968 0.854888 0.967234 0.966573 0.945720 0.944451 0.983239 0.956110 0.916144 0.973095 0.957673 0.934359 0.879505 0.000000 0.885876 0.966539 0.998370 0.961962 0.880185 0.912481 0.889738 0.966438 0.960816 0.765849 0.952389 0.947542 0.868361 0.869247 0.985373 0.754446 0.876418 0.822110 0.869632 0.944753 0.936349 0.741575 0.781861 0.790643 0.833841 0.840785 0.932759 0.858677 0.899703 0.905768 0.911109 0.907367 0.941753 0.906465 0.993624 0.996384 0.991145 0.951080 0.986590 0.919905 0.969582 0.896194 0.923804 0.959988 0.964196 0.802274 0.807420 0.927514 0.891403 0.804329 0.890853 0.937963 0.877734 0.883237 0.922014 0.842949 0.883656 0.927062 0.961071 0.970227 0.989940 0.967913 0.979886 0.992655 0.953688 0.977405 0.876280 0.963882 0.966157 0.965307 0.919732 0.941114 0.961785 0.994218 0.903623 0.982027 0.988573 0.863345 0.913766 0.859506 0.970657 0.921144 0.697603 0.924093 0.947820 0.926471 0.984089 0.844287 0.883946 0.929224 0.999908 0.822365 0.933008 0.927327 0.772743
0.910079 0.925708 0.933545 0.997202 0.909694 0.964628 0.918883 0.993465 0.988571 0.887602 0.989601 0.912499 0.930667 0.774798 0.867186 0.950778 0.932651 0.968648 0.874915 0.994913 0.885876 0.000000 0.884080 0.889282 0.992754 0.982417 0.991613 0.997900 0.919653 0.958533 0.872364 0.979660 0.975805 0.966169 0.865459 0.952750 0.656494 0.876714 0.884738 0.788998 0.826521 0.966832 0.847452 0.851429 0.844157 0.833830 0.801268 0.887859 0.888488 0.942553 0.811316 0.924551 0.824543 0.935795 0.775676 0.814752 0.885503 0.958061 0.916961 0.963498 0.980106 0.934758 0.992562 0.930928 0.926096 0.935964 0.986631 0.892825 0.934825 0.895374 0.873069 0.988934 0.977797 0.999751 0.843444 0.951972 0.932531 0.941501 0.853988 0.937341 0.902068 0.846964 0.962063 0.938533 0.987937 0.981009 0.981978 0.989014 0.989977 0.970614 0.918731 0.963383 0.931724 0.919717 0.927254 0.925650 0.936294 0.912175 0.846631 0.939158 0.946641 0.914854 0.879501 0.812045 0.922255 0.911385 0.981181 0.972454 0.924403 0.931108 0.934173 0.968154 0.986971 0.990239 0.950804 0.830166
0.869129 0.905447 0.610643 0.585857 0.882974 0.984643 0.602691 0.864471 0.640576 0.864103 0.780017 0.791314 0.483192 0.570279 0.421366 0.414891 0.674640 0.816781 0.730836 0.762070 0.966539 0.884080 0.000000 0.334594 0.489221 0.649031 0.642106 0.839827 0.844068 0.798887 0.697405 0.752608 0.663001 0.936349 0.674776 0.780374 0.889746 0.851148 0.850226 0.940176 0.895103 0.883586 0.590182 0.634784 0.593459 0.749750 0.870790 0.784936 0.849453 0.751797 0.802008 0.661864 0.592436 0.637302 0.967255 0.817614 0.936178 0.738166 0.713052 0.645962 0.849739 0.719135 0.736037 0.692058 0.300727 0.728144 0.699506 0.926571 0.858197 0.928100 0.858199 0.970010 0.888415 0.877710 0.935602 0.878744 0.681863 0.684766 0.983848 0.964358 0.766107 0.884036 0.707221 0.941214 0.464975 0.427078 0.819595 0.794621 0.800841 0.698900 0.697899 0.674951 0.665964 0.638916 0.970120 0.801620 0.808748 0.859540 0.861333 0.622654 0.947869 0.662220 0.792918 0.841023 0.676216 0.891343 0.914954 0.966886 0.833029 0.935986 0.951605 0.912573 0.788310 0.926807 0.787255 0.889848
0.865981 0.878719 0.569084 0.555466 0.871944 0.943356 0.617253 0.821686 0.732791 0.887338 0.856950 0.861103 0.549465 0.603623 0.543765 0.510089 0.737906 0.839999 0.824385 0.738287 0.998370 0.889282 0.334594 0.000000 0.455370 0.710521 0.669047 0.947353 0.813734 0.850039 0.769931 0.779814 0.775339 0.963836 0.775497 0.854325 0.917463 0.812314 0.859908 0.947865 0.886541 0.914703 0.667647 0.650979 0.679335 0.827928 0.916493 0.776089 0.930153 0.814487 0.861641 0.771434 0.660808 0.712961 0.951554 0.848505 0.986412 0.741625 0.718182 0.676774 0.848334 0.802887 0.743537 0.724467 0.367509 0.713637 0.672953 0.889873 0.859722 0.902673 0.854513 0.964165 0.866156 0.847515 0.981250 0.940545 0.738169 0.718558 0.949595 0.987384 0.818046 0.953107 0.775213 0.915340 0.545296 0.421514 0.836916 0.781215 0.697370 0.675533 0.745961 0.780214 0.772049 0.728886 0.975968 0.829491 0.839085 0.955235 0.907663 0.648328 0.991798 0.735557 0.803157 0.866492 0.692039 0.810878 0.884643 0.983814 0.827404 0.982788 0.974656 0.971476 0.863847 0.934139 0.826883 0.898165
0.778908 0.834734 0.402282 0.412931 0.991027 0.976168 0.523816 0.599251 0.685777 0.942556 0.693882 0.743522 0.670657 0.818268 0.773713 0.567710 0.620157 0.653330 0.897421 0.776958 0.961962 0.992754 0.489221 0.455370 0.000000 0.498749 0.829488 0.940324 0.648317 0.617375 0.644497 0.758694 0.769948 0.991309 0.852466 0.932030 0.836964 0.767555 0.767970 0.776825 0.833270 0.853725 0.579070 0.672577 0.821443 0.935338 0.939253 0.844583 0.948322 0.944568 0.998539 0.910201 0.795844 0.850963 0.970752 0.918731 0.863423 0.566592 0.599148 0.594338 0.649968 0.828196 0.483871 0.507089 0.337112 0.609439 0.648176 0.961666 0.796339 0.747321 0.694807 0.713136 0.906832 0.923967 0.922974 0.917468 0.644323 0.684295 0.874955 0.997032 0.663238 0.715628 0.933284 0.851551 0.764370 0.673457 0.823631 0.981946 0.834576 0.781209 0.622798 0.623705 0.571594 0.515875 0.889343 0.792963 0.995981 0.997536 0.805544 0.619378 0.810262 0.716390 0.874009 0.721660 0.692038 0.924150 0.726839 0.906258 0.887161 0.995042 0.902017 0.934154 0.868059 0.983602 0.941620 0.802429
0.774420 0.776468 0.463848 0.463893 0.804433 0.867503 0.652867 0.610875 0.532153 0.791642 0.692731 0.810477 0.791048 0.868877 0.865669 0.634897 0.597046 0.568094 0.874975 0.809897 0.880185 0.982417 0.649031 0.710521 0.498749 0.000000 0.948725 0.898784 0.775669 0.677148 0.624539 0.660728 0.811288 0.956856 0.810426 0.987302 0.751113 0.827806 0.746397 0.675929 0.726188 0.847803 0.602224 0.696898 0.828889 0.902139 0.976106 0.994100 0.969904 0.852381 0.899065 0.859749 0.785286 0.704180 0.996557 0.909455 0.712081 0.536817 0.626959 0.627923 0.630009 0.885275 0.470997 0.480460 0.568600 0.723935 0.760826 0.991861 0.854680 0.863258 0.642024 0.660473 0.998873 0.998354 0.943936 0.929958 0.536087 0.644100 0.951858 0.951672 0.646387 0.643634 0.853901 0.767932 0.984534 0.917613 0.950974 0.895568 0.996367 0.850588 0.654037 0.587328 0.599486 0.516738 0.921612 0.899719 0.891237 0.871575 0.769965 0.637403 0.822842 0.735553 0.915070 0.893672 0.815484 0.977111 0.727906 0.856880 0.945695 0.978375 0.982945 0.992619 0.841141 0.859690 0.966751 0.843422
0.900430 0.883487 0.980424 0.969278 0.972751 0.574011 0.859671 0.762272 0.982563 0.752249 0.901701 0.753228 0.961962 0.825815 0.684307 0.937739 0.811109 0.947416 0.898401 0.954162 0.912481 0.991613 0.642106 0.669047 0.829488 0.948725 0.000000 0.853585 0.962553 0.905397 0.979949 0.911963 0.914266 0.794343 0.800513 0.763645 0.922635 0.870345 0.965457 0.902042 0.983865 0.933512 0.964989 0.890409 0.825230 0.849634 0.910321 0.846325 0.883987 0.844592 0.954382 0.876243 0.710104 0.770083 0.951249 0.978952 0.984244 0.937899 0.811942 0.803593 0.774717 0.701843 0.944081 0.887857 0.680362 0.877630 0.895280 0.651487 0.989473 0.954922 0.819390 0.658634 0.719447 0.713099 0.907189 0.997009 0.971765 0.986464 0.866321 0.902213 0.925227 0.957314 0.681049 0.862273 0.760229 0.718375 0.884880 0.854824 0.849337 0.751041 0.879520 0.887219 0.882965 0.948425 0.826041 0.834897 0.703192 0.854064 0.807636 0.963629 0.860444 0.955496 0.742379 0.939038 0.974040 0.946813 0.907478 0.915886 0.956647 0.992890 0.996195 0.997337 0.871368 0.934529 0.890917 0.969472
0.860627 0.769771 0.937291 0.977888 0.889192 0.943321 0.911272 0.924436 0.912225 0.712549 0.999616 0.958489 0.998180 0.909513 0.870488 0.957725 0.948936 0.870832 0.983864 0.895574 0.889738 0.997900 0.839827 0.947353 0.940324 0.898784 0.853585 0.000000 0.856873 0.994514 0.976944 0.868535 0.875913 0.959266 0.810025 0.943775 0.926254 0.940430 0.978212 0.823144 0.911586 0.875961 0.898783 0.805230 0.854295 0.810332 0.940809 0.771315 0.783640 0.742390 0.841221 0.752908 0.791949 0.955707 0.809989 0.950691 0.861117 0.775675 0.901224 0.926874 0.834711 0.726939 0.909077 0.877943 0.907931 0.852250 0.985114 0.997742 0.888656 0.847489 0.815321 0.849997 0.942995 0.847806 0.990296 0.781478 0.902471 0.973848 0.886932 0.868885 0.890659 0.865730 0.770482 0.808419 0.729835 0.786756 0.901372 0.800722 0.950006 0.735102 0.819740 0.838705 0.861536 0.965042 0.858301 0.826550 0.748768 0.865215 0.862929 0.943863 0.944659 0.933007 0.857334 0.990449 0.942659 0.984395 0.990503 0.918389 0.884739 0.904126 0.807576 0.989936 0.982445 0.940571 0.938537 0.921035
0.590339 0.554985 0.742389 0.794568 0.837573 0.983717 0.983134 0.926575 0.860229 0.882782 0.531240 0.597632 0.913090 0.967721 0.920725 0.909674 0.530530 0.477398 0.688688 0.826103 0.966438 0.919653 0.844068 0.813734 0.648317 0.775669 0.962553 0.856873 0.000000 0.428453 0.968443 0.960403 0.767601 0.642979 0.905655 0.889623 0.788952 0.800011 0.898103 0.865878 0.780439 0.741932 0.858469 0.944902 0.960906 0.857416 0.849692 0.883287 0.813847 0.844562 0.937615 0.994991 0.953506 0.825220 0.689734 0.964501 0.659826 0.596668 0.649653 0.655750 0.631012 0.950234 0.488328 0.535579 0.692832 0.754001 0.929893 0.839592 0.716488 0.790285 0.762888 0.908315 0.725413 0.947729 0.853482 0.825625 0.847761 0.878227 0.737837 0.892658 0.551119 0.539597 0.666813 0.576165 0.913231 0.943565 0.999583 0.855893 0.953913 0.903217 0.703192 0.686925 0.749501 0.674068 0.791003 0.816899 0.992045 0.821653 0.891341 0.776950 0.701146 0.765296 0.986647 0.832884 0.885466 0.963530 0.777471 0.979325 0.849717 0.952669 0.754054 0.974142 0.906218 0.951281 0.963457 0.764233
0.554083 0.570051 0.768087 0.839512 0.873333 0.942300 0.979141 0.986491 0.870424 0.935938 0.403128 0.608800 0.931729 0.964084 0.998993 0.915289 0.417379 0.383566 0.630088 0.791191 0.960816 0.958533 0.798887 0.850039 0.617375 0.677148 0.905397 0.994514 0.428453 0.000000 0.955815 0.930719 0.785981 0.599204 0.890702 0.969596 0.883687 0.914142 0.900505 0.869125 0.763515 0.771602 0.838314 0.990416 0.932184 0.880927 0.770132 0.915231 0.915146 0.941792 0.980859 0.966068 0.882720 0.748536 0.724296 0.921842 0.615134 0.564259 0.575319 0.601583 0.502114 0.941153 0.441257 0.467294 0.664954 0.850996 0.782161 0.705854 0.662197 0.756641 0.878786 0.916459 0.716204 0.876764 0.858143 0.879935 0.844320 0.965031 0.687928 0.784392 0.508158 0.465019 0.740957 0.545358 0.931164 0.914215 0.947148 0.802736 0.939702 0.961611 0.725331 0.652775 0.708606 0.623063 0.710700 0.984453 0.868931 0.929461 0.907888 0.853414 0.724970 0.850606 0.938215 0.767035 0.946507 0.924398 0.678757 0.974082 0.893643 0.807740 0.773474 0.940223 0.908454 0.915111 0.871389 0.938318
0.991656 0.974363 0.550679 0.569374 0.824111 0.918759 0.562354 0.663636 0.506591 0.944517 0.975617 0.937721 0.746091 0.920158 0.785763 0.586894 0.861285 0.882152 0.694793 0.880444 0.765849 0.872364 0.697405 0.769931 0.644497 0.624539 0.979949 0.976944 0.968443 0.955815 0.000000 0.583006 0.629953 0.707130 0.956168 0.882919 0.782866 0.735821 0.748071 0.761181 0.931349 0.886902 0.566066 0.586767 0.618356 0.707757 0.765415 0.862553 0.842859 0.794318 0.728448 0.779952 0.728042 0.748288 0.777803 0.846488 0.980395 0.761474 0.859413 0.808015 0.970071 0.937824 0.765471 0.778994 0.673733 0.814147 0.550109 0.747299 0.987953 0.985350 0.685155 0.725145 0.908518 0.895839 0.904333 0.893360 0.605492 0.676712 0.770794 0.853258 0.959256 0.965043 0.946087 0.997045 0.890881 0.779991 0.975940 0.820883 0.994635 0.941863 0.774704 0.714734 0.707914 0.687988 0.936033 0.867205 0.871184 0.963488 0.761709 0.729997 0.960471 0.640908 0.917126 0.985074 0.851617 0.935312 0.997920 0.890477 0.967995 0.982398 0.975312 0.898632 0.822631 0.970037 0.827651 0.851795
0.983466 0.977009 0.648976 0.605856 0.813796 0.791639 0.544681 0.581949 0.689045 0.869200 0.974178 0.921128 0.746867 0.788557 0.819074 0.645501 0.900565 0.919707 0.664082 0.815149 0.952389 0.979660 0.752608 0.779814 0.758694 0.660728 0.911963 0.868535 0.960403 0.930719 0.583006 0.000000 0.633315 0.782066 0.934533 0.912703 0.992304 0.901942 0.853351 0.890574 0.970868 0.929450 0.712698 0.768061 0.843554 0.856245 0.799343 0.952725 0.946918 0.795967 0.837933 0.808260 0.856854 0.855194 0.833603 0.907008 0.980140 0.835236 0.951559 0.919311 0.937780 0.968273 0.886291 0.854196 0.763325 0.748295 0.669719 0.756509 0.873524 0.916910 0.834236 0.838890 0.841345 0.881709 0.922676 0.884202 0.791719 0.800465 0.778735 0.895178 0.932659 0.993788 0.998367 0.977089 0.903369 0.803945 0.823336 0.976107 0.970702 0.972234 0.812158 0.714770 0.710745 0.811615 0.815144 0.986265 0.833473 0.969866 0.880556 0.780541 0.942302 0.816480 0.919281 0.963815 0.698316 0.850926 0.993868 0.959907 0.959844 0.939699 0.936441 0.908736 0.847102 0.878530 0.755054 0.993693
0.677242 0.629001 0.757377 0.680392 0.872640 0.800951 0.485575 0.577995 0.705252 0.988905 0.754191 0.727017 0.686190 0.764137 0.775035 0.586196 0.850708 0.778518 0.538755 0.694850 0.947542 0.975805 0.663001 0.775339 0.769948 0.811288 0.914266 0.875913 0.767601 0.785981 0.629953 0.633315 0.000000 0.469306 0.949792 0.968247 0.992833 0.874682 0.973810 0.793991 0.845696 0.922547 0.597541 0.629414 0.659229 0.683528 0.626707 0.677535 0.775997 0.710755 0.735724 0.691497 0.754208 0.910539 0.698199 0.658720 0.696136 0.881834 0.802452 0.851814 0.754858 0.893077 0.922013 0.937680 0.727024 0.710980 0.504166 0.569139 0.862663 0.879840 0.842481 0.781657 0.729563 0.778445 0.835731 0.973398 0.735007 0.683716 0.779027 0.820869 0.792447 0.728997 0.734252 0.690268 0.598107 0.589531 0.955405 0.892854 0.949981 0.703326 0.862803 0.841849 0.815673 0.914285 0.784747 0.811150 0.788987 0.889950 0.744933 0.723979 0.941607 0.839100 0.842004 0.991048 0.622253 0.790652 0.981568 0.937880 0.954463 0.881957 0.894380 0.903139 0.784762 0.968684 0.779188 0.908498
0.569016 0.612813 0.881592 0.872750 0.848271 0.751045 0.613990 0.669264 0.834383 0.912835 0.609719 0.684932 0.857160 0.993516 0.946941 0.776301 0.621500 0.627882 0.454289 0.739715 0.868361 0.966169 0.936349 0.963836 0.991309 0.956856 0.794343 0.959266 0.642979 0.599204 0.707130 0.782066 0.469306 0.000000 0.866726 0.958309 0.948753 0.860186 0.996197 0.943216 0.818615 0.933901 0.772115 0.782232 0.746707 0.773335 0.644120 0.776053 0.837644 0.895344 0.860554 0.901594 0.919479 0.907176 0.712208 0.794917 0.625891 0.790840 0.693790 0.744085 0.589933 0.824574 0.776511 0.771297 0.969231 0.818416 0.523105 0.577021 0.722515 0.922250 0.817214 0.754201 0.605869 0.744018 0.682395 0.899353 0.827577 0.824976 0.721027 0.750878 0.663952 0.635290 0.811831 0.680289 0.775893 0.755689 0.981938 0.983697 0.953184 0.914039 0.949039 0.956710 0.917020 0.925842 0.783598 0.888355 0.761081 0.971971 0.768349 0.861012 0.947445 0.931973 0.860900 0.881594 0.826169 0.839114 0.882426 0.888065 0.983282 0.850732 0.960064 0.825584 0.803213 0.875012 0.842912 0.986704
0.987679 0.968521 0.967605 0.978328 0.983372 0.929632 0.973515 0.838514 0.878189 0.904544 0.822592 0.904436 0.822623 0.884926 0.759594 0.801764 0.879766 0.897445 0.922914 0.944514 0.869247 0.865459 0.674776 0.775497 0.852466 0.810426 0.800513 0.810025 0.905655 0.890702 0.956168 0.934533 0.949792 0.866726 0.000000 0.871143 0.850203 0.982018 0.839917 0.997720 0.849162 0.984892 0.663892 0.698390 0.643518 0.656042 0.783209 0.712930 0.683780 0.694180 0.747684 0.688926 0.744622 0.720724 0.996571 0.821470 0.941482 0.995572 0.982663 0.974833 0.898866 0.835578 0.949280 0.922795 0.749071 0.936041 0.864637 0.995527 0.939032 0.969084 0.928177 0.911071 0.958098 0.919243 0.993957 0.788594 0.762948 0.747222 0.929999 0.985493 0.993998 0.913503 0.856269 0.980137 0.728752 0.750296 0.852389 0.973458 0.868722 0.756151 0.961503 0.998777 0.985716 0.992435 0.906996 0.823432 0.864830 0.923006 0.872950 0.720716 0.958261 0.907944 0.985998 0.828311 0.815188 0.907063 0.951484 0.941999 0.786428 0.820378 0.966344 0.807985 0.783674 0.938560 0.834536 0.807434
0.930097 0.985790 0.967576 0.931223 0.895447 0.918647 0.991308 0.958079 0.859050 0.892668 0.846724 0.935208 0.920526 0.923719 0.885224 0.867849 0.868427 0.889657 0.953294 0.999714 0.985373 0.952750 0.780374 0.854325 0.932030 0.987302 0.763645 0.943775 0.889623 0.969596 0.882919 0.912703 0.968247 0.958309 0.871143 0.000000 0.987986 0.919368 0.872840 0.892650 0.964725 0.961195 0.847300 0.888416 0.772947 0.887545 0.989025 0.957653 0.915000 0.892073 0.940485 0.853702 0.773062 0.874529 0.964065 0.987128 0.977661 0.922643 0.961790 0.875874 0.911809 0.895669 0.911852 0.901742 0.834895 0.981817 0.967152 0.936321 0.817260 0.966811 0.979975 0.805499 0.870433 0.991205 0.892193 0.828866 0.972670 0.979740 0.975439 0.989088 0.915838 0.910838 0.893310 0.999753 0.854485 0.847732 0.936335 0.981994 0.989311 0.968997 0.929624 0.909886 0.882687 0.949759 0.850250 0.786398 0.976506 0.947907 0.968825 0.896237 0.922380 0.710858 0.981456 0.969070 0.900020 0.891435 0.963363 0.946967 0.883886 0.957290 0.962047 0.874255 0.864667 0.989626 0.753188 0.940047
0.930869 0.992145 0.805922 0.799347 0.873173 0.925540 0.976286 0.937881 0.908463 0.955088 0.929302 0.976999 0.953378 0.951370 0.929497 0.909558 0.935468 0.950928 0.923937 0.991500 0.754446 0.656494 0.889746 0.917463 0.836964 0.751113 0.922635 0.926254 0.788952 0.883687 0.782866 0.992304 0.992833 0.948753 0.850203 0.987986 0.000000 0.835631 0.861975 0.729283 0.974323 0.937440 0.676982 0.631794 0.759901 0.765470 0.785177 0.797529 0.768827 0.816575 0.797489 0.811066 0.831668 0.849521 0.813505 0.862946 0.916473 0.992936 0.994653 0.979462 0.888155 0.967134 0.888469 0.959749 0.875909 0.998454 0.833357 0.906136 0.921614 0.957242 0.894067 0.986147 0.943669 0.985725 0.906119 0.991683 0.829549 0.915138 0.878476 0.778894 0.947401 0.928478 0.924701 0.967539 0.939548 0.920286 0.999878 0.851338 0.988368 0.876029 0.969209 0.991732 0.984200 0.956189 0.922551 0.911323 0.916300 0.985100 0.875874 0.902001 0.899653 0.990960 0.946445 0.898784 0.965144 0.988442 0.909305 0.986942 0.917499 0.947928 0.976421 0.858830 0.985537 0.928196 0.867675 0.793061
0.850427 0.956491 0.716715 0.772292 0.856346 0.874428 0.868950 0.883704 0.869835 0.991672 0.912322 0.980788 0.856228 0.886716 0.926105 0.768110 0.986143 0.960533 0.884825 0.748584 0.876418 0.876714 0.851148 0.812314 0.767555 0.827806 0.870345 0.940430 0.800011 0.914142 0.735821 0.901942 0.874682 0.860186 0.982018 0.919368 0.835631 0.000000 0.926716 0.706149 0.991888 0.847655 0.764460 0.721503 0.817119 0.768700 0.848990 0.779673 0.848455 0.855836 0.807962 0.800029 0.818305 0.867927 0.859489 0.870288 0.831417 0.977428 0.991814 0.996379 0.999009 0.957099 0.899669 0.914959 0.776317 0.856942 0.831274 0.939001 0.761017 0.838444 0.878250 0.909150 0.962709 0.819210 0.863669 0.788089 0.795494 0.875293 0.891335 0.983785 0.958722 0.933623 0.816945 0.853670 0.868416 0.822895 0.923761 0.995520 0.762869 0.751670 0.968372 0.974922 0.970753 0.952619 0.951457 0.943285 0.989146 0.895955 0.968027 0.961318 0.883642 0.883981 0.952933 0.951759 0.914557 0.926858 0.976871 0.882702 0.952733 0.849883 0.832920 0.965181 0.845120 0.991223 0.896780 0.815454
