0.000000 0.491651 0.842114 0.819788 0.998947 0.966700 0.800809 0.808438 0.854084 0.999458 0.710646 0.711773 0.997825 0.947655 0.855401 0.982113 0.583824 0.524887 0.553639 0.585347 0.882763 0.933386 0.853709 0.986986 0.764758 0.814556 0.998049 0.883377 0.708942 0.822766 0.891707 0.992301 0.704850 0.527575 0.839887 0.924156 0.849449 0.908645 0.808888 0.895774 0.914008 0.786033 0.628363 0.522585 0.943567 0.808709 0.661793 0.695633 0.889612 0.904213 0.953625 0.967803 0.804964 0.650824 0.780284 0.904985 0.426139 0.495775 0.480116 0.566117 0.783953 0.767779 0.706785 0.740884 0.814996 0.787579 0.622670 0.647795 0.603740 0.623832 0.724015 0.858742 0.618459 0.657286 0.989162 0.878733 0.649620 0.736195 0.840750 0.706203 0.565035 0.536033 0.863322 0.667856 0.798723 0.809074 0.769829 0.993809 0.881811 0.695899 0.849896 0.919155 0.893838 0.981488 0.930284 0.783153 0.710125 0.811675 0.871154 0.759343 0.782598 0.927947 0.745818 0.605087 0.821631 0.899707 0.911513 0.973815 0.861394 0.684359 0.767844 0.944727 0.868269 0.981486 0.790636 0.741273
0.491651 0.000000 0.969456 0.805779 0.993418 0.935409 0.918728 0.685701 0.781369 0.814749 0.860327 0.528582 0.894669 0.837019 0.963387 0.784252 0.559950 0.500797 0.600576 0.568696 0.901129 0.976490 0.975096 0.968942 0.893397 0.953815 0.912304 0.902181 0.616210 0.707593 0.797316 0.926498 0.584167 0.495779 0.877430 0.992730 0.819103 0.802712 0.953216 0.915877 0.960855 0.845943 0.582306 0.480441 0.710678 0.621882 0.597602 0.528407 0.781008 0.787839 0.772753 0.841046 0.987312 0.849265 0.734129 0.937679 0.403830 0.365894 0.558035 0.658676 0.703383 0.624173 0.599628 0.535082 0.858075 0.839311 0.698849 0.651617 0.782763 0.552736 0.545371 0.666658 0.748555 0.734200 0.935582 0.910992 0.568424 0.743285 0.631567 0.694245 0.466561 0.534490 0.776504 0.651279 0.853553 0.847726 0.887225 0.991015 0.853228 0.785965 0.877796 0.830174 0.927379 0.898444 0.787433 0.791765 0.669093 0.738512 0.703726 0.728974 0.787862 0.881426 0.682780 0.718538 0.788685 0.832673 0.931417 0.987220 0.912126 0.745673 0.713494 0.831397 0.838017 0.862236 0.734639 0.893650
0.842114 0.969456 0.000000 0.430670 0.895862 0.948741 0.347654 0.713956 0.739689 0.859340 0.958045 0.824143 0.668069 0.975343 0.872802 0.987765 0.947066 0.883695 0.699004 0.946168 0.706408 0.861622 0.719750 0.692751 0.486320 0.523930 0.861851 0.897228 0.831169 0.786916 0.789763 0.905944 0.714482 0.774805 0.725039 0.939874 0.890663 0.971477 0.811002 0.793690 0.984653 0.930165 0.685998 0.778452 0.867247 0.935848 0.673805 0.766293 0.801638 0.990510 0.822736 0.901101 0.994881 0.918627 0.911279 0.947744 0.981841 0.894588 0.669571 0.830205 0.673818 0.988901 0.929398 0.751747 0.373847 0.523366 0.538668 0.580660 0.906306 0.798986 0.952000 0.966279 0.876899 0.904723 0.896563 0.977573 0.915564 0.920382 0.965278 0.918112 0.943133 0.861968 0.985398 0.882203 0.555431 0.628991 0.761983 0.977426 0.703974 0.799322 0.710816 0.718318 0.745149 0.581644 0.896293 0.805997 0.952936 0.921697 0.942686 0.820138 0.764852 0.827209 0.877807 0.960760 0.750291 0.809745 0.966901 0.986161 0.842720 0.945852 0.952807 0.996321 0.945314 0.784727 0.797153 0.693358
0.819788 0.805779 0.430670 0.000000 0.949469 0.808420 0.424986 0.534767 0.852792 0.917189 0.959870 0.948697 0.728696 0.871402 0.864589 0.833294 0.960110 0.979743 0.719195 0.871528 0.745464 0.955720 0.607553 0.548753 0.680667 0.550843 0.860216 0.833648 0.854091 0.819457 0.810289 0.923173 0.657200 0.679967 0.728872 0.960913 0.898323 0.966478 0.792595 0.884170 0.970304 0.920934 0.729638 0.756819 0.914786 0.995025 0.712910 0.719153 0.832550 0.972544 0.729897 0.790046 0.989039 0.889184 0.857327 0.925868 0.901386 0.929301 0.717143 0.798652 0.646306 0.812071 0.926411 0.986480 0.376988 0.396824 0.528866 0.462256 0.846726 0.839415 0.926562 0.769547 0.782306 0.795647 0.916439 0.997059 0.797221 0.762298 0.938245 0.919670 0.808356 0.791049 0.896700 0.831791 0.512604 0.534696 0.915173 0.983165 0.816121 0.688050 0.650474 0.722485 0.713205 0.658640 0.988265 0.762318 0.891948 0.938709 0.791356 0.689728 0.667960 0.740554 0.930842 0.976188 0.635580 0.724991 0.909174 0.906169 0.830992 0.951936 0.850790 0.983484 0.945507 0.830363 0.750560 0.709548
0.998947 0.993418 0.895862 0.949469 0.000000 0.857109 0.795047 0.846973 0.748009 0.961678 0.798580 0.920373 0.714023 0.890033 0.859453 0.943904 0.977482 0.913434 0.952779 0.992047 0.797392 0.722215 0.750018 0.847989 0.936934 0.887247 0.935317 0.927228 0.943955 0.979299 0.986702 0.964577 0.981858 0.951469 0.978149 0.801293 0.995382 0.923646 0.987303 0.977953 0.899542 0.935686 0.847907 0.913821 0.894071 0.992490 0.941571 0.986168 0.950217 0.870340 0.992002 0.952416 0.998745 0.889955 0.941134 0.906446 0.963880 0.946729 0.923522 0.957209 0.696564 0.828037 0.813747 0.917000 0.872276 0.771848 0.877505 0.871666 0.929853 0.882592 0.986245 0.870774 0.904239 0.985512 0.914998 0.927866 0.923536 0.907479 0.895286 0.847315 0.839951 0.810478 0.837582 0.725821 0.670501 0.612292 0.963389 0.738400 0.806522 0.798827 0.871514 0.993230 0.963929 0.989590 0.936468 0.952727 0.901460 0.983675 0.982025 0.852878 0.891348 0.928885 0.934027 0.892457 0.822695 0.993503 0.941502 0.994133 0.968337 0.904962 0.929458 0.894635 0.844510 0.990225 0.902983 0.977441
0.966700 0.935409 0.948741 0.808420 0.857109 0.000000 0.964561 0.906063 0.960996 0.934108 0.944046 0.984104 0.980651 0.988508 0.946082 0.720214 0.844627 0.935066 0.965780 0.984942 0.868628 0.894104 0.692076 0.756557 0.909939 0.823321 0.891477 0.820073 0.917739 0.909256 0.715225 0.873986 0.976695 0.952674 0.822616 0.941370 0.786123 0.885649 0.926413 0.929486 0.925887 0.933285 0.968121 0.918454 0.895811 0.963410 0.964482 0.850325 0.944706 0.998277 0.938742 0.899560 0.968846 0.935401 0.902126 0.865772 0.961093 0.977672 0.810631 0.899608 0.985509 0.934737 0.965961 0.999006 0.871158 0.840466 0.891755 0.820692 0.844789 0.935513 0.817693 0.834034 0.871225 0.795699 0.956519 0.867750 0.972016 0.784365 0.914011 0.980669 0.989414 0.996316 0.925044 0.938807 0.821946 0.789882 0.882618 0.801983 0.963828 0.935336 0.836479 0.928460 0.760557 0.961065 0.883038 0.881113 0.933177 0.872120 0.888045 0.975885 0.774368 0.964569 0.958309 0.944580 0.769004 0.922456 0.958892 0.974177 0.939006 0.962372 0.923313 0.939165 0.971330 0.957495 0.993641 0.936103
0.800809 0.918728 0.347654 0.424986 0.795047 0.964561 0.000000 0.556586 0.679596 0.891056 0.919271 0.943678 0.584488 0.853704 0.823783 0.930877 0.935876 0.929963 0.761571 0.927171 0.727989 0.983521 0.671048 0.730256 0.637803 0.593878 0.890402 0.945509 0.860207 0.798253 0.902227 0.985566 0.699687 0.722491 0.712134 0.975214 0.973426 0.902995 0.904416 0.816765 0.965569 0.987616 0.775697 0.788131 0.884077 0.961725 0.765434 0.799538 0.756292 0.976496 0.811864 0.807676 0.961563 0.936917 0.997606 0.986524 0.965220 0.939900 0.615443 0.694864 0.508127 0.814558 0.940498 0.902829 0.381269 0.428379 0.521871 0.532386 0.833993 0.763312 0.883813 0.940219 0.872484 0.859862 0.955043 0.948632 0.878721 0.894700 0.983908 0.939376 0.829012 0.805687 0.964355 0.840345 0.453247 0.559776 0.833318 0.944350 0.637897 0.670068 0.670498 0.717808 0.789362 0.622315 0.922911 0.827869 0.920283 0.851121 0.853103 0.688666 0.780306 0.753967 0.855737 0.961550 0.657263 0.791119 0.924622 0.979627 0.771268 0.972771 0.873347 0.978961 0.948122 0.774671 0.749882 0.680982
0.808438 0.685701 0.713956 0.534767 0.846973 0.906063 0.556586 0.000000 0.919584 0.771887 0.976803 0.671016 0.650768 0.675143 0.811604 0.716337 0.950703 0.835235 0.880125 0.804447 0.921320 0.940379 0.689225 0.769819 0.954215 0.953423 0.998596 0.967101 0.881980 0.935533 0.953208 0.993394 0.668392 0.590347 0.809665 0.976423 0.977310 0.995556 0.909986 0.924575 0.869282 0.879467 0.833516 0.767807 0.908961 0.837537 0.788581 0.692305 0.961025 0.901224 0.556308 0.527411 0.782355 0.918467 0.867805 0.969004 0.900065 0.808244 0.646211 0.621338 0.439367 0.418963 0.632471 0.610748 0.581387 0.484225 0.612588 0.507460 0.717508 0.950061 0.929268 0.819512 0.807669 0.782853 0.940334 0.991520 0.711726 0.754450 0.785544 0.928997 0.598833 0.788915 0.815852 0.781253 0.586809 0.651909 0.958076 0.925181 0.872961 0.641818 0.607649 0.807565 0.794121 0.790321 0.830427 0.809302 0.780979 0.951566 0.564106 0.521963 0.639700 0.758359 0.799733 0.885882 0.571800 0.714177 0.921276 0.872944 0.826088 0.832756 0.736524 0.815734 0.887353 0.963158 0.653127 0.813987
0.854084 0.781369 0.739689 0.852792 0.748009 0.960996 0.679596 0.919584 0.000000 0.996070 0.985738 0.741372 0.857487 0.920498 0.965287 0.914369 0.679938 0.657411 0.844106 0.697778 0.929468 0.968926 0.757544 0.936528 0.893286 0.752610 0.927928 0.996135 0.737093 0.608032 0.983584 0.770018 0.991346 0.852438 0.816180 0.875284 0.870632 0.994380 0.989702 0.939811 0.957195 0.910321 0.940415 0.874078 0.892868 0.966679 0.917399 0.964907 0.935285 0.930838 0.888394 0.780968 0.737628 0.737542 0.900331 0.858603 0.714713 0.690918 0.944970 0.971090 0.860471 0.977332 0.793633 0.709208 0.731369 0.818854 0.857356 0.866623 0.823468 0.603552 0.809803 0.629425 0.756153 0.814876 0.976826 0.963844 0.808836 0.916707 0.755294 0.756189 0.802428 0.845987 0.956259 0.993685 0.719948 0.818761 0.968000 0.875107 0.731219 0.873808 0.620680 0.650614 0.652488 0.688417 0.856485 0.954103 0.863904 0.890596 0.916538 0.913020 0.998091 0.864378 0.729979 0.907378 0.928784 0.914828 0.928258 0.976196 0.982881 0.812618 0.738311 0.925568 0.892750 0.889186 0.928134 0.883237
0.999458 0.814749 0.859340 0.917189 0.961678 0.934108 0.891056 0.771887 0.996070 0.000000 0.865674 0.884659 0.913959 0.993715 0.943785 0.957949 0.803269 0.840692 0.950915 0.858869 0.749516 0.974428 0.988362 0.873846 0.892301 0.818043 0.844903 0.968557 0.631306 0.696115 0.756356 0.929922 0.741584 0.797128 0.905175 0.988247 0.871113 0.833497 0.771802 0.986567 0.901329 0.905160 0.866096 0.742634 0.578164 0.590387 0.872708 0.764101 0.523260 0.621696 0.579391 0.668213 0.598244 0.612993 0.813722 0.995523 0.875790 0.830779 0.926945 0.929548 0.953668 0.786579 0.801037 0.741788 0.843137 0.816073 0.989144 0.992273 0.903841 0.862363 0.906730 0.904743 0.944828 0.956213 0.865614 0.993119 0.993517 0.875344 0.964453 0.993640 0.817092 0.944874 0.894058 0.964303 0.813586 0.797278 0.881176 0.949975 0.925376 0.841708 0.991803 0.922876 0.943874 0.891494 0.850687 0.846077 0.809393 0.880729 0.746507 0.917776 0.766748 0.928675 0.609807 0.836112 0.932528 0.918669 0.796326 0.951194 0.929143 0.828680 0.831492 0.806276 0.969977 0.861126 0.955117 0.939159
0.710646 0.860327 0.958045 0.959870 0.798580 0.944046 0.919271 0.976803 0.985738 0.865674 0.000000 0.825376 0.894622 0.945748 0.879480 0.877880 0.586307 0.594236 0.678125 0.672168 0.815514 0.977193 0.858126 0.825185 0.988953 0.893179 0.894629 0.835459 0.643078 0.696807 0.832995 0.968561 0.757813 0.692912 0.960321 0.912955 0.960499 0.901069 0.907135 0.944996 0.973905 0.920464 0.962010 0.851421 0.967561 0.956800 0.966676 0.999142 0.943884 0.898159 0.972673 0.850047 0.916112 0.964516 0.986168 0.911148 0.723291 0.836186 0.831123 0.926738 0.848024 0.978837 0.666040 0.837665 0.887345 0.926484 0.944044 0.898584 0.877954 0.792254 0.918100 0.878077 0.588915 0.732824 0.960766 0.824705 0.969135 0.859507 0.862436 0.781999 0.724753 0.739856 0.957977 0.851362 0.999296 0.981901 0.716774 0.936289 0.835881 0.939077 0.636481 0.666466 0.758250 0.716264 0.944974 0.845677 0.967632 0.952262 0.936645 0.971788 0.992623 0.949548 0.900972 0.881001 0.964730 0.791247 0.919263 0.745237 0.979235 0.814996 0.937671 0.950202 0.825578 0.989494 0.969743 0.984985
0.711773 0.528582 0.824143 0.948697 0.920373 0.984104 0.943678 0.671016 0.741372 0.884659 0.825376 0.000000 0.724546 0.556783 0.745737 0.613358 0.582394 0.477764 0.761826 0.557052 0.913533 0.922335 0.914751 0.918516 0.751252 0.792368 0.915743 0.884632 0.516955 0.549200 0.959128 0.837188 0.704672 0.573268 0.977886 0.952362 0.992148 0.940679 0.811345 0.984526 0.898267 0.910609 0.896304 0.714156 0.820823 0.699620 0.872700 0.739965 0.970645 0.987642 0.828965 0.874260 0.957868 0.938450 0.889230 0.881348 0.585339 0.499864 0.781297 0.746165 0.582710 0.480172 0.430409 0.345542 0.976208 0.856346 0.939755 0.772744 0.945902 0.671422 0.793965 0.756213 0.823316 0.846973 0.911955 0.859663 0.711083 0.754773 0.526504 0.692527 0.442600 0.522475 0.597893 0.670491 0.858447 0.830963 0.848084 0.849254 0.785913 0.903015 0.812173 0.668478 0.734454 0.660429 0.784968 0.806331 0.790170 0.780284 0.867662 0.788925 0.910969 0.887336 0.657859 0.863917 0.824931 0.906839 0.978634 0.938995 0.945780 0.710002 0.688076 0.848363 0.936948 0.771307 0.738114 0.987922
0.997825 0.894669 0.668069 0.728696 0.714023 0.980651 0.584488 0.650768 0.857487 0.913959 0.894622 0.724546 0.000000 0.458947 0.471542 0.562074 0.907517 0.856008 0.840264 0.805180 0.890501 0.895458 0.598335 0.723151 0.959954 0.940234 0.942517 0.961186 0.879286 0.847888 0.855331 0.783224 0.725829 0.769006 0.840110 0.965927 0.954478 0.903743 0.841037 0.859783 0.814073 0.880431 0.982268 0.933395 0.996000 0.933467 0.889202 0.811640 0.710669 0.968824 0.835423 0.824628 0.917871 0.832939 0.995137 0.796899 0.993692 0.932076 0.896400 0.830707 0.406014 0.719238 0.694471 0.793267 0.672689 0.693149 0.923266 0.770300 0.639627 0.889292 0.908231 0.984281 0.868092 0.877000 0.931832 0.828024 0.929548 0.905282 0.707136 0.742756 0.704042 0.681644 0.709628 0.774198 0.551884 0.672687 0.867236 0.764909 0.841330 0.954424 0.933098 0.894687 0.879927 0.980688 0.936941 0.916567 0.839017 0.929743 0.945694 0.857121 0.992028 0.821064 0.973152 0.857708 0.843425 0.827147 0.982977 0.759118 0.937497 0.982476 0.918916 0.924140 0.829749 0.983992 0.728955 0.878234
0.947655 0.837019 0.975343 0.871402 0.890033 0.988508 0.853704 0.675143 0.920498 0.993715 0.945748 0.556783 0.458947 0.000000 0.428823 0.425670 0.841451 0.757589 0.929560 0.780010 0.948119 0.891631 0.701130 0.785484 0.811624 0.791567 0.998449 0.959064 0.733419 0.653358 0.899112 0.727314 0.748486 0.735588 0.964870 0.864129 0.845458 0.944600 0.660408 0.938243 0.722676 0.864129 0.949379 0.904429 0.947605 0.842921 0.966900 0.808190 0.747208 0.971463 0.834641 0.833239 0.936366 0.841218 0.967364 0.698716 0.976395 0.856596 0.968572 0.855031 0.527176 0.660492 0.631212 0.593613 0.882042 0.805432 0.934242 0.887182 0.692096 0.977272 0.893001 0.907500 0.909629 0.924469 0.959730 0.811113 0.911112 0.909331 0.678352 0.702273 0.682088 0.727574 0.630533 0.828343 0.750234 0.792430 0.721213 0.836762 0.948370 0.942271 0.954943 0.731232 0.712051 0.776157 0.878496 0.916995 0.918797 0.965862 0.946391 0.888451 0.932987 0.893115 0.899169 0.908322 0.920897 0.891189 0.927087 0.782682 0.860147 0.907734 0.818519 0.861199 0.965181 0.865222 0.765488 0.959979
0.855401 0.963387 0.872802 0.864589 0.859453 0.946082 0.823783 0.811604 0.965287 0.943785 0.879480 0.745737 0.471542 0.428823 0.000000 0.529263 0.919409 0.855965 0.909039 0.941021 0.929549 0.899163 0.567969 0.739334 0.937682 0.927735 0.912928 0.869718 0.821819 0.748932 0.767450 0.588220 0.751817 0.826506 0.917794 0.857060 0.983086 0.990880 0.766502 0.964900 0.766530 0.897470 0.998829 0.941233 0.867852 0.836601 0.846920 0.756630 0.790377 0.962475 0.875434 0.822817 0.901943 0.748854 0.999641 0.846117 0.956169 0.959731 0.932210 0.970388 0.624210 0.809237 0.786720 0.791436 0.818481 0.820039 0.985645 0.869875 0.680352 0.940511 0.831116 0.952945 0.905840 0.966510 0.958075 0.822652 0.947613 0.967396 0.718585 0.752759 0.787604 0.785754 0.644579 0.838244 0.693843 0.719452 0.659524 0.747647 0.893316 0.999649 0.971853 0.848443 0.821801 0.898827 0.967724 0.884014 0.877793 0.967253 0.917494 0.880789 0.964510 0.914777 0.990575 0.901345 0.895857 0.907402 0.936166 0.782016 0.859833 0.933691 0.895011 0.813197 0.981352 0.925338 0.784446 0.920445
0.982113 0.784252 0.987765 0.833294 0.943904 0.720214 0.930877 0.716337 0.914369 0.957949 0.877880 0.613358 0.562074 0.425670 0.529263 0.000000 0.958706 0.820838 0.904831 0.815360 0.950338 0.839677 0.588797 0.617025 0.894432 0.940110 0.937652 0.957944 0.819021 0.800301 0.792654 0.714496 0.810922 0.759201 0.998304 0.874474 0.914199 0.880270 0.815138 0.915443 0.857717 0.843050 0.985180 0.954726 0.869134 0.784204 0.926343 0.718840 0.858163 0.970125 0.813019 0.820833 0.923708 0.856360 0.954490 0.861688 0.887000 0.813687 0.918782 0.954741 0.650118 0.663208 0.690758 0.616605 0.865178 0.782530 0.995154 0.788663 0.720027 0.911692 0.918672 0.787736 0.839258 0.821925 0.948036 0.843161 0.882614 0.892294 0.652428 0.759225 0.718087 0.719122 0.595317 0.809998 0.705928 0.731945 0.684743 0.740093 0.901061 0.978622 0.976339 0.838169 0.840376 0.861668 0.939938 0.875298 0.923888 0.879786 0.888891 0.867404 0.930738 0.983410 0.904399 0.859560 0.856945 0.798061 0.952760 0.915186 0.928826 0.902744 0.834505 0.835404 0.980808 0.836216 0.745122 0.923354
0.583824 0.559950 0.947066 0.960110 0.977482 0.844627 0.935876 0.950703 0.679938 0.803269 0.586307 0.582394 0.907517 0.841451 0.919409 0.958706 0.000000 0.370021 0.533704 0.491697 0.987743 0.917939 0.834199 0.890837 0.993205 0.918198 0.943205 0.893848 0.425572 0.421997 0.762891 0.736358 0.579734 0.561053 0.991568 0.969962 0.996520 0.953696 0.947520 0.950098 0.990514 0.787058 0.770396 0.564175 0.799159 0.706356 0.654243 0.710816 0.841622 0.853783 0.816798 0.942268 0.974784 0.944614 0.829109 0.887872 0.438201 0.494370 0.691636 0.827087 0.832150 0.861459 0.515728 0.560972 0.884056 0.919754 0.965581 0.871204 0.803385 0.517638 0.772584 0.787430 0.587481 0.599938 0.957245 0.913335 0.776216 0.833946 0.646260 0.559347 0.488076 0.575171 0.785919 0.756864 0.954333 0.998999 0.855904 0.989493 0.744259 0.927188 0.594643 0.572451 0.623517 0.673420 0.854734 0.824488 0.821828 0.888777 0.991304 0.960716 0.924427 0.972908 0.678532 0.722184 0.986454 0.878152 0.967760 0.807147 0.978441 0.679662 0.774339 0.910554 0.969661 0.850770 0.867863 0.995196
0.524887 0.500797 0.883695 0.979743 0.913434 0.935066 0.929963 0.835235 0.657411 0.840692 0.594236 0.477764 0.856008 0.757589 0.855965 0.820838 0.370021 0.000000 0.553925 0.439489 0.982746 0.958420 0.896068 0.917597 0.884683 0.870693 0.918457 0.885451 0.428166 0.415285 0.804090 0.776894 0.604969 0.505543 0.959946 0.988996 0.975823 0.933673 0.998094 0.968208 0.938261 0.862306 0.814326 0.581142 0.842332 0.726874 0.740662 0.702435 0.930946 0.918721 0.915742 0.943205 0.869237 0.876593 0.878550 0.942297 0.400798 0.445546 0.698498 0.757203 0.765384 0.716156 0.465004 0.455027 0.884953 0.991112 0.941422 0.829602 0.787109 0.467968 0.698284 0.742288 0.531542 0.601327 0.903097 0.837768 0.690265 0.780441 0.574702 0.527686 0.425344 0.502840 0.720215 0.687205 0.998450 0.932430 0.946609 0.982277 0.733529 0.880656 0.624859 0.521095 0.599919 0.617141 0.791508 0.838959 0.729121 0.795826 0.913067 0.860423 0.861548 0.936391 0.636802 0.766369 0.924726 0.996105 0.991771 0.843671 0.950646 0.644948 0.675864 0.865243 0.959231 0.849429 0.802430 0.967303
0.553639 0.600576 0.699004 0.719195 0.952779 0.965780 0.761571 0.880125 0.844106 0.950915 0.678125 0.761826 0.840264 0.929560 0.909039 0.904831 0.533704 0.553925 0.000000 0.556362 0.757060 0.877609 0.896081 0.833035 0.710718 0.692569 0.889781 0.940293 0.639499 0.704838 0.631899 0.740032 0.525445 0.522445 0.898581 0.987749 0.873859 0.838487 0.891386 0.876234 0.980739 0.855236 0.619090 0.530193 0.871323 0.792349 0.557151 0.668155 0.920975 0.891510 0.823534 0.936774 0.917360 0.869526 0.813629 0.909520 0.495420 0.646478 0.665742 0.872929 0.787649 0.970073 0.629199 0.816653 0.767356 0.805705 0.656279 0.661857 0.789758 0.668285 0.712194 0.738944 0.727227 0.681905 0.967885 0.810235 0.704257 0.777043 0.741754 0.602894 0.595083 0.553189 0.816288 0.698997 0.826528 0.750336 0.770859 0.962197 0.944304 0.835496 0.820284 0.832776 0.850353 0.963673 0.975762 0.800663 0.836798 0.795456 0.992260 0.827954 0.737499 0.931375 0.802091 0.712311 0.846280 0.912846 0.987050 0.885498 0.847937 0.896117 0.709641 0.937779 0.993791 0.986125 0.861197 0.766297
0.585347 0.568696 0.946168 0.871528 0.992047 0.984942 0.927171 0.804447 0.697778 0.858869 0.672168 0.557052 0.805180 0.780010 0.941021 0.815360 0.491697 0.439489 0.556362 0.000000 0.993747 0.984730 0.968259 0.964102 0.957798 0.939154 0.966620 0.845072 0.554199 0.537666 0.842841 0.789421 0.555932 0.559451 0.947913 0.950946 0.938453 0.924529 0.998645 0.951039 0.915206 0.869159 0.770758 0.607352 0.978800 0.830771 0.813337 0.737672 0.965373 0.897934 0.915021 0.912854 0.814413 0.771546 0.958499 0.866338 0.493522 0.472163 0.669730 0.680153 0.734055 0.761730 0.565114 0.584509 0.995471 0.924040 0.853132 0.785937 0.826600 0.560954 0.689155 0.716425 0.662832 0.772334 0.983912 0.847573 0.694586 0.713606 0.665446 0.589420 0.500608 0.533590 0.852579 0.747641 0.954264 0.955097 0.786868 0.933202 0.736699 0.861578 0.699938 0.659898 0.720392 0.707847 0.807872 0.840375 0.847426 0.856738 0.986786 0.905869 0.784623 0.989254 0.680410 0.753157 0.786271 0.947205 0.963462 0.873742 0.967019 0.675728 0.635965 0.915031 0.920014 0.861950 0.758710 0.856977
0.882763 0.901129 0.706408 0.745464 0.797392 0.868628 0.727989 0.921320 0.929468 0.749516 0.815514 0.913533 0.890501 0.948119 0.929549 0.950338 0.987743 0.982746 0.757060 0.993747 0.000000 0.964502 0.868522 0.832712 0.774800 0.627138 0.917975 0.815876 0.964581 0.948917 0.912326 0.921139 0.906650 0.904593 0.875705 0.944274 0.904966 0.915807 0.758860 0.904124 0.972357 0.934853 0.999267 0.969280 0.840337 0.802526 0.896529 0.940349 0.760494 0.743839 0.845133 0.808060 0.733214 0.841425 0.988209 0.880699 0.984324 0.840772 0.984543 0.836261 0.934000 0.835323 0.999223 0.814983 0.763521 0.753331 0.750258 0.763921 0.929626 0.967973 0.955634 0.988120 0.892419 0.879070 0.877006 0.855709 0.948086 0.936850 0.975783 0.809298 0.996872 0.892604 0.997162 0.966259 0.793304 0.690175 0.892730 0.993701 0.980808 0.933477 0.920110 0.966471 0.999524 0.934779 0.838514 0.946322 0.881974 0.970190 0.797307 0.981004 0.925819 0.959454 0.838661 0.903534 0.921047 0.987780 0.981678 0.947232 0.928789 0.964971 0.971241 0.841027 0.949466 0.949571 0.978972 0.918149
0.933386 0.976490 0.861622 0.955720 0.722215 0.894104 0.983521 0.940379 0.968926 0.974428 0.977193 0.922335 0.895458 0.891631 0.899163 0.839677 0.917939 0.958420 0.877609 0.984730 0.964502 0.000000 0.892937 0.940383 0.887987 0.976475 0.897094 0.932968 0.841535 0.948039 0.910592 0.949974 0.877582 0.934068 0.908324 0.840158 0.824943 0.848504 0.869040 0.873312 0.986664 0.900502 0.806136 0.911769 0.995390 0.953707 0.775868 0.991171 0.935584 0.881202 0.886585 0.984870 0.879956 0.963916 0.986668 0.957603 0.997817 0.996230 0.881233 0.986082 0.886364 0.834433 0.980484 0.954744 0.996401 0.908588 0.943786 0.913849 0.977172 0.982881 0.953588 0.962452 0.924119 0.892538 0.970591 0.847563 0.982700 0.987962 0.981293 0.992224 0.987296 0.969121 0.935582 0.998688 0.845827 0.847883 0.741778 0.796750 0.943111 0.909038 0.923273 0.966285 0.898394 0.916436 0.980668 0.921837 0.856381 0.981479 0.880457 0.926503 0.975724 0.951246 0.917981 0.714893 0.883995 0.860554 0.868159 0.941831 0.975497 0.815417 0.908278 0.986205 0.932412 0.973323 0.984731 0.919643
0.853709 0.975096 0.719750 0.607553 0.750018 0.692076 0.671048 0.689225 0.757544 0.988362 0.858126 0.914751 0.598335 0.701130 0.567969 0.588797 0.834199 0.896068 0.896081 0.968259 0.868522 0.892937 0.000000 0.410269 0.892086 0.726355 0.736653 0.817640 0.905241 0.912731 0.717460 0.733913 0.801036 0.837324 0.832403 0.956421 0.781354 0.859320 0.913206 0.983871 0.757131 0.901164 0.964756 0.994025 0.805391 0.808196 0.860290 0.738990 0.962783 0.942801 0.760794 0.789838 0.824452 0.754294 0.988084 0.982590 0.905130 0.894897 0.844432 0.877940 0.656390 0.816024 0.885245 0.941808 0.593515 0.585559 0.779288 0.654914 0.692835 0.785439 0.914273 0.872261 0.731206 0.745452 0.873685 0.906488 0.965646 0.810706 0.862998 0.937174 0.818953 0.788191 0.653158 0.776493 0.462043 0.469546 0.806958 0.626836 0.842864 0.760993 0.691393 0.874778 0.869745 0.871464 0.868683 0.854360 0.923746 0.961050 0.875840 0.722669 0.750350 0.791708 0.937519 0.903897 0.700382 0.764317 0.904659 0.951113 0.966501 0.935220 0.943150 0.939470 0.989642 0.905409 0.777673 0.854401
0.986986 0.968942 0.692751 0.548753 0.847989 0.756557 0.730256 0.769819 0.936528 0.873846 0.825185 0.918516 0.723151 0.785484 0.739334 0.617025 0.890837 0.917597 0.833035 0.964102 0.832712 0.940383 0.410269 0.000000 0.776285 0.708682 0.730266 0.887822 0.872390 0.884140 0.771045 0.714761 0.855052 0.824941 0.954577 0.907444 0.818541 0.840915 0.982218 0.943157 0.901374 0.990239 0.916442 0.949959 0.979174 0.901265 0.781372 0.796446 0.888589 0.977816 0.782926 0.916047 0.999829 0.996491 0.853594 0.991289 0.980575 0.961567 0.921270 0.907106 0.791123 0.894020 0.926865 0.982816 0.588405 0.565523 0.760711 0.630914 0.870242 0.870046 0.987728 0.779335 0.761285 0.798077 0.954171 0.951471 0.965617 0.847425 0.874924 0.830703 0.817328 0.736458 0.715961 0.783060 0.496816 0.479261 0.822969 0.644648 0.867653 0.786469 0.761437 0.856301 0.853792 0.828353 0.833508 0.897540 0.993836 0.886063 0.998470 0.850116 0.683136 0.897676 0.966617 0.911887 0.731570 0.718401 0.966644 0.943457 0.893750 0.980048 0.926264 0.948746 0.909742 0.865382 0.864996 0.694956
0.764758 0.893397 0.486320 0.680667 0.936934 0.909939 0.637803 0.954215 0.893286 0.892301 0.988953 0.751252 0.959954 0.811624 0.937682 0.894432 0.993205 0.884683 0.710718 0.957798 0.774800 0.887987 0.892086 0.776285 0.000000 0.531266 0.843283 0.959341 0.854211 0.803127 0.739978 0.956456 0.861044 0.858670 0.777728 0.974785 0.794942 0.852152 0.730095 0.854880 0.914672 0.979355 0.562394 0.708303 0.971193 0.922478 0.644391 0.714399 0.960314 0.823030 0.936195 0.930641 0.969244 0.859935 0.841577 0.790368 0.858084 0.996335 0.712784 0.909731 0.986409 0.791601 0.774928 0.650309 0.555557 0.776595 0.617124 0.726808 0.843239 0.988422 0.867460 0.898523 0.945159 0.936434 0.900576 0.996129 0.891374 0.938648 0.943926 0.968513 0.985103 0.880554 0.894699 0.954805 0.747066 0.811725 0.779202 0.949180 0.869515 0.897245 0.925255 0.818188 0.796553 0.718405 0.943321 0.834588 0.954989 0.999674 0.896582 0.953426 0.784352 0.975984 0.933472 0.885774 0.911968 0.939120 0.964118 0.951367 0.900129 0.910607 0.980461 0.914822 0.942220 0.957670 0.961075 0.703939
0.814556 0.953815 0.523930 0.550843 0.887247 0.823321 0.593878 0.953423 0.752610 0.818043 0.893179 0.792368 0.940234 0.791567 0.927735 0.940110 0.918198 0.870693 0.692569 0.939154 0.627138 0.976475 0.726355 0.708682 0.531266 0.000000 0.799359 0.825995 0.778098 0.695463 0.719370 0.987031 0.818194 0.835966 0.860856 0.908528 0.758542 0.900340 0.729833 0.900621 0.931536 0.938110 0.749485 0.851676 0.972597 0.995655 0.732210 0.828890 0.937150 0.978490 0.978157 0.995267 0.937511 0.889056 0.841461 0.794674 0.915881 0.938513 0.891817 0.957412 0.952723 0.826000 0.831379 0.680382 0.524398 0.669821 0.561982 0.630118 0.922816 0.824421 0.851810 0.906965 0.967406 0.976798 0.886664 0.899983 0.957540 0.897869 0.886416 0.997223 0.952718 0.900785 0.998670 0.973660 0.649518 0.625557 0.762405 0.950266 0.856464 0.781554 0.811714 0.715801 0.742519 0.694491 0.821071 0.866435 0.975618 0.962104 0.955902 0.830648 0.790264 0.911274 0.739543 0.996312 0.859572 0.862047 0.836983 0.990976 0.874776 0.881758 0.953235 0.868417 0.971921 0.890874 0.852067 0.817848
0.998049 0.912304 0.861851 0.860216 0.935317 0.891477 0.890402 0.998596 0.927928 0.844903 0.894629 0.915743 0.942517 0.998449 0.912928 0.937652 0.943205 0.918457 0.889781 0.966620 0.917975 0.897094 0.736653 0.730266 0.843283 0.799359 0.000000 0.961590 0.806918 0.923519 0.954354 0.863786 0.930645 0.979711 0.899173 0.956230 0.998660 0.964284 0.881950 0.968718 0.980592 0.950020 0.950634 0.907249 0.931595 0.929868 0.926595 0.999291 0.865692 0.929426 0.907094 0.847390 0.892363 0.915260 0.991051 0.922267 0.970942 0.917044 0.905991 0.893875 0.997904 0.902908 0.906111 0.873566 0.849541 0.854944 0.990119 0.956080 0.983030 0.975985 0.992236 0.954667 0.864143 0.912621 0.955061 0.976064 0.952612 0.950589 0.966917 0.902780 0.973697 0.948444 0.948858 0.987103 0.807275 0.793813 0.987205 0.871681 0.995225 0.985742 0.901743 0.951434 0.965943 0.881950 0.963486 0.876361 0.891012 0.751901 0.929780 0.925966 0.852496 0.897431 0.996194 0.993790 0.853656 0.848020 0.892112 0.899964 0.922268 0.977269 0.996494 0.999340 0.893480 0.908710 0.996490 0.827560
0.883377 0.902181 0.897228 0.833648 0.927228 0.820073 0.945509 0.967101 0.996135 0.968557 0.835459 0.884632 0.961186 0.959064 0.869718 0.957944 0.893848 0.885451 0.940293 0.845072 0.815876 0.932968 0.817640 0.887822 0.959341 0.825995 0.961590 0.000000 0.937679 0.953506 0.870070 0.925878 0.999017 0.972620 0.836533 0.982815 0.880007 0.907448 0.971613 0.801865 0.994426 0.991311 0.976075 0.914612 0.908658 0.990050 0.904899 0.959499 0.962657 0.963141 0.929791 0.869369 0.943700 0.852588 0.898101 0.963056 0.864084 0.899893 0.825462 0.828770 0.949956 0.903982 0.998888 0.890208 0.821755 0.913363 0.864399 0.936951 0.780326 0.888880 0.982055 0.928945 0.874326 0.937102 0.928162 0.933751 0.973898 0.972988 0.912445 0.931634 0.854005 0.860093 0.925751 0.989659 0.939578 0.864210 0.987934 0.991232 0.824614 0.997386 0.862043 0.895839 0.856726 0.935754 0.984201 0.997246 0.989375 0.901035 0.910802 0.976803 0.864518 0.876620 0.917885 0.923862 0.960126 0.979333 0.976139 0.908972 0.963755 0.901602 0.913072 0.949807 0.950862 0.874686 0.986939 0.835957
0.708942 0.616210 0.831169 0.854091 0.943955 0.917739 0.860207 0.881980 0.737093 0.631306 0.643078 0.516955 0.879286 0.733419 0.821819 0.819021 0.425572 0.428166 0.639499 0.554199 0.964581 0.841535 0.905241 0.872390 0.854211 0.778098 0.806918 0.937679 0.000000 0.371096 0.710188 0.713444 0.594252 0.564125 0.969588 0.829622 0.927317 0.880911 0.732901 0.965944 0.879815 0.832343 0.813869 0.612121 0.683810 0.589620 0.731584 0.731735 0.764913 0.797740 0.722055 0.894263 0.906967 0.846824 0.882590 0.881643 0.586037 0.593983 0.809476 0.888688 0.815317 0.786953 0.467814 0.480588 0.796623 0.839445 0.989458 0.903809 0.929537 0.545126 0.871129 0.851490 0.629676 0.621887 0.911396 0.854129 0.771086 0.857928 0.651846 0.633615 0.514942 0.697774 0.780560 0.795316 0.873731 0.917202 0.936188 0.947488 0.712134 0.988258 0.609257 0.547529 0.637026 0.599716 0.828508 0.839316 0.831775 0.814065 0.905756 0.942749 0.901704 0.934608 0.600570 0.759186 0.977874 0.915919 0.888307 0.822541 0.916683 0.700807 0.732196 0.793314 0.972812 0.778739 0.865569 0.909831
0.822766 0.707593 0.786916 0.819457 0.979299 0.909256 0.798253 0.935533 0.608032 0.696115 0.696807 0.549200 0.847888 0.653358 0.748932 0.800301 0.421997 0.415285 0.704838 0.537666 0.948917 0.948039 0.912731 0.884140 0.803127 0.695463 0.923519 0.953506 0.371096 0.000000 0.745342 0.636705 0.644245 0.629966 0.917261 0.855746 0.922855 0.982487 0.822693 0.929655 0.902717 0.918712 0.930578 0.710469 0.818530 0.736456 0.827274 0.798473 0.917737 0.914321 0.863407 0.951286 0.994343 0.915611 0.910483 0.795434 0.645754 0.624018 0.907656 0.945092 0.856962 0.827554 0.501129 0.496113 0.711874 0.780960 0.843878 0.975623 0.995738 0.570736 0.920829 0.803720 0.682763 0.700991 0.927949 0.817959 0.850202 0.880177 0.640588 0.562200 0.549136 0.677307 0.747151 0.819471 0.836982 0.882634 0.967300 0.967183 0.711994 0.904633 0.558992 0.437804 0.527608 0.519866 0.789402 0.891122 0.876810 0.842687 0.984966 0.932953 0.993979 0.899107 0.584250 0.868521 0.974271 0.857084 0.899695 0.766346 0.863099 0.694697 0.715086 0.887433 0.993998 0.803993 0.923979 0.840689
0.891707 0.797316 0.789763 0.810289 0.986702 0.715225 0.902227 0.953208 0.983584 0.756356 0.832995 0.959128 0.855331 0.899112 0.767450 0.792654 0.762891 0.804090 0.631899 0.842841 0.912326 0.910592 0.717460 0.771045 0.739978 0.719370 0.954354 0.870070 0.710188 0.745342 0.000000 0.570971 0.588815 0.689098 0.877046 0.970157 0.742792 0.838873 0.989901 0.922341 0.963638 0.954955 0.695664 0.688770 0.663001 0.679581 0.625211 0.581587 0.760965 0.799648 0.730920 0.944008 0.864640 0.801510 0.714326 0.956777 0.736480 0.824891 0.979939 0.937884 0.931657 0.934304 0.847384 0.935688 0.884921 0.996467 0.846663 0.809632 0.922333 0.844743 0.835469 0.778587 0.877217 0.880432 0.951961 0.767422 0.963864 0.857944 0.878697 0.725559 0.763232 0.761064 0.776453 0.807598 0.865606 0.846719 0.898623 0.763100 0.919065 0.908522 0.897011 0.841640 0.898380 0.893853 0.977911 0.759693 0.918944 0.865756 0.874886 0.975567 0.848605 0.983549 0.912635 0.981224 0.985465 0.980501 0.945352 0.868598 0.891641 0.911927 0.896536 0.875474 0.994616 0.969365 0.918817 0.990204
0.992301 0.926498 0.905944 0.923173 0.964577 0.873986 0.985566 0.993394 0.770018 0.929922 0.968561 0.837188 0.783224 0.727314 0.588220 0.714496 0.736358 0.776894 0.740032 0.789421 0.921139 0.949974 0.733913 0.714761 0.956456 0.987031 0.863786 0.925878 0.713444 0.636705 0.570971 0.000000 0.638624 0.780970 0.944612 0.890218 0.932091 0.851884 0.859081 0.897743 0.938828 0.858400 0.863365 0.807053 0.794770 0.798333 0.724438 0.742408 0.972813 0.904301 0.820245 0.981936 0.957134 0.875931 0.781659 0.936947 0.822241 0.838857 0.881377 0.894454 0.929803 0.978516 0.801697 0.824053 0.987227 0.987561 0.995368 0.868647 0.954961 0.875434 0.993225 0.692426 0.939425 0.885902 0.990246 0.894749 0.979032 0.874905 0.763943 0.626837 0.736692 0.759570 0.693405 0.738572 0.898725 0.837049 0.918958 0.691128 0.910216 0.994154 0.876473 0.809711 0.760802 0.886063 0.970350 0.912809 0.982147 0.768151 0.941219 0.969665 0.879696 0.940557 0.823293 0.987131 0.935345 0.937543 0.900472 0.922364 0.883619 0.896213 0.839563 0.776823 0.983593 0.846308 0.929987 0.961582
0.704850 0.584167 0.714482 0.657200 0.981858 0.976695 0.699687 0.668392 0.991346 0.741584 0.757813 0.704672 0.725829 0.748486 0.751817 0.810922 0.579734 0.604969 0.525445 0.555932 0.906650 0.877582 0.801036 0.855052 0.861044 0.818194 0.930645 0.999017 0.594252 0.644245 0.588815 0.638624 0.000000 0.487096 0.794042 0.960513 0.861598 0.930893 0.977698 0.920935 0.962652 0.813472 0.654156 0.537805 0.746451 0.676058 0.585929 0.547465 0.870250 0.775916 0.640113 0.759061 0.858879 0.931084 0.806494 0.994974 0.584012 0.579419 0.639881 0.728754 0.639145 0.785129 0.583313 0.668285 0.775885 0.812181 0.684080 0.588298 0.999827 0.834894 0.848155 0.758764 0.890588 0.910892 0.941851 0.865630 0.734074 0.760037 0.776221 0.630753 0.529813 0.618590 0.757758 0.712797 0.768725 0.792895 0.801356 0.908673 0.974443 0.715299 0.963247 0.877256 0.917899 0.937140 0.829072 0.786970 0.927214 0.884951 0.724953 0.738866 0.775525 0.849341 0.778699 0.792059 0.731901 0.920059 0.904325 0.899852 0.982385 0.824824 0.788480 0.869187 0.985155 0.956833 0.676194 0.934994
0.527575 0.495779 0.774805 0.679967 0.951469 0.952674 0.722491 0.590347 0.852438 0.797128 0.692912 0.573268 0.769006 0.735588 0.826506 0.759201 0.561053 0.505543 0.522445 0.559451 0.904593 0.934068 0.837324 0.824941 0.858670 0.835966 0.979711 0.972620 0.564125 0.629966 0.689098 0.780970 0.487096 0.000000 0.856499 0.971741 0.845759 0.849079 0.962134 0.934652 0.950551 0.857237 0.643379 0.493696 0.787409 0.664072 0.592611 0.500075 0.884954 0.871381 0.666395 0.869235 0.971895 0.938078 0.844393 0.998058 0.525633 0.549029 0.609096 0.701819 0.625565 0.660028 0.555945 0.586878 0.759900 0.736133 0.631657 0.563915 0.910588 0.720819 0.746841 0.734390 0.726997 0.751105 0.876438 0.868254 0.688125 0.655213 0.707099 0.646267 0.469862 0.539780 0.737508 0.662168 0.742678 0.728189 0.834476 0.905494 0.930553 0.765569 0.904951 0.815595 0.875607 0.924117 0.827323 0.696798 0.784729 0.848858 0.763242 0.694956 0.703629 0.994550 0.688423 0.721818 0.722677 0.912574 0.965493 0.867257 0.851077 0.685465 0.748474 0.797246 0.870029 0.894613 0.684526 0.794441
0.839887 0.877430 0.725039 0.728872 0.978149 0.822616 0.712134 0.809665 0.816180 0.905175 0.960321 0.977886 0.840110 0.964870 0.917794 0.998304 0.991568 0.959946 0.898581 0.947913 0.875705 0.908324 0.832403 0.954577 0.777728 0.860856 0.899173 0.836533 0.969588 0.917261 0.877046 0.944612 0.794042 0.856499 0.000000 0.914553 0.735747 0.952326 0.898218 0.990609 0.924799 0.945228 0.718085 0.738406 0.804200 0.791915 0.843147 0.756071 0.827117 0.712651 0.784384 0.737588 0.799624 0.906218 0.851973 0.829988 0.915379 0.863370 0.779464 0.834400 0.742760 0.804175 0.986482 0.981429 0.672694 0.734049 0.694374 0.708786 0.999889 0.910381 0.914304 0.974803 0.915268 0.923219 0.993773 0.920795 0.767761 0.774015 0.928939 0.931706 0.901042 0.880735 0.914327 0.776926 0.736473 0.788401 0.946854 0.960356 0.855485 0.776862 0.803976 0.840456 0.819420 0.778471 0.981651 0.800385 0.963687 0.925058 0.876568 0.920783 0.927486 0.676101 0.984036 0.809526 0.852466 0.988941 0.884960 0.985035 0.964331 0.984306 0.967892 0.947319 0.834352 0.967199 0.788598 0.975227
0.924156 0.992730 0.939874 0.960913 0.801293 0.941370 0.975214 0.976423 0.875284 0.988247 0.912955 0.952362 0.965927 0.864129 0.857060 0.874474 0.969962 0.988996 0.987749 0.950946 0.944274 0.840158 0.956421 0.907444 0.974785 0.908528 0.956230 0.982815 0.829622 0.855746 0.970157 0.890218 0.960513 0.971741 0.914553 0.000000 0.904919 0.982526 0.892177 0.927265 0.938873 0.996309 0.965510 0.943061 0.916868 0.911543 0.949698 0.979429 0.874411 0.935130 0.953698 0.955554 0.984733 0.961843 0.861643 0.958126 0.907514 0.994532 0.996432 0.982380 0.979869 0.931807 0.928877 0.925748 0.947769 0.984471 0.973284 0.961783 0.870784 0.933820 0.900565 0.893222 0.938323 0.961953 0.974904 0.896044 0.913249 0.878921 0.853494 0.998975 0.992423 0.920251 0.927043 0.839969 0.871485 0.902737 0.945181 0.799037 0.829710 0.766384 0.977185 0.970786 0.932773 0.968511 0.982311 0.932185 0.879124 0.949506 0.974030 0.997948 0.900621 0.877745 0.943783 0.981857 0.947421 0.917583 0.881474 0.988166 0.957742 0.975905 0.913303 0.935882 0.973890 0.914058 0.908368 0.890965
0.849449 0.819103 0.890663 0.898323 0.995382 0.786123 0.973426 0.977310 0.870632 0.871113 0.960499 0.992148 0.954478 0.845458 0.983086 0.914199 0.996520 0.975823 0.873859 0.938453 0.904966 0.824943 0.781354 0.818541 0.794942 0.758542 0.998660 0.880007 0.927317 0.922855 0.742792 0.932091 0.861598 0.845759 0.735747 0.904919 0.000000 0.615116 0.818827 0.989083 0.974949 0.910650 0.745024 0.833464 0.695139 0.685455 0.716529 0.684311 0.682532 0.682065 0.837044 0.820622 0.867514 0.876134 0.757132 0.666058 0.834299 0.830893 0.981264 0.956116 0.990012 0.950972 0.998711 0.997946 0.853973 0.990458 0.770856 0.729532 0.957910 0.929043 0.732350 0.857908 0.986092 0.924497 0.867545 0.947594 0.952030 0.791307 0.957271 0.987520 0.936474 0.894851 0.938297 0.856106 0.872765 0.907742 0.850331 0.851372 0.799204 0.845662 0.969602 0.920520 0.798947 0.966425 0.987600 0.828706 0.868565 0.834049 0.727629 0.856002 0.728632 0.923867 0.908325 0.875148 0.877045 0.845990 0.955646 0.943217 0.925355 0.879570 0.931502 0.893127 0.951102 0.865042 0.802800 0.971914
0.908645 0.802712 0.971477 0.966478 0.923646 0.885649 0.902995 0.995556 0.994380 0.833497 0.901069 0.940679 0.903743 0.944600 0.990880 0.880270 0.953696 0.933673 0.838487 0.924529 0.915807 0.848504 0.859320 0.840915 0.852152 0.900340 0.964284 0.907448 0.880911 0.982487 0.838873 0.851884 0.930893 0.849079 0.952326 0.982526 0.615116 0.000000 0.970249 0.922643 0.852378 0.784476 0.633754 0.745500 0.640523 0.636480 0.676772 0.641596 0.674293 0.675053 0.806885 0.859573 0.851371 0.902189 0.796875 0.829938 0.846889 0.891460 0.991929 0.897160 0.900176 0.916611 0.950293 0.952812 0.881514 0.996947 0.834495 0.848927 0.771523 0.809489 0.771160 0.678333 0.885810 0.833657 0.903935 0.898185 0.999630 0.934682 0.787339 0.950276 0.933367 0.916179 0.926289 0.845579 0.987804 0.898686 0.975564 0.896032 0.787274 0.955756 0.982417 0.955321 0.884306 0.920794 0.966339 0.762698 0.758960 0.770741 0.820391 0.834378 0.697703 0.933703 0.819934 0.774082 0.900139 0.724027 0.903012 0.978246 0.840534 0.879838 0.842245 0.858045 0.872071 0.850629 0.858926 0.830931
