0.000000 0.315231 0.704856 0.679617 0.871125 0.612552 0.355501 0.363112 0.549755 0.553185 0.349872 0.263319 0.389705 0.412773 0.642440 0.675490 0.378911 0.390545 0.387278 0.407890 0.954536 0.890743 0.815117 0.986625 0.819243 0.969159 0.768698 0.858248 0.412669 0.479710 0.897102 0.939525 0.410621 0.338380 0.657188 0.967129 0.866412 0.993575 0.796905 0.973282 0.864458 0.826317 0.601241 0.577447 0.576866 0.547253 0.566587 0.555432 0.846877 0.778196 0.665448 0.596251 0.796570 0.897075 0.779765 0.729451 0.371239 0.332496 0.244451 0.290815 0.256287 0.315228 0.385525 0.341714 0.774681 0.599704 0.479810 0.492107 0.530059 0.634637 0.646304 0.748378 0.834368 0.825115 0.895332 0.872035 0.604719 0.809665 0.548544 0.838782 0.387618 0.607709 0.853033 0.693963 0.666685 0.786637 0.937717 0.832302 0.609813 0.614030 0.654467 0.749080 0.730162 0.744134 0.794347 0.814492 0.561913 0.714460 0.418811 0.407024 0.614022 0.675850 0.537418 0.621806 0.491412 0.496582 0.828601 0.587302 0.682741 0.669725 0.642444 0.651114 0.640348 0.873320 0.621116 0.928948
0.315231 0.000000 0.624195 0.517184 0.982191 0.647848 0.363774 0.319392 0.683069 0.711775 0.598817 0.411894 0.640647 0.521499 0.835745 0.736778 0.475264 0.474452 0.380326 0.299298 0.807761 0.817396 0.736866 0.783079 0.920654 0.785118 0.950502 0.897767 0.564324 0.620537 0.672722 0.727883 0.350061 0.305229 0.563827 0.790268 0.751283 0.829710 0.962225 0.876181 0.682421 0.863576 0.399425 0.394440 0.492729 0.497323 0.494766 0.468671 0.888420 0.708972 0.554110 0.510525 0.737256 0.785295 0.697434 0.697220 0.320165 0.292725 0.405450 0.340617 0.405808 0.300147 0.620436 0.561104 0.684000 0.424480 0.329106 0.337772 0.456671 0.483604 0.544007 0.615948 0.583321 0.602659 0.781683 0.762463 0.617570 0.710856 0.640441 0.779699 0.433205 0.562466 0.745466 0.740774 0.629377 0.567721 0.981697 0.909070 0.646198 0.575440 0.577538 0.822003 0.639288 0.788116 0.730391 0.867463 0.489430 0.718366 0.429568 0.462831 0.609889 0.677853 0.543824 0.746457 0.429693 0.463280 0.903150 0.563974 0.684607 0.651947 0.630805 0.626837 0.700684 0.727111 0.546110 0.972357
0.704856 0.624195 0.000000 0.216326 0.943309 0.859041 0.405873 0.516566 0.625558 0.985271 0.983698 0.812693 0.787278 0.762341 0.746692 0.633504 0.990924 0.997675 0.607378 0.581827 0.510035 0.844706 0.332120 0.430343 0.391058 0.306634 0.907243 0.886613 0.983128 0.950703 0.402434 0.587890 0.495489 0.496137 0.511265 0.801117 0.467842 0.642516 0.864199 0.711027 0.834921 0.954239 0.465190 0.635035 0.809251 0.884595 0.456984 0.507657 0.836939 0.930067 0.766715 0.785305 0.866253 0.846588 0.672858 0.694495 0.960336 0.894520 0.722844 0.719721 0.597909 0.561717 0.943462 0.954551 0.229376 0.343599 0.401356 0.426263 0.610517 0.787168 0.453838 0.483647 0.568906 0.625264 0.803912 0.966681 0.597718 0.533087 0.961726 0.742137 0.816264 0.671460 0.739567 0.829420 0.381700 0.356726 0.883844 0.948633 0.592700 0.562367 0.676671 0.794468 0.677813 0.693381 0.627913 0.802610 0.696954 0.946160 0.769022 0.705191 0.835238 0.991254 0.911525 0.929247 0.615920 0.505329 0.741027 0.871316 0.806160 0.816554 0.695985 0.918365 0.857782 0.922251 0.800056 0.875554
0.679617 0.517184 0.216326 0.000000 0.927450 0.770129 0.378144 0.439505 0.672590 0.982606 0.988643 0.728072 0.877039 0.719772 0.862488 0.692310 0.940787 0.971417 0.582292 0.484571 0.465153 0.806442 0.385645 0.388265 0.408385 0.312201 0.910193 0.914700 0.983736 0.966481 0.405141 0.545653 0.465765 0.456389 0.499790 0.714568 0.511259 0.569980 0.809262 0.711834 0.741108 0.939974 0.408943 0.534229 0.769994 0.865109 0.398190 0.454007 0.811863 0.935868 0.696631 0.737596 0.849935 0.801224 0.710689 0.683840 0.862802 0.837221 0.679490 0.629774 0.604363 0.473240 0.921817 0.946149 0.281499 0.242965 0.304382 0.313596 0.597901 0.742183 0.392294 0.386263 0.487298 0.562647 0.688473 0.824194 0.589270 0.500495 0.998624 0.707207 0.826057 0.713900 0.718741 0.846453 0.437702 0.341004 0.833890 0.979059 0.602501 0.580776 0.584882 0.797901 0.598110 0.678953 0.654422 0.757293 0.582194 0.832372 0.691964 0.670211 0.722450 0.923351 0.842293 0.978488 0.540172 0.491388 0.771741 0.788487 0.725529 0.767734 0.668486 0.853960 0.871583 0.855416 0.677101 0.869991
0.871125 0.982191 0.943309 0.927450 0.000000 0.947087 0.974377 0.962718 0.798101 0.774267 0.856958 0.884505 0.652301 0.865600 0.607497 0.821486 0.785113 0.855269 0.791011 0.962589 0.913255 0.725044 0.863128 0.881752 0.943536 0.849539 0.795677 0.942724 0.811467 0.837585 0.891573 0.743382 0.894594 0.921168 0.869781 0.943286 0.980379 0.824703 0.977075 0.688874 0.798147 0.929667 0.907557 0.858015 0.991717 0.991494 0.943897 0.900474 0.882747 0.836094 0.854886 0.826356 0.890315 0.722107 0.959475 0.992921 0.858056 0.753980 0.786488 0.970480 0.798705 0.988728 0.682829 0.760337 0.822689 0.930378 0.960730 0.940679 0.940247 0.947824 0.982164 0.860813 0.785489 0.797386 0.819741 0.868440 0.954505 0.966825 0.918108 0.903786 0.752211 0.901708 0.908426 0.672641 0.720624 0.997222 0.953272 0.810599 0.778713 0.915934 0.879442 0.957846 0.871427 0.981722 0.930237 0.944864 0.890205 0.846567 0.983887 0.957575 0.802332 0.867488 0.910061 0.936867 0.911503 0.848647 0.890845 0.942815 0.951196 0.973036 0.883117 0.940143 0.922812 0.854506 0.841474 0.954280
0.612552 0.647848 0.859041 0.770129 0.947087 0.000000 0.561033 0.495170 0.624640 0.622080 0.700990 0.628225 0.882910 0.915362 0.969257 0.971202 0.782355 0.773200 0.765266 0.690390 0.987642 0.811148 0.922432 0.884748 0.850097 0.972439 0.662656 0.898947 0.789783 0.941736 0.984138 0.944933 0.718024 0.658875 0.839423 0.980814 0.976460 0.960765 0.850542 0.971703 0.811300 0.945354 0.673121 0.605702 0.705808 0.711275 0.687083 0.739878 0.888550 0.799903 0.710887 0.681644 0.800070 0.808133 0.813184 0.735541 0.761521 0.749069 0.621098 0.534956 0.647932 0.520516 0.883927 0.833853 0.964165 0.685967 0.636925 0.591046 0.721070 0.612439 0.754826 0.745381 0.819714 0.851641 0.875035 0.824673 0.752761 0.849279 0.946520 0.891587 0.831231 0.877923 0.874741 0.978657 0.978631 0.983193 0.947024 0.926378 0.823643 0.927121 0.568250 0.648029 0.590230 0.664258 0.931695 0.857461 0.698066 0.777041 0.534503 0.592101 0.678138 0.708911 0.707871 0.675629 0.747711 0.741202 0.832123 0.681059 0.912863 0.832391 0.688022 0.640724 0.690043 0.851532 0.550501 0.862574
0.355501 0.363774 0.405873 0.378144 0.974377 0.561033 0.000000 0.196542 0.341366 0.528222 0.546372 0.423504 0.625734 0.652316 0.758820 0.712589 0.565166 0.597820 0.461442 0.419083 0.793324 0.798234 0.677253 0.832142 0.864233 0.684052 0.766382 0.864725 0.584235 0.636369 0.649814 0.810759 0.416285 0.312575 0.472527 0.893057 0.753178 0.798210 0.895188 0.835985 0.710420 0.853103 0.363632 0.365686 0.467590 0.494556 0.455998 0.431763 0.845644 0.681729 0.464826 0.440297 0.557394 0.590698 0.630618 0.602774 0.647549 0.567605 0.346642 0.400199 0.358952 0.310343 0.684015 0.610491 0.582391 0.447634 0.260464 0.337199 0.517178 0.625863 0.374724 0.480062 0.580400 0.638980 0.782404 0.935105 0.420975 0.614182 0.696392 0.863559 0.528032 0.681723 0.848051 0.784472 0.653112 0.675917 0.948606 0.842638 0.599158 0.597099 0.357026 0.518753 0.418501 0.460289 0.613422 0.760817 0.375317 0.634177 0.330079 0.361252 0.561133 0.620851 0.562311 0.671481 0.405911 0.350558 0.675368 0.553293 0.642190 0.635004 0.486587 0.634855 0.602144 0.747482 0.521899 0.845160
0.363112 0.319392 0.516566 0.439505 0.962718 0.495170 0.196542 0.000000 0.449780 0.512486 0.540362 0.373313 0.682418 0.616097 0.873806 0.830529 0.596645 0.605805 0.517280 0.409516 0.811753 0.791238 0.794457 0.892436 0.941386 0.736218 0.714075 0.826341 0.589617 0.677133 0.673194 0.787798 0.423480 0.325660 0.500819 0.853682 0.859578 0.831205 0.894370 0.854962 0.652715 0.819881 0.372197 0.373096 0.556472 0.565166 0.499933 0.508608 0.948548 0.754351 0.526944 0.495074 0.653218 0.661799 0.748389 0.639499 0.571053 0.534648 0.361093 0.339379 0.356026 0.230441 0.700467 0.608244 0.685717 0.397820 0.255055 0.283202 0.563876 0.578256 0.406957 0.437003 0.609660 0.609935 0.802899 0.829022 0.516748 0.696771 0.775899 0.873810 0.576792 0.750464 0.898680 0.909895 0.744465 0.729082 0.979171 0.783538 0.622233 0.681285 0.328485 0.576184 0.383326 0.496713 0.670449 0.745004 0.368852 0.572455 0.326199 0.378426 0.453552 0.576159 0.554666 0.679805 0.383597 0.347876 0.648719 0.520025 0.638091 0.580297 0.459622 0.577207 0.574888 0.768483 0.442397 0.874856
0.549755 0.683069 0.625558 0.672590 0.798101 0.624640 0.341366 0.449780 0.000000 0.451684 0.503697 0.569472 0.629171 0.816274 0.706227 0.724653 0.640817 0.682866 0.715674 0.692002 0.945023 0.951350 0.823774 0.929928 0.930103 0.911144 0.729749 0.800592 0.575943 0.673473 0.884306 0.952165 0.627098 0.547458 0.714887 0.983765 0.888436 0.985307 0.773758 0.917633 0.805338 0.794064 0.667487 0.642294 0.609097 0.635687 0.762716 0.772956 0.785051 0.847825 0.651085 0.651997 0.634475 0.727176 0.639873 0.694672 0.902202 0.735420 0.429427 0.589884 0.468053 0.544876 0.670410 0.611433 0.767172 0.789041 0.564751 0.627350 0.742301 0.769419 0.524765 0.690546 0.827869 0.857781 0.908317 0.969957 0.570063 0.783237 0.682591 0.982639 0.643335 0.811707 0.963698 0.750715 0.831372 0.971410 0.901758 0.904238 0.624458 0.799292 0.538232 0.476173 0.548102 0.450445 0.762186 0.994407 0.594061 0.721506 0.475362 0.473756 0.646580 0.698485 0.696070 0.711854 0.597985 0.502228 0.745569 0.635066 0.748421 0.816026 0.609882 0.736174 0.636634 0.806064 0.675680 0.814463
0.553185 0.711775 0.985271 0.982606 0.774267 0.622080 0.528222 0.512486 0.451684 0.000000 0.445512 0.525706 0.700509 0.900574 0.779477 0.913870 0.496277 0.492261 0.721877 0.765113 0.771955 0.951586 0.790857 0.504675 0.593921 0.719304 0.652965 0.814215 0.434184 0.580591 0.806632 0.691422 0.824481 0.680786 0.794064 0.917138 0.827633 0.862940 0.722609 0.956854 0.828238 0.738170 0.800498 0.708190 0.603153 0.579355 0.899728 0.908857 0.670700 0.797860 0.635832 0.621482 0.683450 0.753508 0.926391 0.776993 0.740920 0.644546 0.456963 0.657725 0.629088 0.650005 0.538222 0.458254 0.833880 0.950917 0.705852 0.826535 0.840428 0.798235 0.592683 0.797263 0.976047 0.914064 0.945252 0.967150 0.615139 0.927531 0.802629 0.843324 0.578148 0.894498 0.925047 0.826303 0.870546 0.676304 0.809100 0.663381 0.820735 0.948299 0.468286 0.458310 0.503538 0.452003 0.891917 0.835185 0.597722 0.614393 0.384605 0.475307 0.608304 0.564578 0.459016 0.530815 0.662554 0.651844 0.811481 0.577569 0.830494 0.746436 0.613463 0.667761 0.452266 0.759963 0.723802 0.807573
0.349872 0.598817 0.983698 0.988643 0.856958 0.700990 0.546372 0.540362 0.503697 0.445512 0.000000 0.297137 0.423591 0.512656 0.727964 0.783467 0.400468 0.397528 0.614441 0.638083 0.744930 0.987710 0.885665 0.729738 0.566561 0.708043 0.668319 0.706091 0.342208 0.390022 0.899348 0.888493 0.630585 0.532364 0.890358 0.826809 0.856261 0.856278 0.830648 0.991430 0.985900 0.759123 0.987421 0.823608 0.689164 0.648329 0.911218 0.873801 0.795477 0.885505 0.837132 0.814684 0.860013 0.996766 0.826712 0.879159 0.600088 0.505014 0.386503 0.477613 0.353083 0.457027 0.303746 0.252548 0.915287 0.922218 0.763606 0.788616 0.776702 0.780897 0.878517 0.994816 0.890569 0.939944 0.909529 0.987087 0.835744 0.898062 0.569456 0.933108 0.427260 0.689123 0.988656 0.697390 0.953754 0.888394 0.826486 0.818338 0.767488 0.845162 0.830384 0.831665 0.878694 0.846297 0.890378 0.928990 0.727737 0.761552 0.576235 0.603205 0.684920 0.752560 0.668983 0.705750 0.677530 0.701428 0.855243 0.737581 0.778774 0.760118 0.721743 0.781822 0.738976 0.981079 0.714457 0.891462
0.263319 0.411894 0.812693 0.728072 0.884505 0.628225 0.423504 0.373313 0.569472 0.525706 0.297137 0.000000 0.387024 0.383856 0.695809 0.669488 0.396734 0.387183 0.492749 0.436572 0.978587 0.912666 0.904170 0.974066 0.745637 0.908827 0.800730 0.806788 0.368503 0.398124 0.967387 0.992033 0.464443 0.384462 0.749432 0.980057 0.968555 0.981116 0.861144 0.891699 0.851637 0.863942 0.759508 0.675336 0.664789 0.665316 0.679200 0.663186 0.900431 0.924216 0.796609 0.741206 0.893654 0.998302 0.860347 0.829239 0.452662 0.430559 0.299284 0.361580 0.276092 0.274316 0.378564 0.301093 0.854072 0.593762 0.524676 0.517384 0.745114 0.685117 0.703376 0.794132 0.951113 0.871235 0.811528 0.893121 0.664571 0.884824 0.619293 0.823637 0.412591 0.640546 0.851313 0.713888 0.759070 0.842985 0.942248 0.845878 0.634303 0.729634 0.675937 0.828810 0.755398 0.770453 0.789830 0.854458 0.620364 0.715049 0.469735 0.505940 0.590669 0.724472 0.588145 0.664640 0.530408 0.543013 0.830002 0.703663 0.729528 0.752295 0.666392 0.626377 0.716951 0.960820 0.653825 0.963629
0.389705 0.640647 0.787278 0.877039 0.652301 0.882910 0.625734 0.682418 0.629171 0.700509 0.423591 0.387024 0.000000 0.391902 0.411887 0.457618 0.584428 0.586145 0.541614 0.680567 0.932197 0.899934 0.703651 0.969520 0.764469 0.871229 0.890431 0.876787 0.474709 0.493221 0.973196 0.874215 0.591131 0.616859 0.947896 0.752778 0.991363 0.827379 0.804591 0.904426 0.851206 0.993128 0.940585 0.970288 0.908684 0.846118 0.803892 0.781159 0.970466 0.899194 0.911513 0.979173 0.918491 0.768012 0.936332 0.972416 0.617894 0.537973 0.406947 0.540886 0.320705 0.539402 0.378181 0.411859 0.726749 0.785832 0.852974 0.855744 0.877712 0.834715 0.914764 0.930263 0.845456 0.831207 0.911090 0.927205 0.820445 0.956464 0.678695 0.779308 0.560856 0.709769 0.895179 0.720463 0.606517 0.869368 0.925816 0.812941 0.784962 0.817937 0.988114 0.911852 0.906574 0.944164 0.908511 0.962441 0.919261 0.973493 0.754156 0.651704 0.915429 0.874044 0.829095 0.865711 0.746911 0.573551 0.944284 0.901838 0.914054 0.899985 0.821171 0.773369 0.815301 0.944584 0.846995 0.893829
0.412773 0.521499 0.762341 0.719772 0.865600 0.915362 0.652316 0.616097 0.816274 0.900574 0.512656 0.383856 0.391902 0.000000 0.645363 0.566390 0.628029 0.609657 0.502238 0.591714 0.925292 0.999103 0.621332 0.751686 0.958670 0.982718 0.969205 0.945377 0.592185 0.467244 0.751114 0.816307 0.398691 0.480270 0.764435 0.993022 0.805057 0.875269 0.986970 0.840845 0.921468 0.973248 0.902981 0.895609 0.985328 0.973333 0.805511 0.780603 0.738050 0.784928 0.939699 0.988339 0.853007 0.766545 0.986619 0.967826 0.462888 0.496834 0.438978 0.417204 0.343473 0.436220 0.436782 0.462683 0.749027 0.571549 0.661088 0.583145 0.867626 0.750590 0.869482 0.789217 0.974919 0.945733 0.809290 0.916796 0.909352 0.843401 0.730225 0.735124 0.608097 0.823406 0.681335 0.780043 0.576802 0.651714 0.845975 0.925057 0.691350 0.669824 0.963206 0.800064 0.905283 0.868228 0.920079 0.860460 0.805400 0.910037 0.826428 0.810501 0.763237 0.938558 0.915448 0.990595 0.679721 0.684444 0.951605 0.905038 0.791768 0.752250 0.826687 0.851372 0.984120 0.870033 0.765848 0.957467
0.642440 0.835745 0.746692 0.862488 0.607497 0.969257 0.758820 0.873806 0.706227 0.779477 0.727964 0.695809 0.411887 0.645363 0.000000 0.445764 0.746803 0.762794 0.658350 0.841624 0.835803 0.984560 0.563860 0.917239 0.988801 0.995544 0.967350 0.941703 0.625048 0.685406 0.887597 0.897256 0.657311 0.733366 0.842996 0.863512 0.836547 0.882732 0.808067 0.904709 0.953813 0.913466 0.965718 0.905703 0.880814 0.879917 0.814271 0.782423 0.943030 0.941885 0.998116 0.930052 0.945082 0.899479 0.849276 0.778401 0.827215 0.742968 0.551777 0.736210 0.533330 0.777737 0.594397 0.625596 0.672198 0.921003 0.884616 0.947688 0.891564 0.782688 0.821782 0.942565 0.958417 0.956937 0.897809 0.950170 0.868772 0.968899 0.787154 0.946590 0.754726 0.838567 0.696427 0.692238 0.544435 0.850181 0.771006 0.959485 0.763884 0.733343 0.995080 0.894078 0.881598 0.911893 0.898200 0.921207 0.956243 0.986086 0.839693 0.724342 0.936970 0.997388 0.931298 0.951822 0.812005 0.636138 0.895795 0.875934 0.979844 0.946555 0.764115 0.845004 0.828447 0.942014 0.970782 0.836349
0.675490 0.736778 0.633504 0.692310 0.821486 0.971202 0.712589 0.830529 0.724653 0.913870 0.783467 0.669488 0.457618 0.566390 0.445764 0.000000 0.783748 0.724950 0.558573 0.672860 0.801444 0.956914 0.424211 0.642470 0.864619 0.821065 0.896262 0.972723 0.634493 0.670346 0.743982 0.876806 0.593960 0.654499 0.871351 0.959164 0.654863 0.932896 0.862606 0.848933 0.962296 0.838776 0.829256 0.875195 0.849870 0.831781 0.607985 0.694498 0.974542 0.982416 0.979030 0.892911 0.978629 0.931619 0.725761 0.895264 0.791527 0.733802 0.657320 0.796989 0.589732 0.716102 0.715363 0.732612 0.577471 0.722355 0.844428 0.837434 0.849872 0.858121 0.776961 0.852143 0.956486 0.873008 0.818546 0.873603 0.813196 0.755534 0.680056 0.755138 0.731340 0.691250 0.634284 0.654609 0.475534 0.631539 0.800657 0.891176 0.737353 0.751059 0.999523 0.950967 0.916825 0.941976 0.707801 0.955406 0.868083 0.910342 0.871420 0.744948 0.958441 0.903057 0.928470 0.993119 0.719441 0.720813 0.990158 0.932455 0.929831 0.999471 0.954594 0.818442 0.927871 0.961943 0.947154 0.900265
0.378911 0.475264 0.990924 0.940787 0.785113 0.782355 0.565166 0.596645 0.640817 0.496277 0.400468 0.396734 0.584428 0.628029 0.746803 0.783748 0.000000 0.229594 0.456077 0.482808 0.834527 0.913280 0.957738 0.837803 0.727185 0.792773 0.907763 0.871039 0.312887 0.377051 0.991727 0.924100 0.570027 0.530163 0.734143 0.983098 0.938345 0.995262 0.878027 0.948965 0.793341 0.799283 0.820507 0.687112 0.473270 0.435860 0.794741 0.745259 0.620400 0.657415 0.612451 0.625313 0.692745 0.828351 0.722005 0.764216 0.388025 0.306749 0.430242 0.567732 0.522339 0.582222 0.337372 0.291973 0.950681 0.932503 0.683613 0.726134 0.605556 0.724146 0.756734 0.991921 0.872393 0.831390 0.939534 0.871273 0.767999 0.947670 0.546417 0.892770 0.270742 0.538333 0.735931 0.522516 0.827030 0.965998 0.886694 0.928183 0.745257 0.688441 0.783864 0.849269 0.872577 0.856345 0.788593 0.997113 0.606838 0.725075 0.511845 0.618509 0.738721 0.806142 0.509714 0.559824 0.685005 0.727597 0.996306 0.758718 0.732514 0.748673 0.776047 0.701104 0.766493 0.772472 0.799321 0.971049
0.390545 0.474452 0.997675 0.971417 0.855269 0.773200 0.597820 0.605805 0.682866 0.492261 0.397528 0.387183 0.586145 0.609657 0.762794 0.724950 0.229594 0.000000 0.479416 0.471531 0.895260 0.866950 0.934597 0.806985 0.725107 0.809160 0.917494 0.908041 0.260675 0.303685 0.989725 0.976540 0.567373 0.520025 0.804834 0.962579 0.889618 0.926430 0.844001 0.919577 0.840493 0.762946 0.856879 0.710828 0.496454 0.458186 0.785858 0.788796 0.628180 0.677811 0.622920 0.643197 0.759946 0.861921 0.721323 0.807863 0.377661 0.313006 0.448120 0.607078 0.544200 0.569913 0.344798 0.264548 0.918124 0.929596 0.700321 0.729490 0.583159 0.695002 0.777752 0.965645 0.871494 0.782755 0.982906 0.868653 0.789722 0.911580 0.525202 0.915177 0.239661 0.471743 0.769472 0.543858 0.870489 0.949270 0.855131 0.898358 0.719443 0.763456 0.807067 0.873612 0.876144 0.890053 0.793085 0.948110 0.627239 0.761980 0.519445 0.609111 0.725995 0.833925 0.486458 0.523544 0.627848 0.779764 0.945394 0.786053 0.809718 0.737830 0.769124 0.701546 0.734709 0.801377 0.805821 0.951316
0.387278 0.380326 0.607378 0.582292 0.791011 0.765266 0.461442 0.517280 0.715674 0.721877 0.614441 0.492749 0.541614 0.502238 0.658350 0.558573 0.456077 0.479416 0.000000 0.425113 0.893440 0.900754 0.611021 0.783377 0.949521 0.860808 0.992504 0.986219 0.551675 0.612036 0.747597 0.892111 0.395722 0.393562 0.564987 0.854535 0.725260 0.907538 0.951856 0.891887 0.862443 0.958349 0.589953 0.583729 0.510013 0.500417 0.498861 0.492398 0.764155 0.719126 0.601475 0.595977 0.740293 0.806088 0.656837 0.705403 0.459941 0.375235 0.430123 0.480676 0.441052 0.487108 0.546592 0.563839 0.611492 0.592297 0.530250 0.527721 0.510010 0.648541 0.600527 0.758128 0.793352 0.766282 0.803150 0.826170 0.655583 0.659735 0.698986 0.736885 0.465801 0.585012 0.668122 0.636042 0.512780 0.626140 0.985099 0.945830 0.668441 0.607272 0.704034 0.848444 0.816271 0.807100 0.736240 0.799282 0.578688 0.826575 0.542441 0.557996 0.820781 0.914702 0.631678 0.778792 0.653362 0.553482 0.888068 0.706338 0.675552 0.706988 0.698266 0.677387 0.745173 0.858691 0.818520 0.965966
0.407890 0.299298 0.581827 0.484571 0.962589 0.690390 0.419083 0.409516 0.692002 0.765113 0.638083 0.436572 0.680567 0.591714 0.841624 0.672860 0.482808 0.471531 0.425113 0.000000 0.687040 0.816873 0.690610 0.689422 0.837216 0.734038 0.998857 0.931055 0.569012 0.618838 0.656369 0.627751 0.386417 0.369082 0.628191 0.794241 0.716967 0.786979 0.987203 0.860088 0.680472 0.877802 0.504476 0.490330 0.591757 0.594551 0.511714 0.470327 0.982643 0.759174 0.655983 0.628805 0.833145 0.811610 0.661303 0.671583 0.449232 0.428865 0.497838 0.441061 0.493479 0.374766 0.664514 0.612879 0.651135 0.436120 0.410142 0.393165 0.472817 0.583141 0.557870 0.645112 0.619242 0.577099 0.721013 0.688354 0.691434 0.753941 0.678689 0.748185 0.429819 0.479949 0.671876 0.712187 0.596991 0.555811 0.899381 0.991961 0.688063 0.588185 0.643423 0.864192 0.689658 0.798690 0.666229 0.995504 0.523311 0.753203 0.556847 0.544483 0.672845 0.762786 0.551434 0.794944 0.447825 0.570934 0.810986 0.718706 0.778011 0.781307 0.778395 0.725314 0.747086 0.749980 0.587494 0.959185
0.954536 0.807761 0.510035 0.465153 0.913255 0.987642 0.793324 0.811753 0.945023 0.771955 0.744930 0.978587 0.932197 0.925292 0.835803 0.801444 0.834527 0.895260 0.893440 0.687040 0.000000 0.769061 0.470722 0.448876 0.398117 0.401593 0.724611 0.864495 0.867782 0.974162 0.480715 0.563495 0.665713 0.735550 0.763691 0.821510 0.653091 0.675589 0.872574 0.765278 0.762910 0.755614 0.679815 0.801302 0.974240 0.903757 0.695354 0.780432 0.719437 0.894078 0.968771 0.992429 0.962734 0.953338 0.917941 0.862024 0.975083 0.948201 0.988882 0.934458 0.930870 0.789613 0.751827 0.772626 0.477531 0.507151 0.625471 0.612856 0.821365 0.839044 0.666270 0.597692 0.632946 0.630500 0.704119 0.763536 0.890325 0.716375 0.885439 0.796827 0.968622 0.857868 0.618170 0.977966 0.577693 0.474589 0.627618 0.901066 0.845850 0.735785 0.844120 0.961165 0.893744 0.932303 0.769116 0.927997 0.896578 0.876422 0.991956 0.928559 0.966690 0.916869 0.842539 0.734372 0.698772 0.747855 0.835464 0.934619 0.821144 0.951040 0.986341 0.993247 0.975807 0.920731 0.802774 0.915492
0.890743 0.817396 0.844706 0.806442 0.725044 0.811148 0.798234 0.791238 0.951350 0.951586 0.987710 0.912666 0.899934 0.999103 0.984560 0.956914 0.913280 0.866950 0.900754 0.816873 0.769061 0.000000 0.923990 0.919452 0.859424 0.894503 0.959450 0.924937 0.899070 0.931353 0.810062 0.962199 0.833963 0.820349 0.781308 0.901157 0.866844 0.854824 0.984961 0.976229 0.790170 0.745152 0.862839 0.850063 0.731127 0.862971 0.928753 0.792717 0.925909 0.792599 0.764134 0.780911 0.802756 0.727771 0.940011 0.720051 0.878474 0.933784 0.960212 0.857539 0.918014 0.856061 0.943968 0.900035 0.956490 0.915195 0.733573 0.773989 0.767839 0.871131 0.783937 0.779996 0.864240 0.723446 0.751039 0.948152 0.751344 0.742705 0.848542 0.961784 0.867144 0.878020 0.900727 0.887646 0.995484 0.837910 0.927483 0.945494 0.953217 0.702321 0.762986 0.887348 0.754751 0.910610 0.746664 0.864018 0.822432 0.937812 0.748777 0.839208 0.825915 0.957835 0.795150 0.820773 0.822620 0.833976 0.913436 0.936820 0.936087 0.770379 0.801578 0.851343 0.950635 0.841268 0.799738 0.924807
0.815117 0.736866 0.332120 0.385645 0.863128 0.922432 0.677253 0.794457 0.823774 0.790857 0.885665 0.904170 0.703651 0.621332 0.563860 0.424211 0.957738 0.934597 0.611021 0.690610 0.470722 0.923990 0.000000 0.296429 0.404364 0.423579 0.729353 0.831304 0.978086 0.929712 0.389956 0.542762 0.470222 0.596627 0.634577 0.844824 0.462577 0.702096 0.891875 0.718194 0.909274 0.808341 0.675815 0.867516 0.979477 0.940045 0.584050 0.653422 0.705851 0.812496 0.977933 0.988973 0.919299 0.895611 0.795137 0.839542 0.913721 0.905520 0.805652 0.815776 0.639289 0.709975 0.992600 0.945184 0.261675 0.460233 0.631901 0.616784 0.809343 0.849075 0.657734 0.611410 0.727832 0.745852 0.697526 0.884354 0.820889 0.558850 0.993803 0.694915 0.894233 0.803755 0.565993 0.818890 0.250110 0.315327 0.716728 0.879260 0.676070 0.556288 0.994201 0.916213 0.985438 0.994790 0.712877 0.823654 0.911365 0.941894 0.995296 0.890821 0.942945 0.807577 0.886400 0.736271 0.717597 0.626101 0.950234 0.989178 0.992323 0.972112 0.897119 0.969588 0.956669 0.982016 0.954851 0.841221
0.986625 0.783079 0.430343 0.388265 0.881752 0.884748 0.832142 0.892436 0.929928 0.504675 0.729738 0.974066 0.969520 0.751686 0.917239 0.642470 0.837803 0.806985 0.783377 0.689422 0.448876 0.919452 0.296429 0.000000 0.329474 0.364619 0.655066 0.820334 0.759699 0.901695 0.390377 0.406675 0.619461 0.751693 0.695141 0.764775 0.524288 0.621311 0.771888 0.826339 0.917579 0.792753 0.694217 0.850750 0.932337 0.881248 0.627545 0.649968 0.651378 0.889213 0.971155 0.947633 0.884361 0.929492 0.779856 0.875668 0.961688 0.985272 0.948882 0.946052 0.843159 0.786084 0.798468 0.748220 0.347726 0.428544 0.702968 0.629366 0.805560 0.900368 0.825590 0.717279 0.693252 0.716483 0.728767 0.813925 0.959397 0.687641 0.959401 0.635657 0.977468 0.791059 0.619678 0.924984 0.381537 0.262628 0.685966 0.731889 0.824577 0.578582 0.895927 0.741686 0.877116 0.817028 0.740891 0.934832 0.926348 0.891604 0.822167 0.935466 0.895709 0.715709 0.777353 0.641132 0.853813 0.794511 0.928495 0.869373 0.981504 0.946508 0.970728 0.853231 0.771227 0.964946 0.942537 0.996264
0.819243 0.920654 0.391058 0.408385 0.943536 0.850097 0.864233 0.941386 0.930103 0.593921 0.566561 0.745637 0.764469 0.958670 0.988801 0.864619 0.727185 0.725107 0.949521 0.837216 0.398117 0.859424 0.404364 0.329474 0.000000 0.231035 0.628888 0.766438 0.682938 0.831344 0.319605 0.441507 0.711169 0.807255 0.650714 0.690102 0.418187 0.450237 0.659023 0.691238 0.856709 0.835037 0.692843 0.883803 0.960299 0.836809 0.676083 0.787297 0.699658 0.911025 0.941790 0.918238 0.909740 0.987828 0.807515 0.826958 0.865058 0.824601 0.791455 0.842028 0.926362 0.961984 0.615410 0.602234 0.379024 0.525927 0.674409 0.664502 0.818583 0.947424 0.686855 0.617339 0.537989 0.584433 0.794690 0.894989 0.880289 0.612105 0.812539 0.761794 0.932634 0.801372 0.638025 0.923602 0.479794 0.321511 0.819235 0.842791 0.840289 0.646089 0.992763 0.847726 0.921406 0.934636 0.765204 0.818052 0.949683 0.887238 0.846638 0.880839 0.899835 0.726754 0.837515 0.673408 0.894047 0.898511 0.905667 0.876393 0.945475 0.972919 0.973445 0.778133 0.788633 0.975753 0.998783 0.963937
0.969159 0.785118 0.306634 0.312201 0.849539 0.972439 0.684052 0.736218 0.911144 0.719304 0.708043 0.908827 0.871229 0.982718 0.995544 0.821065 0.792773 0.809160 0.860808 0.734038 0.401593 0.894503 0.423579 0.364619 0.231035 0.000000 0.812223 0.842347 0.785836 0.856205 0.312829 0.424113 0.632298 0.712191 0.681756 0.649311 0.409024 0.472930 0.717551 0.701154 0.790023 0.865238 0.538592 0.735333 0.944284 0.974996 0.543543 0.695393 0.769199 0.990313 0.812430 0.918919 0.980859 0.893052 0.717925 0.807918 0.884201 0.884722 0.925858 0.992032 0.915822 0.751612 0.612557 0.650920 0.340563 0.393985 0.550949 0.539814 0.759315 0.876906 0.566470 0.499562 0.465306 0.517443 0.854549 0.823421 0.788290 0.591315 0.837738 0.738149 0.985634 0.785607 0.718232 0.963141 0.492243 0.328910 0.757835 0.889686 0.745740 0.665459 0.804958 0.976216 0.755223 0.869463 0.736192 0.803704 0.824096 0.997651 0.975168 0.931334 0.896587 0.899239 0.921758 0.772492 0.760039 0.734286 0.788137 0.993932 0.928801 0.923208 0.884937 0.952296 0.963237 0.906945 0.896272 0.949971
0.768698 0.950502 0.907243 0.910193 0.795677 0.662656 0.766382 0.714075 0.729749 0.652965 0.668319 0.800730 0.890431 0.969205 0.967350 0.896262 0.907763 0.917494 0.992504 0.998857 0.724611 0.959450 0.729353 0.655066 0.628888 0.812223 0.000000 0.828078 0.793962 0.901765 0.836150 0.869810 0.949017 0.910816 0.980443 0.828119 0.739586 0.895520 0.805356 0.758872 0.998796 0.853573 0.929456 0.799721 0.875252 0.813325 0.945668 0.906039 0.914424 0.905555 0.874762 0.748087 0.776091 0.816960 0.965714 0.950135 0.974724 0.992136 0.777902 0.724197 0.786515 0.794881 0.895393 0.844164 0.736397 0.960805 0.927916 0.962386 0.924452 0.851748 0.941338 0.955964 0.943058 0.908178 0.870753 0.966669 0.937117 0.923277 0.977130 0.973736 0.980887 0.869407 0.761214 0.938358 0.723843 0.723326 0.913433 0.969008 0.991760 0.833518 0.684436 0.716877 0.750757 0.702524 0.891288 0.985953 0.867949 0.746040 0.801717 0.807017 0.636813 0.659525 0.857180 0.816699 0.923222 0.955647 0.771000 0.654743 0.822944 0.861495 0.903530 0.756399 0.805002 0.937502 0.793745 0.981356
0.858248 0.897767 0.886613 0.914700 0.942724 0.898947 0.864725 0.826341 0.800592 0.814215 0.706091 0.806788 0.876787 0.945377 0.941703 0.972723 0.871039 0.908041 0.986219 0.931055 0.864495 0.924937 0.831304 0.820334 0.766438 0.842347 0.828078 0.000000 0.833036 0.810701 0.867790 0.982198 0.976839 0.882840 0.968960 0.973332 0.805072 0.898794 0.958322 0.858175 0.908998 0.950773 0.976405 0.890309 0.900940 0.909294 0.916177 0.888767 0.870926 0.928835 0.904039 0.871188 0.817869 0.904944 0.885387 0.769473 0.990233 0.946595 0.886591 0.987213 0.863704 0.870084 0.862022 0.754733 0.833610 0.940656 0.964602 0.985242 0.892010 0.858635 0.946924 0.911577 0.842868 0.974041 0.945294 0.958954 0.909660 0.915819 0.760689 0.811940 0.941544 0.913367 0.800972 0.981736 0.830791 0.821207 0.866352 0.817737 0.931056 0.761138 0.811486 0.801253 0.840238 0.819568 0.928941 0.912981 0.944432 0.851967 0.786932 0.840703 0.783695 0.744107 0.926602 0.823563 0.894930 0.839978 0.938984 0.737181 0.879148 0.918792 0.932715 0.876159 0.832078 0.998448 0.779840 0.970045
0.412669 0.564324 0.983128 0.983736 0.811467 0.789783 0.584235 0.589617 0.575943 0.434184 0.342208 0.368503 0.474709 0.592185 0.625048 0.634493 0.312887 0.260675 0.551675 0.569012 0.867782 0.899070 0.978086 0.759699 0.682938 0.785836 0.793962 0.833036 0.000000 0.276558 0.989500 0.900194 0.569108 0.558828 0.825920 0.863251 0.968718 0.984407 0.711956 0.994224 0.869649 0.775545 0.894625 0.777556 0.529091 0.480216 0.852774 0.808695 0.631715 0.736743 0.709355 0.677815 0.771950 0.887954 0.738946 0.726778 0.529941 0.450445 0.438099 0.599542 0.459319 0.549556 0.318530 0.251844 0.925570 0.962245 0.761161 0.807374 0.723315 0.735337 0.801751 0.953615 0.911895 0.793068 0.967061 0.932518 0.772098 0.956489 0.495703 0.989731 0.329621 0.564335 0.731661 0.541387 0.865326 0.983797 0.953512 0.916916 0.692675 0.772835 0.799467 0.846234 0.885101 0.829039 0.814402 0.958213 0.691282 0.799277 0.534104 0.578137 0.724736 0.814021 0.560232 0.633812 0.675244 0.727382 0.875525 0.768802 0.837923 0.714866 0.792892 0.697201 0.701785 0.764600 0.775799 0.975101
0.479710 0.620537 0.950703 0.966481 0.837585 0.941736 0.636369 0.677133 0.673473 0.580591 0.390022 0.398124 0.493221 0.467244 0.685406 0.670346 0.377051 0.303685 0.612036 0.618838 0.974162 0.931353 0.929712 0.901695 0.831344 0.856205 0.901765 0.810701 0.276558 0.000000 0.892319 0.945784 0.538910 0.537531 0.836177 0.875247 0.894130 0.834865 0.876474 0.879848 0.903993 0.880055 0.998458 0.864300 0.688248 0.687174 0.930731 0.886997 0.844861 0.933414 0.828423 0.849797 0.912312 0.972545 0.864042 0.888607 0.531290 0.506980 0.511305 0.684452 0.500332 0.576412 0.305014 0.255177 0.959190 0.921196 0.770299 0.802394 0.804888 0.816416 0.858630 0.998087 0.921253 0.841562 0.948144 0.952435 0.787821 0.889218 0.596092 0.906911 0.324746 0.582931 0.652403 0.532675 0.800713 0.899572 0.881244 0.930113 0.761861 0.749955 0.962694 0.934328 0.986722 0.987069 0.893681 0.907460 0.777515 0.913111 0.693760 0.788059 0.776268 0.984356 0.690984 0.780094 0.704656 0.864403 0.959306 0.911432 0.960971 0.802053 0.916703 0.866088 0.910904 0.915433 0.859609 0.914289
0.897102 0.672722 0.402434 0.405141 0.891573 0.984138 0.649814 0.673194 0.884306 0.806632 0.899348 0.967387 0.973196 0.751114 0.887597 0.743982 0.991727 0.989725 0.747597 0.656369 0.480715 0.810062 0.389956 0.390377 0.319605 0.312829 0.836150 0.867790 0.989500 0.892319 0.000000 0.328955 0.423934 0.584798 0.562765 0.727681 0.448005 0.479851 0.812231 0.788919 0.674579 0.990446 0.591121 0.726161 0.861857 0.929793 0.645163 0.721670 0.729407 0.965372 0.789232 0.893624 0.979582 0.908974 0.729819 0.753228 0.879135 0.885034 0.932714 0.861209 0.735212 0.648619 0.923455 0.937681 0.469656 0.446625 0.512661 0.521845 0.666282 0.720972 0.630973 0.483341 0.455546 0.521793 0.726038 0.777063 0.869216 0.644214 0.990788 0.694028 0.834049 0.724912 0.525928 0.884918 0.446725 0.331526 0.824700 0.809805 0.695746 0.540475 0.903905 0.838501 0.878923 0.957281 0.695800 0.816919 0.737090 0.883567 0.958699 0.947068 0.900672 0.903650 0.968762 0.818639 0.693549 0.703409 0.790233 0.950616 0.919673 0.806957 0.876697 0.939615 0.878142 0.866970 0.802862 0.922120
0.939525 0.727883 0.587890 0.545653 0.743382 0.944933 0.810759 0.787798 0.952165 0.691422 0.888493 0.992033 0.874215 0.816307 0.897256 0.876806 0.924100 0.976540 0.892111 0.627751 0.563495 0.962199 0.542762 0.406675 0.441507 0.424113 0.869810 0.982198 0.900194 0.945784 0.328955 0.000000 0.582287 0.677241 0.738489 0.758927 0.605434 0.547869 0.739514 0.922464 0.804562 0.914816 0.698553 0.730885 0.992746 0.992564 0.695503 0.775506 0.673842 0.916397 0.892622 0.968311 0.931456 0.986190 0.803935 0.921966 0.904498 0.960148 0.938952 0.923417 0.857353 0.713113 0.850551 0.882691 0.619248 0.501772 0.652079 0.602272 0.771274 0.899701 0.808522 0.658205 0.550140 0.556986 0.808393 0.760663 0.999468 0.740171 0.932606 0.786870 0.899610 0.786708 0.673006 0.987632 0.611642 0.408980 0.896638 0.842036 0.830281 0.742655 0.980202 0.734310 0.956764 0.856253 0.725825 0.887602 0.837445 0.918725 0.953717 0.946558 0.901548 0.891106 0.923183 0.737801 0.693652 0.881263 0.918820 0.951015 0.890132 0.975272 0.951079 0.860580 0.859850 0.941393 0.839831 0.916975
0.410621 0.350061 0.495489 0.465765 0.894594 0.718024 0.416285 0.423480 0.627098 0.824481 0.630585 0.464443 0.591131 0.398691 0.657311 0.593960 0.570027 0.567373 0.395722 0.386417 0.665713 0.833963 0.470222 0.619461 0.711169 0.632298 0.949017 0.976839 0.569108 0.538910 0.423934 0.582287 0.000000 0.271528 0.485105 0.818773 0.592241 0.721908 0.991081 0.806736 0.666283 0.944029 0.585588 0.630684 0.671594 0.710734 0.567669 0.604995 0.904284 0.961103 0.744345 0.788446 0.926396 0.994506 0.692065 0.664862 0.482475 0.467261 0.446868 0.421081 0.330054 0.330612 0.576292 0.568220 0.524586 0.406928 0.385295 0.364952 0.565210 0.569533 0.563654 0.540778 0.633123 0.607936 0.741627 0.729103 0.744180 0.643814 0.714619 0.705198 0.467920 0.552097 0.544970 0.648605 0.394536 0.412237 0.854779 0.952252 0.548645 0.476857 0.788232 0.952870 0.811687 0.923970 0.715996 0.757595 0.634107 0.827196 0.616417 0.632865 0.733882 0.938353 0.757717 0.893927 0.519485 0.514505 0.827461 0.787324 0.799779 0.677877 0.739499 0.816823 0.844643 0.897416 0.629484 0.954555
0.338380 0.305229 0.496137 0.456389 0.921168 0.658875 0.312575 0.325660 0.547458 0.680786 0.532364 0.384462 0.616859 0.480270 0.733366 0.654499 0.530163 0.520025 0.393562 0.369082 0.735550 0.820349 0.596627 0.751693 0.807255 0.712191 0.910816 0.882840 0.558828 0.537531 0.584798 0.677241 0.271528 0.000000 0.494143 0.795438 0.723988 0.760462 0.983258 0.744947 0.751412 0.871326 0.496156 0.479465 0.590307 0.622238 0.508258 0.531485 0.955850 0.825538 0.647093 0.644099 0.781082 0.834908 0.671191 0.714600 0.499898 0.465138 0.410183 0.408472 0.340532 0.298476 0.596917 0.537898 0.594576 0.419115 0.313544 0.336827 0.528324 0.567659 0.476110 0.541544 0.658408 0.605348 0.715399 0.778978 0.612944 0.658373 0.682328 0.766746 0.441446 0.571203 0.648713 0.675728 0.512095 0.523476 0.946728 0.976629 0.534289 0.531133 0.611508 0.841354 0.609586 0.744534 0.661953 0.779716 0.546743 0.790363 0.488279 0.532809 0.604719 0.780153 0.652385 0.758347 0.468881 0.501743 0.701599 0.626868 0.730348 0.673701 0.679910 0.775460 0.690294 0.878768 0.624815 0.967038
0.657188 0.563827 0.511265 0.499790 0.869781 0.839423 0.472527 0.500819 0.714887 0.794064 0.890358 0.749432 0.947896 0.764435 0.842996 0.871351 0.734143 0.804834 0.564987 0.628191 0.763691 0.781308 0.634577 0.695141 0.650714 0.681756 0.980443 0.968960 0.825920 0.836177 0.562765 0.738489 0.485105 0.494143 0.000000 0.782533 0.745698 0.768575 0.919672 0.810401 0.660341 0.841415 0.529449 0.601334 0.590370 0.683294 0.648976 0.582861 0.963348 0.791359 0.605012 0.688627 0.661117 0.758679 0.620040 0.586022 0.713732 0.730399 0.657682 0.638497 0.648650 0.619547 0.865691 0.837956 0.581329 0.569999 0.385440 0.461737 0.617867 0.694981 0.490317 0.535346 0.611305 0.568597 0.896444 0.830862 0.644233 0.684496 0.904003 0.869430 0.703623 0.724743 0.674409 0.736324 0.583351 0.557180 0.844565 0.974476 0.750335 0.558932 0.609847 0.831181 0.660623 0.715086 0.626051 0.726529 0.598622 0.786729 0.662403 0.673701 0.828545 0.971052 0.751884 0.944682 0.720350 0.535562 0.977427 0.756890 0.721608 0.652917 0.668581 0.915585 0.863139 0.923622 0.724365 0.962770
0.967129 0.790268 0.801117 0.714568 0.943286 0.980814 0.893057 0.853682 0.983765 0.917138 0.826809 0.980057 0.752778 0.993022 0.863512 0.959164 0.983098 0.962579 0.854535 0.794241 0.821510 0.901157 0.844824 0.764775 0.690102 0.649311 0.828119 0.973332 0.863251 0.875247 0.727681 0.758927 0.818773 0.795438 0.782533 0.000000 0.683662 0.793202 0.789275 0.815378 0.751852 0.932148 0.731871 0.831396 0.882372 0.979830 0.847525 0.880537 0.951027 0.961424 0.774070 0.881625 0.796305 0.835635 0.803337 0.918559 0.965741 0.953730 0.903692 0.962885 0.950609 0.860540 0.830934 0.855345 0.828165 0.733848 0.699832 0.702848 0.951459 0.786703 0.699578 0.718181 0.692436 0.751909 0.929903 0.866852 0.841328 0.898969 0.967328 0.935062 0.939561 0.963598 0.808560 0.949639 0.822973 0.673859 0.812934 0.889868 0.812895 0.800687 0.842803 0.999536 0.723956 0.888325 0.976980 0.911151 0.812371 0.914370 0.905259 0.973294 0.773108 0.926753 0.899017 0.945881 0.873479 0.891377 0.929923 0.894671 0.820401 0.899746 0.880946 0.971820 0.921217 0.983927 0.989654 0.958230
0.866412 0.751283 0.467842 0.511259 0.980379 0.976460 0.753178 0.859578 0.888436 0.827633 0.856261 0.968555 0.991363 0.805057 0.836547 0.654863 0.938345 0.889618 0.725260 0.716967 0.653091 0.866844 0.462577 0.524288 0.418187 0.409024 0.739586 0.805072 0.968718 0.894130 0.448005 0.605434 0.592241 0.723988 0.745698 0.683662 0.000000 0.477190 0.714422 0.717138 0.761777 0.985909 0.701293 0.875790 0.879623 0.966021 0.594408 0.776331 0.883259 0.954618 0.783124 0.871422 0.973199 0.954895 0.749598 0.822141 0.854214 0.872680 0.917840 0.969949 0.872194 0.845329 0.960052 0.956298 0.506378 0.624485 0.660189 0.611059 0.733658 0.817634 0.666750 0.607585 0.581187 0.622420 0.973698 0.937933 0.828356 0.568233 0.824123 0.866569 0.770983 0.740412 0.596041 0.745649 0.478406 0.418194 0.959441 0.955515 0.652591 0.549421 0.996226 0.983579 0.924952 0.994959 0.839241 0.810293 0.872895 0.951892 0.907950 0.878367 0.992091 0.744676 0.881507 0.933642 0.731131 0.847288 0.936763 0.910508 0.862361 0.850444 0.826329 0.974518 0.904921 0.887915 0.994551 0.983642
0.993575 0.829710 0.642516 0.569980 0.824703 0.960765 0.798210 0.831205 0.985307 0.862940 0.856278 0.981116 0.827379 0.875269 0.882732 0.932896 0.995262 0.926430 0.907538 0.786979 0.675589 0.854824 0.702096 0.621311 0.450237 0.472930 0.895520 0.898794 0.984407 0.834865 0.479851 0.547869 0.721908 0.760462 0.768575 0.793202 0.477190 0.000000 0.657637 0.752883 0.829243 0.931517 0.761547 0.820123 0.905139 0.994162 0.663308 0.810223 0.835828 0.976723 0.776125 0.935886 0.998066 0.923084 0.833925 0.893419 0.978318 0.991609 0.989643 0.984607 0.970492 0.846894 0.884303 0.944159 0.693189 0.655884 0.669234 0.628395 0.842800 0.910938 0.700529 0.689069 0.479233 0.572971 0.853335 0.971982 0.859855 0.654475 0.960603 0.802332 0.865233 0.774808 0.699450 0.809568 0.720957 0.525386 0.998335 0.926655 0.793422 0.713484 0.950621 0.895203 0.862160 0.946141 0.799141 0.762430 0.732707 0.798055 0.996609 0.972562 0.856755 0.849892 0.957970 0.922826 0.854344 0.946388 0.832376 0.902559 0.854376 0.894077 0.946235 0.887831 0.886438 0.732137 0.900140 0.868184
