0.000000 0.388201 0.940723 0.841015 0.855521 0.569402 0.500637 0.519550 0.703387 0.588510 0.427986 0.441661 0.443542 0.490408 0.705479 0.840719 0.479663 0.481477 0.469428 0.576948 0.778500 0.919569 0.937044 0.830758 0.638783 0.745534 0.697864 0.805041 0.554194 0.627324 0.782490 0.917595 0.600213 0.527340 0.894745 0.763696 0.843274 0.800001 0.809369 0.940655 0.946326 0.781043 0.637917 0.585585 0.670509 0.594306 0.529235 0.570702 0.674793 0.664842 0.665478 0.531116 0.804467 0.937929 0.776314 0.642533 0.378839 0.387090 0.258454 0.290253 0.319883 0.464633 0.436407 0.431499 0.993977 0.774292 0.744372 0.663613 0.823160 0.758904 0.785403 0.878506 0.989083 0.984877 0.947115 0.984352 0.651628 0.891569 0.635772 0.809589 0.500020 0.758932 0.952101 0.745542 0.810842 0.971678 0.953062 0.981681 0.712080 0.671133 0.793305 0.715856 0.877901 0.857145 0.908982 0.787186 0.708531 0.889919 0.425835 0.448586 0.725512 0.643939 0.675822 0.679220 0.598804 0.496192 0.813359 0.666097 0.766522 0.693725 0.592476 0.661775 0.495160 0.922560 0.637956 0.761672
0.388201 0.000000 0.717295 0.592355 0.945095 0.647084 0.440628 0.490891 0.847510 0.819455 0.637177 0.614633 0.697409 0.530529 0.921899 0.891356 0.624004 0.596827 0.458565 0.456081 0.926074 0.939215 0.833750 0.829270 0.989183 0.929654 0.831206 0.880553 0.748732 0.695842 0.823767 0.689069 0.426730 0.417944 0.748417 0.986416 0.982855 0.971023 0.993130 0.818728 0.904301 0.793969 0.405559 0.397280 0.634986 0.582176 0.498554 0.442322 0.809696 0.645227 0.558944 0.477365 0.755615 0.899494 0.742285 0.579668 0.387070 0.392151 0.414625 0.318733 0.397976 0.461355 0.668662 0.633308 0.832443 0.570642 0.551522 0.454430 0.828806 0.687347 0.647815 0.689529 0.714249 0.741753 0.818218 0.956193 0.715843 0.714734 0.761683 0.739174 0.558908 0.753382 0.807606 0.793077 0.720135 0.667836 0.944632 0.981662 0.725023 0.536005 0.787645 0.908407 0.801809 0.990755 0.932927 0.849063 0.626373 0.960135 0.526586 0.570246 0.757157 0.741492 0.739269 0.835254 0.542249 0.468402 0.849038 0.712672 0.779550 0.681983 0.610380 0.725319 0.575235 0.833943 0.584495 0.877695
0.940723 0.717295 0.000000 0.282962 0.948284 0.837562 0.644394 0.783157 0.942986 0.781459 0.691014 0.848450 0.940900 0.958520 0.987432 0.903390 0.736706 0.758417 0.792140 0.630867 0.482285 0.786944 0.377893 0.423763 0.406065 0.329525 0.887607 0.786262 0.651483 0.724649 0.448470 0.591724 0.569864 0.657393 0.503385 0.725306 0.495957 0.739173 0.651298 0.635094 0.757867 0.974627 0.522113 0.684599 0.932980 0.865455 0.635728 0.670414 0.581480 0.914854 0.976558 0.978292 0.960002 0.963648 0.845041 0.990029 0.941762 0.981345 0.965194 0.794089 0.863765 0.846880 0.616889 0.646311 0.282045 0.327229 0.403198 0.426369 0.770417 0.791637 0.420541 0.469592 0.644758 0.708842 0.833824 0.837763 0.823936 0.593886 0.771266 0.694809 0.875786 0.949573 0.935489 0.829578 0.588347 0.501401 0.892933 0.770590 0.734859 0.866038 0.711303 0.839810 0.642566 0.723783 0.878647 0.766696 0.805233 0.992807 0.909811 0.854940 0.844089 0.895757 0.973513 0.879929 0.742899 0.610780 0.778423 0.878333 0.923001 0.915332 0.731377 0.919951 0.947525 0.872288 0.812233 0.809972
0.841015 0.592355 0.282962 0.000000 0.909125 0.713423 0.504243 0.569457 0.903117 0.923660 0.831975 0.895085 0.961156 0.814881 0.910496 0.834386 0.860690 0.856408 0.663134 0.477263 0.511974 0.848223 0.432049 0.403860 0.519632 0.397644 0.979268 0.881724 0.733724 0.854072 0.454082 0.559557 0.526130 0.523176 0.543231 0.732392 0.616681 0.701141 0.680375 0.737722 0.761904 0.897446 0.461001 0.624915 0.952070 0.971073 0.473590 0.553155 0.628389 0.975087 0.835937 0.871148 0.933909 0.879582 0.848199 0.910190 0.900499 0.955792 0.850169 0.680644 0.749932 0.605984 0.740563 0.803439 0.426185 0.228289 0.322052 0.314994 0.848884 0.798749 0.368285 0.416064 0.547940 0.654353 0.728503 0.738337 0.708369 0.538998 0.753477 0.691139 0.935748 0.916694 0.923451 0.853577 0.664071 0.519637 0.858132 0.867606 0.760905 0.816407 0.589904 0.823238 0.560257 0.730867 0.863714 0.659335 0.648666 0.912040 0.745649 0.756504 0.678958 0.834403 0.932123 0.941126 0.600618 0.590745 0.793908 0.849004 0.783216 0.794491 0.674063 0.850097 0.893438 0.881700 0.705424 0.828029
0.855521 0.945095 0.948284 0.909125 0.000000 0.995038 0.969851 0.990206 0.754072 0.808891 0.821128 0.881308 0.557149 0.829975 0.656017 0.601160 0.846500 0.829106 0.765857 0.992045 0.874252 0.877703 0.822254 0.968121 0.885266 0.857597 0.854919 0.998557 0.770670 0.788083 0.824266 0.839873 0.898932 0.961957 0.980236 0.729894 0.956599 0.841259 0.929739 0.664966 0.840322 0.986447 0.986155 0.993059 0.945970 0.904150 0.995017 0.994749 0.675646 0.998290 0.884755 0.940703 0.988677 0.787616 0.821250 0.989237 0.932613 0.788245 0.899659 0.978122 0.775520 0.972514 0.725844 0.766380 0.842818 0.927791 0.856371 0.871667 0.985005 0.981027 0.955013 0.713184 0.753575 0.856093 0.926831 0.855602 0.882026 0.944944 0.947404 0.874520 0.809342 0.826246 0.943374 0.727978 0.707876 0.978216 0.828840 0.961052 0.720123 0.874222 0.848810 0.968708 0.810567 0.985446 0.904826 0.870707 0.756942 0.761028 0.998973 0.947396 0.834970 0.922755 0.967017 0.896778 0.845037 0.950531 0.969801 0.830388 0.944483 0.776139 0.976591 0.892688 0.777968 0.907481 0.732397 0.940396
0.569402 0.647084 0.837562 0.713423 0.995038 0.000000 0.423258 0.405303 0.557835 0.506686 0.628613 0.558949 0.762239 0.704091 0.975034 0.854173 0.795493 0.761222 0.698604 0.618160 0.892995 0.873400 0.993159 0.862807 0.797694 0.950650 0.517608 0.959179 0.704972 0.776807 0.927342 0.996886 0.576846 0.541969 0.766284 0.896778 0.894182 0.932606 0.841378 0.982085 0.826857 0.950340 0.688214 0.664112 0.681798 0.716308 0.701532 0.692791 0.908835 0.790671 0.675472 0.654060 0.718157 0.726545 0.820572 0.763068 0.860038 0.815680 0.580177 0.466274 0.479514 0.436301 0.742231 0.667695 0.946304 0.687391 0.588105 0.554811 0.922257 0.636428 0.650896 0.700004 0.792765 0.855635 0.862822 0.822202 0.715974 0.772178 0.998553 0.941913 0.875387 0.930792 0.840354 0.965836 0.923801 0.906285 0.949559 0.875966 0.878551 0.968400 0.526818 0.599463 0.532810 0.624888 0.999830 0.734047 0.688762 0.681656 0.460053 0.541625 0.527502 0.597243 0.738678 0.655596 0.634790 0.685054 0.743442 0.758253 0.787397 0.745937 0.588955 0.643342 0.603990 0.862209 0.565168 0.916607
0.500637 0.440628 0.644394 0.504243 0.969851 0.423258 0.000000 0.215566 0.458579 0.491899 0.619371 0.453893 0.712761 0.558134 0.952901 0.857907 0.761789 0.751240 0.544222 0.427339 0.976729 0.930409 0.847835 0.967781 0.854199 0.944839 0.505270 0.809961 0.678462 0.665786 0.792563 0.806798 0.474353 0.319201 0.614534 0.973286 0.937413 0.932416 0.989188 0.937495 0.801004 0.937778 0.369339 0.387033 0.476931 0.515282 0.587384 0.501250 0.867944 0.602848 0.472248 0.425837 0.475482 0.514295 0.781186 0.772869 0.732289 0.702667 0.455384 0.379407 0.340771 0.308082 0.708904 0.599365 0.913596 0.498529 0.316450 0.302568 0.930094 0.745472 0.423067 0.529526 0.643125 0.719477 0.841923 0.794493 0.495314 0.665802 0.910169 0.867767 0.832261 0.982683 0.896975 0.885110 0.966187 0.985917 0.985522 0.725040 0.848426 0.916275 0.344640 0.467176 0.401918 0.534920 0.915106 0.728400 0.502331 0.759188 0.284481 0.362804 0.402652 0.469230 0.548845 0.683882 0.430969 0.426241 0.639537 0.666868 0.650621 0.622505 0.497693 0.566858 0.488020 0.711747 0.500247 0.844782
0.519550 0.490891 0.783157 0.569457 0.990206 0.405303 0.215566 0.000000 0.469643 0.406095 0.573443 0.344340 0.704879 0.473762 0.936032 0.858518 0.781102 0.753944 0.596821 0.447223 0.970555 0.966912 0.939089 0.974954 0.763433 0.989232 0.461163 0.746515 0.625972 0.637510 0.824362 0.809476 0.542332 0.367884 0.719512 0.921662 0.823836 0.932382 0.901098 0.989020 0.849828 0.984177 0.445036 0.481291 0.525319 0.540934 0.614262 0.567088 0.873188 0.667907 0.522234 0.455821 0.531111 0.505852 0.866588 0.747857 0.798674 0.782035 0.494705 0.418411 0.342570 0.210046 0.676719 0.536978 0.952243 0.514416 0.390166 0.365970 0.883695 0.780726 0.521019 0.576355 0.655851 0.716408 0.885482 0.757534 0.537704 0.735064 0.971766 0.961674 0.845955 0.989807 0.857418 0.860209 0.892957 0.923669 0.976749 0.769504 0.861505 0.918729 0.351094 0.540761 0.433564 0.570632 0.904000 0.746900 0.550358 0.730582 0.292900 0.385237 0.366615 0.494043 0.609582 0.740919 0.450351 0.506607 0.647627 0.716753 0.661148 0.638664 0.512590 0.558278 0.471753 0.792927 0.518138 0.889291
0.703387 0.847510 0.942986 0.903117 0.754072 0.557835 0.458579 0.469643 0.000000 0.409152 0.514280 0.533487 0.647359 0.711648 0.897539 0.829507 0.859391 0.833641 0.820294 0.769081 0.823379 0.986750 0.969606 0.725261 0.624502 0.799718 0.568599 0.729665 0.595836 0.718821 0.902212 0.870597 0.793040 0.609163 0.830422 0.896217 0.834601 0.768542 0.885711 0.948826 0.828569 0.994715 0.783149 0.750219 0.678365 0.725282 0.995027 0.955530 0.796934 0.883862 0.827545 0.789670 0.634311 0.718397 0.807133 0.993329 0.993148 0.881174 0.650237 0.697675 0.505962 0.502706 0.687251 0.614343 0.916500 0.843635 0.668807 0.708611 0.893664 0.773182 0.695715 0.823514 0.953180 0.993209 0.927558 0.813044 0.747590 0.984724 0.894333 0.939764 0.934818 0.944730 0.796854 0.971676 0.874602 0.747797 0.991512 0.808083 0.782156 0.850856 0.540516 0.455358 0.583403 0.497230 0.927395 0.945927 0.838314 0.822263 0.470733 0.550196 0.579986 0.625486 0.683992 0.842254 0.713381 0.702708 0.754204 0.740262 0.777066 0.845756 0.705228 0.719595 0.632031 0.837174 0.740726 0.982453
0.588510 0.819455 0.781459 0.923660 0.808891 0.506686 0.491899 0.406095 0.409152 0.000000 0.342124 0.308944 0.564192 0.564039 0.878216 0.811937 0.603128 0.552523 0.711948 0.723214 0.628290 0.901519 0.690357 0.504948 0.390274 0.547731 0.446396 0.696213 0.353443 0.434046 0.717167 0.789615 0.865534 0.646575 0.974698 0.685811 0.575843 0.741782 0.704377 0.934367 0.923860 0.959574 0.874386 0.762624 0.538400 0.527238 0.902629 0.877819 0.563828 0.696142 0.685052 0.607257 0.600116 0.631344 0.933179 0.808837 0.929678 0.846029 0.545694 0.657274 0.477585 0.426454 0.427716 0.322140 0.607017 0.967599 0.825069 0.857852 0.784188 0.936777 0.837797 0.971577 0.997283 0.980564 0.941140 0.896821 0.694176 0.973462 0.869210 0.904825 0.704887 0.904580 0.810057 0.948518 0.687072 0.543455 0.876761 0.818132 0.939731 0.903242 0.564203 0.535186 0.687500 0.630128 0.994905 0.888445 0.800238 0.809860 0.396692 0.507569 0.545973 0.584568 0.569498 0.711344 0.725519 0.801702 0.818879 0.889800 0.801979 0.784129 0.691928 0.690255 0.452356 0.872786 0.757918 0.961487
0.427986 0.637177 0.691014 0.831975 0.821128 0.628613 0.619371 0.573443 0.514280 0.342124 0.000000 0.347482 0.451551 0.502909 0.753169 0.845034 0.430893 0.420030 0.648551 0.741233 0.589180 0.806385 0.623585 0.490445 0.375014 0.473158 0.632330 0.654590 0.340432 0.426093 0.586322 0.734866 0.863013 0.688997 0.864552 0.664676 0.604771 0.739355 0.756062 0.998140 0.904568 0.801687 0.917137 0.777005 0.658299 0.598314 0.833430 0.891420 0.506319 0.734855 0.726860 0.646646 0.785405 0.900446 0.840762 0.769730 0.671350 0.575087 0.420135 0.565094 0.441224 0.509227 0.320809 0.286845 0.630778 0.896586 0.995980 0.947271 0.924864 0.871521 0.975396 0.872037 0.893782 0.899707 0.925219 0.992779 0.766167 0.900071 0.643996 0.974424 0.500210 0.748362 0.990586 0.727583 0.897362 0.721980 0.925185 0.979995 0.867310 0.902936 0.832179 0.702760 0.932401 0.858230 0.966877 0.939819 0.877136 0.912864 0.489013 0.571887 0.757213 0.732962 0.648429 0.724455 0.782534 0.751582 0.931557 0.839298 0.752853 0.756292 0.744766 0.771479 0.512087 0.964193 0.763458 0.866576
0.441661 0.614633 0.848450 0.895085 0.881308 0.558949 0.453893 0.344340 0.533487 0.308944 0.347482 0.000000 0.458124 0.325652 0.818177 0.725798 0.596206 0.541245 0.560904 0.599958 0.723788 0.797372 0.847041 0.742153 0.491179 0.623814 0.560193 0.653694 0.396803 0.432419 0.758974 0.895809 0.738121 0.535305 0.969361 0.743014 0.583162 0.768098 0.774181 0.941380 0.898960 0.992992 0.768647 0.727723 0.624802 0.597444 0.657589 0.728477 0.679161 0.751293 0.693260 0.565545 0.697771 0.724178 0.944210 0.738647 0.734589 0.723930 0.410711 0.513204 0.350466 0.284898 0.390395 0.313008 0.741526 0.801970 0.777356 0.710381 0.758093 0.934152 0.823205 0.939341 0.909389 0.941195 0.925658 0.913655 0.602936 0.893846 0.794833 0.997109 0.637951 0.838712 0.984069 0.840629 0.930731 0.825532 0.900187 0.957615 0.860128 0.914829 0.659267 0.675334 0.782813 0.773201 0.998685 0.786417 0.774841 0.830638 0.391716 0.487732 0.559882 0.663843 0.644465 0.735062 0.619114 0.640008 0.856486 0.885937 0.779628 0.722822 0.724653 0.643195 0.494656 0.994119 0.739307 0.943136
0.443542 0.697409 0.940900 0.961156 0.557149 0.762239 0.712761 0.704879 0.647359 0.564192 0.451551 0.458124 0.000000 0.443358 0.441557 0.520499 0.617598 0.615985 0.553303 0.824566 0.732352 0.810004 0.933876 0.792211 0.555194 0.630798 0.850238 0.865203 0.516954 0.562287 0.637854 0.701560 0.815842 0.780087 0.855982 0.629869 0.814835 0.669644 0.775753 0.862251 0.768727 0.999588 0.854457 0.879274 0.851465 0.773744 0.749495 0.782811 0.637957 0.916451 0.969608 0.823726 0.967919 0.872898 0.885009 0.909512 0.654917 0.591250 0.449276 0.630905 0.413903 0.611308 0.423111 0.454517 0.972948 0.946963 0.964089 0.979565 0.859751 0.880400 0.981274 0.803208 0.787915 0.754810 0.947655 0.896490 0.766056 0.965834 0.829605 0.889306 0.652335 0.818848 0.944035 0.768007 0.777453 0.935602 0.884317 0.877340 0.810606 0.880219 0.981739 0.787338 0.896740 0.925856 0.966468 0.875138 0.956796 0.898965 0.624985 0.598036 0.943274 0.817136 0.847895 0.847245 0.857305 0.631707 0.995159 0.993568 0.887497 0.922934 0.761719 0.747736 0.596147 0.928018 0.900452 0.922202
0.490408 0.530529 0.958520 0.814881 0.829975 0.704091 0.558134 0.473762 0.711648 0.564039 0.502909 0.325652 0.443358 0.000000 0.765620 0.571243 0.616154 0.579921 0.443219 0.609508 0.848368 0.830852 0.886528 0.975713 0.670273 0.765467 0.667484 0.830861 0.500443 0.416956 0.978113 0.884426 0.611423 0.547427 0.984060 0.753057 0.854132 0.871973 0.842576 0.966456 0.866401 0.938188 0.627270 0.624645 0.598933 0.555333 0.543484 0.610833 0.678965 0.683638 0.620209 0.519073 0.722316 0.776923 0.778571 0.713217 0.619481 0.653910 0.438283 0.513637 0.388629 0.390085 0.478001 0.421127 0.884001 0.755127 0.813053 0.685851 0.740994 0.931649 0.903302 0.915011 0.795281 0.852590 0.915346 0.865127 0.684831 0.736226 0.797427 0.820204 0.672360 0.807480 0.777710 0.752832 0.880668 0.929186 0.820326 0.904591 0.868431 0.720054 0.900619 0.962980 0.960461 0.948967 0.972404 0.858790 0.847929 0.957911 0.559895 0.607311 0.703118 0.853917 0.821534 0.883843 0.676309 0.705995 0.959783 0.982871 0.759287 0.731999 0.799391 0.747726 0.640952 0.996643 0.783234 0.968665
0.705479 0.921899 0.987432 0.910496 0.656017 0.975034 0.952901 0.936032 0.897539 0.878216 0.753169 0.818177 0.441557 0.765620 0.000000 0.574489 0.804872 0.778905 0.722552 0.975518 0.910034 0.951925 0.788548 0.951579 0.849240 0.848993 0.845956 0.909428 0.750805 0.832073 0.762722 0.775836 0.868063 0.974963 0.925117 0.825690 0.994539 0.760364 0.808978 0.785891 0.889517 0.860256 0.938322 0.870395 0.909173 0.939623 0.891582 0.922977 0.849525 0.859079 0.796613 0.873795 0.835385 0.671481 0.860469 0.949703 0.780137 0.742510 0.709850 0.873663 0.729735 0.937932 0.747697 0.787441 0.803193 0.984491 0.836335 0.855367 0.921621 0.747950 0.974666 0.782688 0.765153 0.805405 0.886666 0.979093 0.957701 0.856027 0.985161 0.890418 0.820713 0.801003 0.746276 0.756257 0.616431 0.892724 0.705976 0.928684 0.756905 0.834322 0.823664 0.964287 0.695998 0.923413 0.999885 0.817698 0.831326 0.802989 0.960695 0.932278 0.765588 0.990595 0.837418 0.939874 0.919480 0.845241 0.953824 0.854561 0.896444 0.902803 0.937136 0.950822 0.801521 0.893977 0.976563 0.992881
0.840719 0.891356 0.903390 0.834386 0.601160 0.854173 0.857907 0.858518 0.829507 0.811937 0.845034 0.725798 0.520499 0.571243 0.574489 0.000000 0.945396 0.887787 0.637310 0.874788 0.999350 0.862937 0.589501 0.808010 0.908398 0.922857 0.977793 0.948610 0.817797 0.792621 0.962829 0.954185 0.758798 0.869113 0.997869 0.805731 0.866243 0.898009 0.947656 0.766318 0.881156 0.801353 0.845522 0.901209 0.899360 0.901095 0.676796 0.777936 0.796014 0.996376 0.987566 0.914189 0.989376 0.915726 0.840480 0.966197 0.932676 0.931030 0.782488 0.870457 0.714975 0.810636 0.818433 0.793804 0.777444 0.842836 0.966739 0.939126 0.785963 0.921473 0.942315 0.988441 0.945664 0.882550 0.870742 0.919847 0.915671 0.781819 0.982035 0.904117 0.997855 0.903337 0.851550 0.874374 0.705839 0.880119 0.855850 0.934983 0.832313 0.922935 0.988452 0.944435 0.880210 0.969413 0.902744 0.887121 0.903833 0.993835 0.911194 0.797474 0.949133 0.942213 0.950875 0.932602 0.920546 0.885298 0.946266 0.860448 0.907784 0.895946 0.937866 0.835131 0.795060 0.970190 0.945675 0.923805
0.479663 0.624004 0.736706 0.860690 0.846500 0.795493 0.761789 0.781102 0.859391 0.603128 0.430893 0.596206 0.617598 0.616154 0.804872 0.945396 0.000000 0.328230 0.589599 0.742290 0.666009 0.931378 0.693355 0.685243 0.567217 0.574922 0.800757 0.914699 0.472957 0.426912 0.698734 0.830678 0.852987 0.779083 0.934876 0.751270 0.775592 0.808643 0.815753 0.938209 0.972185 0.795083 0.893960 0.736066 0.631684 0.557902 0.750115 0.759390 0.465363 0.578007 0.665575 0.625569 0.792441 0.962291 0.714308 0.621159 0.490524 0.456996 0.484477 0.626107 0.613791 0.754584 0.356577 0.366251 0.704770 0.800420 0.948288 0.969506 0.973674 0.884103 0.980259 0.773297 0.916374 0.973543 0.952723 0.962227 0.905975 0.947235 0.654098 0.793402 0.354559 0.564043 0.791566 0.588331 0.981570 0.875501 0.881999 0.898383 0.921035 0.666295 0.967838 0.993797 0.843524 0.871719 0.933259 0.984002 0.789404 0.910914 0.625272 0.779950 0.941601 0.856543 0.785059 0.719313 0.923404 0.863078 0.933044 0.993948 0.772774 0.776650 0.758210 0.875266 0.675385 0.925932 0.905414 0.941445
0.481477 0.596827 0.758417 0.856408 0.829106 0.761222 0.751240 0.753944 0.833641 0.552523 0.420030 0.541245 0.615985 0.579921 0.778905 0.887787 0.328230 0.000000 0.573734 0.710139 0.706789 0.935403 0.660207 0.671143 0.581184 0.580142 0.802113 0.877320 0.382946 0.377175 0.701526 0.921946 0.791245 0.726467 0.861261 0.666095 0.746350 0.812852 0.819473 0.960275 0.877878 0.785741 0.867996 0.701347 0.611595 0.518425 0.714780 0.767637 0.452562 0.539875 0.623503 0.588322 0.792755 0.942700 0.674362 0.551413 0.495878 0.429641 0.464882 0.640272 0.605432 0.717862 0.338109 0.321573 0.662728 0.800023 0.938326 0.966547 0.967325 0.907454 0.943754 0.793744 0.976485 0.984549 0.928860 0.956728 0.878806 0.994382 0.579818 0.793917 0.316097 0.446803 0.823502 0.464822 0.975485 0.900168 0.886557 0.873425 0.836969 0.705086 0.934298 0.970550 0.859045 0.876540 0.860611 0.833448 0.805553 0.975320 0.589363 0.750373 0.928980 0.827295 0.695613 0.619578 0.825503 0.840151 0.971588 0.993451 0.889030 0.783953 0.827047 0.840887 0.559482 0.861524 0.877936 0.941234
0.469428 0.458565 0.792140 0.663134 0.765857 0.698604 0.544222 0.596821 0.820294 0.711948 0.648551 0.560904 0.553303 0.443219 0.722552 0.637310 0.589599 0.573734 0.000000 0.515162 0.956083 0.969891 0.760651 0.862659 0.854231 0.899586 0.822106 0.995702 0.699600 0.665241 0.978426 0.903845 0.499410 0.488169 0.818816 0.882250 0.984792 0.838361 0.976483 0.869255 0.897181 0.894231 0.629456 0.619569 0.625955 0.594098 0.526632 0.521773 0.707553 0.674724 0.646688 0.609075 0.754633 0.858313 0.720798 0.652945 0.537056 0.479495 0.436112 0.425255 0.434800 0.569354 0.540052 0.582596 0.847766 0.726940 0.717833 0.615725 0.909410 0.891377 0.684263 0.849885 0.887269 0.901018 0.897814 0.848389 0.816571 0.706397 0.896494 0.707336 0.650364 0.741248 0.781137 0.773866 0.744244 0.858095 0.917455 0.978197 0.757897 0.688139 0.854524 0.879100 0.955282 0.952123 0.918248 0.822727 0.726097 0.928521 0.556583 0.613373 0.769014 0.820916 0.773092 0.807709 0.795242 0.611232 0.906166 0.903597 0.690228 0.759200 0.720944 0.723172 0.586809 0.914663 0.845659 0.926320
0.576948 0.456081 0.630867 0.477263 0.992045 0.618160 0.427339 0.447223 0.769081 0.723214 0.741233 0.599958 0.824566 0.609508 0.975518 0.874788 0.742290 0.710139 0.515162 0.000000 0.851219 0.931383 0.780003 0.768855 0.945039 0.835308 0.792545 0.923982 0.773819 0.767392 0.764048 0.674673 0.499060 0.443858 0.645573 0.877898 0.913462 0.939729 0.916300 0.887173 0.738594 0.856124 0.473125 0.512701 0.689471 0.686483 0.500617 0.430838 0.968275 0.697276 0.635943 0.620553 0.753960 0.746571 0.644287 0.625385 0.668240 0.699115 0.597997 0.486549 0.530298 0.459785 0.756897 0.730863 0.805714 0.506323 0.475122 0.401497 0.894218 0.693539 0.556842 0.608065 0.648697 0.680956 0.724209 0.808290 0.671384 0.745298 0.910892 0.826399 0.669131 0.722493 0.837202 0.924864 0.780609 0.757724 0.955580 0.950543 0.822650 0.649788 0.621420 0.832081 0.656312 0.835215 0.954218 0.742269 0.575088 0.853506 0.524375 0.603587 0.697611 0.710559 0.650724 0.915902 0.528512 0.608919 0.753038 0.862476 0.770248 0.656044 0.618281 0.862394 0.614557 0.742919 0.681401 0.995203
0.778500 0.926074 0.482285 0.511974 0.874252 0.892995 0.976729 0.970555 0.823379 0.628290 0.589180 0.723788 0.732352 0.848368 0.910034 0.999350 0.666009 0.706789 0.956083 0.851219 0.000000 0.747797 0.485747 0.468875 0.392206 0.390637 0.721940 0.784703 0.613010 0.727149 0.489247 0.625495 0.805241 0.832586 0.710604 0.705473 0.644365 0.794509 0.760956 0.788143 0.750511 0.694498 0.742734 0.908095 0.799468 0.727695 0.852400 0.867430 0.579706 0.810184 0.906800 0.814903 0.869484 0.911753 0.974039 0.939266 0.906785 0.827481 0.797563 0.919813 0.833346 0.957734 0.499272 0.550992 0.483258 0.556882 0.677600 0.693893 0.856380 0.849232 0.675066 0.644044 0.711443 0.745970 0.815861 0.817266 0.974389 0.830004 0.676022 0.844346 0.749570 0.967881 0.746840 0.886623 0.674835 0.557748 0.674406 0.961715 0.904495 0.899812 0.915240 0.840654 0.884856 0.955578 0.829216 0.833183 0.964273 0.863925 0.863619 0.866364 0.939282 0.951946 0.660468 0.707331 0.813128 0.894527 0.896770 0.932550 0.869216 0.935773 0.977702 0.917807 0.898150 0.989687 0.899918 0.992476
0.919569 0.939215 0.786944 0.848223 0.877703 0.873400 0.930409 0.966912 0.986750 0.901519 0.806385 0.797372 0.810004 0.830852 0.951925 0.862937 0.931378 0.935403 0.969891 0.931383 0.747797 0.000000 0.864915 0.867677 0.826409 0.854528 0.946329 0.803986 0.905800 0.844620 0.825133 0.943629 0.941302 0.987596 0.820342 0.947464 0.834016 0.927845 0.936774 0.847707 0.795391 0.944472 0.858948 0.871045 0.924554 0.984046 0.941958 0.828742 0.926710 0.916240 0.960838 0.979502 0.832424 0.854660 0.952817 0.887420 0.954709 0.941664 0.860751 0.972970 0.896511 0.924151 0.776876 0.852421 0.893095 0.944193 0.782787 0.892125 0.846586 0.863060 0.862375 0.790207 0.986051 0.858937 0.855584 0.790398 0.986405 0.877924 0.991360 0.959835 0.842014 0.959119 0.956005 0.934995 0.969255 0.942697 0.992602 0.936677 0.982185 0.849925 0.807778 0.918528 0.805942 0.830835 0.895192 0.896857 0.823263 0.947751 0.935527 0.983026 0.936037 0.912457 0.971204 0.914952 0.895631 0.883056 0.855221 0.927321 0.969699 0.975972 0.929476 0.947102 0.942519 0.740965 0.814753 0.992659
0.937044 0.833750 0.377893 0.432049 0.822254 0.993159 0.847835 0.939089 0.969606 0.690357 0.623585 0.847041 0.933876 0.886528 0.788548 0.589501 0.693355 0.660207 0.760651 0.780003 0.485747 0.864915 0.000000 0.300540 0.466391 0.446968 0.764519 0.731392 0.675583 0.764462 0.473347 0.603691 0.574034 0.770500 0.619311 0.808986 0.497650 0.803563 0.722058 0.698017 0.850648 0.820547 0.606590 0.806272 0.931594 0.878301 0.669836 0.675935 0.716753 0.866390 0.933223 0.938374 0.935982 0.895870 0.806892 0.964767 0.990667 0.956362 0.954551 0.918776 0.882537 0.932133 0.662320 0.660522 0.296199 0.452395 0.635077 0.613377 0.970189 0.824674 0.665384 0.652458 0.724857 0.781074 0.747690 0.817117 0.971339 0.585914 0.732753 0.719592 0.770065 0.969540 0.774439 0.888587 0.470299 0.448408 0.691444 0.995568 0.802205 0.821661 0.953295 0.918528 0.940241 0.975554 0.854978 0.835712 0.986321 0.861142 0.929290 0.952525 0.943210 0.922354 0.796083 0.706868 0.856345 0.724328 0.953575 0.954941 0.999532 0.950333 0.910117 0.987462 0.947412 0.912298 0.967944 0.908520
0.830758 0.829270 0.423763 0.403860 0.968121 0.862807 0.967781 0.974954 0.725261 0.504948 0.490445 0.742153 0.792211 0.975713 0.951579 0.808010 0.685243 0.671143 0.862659 0.768855 0.468875 0.867677 0.300540 0.000000 0.330191 0.370746 0.670452 0.715550 0.494378 0.672298 0.408315 0.454611 0.679427 0.859139 0.618894 0.684367 0.524061 0.675975 0.650635 0.757928 0.856824 0.859521 0.646922 0.839715 0.832916 0.786658 0.677936 0.701917 0.571506 0.849315 0.956260 0.907720 0.877330 0.895546 0.880382 0.976607 0.961324 0.914836 0.817863 0.988636 0.914277 0.971902 0.550459 0.546917 0.389204 0.467807 0.675569 0.630574 0.885149 0.914835 0.761034 0.667126 0.693898 0.742314 0.807966 0.848951 0.956159 0.661861 0.772156 0.689052 0.778109 0.975583 0.754243 0.902262 0.536262 0.374097 0.747293 0.886235 0.896417 0.716153 0.952920 0.754407 0.994969 0.861417 0.900492 0.907957 0.900204 0.924531 0.780851 0.895842 0.880255 0.807517 0.744248 0.688874 0.934351 0.849054 0.941240 0.944178 0.970041 0.921353 0.993348 0.884398 0.778368 0.997910 0.984677 0.967982
0.638783 0.989183 0.406065 0.519632 0.885266 0.797694 0.854199 0.763433 0.624502 0.390274 0.375014 0.491179 0.555194 0.670273 0.849240 0.908398 0.567217 0.581184 0.854231 0.945039 0.392206 0.826409 0.466391 0.330191 0.000000 0.247680 0.559602 0.690355 0.403204 0.553152 0.398256 0.534047 0.815093 0.992615 0.685201 0.600689 0.437389 0.540907 0.547826 0.684075 0.802599 0.905985 0.847713 0.994081 0.691675 0.613182 0.861954 0.944513 0.476128 0.745385 0.820139 0.700814 0.696987 0.760868 0.928515 0.948963 0.889664 0.794006 0.625058 0.769425 0.661930 0.744341 0.364160 0.357459 0.385605 0.585675 0.780291 0.767960 0.772803 0.916537 0.743183 0.700202 0.687668 0.708392 0.830096 0.924591 0.894413 0.747721 0.691263 0.740013 0.786176 0.929100 0.775550 0.927529 0.567965 0.373907 0.843862 0.931143 0.924618 0.825487 0.865541 0.701640 0.978321 0.845643 0.932382 0.871579 0.963622 0.858125 0.616745 0.665456 0.783507 0.717572 0.707569 0.679414 0.947662 0.977048 0.987258 0.870792 0.821088 0.886386 0.863610 0.729409 0.653537 0.998298 0.934287 0.959349
0.745534 0.929654 0.329525 0.397644 0.857597 0.950650 0.944839 0.989232 0.799718 0.547731 0.473158 0.623814 0.630798 0.765467 0.848993 0.922857 0.574922 0.580142 0.899586 0.835308 0.390637 0.854528 0.446968 0.370746 0.247680 0.000000 0.769707 0.758849 0.478302 0.575655 0.316541 0.481661 0.727343 0.880065 0.660571 0.570199 0.436993 0.545474 0.560413 0.710665 0.747460 0.887520 0.695135 0.890114 0.767718 0.696723 0.778133 0.898246 0.465426 0.761267 0.926175 0.798975 0.810214 0.884645 0.936560 0.927868 0.851033 0.780463 0.712047 0.901128 0.832652 0.965628 0.369985 0.416972 0.376363 0.436094 0.599895 0.611111 0.853298 0.885041 0.580140 0.540109 0.585436 0.638286 0.851410 0.813406 0.983342 0.732591 0.619617 0.731532 0.757892 0.990775 0.879544 0.810532 0.628274 0.437321 0.805331 0.982835 0.869525 0.897072 0.886450 0.905082 0.773149 0.942813 0.915239 0.828665 0.955420 0.983632 0.818189 0.870718 0.984804 0.908886 0.808220 0.702768 0.896924 0.890243 0.841118 0.976068 0.970049 0.978085 0.944647 0.888103 0.813720 0.925972 0.945790 0.894352
0.697864 0.831206 0.887607 0.979268 0.854919 0.517608 0.505270 0.461163 0.568599 0.446396 0.632330 0.560193 0.850238 0.667484 0.845956 0.977793 0.800757 0.802113 0.822106 0.792545 0.721940 0.946329 0.764519 0.670452 0.559602 0.769707 0.000000 0.753223 0.622784 0.645914 0.994124 0.981379 0.841254 0.620952 0.961760 0.909417 0.682232 0.864994 0.768974 0.638356 0.997251 0.950913 0.732609 0.621506 0.495495 0.527284 0.888436 0.841954 0.785231 0.660616 0.550517 0.507631 0.501366 0.456895 0.917051 0.857639 0.997536 0.932995 0.626722 0.599277 0.552892 0.519954 0.694934 0.586898 0.615340 0.943249 0.699995 0.664029 0.721630 0.935104 0.801818 0.784276 0.804880 0.892491 0.887892 0.792489 0.638484 0.905682 0.925111 0.992730 0.984102 0.863843 0.791906 0.838344 0.533773 0.563879 0.878375 0.857772 0.944964 0.857120 0.511414 0.587908 0.586887 0.654591 0.873320 0.998721 0.696921 0.700060 0.481695 0.570498 0.407651 0.559491 0.592748 0.700358 0.767958 0.868089 0.758158 0.630715 0.718408 0.778387 0.742811 0.654019 0.680126 0.725647 0.701162 0.987756
0.805041 0.880553 0.786262 0.881724 0.998557 0.959179 0.809961 0.746515 0.729665 0.696213 0.654590 0.653694 0.865203 0.830861 0.909428 0.948610 0.914699 0.877320 0.995702 0.923982 0.784703 0.803986 0.731392 0.715550 0.690355 0.758849 0.753223 0.000000 0.757995 0.774103 0.810217 0.917499 0.991777 0.854172 0.954506 0.983818 0.701428 0.963409 0.921823 0.802986 0.873874 0.903101 0.992727 0.895849 0.777836 0.797196 0.979449 0.906843 0.765702 0.853139 0.806500 0.746803 0.767912 0.773187 0.907690 0.884920 0.997964 0.952490 0.810180 0.898554 0.773909 0.754283 0.748712 0.654839 0.724476 0.927859 0.949232 0.980707 0.759056 0.831053 0.980937 0.861488 0.968217 0.938174 0.971426 0.990912 0.756057 0.976318 0.688788 0.725394 0.891431 0.893390 0.835617 0.993715 0.772242 0.755984 0.927775 0.952843 0.877220 0.812719 0.783666 0.674393 0.820936 0.787924 0.932168 0.979491 0.954512 0.818844 0.711605 0.784010 0.714471 0.823878 0.759823 0.855563 0.850827 0.796935 0.983199 0.735295 0.869557 0.851800 0.849419 0.820996 0.800648 0.963345 0.830190 0.965036
0.554194 0.748732 0.651483 0.733724 0.770670 0.704972 0.678462 0.625972 0.595836 0.353443 0.340432 0.396803 0.516954 0.500443 0.750805 0.817797 0.472957 0.382946 0.699600 0.773819 0.613010 0.905800 0.675583 0.494378 0.403204 0.478302 0.622784 0.757995 0.000000 0.297970 0.658535 0.807612 0.831053 0.746847 0.851555 0.613765 0.624791 0.712436 0.741124 0.902974 0.911916 0.854913 0.886541 0.746539 0.504915 0.447966 0.861783 0.848013 0.389375 0.571010 0.641524 0.554228 0.656775 0.772375 0.799994 0.620052 0.729652 0.655975 0.516662 0.665668 0.504681 0.599257 0.308388 0.261791 0.575787 0.800218 0.941612 0.987369 0.757026 0.903613 0.953596 0.833300 0.977624 0.912733 0.993931 0.959512 0.734557 0.988442 0.657953 0.983153 0.537361 0.741860 0.895276 0.634578 0.877484 0.713306 0.972548 0.967428 0.926710 0.910133 0.895645 0.812499 0.975960 0.949926 0.935860 0.914923 0.960931 0.969675 0.516841 0.636490 0.805511 0.754603 0.637811 0.734469 0.767197 0.846754 0.850628 0.970092 0.913411 0.723091 0.910280 0.741576 0.529601 0.822586 0.813319 0.914447
0.627324 0.695842 0.724649 0.854072 0.788083 0.776807 0.665786 0.637510 0.718821 0.434046 0.426093 0.432419 0.562287 0.416956 0.832073 0.792621 0.426912 0.377175 0.665241 0.767392 0.727149 0.844620 0.764462 0.672298 0.553152 0.575655 0.645914 0.774103 0.297970 0.000000 0.804193 0.967061 0.813174 0.697109 0.837981 0.663285 0.740942 0.870373 0.816488 0.989022 0.885892 0.934670 0.794528 0.657320 0.470584 0.455253 0.771128 0.812294 0.416593 0.512443 0.565357 0.510107 0.629070 0.755251 0.750550 0.642714 0.676732 0.665254 0.525634 0.729560 0.562102 0.607445 0.352570 0.291713 0.611262 0.852560 0.993276 0.913659 0.705718 0.971484 0.989090 0.865009 0.867000 0.808246 0.999744 0.976061 0.712728 0.882739 0.722696 0.916510 0.482556 0.661584 0.729874 0.614182 0.908236 0.812231 0.956013 0.948058 0.962838 0.829433 0.970331 0.926041 0.913496 0.926775 0.906576 0.961413 0.896574 0.877292 0.583044 0.724534 0.791621 0.861164 0.687947 0.753696 0.784398 0.894294 0.982230 0.931691 0.947212 0.817347 0.934339 0.887378 0.600879 0.872377 0.893816 0.861948
0.782490 0.823767 0.448470 0.454082 0.824266 0.927342 0.792563 0.824362 0.902212 0.717167 0.586322 0.758974 0.637854 0.978113 0.762722 0.962829 0.698734 0.701526 0.978426 0.764048 0.489247 0.825133 0.473347 0.408315 0.398256 0.316541 0.994124 0.810217 0.658535 0.804193 0.000000 0.332430 0.579610 0.724942 0.620448 0.671675 0.530986 0.619940 0.705082 0.889109 0.701274 0.973385 0.509669 0.671902 0.901483 0.976854 0.751322 0.748498 0.663386 0.958008 0.771116 0.886038 0.904391 0.821047 0.764565 0.919486 0.922376 0.870481 0.813859 0.984134 0.991745 0.877907 0.542199 0.635366 0.604539 0.482797 0.523589 0.515899 0.942788 0.819542 0.620328 0.500923 0.422802 0.536652 0.877071 0.684513 0.988982 0.632366 0.706822 0.768113 0.779564 0.991683 0.778827 0.750734 0.799317 0.576124 0.881024 0.962193 0.952713 0.863686 0.822926 0.848596 0.753684 0.992346 0.936211 0.881434 0.809818 0.999446 0.977539 0.974645 0.837832 0.955599 0.898888 0.826597 0.836808 0.845919 0.796311 0.931271 0.963746 0.907574 0.903185 0.982378 0.871597 0.752059 0.838808 0.961939
0.917595 0.689069 0.591724 0.559557 0.839873 0.996886 0.806798 0.809476 0.870597 0.789615 0.734866 0.895809 0.701560 0.884426 0.775836 0.954185 0.830678 0.921946 0.903845 0.674673 0.625495 0.943629 0.603691 0.454611 0.534047 0.481661 0.981379 0.917499 0.807612 0.967061 0.332430 0.000000 0.595495 0.684510 0.705178 0.751724 0.705743 0.639328 0.735939 0.946135 0.825735 0.989077 0.493489 0.573292 0.851307 0.846845 0.647785 0.638186 0.799886 0.857438 0.666001 0.752391 0.869538 0.853834 0.757789 0.749195 0.954094 0.972738 0.950784 0.882699 0.943590 0.833476 0.704841 0.812519 0.726565 0.572435 0.609355 0.537074 0.993892 0.926981 0.711383 0.594264 0.434489 0.469075 0.921719 0.777518 0.940755 0.635201 0.883049 0.759198 0.948822 0.910671 0.775127 0.938073 0.839788 0.565851 0.909960 0.864798 0.935445 0.797365 0.925224 0.804333 0.855997 0.905541 0.935086 0.924175 0.759246 0.966638 0.971502 0.973255 0.857505 0.941840 0.997356 0.860354 0.747460 0.810293 0.879528 0.857311 0.975504 0.934836 0.922442 0.963771 0.964209 0.752908 0.871846 0.958744
0.600213 0.426730 0.569864 0.526130 0.898932 0.576846 0.474353 0.542332 0.793040 0.865534 0.863013 0.738121 0.815842 0.611423 0.868063 0.758798 0.852987 0.791245 0.499410 0.499060 0.805241 0.941302 0.574034 0.679427 0.815093 0.727343 0.841254 0.991777 0.831053 0.813174 0.579610 0.595495 0.000000 0.410230 0.521331 0.908885 0.818530 0.991415 0.878062 0.850365 0.747605 0.879483 0.407112 0.424740 0.611018 0.619341 0.496126 0.518884 0.910086 0.670821 0.589397 0.592783 0.758942 0.850879 0.547257 0.610369 0.602437 0.645212 0.584710 0.445827 0.465767 0.544295 0.852104 0.815699 0.680094 0.514945 0.476994 0.408421 0.938879 0.724417 0.581785 0.601467 0.595504 0.668967 0.775800 0.726689 0.770820 0.593962 0.926512 0.694501 0.757232 0.763128 0.763630 0.865266 0.616892 0.604834 0.866352 0.943242 0.767315 0.675796 0.759725 0.924550 0.745722 0.919877 0.928552 0.664904 0.717544 0.966865 0.587405 0.636447 0.718091 0.780039 0.823678 0.885219 0.598025 0.516675 0.789737 0.819031 0.854293 0.678682 0.737973 0.772325 0.637845 0.755007 0.594874 0.944109
0.527340 0.417944 0.657393 0.523176 0.961957 0.541969 0.319201 0.367884 0.609163 0.646575 0.688997 0.535305 0.780087 0.547427 0.974963 0.869113 0.779083 0.726467 0.488169 0.443858 0.832586 0.987596 0.770500 0.859139 0.992615 0.880065 0.620952 0.854172 0.746847 0.697109 0.724942 0.684510 0.410230 0.000000 0.631351 0.931913 0.938614 0.976335 0.968103 0.877997 0.870517 0.917000 0.416980 0.427892 0.560929 0.580174 0.548535 0.524908 0.878705 0.642793 0.544855 0.521580 0.617996 0.647191 0.704276 0.689613 0.689528 0.682789 0.502072 0.429784 0.407479 0.391752 0.744992 0.668377 0.856315 0.515561 0.402986 0.356974 0.997915 0.766394 0.461439 0.558155 0.632989 0.676061 0.862511 0.765736 0.601347 0.641053 0.879846 0.719855 0.767168 0.844378 0.891129 0.952630 0.876117 0.849548 0.853178 0.963536 0.820626 0.780255 0.571992 0.733292 0.559766 0.744004 0.911848 0.775375 0.636581 0.909335 0.424152 0.529323 0.511216 0.558618 0.705416 0.794016 0.538331 0.500847 0.628898 0.685575 0.766270 0.686928 0.640683 0.743372 0.547672 0.788734 0.592755 0.915813
0.894745 0.748417 0.503385 0.543231 0.980236 0.766284 0.614534 0.719512 0.830422 0.974698 0.864552 0.969361 0.855982 0.984060 0.925117 0.997869 0.934876 0.861261 0.818816 0.645573 0.710604 0.820342 0.619311 0.618894 0.685201 0.660571 0.961760 0.954506 0.851555 0.837981 0.620448 0.705178 0.521331 0.631351 0.000000 0.768625 0.833829 0.930479 0.814823 0.859915 0.676444 0.958758 0.606818 0.666155 0.835521 0.898750 0.863294 0.683997 0.800373 0.905736 0.850624 0.880151 0.797250 0.833417 0.770035 0.838300 0.894736 0.951052 0.927730 0.706012 0.833039 0.838882 0.816497 0.844380 0.607941 0.574249 0.461484 0.501333 0.827671 0.748321 0.527772 0.589074 0.764251 0.700982 0.858449 0.736836 0.732136 0.779709 0.894882 0.796708 0.911942 0.947810 0.998804 0.838143 0.809782 0.726849 0.885130 0.968123 0.961682 0.822138 0.619713 0.837006 0.621047 0.712522 0.783955 0.798233 0.774507 0.881421 0.841723 0.838208 0.853019 0.840938 0.922248 0.933751 0.846509 0.681573 0.969117 0.906140 0.847219 0.789215 0.802178 0.984662 0.916402 0.883297 0.674465 0.986210
0.763696 0.986416 0.725306 0.732392 0.729894 0.896778 0.973286 0.921662 0.896217 0.685811 0.664676 0.743014 0.629869 0.753057 0.825690 0.805731 0.751270 0.666095 0.882250 0.877898 0.705473 0.947464 0.808986 0.684367 0.600689 0.570199 0.909417 0.983818 0.613765 0.663285 0.671675 0.751724 0.908885 0.931913 0.768625 0.000000 0.764678 0.853613 0.770418 0.914239 0.871426 0.857734 0.928488 0.992351 0.859178 0.774779 0.927251 0.983408 0.643287 0.845076 0.935108 0.821955 0.973427 0.989187 0.949006 0.918691 0.845072 0.817855 0.728948 0.868326 0.805438 0.925783 0.627487 0.601295 0.755182 0.765260 0.779004 0.824726 0.945822 0.934026 0.740474 0.745216 0.756951 0.859206 0.920607 0.851346 0.956324 0.920839 0.860525 0.991987 0.828462 0.898475 0.965919 0.836379 0.933976 0.737792 0.838979 0.906985 0.996390 0.970971 0.918746 0.900935 0.781093 0.944542 0.937725 0.937795 0.857468 0.983848 0.837033 0.758627 0.955783 0.969429 0.916452 0.754005 0.928680 0.980042 0.982309 0.986349 0.931086 0.926736 0.993439 0.870254 0.689361 0.982220 0.965594 0.977723
0.843274 0.982855 0.495957 0.616681 0.956599 0.894182 0.937413 0.823836 0.834601 0.575843 0.604771 0.583162 0.814835 0.854132 0.994539 0.866243 0.775592 0.746350 0.984792 0.913462 0.644365 0.834016 0.497650 0.524061 0.437389 0.436993 0.682232 0.701428 0.624791 0.740942 0.530986 0.705743 0.818530 0.938614 0.833829 0.764678 0.000000 0.565129 0.630027 0.652428 0.667211 0.976661 0.782260 0.927297 0.884718 0.807793 0.806520 0.920139 0.782908 0.959036 0.958669 0.889887 0.856310 0.854633 0.756903 0.909075 0.990654 0.919685 0.796102 0.864509 0.822897 0.820923 0.589502 0.595569 0.478281 0.721701 0.819981 0.809861 0.745650 0.848381 0.760142 0.703065 0.728678 0.803879 0.886791 0.877429 0.929394 0.741866 0.854592 0.804254 0.931050 0.904059 0.762411 0.969143 0.576137 0.497259 0.984684 0.953219 0.846293 0.783135 0.867222 0.845018 0.959949 0.889295 0.945055 0.849762 0.878517 0.842120 0.819555 0.844047 0.869112 0.811727 0.917285 0.840943 0.989173 0.972265 0.974506 0.972718 0.922285 0.889896 0.954126 0.852571 0.757298 0.847241 0.994233 0.922217
0.800001 0.971023 0.739173 0.701141 0.841259 0.932606 0.932416 0.932382 0.768542 0.741782 0.739355 0.768098 0.669644 0.871973 0.760364 0.898009 0.808643 0.812852 0.838361 0.939729 0.794509 0.927845 0.803563 0.675975 0.540907 0.545474 0.864994 0.963409 0.712436 0.870373 0.619940 0.639328 0.991415 0.976335 0.930479 0.853613 0.565129 0.000000 0.574126 0.779194 0.862205 0.916211 0.885277 0.916679 0.889098 0.874291 0.754304 0.949879 0.817120 0.962517 0.972498 0.973920 0.896050 0.934855 0.919117 0.965487 0.904172 0.867574 0.810310 0.842550 0.801279 0.944429 0.657374 0.721542 0.762601 0.759272 0.891968 0.837699 0.863075 0.947435 0.857129 0.815327 0.590826 0.685261 0.827439 0.975857 0.971385 0.789146 0.784173 0.845376 0.972338 0.974742 0.811527 0.989011 0.767594 0.591226 0.997957 0.853422 0.903126 0.782876 0.925457 0.838896 0.979072 0.842398 0.888661 0.840943 0.988579 0.899619 0.785054 0.775312 0.992036 0.752132 0.979081 0.804359 0.972241 0.900037 0.924495 0.985388 0.963122 0.921233 0.953693 0.793429 0.831706 0.853776 0.972433 0.948067
