0.000000 0.337228 0.954129 0.795124 0.941866 0.828653 0.928133 0.588212 0.985472 0.770995 0.682287 0.314552 0.558654 0.519390 0.808963 0.740297 0.558155 0.436433 0.573453 0.496063 0.969729 0.967297 0.795611 0.743385 0.996727 0.914862 0.873045 0.938080 0.591655 0.524040 0.849584 0.713540 0.750648 0.703722 0.988324 0.922070 0.936285 0.787071 0.965982 0.942934 0.844741 0.873749 0.742109 0.676113 0.759492 0.603022 0.682171 0.722102 0.574956 0.463901 0.484554 0.525314 0.713253 0.765960 0.764762 0.814529 0.395345 0.351031 0.535108 0.384831 0.680389 0.572706 0.488110 0.323949 0.962477 0.876205 0.915240 0.826011 0.510490 0.586196 0.763949 0.716016 0.834804 0.812631 0.832257 0.944107 0.931768 0.856112 0.763011 0.699808 0.388825 0.416722 0.830627 0.822731 0.561005 0.562639 0.893589 0.934308 0.630061 0.473361 0.745662 0.797274 0.800575 0.943420 0.840375 0.883093 0.807080 0.822864 0.575708 0.670846 0.851757 0.838728 0.664266 0.808103 0.817218 0.918819 0.893050 0.943706 0.945660 0.859200 0.902902 0.753259 0.759534 0.876015 0.941330 0.984064
0.337228 0.000000 0.888939 0.665587 0.861132 0.951761 0.939580 0.557992 0.935182 0.873913 0.808333 0.411169 0.615305 0.587891 0.845936 0.761263 0.482920 0.390715 0.610244 0.538105 0.892449 0.912699 0.781868 0.704946 0.823147 0.958261 0.975110 0.988834 0.588748 0.483529 0.700940 0.661875 0.716930 0.639040 0.919225 0.859877 0.847005 0.700954 0.919104 0.962329 0.837267 0.835118 0.560912 0.521572 0.739273 0.554952 0.553724 0.636653 0.655569 0.434587 0.431501 0.432680 0.614196 0.648265 0.737667 0.792653 0.297663 0.294192 0.531949 0.364594 0.761083 0.592081 0.652277 0.399056 0.837974 0.727852 0.796939 0.687271 0.504589 0.487518 0.752745 0.648454 0.782951 0.774933 0.864248 0.812956 0.812810 0.827670 0.645042 0.593350 0.394376 0.509535 0.770292 0.794725 0.684414 0.547640 0.986114 0.961937 0.763401 0.485717 0.822022 0.858778 0.856054 0.951824 0.842947 0.852638 0.740738 0.742698 0.692329 0.612127 0.891677 0.911641 0.792485 0.822656 0.794668 0.849700 0.823517 0.804931 0.977780 0.796787 0.948088 0.778041 0.744036 0.837925 0.957883 0.981617
0.954129 0.888939 0.000000 0.410900 0.959917 0.920300 0.475200 0.514521 0.616030 0.919076 0.751455 0.994211 0.870110 0.803053 0.637855 0.628430 0.843530 0.833191 0.732874 0.902481 0.711985 0.866614 0.553788 0.588465 0.332317 0.362433 0.839421 0.953817 0.876602 0.773614 0.429936 0.556879 0.664820 0.720544 0.574973 0.786786 0.804935 0.861355 0.688637 0.942752 0.869503 0.868681 0.542344 0.592642 0.880539 0.869428 0.670646 0.746401 0.632228 0.927486 0.875406 0.877957 0.737071 0.628035 0.928951 0.958901 0.853371 0.861656 0.925154 0.878655 0.646294 0.743778 0.968221 0.992633 0.373245 0.395495 0.439575 0.493616 0.972276 0.900907 0.629924 0.651724 0.601522 0.537874 0.801156 0.836830 0.560116 0.742664 0.771725 0.951163 0.947288 0.979711 0.786624 0.806657 0.819548 0.650837 0.949593 0.945604 0.794061 0.957588 0.765572 0.915845 0.744132 0.769851 0.958517 0.814915 0.817962 0.945118 0.900743 0.689293 0.791831 0.819256 0.998676 0.975464 0.608780 0.646440 0.689307 0.707670 0.953710 0.786472 0.877967 0.996910 0.858262 0.890755 0.679222 0.793370
0.795124 0.665587 0.410900 0.000000 0.864509 0.776388 0.597303 0.361551 0.585290 0.814040 0.799900 0.750137 0.662729 0.556379 0.490988 0.403199 0.764322 0.711539 0.574051 0.761170 0.649157 0.954078 0.358628 0.399357 0.369561 0.441350 0.731125 0.940441 0.885526 0.672732 0.368775 0.465674 0.476383 0.722760 0.599388 0.704044 0.767964 0.736929 0.915116 0.848411 0.980159 0.905777 0.408541 0.455772 0.918646 0.972377 0.712616 0.632151 0.790509 0.794378 0.578349 0.536605 0.469171 0.364285 0.879863 0.950211 0.699071 0.617066 0.865160 0.596204 0.613526 0.515224 0.997062 0.757117 0.354424 0.302673 0.433208 0.445078 0.848015 0.763789 0.430513 0.457281 0.517100 0.504034 0.817734 0.794000 0.589588 0.552264 0.716247 0.734806 0.919251 0.954617 0.705933 0.912635 0.654023 0.448695 0.990951 0.992687 0.998784 0.712152 0.549047 0.694731 0.559890 0.606238 0.801643 0.728507 0.797177 0.833281 0.699862 0.556145 0.784349 0.713070 0.956594 0.995935 0.531822 0.569828 0.751189 0.689296 0.932226 0.855314 0.804842 0.869515 0.788099 0.992184 0.591175 0.745340
0.941866 0.861132 0.959917 0.864509 0.000000 0.678380 0.729384 0.748098 0.516119 0.594402 0.923360 0.976803 0.698795 0.801481 0.687985 0.756200 0.890768 0.813802 0.693300 0.848781 0.964172 0.929506 0.704239 0.831565 0.933491 0.991758 0.823827 0.833403 0.933046 0.935147 0.878076 0.872591 0.854291 0.923631 0.880218 0.980222 0.893428 0.933811 0.838100 0.782955 0.820988 0.887526 0.937079 0.887220 0.948852 0.909251 0.794228 0.887907 0.889035 0.885032 0.911684 0.951090 0.831698 0.812145 0.983427 0.864557 0.835585 0.984323 0.983071 0.943541 0.661159 0.622123 0.914774 0.899515 0.959281 0.897468 0.865119 0.966709 0.973798 0.963118 0.693142 0.967003 0.979560 0.887321 0.982853 0.939508 0.854607 0.864797 0.776164 0.951728 0.855800 0.937210 0.857742 0.786213 0.769199 0.924829 0.986774 0.887512 0.878363 0.954235 0.589025 0.574147 0.620539 0.689986 0.941715 0.838881 0.898537 0.796575 0.772270 0.823852 0.730010 0.713137 0.949236 0.918379 0.882689 0.903262 0.818662 0.934575 0.939643 0.942098 0.920616 0.869511 0.927096 0.992586 0.864776 0.868911
0.828653 0.951761 0.920300 0.776388 0.678380 0.000000 0.652076 0.676534 0.649818 0.632618 0.974175 0.895159 0.921311 0.887630 0.820830 0.745593 0.781504 0.890261 0.687219 0.832804 0.914363 0.998115 0.690918 0.700886 0.924066 0.927476 0.956750 0.837266 0.801293 0.906893 0.800346 0.986555 0.808936 0.804668 0.801161 0.910345 0.913362 0.916117 0.947802 0.852706 0.982174 0.982591 0.936960 0.886153 0.614133 0.778340 0.943861 0.857852 0.811014 0.737135 0.693400 0.744582 0.690210 0.655103 0.833643 0.729015 0.945364 0.853634 0.757633 0.735834 0.613171 0.789626 0.741853 0.716051 0.960714 0.914584 0.675428 0.764160 0.967367 0.902868 0.834508 0.835382 0.893962 0.940192 0.994923 0.866982 0.746104 0.812487 0.963999 0.793334 0.843467 0.822080 0.990814 0.893606 0.707420 0.767994 0.994982 0.971091 0.908103 0.875728 0.476593 0.598326 0.526240 0.790814 0.896702 0.936732 0.806642 0.888950 0.582922 0.696513 0.777831 0.747926 0.722419 0.891319 0.839826 0.927697 0.883016 0.980168 0.969617 0.937143 0.991170 0.699761 0.763606 0.940800 0.721926 0.863385
0.928133 0.939580 0.475200 0.597303 0.729384 0.652076 0.000000 0.423711 0.508084 0.483657 0.981633 0.974336 0.827198 0.908858 0.751994 0.836443 0.761114 0.870050 0.546553 0.836406 0.907346 0.876817 0.732819 0.862087 0.718080 0.656815 0.989117 0.918226 0.620173 0.804367 0.574646 0.675607 0.732970 0.641122 0.684112 0.860372 0.996390 0.997530 0.891725 0.863313 0.809345 0.788967 0.704835 0.705397 0.904529 0.930993 0.737434 0.775215 0.891143 0.997678 0.794493 0.933093 0.805431 0.776476 0.863680 0.921958 0.883139 0.905065 0.670766 0.735349 0.338675 0.652561 0.642649 0.779885 0.691756 0.636963 0.581950 0.641140 0.978571 0.946577 0.741497 0.869354 0.744610 0.761441 0.946045 0.995945 0.609248 0.806850 0.819368 0.978656 0.929429 0.840353 0.930229 0.741238 0.779341 0.828162 0.904303 0.850293 0.851073 0.977076 0.509986 0.689518 0.559635 0.750319 0.882113 0.793026 0.751360 0.745049 0.649142 0.640915 0.607831 0.735005 0.846340 0.898938 0.629675 0.822180 0.788046 0.852331 0.988715 0.813010 0.835040 0.911957 0.719682 0.921497 0.745729 0.879531
0.588212 0.557992 0.514521 0.361551 0.748098 0.676534 0.423711 0.000000 0.519943 0.522588 0.953172 0.576292 0.525811 0.510525 0.519238 0.545327 0.639772 0.617280 0.385140 0.548194 0.766685 0.936303 0.479344 0.565323 0.590537 0.638611 0.932883 0.913367 0.607800 0.583552 0.427349 0.512033 0.511353 0.630899 0.694427 0.768724 0.894805 0.792836 0.984360 0.847967 0.952205 0.797578 0.521651 0.531991 0.867307 0.851929 0.685565 0.666887 0.998488 0.760492 0.518464 0.589216 0.547754 0.518702 0.825347 0.941360 0.587972 0.503468 0.639980 0.453680 0.383242 0.341383 0.672768 0.516465 0.572323 0.467634 0.568931 0.562140 0.723607 0.704383 0.478179 0.545546 0.573474 0.566684 0.928850 0.882585 0.598235 0.702022 0.751087 0.725568 0.717544 0.690775 0.807485 0.901543 0.550278 0.506890 0.892786 0.955366 0.895293 0.662768 0.436631 0.553766 0.499032 0.608661 0.807142 0.718293 0.666649 0.770807 0.527092 0.475543 0.604300 0.671952 0.846108 0.844850 0.570774 0.665901 0.761552 0.691045 0.963772 0.811439 0.790351 0.801454 0.713042 0.951890 0.690941 0.826589
0.985472 0.935182 0.616030 0.585290 0.516119 0.649818 0.508084 0.519943 0.000000 0.522485 0.854925 0.945885 0.645285 0.701575 0.600524 0.605367 0.973742 0.923175 0.588814 0.869647 0.834501 0.944188 0.560061 0.695338 0.722403 0.721907 0.785661 0.997197 0.883815 0.888042 0.576089 0.785138 0.789364 0.899372 0.800468 0.908020 0.969289 0.965810 0.908969 0.793432 0.816802 0.957421 0.860552 0.929422 0.983859 0.854850 0.924557 0.987961 0.785159 0.832366 0.892102 0.941706 0.755110 0.732170 0.898169 0.897920 0.957966 0.924253 0.994207 0.938227 0.562761 0.522231 0.954480 0.911998 0.740506 0.680662 0.735308 0.846428 0.971302 0.967371 0.535322 0.711414 0.662865 0.619335 0.851242 0.940612 0.691466 0.746794 0.837215 0.929953 0.829538 0.885018 0.896702 0.700363 0.774157 0.847655 0.885765 0.991692 0.956351 0.959558 0.490912 0.551926 0.578951 0.537193 0.996745 0.809370 0.847671 0.866735 0.694448 0.691446 0.714588 0.720425 0.939959 0.899343 0.706726 0.722966 0.885999 0.699112 0.950024 0.869819 0.869772 0.882551 0.845323 0.995398 0.635246 0.910581
0.770995 0.873913 0.919076 0.814040 0.594402 0.632618 0.483657 0.522588 0.522485 0.000000 0.863645 0.769998 0.651822 0.800800 0.788366 0.923378 0.820904 0.858719 0.548845 0.729400 0.974187 0.977124 0.853904 0.980570 0.886060 0.955833 0.903138 0.962431 0.574723 0.751774 0.723440 0.835578 0.778404 0.739210 0.899945 0.935676 0.826795 0.997968 0.762076 0.845895 0.889820 0.932968 0.956993 0.945724 0.766555 0.817122 0.972236 0.963821 0.822918 0.937781 0.787286 0.911676 0.866664 0.900804 0.824680 0.923247 0.897748 0.818533 0.722092 0.714721 0.442214 0.565154 0.592648 0.647722 0.920119 0.979224 0.915630 0.985481 0.849693 0.842434 0.743863 0.827661 0.918734 0.898791 0.866372 0.799082 0.792757 0.963373 0.968508 0.986117 0.872812 0.859588 0.908812 0.748905 0.831516 0.995032 0.796646 0.761873 0.977816 0.988603 0.469079 0.529430 0.543716 0.673330 0.993446 0.814258 0.802878 0.756760 0.549719 0.656775 0.612312 0.715556 0.752852 0.843124 0.872244 0.923408 0.920616 0.856595 0.995111 0.882262 0.867728 0.827813 0.816093 0.964396 0.798238 0.961763
0.682287 0.808333 0.751455 0.799900 0.923360 0.974175 0.981633 0.953172 0.854925 0.863645 0.000000 0.696723 0.775759 0.878159 0.897866 0.765720 0.774198 0.750846 0.850454 0.729438 0.922002 0.985802 0.693736 0.747359 0.706498 0.703967 0.580740 0.908487 0.693940 0.818753 0.763228 0.873102 0.867314 0.767956 0.739670 0.755879 0.974498 0.912778 0.994093 0.829255 0.833523 0.966511 0.833537 0.981912 0.968101 0.896754 0.971653 0.932162 0.835536 0.994919 0.975758 0.889995 0.764801 0.796339 0.968682 0.835695 0.886392 0.878081 0.749299 0.826023 0.811186 0.956392 0.552878 0.735710 0.686614 0.787943 0.741165 0.858880 0.703176 0.991141 0.873159 0.868766 0.875149 0.829332 0.848997 0.990264 0.821970 0.904911 0.958965 0.916632 0.737614 0.653964 0.831865 0.877986 0.940217 0.842336 0.867501 0.929425 0.891181 0.980834 0.964164 0.996591 0.963074 0.897766 0.964415 0.917120 0.848264 0.932009 0.896939 0.907375 0.796821 0.962071 0.857003 0.898926 0.877391 0.766682 0.850359 0.791491 0.857497 0.986598 0.991811 0.969537 0.907374 0.898959 0.903207 0.824207
0.314552 0.411169 0.994211 0.750137 0.976803 0.895159 0.974336 0.576292 0.945885 0.769998 0.696723 0.000000 0.518115 0.428580 0.700779 0.662287 0.641069 0.451632 0.532185 0.428265 0.928428 0.987934 0.741879 0.697248 0.955856 0.935387 0.926161 0.927777 0.648510 0.497756 0.831080 0.717815 0.722953 0.774561 0.949039 0.980221 0.995066 0.779258 0.993263 0.934986 0.846432 0.873676 0.797478 0.761057 0.895817 0.760020 0.828382 0.835952 0.728328 0.617869 0.585786 0.601299 0.751319 0.770951 0.820450 0.964829 0.480744 0.398742 0.677369 0.491910 0.746585 0.509388 0.632605 0.394832 0.908901 0.837554 0.938896 0.887014 0.476685 0.594909 0.729173 0.630638 0.809211 0.719379 0.920760 0.919938 0.922582 0.914845 0.776175 0.687760 0.510372 0.503304 0.807880 0.815017 0.563887 0.553857 0.926597 0.877205 0.621987 0.532805 0.769546 0.778315 0.822761 0.836803 0.927397 0.910649 0.823943 0.939392 0.659541 0.706488 0.901886 0.810961 0.769093 0.804918 0.832070 0.916567 0.881749 0.900798 0.985354 0.890414 0.933610 0.716594 0.862159 0.992759 0.936824 0.975053
0.558654 0.615305 0.870110 0.662729 0.698795 0.921311 0.827198 0.525811 0.645285 0.651822 0.775759 0.518115 0.000000 0.373077 0.476360 0.620131 0.858429 0.796606 0.524671 0.535937 0.872942 0.907517 0.637025 0.718396 0.899453 0.953136 0.936351 0.955017 0.677572 0.567311 0.685011 0.643761 0.734424 0.837111 0.954966 0.966083 0.862637 0.902008 0.883417 0.969198 0.958452 0.935632 0.859670 0.873317 0.916465 0.984816 0.991389 0.951434 0.985549 0.890160 0.779582 0.749504 0.819604 0.757864 0.981351 0.935254 0.753431 0.580363 0.860612 0.639991 0.592341 0.484166 0.736896 0.594489 0.868107 0.801539 0.961196 0.948387 0.673480 0.719207 0.528487 0.561375 0.661653 0.652386 0.979984 0.972136 0.896697 0.759495 0.985187 0.892073 0.879794 0.874141 0.831953 0.842786 0.759665 0.784586 0.799787 0.964359 0.822324 0.731258 0.618751 0.581478 0.703971 0.588414 0.963327 0.862370 0.669734 0.774707 0.653733 0.731393 0.773016 0.671309 0.903330 0.773280 0.865549 0.794394 0.919494 0.791244 0.994433 0.877346 0.928179 0.842478 0.818343 0.939187 0.810895 0.943222
0.519390 0.587891 0.803053 0.556379 0.801481 0.887630 0.908858 0.510525 0.701575 0.800800 0.878159 0.428580 0.373077 0.000000 0.444205 0.441606 0.801428 0.626601 0.522802 0.431897 0.732503 0.970416 0.495133 0.492761 0.775853 0.794304 0.911700 0.903558 0.772353 0.595940 0.633221 0.616285 0.689796 0.854751 0.853097 0.933832 0.929587 0.854943 0.920373 0.910117 0.932060 0.819021 0.825217 0.826004 0.912017 0.969890 0.931902 0.939456 0.970814 0.842326 0.695204 0.650394 0.721480 0.644884 0.941393 0.879485 0.711673 0.484102 0.957143 0.637128 0.735390 0.444956 0.808613 0.555707 0.743163 0.672825 0.828927 0.875112 0.732545 0.726641 0.502486 0.466155 0.593135 0.505278 0.896688 0.927369 0.848526 0.820586 0.855014 0.788885 0.813849 0.744622 0.764229 0.947158 0.620296 0.564968 0.938939 0.943260 0.729039 0.559083 0.640169 0.624240 0.686691 0.572016 0.815463 0.771844 0.786743 0.886504 0.686190 0.683195 0.796733 0.689287 0.941289 0.781206 0.719302 0.711391 0.937575 0.753180 0.994549 0.888721 0.921218 0.874441 0.812448 0.959052 0.767732 0.877215
0.808963 0.845936 0.637855 0.490988 0.687985 0.820830 0.751994 0.519238 0.600524 0.788366 0.897866 0.700779 0.476360 0.444205 0.000000 0.386978 0.940603 0.849918 0.648272 0.679803 0.699122 0.931331 0.366465 0.475930 0.696846 0.699318 0.828372 0.930992 0.829302 0.699717 0.566917 0.631101 0.625196 0.924174 0.685149 0.726003 0.851024 0.871708 0.906500 0.837283 0.986128 0.899988 0.778552 0.828884 0.973051 0.904086 0.981974 0.976260 0.830924 0.934715 0.806825 0.706782 0.639704 0.526873 0.977914 0.826652 0.969866 0.722725 0.934334 0.768422 0.669839 0.579582 0.969725 0.791258 0.597404 0.630221 0.665120 0.772476 0.908393 0.701810 0.431427 0.438926 0.572975 0.565377 0.714982 0.964966 0.683438 0.727570 0.894694 0.937928 0.956192 0.938768 0.659541 0.805021 0.664562 0.617763 0.924438 0.996206 0.826467 0.781216 0.535567 0.511605 0.552310 0.415065 0.830786 0.869486 0.877692 0.932879 0.638038 0.602153 0.811701 0.593703 0.938312 0.839383 0.686082 0.635172 0.870370 0.795667 0.826129 0.966433 0.911239 0.788686 0.892548 0.944811 0.687639 0.882586
0.740297 0.761263 0.628430 0.403199 0.756200 0.745593 0.836443 0.545327 0.605367 0.923378 0.765720 0.662287 0.620131 0.441606 0.386978 0.000000 0.920067 0.796777 0.624457 0.723226 0.736564 0.957468 0.255258 0.295637 0.558230 0.629056 0.650393 0.920902 0.969766 0.664979 0.541931 0.565022 0.599893 0.926756 0.618243 0.716313 0.898109 0.795220 0.993689 0.904889 0.855833 0.981687 0.663822 0.692253 0.895179 0.994846 0.918345 0.764695 0.909805 0.753873 0.617375 0.521460 0.458849 0.403288 0.899158 0.899180 0.829476 0.626817 0.978579 0.677167 0.740254 0.551925 0.949971 0.753463 0.463847 0.496429 0.511428 0.650331 0.850553 0.727564 0.425108 0.466616 0.552424 0.557384 0.764361 0.865179 0.670757 0.702148 0.885746 0.807759 0.960778 0.946654 0.573394 0.947328 0.492643 0.419531 0.971094 0.785161 0.696931 0.563905 0.566978 0.600893 0.546020 0.527938 0.750481 0.791880 0.898157 0.977596 0.658280 0.560973 0.915128 0.665807 0.902903 0.994583 0.572099 0.613686 0.842811 0.760296 0.879031 0.984616 0.851232 0.738250 0.837806 0.942778 0.580944 0.822595
0.558155 0.482920 0.843530 0.764322 0.890768 0.781504 0.761114 0.639772 0.973742 0.820904 0.774198 0.641069 0.858429 0.801428 0.940603 0.920067 0.000000 0.442351 0.672573 0.651737 0.992251 0.947139 0.895526 0.865133 0.846091 0.954931 0.860590 0.915173 0.453782 0.566633 0.775780 0.765426 0.803537 0.519266 0.852937 0.963972 0.952461 0.813992 0.896724 0.983442 0.944368 0.743326 0.679957 0.578242 0.692026 0.571502 0.507438 0.621139 0.709603 0.596894 0.650642 0.686388 0.757143 0.774721 0.648607 0.600295 0.528057 0.555607 0.558107 0.536180 0.686753 0.784910 0.539862 0.494727 0.892647 0.817854 0.743438 0.679982 0.670341 0.696382 0.908354 0.885531 0.960159 0.946582 0.890137 0.996016 0.704469 0.884401 0.687656 0.710186 0.473224 0.494771 0.902844 0.769899 0.740945 0.689683 0.923740 0.977342 0.924112 0.700798 0.789884 0.918894 0.831691 0.972888 0.943193 0.767196 0.765064 0.779215 0.738355 0.694100 0.791451 0.878136 0.848711 0.888342 0.844648 0.854521 0.946373 0.879365 0.991764 0.733336 0.921480 0.786695 0.731365 0.913444 0.957940 0.821285
0.436433 0.390715 0.833191 0.711539 0.813802 0.890261 0.870050 0.617280 0.923175 0.858719 0.750846 0.451632 0.796606 0.626601 0.849918 0.796777 0.442351 0.000000 0.647872 0.548212 0.879541 0.994065 0.825530 0.736717 0.821564 0.865171 0.872248 0.948964 0.573124 0.475380 0.719692 0.682704 0.713291 0.656484 0.880860 0.906767 0.944731 0.702486 0.857072 0.980005 0.873147 0.744402 0.598106 0.534170 0.758534 0.552127 0.583948 0.578180 0.669181 0.527507 0.513376 0.526430 0.688396 0.658556 0.704288 0.771061 0.425860 0.391712 0.604139 0.482732 0.797197 0.686488 0.642171 0.438712 0.837628 0.759956 0.746034 0.719669 0.567280 0.528013 0.831934 0.745476 0.868844 0.781498 0.877175 0.880914 0.781273 0.878871 0.577687 0.553645 0.387123 0.475149 0.869299 0.729852 0.743128 0.579221 0.957251 0.949324 0.826924 0.594871 0.833799 0.915681 0.817081 0.970856 0.808889 0.801042 0.800081 0.836124 0.715638 0.608063 0.828426 0.895769 0.760691 0.865868 0.753589 0.833398 0.855075 0.884548 0.890666 0.791018 0.831748 0.868272 0.809952 0.875531 0.917965 0.857216
0.573453 0.610244 0.732874 0.574051 0.693300 0.687219 0.546553 0.385140 0.588814 0.548845 0.850454 0.532185 0.524671 0.522802 0.648272 0.624457 0.672573 0.647872 0.000000 0.519224 0.967147 0.936800 0.618849 0.661789 0.809561 0.813426 0.977961 0.963374 0.614347 0.573421 0.617529 0.658151 0.712597 0.662858 0.810066 0.864178 0.904364 0.843985 0.963297 0.976613 0.905003 0.835463 0.724298 0.661684 0.849732 0.852820 0.720358 0.792096 0.961087 0.802336 0.613392 0.667322 0.695906 0.683496 0.715298 0.939796 0.644272 0.553209 0.692862 0.553778 0.481381 0.425310 0.629804 0.499473 0.747358 0.632864 0.692575 0.790118 0.701492 0.736818 0.661465 0.660372 0.694649 0.621758 0.997382 0.993401 0.748398 0.825567 0.884958 0.832747 0.695728 0.642770 0.816472 0.977125 0.557219 0.566425 0.909850 0.963584 0.885598 0.629708 0.513753 0.613749 0.608571 0.709105 0.837624 0.796723 0.666225 0.758498 0.516076 0.597604 0.570435 0.692076 0.775905 0.814091 0.617664 0.781462 0.883710 0.821410 0.946035 0.761523 0.774500 0.750930 0.790128 0.928064 0.724558 0.938052
0.496063 0.538105 0.902481 0.761170 0.848781 0.832804 0.836406 0.548194 0.869647 0.729400 0.729438 0.428265 0.535937 0.431897 0.679803 0.723226 0.651737 0.548212 0.519224 0.000000 0.923921 0.916778 0.777291 0.698732 0.926849 0.929776 0.903991 0.967044 0.605202 0.578368 0.785335 0.730930 0.743697 0.764506 0.919023 0.912149 0.881088 0.865494 0.982276 0.892923 0.932594 0.820850 0.895747 0.820241 0.965680 0.856682 0.812760 0.881213 0.851373 0.813263 0.718995 0.750451 0.866336 0.817402 0.919326 0.920742 0.629564 0.494252 0.722740 0.567677 0.683874 0.523112 0.589162 0.413980 0.950622 0.802123 0.882697 0.830713 0.576684 0.683711 0.762224 0.691250 0.793850 0.714531 0.968757 0.936675 0.821752 0.943380 0.753335 0.698725 0.600133 0.512774 0.829017 0.937785 0.651178 0.674525 0.880625 0.951422 0.747478 0.670713 0.704366 0.739424 0.766831 0.814029 0.833842 0.834836 0.701210 0.868291 0.645151 0.728038 0.792672 0.811870 0.825927 0.734912 0.763203 0.767371 0.977903 0.866929 0.886822 0.886944 0.986592 0.831309 0.800901 0.902824 0.966757 0.896615
0.969729 0.892449 0.711985 0.649157 0.964172 0.914363 0.907346 0.766685 0.834501 0.974187 0.922002 0.928428 0.872942 0.732503 0.699122 0.736564 0.992251 0.879541 0.967147 0.923921 0.000000 0.992178 0.752231 0.753720 0.718020 0.586901 0.979688 0.969831 0.999818 0.925903 0.654902 0.815598 0.785127 0.949885 0.788175 0.913679 0.960839 0.910568 0.959911 0.866019 0.945960 0.926926 0.804397 0.882558 0.813167 0.848467 0.967165 0.937241 0.757909 0.963805 0.943221 0.912888 0.882599 0.762644 0.987093 0.834469 0.955988 0.958348 0.969511 0.971556 0.936770 0.826856 0.915371 0.983758 0.689319 0.664213 0.738714 0.776118 0.985077 0.994569 0.826665 0.760477 0.701475 0.645630 0.839126 0.845097 0.780016 0.803805 0.792468 0.903463 0.924790 0.915445 0.998232 0.838141 0.982742 0.813820 0.998980 0.872047 0.973701 0.991999 0.880117 0.936811 0.852765 0.759738 0.763636 0.868331 0.944675 0.945389 0.966502 0.836034 0.920590 0.844620 0.881868 0.885498 0.779959 0.797432 0.924850 0.892305 0.815999 0.965873 0.994565 0.873951 0.839049 0.946528 0.871829 0.893625
0.967297 0.912699 0.866614 0.954078 0.929506 0.998115 0.876817 0.936303 0.944188 0.977124 0.985802 0.987934 0.907517 0.970416 0.931331 0.957468 0.947139 0.994065 0.936800 0.916778 0.992178 0.000000 0.993354 0.957955 0.824725 0.928439 0.899881 0.983806 0.928651 0.952327 0.912943 0.877501 0.955026 0.815607 0.926771 0.973516 0.991134 0.993244 0.973351 0.876838 0.913364 0.803813 0.926747 0.930529 0.957302 0.979320 0.924312 0.953748 0.992913 0.964003 0.976738 0.917057 0.921162 0.953889 0.868916 0.978024 0.961766 0.987173 0.915987 0.960507 0.854747 0.985674 0.976015 0.962967 0.896945 0.953465 0.927146 0.970788 0.979402 0.918437 0.940179 0.879009 0.960739 0.945833 0.975981 0.976441 0.842054 0.953481 0.954506 0.894933 0.926418 0.982489 0.969495 0.966548 0.926240 0.998472 0.957486 0.878201 0.870947 0.954626 0.985150 0.971714 0.991480 0.973375 0.983667 0.916173 0.927354 0.946924 0.998695 0.988676 0.959964 0.896487 0.989943 0.981522 0.953861 0.971321 0.745938 0.998739 0.965230 0.808998 0.830852 0.956233 0.945412 0.854668 0.750922 0.984698
0.795611 0.781868 0.553788 0.358628 0.704239 0.690918 0.732819 0.479344 0.560061 0.853904 0.693736 0.741879 0.637025 0.495133 0.366465 0.255258 0.895526 0.825530 0.618849 0.777291 0.752231 0.993354 0.000000 0.299722 0.511595 0.576870 0.627405 0.893124 0.941280 0.664930 0.465077 0.532785 0.542617 0.928974 0.594998 0.698449 0.885875 0.772146 0.987666 0.884635 0.961551 0.938087 0.622715 0.674831 0.877558 0.995101 0.872428 0.766099 0.875016 0.756827 0.612772 0.529641 0.440216 0.379802 0.893957 0.897840 0.822753 0.644739 0.977663 0.685451 0.695197 0.549440 0.946141 0.774475 0.427482 0.455478 0.452539 0.585438 0.954247 0.722389 0.382223 0.480507 0.549912 0.565026 0.783910 0.900002 0.617249 0.673907 0.895541 0.809733 0.996325 0.997894 0.561489 0.886746 0.492198 0.413485 0.984426 0.800569 0.790806 0.584782 0.544572 0.570905 0.515469 0.510838 0.782151 0.771756 0.850797 0.924220 0.660962 0.540771 0.817797 0.664371 0.916312 0.978572 0.534987 0.566256 0.884014 0.699317 0.888069 0.990959 0.823713 0.757743 0.886535 0.943975 0.629448 0.818097
0.743385 0.704946 0.588465 0.399357 0.831565 0.700886 0.862087 0.565323 0.695338 0.980570 0.747359 0.697248 0.718396 0.492761 0.475930 0.295637 0.865133 0.736717 0.661789 0.698732 0.753720 0.957955 0.299722 0.000000 0.497652 0.551811 0.627364 0.916078 0.997549 0.707982 0.546665 0.626294 0.555010 0.938128 0.610172 0.705498 0.805530 0.754840 0.897865 0.886135 0.894287 0.942197 0.641809 0.692084 0.890105 0.984586 0.821425 0.735958 0.883364 0.721650 0.584231 0.506060 0.473715 0.375496 0.864681 0.941246 0.765253 0.601597 0.962297 0.709277 0.830985 0.643939 0.930519 0.767645 0.467710 0.459989 0.451006 0.576932 0.898006 0.722724 0.511301 0.494578 0.627153 0.525536 0.745475 0.778977 0.659617 0.701478 0.818021 0.735553 0.886499 0.888771 0.596887 0.991911 0.534021 0.356568 0.891330 0.769246 0.773023 0.599099 0.635763 0.731559 0.590559 0.645984 0.761002 0.791134 0.883483 0.953727 0.684569 0.619604 0.892565 0.729496 0.909784 0.888314 0.541934 0.561339 0.936507 0.819260 0.945302 0.997750 0.896160 0.725212 0.857710 0.870347 0.686543 0.781246
0.996727 0.823147 0.332317 0.369561 0.933491 0.924066 0.718080 0.590537 0.722403 0.886060 0.706498 0.955856 0.899453 0.775853 0.696846 0.558230 0.846091 0.821564 0.809561 0.926849 0.718020 0.824725 0.511595 0.497652 0.000000 0.353707 0.783593 0.958386 0.925220 0.826896 0.477208 0.601052 0.660160 0.800925 0.627994 0.830153 0.753365 0.813673 0.745799 0.999253 0.995944 0.904579 0.482455 0.531145 0.888144 0.873971 0.682514 0.662682 0.664205 0.977207 0.819748 0.779719 0.671360 0.564017 0.975424 0.958293 0.794668 0.794553 0.997493 0.857146 0.835259 0.767827 0.790239 0.995905 0.311120 0.341103 0.491966 0.468142 0.968892 0.952619 0.636148 0.644015 0.626621 0.594221 0.810740 0.793473 0.696418 0.641375 0.779291 0.869677 0.958384 0.997046 0.730222 0.966761 0.782810 0.544526 0.919320 0.919876 0.877437 0.847366 0.884963 0.988819 0.862005 0.872656 0.931935 0.767828 0.845152 0.982490 0.990401 0.774185 0.955974 0.957476 0.904010 0.837549 0.649143 0.609296 0.688648 0.752782 0.978750 0.835651 0.926950 0.964675 0.908976 0.975650 0.637433 0.714505
0.914862 0.958261 0.362433 0.441350 0.991758 0.927476 0.656815 0.638611 0.721907 0.955833 0.703967 0.935387 0.953136 0.794304 0.699318 0.629056 0.954931 0.865171 0.813426 0.929776 0.586901 0.928439 0.576870 0.551811 0.353707 0.000000 0.899642 0.980618 0.954312 0.891712 0.525620 0.659132 0.640244 0.805831 0.586480 0.835097 0.806862 0.870770 0.743180 0.979662 0.937560 0.937904 0.543177 0.631276 0.872137 0.857669 0.687775 0.745758 0.633284 0.952310 0.832501 0.837811 0.757148 0.605070 0.888528 0.960445 0.915438 0.916740 0.983086 0.901049 0.790788 0.816610 0.882304 0.972144 0.394948 0.368580 0.456485 0.490939 0.927837 0.978834 0.728650 0.702421 0.639193 0.580002 0.779342 0.775764 0.666104 0.685079 0.756793 0.958042 0.941162 0.937458 0.829738 0.919686 0.873206 0.614526 0.916008 0.910264 0.852059 0.997970 0.817175 0.976686 0.783756 0.860438 0.839775 0.738258 0.817778 0.999975 0.940649 0.828174 0.858008 0.867103 0.890203 0.957155 0.565053 0.541250 0.750110 0.813050 0.985000 0.823124 0.910413 0.899905 0.835896 0.866715 0.700004 0.733552
0.873045 0.975110 0.839421 0.731125 0.823827 0.956750 0.989117 0.932883 0.785661 0.903138 0.580740 0.926161 0.936351 0.911700 0.828372 0.650393 0.860590 0.872248 0.977961 0.903991 0.979688 0.899881 0.627405 0.627364 0.783593 0.899642 0.000000 0.979986 0.813036 0.999969 0.811447 0.807351 0.825801 0.868982 0.835252 0.833153 0.794623 0.796641 0.917841 0.861402 0.914942 0.933088 0.829798 0.935970 0.939624 0.973054 0.890959 0.999466 0.883024 0.896326 0.832703 0.760353 0.642767 0.722550 0.936332 0.866811 0.991228 0.962630 0.917237 0.999803 0.952671 0.890612 0.735212 0.908257 0.752153 0.777519 0.774855 0.889094 0.926369 0.878243 0.702103 0.866904 0.876599 0.893322 0.794006 0.894787 0.835236 0.887164 0.977108 0.916647 0.804817 0.765627 0.787465 0.941899 0.810632 0.810987 0.825484 0.779847 0.950553 0.868187 0.910103 0.843648 0.875100 0.782242 0.996614 0.930239 0.973230 0.911865 0.998663 0.866683 0.855206 0.866517 0.975256 0.997455 0.838214 0.749308 0.954355 0.913575 0.962734 0.868834 0.917561 0.839638 0.968260 0.915117 0.998145 0.960959
0.938080 0.988834 0.953817 0.940441 0.833403 0.837266 0.918226 0.913367 0.997197 0.962431 0.908487 0.927777 0.955017 0.903558 0.930992 0.920902 0.915173 0.948964 0.963374 0.967044 0.969831 0.983806 0.893124 0.916078 0.958386 0.980618 0.979986 0.000000 0.913432 0.909478 0.991562 0.988093 0.978477 0.998636 0.802669 0.876465 0.878350 0.995511 0.870452 0.943121 0.960876 0.998013 0.984564 0.996388 0.974960 0.942575 0.973941 0.944001 0.978049 0.963225 0.959182 0.948119 0.960937 0.909478 0.856783 0.939992 0.945402 0.889598 0.936743 0.965367 0.862488 0.988144 0.924698 0.937832 0.888698 0.992287 0.966213 0.909117 0.984494 0.936337 0.859725 0.995957 0.888714 0.952930 0.918179 0.845778 0.955501 0.941753 0.956754 0.868301 0.978354 0.903164 0.956709 0.851607 0.848712 0.913214 0.938090 0.983181 0.987940 0.968470 0.928680 0.908416 0.871175 0.879108 0.950606 0.903302 0.992843 0.966388 0.986474 0.950626 0.942242 0.865108 0.929595 0.929366 0.904440 0.765164 0.903307 0.871130 0.972170 0.817055 0.888118 0.989145 0.953018 0.841957 0.999135 0.967285
0.591655 0.588748 0.876602 0.885526 0.933046 0.801293 0.620173 0.607800 0.883815 0.574723 0.693940 0.648510 0.677572 0.772353 0.829302 0.969766 0.453782 0.573124 0.614347 0.605202 0.999818 0.928651 0.941280 0.997549 0.925220 0.954312 0.813036 0.913432 0.000000 0.461254 0.774971 0.801126 0.850589 0.562095 0.904585 0.998186 0.940382 0.926635 0.958005 0.933695 0.988219 0.857664 0.859180 0.770624 0.788154 0.640023 0.676590 0.862651 0.710024 0.700804 0.741807 0.815036 0.897000 0.933954 0.792490 0.711671 0.596893 0.588790 0.525682 0.575544 0.498750 0.734257 0.391428 0.444809 0.954114 0.965244 0.844520 0.823055 0.637527 0.616468 0.838511 0.863440 0.929273 0.970861 0.876722 0.925150 0.720804 0.956208 0.731580 0.815799 0.517350 0.563187 0.995144 0.965773 0.766110 0.878470 0.891233 0.922267 0.919275 0.825862 0.733191 0.802800 0.794916 0.900377 0.952832 0.901931 0.701308 0.772546 0.678024 0.683705 0.714699 0.704863 0.756852 0.771750 0.873627 0.981861 0.949561 0.971985 0.957887 0.788970 0.876082 0.824354 0.683683 0.822203 0.985923 0.966482
0.524040 0.483529 0.773614 0.672732 0.935147 0.906893 0.804367 0.583552 0.888042 0.751774 0.818753 0.497756 0.567311 0.595940 0.699717 0.664979 0.566633 0.475380 0.573421 0.578368 0.925903 0.952327 0.664930 0.707982 0.826896 0.891712 0.999969 0.909478 0.461254 0.000000 0.692812 0.608310 0.661488 0.680306 0.822537 0.913534 0.825362 0.808180 0.881558 0.903562 0.909886 0.975992 0.727220 0.663779 0.816726 0.711128 0.628462 0.756636 0.798176 0.616079 0.621092 0.607390 0.747378 0.721755 0.671993 0.870736 0.465098 0.439066 0.556975 0.481382 0.588680 0.624720 0.597385 0.435749 0.788706 0.726599 0.687513 0.685951 0.502231 0.467628 0.633511 0.752117 0.842023 0.739832 0.926533 0.946020 0.725147 0.851629 0.772963 0.735804 0.559043 0.633669 0.760464 0.915804 0.618121 0.623544 0.890469 0.861233 0.786021 0.615441 0.791451 0.854100 0.800368 0.877107 0.952877 0.847792 0.654859 0.809481 0.689533 0.616611 0.818113 0.801878 0.746772 0.883565 0.764478 0.820812 0.943747 0.842422 0.987613 0.864780 0.765615 0.764717 0.811027 0.866726 0.848872 0.966759
0.849584 0.700940 0.429936 0.368775 0.878076 0.800346 0.574646 0.427349 0.576089 0.723440 0.763228 0.831080 0.685011 0.633221 0.566917 0.541931 0.775780 0.719692 0.617529 0.785335 0.654902 0.912943 0.465077 0.546665 0.477208 0.525620 0.811447 0.991562 0.774971 0.692812 0.000000 0.456545 0.564108 0.678492 0.640730 0.753911 0.904379 0.834118 0.954730 0.836423 0.992428 0.855365 0.541228 0.582742 0.952019 0.962835 0.803041 0.762984 0.846979 0.836923 0.693155 0.654059 0.599633 0.511817 0.869148 0.986848 0.700081 0.671721 0.879916 0.712196 0.640594 0.602570 0.941429 0.770468 0.525657 0.512936 0.489736 0.553127 0.918954 0.759492 0.532121 0.446525 0.544377 0.569086 0.899287 0.934025 0.537624 0.648944 0.744592 0.776059 0.906911 0.995757 0.896030 0.756668 0.788085 0.640328 0.827444 0.811125 0.903471 0.773360 0.572399 0.667367 0.553768 0.542800 0.940860 0.705673 0.803074 0.837445 0.680710 0.456951 0.766827 0.615609 0.833181 0.952220 0.615919 0.603596 0.715104 0.642304 0.898607 0.770448 0.831622 0.903275 0.753068 0.945706 0.629502 0.773744
0.713540 0.661875 0.556879 0.465674 0.872591 0.986555 0.675607 0.512033 0.785138 0.835578 0.873102 0.717815 0.643761 0.616285 0.631101 0.565022 0.765426 0.682704 0.658151 0.730930 0.815598 0.877501 0.532785 0.626294 0.601052 0.659132 0.807351 0.988093 0.801126 0.608310 0.456545 0.000000 0.550463 0.778562 0.767330 0.855100 0.909659 0.759919 0.932313 0.984918 0.999983 0.877692 0.501419 0.551434 0.991532 0.912360 0.697475 0.677457 0.950048 0.759439 0.646931 0.623130 0.626509 0.611290 0.987355 0.978760 0.673313 0.648327 0.783635 0.595940 0.617051 0.585838 0.856071 0.686485 0.503337 0.512488 0.586070 0.608991 0.797778 0.807502 0.583884 0.644723 0.636833 0.683943 0.945595 0.798160 0.756113 0.739760 0.786690 0.720446 0.850314 0.842886 0.696245 0.970922 0.660121 0.568970 0.927334 0.974519 0.865698 0.649924 0.747827 0.836849 0.738773 0.779766 0.928572 0.831236 0.873876 0.777681 0.800064 0.664380 0.893237 0.742522 0.862120 0.912754 0.554334 0.636105 0.751900 0.749409 0.906140 0.797982 0.823963 0.963365 0.790445 0.997410 0.744646 0.899833
0.750648 0.716930 0.664820 0.476383 0.854291 0.808936 0.732970 0.511353 0.789364 0.778404 0.867314 0.722953 0.734424 0.689796 0.625196 0.599893 0.803537 0.713291 0.712597 0.743697 0.785127 0.955026 0.542617 0.555010 0.660160 0.640244 0.825801 0.978477 0.850589 0.661488 0.564108 0.550463 0.000000 0.771093 0.649467 0.730733 0.998267 0.718462 0.962741 0.735561 0.850512 0.962460 0.649677 0.662338 0.832376 0.876809 0.773427 0.716785 0.998645 0.783575 0.627333 0.654771 0.673234 0.579727 0.897568 0.901881 0.699506 0.666710 0.727119 0.598698 0.674536 0.569671 0.858638 0.659749 0.645804 0.550202 0.528739 0.556174 0.727978 0.668715 0.650949 0.643479 0.677575 0.668897 0.919908 0.744632 0.692609 0.758442 0.831333 0.657284 0.799379 0.833250 0.788772 0.996838 0.660693 0.523856 0.939069 0.973110 0.934417 0.775185 0.650445 0.831218 0.642353 0.743170 0.859134 0.794425 0.741740 0.851057 0.600859 0.635878 0.824440 0.774403 0.956222 0.960782 0.593191 0.653056 0.828987 0.822214 0.932580 0.955158 0.811791 0.778182 0.874672 0.924727 0.800867 0.877024
0.703722 0.639040 0.720544 0.722760 0.923631 0.804668 0.641122 0.630899 0.899372 0.739210 0.767956 0.774561 0.837111 0.854751 0.924174 0.926756 0.519266 0.656484 0.662858 0.764506 0.949885 0.815607 0.928974 0.938128 0.800925 0.805831 0.868982 0.998636 0.562095 0.680306 0.678492 0.778562 0.771093 0.000000 0.818051 0.976203 0.973098 0.893578 0.837082 0.905802 0.897658 0.848894 0.742000 0.606248 0.750680 0.704338 0.591933 0.886778 0.830707 0.781145 0.762420 0.820871 0.846467 0.862266 0.705560 0.650820 0.667854 0.762210 0.583967 0.613165 0.599469 0.773723 0.607147 0.634942 0.890390 0.816263 0.673359 0.618618 0.679286 0.785234 0.873803 0.780317 0.864424 0.914564 0.948864 0.969296 0.720083 0.811069 0.790259 0.934098 0.661220 0.692413 0.959941 0.961930 0.871560 0.794484 0.876911 0.871266 0.916590 0.894756 0.697272 0.873074 0.786708 0.907553 0.914329 0.805079 0.832167 0.931280 0.700135 0.670384 0.778976 0.665933 0.736518 0.977809 0.835452 0.881587 0.732043 0.957628 0.863594 0.800775 0.923639 0.899112 0.662819 0.954437 0.841385 0.848231
0.988324 0.919225 0.574973 0.599388 0.880218 0.801161 0.684112 0.694427 0.800468 0.899945 0.739670 0.949039 0.954966 0.853097 0.685149 0.618243 0.852937 0.880860 0.810066 0.919023 0.788175 0.926771 0.594998 0.610172 0.627994 0.586480 0.835252 0.802669 0.904585 0.822537 0.640730 0.767330 0.649467 0.818051 0.000000 0.832795 0.955023 0.908964 0.723296 0.876929 0.949101 0.965114 0.730197 0.790644 0.894992 0.965356 0.776797 0.708992 0.859423 0.867262 0.793172 0.834325 0.726358 0.645413 0.793338 0.968144 0.948389 0.904249 0.909202 0.852290 0.756959 0.821453 0.939658 0.939496 0.556743 0.583563 0.511773 0.615591 0.941740 0.877462 0.839142 0.720074 0.772465 0.740015 0.684347 0.913082 0.663037 0.885920 0.744750 0.967261 0.962104 0.951596 0.730577 0.972295 0.744318 0.595883 0.912958 0.946622 0.955104 0.913472 0.749757 0.878987 0.696654 0.793095 0.899663 0.754554 0.936006 0.917415 0.827165 0.793001 0.869603 0.755889 0.974692 0.970995 0.737910 0.802362 0.750431 0.990334 0.967854 0.854340 0.941213 0.826986 0.820210 0.916660 0.798962 0.831400
0.922070 0.859877 0.786786 0.704044 0.980222 0.910345 0.860372 0.768724 0.908020 0.935676 0.755879 0.980221 0.966083 0.933832 0.726003 0.716313 0.963972 0.906767 0.864178 0.912149 0.913679 0.973516 0.698449 0.705498 0.830153 0.835097 0.833153 0.876465 0.998186 0.913534 0.753911 0.855100 0.730733 0.976203 0.832795 0.000000 0.919022 0.776785 0.979332 0.919212 0.949973 0.985047 0.737064 0.721904 0.730097 0.828936 0.879805 0.778761 0.935247 0.768111 0.735978 0.717243 0.684580 0.675511 0.827060 0.944759 0.863115 0.813805 0.886798 0.769594 0.902877 0.831127 0.957208 0.870897 0.782693 0.747527 0.663430 0.681327 0.987930 0.789527 0.670192 0.761872 0.889318 0.901545 0.928059 0.968096 0.772061 0.887954 0.855681 0.879306 0.937611 0.952368 0.852870 0.935117 0.766595 0.752023 0.752056 0.980735 0.872568 0.864459 0.775850 0.843006 0.746874 0.799182 0.724413 0.980425 0.996770 0.858890 0.726799 0.707641 0.999648 0.983774 0.838140 0.956113 0.816832 0.739241 0.905137 0.814794 0.860457 0.982278 0.828172 0.935918 0.913077 0.815848 0.954903 0.786073
0.936285 0.847005 0.804935 0.767964 0.893428 0.913362 0.996390 0.894805 0.969289 0.826795 0.974498 0.995066 0.862637 0.929587 0.851024 0.898109 0.952461 0.944731 0.904364 0.881088 0.960839 0.991134 0.885875 0.805530 0.753365 0.806862 0.794623 0.878350 0.940382 0.825362 0.904379 0.909659 0.998267 0.973098 0.955023 0.919022 0.000000 0.770329 0.917433 0.933562 0.892227 0.987924 0.749460 0.833077 0.853774 0.910334 0.827365 0.906404 0.800340 0.972985 0.916072 0.865241 0.872988 0.846901 0.937506 0.971733 0.857877 0.870267 0.986032 0.891939 0.977361 0.972285 0.856671 0.978408 0.771557 0.709820 0.928660 0.886828 0.941817 0.818014 0.861172 0.873266 0.929738 0.914140 0.875130 0.885745 0.956918 0.863232 0.810489 0.911846 0.999635 0.917249 0.891595 0.911726 0.983219 0.874874 0.792822 0.916860 0.985955 0.947610 0.913077 0.935717 0.891364 0.929719 0.988061 0.884701 0.869852 0.933945 0.843582 0.943084 0.988941 0.908895 0.807504 0.957481 0.898572 0.741838 0.984627 0.871621 0.991532 0.941853 0.916789 0.955461 0.938188 0.954837 0.988883 0.924072
0.787071 0.700954 0.861355 0.736929 0.933811 0.916117 0.997530 0.792836 0.965810 0.997968 0.912778 0.779258 0.902008 0.854943 0.871708 0.795220 0.813992 0.702486 0.843985 0.865494 0.910568 0.993244 0.772146 0.754840 0.813673 0.870770 0.796641 0.995511 0.926635 0.808180 0.834118 0.759919 0.718462 0.893578 0.908964 0.776785 0.770329 0.000000 0.958166 0.992532 0.928546 0.908620 0.638170 0.659446 0.812076 0.726215 0.787989 0.771988 0.818984 0.732226 0.600140 0.605055 0.651804 0.695313 0.880656 0.848650 0.674784 0.690551 0.889634 0.713278 0.975505 0.775059 0.967075 0.832956 0.796548 0.793730 0.837670 0.838635 0.775057 0.669711 0.721401 0.769715 0.861809 0.867189 0.924587 0.788783 0.912261 0.724832 0.924826 0.765691 0.784127 0.949642 0.917247 0.891250 0.885027 0.703411 0.880879 0.964918 0.833304 0.777308 0.857855 0.902008 0.896160 0.927508 0.885632 0.852257 0.787146 0.938334 0.850613 0.829376 0.889030 0.907391 0.824053 0.918652 0.853934 0.946761 0.805393 0.850871 0.770524 0.938540 0.939547 0.914723 0.981401 0.945261 0.927436 0.992531
