0.000000 0.273608 0.426183 0.438713 0.888601 0.744720 0.481010 0.437902 0.792718 0.710708 0.370427 0.292486 0.327311 0.453412 0.456378 0.482535 0.304206 0.274031 0.317223 0.320251 0.619011 0.720660 0.512031 0.492512 0.566320 0.554601 0.924258 0.866861 0.317491 0.311811 0.391188 0.482718 0.372368 0.380279 0.722719 0.775016 0.601326 0.732417 0.750838 0.859488 0.977594 0.808464 0.502362 0.461338 0.478930 0.399484 0.386746 0.399392 0.774994 0.529397 0.528465 0.609214 0.718007 0.822755 0.682901 0.838121 0.391948 0.376778 0.341167 0.370376 0.261574 0.405439 0.254891 0.310775 0.413735 0.383340 0.455819 0.361961 0.453992 0.407941 0.605132 0.599709 0.420144 0.434635 0.757420 0.754744 0.589115 0.509270 0.463532 0.446993 0.296938 0.302020 0.400431 0.496367 0.418779 0.339616 0.959536 0.791926 0.806598 0.644853 0.909699 0.986998 0.927135 0.984266 0.629513 0.628185 0.624408 0.737952 0.584607 0.557614 0.788725 0.753653 0.643715 0.623505 0.588860 0.719278 0.888250 0.912847 0.769619 0.741324 0.941672 0.656604 0.641039 0.697725 0.647205 0.879614
0.273608 0.000000 0.589246 0.542638 0.786392 0.945650 0.612204 0.485826 0.875706 0.787530 0.459578 0.346666 0.503344 0.537945 0.585235 0.596347 0.258895 0.304712 0.420214 0.393422 0.648386 0.776232 0.625711 0.637350 0.671834 0.672780 0.749183 0.945823 0.324489 0.354094 0.488904 0.602236 0.454146 0.456433 0.868073 0.669191 0.626961 0.667155 0.776266 0.896584 0.995054 0.627683 0.554863 0.530412 0.513373 0.498379 0.453724 0.485014 0.704754 0.588591 0.552024 0.657490 0.835850 0.836194 0.753637 0.918848 0.277900 0.251330 0.390172 0.417907 0.354501 0.405819 0.271979 0.193274 0.553052 0.496905 0.539866 0.404093 0.501351 0.332650 0.642187 0.596592 0.431220 0.492078 0.870332 0.795772 0.652409 0.468069 0.531575 0.638211 0.294763 0.404528 0.399593 0.460696 0.538215 0.483903 0.955620 0.972081 0.857574 0.683321 0.957230 0.983697 0.925658 0.966157 0.631752 0.708427 0.722769 0.588218 0.636603 0.571642 0.831640 0.840303 0.665768 0.615261 0.549419 0.727729 0.957498 0.860392 0.877384 0.748429 0.786784 0.592803 0.708848 0.760120 0.670019 0.885774
0.426183 0.589246 0.000000 0.190682 0.894523 0.592178 0.195003 0.252292 0.435589 0.396689 0.412470 0.411575 0.298695 0.519962 0.424007 0.446844 0.574268 0.429674 0.309321 0.412367 0.659296 0.694699 0.352525 0.344378 0.622953 0.400733 0.947446 0.961922 0.525388 0.421982 0.341032 0.374085 0.317513 0.326514 0.755368 0.838891 0.628216 0.889346 0.573330 0.739554 0.817692 0.933560 0.294660 0.292246 0.290782 0.314969 0.278630 0.347796 0.614643 0.428936 0.423045 0.411172 0.510983 0.595702 0.633890 0.686343 0.723936 0.779446 0.411411 0.506871 0.253614 0.416013 0.555750 0.627111 0.228592 0.223739 0.266821 0.272839 0.721868 0.620396 0.429746 0.528019 0.508786 0.453551 0.807747 0.711969 0.506463 0.600121 0.521466 0.440471 0.518007 0.402952 0.642227 0.699844 0.499143 0.373348 0.928275 0.841270 0.769710 0.643519 0.595550 0.667970 0.658612 0.658621 0.544193 0.577703 0.460042 0.693759 0.396295 0.356744 0.623691 0.530410 0.584007 0.524665 0.436817 0.524875 0.976951 0.785065 0.806420 0.834461 0.772042 0.499723 0.466173 0.724718 0.570179 0.837076
0.438713 0.542638 0.190682 0.000000 0.857559 0.589013 0.216227 0.195459 0.438171 0.396267 0.488757 0.399378 0.339308 0.474002 0.436185 0.409429 0.579673 0.431887 0.338595 0.424590 0.567865 0.689828 0.340369 0.333090 0.717203 0.420481 0.944604 0.979419 0.469382 0.430330 0.352494 0.404540 0.281635 0.286861 0.769110 0.803693 0.628188 0.905366 0.698486 0.842354 0.868962 0.867891 0.283139 0.294369 0.309296 0.326319 0.285859 0.374154 0.640686 0.430697 0.414706 0.360398 0.504283 0.500066 0.661280 0.697362 0.702452 0.745587 0.377950 0.459522 0.260532 0.349799 0.541368 0.571016 0.262869 0.192505 0.265969 0.258234 0.765786 0.589887 0.376131 0.445393 0.514795 0.455600 0.794246 0.690042 0.469159 0.574803 0.516525 0.497526 0.510137 0.377737 0.648507 0.590083 0.473979 0.331005 0.986713 0.857791 0.764546 0.581835 0.491972 0.582181 0.539350 0.585681 0.548691 0.615606 0.464121 0.627373 0.355632 0.311032 0.559286 0.547460 0.557643 0.469140 0.399249 0.529357 0.971299 0.832822 0.878768 0.848921 0.776929 0.439050 0.430699 0.607466 0.515435 0.802636
0.888601 0.786392 0.894523 0.857559 0.000000 0.886742 0.807929 0.759236 0.856008 0.960900 0.949293 0.878496 0.793424 0.990162 0.844361 0.861684 0.823830 0.895168 0.835255 0.945395 0.846939 0.820814 0.789824 0.850071 0.931270 0.966208 0.729260 0.921101 0.817651 0.855321 0.895593 0.964915 0.837776 0.820659 0.968382 0.901171 0.930516 0.991838 0.947969 0.841405 0.969309 0.935822 0.873934 0.889091 0.758727 0.783048 0.768116 0.837154 0.772867 0.722784 0.763361 0.784027 0.896799 0.666079 0.876800 0.780084 0.911490 0.879862 0.778557 0.801957 0.680480 0.708733 0.727434 0.765524 0.803886 0.754681 0.757861 0.780722 0.897110 0.878173 0.683766 0.815433 0.847596 0.927700 0.977658 0.813894 0.880285 0.954011 0.941433 0.931790 0.663825 0.740313 0.803059 0.827816 0.701256 0.737369 0.910231 0.947214 0.870227 0.878700 0.854976 0.848246 0.850043 0.955981 0.863350 0.940112 0.923529 0.749464 0.842452 0.741997 0.890234 0.948120 0.936071 0.900052 0.838363 0.806874 0.886532 0.899203 0.706357 0.952136 0.972754 0.758922 0.776677 0.852229 0.902425 0.962551
0.744720 0.945650 0.592178 0.589013 0.886742 0.000000 0.515623 0.607378 0.514144 0.654028 0.797353 0.804921 0.640359 0.861487 0.745677 0.663555 0.972261 0.903653 0.717086 0.818870 0.814459 0.918929 0.637978 0.667701 0.881335 0.746998 0.848130 0.857771 0.871745 0.901314 0.659003 0.777251 0.678664 0.672115 0.603136 0.896385 0.871794 0.811747 0.989376 0.904730 0.965488 0.927764 0.611719 0.618583 0.549958 0.594790 0.619085 0.647293 0.931852 0.682760 0.720107 0.622874 0.626268 0.679572 0.789004 0.742522 0.850721 0.870182 0.777139 0.725776 0.653432 0.731913 0.882537 0.996968 0.666427 0.590609 0.532427 0.645605 0.923046 0.823047 0.625832 0.602187 0.828075 0.813032 0.799807 0.875008 0.661046 0.883292 0.797366 0.716614 0.776473 0.656741 0.983732 0.833472 0.718681 0.633657 0.986190 0.825259 0.939575 0.755069 0.573007 0.668476 0.572062 0.622874 0.638296 0.734834 0.674643 0.979980 0.629417 0.661230 0.652781 0.624790 0.859322 0.684449 0.622766 0.814366 0.953473 0.903684 0.889334 0.969384 0.839720 0.761504 0.665118 0.759135 0.718026 0.829786
0.481010 0.612204 0.195003 0.216227 0.807929 0.515623 0.000000 0.192509 0.377829 0.313915 0.443691 0.517231 0.377092 0.632666 0.525156 0.533122 0.529212 0.417481 0.295986 0.432721 0.665452 0.652775 0.400136 0.457462 0.765610 0.504951 0.944107 0.955904 0.553582 0.473653 0.393496 0.430506 0.301346 0.268260 0.792086 0.743569 0.690159 0.933418 0.794368 0.815116 0.922229 0.880096 0.215851 0.211893 0.217747 0.263655 0.281156 0.326712 0.632564 0.427464 0.392047 0.386920 0.503254 0.484853 0.665276 0.714448 0.664297 0.755792 0.399968 0.555723 0.306450 0.495894 0.535089 0.633493 0.314987 0.274608 0.172989 0.228876 0.780736 0.650413 0.349860 0.386413 0.552533 0.447414 0.854597 0.681320 0.404521 0.577845 0.520602 0.480578 0.494312 0.395180 0.685013 0.706482 0.543297 0.450528 0.917868 0.850777 0.815750 0.771139 0.416956 0.469443 0.492392 0.465542 0.510891 0.586595 0.458269 0.659756 0.302619 0.270493 0.503606 0.420123 0.507524 0.406054 0.388312 0.478688 0.940837 0.734193 0.781111 0.859369 0.697485 0.408296 0.365372 0.626577 0.516260 0.793165
0.437902 0.485826 0.252292 0.195459 0.759236 0.607378 0.192509 0.000000 0.433046 0.287314 0.467168 0.410040 0.371260 0.539535 0.496837 0.482446 0.484843 0.390386 0.344812 0.382533 0.646785 0.678232 0.410019 0.437926 0.819222 0.542086 0.856542 0.968570 0.492193 0.450921 0.443631 0.478761 0.304681 0.285307 0.844621 0.762593 0.720598 0.892806 0.842470 0.909959 0.936088 0.783769 0.258808 0.275710 0.283962 0.296988 0.322779 0.361003 0.581848 0.374831 0.382886 0.360383 0.534248 0.446418 0.699333 0.777508 0.592153 0.616913 0.304298 0.433446 0.268573 0.327181 0.496567 0.488677 0.321911 0.221499 0.237647 0.246127 0.799013 0.522433 0.373835 0.423137 0.558026 0.495294 0.870659 0.643816 0.478008 0.527270 0.491667 0.586399 0.462453 0.387873 0.673602 0.636929 0.527810 0.396612 0.978822 0.851613 0.800094 0.656626 0.437679 0.494912 0.467283 0.527824 0.475759 0.564517 0.488468 0.569448 0.302360 0.246871 0.458261 0.493255 0.511636 0.425825 0.359776 0.465607 0.945231 0.763935 0.813983 0.789646 0.756141 0.360143 0.373084 0.616251 0.545780 0.726709
0.792718 0.875706 0.435589 0.438171 0.856008 0.514144 0.377829 0.433046 0.000000 0.409246 0.787960 0.782911 0.631681 0.805765 0.733721 0.658598 0.842646 0.810937 0.664526 0.731609 0.845856 0.821318 0.547604 0.561632 0.976272 0.631504 0.989010 0.881269 0.892460 0.818111 0.636095 0.630799 0.598715 0.568424 0.875991 0.797258 0.940509 0.977512 0.932997 0.830072 0.779759 0.868836 0.435877 0.493516 0.472843 0.529921 0.529210 0.602893 0.730740 0.521045 0.438161 0.435961 0.432022 0.376036 0.778395 0.711395 0.981599 0.942774 0.579596 0.747553 0.579936 0.691233 0.828102 0.899529 0.548227 0.475581 0.410193 0.549578 0.976740 0.811704 0.484907 0.570570 0.795227 0.697925 0.979027 0.797910 0.642759 0.751894 0.758341 0.697135 0.771597 0.704970 0.852111 0.887779 0.768014 0.642625 0.794847 0.802093 0.740175 0.842852 0.369756 0.427598 0.367826 0.424960 0.633872 0.795773 0.571277 0.660780 0.429560 0.468692 0.494832 0.501041 0.716691 0.605343 0.558932 0.611378 0.720062 0.673410 0.989780 0.984638 0.821326 0.523679 0.494419 0.876793 0.605385 0.790448
0.710708 0.787530 0.396689 0.396267 0.960900 0.654028 0.313915 0.287314 0.409246 0.000000 0.645949 0.645377 0.608340 0.762752 0.712117 0.701693 0.673275 0.640824 0.578021 0.544940 0.870601 0.852993 0.544637 0.627063 0.950824 0.600167 0.974564 0.823122 0.791666 0.668406 0.567236 0.536265 0.462965 0.432608 0.903058 0.697528 0.837934 0.865750 0.913738 0.950392 0.865045 0.801038 0.336125 0.346639 0.373091 0.411996 0.503785 0.500928 0.556939 0.428922 0.432310 0.384879 0.471221 0.499884 0.840070 0.853178 0.782815 0.855535 0.462315 0.618993 0.568608 0.556165 0.750511 0.743909 0.531340 0.445491 0.356684 0.419529 0.959907 0.710781 0.505198 0.459132 0.744994 0.587930 0.857846 0.751151 0.517916 0.630505 0.592446 0.656528 0.735150 0.690343 0.892636 0.892184 0.826736 0.711344 0.928713 0.914556 0.913484 0.835055 0.409663 0.426532 0.468937 0.485342 0.588781 0.572988 0.499356 0.663616 0.270854 0.300128 0.443339 0.414490 0.499720 0.489383 0.513816 0.484316 0.737427 0.647745 0.903811 0.846734 0.692118 0.463612 0.402294 0.827765 0.563893 0.657997
0.370427 0.459578 0.412470 0.488757 0.949293 0.797353 0.443691 0.467168 0.787960 0.645949 0.000000 0.401846 0.446618 0.570402 0.651233 0.662260 0.438885 0.289175 0.289157 0.280112 0.691386 0.739630 0.719531 0.616304 0.792972 0.655141 0.956023 0.904264 0.448282 0.356566 0.528704 0.558618 0.514700 0.436634 0.966931 0.875632 0.731025 0.798136 0.785435 0.768131 0.995119 0.978799 0.560680 0.489490 0.529151 0.516829 0.498882 0.516345 0.876072 0.645048 0.642587 0.722889 0.760757 0.785469 0.794949 0.992180 0.464787 0.497878 0.568899 0.610403 0.423139 0.613195 0.377500 0.491250 0.575633 0.536134 0.539520 0.404394 0.634124 0.691027 0.691221 0.650330 0.577974 0.502842 0.867941 0.730752 0.623540 0.544135 0.617983 0.497723 0.466909 0.420856 0.588521 0.711191 0.718158 0.617638 0.954483 0.842401 0.987891 0.865108 0.852293 0.871986 0.909962 0.833994 0.678908 0.688237 0.754914 0.927920 0.629535 0.563384 0.733750 0.606825 0.607513 0.536460 0.660665 0.812899 0.924806 0.880956 0.966632 0.872839 0.820222 0.659747 0.658462 0.770992 0.775522 0.968735
0.292486 0.346666 0.411575 0.399378 0.878496 0.804921 0.517231 0.410040 0.782911 0.645377 0.401846 0.000000 0.301007 0.315371 0.307791 0.328182 0.407106 0.342311 0.367671 0.357671 0.547161 0.686020 0.400611 0.384587 0.623030 0.568829 0.999859 0.949180 0.320279 0.310437 0.372399 0.434400 0.385713 0.403777 0.833230 0.850623 0.612395 0.706180 0.710114 0.918513 0.970809 0.878868 0.560945 0.523586 0.518527 0.479035 0.435288 0.416040 0.758669 0.531566 0.581020 0.575197 0.749722 0.794573 0.831472 0.910913 0.522777 0.518146 0.453195 0.439358 0.269144 0.329723 0.350544 0.328142 0.416828 0.359355 0.520590 0.415362 0.688453 0.521302 0.605259 0.590372 0.389498 0.435220 0.724003 0.717914 0.644706 0.438491 0.563666 0.560268 0.466271 0.433545 0.435429 0.593331 0.476225 0.384764 0.983738 0.870121 0.851421 0.635216 0.948835 0.972121 0.925635 0.925814 0.659794 0.659918 0.705353 0.724174 0.636095 0.528907 0.785557 0.774765 0.625474 0.664463 0.505417 0.610655 0.956893 0.930084 0.899121 0.686477 0.883456 0.689856 0.716038 0.665588 0.606543 0.941837
0.327311 0.503344 0.298695 0.339308 0.793424 0.640359 0.377092 0.371260 0.631681 0.608340 0.446618 0.301007 0.000000 0.337142 0.281913 0.307907 0.538721 0.482315 0.348431 0.437399 0.610287 0.729134 0.311722 0.312468 0.655461 0.543990 0.963840 0.992046 0.438064 0.426522 0.402296 0.503941 0.415129 0.441681 0.744742 0.846514 0.670905 0.804318 0.643338 0.815771 0.975155 0.998271 0.443094 0.437693 0.440484 0.416638 0.393728 0.379266 0.786425 0.403579 0.440883 0.452111 0.581939 0.634692 0.646454 0.773498 0.677954 0.685291 0.390411 0.431013 0.214146 0.357474 0.401124 0.499521 0.248074 0.289747 0.396855 0.358906 0.715987 0.608445 0.518147 0.526137 0.467424 0.491926 0.805082 0.615926 0.586869 0.600185 0.607069 0.566529 0.503503 0.429847 0.500755 0.715001 0.394151 0.319458 0.843287 0.764581 0.746272 0.624513 0.781377 0.845086 0.758431 0.874972 0.669042 0.717343 0.652186 0.775882 0.552476 0.502076 0.716897 0.708858 0.617541 0.698246 0.460891 0.584739 0.992878 0.852625 0.689252 0.806262 0.862021 0.630458 0.620682 0.625915 0.592413 0.847965
0.453412 0.537945 0.519962 0.474002 0.990162 0.861487 0.632666 0.539535 0.805765 0.762752 0.570402 0.315371 0.337142 0.000000 0.264191 0.245602 0.620896 0.519747 0.441555 0.522116 0.586736 0.692228 0.396834 0.338310 0.626532 0.596906 0.919900 0.931128 0.407173 0.426685 0.436172 0.548943 0.496901 0.515463 0.876906 0.972570 0.628021 0.771014 0.749212 0.785649 0.973565 0.852870 0.591499 0.575235 0.704664 0.634050 0.576837 0.557081 0.907492 0.658731 0.650225 0.606676 0.751909 0.821333 0.848151 0.978806 0.675485 0.700374 0.532814 0.580880 0.430370 0.499549 0.486553 0.499221 0.420608 0.455014 0.587577 0.548028 0.911839 0.619076 0.599684 0.641405 0.593236 0.543565 0.841777 0.626685 0.599422 0.591015 0.645986 0.628713 0.706252 0.682395 0.488930 0.721002 0.527516 0.432230 0.875755 0.906346 0.915997 0.685370 0.907938 0.973022 0.850456 0.996026 0.731095 0.752503 0.856615 0.750213 0.685942 0.650651 0.784827 0.840347 0.654304 0.849777 0.569515 0.641446 0.963590 0.842176 0.892088 0.788289 0.921138 0.753378 0.768678 0.714127 0.641736 0.988151
0.456378 0.585235 0.424007 0.436185 0.844361 0.745677 0.525156 0.496837 0.733721 0.712117 0.651233 0.307791 0.281913 0.264191 0.000000 0.193628 0.610924 0.569326 0.477302 0.571900 0.603482 0.696641 0.205468 0.260510 0.480146 0.528250 0.927788 0.950234 0.449819 0.432739 0.303199 0.397055 0.396757 0.455411 0.672481 0.965483 0.634150 0.826579 0.694888 0.888692 0.981936 0.992226 0.514855 0.521102 0.553871 0.519056 0.471730 0.445913 0.839517 0.606536 0.612642 0.546689 0.717102 0.808843 0.690729 0.819714 0.780964 0.820616 0.527226 0.579807 0.343486 0.461950 0.484501 0.548900 0.317279 0.390605 0.470046 0.476828 0.876506 0.643468 0.492739 0.618157 0.446074 0.502823 0.740710 0.679055 0.568142 0.632162 0.579782 0.641208 0.587627 0.571372 0.445396 0.715315 0.373550 0.340346 0.830436 0.860171 0.930369 0.695912 0.918924 0.985777 0.887437 0.952126 0.727164 0.758939 0.731994 0.750246 0.675682 0.628721 0.855355 0.848443 0.749572 0.864364 0.461153 0.566880 0.974978 0.900934 0.816604 0.767958 0.857664 0.726681 0.711882 0.728049 0.558569 0.952429
0.482535 0.596347 0.446844 0.409429 0.861684 0.663555 0.533122 0.482446 0.658598 0.701693 0.662260 0.328182 0.307907 0.245602 0.193628 0.000000 0.642097 0.595375 0.460763 0.567001 0.588264 0.678026 0.219131 0.213959 0.550358 0.563771 0.904848 0.933729 0.458142 0.469333 0.348655 0.450961 0.414654 0.477279 0.745428 0.885855 0.698730 0.794850 0.742208 0.912294 0.986790 0.955398 0.470266 0.490475 0.536610 0.482001 0.446069 0.431673 0.812437 0.552278 0.524452 0.465204 0.580483 0.677308 0.777645 0.798509 0.806729 0.848119 0.513276 0.577033 0.378117 0.475104 0.509878 0.552476 0.361395 0.395931 0.454079 0.498697 0.904770 0.656541 0.433592 0.524753 0.465678 0.509763 0.682074 0.668130 0.536272 0.630498 0.596495 0.614359 0.628239 0.606935 0.517725 0.726061 0.431417 0.349067 0.912013 0.925754 0.922756 0.746513 0.790250 0.872343 0.752784 0.967413 0.719509 0.724926 0.732445 0.763078 0.634305 0.569680 0.782963 0.735759 0.680023 0.842994 0.442538 0.581772 0.908894 0.868184 0.847565 0.834428 0.827775 0.742196 0.674119 0.659181 0.530556 0.871038
0.304206 0.258895 0.574268 0.579673 0.823830 0.972261 0.529212 0.484843 0.842646 0.673275 0.438885 0.407106 0.538721 0.620896 0.610924 0.642097 0.000000 0.232810 0.353555 0.389362 0.631797 0.677271 0.619175 0.673834 0.652016 0.698379 0.840214 0.930908 0.317931 0.329039 0.479661 0.474586 0.424788 0.420857 0.956510 0.677290 0.665301 0.693432 0.821333 0.836176 0.889761 0.652586 0.514581 0.472968 0.496283 0.497254 0.475316 0.431687 0.771493 0.649415 0.580017 0.719606 0.840918 0.860161 0.795354 0.997418 0.207739 0.301779 0.410999 0.554324 0.433987 0.583002 0.255218 0.251569 0.589572 0.594418 0.500584 0.421997 0.509470 0.490670 0.602116 0.559653 0.462863 0.479410 0.832801 0.767709 0.568137 0.450938 0.462876 0.588077 0.288937 0.464970 0.433488 0.578554 0.585484 0.580208 0.995222 0.983786 0.967249 0.836636 0.911718 0.959381 0.948104 0.998721 0.700041 0.722779 0.717652 0.629737 0.602816 0.517548 0.909811 0.786354 0.551865 0.487488 0.615847 0.682706 0.957259 0.856721 0.822471 0.640560 0.770389 0.621307 0.677081 0.700814 0.654635 0.922055
0.274031 0.304712 0.429674 0.431887 0.895168 0.903653 0.417481 0.390386 0.810937 0.640824 0.289175 0.342311 0.482315 0.519747 0.569326 0.595375 0.232810 0.000000 0.212654 0.242517 0.628128 0.625770 0.625616 0.621111 0.638778 0.582300 0.901833 0.910008 0.253817 0.235414 0.449653 0.420411 0.358927 0.319910 0.929570 0.846689 0.618389 0.766020 0.771309 0.787688 0.966631 0.709576 0.459797 0.399198 0.477410 0.448594 0.428896 0.418936 0.792403 0.645920 0.616554 0.705048 0.836008 0.845488 0.815579 0.973025 0.266879 0.306348 0.453372 0.571209 0.363667 0.560547 0.249364 0.298340 0.529438 0.487747 0.464522 0.373568 0.531889 0.542861 0.611202 0.607771 0.474658 0.406993 0.795846 0.703100 0.598569 0.462829 0.463882 0.487716 0.341958 0.331505 0.456260 0.525106 0.580373 0.498065 0.983727 0.928520 0.965853 0.788887 0.845826 0.893332 0.910454 0.884689 0.664593 0.603637 0.700661 0.723022 0.529897 0.461041 0.769979 0.670446 0.594069 0.462426 0.577401 0.702727 0.834956 0.889862 0.902855 0.728651 0.844072 0.553394 0.595379 0.663622 0.651214 0.904717
0.317223 0.420214 0.309321 0.338595 0.835255 0.717086 0.295986 0.344812 0.664526 0.578021 0.289157 0.367671 0.348431 0.441555 0.477302 0.460763 0.353555 0.212654 0.000000 0.281320 0.623159 0.587662 0.491320 0.463724 0.618048 0.515281 0.947657 0.933019 0.313223 0.250439 0.370720 0.403383 0.335191 0.265791 0.872998 0.779212 0.624052 0.848278 0.706922 0.728725 0.928470 0.811734 0.347242 0.291759 0.391455 0.364073 0.332965 0.358283 0.747142 0.531066 0.502453 0.553428 0.651802 0.693141 0.765974 0.875195 0.442652 0.517912 0.434529 0.573340 0.314509 0.555760 0.307314 0.431104 0.387549 0.397052 0.348217 0.342109 0.638403 0.571199 0.488420 0.495729 0.479341 0.401676 0.830481 0.589083 0.524492 0.533575 0.527177 0.406174 0.414741 0.373352 0.560667 0.625262 0.529398 0.457456 0.894699 0.915631 0.946498 0.814633 0.707786 0.760913 0.777061 0.749741 0.601836 0.624874 0.670147 0.729304 0.440907 0.406027 0.689142 0.579906 0.535776 0.461038 0.493884 0.659770 0.957392 0.841612 0.813718 0.812091 0.815620 0.528523 0.506368 0.634461 0.560514 0.869108
0.320251 0.393422 0.412367 0.424590 0.945395 0.818870 0.432721 0.382533 0.731609 0.544940 0.280112 0.357671 0.437399 0.522116 0.571900 0.567001 0.389362 0.242517 0.281320 0.000000 0.701499 0.657885 0.605698 0.582668 0.736792 0.597555 0.889212 0.884814 0.351922 0.286714 0.472767 0.437579 0.378573 0.331239 0.881621 0.884492 0.714368 0.792350 0.774127 0.816568 0.884714 0.881742 0.471390 0.398114 0.487000 0.446625 0.426796 0.407556 0.769735 0.563435 0.578092 0.623346 0.702794 0.788246 0.837287 0.915802 0.406407 0.415422 0.462003 0.551825 0.381154 0.511533 0.344993 0.391938 0.532742 0.479333 0.497131 0.424638 0.635497 0.548426 0.679369 0.643606 0.528293 0.451863 0.767801 0.664811 0.627665 0.585485 0.558473 0.486142 0.491457 0.397802 0.554308 0.656784 0.698441 0.566925 0.882484 0.924199 0.910137 0.741936 0.829459 0.865703 0.910481 0.889339 0.678706 0.637680 0.653500 0.759312 0.489692 0.476952 0.655699 0.624340 0.644334 0.518609 0.594148 0.696160 0.953412 0.856237 0.864626 0.812275 0.768167 0.591842 0.588554 0.752871 0.650771 0.823679
0.619011 0.648386 0.659296 0.567865 0.846939 0.814459 0.665452 0.646785 0.845856 0.870601 0.691386 0.547161 0.610287 0.586736 0.603482 0.588264 0.631797 0.628128 0.623159 0.701499 0.000000 0.742705 0.586927 0.556461 0.774786 0.751726 0.943686 0.914599 0.611955 0.624082 0.590064 0.699084 0.615374 0.559833 0.771772 0.924235 0.615294 0.928318 0.830625 0.875785 0.892744 0.930452 0.680313 0.697915 0.705281 0.662231 0.573655 0.641327 0.975215 0.792146 0.811877 0.813457 0.838740 0.895289 0.914664 0.937013 0.735628 0.766274 0.693508 0.682734 0.593335 0.665956 0.614595 0.653065 0.641301 0.591478 0.660857 0.610421 0.836801 0.802817 0.627887 0.681634 0.632658 0.651808 0.821330 0.682281 0.703279 0.564840 0.771491 0.688418 0.671005 0.652914 0.582559 0.656705 0.637971 0.622227 0.860615 0.984105 0.948754 0.751906 0.879941 0.953201 0.843885 0.961386 0.849319 0.782011 0.800699 0.893905 0.786583 0.656901 0.918705 0.891728 0.638237 0.673717 0.699974 0.764129 0.931507 0.892667 0.959457 0.954471 0.936847 0.832578 0.867561 0.791796 0.876281 0.920802
0.720660 0.776232 0.694699 0.689828 0.820814 0.918929 0.652775 0.678232 0.821318 0.852993 0.739630 0.686020 0.729134 0.692228 0.696641 0.678026 0.677271 0.625770 0.587662 0.657885 0.742705 0.000000 0.714788 0.707467 0.874036 0.799372 0.905052 0.787797 0.562826 0.629935 0.692480 0.592474 0.543073 0.616369 0.982383 0.944817 0.959822 0.884529 0.935944 0.843124 0.990346 0.933088 0.700872 0.655949 0.749884 0.708256 0.704130 0.756739 0.923381 0.903145 0.823894 0.837922 0.896718 0.846714 0.854802 0.862875 0.733964 0.791403 0.848732 0.816800 0.675183 0.839318 0.697829 0.729987 0.712107 0.694640 0.632139 0.669398 0.892698 0.828983 0.656504 0.741291 0.785505 0.689716 0.948595 0.978308 0.757225 0.755407 0.954684 0.664737 0.764206 0.733346 0.727345 0.838567 0.777769 0.711228 0.935403 0.996569 0.928129 0.865109 0.785983 0.876210 0.873080 0.879108 0.854167 0.915846 0.920323 0.923452 0.763254 0.699383 0.877693 0.871844 0.879446 0.711176 0.833710 0.706084 0.924124 0.958289 0.994009 0.801303 0.805033 0.880577 0.799639 0.697891 0.833044 0.874378
0.512031 0.625711 0.352525 0.340369 0.789824 0.637978 0.400136 0.410019 0.547604 0.544637 0.719531 0.400611 0.311722 0.396834 0.205468 0.219131 0.619175 0.625616 0.491320 0.605698 0.586927 0.714788 0.000000 0.231308 0.499633 0.477843 0.991562 0.957573 0.534458 0.497197 0.275229 0.397414 0.326456 0.414386 0.617736 0.815755 0.625916 0.875156 0.700554 0.892903 0.936779 0.965729 0.363426 0.405870 0.381777 0.374196 0.340610 0.381979 0.679227 0.469804 0.443862 0.367316 0.506330 0.629924 0.619626 0.701798 0.827730 0.883763 0.430712 0.522972 0.320044 0.423012 0.528811 0.579535 0.261328 0.325718 0.313050 0.373937 0.874223 0.605006 0.350223 0.451517 0.449983 0.460303 0.721878 0.706436 0.434066 0.635424 0.503192 0.620444 0.542672 0.550413 0.487008 0.663674 0.357007 0.321780 0.856377 0.901540 0.835123 0.695210 0.699740 0.816296 0.676733 0.913965 0.630717 0.681635 0.552243 0.657936 0.524935 0.472107 0.797029 0.733288 0.627217 0.774280 0.364352 0.434875 0.830006 0.861052 0.744663 0.823803 0.750918 0.620582 0.585105 0.696941 0.450748 0.824972
0.492512 0.637350 0.344378 0.333090 0.850071 0.667701 0.457462 0.437926 0.561632 0.627063 0.616304 0.384587 0.312468 0.338310 0.260510 0.213959 0.673834 0.621111 0.463724 0.582668 0.556461 0.707467 0.231308 0.000000 0.537711 0.481387 0.959597 0.936528 0.492851 0.485593 0.322724 0.410883 0.431317 0.435920 0.684968 0.909626 0.685373 0.838850 0.700960 0.829913 0.928057 0.987787 0.440636 0.481178 0.482017 0.433683 0.389507 0.442687 0.695114 0.512444 0.486137 0.437633 0.513200 0.623941 0.661968 0.718476 0.865343 0.921342 0.455972 0.551236 0.346044 0.475296 0.545812 0.640370 0.329554 0.335750 0.411230 0.451665 0.889470 0.670845 0.424508 0.554914 0.479961 0.523691 0.748403 0.700492 0.545028 0.630067 0.608305 0.549833 0.559436 0.547703 0.574000 0.691565 0.421274 0.353296 0.829162 0.800698 0.839269 0.708228 0.725429 0.819695 0.704073 0.883681 0.678453 0.763080 0.605087 0.755022 0.617554 0.537925 0.720226 0.761267 0.683293 0.793861 0.475129 0.611848 0.920055 0.812362 0.806957 0.868961 0.837017 0.696168 0.602346 0.702185 0.518398 0.883225
0.566320 0.671834 0.622953 0.717203 0.931270 0.881335 0.765610 0.819222 0.976272 0.950824 0.792972 0.623030 0.655461 0.626532 0.480146 0.550358 0.652016 0.638778 0.618048 0.736792 0.774786 0.874036 0.499633 0.537711 0.000000 0.494237 0.871116 0.849719 0.580390 0.559613 0.444515 0.453048 0.610371 0.692177 0.566401 0.963900 0.600283 0.908768 0.589887 0.851766 0.896881 0.883099 0.692648 0.708444 0.726823 0.678931 0.585263 0.626472 0.854249 0.906557 0.870098 0.838023 0.893075 0.806421 0.646204 0.825804 0.793427 0.834579 0.691084 0.715764 0.613896 0.755257 0.668182 0.698177 0.572231 0.692692 0.691961 0.729512 0.583699 0.657562 0.793770 0.884851 0.487036 0.670734 0.658396 0.951213 0.763346 0.827286 0.670323 0.599076 0.587712 0.686743 0.632329 0.716667 0.490912 0.515963 0.920256 0.987011 0.944161 0.790263 0.830000 0.721487 0.849615 0.764673 0.715134 0.809975 0.682175 0.835841 0.887907 0.863050 0.785556 0.986686 0.933352 0.960699 0.712494 0.844797 0.860497 0.915297 0.871872 0.853580 0.957539 0.864182 0.900238 0.974099 0.701629 0.999524
0.554601 0.672780 0.400733 0.420481 0.966208 0.746998 0.504951 0.542086 0.631504 0.600167 0.655141 0.568829 0.543990 0.596906 0.528250 0.563771 0.698379 0.582300 0.515281 0.597555 0.751726 0.799372 0.477843 0.481387 0.494237 0.000000 0.947269 0.879960 0.592132 0.524068 0.370792 0.406950 0.415356 0.459316 0.663295 0.789560 0.626554 0.930835 0.545516 0.637428 0.831517 0.871372 0.447052 0.430685 0.476748 0.447270 0.431324 0.469440 0.616772 0.554274 0.519628 0.516112 0.578812 0.771450 0.658968 0.684799 0.830082 0.801594 0.504397 0.588239 0.497475 0.587237 0.633636 0.682428 0.439545 0.439997 0.485180 0.472978 0.775664 0.660093 0.599422 0.544424 0.537704 0.494042 0.710895 0.853768 0.530007 0.757451 0.636132 0.487002 0.635505 0.533802 0.693840 0.605370 0.571640 0.449571 0.930568 0.852309 0.738623 0.630744 0.737482 0.867442 0.837474 0.783338 0.641847 0.733917 0.532001 0.685285 0.533200 0.478789 0.798337 0.681659 0.720745 0.613170 0.512463 0.776905 0.951352 0.821582 0.946048 0.866307 0.895994 0.661309 0.538512 0.872671 0.576830 0.841145
0.924258 0.749183 0.947446 0.944604 0.729260 0.848130 0.944107 0.856542 0.989010 0.974564 0.956023 0.999859 0.963840 0.919900 0.927788 0.904848 0.840214 0.901833 0.947657 0.889212 0.943686 0.905052 0.991562 0.959597 0.871116 0.947269 0.000000 0.970319 0.885847 0.890290 0.906791 0.996897 0.902675 0.823528 0.969188 0.780041 0.883735 0.863439 0.977362 0.935907 0.845322 0.876992 0.913735 0.880383 0.863967 0.868526 0.888351 0.938471 0.777912 0.860264 0.806025 0.886046 0.977525 0.820759 0.918922 0.997027 0.725919 0.709095 0.835356 0.827173 0.893044 0.871176 0.846524 0.741087 0.997988 0.964625 0.881441 0.875520 0.959311 0.740512 0.884168 0.883234 0.937795 0.850381 0.946890 0.986905 0.982560 0.896135 0.988726 0.912808 0.805468 0.876544 0.943237 0.802705 0.995377 0.986983 0.948506 0.986518 0.784557 0.898537 0.929614 0.984495 0.938762 0.973818 0.913129 0.893098 0.910423 0.781019 0.901928 0.889133 0.871817 0.904071 0.854172 0.790838 0.908184 0.903536 0.961842 0.994782 0.955427 0.936404 0.943127 0.798606 0.844477 0.979747 0.805109 0.844795
0.866861 0.945823 0.961922 0.979419 0.921101 0.857771 0.955904 0.968570 0.881269 0.823122 0.904264 0.949180 0.992046 0.931128 0.950234 0.933729 0.930908 0.910008 0.933019 0.884814 0.914599 0.787797 0.957573 0.936528 0.849719 0.879960 0.970319 0.000000 0.896349 0.922469 0.996686 0.988646 0.943426 0.973668 0.939379 0.869101 0.980751 0.924252 0.956026 0.948711 0.825827 0.994713 0.909448 0.968003 0.864480 0.931761 0.931863 0.917939 0.783238 0.819541 0.851910 0.843463 0.892898 0.877634 0.917172 0.916776 0.907730 0.873837 0.931265 0.994187 0.992084 0.969185 0.910823 0.890354 0.938519 0.920908 0.929812 0.970967 0.835940 0.985065 0.975555 0.970228 0.998267 0.952323 0.856975 0.888880 0.949167 0.953711 0.872545 0.914804 0.921324 0.897923 0.972161 0.928048 0.997549 0.910711 0.888513 0.982412 0.967752 0.936555 0.952240 0.878833 0.874506 0.981581 0.956610 0.987339 0.901495 0.971779 0.935907 0.951203 0.872032 0.943913 0.923368 0.898139 0.978863 0.856971 0.805387 0.727737 0.837512 0.884498 0.930402 0.885588 0.850732 0.970834 0.937995 0.948895
0.317491 0.324489 0.525388 0.469382 0.817651 0.871745 0.553582 0.492193 0.892460 0.791666 0.448282 0.320279 0.438064 0.407173 0.449819 0.458142 0.317931 0.253817 0.313223 0.351922 0.611955 0.562826 0.534458 0.492851 0.580390 0.592132 0.885847 0.896349 0.000000 0.242960 0.408259 0.470697 0.419104 0.382587 0.836644 0.867581 0.634656 0.727078 0.749657 0.806262 0.953933 0.835941 0.562982 0.506411 0.557920 0.517290 0.472445 0.442216 0.816791 0.632802 0.640407 0.651535 0.796855 0.846688 0.705529 0.854971 0.392774 0.429723 0.509218 0.496646 0.354915 0.506603 0.264791 0.311026 0.518446 0.479838 0.520085 0.451712 0.587033 0.522438 0.637902 0.610052 0.435987 0.452045 0.753056 0.767167 0.613446 0.519442 0.595693 0.513699 0.392474 0.408739 0.433509 0.482528 0.485835 0.444050 0.897841 0.911518 0.931369 0.631333 0.965303 0.973334 0.979503 0.935396 0.691960 0.734328 0.769893 0.742051 0.647714 0.559093 0.860231 0.862503 0.691863 0.606625 0.599690 0.671508 0.897430 0.954083 0.874207 0.682696 0.821807 0.653027 0.706471 0.640986 0.634120 0.932160
0.311811 0.354094 0.421982 0.430330 0.855321 0.901314 0.473653 0.450921 0.818111 0.668406 0.356566 0.310437 0.426522 0.426685 0.432739 0.469333 0.329039 0.235414 0.250439 0.286714 0.624082 0.629935 0.497197 0.485593 0.559613 0.524068 0.890290 0.922469 0.242960 0.000000 0.316802 0.376727 0.357446 0.296471 0.846038 0.783000 0.650956 0.703106 0.666305 0.845119 0.922437 0.894384 0.499026 0.404283 0.494233 0.442674 0.413812 0.404074 0.795243 0.579332 0.591794 0.616032 0.712891 0.799196 0.689893 0.897476 0.415230 0.445867 0.534487 0.571326 0.359917 0.537813 0.290280 0.342042 0.496407 0.484374 0.463719 0.412924 0.568999 0.505290 0.575267 0.591025 0.402398 0.334230 0.700585 0.673132 0.655907 0.522575 0.558468 0.495662 0.413377 0.376118 0.437216 0.492545 0.604281 0.497968 0.838990 0.847306 0.962458 0.734060 0.943701 0.971965 0.980001 0.951471 0.652837 0.744224 0.690835 0.716357 0.593593 0.519212 0.784308 0.719606 0.567993 0.586218 0.625575 0.670919 0.952474 0.948612 0.901455 0.788870 0.784060 0.680160 0.652524 0.745760 0.607512 0.894495
0.391188 0.488904 0.341032 0.352494 0.895593 0.659003 0.393496 0.443631 0.636095 0.567236 0.528704 0.372399 0.402296 0.436172 0.303199 0.348655 0.479661 0.449653 0.370720 0.472767 0.590064 0.692480 0.275229 0.322724 0.444515 0.370792 0.906791 0.996686 0.408259 0.316802 0.000000 0.271591 0.280110 0.305270 0.584808 0.687996 0.533318 0.746958 0.616590 0.867856 0.972793 0.858095 0.324451 0.300604 0.316238 0.315099 0.285000 0.294282 0.598650 0.507615 0.446370 0.425218 0.550791 0.753067 0.602441 0.727328 0.640404 0.699526 0.443002 0.491532 0.341324 0.492282 0.423454 0.476205 0.349736 0.376797 0.299904 0.332096 0.738086 0.508950 0.411868 0.438670 0.376647 0.298004 0.670820 0.762217 0.457226 0.531638 0.453904 0.474961 0.447595 0.479948 0.445204 0.563542 0.480477 0.416653 0.871048 0.900678 0.913445 0.656529 0.823625 0.949387 0.864482 0.959748 0.609966 0.710090 0.506731 0.691246 0.509251 0.483007 0.756452 0.690549 0.561607 0.605249 0.469213 0.553528 0.881948 0.834100 0.839175 0.770414 0.725468 0.605079 0.520210 0.700643 0.442939 0.914730
0.482718 0.602236 0.374085 0.404540 0.964915 0.777251 0.430506 0.478761 0.630799 0.536265 0.558618 0.434400 0.503941 0.548943 0.397055 0.450961 0.474586 0.420411 0.403383 0.437579 0.699084 0.592474 0.397414 0.410883 0.453048 0.406950 0.996897 0.988646 0.470697 0.376727 0.271591 0.000000 0.331354 0.373177 0.680265 0.846367 0.621490 0.787760 0.605955 0.843475 0.911293 0.886334 0.414146 0.372886 0.449625 0.478008 0.450874 0.394489 0.783888 0.692709 0.620481 0.623851 0.712590 0.864250 0.797882 0.894671 0.624942 0.732396 0.576133 0.688591 0.474239 0.673366 0.527326 0.578424 0.478432 0.501091 0.440620 0.449872 0.707126 0.670276 0.540067 0.562021 0.434068 0.394614 0.688351 0.843029 0.578637 0.548161 0.534042 0.490484 0.565970 0.557758 0.609573 0.733782 0.638891 0.531713 0.956100 0.933533 0.987713 0.814890 0.817262 0.950549 0.915826 0.918658 0.700835 0.738942 0.576525 0.790781 0.545572 0.522074 0.805419 0.670855 0.685363 0.566168 0.554721 0.629414 0.997840 0.875331 0.936952 0.824697 0.671856 0.644922 0.587526 0.774618 0.512054 0.798658
0.372368 0.454146 0.317513 0.281635 0.837776 0.678664 0.301346 0.304681 0.598715 0.462965 0.514700 0.385713 0.415129 0.496901 0.396757 0.414654 0.424788 0.358927 0.335191 0.378573 0.615374 0.543073 0.326456 0.431317 0.610371 0.415356 0.902675 0.943426 0.419104 0.357446 0.280110 0.331354 0.000000 0.272228 0.741738 0.685870 0.615137 0.824747 0.742185 0.869756 0.873061 0.820739 0.283919 0.255450 0.286795 0.273550 0.286580 0.340141 0.601322 0.483362 0.441191 0.425917 0.549621 0.653931 0.639472 0.696746 0.554419 0.565583 0.385459 0.471907 0.312031 0.398397 0.416623 0.448705 0.322345 0.305445 0.266639 0.257065 0.707787 0.478627 0.361175 0.400654 0.438874 0.361178 0.776053 0.729686 0.376542 0.533249 0.400721 0.493765 0.407835 0.371506 0.494182 0.522340 0.447687 0.351575 0.978756 0.931432 0.860648 0.661539 0.602353 0.725940 0.676733 0.784267 0.559894 0.570741 0.427876 0.553702 0.372382 0.308707 0.665107 0.582028 0.606297 0.461799 0.391551 0.466648 0.996984 0.763339 0.823262 0.741960 0.692127 0.521142 0.426120 0.659763 0.471282 0.887051
0.380279 0.456433 0.326514 0.286861 0.820659 0.672115 0.268260 0.285307 0.568424 0.432608 0.436634 0.403777 0.441681 0.515463 0.455411 0.477279 0.420857 0.319910 0.265791 0.331239 0.559833 0.616369 0.414386 0.435920 0.692177 0.459316 0.823528 0.973668 0.382587 0.296471 0.305270 0.373177 0.272228 0.000000 0.702524 0.740470 0.587168 0.760411 0.773271 0.836424 0.935190 0.863245 0.289940 0.235387 0.283565 0.275139 0.287198 0.351508 0.637635 0.443951 0.438489 0.420395 0.563753 0.632403 0.708924 0.745115 0.510600 0.568569 0.395668 0.521178 0.320496 0.472128 0.385110 0.439510 0.369575 0.331394 0.264287 0.262945 0.790410 0.542656 0.449773 0.448736 0.478391 0.407671 0.735749 0.658497 0.427827 0.500525 0.483962 0.441219 0.456807 0.389040 0.550651 0.547319 0.529405 0.469200 0.916750 0.922229 0.944078 0.757856 0.636892 0.712034 0.721125 0.711176 0.561408 0.627689 0.600588 0.620134 0.335653 0.322394 0.630670 0.581296 0.518276 0.384457 0.442990 0.576030 0.868841 0.725140 0.853153 0.833460 0.680179 0.416968 0.440187 0.661737 0.424113 0.792028
0.722719 0.868073 0.755368 0.769110 0.968382 0.603136 0.792086 0.844621 0.875991 0.903058 0.966931 0.833230 0.744742 0.876906 0.672481 0.745428 0.956510 0.929570 0.872998 0.881621 0.771772 0.982383 0.617736 0.684968 0.566401 0.663295 0.969188 0.939379 0.836644 0.846038 0.584808 0.680265 0.741738 0.702524 0.000000 0.920266 0.666659 0.913711 0.809812 0.985757 0.960438 0.862069 0.715959 0.772829 0.695494 0.681248 0.701158 0.770580 0.811815 0.752706 0.821663 0.726307 0.776255 0.986900 0.659589 0.670739 0.955220 0.949730 0.772862 0.675359 0.724667 0.812407 0.792565 0.856200 0.711317 0.731239 0.704095 0.729770 0.905245 0.749183 0.815758 0.778341 0.791779 0.781679 0.757152 0.959582 0.831119 0.835749 0.746285 0.793526 0.733974 0.751505 0.850152 0.853671 0.639215 0.653044 0.986659 0.926982 0.842283 0.800871 0.999518 0.886579 0.965709 0.960016 0.750535 0.882555 0.728104 0.911735 0.829073 0.899578 0.961476 0.948192 0.976410 0.988632 0.753766 0.816932 0.964198 0.987394 0.775905 0.951991 0.754867 0.802334 0.875946 0.965097 0.824170 0.802705
0.775016 0.669191 0.838891 0.803693 0.901171 0.896385 0.743569 0.762593 0.797258 0.697528 0.875632 0.850623 0.846514 0.972570 0.965483 0.885855 0.677290 0.846689 0.779212 0.884492 0.924235 0.944817 0.815755 0.909626 0.963900 0.789560 0.780041 0.869101 0.867581 0.783000 0.687996 0.846367 0.685870 0.740470 0.920266 0.000000 0.998545 0.630363 0.912108 0.936382 0.899783 0.828757 0.641460 0.612992 0.569630 0.620248 0.715949 0.681243 0.564712 0.574055 0.523129 0.577872 0.643208 0.608716 0.795311 0.793924 0.763575 0.721649 0.668835 0.700569 0.775363 0.769362 0.723695 0.678144 0.799624 0.789048 0.621017 0.626244 0.859536 0.601818 0.668309 0.445292 0.831164 0.678482 0.975677 0.942650 0.723388 0.704849 0.732474 0.859315 0.696170 0.806832 0.794747 0.722789 0.891309 0.841824 0.869092 0.864196 0.873043 0.924936 0.754409 0.784749 0.788192 0.833493 0.798030 0.919564 0.689955 0.666842 0.719244 0.685714 0.738697 0.658803 0.665130 0.777666 0.787157 0.777970 0.758992 0.823217 0.804144 0.895311 0.689397 0.778616 0.700385 0.806455 0.703576 0.898729
0.601326 0.626961 0.628216 0.628188 0.930516 0.871794 0.690159 0.720598 0.940509 0.837934 0.731025 0.612395 0.670905 0.628021 0.634150 0.698730 0.665301 0.618389 0.624052 0.714368 0.615294 0.959822 0.625916 0.685373 0.600283 0.626554 0.883735 0.980751 0.634656 0.650956 0.533318 0.621490 0.615137 0.587168 0.666659 0.998545 0.000000 0.863632 0.658711 0.818663 0.956182 0.787386 0.659045 0.625391 0.647290 0.671952 0.605266 0.609600 0.837722 0.816746 0.744697 0.757825 0.873059 0.939963 0.920836 0.967970 0.676022 0.695669 0.653962 0.688402 0.624262 0.681655 0.651007 0.661952 0.587398 0.629624 0.681587 0.604851 0.803712 0.713343 0.847761 0.789583 0.655178 0.611206 0.785076 0.909033 0.659305 0.665659 0.627325 0.838688 0.731528 0.779550 0.725787 0.762213 0.652203 0.670419 0.893814 0.843686 0.905057 0.831128 0.957872 0.911271 0.948883 0.942931 0.694084 0.681765 0.794964 0.853055 0.734761 0.731619 0.996945 0.996309 0.656584 0.701524 0.537553 0.738734 0.927994 0.889724 0.848028 0.761039 0.946257 0.665046 0.824267 0.996182 0.708702 0.798012
0.732417 0.667155 0.889346 0.905366 0.991838 0.811747 0.933418 0.892806 0.977512 0.865750 0.798136 0.706180 0.804318 0.771014 0.826579 0.794850 0.693432 0.766020 0.848278 0.792350 0.928318 0.884529 0.875156 0.838850 0.908768 0.930835 0.863439 0.924252 0.727078 0.703106 0.746958 0.787760 0.824747 0.760411 0.913711 0.630363 0.863632 0.000000 0.887270 0.957377 0.779403 0.984176 0.833255 0.796070 0.813485 0.812715 0.900788 0.850756 0.859090 0.779487 0.734573 0.790268 0.922039 0.906896 0.988157 0.957052 0.624128 0.629422 0.824316 0.780426 0.830664 0.828012 0.680578 0.599769 0.887542 0.903899 0.837033 0.765101 0.910749 0.826411 0.860569 0.772758 0.738936 0.739741 0.856730 0.885553 0.881171 0.595477 0.889605 0.938092 0.860542 0.981897 0.773941 0.993461 0.992267 0.974919 0.815099 0.958113 0.966755 0.892677 0.940455 0.975735 0.987714 0.908247 0.991245 0.897959 0.990430 0.793969 0.819355 0.873744 0.885536 0.860023 0.715669 0.895893 0.881175 0.821357 0.886448 0.867183 0.970675 0.769956 0.796424 0.892587 0.979987 0.852399 0.778387 0.816749
