0.000000 0.237794 0.680602 0.407033 0.772617 0.703659 0.729622 0.600926 0.867559 0.787840 0.337265 0.322250 0.305980 0.356146 0.494109 0.413700 0.292726 0.335333 0.409315 0.364275 0.736180 0.884484 0.712285 0.650414 0.747082 0.839720 0.816997 0.917595 0.417837 0.477159 0.939436 0.921408 0.467028 0.527653 0.917854 0.618992 0.577919 0.622200 0.619418 0.615478 0.756650 0.725205 0.728507 0.678215 0.753708 0.634001 0.373001 0.410723 0.407288 0.400151 0.643434 0.566538 0.905634 0.805853 0.494277 0.456415 0.273019 0.211791 0.291020 0.303061 0.332157 0.399423 0.282320 0.297863 0.550368 0.286694 0.897684 0.848778 0.398419 0.378921 0.797530 0.835658 0.807301 0.688425 0.743479 0.823625 0.624334 0.721627 0.384595 0.488628 0.264444 0.296947 0.508315 0.365982 0.482019 0.471961 0.941665 0.964742 0.546057 0.415532 0.965333 0.983913 0.893577 0.987680 0.787434 0.817738 0.801656 0.904327 0.663444 0.712991 0.999221 0.987883 0.820486 0.846769 0.572121 0.641762 0.884299 0.996604 0.902104 0.882257 0.981730 0.582923 0.783629 0.979969 0.759575 0.928952
0.237794 0.000000 0.661020 0.359212 0.846996 0.661930 0.606114 0.526719 0.773141 0.729848 0.320012 0.322604 0.381092 0.334157 0.562231 0.370056 0.258216 0.282552 0.389745 0.295353 0.663899 0.956976 0.697909 0.576635 0.794803 0.830321 0.881141 0.885305 0.325913 0.361589 0.753567 0.680303 0.396661 0.414551 0.991926 0.654024 0.560600 0.622040 0.648314 0.633867 0.814954 0.657374 0.535200 0.495160 0.593417 0.502681 0.387656 0.360292 0.364780 0.355522 0.475613 0.431566 0.724199 0.968052 0.578602 0.453662 0.222571 0.198249 0.333408 0.345703 0.317836 0.398160 0.260577 0.264986 0.623502 0.345907 0.776959 0.687694 0.489621 0.406851 0.665183 0.687853 0.664973 0.552534 0.780712 0.842861 0.560481 0.621807 0.375369 0.438477 0.292704 0.387033 0.459447 0.433368 0.582683 0.499653 0.942051 0.948163 0.647501 0.455199 0.903613 0.946733 0.843425 0.966306 0.762800 0.818161 0.813404 0.899746 0.588434 0.613521 0.929851 0.988997 0.724337 0.797969 0.546314 0.584226 0.889530 0.949333 0.840265 0.933660 0.931864 0.550189 0.714126 0.874100 0.733077 0.909648
0.680602 0.661020 0.000000 0.462308 0.560873 0.837511 0.513758 0.696923 0.637822 0.734819 0.774137 0.818360 0.591147 0.806816 0.605140 0.580516 0.741778 0.675625 0.501424 0.603124 0.560976 0.861196 0.466952 0.658654 0.560770 0.526062 0.993134 0.965497 0.624710 0.675195 0.629107 0.734703 0.510984 0.569570 0.727729 0.864035 0.554961 0.829903 0.620903 0.763690 0.872177 0.795735 0.600190 0.663891 0.633623 0.657560 0.637471 0.638995 0.683284 0.740456 0.776203 0.789922 0.780533 0.986106 0.690495 0.880555 0.697264 0.656001 0.692715 0.694291 0.472299 0.777780 0.712177 0.715241 0.473269 0.638034 0.567865 0.652237 0.791217 0.620946 0.725938 0.754775 0.724929 0.699266 0.973666 0.769035 0.654846 0.670849 0.733972 0.679809 0.767178 0.745023 0.833161 0.857701 0.723803 0.828739 0.982865 0.877903 0.884276 0.713623 0.738806 0.710164 0.755990 0.760295 0.868894 0.675654 0.867766 0.796095 0.669458 0.568368 0.862241 0.760034 0.831540 0.843618 0.716532 0.652322 0.845908 0.757162 0.912749 0.993897 0.781661 0.686517 0.516922 0.783628 0.801690 0.951471
0.407033 0.359212 0.462308 0.000000 0.729251 0.565619 0.416447 0.316656 0.604150 0.533572 0.473151 0.349445 0.429409 0.362808 0.618129 0.388185 0.447354 0.408797 0.396063 0.330263 0.602992 0.949698 0.567332 0.508130 0.814317 0.710670 0.946786 0.967394 0.399871 0.392399 0.607148 0.673493 0.395228 0.383918 0.775502 0.750580 0.619832 0.714767 0.673091 0.807308 0.831959 0.859231 0.489756 0.525916 0.498219 0.496294 0.456593 0.414151 0.513041 0.475891 0.512565 0.501136 0.621341 0.819617 0.592987 0.638181 0.466880 0.400457 0.491171 0.446571 0.286130 0.346861 0.333172 0.308651 0.667661 0.300819 0.534429 0.573171 0.686521 0.427576 0.623671 0.675811 0.690702 0.632188 0.796687 0.593889 0.512472 0.598191 0.515402 0.560918 0.541466 0.525943 0.716634 0.728827 0.772925 0.715451 0.871089 0.852600 0.781427 0.593322 0.604963 0.751486 0.610854 0.811939 0.666892 0.611857 0.661924 0.789400 0.451745 0.474522 0.636287 0.705809 0.653997 0.687162 0.509637 0.543334 0.982159 0.856788 0.756101 0.893839 0.785414 0.522078 0.574470 0.774970 0.595961 0.872703
0.772617 0.846996 0.560873 0.729251 0.000000 0.837847 0.854022 0.877463 0.932061 0.943814 0.945978 0.893426 0.571148 0.843372 0.546338 0.622766 0.921085 0.882095 0.797066 0.931757 0.791108 0.994634 0.523034 0.619708 0.632558 0.779194 0.636825 0.902643 0.887427 0.863460 0.975165 0.950401 0.752991 0.954322 0.909722 0.815962 0.857351 0.971500 0.954426 0.694447 0.790528 0.894011 0.884284 0.924409 0.930847 0.873846 0.758470 0.806957 0.630426 0.804644 0.948597 0.905314 0.906492 0.800324 0.689085 0.833224 0.939074 0.785776 0.818415 0.757231 0.671975 0.822408 0.853665 0.831064 0.469664 0.663092 0.976159 0.995857 0.783707 0.683409 0.893983 0.807767 0.785052 0.978171 0.885370 0.971055 0.853022 0.909395 0.938370 0.741913 0.809710 0.724446 0.815044 0.750156 0.528357 0.676718 0.625228 0.906508 0.630335 0.688729 0.965101 0.925440 0.958351 0.987654 0.904014 0.971295 0.977517 0.996730 0.976462 0.889035 0.776063 0.993341 0.934669 0.909520 0.979592 0.867375 0.795915 0.931814 0.979574 0.899623 0.835518 0.963942 0.739243 0.952589 0.925260 0.966734
0.703659 0.661930 0.837511 0.565619 0.837847 0.000000 0.614073 0.546320 0.724313 0.678264 0.753914 0.606636 0.785394 0.604779 0.877287 0.568375 0.702208 0.654536 0.692793 0.638410 0.830801 0.881158 0.773324 0.712787 0.977122 0.943138 0.865790 0.996204 0.695842 0.663998 0.699559 0.732118 0.563065 0.646197 0.899507 0.677691 0.860771 0.986391 0.983819 0.922876 0.739969 0.987220 0.669832 0.687178 0.713381 0.717826 0.823670 0.722681 0.757365 0.666882 0.641555 0.627740 0.625951 0.744943 0.824532 0.819187 0.713140 0.770628 0.853890 0.729533 0.681554 0.636782 0.704978 0.585017 0.975189 0.621288 0.822979 0.706202 0.927379 0.823154 0.753328 0.793981 0.759643 0.797804 0.950726 0.756612 0.775469 0.623854 0.793727 0.755568 0.846325 0.845304 0.920960 0.932894 0.999803 0.952431 0.837609 0.834430 0.933308 0.863902 0.641908 0.806760 0.734277 0.773008 0.798324 0.841576 0.945462 0.749209 0.589530 0.728142 0.726939 0.834859 0.868624 0.751337 0.731183 0.942987 0.932118 0.949606 0.890151 0.999817 0.743403 0.679297 0.864264 0.798372 0.800483 0.825282
0.729622 0.606114 0.513758 0.416447 0.854022 0.614073 0.000000 0.301426 0.423305 0.376513 0.658017 0.609805 0.800911 0.646621 0.840425 0.540050 0.594164 0.505816 0.411383 0.495069 0.688666 0.864379 0.570787 0.686538 0.955585 0.845990 0.657032 0.869555 0.432671 0.353856 0.314206 0.396463 0.346347 0.284361 0.694326 0.939577 0.821142 0.831291 0.804852 0.967333 0.886434 0.870024 0.281580 0.351411 0.248548 0.361957 0.727110 0.529035 0.659004 0.610077 0.462353 0.473290 0.396323 0.471269 0.873040 0.872402 0.605685 0.740646 0.746678 0.809071 0.403050 0.590330 0.512366 0.483221 0.944634 0.652479 0.271384 0.309241 0.999947 0.794366 0.475531 0.418388 0.423868 0.386229 0.989638 0.681710 0.453910 0.434386 0.656648 0.674352 0.833574 0.946544 0.831773 0.926434 0.896134 0.937353 0.833579 0.809121 0.875948 0.922556 0.375322 0.531736 0.519101 0.670633 0.751534 0.652467 0.566848 0.662747 0.283453 0.267671 0.481197 0.496902 0.509153 0.640944 0.436699 0.693260 0.700289 0.711117 0.666736 0.821029 0.599925 0.447586 0.370971 0.681083 0.589388 0.878281
0.600926 0.526719 0.696923 0.316656 0.877463 0.546320 0.301426 0.000000 0.479689 0.279944 0.511022 0.335001 0.682024 0.406411 0.912225 0.590213 0.572903 0.501389 0.520133 0.445088 0.863980 0.993607 0.783789 0.762943 0.824967 0.999936 0.644409 0.869871 0.411591 0.367507 0.579883 0.617441 0.489042 0.370957 0.759491 0.814420 0.849260 0.831063 0.862872 0.993478 0.870585 0.969997 0.434990 0.473250 0.339713 0.359667 0.621808 0.456000 0.541126 0.488693 0.414778 0.409303 0.435100 0.544387 0.733681 0.667136 0.651413 0.649981 0.610743 0.585850 0.339192 0.270401 0.381204 0.286814 0.990342 0.431102 0.437392 0.401135 0.927871 0.634483 0.620360 0.598660 0.597883 0.577805 0.847212 0.657032 0.476771 0.584521 0.600938 0.733655 0.727040 0.807390 0.892964 0.938602 0.920355 0.980604 0.820705 0.817059 0.956561 0.754377 0.444203 0.680138 0.524587 0.774516 0.776353 0.746834 0.573427 0.709166 0.345568 0.394128 0.444439 0.640971 0.581298 0.676746 0.451015 0.670245 0.860272 0.861450 0.699863 0.766043 0.684754 0.502900 0.529308 0.742767 0.608296 0.845161
0.867559 0.773141 0.637822 0.604150 0.932061 0.724313 0.423305 0.479689 0.000000 0.374249 0.659845 0.647337 0.879994 0.826491 0.901085 0.657700 0.700126 0.572974 0.656548 0.612867 0.676298 0.833020 0.815014 0.967121 0.867832 0.751523 0.741512 0.851850 0.464507 0.544534 0.490582 0.648050 0.589825 0.464568 0.773751 0.900228 0.671987 0.868617 0.760030 0.855679 0.789511 0.879251 0.507065 0.582477 0.523365 0.661926 0.986973 0.807280 0.797451 0.851869 0.745947 0.791003 0.609303 0.688626 0.977196 0.918087 0.698143 0.857216 0.975654 0.935678 0.624964 0.655031 0.655740 0.608760 0.916993 0.780330 0.511708 0.593097 0.903330 0.757365 0.438198 0.478384 0.539453 0.544230 0.942900 0.709849 0.604617 0.612068 0.709508 0.690878 0.959488 0.929742 0.946786 0.917849 0.841482 0.795807 0.817553 0.759247 0.778442 0.938595 0.451721 0.483851 0.583388 0.508513 0.647155 0.787043 0.844279 0.716462 0.505254 0.469169 0.559423 0.644504 0.667838 0.784613 0.667207 0.840282 0.818091 0.807240 0.846533 0.986681 0.739954 0.623983 0.689178 0.785010 0.765867 0.836930
0.787840 0.729848 0.734819 0.533572 0.943814 0.678264 0.376513 0.279944 0.374249 0.000000 0.622501 0.516945 0.903893 0.704795 0.992101 0.708594 0.642680 0.533902 0.596079 0.537735 0.881429 0.974774 0.908604 0.977461 0.787378 0.955255 0.641499 0.811702 0.442842 0.447793 0.500807 0.629015 0.597910 0.413577 0.725623 0.994005 0.811389 0.804838 0.963433 0.942690 0.912862 0.913872 0.506933 0.559475 0.428586 0.530628 0.893488 0.703772 0.744915 0.780265 0.647821 0.672517 0.579336 0.604986 0.968563 0.908924 0.748284 0.868158 0.864011 0.936321 0.560245 0.481184 0.541652 0.447175 0.900403 0.701317 0.465344 0.511398 0.939559 0.766206 0.452534 0.455251 0.593846 0.500878 0.966351 0.717711 0.601975 0.581122 0.669824 0.756249 0.850834 0.977808 0.948154 0.838838 0.727014 0.726276 0.726748 0.664300 0.872000 0.961116 0.346920 0.482762 0.448946 0.546565 0.807920 0.791605 0.660045 0.697295 0.353417 0.420484 0.459772 0.541391 0.581115 0.741581 0.576769 0.795718 0.890879 0.879263 0.769204 0.862928 0.570208 0.543043 0.570807 0.845306 0.744538 0.788393
0.337265 0.320012 0.774137 0.473151 0.945978 0.753914 0.658017 0.511022 0.659845 0.622501 0.000000 0.285352 0.473004 0.354199 0.630805 0.492526 0.316813 0.307279 0.440415 0.393046 0.736490 0.868038 0.904489 0.793179 0.985290 0.935967 0.967037 0.998324 0.320873 0.345642 0.823662 0.831993 0.504134 0.474422 0.987481 0.609651 0.559463 0.553837 0.584975 0.593361 0.799697 0.747741 0.610931 0.585400 0.691714 0.611427 0.533438 0.564569 0.490719 0.554507 0.601522 0.597343 0.829673 0.963713 0.664035 0.608989 0.334473 0.330750 0.446178 0.516891 0.394541 0.373259 0.308551 0.272579 0.779750 0.397342 0.865546 0.748703 0.601679 0.500813 0.693114 0.699499 0.621356 0.600701 0.774970 0.709382 0.533169 0.732914 0.355299 0.536451 0.364030 0.414809 0.636418 0.515849 0.743550 0.673071 0.970103 0.944774 0.738546 0.547836 0.899608 0.982296 0.923735 0.958616 0.725383 0.827655 0.857490 0.918911 0.652215 0.767186 0.894244 0.957728 0.718964 0.853841 0.633730 0.745240 0.783490 0.899599 0.823835 0.860920 0.965552 0.625371 0.679547 0.980984 0.724090 0.775472
0.322250 0.322604 0.818360 0.349445 0.893426 0.606636 0.609805 0.335001 0.647337 0.516945 0.285352 0.000000 0.417495 0.244661 0.671401 0.434159 0.373709 0.349865 0.487073 0.370933 0.787830 0.886848 0.851601 0.717398 0.935080 0.988437 0.943335 0.994860 0.345628 0.377080 0.872704 0.859991 0.506682 0.466272 0.985571 0.687787 0.736197 0.699268 0.731401 0.767412 0.846787 0.862713 0.652981 0.618222 0.630527 0.534931 0.464427 0.455607 0.441198 0.410378 0.515976 0.468806 0.686491 0.895704 0.600081 0.540640 0.431023 0.353678 0.434195 0.414799 0.324243 0.186963 0.256774 0.199686 0.811870 0.249251 0.806845 0.686947 0.627789 0.450014 0.744938 0.750240 0.729268 0.677161 0.741991 0.742562 0.583426 0.718066 0.432209 0.591179 0.403658 0.438790 0.666814 0.533730 0.751613 0.685746 0.985041 0.995717 0.665379 0.574101 0.757879 0.924289 0.765097 0.949793 0.747433 0.804616 0.763389 0.809468 0.577916 0.666850 0.734780 0.912754 0.755316 0.792929 0.511425 0.665233 0.857378 0.955758 0.812145 0.858235 0.922328 0.570317 0.752005 0.950273 0.712151 0.824148
0.305980 0.381092 0.591147 0.429409 0.571148 0.785394 0.800911 0.682024 0.879994 0.903893 0.473004 0.417495 0.000000 0.383881 0.295221 0.330869 0.498610 0.543337 0.491471 0.512766 0.709725 0.952983 0.462145 0.471898 0.705693 0.850468 0.660590 0.753232 0.553878 0.621397 0.925948 0.912111 0.560581 0.648055 0.981043 0.711888 0.629134 0.821533 0.702376 0.609463 0.862719 0.796124 0.814469 0.832638 0.847357 0.722342 0.394434 0.464646 0.393541 0.489883 0.726892 0.660156 0.924716 0.760302 0.546714 0.542007 0.519795 0.304449 0.372128 0.320925 0.345529 0.427493 0.457785 0.462959 0.343416 0.249418 0.976592 0.939591 0.523615 0.347273 0.996125 0.948947 0.943510 0.889182 0.701573 0.799586 0.749598 0.866217 0.596149 0.527771 0.438854 0.300616 0.527133 0.395313 0.342946 0.392974 0.838399 0.843662 0.476628 0.457501 0.970380 0.893525 0.999506 0.937040 0.765287 0.792479 0.934372 0.962627 0.800536 0.808231 0.886715 0.951084 0.971517 0.973374 0.775031 0.678509 0.885425 0.950011 0.884734 0.985170 0.970691 0.757635 0.806670 0.974739 0.759235 0.877479
0.356146 0.334157 0.806816 0.362808 0.843372 0.604779 0.646621 0.406411 0.826491 0.704795 0.354199 0.244661 0.383881 0.000000 0.589080 0.415903 0.420349 0.414884 0.455712 0.411847 0.859473 0.978808 0.709144 0.506557 0.925033 0.929163 0.954730 0.943406 0.429379 0.379157 0.899601 0.777997 0.502519 0.548840 0.949904 0.669557 0.778855 0.761965 0.803678 0.769792 0.817234 0.960526 0.640922 0.582043 0.633283 0.504830 0.433569 0.429235 0.453338 0.366600 0.460031 0.416557 0.661606 0.877604 0.540318 0.475968 0.490425 0.348884 0.398595 0.347750 0.361561 0.284269 0.339387 0.271537 0.817536 0.271414 0.870482 0.750041 0.737932 0.533559 0.900662 0.834282 0.830509 0.797772 0.770090 0.720058 0.620502 0.819538 0.469530 0.577078 0.442978 0.390358 0.592350 0.475330 0.726890 0.587835 0.981859 0.860046 0.637431 0.499388 0.888793 0.856600 0.917266 0.846230 0.778476 0.829871 0.752446 0.921634 0.651220 0.761410 0.811395 0.920970 0.791622 0.839691 0.636611 0.704868 0.891800 0.979471 0.796381 0.863361 0.994446 0.695398 0.766413 0.908650 0.613488 0.862135
0.494109 0.562231 0.605140 0.618129 0.546338 0.877287 0.840425 0.912225 0.901085 0.992101 0.630805 0.671401 0.295221 0.589080 0.000000 0.305364 0.581658 0.584311 0.496665 0.611641 0.617333 0.945215 0.338828 0.427148 0.607730 0.742269 0.574656 0.753636 0.661463 0.665261 0.932307 0.988858 0.577003 0.743550 0.992373 0.821927 0.677567 0.857578 0.774220 0.629861 0.839861 0.838492 0.859827 0.872056 0.959777 0.915666 0.637052 0.676970 0.642347 0.745093 0.938437 0.894876 0.964091 0.703452 0.682453 0.795297 0.561491 0.441607 0.595390 0.615912 0.552386 0.742420 0.647865 0.687886 0.355761 0.483854 0.974047 0.946741 0.502899 0.511934 0.946889 0.955985 0.917444 0.858967 0.809206 0.785381 0.879072 0.902074 0.751128 0.503486 0.545851 0.437890 0.545045 0.530286 0.393387 0.439825 0.814477 0.806252 0.580044 0.622147 0.960443 0.911158 0.945096 0.948815 0.711480 0.786710 0.990987 0.995561 0.863696 0.860449 0.757808 0.982815 0.945044 0.962106 0.885189 0.840081 0.997023 0.933129 0.905232 0.869057 0.920011 0.862262 0.785283 0.954174 0.786522 0.908836
0.413700 0.370056 0.580516 0.388185 0.622766 0.568375 0.540050 0.590213 0.657700 0.708594 0.492526 0.434159 0.330869 0.415903 0.305364 0.000000 0.400130 0.392853 0.339605 0.385826 0.616868 0.905203 0.353467 0.379884 0.813331 0.789973 0.809722 0.871830 0.447928 0.429588 0.673571 0.752055 0.368608 0.477428 0.978604 0.710745 0.600356 0.735567 0.741179 0.703425 0.742497 0.769568 0.569821 0.583050 0.661642 0.630987 0.545097 0.525824 0.485674 0.537749 0.631245 0.590880 0.710959 0.968675 0.706601 0.774061 0.412975 0.379948 0.576645 0.584712 0.399346 0.527412 0.452413 0.439001 0.505575 0.373303 0.790183 0.787715 0.572097 0.508119 0.692008 0.664149 0.788639 0.651324 0.818531 0.742039 0.674664 0.639158 0.567787 0.449526 0.527954 0.509200 0.566013 0.607613 0.591944 0.591051 0.982919 0.958413 0.669469 0.667542 0.736521 0.839535 0.798481 0.857099 0.633281 0.708422 0.906911 0.819745 0.602247 0.569166 0.923519 0.844285 0.837394 0.866383 0.676361 0.775705 0.931531 0.956242 0.781178 0.925788 0.872702 0.571365 0.635727 0.932738 0.721328 0.869548
0.292726 0.258216 0.741778 0.447354 0.921085 0.702208 0.594164 0.572903 0.700126 0.642680 0.316813 0.373709 0.498610 0.420349 0.581658 0.400130 0.000000 0.199489 0.379705 0.328254 0.659268 0.956132 0.775640 0.687518 0.911662 0.818174 0.956754 0.887367 0.309150 0.294784 0.667186 0.653416 0.414369 0.407073 0.913007 0.647942 0.573090 0.621232 0.757773 0.655996 0.802544 0.656896 0.510828 0.495712 0.632778 0.611316 0.510433 0.474034 0.494110 0.509946 0.593972 0.579383 0.830332 0.935648 0.635894 0.586318 0.217376 0.304299 0.474874 0.585063 0.422582 0.505453 0.275404 0.272506 0.741821 0.489414 0.783769 0.735560 0.514643 0.494811 0.539226 0.566969 0.619446 0.437794 0.756837 0.791254 0.573200 0.612945 0.368767 0.392306 0.317824 0.410965 0.488671 0.544510 0.719149 0.653167 0.888360 0.964270 0.749751 0.582641 0.815744 0.875272 0.845840 0.937262 0.720619 0.791769 0.762983 0.893691 0.567202 0.587975 0.899971 0.879912 0.753175 0.726969 0.538862 0.677210 0.930828 0.969159 0.778246 0.909992 0.793847 0.570222 0.690871 0.956285 0.759910 0.887300
0.335333 0.282552 0.675625 0.408797 0.882095 0.654536 0.505816 0.501389 0.572974 0.533902 0.307279 0.349865 0.543337 0.414884 0.584311 0.392853 0.199489 0.000000 0.310574 0.305251 0.646119 0.986073 0.768471 0.658338 0.899828 0.792947 0.974295 0.992256 0.251202 0.240057 0.590857 0.549145 0.330808 0.321534 0.996186 0.709518 0.608038 0.624382 0.714074 0.689147 0.797619 0.616880 0.435984 0.433508 0.548695 0.540234 0.530417 0.486755 0.521261 0.531062 0.547842 0.565381 0.757893 0.997090 0.663885 0.594541 0.222851 0.316656 0.490555 0.629810 0.385266 0.476072 0.241351 0.251208 0.770842 0.485142 0.721562 0.647445 0.557531 0.545720 0.501141 0.506087 0.560616 0.441610 0.837062 0.752575 0.539923 0.519915 0.338459 0.334860 0.332702 0.458172 0.517422 0.537916 0.761566 0.691778 0.911689 0.986934 0.817911 0.605033 0.762299 0.825500 0.801655 0.899689 0.716757 0.698765 0.705623 0.815346 0.470362 0.516765 0.824801 0.784938 0.651230 0.658172 0.523451 0.664390 0.970721 0.944486 0.838903 0.918886 0.824888 0.496599 0.599362 0.893570 0.688793 0.864639
0.409315 0.389745 0.501424 0.396063 0.797066 0.692793 0.411383 0.520133 0.656548 0.596079 0.440415 0.487073 0.491471 0.455712 0.496665 0.339605 0.379705 0.310574 0.000000 0.347526 0.683157 0.920032 0.526376 0.555327 0.866052 0.834918 0.969980 0.967621 0.377294 0.359223 0.553606 0.556758 0.369436 0.322916 0.955809 0.747769 0.659137 0.685120 0.723329 0.771487 0.874891 0.739389 0.520927 0.556766 0.560687 0.570778 0.572250 0.516376 0.599903 0.598368 0.647736 0.635950 0.735353 0.899779 0.778026 0.744084 0.375975 0.423793 0.539085 0.612496 0.381884 0.595463 0.418719 0.419911 0.709211 0.504956 0.645347 0.695685 0.660534 0.631520 0.563087 0.516791 0.595703 0.461215 0.945503 0.736430 0.498052 0.532278 0.493002 0.495700 0.542588 0.555386 0.648917 0.672855 0.813450 0.807866 0.948013 0.943024 0.867369 0.753380 0.677761 0.786549 0.737074 0.790856 0.740536 0.712707 0.714431 0.912284 0.496442 0.448252 0.790294 0.730941 0.697588 0.748491 0.655511 0.724725 0.948708 0.934064 0.756819 0.946802 0.835786 0.481701 0.487577 0.886085 0.698549 0.874077
0.364275 0.295353 0.603124 0.330263 0.931757 0.638410 0.495069 0.445088 0.612867 0.537735 0.393046 0.370933 0.512766 0.411847 0.611641 0.385826 0.328254 0.305251 0.347526 0.000000 0.725422 0.963172 0.676846 0.650359 0.903168 0.810081 0.908026 0.936773 0.315123 0.358137 0.606213 0.640136 0.443558 0.352011 0.991791 0.724793 0.594261 0.658759 0.634301 0.784559 0.756634 0.756820 0.537338 0.535163 0.606994 0.581874 0.572358 0.459374 0.605917 0.539390 0.601565 0.603422 0.738751 0.892801 0.670596 0.646006 0.346280 0.382212 0.551839 0.549906 0.395308 0.460464 0.335952 0.342380 0.780062 0.443978 0.695346 0.699455 0.614356 0.488035 0.499103 0.522089 0.559497 0.505231 0.781306 0.794828 0.485710 0.598448 0.456404 0.544832 0.487346 0.558713 0.638544 0.675434 0.840986 0.799329 0.805684 0.859269 0.833069 0.667769 0.659977 0.736960 0.646696 0.813024 0.787967 0.722273 0.721263 0.800913 0.490056 0.490309 0.776368 0.781699 0.668150 0.759118 0.556740 0.681632 0.980710 0.921711 0.786064 0.925964 0.861733 0.497788 0.646887 0.863863 0.725331 0.790007
0.736180 0.663899 0.560976 0.602992 0.791108 0.830801 0.688666 0.863980 0.676298 0.881429 0.736490 0.787830 0.709725 0.859473 0.617333 0.616868 0.659268 0.646119 0.683157 0.725422 0.000000 0.817321 0.659746 0.751359 0.761498 0.686379 0.861595 0.884983 0.683595 0.662693 0.601870 0.732344 0.659731 0.665105 0.921905 0.928369 0.712418 0.900867 0.770386 0.763695 0.934078 0.922209 0.705903 0.724559 0.815101 0.870178 0.826966 0.800569 0.819174 0.834945 0.846798 0.881527 0.886044 0.987529 0.775914 0.985437 0.606053 0.662648 0.854386 0.905400 0.726591 0.880784 0.731886 0.754888 0.674442 0.783715 0.748574 0.789426 0.684643 0.593902 0.758248 0.810182 0.692816 0.731120 0.938701 0.743535 0.831218 0.683887 0.761591 0.625097 0.746736 0.720953 0.790422 0.844482 0.801090 0.786172 0.785207 0.999873 0.957547 0.916923 0.847175 0.838616 0.871052 0.823652 0.640697 0.848545 0.873766 0.870668 0.768611 0.751204 0.999796 0.743348 0.910935 0.809997 0.659042 0.797267 0.951973 0.942977 0.786880 0.866866 0.813108 0.767987 0.760980 0.995901 0.813281 0.986828
0.884484 0.956976 0.861196 0.949698 0.994634 0.881158 0.864379 0.993607 0.833020 0.974774 0.868038 0.886848 0.952983 0.978808 0.945215 0.905203 0.956132 0.986073 0.920032 0.963172 0.817321 0.000000 0.786405 0.773474 0.950134 0.916707 0.899745 0.934937 0.963958 0.986022 0.747604 0.699098 0.872997 0.884820 0.960918 0.977674 0.931188 0.966957 0.953199 0.978608 0.970502 0.989400 0.847459 0.852804 0.917731 0.999631 0.856171 0.874121 0.910259 0.992885 0.950664 0.996818 0.824753 0.787534 0.921108 0.879279 0.973112 0.978108 0.820311 0.854320 0.908571 0.801420 0.815437 0.901590 0.992071 0.886832 0.822157 0.999001 0.966541 0.998834 0.830839 0.756556 0.899944 0.841339 0.970993 0.865695 0.895098 0.813258 0.882908 0.944519 0.890327 0.907075 0.990331 0.923818 0.947889 0.996295 0.880939 0.892314 0.970703 0.823200 0.806759 0.803360 0.856001 0.779950 0.893917 0.822507 0.916855 0.930298 0.887823 0.843949 0.895567 0.926870 0.942911 0.813994 0.886959 0.855625 0.863479 0.821569 0.773421 0.742302 0.951028 0.964028 0.992005 0.667509 0.891609 0.910734
0.712285 0.697909 0.466952 0.567332 0.523034 0.773324 0.570787 0.783789 0.815014 0.908604 0.904489 0.851601 0.462145 0.709144 0.338828 0.353467 0.775640 0.768471 0.526376 0.676846 0.659746 0.786405 0.000000 0.325414 0.668828 0.672739 0.809285 0.800190 0.735113 0.711285 0.686176 0.792436 0.496017 0.658660 0.839880 0.975414 0.766216 0.996344 0.837512 0.877385 0.853537 0.924937 0.666947 0.716070 0.674499 0.705212 0.700475 0.631516 0.657814 0.688964 0.779255 0.730147 0.736306 0.914882 0.778458 0.893950 0.757133 0.676197 0.775336 0.719065 0.541352 0.837530 0.784334 0.811911 0.443976 0.598209 0.703452 0.786392 0.824207 0.676902 0.897068 0.846162 0.969050 0.817017 0.834444 0.805355 0.816577 0.736097 0.895571 0.645050 0.834680 0.741945 0.725650 0.836810 0.598164 0.639211 0.958358 0.934240 0.766859 0.810522 0.751650 0.828942 0.816442 0.880428 0.735460 0.720439 0.848412 0.845647 0.674126 0.579328 0.990139 0.782544 0.890740 0.935367 0.778655 0.767795 0.767389 0.770073 0.815908 0.885485 0.900517 0.752325 0.620407 0.824164 0.686993 0.992749
0.650414 0.576635 0.658654 0.508130 0.619708 0.712787 0.686538 0.762943 0.967121 0.977461 0.793179 0.717398 0.471898 0.506557 0.427148 0.379884 0.687518 0.658338 0.555327 0.650359 0.751359 0.773474 0.325414 0.000000 0.740336 0.823389 0.828262 0.823859 0.730272 0.635364 0.815410 0.735047 0.507864 0.674387 0.974963 0.838315 0.861495 0.995959 0.806673 0.917884 0.875463 0.901768 0.670536 0.657465 0.751190 0.721339 0.639108 0.624847 0.672684 0.620021 0.663098 0.628707 0.734881 0.917772 0.766536 0.697492 0.664109 0.565600 0.693491 0.613325 0.601249 0.758374 0.684431 0.710194 0.621173 0.525595 0.833890 0.832019 0.871383 0.719401 0.990810 0.916005 0.934743 0.892980 0.821265 0.804165 0.796079 0.822681 0.774947 0.553769 0.698349 0.587401 0.633595 0.629331 0.606171 0.505780 0.966731 0.786860 0.666458 0.666324 0.936718 0.964329 0.994267 0.880217 0.822062 0.740233 0.853408 0.855359 0.764847 0.724455 0.955965 0.894007 0.916455 0.906629 0.867709 0.847459 0.933509 0.882784 0.831306 0.930801 0.994017 0.712529 0.701945 0.869072 0.747134 0.985724
0.747082 0.794803 0.560770 0.814317 0.632558 0.977122 0.955585 0.824967 0.867832 0.787378 0.985290 0.935080 0.705693 0.925033 0.607730 0.813331 0.911662 0.899828 0.866052 0.903168 0.761498 0.950134 0.668828 0.740336 0.000000 0.545267 0.621227 0.905905 0.943722 0.950568 0.990650 0.929097 0.783502 0.939919 0.920338 0.978071 0.681758 0.974542 0.697917 0.808517 0.894605 0.816373 0.987917 0.971588 0.941653 0.920732 0.791487 0.872446 0.868449 0.944749 0.892670 0.893704 0.766034 0.583927 0.744156 0.850700 0.763813 0.707445 0.766332 0.750589 0.786252 0.933509 0.920446 0.991368 0.445465 0.816010 0.985999 0.969501 0.606492 0.680818 0.964799 0.917753 0.854947 0.956631 0.814421 0.943156 0.991752 0.885945 0.950137 0.775626 0.715726 0.737973 0.826898 0.727117 0.469237 0.585484 0.933872 0.935721 0.763939 0.732876 0.849745 0.970248 0.977363 0.978007 0.970300 0.754451 0.985225 0.993787 0.985790 0.967539 0.731019 0.873345 0.952812 0.921693 0.889527 0.772442 0.930965 0.957782 0.837271 0.940299 0.897724 0.962792 0.892190 0.975415 0.955004 0.847399
0.839720 0.830321 0.526062 0.710670 0.779194 0.943138 0.845990 0.999936 0.751523 0.955255 0.935967 0.988437 0.850468 0.929163 0.742269 0.789973 0.818174 0.792947 0.834918 0.810081 0.686379 0.916707 0.672739 0.823389 0.545267 0.000000 0.938173 0.900923 0.776171 0.907839 0.732593 0.901308 0.691302 0.786431 0.742405 0.975659 0.608345 0.915405 0.704266 0.811051 0.896315 0.828131 0.773666 0.827607 0.823053 0.892268 0.857980 0.854720 0.859323 0.929563 0.950192 0.999656 0.951563 0.874073 0.891500 0.988561 0.766770 0.792483 0.938313 0.946848 0.770357 0.997593 0.840084 0.919342 0.578361 0.863236 0.785607 0.838549 0.833563 0.807437 0.724485 0.843203 0.911675 0.789108 0.904610 0.837344 0.890427 0.851280 0.925022 0.754156 0.811114 0.853714 0.868466 0.951455 0.751162 0.848946 0.894315 0.853904 0.956172 0.828874 0.828587 0.686055 0.814591 0.818119 0.818346 0.837724 0.987328 0.887109 0.812510 0.765283 0.992152 0.934705 0.831857 0.902834 0.823408 0.817926 0.936634 0.796431 0.915393 0.923211 0.931855 0.845746 0.820365 0.860355 0.925321 0.927357
0.816997 0.881141 0.993134 0.946786 0.636825 0.865790 0.657032 0.644409 0.741512 0.641499 0.967037 0.943335 0.660590 0.954730 0.574656 0.809722 0.956754 0.974295 0.969980 0.908026 0.861595 0.899745 0.809285 0.828262 0.621227 0.938173 0.000000 0.692973 0.925392 0.848627 0.686967 0.677844 0.915983 0.737415 0.931592 0.883462 0.888941 0.948169 0.949897 0.703988 0.894074 0.802956 0.794024 0.756684 0.632010 0.724744 0.881949 0.976302 0.870326 0.922659 0.753892 0.808326 0.679897 0.453956 0.889522 0.934551 0.869787 0.759746 0.906328 0.856970 0.961951 0.903023 0.976960 0.914435 0.535769 0.880054 0.602887 0.617950 0.623247 0.702820 0.748537 0.701065 0.628868 0.808302 0.808567 0.870519 0.730329 0.787749 0.938352 0.798182 0.756632 0.714325 0.817131 0.669005 0.420678 0.477779 0.730110 0.724412 0.561511 0.776080 0.601983 0.727826 0.676985 0.793337 0.847684 0.997951 0.800798 0.848658 0.708271 0.748126 0.489930 0.674553 0.709713 0.844503 0.850013 0.934151 0.931949 0.846595 0.759868 0.842333 0.771491 0.823216 0.846457 0.828105 0.972987 0.918417
0.917595 0.885305 0.965497 0.967394 0.902643 0.996204 0.869555 0.869871 0.851850 0.811702 0.998324 0.994860 0.753232 0.943406 0.753636 0.871830 0.887367 0.992256 0.967621 0.936773 0.884983 0.934937 0.800190 0.823859 0.905905 0.900923 0.692973 0.000000 0.953535 0.951997 0.842195 0.869004 0.924367 0.900166 0.972088 0.833007 0.921898 0.797344 0.933512 0.716809 0.941711 0.888664 0.996601 0.910847 0.873666 0.908437 0.872949 0.952352 0.882520 0.947333 0.956015 0.952637 0.903250 0.764161 0.852530 0.773243 0.950288 0.875951 0.938465 0.878338 0.976972 0.992187 0.966726 0.979843 0.730123 0.888112 0.813086 0.909273 0.859210 0.838104 0.936335 0.887702 0.813062 0.945793 0.818111 0.922834 0.926901 0.838053 0.961676 0.856750 0.935550 0.792266 0.931960 0.876774 0.747338 0.715322 0.958305 0.992656 0.757388 0.701541 0.784466 0.917881 0.794899 0.841061 0.936666 0.945484 0.930761 0.873932 0.925954 0.933675 0.720728 0.900132 0.809039 0.890532 0.962926 0.921307 0.962018 0.847894 0.977480 0.929583 0.946562 0.889187 0.897948 0.986815 0.870702 0.935874
0.417837 0.325913 0.624710 0.399871 0.887427 0.695842 0.432671 0.411591 0.464507 0.442842 0.320873 0.345628 0.553878 0.429379 0.661463 0.447928 0.309150 0.251202 0.377294 0.315123 0.683595 0.963958 0.735113 0.730272 0.943722 0.776171 0.925392 0.953535 0.000000 0.283599 0.579717 0.601095 0.357701 0.294109 0.916701 0.773134 0.596480 0.653989 0.681321 0.762330 0.800983 0.681934 0.449676 0.464570 0.465651 0.482545 0.562283 0.508880 0.501768 0.525041 0.511696 0.549930 0.668042 0.848618 0.748224 0.637290 0.348085 0.418078 0.550673 0.608888 0.348797 0.435575 0.301075 0.286829 0.780493 0.461271 0.629557 0.597606 0.685049 0.518178 0.479148 0.491384 0.507772 0.408427 0.801323 0.747290 0.490684 0.543081 0.406966 0.450372 0.480985 0.584879 0.649934 0.661581 0.838835 0.806000 0.886793 0.880732 0.883683 0.704435 0.660291 0.720227 0.679264 0.773736 0.717319 0.719382 0.730740 0.716937 0.433273 0.506082 0.729567 0.747769 0.607698 0.715032 0.463531 0.635809 0.998602 0.848979 0.802708 0.892540 0.877128 0.495362 0.578515 0.839350 0.665495 0.826811
0.477159 0.361589 0.675195 0.392399 0.863460 0.663998 0.353856 0.367507 0.544534 0.447793 0.345642 0.377080 0.621397 0.379157 0.665261 0.429588 0.294784 0.240057 0.359223 0.358137 0.662693 0.986022 0.711285 0.635364 0.950568 0.907839 0.848627 0.951997 0.283599 0.000000 0.470041 0.466187 0.342548 0.325397 0.920527 0.807832 0.686719 0.651642 0.780774 0.747861 0.803509 0.712120 0.341131 0.307793 0.371153 0.387900 0.576072 0.480265 0.495140 0.473605 0.404696 0.420566 0.533398 0.739175 0.653780 0.612128 0.342704 0.433709 0.507360 0.654512 0.348052 0.427244 0.266392 0.249612 0.889169 0.507250 0.553644 0.473126 0.758312 0.597731 0.537737 0.477840 0.498767 0.368834 0.848862 0.653073 0.517969 0.527369 0.431440 0.427645 0.447326 0.582009 0.524524 0.693447 0.913012 0.800518 0.919515 0.991566 0.878960 0.671214 0.665336 0.828112 0.782797 0.912538 0.727450 0.809492 0.629842 0.845935 0.430319 0.478035 0.713791 0.721640 0.569916 0.679574 0.470385 0.665926 0.935164 0.944399 0.792505 0.855291 0.737725 0.529965 0.492045 0.823482 0.629815 0.844162
0.939436 0.753567 0.629107 0.607148 0.975165 0.699559 0.314206 0.579883 0.490582 0.500807 0.823662 0.872704 0.925948 0.899601 0.932307 0.673571 0.667186 0.590857 0.553606 0.606213 0.601870 0.747604 0.686176 0.815410 0.990650 0.732593 0.686967 0.842195 0.579717 0.470041 0.000000 0.296654 0.479395 0.428551 0.742934 0.989831 0.802266 0.764656 0.897796 0.880489 0.889493 0.811647 0.335934 0.368343 0.384591 0.556350 0.981350 0.767452 0.862476 0.807538 0.604637 0.674909 0.504795 0.484838 0.958365 0.901374 0.646225 0.897126 0.989479 0.883364 0.701091 0.903178 0.739398 0.692848 0.929400 0.969679 0.373914 0.452399 0.977383 0.998442 0.381157 0.343014 0.444446 0.362175 0.917558 0.717065 0.578409 0.375001 0.765935 0.711197 0.956415 0.897131 0.923852 0.756684 0.711662 0.784474 0.779586 0.704218 0.709088 0.847802 0.446643 0.476633 0.536652 0.587823 0.745820 0.791749 0.674026 0.857632 0.375447 0.412425 0.549501 0.471535 0.517109 0.611645 0.592243 0.810368 0.723558 0.673572 0.719366 0.916513 0.600218 0.626279 0.523507 0.731243 0.700058 0.944377
0.921408 0.680303 0.734703 0.673493 0.950401 0.732118 0.396463 0.617441 0.648050 0.629015 0.831993 0.859991 0.912111 0.777997 0.988858 0.752055 0.653416 0.549145 0.556758 0.640136 0.732344 0.699098 0.792436 0.735047 0.929097 0.901308 0.677844 0.869004 0.601095 0.466187 0.296654 0.000000 0.523860 0.445044 0.837250 0.976327 0.904024 0.859302 0.917199 0.930547 0.949316 0.828965 0.366503 0.350151 0.422295 0.523769 0.887158 0.675451 0.877892 0.765706 0.545475 0.589464 0.520467 0.529274 0.990678 0.879470 0.644401 0.858164 0.923928 0.997097 0.733271 0.917992 0.712057 0.694914 0.816020 0.995775 0.466601 0.494110 0.927990 0.950148 0.478217 0.438739 0.455901 0.432321 0.924043 0.852176 0.635844 0.447935 0.741051 0.660187 0.900402 0.958880 0.854802 0.933788 0.712805 0.889981 0.736176 0.965461 0.731543 0.935683 0.598521 0.697354 0.709704 0.823510 0.834060 0.809416 0.657681 0.876906 0.485380 0.498275 0.592846 0.524524 0.543473 0.656470 0.644265 0.807096 0.832539 0.737420 0.823603 0.995857 0.645632 0.656028 0.562120 0.644136 0.706488 0.994962
0.467028 0.396661 0.510984 0.395228 0.752991 0.563065 0.346347 0.489042 0.589825 0.597910 0.504134 0.506682 0.560581 0.502519 0.577003 0.368608 0.414369 0.330808 0.369436 0.443558 0.659731 0.872997 0.496017 0.507864 0.783502 0.691302 0.915983 0.924367 0.357701 0.342548 0.479395 0.523860 0.000000 0.324689 0.743728 0.856391 0.672846 0.733798 0.714269 0.811256 0.797719 0.681223 0.329520 0.320759 0.364204 0.386350 0.529898 0.465722 0.451727 0.428972 0.418954 0.439996 0.571225 0.776626 0.615992 0.633466 0.357783 0.423172 0.522060 0.601127 0.323842 0.558389 0.389314 0.386603 0.650554 0.487957 0.513888 0.461728 0.732034 0.666179 0.569073 0.557275 0.562875 0.492424 0.762614 0.730269 0.509450 0.455008 0.516547 0.456168 0.491168 0.583816 0.611459 0.675392 0.712951 0.665076 0.888492 0.947021 0.859365 0.692353 0.657190 0.717541 0.708289 0.862111 0.739660 0.580452 0.636726 0.700265 0.374913 0.447815 0.738088 0.703278 0.606144 0.663310 0.452650 0.587219 0.877972 0.756170 0.762049 0.882906 0.795189 0.495634 0.417538 0.733405 0.553388 0.841083
0.527653 0.414551 0.569570 0.383918 0.954322 0.646197 0.284361 0.370957 0.464568 0.413577 0.474422 0.466272 0.648055 0.548840 0.743550 0.477428 0.407073 0.321534 0.322916 0.352011 0.665105 0.884820 0.658660 0.674387 0.939919 0.786431 0.737415 0.900166 0.294109 0.325397 0.428551 0.445044 0.324689 0.000000 0.803587 0.880138 0.660912 0.781267 0.758440 0.872293 0.878380 0.739580 0.344424 0.411085 0.330453 0.391703 0.627487 0.489916 0.570059 0.538525 0.462745 0.507841 0.523295 0.661293 0.859979 0.698947 0.415677 0.527906 0.596954 0.683008 0.367780 0.530263 0.390817 0.376954 0.843544 0.578172 0.466856 0.452755 0.817172 0.677515 0.370092 0.399698 0.447763 0.354454 0.930808 0.765121 0.398062 0.410033 0.525691 0.496370 0.623682 0.733937 0.738795 0.828403 0.985148 0.961049 0.809225 0.818120 0.963331 0.834468 0.515351 0.575003 0.568408 0.706610 0.711426 0.597130 0.662426 0.737956 0.294599 0.312483 0.586693 0.576731 0.533388 0.659069 0.453008 0.621695 0.957857 0.751413 0.767931 0.936408 0.735687 0.369303 0.438193 0.710299 0.662960 0.878251
0.917854 0.991926 0.727729 0.775502 0.909722 0.899507 0.694326 0.759491 0.773751 0.725623 0.987481 0.985571 0.981043 0.949904 0.992373 0.978604 0.913007 0.996186 0.955809 0.991791 0.921905 0.960918 0.839880 0.974963 0.920338 0.742405 0.931592 0.972088 0.916701 0.920527 0.742934 0.837250 0.743728 0.803587 0.000000 0.851569 0.944953 0.857128 0.987468 0.985341 0.886998 0.936601 0.661961 0.740041 0.625385 0.676169 0.901393 0.824219 0.849364 0.948881 0.790455 0.832532 0.722909 0.796861 0.925753 0.955747 0.957412 0.986697 0.952944 0.934776 0.795953 0.884277 0.940021 0.923400 0.848747 0.930975 0.626203 0.566746 0.950370 0.933797 0.754031 0.840628 0.942378 0.870923 0.906855 0.873782 0.816950 0.773531 0.978309 0.988816 0.914230 0.868264 0.928879 0.787890 0.989227 0.981290 0.853983 0.868540 0.918303 0.884796 0.741655 0.694024 0.786887 0.848406 0.839484 0.706115 0.872422 0.839067 0.721720 0.813995 0.746453 0.786408 0.799866 0.984748 0.801727 0.792919 0.974745 0.831690 0.961411 0.839786 0.870151 0.919991 0.710224 0.766830 0.685433 0.898365
0.618992 0.654024 0.864035 0.750580 0.815962 0.677691 0.939577 0.814420 0.900228 0.994005 0.609651 0.687787 0.711888 0.669557 0.821927 0.710745 0.647942 0.709518 0.747769 0.724793 0.928369 0.977674 0.975414 0.838315 0.978071 0.975659 0.883462 0.833007 0.773134 0.807832 0.989831 0.976327 0.856391 0.880138 0.851569 0.000000 0.765606 0.885228 0.769131 0.756118 0.708531 0.876457 0.887890 0.891442 0.943315 0.939095 0.773494 0.783816 0.774237 0.792226 0.873250 0.814305 0.949898 0.873484 0.717232 0.756018 0.672420 0.649626 0.770681 0.693496 0.788629 0.729700 0.725936 0.639507 0.873092 0.657659 0.895152 0.988030 0.776511 0.823027 0.946196 0.984331 0.828974 0.918783 0.979325 0.936464 0.773833 0.894103 0.679363 0.859248 0.770296 0.654970 0.832459 0.649077 0.803846 0.807041 0.980490 0.997825 0.830922 0.666927 0.928693 0.928542 0.919156 0.993765 0.939891 0.956855 0.836141 0.905116 0.975927 0.980685 0.913095 0.879700 0.858406 0.985142 0.923196 0.978557 0.957061 0.939996 0.989760 0.954082 0.978599 0.818510 0.961199 0.956321 0.941334 0.926152
0.577919 0.560600 0.554961 0.619832 0.857351 0.860771 0.821142 0.849260 0.671987 0.811389 0.559463 0.736197 0.629134 0.778855 0.677567 0.600356 0.573090 0.608038 0.659137 0.594261 0.712418 0.931188 0.766216 0.861495 0.681758 0.608345 0.888941 0.921898 0.596480 0.686719 0.802266 0.904024 0.672846 0.660912 0.944953 0.765606 0.000000 0.623339 0.586012 0.511519 0.520195 0.670233 0.726236 0.710597 0.782184 0.804059 0.703161 0.738886 0.620848 0.756684 0.839512 0.832639 0.933628 0.851821 0.740893 0.921465 0.510763 0.547061 0.668161 0.743678 0.612938 0.743884 0.667711 0.655342 0.529728 0.658736 0.786485 0.865979 0.539020 0.558035 0.610008 0.678100 0.791359 0.715107 0.795629 0.817705 0.804584 0.724212 0.679540 0.630961 0.571284 0.724082 0.760304 0.726639 0.720134 0.747967 0.835190 0.809989 0.818017 0.686568 0.874247 0.766169 0.797284 0.783021 0.721301 0.725133 0.932585 0.964768 0.711573 0.761897 0.941294 0.851421 0.756342 0.873905 0.768281 0.719819 0.868836 0.956586 0.923086 0.890761 0.898517 0.767225 0.892104 0.912000 0.898241 0.969788
0.622200 0.622040 0.829903 0.714767 0.971500 0.986391 0.831291 0.831063 0.868617 0.804838 0.553837 0.699268 0.821533 0.761965 0.857578 0.735567 0.621232 0.624382 0.685120 0.658759 0.900867 0.966957 0.996344 0.995959 0.974542 0.915405 0.948169 0.797344 0.653989 0.651642 0.764656 0.859302 0.733798 0.781267 0.857128 0.885228 0.623339 0.000000 0.768131 0.784273 0.833709 0.642913 0.779620 0.725586 0.819179 0.753725 0.767410 0.806400 0.710511 0.797920 0.820853 0.800049 0.900972 0.996856 0.766185 0.968294 0.570222 0.596580 0.693772 0.824304 0.712839 0.749643 0.663800 0.641470 0.844993 0.706914 0.848851 0.876334 0.552704 0.702595 0.744865 0.653680 0.782890 0.669283 0.885856 0.901146 0.751724 0.720320 0.593234 0.839632 0.595815 0.783452 0.741252 0.786184 0.863279 0.787893 0.924751 0.987965 0.752095 0.719652 0.948280 0.938701 0.908844 0.904655 0.788368 0.927473 0.971305 0.993351 0.831556 0.904589 0.913555 0.984931 0.660443 0.936138 0.822165 0.824451 0.912987 0.977709 0.936589 0.962937 0.967032 0.834515 0.809836 0.974647 0.801235 0.915561
