0.000000 0.403304 0.932406 0.786850 0.903350 0.920156 0.768519 0.640970 0.924371 0.705753 0.491530 0.424055 0.729682 0.667727 0.831690 0.681845 0.520897 0.537265 0.560216 0.542713 0.987904 0.890079 0.965383 0.994621 0.854752 0.868617 0.874936 0.833477 0.684918 0.621091 0.794748 0.830459 0.527772 0.554909 0.975487 0.938610 0.712462 0.691144 0.999009 0.910781 0.793249 0.874754 0.785826 0.634783 0.754718 0.715062 0.820397 0.779191 0.815230 0.899794 0.740995 0.911658 0.932564 0.994210 0.820541 0.854324 0.396372 0.403535 0.564554 0.654198 0.553465 0.637206 0.431794 0.417274 0.853417 0.905781 0.804994 0.764991 0.471892 0.570794 0.603000 0.569803 0.789687 0.837615 0.988133 0.937598 0.757637 0.743220 0.733505 0.681722 0.543529 0.598924 0.836894 0.697269 0.964373 0.950766 0.954952 0.931877 0.931753 0.994666 0.727465 0.832942 0.898635 0.896259 0.896068 0.979598 0.694140 0.875206 0.522941 0.693972 0.788002 0.814253 0.613966 0.568847 0.719682 0.806482 0.850314 0.900611 0.799864 0.860314 0.736954 0.816914 0.734899 0.893037 0.816172 0.969019
0.403304 0.000000 0.855862 0.893470 0.910166 0.919022 0.921272 0.586207 0.879959 0.649577 0.605859 0.330880 0.700121 0.493791 0.748519 0.513559 0.400515 0.379926 0.577808 0.454532 0.958593 0.897524 0.898936 0.891279 0.932796 0.766315 0.918524 0.871898 0.538699 0.501481 0.878202 0.839764 0.638382 0.636842 0.924903 0.926454 0.715364 0.706142 0.893228 0.908605 0.740666 0.699302 0.816513 0.645743 0.786072 0.756968 0.956664 0.839198 0.851537 0.959753 0.840647 0.951718 0.954132 0.838646 0.876764 0.977946 0.282284 0.274216 0.813973 0.774883 0.688999 0.576596 0.500764 0.327440 0.750253 0.957055 0.962378 0.923675 0.519379 0.631719 0.467237 0.513667 0.775824 0.842388 0.941169 0.918263 0.623026 0.608676 0.775684 0.657515 0.461717 0.570534 0.732479 0.650177 0.837010 0.956169 0.962571 0.899397 0.799909 0.927244 0.712098 0.726733 0.833656 0.828453 0.886861 0.842358 0.726430 0.820953 0.481481 0.584393 0.716695 0.971210 0.661868 0.551400 0.750940 0.805506 0.823093 0.849179 0.844774 0.858687 0.677779 0.747494 0.739454 0.754115 0.845429 0.926043
0.932406 0.855862 0.000000 0.396638 0.735736 0.919876 0.310049 0.671799 0.756372 0.741067 0.758531 0.889730 0.723634 0.970868 0.766627 0.858560 0.902054 0.904122 0.597383 0.925682 0.794240 0.785468 0.494550 0.700714 0.515603 0.472414 0.909880 0.960329 0.928684 0.781670 0.445153 0.629776 0.530410 0.494635 0.603356 0.847978 0.876598 0.905744 0.568020 0.803455 0.991246 0.928245 0.446814 0.528015 0.737160 0.780288 0.571500 0.532240 0.737535 0.990722 0.903964 0.982290 0.911261 0.885435 0.786178 0.999117 0.931501 0.848064 0.617474 0.967797 0.629633 0.865879 0.752025 0.925081 0.373270 0.518946 0.313134 0.435879 0.985074 0.878573 0.870952 0.917699 0.910792 0.968001 0.699466 0.891981 0.807769 0.883662 0.770620 0.839968 0.898518 0.739438 0.939242 0.952263 0.473532 0.603696 0.871835 0.914444 0.792460 0.953835 0.887387 0.869404 0.883474 0.808372 0.994610 0.842123 0.933605 0.959242 0.961498 0.777195 0.891998 0.701557 0.840557 0.879696 0.771321 0.594228 0.983666 0.972275 0.915500 0.813685 0.865699 0.988996 0.881750 0.984895 0.846185 0.860536
0.786850 0.893470 0.396638 0.000000 0.800485 0.820782 0.294735 0.392916 0.884144 0.476113 0.758518 0.821802 0.736535 0.781537 0.738901 0.605589 0.744769 0.718473 0.465189 0.679778 0.784821 0.808645 0.402386 0.492461 0.703906 0.649456 0.981206 0.853801 0.808664 0.584651 0.420396 0.512766 0.490613 0.442019 0.723950 0.891966 0.681645 0.759698 0.639235 0.806628 0.992307 0.894710 0.385498 0.455609 0.875279 0.850011 0.683085 0.510772 0.684339 0.871779 0.905676 0.863691 0.894111 0.769736 0.856239 0.885286 0.828437 0.933518 0.697761 0.984915 0.674411 0.941412 0.568251 0.792586 0.625880 0.557509 0.440571 0.534077 0.906495 0.775933 0.628462 0.692052 0.734142 0.813232 0.729010 0.890429 0.749591 0.824516 0.657932 0.771554 0.619677 0.525351 0.857486 0.703230 0.622414 0.566930 0.897411 0.872433 0.978429 0.994257 0.709924 0.655886 0.772689 0.761184 0.966566 0.792712 0.835077 0.913302 0.855087 0.563484 0.871990 0.529925 0.638865 0.630566 0.726534 0.589457 0.996713 0.925050 0.822666 0.739673 0.871041 0.785461 0.771148 0.899123 0.914992 0.952445
0.903350 0.910166 0.735736 0.800485 0.000000 0.901162 0.788945 0.859005 0.745053 0.954806 0.894785 0.908440 0.743742 0.980123 0.759617 0.977099 0.955747 0.893137 0.814409 0.999013 0.874756 0.822292 0.840844 0.987880 0.783119 0.887322 0.879575 0.895730 0.842907 0.918613 0.867432 0.934515 0.735482 0.740623 0.822528 0.945331 0.975432 0.998972 0.811547 0.772437 0.973201 0.835922 0.752699 0.682085 0.603549 0.714985 0.800506 0.682049 0.997381 0.860422 0.957423 0.922709 0.976707 0.952613 0.912100 0.907364 0.971036 0.998738 0.738345 0.769090 0.663154 0.848300 0.925188 0.978631 0.623999 0.597101 0.695211 0.602091 0.793054 0.975067 0.968386 0.969240 0.858822 0.692009 0.933618 0.828032 0.825875 0.920290 0.955248 0.963782 0.931105 0.929490 0.928172 0.947830 0.832225 0.745102 0.848257 0.955854 0.811763 0.946160 0.876170 0.909949 0.838030 0.829041 0.972108 0.947704 0.934302 0.988757 0.835801 0.773622 0.959573 0.877471 0.892736 0.980489 0.711586 0.764289 0.926755 0.962789 0.922909 0.956406 0.805582 0.835619 0.939244 0.863492 0.753953 0.651260
0.920156 0.919022 0.919876 0.820782 0.901162 0.000000 0.837545 0.740631 0.833468 0.789741 0.925857 0.834186 0.809146 0.972742 0.937413 0.796298 0.977854 0.966295 0.937072 0.930838 0.819711 0.767591 0.898433 0.992099 0.924924 0.814960 0.996188 0.779131 0.982753 0.947028 0.808395 0.943983 0.898733 0.837107 0.755774 0.842242 0.785279 0.830995 0.880719 0.966839 0.977071 0.902267 0.947371 0.863364 0.898889 0.828794 0.902230 0.961375 0.914639 0.937309 0.953896 0.955898 0.982772 0.860762 0.974151 0.921908 0.963809 0.939403 0.804146 0.885958 0.749088 0.788131 0.884022 0.862894 0.956002 0.772821 0.826261 0.761499 0.938550 0.959285 0.865657 0.971410 0.969505 0.894825 0.921576 0.979200 0.931496 0.988620 0.967304 0.949486 0.856279 0.833973 0.873220 0.991356 0.956178 0.949193 0.990277 0.866364 0.993732 0.999000 0.712219 0.698085 0.574809 0.784834 0.981040 0.905686 0.845340 0.881127 0.825900 0.858108 0.778966 0.736870 0.817975 0.912860 0.938117 0.680390 0.972596 0.923438 0.971965 0.960645 0.895911 0.754198 0.948846 0.994632 0.973402 0.766165
0.768519 0.921272 0.310049 0.294735 0.788945 0.837545 0.000000 0.417737 0.752794 0.522947 0.670659 0.881122 0.697666 0.771376 0.704970 0.650026 0.699059 0.696851 0.388129 0.698012 0.803262 0.833498 0.399146 0.568135 0.660046 0.637347 0.930167 0.819893 0.762727 0.611308 0.384824 0.472325 0.416033 0.366796 0.669062 0.864869 0.793721 0.879848 0.598168 0.830418 0.978439 0.932325 0.366138 0.454092 0.767223 0.774799 0.569155 0.487716 0.700631 0.883361 0.915069 0.894849 0.898035 0.774877 0.823780 0.899518 0.818716 0.936620 0.616308 0.972905 0.582178 0.996910 0.513526 0.808651 0.566098 0.546267 0.342901 0.449599 0.869620 0.797649 0.665183 0.695737 0.734220 0.818744 0.786864 0.877629 0.740160 0.750216 0.639409 0.713230 0.633529 0.520135 0.837960 0.779235 0.506083 0.557802 0.875431 0.878149 0.942702 0.973090 0.698352 0.653947 0.768086 0.754045 0.950349 0.808203 0.802515 0.970155 0.773129 0.548367 0.949425 0.490210 0.650684 0.638980 0.708923 0.600677 0.957946 0.899421 0.850929 0.739516 0.784380 0.812263 0.738932 0.945244 0.853538 0.892059
0.640970 0.586207 0.671799 0.392916 0.859005 0.740631 0.417737 0.000000 0.799047 0.371535 0.725884 0.535495 0.679551 0.535523 0.745453 0.441390 0.564406 0.541445 0.423217 0.525359 0.816181 0.772113 0.530279 0.592168 0.895716 0.879083 0.856396 0.804368 0.613794 0.484522 0.561641 0.535768 0.498694 0.450243 0.784572 0.851271 0.703815 0.808607 0.814264 0.872704 0.962166 0.746006 0.474309 0.435041 0.797949 0.748336 0.761807 0.565164 0.824492 0.864922 0.964049 0.959143 0.886134 0.837240 0.989229 0.850632 0.566706 0.632240 0.672339 0.835344 0.600015 0.653522 0.462707 0.473909 0.966563 0.636821 0.586100 0.588798 0.745619 0.637813 0.503671 0.591808 0.678305 0.785825 0.831616 0.928776 0.689105 0.638922 0.649532 0.739708 0.447386 0.440094 0.722209 0.588984 0.891627 0.706006 0.971125 0.926062 0.887978 0.990434 0.506690 0.510203 0.620755 0.727008 0.878686 0.707732 0.664989 0.814706 0.567212 0.396393 0.626177 0.525350 0.543140 0.429863 0.670879 0.634285 0.851232 0.774706 0.752715 0.688551 0.686423 0.699402 0.655920 0.807118 0.884586 0.910258
0.924371 0.879959 0.756372 0.884144 0.745053 0.833468 0.752794 0.799047 0.000000 0.735886 0.777417 0.961951 0.798718 0.947805 0.896219 0.888135 0.838239 0.872369 0.812839 0.852812 0.993389 0.877118 0.909219 0.936636 0.855816 0.924579 0.855234 0.952483 0.783267 0.867217 0.784191 0.924477 0.854332 0.734611 0.790698 0.997832 0.861393 0.823079 0.879780 0.839243 0.942692 0.983048 0.735277 0.723070 0.619206 0.703237 0.646805 0.749441 0.979949 0.912441 0.968772 0.942455 0.951729 0.874948 0.980018 0.989962 0.925975 0.944668 0.711062 0.815557 0.726347 0.900642 0.933527 0.931403 0.820924 0.789817 0.695017 0.687440 0.817621 0.982520 0.874821 0.967983 0.986948 0.957119 0.847119 0.890065 0.784802 0.859071 0.995406 0.901490 0.899430 0.937893 0.951673 0.879537 0.992415 0.881091 0.797183 0.726647 0.990560 0.837004 0.730347 0.802830 0.797147 0.750758 0.886743 0.936089 0.943831 0.940857 0.768998 0.811355 0.966566 0.916238 0.877203 0.887039 0.831449 0.798256 0.987758 0.967124 0.984792 0.875637 0.797663 0.926430 0.912913 0.945338 0.866865 0.692306
0.705753 0.649577 0.741067 0.476113 0.954806 0.789741 0.522947 0.371535 0.735886 0.000000 0.743070 0.698264 0.842821 0.657954 0.809951 0.593933 0.633718 0.624870 0.498049 0.546669 0.870655 0.900758 0.585963 0.668199 0.901887 0.855628 0.813285 0.849275 0.728234 0.570270 0.545572 0.566930 0.643313 0.560124 0.771100 0.872437 0.718621 0.856078 0.875458 0.915044 0.988303 0.817684 0.524537 0.563750 0.839703 0.822510 0.791081 0.640508 0.870309 0.851843 0.997764 0.894589 0.942157 0.907600 0.932186 0.775488 0.627790 0.754235 0.822157 0.978850 0.785904 0.815880 0.618060 0.640132 0.991523 0.813311 0.694483 0.740531 0.801873 0.918466 0.474060 0.601090 0.669046 0.709825 0.868463 0.788189 0.683147 0.607172 0.743691 0.783035 0.526439 0.560068 0.808784 0.772614 0.941898 0.892582 0.926226 0.954755 0.723399 0.798273 0.489771 0.535335 0.607583 0.656546 0.978136 0.813213 0.715160 0.838853 0.592007 0.502196 0.763554 0.667953 0.631413 0.521771 0.873277 0.719535 0.882911 0.744347 0.840611 0.840679 0.827057 0.728982 0.772409 0.913170 0.927909 0.898513
0.491530 0.605859 0.758531 0.758518 0.894785 0.925857 0.670659 0.725884 0.777417 0.743070 0.000000 0.549489 0.589878 0.691429 0.724690 0.666448 0.498157 0.511481 0.525072 0.492747 0.877545 0.921718 0.889975 0.896728 0.979747 0.991914 0.886051 0.851712 0.634076 0.548510 0.770042 0.736821 0.595275 0.545546 0.987317 0.963688 0.913430 0.946327 0.892202 0.865246 0.834617 0.959908 0.760803 0.669876 0.869745 0.846472 0.749269 0.757671 0.906425 0.986413 0.959032 0.875719 0.959229 0.803360 0.955944 0.894633 0.542180 0.588952 0.684567 0.797344 0.593532 0.842330 0.500573 0.550206 0.985165 0.871824 0.713340 0.732905 0.563024 0.678926 0.665867 0.658681 0.710606 0.810271 0.985295 0.762666 0.732694 0.724154 0.610130 0.525563 0.565151 0.543370 0.859757 0.822295 0.912273 0.997084 0.831786 0.924965 0.963218 0.911840 0.810979 0.911875 0.933673 0.915306 0.899753 0.913567 0.753325 0.989271 0.589112 0.705528 0.891796 0.841815 0.648076 0.700572 0.693816 0.780173 0.919919 0.920701 0.882268 0.840730 0.888921 0.916016 0.914338 0.894821 0.748078 0.874030
0.424055 0.330880 0.889730 0.821802 0.908440 0.834186 0.881122 0.535495 0.961951 0.698264 0.549489 0.000000 0.594793 0.433243 0.687154 0.434939 0.409023 0.391417 0.574134 0.456164 0.920841 0.905603 0.893268 0.854213 0.865063 0.733835 0.897102 0.859782 0.509199 0.459536 0.923243 0.827312 0.629557 0.662538 0.820636 0.995753 0.716947 0.787560 0.868012 0.893679 0.719004 0.734031 0.842983 0.649831 0.913218 0.805903 0.940070 0.829026 0.952988 0.960160 0.885524 0.986015 0.998442 0.925181 0.923191 0.994535 0.337727 0.336284 0.798136 0.754788 0.657877 0.545311 0.431232 0.271031 0.697618 0.934060 0.991407 0.913846 0.587925 0.590993 0.543923 0.548056 0.729495 0.844317 0.970734 0.934084 0.679780 0.633903 0.695956 0.668246 0.420158 0.496044 0.688625 0.570377 0.851614 0.933900 0.937281 0.980405 0.914636 0.924830 0.720160 0.739842 0.842979 0.920321 0.887526 0.794571 0.708594 0.746933 0.513427 0.574403 0.677359 0.831655 0.614559 0.517079 0.655520 0.823273 0.882280 0.887223 0.773989 0.774437 0.758458 0.743938 0.759328 0.808293 0.836984 0.916122
0.729682 0.700121 0.723634 0.736535 0.743742 0.809146 0.697666 0.679551 0.798718 0.842821 0.589878 0.594793 0.000000 0.576895 0.432986 0.520855 0.647367 0.527909 0.660417 0.718456 0.725415 0.886590 0.713620 0.775812 0.879756 0.970704 0.920692 0.955881 0.598960 0.547911 0.755057 0.814167 0.584316 0.582422 0.948210 0.936373 0.819075 0.958701 0.923379 0.818080 0.895680 0.902758 0.699486 0.602782 0.729791 0.798204 0.760495 0.699822 0.909254 0.935435 0.956914 0.968972 0.964334 0.857418 0.963392 0.940498 0.704925 0.689872 0.749698 0.818926 0.567930 0.816575 0.549791 0.582644 0.781799 0.775951 0.746019 0.727176 0.846588 0.826362 0.762926 0.796538 0.966859 0.887784 0.954623 0.782702 0.771825 0.598564 0.667560 0.623294 0.622161 0.570187 0.730027 0.802125 0.770662 0.718859 0.916681 0.967548 0.775355 0.992764 0.867079 0.863987 0.872690 0.927820 0.858444 0.838853 0.811829 0.949513 0.751659 0.749876 0.980965 0.835396 0.704277 0.797879 0.595518 0.705678 0.979291 0.998891 0.818370 0.750994 0.900117 0.760789 0.854880 0.858689 0.771784 0.847118
0.667727 0.493791 0.970868 0.781537 0.980123 0.972742 0.771376 0.535523 0.947805 0.657954 0.691429 0.433243 0.576895 0.000000 0.507612 0.416065 0.451652 0.381162 0.534618 0.500693 0.885885 0.955025 0.673474 0.668753 0.980060 0.819411 0.930757 0.830000 0.500214 0.451456 0.784388 0.634157 0.625379 0.649755 0.874595 0.945348 0.857835 0.885290 0.930828 0.874836 0.946555 0.785059 0.665050 0.644216 0.861519 0.893145 0.847473 0.739969 0.944354 0.836199 0.984366 0.932590 0.931880 0.918944 0.924415 0.841801 0.444046 0.494458 0.965778 0.990838 0.866807 0.837030 0.448503 0.416946 0.861356 0.981108 0.983838 0.971403 0.772087 0.830462 0.603906 0.626492 0.735045 0.871353 0.957962 0.813766 0.650185 0.537873 0.638947 0.579856 0.445346 0.451368 0.534987 0.629292 0.855222 0.770295 0.978218 0.801895 0.935432 0.881811 0.774329 0.712557 0.926138 0.930897 0.991843 0.743038 0.790348 0.837662 0.587906 0.472146 0.795301 0.804987 0.586199 0.569520 0.777078 0.867666 0.929533 0.778080 0.802584 0.763940 0.818196 0.634311 0.798357 0.756370 0.863815 0.968914
0.831690 0.748519 0.766627 0.738901 0.759617 0.937413 0.704970 0.745453 0.896219 0.809951 0.724690 0.687154 0.432986 0.507612 0.000000 0.543382 0.629220 0.528278 0.596766 0.663742 0.682801 0.872215 0.584458 0.680348 0.742552 0.956073 0.886637 0.955315 0.550930 0.531168 0.732764 0.710147 0.603358 0.593784 0.980101 0.955683 0.824992 0.868373 0.988600 0.741225 0.944263 0.954724 0.592076 0.563565 0.744040 0.800968 0.664923 0.627043 0.944926 0.933856 0.917636 0.989374 0.978908 0.995095 0.990956 0.883580 0.728941 0.785150 0.929875 0.954694 0.795816 0.981272 0.604646 0.681256 0.698599 0.825246 0.827610 0.824891 0.921434 0.969340 0.748150 0.780027 0.957364 0.827413 0.904825 0.717869 0.701709 0.523879 0.569202 0.623109 0.629849 0.592826 0.677094 0.752403 0.593829 0.603941 0.903750 0.844162 0.858358 0.972797 0.913149 0.877937 0.978071 0.981711 0.972448 0.713456 0.939299 0.853439 0.738419 0.610489 0.871558 0.885070 0.738199 0.858374 0.713320 0.711958 0.964878 0.972313 0.774008 0.800484 0.904398 0.674352 0.877674 0.792831 0.844118 0.886952
0.681845 0.513559 0.858560 0.605589 0.977099 0.796298 0.650026 0.441390 0.888135 0.593933 0.666448 0.434939 0.520855 0.416065 0.543382 0.000000 0.464387 0.387885 0.501084 0.468062 0.798796 0.861408 0.541886 0.549788 0.911992 0.995165 0.940584 0.890880 0.489526 0.345115 0.735156 0.602299 0.577277 0.561303 0.969757 0.998615 0.711949 0.853016 0.987637 0.836140 0.844632 0.781076 0.603610 0.524655 0.924326 0.858708 0.790844 0.676056 0.833560 0.885837 0.944691 0.885766 0.972130 0.987884 0.893294 0.818923 0.477567 0.501199 0.868664 0.973175 0.716743 0.732083 0.443169 0.402267 0.980838 0.798619 0.862603 0.841125 0.780746 0.762920 0.509611 0.591804 0.722619 0.855862 0.955471 0.816983 0.634039 0.549426 0.619414 0.616393 0.429805 0.429386 0.630578 0.570611 0.849574 0.665000 0.976389 0.763572 0.929803 0.963045 0.732847 0.687174 0.839613 0.910000 0.898480 0.714402 0.811948 0.817055 0.643164 0.487218 0.834126 0.764046 0.576669 0.502053 0.620802 0.742239 0.977526 0.963012 0.839843 0.688976 0.842828 0.741553 0.715767 0.806163 0.857541 0.888771
0.520897 0.400515 0.902054 0.744769 0.955747 0.977854 0.699059 0.564406 0.838239 0.633718 0.498157 0.409023 0.647367 0.451652 0.629220 0.464387 0.000000 0.286605 0.428050 0.405226 0.873996 0.932452 0.708862 0.738788 0.958933 0.884744 0.928246 0.794232 0.438998 0.363482 0.723433 0.625214 0.524074 0.494483 0.951614 0.902913 0.762960 0.811664 0.957087 0.908100 0.758156 0.790805 0.662720 0.553233 0.871557 0.827980 0.780360 0.769634 0.910068 0.881782 0.950711 0.853706 0.872343 0.897793 0.911646 0.924316 0.299188 0.392452 0.835221 0.916432 0.713127 0.775015 0.391616 0.374538 0.920961 0.925770 0.842983 0.839245 0.589200 0.667837 0.473629 0.504991 0.706908 0.793862 0.961219 0.814006 0.662636 0.615848 0.599071 0.498088 0.361723 0.412460 0.627847 0.609221 0.897038 0.817025 0.980876 0.903971 0.923841 0.904218 0.786142 0.761394 0.898212 0.868532 0.857766 0.786595 0.734468 0.838712 0.636656 0.544714 0.864004 0.823875 0.627161 0.536376 0.727854 0.847513 0.881184 0.923799 0.873010 0.746761 0.709053 0.791935 0.724596 0.760652 0.843794 0.847888
0.537265 0.379926 0.904122 0.718473 0.893137 0.966295 0.696851 0.541445 0.872369 0.624870 0.511481 0.391417 0.527909 0.381162 0.528278 0.387885 0.286605 0.000000 0.400519 0.351086 0.862891 0.955258 0.646321 0.685832 0.950397 0.845863 0.973865 0.801671 0.378695 0.294282 0.738871 0.588729 0.499721 0.476384 0.937095 0.916468 0.736478 0.783126 0.939229 0.894796 0.806150 0.740006 0.629587 0.521183 0.859598 0.818224 0.819320 0.696371 0.885767 0.888748 0.929908 0.878485 0.904097 0.891124 0.941397 0.882061 0.300758 0.369114 0.870506 0.934205 0.692543 0.764271 0.364475 0.337879 0.971212 0.876058 0.853157 0.840756 0.590380 0.699830 0.476700 0.502394 0.730210 0.832385 0.946464 0.822439 0.623589 0.532947 0.536747 0.486938 0.299169 0.342371 0.517355 0.522933 0.842249 0.733174 0.933519 0.838696 0.947789 0.941333 0.807772 0.755428 0.928996 0.927392 0.920477 0.772741 0.736706 0.859054 0.615870 0.488721 0.843911 0.847584 0.583027 0.528664 0.692196 0.780435 0.892955 0.999276 0.854487 0.739620 0.719043 0.676538 0.759538 0.735751 0.821531 0.894355
0.560216 0.577808 0.597383 0.465189 0.814409 0.937072 0.388129 0.423217 0.812839 0.498049 0.525072 0.574134 0.660417 0.534618 0.596766 0.501084 0.428050 0.400519 0.000000 0.393954 0.883314 0.926483 0.448930 0.555914 0.814985 0.965143 0.879594 0.690885 0.525633 0.441519 0.556866 0.416105 0.386712 0.355807 0.883197 0.836342 0.759207 0.844045 0.841586 0.861421 0.957649 0.876814 0.482401 0.491601 0.857840 0.873889 0.695939 0.567183 0.734165 0.778844 0.864865 0.771196 0.925505 0.934584 0.997805 0.813961 0.470196 0.617206 0.786896 0.964279 0.662704 0.928013 0.335581 0.534468 0.827344 0.747970 0.582248 0.665357 0.697632 0.714370 0.435239 0.522570 0.671599 0.773047 0.886041 0.815530 0.639859 0.578089 0.550016 0.572088 0.393885 0.364790 0.611921 0.600671 0.620114 0.605411 0.834152 0.867557 0.876226 0.860036 0.668228 0.625867 0.799967 0.783871 0.961118 0.786599 0.720286 0.904698 0.593586 0.393014 0.913840 0.614412 0.545519 0.547149 0.707102 0.689961 0.914757 0.936620 0.855799 0.813205 0.727575 0.719666 0.758622 0.869839 0.807770 0.917988
0.542713 0.454532 0.925682 0.679778 0.999013 0.930838 0.698012 0.525359 0.852812 0.546669 0.492747 0.456164 0.718456 0.500693 0.663742 0.468062 0.405226 0.351086 0.393954 0.000000 0.903887 0.967873 0.698822 0.722454 0.936593 0.825173 0.912405 0.714561 0.502720 0.412924 0.784607 0.552858 0.619390 0.537349 0.867497 0.855848 0.741699 0.839393 0.972463 0.991308 0.848790 0.877608 0.675716 0.595047 0.972190 0.957422 0.904289 0.749594 0.798846 0.766546 0.843552 0.731199 0.849496 0.947274 0.874859 0.829870 0.399143 0.476902 0.945069 0.968514 0.807119 0.817508 0.431255 0.424201 0.867212 0.942236 0.860455 0.875866 0.588181 0.687096 0.418884 0.529063 0.634471 0.728743 0.986762 0.787587 0.723322 0.621938 0.561051 0.591179 0.376352 0.433701 0.688694 0.582378 0.991055 0.871730 0.925965 0.935869 0.759078 0.813199 0.701264 0.701040 0.877319 0.887313 0.925969 0.852545 0.800067 0.911462 0.618276 0.502816 0.840104 0.770337 0.609914 0.513071 0.804673 0.780998 0.940865 0.968018 0.858480 0.821549 0.778052 0.734459 0.827856 0.748155 0.853436 0.961547
0.987904 0.958593 0.794240 0.784821 0.874756 0.819711 0.803262 0.816181 0.993389 0.870655 0.877545 0.920841 0.725415 0.885885 0.682801 0.798796 0.873996 0.862891 0.883314 0.903887 0.000000 0.784097 0.798536 0.861796 0.777288 0.826895 0.814786 0.980057 0.958506 0.755367 0.854110 0.865119 0.831830 0.830567 0.989170 0.998355 0.883798 0.961359 0.968244 0.986499 0.922925 0.888100 0.828463 0.736020 0.966309 0.958659 0.898052 0.799971 0.849570 0.965409 0.946749 0.982805 0.933572 0.974592 0.802284 0.862104 0.962717 0.981123 0.917604 0.977676 0.812927 0.962182 0.879620 0.909203 0.768694 0.795566 0.838003 0.818058 0.994697 0.960337 0.915631 0.949645 0.943690 0.835542 0.855163 0.956797 0.942659 0.859007 0.909443 0.894481 0.880515 0.846431 0.995125 0.933053 0.899436 0.836780 0.970495 0.934650 0.906534 0.987323 0.969727 0.941757 0.894265 0.919519 0.968698 0.661638 0.841420 0.948382 0.989366 0.925492 0.986641 0.989052 0.849566 0.998249 0.882438 0.736470 0.976629 0.985279 0.783861 0.888131 0.891386 0.948456 0.919973 0.964892 0.875191 0.949671
0.890079 0.897524 0.785468 0.808645 0.822292 0.767591 0.833498 0.772113 0.877118 0.900758 0.921718 0.905603 0.886590 0.955025 0.872215 0.861408 0.932452 0.955258 0.926483 0.967873 0.784097 0.000000 0.835541 0.937936 0.759697 0.744668 0.789366 0.951615 0.903017 0.867354 0.801928 0.942182 0.852544 0.806932 0.895476 0.963094 0.924527 0.900152 0.903028 0.806901 0.995464 0.862031 0.785003 0.721435 0.739980 0.784018 0.845338 0.933332 0.934297 0.839298 0.925683 0.818785 0.877787 0.914957 0.872636 0.762110 0.950722 0.943358 0.810592 0.899276 0.886079 0.921624 0.991475 0.949856 0.825437 0.792999 0.785811 0.808854 0.870590 0.830855 0.833530 0.924183 0.990055 0.888228 0.793945 0.997930 0.889722 0.883638 0.829016 0.923655 0.935399 0.948784 0.931020 0.965442 0.927230 0.940825 0.997308 0.980897 0.847411 0.940986 0.832650 0.865168 0.811616 0.867533 0.837925 0.705620 0.970757 0.983903 0.769353 0.795947 0.885759 0.880221 0.904507 0.858386 0.854203 0.763425 0.956193 0.897286 0.943116 0.895258 0.792937 0.996299 0.909529 0.994236 0.928901 0.810373
0.965383 0.898936 0.494550 0.402386 0.840844 0.898433 0.399146 0.530279 0.909219 0.585963 0.889975 0.893268 0.713620 0.673474 0.584458 0.541886 0.708862 0.646321 0.448930 0.698822 0.798536 0.835541 0.000000 0.354595 0.608773 0.745362 0.961812 0.874898 0.753786 0.588540 0.459749 0.429744 0.530948 0.553880 0.875226 0.842624 0.776997 0.893787 0.747419 0.894198 0.924525 0.846267 0.423449 0.558678 0.875227 0.946044 0.752809 0.658667 0.647575 0.809076 0.763094 0.784522 0.973565 0.828217 0.959446 0.721677 0.819848 0.950025 0.993178 0.713984 0.885370 0.843572 0.639564 0.866451 0.575318 0.695372 0.638329 0.744261 0.899679 0.988065 0.536126 0.648234 0.873831 0.924182 0.833295 0.915646 0.656797 0.668370 0.733352 0.731462 0.668911 0.574908 0.705435 0.767895 0.459829 0.434159 0.733933 0.789369 0.988642 0.898401 0.775248 0.641433 0.839596 0.798161 0.912149 0.682046 0.957006 0.975492 0.854920 0.512767 0.942864 0.692572 0.803426 0.760179 0.841623 0.666814 0.950150 0.978800 0.923191 0.826014 0.892308 0.781972 0.778318 0.935529 0.935447 0.909844
0.994621 0.891279 0.700714 0.492461 0.987880 0.992099 0.568135 0.592168 0.936636 0.668199 0.896728 0.854213 0.775812 0.668753 0.680348 0.549788 0.738788 0.685832 0.555914 0.722454 0.861796 0.937936 0.354595 0.000000 0.676917 0.925391 0.950265 0.876488 0.745283 0.601047 0.642624 0.474032 0.695258 0.687935 0.985279 0.938485 0.807825 0.885715 0.810753 0.980556 0.925990 0.932159 0.613156 0.750717 0.906724 0.878272 0.920119 0.814972 0.645515 0.726919 0.749586 0.742195 0.987760 0.828221 0.882130 0.623574 0.805238 0.912526 0.838236 0.633610 0.959801 0.880912 0.684976 0.831067 0.825272 0.886345 0.858227 0.994480 0.899890 0.942461 0.620829 0.684676 0.765067 0.779586 0.913665 0.890915 0.722284 0.802562 0.734182 0.718604 0.680474 0.578632 0.760650 0.760669 0.618492 0.502747 0.862003 0.774039 0.951011 0.952672 0.832474 0.719223 0.916301 0.896890 0.827456 0.748890 0.992866 0.988963 0.921052 0.590310 0.956991 0.718223 0.831056 0.757056 0.810680 0.808473 0.844454 0.973067 0.939957 0.954436 0.980079 0.853915 0.859791 0.892107 0.856196 0.997533
0.854752 0.932796 0.515603 0.703906 0.783119 0.924924 0.660046 0.895716 0.855816 0.901887 0.979747 0.865063 0.879756 0.980060 0.742552 0.911992 0.958933 0.950397 0.814985 0.936593 0.777288 0.759697 0.608773 0.676917 0.000000 0.573099 0.797999 0.876251 0.950706 0.827430 0.623870 0.775826 0.788561 0.722720 0.754893 0.962532 0.926337 0.896184 0.749957 0.899262 0.944832 0.984725 0.656777 0.766659 0.830478 0.864259 0.757866 0.725006 0.848803 0.963667 0.899552 0.930727 0.963097 0.959455 0.986397 0.854389 0.928898 0.852114 0.954569 0.793288 0.913644 0.792117 0.962383 0.847347 0.519718 0.755371 0.711618 0.801416 0.909370 0.957806 0.965532 0.996028 0.931140 0.966577 0.867809 0.965753 0.770111 0.903501 0.868610 0.989326 0.967818 0.928787 0.990177 0.982062 0.633127 0.663787 0.842487 0.964122 0.955180 0.997563 0.952683 0.949768 0.934392 0.878799 0.876554 0.797128 0.851084 0.978700 0.971251 0.861676 0.864821 0.998942 0.922649 0.931280 0.853719 0.724770 0.999271 0.958788 0.995697 0.970836 0.870368 0.958161 0.967705 0.971294 0.980240 0.769146
0.868617 0.766315 0.472414 0.649456 0.887322 0.814960 0.637347 0.879083 0.924579 0.855628 0.991914 0.733835 0.970704 0.819411 0.956073 0.995165 0.884744 0.845863 0.965143 0.825173 0.826895 0.744668 0.745362 0.925391 0.573099 0.000000 0.755752 0.771516 0.869551 0.991033 0.616133 0.849397 0.811170 0.788750 0.545552 0.835920 0.910798 0.967081 0.689756 0.843033 0.988963 0.941377 0.694036 0.730663 0.780031 0.801074 0.647579 0.673464 0.885633 0.879469 0.978877 0.889151 0.901174 0.975873 0.852083 0.879748 0.784271 0.747718 0.714064 0.943869 0.808925 0.893934 0.940574 0.784112 0.493881 0.609194 0.549544 0.563138 0.931151 0.998662 0.932700 0.900213 0.925267 0.893082 0.742088 0.942338 0.987884 0.945371 0.949157 0.960933 0.896647 0.979354 0.913624 0.906163 0.682746 0.732978 0.989529 0.897082 0.832697 0.849098 0.924295 0.960448 0.936164 0.964745 0.996899 0.949455 0.981171 0.978772 0.862733 0.998161 0.835426 0.924183 0.951593 0.895268 0.998606 0.729298 0.945129 0.932185 0.987029 0.890036 0.976994 0.863307 0.970214 0.946845 0.927719 0.815335
0.874936 0.918524 0.909880 0.981206 0.879575 0.996188 0.930167 0.856396 0.855234 0.813285 0.886051 0.897102 0.920692 0.930757 0.886637 0.940584 0.928246 0.973865 0.879594 0.912405 0.814786 0.789366 0.961812 0.950265 0.797999 0.755752 0.000000 0.831722 0.968978 0.932658 0.856426 0.880130 0.991680 0.974475 0.977251 0.970423 0.970319 0.906912 0.881094 0.928116 0.955690 0.875210 0.966163 0.835611 0.935458 0.961040 0.956213 0.938123 0.930502 0.805056 0.981573 0.889658 0.990975 0.965094 0.966638 0.845248 0.937357 0.963436 0.984684 0.960638 0.988886 0.921766 0.890256 0.912162 0.709331 0.863343 0.967102 0.974066 0.952662 0.897316 0.960616 0.944152 0.862174 0.835264 0.848607 0.998553 0.942725 0.808730 0.956593 0.972115 0.890592 0.925412 0.972751 0.981356 0.964768 0.822609 0.895788 0.835418 0.771427 0.944910 0.724059 0.827824 0.757986 0.912351 0.921187 0.985237 0.792069 0.987165 0.731550 0.792273 0.978202 0.958934 0.916599 0.889290 0.926516 0.955928 0.988723 0.843163 0.989783 0.950804 0.941735 0.984535 0.930298 0.956968 0.949742 0.954899
0.833477 0.871898 0.960329 0.853801 0.895730 0.779131 0.819893 0.804368 0.952483 0.849275 0.851712 0.859782 0.955881 0.830000 0.955315 0.890880 0.794232 0.801671 0.690885 0.714561 0.980057 0.951615 0.874898 0.876488 0.876251 0.771516 0.831722 0.000000 0.820070 0.827912 0.958334 0.851862 0.884446 0.827658 0.998476 0.819268 0.902460 0.969799 0.817096 0.877162 0.977839 0.918509 0.882494 0.900991 0.961522 0.914892 0.888337 0.835411 0.829163 0.837280 0.861867 0.753920 0.864199 0.834175 0.981357 0.909450 0.757413 0.858650 0.969550 0.907705 0.921071 0.915355 0.835295 0.885463 0.955316 0.913147 0.904299 0.937227 0.773064 0.869946 0.755691 0.869470 0.714949 0.735694 0.867393 0.883302 0.931746 0.912308 0.871889 0.818507 0.808363 0.845016 0.822367 0.816674 0.958996 0.945518 0.888383 0.891881 0.881310 0.750483 0.823385 0.799626 0.967970 0.841628 0.985803 0.982383 0.951329 0.994180 0.838470 0.750568 0.983715 0.759968 0.879722 0.760728 0.813937 0.896280 0.939007 0.951345 0.933107 0.937584 0.765203 0.861336 0.932155 0.999876 0.886757 0.858856
0.684918 0.538699 0.928684 0.808664 0.842907 0.982753 0.762727 0.613794 0.783267 0.728234 0.634076 0.509199 0.598960 0.500214 0.550930 0.489526 0.438998 0.378695 0.525633 0.502720 0.958506 0.903017 0.753786 0.745283 0.950706 0.869551 0.968978 0.820070 0.000000 0.411406 0.793809 0.660817 0.573737 0.516691 0.983907 0.954388 0.869752 0.965322 0.980623 0.946660 0.793942 0.831958 0.626774 0.558459 0.767235 0.706798 0.711119 0.628301 0.983331 0.951437 0.976186 0.965631 0.922036 0.978292 0.942393 0.897122 0.463570 0.491717 0.833272 0.871907 0.687228 0.698624 0.503309 0.455592 0.996007 0.811965 0.808081 0.798355 0.629528 0.645104 0.699486 0.751365 0.754723 0.846659 0.923461 0.715695 0.711320 0.567058 0.603132 0.545756 0.424045 0.489233 0.563990 0.574815 0.830188 0.759004 0.916359 0.863818 0.981967 0.954975 0.872804 0.816468 0.943574 0.979074 0.847152 0.799684 0.801863 0.813299 0.647418 0.573176 0.811716 0.751660 0.680558 0.628183 0.731201 0.824679 0.999265 0.954122 0.893670 0.758001 0.665723 0.759201 0.819579 0.775350 0.915470 0.854293
0.621091 0.501481 0.781670 0.584651 0.918613 0.947028 0.611308 0.484522 0.867217 0.570270 0.548510 0.459536 0.547911 0.451456 0.531168 0.345115 0.363482 0.294282 0.441519 0.412924 0.755367 0.867354 0.588540 0.601047 0.827430 0.991033 0.932658 0.827912 0.411406 0.000000 0.653061 0.559916 0.543916 0.449417 0.980116 0.906777 0.702387 0.702775 0.984576 0.876089 0.804601 0.805538 0.501897 0.408475 0.857457 0.760401 0.723711 0.554812 0.877084 0.993100 0.991719 0.962826 0.957841 0.956258 0.943081 0.888252 0.398453 0.488260 0.823397 0.945887 0.647424 0.708817 0.432866 0.395930 0.923715 0.734372 0.778906 0.784205 0.691084 0.678347 0.522433 0.573788 0.665215 0.756608 0.845030 0.786718 0.676592 0.563929 0.517987 0.569818 0.372053 0.404422 0.534798 0.559028 0.831725 0.721228 0.994660 0.804905 0.956665 0.980101 0.836518 0.825012 0.984452 0.965117 0.956773 0.722933 0.823050 0.797139 0.690799 0.518849 0.820599 0.809034 0.622052 0.506616 0.641610 0.703360 0.910140 0.976523 0.763371 0.673369 0.735931 0.753482 0.700908 0.789405 0.843461 0.851528
0.794748 0.878202 0.445153 0.420396 0.867432 0.808395 0.384824 0.561641 0.784191 0.545572 0.770042 0.923243 0.755057 0.784388 0.732764 0.735156 0.723433 0.738871 0.556866 0.784607 0.854110 0.801928 0.459749 0.642624 0.623870 0.616133 0.856426 0.958334 0.793809 0.653061 0.000000 0.552055 0.493037 0.445287 0.679304 0.902515 0.775174 0.856740 0.628519 0.836065 0.954849 0.859734 0.416439 0.489416 0.691059 0.716088 0.608593 0.608691 0.871775 0.991838 0.975123 0.965349 0.825124 0.863069 0.850100 0.998085 0.835488 0.940562 0.711072 0.982710 0.683717 0.941711 0.658819 0.852833 0.598333 0.679260 0.497190 0.598866 0.949242 0.891225 0.674534 0.749110 0.857716 0.925807 0.831951 0.832254 0.746394 0.782005 0.768703 0.769931 0.735286 0.681413 0.853867 0.919584 0.601833 0.663075 0.893039 0.999049 0.892735 0.940165 0.774913 0.757778 0.859724 0.757892 0.980454 0.927034 0.836024 0.922762 0.822053 0.690667 0.888173 0.592972 0.783382 0.805321 0.945906 0.624067 0.932227 0.821400 0.968426 0.857386 0.865255 0.823586 0.748753 0.998985 0.871212 0.858218
0.830459 0.839764 0.629776 0.512766 0.934515 0.943983 0.472325 0.535768 0.924477 0.566930 0.736821 0.827312 0.814167 0.634157 0.710147 0.602299 0.625214 0.588729 0.416105 0.552858 0.865119 0.942182 0.429744 0.474032 0.775826 0.849397 0.880130 0.851862 0.660817 0.559916 0.552055 0.000000 0.547883 0.496823 0.921587 0.774842 0.848351 0.958962 0.881423 0.964245 0.962986 0.975965 0.499511 0.645724 0.982321 0.973011 0.788088 0.675370 0.658021 0.710562 0.822600 0.773264 0.995408 0.876396 0.987316 0.785649 0.707853 0.860636 0.997659 0.790256 0.889077 0.875959 0.529396 0.727442 0.806478 0.831433 0.684212 0.771292 0.964510 0.907480 0.614034 0.698222 0.787405 0.817431 0.909204 0.848904 0.827939 0.643590 0.586774 0.683988 0.557463 0.477413 0.696200 0.712361 0.595435 0.568180 0.905662 0.761413 0.907094 0.977327 0.842367 0.745695 0.870971 0.916209 0.912921 0.724290 0.842575 0.898694 0.838688 0.520578 0.908474 0.666373 0.743319 0.666252 0.878975 0.769893 0.966298 0.963181 0.918177 0.824848 0.834609 0.889360 0.881581 0.886379 0.845762 0.995508
0.527772 0.638382 0.530410 0.490613 0.735482 0.898733 0.416033 0.498694 0.854332 0.643313 0.595275 0.629557 0.584316 0.625379 0.603358 0.577277 0.524074 0.499721 0.386712 0.619390 0.831830 0.852544 0.530948 0.695258 0.788561 0.811170 0.991680 0.884446 0.573737 0.543916 0.493037 0.547883 0.000000 0.319221 0.751593 0.840582 0.722781 0.779940 0.749533 0.747070 0.912315 0.785673 0.455665 0.429653 0.678819 0.676970 0.671695 0.549276 0.882203 0.977519 0.992625 0.999328 0.929326 0.976183 0.817369 0.994308 0.586782 0.662514 0.606891 0.811949 0.510557 0.885244 0.400182 0.565929 0.718611 0.643757 0.484596 0.490443 0.760535 0.689070 0.599372 0.587587 0.865520 0.953968 0.901050 0.976100 0.660366 0.618002 0.626030 0.630215 0.513952 0.434402 0.689342 0.606089 0.591304 0.527629 0.923086 0.898593 0.908062 0.985865 0.780746 0.717098 0.813374 0.845159 0.940483 0.825482 0.837678 0.930875 0.667472 0.609659 0.908786 0.655468 0.615195 0.626285 0.631135 0.638106 0.930932 0.960104 0.944615 0.811061 0.716318 0.774498 0.780260 0.845186 0.764492 0.965335
0.554909 0.636842 0.494635 0.442019 0.740623 0.837107 0.366796 0.450243 0.734611 0.560124 0.545546 0.662538 0.582422 0.649755 0.593784 0.561303 0.494483 0.476384 0.355807 0.537349 0.830567 0.806932 0.553880 0.687935 0.722720 0.788750 0.974475 0.827658 0.516691 0.449417 0.445287 0.496823 0.319221 0.000000 0.687351 0.852013 0.686525 0.814142 0.698618 0.747458 0.886933 0.858895 0.403159 0.366176 0.664502 0.662076 0.565359 0.431626 0.856002 0.991213 0.979920 0.984136 0.942990 0.988001 0.825056 0.980490 0.559364 0.670432 0.569061 0.814956 0.489989 0.842156 0.393895 0.576464 0.683618 0.589305 0.421990 0.449475 0.663270 0.656349 0.580803 0.669558 0.774615 0.921512 0.854477 0.819496 0.711467 0.590477 0.505246 0.614326 0.442733 0.406777 0.693959 0.618194 0.620008 0.590803 0.982368 0.971773 0.930645 0.970179 0.737833 0.715880 0.815446 0.782703 0.930501 0.814983 0.755571 0.833901 0.626518 0.543578 0.900533 0.587144 0.599198 0.563201 0.618309 0.605882 0.888322 0.942601 0.931142 0.736401 0.631226 0.748145 0.703939 0.827514 0.766425 0.855983
0.975487 0.924903 0.603356 0.723950 0.822528 0.755774 0.669062 0.784572 0.790698 0.771100 0.987317 0.820636 0.948210 0.874595 0.980101 0.969757 0.951614 0.937095 0.883197 0.867497 0.989170 0.895476 0.875226 0.985279 0.754893 0.545552 0.977251 0.998476 0.983907 0.980116 0.679304 0.921587 0.751593 0.687351 0.000000 0.803410 0.886679 0.979192 0.619870 0.947053 0.950967 0.952563 0.722088 0.721171 0.647594 0.727081 0.821075 0.695946 0.928478 0.907082 0.970820 0.893219 0.799625 0.926497 0.786165 0.885068 0.932269 0.880249 0.638219 0.820075 0.683174 0.950179 0.954832 0.911553 0.640897 0.616803 0.503001 0.516937 0.951735 0.942181 0.948681 0.844473 0.986716 0.912246 0.852458 0.889900 0.936781 0.988000 0.984117 0.997348 0.965187 0.923785 0.942993 0.993912 0.782476 0.812553 0.953002 0.867740 0.947098 0.842884 0.862881 0.902740 0.753305 0.801102 0.993605 0.962777 0.787432 0.918258 0.908254 0.885753 0.959635 0.799744 0.894829 0.985457 0.916717 0.729536 0.894491 0.891546 0.910474 0.909462 0.803603 0.796645 0.955711 0.939007 0.909938 0.943935
0.938610 0.926454 0.847978 0.891966 0.945331 0.842242 0.864869 0.851271 0.997832 0.872437 0.963688 0.995753 0.936373 0.945348 0.955683 0.998615 0.902913 0.916468 0.836342 0.855848 0.998355 0.963094 0.842624 0.938485 0.962532 0.835920 0.970423 0.819268 0.954388 0.906777 0.902515 0.774842 0.840582 0.852013 0.803410 0.000000 0.927282 0.841828 0.869418 0.952769 0.865805 0.969474 0.818042 0.833101 0.899819 0.977706 0.914531 0.844404 0.887768 0.890743 0.976986 0.989504 0.987571 0.945272 0.919841 0.997012 0.874503 0.955395 0.971143 0.946516 0.893970 0.962733 0.935547 0.932282 0.873319 0.801494 0.804079 0.785675 0.905431 0.938249 0.787197 0.991061 0.916842 0.977557 0.841405 0.934692 0.974268 0.888939 0.884517 0.975628 0.880694 0.928694 0.742669 0.908665 0.992270 0.864891 0.874462 0.962323 0.936488 0.951152 0.994585 0.887701 0.925073 0.985203 0.964526 0.840269 0.940903 0.965062 0.952800 0.836503 0.967042 0.968190 0.935396 0.902538 0.979171 0.922415 0.756340 0.907019 0.885495 0.984037 0.817536 0.869760 0.974995 0.885152 0.828978 0.840320
0.712462 0.715364 0.876598 0.681645 0.975432 0.785279 0.793721 0.703815 0.861393 0.718621 0.913430 0.716947 0.819075 0.857835 0.824992 0.711949 0.762960 0.736478 0.759207 0.741699 0.883798 0.924527 0.776997 0.807825 0.926337 0.910798 0.970319 0.902460 0.869752 0.702387 0.775174 0.848351 0.722781 0.686525 0.886679 0.927282 0.000000 0.677691 0.973701 0.994491 0.784152 0.827004 0.787619 0.715680 0.953649 0.889344 0.975038 0.836543 0.971650 0.988261 0.965678 0.961147 0.920975 0.974623 0.953642 0.930622 0.704610 0.712320 0.894363 0.992722 0.800097 0.786307 0.743945 0.708931 0.966630 0.797506 0.914833 0.862639 0.863358 0.860384 0.604638 0.705668 0.890801 0.925900 0.955213 0.994737 0.784949 0.761183 0.784500 0.973569 0.734329 0.751467 0.841071 0.690814 0.969719 0.860248 0.864365 0.972990 0.902557 0.922704 0.801685 0.762566 0.850520 0.796772 0.808053 0.982330 0.789682 0.734614 0.807044 0.757808 0.946225 0.819692 0.877220 0.778572 0.741967 0.778459 0.902584 0.792042 0.835951 0.943027 0.847393 0.614125 0.807652 0.924212 0.928715 0.928749
0.691144 0.706142 0.905744 0.759698 0.998972 0.830995 0.879848 0.808607 0.823079 0.856078 0.946327 0.787560 0.958701 0.885290 0.868373 0.853016 0.811664 0.783126 0.844045 0.839393 0.961359 0.900152 0.893787 0.885715 0.896184 0.967081 0.906912 0.969799 0.965322 0.702775 0.856740 0.958962 0.779940 0.814142 0.979192 0.841828 0.677691 0.000000 0.973601 0.784060 0.928274 0.969041 0.755174 0.689733 0.857902 0.828823 0.995900 0.854107 0.816044 0.806757 0.759082 0.760523 0.840132 0.802075 0.946486 0.992788 0.756571 0.754319 0.854487 0.876649 0.793850 0.775630 0.816242 0.751903 0.937091 0.823314 0.969911 0.924600 0.840624 0.737431 0.728585 0.731663 0.981629 0.902293 0.878341 0.975258 0.836857 0.911057 0.908774 0.946980 0.875789 0.884256 0.876790 0.794534 0.995547 0.865892 0.841942 0.948002 0.906886 0.855948 0.985451 0.911973 0.831676 0.948061 0.993254 0.944555 0.928646 0.890117 0.895286 0.877209 0.896243 0.912399 0.946183 0.762993 0.825067 0.788953 0.812408 0.800012 0.765824 0.899054 0.858538 0.897506 0.779502 0.838635 0.964654 0.846729
