0.000000 0.598046 0.724125 0.726101 0.921469 0.904008 0.584887 0.506102 0.883199 0.546668 0.558255 0.543943 0.706057 0.872613 0.901619 0.913819 0.518585 0.481024 0.551300 0.663356 0.872341 0.908175 0.864299 0.639723 0.867876 0.947773 0.857627 0.960176 0.707848 0.667818 0.956011 0.860634 0.591845 0.513773 0.703010 0.933781 0.937439 0.863645 0.941081 0.896379 0.773111 0.905360 0.829953 0.829869 0.757883 0.652738 0.619444 0.706995 0.796458 0.945663 0.926523 0.752310 0.830698 0.808140 0.740753 0.690022 0.540306 0.673116 0.596820 0.852027 0.461957 0.513359 0.458039 0.427005 0.960533 0.809300 0.729504 0.798192 0.767474 0.722025 0.982243 0.939059 0.942759 0.908168 0.990354 0.885577 0.875382 0.818292 0.643464 0.872308 0.479034 0.541641 0.960277 0.725673 0.837648 0.877866 0.803694 0.846895 0.859897 0.667500 0.812239 0.904234 0.856598 0.905843 0.765141 0.778135 0.790323 0.886990 0.591771 0.726355 0.855338 0.866083 0.674721 0.697808 0.923280 0.777834 0.829787 0.917189 0.867303 0.990302 0.914195 0.754430 0.897949 0.845572 0.868629 0.932949
0.598046 0.000000 0.911845 0.778079 0.880156 0.822123 0.876240 0.671667 0.994773 0.842017 0.858206 0.626321 0.675923 0.614671 0.847120 0.752931 0.676317 0.632494 0.642751 0.774756 0.961176 0.935544 0.996437 0.946330 0.995102 0.920704 0.986182 0.889061 0.832799 0.679939 0.917275 0.989191 0.666238 0.705058 0.855589 0.950999 0.971872 0.872008 0.937922 0.956015 0.931102 0.966593 0.715723 0.657687 0.741054 0.661510 0.730673 0.675061 0.742218 0.880336 0.967894 0.952734 0.991697 0.997087 0.816873 0.938487 0.634647 0.607485 0.776496 0.832458 0.717712 0.646817 0.760585 0.707421 0.917834 0.766558 0.930629 0.849781 0.804029 0.660165 0.864284 0.869232 0.873344 0.959233 0.995737 0.904352 0.815732 0.733786 0.763871 0.967787 0.686722 0.718150 0.989966 0.856678 0.969323 0.866067 0.995988 0.924433 0.934962 0.860272 0.963723 0.899321 0.956124 0.882301 0.828812 0.822244 0.826076 0.904487 0.754356 0.811590 0.865067 0.967673 0.802021 0.708674 0.970620 0.878782 0.945898 0.875984 0.953656 0.913058 0.978911 0.791438 0.796871 0.854200 0.884660 0.987479
0.724125 0.911845 0.000000 0.452325 0.882501 0.991569 0.344804 0.502787 0.707130 0.575921 0.736479 0.901780 0.916882 0.808292 0.710961 0.641978 0.879473 0.760478 0.720406 0.754263 0.864162 0.951201 0.879928 0.948481 0.935779 0.978950 0.928428 0.912700 0.954313 0.961876 0.930708 0.979155 0.585258 0.604031 0.691351 0.857465 0.970345 0.869056 0.898348 0.792088 0.925523 0.830112 0.749757 0.786390 0.743489 0.761137 0.775142 0.820819 0.983697 0.950747 0.964525 0.932278 0.844944 0.838752 0.803788 0.751899 0.840533 0.987803 0.664199 0.726568 0.530535 0.698746 0.783580 0.802609 0.561801 0.648042 0.482572 0.530253 0.987648 0.861719 0.915119 0.941480 0.947080 0.942245 0.927793 0.953579 0.694611 0.920817 0.915504 0.938260 0.727396 0.682883 0.899815 0.881552 0.689841 0.755278 0.814892 0.864377 0.819753 0.665088 0.585659 0.709559 0.488268 0.710672 0.794715 0.729786 0.625096 0.808308 0.567106 0.607483 0.742784 0.911068 0.719444 0.750521 0.765681 0.611075 0.883572 0.805605 0.838026 0.920075 0.676112 0.736309 0.849831 0.847368 0.981701 0.983426
0.726101 0.778079 0.452325 0.000000 0.985888 0.817992 0.491840 0.422537 0.884681 0.723472 0.798027 0.761800 0.880407 0.952960 0.695178 0.819696 0.985057 0.807609 0.783483 0.777469 0.867457 0.868641 0.965067 0.988523 0.863909 0.888868 0.991578 0.955454 0.881528 0.963025 0.912640 0.936005 0.675911 0.580163 0.651998 0.837581 0.999871 0.963465 0.725878 0.669119 0.853609 0.906861 0.619608 0.626772 0.740358 0.702666 0.660273 0.659824 0.979245 0.925912 0.909819 0.960732 0.817285 0.834488 0.898706 0.718562 0.986989 0.968459 0.731890 0.650560 0.609804 0.604327 0.911193 0.875787 0.554525 0.437724 0.432374 0.412951 0.829579 0.805810 0.699949 0.718263 0.926280 0.881131 0.993575 0.982105 0.639584 0.852436 0.828303 0.980271 0.786884 0.753689 0.790043 0.986420 0.876659 0.746354 0.788022 0.681555 0.975871 0.685508 0.627006 0.742729 0.512860 0.702896 0.784562 0.698077 0.619762 0.758304 0.500784 0.685791 0.730520 0.850320 0.694886 0.659439 0.718670 0.666813 0.935611 0.800734 0.821032 0.936689 0.658255 0.732313 0.928116 0.790872 0.964358 0.929493
0.921469 0.880156 0.882501 0.985888 0.000000 0.919591 0.873644 0.978607 0.667140 0.916838 0.944485 0.919718 0.908247 0.976729 0.744310 0.909459 0.845128 0.948929 0.892771 0.836380 0.970271 0.924541 0.588616 0.673204 0.992352 0.874125 0.926120 0.772800 0.843391 0.821773 0.813127 0.821784 0.911435 0.980293 0.893190 0.959581 0.934544 0.853129 0.931330 0.923784 0.976881 0.919409 0.720550 0.727427 0.964553 0.879007 0.864510 0.796153 0.931752 0.984675 0.962443 0.859843 0.827835 0.763847 0.973237 0.994535 0.942446 0.789807 0.843930 0.928752 0.849871 0.957579 0.906841 0.962904 0.723768 0.914148 0.919214 0.896077 0.853881 0.959615 0.966348 0.981779 0.703000 0.783845 0.958746 0.934139 0.925302 0.813414 0.873868 0.967475 0.913995 0.866565 0.751011 0.792339 0.642231 0.635170 0.827384 0.750576 0.805850 0.811765 0.927061 0.963643 0.962861 0.981213 0.935870 0.990636 0.887173 0.799151 0.946042 0.987514 0.930650 0.832017 0.804609 0.856300 0.929074 0.944639 0.977501 0.963003 0.792585 0.988820 0.980440 0.961612 0.951023 0.997428 0.925829 0.855883
0.904008 0.822123 0.991569 0.817992 0.919591 0.000000 0.995729 0.819535 0.967954 0.970151 0.948998 0.797976 0.785546 0.839471 0.986487 0.768182 0.901932 0.943693 0.957582 0.888795 0.982943 0.779012 0.881909 0.920764 0.978449 0.915844 0.839274 0.772522 0.883414 0.931031 0.921287 0.834884 0.918676 0.964194 0.872577 0.967545 0.969193 0.852755 0.913264 0.920580 0.854687 0.962687 0.988197 0.964726 0.871654 0.887576 0.980141 0.976288 0.860681 0.856055 0.943030 0.836491 0.932958 0.982644 0.940951 0.954142 0.922017 0.933100 0.971974 0.955867 0.911096 0.809313 0.883168 0.895386 0.898179 0.787274 0.992253 0.941457 0.952176 0.858319 0.697319 0.712192 0.988233 0.979715 0.963410 0.868275 0.838207 0.834111 0.945991 0.986776 0.938630 0.891953 0.696239 0.774223 0.780478 0.990425 0.877139 0.712191 0.906072 0.990434 0.854842 0.888120 0.773689 0.863812 0.903264 0.894646 0.956547 0.954094 0.869839 0.948420 0.932830 0.778629 0.959425 0.896506 0.847104 0.884334 0.932387 0.969304 0.988141 0.988181 0.886149 0.971212 0.949294 0.896667 0.779673 0.790316
0.584887 0.876240 0.344804 0.491840 0.873644 0.995729 0.000000 0.456843 0.615475 0.461809 0.660931 0.798387 0.806541 0.800621 0.735992 0.647962 0.746366 0.647916 0.602599 0.689221 0.934055 0.967207 0.875500 0.881894 0.944634 0.935413 0.858289 0.839146 0.898729 0.916752 0.902559 0.908803 0.513139 0.532285 0.636366 0.894866 0.963790 0.856405 0.954257 0.892339 0.853578 0.834635 0.821753 0.858161 0.746180 0.700898 0.798392 0.828887 0.995481 0.970982 0.987826 0.915792 0.796365 0.826534 0.760347 0.708138 0.768991 0.889633 0.631998 0.727549 0.393359 0.590907 0.592039 0.625655 0.631679 0.659640 0.502748 0.591344 0.923619 0.856761 0.983246 0.952575 0.962435 0.927815 0.973054 0.907466 0.765761 0.949457 0.790925 0.858373 0.581557 0.581928 0.937819 0.797958 0.623776 0.761178 0.794256 0.862040 0.812217 0.658503 0.521334 0.719895 0.497617 0.776781 0.740060 0.733930 0.568390 0.806572 0.476749 0.584550 0.825167 0.939247 0.680535 0.693282 0.780818 0.652007 0.800896 0.784439 0.768489 0.914736 0.666195 0.717449 0.867685 0.808657 0.919753 0.922712
0.506102 0.671667 0.502787 0.422537 0.978607 0.819535 0.456843 0.000000 0.839372 0.478050 0.512865 0.480704 0.685719 0.924043 0.668635 0.853137 0.749209 0.650510 0.648513 0.613502 0.927445 0.999687 0.867455 0.758450 0.815655 0.880784 0.879100 0.863938 0.909286 0.838569 0.984098 0.815816 0.619570 0.422308 0.701846 0.914255 0.971515 0.846344 0.774669 0.692843 0.857645 0.903837 0.750527 0.776506 0.852829 0.748403 0.684920 0.708760 0.941280 0.790051 0.867547 0.729501 0.617338 0.601527 0.730114 0.702647 0.858210 0.825131 0.530425 0.532528 0.404310 0.354263 0.677685 0.579170 0.801732 0.470361 0.516712 0.476191 0.990917 0.693188 0.857614 0.868290 0.993600 0.926432 0.987228 0.956142 0.652532 0.795525 0.792720 0.914240 0.678527 0.709654 0.726997 0.923383 0.979120 0.915544 0.701988 0.579918 0.896146 0.674749 0.729852 0.987618 0.644505 0.980940 0.772581 0.759776 0.560870 0.782289 0.458543 0.729715 0.688634 0.994315 0.594347 0.690817 0.795072 0.665684 0.866559 0.838864 0.779494 0.902417 0.703354 0.788106 0.909409 0.753396 0.977165 0.994995
0.883199 0.994773 0.707130 0.884681 0.667140 0.967954 0.615475 0.839372 0.000000 0.678022 0.885739 0.984956 0.710720 0.855627 0.848188 0.963833 0.859000 0.869603 0.834952 0.886999 0.955147 0.959907 0.652298 0.898388 0.883112 0.905184 0.933976 0.862488 0.844323 0.926851 0.909728 0.957561 0.809956 0.912281 0.924953 0.892735 0.979470 0.753072 0.896727 0.820290 0.937151 0.915321 0.873639 0.842298 0.990631 0.968906 0.922961 0.819734 0.960822 0.973473 0.964225 0.968090 0.909176 0.892380 0.950806 0.951686 0.843258 0.832035 0.974297 0.964972 0.627379 0.834368 0.752395 0.800129 0.661395 0.900009 0.979904 0.897668 0.862723 0.920842 0.892922 0.820971 0.843687 0.996040 0.875970 0.959647 0.905343 0.972623 0.804551 0.938363 0.795813 0.790884 0.788522 0.820514 0.607650 0.701039 0.866317 0.845042 0.840048 0.748604 0.797182 0.819985 0.797830 0.876493 0.928620 0.947416 0.792531 0.999065 0.893774 0.736609 0.948894 0.966856 0.968712 0.903077 0.806811 0.944792 0.965060 0.983730 0.791781 0.948706 0.800122 0.984373 0.927218 0.801148 0.966009 0.807917
0.546668 0.842017 0.575921 0.723472 0.916838 0.970151 0.461809 0.478050 0.678022 0.000000 0.527419 0.669099 0.742981 0.895579 0.793201 0.795555 0.678380 0.618694 0.597807 0.585274 0.894156 0.922167 0.973881 0.738290 0.638527 0.682779 0.821710 0.759418 0.815561 0.848076 0.972504 0.859163 0.646614 0.553664 0.768796 0.876103 0.994040 0.836186 0.946865 0.933197 0.925947 0.918859 0.954231 0.945837 0.952688 0.878960 0.777279 0.954981 0.934133 0.898683 0.851467 0.840866 0.667365 0.629754 0.743643 0.790348 0.793493 0.730242 0.513432 0.572875 0.413012 0.506858 0.522488 0.458446 0.960748 0.772110 0.649428 0.718399 0.777980 0.765937 0.886413 0.886556 0.954521 0.984512 0.894890 0.884719 0.910672 0.950726 0.817162 0.834812 0.605809 0.643300 0.881715 0.795300 0.800690 0.997355 0.767426 0.832612 0.832245 0.671811 0.739344 0.987145 0.743522 0.942750 0.807789 0.731742 0.568531 0.905172 0.577268 0.701589 0.788492 0.896812 0.601463 0.753927 0.759573 0.650572 0.856335 0.886773 0.778656 0.868946 0.841087 0.885395 0.970008 0.856338 0.915400 0.865974
0.558255 0.858206 0.736479 0.798027 0.944485 0.948998 0.660931 0.512865 0.885739 0.527419 0.000000 0.476126 0.680510 0.980554 0.665308 0.838815 0.623319 0.690089 0.800651 0.724000 0.895908 0.889041 0.663818 0.585852 0.732607 0.803054 0.812212 0.915580 0.803671 0.846745 0.805127 0.739876 0.789279 0.513007 0.773299 0.975891 0.891512 0.890200 0.954288 0.845673 0.804896 0.842766 0.950923 0.972649 0.963303 0.832478 0.770352 0.922307 0.963365 0.752294 0.646847 0.524598 0.571602 0.543492 0.736597 0.704602 0.891712 0.887761 0.659283 0.776343 0.526350 0.490515 0.604844 0.515985 0.869573 0.831469 0.743680 0.792827 0.823603 0.704688 0.791003 0.899238 0.797387 0.916300 0.964438 0.917172 0.871671 0.904259 0.781598 0.897817 0.693893 0.773193 0.840217 0.845797 0.913181 0.870199 0.754101 0.674847 0.869467 0.817196 0.853560 0.802941 0.846461 0.868348 0.807525 0.824886 0.736681 0.816952 0.686472 0.922139 0.795590 0.914353 0.628421 0.813434 0.961389 0.839505 0.822895 0.995026 0.797402 0.933050 0.925275 0.849556 0.941639 0.848353 0.897212 0.950516
0.543943 0.626321 0.901780 0.761800 0.919718 0.797976 0.798387 0.480704 0.984956 0.669099 0.476126 0.000000 0.510507 0.653549 0.856977 0.841353 0.652938 0.671010 0.667077 0.662183 0.978298 0.876288 0.703365 0.741380 0.749167 0.786032 0.948141 0.942079 0.875054 0.746712 0.801595 0.786614 0.828290 0.580994 0.840009 0.984977 0.967321 0.780268 0.844869 0.834049 0.890017 0.975383 0.853200 0.835229 0.979974 0.832366 0.739374 0.816199 0.953972 0.756776 0.768598 0.646400 0.689559 0.661304 0.700115 0.765027 0.825653 0.729749 0.685365 0.732356 0.545004 0.425883 0.664639 0.572005 0.904032 0.667311 0.856875 0.821882 0.838711 0.606994 0.970012 0.960850 0.962510 0.970207 0.921312 0.971360 0.727282 0.718194 0.749772 0.903941 0.711300 0.820124 0.799478 0.919117 0.832875 0.946198 0.776835 0.639472 0.918310 0.868720 0.975703 0.764706 0.955157 0.780972 0.860582 0.967887 0.754807 0.861319 0.717798 0.980886 0.770107 0.890805 0.679017 0.838213 0.984306 0.907078 0.898739 0.925280 0.862527 0.965990 0.933112 0.897274 0.909292 0.806668 0.964637 0.957943
0.706057 0.675923 0.916882 0.880407 0.908247 0.785546 0.806541 0.685719 0.710720 0.742981 0.680510 0.510507 0.000000 0.654506 0.860912 0.716452 0.762486 0.808573 0.613301 0.751818 0.894648 0.983684 0.984485 0.995274 0.766666 0.765123 0.896183 0.934418 0.801954 0.815512 0.903275 0.916950 0.891385 0.752513 0.962426 0.885101 0.867538 0.683090 0.982946 0.931988 0.957949 0.896995 0.939340 0.935862 0.974497 0.850331 0.854163 0.986606 0.932536 0.918475 0.855123 0.860914 0.903409 0.920831 0.790323 0.801965 0.811991 0.751234 0.912454 0.824703 0.589122 0.536423 0.794858 0.744051 0.995952 0.712771 0.937161 0.983025 0.774092 0.750971 0.944604 0.958524 0.805544 0.948921 0.973729 0.821308 0.735428 0.771720 0.859943 0.921869 0.826536 0.892277 0.878375 0.993135 0.994333 0.955681 0.954327 0.883497 0.846345 0.979864 0.889823 0.924652 0.894174 0.862675 0.992297 0.976363 0.754281 0.888249 0.802632 0.902706 0.947031 0.912781 0.824999 0.954726 0.854330 0.968101 0.905953 0.936217 0.901417 0.960014 0.871056 0.954031 0.820169 0.716713 0.956901 0.926192
0.872613 0.614671 0.808292 0.952960 0.976729 0.839471 0.800621 0.924043 0.855627 0.895579 0.980554 0.653549 0.654506 0.000000 0.685458 0.514643 0.892926 0.857551 0.755517 0.811379 0.912450 0.968197 0.983058 0.831965 0.976614 0.921997 0.820296 0.902143 0.900563 0.782391 0.903410 0.804584 0.945910 0.939719 0.935668 0.986369 0.909724 0.933463 0.860029 0.903377 0.916629 0.834493 0.828747 0.764673 0.969851 0.848426 0.755832 0.792864 0.948032 0.970015 0.980235 0.985828 0.920325 0.883819 0.901749 0.807300 0.894824 0.828628 0.877304 0.974982 0.968571 0.788917 0.986306 0.955480 0.979245 0.754174 0.901168 0.988215 0.983727 0.723478 0.810686 0.742239 0.791015 0.865887 0.921530 0.818645 0.799708 0.722016 0.823864 0.883539 0.931472 0.913296 0.951381 0.957345 0.901109 0.823889 0.967500 0.996867 0.948411 0.998926 0.871068 0.848795 0.857143 0.829798 0.888408 0.990972 0.978208 0.993956 0.966629 0.950530 0.909986 0.931436 0.963985 0.986354 0.998370 0.892192 0.835570 0.983225 0.866872 0.963056 0.970670 0.958575 0.952961 0.993761 0.921317 0.932344
0.901619 0.847120 0.710961 0.695178 0.744310 0.986487 0.735992 0.668635 0.848188 0.793201 0.665308 0.856977 0.860912 0.685458 0.000000 0.555716 0.888573 0.899240 0.936127 0.989848 0.854275 0.979740 0.562505 0.635967 0.926734 0.962393 0.809850 0.952274 0.770411 0.751097 0.747108 0.649579 0.999137 0.748050 0.902100 0.953205 0.997145 0.890864 0.861409 0.817795 0.897084 0.773526 0.792772 0.885497 0.968980 0.950816 0.953289 0.919305 0.860235 0.767890 0.897921 0.717216 0.563819 0.570568 0.919669 0.912065 0.765947 0.696233 0.722241 0.783647 0.859566 0.821296 0.968546 0.948863 0.901716 0.870480 0.590493 0.654714 0.959423 0.920308 0.928483 0.952598 0.752531 0.914998 0.929130 0.871177 0.894375 0.974278 0.842744 0.975960 0.915596 0.872613 0.610546 0.769426 0.733099 0.718393 0.695139 0.548389 0.980813 0.959197 0.781962 0.890906 0.674695 0.802476 0.876933 0.899072 0.800255 0.803859 0.717297 0.877690 0.742731 0.921242 0.716842 0.821123 0.936461 0.776219 0.805976 0.835215 0.943203 0.966666 0.762857 0.956944 0.989424 0.885671 0.907891 0.867073
0.913819 0.752931 0.641978 0.819696 0.909459 0.768182 0.647962 0.853137 0.963833 0.795555 0.838815 0.841353 0.716452 0.514643 0.555716 0.000000 0.982708 0.976661 0.947700 0.990012 0.894567 0.926854 0.837298 0.688655 0.976724 0.978970 0.784804 0.876127 0.941556 0.808611 0.877987 0.720182 0.922705 0.857429 0.805227 0.996692 0.963574 0.960087 0.978439 0.946089 0.976144 0.758431 0.926313 0.977815 0.882146 0.923015 0.995418 0.966431 0.971564 0.978365 0.940725 0.909696 0.727117 0.723141 0.999328 0.886781 0.959691 0.816371 0.737803 0.923355 0.889334 0.975836 0.870140 0.869510 0.981289 0.867993 0.717079 0.826081 0.926708 0.966072 0.818680 0.842229 0.703627 0.827187 0.983725 0.828392 0.940533 0.813181 0.906558 0.873723 0.881922 0.880551 0.898577 0.952043 0.936620 0.911977 0.852624 0.839975 0.862176 0.849577 0.808243 0.856115 0.750055 0.841338 0.860713 0.808181 0.862482 0.831004 0.833767 0.815845 0.927421 0.955175 0.848848 0.866328 0.983413 0.816044 0.834819 0.876439 0.938055 0.976388 0.804976 0.831014 0.825781 0.926737 0.882411 0.982288
0.518585 0.676317 0.879473 0.985057 0.845128 0.901932 0.746366 0.749209 0.859000 0.678380 0.623319 0.652938 0.762486 0.892926 0.888573 0.982708 0.000000 0.483049 0.658900 0.631549 0.966128 0.871610 0.979097 0.842626 0.811549 0.823573 0.997976 0.903051 0.604199 0.562072 0.975583 0.974515 0.663166 0.701843 0.728487 0.938439 0.787118 0.818306 0.861385 0.852687 0.897689 0.934372 0.916518 0.990839 0.834068 0.782588 0.848680 0.837432 0.827673 0.978482 0.893442 0.824197 0.935073 0.957196 0.723940 0.776885 0.590706 0.594891 0.753196 0.988016 0.565760 0.648077 0.446477 0.441525 0.995148 0.969528 0.958792 0.976626 0.772849 0.721496 0.869009 0.825415 0.982545 0.985814 0.957513 0.910983 0.979775 0.973917 0.696374 0.923874 0.467095 0.516853 0.799732 0.560487 0.722705 0.833238 0.904146 0.905735 0.841404 0.765242 0.938713 0.791365 0.942271 0.755820 0.808252 0.834574 0.862741 0.939074 0.824399 0.910286 0.938308 0.740675 0.800446 0.881671 0.856048 0.961492 0.805859 0.972393 0.907851 0.962775 0.987602 0.820384 0.887421 0.993331 0.947224 0.869459
0.481024 0.632494 0.760478 0.807609 0.948929 0.943693 0.647916 0.650510 0.869603 0.618694 0.690089 0.671010 0.808573 0.857551 0.899240 0.976661 0.483049 0.000000 0.623655 0.661705 0.953283 0.873143 0.918218 0.843555 0.956602 0.926921 0.938049 0.977032 0.608173 0.498987 0.834944 0.952645 0.588526 0.592691 0.706475 0.824503 0.825896 0.876585 0.987122 0.908998 0.814208 0.887276 0.910102 0.866282 0.731911 0.694848 0.617850 0.701495 0.744563 0.940477 0.968136 0.890149 0.959705 0.933079 0.613215 0.675104 0.498394 0.634192 0.691073 0.899047 0.527363 0.615231 0.395944 0.427912 0.870959 0.858738 0.808122 0.841437 0.874672 0.703375 0.989907 0.907381 0.977396 0.927816 0.993420 0.875925 0.970715 0.975271 0.641546 0.964994 0.359167 0.399443 0.782776 0.512604 0.659900 0.701725 0.982862 0.944816 0.830482 0.604181 0.921061 0.807911 0.987968 0.798318 0.753208 0.776223 0.878920 0.994907 0.762369 0.812658 0.989764 0.798848 0.820799 0.825544 0.966128 0.787907 0.819384 0.899313 0.843750 0.889371 0.999103 0.814119 0.914870 0.936967 0.944975 0.870484
0.551300 0.642751 0.720406 0.783483 0.892771 0.957582 0.602599 0.648513 0.834952 0.597807 0.800651 0.667077 0.613301 0.755517 0.936127 0.947700 0.658900 0.623655 0.000000 0.599025 0.943856 0.947182 0.856379 0.986531 0.847983 0.916932 0.971796 0.919086 0.732010 0.719417 0.887686 0.942103 0.664818 0.661295 0.753277 0.947071 0.979325 0.715849 0.973843 0.955923 0.949789 0.981068 0.936303 0.889982 0.939662 0.774821 0.767213 0.827006 0.992322 0.988716 0.959145 0.989751 0.899074 0.948016 0.700502 0.742804 0.699987 0.691588 0.792700 0.789181 0.526977 0.608590 0.572663 0.608812 0.883348 0.755984 0.849832 0.852731 0.767922 0.783271 0.892256 0.936961 0.807732 0.895291 0.974489 0.992417 0.859174 0.801533 0.740711 0.966421 0.587437 0.606568 0.954328 0.779971 0.714828 0.809007 0.828173 0.985885 0.804082 0.804610 0.776431 0.960580 0.857734 0.920095 0.879895 0.854130 0.728215 0.941833 0.669505 0.717722 0.900511 0.839288 0.735829 0.904852 0.890211 0.800104 0.899552 0.839464 0.975342 0.884744 0.887432 0.833765 0.834337 0.859661 0.938565 0.788813
0.663356 0.774756 0.754263 0.777469 0.836380 0.888795 0.689221 0.613502 0.886999 0.585274 0.724000 0.662183 0.751818 0.811379 0.989848 0.990012 0.631549 0.661705 0.599025 0.000000 0.912013 0.866037 0.918057 0.906394 0.830592 0.766548 0.876736 0.671769 0.792119 0.759528 0.879362 0.970913 0.739506 0.656812 0.727885 0.947689 0.889937 0.855017 0.964074 0.884127 0.865092 0.992945 0.883416 0.876226 0.920011 0.811039 0.722856 0.703010 0.974459 0.943565 0.969082 0.922384 0.789603 0.775184 0.841447 0.732398 0.780855 0.655103 0.596720 0.581704 0.638278 0.607605 0.697056 0.630720 0.971549 0.738842 0.774461 0.735065 0.834514 0.673795 0.991621 0.979156 0.850920 0.809395 0.828540 0.948095 0.808993 0.998904 0.713362 0.997366 0.679853 0.709551 0.924886 0.825984 0.847607 0.961163 0.812405 0.907093 0.837352 0.735984 0.850191 0.948342 0.913300 0.880192 0.968962 0.760133 0.671018 0.892568 0.664004 0.823691 0.729338 0.813310 0.682788 0.848517 0.915038 0.842590 0.918739 0.885495 0.858940 0.977924 0.730341 0.876790 0.897407 0.974663 0.936033 0.954197
0.872341 0.961176 0.864162 0.867457 0.970271 0.982943 0.934055 0.927445 0.955147 0.894156 0.895908 0.978298 0.894648 0.912450 0.854275 0.894567 0.966128 0.953283 0.943856 0.912013 0.000000 0.987171 0.897052 0.835994 0.927573 0.953907 0.881646 0.931599 0.910178 0.837432 0.917549 0.918175 0.917765 0.900407 0.892038 0.958795 0.954877 0.995597 0.985856 0.975093 0.996143 0.989369 0.811653 0.832367 0.880222 0.935828 0.860238 0.906516 0.915455 0.971234 0.940503 0.930060 0.901673 0.888519 0.995006 0.881527 0.886426 0.972610 0.828484 0.982376 0.988182 0.995164 0.985282 0.996110 0.968984 0.982907 0.867113 0.899557 0.882736 0.884240 0.980157 0.999573 0.865729 0.822562 0.907077 0.963948 0.997109 0.999763 0.966989 0.934244 0.986528 0.957684 0.849854 0.895423 0.933244 0.892594 0.957795 0.963618 0.978902 0.910065 0.930808 0.957212 0.914355 0.906054 0.959584 0.822600 0.892473 0.996518 0.990836 0.918390 0.911660 0.997549 0.838709 0.877141 0.962722 0.900953 0.939842 0.991778 0.946776 0.944351 0.945945 0.872283 0.940629 0.968737 0.965516 0.845185
0.908175 0.935544 0.951201 0.868641 0.924541 0.779012 0.967207 0.999687 0.959907 0.922167 0.889041 0.876288 0.983684 0.968197 0.979740 0.926854 0.871610 0.873143 0.947182 0.866037 0.987171 0.000000 0.966303 0.948555 0.994547 0.949907 0.892717 0.771269 0.856637 0.878571 0.985987 0.930284 0.944152 0.990131 0.869990 0.963423 0.984460 0.989247 0.981311 0.873586 0.991604 0.717508 0.974781 0.991530 0.951031 0.920687 0.994337 0.990517 0.983685 0.933216 0.859467 0.891407 0.935786 0.935486 0.883690 0.979805 0.790775 0.873062 0.980335 0.873094 0.889413 0.982335 0.811695 0.832712 0.877471 0.858515 0.891070 0.872018 0.965763 0.944741 0.878619 0.830977 0.972860 0.918747 0.908832 0.966053 0.953156 0.985226 0.889032 0.935896 0.909111 0.930947 0.834383 0.840823 0.949825 0.937733 0.829925 0.921911 0.981688 0.986416 0.905835 0.936938 0.861686 0.838296 0.999110 0.962847 0.958513 0.886023 0.903008 0.910019 0.887812 0.791295 0.949940 0.987519 0.838129 0.859698 0.912433 0.909454 0.911799 0.949656 0.958465 0.855166 0.978823 0.933748 0.952569 0.985902
0.864299 0.996437 0.879928 0.965067 0.588616 0.881909 0.875500 0.867455 0.652298 0.973881 0.663818 0.703365 0.984485 0.983058 0.562505 0.837298 0.979097 0.918218 0.856379 0.918057 0.897052 0.966303 0.000000 0.457476 0.816128 0.951486 0.872954 0.879180 0.935912 0.848519 0.549593 0.571318 0.814944 0.906190 0.877456 0.906609 0.993226 0.990914 0.836688 0.875154 0.868753 0.860422 0.857170 0.866873 0.960878 0.987093 0.955012 0.916412 0.978027 0.760780 0.737291 0.563889 0.667399 0.612882 0.965414 0.964698 0.857454 0.833093 0.831659 0.980573 0.942270 0.880815 0.960463 0.939462 0.560084 0.879675 0.966034 0.987934 0.846536 0.877162 0.870018 0.962552 0.593269 0.748485 0.866775 0.995129 0.926802 0.883635 0.867676 0.952324 0.883952 0.759528 0.620302 0.746268 0.430663 0.562056 0.739441 0.526431 0.889419 0.830296 0.947486 0.801514 0.968361 0.930861 0.975048 0.924099 0.904259 0.838085 0.962030 0.861462 0.833911 0.961928 0.762844 0.857175 0.802837 0.994146 0.918041 0.941116 0.897902 0.995989 0.944349 0.976692 0.995815 0.992520 0.892029 0.801972
0.639723 0.946330 0.948481 0.988523 0.673204 0.920764 0.881894 0.758450 0.898388 0.738290 0.585852 0.741380 0.995274 0.831965 0.635967 0.688655 0.842626 0.843555 0.986531 0.906394 0.835994 0.948555 0.457476 0.000000 0.773218 0.885787 0.731510 0.977040 0.932705 0.970030 0.674888 0.545064 0.989692 0.784769 0.991736 0.903228 0.865967 0.957348 0.943623 0.929305 0.826003 0.870378 0.916266 0.945066 0.981207 0.914765 0.860340 0.924639 0.872233 0.893171 0.787882 0.657164 0.718012 0.587254 0.931822 0.891072 0.866632 0.919707 0.598708 0.871915 0.840486 0.810776 0.794374 0.688612 0.662929 0.833518 0.906650 0.984521 0.714200 0.833141 0.847549 0.913627 0.565706 0.704142 0.984340 0.887107 0.972730 0.939439 0.974945 0.830737 0.844845 0.981689 0.770522 0.979275 0.702177 0.636352 0.766831 0.627648 0.936208 0.881445 0.929926 0.863194 0.944280 0.897228 0.937405 0.916960 0.952178 0.842925 0.808872 0.897576 0.833958 0.963737 0.641363 0.781065 0.901370 0.878410 0.825839 0.974828 0.954352 0.958168 0.961703 0.884881 0.988571 0.937432 0.883823 0.937883
0.867876 0.995102 0.935779 0.863909 0.992352 0.978449 0.944634 0.815655 0.883112 0.638527 0.732607 0.749167 0.766666 0.976614 0.926734 0.976724 0.811549 0.956602 0.847983 0.830592 0.927573 0.994547 0.816128 0.773218 0.000000 0.516694 0.883803 0.772538 0.827941 0.916259 0.749001 0.711371 0.907673 0.900190 0.943287 0.668340 0.953014 0.819901 0.833397 0.930398 0.937244 0.892487 0.637197 0.642594 0.692231 0.766652 0.878848 0.841674 0.772221 0.771545 0.751841 0.815839 0.725734 0.701134 0.883266 0.977615 0.905412 0.851356 0.736899 0.703227 0.756934 0.691137 0.803053 0.671130 0.694959 0.981714 0.932534 0.908212 0.738892 0.977824 0.802670 0.790744 0.913426 0.974580 0.916090 0.970276 0.923947 0.885607 0.969758 0.784948 0.971389 0.958388 0.774178 0.973073 0.815910 0.731858 0.851228 0.828258 0.996561 0.961752 0.928472 0.804439 0.902247 0.767290 0.920555 0.848275 0.926256 0.962652 0.931999 0.943221 0.964685 0.927418 0.788702 0.982229 0.967818 0.937273 0.970315 0.984284 0.983422 0.984188 0.933516 0.929668 0.950617 0.934523 0.875899 0.877316
0.947773 0.920704 0.978950 0.888868 0.874125 0.915844 0.935413 0.880784 0.905184 0.682779 0.803054 0.786032 0.765123 0.921997 0.962393 0.978970 0.823573 0.926921 0.916932 0.766548 0.953907 0.949907 0.951486 0.885787 0.516694 0.000000 0.937733 0.772346 0.885548 0.902730 0.780725 0.869140 0.957162 0.914133 0.957704 0.709498 0.915076 0.867670 0.802374 0.950851 0.914934 0.819836 0.686700 0.694139 0.863204 0.851002 0.986864 0.820132 0.780730 0.888655 0.839526 0.968904 0.776743 0.681944 0.978144 0.994543 0.992011 0.799076 0.714741 0.703183 0.779271 0.775984 0.795282 0.723585 0.754078 0.975160 0.965460 0.962529 0.852834 0.896142 0.766538 0.813575 0.916030 0.981934 0.907889 0.995282 0.832694 0.757038 0.955198 0.813554 0.938850 0.968579 0.870229 0.988030 0.976151 0.793274 0.940205 0.926538 0.961082 0.954820 0.852351 0.760711 0.868501 0.706042 0.831830 0.957403 0.868962 0.904147 0.974007 0.925476 0.980896 0.778856 0.932757 0.929647 0.844714 0.975215 0.955811 0.987035 0.857076 0.999294 0.951895 0.853053 0.930161 0.934021 0.882560 0.812480
0.857627 0.986182 0.928428 0.991578 0.926120 0.839274 0.858289 0.879100 0.933976 0.821710 0.812212 0.948141 0.896183 0.820296 0.809850 0.784804 0.997976 0.938049 0.971796 0.876736 0.881646 0.892717 0.872954 0.731510 0.883803 0.937733 0.000000 0.847064 0.846219 0.829963 0.945940 0.726513 0.943814 0.857197 0.906227 0.905592 0.907840 0.897916 0.976433 0.999598 0.962999 0.966347 0.827921 0.908657 0.871754 0.815254 0.956073 0.991078 0.869385 0.850295 0.945727 0.987951 0.878794 0.847242 0.906702 0.856536 0.848484 0.883053 0.735106 0.845500 0.908114 0.969626 0.968609 0.871571 0.866422 0.911485 0.945853 0.924631 0.723256 0.866935 0.950470 0.915976 0.821813 0.836692 0.881952 0.950247 0.956392 0.998063 0.934140 0.805496 0.967546 0.888747 0.855124 0.904630 0.949976 0.746499 0.985379 0.891381 0.842528 0.949822 0.861121 0.921740 0.833554 0.955340 0.963703 0.929827 0.785151 0.788365 0.841220 0.802458 0.889714 0.892445 0.781439 0.872124 0.880865 0.948194 0.972079 0.879396 0.884068 0.974174 0.842598 0.918865 0.970097 0.827319 0.980638 0.897079
0.960176 0.889061 0.912700 0.955454 0.772800 0.772522 0.839146 0.863938 0.862488 0.759418 0.915580 0.942079 0.934418 0.902143 0.952274 0.876127 0.903051 0.977032 0.919086 0.671769 0.931599 0.771269 0.879180 0.977040 0.772538 0.772346 0.847064 0.000000 0.934731 0.978792 0.878918 0.994159 0.918129 0.954466 0.916099 0.947524 0.989959 0.945082 0.991917 0.911039 0.876422 0.930126 0.941742 0.944008 0.986088 0.973823 0.971804 0.962617 0.991847 0.874277 0.924543 0.819837 0.847345 0.917588 0.920044 0.977702 0.960474 0.805028 0.814634 0.750492 0.858028 0.899078 0.954618 0.880403 0.962828 0.965740 0.953380 0.874938 0.985776 0.931914 0.983365 0.906629 0.972473 0.840811 0.823949 0.959027 0.877619 0.873851 0.971864 0.859830 0.975165 0.998538 0.980959 0.988797 0.931968 0.918881 0.970265 0.973312 0.859462 0.986532 0.910572 0.938564 0.929523 0.979149 0.950363 0.914881 0.788932 0.937494 0.906017 0.954519 0.990871 0.896345 0.948043 0.988809 0.972022 0.977256 0.944732 0.910413 0.795051 0.976961 0.799406 0.970377 0.989378 0.869328 0.994451 0.861809
0.707848 0.832799 0.954313 0.881528 0.843391 0.883414 0.898729 0.909286 0.844323 0.815561 0.803671 0.875054 0.801954 0.900563 0.770411 0.941556 0.604199 0.608173 0.732010 0.792119 0.910178 0.856637 0.935912 0.932705 0.827941 0.885548 0.846219 0.934731 0.000000 0.517059 0.968821 0.888350 0.810400 0.804855 0.976301 0.954005 0.934320 0.780223 0.897485 0.854041 0.848844 0.931567 0.755788 0.835438 0.859065 0.939975 0.895350 0.963561 0.943765 0.830217 0.704886 0.782101 0.989876 0.930217 0.890892 0.753701 0.719214 0.794931 0.947767 0.991990 0.747491 0.739606 0.625955 0.647467 0.959358 0.991507 0.870947 0.859942 0.909332 0.884293 0.814046 0.814757 0.873537 0.885410 0.973637 0.999756 0.965162 0.987353 0.835889 0.994148 0.676958 0.709007 0.775620 0.661379 0.822789 0.862163 0.960341 0.868086 0.868701 0.803211 0.858968 0.666029 0.747574 0.633533 0.997021 0.921932 0.910500 0.894386 0.964049 0.993612 0.870624 0.692137 0.989681 0.935254 0.918156 0.953369 0.964271 0.802214 0.911424 0.947038 0.963673 0.984650 0.859228 0.958440 0.987029 0.783756
0.667818 0.679939 0.961876 0.963025 0.821773 0.931031 0.916752 0.838569 0.926851 0.848076 0.846745 0.746712 0.815512 0.782391 0.751097 0.808611 0.562072 0.498987 0.719417 0.759528 0.837432 0.878571 0.848519 0.970030 0.916259 0.902730 0.829963 0.978792 0.517059 0.000000 0.776305 0.827953 0.730127 0.725722 0.878958 0.818557 0.819222 0.975565 0.978096 0.965211 0.907439 0.987486 0.889808 0.932242 0.972841 0.916337 0.764288 0.864523 0.814455 0.991132 0.970636 0.956701 0.952822 0.970098 0.703829 0.751332 0.608273 0.620801 0.873899 0.952481 0.740032 0.713659 0.559131 0.580735 0.969242 0.910220 0.958876 0.989741 0.990061 0.887679 0.967028 0.971578 0.835765 0.869711 0.912891 0.964925 0.890819 0.925873 0.697841 0.859473 0.610050 0.572833 0.688897 0.557096 0.743536 0.753449 0.865749 0.863759 0.864719 0.736675 0.805541 0.644892 0.746712 0.637167 0.868620 0.995746 0.999119 0.875301 0.912542 0.981145 0.858069 0.729043 0.940540 0.996704 0.992239 0.877133 0.865160 0.897336 0.926361 0.949792 0.942296 0.990145 0.924047 0.982533 0.980329 0.837583
0.956011 0.917275 0.930708 0.912640 0.813127 0.921287 0.902559 0.984098 0.909728 0.972504 0.805127 0.801595 0.903275 0.903410 0.747108 0.877987 0.975583 0.834944 0.887686 0.879362 0.917549 0.985987 0.549593 0.674888 0.749001 0.780725 0.945940 0.878918 0.968821 0.776305 0.000000 0.628543 0.694618 0.946726 0.795607 0.798732 0.975896 0.740346 0.997829 0.953518 0.928878 0.903401 0.925282 0.922356 0.721168 0.743195 0.866129 0.760983 0.698292 0.660376 0.668698 0.656453 0.767778 0.670009 0.976912 0.903316 0.789855 0.799697 0.935240 0.980999 0.971886 0.945192 0.887876 0.953065 0.757305 0.925695 0.884218 0.828642 0.749236 0.962759 0.718131 0.833283 0.758139 0.776844 0.926607 0.997214 0.955173 0.971845 0.850110 0.984266 0.831792 0.740054 0.661234 0.729815 0.573106 0.636149 0.854855 0.708499 0.967644 0.929705 0.921186 0.875048 0.909878 0.927548 0.954841 0.968810 0.896372 0.926239 0.866386 0.813943 0.909620 0.946874 0.833680 0.979363 0.927305 0.907712 0.970781 0.947173 0.909870 0.975551 0.915441 0.991199 0.990186 0.966432 0.932841 0.834305
0.860634 0.989191 0.979155 0.936005 0.821784 0.834884 0.908803 0.815816 0.957561 0.859163 0.739876 0.786614 0.916950 0.804584 0.649579 0.720182 0.974515 0.952645 0.942103 0.970913 0.918175 0.930284 0.571318 0.545064 0.711371 0.869140 0.726513 0.994159 0.888350 0.827953 0.628543 0.000000 0.888312 0.943430 0.985657 0.726757 0.906490 0.931580 0.994707 0.979049 0.897162 0.957738 0.982254 0.967574 0.923064 0.984775 0.954614 0.924136 0.999974 0.926822 0.859605 0.755636 0.725636 0.698013 0.959534 0.949875 0.916499 0.955511 0.696971 0.869529 0.908139 0.839402 0.964336 0.866729 0.751241 0.889830 0.960641 0.949766 0.770416 0.892081 0.919926 0.932430 0.726097 0.723641 0.971924 0.857452 0.995606 0.972308 0.891189 0.801940 0.970805 0.848800 0.649429 0.843150 0.655164 0.666486 0.726001 0.594160 0.888925 0.952116 0.830656 0.991620 0.810449 0.986098 0.870690 0.943968 0.910974 0.856438 0.837204 0.991037 0.919222 0.903108 0.729492 0.833129 0.955953 0.865728 0.930613 0.996724 0.856387 0.934225 0.935883 0.891280 0.966090 0.882684 0.967627 0.857338
0.591845 0.666238 0.585258 0.675911 0.911435 0.918676 0.513139 0.619570 0.809956 0.646614 0.789279 0.828290 0.891385 0.945910 0.999137 0.922705 0.663166 0.588526 0.664818 0.739506 0.917765 0.944152 0.814944 0.989692 0.907673 0.957162 0.943814 0.918129 0.810400 0.730127 0.694618 0.888312 0.000000 0.571469 0.707154 0.851347 0.929726 0.988094 0.996054 0.941817 0.802271 0.841460 0.794374 0.746142 0.607563 0.578958 0.744385 0.708179 0.809559 0.868854 0.929282 0.984177 0.930293 0.968703 0.789596 0.856521 0.613055 0.738230 0.716968 0.863938 0.547927 0.677830 0.630681 0.661822 0.743940 0.732623 0.616495 0.636052 0.963299 0.847993 0.900971 0.979963 0.916743 0.848648 0.998907 0.898649 0.828914 0.883481 0.729637 0.869448 0.566677 0.593610 0.910235 0.739938 0.627489 0.716089 0.928648 0.941354 0.905472 0.802017 0.706543 0.874833 0.709282 0.923651 0.778415 0.761894 0.625990 0.876849 0.600485 0.680547 0.859863 0.907951 0.839027 0.733569 0.946175 0.705477 0.828376 0.829926 0.824386 0.822500 0.836866 0.720397 0.763689 0.827164 0.978111 0.908926
0.513773 0.705058 0.604031 0.580163 0.980293 0.964194 0.532285 0.422308 0.912281 0.553664 0.513007 0.580994 0.752513 0.939719 0.748050 0.857429 0.701843 0.592691 0.661295 0.656812 0.900407 0.990131 0.906190 0.784769 0.900190 0.914133 0.857197 0.954466 0.804855 0.725722 0.946726 0.943430 0.571469 0.000000 0.667208 0.814459 0.873077 0.999415 0.872740 0.702227 0.803515 0.886276 0.783996 0.815352 0.820646 0.707572 0.674939 0.722878 0.966366 0.874452 0.895836 0.793323 0.650795 0.638612 0.691923 0.632831 0.765403 0.811098 0.609080 0.621053 0.488684 0.451797 0.593161 0.529631 0.878850 0.597579 0.536073 0.522231 0.942094 0.635856 0.987071 0.913904 0.985348 0.981141 0.974675 0.957136 0.847839 0.815957 0.726124 0.948148 0.614633 0.619420 0.877902 0.826216 0.850651 0.867117 0.876475 0.775777 0.873387 0.714475 0.789644 0.924803 0.754583 0.954264 0.797323 0.768265 0.612663 0.864534 0.503665 0.682633 0.770031 0.962275 0.665176 0.757343 0.840011 0.691487 0.819947 0.831596 0.853298 0.846914 0.765643 0.721512 0.834854 0.863375 0.921312 0.909212
0.703010 0.855589 0.691351 0.651998 0.893190 0.872577 0.636366 0.701846 0.924953 0.768796 0.773299 0.840009 0.962426 0.935668 0.902100 0.805227 0.728487 0.706475 0.753277 0.727885 0.892038 0.869990 0.877456 0.991736 0.943287 0.957704 0.906227 0.916099 0.976301 0.878958 0.795607 0.985657 0.707154 0.667208 0.000000 0.914839 0.921199 0.923701 0.961563 0.856743 0.888923 0.856734 0.837647 0.851575 0.712844 0.686744 0.792717 0.699409 0.842418 0.924720 0.868873 0.977949 0.952698 0.994382 0.857843 0.692627 0.836836 0.885707 0.864157 0.929612 0.689664 0.783493 0.710196 0.700725 0.785091 0.833755 0.697522 0.753600 0.922918 0.743075 0.878975 0.823439 0.937642 0.993236 0.982931 0.953522 0.999417 0.997643 0.724063 0.913586 0.597505 0.602233 0.876465 0.666416 0.678099 0.698921 0.859550 0.973953 0.934949 0.749355 0.751214 0.787460 0.712126 0.883830 0.836826 0.764119 0.710236 0.776194 0.676836 0.702425 0.959857 0.963459 0.799976 0.794716 0.998312 0.769451 0.944728 0.759266 0.750258 0.951461 0.837736 0.842279 0.936259 0.926487 0.817560 0.998334
0.933781 0.950999 0.857465 0.837581 0.959581 0.967545 0.894866 0.914255 0.892735 0.876103 0.975891 0.984977 0.885101 0.986369 0.953205 0.996692 0.938439 0.824503 0.947071 0.947689 0.958795 0.963423 0.906609 0.903228 0.668340 0.709498 0.905592 0.947524 0.954005 0.818557 0.798732 0.726757 0.851347 0.814459 0.914839 0.000000 0.785502 0.934531 0.887694 0.729513 0.948588 0.908908 0.818973 0.890733 0.867912 0.912861 0.836578 0.796798 0.919141 0.994876 0.899111 0.996413 0.952079 0.911658 0.846228 0.829196 0.881323 0.962589 0.971930 0.950273 0.948093 0.992054 0.946849 0.989090 0.711634 0.831268 0.809387 0.734430 0.759044 0.964665 0.858599 0.877598 0.948135 0.959402 0.910652 0.932284 0.945867 0.867827 0.846819 0.845135 0.884023 0.820528 0.918591 0.906684 0.825682 0.802989 0.973575 0.936825 0.922725 0.844257 0.980529 0.978480 0.972075 0.927778 0.789116 0.989500 0.935603 0.967793 0.929730 0.942000 0.983057 0.928596 0.885972 0.915160 0.956778 0.891869 0.803315 0.981955 0.948078 0.996452 0.998060 0.912617 0.911956 0.919159 0.876276 0.953793
0.937439 0.971872 0.970345 0.999871 0.934544 0.969193 0.963790 0.971515 0.979470 0.994040 0.891512 0.967321 0.867538 0.909724 0.997145 0.963574 0.787118 0.825896 0.979325 0.889937 0.954877 0.984460 0.993226 0.865967 0.953014 0.915076 0.907840 0.989959 0.934320 0.819222 0.975896 0.906490 0.929726 0.873077 0.921199 0.785502 0.000000 0.883403 0.983055 0.938182 0.933808 0.856771 0.986228 0.990593 0.943497 0.971195 0.940112 0.914104 0.849900 0.994562 0.969447 0.978782 0.936002 0.998810 0.820805 0.912914 0.830794 0.863744 0.877159 0.994205 0.971517 0.976148 0.855796 0.863689 0.945236 0.931109 0.950987 0.937462 0.976397 0.993036 0.995865 0.992171 0.879585 0.983034 0.922912 0.810648 0.927898 0.950510 0.761123 0.945783 0.833131 0.889484 0.821013 0.794227 0.913009 0.966091 0.986764 0.996554 0.946112 0.810563 0.975057 0.887299 0.981989 0.953919 0.905804 0.999366 0.949411 0.985337 0.938533 0.992898 0.988416 0.942548 0.842726 0.994375 0.971183 0.798606 0.859804 0.963517 0.903015 0.950143 0.909166 0.835672 0.997345 0.996196 0.842623 0.978355
0.863645 0.872008 0.869056 0.963465 0.853129 0.852755 0.856405 0.846344 0.753072 0.836186 0.890200 0.780268 0.683090 0.933463 0.890864 0.960087 0.818306 0.876585 0.715849 0.855017 0.995597 0.989247 0.990914 0.957348 0.819901 0.867670 0.897916 0.945082 0.780223 0.975565 0.740346 0.931580 0.988094 0.999415 0.923701 0.934531 0.883403 0.000000 0.952999 0.944048 0.884873 0.815901 0.894250 0.871726 0.787602 0.785837 0.996082 0.880544 0.760245 0.808993 0.727339 0.834547 0.947114 0.915657 0.974498 0.975689 0.985723 0.859565 0.953220 0.953656 0.739910 0.792491 0.886834 0.874969 0.889514 0.882424 0.868477 0.842812 0.799989 0.882832 0.829425 0.838765 0.881612 0.917999 0.938478 0.966981 0.809192 0.963823 0.922548 0.936157 0.893774 0.956745 0.904878 0.963315 0.989699 0.949169 0.963265 0.884441 0.864280 0.858697 0.986934 0.916986 0.936013 0.888503 0.911888 0.949927 0.973944 0.873669 0.985112 0.966666 0.953489 0.869110 0.989048 0.875756 0.973815 0.933165 0.941264 0.934921 0.932241 0.982184 0.997096 0.953272 0.994241 0.963224 0.963128 0.860850
