0.000000 0.548582 0.720627 0.797416 0.826103 0.943931 0.634038 0.623864 0.886910 0.869264 0.787292 0.779454 0.742179 0.852165 0.806437 0.932166 0.537863 0.519215 0.611059 0.751277 0.909124 0.989489 0.852442 0.987468 0.862050 0.838184 0.983644 0.955921 0.718813 0.662826 0.904103 0.992426 0.676099 0.622962 0.783876 0.970143 0.956497 0.747076 0.867944 0.834806 0.928742 0.961445 0.846828 0.773674 0.953263 0.870240 0.710278 0.837302 0.891820 0.882343 0.846313 0.893325 0.884721 0.988519 0.876907 0.983690 0.509936 0.582968 0.642821 0.825957 0.545613 0.660253 0.549431 0.533664 0.698650 0.773519 0.849737 0.839119 0.946703 0.881733 0.893964 0.962918 0.870917 0.900195 0.959971 0.995164 0.786293 0.825172 0.866629 0.939646 0.555541 0.617416 0.857726 0.663364 0.649272 0.744065 0.916245 0.923627 0.847381 0.680420 0.917181 0.953074 0.958468 0.965002 0.942569 0.829234 0.908102 0.874669 0.797731 0.744015 0.956918 0.978889 0.938511 0.846516 0.998276 0.963808 0.813805 0.983721 0.765445 0.925804 0.955883 0.933088 0.872181 0.931401 0.864569 0.919073
0.548582 0.000000 0.864256 0.848383 0.855355 0.945370 0.831570 0.706578 0.928825 0.907155 0.844444 0.672509 0.736470 0.724921 0.745943 0.797711 0.549158 0.511942 0.665555 0.807180 0.973100 0.994272 0.907546 0.929112 0.818639 0.889240 0.949462 0.871522 0.642044 0.633244 0.896217 0.998383 0.645126 0.690330 0.811732 0.900797 0.929612 0.919681 0.996783 0.817046 0.969633 0.970545 0.802238 0.681864 0.844010 0.803043 0.712077 0.739074 0.851369 0.865029 0.911788 0.824305 0.792431 0.869870 0.854457 0.966271 0.585801 0.530488 0.744858 0.877600 0.634696 0.656409 0.578315 0.512673 0.761132 0.841915 0.928577 0.881342 0.993004 0.779817 0.861224 0.979958 0.807713 0.908167 0.962618 0.983931 0.839975 0.948301 0.712587 0.927787 0.547412 0.684185 0.868982 0.711163 0.822727 0.792693 0.986534 0.981852 0.875003 0.791577 0.911647 0.847906 0.944933 0.878039 0.850391 0.779265 0.968123 0.846410 0.807170 0.870863 0.973958 0.934951 0.977829 0.916328 0.990498 0.982881 0.963132 0.883420 0.879700 0.966824 0.991366 0.986509 0.968816 0.935690 0.749665 0.945922
0.720627 0.864256 0.000000 0.512443 0.848458 0.918613 0.386523 0.468914 0.854070 0.832610 0.872652 0.913725 0.851909 0.943490 0.980855 0.824412 0.896745 0.796683 0.774648 0.717264 0.835017 0.874958 0.697118 0.904830 0.722858 0.891303 0.880906 0.870533 0.995094 0.951618 0.827832 0.918362 0.626857 0.623214 0.744055 0.938903 0.949717 0.993660 0.905417 0.733977 0.903964 0.848707 0.633738 0.759432 0.972265 0.946705 0.712460 0.746688 0.921625 0.882746 0.679308 0.704022 0.973433 0.917157 0.941984 0.889815 0.850060 0.926416 0.508370 0.674013 0.553291 0.794163 0.810932 0.840782 0.480495 0.624622 0.533705 0.533047 0.849304 0.959488 0.860088 0.821466 0.860148 0.880720 0.931294 0.970107 0.750706 0.935065 0.999704 0.942423 0.678478 0.694750 0.996956 0.808316 0.561133 0.735658 0.762275 0.928656 0.864615 0.719653 0.665330 0.715734 0.680156 0.630814 0.773879 0.760414 0.787122 0.937829 0.558454 0.584228 0.702151 0.848779 0.884608 0.805702 0.695891 0.667714 0.984614 0.786951 0.772255 0.864622 0.727099 0.843580 0.969641 0.856241 0.829771 0.890286
0.797416 0.848383 0.512443 0.000000 0.998231 0.966070 0.635856 0.433149 0.916376 0.895791 0.940636 0.922697 0.911352 0.998623 0.805478 0.877404 0.956643 0.867539 0.954775 0.754075 0.746320 0.902870 0.786805 0.774565 0.688792 0.751174 0.964338 0.964890 0.783009 0.879893 0.953400 0.978741 0.780807 0.639940 0.723131 0.882247 0.942645 0.902008 0.702784 0.662218 0.999333 0.812378 0.755455 0.799425 0.889762 0.894925 0.854605 0.815263 0.783609 0.885569 0.831799 0.831509 0.854398 0.793197 0.971823 0.872970 0.994057 0.990551 0.702993 0.680536 0.811976 0.772651 0.969590 0.939766 0.479632 0.422681 0.484736 0.424320 0.693680 0.990493 0.656845 0.618694 0.994592 0.963789 0.933865 0.882874 0.703195 0.854246 0.941971 0.940354 0.767318 0.786274 0.919451 0.932463 0.728053 0.650161 0.796328 0.743640 0.941333 0.659590 0.758149 0.802931 0.640233 0.694781 0.784685 0.715181 0.803238 0.878891 0.655380 0.719738 0.752173 0.883796 0.906461 0.849355 0.615114 0.635747 0.969981 0.699678 0.768805 0.872052 0.737441 0.965880 0.912196 0.864395 0.810012 0.854647
0.826103 0.855355 0.848458 0.998231 0.000000 0.792192 0.781075 0.968158 0.817150 0.863838 0.827219 0.918780 0.820465 0.963014 0.842097 0.978311 0.703218 0.769334 0.782430 0.891453 0.792898 0.830633 0.717331 0.927775 0.806985 0.784460 0.971237 0.912222 0.986865 0.797224 0.716752 0.954776 0.816386 0.908481 0.921066 0.828494 0.823716 0.902352 0.954972 0.983601 0.934785 0.968462 0.927100 0.957080 0.746186 0.806751 0.838850 0.857145 0.731060 0.783838 0.816701 0.893627 0.819295 0.791344 0.915380 0.893487 0.689428 0.797731 0.985708 0.867566 0.763367 0.963213 0.738053 0.884420 0.880745 0.998567 0.963216 0.971900 0.919858 0.911346 0.792366 0.968702 0.770891 0.916404 0.900621 0.955954 0.948255 0.970165 0.917714 0.928001 0.698879 0.686166 0.787184 0.710504 0.660643 0.700949 0.965659 0.669699 0.819917 0.890885 0.880216 0.951372 0.928146 0.995908 0.793775 0.975960 0.969456 0.965462 0.865445 0.880375 0.847010 0.891136 0.900755 0.980589 0.935681 0.903701 0.988380 0.943074 0.913696 0.885997 0.975407 0.950775 0.988138 0.989230 0.912393 0.952150
0.943931 0.945370 0.918613 0.966070 0.792192 0.000000 0.923637 0.832528 0.955867 0.853766 0.989583 0.946838 0.979320 0.919424 0.923558 0.773016 0.934644 0.952828 0.943171 0.821354 0.808428 0.977722 0.980073 0.943899 0.928921 0.843172 0.804004 0.874075 0.938107 0.984374 0.928573 0.997061 0.884110 0.832378 0.956392 0.922804 0.846150 0.918977 0.887754 0.994864 0.746362 0.983779 0.861679 0.775124 0.995780 0.878529 0.838682 0.951696 0.960898 0.945905 0.988891 0.833866 0.819524 0.806486 0.944413 0.873077 0.983683 0.910973 0.715677 0.699454 0.914694 0.841275 0.913141 0.777327 0.995368 0.923992 0.864977 0.914600 0.910228 0.819339 0.827623 0.889481 0.991483 0.827700 0.946376 0.860726 0.984596 0.870191 0.988410 0.960284 0.956108 0.978332 0.943338 0.983983 0.976277 0.812810 0.887816 0.899167 0.879975 0.913930 0.934673 0.920213 0.827437 0.922743 0.962541 0.857139 0.798966 0.979623 0.937445 0.955758 0.959297 0.959105 0.834773 0.891958 0.997999 0.936992 0.984824 0.921710 0.928040 0.887572 0.864233 0.947519 0.955344 0.942882 0.974073 0.990382
0.634038 0.831570 0.386523 0.635856 0.781075 0.923637 0.000000 0.548356 0.760622 0.732193 0.879364 0.920265 0.767727 0.968813 0.911205 0.827099 0.785792 0.730762 0.662690 0.677115 0.903496 0.975014 0.654117 0.946741 0.795092 0.888733 0.889970 0.775562 0.948895 0.830768 0.791715 0.994846 0.562116 0.617998 0.737349 0.995682 0.978812 0.926335 0.935416 0.834338 0.918117 0.908256 0.668555 0.745218 0.910612 0.850982 0.748623 0.733061 0.966862 0.767337 0.652935 0.677058 0.942226 0.953321 0.916716 0.961008 0.757839 0.816573 0.486896 0.707382 0.423004 0.790865 0.639530 0.743914 0.531860 0.728493 0.585453 0.640723 0.894996 0.953763 0.935711 0.961213 0.852075 0.876158 0.926554 0.977229 0.803006 0.983359 0.999464 0.995740 0.589856 0.600849 0.898461 0.730682 0.459677 0.760169 0.828030 0.936244 0.804064 0.753535 0.676646 0.656381 0.758908 0.733516 0.780173 0.813210 0.828925 0.905142 0.579156 0.603313 0.771049 0.822182 0.967513 0.805621 0.786428 0.777557 0.966587 0.866526 0.698338 0.907070 0.731810 0.905107 0.968686 0.906851 0.870557 0.891536
0.623864 0.706578 0.468914 0.433149 0.968158 0.832528 0.548356 0.000000 0.997971 0.871442 0.832291 0.803084 0.939123 0.946479 0.865685 0.845047 0.879595 0.761307 0.814687 0.627481 0.914245 0.992237 0.808216 0.970859 0.796497 0.921027 0.913690 0.895939 0.992300 0.975330 0.932265 0.995610 0.719174 0.536471 0.698917 0.922122 0.995922 0.959097 0.926026 0.648336 0.893413 0.860894 0.739414 0.775346 0.891639 0.960665 0.792739 0.825188 0.814393 0.931187 0.873247 0.793929 0.884270 0.785582 0.986301 0.970152 0.889009 0.843467 0.526261 0.523480 0.596861 0.513902 0.833232 0.686960 0.556077 0.474578 0.559288 0.490324 0.816795 0.889661 0.727737 0.735441 0.871638 0.854253 0.922133 0.934540 0.646977 0.867495 0.893647 0.985324 0.659470 0.768409 0.866907 0.878323 0.742252 0.790738 0.717463 0.761461 0.924988 0.579643 0.761207 0.863708 0.723118 0.828867 0.799164 0.699648 0.714139 0.902899 0.595200 0.632508 0.779176 0.937338 0.819826 0.843352 0.680764 0.649974 0.922932 0.751702 0.720965 0.843174 0.664571 0.924975 0.944881 0.884339 0.837803 0.874545
0.886910 0.928825 0.854070 0.916376 0.817150 0.955867 0.760622 0.997971 0.000000 0.670488 0.913468 0.946326 0.808062 0.877929 0.807666 0.958732 0.829293 0.926702 0.944235 0.979677 0.990068 0.996541 0.701854 0.904609 0.913770 0.973497 0.856460 0.862244 0.888758 0.881767 0.878093 0.955484 0.793161 0.992831 0.992309 0.920656 0.874391 0.959702 0.801577 0.832182 0.913398 0.993852 0.926173 0.999000 0.787946 0.835128 0.963211 0.914279 0.745494 0.779382 0.815357 0.849200 0.740040 0.804100 0.966832 0.959632 0.725651 0.810078 0.838431 0.950907 0.697848 0.995943 0.740396 0.763788 0.891078 0.818690 0.883649 0.859704 0.797382 0.986112 0.913101 0.780259 0.958058 0.976830 0.949691 0.974459 0.959773 0.967480 0.913737 0.934244 0.849698 0.850481 0.746369 0.807321 0.738282 0.955871 0.818234 0.762197 0.915120 0.910005 0.980471 0.929363 0.923287 0.996106 0.888517 0.970227 0.870683 0.910341 0.906710 0.808536 0.899993 0.905665 0.976726 0.925509 0.965137 0.979442 0.909399 0.968473 0.930248 0.870235 0.971760 0.961968 0.983599 0.841099 0.988383 0.926327
0.869264 0.907155 0.832610 0.895791 0.863838 0.853766 0.732193 0.871442 0.670488 0.000000 0.780631 0.911778 0.973720 0.813525 0.969780 0.735546 0.717447 0.808290 0.699250 0.789998 0.922257 0.992938 0.736654 0.869760 0.910029 0.814583 0.783949 0.714671 0.657144 0.714351 0.700614 0.940935 0.673097 0.758055 0.832190 0.927571 0.957091 0.906338 0.712010 0.999341 0.765881 0.992224 0.782345 0.796744 0.664808 0.646862 0.781198 0.845439 0.621800 0.621119 0.682381 0.704233 0.789998 0.866901 0.853633 0.950206 0.741933 0.791442 0.728129 0.898310 0.738064 0.920349 0.667301 0.646086 0.908594 0.778161 0.875316 0.969570 0.823561 0.842030 0.905198 0.832857 0.786593 0.749479 0.865450 0.997944 0.927364 0.922240 0.941596 0.936061 0.746913 0.793496 0.933037 0.747336 0.833441 0.854499 0.936044 0.742319 0.864200 0.807966 0.920405 0.871086 0.896694 0.954553 0.999245 0.751247 0.734156 0.904186 0.749996 0.809917 0.788145 0.966270 0.764471 0.747929 0.974435 0.996264 0.870625 0.959477 0.865914 0.925848 0.835681 0.940362 0.978208 0.852281 0.901375 0.957408
0.787292 0.844444 0.872652 0.940636 0.827219 0.989583 0.879364 0.832291 0.913468 0.780631 0.000000 0.770402 0.788654 0.975304 0.926070 0.973520 0.727457 0.746909 0.747135 0.715482 0.847949 0.954100 0.980719 0.870356 0.963483 0.896679 0.844982 0.874090 0.763095 0.790548 0.870136 0.968944 0.864761 0.675315 0.864901 0.853477 0.948716 0.815809 0.926495 0.965965 0.944181 0.885526 0.879635 0.962604 0.932703 0.993804 0.963954 0.954108 0.998910 0.912420 0.976748 0.905303 0.987091 0.956097 0.938224 0.985584 0.842741 0.860383 0.907174 0.919660 0.766656 0.825393 0.698752 0.718590 0.931863 0.993742 0.953767 0.899425 0.994670 0.956763 0.970869 0.826160 0.741134 0.955120 0.931448 0.851015 0.858623 0.814950 0.914458 0.923457 0.761520 0.825760 0.984617 0.877768 0.955044 0.967360 0.764702 0.903263 0.991982 0.878290 0.822589 0.747282 0.884198 0.804018 0.986450 0.780676 0.897279 0.811992 0.973030 0.928125 0.989819 0.980329 0.912518 0.924091 0.966662 0.795730 0.932810 0.902500 0.955703 0.911492 0.991090 0.875971 0.924954 0.855036 0.976314 0.976763
0.779454 0.672509 0.913725 0.922697 0.918780 0.946838 0.920265 0.803084 0.946326 0.911778 0.770402 0.000000 0.741876 0.669914 0.909660 0.780492 0.792907 0.780883 0.871202 0.764380 0.912642 0.859955 0.888194 0.882252 0.995337 0.995427 0.925589 0.963827 0.830586 0.829078 0.854722 0.953583 0.979172 0.815039 0.816031 0.953516 0.958544 0.850329 0.975381 0.942032 0.961155 0.997228 0.942139 0.918349 0.828072 0.954694 0.973742 0.987638 0.902818 0.848433 0.837851 0.975807 0.963895 0.941955 0.915803 0.989490 0.868309 0.690174 0.929977 0.819793 0.838756 0.632280 0.838936 0.668915 0.955929 0.864884 0.883618 0.989659 0.975883 0.952581 0.984959 0.904798 0.957919 0.982213 0.976646 0.871701 0.772843 0.755092 0.787150 0.937108 0.815585 0.938379 0.987825 0.930044 0.933800 0.948428 0.961879 0.871397 0.964487 0.885832 0.864741 0.775729 0.882737 0.753135 0.905381 0.846963 0.971672 0.905627 0.999991 0.975018 0.856959 0.989250 0.958075 0.865618 0.922293 0.996157 0.828360 0.937575 0.957565 0.984661 0.974732 0.897869 0.992249 0.970712 0.890491 0.988102
0.742179 0.736470 0.851909 0.911352 0.820465 0.979320 0.767727 0.939123 0.808062 0.973720 0.788654 0.741876 0.000000 0.602391 0.565992 0.652864 0.740949 0.714698 0.789626 0.743437 0.984286 0.859200 0.885334 0.916821 0.939922 0.960034 0.826890 0.944566 0.752316 0.710795 0.942318 0.950823 0.862860 0.874071 0.901846 0.931429 0.913107 0.791473 0.927527 0.943117 0.953368 0.828261 0.995377 0.923385 0.946952 0.930713 0.880190 0.876872 0.949990 0.896770 0.946948 0.984303 0.925865 0.916787 0.904224 0.957568 0.788218 0.705410 0.871235 0.896527 0.557948 0.759978 0.729485 0.730710 0.893438 0.956774 0.792647 0.852540 0.946217 0.953514 0.858391 0.885381 0.869221 0.968965 0.953298 0.719309 0.973932 0.922079 0.835478 0.892533 0.723692 0.752405 0.838376 0.813546 0.754612 0.985724 0.919724 0.846106 0.825199 0.947126 0.841207 0.788541 0.721523 0.779084 0.963942 0.912476 0.900344 0.782529 0.961942 0.987157 0.847295 0.974485 0.901452 0.736262 0.957310 0.954830 0.903752 0.729395 0.949416 0.946363 0.964222 0.968904 0.938900 0.933502 0.806445 0.993464
0.852165 0.724921 0.943490 0.998623 0.963014 0.919424 0.968813 0.946479 0.877929 0.813525 0.975304 0.669914 0.602391 0.000000 0.614627 0.501430 0.873287 0.815859 0.970772 0.852436 0.939582 0.896856 0.970043 0.971140 0.783855 0.971179 0.939656 0.923288 0.851280 0.731038 0.940626 0.809979 0.930877 0.847592 0.819805 0.987293 0.945371 0.994373 0.978418 0.870346 0.962436 0.912174 0.886585 0.771508 0.980598 0.899611 0.807135 0.780041 0.931169 0.976008 0.887475 0.988162 0.954369 0.903734 0.919767 0.887079 0.979158 0.866469 0.960983 0.951524 0.820464 0.734169 0.940581 0.850673 0.902114 0.871612 0.886643 0.950365 0.872717 0.907042 0.962947 0.859791 0.937342 0.964977 0.909102 0.827144 0.987614 0.925864 0.807869 0.825399 0.862758 0.843304 0.790153 0.878883 0.930069 0.886262 0.859681 0.988017 0.949518 0.965906 0.793684 0.745791 0.711899 0.802049 0.977023 0.858896 0.822756 0.789002 0.978219 0.930273 0.803410 0.971925 0.898955 0.825296 0.914832 0.970476 0.970937 0.735918 0.871286 0.969879 0.919145 0.901036 0.982431 0.980933 0.829435 0.870151
0.806437 0.745943 0.980855 0.805478 0.842097 0.923558 0.911205 0.865685 0.807666 0.969780 0.926070 0.909660 0.565992 0.614627 0.000000 0.590430 0.713025 0.663985 0.796007 0.986057 0.985206 0.890696 0.709301 0.923324 0.862838 0.982176 0.922526 0.977552 0.672817 0.568354 0.730733 0.686792 0.735867 0.951573 0.918946 0.915736 0.883109 0.986453 0.925399 0.984888 0.957732 0.919197 0.851473 0.785187 0.747343 0.675212 0.729792 0.703066 0.771004 0.704267 0.970083 0.912853 0.750269 0.690861 0.842920 0.904221 0.671820 0.729383 0.967711 0.819502 0.745802 0.928448 0.713864 0.792384 0.890462 0.904378 0.809108 0.821645 0.982980 0.897578 0.903758 0.942136 0.829896 0.888751 0.950682 0.801743 0.936704 0.931817 0.784651 0.946429 0.719746 0.674423 0.619485 0.647497 0.707022 0.788841 0.625732 0.646301 0.847013 0.969705 0.797138 0.849242 0.709804 0.783386 0.972372 0.944428 0.851682 0.982162 0.986501 0.979484 0.867275 0.898982 0.809990 0.897668 0.805920 0.859762 0.970685 0.711881 0.960245 0.906510 0.909552 0.837585 0.831764 0.910487 0.912224 0.904938
0.932166 0.797711 0.824412 0.877404 0.978311 0.773016 0.827099 0.845047 0.958732 0.735546 0.973520 0.780492 0.652864 0.501430 0.590430 0.000000 0.959236 0.898869 0.977955 0.967931 0.990198 0.862738 0.962698 0.823079 0.842505 0.896936 0.899418 0.801283 0.922215 0.833337 0.946796 0.809089 0.954485 0.977562 0.969599 0.884594 0.870000 0.947364 0.970631 0.994235 0.874070 0.841773 0.954019 0.976184 0.994322 0.931047 0.939529 0.861080 0.998622 0.968417 0.866566 0.830925 0.898312 0.815829 0.989864 0.931692 0.923965 0.871877 0.733120 0.798807 0.990312 0.954982 0.980384 0.994524 0.991503 0.991530 0.741491 0.813571 0.924157 0.939883 0.978804 0.885189 0.986747 0.877956 0.947173 0.871502 0.960438 0.911288 0.827916 0.796940 0.967601 0.901202 0.739045 0.844552 0.925290 0.820653 0.755100 0.863112 0.963810 0.886376 0.791096 0.755848 0.715939 0.803987 0.869015 0.982704 0.692590 0.887642 0.852575 0.828685 0.820810 0.802446 0.805545 0.723520 0.902517 0.951271 0.926762 0.705620 0.909158 0.964383 0.756066 0.963775 0.951391 0.957305 0.861669 0.950977
0.537863 0.549158 0.896745 0.956643 0.703218 0.934644 0.785792 0.879595 0.829293 0.717447 0.727457 0.792907 0.740949 0.873287 0.713025 0.959236 0.000000 0.502784 0.589939 0.756428 0.959874 0.961301 0.831149 0.939313 0.880798 0.932365 0.979581 0.898585 0.554518 0.486090 0.764353 0.928808 0.635198 0.741723 0.794620 0.926262 0.838990 0.901989 0.966164 0.976062 0.879709 0.990486 0.829181 0.661591 0.715796 0.620875 0.675179 0.703231 0.638203 0.656042 0.739736 0.796884 0.688916 0.755324 0.744739 0.936484 0.506447 0.568633 0.803554 0.952316 0.637229 0.777250 0.485882 0.518654 0.878584 0.979931 0.974371 0.972021 0.940389 0.828439 0.931592 0.891527 0.782030 0.783937 0.991140 0.923385 0.934166 0.966857 0.815305 0.918307 0.475789 0.587145 0.744083 0.604407 0.714742 0.828034 0.951709 0.705986 0.861251 0.819448 0.996350 0.948854 0.884847 0.886517 0.920843 0.817171 0.902516 0.922599 0.860522 0.942965 0.953031 0.911886 0.952492 0.907240 0.859756 0.810707 0.999142 0.814046 0.872455 0.959302 0.986523 0.975185 0.834128 0.964419 0.876925 0.988644
0.519215 0.511942 0.796683 0.867539 0.769334 0.952828 0.730762 0.761307 0.926702 0.808290 0.746909 0.780883 0.714698 0.815859 0.663985 0.898869 0.502784 0.000000 0.589249 0.734596 0.964077 0.888112 0.778330 0.981017 0.808636 0.909309 0.994644 0.969491 0.665256 0.527429 0.737534 0.882647 0.561038 0.671084 0.807501 0.879691 0.944068 0.874153 0.895081 0.793593 0.897297 0.955769 0.815003 0.650304 0.774233 0.707792 0.674980 0.725303 0.785134 0.737748 0.824317 0.839884 0.792357 0.828882 0.742055 0.947975 0.457368 0.572343 0.752231 0.941317 0.577507 0.754714 0.486592 0.535321 0.797715 0.897563 0.896450 0.851632 0.988715 0.792131 0.822093 0.997942 0.725392 0.864077 0.988137 0.972682 0.922030 0.984589 0.803673 0.912143 0.444816 0.495624 0.772459 0.600371 0.692066 0.738096 0.939164 0.777532 0.888159 0.742702 0.971879 0.913866 0.895334 0.877359 0.879867 0.829115 0.907305 0.929322 0.853590 0.875061 0.972483 0.908574 0.972455 0.990895 0.997718 0.957190 0.937641 0.853457 0.821544 0.877567 0.996105 0.999686 0.945553 0.919122 0.865730 0.932729
0.611059 0.665555 0.774648 0.954775 0.782430 0.943171 0.662690 0.814687 0.944235 0.699250 0.747135 0.871202 0.789626 0.970772 0.796007 0.977955 0.589939 0.589249 0.000000 0.659105 0.980792 0.996305 0.804927 0.983254 0.967672 0.879890 0.859685 0.939968 0.622088 0.605001 0.759591 0.977117 0.590757 0.691646 0.812954 0.978706 0.878048 0.887948 0.975935 0.965627 0.895006 0.931983 0.801144 0.772601 0.858278 0.732525 0.664531 0.781126 0.792982 0.741769 0.823806 0.813151 0.915197 0.959707 0.807229 0.912760 0.609044 0.651955 0.735437 0.949265 0.657544 0.823313 0.479078 0.625984 0.911954 0.963535 0.826037 0.854111 0.857801 0.861277 0.969835 0.985464 0.763184 0.724285 0.970546 0.969312 0.844186 0.949929 0.907756 0.946188 0.563906 0.639703 0.846839 0.674603 0.743349 0.883915 0.830644 0.856228 0.754064 0.854039 0.869205 0.935276 0.989378 0.913090 0.893463 0.823520 0.850959 0.993229 0.731012 0.857236 0.823023 0.972249 0.870080 0.892665 0.985772 0.966737 0.986790 0.954295 0.820519 0.935462 0.913608 0.981099 0.879859 0.975605 0.898737 0.957521
0.751277 0.807180 0.717264 0.754075 0.891453 0.821354 0.677115 0.627481 0.979677 0.789998 0.715482 0.764380 0.743437 0.852436 0.986057 0.967931 0.756428 0.734596 0.659105 0.000000 0.939218 0.952521 0.807369 0.999402 0.975972 0.921718 0.896855 0.757217 0.885331 0.816654 0.953840 0.991208 0.719289 0.663268 0.760851 0.983968 0.951266 0.874243 0.982725 0.860397 0.900126 0.939650 0.900076 0.829142 0.859113 0.980089 0.917655 0.842618 0.900554 0.924941 0.995336 0.898150 0.823110 0.751789 0.938138 0.930037 0.851357 0.709486 0.678859 0.629106 0.671847 0.646058 0.741985 0.642509 0.914052 0.775280 0.828681 0.775741 0.963951 0.929726 0.951404 0.957216 0.875468 0.948871 0.869997 0.984367 0.815530 0.942274 0.882601 0.896439 0.635938 0.692793 0.963296 0.830350 0.819635 0.995664 0.819572 0.995112 0.940138 0.737568 0.918154 0.983202 0.962652 0.896015 0.908283 0.746881 0.810946 0.815420 0.801661 0.856702 0.869985 0.903418 0.825234 0.959637 0.728610 0.837068 0.960739 0.942626 0.818309 0.866326 0.692246 0.935786 0.893415 0.817482 0.887526 0.877287
0.909124 0.973100 0.835017 0.746320 0.792898 0.808428 0.903496 0.914245 0.990068 0.922257 0.847949 0.912642 0.984286 0.939582 0.985206 0.990198 0.959874 0.964077 0.980792 0.939218 0.000000 0.916264 0.857072 0.857581 0.890615 0.773123 0.995885 0.937647 0.886778 0.908020 0.938497 0.957807 0.947070 0.922395 0.839434 0.928489 0.893080 0.957411 0.811431 0.973809 0.956585 0.902237 0.989514 0.974495 0.916128 0.823749 0.877189 0.939307 0.891379 0.854231 0.997915 0.956230 0.846343 0.881811 0.977308 0.891980 0.990777 0.916697 0.950376 0.931047 0.998887 0.953439 0.988931 0.926263 0.828058 0.774620 0.786722 0.766009 0.869404 0.976836 0.879868 0.891981 0.947471 0.974974 0.983255 0.975327 0.889779 0.899562 0.957765 0.853335 0.984504 0.983009 0.941930 0.968677 0.870957 0.782540 0.925977 0.977960 0.910483 0.912099 0.979270 0.944314 0.953369 0.916045 0.960594 0.855501 0.969132 0.894958 0.955011 0.978818 0.902055 0.924817 0.914804 0.961907 0.770531 0.920514 0.953486 0.961792 0.804371 0.950611 0.938449 0.864381 0.998649 0.951664 0.931152 0.991982
0.989489 0.994272 0.874958 0.902870 0.830633 0.977722 0.975014 0.992237 0.996541 0.992938 0.954100 0.859955 0.859200 0.896856 0.890696 0.862738 0.961301 0.888112 0.996305 0.952521 0.916264 0.000000 0.929753 0.918837 0.900668 0.994482 0.988419 0.883251 0.905516 0.985720 0.984002 0.976829 0.915950 0.944740 0.877389 0.886753 0.954804 0.889594 0.916895 0.981908 0.964166 0.991554 0.749352 0.863267 0.897720 0.928551 0.831359 0.924209 0.890684 0.851190 0.768803 0.815818 0.847914 0.943864 0.844180 0.863276 0.887442 0.952093 0.883794 0.982868 0.927154 0.870724 0.979940 0.920648 0.911030 0.973388 0.838955 0.848528 0.974721 0.962177 0.967898 0.959430 0.846914 0.848221 0.944629 0.922531 0.963071 0.940660 0.930878 0.936736 0.982710 0.965688 0.973315 0.976533 0.958206 0.991055 0.738522 0.844540 0.948549 0.915978 0.875632 0.939026 0.807603 0.778155 0.943474 0.977107 0.911292 0.937397 0.852021 0.909522 0.857510 0.779189 0.921083 0.760744 0.992481 0.913496 0.863220 0.876253 0.988549 0.933219 0.997244 0.877542 0.905789 0.941224 0.994070 0.867895
0.852442 0.907546 0.697118 0.786805 0.717331 0.980073 0.654117 0.808216 0.701854 0.736654 0.980719 0.888194 0.885334 0.970043 0.709301 0.962698 0.831149 0.778330 0.804927 0.807369 0.857072 0.929753 0.000000 0.619477 0.763812 0.898233 0.969301 0.879775 0.960321 0.771339 0.556583 0.749873 0.632798 0.782031 0.774342 0.970218 0.707428 0.855109 0.986857 0.933718 0.910503 0.968777 0.714988 0.817813 0.689121 0.667684 0.728689 0.692156 0.743013 0.647507 0.738722 0.770834 0.916266 0.865907 0.890915 0.822062 0.713095 0.808390 0.866997 0.999183 0.743933 0.968730 0.688147 0.785325 0.715036 0.868242 0.797114 0.784464 0.948571 0.850928 0.873503 0.878678 0.847323 0.869714 0.921351 0.977655 0.986293 0.954099 0.882416 0.988655 0.628824 0.515799 0.656740 0.593924 0.455291 0.622053 0.873143 0.673725 0.894145 0.735447 0.928992 0.891006 0.863829 0.955343 0.870785 0.758870 0.825872 0.949885 0.735638 0.770695 0.788594 0.914305 0.971767 0.981835 0.863400 0.847022 0.963348 0.954866 0.795549 0.953371 0.872610 0.893174 0.986781 0.845707 0.909510 0.906271
0.987468 0.929112 0.904830 0.774565 0.927775 0.943899 0.946741 0.970859 0.904609 0.869760 0.870356 0.882252 0.916821 0.971140 0.923324 0.823079 0.939313 0.981017 0.983254 0.999402 0.857581 0.918837 0.619477 0.000000 0.745732 0.766303 0.729778 0.972917 0.827963 0.993112 0.806768 0.783294 0.955491 0.883646 0.999150 0.904565 0.803767 0.764802 0.876930 0.892102 0.971721 0.858422 0.912934 0.958784 0.951380 0.916107 0.894307 0.827108 0.999443 0.956684 0.925281 0.925374 0.862885 0.989905 0.865378 0.846191 0.986211 0.847882 0.839759 0.861554 0.854672 0.900318 0.975997 0.862842 0.772834 0.763736 0.844242 0.791452 0.895544 0.990947 0.926984 0.797260 0.979191 0.968583 0.956398 0.896389 0.913234 0.990154 0.915784 0.868448 0.865965 0.763475 0.837642 0.884563 0.682073 0.587761 0.910094 0.794039 0.931853 0.932240 0.969396 0.955574 0.938339 0.911695 0.997256 0.932737 0.973393 0.973093 0.983242 0.973584 0.823166 0.783480 0.924055 0.917990 0.858007 0.798832 0.926701 0.954293 0.920246 0.942264 0.884771 0.987549 0.976642 0.945252 0.950466 0.843792
0.862050 0.818639 0.722858 0.688792 0.806985 0.928921 0.795092 0.796497 0.913770 0.910029 0.963483 0.995337 0.939922 0.783855 0.862838 0.842505 0.880798 0.808636 0.967672 0.975972 0.890615 0.900668 0.763812 0.745732 0.000000 0.760646 0.825182 0.920147 0.980365 0.832687 0.732805 0.828475 0.797915 0.751397 0.750368 0.961123 0.866155 0.845539 0.772776 0.829522 0.937637 0.962012 0.556819 0.639457 0.807916 0.775367 0.685275 0.596915 0.891149 0.829271 0.715673 0.859095 0.813348 0.795733 0.991916 0.768213 0.886272 0.993723 0.892566 0.984538 0.859622 0.927322 0.938579 0.947860 0.586001 0.675943 0.722575 0.720587 0.735574 0.845824 0.774625 0.694285 0.808007 0.920374 0.911517 0.983879 0.876350 0.870440 0.830329 0.898265 0.683168 0.701351 0.850438 0.792539 0.676987 0.538782 0.976659 0.998446 0.934467 0.816529 0.888843 0.955940 0.888742 0.793663 0.834011 0.789805 0.935811 0.910484 0.916754 0.866536 0.799125 0.994214 0.997472 0.864562 0.868570 0.923674 0.906469 0.984172 0.948022 0.999380 0.966820 0.963632 0.890668 0.998670 0.820876 0.924433
0.838184 0.889240 0.891303 0.751174 0.784460 0.843172 0.888733 0.921027 0.973497 0.814583 0.896679 0.995427 0.960034 0.971179 0.982176 0.896936 0.932365 0.909309 0.879890 0.921718 0.773123 0.994482 0.898233 0.766303 0.760646 0.000000 0.886023 0.757172 0.994301 0.910147 0.788335 0.939302 0.841379 0.838329 0.927141 0.938676 0.792486 0.993699 0.702565 0.914388 0.872198 0.799033 0.863568 0.886100 0.937742 0.977740 0.850794 0.863246 0.889025 0.899662 0.855095 0.915648 0.888067 0.828940 0.875313 0.839623 0.890415 0.947636 0.870040 0.758756 0.979081 0.923156 0.877621 0.921826 0.735309 0.822203 0.751287 0.798409 0.798037 0.904587 0.723819 0.716486 0.843074 0.869185 0.790878 0.966903 0.889343 0.796251 0.993615 0.937365 0.882110 0.852203 0.849458 0.876943 0.825403 0.580418 0.860452 0.977165 0.903031 0.893928 0.911673 0.880972 0.918145 0.859723 0.847380 0.995608 0.902741 0.837289 0.876905 0.962463 0.912781 0.997329 0.851428 0.952447 0.955377 0.976593 0.987851 0.883853 0.983543 0.965544 0.941733 0.912648 0.987231 0.901851 0.828844 0.986601
0.983644 0.949462 0.880906 0.964338 0.971237 0.804004 0.889970 0.913690 0.856460 0.783949 0.844982 0.925589 0.826890 0.939656 0.922526 0.899418 0.979581 0.994644 0.859685 0.896855 0.995885 0.988419 0.969301 0.729778 0.825182 0.886023 0.000000 0.971700 0.806309 0.953259 0.952664 0.926426 0.907117 0.867674 0.894146 0.830978 0.923682 0.994355 0.771184 0.933933 0.757578 0.907766 0.919437 0.975439 0.984850 0.993674 0.873429 0.957909 0.977320 0.969224 0.931265 0.789282 0.932355 0.986268 0.920359 0.890600 0.940712 0.838610 0.807535 0.824447 0.821291 0.967630 0.860002 0.793527 0.978691 0.894244 0.932570 0.988521 0.944393 0.983364 0.901149 0.880574 0.978271 0.930901 0.931925 0.814443 0.935992 0.981989 0.987639 0.800178 0.969737 0.947829 0.976597 0.974556 0.987380 0.791451 0.993613 0.963050 0.803518 0.983969 0.982128 0.976697 0.990170 0.894416 0.928579 0.803568 0.959968 0.918111 0.909259 0.856873 0.910230 0.793501 0.923525 0.943436 0.972849 0.988346 0.993125 0.983710 0.910649 0.989776 0.839903 0.851525 0.990874 0.944241 0.868511 0.900339
0.955921 0.871522 0.870533 0.964890 0.912222 0.874075 0.775562 0.895939 0.862244 0.714671 0.874090 0.963827 0.944566 0.923288 0.977552 0.801283 0.898585 0.969491 0.939968 0.757217 0.937647 0.883251 0.879775 0.972917 0.920147 0.757172 0.971700 0.000000 0.990898 0.902419 0.902586 0.973016 0.876414 0.923692 0.979886 0.973691 0.940748 0.953345 0.951121 0.982662 0.895309 0.988545 0.912000 0.978312 0.972187 0.954278 0.932717 0.986192 0.976719 0.887936 0.950401 0.928956 0.888050 0.894653 0.988662 0.890327 0.984347 0.955083 0.791059 0.824139 0.777320 0.917622 0.915580 0.848928 0.912491 0.950625 0.984385 0.980033 0.960520 0.945175 0.856963 0.775072 0.959162 0.986883 0.905329 0.941464 0.997631 0.878506 0.976126 0.920541 0.869682 0.867273 0.955209 0.939691 0.885325 0.824264 0.973130 0.862933 0.934783 0.951422 0.945913 0.908433 0.968628 0.995450 0.994556 0.920433 0.834376 0.847278 0.970002 0.940157 0.977646 0.889216 0.932294 0.988854 0.940043 0.967462 0.952537 0.975407 0.840406 0.946762 0.880897 0.989939 0.946180 0.983740 0.914781 0.918177
0.718813 0.642044 0.995094 0.783009 0.986865 0.938107 0.948895 0.992300 0.888758 0.657144 0.763095 0.830586 0.752316 0.851280 0.672817 0.922215 0.554518 0.665256 0.622088 0.885331 0.886778 0.905516 0.960321 0.827963 0.980365 0.994301 0.806309 0.990898 0.000000 0.490427 0.751183 0.896953 0.694863 0.746732 0.850311 0.863325 0.859491 0.995384 0.801654 0.950789 0.872366 0.985985 0.804452 0.672409 0.706641 0.620620 0.685504 0.757584 0.654354 0.726573 0.822177 0.859876 0.631756 0.667582 0.848262 0.945432 0.690911 0.755462 0.921897 0.873283 0.768967 0.828344 0.628673 0.632922 0.925483 0.790121 0.946189 0.936069 0.919440 0.831451 0.890512 0.831438 0.676826 0.720634 0.925137 0.848579 0.991992 0.965756 0.916309 0.970440 0.688601 0.828809 0.872120 0.741906 0.989950 0.945303 0.957948 0.828616 0.965588 0.978419 0.834411 0.838145 0.780421 0.761149 0.948436 0.825462 0.958045 0.929700 0.899499 0.979483 0.923335 0.966844 0.886235 0.932697 0.803696 0.794236 0.919395 0.754630 0.950117 0.986965 0.980086 0.896111 0.774641 0.956119 0.918414 0.901170
0.662826 0.633244 0.951618 0.879893 0.797224 0.984374 0.830768 0.975330 0.881767 0.714351 0.790548 0.829078 0.710795 0.731038 0.568354 0.833337 0.486090 0.527429 0.605001 0.816654 0.908020 0.985720 0.771339 0.993112 0.832687 0.910147 0.953259 0.902419 0.490427 0.000000 0.589930 0.759250 0.557281 0.754723 0.739096 0.945205 0.819219 0.987338 0.936954 0.932935 0.889931 0.943361 0.736268 0.605730 0.631771 0.549772 0.659867 0.653007 0.577942 0.625514 0.772558 0.875053 0.661226 0.626863 0.741084 0.945618 0.584318 0.671783 0.937987 0.846719 0.672021 0.858674 0.518685 0.609513 0.964875 0.861719 0.966876 0.956082 0.996896 0.900353 0.986494 0.960872 0.747869 0.789238 0.983000 0.854521 0.924533 0.941575 0.751454 0.826129 0.505026 0.532196 0.647575 0.520563 0.738204 0.824497 0.912624 0.637741 0.916924 0.907302 0.860505 0.877772 0.771212 0.804389 0.912752 0.873230 0.959754 0.951887 0.861371 0.974042 0.871277 0.953328 0.972429 0.924520 0.797143 0.861883 0.910732 0.683824 0.987873 0.942806 0.942401 0.970636 0.866595 0.924168 0.972494 0.958769
0.904103 0.896217 0.827832 0.953400 0.716752 0.928573 0.791715 0.932265 0.878093 0.700614 0.870136 0.854722 0.942318 0.940626 0.730733 0.946796 0.764353 0.737534 0.759591 0.953840 0.938497 0.984002 0.556583 0.806768 0.732805 0.788335 0.952664 0.902586 0.751183 0.589930 0.000000 0.643721 0.559444 0.739808 0.758098 0.914445 0.774678 0.858954 0.954447 0.843741 0.968884 0.973456 0.656475 0.695562 0.518577 0.564531 0.635105 0.574961 0.579538 0.669806 0.640985 0.793869 0.731583 0.639065 0.802037 0.820060 0.748314 0.876173 0.958412 0.825693 0.814310 0.950617 0.680451 0.866066 0.918299 0.952978 0.801076 0.835480 0.810379 0.827104 0.825955 0.882804 0.707718 0.710415 0.975577 0.921858 0.904095 0.972575 0.931846 0.966079 0.673195 0.614129 0.675677 0.589044 0.658031 0.682897 0.987204 0.674223 0.971045 0.951633 0.997022 0.959106 0.964475 0.938790 0.962299 0.854014 0.939405 0.993351 0.723694 0.906049 0.933187 0.953249 0.942509 0.965451 0.924404 0.925584 0.879139 0.949733 0.943603 0.965820 0.964468 0.826619 0.936745 0.886371 0.973533 0.823110
0.992426 0.998383 0.918362 0.978741 0.954776 0.997061 0.994846 0.995610 0.955484 0.940935 0.968944 0.953583 0.950823 0.809979 0.686792 0.809089 0.928808 0.882647 0.977117 0.991208 0.957807 0.976829 0.749873 0.783294 0.828475 0.939302 0.926426 0.973016 0.896953 0.759250 0.643721 0.000000 0.769065 0.842273 0.848536 0.884472 0.908842 0.814291 0.974822 0.695015 0.976196 0.900230 0.782677 0.804341 0.737749 0.763245 0.709672 0.730705 0.854046 0.907956 0.948331 0.949845 0.912178 0.876282 0.828882 0.777695 0.921955 0.980339 0.824801 0.874916 0.967012 0.961473 0.928293 0.949277 0.938954 0.948556 0.868663 0.847287 0.894360 0.975980 0.957592 0.779955 0.958345 0.810513 0.885877 0.923900 0.930331 0.959067 0.852279 0.831475 0.871550 0.750907 0.756019 0.699215 0.831160 0.746711 0.847245 0.741383 0.936659 0.897693 0.931361 0.940307 0.875729 0.976595 0.902502 0.884304 0.987294 0.857713 0.845765 0.991432 0.917492 0.893247 0.952964 0.964957 0.982086 0.966342 0.951244 0.990982 0.975433 0.929794 0.978739 0.792030 0.949654 0.961918 0.898803 0.877492
0.676099 0.645126 0.626857 0.780807 0.816386 0.884110 0.562116 0.719174 0.793161 0.673097 0.864761 0.979172 0.862860 0.930877 0.735867 0.954485 0.635198 0.561038 0.590757 0.719289 0.947070 0.915950 0.632798 0.955491 0.797915 0.841379 0.907117 0.876414 0.694863 0.557281 0.559444 0.769065 0.000000 0.589272 0.695127 0.991754 0.894488 0.952649 0.926126 0.834280 0.965525 0.947349 0.628024 0.578476 0.649811 0.606181 0.667835 0.576546 0.698863 0.667324 0.696522 0.693390 0.778256 0.844671 0.871649 0.956625 0.603497 0.632498 0.681632 0.908673 0.594853 0.859452 0.519005 0.624974 0.755490 0.917943 0.700406 0.712458 0.954761 0.926664 0.873193 0.962152 0.792194 0.753851 0.877521 0.999824 0.913698 0.964535 0.942173 0.973812 0.499453 0.524163 0.746353 0.574469 0.617408 0.740767 0.906270 0.818288 0.888900 0.802292 0.946304 0.909973 0.920261 0.977941 0.773052 0.770009 0.891120 0.954037 0.593299 0.738427 0.859358 0.947141 0.988771 0.817329 0.934934 0.936119 0.859972 0.978323 0.846711 0.935073 0.858036 0.932385 0.945296 0.992769 0.834635 0.839798
0.622962 0.690330 0.623214 0.639940 0.908481 0.832378 0.617998 0.536471 0.992831 0.758055 0.675315 0.815039 0.874071 0.847592 0.951573 0.977562 0.741723 0.671084 0.691646 0.663268 0.922395 0.944740 0.782031 0.883646 0.751397 0.838329 0.867674 0.923692 0.746732 0.754723 0.739808 0.842273 0.589272 0.000000 0.682201 0.934117 0.839005 0.948450 0.922017 0.675692 0.886428 0.973977 0.677578 0.617573 0.873133 0.761528 0.690482 0.632970 0.926899 0.838405 0.751719 0.711872 0.935118 0.972385 0.969775 0.834183 0.792154 0.760385 0.674096 0.704177 0.668947 0.662034 0.665228 0.619859 0.721811 0.696109 0.568829 0.530899 0.880507 0.843453 0.895357 0.875463 0.740546 0.723982 0.947321 0.980948 0.858619 0.810620 0.909626 0.959324 0.610381 0.679820 0.981920 0.751257 0.710543 0.786534 0.795603 0.999931 0.935390 0.718546 0.899045 0.980568 0.889678 0.949149 0.860518 0.653859 0.824098 0.843002 0.610909 0.692540 0.754312 0.988336 0.804019 0.862188 0.776034 0.922655 0.949014 0.898957 0.832480 0.897739 0.818754 0.892812 0.909501 0.843188 0.802586 0.964696
0.783876 0.811732 0.744055 0.723131 0.921066 0.956392 0.737349 0.698917 0.992309 0.832190 0.864901 0.816031 0.901846 0.819805 0.918946 0.969599 0.794620 0.807501 0.812954 0.760851 0.839434 0.877389 0.774342 0.999150 0.750368 0.927141 0.894146 0.979886 0.850311 0.739096 0.758098 0.848536 0.695127 0.682201 0.000000 0.910731 0.787597 0.917309 0.886416 0.801962 0.908450 0.905587 0.664898 0.740213 0.821242 0.769010 0.746208 0.705950 0.879796 0.822164 0.767324 0.725088 0.882247 0.925029 0.843130 0.722108 0.902012 0.826112 0.808821 0.835546 0.744012 0.734754 0.795723 0.759694 0.760332 0.802315 0.736495 0.692282 0.876281 0.901904 0.771044 0.777331 0.851534 0.842441 0.932028 0.927769 0.864704 0.794759 0.779006 0.982567 0.728348 0.738100 0.852654 0.736408 0.767258 0.805278 0.864935 0.974823 0.943042 0.785953 0.903614 0.954259 0.841048 0.957456 0.783493 0.672469 0.905982 0.892686 0.691028 0.865427 0.987607 0.750253 0.884742 0.807269 0.931454 0.888489 0.860919 0.969808 0.857402 0.945807 0.889631 0.879691 0.943154 0.942608 0.953765 0.943086
0.970143 0.900797 0.938903 0.882247 0.828494 0.922804 0.995682 0.922122 0.920656 0.927571 0.853477 0.953516 0.931429 0.987293 0.915736 0.884594 0.926262 0.879691 0.978706 0.983968 0.928489 0.886753 0.970218 0.904565 0.961123 0.938676 0.830978 0.973691 0.863325 0.945205 0.914445 0.884472 0.991754 0.934117 0.910731 0.000000 0.835604 0.955161 0.905875 0.814162 0.971402 0.936364 0.958496 0.981789 0.929044 0.936213 0.914646 0.985823 0.969051 0.980748 0.942471 0.973844 0.948706 0.882670 0.825470 0.887164 0.933239 0.972193 0.915338 0.965087 0.987199 0.939999 0.999092 0.951876 0.916038 0.954339 0.994407 0.925109 0.875908 0.996771 0.778179 0.913252 0.890400 0.938972 0.839232 0.977265 0.971455 0.854538 0.983897 0.950842 0.944963 0.877519 0.999780 0.960527 0.940196 0.865631 0.984080 0.924194 0.951878 0.820790 0.994132 0.947184 0.919357 0.963209 0.796987 0.917278 0.886803 0.921187 0.927683 0.999475 0.991562 0.865167 0.950381 0.949878 0.952457 0.949171 0.937047 0.977916 0.990552 0.963308 0.960229 0.899839 0.932458 0.975751 0.994528 0.938808
0.956497 0.929612 0.949717 0.942645 0.823716 0.846150 0.978812 0.995922 0.874391 0.957091 0.948716 0.958544 0.913107 0.945371 0.883109 0.870000 0.838990 0.944068 0.878048 0.951266 0.893080 0.954804 0.707428 0.803767 0.866155 0.792486 0.923682 0.940748 0.859491 0.819219 0.774678 0.908842 0.894488 0.839005 0.787597 0.835604 0.000000 0.730513 0.990590 0.976979 0.946720 0.884451 0.796984 0.817449 0.796059 0.759470 0.835116 0.762157 0.774207 0.778906 0.800356 0.816051 0.794338 0.713996 0.876000 0.780979 0.879747 0.907504 0.922761 0.851079 0.973132 0.966109 0.875302 0.935514 0.889232 0.979049 0.950496 0.893987 0.935653 0.952727 0.814812 0.846815 0.958601 0.768120 0.873848 0.995048 0.986050 0.788683 0.841912 0.935041 0.901399 0.865538 0.808386 0.783251 0.856455 0.806246 0.967923 0.833789 0.959026 0.963814 0.973324 0.968496 0.873271 0.958462 0.946449 0.958809 0.921141 0.970480 0.847523 0.840017 0.948673 0.961568 0.877797 0.990064 0.966539 0.954133 0.823150 0.906746 0.975426 0.955142 0.969831 0.837093 0.941632 0.857546 0.803466 0.951545
0.747076 0.919681 0.993660 0.902008 0.902352 0.918977 0.926335 0.959097 0.959702 0.906338 0.815809 0.850329 0.791473 0.994373 0.986453 0.947364 0.901989 0.874153 0.887948 0.874243 0.957411 0.889594 0.855109 0.764802 0.845539 0.993699 0.994355 0.953345 0.995384 0.987338 0.858954 0.814291 0.952649 0.948450 0.917309 0.955161 0.730513 0.000000 0.974569 0.979447 0.985976 0.844100 0.689796 0.714225 0.688001 0.678453 0.757562 0.739810 0.793747 0.792066 0.721195 0.759340 0.838366 0.786922 0.965862 0.891289 0.849535 0.785659 0.894799 0.842626 0.788660 0.857272 0.887162 0.841564 0.931706 0.979676 0.795819 0.788703 0.819375 0.890027 0.879327 0.772663 0.937138 0.794684 0.979246 0.911745 0.878053 0.906196 0.899972 0.989040 0.923033 0.979338 0.922651 0.881160 0.990392 0.910638 0.960601 0.905659 0.840177 0.916365 0.911609 0.874877 0.827351 0.846239 0.877662 0.921806 0.932263 0.878684 0.882877 0.940663 0.854415 0.932320 0.883917 0.841230 0.921189 0.869250 0.863109 0.986664 0.904211 0.924875 0.970702 0.849514 0.957533 0.831266 0.964105 0.939923
