0.000000 0.415660 0.940812 0.879372 0.879187 0.614423 0.677954 0.686153 0.931195 0.738878 0.526783 0.619063 0.530036 0.577079 0.718570 0.828254 0.525095 0.471551 0.530879 0.597662 0.866684 0.987606 0.983138 0.930314 0.857815 0.864327 0.855938 0.928269 0.589064 0.657460 0.925528 0.950645 0.673125 0.666890 0.866543 0.741296 0.990565 0.952499 0.959898 0.933596 0.935939 0.869553 0.870362 0.801672 0.794557 0.718710 0.634534 0.671654 0.717802 0.629340 0.731755 0.659482 0.948146 0.947544 0.751298 0.616782 0.428352 0.385254 0.367922 0.331516 0.474961 0.660557 0.548436 0.539687 0.933075 0.891851 0.931319 0.947529 0.758897 0.643296 0.991239 0.977895 0.806514 0.939885 0.994738 0.939128 0.808412 0.954456 0.670201 0.794759 0.505225 0.570112 0.928932 0.672430 0.849494 0.895842 0.757740 0.926379 0.744832 0.644289 0.940480 0.867627 0.911483 0.985497 0.923107 0.756988 0.752180 0.877256 0.574066 0.595970 0.847319 0.694515 0.798344 0.685246 0.743370 0.746812 0.881665 0.770390 0.876320 0.783602 0.739236 0.659105 0.643732 0.829796 0.711561 0.911592
0.415660 0.000000 0.715221 0.598354 0.926223 0.661782 0.511523 0.554975 0.930012 0.835985 0.664235 0.640610 0.755640 0.578128 0.962223 0.843526 0.612284 0.535344 0.528510 0.475924 0.843406 0.863407 0.875402 0.797841 0.887886 0.872694 0.929570 0.946167 0.721290 0.635642 0.751412 0.612450 0.516306 0.493390 0.907084 0.926996 0.918590 0.875096 0.927007 0.768390 0.910744 0.855415 0.554691 0.533792 0.694498 0.660006 0.542805 0.525701 0.797776 0.582729 0.573393 0.528284 0.791162 0.942261 0.749938 0.550293 0.441339 0.426565 0.475650 0.362316 0.495731 0.547247 0.709785 0.638841 0.903046 0.638870 0.665669 0.643664 0.830233 0.651144 0.735323 0.796434 0.626136 0.698887 0.882259 0.997549 0.676020 0.762933 0.702223 0.706601 0.545161 0.597622 0.813578 0.706041 0.796118 0.651724 0.873872 0.999803 0.781846 0.543939 0.836697 0.956358 0.806768 0.967122 0.966138 0.839458 0.733820 0.942327 0.606301 0.652115 0.810283 0.780754 0.775006 0.803694 0.645547 0.616273 0.883069 0.821680 0.845915 0.743356 0.677259 0.750424 0.667902 0.750550 0.642417 0.970132
0.940812 0.715221 0.000000 0.295538 0.906849 0.833984 0.616344 0.760593 0.906724 0.834685 0.656748 0.861003 0.967825 0.958242 0.991097 0.883225 0.763259 0.806160 0.790448 0.625541 0.475342 0.792179 0.387725 0.431827 0.360826 0.312751 0.886951 0.793395 0.704657 0.780124 0.405948 0.580836 0.570408 0.650380 0.598989 0.759354 0.477734 0.745052 0.644723 0.618110 0.764919 0.959594 0.571866 0.717348 0.957540 0.883873 0.629955 0.667642 0.633039 0.951358 0.965507 0.984568 0.966098 0.949085 0.848855 0.997998 0.965795 0.991822 0.963510 0.776296 0.841318 0.822140 0.619681 0.671688 0.297587 0.312927 0.431046 0.463665 0.787675 0.791663 0.440320 0.518392 0.651686 0.705551 0.842774 0.871225 0.770145 0.623685 0.789827 0.699883 0.899706 0.919400 0.941171 0.868543 0.592411 0.508252 0.932094 0.739390 0.776982 0.855955 0.693037 0.798914 0.646840 0.686161 0.884994 0.771265 0.835815 0.956298 0.893338 0.824177 0.845738 0.897620 0.974451 0.905523 0.735373 0.605979 0.787518 0.901519 0.926551 0.908812 0.719956 0.920949 0.939303 0.878782 0.820680 0.834357
0.879372 0.598354 0.295538 0.000000 0.977995 0.729736 0.520597 0.571145 0.924436 0.950619 0.755366 0.897115 0.951600 0.827557 0.886565 0.815622 0.873619 0.908325 0.696029 0.496678 0.487747 0.841946 0.433632 0.374200 0.436068 0.352898 0.952950 0.834138 0.777972 0.910021 0.348000 0.487006 0.545759 0.548489 0.629753 0.769092 0.592587 0.657075 0.678741 0.704817 0.799777 0.880327 0.535282 0.684663 0.953130 0.956366 0.496738 0.581531 0.675709 0.991750 0.837363 0.892836 0.968714 0.920619 0.847908 0.878833 0.942082 0.970416 0.926020 0.717938 0.778732 0.604658 0.722667 0.814383 0.450298 0.229682 0.389857 0.414358 0.848521 0.782443 0.410659 0.489676 0.544400 0.643421 0.772949 0.747478 0.686408 0.563490 0.803108 0.668430 0.951841 0.827452 0.918506 0.886236 0.685388 0.496009 0.963212 0.840955 0.802776 0.809345 0.612319 0.843511 0.578054 0.752401 0.834651 0.672925 0.715110 0.885633 0.774611 0.779993 0.693696 0.830238 0.941886 0.957610 0.643656 0.635909 0.824599 0.901911 0.821748 0.846155 0.698148 0.866065 0.922451 0.847551 0.741614 0.866991
0.879187 0.926223 0.906849 0.977995 0.000000 0.960975 0.946001 0.950965 0.773022 0.778245 0.903947 0.869588 0.525167 0.807831 0.552154 0.504365 0.837242 0.753621 0.768740 0.953152 0.966452 0.910728 0.703189 0.922668 0.974878 0.923419 0.740963 0.943584 0.708120 0.742028 0.918337 0.911524 0.840343 0.960251 0.970002 0.796579 0.950344 0.831086 0.957306 0.746634 0.919488 0.931537 0.983588 0.951587 0.884231 0.888934 0.936676 0.959826 0.640183 0.915844 0.954691 0.975875 0.985681 0.772450 0.784911 0.933980 0.977275 0.814097 0.938782 0.985110 0.736708 0.958872 0.702485 0.727591 0.810657 0.939486 0.850858 0.824525 0.975780 0.776002 0.893105 0.688055 0.830979 0.913700 0.987173 0.917449 0.822895 0.951906 0.899099 0.817647 0.814851 0.770578 0.846918 0.743286 0.646213 0.898588 0.922734 0.948714 0.760158 0.765142 0.861323 0.982536 0.851263 0.982696 0.984478 0.978268 0.820437 0.882578 0.973323 0.882377 0.809566 0.908942 0.925968 0.979256 0.859794 0.988890 0.981517 0.812555 0.926266 0.856820 0.900118 0.952766 0.806554 0.997093 0.770168 0.982834
0.614423 0.661782 0.833984 0.729736 0.960975 0.000000 0.485226 0.453593 0.611988 0.547512 0.625850 0.567501 0.825988 0.731403 0.970540 0.852196 0.803317 0.742497 0.763210 0.676223 0.934790 0.855362 0.964651 0.900917 0.860707 0.999425 0.600940 0.997008 0.719163 0.767252 0.847531 0.920964 0.594803 0.606747 0.884980 0.855139 0.907205 0.957580 0.900703 0.982291 0.823830 0.960334 0.739823 0.705335 0.754274 0.773911 0.750079 0.768922 0.905560 0.773850 0.683688 0.681120 0.738640 0.771612 0.825038 0.782173 0.881365 0.839043 0.644893 0.491785 0.517579 0.478009 0.774625 0.679838 0.907207 0.724759 0.682893 0.664952 0.933016 0.682598 0.746948 0.796506 0.715263 0.857578 0.970378 0.817469 0.722754 0.807627 0.955857 0.862578 0.865233 0.832853 0.819863 0.993449 0.883569 0.929604 0.836584 0.901571 0.902056 0.985694 0.585967 0.667804 0.589047 0.630036 0.932944 0.789475 0.805905 0.660700 0.512561 0.638327 0.546155 0.619034 0.791767 0.636614 0.718276 0.766403 0.795938 0.833744 0.857639 0.791345 0.655680 0.662069 0.642815 0.795945 0.643617 0.948271
0.677954 0.511523 0.616344 0.520597 0.946001 0.485226 0.000000 0.234963 0.501490 0.494637 0.758630 0.538566 0.867705 0.693997 0.854246 0.898437 0.834831 0.748864 0.698192 0.528315 0.904750 0.906432 0.818164 0.914722 0.988095 0.825811 0.576647 0.886088 0.722838 0.654313 0.562031 0.646768 0.452202 0.332825 0.655998 0.946689 0.981885 0.966574 0.952389 0.947796 0.804695 0.953892 0.382926 0.415304 0.456781 0.507545 0.630195 0.522510 0.846109 0.576854 0.449893 0.443519 0.489985 0.535174 0.739963 0.767237 0.846969 0.785219 0.571064 0.485863 0.342893 0.324019 0.789890 0.654849 0.916809 0.525527 0.334537 0.343855 0.961358 0.681515 0.487884 0.562328 0.563501 0.638114 0.859438 0.810734 0.577167 0.646682 0.952940 0.810633 0.869460 0.950616 0.940385 0.845729 0.944533 0.972838 0.809522 0.717438 0.884095 0.916930 0.375124 0.509728 0.424474 0.616044 0.909399 0.730644 0.533161 0.726168 0.315449 0.412538 0.426082 0.497255 0.627571 0.690524 0.454643 0.503412 0.632364 0.712799 0.725641 0.668086 0.506439 0.599812 0.523920 0.654405 0.515059 0.952638
0.686153 0.554975 0.760593 0.571145 0.950965 0.453593 0.234963 0.000000 0.504331 0.393581 0.690308 0.388386 0.835157 0.574939 0.867901 0.857481 0.828779 0.723435 0.729966 0.535833 0.948807 0.934532 0.904248 0.979074 0.913280 0.901349 0.551365 0.815129 0.643381 0.604876 0.613931 0.657827 0.521848 0.382446 0.764737 0.991592 0.888655 0.972014 0.950112 0.969141 0.865122 0.984404 0.475641 0.524518 0.492489 0.534409 0.656590 0.600213 0.823189 0.624731 0.484044 0.474032 0.536544 0.528803 0.812524 0.730941 0.928956 0.861289 0.619577 0.521419 0.351381 0.219965 0.742860 0.569598 0.940894 0.547654 0.429264 0.438513 0.901791 0.704750 0.579154 0.621170 0.586357 0.646243 0.873315 0.764148 0.598330 0.714058 0.999086 0.888170 0.876342 0.926295 0.908592 0.853359 0.865065 0.967704 0.839809 0.775797 0.881736 0.921135 0.379143 0.581878 0.450323 0.652899 0.875752 0.717578 0.586988 0.695762 0.316285 0.429220 0.374288 0.529347 0.684895 0.724817 0.485472 0.608022 0.634583 0.756580 0.730879 0.686565 0.522357 0.593081 0.517179 0.710362 0.531132 0.980752
0.931195 0.930012 0.906724 0.924436 0.773022 0.611988 0.501490 0.504331 0.000000 0.449185 0.626325 0.607976 0.813215 0.860043 0.993398 0.878862 0.928863 0.824609 0.957248 0.887815 0.909104 0.961601 0.975788 0.786440 0.751970 0.911571 0.649334 0.804090 0.645770 0.721507 0.900885 0.986216 0.769458 0.648396 0.854199 0.973831 0.925786 0.827575 0.929035 0.964920 0.780803 0.960089 0.720550 0.712612 0.646965 0.701468 0.997779 0.965941 0.771898 0.829861 0.753453 0.756004 0.613105 0.720690 0.774455 0.989648 0.924799 0.963738 0.793562 0.869864 0.537093 0.524181 0.760297 0.663687 0.920886 0.876353 0.690296 0.708598 0.911904 0.728687 0.785632 0.871856 0.858218 0.917189 0.966499 0.862916 0.815855 0.944154 0.904259 0.977830 0.988612 0.971354 0.859155 0.945422 0.869917 0.800439 0.867959 0.881102 0.882809 0.889254 0.613041 0.558845 0.674881 0.602904 0.901642 0.990502 0.880854 0.777112 0.545577 0.627110 0.634303 0.679361 0.806383 0.835014 0.731686 0.788472 0.765399 0.779197 0.901518 0.901697 0.692415 0.754200 0.691681 0.739982 0.744942 0.923249
0.738878 0.835985 0.834685 0.950619 0.778245 0.547512 0.494637 0.393581 0.449185 0.000000 0.503075 0.356917 0.646676 0.643010 0.870388 0.790350 0.685889 0.577716 0.804812 0.807547 0.706724 0.935576 0.843011 0.611780 0.539025 0.664091 0.536390 0.796243 0.405703 0.459816 0.947921 0.958233 0.767311 0.623067 0.954994 0.832712 0.670075 0.810673 0.672207 0.886525 0.929648 0.983361 0.810377 0.766910 0.477397 0.492567 0.873660 0.813855 0.546032 0.675521 0.649661 0.592692 0.594937 0.670769 0.866497 0.774681 0.981524 0.875047 0.600076 0.711483 0.385658 0.388970 0.462989 0.361884 0.669689 0.975829 0.806001 0.838386 0.841329 0.752870 0.898746 0.980891 0.929644 0.881014 0.977612 0.887859 0.860601 0.954969 0.928141 0.985057 0.778480 0.927753 0.913038 0.970595 0.756555 0.653364 0.741996 0.844482 0.938015 0.994319 0.602875 0.618087 0.721465 0.763549 0.992676 0.825305 0.793477 0.766155 0.406193 0.501510 0.566462 0.615284 0.706158 0.725443 0.720069 0.833259 0.807774 0.897936 0.868524 0.793252 0.639370 0.671056 0.491777 0.743851 0.741371 0.861702
0.526783 0.664235 0.656748 0.755366 0.903947 0.625850 0.758630 0.690308 0.626325 0.503075 0.000000 0.443998 0.603225 0.575395 0.798766 0.906760 0.475568 0.431463 0.810113 0.877378 0.650900 0.901757 0.607710 0.551620 0.452380 0.535611 0.676392 0.723175 0.396850 0.444617 0.730852 0.871426 0.870329 0.784876 0.756114 0.668880 0.691985 0.881578 0.821544 0.969284 0.972136 0.814899 0.951087 0.818224 0.719481 0.644453 0.924038 0.971288 0.538331 0.694867 0.703923 0.642823 0.782005 0.900699 0.790936 0.769483 0.660054 0.571008 0.501767 0.658122 0.519283 0.613660 0.400397 0.349530 0.543196 0.798415 0.880146 0.944888 0.924442 0.792711 0.844151 0.772901 0.896816 0.955262 0.998310 0.966432 0.887534 0.873078 0.646313 0.976368 0.544573 0.678411 0.938001 0.683277 0.847884 0.785945 0.804096 0.840759 0.893182 0.878379 0.993674 0.919927 0.943558 0.959859 0.968709 0.999713 0.944705 0.929606 0.638736 0.782715 0.832812 0.792932 0.793255 0.730774 0.924881 0.930605 0.980878 0.906304 0.868247 0.840379 0.817971 0.764073 0.626092 0.884578 0.784354 0.775632
0.619063 0.640610 0.861003 0.897115 0.869588 0.567501 0.538566 0.388386 0.607976 0.356917 0.443998 0.000000 0.580590 0.360074 0.881817 0.698785 0.634603 0.491001 0.681779 0.655100 0.846466 0.872161 0.903392 0.848154 0.657870 0.734042 0.645140 0.759837 0.400042 0.380177 0.997317 0.887586 0.710861 0.571176 0.830356 0.761988 0.652427 0.906690 0.861477 0.922736 0.869424 0.915608 0.829094 0.787266 0.627172 0.606533 0.714379 0.782583 0.652445 0.670298 0.631541 0.572166 0.720733 0.742504 0.849879 0.683401 0.836701 0.748384 0.577133 0.646111 0.411851 0.319583 0.452603 0.343594 0.674926 0.856609 0.890671 0.853171 0.748523 0.790973 0.989285 0.956854 0.696865 0.859830 0.936473 0.934599 0.708638 0.877793 0.825487 0.909165 0.673723 0.689129 0.936450 0.786284 0.885100 0.920100 0.878338 0.979006 0.888877 0.896581 0.776202 0.869179 0.856214 0.982332 0.992417 0.768826 0.832567 0.807431 0.513182 0.607286 0.609809 0.721491 0.822511 0.741321 0.700169 0.845569 0.891996 0.961689 0.884834 0.804026 0.774250 0.645048 0.598725 0.832167 0.768025 0.842535
0.530036 0.755640 0.967825 0.951600 0.525167 0.825988 0.867705 0.835157 0.813215 0.646676 0.603225 0.580590 0.000000 0.523594 0.394994 0.456376 0.647258 0.573963 0.624471 0.811916 0.820791 0.870976 0.812497 0.909751 0.789935 0.741251 0.949942 0.988195 0.506249 0.573355 0.771208 0.809321 0.892134 0.883828 0.715495 0.619907 0.956910 0.755122 0.916879 0.883570 0.749313 0.948950 0.958703 0.913063 0.898371 0.867090 0.805683 0.840138 0.624373 0.859635 0.999000 0.927069 0.909844 0.756745 0.853474 0.849605 0.770217 0.614815 0.622693 0.756734 0.552049 0.779873 0.506430 0.518971 0.982016 0.952715 0.805663 0.748989 0.905093 0.719188 0.808694 0.660930 0.921962 0.833021 0.957674 0.857333 0.867074 0.948488 0.820616 0.847906 0.697087 0.619291 0.889398 0.682731 0.782516 0.967311 0.827614 0.847464 0.840190 0.828741 0.901382 0.908911 0.891496 0.940334 0.964639 0.806802 0.923909 0.913494 0.754185 0.680661 0.939556 0.871767 0.992609 0.824624 0.988359 0.887066 0.972876 0.929870 0.984124 0.997212 0.875447 0.766938 0.772911 0.920808 0.992530 0.893870
0.577079 0.578128 0.958242 0.827557 0.807831 0.731403 0.693997 0.574939 0.860043 0.643010 0.575395 0.360074 0.523594 0.000000 0.797156 0.543266 0.611568 0.517789 0.520827 0.608178 0.940594 0.916354 0.874815 0.881111 0.831874 0.838145 0.821197 0.931009 0.487537 0.372660 0.891716 0.744880 0.674567 0.660240 0.791426 0.728671 0.926998 0.996903 0.946235 0.961522 0.840262 0.855266 0.790783 0.783458 0.691269 0.660902 0.649543 0.722439 0.675233 0.608776 0.629350 0.598263 0.809572 0.828169 0.729253 0.648288 0.703536 0.688387 0.620919 0.664574 0.548355 0.521607 0.548671 0.447504 0.807514 0.846929 0.989309 0.941684 0.744907 0.849884 0.942102 0.960318 0.641454 0.817299 0.970955 0.849535 0.708270 0.788956 0.748744 0.777555 0.668469 0.588857 0.739903 0.669475 0.942997 0.864204 0.977810 0.893242 0.889683 0.743899 0.992905 0.882955 0.936745 0.805745 0.963841 0.807271 0.911717 0.990498 0.697030 0.757259 0.783777 0.909640 0.905398 0.841282 0.825327 0.938172 0.975650 0.916275 0.828282 0.831101 0.896582 0.786004 0.766178 0.871921 0.859532 0.813624
0.718570 0.962223 0.991097 0.886565 0.552154 0.970540 0.854246 0.867901 0.993398 0.870388 0.798766 0.881817 0.394994 0.797156 0.000000 0.561289 0.794860 0.734342 0.741677 0.935155 0.911044 0.930261 0.746879 0.987228 0.993024 0.881529 0.711192 0.844113 0.700961 0.811911 0.775998 0.798322 0.960436 0.929707 0.792951 0.783240 0.973981 0.765429 0.890250 0.783323 0.817944 0.849012 0.794110 0.733650 0.869336 0.866967 0.944816 0.984255 0.825291 0.892640 0.747230 0.771428 0.708047 0.550557 0.864560 0.907834 0.858915 0.748396 0.826036 0.942656 0.834413 0.954472 0.766621 0.796134 0.830982 0.904195 0.700610 0.648484 0.893201 0.735725 0.836825 0.661659 0.819013 0.838915 0.953953 0.973637 0.899562 0.868998 0.975078 0.861603 0.784959 0.643221 0.773361 0.701082 0.621783 0.867417 0.922080 0.962014 0.775525 0.821415 0.776695 0.912721 0.742543 0.894233 0.995079 0.806008 0.852425 0.845234 0.974940 0.960891 0.729689 0.989136 0.783573 0.970010 0.847301 0.969445 0.900226 0.791642 0.866037 0.886474 0.934391 0.983540 0.877345 0.956292 0.858637 0.871922
0.828254 0.843526 0.883225 0.815622 0.504365 0.852196 0.898437 0.857481 0.878862 0.790350 0.906760 0.698785 0.456376 0.543266 0.561289 0.000000 0.877174 0.796145 0.657479 0.773800 0.957701 0.885586 0.546572 0.732807 0.971330 0.951027 0.851839 0.860291 0.755231 0.722069 0.992738 0.990969 0.811081 0.913219 0.867786 0.751396 0.846862 0.881528 0.995242 0.785102 0.861730 0.774950 0.935586 0.987328 0.934718 0.947995 0.705456 0.805389 0.759566 0.924501 0.998466 0.936694 0.934711 0.826663 0.821675 0.924059 0.965957 0.867456 0.878837 0.891586 0.756431 0.823368 0.778601 0.739799 0.813868 0.871702 0.903010 0.888493 0.817805 0.817194 0.947274 0.845510 0.977909 0.916552 0.950519 0.916651 0.926188 0.854701 0.890176 0.813956 0.954775 0.716361 0.809633 0.784926 0.706669 0.815178 0.948810 0.973391 0.815834 0.831515 0.954297 0.988658 0.904926 0.954031 0.928772 0.835080 0.852312 0.933124 0.958343 0.809700 0.924647 0.945436 0.874851 0.975708 0.985527 0.985418 0.956938 0.836230 0.944745 0.945232 0.970742 0.802556 0.879378 0.953483 0.867902 0.830257
0.525095 0.612284 0.763259 0.873619 0.837242 0.803317 0.834831 0.828779 0.928863 0.685889 0.475568 0.634603 0.647258 0.611568 0.794860 0.877174 0.000000 0.333657 0.621853 0.761594 0.747048 0.977622 0.774833 0.808497 0.667242 0.623799 0.884200 0.975676 0.513739 0.448067 0.828196 0.943361 0.825816 0.810268 0.883325 0.725883 0.801620 0.868484 0.815555 0.979323 0.970285 0.818186 0.916550 0.803858 0.688707 0.607318 0.790281 0.792129 0.498416 0.564537 0.669484 0.653677 0.822177 0.993434 0.641011 0.582883 0.491580 0.425553 0.520336 0.653573 0.630947 0.798007 0.390412 0.398778 0.708626 0.785269 0.869064 0.933436 0.951300 0.747771 0.873487 0.726539 0.963922 0.949539 0.950236 0.942848 0.988917 0.942052 0.663059 0.724079 0.398162 0.512502 0.729338 0.567886 0.959171 0.966682 0.799827 0.854550 0.894096 0.627837 0.876566 0.852651 0.788132 0.701000 0.919047 0.951272 0.831556 0.923315 0.739754 0.861200 0.980824 0.912166 0.957101 0.768622 0.999077 0.981374 0.915362 0.968442 0.824886 0.819952 0.790882 0.899023 0.765479 0.864562 0.919658 0.822778
0.471551 0.535344 0.806160 0.908325 0.753621 0.742497 0.748864 0.723435 0.824609 0.577716 0.431463 0.491001 0.573963 0.517789 0.734342 0.796145 0.333657 0.000000 0.550883 0.729482 0.777754 0.948297 0.790712 0.804812 0.663650 0.621922 0.876125 0.950419 0.388191 0.374690 0.828295 0.963504 0.688344 0.708173 0.884399 0.689476 0.744870 0.814687 0.789210 0.991818 0.873915 0.813245 0.831814 0.727040 0.615937 0.533746 0.707543 0.749145 0.457236 0.528066 0.611621 0.586049 0.796420 0.996792 0.600269 0.512784 0.471691 0.382655 0.413424 0.587996 0.499535 0.664174 0.314279 0.306282 0.713916 0.846082 0.905088 0.990376 0.969724 0.772430 0.870190 0.761144 0.942692 0.960999 0.966954 0.974895 0.919311 0.954260 0.582543 0.701899 0.350647 0.446762 0.755052 0.484228 0.902846 0.990549 0.832885 0.851636 0.826951 0.620689 0.884555 0.918456 0.816817 0.746594 0.894760 0.802620 0.815393 0.971445 0.632991 0.755661 0.953389 0.843303 0.835984 0.652951 0.842733 0.889633 0.975634 0.989124 0.915425 0.810275 0.816068 0.840634 0.591383 0.811875 0.864531 0.864127
0.530879 0.528510 0.790448 0.696029 0.768740 0.763210 0.698192 0.729966 0.957248 0.804812 0.810113 0.681779 0.624471 0.520827 0.741677 0.657479 0.621853 0.550883 0.000000 0.532076 0.984499 0.915656 0.743022 0.779474 0.945878 0.985339 0.943883 0.876381 0.701143 0.662488 0.855955 0.799921 0.625029 0.629351 0.991361 0.880905 0.907993 0.986911 0.990740 0.794698 0.835088 0.972949 0.848644 0.853654 0.733832 0.726494 0.591445 0.588703 0.754904 0.616600 0.733006 0.737638 0.880851 0.950590 0.731648 0.605429 0.628585 0.517184 0.569087 0.533559 0.608642 0.751945 0.640750 0.658248 0.913673 0.832171 0.873423 0.880011 0.855586 0.828282 0.842929 0.972119 0.748760 0.817215 0.993973 0.902153 0.884818 0.734053 0.910339 0.729942 0.657457 0.543844 0.805664 0.709994 0.797397 0.822497 0.862826 0.930470 0.823899 0.688497 0.943165 0.986439 0.954080 0.970065 0.961993 0.785460 0.745845 0.951016 0.699253 0.745044 0.861040 0.857649 0.833150 0.762683 0.938572 0.818371 0.976864 0.928439 0.760951 0.872335 0.846363 0.778684 0.722583 0.760965 0.947829 0.970675
0.597662 0.475924 0.625541 0.496678 0.953152 0.676223 0.528315 0.535833 0.887815 0.807547 0.877378 0.655100 0.811916 0.608178 0.935155 0.773800 0.761594 0.729482 0.532076 0.000000 0.773248 0.840474 0.668671 0.664553 0.801346 0.789410 0.875113 0.858283 0.805358 0.761824 0.668812 0.623748 0.558788 0.507332 0.838417 0.961223 0.852837 0.894894 0.845918 0.866358 0.765219 0.969022 0.673735 0.709901 0.781414 0.790377 0.586817 0.486686 0.983989 0.688543 0.724884 0.721718 0.849761 0.854411 0.634138 0.606970 0.752289 0.685374 0.707998 0.493247 0.596600 0.545651 0.831171 0.795896 0.818695 0.551468 0.611858 0.631226 0.899945 0.602151 0.713230 0.745273 0.568776 0.655707 0.738970 0.873255 0.720832 0.780203 0.936378 0.820031 0.723218 0.620876 0.792240 0.830289 0.782805 0.696932 0.898331 0.947436 0.758812 0.635029 0.686877 0.903507 0.681864 0.922027 0.979392 0.712685 0.682148 0.836048 0.634439 0.647514 0.777332 0.790021 0.810327 0.927626 0.670836 0.738493 0.830061 0.938274 0.795078 0.715630 0.734664 0.800354 0.732525 0.740945 0.776060 0.877828
0.866684 0.843406 0.475342 0.487747 0.966452 0.934790 0.904750 0.948807 0.909104 0.706724 0.650900 0.846466 0.820791 0.940594 0.911044 0.957701 0.747048 0.777754 0.984499 0.773248 0.000000 0.788599 0.513923 0.458648 0.420152 0.424245 0.762129 0.815589 0.708295 0.796560 0.481162 0.590939 0.756987 0.773959 0.730497 0.761106 0.713882 0.847757 0.811272 0.725007 0.800395 0.716378 0.730070 0.866466 0.827268 0.762291 0.812082 0.842338 0.615998 0.844211 0.937077 0.856732 0.860347 0.902714 0.946178 0.992622 0.956626 0.880615 0.818892 0.955906 0.878344 0.959828 0.553439 0.636725 0.481907 0.482475 0.671919 0.684741 0.879741 0.859709 0.646414 0.661428 0.714948 0.765788 0.836352 0.795523 0.891696 0.819621 0.786854 0.831885 0.820940 0.898944 0.788983 0.932430 0.668190 0.547587 0.621865 0.933912 0.957156 0.892963 0.889227 0.850175 0.893677 0.914817 0.810035 0.862189 0.969994 0.894599 0.885800 0.920328 0.934347 0.977855 0.703529 0.731103 0.786983 0.845684 0.961073 0.921081 0.936598 0.931623 0.969161 0.885368 0.966657 0.974127 0.895948 0.976151
0.987606 0.863407 0.792179 0.841946 0.910728 0.855362 0.906432 0.934532 0.961601 0.935576 0.901757 0.872161 0.870976 0.916354 0.930261 0.885586 0.977622 0.948297 0.915656 0.840474 0.788599 0.000000 0.903006 0.906070 0.898486 0.894377 0.964154 0.838709 0.932814 0.846642 0.858038 0.926640 0.907073 0.945098 0.913079 0.963877 0.925297 0.952495 0.985914 0.806170 0.910046 0.959351 0.893976 0.877627 0.973100 0.994866 0.949193 0.803753 0.926823 0.912862 0.969893 0.986377 0.870107 0.866980 0.923278 0.891562 0.989130 0.982160 0.891102 0.905289 0.945005 0.964591 0.811592 0.890259 0.916740 0.915311 0.810285 0.910028 0.838461 0.879221 0.861840 0.797718 0.979808 0.933092 0.870657 0.788509 0.935871 0.918498 0.983836 0.958860 0.902915 0.990668 0.883494 0.963281 0.958113 0.951665 0.955689 0.917887 0.978050 0.929134 0.790086 0.923382 0.825225 0.812253 0.875499 0.928541 0.865266 0.941457 0.925632 0.948496 0.923160 0.890534 0.986106 0.899512 0.861833 0.781323 0.865635 0.904951 0.921417 0.990899 0.886778 0.994540 0.993612 0.732740 0.809874 0.922067
0.983138 0.875402 0.387725 0.433632 0.703189 0.964651 0.818164 0.904248 0.975788 0.843011 0.607710 0.903392 0.812497 0.874815 0.746879 0.546572 0.774833 0.790712 0.743022 0.668671 0.513923 0.903006 0.000000 0.342557 0.391882 0.457463 0.694620 0.745309 0.825072 0.890914 0.516562 0.656470 0.666140 0.794064 0.749966 0.848475 0.488146 0.817654 0.679061 0.654980 0.905899 0.789558 0.742869 0.922108 0.958914 0.862152 0.661175 0.689276 0.817814 0.935935 0.910094 0.882642 0.863341 0.826120 0.839464 0.982682 0.918652 0.912060 0.890684 0.964264 0.915457 0.937831 0.710215 0.750068 0.323743 0.487772 0.700669 0.762109 0.977190 0.833073 0.675970 0.738857 0.771142 0.764179 0.751492 0.829336 0.866509 0.606739 0.802204 0.753052 0.857779 0.868803 0.798858 0.965950 0.484439 0.491438 0.835412 0.837525 0.836331 0.825892 0.881087 0.950234 0.829248 0.870679 0.831970 0.755663 0.964368 0.942308 0.996563 0.854674 0.961488 0.968283 0.895874 0.810665 0.852024 0.789919 0.935329 0.915394 0.982929 0.949404 0.942841 0.968916 0.975539 0.932118 0.978817 0.960271
0.930314 0.797841 0.431827 0.374200 0.922668 0.900917 0.914722 0.979074 0.786440 0.611780 0.551620 0.848154 0.909751 0.881111 0.987228 0.732807 0.808497 0.804812 0.779474 0.664553 0.458648 0.906070 0.342557 0.000000 0.324761 0.412363 0.659031 0.750837 0.629825 0.816204 0.482003 0.501218 0.720180 0.840555 0.740814 0.806902 0.548416 0.708074 0.563821 0.714735 0.873904 0.816242 0.723987 0.861138 0.848094 0.783622 0.672594 0.744113 0.658248 0.911426 0.973472 0.910779 0.871303 0.883437 0.882524 0.926226 0.963205 0.924516 0.793675 0.989517 0.871185 0.993073 0.616073 0.649809 0.424604 0.456891 0.725703 0.712003 0.945088 0.970965 0.730720 0.730851 0.701180 0.769479 0.799862 0.842571 0.871366 0.689790 0.890768 0.675067 0.868934 0.839510 0.763738 0.961524 0.563139 0.401322 0.782211 0.946645 0.898176 0.726774 0.994692 0.841018 0.951346 0.943196 0.921174 0.886157 0.928679 0.938929 0.826992 0.935247 0.908209 0.840695 0.829340 0.741046 0.950283 0.918855 0.928043 0.923245 0.973158 0.938357 0.978756 0.885602 0.812547 0.937984 0.941633 0.965350
0.857815 0.887886 0.360826 0.436068 0.974878 0.860707 0.988095 0.913280 0.751970 0.539025 0.452380 0.657870 0.789935 0.831874 0.993024 0.971330 0.667242 0.663650 0.945878 0.801346 0.420152 0.898486 0.391882 0.324761 0.000000 0.288137 0.590896 0.770118 0.540123 0.639849 0.473461 0.609342 0.731181 0.876451 0.674847 0.663687 0.495569 0.674656 0.571983 0.656312 0.809317 0.917224 0.811015 0.976769 0.755389 0.655864 0.733755 0.842932 0.541088 0.761857 0.808007 0.733877 0.700127 0.716367 0.948638 0.999426 0.986642 0.866785 0.788453 0.963539 0.841616 0.908310 0.486927 0.481055 0.298338 0.444952 0.694639 0.682271 0.763237 0.928781 0.646033 0.669571 0.786600 0.725288 0.783465 0.876292 0.941887 0.701320 0.745323 0.707710 0.893103 0.922135 0.776495 0.971287 0.443660 0.353511 0.731292 0.985935 0.873618 0.752754 0.990314 0.849265 0.883753 0.996104 0.915100 0.835274 0.976820 0.914974 0.788629 0.862799 0.877636 0.789681 0.824708 0.751524 0.937183 0.861957 0.974428 0.913404 0.918730 0.965288 0.924123 0.765695 0.778741 0.916387 0.959904 0.863339
0.864327 0.872694 0.312751 0.352898 0.923419 0.999425 0.825811 0.901349 0.911571 0.664091 0.535611 0.734042 0.741251 0.838145 0.881529 0.951027 0.623799 0.621922 0.985339 0.789410 0.424245 0.894377 0.457463 0.412363 0.288137 0.000000 0.809592 0.820729 0.560868 0.634796 0.347203 0.543719 0.696497 0.798537 0.610244 0.626222 0.480812 0.617961 0.591898 0.652679 0.753248 0.930586 0.669815 0.857226 0.826982 0.731513 0.700465 0.848993 0.509118 0.761272 0.932331 0.830125 0.837187 0.888196 0.978625 0.939164 0.898693 0.794985 0.821022 0.980106 0.951543 0.907111 0.424242 0.487126 0.335268 0.332488 0.518365 0.531856 0.873569 0.954014 0.459285 0.493287 0.699752 0.645188 0.833555 0.806443 0.855690 0.699813 0.660465 0.726664 0.813676 0.989110 0.914429 0.824239 0.598980 0.467699 0.718063 0.941540 0.872725 0.874974 0.780850 0.950196 0.709894 0.797331 0.881435 0.846300 0.930577 0.996348 0.933861 0.994458 0.897805 0.969039 0.934939 0.739764 0.817923 0.754930 0.834428 0.952408 0.981874 0.990678 0.902610 0.895206 0.892375 0.995879 0.905273 0.802796
0.855938 0.929570 0.886951 0.952950 0.740963 0.600940 0.576647 0.551365 0.649334 0.536390 0.676392 0.645140 0.949942 0.821197 0.711192 0.851839 0.884200 0.876125 0.943883 0.875113 0.762129 0.964154 0.694620 0.659031 0.590896 0.809592 0.000000 0.748648 0.727780 0.712777 0.904494 0.915859 0.858859 0.665983 0.993588 0.989135 0.744778 0.921220 0.822336 0.682741 0.961095 0.943954 0.794553 0.666649 0.563236 0.567230 0.972850 0.882655 0.844521 0.667498 0.580000 0.552591 0.559621 0.435262 0.925103 0.888616 0.945975 0.990792 0.719527 0.722653 0.620653 0.606743 0.790523 0.689112 0.585162 0.979586 0.708953 0.690208 0.738750 0.963036 0.878874 0.788879 0.756696 0.846306 0.869198 0.853779 0.698316 0.892326 0.967773 0.899518 0.963527 0.846453 0.803639 0.782250 0.468156 0.533128 0.804060 0.884736 0.847699 0.790811 0.565198 0.635540 0.648797 0.703095 0.893826 0.945772 0.747923 0.699329 0.548434 0.633758 0.514238 0.621101 0.656270 0.732794 0.769252 0.899137 0.822226 0.675067 0.750828 0.860788 0.769892 0.639100 0.690398 0.745873 0.707608 0.921656
0.928269 0.946167 0.793395 0.834138 0.943584 0.997008 0.886088 0.815129 0.804090 0.796243 0.723175 0.759837 0.988195 0.931009 0.844113 0.860291 0.975676 0.950419 0.876381 0.858283 0.815589 0.838709 0.745309 0.750837 0.770118 0.820729 0.748648 0.000000 0.856439 0.853512 0.925115 0.994748 0.982432 0.889082 0.898618 0.934185 0.729913 0.943877 0.912809 0.776603 0.853412 0.913966 0.989902 0.919959 0.831561 0.825071 0.905701 0.879492 0.841109 0.878446 0.838313 0.798104 0.829060 0.773536 0.948445 0.878910 0.952182 0.994625 0.906447 0.989968 0.805592 0.809655 0.849853 0.760718 0.715803 0.903318 0.964419 0.986802 0.833194 0.885094 0.891056 0.894800 0.960909 0.955647 0.954224 0.982365 0.882157 0.998241 0.824002 0.735064 0.929020 0.860816 0.857650 0.930292 0.780597 0.778720 0.926125 0.991125 0.880676 0.779962 0.844642 0.771848 0.862648 0.906206 0.908242 0.979677 0.993362 0.827315 0.798669 0.885743 0.763379 0.880720 0.829831 0.896984 0.862393 0.832360 0.966563 0.739599 0.917676 0.906198 0.859461 0.892795 0.850310 0.947265 0.805990 0.940531
0.589064 0.721290 0.704657 0.777972 0.708120 0.719163 0.722838 0.643381 0.645770 0.405703 0.396850 0.400042 0.506249 0.487537 0.700961 0.755231 0.513739 0.388191 0.701143 0.805358 0.708295 0.932814 0.825072 0.629825 0.540123 0.560868 0.727780 0.856439 0.000000 0.320310 0.816831 0.945594 0.759286 0.751608 0.832337 0.675387 0.666765 0.745157 0.758924 0.874833 0.893563 0.899881 0.910201 0.822065 0.531232 0.490119 0.853611 0.841493 0.403888 0.559812 0.658321 0.595864 0.715257 0.861726 0.747081 0.583157 0.747958 0.639651 0.542794 0.660077 0.438966 0.600024 0.317885 0.287454 0.624773 0.811255 0.893274 0.940421 0.802181 0.749441 0.841188 0.784484 0.888068 0.875202 0.964997 0.987080 0.824392 0.951345 0.693233 0.907123 0.575125 0.686998 0.827689 0.639514 0.947957 0.829800 0.863553 0.959331 0.939517 0.824654 0.973221 0.941645 0.937287 0.920791 0.978374 0.901346 0.946610 0.934809 0.573614 0.665429 0.838334 0.775154 0.765767 0.743145 0.801111 0.952932 0.916925 0.999897 0.974833 0.803885 0.933289 0.758380 0.597119 0.731107 0.821885 0.801093
0.657460 0.635642 0.780124 0.910021 0.742028 0.767252 0.654313 0.604876 0.721507 0.459816 0.444617 0.380177 0.573355 0.372660 0.811911 0.722069 0.448067 0.374690 0.662488 0.761824 0.796560 0.846642 0.890914 0.816204 0.639849 0.634796 0.712777 0.853512 0.320310 0.000000 0.982115 0.860455 0.683999 0.657893 0.865203 0.728847 0.760330 0.876858 0.806857 0.960230 0.883138 0.954766 0.747098 0.655028 0.467610 0.441822 0.757778 0.783082 0.423322 0.497477 0.525241 0.486393 0.634986 0.791518 0.655111 0.590671 0.671806 0.631456 0.520304 0.737896 0.448053 0.551497 0.334473 0.278488 0.661154 0.895647 0.985241 0.929770 0.739221 0.794056 0.917119 0.849952 0.775526 0.787868 0.958674 0.964666 0.789551 0.868761 0.711094 0.804489 0.503513 0.641425 0.647778 0.653822 0.970790 0.929817 0.896702 0.891613 0.950656 0.756473 0.976191 0.942809 0.865519 0.772627 0.961183 0.915428 0.891186 0.936230 0.621818 0.722382 0.842785 0.873282 0.800017 0.766645 0.809789 0.926143 0.998333 0.931227 0.966665 0.828349 0.873990 0.880465 0.622121 0.827985 0.867989 0.742997
0.925528 0.751412 0.405948 0.348000 0.918337 0.847531 0.562031 0.613931 0.900885 0.947921 0.730852 0.997317 0.771208 0.891716 0.775998 0.992738 0.828196 0.828295 0.855955 0.668812 0.481162 0.858038 0.516562 0.482003 0.473461 0.347203 0.904494 0.925115 0.816831 0.982115 0.000000 0.378233 0.499504 0.557062 0.534839 0.698804 0.599138 0.672477 0.729183 0.829642 0.684190 0.993577 0.409659 0.565714 0.772644 0.885962 0.628177 0.678023 0.779327 0.881317 0.688688 0.789419 0.799225 0.746068 0.772048 0.873108 0.959274 0.858827 0.965686 0.848636 0.818524 0.658830 0.666628 0.805972 0.577680 0.353838 0.381741 0.361859 0.985673 0.906565 0.398603 0.410642 0.506824 0.506562 0.798531 0.647445 0.685974 0.540977 0.799603 0.748672 0.874883 0.991218 0.777136 0.795592 0.791726 0.635220 0.787943 0.964459 0.956491 0.863925 0.632463 0.917963 0.623666 0.806339 0.900449 0.844597 0.752195 0.954446 0.786739 0.838638 0.655418 0.851083 0.902239 0.921618 0.681230 0.689845 0.745549 0.871935 0.868212 0.877639 0.815999 0.997009 0.961222 0.809681 0.755824 0.936922
0.950645 0.612450 0.580836 0.487006 0.911524 0.920964 0.646768 0.657827 0.986216 0.958233 0.871426 0.887586 0.809321 0.744880 0.798322 0.990969 0.943361 0.963504 0.799921 0.623748 0.590939 0.926640 0.656470 0.501218 0.609342 0.543719 0.915859 0.994748 0.945594 0.860455 0.378233 0.000000 0.553939 0.570313 0.673120 0.815598 0.784239 0.668847 0.789484 0.870339 0.818347 0.990366 0.457285 0.525275 0.772314 0.799178 0.561039 0.605269 0.878158 0.785342 0.613108 0.680299 0.783349 0.797696 0.761373 0.680257 0.910192 0.978674 0.894924 0.749147 0.801528 0.668105 0.815609 0.956535 0.738365 0.487337 0.530064 0.451301 0.920404 0.976608 0.574664 0.542697 0.498217 0.441873 0.862725 0.768886 0.681506 0.583926 0.980483 0.748409 0.975131 0.889120 0.763454 0.991808 0.852464 0.617054 0.824881 0.893282 0.945880 0.777482 0.807450 0.962705 0.783396 0.974304 0.906492 0.903105 0.746206 0.936934 0.828806 0.847650 0.741810 0.890548 0.860542 0.911997 0.635243 0.712299 0.888062 0.850566 0.951039 0.917881 0.867857 0.986170 0.842309 0.807537 0.803032 0.971715
0.673125 0.516306 0.570408 0.545759 0.840343 0.594803 0.452202 0.521848 0.769458 0.767311 0.870329 0.710861 0.892134 0.674567 0.960436 0.811081 0.825816 0.688344 0.625029 0.558788 0.756987 0.907073 0.666140 0.720180 0.731181 0.696497 0.858859 0.982432 0.759286 0.683999 0.499504 0.553939 0.000000 0.437434 0.616789 0.900572 0.837739 0.912188 0.881855 0.816829 0.767504 0.899664 0.439209 0.452102 0.576710 0.618051 0.534543 0.595145 0.843057 0.587421 0.552608 0.606996 0.742381 0.845493 0.517539 0.582023 0.688611 0.748218 0.650725 0.543095 0.486623 0.546638 0.867691 0.773751 0.744243 0.560283 0.508405 0.474361 0.953986 0.760331 0.604387 0.632478 0.549254 0.617173 0.792766 0.747150 0.667176 0.591229 0.903266 0.650405 0.697150 0.670234 0.774530 0.820409 0.672423 0.645863 0.964400 0.997511 0.810631 0.730821 0.725752 0.882032 0.704335 0.908316 0.974305 0.655099 0.680967 0.902778 0.574910 0.659830 0.676102 0.783224 0.786896 0.805383 0.584337 0.605860 0.777771 0.890749 0.888310 0.729309 0.769827 0.871667 0.606852 0.734776 0.591547 0.984219
0.666890 0.493390 0.650380 0.548489 0.960251 0.606747 0.332825 0.382446 0.648396 0.623067 0.784876 0.571176 0.883828 0.660240 0.929707 0.913219 0.810268 0.708173 0.629351 0.507332 0.773959 0.945098 0.794064 0.840555 0.876451 0.798537 0.665983 0.889082 0.751608 0.657893 0.557062 0.570313 0.437434 0.000000 0.692267 0.881589 0.983159 0.907070 0.980435 0.836595 0.881871 0.937025 0.479237 0.502372 0.553260 0.591118 0.585723 0.553536 0.859865 0.592800 0.540683 0.557633 0.635911 0.674162 0.683484 0.693666 0.809025 0.769425 0.582805 0.528603 0.437150 0.413133 0.810286 0.698065 0.891886 0.559275 0.445669 0.435404 0.981761 0.735915 0.526405 0.616402 0.554498 0.589974 0.875269 0.853105 0.605414 0.631360 0.897387 0.746536 0.793548 0.787452 0.887971 0.963294 0.926983 0.848364 0.984352 0.954203 0.913959 0.783956 0.580294 0.745228 0.558818 0.781371 0.894587 0.747071 0.630344 0.842107 0.462337 0.551200 0.547560 0.566666 0.782424 0.791749 0.539507 0.591232 0.675862 0.752933 0.831332 0.746991 0.672869 0.783701 0.569993 0.740869 0.602525 0.979869
0.866543 0.907084 0.598989 0.629753 0.970002 0.884980 0.655998 0.764737 0.854199 0.954994 0.756114 0.830356 0.715495 0.791426 0.792951 0.867786 0.883325 0.884399 0.991361 0.838417 0.730497 0.913079 0.749966 0.740814 0.674847 0.610244 0.993588 0.898618 0.832337 0.865203 0.534839 0.673120 0.616789 0.692267 0.000000 0.699263 0.803270 0.789463 0.878098 0.902661 0.731623 0.921992 0.597750 0.654444 0.778948 0.853469 0.880692 0.755393 0.882537 0.947601 0.827450 0.895990 0.771776 0.813667 0.848627 0.933207 0.971378 0.899634 0.956945 0.878119 0.925266 0.876692 0.784215 0.818328 0.668994 0.677298 0.489551 0.493936 0.845968 0.830915 0.483918 0.602058 0.867363 0.708444 0.858357 0.824617 0.844817 0.788444 0.869165 0.834590 0.870878 0.882720 0.995043 0.755031 0.897664 0.795918 0.995883 0.890528 0.947334 0.897636 0.657757 0.815440 0.656718 0.750878 0.848049 0.834177 0.787218 0.940723 0.847956 0.905793 0.823072 0.841634 0.905677 0.878825 0.816334 0.756603 0.927433 0.907105 0.978570 0.873978 0.830782 0.927354 0.922786 0.882849 0.693602 0.995177
0.741296 0.926996 0.759354 0.769092 0.796579 0.855139 0.946689 0.991592 0.973831 0.832712 0.668880 0.761988 0.619907 0.728671 0.783240 0.751396 0.725883 0.689476 0.880905 0.961223 0.761106 0.963877 0.848475 0.806902 0.663687 0.626222 0.989135 0.934185 0.675387 0.728847 0.698804 0.815598 0.900572 0.881589 0.699263 0.000000 0.855729 0.894750 0.871996 0.885793 0.965234 0.869672 0.915667 0.955285 0.989668 0.866863 0.943507 0.997827 0.715513 0.830613 0.941279 0.825326 0.970751 0.973021 0.978627 0.914710 0.785952 0.758298 0.723517 0.841174 0.886350 0.994280 0.666803 0.631411 0.756988 0.778053 0.680941 0.756323 0.897865 0.974156 0.696150 0.678567 0.928782 0.862836 0.851568 0.808413 0.933689 0.988034 0.795240 0.990287 0.873122 0.809625 0.988516 0.753037 0.942607 0.832831 0.816944 0.961866 0.993798 0.911492 0.830609 0.977120 0.729673 0.882284 0.971834 0.922381 0.760261 0.971765 0.941837 0.902442 0.865818 0.937124 0.954130 0.822597 0.940836 0.908345 0.991441 0.988199 0.885362 0.955281 0.957906 0.840202 0.807169 0.934217 0.920103 0.986994
0.990565 0.918590 0.477734 0.592587 0.950344 0.907205 0.981885 0.888655 0.925786 0.670075 0.691985 0.652427 0.956910 0.926998 0.973981 0.846862 0.801620 0.744870 0.907993 0.852837 0.713882 0.925297 0.488146 0.548416 0.495569 0.480812 0.744778 0.729913 0.666765 0.760330 0.599138 0.784239 0.837739 0.983159 0.803270 0.855729 0.000000 0.665938 0.654884 0.579141 0.701299 0.939515 0.791041 0.902799 0.892683 0.825813 0.730324 0.885932 0.784366 0.906405 0.911973 0.894557 0.843889 0.797627 0.810908 0.884397 0.943118 0.963535 0.914367 0.990098 0.931386 0.908077 0.658146 0.647935 0.438246 0.651636 0.768092 0.775077 0.751187 0.923421 0.705422 0.704440 0.827315 0.838132 0.926727 0.897470 0.994288 0.747553 0.886232 0.771988 0.985543 0.932523 0.827598 0.991947 0.546062 0.529307 0.945043 0.993436 0.833535 0.748443 0.925179 0.943107 0.989018 0.994687 0.969601 0.926924 0.864511 0.822557 0.878574 0.961316 0.894650 0.861323 0.995747 0.814551 0.966854 0.878567 0.963525 0.954330 0.867028 0.956305 0.948546 0.856277 0.794788 0.978730 0.959037 0.871280
0.952499 0.875096 0.745052 0.657075 0.831086 0.957580 0.966574 0.972014 0.827575 0.810673 0.881578 0.906690 0.755122 0.996903 0.765429 0.881528 0.868484 0.814687 0.986911 0.894894 0.847757 0.952495 0.817654 0.708074 0.674656 0.617961 0.921220 0.943877 0.745157 0.876858 0.672477 0.668847 0.912188 0.907070 0.789463 0.894750 0.665938 0.000000 0.653647 0.749096 0.892278 0.851133 0.852255 0.873875 0.919144 0.906309 0.698167 0.908124 0.821110 0.919241 0.977374 0.996007 0.907646 0.969123 0.940365 0.978794 0.991629 0.933431 0.961179 0.975874 0.947089 0.933844 0.732822 0.784618 0.716953 0.663654 0.780063 0.738666 0.855481 0.998286 0.720511 0.713714 0.716014 0.719238 0.755365 0.967818 0.857630 0.711451 0.850225 0.896247 0.981865 0.963704 0.832779 0.967267 0.742457 0.599719 0.861409 0.854231 0.864744 0.815303 0.997095 0.946211 0.935836 0.933130 0.820623 0.848501 0.954600 0.913609 0.891403 0.905197 0.945167 0.810618 0.907733 0.796960 0.935675 0.891126 0.982416 0.928013 0.926352 0.923630 0.992156 0.828473 0.967592 0.952701 0.913563 0.946571
