0.000000 0.365216 0.614272 0.611695 0.904131 0.846931 0.700209 0.742470 0.683654 0.663704 0.483341 0.524667 0.914465 0.883733 0.936356 0.901484 0.457094 0.423318 0.852424 0.772881 0.982945 0.969642 0.787471 0.808373 0.657684 0.654425 0.895693 0.870154 0.572944 0.576841 0.920035 0.945094 0.787354 0.638726 0.983844 0.983305 0.959510 0.796202 0.903373 0.869916 0.654897 0.625005 0.998284 0.786831 0.811930 0.637255 0.603456 0.674294 0.617568 0.661265 0.621041 0.665293 0.872257 0.885800 0.689786 0.749381 0.342615 0.380868 0.416549 0.446439 0.580307 0.760045 0.428953 0.391157 0.687761 0.759375 0.905372 0.770291 0.507463 0.522518 0.670630 0.755057 0.877452 0.873532 0.798451 0.966557 0.835589 0.819498 0.584479 0.688226 0.328587 0.414436 0.721203 0.481022 0.813646 0.938513 0.961054 0.834276 0.964004 0.827997 0.548354 0.539273 0.524720 0.471008 0.834056 0.800052 0.889711 0.959298 0.958219 0.838752 0.861057 0.784889 0.920013 0.759599 0.948331 0.952741 0.992429 0.975576 0.882509 0.915643 0.842120 0.954366 0.933270 0.770408 0.802381 0.862353
0.365216 0.000000 0.635041 0.661653 0.887162 0.886510 0.763716 0.791557 0.619914 0.571857 0.608681 0.542771 0.955040 0.876731 0.913040 0.921047 0.488350 0.469887 0.889097 0.863201 0.986593 0.962227 0.832488 0.809209 0.734834 0.685347 0.857499 0.797991 0.579012 0.606151 0.893515 0.969402 0.740874 0.693732 0.994149 0.973086 0.993874 0.964019 0.949794 0.846899 0.646827 0.629832 0.963548 0.764814 0.788085 0.628775 0.567022 0.646917 0.644785 0.630904 0.605533 0.625149 0.826141 0.907653 0.648712 0.767124 0.354178 0.345529 0.378916 0.393250 0.621611 0.828816 0.437371 0.405349 0.715126 0.772586 0.985294 0.731561 0.525190 0.525585 0.694125 0.779277 0.769798 0.841715 0.807372 0.957193 0.855304 0.925150 0.638346 0.615423 0.370754 0.431627 0.695261 0.480038 0.770848 0.883030 0.873499 0.804208 0.936438 0.830458 0.622299 0.588899 0.619302 0.500996 0.809480 0.758917 0.871993 0.849141 0.948371 0.882797 0.931612 0.815271 0.906228 0.814852 0.972686 0.935052 0.988043 0.940785 0.956550 0.859424 0.821694 0.903838 0.943029 0.784002 0.789266 0.782760
0.614272 0.635041 0.000000 0.390709 0.964895 0.787128 0.405989 0.474927 0.517917 0.708318 0.705150 0.863228 0.661138 0.827925 0.844291 0.608158 0.522442 0.492806 0.836294 0.921297 0.991966 0.885794 0.589664 0.558127 0.406148 0.505046 0.956512 0.922547 0.659467 0.660843 0.593209 0.661917 0.789173 0.933328 0.867057 0.848186 0.837870 0.818162 0.677344 0.839288 0.730340 0.894981 0.641285 0.805633 0.874890 0.925012 0.921740 0.999949 0.825693 0.924486 0.979791 0.961775 0.802397 0.702591 0.908176 0.904517 0.630546 0.435575 0.541241 0.552273 0.838517 0.929830 0.462903 0.479803 0.475291 0.507265 0.573287 0.938010 0.673637 0.648454 0.555146 0.628912 0.995109 0.969222 0.975898 0.843301 0.653294 0.621214 0.858968 0.861842 0.543736 0.641411 0.844844 0.696725 0.937201 0.757966 0.995394 0.876602 0.792655 0.965660 0.530286 0.498819 0.474263 0.471035 0.979930 0.694141 0.846452 0.754224 0.678564 0.589493 0.837476 0.634517 0.947536 0.739372 0.757141 0.918696 0.781116 0.884767 0.915814 0.993265 0.806423 0.953505 0.860662 0.892004 0.923061 0.832577
0.611695 0.661653 0.390709 0.000000 0.864118 0.928742 0.457447 0.397349 0.606389 0.739578 0.666481 0.693982 0.879384 0.950263 0.998814 0.754592 0.505586 0.515295 0.921314 0.927429 0.955597 0.991431 0.650482 0.601079 0.425394 0.485280 0.857554 0.999947 0.536194 0.616492 0.661537 0.671663 0.974561 0.903159 0.997274 0.865398 0.815946 0.885349 0.672848 0.862881 0.714522 0.865091 0.711299 0.799223 0.996933 0.898913 0.814226 0.971415 0.855947 0.995283 0.927876 0.980981 0.781444 0.745579 0.906996 0.961767 0.685611 0.489189 0.533838 0.573153 0.594268 0.816570 0.483040 0.470566 0.571964 0.735091 0.693072 0.922189 0.765785 0.761831 0.680959 0.681335 0.885150 0.860172 0.884789 0.933090 0.669674 0.731889 0.800466 0.846429 0.593029 0.667465 0.763619 0.725963 0.994748 0.823220 0.962761 0.917674 0.864019 0.899717 0.602535 0.530864 0.547752 0.501297 0.986261 0.721350 0.932192 0.809360 0.901845 0.727526 0.868644 0.645718 0.934049 0.744122 0.782651 0.884583 0.773373 0.867064 0.884005 0.980267 0.924533 0.813635 0.869100 0.899040 0.996120 0.813557
0.904131 0.887162 0.964895 0.864118 0.000000 0.835007 0.908307 0.857628 0.869162 0.942337 0.999934 0.893804 0.756846 0.855790 0.829230 0.773121 0.990117 0.988474 0.877537 0.972071 0.860606 0.937289 0.771490 0.789915 0.968259 0.889710 0.920524 0.986354 0.996098 0.939801 0.897484 0.856920 0.950476 0.940388 0.839750 0.892585 0.897660 0.842814 0.884011 0.834645 0.960009 0.920516 0.907465 0.753156 0.976502 0.788663 0.909783 0.869292 0.789689 0.730661 0.828764 0.893657 0.886265 0.960256 0.919812 0.925255 0.807872 0.907524 0.896948 0.845881 0.829964 0.883387 0.965232 0.977380 0.795306 0.701851 0.852779 0.941616 0.794371 0.713265 0.884491 0.976527 0.931634 0.897260 0.939553 0.956338 0.912361 0.995868 0.903807 0.924142 0.811782 0.921695 0.899078 0.886968 0.778455 0.859547 0.829050 0.850390 0.961257 0.984663 0.758647 0.838673 0.843537 0.804104 0.963208 0.991777 0.870326 0.838621 0.881628 0.750903 0.942488 0.958365 0.834227 0.852370 0.927097 0.981441 0.980437 0.831167 0.981108 0.792071 0.834006 0.926787 0.964778 0.924546 0.902088 0.897692
0.846931 0.886510 0.787128 0.928742 0.835007 0.000000 0.734253 0.776534 0.866134 0.714885 0.855327 0.938887 0.717522 0.988586 0.936469 0.718020 0.929350 0.814631 0.879961 0.887446 0.891283 0.941725 0.903225 0.958970 0.821077 0.779164 0.772590 0.960560 0.888802 0.860554 0.891990 0.926837 0.818419 0.898595 0.897955 0.966017 0.943714 0.961511 0.845191 0.956517 0.959253 0.991102 0.940749 0.731178 0.802057 0.636239 0.868749 0.619554 0.655639 0.626190 0.790894 0.832664 0.809089 0.866753 0.751370 0.921776 0.675711 0.815835 0.940798 0.859196 0.824042 0.737747 0.815654 0.841180 0.831242 0.533586 0.756148 0.736848 0.711660 0.632560 0.666639 0.761486 0.804118 0.835444 0.923073 0.954050 0.823142 0.838786 0.885671 0.854851 0.759503 0.793934 0.846417 0.759161 0.986035 0.992463 0.950344 0.896788 0.910057 0.737512 0.560677 0.628118 0.594273 0.711506 0.878485 0.880032 0.736726 0.980032 0.755928 0.677845 0.752762 0.883114 0.975831 0.797642 0.787353 0.884891 0.923713 0.931656 0.959880 0.934093 0.976391 0.804934 0.723918 0.980731 0.922205 0.766169
0.700209 0.763716 0.405989 0.457447 0.908307 0.734253 0.000000 0.432877 0.599278 0.704916 0.795441 0.895857 0.580495 0.873134 0.807430 0.566301 0.718130 0.672549 0.682398 0.966924 0.932461 0.926822 0.591184 0.604889 0.489151 0.690087 0.930832 0.889839 0.766040 0.802512 0.626301 0.573179 0.719230 0.827536 0.958973 0.918836 0.966338 0.882518 0.784416 0.908301 0.791207 0.875840 0.803163 0.924795 0.971847 0.859078 0.909375 0.935772 0.753203 0.836291 0.930973 0.974145 0.914926 0.892798 0.970512 0.907467 0.726236 0.566269 0.610314 0.583908 0.993011 0.994067 0.682068 0.654911 0.529588 0.573939 0.574230 0.938478 0.651988 0.642926 0.658316 0.663611 0.965084 0.998855 0.874472 0.859893 0.742779 0.674767 0.872116 0.977911 0.712475 0.803364 0.908431 0.825497 0.822933 0.711077 0.993985 0.977476 0.817527 0.958872 0.504044 0.500738 0.447597 0.511012 0.909584 0.749217 0.851809 0.947948 0.783010 0.690650 0.839590 0.571510 0.812790 0.681781 0.806743 0.883845 0.849076 0.886503 0.822729 0.974183 0.884650 0.937411 0.840609 0.944863 0.922866 0.927303
0.742470 0.791557 0.474927 0.397349 0.857628 0.776534 0.432877 0.000000 0.708046 0.546174 0.779423 0.947852 0.919690 0.939189 0.798624 0.868569 0.730213 0.621031 0.807634 0.922270 0.911485 0.978927 0.942207 0.875148 0.639808 0.671147 0.804721 0.863419 0.673000 0.768632 0.779701 0.630548 0.934367 0.910587 0.822185 0.993900 0.959929 0.933159 0.776883 0.883183 0.826101 0.961141 0.908254 0.966726 0.771306 0.735051 0.833584 0.837050 0.683523 0.840834 0.838771 0.874787 0.977235 0.985397 0.926923 0.978081 0.743380 0.594719 0.717259 0.773190 0.844118 0.903467 0.631402 0.628088 0.832029 0.664540 0.811957 0.984463 0.769853 0.716814 0.628089 0.518071 0.884154 0.942226 0.867391 0.994765 0.764009 0.823138 0.847210 0.905598 0.720883 0.737770 0.597586 0.666448 0.816030 0.934750 0.781600 0.775067 0.959759 0.861542 0.553923 0.545499 0.527378 0.575668 0.976926 0.854230 0.678974 0.788443 0.864469 0.790698 0.749838 0.702175 0.931290 0.707082 0.905034 0.884668 0.780038 0.827973 0.922437 0.992384 0.846619 0.893744 0.926844 0.988658 0.997445 0.994228
0.683654 0.619914 0.517917 0.606389 0.869162 0.866134 0.599278 0.708046 0.000000 0.617330 0.688479 0.892602 0.722653 0.887558 0.889261 0.559574 0.627954 0.506780 0.751296 0.993903 0.962908 0.987193 0.644914 0.678745 0.670482 0.575651 0.930192 0.832076 0.677325 0.698555 0.582401 0.771790 0.998869 0.948464 0.787340 0.778052 0.858918 0.858346 0.850433 0.957357 0.656795 0.802743 0.652967 0.830953 0.779530 0.963145 0.966668 0.904919 0.992353 0.959621 0.901077 0.865371 0.751876 0.539907 0.870320 0.835888 0.622981 0.476119 0.622102 0.536915 0.812670 0.959674 0.542866 0.527303 0.583098 0.706206 0.652012 0.937797 0.745708 0.732918 0.518738 0.682066 0.910975 0.984799 0.787048 0.802933 0.595844 0.705309 0.889012 0.849276 0.603280 0.632310 0.923301 0.671056 0.919031 0.876133 0.988987 0.865291 0.830997 0.938717 0.534713 0.478729 0.577949 0.497843 0.901087 0.728654 0.939362 0.831742 0.651470 0.608107 0.936156 0.553615 0.913669 0.928635 0.940105 0.951854 0.804842 0.791638 0.865841 0.858978 0.944102 0.779139 0.755456 0.920397 0.910478 0.711695
0.663704 0.571857 0.708318 0.739578 0.942337 0.714885 0.704916 0.546174 0.617330 0.000000 0.789071 0.935437 0.968197 0.871197 0.661583 0.960076 0.825859 0.614578 0.838518 0.943311 0.891296 0.861718 0.883715 0.921999 0.948042 0.826657 0.805286 0.656443 0.749794 0.849582 0.928226 0.895394 0.795626 0.989694 0.915325 0.981395 0.934573 0.996989 0.928658 0.935109 0.815458 0.852266 0.863884 0.722358 0.651280 0.581095 0.655178 0.593628 0.629770 0.623667 0.663783 0.654332 0.779382 0.971925 0.702707 0.818900 0.499919 0.518498 0.656811 0.701778 0.884083 0.853963 0.639768 0.609646 0.964624 0.750955 0.992129 0.927633 0.713689 0.610379 0.507918 0.560288 0.840340 0.861603 0.935732 0.905938 0.756356 0.872239 0.762620 0.746497 0.588763 0.585261 0.582344 0.495397 0.583723 0.626787 0.752252 0.696958 0.962925 0.702508 0.511989 0.509994 0.566722 0.541624 0.971383 0.793417 0.735357 0.795381 0.849126 0.865544 0.770332 0.819452 0.824503 0.776182 0.946440 0.987273 0.919891 0.821203 0.908677 0.980446 0.852072 0.973169 0.898291 0.916854 0.838542 0.928195
0.483341 0.608681 0.705150 0.666481 0.999934 0.855327 0.795441 0.779423 0.688479 0.789071 0.000000 0.579937 0.896418 0.898708 0.975055 0.865153 0.477934 0.393265 0.822839 0.825512 0.959337 0.954028 0.757049 0.878074 0.638870 0.600213 0.891661 0.984843 0.518575 0.454745 0.953901 0.906695 0.764659 0.677656 0.883943 0.945000 0.933299 0.851114 0.907529 0.968008 0.771078 0.745391 0.722579 0.981117 0.998186 0.889819 0.862737 0.869111 0.883673 0.936532 0.869626 0.960759 0.966801 0.747118 0.816015 0.833471 0.524349 0.502142 0.604264 0.580129 0.548283 0.734374 0.440511 0.401783 0.694496 0.806035 0.996565 0.849021 0.569527 0.655960 0.679436 0.729950 0.975994 0.993234 0.918135 0.944142 0.702368 0.770453 0.714254 0.775214 0.474760 0.432162 0.760964 0.508917 0.920087 0.965826 0.990840 0.768963 0.908742 0.850730 0.551426 0.507877 0.526428 0.509188 0.829909 0.885227 0.985923 0.954187 0.768774 0.684650 0.870995 0.825724 0.964260 0.821271 0.891393 0.983700 0.858861 0.827163 0.771740 0.840488 0.780568 0.904061 0.803755 0.896527 0.890864 0.918979
0.524667 0.542771 0.863228 0.693982 0.893804 0.938887 0.895857 0.947852 0.892602 0.935437 0.579937 0.000000 0.792237 0.705864 0.960604 0.895451 0.560226 0.607929 0.827574 0.821504 0.829778 0.993535 0.839347 0.900427 0.744527 0.728970 0.719392 0.904555 0.559036 0.642428 0.932011 0.998965 0.689991 0.647678 0.937748 0.967411 0.972184 0.906301 0.949519 0.975322 0.808485 0.731117 0.901906 0.969569 0.943744 0.877958 0.720424 0.934880 0.895431 0.893802 0.776676 0.841063 0.999851 0.923835 0.832149 0.776641 0.616967 0.629852 0.539730 0.599748 0.477093 0.478389 0.599586 0.540352 0.754540 0.922289 0.946600 0.731356 0.737459 0.782194 0.935433 0.979660 0.717107 0.668322 0.766000 0.948789 0.854383 0.894413 0.721189 0.833885 0.634809 0.588172 0.854278 0.660999 0.936939 0.989164 0.940038 0.949796 0.981767 0.938191 0.810640 0.744199 0.752929 0.654649 0.874983 0.869496 0.739991 0.885516 0.988467 0.981727 0.937387 0.957198 0.787229 0.888185 0.984277 0.941105 0.993075 0.973475 0.886438 0.892739 0.816581 0.886524 0.777875 0.824500 0.848037 0.917580
0.914465 0.955040 0.661138 0.879384 0.756846 0.717522 0.580495 0.919690 0.722653 0.968197 0.896418 0.792237 0.000000 0.541336 0.433825 0.361983 0.947310 0.997762 0.558158 0.718821 0.978043 0.918762 0.498334 0.565588 0.651756 0.847564 0.970101 0.987391 0.935495 0.965481 0.686531 0.760000 0.495960 0.660386 0.715051 0.793109 0.957915 0.811389 0.876640 0.840818 0.936237 0.896654 0.705265 0.761663 0.645515 0.834817 0.752657 0.958501 0.922074 0.958312 0.769069 0.745027 0.743600 0.803177 0.982003 0.730304 0.968875 0.888157 0.901590 0.756033 0.666555 0.769077 0.937771 0.966938 0.521536 0.606891 0.580792 0.792750 0.882816 0.883645 0.785823 0.922440 0.998588 0.889446 0.889353 0.844453 0.764331 0.738027 0.922298 0.982526 0.937066 0.953604 0.787241 0.868867 0.584155 0.586886 0.808285 0.822616 0.767903 0.852546 0.742360 0.792797 0.734482 0.827072 0.886116 0.836312 0.906497 0.993910 0.677517 0.606126 0.857086 0.690294 0.921623 0.954446 0.705499 0.811493 0.950095 0.987700 0.913916 0.985058 0.930335 0.819758 0.845049 0.975148 0.692867 0.900141
0.883733 0.876731 0.827925 0.950263 0.855790 0.988586 0.873134 0.939189 0.887558 0.871197 0.898708 0.705864 0.541336 0.000000 0.538347 0.558341 0.895016 0.987059 0.790566 0.738243 0.931775 0.791869 0.574033 0.551561 0.754232 0.949524 0.887066 0.989790 0.857561 0.970807 0.843840 0.860368 0.588891 0.793687 0.621877 0.745484 0.956367 0.798189 0.986567 0.962206 0.945700 0.887395 0.790849 0.790646 0.690559 0.759131 0.871626 0.799006 0.800522 0.743088 0.785449 0.637927 0.746076 0.715102 0.955182 0.891201 0.893220 0.985614 0.913597 0.999458 0.831108 0.757570 0.985250 0.996778 0.663369 0.752150 0.746060 0.811190 0.946231 0.917740 0.995053 0.874857 0.955743 0.931141 0.815826 0.774513 0.858198 0.812448 0.922056 0.975028 0.942196 0.952679 0.713259 0.785243 0.654137 0.661702 0.821397 0.788662 0.842075 0.665378 0.992889 0.991939 0.990868 0.992733 0.972990 0.903216 0.977478 0.877612 0.924580 0.749065 0.922260 0.936018 0.914715 0.978371 0.671340 0.744631 0.906865 0.956469 0.976821 0.874864 0.878084 0.959609 0.955221 0.938850 0.792185 0.888882
0.936356 0.913040 0.844291 0.998814 0.829230 0.936469 0.807430 0.798624 0.889261 0.661583 0.975055 0.960604 0.433825 0.538347 0.000000 0.469726 0.892084 0.935861 0.739629 0.889516 0.979290 0.925694 0.405190 0.530084 0.690344 0.858382 0.731462 0.882334 0.841088 0.973320 0.769333 0.856474 0.587420 0.815115 0.606107 0.807232 0.934749 0.893876 0.852854 0.960554 0.956857 0.997370 0.720242 0.768625 0.543851 0.700803 0.768682 0.816478 0.760032 0.772955 0.724110 0.626141 0.661995 0.708941 0.838536 0.785108 0.902687 0.995377 0.953745 0.807511 0.800262 0.962255 0.949344 0.951446 0.480679 0.809809 0.598276 0.925919 0.907313 0.990939 0.921515 0.770020 0.889094 0.878199 0.831254 0.972707 0.934217 0.796569 0.928168 0.977232 0.954436 0.869678 0.541626 0.740311 0.419556 0.431378 0.677464 0.666035 0.755644 0.720532 0.972312 0.990328 0.935822 0.968610 0.874853 0.883545 0.852973 0.799819 0.910020 0.750370 0.953179 0.855644 0.800833 0.966244 0.740446 0.865193 0.873516 0.896457 0.997609 0.999609 0.958004 0.873786 0.912569 0.974074 0.710088 0.960717
0.901484 0.921047 0.608158 0.754592 0.773121 0.718020 0.566301 0.868569 0.559574 0.960076 0.865153 0.895451 0.361983 0.558341 0.469726 0.000000 0.736001 0.783968 0.684229 0.829916 0.967674 0.923743 0.416546 0.487398 0.556641 0.685952 0.936638 0.995863 0.907681 0.849627 0.584505 0.671808 0.577969 0.822758 0.690999 0.756752 0.931630 0.762693 0.832441 0.874913 0.890858 0.965226 0.597395 0.729965 0.599666 0.814832 0.824801 0.990410 0.874919 0.879660 0.727373 0.685188 0.630659 0.594972 0.997659 0.694268 0.873325 0.718519 0.796580 0.626845 0.878438 0.890637 0.758893 0.771816 0.432275 0.619332 0.547939 0.886902 0.783534 0.836187 0.708058 0.849606 0.968235 0.941146 0.798274 0.795989 0.672656 0.690011 0.933152 0.869605 0.770965 0.896542 0.783664 0.965991 0.592868 0.587777 0.871424 0.866816 0.860329 0.809819 0.631867 0.636012 0.632562 0.650037 0.913280 0.764093 0.934013 0.896306 0.692240 0.542521 0.850088 0.604185 0.955455 0.890501 0.686830 0.838810 0.995370 0.892197 0.935317 0.988582 0.911517 0.792527 0.758035 0.988821 0.679127 0.749238
0.457094 0.488350 0.522442 0.505586 0.990117 0.929350 0.718130 0.730213 0.627954 0.825859 0.477934 0.560226 0.947310 0.895016 0.892084 0.736001 0.000000 0.341317 0.859328 0.913905 0.911687 0.974568 0.600896 0.622915 0.461178 0.466866 0.762829 0.956531 0.517848 0.386580 0.765442 0.848503 0.946018 0.701008 0.869324 0.909688 0.908318 0.973864 0.830169 0.938399 0.707808 0.789398 0.638230 0.915534 0.911049 0.923479 0.820153 0.949076 0.924185 0.974365 0.912859 0.965527 0.788413 0.629707 0.803006 0.877190 0.502710 0.389230 0.476224 0.519572 0.520465 0.811105 0.321277 0.333400 0.501917 0.725382 0.794326 0.837822 0.565336 0.631866 0.667009 0.793129 0.868906 0.885218 0.883551 0.909013 0.739137 0.734394 0.667822 0.679664 0.378252 0.411823 0.802887 0.562715 0.999712 0.895791 0.999966 0.783709 0.994736 0.972180 0.587378 0.515444 0.506822 0.446633 0.799557 0.719771 0.924824 0.943427 0.801672 0.675673 0.818353 0.764193 0.935110 0.744666 0.799196 0.993002 0.832665 0.897733 0.899022 0.875574 0.921504 0.940836 0.812283 0.948320 0.990224 0.802705
0.423318 0.469887 0.492806 0.515295 0.988474 0.814631 0.672549 0.621031 0.506780 0.614578 0.393265 0.607929 0.997762 0.987059 0.935861 0.783968 0.341317 0.000000 0.909908 0.877226 0.864706 0.990611 0.750711 0.781177 0.566992 0.480696 0.928809 0.865603 0.484242 0.398267 0.806028 0.810263 0.865182 0.737508 0.914113 0.946093 0.954370 0.975212 0.844508 0.970185 0.655620 0.743560 0.663778 0.947874 0.995327 0.846503 0.739224 0.825599 0.848570 0.907464 0.870252 0.949438 0.909846 0.643903 0.696958 0.890182 0.401469 0.328339 0.490214 0.505674 0.520491 0.913572 0.267009 0.265353 0.619057 0.679431 0.867979 0.841127 0.545698 0.628964 0.486641 0.582443 0.948702 0.982205 0.913053 0.867907 0.637678 0.746172 0.665544 0.679355 0.335996 0.313077 0.640983 0.419811 0.829117 0.905600 0.887759 0.681081 0.951220 0.878252 0.466251 0.416017 0.435913 0.422368 0.844952 0.775204 0.952477 0.829874 0.687297 0.633745 0.781358 0.753535 0.933985 0.806730 0.874494 0.953700 0.724691 0.827780 0.816159 0.903215 0.824631 0.972181 0.741414 0.933356 0.921442 0.792803
0.852424 0.889097 0.836294 0.921314 0.877537 0.879961 0.682398 0.807634 0.751296 0.838518 0.822839 0.827574 0.558158 0.790566 0.739629 0.684229 0.859328 0.909908 0.000000 0.700370 0.899132 0.766799 0.783800 0.816174 0.988194 0.964727 0.906254 0.898719 0.824695 0.737449 0.785995 0.805371 0.789580 0.540438 0.948300 0.770912 0.903470 0.878890 0.980327 0.988979 0.926541 0.825350 0.933524 0.934809 0.871217 0.930449 0.951655 0.990184 0.981723 0.950531 0.934533 0.860710 0.885315 0.951176 0.956414 0.834473 0.929795 0.971503 0.990812 0.966237 0.737248 0.884387 0.872900 0.932055 0.855786 0.892182 0.739517 0.969309 0.977899 0.873824 0.805951 0.948348 0.918121 0.910925 0.783141 0.986134 0.871060 0.838404 0.938948 0.974697 0.900934 0.908649 0.895740 0.911809 0.801643 0.837117 0.950585 0.826336 0.813209 0.927737 0.801889 0.801589 0.789939 0.858035 0.825103 0.959838 0.848654 0.986674 0.863223 0.837381 0.991123 0.744516 0.920533 0.977085 0.978944 0.840278 0.996068 0.749652 0.947512 0.929400 0.943158 0.844693 0.909127 0.987658 0.768064 0.911439
0.772881 0.863201 0.921297 0.927429 0.972071 0.887446 0.966924 0.922270 0.993903 0.943311 0.825512 0.821504 0.718821 0.738243 0.889516 0.829916 0.913905 0.877226 0.700370 0.000000 0.889887 0.904220 0.886788 0.801477 0.931383 0.979841 0.952799 0.952200 0.900674 0.834045 0.974179 0.931183 0.883698 0.902225 0.983069 0.890886 0.957370 0.811953 0.895187 0.940642 0.875845 0.826363 0.953189 0.826329 0.952709 0.867253 0.944964 0.919149 0.907280 0.834296 0.917273 0.884215 0.930353 0.978487 0.962151 0.819025 0.798461 0.940743 0.997244 0.973666 0.926864 0.940745 0.946508 0.955157 0.945549 0.980932 0.948414 0.891163 0.866331 0.901124 0.997670 0.998541 0.893442 0.976523 0.979365 0.999851 0.988154 0.909867 0.902844 0.902482 0.908128 0.878601 0.903082 0.838873 0.920859 0.927905 0.976221 0.765942 0.925522 0.758385 0.959008 0.953368 0.945986 0.960126 0.976013 0.864549 0.911306 0.942466 0.983528 0.987612 0.971882 0.924724 0.966063 0.911205 0.905800 0.829797 0.885761 0.990522 0.950798 0.985152 0.837136 0.989391 0.964149 0.849590 0.914566 0.860338
0.982945 0.986593 0.991966 0.955597 0.860606 0.891283 0.932461 0.911485 0.962908 0.891296 0.959337 0.829778 0.978043 0.931775 0.979290 0.967674 0.911687 0.864706 0.899132 0.889887 0.000000 0.908505 0.962903 0.977301 0.959380 0.913943 0.996145 0.878502 0.887402 0.837930 0.870549 0.939967 0.989289 0.980503 0.969548 0.976806 0.853055 0.785709 0.875073 0.861043 0.930500 0.935959 0.806228 0.911808 0.856348 0.891881 0.996024 0.928803 0.902175 0.964835 0.922306 0.963615 0.926923 0.952924 0.873816 0.957757 0.964988 0.973282 0.931115 0.905999 0.821590 0.841560 0.858990 0.861796 0.971759 0.887851 0.980098 0.991898 0.974265 0.874020 0.911576 0.951479 0.835739 0.980956 0.954488 0.873576 0.965966 0.992615 0.941633 0.945941 0.949691 0.863519 0.904139 0.937964 0.952107 0.961678 0.958717 0.898334 0.962170 0.973301 0.968654 0.953989 0.921916 0.983495 0.900298 0.916304 0.961484 0.985686 0.965642 0.934298 0.968751 0.917457 0.977115 0.771554 0.938990 0.861319 0.968115 0.965577 0.948757 0.893998 0.969685 0.970278 0.884483 0.933882 0.965475 0.820220
0.969642 0.962227 0.885794 0.991431 0.937289 0.941725 0.926822 0.978927 0.987193 0.861718 0.954028 0.993535 0.918762 0.791869 0.925694 0.923743 0.974568 0.990611 0.766799 0.904220 0.908505 0.000000 0.948077 0.876350 0.999888 0.937876 0.997707 0.921841 0.915128 0.916556 0.899995 0.990025 0.983511 0.961895 0.924187 0.949294 0.743956 0.935629 0.988621 0.901432 0.940073 0.926088 0.850544 0.863153 0.848059 0.898523 0.817752 0.941826 0.922308 0.965373 0.844495 0.928042 0.801268 0.893887 0.802139 0.882400 0.948513 0.981533 0.958431 0.978648 0.971811 0.927392 0.959496 0.964027 0.996125 0.944384 0.984227 0.851063 0.968443 0.909747 0.937964 0.917413 0.987949 0.947928 0.882043 0.887681 0.974948 0.986280 0.912877 0.938318 0.958800 0.887070 0.933075 0.990685 0.971805 0.926394 0.985644 0.981192 0.939866 0.992223 0.939722 0.991170 0.949586 0.973790 0.888732 0.896804 0.940754 0.890000 0.834789 0.906166 0.954354 0.883078 0.891990 0.898956 0.935787 0.790986 0.924351 0.998892 0.905614 0.900923 0.924103 0.963807 0.980003 0.993999 0.978769 0.897914
0.787471 0.832488 0.589664 0.650482 0.771490 0.903225 0.591184 0.942207 0.644914 0.883715 0.757049 0.839347 0.498334 0.574033 0.405190 0.416546 0.600896 0.750711 0.783800 0.886788 0.962903 0.948077 0.000000 0.328619 0.437920 0.644204 0.635869 0.852034 0.810852 0.728406 0.690769 0.808218 0.688589 0.998981 0.559719 0.703198 0.881633 0.853812 0.821666 0.984010 0.867566 0.863460 0.614737 0.745263 0.610618 0.827661 0.932176 0.873439 0.886144 0.819209 0.835161 0.648901 0.584467 0.575119 0.982554 0.815069 0.847592 0.726943 0.720383 0.614655 0.919790 0.858352 0.739642 0.720940 0.276970 0.652443 0.526243 0.988588 0.740247 0.844528 0.894642 0.925361 0.843691 0.815547 0.847767 0.903399 0.733117 0.645945 0.905159 0.861347 0.732014 0.857589 0.659117 0.971098 0.422269 0.386586 0.745939 0.744849 0.750373 0.660444 0.700990 0.682379 0.672010 0.647994 0.987762 0.699524 0.865038 0.880448 0.852083 0.601686 0.909627 0.669479 0.759346 0.770419 0.632966 0.854176 0.988706 0.987017 0.893113 0.976561 0.956848 0.907999 0.781915 0.898199 0.775328 0.847209
0.808373 0.809209 0.558127 0.601079 0.789915 0.958970 0.604889 0.875148 0.678745 0.921999 0.878074 0.900427 0.565588 0.551561 0.530084 0.487398 0.622915 0.781177 0.816174 0.801477 0.977301 0.876350 0.328619 0.000000 0.448902 0.689490 0.625097 0.910739 0.849913 0.783432 0.725179 0.823124 0.779371 0.997723 0.689891 0.766333 0.963790 0.758617 0.818329 0.974095 0.868311 0.914149 0.739674 0.824278 0.738506 0.937529 0.960730 0.885613 0.979594 0.875174 0.895878 0.761681 0.658784 0.655723 0.969502 0.845509 0.873094 0.742044 0.713282 0.662429 0.898771 0.898725 0.756642 0.742680 0.363135 0.684153 0.549767 0.935104 0.787401 0.882372 0.905647 0.948553 0.796150 0.788058 0.870636 0.938927 0.824602 0.720669 0.938619 0.874574 0.753393 0.912274 0.718065 0.959712 0.505478 0.417919 0.781601 0.693174 0.672352 0.622182 0.774336 0.775114 0.782856 0.700255 0.976995 0.724401 0.894723 0.966752 0.947830 0.696250 0.976129 0.756527 0.678751 0.762705 0.714798 0.762205 0.956634 0.977789 0.926188 0.990284 0.880833 0.992662 0.910496 0.873318 0.823634 0.868952
0.657684 0.734834 0.406148 0.425394 0.968259 0.821077 0.489151 0.639808 0.670482 0.948042 0.638870 0.744527 0.651756 0.754232 0.690344 0.556641 0.461178 0.566992 0.988194 0.931383 0.959380 0.999888 0.437920 0.448902 0.000000 0.443103 0.768799 0.854469 0.635302 0.520397 0.636795 0.766725 0.755260 0.916621 0.788850 0.872322 0.849769 0.864322 0.753971 0.785521 0.796882 0.836964 0.622480 0.794819 0.838828 0.989569 0.966816 0.993989 0.921137 0.979926 0.990228 0.852713 0.725611 0.741322 0.996478 0.910610 0.719956 0.549282 0.569275 0.533276 0.730299 0.869255 0.497117 0.523210 0.333191 0.576942 0.548296 0.927356 0.709454 0.736614 0.763102 0.832667 0.840713 0.833484 0.964615 0.968968 0.696488 0.618408 0.788965 0.889508 0.596343 0.683991 0.998490 0.848986 0.698437 0.578051 0.787999 0.953921 0.816281 0.788114 0.616478 0.587370 0.538245 0.523239 0.913622 0.746144 0.995930 0.951306 0.833950 0.625789 0.847698 0.722962 0.805098 0.644125 0.625833 0.897570 0.832919 0.979079 0.945178 0.981300 0.970857 0.917617 0.874896 0.984810 0.943468 0.818194
0.654425 0.685347 0.505046 0.485280 0.889710 0.779164 0.690087 0.671147 0.575651 0.826657 0.600213 0.728970 0.847564 0.949524 0.858382 0.685952 0.466866 0.480696 0.964727 0.979841 0.913943 0.937876 0.644204 0.689490 0.443103 0.000000 0.848084 0.852718 0.653686 0.515146 0.703948 0.742682 0.921024 0.843187 0.764402 0.935591 0.777505 0.904823 0.733781 0.733341 0.689872 0.804503 0.615389 0.809087 0.852821 0.995166 0.920807 0.904115 0.997196 0.936296 0.960213 0.865221 0.769875 0.659299 0.962912 0.940418 0.621750 0.526225 0.603760 0.577857 0.644869 0.885995 0.436325 0.474750 0.512462 0.685546 0.633566 0.960139 0.747856 0.738164 0.708064 0.767684 0.930640 0.917180 0.953487 0.984601 0.585059 0.642372 0.800429 0.777380 0.588888 0.589218 0.881088 0.730464 0.937930 0.818627 0.966741 0.886896 0.978337 0.858390 0.651487 0.574238 0.582183 0.532956 0.895083 0.797983 0.910547 0.811298 0.773928 0.637818 0.865399 0.747319 0.955491 0.843284 0.732681 0.913872 0.819973 0.835380 0.975373 0.971198 0.983060 0.959573 0.797352 0.880662 0.956042 0.748835
0.895693 0.857499 0.956512 0.857554 0.920524 0.772590 0.930832 0.804721 0.930192 0.805286 0.891661 0.719392 0.970101 0.887066 0.731462 0.936638 0.762829 0.928809 0.906254 0.952799 0.996145 0.997707 0.635869 0.625097 0.768799 0.848084 0.000000 0.901989 0.913919 0.858234 0.960651 0.940666 0.884318 0.800578 0.853036 0.766655 0.917279 0.924882 0.940954 0.899906 0.977356 0.866548 0.944860 0.960780 0.843064 0.898736 0.914766 0.893962 0.922363 0.894034 0.969070 0.895367 0.734233 0.775128 0.948763 0.958547 0.914389 0.897408 0.810915 0.789836 0.764394 0.709296 0.901160 0.846236 0.669235 0.993191 0.948568 0.797809 0.936489 0.981493 0.849639 0.696378 0.753484 0.629913 0.895847 0.882971 0.995500 0.927297 0.803463 0.843518 0.889092 0.954990 0.729194 0.928803 0.717283 0.673202 0.805560 0.817415 0.871911 0.715937 0.951025 0.995569 0.941756 0.969835 0.946188 0.803554 0.716896 0.929702 0.822879 0.959620 0.823545 0.986576 0.728340 0.849265 0.913947 0.914652 0.869604 0.896349 0.938207 0.995517 0.948766 0.995744 0.917550 0.878749 0.905717 0.921788
0.870154 0.797991 0.922547 0.999947 0.986354 0.960560 0.889839 0.863419 0.832076 0.656443 0.984843 0.904555 0.987391 0.989790 0.882334 0.995863 0.956531 0.865603 0.898719 0.952200 0.878502 0.921841 0.852034 0.910739 0.854469 0.852718 0.901989 0.000000 0.962069 0.917045 0.989765 0.886431 0.837724 0.923335 0.868189 0.882411 0.985667 0.949029 0.939598 0.830943 0.968664 0.847468 0.856504 0.842318 0.839102 0.874305 0.950727 0.815140 0.821892 0.834961 0.879207 0.770317 0.837260 0.991904 0.845101 0.976618 0.845170 0.791919 0.894681 0.966413 0.894163 0.795883 0.946748 0.877910 0.826227 0.963091 0.862996 0.901874 0.937674 0.915482 0.763806 0.766364 0.843040 0.847916 0.897077 0.829935 0.922060 0.949786 0.904035 0.956000 0.873857 0.885230 0.809045 0.805687 0.693027 0.718405 0.836291 0.826238 0.964989 0.778848 0.859009 0.867606 0.921216 0.983003 0.865776 0.940655 0.860170 0.936016 0.916017 0.976912 0.953940 0.980182 0.861291 0.952754 0.832186 0.935625 0.923043 0.917415 0.907391 0.922491 0.839793 0.960152 0.932934 0.982212 0.990162 0.956545
0.572944 0.579012 0.659467 0.536194 0.996098 0.888802 0.766040 0.673000 0.677325 0.749794 0.518575 0.559036 0.935495 0.857561 0.841088 0.907681 0.517848 0.484242 0.824695 0.900674 0.887402 0.915128 0.810852 0.849913 0.635302 0.653686 0.913919 0.962069 0.000000 0.452185 0.883398 0.927001 0.805259 0.658505 0.971961 0.967457 0.786867 0.930739 0.886658 0.858697 0.832966 0.705292 0.718011 0.895838 0.960515 0.850575 0.908808 0.902531 0.835907 0.894710 0.915232 0.981991 0.938240 0.785530 0.751838 0.981045 0.641225 0.580617 0.679436 0.667550 0.598132 0.885005 0.458353 0.476469 0.693398 0.727064 0.912452 0.958780 0.772252 0.825565 0.626816 0.726973 0.886705 0.999117 0.867941 0.913094 0.705409 0.810184 0.775779 0.833758 0.529071 0.570867 0.696423 0.575466 0.941068 0.986119 0.997444 0.817522 0.997289 0.886558 0.604820 0.538535 0.634838 0.615346 0.872779 0.764772 0.965895 0.711253 0.841092 0.711976 0.848362 0.768702 0.977874 0.844773 0.807683 0.920497 0.769782 0.974416 0.811495 0.983819 0.840108 0.984079 0.779348 0.973091 0.961494 0.718768
0.576841 0.606151 0.660843 0.616492 0.939801 0.860554 0.802512 0.768632 0.698555 0.849582 0.454745 0.642428 0.965481 0.970807 0.973320 0.849627 0.386580 0.398267 0.737449 0.834045 0.837930 0.916556 0.728406 0.783432 0.520397 0.515146 0.858234 0.917045 0.452185 0.000000 0.942914 0.998259 0.908443 0.651366 0.899554 0.964296 0.843023 0.988449 0.866487 0.860112 0.797846 0.713225 0.665708 0.953947 0.980927 0.861579 0.851442 0.947820 0.925302 0.937491 0.912628 0.980354 0.875177 0.765217 0.819850 0.919813 0.588213 0.536401 0.635380 0.616208 0.555644 0.915161 0.384350 0.438449 0.573778 0.679235 0.896156 0.947062 0.662957 0.722995 0.733346 0.767510 0.826701 0.902812 0.872897 0.983221 0.758513 0.856051 0.674750 0.729635 0.477645 0.510420 0.771794 0.580800 0.954058 0.931690 0.888297 0.774827 0.961596 0.993902 0.649885 0.559997 0.593103 0.557345 0.825789 0.880967 0.930726 0.892195 0.834300 0.721388 0.767417 0.881162 0.941200 0.741414 0.762793 0.973404 0.748282 0.995989 0.875081 0.832611 0.944179 0.967216 0.797967 0.960321 0.881339 0.764393
0.920035 0.893515 0.593209 0.661537 0.897484 0.891990 0.626301 0.779701 0.582401 0.928226 0.953901 0.932011 0.686531 0.843840 0.769333 0.584505 0.765442 0.806028 0.785995 0.974179 0.870549 0.899995 0.690769 0.725179 0.636795 0.703948 0.960651 0.989765 0.883398 0.942914 0.000000 0.645948 0.665493 0.712045 0.933669 0.756826 0.714501 0.677160 0.768854 0.746114 0.924564 0.969970 0.623142 0.669684 0.624938 0.734054 0.923619 0.894179 0.838854 0.797094 0.694081 0.706619 0.658388 0.645315 0.916274 0.734862 0.915336 0.739617 0.801005 0.747368 0.926749 0.968793 0.782939 0.776570 0.674314 0.888683 0.545625 0.833980 0.897466 0.918690 0.718718 0.917688 0.992951 0.982292 0.789810 0.869566 0.635664 0.727177 0.840973 0.912485 0.911322 0.903160 0.910636 0.966466 0.845886 0.757606 0.985122 0.924902 0.823300 0.864209 0.794308 0.727483 0.735969 0.678742 0.887024 0.765297 0.882405 0.878722 0.733132 0.713407 0.943713 0.640586 0.987170 0.941589 0.849899 0.924049 0.939271 0.889660 0.913587 0.967036 0.926926 0.898673 0.873284 0.867291 0.750241 0.782287
0.945094 0.969402 0.661917 0.671663 0.856920 0.926837 0.573179 0.630548 0.771790 0.895394 0.906695 0.998965 0.760000 0.860368 0.856474 0.671808 0.848503 0.810263 0.805371 0.931183 0.939967 0.990025 0.808218 0.823124 0.766725 0.742682 0.940666 0.886431 0.927001 0.998259 0.645948 0.000000 0.730326 0.817979 0.968905 0.869283 0.943326 0.850858 0.858535 0.879528 0.956727 0.989356 0.699239 0.712150 0.822461 0.838972 0.852349 0.914387 0.924536 0.801844 0.815025 0.800802 0.786824 0.805242 0.882577 0.861349 0.976121 0.800700 0.890291 0.892628 0.990348 0.980672 0.861833 0.818761 0.780934 0.877841 0.779738 0.919265 0.828052 0.988235 0.881753 0.844852 0.869238 0.927172 0.945217 0.855101 0.745730 0.800684 0.885256 0.918731 0.921132 0.898400 0.984925 0.921685 0.964733 0.857974 0.816378 0.995714 0.953822 0.977191 0.815534 0.768755 0.761475 0.813125 0.805821 0.939413 0.882361 0.921298 0.863635 0.741442 0.999343 0.780351 0.889271 0.976066 0.798639 0.826807 0.909924 0.863074 0.951904 0.920530 0.860309 0.957642 0.884717 0.961641 0.703258 0.921301
0.787354 0.740874 0.789173 0.974561 0.950476 0.818419 0.719230 0.934367 0.998869 0.795626 0.764659 0.689991 0.495960 0.588891 0.587420 0.577969 0.946018 0.865182 0.789580 0.883698 0.989289 0.983511 0.688589 0.779371 0.755260 0.921024 0.884318 0.837724 0.805259 0.908443 0.665493 0.730326 0.000000 0.645151 0.773480 0.850131 0.929731 0.726440 0.927646 0.738597 0.886644 0.868646 0.738953 0.725697 0.685882 0.743189 0.714290 0.811687 0.847340 0.846178 0.703479 0.671998 0.771939 0.927212 0.869763 0.695281 0.761201 0.882993 0.851595 0.949192 0.621881 0.690707 0.886950 0.835384 0.689470 0.700364 0.633820 0.625481 0.975096 0.958260 0.955812 0.907731 0.946918 0.893196 0.927939 0.832309 0.949679 0.806437 0.794137 0.865012 0.834874 0.795850 0.735808 0.697526 0.606538 0.645344 0.919351 0.869472 0.908725 0.770658 0.996695 0.958302 0.937572 0.955373 0.894889 0.887758 0.797236 0.938905 0.827935 0.744200 0.730690 0.881896 0.940049 0.905068 0.647208 0.813974 0.966112 0.887759 0.961986 0.871176 0.951020 0.968019 0.992334 0.912613 0.689021 0.974320
0.638726 0.693732 0.933328 0.903159 0.940388 0.898595 0.827536 0.910587 0.948464 0.989694 0.677656 0.647678 0.660386 0.793687 0.815115 0.822758 0.701008 0.737508 0.540438 0.902225 0.980503 0.961895 0.998981 0.997723 0.916621 0.843187 0.800578 0.923335 0.658505 0.651366 0.712045 0.817979 0.645151 0.000000 0.963830 0.872909 0.982951 0.785276 0.962397 0.954166 0.962974 0.793762 0.945220 0.852757 0.781011 0.785909 0.727489 0.843830 0.871193 0.917568 0.769032 0.827684 0.836193 0.985233 0.776335 0.885414 0.720044 0.814542 0.772886 0.786397 0.526431 0.652820 0.717380 0.708534 0.944085 0.947476 0.783408 0.696787 0.801317 0.964324 0.963612 0.967872 0.797499 0.823470 0.703683 0.956561 0.922143 0.892182 0.735840 0.670684 0.670253 0.701789 0.890375 0.770270 0.881110 0.902679 0.962075 0.950459 0.876886 0.990430 0.962650 0.926654 0.952878 0.851711 0.850530 0.975755 0.816132 0.934132 0.824543 0.970605 0.972647 0.825496 0.876193 0.905231 0.990628 0.878003 0.984273 0.885651 0.978003 0.922461 0.964371 0.896184 0.972767 0.754893 0.798957 0.902227
0.983844 0.994149 0.867057 0.997274 0.839750 0.897955 0.958973 0.822185 0.787340 0.915325 0.883943 0.937748 0.715051 0.621877 0.606107 0.690999 0.869324 0.914113 0.948300 0.983069 0.969548 0.924187 0.559719 0.689891 0.788850 0.764402 0.853036 0.868189 0.971961 0.899554 0.933669 0.968905 0.773480 0.963830 0.000000 0.808189 0.844264 0.979449 0.741130 0.891280 0.914665 0.900428 0.721903 0.823721 0.649893 0.754804 0.833474 0.866812 0.752541 0.738983 0.780875 0.657691 0.727552 0.701264 0.947200 0.856598 0.961170 0.975127 0.995531 0.937549 0.921442 0.946414 0.947478 0.964534 0.641747 0.792371 0.712215 0.841576 0.936099 0.992231 0.927229 0.876187 0.920980 0.999680 0.844374 0.821207 0.845616 0.686042 0.976076 0.961676 0.933321 0.913013 0.787937 0.987412 0.628956 0.691294 0.859912 0.884476 0.869195 0.748614 0.949268 0.990034 0.965893 0.985748 0.882891 0.866029 0.855624 0.946393 0.855456 0.708618 0.973870 0.923689 0.984288 0.972369 0.777810 0.973533 0.953946 0.924773 0.899034 0.892687 0.972572 0.834782 0.887926 0.996054 0.836578 0.873160
0.983305 0.973086 0.848186 0.865398 0.892585 0.966017 0.918836 0.993900 0.778052 0.981395 0.945000 0.967411 0.793109 0.745484 0.807232 0.756752 0.909688 0.946093 0.770912 0.890886 0.976806 0.949294 0.703198 0.766333 0.872322 0.935591 0.766655 0.882411 0.967457 0.964296 0.756826 0.869283 0.850131 0.872909 0.808189 0.000000 0.882824 0.997549 0.811782 0.947723 0.992417 0.898274 0.846081 0.902053 0.785404 0.904409 0.961128 0.911913 0.920953 0.884155 0.959924 0.815113 0.757163 0.870347 0.929920 0.967435 0.975279 0.939336 0.998642 0.925417 0.976992 0.966705 0.942358 0.941727 0.777439 0.882186 0.873084 0.827992 0.852319 0.916338 0.944851 0.804211 0.910497 0.960648 0.853050 0.892000 0.906304 0.954117 0.930747 0.993455 0.920388 0.958914 0.797177 0.954881 0.788927 0.795356 0.930913 0.955842 0.894542 0.862322 0.918216 0.892877 0.911238 0.886216 0.934665 0.740817 0.954577 0.970234 0.926697 0.852442 0.922906 0.712206 0.931740 0.898558 0.868210 0.832467 0.952610 0.972441 0.954544 0.978059 0.880229 0.919388 0.941861 0.962724 0.666304 0.983191
0.959510 0.993874 0.837870 0.815946 0.897660 0.943714 0.966338 0.959929 0.858918 0.934573 0.933299 0.972184 0.957915 0.956367 0.934749 0.931630 0.908318 0.954370 0.903470 0.957370 0.853055 0.743956 0.881633 0.963790 0.849769 0.777505 0.917279 0.985667 0.786867 0.843023 0.714501 0.943326 0.929731 0.982951 0.844264 0.882824 0.000000 0.862379 0.802887 0.734685 0.917099 0.933804 0.687208 0.660880 0.741450 0.746048 0.826889 0.812231 0.753939 0.788626 0.746266 0.783113 0.800312 0.813222 0.784383 0.774541 0.925402 0.969697 0.974157 0.940892 0.867375 0.943721 0.915235 0.938168 0.895753 0.980347 0.835668 0.860756 0.955737 0.886966 0.973541 0.947422 0.968782 0.995650 0.969512 0.927857 0.822870 0.883996 0.929503 0.802775 0.998431 0.942688 0.953029 0.996605 0.910173 0.912649 0.929027 0.972551 0.948885 0.829032 0.963867 0.994382 0.978846 0.978570 0.834304 0.905539 0.937934 0.882038 0.881571 0.877416 0.948690 0.985218 0.939984 0.991590 0.961156 0.979935 0.950118 0.949424 0.956609 0.941975 0.982793 0.931365 0.953878 0.922678 0.871533 0.793230
0.796202 0.964019 0.818162 0.885349 0.842814 0.961511 0.882518 0.933159 0.858346 0.996989 0.851114 0.906301 0.811389 0.798189 0.893876 0.762693 0.973864 0.975212 0.878890 0.811953 0.785709 0.935629 0.853812 0.758617 0.864322 0.904823 0.924882 0.949029 0.930739 0.988449 0.677160 0.850858 0.726440 0.785276 0.979449 0.997549 0.862379 0.000000 0.992513 0.680796 0.911108 0.934422 0.781606 0.711596 0.747735 0.713470 0.885129 0.843323 0.765212 0.798815 0.709934 0.716001 0.707626 0.778171 0.877301 0.720999 0.843218 0.990236 0.986967 0.992217 0.948796 0.909720 0.990640 0.995089 0.858332 0.943577 0.806042 0.873932 0.846968 0.776175 0.915411 0.991895 0.993076 0.930676 0.841942 0.786729 0.893269 0.817128 0.908694 0.967298 0.878680 0.861668 0.800097 0.788239 0.840997 0.792656 0.958528 0.906808 0.729527 0.766836 0.930566 0.990602 0.966293 0.981149 0.973886 0.847236 0.920700 0.826691 0.984304 0.948639 0.831708 0.889067 0.945056 0.911372 0.926636 0.934405 0.971683 0.989032 0.900867 0.853513 0.911316 0.950018 0.967387 0.994783 0.975284 0.876550
