0.000000 0.257579 0.969773 0.778928 0.934828 0.839656 0.816884 0.568998 0.711557 0.604501 0.350673 0.339161 0.499327 0.444156 0.631598 0.705836 0.344506 0.281238 0.332241 0.315710 0.600500 0.995277 0.597967 0.755551 0.902969 0.675300 0.825165 0.874875 0.388494 0.417015 0.681840 0.694081 0.585179 0.594825 0.885415 0.850894 0.755162 0.949126 0.755030 0.817562 0.780769 0.822512 0.798821 0.721082 0.861164 0.709359 0.574920 0.657610 0.450564 0.646187 0.835442 0.932788 0.977174 0.727995 0.738218 0.935555 0.263773 0.377651 0.517275 0.669774 0.677881 0.782837 0.355144 0.374906 0.733061 0.764566 0.874719 0.814083 0.490434 0.560284 0.784421 0.855746 0.658395 0.818651 0.927185 0.998149 0.760214 0.866880 0.691244 0.460648 0.350525 0.297065 0.397730 0.558223 0.385419 0.572284 0.875974 0.620709 0.858018 0.567194 0.761489 0.595382 0.610702 0.476376 0.918655 0.935230 0.848132 0.801159 0.835467 0.844699 0.862365 0.762006 0.842047 0.880492 0.937119 0.955599 0.818556 0.661593 0.880746 0.942035 0.932290 0.890874 0.782506 0.990563 0.989625 0.767185
0.257579 0.000000 0.903139 0.849745 0.967066 0.750580 0.935729 0.572817 0.646218 0.672654 0.485313 0.392391 0.620761 0.513268 0.812702 0.825725 0.351337 0.337709 0.430081 0.342191 0.679221 0.942622 0.746008 0.876215 0.802257 0.752920 0.959803 0.807926 0.423292 0.483557 0.774311 0.729958 0.677020 0.603444 0.913070 0.957900 0.782104 0.955977 0.759179 0.733398 0.772074 0.867813 0.836368 0.712217 0.804005 0.661076 0.570685 0.686757 0.381362 0.614557 0.848223 0.967993 0.943111 0.679536 0.717475 0.891907 0.229752 0.251609 0.600073 0.643526 0.729823 0.715808 0.457742 0.405532 0.689165 0.778549 0.798753 0.873480 0.549956 0.490506 0.931700 0.999616 0.767839 0.958079 0.971785 0.985405 0.829245 0.909236 0.700695 0.523154 0.375312 0.306815 0.479186 0.512704 0.429864 0.609145 0.859802 0.605066 0.956274 0.609658 0.638228 0.492841 0.567076 0.420599 0.875740 0.944746 0.894583 0.809169 0.874538 0.923251 0.821330 0.658790 0.860231 0.995815 0.920943 0.914997 0.679478 0.617879 0.919953 0.932743 0.951686 0.929106 0.765891 0.979279 0.917970 0.764090
0.969773 0.903139 0.000000 0.429285 0.780435 0.719718 0.369111 0.592353 0.716805 0.702941 0.914703 0.963050 0.693339 0.841549 0.699191 0.775842 0.968670 0.995591 0.850493 0.993543 0.934489 0.922306 0.610402 0.791226 0.910672 0.636566 0.984528 0.939792 0.842527 0.855455 0.562629 0.591256 0.549630 0.726304 0.615990 0.925360 0.957182 0.905347 0.891788 0.820929 0.956112 0.973007 0.615720 0.621865 0.546252 0.629031 0.684408 0.633644 0.827036 0.616394 0.483685 0.479856 0.521093 0.421354 0.741885 0.864512 0.946995 0.781287 0.942006 0.760633 0.629263 0.762687 0.929143 0.998318 0.477359 0.733672 0.429150 0.596971 0.905168 0.858057 0.867895 0.828216 0.754214 0.579207 0.723048 0.951604 0.752998 0.620207 0.918612 0.910044 0.939548 0.907365 0.944882 0.972855 0.871085 0.973951 0.707132 0.887805 0.824651 0.944582 0.605242 0.655438 0.691245 0.745946 0.798926 0.945327 0.764318 0.940753 0.642538 0.564358 0.712742 0.668378 0.758296 0.600174 0.585264 0.575438 0.891120 0.909712 0.957635 0.787121 0.729945 0.762252 0.647143 0.756804 0.676877 0.907301
0.778928 0.849745 0.429285 0.000000 0.777439 0.762267 0.452888 0.418108 0.794538 0.641526 0.753138 0.652281 0.603283 0.604526 0.585071 0.612593 0.796406 0.809727 0.694347 0.668525 0.884372 0.957754 0.505998 0.624734 0.908538 0.836564 0.961878 0.919434 0.700038 0.754174 0.551200 0.634956 0.550456 0.696782 0.729469 0.886601 0.840189 0.808717 0.865993 0.967164 0.937637 0.948462 0.613973 0.602535 0.586650 0.576730 0.713807 0.632039 0.675690 0.474563 0.501674 0.505156 0.608055 0.663003 0.734514 0.963037 0.861283 0.981626 0.771003 0.991444 0.578726 0.516155 0.752328 0.819597 0.582980 0.653740 0.568092 0.712760 0.923699 0.756611 0.826370 0.786263 0.675971 0.608697 0.665994 0.934136 0.567852 0.709944 0.843833 0.896055 0.811010 0.857310 0.789438 0.893439 0.658913 0.693881 0.811663 0.730776 0.863561 0.707290 0.763290 0.831769 0.801826 0.896362 0.749319 0.923586 0.734968 0.943534 0.656907 0.600036 0.759718 0.770689 0.757628 0.716898 0.640479 0.639273 0.930414 0.987948 0.985495 0.809088 0.726534 0.751335 0.642616 0.855854 0.866956 0.835656
0.934828 0.967066 0.780435 0.777439 0.000000 0.788952 0.823724 0.893952 0.824159 0.983788 0.950122 0.930392 0.820241 0.798289 0.752416 0.772133 0.914999 0.953579 0.928832 0.996459 0.961869 0.908781 0.728199 0.635320 0.922815 0.938532 0.790920 0.814129 0.978403 0.943223 0.869802 0.986977 0.894821 0.985864 0.987943 0.936820 0.851941 0.979879 0.960942 0.997244 0.874803 0.918973 0.870308 0.887600 0.959984 0.977486 0.886537 0.931070 0.895952 0.868327 0.800106 0.784181 0.741512 0.853969 0.931352 0.881142 0.936806 0.808687 0.965522 0.878991 0.823644 0.866653 0.961375 0.979144 0.844956 0.800675 0.849866 0.951555 0.989588 0.941772 0.996873 0.972350 0.881807 0.874920 0.962177 0.850173 0.999276 0.890875 0.851501 0.960463 0.954462 0.940910 0.939558 0.942567 0.759340 0.773843 0.931831 0.805084 0.756906 0.985321 0.796506 0.838334 0.951197 0.902862 0.965657 0.995685 0.947839 0.955161 0.939522 0.851786 0.861347 0.794555 0.934060 0.962121 0.911634 0.875395 0.848629 0.907480 0.893014 0.821058 0.992481 0.965825 0.948806 0.939593 0.749940 0.871905
0.839656 0.750580 0.719718 0.762267 0.788952 0.000000 0.642930 0.747112 0.644707 0.818178 0.920248 0.965537 0.913024 0.962949 0.835875 0.738278 0.846042 0.790745 0.879824 0.818761 0.948419 0.883322 0.972814 0.903221 0.927863 0.838426 0.821299 0.824296 0.860052 0.930305 0.872767 0.842615 0.831882 0.993865 0.791203 0.956934 0.993195 0.925442 0.825162 0.977372 0.795853 0.945934 0.615133 0.729450 0.725725 0.785013 0.884997 0.821324 0.961288 0.829922 0.692373 0.702679 0.739841 0.626261 0.934239 0.945853 0.741510 0.604698 0.905201 0.999695 0.741813 0.776695 0.982645 0.957662 0.626970 0.575747 0.579699 0.635000 0.615432 0.890631 0.788116 0.735730 0.907561 0.878634 0.701197 0.906598 0.743448 0.874705 0.922530 0.986603 0.925904 0.750113 0.900856 0.845018 0.926626 0.959213 0.899938 0.835100 0.963298 0.928978 0.662971 0.635634 0.630841 0.655303 0.883027 0.853758 0.762898 0.728234 0.733283 0.633506 0.716767 0.787735 0.826306 0.844164 0.708590 0.682111 0.777093 0.752905 0.796562 0.998196 0.731561 0.700209 0.880100 0.820975 0.763395 0.880494
0.816884 0.935729 0.369111 0.452888 0.823724 0.642930 0.000000 0.421259 0.717538 0.463927 0.682182 0.748392 0.476581 0.650152 0.518045 0.593740 0.729547 0.744063 0.568729 0.818260 0.828049 0.999229 0.573822 0.821039 0.998706 0.913162 0.947609 0.936994 0.676925 0.593030 0.412982 0.464409 0.367055 0.486117 0.703106 0.997009 0.840917 0.746462 0.748683 0.918480 0.982324 0.992006 0.363510 0.404716 0.375083 0.471382 0.558757 0.408754 0.672428 0.525983 0.313700 0.383921 0.407982 0.413254 0.632164 0.793576 0.867038 0.895911 0.767912 0.822491 0.405571 0.663621 0.643360 0.705696 0.651843 0.768760 0.334660 0.504389 0.990422 0.831974 0.555740 0.541916 0.546737 0.449519 0.747281 0.837776 0.523777 0.508903 0.655204 0.706820 0.696711 0.926910 0.767838 0.805901 0.793878 0.955045 0.769604 0.896943 0.855136 0.869203 0.602999 0.660650 0.745267 0.794948 0.787707 0.713268 0.640935 0.774202 0.467418 0.345320 0.531698 0.601939 0.568774 0.451623 0.621280 0.503907 0.876479 0.887743 0.816474 0.775679 0.644426 0.570190 0.557168 0.633171 0.669339 0.902631
0.568998 0.572817 0.592353 0.418108 0.893952 0.747112 0.421259 0.000000 0.948219 0.435257 0.571903 0.404257 0.430828 0.379113 0.563900 0.518173 0.599051 0.638591 0.561731 0.584710 0.794188 0.928869 0.603199 0.752925 0.962898 0.977713 0.917069 0.740996 0.561712 0.585206 0.546382 0.533484 0.475105 0.498941 0.822904 0.931535 0.811476 0.831009 0.726191 0.956291 0.915200 0.960302 0.363234 0.378950 0.381737 0.363975 0.457173 0.383290 0.348329 0.324464 0.382702 0.431294 0.617025 0.752592 0.655632 0.846612 0.649137 0.764934 0.507258 0.767443 0.344067 0.336439 0.475679 0.491901 0.710873 0.659399 0.552994 0.593695 0.946802 0.630182 0.663217 0.704880 0.623674 0.604920 0.719000 0.877788 0.521747 0.658027 0.804080 0.726125 0.569966 0.708710 0.641876 0.772464 0.550982 0.683019 0.936697 0.741524 0.873666 0.628254 0.842954 0.971242 0.901530 0.892053 0.725845 0.799133 0.704235 0.881416 0.455875 0.387471 0.688126 0.882100 0.568086 0.675289 0.667463 0.688061 0.863359 0.994027 0.787260 0.750802 0.619654 0.516886 0.573462 0.695810 0.767272 0.811985
0.711557 0.646218 0.716805 0.794538 0.824159 0.644707 0.717538 0.948219 0.000000 0.839607 0.852287 0.778051 0.987811 0.840194 0.830237 0.933318 0.820393 0.742626 0.842291 0.728334 0.902168 0.970286 0.970047 0.938512 0.949023 0.760547 0.992332 0.946743 0.778576 0.895814 0.820227 0.892207 0.905825 0.936731 0.745749 0.912874 0.993794 0.803850 0.897739 0.869835 0.945971 0.963262 0.803656 0.904611 0.843947 0.963705 0.990544 0.854518 0.876746 0.906317 0.728045 0.613516 0.630992 0.563069 0.982255 0.926256 0.635860 0.533387 0.859199 0.762179 0.950266 0.911111 0.785818 0.792657 0.639158 0.754278 0.671248 0.823780 0.752820 0.796177 0.801613 0.692046 0.825701 0.676558 0.841392 0.912885 0.700656 0.786223 0.929687 0.974798 0.833970 0.693704 0.711811 0.716694 0.819121 0.887452 0.706202 0.754247 0.764852 0.821742 0.512051 0.461278 0.472867 0.535456 0.791038 0.973204 0.806075 0.770649 0.688172 0.683869 0.644587 0.689539 0.748472 0.733874 0.792359 0.787572 0.809186 0.696765 0.862769 0.909225 0.849447 0.754321 0.793722 0.838218 0.852480 0.863989
0.604501 0.672654 0.702941 0.641526 0.983788 0.818178 0.463927 0.435257 0.839607 0.000000 0.445699 0.510334 0.553552 0.613145 0.523054 0.571806 0.438771 0.504150 0.550438 0.638965 0.648555 0.989007 0.610151 0.821082 0.956538 0.981314 0.884455 0.965526 0.497219 0.428624 0.412692 0.508237 0.417717 0.463363 0.983344 0.961600 0.677999 0.774044 0.858244 0.949536 0.876980 0.912081 0.493296 0.483913 0.502304 0.465708 0.524491 0.405164 0.490041 0.540834 0.521255 0.606201 0.707429 0.858359 0.763879 0.872144 0.663053 0.816143 0.566458 0.956104 0.525636 0.567815 0.461317 0.402428 0.922090 0.977088 0.673588 0.736351 0.838883 0.710234 0.542499 0.538454 0.585119 0.547751 0.797161 0.898548 0.620469 0.548390 0.679986 0.504300 0.431894 0.597154 0.677511 0.686715 0.627650 0.786847 0.905492 0.932748 0.883056 0.733336 0.902072 0.993308 0.958725 0.873582 0.903482 0.903074 0.612222 0.956654 0.564452 0.491308 0.738697 0.943835 0.521618 0.549807 0.727499 0.683724 0.953388 0.956813 0.687032 0.907694 0.734412 0.632161 0.712105 0.767455 0.813066 0.769838
0.350673 0.485313 0.914703 0.753138 0.950122 0.920248 0.682182 0.571903 0.852287 0.445699 0.000000 0.359905 0.421410 0.477902 0.501428 0.507818 0.338145 0.320788 0.337948 0.437629 0.703530 0.957317 0.547283 0.711601 0.972646 0.716755 0.836421 0.974645 0.409316 0.347392 0.669651 0.710610 0.483903 0.580439 0.838271 0.982635 0.713694 0.899388 0.872486 0.896164 0.773932 0.833416 0.723712 0.689659 0.821052 0.710160 0.607527 0.621684 0.552229 0.687866 0.807937 0.923539 0.969476 0.817622 0.801919 0.997194 0.463363 0.584249 0.474754 0.788990 0.600509 0.746423 0.340627 0.335870 0.853672 0.828106 0.908229 0.943576 0.632024 0.664048 0.687783 0.669175 0.585228 0.682190 0.923031 0.940061 0.733792 0.725504 0.638049 0.509714 0.403496 0.397645 0.456107 0.583001 0.510133 0.628023 0.955206 0.682539 0.910751 0.640951 0.845322 0.727549 0.705941 0.599327 0.936257 0.841441 0.744255 0.788681 0.821281 0.755465 0.986736 0.865975 0.786215 0.706912 0.949225 0.837653 0.863351 0.710261 0.830515 0.810808 0.999168 0.796308 0.836726 0.912945 0.956110 0.798908
0.339161 0.392391 0.963050 0.652281 0.930392 0.965537 0.748392 0.404257 0.778051 0.510334 0.359905 0.000000 0.411984 0.281442 0.515994 0.460204 0.390630 0.389820 0.425060 0.407728 0.772793 0.960567 0.554430 0.609464 0.929000 0.659568 0.903329 0.794576 0.442195 0.415790 0.655030 0.685998 0.585117 0.522096 0.839748 0.843181 0.739936 0.929290 0.859765 0.789992 0.961856 0.878879 0.620877 0.598752 0.705980 0.581680 0.566679 0.564887 0.355471 0.536447 0.740698 0.853489 0.991899 0.767899 0.809016 0.998309 0.465622 0.515792 0.506997 0.617329 0.522742 0.472551 0.322547 0.310728 0.914795 0.889461 0.956240 0.961331 0.713851 0.633315 0.714223 0.738368 0.696502 0.779690 0.902254 0.967017 0.684048 0.812629 0.759980 0.625995 0.454438 0.437684 0.496920 0.680285 0.401097 0.428810 0.954514 0.562076 0.902659 0.534197 0.784404 0.614179 0.665583 0.505922 0.991867 0.796617 0.888928 0.783265 0.763415 0.727586 0.989215 0.804025 0.829754 0.859681 0.962033 0.965215 0.668501 0.733307 0.861677 0.782776 0.937845 0.798543 0.832577 0.989717 0.962225 0.721778
0.499327 0.620761 0.693339 0.603283 0.820241 0.913024 0.476581 0.430828 0.987811 0.553552 0.421410 0.411984 0.000000 0.340200 0.335317 0.359180 0.549988 0.533741 0.411349 0.609143 0.854142 0.987828 0.444777 0.664595 0.982362 0.778277 0.857038 0.904866 0.505622 0.415576 0.494080 0.543885 0.449529 0.519283 0.913989 0.950196 0.844634 0.998033 0.828116 0.981416 0.969005 0.893084 0.450659 0.454377 0.596931 0.538301 0.465362 0.497048 0.516072 0.507483 0.533564 0.580842 0.705518 0.834588 0.706972 0.989963 0.586127 0.744344 0.493910 0.748330 0.385238 0.637389 0.364407 0.415757 0.854144 0.917409 0.617456 0.769203 0.878819 0.836582 0.612078 0.697119 0.615546 0.633415 0.884940 0.817613 0.613279 0.583531 0.661919 0.670419 0.608835 0.652583 0.473213 0.803309 0.564840 0.645853 0.881352 0.666436 0.770347 0.672127 0.936978 0.911547 0.908463 0.735081 0.913033 0.722397 0.753032 0.980074 0.584469 0.520884 0.727480 0.921419 0.613595 0.644439 0.674967 0.699955 0.858507 0.858831 0.862696 0.659639 0.814388 0.675330 0.662295 0.757543 0.685583 0.808737
0.444156 0.513268 0.841549 0.604526 0.798289 0.962949 0.650152 0.379113 0.840194 0.613145 0.477902 0.281442 0.340200 0.000000 0.441624 0.369022 0.567885 0.556354 0.429576 0.484815 0.815010 0.972892 0.430132 0.473661 0.979679 0.683890 0.912604 0.843206 0.463350 0.462740 0.601756 0.582330 0.564059 0.526250 0.973869 0.855497 0.812078 0.964305 0.895735 0.779700 0.911162 0.876166 0.536168 0.550844 0.622445 0.532141 0.547276 0.567005 0.385976 0.472750 0.581752 0.695631 0.840981 0.961778 0.750866 0.986997 0.595502 0.662756 0.588988 0.695049 0.474496 0.448811 0.377138 0.426277 0.989003 0.750346 0.805678 0.871768 0.793397 0.709567 0.697364 0.811611 0.687615 0.730769 0.803895 0.861556 0.729378 0.840429 0.827268 0.750070 0.593835 0.570533 0.499178 0.769890 0.381701 0.392425 0.943827 0.515062 0.895133 0.523443 0.883502 0.699053 0.729315 0.558239 0.935492 0.823811 0.972567 0.847659 0.757631 0.636390 0.915388 0.932674 0.846194 0.825041 0.851410 0.879532 0.775236 0.785402 0.867220 0.770685 0.854193 0.749695 0.788641 0.909914 0.935463 0.792960
0.631598 0.812702 0.699191 0.585071 0.752416 0.835875 0.518045 0.563900 0.830237 0.523054 0.501428 0.515994 0.335317 0.441624 0.000000 0.314703 0.622059 0.617520 0.477892 0.661761 0.819728 0.955934 0.320132 0.531837 0.992464 0.835877 0.837339 0.955148 0.574220 0.447904 0.411383 0.557081 0.461361 0.485080 0.972433 0.890068 0.860471 0.922455 0.954519 0.977063 0.946239 0.767023 0.576806 0.588164 0.669569 0.582709 0.659545 0.595855 0.641438 0.557558 0.636731 0.620776 0.703205 0.832097 0.853099 0.900498 0.768097 0.894728 0.674074 0.931410 0.561364 0.676223 0.409770 0.509804 0.817837 0.919226 0.596859 0.855481 0.899510 0.914082 0.536238 0.642686 0.570759 0.606634 0.824781 0.820752 0.588229 0.646895 0.806700 0.660296 0.660156 0.713847 0.588211 0.848194 0.541363 0.566737 0.853924 0.668179 0.794940 0.699349 0.956095 0.999608 0.939172 0.810035 0.881221 0.775310 0.775621 0.897111 0.726953 0.622160 0.720716 0.889413 0.743308 0.553201 0.755940 0.730712 0.943638 0.916302 0.822921 0.761874 0.860638 0.790912 0.787535 0.781125 0.681162 0.798361
0.705836 0.825725 0.775842 0.612593 0.772133 0.738278 0.593740 0.518173 0.933318 0.571806 0.507818 0.460204 0.359180 0.369022 0.314703 0.000000 0.696623 0.707419 0.584449 0.782404 0.890874 0.985735 0.447872 0.494411 0.847314 0.740530 0.993016 0.851871 0.581452 0.494142 0.563062 0.633656 0.555375 0.616575 0.995237 0.959169 0.882943 0.940250 0.961748 0.953636 0.919238 0.861627 0.491594 0.520635 0.662619 0.574916 0.662100 0.587349 0.582308 0.615035 0.634116 0.677182 0.792600 0.881938 0.882790 0.895421 0.859043 0.929341 0.607945 0.793438 0.464168 0.563981 0.418820 0.483184 0.834715 0.752778 0.603867 0.741439 0.937874 0.958173 0.635423 0.641546 0.759506 0.706837 0.810975 0.861010 0.729551 0.664321 0.781303 0.802272 0.754459 0.793715 0.666170 0.938012 0.605822 0.520437 0.883622 0.667642 0.852833 0.640914 0.987834 0.901659 0.893555 0.754149 0.880179 0.766512 0.805751 0.930791 0.745293 0.630267 0.785223 0.929220 0.796531 0.694830 0.744331 0.781387 0.870795 0.903014 0.801491 0.754166 0.843037 0.808594 0.780983 0.804072 0.770537 0.858582
0.344506 0.351337 0.968670 0.796406 0.914999 0.846042 0.729547 0.599051 0.820393 0.438771 0.338145 0.390630 0.549988 0.567885 0.622059 0.696623 0.000000 0.216666 0.378771 0.382858 0.680501 0.867809 0.682829 0.870619 0.973851 0.688319 0.988487 0.994531 0.347672 0.275545 0.616768 0.617137 0.474202 0.445936 0.927947 0.965617 0.728075 0.873191 0.821087 0.784669 0.695871 0.855954 0.730744 0.624524 0.704544 0.563730 0.562137 0.527700 0.478293 0.668208 0.805592 0.990630 0.999678 0.776033 0.707663 0.882105 0.291410 0.390893 0.609832 0.838532 0.664566 0.771186 0.332462 0.275228 0.687430 0.696360 0.961407 0.990537 0.644294 0.589526 0.753969 0.674598 0.641455 0.817304 0.936000 0.953488 0.718160 0.688666 0.523342 0.415233 0.257627 0.328726 0.496907 0.436331 0.541300 0.697656 0.959112 0.694628 0.991871 0.712435 0.647664 0.590914 0.609407 0.500685 0.897646 0.856774 0.846206 0.753599 0.813305 0.793526 0.913889 0.800356 0.768618 0.716586 0.993493 0.958846 0.724688 0.676788 0.859834 0.871250 0.993080 0.863437 0.742129 0.926806 0.954801 0.791973
0.281238 0.337709 0.995591 0.809727 0.953579 0.790745 0.744063 0.638591 0.742626 0.504150 0.320788 0.389820 0.533741 0.556354 0.617520 0.707419 0.216666 0.000000 0.321315 0.345784 0.635236 0.872601 0.627124 0.815436 0.936047 0.668756 0.947746 0.996021 0.316572 0.279233 0.625048 0.663434 0.501341 0.487041 0.841380 0.950785 0.742547 0.893069 0.818754 0.819447 0.662619 0.795833 0.789571 0.669445 0.784497 0.640504 0.646957 0.570378 0.496632 0.692004 0.843314 0.998816 0.975230 0.793846 0.740030 0.882197 0.272558 0.380909 0.639757 0.851526 0.703205 0.863650 0.339658 0.307810 0.664456 0.668342 0.960804 0.891527 0.553828 0.605645 0.736068 0.690743 0.614638 0.769448 0.986566 0.975225 0.729810 0.722226 0.529466 0.410867 0.280969 0.288404 0.422963 0.461762 0.502074 0.693940 0.962939 0.649936 0.982632 0.728318 0.668763 0.603514 0.572823 0.495256 0.881222 0.854533 0.859396 0.773282 0.853340 0.828296 0.864582 0.769087 0.835078 0.775291 0.992922 0.992508 0.762784 0.696584 0.913646 0.888354 0.973614 0.940254 0.751027 0.920803 0.996764 0.850943
0.332241 0.430081 0.850493 0.694347 0.928832 0.879824 0.568729 0.561731 0.842291 0.550438 0.337948 0.425060 0.411349 0.429576 0.477892 0.584449 0.378771 0.321315 0.000000 0.336438 0.664528 0.949336 0.431943 0.652030 0.882478 0.661546 0.855796 0.994742 0.370699 0.341083 0.540977 0.539931 0.446338 0.474869 0.912745 0.923467 0.777761 0.848472 0.796975 0.884573 0.775324 0.802752 0.684953 0.637481 0.704526 0.625148 0.567388 0.568854 0.473866 0.603102 0.677943 0.822732 0.838528 0.974824 0.667279 0.818280 0.385125 0.534414 0.688647 0.984946 0.641181 0.774271 0.382679 0.418443 0.811122 0.802534 0.900324 0.957110 0.560392 0.630616 0.631169 0.763726 0.531457 0.632458 0.938497 0.877438 0.638877 0.752617 0.587105 0.449824 0.396073 0.401004 0.377985 0.539347 0.419550 0.603670 0.956404 0.555213 0.918793 0.595404 0.837644 0.738685 0.676457 0.613430 0.858173 0.749303 0.844777 0.867496 0.804433 0.733612 0.992037 0.909423 0.800694 0.704751 0.935978 0.881184 0.872782 0.659350 0.902024 0.826030 0.962614 0.841558 0.708282 0.821518 0.997820 0.763904
0.315710 0.342191 0.993543 0.668525 0.996459 0.818761 0.818260 0.584710 0.728334 0.638965 0.437629 0.407728 0.609143 0.484815 0.661761 0.782404 0.382858 0.345784 0.336438 0.000000 0.694203 0.957299 0.544496 0.711391 0.825444 0.800729 0.847368 0.959413 0.389695 0.446956 0.685755 0.678004 0.598952 0.572478 0.878450 0.900225 0.796149 0.772728 0.862865 0.779776 0.734581 0.725052 0.895420 0.814632 0.816972 0.692796 0.695829 0.692882 0.470851 0.583397 0.841048 0.968002 0.978620 0.747425 0.710432 0.908639 0.352057 0.403005 0.722002 0.902489 0.824716 0.700266 0.510995 0.503328 0.714490 0.817761 0.861924 0.830736 0.427548 0.497879 0.810892 0.970108 0.615716 0.767492 0.929614 0.968767 0.726376 0.938582 0.690909 0.547473 0.377381 0.306160 0.375575 0.476943 0.390829 0.547171 0.977822 0.533160 0.959474 0.580427 0.672119 0.572237 0.640281 0.514001 0.899575 0.902070 0.962109 0.810283 0.991715 0.936696 0.826261 0.756327 0.992499 0.929018 0.968338 0.926402 0.795864 0.644795 0.980042 0.943543 0.997985 0.928271 0.873856 0.935131 0.873748 0.744274
0.600500 0.679221 0.934489 0.884372 0.961869 0.948419 0.828049 0.794188 0.902168 0.648555 0.703530 0.772793 0.854142 0.815010 0.819728 0.890874 0.680501 0.635236 0.664528 0.694203 0.000000 0.905073 0.858245 0.977693 0.910853 0.898585 0.903788 0.917922 0.686564 0.767021 0.683827 0.749976 0.768312 0.782677 0.850251 0.971254 0.836939 0.953266 0.758928 0.827120 0.839576 0.774009 0.780144 0.733417 0.839701 0.742854 0.731356 0.728772 0.638655 0.875470 0.807365 0.846737 0.929631 0.995196 0.770029 0.845490 0.689719 0.779430 0.837208 0.990906 0.847480 0.896629 0.711371 0.726179 0.898608 0.874609 0.932050 0.977026 0.747624 0.819809 0.852904 0.786353 0.762822 0.772518 0.803654 0.938760 0.936859 0.873676 0.847240 0.689428 0.679211 0.703898 0.727208 0.826306 0.762853 0.963483 0.881286 0.935984 0.990012 0.759733 0.943555 0.943000 0.941413 0.831877 0.966018 0.924459 0.896313 0.987758 0.773211 0.838134 0.985397 0.976371 0.819931 0.786666 0.959845 0.911008 0.895834 0.918547 0.932304 0.832710 0.942547 0.943307 0.882498 0.997985 0.999836 0.861752
0.995277 0.942622 0.922306 0.957754 0.908781 0.883322 0.999229 0.928869 0.970286 0.989007 0.957317 0.960567 0.987828 0.972892 0.955934 0.985735 0.867809 0.872601 0.949336 0.957299 0.905073 0.000000 0.993488 0.986680 0.999765 0.943030 0.950648 0.986992 0.984706 0.874672 0.983118 0.999721 0.991460 0.873441 0.875972 0.745536 0.941778 0.703820 0.917905 0.932558 0.973116 0.974305 0.967095 0.993949 0.937488 0.980314 0.940754 0.923538 0.964618 0.991836 0.948553 0.977164 0.941986 0.972514 0.984057 0.899784 0.958187 0.980741 0.830122 0.957820 0.896452 0.992530 0.988588 0.939805 0.797839 0.965129 0.961302 0.992013 0.989275 0.928741 0.951916 0.916896 0.958618 0.953393 0.803762 0.909991 0.976418 0.998831 0.994455 0.973292 0.886760 0.903219 0.934718 0.891623 0.976714 0.960868 0.903830 0.951360 0.953429 0.912289 0.912757 0.910391 0.931865 0.945250 0.908871 0.905866 0.901165 0.845452 0.919219 0.861870 0.986144 0.784934 0.898208 0.866610 0.844269 0.951972 0.955905 0.852199 0.929945 0.870714 0.957477 0.997911 0.987045 0.889053 0.889356 0.938409
0.597967 0.746008 0.610402 0.505998 0.728199 0.972814 0.573822 0.603199 0.970047 0.610151 0.547283 0.554430 0.444777 0.430132 0.320132 0.447872 0.682829 0.627124 0.431943 0.544496 0.858245 0.993488 0.000000 0.390469 0.872720 0.910446 0.743796 0.923165 0.513555 0.511540 0.446902 0.562036 0.477427 0.580522 0.980470 0.865022 0.816806 0.920673 0.988921 0.982073 0.938496 0.703103 0.784389 0.768898 0.787072 0.696170 0.720162 0.744412 0.648065 0.553153 0.650402 0.672244 0.744611 0.877151 0.896193 0.886883 0.746174 0.841399 0.807686 0.919907 0.733394 0.734706 0.562467 0.651527 0.896899 0.975416 0.770630 0.952148 0.682720 0.794634 0.642348 0.862747 0.537577 0.544907 0.802394 0.848717 0.716661 0.747196 0.847733 0.700317 0.695550 0.632217 0.536810 0.845039 0.414943 0.444908 0.795599 0.511080 0.809026 0.690174 0.998086 0.929316 0.897491 0.760627 0.930907 0.880463 0.830137 0.783645 0.887822 0.776128 0.951868 0.974645 0.921906 0.649576 0.786917 0.788308 0.951077 0.865285 0.913243 0.875390 0.886886 0.958769 0.849610 0.863090 0.894668 0.769330
0.755551 0.876215 0.791226 0.624734 0.635320 0.903221 0.821039 0.752925 0.938512 0.821082 0.711601 0.609464 0.664595 0.473661 0.531837 0.494411 0.870619 0.815436 0.652030 0.711391 0.977693 0.986680 0.390469 0.000000 0.964372 0.892867 0.871209 0.942806 0.700024 0.692439 0.711280 0.728642 0.743174 0.806183 0.950484 0.763908 0.914379 0.977330 0.938739 0.829925 0.861868 0.822296 0.878362 0.871462 0.908584 0.801307 0.908454 0.906762 0.749735 0.689814 0.851582 0.881785 0.940432 0.970088 0.943390 0.899676 0.930189 0.935064 0.936858 0.961323 0.839456 0.719697 0.687819 0.772892 0.923614 0.850446 0.910229 0.922159 0.874583 0.857482 0.807039 0.956890 0.898368 0.825177 0.888949 0.876304 0.941907 0.985490 0.973497 0.883294 0.857481 0.780162 0.730767 0.908129 0.516529 0.415656 0.857118 0.529821 0.884399 0.642858 0.880444 0.813978 0.762786 0.732241 0.932749 0.942828 0.902913 0.718621 0.893834 0.944721 0.945186 0.910401 0.868000 0.925362 0.900477 0.938293 0.961868 0.841427 0.981604 0.973793 0.970231 0.974826 0.951942 0.947888 0.899212 0.831598
0.902969 0.802257 0.910672 0.908538 0.922815 0.927863 0.998706 0.962898 0.949023 0.956538 0.972646 0.929000 0.982362 0.979679 0.992464 0.847314 0.973851 0.936047 0.882478 0.825444 0.910853 0.999765 0.872720 0.964372 0.000000 0.641446 0.794855 0.964126 0.960248 0.999200 0.889116 0.858108 0.979774 0.981634 0.819493 0.967198 0.816491 0.989612 0.839380 0.961454 0.913229 0.947893 0.879406 0.988323 0.946238 0.906870 0.975488 0.996481 0.950339 0.787768 0.979665 0.829087 0.822749 0.957229 0.962926 0.826136 0.807896 0.817045 0.958324 0.927666 0.881110 0.968707 0.943663 0.932197 0.966868 0.874938 0.912305 0.839838 0.913361 0.737904 0.973822 0.752265 0.979099 0.970190 0.999817 0.975967 0.821048 0.959716 0.982658 0.862309 0.840152 0.778776 0.872521 0.812808 0.817478 0.919157 0.821766 0.813310 0.753805 0.999288 0.972340 0.937086 0.972010 0.973326 0.937168 0.933886 0.923695 0.971874 0.950334 0.952591 0.911580 0.903637 0.915024 0.944914 0.977880 0.964713 0.868930 0.947827 0.944761 0.988572 0.939688 0.990758 0.827800 0.858025 0.899836 0.832754
0.675300 0.752920 0.636566 0.836564 0.938532 0.838426 0.913162 0.977713 0.760547 0.981314 0.716755 0.659568 0.778277 0.683890 0.835877 0.740530 0.688319 0.668756 0.661546 0.800729 0.898585 0.943030 0.910446 0.892867 0.641446 0.000000 0.978191 0.995926 0.809808 0.690142 0.924617 0.968448 0.977897 0.909786 0.660930 0.916150 0.957221 0.855400 0.966743 0.805735 0.889080 0.970695 0.964579 0.984439 0.838390 0.912834 0.889530 0.987400 0.888682 0.850599 0.885391 0.709924 0.771172 0.683512 0.945010 0.992526 0.707380 0.747331 0.830634 0.795634 0.947673 0.916939 0.637382 0.645359 0.598324 0.795840 0.833682 0.825224 0.846960 0.891217 0.932064 0.814474 0.968564 0.974553 0.906869 0.998986 0.993678 0.964510 0.752180 0.895517 0.834916 0.745108 0.794134 0.944707 0.878944 0.792145 0.780744 0.842126 0.841024 0.811076 0.706835 0.668378 0.613273 0.622067 0.768174 0.823676 0.947915 0.778972 0.995951 0.940070 0.843410 0.769467 0.931523 0.978244 0.746992 0.880966 0.777933 0.832572 0.928363 0.875347 0.771469 0.863028 0.945904 0.897495 0.919198 0.911304
0.825165 0.959803 0.984528 0.961878 0.790920 0.821299 0.947609 0.917069 0.992332 0.884455 0.836421 0.903329 0.857038 0.912604 0.837339 0.993016 0.988487 0.947746 0.855796 0.847368 0.903788 0.950648 0.743796 0.871209 0.794855 0.978191 0.000000 0.977128 0.986156 0.965556 0.937307 0.912712 0.996286 0.887350 0.779833 0.960853 0.888674 0.981053 0.879804 0.960830 0.970872 0.858748 0.767944 0.717432 0.745462 0.805359 0.911880 0.718369 0.908288 0.897591 0.823051 0.940205 0.942919 0.856350 0.727888 0.728750 0.912291 0.927348 0.985194 0.967648 0.884398 0.873714 0.990844 0.932625 0.989924 0.910619 0.824674 0.623224 0.774160 0.838483 0.927979 0.848939 0.839241 0.923083 0.965076 0.993658 0.963097 0.972327 0.910994 0.923555 0.966095 0.834774 0.784076 0.987736 0.784196 0.821372 0.871135 0.771762 0.834543 0.958513 0.917984 0.995445 0.911336 0.995299 0.994744 0.944522 0.992334 0.823715 0.801966 0.882440 0.903218 0.981016 0.907509 0.925573 0.876775 0.959947 0.929586 0.864387 0.855324 0.822648 0.875279 0.886774 0.853026 0.948675 0.942227 0.898628
0.874875 0.807926 0.939792 0.919434 0.814129 0.824296 0.936994 0.740996 0.946743 0.965526 0.974645 0.794576 0.904866 0.843206 0.955148 0.851871 0.994531 0.996021 0.994742 0.959413 0.917922 0.986992 0.923165 0.942806 0.964126 0.995926 0.977128 0.000000 0.965224 0.953843 0.987324 0.940209 0.998959 0.979772 0.984596 0.925653 0.991168 0.984873 0.926036 0.999112 0.917567 0.919147 0.797361 0.822237 0.863282 0.907080 0.935068 0.797088 0.751326 0.820349 0.819304 0.800247 0.864057 0.945399 0.924311 0.945512 0.946307 0.963851 0.830443 0.732683 0.772843 0.773551 0.881630 0.921440 0.961841 0.771261 0.923325 0.891055 0.860364 0.944986 0.943327 0.930618 0.949964 0.937014 0.926902 0.926816 0.855589 0.970743 0.962123 0.889532 0.977274 0.924824 0.883172 0.884463 0.884858 0.867679 0.823293 0.972512 0.775488 0.892879 0.875807 0.958245 0.905959 0.983202 0.834447 0.845566 0.897960 0.826999 0.756159 0.784731 0.768913 0.951941 0.919197 0.889245 0.924031 0.914023 0.985780 0.975804 0.997082 0.918849 0.905220 0.838986 0.866170 0.983673 0.944126 0.971983
0.388494 0.423292 0.842527 0.700038 0.978403 0.860052 0.676925 0.561712 0.778576 0.497219 0.409316 0.442195 0.505622 0.463350 0.574220 0.581452 0.347672 0.316572 0.370699 0.389695 0.686564 0.984706 0.513555 0.700024 0.960248 0.809808 0.986156 0.965224 0.000000 0.278716 0.508209 0.486456 0.412352 0.391872 0.979869 0.934950 0.734456 0.864263 0.904516 0.802355 0.775841 0.801017 0.702122 0.607396 0.675353 0.532289 0.645237 0.533333 0.462453 0.598501 0.695215 0.869995 0.878646 0.894122 0.731203 0.818147 0.402130 0.476788 0.622911 0.899516 0.642779 0.683657 0.381506 0.350052 0.786109 0.829921 0.925522 0.980122 0.611278 0.510559 0.785838 0.778185 0.619358 0.731746 0.907658 0.984263 0.785297 0.665243 0.518573 0.457384 0.317195 0.355328 0.391407 0.479504 0.398397 0.592572 0.869361 0.540220 0.929142 0.695846 0.714035 0.592965 0.645856 0.505027 0.923402 0.862605 0.872282 0.799302 0.877747 0.779369 0.896667 0.892396 0.838795 0.759877 0.847600 0.944674 0.800826 0.698643 0.944439 0.928355 0.982881 0.949978 0.738081 0.877345 0.980889 0.707356
0.417015 0.483557 0.855455 0.754174 0.943223 0.930305 0.593030 0.585206 0.895814 0.428624 0.347392 0.415790 0.415576 0.462740 0.447904 0.494142 0.275545 0.279233 0.341083 0.446956 0.767021 0.874672 0.511540 0.692439 0.999200 0.690142 0.965556 0.953843 0.278716 0.000000 0.473292 0.529372 0.366864 0.370726 0.911717 0.960173 0.736412 0.895375 0.890618 0.819249 0.747682 0.852522 0.626664 0.527705 0.624890 0.508754 0.586331 0.486186 0.490179 0.612155 0.711147 0.874030 0.863716 0.925378 0.722986 0.903916 0.411255 0.516668 0.635670 0.904034 0.575450 0.741229 0.301045 0.263524 0.823193 0.801231 0.827321 0.905087 0.726989 0.607422 0.712947 0.646101 0.630946 0.713022 0.985621 0.978793 0.728825 0.632505 0.470803 0.445236 0.296118 0.377307 0.426644 0.452237 0.490928 0.633491 0.921303 0.604933 0.988781 0.727685 0.702826 0.623096 0.599197 0.495754 0.888316 0.839505 0.846292 0.750797 0.851198 0.755577 0.996211 0.896000 0.813747 0.664544 0.929227 0.909885 0.805294 0.750415 0.831162 0.827740 0.998539 0.863789 0.701918 0.811321 0.897076 0.795481
0.681840 0.774311 0.562629 0.551200 0.869802 0.872767 0.412982 0.546382 0.820227 0.412692 0.669651 0.655030 0.494080 0.601756 0.411383 0.563062 0.616768 0.625048 0.540977 0.685755 0.683827 0.983118 0.446902 0.711280 0.889116 0.924617 0.937307 0.987324 0.508209 0.473292 0.000000 0.398654 0.398625 0.412588 0.841798 0.903816 0.732166 0.760174 0.812320 0.988577 0.964071 0.825979 0.478061 0.449681 0.433574 0.384694 0.598027 0.479157 0.580793 0.495957 0.471502 0.461923 0.487905 0.635770 0.792002 0.875187 0.721928 0.865449 0.837355 0.875072 0.592197 0.692918 0.561370 0.577747 0.865854 0.950965 0.608119 0.705823 0.868376 0.776627 0.550714 0.619364 0.544129 0.511758 0.782962 0.941416 0.584934 0.504941 0.667493 0.594132 0.562610 0.723165 0.677165 0.721532 0.586283 0.757739 0.781659 0.785042 0.783799 0.775097 0.866243 0.955225 0.959318 0.905556 0.802590 0.807128 0.737823 0.999385 0.650623 0.559306 0.649505 0.745276 0.593731 0.499313 0.652035 0.726314 0.922224 0.962904 0.788375 0.912035 0.747891 0.773257 0.591714 0.774598 0.744033 0.830230
0.694081 0.729958 0.591256 0.634956 0.986977 0.842615 0.464409 0.533484 0.892207 0.508237 0.710610 0.685998 0.543885 0.582330 0.557081 0.633656 0.617137 0.663434 0.539931 0.678004 0.749976 0.999721 0.562036 0.728642 0.858108 0.968448 0.912712 0.940209 0.486456 0.529372 0.398654 0.000000 0.393832 0.430319 0.683468 0.944516 0.775933 0.753580 0.730435 0.898593 0.908150 0.869279 0.476279 0.460636 0.428043 0.422177 0.544419 0.464728 0.537749 0.533460 0.441671 0.532387 0.553366 0.672945 0.713884 0.700479 0.711011 0.875702 0.879392 0.827162 0.621611 0.624743 0.626297 0.602486 0.934096 0.928156 0.639600 0.711642 0.955652 0.651376 0.563594 0.712115 0.608758 0.626074 0.673974 0.984993 0.609243 0.552380 0.719651 0.590555 0.556169 0.716932 0.638065 0.748370 0.580812 0.723202 0.619774 0.731213 0.930442 0.732050 0.935053 0.951626 0.996251 0.887868 0.992572 0.764048 0.763742 0.966453 0.687688 0.517921 0.806837 0.829286 0.605408 0.598780 0.662818 0.820030 0.978504 0.960563 0.809029 0.914975 0.765670 0.637271 0.639169 0.723772 0.798036 0.742304
0.585179 0.677020 0.549630 0.550456 0.894821 0.831882 0.367055 0.475105 0.905825 0.417717 0.483903 0.585117 0.449529 0.564059 0.461361 0.555375 0.474202 0.501341 0.446338 0.598952 0.768312 0.991460 0.477427 0.743174 0.979774 0.977897 0.996286 0.998959 0.412352 0.366864 0.398625 0.393832 0.000000 0.374669 0.870241 0.897659 0.668332 0.764623 0.814175 0.878971 0.871992 0.843038 0.512982 0.430112 0.453820 0.424721 0.635668 0.440741 0.576064 0.539157 0.483983 0.604760 0.657939 0.740002 0.694722 0.897358 0.651809 0.803834 0.719985 0.872263 0.524276 0.665577 0.480001 0.460147 0.915071 0.989197 0.556942 0.695152 0.844649 0.607679 0.557695 0.556716 0.534471 0.555330 0.814470 0.971925 0.592255 0.477520 0.621632 0.505376 0.463982 0.620547 0.565541 0.575121 0.590944 0.740266 0.843645 0.673154 0.905172 0.760819 0.999643 0.960591 0.913259 0.815717 0.945021 0.783988 0.653389 0.985288 0.686380 0.567811 0.774926 0.854301 0.632702 0.491571 0.745691 0.668060 0.987502 0.890049 0.775009 0.857809 0.791524 0.606532 0.565107 0.785828 0.787531 0.809944
0.594825 0.603444 0.726304 0.696782 0.985864 0.993865 0.486117 0.498941 0.936731 0.463363 0.580439 0.522096 0.519283 0.526250 0.485080 0.616575 0.445936 0.487041 0.474869 0.572478 0.782677 0.873441 0.580522 0.806183 0.981634 0.909786 0.887350 0.979772 0.391872 0.370726 0.412588 0.430319 0.374669 0.000000 0.860128 0.889278 0.794508 0.734130 0.810195 0.876733 0.908261 0.940342 0.523474 0.432661 0.437838 0.381838 0.579143 0.440059 0.513328 0.538014 0.577646 0.697703 0.704166 0.882602 0.677529 0.799568 0.571954 0.658389 0.726598 0.961504 0.541789 0.609914 0.413378 0.413416 0.970446 0.986307 0.640331 0.648531 0.818582 0.655835 0.599918 0.651323 0.606704 0.657199 0.858541 0.999190 0.609751 0.602081 0.599727 0.559118 0.430067 0.577167 0.578449 0.478181 0.580958 0.742452 0.856153 0.653146 0.988101 0.755602 0.867048 0.787562 0.810982 0.709587 0.946087 0.737784 0.823208 0.969880 0.706564 0.630114 0.825155 0.919313 0.692455 0.609952 0.848729 0.839840 0.860812 0.843940 0.826613 0.846665 0.887187 0.713283 0.646634 0.813172 0.832121 0.748787
0.885415 0.913070 0.615990 0.729469 0.987943 0.791203 0.703106 0.822904 0.745749 0.983344 0.838271 0.839748 0.913989 0.973869 0.972433 0.995237 0.927947 0.841380 0.912745 0.878450 0.850251 0.875972 0.980470 0.950484 0.819493 0.660930 0.779833 0.984596 0.979869 0.911717 0.841798 0.683468 0.870241 0.860128 0.000000 0.936292 0.842278 0.927738 0.850174 0.931931 0.946707 0.867254 0.709089 0.747641 0.655610 0.755610 0.802353 0.734638 0.997525 0.802686 0.648097 0.623077 0.623496 0.613019 0.727859 0.682728 0.942243 0.861821 0.971101 0.910129 0.735476 0.821105 0.921486 0.859923 0.677742 0.761547 0.617764 0.610097 0.858155 0.948513 0.984585 0.989136 0.999666 0.963695 0.813743 0.890665 0.833257 0.804290 0.944639 0.967204 0.940937 0.775718 0.891723 0.979376 0.985234 0.927465 0.702696 0.898820 0.864748 0.909418 0.753034 0.813237 0.786408 0.776562 0.824135 0.937835 0.909940 0.719401 0.799470 0.690148 0.735452 0.743910 0.759456 0.879065 0.572267 0.800323 0.918862 0.941017 0.958672 0.982308 0.919590 0.802213 0.743322 0.864831 0.734240 0.993911
0.850894 0.957900 0.925360 0.886601 0.936820 0.956934 0.997009 0.931535 0.912874 0.961600 0.982635 0.843181 0.950196 0.855497 0.890068 0.959169 0.965617 0.950785 0.923467 0.900225 0.971254 0.745536 0.865022 0.763908 0.967198 0.916150 0.960853 0.925653 0.934950 0.960173 0.903816 0.944516 0.897659 0.889278 0.936292 0.000000 0.938253 0.912948 0.990420 0.926826 0.994975 0.969620 0.982530 0.932541 0.923261 0.953886 0.996704 0.994283 0.990766 0.922386 0.987379 0.937243 0.986104 0.951632 0.971585 0.929157 0.938460 0.997344 0.873881 0.857337 0.932839 0.964807 0.897512 0.989806 0.908871 0.911888 0.925475 0.894073 0.936018 0.934804 0.912908 0.973322 0.961781 0.966280 0.934240 0.887675 0.877052 0.817935 0.947039 0.993677 0.962214 0.986398 0.972255 0.941317 0.818746 0.816177 0.800643 0.972831 0.846031 0.810625 0.983225 0.999570 0.940167 0.966618 0.895608 0.945942 0.940967 0.952982 0.974430 0.950857 0.993363 0.944970 0.981120 0.936107 0.913742 0.991957 0.953498 0.937005 0.852917 0.799278 0.918932 0.882523 0.905657 0.848265 0.934639 0.925838
0.755162 0.782104 0.957182 0.840189 0.851941 0.993195 0.840917 0.811476 0.993794 0.677999 0.713694 0.739936 0.844634 0.812078 0.860471 0.882943 0.728075 0.742547 0.777761 0.796149 0.836939 0.941778 0.816806 0.914379 0.816491 0.957221 0.888674 0.991168 0.734456 0.736412 0.732166 0.775933 0.668332 0.794508 0.842278 0.938253 0.000000 0.800027 0.953803 0.786958 0.861545 0.888484 0.900957 0.847609 0.843969 0.827346 0.928309 0.929984 0.843816 0.899950 0.843901 0.913723 0.977169 0.945023 0.948117 0.939282 0.795246 0.838868 0.878178 0.992538 0.948828 0.815276 0.809909 0.711974 0.955415 0.998539 0.967895 0.909721 0.834866 0.663934 0.744381 0.757473 0.889625 0.893472 0.908281 0.911129 0.829819 0.740179 0.823126 0.745422 0.675688 0.675296 0.817087 0.827641 0.760605 0.763738 0.903362 0.849739 0.897114 0.760646 0.928385 0.889165 0.932154 0.839505 0.946231 0.939373 0.763117 0.800630 0.945222 0.892851 0.999714 0.872668 0.821622 0.820612 0.969964 0.850714 0.952094 0.905674 0.797161 0.926085 0.903927 0.766171 0.911888 0.974787 0.882042 0.785547
0.949126 0.955977 0.905347 0.808717 0.979879 0.925442 0.746462 0.831009 0.803850 0.774044 0.899388 0.929290 0.998033 0.964305 0.922455 0.940250 0.873191 0.893069 0.848472 0.772728 0.953266 0.703820 0.920673 0.977330 0.989612 0.855400 0.981053 0.984873 0.864263 0.895375 0.760174 0.753580 0.764623 0.734130 0.927738 0.912948 0.800027 0.000000 0.923854 0.979279 0.883224 0.865514 0.810618 0.852651 0.696152 0.807645 0.933706 0.817548 0.864370 0.808102 0.702604 0.772469 0.700896 0.751698 0.841241 0.872214 0.991939 0.895231 0.889453 0.698442 0.953114 0.772294 0.942860 0.962064 0.900532 0.840960 0.882900 0.858490 0.847124 0.882390 0.716249 0.679128 0.579077 0.604217 0.950288 0.941284 0.705460 0.837291 0.969977 0.855310 0.788975 0.933412 0.982410 0.807788 0.863146 0.952207 0.789234 0.999036 0.982700 0.862979 0.795672 0.867159 0.870237 0.843419 0.946242 0.793167 0.858117 0.907853 0.918620 0.805173 0.841666 0.871679 0.820702 0.899196 0.929358 0.975546 0.930882 0.940450 0.873405 0.950710 0.888873 0.690165 0.925057 0.893385 0.963376 0.935910
