0.000000 0.532819 0.763774 0.599945 0.898112 0.882037 0.645444 0.601922 0.952613 0.718866 0.543503 0.662712 0.913968 0.996656 0.896328 0.858332 0.473025 0.412587 0.527173 0.483276 0.855102 0.931717 0.849964 0.763291 0.987630 0.922948 0.919653 0.889470 0.848325 0.885396 0.997226 0.906172 0.506221 0.550493 0.767265 0.984101 0.708933 0.769004 0.978151 0.908949 0.675612 0.676010 0.792337 0.806383 0.755372 0.608360 0.558564 0.554875 0.657104 0.674543 0.809049 0.841476 0.937025 0.847208 0.533802 0.530877 0.396130 0.518066 0.438019 0.576469 0.622280 0.713001 0.498964 0.469449 0.979617 0.924738 0.629336 0.780332 0.579860 0.613739 0.931865 0.913609 0.965652 0.867563 0.915493 0.873744 0.948809 0.794191 0.738820 0.960252 0.441977 0.419583 0.854784 0.580304 0.648296 0.795050 0.895013 0.970622 0.733639 0.515980 0.764725 0.977378 0.810026 0.982478 0.756241 0.807767 0.631170 0.808297 0.586959 0.629347 0.942324 0.950676 0.488443 0.641652 0.828036 0.622301 0.833814 0.792762 0.981837 0.906908 0.861195 0.690582 0.821320 0.909687 0.936334 0.961217
0.532819 0.000000 0.823988 0.691762 0.756751 0.902901 0.840990 0.770397 0.975553 0.908730 0.802868 0.776435 0.951213 0.878164 0.972786 0.996793 0.640359 0.628716 0.626630 0.576084 0.861567 0.849087 0.940231 0.900380 0.940150 0.887094 0.930089 0.938213 0.944013 0.993945 0.971610 0.962359 0.655087 0.808439 0.837614 0.987723 0.770699 0.744076 0.888084 0.975053 0.798247 0.725202 0.701689 0.661102 0.657002 0.570568 0.663773 0.571152 0.526145 0.497186 0.603321 0.675243 0.713165 0.895201 0.664734 0.782178 0.499253 0.478742 0.533029 0.597786 0.911028 0.904177 0.851803 0.749882 0.943100 0.988539 0.768363 0.791823 0.582313 0.529971 0.780988 0.856635 0.998815 0.952597 0.857408 0.980891 0.811267 0.709784 0.866867 0.995740 0.713965 0.668210 0.933412 0.751931 0.836250 0.926486 0.954966 0.972014 0.859842 0.671571 0.779272 0.787971 0.803644 0.833952 0.917926 0.832310 0.604069 0.838633 0.634804 0.605421 0.996657 0.740805 0.586204 0.632487 0.765824 0.660003 0.993807 0.677483 0.952302 0.799489 0.986098 0.670903 0.692431 0.855071 0.888239 0.995179
0.763774 0.823988 0.000000 0.504464 0.999002 0.733283 0.484230 0.928115 0.624097 0.974877 0.869960 0.830810 0.915969 0.857176 0.998078 0.693287 0.863216 0.814321 0.783815 0.862491 0.792019 0.994332 0.901451 0.952279 0.727319 0.699159 0.874869 0.878605 0.962607 0.761207 0.897139 0.959702 0.662830 0.895387 0.644220 0.996068 0.781493 0.874615 0.935062 0.953376 0.753492 0.728719 0.845420 0.770829 0.783423 0.771929 0.927171 0.904781 0.951602 0.834952 0.854148 0.860029 0.824101 0.698165 0.919116 0.789696 0.754560 0.822555 0.883589 0.903154 0.794413 0.872129 0.901730 0.950734 0.528721 0.936086 0.523142 0.902833 0.694490 0.768963 0.975378 0.872030 0.940371 0.864110 0.865801 0.874394 0.786018 0.838640 0.752767 0.974945 0.781396 0.833283 0.883342 0.806595 0.710954 0.791739 0.991948 0.926821 0.816296 0.861123 0.569263 0.582867 0.536243 0.553206 0.868755 0.710742 0.722176 0.845300 0.758242 0.699804 0.948466 0.847898 0.739320 0.781562 0.836454 0.779932 0.949262 0.751898 0.918607 0.930476 0.884709 0.778017 0.803254 0.997667 0.996980 0.893236
0.599945 0.691762 0.504464 0.000000 0.960501 0.935707 0.568521 0.743681 0.782104 0.931478 0.749232 0.952627 0.796603 0.941569 0.961093 0.846649 0.822351 0.732533 0.605219 0.704297 0.856485 0.971909 0.896771 0.980821 0.741507 0.692153 0.936068 0.861985 0.995362 0.842506 0.865706 0.990471 0.599132 0.781454 0.672579 0.991994 0.853373 0.924748 0.995940 0.936133 0.702961 0.719101 0.725257 0.648520 0.715648 0.640550 0.739818 0.671420 0.840967 0.723731 0.826109 0.788871 0.818268 0.821723 0.822331 0.658909 0.695044 0.765613 0.828070 0.880585 0.742625 0.938007 0.784735 0.813177 0.616184 0.918944 0.545528 0.794310 0.710294 0.747300 0.892872 0.937242 0.941897 0.990761 0.947891 0.888930 0.725603 0.832081 0.829838 0.972198 0.684110 0.718768 0.884622 0.834500 0.647490 0.687825 0.953560 0.980784 0.861246 0.695542 0.458856 0.618188 0.471342 0.606580 0.889785 0.675483 0.619354 0.803259 0.592728 0.561123 0.968098 0.853626 0.574346 0.581137 0.733446 0.701249 0.962928 0.796970 0.974498 0.947513 0.792276 0.615848 0.825723 0.921461 0.951212 0.977274
0.898112 0.756751 0.999002 0.960501 0.000000 0.983034 0.863040 0.947654 0.720717 0.877453 0.986480 0.970607 0.859317 0.981321 0.770351 0.851076 0.956382 0.982080 0.893314 0.962869 0.762129 0.952406 0.624796 0.682107 0.907292 0.830901 0.818876 0.835975 0.849865 0.871634 0.965838 0.787146 0.946434 0.995396 0.978313 0.980514 0.958166 0.726536 0.998275 0.889087 0.867820 0.945167 0.671264 0.681878 0.917965 0.889545 0.758809 0.860740 0.826021 0.906979 0.885144 0.996576 0.879310 0.934703 0.963241 0.960365 0.853803 0.987382 0.807881 0.931122 0.857634 0.974897 0.901820 0.934392 0.807320 0.998541 0.909542 0.781575 0.876427 0.890288 0.977711 0.991434 0.844085 0.778981 0.996266 0.920031 0.999846 0.895222 0.930786 0.991203 0.971738 0.946036 0.714486 0.916343 0.697965 0.768017 0.791201 0.741707 0.969600 0.943182 0.895252 0.973921 0.927080 0.964123 0.986171 0.843492 0.975887 0.806001 0.990218 0.993899 0.884301 0.851191 0.908826 0.783091 0.832771 0.910332 0.981479 0.898719 0.879265 0.938756 0.952966 0.955264 0.898778 0.962378 0.976532 0.913628
0.882037 0.902901 0.733283 0.935707 0.983034 0.000000 0.926196 0.825484 0.900324 0.793243 0.890760 0.767949 0.938917 0.808945 0.947680 0.787639 0.943471 0.931054 0.940460 0.997105 0.967567 0.844961 0.917740 0.956242 0.885961 0.940789 0.992960 0.856581 0.979224 0.880799 0.990343 0.913926 0.970422 0.977173 0.808148 0.922530 0.927501 0.952938 0.958865 0.920150 0.982685 0.879044 0.977694 0.986745 0.938289 0.955608 0.845585 0.958468 0.992646 0.970156 0.961540 0.954301 0.891970 0.779383 0.889074 0.871729 0.962295 0.976114 0.908757 0.748098 0.890617 0.707511 0.906851 0.906251 0.832624 0.737875 0.989493 0.859898 0.901578 0.979749 0.924292 0.953087 0.978028 0.975663 0.996509 0.918586 0.989745 0.995252 0.982983 0.939222 0.886355 0.866199 0.836635 0.983249 0.965098 0.974574 0.894879 0.980256 0.994242 0.931459 0.991390 0.868930 0.993000 0.854186 0.991886 0.942718 0.903865 0.871609 0.961442 0.999612 0.946104 0.934798 0.866482 0.871931 0.867234 0.967382 0.849449 0.939832 0.953253 0.966031 0.903103 0.888178 0.971676 0.942518 0.789424 0.929047
0.645444 0.840990 0.484230 0.568521 0.863040 0.926196 0.000000 0.501359 0.578677 0.529562 0.666533 0.865617 0.888893 0.799041 0.770218 0.706934 0.681246 0.595419 0.684167 0.832655 0.981995 0.988679 0.961282 0.822671 0.870748 0.891222 0.861229 0.888653 0.790275 0.892047 0.985275 0.946493 0.579207 0.544512 0.802301 0.983957 0.926892 0.908067 0.995128 0.983171 0.769968 0.832476 0.920824 0.881719 0.596421 0.584777 0.867107 0.809148 0.855527 0.971253 0.931803 0.850257 0.991437 0.976428 0.793410 0.693536 0.802817 0.895530 0.839647 0.999276 0.440188 0.718850 0.598942 0.607502 0.818690 0.944394 0.561074 0.758654 0.823109 0.777718 0.973277 0.933922 0.896385 0.915005 0.844729 0.913883 0.834544 0.887462 0.737429 0.827093 0.586351 0.630103 0.881356 0.679930 0.675931 0.867690 0.872141 0.948422 0.946867 0.841792 0.546030 0.735458 0.578539 0.797145 0.802819 0.783009 0.702748 0.809101 0.557853 0.617058 0.977354 0.973332 0.690300 0.723919 0.893215 0.849060 0.883346 0.904736 0.962535 0.945212 0.791658 0.715187 0.765625 0.822684 0.830602 0.945534
0.601922 0.770397 0.928115 0.743681 0.947654 0.825484 0.501359 0.000000 0.840025 0.364690 0.451075 0.462575 0.900126 0.999292 0.636240 0.836723 0.562420 0.558663 0.692367 0.735747 0.873856 0.878311 0.788907 0.740559 0.603611 0.681584 0.731498 0.749742 0.652990 0.631057 0.849320 0.906773 0.675232 0.414419 0.941884 0.937405 0.904347 0.757704 0.984012 0.964390 0.796711 0.926549 0.940761 0.920436 0.603833 0.567232 0.784792 0.723752 0.730364 0.954872 0.786819 0.676188 0.733936 0.584583 0.676365 0.694260 0.849779 0.896982 0.727847 0.771157 0.378699 0.395409 0.450653 0.385441 0.763914 0.798943 0.753189 0.638750 0.987676 0.820386 0.920431 0.784116 0.913229 0.977958 0.814604 0.929605 0.933071 0.925351 0.856637 0.746758 0.557006 0.610331 0.985741 0.675828 0.897135 0.973637 0.738617 0.881752 0.998523 0.771796 0.775489 0.927567 0.860540 0.827676 0.817425 0.925892 0.758341 0.827597 0.547798 0.709685 0.799971 0.854894 0.632518 0.730173 0.965103 0.905518 0.709176 0.915008 0.888762 0.956419 0.789909 0.696337 0.829759 0.747500 0.800892 0.813121
0.952613 0.975553 0.624097 0.782104 0.720717 0.900324 0.578677 0.840025 0.000000 0.787687 0.967698 0.878546 0.899985 0.905790 0.979019 0.910166 0.945824 0.878209 0.988149 0.993579 0.959671 0.892234 0.726706 0.884640 0.988933 0.990033 0.920335 0.941774 0.943110 0.943946 0.887344 0.993412 0.811112 0.914887 0.842099 0.913362 0.972637 0.883436 0.922079 0.943446 0.894364 0.963711 0.857951 0.897577 0.896497 0.918185 0.937971 0.870597 0.951778 0.974394 0.952060 0.943467 0.862499 0.729432 0.963700 0.882220 0.985747 0.959840 0.907026 0.911237 0.747412 0.944156 0.920168 0.949880 0.651545 0.887631 0.758376 0.921045 0.972125 0.973313 0.998740 0.959120 0.896097 0.993412 0.958777 0.974933 0.831258 0.937336 0.815849 0.889385 0.869753 0.914397 0.815569 0.823824 0.736341 0.797308 0.984080 0.967215 0.957894 0.955475 0.676015 0.685818 0.751193 0.735059 0.964647 0.839178 0.815376 0.985782 0.848585 0.761300 0.850649 0.890201 0.980755 0.924907 0.866075 0.979439 0.969522 0.956287 0.881207 0.994056 0.892517 0.863104 0.878110 0.899915 0.828457 0.945263
0.718866 0.908730 0.974877 0.931478 0.877453 0.793243 0.529562 0.364690 0.787687 0.000000 0.602027 0.604900 0.973769 0.906968 0.637123 0.839167 0.643783 0.574066 0.765712 0.894430 0.859962 0.989610 0.839143 0.708672 0.478887 0.530677 0.755998 0.685002 0.649351 0.592064 0.833834 0.924126 0.792693 0.516671 0.971485 0.954259 0.906501 0.691814 0.945188 0.898503 0.867108 0.969269 0.878870 0.895136 0.674897 0.687873 0.848645 0.842583 0.776199 0.879610 0.764021 0.649314 0.782576 0.632135 0.738279 0.703958 0.960633 0.925097 0.764255 0.792572 0.434851 0.462667 0.522119 0.462231 0.717430 0.870140 0.821705 0.721374 0.931589 0.825649 0.908803 0.879256 0.856232 0.927366 0.820781 0.944605 0.983349 0.974784 0.813073 0.728291 0.599679 0.664323 0.939780 0.712299 0.920390 0.910600 0.770167 0.920524 0.904550 0.824962 0.879553 0.886390 0.968690 0.772285 0.807696 0.968683 0.886579 0.903144 0.645342 0.750592 0.840931 0.760633 0.745796 0.857185 0.963249 0.886177 0.797604 0.863738 0.965545 0.932476 0.929340 0.814676 0.885597 0.740656 0.816298 0.853578
0.543503 0.802868 0.869960 0.749232 0.986480 0.890760 0.666533 0.451075 0.967698 0.602027 0.000000 0.482059 0.884711 0.944730 0.651822 0.792525 0.512248 0.587573 0.762849 0.698507 0.982746 0.774636 0.683658 0.678523 0.860717 0.871078 0.857397 0.955658 0.780687 0.773059 0.861360 0.785942 0.667832 0.488906 0.805167 0.951735 0.944241 0.939203 0.994631 0.922605 0.707268 0.815279 0.951123 0.948164 0.745917 0.682349 0.746438 0.798647 0.794435 0.986960 0.778903 0.724710 0.665876 0.571372 0.677697 0.689323 0.754694 0.861290 0.639212 0.776194 0.495417 0.526301 0.467526 0.425585 0.835376 0.860525 0.690045 0.730194 0.913568 0.744638 0.850495 0.754274 0.835029 0.887105 0.848025 0.850572 0.965413 0.990002 0.854226 0.863053 0.561364 0.618198 0.989036 0.678291 0.919476 0.930916 0.797427 0.780979 0.890032 0.744185 0.823895 0.833541 0.878173 0.830632 0.728166 0.926172 0.818472 0.846410 0.697037 0.824075 0.860971 0.916373 0.577819 0.774291 0.976762 0.814073 0.635804 0.948583 0.813503 0.908696 0.925928 0.758849 0.906723 0.895481 0.918979 0.913714
0.662712 0.776435 0.830810 0.952627 0.970607 0.767949 0.865617 0.462575 0.878546 0.604900 0.482059 0.000000 0.693006 0.696374 0.833434 0.864917 0.608503 0.663949 0.704064 0.706836 0.924888 0.793603 0.755306 0.882204 0.689337 0.696763 0.862420 0.848691 0.702929 0.619452 0.777824 0.920263 0.868590 0.546080 0.955633 0.930894 0.838719 0.788996 0.927997 0.979345 0.864632 0.951533 0.888171 0.922886 0.759417 0.708146 0.699117 0.817527 0.817297 0.923207 0.860303 0.738428 0.675698 0.550623 0.672997 0.775944 0.837272 0.929172 0.773822 0.801530 0.539849 0.441436 0.499310 0.479654 0.683832 0.713792 0.911467 0.769480 0.945965 0.833841 0.872291 0.724462 0.986679 0.983878 0.831389 0.921762 0.963196 0.893153 0.975798 0.827799 0.631306 0.670032 0.943420 0.772056 0.975094 0.900485 0.755051 0.901361 0.926919 0.860124 0.939945 0.719710 0.901591 0.636587 0.820670 0.935645 0.895473 0.963298 0.796975 0.970888 0.800957 0.842821 0.734770 0.886792 0.888679 0.950504 0.710491 0.908785 0.856399 0.991647 0.909794 0.837659 0.921378 0.905139 0.855280 0.816206
0.913968 0.951213 0.915969 0.796603 0.859317 0.938917 0.888893 0.900126 0.899985 0.973769 0.884711 0.693006 0.000000 0.523944 0.722123 0.596937 0.957774 0.967704 0.804600 0.881959 0.937269 0.938353 0.776101 0.682862 0.998949 0.976193 0.800281 0.870020 0.893812 0.926891 0.883247 0.929728 0.926481 0.868414 0.824243 0.916609 0.833874 0.980028 0.954531 0.780800 0.818927 0.932258 0.882507 0.917583 0.916046 0.893139 0.882635 0.988194 0.932332 0.981500 0.944390 0.973608 0.984937 0.892315 0.865376 0.895668 0.994676 0.898146 0.788817 0.798553 0.774476 0.892798 0.789591 0.904587 0.856711 0.843486 0.865042 0.893609 0.929224 0.991886 0.958981 0.965648 0.860443 0.857740 0.885980 0.970842 0.960649 0.831688 0.946587 0.956150 0.857925 0.913972 0.909013 0.944741 0.729983 0.648120 0.989779 0.882058 0.895934 0.906844 0.820932 0.897728 0.795253 0.924539 0.837348 0.902031 0.892056 0.955234 0.884862 0.996192 0.863458 0.924958 0.860506 0.869381 0.886939 0.991694 0.939808 0.891169 0.997895 0.997115 0.765542 0.918279 0.999192 0.849828 0.986588 0.916949
0.996656 0.878164 0.857176 0.941569 0.981321 0.808945 0.799041 0.999292 0.905790 0.906968 0.944730 0.696374 0.523944 0.000000 0.608762 0.507988 0.930591 0.988527 0.758832 0.787932 0.961370 0.956989 0.809932 0.622509 0.994964 0.969501 0.682391 0.870642 0.843557 0.810207 0.855600 0.728996 0.951511 0.982047 0.926200 0.996258 0.741538 0.920623 0.942612 0.808024 0.978543 0.875253 0.847601 0.891384 0.962183 0.934466 0.842189 0.895314 0.950279 0.947829 0.892927 0.893002 0.924773 0.944624 0.919014 0.899763 0.977346 0.920816 0.826074 0.934217 0.971099 0.972677 0.886588 0.991411 0.978805 0.878181 0.929327 0.915730 0.971597 0.974242 0.863688 0.944781 0.833569 0.816640 0.896189 0.960856 0.853596 0.879591 0.918368 0.946142 0.920641 0.962444 0.916554 0.984333 0.850160 0.702081 0.899100 0.815074 0.992995 0.966501 0.955959 0.977875 0.995604 0.917671 0.956676 0.989802 0.940745 0.849337 0.990196 0.997477 0.937110 0.981910 0.916250 0.941155 0.980552 0.989738 0.917241 0.983338 0.893105 0.883674 0.871180 0.872220 0.990710 0.994760 0.950844 0.905882
0.896328 0.972786 0.998078 0.961093 0.770351 0.947680 0.770218 0.636240 0.979019 0.637123 0.651822 0.833434 0.722123 0.608762 0.000000 0.519853 0.784740 0.896606 0.851502 0.858957 0.958580 0.942379 0.462441 0.457557 0.805823 0.795853 0.565367 0.847216 0.981197 0.938806 0.723998 0.671000 0.945736 0.745322 0.950222 0.984046 0.941923 0.919055 0.942600 0.781669 0.941700 0.984876 0.880936 0.852260 0.725816 0.747873 0.943195 0.943574 0.801064 0.843386 0.826358 0.647944 0.602224 0.615962 0.915636 0.924150 0.983176 0.970803 0.715683 0.823658 0.737387 0.645893 0.898784 0.783048 0.649553 0.872392 0.844609 0.602121 0.881861 0.864904 0.809675 0.754778 0.764702 0.792546 0.903606 0.992352 0.985048 0.961053 0.880913 0.904822 0.932090 0.989516 0.658429 0.955742 0.655286 0.639647 0.780172 0.688387 0.920622 0.962361 0.994723 0.849308 0.988416 0.895099 0.996842 0.997162 0.889800 0.735512 0.872269 0.908902 0.741771 0.862316 0.905267 0.900253 0.792832 0.969576 0.909754 0.991618 0.927218 0.912062 0.991677 0.976420 0.972001 0.772584 0.857012 0.979219
0.858332 0.996793 0.693287 0.846649 0.851076 0.787639 0.706934 0.836723 0.910166 0.839167 0.792525 0.864917 0.596937 0.507988 0.519853 0.000000 0.841606 0.873186 0.945251 0.952993 0.940497 0.969451 0.635752 0.504787 0.991352 0.970566 0.738312 0.923993 0.942820 0.858048 0.791655 0.705714 0.951102 0.896924 0.859490 0.983856 0.864914 0.969978 0.958090 0.826801 0.946764 0.794328 0.946491 0.890307 0.831298 0.833155 0.994596 0.922314 0.834129 0.980165 0.901551 0.860340 0.827496 0.854481 0.982255 0.857160 0.915270 0.941381 0.725375 0.923013 0.892762 0.943539 0.949906 0.875824 0.974074 0.902485 0.805828 0.809696 0.942019 0.871424 0.849796 0.982835 0.747047 0.765334 0.954903 0.907260 0.977844 0.923144 0.857772 0.956873 0.873529 0.930058 0.838911 0.949526 0.848885 0.797323 0.866452 0.684469 0.975573 0.865417 0.899045 0.964091 0.868547 0.897793 0.981977 0.921951 0.888441 0.795293 0.849410 0.811931 0.868699 0.978522 0.901253 0.870897 0.905989 0.864951 0.989661 0.973126 0.973027 0.996800 0.961495 0.939800 0.942804 0.994088 0.883968 0.920719
0.473025 0.640359 0.863216 0.822351 0.956382 0.943471 0.681246 0.562420 0.945824 0.643783 0.512248 0.608503 0.957774 0.930591 0.784740 0.841606 0.000000 0.458556 0.687228 0.615919 0.991654 0.912051 0.835727 0.766384 0.854653 0.912302 0.874320 0.955944 0.752757 0.774826 0.871048 0.940955 0.652582 0.593148 0.793965 0.987737 0.805923 0.996479 0.906013 0.967547 0.776324 0.815460 0.988960 0.939180 0.818825 0.770280 0.778254 0.704496 0.781210 0.888967 0.983040 0.975471 0.906538 0.752680 0.520754 0.647816 0.579001 0.629588 0.519883 0.621628 0.548541 0.588902 0.493463 0.427294 0.981222 0.812524 0.716988 0.754064 0.788324 0.705923 0.959033 0.751548 0.975330 0.905741 0.855874 0.879199 0.989026 0.920111 0.825867 0.913118 0.477377 0.507473 0.914659 0.601421 0.748990 0.828635 0.881494 0.997330 0.726657 0.662299 0.925268 0.847234 0.984583 0.868946 0.765328 0.841320 0.730104 0.869890 0.664234 0.740693 0.901080 0.976086 0.578294 0.770688 0.902429 0.714707 0.799666 0.843043 0.989919 0.897745 0.944671 0.817936 0.880198 0.921980 0.981958 0.935257
0.412587 0.628716 0.814321 0.732533 0.982080 0.931054 0.595419 0.558663 0.878209 0.574066 0.587573 0.663949 0.967704 0.988527 0.896606 0.873186 0.458556 0.000000 0.592660 0.564854 0.939653 0.980214 0.919258 0.775737 0.867969 0.908000 0.985199 0.972000 0.644246 0.644534 0.954891 0.980841 0.586580 0.540008 0.861164 0.907288 0.726530 0.958431 0.958801 0.918541 0.732564 0.736245 0.878555 0.900995 0.751695 0.666110 0.552123 0.601855 0.645711 0.794148 0.892770 0.951374 0.948136 0.812481 0.521462 0.501642 0.468000 0.591966 0.500648 0.621886 0.564741 0.649391 0.435090 0.418570 0.992725 0.919884 0.684801 0.779121 0.750464 0.634876 0.934368 0.830651 0.917900 0.842864 0.856773 0.903657 0.941496 0.888843 0.745741 0.970075 0.338014 0.373844 0.742502 0.418735 0.602121 0.800018 0.924020 0.952406 0.743484 0.524004 0.903857 0.868092 0.966463 0.848568 0.762267 0.810760 0.772057 0.855504 0.644164 0.699513 0.993040 0.864286 0.573467 0.752578 0.839779 0.658008 0.818352 0.972924 0.962520 0.903447 0.917780 0.740269 0.807296 0.869725 0.997609 0.859906
0.527173 0.626630 0.783815 0.605219 0.893314 0.940460 0.684167 0.692367 0.988149 0.765712 0.762849 0.704064 0.804600 0.758832 0.851502 0.945251 0.687228 0.592660 0.000000 0.562852 0.895542 0.880640 0.805250 0.889077 0.974940 0.951627 0.964965 0.980396 0.796870 0.844014 0.902644 0.684373 0.699563 0.665373 0.793307 0.924895 0.994849 0.959230 0.921047 0.806648 0.780041 0.775328 0.921221 0.897679 0.740958 0.683019 0.718953 0.687968 0.748846 0.741381 0.893484 0.870839 0.768935 0.953260 0.605530 0.653612 0.655611 0.716874 0.808097 0.837460 0.691722 0.855028 0.593020 0.621868 0.849399 0.991648 0.862387 0.986395 0.715507 0.695193 0.850645 0.915513 0.894406 0.916262 0.963014 0.934459 0.854335 0.805176 0.890385 0.978594 0.618176 0.550112 0.771396 0.740058 0.554142 0.731456 0.981318 0.859736 0.898682 0.689563 0.739328 0.858817 0.732264 0.950034 0.771810 0.944612 0.796318 0.988493 0.661963 0.570806 0.975328 0.914731 0.641107 0.814796 0.767977 0.624641 0.852158 0.836375 0.920315 0.966782 0.855567 0.725000 0.782045 0.992393 0.981550 0.773679
0.483276 0.576084 0.862491 0.704297 0.962869 0.997105 0.832655 0.735747 0.993579 0.894430 0.698507 0.706836 0.881959 0.787932 0.858957 0.952993 0.615919 0.564854 0.562852 0.000000 0.935268 0.881004 0.948308 0.962524 0.993489 0.955803 0.924469 0.936310 0.773604 0.848480 0.854122 0.888900 0.639762 0.751678 0.783765 0.963434 0.799511 0.859309 0.994420 0.977615 0.749081 0.836083 0.892716 0.912847 0.818228 0.698969 0.631804 0.623860 0.693933 0.625133 0.762353 0.728730 0.781142 0.978794 0.707295 0.690872 0.579261 0.603688 0.607213 0.614706 0.788501 0.806820 0.634095 0.616703 0.893469 0.918903 0.815560 0.873650 0.753885 0.755831 0.882832 0.996660 0.889425 0.891440 0.921649 0.950368 0.910754 0.957332 0.754815 0.963277 0.618465 0.569825 0.725661 0.668517 0.670684 0.721794 0.909505 0.937458 0.827525 0.569667 0.863291 0.998533 0.895487 0.994169 0.916448 0.925054 0.792106 0.903666 0.699733 0.729697 0.901427 0.963704 0.659222 0.759536 0.871095 0.735635 0.853301 0.880122 0.926561 0.986506 0.915161 0.677780 0.790211 0.960707 0.922413 0.795619
0.855102 0.861567 0.792019 0.856485 0.762129 0.967567 0.981995 0.873856 0.959671 0.859962 0.982746 0.924888 0.937269 0.961370 0.958580 0.940497 0.991654 0.939653 0.895542 0.935268 0.000000 0.917297 0.776929 0.783221 0.766022 0.707043 0.994779 0.739048 0.872108 0.768437 0.978774 0.809842 0.811888 0.994959 0.861384 0.961523 0.810045 0.813052 0.821862 0.995789 0.865590 0.961361 0.710971 0.751699 0.917186 0.980713 0.839686 0.917687 0.963078 0.924506 0.787992 0.845200 0.958641 0.937513 0.920079 0.947185 0.731763 0.846553 0.771305 0.918409 0.957190 0.923430 0.933759 0.889874 0.845763 0.881520 0.774901 0.828340 0.853418 0.870217 0.915709 0.959142 0.997116 0.748115 0.962332 0.888997 0.974073 0.994042 0.836562 0.905988 0.959135 0.997866 0.820175 0.961712 0.916969 0.963022 0.988872 0.794847 0.833448 0.890112 0.951194 0.967193 0.985508 0.859333 0.873911 0.762429 0.851121 0.903111 0.925690 0.998153 0.909802 0.939528 0.820618 0.866085 0.956349 0.963584 0.906545 0.851461 0.978364 0.866794 0.982813 0.855874 0.954278 0.973701 0.883517 0.813964
0.931717 0.849087 0.994332 0.971909 0.952406 0.844961 0.988679 0.878311 0.892234 0.989610 0.774636 0.793603 0.938353 0.956989 0.942379 0.969451 0.912051 0.980214 0.880640 0.881004 0.917297 0.000000 0.983615 0.986563 0.972057 0.923339 0.959941 0.820258 0.813944 0.880427 0.964621 0.778341 0.973179 0.862377 0.913939 0.992749 0.827343 0.802448 0.953939 0.936270 0.957806 0.918414 0.998347 0.975338 0.902739 0.963348 0.994896 0.958754 0.944675 0.887249 0.827813 0.829368 0.853962 0.791409 0.939553 0.999681 0.977805 0.913429 0.939358 0.884083 0.881571 0.921311 0.783653 0.835411 0.930558 0.952909 0.973856 0.996383 0.915557 0.948361 0.885585 0.864338 0.905873 0.861859 0.990953 0.866078 0.977769 0.879665 0.990269 0.884947 0.988130 0.930459 0.842273 0.969682 0.917129 0.921240 0.953561 0.985104 0.981183 0.975637 0.963865 0.888226 0.916404 0.873321 0.942986 0.918324 0.951359 0.933878 0.942478 0.974005 0.922846 0.892847 0.983760 0.985392 0.821416 0.929729 0.681969 0.879278 0.992614 0.966801 0.800369 0.950832 0.981106 0.855653 0.893372 0.870332
0.849964 0.940231 0.901451 0.896771 0.624796 0.917740 0.961282 0.788907 0.726706 0.839143 0.683658 0.755306 0.776101 0.809932 0.462441 0.635752 0.835727 0.919258 0.805250 0.948308 0.776929 0.983615 0.000000 0.386601 0.846792 0.898119 0.690435 0.973559 0.925502 0.962818 0.654201 0.542151 0.967775 0.874368 0.918841 0.903605 0.956953 0.947456 0.899029 0.800978 0.939393 0.948826 0.768493 0.770819 0.855433 0.840512 0.825925 0.896952 0.797805 0.932149 0.936316 0.765781 0.620415 0.590167 0.937794 0.950555 0.897664 0.923926 0.599903 0.770674 0.934824 0.763483 0.949431 0.840075 0.521477 0.963091 0.905891 0.730681 0.996360 0.864351 0.832247 0.825293 0.643837 0.691292 0.880126 0.965145 0.995102 0.995113 0.970234 0.883035 0.927183 0.964197 0.566881 0.924107 0.522835 0.607946 0.697698 0.504071 0.984994 0.981330 0.858590 0.734740 0.886993 0.833166 0.996580 0.976375 0.951286 0.735880 0.923950 0.916543 0.675512 0.895941 0.814506 0.826276 0.778944 0.996172 0.995884 0.995120 0.933185 0.960829 0.910498 0.993522 0.974079 0.889167 0.941542 0.855781
0.763291 0.900380 0.952279 0.980821 0.682107 0.956242 0.822671 0.740559 0.884640 0.708672 0.678523 0.882204 0.682862 0.622509 0.457557 0.504787 0.766384 0.775737 0.889077 0.962524 0.783221 0.986563 0.386601 0.000000 0.791818 0.872087 0.633187 0.920357 0.964718 0.972286 0.690498 0.530264 0.951019 0.774676 0.985040 0.972553 0.852613 0.942376 0.979737 0.771491 0.880657 0.908030 0.883636 0.877180 0.797185 0.791098 0.838595 0.846984 0.739087 0.987885 0.934926 0.773618 0.729274 0.665120 0.922277 0.926508 0.850245 0.848603 0.546261 0.788477 0.852673 0.801864 0.838085 0.725914 0.632929 0.868762 0.814404 0.757571 0.909582 0.770315 0.847346 0.850844 0.600955 0.624913 0.898841 0.970639 0.954631 0.962828 0.863366 0.874600 0.806899 0.902166 0.728680 0.908571 0.666098 0.596085 0.757152 0.561915 0.994775 0.963725 0.996053 0.828968 0.978115 0.912633 0.962421 0.953318 0.928053 0.767712 0.813995 0.936955 0.786889 0.951178 0.756808 0.770686 0.855834 0.900192 0.952656 0.995857 0.959430 0.924783 0.813138 0.904519 0.973957 0.913222 0.873605 0.927720
0.987630 0.940150 0.727319 0.741507 0.907292 0.885961 0.870748 0.603611 0.988933 0.478887 0.860717 0.689337 0.998949 0.994964 0.805823 0.991352 0.854653 0.867969 0.974940 0.993489 0.766022 0.972057 0.846792 0.791818 0.000000 0.376620 0.750188 0.599576 0.713088 0.658737 0.752199 0.928001 0.917648 0.749417 0.833803 0.842030 0.817032 0.707936 0.871922 0.962508 0.981616 0.874404 0.723733 0.675084 0.907010 0.956312 0.947365 0.993162 0.926596 0.778850 0.711815 0.628582 0.764597 0.649831 0.952539 0.998993 0.775439 0.930989 0.960055 0.881147 0.672002 0.585321 0.766226 0.664808 0.532277 0.982218 0.806510 0.978491 0.864755 0.987852 0.889213 0.934631 0.912910 0.986823 0.839195 0.968870 0.869591 0.873322 0.941564 0.739630 0.890616 0.890956 0.869542 0.895801 0.858851 0.774997 0.835670 0.923407 0.777461 0.907676 0.872831 0.743081 0.822126 0.632333 0.985624 0.809158 0.928375 0.939088 0.873125 0.949989 0.895930 0.778355 0.995903 0.981602 0.839781 0.904939 0.944267 0.776779 0.925212 0.973627 0.915082 0.948664 0.995843 0.760352 0.755862 0.782350
0.922948 0.887094 0.699159 0.692153 0.830901 0.940789 0.891222 0.681584 0.990033 0.530677 0.871078 0.696763 0.976193 0.969501 0.795853 0.970566 0.912302 0.908000 0.951627 0.955803 0.707043 0.923339 0.898119 0.872087 0.376620 0.000000 0.764003 0.614232 0.720606 0.619166 0.697801 0.992172 0.895267 0.783182 0.801012 0.878748 0.795044 0.672580 0.838045 0.979070 0.926100 0.917410 0.705821 0.685722 0.873286 0.983013 0.950563 0.922444 0.959713 0.752934 0.687746 0.629928 0.821139 0.676542 0.988030 0.992037 0.803744 0.886074 0.985019 0.986665 0.753260 0.700680 0.790204 0.734139 0.540786 0.938433 0.746231 0.941149 0.875223 0.934258 0.872230 0.964078 0.929017 0.933310 0.902935 0.998286 0.906304 0.843121 0.968865 0.747211 0.954744 0.933907 0.922095 0.952150 0.890473 0.753461 0.897113 0.950225 0.721118 0.892825 0.855400 0.770656 0.820023 0.641469 0.977795 0.806996 0.928021 0.926109 0.942680 0.944167 0.920836 0.721573 0.942495 0.868060 0.889568 0.904835 0.901485 0.816905 0.969777 0.992249 0.969625 0.921505 0.971918 0.814556 0.796648 0.814832
0.919653 0.930089 0.874869 0.936068 0.818876 0.992960 0.861229 0.731498 0.920335 0.755998 0.857397 0.862420 0.800281 0.682391 0.565367 0.738312 0.874320 0.985199 0.964965 0.924469 0.994779 0.959941 0.690435 0.633187 0.750188 0.764003 0.000000 0.714810 0.887377 0.987827 0.835318 0.807342 0.988447 0.779564 0.963222 0.954747 0.930968 0.995839 0.980940 0.921064 0.992750 0.967443 0.868964 0.923846 0.734909 0.766234 0.964493 0.836452 0.804048 0.947018 0.914041 0.790459 0.788392 0.778035 0.981518 0.923854 0.995155 0.994054 0.852489 0.879284 0.883549 0.807705 0.995338 0.875431 0.723620 0.981630 0.932151 0.720045 0.982826 0.923949 0.989243 0.925876 0.903850 0.819782 0.971659 0.928577 0.962499 0.947157 0.998294 0.892024 0.976377 0.970411 0.715037 0.875449 0.764504 0.732429 0.912418 0.719423 0.925394 0.918518 0.931590 0.970223 0.957621 0.946387 0.961395 0.959753 0.887133 0.854743 0.828129 0.888963 0.821782 0.984342 0.940339 0.985334 0.763230 0.998984 0.935141 0.981629 0.925532 0.999065 0.997839 0.985966 0.984731 0.766433 0.807225 0.957599
0.889470 0.938213 0.878605 0.861985 0.835975 0.856581 0.888653 0.749742 0.941774 0.685002 0.955658 0.848691 0.870020 0.870642 0.847216 0.923993 0.955944 0.972000 0.980396 0.936310 0.739048 0.820258 0.973559 0.920357 0.599576 0.614232 0.714810 0.000000 0.870915 0.852554 0.856668 0.968076 0.871912 0.868423 0.920847 0.928630 0.768545 0.634837 0.902485 0.991597 0.859681 0.993151 0.876406 0.844290 0.824304 0.881825 0.902986 0.984807 0.918884 0.948704 0.856101 0.820189 0.909560 0.866539 0.971966 0.906371 0.755325 0.951265 0.993301 0.910617 0.820537 0.768510 0.947039 0.849690 0.795608 0.990068 0.889704 0.870853 0.763768 0.994530 0.878341 0.984600 0.964561 0.858029 0.889594 0.966809 0.999664 0.905997 0.933900 0.848834 0.940856 0.981480 0.969117 0.996872 0.872286 0.837794 0.981397 0.970012 0.799135 0.887651 0.926057 0.911850 0.866140 0.805822 0.978223 0.768674 0.807653 0.873403 0.914634 0.974866 0.865756 0.851778 0.825703 0.874259 0.805348 0.919534 0.948167 0.744034 0.969990 0.964491 0.989545 0.984650 0.901714 0.893191 0.780274 0.808889
0.848325 0.944013 0.962607 0.995362 0.849865 0.979224 0.790275 0.652990 0.943110 0.649351 0.780687 0.702929 0.893812 0.843557 0.981197 0.942820 0.752757 0.644246 0.796870 0.773604 0.872108 0.813944 0.925502 0.964718 0.713088 0.720606 0.887377 0.870915 0.000000 0.424924 0.952389 0.769798 0.842199 0.607731 0.907638 0.855026 0.835103 0.738664 0.931694 0.876531 0.917680 0.934170 0.831309 0.800216 0.998545 0.986152 0.823147 0.913702 0.984778 0.806439 0.714879 0.737022 0.855864 0.655056 0.817284 0.760957 0.979028 0.917498 0.976406 0.931963 0.614550 0.622811 0.524925 0.607183 0.915869 0.851826 0.985864 0.954219 0.776255 0.930330 0.816296 0.769496 0.963858 0.820772 0.862702 0.948471 0.918972 0.922907 0.860298 0.939820 0.665117 0.680503 0.739537 0.630426 0.748588 0.778961 0.955047 0.805585 0.915527 0.796287 0.841332 0.645306 0.764552 0.594825 0.802452 0.937322 0.924311 0.901374 0.924558 0.997352 0.957584 0.629286 0.987891 0.972409 0.901746 0.968699 0.732730 0.706731 0.976933 0.945540 0.777872 0.914364 0.908461 0.923506 0.883178 0.677034
0.885396 0.993945 0.761207 0.842506 0.871634 0.880799 0.892047 0.631057 0.943946 0.592064 0.773059 0.619452 0.926891 0.810207 0.938806 0.858048 0.774826 0.644534 0.844014 0.848480 0.768437 0.880427 0.962818 0.972286 0.658737 0.619166 0.987827 0.852554 0.424924 0.000000 0.968411 0.788846 0.836925 0.583977 0.921365 0.900821 0.811485 0.762419 0.975248 0.983225 0.940331 0.926088 0.851135 0.805495 0.908300 0.913186 0.843372 0.899261 0.854473 0.859650 0.793771 0.734396 0.832963 0.623174 0.758416 0.755189 0.949612 0.940015 0.958588 0.881144 0.674355 0.588593 0.540336 0.568873 0.723766 0.866886 0.932395 0.885546 0.760948 0.958259 0.823144 0.793873 0.912373 0.853562 0.979382 0.971348 0.873363 0.926242 0.947006 0.995079 0.696317 0.698738 0.726737 0.673415 0.836735 0.882762 0.993003 0.838312 0.992500 0.849948 0.762237 0.597162 0.705670 0.519799 0.852089 0.902043 0.923521 0.859900 0.936267 0.995920 0.955072 0.713354 0.957142 0.932081 0.959161 0.994680 0.685875 0.754231 0.946226 0.981388 0.873183 0.976986 0.957995 0.967185 0.886598 0.723728
0.997226 0.971610 0.897139 0.865706 0.965838 0.990343 0.985275 0.849320 0.887344 0.833834 0.861360 0.777824 0.883247 0.855600 0.723998 0.791655 0.871048 0.954891 0.902644 0.854122 0.978774 0.964621 0.654201 0.690498 0.752199 0.697801 0.835318 0.856668 0.952389 0.968411 0.000000 0.683045 0.866540 0.955320 0.918060 0.847077 0.957412 0.771130 0.984122 0.853963 0.890342 0.998943 0.982988 0.990989 0.899208 0.989802 0.987053 0.948711 0.967326 0.836879 0.823099 0.724903 0.781664 0.698423 0.894500 0.987213 0.981668 0.997223 0.848407 0.978250 0.931050 0.864884 0.991634 0.933264 0.692945 0.948063 0.923664 0.930970 0.928031 0.776802 0.748263 0.952759 0.748021 0.828051 0.797148 0.845392 0.959055 0.925076 0.869700 0.832088 0.999173 0.987648 0.783750 0.995176 0.765429 0.754303 0.871951 0.752405 0.986144 0.989696 0.894332 0.903887 0.901434 0.830092 0.941941 0.947536 0.959780 0.875733 0.981561 0.899363 0.893905 0.974967 0.939584 0.935258 0.880538 0.995500 0.991416 0.885286 0.992280 0.878425 0.834841 0.944011 0.969301 0.948885 0.834390 0.926024
0.906172 0.962359 0.959702 0.990471 0.787146 0.913926 0.946493 0.906773 0.993412 0.924126 0.785942 0.920263 0.929728 0.728996 0.671000 0.705714 0.940955 0.980841 0.684373 0.888900 0.809842 0.778341 0.542151 0.530264 0.928001 0.992172 0.807342 0.968076 0.769798 0.788846 0.683045 0.000000 0.948423 0.965089 0.965868 0.747369 0.779550 0.866984 0.925100 0.733442 0.908808 0.957378 0.923570 0.921984 0.994739 0.960193 0.928914 0.926412 0.987051 0.940664 0.981227 0.921273 0.752165 0.849571 0.953302 0.989538 0.943867 0.883114 0.683444 0.851167 0.917273 0.864729 0.970003 0.917245 0.826689 0.981023 0.771063 0.895433 0.909204 0.826230 0.784178 0.920102 0.715109 0.677777 0.899370 0.942457 0.898545 0.979917 0.945865 0.762838 0.939428 0.958333 0.669802 0.981977 0.678543 0.768668 0.789403 0.566655 0.890367 0.971392 0.948817 0.974277 0.960660 0.989627 0.920877 0.984975 0.880028 0.773571 0.940010 0.890196 0.937186 0.889943 0.873570 0.847351 0.918005 0.993155 0.871056 0.941387 0.850720 0.857040 0.799463 0.916475 0.933844 0.905784 0.901129 0.834049
0.506221 0.655087 0.662830 0.599132 0.946434 0.970422 0.579207 0.675232 0.811112 0.792693 0.667832 0.868590 0.926481 0.951511 0.945736 0.951102 0.652582 0.586580 0.699563 0.639762 0.811888 0.973179 0.967775 0.951019 0.917648 0.895267 0.988447 0.871912 0.842199 0.836925 0.866540 0.948423 0.000000 0.599848 0.815965 0.950253 0.776709 0.834750 0.985257 0.949699 0.739290 0.720092 0.835371 0.779384 0.767408 0.677545 0.723585 0.676334 0.823977 0.813554 0.913730 0.934158 0.947911 0.976621 0.723238 0.726999 0.559916 0.765119 0.709600 0.800110 0.630943 0.786703 0.662283 0.681021 0.836288 0.854892 0.548803 0.688174 0.727134 0.784236 0.995839 0.921079 0.928222 0.972122 0.979387 0.954005 0.785390 0.913270 0.700914 0.938505 0.590695 0.596456 0.819244 0.703986 0.650400 0.757878 0.897848 0.926338 0.907147 0.699531 0.649673 0.862439 0.755795 0.872026 0.898158 0.680780 0.579399 0.858495 0.695758 0.711608 0.960114 0.957571 0.668055 0.692507 0.847082 0.776567 0.780610 0.812126 0.878274 0.792283 0.833831 0.712614 0.768131 0.897248 0.949466 0.974225
0.550493 0.808439 0.895387 0.781454 0.995396 0.977173 0.544512 0.414419 0.914887 0.516671 0.488906 0.546080 0.868414 0.982047 0.745322 0.896924 0.593148 0.540008 0.665373 0.751678 0.994959 0.862377 0.874368 0.774676 0.749417 0.783182 0.779564 0.868423 0.607731 0.583977 0.955320 0.965089 0.599848 0.000000 0.864670 0.951832 0.975141 0.909898 0.995542 0.979396 0.755967 0.863305 0.917761 0.962773 0.703389 0.648348 0.791755 0.722819 0.766737 0.937471 0.809963 0.714768 0.738494 0.631506 0.626471 0.708667 0.769614 0.918421 0.763199 0.862694 0.424732 0.502475 0.416704 0.407434 0.856876 0.853704 0.729088 0.712319 0.931318 0.819594 0.831416 0.762495 0.973969 0.903196 0.940544 0.962033 0.967856 0.922365 0.884172 0.840864 0.532101 0.559875 0.889768 0.639505 0.769633 0.870401 0.951301 0.999422 0.933290 0.751209 0.838778 0.865657 0.909728 0.784537 0.745688 0.927157 0.861299 0.902842 0.634284 0.720225 0.929042 0.817236 0.701581 0.799295 0.971792 0.825745 0.693117 0.943617 0.879903 0.879716 0.752140 0.699430 0.844637 0.819321 0.816948 0.758384
0.767265 0.837614 0.644220 0.672579 0.978313 0.808148 0.802301 0.941884 0.842099 0.971485 0.805167 0.955633 0.824243 0.926200 0.950222 0.859490 0.793965 0.861164 0.793307 0.783765 0.861384 0.913939 0.918841 0.985040 0.833803 0.801012 0.963222 0.920847 0.907638 0.921365 0.918060 0.965868 0.815965 0.864670 0.000000 0.940465 0.947720 0.941635 0.909975 0.926964 0.695184 0.762850 0.881438 0.870522 0.839412 0.817233 0.978482 0.858202 0.920985 0.858580 0.880953 0.873325 0.948494 0.864020 0.996165 0.824176 0.822408 0.893926 0.912892 0.991707 0.873711 0.952233 0.824076 0.867567 0.702701 0.984845 0.705227 0.936644 0.781206 0.824005 0.916366 0.957862 0.953949 0.995135 0.970177 0.835776 0.995897 0.928860 0.912084 0.971821 0.794288 0.872288 0.887078 0.881116 0.801234 0.779659 0.957602 0.966400 0.990383 0.850389 0.829593 0.815014 0.745561 0.792552 0.834696 0.870947 0.893792 0.875644 0.808026 0.748881 0.951819 0.842901 0.785159 0.856861 0.897388 0.749767 0.921699 0.735273 0.967844 0.864539 0.916392 0.887955 0.934245 0.911742 0.907697 0.981854
0.984101 0.987723 0.996068 0.991994 0.980514 0.922530 0.983957 0.937405 0.913362 0.954259 0.951735 0.930894 0.916609 0.996258 0.984046 0.983856 0.987737 0.907288 0.924895 0.963434 0.961523 0.992749 0.903605 0.972553 0.842030 0.878748 0.954747 0.928630 0.855026 0.900821 0.847077 0.747369 0.950253 0.951832 0.940465 0.000000 0.955210 0.980210 0.931229 0.876802 0.903149 0.958157 0.854674 0.908394 0.867706 0.891901 0.908804 0.816486 0.875401 0.909079 0.959149 0.956433 0.895804 0.909415 0.931079 0.963621 0.948559 0.951269 0.961785 0.938403 0.936758 0.899002 0.951970 0.983837 0.913802 0.944061 0.964720 0.878749 0.888651 0.906046 0.998676 0.942571 0.949798 0.982721 0.953845 0.935139 0.967357 0.964308 0.867229 0.872616 0.981754 0.994726 0.826127 0.915361 0.891472 0.970074 0.980620 0.811545 0.902401 0.973399 0.991718 0.978682 0.991601 0.990787 0.845566 0.979117 0.928205 0.851955 0.943870 0.910115 0.992538 0.865826 0.976647 0.961649 0.919140 0.984529 0.850794 0.893395 0.976554 0.966845 0.975154 0.976593 0.912599 0.946703 0.928024 0.946206
0.708933 0.770699 0.781493 0.853373 0.958166 0.927501 0.926892 0.904347 0.972637 0.906501 0.944241 0.838719 0.833874 0.741538 0.941923 0.864914 0.805923 0.726530 0.994849 0.799511 0.810045 0.827343 0.956953 0.852613 0.817032 0.795044 0.930968 0.768545 0.835103 0.811485 0.957412 0.779550 0.776709 0.975141 0.947720 0.955210 0.000000 0.606880 0.888680 0.774645 0.826630 0.714069 0.931385 0.948478 0.950328 0.974751 0.844178 0.869977 0.892309 0.763939 0.739178 0.686636 0.777364 0.869397 0.767129 0.748988 0.595287 0.564127 0.637553 0.736094 0.930596 0.871205 0.994552 0.938329 0.840151 0.875232 0.814503 0.997222 0.628694 0.739029 0.967979 0.911919 0.936227 0.811063 0.944365 0.840765 0.962403 0.860135 0.784489 0.917054 0.772914 0.776826 0.844471 0.736863 0.786458 0.959386 0.971178 0.948066 0.805638 0.633981 0.868143 0.893994 0.886104 0.853429 0.973002 0.840068 0.740524 0.878460 0.907595 0.956304 0.916302 0.862880 0.702556 0.845395 0.748649 0.728872 0.910466 0.732664 0.963763 0.785790 0.918138 0.942477 0.973167 0.975796 0.742495 0.835112
0.769004 0.744076 0.874615 0.924748 0.726536 0.952938 0.908067 0.757704 0.883436 0.691814 0.939203 0.788996 0.980028 0.920623 0.919055 0.969978 0.996479 0.958431 0.959230 0.859309 0.813052 0.802448 0.947456 0.942376 0.707936 0.672580 0.995839 0.634837 0.738664 0.762419 0.771130 0.866984 0.834750 0.909898 0.941635 0.980210 0.606880 0.000000 0.890337 0.850189 0.823288 0.729897 0.807901 0.845561 0.927985 0.959751 0.873692 0.835848 0.853091 0.684972 0.622995 0.636569 0.807135 0.766979 0.898904 0.903130 0.623265 0.702761 0.762988 0.832924 0.761142 0.760051 0.832749 0.857089 0.892248 0.885282 0.878870 0.992912 0.653503 0.873894 0.818977 0.837026 0.956270 0.878032 0.830993 0.973029 0.941164 0.827302 0.937082 0.872176 0.983238 0.954124 0.990134 0.963373 0.938290 0.979509 0.920641 0.987918 0.783609 0.832899 0.948569 0.843825 0.818945 0.758479 0.974664 0.870377 0.744100 0.828548 0.977996 0.953489 0.924928 0.842285 0.860460 0.790380 0.825554 0.759969 0.801913 0.659175 0.962128 0.779347 0.994326 0.962978 0.982028 0.937427 0.712242 0.789709
