0.000000 0.555879 0.763671 0.859158 0.895099 0.791001 0.856784 0.838111 0.857940 0.780363 0.698048 0.741372 0.900936 0.866492 0.945171 0.959769 0.720300 0.542674 0.890350 0.795085 0.971924 0.989110 0.993171 0.993086 0.996532 0.974752 0.998687 0.801707 0.781219 0.862304 0.957326 0.898093 0.830969 0.756529 0.930569 0.875416 0.963154 0.829194 0.910034 0.852526 0.772214 0.718069 0.727002 0.668752 0.692198 0.595053 0.679126 0.625348 0.624429 0.630160 0.602334 0.574306 0.655298 0.876232 0.805822 0.680250 0.508173 0.585913 0.626428 0.608016 0.822378 0.986739 0.559975 0.522764 0.915978 0.892566 0.849079 0.865011 0.719245 0.681726 0.880666 0.848081 0.998737 0.957064 0.852055 0.972554 0.994893 0.955937 0.686054 0.849015 0.464068 0.591889 0.766487 0.594178 0.804934 0.843508 0.969906 0.976754 0.843213 0.745015 0.767281 0.724266 0.807117 0.687055 0.946449 0.947435 0.971090 0.953924 0.875748 0.962431 0.968428 0.952517 0.831059 0.770698 0.911411 0.966366 0.868604 0.842568 0.982182 0.914432 0.969614 0.960257 0.997208 0.830489 0.854823 0.923469
0.555879 0.000000 0.757894 0.964440 0.851883 0.925090 0.788237 0.845641 0.707221 0.589126 0.911198 0.752274 0.949175 0.908424 0.977189 0.951518 0.731717 0.591817 0.944722 0.940752 0.894017 0.998543 0.924926 0.957148 0.834145 0.827217 0.990588 0.678821 0.921097 0.980078 0.975928 0.977910 0.839933 0.804110 0.826782 0.809987 0.911713 0.970788 0.954753 0.690309 0.720971 0.704491 0.658374 0.617419 0.709798 0.588614 0.550887 0.627891 0.712040 0.657710 0.597743 0.536627 0.701751 0.926145 0.694193 0.689235 0.462637 0.458911 0.567725 0.596220 0.937817 0.865092 0.552911 0.543784 0.972809 0.975966 0.748956 0.722403 0.756439 0.679458 0.859650 0.768354 0.981195 0.956098 0.828620 0.962198 0.973169 0.848464 0.780518 0.737149 0.525920 0.566836 0.721160 0.558342 0.767072 0.659204 0.949733 0.930319 0.995988 0.692003 0.808540 0.726733 0.947663 0.720979 0.946083 0.942957 0.971272 0.968156 0.973270 0.956518 0.967372 0.887026 0.888967 0.868478 0.884292 0.915522 0.943557 0.920406 0.934108 0.911773 0.908782 0.949756 0.986797 0.833165 0.746442 0.902715
0.763671 0.757894 0.000000 0.634033 0.863746 0.909726 0.586743 0.688388 0.691443 0.730465 0.993536 0.916402 0.688877 0.746284 0.781936 0.708486 0.799005 0.805374 0.799365 0.929876 0.804267 0.899771 0.671893 0.662431 0.804372 0.938746 0.963719 0.843364 0.896956 0.913148 0.765939 0.840447 0.818441 0.939543 0.963967 0.948037 0.971605 0.989056 0.858484 0.887843 0.887219 0.987171 0.980940 0.934469 0.943923 0.822397 0.906976 0.984796 0.784227 0.830602 0.748320 0.775629 0.989219 0.992731 0.836009 0.756058 0.790657 0.628014 0.648252 0.682968 0.800854 0.646823 0.676574 0.739178 0.630686 0.834873 0.906147 0.851349 0.834531 0.760061 0.846157 0.797769 0.921433 0.878569 0.974923 0.802769 0.979773 0.970601 0.949986 0.982650 0.740987 0.884172 0.936744 0.854685 0.901424 0.933489 0.905552 0.914703 0.762214 0.951320 0.869519 0.718566 0.963723 0.686478 0.991728 0.829562 0.985910 0.976989 0.907134 0.812113 0.984200 0.881958 0.821949 0.814602 0.990076 0.958963 0.908602 0.976669 0.965230 0.969994 0.833996 0.954994 0.917713 0.836106 0.942654 0.989404
0.859158 0.964440 0.634033 0.000000 0.929123 0.909599 0.795085 0.503026 0.907186 0.864931 0.975565 0.993661 0.969430 0.941303 0.796047 0.986503 0.908990 0.887039 0.961519 0.961470 0.907310 0.945178 0.961841 0.866744 0.826067 0.881402 0.954612 0.992361 0.801949 0.929266 0.998516 0.869117 0.937432 0.980100 0.922638 0.977629 0.961668 0.939788 0.817432 0.914600 0.996511 0.968694 0.917249 0.950243 0.725476 0.787122 0.946199 0.967629 0.733146 0.856299 0.748455 0.823220 0.885872 0.856688 0.864336 0.844145 0.928317 0.840347 0.891834 0.954308 0.934101 0.884100 0.807028 0.810429 0.958198 0.806254 0.998250 0.921851 0.988757 0.922351 0.928029 0.889430 0.957630 0.991197 0.933081 0.887487 0.994160 0.983752 0.977484 0.961856 0.846248 0.995055 0.753774 0.890715 0.868283 0.984219 0.940066 0.946641 0.911424 0.974491 0.939738 0.836183 0.924879 0.805859 0.927687 0.952070 0.942620 0.836348 0.800214 0.944798 0.989838 0.990853 0.954405 0.886155 0.986641 0.877917 0.912778 0.986483 0.891220 0.930675 0.923119 0.769486 0.959936 0.964602 0.936385 0.908332
0.895099 0.851883 0.863746 0.929123 0.000000 0.909202 0.741261 0.951607 0.728843 0.827436 0.983079 0.929707 0.680929 0.799273 0.739445 0.668417 0.955595 0.925533 0.826892 0.997587 0.797704 0.985188 0.645791 0.675320 0.980020 0.818993 0.934141 0.865418 0.946569 0.995604 0.999662 0.951095 0.913915 0.938137 0.914716 0.980247 0.847913 0.943782 0.870040 0.805829 0.922206 0.803902 0.957974 0.801485 0.943967 0.870748 0.900274 0.920559 0.900347 0.871115 0.877354 0.951353 0.995104 0.925245 0.902190 0.974751 0.770363 0.791983 0.850973 0.784758 0.730351 0.801504 0.873015 0.956156 0.645493 0.837025 0.955641 0.850016 0.815689 0.743824 0.864353 0.981579 0.994473 0.951778 0.944440 0.889451 0.899749 0.963928 0.952080 0.922030 0.776867 0.915596 0.846355 0.843038 0.652575 0.883728 0.765130 0.793086 0.922922 0.942753 0.719610 0.689201 0.922034 0.688741 0.881498 0.959862 0.870184 0.772867 0.837910 0.702511 0.905359 0.823821 0.843088 0.892162 0.920253 0.982914 0.977952 0.843283 0.978156 0.798904 0.875601 0.940538 0.924004 0.972874 0.984778 0.838612
0.791001 0.925090 0.909726 0.909599 0.909202 0.000000 0.952235 0.999839 0.897796 0.936098 0.940045 0.970855 0.921694 0.978207 0.950177 0.866513 0.955789 0.958147 0.915681 0.876181 0.892328 0.846426 0.973998 0.866135 0.676520 0.654153 0.999761 0.776642 0.885699 0.839313 0.979643 0.924659 0.883148 0.869146 0.740669 0.876244 0.987344 0.986357 0.804983 0.881694 0.839225 0.919480 0.869792 0.730999 0.802781 0.702586 0.970979 0.729704 0.636269 0.607196 0.809200 0.844242 0.796381 0.763934 0.907962 0.989820 0.758177 0.946765 0.988475 0.821715 0.839614 0.961293 0.990224 0.958018 0.726499 0.585379 0.681836 0.716314 0.708640 0.712018 0.876934 0.933456 0.912001 0.908640 0.941238 0.992469 0.970583 0.882213 0.903142 0.984083 0.805862 0.969329 0.917785 0.955014 0.864327 0.709469 0.865205 0.915682 0.995705 0.954047 0.671023 0.826288 0.631467 0.776580 0.865648 0.850010 0.958168 0.989596 0.972926 0.948912 0.892917 0.967132 0.867115 0.817330 0.844626 0.833896 0.708736 0.884834 0.966930 0.966009 0.957551 0.913881 0.833469 0.989695 0.886878 0.790435
0.856784 0.788237 0.586743 0.795085 0.741261 0.952235 0.000000 0.572072 0.647129 0.527289 0.850329 0.967189 0.542688 0.789854 0.684027 0.705152 0.993752 0.988814 0.498607 0.778296 0.674282 0.904877 0.559232 0.761147 0.966725 0.635441 0.912142 0.803169 0.743946 0.654688 0.792201 0.652855 0.750058 0.887079 0.846855 0.895099 0.770342 0.817254 0.818401 0.676169 0.889819 0.914070 0.807659 0.777150 0.878058 0.755754 0.704451 0.892403 0.775954 0.853801 0.653342 0.721432 0.932177 0.902121 0.856062 0.766385 0.742962 0.658863 0.678758 0.751912 0.692897 0.756807 0.850937 0.906761 0.744530 0.935146 0.870875 0.684113 0.751465 0.688872 0.834993 0.709052 0.770517 0.829094 0.834250 0.891051 0.986754 0.976637 0.849302 0.958724 0.867822 0.924945 0.887820 0.822974 0.816584 0.881055 0.969620 0.769787 0.784518 0.969030 0.648560 0.591003 0.819739 0.651350 0.999214 0.989741 0.963502 0.840330 0.857373 0.730541 0.998236 0.685501 0.829288 0.794385 0.942591 0.900781 0.869865 0.966151 0.958867 0.930667 0.889806 0.987700 0.969762 0.863625 0.818579 0.880882
0.838111 0.845641 0.688388 0.503026 0.951607 0.999839 0.572072 0.000000 0.852018 0.621341 0.856498 0.951711 0.940145 0.972143 0.860184 0.963142 0.970687 0.973046 0.744152 0.893019 0.732354 0.967121 0.987033 0.958845 0.985582 0.886425 0.848948 0.847234 0.963809 0.805628 0.994465 0.714234 0.947316 0.894335 0.754613 0.920640 0.856000 0.844151 0.999282 0.860087 0.947352 0.992697 0.711729 0.807575 0.596061 0.656172 0.747763 0.877625 0.663851 0.819258 0.639571 0.688954 0.849118 0.755599 0.928163 0.819665 0.845449 0.749189 0.847851 0.970989 0.957217 0.849511 0.921743 0.926222 0.914760 0.984318 0.941266 0.900101 0.902710 0.797347 0.924739 0.694845 0.854874 0.966308 0.770026 0.996422 0.940070 0.989558 0.867331 0.929845 0.908975 0.992354 0.634974 0.760537 0.819662 0.789149 0.798148 0.993751 0.953527 0.939102 0.794242 0.801549 0.852034 0.791178 0.976069 0.966019 0.896432 0.935205 0.899599 0.995897 0.876482 0.856430 0.981493 0.819998 0.863675 0.962900 0.885498 0.980525 0.966873 0.988771 0.833204 0.824488 0.853405 0.918802 0.814902 0.884536
0.857940 0.707221 0.691443 0.907186 0.728843 0.897796 0.647129 0.852018 0.000000 0.475943 0.919369 0.989975 0.617052 0.772555 0.666249 0.571011 0.907395 0.786109 0.584676 0.849964 0.850010 0.923851 0.553025 0.662472 0.870469 0.722753 0.843026 0.716381 0.819719 0.755535 0.679089 0.847913 0.987440 0.975112 0.928307 0.874461 0.889803 0.931403 0.801962 0.692972 0.791832 0.846195 0.974626 0.956360 0.908926 0.961518 0.773760 0.844926 0.941042 0.928914 0.845987 0.905906 0.839058 0.699619 0.779503 0.811341 0.726892 0.645300 0.662026 0.691940 0.920372 0.710653 0.708601 0.788685 0.721288 0.834179 0.730799 0.578101 0.808992 0.812388 0.762560 0.827369 0.891232 0.951027 0.836368 0.929682 0.868576 0.991787 0.941144 0.955112 0.829308 0.828800 0.992386 0.748366 0.852972 0.812654 0.908584 0.806639 0.855511 0.911627 0.824668 0.585335 0.879370 0.688762 0.960783 0.957949 0.848554 0.843044 0.853142 0.730873 0.857352 0.746226 0.881497 0.985923 0.821968 0.887070 0.916783 0.970363 0.983226 0.856359 0.973329 0.893210 0.889347 0.949830 0.888695 0.894864
0.780363 0.589126 0.730465 0.864931 0.827436 0.936098 0.527289 0.621341 0.475943 0.000000 0.844474 0.906698 0.728963 0.939597 0.806781 0.750390 0.982996 0.830101 0.561624 0.814762 0.753378 0.986008 0.687828 0.874746 0.791902 0.646607 0.969466 0.667135 0.788999 0.639518 0.767451 0.753856 0.977090 0.977466 0.725308 0.803267 0.815705 0.897670 0.770858 0.614882 0.798341 0.806196 0.734504 0.778510 0.823892 0.750965 0.556524 0.734270 0.896799 0.906196 0.638016 0.682485 0.979140 0.934076 0.807144 0.744751 0.624852 0.555025 0.616647 0.710406 0.964068 0.821694 0.710120 0.777503 0.938570 0.740007 0.688900 0.544604 0.785338 0.722450 0.739858 0.697187 0.747636 0.927173 0.967336 0.981864 0.868144 0.977915 0.863711 0.912677 0.788836 0.776114 0.807398 0.653973 0.913531 0.594238 0.941117 0.870677 0.878135 0.918824 0.734078 0.539096 0.983417 0.612919 0.937127 0.978960 0.927054 0.881660 0.937841 0.840778 0.931698 0.745836 0.929532 0.853524 0.796541 0.827245 0.968404 0.942326 0.973411 0.907317 0.903943 0.991850 0.931925 0.939404 0.725547 0.987658
0.698048 0.911198 0.993536 0.975565 0.983079 0.940045 0.850329 0.856498 0.919369 0.844474 0.000000 0.743461 0.724793 0.807793 0.862492 0.867130 0.762978 0.653517 0.714003 0.707225 0.997331 0.989114 0.926414 0.927242 0.995622 0.909468 0.956188 0.968039 0.668918 0.637594 0.755491 0.797175 0.654301 0.705491 0.877736 0.957751 0.966327 0.893512 0.867714 0.967879 0.964095 0.786617 0.996496 0.880860 0.929309 0.915739 0.920403 0.920216 0.893446 0.882256 0.875457 0.875062 0.805939 0.951114 0.990200 0.762268 0.871334 0.908659 0.892962 0.826958 0.768535 0.768389 0.811609 0.669610 0.957139 0.888776 0.856160 0.993114 0.910185 0.937845 0.863844 0.913633 0.981142 0.946689 0.963036 0.953970 0.949963 0.966894 0.838271 0.901271 0.788075 0.699047 0.982938 0.816783 0.976924 0.944180 0.886308 0.942854 0.857370 0.820827 0.992564 0.903656 0.993456 0.875337 0.902093 0.997542 0.912984 0.934432 0.874324 0.922820 0.892034 0.913907 0.872880 0.930545 0.983894 0.990785 0.954866 0.992188 0.893978 0.915534 0.963576 0.915504 0.998832 0.875370 0.949285 0.925185
0.741372 0.752274 0.916402 0.993661 0.929707 0.970855 0.967189 0.951711 0.989975 0.906698 0.743461 0.000000 0.787736 0.652757 0.905358 0.828807 0.795212 0.763491 0.927250 0.851382 0.846925 0.937864 0.911787 0.812393 0.846698 0.932994 0.949202 0.987984 0.782308 0.964916 0.923412 0.986415 0.647834 0.749604 0.791260 0.842756 0.900666 0.919382 0.978855 0.888960 0.918906 0.873603 0.896316 0.828665 0.849506 0.868584 0.813600 0.898642 0.928629 0.831227 0.756975 0.753239 0.800979 0.902376 0.854602 0.699460 0.781350 0.893314 0.763244 0.855867 0.710427 0.647777 0.760187 0.682303 0.922290 0.829951 0.721564 0.815175 0.930643 0.925402 0.998100 0.992880 0.949198 0.864384 0.854568 0.841245 0.954745 0.965420 0.882497 0.864810 0.851206 0.678473 0.854318 0.775175 0.811105 0.795930 0.944494 0.870121 0.918669 0.722277 0.981387 0.840725 0.992218 0.847571 0.963341 0.999163 0.818948 0.959107 0.905967 0.870159 0.845966 0.936011 0.827588 0.988659 0.975620 0.889706 0.908418 0.978880 0.979893 0.980932 0.880393 0.978997 0.795627 0.924941 0.893129 0.998838
0.900936 0.949175 0.688877 0.969430 0.680929 0.921694 0.542688 0.940145 0.617052 0.728963 0.724793 0.787736 0.000000 0.574827 0.442725 0.451047 0.958046 0.861753 0.506367 0.707957 0.824929 0.972378 0.436937 0.573780 0.925042 0.749104 0.978672 0.912218 0.673005 0.655438 0.713096 0.729985 0.606850 0.784851 0.916277 0.996941 0.875911 0.987531 0.839557 0.856618 0.954716 0.997117 0.887627 0.924301 0.727924 0.915718 0.991726 0.996494 0.925744 0.944409 0.993979 0.937252 0.766627 0.849189 0.842726 0.994199 0.937750 0.833419 0.831314 0.772844 0.536215 0.668662 0.935574 0.938415 0.552628 0.995184 0.977462 0.808162 0.851067 0.830126 0.815457 0.924391 0.830082 0.789331 0.947693 0.836304 0.866433 0.846768 0.931670 0.992373 0.936912 0.958249 0.841760 0.969987 0.610598 0.899903 0.851330 0.702866 0.753885 0.870481 0.777442 0.726810 0.935017 0.819571 0.940681 0.954845 0.912905 0.841894 0.719057 0.591926 0.975803 0.673930 0.904875 0.985670 0.898978 0.980072 0.948359 0.983793 0.955743 0.905992 0.986071 0.860816 0.918351 0.970675 0.923788 0.983498
0.866492 0.908424 0.746284 0.941303 0.799273 0.978207 0.789854 0.972143 0.772555 0.939597 0.807793 0.652757 0.574827 0.000000 0.594365 0.563508 0.878326 0.986238 0.724036 0.733909 0.840289 0.836689 0.543529 0.531827 0.841289 0.942432 0.886489 0.993720 0.760425 0.869625 0.818305 0.809535 0.664422 0.848706 0.734480 0.842991 0.873404 0.928389 0.930387 0.913465 0.913394 0.955394 0.808935 0.826326 0.716013 0.797857 0.971316 0.819577 0.827939 0.758044 0.895994 0.734200 0.755406 0.719811 0.993167 0.948743 0.929907 0.961509 0.953795 0.996425 0.729830 0.655095 0.930267 0.981534 0.592966 0.877465 0.920758 0.975489 0.945268 0.954502 0.991589 0.904272 0.988421 0.827537 0.814101 0.717656 0.862466 0.857893 0.893470 0.952072 0.940510 0.929533 0.709368 0.822418 0.626592 0.744965 0.895900 0.708244 0.784242 0.673846 0.976781 0.944835 0.987638 0.972235 0.964574 0.953611 0.962379 0.831324 0.916510 0.697091 0.972547 0.900026 0.959056 0.984404 0.854870 0.914855 0.907218 0.986885 0.966244 0.922795 0.888882 0.943288 0.998965 0.959047 0.884773 0.890863
0.945171 0.977189 0.781936 0.796047 0.739445 0.950177 0.684027 0.860184 0.666249 0.806781 0.862492 0.905358 0.442725 0.594365 0.000000 0.452100 0.975239 0.895270 0.632780 0.788455 0.889795 0.943035 0.398060 0.627399 0.931154 0.809304 0.813819 0.978648 0.612267 0.710579 0.715625 0.808486 0.655897 0.881815 0.888809 0.958421 0.912682 0.943176 0.817295 0.845270 0.931165 0.957854 0.831332 0.886285 0.669278 0.825800 0.991764 0.960201 0.807796 0.833160 0.993861 0.875783 0.770593 0.757756 0.957481 0.918456 0.970830 0.941751 0.831295 0.798992 0.725177 0.829204 0.911724 0.969510 0.505778 0.880077 0.881540 0.700923 0.802206 0.873516 0.955853 0.953749 0.812609 0.839821 0.844897 0.874507 0.863329 0.856161 0.925990 0.965412 0.987694 0.992801 0.691840 0.913236 0.547336 0.847104 0.767772 0.670374 0.814357 0.820642 0.920438 0.744033 0.937649 0.845343 0.943068 0.988696 0.820351 0.703080 0.819803 0.631559 0.867754 0.850141 0.844715 0.947946 0.905784 0.918567 0.978945 0.998490 0.985813 0.946642 0.978160 0.802318 0.895033 0.989007 0.901766 0.987688
0.959769 0.951518 0.708486 0.986503 0.668417 0.866513 0.705152 0.963142 0.571011 0.750390 0.867130 0.828807 0.451047 0.563508 0.452100 0.000000 0.971145 0.959874 0.669481 0.778096 0.903759 0.971229 0.440568 0.505815 0.839513 0.888526 0.809085 0.982917 0.692755 0.767105 0.711671 0.835001 0.721892 0.944565 0.878591 0.976953 0.951205 0.971854 0.876788 0.875525 0.946240 0.982476 0.848620 0.904098 0.756497 0.910970 0.995605 0.956496 0.905278 0.943581 0.950813 0.957676 0.771401 0.760898 0.850853 0.966913 0.910718 0.841274 0.759512 0.686184 0.768611 0.754804 0.840495 0.939583 0.480491 0.995749 0.881090 0.748212 0.756284 0.821692 0.854215 0.959736 0.881406 0.832387 0.829918 0.786073 0.868101 0.893679 0.908974 0.968476 0.860966 0.978991 0.711302 0.960346 0.600857 0.842882 0.862354 0.645545 0.858487 0.769548 0.833986 0.660035 0.992267 0.704759 0.908233 0.930002 0.828131 0.720081 0.819931 0.648203 0.930929 0.800888 0.831365 0.944351 0.950483 0.946984 0.898379 0.977382 0.981966 0.927262 0.924850 0.826103 0.854221 0.952850 0.880362 0.883878
0.720300 0.731717 0.799005 0.908990 0.955595 0.955789 0.993752 0.970687 0.907395 0.982996 0.762978 0.795212 0.958046 0.878326 0.975239 0.971145 0.000000 0.559059 0.908258 0.900930 0.941547 0.925319 0.876993 0.812341 0.925920 0.979929 0.897587 0.915877 0.844544 0.724180 0.941256 0.953150 0.871225 0.726073 0.988788 0.954417 0.909347 0.953756 0.885269 0.918577 0.865789 0.903827 0.971653 0.873598 0.978799 0.899186 0.887038 0.965180 0.987698 0.941956 0.878124 0.925296 0.972624 0.905770 0.913291 0.739868 0.761574 0.717123 0.818577 0.894939 0.870841 0.929601 0.578178 0.609097 0.818359 0.912086 0.898101 0.904955 0.868788 0.875927 0.950693 0.939432 0.992202 0.976858 0.874890 0.955013 0.976256 0.990564 0.817999 0.797902 0.641112 0.695855 0.979478 0.839107 0.980289 0.991856 0.877122 0.943754 0.930626 0.907840 0.941324 0.930031 0.961395 0.830745 0.992459 0.951175 0.877334 0.946425 0.960089 0.941749 0.987754 0.966491 0.870495 0.834511 0.974256 0.985699 0.990954 0.976177 0.956248 0.999710 0.951595 0.915752 0.992892 0.950662 0.953322 0.974093
0.542674 0.591817 0.805374 0.887039 0.925533 0.958147 0.988814 0.973046 0.786109 0.830101 0.653517 0.763491 0.861753 0.986238 0.895270 0.959874 0.559059 0.000000 0.888124 0.792843 0.997945 0.999166 0.995657 0.939666 0.871907 0.988416 0.956188 0.753280 0.779408 0.756719 0.873041 0.955727 0.732973 0.747313 0.990480 0.887929 0.845992 0.929516 0.926477 0.809900 0.795673 0.763801 0.917571 0.784233 0.877652 0.802638 0.751226 0.811310 0.863468 0.862603 0.780217 0.784004 0.861935 0.911027 0.767101 0.721071 0.580027 0.573048 0.745832 0.740355 0.792684 0.906582 0.528250 0.484242 0.947175 0.907289 0.830149 0.870203 0.795774 0.848956 0.955211 0.945163 0.897245 0.915728 0.929001 0.910906 0.932695 0.905317 0.722523 0.772255 0.551733 0.492158 0.789151 0.608944 0.817894 0.798838 0.983010 0.880123 0.896675 0.826790 0.941686 0.857536 0.982788 0.841278 0.979771 0.905453 0.912520 0.977905 0.937950 0.976937 0.969142 0.978862 0.923602 0.907839 0.878911 0.935265 0.932855 0.940998 0.930123 0.952195 0.950046 0.976403 0.950561 0.832324 0.836892 0.969751
0.890350 0.944722 0.799365 0.961519 0.826892 0.915681 0.498607 0.744152 0.584676 0.561624 0.714003 0.927250 0.506367 0.724036 0.632780 0.669481 0.908258 0.888124 0.000000 0.649546 0.767072 0.928542 0.551110 0.774108 0.821037 0.604929 0.978607 0.808583 0.665474 0.561758 0.722534 0.685446 0.763520 0.728374 0.849579 0.995690 0.766006 0.896218 0.672233 0.712729 0.942213 0.965662 0.974578 0.992589 0.913788 0.986826 0.792803 0.983770 0.931064 0.863885 0.892330 0.995937 0.794557 0.892015 0.870361 0.892541 0.927015 0.836065 0.874126 0.942537 0.678393 0.779742 0.950522 0.919568 0.819979 0.786847 0.906853 0.710009 0.948631 0.840075 0.806502 0.877784 0.788531 0.876980 0.900498 0.976392 0.855029 0.973745 0.995561 0.970564 0.947575 0.959300 0.953811 0.934826 0.777586 0.879611 0.982372 0.682049 0.786054 0.926094 0.734465 0.661568 0.906101 0.786535 0.961801 0.904650 0.991668 0.838057 0.837443 0.716667 0.996310 0.720654 0.945954 0.924500 0.907017 0.919871 0.879493 0.806242 0.962072 0.937585 0.969903 0.866180 0.905180 0.934158 0.940899 0.919901
0.795085 0.940752 0.929876 0.961470 0.997587 0.876181 0.778296 0.893019 0.849964 0.814762 0.707225 0.851382 0.707957 0.733909 0.788455 0.778096 0.900930 0.792843 0.649546 0.000000 0.789991 0.908946 0.765720 0.870712 0.949153 0.809323 0.961317 0.916514 0.725733 0.618488 0.866296 0.741311 0.811033 0.802747 0.872469 0.943582 0.852093 0.927365 0.771463 0.907082 0.932517 0.941045 0.971266 0.828607 0.921745 0.864918 0.916038 0.932782 0.870802 0.856026 0.967450 0.951599 0.903215 0.932081 0.999313 0.822292 0.868515 0.999028 0.977215 0.925304 0.824896 0.887496 0.930821 0.892241 0.952755 0.828950 0.922104 0.826804 0.993502 0.983118 0.890276 0.888558 0.915659 0.838347 0.913911 0.983318 0.889808 0.976880 0.806204 0.976449 0.852627 0.839587 0.901613 0.818929 0.910705 0.932762 0.981644 0.760482 0.825071 0.823834 0.978772 0.965322 0.976921 0.992407 0.914387 0.888835 0.994775 0.997228 0.817707 0.840838 0.998371 0.836032 0.919882 0.914324 0.970221 0.966226 0.908455 0.855141 0.940059 0.938908 0.977396 0.970748 0.957409 0.954750 0.976276 0.930213
0.971924 0.894017 0.804267 0.907310 0.797704 0.892328 0.674282 0.732354 0.850010 0.753378 0.997331 0.846925 0.824929 0.840289 0.889795 0.903759 0.941547 0.997945 0.767072 0.789991 0.000000 0.917977 0.759048 0.921440 0.893936 0.817563 0.917862 0.881998 0.893274 0.834440 0.979854 0.730048 0.919019 0.972466 0.952986 0.990653 0.824060 0.790415 0.824069 0.735504 0.935474 0.866226 0.850371 0.904179 0.910690 0.864271 0.859609 0.965505 0.923916 0.983111 0.859710 0.930967 0.969407 0.948778 0.994912 0.944915 0.858502 0.775986 0.902490 0.961670 0.817362 0.788893 0.908850 0.968793 0.921494 0.999240 0.903517 0.822976 0.895734 0.788238 0.930827 0.880417 0.736429 0.805358 0.923503 0.998062 0.962426 0.993677 0.897889 0.957358 0.894180 0.989628 0.991646 0.871776 0.892090 0.924197 0.987738 0.885772 0.965461 0.957564 0.852699 0.788760 0.993741 0.812527 0.954359 0.885990 0.977394 0.953318 0.892744 0.893102 0.932392 0.729436 0.983081 0.796325 0.942868 0.983728 0.908893 0.924836 0.946435 0.888543 0.979158 0.980819 0.954203 0.987898 0.815895 0.862085
0.989110 0.998543 0.899771 0.945178 0.985188 0.846426 0.904877 0.967121 0.923851 0.986008 0.989114 0.937864 0.972378 0.836689 0.943035 0.971229 0.925319 0.999166 0.928542 0.908946 0.917977 0.000000 0.961554 0.934514 0.954635 0.992054 0.959712 0.953140 0.980908 0.970965 0.942888 0.891430 0.945981 0.999879 0.927282 0.945463 0.832056 0.929058 0.981126 0.987862 0.994878 0.954144 0.937462 0.923247 0.885395 0.931394 0.897305 0.994908 0.907564 0.960266 0.873040 0.934136 0.794463 0.921639 0.928261 0.933184 0.952405 0.975412 0.999352 0.997895 0.917398 0.870388 0.983940 0.886718 0.940932 0.975313 0.972313 0.974904 0.877069 0.954286 0.962003 0.921910 0.977297 0.995984 0.980582 0.905751 0.915695 0.984499 0.921777 0.860988 0.886922 0.847380 0.944039 0.989057 0.979480 0.968548 0.894370 0.960538 0.939362 0.983634 0.932206 0.927639 0.897814 0.888967 0.885829 0.815535 0.958230 0.939932 0.894744 0.929632 0.999696 0.876933 0.995606 0.891170 0.893166 0.851868 0.986623 0.983076 0.888317 0.946067 0.994852 0.908678 0.923707 0.917771 0.923860 0.988929
0.993171 0.924926 0.671893 0.961841 0.645791 0.973998 0.559232 0.987033 0.553025 0.687828 0.926414 0.911787 0.436937 0.543529 0.398060 0.440568 0.876993 0.995657 0.551110 0.765720 0.759048 0.961554 0.000000 0.510145 0.936931 0.699712 0.788962 0.936171 0.703708 0.744236 0.736108 0.777346 0.705531 0.964399 0.900896 0.979724 0.858125 0.940555 0.807933 0.714453 0.935379 0.930398 0.907100 0.970422 0.753587 0.928173 0.922695 0.963839 0.873658 0.860181 0.922564 0.909556 0.773087 0.737551 0.866676 0.866093 0.898154 0.859895 0.812232 0.804786 0.690792 0.740382 0.862398 0.966229 0.455867 0.947112 0.835848 0.667599 0.806018 0.854772 0.951393 0.987160 0.784869 0.817494 0.864672 0.865123 0.858718 0.874762 0.981867 0.970025 0.916491 0.979117 0.698931 0.980260 0.496360 0.840093 0.803899 0.610911 0.794192 0.791153 0.830690 0.632790 0.970791 0.741969 0.963203 0.949592 0.842987 0.720829 0.844651 0.596147 0.917885 0.760807 0.790807 0.897473 0.919336 0.931129 0.993316 0.965971 0.991095 0.962318 0.969108 0.860999 0.882891 0.964844 0.950000 0.987212
0.993086 0.957148 0.662431 0.866744 0.675320 0.866135 0.761147 0.958845 0.662472 0.874746 0.927242 0.812393 0.573780 0.531827 0.627399 0.505815 0.812341 0.939666 0.774108 0.870712 0.921440 0.934514 0.510145 0.000000 0.719120 0.914446 0.794192 0.967704 0.917027 0.965217 0.855607 0.929600 0.812880 0.964934 0.818635 0.977230 0.845019 0.858148 0.977312 0.944881 0.926451 0.992639 0.926912 0.988954 0.874636 0.973135 0.992366 0.957025 0.961379 0.984400 0.951795 0.899793 0.869359 0.832341 0.875844 0.959560 0.930201 0.907070 0.905033 0.867862 0.750169 0.679004 0.885342 0.952703 0.478792 0.782534 0.995338 0.914665 0.819162 0.895639 0.930014 0.920423 0.996508 0.933668 0.829968 0.847773 0.998142 0.822123 0.906896 0.904246 0.835615 0.977971 0.784118 0.953949 0.568020 0.675995 0.792304 0.690289 0.767558 0.757675 0.904930 0.826178 0.954047 0.810381 0.928116 0.856559 0.878786 0.892508 0.969341 0.694978 0.976523 0.912787 0.732600 0.882848 0.859668 0.835644 0.996248 0.956273 0.934930 0.964801 0.935990 0.954170 0.931525 0.969457 0.855797 0.872305
0.996532 0.834145 0.804372 0.826067 0.980020 0.676520 0.966725 0.985582 0.870469 0.791902 0.995622 0.846698 0.925042 0.841289 0.931154 0.839513 0.925920 0.871907 0.821037 0.949153 0.893936 0.954635 0.936931 0.719120 0.000000 0.672706 0.818426 0.784049 0.962954 0.802513 0.960065 0.825565 0.777648 0.904698 0.722825 0.844045 0.928324 0.821193 0.674991 0.750837 0.869423 0.849135 0.928694 0.990858 0.971573 0.961587 0.778032 0.978026 0.835760 0.817509 0.984079 0.940178 0.942439 0.852641 0.913411 0.957655 0.920394 0.893696 0.937736 0.964263 0.877316 0.858081 0.930905 0.903358 0.663368 0.606339 0.754423 0.681163 0.929470 0.929061 0.920866 0.891707 0.860952 0.934051 0.956244 0.988675 0.936321 0.775880 0.993384 0.976697 0.997449 0.888456 0.884580 0.761276 0.802253 0.562757 0.709578 0.980954 0.897360 0.874976 0.966078 0.906146 0.898597 0.966532 0.965700 0.894914 0.971030 0.979326 0.923987 0.937883 0.821129 0.900144 0.862403 0.807191 0.781576 0.771538 0.906029 0.807779 0.985589 0.868251 0.988370 0.938574 0.920587 0.859930 0.827795 0.851521
0.974752 0.827217 0.938746 0.881402 0.818993 0.654153 0.635441 0.886425 0.722753 0.646607 0.909468 0.932994 0.749104 0.942432 0.809304 0.888526 0.979929 0.988416 0.604929 0.809323 0.817563 0.992054 0.699712 0.914446 0.672706 0.000000 0.990773 0.653786 0.839788 0.640110 0.908130 0.876084 0.996240 0.886452 0.721367 0.875982 0.847023 0.953159 0.695496 0.636181 0.903022 0.910601 0.839921 0.924181 0.951973 0.979069 0.760281 0.988367 0.919102 0.880351 0.887655 0.890267 0.937402 0.935892 0.863533 0.846428 0.942061 0.830387 0.788634 0.935328 0.908149 0.994090 0.992902 0.982549 0.966086 0.609563 0.637281 0.523201 0.979955 0.992390 0.930069 0.852242 0.765819 0.907645 0.908270 0.988816 0.996083 0.887620 0.953422 0.944777 0.994889 0.944230 0.936148 0.900045 0.910392 0.700713 0.962729 0.771259 0.878799 0.902902 0.892534 0.812239 0.891761 0.932636 0.840852 0.911558 0.907050 0.787652 0.923082 0.841669 0.933250 0.781910 0.877881 0.995276 0.885372 0.768979 0.837149 0.875853 0.987415 0.961879 0.986519 0.996690 0.969290 0.898003 0.876410 0.812101
0.998687 0.990588 0.963719 0.954612 0.934141 0.999761 0.912142 0.848948 0.843026 0.969466 0.956188 0.949202 0.978672 0.886489 0.813819 0.809085 0.897587 0.956188 0.978607 0.961317 0.917862 0.959712 0.788962 0.794192 0.818426 0.990773 0.000000 0.945533 0.912388 0.945683 0.905253 0.867289 0.998114 0.921027 0.965260 0.849486 0.973863 0.856769 0.953499 0.982233 0.965770 0.949871 0.995166 0.977945 0.933230 0.949456 0.974678 0.963198 0.951162 0.975685 0.973184 0.939063 0.895195 0.855931 0.953764 0.914018 0.960949 0.975963 0.951302 0.912604 0.945957 0.955153 0.911713 0.898150 0.744259 0.964574 0.851775 0.891393 0.984494 0.956262 0.908119 0.884766 0.962044 0.908132 0.891251 0.978811 0.903095 0.979645 0.975261 0.935737 0.996406 0.967087 0.801576 0.957125 0.830410 0.841773 0.837133 0.942583 0.914742 0.913630 0.943257 0.919908 0.899362 0.996645 0.987388 0.915720 0.986341 0.961272 0.985702 0.861598 0.926479 0.940641 0.806791 0.881209 0.985261 0.906139 0.861676 0.959133 0.945972 0.998328 0.954434 0.889169 0.992561 0.896980 0.797940 0.850160
0.801707 0.678821 0.843364 0.992361 0.865418 0.776642 0.803169 0.847234 0.716381 0.667135 0.968039 0.987984 0.912218 0.993720 0.978648 0.982917 0.915877 0.753280 0.808583 0.916514 0.881998 0.953140 0.936171 0.967704 0.784049 0.653786 0.945533 0.000000 0.967428 0.823839 0.961868 0.979022 0.828799 0.961765 0.745963 0.858731 0.911459 0.975506 0.847661 0.769770 0.849315 0.874858 0.795398 0.841973 0.861996 0.865139 0.779882 0.871812 0.892620 0.936520 0.794801 0.758663 0.897076 0.954396 0.792826 0.854969 0.756015 0.646750 0.770505 0.856382 0.957917 0.876756 0.812045 0.744886 0.878777 0.820533 0.756351 0.713266 0.962760 0.923031 0.802279 0.738564 0.867595 0.983582 0.873294 0.949445 0.975674 0.893169 0.826100 0.885523 0.776002 0.817737 0.789595 0.752721 0.811556 0.674483 0.972331 0.985606 0.862791 0.809400 0.884385 0.808992 0.974871 0.944336 0.991803 0.997682 0.972928 0.947944 0.956213 0.917020 0.987363 0.913426 0.920568 0.946626 0.748590 0.885030 0.881133 0.968993 0.953708 0.906325 0.983057 0.930071 0.935058 0.886138 0.878960 0.945585
0.781219 0.921097 0.896956 0.801949 0.946569 0.885699 0.743946 0.963809 0.819719 0.788999 0.668918 0.782308 0.673005 0.760425 0.612267 0.692755 0.844544 0.779408 0.665474 0.725733 0.893274 0.980908 0.703708 0.917027 0.962954 0.839788 0.912388 0.967428 0.000000 0.564477 0.705988 0.764842 0.660694 0.760890 0.915413 0.955627 0.972238 0.963957 0.781705 0.791362 0.971307 0.792388 0.956042 0.912035 0.872551 0.859616 0.876353 0.959441 0.819568 0.832528 0.983118 0.980287 0.800027 0.921694 0.898799 0.947395 0.920423 0.952541 0.877056 0.930670 0.858321 0.929873 0.906268 0.847370 0.882698 0.727380 0.890219 0.739066 0.923984 0.915372 0.983798 0.880090 0.776724 0.857533 0.976933 0.910323 0.998152 0.927872 0.901373 0.938269 0.789874 0.887358 0.822770 0.913319 0.837008 0.913470 0.907155 0.847969 0.914251 0.797399 0.994240 0.924675 0.970280 0.880479 0.942994 0.907824 0.930951 0.697045 0.796956 0.884442 0.962218 0.930610 0.994085 0.962845 0.875960 0.762335 0.998817 0.879645 0.768025 0.848433 0.952591 0.908561 0.966238 0.905311 0.999828 0.887995
0.862304 0.980078 0.913148 0.929266 0.995604 0.839313 0.654688 0.805628 0.755535 0.639518 0.637594 0.964916 0.655438 0.869625 0.710579 0.767105 0.724180 0.756719 0.561758 0.618488 0.834440 0.970965 0.744236 0.965217 0.802513 0.640110 0.945683 0.823839 0.564477 0.000000 0.676515 0.622515 0.787430 0.783127 0.744670 0.988485 0.917777 0.942781 0.706363 0.719085 0.968033 0.850550 0.988486 0.877896 0.901732 0.904006 0.845804 0.992733 0.892203 0.842545 0.959350 0.967092 0.858452 0.899856 0.936696 0.996792 0.977478 0.924357 0.893142 0.992861 0.870323 0.998895 0.928898 0.899263 0.940286 0.624249 0.838972 0.690859 0.995570 0.990217 0.792229 0.761606 0.680452 0.743462 0.952445 0.900771 0.852479 0.960837 0.825239 0.882186 0.867967 0.920152 0.978952 0.966376 0.990969 0.745872 0.869172 0.803469 0.855342 0.951825 0.853362 0.838715 0.954063 0.923512 0.933426 0.955552 0.992344 0.891236 0.734995 0.792572 0.942193 0.721093 0.887999 0.886990 0.922130 0.846279 0.959463 0.883865 0.910365 0.988578 0.913000 0.906291 0.976584 0.999081 0.973458 0.904609
0.957326 0.975928 0.765939 0.998516 0.999662 0.979643 0.792201 0.994465 0.679089 0.767451 0.755491 0.923412 0.713096 0.818305 0.715625 0.711671 0.941256 0.873041 0.722534 0.866296 0.979854 0.942888 0.736108 0.855607 0.960065 0.908130 0.905253 0.961868 0.705988 0.676515 0.000000 0.830059 0.710021 0.784988 0.995273 0.907995 0.881330 0.923743 0.948724 0.986269 0.958605 0.904014 0.879819 0.861690 0.774839 0.833609 0.933226 0.975591 0.844403 0.816227 0.917162 0.921489 0.807616 0.822512 0.971407 0.957220 0.966142 0.929802 0.827647 0.886988 0.948907 0.892347 0.952656 0.995702 0.863861 0.784305 0.983518 0.836271 0.930792 0.941176 0.871526 0.999382 0.902678 0.930266 0.832687 0.938407 0.735889 0.944185 0.899994 0.840397 0.925082 0.984629 0.901226 0.991565 0.916374 0.942192 0.970623 0.888813 0.832166 0.825569 0.994084 0.876062 0.925887 0.832675 0.994059 0.947265 0.966598 0.982128 0.852660 0.782247 0.977866 0.872831 0.948746 0.970675 0.955847 0.961496 0.902665 0.960966 0.858369 0.957168 0.971681 0.995491 0.968795 0.963171 0.901554 0.928874
0.898093 0.977910 0.840447 0.869117 0.951095 0.924659 0.652855 0.714234 0.847913 0.753856 0.797175 0.986415 0.729985 0.809535 0.808486 0.835001 0.953150 0.955727 0.685446 0.741311 0.730048 0.891430 0.777346 0.929600 0.825565 0.876084 0.867289 0.979022 0.764842 0.622515 0.830059 0.000000 0.745357 0.863154 0.949693 0.930930 0.873009 0.884682 0.924403 0.806040 0.956919 0.925640 0.923978 0.906629 0.936614 0.947129 0.898705 0.925713 0.950926 0.825313 0.964575 0.971794 0.852190 0.928406 0.940437 0.988808 0.942598 0.853860 0.957353 0.943028 0.902461 0.958583 0.951392 0.949362 0.974829 0.825964 0.951625 0.836915 0.832767 0.937960 0.934847 0.839124 0.767157 0.792833 0.901029 0.861167 0.906623 0.902877 0.897215 0.885440 0.997154 0.932452 0.933458 0.863482 0.971895 0.837706 0.808935 0.928999 0.943615 0.965059 0.858845 0.835899 0.940243 0.900391 0.966291 0.916451 0.970661 0.976631 0.792305 0.735200 0.901723 0.819156 0.807894 0.931432 0.954554 0.943386 0.927242 0.913652 0.994414 0.991396 0.841376 0.993518 0.902162 0.936249 0.970342 0.868501
0.830969 0.839933 0.818441 0.937432 0.913915 0.883148 0.750058 0.947316 0.987440 0.977090 0.654301 0.647834 0.606850 0.664422 0.655897 0.721892 0.871225 0.732973 0.763520 0.811033 0.919019 0.945981 0.705531 0.812880 0.777648 0.996240 0.998114 0.828799 0.660694 0.787430 0.710021 0.745357 0.000000 0.674644 0.779449 0.806792 0.993407 0.896976 0.926278 0.951061 0.922177 0.865916 0.826659 0.852025 0.759736 0.846280 0.899978 0.890397 0.922621 0.872965 0.831794 0.794991 0.805825 0.932815 0.939946 0.825935 0.872360 0.929831 0.904769 0.924981 0.617885 0.727522 0.833699 0.743816 0.718560 0.910969 0.756079 0.912369 0.924868 0.954149 0.942585 0.992795 0.906170 0.892017 0.989060 0.867699 0.998735 0.851733 0.931509 0.815989 0.865817 0.827506 0.852969 0.806545 0.710660 0.804099 0.985879 0.809079 0.921416 0.765505 0.921127 0.945554 0.872025 0.943617 0.941248 0.982378 0.826622 0.957206 0.822392 0.700002 0.776476 0.879417 0.877284 0.973822 0.820889 0.853090 0.987417 0.953365 0.994411 0.999738 0.881271 0.984102 0.920222 0.986692 0.819732 0.942340
0.756529 0.804110 0.939543 0.980100 0.938137 0.869146 0.887079 0.894335 0.975112 0.977466 0.705491 0.749604 0.784851 0.848706 0.881815 0.944565 0.726073 0.747313 0.728374 0.802747 0.972466 0.999879 0.964399 0.964934 0.904698 0.886452 0.921027 0.961765 0.760890 0.783127 0.784988 0.863154 0.674644 0.000000 0.829024 0.812440 0.986521 0.960066 0.934295 0.964751 0.866223 0.812894 0.852291 0.844297 0.873724 0.867270 0.859352 0.895348 0.956518 0.932973 0.850876 0.845707 0.828474 0.995633 0.842777 0.849532 0.888502 0.941798 0.848769 0.840127 0.692413 0.782803 0.787895 0.768392 0.977951 0.891420 0.713891 0.792867 0.991303 0.898242 0.860424 0.881666 0.997049 0.892117 0.876803 0.934651 0.876905 0.803073 0.945236 0.685822 0.809638 0.840644 0.967508 0.933642 0.936169 0.907928 0.952601 0.977642 0.886487 0.875922 0.852465 0.941629 0.808744 0.930608 0.973615 0.970656 0.910490 0.922074 0.804644 0.867853 0.810221 0.859374 0.813990 0.969339 0.988704 0.851765 0.935575 0.928600 0.918787 0.996835 0.807916 0.815359 0.965245 0.852558 0.907845 0.968925
0.930569 0.826782 0.963967 0.922638 0.914716 0.740669 0.846855 0.754613 0.928307 0.725308 0.877736 0.791260 0.916277 0.734480 0.888809 0.878591 0.988788 0.990480 0.849579 0.872469 0.952986 0.927282 0.900896 0.818635 0.722825 0.721367 0.965260 0.745963 0.915413 0.744670 0.995273 0.949693 0.779449 0.829024 0.000000 0.779834 0.811072 0.917121 0.698158 0.896973 0.912785 0.977744 0.676942 0.825242 0.697412 0.780885 0.697078 0.837521 0.878822 0.870569 0.710884 0.655587 0.814255 0.801054 0.867468 0.819062 0.930539 0.837876 0.770844 0.906480 0.812718 0.859475 0.891309 0.889876 0.723174 0.654789 0.623975 0.632263 0.957153 0.929625 0.901134 0.821188 0.880213 0.984714 0.808887 0.848797 0.924726 0.720414 0.906880 0.830938 0.978568 0.989347 0.838071 0.970743 0.741901 0.621475 0.901856 0.984860 0.981295 0.833760 0.985496 0.851914 0.903732 0.892537 0.920648 0.965273 0.994733 0.952775 0.879551 0.847449 0.989378 0.928635 0.916557 0.921332 0.801099 0.804089 0.885422 0.961620 0.844727 0.995829 0.962780 0.944339 0.895922 0.835006 0.775828 0.884028
0.875416 0.809987 0.948037 0.977629 0.980247 0.876244 0.895099 0.920640 0.874461 0.803267 0.957751 0.842756 0.996941 0.842991 0.958421 0.976953 0.954417 0.887929 0.995690 0.943582 0.990653 0.945463 0.979724 0.977230 0.844045 0.875982 0.849486 0.858731 0.955627 0.988485 0.907995 0.930930 0.806792 0.812440 0.779834 0.000000 0.896414 0.957758 0.918135 0.883448 0.873327 0.835870 0.899117 0.916487 0.881170 0.931957 0.858530 0.880101 0.992339 0.925490 0.838071 0.783525 0.876937 0.985678 0.906861 0.842675 0.902945 0.881011 0.727948 0.789975 0.850786 0.926787 0.828174 0.872769 0.959592 0.811089 0.695565 0.672158 0.963722 0.965319 0.970256 0.789879 0.929471 0.990879 0.849686 0.969277 0.912180 0.985955 0.918148 0.849281 0.977396 0.919504 0.786068 0.875810 0.915615 0.786515 0.981257 0.978410 0.964160 0.979889 0.894839 0.919293 0.791935 0.937160 0.986455 0.915237 0.774441 0.882916 0.898541 0.934145 0.834348 0.926396 0.842193 0.901486 0.825500 0.740726 0.955687 0.972006 0.897930 0.897816 0.974354 0.885221 0.969837 0.945958 0.681343 0.989711
0.963154 0.911713 0.971605 0.961668 0.847913 0.987344 0.770342 0.856000 0.889803 0.815705 0.966327 0.900666 0.875911 0.873404 0.912682 0.951205 0.909347 0.845992 0.766006 0.852093 0.824060 0.832056 0.858125 0.845019 0.928324 0.847023 0.973863 0.911459 0.972238 0.917777 0.881330 0.873009 0.993407 0.986521 0.811072 0.896414 0.000000 0.959244 0.761865 0.798301 0.883054 0.909420 0.808335 0.786991 0.858908 0.820385 0.759619 0.849106 0.848764 0.950626 0.807923 0.912833 0.916824 0.968096 0.836556 0.913739 0.813276 0.826012 0.928007 0.956459 0.872999 0.922344 0.880680 0.917579 0.874459 0.957168 0.904868 0.839601 0.855640 0.850265 0.908315 0.934336 0.941043 0.983803 0.975289 0.932179 0.891420 0.999295 0.847056 0.831740 0.949079 0.863935 0.941207 0.945052 0.906294 0.963269 0.947415 0.824384 0.956754 0.951871 0.844516 0.820954 0.927462 0.866593 0.886537 0.994620 0.951112 0.920592 0.922601 0.997764 0.947070 0.906818 0.885196 0.903347 0.911502 0.965216 0.937385 0.967564 0.985833 0.950075 0.961337 0.944505 0.938657 0.888831 0.844524 0.954328
0.829194 0.970788 0.989056 0.939788 0.943782 0.986357 0.817254 0.844151 0.931403 0.897670 0.893512 0.919382 0.987531 0.928389 0.943176 0.971854 0.953756 0.929516 0.896218 0.927365 0.790415 0.929058 0.940555 0.858148 0.821193 0.953159 0.856769 0.975506 0.963957 0.942781 0.923743 0.884682 0.896976 0.960066 0.917121 0.957758 0.959244 0.000000 0.971547 0.714072 0.892787 0.976436 0.906369 0.893012 0.884938 0.833181 0.847760 0.928295 0.907824 0.967095 0.824406 0.865105 0.900491 0.905725 0.970263 0.866211 0.862792 0.924834 0.948913 0.918144 0.984009 0.942926 0.902053 0.937205 0.970814 0.949112 0.916231 0.907994 0.867826 0.760700 0.973193 0.952687 0.887359 0.977044 0.897496 0.906637 0.993996 0.867871 0.960824 0.868822 0.912041 0.919490 0.870785 0.772705 0.989987 0.887287 0.915455 0.928861 0.740150 0.844244 0.809373 0.838183 0.849662 0.916760 0.926445 0.935202 0.943634 0.853830 0.977732 0.998650 0.810629 0.926759 0.909548 0.834163 0.823608 0.833986 0.990113 0.998067 0.948006 0.900541 0.915007 0.953544 0.935309 0.953277 0.983264 0.918983
