0.000000 0.218468 0.559141 0.543221 0.906286 0.744640 0.473517 0.559610 0.987538 0.508154 0.416213 0.389648 0.314432 0.317621 0.574079 0.565891 0.343342 0.221974 0.283569 0.240983 0.615767 0.952825 0.726185 0.532584 0.590377 0.732610 0.742132 0.793554 0.760668 0.682286 0.895670 0.928307 0.418047 0.370722 0.592378 0.780107 0.574680 0.533473 0.594671 0.622988 0.644179 0.843091 0.613419 0.543864 0.848288 0.759866 0.449677 0.527183 0.860111 0.652564 0.888145 0.708636 0.840971 0.563469 0.388518 0.539476 0.228367 0.228536 0.297170 0.357860 0.467453 0.803734 0.404007 0.437350 0.537521 0.495159 0.459913 0.578380 0.283213 0.344730 0.762685 0.927006 0.993044 0.855070 0.776694 0.907675 0.706609 0.972401 0.619405 0.455848 0.247381 0.198132 0.503010 0.317531 0.340922 0.363316 0.571137 0.573999 0.464481 0.382845 0.866687 0.865368 0.717963 0.729229 0.771271 0.966470 0.561002 0.876499 0.788165 0.803075 0.655418 0.836058 0.825177 0.742978 0.737727 0.734337 0.991668 0.869614 0.964724 0.786742 0.969540 0.822209 0.901736 0.894608 0.881151 0.925435
0.218468 0.000000 0.468198 0.427472 0.843832 0.748963 0.434327 0.488038 0.929333 0.554506 0.523849 0.398829 0.299520 0.307878 0.492275 0.465838 0.326994 0.236709 0.277494 0.224190 0.605837 0.898952 0.580344 0.453414 0.527608 0.679578 0.690535 0.807202 0.707713 0.630727 0.979641 0.836733 0.389777 0.390562 0.580052 0.855727 0.566618 0.497534 0.558159 0.603945 0.656773 0.794454 0.472856 0.454105 0.766556 0.702725 0.371807 0.437885 0.806761 0.591525 0.785898 0.610313 0.922639 0.600244 0.399516 0.571561 0.199287 0.172056 0.281331 0.294346 0.414278 0.694106 0.399393 0.393918 0.476754 0.417353 0.395658 0.466259 0.334919 0.376139 0.694765 0.784076 0.946917 0.785639 0.848322 0.964210 0.670489 0.865796 0.490453 0.488840 0.259002 0.228045 0.446175 0.367908 0.290922 0.309162 0.574697 0.501875 0.446211 0.326189 0.821844 0.843434 0.629305 0.736287 0.667375 0.961500 0.567531 0.897727 0.738721 0.764983 0.665373 0.888607 0.783733 0.770607 0.648784 0.617695 0.955039 0.977341 0.883410 0.772058 0.858576 0.776950 0.885606 0.856728 0.692705 0.952099
0.559141 0.468198 0.000000 0.227694 0.653369 0.712726 0.258513 0.345499 0.590120 0.760509 0.903177 0.587961 0.391937 0.607666 0.486791 0.554070 0.712776 0.676708 0.545698 0.460607 0.602158 0.979224 0.348327 0.331717 0.306856 0.350547 0.629379 0.780372 0.993293 0.978081 0.641641 0.900435 0.386838 0.507094 0.418423 0.791842 0.356978 0.387747 0.516621 0.634868 0.695805 0.718839 0.685905 0.716621 0.760665 0.852783 0.647635 0.691795 0.952063 0.869528 0.987780 0.831157 0.938239 0.760888 0.414694 0.648137 0.593124 0.527498 0.534148 0.560376 0.272456 0.367073 0.753168 0.634542 0.202838 0.236493 0.301681 0.346565 0.455061 0.564155 0.509422 0.521045 0.672026 0.734159 0.960169 0.789890 0.704797 0.736450 0.701399 0.849440 0.656376 0.577563 0.716584 0.647658 0.292889 0.289559 0.680041 0.671601 0.478662 0.409374 0.866607 0.999177 0.702640 0.772465 0.738086 0.891839 0.575576 0.843928 0.933883 0.870409 0.795257 0.967554 0.943886 0.868550 0.556552 0.607163 0.850561 0.928261 0.836404 0.782849 0.841337 0.789988 0.952376 0.920091 0.786617 0.856242
0.543221 0.427472 0.227694 0.000000 0.641074 0.690584 0.294857 0.303237 0.699491 0.729894 0.915875 0.497082 0.376526 0.520882 0.444986 0.504073 0.699524 0.585589 0.461467 0.377024 0.648385 0.976809 0.301865 0.264780 0.337939 0.462001 0.521607 0.848951 0.913767 0.950291 0.750199 0.816437 0.442040 0.520954 0.462892 0.761939 0.422845 0.387911 0.521489 0.651340 0.723734 0.689815 0.643319 0.691725 0.779970 0.852458 0.654657 0.627486 0.977016 0.859957 0.999741 0.845030 0.906333 0.707834 0.427324 0.621898 0.549692 0.477930 0.555542 0.546153 0.352218 0.455725 0.752348 0.612667 0.227586 0.266853 0.293779 0.349039 0.502905 0.617737 0.469318 0.473835 0.761470 0.766140 0.952153 0.805555 0.662890 0.697559 0.632022 0.744493 0.579946 0.529999 0.713087 0.607714 0.270809 0.290642 0.610428 0.625631 0.489276 0.387292 0.753134 0.901614 0.577570 0.679597 0.717957 0.816652 0.554210 0.872528 0.843233 0.768706 0.803493 0.967003 0.923020 0.910024 0.479025 0.496402 0.860349 0.857186 0.817763 0.717041 0.854411 0.741863 0.981774 0.930629 0.790447 0.841578
0.906286 0.843832 0.653369 0.641074 0.000000 0.923337 0.695208 0.676086 0.820977 0.953380 0.948949 0.821196 0.720670 0.924470 0.751678 0.783426 0.945194 0.931015 0.867435 0.797693 0.865038 0.840532 0.561369 0.616745 0.591629 0.617560 0.694331 0.924182 0.974878 0.968212 0.714055 0.925108 0.802705 0.800708 0.845807 0.843935 0.661440 0.779466 0.899009 0.833304 0.871031 0.996183 0.843747 0.919497 0.986883 0.954935 0.959521 0.873996 0.882590 0.920019 0.885263 0.930963 0.995290 0.831308 0.851849 0.952786 0.866371 0.848409 0.957121 0.911707 0.712388 0.697094 0.963843 0.847678 0.634352 0.640210 0.736296 0.695163 0.734308 0.770043 0.762025 0.687927 0.774790 0.930889 0.993314 0.901513 0.984783 0.909972 0.988694 0.876629 0.876304 0.917668 0.843523 0.951874 0.707693 0.701121 0.844858 0.788967 0.937868 0.768130 0.922713 0.966603 0.755344 0.956721 0.871510 0.995514 0.886169 0.913405 0.898197 0.938876 0.954233 0.966214 0.949623 0.984250 0.854818 0.755249 0.971004 0.905801 0.874730 0.879830 0.954952 0.980975 0.924920 0.776199 0.944791 0.864452
0.744640 0.748963 0.712726 0.690584 0.923337 0.000000 0.666866 0.690687 0.967862 0.891526 0.689770 0.674707 0.827316 0.799931 0.812704 0.824188 0.871567 0.722024 0.713561 0.757694 0.698787 0.912616 0.826965 0.763177 0.901562 0.879407 0.907813 0.892338 0.796594 0.742430 0.890601 0.914547 0.786840 0.713120 0.849312 0.602327 0.915199 0.858693 0.910650 0.838892 0.830309 0.865291 0.841255 0.888799 0.853299 0.946894 0.900547 0.971367 0.990622 0.876173 0.847243 0.845942 0.852524 0.657934 0.810269 0.869031 0.773861 0.799805 0.831861 0.830051 0.767945 0.836166 0.923378 0.945357 0.733758 0.668918 0.638137 0.716798 0.805388 0.931769 0.756178 0.924811 0.921503 0.945102 0.757060 0.999673 0.937481 0.962852 0.906065 0.934708 0.768314 0.731430 0.966704 0.832808 0.741826 0.739404 0.757963 0.927981 0.891901 0.833990 0.748143 0.841675 0.674311 0.741671 0.831918 0.978449 0.633334 0.805979 0.727603 0.742037 0.992335 0.920953 0.964101 0.958987 0.754561 0.690517 0.979739 0.891955 0.976761 0.718757 0.919763 0.845573 0.862976 0.985390 0.954806 0.810661
0.473517 0.434327 0.258513 0.294857 0.695208 0.666866 0.000000 0.217282 0.626388 0.842127 0.753759 0.572040 0.356506 0.502048 0.400481 0.530325 0.569134 0.542535 0.417621 0.415680 0.761277 0.940217 0.419901 0.421402 0.478231 0.492848 0.735938 0.872910 0.815640 0.908894 0.731406 0.746335 0.313410 0.371488 0.468640 0.788530 0.410521 0.487921 0.603238 0.759453 0.707770 0.733102 0.468722 0.485125 0.575585 0.626728 0.498027 0.502871 0.846968 0.713090 0.840946 0.669083 0.854254 0.879774 0.375349 0.475729 0.490026 0.434396 0.438151 0.522497 0.274940 0.440149 0.601061 0.521723 0.292146 0.299573 0.244069 0.287418 0.520549 0.597908 0.417949 0.559561 0.772753 0.736022 0.997742 0.784012 0.574236 0.701274 0.577062 0.731221 0.506688 0.477083 0.600921 0.516015 0.290620 0.355510 0.618426 0.605579 0.535595 0.454897 0.657708 0.801460 0.575869 0.657986 0.678839 0.838332 0.436507 0.807230 0.673963 0.589810 0.900570 0.767453 0.943828 0.963474 0.444957 0.563925 0.810815 0.840026 0.725804 0.690563 0.800161 0.660533 0.798691 0.913906 0.763408 0.894626
0.559610 0.488038 0.345499 0.303237 0.676086 0.690687 0.217282 0.000000 0.696118 0.889279 0.799235 0.564146 0.481989 0.527679 0.508232 0.587994 0.662461 0.595136 0.495799 0.447877 0.780613 0.872791 0.504026 0.461608 0.546048 0.534095 0.730912 0.940838 0.894285 0.940650 0.868473 0.762829 0.449164 0.451148 0.500690 0.745774 0.476990 0.510443 0.687642 0.732605 0.777461 0.663171 0.554218 0.572234 0.635982 0.699533 0.551796 0.573838 0.869965 0.789725 0.888280 0.740162 0.864076 0.876537 0.353120 0.517367 0.559730 0.494412 0.539994 0.609857 0.387473 0.456179 0.726321 0.586069 0.395239 0.346099 0.319571 0.324032 0.617040 0.658609 0.471466 0.539897 0.869855 0.817964 0.967439 0.810363 0.656516 0.782773 0.649720 0.773746 0.542755 0.515303 0.648572 0.555291 0.391098 0.434580 0.615914 0.599261 0.626691 0.489237 0.546156 0.783158 0.499808 0.648011 0.729425 0.824137 0.494329 0.815649 0.617603 0.548857 0.988723 0.770531 0.821946 0.986374 0.488693 0.621212 0.874955 0.819185 0.730428 0.804821 0.856664 0.707558 0.890161 0.962350 0.811753 0.949099
0.987538 0.929333 0.590120 0.699491 0.820977 0.967862 0.626388 0.696118 0.000000 0.860646 0.845327 0.928216 0.830183 0.961176 0.819458 0.997326 0.934899 0.907740 0.956512 0.939976 0.973120 0.953227 0.726177 0.795247 0.652354 0.521747 0.895917 0.982844 0.996651 0.866746 0.586638 0.876285 0.579823 0.797326 0.650988 0.914239 0.681294 0.760257 0.834418 0.835514 0.929924 0.752919 0.814267 0.851816 0.639166 0.770514 0.808080 0.834277 0.855549 0.779528 0.723524 0.757595 0.779764 0.818829 0.636001 0.661948 0.970492 0.956350 0.833013 0.949607 0.609331 0.645698 0.892482 0.866157 0.643368 0.739578 0.634466 0.560977 0.829856 0.911620 0.753098 0.742255 0.695172 0.770388 0.954286 0.920802 0.774317 0.811639 0.872978 0.872400 0.970577 0.942221 0.820042 0.938379 0.725690 0.771772 0.950245 0.696263 0.825806 0.756471 0.919630 0.902263 0.967637 0.972794 0.829403 0.894027 0.907181 0.883960 0.918205 0.904695 0.991288 0.967468 0.901689 0.971198 0.796468 0.795127 0.819378 0.917216 0.886671 0.933808 0.749383 0.696034 0.956889 0.952888 0.799164 0.951154
0.508154 0.554506 0.760509 0.729894 0.953380 0.891526 0.842127 0.889279 0.860646 0.000000 0.802229 0.619622 0.500259 0.542046 0.783394 0.650047 0.670315 0.580106 0.522090 0.526941 0.792372 0.987251 0.770815 0.591973 0.701906 0.870782 0.691922 0.807937 0.995302 0.914222 0.938993 0.850357 0.790972 0.829118 0.825463 0.951722 0.692458 0.901387 0.695724 0.627075 0.766325 0.954487 0.968945 0.958419 0.642229 0.724130 0.838435 0.918657 0.683679 0.932013 0.762584 0.992951 0.637345 0.538732 0.738227 0.931616 0.572708 0.552174 0.735294 0.666229 0.813438 0.973184 0.767946 0.824788 0.707577 0.688877 0.806935 0.946720 0.531883 0.616686 0.871389 0.960055 0.784703 0.869086 0.950273 0.927930 0.983000 0.939707 0.796187 0.652551 0.595361 0.493640 0.759582 0.616058 0.584381 0.574092 0.829815 0.843889 0.685046 0.596088 0.821711 0.941462 0.988243 0.927718 0.937202 0.957691 0.895023 0.899002 0.786638 0.838832 0.576211 0.961233 0.926815 0.921565 0.963436 0.934281 0.956414 0.763055 0.859496 0.948736 0.789944 0.926906 0.846410 0.996457 0.963183 0.918822
0.416213 0.523849 0.903177 0.915875 0.948949 0.689770 0.753759 0.799235 0.845327 0.802229 0.000000 0.545010 0.711801 0.610122 0.885545 0.855855 0.532733 0.383495 0.538969 0.525144 0.804350 0.902972 0.907690 0.911583 0.986850 0.922754 0.994967 0.975580 0.642988 0.474942 0.727062 0.817050 0.663929 0.498479 0.904651 0.770565 0.922048 0.872969 0.833007 0.838300 0.707963 0.930978 0.711223 0.666964 0.847372 0.810530 0.620619 0.782285 0.756850 0.795043 0.993999 0.909599 0.839320 0.681801 0.674676 0.745800 0.448696 0.533984 0.586263 0.638158 0.822365 0.898170 0.506993 0.651168 0.969198 0.860880 0.705791 0.758988 0.598719 0.612876 0.978810 0.849235 0.911265 0.907144 0.811457 0.875435 0.834405 0.912964 0.730752 0.596156 0.392754 0.436399 0.755047 0.559912 0.783580 0.797687 0.698578 0.789708 0.798401 0.773659 0.735064 0.729380 0.644247 0.706810 0.775460 0.978725 0.637045 0.785061 0.626202 0.723340 0.981503 0.769678 0.788129 0.675989 0.939574 0.915273 0.836944 0.839427 0.889995 0.829416 0.945534 0.822682 0.831531 0.927704 0.947530 0.873317
0.389648 0.398829 0.587961 0.497082 0.821196 0.674707 0.572040 0.564146 0.928216 0.619622 0.545010 0.000000 0.452276 0.404388 0.539144 0.488176 0.600380 0.346552 0.433814 0.353170 0.604503 0.880885 0.640931 0.473116 0.608046 0.821236 0.653361 0.944280 0.771496 0.652679 0.855253 0.856848 0.587278 0.482711 0.654383 0.698408 0.637638 0.546628 0.704015 0.648162 0.804231 0.874428 0.730177 0.743342 0.951350 0.944414 0.654215 0.722897 0.983871 0.941779 0.870824 0.989105 0.735188 0.467580 0.552691 0.766997 0.389110 0.401467 0.601848 0.608033 0.525285 0.650069 0.626836 0.522507 0.553843 0.466947 0.592818 0.585444 0.497039 0.526331 0.802913 0.846922 0.979581 0.846637 0.948147 0.949696 0.894328 0.951074 0.704070 0.500662 0.395248 0.365646 0.699057 0.490066 0.461456 0.417984 0.521164 0.680643 0.610674 0.460026 0.798572 0.875580 0.613311 0.841968 0.837077 0.841643 0.637525 0.816686 0.802086 0.810223 0.860956 0.933021 0.832350 0.855031 0.674884 0.665751 0.865701 0.916639 0.867015 0.812112 0.915790 0.856458 0.903357 0.915560 0.893004 0.888219
0.314432 0.299520 0.391937 0.376526 0.720670 0.827316 0.356506 0.481989 0.830183 0.500259 0.711801 0.452276 0.000000 0.315997 0.330053 0.348430 0.389880 0.372463 0.269814 0.269434 0.665876 0.907968 0.361330 0.319765 0.462886 0.642337 0.624813 0.801700 0.777839 0.782213 0.842572 0.865517 0.394434 0.453414 0.615421 0.881087 0.436369 0.534604 0.596769 0.639729 0.622245 0.897486 0.574466 0.543160 0.913250 0.858040 0.514866 0.523117 0.962736 0.734280 0.935954 0.660833 0.941944 0.727018 0.483497 0.562857 0.330103 0.287664 0.408809 0.390222 0.367251 0.598897 0.467004 0.402914 0.351911 0.372372 0.431930 0.552896 0.381499 0.437973 0.496275 0.628699 0.819901 0.793939 0.895407 0.795162 0.627309 0.750116 0.551333 0.465149 0.361232 0.307088 0.540725 0.437247 0.245899 0.301424 0.533899 0.526760 0.468320 0.379759 0.861090 0.762118 0.717799 0.704098 0.749070 0.967356 0.557335 0.944863 0.850104 0.744388 0.680343 0.859272 0.819396 0.887883 0.628702 0.604172 0.912913 0.960971 0.900246 0.770431 0.925912 0.748900 0.876406 0.930272 0.767189 0.920320
0.317621 0.307878 0.607666 0.520882 0.924470 0.799931 0.502048 0.527679 0.961176 0.542046 0.610122 0.404388 0.315997 0.000000 0.408026 0.340463 0.373371 0.299470 0.256311 0.330459 0.800795 0.820785 0.585057 0.431412 0.680250 0.812008 0.671954 0.941797 0.686961 0.626360 0.894032 0.788484 0.552415 0.482913 0.635617 0.836970 0.714557 0.597700 0.673153 0.641312 0.842901 0.908031 0.575769 0.536879 0.894861 0.779398 0.481454 0.537890 0.929266 0.738268 0.894598 0.670787 0.960899 0.644131 0.542072 0.525831 0.283169 0.310211 0.423477 0.423373 0.513592 0.736958 0.524641 0.457689 0.570280 0.511475 0.532888 0.626361 0.565430 0.564378 0.758156 0.845763 0.996283 0.877740 0.872450 0.980786 0.781804 0.885684 0.515349 0.401047 0.313087 0.288706 0.482916 0.378199 0.378616 0.405707 0.581594 0.548058 0.547375 0.470854 0.848136 0.791374 0.744136 0.750265 0.823272 0.914952 0.622045 0.793414 0.755239 0.672787 0.732468 0.828940 0.717211 0.835764 0.679484 0.679871 0.979818 0.883733 0.838671 0.778419 0.920252 0.755793 0.846919 0.853500 0.796865 0.908801
0.574079 0.492275 0.486791 0.444986 0.751678 0.812704 0.400481 0.508232 0.819458 0.783394 0.885545 0.539144 0.330053 0.408026 0.000000 0.250289 0.513782 0.512625 0.426384 0.484687 0.770128 0.880172 0.349432 0.374977 0.561812 0.730915 0.717658 0.829065 0.603165 0.721715 0.710384 0.655448 0.463407 0.488008 0.672786 0.817073 0.597488 0.580300 0.722471 0.885630 0.773069 0.826941 0.488925 0.521932 0.724461 0.714935 0.524283 0.523264 0.910963 0.783889 0.867537 0.698970 0.856821 0.824909 0.632067 0.634519 0.454567 0.454081 0.527555 0.512298 0.378877 0.502603 0.543474 0.411013 0.430162 0.449698 0.528383 0.534125 0.670491 0.650485 0.567343 0.712097 0.816941 0.705061 0.890119 0.723520 0.661079 0.606979 0.492790 0.508797 0.483451 0.504079 0.560544 0.560572 0.367344 0.420189 0.647810 0.525942 0.582835 0.512118 0.915717 0.857366 0.833351 0.861351 0.747293 0.997717 0.576815 0.875897 0.794605 0.626674 0.846454 0.883701 0.790518 0.907490 0.571362 0.583268 0.894480 0.889483 0.770780 0.837255 0.875039 0.733125 0.772871 0.866032 0.734039 0.917129
0.565891 0.465838 0.554070 0.504073 0.783426 0.824188 0.530325 0.587994 0.997326 0.650047 0.855855 0.488176 0.348430 0.340463 0.250289 0.000000 0.517640 0.481953 0.448220 0.469775 0.754904 0.839891 0.375019 0.347968 0.553447 0.764008 0.692968 0.847397 0.674459 0.723567 0.782261 0.699857 0.529975 0.536415 0.699172 0.861628 0.624537 0.649262 0.719178 0.755754 0.746307 0.931475 0.558807 0.574281 0.928341 0.855085 0.530013 0.589008 0.934337 0.928276 0.997599 0.838926 0.991778 0.659835 0.691679 0.686844 0.410524 0.420307 0.576771 0.518124 0.444986 0.555049 0.622635 0.445677 0.490741 0.466920 0.635589 0.672135 0.648600 0.598073 0.693945 0.752561 0.875285 0.725184 0.934701 0.691197 0.802097 0.683688 0.519734 0.512680 0.462024 0.457681 0.526657 0.505715 0.367260 0.377044 0.678440 0.574424 0.527128 0.475211 0.975088 0.912883 0.824962 0.936135 0.868844 0.986961 0.683368 0.906230 0.886227 0.744265 0.792031 0.939437 0.761693 0.967563 0.623891 0.580982 0.933307 0.993314 0.802956 0.906116 0.944597 0.741745 0.773873 0.900576 0.720729 0.959302
0.343342 0.326994 0.712776 0.699524 0.945194 0.871567 0.569134 0.662461 0.934899 0.670315 0.532733 0.600380 0.389880 0.373371 0.513782 0.517640 0.000000 0.301799 0.326020 0.397361 0.831877 0.896373 0.725996 0.640827 0.766432 0.899661 0.802797 0.783400 0.520056 0.526701 0.963686 0.680823 0.448053 0.458751 0.800604 0.947068 0.739974 0.742115 0.796698 0.727239 0.694256 0.861715 0.409231 0.313649 0.765989 0.616294 0.386682 0.435777 0.737360 0.566913 0.688120 0.526593 0.910051 0.820701 0.534077 0.567173 0.248080 0.296118 0.374611 0.310025 0.612811 0.922521 0.295802 0.354776 0.746941 0.702803 0.605237 0.656861 0.492452 0.502976 0.722968 0.910708 0.994587 0.831982 0.807299 0.919487 0.610805 0.783446 0.464805 0.438139 0.248195 0.297260 0.429451 0.385497 0.493574 0.558858 0.739420 0.498521 0.582140 0.535294 0.829810 0.712398 0.799806 0.816057 0.681784 0.889412 0.680825 0.860232 0.650235 0.703706 0.767847 0.744202 0.656359 0.534007 0.741548 0.748115 0.933807 0.966743 0.917612 0.808949 0.854552 0.743404 0.732405 0.901385 0.695041 0.969037
0.221974 0.236709 0.676708 0.585589 0.931015 0.722024 0.542535 0.595136 0.907740 0.580106 0.383495 0.346552 0.372463 0.299470 0.512625 0.481953 0.301799 0.000000 0.276885 0.258860 0.716807 0.919227 0.739615 0.560797 0.720003 0.900326 0.799532 0.892315 0.585201 0.495667 0.849661 0.757962 0.466896 0.372910 0.710439 0.787849 0.718533 0.624825 0.688876 0.689597 0.666529 0.841403 0.477491 0.446799 0.808182 0.701726 0.414457 0.459278 0.781125 0.636873 0.864078 0.702924 0.846339 0.551582 0.492150 0.559945 0.185778 0.215165 0.320763 0.341079 0.577757 0.903623 0.365065 0.374637 0.665268 0.607605 0.518651 0.600088 0.409249 0.416266 0.778428 0.923480 0.980957 0.797410 0.792156 0.943626 0.733393 0.862901 0.475284 0.350305 0.194354 0.195285 0.472620 0.343344 0.421732 0.456564 0.578436 0.566722 0.518408 0.434062 0.763015 0.724950 0.617043 0.700666 0.721264 0.886232 0.535036 0.794336 0.645503 0.674038 0.811391 0.874840 0.650484 0.643496 0.649626 0.656202 0.985982 0.926730 0.908095 0.728630 0.885450 0.772678 0.835271 0.854250 0.786746 0.941216
0.283569 0.277494 0.545698 0.461467 0.867435 0.713561 0.417621 0.495799 0.956512 0.522090 0.538969 0.433814 0.269814 0.256311 0.426384 0.448220 0.326020 0.276885 0.000000 0.267836 0.775289 0.879373 0.573237 0.456208 0.673986 0.813320 0.655585 0.937034 0.639970 0.624573 0.928999 0.764700 0.482161 0.446329 0.651963 0.869913 0.662131 0.623272 0.631043 0.602048 0.681502 0.889736 0.545159 0.501129 0.857947 0.803838 0.467580 0.497843 0.909053 0.716674 0.932948 0.660841 0.928976 0.694402 0.462999 0.518680 0.269040 0.288633 0.392420 0.381139 0.500488 0.805650 0.432180 0.477149 0.529658 0.483972 0.419330 0.554188 0.470134 0.575041 0.557648 0.785095 0.950774 0.893892 0.895144 0.928248 0.662225 0.856652 0.511477 0.423420 0.278632 0.260587 0.590733 0.397866 0.360638 0.425914 0.596837 0.506091 0.560163 0.511127 0.734048 0.658399 0.627252 0.638949 0.742817 0.890898 0.475284 0.834312 0.688501 0.576676 0.740846 0.740853 0.764410 0.762713 0.625924 0.614275 0.991508 0.982293 0.851067 0.655510 0.912611 0.691330 0.853669 0.912933 0.730276 0.831005
0.240983 0.224190 0.460607 0.377024 0.797693 0.757694 0.415680 0.447877 0.939976 0.526941 0.525144 0.353170 0.269434 0.330459 0.484687 0.469775 0.397361 0.258860 0.267836 0.000000 0.641313 0.939902 0.562894 0.408015 0.526355 0.691249 0.605062 0.866937 0.766128 0.692427 0.987882 0.849906 0.420225 0.412317 0.626183 0.805076 0.531890 0.484420 0.570940 0.615504 0.676937 0.785238 0.552186 0.520523 0.915415 0.865474 0.464934 0.517447 0.965724 0.678610 0.932174 0.693595 0.867039 0.609375 0.395501 0.561599 0.244139 0.225291 0.349502 0.365864 0.456550 0.731532 0.472120 0.425815 0.458075 0.427164 0.404891 0.526331 0.299470 0.370963 0.581719 0.715066 0.945031 0.815968 0.861392 0.965288 0.586279 0.821075 0.559048 0.459567 0.266779 0.226724 0.540301 0.360036 0.299503 0.334521 0.512529 0.580453 0.473379 0.354881 0.751022 0.723667 0.580031 0.618958 0.752675 0.871412 0.484004 0.884826 0.752141 0.698382 0.796909 0.830312 0.755819 0.825393 0.585805 0.595827 0.997828 0.988957 0.872551 0.759308 0.921018 0.786902 0.956143 0.881938 0.793177 0.908609
0.615767 0.605837 0.602158 0.648385 0.865038 0.698787 0.761277 0.780613 0.973120 0.792372 0.804350 0.604503 0.665876 0.800795 0.770128 0.754904 0.831877 0.716807 0.775289 0.641313 0.000000 0.955743 0.772823 0.649587 0.625907 0.725960 0.850883 0.615176 0.961193 0.879476 0.874439 0.999781 0.702846 0.659194 0.637572 0.693842 0.695059 0.621101 0.593569 0.743763 0.798047 0.913691 0.960683 0.900009 0.926596 0.965795 0.825507 0.971678 0.976089 0.980562 0.919667 0.913450 0.717019 0.571898 0.658628 0.990709 0.688136 0.655025 0.682288 0.736455 0.525911 0.573832 0.835853 0.757892 0.572321 0.521857 0.715540 0.753561 0.603368 0.665052 0.916109 0.963313 0.854351 0.994419 0.883456 0.953422 0.862540 0.941681 0.999259 0.817505 0.721926 0.654553 0.747649 0.768425 0.598627 0.524572 0.724245 0.800962 0.653932 0.590183 0.868111 0.718972 0.988888 0.890383 0.908640 0.940739 0.827109 0.930573 0.884097 0.911449 0.780291 0.852172 0.994712 0.872466 0.999013 0.885427 0.904992 0.900402 0.959044 0.916631 0.969079 0.942182 0.905189 0.931508 0.922616 0.971633
0.952825 0.898952 0.979224 0.976809 0.840532 0.912616 0.940217 0.872791 0.953227 0.987251 0.902972 0.880885 0.907968 0.820785 0.880172 0.839891 0.896373 0.919227 0.879373 0.939902 0.955743 0.000000 0.985430 0.949394 0.880027 0.943950 0.993745 0.901159 0.988144 0.990021 0.864433 0.942711 0.939390 0.983074 0.978282 0.908448 0.996228 0.949341 0.851792 0.960812 0.975107 0.965289 0.921587 0.916146 0.993134 0.900797 0.851465 0.924175 0.859540 0.808905 0.807621 0.755455 0.704936 0.870456 0.881710 0.851490 0.911665 0.847250 0.901139 0.815437 0.918848 0.875671 0.851764 0.804971 0.941135 0.986217 0.941750 0.973233 0.899378 0.926364 0.946559 0.912463 0.975553 0.844503 0.942887 0.955637 0.962257 0.946273 0.932498 0.818685 0.888486 0.845775 0.894090 0.858206 0.984731 0.984498 0.959249 0.759756 0.993504 0.986740 0.885045 0.822382 0.975265 0.964467 0.825576 0.931431 0.780536 0.927297 0.834746 0.779057 0.826648 0.736993 0.901679 0.831060 0.924506 0.975449 0.932717 0.869986 0.952457 0.867900 0.838566 0.868894 0.872335 0.903088 0.721836 0.979428
0.726185 0.580344 0.348327 0.301865 0.561369 0.826965 0.419901 0.504026 0.726177 0.770815 0.907690 0.640931 0.361330 0.585057 0.349432 0.375019 0.725996 0.739615 0.573237 0.562894 0.772823 0.985430 0.000000 0.244901 0.358432 0.517196 0.542385 0.849798 0.860883 0.956365 0.582051 0.794346 0.541559 0.666478 0.597085 0.876987 0.462776 0.526903 0.663894 0.780928 0.783357 0.850014 0.648544 0.730858 0.883754 0.951534 0.737668 0.709269 0.838908 0.967862 0.947741 0.873436 0.957374 0.803029 0.708188 0.773303 0.653235 0.614845 0.739410 0.676962 0.414962 0.450929 0.812003 0.611348 0.277334 0.348863 0.479583 0.522523 0.652275 0.718686 0.465945 0.435666 0.722475 0.769783 0.891954 0.705428 0.756207 0.648967 0.646416 0.755277 0.722274 0.705053 0.706270 0.760256 0.324322 0.350880 0.679221 0.669803 0.542612 0.482679 0.894777 0.918602 0.728608 0.815170 0.752705 0.952752 0.709810 0.938597 0.941681 0.811835 0.755609 0.988384 0.954554 0.875347 0.564729 0.534026 0.888386 0.911355 0.844706 0.793056 0.883995 0.792538 0.917115 0.932695 0.760503 0.866291
0.532584 0.453414 0.331717 0.264780 0.616745 0.763177 0.421402 0.461608 0.795247 0.591973 0.911583 0.473116 0.319765 0.431412 0.374977 0.347968 0.640827 0.560797 0.456208 0.408015 0.649587 0.949394 0.244901 0.000000 0.326360 0.516176 0.490992 0.789706 0.842987 0.890102 0.726444 0.826331 0.503232 0.557453 0.516289 0.777141 0.479916 0.451741 0.547271 0.677814 0.751809 0.794220 0.734010 0.752901 0.969532 0.997724 0.688748 0.699379 0.816785 0.974021 0.844932 0.954697 0.803499 0.580276 0.530710 0.667737 0.505629 0.481232 0.637801 0.592918 0.404994 0.517708 0.744400 0.583059 0.280082 0.315145 0.474626 0.522188 0.503060 0.636727 0.550286 0.555502 0.827261 0.803922 0.970686 0.859556 0.779200 0.706611 0.604222 0.610047 0.552083 0.505151 0.636417 0.550480 0.253502 0.252837 0.659920 0.633300 0.411195 0.366848 0.957720 0.980720 0.737854 0.854487 0.797017 0.917282 0.649757 0.900528 0.944817 0.861070 0.728275 0.999814 0.923410 0.890250 0.599767 0.583617 0.962211 0.974220 0.961091 0.863809 0.976144 0.816367 0.973384 0.922142 0.829059 0.882061
0.590377 0.527608 0.306856 0.337939 0.591629 0.901562 0.478231 0.546048 0.652354 0.701906 0.986850 0.608046 0.462886 0.680250 0.561812 0.553447 0.766432 0.720003 0.673986 0.526355 0.625907 0.880027 0.358432 0.326360 0.000000 0.295613 0.523678 0.741770 0.926262 0.882701 0.572042 0.913319 0.466428 0.598492 0.461512 0.748517 0.341005 0.426123 0.574385 0.616578 0.696267 0.782667 0.811424 0.814945 0.946385 0.993782 0.739873 0.761822 0.803178 0.978311 0.888039 0.990756 0.772477 0.596236 0.504589 0.734709 0.627459 0.587173 0.668426 0.652748 0.379011 0.452182 0.893549 0.685501 0.250932 0.311335 0.506632 0.527334 0.417060 0.481673 0.700277 0.549873 0.731284 0.721720 0.977458 0.902664 0.847670 0.770328 0.770374 0.820954 0.719892 0.633363 0.668350 0.642611 0.298002 0.268408 0.751686 0.716427 0.415202 0.339222 0.946909 0.787324 0.828926 0.988439 0.803232 0.917059 0.811365 0.981692 0.885367 0.885013 0.666487 0.866356 0.931598 0.836481 0.673642 0.677690 0.873914 0.949291 0.906646 0.922772 0.990725 0.965638 0.880543 0.834207 0.864838 0.917954
0.732610 0.679578 0.350547 0.462001 0.617560 0.879407 0.492848 0.534095 0.521747 0.870782 0.922754 0.821236 0.642337 0.812008 0.730915 0.764008 0.899661 0.900326 0.813320 0.691249 0.725960 0.943950 0.517196 0.516176 0.295613 0.000000 0.653838 0.758613 0.820612 0.773010 0.524854 0.900526 0.535312 0.673673 0.541799 0.697330 0.432878 0.534228 0.580066 0.632433 0.862583 0.766350 0.834068 0.857502 0.846843 0.915316 0.750937 0.831060 0.870977 0.959802 0.974155 0.890091 0.964811 0.812849 0.502246 0.759262 0.778685 0.734654 0.716200 0.744817 0.441358 0.500919 0.982980 0.879337 0.343773 0.390337 0.497844 0.517101 0.532421 0.601654 0.763253 0.592946 0.712132 0.802692 0.962746 0.967916 0.913292 0.931744 0.908286 0.982613 0.896518 0.831820 0.709583 0.823074 0.439312 0.399950 0.843096 0.818224 0.544745 0.496643 0.995433 0.761377 0.917497 0.986282 0.850421 0.914627 0.907867 0.992667 0.887181 0.891883 0.803648 0.918557 0.826578 0.773326 0.752366 0.719263 0.894987 0.928483 0.872015 0.862391 0.902037 0.983563 0.845558 0.878730 0.904177 0.891716
0.742132 0.690535 0.629379 0.521607 0.694331 0.907813 0.735938 0.730912 0.895917 0.691922 0.994967 0.653361 0.624813 0.671954 0.717658 0.692968 0.802797 0.799532 0.655585 0.605062 0.850883 0.993745 0.542385 0.490992 0.523678 0.653838 0.000000 0.818499 0.924999 0.933516 0.937705 0.964553 0.846967 0.899961 0.735366 0.822067 0.736753 0.598682 0.673006 0.785429 0.925588 0.960594 0.972473 0.985326 0.762322 0.781480 0.858711 0.959854 0.694793 0.890357 0.777041 0.963759 0.751717 0.714138 0.778022 0.891795 0.754389 0.753178 0.896573 0.768920 0.752141 0.780118 0.921338 0.865794 0.565095 0.584136 0.733318 0.749640 0.700664 0.744580 0.789212 0.787364 0.884196 0.969508 0.993509 0.904187 0.811594 0.976676 0.740609 0.885368 0.826219 0.730733 0.880447 0.861064 0.600870 0.573263 0.779963 0.797562 0.767354 0.594492 0.904920 0.920530 0.791947 0.839714 0.926874 0.950474 0.885020 0.894849 0.967805 0.963419 0.784826 0.994465 0.999921 0.920028 0.798182 0.782669 0.970959 0.971772 0.924890 0.867964 0.929837 0.934138 0.885274 0.824478 0.966658 0.822632
0.793554 0.807202 0.780372 0.848951 0.924182 0.892338 0.872910 0.940838 0.982844 0.807937 0.975580 0.944280 0.801700 0.941797 0.829065 0.847397 0.783400 0.892315 0.937034 0.866937 0.615176 0.901159 0.849798 0.789706 0.741770 0.758613 0.818499 0.000000 0.943633 0.962344 0.752201 0.975461 0.809876 0.939715 0.928384 0.729715 0.799988 0.888340 0.836102 0.968749 0.902316 0.823085 0.867308 0.840121 0.949024 0.960341 0.888923 0.933241 0.914004 0.983849 0.997100 0.997051 0.885569 0.789968 0.857414 0.901710 0.815703 0.815781 0.831793 0.770890 0.836040 0.908684 0.945005 0.924419 0.793038 0.795497 0.925887 0.997628 0.744816 0.704517 0.820466 0.939836 0.985678 0.921390 0.990020 0.926547 0.828813 0.953539 0.964565 0.973351 0.876553 0.852139 0.859403 0.961768 0.781933 0.756070 0.921443 0.908182 0.863033 0.716348 0.849450 0.824306 0.855488 0.838506 0.874844 0.748004 0.987849 0.829798 0.877074 0.788878 0.705481 0.904426 0.932393 0.894857 0.988245 0.895361 0.916364 0.961326 0.879551 0.810962 0.851613 0.874322 0.997546 0.942942 0.919382 0.903527
0.760668 0.707713 0.993293 0.913767 0.974878 0.796594 0.815640 0.894285 0.996651 0.995302 0.642988 0.771496 0.777839 0.686961 0.603165 0.674459 0.520056 0.585201 0.639970 0.766128 0.961193 0.988144 0.860883 0.842987 0.926262 0.820612 0.924999 0.943633 0.000000 0.319530 0.908262 0.433143 0.696827 0.617157 0.974684 0.989724 0.993547 0.971882 0.963551 0.970548 0.916519 0.944421 0.492261 0.482948 0.647286 0.608552 0.650483 0.586938 0.753758 0.750245 0.769829 0.772119 0.820390 0.951434 0.872047 0.822264 0.567141 0.696499 0.659768 0.698262 0.817132 0.953950 0.473822 0.524489 0.990219 0.952346 0.780547 0.796787 0.927515 0.980494 0.842550 0.978132 0.991293 0.769159 0.952194 0.993142 0.816976 0.693660 0.560322 0.539895 0.525073 0.697982 0.695305 0.689013 0.828741 0.891663 0.790830 0.749184 0.918489 0.949457 0.962122 0.827095 0.916255 0.980171 0.629101 0.825719 0.654300 0.946534 0.711102 0.668372 0.966598 0.838682 0.739684 0.546139 0.755135 0.758251 0.933797 0.925391 0.826010 0.871492 0.833356 0.728216 0.680289 0.899230 0.802320 0.967899
0.682286 0.630727 0.978081 0.950291 0.968212 0.742430 0.908894 0.940650 0.866746 0.914222 0.474942 0.652679 0.782213 0.626360 0.721715 0.723567 0.526701 0.495667 0.624573 0.692427 0.879476 0.990021 0.956365 0.890102 0.882701 0.773010 0.933516 0.962344 0.319530 0.000000 0.921727 0.566851 0.763472 0.626769 0.950001 0.894644 0.934083 0.997239 0.994134 0.930505 0.865969 0.960630 0.576134 0.555652 0.740767 0.703434 0.693550 0.688192 0.736412 0.769089 0.827236 0.840578 0.953996 0.792069 0.932037 0.870611 0.528941 0.649164 0.644633 0.606221 0.856951 0.934645 0.488829 0.514624 0.943751 0.975038 0.799123 0.836776 0.874143 0.909135 0.950307 0.889648 0.962823 0.779926 0.937001 0.998041 0.935958 0.749435 0.580329 0.478658 0.483299 0.617740 0.678802 0.661596 0.871779 0.919003 0.738995 0.703197 0.928371 0.938343 0.954062 0.822810 0.893268 0.951365 0.703890 0.834904 0.710217 0.922484 0.699668 0.756222 0.924756 0.951866 0.709523 0.580198 0.875573 0.728744 0.843567 0.866145 0.887388 0.896352 0.849231 0.841589 0.769279 0.913596 0.876273 0.920332
0.895670 0.979641 0.641641 0.750199 0.714055 0.890601 0.731406 0.868473 0.586638 0.938993 0.727062 0.855253 0.842572 0.894032 0.710384 0.782261 0.963686 0.849661 0.928999 0.987882 0.874439 0.864433 0.582051 0.726444 0.572042 0.524854 0.937705 0.752201 0.908262 0.921727 0.000000 0.624568 0.647044 0.865091 0.754897 0.955674 0.650523 0.847034 0.706658 0.914645 0.913281 0.877768 0.765050 0.765324 0.784652 0.833441 0.913533 0.919072 0.930734 0.947007 0.871392 0.900814 0.816138 0.914192 0.861212 0.932197 0.996287 0.988458 0.921221 0.905310 0.642932 0.645897 0.991718 0.822828 0.642096 0.748849 0.814900 0.745560 0.869891 0.946844 0.817722 0.765278 0.664998 0.733927 0.807432 0.832986 0.833582 0.600806 0.865068 0.995021 0.964404 0.899637 0.829554 0.983495 0.739915 0.746744 0.907002 0.929676 0.782553 0.816504 0.741292 0.700166 0.776563 0.728829 0.880578 0.883063 0.985442 0.824176 0.815862 0.877501 0.943749 0.861803 0.859163 0.874164 0.859998 0.850394 0.808235 0.996109 0.880891 0.948062 0.951242 0.996851 0.996050 0.944919 0.903394 0.970619
0.928307 0.836733 0.900435 0.816437 0.925108 0.914547 0.746335 0.762829 0.876285 0.850357 0.817050 0.856848 0.865517 0.788484 0.655448 0.699857 0.680823 0.757962 0.764700 0.849906 0.999781 0.942711 0.794346 0.826331 0.913319 0.900526 0.964553 0.975461 0.433143 0.566851 0.624568 0.000000 0.672567 0.632599 0.893097 0.875557 0.836178 0.926210 0.870473 0.941565 0.964075 0.932559 0.542395 0.490475 0.646023 0.647567 0.692967 0.730998 0.815285 0.821211 0.849799 0.845617 0.829641 0.983325 0.753115 0.759242 0.712920 0.815000 0.771605 0.784546 0.766458 0.892374 0.745903 0.654260 0.914752 0.871600 0.763116 0.733014 0.973884 0.963168 0.877144 0.916434 0.873056 0.720092 0.986314 0.968603 0.806280 0.695011 0.599955 0.727934 0.648781 0.811584 0.705210 0.702053 0.820393 0.863255 0.944600 0.759413 0.843966 0.866159 0.909188 0.999991 0.956369 0.955913 0.761719 0.996282 0.863075 0.915600 0.751986 0.673957 0.869839 0.907255 0.713754 0.764532 0.768855 0.758553 0.956058 0.967717 0.718669 0.866666 0.852279 0.823167 0.814592 0.968841 0.794088 0.968253
0.418047 0.389777 0.386838 0.442040 0.802705 0.786840 0.313410 0.449164 0.579823 0.790972 0.663929 0.587278 0.394434 0.552415 0.463407 0.529975 0.448053 0.466896 0.482161 0.420225 0.702846 0.939390 0.541559 0.503232 0.466428 0.535312 0.846967 0.809876 0.696827 0.763472 0.647044 0.672567 0.000000 0.333877 0.492420 0.832633 0.448217 0.530929 0.605388 0.738609 0.627446 0.678018 0.413735 0.417464 0.568001 0.600318 0.426252 0.487520 0.799125 0.651075 0.773915 0.680855 0.951737 0.797791 0.383515 0.492135 0.410756 0.385338 0.364735 0.470830 0.314312 0.598213 0.454490 0.436835 0.403282 0.425849 0.335890 0.371630 0.426680 0.495524 0.581104 0.697199 0.761117 0.659480 0.829737 0.807039 0.569009 0.724261 0.513115 0.611496 0.425447 0.449999 0.508856 0.443451 0.325185 0.360578 0.721607 0.549783 0.449885 0.415816 0.853279 0.942431 0.751424 0.823379 0.719721 0.985127 0.625533 0.909410 0.799094 0.783237 0.809823 0.864842 0.911434 0.785487 0.582978 0.600272 0.874963 0.950595 0.893755 0.805578 0.899085 0.752516 0.792964 0.892277 0.732563 0.992973
0.370722 0.390562 0.507094 0.520954 0.800708 0.713120 0.371488 0.451148 0.797326 0.829118 0.498479 0.482711 0.453414 0.482913 0.488008 0.536415 0.458751 0.372910 0.446329 0.412317 0.659194 0.983074 0.666478 0.557453 0.598492 0.673673 0.899961 0.939715 0.617157 0.626769 0.865091 0.632599 0.333877 0.000000 0.513027 0.767507 0.537866 0.567550 0.672983 0.752082 0.582701 0.753726 0.528932 0.460296 0.579436 0.595128 0.418285 0.511975 0.746494 0.686487 0.805500 0.743892 0.994531 0.696081 0.371983 0.475328 0.363074 0.344441 0.354568 0.421741 0.342974 0.596448 0.413259 0.366625 0.512174 0.482972 0.402090 0.438844 0.448348 0.499761 0.750700 0.851135 0.834980 0.625824 0.870454 0.953171 0.790852 0.755863 0.661699 0.576680 0.328758 0.364087 0.432789 0.352826 0.373492 0.416906 0.567008 0.545510 0.469013 0.517307 0.909412 0.991987 0.793404 0.859347 0.815981 0.957035 0.516096 0.948464 0.723803 0.795506 0.891271 0.871020 0.893820 0.764727 0.604496 0.651791 0.929338 0.924520 0.876299 0.783528 0.891564 0.776140 0.862295 0.981638 0.806580 0.985960
0.592378 0.580052 0.418423 0.462892 0.845807 0.849312 0.468640 0.500690 0.650988 0.825463 0.904651 0.654383 0.615421 0.635617 0.672786 0.699172 0.800604 0.710439 0.651963 0.626183 0.637572 0.978282 0.597085 0.516289 0.461512 0.541799 0.735366 0.928384 0.974684 0.950001 0.754897 0.893097 0.492420 0.513027 0.000000 0.866138 0.566388 0.457036 0.471591 0.688162 0.869721 0.798715 0.823747 0.774225 0.744731 0.834484 0.675213 0.798484 0.996614 0.922608 0.963428 0.927006 0.850016 0.703243 0.473193 0.567019 0.664604 0.633944 0.555007 0.654511 0.388630 0.501109 0.773717 0.662458 0.386810 0.401072 0.394400 0.468469 0.599911 0.725532 0.742724 0.760178 0.782476 0.896543 0.938650 0.949220 0.863024 0.864637 0.753195 0.760073 0.705059 0.640959 0.572599 0.653869 0.422952 0.404896 0.842798 0.676226 0.522951 0.514616 0.907088 0.767339 0.890819 0.949775 0.882786 0.915254 0.686605 0.812467 0.990212 0.998357 0.732472 0.908718 0.837272 0.920313 0.723917 0.818201 0.819191 0.922997 0.946427 0.930363 0.989773 0.834510 0.903436 0.908915 0.825882 0.970935
0.780107 0.855727 0.791842 0.761939 0.843935 0.602327 0.788530 0.745774 0.914239 0.951722 0.770565 0.698408 0.881087 0.836970 0.817073 0.861628 0.947068 0.787849 0.869913 0.805076 0.693842 0.908448 0.876987 0.777141 0.748517 0.697330 0.822067 0.729715 0.989724 0.894644 0.955674 0.875557 0.832633 0.767507 0.866138 0.000000 0.859190 0.743732 0.885048 0.927350 0.953537 0.857684 0.983563 0.932942 0.966492 0.942116 0.935955 0.840384 0.868044 0.830129 0.794126 0.812422 0.705837 0.628723 0.756252 0.952799 0.827926 0.868680 0.928043 0.885409 0.821469 0.858785 0.901515 0.997065 0.733993 0.704448 0.830668 0.819233 0.809582 0.744962 0.948923 0.951049 0.899353 0.969225 0.921141 0.980974 0.900435 0.914392 0.943240 0.776060 0.845974 0.829922 0.902228 0.917161 0.774970 0.727563 0.926212 0.889310 0.846958 0.818904 0.867834 0.890481 0.935140 0.990441 0.950794 0.981066 0.894417 0.958587 0.989268 0.977709 0.980450 0.963070 0.948414 0.810814 0.872068 0.900515 0.976130 0.875395 0.970703 0.908908 0.987228 0.861307 0.832177 0.751448 0.781161 0.797819
0.574680 0.566618 0.356978 0.422845 0.661440 0.915199 0.410521 0.476990 0.681294 0.692458 0.922048 0.637638 0.436369 0.714557 0.597488 0.624537 0.739974 0.718533 0.662131 0.531890 0.695059 0.996228 0.462776 0.479916 0.341005 0.432878 0.736753 0.799988 0.993547 0.934083 0.650523 0.836178 0.448217 0.537866 0.566388 0.859190 0.000000 0.514577 0.642789 0.703968 0.684533 0.884230 0.782874 0.719279 0.849929 0.887918 0.686035 0.679653 0.913506 0.867868 0.996377 0.853154 0.962349 0.825170 0.426557 0.740134 0.624478 0.550179 0.574378 0.649823 0.374077 0.536875 0.748164 0.602372 0.361738 0.404885 0.483341 0.565525 0.440735 0.510382 0.623998 0.566212 0.799545 0.682503 0.936860 0.897569 0.764691 0.799336 0.806007 0.821429 0.637581 0.570736 0.651663 0.564348 0.374657 0.390869 0.743127 0.647683 0.561338 0.487220 0.981000 0.950394 0.836082 0.852443 0.802955 0.968617 0.663248 0.860494 0.991544 0.977302 0.758122 0.998644 0.962752 0.924239 0.681321 0.702379 0.948837 0.914553 0.885179 0.798081 0.971739 0.887609 0.989493 0.946703 0.875755 0.879475
0.533473 0.497534 0.387747 0.387911 0.779466 0.858693 0.487921 0.510443 0.760257 0.901387 0.872969 0.546628 0.534604 0.597700 0.580300 0.649262 0.742115 0.624825 0.623272 0.484420 0.621101 0.949341 0.526903 0.451741 0.426123 0.534228 0.598682 0.888340 0.971882 0.997239 0.847034 0.926210 0.530929 0.567550 0.457036 0.743732 0.514577 0.000000 0.534093 0.628023 0.867102 0.647963 0.790782 0.794132 0.825867 0.872608 0.653801 0.738812 0.973519 0.800955 0.934583 0.837792 0.830820 0.681946 0.474972 0.671511 0.596777 0.530146 0.581617 0.630463 0.422836 0.531463 0.771096 0.591860 0.391643 0.424600 0.496325 0.500440 0.500141 0.548166 0.708031 0.690475 0.772390 0.769473 0.951192 0.977405 0.676901 0.922341 0.778450 0.754583 0.636536 0.584267 0.734147 0.644134 0.417676 0.397121 0.675520 0.699317 0.546181 0.431765 0.892830 0.909580 0.743183 0.800578 0.998128 0.892930 0.708105 0.827101 0.848700 0.867194 0.838911 0.969880 0.921438 0.986524 0.619516 0.700695 0.805629 0.991145 0.954536 0.850622 0.878335 0.880400 0.843147 0.945045 0.893870 0.960775
