0.000000 0.447461 0.987480 0.824026 0.918030 0.875990 0.852821 0.695429 0.895708 0.754011 0.567308 0.496573 0.794952 0.728417 0.879331 0.733355 0.547523 0.603919 0.609191 0.593067 0.983503 0.847577 0.994650 0.976591 0.947255 0.922225 0.887892 0.927160 0.701983 0.694311 0.813633 0.854459 0.578302 0.640616 0.992649 0.988128 0.792914 0.756559 0.985528 0.929085 0.777832 0.940461 0.832600 0.700758 0.806059 0.785768 0.830608 0.809752 0.826620 0.916940 0.781115 0.926864 0.916018 0.948892 0.832556 0.786287 0.432040 0.440647 0.608966 0.724892 0.628423 0.726925 0.474380 0.497736 0.829177 0.994221 0.855342 0.809938 0.487990 0.653187 0.672578 0.636465 0.762658 0.790236 0.930362 0.878248 0.813543 0.775950 0.801878 0.728849 0.576932 0.629375 0.892750 0.747152 0.947663 0.990768 0.904487 0.868987 0.918924 0.969321 0.805196 0.883304 0.907266 0.912675 0.956960 0.966213 0.710892 0.901086 0.547502 0.762812 0.790829 0.890804 0.674750 0.570143 0.808701 0.882443 0.826625 0.942088 0.918790 0.874837 0.754701 0.910510 0.866068 0.954750 0.908798 0.988155
0.447461 0.000000 0.795745 0.928074 0.955387 0.903329 0.999318 0.578116 0.963457 0.689392 0.656622 0.352888 0.735327 0.540286 0.829909 0.569388 0.450696 0.421628 0.606465 0.468274 0.940786 0.912207 0.965667 0.911499 0.961014 0.773147 0.900550 0.856805 0.575990 0.525080 0.906998 0.837096 0.671211 0.658315 0.904276 0.968813 0.811904 0.751613 0.868915 0.926300 0.785679 0.740335 0.873881 0.677846 0.844241 0.801121 0.977988 0.866277 0.890889 0.973204 0.898434 0.980295 0.911221 0.796273 0.862770 0.986132 0.325535 0.294802 0.871576 0.812080 0.736127 0.598516 0.536061 0.353620 0.719426 0.975283 0.899882 0.953273 0.553241 0.664457 0.514819 0.595926 0.769841 0.820220 0.967437 0.909075 0.695898 0.651420 0.807916 0.685759 0.493222 0.589671 0.777493 0.663679 0.800887 0.989061 0.932380 0.887411 0.787191 0.899495 0.782558 0.784657 0.875240 0.877639 0.913053 0.870834 0.764335 0.812535 0.532111 0.645896 0.729540 0.987785 0.723916 0.557701 0.833304 0.864558 0.842685 0.956102 0.887714 0.853231 0.712300 0.804647 0.836180 0.792698 0.922196 0.934482
0.987480 0.795745 0.000000 0.441633 0.800915 0.930001 0.333753 0.788058 0.684033 0.777527 0.802272 0.798988 0.782638 0.900651 0.753672 0.893224 0.924549 0.958413 0.676022 0.997903 0.809007 0.756051 0.516193 0.709409 0.469304 0.466325 0.857984 0.890767 0.994258 0.882435 0.487177 0.720599 0.598221 0.605959 0.595044 0.959769 0.840125 0.941379 0.601017 0.881245 0.922714 0.934912 0.481726 0.607074 0.769911 0.844169 0.607759 0.612818 0.774414 0.983085 0.918011 0.982354 0.893314 0.927097 0.832865 0.997765 0.905861 0.810071 0.669141 0.939158 0.711069 0.739085 0.826800 0.828675 0.393671 0.581135 0.340300 0.508406 0.971888 0.984699 0.902556 0.886334 0.849323 0.931661 0.715199 0.861063 0.736108 0.943544 0.798987 0.878942 0.972324 0.835618 0.974224 0.958706 0.515826 0.644247 0.920354 0.975830 0.824858 0.931478 0.875455 0.846946 0.833386 0.746906 0.959965 0.838018 0.981038 0.836742 0.984001 0.826907 0.837273 0.791403 0.909985 0.958431 0.802504 0.594111 0.972397 0.942316 0.987902 0.885646 0.911600 0.981543 0.926056 0.959608 0.861883 0.835169
0.824026 0.928074 0.441633 0.000000 0.853990 0.825529 0.332373 0.478063 0.764474 0.516515 0.798140 0.879113 0.791202 0.850196 0.742895 0.619248 0.743659 0.760921 0.532951 0.739228 0.793409 0.795256 0.436228 0.500595 0.641376 0.635514 0.940034 0.986767 0.877908 0.688603 0.465243 0.612332 0.541577 0.560938 0.718205 0.983768 0.642181 0.795720 0.641434 0.864975 0.875001 0.884879 0.418870 0.533023 0.926875 0.927062 0.709646 0.600264 0.711973 0.868596 0.905388 0.847649 0.873619 0.823410 0.916850 0.909715 0.822669 0.933095 0.749183 0.884303 0.765547 0.936852 0.629834 0.865305 0.647996 0.650977 0.479582 0.635020 0.859898 0.886642 0.635400 0.615979 0.624302 0.748078 0.749517 0.851129 0.613797 0.899605 0.692449 0.800796 0.682723 0.616760 0.972031 0.794493 0.664074 0.620705 0.947128 0.968104 0.989678 0.981431 0.681988 0.620624 0.712823 0.696895 0.896561 0.805293 0.871859 0.969325 0.846341 0.602653 0.907333 0.586752 0.678353 0.679345 0.757293 0.592944 0.947042 0.866811 0.935018 0.791780 0.904444 0.799013 0.850842 0.952670 0.974706 0.901691
0.918030 0.955387 0.800915 0.853990 0.000000 0.882444 0.887073 0.944744 0.829610 0.979307 0.907414 0.950645 0.736921 0.998464 0.742966 0.997682 0.998597 0.934503 0.888662 0.967992 0.842325 0.804209 0.882987 0.960370 0.761114 0.854079 0.855363 0.992239 0.909981 0.966515 0.923265 0.897773 0.826993 0.825204 0.914165 0.897417 0.972177 0.966195 0.848934 0.861372 0.890875 0.960297 0.842773 0.747661 0.693426 0.799882 0.908827 0.789960 0.981603 0.891598 0.908477 0.970212 0.946040 0.892882 0.948943 0.908121 0.985033 0.948780 0.860490 0.882981 0.759571 0.939872 0.986144 0.930823 0.699811 0.699798 0.787829 0.678095 0.871553 0.959512 0.997941 0.963471 0.869820 0.712292 0.925236 0.888952 0.869165 0.977838 0.995667 0.945582 0.976541 0.994201 0.974736 0.959703 0.878152 0.813555 0.845207 0.935338 0.866621 0.867101 0.934277 0.995909 0.900656 0.874591 0.930743 0.914369 0.969544 0.979522 0.907826 0.893182 0.971485 0.962491 0.997421 0.901685 0.777743 0.840353 0.957902 0.949474 0.948748 0.936351 0.867069 0.891376 0.951323 0.949774 0.890517 0.672066
0.875990 0.903329 0.930001 0.825529 0.882444 0.000000 0.841630 0.717731 0.894514 0.801276 0.882059 0.836539 0.805454 0.948407 0.939669 0.771156 0.972503 0.950352 0.910754 0.920451 0.835213 0.748788 0.911318 0.946434 0.898075 0.825234 0.987208 0.827679 0.947069 0.908449 0.820310 0.909226 0.865942 0.822212 0.740809 0.891307 0.848246 0.822163 0.851374 0.971517 0.996514 0.943020 0.944955 0.828523 0.874828 0.810823 0.919399 0.921345 0.934346 0.964489 0.938817 0.951507 0.979380 0.824898 0.990743 0.922752 0.943598 0.929514 0.817617 0.931591 0.734217 0.825591 0.869633 0.871239 0.988971 0.770229 0.835920 0.720414 0.962384 0.946534 0.872522 0.986440 0.996325 0.888219 0.941206 0.982405 0.937347 0.945646 0.983420 0.927360 0.831750 0.805760 0.939488 0.980549 0.973265 0.964003 0.978506 0.886421 0.967417 0.947652 0.753358 0.795933 0.711140 0.836183 0.998519 0.916656 0.867130 0.868869 0.815823 0.913131 0.715855 0.766208 0.824215 0.916816 0.956705 0.791078 0.998581 0.971514 0.954160 0.969984 0.847325 0.793750 0.955029 0.899375 0.981316 0.820813
0.852821 0.999318 0.333753 0.332373 0.887073 0.841630 0.000000 0.524626 0.671557 0.542885 0.720206 0.997856 0.778541 0.863410 0.719604 0.698752 0.739664 0.769683 0.472542 0.776896 0.809132 0.794614 0.423555 0.557702 0.556196 0.597224 0.984781 0.978551 0.862483 0.722706 0.417291 0.552614 0.509379 0.486732 0.628380 0.991157 0.778246 0.948238 0.632755 0.954127 0.936942 0.942441 0.410047 0.562144 0.827891 0.876836 0.622004 0.593357 0.699783 0.876156 0.885765 0.858808 0.907877 0.852216 0.901963 0.884676 0.855168 0.991897 0.715753 0.867161 0.726174 0.819316 0.605728 0.934635 0.588067 0.675683 0.383328 0.578492 0.862186 0.940798 0.696106 0.676470 0.616028 0.741186 0.793490 0.824595 0.667783 0.838596 0.673769 0.751937 0.724925 0.631021 0.962600 0.892105 0.560038 0.629271 0.946412 0.959112 0.988207 0.971348 0.687644 0.633290 0.713261 0.670225 0.876414 0.809833 0.886896 0.878875 0.814689 0.623127 0.983391 0.584764 0.766537 0.731520 0.788281 0.599950 0.998090 0.843804 0.951018 0.834979 0.842305 0.859260 0.812259 0.996724 0.906709 0.871905
0.695429 0.578116 0.788058 0.478063 0.944744 0.717731 0.524626 0.000000 0.805592 0.407836 0.766952 0.542078 0.729520 0.563816 0.809068 0.455300 0.578774 0.565625 0.509097 0.548086 0.834902 0.781531 0.608494 0.617235 0.851562 0.896015 0.872134 0.885779 0.677044 0.545451 0.619702 0.631604 0.584871 0.558611 0.808349 0.954408 0.727047 0.881303 0.880488 0.981886 0.894405 0.742228 0.562201 0.523078 0.876875 0.825373 0.835778 0.707231 0.818423 0.833838 0.975585 0.901830 0.930963 0.947948 0.910414 0.849570 0.552999 0.597036 0.795318 0.949289 0.732035 0.735019 0.544685 0.512438 0.934974 0.799125 0.699724 0.730615 0.721129 0.738321 0.505820 0.566216 0.547227 0.699371 0.894795 0.901179 0.598479 0.715885 0.716253 0.757103 0.509980 0.516213 0.832507 0.680197 0.990786 0.824022 0.909462 0.988813 0.782406 0.936615 0.506351 0.499541 0.596051 0.678561 0.945756 0.731817 0.722862 0.901413 0.573337 0.472129 0.643347 0.575599 0.626138 0.464559 0.760551 0.656729 0.927798 0.789313 0.845424 0.742927 0.753878 0.730674 0.716202 0.852520 0.997557 0.873879
0.895708 0.963457 0.684033 0.764474 0.829610 0.894514 0.671557 0.805592 0.000000 0.702573 0.832849 0.979182 0.832344 0.983495 0.763902 0.859858 0.810711 0.895768 0.798592 0.892693 0.882566 0.806393 0.811429 0.961314 0.807689 0.857459 0.915093 0.874368 0.862187 0.950411 0.806682 0.899378 0.875663 0.808888 0.754119 0.903772 0.911786 0.936504 0.824187 0.852068 0.812425 0.970868 0.679030 0.748532 0.681555 0.791786 0.660447 0.699972 0.985004 0.889823 0.901000 0.883623 0.858028 0.993449 0.977668 0.969074 0.914362 0.986121 0.642850 0.837756 0.692832 0.980276 0.864041 0.913985 0.749377 0.758984 0.637825 0.726146 0.793787 0.989137 0.849984 0.820954 0.955497 0.974010 0.979592 0.854557 0.757400 0.892981 0.860083 0.945469 0.857004 0.955423 0.930326 0.955619 0.916365 0.984871 0.794884 0.702607 0.892208 0.958770 0.665410 0.738548 0.713649 0.733860 0.905143 0.864941 0.887169 0.965848 0.757968 0.704465 0.984425 0.972652 0.809866 0.883748 0.755655 0.738646 0.908228 0.803391 0.957069 0.869416 0.764130 0.870963 0.965648 0.953806 0.767851 0.730191
0.754011 0.689392 0.777527 0.516515 0.979307 0.801276 0.542885 0.407836 0.702573 0.000000 0.762317 0.730647 0.882349 0.718777 0.804918 0.609472 0.647826 0.638422 0.543056 0.577518 0.851796 0.898907 0.625095 0.721300 0.883658 0.861406 0.862597 0.953322 0.793293 0.637919 0.597576 0.627616 0.685961 0.610435 0.769695 0.979300 0.674037 0.889634 0.917773 0.979727 0.934197 0.784307 0.553303 0.610251 0.862756 0.850451 0.805630 0.697802 0.906710 0.877275 0.978383 0.902355 0.963886 0.929146 0.910208 0.775546 0.626855 0.753281 0.841611 0.940771 0.823138 0.872026 0.641510 0.653039 0.980621 0.884912 0.730487 0.819342 0.775366 0.966031 0.484448 0.552609 0.618715 0.701204 0.904681 0.802665 0.626006 0.697379 0.741879 0.799857 0.569324 0.639348 0.896563 0.817994 0.984868 0.940562 0.902922 0.916535 0.714194 0.856445 0.473154 0.509317 0.584572 0.623725 0.963962 0.838530 0.755406 0.932428 0.608608 0.531601 0.833332 0.699037 0.631976 0.561721 0.890538 0.693962 0.921822 0.711023 0.856987 0.892550 0.848937 0.725327 0.794963 0.928496 0.925461 0.855032
0.567308 0.656622 0.802272 0.798140 0.907414 0.882059 0.720206 0.766952 0.832849 0.762317 0.000000 0.617819 0.643871 0.751603 0.798380 0.729688 0.549534 0.566878 0.561912 0.529928 0.869580 0.895464 0.947243 0.911156 0.951324 0.949085 0.926747 0.931921 0.653756 0.597312 0.782865 0.729762 0.641476 0.553071 0.977894 0.983957 0.992720 0.941670 0.927523 0.908736 0.885152 0.974141 0.807713 0.718146 0.912746 0.904626 0.761047 0.785294 0.875038 0.965019 0.909984 0.845290 0.917037 0.739503 0.966115 0.871050 0.590740 0.648711 0.733671 0.851508 0.649832 0.907255 0.544789 0.627718 0.983210 0.944071 0.741848 0.732260 0.593152 0.716225 0.743441 0.766303 0.681652 0.775763 0.950392 0.729927 0.844118 0.795884 0.674217 0.557035 0.604594 0.577877 0.920780 0.869226 0.955757 0.944610 0.778640 0.886656 0.990420 0.874869 0.896981 0.954972 0.945090 0.931408 0.877672 0.916958 0.802159 0.999753 0.649678 0.798344 0.928320 0.880864 0.712209 0.710094 0.790669 0.839231 0.918113 0.868151 0.961503 0.868142 0.909017 0.979049 0.993524 0.930911 0.855284 0.832123
0.496573 0.352888 0.798988 0.879113 0.950645 0.836539 0.997856 0.542078 0.979182 0.730647 0.617819 0.000000 0.654928 0.492878 0.814247 0.513499 0.475800 0.461392 0.635233 0.498357 0.928461 0.934050 0.991794 0.887480 0.901201 0.751337 0.889227 0.856043 0.563154 0.514464 0.975021 0.850910 0.691807 0.708103 0.819429 0.995959 0.833136 0.863732 0.829996 0.926949 0.773244 0.791886 0.931861 0.717508 0.987995 0.882920 0.991167 0.889454 0.999222 0.929700 0.954624 0.943195 0.945083 0.850350 0.873186 0.980756 0.381081 0.368451 0.878550 0.799895 0.735311 0.572538 0.496851 0.312749 0.644094 0.965160 0.928379 0.976368 0.615542 0.629707 0.601127 0.651996 0.689278 0.800654 0.999597 0.912124 0.751685 0.710264 0.769561 0.718731 0.475146 0.548931 0.755092 0.600553 0.776261 0.978147 0.873061 0.963135 0.871160 0.880053 0.795289 0.793388 0.867529 0.956221 0.942623 0.832213 0.764040 0.717109 0.561597 0.657333 0.681175 0.881962 0.709124 0.527519 0.763915 0.902043 0.923293 0.996897 0.851671 0.784095 0.784594 0.814951 0.885714 0.851029 0.968493 0.912044
0.794952 0.735327 0.782638 0.791202 0.736921 0.805454 0.778541 0.729520 0.832344 0.882349 0.643871 0.654928 0.000000 0.620533 0.514089 0.575299 0.697726 0.589124 0.720940 0.789627 0.756240 0.883839 0.779705 0.783045 0.826043 0.929936 0.894210 0.905191 0.625621 0.618303 0.789036 0.858220 0.618491 0.632257 0.941609 0.951336 0.910561 0.953067 0.930730 0.843063 0.911615 0.980545 0.757929 0.654890 0.768938 0.866210 0.801092 0.753069 0.887781 0.967061 0.904998 0.997895 0.977202 0.778914 0.982248 0.964273 0.744131 0.737888 0.815557 0.880760 0.623625 0.883694 0.619525 0.663084 0.819402 0.846238 0.789120 0.754039 0.870989 0.892140 0.824092 0.878380 0.925695 0.929035 0.931208 0.741863 0.789303 0.664467 0.757402 0.669350 0.681709 0.627381 0.777303 0.869264 0.818392 0.770062 0.860080 0.964067 0.821025 0.953146 0.934773 0.912295 0.886793 0.937593 0.929957 0.853165 0.857022 0.948682 0.778306 0.844050 0.975437 0.891217 0.784865 0.822884 0.666809 0.792374 0.993396 0.951803 0.930906 0.779077 0.914350 0.838530 0.957776 0.917158 0.909678 0.821175
0.728417 0.540286 0.900651 0.850196 0.998464 0.948407 0.863410 0.563816 0.983495 0.718777 0.751603 0.492878 0.620533 0.000000 0.577010 0.468032 0.514431 0.422177 0.583821 0.534489 0.905639 0.914232 0.734413 0.687027 0.973178 0.840620 0.975509 0.845882 0.516050 0.483680 0.811556 0.648996 0.688480 0.707961 0.816848 0.965428 0.971576 0.968391 0.889393 0.931186 0.973782 0.865488 0.724294 0.697399 0.915141 0.945145 0.900435 0.810973 0.918273 0.823098 0.943596 0.897433 0.980898 0.977446 0.883863 0.857535 0.499550 0.540308 0.916529 0.885498 0.992769 0.910888 0.516408 0.492380 0.809769 0.855013 0.932340 0.940343 0.826232 0.892012 0.669298 0.717586 0.721288 0.830163 0.961213 0.796283 0.723078 0.577363 0.689272 0.608177 0.499240 0.488391 0.569616 0.686675 0.916339 0.828860 0.946851 0.806165 0.875856 0.817159 0.874664 0.791370 0.968981 0.947832 0.979351 0.758280 0.866392 0.879881 0.656139 0.599780 0.808777 0.831688 0.669746 0.585641 0.860690 0.950375 0.943540 0.871004 0.875119 0.779832 0.872073 0.738471 0.870238 0.805990 0.958099 0.955087
0.879331 0.829909 0.753672 0.742895 0.742966 0.939669 0.719604 0.809068 0.763902 0.804918 0.798380 0.814247 0.514089 0.577010 0.000000 0.578030 0.658302 0.593972 0.623019 0.759164 0.718155 0.782146 0.581988 0.643146 0.641017 0.866427 0.815403 0.838382 0.558800 0.632747 0.743408 0.736879 0.629814 0.668800 0.954885 0.931728 0.859351 0.934444 0.956008 0.752545 0.925369 0.979693 0.572100 0.594682 0.734944 0.854309 0.670985 0.615781 0.967906 0.931570 0.935057 0.974455 0.917049 0.988492 0.966995 0.908048 0.758495 0.866318 0.943821 0.873119 0.872301 0.896087 0.650370 0.782598 0.681862 0.861207 0.806814 0.865976 0.922575 0.962502 0.803667 0.816925 0.917447 0.876735 0.983989 0.669687 0.674333 0.574027 0.614333 0.687955 0.669184 0.655915 0.704556 0.799365 0.594801 0.598082 0.971368 0.939642 0.870737 0.991272 0.932999 0.881777 0.935431 0.964180 0.985104 0.696379 0.975996 0.912120 0.728506 0.667680 0.888540 0.961034 0.776919 0.865173 0.731845 0.781429 0.992992 0.918402 0.898412 0.858052 0.859157 0.756951 0.978051 0.872740 0.887323 0.863632
0.733355 0.569388 0.893224 0.619248 0.997682 0.771156 0.698752 0.455300 0.859858 0.609472 0.729688 0.513499 0.575299 0.468032 0.578030 0.000000 0.501742 0.435377 0.532414 0.517607 0.788365 0.812649 0.575358 0.526543 0.823944 0.945408 0.971053 0.986816 0.515751 0.400053 0.759563 0.595268 0.628792 0.619779 0.987584 0.966119 0.772060 0.921640 0.984792 0.875422 0.846927 0.851016 0.631617 0.561420 0.963581 0.930177 0.820185 0.687506 0.825594 0.883356 0.921121 0.873096 0.970022 0.940384 0.858021 0.854100 0.512180 0.556352 0.933556 0.932902 0.809299 0.829958 0.477038 0.471207 0.958435 0.871942 0.905952 0.908772 0.807225 0.829262 0.564902 0.661912 0.701332 0.824788 0.894188 0.770738 0.676185 0.601839 0.664081 0.659299 0.455812 0.464225 0.662427 0.603949 0.870125 0.690957 0.929536 0.827573 0.902149 0.986369 0.788842 0.741779 0.857303 0.914705 0.944157 0.703880 0.854282 0.841953 0.680205 0.561931 0.834902 0.846030 0.631802 0.514625 0.692969 0.815599 0.998355 0.979878 0.923155 0.741732 0.838606 0.821502 0.810621 0.883441 0.926492 0.883986
0.547523 0.450696 0.924549 0.743659 0.998597 0.972503 0.739664 0.578774 0.810711 0.647826 0.549534 0.475800 0.697726 0.514431 0.658302 0.501742 0.000000 0.329189 0.439311 0.439150 0.847821 0.876965 0.735203 0.712726 0.880578 0.928093 0.943648 0.847802 0.474807 0.415176 0.747991 0.616549 0.561974 0.549923 0.963884 0.970463 0.808372 0.845358 0.967984 0.936243 0.740286 0.839405 0.683456 0.590010 0.920878 0.898621 0.803229 0.782697 0.893499 0.887052 0.932883 0.848972 0.881313 0.867987 0.879165 0.962202 0.329173 0.434393 0.883383 0.998401 0.789751 0.862494 0.413721 0.422871 0.913229 0.991916 0.870130 0.899536 0.604501 0.722155 0.508348 0.540430 0.678461 0.750377 0.880525 0.768447 0.698194 0.646333 0.591940 0.538235 0.379608 0.441845 0.670745 0.626110 0.914982 0.852273 0.921933 0.965403 0.923406 0.911298 0.819405 0.793360 0.892188 0.870096 0.902720 0.778573 0.768569 0.882773 0.663632 0.588312 0.859124 0.896555 0.686116 0.541228 0.778271 0.900058 0.862031 0.952828 0.946398 0.758059 0.709590 0.853601 0.840500 0.823261 0.885127 0.860083
0.603919 0.421628 0.958413 0.760921 0.934503 0.950352 0.769683 0.565625 0.895768 0.638422 0.566878 0.461392 0.589124 0.422177 0.593972 0.435377 0.329189 0.000000 0.424028 0.383742 0.874565 0.912200 0.693930 0.676454 0.870447 0.885223 0.988708 0.855193 0.392270 0.326062 0.762016 0.581484 0.546527 0.511497 0.946777 0.953312 0.835520 0.862433 0.903607 0.955678 0.843546 0.805835 0.671939 0.562439 0.905002 0.887941 0.865516 0.730727 0.858144 0.875169 0.875230 0.846777 0.871540 0.815115 0.887502 0.890876 0.331349 0.413220 0.969018 0.961431 0.807176 0.855656 0.405910 0.399687 0.930485 0.977445 0.913172 0.917930 0.623777 0.759889 0.531315 0.598545 0.695304 0.783744 0.900902 0.782839 0.685630 0.577976 0.576943 0.519606 0.326921 0.368790 0.540752 0.549081 0.894230 0.781171 0.993987 0.877408 0.890470 0.903001 0.883644 0.809282 0.946883 0.927703 0.954143 0.774876 0.805192 0.888102 0.669743 0.580533 0.856529 0.932535 0.668977 0.540992 0.787025 0.855627 0.885187 0.950437 0.939823 0.788083 0.736474 0.768170 0.856366 0.789095 0.900436 0.900498
0.609191 0.606465 0.676022 0.532951 0.888662 0.910754 0.472542 0.509097 0.798592 0.543056 0.561912 0.635233 0.720940 0.583821 0.623019 0.532414 0.439311 0.424028 0.000000 0.407730 0.882858 0.887379 0.493538 0.542620 0.718268 0.948229 0.919863 0.790997 0.568391 0.502394 0.596314 0.451091 0.463182 0.452392 0.924077 0.947791 0.802907 0.933177 0.894373 0.969704 0.893048 0.916333 0.550879 0.594142 0.949109 0.985847 0.753344 0.678803 0.707342 0.748025 0.790771 0.705435 0.877281 0.961821 0.920459 0.827135 0.474573 0.626501 0.935336 0.785078 0.842174 0.913170 0.394700 0.623882 0.891109 0.938518 0.676731 0.823297 0.692064 0.838045 0.454160 0.520192 0.562082 0.682075 0.894285 0.753533 0.617415 0.635216 0.582060 0.582309 0.439987 0.419254 0.698320 0.685461 0.680773 0.682763 0.882451 0.923446 0.785419 0.806283 0.708857 0.644213 0.786286 0.746279 0.883446 0.788046 0.792113 0.979098 0.632494 0.481442 0.964119 0.698167 0.648648 0.594922 0.811807 0.734054 0.949513 0.960651 0.976966 0.870562 0.788868 0.795374 0.860128 0.934197 0.908016 0.895645
0.593067 0.468274 0.997903 0.739228 0.967992 0.920451 0.776896 0.548086 0.892693 0.577518 0.529928 0.498357 0.789627 0.534489 0.759164 0.517607 0.439150 0.383742 0.407730 0.000000 0.949602 0.975152 0.769015 0.734582 0.984506 0.831999 0.910058 0.728148 0.515688 0.451865 0.816928 0.570954 0.653197 0.578853 0.889344 0.903790 0.848838 0.910319 0.956955 0.978575 0.894751 0.908923 0.729903 0.639382 0.937457 0.985732 0.935099 0.783879 0.790915 0.754884 0.799318 0.705042 0.838259 0.868132 0.817389 0.858391 0.415272 0.489825 0.975236 0.896887 0.905832 0.880488 0.470446 0.472448 0.819595 0.963744 0.924155 0.938596 0.601406 0.747763 0.466021 0.620898 0.604697 0.691232 0.987138 0.769359 0.732627 0.660796 0.635056 0.623218 0.414656 0.460822 0.714033 0.615263 0.958984 0.934119 0.970964 0.980185 0.709624 0.786170 0.766611 0.754208 0.909706 0.898842 0.966981 0.885680 0.849896 0.913932 0.634670 0.580208 0.838899 0.836164 0.671188 0.524184 0.904423 0.863237 0.950958 0.976169 0.957350 0.885279 0.792014 0.803138 0.925874 0.806074 0.935548 0.955938
0.983503 0.940786 0.809007 0.793409 0.842325 0.835213 0.809132 0.834902 0.882566 0.851796 0.869580 0.928461 0.756240 0.905639 0.718155 0.788365 0.847821 0.874565 0.882858 0.949602 0.000000 0.816182 0.828520 0.853898 0.747770 0.805328 0.828868 0.985557 0.960029 0.805849 0.884548 0.892799 0.786910 0.844827 0.894514 0.993113 0.878313 0.990023 0.901713 0.950818 0.935350 0.887009 0.822365 0.726082 0.934499 0.971293 0.879096 0.761533 0.890000 0.962314 0.978849 0.991648 0.985335 0.940073 0.830411 0.843280 0.913126 0.999806 0.868941 0.962449 0.768870 0.987208 0.872027 0.912619 0.772241 0.783463 0.816840 0.797354 0.951863 0.945881 0.915366 0.937682 0.902709 0.843595 0.838486 0.971150 0.959644 0.900239 0.978093 0.911426 0.880827 0.877114 0.991206 0.941914 0.886145 0.846931 0.989090 0.965294 0.907623 0.995126 0.927502 0.922530 0.883798 0.911118 0.921995 0.692838 0.851692 0.979214 0.936983 0.913018 0.965863 0.946127 0.818599 0.998865 0.892100 0.792884 0.963405 0.980171 0.860625 0.959555 0.802370 0.935043 0.981216 0.956100 0.932242 0.909668
0.847577 0.912207 0.756051 0.795256 0.804209 0.748788 0.794614 0.781531 0.806393 0.898907 0.895464 0.934050 0.883839 0.914232 0.782146 0.812649 0.876965 0.912200 0.887379 0.975152 0.816182 0.000000 0.774114 0.863387 0.730151 0.732940 0.801398 0.829143 0.861156 0.869288 0.775911 0.946755 0.820081 0.834988 0.869483 0.997477 0.874249 0.876651 0.858413 0.807094 0.942629 0.886092 0.748678 0.689822 0.700947 0.780014 0.830946 0.896549 0.882941 0.837190 0.884664 0.801821 0.789518 0.911083 0.868022 0.763669 0.919746 0.939416 0.794046 0.926554 0.877049 0.987461 0.939596 0.957281 0.815117 0.764422 0.773616 0.814962 0.876962 0.877635 0.836024 0.903098 0.960546 0.872161 0.801414 0.963542 0.799693 0.849510 0.845174 0.918219 0.900068 0.909221 0.868741 0.978736 0.868473 0.884229 0.978127 0.976221 0.846160 0.921314 0.834871 0.893219 0.844064 0.850939 0.864690 0.666954 0.919801 0.998718 0.728052 0.785120 0.877538 0.950600 0.843993 0.871007 0.836755 0.775764 0.881982 0.971471 0.929643 0.979829 0.792801 0.989823 0.864001 0.967707 0.875356 0.814544
0.994650 0.965667 0.516193 0.436228 0.882987 0.911318 0.423555 0.608494 0.811429 0.625095 0.947243 0.991794 0.779705 0.734413 0.581988 0.575358 0.735203 0.693930 0.493538 0.769015 0.828520 0.774114 0.000000 0.365982 0.558258 0.726253 0.901751 0.992363 0.791889 0.679409 0.495111 0.494236 0.587222 0.666428 0.870416 0.938776 0.778906 0.928783 0.758152 0.953973 0.996868 0.878976 0.443561 0.625028 0.897863 0.994733 0.791497 0.723249 0.687800 0.828367 0.783251 0.799928 0.988931 0.857151 0.909524 0.741300 0.849229 0.996704 0.929000 0.610030 0.996767 0.721801 0.702060 0.956581 0.591871 0.763425 0.668285 0.847397 0.907755 0.891389 0.573954 0.640127 0.832074 0.882991 0.823801 0.880452 0.596792 0.709784 0.754533 0.776866 0.728617 0.651538 0.761838 0.839799 0.499314 0.459696 0.791563 0.849295 0.990585 0.926168 0.789895 0.656441 0.810893 0.746933 0.884824 0.678652 0.995545 0.909743 0.868953 0.579697 0.918972 0.764406 0.865075 0.808313 0.861668 0.696603 0.966829 0.912659 0.990921 0.883445 0.921355 0.836090 0.835852 0.972321 0.935978 0.905942
0.976591 0.911499 0.709409 0.500595 0.960370 0.946434 0.557702 0.617235 0.961314 0.721300 0.911156 0.887480 0.783045 0.687027 0.643146 0.526543 0.712726 0.676454 0.542620 0.734582 0.853898 0.863387 0.365982 0.000000 0.641738 0.904080 0.999614 0.944628 0.714954 0.631607 0.648743 0.489546 0.678882 0.736447 0.936739 0.979719 0.810373 0.915017 0.777453 0.990318 0.999585 0.946988 0.591757 0.752190 0.918403 0.886774 0.888425 0.816097 0.699114 0.764864 0.781619 0.775372 0.970179 0.821570 0.897107 0.702136 0.794181 0.900649 0.840664 0.586556 0.918964 0.823591 0.677010 0.863406 0.825181 0.916151 0.859262 0.962642 0.934712 0.977498 0.643780 0.642850 0.760694 0.766124 0.908611 0.879158 0.679841 0.793332 0.730181 0.717742 0.677219 0.583758 0.780472 0.794432 0.604414 0.485997 0.854799 0.803625 0.966299 0.960242 0.850138 0.737414 0.913431 0.883296 0.839415 0.746289 0.990159 0.928371 0.902439 0.631562 0.955483 0.702280 0.806672 0.735770 0.782422 0.842507 0.883301 0.949050 0.987333 0.949040 0.998751 0.899884 0.897124 0.946279 0.878985 0.962988
0.947255 0.961014 0.469304 0.641376 0.761114 0.898075 0.556196 0.851562 0.807689 0.883658 0.951324 0.901201 0.826043 0.973178 0.641017 0.823944 0.880578 0.870447 0.718268 0.984506 0.747770 0.730151 0.558258 0.641738 0.000000 0.592343 0.811803 0.849592 0.895275 0.779592 0.599950 0.729896 0.678529 0.668140 0.753899 0.997805 0.851562 0.846281 0.700808 0.860747 0.891166 0.982609 0.580714 0.674000 0.777144 0.808603 0.704576 0.635297 0.902662 0.927242 0.962302 0.896832 0.974021 0.998105 0.973832 0.886530 0.993519 0.905471 0.878417 0.809122 0.818756 0.791921 0.859429 0.902868 0.508356 0.673273 0.653237 0.725399 0.948917 0.988076 0.922069 0.910379 0.961293 0.940066 0.858574 0.965880 0.680820 0.850297 0.799969 0.963788 0.954364 0.862658 0.928927 0.977326 0.568321 0.595631 0.797583 0.953349 0.915720 0.961294 0.991255 0.937399 0.947114 0.878154 0.908108 0.774562 0.908230 0.999640 0.966224 0.807409 0.899728 0.993001 0.983608 0.963077 0.771187 0.720787 0.945653 0.968478 0.968643 0.985480 0.819109 0.999827 0.916767 0.943153 0.932635 0.767569
0.922225 0.773147 0.466325 0.635514 0.854079 0.825234 0.597224 0.896015 0.857459 0.861406 0.949085 0.751337 0.929936 0.840620 0.866427 0.945408 0.928093 0.885223 0.948229 0.831999 0.805328 0.732940 0.726253 0.904080 0.592343 0.000000 0.733242 0.706839 0.867744 0.981878 0.641861 0.862958 0.769601 0.786893 0.577331 0.825730 0.816680 0.990606 0.677099 0.862437 0.913370 0.929390 0.678343 0.699535 0.772203 0.795554 0.667650 0.682172 0.928341 0.872471 0.983176 0.884853 0.880288 0.985468 0.855845 0.900935 0.831279 0.770269 0.688141 0.959088 0.758928 0.867757 0.968200 0.798146 0.513676 0.589018 0.531874 0.531620 0.945416 0.984580 0.973240 0.991066 0.940168 0.883609 0.757159 0.932265 0.925243 0.933636 0.918827 0.983390 0.920139 0.996751 0.916842 0.882837 0.672251 0.724405 0.955494 0.926648 0.835272 0.862229 0.983331 0.977010 0.929528 0.946470 0.978353 0.923445 0.959788 0.940290 0.898084 0.994885 0.861622 0.934838 0.902667 0.882359 0.941720 0.736303 0.959040 0.981368 0.997415 0.914141 0.991999 0.901064 0.973270 0.905037 0.934737 0.800503
0.887892 0.900550 0.857984 0.940034 0.855363 0.987208 0.984781 0.872134 0.915093 0.862597 0.926747 0.889227 0.894210 0.975509 0.815403 0.971053 0.943648 0.988708 0.919863 0.910058 0.828868 0.801398 0.901751 0.999614 0.811803 0.733242 0.000000 0.751789 0.969338 0.918555 0.830116 0.901633 0.977729 0.987293 0.982748 0.893473 0.901458 0.865955 0.884586 0.953674 0.970315 0.920558 0.939159 0.782701 0.906316 0.963159 0.984904 0.915681 0.920684 0.823066 0.985009 0.885544 0.969534 0.949436 0.965750 0.901959 0.944942 0.932071 0.976963 0.955556 0.980369 0.910365 0.935659 0.925810 0.699951 0.802943 0.939050 0.972622 0.913818 0.880026 0.983059 0.952298 0.829565 0.798845 0.847683 0.977124 0.975697 0.816741 0.949389 0.971622 0.915719 0.944699 0.913463 0.982897 0.936318 0.772279 0.879583 0.834510 0.784815 0.937115 0.760009 0.826355 0.780232 0.934804 0.938777 0.929519 0.827282 0.952695 0.738039 0.819692 0.982245 0.922430 0.954138 0.863228 0.945315 0.924774 0.954959 0.960160 0.939630 0.992631 0.941588 0.979765 0.964768 0.946610 0.919754 0.977034
0.927160 0.856805 0.890767 0.986767 0.992239 0.827679 0.978551 0.885779 0.874368 0.953322 0.931921 0.856043 0.905191 0.845882 0.838382 0.986816 0.847802 0.855193 0.790997 0.728148 0.985557 0.829143 0.992363 0.944628 0.849592 0.706839 0.751789 0.000000 0.879399 0.858783 0.916094 0.928049 0.984547 0.922343 0.926004 0.915091 0.985352 0.972531 0.933504 0.814482 0.980236 0.913105 0.963111 0.970188 0.857004 0.830161 0.835544 0.964037 0.792665 0.787008 0.779094 0.699141 0.806075 0.931904 0.994643 0.962608 0.818249 0.849633 0.808351 0.858411 0.927509 0.928708 0.938362 0.952341 0.860621 0.962896 0.928801 0.943436 0.807249 0.993165 0.832052 0.997418 0.713167 0.726897 0.965069 0.891497 0.993215 0.962819 0.998181 0.845910 0.892603 0.871505 0.891681 0.891167 0.957085 0.963579 0.908585 0.880623 0.821549 0.709278 0.936809 0.877107 0.980495 0.906086 0.939348 0.942183 0.976027 0.968856 0.926823 0.828371 0.934222 0.829116 0.998988 0.841058 0.991542 0.880152 0.897870 0.949425 0.978873 0.968160 0.923706 0.903320 0.992011 0.956760 0.996491 0.864924
0.701983 0.575990 0.994258 0.877908 0.909981 0.947069 0.862483 0.677044 0.862187 0.793293 0.653756 0.563154 0.625621 0.516050 0.558800 0.515751 0.474807 0.392270 0.568391 0.515688 0.960029 0.861156 0.791889 0.714954 0.895275 0.867744 0.969338 0.879399 0.000000 0.421525 0.827976 0.678073 0.649673 0.602774 0.972347 0.980427 0.933734 0.998428 0.944059 0.971047 0.777558 0.888606 0.696069 0.612384 0.823394 0.764216 0.779806 0.687892 0.980808 0.946935 0.969941 0.995070 0.940794 0.902455 0.982559 0.919485 0.503290 0.516764 0.967288 0.994485 0.817747 0.810134 0.551377 0.521398 0.940540 0.935746 0.914995 0.919412 0.690942 0.735736 0.749471 0.821911 0.769005 0.828481 0.922681 0.683810 0.755344 0.571759 0.622914 0.557594 0.455287 0.503408 0.568988 0.627286 0.869558 0.819358 0.905894 0.857635 0.928939 0.984128 0.945865 0.915373 0.986783 0.963546 0.896140 0.790821 0.857701 0.873492 0.711404 0.681285 0.816883 0.866882 0.780896 0.696765 0.822322 0.899820 0.972940 0.925519 0.932476 0.835161 0.736359 0.835472 0.864118 0.851238 0.941780 0.913416
0.694311 0.525080 0.882435 0.688603 0.966515 0.908449 0.722706 0.545451 0.950411 0.637919 0.597312 0.514464 0.618303 0.483680 0.632747 0.400053 0.415176 0.326062 0.502394 0.451865 0.805849 0.869288 0.679409 0.631607 0.779592 0.981878 0.918555 0.858783 0.421525 0.000000 0.691461 0.600517 0.602469 0.507006 0.964489 0.974711 0.841318 0.798462 0.965893 0.935066 0.865122 0.844838 0.578018 0.454414 0.894870 0.801321 0.761762 0.612057 0.877776 0.999023 0.922408 0.925537 0.999510 0.942670 0.889033 0.912610 0.432525 0.503810 0.941180 0.953233 0.766847 0.789552 0.505519 0.471637 0.999872 0.836876 0.883539 0.864759 0.724651 0.763215 0.601690 0.698273 0.648332 0.724417 0.879918 0.782388 0.717757 0.607469 0.616677 0.594092 0.433257 0.441157 0.561674 0.620495 0.900838 0.796947 0.966381 0.818593 0.959870 0.912146 0.934724 0.900978 0.930398 0.980829 0.981982 0.766879 0.905155 0.824305 0.749364 0.651457 0.844130 0.896900 0.721546 0.546261 0.763138 0.803903 0.924490 0.948058 0.858439 0.764289 0.785830 0.856835 0.780591 0.855989 0.934611 0.849967
0.813633 0.906998 0.487177 0.465243 0.923265 0.820310 0.417291 0.619702 0.806682 0.597576 0.782865 0.975021 0.789036 0.811556 0.743408 0.759563 0.747991 0.762016 0.596314 0.816928 0.884548 0.775911 0.495111 0.648743 0.599950 0.641861 0.830116 0.916094 0.827976 0.691461 0.000000 0.605851 0.518935 0.512379 0.699697 0.972132 0.803680 0.877450 0.664697 0.900909 0.909666 0.879922 0.453762 0.526563 0.721681 0.751059 0.658553 0.683648 0.888720 0.984361 0.996125 0.982709 0.835877 0.919044 0.903944 0.990581 0.855615 0.953686 0.792057 0.879266 0.766644 0.844558 0.716761 0.917066 0.642488 0.755834 0.547088 0.666414 0.963336 0.971815 0.692448 0.750098 0.827424 0.891227 0.859630 0.816921 0.695070 0.795683 0.784700 0.783507 0.789107 0.733998 0.892358 0.988879 0.651098 0.717294 0.918401 0.990715 0.939809 0.918184 0.801119 0.793287 0.877255 0.737098 0.945499 0.937751 0.893049 0.985581 0.846058 0.768012 0.901257 0.638565 0.857858 0.865455 0.989559 0.666329 0.948582 0.826322 0.973642 0.913718 0.919271 0.865193 0.778771 0.961456 0.891992 0.883138
0.854459 0.837096 0.720599 0.612332 0.897773 0.909226 0.552614 0.631604 0.899378 0.627616 0.729762 0.850910 0.858220 0.648996 0.736879 0.595268 0.616549 0.581484 0.451091 0.570954 0.892799 0.946755 0.494236 0.489546 0.729896 0.862958 0.901633 0.928049 0.678073 0.600517 0.605851 0.000000 0.569256 0.568776 0.942715 0.860853 0.874566 0.958592 0.899714 0.968358 0.991838 0.975465 0.555898 0.716459 0.986130 0.983602 0.821690 0.757442 0.692737 0.712459 0.791229 0.738721 0.977396 0.972849 0.953167 0.806759 0.677309 0.826939 0.899326 0.669354 0.985028 0.761665 0.565642 0.779478 0.878784 0.986322 0.779412 0.894364 0.944782 0.999635 0.634668 0.687299 0.726724 0.785976 0.983588 0.841634 0.750030 0.695878 0.653069 0.671603 0.594802 0.524509 0.739741 0.791962 0.634831 0.630682 0.900488 0.805026 0.831280 0.928990 0.858361 0.773628 0.900184 0.904353 0.864391 0.760872 0.895526 0.969015 0.842044 0.610628 0.920149 0.741403 0.800998 0.717694 0.961658 0.838673 0.986248 0.968877 0.975832 0.932359 0.846687 0.934801 0.930664 0.986019 0.929561 0.965682
0.578302 0.671211 0.598221 0.541577 0.826993 0.865942 0.509379 0.584871 0.875663 0.685961 0.641476 0.691807 0.618491 0.688480 0.629814 0.628792 0.561974 0.546527 0.463182 0.653197 0.786910 0.820081 0.587222 0.678882 0.678529 0.769601 0.977729 0.984547 0.649673 0.602469 0.518935 0.569256 0.000000 0.382673 0.763685 0.927654 0.760464 0.851476 0.818836 0.864456 0.853526 0.831137 0.535117 0.518595 0.771985 0.782422 0.752117 0.657671 0.836786 0.954639 0.906372 0.937474 0.999339 0.894424 0.870411 0.989767 0.620229 0.693150 0.750762 0.969961 0.662327 0.954657 0.472956 0.660221 0.780588 0.821865 0.571813 0.598470 0.782864 0.808086 0.636672 0.617292 0.779700 0.995232 0.886828 0.917811 0.698266 0.688779 0.656727 0.644506 0.570128 0.489211 0.788803 0.676254 0.652671 0.599655 0.988973 0.954139 0.988303 0.949679 0.837140 0.759292 0.812355 0.831684 0.974648 0.818007 0.937554 0.973314 0.752302 0.723780 0.964143 0.778537 0.774721 0.709157 0.759429 0.669472 0.969739 0.987467 0.949963 0.872874 0.787401 0.852420 0.885580 0.907154 0.876154 0.979462
0.640616 0.658315 0.605959 0.560938 0.825204 0.822212 0.486732 0.558611 0.808888 0.610435 0.553071 0.708103 0.632257 0.707961 0.668800 0.619779 0.549923 0.511497 0.452392 0.578853 0.844827 0.834988 0.666428 0.736447 0.668140 0.786893 0.987293 0.922343 0.602774 0.507006 0.512379 0.568776 0.382673 0.000000 0.684255 0.897523 0.733094 0.917660 0.795862 0.883974 0.869196 0.892689 0.516975 0.452249 0.735485 0.740594 0.655557 0.562462 0.842043 0.971816 0.896478 0.911580 0.957517 0.853049 0.907827 0.992934 0.575205 0.682831 0.713240 0.945212 0.618185 0.961368 0.487647 0.660443 0.780356 0.763630 0.534256 0.562684 0.681714 0.745559 0.620866 0.723538 0.681004 0.878796 0.923286 0.795447 0.707231 0.709064 0.577187 0.626472 0.526959 0.506829 0.796257 0.722023 0.732649 0.718890 0.970891 0.974749 0.944010 0.946837 0.781619 0.760140 0.838742 0.766141 0.998297 0.859370 0.867390 0.895597 0.699323 0.690469 0.960706 0.689807 0.745233 0.665588 0.752948 0.656215 0.979701 0.987956 0.979444 0.852925 0.695367 0.806164 0.747844 0.900565 0.909428 0.836629
0.992649 0.904276 0.595044 0.718205 0.914165 0.740809 0.628380 0.808349 0.754119 0.769695 0.977894 0.819429 0.941609 0.816848 0.954885 0.987584 0.963884 0.946777 0.924077 0.889344 0.894514 0.869483 0.870416 0.936739 0.753899 0.577331 0.982748 0.926004 0.972347 0.964489 0.699697 0.942715 0.763685 0.684255 0.000000 0.972853 0.789244 0.979257 0.674909 0.991674 0.984204 0.940930 0.703047 0.722468 0.654201 0.698483 0.777291 0.694959 0.960430 0.858529 0.922932 0.867105 0.845478 0.962327 0.735040 0.892402 0.940537 0.907918 0.586560 0.808437 0.626253 0.961059 0.941337 0.934916 0.625799 0.592304 0.482028 0.475626 0.896996 0.941516 0.958249 0.941594 0.951295 0.908263 0.875667 0.928714 0.954467 0.975237 0.927300 0.980567 0.964153 0.958757 0.971253 0.996836 0.790258 0.811451 0.958258 0.882928 0.923209 0.774396 0.798535 0.812842 0.699520 0.762765 0.903194 0.950491 0.805239 0.959948 0.939012 0.847533 0.942819 0.769986 0.863553 0.961451 0.879059 0.639007 0.907990 0.853217 0.959139 0.897032 0.819325 0.759722 0.948517 0.971452 0.826032 0.894777
0.988128 0.968813 0.959769 0.983768 0.897417 0.891307 0.991157 0.954408 0.903772 0.979300 0.983957 0.995959 0.951336 0.965428 0.931728 0.966119 0.970463 0.953312 0.947791 0.903790 0.993113 0.997477 0.938776 0.979719 0.997805 0.825730 0.893473 0.915091 0.980427 0.974711 0.972132 0.860853 0.927654 0.897523 0.972853 0.000000 0.946366 0.946434 0.963696 0.861953 0.927145 0.919769 0.943712 0.918221 0.989093 0.971948 0.825555 0.969907 0.875966 0.849961 0.910701 0.929324 0.917020 0.991844 0.905404 0.977640 0.928459 0.995039 0.909489 0.994788 0.988213 0.981933 0.951117 0.987363 0.962856 0.931276 0.919148 0.860020 0.980153 0.961597 0.843861 0.994348 0.955373 0.975888 0.941899 0.941628 0.917548 0.971020 0.787122 0.965343 0.972143 0.962987 0.856532 0.954257 0.920676 0.955051 0.852835 0.966360 0.976755 0.844114 0.923886 0.851596 0.915114 0.956042 0.912739 0.864970 0.995642 0.950570 0.952293 0.996529 0.983190 0.990759 0.851200 0.962690 0.953203 0.967308 0.895946 0.963617 0.921911 0.993903 0.922298 0.936695 0.936314 0.923806 0.949922 0.921541
0.792914 0.811904 0.840125 0.642181 0.972177 0.848246 0.778246 0.727047 0.911786 0.674037 0.992720 0.833136 0.910561 0.971576 0.859351 0.772060 0.808372 0.835520 0.802907 0.848838 0.878313 0.874249 0.778906 0.810373 0.851562 0.816680 0.901458 0.985352 0.933734 0.841318 0.803680 0.874566 0.760464 0.733094 0.789244 0.946366 0.000000 0.728494 0.931445 0.988918 0.773391 0.871446 0.764699 0.763235 0.960943 0.959589 0.975528 0.828551 0.973504 0.987043 0.922718 0.987636 0.967540 0.998922 0.924877 0.932351 0.742149 0.810426 0.849665 0.995351 0.815199 0.857375 0.791048 0.775880 0.908965 0.787901 0.852287 0.879854 0.842042 0.878629 0.640833 0.701290 0.821036 0.884312 0.846470 0.960903 0.770363 0.864494 0.797593 0.945151 0.783620 0.857705 0.927057 0.714447 0.975860 0.862505 0.967505 0.898091 0.938392 0.993720 0.771059 0.707672 0.749407 0.746515 0.846775 0.999934 0.817427 0.778328 0.798989 0.750487 0.958155 0.845794 0.904444 0.772386 0.735258 0.784311 0.912412 0.743320 0.923335 0.943639 0.787413 0.649777 0.922798 0.949549 0.962757 0.879125
0.756559 0.751613 0.941379 0.795720 0.966195 0.822163 0.948238 0.881303 0.936504 0.889634 0.941670 0.863732 0.953067 0.968391 0.934444 0.921640 0.845358 0.862433 0.933177 0.910319 0.990023 0.876651 0.928783 0.915017 0.846281 0.990606 0.865955 0.972531 0.998428 0.798462 0.877450 0.958592 0.851476 0.917660 0.979257 0.946434 0.728494 0.000000 0.978256 0.786715 0.909151 0.971812 0.776831 0.758015 0.892438 0.878260 0.994113 0.912227 0.816316 0.820872 0.773955 0.760169 0.829229 0.810815 0.976123 0.958247 0.793254 0.786318 0.877932 0.910160 0.865987 0.828808 0.904280 0.824858 0.930250 0.865298 0.996194 0.988914 0.812164 0.805308 0.774873 0.743790 0.912311 0.835949 0.855658 0.999399 0.825768 0.954833 0.960102 0.994340 0.948327 0.962412 0.971165 0.844006 0.963175 0.897002 0.917469 0.985767 0.909413 0.841524 0.962417 0.957737 0.918336 0.995790 0.986637 0.961727 0.966235 0.956474 0.907372 0.906413 0.937417 0.867152 0.978639 0.757988 0.856434 0.798693 0.830152 0.812854 0.875335 0.876256 0.887098 0.955554 0.896385 0.831714 0.923306 0.889473
