0.000000 0.398071 0.860848 0.697043 0.856126 0.558309 0.567393 0.424893 0.793938 0.757188 0.417382 0.367462 0.537522 0.493486 0.861042 0.548537 0.381133 0.367959 0.424139 0.383427 0.921359 0.909013 0.855666 0.824194 0.907630 0.817798 0.971908 0.904788 0.513337 0.478519 0.669976 0.564041 0.448497 0.428311 0.774322 0.945783 0.720784 0.840295 0.986774 0.901101 0.848627 0.901254 0.558964 0.510275 0.573435 0.594406 0.610509 0.671389 0.824879 0.763373 0.782370 0.849416 0.921570 0.914884 0.883795 0.847792 0.339397 0.486751 0.497995 0.909346 0.524185 0.626286 0.439833 0.482350 0.950310 0.705709 0.541988 0.602911 0.743940 0.705390 0.615253 0.641731 0.768386 0.660255 0.903098 0.695307 0.663866 0.744742 0.720017 0.633128 0.399621 0.459612 0.612664 0.723344 0.751387 0.778956 0.987141 0.899976 0.899536 0.917481 0.595059 0.820096 0.639575 0.840983 0.742223 0.766832 0.700084 0.693969 0.470237 0.522146 0.612729 0.644005 0.515092 0.575038 0.638683 0.790494 0.936908 0.855441 0.980774 0.924721 0.954831 0.689518 0.762965 0.869793 0.777559 0.957570
0.398071 0.000000 0.856928 0.956683 0.993062 0.742471 0.819769 0.588746 0.999960 0.735595 0.744385 0.446644 0.891370 0.771759 0.910113 0.704627 0.287199 0.295680 0.662061 0.530382 0.997676 0.918761 0.865475 0.984733 0.995323 0.931018 0.992362 0.918679 0.488323 0.424084 0.913106 0.771024 0.676757 0.658386 0.912620 0.978488 0.875999 0.906587 0.934312 0.808386 0.770266 0.880024 0.632818 0.570035 0.502771 0.451573 0.727948 0.707222 0.570041 0.589707 0.560726 0.652358 0.860611 0.856426 0.839342 0.787247 0.246119 0.245907 0.715972 0.762172 0.838834 0.525437 0.710837 0.454957 0.782338 0.805210 0.771830 0.752981 0.561573 0.552606 0.813651 0.861099 0.744613 0.687080 0.753913 0.703910 0.769862 0.802812 0.588558 0.542920 0.295409 0.392023 0.621522 0.571995 0.975219 0.874024 0.933751 0.950254 0.967118 0.941813 0.781240 0.976803 0.799870 0.952840 0.646180 0.925164 0.571299 0.757682 0.539988 0.620487 0.782840 0.818113 0.512242 0.701445 0.745799 0.893506 0.987213 0.941145 0.991558 0.820872 0.768477 0.548227 0.802632 0.797523 0.668327 0.898597
0.860848 0.856928 0.000000 0.260422 0.878609 0.877954 0.299602 0.451604 0.668735 0.854072 0.531476 0.911799 0.402765 0.500713 0.490602 0.576355 0.824448 0.953591 0.456889 0.649873 0.851235 0.998632 0.305617 0.413829 0.598807 0.431820 0.928090 0.889146 0.856982 0.992953 0.371765 0.419285 0.511865 0.459266 0.588849 0.824863 0.839408 0.990006 0.840488 0.862407 0.903942 0.714963 0.623933 0.672356 0.788972 0.847955 0.663263 0.622006 0.926460 0.995484 0.981124 0.991916 0.926092 0.874237 0.679273 0.929751 0.844253 0.743294 0.693262 0.951825 0.475368 0.985097 0.713504 0.791339 0.310080 0.517040 0.428809 0.514622 0.811472 0.753707 0.638555 0.581004 0.989425 0.860020 0.901914 0.877044 0.696822 0.701962 0.946282 0.882779 0.815579 0.957641 0.826741 0.814660 0.397447 0.554433 0.680422 0.738896 0.895599 0.923884 0.635712 0.659460 0.716066 0.664585 0.856475 0.913651 0.976483 0.958430 0.757613 0.682859 0.690621 0.663934 0.939796 0.872804 0.764100 0.753910 0.989555 0.846057 0.910052 0.783850 0.966825 0.995179 0.872980 0.967533 0.948180 0.833009
0.697043 0.956683 0.260422 0.000000 0.936642 0.757127 0.263116 0.323592 0.688430 0.849375 0.413330 0.721023 0.367356 0.379342 0.553936 0.550129 0.996302 0.847549 0.340742 0.470216 0.931762 0.958892 0.339211 0.308464 0.575100 0.465009 0.913515 0.760996 0.732766 0.849758 0.331612 0.352171 0.392679 0.350595 0.551617 0.785890 0.817076 0.988102 0.807418 0.900170 0.944729 0.741063 0.544143 0.578884 0.715551 0.785398 0.568191 0.551399 0.941241 0.962588 0.928318 0.994990 0.925505 0.901262 0.680383 0.859807 0.944761 0.897935 0.639849 0.980526 0.442582 0.903676 0.589160 0.938198 0.387306 0.432019 0.352557 0.407038 0.919289 0.844239 0.602032 0.550677 0.887888 0.760634 0.810691 0.827945 0.651408 0.658834 0.890315 0.833589 0.994232 0.771811 0.713008 0.912946 0.386674 0.463517 0.718170 0.688995 0.813893 0.805835 0.587588 0.677760 0.675621 0.712602 0.844153 0.842196 0.915910 0.889760 0.662572 0.560983 0.589751 0.560354 0.806724 0.714936 0.697172 0.718210 0.945307 0.890013 0.845930 0.794692 0.914018 0.948612 0.836504 0.958815 0.928603 0.803048
0.856126 0.993062 0.878609 0.936642 0.000000 0.906809 0.875895 0.882555 0.781403 0.806749 0.893142 0.886062 0.793335 0.819281 0.733258 0.805922 0.958767 0.911493 0.891306 0.894309 0.824571 0.909533 0.834967 0.949833 0.964060 0.965233 0.937166 0.963522 0.925870 0.912440 0.854158 0.907639 0.810807 0.816991 0.843247 0.949025 0.776724 0.825205 0.891986 0.973796 0.870283 0.993031 0.838521 0.896410 0.917805 0.946887 0.922983 0.863188 0.956590 0.959675 0.868611 0.830567 0.810977 0.795678 0.997510 0.954206 0.959328 0.964148 0.691586 0.850335 0.738950 0.975084 0.757958 0.842764 0.852771 0.924486 0.768933 0.806618 0.820668 0.927224 0.814958 0.741958 0.906507 0.933114 0.855180 0.902983 0.994900 0.979304 0.966063 0.973432 0.925377 0.933880 0.904814 0.953916 0.920285 0.984689 0.973738 0.789451 0.756697 0.841342 0.729089 0.749600 0.739202 0.716530 0.974676 0.971094 0.864549 0.996829 0.794526 0.896342 0.964250 0.957873 0.740304 0.793194 0.937111 0.667054 0.801762 0.712969 0.944183 0.998333 0.987573 0.903178 0.839960 0.849428 0.739672 0.857171
0.558309 0.742471 0.877954 0.757127 0.906809 0.000000 0.632699 0.568954 0.680064 0.703015 0.606779 0.631660 0.711898 0.781552 0.925109 0.728420 0.704515 0.644209 0.576245 0.628774 0.873983 0.860689 0.936519 0.887930 0.981411 0.813011 0.995876 0.825749 0.811714 0.768772 0.860167 0.711942 0.679327 0.600423 0.931368 0.939965 0.986938 0.910236 0.958457 0.951987 0.942126 0.945957 0.540813 0.579464 0.615916 0.620951 0.690998 0.664493 0.839036 0.766709 0.837509 0.842811 0.911071 0.834813 0.966289 0.893226 0.649127 0.875491 0.764875 0.927492 0.666787 0.750703 0.774161 0.815931 0.930032 0.711924 0.664028 0.627386 0.944435 0.981681 0.734690 0.813768 0.845725 0.718482 0.969598 0.774104 0.699824 0.674280 0.674250 0.801579 0.732148 0.692140 0.966892 0.997894 0.924987 0.914659 0.908311 0.955281 0.952334 0.971218 0.619366 0.739124 0.694609 0.748494 0.925315 0.895705 0.774541 0.880215 0.557068 0.639903 0.693634 0.638868 0.553714 0.577473 0.865712 0.898518 0.923364 0.913313 0.913900 0.931809 0.883451 0.716666 0.873391 0.766803 0.953157 0.871094
0.567393 0.819769 0.299602 0.263116 0.875895 0.632699 0.000000 0.230742 0.582377 0.598395 0.386334 0.640030 0.357321 0.412235 0.523293 0.469341 0.865849 0.712094 0.286792 0.449373 0.885401 0.855958 0.390274 0.503519 0.750169 0.487866 0.988837 0.866305 0.650658 0.760847 0.406365 0.384910 0.369530 0.318335 0.653994 0.819320 0.783236 0.955325 0.907246 0.898024 0.979252 0.796035 0.379341 0.446431 0.503901 0.574478 0.521131 0.455952 0.898033 0.797984 0.773870 0.787601 0.784806 0.707125 0.744582 0.802563 0.820409 0.978254 0.537264 0.982378 0.403761 0.830822 0.605659 0.972480 0.457746 0.449622 0.300554 0.387394 0.926313 0.963657 0.464446 0.445576 0.850040 0.725471 0.893848 0.778073 0.494731 0.587023 0.815407 0.749706 0.905102 0.778610 0.742711 0.910392 0.470894 0.622324 0.770356 0.847348 0.937758 0.957111 0.411974 0.509986 0.515966 0.541815 0.777147 0.814313 0.772839 0.826090 0.461757 0.414287 0.513822 0.454980 0.645301 0.630533 0.691791 0.627415 0.956177 0.797659 0.928032 0.855229 0.884936 0.775248 0.674330 0.914996 0.827760 0.912741
0.424893 0.588746 0.451604 0.323592 0.882555 0.568954 0.230742 0.000000 0.626456 0.571631 0.343762 0.471546 0.418594 0.382308 0.668835 0.471153 0.649763 0.523542 0.246988 0.321017 0.972369 0.858310 0.525487 0.539938 0.791793 0.532581 0.958999 0.872536 0.500719 0.616047 0.438034 0.381134 0.314007 0.277723 0.699322 0.836148 0.733012 0.950732 0.872839 0.928614 0.907128 0.871103 0.348988 0.400237 0.421054 0.479280 0.499062 0.473534 0.780363 0.715274 0.676507 0.749164 0.762942 0.732973 0.748829 0.761245 0.590942 0.742136 0.515765 0.944431 0.434472 0.680322 0.524069 0.784966 0.632606 0.469773 0.338265 0.364317 0.932747 0.886711 0.478554 0.439652 0.754034 0.591162 0.783929 0.695408 0.490036 0.575176 0.709489 0.695750 0.697801 0.601539 0.652338 0.913001 0.577018 0.644416 0.840425 0.861730 0.909787 0.920134 0.429661 0.596783 0.504858 0.666047 0.752282 0.816080 0.651684 0.768019 0.397173 0.365040 0.462346 0.471647 0.507679 0.543999 0.649124 0.681280 0.985617 0.783061 0.874994 0.927428 0.841242 0.716992 0.655551 0.867463 0.789411 0.955182
0.793938 0.999960 0.668735 0.688430 0.781403 0.680064 0.582377 0.626456 0.000000 0.540820 0.683816 0.819835 0.635390 0.767483 0.675590 0.630679 0.892963 0.867136 0.761570 0.758084 0.870872 0.873371 0.721362 0.896380 0.998769 0.727755 0.978016 0.762758 0.745501 0.804051 0.729146 0.776921 0.715554 0.685292 0.945843 0.792779 0.876509 0.774070 0.973023 0.828312 0.986204 0.933137 0.650012 0.665063 0.711149 0.747479 0.855795 0.800568 0.971577 0.914113 0.831712 0.784619 0.693829 0.603676 0.999430 0.913778 0.967277 0.949693 0.619486 0.965129 0.589230 0.917852 0.759226 0.927046 0.723032 0.855015 0.698995 0.802417 0.912692 0.968763 0.636975 0.563349 0.810818 0.839999 0.914887 0.915977 0.626521 0.708431 0.845711 0.899153 0.969169 0.944781 0.997914 0.833823 0.891578 0.925550 0.860121 0.906762 0.938080 0.844693 0.553731 0.544605 0.604299 0.521086 0.988761 0.836324 0.768338 0.874632 0.673722 0.643887 0.690273 0.623984 0.673620 0.719290 0.795835 0.584180 0.733262 0.794308 0.986210 0.962490 0.980851 0.866844 0.712348 0.743784 0.782273 0.870020
0.757188 0.735595 0.854072 0.849375 0.806749 0.703015 0.598395 0.571631 0.540820 0.000000 0.790189 0.818326 0.803312 0.807112 0.694131 0.675072 0.714872 0.637530 0.702321 0.773318 0.964060 0.882843 0.858132 0.876589 0.772724 0.983535 0.935766 0.912012 0.693803 0.734898 0.846859 0.812305 0.806105 0.679071 0.992276 0.973810 0.870231 0.948260 0.992069 0.843394 0.818995 0.946333 0.497681 0.558479 0.508491 0.516349 0.874367 0.689514 0.775082 0.706915 0.600464 0.558716 0.610974 0.527701 0.879659 0.922480 0.706230 0.782308 0.665157 0.986474 0.779757 0.914209 0.844898 0.824082 0.965571 0.941673 0.682572 0.773059 0.971715 0.865281 0.484579 0.495820 0.784478 0.728156 0.933902 0.817838 0.524899 0.598141 0.750456 0.848552 0.870491 0.947566 0.918323 0.927218 0.936753 0.767479 0.875761 0.808041 0.809054 0.642432 0.402464 0.437811 0.435704 0.456314 0.895854 0.931110 0.610287 0.809141 0.495240 0.487375 0.598116 0.567115 0.440467 0.654654 0.815870 0.596414 0.918701 0.569274 0.979632 0.948274 0.823147 0.629860 0.548349 0.672457 0.699791 0.805585
0.417382 0.744385 0.531476 0.413330 0.893142 0.606779 0.386334 0.343762 0.683816 0.790189 0.000000 0.459767 0.334218 0.346937 0.710064 0.526403 0.688200 0.619979 0.301569 0.405041 0.963181 0.793331 0.557614 0.568240 0.829920 0.591792 0.981078 0.849986 0.570092 0.597960 0.462902 0.443016 0.375578 0.335759 0.630239 0.884515 0.732365 0.949085 0.854288 0.961303 0.910531 0.988895 0.580376 0.598569 0.657476 0.712200 0.591424 0.617287 0.994299 0.903130 0.893870 0.986780 0.891687 0.905528 0.761171 0.830042 0.675168 0.842251 0.594521 0.998673 0.331541 0.679834 0.397286 0.690867 0.635606 0.510888 0.418787 0.440348 0.969817 0.962193 0.557972 0.618191 0.852400 0.751597 0.891914 0.759296 0.669886 0.662672 0.857548 0.755558 0.657427 0.610444 0.795756 0.891082 0.550636 0.615113 0.857346 0.837258 0.827333 0.884220 0.608847 0.780912 0.697773 0.777280 0.840311 0.715792 0.859193 0.859210 0.601964 0.568252 0.544390 0.649134 0.662354 0.626211 0.757722 0.766694 0.991483 0.886354 0.937154 0.904163 0.942384 0.842561 0.795436 0.955920 0.864999 0.857120
0.367462 0.446644 0.911799 0.721023 0.886062 0.631660 0.640030 0.471546 0.819835 0.818326 0.459767 0.000000 0.648501 0.557431 0.954707 0.587477 0.424264 0.341042 0.527036 0.424865 0.874625 0.832785 0.834126 0.797032 0.993603 0.786073 0.999775 0.971155 0.459851 0.378228 0.693534 0.658549 0.436534 0.488483 0.830517 0.882487 0.668599 0.784281 0.885628 0.886046 0.728060 0.873322 0.723118 0.685129 0.548134 0.602611 0.757470 0.689516 0.803163 0.784767 0.779430 0.840840 0.871801 0.857397 0.857654 0.858900 0.424289 0.471341 0.555960 0.728466 0.460672 0.371803 0.466621 0.376961 0.955914 0.573172 0.583821 0.530372 0.738442 0.606822 0.757024 0.730297 0.747615 0.650967 0.823933 0.792351 0.785155 0.819169 0.660010 0.603097 0.350603 0.430391 0.671639 0.636393 0.797659 0.737747 0.972084 0.988690 0.882045 0.870715 0.710505 0.960474 0.754274 0.925452 0.755822 0.905023 0.747574 0.826530 0.622242 0.676359 0.666723 0.737108 0.578496 0.669905 0.744769 0.832780 0.987787 0.954175 0.949983 0.946062 0.932146 0.780010 0.924028 0.922040 0.753968 0.956768
0.537522 0.891370 0.402765 0.367356 0.793335 0.711898 0.357321 0.418594 0.635390 0.803312 0.334218 0.648501 0.000000 0.302849 0.441930 0.436165 0.882556 0.742756 0.358227 0.470009 0.781808 0.949746 0.373205 0.453354 0.726011 0.600663 0.839973 0.801115 0.699242 0.685540 0.460542 0.431914 0.388234 0.351777 0.619119 0.844549 0.832359 0.969425 0.887488 0.995455 0.993383 0.862775 0.583189 0.602226 0.807684 0.855129 0.601964 0.648784 0.805601 0.934962 0.997369 0.976037 0.977476 0.867615 0.736291 0.958574 0.830877 0.995779 0.555061 0.991174 0.325947 0.914342 0.362557 0.816250 0.462290 0.535593 0.393332 0.539943 0.957267 0.918964 0.491980 0.576193 0.973256 0.898173 0.890188 0.733515 0.654441 0.596772 0.996729 0.818933 0.834209 0.806454 0.732502 0.857771 0.442200 0.539752 0.745994 0.864523 0.787890 0.902109 0.581603 0.686187 0.718165 0.650336 0.888068 0.770263 0.910611 0.896522 0.605629 0.606813 0.630256 0.658387 0.728787 0.667568 0.746945 0.705765 0.912159 0.813853 0.888684 0.865927 0.931996 0.869468 0.876824 0.958977 0.909052 0.852951
0.493486 0.771759 0.500713 0.379342 0.819281 0.781552 0.412235 0.382308 0.767483 0.807112 0.346937 0.557431 0.302849 0.000000 0.507701 0.399476 0.822756 0.641314 0.352697 0.408504 0.899182 0.999743 0.433268 0.439830 0.701424 0.644122 0.877108 0.755499 0.639873 0.573051 0.412935 0.389518 0.316473 0.323383 0.606427 0.738072 0.678649 0.992823 0.781147 0.929622 0.985696 0.870233 0.614812 0.655058 0.783147 0.845818 0.695966 0.675771 0.813871 0.925676 0.940699 0.956438 0.978924 0.931789 0.893204 0.992581 0.700500 0.853077 0.577152 0.980889 0.370679 0.814978 0.341406 0.700049 0.556910 0.486620 0.403185 0.441765 0.919762 0.994448 0.566734 0.512765 0.951091 0.808683 0.800860 0.726132 0.694354 0.676574 0.849939 0.779042 0.720894 0.718612 0.596718 0.934971 0.454734 0.467342 0.799623 0.816251 0.731450 0.823004 0.589699 0.811507 0.672475 0.793679 0.888905 0.690656 0.878366 0.890487 0.600251 0.624447 0.547759 0.685828 0.705636 0.748083 0.712849 0.774486 0.966921 0.846739 0.827123 0.880729 0.901657 0.904343 0.906850 0.966886 0.894247 0.859728
0.861042 0.910113 0.490602 0.553936 0.733258 0.925109 0.523293 0.668835 0.675590 0.694131 0.710064 0.954707 0.441930 0.507701 0.000000 0.493341 0.922991 0.942927 0.684527 0.789198 0.815272 0.933318 0.423146 0.643987 0.765285 0.745374 0.748824 0.752032 0.888291 0.862564 0.573564 0.620824 0.653380 0.620724 0.734761 0.856123 0.894729 0.988520 0.869577 0.995817 0.891333 0.803215 0.717468 0.790435 0.883957 0.934601 0.869418 0.811780 0.760867 0.878866 0.980013 0.914503 0.907127 0.778607 0.964063 0.883549 0.967906 0.887887 0.683266 0.939870 0.543265 0.868947 0.628593 0.962685 0.495144 0.733135 0.560978 0.723424 0.772629 0.849280 0.578604 0.539502 0.895437 0.956305 0.985209 0.860842 0.692760 0.721168 0.995497 0.985060 0.905451 0.855537 0.768549 0.839636 0.536330 0.697179 0.680802 0.927661 0.932411 0.989197 0.599965 0.611984 0.701861 0.554667 0.891333 0.932274 0.957824 0.879272 0.707027 0.753527 0.829823 0.730991 0.815592 0.830315 0.762795 0.685104 0.797424 0.732394 0.921154 0.753570 0.964214 0.878816 0.948799 0.937720 0.938718 0.904930
0.548537 0.704627 0.576355 0.550129 0.805922 0.728420 0.469341 0.471153 0.630679 0.675072 0.526403 0.587477 0.436165 0.399476 0.493341 0.000000 0.728495 0.573584 0.520213 0.521585 0.775122 0.892066 0.489005 0.612004 0.750397 0.554339 0.889103 0.910896 0.563069 0.491329 0.490827 0.455651 0.409096 0.439624 0.746820 0.796232 0.683017 0.835881 0.933698 0.899106 0.971271 0.885281 0.620807 0.650835 0.687318 0.704023 0.769973 0.710021 0.975864 0.941570 0.799262 0.810868 0.857308 0.749889 0.932231 0.993041 0.692670 0.773337 0.582641 0.867270 0.391413 0.675608 0.534759 0.672749 0.628918 0.528986 0.536068 0.577586 0.950249 0.948839 0.635334 0.568425 0.930393 0.808241 0.805309 0.785216 0.701303 0.764437 0.744657 0.623441 0.642153 0.740902 0.678733 0.917384 0.533406 0.603614 0.816212 0.997422 0.924417 0.959703 0.552028 0.775987 0.648448 0.682145 0.797577 0.898121 0.719549 0.833946 0.580617 0.692589 0.606474 0.689606 0.697514 0.827608 0.747510 0.820071 0.845855 0.850941 0.921346 0.918365 0.875166 0.745190 0.856885 0.977942 0.840379 0.907949
0.381133 0.287199 0.824448 0.996302 0.958767 0.704515 0.865849 0.649763 0.892963 0.714872 0.688200 0.424264 0.882556 0.822756 0.922991 0.728495 0.000000 0.291762 0.719881 0.591841 0.957668 0.843441 0.883527 0.946485 0.941919 0.965441 0.994469 0.975309 0.472574 0.411698 0.870406 0.801652 0.713318 0.665260 0.969028 0.974442 0.805102 0.783756 0.938879 0.758125 0.713095 0.795195 0.726788 0.628283 0.569841 0.542732 0.839991 0.818182 0.684066 0.686456 0.666726 0.724713 0.860908 0.859644 0.930928 0.787615 0.288528 0.288411 0.731714 0.791853 0.760031 0.499027 0.656495 0.370158 0.755485 0.841952 0.801919 0.766880 0.575912 0.600858 0.785610 0.803335 0.751421 0.664735 0.862284 0.675486 0.832450 0.850765 0.658974 0.658578 0.285389 0.485642 0.733439 0.551138 0.945984 0.964386 0.943687 0.846524 0.973286 0.960843 0.787574 0.954113 0.783860 0.991555 0.640601 0.967533 0.628658 0.678921 0.631527 0.649749 0.764364 0.817397 0.545088 0.646966 0.724620 0.873503 0.960268 0.880955 0.944857 0.825320 0.828416 0.626457 0.810279 0.834754 0.705925 0.806801
0.367959 0.295680 0.953591 0.847549 0.911493 0.644209 0.712094 0.523542 0.867136 0.637530 0.619979 0.341042 0.742756 0.641314 0.942927 0.573584 0.291762 0.000000 0.585546 0.525208 0.939196 0.919964 0.958973 0.915434 0.966845 0.887375 0.991336 0.964501 0.443167 0.320794 0.746542 0.635955 0.551882 0.575273 0.976771 0.899151 0.752134 0.841472 0.983634 0.826870 0.793797 0.888280 0.640203 0.575880 0.507349 0.486577 0.791177 0.710644 0.757954 0.722023 0.691449 0.710551 0.859141 0.844435 0.917726 0.874480 0.269286 0.313133 0.696276 0.832219 0.629136 0.482442 0.558907 0.326922 0.889448 0.712765 0.655865 0.651816 0.679397 0.605871 0.687072 0.683207 0.769111 0.642106 0.846245 0.716052 0.748540 0.736905 0.500482 0.521530 0.264041 0.474753 0.649563 0.629342 0.960012 0.861630 0.987407 0.862558 0.947849 0.968980 0.652315 0.880389 0.655216 0.893375 0.746682 0.901394 0.582666 0.798985 0.540460 0.587244 0.645164 0.728844 0.490499 0.652522 0.685254 0.805724 0.918925 0.923225 0.982126 0.858213 0.844129 0.615602 0.812450 0.837670 0.703739 0.872039
0.424139 0.662061 0.456889 0.340742 0.891306 0.576245 0.286792 0.246988 0.761570 0.702321 0.301569 0.527036 0.358227 0.352697 0.684527 0.520213 0.719881 0.585546 0.000000 0.347706 0.982850 0.860234 0.528752 0.508315 0.776941 0.600347 0.984719 0.855546 0.586859 0.649809 0.442825 0.385337 0.336486 0.277166 0.641314 0.845735 0.809754 0.997674 0.882136 0.953045 0.925445 0.858053 0.422248 0.453090 0.567745 0.608953 0.508092 0.489110 0.922811 0.822206 0.857058 0.908543 0.917002 0.914458 0.743004 0.833844 0.627427 0.827807 0.595740 0.979127 0.457968 0.792022 0.493623 0.813148 0.643159 0.495243 0.362080 0.394317 0.982009 0.943847 0.505263 0.575630 0.850685 0.697421 0.802657 0.683568 0.587504 0.626788 0.771338 0.708915 0.728947 0.595653 0.719969 0.988796 0.549685 0.604950 0.832962 0.840657 0.803631 0.910867 0.503142 0.676991 0.608167 0.748372 0.848952 0.761389 0.773889 0.849496 0.450976 0.439530 0.517704 0.534459 0.601491 0.583551 0.682566 0.758391 0.990412 0.813918 0.924782 0.868548 0.957384 0.702227 0.686373 0.932095 0.901795 0.908507
0.383427 0.530382 0.649873 0.470216 0.894309 0.628774 0.449373 0.321017 0.758084 0.773318 0.405041 0.424865 0.470009 0.408504 0.789198 0.521585 0.591841 0.525208 0.347706 0.000000 0.898975 0.958697 0.678847 0.600333 0.783482 0.655565 0.958210 0.861218 0.459736 0.608387 0.567535 0.477446 0.335902 0.360892 0.738243 0.851151 0.738179 0.960627 0.888969 0.950836 0.869389 0.950804 0.508243 0.515983 0.566732 0.590864 0.533844 0.575043 0.797580 0.745489 0.739377 0.844861 0.836776 0.867749 0.763807 0.809191 0.537165 0.628794 0.522724 0.828891 0.502821 0.603576 0.500210 0.702972 0.729151 0.530091 0.484414 0.480885 0.728717 0.795590 0.582544 0.649424 0.732160 0.619398 0.773763 0.632837 0.628915 0.667280 0.799405 0.708141 0.568599 0.447165 0.599131 0.808284 0.586174 0.594197 0.755038 0.808612 0.842105 0.857003 0.603737 0.811888 0.709082 0.872367 0.754993 0.875814 0.770401 0.780816 0.517262 0.483645 0.611939 0.648855 0.553872 0.608155 0.625371 0.763018 0.991490 0.878156 0.836389 0.988120 0.924306 0.728425 0.745918 0.916830 0.849217 0.989444
0.921359 0.997676 0.851235 0.931762 0.824571 0.873983 0.885401 0.972369 0.870872 0.964060 0.963181 0.874625 0.781808 0.899182 0.815272 0.775122 0.957668 0.939196 0.982850 0.898975 0.000000 0.972858 0.823273 0.869798 0.871461 0.877557 0.865085 0.902931 0.973893 0.902764 0.854156 0.938420 0.815921 0.881833 0.973769 0.827762 0.914417 0.789372 0.987280 0.800608 0.873349 0.931963 0.999428 0.975733 0.962982 0.942445 0.992877 0.998523 0.844177 0.840710 0.954592 0.971009 0.908612 0.908662 0.903030 0.996778 0.945213 0.974686 0.747560 0.738767 0.710233 0.886437 0.875955 0.903923 0.729132 0.772972 0.832486 0.843182 0.909842 0.915841 0.801731 0.941264 0.962845 0.959746 0.937546 0.867351 0.961545 0.851437 0.968197 0.855326 0.866009 0.992408 0.945519 0.989205 0.808994 0.794649 0.831614 0.848839 0.890431 0.951265 0.926755 0.932360 0.941538 0.838090 0.986340 0.863474 0.918747 0.960667 0.880160 0.985384 0.932654 0.994078 0.994460 0.978456 0.918739 0.810599 0.883085 0.973237 0.935084 0.988106 0.829599 0.878436 0.883322 0.990429 0.831604 0.885142
0.909013 0.918761 0.998632 0.958892 0.909533 0.860689 0.855958 0.858310 0.873371 0.882843 0.793331 0.832785 0.949746 0.999743 0.933318 0.892066 0.843441 0.919964 0.860234 0.958697 0.972858 0.000000 0.981417 0.920285 0.850693 0.844440 0.776272 0.840967 0.842564 0.869191 0.970177 0.985384 0.889859 0.886673 0.999450 0.988966 0.840965 0.824208 0.929168 0.837264 0.909474 0.964493 0.869955 0.945357 0.898015 0.895099 0.935350 0.940604 0.873089 0.856164 0.967697 0.955931 0.889458 0.929655 0.983130 0.836805 0.948570 0.977919 0.932586 0.976250 0.911896 0.856675 0.967570 0.974595 0.972075 0.934021 0.919634 0.864074 0.955436 0.982441 0.970847 0.956198 0.819146 0.965353 0.913652 0.989375 0.970494 0.879447 0.912324 0.996599 0.903497 0.971600 0.846468 0.977485 0.989375 0.876809 0.936509 0.940138 0.907460 0.842970 0.960936 0.975542 0.973675 0.913202 0.931443 0.889725 0.996486 0.987900 0.936166 0.995310 0.873559 0.827660 0.965297 0.929422 0.811200 0.995457 0.881777 0.953561 0.995187 0.897427 0.970413 0.886540 0.869431 0.973106 0.904659 0.938511
0.855666 0.865475 0.305617 0.339211 0.834967 0.936519 0.390274 0.525487 0.721362 0.858132 0.557614 0.834126 0.373205 0.433268 0.423146 0.489005 0.883527 0.958973 0.528752 0.678847 0.823273 0.981417 0.000000 0.365719 0.521002 0.547141 0.789895 0.901096 0.898180 0.816426 0.365716 0.401924 0.450975 0.442156 0.564222 0.736349 0.794784 0.955203 0.786776 0.925808 0.956757 0.685588 0.780150 0.824966 0.976673 0.981417 0.781498 0.761147 0.672012 0.774617 0.930578 0.943665 0.971329 0.884623 0.858179 0.914030 0.879051 0.825538 0.710457 0.922381 0.409652 0.939965 0.560116 0.978668 0.343452 0.441163 0.467311 0.506776 0.802934 0.736053 0.632210 0.614572 0.882631 0.997964 0.849824 0.846152 0.795198 0.729892 0.953941 0.846558 0.956503 0.965989 0.736183 0.800553 0.332515 0.469370 0.740768 0.812342 0.775995 0.783998 0.717696 0.770941 0.782920 0.713460 0.866766 0.870214 0.990701 0.907444 0.829474 0.790166 0.741579 0.714974 0.994772 0.882812 0.817769 0.724457 0.987797 0.877673 0.981701 0.757632 0.997561 0.926498 0.982457 0.930099 0.938197 0.883126
0.824194 0.984733 0.413829 0.308464 0.949833 0.887930 0.503519 0.539938 0.896380 0.876589 0.568240 0.797032 0.453354 0.439830 0.643987 0.612004 0.946485 0.915434 0.508315 0.600333 0.869798 0.920285 0.365719 0.000000 0.425661 0.557744 0.842723 0.822076 0.879835 0.792110 0.416508 0.389167 0.460819 0.462966 0.648033 0.825343 0.925264 0.989277 0.739708 0.998545 0.846247 0.674207 0.793832 0.807245 0.959025 0.999687 0.745972 0.750237 0.790734 0.840653 0.929575 0.827560 0.840607 0.916569 0.713356 0.993033 0.998966 0.900707 0.833948 0.954615 0.534079 0.882982 0.633414 0.998886 0.441979 0.428619 0.570529 0.539747 0.949742 0.734034 0.791700 0.827335 0.897752 0.965190 0.795219 0.840498 0.900996 0.806706 0.952728 0.798155 0.954796 0.740530 0.631590 0.990420 0.384025 0.324594 0.756365 0.576328 0.680877 0.670136 0.900759 0.987023 0.980270 0.977184 0.887630 0.867275 0.985821 0.978802 0.873332 0.847514 0.786125 0.860964 0.959033 0.920527 0.828383 0.947627 0.905768 0.872480 0.904866 0.806158 0.955191 0.945890 0.903907 0.891357 0.984667 0.791404
0.907630 0.995323 0.598807 0.575100 0.964060 0.981411 0.750169 0.791793 0.998769 0.772724 0.829920 0.993603 0.726011 0.701424 0.765285 0.750397 0.941919 0.966845 0.776941 0.783482 0.871461 0.850693 0.521002 0.425661 0.000000 0.609438 0.734815 0.931332 0.919733 0.910568 0.529999 0.493488 0.664514 0.687782 0.781893 0.822275 0.913564 0.959128 0.716243 0.937801 0.941141 0.694155 0.985560 0.997671 0.831355 0.850325 0.869192 0.941979 0.792975 0.793020 0.872341 0.746332 0.714094 0.775780 0.864971 0.877377 0.957300 0.988799 0.975762 0.828869 0.698374 0.895530 0.793228 0.972968 0.526012 0.582810 0.780144 0.729177 0.976621 0.717545 0.997014 0.977801 0.824606 0.858500 0.803666 0.857493 0.967795 0.954954 0.926269 0.808647 0.963307 0.759688 0.637403 0.939099 0.445138 0.445882 0.816976 0.783335 0.667477 0.585621 0.828485 0.798024 0.845785 0.763424 0.904671 0.910575 0.974626 0.890654 0.950369 0.969598 0.941329 0.949006 0.758567 0.841644 0.864441 0.974464 0.982093 0.876882 0.877932 0.950865 0.952888 0.884367 0.786605 0.805642 0.975524 0.850241
0.817798 0.931018 0.431820 0.465009 0.965233 0.813011 0.487866 0.532581 0.727755 0.983535 0.591792 0.786073 0.600663 0.644122 0.745374 0.554339 0.965441 0.887375 0.600347 0.655565 0.877557 0.844440 0.547141 0.557744 0.609438 0.000000 0.967311 0.914284 0.768883 0.863750 0.512878 0.507704 0.557206 0.607468 0.819484 0.785153 0.820282 0.877302 0.922943 0.978195 0.902551 0.813399 0.718812 0.795388 0.758359 0.768491 0.692830 0.733795 0.883513 0.903226 0.877508 0.990724 0.922628 0.948145 0.660227 0.961124 0.982166 0.954913 0.780002 0.853212 0.524882 0.759815 0.803757 0.944817 0.476228 0.494458 0.615445 0.600179 0.999372 0.786066 0.872584 0.783414 0.944959 0.880165 0.840195 0.946967 0.853297 0.773229 0.844818 0.754458 0.927415 0.731309 0.801501 0.980968 0.519971 0.588397 0.786899 0.774114 0.869816 0.926592 0.822185 0.921687 0.873482 0.888807 0.864564 0.860602 0.901604 0.892027 0.848759 0.822937 0.767052 0.841110 0.997582 0.967943 0.823631 0.842150 0.909166 0.947004 0.895729 0.962420 0.996886 0.955400 0.987092 0.901836 0.891839 0.882621
0.971908 0.992362 0.928090 0.913515 0.937166 0.995876 0.988837 0.958999 0.978016 0.935766 0.981078 0.999775 0.839973 0.877108 0.748824 0.889103 0.994469 0.991336 0.984719 0.958210 0.865085 0.776272 0.789895 0.842723 0.734815 0.967311 0.000000 0.765810 0.975448 0.949471 0.922430 0.937128 0.959387 0.928534 0.875463 0.848961 0.968647 0.861772 0.864796 0.939810 0.885015 0.982317 0.857535 0.904929 0.852825 0.825509 0.925709 0.892914 0.707684 0.786405 0.980505 0.892561 0.797949 0.969939 0.941690 0.879586 0.961139 0.961844 0.865425 0.666554 0.799622 0.952810 0.797567 0.869484 0.840410 0.772879 0.865127 0.854391 0.998923 0.908574 0.962103 0.945538 0.821551 0.811004 0.862741 0.997358 0.968862 0.891778 0.998188 0.922906 0.918029 0.998441 0.755861 0.862328 0.769502 0.716004 0.826165 0.963875 0.690615 0.788026 0.900164 0.899139 0.896518 0.983226 0.863184 0.904333 0.968918 0.806081 0.997879 0.989306 0.874941 0.923209 0.986220 0.964464 0.920293 0.920077 0.973399 0.844979 0.975096 0.841530 0.958814 0.910674 0.760172 0.891730 0.880903 0.909935
0.904788 0.918679 0.889146 0.760996 0.963522 0.825749 0.866305 0.872536 0.762758 0.912012 0.849986 0.971155 0.801115 0.755499 0.752032 0.910896 0.975309 0.964501 0.855546 0.861218 0.902931 0.840967 0.901096 0.822076 0.931332 0.914284 0.765810 0.000000 0.871573 0.999837 0.824080 0.921575 0.870835 0.865414 0.772266 0.882621 0.962007 0.958809 0.874141 0.949847 0.937841 0.998352 0.928730 0.887470 0.964073 0.974887 0.950621 0.943667 0.864347 0.918407 0.994134 0.950673 0.968664 0.962184 0.976695 0.983509 0.980154 0.840554 0.787496 0.959717 0.901273 0.843504 0.833798 0.929356 0.917332 0.948523 0.825626 0.905896 0.909358 0.977711 0.892788 0.827915 0.885684 0.874669 0.827111 0.975331 0.787670 0.948811 0.888419 0.901224 0.907802 0.932088 0.936796 0.878016 0.899647 0.864606 0.906368 0.901524 0.970428 0.987621 0.797024 0.832871 0.868567 0.810504 0.895360 0.941732 0.919294 0.852584 0.882688 0.877173 0.881031 0.821770 0.834957 0.773105 0.849568 0.942022 0.941454 0.838010 0.860122 0.760075 0.942999 0.898574 0.970116 0.858130 0.868593 0.934578
0.513337 0.488323 0.856982 0.732766 0.925870 0.811714 0.650658 0.500719 0.745501 0.693803 0.570092 0.459851 0.699242 0.639873 0.888291 0.563069 0.472574 0.443167 0.586859 0.459736 0.973893 0.842564 0.898180 0.879835 0.919733 0.768883 0.975448 0.871573 0.000000 0.493680 0.698183 0.710168 0.563150 0.615188 0.829410 0.987892 0.707355 0.899649 0.994366 0.816982 0.818621 0.941563 0.656929 0.612520 0.501029 0.480307 0.788323 0.672008 0.654551 0.635249 0.609927 0.668078 0.671556 0.729644 0.790298 0.719412 0.493502 0.506356 0.574643 0.842452 0.607796 0.541475 0.612892 0.573023 0.977217 0.752699 0.668555 0.693385 0.762891 0.590809 0.747497 0.676216 0.579535 0.549937 0.779902 0.682194 0.711427 0.785101 0.649107 0.768282 0.518508 0.599255 0.692876 0.675541 0.837620 0.859824 0.863034 0.944728 0.990510 0.907455 0.642506 0.884847 0.730516 0.823658 0.680114 0.903077 0.614961 0.857067 0.626750 0.616438 0.652797 0.788640 0.527355 0.698884 0.677443 0.869857 0.918453 0.804059 0.754013 0.941693 0.802422 0.806918 0.759307 0.774147 0.805606 0.995982
0.478519 0.424084 0.992953 0.849758 0.912440 0.768772 0.760847 0.616047 0.804051 0.734898 0.597960 0.378228 0.685540 0.573051 0.862564 0.491329 0.411698 0.320794 0.649809 0.608387 0.902764 0.869191 0.816426 0.792110 0.910568 0.863750 0.949471 0.999837 0.493680 0.000000 0.679762 0.631052 0.541634 0.573167 0.983514 0.983352 0.759266 0.803153 0.867111 0.761743 0.824925 0.892312 0.816176 0.736687 0.709138 0.677303 0.945996 0.816978 0.930946 0.919114 0.779790 0.828476 0.952773 0.883966 0.983902 0.959923 0.402941 0.414952 0.729263 0.807762 0.544005 0.477525 0.485545 0.322003 0.982683 0.680679 0.742784 0.706388 0.747156 0.713401 0.779703 0.771122 0.878441 0.781813 0.822383 0.798937 0.859336 0.783196 0.628047 0.520806 0.315784 0.580327 0.658054 0.680761 0.862324 0.756965 0.949784 0.930174 0.902123 0.907697 0.774365 0.975810 0.786272 0.963432 0.751767 0.901283 0.682658 0.912961 0.681965 0.788175 0.733458 0.854758 0.649582 0.849488 0.817250 0.897977 0.907754 0.995538 0.850544 0.867620 0.809783 0.718580 0.997501 0.885177 0.725175 0.923777
0.669976 0.913106 0.371765 0.331612 0.854158 0.860167 0.406365 0.438034 0.729146 0.846859 0.462902 0.693534 0.460542 0.412935 0.573564 0.490827 0.870406 0.746542 0.442825 0.567535 0.854156 0.970177 0.365716 0.416508 0.529999 0.512878 0.922430 0.824080 0.698183 0.679762 0.000000 0.360268 0.383408 0.406534 0.605695 0.823407 0.737942 0.932190 0.827989 0.951363 0.953172 0.770029 0.731980 0.730719 0.794608 0.846166 0.804376 0.773962 0.882862 0.930757 0.945405 0.944485 0.984271 0.963536 0.829658 0.974883 0.848205 0.925296 0.683732 0.931314 0.406362 0.789880 0.555684 0.851752 0.491805 0.483938 0.504588 0.493967 0.968208 0.940476 0.622095 0.537365 0.893519 0.714949 0.730087 0.764681 0.763467 0.785153 0.792014 0.734143 0.842455 0.773836 0.702886 0.890957 0.435492 0.500464 0.805618 0.828494 0.808784 0.821956 0.728437 0.855228 0.725275 0.871702 0.849112 0.849140 0.772782 0.875378 0.770143 0.718079 0.588791 0.721881 0.891940 0.875730 0.663329 0.799457 0.974836 0.879775 0.946964 0.900885 0.966535 0.987535 0.955608 0.906423 0.882458 0.929696
0.564041 0.771024 0.419285 0.352171 0.907639 0.711942 0.384910 0.381134 0.776921 0.812305 0.443016 0.658549 0.431914 0.389518 0.620824 0.455651 0.801652 0.635955 0.385337 0.477446 0.938420 0.985384 0.401924 0.389167 0.493488 0.507704 0.937128 0.921575 0.710168 0.631052 0.360268 0.000000 0.397591 0.362962 0.636258 0.800652 0.793743 0.917844 0.807666 0.987417 0.905871 0.785259 0.604944 0.577764 0.725827 0.733317 0.659228 0.591901 0.990291 0.947726 0.892968 0.985119 0.976442 0.955515 0.762471 0.963224 0.740567 0.859831 0.706311 0.993630 0.439847 0.753042 0.554670 0.822411 0.513797 0.463496 0.456182 0.480271 0.995177 0.860764 0.673900 0.620767 0.935349 0.790924 0.798525 0.721073 0.703368 0.654756 0.792732 0.626140 0.744888 0.639340 0.590744 0.904393 0.462289 0.483602 0.775304 0.805440 0.850751 0.792331 0.669050 0.830758 0.746497 0.843285 0.801274 0.813508 0.842136 0.857101 0.689375 0.647361 0.651400 0.692180 0.794653 0.776387 0.714200 0.809469 0.992624 0.941879 0.917877 0.938046 0.879220 0.904138 0.944469 0.941519 0.876559 0.929103
0.448497 0.676757 0.511865 0.392679 0.810807 0.679327 0.369530 0.314007 0.715554 0.806105 0.375578 0.436534 0.388234 0.316473 0.653380 0.409096 0.713318 0.551882 0.336486 0.335902 0.815921 0.889859 0.450975 0.460819 0.664514 0.557206 0.959387 0.870835 0.563150 0.541634 0.383408 0.397591 0.000000 0.325713 0.651363 0.749525 0.607774 0.813745 0.766372 0.911899 0.876318 0.852783 0.591725 0.624425 0.661095 0.725202 0.609650 0.681475 0.967317 0.976071 0.862102 0.981571 0.972279 0.927019 0.869867 0.863837 0.642650 0.736969 0.513120 0.827093 0.337718 0.616373 0.387179 0.653904 0.557706 0.374622 0.370328 0.350345 0.934187 0.905454 0.573059 0.519148 0.837316 0.719025 0.803087 0.725237 0.672185 0.730077 0.746323 0.652472 0.611337 0.576113 0.635700 0.873634 0.445454 0.478690 0.817521 0.839174 0.809658 0.846829 0.611809 0.840570 0.663679 0.856782 0.845024 0.784068 0.745118 0.821555 0.554669 0.594451 0.570846 0.654382 0.671164 0.729037 0.700195 0.786576 0.951277 0.903070 0.908793 0.977521 0.966930 0.833145 0.857518 0.922872 0.912176 0.902415
0.428311 0.658386 0.459266 0.350595 0.816991 0.600423 0.318335 0.277723 0.685292 0.679071 0.335759 0.488483 0.351777 0.323383 0.620724 0.439624 0.665260 0.575273 0.277166 0.360892 0.881833 0.886673 0.442156 0.462966 0.687782 0.607468 0.928534 0.865414 0.615188 0.573167 0.406534 0.362962 0.325713 0.000000 0.619468 0.819015 0.734632 0.848223 0.710583 0.968962 0.929774 0.775244 0.480671 0.479775 0.597768 0.647083 0.564853 0.548561 0.974797 0.869801 0.793475 0.856114 0.867767 0.816928 0.801524 0.989504 0.628943 0.786391 0.553259 0.891247 0.374452 0.702477 0.441287 0.723217 0.585800 0.401135 0.359876 0.347938 0.898809 0.977585 0.510388 0.552260 0.846040 0.710908 0.763607 0.651134 0.678109 0.627904 0.795817 0.663606 0.665111 0.589869 0.603110 0.912968 0.472266 0.518728 0.789888 0.860686 0.778444 0.871099 0.533884 0.722141 0.608166 0.740493 0.827119 0.803102 0.804756 0.798672 0.492153 0.504008 0.533626 0.594319 0.602826 0.601002 0.620163 0.727674 0.974232 0.794577 0.913109 0.909907 0.962261 0.725109 0.787964 0.978039 0.767333 0.899714
0.774322 0.912620 0.588849 0.551617 0.843247 0.931368 0.653994 0.699322 0.945843 0.992276 0.630239 0.830517 0.619119 0.606427 0.734761 0.746820 0.969028 0.976771 0.641314 0.738243 0.973769 0.999450 0.564222 0.648033 0.781893 0.819484 0.875463 0.772266 0.829410 0.983514 0.605695 0.636258 0.651363 0.619468 0.000000 0.783435 0.685367 0.951955 0.835564 0.987620 0.898524 0.985681 0.839149 0.829609 0.963420 0.989064 0.751636 0.869225 0.787086 0.923831 0.961833 0.952384 0.982897 0.993524 0.785786 0.928405 0.952431 0.907133 0.660507 0.974436 0.640465 0.976482 0.656812 0.966412 0.598051 0.647436 0.509462 0.575995 0.831917 0.893627 0.748956 0.725439 0.884657 0.805442 0.950131 0.811488 0.862276 0.908122 0.994629 0.984958 0.997451 0.895599 0.840505 0.968792 0.542273 0.646878 0.769116 0.968915 0.768681 0.862905 0.699171 0.832546 0.759825 0.735139 0.929089 0.790974 0.999922 0.835891 0.845386 0.855967 0.761951 0.756692 0.921814 0.841132 0.786198 0.774645 0.842267 0.727481 0.807812 0.897230 0.991126 0.820950 0.940230 0.937239 0.938891 0.765937
0.945783 0.978488 0.824863 0.785890 0.949025 0.939965 0.819320 0.836148 0.792779 0.973810 0.884515 0.882487 0.844549 0.738072 0.856123 0.796232 0.974442 0.899151 0.845735 0.851151 0.827762 0.988966 0.736349 0.825343 0.822275 0.785153 0.848961 0.882621 0.987892 0.983352 0.823407 0.800652 0.749525 0.819015 0.783435 0.000000 0.799306 0.907271 0.898330 0.931099 0.837908 0.957378 0.989818 0.947047 0.986813 0.942829 0.858202 0.954180 0.853793 0.914136 0.945374 0.982228 0.966365 0.976449 0.932461 0.924274 0.995382 0.939345 0.860422 0.824106 0.806940 0.885772 0.807518 0.950571 0.734027 0.643841 0.646217 0.621628 0.854208 0.994488 0.785899 0.793675 0.978460 0.878339 0.924222 0.989515 0.912649 0.974585 0.907709 0.960893 0.908602 0.901262 0.741767 0.940941 0.624398 0.627568 0.945218 0.905559 0.823708 0.924216 0.908267 0.989475 0.803392 0.935272 0.952544 0.812938 0.907771 0.744822 0.961892 0.965607 0.825980 0.863335 0.989335 0.909000 0.801438 0.904696 0.896957 0.956182 0.945869 0.963955 0.973245 0.939979 0.975713 0.768360 0.914314 0.946304
0.720784 0.875999 0.839408 0.817076 0.776724 0.986938 0.783236 0.733012 0.876509 0.870231 0.732365 0.668599 0.832359 0.678649 0.894729 0.683017 0.805102 0.752134 0.809754 0.738179 0.914417 0.840965 0.794784 0.925264 0.913564 0.820282 0.968647 0.962007 0.707355 0.759266 0.737942 0.793743 0.607774 0.734632 0.685367 0.799306 0.000000 0.781040 0.827512 0.788247 0.694261 0.839037 0.930330 0.939355 0.855651 0.944490 0.906499 0.961914 0.986948 0.975453 0.818645 0.962518 0.887731 0.913936 0.931442 0.999641 0.800072 0.785628 0.601261 0.782846 0.650107 0.721179 0.676663 0.724191 0.905150 0.732430 0.686785 0.586145 0.990663 0.961574 0.850410 0.632798 0.827716 0.794173 0.930901 0.865980 0.925466 0.900053 0.827985 0.833370 0.753515 0.926132 0.782906 0.786495 0.797759 0.860504 0.920014 0.874619 0.820023 0.958460 0.811153 0.944452 0.760353 0.918423 0.698752 0.885695 0.846311 0.882436 0.843696 0.897359 0.796574 0.909840 0.810516 0.949331 0.839346 0.874467 0.986036 0.792598 0.852006 0.822960 0.828533 0.993733 0.985736 0.945063 0.926730 0.900347
0.840295 0.906587 0.990006 0.988102 0.825205 0.910236 0.955325 0.950732 0.774070 0.948260 0.949085 0.784281 0.969425 0.992823 0.988520 0.835881 0.783756 0.841472 0.997674 0.960627 0.789372 0.824208 0.955203 0.989277 0.959128 0.877302 0.861772 0.958809 0.899649 0.803153 0.932190 0.917844 0.813745 0.848223 0.951955 0.907271 0.781040 0.000000 0.870816 0.819749 0.849918 0.955388 0.980293 0.954635 0.909771 0.977252 0.965735 0.951558 0.941639 0.909321 0.986985 0.988552 0.971189 0.986859 0.935392 0.999194 0.873317 0.853553 0.784097 0.667627 0.761209 0.750884 0.848860 0.737528 0.974930 0.818540 0.861226 0.823545 0.974001 0.925293 0.973532 0.867893 0.963487 0.998976 0.939478 0.927468 0.869557 0.870044 0.989760 0.915802 0.802594 0.929018 0.889026 0.969187 0.951975 0.999881 0.952262 0.805243 0.996836 0.781903 0.934311 0.981631 0.860687 0.948538 0.975670 0.947539 0.911144 0.870780 0.919675 0.974641 0.972651 0.986387 0.984428 0.990401 0.888248 0.883381 0.837975 0.974120 0.918178 0.934679 0.868948 0.897076 0.908768 0.896594 0.883184 0.991796
