0.000000 0.398598 0.918264 0.936475 0.903180 0.615715 0.636213 0.489744 0.692735 0.730057 0.501909 0.414673 0.659615 0.623106 0.964031 0.756494 0.410322 0.414444 0.495420 0.459877 0.885102 0.871851 0.778672 0.883253 0.801386 0.868481 0.833384 0.994269 0.623063 0.543303 0.974191 0.715284 0.618834 0.556123 0.968603 0.856624 0.929448 0.979574 0.966839 0.963737 0.945753 0.883371 0.567945 0.522501 0.608592 0.599835 0.638020 0.576545 0.676129 0.664117 0.774558 0.776883 0.862739 0.857133 0.972887 0.865187 0.330470 0.518426 0.566792 0.915914 0.569571 0.722471 0.482043 0.431415 0.747012 0.987214 0.741540 0.736414 0.767839 0.723420 0.818532 0.821971 0.870535 0.769693 0.968350 0.818987 0.734441 0.798292 0.829560 0.763666 0.548940 0.623208 0.840834 0.790024 0.856800 0.848510 0.968508 0.799701 0.998634 0.972879 0.567017 0.734819 0.720485 0.836291 0.830027 0.861545 0.796190 0.808205 0.498553 0.511131 0.628354 0.662695 0.516835 0.552288 0.847820 0.707433 0.882369 0.891629 0.945325 0.947819 0.869084 0.738885 0.705175 0.834867 0.798416 0.924595
0.398598 0.000000 0.739117 0.890060 0.899179 0.730894 0.805080 0.646356 0.812869 0.734744 0.731073 0.467550 0.906212 0.807341 0.886763 0.768101 0.375669 0.353114 0.703449 0.683150 0.986491 0.817110 0.748299 0.822076 0.844568 0.849509 0.886357 0.883666 0.666970 0.435168 0.932120 0.783546 0.713327 0.668512 0.840529 0.909335 0.924078 0.893368 0.955990 0.815339 0.891368 0.860951 0.651645 0.574076 0.607555 0.533927 0.814232 0.649496 0.646789 0.604220 0.708749 0.648901 0.831517 0.737836 0.957945 0.774091 0.287294 0.318090 0.706961 0.838511 0.732025 0.636769 0.675174 0.392433 0.717379 0.985933 0.807568 0.799415 0.798886 0.660579 0.874396 0.891418 0.859864 0.813587 0.907054 0.779234 0.762447 0.772739 0.651377 0.585774 0.411166 0.608243 0.823634 0.747090 0.748895 0.847989 0.806491 0.774052 0.930256 0.958201 0.670079 0.829494 0.782532 0.834802 0.778065 0.902741 0.682445 0.871343 0.590515 0.691177 0.748713 0.718618 0.577257 0.662500 0.917031 0.759790 0.768114 0.978234 0.873602 0.899812 0.810790 0.683750 0.730357 0.883056 0.808689 0.835050
0.918264 0.739117 0.000000 0.356691 0.915598 0.959226 0.615209 0.719630 0.837705 0.878216 0.824402 0.818226 0.652001 0.698331 0.680456 0.911666 0.749735 0.732700 0.638456 0.791625 0.951468 0.988771 0.495218 0.595596 0.699433 0.669478 0.790154 0.879255 0.968585 0.766378 0.471007 0.586607 0.617423 0.703967 0.661103 0.758716 0.937379 0.990973 0.810781 0.970328 0.978023 0.747038 0.793396 0.895711 0.911297 0.813510 0.687171 0.781006 0.733238 0.852072 0.866236 0.852960 0.894241 0.955321 0.838001 0.941307 0.809650 0.626523 0.855714 0.763873 0.723368 0.974315 0.962753 0.640911 0.443586 0.490200 0.611546 0.668553 0.905354 0.805941 0.771538 0.918967 0.987453 0.967097 0.984840 0.920598 0.790077 0.726086 0.780489 0.817596 0.649497 0.752636 0.954062 0.651065 0.638555 0.728299 0.834831 0.899381 0.865899 0.909479 0.929242 0.805970 0.935403 0.824110 0.989044 0.922098 0.742570 0.980979 0.996928 0.827806 0.901346 0.800124 0.936621 0.967622 0.921146 0.925608 0.825033 0.761155 0.907496 0.912278 0.893067 0.963843 0.973106 0.929211 0.982424 0.728225
0.936475 0.890060 0.356691 0.000000 0.967621 0.982727 0.678336 0.671202 0.934494 0.743924 0.833276 0.966590 0.637977 0.572036 0.753212 0.938840 0.847611 0.880674 0.574432 0.645675 0.976657 0.990779 0.431647 0.425863 0.579280 0.591880 0.726871 0.721903 0.972690 0.866543 0.425685 0.508678 0.563542 0.679984 0.620248 0.778414 0.853763 0.946752 0.745292 0.995605 0.962936 0.802606 0.808156 0.905966 0.812313 0.731831 0.670488 0.803195 0.605043 0.777035 0.797842 0.820145 0.814316 0.887559 0.757405 0.937138 0.955374 0.753784 0.888197 0.837433 0.804626 0.983350 0.884180 0.742931 0.492929 0.437818 0.606695 0.643854 0.961934 0.850661 0.774816 0.874277 0.922842 0.937095 0.873677 0.907786 0.822551 0.763858 0.959690 0.938259 0.889833 0.992370 0.862348 0.811815 0.584992 0.571895 0.896226 0.818494 0.787915 0.723070 0.954039 0.929024 0.990662 0.914539 0.933881 0.829006 0.771774 0.956768 0.978101 0.869086 0.874858 0.736724 0.958656 0.944826 0.832784 0.886314 0.856605 0.858602 0.885798 0.871115 0.985728 0.867779 0.952390 0.805548 0.989282 0.697689
0.903180 0.899179 0.915598 0.967621 0.000000 0.810729 0.818516 0.860861 0.946074 0.748733 0.829822 0.828452 0.848252 0.864614 0.949539 0.998127 0.985967 0.923144 0.812468 0.769106 0.815180 0.925270 0.981023 0.937592 0.889370 0.792187 0.880226 0.931558 0.957371 0.920195 0.958035 0.836547 0.818566 0.849073 0.863870 0.863988 0.953020 0.888123 0.831338 0.858929 0.989879 0.951212 0.852449 0.877243 0.819280 0.797153 0.958618 0.816823 0.925715 0.906938 0.898905 0.964405 0.897656 0.878221 0.857892 0.991739 0.934188 0.912200 0.855324 0.915758 0.834613 0.955330 0.864703 0.967129 0.944704 0.996504 0.752337 0.783446 0.896079 0.985061 0.841571 0.930307 0.870878 0.816487 0.947262 0.902641 0.837626 0.877524 0.965530 0.987617 0.948371 0.931293 0.943839 0.938779 0.975848 0.969393 0.898971 0.999526 0.978673 0.809076 0.786475 0.748816 0.840927 0.785564 0.969829 0.988787 0.970782 0.984102 0.844655 0.866663 0.894706 0.960191 0.872411 0.872984 0.982919 0.999805 0.848289 0.958229 0.997274 0.936889 0.785793 0.913710 0.910631 0.886056 0.787584 0.806768
0.615715 0.730894 0.959226 0.982727 0.810729 0.000000 0.624817 0.586448 0.637668 0.567075 0.586536 0.552588 0.713202 0.790064 0.962471 0.800835 0.649273 0.617853 0.632870 0.677582 0.945302 0.990113 0.840381 0.912709 0.769865 0.772850 0.781654 0.958690 0.735580 0.683700 0.906698 0.794780 0.803434 0.644246 0.857078 0.847100 0.944613 0.979907 0.995223 0.876924 0.929479 0.953791 0.630437 0.612895 0.631715 0.620935 0.842296 0.678906 0.764388 0.846590 0.945213 0.978393 0.984118 0.926714 0.770978 0.960722 0.591030 0.849990 0.819354 0.983294 0.696693 0.829413 0.684481 0.723403 0.712820 0.916131 0.786099 0.765827 0.933729 0.954694 0.818836 0.772087 0.873298 0.787302 0.917691 0.764849 0.716688 0.804821 0.792087 0.868534 0.896339 0.816772 0.920527 0.962926 0.820248 0.812892 0.945109 0.988254 0.957545 0.776498 0.655499 0.755476 0.697454 0.810261 0.982506 0.962455 0.773371 0.794083 0.563598 0.643633 0.644278 0.717233 0.675261 0.629412 0.968513 0.896089 0.674166 0.894837 0.892259 0.998931 0.853746 0.739893 0.767063 0.742884 0.941296 0.734423
0.636213 0.805080 0.615209 0.678336 0.818516 0.624817 0.000000 0.307253 0.650049 0.507243 0.340652 0.622213 0.457707 0.554739 0.864005 0.993271 0.730301 0.703093 0.350507 0.534234 0.774359 0.879020 0.964322 0.981944 0.711545 0.765509 0.743918 0.867233 0.611556 0.684076 0.768741 0.623347 0.480249 0.383568 0.992412 0.930456 0.953616 0.881541 0.976899 0.914599 0.970363 0.780760 0.500043 0.543180 0.483261 0.588962 0.584686 0.488003 0.741559 0.803329 0.794306 0.851002 0.865442 0.786872 0.905522 0.911028 0.703501 0.994908 0.538181 0.767522 0.348606 0.735385 0.482481 0.780129 0.903223 0.809420 0.463203 0.459220 0.883963 0.985486 0.648375 0.807376 0.968612 0.811384 0.978716 0.769320 0.568918 0.641422 0.957016 0.972425 0.949701 0.993708 0.891826 0.860496 0.971239 0.901476 0.974031 0.886135 0.996725 0.804303 0.498336 0.492488 0.773357 0.680468 0.779196 0.798215 0.873049 0.808101 0.482209 0.415988 0.511961 0.540332 0.708185 0.626055 0.975000 0.792885 0.952439 0.744210 0.904156 0.989260 0.692637 0.695989 0.573466 0.894489 0.957377 0.912146
0.489744 0.646356 0.719630 0.671202 0.860861 0.586448 0.307253 0.000000 0.573666 0.524536 0.331655 0.460644 0.503702 0.462973 0.925234 0.877516 0.576215 0.556610 0.303765 0.452922 0.738736 0.868385 0.984796 0.962340 0.745334 0.832861 0.743179 0.924748 0.512219 0.552768 0.775343 0.594447 0.457643 0.376254 0.971558 0.951050 0.945666 0.946401 0.930210 0.961970 0.972231 0.874415 0.408086 0.453725 0.474525 0.553827 0.581141 0.440216 0.678236 0.728023 0.718066 0.766733 0.787521 0.745993 0.876459 0.855322 0.547756 0.847288 0.566484 0.753979 0.395452 0.639217 0.471689 0.659006 0.875782 0.802586 0.573875 0.503796 0.999133 0.921442 0.676384 0.770011 0.868415 0.770460 0.957794 0.759748 0.571569 0.663241 0.920541 0.841178 0.898918 0.908725 0.927452 0.942420 0.845595 0.840935 0.937161 0.836913 0.932254 0.880254 0.428018 0.518134 0.710447 0.710059 0.786523 0.795201 0.858885 0.740113 0.436537 0.374029 0.498368 0.445254 0.562404 0.530318 0.955861 0.713953 0.922237 0.750282 0.939273 0.991944 0.763070 0.660744 0.578772 0.843367 0.875518 0.909710
0.692735 0.812869 0.837705 0.934494 0.946074 0.637668 0.650049 0.573666 0.000000 0.646932 0.640399 0.713762 0.802107 0.777006 0.915866 0.855096 0.703405 0.730765 0.712747 0.712067 0.727498 0.914426 0.826307 0.826811 0.834987 0.996213 0.867354 0.891392 0.661715 0.807273 0.834094 0.836244 0.710073 0.689195 0.903239 0.788011 0.786011 0.900849 0.963972 0.958532 0.966122 0.991332 0.582805 0.623484 0.595507 0.654728 0.732981 0.670838 0.674129 0.598095 0.687223 0.682297 0.669149 0.650708 0.831623 0.958916 0.683309 0.850745 0.690403 0.724869 0.574336 0.636630 0.907626 0.795835 0.974997 0.882448 0.900796 0.891816 0.995682 0.807261 0.809554 0.851580 0.949232 0.800102 0.951127 0.912975 0.598582 0.835323 0.995500 0.996954 0.936764 0.827456 0.877112 0.923655 0.760129 0.687218 0.956925 0.813714 0.893110 0.842080 0.636674 0.680178 0.791004 0.763971 0.868645 0.982939 0.877391 0.861504 0.574121 0.622302 0.687098 0.774597 0.631928 0.790976 0.987977 0.704639 0.869433 0.780300 0.940563 0.966850 0.868949 0.756316 0.724521 0.849338 0.845716 0.966403
0.730057 0.734744 0.878216 0.743924 0.748733 0.567075 0.507243 0.524536 0.646932 0.000000 0.506133 0.586961 0.756617 0.824437 0.982542 0.944832 0.614621 0.591859 0.695712 0.831064 0.763490 0.909898 0.589160 0.537898 0.402758 0.459620 0.554055 0.757273 0.528714 0.561446 0.817749 0.964655 0.893541 0.665495 0.645592 0.823616 0.849687 0.827859 0.875914 0.869728 0.924264 0.907783 0.558904 0.532936 0.331822 0.332329 0.888941 0.574587 0.402050 0.619485 0.618351 0.709836 0.680488 0.671070 0.637526 0.945250 0.645348 0.823093 0.725956 0.932405 0.557125 0.711420 0.621997 0.616816 0.513426 0.732495 0.854179 0.825090 0.806902 0.951953 0.797227 0.810825 0.994071 0.834259 0.894816 0.807946 0.646079 0.810971 0.932169 0.933567 0.985690 0.910611 0.769433 0.985552 0.548535 0.491535 0.989901 0.786399 0.725814 0.517417 0.470678 0.508787 0.704832 0.697298 0.800573 0.990256 0.695620 0.748152 0.460584 0.481771 0.587031 0.671556 0.600470 0.620854 0.899929 0.880932 0.803078 0.787423 0.977959 0.904074 0.671699 0.527614 0.561107 0.732060 0.917623 0.819602
0.501909 0.731073 0.824402 0.833276 0.829822 0.586536 0.340652 0.331655 0.640399 0.506133 0.000000 0.506381 0.444858 0.531229 0.941773 0.903331 0.589142 0.594439 0.368149 0.493363 0.801770 0.859197 0.849821 0.853960 0.596071 0.731612 0.657278 0.886873 0.515975 0.602585 0.852349 0.700882 0.604704 0.437079 0.968538 0.892152 0.984861 0.821256 0.992032 0.996698 0.981247 0.940987 0.523915 0.523466 0.489395 0.536901 0.611312 0.521450 0.623920 0.744079 0.727936 0.841505 0.822330 0.833053 0.916034 0.863618 0.603013 0.874015 0.538021 0.873062 0.380474 0.756360 0.406857 0.637067 0.731715 0.982690 0.608915 0.574937 0.939839 0.986345 0.666228 0.784093 0.902475 0.794795 0.948349 0.749971 0.700474 0.713799 0.905950 0.923797 0.899111 0.854900 0.902650 0.987917 0.854058 0.816859 0.960174 0.923054 0.990869 0.775615 0.468918 0.541591 0.734403 0.766190 0.840384 0.847106 0.821333 0.816267 0.457055 0.383335 0.486682 0.633200 0.616991 0.532026 0.959739 0.773257 0.942422 0.756237 0.948042 0.990147 0.797875 0.663499 0.544349 0.885418 0.887334 0.926080
0.414673 0.467550 0.818226 0.966590 0.828452 0.552588 0.622213 0.460644 0.713762 0.586961 0.506381 0.000000 0.786730 0.669566 0.810018 0.747498 0.436813 0.382173 0.579166 0.531521 0.860680 0.836859 0.707301 0.778141 0.648560 0.725877 0.652758 0.852202 0.540346 0.443385 0.973832 0.815113 0.672766 0.576764 0.858639 0.890620 0.807696 0.957186 0.975724 0.969444 0.851270 0.946189 0.633602 0.617077 0.509568 0.511530 0.718251 0.556196 0.548580 0.642180 0.688045 0.703277 0.758864 0.780432 0.819160 0.828643 0.418797 0.547996 0.633310 0.825862 0.593299 0.573462 0.526407 0.410726 0.591283 0.949635 0.802557 0.700083 0.838318 0.626164 0.905035 0.834695 0.791007 0.719963 0.960321 0.821692 0.738186 0.894450 0.762542 0.735059 0.575691 0.638188 0.964889 0.714337 0.723123 0.750208 0.863254 0.825592 0.936337 0.870731 0.572293 0.779285 0.713610 0.867563 0.726716 0.848558 0.774480 0.768372 0.535067 0.610053 0.634206 0.636421 0.578347 0.562988 0.984423 0.762730 0.799983 0.923592 0.935528 0.903739 0.819916 0.772906 0.644644 0.805256 0.802059 0.831608
0.659615 0.906212 0.652001 0.637977 0.848252 0.713202 0.457707 0.503702 0.802107 0.756617 0.444858 0.786730 0.000000 0.391902 0.636775 0.740668 0.850730 0.814966 0.436001 0.531259 0.908430 0.949515 0.822388 0.771889 0.916725 0.901174 0.958026 0.929558 0.751711 0.780321 0.744840 0.612482 0.631643 0.523307 0.973408 0.973850 0.903095 0.731191 0.982044 0.980873 0.851639 0.748285 0.560611 0.610507 0.818484 0.841137 0.543920 0.625606 0.968082 0.994168 0.923712 0.922072 0.965736 0.997218 0.945219 0.996310 0.796549 0.907455 0.707488 0.950494 0.589360 0.897347 0.492414 0.935384 0.990738 0.915079 0.673307 0.750131 0.976633 0.921436 0.619898 0.744259 0.977088 0.939972 0.887848 0.666252 0.750901 0.744215 0.918232 0.982034 0.977577 0.938335 0.904632 0.863256 0.839473 0.860936 0.876969 0.900843 0.828734 0.897691 0.631383 0.657330 0.868494 0.843497 0.848858 0.760145 0.966461 0.920755 0.609342 0.520210 0.677381 0.729946 0.753930 0.653594 0.999372 0.954698 0.991576 0.777176 0.913043 0.963488 0.843253 0.836543 0.758792 0.867121 0.995055 0.819703
0.623106 0.807341 0.698331 0.572036 0.864614 0.790064 0.554739 0.462973 0.777006 0.824437 0.531229 0.669566 0.391902 0.000000 0.710795 0.630706 0.792632 0.747441 0.442684 0.426908 0.901462 0.878647 0.823849 0.757109 0.992672 0.980678 0.968573 0.904583 0.658975 0.704149 0.677117 0.601692 0.586533 0.488821 0.952521 0.978433 0.883896 0.830312 0.908811 0.982709 0.895606 0.856100 0.539323 0.597650 0.839974 0.858847 0.587472 0.572726 0.999993 0.987947 0.885490 0.952235 0.965802 0.917891 0.941444 0.935928 0.752151 0.990694 0.775342 0.964731 0.669316 0.963688 0.554479 0.898096 0.933965 0.775474 0.718433 0.749258 0.933893 0.908043 0.716211 0.790266 0.900345 0.857346 0.914743 0.613941 0.701819 0.792665 0.977266 0.922871 0.906923 0.872226 0.882442 0.991381 0.894234 0.832200 0.944813 0.955961 0.828673 0.995202 0.584444 0.746044 0.865017 0.893810 0.873854 0.714126 0.985159 0.867387 0.620569 0.556933 0.669931 0.680525 0.777783 0.745278 0.924967 0.860235 0.981995 0.748842 0.864352 0.972283 0.858977 0.839951 0.724222 0.950778 0.888344 0.862357
0.964031 0.886763 0.680456 0.753212 0.949539 0.962471 0.864005 0.925234 0.915866 0.982542 0.941773 0.810018 0.636775 0.710795 0.000000 0.639295 0.847876 0.841786 0.937569 0.857105 0.824804 0.953120 0.799636 0.741894 0.802113 0.823125 0.716925 0.772196 0.968915 0.914029 0.820143 0.801358 0.997144 0.963714 0.967940 0.981584 0.923372 0.782485 0.919585 0.954269 0.859257 0.806389 0.745755 0.827640 0.906802 0.922840 0.717525 0.904400 0.903637 0.875379 0.966723 0.894891 0.912967 0.930811 0.978933 0.763206 0.936298 0.815531 0.987399 0.848889 0.919984 0.848017 0.991755 0.790658 0.666977 0.842906 0.968698 0.891221 0.902446 0.823359 0.858232 0.919997 0.801307 0.816175 0.956870 0.827838 0.827678 0.867738 0.814389 0.855289 0.803557 0.814630 0.849581 0.816553 0.738523 0.804976 0.765069 0.959929 0.864859 0.992527 0.957885 0.944977 0.917532 0.985001 0.996275 0.962577 0.862356 0.929198 0.909890 0.881932 0.907328 0.996158 0.980689 0.992399 0.977217 0.966078 0.977314 0.750944 0.951762 0.904470 0.895787 0.879205 0.978432 0.956099 0.952474 0.799441
0.756494 0.768101 0.911666 0.938840 0.998127 0.800835 0.993271 0.877516 0.855096 0.944832 0.903331 0.747498 0.740668 0.630706 0.639295 0.000000 0.794383 0.771765 0.922629 0.685572 0.980871 0.975195 0.958507 0.786369 0.867656 0.904520 0.884967 0.890078 0.897158 0.746723 0.889610 0.778691 0.947019 0.884812 0.803727 0.850607 0.789555 0.994945 0.926984 0.802953 0.956761 0.997869 0.793805 0.881369 0.993460 0.957778 0.805737 0.823442 0.935148 0.988373 0.834401 0.942211 0.995179 0.997007 0.905820 0.907643 0.756223 0.791041 0.967827 0.942592 0.938474 0.923588 0.899903 0.808312 0.973215 0.923182 0.789700 0.868262 0.848613 0.868406 0.975662 0.953652 0.995615 0.922896 0.935701 0.799897 0.957674 0.948649 0.949962 0.876105 0.726115 0.739471 0.683109 0.746157 0.884018 0.807498 0.921358 0.894845 0.847297 0.961472 0.975887 0.825642 0.942861 0.754179 0.830091 0.908658 0.976280 0.949727 0.835946 0.907285 0.997849 0.954249 0.925260 0.968383 0.909087 0.931982 0.926107 0.916904 0.917267 0.961142 0.950073 0.913810 0.996925 0.936627 0.921914 0.879523
0.410322 0.375669 0.749735 0.847611 0.985967 0.649273 0.730301 0.576215 0.703405 0.614621 0.589142 0.436813 0.850730 0.792632 0.847876 0.794383 0.000000 0.297131 0.699818 0.718992 0.952962 0.776339 0.632585 0.692377 0.707060 0.766160 0.689095 0.823905 0.491043 0.374728 0.937931 0.860584 0.793906 0.656937 0.743280 0.858015 0.906106 0.887764 0.976623 0.798296 0.930946 0.909439 0.641728 0.561665 0.550353 0.539324 0.811497 0.677747 0.569914 0.591591 0.653202 0.644398 0.777033 0.727638 0.810347 0.864456 0.334205 0.411527 0.758280 0.868560 0.661283 0.584030 0.650748 0.357951 0.605220 0.912722 0.930959 0.866047 0.761216 0.660798 0.919822 0.822569 0.791070 0.781802 0.957708 0.779339 0.802117 0.891329 0.746227 0.621814 0.500226 0.701561 0.989017 0.680132 0.634920 0.717502 0.787093 0.732962 0.790862 0.881437 0.618912 0.798129 0.746817 0.902816 0.749066 0.928200 0.736392 0.880119 0.584086 0.577699 0.692955 0.724401 0.617767 0.701010 0.986067 0.832779 0.753572 0.964387 0.955597 0.912281 0.772742 0.742221 0.703076 0.846183 0.834212 0.831326
0.414444 0.353114 0.732700 0.880674 0.923144 0.617853 0.703093 0.556610 0.730765 0.591859 0.594439 0.382173 0.814966 0.747441 0.841786 0.771765 0.297131 0.000000 0.660270 0.646616 0.946873 0.918711 0.630880 0.755073 0.683073 0.701264 0.712079 0.802721 0.529071 0.355459 0.935305 0.797438 0.744331 0.644057 0.731363 0.801516 0.928529 0.971568 0.968569 0.902153 0.980273 0.950014 0.647259 0.580801 0.536394 0.493064 0.825726 0.608815 0.593450 0.608432 0.712492 0.653924 0.819645 0.766910 0.817421 0.861882 0.296261 0.398030 0.786557 0.918208 0.647546 0.607281 0.599267 0.344250 0.573857 0.897008 0.883655 0.850708 0.745882 0.649616 0.883554 0.831604 0.855553 0.772403 0.935526 0.867651 0.766264 0.792802 0.663355 0.605252 0.474437 0.639703 0.984591 0.687712 0.634755 0.722131 0.808974 0.744763 0.859756 0.891125 0.585861 0.773214 0.717984 0.854186 0.810168 0.897348 0.683449 0.917505 0.551015 0.560574 0.682024 0.723166 0.595634 0.682355 0.988617 0.825949 0.757923 0.982467 0.938123 0.949193 0.827792 0.710468 0.668101 0.834375 0.817765 0.843488
0.495420 0.703449 0.638456 0.574432 0.812468 0.632870 0.350507 0.303765 0.712747 0.695712 0.368149 0.579166 0.436001 0.442684 0.937569 0.922629 0.699818 0.660270 0.000000 0.425116 0.877613 0.902629 0.886601 0.877011 0.891420 0.929924 0.874395 0.972790 0.669916 0.666096 0.700962 0.548279 0.447367 0.374818 0.895112 0.991630 0.995159 0.896898 0.941643 0.960438 0.994462 0.945396 0.508557 0.528063 0.644257 0.703579 0.609387 0.508207 0.883506 0.868312 0.900468 0.948008 0.962709 0.954101 0.963265 0.835588 0.603955 0.916346 0.627216 0.846729 0.460022 0.832331 0.461018 0.767339 0.982307 0.766407 0.478362 0.487835 0.994281 0.969430 0.619013 0.875322 0.904477 0.842386 0.943666 0.791952 0.660132 0.655136 0.954823 0.913448 0.884088 0.839589 0.971609 0.910868 0.956872 0.983718 0.997893 0.996571 0.881515 0.968519 0.535332 0.589299 0.783494 0.773464 0.887536 0.778371 0.921103 0.836938 0.513944 0.445221 0.527310 0.540042 0.646128 0.596833 0.869619 0.782012 0.963973 0.840866 0.991191 0.945770 0.877018 0.725839 0.673021 0.915983 0.911939 0.929875
0.459877 0.683150 0.791625 0.645675 0.769106 0.677582 0.534234 0.452922 0.712067 0.831064 0.493363 0.531521 0.531259 0.426908 0.857105 0.685572 0.718992 0.646616 0.425116 0.000000 0.925999 0.970949 0.915588 0.844478 0.977554 0.987492 0.933124 0.922149 0.693825 0.721602 0.782326 0.562771 0.429236 0.498417 0.860803 0.958840 0.744876 0.889638 0.905446 0.952151 0.902746 0.994120 0.597351 0.628015 0.752477 0.819620 0.556001 0.558617 0.925438 0.849860 0.851306 0.887765 0.815924 0.883970 0.973668 0.944310 0.609639 0.805574 0.573042 0.833647 0.525980 0.804227 0.527471 0.729029 0.986683 0.768828 0.621132 0.620004 0.824624 0.824068 0.754776 0.818540 0.748585 0.773945 0.911069 0.820391 0.713089 0.738480 0.985379 0.860016 0.733158 0.666665 0.824306 0.958542 0.858309 0.881989 0.933263 0.986254 0.848813 0.952193 0.617819 0.759560 0.803128 0.887876 0.857941 0.745294 0.966082 0.868696 0.615203 0.562007 0.703259 0.703049 0.711421 0.657889 0.872699 0.726563 0.918037 0.861709 0.881720 0.992146 0.928205 0.902781 0.777143 0.922192 0.960494 0.952057
0.885102 0.986491 0.951468 0.976657 0.815180 0.945302 0.774359 0.738736 0.727498 0.763490 0.801770 0.860680 0.908430 0.901462 0.824804 0.980871 0.952962 0.946873 0.877613 0.925999 0.000000 0.969198 0.837570 0.807295 0.821016 0.984468 0.960475 0.994958 0.757831 0.956823 0.913457 0.989298 0.973347 0.952352 0.845944 0.799425 0.943968 0.905304 0.994020 0.835037 0.975957 0.940810 0.820250 0.855858 0.813555 0.840123 0.776137 0.870777 0.816163 0.865058 0.946327 0.891146 0.892488 0.938732 0.909462 0.978652 0.896266 0.986196 0.860800 0.993439 0.822267 0.795971 0.895498 0.886814 0.977071 0.999614 0.933884 0.993666 0.942658 0.982955 0.983411 0.994923 0.784222 0.960320 0.890297 0.876142 0.822937 0.919012 0.958289 0.997135 0.824067 0.786307 0.860402 0.867743 0.765898 0.657060 0.940771 0.688512 0.993577 0.990315 0.823916 0.777253 0.937004 0.927473 0.881504 0.957820 0.987880 0.810442 0.806884 0.761313 0.929431 0.860362 0.756061 0.797748 0.991984 0.788013 0.945189 0.738113 0.885678 0.895410 0.872063 0.780576 0.838423 0.886207 0.998660 0.886751
0.871851 0.817110 0.988771 0.990779 0.925270 0.990113 0.879020 0.868385 0.914426 0.909898 0.859197 0.836859 0.949515 0.878647 0.953120 0.975195 0.776339 0.918711 0.902629 0.970949 0.969198 0.000000 0.948939 0.878195 0.849266 0.924813 0.933379 0.911890 0.930670 0.873701 0.896255 0.900299 0.904403 0.951557 0.959552 0.938512 0.881196 0.924262 0.917006 0.865435 0.742637 0.888105 0.953920 0.930748 0.872604 0.903553 0.942010 0.989574 0.839465 0.901555 0.847541 0.978135 0.925912 0.939542 0.998799 0.851998 0.848820 0.839735 0.849277 0.897064 0.854409 0.818902 0.888190 0.849279 0.917873 0.945261 0.916701 0.842705 0.951008 0.903774 0.958167 0.994523 0.883219 0.981953 0.881528 0.922914 0.927377 0.964480 0.968635 0.960202 0.812475 0.925269 0.943128 0.918851 0.963837 0.915519 0.951259 0.967071 0.816836 0.903820 0.963885 0.959395 0.989655 0.989670 0.799861 0.909910 0.933640 0.988180 0.945200 0.932556 0.868080 0.873513 0.830335 0.897014 0.852935 0.996469 0.955287 0.917141 0.979442 0.832581 0.921935 0.902644 0.997992 0.982638 0.956129 0.892717
0.778672 0.748299 0.495218 0.431647 0.981023 0.840381 0.964322 0.984796 0.826307 0.589160 0.849821 0.707301 0.822388 0.823849 0.799636 0.958507 0.632585 0.630880 0.886601 0.915588 0.837570 0.948939 0.000000 0.328888 0.391642 0.567451 0.544627 0.762414 0.676862 0.745251 0.523343 0.662354 0.729627 0.899208 0.576362 0.635677 0.963669 0.950768 0.776884 0.977223 0.927385 0.828924 0.872788 0.791545 0.607929 0.549911 0.863410 0.917335 0.477935 0.614268 0.792794 0.723192 0.737697 0.829828 0.759505 0.946077 0.695763 0.712566 0.887687 0.865394 0.922780 0.843223 0.899363 0.588399 0.447772 0.478849 0.761119 0.771311 0.943586 0.734886 0.864401 0.956774 0.952768 0.917912 0.809742 0.950445 0.994227 0.962735 0.868549 0.992850 0.885689 0.952377 0.768363 0.816084 0.358256 0.368635 0.861005 0.655366 0.677028 0.657531 0.733775 0.772876 0.769398 0.867783 0.907577 0.952732 0.739628 0.942628 0.649997 0.822568 0.783411 0.977176 0.734932 0.799612 0.993358 0.918085 0.781197 0.983319 0.945128 0.964059 0.963902 0.694073 0.697069 0.881504 0.995122 0.732436
0.883253 0.822076 0.595596 0.425863 0.937592 0.912709 0.981944 0.962340 0.826811 0.537898 0.853960 0.778141 0.771889 0.757109 0.741894 0.786369 0.692377 0.755073 0.877011 0.844478 0.807295 0.878195 0.328888 0.000000 0.398430 0.587527 0.545642 0.709015 0.689701 0.797402 0.533634 0.622765 0.773618 0.881752 0.628873 0.799741 0.916951 0.950698 0.719121 0.961748 0.954441 0.870932 0.905275 0.840585 0.573262 0.521626 0.809499 0.910907 0.432213 0.557428 0.704057 0.691466 0.658592 0.752820 0.685228 0.927169 0.802259 0.747999 0.834930 0.982008 0.863178 0.762445 0.931187 0.666261 0.508268 0.566542 0.852190 0.877944 0.847246 0.759655 0.872003 0.989983 0.982611 0.945997 0.845404 0.957615 0.911931 0.982925 0.925574 0.973302 0.994361 0.830284 0.695470 0.952529 0.393765 0.342451 0.877527 0.591245 0.588691 0.619345 0.738016 0.753318 0.806981 0.766673 0.842064 0.916088 0.752887 0.893869 0.709568 0.806698 0.832514 0.917957 0.764270 0.853688 0.893190 0.893477 0.852734 0.979676 0.971811 0.892516 0.881281 0.709132 0.673301 0.858643 0.950902 0.740795
0.801386 0.844568 0.699433 0.579280 0.889370 0.769865 0.711545 0.745334 0.834987 0.402758 0.596071 0.648560 0.916725 0.992672 0.802113 0.867656 0.707060 0.683073 0.891420 0.977554 0.821016 0.849266 0.391642 0.398430 0.000000 0.425744 0.450791 0.720592 0.607560 0.699060 0.596616 0.754648 0.928940 0.862455 0.660115 0.758043 0.854485 0.804836 0.747081 0.883525 0.867102 0.961048 0.808239 0.735175 0.431200 0.434685 0.972246 0.789281 0.411796 0.647865 0.676463 0.717073 0.672397 0.743449 0.800678 0.857551 0.765370 0.871805 0.724527 0.925645 0.709488 0.867578 0.620050 0.610837 0.371131 0.502249 0.970049 0.976010 0.859211 0.863927 0.994301 0.891316 0.997246 0.836895 0.863773 0.990258 0.875172 0.890891 0.952508 0.920183 0.984346 0.932726 0.707720 0.940025 0.451961 0.438582 0.896152 0.777069 0.687391 0.577436 0.584583 0.597188 0.736916 0.722660 0.793342 0.937240 0.738859 0.869428 0.584473 0.649148 0.628929 0.835106 0.683647 0.677648 0.935145 0.891151 0.852122 0.927512 0.933923 0.871121 0.877653 0.683028 0.583849 0.814347 0.976530 0.785310
0.868481 0.849509 0.669478 0.591880 0.792187 0.772850 0.765509 0.832861 0.996213 0.459620 0.731612 0.725877 0.901174 0.980678 0.823125 0.904520 0.766160 0.701264 0.929924 0.987492 0.984468 0.924813 0.567451 0.587527 0.425744 0.000000 0.534335 0.726571 0.732647 0.664701 0.710910 0.934978 0.932860 0.897537 0.780818 0.877720 0.789707 0.724323 0.754576 0.856439 0.902037 0.991825 0.887683 0.778852 0.551650 0.538297 0.899638 0.794109 0.601291 0.751841 0.776815 0.777624 0.763495 0.778559 0.741646 0.893598 0.830828 0.849318 0.834231 0.889127 0.871251 0.986134 0.676481 0.707175 0.400276 0.501327 0.936136 0.979790 0.865723 0.898380 0.841714 0.855730 0.948109 0.817665 0.855513 0.841162 0.788192 0.950750 0.907714 0.931394 0.975388 0.959040 0.848993 0.929808 0.615988 0.623565 0.902087 0.821231 0.777850 0.679434 0.632323 0.634844 0.744491 0.750244 0.823487 0.936108 0.643007 0.874559 0.646646 0.739032 0.785390 0.830302 0.836978 0.682911 0.887163 0.987316 0.891580 0.944065 0.985835 0.844442 0.799674 0.747857 0.685016 0.760657 0.948638 0.739098
0.833384 0.886357 0.790154 0.726871 0.880226 0.781654 0.743918 0.743179 0.867354 0.554055 0.657278 0.652758 0.958026 0.968573 0.716925 0.884967 0.689095 0.712079 0.874395 0.933124 0.960475 0.933379 0.544627 0.545642 0.450791 0.534335 0.000000 0.636828 0.686093 0.671930 0.794187 0.803545 0.925205 0.837868 0.705426 0.905419 0.954970 0.998341 0.830489 0.964965 0.920941 0.948885 0.761255 0.756691 0.558068 0.603763 0.905106 0.855406 0.570172 0.755365 0.790447 0.812935 0.730568 0.837615 0.788364 0.914964 0.822909 0.879678 0.788751 0.985890 0.738598 0.862578 0.673703 0.629446 0.513186 0.656788 0.948600 0.880779 0.894735 0.885176 0.898844 0.882222 0.895832 0.841959 0.902123 0.984483 0.957450 0.961688 0.981424 0.953818 0.935492 0.973124 0.651057 0.800093 0.559985 0.587830 0.830226 0.870935 0.750239 0.701474 0.664236 0.696573 0.709231 0.899571 0.953881 0.932265 0.787258 0.971273 0.675646 0.751255 0.646350 0.811873 0.812166 0.759236 0.937698 0.888143 0.878258 0.980583 0.869304 0.923262 0.892795 0.816723 0.644055 0.885682 0.969434 0.940914
0.994269 0.883666 0.879255 0.721903 0.931558 0.958690 0.867233 0.924748 0.891392 0.757273 0.886873 0.852202 0.929558 0.904583 0.772196 0.890078 0.823905 0.802721 0.972790 0.922149 0.994958 0.911890 0.762414 0.709015 0.720592 0.726571 0.636828 0.000000 0.927142 0.753600 0.710938 0.937039 0.996821 0.953122 0.691860 0.915292 0.943722 0.996521 0.944635 0.948428 0.980544 0.980207 0.963641 0.971423 0.747551 0.760230 0.993197 0.919494 0.704067 0.851965 0.848329 0.855857 0.920238 0.910493 0.805948 0.964192 0.947695 0.859009 0.960938 0.807679 0.812287 0.744021 0.853440 0.744837 0.729685 0.905750 0.995764 0.870048 0.926479 0.964791 0.908740 0.932633 0.831076 0.968059 0.818073 0.976592 0.882811 0.954660 0.970043 0.799937 0.908251 0.936416 0.794625 0.937375 0.747733 0.769223 0.937520 0.819090 0.835066 0.838530 0.933775 0.937292 0.989906 0.911957 0.739125 0.914805 0.882815 0.968739 0.916280 0.893015 0.993810 0.990086 0.967907 0.977820 0.941186 0.947828 0.994188 0.856080 0.998782 0.832590 0.810691 0.775325 0.859162 0.932347 0.931964 0.947510
0.623063 0.666970 0.968585 0.972690 0.957371 0.735580 0.611556 0.512219 0.661715 0.528714 0.515975 0.540346 0.751711 0.658975 0.968915 0.897158 0.491043 0.529071 0.669916 0.693825 0.757831 0.930670 0.676862 0.689701 0.607560 0.732647 0.686093 0.927142 0.000000 0.499671 0.988610 0.946214 0.809842 0.721251 0.811138 0.799852 0.936228 0.931869 0.981868 0.831673 0.966480 0.992001 0.562808 0.549292 0.520449 0.525254 0.769136 0.584711 0.581473 0.631391 0.637256 0.648890 0.692890 0.666642 0.777855 0.821101 0.572177 0.748021 0.690874 0.888499 0.617358 0.662040 0.633732 0.580444 0.704753 0.899961 0.903370 0.884418 0.951554 0.716383 0.914626 0.821900 0.726436 0.743952 0.992291 0.801654 0.711028 0.844853 0.864660 0.884468 0.825711 0.993400 0.859932 0.847895 0.666837 0.670961 0.920103 0.699687 0.826510 0.739600 0.521127 0.704138 0.752116 0.807598 0.785350 0.812406 0.877232 0.847721 0.568984 0.525604 0.634417 0.692168 0.576525 0.724526 0.998978 0.839820 0.794140 0.709967 0.860955 0.953832 0.702328 0.825578 0.662536 0.722005 0.864407 0.971848
0.543303 0.435168 0.766378 0.866543 0.920195 0.683700 0.684076 0.552768 0.807273 0.561446 0.602585 0.443385 0.780321 0.704149 0.914029 0.746723 0.374728 0.355459 0.666096 0.721602 0.956823 0.873701 0.745251 0.797402 0.699060 0.664701 0.671930 0.753600 0.499671 0.000000 0.960411 0.872226 0.751521 0.661658 0.635875 0.803126 0.984829 0.992808 0.989887 0.853102 0.991458 0.992390 0.651278 0.598621 0.561512 0.526033 0.872038 0.654763 0.601755 0.713243 0.634256 0.678946 0.825688 0.731974 0.800993 0.822160 0.427719 0.501696 0.807334 0.838822 0.670563 0.666769 0.558829 0.414292 0.572234 0.908208 0.930291 0.837149 0.786544 0.738153 0.903384 0.872031 0.850100 0.837098 0.953939 0.764649 0.828329 0.917244 0.693191 0.525868 0.510010 0.659269 0.965265 0.697352 0.700590 0.818832 0.845676 0.855012 0.904504 0.885739 0.637290 0.803908 0.770769 0.961410 0.784692 0.886728 0.690836 0.876699 0.583445 0.650284 0.718955 0.710056 0.646214 0.718238 0.915295 0.905344 0.787693 0.979359 0.924053 0.898758 0.745834 0.748859 0.759021 0.743297 0.884997 0.898480
0.974191 0.932120 0.471007 0.425685 0.958035 0.906698 0.768741 0.775343 0.834094 0.817749 0.852349 0.973832 0.744840 0.677117 0.820143 0.889610 0.937931 0.935305 0.700962 0.782326 0.913457 0.896255 0.523343 0.533634 0.596616 0.710910 0.794187 0.710938 0.988610 0.960411 0.000000 0.568820 0.648195 0.720498 0.694068 0.920604 0.888414 0.963053 0.708703 0.966076 0.889172 0.810916 0.838846 0.902255 0.867659 0.825196 0.837936 0.864391 0.701276 0.812176 0.858893 0.865103 0.860642 0.935663 0.867433 0.978577 0.988335 0.842906 0.999622 0.884891 0.897398 0.990802 0.964246 0.781456 0.578076 0.556962 0.751468 0.744948 0.941957 0.962621 0.617977 0.744580 0.838515 0.791256 0.766789 0.746079 0.818785 0.856703 0.965095 0.949278 0.963961 0.994646 0.891969 0.956031 0.648576 0.631873 0.931727 0.862093 0.748011 0.853682 0.956648 0.971344 0.944739 0.956670 0.842423 0.948797 0.952727 0.980825 0.962598 0.910742 0.814480 0.830542 0.968810 0.995280 0.969076 0.910338 0.811581 0.771393 0.998649 0.977920 0.966938 0.857863 0.925774 0.892506 0.937106 0.817144
0.715284 0.783546 0.586607 0.508678 0.836547 0.794780 0.623347 0.594447 0.836244 0.964655 0.700882 0.815113 0.612482 0.601692 0.801358 0.778691 0.860584 0.797438 0.548279 0.562771 0.989298 0.900299 0.662354 0.622765 0.754648 0.934978 0.803545 0.937039 0.946214 0.872226 0.568820 0.000000 0.567886 0.553070 0.805322 0.858596 0.831870 0.924558 0.729643 0.904575 0.911187 0.919131 0.755841 0.786273 0.900832 0.932738 0.636151 0.605874 0.928998 0.904835 0.897956 0.892648 0.991970 0.919252 0.805661 0.925777 0.734266 0.869912 0.758351 0.740316 0.656363 0.810685 0.740448 0.928493 0.766628 0.593544 0.594123 0.616201 0.938713 0.899519 0.716798 0.831142 0.924131 0.830657 0.949452 0.725356 0.695091 0.558339 0.949873 0.811382 0.896815 0.774824 0.769616 0.995326 0.759387 0.701940 0.909798 0.879952 0.892258 0.758292 0.803974 0.846088 0.959600 0.859560 0.856578 0.865597 0.971940 0.841463 0.860854 0.744941 0.867895 0.795714 0.927639 0.782427 0.898690 0.822915 0.981430 0.795330 0.969443 0.995665 0.867254 0.878352 0.941515 0.965514 0.948223 0.890547
0.618834 0.713327 0.617423 0.563542 0.818566 0.803434 0.480249 0.457643 0.710073 0.893541 0.604704 0.672766 0.631643 0.586533 0.997144 0.947019 0.793906 0.744331 0.447367 0.429236 0.973347 0.904403 0.729627 0.773618 0.928940 0.932860 0.925205 0.996821 0.809842 0.751521 0.648195 0.567886 0.000000 0.467617 0.821157 0.812283 0.829004 0.892918 0.793313 0.944240 0.874844 0.916301 0.622923 0.695202 0.720836 0.815264 0.589655 0.625632 0.997085 0.864759 0.836019 0.880639 0.860035 0.808071 0.954290 0.855081 0.710995 0.888827 0.567758 0.657909 0.490414 0.734205 0.588514 0.805233 0.855875 0.578270 0.428838 0.445327 0.876970 0.909750 0.677166 0.836094 0.758507 0.771480 0.855356 0.810931 0.635809 0.679984 0.902455 0.797196 0.787439 0.754728 0.932602 0.921401 0.795341 0.803232 0.966862 0.998138 0.965136 0.966591 0.661478 0.723912 0.833965 0.809011 0.908809 0.818600 0.944124 0.979764 0.723650 0.655235 0.697330 0.612205 0.728987 0.771815 0.868394 0.797850 0.978769 0.863566 0.882031 0.960862 0.904172 0.956726 0.799863 0.906578 0.993704 0.874519
0.556123 0.668512 0.703967 0.679984 0.849073 0.644246 0.383568 0.376254 0.689195 0.665495 0.437079 0.576764 0.523307 0.488821 0.963714 0.884812 0.656937 0.644057 0.374818 0.498417 0.952352 0.951557 0.899208 0.881752 0.862455 0.897537 0.837868 0.953122 0.721251 0.661658 0.720498 0.553070 0.467617 0.000000 0.958140 0.912029 0.916508 0.995669 0.798219 0.939239 0.979054 0.839614 0.602281 0.591584 0.578890 0.662077 0.584817 0.519439 0.787341 0.779168 0.743051 0.755409 0.855993 0.728156 0.986103 0.966044 0.610084 0.866519 0.573107 0.716200 0.422620 0.713722 0.496822 0.694453 0.961351 0.721668 0.488227 0.429358 0.854279 0.947376 0.678803 0.855258 0.861984 0.758471 0.847529 0.628219 0.708891 0.613756 0.983027 0.836257 0.883922 0.792020 0.947225 0.929065 0.948052 0.946411 0.998248 0.955863 0.906735 0.971919 0.584844 0.678637 0.839726 0.765127 0.830195 0.799619 0.861427 0.835477 0.591455 0.567278 0.538614 0.662282 0.754112 0.659610 0.896595 0.783789 0.893997 0.804049 0.936643 0.985090 0.852132 0.722990 0.656431 0.938863 0.880783 0.967346
0.968603 0.840529 0.661103 0.620248 0.863870 0.857078 0.992412 0.971558 0.903239 0.645592 0.968538 0.858639 0.973408 0.952521 0.967940 0.803727 0.743280 0.731363 0.895112 0.860803 0.845944 0.959552 0.576362 0.628873 0.660115 0.780818 0.705426 0.691860 0.811138 0.635875 0.694068 0.805322 0.821157 0.958140 0.000000 0.797464 0.928696 0.990025 0.945017 0.929756 0.866305 0.960411 0.880444 0.878598 0.751470 0.702747 0.947079 0.974712 0.679232 0.807819 0.745671 0.797234 0.827651 0.862925 0.745369 0.941764 0.830793 0.846211 0.899076 0.933956 0.937865 0.825288 0.944680 0.753569 0.649860 0.762494 0.703069 0.772529 0.992440 0.869893 0.847703 0.984200 0.860129 0.902219 0.995993 0.933018 0.932108 0.996139 0.777650 0.812497 0.930721 0.948804 0.888501 0.838873 0.601951 0.694176 0.905383 0.849719 0.815534 0.805331 0.929512 0.974386 0.913167 0.880615 0.870123 0.951643 0.836384 0.935979 0.785457 0.915234 0.886012 0.943982 0.895918 0.948056 0.880995 0.958442 0.831354 0.922170 0.987400 0.962521 0.966887 0.657551 0.751543 0.797428 0.934687 0.877580
0.856624 0.909335 0.758716 0.778414 0.863988 0.847100 0.930456 0.951050 0.788011 0.823616 0.892152 0.890620 0.973850 0.978433 0.981584 0.850607 0.858015 0.801516 0.991630 0.958840 0.799425 0.938512 0.635677 0.799741 0.758043 0.877720 0.905419 0.915292 0.799852 0.803126 0.920604 0.858596 0.812283 0.912029 0.797464 0.000000 0.995901 0.801556 0.987260 0.977931 0.820112 0.938839 0.844490 0.856711 0.949022 0.871361 0.803641 0.990524 0.847030 0.986987 0.994533 0.999916 0.911572 0.993445 0.798458 0.920737 0.793876 0.950136 0.918785 0.760623 0.905341 0.908013 0.944184 0.896459 0.735352 0.667983 0.637019 0.670076 0.953108 0.918693 0.907470 0.946950 0.911426 0.953648 0.831740 0.999076 0.915438 0.913248 0.930881 0.938061 0.979325 0.916100 0.844566 0.957960 0.603107 0.628772 0.944981 0.800766 0.986613 0.869632 0.865036 0.876955 0.927172 0.957241 0.911865 0.935246 0.787598 0.967129 0.761966 0.891234 0.753843 0.998147 0.765332 0.910700 0.881222 0.928054 0.989660 0.911737 0.959035 0.931081 0.947671 0.899368 0.937373 0.908904 0.995572 0.936642
0.929448 0.924078 0.937379 0.853763 0.953020 0.944613 0.953616 0.945666 0.786011 0.849687 0.984861 0.807696 0.903095 0.883896 0.923372 0.789555 0.906106 0.928529 0.995159 0.744876 0.943968 0.881196 0.963669 0.916951 0.854485 0.789707 0.954970 0.943722 0.936228 0.984829 0.888414 0.831870 0.829004 0.916508 0.928696 0.995901 0.000000 0.901548 0.804136 0.703897 0.686515 0.731168 0.993506 0.946896 0.965257 0.881880 0.875845 0.983043 0.995648 0.846550 0.816414 0.811574 0.776790 0.800014 0.919753 0.998263 0.909558 0.855594 0.835621 0.712015 0.902466 0.712131 0.887830 0.939158 0.823228 0.729325 0.977723 0.894137 0.846269 0.786373 0.897457 0.992410 0.804791 0.884700 0.964456 0.923241 0.940622 0.959386 0.940365 0.906107 0.873006 0.919922 0.867241 0.815094 0.965333 0.963675 0.902148 0.989092 0.896052 0.797327 0.952525 0.877439 0.982346 0.971440 0.716041 0.958369 0.939530 0.890662 0.953209 0.888519 0.941439 0.909342 0.984875 0.915345 0.925982 0.880453 0.953742 0.901537 0.816400 0.975336 0.952674 0.879297 0.947587 0.989432 0.982244 0.979321
0.979574 0.893368 0.990973 0.946752 0.888123 0.979907 0.881541 0.946401 0.900849 0.827859 0.821256 0.957186 0.731191 0.830312 0.782485 0.994945 0.887764 0.971568 0.896898 0.889638 0.905304 0.924262 0.950768 0.950698 0.804836 0.724323 0.998341 0.996521 0.931869 0.992808 0.963053 0.924558 0.892918 0.995669 0.990025 0.801556 0.901548 0.000000 0.875265 0.829937 0.865839 0.946131 0.975231 0.887219 0.987510 0.995832 0.981558 0.995912 0.992046 0.911256 0.993477 0.949964 0.939153 0.986182 0.970517 0.890862 0.920210 0.866865 0.982872 0.676118 0.986018 0.730993 0.837925 0.927325 0.883375 0.720659 0.959339 0.890691 0.857972 0.921564 0.799626 0.903560 0.980491 0.963673 0.841900 0.882106 0.915792 0.894876 0.883715 0.904819 0.851653 0.878092 0.920617 0.915117 0.967841 0.951763 0.990433 0.958158 0.886258 0.968889 0.854923 0.777956 0.988198 0.931694 0.942210 0.961720 0.916883 0.953728 0.881639 0.839752 0.916798 0.953361 0.963830 0.890707 0.768898 0.907811 0.969848 0.851013 0.966966 0.983569 0.920316 0.972861 0.977359 0.978187 0.810034 0.915078
