0.000000 0.353995 0.927885 0.873159 0.963978 0.874311 0.830107 0.796963 0.925894 0.683857 0.454196 0.393673 0.605606 0.635763 0.809229 0.778368 0.413334 0.398235 0.501721 0.400767 0.938651 0.978175 0.898592 0.829734 0.984607 0.857893 0.930184 0.816359 0.488198 0.462748 0.849955 0.830250 0.647746 0.629415 0.996019 0.911226 0.807841 0.646490 0.985234 0.774999 0.816511 0.701506 0.831364 0.666997 0.920236 0.789061 0.638493 0.655493 0.694083 0.648798 0.837071 0.720140 0.944687 0.999838 0.814779 0.801371 0.401514 0.354115 0.589700 0.555751 0.722830 0.852897 0.561764 0.444811 0.793258 0.761496 0.928947 0.999862 0.380551 0.454615 0.772167 0.837175 0.676375 0.569422 0.803272 0.928882 0.683877 0.718979 0.542625 0.632692 0.373632 0.424287 0.516284 0.501839 0.776502 0.983405 0.952471 0.972566 0.864243 0.818275 0.867126 0.875692 0.816443 0.867040 0.969499 0.840687 0.913726 0.798140 0.746419 0.801185 0.995305 0.875812 0.581241 0.724162 0.897950 0.717190 0.921970 0.867599 0.873738 0.736950 0.929104 0.890115 0.848415 0.841614 0.845042 0.863218
0.353995 0.000000 0.982718 0.866172 0.960127 0.742790 0.728910 0.727288 0.966856 0.635064 0.504866 0.409341 0.728147 0.738009 0.975467 0.845212 0.445780 0.399194 0.423142 0.432117 0.863352 0.980627 0.922510 0.755272 0.994054 0.813204 0.951090 0.713991 0.477919 0.552192 0.803988 0.796038 0.667690 0.574847 0.988731 0.973484 0.821037 0.576943 0.960179 0.869552 0.913482 0.781666 0.594254 0.489375 0.727922 0.596342 0.593927 0.598717 0.534543 0.483095 0.666695 0.582041 0.767716 0.826585 0.877065 0.771059 0.295389 0.269698 0.599461 0.564623 0.750995 0.839879 0.610232 0.467065 0.771194 0.701179 0.917298 0.953230 0.529991 0.460586 0.812086 0.790483 0.798219 0.676972 0.984844 0.908172 0.628683 0.694095 0.495840 0.619740 0.370678 0.430167 0.641676 0.467891 0.827546 0.868904 0.873059 0.875005 0.871921 0.842175 0.967609 0.971251 0.944008 0.957038 0.899282 0.918768 0.905112 0.760849 0.687844 0.648351 0.899889 0.814668 0.502311 0.748779 0.919307 0.860000 0.850383 0.779054 0.970986 0.700505 0.745009 0.823552 0.679054 0.659925 0.828517 0.940031
0.927885 0.982718 0.000000 0.473954 0.967307 0.766594 0.676185 0.688970 0.443404 0.964822 0.916859 0.991891 0.816729 0.864375 0.826962 0.763570 0.807522 0.812582 0.907251 0.926819 0.897139 0.915393 0.595935 0.683584 0.563846 0.481811 0.944678 0.962884 0.887210 0.940054 0.555459 0.676798 0.768976 0.810718 0.658570 0.976850 0.690027 0.898842 0.746777 0.945973 0.964001 0.982318 0.829337 0.901092 0.979355 0.959968 0.784770 0.870396 0.688194 0.862169 0.820788 0.836465 0.982192 0.924477 0.933189 0.791902 0.946424 0.849776 0.907883 0.984902 0.653443 0.552469 0.805648 0.839540 0.383317 0.428758 0.849838 0.663512 0.934721 0.871613 0.656608 0.638857 0.701306 0.773916 0.998247 0.957803 0.745840 0.844019 0.866636 0.932627 0.817391 0.936127 0.891968 0.919903 0.760850 0.642037 0.935314 0.845204 0.778252 0.931291 0.850644 0.964087 0.867365 0.970345 0.813085 0.948065 0.866947 0.995393 0.888428 0.862393 0.938687 0.960289 0.877550 0.927681 0.786523 0.865924 0.889961 0.858784 0.769010 0.929136 0.956650 0.998654 0.918248 0.960194 0.798822 0.995077
0.873159 0.866172 0.473954 0.000000 0.872991 0.870989 0.584699 0.424819 0.533688 0.685342 0.839627 0.694932 0.670615 0.710672 0.748739 0.631786 0.980219 0.998815 0.724094 0.835124 0.892847 0.973489 0.431487 0.698115 0.680864 0.601665 0.942302 0.965824 0.964510 0.952180 0.484953 0.576336 0.682134 0.680241 0.791711 0.977377 0.685064 0.888832 0.812998 0.887029 0.916063 0.877364 0.734952 0.718905 0.951910 0.993925 0.729907 0.786506 0.763498 0.885618 0.911161 0.908513 0.983186 0.953304 0.984507 0.819160 0.933906 0.983176 0.887733 0.873679 0.600448 0.484413 0.984822 0.888621 0.566378 0.530385 0.788705 0.687067 0.816032 0.977575 0.572673 0.496225 0.747489 0.814054 0.912126 0.937682 0.664395 0.789227 0.884607 0.958140 0.971868 0.994890 0.860104 0.997559 0.846427 0.749037 0.958744 0.791692 0.793954 0.776386 0.833792 0.998008 0.834022 0.933308 0.842065 0.997163 0.838057 0.907362 0.789670 0.714919 0.756121 0.936156 0.967126 0.907374 0.608927 0.650014 0.913332 0.698969 0.707516 0.832152 0.823797 0.973901 0.823835 0.936978 0.721342 0.942202
0.963978 0.960127 0.967307 0.872991 0.000000 0.898661 0.947805 0.964924 0.890178 0.938560 0.903612 0.910272 0.887579 0.890936 0.897662 0.962378 0.973848 0.946466 0.903287 0.981981 0.993199 0.878000 0.810426 0.902210 0.791916 0.966392 0.927401 0.849255 0.992819 0.941408 0.823890 0.925930 0.995586 0.929058 0.732371 0.885260 0.958873 0.952154 0.807993 0.927370 0.959084 0.892355 0.835881 0.865590 0.753458 0.772526 0.911562 0.914056 0.795562 0.772176 0.743855 0.781748 0.787030 0.760249 0.935071 0.888645 0.963318 0.976393 0.922033 0.976399 0.936979 0.956818 0.914981 0.943241 0.911645 0.886271 0.925389 0.932295 0.774667 0.988686 0.995849 0.900864 0.992948 0.978704 0.952024 0.926344 0.901355 0.969121 0.930485 0.982472 0.987541 0.943258 0.761078 0.900664 0.864292 0.737225 0.837044 0.905288 0.926454 0.950317 0.807089 0.811632 0.816490 0.949330 0.964914 0.998823 0.998008 0.901295 0.799459 0.829437 0.913838 0.848758 0.916371 0.954885 0.950680 0.731138 0.950518 0.926134 0.907318 0.928338 0.910747 0.975030 0.929474 0.836402 0.901273 0.939945
0.874311 0.742790 0.766594 0.870989 0.898661 0.000000 0.909895 0.993156 0.800049 0.791197 0.692727 0.845020 0.815391 0.822039 0.675801 0.674981 0.656490 0.638056 0.702320 0.832987 0.807826 0.983384 0.760359 0.645437 0.767059 0.619112 0.957278 0.692876 0.679500 0.767204 0.970253 0.956608 0.899725 0.755780 0.905039 0.883231 0.833107 0.799861 0.770615 0.865734 0.963124 0.915316 0.896922 0.755393 0.827567 0.715718 0.925298 0.790664 0.763016 0.786714 0.881555 0.899280 0.916133 0.985143 0.689403 0.929787 0.576368 0.672450 0.739225 0.806780 0.940651 0.802271 0.691042 0.708952 0.671224 0.619457 0.966577 0.972510 0.944988 0.858226 0.753110 0.863427 0.819261 0.966254 0.936420 0.997875 0.987163 0.864636 0.742478 0.969253 0.764592 0.984327 0.874986 0.799194 0.695531 0.659582 0.865918 0.965179 0.891782 0.909574 0.794213 0.844162 0.769641 0.786106 0.990902 0.975001 0.757233 0.770538 0.937071 0.827361 0.987080 0.923306 0.767303 0.825210 0.981431 0.969458 0.823342 0.900167 0.827491 0.850885 0.901436 0.929368 0.942233 0.916320 0.907902 0.910946
0.830107 0.728910 0.676185 0.584699 0.947805 0.909895 0.000000 0.349402 0.807015 0.612062 0.720554 0.710258 0.882136 0.846347 0.856200 0.941120 0.718707 0.774972 0.656531 0.856635 0.962157 0.938613 0.880171 0.817870 0.851339 0.953942 0.662349 0.632425 0.832462 0.820290 0.603036 0.757691 0.460112 0.419454 0.812344 0.803700 0.956641 0.916719 0.927931 0.806498 0.944730 0.990621 0.578637 0.561238 0.548160 0.547361 0.607634 0.590061 0.765995 0.686073 0.668644 0.705992 0.712678 0.794992 0.938410 0.940321 0.720773 0.753343 0.496927 0.590397 0.363233 0.646206 0.571788 0.603350 0.967029 0.872704 0.348269 0.384919 0.953373 0.955011 0.807193 0.733897 0.935035 0.955937 0.995790 0.884039 0.623083 0.892524 0.725918 0.853321 0.786503 0.998911 0.820827 0.945338 0.989870 0.919986 0.968814 0.794592 0.950692 0.942197 0.751933 0.833415 0.698657 0.847598 0.741782 0.899297 0.885335 0.707723 0.524815 0.601462 0.534354 0.747108 0.746397 0.612320 0.731591 0.770371 0.852497 0.623936 0.875341 0.796822 0.643227 0.747628 0.619709 0.748581 0.660833 0.843377
0.796963 0.727288 0.688970 0.424819 0.964924 0.993156 0.349402 0.000000 0.668916 0.404091 0.712074 0.579145 0.757498 0.714827 0.952862 0.778268 0.751656 0.786404 0.592386 0.798627 0.863723 0.959000 0.680012 0.939499 0.889136 0.944506 0.766033 0.773480 0.848067 0.805130 0.530846 0.693274 0.522573 0.437582 0.852803 0.917127 0.880026 0.968701 0.973555 0.778640 0.964977 0.925125 0.516194 0.475778 0.691110 0.626071 0.531587 0.553074 0.880875 0.764515 0.724359 0.743733 0.741481 0.762465 0.954333 0.969006 0.774948 0.789776 0.539998 0.617833 0.383304 0.439477 0.646146 0.578693 0.901490 0.758229 0.506397 0.464334 0.902627 0.883550 0.586084 0.547087 0.838432 0.920950 0.969990 0.946666 0.620095 0.839458 0.652448 0.869507 0.831766 0.985191 0.820442 0.966261 0.975940 0.953755 0.890680 0.692406 0.962161 0.978117 0.736319 0.866570 0.728428 0.906365 0.764914 0.852896 0.801620 0.697578 0.529662 0.497924 0.529822 0.858047 0.743002 0.645485 0.604469 0.716878 0.888844 0.552316 0.775862 0.715650 0.655925 0.730749 0.567007 0.774232 0.700899 0.879224
0.925894 0.966856 0.443404 0.533688 0.890178 0.800049 0.807015 0.668916 0.000000 0.805016 0.984249 0.910121 0.810142 0.775904 0.714563 0.632602 0.784826 0.771219 0.919223 0.947527 0.989410 0.969191 0.601224 0.713609 0.661851 0.498091 0.958483 0.965984 0.892607 0.836636 0.602073 0.762560 0.820813 0.878014 0.731481 0.893983 0.641236 0.840425 0.750859 0.906830 0.884052 0.933157 0.656022 0.778667 0.925852 0.955675 0.736308 0.871329 0.851393 0.962542 0.987662 0.998310 0.857207 0.815698 0.957926 0.893550 0.940531 0.862453 0.853534 0.942895 0.716568 0.450964 0.711233 0.850530 0.509078 0.478193 0.944997 0.819598 0.934386 0.853709 0.543913 0.503448 0.721703 0.884698 0.864779 0.966157 0.748035 0.853664 0.976924 0.951606 0.819200 0.959003 0.938230 0.883865 0.802733 0.760371 0.886313 0.775748 0.770465 0.861959 0.654747 0.759769 0.722118 0.831926 0.823194 0.915501 0.739207 0.945627 0.730170 0.706917 0.857245 0.892942 0.986931 0.951615 0.780768 0.871714 0.845406 0.737915 0.884179 0.824401 0.919789 0.984623 0.830400 0.842048 0.899980 0.780238
0.683857 0.635064 0.964822 0.685342 0.938560 0.791197 0.612062 0.404091 0.805016 0.000000 0.643326 0.564265 0.815218 0.781216 0.979949 0.880710 0.645393 0.654769 0.567703 0.718418 0.709696 0.904685 0.925337 0.718918 0.696447 0.830986 0.816286 0.776799 0.735866 0.771570 0.740643 0.838773 0.641577 0.575159 0.977201 0.956462 0.845387 0.823403 0.949877 0.958584 0.838855 0.809396 0.550948 0.463389 0.703468 0.559382 0.640541 0.572353 0.697174 0.620226 0.652604 0.637975 0.694935 0.646764 0.998714 0.917605 0.636812 0.647012 0.600182 0.691535 0.626090 0.610260 0.655253 0.534108 0.838414 0.920577 0.750145 0.778075 0.832535 0.732765 0.588117 0.602488 0.967074 0.863880 0.985583 0.987794 0.674463 0.878070 0.624158 0.879219 0.714418 0.954036 0.874162 0.902107 0.833195 0.674379 0.863593 0.638050 0.969623 0.965163 0.753260 0.793421 0.786171 0.883309 0.903518 0.797899 0.814826 0.687523 0.514616 0.506516 0.616545 0.784851 0.587664 0.643626 0.688994 0.842253 0.995239 0.542810 0.900468 0.635374 0.681349 0.649089 0.600260 0.767195 0.929590 0.957656
0.454196 0.504866 0.916859 0.839627 0.903612 0.692727 0.720554 0.712074 0.984249 0.643326 0.000000 0.486891 0.730878 0.755351 0.929591 0.877162 0.395198 0.362206 0.461200 0.416762 0.878550 0.924186 0.930578 0.793804 0.985440 0.847759 0.936677 0.770564 0.419391 0.416247 0.689130 0.713768 0.573582 0.473524 0.998194 0.945179 0.976032 0.761510 0.970397 0.916725 0.869156 0.720512 0.935829 0.732067 0.995373 0.861942 0.727044 0.698389 0.894504 0.829949 0.970062 0.926932 0.875551 0.859625 0.990301 0.956285 0.450638 0.486294 0.625968 0.566197 0.665764 0.880660 0.456693 0.415104 0.804658 0.827433 0.859421 0.865328 0.448425 0.588768 0.843153 0.971787 0.754682 0.610466 0.851637 0.953192 0.764550 0.671319 0.618506 0.830085 0.561646 0.741981 0.568673 0.600946 0.979433 0.911580 0.830608 0.806903 0.788737 0.927966 0.708989 0.668496 0.651749 0.672692 0.974217 0.845924 0.890075 0.719944 0.894544 0.873361 0.935985 0.931009 0.675347 0.622862 0.906193 0.711205 0.978465 0.934309 0.951203 0.737154 0.913273 0.988692 0.748357 0.861462 0.833600 0.870963
0.393673 0.409341 0.991891 0.694932 0.910272 0.845020 0.710258 0.579145 0.910121 0.564265 0.486891 0.000000 0.477320 0.497572 0.719230 0.585913 0.434928 0.390452 0.396001 0.419389 0.932418 0.957567 0.670206 0.935002 0.975137 0.843678 0.981786 0.684479 0.460830 0.403180 0.615534 0.612725 0.549110 0.529736 0.936560 0.957250 0.804556 0.690493 0.981837 0.927421 0.846916 0.756162 0.690628 0.559086 0.914658 0.775558 0.609122 0.646032 0.785551 0.752093 0.806394 0.746676 0.917803 0.901632 0.925640 0.851137 0.512240 0.435829 0.595513 0.571854 0.584015 0.654541 0.501148 0.357517 0.807695 0.869806 0.874774 0.882183 0.510685 0.578154 0.644091 0.650562 0.662051 0.655944 0.936441 0.938522 0.661439 0.683784 0.447271 0.727302 0.413234 0.518721 0.537226 0.504667 0.896359 0.960202 0.846254 0.794146 0.945315 0.856468 0.922897 0.855086 0.865046 0.823252 0.945202 0.799432 0.929495 0.691715 0.743683 0.702289 0.864028 0.867794 0.636410 0.647160 0.732426 0.685196 0.982424 0.802640 0.835547 0.703886 0.892924 0.917682 0.797785 0.785538 0.731383 0.873673
0.605606 0.728147 0.816729 0.670615 0.887579 0.815391 0.882136 0.757498 0.810142 0.815218 0.730878 0.477320 0.000000 0.420835 0.422515 0.474376 0.765294 0.728536 0.721566 0.584492 0.815523 0.949576 0.526864 0.805266 0.789980 0.886699 0.946168 0.865713 0.737099 0.659308 0.608378 0.696522 0.675313 0.836505 0.975684 0.861156 0.761474 0.844051 0.876048 0.873926 0.887053 0.764132 0.876810 0.874720 0.875776 0.945480 0.755270 0.824718 0.933373 0.980477 0.994350 0.925075 0.966362 0.950926 0.825440 0.868787 0.892261 0.774899 0.907680 0.871912 0.664879 0.607520 0.805076 0.695396 0.868425 0.861134 0.970887 0.976352 0.551824 0.691979 0.527203 0.614258 0.513474 0.652176 0.894678 0.935528 0.706055 0.842481 0.732184 0.827124 0.661925 0.545488 0.644517 0.671962 0.636768 0.759007 0.943179 0.892466 0.805352 0.728655 0.972701 0.941496 0.947541 0.963375 0.952119 0.729898 0.714573 0.861551 0.902002 0.947661 0.986950 0.899349 0.956540 0.802011 0.798884 0.714309 0.926233 0.859997 0.753032 0.918355 0.953917 0.978262 0.961195 0.934275 0.795858 0.923536
0.635763 0.738009 0.864375 0.710672 0.890936 0.822039 0.846347 0.714827 0.775904 0.781216 0.755351 0.497572 0.420835 0.000000 0.484898 0.414112 0.694783 0.687777 0.633581 0.601575 0.895549 0.979714 0.499212 0.771146 0.803574 0.878727 0.892819 0.957888 0.723022 0.626952 0.611753 0.574166 0.580956 0.795017 0.977077 0.961765 0.694696 0.802117 0.895691 0.847723 0.883693 0.741910 0.780190 0.781910 0.981037 0.992343 0.712722 0.898829 0.988442 0.973647 0.881525 0.878005 0.793604 0.788389 0.887268 0.924622 0.839681 0.793619 0.905537 0.932426 0.622331 0.553914 0.766144 0.646882 0.968394 0.863188 0.911213 0.912645 0.676997 0.751984 0.469709 0.551820 0.512763 0.755520 0.849518 0.970753 0.751708 0.816194 0.665474 0.862091 0.643887 0.679361 0.614721 0.740933 0.649351 0.738367 0.901822 0.806543 0.854746 0.773179 0.870552 0.993513 0.996655 0.988165 0.993739 0.829319 0.738949 0.845312 0.773831 0.867067 0.927052 0.815709 0.871247 0.646143 0.874916 0.677136 0.872267 0.814662 0.815201 0.809807 0.980487 0.969770 0.912150 0.904950 0.859882 0.999372
0.809229 0.975467 0.826962 0.748739 0.897662 0.675801 0.856200 0.952862 0.714563 0.979949 0.929591 0.719230 0.422515 0.484898 0.000000 0.396625 0.946422 0.967438 0.929174 0.746668 0.789555 0.920519 0.492659 0.651064 0.671534 0.817959 0.883616 0.869319 0.878771 0.781149 0.687744 0.690331 0.840197 0.954997 0.957946 0.864369 0.666546 0.857804 0.879954 0.785360 0.855867 0.892645 0.994449 0.976488 0.717337 0.745687 0.843379 0.955514 0.767987 0.802506 0.880185 0.965358 0.989976 0.993490 0.865492 0.975940 0.907022 0.986310 0.855893 0.928456 0.865971 0.689126 0.950507 0.933184 0.770334 0.759717 0.791756 0.860591 0.673044 0.876529 0.541153 0.688334 0.603709 0.783644 0.957091 0.858093 0.855139 0.859261 0.929748 0.875107 0.869864 0.758544 0.792382 0.882827 0.645717 0.656454 0.968794 0.923451 0.737116 0.842140 0.963621 0.900874 0.835542 0.924554 0.986548 0.932400 0.754781 0.966765 0.949673 0.906426 0.867399 0.992645 0.908147 0.975082 0.884773 0.747397 0.916411 0.945789 0.755941 0.926995 0.810180 0.858995 0.831456 0.912598 0.835028 0.974610
0.778368 0.845212 0.763570 0.631786 0.962378 0.674981 0.941120 0.778268 0.632602 0.880710 0.877162 0.585913 0.474376 0.414112 0.396625 0.000000 0.951744 0.924715 0.789788 0.685197 0.882978 0.931262 0.382099 0.570085 0.626947 0.771430 0.930402 0.915540 0.852093 0.725152 0.544492 0.549068 0.796599 0.920333 0.889796 0.924116 0.671181 0.755335 0.763924 0.889152 0.946055 0.817148 0.819010 0.862472 0.841489 0.888458 0.722885 0.896999 0.810927 0.853426 0.976554 0.975892 0.913005 0.907325 0.867755 0.970862 0.952864 0.982256 0.946885 0.942485 0.762038 0.478342 0.940671 0.862884 0.751640 0.644318 0.884226 0.949156 0.786687 0.830144 0.467912 0.623946 0.545552 0.746946 0.970927 0.892928 0.888343 0.755963 0.808819 0.872343 0.824070 0.706519 0.722251 0.792261 0.705644 0.618835 0.960908 0.829162 0.807884 0.769979 0.976972 0.905930 0.911135 0.876731 0.966832 0.856634 0.764116 0.898729 0.972988 0.923634 0.968574 0.985319 0.971935 0.951179 0.868942 0.746067 0.899711 0.919612 0.754100 0.880895 0.955977 0.887712 0.958091 0.992498 0.799534 0.887092
0.413334 0.445780 0.807522 0.980219 0.973848 0.656490 0.718707 0.751656 0.784826 0.645393 0.395198 0.434928 0.765294 0.694783 0.946422 0.951744 0.000000 0.276027 0.439359 0.427288 0.852614 0.999447 0.956801 0.637537 0.772777 0.592027 0.957160 0.713208 0.337266 0.332421 0.834853 0.803441 0.523056 0.495935 0.849286 0.920152 0.994917 0.797767 0.823366 0.906279 0.862944 0.780318 0.803114 0.608451 0.776959 0.671594 0.640483 0.643208 0.601838 0.594628 0.729829 0.640377 0.871235 0.906138 0.966884 0.840415 0.395400 0.352978 0.498103 0.561294 0.672576 0.977409 0.310778 0.276835 0.529404 0.563908 0.784265 0.919792 0.505027 0.521846 0.937643 0.967939 0.834328 0.742231 0.850748 0.961895 0.752517 0.746295 0.433445 0.720015 0.340787 0.653794 0.584707 0.557520 0.969649 0.754938 0.843038 0.853939 0.793328 0.943400 0.782574 0.772755 0.726948 0.746543 0.938707 0.788278 0.951906 0.645339 0.743928 0.805760 0.859378 0.938290 0.572977 0.520974 0.905721 0.801334 0.964944 0.848348 0.921618 0.686727 0.881837 0.857436 0.756672 0.820047 0.802269 0.777045
0.398235 0.399194 0.812582 0.998815 0.946466 0.638056 0.774972 0.786404 0.771219 0.654769 0.362206 0.390452 0.728536 0.687777 0.967438 0.924715 0.276027 0.000000 0.373799 0.410829 0.840542 0.962591 0.974651 0.723588 0.820641 0.630780 0.971379 0.714889 0.317876 0.343129 0.832514 0.761356 0.561158 0.506027 0.834190 0.944869 0.989343 0.715898 0.829551 0.878922 0.887718 0.735028 0.865298 0.642181 0.879869 0.754201 0.717212 0.684059 0.682637 0.681573 0.827737 0.756289 0.951372 0.989259 0.986650 0.883798 0.349567 0.325699 0.537562 0.573150 0.732297 0.995952 0.328551 0.287669 0.562343 0.571855 0.881955 0.979646 0.470841 0.514065 0.904620 0.977951 0.830657 0.722708 0.845411 0.981163 0.801812 0.739114 0.436386 0.819930 0.379756 0.600838 0.530587 0.474221 0.983558 0.767980 0.884175 0.893262 0.788187 0.989499 0.740150 0.730577 0.689560 0.731732 0.977520 0.838720 0.907817 0.675098 0.810127 0.844864 0.938234 0.917455 0.551439 0.563943 0.884233 0.794891 0.924036 0.887225 0.970028 0.760771 0.841510 0.910523 0.760836 0.761515 0.846392 0.802895
0.501721 0.423142 0.907251 0.724094 0.903287 0.702320 0.656531 0.592386 0.919223 0.567703 0.461200 0.396001 0.721566 0.633581 0.929174 0.789788 0.439359 0.373799 0.000000 0.415160 0.840306 0.967323 0.728782 0.886563 0.981335 0.846028 0.986454 0.738812 0.462952 0.489023 0.683058 0.624556 0.516889 0.443260 0.977295 0.903356 0.747067 0.643293 0.969006 0.913898 0.930383 0.727957 0.606718 0.494622 0.806719 0.678135 0.546106 0.591345 0.759125 0.712122 0.838148 0.789402 0.930217 0.932790 0.971166 0.993810 0.374444 0.420267 0.567757 0.606070 0.622686 0.744995 0.504948 0.407142 0.848129 0.862962 0.793558 0.806040 0.577314 0.603719 0.743836 0.734559 0.783575 0.687394 0.996336 0.971844 0.690848 0.715441 0.503789 0.823491 0.524762 0.681190 0.565567 0.517171 0.912025 0.956228 0.832981 0.845271 0.940346 0.909748 0.882265 0.814835 0.807620 0.784310 0.821890 0.869676 0.999149 0.683496 0.694393 0.661539 0.893155 0.854878 0.585354 0.589764 0.852503 0.776076 0.881497 0.800174 0.960499 0.586777 0.814162 0.827769 0.712291 0.670905 0.773638 0.843143
0.400767 0.432117 0.926819 0.835124 0.981981 0.832987 0.856635 0.798627 0.947527 0.718418 0.416762 0.419389 0.584492 0.601575 0.746668 0.685197 0.427288 0.410829 0.415160 0.000000 0.950207 0.987026 0.747721 0.966577 0.907217 0.900383 0.866779 0.735593 0.439623 0.444265 0.741962 0.696103 0.651660 0.617373 0.990565 0.912251 0.762048 0.621868 0.970717 0.744692 0.864701 0.690911 0.804778 0.702484 0.999542 0.869467 0.675647 0.721412 0.836994 0.797292 0.956177 0.847157 0.972062 0.946900 0.961416 0.991731 0.465918 0.439534 0.736134 0.653907 0.746260 0.781815 0.629912 0.501302 0.881682 0.863748 0.993708 0.974000 0.453333 0.476929 0.755939 0.851805 0.641911 0.597605 0.894928 0.962968 0.734528 0.744428 0.594226 0.736181 0.515690 0.539427 0.580796 0.445680 0.780286 0.945959 0.803942 0.818249 0.956441 0.868940 0.825152 0.733948 0.701555 0.766734 0.932560 0.852178 0.973872 0.740538 0.867163 0.851501 0.979764 0.875392 0.734284 0.759124 0.871601 0.820502 0.958342 0.888635 0.843619 0.670928 0.988415 0.997747 0.876531 0.870587 0.881900 0.782420
0.938651 0.863352 0.897139 0.892847 0.993199 0.807826 0.962157 0.863723 0.989410 0.709696 0.878550 0.932418 0.815523 0.895549 0.789555 0.882978 0.852614 0.840542 0.840306 0.950207 0.000000 0.948918 0.787976 0.690962 0.771264 0.839420 0.935043 0.958757 0.915212 0.942490 0.908564 0.802859 0.971333 0.849464 0.976866 0.934684 0.967209 0.824844 0.974275 0.944832 0.961431 0.956707 0.803673 0.837298 0.861807 0.824424 0.895434 0.802937 0.839172 0.783790 0.865458 0.830182 0.926535 0.871647 0.968004 0.956059 0.787974 0.851808 0.774454 0.806471 0.961091 0.923271 0.889804 0.850452 0.869572 0.844330 0.989494 0.949663 0.975087 0.861297 0.995506 0.980481 0.961210 0.916661 0.947888 0.924240 0.898613 0.958263 0.925629 0.962929 0.923681 0.943175 0.991668 0.867192 0.755239 0.695117 0.990576 0.916983 0.942853 0.814823 0.942738 0.961152 0.952902 0.895738 0.967900 0.965627 0.935385 0.832248 0.824194 0.795820 0.870861 0.950675 0.835313 0.937579 0.977442 0.969370 0.809292 0.971355 0.970004 0.951876 0.770813 0.729915 0.787126 0.808773 0.862234 0.866360
0.978175 0.980627 0.915393 0.973489 0.878000 0.983384 0.938613 0.959000 0.969191 0.904685 0.924186 0.957567 0.949576 0.979714 0.920519 0.931262 0.999447 0.962591 0.967323 0.987026 0.948918 0.000000 0.994069 0.929028 0.855501 0.918126 0.846567 0.981472 0.970011 0.959646 0.979561 0.949285 0.937303 0.879143 0.947235 0.999683 0.950441 0.904810 0.963319 0.798294 0.951260 0.911829 0.999965 0.932223 0.977442 0.969953 0.998703 0.976699 0.964886 0.915389 0.929887 0.945018 0.947098 0.918958 0.946150 0.827474 0.998150 0.982666 0.914387 0.903809 0.940131 0.926014 0.983465 0.996548 0.946132 0.863618 0.834698 0.818848 0.974623 0.843735 0.997993 0.902241 0.942883 0.739356 0.949288 0.980420 0.935704 0.842771 0.931949 0.957277 0.928409 0.955707 0.952371 0.928652 0.998447 0.877615 0.958998 0.870880 0.905161 0.986925 0.959112 0.936902 0.982085 0.978575 0.982295 0.902597 0.766464 0.996830 0.980653 0.996874 0.991832 0.944207 0.958045 0.868609 0.932340 0.994000 0.966289 0.934261 0.950168 0.988926 0.962402 0.770968 0.935954 0.976455 0.827253 0.937720
0.898592 0.922510 0.595935 0.431487 0.810426 0.760359 0.880171 0.680012 0.601224 0.925337 0.930578 0.670206 0.526864 0.499212 0.492659 0.382099 0.956801 0.974651 0.728782 0.747721 0.787976 0.994069 0.000000 0.475909 0.533759 0.653198 0.934798 0.941210 0.940443 0.848872 0.481536 0.459759 0.749907 0.878012 0.972803 0.910895 0.640702 0.762147 0.808166 0.953813 0.928761 0.851189 0.825390 0.846645 0.770356 0.808360 0.803616 0.928552 0.650492 0.709560 0.829557 0.840237 0.954832 0.925178 0.993987 0.851731 0.977030 0.987139 0.936787 0.990842 0.722357 0.535141 0.944557 0.916104 0.577061 0.537771 0.986331 0.883110 0.818444 0.918359 0.546989 0.562337 0.539241 0.847581 0.976730 0.963804 0.816184 0.799832 0.877252 0.937411 0.972677 0.838127 0.688622 0.809811 0.661658 0.554389 0.945590 0.920715 0.700668 0.701759 0.994225 0.818361 0.924392 0.963471 0.820967 0.999014 0.832203 0.971372 0.951101 0.909666 0.988577 0.996459 0.881432 0.992265 0.799047 0.731147 0.968661 0.836165 0.773554 0.919411 0.996110 0.866722 0.988776 0.993684 0.674361 0.972646
0.829734 0.755272 0.683584 0.698115 0.902210 0.645437 0.817870 0.939499 0.713609 0.718918 0.793804 0.935002 0.805266 0.771146 0.651064 0.570085 0.637537 0.723588 0.886563 0.966577 0.690962 0.929028 0.475909 0.000000 0.454868 0.508475 0.863769 0.838006 0.767757 0.850049 0.746786 0.774272 0.935602 0.782811 0.889670 0.959144 0.772139 0.987813 0.681968 0.921199 0.981736 0.931001 0.860460 0.795729 0.652889 0.578674 0.894191 0.756716 0.491368 0.497624 0.627192 0.587945 0.851939 0.749226 0.949045 0.776644 0.677849 0.679224 0.643438 0.766152 0.980774 0.772706 0.631066 0.676705 0.482409 0.476980 0.853902 0.995995 0.960050 0.804549 0.774794 0.808964 0.696825 0.897236 0.973730 0.921463 0.927288 0.968918 0.849153 0.929820 0.737321 0.960058 0.976691 0.888951 0.645089 0.437976 0.905348 0.860415 0.680003 0.697758 0.985656 0.833334 0.952507 0.945443 0.971418 0.868060 0.914074 0.812007 0.754084 0.821655 0.792874 0.896086 0.648569 0.799199 0.972272 0.892841 0.965313 0.884339 0.904238 0.825979 0.846726 0.627308 0.695434 0.851449 0.930868 0.911499
0.984607 0.994054 0.563846 0.680864 0.791916 0.767059 0.851339 0.889136 0.661851 0.696447 0.985440 0.975137 0.789980 0.803574 0.671534 0.626947 0.772777 0.820641 0.981335 0.907217 0.771264 0.855501 0.533759 0.454868 0.000000 0.462746 0.804206 0.763640 0.888531 0.928570 0.684274 0.703524 0.975517 0.893845 0.840467 0.881659 0.699013 0.746647 0.607281 0.872735 0.976683 0.949562 0.916529 0.821762 0.647677 0.619932 0.952148 0.855725 0.543879 0.617951 0.585133 0.601771 0.752574 0.673774 0.993518 0.846223 0.905532 0.844187 0.694855 0.880268 0.986563 0.820204 0.647034 0.729732 0.445441 0.547784 0.799830 0.978572 0.806589 0.942702 0.848886 0.804593 0.604822 0.713835 0.980298 0.961365 0.968255 0.813387 0.854933 0.918995 0.908496 0.809480 0.833026 0.916732 0.610941 0.401026 0.959593 0.881411 0.713400 0.713678 0.850795 0.761619 0.822393 0.841550 0.966011 0.895240 0.930671 0.826769 0.756143 0.799824 0.742232 0.863433 0.742262 0.804355 0.954242 0.886046 0.881514 0.834054 0.881004 0.934745 0.855592 0.668445 0.791301 0.862002 0.837409 0.948375
0.857893 0.813204 0.481811 0.601665 0.966392 0.619112 0.953942 0.944506 0.498091 0.830986 0.847759 0.843678 0.886699 0.878727 0.817959 0.771430 0.592027 0.630780 0.846028 0.900383 0.839420 0.918126 0.653198 0.508475 0.462746 0.000000 0.981311 0.801760 0.678428 0.676856 0.751189 0.887393 0.992993 0.885316 0.722121 0.824274 0.774008 0.929874 0.624118 0.959589 0.933663 0.903124 0.979874 0.833349 0.813504 0.720706 0.938409 0.848909 0.598732 0.654733 0.715310 0.673492 0.915586 0.847956 0.971846 0.875555 0.741644 0.666779 0.665979 0.755246 0.913413 0.718078 0.589308 0.611348 0.394404 0.439372 0.988593 0.893974 0.967844 0.790001 0.729272 0.691285 0.717808 0.867587 0.988865 0.922674 0.940674 0.992125 0.749657 0.979478 0.693990 0.946747 0.940300 0.813713 0.682589 0.539061 0.908653 0.919884 0.714323 0.745193 0.816792 0.903440 0.799364 0.815522 0.887379 0.912952 0.824970 0.865306 0.979906 0.927855 0.990097 0.926114 0.768813 0.854590 0.910568 0.863190 0.865576 0.980700 0.919272 0.912257 0.988244 0.773491 0.925234 0.987211 0.988240 0.849973
0.930184 0.951090 0.944678 0.942302 0.927401 0.957278 0.662349 0.766033 0.958483 0.816286 0.936677 0.981786 0.946168 0.892819 0.883616 0.930402 0.957160 0.971379 0.986454 0.866779 0.935043 0.846567 0.934798 0.863769 0.804206 0.981311 0.000000 0.831908 0.994451 0.961447 0.880036 0.920377 0.769321 0.876257 0.904643 0.833530 0.886982 0.722579 0.985123 0.903289 0.861317 0.870836 0.793942 0.852362 0.662177 0.712135 0.893283 0.850101 0.859679 0.873051 0.728341 0.793463 0.710334 0.675485 0.987811 0.985266 0.960860 0.925950 0.832283 0.896377 0.726290 0.790478 0.869187 0.880350 0.916169 0.921421 0.625024 0.652375 0.823279 0.895401 0.850306 0.900924 0.984242 0.938228 0.954834 0.966577 0.830610 0.976870 0.962300 0.924058 0.948130 0.788469 0.899984 0.727526 0.866721 0.847048 0.939187 0.681997 0.895956 0.702923 0.748631 0.815742 0.722092 0.897374 0.892170 0.975595 0.934272 0.980749 0.707484 0.839763 0.684384 0.828383 0.933533 0.802838 0.968717 0.960639 0.830151 0.771610 0.946888 0.955002 0.724429 0.852127 0.821345 0.859910 0.895672 0.924424
0.816359 0.713991 0.962884 0.965824 0.849255 0.692876 0.632425 0.773480 0.965984 0.776799 0.770564 0.684479 0.865713 0.957888 0.869319 0.915540 0.713208 0.714889 0.738812 0.735593 0.958757 0.981472 0.941210 0.838006 0.763640 0.801760 0.831908 0.000000 0.717795 0.740377 0.936063 0.929823 0.737778 0.729522 0.865274 0.909155 0.911915 0.954195 0.787659 0.897672 0.995965 0.907825 0.790586 0.700997 0.706885 0.658331 0.779913 0.743664 0.681108 0.719514 0.735636 0.737367 0.896374 0.883180 0.924861 0.906014 0.719076 0.675191 0.605043 0.634317 0.667424 0.846368 0.653655 0.669108 0.838616 0.893898 0.680536 0.760188 0.991042 0.891198 0.984731 0.977333 0.955399 0.944571 0.888544 0.932341 0.741239 0.951832 0.789657 0.785026 0.699306 0.772183 0.903217 0.803825 0.976321 0.875504 0.923032 0.867955 0.956978 0.911995 0.967305 0.982837 0.940864 0.917005 0.905051 0.976050 0.902557 0.666104 0.796484 0.732409 0.929134 0.702160 0.735821 0.762591 0.847569 0.977535 0.923483 0.822709 0.916987 0.825368 0.922134 0.916743 0.861198 0.835215 0.878257 0.863229
0.488198 0.477919 0.887210 0.964510 0.992819 0.679500 0.832462 0.848067 0.892607 0.735866 0.419391 0.460830 0.737099 0.723022 0.878771 0.852093 0.337266 0.317876 0.462952 0.439623 0.915212 0.970011 0.940443 0.767757 0.888531 0.678428 0.994451 0.717795 0.000000 0.302391 0.765138 0.704520 0.583392 0.542554 0.844811 0.971014 0.961554 0.715145 0.906829 0.814837 0.986642 0.844771 0.876824 0.701298 0.868689 0.743131 0.706795 0.660385 0.707419 0.666958 0.810402 0.688613 0.926528 0.946087 0.966975 0.938867 0.471033 0.415451 0.601889 0.533988 0.712030 0.944039 0.417176 0.354207 0.654806 0.685570 0.914425 0.958798 0.538241 0.591356 0.901781 0.966172 0.783578 0.708946 0.905913 0.961483 0.878315 0.784915 0.521209 0.789083 0.399290 0.616745 0.536495 0.547975 0.987198 0.843206 0.822802 0.835937 0.857806 0.941766 0.678801 0.667383 0.600010 0.645456 0.925368 0.834665 0.969840 0.714983 0.866537 0.892112 0.983351 0.944163 0.577469 0.639273 0.933744 0.840845 0.976063 0.914473 0.994629 0.748279 0.996145 0.980022 0.776137 0.807943 0.800361 0.838223
0.462748 0.552192 0.940054 0.952180 0.941408 0.767204 0.820290 0.805130 0.836636 0.771570 0.416247 0.403180 0.659308 0.626952 0.781149 0.725152 0.332421 0.343129 0.489023 0.444265 0.942490 0.959646 0.848872 0.850049 0.928570 0.676856 0.961447 0.740377 0.302391 0.000000 0.667453 0.598670 0.564494 0.534686 0.915830 0.957557 0.996845 0.804403 0.914497 0.805219 0.955890 0.843507 0.938667 0.738077 0.962993 0.831607 0.674480 0.676513 0.824615 0.780412 0.890733 0.761518 0.989403 0.990878 0.967147 0.969405 0.566542 0.498362 0.592182 0.558574 0.650093 0.874309 0.390327 0.324734 0.667533 0.748790 0.893166 0.889127 0.496960 0.591411 0.867004 0.993394 0.753775 0.664495 0.803021 0.966449 0.841329 0.665246 0.521672 0.731698 0.388998 0.641421 0.482434 0.553697 0.964431 0.894252 0.828590 0.822611 0.804543 0.882912 0.630976 0.582596 0.542021 0.562341 0.950132 0.787798 0.935346 0.700461 0.943824 0.949081 0.986699 0.991477 0.656761 0.610751 0.860763 0.712187 0.953495 0.964341 0.861289 0.758463 0.957720 0.992244 0.912343 0.921015 0.710814 0.769011
0.849955 0.803988 0.555459 0.484953 0.823890 0.970253 0.603036 0.530846 0.602073 0.740643 0.689130 0.615534 0.608378 0.611753 0.687744 0.544492 0.834853 0.832514 0.683058 0.741962 0.908564 0.979561 0.481536 0.746786 0.684274 0.751189 0.880036 0.936063 0.765138 0.667453 0.000000 0.424519 0.564398 0.577069 0.895578 0.881085 0.857010 0.846231 0.785812 0.988340 0.976528 0.885371 0.740469 0.740142 0.965608 0.908621 0.692509 0.708962 0.827979 0.946856 0.995881 0.994059 0.897741 0.940463 0.953714 0.890773 0.913084 0.940940 0.851053 0.791524 0.489817 0.479467 0.827190 0.710245 0.762431 0.631894 0.752313 0.591062 0.803308 0.918800 0.594871 0.651220 0.653190 0.707865 0.898304 0.963764 0.729351 0.625296 0.768184 0.905809 0.805988 0.878305 0.643659 0.901153 0.904893 0.787219 0.846685 0.766432 0.810194 0.932967 0.998435 0.854749 0.950734 0.865547 0.853750 0.795419 0.920505 0.731380 0.873456 0.834840 0.757230 0.969432 0.978833 0.775189 0.717522 0.666320 0.803278 0.723422 0.794661 0.892272 0.835007 0.956499 0.898618 0.940071 0.598155 0.987010
0.830250 0.796038 0.676798 0.576336 0.925930 0.956608 0.757691 0.693274 0.762560 0.838773 0.713768 0.612725 0.696522 0.574166 0.690331 0.549068 0.803441 0.761356 0.624556 0.696103 0.802859 0.949285 0.459759 0.774272 0.703524 0.887393 0.920377 0.929823 0.704520 0.598670 0.424519 0.000000 0.572952 0.664754 0.984557 0.956656 0.842652 0.726915 0.943885 0.892304 0.987080 0.887211 0.776598 0.727881 0.991462 0.922989 0.727797 0.835603 0.897620 0.916420 0.998205 0.990276 0.940558 0.952877 0.913766 0.881164 0.834227 0.909328 0.893908 0.871881 0.649027 0.651270 0.807411 0.710143 0.870925 0.767222 0.883302 0.766190 0.810201 0.945582 0.710304 0.699633 0.758238 0.763431 0.951862 0.995623 0.816103 0.623181 0.770904 0.886037 0.764100 0.904799 0.645521 0.767750 0.924814 0.791886 0.820152 0.732855 0.929861 0.996722 0.935824 0.749145 0.826090 0.833664 0.975131 0.853655 0.930536 0.844011 0.905709 0.921789 0.891366 0.883491 0.893089 0.808776 0.817794 0.699599 0.931786 0.779490 0.810668 0.821056 0.938083 0.974793 0.938957 0.918368 0.570151 0.934854
0.647746 0.667690 0.768976 0.682134 0.995586 0.899725 0.460112 0.522573 0.820813 0.641577 0.573582 0.549110 0.675313 0.580956 0.840197 0.796599 0.523056 0.561158 0.516889 0.651660 0.971333 0.937303 0.749907 0.935602 0.975517 0.992993 0.769321 0.737778 0.583392 0.564494 0.564398 0.572952 0.000000 0.448533 0.907297 0.842951 0.898455 0.882387 0.927032 0.992913 0.872090 0.774744 0.708634 0.564473 0.653924 0.641115 0.528167 0.646756 0.789428 0.750239 0.717920 0.711197 0.714375 0.786155 0.928311 0.938351 0.620839 0.650129 0.605822 0.732484 0.393350 0.664821 0.483067 0.479060 0.959415 0.982615 0.535480 0.621004 0.707302 0.819448 0.668250 0.647243 0.715090 0.781823 0.856601 0.995430 0.731637 0.734134 0.555965 0.778840 0.554906 0.773443 0.566391 0.752418 0.850048 0.969014 0.914166 0.794953 0.979539 0.969360 0.885134 0.998292 0.951514 0.957740 0.780979 0.806940 0.955423 0.629651 0.570137 0.716879 0.752233 0.822491 0.687662 0.464788 0.788896 0.733190 0.980291 0.699448 0.890368 0.728130 0.692923 0.828080 0.738714 0.709565 0.615584 0.972037
0.629415 0.574847 0.810718 0.680241 0.929058 0.755780 0.419454 0.437582 0.878014 0.575159 0.473524 0.529736 0.836505 0.795017 0.954997 0.920333 0.495935 0.506027 0.443260 0.617373 0.849464 0.879143 0.878012 0.782811 0.893845 0.885316 0.876257 0.729522 0.542554 0.534686 0.577069 0.664754 0.448533 0.000000 0.925534 0.853065 0.998051 0.883522 0.900746 0.921390 0.990883 0.936668 0.648711 0.508158 0.653001 0.553548 0.500842 0.457836 0.762600 0.692656 0.752044 0.714339 0.842213 0.890402 0.990788 0.974208 0.563081 0.600540 0.423402 0.478766 0.405082 0.678578 0.437446 0.426464 0.899565 0.989707 0.511778 0.501961 0.711240 0.812418 0.845466 0.848447 0.870724 0.776393 0.924816 0.947209 0.718041 0.693606 0.524243 0.789738 0.609530 0.893167 0.658610 0.760559 0.903338 0.872628 0.841786 0.761223 0.907647 0.896569 0.938371 0.888351 0.933257 0.819958 0.839197 0.857031 0.976441 0.550645 0.640583 0.629398 0.601301 0.922509 0.596625 0.529331 0.762165 0.673606 0.997034 0.711846 0.889142 0.688636 0.736581 0.822016 0.691420 0.733320 0.638133 0.820588
0.996019 0.988731 0.658570 0.791711 0.732371 0.905039 0.812344 0.852803 0.731481 0.977201 0.998194 0.936560 0.975684 0.977077 0.957946 0.889796 0.849286 0.834190 0.977295 0.990565 0.976866 0.947235 0.972803 0.889670 0.840467 0.722121 0.904643 0.865274 0.844811 0.915830 0.895578 0.984557 0.907297 0.925534 0.000000 0.998969 0.984327 0.959927 0.936705 0.905702 0.886712 0.980459 0.833299 0.917884 0.854471 0.862709 0.756331 0.799411 0.981793 0.879060 0.939763 0.922789 0.903647 0.920471 0.912582 0.996400 0.985158 0.914003 0.959847 0.890466 0.800940 0.702065 0.859240 0.876425 0.691725 0.717147 0.816053 0.715638 0.935117 0.942623 0.866448 0.896271 0.930100 0.837042 0.960756 0.882086 0.917129 0.915083 0.884209 0.926305 0.925783 0.950782 0.950169 0.898585 0.855835 0.852248 0.978642 0.956626 0.919332 0.946458 0.838107 0.863917 0.846554 0.950918 0.997929 0.990515 0.847294 0.945063 0.866843 0.884193 0.937296 0.850167 0.966497 0.981782 0.980602 0.989112 0.804403 0.911711 0.994872 0.968053 0.987404 0.943126 0.858841 0.947578 0.903152 0.954248
0.911226 0.973484 0.976850 0.977377 0.885260 0.883231 0.803700 0.917127 0.893983 0.956462 0.945179 0.957250 0.861156 0.961765 0.864369 0.924116 0.920152 0.944869 0.903356 0.912251 0.934684 0.999683 0.910895 0.959144 0.881659 0.824274 0.833530 0.909155 0.971014 0.957557 0.881085 0.956656 0.842951 0.853065 0.998969 0.000000 0.936962 0.834317 0.963864 0.978963 0.835418 0.992186 0.839755 0.837812 0.690433 0.744194 0.827851 0.884848 0.807750 0.816137 0.805501 0.836595 0.731363 0.825071 0.954757 0.952287 0.963464 0.947100 0.770997 0.921417 0.824524 0.952323 0.871409 0.898529 0.916783 0.981495 0.718524 0.742757 0.849960 0.933105 0.980568 0.926428 0.834343 0.928334 0.950829 0.953118 0.929465 0.942719 0.971920 0.979994 0.907574 0.958895 0.916120 0.898243 0.997506 0.993427 0.980404 0.966442 0.866065 0.918183 0.929766 0.855138 0.911223 0.986674 0.866955 0.967398 0.961058 0.893354 0.850610 0.796356 0.860305 0.950371 0.887306 0.798501 0.970911 0.985584 0.971273 0.970796 0.988292 0.959796 0.822934 0.814086 0.993163 0.970251 0.962820 0.878205
0.807841 0.821037 0.690027 0.685064 0.958873 0.833107 0.956641 0.880026 0.641236 0.845387 0.976032 0.804556 0.761474 0.694696 0.666546 0.671181 0.994917 0.989343 0.747067 0.762048 0.967209 0.950441 0.640702 0.772139 0.699013 0.774008 0.886982 0.911915 0.961554 0.996845 0.857010 0.842652 0.898455 0.998051 0.984327 0.936962 0.000000 0.750482 0.843722 0.896808 0.727833 0.870088 0.750800 0.805407 0.913572 0.968407 0.811996 0.907673 0.913440 0.948372 0.935671 0.986877 0.952670 0.918171 0.887489 0.904162 0.831765 0.870945 0.858307 0.879307 0.945740 0.701314 0.795947 0.964324 0.718721 0.807749 0.830219 0.936289 0.730162 0.789871 0.670626 0.557740 0.686768 0.776351 0.884532 0.996550 0.732335 0.832830 0.903494 0.830829 0.944137 0.841034 0.877467 0.870567 0.713153 0.748191 0.978171 0.859957 0.801075 0.768799 0.855370 0.888438 0.966470 0.900110 0.976902 0.807630 0.835347 0.988575 0.833933 0.727753 0.909117 0.818608 0.996193 0.987205 0.893320 0.959158 0.917792 0.844985 0.697218 0.849391 0.967740 0.900548 0.993401 0.945749 0.957060 0.961422
0.646490 0.576943 0.898842 0.888832 0.952154 0.799861 0.916719 0.968701 0.840425 0.823403 0.761510 0.690493 0.844051 0.802117 0.857804 0.755335 0.797767 0.715898 0.643293 0.621868 0.824844 0.904810 0.762147 0.987813 0.746647 0.929874 0.722579 0.954195 0.715145 0.804403 0.846231 0.726915 0.882387 0.883522 0.959927 0.834317 0.750482 0.000000 0.917092 0.712539 0.852850 0.765416 0.806171 0.753682 0.965099 0.930116 0.723551 0.765789 0.907459 0.867189 0.962942 0.913125 0.966049 0.990100 0.998967 0.891454 0.556839 0.658413 0.986786 0.913415 0.970060 0.891052 0.984730 0.860274 0.914718 0.945126 0.776480 0.825482 0.692925 0.706918 0.834252 0.746534 0.772104 0.762413 0.871327 0.941088 0.996590 0.773760 0.811996 0.920874 0.709605 0.639278 0.698004 0.500685 0.801237 0.922709 0.886174 0.973487 0.933470 0.773865 0.947519 0.932410 0.817955 0.957694 0.879707 0.880800 0.985134 0.837848 0.909763 0.884612 0.889389 0.982122 0.757693 0.987041 0.986002 0.941623 0.952725 0.927269 0.958184 0.829695 0.924772 0.880147 0.911979 0.767241 0.911947 0.990604
