0.000000 0.444035 0.967030 0.807004 0.928420 0.914236 0.840488 0.695635 0.858413 0.719217 0.563865 0.490405 0.796213 0.742541 0.885150 0.740425 0.550286 0.607912 0.619054 0.592491 0.979467 0.852627 0.998799 0.991752 0.933955 0.927102 0.897504 0.919319 0.723515 0.703352 0.820621 0.862494 0.593672 0.645415 0.961031 0.996315 0.752590 0.734236 0.992191 0.934489 0.771798 0.923150 0.828613 0.711887 0.807962 0.791888 0.839775 0.823532 0.832748 0.916831 0.760093 0.920339 0.921598 0.966925 0.843461 0.807584 0.421794 0.438530 0.603486 0.706226 0.624089 0.710429 0.481240 0.470450 0.849583 0.987412 0.836903 0.831703 0.456976 0.638010 0.645764 0.599295 0.728747 0.775725 0.913255 0.876927 0.794437 0.788704 0.772433 0.736512 0.582302 0.648525 0.914669 0.735365 0.933841 0.994008 0.869175 0.841183 0.929785 0.998731 0.758723 0.831646 0.849813 0.882723 0.952790 0.968978 0.719339 0.907450 0.532848 0.726865 0.793769 0.877832 0.682053 0.580290 0.783264 0.840940 0.842405 0.920601 0.900147 0.851831 0.749663 0.881489 0.867346 0.924869 0.889461 0.988589
0.444035 0.000000 0.795447 0.934683 0.951077 0.913545 0.993656 0.609155 0.953728 0.682962 0.653258 0.340667 0.727117 0.531942 0.826180 0.566825 0.446665 0.414825 0.629606 0.465698 0.940366 0.931958 0.970137 0.918253 0.949133 0.777408 0.901903 0.886093 0.589904 0.528041 0.917028 0.856339 0.696387 0.680487 0.898930 0.938135 0.778977 0.743078 0.858099 0.940451 0.768941 0.725800 0.892557 0.703351 0.857126 0.816940 0.995846 0.898353 0.893978 0.986918 0.893598 0.985963 0.908087 0.796487 0.854107 0.996514 0.314859 0.284713 0.883851 0.808613 0.750510 0.594371 0.550527 0.339793 0.719345 0.969198 0.900714 0.976044 0.540939 0.675214 0.499209 0.571371 0.750128 0.818080 0.961996 0.899484 0.675050 0.664085 0.817613 0.687940 0.501656 0.603217 0.790449 0.678492 0.790322 0.982233 0.921577 0.865964 0.783346 0.895461 0.761855 0.759685 0.845332 0.867030 0.929644 0.862691 0.761583 0.805957 0.527532 0.632437 0.733514 0.984168 0.735964 0.585569 0.837757 0.840429 0.859183 0.935327 0.880052 0.849502 0.728299 0.781876 0.822905 0.772660 0.939728 0.923019
0.967030 0.795447 0.000000 0.412703 0.732487 0.909733 0.316383 0.723684 0.681513 0.747379 0.814577 0.795670 0.776820 0.915544 0.756504 0.876338 0.915370 0.950264 0.624613 0.984584 0.805536 0.717562 0.494132 0.688295 0.458177 0.437135 0.842211 0.942057 0.925614 0.849063 0.459122 0.661047 0.550885 0.559701 0.574697 0.910749 0.877947 0.950150 0.564804 0.822666 0.978848 0.903081 0.445882 0.555271 0.731879 0.801105 0.567323 0.552804 0.765965 0.979162 0.930237 0.995151 0.874322 0.876776 0.795581 0.984446 0.906721 0.792370 0.622941 0.984620 0.662905 0.786527 0.784908 0.844654 0.374983 0.539199 0.321792 0.467931 0.974838 0.923986 0.909922 0.917500 0.883025 0.936306 0.669609 0.865063 0.800569 0.900182 0.786179 0.877242 0.926325 0.780914 0.974790 0.986223 0.485984 0.604471 0.912950 0.960732 0.797436 0.924377 0.896064 0.844340 0.834310 0.763257 0.997823 0.823670 0.957995 0.884298 0.964932 0.803904 0.874976 0.723941 0.858799 0.882057 0.767478 0.605882 0.979570 0.968098 0.993220 0.836917 0.857125 0.953535 0.937024 0.964492 0.839430 0.828986
0.807004 0.934683 0.412703 0.000000 0.780609 0.805011 0.308102 0.435739 0.761781 0.492952 0.817720 0.894162 0.790313 0.840864 0.751364 0.611817 0.739947 0.759030 0.485522 0.731906 0.793133 0.752634 0.419000 0.489287 0.629114 0.603173 0.923343 0.937929 0.800382 0.655823 0.436240 0.552504 0.490747 0.510486 0.693610 0.974048 0.692377 0.811072 0.600890 0.795159 0.948904 0.905174 0.381525 0.479533 0.872529 0.872337 0.651842 0.525320 0.709939 0.880305 0.925665 0.883548 0.851067 0.770098 0.867126 0.935302 0.830081 0.957473 0.682144 0.947396 0.699971 0.986084 0.592381 0.852364 0.612847 0.583058 0.437451 0.554149 0.861947 0.824177 0.656807 0.665922 0.674190 0.764271 0.694685 0.860388 0.697792 0.848400 0.684921 0.803655 0.642738 0.561249 0.912892 0.738899 0.621829 0.574256 0.941346 0.951212 0.966992 0.966434 0.707690 0.613795 0.712523 0.719417 0.949722 0.793726 0.850656 0.982735 0.828118 0.577926 0.875075 0.530674 0.636362 0.615368 0.720946 0.610211 0.991271 0.897545 0.941999 0.743801 0.840073 0.833228 0.869852 0.943737 0.946058 0.890599
0.928420 0.951077 0.732487 0.780609 0.000000 0.889843 0.792778 0.868505 0.752987 0.943106 0.933572 0.955193 0.754707 0.979960 0.748610 0.999594 0.978756 0.929366 0.831149 0.975685 0.833844 0.799420 0.838176 0.962180 0.741966 0.846438 0.869259 0.964424 0.871216 0.949841 0.872118 0.949417 0.764472 0.763227 0.803669 0.959476 0.966538 0.984662 0.818702 0.796041 0.960345 0.864068 0.762283 0.694474 0.627728 0.747815 0.812554 0.682959 0.986319 0.863611 0.961119 0.922649 0.980483 0.958755 0.905882 0.898241 0.995795 0.949864 0.754915 0.796961 0.675101 0.889333 0.945521 0.978944 0.624605 0.604861 0.702730 0.616920 0.810360 0.998413 0.992393 0.945585 0.860879 0.700695 0.877790 0.861484 0.875880 0.944693 0.950096 0.934622 0.937906 0.947718 0.951970 0.952672 0.830892 0.747722 0.872338 0.927574 0.807175 0.962293 0.886561 0.917482 0.825439 0.834136 0.987528 0.919973 0.941439 0.999823 0.866288 0.778444 0.946790 0.913045 0.923402 0.964321 0.733879 0.762723 0.903319 0.975472 0.925798 0.956697 0.812727 0.854145 0.978297 0.880231 0.762690 0.648203
0.914236 0.913545 0.909733 0.805011 0.889843 0.000000 0.819521 0.713624 0.832271 0.752166 0.901176 0.832149 0.810662 0.968233 0.944467 0.783835 0.974745 0.964389 0.913783 0.943315 0.829762 0.797073 0.900758 0.969602 0.915377 0.802585 0.979248 0.777548 0.989894 0.949019 0.816685 0.927311 0.867489 0.811226 0.666186 0.886381 0.774844 0.829517 0.862479 0.971898 0.999634 0.907110 0.941530 0.842259 0.875181 0.828324 0.911437 0.928445 0.924145 0.940532 0.971966 0.958973 0.965739 0.847573 0.990556 0.939821 0.944353 0.945144 0.785410 0.874446 0.704259 0.791689 0.856814 0.843952 0.955576 0.751611 0.813996 0.749791 0.939285 0.944763 0.854365 0.990469 0.974152 0.878631 0.943581 0.986321 0.895603 0.997181 0.987287 0.955962 0.841397 0.829022 0.898875 0.975766 0.968028 0.948388 0.985474 0.835183 0.989252 0.992852 0.688890 0.707687 0.598819 0.793333 0.998552 0.906467 0.838285 0.837034 0.796684 0.844644 0.746012 0.766857 0.796747 0.922862 0.948269 0.697028 0.981182 0.904054 0.974306 0.980820 0.853371 0.725657 0.944072 0.959504 0.976067 0.777694
0.840488 0.993656 0.316383 0.308102 0.792778 0.819521 0.000000 0.470718 0.674969 0.520066 0.752966 0.991655 0.778883 0.851863 0.732240 0.692774 0.738634 0.771442 0.427690 0.775755 0.811305 0.758570 0.410097 0.549816 0.555921 0.558690 0.991898 0.941808 0.781150 0.696844 0.392076 0.495299 0.456369 0.436641 0.610904 0.923655 0.827894 0.961737 0.591968 0.866900 0.986574 0.979716 0.374735 0.501760 0.777644 0.825256 0.569096 0.515151 0.699796 0.881303 0.913100 0.898954 0.877582 0.789020 0.845308 0.917386 0.865619 0.976995 0.643648 0.948641 0.653586 0.889619 0.567345 0.919125 0.555384 0.590355 0.348817 0.492948 0.870337 0.866366 0.723040 0.734539 0.678396 0.767068 0.730180 0.833319 0.761176 0.797709 0.681612 0.765896 0.681836 0.575410 0.899536 0.830231 0.522897 0.573056 0.939992 0.947984 0.961489 0.988057 0.724751 0.633588 0.714020 0.704195 0.930216 0.792404 0.852899 0.955735 0.798251 0.598255 0.978206 0.520654 0.704516 0.654885 0.750000 0.621977 0.934556 0.872153 0.958992 0.776013 0.779805 0.894943 0.831188 0.985353 0.890932 0.851235
0.695635 0.609155 0.723684 0.435739 0.868505 0.713624 0.470718 0.000000 0.792080 0.385451 0.797323 0.581043 0.738122 0.576698 0.819824 0.466905 0.589938 0.581912 0.465672 0.559603 0.834638 0.749652 0.581234 0.611571 0.836284 0.846602 0.900359 0.853112 0.617806 0.531222 0.581272 0.573221 0.529170 0.504473 0.770833 0.903350 0.769171 0.891555 0.826753 0.897795 0.972243 0.757523 0.509460 0.473484 0.824385 0.779621 0.765471 0.617591 0.811696 0.845811 0.997684 0.940900 0.902518 0.875904 0.974961 0.875001 0.579830 0.646069 0.712158 0.883408 0.659764 0.699860 0.514397 0.515000 0.990373 0.695690 0.620750 0.625010 0.726686 0.685142 0.536991 0.620775 0.601785 0.722967 0.821949 0.909756 0.685341 0.681276 0.707859 0.772396 0.486845 0.476087 0.786165 0.630075 0.941890 0.752197 0.911173 0.980237 0.848596 0.968326 0.532154 0.483643 0.581884 0.699332 0.895379 0.725551 0.710377 0.856773 0.570394 0.443514 0.633933 0.517743 0.584356 0.423632 0.720400 0.663315 0.874156 0.814282 0.853020 0.694038 0.700395 0.760613 0.745139 0.833607 0.970857 0.858321
0.858413 0.953728 0.681513 0.761781 0.752987 0.832271 0.674969 0.792080 0.000000 0.714509 0.815913 0.980814 0.801815 0.982629 0.739027 0.827123 0.788919 0.871981 0.768474 0.870564 0.876529 0.768735 0.795150 0.928353 0.778689 0.827731 0.918929 0.882234 0.796404 0.912429 0.777474 0.859600 0.844687 0.789263 0.780692 0.930739 0.952731 0.910444 0.788530 0.824767 0.823235 0.976011 0.667283 0.713781 0.656760 0.758666 0.637870 0.678173 0.985633 0.888532 0.916861 0.882537 0.842616 0.991796 0.950035 0.933965 0.909422 0.985795 0.649881 0.847435 0.693544 0.980506 0.844746 0.926048 0.752749 0.762496 0.646516 0.707589 0.806413 0.977397 0.862480 0.846089 0.992843 0.963405 0.967804 0.837824 0.793003 0.847899 0.882803 0.924245 0.823180 0.904999 0.973468 0.953976 0.882535 0.987921 0.822631 0.711953 0.893480 0.991762 0.694836 0.774064 0.746084 0.758552 0.904904 0.839893 0.869008 0.992875 0.750317 0.725036 0.948591 0.946670 0.795585 0.853661 0.757695 0.773106 0.873067 0.830481 0.977430 0.855669 0.745753 0.908718 0.955463 0.988834 0.775312 0.718560
0.719217 0.682962 0.747379 0.492952 0.943106 0.752166 0.520066 0.385451 0.714509 0.000000 0.758951 0.731816 0.862532 0.686410 0.793137 0.577941 0.630729 0.617573 0.500032 0.552756 0.844994 0.853018 0.596978 0.684237 0.858046 0.821431 0.877083 0.926673 0.717500 0.588482 0.558476 0.572506 0.636366 0.571696 0.774807 0.926510 0.710135 0.905066 0.870600 0.926982 0.974068 0.813520 0.520138 0.558694 0.827549 0.808246 0.763647 0.643160 0.896885 0.874904 0.983331 0.912303 0.944430 0.898089 0.952135 0.800718 0.622628 0.761115 0.806547 0.960083 0.786611 0.851761 0.609378 0.649775 0.996937 0.831912 0.695775 0.745064 0.784913 0.924522 0.491771 0.580845 0.651331 0.706503 0.863529 0.795032 0.681961 0.639184 0.746223 0.783810 0.526135 0.574487 0.839559 0.788433 0.936606 0.888799 0.927113 0.938259 0.731953 0.822529 0.493428 0.513187 0.593731 0.644345 0.944358 0.815557 0.736849 0.896375 0.595857 0.527144 0.792133 0.651256 0.605009 0.517840 0.869242 0.720109 0.876344 0.740736 0.870003 0.856153 0.808836 0.758395 0.793100 0.944784 0.930071 0.845561
0.563865 0.653258 0.814577 0.817720 0.933572 0.901176 0.752966 0.797323 0.815913 0.758951 0.000000 0.613861 0.642358 0.759911 0.800556 0.734015 0.553181 0.566962 0.597036 0.524493 0.867800 0.902875 0.957638 0.921353 0.958533 0.961957 0.927085 0.928962 0.673841 0.596492 0.804148 0.758196 0.679886 0.596724 0.984011 0.994840 0.992788 0.948885 0.942970 0.930019 0.872273 0.987074 0.830217 0.750198 0.925016 0.916239 0.784068 0.822329 0.872619 0.967875 0.908868 0.840101 0.905291 0.735939 0.984436 0.885160 0.585661 0.639683 0.759183 0.862719 0.681562 0.914582 0.569068 0.619359 0.978468 0.970100 0.771418 0.800721 0.575469 0.729521 0.730089 0.744384 0.656357 0.766163 0.959168 0.728471 0.825518 0.798864 0.662822 0.550723 0.618995 0.596322 0.939805 0.876043 0.976358 0.924921 0.756736 0.875310 0.985452 0.876654 0.872596 0.936667 0.924603 0.914566 0.870568 0.925609 0.821313 0.978717 0.649755 0.792377 0.935320 0.902482 0.742564 0.740785 0.791848 0.818223 0.935415 0.871189 0.953529 0.874514 0.920461 0.991138 0.989336 0.924332 0.833820 0.844335
0.490405 0.340667 0.795670 0.894162 0.955193 0.832149 0.991655 0.581043 0.980814 0.731816 0.613861 0.000000 0.648398 0.481810 0.810774 0.507263 0.469328 0.452650 0.658549 0.491490 0.929285 0.948893 0.996941 0.890139 0.894247 0.746409 0.883441 0.879101 0.566677 0.507839 0.981716 0.867786 0.716785 0.733932 0.810239 0.994695 0.814777 0.860394 0.822216 0.937495 0.765195 0.770415 0.946761 0.740987 0.995410 0.891496 0.999040 0.910940 0.997876 0.922492 0.952584 0.939239 0.944847 0.846645 0.869599 0.981947 0.370987 0.352904 0.892472 0.802917 0.755427 0.575617 0.510372 0.301026 0.642011 0.957823 0.921916 0.996066 0.603004 0.649772 0.594413 0.640204 0.676575 0.800967 0.989383 0.907771 0.737946 0.710182 0.780697 0.715461 0.480413 0.551087 0.758955 0.611429 0.772285 0.972943 0.867085 0.955305 0.867521 0.874960 0.781877 0.776639 0.851570 0.952619 0.949854 0.828901 0.764401 0.719757 0.558833 0.647573 0.685116 0.900455 0.723860 0.558973 0.775868 0.888262 0.930060 0.985692 0.847148 0.792742 0.799226 0.799975 0.878884 0.841237 0.973832 0.906943
0.796213 0.727117 0.776820 0.790313 0.754707 0.810662 0.778883 0.738122 0.801815 0.862532 0.642358 0.648398 0.000000 0.620414 0.508486 0.568948 0.690210 0.580672 0.728146 0.783057 0.750751 0.889877 0.775726 0.785080 0.823340 0.939528 0.899514 0.915074 0.622120 0.605351 0.789442 0.863902 0.632021 0.647988 0.907742 0.908971 0.896336 0.961523 0.934249 0.841708 0.920728 0.941195 0.756524 0.666411 0.759150 0.859591 0.789118 0.752459 0.888656 0.956823 0.916979 0.992360 0.974331 0.789505 0.982077 0.957072 0.734594 0.724488 0.805594 0.866706 0.627844 0.876748 0.615733 0.640293 0.806383 0.846122 0.789953 0.784591 0.847341 0.893215 0.814224 0.870216 0.914444 0.929870 0.929715 0.743532 0.775620 0.643989 0.740393 0.662055 0.678130 0.620559 0.777261 0.851282 0.819136 0.774748 0.838093 0.957909 0.808989 0.982745 0.908875 0.875344 0.852943 0.917969 0.907783 0.858898 0.860119 0.957732 0.766677 0.810362 0.988392 0.898709 0.785439 0.828476 0.660972 0.754619 0.996795 0.962033 0.919745 0.782323 0.910057 0.814720 0.966266 0.894691 0.863628 0.822247
0.742541 0.531942 0.915544 0.840864 0.979960 0.968233 0.851863 0.576698 0.982629 0.686410 0.759911 0.481810 0.620414 0.000000 0.571630 0.464271 0.502520 0.412747 0.594373 0.530459 0.904253 0.942350 0.727050 0.692243 0.982677 0.839427 0.966375 0.873210 0.523097 0.482526 0.809775 0.664388 0.697643 0.712508 0.845883 0.974064 0.937714 0.956381 0.880663 0.928699 0.977541 0.820017 0.726326 0.710980 0.911172 0.952416 0.889021 0.814139 0.915370 0.811175 0.965661 0.904411 0.971838 0.962557 0.885221 0.843097 0.485491 0.530080 0.945083 0.919927 0.984275 0.893374 0.509243 0.461277 0.830329 0.892098 0.954694 0.951331 0.800264 0.893817 0.653320 0.697667 0.695569 0.829560 0.963395 0.792088 0.695447 0.578918 0.684742 0.610435 0.497747 0.487760 0.574232 0.673777 0.916774 0.823620 0.921446 0.819874 0.889749 0.849110 0.837589 0.730508 0.918761 0.923772 0.987162 0.752702 0.853393 0.868732 0.639358 0.541878 0.830098 0.838186 0.661017 0.600260 0.855742 0.900685 0.947561 0.830501 0.857344 0.776908 0.874079 0.693729 0.866619 0.758476 0.934722 0.973723
0.885150 0.826180 0.756504 0.751364 0.748610 0.944467 0.732240 0.819824 0.739027 0.793137 0.800556 0.810774 0.508486 0.571630 0.000000 0.573025 0.651254 0.586984 0.637683 0.756041 0.714486 0.795353 0.581838 0.641331 0.637227 0.868420 0.819407 0.834951 0.557172 0.626604 0.746485 0.749619 0.647611 0.686631 0.935221 0.906631 0.840927 0.927955 0.960755 0.757653 0.927636 0.997479 0.587938 0.613762 0.732223 0.854751 0.668996 0.634873 0.969554 0.929724 0.943742 0.969674 0.912972 0.992380 0.967535 0.903300 0.752141 0.860937 0.937692 0.886899 0.871833 0.900866 0.651082 0.770497 0.676524 0.867754 0.815700 0.886892 0.909683 0.959364 0.797673 0.809141 0.908993 0.873736 0.981507 0.664789 0.659703 0.560233 0.614421 0.684268 0.669305 0.653383 0.704424 0.794290 0.597978 0.611386 0.979253 0.944736 0.864587 0.989101 0.916681 0.854848 0.912623 0.953366 0.990782 0.693329 0.971805 0.911699 0.720737 0.639527 0.873590 0.968013 0.779067 0.873765 0.735182 0.749373 0.993405 0.901717 0.890393 0.862804 0.863135 0.733481 0.978891 0.852830 0.862822 0.858047
0.740425 0.566825 0.876338 0.611817 0.999594 0.783835 0.692774 0.466905 0.827123 0.577941 0.734015 0.507263 0.568948 0.464271 0.573025 0.000000 0.495913 0.429269 0.538714 0.513058 0.782244 0.823525 0.566053 0.522875 0.826711 0.933884 0.974188 0.993072 0.517516 0.391777 0.757237 0.602659 0.634914 0.621762 0.985200 0.973358 0.738614 0.911159 0.985406 0.871836 0.850096 0.826081 0.632117 0.570978 0.960422 0.933832 0.815457 0.695635 0.814530 0.873932 0.934898 0.877348 0.965899 0.959236 0.858756 0.837032 0.503539 0.555620 0.911911 0.959704 0.793760 0.812758 0.474762 0.446206 0.979531 0.857555 0.885853 0.906107 0.791060 0.819159 0.545978 0.641003 0.678951 0.820378 0.883276 0.764812 0.661110 0.599854 0.652865 0.662543 0.452719 0.463545 0.665570 0.591468 0.870408 0.691259 0.906994 0.838209 0.915159 0.956250 0.755260 0.689544 0.807593 0.895056 0.937383 0.695012 0.848238 0.833774 0.667575 0.517802 0.842188 0.837067 0.628916 0.523518 0.679476 0.773857 0.994963 0.957713 0.910119 0.725893 0.833744 0.793493 0.806864 0.851158 0.911875 0.871874
0.550286 0.446665 0.915370 0.739947 0.978756 0.974745 0.738634 0.589938 0.788919 0.630729 0.553181 0.469328 0.690210 0.502520 0.651254 0.495913 0.000000 0.319567 0.450027 0.436881 0.846135 0.897172 0.727933 0.710293 0.884517 0.947398 0.942750 0.883972 0.470367 0.411315 0.742071 0.624447 0.570660 0.556911 0.974055 0.937845 0.780551 0.842526 0.970599 0.929301 0.742090 0.834011 0.690552 0.600012 0.919411 0.904795 0.798693 0.790197 0.885952 0.867845 0.943408 0.849574 0.892267 0.883891 0.889056 0.961300 0.320706 0.434325 0.870387 0.971433 0.778356 0.846414 0.412201 0.407539 0.928534 0.983621 0.861478 0.895137 0.591906 0.724211 0.500193 0.528824 0.667928 0.754936 0.879244 0.756205 0.688947 0.654350 0.608858 0.539799 0.376420 0.435454 0.669117 0.627968 0.907691 0.840374 0.913643 0.980953 0.933461 0.920050 0.806394 0.764790 0.860464 0.863346 0.907654 0.762878 0.749730 0.855562 0.654916 0.557404 0.867632 0.888608 0.676238 0.552464 0.779564 0.872537 0.862581 0.927152 0.941208 0.747974 0.714707 0.834286 0.827774 0.794611 0.892442 0.835171
0.607912 0.414825 0.950264 0.759030 0.929366 0.964389 0.771442 0.581912 0.871981 0.617573 0.566962 0.452650 0.580672 0.412747 0.586984 0.429269 0.319567 0.000000 0.440702 0.377646 0.872030 0.930943 0.689703 0.676835 0.876231 0.894669 0.987315 0.880539 0.394188 0.318802 0.763339 0.596455 0.563293 0.526911 0.960688 0.928825 0.803384 0.854155 0.899135 0.956513 0.839527 0.785685 0.682421 0.579863 0.907544 0.897105 0.867581 0.749051 0.849265 0.859877 0.883941 0.845836 0.874854 0.827638 0.887285 0.878797 0.319492 0.407779 0.957160 0.982870 0.800852 0.842864 0.409318 0.378925 0.943449 0.965223 0.905530 0.924935 0.606096 0.760576 0.515558 0.577533 0.674874 0.782199 0.899818 0.773258 0.667833 0.581949 0.580038 0.518770 0.326516 0.368840 0.542461 0.548593 0.896564 0.782539 0.992924 0.891140 0.897786 0.915947 0.862489 0.772393 0.911827 0.914345 0.958536 0.764633 0.795866 0.874567 0.660750 0.546592 0.866315 0.928592 0.668625 0.557377 0.783695 0.820468 0.893128 0.973182 0.930394 0.778746 0.741981 0.739393 0.847615 0.757497 0.898987 0.884085
0.619054 0.629606 0.624613 0.485522 0.831149 0.913783 0.427690 0.465672 0.768474 0.500032 0.597036 0.658549 0.728146 0.594373 0.637683 0.538714 0.450027 0.440702 0.000000 0.421813 0.878777 0.867621 0.471580 0.542170 0.714416 0.900158 0.938740 0.784689 0.532797 0.497207 0.564186 0.420940 0.428966 0.414945 0.874112 0.898931 0.813405 0.933415 0.853196 0.902995 0.953354 0.921210 0.507007 0.549927 0.903544 0.947895 0.700047 0.611794 0.700073 0.751487 0.827408 0.745333 0.912682 0.966515 0.970193 0.838733 0.494194 0.665766 0.844856 0.870545 0.762994 0.970298 0.374519 0.609835 0.831374 0.827122 0.607482 0.725342 0.687162 0.784363 0.469836 0.551360 0.589637 0.698722 0.833053 0.762314 0.671175 0.619335 0.579157 0.604826 0.423739 0.393859 0.673413 0.640253 0.647574 0.633374 0.897261 0.930306 0.842759 0.846984 0.705699 0.601945 0.745022 0.746608 0.927850 0.775874 0.769524 0.968927 0.619409 0.432669 0.951891 0.636412 0.604776 0.550347 0.770509 0.711201 0.911389 0.955476 0.970502 0.816943 0.743156 0.798745 0.872822 0.896812 0.878494 0.870918
0.592491 0.465698 0.984584 0.731906 0.975685 0.943315 0.775755 0.559603 0.870564 0.552756 0.524493 0.491490 0.783057 0.530459 0.756041 0.513058 0.436881 0.377646 0.421813 0.000000 0.945964 0.982769 0.764071 0.735335 0.974473 0.844585 0.920719 0.741814 0.522969 0.448599 0.820685 0.581817 0.664422 0.586468 0.894329 0.852073 0.818252 0.902025 0.953945 0.975728 0.886426 0.912495 0.735652 0.650773 0.929769 0.972553 0.946600 0.803812 0.773370 0.735104 0.800315 0.697604 0.833428 0.881696 0.810336 0.835925 0.406938 0.492547 0.986837 0.912206 0.895817 0.867995 0.478060 0.454395 0.832654 0.979616 0.910288 0.940999 0.587936 0.736669 0.441861 0.592383 0.575996 0.681182 0.999566 0.757817 0.718965 0.669143 0.625712 0.625467 0.415725 0.468848 0.722431 0.614821 0.951329 0.935050 0.986161 0.998287 0.712885 0.782553 0.737105 0.714544 0.870600 0.882951 0.976211 0.877319 0.848804 0.906144 0.626500 0.553408 0.838203 0.825886 0.676675 0.536127 0.889487 0.835027 0.967750 0.991460 0.947589 0.863617 0.792024 0.779524 0.919932 0.779970 0.945517 0.964619
0.979467 0.940366 0.805536 0.793133 0.833844 0.829762 0.811305 0.834638 0.876529 0.844994 0.867800 0.929285 0.750751 0.904253 0.714486 0.782244 0.846135 0.872030 0.878777 0.945964 0.000000 0.807391 0.824718 0.848374 0.740198 0.800582 0.823007 0.998791 0.951959 0.794111 0.881295 0.886635 0.788281 0.844716 0.885830 0.990696 0.879213 0.989257 0.896053 0.945122 0.928711 0.876712 0.819686 0.727262 0.928684 0.964177 0.874715 0.763704 0.886375 0.957783 0.979287 0.994701 0.985733 0.947744 0.828271 0.840454 0.911994 0.998203 0.866495 0.960315 0.772626 0.983973 0.869733 0.908829 0.768107 0.794118 0.818035 0.811590 0.949617 0.956514 0.912916 0.938220 0.902534 0.844003 0.833782 0.968488 0.966535 0.887442 0.969547 0.908161 0.875412 0.869702 0.996299 0.933429 0.882903 0.847937 0.989844 0.967249 0.903420 0.993021 0.923998 0.915667 0.875277 0.907777 0.927048 0.688407 0.852049 0.978431 0.934144 0.908047 0.959814 0.959693 0.821858 0.991626 0.885131 0.784423 0.967851 0.985677 0.857423 0.952718 0.797197 0.936424 0.984804 0.953956 0.918821 0.913248
0.852627 0.931958 0.717562 0.752634 0.799420 0.797073 0.758570 0.749652 0.768735 0.853018 0.902875 0.948893 0.889877 0.942350 0.795353 0.823525 0.897172 0.930943 0.867621 0.982769 0.807391 0.000000 0.760534 0.870794 0.732738 0.716881 0.772143 0.895252 0.871451 0.874941 0.775875 0.923953 0.805323 0.806961 0.826519 0.962949 0.862231 0.860334 0.848624 0.799623 0.959158 0.876122 0.721833 0.679187 0.694716 0.772626 0.831123 0.874936 0.903341 0.828356 0.870863 0.790005 0.802200 0.874419 0.876322 0.797400 0.929711 0.968333 0.762518 0.904474 0.843545 0.964201 0.936251 0.941372 0.780071 0.740864 0.728473 0.797189 0.869218 0.828315 0.813852 0.880922 0.979938 0.891865 0.757325 0.972016 0.812085 0.847449 0.788560 0.932988 0.899954 0.926432 0.878674 0.944279 0.874929 0.879430 0.986784 0.963233 0.824820 0.885790 0.795821 0.842736 0.786983 0.821786 0.841862 0.672384 0.940373 0.986726 0.721096 0.753725 0.864380 0.897262 0.842873 0.844597 0.784824 0.747542 0.891404 0.974987 0.946078 0.929423 0.764543 0.979747 0.882119 0.989520 0.839792 0.831530
0.998799 0.970137 0.494132 0.419000 0.838176 0.900758 0.410097 0.581234 0.795150 0.596978 0.957638 0.996941 0.775726 0.727050 0.581838 0.566053 0.727933 0.689703 0.471580 0.764071 0.824718 0.760534 0.000000 0.352015 0.547859 0.696545 0.893613 0.979428 0.753908 0.661103 0.473971 0.470547 0.559977 0.633676 0.843992 0.903227 0.786215 0.931268 0.731625 0.911612 0.962222 0.881335 0.426087 0.595099 0.868936 0.978792 0.754381 0.680525 0.679299 0.825337 0.798133 0.817737 0.969447 0.822387 0.942846 0.750921 0.850096 0.987562 0.989598 0.663254 0.947678 0.757700 0.674541 0.943840 0.565688 0.719016 0.635124 0.788655 0.909834 0.934206 0.577023 0.655455 0.847268 0.888558 0.791673 0.879884 0.628986 0.685359 0.750814 0.779261 0.703677 0.617883 0.734114 0.807468 0.477447 0.442492 0.789012 0.845968 0.982465 0.940516 0.790111 0.627840 0.789308 0.747393 0.908104 0.665648 0.980224 0.946873 0.854166 0.545797 0.931105 0.725510 0.826656 0.768860 0.837722 0.681059 0.995938 0.913600 0.991446 0.851334 0.887777 0.840109 0.839512 0.954928 0.920291 0.889115
0.991752 0.918253 0.688295 0.489287 0.962180 0.969602 0.549816 0.611571 0.928353 0.684237 0.921353 0.890139 0.785080 0.692243 0.641331 0.522875 0.710293 0.676835 0.542170 0.735335 0.848374 0.870794 0.352015 0.000000 0.638332 0.891212 0.995812 0.945217 0.717828 0.630141 0.642567 0.493152 0.675864 0.725414 0.970183 0.983217 0.780540 0.902543 0.773436 0.996952 0.989408 0.924752 0.584526 0.748625 0.926726 0.885224 0.874579 0.805699 0.684881 0.755233 0.796103 0.782152 0.963810 0.798503 0.901524 0.680779 0.791647 0.910883 0.881975 0.622981 0.954918 0.843529 0.667020 0.844340 0.797162 0.886028 0.831635 0.993236 0.945170 0.958745 0.625898 0.622952 0.740913 0.760165 0.890682 0.878775 0.667888 0.796961 0.712241 0.723190 0.672641 0.581427 0.784233 0.773739 0.601124 0.487513 0.871567 0.812698 0.985220 0.995117 0.816443 0.677860 0.863511 0.859454 0.847563 0.739645 0.982373 0.939377 0.890436 0.581248 0.965464 0.693195 0.792249 0.729958 0.762345 0.798671 0.879208 0.926175 0.999570 0.929630 0.987839 0.874276 0.899113 0.912033 0.885545 0.951210
0.933955 0.949133 0.458177 0.629114 0.741966 0.915377 0.555921 0.836284 0.778689 0.858046 0.958533 0.894247 0.823340 0.982677 0.637227 0.826711 0.884517 0.876231 0.714416 0.974473 0.740198 0.732738 0.547859 0.638332 0.000000 0.568565 0.798301 0.855505 0.902102 0.784279 0.597383 0.727796 0.678026 0.662349 0.720846 0.968646 0.828347 0.836708 0.695640 0.854902 0.895393 0.985626 0.580257 0.673992 0.772557 0.808264 0.703400 0.644538 0.890121 0.932623 0.972998 0.889743 0.971271 0.977356 0.971612 0.870729 0.988457 0.885075 0.858770 0.834864 0.801097 0.808677 0.853920 0.908630 0.488195 0.674850 0.644306 0.738256 0.949308 0.990682 0.912180 0.898124 0.950538 0.941877 0.841957 0.963238 0.674690 0.859555 0.787981 0.975928 0.954248 0.869161 0.935610 0.967058 0.568144 0.598043 0.805891 0.966688 0.901585 0.939273 0.975428 0.907935 0.911227 0.862072 0.907268 0.764712 0.915464 0.987336 0.960014 0.779671 0.895160 0.967275 0.968998 0.979144 0.753064 0.683377 0.950878 0.953473 0.959322 0.961681 0.810470 0.987157 0.914956 0.962702 0.928202 0.757291
0.927102 0.777408 0.437135 0.603173 0.846438 0.802585 0.558690 0.846602 0.827731 0.821431 0.961957 0.746409 0.939528 0.839427 0.868420 0.933884 0.947398 0.894669 0.900158 0.844585 0.800582 0.716881 0.696545 0.891212 0.568565 0.000000 0.742504 0.745178 0.915563 0.989883 0.604833 0.819223 0.725098 0.748563 0.507848 0.852836 0.830904 0.994404 0.648214 0.812181 0.968485 0.968510 0.631148 0.659249 0.724901 0.749826 0.600992 0.610884 0.933557 0.850745 0.955631 0.853689 0.853519 0.973848 0.818629 0.879072 0.838554 0.773083 0.634001 0.912749 0.712418 0.896966 0.979667 0.821808 0.477047 0.550073 0.503400 0.514681 0.972497 0.958683 0.967635 0.982167 0.918767 0.876550 0.731435 0.945580 0.950068 0.974154 0.897710 0.988441 0.957810 0.943502 0.950834 0.943169 0.632676 0.682022 0.958936 0.911761 0.801221 0.806619 0.988213 0.993877 0.911824 0.939170 0.963822 0.923996 0.939061 0.959372 0.922001 0.938845 0.858398 0.900018 0.854831 0.937463 0.918747 0.704975 0.907544 0.982100 0.993485 0.902744 0.949977 0.897475 0.991240 0.927137 0.857894 0.791534
0.897504 0.901903 0.842211 0.923343 0.869259 0.979248 0.991898 0.900359 0.918929 0.877083 0.927085 0.883441 0.899514 0.966375 0.819407 0.974188 0.942750 0.987315 0.938740 0.920719 0.823007 0.772143 0.893613 0.995812 0.798301 0.742504 0.000000 0.812753 0.987622 0.895045 0.824399 0.924629 0.962813 0.975486 0.961149 0.916570 0.918678 0.856587 0.873742 0.939093 0.947355 0.885155 0.914064 0.771256 0.887370 0.938592 0.963990 0.884946 0.917288 0.795114 0.980346 0.871567 0.971960 0.936678 0.962043 0.902802 0.947103 0.937078 0.956470 0.955382 0.967703 0.913213 0.946735 0.935355 0.689038 0.800440 0.918980 0.951448 0.924352 0.864030 0.987455 0.946622 0.822380 0.806125 0.830597 0.991711 0.959275 0.844171 0.912173 0.979302 0.927991 0.959437 0.898044 0.984590 0.929913 0.775694 0.883441 0.814556 0.774292 0.917147 0.758222 0.827821 0.763227 0.941416 0.902865 0.941854 0.813029 0.976991 0.742659 0.827690 0.993033 0.943129 0.957816 0.888447 0.968810 0.925973 0.936650 0.937808 0.935244 0.999965 0.967096 0.986896 0.985105 0.948536 0.861754 0.999397
0.919319 0.886093 0.942057 0.937929 0.964424 0.777548 0.941808 0.853112 0.882234 0.926673 0.928962 0.879101 0.915074 0.873210 0.834951 0.993072 0.883972 0.880539 0.784689 0.741814 0.998791 0.895252 0.979428 0.945217 0.855505 0.745178 0.812753 0.000000 0.889340 0.861984 0.920964 0.902873 0.992041 0.893772 0.928922 0.829376 0.976576 0.982095 0.919282 0.834748 0.978592 0.954301 0.999247 0.996787 0.864546 0.843708 0.825907 0.956520 0.770598 0.799528 0.777605 0.711653 0.791986 0.905454 0.979897 0.924242 0.841350 0.892955 0.848240 0.862654 0.958614 0.920504 0.954915 0.954917 0.893634 0.997727 0.992639 0.996002 0.829337 0.939873 0.814553 0.972760 0.705869 0.712052 0.906101 0.892104 0.965580 0.958603 0.936750 0.859591 0.899122 0.899251 0.900358 0.877270 0.948335 0.963706 0.933720 0.886257 0.840490 0.697197 0.922728 0.864383 0.999702 0.895520 0.943522 0.943536 0.987392 0.993499 0.932259 0.845119 0.977532 0.778395 0.987899 0.819454 0.928729 0.862291 0.881929 0.917984 0.971492 0.904834 0.891931 0.920080 0.992282 0.967028 0.995141 0.842996
0.723515 0.589904 0.925614 0.800382 0.871216 0.989894 0.781150 0.617806 0.796404 0.717500 0.673841 0.566677 0.622120 0.523097 0.557172 0.517516 0.470367 0.394188 0.532797 0.522969 0.951959 0.871451 0.753908 0.717828 0.902102 0.915563 0.987622 0.889340 0.000000 0.426430 0.795986 0.649455 0.609255 0.546930 0.961958 0.958575 0.890380 0.984333 0.964287 0.988015 0.803749 0.878370 0.648289 0.580660 0.799132 0.756365 0.745345 0.650003 0.956304 0.964448 0.990625 0.972642 0.920531 0.968874 0.961054 0.894706 0.500883 0.545771 0.882550 0.924544 0.738974 0.753926 0.518109 0.480596 0.991392 0.839823 0.824114 0.843007 0.664999 0.683886 0.726927 0.802109 0.745083 0.825344 0.866801 0.671977 0.751887 0.585816 0.596196 0.577971 0.438125 0.497720 0.567621 0.585147 0.847593 0.770716 0.861522 0.890247 0.974111 0.951429 0.904665 0.836510 0.927810 0.990588 0.874195 0.768616 0.826772 0.827047 0.683409 0.594572 0.824509 0.796972 0.726993 0.655690 0.770940 0.830300 0.971879 0.967301 0.908357 0.772856 0.701907 0.792796 0.861179 0.777824 0.927783 0.873309
0.703352 0.528041 0.849063 0.655823 0.949841 0.949019 0.696844 0.531222 0.912429 0.588482 0.596492 0.507839 0.605351 0.482526 0.626604 0.391777 0.411315 0.318802 0.497207 0.448599 0.794111 0.874941 0.661103 0.630141 0.784279 0.989883 0.895045 0.861984 0.426430 0.000000 0.686257 0.597905 0.598492 0.493180 0.993893 0.913966 0.796652 0.778910 0.967223 0.929583 0.861676 0.839257 0.568070 0.454881 0.894642 0.807715 0.765306 0.623877 0.853251 0.983817 0.936946 0.928461 0.999684 0.973990 0.883604 0.879902 0.422545 0.515712 0.908612 0.988401 0.736901 0.759472 0.500623 0.439886 0.966593 0.810274 0.842602 0.853380 0.709390 0.730645 0.569812 0.661337 0.609624 0.709317 0.849458 0.769365 0.700594 0.619398 0.589293 0.601561 0.427966 0.449238 0.566851 0.604003 0.904793 0.788704 0.933168 0.839416 0.978514 0.935922 0.899747 0.848256 0.982450 0.957228 0.985643 0.750434 0.899066 0.807777 0.735243 0.602889 0.843957 0.860172 0.709612 0.539273 0.727505 0.751636 0.943014 0.972406 0.836409 0.719943 0.772182 0.823624 0.770936 0.811847 0.938793 0.832180
0.820621 0.917028 0.459122 0.436240 0.872118 0.816685 0.392076 0.581272 0.777474 0.558476 0.804148 0.981716 0.789442 0.809775 0.746485 0.757237 0.742071 0.763339 0.564186 0.820685 0.881295 0.775875 0.473971 0.642567 0.597383 0.604833 0.824399 0.920964 0.795986 0.686257 0.000000 0.576491 0.490195 0.480443 0.655519 0.928342 0.799640 0.878565 0.641115 0.853506 0.951744 0.881587 0.431388 0.500221 0.694505 0.731052 0.619865 0.637303 0.877351 0.994521 0.977659 0.961617 0.813102 0.869847 0.869645 0.998470 0.859052 0.978093 0.732731 0.946710 0.709791 0.892810 0.681484 0.898304 0.604112 0.692579 0.510574 0.622131 0.955435 0.928350 0.696484 0.765887 0.840618 0.900928 0.819880 0.815682 0.724973 0.789934 0.784640 0.797287 0.763769 0.704166 0.870446 0.947766 0.622700 0.673434 0.926977 0.980613 0.904315 0.950548 0.795221 0.755779 0.838842 0.734077 0.971374 0.919024 0.860359 0.963277 0.827337 0.717386 0.898972 0.600149 0.804383 0.815813 0.955893 0.633656 0.920325 0.811492 0.979494 0.872254 0.882589 0.859041 0.781595 0.997953 0.875543 0.852681
0.862494 0.856339 0.661047 0.552504 0.949417 0.927311 0.495299 0.573221 0.859600 0.572506 0.758196 0.867786 0.863902 0.664388 0.749619 0.602659 0.624447 0.596455 0.420940 0.581817 0.886635 0.923953 0.470547 0.493152 0.727796 0.819223 0.924629 0.902873 0.649455 0.597905 0.576491 0.000000 0.527567 0.518891 0.884682 0.803986 0.875688 0.966313 0.862069 0.965907 0.956467 0.977321 0.509608 0.664827 0.968911 0.981918 0.769715 0.686971 0.681215 0.716337 0.828835 0.775997 0.997150 0.903202 0.993605 0.807208 0.690259 0.863734 0.994498 0.760711 0.919238 0.825719 0.537295 0.756903 0.815686 0.869187 0.693959 0.789418 0.932552 0.930017 0.636157 0.702557 0.739240 0.792589 0.911817 0.848664 0.791241 0.684633 0.633053 0.694059 0.575233 0.504723 0.721717 0.738980 0.609874 0.590093 0.924139 0.818247 0.886670 0.977970 0.842376 0.720174 0.847788 0.892689 0.908661 0.751756 0.873010 0.928153 0.820308 0.551932 0.911038 0.672569 0.748104 0.663696 0.903920 0.807048 0.982045 0.959989 0.988329 0.870639 0.796135 0.929053 0.943540 0.942226 0.895680 0.941401
0.593672 0.696387 0.550885 0.490747 0.764472 0.867489 0.456369 0.529170 0.844687 0.636366 0.679886 0.716785 0.632021 0.697643 0.647611 0.634914 0.570660 0.563293 0.428966 0.664422 0.788281 0.805323 0.559977 0.675864 0.678026 0.725098 0.962813 0.992041 0.609255 0.598492 0.490195 0.527567 0.000000 0.349661 0.713918 0.873345 0.775192 0.856850 0.778600 0.799470 0.922788 0.836852 0.490298 0.478164 0.732554 0.750891 0.693754 0.586487 0.826233 0.951357 0.943253 0.972059 0.965375 0.977525 0.827369 0.980405 0.639079 0.736262 0.671329 0.892662 0.594853 0.984636 0.446486 0.646987 0.723904 0.717345 0.510060 0.531583 0.778272 0.754281 0.651807 0.653559 0.807579 0.998395 0.822540 0.921652 0.756050 0.675073 0.655280 0.670240 0.547928 0.460795 0.759216 0.630491 0.618252 0.552832 0.998663 0.961271 0.937351 0.994820 0.837624 0.720337 0.772407 0.834071 0.979985 0.803623 0.900273 0.965995 0.734709 0.667021 0.951706 0.703379 0.713583 0.649991 0.721496 0.648658 0.926098 0.995788 0.958769 0.816150 0.739448 0.857265 0.897926 0.867758 0.846976 0.945048
0.645415 0.680487 0.559701 0.510486 0.763227 0.811226 0.436641 0.504473 0.789263 0.571696 0.596724 0.733932 0.647988 0.712508 0.686631 0.621762 0.556911 0.526911 0.414945 0.586468 0.844716 0.806961 0.633676 0.725414 0.662349 0.748563 0.975486 0.893772 0.546930 0.493180 0.480443 0.518891 0.349661 0.000000 0.641200 0.861000 0.769766 0.924132 0.750487 0.808256 0.950488 0.895234 0.468540 0.411511 0.690048 0.698883 0.593471 0.487219 0.837433 0.977651 0.932140 0.952082 0.997551 0.941063 0.855105 0.986269 0.596124 0.720556 0.636078 0.874385 0.557101 0.908468 0.456562 0.649608 0.726641 0.664268 0.478744 0.492964 0.680775 0.697918 0.645083 0.770191 0.726903 0.893087 0.853490 0.810550 0.779944 0.674047 0.581652 0.646736 0.500345 0.462870 0.752045 0.665505 0.685157 0.655924 0.968596 0.983546 0.999859 0.987907 0.794719 0.733695 0.818565 0.779297 0.940921 0.846926 0.837638 0.849693 0.684804 0.640804 0.941186 0.624787 0.685856 0.604641 0.717814 0.652377 0.919726 0.995223 0.982503 0.802918 0.648743 0.826037 0.774098 0.872608 0.866511 0.819481
0.961031 0.898930 0.574697 0.693610 0.803669 0.666186 0.610904 0.770833 0.780692 0.774807 0.984011 0.810239 0.907742 0.845883 0.935221 0.985200 0.974055 0.960688 0.874112 0.894329 0.885830 0.826519 0.843992 0.970183 0.720846 0.507848 0.961149 0.928922 0.961958 0.993893 0.655519 0.884682 0.713918 0.641200 0.000000 0.874428 0.819846 0.994207 0.621174 0.952192 0.997595 0.975891 0.675805 0.667874 0.623936 0.659390 0.752294 0.661271 0.945933 0.867818 0.939742 0.865209 0.824349 0.978512 0.691859 0.853443 0.933211 0.883990 0.577994 0.803746 0.606827 0.947587 0.914496 0.912895 0.613148 0.582649 0.471365 0.451213 0.927331 0.909255 0.936882 0.902976 0.992769 0.893116 0.844980 0.906816 0.990159 0.998995 0.955448 0.967588 0.926981 0.904242 0.977741 0.996478 0.742879 0.769173 0.998479 0.896853 0.918280 0.815095 0.846553 0.859613 0.725236 0.795276 0.911304 0.981104 0.772943 0.990128 0.936629 0.875974 0.985829 0.718346 0.832135 0.986388 0.870142 0.667373 0.872350 0.881618 0.932779 0.858442 0.790135 0.794756 0.930085 0.935059 0.867653 0.873109
0.996315 0.938135 0.910749 0.974048 0.959476 0.886381 0.923655 0.903350 0.930739 0.926510 0.994840 0.994695 0.908971 0.974064 0.906631 0.973358 0.937845 0.928825 0.898931 0.852073 0.990696 0.962949 0.903227 0.983217 0.968646 0.852836 0.916570 0.829376 0.958575 0.913966 0.928342 0.803986 0.873345 0.861000 0.874428 0.000000 0.980920 0.919953 0.934487 0.911460 0.835928 0.956110 0.862411 0.862049 0.916998 0.958328 0.915334 0.904811 0.888739 0.894801 0.939832 0.970584 0.933053 0.970893 0.932708 0.997979 0.895269 0.948647 0.986968 0.964562 0.933712 0.962194 0.992597 0.965576 0.914144 0.849437 0.857736 0.795580 0.908363 0.943813 0.826364 0.958457 0.930165 0.971156 0.908646 0.889035 0.885158 0.936073 0.830831 0.983923 0.922453 0.969244 0.792424 0.948620 0.956196 0.905960 0.849252 0.925063 0.984526 0.909396 0.944257 0.885672 0.911565 0.977581 0.981446 0.884521 0.998792 0.911865 0.981933 0.917952 0.967916 0.998562 0.883485 0.915138 0.976959 0.933013 0.804120 0.975504 0.900176 0.985642 0.860011 0.921279 0.980679 0.886317 0.880387 0.887883
0.752590 0.778977 0.877947 0.692377 0.966538 0.774844 0.827894 0.769171 0.952731 0.710135 0.992788 0.814777 0.896336 0.937714 0.840927 0.738614 0.780551 0.803384 0.813405 0.818252 0.879213 0.862231 0.786215 0.780540 0.828347 0.830904 0.918678 0.976576 0.890380 0.796652 0.799640 0.875688 0.775192 0.769766 0.819846 0.980920 0.000000 0.734027 0.926086 0.987172 0.769073 0.860942 0.789745 0.771476 0.957034 0.943265 0.981597 0.836166 0.952089 0.996207 0.942135 0.978827 0.971517 0.966998 0.933989 0.968396 0.719697 0.767202 0.890986 0.957216 0.857793 0.881005 0.789052 0.782344 0.945388 0.844050 0.909055 0.913781 0.841439 0.914842 0.648265 0.719565 0.844610 0.891740 0.881349 0.958534 0.778397 0.812194 0.830366 0.971209 0.763273 0.812796 0.889951 0.723010 0.962965 0.871719 0.921745 0.926658 0.913960 0.960401 0.799817 0.741084 0.798009 0.765568 0.840805 0.998884 0.812515 0.781055 0.799143 0.779970 0.945129 0.888256 0.918816 0.789313 0.772666 0.816423 0.935451 0.761415 0.942169 0.984050 0.799820 0.661638 0.914929 0.991692 0.963757 0.886020
0.734236 0.743078 0.950150 0.811072 0.984662 0.829517 0.961737 0.891555 0.910444 0.905066 0.948885 0.860394 0.961523 0.956381 0.927955 0.911159 0.842526 0.854155 0.933415 0.902025 0.989257 0.860334 0.931268 0.902543 0.836708 0.994404 0.856587 0.982095 0.984333 0.778910 0.878565 0.966313 0.856850 0.924132 0.994207 0.919953 0.734027 0.000000 0.971933 0.791967 0.905147 0.996567 0.789438 0.761508 0.894395 0.872415 0.997564 0.921574 0.813286 0.816025 0.783549 0.762527 0.832128 0.821148 0.975636 0.949981 0.789872 0.779795 0.898205 0.929920 0.883819 0.836694 0.910857 0.831958 0.942878 0.890774 0.993589 0.989040 0.819672 0.807825 0.774752 0.743887 0.920585 0.832950 0.859216 0.995522 0.837630 0.940143 0.966845 0.997435 0.943925 0.953426 0.958348 0.852497 0.965182 0.904808 0.898103 0.996936 0.918055 0.862046 0.938908 0.924328 0.881958 0.979670 0.976558 0.956808 0.971055 0.958305 0.912000 0.931498 0.918784 0.876141 0.970667 0.763979 0.861220 0.815807 0.824083 0.827989 0.881302 0.874507 0.888215 0.974345 0.890969 0.849141 0.894898 0.882037
