0.000000 0.413174 0.942279 0.935543 0.894804 0.899562 0.841938 0.719225 0.953272 0.737765 0.621132 0.557070 0.975493 0.829765 0.979571 0.894772 0.501953 0.529048 0.618272 0.582510 0.955879 0.924278 0.959604 0.979368 0.875104 0.856102 0.948394 0.854253 0.721712 0.692512 0.931052 0.904705 0.557815 0.622236 0.961454 0.964446 0.848927 0.797071 0.953413 0.984769 0.791488 0.953287 0.887476 0.736243 0.768480 0.813990 0.903283 0.878357 0.787984 0.943984 0.859996 0.992128 0.885530 0.868117 0.941098 0.827297 0.416285 0.433871 0.665860 0.831818 0.786551 0.940272 0.485266 0.484556 0.756847 0.898028 0.810410 0.763757 0.556721 0.657966 0.632106 0.664094 0.796406 0.774258 0.932346 0.920509 0.734385 0.726491 0.811908 0.784224 0.486114 0.483668 0.979102 0.800488 0.989812 0.926953 0.925237 0.849375 0.807883 0.930111 0.743857 0.750246 0.782636 0.862760 0.993880 0.900533 0.732277 0.936363 0.531004 0.694911 0.826728 0.910145 0.657874 0.603804 0.836903 0.967841 0.956736 0.902365 0.966819 0.896577 0.759283 0.833115 0.844808 0.972845 0.995613 0.977008
0.413174 0.000000 0.755009 0.940632 0.980990 0.972015 0.956270 0.786001 0.817567 0.794296 0.676707 0.525766 0.884920 0.835454 0.783338 0.996824 0.506259 0.484768 0.673553 0.535450 0.980342 0.990353 0.828776 0.884333 0.835058 0.750898 0.998668 0.818666 0.744414 0.646762 0.986528 0.909016 0.634412 0.657890 0.964432 0.884295 0.868683 0.753764 0.874537 0.990134 0.806141 0.785042 0.967598 0.768843 0.805989 0.797566 0.984534 0.959154 0.755045 0.895465 0.902329 0.996521 0.762813 0.766509 0.971839 0.778051 0.377208 0.336385 0.795627 0.789153 0.897203 0.855355 0.618195 0.458279 0.672064 0.901791 0.927293 0.833956 0.576180 0.604450 0.637219 0.711522 0.814694 0.745072 0.999359 0.952720 0.765108 0.746976 0.839810 0.799588 0.520037 0.548090 0.959306 0.790048 0.830602 0.984306 0.937132 0.886401 0.675963 0.905666 0.834993 0.825037 0.871973 0.922902 0.950338 0.910383 0.751413 0.882481 0.583699 0.741462 0.747357 0.997708 0.703192 0.645559 0.911493 0.935392 0.966316 0.967509 0.996798 0.904145 0.795338 0.776213 0.803578 0.951799 0.997407 0.998184
0.942279 0.755009 0.000000 0.482563 0.809100 0.969505 0.444956 0.845553 0.568495 0.964575 0.953851 0.706283 0.774000 0.879422 0.663108 0.959133 0.892671 0.804333 0.778850 0.874004 0.856511 0.845726 0.443373 0.674716 0.556520 0.559068 0.900974 0.821222 0.886675 0.806895 0.545437 0.734743 0.692367 0.735386 0.644946 0.934268 0.856052 0.982159 0.674587 0.894001 0.879826 0.877790 0.733257 0.880493 0.846958 0.998542 0.683298 0.797822 0.780027 0.966019 0.957669 0.893630 0.763207 0.764414 0.766388 0.965801 0.791363 0.722105 0.707063 0.977661 0.704666 0.881962 0.919850 0.729707 0.427943 0.636594 0.492649 0.661809 0.956077 0.856423 0.879582 0.906662 0.932778 0.958106 0.779728 0.810187 0.734452 0.812524 0.872339 0.982563 0.841855 0.919884 0.970104 0.796636 0.523837 0.601910 0.938059 0.913069 0.791615 0.908747 0.868876 0.822485 0.792341 0.653340 0.988259 0.912629 0.998834 0.830971 0.970084 0.933409 0.762092 0.862824 0.992099 0.841974 0.797916 0.574940 0.934838 0.907516 0.991901 0.988506 0.964285 0.905312 0.944109 0.938802 0.845648 0.862606
0.935543 0.940632 0.482563 0.000000 0.936490 0.996432 0.538518 0.692289 0.640942 0.943872 0.952313 0.893578 0.959114 0.963078 0.812753 0.818088 0.959438 0.826420 0.754368 0.968714 0.894072 0.970613 0.489390 0.524567 0.599870 0.611316 0.946807 0.888633 0.817832 0.797754 0.567571 0.694394 0.730176 0.792880 0.731556 0.982345 0.625467 0.783544 0.699309 0.893552 0.793476 0.987470 0.817090 0.984492 0.946448 0.852601 0.754883 0.892033 0.756892 0.979484 0.861894 0.937015 0.733430 0.611392 0.710451 0.948909 0.949789 0.902170 0.714202 0.974353 0.783589 0.901084 0.871079 0.938784 0.591534 0.643255 0.635941 0.824068 0.924803 0.926681 0.728538 0.703914 0.677398 0.835151 0.784153 0.843809 0.703314 0.820872 0.826180 0.979046 0.976671 0.999472 0.948936 0.989986 0.638572 0.602084 0.996838 0.926479 0.939049 0.851096 0.788405 0.765288 0.746269 0.679754 0.899358 0.947731 0.944950 0.913975 0.986451 0.915468 0.934455 0.777274 0.881144 0.992846 0.761124 0.646913 0.926116 0.830197 0.912723 0.966428 0.958353 0.997593 0.900639 0.929696 0.944500 0.950053
0.894804 0.980990 0.809100 0.936490 0.000000 0.751675 0.821864 0.971364 0.850376 0.888426 0.700706 0.877890 0.725981 0.986326 0.855437 0.889616 0.983433 0.923949 0.882760 0.992893 0.941736 0.855133 0.927784 0.924172 0.989118 0.964140 0.864955 0.943625 0.872938 0.938893 0.927855 0.863220 0.833144 0.816220 0.883451 0.908735 0.939231 0.884915 0.941904 0.987656 0.912685 0.863603 0.951111 0.836101 0.717722 0.821258 0.943746 0.785929 0.960263 0.873764 0.900560 0.984856 0.991024 0.991614 0.919488 0.882268 0.980428 0.945673 0.855050 0.914262 0.722343 0.962749 0.955197 0.898487 0.833592 0.826253 0.736162 0.682172 0.965068 0.924356 0.975275 0.906779 0.948741 0.917606 0.987740 0.965957 0.844369 0.942750 0.959536 0.897516 0.975732 0.986765 0.901292 0.875099 0.879004 0.903536 0.924392 0.860638 0.889626 0.772388 0.919186 0.888861 0.914993 0.830419 0.953316 0.926381 0.918143 0.980439 0.851404 0.906831 0.962556 0.906534 0.969691 0.822324 0.862818 0.970028 0.929624 0.954399 0.941233 0.971039 0.855974 0.982627 0.933235 0.982019 0.955909 0.708025
0.899562 0.972015 0.969505 0.996432 0.751675 0.000000 0.865188 0.780566 0.883733 0.814692 0.800073 0.809516 0.804976 0.987260 0.950102 0.902536 0.962635 0.951264 0.988742 0.965281 0.918004 0.815047 0.878952 0.817553 0.927058 0.951294 0.876490 0.949789 0.921432 0.996916 0.943426 0.905227 0.968690 0.940472 0.841470 0.850252 0.994765 0.804415 0.978068 0.901102 0.991737 0.869665 0.910110 0.944111 0.844956 0.806798 0.961212 0.967140 0.917963 0.949789 0.976195 0.969558 0.913671 0.914765 0.997865 0.914523 0.978639 0.984480 0.777249 0.867073 0.691114 0.822189 0.896087 0.923700 0.916443 0.971182 0.899496 0.816076 0.974909 0.912417 0.985947 0.890520 0.993145 0.933235 0.984442 0.989185 0.877138 0.990516 0.993516 0.926453 0.985064 0.943499 0.799664 0.879176 0.912762 0.880431 0.948683 0.852618 0.994972 0.902701 0.797422 0.831347 0.744756 0.852598 0.943423 0.994421 0.898621 0.869414 0.801494 0.969981 0.818752 0.807135 0.874664 0.967800 0.983951 0.963213 0.930269 0.960954 0.940357 0.913846 0.840220 0.912375 0.956161 0.957406 0.993516 0.815812
0.841938 0.956270 0.444956 0.538518 0.821864 0.865188 0.000000 0.585919 0.650585 0.636821 0.705065 0.979509 0.723171 0.882584 0.705813 0.841730 0.873696 0.954617 0.567210 0.920307 0.920951 0.872823 0.504780 0.669143 0.835343 0.845045 0.908144 0.980568 0.927805 0.919452 0.570442 0.713707 0.634830 0.608753 0.762113 0.962354 0.932009 0.958846 0.772406 0.991377 0.950757 0.922115 0.634522 0.757308 0.753179 0.888038 0.674831 0.743978 0.904314 0.951438 0.942475 0.975014 0.790206 0.754122 0.921390 0.899886 0.966992 0.924854 0.693763 0.883709 0.704733 0.870781 0.616932 0.989103 0.727404 0.894587 0.517854 0.738961 0.941650 0.999714 0.713913 0.764169 0.705177 0.796337 0.812055 0.741026 0.632064 0.809274 0.750593 0.870327 0.923773 0.847906 0.917940 0.907963 0.594148 0.738982 0.942143 0.909051 0.951097 0.925942 0.658484 0.593594 0.677752 0.617384 0.916799 0.917379 0.873812 0.888477 0.768684 0.685766 0.923715 0.652417 0.826388 0.896150 0.855365 0.714453 0.960223 0.789209 0.987827 0.973190 0.847197 0.917465 0.900263 0.976205 0.922030 0.890834
0.719225 0.786001 0.845553 0.692289 0.971364 0.780566 0.585919 0.000000 0.897186 0.542764 0.752068 0.634360 0.796587 0.727766 0.902457 0.749573 0.860822 0.980394 0.672831 0.833210 0.939091 0.954842 0.876832 0.893941 0.841080 0.925884 0.757576 0.852708 0.918554 0.850928 0.818644 0.898266 0.788081 0.740369 0.907668 0.985332 0.905719 0.973915 0.891034 0.849433 0.951671 0.913579 0.860307 0.832311 0.871362 0.849691 0.929012 0.923594 0.924603 0.881942 0.804262 0.954834 0.846953 0.820820 0.930399 0.989434 0.826678 0.848187 0.689081 0.870907 0.718774 0.723038 0.585155 0.671514 0.846223 0.958842 0.772902 0.865266 0.815535 0.834335 0.624607 0.743436 0.636500 0.691839 0.873655 0.898795 0.725325 0.932806 0.849437 0.980672 0.847462 0.855422 0.842167 0.922000 0.927291 0.890546 0.937012 0.904544 0.846338 0.903996 0.519648 0.526795 0.622883 0.681312 0.937576 0.911942 0.717567 0.900216 0.691070 0.741711 0.666761 0.551306 0.725582 0.654924 0.947661 0.878719 0.952651 0.820554 0.904350 0.900519 0.837050 0.915721 0.835398 0.876720 0.945354 0.935528
0.953272 0.817567 0.568495 0.640942 0.850376 0.883733 0.650585 0.897186 0.000000 0.901912 0.967630 0.813489 0.824109 0.834493 0.831883 0.817679 0.959778 0.844193 0.955337 0.889931 0.916528 0.803393 0.689939 0.817426 0.741221 0.667891 0.971724 0.780188 0.904074 0.795192 0.748213 0.937701 0.938389 0.968369 0.747562 0.959109 0.812033 0.999463 0.820744 0.831532 0.867249 0.991737 0.840766 0.912437 0.896195 0.987543 0.678908 0.887925 0.918170 0.905946 0.842999 0.849317 0.725619 0.826716 0.897428 0.948866 0.843579 0.836533 0.628754 0.781275 0.686614 0.956551 0.988587 0.908376 0.623742 0.706404 0.693794 0.806598 0.946320 0.952417 0.873594 0.883265 0.995230 0.942790 0.849370 0.900939 0.809746 0.996155 0.939455 0.974397 0.956383 0.918274 0.873752 0.945546 0.761538 0.820371 0.840726 0.919579 0.687887 0.824885 0.801708 0.843803 0.747350 0.779825 0.952965 0.924895 0.924194 0.890067 0.996669 0.925246 0.896849 0.989536 0.936054 0.928260 0.825458 0.761519 0.865622 0.880175 0.908114 0.961989 0.937675 0.891796 0.814031 0.992712 0.872790 0.777652
0.737765 0.794296 0.964575 0.943872 0.888426 0.814692 0.636821 0.542764 0.901912 0.000000 0.642585 0.729383 0.807286 0.761551 0.955152 0.832826 0.737182 0.746603 0.644266 0.758027 0.959867 0.990564 0.978180 0.944109 0.681021 0.706051 0.803263 0.808441 0.747428 0.632573 0.894701 0.950993 0.874485 0.735728 0.984180 0.921261 0.996545 0.977738 0.899609 0.839840 0.928757 0.994817 0.660978 0.649927 0.709575 0.699131 0.920635 0.783002 0.735555 0.994524 0.867330 0.914169 0.963252 0.999568 0.836085 0.924982 0.775785 0.854561 0.844876 0.940353 0.867596 0.993221 0.610981 0.717413 0.739487 0.732717 0.869453 0.977781 0.951743 0.931771 0.632879 0.751629 0.781519 0.720053 0.969880 0.826204 0.686882 0.961744 0.881191 0.943822 0.785595 0.814387 0.814883 0.961006 0.890029 0.809161 0.927204 0.898060 0.778502 0.752287 0.531475 0.578772 0.713029 0.829982 0.954745 0.938079 0.834469 0.887487 0.600981 0.631542 0.781912 0.763655 0.676221 0.665682 0.962099 0.967421 0.965352 0.836981 0.946187 0.969972 0.842355 0.750913 0.757477 0.857874 0.957904 0.907129
0.621132 0.676707 0.953851 0.952313 0.700706 0.800073 0.705065 0.752068 0.967630 0.642585 0.000000 0.648825 0.657138 0.717368 0.815918 0.910679 0.605358 0.578054 0.586290 0.632549 0.950031 0.973672 0.991904 0.919861 0.776227 0.739009 0.954060 0.803361 0.643339 0.583471 0.894647 0.918608 0.688426 0.622200 0.932203 0.971345 0.865540 0.822696 0.978464 0.981650 0.963795 0.981238 0.855206 0.741337 0.708534 0.803643 0.936932 0.859451 0.912817 0.976521 0.863062 0.830608 0.810317 0.783463 0.821540 0.940445 0.664743 0.706686 0.839549 0.974334 0.799038 0.880608 0.577354 0.733912 0.838821 0.821179 0.815274 0.793034 0.761970 0.800369 0.689911 0.834591 0.839705 0.861339 0.992502 0.828265 0.794437 0.809406 0.831812 0.694478 0.669851 0.581852 0.918946 0.974929 0.964228 0.917159 0.819808 0.858726 0.896454 0.647379 0.731811 0.715270 0.811802 0.821419 0.868762 0.995390 0.821182 0.931656 0.577393 0.681671 0.966047 0.844537 0.800591 0.813055 0.970452 0.941607 0.910070 0.988879 0.984087 0.926240 0.835581 0.863465 0.847020 0.914897 0.949900 0.831975
0.557070 0.525766 0.706283 0.893578 0.877890 0.809516 0.979509 0.634360 0.813489 0.729383 0.648825 0.000000 0.867244 0.665283 0.847148 0.785849 0.686254 0.697267 0.776297 0.697568 0.925236 0.975048 0.730782 0.774337 0.606980 0.600086 0.769548 0.738968 0.816501 0.659652 0.824943 0.879456 0.841498 0.879075 0.817617 0.994175 0.993139 0.929578 0.863389 0.912837 0.948731 0.874457 0.884542 0.900302 0.949909 0.879304 0.849319 0.991958 0.830415 0.882875 0.974214 0.847739 0.832095 0.851177 0.874489 0.884641 0.596658 0.565394 0.864883 0.783349 0.839984 0.779943 0.580200 0.451819 0.538489 0.738262 0.924761 0.980760 0.694802 0.769836 0.734033 0.847936 0.823280 0.824394 0.992319 0.905697 0.923869 0.943777 0.946939 0.944882 0.667096 0.657096 0.924799 0.735188 0.688523 0.721637 0.929927 0.943496 0.821141 0.760015 0.749906 0.765167 0.849400 0.908552 0.993238 0.971399 0.791838 0.879348 0.665537 0.820762 0.722416 0.854661 0.827503 0.636772 0.973016 0.842819 0.934711 0.994349 0.935033 0.850121 0.835850 0.887385 0.838763 0.908043 0.934932 0.966802
0.975493 0.884920 0.774000 0.959114 0.725981 0.804976 0.723171 0.796587 0.824109 0.807286 0.657138 0.867244 0.000000 0.780728 0.717934 0.828937 0.943753 0.961291 0.949464 0.918754 0.933972 0.973827 0.999621 0.918346 0.875339 0.964712 0.965719 0.963467 0.945409 0.943205 0.966568 0.875697 0.910121 0.904599 0.969819 0.912348 0.883158 0.817378 0.981595 0.946176 0.918675 0.851733 0.948156 0.903675 0.823063 0.903184 0.876333 0.858614 0.972733 0.975172 0.962790 0.949829 0.957272 0.913892 0.920312 0.991466 0.839890 0.853662 0.792503 0.914842 0.680945 0.983147 0.822113 0.987003 0.913742 0.958067 0.853652 0.863261 0.948304 0.897816 0.993032 0.993389 0.986154 0.928394 0.927726 0.835691 0.928459 0.970369 0.995891 0.948407 0.878160 0.984171 0.830499 0.826375 0.923448 0.873608 0.875388 0.852551 0.806793 0.838077 0.806604 0.848203 0.813109 0.837361 0.967731 0.985726 0.946132 0.957368 0.854820 0.971037 0.910966 0.841157 0.977435 0.999937 0.984074 0.944293 0.981681 0.987480 0.932463 0.866961 0.933174 0.983518 0.953933 0.963233 0.985217 0.852309
0.829765 0.835454 0.879422 0.963078 0.986326 0.987260 0.882584 0.727766 0.834493 0.761551 0.717368 0.665283 0.780728 0.000000 0.869826 0.748336 0.732550 0.723803 0.708673 0.767482 0.851371 0.952844 0.990677 0.939109 0.782918 0.732043 0.843211 0.726197 0.733206 0.642489 0.980411 0.856360 0.905871 0.912957 0.699550 0.983248 0.879943 0.947033 0.918819 0.917793 0.854276 0.983600 0.827634 0.869731 0.955563 0.956167 0.990343 0.926404 0.950824 0.775275 0.940017 0.782352 0.893877 0.961988 0.912190 0.972129 0.788067 0.831655 0.918770 0.847592 0.837328 0.887850 0.655779 0.771881 0.733722 0.663020 0.905618 0.841294 0.907719 0.937259 0.879526 0.918965 0.837960 0.761773 0.993846 0.871083 0.984169 0.937650 0.855448 0.798174 0.804109 0.710959 0.852243 0.892826 0.966853 0.878847 0.987489 0.816838 0.817693 0.711175 0.900097 0.909815 0.959820 0.951238 0.905896 0.875893 0.957030 0.995605 0.793407 0.788815 0.802477 0.801763 0.816782 0.755084 0.840991 0.749031 0.987382 0.934536 0.930794 0.815648 0.943394 0.853043 0.871462 0.869591 0.958432 0.907007
0.979571 0.783338 0.663108 0.812753 0.855437 0.950102 0.705813 0.902457 0.831883 0.955152 0.815918 0.847148 0.717934 0.869826 0.000000 0.810348 0.936910 0.949205 0.807792 0.970041 0.853340 0.904210 0.649826 0.745057 0.788498 0.795814 0.876053 0.912910 0.820439 0.909813 0.753807 0.832114 0.832925 0.894921 0.961486 0.936026 0.967524 0.907047 0.777700 0.801720 0.953812 0.819596 0.667973 0.769487 0.876274 0.970552 0.671299 0.653751 0.962433 0.954485 0.969851 0.983270 0.921871 0.980153 0.991889 0.940699 0.907075 0.808827 0.948116 0.796248 0.947112 0.696743 0.884100 0.804522 0.662627 0.906735 0.845273 0.937320 0.988602 0.795280 0.942283 0.984358 0.988978 0.878855 0.929349 0.815618 0.991265 0.858583 0.840718 0.823131 0.976539 0.930715 0.860121 0.978873 0.587101 0.724078 0.931659 0.974623 0.795348 0.961923 0.940944 0.924663 0.957451 0.955708 0.828241 0.974492 0.893180 0.858934 0.989816 0.864300 0.776946 0.964070 0.978725 0.845949 0.977244 0.873598 0.985265 0.912294 0.970851 0.948918 0.947135 0.984241 0.947661 0.972706 0.867994 0.884556
0.894772 0.996824 0.959133 0.818088 0.889616 0.902536 0.841730 0.749573 0.817679 0.832826 0.910679 0.785849 0.828937 0.748336 0.810348 0.000000 0.936094 0.989883 0.826914 0.851033 0.998094 0.847226 0.857659 0.789754 0.992760 0.953908 0.811838 0.947178 0.935093 0.849099 0.958285 0.853882 0.930840 0.932604 0.846597 0.866567 0.859799 0.985426 0.945240 0.854123 0.987928 0.993394 0.929810 0.969418 0.862879 0.870917 0.886960 0.904363 0.996594 0.849920 0.905994 0.899629 0.889695 0.944925 0.989132 0.921301 0.987765 0.972252 0.962524 0.952678 0.991347 0.972757 0.773161 0.873327 0.890521 0.855875 0.832586 0.740280 0.896682 0.895550 0.824566 0.874279 0.796596 0.893694 0.923797 0.945664 0.972204 0.961076 0.970338 0.981899 0.920297 0.881458 0.996230 0.780630 0.965179 0.967421 0.958997 0.818681 0.942783 0.996579 0.871270 0.996434 0.925015 0.961597 0.952834 0.895959 0.988581 0.987051 0.907618 0.935518 0.951070 0.949059 0.933139 0.809630 0.983971 0.903091 0.854366 0.987608 0.997497 0.986094 0.954895 0.850783 0.993904 0.963127 0.946331 0.991501
0.501953 0.506259 0.892671 0.959438 0.983433 0.962635 0.873696 0.860822 0.959778 0.737182 0.605358 0.686254 0.943753 0.732550 0.936910 0.936094 0.000000 0.382194 0.526450 0.522185 0.961829 0.966057 0.954192 0.972809 0.844170 0.742166 0.997083 0.832427 0.552729 0.542085 0.900361 0.738368 0.631031 0.667842 0.925589 0.938877 0.982141 0.948626 0.902691 0.991556 0.851217 0.909752 0.720633 0.668457 0.797752 0.866334 0.895276 0.918862 0.854806 0.981689 0.982705 0.856306 0.732537 0.800422 0.893791 0.889353 0.386662 0.476676 0.927510 0.937589 0.945880 0.794065 0.554187 0.577107 0.756380 0.749289 0.881942 0.956338 0.683734 0.750095 0.640894 0.676427 0.825783 0.763596 0.953364 0.866140 0.822398 0.785007 0.744235 0.673047 0.418060 0.479269 0.828461 0.835969 0.975188 0.929210 0.935140 0.942355 0.778871 0.829504 0.818141 0.799617 0.896520 0.970822 0.970803 0.896460 0.799459 0.952923 0.636996 0.595700 0.873778 0.979387 0.671084 0.695721 0.975373 0.840273 0.917534 0.938683 0.925100 0.861243 0.760569 0.792198 0.791360 0.991336 0.923258 0.953813
0.529048 0.484768 0.804333 0.826420 0.923949 0.951264 0.954617 0.980394 0.844193 0.746603 0.578054 0.697267 0.961291 0.723803 0.949205 0.989883 0.382194 0.000000 0.575058 0.474999 0.976816 0.987380 0.950676 0.956906 0.786206 0.644175 0.927452 0.784893 0.523475 0.479574 0.993006 0.816075 0.688692 0.683013 0.849672 0.951661 0.955413 0.967278 0.788409 0.947631 0.934137 0.929529 0.778872 0.678831 0.763463 0.824007 0.932127 0.856381 0.808497 0.988371 0.934075 0.864349 0.673579 0.710270 0.829913 0.940839 0.393994 0.456011 0.998998 0.896309 0.892881 0.762910 0.582158 0.615880 0.705769 0.721662 0.926703 0.982964 0.665954 0.730891 0.737473 0.781411 0.870132 0.748295 0.989750 0.861620 0.832091 0.764643 0.751060 0.677814 0.427872 0.449433 0.823667 0.829976 0.992790 0.979936 0.981531 0.961408 0.673472 0.791970 0.916895 0.865714 0.990853 0.965507 0.989633 0.882348 0.858873 0.947319 0.632521 0.616607 0.889485 0.934658 0.687474 0.718779 0.950058 0.778689 0.975472 0.978707 0.933530 0.912262 0.780640 0.708043 0.775766 0.951659 0.970310 0.976275
0.618272 0.673553 0.778850 0.754368 0.882760 0.988742 0.567210 0.672831 0.955337 0.644266 0.586290 0.776297 0.949464 0.708673 0.807792 0.826914 0.526450 0.575058 0.000000 0.523537 0.972074 0.932667 0.632741 0.732131 0.957096 0.890073 0.974907 0.816300 0.677076 0.608915 0.724006 0.622544 0.559866 0.544534 0.948339 0.937085 0.942119 0.984381 0.940802 0.953641 0.917652 0.989675 0.664191 0.689371 0.836392 0.942399 0.840932 0.802009 0.940875 0.863238 0.869683 0.755849 0.838923 0.981896 0.987233 0.968099 0.589520 0.712030 0.910637 0.801777 0.998881 0.749049 0.514849 0.772169 0.986015 0.869172 0.698079 0.863033 0.760749 0.873175 0.515995 0.668475 0.637379 0.666365 0.921214 0.776013 0.701162 0.746823 0.692821 0.701636 0.585845 0.555830 0.892043 0.909260 0.753231 0.803349 0.892692 0.996610 0.752779 0.755095 0.709834 0.650739 0.807835 0.796263 0.864501 0.852664 0.828436 0.888542 0.658210 0.582295 0.988053 0.775737 0.703632 0.763446 0.956928 0.954311 0.955519 0.977179 0.903962 0.970700 0.879866 0.825708 0.873374 0.999217 0.969076 0.950118
0.582510 0.535450 0.874004 0.968714 0.992893 0.965281 0.920307 0.833210 0.889931 0.758027 0.632549 0.697568 0.918754 0.767482 0.970041 0.851033 0.522185 0.474999 0.523537 0.000000 0.991816 0.946168 0.957683 0.904114 0.875216 0.760766 0.943810 0.753697 0.630830 0.599508 0.970632 0.724391 0.712924 0.732992 0.868427 0.883880 0.868742 0.928714 0.873199 0.902553 0.885201 0.912480 0.859749 0.775909 0.973040 0.968670 0.989371 0.910001 0.991607 0.881825 0.844033 0.741232 0.720645 0.828901 0.898493 0.976216 0.488815 0.525253 0.981100 0.898746 0.885893 0.867205 0.619756 0.639562 0.752362 0.796822 0.967919 0.956568 0.656370 0.740969 0.583413 0.736940 0.687875 0.697622 0.992709 0.914041 0.794772 0.771299 0.749660 0.784593 0.478835 0.516401 0.839547 0.735038 0.992317 0.985231 0.982395 0.963681 0.638696 0.785981 0.832144 0.778914 0.901225 0.973612 0.988907 0.905547 0.914550 0.967716 0.690697 0.667647 0.965616 0.987856 0.729803 0.691263 0.988707 0.845691 0.983326 0.991701 0.984656 0.956931 0.872443 0.819023 0.969918 0.907427 0.987163 0.898521
0.955879 0.980342 0.856511 0.894072 0.941736 0.918004 0.920951 0.939091 0.916528 0.959867 0.950031 0.925236 0.933972 0.851371 0.853340 0.998094 0.961829 0.976816 0.972074 0.991816 0.000000 0.920634 0.930314 0.964786 0.883236 0.791891 0.802372 0.929418 0.897268 0.916930 0.969724 0.894746 0.899705 0.927878 0.863162 0.937819 0.948762 0.966760 0.927969 0.901374 0.972582 0.982006 0.951843 0.845298 0.922559 0.994218 0.873708 0.823039 0.937288 0.885770 0.913393 0.880307 0.964638 0.988147 0.855542 0.727514 0.974443 0.954955 0.887584 0.965933 0.807232 0.953091 0.939307 0.926031 0.812371 0.840128 0.811697 0.867219 0.969922 0.969100 0.949443 0.961340 0.953154 0.857133 0.980192 0.976163 0.984723 0.918495 0.892419 0.987712 0.989473 0.953197 0.970144 0.900314 0.852175 0.836002 0.904905 0.852459 0.929906 0.969115 0.993897 0.969095 0.970360 0.936927 0.897251 0.861692 0.907626 0.979371 0.998263 0.973024 0.918199 0.902948 0.906464 0.854637 0.965669 0.829784 0.962467 0.890539 0.959458 0.989643 0.822482 0.955361 0.906076 0.885875 0.782491 0.925461
0.924278 0.990353 0.845726 0.970613 0.855133 0.815047 0.872823 0.954842 0.803393 0.990564 0.973672 0.975048 0.973827 0.952844 0.904210 0.847226 0.966057 0.987380 0.932667 0.946168 0.920634 0.000000 0.836083 0.955051 0.846016 0.797482 0.950507 0.871276 0.928216 0.997640 0.904312 0.947424 0.993269 0.940957 0.966215 0.996480 0.973274 0.908194 0.968031 0.955423 0.976253 0.925896 0.847492 0.817942 0.838363 0.882307 0.914819 0.870537 0.921256 0.861197 0.911366 0.856047 0.941386 0.981171 0.949102 0.838510 0.969742 0.998070 0.832010 0.929238 0.892948 0.992384 0.987386 0.939979 0.869994 0.866125 0.876819 0.874665 0.891699 0.950217 0.927118 0.968853 0.842754 0.883334 0.783928 0.949864 0.905967 0.962405 0.856945 0.989037 0.987453 0.938112 0.892405 0.999895 0.933508 0.934939 0.912521 0.958395 0.905367 0.919686 0.909718 0.969966 0.860978 0.956687 0.830317 0.773101 0.902906 0.940897 0.852670 0.888177 0.996774 0.951757 0.939576 0.967448 0.879049 0.951794 0.876735 0.963906 0.938906 0.922284 0.840370 0.973945 0.828391 0.942308 0.796848 0.766219
0.959604 0.828776 0.443373 0.489390 0.927784 0.878952 0.504780 0.876832 0.689939 0.978180 0.991904 0.730782 0.999621 0.990677 0.649826 0.857659 0.954192 0.950676 0.632741 0.957683 0.930314 0.836083 0.000000 0.445323 0.564306 0.663685 0.884331 0.943433 0.993188 0.982513 0.535802 0.604075 0.733470 0.766839 0.831469 0.903398 0.838987 0.920931 0.668690 0.900543 0.921022 0.956817 0.649764 0.822633 0.931376 0.914786 0.696623 0.786032 0.795879 0.998580 0.979872 0.964100 0.772864 0.658122 0.835573 0.878009 0.937240 0.830208 0.917936 0.775760 0.968737 0.791168 0.899906 0.737391 0.515497 0.728485 0.649057 0.891671 0.981945 0.886090 0.764368 0.838832 0.788734 0.834033 0.800524 0.817215 0.758882 0.804853 0.818688 0.900927 0.954982 0.995248 0.854033 0.903431 0.472515 0.504204 0.825965 0.920279 0.927081 0.971238 0.964874 0.882752 0.959046 0.774739 0.904763 0.854832 0.955718 0.782581 0.957713 0.841872 0.737968 0.859781 0.978563 0.908912 0.842262 0.734700 0.874421 0.896742 0.911303 0.995405 0.993104 0.966116 0.983721 0.959287 0.892211 0.947079
0.979368 0.884333 0.674716 0.524567 0.924172 0.817553 0.669143 0.893941 0.817426 0.944109 0.919861 0.774337 0.918346 0.939109 0.745057 0.789754 0.972809 0.956906 0.732131 0.904114 0.964786 0.955051 0.445323 0.000000 0.621366 0.712153 0.970009 0.993128 0.990087 0.973374 0.674603 0.597569 0.846409 0.916113 0.973034 0.999205 0.825004 0.893536 0.685864 0.953582 0.917846 0.989184 0.771938 0.966149 0.889243 0.799065 0.754945 0.883574 0.773293 0.947963 0.987451 0.998506 0.764131 0.636920 0.850116 0.840509 0.973731 0.896748 0.962526 0.719590 0.880821 0.869868 0.950965 0.797956 0.708084 0.843174 0.874967 0.902601 0.984881 0.916078 0.863150 0.794362 0.718583 0.728343 0.869417 0.892913 0.916186 0.856779 0.889387 0.896464 0.990368 0.939894 0.871185 0.986945 0.549461 0.573252 0.897878 0.882423 0.991756 0.935436 0.997009 0.945047 0.960168 0.910141 0.819340 0.927561 0.927220 0.782250 0.878928 0.916273 0.865275 0.868508 0.968007 0.967891 0.872551 0.895688 0.903174 0.825674 0.959598 0.907461 0.949766 0.897074 0.903964 0.874669 0.982655 0.972418
0.875104 0.835058 0.556520 0.599870 0.989118 0.927058 0.835343 0.841080 0.741221 0.681021 0.776227 0.606980 0.875339 0.782918 0.788498 0.992760 0.844170 0.786206 0.957096 0.875216 0.883236 0.846016 0.564306 0.621366 0.000000 0.421361 0.752145 0.703760 0.774448 0.717587 0.605396 0.743252 0.805715 0.864596 0.714058 0.890449 0.708414 0.840501 0.705173 0.782710 0.833906 0.984530 0.907189 0.959203 0.946875 0.856302 0.754648 0.945576 0.787975 0.876973 0.905219 0.755328 0.830977 0.830347 0.711339 0.971453 0.818967 0.816383 0.870125 0.975225 0.928462 0.922220 0.803038 0.667486 0.455158 0.564288 0.773609 0.827375 0.977601 0.901502 0.973880 0.992215 0.998163 0.896392 0.848114 0.977025 0.944966 0.867279 0.957980 0.936194 0.853470 0.865892 0.850313 0.905799 0.557668 0.511946 0.847388 0.966898 0.806659 0.790599 0.827445 0.839035 0.958149 0.955105 0.905997 0.996191 0.873467 0.811046 0.792243 0.864251 0.737119 0.878519 0.879264 0.661406 0.843599 0.696833 0.832907 0.971462 0.955217 0.817925 0.936498 0.810406 0.826520 0.779368 0.898433 0.988665
0.856102 0.750898 0.559068 0.611316 0.964140 0.951294 0.845045 0.925884 0.667891 0.706051 0.739009 0.600086 0.964712 0.732043 0.795814 0.953908 0.742166 0.644175 0.890073 0.760766 0.791891 0.797482 0.663685 0.712153 0.421361 0.000000 0.798747 0.649579 0.678126 0.591762 0.699757 0.832735 0.912414 0.935756 0.711103 0.875469 0.698186 0.916470 0.688518 0.783651 0.871312 0.938643 0.947525 0.970964 0.936957 0.848797 0.711798 0.955110 0.839295 0.922819 0.839421 0.758656 0.808139 0.841274 0.697656 0.990607 0.740162 0.730134 0.800608 0.916425 0.842557 0.962717 0.788410 0.704733 0.476611 0.568896 0.803800 0.818475 0.992138 0.893836 0.945935 0.982476 0.944224 0.773238 0.895891 0.984064 0.955463 0.974256 0.988636 0.905246 0.791957 0.770615 0.965367 0.899795 0.671926 0.652060 0.939159 0.989075 0.764922 0.717449 0.886391 0.853863 0.971456 0.925395 0.985139 0.997026 0.958153 0.899768 0.763385 0.786128 0.797828 0.928419 0.950178 0.724608 0.826305 0.641378 0.925773 0.912425 0.910781 0.897395 0.941562 0.736972 0.795240 0.876836 0.924807 0.938255
0.948394 0.998668 0.900974 0.946807 0.864955 0.876490 0.908144 0.757576 0.971724 0.803263 0.954060 0.769548 0.965719 0.843211 0.876053 0.811838 0.997083 0.927452 0.974907 0.943810 0.802372 0.950507 0.884331 0.970009 0.752145 0.798747 0.000000 0.938824 0.947530 0.961096 0.891812 0.981240 0.953331 0.896747 0.928409 0.797463 0.821421 0.929122 0.897206 0.916649 0.965316 0.959600 0.940263 0.938052 0.936409 0.953389 0.918958 0.964125 0.951055 0.797605 0.959563 0.860104 0.890329 0.985368 0.990214 0.978764 0.977336 0.987737 0.976378 0.989898 0.997679 0.958847 0.861232 0.855956 0.730132 0.713257 0.887050 0.937050 0.946174 0.897074 0.994630 0.963090 0.919875 0.906083 0.905537 0.985654 0.932700 0.969202 0.964392 0.938425 0.969672 0.914155 0.842548 0.952494 0.920971 0.727988 0.883588 0.993296 0.950544 0.996367 0.842885 0.855626 0.869278 0.999454 0.981192 0.928048 0.818293 0.875923 0.813902 0.858378 0.946651 0.828614 0.879328 0.725128 0.981702 0.967527 0.931965 0.980584 0.945820 0.940550 0.975540 0.926707 0.982299 0.959681 0.887338 0.976100
0.854253 0.818666 0.821222 0.888633 0.943625 0.949789 0.980568 0.852708 0.780188 0.808441 0.803361 0.738968 0.963467 0.726197 0.912910 0.947178 0.832427 0.784893 0.816300 0.753697 0.929418 0.871276 0.943433 0.993128 0.703760 0.649579 0.938824 0.000000 0.782260 0.678055 0.814106 0.956806 0.994946 0.927476 0.756808 0.969069 0.937447 0.971290 0.967755 0.845566 0.859481 0.966275 0.977530 0.891722 0.892477 0.928393 0.869836 0.939110 0.941381 0.891130 0.891451 0.770826 0.879091 0.966920 0.848180 0.925377 0.821005 0.835844 0.818661 0.866495 0.881518 0.999038 0.855543 0.923236 0.768631 0.832094 0.924570 0.926071 0.871711 0.950255 0.887622 0.988172 0.815572 0.757011 0.986595 0.989827 0.948775 0.965569 0.945985 0.768035 0.828507 0.762986 0.951631 0.901089 0.976727 0.913736 0.931819 0.871829 0.854080 0.633851 0.916603 0.874966 0.956725 0.993183 0.883350 0.901780 0.995923 0.870827 0.817959 0.758207 0.971941 0.864195 0.934856 0.855234 0.983733 0.813006 0.943138 0.905935 0.980588 0.904443 0.950722 0.859778 0.869835 0.873418 0.918377 0.925899
0.721712 0.744414 0.886675 0.817832 0.872938 0.921432 0.927805 0.918554 0.904074 0.747428 0.643339 0.816501 0.945409 0.733206 0.820439 0.935093 0.552729 0.523475 0.677076 0.630830 0.897268 0.928216 0.993188 0.990087 0.774448 0.678126 0.947530 0.782260 0.000000 0.542421 0.949389 0.879591 0.803377 0.768852 0.894054 0.979576 0.899688 0.885499 0.898730 0.890482 0.943897 0.984974 0.680431 0.659351 0.693819 0.722752 0.890204 0.803707 0.754373 0.890475 0.993433 0.955939 0.875554 0.799859 0.923228 0.951060 0.658635 0.694743 0.954830 0.870895 0.904525 0.833494 0.738450 0.797375 0.778916 0.778650 0.929512 0.969270 0.777115 0.842336 0.916146 0.981224 0.919505 0.798940 0.930733 0.768284 0.927062 0.743287 0.790194 0.749794 0.590183 0.628092 0.802740 0.855973 0.966420 0.987139 0.946670 0.932197 0.814459 0.791070 0.893043 0.892539 0.972555 0.874540 0.955360 0.898860 0.893183 0.986265 0.685086 0.695382 0.839433 0.907024 0.836865 0.866967 0.890950 0.794434 0.945603 0.991353 0.996711 0.896886 0.766717 0.840395 0.744969 0.985643 0.951868 0.927442
0.692512 0.646762 0.806895 0.797754 0.938893 0.996916 0.919452 0.850928 0.795192 0.632573 0.583471 0.659652 0.943205 0.642489 0.909813 0.849099 0.542085 0.479574 0.608915 0.599508 0.916930 0.997640 0.982513 0.973374 0.717587 0.591762 0.961096 0.678055 0.542421 0.000000 0.990525 0.869224 0.830248 0.761675 0.717293 0.993968 0.844089 0.993842 0.855902 0.914803 0.905089 0.958091 0.754576 0.664641 0.779242 0.783663 0.977400 0.809096 0.745619 0.980911 0.926439 0.846141 0.768391 0.827870 0.734981 0.935125 0.583122 0.649904 0.884529 0.800634 0.898253 0.834473 0.635939 0.680346 0.680541 0.661836 0.931762 0.915859 0.802649 0.955268 0.747794 0.910587 0.952483 0.775776 0.985508 0.950286 0.941052 0.806360 0.830473 0.790684 0.599256 0.600688 0.845692 0.892558 0.920662 0.841402 0.922722 0.914434 0.752021 0.648156 0.912149 0.947515 0.879734 0.917046 0.900000 0.968137 0.960991 0.974648 0.748158 0.732357 0.878626 0.981008 0.813418 0.778768 0.828899 0.731584 0.929388 0.949814 0.984504 0.993478 0.879883 0.882470 0.732923 0.950949 0.987849 0.867079
0.931052 0.986528 0.545437 0.567571 0.927855 0.943426 0.570442 0.818644 0.748213 0.894701 0.894647 0.824943 0.966568 0.980411 0.753807 0.958285 0.900361 0.993006 0.724006 0.970632 0.969724 0.904312 0.535802 0.674603 0.605396 0.699757 0.891812 0.814106 0.949389 0.990525 0.000000 0.670377 0.686250 0.643957 0.701720 0.966949 0.817366 0.948958 0.688370 0.900016 0.885960 0.962508 0.727829 0.826213 0.865207 0.966942 0.719348 0.911169 0.910702 0.944774 0.903063 0.876112 0.860710 0.872303 0.744753 0.964909 0.996320 0.952218 0.767256 0.963938 0.838126 0.886126 0.894522 0.918063 0.639952 0.794120 0.680767 0.805125 0.964469 0.926343 0.770481 0.827674 0.910205 0.966423 0.842295 0.825999 0.771463 0.789307 0.861841 0.896163 0.972439 0.936127 0.923277 0.892519 0.666812 0.660585 0.984612 0.936023 0.905249 0.955092 0.915558 0.908830 0.879967 0.785828 0.871575 0.927878 0.956620 0.870434 0.966993 0.954462 0.957480 0.811821 0.998013 0.881505 0.961428 0.766663 0.903864 0.865328 0.949089 0.912067 0.948595 0.953438 0.958814 0.925143 0.899535 0.874474
0.904705 0.909016 0.734743 0.694394 0.863220 0.905227 0.713707 0.898266 0.937701 0.950993 0.918608 0.879456 0.875697 0.856360 0.832114 0.853882 0.738368 0.816075 0.622544 0.724391 0.894746 0.947424 0.604075 0.597569 0.743252 0.832735 0.981240 0.956806 0.879591 0.869224 0.670377 0.000000 0.719699 0.719428 0.976288 0.873864 0.849986 0.992038 0.879018 0.953700 0.889919 0.950810 0.696172 0.849126 0.998775 0.960209 0.797413 0.890741 0.863784 0.922379 0.956198 0.924175 0.969624 0.890517 0.904227 0.942951 0.785995 0.875494 0.996622 0.774047 0.857507 0.721150 0.805747 0.966446 0.855214 0.978738 0.824971 0.988180 0.982041 0.992862 0.753433 0.765706 0.803692 0.779348 0.934043 0.849204 0.825828 0.718619 0.731532 0.817392 0.830193 0.802174 0.813031 0.926991 0.704561 0.722767 0.935007 0.948682 0.788388 0.982799 0.953923 0.903114 0.945930 0.862736 0.955960 0.857357 0.972728 0.936117 0.936366 0.810707 0.901386 0.924394 0.927181 0.890094 0.999523 0.974669 0.998214 0.915405 0.867514 0.942022 0.877198 0.934782 0.969010 0.960042 0.940659 0.968192
0.557815 0.634412 0.692367 0.730176 0.833144 0.968690 0.634830 0.788081 0.938389 0.874485 0.688426 0.841498 0.910121 0.905871 0.832925 0.930840 0.631031 0.688692 0.559866 0.712924 0.899705 0.993269 0.733470 0.846409 0.805715 0.912414 0.953331 0.994946 0.803377 0.830248 0.686250 0.719699 0.000000 0.457774 0.764208 0.816823 0.858164 0.819612 0.868583 0.955304 0.744129 0.957852 0.718845 0.690812 0.696361 0.818471 0.772670 0.774908 0.992374 0.882943 0.967217 0.945895 0.989834 0.920061 0.826381 0.906978 0.639446 0.705148 0.657611 0.879370 0.716139 0.942949 0.599696 0.754806 0.846420 0.880358 0.523158 0.574668 0.762426 0.784224 0.730464 0.792873 0.843107 0.903362 0.921685 0.873161 0.695220 0.654682 0.736869 0.803298 0.686605 0.656216 0.961581 0.990038 0.713588 0.678863 0.986830 0.814718 0.902093 0.937477 0.848203 0.762408 0.791842 0.794967 0.993421 0.825467 0.923615 0.928969 0.750076 0.800162 0.971409 0.867283 0.803766 0.902869 0.792753 0.829734 0.997123 0.953178 0.960712 0.894908 0.784600 0.923567 0.925275 0.982691 0.948028 0.988085
0.622236 0.657890 0.735386 0.792880 0.816220 0.940472 0.608753 0.740369 0.968369 0.735728 0.622200 0.879075 0.904599 0.912957 0.894921 0.932604 0.667842 0.683013 0.544534 0.732992 0.927878 0.940957 0.766839 0.916113 0.864596 0.935756 0.896747 0.927476 0.768852 0.761675 0.643957 0.719428 0.457774 0.000000 0.767796 0.826117 0.872445 0.996072 0.900050 0.991181 0.859902 0.975574 0.707686 0.638424 0.605806 0.737735 0.770614 0.740586 0.902753 0.855586 0.926457 0.942475 0.902588 0.940081 0.891297 0.932565 0.656471 0.745619 0.702819 0.949302 0.770050 0.911236 0.625693 0.813783 0.896795 0.927384 0.538874 0.572764 0.747619 0.783342 0.684264 0.831844 0.786889 0.863569 0.885175 0.774089 0.680990 0.658954 0.706027 0.823713 0.686763 0.698278 0.925557 0.985476 0.756204 0.768079 0.970066 0.847251 0.868660 0.896478 0.735525 0.710576 0.752768 0.731004 0.975516 0.888989 0.839764 0.952051 0.650588 0.754115 0.998211 0.758234 0.802411 0.903631 0.857827 0.844718 0.992171 0.895597 0.891383 0.935701 0.776166 0.783820 0.740303 0.975805 0.922970 0.868815
0.961454 0.964432 0.644946 0.731556 0.883451 0.841470 0.762113 0.907668 0.747562 0.984180 0.932203 0.817617 0.969819 0.699550 0.961486 0.846597 0.925589 0.849672 0.948339 0.868427 0.863162 0.966215 0.831469 0.973034 0.714058 0.711103 0.928409 0.756808 0.894054 0.717293 0.701720 0.976288 0.764208 0.767796 0.000000 0.966661 0.811260 0.970270 0.815263 0.943045 0.841690 0.988988 0.967065 0.982181 0.811200 0.922015 0.845887 0.928248 0.946611 0.797256 0.823619 0.776048 0.802650 0.893797 0.635863 0.990535 0.928622 0.963704 0.610928 0.776336 0.625823 0.880598 0.996067 0.978680 0.655562 0.633973 0.576481 0.585210 0.920138 0.862824 0.988918 0.921933 0.944211 0.885981 0.959964 0.978854 0.877694 0.949337 0.966458 0.918809 0.937619 0.928046 0.915955 0.941694 0.784496 0.691691 0.930781 0.863206 0.902309 0.706479 0.880114 0.829796 0.756912 0.788214 0.875914 0.915278 0.834088 0.903684 0.988982 0.995306 0.938517 0.864345 0.947279 0.771795 0.847395 0.709015 0.985840 0.915138 0.972096 0.961718 0.977588 0.980111 0.867562 0.849151 0.914587 0.976703
0.964446 0.884295 0.934268 0.982345 0.908735 0.850252 0.962354 0.985332 0.959109 0.921261 0.971345 0.994175 0.912348 0.983248 0.936026 0.866567 0.938877 0.951661 0.937085 0.883880 0.937819 0.996480 0.903398 0.999205 0.890449 0.875469 0.797463 0.969069 0.979576 0.993968 0.966949 0.873864 0.816823 0.826117 0.966661 0.000000 0.855210 0.862503 0.988767 0.919704 0.886680 0.961197 0.980477 0.929434 0.925209 0.980333 0.890713 0.993349 0.921407 0.988310 0.978429 0.985090 0.960154 0.942918 0.943889 0.976348 0.879710 0.920070 0.985825 0.915996 0.958781 0.921533 0.963514 0.999956 0.904427 0.864144 0.850024 0.825762 0.996963 0.854493 0.856194 0.950323 0.980909 0.929264 0.894441 0.956961 0.912837 0.925629 0.886234 0.901269 0.958644 0.930875 0.762891 0.986403 0.991973 0.898291 0.942484 0.963954 0.998656 0.906822 0.904067 0.908238 0.940994 0.951459 0.934636 0.797391 0.998738 0.968593 0.967390 0.954520 0.901198 0.944914 0.908917 0.998960 0.854888 0.996919 0.990062 0.947800 0.926343 0.903453 0.876491 0.964001 0.934416 0.956182 0.971742 0.969183
0.848927 0.868683 0.856052 0.625467 0.939231 0.994765 0.932009 0.905719 0.812033 0.996545 0.865540 0.993139 0.883158 0.879943 0.967524 0.859799 0.982141 0.955413 0.942119 0.868742 0.948762 0.973274 0.838987 0.825004 0.708414 0.698186 0.821421 0.937447 0.899688 0.844089 0.817366 0.849986 0.858164 0.872445 0.811260 0.855210 0.000000 0.664718 0.903735 0.897158 0.747986 0.950777 0.927783 0.982848 0.897302 0.865160 0.947776 0.983206 0.971817 0.915734 0.721805 0.854788 0.869976 0.859030 0.826844 0.966872 0.867688 0.863651 0.777651 0.834214 0.864737 0.818227 0.999954 0.882935 0.823160 0.746732 0.925008 0.957670 0.796473 0.861654 0.770800 0.752438 0.762103 0.879663 0.830766 0.959344 0.872065 0.850365 0.827858 0.901203 0.885014 0.962777 0.912121 0.861171 0.940734 0.741177 0.938184 0.941129 0.982991 0.832535 0.949662 0.928244 0.827195 0.915349 0.960754 0.983321 0.923663 0.919656 0.924703 0.997605 0.968967 0.983048 0.946888 0.973804 0.755868 0.806515 0.974464 0.849744 0.853113 0.887402 0.973133 0.956556 0.934031 0.936395 0.956140 0.921292
0.797071 0.753764 0.982159 0.783544 0.884915 0.804415 0.958846 0.973915 0.999463 0.977738 0.822696 0.929578 0.817378 0.947033 0.907047 0.985426 0.948626 0.967278 0.984381 0.928714 0.966760 0.908194 0.920931 0.893536 0.840501 0.916470 0.929122 0.971290 0.885499 0.993842 0.948958 0.992038 0.819612 0.996072 0.970270 0.862503 0.664718 0.000000 0.922402 0.872759 0.802399 0.925295 0.950117 0.971144 0.983983 0.973814 0.989922 0.950613 0.883873 0.830205 0.759513 0.796841 0.890184 0.881194 0.826276 0.930946 0.834759 0.805961 0.878596 0.852979 0.908454 0.782211 0.941654 0.783233 0.924232 0.840057 0.995384 0.989301 0.864614 0.923962 0.820683 0.742115 0.944223 0.896765 0.820370 0.993020 0.849882 0.869691 0.975423 0.919280 0.964913 0.994280 0.960601 0.834292 0.983381 0.784023 0.957039 0.978021 0.989527 0.773994 0.867770 0.866629 0.902646 0.906307 0.990886 0.972025 0.964950 0.954247 0.996262 0.941671 0.998967 0.801808 0.972902 0.915881 0.801334 0.829263 0.881663 0.929453 0.846313 0.929658 0.973097 0.940860 0.943462 0.961070 0.936543 0.829926
