0.000000 0.324474 0.677798 0.654598 0.794288 0.600994 0.381274 0.348534 0.547576 0.565544 0.368889 0.275459 0.319998 0.455033 0.598816 0.627496 0.405194 0.402265 0.409446 0.400480 0.983529 0.856022 0.786997 0.967385 0.838326 0.984531 0.838404 0.886683 0.429901 0.492469 0.861042 0.927183 0.370326 0.322556 0.648345 0.960163 0.817983 0.949342 0.824920 0.975325 0.822994 0.782953 0.618568 0.599535 0.581868 0.577595 0.542117 0.569927 0.883038 0.818486 0.660429 0.601671 0.815111 0.913057 0.757526 0.710067 0.399872 0.371869 0.242056 0.293274 0.255516 0.294553 0.393054 0.362005 0.729772 0.586526 0.473747 0.495238 0.551427 0.634425 0.614089 0.707242 0.834498 0.807224 0.897849 0.846126 0.592908 0.797335 0.605832 0.801974 0.360853 0.580062 0.845130 0.707607 0.608634 0.754621 0.964421 0.829656 0.563897 0.638022 0.665270 0.734372 0.703496 0.742570 0.781077 0.797309 0.540937 0.682425 0.430402 0.418073 0.623938 0.683821 0.508213 0.584972 0.466877 0.515028 0.799096 0.586528 0.642183 0.689183 0.677944 0.643505 0.637062 0.857597 0.633565 0.952507
0.324474 0.000000 0.693415 0.605386 0.903314 0.685841 0.480157 0.370286 0.717929 0.703391 0.605046 0.420459 0.547359 0.575965 0.778834 0.714618 0.467736 0.485931 0.398697 0.324244 0.946290 0.878500 0.795761 0.834762 0.995104 0.855024 0.939744 0.865552 0.550006 0.654116 0.800666 0.859479 0.420337 0.371587 0.746204 0.875515 0.841050 0.994149 0.964152 0.915118 0.764410 0.890557 0.480379 0.486943 0.520968 0.494058 0.466150 0.494470 0.754178 0.700784 0.560555 0.545756 0.826626 0.918776 0.681190 0.749670 0.303753 0.249583 0.388020 0.359358 0.449006 0.326249 0.615661 0.566497 0.706183 0.514881 0.499177 0.466042 0.483178 0.528129 0.657222 0.757306 0.692452 0.689023 0.755657 0.764676 0.653729 0.737446 0.650566 0.721341 0.450916 0.503821 0.765756 0.699348 0.604499 0.631643 0.945421 0.953887 0.640131 0.649752 0.735387 0.839409 0.773328 0.893823 0.678356 0.884904 0.519449 0.715684 0.486460 0.430597 0.725087 0.746440 0.580598 0.693793 0.486689 0.524614 0.943588 0.639397 0.654573 0.693145 0.619725 0.547366 0.651013 0.765704 0.563770 0.986746
0.677798 0.693415 0.000000 0.197234 0.824618 0.832868 0.361802 0.503143 0.592318 0.985838 0.953013 0.826745 0.606415 0.668193 0.570865 0.463554 0.983278 0.968972 0.536439 0.616231 0.536818 0.867045 0.295550 0.407237 0.385704 0.301813 0.813675 0.837941 0.969263 0.950427 0.368395 0.555301 0.479626 0.453401 0.480530 0.737034 0.439146 0.620009 0.832855 0.739356 0.858031 0.998971 0.431852 0.569167 0.782201 0.858186 0.447691 0.443246 0.773967 0.954923 0.725249 0.685340 0.806539 0.710018 0.672726 0.798867 0.993091 0.915656 0.678800 0.772493 0.570873 0.624790 0.996419 0.965186 0.201542 0.336316 0.348372 0.391437 0.700196 0.895741 0.440096 0.424510 0.618921 0.650111 0.852653 0.990610 0.571042 0.486148 0.900914 0.715534 0.837774 0.737763 0.761928 0.921447 0.354288 0.360578 0.865555 0.899592 0.584647 0.610738 0.575183 0.641363 0.588004 0.592596 0.611366 0.815415 0.646236 0.925514 0.715300 0.636430 0.809394 0.853586 0.867564 0.959151 0.578791 0.452357 0.736276 0.803370 0.780890 0.894971 0.728971 0.854462 0.844633 0.887465 0.784537 0.892894
0.654598 0.605386 0.197234 0.000000 0.909571 0.751157 0.346156 0.445736 0.630198 0.972026 0.945641 0.737736 0.640332 0.623108 0.610359 0.486366 0.973747 0.939602 0.503427 0.532674 0.523685 0.905674 0.326236 0.374030 0.421553 0.307893 0.829091 0.825911 0.956605 0.963385 0.415030 0.561706 0.471727 0.435433 0.489557 0.706370 0.512892 0.644797 0.806849 0.722621 0.806571 0.948883 0.391332 0.501767 0.770861 0.837939 0.394216 0.398091 0.787326 0.944407 0.690776 0.668176 0.805523 0.720258 0.720477 0.804666 0.908028 0.862175 0.633165 0.682321 0.569457 0.547664 0.974827 0.949878 0.206079 0.246675 0.302189 0.306346 0.723226 0.841529 0.397240 0.389292 0.563900 0.631744 0.763517 0.886291 0.564568 0.482319 0.919901 0.652082 0.845172 0.754017 0.754095 0.924888 0.357637 0.345406 0.781008 0.946597 0.585561 0.621082 0.524450 0.641400 0.557605 0.581875 0.620980 0.759374 0.588937 0.848559 0.667590 0.585605 0.734801 0.797073 0.866145 0.958344 0.534670 0.432693 0.762561 0.775564 0.740697 0.869160 0.676143 0.789247 0.828474 0.872683 0.696552 0.860453
0.794288 0.903314 0.824618 0.909571 0.000000 0.971268 0.818537 0.871521 0.728322 0.796639 0.858159 0.844916 0.687723 0.789178 0.690640 0.844406 0.751318 0.799035 0.757456 0.934773 0.947460 0.916344 0.792881 0.983212 0.935032 0.952239 0.746303 0.993511 0.815136 0.777397 0.868703 0.959142 0.723209 0.782294 0.670077 0.845416 0.823361 0.860666 0.927644 0.791457 0.979804 0.999430 0.944945 0.930565 0.918349 0.973268 0.983156 0.990640 0.936848 0.844767 0.978109 0.995277 0.966227 0.972008 0.898233 0.936888 0.810390 0.737245 0.746649 0.901953 0.740627 0.897957 0.623484 0.712477 0.819617 0.935604 0.768239 0.857264 0.987047 0.977786 0.844113 0.863276 0.989984 0.906569 0.865386 0.954283 0.936738 0.902224 0.945773 0.995131 0.706447 0.941245 0.841394 0.755069 0.748057 0.898823 0.986442 0.711317 0.686054 0.915604 0.911533 0.913583 0.925507 0.865301 0.928803 0.972761 0.859479 0.908998 0.845388 0.937038 0.960466 0.955866 0.769230 0.951386 0.911124 0.783921 0.976100 0.880999 0.895486 0.895776 0.881000 0.969362 0.969259 0.982312 0.973436 0.886334
0.600994 0.685841 0.832868 0.751157 0.971268 0.000000 0.542705 0.492295 0.625375 0.625919 0.672974 0.638040 0.782900 0.860479 0.939944 0.903467 0.809964 0.776396 0.739248 0.690214 0.978269 0.864904 0.992081 0.913154 0.795174 0.971306 0.739145 0.822890 0.816747 0.942426 0.964717 0.956941 0.724112 0.656112 0.821067 0.921582 0.989212 0.943761 0.848014 0.958323 0.818020 0.874049 0.648044 0.586995 0.722980 0.700435 0.671631 0.719580 0.962885 0.809079 0.716613 0.643797 0.761016 0.753147 0.867340 0.758584 0.812451 0.802075 0.620159 0.549138 0.628243 0.531487 0.875641 0.849417 0.905827 0.664448 0.607768 0.574043 0.781110 0.709869 0.732450 0.719443 0.820102 0.844733 0.915561 0.909312 0.753992 0.824872 0.872124 0.844364 0.801105 0.914179 0.835066 0.978749 0.980194 0.963289 0.976495 0.918433 0.801559 0.916404 0.546588 0.597489 0.567459 0.619000 0.961869 0.882907 0.703475 0.780832 0.522687 0.576215 0.629425 0.609004 0.672681 0.669910 0.710971 0.704286 0.811631 0.706191 0.926917 0.840711 0.663184 0.644408 0.718932 0.821358 0.585102 0.856454
0.381274 0.480157 0.361802 0.346156 0.818537 0.542705 0.000000 0.208819 0.327313 0.517318 0.550951 0.462280 0.424416 0.589179 0.527588 0.511064 0.655927 0.605324 0.410381 0.474989 0.785385 0.849764 0.549695 0.764511 0.854580 0.645560 0.901990 0.952596 0.660742 0.664050 0.628756 0.785628 0.394156 0.289753 0.462483 0.794305 0.705339 0.808297 0.957860 0.870596 0.737335 0.805511 0.359195 0.374137 0.483778 0.523400 0.451346 0.418953 0.968075 0.764977 0.486073 0.419361 0.554121 0.533883 0.637089 0.698048 0.760608 0.656938 0.357438 0.501669 0.342008 0.380568 0.663831 0.642369 0.460920 0.417468 0.238685 0.314698 0.649932 0.745289 0.343925 0.437291 0.660669 0.691061 0.842579 0.963733 0.410260 0.544705 0.672191 0.811202 0.548880 0.703541 0.859585 0.850659 0.545599 0.629512 0.989872 0.834969 0.543951 0.637648 0.328004 0.393338 0.361600 0.395446 0.628461 0.734424 0.394665 0.647956 0.320268 0.314884 0.555644 0.528304 0.531135 0.598919 0.404270 0.304227 0.670745 0.540473 0.656373 0.762480 0.543229 0.611460 0.626209 0.733980 0.553841 0.840054
0.348534 0.370286 0.503143 0.445736 0.871521 0.492295 0.208819 0.000000 0.425883 0.468191 0.505224 0.365141 0.460292 0.571358 0.670212 0.661216 0.622600 0.594695 0.452190 0.437457 0.891440 0.868083 0.715114 0.874091 0.990677 0.767704 0.775440 0.867115 0.599154 0.691338 0.741531 0.857827 0.437790 0.324883 0.567614 0.870638 0.874357 0.938216 0.912628 0.866525 0.722063 0.798723 0.374375 0.385622 0.557024 0.550575 0.465444 0.478332 0.935645 0.790603 0.544663 0.469689 0.669036 0.673185 0.744392 0.723596 0.614237 0.543194 0.325995 0.386107 0.325134 0.255417 0.655960 0.601398 0.594330 0.405409 0.302451 0.317277 0.656477 0.660331 0.431284 0.476340 0.728247 0.690965 0.836420 0.857761 0.509817 0.660877 0.728514 0.813276 0.578517 0.740552 0.916143 0.924507 0.658584 0.735114 0.931269 0.781328 0.570637 0.712784 0.374146 0.472132 0.403984 0.502883 0.667092 0.735243 0.372481 0.578094 0.315152 0.287368 0.497793 0.523361 0.526263 0.609815 0.375244 0.312549 0.658814 0.528178 0.631187 0.668697 0.452610 0.509500 0.531580 0.756254 0.474358 0.810855
0.547576 0.717929 0.592318 0.630198 0.728322 0.625375 0.327313 0.425883 0.000000 0.447226 0.508692 0.580457 0.535578 0.786670 0.640413 0.638082 0.678516 0.698786 0.692796 0.668411 0.915624 0.977932 0.772626 0.968513 0.929254 0.887954 0.808461 0.877453 0.617946 0.668237 0.848180 0.999819 0.602941 0.494377 0.655153 0.917054 0.852791 0.889549 0.840110 0.954624 0.772241 0.729823 0.630220 0.566287 0.604166 0.642161 0.762509 0.730089 0.903432 0.860002 0.640741 0.585316 0.574938 0.629825 0.640115 0.736897 0.957173 0.780947 0.426514 0.608155 0.462771 0.553694 0.650770 0.630446 0.724300 0.765405 0.509610 0.597346 0.791111 0.798457 0.479472 0.616366 0.768853 0.853642 0.931769 0.906434 0.536396 0.752052 0.698028 0.969451 0.649044 0.857938 0.963237 0.827590 0.819937 0.968102 0.930107 0.832816 0.601169 0.841539 0.497764 0.441548 0.497693 0.442046 0.784423 0.969650 0.518597 0.714535 0.455712 0.466497 0.623924 0.606928 0.637790 0.668235 0.563022 0.465692 0.692283 0.595722 0.734832 0.820415 0.648408 0.698456 0.634477 0.794947 0.680533 0.874503
0.565544 0.703391 0.985838 0.972026 0.796639 0.625919 0.517318 0.468191 0.447226 0.000000 0.451001 0.529043 0.699018 0.887913 0.769472 0.918859 0.511293 0.503838 0.719407 0.738990 0.804989 0.967576 0.850795 0.565180 0.586540 0.741601 0.696529 0.812101 0.474594 0.566516 0.842904 0.728646 0.801195 0.633153 0.777184 0.964675 0.855823 0.906448 0.782695 0.999797 0.770835 0.675409 0.774749 0.670542 0.588430 0.575713 0.902030 0.914987 0.743936 0.793203 0.597914 0.589606 0.652095 0.705142 0.923117 0.799157 0.759074 0.659020 0.462919 0.670155 0.632947 0.633062 0.544877 0.466119 0.859119 0.977130 0.674425 0.785072 0.806886 0.826845 0.557359 0.741352 0.924508 0.881478 0.961927 0.961034 0.605132 0.857728 0.768293 0.854752 0.564596 0.901031 0.943466 0.846735 0.873661 0.698568 0.823339 0.693599 0.809395 0.943416 0.495325 0.469233 0.499678 0.515065 0.880931 0.829042 0.518720 0.603662 0.355578 0.465405 0.579760 0.553999 0.420065 0.485035 0.625799 0.629623 0.779843 0.556807 0.790507 0.706672 0.620981 0.648355 0.491101 0.741117 0.674139 0.821107
0.368889 0.605046 0.953013 0.945641 0.858159 0.672974 0.550951 0.505224 0.508692 0.451001 0.000000 0.295617 0.398110 0.529824 0.738290 0.776227 0.424533 0.407521 0.614573 0.603586 0.762967 0.979823 0.942093 0.781494 0.563159 0.730166 0.683983 0.745934 0.353105 0.382705 0.940122 0.936963 0.574524 0.504720 0.849509 0.874218 0.887688 0.872655 0.881567 0.993251 0.969082 0.727701 0.967246 0.805254 0.687017 0.659198 0.889881 0.881055 0.848268 0.901382 0.841563 0.830113 0.866476 0.988733 0.826074 0.841195 0.642932 0.551902 0.423079 0.484015 0.355436 0.409423 0.317312 0.265810 0.968571 0.876431 0.735341 0.745828 0.809781 0.795262 0.852827 0.961128 0.873294 0.948997 0.909579 0.966399 0.828931 0.940060 0.569659 0.929282 0.394812 0.653537 0.998504 0.694644 0.909610 0.943365 0.832630 0.849740 0.720325 0.820226 0.822821 0.838586 0.843490 0.851442 0.909106 0.897784 0.712721 0.741303 0.577936 0.604049 0.648350 0.742629 0.644698 0.692871 0.640584 0.716302 0.838182 0.748314 0.768707 0.766644 0.725922 0.802326 0.749001 0.989611 0.730295 0.892405
0.275459 0.420459 0.826745 0.737736 0.844916 0.638040 0.462280 0.365141 0.580457 0.529043 0.295617 0.000000 0.327349 0.420334 0.667620 0.698486 0.409671 0.401230 0.515193 0.436188 0.970985 0.921992 0.899396 0.972867 0.714054 0.899135 0.823467 0.798415 0.381625 0.400099 0.980740 0.984583 0.452782 0.383730 0.777220 0.979853 0.955983 0.962241 0.861269 0.893270 0.856476 0.853139 0.779654 0.701953 0.675061 0.681354 0.686185 0.674018 0.907686 0.940018 0.814283 0.761221 0.912968 0.978695 0.859169 0.830761 0.467551 0.448433 0.307793 0.361930 0.286482 0.252437 0.376849 0.298628 0.838545 0.606983 0.560613 0.544415 0.748924 0.687554 0.705074 0.806171 0.970735 0.886422 0.824152 0.859359 0.671542 0.876892 0.626960 0.814309 0.399597 0.631261 0.860442 0.710198 0.739349 0.851267 0.925112 0.856551 0.629779 0.734746 0.723842 0.821396 0.780172 0.803530 0.797429 0.836916 0.605087 0.727112 0.476002 0.504544 0.616736 0.750620 0.588303 0.640730 0.518927 0.561161 0.810779 0.724273 0.706969 0.748390 0.673638 0.622833 0.717735 0.963315 0.661902 0.955154
0.319998 0.547359 0.606415 0.640332 0.687723 0.782900 0.424416 0.460292 0.535578 0.699018 0.398110 0.327349 0.000000 0.303804 0.455609 0.463275 0.570406 0.520157 0.476351 0.517676 0.881078 0.948848 0.576207 0.805369 0.960267 0.909728 0.954508 0.889170 0.496736 0.396905 0.701050 0.814701 0.319275 0.358407 0.657694 0.950124 0.795522 0.829444 0.946690 0.887425 0.918638 0.870642 0.777918 0.774763 0.819122 0.833074 0.749821 0.693088 0.803169 0.880781 0.957778 0.851689 0.958437 0.995453 0.856123 0.917507 0.616994 0.565045 0.381455 0.469878 0.216819 0.367296 0.337636 0.375056 0.617440 0.562823 0.520167 0.562790 0.813992 0.757686 0.683338 0.751765 0.932990 0.977486 0.861373 0.959840 0.721113 0.804008 0.678393 0.730602 0.436240 0.676350 0.813310 0.781833 0.500987 0.658556 0.925596 0.817487 0.653812 0.684474 0.756148 0.846246 0.808622 0.772993 0.861280 0.859303 0.725988 0.878247 0.623870 0.642511 0.699166 0.755888 0.695364 0.789040 0.570704 0.495165 0.784675 0.748227 0.773087 0.830637 0.820005 0.825207 0.864210 0.962301 0.708025 0.986811
0.455033 0.575965 0.668193 0.623108 0.789178 0.860479 0.589179 0.571358 0.786670 0.887913 0.529824 0.420334 0.303804 0.000000 0.524159 0.481465 0.708365 0.604639 0.461855 0.591803 0.871791 0.949062 0.506125 0.651800 0.946191 0.863585 0.936991 0.990056 0.658800 0.482870 0.631872 0.687318 0.306795 0.411536 0.682238 0.841205 0.722551 0.860142 0.931471 0.789722 0.894983 0.924911 0.841820 0.877280 0.968954 0.979947 0.785133 0.777024 0.665211 0.734786 0.951256 0.986797 0.873208 0.830086 0.967738 0.943696 0.566342 0.596929 0.501369 0.499528 0.334230 0.437051 0.463845 0.507462 0.606574 0.476215 0.559058 0.478811 0.960227 0.828068 0.774432 0.684836 0.968706 0.909027 0.832704 0.844091 0.890065 0.748247 0.703831 0.675740 0.573515 0.779452 0.677668 0.809838 0.440969 0.528114 0.782286 0.974811 0.598400 0.603128 0.900386 0.938014 0.921960 0.960622 0.913611 0.779985 0.846887 0.915314 0.792882 0.768429 0.682583 0.952033 0.878349 0.990897 0.641149 0.632794 0.944525 0.884374 0.810434 0.844967 0.826380 0.895677 0.961087 0.893538 0.775135 0.986609
0.598816 0.778834 0.570865 0.610359 0.690640 0.939944 0.527588 0.670212 0.640413 0.769472 0.738290 0.667620 0.455609 0.524159 0.000000 0.448454 0.766473 0.705983 0.593958 0.725805 0.631030 0.872335 0.431890 0.723500 0.799617 0.777173 0.846792 0.881390 0.737784 0.611701 0.537220 0.775090 0.438365 0.483659 0.569901 0.805019 0.619759 0.716360 0.995956 0.983016 0.771777 0.937489 0.788022 0.889914 0.771718 0.864077 0.781180 0.673258 0.774349 0.921692 0.818323 0.735677 0.769701 0.757048 0.796236 0.798438 0.840199 0.789632 0.519452 0.704282 0.457463 0.689892 0.577779 0.614957 0.590201 0.690835 0.511089 0.617858 0.810553 0.776747 0.564252 0.575583 0.809774 0.907628 0.880293 0.969975 0.772153 0.755893 0.755005 0.891337 0.690740 0.894966 0.605373 0.806818 0.493797 0.644003 0.788565 0.968550 0.662125 0.625744 0.710040 0.749867 0.780059 0.673923 0.822623 0.805004 0.718300 0.875229 0.676046 0.714745 0.858764 0.845874 0.793116 0.829154 0.646843 0.527987 0.750048 0.662323 0.843290 0.940338 0.830721 0.881669 0.947836 0.772135 0.758753 0.949818
0.627496 0.714618 0.463554 0.486366 0.844406 0.903467 0.511064 0.661216 0.638082 0.918859 0.776227 0.698486 0.463275 0.481465 0.448454 0.000000 0.817532 0.685435 0.521740 0.588442 0.613590 0.959466 0.355941 0.526688 0.665727 0.571533 0.780398 0.898045 0.713327 0.606766 0.444530 0.562268 0.417985 0.454454 0.567198 0.700560 0.474232 0.653942 0.966376 0.837446 0.794685 0.976009 0.676290 0.690691 0.790251 0.805555 0.605846 0.643733 0.783384 0.996700 0.813941 0.730067 0.839346 0.784424 0.717634 0.897576 0.824030 0.812789 0.648334 0.785318 0.531056 0.658340 0.727722 0.770891 0.482554 0.540268 0.517056 0.556729 0.849196 0.861956 0.559832 0.552957 0.714009 0.617913 0.833385 0.902605 0.727688 0.655192 0.660581 0.646970 0.624545 0.720426 0.618694 0.814497 0.384672 0.460952 0.786303 0.974717 0.669052 0.677202 0.684167 0.819896 0.741224 0.669832 0.657669 0.905951 0.754158 0.858516 0.758666 0.753504 0.800494 0.867093 0.848605 0.971185 0.594556 0.635911 0.836042 0.818099 0.855185 0.923266 0.924795 0.868478 0.969960 0.910725 0.814241 0.951684
0.405194 0.467736 0.983278 0.973747 0.751318 0.809964 0.655927 0.622600 0.678516 0.511293 0.424533 0.409671 0.570406 0.708365 0.766473 0.817532 0.000000 0.269324 0.493475 0.472306 0.791738 0.904768 0.941104 0.826756 0.684538 0.742855 0.910187 0.880373 0.307747 0.404926 0.960777 0.857183 0.582102 0.568850 0.817925 0.971615 0.963726 0.970701 0.920591 0.957564 0.798030 0.796079 0.871162 0.745555 0.486476 0.454015 0.773593 0.779813 0.591957 0.681783 0.631879 0.677118 0.761903 0.935749 0.712494 0.700793 0.400606 0.312825 0.452926 0.579733 0.565191 0.576736 0.352165 0.308393 0.942221 0.970200 0.767276 0.790334 0.616525 0.738313 0.802043 0.956340 0.941003 0.861333 0.921130 0.810843 0.782758 0.958758 0.624499 0.926445 0.265701 0.489465 0.752329 0.479545 0.830413 0.988435 0.914698 0.954549 0.729366 0.732167 0.877527 0.903472 0.934535 0.952776 0.790511 0.985885 0.596211 0.707523 0.556373 0.629734 0.814068 0.874922 0.507692 0.524302 0.702900 0.778675 0.960561 0.799343 0.722535 0.768537 0.803679 0.668957 0.737419 0.755436 0.843884 0.997685
0.402265 0.485931 0.968972 0.939602 0.799035 0.776396 0.605324 0.594695 0.698786 0.503838 0.407521 0.401230 0.520157 0.604639 0.705983 0.685435 0.269324 0.000000 0.474902 0.472083 0.881743 0.815714 0.995923 0.855755 0.726525 0.837231 0.969294 0.914016 0.285972 0.304807 0.960084 0.993030 0.544768 0.522740 0.818842 0.974804 0.860663 0.953937 0.854928 0.926879 0.815833 0.723325 0.852608 0.725179 0.488190 0.458994 0.765174 0.787994 0.678332 0.705729 0.606455 0.643511 0.772596 0.869191 0.716879 0.811433 0.392856 0.340129 0.465308 0.638839 0.543316 0.571863 0.351522 0.282863 0.979380 0.902585 0.698964 0.725378 0.615419 0.711231 0.771973 0.950855 0.902010 0.764298 0.981273 0.832324 0.784250 0.870488 0.527158 0.885424 0.209671 0.437702 0.749732 0.556222 0.814905 0.906685 0.858214 0.905092 0.669280 0.765021 0.808554 0.848692 0.841212 0.883794 0.805772 0.907340 0.612034 0.772189 0.528620 0.594298 0.709284 0.830120 0.466159 0.499923 0.600257 0.781988 0.965786 0.781127 0.796692 0.757135 0.777107 0.707525 0.745824 0.790307 0.811662 0.974604
0.409446 0.398697 0.536439 0.503427 0.757456 0.739248 0.410381 0.452190 0.692796 0.719407 0.614573 0.515193 0.476351 0.461855 0.593958 0.521740 0.493475 0.474902 0.000000 0.399915 0.870361 0.866711 0.535334 0.693733 0.875982 0.781971 0.944590 0.957080 0.592993 0.600997 0.625010 0.765254 0.314737 0.333660 0.481354 0.769246 0.651866 0.873190 0.945510 0.880385 0.797206 0.923590 0.525728 0.500069 0.490692 0.489573 0.497435 0.472933 0.880929 0.749151 0.570784 0.545844 0.700837 0.739264 0.662510 0.719819 0.510015 0.436771 0.476132 0.526273 0.438118 0.476752 0.553662 0.584809 0.536775 0.513001 0.436962 0.416291 0.587758 0.689406 0.559510 0.658950 0.796897 0.706350 0.816359 0.756138 0.628681 0.587339 0.660250 0.721067 0.432555 0.570989 0.673108 0.696526 0.445617 0.536569 0.938570 0.945713 0.586989 0.540000 0.637405 0.788294 0.712211 0.758896 0.728493 0.770450 0.541775 0.822082 0.514696 0.519375 0.745047 0.822514 0.610405 0.750299 0.588927 0.534914 0.893319 0.685105 0.680733 0.762723 0.697472 0.681681 0.765464 0.821385 0.818029 0.955803
0.400480 0.324244 0.616231 0.532674 0.934773 0.690214 0.474989 0.437457 0.668411 0.738990 0.603586 0.436188 0.517676 0.591803 0.725805 0.588442 0.472306 0.472083 0.399915 0.000000 0.796086 0.928161 0.695139 0.709326 0.906740 0.792389 0.993475 0.932520 0.543205 0.623202 0.751938 0.716633 0.416997 0.393763 0.710504 0.899167 0.783311 0.942815 0.983106 0.878089 0.780531 0.913552 0.533159 0.504229 0.604977 0.572443 0.498154 0.453762 0.897110 0.734976 0.677980 0.627821 0.864969 0.876018 0.654806 0.719405 0.448183 0.410552 0.479305 0.466370 0.501797 0.398957 0.637420 0.604698 0.622645 0.492859 0.519970 0.467014 0.535244 0.633201 0.637554 0.753021 0.713932 0.631412 0.736879 0.646420 0.705097 0.771522 0.630425 0.706441 0.433637 0.443672 0.723534 0.703740 0.545304 0.599306 0.856881 0.966025 0.718652 0.637882 0.706495 0.815317 0.764170 0.827940 0.628310 0.967083 0.557708 0.783103 0.575748 0.475789 0.757824 0.760889 0.588092 0.749010 0.459007 0.579690 0.830553 0.783077 0.799492 0.816109 0.749571 0.639559 0.666794 0.794985 0.616377 0.924138
0.983529 0.946290 0.536818 0.523685 0.947460 0.978269 0.785385 0.891440 0.915624 0.804989 0.762967 0.970985 0.881078 0.871791 0.631030 0.613590 0.791738 0.881743 0.870361 0.796086 0.000000 0.887955 0.476633 0.510738 0.474830 0.476890 0.648935 0.769179 0.792868 0.928659 0.564462 0.666103 0.730100 0.767932 0.787316 0.819779 0.648685 0.644787 0.906809 0.801208 0.848530 0.764533 0.723059 0.848661 0.942108 0.862339 0.683199 0.762431 0.661728 0.815592 0.984929 0.973344 0.962565 0.861740 0.947409 0.996355 0.948631 0.899965 0.915421 0.973998 0.890525 0.899892 0.808955 0.785203 0.472613 0.555251 0.641836 0.659394 0.894616 0.970774 0.665658 0.609866 0.717605 0.770624 0.804342 0.922508 0.891711 0.715451 0.914304 0.745150 0.891409 0.992455 0.695990 0.943051 0.586735 0.551205 0.616221 0.939139 0.868118 0.836308 0.781865 0.852264 0.869570 0.759322 0.775404 0.962259 0.917121 0.940029 0.980906 0.903319 0.992620 0.971940 0.880653 0.846293 0.750629 0.691975 0.810307 0.993779 0.824922 0.891369 0.907441 0.952123 0.989289 0.887107 0.828882 0.936678
0.856022 0.878500 0.867045 0.905674 0.916344 0.864904 0.849764 0.868083 0.977932 0.967576 0.979823 0.921992 0.948848 0.949062 0.872335 0.959466 0.904768 0.815714 0.866711 0.928161 0.887955 0.000000 0.934864 0.982031 0.943012 0.988137 0.942264 0.909972 0.880935 0.940499 0.919833 0.896209 0.917131 0.929347 0.892215 0.957572 0.904623 0.977272 0.896479 0.994724 0.816546 0.777365 0.948748 0.969098 0.753272 0.852629 0.912057 0.792742 0.867957 0.849049 0.783559 0.793108 0.885036 0.789788 0.944656 0.791164 0.818457 0.859859 0.881345 0.864823 0.900802 0.952592 0.886144 0.874987 0.953190 0.972367 0.845772 0.875832 0.819554 0.812099 0.897301 0.923299 0.988016 0.814737 0.820205 0.921928 0.758548 0.826673 0.893264 0.972037 0.876507 0.881024 0.861542 0.900789 0.980451 0.881334 0.968396 0.974874 0.896739 0.728426 0.887046 0.879460 0.869518 0.965869 0.765820 0.848042 0.867087 0.976445 0.824990 0.835421 0.925625 0.970002 0.870933 0.827090 0.929780 0.910678 0.972612 0.942147 0.951340 0.908343 0.867166 0.865942 0.936894 0.850750 0.871381 0.870801
0.786997 0.795761 0.295550 0.326236 0.792881 0.992081 0.549695 0.715114 0.772626 0.850795 0.942093 0.899396 0.576207 0.506125 0.431890 0.355941 0.941104 0.995923 0.535334 0.695139 0.476633 0.934864 0.000000 0.273421 0.370433 0.394331 0.674952 0.767101 0.925467 0.888227 0.287378 0.420302 0.406175 0.491742 0.510611 0.709416 0.434409 0.615937 0.823979 0.773211 0.856062 0.883796 0.589498 0.738389 0.957658 0.995706 0.606802 0.565471 0.587890 0.820088 0.932417 0.862738 0.952688 0.852567 0.793744 0.932891 0.950918 0.936194 0.774535 0.849686 0.602594 0.748646 0.923736 0.976006 0.241750 0.395078 0.468404 0.473780 0.889930 0.912393 0.576485 0.485071 0.711277 0.738474 0.779979 0.907716 0.761795 0.500530 0.922079 0.694251 0.885948 0.879891 0.594215 0.939522 0.249664 0.290288 0.727060 0.948382 0.646680 0.551625 0.770138 0.881244 0.803646 0.770078 0.706269 0.794008 0.820605 0.969583 0.891917 0.823461 0.943701 0.990931 0.938687 0.850657 0.670438 0.557521 0.891567 0.882521 0.957909 0.954978 0.921359 0.989512 0.951744 0.924513 0.886278 0.895984
0.967385 0.834762 0.407237 0.374030 0.983212 0.913154 0.764511 0.874091 0.968513 0.565180 0.781494 0.972867 0.805369 0.651800 0.723500 0.526688 0.826756 0.855755 0.693733 0.709326 0.510738 0.982031 0.273421 0.000000 0.314824 0.357587 0.620910 0.748619 0.748810 0.927506 0.371869 0.366556 0.601226 0.703645 0.674186 0.729509 0.538248 0.691044 0.739489 0.836718 0.960779 0.809386 0.656382 0.816392 0.951399 0.930865 0.633651 0.587091 0.641527 0.889967 0.999461 0.986023 0.934747 0.974829 0.791990 0.955526 0.992183 0.978869 0.976357 0.991078 0.813185 0.840584 0.854791 0.766441 0.295112 0.405682 0.652344 0.572999 0.913281 0.988413 0.806136 0.702942 0.773478 0.759317 0.786540 0.854159 0.932783 0.659919 0.971979 0.600611 0.984811 0.810846 0.643673 0.969935 0.317386 0.246657 0.645870 0.775451 0.796315 0.565825 0.973738 0.903774 0.986936 0.989962 0.714399 0.916183 0.946573 0.870762 0.866060 0.984916 0.918985 0.855178 0.759722 0.679918 0.856197 0.734240 0.927109 0.887943 0.990397 0.850388 0.992766 0.881035 0.809383 0.974599 0.934311 0.968293
0.838326 0.995104 0.385704 0.421553 0.935032 0.795174 0.854580 0.990677 0.929254 0.586540 0.563159 0.714054 0.960267 0.946191 0.799617 0.665727 0.684538 0.726525 0.875982 0.906740 0.474830 0.943012 0.370433 0.314824 0.000000 0.255780 0.554329 0.697111 0.633415 0.792985 0.355050 0.483256 0.793136 0.860058 0.724016 0.748452 0.430853 0.534499 0.682912 0.731506 0.980937 0.787013 0.669326 0.858549 0.947386 0.867935 0.632888 0.676711 0.728584 0.925083 0.926308 0.999241 0.936920 0.906181 0.820223 0.963750 0.850598 0.831608 0.843277 0.778002 0.927487 0.907304 0.645633 0.579586 0.336656 0.558908 0.717945 0.722160 0.911515 0.930171 0.753794 0.664514 0.602346 0.699065 0.840663 0.989162 0.860541 0.590057 0.881719 0.747463 0.841999 0.878325 0.656234 0.998411 0.455643 0.358966 0.800542 0.936344 0.861516 0.720588 0.960053 0.992167 0.937428 0.968161 0.731549 0.856477 0.939066 0.852871 0.842333 0.961854 0.831189 0.818306 0.789074 0.717303 0.899268 0.838197 0.939809 0.889810 0.927769 0.944257 0.968550 0.861382 0.822573 0.977207 0.973037 0.982758
0.984531 0.855024 0.301813 0.307893 0.952239 0.971306 0.645560 0.767704 0.887954 0.741601 0.730166 0.899135 0.909728 0.863585 0.777173 0.571533 0.742855 0.837231 0.781971 0.792389 0.476890 0.988137 0.394331 0.357587 0.255780 0.000000 0.744141 0.782802 0.743126 0.843783 0.340317 0.444285 0.701691 0.745723 0.735659 0.666943 0.416184 0.552561 0.771747 0.767131 0.894310 0.847881 0.503390 0.684941 0.929185 0.976303 0.486076 0.559871 0.778386 0.987494 0.760010 0.796207 0.925587 0.771000 0.721365 0.957512 0.880945 0.896398 0.985127 0.960651 0.886898 0.849294 0.655264 0.639402 0.304173 0.410616 0.571078 0.577753 0.844668 0.987280 0.606545 0.523375 0.497287 0.603341 0.910350 0.968711 0.744071 0.557148 0.926260 0.680437 0.906236 0.868505 0.734098 0.950163 0.468646 0.366862 0.773580 0.982834 0.765941 0.771051 0.739225 0.809870 0.741542 0.760801 0.703497 0.837535 0.783820 0.993365 0.955298 0.841712 0.920789 0.988865 0.916059 0.847773 0.747809 0.667703 0.811525 0.954501 0.918704 0.994361 0.897156 0.931093 0.991504 0.920900 0.869819 0.946631
0.838404 0.939744 0.813675 0.829091 0.746303 0.739145 0.901990 0.775440 0.808461 0.696529 0.683983 0.823467 0.954508 0.936991 0.846792 0.780398 0.910187 0.969294 0.944590 0.993475 0.648935 0.942264 0.674952 0.620910 0.554329 0.744141 0.000000 0.775349 0.769292 0.948773 0.715105 0.784137 0.884090 0.989112 0.886333 0.739066 0.638311 0.733164 0.784072 0.828088 0.882075 0.886363 0.983980 0.878310 0.926097 0.828267 0.972844 0.954655 0.807511 0.881515 0.964462 0.859697 0.853678 0.979155 0.993332 0.884906 0.951798 0.999762 0.882995 0.753211 0.863434 0.780486 0.939833 0.871429 0.710458 0.883581 0.919574 0.905283 0.943893 0.887894 0.965731 0.916062 0.995699 0.894919 0.906297 0.868932 0.989467 0.859838 0.971196 0.911504 0.978100 0.923903 0.723533 0.978661 0.702218 0.669555 0.939725 0.969273 0.963516 0.851707 0.878083 0.860384 0.905192 0.926933 0.834430 0.982081 0.945362 0.833145 0.880727 0.839824 0.703102 0.761752 0.892826 0.892782 0.948061 0.978798 0.812303 0.821173 0.874042 0.794629 0.816932 0.803845 0.777055 0.990933 0.898863 0.947737
0.886683 0.865552 0.837941 0.825911 0.993511 0.822890 0.952596 0.867115 0.877453 0.812101 0.745934 0.798415 0.889170 0.990056 0.881390 0.898045 0.880373 0.914016 0.957080 0.932520 0.769179 0.909972 0.767101 0.748619 0.697111 0.782802 0.775349 0.000000 0.794791 0.824573 0.734653 0.905517 0.902533 0.958242 0.823789 0.985517 0.709137 0.804996 0.998802 0.864057 0.850211 0.879366 0.970301 0.956036 0.918880 0.911601 0.897872 0.908309 0.799276 0.943439 0.954014 0.910482 0.878403 0.988248 0.924139 0.748773 0.974303 0.898205 0.911052 0.962682 0.909916 0.867728 0.852059 0.752399 0.794018 0.872508 0.916439 0.859445 0.865421 0.960984 0.979272 0.804135 0.799213 0.909639 0.901700 0.961256 0.907079 0.825112 0.880984 0.762175 0.951522 0.962719 0.879320 0.970378 0.801439 0.750489 0.858907 0.865149 0.992582 0.743721 0.997357 0.928144 0.979049 0.995510 0.982586 0.945068 0.976771 0.906379 0.872297 0.869346 0.855236 0.840872 0.907912 0.880376 0.974376 0.898080 0.995614 0.810023 0.929344 0.950389 0.920656 0.865888 0.834971 0.928748 0.841623 0.990873
0.429901 0.550006 0.969263 0.956605 0.815136 0.816747 0.660742 0.599154 0.617946 0.474594 0.353105 0.381625 0.496736 0.658800 0.737784 0.713327 0.307747 0.285972 0.592993 0.543205 0.792868 0.880935 0.925467 0.748810 0.633415 0.743126 0.769292 0.794791 0.000000 0.291617 0.972049 0.862269 0.584704 0.580327 0.883255 0.849823 0.982114 0.966682 0.722990 0.993884 0.893523 0.762748 0.921162 0.784653 0.539923 0.485264 0.838413 0.810316 0.598569 0.698285 0.699887 0.685229 0.794701 0.927898 0.724303 0.696047 0.519685 0.449732 0.472317 0.597482 0.507519 0.524515 0.336580 0.267992 0.887259 0.995261 0.827345 0.876064 0.727347 0.742033 0.859983 0.998939 0.913322 0.778589 0.937041 0.857683 0.802311 0.989562 0.530891 0.990273 0.325163 0.543978 0.764056 0.537492 0.895365 0.952474 0.927608 0.927727 0.719429 0.807128 0.876247 0.909545 0.928433 0.930936 0.811559 0.965756 0.645044 0.789689 0.582143 0.608971 0.752723 0.862218 0.570349 0.607611 0.661885 0.805972 0.844817 0.818077 0.777145 0.650558 0.763000 0.705371 0.658946 0.779871 0.794980 0.958231
0.492469 0.654116 0.950427 0.963385 0.777397 0.942426 0.664050 0.691338 0.668237 0.566516 0.382705 0.400099 0.396905 0.482870 0.611701 0.606766 0.404926 0.304807 0.600997 0.623202 0.928659 0.940499 0.888227 0.927506 0.792985 0.843783 0.948773 0.824573 0.291617 0.000000 0.918718 0.969846 0.535206 0.532215 0.887262 0.904377 0.906840 0.886161 0.911479 0.886597 0.958086 0.853953 0.984176 0.895161 0.696890 0.694796 0.913612 0.900706 0.837865 0.936832 0.830664 0.866560 0.927865 0.948001 0.853373 0.928663 0.572349 0.540748 0.525972 0.733408 0.508516 0.587005 0.301435 0.261813 0.994021 0.933535 0.802120 0.834697 0.864800 0.906257 0.866498 0.985545 0.995953 0.891281 0.943475 0.977313 0.802299 0.859937 0.574398 0.885894 0.310738 0.550417 0.672812 0.532417 0.749468 0.893609 0.913693 0.940257 0.749215 0.792616 0.943714 0.994603 0.979925 0.967595 0.870780 0.884042 0.795688 0.907227 0.698487 0.756811 0.783027 0.946692 0.679335 0.725362 0.688286 0.845985 0.954301 0.924864 0.946253 0.822104 0.903800 0.842608 0.883522 0.929678 0.869047 0.925024
0.861042 0.800666 0.368395 0.415030 0.868703 0.964717 0.628756 0.741531 0.848180 0.842904 0.940122 0.980740 0.701050 0.631872 0.537220 0.444530 0.960777 0.960084 0.625010 0.751938 0.564462 0.919833 0.287378 0.371869 0.355050 0.340317 0.715105 0.734653 0.972049 0.918718 0.000000 0.381864 0.461010 0.613175 0.597844 0.786037 0.435850 0.596971 0.864532 0.791039 0.797830 0.992209 0.585849 0.731307 0.876095 0.904782 0.594919 0.667072 0.737755 0.931076 0.818261 0.854365 0.978697 0.866419 0.742105 0.916230 0.918119 0.892943 0.846804 0.941594 0.675485 0.770101 0.984968 0.935089 0.351071 0.467517 0.562389 0.577338 0.795565 0.844063 0.676824 0.532734 0.597756 0.654397 0.824693 0.853626 0.868290 0.621053 0.909857 0.622142 0.888277 0.780996 0.550889 0.965161 0.348047 0.357040 0.757968 0.930492 0.672415 0.600141 0.835344 0.949911 0.857806 0.884061 0.671646 0.822213 0.754388 0.899446 0.957715 0.833984 0.954505 0.967693 0.917195 0.874514 0.698481 0.611022 0.808320 0.908532 0.957677 0.950234 0.914655 0.988180 0.946487 0.880220 0.880068 0.978803
0.927183 0.859479 0.555301 0.561706 0.959142 0.956941 0.785628 0.857827 0.999819 0.728646 0.936963 0.984583 0.814701 0.687318 0.775090 0.562268 0.857183 0.993030 0.765254 0.716633 0.666103 0.896209 0.420302 0.366556 0.483256 0.444285 0.784137 0.905517 0.862269 0.969846 0.381864 0.000000 0.620550 0.697003 0.780180 0.810945 0.624326 0.748379 0.776106 0.914233 0.995033 0.866380 0.686109 0.728173 0.967716 0.979476 0.660166 0.726423 0.697011 0.884119 0.942661 0.951641 0.915653 0.995304 0.809853 0.874114 0.959621 0.980859 0.977004 0.962901 0.810486 0.831390 0.898332 0.873374 0.478350 0.512626 0.712272 0.643703 0.945360 0.938749 0.876020 0.746792 0.744022 0.655933 0.889764 0.784895 0.982193 0.717298 0.932108 0.688646 0.946864 0.803680 0.713885 0.945800 0.477649 0.407727 0.832340 0.905698 0.822624 0.788126 0.948450 0.945965 0.932482 0.980534 0.692570 0.887012 0.948226 0.974979 0.948045 0.925560 0.932223 0.974878 0.868469 0.768058 0.711974 0.789964 0.982453 0.962297 0.772807 0.851401 0.955717 0.922926 0.924522 0.979849 0.912327 0.991648
0.370326 0.420337 0.479626 0.471727 0.723209 0.724112 0.394156 0.437790 0.602941 0.801195 0.574524 0.452782 0.319275 0.306795 0.438365 0.417985 0.582102 0.544768 0.314737 0.416997 0.730100 0.917131 0.406175 0.601226 0.793136 0.701691 0.884090 0.902533 0.584704 0.535206 0.461010 0.620550 0.000000 0.272905 0.514610 0.842810 0.589355 0.791048 0.995714 0.852851 0.731915 0.928732 0.561375 0.601397 0.670797 0.679932 0.534574 0.527986 0.876561 0.991489 0.757024 0.715684 0.903878 0.922868 0.715804 0.761699 0.511240 0.476353 0.393606 0.454466 0.284940 0.381360 0.496286 0.539497 0.448789 0.406618 0.389036 0.375249 0.676350 0.668583 0.598595 0.561943 0.736352 0.711104 0.809646 0.780648 0.733173 0.606657 0.631983 0.675447 0.471087 0.602497 0.590029 0.708042 0.336022 0.424408 0.828995 0.982015 0.509154 0.494074 0.730759 0.880195 0.782799 0.805248 0.739824 0.771913 0.622006 0.843068 0.586247 0.537939 0.760317 0.820369 0.736990 0.815086 0.487925 0.462960 0.835874 0.765600 0.794883 0.770642 0.743758 0.757835 0.811947 0.845729 0.674883 0.990669
0.322556 0.371587 0.453401 0.435433 0.782294 0.656112 0.289753 0.324883 0.494377 0.633153 0.504720 0.383730 0.358407 0.411536 0.483659 0.454454 0.568850 0.522740 0.333660 0.393763 0.767932 0.929347 0.491742 0.703645 0.860058 0.745723 0.989112 0.958242 0.580327 0.532215 0.613175 0.697003 0.272905 0.000000 0.525808 0.818619 0.695526 0.813755 0.942493 0.858212 0.790271 0.862557 0.463742 0.435864 0.580402 0.603306 0.489397 0.465394 0.988851 0.872837 0.648555 0.563156 0.747864 0.775157 0.686669 0.808337 0.563408 0.501641 0.377233 0.464698 0.311340 0.352280 0.539129 0.529420 0.497834 0.407442 0.307224 0.324049 0.646358 0.660142 0.484410 0.532707 0.745931 0.717314 0.762797 0.854725 0.568478 0.577056 0.628523 0.755170 0.462933 0.601059 0.671588 0.729708 0.442976 0.519361 0.897037 0.948459 0.478696 0.590727 0.556821 0.679009 0.580979 0.641902 0.678207 0.804804 0.549652 0.803990 0.440666 0.421708 0.651147 0.669204 0.601439 0.669753 0.436532 0.421335 0.741019 0.593533 0.755053 0.783343 0.712305 0.653754 0.680756 0.819452 0.635093 0.993215
0.648345 0.746204 0.480530 0.489557 0.670077 0.821067 0.462483 0.567614 0.655153 0.777184 0.849509 0.777220 0.657694 0.682238 0.569901 0.567198 0.817925 0.818842 0.481354 0.710504 0.787316 0.892215 0.510611 0.674186 0.724016 0.735659 0.886333 0.823789 0.883255 0.887262 0.597844 0.780180 0.514610 0.525808 0.000000 0.764684 0.696019 0.794911 0.925825 0.870321 0.733894 0.750130 0.519375 0.584186 0.628715 0.706684 0.610165 0.568899 0.928474 0.861774 0.663723 0.656116 0.638233 0.678904 0.681367 0.686931 0.856765 0.845290 0.634022 0.759723 0.598487 0.732051 0.822287 0.868424 0.457865 0.570376 0.386248 0.488276 0.794100 0.885421 0.501593 0.528509 0.727672 0.682433 0.984427 0.895701 0.644723 0.621873 0.821208 0.861481 0.753441 0.815182 0.782758 0.849150 0.521612 0.580210 0.793001 0.889340 0.727724 0.657598 0.503512 0.614699 0.573077 0.536282 0.715022 0.750924 0.615517 0.794869 0.634509 0.592748 0.809329 0.768943 0.708900 0.866183 0.691018 0.467892 0.960316 0.697007 0.731987 0.764548 0.730554 0.883645 0.821712 0.864845 0.839935 0.979252
0.960163 0.875515 0.737034 0.706370 0.845416 0.921582 0.794305 0.870638 0.917054 0.964675 0.874218 0.979853 0.950124 0.841205 0.805019 0.700560 0.971615 0.974804 0.769246 0.899167 0.819779 0.957572 0.709416 0.729509 0.748452 0.666943 0.739066 0.985517 0.849823 0.904377 0.786037 0.810945 0.842810 0.818619 0.764684 0.000000 0.638994 0.870415 0.862651 0.895391 0.819088 0.874884 0.698678 0.799468 0.845940 0.938087 0.835139 0.762273 0.881297 0.989726 0.748599 0.747539 0.731570 0.705476 0.809574 0.927104 0.955594 0.951534 0.987954 0.934381 0.966777 0.969461 0.922039 0.893078 0.726058 0.716916 0.658054 0.683153 0.919043 0.825188 0.700849 0.721041 0.794372 0.843913 0.984449 0.979882 0.767395 0.874767 0.944963 0.979487 0.968231 0.967631 0.798906 0.961250 0.728271 0.655021 0.843893 0.984384 0.808038 0.871380 0.724445 0.778667 0.680732 0.716814 0.958617 0.918832 0.871830 0.934606 0.851713 0.913331 0.802253 0.824265 0.871064 0.976552 0.877486 0.789443 0.986724 0.857341 0.876761 0.952115 0.915689 0.845636 0.907599 0.989578 0.973661 0.956008
0.817983 0.841050 0.439146 0.512892 0.823361 0.989212 0.705339 0.874357 0.852791 0.855823 0.887688 0.955983 0.795522 0.722551 0.619759 0.474232 0.963726 0.860663 0.651866 0.783311 0.648685 0.904623 0.434409 0.538248 0.430853 0.416184 0.638311 0.709137 0.982114 0.906840 0.435850 0.624326 0.589355 0.695526 0.696019 0.638994 0.000000 0.471862 0.761386 0.706092 0.789675 0.949436 0.696472 0.860997 0.878292 0.946792 0.571222 0.734260 0.819835 0.977230 0.755386 0.808925 0.938581 0.844536 0.747267 0.900585 0.877704 0.884671 0.823942 0.990427 0.831139 0.935402 0.983598 0.961807 0.467664 0.630174 0.625568 0.597177 0.808788 0.895226 0.640747 0.574494 0.638235 0.647178 0.946734 0.998758 0.786895 0.579260 0.815978 0.853783 0.799396 0.812846 0.637213 0.842595 0.449743 0.448836 0.918327 0.953412 0.655161 0.631533 0.862572 0.857565 0.840493 0.832290 0.789799 0.832312 0.835889 0.930239 0.878442 0.829626 0.978168 0.877052 0.905841 0.965055 0.743378 0.773573 0.905511 0.861514 0.863942 0.936466 0.881320 0.910651 0.951480 0.912074 0.981201 0.984800
0.949342 0.994149 0.620009 0.644797 0.860666 0.943761 0.808297 0.938216 0.889549 0.906448 0.872655 0.962241 0.829444 0.860142 0.716360 0.653942 0.970701 0.953937 0.873190 0.942815 0.644787 0.977272 0.615937 0.691044 0.534499 0.552561 0.733164 0.804996 0.966682 0.886161 0.596971 0.748379 0.791048 0.813755 0.794911 0.870415 0.471862 0.000000 0.731244 0.837268 0.907577 0.957922 0.828950 0.891084 0.953564 0.942883 0.703617 0.818735 0.795084 0.927651 0.862622 0.908834 0.989461 0.883725 0.837272 0.992369 0.947541 0.958944 0.873553 0.925130 0.913825 0.991441 0.965057 0.959329 0.612956 0.749344 0.715028 0.737847 0.968192 0.951940 0.692097 0.715604 0.585625 0.755581 0.992587 0.907887 0.825284 0.730167 0.879379 0.843019 0.946612 0.890705 0.757490 0.917258 0.680517 0.637204 0.905048 0.844228 0.846732 0.921187 0.836344 0.860861 0.843707 0.819727 0.793340 0.832652 0.800468 0.835758 0.971540 0.950333 0.975839 0.951454 0.991060 0.988912 0.909521 0.820237 0.809086 0.848450 0.907334 0.960812 0.938416 0.974530 0.981264 0.710932 0.985555 0.831957
