0.000000 0.438396 0.894120 0.954200 0.977192 0.678661 0.530254 0.510801 0.720120 0.562670 0.609744 0.430493 0.544816 0.550404 0.698624 0.698711 0.433882 0.461941 0.556619 0.695241 0.804833 0.791009 0.718266 0.946464 0.746890 0.760010 0.865491 0.939911 0.568783 0.582003 0.722854 0.896237 0.541222 0.585047 0.972027 0.858114 0.715992 0.989110 0.859462 0.988342 0.971352 0.946157 0.450200 0.452836 0.509784 0.512812 0.512330 0.531252 0.475659 0.514586 0.535261 0.640088 0.678723 0.827541 0.620217 0.635293 0.542930 0.457458 0.497062 0.507159 0.483806 0.531721 0.509845 0.409264 0.898484 0.979374 0.681321 0.736214 0.698664 0.588940 0.855881 0.745760 0.981226 0.915971 0.951099 0.981937 0.618246 0.724307 0.737982 0.765705 0.402924 0.529609 0.712336 0.741794 0.480546 0.723947 0.803936 0.883220 0.676379 0.849367 0.620107 0.859843 0.774292 0.924632 0.830027 0.827512 0.744212 0.912044 0.473913 0.551418 0.739008 0.623073 0.549654 0.836047 0.702944 0.863425 0.872386 0.886190 0.853968 0.739638 0.773975 0.728910 0.677235 0.834604 0.840871 0.879727
0.438396 0.000000 0.890183 0.856434 0.990048 0.778033 0.748551 0.689142 0.791449 0.738096 0.837065 0.677525 0.791313 0.737691 0.799482 0.827566 0.548144 0.629317 0.781344 0.667274 0.966019 0.788168 0.777937 0.829089 0.984953 0.949834 0.970955 0.825804 0.711902 0.709025 0.800818 0.995711 0.774660 0.724174 0.957052 0.836572 0.899244 0.937639 0.824772 0.879524 0.899373 0.871958 0.529442 0.597639 0.659784 0.642091 0.626040 0.688434 0.541275 0.502497 0.552289 0.582352 0.657908 0.704571 0.694829 0.681417 0.460441 0.393384 0.653570 0.509539 0.727710 0.657132 0.732405 0.642080 0.935161 0.892885 0.679585 0.792853 0.563930 0.487687 0.884991 0.661555 0.910973 0.894600 0.990911 0.996284 0.695675 0.764804 0.747414 0.753131 0.623428 0.683720 0.699127 0.902531 0.598446 0.728038 0.855483 0.968627 0.792357 0.841511 0.631067 0.830069 0.710667 0.898546 0.917809 0.757288 0.660940 0.831186 0.579428 0.520754 0.846833 0.735335 0.665813 0.882143 0.659002 0.895926 0.873358 0.937741 0.949369 0.737193 0.927784 0.762080 0.759971 0.719622 0.838548 0.862342
0.894120 0.890183 0.000000 0.659151 0.791008 0.937092 0.660159 0.657334 0.923772 0.937577 0.855101 0.853768 0.965072 0.901071 0.902786 0.790335 0.826554 0.790600 0.818176 0.761605 0.959574 0.886797 0.863654 0.977470 0.670557 0.770689 0.874644 0.992067 0.829513 0.834957 0.740759 0.728743 0.768585 0.619463 0.799774 0.954377 0.841467 0.941707 0.801534 0.909434 0.925972 0.814956 0.919186 0.915461 0.832968 0.927962 0.679632 0.962559 0.836415 0.935090 0.998288 0.811455 0.827783 0.744114 0.855727 0.858450 0.640609 0.823294 0.663505 0.874171 0.801666 0.969850 0.743723 0.819767 0.716214 0.659517 0.620561 0.614615 0.982518 0.795135 0.962584 0.914300 0.934801 0.951374 0.868283 0.877871 0.878986 0.776385 0.736536 0.898419 0.797889 0.656471 0.908384 0.785625 0.991662 0.753748 0.707081 0.990436 0.877281 0.937496 0.742009 0.697111 0.709279 0.768026 0.945181 0.978869 0.917041 0.886710 0.867085 0.897264 0.966292 0.905542 0.957389 0.850979 0.860420 0.988376 0.848112 0.867998 0.984825 0.875355 0.958786 0.862344 0.837887 0.976564 0.877361 0.950194
0.954200 0.856434 0.659151 0.000000 0.772075 0.781193 0.950565 0.772828 0.996644 0.939173 0.877295 0.929652 0.752145 0.767983 0.793061 0.976273 0.941605 0.926095 0.890017 0.790600 0.958028 0.901614 0.873793 0.647474 0.625459 0.728586 0.913944 0.915266 0.943899 0.985699 0.870037 0.736835 0.858535 0.777218 0.821869 0.866317 0.957598 0.682423 0.940307 0.995647 0.893111 0.985104 0.889037 0.849679 0.978373 0.954036 0.836755 0.953140 0.977030 0.740274 0.746619 0.724745 0.821154 0.812513 0.819990 0.811132 0.707145 0.764371 0.747907 0.621614 0.975922 0.977341 0.966012 0.954162 0.723350 0.560091 0.474126 0.521938 0.903308 0.755334 0.832547 0.770991 0.811534 0.866274 0.866568 0.830311 0.859899 0.966727 0.929788 0.922872 0.977216 0.898504 0.855089 0.956046 0.890293 0.633570 0.837229 0.952425 0.885961 0.781693 0.846959 0.794058 0.784546 0.814209 0.950195 0.978069 0.972861 0.987563 0.948084 0.943104 0.857211 0.990267 0.912343 0.930565 0.761151 0.884890 0.895370 0.855094 0.940121 0.981911 0.889769 0.920239 0.899477 0.924470 0.962916 0.970514
0.977192 0.990048 0.791008 0.772075 0.000000 0.691955 0.847155 0.929897 0.762567 0.807319 0.741022 0.765754 0.628181 0.703042 0.540048 0.682648 0.849779 0.859470 0.843100 0.912152 0.880127 0.955776 0.699135 0.895823 0.586371 0.616029 0.990979 0.757841 0.757447 0.721103 0.995877 0.989553 0.859418 0.943070 0.945380 0.944560 0.968220 0.815435 0.967379 0.957582 0.960932 0.926892 0.886633 0.846515 0.673432 0.707195 0.974863 0.889281 0.734030 0.916405 0.778230 0.856929 0.713284 0.798970 0.933439 0.885690 0.812601 0.987784 0.974604 0.983565 0.763209 0.771593 0.810703 0.761908 0.716097 0.746012 0.933788 0.880243 0.979490 0.971290 0.769243 0.863402 0.919899 0.948616 0.918451 0.874828 0.818573 0.769858 0.911458 0.836787 0.787904 0.921367 0.758194 0.754535 0.701433 0.946001 0.821967 0.819274 0.863099 0.953520 0.759283 0.839231 0.842627 0.968690 0.978006 0.934564 0.902688 0.836629 0.789635 0.810513 0.811204 0.931073 0.849166 0.988689 0.913253 0.934484 0.859139 0.919960 0.785800 0.844489 0.859774 0.718854 0.888565 0.910468 0.960444 0.932235
0.678661 0.778033 0.937092 0.781193 0.691955 0.000000 0.566248 0.532808 0.657056 0.526244 0.763181 0.691803 0.743034 0.774783 0.636359 0.639178 0.598997 0.629984 0.645911 0.747253 0.804044 0.987831 0.588705 0.753046 0.769794 0.937085 0.873472 0.900840 0.614650 0.657238 0.684697 0.822845 0.613135 0.601680 0.831009 0.977133 0.845787 0.997538 0.935103 0.904997 0.979503 0.860385 0.576409 0.572181 0.469233 0.472511 0.669390 0.573396 0.540779 0.553088 0.505936 0.666708 0.580240 0.695867 0.759697 0.586322 0.885869 0.801567 0.736360 0.655154 0.547294 0.575634 0.663224 0.571529 0.942865 0.838044 0.603206 0.630055 0.947251 0.770339 0.745635 0.824056 0.871716 0.962669 0.886244 0.991541 0.580156 0.728420 0.771297 0.555164 0.523715 0.608844 0.843376 0.799846 0.552865 0.601885 0.914307 0.944236 0.852419 0.927203 0.522178 0.675811 0.562110 0.977612 0.847832 0.907518 0.881480 0.859864 0.518756 0.615106 0.671195 0.642503 0.600848 0.885857 0.770997 0.938140 0.947949 0.906216 0.840455 0.932161 0.853821 0.725119 0.822021 0.869657 0.869490 0.868498
0.530254 0.748551 0.660159 0.950565 0.847155 0.566248 0.000000 0.273427 0.676398 0.340017 0.379388 0.420632 0.420228 0.576206 0.574629 0.832254 0.416984 0.419334 0.443157 0.575608 0.874815 0.876092 0.939276 0.819711 0.576359 0.782570 0.547712 0.991588 0.369243 0.381770 0.567411 0.700223 0.332401 0.336216 0.976766 0.961001 0.869342 0.775295 0.859860 0.940437 0.880927 0.983180 0.427961 0.387123 0.486191 0.410823 0.438338 0.456186 0.572673 0.739901 0.587471 0.961490 0.908095 0.890889 0.748181 0.645780 0.710723 0.798686 0.455849 0.703270 0.228610 0.448305 0.295440 0.302212 0.766797 0.884095 0.617005 0.536630 0.920105 0.757344 0.933595 0.963509 0.944010 0.985992 0.913794 0.986394 0.540487 0.916957 0.541066 0.542848 0.310094 0.385591 0.820058 0.707222 0.583976 0.803831 0.831076 0.835300 0.934557 0.834920 0.784893 0.904982 0.934723 0.590788 0.858935 0.915352 0.779774 0.977612 0.552617 0.648900 0.575148 0.803068 0.537261 0.752702 0.647806 0.907324 0.872719 0.867906 0.760054 0.763265 0.775990 0.811613 0.782199 0.846977 0.954431 0.914266
0.510801 0.689142 0.657334 0.772828 0.929897 0.532808 0.273427 0.000000 0.635158 0.323395 0.476432 0.420641 0.490834 0.562071 0.650661 0.838351 0.496464 0.447015 0.393312 0.524289 0.865423 0.897162 0.848257 0.972644 0.698274 0.839887 0.626620 0.860681 0.427937 0.439226 0.562691 0.731482 0.310562 0.349316 0.899918 0.920455 0.857131 0.975842 0.921007 0.956922 0.898614 0.986903 0.441264 0.363610 0.457928 0.384857 0.448321 0.481631 0.500689 0.608831 0.517307 0.784441 0.779048 0.999914 0.646567 0.588371 0.620530 0.675926 0.418374 0.565346 0.303987 0.399619 0.377972 0.325551 0.746026 0.840476 0.545141 0.467229 0.986535 0.642286 0.823422 0.828031 0.985965 0.930236 0.816754 0.902371 0.539875 0.932251 0.650231 0.549048 0.345908 0.447999 0.848911 0.690629 0.642095 0.804480 0.810659 0.876018 0.822217 0.966128 0.757194 0.926916 0.858058 0.708962 0.844337 0.953536 0.722584 0.994741 0.497373 0.675763 0.630392 0.731382 0.576713 0.634616 0.636347 0.920655 0.951184 0.870572 0.827594 0.784874 0.727539 0.798022 0.804670 0.816459 0.991885 0.897020
0.720120 0.791449 0.923772 0.996644 0.762567 0.657056 0.676398 0.635158 0.000000 0.576748 0.663136 0.595783 0.560553 0.636225 0.645029 0.607651 0.859246 0.771646 0.741291 0.830320 0.664973 0.926738 0.706176 0.891036 0.774959 0.896378 0.899491 0.939519 0.682600 0.620342 0.784960 0.945379 0.688065 0.735402 0.991089 0.930080 0.994200 0.854348 0.845601 0.968474 0.864440 0.970100 0.755698 0.757829 0.648084 0.653014 0.824307 0.783519 0.656899 0.926539 0.817849 0.952444 0.804249 0.998995 0.735949 0.835121 0.897065 0.806714 0.899197 0.912921 0.601814 0.438259 0.769502 0.638769 0.898634 0.830806 0.957119 0.929521 0.806302 0.667440 0.661143 0.775667 0.949533 0.953218 0.837820 0.983764 0.768555 0.834644 0.958224 0.712787 0.642839 0.829570 0.700132 0.799801 0.565540 0.803860 0.844928 0.925811 0.780593 0.876438 0.810479 0.900027 0.918168 0.981364 0.958909 0.991931 0.932772 0.917711 0.689276 0.806517 0.782063 0.740955 0.789110 0.889078 0.814600 0.923343 0.908250 0.860396 0.877124 0.845165 0.858837 0.991508 0.924511 0.890939 0.816118 0.989651
0.562670 0.738096 0.937577 0.939173 0.807319 0.526244 0.340017 0.323395 0.576748 0.000000 0.506894 0.420791 0.422098 0.456343 0.496347 0.689900 0.562842 0.448993 0.429996 0.517008 0.825161 0.992494 0.740169 0.879892 0.527493 0.805385 0.640288 0.848993 0.399875 0.414066 0.527939 0.804188 0.350808 0.424202 0.991603 0.969538 0.777305 0.899108 0.984799 0.933229 0.907187 0.889242 0.416804 0.354157 0.310649 0.283706 0.498005 0.482454 0.368390 0.566481 0.513672 0.771250 0.747285 0.921860 0.733232 0.658489 0.811324 0.785814 0.602798 0.694857 0.327423 0.344629 0.466701 0.372797 0.604556 0.991783 0.713727 0.616306 0.994543 0.690369 0.730236 0.814219 0.980770 0.950649 0.917068 0.932813 0.542975 0.915493 0.722640 0.555326 0.395780 0.567319 0.773665 0.775670 0.583337 0.896931 0.885007 0.858603 0.858128 0.964036 0.619981 0.838745 0.717905 0.804817 0.855094 0.863470 0.811801 0.888677 0.408199 0.536387 0.602787 0.675274 0.526465 0.695200 0.714601 0.929689 0.904302 0.971499 0.771907 0.769093 0.691658 0.695524 0.761631 0.773439 0.904591 0.887214
0.609744 0.837065 0.855101 0.877295 0.741022 0.763181 0.379388 0.476432 0.663136 0.506894 0.000000 0.413500 0.376528 0.489036 0.587938 0.799457 0.526302 0.538500 0.506646 0.710755 0.891936 0.858620 0.973061 0.761744 0.531186 0.637187 0.657277 0.932286 0.469303 0.450510 0.782198 0.813892 0.457060 0.478346 0.964395 0.881895 0.819993 0.775854 0.830916 0.896827 0.842244 0.973267 0.559711 0.507333 0.597497 0.536339 0.581874 0.556074 0.659189 0.917785 0.732107 0.929366 0.991554 0.850625 0.810428 0.785411 0.854160 0.893663 0.595081 0.872181 0.328917 0.503143 0.368244 0.408198 0.670425 0.978922 0.871275 0.816391 0.987370 0.839762 0.942086 0.954748 0.919537 0.848047 0.870794 0.923958 0.712631 0.833541 0.734226 0.690174 0.441153 0.490571 0.715166 0.661456 0.627617 0.932210 0.877364 0.867189 0.772210 0.867089 0.886333 0.795811 0.962208 0.571226 0.939681 0.927625 0.794553 0.940841 0.668782 0.879400 0.594609 0.900986 0.671050 0.814536 0.791752 0.986318 0.981205 0.828403 0.738415 0.814102 0.842514 0.936948 0.790236 0.905340 0.994108 0.972580
0.430493 0.677525 0.853768 0.929652 0.765754 0.691803 0.420632 0.420641 0.595783 0.420791 0.413500 0.000000 0.325133 0.343950 0.487435 0.556175 0.485535 0.451377 0.428836 0.641041 0.732056 0.845473 0.708721 0.987054 0.535579 0.678243 0.779893 0.931511 0.429893 0.402669 0.595305 0.753999 0.414066 0.474773 0.998655 0.968928 0.778928 0.936601 0.872874 0.994178 0.859202 0.997826 0.539481 0.454532 0.439344 0.435941 0.595174 0.603305 0.471994 0.717936 0.716959 0.896172 0.810311 0.918993 0.744578 0.720532 0.747607 0.745639 0.648774 0.810238 0.355711 0.383845 0.461118 0.359137 0.695679 0.950870 0.825571 0.809107 0.900077 0.640081 0.785040 0.793438 0.962101 0.921878 0.912146 0.955735 0.640109 0.840689 0.764135 0.633860 0.367916 0.487600 0.589026 0.677594 0.462397 0.815516 0.841875 0.954625 0.685354 0.969428 0.778224 0.992884 0.940937 0.817814 0.969357 0.885569 0.835642 0.993390 0.528347 0.629524 0.638969 0.694344 0.543365 0.713115 0.785488 0.972911 0.882462 0.967905 0.797205 0.781557 0.769973 0.735168 0.754800 0.752954 0.951983 0.950039
0.544816 0.791313 0.965072 0.752145 0.628181 0.743034 0.420228 0.490834 0.560553 0.422098 0.376528 0.325133 0.000000 0.297080 0.380970 0.597173 0.568382 0.555992 0.497282 0.690588 0.758757 0.894041 0.744177 0.848688 0.429957 0.535447 0.720488 0.968995 0.407502 0.363371 0.679543 0.825276 0.412750 0.531933 0.922899 0.904156 0.844478 0.779715 0.876016 0.932513 0.850502 0.933010 0.586721 0.522836 0.469210 0.441882 0.648528 0.585959 0.527221 0.855448 0.756768 0.993171 0.904669 0.843437 0.872273 0.744921 0.917244 0.824547 0.703694 0.937193 0.313255 0.393492 0.453518 0.357385 0.607953 0.844127 0.974102 0.888839 0.988610 0.756315 0.797041 0.880972 0.941336 0.904583 0.936461 0.926709 0.668770 0.851749 0.821059 0.702218 0.419425 0.570537 0.565648 0.657143 0.508613 0.939052 0.916091 0.985339 0.734354 0.957719 0.902612 0.914753 0.913435 0.675422 0.987739 0.899483 0.795883 0.919441 0.597689 0.718553 0.614334 0.806374 0.618080 0.744390 0.921108 0.931405 0.892208 0.944373 0.736774 0.831734 0.758724 0.783671 0.788006 0.812759 0.936442 0.985385
0.550404 0.737691 0.901071 0.767983 0.703042 0.774783 0.576206 0.562071 0.636225 0.456343 0.489036 0.343950 0.297080 0.000000 0.404645 0.541276 0.660318 0.582821 0.533934 0.640563 0.836480 0.897878 0.667369 0.940698 0.463835 0.635394 0.735295 0.958816 0.517205 0.473124 0.749751 0.876428 0.526792 0.605369 0.874720 0.945151 0.746851 0.863858 0.978669 0.971162 0.878143 0.829356 0.614017 0.512484 0.447491 0.450018 0.657988 0.667307 0.450781 0.785730 0.771378 0.886145 0.842490 0.955780 0.853318 0.779456 0.944822 0.781324 0.879508 0.929212 0.456584 0.401414 0.606110 0.477190 0.643108 0.829572 0.985495 0.961788 0.942331 0.711630 0.776921 0.752955 0.847384 0.882740 0.961324 0.955158 0.718796 0.883312 0.894987 0.689390 0.518326 0.634286 0.536407 0.757168 0.496142 0.972907 0.965672 0.975458 0.660978 0.932080 0.808480 0.926948 0.944345 0.862110 0.967132 0.942238 0.798020 0.919828 0.521559 0.682181 0.622414 0.676383 0.630142 0.770039 0.908013 0.921193 0.931581 0.937297 0.765384 0.851542 0.735915 0.780478 0.773861 0.759462 0.933109 0.903049
0.698624 0.799482 0.902786 0.793061 0.540048 0.636359 0.574629 0.650661 0.645029 0.496347 0.587938 0.487435 0.380970 0.404645 0.000000 0.442656 0.690562 0.636355 0.705993 0.764772 0.867437 0.887600 0.516769 0.931732 0.460205 0.635114 0.810115 0.898306 0.483199 0.455882 0.741450 0.826103 0.535261 0.643560 0.958854 0.982115 0.847876 0.776826 0.987482 0.927950 0.998768 0.965998 0.652388 0.635826 0.428127 0.436642 0.741247 0.666622 0.461702 0.754288 0.719997 0.886311 0.733795 0.951716 0.945471 0.823568 0.915748 0.890206 0.962543 0.953046 0.487339 0.531556 0.600904 0.518326 0.720361 0.800288 0.973185 0.962617 0.910867 0.769989 0.711566 0.740903 0.962142 0.933013 0.970090 0.891584 0.681684 0.879411 0.870925 0.718022 0.557151 0.725948 0.507470 0.694766 0.429582 0.768496 0.946078 0.910243 0.812147 0.994353 0.769948 0.897368 0.873858 0.911544 0.979551 0.999762 0.956829 0.893040 0.541437 0.612913 0.627159 0.805513 0.558270 0.833111 0.868540 0.984143 0.825678 0.941383 0.926878 0.998910 0.820329 0.677546 0.924221 0.834734 0.868052 0.993934
0.698711 0.827566 0.790335 0.976273 0.682648 0.639178 0.832254 0.838351 0.607651 0.689900 0.799457 0.556175 0.597173 0.541276 0.442656 0.000000 0.803532 0.745366 0.803583 0.911064 0.747389 0.966280 0.351987 0.658718 0.672506 0.719615 0.944661 0.889351 0.743590 0.611874 0.807347 0.760380 0.772040 0.816582 0.991553 0.976123 0.859075 0.908823 0.880485 0.970162 0.843131 0.909304 0.814574 0.753654 0.560141 0.605726 0.963937 0.774413 0.582001 0.727742 0.769264 0.767816 0.628158 0.834432 0.911314 0.844057 0.860436 0.917525 0.907355 0.992970 0.705391 0.677803 0.821730 0.691305 0.955273 0.888619 0.951140 0.939798 0.984356 0.806723 0.639297 0.671538 0.852359 0.991217 0.974268 0.989352 0.862403 0.813726 0.991055 0.796887 0.721498 0.857481 0.446074 0.836217 0.416501 0.590502 0.961553 0.824611 0.700659 0.720418 0.685705 0.701195 0.728764 0.839231 0.984913 0.897901 0.905151 0.923287 0.626615 0.633387 0.880075 0.762687 0.618303 0.875264 0.840213 0.937616 0.902155 0.993631 0.982082 0.937359 0.854872 0.769168 0.901261 0.884302 0.756418 0.929151
0.433882 0.548144 0.826554 0.941605 0.849779 0.598997 0.416984 0.496464 0.859246 0.562842 0.526302 0.485535 0.568382 0.660318 0.690562 0.803532 0.000000 0.363546 0.514876 0.668910 0.909418 0.791172 0.913853 0.959951 0.674880 0.699700 0.691067 0.949102 0.417896 0.439693 0.627042 0.745422 0.484536 0.434816 0.920201 0.993747 0.833293 0.845579 0.921065 0.989060 0.992236 0.779230 0.495838 0.486871 0.565214 0.511067 0.472448 0.505997 0.620908 0.678207 0.580669 0.861477 0.856532 0.986132 0.672120 0.623778 0.576741 0.649258 0.459032 0.594875 0.416574 0.621662 0.347340 0.346263 0.791670 0.970146 0.561824 0.600248 0.903177 0.727477 0.986509 0.892138 0.880878 0.994997 0.938056 0.967507 0.573662 0.709444 0.513804 0.760201 0.359071 0.435644 0.762628 0.758549 0.647785 0.772695 0.864488 0.904008 0.899222 0.873406 0.678512 0.911395 0.863755 0.760684 0.983190 0.861424 0.744047 0.903914 0.545194 0.574074 0.582644 0.740070 0.521703 0.841663 0.699159 0.785289 0.938704 0.922862 0.799287 0.672761 0.897346 0.704016 0.669363 0.762200 0.910809 0.833387
0.461941 0.629317 0.790600 0.926095 0.859470 0.629984 0.419334 0.447015 0.771646 0.448993 0.538500 0.451377 0.555992 0.582821 0.636355 0.745366 0.363546 0.000000 0.438392 0.539167 0.888753 0.881834 0.800933 0.985981 0.695695 0.813279 0.687095 0.934639 0.394998 0.382054 0.567953 0.625047 0.463301 0.464203 0.996374 0.921200 0.804063 0.924906 0.932614 0.962224 0.978148 0.881887 0.429030 0.461394 0.531328 0.431007 0.468442 0.483895 0.520850 0.613311 0.528111 0.803777 0.843452 0.945205 0.717674 0.613407 0.632975 0.670313 0.533341 0.623192 0.444545 0.600970 0.379657 0.375610 0.756480 0.989309 0.568160 0.596829 0.904996 0.683544 0.869820 0.820905 0.860998 0.980383 0.946845 0.986467 0.734615 0.833855 0.541514 0.661376 0.344487 0.464598 0.725973 0.723056 0.606192 0.803013 0.846448 0.930192 0.885542 0.976414 0.697738 0.950383 0.789804 0.768410 0.863237 0.918314 0.792920 0.891647 0.499259 0.553385 0.665175 0.735132 0.433596 0.818408 0.735394 0.836130 0.999988 0.842491 0.836838 0.772284 0.758871 0.721194 0.683941 0.812102 0.954219 0.853480
0.556619 0.781344 0.818176 0.890017 0.843100 0.645911 0.443157 0.393312 0.741291 0.429996 0.506646 0.428836 0.497282 0.533934 0.705993 0.803583 0.514876 0.438392 0.000000 0.431766 0.737523 0.900413 0.846098 0.935771 0.662742 0.763790 0.679202 0.832279 0.454655 0.485719 0.638779 0.705558 0.447860 0.439778 0.968140 0.991292 0.771526 0.980454 0.953796 0.935474 0.990462 0.921045 0.449393 0.360640 0.481887 0.435063 0.535024 0.528872 0.584920 0.661880 0.629839 0.824471 0.889269 0.980486 0.751307 0.646570 0.724638 0.765765 0.528808 0.674191 0.433070 0.471606 0.477294 0.429145 0.703840 0.920565 0.644884 0.609007 0.889891 0.764391 0.802487 0.812830 0.929991 0.979630 0.862118 0.959593 0.687327 0.885324 0.723010 0.648693 0.450734 0.451102 0.767238 0.628249 0.689460 0.949034 0.867239 0.988390 0.710972 0.962587 0.733417 0.986449 0.880415 0.741324 0.891510 0.998876 0.833158 0.974109 0.560581 0.716742 0.757819 0.746870 0.567885 0.686418 0.838562 0.969107 0.983824 0.840496 0.727423 0.779922 0.806524 0.731629 0.717778 0.784796 0.923835 0.850703
0.695241 0.667274 0.761605 0.790600 0.912152 0.747253 0.575608 0.524289 0.830320 0.517008 0.710755 0.641041 0.690588 0.640563 0.764772 0.911064 0.668910 0.539167 0.431766 0.000000 0.982185 0.963668 0.867437 0.996839 0.861078 0.975427 0.790890 0.805357 0.588258 0.606076 0.677598 0.765435 0.567166 0.545088 0.976582 0.925780 0.972383 0.913421 0.964763 0.899928 0.969410 0.933046 0.579415 0.516206 0.606654 0.547927 0.532204 0.657332 0.626992 0.666444 0.613715 0.785202 0.906471 0.978250 0.708283 0.637153 0.705415 0.689633 0.640781 0.692778 0.609833 0.608286 0.612875 0.558666 0.832668 0.869703 0.632038 0.623562 0.806682 0.694066 0.873434 0.785294 0.966949 0.892758 0.909045 0.845133 0.759325 0.967874 0.703474 0.612349 0.619095 0.593708 0.855741 0.701818 0.742271 0.900041 0.859858 0.981623 0.804597 0.976806 0.790952 0.999926 0.882915 0.843763 0.842187 0.908573 0.851286 0.870762 0.664361 0.701988 0.889503 0.902633 0.746784 0.662618 0.811748 0.955676 0.988732 0.863317 0.812534 0.828630 0.852641 0.731301 0.941417 0.886378 0.958415 0.886433
0.804833 0.966019 0.959574 0.958028 0.880127 0.804044 0.874815 0.865423 0.664973 0.825161 0.891936 0.732056 0.758757 0.836480 0.867437 0.747389 0.909418 0.888753 0.737523 0.982185 0.000000 0.963629 0.829513 0.874065 0.825847 0.861413 0.847333 0.998116 0.890840 0.876900 0.941846 0.980853 0.941014 0.873571 0.978867 0.959058 0.892294 0.900112 0.689552 0.960122 0.958469 0.915012 0.898811 0.861470 0.812993 0.822582 0.998071 0.723793 0.859027 0.878213 0.848333 0.863157 0.830123 0.847040 0.894094 0.899627 0.958268 0.992639 0.954423 0.868262 0.833570 0.764301 0.917683 0.844454 0.954180 0.973951 0.983238 0.992909 0.905478 0.772136 0.811407 0.780040 0.971678 0.979448 0.819019 0.962743 0.989285 0.907342 0.976877 0.899613 0.870817 0.862732 0.770922 0.878350 0.803039 0.916638 0.982449 0.887033 0.799881 0.805317 0.775343 0.877935 0.894051 0.984273 0.928132 0.914490 0.974739 0.866222 0.871024 0.816129 0.929894 0.760043 0.840438 0.898762 0.990019 0.848317 0.932057 0.954428 0.880187 0.896525 0.914553 0.894975 0.886484 0.804092 0.774976 0.939044
0.791009 0.788168 0.886797 0.901614 0.955776 0.987831 0.876092 0.897162 0.926738 0.992494 0.858620 0.845473 0.894041 0.897878 0.887600 0.966280 0.791172 0.881834 0.900413 0.963668 0.963629 0.000000 0.970525 0.845401 0.969010 0.952815 0.981581 0.979409 0.862086 0.896146 0.971032 0.959969 0.798769 0.894171 0.868798 0.789196 0.897304 0.963841 0.802288 0.839716 0.945524 0.859907 0.911975 0.906095 0.995535 0.962586 0.789965 0.872227 0.901105 0.993880 0.983023 0.958653 0.976251 0.944742 0.944792 0.982432 0.740061 0.829357 0.893435 0.874349 0.884560 0.883944 0.894667 0.886805 0.998115 0.983059 0.993322 0.949985 0.934034 0.913390 0.867561 0.947592 0.918003 0.985562 0.965393 0.900585 0.995184 0.938432 0.960543 0.939043 0.923133 0.860031 0.910895 0.894493 0.952526 0.960767 0.883147 0.821362 0.836724 0.915619 0.909501 0.815533 0.894669 0.841208 0.890812 0.952473 0.846553 0.868390 0.957798 0.993042 0.944309 0.970730 0.972639 0.971238 0.927991 0.979175 0.857124 0.964273 0.884857 0.945566 0.949608 0.933786 0.952793 0.997985 0.918721 0.880106
0.718266 0.777937 0.863654 0.873793 0.699135 0.588705 0.939276 0.848257 0.706176 0.740169 0.973061 0.708721 0.744177 0.667369 0.516769 0.351987 0.913853 0.800933 0.846098 0.867437 0.829513 0.970525 0.000000 0.505526 0.823004 0.822659 0.816557 0.953697 0.831599 0.732371 0.857470 0.796181 0.782701 0.911139 0.952400 0.978918 0.835477 0.939410 0.797207 0.996702 0.845127 0.949459 0.799715 0.782400 0.581329 0.625310 0.938360 0.835787 0.564384 0.587557 0.717113 0.620111 0.541362 0.693564 0.939817 0.818127 0.929846 0.819733 0.879538 0.944631 0.847080 0.773357 0.987315 0.841827 0.914022 0.930919 0.885477 0.987287 0.982379 0.697601 0.589889 0.606908 0.879989 0.911678 0.987641 0.991432 0.821862 0.849887 0.899836 0.741266 0.813851 0.922155 0.541454 0.816388 0.480241 0.541451 0.925041 0.734184 0.678226 0.554373 0.660769 0.561339 0.637052 0.699958 0.926629 0.984444 0.981550 0.945914 0.663613 0.637123 0.946189 0.767880 0.678145 0.986884 0.952614 0.990204 0.983994 0.961950 0.944716 0.813349 0.810818 0.711563 0.982024 0.944659 0.852363 0.984010
0.946464 0.829089 0.977470 0.647474 0.895823 0.753046 0.819711 0.972644 0.891036 0.879892 0.761744 0.987054 0.848688 0.940698 0.931732 0.658718 0.959951 0.985981 0.935771 0.996839 0.874065 0.845401 0.505526 0.000000 0.836890 0.967958 0.662630 0.958863 0.869820 0.928512 0.954125 0.832991 0.911217 0.924792 0.851303 0.826316 0.970194 0.830554 0.866398 0.976969 0.831891 0.924442 0.908400 0.933420 0.945613 0.981948 0.919797 0.885655 0.942709 0.756727 0.892356 0.721847 0.681548 0.707645 0.932236 0.833029 0.996742 0.861882 0.869319 0.883710 0.828571 0.915971 0.815099 0.917490 0.686747 0.813433 0.723402 0.909660 0.923030 0.689657 0.771532 0.678625 0.965090 0.855187 0.834392 0.838157 0.993256 0.922686 0.920510 0.934955 0.985692 0.976513 0.811120 0.947103 0.792483 0.523097 0.898540 0.711971 0.804564 0.608523 0.730524 0.634576 0.691992 0.577349 0.948554 0.965740 0.853751 0.943064 0.901371 0.807026 0.829143 0.824352 0.916143 0.991922 0.940869 0.958903 0.855506 0.889147 0.956525 0.798058 0.971756 0.890818 0.905586 0.974956 0.861620 0.910415
0.746890 0.984953 0.670557 0.625459 0.586371 0.769794 0.576359 0.698274 0.774959 0.527493 0.531186 0.535579 0.429957 0.463835 0.460205 0.672506 0.674880 0.695695 0.662742 0.861078 0.825847 0.969010 0.823004 0.836890 0.000000 0.554158 0.683981 0.972998 0.595606 0.592583 0.854317 0.934192 0.612368 0.772054 0.793220 0.928163 0.758531 0.717646 0.914833 0.909594 0.853118 0.868936 0.697220 0.641335 0.449687 0.482815 0.796469 0.674671 0.554763 0.889985 0.803985 0.975606 0.873030 0.957820 0.934044 0.916609 0.866121 0.898754 0.926229 0.967313 0.492923 0.558282 0.618253 0.554268 0.499349 0.743474 0.920204 0.988367 0.808926 0.928992 0.878560 0.994779 0.885621 0.921287 0.942064 0.904687 0.689188 0.837216 0.892629 0.741509 0.578946 0.794564 0.718796 0.834018 0.644520 0.900419 0.925481 0.857140 0.769558 0.896179 0.707502 0.946174 0.844899 0.826090 0.943631 0.988334 0.911414 0.992488 0.524794 0.687715 0.595892 0.779687 0.601885 0.861929 0.917889 0.909347 0.996486 0.966086 0.759597 0.954799 0.710837 0.703717 0.681253 0.810088 0.965381 0.891262
0.760010 0.949834 0.770689 0.728586 0.616029 0.937085 0.782570 0.839887 0.896378 0.805385 0.637187 0.678243 0.535447 0.635394 0.635114 0.719615 0.699700 0.813279 0.763790 0.975427 0.861413 0.952815 0.822659 0.967958 0.554158 0.000000 0.889051 0.885734 0.802682 0.715260 0.989527 0.983256 0.793898 0.890314 0.840031 0.811797 0.823082 0.854862 0.958929 0.972851 0.981667 0.921110 0.872586 0.818711 0.743994 0.750459 0.981299 0.843311 0.756298 0.895589 0.853155 0.896299 0.885165 0.962639 0.979111 0.883700 0.921092 0.922165 0.897300 0.970559 0.702524 0.804779 0.688612 0.658491 0.616598 0.571763 0.872534 0.891039 0.926227 0.984514 0.907399 0.982440 0.811624 0.824939 0.876605 0.924135 0.919184 0.894765 0.985991 0.978526 0.795241 0.895656 0.697906 0.800425 0.739999 0.938766 0.976149 0.998733 0.717778 0.960665 0.924892 0.965263 0.950284 0.822787 0.849706 0.984267 0.968903 0.901842 0.790656 0.807559 0.839826 0.966068 0.826087 0.906835 0.958357 0.939805 0.993305 0.993245 0.978512 0.939475 0.957871 0.798954 0.909020 0.992020 0.860423 0.907356
0.865491 0.970955 0.874644 0.913944 0.990979 0.873472 0.547712 0.626620 0.899491 0.640288 0.657277 0.779893 0.720488 0.735295 0.810115 0.944661 0.691067 0.687095 0.679202 0.790890 0.847333 0.981581 0.816557 0.662630 0.683981 0.889051 0.000000 0.999591 0.650346 0.709176 0.770832 0.830367 0.679765 0.630518 0.979957 0.833285 0.798792 0.757871 0.955317 0.936348 0.943089 0.910843 0.704390 0.663469 0.710650 0.683230 0.579318 0.745193 0.789497 0.901948 0.888598 0.881210 0.821967 0.814626 0.915858 0.933972 0.985874 0.918422 0.742540 0.944627 0.586604 0.749387 0.609040 0.646770 0.739580 0.947881 0.815520 0.690371 0.662194 0.870249 0.907554 0.974948 0.956503 0.987565 0.930677 0.966545 0.838387 0.963115 0.791470 0.817279 0.643993 0.705929 0.995376 0.977800 0.976470 0.877051 0.921585 0.737037 0.933441 0.686021 0.966293 0.842455 0.970167 0.642546 0.893087 0.915853 0.950370 0.965941 0.757851 0.892123 0.802760 0.962544 0.774261 0.899713 0.813732 0.940825 0.864816 0.987763 0.914451 0.806404 0.895983 0.975731 0.776219 0.918046 0.899216 0.871459
0.939911 0.825804 0.992067 0.915266 0.757841 0.900840 0.991588 0.860681 0.939519 0.848993 0.932286 0.931511 0.968995 0.958816 0.898306 0.889351 0.949102 0.934639 0.832279 0.805357 0.998116 0.979409 0.953697 0.958863 0.972998 0.885734 0.999591 0.000000 0.999692 0.976621 0.956614 0.980828 0.959751 0.961234 0.931161 0.885242 0.902412 0.862182 0.938269 0.931313 0.829022 0.877322 0.829387 0.859514 0.975560 0.899182 0.915597 0.876599 0.932670 0.880219 0.866196 0.839020 0.943082 0.935728 0.810576 0.951701 0.817929 0.829442 0.841688 0.743354 0.974680 0.918338 0.983215 0.991101 0.922758 0.916474 0.929799 0.869848 0.910750 0.751343 0.953985 0.823346 0.961631 0.950584 0.969088 0.843379 0.992787 0.823182 0.906606 0.923778 0.970365 0.929491 0.969067 0.912984 0.899495 0.787912 0.956002 0.969708 0.919469 0.966173 0.963428 0.941207 0.928759 0.974367 0.896833 0.993128 0.841555 0.896464 0.883145 0.887208 0.963960 0.949794 0.904793 0.999744 0.889319 0.874245 0.871128 0.923252 0.927356 0.959153 0.905189 0.997847 0.920615 0.816630 0.883418 0.912336
0.568783 0.711902 0.829513 0.943899 0.757447 0.614650 0.369243 0.427937 0.682600 0.399875 0.469303 0.429893 0.407502 0.517205 0.483199 0.743590 0.417896 0.394998 0.454655 0.588258 0.890840 0.862086 0.831599 0.869820 0.595606 0.802682 0.650346 0.999692 0.000000 0.337563 0.473507 0.667177 0.401987 0.389462 0.912458 0.985084 0.908395 0.842988 0.871301 0.848374 0.961965 0.942694 0.504673 0.459441 0.464385 0.373975 0.495067 0.491142 0.526568 0.696954 0.618258 0.952184 0.866098 0.935840 0.746622 0.631309 0.743013 0.794483 0.578822 0.806487 0.363627 0.493939 0.370409 0.351751 0.604979 0.959723 0.697748 0.689892 0.995061 0.811615 0.836723 0.859383 0.875717 0.981918 0.964374 0.882783 0.575609 0.851598 0.542372 0.598673 0.301794 0.406278 0.743447 0.681316 0.621607 0.848972 0.938655 0.972442 0.971040 0.865945 0.787953 0.868589 0.958996 0.646460 0.970283 0.924757 0.742319 0.882455 0.579673 0.661266 0.523538 0.741456 0.536115 0.703530 0.738011 0.908738 0.923467 0.840447 0.720292 0.764622 0.817675 0.707175 0.756369 0.729642 0.995626 0.881592
0.582003 0.709025 0.834957 0.985699 0.721103 0.657238 0.381770 0.439226 0.620342 0.414066 0.450510 0.402669 0.363371 0.473124 0.455882 0.611874 0.439693 0.382054 0.485719 0.606076 0.876900 0.896146 0.732371 0.928512 0.592583 0.715260 0.709176 0.976621 0.337563 0.000000 0.566666 0.620980 0.375304 0.365310 0.999142 0.925250 0.839346 0.906597 0.897388 0.868607 0.986936 0.989285 0.501996 0.490761 0.505359 0.405183 0.561612 0.572617 0.552924 0.770454 0.624929 0.954090 0.920666 0.870037 0.734567 0.589067 0.764918 0.812064 0.580359 0.808325 0.340447 0.498552 0.359811 0.323072 0.677843 0.944159 0.729421 0.678130 0.986581 0.745978 0.777622 0.884702 0.882987 0.888685 0.953358 0.972988 0.690374 0.831623 0.638806 0.642308 0.387686 0.514388 0.622455 0.647866 0.576273 0.808208 0.891754 0.946587 0.837563 0.888882 0.870420 0.839613 0.981532 0.654267 0.969925 0.858497 0.756809 0.945054 0.598657 0.676030 0.647647 0.881319 0.518409 0.855039 0.759797 0.798532 0.918425 0.935608 0.822666 0.753475 0.819348 0.747812 0.778739 0.763539 0.984597 0.933254
0.722854 0.800818 0.740759 0.870037 0.995877 0.684697 0.567411 0.562691 0.784960 0.527939 0.782198 0.595305 0.679543 0.749751 0.741450 0.807347 0.627042 0.567953 0.638779 0.677598 0.941846 0.971032 0.857470 0.954125 0.854317 0.989527 0.770832 0.956614 0.473507 0.566666 0.000000 0.621547 0.524850 0.559253 0.851017 0.895523 0.985882 0.997003 0.950259 0.959125 0.881296 0.979631 0.674724 0.634362 0.650876 0.602810 0.674479 0.668998 0.689716 0.736181 0.791822 0.955498 0.926470 0.882017 0.747173 0.722976 0.709813 0.822430 0.678087 0.864790 0.580739 0.641746 0.614659 0.528914 0.815120 0.961295 0.673309 0.694366 0.947933 0.820650 0.891070 0.766236 0.905319 0.927375 0.877935 0.786485 0.626559 0.972806 0.711584 0.718190 0.507557 0.605697 0.904430 0.855696 0.757682 0.805887 0.733541 0.863347 0.926188 0.989783 0.923326 0.880656 0.949116 0.794389 0.883939 0.844313 0.972649 0.973849 0.767859 0.675523 0.728984 0.808502 0.614199 0.801482 0.775573 0.813656 0.916273 0.986423 0.913257 0.801355 0.780452 0.856286 0.850455 0.727921 0.945815 0.937346
0.896237 0.995711 0.728743 0.736835 0.989553 0.822845 0.700223 0.731482 0.945379 0.804188 0.813892 0.753999 0.825276 0.876428 0.826103 0.760380 0.745422 0.625047 0.705558 0.765435 0.980853 0.959969 0.796181 0.832991 0.934192 0.983256 0.830367 0.980828 0.667177 0.620980 0.621547 0.000000 0.631712 0.653754 0.896815 0.870644 0.941414 0.976202 0.943820 0.756538 0.941837 0.959393 0.793414 0.755420 0.894434 0.745684 0.757606 0.737210 0.932922 0.906678 0.901078 0.914817 0.938121 0.810591 0.965140 0.835970 0.901114 0.928888 0.859265 0.961485 0.742345 0.883087 0.739362 0.737117 0.925796 0.770100 0.617551 0.622356 0.901540 0.971404 0.885092 0.859840 0.668670 0.870257 0.942504 0.957189 0.902068 0.896498 0.772963 0.788522 0.701370 0.670747 0.802644 0.740695 0.866174 0.671849 0.971635 0.828853 0.960961 0.809370 0.966017 0.863090 0.990525 0.843618 0.953379 0.892558 0.973493 0.999880 0.886834 0.857392 0.991795 0.979155 0.613922 0.982606 0.806413 0.891203 0.958975 0.828610 0.942519 0.930269 0.886871 0.984279 0.982094 0.957997 0.785524 0.972081
0.541222 0.774660 0.768585 0.858535 0.859418 0.613135 0.332401 0.310562 0.688065 0.350808 0.457060 0.414066 0.412750 0.526792 0.535261 0.772040 0.484536 0.463301 0.447860 0.567166 0.941014 0.798769 0.782701 0.911217 0.612368 0.793898 0.679765 0.959751 0.401987 0.375304 0.524850 0.631712 0.000000 0.393902 0.903024 0.968172 0.865850 0.949937 0.990139 0.964896 0.862638 0.978349 0.492855 0.419819 0.453577 0.390468 0.493191 0.497565 0.539552 0.729106 0.644833 0.917421 0.903263 0.853394 0.725913 0.652883 0.709479 0.746892 0.503957 0.735610 0.312395 0.464331 0.389766 0.330212 0.711073 0.927719 0.647954 0.538026 0.981152 0.678544 0.827287 0.863270 0.923197 0.971197 0.916250 0.953051 0.587448 0.864185 0.737231 0.616542 0.378560 0.497554 0.778738 0.652418 0.647124 0.828896 0.912203 0.853261 0.822862 0.884023 0.852542 0.929842 0.956855 0.676782 0.942662 0.984852 0.800052 0.948357 0.547569 0.691128 0.624579 0.854318 0.566196 0.633230 0.760682 0.878059 0.868544 0.916132 0.882973 0.830974 0.719704 0.765581 0.847228 0.901915 0.997170 0.969661
0.585047 0.724174 0.619463 0.777218 0.943070 0.601680 0.336216 0.349316 0.735402 0.424202 0.478346 0.474773 0.531933 0.605369 0.643560 0.816582 0.434816 0.464203 0.439778 0.545088 0.873571 0.894171 0.911139 0.924792 0.772054 0.890314 0.630518 0.961234 0.389462 0.365310 0.559253 0.653754 0.393902 0.000000 0.964535 0.918914 0.798734 0.972342 0.835479 0.884962 0.917780 0.984494 0.508513 0.403077 0.552471 0.446177 0.431066 0.547809 0.613195 0.715513 0.584803 0.911595 0.910344 0.914452 0.668187 0.608873 0.693321 0.811562 0.458713 0.686907 0.352911 0.537264 0.342707 0.359522 0.795400 0.876944 0.585618 0.493898 0.967559 0.752023 0.848758 0.859019 0.994276 0.967188 0.843023 0.956285 0.605390 0.941317 0.640824 0.657786 0.403091 0.402757 0.861187 0.629322 0.654382 0.745590 0.834530 0.914949 0.931995 0.827315 0.842936 0.864707 0.987140 0.605436 0.954388 0.933657 0.830634 0.983247 0.640444 0.743613 0.691059 0.837823 0.598193 0.799943 0.686193 0.860494 0.813878 0.787855 0.796179 0.738600 0.809068 0.843108 0.861885 0.827765 0.926965 0.912134
0.972027 0.957052 0.799774 0.821869 0.945380 0.831009 0.976766 0.899918 0.991089 0.991603 0.964395 0.998655 0.922899 0.874720 0.958854 0.991553 0.920201 0.996374 0.968140 0.976582 0.978867 0.868798 0.952400 0.851303 0.793220 0.840031 0.979957 0.931161 0.912458 0.999142 0.851017 0.896815 0.903024 0.964535 0.000000 0.860879 0.948997 0.979970 0.858670 0.921776 0.822268 0.774431 0.994989 0.974785 0.992667 0.977366 0.915749 0.975145 0.964581 0.882772 0.958762 0.958984 0.995227 0.988143 0.745641 0.886741 0.872731 0.865713 0.867208 0.850131 0.960051 0.995546 0.963931 0.952645 0.845861 0.794666 0.703948 0.824690 0.957879 0.948556 0.959531 0.816098 0.898802 0.979532 0.930522 0.835115 0.824963 0.951006 0.790889 0.864813 0.906692 0.887459 0.980987 0.972416 0.923117 0.799720 0.988017 0.990043 0.879416 0.972208 0.976448 0.985059 0.931646 0.979225 0.999791 0.995165 0.947056 0.890228 0.990959 0.834379 0.984790 0.841643 0.990461 0.927147 0.970399 0.917669 0.986767 0.957080 0.927382 0.824709 0.830053 0.997977 0.985399 0.971269 0.922861 0.915223
0.858114 0.836572 0.954377 0.866317 0.944560 0.977133 0.961001 0.920455 0.930080 0.969538 0.881895 0.968928 0.904156 0.945151 0.982115 0.976123 0.993747 0.921200 0.991292 0.925780 0.959058 0.789196 0.978918 0.826316 0.928163 0.811797 0.833285 0.885242 0.985084 0.925250 0.895523 0.870644 0.968172 0.918914 0.860879 0.000000 0.852859 0.843346 0.980003 0.930203 0.819309 0.973794 0.984872 0.991291 0.956280 0.997161 0.918875 0.968838 0.902470 0.850865 0.863483 0.812464 0.796761 0.870398 0.759943 0.875730 0.736906 0.683782 0.883730 0.746538 0.922238 0.938124 0.971406 0.946906 0.998647 0.900432 0.839474 0.952630 0.901272 0.697658 0.891209 0.855569 0.988324 0.981425 0.877646 0.877513 0.936598 0.928261 0.971887 0.898082 0.933189 0.921491 0.935818 0.949969 0.991313 0.945860 0.803493 0.895658 0.892703 0.926359 0.894125 0.867104 0.839575 0.802961 0.786269 0.952193 0.972323 0.880492 0.908859 0.843535 0.939937 0.934384 0.949101 0.893805 0.774614 0.854263 0.834168 0.909257 0.959385 0.980331 0.767896 0.974276 0.996259 0.836272 0.957514 0.941333
0.715992 0.899244 0.841467 0.957598 0.968220 0.845787 0.869342 0.857131 0.994200 0.777305 0.819993 0.778928 0.844478 0.746851 0.847876 0.859075 0.833293 0.804063 0.771526 0.972383 0.892294 0.897304 0.835477 0.970194 0.758531 0.823082 0.798792 0.902412 0.908395 0.839346 0.985882 0.941414 0.865850 0.798734 0.948997 0.852859 0.000000 0.922672 0.837771 0.916826 0.966993 0.791306 0.762084 0.741420 0.682700 0.704403 0.873932 0.865806 0.687221 0.747376 0.816790 0.765875 0.909701 0.792133 0.987386 0.896485 0.913960 0.980582 0.952981 0.911429 0.833794 0.847851 0.863803 0.816582 0.770702 0.760879 0.935583 0.940560 0.928310 0.991352 0.976108 0.883438 0.947363 0.956195 0.976075 0.954834 0.845863 0.994822 0.929239 0.879052 0.829826 0.842577 0.949091 0.957781 0.862260 0.978557 0.953195 0.785359 0.837111 0.985284 0.749564 0.843719 0.778602 0.975594 0.974371 0.991660 0.946058 0.961182 0.685605 0.887992 0.919229 0.824270 0.823781 0.921519 0.985742 0.961408 0.929831 0.826865 0.917324 0.831529 0.838740 0.822593 0.624357 0.840216 0.973166 0.837246
0.989110 0.937639 0.941707 0.682423 0.815435 0.997538 0.775295 0.975842 0.854348 0.899108 0.775854 0.936601 0.779715 0.863858 0.776826 0.908823 0.845579 0.924906 0.980454 0.913421 0.900112 0.963841 0.939410 0.830554 0.717646 0.854862 0.757871 0.862182 0.842988 0.906597 0.997003 0.976202 0.949937 0.972342 0.979970 0.843346 0.922672 0.000000 0.989935 0.953915 0.919627 0.981793 0.924182 0.936455 0.898203 0.906542 0.938743 0.939043 0.972916 0.863477 0.865621 0.734530 0.875869 0.847016 0.891143 0.776377 0.804835 0.827317 0.940441 0.791198 0.757915 0.902678 0.787993 0.852914 0.926677 0.970928 0.963079 0.974867 0.765369 0.803611 0.878046 0.995887 0.959413 0.980226 0.831573 0.921318 0.847775 0.965459 0.877628 0.974210 0.795127 0.941010 0.978123 0.937086 0.838312 0.986483 0.960076 0.900689 0.780086 0.827797 0.917668 0.956237 0.984728 0.895126 0.976730 0.888225 0.900046 0.902003 0.876761 0.898475 0.883766 0.934109 0.930390 0.855850 0.992636 0.964385 0.982336 0.949699 0.801673 0.968461 0.919876 0.971993 0.825259 0.975122 0.904286 0.984474
