0.000000 0.424485 0.652621 0.550828 0.933635 0.684650 0.550511 0.447510 0.712904 0.930220 0.434697 0.378424 0.489255 0.495100 0.730757 0.531448 0.427532 0.410695 0.468147 0.366115 0.801796 0.937491 0.668148 0.643360 0.681642 0.652771 0.922013 0.782664 0.460795 0.492392 0.543220 0.580965 0.400237 0.400885 0.541429 0.769087 0.552184 0.769909 0.963246 0.985962 0.823319 0.849448 0.636964 0.613962 0.625254 0.663245 0.537410 0.650667 0.969622 0.806170 0.774909 0.846925 0.881550 0.950539 0.662643 0.783929 0.417516 0.510283 0.420225 0.742328 0.456892 0.582187 0.356670 0.470977 0.660459 0.612846 0.479598 0.560516 0.602335 0.691796 0.553577 0.650360 0.708470 0.609279 0.921075 0.823196 0.617407 0.729545 0.684525 0.809293 0.407460 0.428406 0.537214 0.613767 0.519643 0.529159 0.983901 0.977072 0.737628 0.634848 0.648855 0.869643 0.667701 0.847813 0.658207 0.783135 0.672853 0.693195 0.554587 0.562309 0.690062 0.756618 0.582493 0.634320 0.529850 0.750637 0.980221 0.737177 0.793585 0.887074 0.952803 0.858604 0.871569 0.865583 0.854719 0.924332
0.424485 0.000000 0.938393 0.816480 0.931220 0.917554 0.832374 0.637959 0.919864 0.920902 0.833536 0.476096 0.891270 0.821804 0.997936 0.714509 0.307766 0.333325 0.741850 0.516577 0.862352 0.926086 0.954359 0.812630 0.752114 0.773923 0.967648 0.979020 0.463471 0.445455 0.772899 0.824724 0.617519 0.647436 0.813390 0.788635 0.700835 0.806882 0.965029 0.868111 0.702373 0.825976 0.736397 0.679363 0.547002 0.513300 0.665107 0.721051 0.680321 0.616021 0.553616 0.656026 0.815556 0.895064 0.636121 0.729701 0.299728 0.233733 0.636287 0.594156 0.770151 0.482197 0.647328 0.458397 0.905635 0.707177 0.702830 0.703552 0.405380 0.512101 0.739100 0.870155 0.652999 0.621073 0.785166 0.831189 0.767176 0.834943 0.572144 0.670480 0.295592 0.350613 0.548231 0.465575 0.773916 0.621127 0.945940 0.925730 0.838438 0.672251 0.858580 0.942676 0.829042 0.909609 0.555707 0.931560 0.539498 0.709032 0.626384 0.685228 0.876245 0.985045 0.595610 0.786453 0.637022 0.851037 0.908477 0.841961 0.801042 0.717412 0.860541 0.674458 0.931247 0.770147 0.714296 0.997612
0.652621 0.938393 0.000000 0.224615 0.809112 0.808360 0.221965 0.333097 0.487744 0.746544 0.472323 0.785177 0.367674 0.491689 0.416750 0.446240 0.993164 0.891867 0.372613 0.553703 0.736880 0.939483 0.266763 0.378117 0.457932 0.335427 0.948183 0.881779 0.722087 0.807572 0.315785 0.408964 0.394965 0.340353 0.487445 0.756049 0.621867 0.836681 0.879289 0.846343 0.979845 0.825349 0.492194 0.589180 0.610411 0.681904 0.552873 0.458961 0.967016 0.889584 0.795501 0.837603 0.778287 0.760495 0.560156 0.721390 0.924810 0.907190 0.549713 0.852636 0.356986 0.801003 0.592861 0.969314 0.247828 0.437151 0.348450 0.425439 0.921003 0.893614 0.508514 0.537409 0.863661 0.816625 0.900483 0.941827 0.560705 0.590991 0.855783 0.806193 0.926578 0.740541 0.694154 0.889200 0.323310 0.445174 0.775787 0.753288 0.764782 0.717047 0.542961 0.614685 0.641108 0.611986 0.713614 0.893946 0.774724 0.886856 0.621532 0.551074 0.677714 0.708561 0.800770 0.846092 0.647493 0.619022 0.922969 0.717594 0.788845 0.883308 0.891595 0.922255 0.819422 0.898433 0.885221 0.821813
0.550828 0.816480 0.224615 0.000000 0.861203 0.716993 0.211511 0.249863 0.529069 0.776414 0.384484 0.650219 0.345681 0.397654 0.480544 0.458460 0.884477 0.747704 0.282442 0.408496 0.804178 0.968040 0.293180 0.281213 0.446772 0.373203 0.926783 0.786885 0.664711 0.730039 0.288573 0.347947 0.309826 0.274710 0.465064 0.710083 0.649459 0.866708 0.840056 0.851876 0.985594 0.815470 0.449621 0.516394 0.587048 0.666575 0.489814 0.444730 0.957379 0.884548 0.788659 0.864169 0.800820 0.815972 0.579502 0.699502 0.907590 0.995935 0.535347 0.839936 0.362375 0.749656 0.508185 0.894505 0.301533 0.372545 0.299123 0.345098 0.869758 0.930243 0.468695 0.504828 0.790426 0.735821 0.816885 0.907526 0.554494 0.568940 0.759657 0.779645 0.816509 0.628790 0.632543 0.849865 0.314304 0.384054 0.793253 0.670771 0.715043 0.651183 0.519287 0.647507 0.621014 0.663145 0.731771 0.830202 0.775503 0.819464 0.564616 0.467935 0.603439 0.616192 0.728689 0.716712 0.600365 0.604051 0.992290 0.773227 0.754744 0.892684 0.889816 0.874011 0.803544 0.920346 0.870594 0.810703
0.933635 0.931220 0.809112 0.861203 0.000000 0.939310 0.844144 0.865236 0.750561 0.782280 0.982190 0.957308 0.844526 0.874222 0.702095 0.841566 0.983732 0.985358 0.889600 0.936492 0.771905 0.871869 0.773472 0.990862 0.848686 0.909760 0.889557 0.870815 0.927317 0.963784 0.795137 0.956431 0.823321 0.838202 0.677851 0.817711 0.717567 0.790536 0.876301 0.997534 0.846051 0.998190 0.849696 0.918756 0.882302 0.948790 0.911258 0.878685 0.958755 0.957517 0.777381 0.763834 0.707515 0.702686 0.907003 0.962894 0.941419 0.991407 0.676983 0.846929 0.778209 0.982238 0.794522 0.908561 0.750656 0.901707 0.718655 0.772068 0.897060 0.897116 0.788240 0.713435 0.829992 0.928460 0.875353 0.990938 0.913449 0.938327 0.932702 0.913080 0.967153 0.876335 0.860410 0.927436 0.826653 0.926445 0.937208 0.779319 0.752617 0.974367 0.693095 0.723090 0.693091 0.656636 0.936464 0.925562 0.825002 0.905555 0.769179 0.903643 0.979155 0.994276 0.742808 0.833989 0.884160 0.645860 0.821997 0.639282 0.885264 0.995969 0.886681 0.956812 0.917188 0.808771 0.793243 0.864177
0.684650 0.917554 0.808360 0.716993 0.939310 0.000000 0.674142 0.644668 0.738039 0.849344 0.682319 0.726281 0.773083 0.842146 0.900503 0.804777 0.859464 0.815392 0.640132 0.665934 0.870494 0.952330 0.858972 0.813120 0.942724 0.771445 0.935471 0.720062 0.876541 0.945758 0.874180 0.771753 0.744320 0.697957 0.769556 0.866102 0.850921 0.984787 0.964402 0.993730 0.946321 0.870670 0.609376 0.670890 0.716158 0.721429 0.676932 0.772218 0.916817 0.845023 0.849606 0.863440 0.877125 0.844208 0.829913 0.938178 0.810982 0.994161 0.775488 0.971303 0.758654 0.806961 0.825324 0.953869 0.811172 0.715011 0.666504 0.626002 0.965363 0.927259 0.780871 0.823755 0.848714 0.718527 0.939761 0.937231 0.686198 0.671101 0.805402 0.955318 0.844359 0.838254 0.972109 0.976442 0.829359 0.826742 0.916731 0.920527 0.882614 0.852792 0.651496 0.739880 0.727706 0.737375 0.970073 0.990694 0.848438 0.895689 0.627530 0.718086 0.820075 0.730531 0.678690 0.632342 0.845147 0.927801 0.936680 0.870654 0.955079 0.883451 0.929503 0.884039 0.952678 0.866311 0.880572 0.874548
0.550511 0.832374 0.221965 0.211511 0.844144 0.674142 0.000000 0.213784 0.505282 0.622906 0.409644 0.664760 0.348365 0.442353 0.447396 0.459433 0.904532 0.745209 0.275030 0.436146 0.764983 0.975201 0.306796 0.416954 0.576244 0.397563 0.988059 0.831194 0.645690 0.766474 0.339926 0.403560 0.328950 0.297207 0.482440 0.675322 0.643213 0.867975 0.930856 0.833153 0.941922 0.866480 0.370184 0.463327 0.484488 0.560157 0.458839 0.434602 0.953078 0.794771 0.714109 0.743139 0.703288 0.686944 0.594432 0.709390 0.911029 0.983290 0.482688 0.869806 0.378284 0.769295 0.547896 0.931196 0.306902 0.398062 0.262992 0.348581 0.910604 0.985412 0.384429 0.424066 0.782309 0.712463 0.924709 0.909054 0.459200 0.519346 0.779135 0.816223 0.863892 0.730792 0.697293 0.930898 0.342773 0.478521 0.800164 0.764270 0.830131 0.740184 0.402225 0.509589 0.505154 0.523049 0.708721 0.799012 0.715983 0.779216 0.463361 0.393133 0.570636 0.545829 0.665831 0.680264 0.594334 0.552478 0.967059 0.703736 0.802478 0.945476 0.898082 0.803102 0.725455 0.865975 0.857002 0.885068
0.447510 0.637959 0.333097 0.249863 0.865236 0.644668 0.213784 0.000000 0.568189 0.635701 0.381071 0.519300 0.406862 0.407402 0.577555 0.482072 0.726721 0.580892 0.241888 0.316442 0.836500 0.994075 0.406527 0.428690 0.595501 0.438044 0.947943 0.816118 0.504333 0.659644 0.344640 0.405094 0.276705 0.267476 0.471385 0.668287 0.601072 0.867530 0.891526 0.868285 0.872757 0.949565 0.366903 0.441531 0.433050 0.500138 0.433373 0.481629 0.859849 0.735872 0.647456 0.735818 0.684094 0.726238 0.585721 0.689412 0.688230 0.780571 0.470277 0.836861 0.413358 0.655233 0.474232 0.794724 0.422340 0.409615 0.289283 0.321360 0.793817 0.876484 0.401653 0.410276 0.680132 0.569251 0.824555 0.834741 0.483781 0.523166 0.708815 0.787149 0.706439 0.597243 0.609158 0.811872 0.404627 0.471913 0.833618 0.752860 0.813431 0.696651 0.433405 0.603994 0.501593 0.654368 0.692917 0.781406 0.621197 0.718978 0.426574 0.364207 0.524023 0.569596 0.552555 0.610630 0.548289 0.597478 0.955567 0.693663 0.727513 0.955195 0.856343 0.791777 0.742043 0.836388 0.844681 0.911202
0.712904 0.919864 0.487744 0.529069 0.750561 0.738039 0.505282 0.568189 0.000000 0.556712 0.710243 0.803043 0.616779 0.791630 0.554402 0.549366 0.845202 0.860361 0.721629 0.704004 0.740983 0.990369 0.547617 0.725260 0.690631 0.529557 0.942403 0.744559 0.681256 0.745233 0.585525 0.778878 0.605582 0.605783 0.653621 0.976121 0.611069 0.686187 0.933204 0.826077 0.950502 0.876422 0.615687 0.675377 0.623363 0.684053 0.730115 0.693879 0.989491 0.871556 0.678897 0.656096 0.587204 0.542864 0.760984 0.728410 0.968000 0.977630 0.516190 0.825863 0.496245 0.767557 0.671119 0.813382 0.479728 0.723207 0.562907 0.685346 0.846656 0.948840 0.500675 0.530891 0.701708 0.816873 0.947202 0.936579 0.492081 0.622649 0.759637 0.973869 0.827363 0.911354 0.875095 0.875204 0.648967 0.789902 0.967859 0.946102 0.870616 0.815488 0.519068 0.544885 0.576855 0.494844 0.791593 0.920878 0.673213 0.808355 0.633475 0.594799 0.786444 0.733253 0.672009 0.786862 0.662474 0.511908 0.767660 0.645782 0.838081 0.994187 0.921291 0.889586 0.748849 0.691122 0.821830 0.941542
0.930220 0.920902 0.746544 0.776414 0.782280 0.849344 0.622906 0.635701 0.556712 0.000000 0.950274 0.987533 0.879052 0.911644 0.649285 0.767598 0.871479 0.823208 0.775592 0.831709 0.946713 0.987066 0.757323 0.957808 0.966016 0.908093 0.947412 0.867375 0.785846 0.899804 0.784804 0.904210 0.828117 0.756439 0.729962 0.816567 0.756493 0.932294 0.982318 0.812151 0.766047 0.890933 0.563415 0.630282 0.565164 0.598263 0.871920 0.804353 0.843546 0.769143 0.572730 0.542214 0.529127 0.487424 0.993566 0.914334 0.919057 0.890912 0.653254 0.988054 0.845775 0.977075 0.891740 0.957598 0.828274 0.923954 0.641568 0.752576 0.965352 0.887799 0.427275 0.447057 0.704363 0.713677 0.950487 0.987997 0.518991 0.590958 0.875043 0.943688 0.994599 0.819447 0.956667 0.964255 0.905663 0.907602 0.885809 0.829717 0.836950 0.830666 0.392559 0.409988 0.406299 0.408090 0.838023 0.999982 0.654573 0.723126 0.546349 0.533354 0.692451 0.656319 0.531013 0.749032 0.748518 0.559754 0.983425 0.479879 0.886215 0.872532 0.801448 0.712586 0.621737 0.664555 0.786358 0.809455
0.434697 0.833536 0.472323 0.384484 0.982190 0.682319 0.409644 0.381071 0.710243 0.950274 0.000000 0.477557 0.310143 0.340167 0.671280 0.553384 0.769073 0.688478 0.330542 0.407632 0.876210 0.859925 0.497363 0.468503 0.733047 0.572833 0.981795 0.781758 0.567440 0.627928 0.426975 0.447481 0.373857 0.337242 0.553283 0.816113 0.680964 0.914870 0.854835 0.980779 0.896040 0.979214 0.656994 0.688521 0.752562 0.814672 0.585372 0.650340 0.869805 0.966868 0.948885 0.936312 0.932274 0.976725 0.678306 0.846886 0.783462 0.915895 0.593274 0.902067 0.360435 0.693041 0.377337 0.718456 0.529237 0.472319 0.446460 0.438493 0.888593 0.944750 0.571861 0.658632 0.819665 0.718451 0.918771 0.806220 0.714466 0.704887 0.848094 0.849949 0.709241 0.618810 0.796164 0.852681 0.449753 0.495515 0.835811 0.738916 0.754695 0.748462 0.699251 0.848905 0.760167 0.837009 0.847083 0.732875 0.902538 0.902617 0.692984 0.630528 0.557368 0.714774 0.748049 0.691585 0.717914 0.800242 0.942147 0.859649 0.828607 0.948901 0.941539 0.990107 0.890474 0.936659 0.945118 0.783102
0.378424 0.476096 0.785177 0.650219 0.957308 0.726281 0.664760 0.519300 0.803043 0.987533 0.477557 0.000000 0.622587 0.568851 0.885825 0.604822 0.462206 0.347944 0.579432 0.421735 0.780510 0.934910 0.726610 0.677278 0.846751 0.701433 0.984698 0.916491 0.447736 0.390617 0.626636 0.679371 0.422576 0.490774 0.699047 0.773312 0.597978 0.752771 0.903769 0.957549 0.703250 0.837098 0.827144 0.794523 0.628157 0.679594 0.725800 0.716182 0.921556 0.836105 0.821874 0.875523 0.890233 0.924851 0.727467 0.854878 0.478207 0.493129 0.539738 0.641162 0.456988 0.375894 0.421033 0.379793 0.770072 0.524408 0.579058 0.523751 0.659834 0.606214 0.722103 0.755215 0.717296 0.617039 0.834036 0.880526 0.798222 0.834115 0.644370 0.695867 0.369274 0.433778 0.663276 0.600297 0.652904 0.581662 0.967472 0.878766 0.780045 0.693466 0.792770 0.971855 0.807727 0.970858 0.742738 0.941050 0.776845 0.856362 0.727167 0.740111 0.726116 0.836892 0.657843 0.737485 0.679773 0.836947 0.938262 0.903472 0.831140 0.895719 0.951865 0.906121 0.959293 0.936809 0.822614 0.972565
0.489255 0.891270 0.367674 0.345681 0.844526 0.773083 0.348365 0.406862 0.616779 0.879052 0.310143 0.622587 0.000000 0.289272 0.406682 0.406903 0.900415 0.749814 0.365400 0.443280 0.696313 0.981173 0.335601 0.382983 0.623538 0.559835 0.855436 0.772802 0.648249 0.646630 0.420573 0.428247 0.353327 0.321236 0.547287 0.807260 0.716311 0.877534 0.919694 0.977957 0.977259 0.908418 0.585183 0.636801 0.818007 0.886055 0.567587 0.611758 0.715649 0.922500 0.990790 0.983149 0.963355 0.891086 0.663450 0.898322 0.881131 0.996009 0.516198 0.869990 0.317021 0.841627 0.335671 0.766604 0.394850 0.482769 0.401644 0.509972 0.906317 0.953428 0.495596 0.593706 0.912853 0.860738 0.912119 0.773211 0.674867 0.625424 0.932323 0.834762 0.796171 0.726265 0.675995 0.997585 0.363896 0.441401 0.726195 0.813575 0.710620 0.766198 0.617241 0.725561 0.752683 0.687378 0.833876 0.758402 0.878130 0.909031 0.621766 0.614277 0.638803 0.706304 0.750932 0.709576 0.703062 0.681635 0.923914 0.771980 0.775855 0.940742 0.899376 0.964209 0.901701 0.936665 0.920765 0.786035
0.495100 0.821804 0.491689 0.397654 0.874222 0.842146 0.442353 0.407402 0.791630 0.911644 0.340167 0.568851 0.289272 0.000000 0.498858 0.431242 0.889242 0.663336 0.371197 0.412893 0.825563 0.931188 0.427271 0.396595 0.663709 0.648902 0.899226 0.714240 0.645532 0.581276 0.409583 0.391625 0.325974 0.328348 0.581080 0.713978 0.671930 0.952567 0.775182 0.974269 0.992367 0.893939 0.664063 0.716227 0.858562 0.925564 0.690352 0.701659 0.705451 0.877149 0.991433 0.908244 0.992158 0.996100 0.842140 0.994636 0.748401 0.898151 0.592871 0.936033 0.407880 0.822575 0.334603 0.710072 0.516764 0.473806 0.449621 0.454962 0.997326 0.987666 0.589667 0.550620 0.932707 0.790897 0.813408 0.750608 0.761538 0.707069 0.831767 0.805055 0.748369 0.711037 0.597793 0.908712 0.415173 0.417437 0.765310 0.736905 0.696518 0.747107 0.658981 0.866120 0.727811 0.852511 0.917715 0.706838 0.903015 0.927930 0.660379 0.665916 0.544609 0.739486 0.756937 0.802787 0.690700 0.788804 0.935290 0.845415 0.746860 0.957143 0.994104 0.999321 0.983008 0.962314 0.939831 0.815357
0.730757 0.997936 0.416750 0.480544 0.702095 0.900503 0.447396 0.577555 0.554402 0.649285 0.671280 0.885825 0.406682 0.498858 0.000000 0.404391 0.991980 0.882949 0.621315 0.715200 0.681342 0.872261 0.357264 0.555318 0.596032 0.617061 0.796197 0.768025 0.816403 0.757653 0.472100 0.598363 0.529430 0.512738 0.612059 0.797810 0.714284 0.831999 0.891143 0.975193 0.968251 0.866958 0.643819 0.752032 0.783861 0.861115 0.761517 0.704255 0.745727 0.938912 0.875734 0.835596 0.818492 0.730496 0.848848 0.942748 0.972806 0.950110 0.586263 0.902643 0.440647 0.959906 0.546729 0.837035 0.391747 0.628109 0.488676 0.623281 0.997023 0.937433 0.488836 0.497235 0.978344 0.988460 0.994861 0.911674 0.652375 0.679652 0.862047 0.916612 0.941959 0.963124 0.682590 0.948875 0.422909 0.567321 0.703344 0.911546 0.837313 0.814392 0.559100 0.606044 0.671293 0.554317 0.797293 0.885741 0.838690 0.837597 0.617979 0.678894 0.817683 0.784352 0.767945 0.854816 0.674472 0.589482 0.765473 0.666470 0.807846 0.889032 0.931719 0.859909 0.928878 0.840597 0.899848 0.896432
0.531448 0.714509 0.446240 0.458460 0.841566 0.804777 0.459433 0.482072 0.549366 0.767598 0.553384 0.604822 0.406903 0.431242 0.404391 0.000000 0.777500 0.613272 0.554750 0.528933 0.631408 0.973737 0.364497 0.469359 0.561361 0.444506 0.883082 0.876691 0.535245 0.479755 0.390979 0.476258 0.360790 0.410876 0.586895 0.691653 0.543843 0.756019 0.982047 0.977048 0.979428 0.933004 0.672943 0.735709 0.715832 0.732136 0.677594 0.679731 0.863014 0.954085 0.784127 0.791466 0.823185 0.778853 0.769785 0.890716 0.786815 0.795318 0.541322 0.743777 0.330052 0.594433 0.450306 0.624722 0.435085 0.460861 0.498517 0.542905 0.865423 0.917820 0.544342 0.551768 0.848177 0.778954 0.795542 0.900576 0.681359 0.731556 0.650595 0.674369 0.601802 0.675774 0.633475 0.779389 0.369842 0.427171 0.818769 0.898915 0.775718 0.775662 0.603156 0.821302 0.696447 0.708249 0.735033 0.889482 0.691291 0.850476 0.623452 0.711243 0.698662 0.806152 0.775824 0.927034 0.650124 0.742658 0.898268 0.759784 0.778951 0.978202 0.913736 0.848214 0.918681 0.928339 0.882463 0.882812
0.427532 0.307766 0.993164 0.884477 0.983732 0.859464 0.904532 0.726721 0.845202 0.871479 0.769073 0.462206 0.900415 0.889242 0.991980 0.777500 0.000000 0.324072 0.812846 0.597868 0.871141 0.977442 0.975779 0.927515 0.863281 0.899269 0.954954 0.952430 0.465678 0.457488 0.784324 0.862714 0.700394 0.692290 0.803498 0.830963 0.681089 0.732301 0.972178 0.814296 0.660599 0.736910 0.850450 0.737810 0.627325 0.612900 0.804376 0.863868 0.782007 0.729286 0.663074 0.733660 0.818676 0.899638 0.739202 0.757785 0.343015 0.276022 0.678935 0.682132 0.745477 0.490992 0.617308 0.387490 0.982654 0.785256 0.752659 0.748298 0.475308 0.596838 0.726095 0.815870 0.706133 0.618638 0.897577 0.807647 0.812728 0.859371 0.690872 0.855314 0.306170 0.491820 0.701887 0.481970 0.860809 0.766683 0.933380 0.953213 0.919221 0.728087 0.851880 0.984355 0.803327 0.992839 0.561895 0.996423 0.620439 0.623607 0.745708 0.716501 0.869767 0.968418 0.629104 0.692282 0.631962 0.850624 0.956176 0.785929 0.916873 0.780201 0.925946 0.737006 0.928706 0.839523 0.757660 0.880121
0.410695 0.333325 0.891867 0.747704 0.985358 0.815392 0.745209 0.580892 0.860361 0.823208 0.688478 0.347944 0.749814 0.663336 0.882949 0.613272 0.324072 0.000000 0.663432 0.510302 0.837976 0.922811 0.823166 0.777874 0.837590 0.778077 0.977872 0.964503 0.415635 0.347998 0.652290 0.676089 0.516943 0.591697 0.722773 0.693002 0.594733 0.773231 0.965476 0.843437 0.743482 0.790250 0.764759 0.697049 0.581509 0.579235 0.751667 0.767597 0.893329 0.788083 0.712038 0.747472 0.829783 0.903641 0.722754 0.869212 0.313671 0.302849 0.638920 0.697390 0.618585 0.468095 0.510058 0.334989 0.858142 0.637847 0.608998 0.613496 0.557806 0.576175 0.660652 0.694562 0.709693 0.573528 0.923431 0.848213 0.778615 0.774348 0.524560 0.656757 0.272127 0.468272 0.599154 0.559759 0.753877 0.645000 0.981767 0.950148 0.844132 0.723520 0.720668 0.950971 0.678468 0.938100 0.682194 0.875274 0.575357 0.764229 0.654476 0.662375 0.711114 0.881192 0.576506 0.718578 0.589053 0.783134 0.992969 0.855918 0.848991 0.756793 0.927081 0.777182 0.950324 0.869699 0.776936 0.967914
0.468147 0.741850 0.372613 0.282442 0.889600 0.640132 0.275030 0.241888 0.721629 0.775592 0.330542 0.579432 0.365400 0.371197 0.621315 0.554750 0.812846 0.663432 0.000000 0.348278 0.897551 0.966542 0.439487 0.419319 0.637792 0.537642 0.997940 0.774460 0.596878 0.715930 0.389394 0.406726 0.329603 0.287805 0.461989 0.680433 0.696807 0.953223 0.899413 0.912571 0.899465 0.901907 0.441143 0.490211 0.587419 0.648344 0.469454 0.509169 0.999031 0.855775 0.824676 0.901583 0.838374 0.902968 0.604345 0.787197 0.732416 0.889051 0.559323 0.942824 0.478000 0.790035 0.481577 0.863592 0.483782 0.453728 0.329733 0.358903 0.890341 0.947912 0.474981 0.559476 0.799950 0.679252 0.839372 0.805606 0.573259 0.594920 0.808414 0.831124 0.773994 0.629389 0.686588 0.921687 0.419945 0.480032 0.824133 0.749252 0.733437 0.730927 0.504978 0.681256 0.601148 0.729072 0.791405 0.715922 0.755502 0.797853 0.472798 0.451144 0.567287 0.610991 0.655589 0.628074 0.612178 0.709134 0.961687 0.735795 0.807844 0.918540 0.964896 0.787104 0.758081 0.927152 0.969530 0.866567
0.366115 0.516577 0.553703 0.408496 0.936492 0.665934 0.436146 0.316442 0.704004 0.831709 0.407632 0.421735 0.443280 0.412893 0.715200 0.528933 0.597868 0.510302 0.348278 0.000000 0.818148 0.961090 0.595172 0.512106 0.670742 0.591078 0.993055 0.775913 0.421335 0.594775 0.509383 0.477417 0.325980 0.340212 0.630786 0.760897 0.682006 0.984540 0.884200 0.958078 0.854254 0.943333 0.518479 0.542069 0.568492 0.591722 0.511960 0.544158 0.864823 0.749715 0.728984 0.825691 0.817611 0.876402 0.650426 0.763085 0.563803 0.633905 0.489073 0.724456 0.488374 0.589780 0.463452 0.690577 0.589182 0.485665 0.465454 0.463670 0.648537 0.789441 0.544868 0.665272 0.691945 0.586465 0.751015 0.685822 0.588957 0.633663 0.755182 0.793371 0.574208 0.435798 0.553642 0.735894 0.482872 0.478080 0.770750 0.704038 0.756500 0.712891 0.627750 0.836496 0.712218 0.863593 0.719213 0.945933 0.737282 0.772315 0.542057 0.484454 0.627993 0.688584 0.549313 0.624391 0.563026 0.749978 0.962822 0.797969 0.729318 0.979815 0.985814 0.774183 0.813849 0.877461 0.880150 0.936866
0.801796 0.862352 0.736880 0.804178 0.771905 0.870494 0.764983 0.836500 0.740983 0.946713 0.876210 0.780510 0.696313 0.825563 0.681342 0.631408 0.871141 0.837976 0.897551 0.818148 0.000000 0.922201 0.703548 0.785551 0.747695 0.749877 0.843087 0.916886 0.877629 0.777439 0.740955 0.877004 0.710858 0.778833 0.813496 0.785613 0.768335 0.725365 0.954070 0.776343 0.859734 0.989947 0.894937 0.964240 0.900489 0.933750 0.876215 0.854814 0.868766 0.906619 0.926860 0.923716 0.963804 0.827859 0.798828 0.847567 0.982328 0.877549 0.650519 0.678852 0.589082 0.746893 0.754346 0.764970 0.629245 0.695222 0.713166 0.755313 0.806041 0.981173 0.690046 0.841311 0.968802 0.933173 0.991576 0.903449 0.838711 0.735377 0.918083 0.791175 0.719819 0.864145 0.801447 0.872260 0.701096 0.692419 0.824076 0.815505 0.791383 0.910771 0.810848 0.873190 0.883385 0.752042 0.830212 0.933658 0.799460 0.968897 0.782083 0.904436 0.962226 0.969983 0.905147 0.944972 0.833185 0.662302 0.842263 0.910535 0.979754 0.980805 0.981148 0.839281 0.945547 0.936241 0.756104 0.930094
0.937491 0.926086 0.939483 0.968040 0.871869 0.952330 0.975201 0.994075 0.990369 0.987066 0.859925 0.934910 0.981173 0.931188 0.872261 0.973737 0.977442 0.922811 0.966542 0.961090 0.922201 0.000000 0.960772 0.876881 0.804601 0.934230 0.773673 0.803916 0.962598 0.985566 0.888976 0.915953 0.991509 0.986982 0.956689 0.958966 0.955604 0.897408 0.942922 0.877614 0.931609 0.965829 0.989803 0.951508 0.968025 0.978243 0.998324 0.928344 0.928411 0.932774 0.925569 0.929934 0.961951 0.963000 0.994097 0.947827 0.919711 0.922686 0.979377 0.961529 0.964958 0.970047 0.964313 0.904077 0.936637 0.992167 0.992372 0.953629 0.880489 0.885482 0.965315 0.986816 0.902013 0.992481 0.879842 0.947605 0.920121 0.808744 0.960272 0.868379 0.952766 0.925770 0.755512 0.932675 0.959432 0.832854 0.975396 0.990766 0.870549 0.821163 0.952206 0.960104 0.956300 0.963531 0.982147 0.911265 0.898316 0.991838 0.922293 0.889005 0.942686 0.887531 0.899247 0.959746 0.761668 0.939391 0.927633 0.896528 0.967779 0.895826 0.855663 0.945322 0.913313 0.951474 0.866377 0.933984
0.668148 0.954359 0.266763 0.293180 0.773472 0.858972 0.306796 0.406527 0.547617 0.757323 0.497363 0.726610 0.335601 0.427271 0.357264 0.364497 0.975779 0.823166 0.439487 0.595172 0.703548 0.960772 0.000000 0.323216 0.417569 0.434124 0.817122 0.912639 0.775403 0.662088 0.306040 0.379485 0.350017 0.337227 0.493509 0.693286 0.615411 0.821863 0.831322 0.907420 0.972452 0.771480 0.658796 0.743918 0.810787 0.861438 0.653256 0.611195 0.719873 0.892303 0.896565 0.899422 0.885037 0.788549 0.737351 0.869566 0.951508 0.955692 0.596641 0.801281 0.311836 0.748418 0.463320 0.792221 0.287462 0.378494 0.393855 0.426887 0.961666 0.861856 0.499224 0.544045 0.979630 0.943434 0.826207 0.902690 0.667209 0.618250 0.850622 0.747158 0.822453 0.782027 0.640219 0.941464 0.276060 0.391857 0.808407 0.810615 0.673023 0.633112 0.629596 0.725113 0.722116 0.665574 0.739594 0.830180 0.827922 0.866749 0.692621 0.662615 0.745032 0.743398 0.893884 0.881028 0.701282 0.602320 0.940400 0.762728 0.909054 0.864797 0.912665 0.998437 0.954529 0.942227 0.883294 0.903774
0.643360 0.812630 0.378117 0.281213 0.990862 0.813120 0.416954 0.428690 0.725260 0.957808 0.468503 0.677278 0.382983 0.396595 0.555318 0.469359 0.927515 0.777874 0.419319 0.512106 0.785551 0.876881 0.323216 0.000000 0.396254 0.472433 0.850660 0.851029 0.766779 0.641805 0.372832 0.331384 0.365684 0.358993 0.626302 0.803999 0.774625 0.911348 0.786902 0.963584 0.903043 0.729131 0.675498 0.724040 0.825312 0.862918 0.637344 0.611224 0.809416 0.927990 0.956321 0.947094 0.948343 0.986514 0.652538 0.856383 0.906012 0.987228 0.725472 0.854035 0.419642 0.720958 0.522541 0.824386 0.405655 0.371642 0.503741 0.469905 0.899626 0.814854 0.659007 0.743071 0.978667 0.922858 0.743221 0.864780 0.792763 0.705485 0.787527 0.683880 0.766629 0.595693 0.555903 0.840427 0.346712 0.303247 0.784354 0.552547 0.598243 0.591683 0.813130 0.939275 0.924369 0.960361 0.789041 0.840390 0.857432 0.986901 0.753879 0.728833 0.774931 0.860012 0.957380 0.892902 0.743076 0.816539 0.952221 0.981268 0.845322 0.870758 0.909482 0.986406 0.991434 0.985010 0.903825 0.816601
0.681642 0.752114 0.457932 0.446772 0.848686 0.942724 0.576244 0.595501 0.690631 0.966016 0.733047 0.846751 0.623538 0.663709 0.596032 0.561361 0.863281 0.837590 0.637792 0.670742 0.747695 0.804601 0.417569 0.396254 0.000000 0.448781 0.764572 0.964315 0.872011 0.697114 0.413153 0.475228 0.509856 0.523687 0.586028 0.754813 0.684712 0.791397 0.782965 0.987066 0.991517 0.822603 0.825764 0.862692 0.885407 0.899325 0.694494 0.693315 0.886331 0.966020 0.863575 0.991299 0.996056 0.994138 0.694705 0.815605 0.910694 0.834814 0.761144 0.686321 0.496168 0.677642 0.626062 0.774048 0.389509 0.494185 0.587589 0.600312 0.741289 0.884126 0.725635 0.856675 0.996562 0.944192 0.766396 0.930060 0.779589 0.749229 0.835928 0.720135 0.703025 0.572599 0.499148 0.685168 0.358394 0.363071 0.901932 0.774078 0.576182 0.472512 0.949594 0.949601 0.970745 0.962749 0.714344 0.896416 0.742238 0.790097 0.862914 0.820437 0.963915 0.979564 0.970265 0.923124 0.705332 0.771201 0.915880 0.895781 0.951550 0.971445 0.830972 0.980856 0.878111 0.995174 0.910377 0.840290
0.652771 0.773923 0.335427 0.373203 0.909760 0.771445 0.397563 0.438044 0.529557 0.908093 0.572833 0.701433 0.559835 0.648902 0.617061 0.444506 0.899269 0.778077 0.537642 0.591078 0.749877 0.934230 0.434124 0.472433 0.448781 0.000000 0.950221 0.982744 0.649338 0.718126 0.422091 0.518104 0.455074 0.487985 0.631943 0.691929 0.577638 0.736858 0.958211 0.993474 0.988243 0.889779 0.621840 0.747357 0.609681 0.639786 0.590878 0.574564 0.889592 0.816607 0.705773 0.807943 0.771070 0.811026 0.528237 0.743436 0.952584 0.928641 0.622752 0.701958 0.408470 0.602027 0.679303 0.864578 0.348072 0.425429 0.501161 0.505586 0.772300 0.933938 0.700268 0.715890 0.810314 0.830850 0.847615 0.971670 0.665461 0.668711 0.687164 0.751508 0.730512 0.598278 0.679813 0.736354 0.396831 0.448750 0.893257 0.794686 0.723800 0.675551 0.730569 0.852293 0.783521 0.802908 0.702867 0.847240 0.721878 0.848157 0.726709 0.708756 0.780590 0.897416 0.891573 0.963772 0.692044 0.716200 0.895409 0.860896 0.766260 0.997206 0.912844 0.934103 0.956866 0.955830 0.881910 0.864756
0.922013 0.967648 0.948183 0.926783 0.889557 0.935471 0.988059 0.947943 0.942403 0.947412 0.981795 0.984698 0.855436 0.899226 0.796197 0.883082 0.954954 0.977872 0.997940 0.993055 0.843087 0.773673 0.817122 0.850660 0.764572 0.950221 0.000000 0.848342 0.907323 0.946961 0.943632 0.922596 0.925452 0.913979 0.942644 0.834514 0.956733 0.842654 0.857212 0.955378 0.832977 0.951566 0.866520 0.936759 0.866692 0.821051 0.929381 0.882419 0.707517 0.785766 0.998170 0.905490 0.821431 0.974263 0.975431 0.894137 0.947288 0.941808 0.859601 0.728534 0.824461 0.935795 0.819632 0.859863 0.869686 0.762130 0.869542 0.826905 0.992831 0.896020 0.984389 0.977125 0.832574 0.809268 0.888842 0.988304 0.972195 0.902279 0.996681 0.852962 0.877890 0.973533 0.809530 0.914115 0.799539 0.772694 0.856956 0.934590 0.715965 0.830502 0.912987 0.905610 0.917795 0.979389 0.872919 0.931445 0.961213 0.792393 0.943301 0.991502 0.880296 0.875622 0.964948 0.964604 0.922005 0.926864 0.989026 0.869918 0.930922 0.859433 0.915588 0.974985 0.789389 0.864315 0.837983 0.981120
0.782664 0.979020 0.881779 0.786885 0.870815 0.720062 0.831194 0.816118 0.744559 0.867375 0.781758 0.916491 0.772802 0.714240 0.768025 0.876691 0.952430 0.964503 0.774460 0.775913 0.916886 0.803916 0.912639 0.851029 0.964315 0.982744 0.848342 0.000000 0.888165 0.973372 0.838602 0.896320 0.808789 0.807572 0.786197 0.899255 0.954275 0.992681 0.875838 0.989652 0.949449 0.875642 0.850005 0.807624 0.923063 0.982812 0.894754 0.912838 0.897966 0.945881 0.959720 0.968267 0.929077 0.940274 0.987520 0.961588 0.901288 0.892274 0.749705 0.960222 0.873416 0.874109 0.811520 0.989176 0.910530 0.928487 0.798138 0.860654 0.949539 0.996044 0.856404 0.795699 0.881914 0.880120 0.899757 0.990943 0.791875 0.903979 0.886341 0.984824 0.990164 0.998999 0.971675 0.935946 0.905594 0.878263 0.928103 0.946890 0.972177 0.955516 0.734436 0.763176 0.824919 0.807931 0.874850 0.991003 0.950996 0.867885 0.813016 0.793864 0.827345 0.862274 0.764226 0.732957 0.818131 0.890794 0.974323 0.863710 0.861525 0.849051 0.972800 0.983409 0.906347 0.861534 0.858659 0.974110
0.460795 0.463471 0.722087 0.664711 0.927317 0.876541 0.645690 0.504333 0.681256 0.785846 0.567440 0.447736 0.648249 0.645532 0.816403 0.535245 0.465678 0.415635 0.596878 0.421335 0.877629 0.962598 0.775403 0.766779 0.872011 0.649338 0.907323 0.888165 0.000000 0.473643 0.593044 0.718075 0.479727 0.562979 0.688265 0.900696 0.608072 0.796934 0.971949 0.885692 0.771325 0.854523 0.698181 0.659681 0.532534 0.495905 0.709167 0.662540 0.739808 0.640924 0.643189 0.697742 0.676082 0.786671 0.673482 0.677797 0.502895 0.492380 0.533377 0.721371 0.529554 0.499671 0.525998 0.522134 0.761503 0.674396 0.628290 0.653269 0.630564 0.570545 0.650454 0.659229 0.521153 0.513763 0.818447 0.761558 0.758130 0.775210 0.591214 0.764022 0.466632 0.519549 0.677836 0.594722 0.669765 0.687159 0.832486 0.962261 0.896770 0.891325 0.684603 0.924787 0.758178 0.872250 0.684442 0.905792 0.595101 0.860734 0.676401 0.620508 0.676666 0.925055 0.560378 0.765321 0.589475 0.796375 0.924797 0.770243 0.623400 0.766247 0.907185 0.848523 0.811378 0.735616 0.824454 0.969701
0.492392 0.445455 0.807572 0.730039 0.963784 0.945758 0.766474 0.659644 0.745233 0.899804 0.627928 0.390617 0.646630 0.581276 0.757653 0.479755 0.457488 0.347998 0.715930 0.594775 0.777439 0.985566 0.662088 0.641805 0.697114 0.718126 0.946961 0.973372 0.473643 0.000000 0.568898 0.651279 0.482979 0.556658 0.779783 0.846362 0.617000 0.719959 0.913232 0.819233 0.793195 0.809702 0.927013 0.859200 0.780974 0.767276 0.875131 0.820964 0.922148 0.981180 0.800762 0.857138 0.925559 0.943345 0.805594 0.903441 0.474648 0.423724 0.666893 0.666356 0.486716 0.444401 0.411641 0.297327 0.749047 0.596739 0.686535 0.671815 0.609908 0.712800 0.695819 0.770875 0.827771 0.750860 0.859422 0.924488 0.870353 0.798621 0.609498 0.596847 0.308520 0.529525 0.606306 0.580037 0.650620 0.544161 0.975272 0.948479 0.772384 0.677770 0.837977 0.909285 0.829645 0.997462 0.690985 0.897974 0.683113 0.892750 0.799277 0.851990 0.824773 0.998803 0.746420 0.941942 0.726468 0.832836 0.949008 0.915540 0.981950 0.759933 0.898321 0.850549 0.886991 0.884543 0.758871 0.972245
0.543220 0.772899 0.315785 0.288573 0.795137 0.874180 0.339926 0.344640 0.585525 0.784804 0.426975 0.626636 0.420573 0.409583 0.472100 0.390979 0.784324 0.652290 0.389394 0.509383 0.740955 0.888976 0.306040 0.372832 0.413153 0.422091 0.943632 0.838602 0.593044 0.568898 0.000000 0.361826 0.310401 0.338618 0.464467 0.760431 0.575387 0.803490 0.890765 0.947701 0.911523 0.895485 0.642993 0.686769 0.671803 0.733824 0.672920 0.644564 0.895733 0.991388 0.816700 0.928103 0.842828 0.874058 0.700630 0.787741 0.791079 0.830427 0.581807 0.798069 0.326560 0.644997 0.465653 0.700177 0.380745 0.426036 0.423875 0.431963 0.779887 0.970118 0.498928 0.485080 0.792805 0.703124 0.731577 0.851745 0.673158 0.686568 0.676446 0.667598 0.677305 0.635895 0.591112 0.713871 0.346665 0.404019 0.830864 0.798961 0.703986 0.659569 0.645419 0.812689 0.688750 0.806666 0.707505 0.789078 0.658823 0.815105 0.690268 0.621881 0.641283 0.754508 0.818926 0.884937 0.577816 0.635756 0.963548 0.762738 0.822731 0.980171 0.859631 0.985204 0.918726 0.989832 0.828512 0.899074
0.580965 0.824724 0.408964 0.347947 0.956431 0.771753 0.403560 0.405094 0.778878 0.904210 0.447481 0.679371 0.428247 0.391625 0.598363 0.476258 0.862714 0.676089 0.406726 0.477417 0.877004 0.915953 0.379485 0.331384 0.475228 0.518104 0.922596 0.896320 0.718075 0.651279 0.361826 0.000000 0.400977 0.373738 0.595414 0.741996 0.750941 0.950753 0.819675 0.936240 0.921534 0.779754 0.642969 0.620646 0.777260 0.790765 0.653211 0.612932 0.896709 0.990327 0.923637 0.985307 0.986408 0.999885 0.711619 0.977508 0.816463 0.907762 0.699192 0.938147 0.470431 0.749582 0.546084 0.841990 0.467182 0.440761 0.481156 0.477094 0.931837 0.843041 0.673843 0.638268 0.912270 0.769044 0.802353 0.765339 0.736693 0.682394 0.790259 0.657131 0.777344 0.643468 0.580436 0.867440 0.409614 0.429273 0.749900 0.725336 0.799314 0.711258 0.719540 0.878999 0.787630 0.874643 0.786904 0.812572 0.860699 0.864553 0.738593 0.687333 0.676425 0.742208 0.868550 0.823230 0.692388 0.814955 0.968176 0.915299 0.992863 0.971109 0.948519 0.992211 0.999531 0.937403 0.903864 0.889856
0.400237 0.617519 0.394965 0.309826 0.823321 0.744320 0.328950 0.276705 0.605582 0.828117 0.373857 0.422576 0.353327 0.325974 0.529430 0.360790 0.700394 0.516943 0.329603 0.325980 0.710858 0.991509 0.350017 0.365684 0.509856 0.455074 0.925452 0.808789 0.479727 0.482979 0.310401 0.400977 0.000000 0.290026 0.488300 0.662042 0.496441 0.735976 0.809044 0.970782 0.858361 0.907741 0.576101 0.647884 0.615701 0.685204 0.536807 0.598790 0.914810 0.952537 0.785512 0.895773 0.876882 0.883336 0.707651 0.739836 0.660953 0.708108 0.453568 0.702719 0.293288 0.540754 0.327141 0.578745 0.398291 0.327895 0.327650 0.324268 0.771985 0.863434 0.483101 0.503973 0.760406 0.696015 0.776089 0.817409 0.586807 0.655934 0.654427 0.698068 0.548242 0.517751 0.545440 0.725197 0.324203 0.343467 0.848763 0.756673 0.682876 0.648470 0.596235 0.837837 0.659812 0.811867 0.729465 0.796632 0.674050 0.795929 0.554666 0.563947 0.636671 0.695378 0.657181 0.768301 0.605277 0.691452 0.954514 0.772777 0.772974 0.979519 0.947694 0.883914 0.899531 0.860702 0.916884 0.834900
0.400885 0.647436 0.340353 0.274710 0.838202 0.697957 0.297207 0.267476 0.605783 0.756439 0.337242 0.490774 0.321236 0.328348 0.512738 0.410876 0.692290 0.591697 0.287805 0.340212 0.778833 0.986982 0.337227 0.358993 0.523687 0.487985 0.913979 0.807572 0.562979 0.556658 0.338618 0.373738 0.290026 0.000000 0.444988 0.694987 0.578145 0.773883 0.761202 0.915120 0.913402 0.864519 0.491249 0.528189 0.598317 0.656709 0.495045 0.503389 0.939713 0.879793 0.754820 0.818645 0.804900 0.815230 0.624833 0.880075 0.693485 0.781643 0.486444 0.753276 0.335255 0.639957 0.380407 0.670151 0.401767 0.345970 0.321788 0.319523 0.748277 0.954415 0.448383 0.549534 0.788782 0.691236 0.780327 0.771204 0.623810 0.583090 0.744840 0.749432 0.625407 0.536823 0.537570 0.765950 0.330398 0.359795 0.807333 0.767960 0.649797 0.645169 0.544407 0.734923 0.621937 0.728033 0.731926 0.796465 0.755691 0.788324 0.532729 0.499755 0.603480 0.678708 0.627026 0.651127 0.534006 0.653925 0.951099 0.693146 0.763353 0.972216 0.975233 0.805845 0.842536 0.956108 0.803357 0.814206
0.541429 0.813390 0.487445 0.465064 0.677851 0.769556 0.482440 0.471385 0.653621 0.729962 0.553283 0.699047 0.547287 0.581080 0.612059 0.586895 0.803498 0.722773 0.461989 0.630786 0.813496 0.956689 0.493509 0.626302 0.586028 0.631943 0.942644 0.786197 0.688265 0.779783 0.464467 0.595414 0.488300 0.444988 0.000000 0.745859 0.574920 0.738689 0.821347 0.979543 0.844766 0.899604 0.622581 0.648607 0.666523 0.733743 0.607956 0.633644 0.931385 0.891976 0.776570 0.829622 0.738290 0.789206 0.675929 0.768526 0.850277 0.894402 0.524118 0.843142 0.469701 0.763676 0.535166 0.736116 0.473940 0.555631 0.373337 0.462261 0.892336 0.956276 0.534795 0.603661 0.745315 0.780185 0.992799 0.856576 0.683303 0.685891 0.793069 0.819809 0.724467 0.675511 0.663877 0.786513 0.462685 0.557691 0.841986 0.981283 0.725238 0.733748 0.513330 0.712229 0.604751 0.617499 0.787777 0.798274 0.722536 0.701781 0.621624 0.630973 0.702807 0.743019 0.671263 0.772846 0.643125 0.548497 0.974669 0.610819 0.712955 0.940563 0.853982 0.950994 0.888477 0.841931 0.917491 0.809815
0.769087 0.788635 0.756049 0.710083 0.817711 0.866102 0.675322 0.668287 0.976121 0.816567 0.816113 0.773312 0.807260 0.713978 0.797810 0.691653 0.830963 0.693002 0.680433 0.760897 0.785613 0.958966 0.693286 0.803999 0.754813 0.691929 0.834514 0.899255 0.900696 0.846362 0.760431 0.741996 0.662042 0.694987 0.745859 0.000000 0.693926 0.835984 0.871070 0.903284 0.790222 0.954271 0.806329 0.890873 0.769889 0.847136 0.779640 0.805971 0.983461 0.957636 0.746713 0.793049 0.805558 0.833877 0.859699 0.906601 0.851042 0.809947 0.752384 0.824632 0.726834 0.774193 0.764702 0.839546 0.701171 0.595676 0.549847 0.521616 0.958164 0.903464 0.679975 0.699909 0.928411 0.854165 0.905110 0.973624 0.714274 0.809804 0.978977 0.944520 0.730768 0.827419 0.684797 0.931138 0.615809 0.636826 0.942928 0.985337 0.794396 0.852274 0.743388 0.856510 0.663187 0.805988 0.839684 0.769470 0.918721 0.697322 0.738806 0.794125 0.752290 0.821613 0.840139 0.840182 0.723398 0.813782 0.954751 0.852874 0.946704 0.994153 0.879825 0.753202 0.945736 0.890951 0.954754 0.980275
0.552184 0.700835 0.621867 0.649459 0.717567 0.850921 0.643213 0.601072 0.611069 0.756493 0.680964 0.597978 0.716311 0.671930 0.714284 0.543843 0.681089 0.594733 0.696807 0.682006 0.768335 0.955604 0.615411 0.774625 0.684712 0.577638 0.956733 0.954275 0.608072 0.617000 0.575387 0.750941 0.496441 0.578145 0.574920 0.693926 0.000000 0.693890 0.841372 0.907833 0.684556 0.816166 0.824189 0.872930 0.697615 0.759399 0.733333 0.823886 0.983260 0.898261 0.662036 0.784165 0.743460 0.798990 0.823273 0.771204 0.726529 0.681256 0.508145 0.670829 0.471808 0.576321 0.527588 0.570552 0.648404 0.631240 0.553647 0.515698 0.787196 0.872528 0.645023 0.574044 0.749393 0.774515 0.984974 0.962887 0.705503 0.844722 0.622139 0.809649 0.563564 0.760916 0.691793 0.631292 0.616367 0.657838 0.987089 0.948699 0.674438 0.687635 0.716112 0.856255 0.680289 0.816755 0.637420 0.946408 0.655329 0.871673 0.727792 0.747355 0.807598 0.973115 0.691681 0.938475 0.670509 0.727077 0.972996 0.653785 0.745202 0.794875 0.812188 0.906735 0.987376 0.808710 0.925344 0.936859
0.769909 0.806882 0.836681 0.866708 0.790536 0.984787 0.867975 0.867530 0.686187 0.932294 0.914870 0.752771 0.877534 0.952567 0.831999 0.756019 0.732301 0.773231 0.953223 0.984540 0.725365 0.897408 0.821863 0.911348 0.791397 0.736858 0.842654 0.992681 0.796934 0.719959 0.803490 0.950753 0.735976 0.773883 0.738689 0.835984 0.693890 0.000000 0.893620 0.848224 0.869746 0.863831 0.983121 0.962103 0.836834 0.906964 0.923658 0.939753 0.944955 0.943649 0.913650 0.918551 0.920538 0.954461 0.897766 0.872541 0.840226 0.771887 0.707674 0.604675 0.664695 0.688669 0.738407 0.626608 0.781054 0.752174 0.745178 0.771769 0.840934 0.895185 0.809570 0.812207 0.908114 0.989386 0.907416 0.864789 0.983526 0.999274 0.906574 0.937977 0.709948 0.836987 0.787779 0.823891 0.808872 0.829131 0.995898 0.872564 0.885026 0.979927 0.862039 0.971806 0.813280 0.873040 0.908718 0.961257 0.845475 0.824568 0.927853 0.952832 0.964522 0.995243 0.922551 0.988683 0.775509 0.758689 0.802420 0.850218 0.816388 0.898503 0.923113 0.855503 0.939955 0.852553 0.868758 0.918923
