0.000000 0.415780 0.976340 0.868135 0.895851 0.897263 0.853770 0.731335 0.983374 0.766981 0.636243 0.574685 0.998603 0.841184 0.994174 0.903227 0.510165 0.553291 0.626039 0.568681 0.942870 0.932757 0.984491 0.949502 0.947711 0.902236 0.971189 0.891856 0.728033 0.745493 0.883005 0.857618 0.551611 0.629503 0.947124 0.938797 0.798400 0.777228 0.951436 0.997645 0.757787 0.940187 0.889246 0.746259 0.802128 0.856140 0.885984 0.895960 0.864029 0.954238 0.893731 0.995563 0.867656 0.868059 0.915206 0.844830 0.423100 0.429826 0.673645 0.834087 0.803914 0.925754 0.502315 0.501617 0.800659 0.962757 0.793636 0.763585 0.537717 0.640288 0.628478 0.648297 0.785236 0.774593 0.938471 0.935057 0.734937 0.723405 0.817607 0.768155 0.509860 0.516554 0.975946 0.801686 0.982758 0.856318 0.915562 0.834490 0.785753 0.961419 0.745590 0.744183 0.782559 0.863143 0.982712 0.892983 0.757917 0.966554 0.547483 0.698334 0.841257 0.932184 0.664334 0.626523 0.828231 0.997836 0.943116 0.894470 0.937812 0.890159 0.764821 0.854766 0.857312 0.986030 0.974498 0.985350
0.415780 0.000000 0.786732 0.995626 0.979802 0.953685 0.967993 0.778431 0.836462 0.800017 0.693519 0.537287 0.882449 0.843689 0.799918 0.976473 0.503972 0.497282 0.672351 0.517687 0.982921 0.969994 0.897941 0.952205 0.868666 0.777775 0.994675 0.830674 0.754912 0.670658 0.965675 0.870321 0.625170 0.648769 0.986132 0.857197 0.810256 0.740341 0.888592 0.979240 0.781752 0.770914 0.954455 0.762023 0.830819 0.820852 0.989810 0.968423 0.830909 0.921706 0.955659 0.970854 0.737210 0.752783 0.967217 0.821481 0.381086 0.335885 0.808433 0.812980 0.897798 0.842386 0.621486 0.464910 0.700580 0.960384 0.911800 0.821300 0.561723 0.603150 0.618324 0.702059 0.816188 0.746168 0.993796 0.971484 0.774173 0.742060 0.850256 0.786379 0.531961 0.564334 0.950895 0.781180 0.850352 0.945032 0.961224 0.883954 0.659712 0.914037 0.833559 0.817568 0.861279 0.917247 0.923116 0.925462 0.770497 0.917719 0.601841 0.745606 0.768749 0.994249 0.720844 0.651809 0.915971 0.965267 0.964458 0.948179 0.992808 0.910281 0.785708 0.781996 0.800567 0.958007 0.978319 0.995431
0.976340 0.786732 0.000000 0.483324 0.782902 0.933615 0.407598 0.792349 0.586396 0.873292 0.922626 0.755286 0.727444 0.901612 0.665059 0.916071 0.931639 0.862356 0.744841 0.902910 0.868461 0.861889 0.458444 0.675544 0.528445 0.550135 0.933341 0.861477 0.921510 0.887903 0.544469 0.738809 0.677138 0.695760 0.655546 0.932862 0.857337 0.999441 0.666025 0.916520 0.892749 0.909422 0.698408 0.832715 0.798271 0.949868 0.694191 0.762939 0.784769 0.996301 0.998732 0.945996 0.798747 0.803324 0.815595 0.927798 0.829924 0.742500 0.713136 0.940594 0.664910 0.869175 0.834089 0.777989 0.414219 0.630181 0.478774 0.637317 0.960148 0.855469 0.853628 0.898081 0.951292 0.965854 0.764953 0.817241 0.718377 0.804663 0.863315 0.972744 0.897590 0.981749 0.981357 0.849463 0.519202 0.602543 0.888331 0.937961 0.803992 0.950421 0.849044 0.795005 0.767211 0.651762 0.996851 0.921796 0.974938 0.859882 0.995505 0.901586 0.781456 0.812177 0.999670 0.881326 0.800073 0.583473 0.965067 0.907217 0.995675 0.995755 0.931052 0.933216 0.980487 0.944869 0.855721 0.859621
0.868135 0.995626 0.483324 0.000000 0.876801 0.917095 0.447280 0.567668 0.676576 0.743214 0.987316 0.980150 0.867587 0.981510 0.834587 0.739306 0.960357 0.944601 0.661172 0.914889 0.915652 0.997118 0.474780 0.520186 0.655158 0.651410 0.978384 0.995964 0.908319 0.976551 0.574718 0.682956 0.673825 0.713869 0.747424 0.972220 0.633718 0.816285 0.705398 0.950518 0.819499 0.955077 0.726691 0.873480 0.978669 0.944706 0.792037 0.822977 0.758058 0.912869 0.966402 0.950976 0.801899 0.696824 0.817883 0.877835 0.973557 0.943279 0.745561 0.942975 0.712829 0.929106 0.691590 0.943102 0.630144 0.671329 0.599019 0.768990 0.929341 0.930786 0.670960 0.690785 0.714738 0.821493 0.775514 0.866264 0.662930 0.816373 0.798329 0.998229 0.913627 0.880239 0.964860 0.923221 0.654290 0.598445 0.890218 0.975862 0.995580 0.951639 0.743700 0.697517 0.704620 0.679185 0.924221 0.951168 0.889184 0.976519 0.965653 0.835257 0.973105 0.670238 0.847584 0.922447 0.758378 0.668638 0.980756 0.851436 0.925661 0.998784 0.971306 0.951725 0.976986 0.939084 0.953842 0.920719
0.895851 0.979802 0.782902 0.876801 0.000000 0.764408 0.815289 0.980527 0.835155 0.931094 0.712838 0.899077 0.711156 0.982172 0.809768 0.926196 0.980037 0.919342 0.882760 0.977120 0.973988 0.861348 0.873978 0.994466 0.916395 0.963016 0.819894 0.971414 0.884475 0.956332 0.872260 0.907648 0.818282 0.787715 0.883445 0.892976 0.996230 0.878486 0.911834 0.987934 0.896318 0.897778 0.955765 0.849317 0.739712 0.854728 0.917535 0.790443 0.885838 0.888015 0.881033 0.991007 0.959160 0.995533 0.918152 0.936515 0.987024 0.951647 0.852442 0.932722 0.712357 0.943941 0.975828 0.877681 0.754003 0.725020 0.733100 0.668683 0.930592 0.934666 0.948905 0.929993 0.943369 0.922130 0.934426 0.968919 0.854423 0.930114 0.962543 0.909805 0.984285 0.969598 0.960833 0.922854 0.823537 0.827196 0.920792 0.866071 0.857613 0.798945 0.934543 0.895136 0.893532 0.830369 0.951778 0.939392 0.925139 0.961341 0.868907 0.915601 0.955624 0.910528 0.940815 0.797668 0.865290 0.935406 0.938832 0.991541 0.920774 0.991949 0.855282 0.973136 0.945399 0.993327 0.949489 0.724109
0.897263 0.953685 0.933615 0.917095 0.764408 0.000000 0.839262 0.763738 0.867859 0.827915 0.823970 0.820895 0.787539 0.989881 0.989380 0.855069 0.992121 0.981670 0.957201 0.983548 0.945030 0.847758 0.976391 0.930356 0.994121 0.978028 0.888211 0.926162 0.924655 0.992447 0.874557 0.973470 0.928690 0.894946 0.836830 0.884252 0.922431 0.810588 0.946189 0.895195 0.991536 0.926280 0.934884 0.937052 0.884249 0.843265 0.943473 0.970340 0.975160 0.992024 0.953093 0.985393 0.980364 0.890944 0.975580 0.998342 0.997007 0.968430 0.791257 0.912135 0.678232 0.805209 0.892893 0.927141 0.982276 0.871685 0.886878 0.792633 0.986169 0.915740 0.915031 0.921141 0.979860 0.941122 0.943136 0.994421 0.886819 0.999195 0.997219 0.954760 0.983215 0.907833 0.860052 0.949842 0.958897 0.988411 0.993739 0.860880 0.993541 0.921684 0.800642 0.824460 0.715325 0.848662 0.921732 0.976659 0.912797 0.903685 0.827502 0.967788 0.830548 0.797226 0.910065 0.962326 0.995403 0.914418 0.952306 0.993144 0.956431 0.898284 0.819511 0.901464 0.945506 0.950543 0.982358 0.840455
0.853770 0.967993 0.407598 0.447280 0.815289 0.839262 0.000000 0.566326 0.652857 0.615186 0.726145 0.978797 0.711173 0.878835 0.675387 0.783000 0.846126 0.917416 0.547325 0.868631 0.924936 0.912289 0.442461 0.570580 0.717982 0.755442 0.921857 0.997815 0.912672 0.905344 0.495795 0.641936 0.602123 0.590639 0.734256 0.997488 0.840311 0.962433 0.749927 0.998112 0.915878 0.992245 0.614541 0.741216 0.792581 0.924383 0.680174 0.743856 0.788117 0.915069 0.972047 0.926105 0.850505 0.802482 0.940297 0.843463 0.939742 0.942876 0.726944 0.847501 0.699048 0.877087 0.600709 0.990351 0.646117 0.796875 0.505527 0.725730 0.935518 0.997673 0.667481 0.741336 0.710637 0.798821 0.787030 0.770983 0.646340 0.791584 0.754733 0.857590 0.884682 0.809929 0.993989 0.976707 0.548397 0.623189 0.912602 0.939682 0.970346 0.929043 0.674830 0.586518 0.661960 0.635122 0.949558 0.938842 0.879208 0.877171 0.805927 0.678507 0.898992 0.642551 0.858178 0.903142 0.865973 0.701019 0.964152 0.787027 0.991871 0.967260 0.839209 0.915902 0.905198 0.994781 0.885341 0.883970
0.731335 0.778431 0.792349 0.567668 0.980527 0.763738 0.566326 0.000000 0.895565 0.538104 0.782707 0.644597 0.774377 0.732199 0.954810 0.670684 0.828815 0.934389 0.642143 0.772803 0.922430 0.995763 0.758454 0.750919 0.943561 0.963354 0.788026 0.888137 0.913679 0.842792 0.710270 0.785984 0.736290 0.705335 0.865775 0.977625 0.775268 0.977070 0.841611 0.868815 0.903056 0.830226 0.834076 0.828951 0.940857 0.908203 0.918726 0.921942 0.924105 0.844999 0.918316 0.904975 0.913261 0.870174 0.944568 0.921087 0.796061 0.827725 0.716239 0.929573 0.705812 0.720104 0.573704 0.672848 0.930850 0.915009 0.760802 0.848103 0.799011 0.842459 0.572293 0.704361 0.638319 0.692030 0.819719 0.923148 0.746297 0.895542 0.855363 0.964461 0.804456 0.799806 0.967011 0.843728 0.999045 0.936730 0.976191 0.948329 0.848186 0.924860 0.552281 0.531858 0.593292 0.698611 0.915165 0.947649 0.727710 0.927059 0.737746 0.740669 0.711797 0.542570 0.779212 0.659522 0.968482 0.843929 0.962173 0.800108 0.908775 0.909599 0.833024 0.906488 0.852128 0.921556 0.988451 0.949648
0.983374 0.836462 0.586396 0.676576 0.835155 0.867859 0.652857 0.895565 0.000000 0.855274 0.939053 0.837833 0.821485 0.823483 0.838791 0.851564 0.963222 0.849463 0.956508 0.900130 0.907361 0.811639 0.743636 0.856710 0.746729 0.699741 0.991160 0.784092 0.908659 0.793633 0.785934 0.963167 0.955212 0.966727 0.782795 0.947370 0.852283 0.992803 0.829772 0.828973 0.887013 0.978976 0.843078 0.914569 0.856456 0.959124 0.669778 0.871498 0.962779 0.912656 0.850526 0.863064 0.739904 0.842180 0.899757 0.953921 0.852658 0.844407 0.613262 0.787379 0.672536 0.964425 0.977072 0.925257 0.629259 0.723716 0.698823 0.812796 0.934274 0.974440 0.889387 0.886795 0.992771 0.945394 0.884159 0.910354 0.792597 0.986203 0.957552 0.980801 0.956540 0.926594 0.822954 0.940940 0.784030 0.863847 0.865005 0.901944 0.699664 0.832835 0.779645 0.839800 0.738152 0.771473 0.964661 0.909215 0.934251 0.905357 0.964281 0.922511 0.932389 0.972861 0.939073 0.946420 0.830532 0.746115 0.896098 0.874032 0.912439 0.963493 0.920587 0.892047 0.847668 0.990008 0.896232 0.793063
0.766981 0.800017 0.873292 0.743214 0.931094 0.827915 0.615186 0.538104 0.855274 0.000000 0.679701 0.797753 0.807983 0.757363 0.956585 0.747310 0.713566 0.735528 0.614021 0.683133 0.936413 0.953315 0.815621 0.847896 0.864763 0.871288 0.884054 0.908921 0.762937 0.688833 0.706763 0.794399 0.814238 0.696305 0.911438 0.959165 0.808366 0.994235 0.957169 0.873954 0.993653 0.920810 0.642495 0.664729 0.816246 0.805388 0.865937 0.801017 0.924445 0.980901 0.927047 0.911758 0.917735 0.993526 0.868600 0.843298 0.754160 0.833973 0.839083 0.917257 0.879661 0.956561 0.666662 0.762487 0.872782 0.905209 0.850082 0.981049 0.913504 0.938071 0.546867 0.663208 0.717757 0.681640 0.877233 0.812101 0.695310 0.909608 0.878264 0.925908 0.769434 0.794504 0.965023 0.894444 0.999922 0.975678 0.888003 0.910438 0.789248 0.821217 0.533392 0.556992 0.655063 0.825817 0.931528 0.971681 0.852347 0.949286 0.644310 0.625299 0.833212 0.785598 0.709696 0.688229 0.936453 0.974890 0.993584 0.767264 0.917438 0.935061 0.863290 0.735478 0.805139 0.905302 0.977203 0.921579
0.636243 0.693519 0.922626 0.987316 0.712838 0.823970 0.726145 0.782707 0.939053 0.679701 0.000000 0.677418 0.675431 0.720991 0.769045 0.923079 0.625001 0.606804 0.606210 0.635399 0.955665 0.969941 0.956741 0.998009 0.851403 0.791917 0.992522 0.847693 0.650661 0.634430 0.841210 0.870287 0.684184 0.630329 0.934541 0.986196 0.904932 0.824686 0.979324 0.994598 0.985469 0.996222 0.871850 0.768591 0.746404 0.855946 0.910080 0.881430 0.989776 0.978991 0.866926 0.852279 0.803684 0.803402 0.852925 0.953849 0.677393 0.708409 0.846552 0.969070 0.822729 0.891844 0.612218 0.766015 0.897597 0.884855 0.809159 0.801032 0.742678 0.794498 0.703748 0.814472 0.824460 0.860363 0.989693 0.823807 0.799186 0.804346 0.828790 0.678848 0.694766 0.612084 0.958556 0.963398 0.917415 0.986656 0.786725 0.850767 0.901244 0.680395 0.748255 0.717943 0.814701 0.830620 0.858104 0.982510 0.841647 0.911080 0.596383 0.688817 0.979326 0.873827 0.808733 0.854067 0.976591 0.966296 0.892713 0.995981 0.981034 0.924110 0.858845 0.881785 0.880037 0.934782 0.919763 0.820197
0.574685 0.537287 0.755286 0.980150 0.899077 0.820895 0.978797 0.644597 0.837833 0.797753 0.677418 0.000000 0.874170 0.661008 0.908912 0.750417 0.689958 0.694837 0.753624 0.667187 0.904308 0.953587 0.863392 0.933365 0.710556 0.692051 0.836045 0.799880 0.801465 0.694389 0.921156 0.989415 0.794571 0.872876 0.832765 0.975863 0.906459 0.934916 0.873837 0.929344 0.898983 0.806934 0.888852 0.931004 0.950833 0.971235 0.876098 0.990726 0.983965 0.863219 0.970190 0.840055 0.801065 0.849253 0.906006 0.944565 0.586587 0.550412 0.891498 0.811974 0.858980 0.765186 0.601474 0.460885 0.609255 0.851987 0.934493 0.988108 0.673941 0.759137 0.706670 0.800333 0.805477 0.820822 0.952846 0.892324 0.927641 0.925421 0.938885 0.926938 0.657797 0.641550 0.970423 0.678604 0.757355 0.881256 0.904794 0.964668 0.812787 0.811946 0.785173 0.767233 0.836646 0.933846 0.976000 0.956571 0.808716 0.887206 0.714659 0.813867 0.739453 0.867194 0.860572 0.675215 0.974680 0.882121 0.926683 0.993852 0.892529 0.831796 0.862028 0.905693 0.884013 0.960863 0.992392 0.952917
0.998603 0.882449 0.727444 0.867587 0.711156 0.787539 0.711173 0.774377 0.821485 0.807983 0.675431 0.874170 0.000000 0.773011 0.689617 0.782664 0.967596 0.991030 0.911573 0.963076 0.925672 0.999857 0.909506 0.986121 0.938066 0.958476 0.988049 0.988914 0.928999 0.934493 0.891718 0.965702 0.864862 0.892688 0.984534 0.944385 0.966645 0.825951 0.965040 0.928261 0.957389 0.913094 0.921083 0.886908 0.863420 0.938191 0.883287 0.860970 0.864892 0.950098 0.903457 0.916753 0.987867 0.889113 0.914897 0.972180 0.859520 0.861742 0.824036 0.947870 0.682793 0.981612 0.825134 0.977548 0.845083 0.964256 0.831599 0.851956 0.938439 0.898631 0.936261 0.986275 0.994846 0.925485 0.907116 0.855423 0.936744 0.951679 0.993702 0.941706 0.916275 0.983694 0.915922 0.879847 0.881344 0.986585 0.893073 0.886664 0.824853 0.837075 0.823094 0.837743 0.806256 0.850790 0.944246 0.999492 0.946268 0.944061 0.896248 0.957305 0.949132 0.836731 0.998638 0.981180 0.982135 0.939808 0.997577 0.997577 0.926720 0.854042 0.935461 0.989561 0.972243 0.996480 0.967957 0.825033
0.841184 0.843689 0.901612 0.981510 0.982172 0.989881 0.878835 0.732199 0.823483 0.757363 0.720991 0.661008 0.773011 0.000000 0.844520 0.714891 0.730574 0.714423 0.702875 0.754702 0.849348 0.933409 0.939956 0.882261 0.802001 0.767059 0.870512 0.738993 0.732250 0.630828 0.927364 0.795963 0.883405 0.912429 0.736711 0.977364 0.940729 0.938412 0.943166 0.939900 0.886046 0.967581 0.824404 0.878318 0.992505 0.983289 0.989634 0.922545 0.990090 0.778091 0.916935 0.784993 0.897659 0.950177 0.924395 0.951981 0.777275 0.822809 0.909828 0.836507 0.838526 0.879580 0.644519 0.767876 0.749411 0.683710 0.905829 0.836289 0.919259 0.932920 0.869369 0.896141 0.820354 0.761535 0.978367 0.874760 0.993413 0.906052 0.849220 0.807332 0.789672 0.694490 0.780784 0.865766 0.995587 0.961893 0.978291 0.783562 0.823784 0.712261 0.929931 0.920784 0.969240 0.934713 0.905805 0.894102 0.948948 0.989264 0.812839 0.787755 0.831556 0.798261 0.836318 0.754929 0.829730 0.750780 0.978031 0.947780 0.946120 0.810504 0.962812 0.851221 0.902358 0.909405 0.990663 0.910052
0.994174 0.799918 0.665059 0.834587 0.809768 0.989380 0.675387 0.954810 0.838791 0.956585 0.769045 0.908912 0.689617 0.844520 0.000000 0.814465 0.915624 0.914566 0.772171 0.960035 0.839483 0.907475 0.670169 0.768599 0.826551 0.839926 0.912489 0.957741 0.770511 0.838934 0.781215 0.837152 0.818246 0.882460 0.941848 0.932601 0.988617 0.891007 0.804688 0.817882 0.973519 0.831873 0.630792 0.717547 0.816456 0.907938 0.684318 0.613567 0.990375 0.975321 0.950221 0.978717 0.932116 0.991773 0.974990 0.939441 0.929901 0.816628 0.965189 0.777095 0.928593 0.668672 0.800528 0.847826 0.681412 0.955804 0.824328 0.925027 0.993618 0.810359 0.957626 0.979467 0.995508 0.876902 0.962540 0.826022 0.959094 0.868797 0.824249 0.813821 0.942466 0.898241 0.901152 0.995153 0.602190 0.753113 0.904342 0.984443 0.836424 0.905667 0.965049 0.955622 0.959092 0.952616 0.827731 0.948826 0.911354 0.902147 0.960243 0.820340 0.805022 0.993911 0.994321 0.866597 0.987654 0.890114 0.995147 0.946929 0.966816 0.912142 0.923892 0.978441 0.981116 0.966505 0.865541 0.845271
0.903227 0.976473 0.916071 0.739306 0.926196 0.855069 0.783000 0.670684 0.851564 0.747310 0.923079 0.750417 0.782664 0.714891 0.814465 0.000000 0.876361 0.917670 0.755038 0.809630 0.972747 0.888873 0.752973 0.702045 0.985067 0.893611 0.819804 0.902581 0.875909 0.739774 0.884982 0.788107 0.970505 0.993570 0.903548 0.921864 0.787202 0.991232 0.938950 0.896813 0.991272 0.927144 0.855888 0.879719 0.852877 0.884096 0.932297 0.887463 0.887363 0.802046 0.967120 0.817854 0.968276 0.992246 0.908684 0.855474 0.935630 0.950906 0.975060 0.880986 0.961342 0.971515 0.710577 0.828235 0.921379 0.914228 0.891929 0.820174 0.916303 0.886060 0.750485 0.862843 0.828342 0.897196 0.877466 0.970041 0.979084 0.949954 0.932292 0.962126 0.837582 0.805455 0.900170 0.717060 0.933385 0.918278 0.965865 0.782127 0.907042 0.944897 0.876005 0.951175 0.908062 0.954740 0.995472 0.934936 0.948050 0.998258 0.941668 0.882017 0.982576 0.896968 0.923453 0.797222 0.992910 0.893490 0.866479 0.994783 0.992022 0.960242 0.995984 0.891181 0.989377 0.944727 0.909130 0.941068
0.510165 0.503972 0.931639 0.960357 0.980037 0.992121 0.846126 0.828815 0.963222 0.713566 0.625001 0.689958 0.967596 0.730574 0.915624 0.876361 0.000000 0.380975 0.519500 0.501898 0.972346 0.995881 0.874372 0.887534 0.877956 0.787080 0.998314 0.831494 0.562518 0.529526 0.835495 0.695092 0.608374 0.642271 0.960598 0.908526 0.901568 0.943144 0.931641 0.992500 0.826971 0.866366 0.700248 0.646002 0.824207 0.887155 0.901483 0.918327 0.951757 0.946189 0.914730 0.818635 0.700625 0.775215 0.866829 0.953716 0.383937 0.475956 0.950004 0.902603 0.962153 0.807402 0.535187 0.572585 0.795054 0.807993 0.864237 0.929136 0.677634 0.764114 0.607037 0.664741 0.834196 0.765462 0.920789 0.887189 0.836528 0.772269 0.749375 0.666641 0.416747 0.475506 0.792612 0.797643 0.940332 0.835726 0.980243 0.964664 0.771613 0.822976 0.824079 0.788206 0.876127 0.969109 0.991266 0.929359 0.802917 0.931662 0.664569 0.596128 0.903432 0.963086 0.693247 0.692374 0.984225 0.865963 0.922219 0.921453 0.926519 0.870213 0.748280 0.784585 0.790381 0.994768 0.901475 0.954292
0.553291 0.497282 0.862356 0.944601 0.919342 0.981670 0.917416 0.934389 0.849463 0.735528 0.606804 0.694837 0.991030 0.714423 0.914566 0.917670 0.380975 0.000000 0.548747 0.456355 0.963759 0.953606 0.923876 0.913124 0.851489 0.720352 0.901182 0.798278 0.518275 0.457874 0.913981 0.723588 0.643424 0.661036 0.898506 0.916838 0.939799 0.971972 0.819350 0.951374 0.895556 0.856146 0.747627 0.658842 0.812715 0.858795 0.939605 0.854183 0.948505 0.968840 0.853646 0.819002 0.647673 0.687579 0.811522 0.985994 0.390119 0.458713 0.961233 0.850996 0.907250 0.771692 0.564431 0.611092 0.765486 0.807866 0.902606 0.958700 0.676973 0.748209 0.688106 0.756103 0.873075 0.754729 0.946047 0.886528 0.843679 0.746495 0.744831 0.675830 0.415003 0.433176 0.743083 0.768129 0.936141 0.838599 0.952533 0.992751 0.663612 0.792967 0.938146 0.852660 0.968594 0.953115 0.985936 0.908834 0.854374 0.944934 0.680914 0.606586 0.926593 0.960251 0.715390 0.729667 0.947515 0.802956 0.974262 0.982860 0.942267 0.901282 0.783208 0.709501 0.796837 0.992661 0.922574 0.955220
0.626039 0.672351 0.744841 0.661172 0.882760 0.957201 0.547325 0.642143 0.956508 0.614021 0.606210 0.753624 0.911573 0.702875 0.772171 0.755038 0.519500 0.548747 0.000000 0.503402 0.999225 0.974035 0.552481 0.616198 0.863053 0.964656 0.996561 0.825128 0.656831 0.575510 0.652817 0.546687 0.528343 0.523437 0.935129 0.910208 0.855793 0.997144 0.921665 0.947220 0.893672 0.923421 0.639595 0.675395 0.880025 0.975142 0.842813 0.792270 0.817339 0.824042 0.794577 0.715058 0.793532 0.939621 0.958237 0.883217 0.570865 0.700142 0.948053 0.755888 0.977768 0.757107 0.475983 0.750475 0.952097 0.955714 0.689281 0.845852 0.759024 0.878270 0.497036 0.643231 0.662129 0.675267 0.880785 0.807822 0.709481 0.735502 0.695925 0.694829 0.556302 0.518150 0.813784 0.823655 0.702949 0.676413 0.862494 0.962060 0.742576 0.758693 0.736308 0.645662 0.783659 0.822762 0.883283 0.869062 0.826847 0.908225 0.695711 0.570913 0.981483 0.748066 0.737906 0.766513 0.964302 0.930214 0.979575 0.975938 0.919471 0.955187 0.871223 0.819442 0.879261 0.964099 0.932688 0.941725
0.568681 0.517687 0.902910 0.914889 0.977120 0.983548 0.868631 0.772803 0.900130 0.683133 0.635399 0.667187 0.963076 0.754702 0.960035 0.809630 0.501898 0.456355 0.503402 0.000000 0.966052 0.922653 0.886266 0.836275 0.861791 0.762767 0.969442 0.712046 0.617050 0.554395 0.935126 0.706138 0.682059 0.685801 0.873309 0.856249 0.829677 0.932748 0.883149 0.868886 0.891694 0.877299 0.814609 0.725610 0.971532 0.973995 0.996791 0.894931 0.920198 0.833918 0.781643 0.690128 0.671586 0.793195 0.840873 0.904884 0.475488 0.522224 0.955362 0.851609 0.919176 0.878213 0.559569 0.607636 0.764100 0.827642 0.938926 0.996004 0.643663 0.750723 0.550098 0.730908 0.725269 0.700132 0.972576 0.939243 0.791586 0.781946 0.753658 0.761927 0.463206 0.498366 0.847060 0.694689 0.993712 0.924303 0.912491 0.972035 0.616134 0.754588 0.813230 0.746342 0.874449 0.964519 0.955428 0.921502 0.909397 0.963531 0.697484 0.647286 0.958733 0.945294 0.735564 0.671871 0.988979 0.879315 0.955360 0.986261 0.997130 0.962944 0.830286 0.802912 0.929008 0.903172 0.983371 0.904849
0.942870 0.982921 0.868461 0.915652 0.973988 0.945030 0.924936 0.922430 0.907361 0.936413 0.955665 0.904308 0.925672 0.849348 0.839483 0.972747 0.972346 0.963759 0.999225 0.966052 0.000000 0.895923 0.951324 0.968854 0.849137 0.759247 0.776539 0.932876 0.878756 0.906839 0.983208 0.941150 0.919447 0.906709 0.896319 0.941886 0.967700 0.962554 0.922363 0.926173 0.943379 0.958289 0.969979 0.847544 0.908707 0.996856 0.852684 0.827587 0.954941 0.882090 0.894020 0.865818 0.976192 0.983680 0.863662 0.744760 0.983357 0.949746 0.872235 0.961290 0.798952 0.971490 0.946440 0.918074 0.789983 0.817658 0.818537 0.854126 0.996510 0.987901 0.969075 0.958189 0.967890 0.860226 0.940557 0.954381 0.991240 0.930792 0.889496 0.976669 0.994739 0.940811 0.959844 0.906627 0.837403 0.867399 0.904381 0.832009 0.890874 0.943869 0.988915 0.964484 0.965633 0.927478 0.887654 0.865665 0.905176 0.969740 0.991481 0.985428 0.937181 0.890739 0.888159 0.846896 0.959163 0.814615 0.975590 0.848118 0.981750 0.960761 0.812467 0.936964 0.909499 0.908383 0.808117 0.951916
0.932757 0.969994 0.861889 0.997118 0.861348 0.847758 0.912289 0.995763 0.811639 0.953315 0.969941 0.953587 0.999857 0.933409 0.907475 0.888873 0.995881 0.953606 0.974035 0.922653 0.895923 0.000000 0.895965 0.997132 0.819649 0.790116 0.936862 0.835190 0.956851 0.956520 0.923658 0.968112 0.971403 0.982510 0.961058 0.980215 0.992847 0.908110 0.963404 0.921147 0.967257 0.950227 0.887089 0.860217 0.830999 0.879305 0.907900 0.878137 0.874568 0.828781 0.869664 0.817119 0.897263 0.995215 0.904328 0.801674 0.991536 0.992268 0.809594 0.897169 0.908024 0.984745 0.979535 0.916347 0.874328 0.880053 0.900433 0.910227 0.906526 0.948433 0.983009 0.962810 0.864605 0.879261 0.797853 0.961723 0.915347 0.950887 0.868969 0.987592 0.953986 0.909030 0.904026 0.959479 0.939524 0.967225 0.961269 0.960611 0.882182 0.896715 0.928418 0.999260 0.876419 0.963476 0.860628 0.780454 0.911350 0.946032 0.843386 0.915396 0.988883 0.926268 0.947079 0.976102 0.886061 0.964790 0.862114 0.976426 0.914158 0.917860 0.875476 0.960600 0.856933 0.932808 0.798795 0.775024
0.984491 0.897941 0.458444 0.474780 0.873978 0.976391 0.442461 0.758454 0.743636 0.815621 0.956741 0.863392 0.909506 0.939956 0.670169 0.752973 0.874372 0.923876 0.552481 0.886266 0.951324 0.895965 0.000000 0.426758 0.588196 0.688151 0.945671 0.971949 0.915605 0.845542 0.532995 0.566951 0.673912 0.703920 0.837260 0.891286 0.814394 0.961605 0.681211 0.942901 0.929764 0.948770 0.579554 0.732830 0.886709 0.986811 0.746511 0.729510 0.758568 0.926141 0.900467 0.915658 0.859448 0.774696 0.939376 0.799147 0.974335 0.887735 0.961460 0.703986 0.903803 0.770468 0.738303 0.858378 0.545683 0.738580 0.631791 0.849219 0.973822 0.902335 0.698644 0.818821 0.829722 0.831987 0.796476 0.859192 0.737221 0.795050 0.803053 0.885530 0.920055 0.858599 0.817797 0.977290 0.490679 0.467834 0.742492 0.862726 0.990083 0.935952 0.941803 0.831966 0.912908 0.797003 0.933380 0.872837 0.989805 0.859799 0.985608 0.771361 0.777281 0.762450 0.985374 0.984952 0.857496 0.761810 0.933047 0.930090 0.894145 0.963282 0.934664 0.987715 0.956797 0.944868 0.882950 0.919106
0.949502 0.952205 0.675544 0.520186 0.994466 0.930356 0.570580 0.750919 0.856710 0.847896 0.998009 0.933365 0.986121 0.882261 0.768599 0.702045 0.887534 0.913124 0.616198 0.836275 0.968854 0.997132 0.426758 0.000000 0.697297 0.783805 0.943231 0.894562 0.894007 0.830728 0.688370 0.557869 0.771288 0.845454 0.986894 0.991525 0.840811 0.938623 0.710264 0.996406 0.940148 0.910870 0.668289 0.850585 0.964484 0.898075 0.799320 0.799186 0.767805 0.875156 0.899677 0.872868 0.833021 0.748189 0.953063 0.774368 0.936665 0.947096 0.920901 0.639690 0.952920 0.822899 0.747261 0.932145 0.768323 0.901888 0.831960 0.951759 0.961688 0.943407 0.788582 0.776559 0.756958 0.721356 0.895802 0.932023 0.858086 0.850895 0.860386 0.875969 0.864085 0.801412 0.870618 0.913772 0.574148 0.555217 0.796584 0.827840 0.902030 0.943791 0.960103 0.873541 0.995804 0.918927 0.838119 0.910532 0.985199 0.877093 0.927749 0.816805 0.914770 0.745894 0.942857 0.946100 0.872587 0.915682 0.966352 0.881650 0.938999 0.973990 0.981221 0.937508 0.984551 0.867508 0.992725 0.977220
0.947711 0.868666 0.528445 0.655158 0.916395 0.994121 0.717982 0.943561 0.746729 0.864763 0.851403 0.710556 0.938066 0.802001 0.826551 0.985067 0.877956 0.851489 0.863053 0.861791 0.849137 0.819649 0.588196 0.697297 0.000000 0.470996 0.829049 0.799083 0.845507 0.880710 0.652946 0.771167 0.756377 0.796444 0.716628 0.903683 0.798840 0.858254 0.705807 0.806761 0.874314 0.986029 0.802838 0.925636 0.888754 0.977654 0.764449 0.836971 0.911287 0.891353 0.917942 0.802744 0.803593 0.868525 0.758487 0.973399 0.851331 0.813332 0.858572 0.921067 0.840689 0.843405 0.987450 0.754120 0.491727 0.653963 0.703050 0.761881 0.929784 0.905453 0.971854 0.967798 0.958460 0.883412 0.886915 0.985162 0.858833 0.860913 0.915188 0.925114 0.922216 0.945252 0.922149 0.916234 0.563922 0.573860 0.734631 0.925244 0.848447 0.903589 0.863135 0.877998 0.965405 0.943676 0.875912 0.964732 0.923470 0.899595 0.861348 0.936560 0.773170 0.979354 0.933029 0.701213 0.796890 0.706173 0.863250 0.958358 0.909143 0.848617 0.992692 0.816764 0.895795 0.770995 0.921313 0.931489
0.902236 0.777775 0.550135 0.651410 0.963016 0.978028 0.755442 0.963354 0.699741 0.871288 0.791917 0.692051 0.958476 0.767059 0.839926 0.893611 0.787080 0.720352 0.964656 0.762767 0.759247 0.790116 0.688151 0.783805 0.470996 0.000000 0.868553 0.732424 0.738137 0.750564 0.735542 0.858297 0.874731 0.886981 0.688773 0.880526 0.738866 0.940309 0.681697 0.806419 0.895066 0.953799 0.864537 0.917534 0.948173 0.979425 0.748075 0.877145 0.923359 0.949234 0.877625 0.824575 0.799072 0.892828 0.765875 0.991303 0.778943 0.733462 0.802982 0.961583 0.763684 0.994431 0.936389 0.796381 0.522887 0.636886 0.760744 0.765879 0.962283 0.882003 0.967895 0.965725 0.913989 0.756849 0.908416 0.990658 0.991417 0.967991 0.974318 0.889016 0.870776 0.853338 0.975107 0.926700 0.700766 0.706338 0.857984 0.930519 0.793740 0.816055 0.917990 0.895905 0.954436 0.920507 0.997234 0.993192 0.970255 0.974974 0.806811 0.843866 0.810845 0.979048 0.994661 0.789295 0.803473 0.685662 0.948151 0.965605 0.947099 0.933261 0.987515 0.757485 0.842117 0.880103 0.935697 0.880883
0.971189 0.994675 0.933341 0.978384 0.819894 0.888211 0.921857 0.788026 0.991160 0.884054 0.992522 0.836045 0.988049 0.870512 0.912489 0.819804 0.998314 0.901182 0.996561 0.969442 0.776539 0.936862 0.945671 0.943231 0.829049 0.868553 0.000000 0.994249 0.996269 0.948601 0.952226 0.954073 0.959082 0.910493 0.940592 0.824272 0.896101 0.955230 0.929361 0.892417 0.986681 0.968305 0.959995 0.902163 0.858818 0.962018 0.884730 0.926102 0.955299 0.785931 0.937432 0.866917 0.933556 0.993224 0.973335 0.936547 0.963104 0.992640 0.968898 0.991745 0.984369 0.919568 0.931611 0.910253 0.798533 0.796083 0.884945 0.946832 0.991966 0.891779 0.963810 0.948678 0.919027 0.902400 0.933915 0.993830 0.959712 0.967266 0.935900 0.917112 0.994867 0.942838 0.859031 0.943563 0.962479 0.805495 0.893120 0.958143 0.973656 0.941566 0.846337 0.867452 0.852448 0.982219 0.987551 0.905345 0.857150 0.947861 0.850102 0.894088 0.971000 0.862315 0.920009 0.749191 0.969722 0.972116 0.933653 0.952930 0.967528 0.981519 0.981088 0.915040 0.973234 0.954067 0.888412 0.931059
0.891856 0.830674 0.861477 0.995964 0.971414 0.926162 0.997815 0.888137 0.784092 0.908921 0.847693 0.799880 0.988914 0.738993 0.957741 0.902581 0.831494 0.798278 0.825128 0.712046 0.932876 0.835190 0.971949 0.894562 0.799083 0.732424 0.994249 0.000000 0.819038 0.743251 0.905338 0.957301 0.985600 0.932566 0.805810 0.938663 0.937976 0.991726 0.978969 0.889879 0.912902 0.920465 0.998111 0.934020 0.983956 0.970223 0.883788 0.969895 0.933162 0.888245 0.861181 0.779236 0.861938 0.964425 0.883958 0.953947 0.821694 0.827941 0.807426 0.864199 0.852481 0.979287 0.934813 0.986292 0.850725 0.946770 0.916052 0.911418 0.849874 0.954736 0.850247 0.959827 0.772958 0.744296 0.943717 0.998569 0.985870 0.925687 0.961675 0.756903 0.838324 0.770975 0.863106 0.882730 0.953937 0.947948 0.953504 0.856797 0.873498 0.662413 0.955208 0.901415 0.963566 0.987857 0.905214 0.936859 0.964407 0.926458 0.871578 0.784273 0.904650 0.898974 0.995417 0.889832 0.961136 0.840317 0.970052 0.932113 0.987027 0.926210 0.976765 0.867661 0.914585 0.906901 0.956996 0.893162
0.728033 0.754912 0.921510 0.908319 0.884475 0.924655 0.912672 0.913679 0.908659 0.762937 0.650661 0.801465 0.928999 0.732250 0.770511 0.875909 0.562518 0.518275 0.656831 0.617050 0.878756 0.956851 0.915605 0.894007 0.845507 0.738137 0.996269 0.819038 0.000000 0.537287 0.879608 0.774551 0.768697 0.762109 0.904250 0.989822 0.971186 0.861194 0.916582 0.903481 0.911551 0.937790 0.677227 0.681968 0.739669 0.757597 0.871273 0.795415 0.860309 0.915082 0.944013 0.937090 0.860586 0.790689 0.941261 0.987985 0.644271 0.682832 0.936741 0.841765 0.907938 0.825122 0.721188 0.788486 0.829682 0.847474 0.926785 0.978701 0.777673 0.838930 0.891226 0.973292 0.912219 0.798867 0.896971 0.782121 0.921569 0.719300 0.785270 0.748050 0.576881 0.596581 0.722249 0.793344 0.903391 0.885897 0.939759 0.893603 0.814054 0.819247 0.930553 0.900994 0.952181 0.850865 0.988876 0.889896 0.893299 0.985711 0.713133 0.684998 0.846723 0.892526 0.869656 0.883400 0.886689 0.825776 0.960612 0.994801 0.993649 0.877953 0.793519 0.844864 0.781525 0.960570 0.910176 0.921614
0.745493 0.670658 0.887903 0.976551 0.956332 0.992447 0.905344 0.842792 0.793633 0.688833 0.634430 0.694389 0.934493 0.630828 0.838934 0.739774 0.529526 0.457874 0.575510 0.554395 0.906839 0.956520 0.845542 0.830728 0.880710 0.750564 0.948601 0.743251 0.537287 0.000000 0.848704 0.702835 0.755828 0.747698 0.806579 0.961165 0.978746 0.994371 0.907800 0.956073 0.990798 0.847338 0.735300 0.671190 0.892336 0.877689 0.972882 0.823029 0.953084 0.955057 0.840550 0.820936 0.742649 0.807010 0.752277 0.868894 0.564612 0.637143 0.840186 0.760932 0.885180 0.838837 0.669953 0.704884 0.794503 0.812244 0.950716 0.921445 0.813928 0.973418 0.688475 0.857456 0.920597 0.777032 0.904208 0.963675 0.971881 0.749100 0.809364 0.790335 0.566819 0.563334 0.662041 0.810110 0.971192 0.924453 0.940020 0.844573 0.758086 0.683796 0.977370 0.959522 0.895696 0.882947 0.921204 0.995521 0.956683 0.953240 0.835999 0.727927 0.959334 0.990394 0.862520 0.819151 0.816534 0.744832 0.893146 0.939236 0.985622 0.982179 0.915682 0.888216 0.806382 0.965412 0.921933 0.839566
0.883005 0.965675 0.544469 0.574718 0.872260 0.874557 0.495795 0.710270 0.785934 0.706763 0.841210 0.921156 0.891718 0.927364 0.781215 0.884982 0.835495 0.913981 0.652817 0.935126 0.983208 0.923658 0.532995 0.688370 0.652946 0.735542 0.952226 0.905338 0.879608 0.848704 0.000000 0.676733 0.643953 0.583589 0.697025 0.958548 0.826347 0.969150 0.690563 0.946217 0.905237 0.925225 0.652637 0.719806 0.781248 0.864020 0.761731 0.856273 0.925471 0.994487 0.979880 0.966921 0.902097 0.935361 0.837268 0.923954 0.945099 0.980826 0.795115 0.902396 0.780818 0.860340 0.749981 0.986613 0.679000 0.838000 0.646423 0.755852 0.981958 0.918969 0.728127 0.825272 0.936956 0.957737 0.830728 0.838522 0.743386 0.781391 0.829883 0.885168 0.885052 0.846867 0.911628 0.955770 0.684006 0.670785 0.930112 0.984068 0.947943 0.946596 0.879753 0.851454 0.854013 0.784095 0.903253 0.916427 0.900409 0.918926 0.927076 0.888415 0.974390 0.725976 0.960907 0.949697 0.957923 0.804537 0.931996 0.891218 0.926741 0.940300 0.996992 0.908427 0.900912 0.934075 0.903815 0.835570
0.857618 0.870321 0.738809 0.682956 0.907648 0.973470 0.641936 0.785984 0.963167 0.794399 0.870287 0.989415 0.965702 0.795963 0.837152 0.788107 0.695092 0.723588 0.546687 0.706138 0.941150 0.968112 0.566951 0.557869 0.771167 0.858297 0.954073 0.957301 0.774551 0.702835 0.676733 0.000000 0.663121 0.663614 0.988229 0.868179 0.868154 0.960105 0.915754 0.972396 0.920607 0.972475 0.625902 0.760470 0.954675 0.968359 0.830030 0.834061 0.830169 0.862382 0.871935 0.833228 0.969448 0.955307 0.996727 0.868385 0.728893 0.844692 0.943987 0.705251 0.909528 0.702383 0.651340 0.921507 0.889352 0.952267 0.794657 0.944557 0.990748 0.999189 0.719841 0.749547 0.849544 0.777152 0.917124 0.871155 0.783344 0.736314 0.697374 0.796815 0.736998 0.698673 0.788261 0.955491 0.706589 0.696091 0.869952 0.898713 0.735111 0.942948 0.933109 0.841300 0.918585 0.890799 0.942619 0.835815 0.919239 0.973912 0.909716 0.726804 0.957028 0.830624 0.888500 0.841594 0.981512 0.991527 0.950312 0.962847 0.896389 0.995880 0.839618 0.900766 0.923874 0.948544 0.929335 0.913545
0.551611 0.625170 0.677138 0.673825 0.818282 0.928690 0.602123 0.736290 0.955212 0.814238 0.684184 0.794571 0.864862 0.883405 0.818246 0.970505 0.608374 0.643424 0.528343 0.682059 0.919447 0.971403 0.673912 0.771288 0.756377 0.874731 0.959082 0.985600 0.768697 0.755828 0.643953 0.663121 0.000000 0.439830 0.760591 0.805249 0.803290 0.848012 0.856458 0.968171 0.735319 0.888265 0.683316 0.658101 0.700799 0.805955 0.791128 0.753236 0.928869 0.936286 0.946626 0.982431 0.943838 0.875335 0.877233 0.985574 0.611392 0.690389 0.700532 0.947789 0.695266 0.932952 0.529603 0.711619 0.821652 0.833771 0.521654 0.569642 0.770764 0.794847 0.693079 0.771383 0.859803 0.900389 0.893415 0.897070 0.697756 0.645380 0.733550 0.797634 0.641287 0.603428 0.893020 0.927839 0.688417 0.601465 0.962581 0.875184 0.881157 0.909698 0.856612 0.745882 0.769237 0.816354 0.983212 0.847871 0.903230 0.957309 0.762124 0.769477 0.970596 0.821659 0.820263 0.879381 0.807022 0.832573 0.973719 0.963175 0.956317 0.880777 0.772851 0.904056 0.914201 0.957084 0.924891 0.998035
0.629503 0.648769 0.695760 0.713869 0.787715 0.894946 0.590639 0.705335 0.966727 0.696305 0.630329 0.872876 0.892688 0.912429 0.882460 0.993570 0.642271 0.661036 0.523437 0.685801 0.906709 0.982510 0.703920 0.845454 0.796444 0.886981 0.910493 0.932566 0.762109 0.747698 0.583589 0.663614 0.439830 0.000000 0.725952 0.795826 0.793862 0.991654 0.878893 0.989377 0.824151 0.925130 0.677922 0.609890 0.615297 0.740681 0.785941 0.734506 0.994596 0.897870 0.989250 0.999296 0.868127 0.893015 0.913136 0.978672 0.639396 0.735805 0.730197 0.986912 0.758389 0.910866 0.599022 0.808094 0.847663 0.861478 0.518828 0.561573 0.756022 0.778703 0.638200 0.819132 0.786934 0.867474 0.887397 0.809798 0.690377 0.641943 0.715541 0.817118 0.664020 0.677871 0.896389 0.948457 0.733770 0.676180 0.986211 0.875130 0.835143 0.874502 0.736339 0.695736 0.737849 0.735008 0.978774 0.916651 0.846059 0.975201 0.674989 0.743463 0.968929 0.741862 0.829924 0.899822 0.870449 0.834615 0.989172 0.898397 0.877617 0.927424 0.761419 0.786895 0.734261 0.956280 0.888153 0.855024
0.947124 0.986132 0.655546 0.747424 0.883445 0.836830 0.734256 0.865775 0.782795 0.911438 0.934541 0.832765 0.984534 0.736711 0.941848 0.903548 0.960598 0.898506 0.935129 0.873309 0.896319 0.961058 0.837260 0.986894 0.716628 0.688773 0.940592 0.805810 0.904250 0.806579 0.697025 0.988229 0.760591 0.725952 0.000000 0.961450 0.799866 0.971523 0.795147 0.902567 0.854378 0.995334 0.943305 0.962142 0.767667 0.870387 0.874949 0.918234 0.960625 0.821066 0.860843 0.818070 0.831529 0.907494 0.704971 0.986008 0.951630 0.972892 0.623382 0.812330 0.597436 0.873371 0.952205 0.983529 0.661446 0.624103 0.574996 0.553471 0.915825 0.905423 0.965295 0.916927 0.959573 0.895516 0.900291 0.964342 0.893535 0.941810 0.988995 0.920575 0.977038 0.966701 0.964667 0.971244 0.783818 0.715564 0.979455 0.896779 0.880022 0.736489 0.870776 0.809468 0.747907 0.785215 0.850810 0.873725 0.795735 0.903634 0.975965 0.982068 0.926282 0.838659 0.918686 0.809423 0.848539 0.749211 0.986325 0.897852 0.985673 0.941575 0.950884 0.936252 0.887031 0.869859 0.935470 0.979889
0.938797 0.857197 0.932862 0.972220 0.892976 0.884252 0.997488 0.977625 0.947370 0.959165 0.986196 0.975863 0.944385 0.977364 0.932601 0.921864 0.908526 0.916838 0.910208 0.856249 0.941886 0.980215 0.891286 0.991525 0.903683 0.880526 0.824272 0.938663 0.989822 0.961165 0.958548 0.868179 0.805249 0.795826 0.961450 0.000000 0.834407 0.869530 0.969983 0.910950 0.886933 0.988115 0.954643 0.901439 0.903176 0.998007 0.883485 0.985961 0.913658 0.987209 0.941653 0.975923 0.935017 0.978306 0.978139 0.985726 0.853128 0.902323 0.984241 0.946692 0.927732 0.926073 0.987085 0.967298 0.910036 0.856152 0.843709 0.807884 0.993298 0.855482 0.828978 0.959474 0.992039 0.923236 0.885038 0.946027 0.909490 0.912851 0.882661 0.909043 0.925304 0.977154 0.775566 0.982643 0.989495 0.880752 0.898533 0.979159 0.991115 0.873283 0.916834 0.919156 0.967108 0.942723 0.918398 0.823249 0.989957 0.966789 0.980543 0.968175 0.905660 0.978478 0.894858 0.966665 0.867861 0.987172 0.987067 0.933867 0.945808 0.910508 0.849754 0.942424 0.905484 0.952624 0.963150 0.953056
0.798400 0.810256 0.857337 0.633718 0.996230 0.922431 0.840311 0.775268 0.852283 0.808366 0.904932 0.906459 0.966645 0.940729 0.988617 0.787202 0.901568 0.939799 0.855793 0.829677 0.967700 0.992847 0.814394 0.840811 0.798840 0.738866 0.896101 0.937976 0.971186 0.978746 0.826347 0.868154 0.803290 0.793862 0.799866 0.834407 0.000000 0.673760 0.908479 0.959432 0.770315 0.919887 0.837585 0.851864 0.973292 0.964193 0.993876 0.931742 0.961010 0.979600 0.830130 0.965669 0.930029 0.931510 0.950066 0.917744 0.806391 0.834594 0.814360 0.910217 0.801064 0.831503 0.854724 0.776367 0.882625 0.786822 0.883320 0.887179 0.807368 0.878699 0.707957 0.759254 0.797865 0.869612 0.811782 0.975982 0.850574 0.851325 0.794099 0.918574 0.792872 0.870954 0.912632 0.808831 0.975380 0.759609 0.948192 0.983568 0.967442 0.942800 0.900087 0.856680 0.799583 0.903222 0.906642 0.986284 0.862829 0.890923 0.884481 0.932436 0.978814 0.893563 0.898377 0.890690 0.747817 0.848847 0.999032 0.863501 0.866422 0.907957 0.899050 0.902244 0.991702 0.962206 0.943056 0.957301
0.777228 0.740341 0.999441 0.816285 0.878486 0.810588 0.962433 0.977070 0.992803 0.994235 0.824686 0.934916 0.825951 0.938412 0.891007 0.991232 0.943144 0.971972 0.997144 0.932748 0.962554 0.908110 0.961605 0.938623 0.858254 0.940309 0.955230 0.991726 0.861194 0.994371 0.969150 0.960105 0.848012 0.991654 0.971523 0.869530 0.673760 0.000000 0.940552 0.870007 0.812315 0.950035 0.959152 0.966739 0.991918 0.993107 0.992357 0.950967 0.841430 0.832681 0.770144 0.805480 0.896762 0.886465 0.843161 0.933503 0.837752 0.805441 0.857100 0.851587 0.891865 0.774152 0.931832 0.774689 0.943442 0.852457 0.995113 0.979756 0.848853 0.934118 0.836028 0.754407 0.950849 0.892951 0.813377 0.989008 0.861823 0.866914 0.990950 0.917665 0.973993 0.998114 0.993408 0.861861 0.998318 0.828101 0.935623 0.991715 0.970075 0.777683 0.882285 0.861041 0.913370 0.927400 0.988901 0.998897 0.965732 0.975423 0.983570 0.925717 0.998740 0.804538 0.976168 0.888446 0.813396 0.828730 0.890858 0.898513 0.865439 0.960302 0.991895 0.957382 0.921701 0.936236 0.905319 0.793433
