0.000000 0.301002 0.849854 0.783366 0.954701 0.922766 0.756827 0.804281 0.840792 0.748866 0.421004 0.461785 0.506178 0.421048 0.771693 0.757178 0.414673 0.298573 0.414146 0.356927 0.730962 0.797188 0.998135 0.746909 0.878274 0.993482 0.875971 0.979521 0.735730 0.661620 0.677608 0.965946 0.705107 0.693353 0.918304 0.772942 0.880350 0.726895 0.878245 0.757459 0.896569 0.878296 0.847190 0.771583 0.886444 0.821365 0.649735 0.781765 0.784716 0.725678 0.872520 0.774950 0.977964 0.684124 0.537117 0.653086 0.296704 0.316980 0.522353 0.550247 0.755708 0.996404 0.567731 0.610288 0.847602 0.799939 0.766120 0.825907 0.390752 0.522196 0.960493 0.785336 0.776385 0.966810 0.832152 0.759346 0.886740 0.809026 0.784336 0.592588 0.317476 0.274412 0.571113 0.377711 0.530301 0.572113 0.648929 0.693303 0.694743 0.555954 0.834121 0.947851 0.785614 0.857820 0.842794 0.982964 0.753905 0.899648 0.798254 0.869861 0.869474 0.856317 0.845618 0.812699 0.946071 0.937806 0.891635 0.850044 0.946378 0.925206 0.954431 0.945785 0.965950 0.922614 0.997623 0.961394
0.301002 0.000000 0.758342 0.675202 0.933024 0.905054 0.713693 0.779446 0.880885 0.771992 0.562237 0.497353 0.462855 0.392801 0.669217 0.631540 0.424732 0.319554 0.440920 0.343935 0.729743 0.749268 0.830057 0.654922 0.804924 0.928084 0.829943 0.984310 0.705010 0.641687 0.727188 0.933522 0.694315 0.696809 0.913118 0.875425 0.915543 0.709509 0.837542 0.720758 0.924607 0.901060 0.768715 0.715062 0.829729 0.768952 0.602919 0.705533 0.735557 0.634238 0.748745 0.637929 0.878660 0.766082 0.548899 0.675822 0.267683 0.229704 0.480088 0.441753 0.682429 0.907913 0.544796 0.557831 0.763148 0.731034 0.709358 0.774776 0.487956 0.517698 0.984154 0.810359 0.804384 0.973650 0.879601 0.886574 0.865899 0.892591 0.682714 0.652223 0.335877 0.309284 0.524970 0.419190 0.439916 0.489169 0.648722 0.579483 0.680600 0.527804 0.858675 0.953861 0.754079 0.884447 0.756679 0.989646 0.740000 0.919421 0.817353 0.856976 0.855293 0.890223 0.869101 0.841129 0.849398 0.823604 0.974946 0.910619 0.899876 0.872869 0.849661 0.882869 0.941236 0.873137 0.801372 0.992250
0.849854 0.758342 0.000000 0.282306 0.642903 0.745838 0.341663 0.412097 0.540329 0.929843 0.975151 0.845684 0.593295 0.777644 0.646342 0.688693 0.943856 0.952678 0.768992 0.815847 0.732484 0.958841 0.448409 0.535853 0.464244 0.428153 0.910170 0.920266 0.905673 0.827060 0.681634 0.796726 0.548917 0.654069 0.655410 0.767705 0.567182 0.696810 0.819212 0.956758 0.879153 0.855706 0.747092 0.759879 0.706330 0.797936 0.729512 0.839090 0.932485 0.981857 0.967209 0.935957 0.881757 0.990211 0.675820 0.914493 0.862456 0.890308 0.753003 0.881423 0.334821 0.432100 0.895065 0.999799 0.312847 0.271011 0.456790 0.482839 0.795235 0.973956 0.613578 0.593436 0.730538 0.720108 0.962975 0.834082 0.841676 0.693997 0.989381 0.992623 0.998123 0.917685 0.969021 0.947043 0.508223 0.442898 0.829858 0.903805 0.754001 0.707006 0.610971 0.910851 0.559238 0.794027 0.765553 0.905439 0.750996 0.903548 0.765484 0.754086 0.740421 0.956897 0.899355 0.971962 0.591263 0.769861 0.878570 0.871081 0.665321 0.848834 0.759632 0.772176 0.889466 0.978719 0.814228 0.837144
0.783366 0.675202 0.282306 0.000000 0.612041 0.761510 0.395948 0.428406 0.637292 0.966722 0.953714 0.730134 0.553493 0.653097 0.585856 0.610510 0.989697 0.897499 0.637894 0.670347 0.731720 0.909300 0.388054 0.423481 0.522087 0.543560 0.784691 0.965786 0.955776 0.914481 0.827446 0.760000 0.614880 0.692087 0.674443 0.735598 0.678773 0.713603 0.817384 0.898701 0.991579 0.833634 0.762056 0.776972 0.724895 0.786900 0.752718 0.811729 0.994615 0.963877 0.958951 0.915026 0.892446 0.959778 0.667960 0.874302 0.796178 0.787766 0.736980 0.844588 0.417581 0.524037 0.949641 0.936242 0.330011 0.343075 0.433358 0.523795 0.797339 0.997171 0.618600 0.651107 0.804115 0.783781 0.976894 0.852106 0.814150 0.770374 0.918292 0.930241 0.871081 0.826979 0.930405 0.863666 0.441293 0.420468 0.731630 0.821528 0.721586 0.658218 0.571099 0.865356 0.515376 0.715348 0.754616 0.827797 0.694627 0.864047 0.729891 0.694166 0.795115 0.904560 0.990940 0.973276 0.561686 0.654819 0.902372 0.818905 0.649284 0.783657 0.775302 0.720005 0.893316 0.988977 0.779990 0.808416
0.954701 0.933024 0.642903 0.612041 0.000000 0.944954 0.755097 0.789960 0.813230 0.956693 0.914243 0.928736 0.742542 0.962445 0.759944 0.857923 0.868328 0.907609 0.968232 0.955353 0.857368 0.939467 0.561758 0.624490 0.627784 0.639918 0.666740 0.934619 0.877225 0.836131 0.840777 0.943550 0.909538 0.982775 0.914390 0.824573 0.830930 0.922912 0.986617 0.997508 0.952071 0.913561 0.990440 0.964438 0.968267 0.938307 0.932766 0.955553 0.834744 0.884095 0.912526 0.943850 0.912550 0.965914 0.962989 0.951098 0.973392 0.970718 0.934277 0.985063 0.761868 0.795896 0.899108 0.961552 0.592713 0.679906 0.804222 0.819315 0.896819 0.916119 0.818298 0.939650 0.843789 0.966679 0.973891 0.982500 0.925771 0.998081 0.864444 0.970540 0.923562 0.931761 0.933058 0.923829 0.730532 0.700099 0.921281 0.829794 0.923411 0.866499 0.910824 0.985883 0.790991 0.935298 0.878247 0.967594 0.989235 0.887533 0.976614 0.998107 0.949611 0.991838 0.890280 0.842280 0.884922 0.810917 0.937918 0.883753 0.945473 0.900571 0.860879 0.922580 0.925927 0.812394 0.994394 0.884742
0.922766 0.905054 0.745838 0.761510 0.944954 0.000000 0.564336 0.527496 0.794435 0.683483 0.724215 0.794724 0.998158 0.916797 0.998302 0.942511 0.990907 0.961279 0.778720 0.876059 0.896509 0.962692 0.989936 0.962477 0.971135 0.800650 0.811743 0.980445 0.870296 0.818981 0.856060 0.806247 0.641886 0.511872 0.825179 0.729712 0.873627 0.913123 0.898195 0.957126 0.898153 0.789792 0.629507 0.679383 0.602390 0.682131 0.704684 0.740333 0.753423 0.924314 0.877475 0.988012 0.901633 0.892997 0.815767 0.834769 0.911387 0.989151 0.736304 0.781704 0.656318 0.624111 0.970666 0.924372 0.896622 0.651978 0.553791 0.551547 0.995282 0.957744 0.696373 0.754442 0.814061 0.772055 0.939428 0.978325 0.845641 0.755511 0.936901 0.899369 0.898368 0.908946 0.876259 0.961719 0.943489 0.889666 0.936043 0.978072 0.971704 0.924515 0.663065 0.823337 0.653964 0.909348 0.900887 0.847341 0.617470 0.738258 0.548339 0.574555 0.648143 0.837609 0.872802 0.772428 0.712723 0.691160 0.981372 0.778991 0.962679 0.767174 0.773015 0.665349 0.687757 0.855042 0.874650 0.848991
0.756827 0.713693 0.341663 0.395948 0.755097 0.564336 0.000000 0.244227 0.520641 0.663826 0.752485 0.735922 0.650110 0.721308 0.661967 0.728031 0.827391 0.888582 0.549276 0.676795 0.902838 0.939093 0.617408 0.742599 0.771727 0.556826 0.912771 0.975958 0.823556 0.941004 0.651672 0.573458 0.345219 0.401913 0.629434 0.762576 0.578531 0.739894 0.846720 0.995145 0.927803 0.778880 0.412305 0.445588 0.429647 0.485834 0.470619 0.529159 0.744601 0.749480 0.711509 0.704009 0.631560 0.838143 0.572795 0.674954 0.750144 0.823188 0.527253 0.706574 0.314225 0.394610 0.836406 0.756628 0.541030 0.358587 0.295260 0.295100 0.847312 0.985923 0.469734 0.562027 0.699617 0.689561 0.959396 0.795320 0.623575 0.625339 0.778881 0.823065 0.781184 0.798389 0.904646 0.855922 0.615553 0.599427 0.913301 0.903922 0.818951 0.817690 0.429401 0.734318 0.482422 0.761305 0.681806 0.795020 0.507150 0.740116 0.457094 0.422526 0.544978 0.734836 0.782074 0.751943 0.435654 0.604661 0.827988 0.686790 0.628197 0.710939 0.641419 0.558748 0.604920 0.807866 0.733473 0.827217
0.804281 0.779446 0.412097 0.428406 0.789960 0.527496 0.244227 0.000000 0.526026 0.591286 0.756494 0.698781 0.734045 0.712592 0.796147 0.762020 0.915126 0.972880 0.576552 0.682811 0.900994 0.935042 0.745569 0.825630 0.847058 0.582297 0.893910 0.945995 0.848944 0.927564 0.665200 0.539649 0.403833 0.384390 0.705188 0.789015 0.568670 0.776034 0.906338 0.934745 0.946940 0.775681 0.406075 0.447791 0.440318 0.485829 0.449640 0.494444 0.724216 0.742271 0.686780 0.705122 0.676799 0.822377 0.601224 0.735545 0.821084 0.906749 0.546281 0.718127 0.346256 0.332726 0.930762 0.791479 0.675798 0.361763 0.355436 0.304552 0.915684 0.996793 0.546388 0.551059 0.680634 0.714212 0.926992 0.815781 0.668072 0.647723 0.872247 0.804142 0.822212 0.848959 0.990860 0.909881 0.765696 0.700427 0.977266 0.961496 0.928734 0.911799 0.410975 0.733963 0.521116 0.817086 0.779622 0.767893 0.577705 0.796861 0.423744 0.391686 0.462409 0.703574 0.695874 0.693350 0.486546 0.675982 0.910306 0.659789 0.656014 0.768088 0.673202 0.560132 0.649582 0.770093 0.687992 0.859910
0.840792 0.880885 0.540329 0.637292 0.813230 0.794435 0.520641 0.526026 0.000000 0.578793 0.955607 0.852783 0.991139 0.889383 0.916177 0.981595 0.888447 0.702532 0.960309 0.893491 0.989052 0.867123 0.759857 0.964647 0.786019 0.515033 0.861819 0.964594 0.962115 0.864157 0.478871 0.620713 0.503139 0.683194 0.666671 0.975294 0.761716 0.988332 0.967015 0.988744 0.978788 0.764405 0.590923 0.646126 0.544454 0.630958 0.695851 0.726787 0.871516 0.862903 0.729455 0.823050 0.709173 0.692646 0.837666 0.886655 0.873996 0.748239 0.783655 0.966890 0.533563 0.526412 0.948255 0.987358 0.723390 0.614106 0.540636 0.488472 0.962810 0.807018 0.630430 0.574890 0.553467 0.611797 0.909421 0.898935 0.765754 0.632162 0.960524 0.887053 0.791996 0.731104 0.916057 0.772415 0.942807 0.889873 0.901982 0.994926 0.957677 0.955746 0.585191 0.888457 0.708471 0.885500 0.793548 0.897606 0.844756 0.836354 0.609757 0.633934 0.582929 0.961779 0.878263 0.775435 0.637619 0.738042 0.827895 0.708918 0.704754 0.888079 0.668107 0.614210 0.666497 0.792522 0.753957 0.926779
0.748866 0.771992 0.929843 0.966722 0.956693 0.683483 0.663826 0.591286 0.578793 0.000000 0.916431 0.979576 0.655312 0.764383 0.812744 0.805236 0.938108 0.731055 0.968316 0.908796 0.863696 0.883123 0.881112 0.663795 0.812943 0.835670 0.633733 0.882673 0.777045 0.842909 0.537195 0.541225 0.632340 0.557275 0.812558 0.983375 0.836876 0.861222 0.985896 0.966840 0.918684 0.765676 0.431426 0.529826 0.392316 0.429766 0.652149 0.545514 0.505508 0.649871 0.537481 0.748593 0.627014 0.589700 0.937199 0.813836 0.776680 0.679686 0.755113 0.883046 0.723252 0.540139 0.945880 0.801240 0.812930 0.896812 0.664529 0.512541 0.746643 0.799901 0.766257 0.640498 0.512680 0.668642 0.964286 0.814839 0.686166 0.613318 0.937717 0.966306 0.885759 0.710006 0.796739 0.759358 0.685332 0.749723 0.692148 0.815635 0.919821 0.692598 0.688495 0.930263 0.902152 0.906294 0.938388 0.802661 0.753995 0.736675 0.491712 0.532928 0.472701 0.810407 0.591474 0.563352 0.650664 0.756007 0.913480 0.594136 0.821742 0.787160 0.668108 0.613566 0.604725 0.787181 0.740489 0.815072
0.421004 0.562237 0.975151 0.953714 0.914243 0.724215 0.752485 0.756494 0.955607 0.916431 0.000000 0.564627 0.837502 0.643026 0.955401 0.992854 0.540462 0.480381 0.518519 0.502577 0.842185 0.992866 0.768691 0.943504 0.790857 0.900905 0.883982 0.880053 0.640806 0.477048 0.801805 0.794130 0.663686 0.556453 0.879056 0.773493 0.948953 0.883595 0.857761 0.830965 0.876769 0.867272 0.698863 0.661339 0.731450 0.694908 0.621803 0.764046 0.644575 0.706236 0.824233 0.803267 0.984050 0.850763 0.673908 0.699409 0.510007 0.633336 0.544048 0.616699 0.837028 0.982288 0.549051 0.662626 0.887571 0.921748 0.669853 0.710307 0.682288 0.739880 0.998094 0.902308 0.961976 0.938117 0.864548 0.856851 0.824478 0.931696 0.771687 0.632855 0.447893 0.500903 0.791484 0.621948 0.895098 0.908834 0.845185 0.887172 0.868378 0.897056 0.715962 0.782877 0.720690 0.814328 0.783990 0.981242 0.640230 0.740251 0.627971 0.690723 0.872471 0.732613 0.694125 0.657285 0.946124 0.873750 0.836785 0.975383 0.897828 0.811468 0.891309 0.809346 0.809846 0.853823 0.978325 0.907762
0.461785 0.497353 0.845684 0.730134 0.928736 0.794724 0.735922 0.698781 0.852783 0.979576 0.564627 0.000000 0.629969 0.486441 0.764417 0.676163 0.700908 0.476562 0.543683 0.389462 0.737627 0.776211 0.914645 0.698932 0.875092 0.980277 0.861957 0.827344 0.683327 0.581834 0.792753 0.886717 0.751833 0.609886 0.909606 0.746661 0.757379 0.603358 0.896793 0.668219 0.969915 0.922510 0.825467 0.832902 0.826958 0.815429 0.717965 0.765833 0.731123 0.788083 0.908046 0.872724 0.967167 0.694877 0.631193 0.750509 0.516257 0.503840 0.712623 0.673667 0.675116 0.727928 0.727733 0.554300 0.872723 0.731402 0.796583 0.741479 0.639448 0.634761 0.947015 0.893064 0.891503 0.983497 0.994907 0.840707 0.999319 0.921490 0.867154 0.582708 0.448108 0.472240 0.787730 0.559681 0.658902 0.634936 0.667663 0.801172 0.847412 0.737431 0.887548 0.975039 0.841851 0.941829 0.967194 0.823527 0.686826 0.831831 0.795507 0.821537 0.917805 0.866174 0.803118 0.846512 0.824258 0.835320 0.775240 0.913476 0.891537 0.861404 0.913259 0.904247 0.947374 0.868924 0.920650 0.909863
0.506178 0.462855 0.593295 0.553493 0.742542 0.998158 0.650110 0.734045 0.991139 0.655312 0.837502 0.629969 0.000000 0.356581 0.405710 0.401602 0.625018 0.585864 0.487495 0.538273 0.802362 0.732489 0.481967 0.422786 0.689707 0.883603 0.713289 0.987401 0.864650 0.891726 0.866313 0.995557 0.760447 0.862942 0.921069 0.868644 0.834517 0.870108 0.982311 0.936800 0.927705 0.955354 0.916354 0.844912 0.994347 0.963823 0.769106 0.876374 0.943926 0.888976 0.970839 0.731154 0.863528 0.942811 0.792183 0.815140 0.507288 0.451506 0.756930 0.668958 0.615054 0.814830 0.774728 0.718274 0.525969 0.604815 0.815480 0.906948 0.686419 0.715071 0.785338 0.960759 0.916734 0.938872 0.907933 0.896032 0.877869 0.989135 0.842654 0.624295 0.581979 0.518515 0.677289 0.599075 0.388074 0.473872 0.562060 0.632602 0.814495 0.626777 0.801872 0.803614 0.750047 0.787309 0.886558 0.967882 0.827808 0.960493 0.913781 0.846016 0.931141 0.849686 0.968184 0.957170 0.872869 0.893467 0.954957 0.903566 0.860007 0.980965 0.900924 0.893132 0.958206 0.932306 0.915188 0.971297
0.421048 0.392801 0.777644 0.653097 0.962445 0.916797 0.721308 0.712592 0.889383 0.764383 0.643026 0.486441 0.356581 0.000000 0.494338 0.363811 0.535770 0.422159 0.387331 0.458460 0.860448 0.708054 0.708089 0.535263 0.910061 0.980985 0.771361 0.906723 0.700884 0.655985 0.743090 0.861533 0.778052 0.736947 0.981082 0.777871 0.985436 0.843946 0.998070 0.845530 0.912801 0.972732 0.806817 0.731249 0.926589 0.832404 0.635476 0.786930 0.902566 0.795347 0.883201 0.713171 0.909417 0.797344 0.785917 0.730393 0.366455 0.399566 0.630672 0.569380 0.672191 0.838652 0.719844 0.636079 0.744923 0.684361 0.803181 0.863690 0.764283 0.737622 0.971391 0.849690 0.877039 0.958894 0.853393 0.996301 0.928088 0.974894 0.714735 0.495260 0.436331 0.408546 0.574815 0.503018 0.507898 0.530677 0.669298 0.684593 0.781580 0.665364 0.800351 0.839812 0.788394 0.851927 0.886941 0.972922 0.804737 0.849989 0.803270 0.734462 0.975624 0.841610 0.839869 0.872087 0.860397 0.865545 0.979389 0.864396 0.827463 0.904561 0.840369 0.832378 0.917397 0.828170 0.836485 0.958494
0.771693 0.669217 0.646342 0.585856 0.759944 0.998302 0.661967 0.796147 0.916177 0.812744 0.955401 0.764417 0.405710 0.494338 0.000000 0.319166 0.740321 0.720126 0.632885 0.766808 0.846998 0.791871 0.419640 0.436536 0.708316 0.912912 0.766629 0.998735 0.749189 0.899405 0.962710 0.799050 0.788428 0.860650 0.945533 0.853138 0.952216 0.872790 0.990692 0.876244 0.960671 0.994266 0.865474 0.836945 0.907079 0.883762 0.805264 0.876385 0.968117 0.942643 0.944197 0.794304 0.745794 0.989681 0.901557 0.875570 0.624762 0.618523 0.780423 0.760217 0.605776 0.770309 0.794351 0.724105 0.520799 0.654832 0.821816 0.864895 0.935911 0.928047 0.795657 0.958148 0.992133 0.829798 0.866641 0.870040 0.888615 0.810562 0.712793 0.666968 0.721955 0.710394 0.640815 0.702067 0.441567 0.525313 0.716685 0.612445 0.795639 0.675715 0.924050 0.936705 0.901309 0.900324 0.843747 0.963033 0.811187 0.974352 0.926857 0.801965 0.955418 0.913391 0.991064 0.940331 0.746352 0.781623 0.893382 0.924576 0.790073 0.974514 0.867671 0.867780 0.856281 0.930658 0.869035 0.973379
0.757178 0.631540 0.688693 0.610510 0.857923 0.942511 0.728031 0.762020 0.981595 0.805236 0.992854 0.676163 0.401602 0.363811 0.319166 0.000000 0.762168 0.707278 0.641921 0.723286 0.821679 0.719132 0.463236 0.421163 0.758929 0.919812 0.812108 0.995399 0.767258 0.832624 0.989987 0.823541 0.828019 0.842225 0.981348 0.816230 0.962178 0.921174 0.986030 0.943464 0.889907 0.909146 0.864669 0.804171 0.960385 0.890763 0.752877 0.893072 0.947951 0.973317 0.948288 0.830505 0.804992 0.887796 0.945050 0.871435 0.589891 0.590507 0.791936 0.725805 0.583226 0.700533 0.899751 0.719004 0.594588 0.619845 0.891425 0.921855 0.985009 0.891042 0.949362 0.907646 0.973151 0.806740 0.935569 0.788569 0.984926 0.837363 0.764401 0.676214 0.699687 0.673928 0.634670 0.632890 0.459193 0.490933 0.761588 0.678898 0.776979 0.690914 0.927441 0.983700 0.928938 0.971037 0.981827 0.951046 0.886607 0.976258 0.942843 0.811654 0.981231 0.931734 0.985193 0.929036 0.792145 0.792869 0.928250 0.937409 0.783931 0.956328 0.869893 0.837950 0.879609 0.864964 0.765546 0.955089
0.414673 0.424732 0.943856 0.989697 0.868328 0.990907 0.827391 0.915126 0.888447 0.938108 0.540462 0.700908 0.625018 0.535770 0.740321 0.762168 0.000000 0.349533 0.491375 0.492538 0.943155 0.797214 0.932275 0.939148 0.875164 0.846076 0.986630 0.973795 0.541973 0.522645 0.816748 0.844316 0.694849 0.692727 0.969006 0.990592 0.988536 0.878372 0.996960 0.817968 0.845915 0.880606 0.700070 0.577730 0.773994 0.647475 0.583802 0.624649 0.576524 0.545715 0.631325 0.549428 0.724586 0.997715 0.641739 0.544818 0.335969 0.352537 0.486797 0.406893 0.890691 0.915179 0.346058 0.431912 0.893232 0.916330 0.856748 0.890664 0.619112 0.596600 0.980272 0.769723 0.855243 0.967123 0.843874 0.997720 0.750648 0.980401 0.576574 0.650624 0.294298 0.347070 0.467369 0.428373 0.717227 0.844023 0.798975 0.574196 0.778233 0.739449 0.903599 0.858048 0.952052 0.951910 0.761201 0.895747 0.748801 0.834177 0.716442 0.793154 0.904360 0.765808 0.635087 0.651999 0.919811 0.896173 0.967814 0.946747 0.963691 0.886663 0.833316 0.829079 0.792520 0.870853 0.848835 0.913777
0.298573 0.319554 0.952678 0.897499 0.907609 0.961279 0.888582 0.972880 0.702532 0.731055 0.480381 0.476562 0.585864 0.422159 0.720126 0.707278 0.349533 0.000000 0.449674 0.375359 0.860419 0.763574 0.978935 0.758961 0.964599 0.840942 0.903251 0.930978 0.630208 0.536931 0.586243 0.989910 0.811417 0.755596 0.937739 0.829034 0.935444 0.793062 0.883704 0.752269 0.938703 0.890658 0.872871 0.801507 0.928797 0.840965 0.712862 0.788951 0.716700 0.686739 0.852968 0.754294 0.999103 0.696695 0.602321 0.585178 0.274831 0.272689 0.547589 0.510039 0.938055 0.825279 0.453919 0.513247 0.985019 0.968335 0.843581 0.942381 0.551833 0.538927 0.900659 0.698882 0.735952 0.946016 0.838553 0.792345 0.949225 0.830418 0.613876 0.568789 0.258398 0.257240 0.493363 0.362434 0.584001 0.682512 0.651172 0.597348 0.696314 0.589384 0.933166 0.893649 0.853353 0.875432 0.815031 0.924135 0.703697 0.782187 0.851998 0.881783 0.809420 0.887950 0.777781 0.826995 0.931314 0.860033 0.939621 0.839710 0.978931 0.872820 0.934803 0.951746 0.953851 0.904857 0.935512 0.992918
0.414146 0.440920 0.768992 0.637894 0.968232 0.778720 0.549276 0.576552 0.960309 0.968316 0.518519 0.543683 0.487495 0.387331 0.632885 0.641921 0.491375 0.449674 0.000000 0.422606 0.888092 0.738065 0.857531 0.732076 0.967112 0.986825 0.912962 0.802358 0.648096 0.665782 0.848920 0.705339 0.603838 0.594300 0.880282 0.902872 0.884825 0.861831 0.893003 0.830036 0.836981 0.918778 0.629842 0.592328 0.708644 0.670676 0.515988 0.570470 0.714101 0.701286 0.806486 0.663871 0.839218 0.934900 0.633740 0.607126 0.414330 0.479810 0.509342 0.537003 0.642389 0.822438 0.586159 0.645349 0.838038 0.695356 0.584116 0.641482 0.709356 0.879368 0.734498 0.986858 0.967570 0.961707 0.886424 0.988515 0.775973 0.910018 0.718080 0.521990 0.422403 0.408598 0.705786 0.560138 0.613831 0.685234 0.701745 0.663559 0.819591 0.818465 0.619823 0.698024 0.601447 0.721993 0.787813 0.825148 0.509937 0.788617 0.551206 0.532841 0.860289 0.672229 0.675264 0.749248 0.693829 0.705064 0.917631 0.886852 0.786146 0.692844 0.790901 0.695945 0.742581 0.817523 0.826412 0.858708
0.356927 0.343935 0.815847 0.670347 0.955353 0.876059 0.676795 0.682811 0.893491 0.908796 0.502577 0.389462 0.538273 0.458460 0.766808 0.723286 0.492538 0.375359 0.422606 0.000000 0.779970 0.793946 0.923699 0.729666 0.915522 0.968013 0.836931 0.835495 0.674072 0.619533 0.758102 0.907321 0.681647 0.634973 0.965772 0.850873 0.834170 0.646741 0.839268 0.708985 0.946270 0.821571 0.758162 0.722259 0.831516 0.788151 0.607941 0.717680 0.699505 0.636774 0.795375 0.681965 0.888033 0.845335 0.536197 0.611637 0.387538 0.352452 0.534160 0.538228 0.726135 0.879216 0.612622 0.545523 0.864692 0.779961 0.682772 0.752092 0.503333 0.576952 0.895652 0.930173 0.832101 0.979705 0.926963 0.913659 0.777384 0.908338 0.760178 0.655480 0.336041 0.345856 0.661448 0.443880 0.560843 0.624127 0.648339 0.729582 0.747222 0.641304 0.748772 0.840989 0.715499 0.839754 0.851380 0.805522 0.604660 0.851324 0.749130 0.716616 0.902991 0.737948 0.728271 0.818617 0.783944 0.791889 0.852654 0.952180 0.873280 0.783019 0.912925 0.838958 0.963364 0.866853 0.901462 0.959247
0.730962 0.729743 0.732484 0.731720 0.857368 0.896509 0.902838 0.900994 0.989052 0.863696 0.842185 0.737627 0.802362 0.860448 0.846998 0.821679 0.943155 0.860419 0.888092 0.779970 0.000000 0.917300 0.854954 0.705125 0.676777 0.838495 0.874804 0.728020 0.997047 0.978572 0.966129 0.963404 0.859650 0.838067 0.768109 0.793974 0.861055 0.840204 0.768639 0.872421 0.958329 0.918024 0.942432 0.981789 0.982857 0.990790 0.969110 0.855463 0.981244 0.920322 0.896270 0.848064 0.796414 0.644239 0.782439 0.871309 0.789583 0.761200 0.843359 0.881193 0.666649 0.776715 0.970419 0.898579 0.657229 0.678655 0.867342 0.925184 0.721529 0.791827 0.993666 0.889205 0.945924 0.911491 0.828866 0.956384 0.999490 0.925761 0.826219 0.936651 0.826056 0.778746 0.761536 0.806327 0.640826 0.563911 0.779560 0.876350 0.707798 0.693722 0.871715 0.669398 0.963726 0.845325 0.977151 0.945583 0.978145 0.911474 0.915823 0.861971 0.848219 0.927776 0.890757 0.804090 0.876486 0.985456 0.878363 0.984312 0.959175 0.887675 0.876100 0.905063 0.943558 0.916213 0.974413 0.931912
0.797188 0.749268 0.958841 0.909300 0.939467 0.962692 0.939093 0.935042 0.867123 0.883123 0.992866 0.776211 0.732489 0.708054 0.791871 0.719132 0.797214 0.763574 0.738065 0.793946 0.917300 0.000000 0.886535 0.824867 0.945789 0.910712 0.894163 0.881281 0.886615 0.939353 0.901104 0.965478 0.966430 0.980653 0.967084 0.965293 0.958793 0.933283 0.912509 0.837274 0.991282 0.900607 0.918694 0.897293 0.966813 0.951662 0.872177 0.862348 0.911961 0.798293 0.844761 0.737898 0.769893 0.940975 0.827712 0.864012 0.740571 0.675197 0.884293 0.717793 0.890616 0.939220 0.777376 0.703263 0.986846 0.993826 0.906929 0.964515 0.950515 0.914633 0.975230 0.894321 0.954406 0.963468 0.903894 0.954628 0.909334 0.973874 0.962126 0.713379 0.733308 0.675946 0.809763 0.736924 0.848617 0.885492 0.744893 0.756245 0.917586 0.945982 0.964362 0.842640 0.992965 0.927679 0.838875 0.989775 0.709660 0.965770 0.898064 0.894808 0.931710 0.749442 0.953258 0.882690 0.883618 0.990931 0.920708 0.998986 0.884415 0.870380 0.876343 0.930841 0.918786 0.891312 0.719083 0.869200
0.998135 0.830057 0.448409 0.388054 0.561758 0.989936 0.617408 0.745569 0.759857 0.881112 0.768691 0.914645 0.481967 0.708089 0.419640 0.463236 0.932275 0.978935 0.857531 0.923699 0.854954 0.886535 0.000000 0.340299 0.503073 0.661288 0.679097 0.988862 0.973795 0.846014 0.847866 0.921036 0.856697 0.977279 0.830392 0.860926 0.815476 0.877883 0.982687 0.925619 0.934196 0.955153 0.966703 0.989085 0.958069 0.998621 0.991395 0.969390 0.806576 0.883187 0.920274 0.980084 0.845667 0.973062 0.986790 0.981181 0.936458 0.864613 0.980652 0.998120 0.571300 0.666807 0.888281 0.961676 0.314574 0.527207 0.719503 0.821872 0.985455 0.949895 0.700661 0.795745 0.837550 0.794129 0.902551 0.734421 0.948046 0.827108 0.929313 0.977663 0.971976 0.998194 0.846699 0.944501 0.418620 0.455992 0.729539 0.778013 0.758375 0.682125 0.827832 0.961483 0.753190 0.807084 0.859517 0.981084 0.912851 0.971762 0.984534 0.885644 0.970731 0.961122 0.822346 0.736490 0.714614 0.711801 0.848716 0.952492 0.761398 0.914908 0.884044 0.843507 0.944572 0.923728 0.861075 0.932798
0.746909 0.654922 0.535853 0.423481 0.624490 0.962477 0.742599 0.825630 0.964647 0.663795 0.943504 0.698932 0.422786 0.535263 0.436536 0.421163 0.939148 0.758961 0.732076 0.729666 0.705125 0.824867 0.340299 0.000000 0.461609 0.733478 0.545401 0.936755 0.962371 0.939751 0.953960 0.984914 0.894636 0.981628 0.861456 0.767474 0.913187 0.800475 0.851249 0.938148 0.996198 0.983053 0.877603 0.908825 0.883364 0.869414 0.977344 0.905074 0.767433 0.853265 0.761811 0.904583 0.916563 0.720341 0.839497 0.916596 0.726879 0.666816 0.992325 0.943267 0.680631 0.821824 0.948709 0.933144 0.389917 0.587306 0.852852 0.934801 0.764611 0.926720 0.866547 0.970804 0.970241 0.912046 0.979866 0.977741 0.951445 0.950535 0.889986 0.865417 0.811842 0.719422 0.772360 0.687176 0.341380 0.360069 0.653007 0.715562 0.641604 0.531103 0.953881 0.939178 0.800059 0.894383 0.920247 0.986499 0.902483 0.997235 0.937977 0.992993 0.853048 0.973765 0.813643 0.691534 0.807030 0.853767 0.999388 0.886949 0.952301 0.956417 0.982183 0.981973 0.917410 0.897851 0.978047 0.935940
0.878274 0.804924 0.464244 0.522087 0.627784 0.971135 0.771727 0.847058 0.786019 0.812943 0.790857 0.875092 0.689707 0.910061 0.708316 0.758929 0.875164 0.964599 0.967112 0.915522 0.676777 0.945789 0.503073 0.461609 0.000000 0.413351 0.638887 0.870275 0.768556 0.687438 0.807568 0.990151 0.833697 0.982224 0.770288 0.760569 0.645494 0.668942 0.831566 0.881204 0.929593 0.947051 0.842462 0.857980 0.945483 0.860917 0.952636 0.853406 0.747680 0.779358 0.785508 0.810764 0.830367 0.721979 0.752869 0.994141 0.922237 0.873028 0.961682 0.936170 0.635611 0.720156 0.730633 0.903568 0.367395 0.529122 0.844830 0.855163 0.646856 0.779872 0.969599 0.863202 0.954338 0.862766 0.912865 0.899290 0.870689 0.993937 0.938866 0.873309 0.924691 0.946917 0.868036 0.870125 0.450685 0.402580 0.833961 0.850385 0.676858 0.520935 0.966884 0.666011 0.886092 0.913151 0.884664 0.913343 0.890393 0.902352 0.827359 0.791295 0.848682 0.807059 0.726543 0.668260 0.886953 0.930254 0.960610 0.882145 0.888663 0.907966 0.972506 0.881688 0.832797 0.747835 0.969385 0.972289
0.993482 0.928084 0.428153 0.543560 0.639918 0.800650 0.556826 0.582297 0.515033 0.835670 0.900905 0.980277 0.883603 0.980985 0.912912 0.919812 0.846076 0.840942 0.986825 0.968013 0.838495 0.910712 0.661288 0.733478 0.413351 0.000000 0.916846 0.826366 0.789558 0.741116 0.543684 0.804467 0.609398 0.732545 0.708205 0.680739 0.565707 0.744377 0.750406 0.842162 0.978748 0.783310 0.814916 0.846677 0.750172 0.828232 0.794720 0.912124 0.945577 0.959966 0.946929 0.994454 0.911547 0.955290 0.677624 0.925153 0.994564 0.970639 0.872322 0.988244 0.515568 0.551065 0.734663 0.889265 0.491400 0.459987 0.592314 0.564445 0.749923 0.868342 0.816200 0.648695 0.723438 0.722482 0.929223 0.972250 0.988764 0.860727 0.890713 0.855996 0.853983 0.899235 0.926181 0.946579 0.651425 0.549273 0.984381 0.984364 0.735550 0.718115 0.782796 0.829005 0.787230 0.928248 0.841839 0.865997 0.967083 0.959710 0.887926 0.934779 0.815542 0.905142 0.879149 0.894703 0.757824 0.811137 0.913895 0.985472 0.804091 0.888629 0.733395 0.922352 0.950957 0.958137 0.925129 0.877076
0.875971 0.829943 0.910170 0.784691 0.666740 0.811743 0.912771 0.893910 0.861819 0.633733 0.883982 0.861957 0.713289 0.771361 0.766629 0.812108 0.986630 0.903251 0.912962 0.836931 0.874804 0.894163 0.679097 0.545401 0.638887 0.916846 0.000000 0.984636 0.842134 0.828161 0.742520 0.851282 0.757003 0.723469 0.936608 0.945563 0.944678 0.834036 0.921446 0.999834 0.916132 0.828606 0.658280 0.684212 0.623749 0.649682 0.832105 0.729943 0.693155 0.804574 0.695405 0.870283 0.778352 0.777667 0.991672 0.920700 0.898832 0.798375 0.794954 0.970245 0.947043 0.888196 0.912179 0.931604 0.704402 0.906718 0.867963 0.836255 0.825381 0.852639 0.878468 0.780472 0.815287 0.810158 0.948966 0.897168 0.933720 0.700194 0.977046 0.967471 0.980709 0.854143 0.862504 0.921211 0.670868 0.684674 0.731007 0.784981 0.977086 0.727545 0.901469 0.909478 0.956843 0.894201 0.966146 0.982959 0.893135 0.947998 0.770911 0.814976 0.737265 0.962506 0.792723 0.723832 0.941875 0.999332 0.935285 0.884206 0.991099 0.996964 0.989440 0.875460 0.779850 0.725559 0.846349 0.973749
0.979521 0.984310 0.920266 0.965786 0.934619 0.980445 0.975958 0.945995 0.964594 0.882673 0.880053 0.827344 0.987401 0.906723 0.998735 0.995399 0.973795 0.930978 0.802358 0.835495 0.728020 0.881281 0.988862 0.936755 0.870275 0.826366 0.984636 0.000000 0.861773 0.837005 0.891748 0.835661 0.976186 0.903404 0.944420 0.857314 0.917010 0.949660 0.956655 0.882179 0.969664 0.835175 0.938036 0.989531 0.944645 0.989508 0.962717 0.902349 0.912589 0.905463 0.959337 0.885626 0.974455 0.845887 0.973237 0.826598 0.980864 0.979299 0.986753 0.975125 0.982703 0.971451 0.866077 0.874080 0.903315 0.950661 0.919488 0.898907 0.924040 0.826530 0.958024 0.882178 0.890464 0.930566 0.998159 0.967349 0.949909 0.960645 0.830019 0.806281 0.929772 0.955791 0.903395 0.961238 0.919086 0.893816 0.859310 0.947352 0.981227 0.859475 0.848674 0.785994 0.839048 0.750834 0.930606 0.829687 0.821211 0.874263 0.875241 0.793083 0.791436 0.867847 0.795102 0.848883 0.834148 0.756689 0.944593 0.971298 0.875532 0.719353 0.915997 0.901957 0.913385 0.940939 0.837538 0.911819
0.735730 0.705010 0.905673 0.955776 0.877225 0.870296 0.823556 0.848944 0.962115 0.777045 0.640806 0.683327 0.864650 0.700884 0.749189 0.767258 0.541973 0.630208 0.648096 0.674072 0.997047 0.886615 0.973795 0.962371 0.768556 0.789558 0.842134 0.861773 0.000000 0.327775 0.938429 0.545456 0.668168 0.623521 0.987781 0.958050 0.996980 0.993704 0.989626 0.919603 0.962554 0.908179 0.594507 0.557958 0.598791 0.530682 0.631768 0.577600 0.514456 0.549839 0.587999 0.626466 0.666168 0.866128 0.869063 0.710637 0.641833 0.693471 0.570513 0.569957 0.814231 0.906521 0.477377 0.462396 0.828603 0.946398 0.786765 0.800344 0.937335 0.960016 0.978789 0.837422 0.952891 0.825216 0.943771 0.986130 0.816442 0.761871 0.563043 0.620019 0.500155 0.703107 0.702095 0.682615 0.920678 0.978839 0.916817 0.868801 0.928628 0.959468 0.975863 0.973841 0.920084 0.884299 0.773673 0.873716 0.597877 0.954726 0.708445 0.712183 0.865166 0.819303 0.676631 0.605845 0.792929 0.801276 0.924105 0.850915 0.874709 0.861575 0.800778 0.744783 0.703934 0.801941 0.784500 0.993404
0.661620 0.641687 0.827060 0.914481 0.836131 0.818981 0.941004 0.927564 0.864157 0.842909 0.477048 0.581834 0.891726 0.655985 0.899405 0.832624 0.522645 0.536931 0.665782 0.619533 0.978572 0.939353 0.846014 0.939751 0.687438 0.741116 0.828161 0.837005 0.327775 0.000000 0.905621 0.738465 0.775979 0.635549 0.968257 0.936550 0.954479 0.959204 0.983238 0.811896 0.961577 0.967528 0.677021 0.641888 0.682533 0.624407 0.681067 0.662008 0.488945 0.585102 0.646144 0.706690 0.777481 0.979986 0.904648 0.701686 0.609756 0.651789 0.603867 0.523363 0.894193 0.962900 0.479574 0.431107 0.727981 0.866526 0.848104 0.862131 0.919069 0.870728 0.884572 0.770964 0.920805 0.862864 0.955151 0.968048 0.937715 0.873208 0.614774 0.607068 0.443613 0.631046 0.709311 0.645653 0.991648 0.925298 0.889988 0.781774 0.989857 0.941493 0.967258 0.977639 0.886038 0.871174 0.829780 0.892455 0.696437 0.865102 0.760634 0.780704 0.902736 0.878223 0.691317 0.624404 0.969219 0.831705 0.818516 0.920439 0.966044 0.896772 0.875477 0.830963 0.837694 0.819209 0.821356 0.965973
0.677608 0.727188 0.681634 0.827446 0.840777 0.856060 0.651672 0.665200 0.478871 0.537195 0.801805 0.792753 0.866313 0.743090 0.962710 0.989987 0.816748 0.586243 0.848920 0.758102 0.966129 0.901104 0.847866 0.953960 0.807568 0.543684 0.742520 0.891748 0.938429 0.905621 0.000000 0.546905 0.558920 0.715817 0.784351 0.970993 0.671115 0.975979 0.789824 0.912374 0.973503 0.854408 0.610713 0.646291 0.534586 0.587326 0.744174 0.750124 0.809582 0.856741 0.693483 0.851022 0.639890 0.680714 0.946945 0.955013 0.744080 0.666649 0.886834 0.996223 0.588027 0.517185 0.887135 0.959449 0.864985 0.744796 0.747922 0.584752 0.863464 0.768009 0.820892 0.709960 0.559813 0.645368 0.924600 0.803342 0.809888 0.512044 0.997462 0.933046 0.765444 0.644229 0.950533 0.786172 0.935243 0.996906 0.745620 0.869545 0.985510 0.869302 0.970465 0.800620 0.899717 0.719908 0.924667 0.958000 0.932540 0.983317 0.804936 0.836598 0.599867 0.994055 0.946480 0.930369 0.789340 0.858598 0.838360 0.793491 0.807068 0.983782 0.772784 0.832963 0.752053 0.876063 0.870980 0.919323
0.965946 0.933522 0.796726 0.760000 0.943550 0.806247 0.573458 0.539649 0.620713 0.541225 0.794130 0.886717 0.995557 0.861533 0.799050 0.823541 0.844316 0.989910 0.705339 0.907321 0.963404 0.965478 0.921036 0.984914 0.990151 0.804467 0.851282 0.835661 0.545456 0.738465 0.546905 0.000000 0.517095 0.508118 0.782745 0.945839 0.747299 0.942052 0.826286 0.995016 0.966833 0.934244 0.438320 0.416808 0.465708 0.431338 0.518381 0.520816 0.628041 0.672115 0.606958 0.663829 0.662369 0.765731 0.768529 0.773872 0.859726 0.997131 0.557049 0.688407 0.576579 0.613837 0.806652 0.717564 0.962972 0.749504 0.597753 0.546506 0.908478 0.810550 0.818505 0.829976 0.688864 0.664957 0.956611 0.955243 0.749456 0.628329 0.700586 0.653464 0.820055 0.946580 0.816541 0.856408 0.942061 0.932917 0.942504 0.942782 0.871129 0.906627 0.757596 0.991537 0.922697 0.986663 0.871806 0.868807 0.687006 0.965415 0.540836 0.573833 0.554201 0.724240 0.625936 0.703929 0.621974 0.742840 0.908758 0.774185 0.651130 0.816494 0.808507 0.705552 0.585150 0.870413 0.727864 0.991937
0.705107 0.694315 0.548917 0.614880 0.909538 0.641886 0.345219 0.403833 0.503139 0.632340 0.663686 0.751833 0.760447 0.778052 0.788428 0.828019 0.694849 0.811417 0.603838 0.681647 0.859650 0.966430 0.856697 0.894636 0.833697 0.609398 0.757003 0.976186 0.668168 0.775979 0.558920 0.517095 0.000000 0.349420 0.652762 0.820881 0.611719 0.736741 0.830467 0.903887 0.902187 0.673386 0.375100 0.395621 0.343220 0.397721 0.410371 0.483513 0.583781 0.598181 0.563932 0.636731 0.653792 0.850047 0.552441 0.619335 0.693526 0.787299 0.431804 0.649087 0.368781 0.501015 0.676353 0.626970 0.753485 0.552762 0.390579 0.349877 0.767348 0.896179 0.670509 0.766606 0.742082 0.661791 0.814662 0.910481 0.637777 0.673273 0.748214 0.762186 0.689983 0.786898 0.804005 0.765113 0.706150 0.701427 0.987435 0.847403 0.784250 0.848114 0.651788 0.935605 0.740329 0.998696 0.745303 0.875788 0.619622 0.807626 0.509643 0.560268 0.628782 0.759619 0.759178 0.638719 0.569949 0.672780 0.913902 0.849833 0.802336 0.809418 0.670149 0.658525 0.613402 0.721106 0.740383 0.940531
0.693353 0.696809 0.654069 0.692087 0.982775 0.511872 0.401913 0.384390 0.683194 0.557275 0.556453 0.609886 0.862942 0.736947 0.860650 0.842225 0.692727 0.755596 0.594300 0.634973 0.838067 0.980653 0.977279 0.981628 0.982224 0.732545 0.723469 0.903404 0.623521 0.635549 0.715817 0.508118 0.349420 0.000000 0.659899 0.771306 0.674650 0.716974 0.868000 0.920603 0.836292 0.706173 0.408658 0.412078 0.360155 0.405462 0.382531 0.481472 0.550303 0.637472 0.597466 0.701404 0.731235 0.965099 0.549336 0.610773 0.672141 0.782434 0.419867 0.548337 0.418970 0.474318 0.642339 0.562772 0.886600 0.581434 0.423869 0.363623 0.820258 0.900231 0.776568 0.761588 0.755792 0.640862 0.890057 0.998504 0.813675 0.691837 0.821804 0.715543 0.614255 0.723670 0.806931 0.749452 0.805203 0.772500 0.957063 0.906483 0.801626 0.949508 0.679616 0.950023 0.765557 0.951081 0.837575 0.822151 0.557885 0.830502 0.498670 0.550999 0.542677 0.807273 0.634942 0.567502 0.593286 0.651056 0.983348 0.799969 0.837678 0.758835 0.688922 0.653151 0.625861 0.806796 0.814614 0.916176
0.918304 0.913118 0.655410 0.674443 0.914390 0.825179 0.629434 0.705188 0.666671 0.812558 0.879056 0.909606 0.921069 0.981082 0.945533 0.981348 0.969006 0.937739 0.880282 0.965772 0.768109 0.967084 0.830392 0.861456 0.770288 0.708205 0.936608 0.944420 0.987781 0.968257 0.784351 0.782745 0.652762 0.659899 0.000000 0.838757 0.894617 0.792330 0.680956 0.891393 0.932155 0.802652 0.843504 0.844440 0.701677 0.809717 0.835473 0.958882 0.958530 0.926437 0.985523 0.847684 0.973877 0.847806 0.673223 0.758296 0.929752 0.993521 0.763732 0.995216 0.629770 0.698979 0.944093 0.905457 0.679012 0.660253 0.521789 0.596744 0.868893 0.887065 0.823167 0.809759 0.816172 0.894463 0.986372 0.998703 0.971547 0.903045 0.913644 0.933684 0.939980 0.919128 0.833492 0.955108 0.769047 0.688512 0.982353 0.924818 0.705477 0.746683 0.877477 0.846974 0.765430 0.973267 0.813772 0.911410 0.756468 0.677565 0.806623 0.855256 0.898113 0.862657 0.997672 0.982762 0.761675 0.818029 0.880360 0.945532 0.839154 0.932495 0.920987 0.782826 0.842968 0.960545 0.931342 0.942383
0.772942 0.875425 0.767705 0.735598 0.824573 0.729712 0.762576 0.789015 0.975294 0.983375 0.773493 0.746661 0.868644 0.777871 0.853138 0.816230 0.990592 0.829034 0.902872 0.850873 0.793974 0.965293 0.860926 0.767474 0.760569 0.680739 0.945563 0.857314 0.958050 0.936550 0.970993 0.945839 0.820881 0.771306 0.838757 0.000000 0.914922 0.874832 0.988185 0.887587 0.836415 0.912697 0.995342 0.926604 0.971397 0.971168 0.911446 0.849733 0.940065 0.895834 0.878031 0.845518 0.841483 0.711400 0.804264 0.974418 0.848815 0.891058 0.925080 0.917973 0.777645 0.837524 0.859925 0.957161 0.706579 0.707955 0.816203 0.856273 0.784997 0.771281 0.944573 0.952393 0.882707 0.968042 0.976581 0.966905 0.862269 0.892004 0.982248 0.889560 0.863020 0.852273 0.881124 0.914380 0.731463 0.679177 0.982665 0.903348 0.770456 0.827260 0.858750 0.903225 0.952685 0.964257 0.938815 0.999194 0.942664 0.869101 0.997569 0.999991 0.997821 0.957877 0.935122 0.898020 0.915773 0.956541 0.974261 0.920638 0.960048 0.876544 0.886555 0.986694 0.916070 0.874377 0.864439 0.827244
0.880350 0.915543 0.567182 0.678773 0.830930 0.873627 0.578531 0.568670 0.761716 0.836876 0.948953 0.757379 0.834517 0.985436 0.952216 0.962178 0.988536 0.935444 0.884825 0.834170 0.861055 0.958793 0.815476 0.913187 0.645494 0.565707 0.944678 0.917010 0.996980 0.954479 0.671115 0.747299 0.611719 0.674650 0.894617 0.914922 0.000000 0.639657 0.880830 0.907432 0.823620 0.875534 0.780116 0.792529 0.689740 0.772037 0.738251 0.746234 0.878338 0.926785 0.886256 0.926119 0.869685 0.926180 0.578248 0.855376 0.954242 0.952695 0.827970 0.975920 0.563000 0.601673 0.969994 0.859515 0.753690 0.622320 0.687245 0.613283 0.767412 0.872364 0.772199 0.652923 0.848604 0.766335 0.959253 0.936304 0.888804 0.864029 0.928750 0.967880 0.906712 0.910756 0.943323 0.852586 0.800198 0.767402 0.948991 0.913531 0.978169 0.891317 0.843732 0.922403 0.871733 0.953876 0.872404 0.960181 0.809796 0.858480 0.804045 0.860861 0.772293 0.947058 0.922568 0.978138 0.783631 0.893589 0.935591 0.982304 0.810232 0.860578 0.949795 0.902279 0.966108 0.991443 0.946375 0.931394
0.726895 0.709509 0.696810 0.713603 0.922912 0.913123 0.739894 0.776034 0.988332 0.861222 0.883595 0.603358 0.870108 0.843946 0.872790 0.921174 0.878372 0.793062 0.861831 0.646741 0.840204 0.933283 0.877883 0.800475 0.668942 0.744377 0.834036 0.949660 0.993704 0.959204 0.975979 0.942052 0.736741 0.716974 0.792330 0.874832 0.639657 0.000000 0.733734 0.731158 0.911522 0.679930 0.915647 0.966660 0.814375 0.883102 0.804651 0.858168 0.812720 0.858584 0.921829 0.963795 0.928120 0.791939 0.583926 0.713772 0.791720 0.726478 0.836892 0.880448 0.705352 0.747529 0.931006 0.755744 0.785047 0.749510 0.788391 0.709900 0.664266 0.700549 0.944623 0.927420 0.975688 0.949847 0.941034 0.920633 0.853633 0.916045 0.978293 0.983540 0.745327 0.751863 0.938845 0.765841 0.723602 0.694778 0.838175 0.848357 0.813203 0.695835 0.946807 0.808849 0.864290 0.985162 0.880580 0.831689 0.890088 0.869221 0.852760 0.917623 0.926242 0.986462 0.870964 0.942729 0.776177 0.905655 0.968873 0.993877 0.989799 0.846256 0.873543 0.922841 0.836971 0.927239 0.958153 0.921352
