0.000000 0.318939 0.867126 0.916756 0.921785 0.731835 0.637500 0.460169 0.913617 0.595619 0.500476 0.316675 0.422057 0.421064 0.618004 0.615313 0.420231 0.406991 0.479274 0.550153 0.818996 0.828345 0.758189 0.877862 0.599240 0.609834 0.790178 0.968172 0.511151 0.460948 0.563864 0.645121 0.534190 0.531641 0.898059 0.847644 0.757080 0.956913 0.957543 0.961191 0.910099 0.919608 0.487555 0.458025 0.511128 0.481962 0.600186 0.622746 0.406602 0.425920 0.441902 0.525677 0.714871 0.838553 0.641264 0.683168 0.381439 0.357061 0.404370 0.388651 0.454833 0.478405 0.361805 0.310345 0.713645 0.959351 0.777075 0.640370 0.643217 0.496493 0.726649 0.596944 0.668867 0.822444 0.860327 0.973730 0.676783 0.653591 0.667636 0.659831 0.359987 0.454451 0.794462 0.932968 0.597002 0.701543 0.634151 0.808196 0.630778 0.697849 0.566726 0.836584 0.714322 0.997125 0.730155 0.920002 0.785143 0.902444 0.422996 0.506182 0.725169 0.630470 0.449948 0.655155 0.789561 0.874342 0.924759 0.930902 0.876284 0.686712 0.867242 0.735390 0.566457 0.713689 0.858755 0.977139
0.318939 0.000000 0.909055 0.833635 0.808071 0.878924 0.800111 0.567010 0.939544 0.718488 0.619220 0.477236 0.580245 0.590498 0.777031 0.842398 0.449397 0.457007 0.615511 0.564421 0.965883 0.799760 0.949377 0.947401 0.777836 0.656880 0.782923 0.918994 0.576905 0.558036 0.615140 0.762397 0.736805 0.591625 0.905159 0.897489 0.935975 0.945846 0.937061 0.980264 0.817412 0.843916 0.516294 0.522930 0.628972 0.553203 0.639651 0.716398 0.485418 0.415479 0.486385 0.482485 0.703842 0.747740 0.716961 0.710206 0.318807 0.309147 0.443857 0.370726 0.644564 0.636156 0.512132 0.449369 0.722172 0.913455 0.797125 0.678010 0.566432 0.458418 0.815073 0.548476 0.674319 0.785566 0.928673 0.978973 0.726475 0.736697 0.636945 0.691013 0.474652 0.598811 0.867484 0.992948 0.859990 0.859180 0.687144 0.808748 0.777732 0.764093 0.662448 0.810373 0.749606 0.911493 0.851990 0.889038 0.717710 0.792158 0.545761 0.530645 0.821409 0.711340 0.570800 0.618623 0.871550 0.929031 0.852792 0.867429 0.985349 0.658329 0.973966 0.767452 0.611533 0.694316 0.902427 0.967279
0.867126 0.909055 0.000000 0.818694 0.966575 0.947601 0.682528 0.880599 0.824908 0.968670 0.898061 0.841443 0.871933 0.734135 0.870808 0.799251 0.938203 0.935124 0.962788 0.967511 0.949256 0.907190 0.932213 0.905020 0.585110 0.630196 0.959564 0.900638 0.923314 0.994269 0.906419 0.955868 0.963155 0.876838 0.802504 0.979652 0.926231 0.982339 0.727021 0.966854 0.787893 0.876843 0.959069 0.976558 0.800523 0.797828 0.771981 0.953126 0.730723 0.727202 0.724511 0.635759 0.744499 0.738453 0.990434 0.886832 0.968598 0.918532 0.917343 0.906169 0.905960 0.894650 0.958000 0.907791 0.545540 0.583848 0.737782 0.832454 0.944316 0.964300 0.886130 0.843682 0.941634 0.936919 0.974986 0.945223 0.926989 0.825851 0.974790 0.878871 0.929229 0.834297 0.988924 0.936896 0.911089 0.910060 0.896615 0.988517 0.764735 0.791009 0.895821 0.803063 0.871358 0.888749 0.781578 0.967580 0.841000 0.921968 0.834737 0.927320 0.968975 0.961079 0.986492 0.933396 0.945572 0.992644 0.722142 0.983722 0.973077 0.867427 0.973006 0.873706 0.973412 0.987355 0.959448 0.944959
0.916756 0.833635 0.818694 0.000000 0.942777 0.691704 0.945839 0.800868 0.878752 0.844777 0.859457 0.915847 0.852520 0.888802 0.940924 0.881834 0.926699 0.993154 0.898392 0.923640 0.994475 0.892926 0.723452 0.774633 0.685067 0.852391 0.892572 0.921812 0.981003 0.979052 0.897928 0.848573 0.987928 0.902723 0.923646 0.929726 0.998798 0.792250 0.910185 0.885989 0.925955 0.976086 0.897886 0.866681 0.955321 0.969600 0.911562 0.929829 0.931739 0.754767 0.738924 0.690071 0.685341 0.650161 0.923606 0.811372 0.801203 0.757883 0.832351 0.660997 0.995948 0.997089 0.951446 0.971664 0.750022 0.624956 0.621892 0.715461 0.779206 0.837464 0.709771 0.749314 0.803765 0.870807 0.937577 0.985532 0.874621 0.950835 0.944127 0.956015 0.979699 0.926910 0.911430 0.881544 0.848301 0.662043 0.935451 0.964370 0.882645 0.682505 0.606944 0.610517 0.568960 0.597291 0.985822 0.995702 0.914572 0.730769 0.798572 0.782670 0.998342 0.903474 0.875745 0.966376 0.898241 0.946843 0.977973 0.972873 0.948881 0.948269 0.844689 0.833712 0.949726 0.865699 0.802948 0.957650
0.921785 0.808071 0.966575 0.942777 0.000000 0.664919 0.787858 0.801354 0.546381 0.713946 0.979067 0.972397 0.810727 0.904385 0.755494 0.771366 0.953579 0.820300 0.778500 0.952885 0.832949 0.910213 0.637019 0.875163 0.801783 0.869941 0.832943 0.803503 0.893627 0.901384 0.980295 0.923936 0.879161 0.972608 0.933803 0.933707 0.950708 0.953358 0.943076 0.888561 0.844166 0.754948 0.956744 0.973262 0.850679 0.942874 0.921002 0.948566 0.976839 0.929464 0.885073 0.957800 0.764161 0.874862 0.992951 0.967378 0.837198 0.935393 0.990636 0.939358 0.799082 0.700996 0.918240 0.902637 0.961005 0.887273 0.896092 0.973068 0.920368 0.943516 0.698157 0.845791 0.893112 0.929019 0.849280 0.941117 0.809918 0.889386 0.756513 0.979385 0.970393 0.995914 0.832745 0.876400 0.696785 0.909186 0.897281 0.797000 0.834770 0.887723 0.684087 0.665138 0.748266 0.881077 0.955128 0.995786 0.888507 0.848828 0.887996 0.861477 0.799365 0.791785 0.928227 0.960483 0.980747 0.942804 0.733130 0.915343 0.840362 0.823107 0.826452 0.858624 0.967122 0.927170 0.990397 0.877124
0.731835 0.878924 0.947601 0.691704 0.664919 0.000000 0.562601 0.513940 0.667323 0.537223 0.848111 0.741905 0.779139 0.814565 0.704245 0.637900 0.694247 0.764998 0.574840 0.769224 0.766351 0.979012 0.574378 0.697987 0.846699 0.919705 0.903895 0.917844 0.700319 0.722672 0.696458 0.838129 0.640340 0.672139 0.822446 0.975699 0.820983 0.972810 0.928567 0.892798 0.998697 0.997419 0.689272 0.651454 0.499752 0.592811 0.763229 0.628587 0.596290 0.605193 0.513640 0.672139 0.592042 0.673719 0.785825 0.610553 0.878094 0.818562 0.640108 0.648420 0.563872 0.624192 0.662343 0.605699 0.933026 0.825140 0.553213 0.603653 0.970386 0.813255 0.770556 0.858868 0.896685 0.981847 0.984323 0.921020 0.645606 0.799660 0.961040 0.690592 0.652729 0.623654 0.916341 0.957129 0.551065 0.607677 0.942296 0.959643 0.840812 0.854127 0.466908 0.659872 0.498821 0.992850 0.851340 0.974936 0.850042 0.872767 0.510395 0.645360 0.728469 0.703294 0.641043 0.855941 0.869573 0.946781 0.984551 0.987883 0.870023 0.942055 0.878288 0.614452 0.706648 0.892074 0.805513 0.889039
0.637500 0.800111 0.682528 0.945839 0.787858 0.562601 0.000000 0.268059 0.584932 0.307839 0.504689 0.542263 0.486833 0.658477 0.584546 0.845904 0.457665 0.578197 0.354042 0.623023 0.802726 0.864569 0.900824 0.781047 0.635566 0.820928 0.604343 0.940553 0.377202 0.490219 0.493124 0.651818 0.470988 0.428435 0.932594 0.998815 0.844023 0.783422 0.921825 0.984939 0.829841 0.943580 0.479880 0.436295 0.483784 0.497999 0.470258 0.541124 0.610338 0.830412 0.723951 0.969176 0.968259 0.841812 0.756770 0.677499 0.768045 0.841381 0.485448 0.714491 0.243745 0.395747 0.340129 0.419446 0.809658 0.761832 0.680364 0.566488 0.962670 0.797970 0.854400 0.975096 0.801145 0.949138 0.960769 0.987279 0.552210 0.861639 0.711072 0.719148 0.456913 0.429030 0.818216 0.947533 0.605753 0.926619 0.822162 0.825805 0.960377 0.855153 0.608406 0.948031 0.759636 0.726976 0.851542 0.929498 0.781570 0.838323 0.519826 0.593003 0.507509 0.742170 0.575959 0.743881 0.724148 0.962530 0.846252 0.957403 0.762791 0.690380 0.758404 0.806374 0.615516 0.835149 0.878759 0.987749
0.460169 0.567010 0.880599 0.800868 0.801354 0.513940 0.268059 0.000000 0.600621 0.258489 0.462310 0.413252 0.398246 0.489395 0.487330 0.714233 0.417397 0.478736 0.309750 0.514190 0.833101 0.900211 0.755101 0.900150 0.569136 0.688395 0.621635 0.958918 0.334312 0.403121 0.415646 0.591388 0.421031 0.405312 0.969375 0.917873 0.782026 0.883196 0.930320 0.999287 0.928069 0.918905 0.435547 0.388344 0.392358 0.401101 0.507465 0.549241 0.418409 0.613917 0.518811 0.752723 0.768868 0.986976 0.695489 0.627830 0.587463 0.588279 0.420737 0.506388 0.252262 0.293152 0.292047 0.306144 0.666352 0.913821 0.714212 0.545990 0.868015 0.622753 0.642706 0.748117 0.698589 0.843560 0.932866 0.999107 0.527322 0.815021 0.717139 0.589667 0.393198 0.428562 0.829876 0.993881 0.558771 0.872494 0.729954 0.804547 0.808234 0.931115 0.479267 0.744078 0.624474 0.956385 0.832098 0.938720 0.690749 0.812789 0.357421 0.451195 0.464605 0.647913 0.490205 0.627503 0.746197 0.932209 0.864022 0.854288 0.833453 0.713902 0.727169 0.714974 0.578558 0.759832 0.890420 0.995752
0.913617 0.939544 0.824908 0.878752 0.546381 0.667323 0.584932 0.600621 0.000000 0.528811 0.903814 0.850157 0.729324 0.863695 0.795626 0.749661 0.916153 0.963765 0.687324 0.962777 0.790143 0.892803 0.735677 0.975207 0.905735 0.861683 0.901312 0.989885 0.796053 0.804968 0.794886 0.968032 0.838623 0.870237 0.914621 0.962923 0.841346 0.885882 0.985323 0.874503 0.795383 0.956563 0.887156 0.929182 0.798206 0.881293 0.959044 0.895294 0.869605 0.893603 0.900919 0.913723 0.869780 0.920092 0.795917 0.840937 0.988681 0.934844 0.839721 0.931282 0.646954 0.545893 0.804238 0.780208 0.965162 0.841195 0.973745 0.994681 0.931505 0.898159 0.702212 0.950290 0.941462 0.972815 0.951599 0.854384 0.814412 0.951955 0.806480 0.928549 0.936145 0.932457 0.866747 0.935619 0.635579 0.967328 0.865786 0.904675 0.879378 0.974718 0.702872 0.771156 0.854825 0.933190 0.882902 0.991941 0.947670 0.793683 0.782395 0.866748 0.775353 0.839599 0.953776 0.990665 0.924627 0.895760 0.884177 0.774726 0.947053 0.813885 0.819182 0.917715 0.812815 0.972071 0.811295 0.980138
0.595619 0.718488 0.968670 0.844777 0.713946 0.537223 0.307839 0.258489 0.528811 0.000000 0.562790 0.487511 0.436078 0.547422 0.485021 0.742033 0.529394 0.544477 0.357646 0.545988 0.832626 0.977858 0.779464 0.798191 0.539077 0.722025 0.636793 0.934119 0.391062 0.464978 0.413319 0.646023 0.463008 0.438491 0.974608 0.949512 0.773315 0.905184 0.855410 0.930778 0.901307 0.998570 0.472528 0.449274 0.383689 0.399328 0.573640 0.584774 0.440735 0.679999 0.553460 0.817122 0.788374 0.997012 0.701465 0.692454 0.746973 0.743581 0.549554 0.631013 0.311142 0.306182 0.384356 0.389996 0.610656 0.978781 0.790322 0.630587 0.933766 0.692332 0.617822 0.766108 0.822937 0.916384 0.879422 0.881475 0.571349 0.837468 0.801000 0.735690 0.484855 0.595526 0.897493 0.967118 0.665587 0.972856 0.762961 0.765658 0.891375 0.974720 0.470625 0.698856 0.607515 0.964980 0.895565 0.878945 0.833116 0.760476 0.395403 0.476072 0.540429 0.681842 0.532263 0.690501 0.818214 0.955683 0.839211 0.841204 0.840593 0.717490 0.759482 0.700947 0.668926 0.829185 0.913513 0.941288
0.500476 0.619220 0.898061 0.859457 0.979067 0.848111 0.504689 0.462310 0.903814 0.562790 0.000000 0.377729 0.354680 0.436669 0.538509 0.823275 0.474803 0.417650 0.412031 0.601899 0.911781 0.799651 0.979603 0.771712 0.440998 0.595708 0.540653 0.916401 0.415785 0.402688 0.624068 0.664817 0.476348 0.425225 0.889012 0.934474 0.882357 0.776487 0.924542 0.805494 0.978918 0.992196 0.497935 0.387594 0.500398 0.447206 0.574151 0.584963 0.560875 0.758554 0.712493 0.913264 0.972808 0.864543 0.767359 0.790659 0.699871 0.717230 0.563491 0.708361 0.354200 0.456813 0.348213 0.389690 0.574076 0.968334 0.925646 0.699399 0.892601 0.742744 0.886073 0.858851 0.808420 0.986960 0.974240 0.825957 0.693097 0.763824 0.635465 0.588894 0.385087 0.463108 0.777178 0.718591 0.792987 0.994387 0.827463 0.785137 0.801680 0.982554 0.794148 0.896007 0.936242 0.689797 0.826268 0.957341 0.794320 0.890928 0.551945 0.733728 0.517985 0.781160 0.554140 0.676050 0.872739 0.929540 0.986305 0.960913 0.757680 0.733978 0.794331 0.918014 0.651830 0.856780 0.956453 0.901236
0.316675 0.477236 0.841443 0.915847 0.972397 0.741905 0.542263 0.413252 0.850157 0.487511 0.377729 0.000000 0.277054 0.281864 0.418711 0.534738 0.422618 0.352256 0.371903 0.491273 0.815677 0.858872 0.751286 0.960694 0.411139 0.516721 0.697513 0.926308 0.395214 0.315917 0.490380 0.576960 0.398559 0.418711 0.887058 0.955912 0.797864 0.924703 0.963641 0.921104 0.944075 0.996916 0.498285 0.385875 0.369308 0.355482 0.612190 0.639667 0.362674 0.532865 0.558964 0.681915 0.818060 0.958754 0.655409 0.722255 0.558005 0.553693 0.527549 0.619908 0.357949 0.359457 0.341769 0.269301 0.562839 0.831781 0.859114 0.680578 0.808094 0.533322 0.736176 0.640417 0.753748 0.784632 0.955160 0.955159 0.655420 0.775234 0.649501 0.531690 0.316146 0.439666 0.695475 0.783040 0.588642 0.794160 0.791135 0.874195 0.629447 0.827923 0.712171 0.963474 0.872513 0.839830 0.830894 0.977437 0.833339 0.972775 0.441501 0.522131 0.657583 0.665835 0.431713 0.549180 0.830115 0.964628 0.897852 0.902554 0.830111 0.707646 0.824007 0.717554 0.619969 0.715983 0.955642 0.951070
0.422057 0.580245 0.871933 0.852520 0.810727 0.779139 0.486833 0.398246 0.729324 0.436078 0.354680 0.277054 0.000000 0.266974 0.344834 0.590122 0.497585 0.477873 0.356850 0.523549 0.766571 0.882073 0.769040 0.925195 0.370640 0.476440 0.686372 0.949425 0.355867 0.297617 0.514654 0.558290 0.392643 0.473235 0.863407 0.969613 0.883280 0.823346 0.973031 0.856992 0.967331 0.926584 0.527174 0.436547 0.428672 0.393257 0.632460 0.636531 0.458873 0.691948 0.683364 0.832340 0.934374 0.836132 0.796054 0.745577 0.681784 0.618841 0.592864 0.707589 0.295617 0.304820 0.356851 0.293957 0.541468 0.881719 0.988027 0.723915 0.896329 0.566557 0.669980 0.707760 0.736410 0.839961 0.947190 0.924169 0.653431 0.729510 0.746511 0.609064 0.376555 0.490597 0.657749 0.836758 0.636181 0.943971 0.792645 0.851254 0.693892 0.899857 0.777020 0.972036 0.960381 0.780985 0.854863 0.982703 0.768448 0.897667 0.505079 0.595069 0.614303 0.720284 0.519497 0.583300 0.947412 0.933519 0.929745 0.921915 0.774844 0.746418 0.767990 0.802365 0.661604 0.704787 0.939067 0.887257
0.421064 0.590498 0.734135 0.888802 0.904385 0.814565 0.658477 0.489395 0.863695 0.547422 0.436669 0.281864 0.266974 0.000000 0.346484 0.467998 0.534746 0.456184 0.452549 0.451667 0.889307 0.951765 0.672390 0.923865 0.399149 0.522271 0.722311 0.950172 0.428288 0.357579 0.547525 0.537476 0.457700 0.532076 0.828891 0.990033 0.811589 0.882077 0.918549 0.913006 0.994410 0.975913 0.648292 0.518832 0.464849 0.433215 0.660632 0.732704 0.426535 0.629081 0.645375 0.748659 0.888917 0.912149 0.788786 0.800267 0.702873 0.573582 0.700172 0.699867 0.431530 0.354505 0.416376 0.319959 0.531918 0.821815 0.967411 0.780997 0.939410 0.626509 0.640092 0.645718 0.733001 0.797182 0.978486 0.971456 0.750144 0.870791 0.706686 0.562832 0.429042 0.503407 0.644167 0.818288 0.582873 0.861992 0.824000 0.937140 0.613115 0.771662 0.797252 0.947462 0.933620 0.889910 0.831443 0.996400 0.860528 0.912565 0.525604 0.628282 0.664277 0.721340 0.570349 0.621567 0.865478 0.955499 0.988937 0.891298 0.783879 0.787784 0.818709 0.819493 0.676358 0.748744 0.969372 0.971503
0.618004 0.777031 0.870808 0.940924 0.755494 0.704245 0.584546 0.487330 0.795626 0.485021 0.538509 0.418711 0.344834 0.346484 0.000000 0.438662 0.626809 0.534399 0.464740 0.559868 0.843575 0.922840 0.531675 0.870737 0.423547 0.571684 0.755336 0.939281 0.412447 0.364750 0.585877 0.563806 0.414984 0.561786 0.983935 0.941310 0.870206 0.914701 0.928525 0.878457 0.984605 0.898557 0.650013 0.560169 0.399469 0.409598 0.674775 0.683779 0.458888 0.666734 0.695492 0.783486 0.817984 0.997588 0.846383 0.815729 0.913041 0.756865 0.797600 0.834105 0.432823 0.426757 0.483790 0.422354 0.640831 0.870943 0.855690 0.759668 0.948003 0.585169 0.584828 0.638940 0.819202 0.879028 0.871358 0.987093 0.658942 0.949588 0.788216 0.635617 0.503562 0.598229 0.516504 0.765848 0.541366 0.806419 0.980340 0.999457 0.650020 0.844533 0.767888 0.874922 0.833548 0.924264 0.851107 0.868397 0.960218 0.921884 0.500022 0.605481 0.639879 0.727712 0.573080 0.598831 0.896086 0.920544 0.979061 0.996667 0.946138 0.928057 0.794244 0.725160 0.798841 0.733179 0.927760 0.919250
0.615313 0.842398 0.799251 0.881834 0.771366 0.637900 0.845904 0.714233 0.749661 0.742033 0.823275 0.534738 0.590122 0.467998 0.438662 0.000000 0.819655 0.761004 0.639584 0.688199 0.847414 0.875821 0.298435 0.489211 0.702544 0.674298 0.935868 0.887626 0.728863 0.567006 0.778077 0.666182 0.657410 0.809210 0.903074 0.893307 0.857640 0.957593 0.899098 0.933227 0.852162 0.796314 0.901458 0.765132 0.554148 0.647803 0.901859 0.799721 0.573818 0.602819 0.674779 0.649762 0.634798 0.827790 0.796180 0.874707 0.947380 0.737352 0.861828 0.790452 0.665396 0.615817 0.720642 0.591106 0.956791 0.977524 0.765650 0.851877 0.952720 0.706670 0.610436 0.721343 0.818931 0.935365 0.852827 0.915588 0.832105 0.975767 0.968276 0.739043 0.704706 0.685797 0.507247 0.822722 0.344698 0.509466 0.971823 0.697227 0.480273 0.562453 0.729840 0.767550 0.744850 0.892747 0.810895 0.942901 0.955278 0.991263 0.602763 0.670980 0.911950 0.720967 0.655700 0.867153 0.839597 0.912511 0.936228 0.987350 0.978787 0.934624 0.819163 0.707842 0.838293 0.863832 0.787316 0.958852
0.420231 0.449397 0.938203 0.926699 0.953579 0.694247 0.457665 0.417397 0.916153 0.529394 0.474803 0.422618 0.497585 0.534746 0.626809 0.819655 0.000000 0.336172 0.430781 0.577591 0.855713 0.813257 0.921708 0.923346 0.621869 0.676291 0.639140 0.936738 0.356027 0.417672 0.505072 0.699885 0.495988 0.383691 0.930819 0.946959 0.823742 0.884382 0.902953 0.995843 0.994122 0.797325 0.431918 0.356157 0.439273 0.419555 0.390316 0.479386 0.464354 0.553797 0.596601 0.732785 0.813853 0.929536 0.568975 0.591834 0.504972 0.549608 0.415894 0.505726 0.395322 0.499460 0.329393 0.324170 0.713887 0.948764 0.652333 0.545990 0.778188 0.567854 0.892301 0.767760 0.780088 0.925837 0.978025 0.995404 0.488093 0.709637 0.593646 0.653977 0.336152 0.414058 0.829243 0.784642 0.719734 0.844086 0.877135 0.768850 0.856590 0.945865 0.615598 0.959186 0.747591 0.862496 0.820186 0.795650 0.722225 0.909860 0.467226 0.510620 0.589781 0.621000 0.547445 0.653261 0.804490 0.873416 0.931298 0.911826 0.810882 0.597903 0.812339 0.748594 0.540430 0.717628 0.889011 0.826776
0.406991 0.457007 0.935124 0.993154 0.820300 0.764998 0.578197 0.478736 0.963765 0.544477 0.417650 0.352256 0.477873 0.456184 0.534399 0.761004 0.336172 0.000000 0.463530 0.470323 0.937376 0.908497 0.914677 0.947245 0.572049 0.697804 0.598337 0.999110 0.361955 0.337868 0.468590 0.585596 0.473182 0.402769 0.910713 0.927131 0.836846 0.996827 0.956743 0.948687 0.894442 0.864245 0.372546 0.338975 0.416764 0.324703 0.479985 0.509240 0.357879 0.463705 0.504028 0.635217 0.822012 0.879657 0.658318 0.616932 0.539821 0.543573 0.503572 0.552811 0.469242 0.515488 0.365172 0.326097 0.599781 0.898790 0.715009 0.569947 0.784184 0.528961 0.830597 0.679315 0.748000 0.846229 0.988461 0.957946 0.625917 0.760847 0.491316 0.478919 0.284594 0.438086 0.854437 0.741022 0.795526 0.839028 0.835101 0.744656 0.846651 0.923409 0.716369 0.991416 0.783272 0.840347 0.720243 0.922298 0.806960 0.909976 0.457011 0.509446 0.661219 0.702213 0.432560 0.601826 0.809417 0.931682 0.983422 0.999841 0.877879 0.678245 0.809326 0.790808 0.646659 0.726799 0.997766 0.907413
0.479274 0.615511 0.962788 0.898392 0.778500 0.574840 0.354042 0.309750 0.687324 0.357646 0.412031 0.371903 0.356850 0.452549 0.464740 0.639584 0.430781 0.463530 0.000000 0.445373 0.704014 0.876583 0.767511 0.921692 0.520561 0.648289 0.626027 0.976406 0.326501 0.358878 0.474879 0.571778 0.459074 0.352996 0.917513 0.981660 0.804381 0.891815 0.938520 0.884790 0.937551 0.916214 0.407677 0.310314 0.373894 0.367777 0.548938 0.500142 0.447780 0.605283 0.551341 0.750287 0.793379 0.969988 0.727565 0.640494 0.660815 0.669023 0.479371 0.595128 0.288731 0.326470 0.306701 0.307952 0.640424 0.896836 0.690800 0.580593 0.843432 0.700634 0.671379 0.697379 0.716862 0.858971 0.982593 0.984049 0.576165 0.742952 0.736069 0.615169 0.400583 0.411111 0.757545 0.851892 0.560932 0.843787 0.753829 0.894413 0.754558 0.938837 0.536479 0.848700 0.727359 0.848227 0.914228 0.976149 0.773518 0.934343 0.397510 0.517131 0.556656 0.648581 0.444378 0.665357 0.780037 0.919610 0.896190 0.965654 0.763299 0.730376 0.769671 0.667885 0.633241 0.727130 0.830093 0.938536
0.550153 0.564421 0.967511 0.923640 0.952885 0.769224 0.623023 0.514190 0.962777 0.545988 0.601899 0.491273 0.523549 0.451667 0.559868 0.688199 0.577591 0.470323 0.445373 0.000000 0.887334 0.944920 0.814690 0.958321 0.669179 0.806005 0.762920 0.948687 0.473975 0.484266 0.555639 0.569849 0.579000 0.531407 0.826756 0.959572 0.984092 0.956888 0.943715 0.877732 0.976627 0.961099 0.621851 0.493359 0.534948 0.479382 0.596958 0.642839 0.508547 0.606489 0.578430 0.705761 0.870239 0.938027 0.818809 0.716826 0.659539 0.584066 0.603317 0.607467 0.516623 0.517888 0.428532 0.398635 0.657316 0.951890 0.731397 0.582636 0.764806 0.664590 0.734797 0.732962 0.791908 0.751524 0.967359 0.984647 0.707954 0.924929 0.636510 0.562992 0.509725 0.483630 0.771433 0.865441 0.674333 0.842565 0.761321 0.941634 0.770548 0.908423 0.665757 0.882532 0.790483 0.895367 0.800517 0.940228 0.838027 0.738014 0.537097 0.599551 0.750567 0.797397 0.581047 0.572464 0.759835 0.895554 0.929382 0.928364 0.801383 0.768710 0.913991 0.745804 0.796831 0.737944 0.937031 0.948989
0.818996 0.965883 0.949256 0.994475 0.832949 0.766351 0.802726 0.833101 0.790143 0.832626 0.911781 0.815677 0.766571 0.889307 0.843575 0.847414 0.855713 0.937376 0.704014 0.887334 0.000000 0.972064 0.871189 0.878866 0.921834 0.798182 0.899228 0.979063 0.872919 0.863600 0.970706 0.880866 0.923534 0.827500 0.957924 0.985747 0.944159 0.887750 0.732150 0.897614 0.994175 0.985450 0.873947 0.801464 0.822567 0.840753 0.973435 0.801169 0.898235 0.935720 0.877560 0.895063 0.851075 0.874062 0.987616 0.809049 0.969891 0.916720 0.872244 0.841791 0.798379 0.824438 0.840900 0.822561 0.901323 0.933213 0.978386 0.895121 0.970983 0.860087 0.800402 0.825060 0.951836 0.959927 0.997816 0.939060 0.957749 0.857630 0.976531 0.995116 0.880934 0.850429 0.847709 0.851462 0.859515 0.998527 0.984488 0.929327 0.879344 0.939561 0.732359 0.852929 0.872584 0.997632 0.964875 0.919423 0.938391 0.977864 0.839315 0.855005 0.940497 0.841465 0.797691 0.996311 0.991575 0.788375 0.869488 0.988755 0.820943 0.870314 0.937345 0.807850 0.910517 0.821874 0.780768 0.946094
0.828345 0.799760 0.907190 0.892926 0.910213 0.979012 0.864569 0.900211 0.892803 0.977858 0.799651 0.858872 0.882073 0.951765 0.922840 0.875821 0.813257 0.908497 0.876583 0.944920 0.972064 0.000000 0.868075 0.807536 0.977980 0.841602 0.843471 0.952737 0.915910 0.939376 0.962553 0.987666 0.890410 0.864263 0.867085 0.863683 0.907553 0.937006 0.908842 0.843385 0.917997 0.802397 0.893324 0.907171 0.967994 0.966192 0.841123 0.983383 0.883053 0.991553 0.976438 0.908439 0.912301 0.896948 0.887278 0.975198 0.746633 0.859784 0.833325 0.863961 0.860082 0.904200 0.881171 0.880512 0.922077 0.904973 0.997643 0.954578 0.872376 0.979228 0.863824 0.802102 0.917146 0.993827 0.932936 0.963514 0.984858 0.897950 0.993476 0.955992 0.929453 0.901575 0.985471 0.942924 0.951961 0.888826 0.899023 0.805721 0.977332 0.919145 0.949961 0.889754 0.930085 0.868985 0.871605 0.837507 0.948081 0.881096 0.955562 0.991526 0.910430 0.958879 0.958258 0.971770 0.960863 0.945979 0.789120 0.968426 0.984225 0.855646 0.862868 0.923708 0.883975 0.938504 0.778143 0.835721
0.758189 0.949377 0.932213 0.723452 0.637019 0.574378 0.900824 0.755101 0.735677 0.779464 0.979603 0.751286 0.769040 0.672390 0.531675 0.298435 0.921708 0.914677 0.767511 0.814690 0.871189 0.868075 0.000000 0.441588 0.889014 0.808185 0.776957 0.833769 0.811819 0.711330 0.813831 0.686320 0.737129 0.943849 0.846955 0.907832 0.851700 0.944393 0.833092 0.962363 0.936843 0.901021 0.982250 0.928450 0.704639 0.779954 0.990661 0.907401 0.711004 0.665053 0.726071 0.671951 0.595934 0.750207 0.906708 0.854515 0.990733 0.784466 0.943878 0.833479 0.795805 0.762146 0.854786 0.749635 0.878078 0.919862 0.680519 0.845340 0.972257 0.736153 0.523100 0.759079 0.855255 0.999146 0.973508 0.910910 0.795231 0.975025 0.894821 0.834901 0.871077 0.798934 0.581732 0.932253 0.360426 0.437554 0.966731 0.643154 0.576602 0.470675 0.702276 0.635564 0.662620 0.734312 0.890878 0.956330 0.992257 0.947462 0.713032 0.731841 0.904720 0.750613 0.767610 0.938039 0.860889 0.841856 0.869447 0.999683 0.972158 0.811250 0.810881 0.708924 0.989057 0.955865 0.877273 0.975683
0.877862 0.947401 0.905020 0.774633 0.875163 0.697987 0.781047 0.900150 0.975207 0.798191 0.771712 0.960694 0.925195 0.923865 0.870737 0.489211 0.923346 0.947245 0.921692 0.958321 0.878866 0.807536 0.441588 0.000000 0.885135 0.968346 0.634192 0.908541 0.898598 0.997294 0.901047 0.949510 0.990518 0.842153 0.862856 0.824255 0.970710 0.831648 0.951187 0.976166 0.843980 0.903849 0.800182 0.893173 0.921180 0.988211 0.904957 0.963676 0.902873 0.702364 0.802480 0.660352 0.650326 0.647922 0.933848 0.868138 0.976642 0.842238 0.968336 0.901199 0.868546 0.877159 0.888522 0.988218 0.778957 0.926364 0.671291 0.888996 0.992943 0.786108 0.847573 0.862272 0.952448 0.965577 0.824571 0.980619 0.976514 0.954049 0.953983 0.898642 0.999217 0.899673 0.703196 0.915007 0.586760 0.425903 0.852500 0.586299 0.639763 0.581147 0.870359 0.858743 0.791064 0.806855 0.925329 0.947242 0.939846 0.983358 0.883124 0.917191 0.820454 0.881433 0.890571 0.957682 0.878445 0.805194 0.812342 0.817010 0.977002 0.735540 0.960805 0.759658 0.982093 0.855584 0.924320 0.939135
0.599240 0.777836 0.585110 0.685067 0.801783 0.846699 0.635566 0.569136 0.905735 0.539077 0.440998 0.411139 0.370640 0.399149 0.423547 0.702544 0.621869 0.572049 0.520561 0.669179 0.921834 0.977980 0.889014 0.885135 0.000000 0.473225 0.647905 0.999804 0.492811 0.507081 0.671938 0.707668 0.491622 0.622545 0.831766 0.969667 0.829892 0.852529 0.899671 0.881648 0.976133 0.900514 0.596277 0.530067 0.411825 0.413992 0.727999 0.713370 0.480724 0.703211 0.672186 0.801200 0.887359 0.956384 0.788953 0.910983 0.872336 0.879868 0.765518 0.825792 0.463667 0.414801 0.492642 0.438600 0.401296 0.738469 0.941801 0.879702 0.900998 0.722704 0.796975 0.803427 0.897964 0.976042 0.997529 0.967505 0.687402 0.828116 0.738423 0.601789 0.444030 0.668187 0.766389 0.855711 0.796318 0.947069 0.912980 0.826504 0.697279 0.968682 0.750733 0.954822 0.878974 0.780360 0.790350 0.950134 0.940662 0.969408 0.522229 0.651460 0.617881 0.727008 0.600590 0.584571 0.882474 0.952156 0.864908 0.928949 0.832185 0.856490 0.813998 0.824808 0.670342 0.743036 0.943823 0.881656
0.609834 0.656880 0.630196 0.852391 0.869941 0.919705 0.820928 0.688395 0.861683 0.722025 0.595708 0.516721 0.476440 0.522271 0.571684 0.674298 0.676291 0.697804 0.648289 0.806005 0.798182 0.841602 0.808185 0.968346 0.473225 0.000000 0.919608 0.944877 0.716868 0.659842 0.751022 0.790859 0.747704 0.836562 0.792113 0.999381 0.941805 0.913199 0.894474 0.986540 0.948755 0.955504 0.765710 0.695797 0.623455 0.636775 0.937325 0.830547 0.618871 0.730593 0.776769 0.767848 0.802235 0.950896 0.924877 0.984564 0.825125 0.734496 0.874564 0.817386 0.663886 0.540401 0.723515 0.600083 0.626843 0.683203 0.858287 0.955888 0.962966 0.691392 0.779921 0.702928 0.916163 0.994530 0.931731 0.861936 0.846778 0.762056 0.858521 0.731448 0.668159 0.801444 0.690552 0.907121 0.810451 0.997573 0.898878 0.962428 0.671860 0.758133 0.750370 0.801085 0.897341 0.934170 0.945462 0.979873 0.989915 0.971632 0.678542 0.584845 0.788961 0.833351 0.647376 0.668811 0.926273 0.962742 0.877740 0.880247 0.959765 0.946577 0.933644 0.785063 0.871594 0.933578 0.820552 0.882051
0.790178 0.782923 0.959564 0.892572 0.832943 0.903895 0.604343 0.621635 0.901312 0.636793 0.540653 0.697513 0.686372 0.722311 0.755336 0.935868 0.639140 0.598337 0.626027 0.762920 0.899228 0.843471 0.776957 0.634192 0.647905 0.919608 0.000000 0.995274 0.615724 0.669557 0.681391 0.797956 0.678426 0.510176 0.951364 0.957659 0.778971 0.826080 0.997514 0.864815 0.989068 0.910694 0.627133 0.550417 0.641724 0.614639 0.548118 0.684837 0.678062 0.838702 0.868109 0.975373 0.788698 0.836312 0.805753 0.820801 0.894651 0.993116 0.774739 0.859426 0.597718 0.670932 0.622317 0.665464 0.718693 0.990900 0.879109 0.673604 0.904197 0.976857 0.940745 0.853021 0.899544 0.972797 0.971920 0.999797 0.870339 0.866773 0.791641 0.757667 0.581150 0.681560 0.926453 0.969883 0.939213 0.872467 0.725496 0.639745 0.972556 0.830747 0.891188 0.881870 0.928728 0.712610 0.861726 0.963601 0.931656 0.972454 0.663540 0.781754 0.675854 0.930799 0.716460 0.834666 0.850889 0.892686 0.888968 0.949755 0.985879 0.703102 0.920156 0.972833 0.714772 0.807511 0.985866 0.943468
0.968172 0.918994 0.900638 0.921812 0.803503 0.917844 0.940553 0.958918 0.989885 0.934119 0.916401 0.926308 0.949425 0.950172 0.939281 0.887626 0.936738 0.999110 0.976406 0.948687 0.979063 0.952737 0.833769 0.908541 0.999804 0.944877 0.995274 0.000000 0.962665 0.942210 0.988617 0.924267 0.990561 0.997795 0.871957 0.895975 0.949790 0.876162 0.984307 0.982119 0.925240 0.929639 0.934504 0.983308 0.986893 0.936525 0.990203 0.947587 0.951042 0.990872 0.957701 0.979198 0.973823 0.980363 0.896372 0.974742 0.945192 0.998515 0.872473 0.909010 0.913965 0.964419 0.991186 0.992984 0.771314 0.973623 0.993041 0.972200 0.903403 0.863742 0.906445 0.892540 0.941506 0.932122 0.984579 0.850266 0.951176 0.976420 0.945801 0.842872 0.998292 0.897178 0.918751 0.899656 0.787624 0.786232 0.919124 0.960914 0.917455 0.916245 0.995814 0.988738 0.985663 0.950225 0.991831 0.976487 0.892998 0.950690 0.956343 0.947332 0.996322 0.895263 0.898666 0.939732 0.882777 0.806388 0.783211 0.941680 0.979617 0.909133 0.886816 0.975124 0.988159 0.804527 0.879528 0.974619
0.511151 0.576905 0.923314 0.981003 0.893627 0.700319 0.377202 0.334312 0.796053 0.391062 0.415785 0.395214 0.355867 0.428288 0.412447 0.728863 0.356027 0.361955 0.326501 0.473975 0.872919 0.915910 0.811819 0.898598 0.492811 0.716868 0.615724 0.962665 0.000000 0.268259 0.389068 0.523166 0.429105 0.333073 0.996084 0.994707 0.897327 0.905815 0.951999 0.778651 0.996440 0.999830 0.415841 0.350954 0.398049 0.324865 0.437807 0.527895 0.434263 0.587957 0.584308 0.782128 0.860209 0.977656 0.694678 0.616200 0.604939 0.637118 0.504982 0.634620 0.313425 0.417882 0.273004 0.306355 0.592355 0.990640 0.722432 0.579340 0.874160 0.592894 0.692882 0.717580 0.726278 0.848543 0.988458 0.916877 0.524203 0.844715 0.569330 0.552142 0.305097 0.382107 0.798200 0.862019 0.666142 0.907804 0.903041 0.846291 0.854770 0.980097 0.686384 0.981130 0.816500 0.778076 0.881711 0.964233 0.721381 0.896821 0.477239 0.550263 0.497414 0.617213 0.489712 0.550323 0.803481 0.948006 0.945420 0.980837 0.788467 0.704266 0.762759 0.730831 0.613138 0.669737 0.984551 0.927369
0.460948 0.558036 0.994269 0.979052 0.901384 0.722672 0.490219 0.403121 0.804968 0.464978 0.402688 0.315917 0.297617 0.357579 0.364750 0.567006 0.417672 0.337868 0.358878 0.484266 0.863600 0.939376 0.711330 0.997294 0.507081 0.659842 0.669557 0.942210 0.268259 0.000000 0.459419 0.501538 0.393446 0.368116 0.977920 0.979333 0.904338 0.944807 0.922993 0.784861 0.932251 0.950751 0.488275 0.406192 0.399655 0.352072 0.505679 0.563267 0.421488 0.579135 0.610960 0.761074 0.892248 0.940009 0.661135 0.660668 0.596378 0.612363 0.511911 0.640811 0.332881 0.399545 0.321420 0.280543 0.629500 0.975062 0.756244 0.569072 0.790135 0.534843 0.642169 0.753246 0.766851 0.794169 0.976453 0.912601 0.603882 0.743554 0.631935 0.541360 0.324454 0.427142 0.666946 0.766989 0.605087 0.841005 0.873332 0.956477 0.702708 0.883199 0.779748 0.956428 0.891721 0.760405 0.826181 0.940452 0.693348 0.956701 0.467675 0.574207 0.595393 0.684278 0.433806 0.601033 0.871966 0.935889 0.963144 0.983260 0.826994 0.768906 0.765164 0.760055 0.662723 0.690519 0.966828 0.998562
0.563864 0.615140 0.906419 0.897928 0.980295 0.696458 0.493124 0.415646 0.794886 0.413319 0.624068 0.490380 0.514654 0.547525 0.585877 0.778077 0.505072 0.468590 0.474879 0.555639 0.970706 0.962553 0.813831 0.901047 0.671938 0.751022 0.681391 0.988617 0.389068 0.459419 0.000000 0.514144 0.504428 0.438985 0.957680 0.981636 0.879783 0.862497 0.944192 0.969700 0.950500 0.992452 0.547748 0.480393 0.508652 0.477615 0.595036 0.649964 0.497185 0.626893 0.685051 0.813271 0.878418 0.930699 0.744348 0.643064 0.592456 0.655334 0.616861 0.722328 0.471240 0.507441 0.448286 0.411232 0.669258 0.905687 0.773809 0.663604 0.890152 0.679273 0.787706 0.643222 0.824777 0.926543 0.877457 0.816775 0.624120 0.905865 0.704100 0.605836 0.427666 0.534080 0.983811 0.948460 0.689402 0.917343 0.748290 0.722520 0.914668 0.891726 0.725193 0.916651 0.802795 0.914402 0.916674 0.946854 0.908675 0.853606 0.546648 0.459366 0.620813 0.593964 0.523744 0.727352 0.872421 0.926999 0.810901 0.864617 0.872373 0.720561 0.768491 0.799841 0.738475 0.839437 0.880240 0.917233
0.645121 0.762397 0.955868 0.848573 0.923936 0.838129 0.651818 0.591388 0.968032 0.646023 0.664817 0.576960 0.558290 0.537476 0.563806 0.666182 0.699885 0.585596 0.571778 0.569849 0.880866 0.987666 0.686320 0.949510 0.707668 0.790859 0.797956 0.924267 0.523166 0.501538 0.514144 0.000000 0.565748 0.584054 0.872440 0.763791 0.930978 0.922204 0.980820 0.838217 0.969042 0.941785 0.627263 0.579115 0.696684 0.585342 0.656234 0.744437 0.650981 0.715810 0.769255 0.832400 0.971175 0.910926 0.992826 0.768314 0.809210 0.813239 0.774481 0.781385 0.572791 0.642876 0.551300 0.555963 0.891787 0.942774 0.825736 0.713720 0.945480 0.777605 0.732071 0.743574 0.678907 0.871821 0.990887 0.913451 0.772146 0.929545 0.782370 0.635270 0.576741 0.506822 0.748471 0.898292 0.668351 0.744317 0.968398 0.979076 0.817823 0.673017 0.834625 0.958862 0.876196 0.867043 0.966381 0.952046 0.879131 0.858350 0.711696 0.682165 0.834749 0.786644 0.557774 0.788052 0.831352 0.854293 0.971741 0.964422 0.909842 0.964804 0.795168 0.976878 0.852436 0.928184 0.901727 0.930442
0.534190 0.736805 0.963155 0.987928 0.879161 0.640340 0.470988 0.421031 0.838623 0.463008 0.476348 0.398559 0.392643 0.457700 0.414984 0.657410 0.495988 0.473182 0.459074 0.579000 0.923534 0.890410 0.737129 0.990518 0.491622 0.747704 0.678426 0.990561 0.429105 0.393446 0.504428 0.565748 0.000000 0.454562 0.988950 0.953859 0.773573 0.901624 0.966625 0.979923 0.858464 0.963900 0.542772 0.451472 0.375496 0.396034 0.561872 0.549525 0.457636 0.680284 0.670053 0.853248 0.909861 0.894210 0.771881 0.674081 0.706126 0.739431 0.558139 0.736092 0.352052 0.416347 0.374222 0.341258 0.610011 0.980523 0.720056 0.557609 0.901369 0.649298 0.792762 0.808366 0.765794 0.799843 0.970331 0.836126 0.567902 0.780058 0.769103 0.520549 0.375376 0.463904 0.753374 0.733402 0.612482 0.750428 0.899939 0.884863 0.794921 0.974538 0.761999 0.922686 0.868594 0.722609 0.840532 0.996906 0.796658 0.956804 0.439752 0.612894 0.581150 0.759515 0.531075 0.614632 0.812151 0.893861 0.955543 0.968334 0.855824 0.821874 0.763060 0.729255 0.747450 0.751275 0.992313 0.979823
0.531641 0.591625 0.876838 0.902723 0.972608 0.672139 0.428435 0.405312 0.870237 0.438491 0.425225 0.418711 0.473235 0.532076 0.561786 0.809210 0.383691 0.402769 0.352996 0.531407 0.827500 0.864263 0.943849 0.842153 0.622545 0.836562 0.510176 0.997795 0.333073 0.368116 0.438985 0.584054 0.454562 0.000000 0.968121 0.867784 0.734179 0.837448 0.896490 0.847734 0.984177 0.979092 0.453889 0.316212 0.393801 0.360870 0.408190 0.586544 0.475248 0.637510 0.649391 0.850780 0.938678 0.929605 0.630979 0.620883 0.655168 0.754269 0.496963 0.657802 0.361464 0.473546 0.332924 0.362866 0.636393 0.958331 0.678151 0.463571 0.837670 0.706111 0.809775 0.701345 0.780848 0.822707 0.966607 0.911646 0.582311 0.798265 0.659122 0.643895 0.348411 0.375369 0.806305 0.743645 0.736427 0.867962 0.840150 0.839376 0.953251 0.964764 0.688168 0.963495 0.839671 0.719712 0.960059 0.935250 0.871726 0.962319 0.488722 0.579105 0.617556 0.635547 0.467443 0.730665 0.854551 0.945613 0.791905 0.985213 0.709144 0.673289 0.819077 0.761978 0.619719 0.757659 0.879314 0.938951
0.898059 0.905159 0.802504 0.923646 0.933803 0.822446 0.932594 0.969375 0.914621 0.974608 0.889012 0.887058 0.863407 0.828891 0.983935 0.903074 0.930819 0.910713 0.917513 0.826756 0.957924 0.867085 0.846955 0.862856 0.831766 0.792113 0.951364 0.871957 0.996084 0.977920 0.957680 0.872440 0.988950 0.968121 0.000000 0.905904 0.892786 0.893258 0.754035 0.964131 0.862738 0.967113 0.935808 0.876791 0.973731 0.969058 0.901395 0.891843 0.956880 0.972838 0.930197 0.906547 0.966346 0.922238 0.757963 0.862412 0.908914 0.942342 0.973106 0.979821 0.980726 0.855505 0.952748 0.932969 0.735264 0.845652 0.729278 0.935461 0.994241 0.994677 0.804546 0.962951 0.937703 0.953961 0.823937 0.909725 0.843385 0.857239 0.916794 0.825985 0.961450 0.996961 0.859106 0.936722 0.871423 0.768549 0.894938 0.903682 0.965669 0.919186 0.993298 0.962008 0.902557 0.998214 0.940013 0.988266 0.965246 0.902663 0.984781 0.849662 0.922470 0.884811 0.917132 0.926616 0.981957 0.992392 0.900060 0.861591 0.983162 0.848165 0.936706 0.914855 0.875135 0.970471 0.887568 0.965420
0.847644 0.897489 0.979652 0.929726 0.933707 0.975699 0.998815 0.917873 0.962923 0.949512 0.934474 0.955912 0.969613 0.990033 0.941310 0.893307 0.946959 0.927131 0.981660 0.959572 0.985747 0.863683 0.907832 0.824255 0.969667 0.999381 0.957659 0.895975 0.994707 0.979333 0.981636 0.763791 0.953859 0.867784 0.905904 0.000000 0.944241 0.926348 0.938268 0.962084 0.894100 0.948450 0.979484 0.976602 0.915716 0.990917 0.934763 0.941582 0.870694 0.873625 0.829407 0.799379 0.761031 0.785244 0.759974 0.867330 0.788637 0.711240 0.822958 0.738069 0.968578 0.940852 0.947732 0.909186 0.934130 0.999475 0.824323 0.978595 0.894200 0.732357 0.860896 0.889750 0.944874 0.987246 0.892256 0.910324 0.923766 0.999236 0.993866 0.934117 0.942320 0.930341 0.937998 0.864904 0.883897 0.954564 0.840071 0.882266 0.777105 0.939185 0.785962 0.844610 0.785287 0.709232 0.770925 0.930918 0.920190 0.912151 0.792272 0.795234 0.846428 0.929047 0.932525 0.915376 0.838163 0.842514 0.891023 0.829852 0.955039 0.940163 0.877978 0.928288 0.957434 0.751943 0.995616 0.770425
0.757080 0.935975 0.926231 0.998798 0.950708 0.820983 0.844023 0.782026 0.841346 0.773315 0.882357 0.797864 0.883280 0.811589 0.870206 0.857640 0.823742 0.836846 0.804381 0.984092 0.944159 0.907553 0.851700 0.970710 0.829892 0.941805 0.778971 0.949790 0.897327 0.904338 0.879783 0.930978 0.773573 0.734179 0.892786 0.944241 0.000000 0.779509 0.921016 0.974797 0.925900 0.956737 0.878559 0.847843 0.726351 0.755446 0.892986 0.854365 0.718583 0.838977 0.803636 0.912017 0.908489 0.892159 0.782858 0.911129 0.986970 0.968208 0.926441 0.886219 0.818152 0.728819 0.815920 0.796344 0.845615 0.888258 0.826103 0.850332 0.960121 0.897769 0.922192 0.856614 0.881316 0.889147 0.935777 0.889056 0.845758 0.978527 0.949747 0.936918 0.825644 0.802832 0.948831 0.931410 0.836308 0.850490 0.784180 0.931819 0.901310 0.951961 0.729029 0.875170 0.747955 0.985040 0.994192 0.904927 0.941041 0.983283 0.690500 0.912311 0.884341 0.762184 0.820789 0.949639 0.957917 0.959000 0.993367 0.976203 0.864071 0.917051 0.878549 0.879671 0.726983 0.879751 0.967874 0.924866
0.956913 0.945846 0.982339 0.792250 0.953358 0.972810 0.783422 0.883196 0.885882 0.905184 0.776487 0.924703 0.823346 0.882077 0.914701 0.957593 0.884382 0.996827 0.891815 0.956888 0.887750 0.937006 0.944393 0.831648 0.852529 0.913199 0.826080 0.876162 0.905815 0.944807 0.862497 0.922204 0.901624 0.837448 0.893258 0.926348 0.779509 0.000000 0.895738 0.962601 0.866067 0.962967 0.962866 0.934237 0.903902 0.951367 0.848460 0.931950 0.990889 0.928923 0.822432 0.736334 0.778881 0.745087 0.954086 0.926261 0.910753 0.886389 0.915222 0.908094 0.763741 0.833724 0.823850 0.847335 0.910604 0.900752 0.938657 0.860030 0.829897 0.859929 0.820680 0.912839 0.946300 0.842893 0.891446 0.929668 0.805013 0.855828 0.897316 0.962217 0.860282 0.811707 0.861092 0.888830 0.840232 0.993616 0.850711 0.962817 0.885880 0.995574 0.941398 0.898477 0.925651 0.804458 0.945647 0.915100 0.820910 0.941191 0.943488 0.935618 0.834783 0.840942 0.945014 0.936910 0.983128 0.894857 0.854691 0.960598 0.687892 0.876099 0.950382 0.964133 0.748365 0.980988 0.885438 0.976501
