0.000000 0.520390 0.692942 0.658282 0.816349 0.848261 0.661934 0.572961 0.931381 0.736137 0.567778 0.624594 0.822481 0.908181 0.894090 0.866452 0.495172 0.436473 0.599536 0.583056 0.700808 0.990707 0.766473 0.631365 0.934782 0.804608 0.914333 0.847091 0.836554 0.858285 0.942168 0.815972 0.564017 0.576962 0.670268 0.922257 0.778483 0.876523 0.884966 0.854289 0.634940 0.833496 0.743333 0.744536 0.793966 0.634353 0.523472 0.657415 0.735191 0.858492 0.847040 0.955069 0.958044 0.925860 0.641336 0.558071 0.417427 0.540821 0.453850 0.635735 0.544013 0.590025 0.572173 0.525739 0.864166 0.674187 0.642592 0.671585 0.749334 0.647374 0.904855 0.936148 0.983088 0.871322 0.976685 0.967944 0.887708 0.782414 0.571447 0.965261 0.470603 0.506350 0.927943 0.689533 0.845897 0.763506 0.811347 0.809650 0.728211 0.565588 0.853583 0.922357 0.867948 0.999060 0.806370 0.785747 0.683443 0.818545 0.630541 0.715844 0.864912 0.929452 0.615187 0.665658 0.985324 0.707097 0.942645 0.822053 0.901581 0.937559 0.976480 0.724076 0.834281 0.887919 0.999141 0.979593
0.520390 0.000000 0.815165 0.726345 0.727534 0.797367 0.922480 0.736091 0.989186 0.996365 0.826529 0.690687 0.749040 0.684351 0.903132 0.862090 0.627330 0.635813 0.654896 0.651688 0.792291 0.855130 0.890547 0.899258 0.851103 0.752843 0.999526 0.859819 0.941710 0.914265 0.930055 0.894875 0.669022 0.797527 0.802723 0.934768 0.788963 0.885729 0.968521 0.996531 0.744096 0.795745 0.674303 0.619277 0.799555 0.682113 0.677713 0.664730 0.686264 0.719275 0.760885 0.809692 0.825212 0.847414 0.723642 0.807289 0.510314 0.507174 0.607130 0.651741 0.803070 0.734151 0.879464 0.801409 0.826738 0.688690 0.867418 0.752543 0.710810 0.577270 0.778070 0.839352 0.843466 0.984177 0.954841 0.866957 0.775087 0.696519 0.702014 0.929703 0.703595 0.748199 0.877259 0.856658 0.998148 0.809737 0.916675 0.838775 0.822468 0.695986 0.915717 0.983849 0.906391 0.979937 0.844765 0.857026 0.709950 0.852575 0.736862 0.739734 0.913870 0.893206 0.708217 0.699940 0.902233 0.750073 0.883505 0.766786 0.923069 0.821087 0.991026 0.774853 0.728314 0.818063 0.802616 0.963063
0.692942 0.815165 0.000000 0.399745 0.983344 0.982333 0.436128 0.735297 0.691986 0.981064 0.867609 0.923034 0.929775 0.871986 0.914083 0.747100 0.902318 0.770631 0.809902 0.843771 0.740912 0.850044 0.882874 0.972544 0.646513 0.654965 0.815492 0.800187 0.878316 0.801721 0.803226 0.927786 0.586460 0.781837 0.580188 0.849858 0.710374 0.822471 0.783816 0.765457 0.719999 0.696242 0.691471 0.684671 0.766910 0.790345 0.778727 0.777537 0.999712 0.916664 0.774911 0.827714 0.862513 0.740007 0.875971 0.745227 0.720008 0.853466 0.755986 0.917937 0.709253 0.992307 0.917727 0.974657 0.425529 0.747375 0.420709 0.596711 0.814560 0.775320 0.777988 0.775760 0.986976 0.926074 0.883118 0.874793 0.739180 0.813960 0.747767 0.993353 0.743583 0.718286 0.988720 0.812332 0.630425 0.561404 0.956017 0.842055 0.774257 0.732719 0.557738 0.593748 0.465550 0.544157 0.792099 0.730165 0.680142 0.744918 0.646715 0.676227 0.947290 0.781939 0.722934 0.726441 0.760959 0.601726 0.944561 0.720018 0.980448 0.912595 0.775016 0.746758 0.843247 0.887867 0.888428 0.885804
0.658282 0.726345 0.399745 0.000000 0.941520 0.749811 0.511703 0.585220 0.770879 0.951960 0.872052 0.913377 0.886393 0.994836 0.816704 0.837340 0.972588 0.780834 0.827580 0.874388 0.743719 0.816289 0.977520 0.967004 0.702892 0.664530 0.911560 0.813387 0.803894 0.823670 0.870802 0.869833 0.661953 0.760939 0.633769 0.822924 0.820876 0.888904 0.734359 0.699679 0.721382 0.777037 0.581479 0.595703 0.745646 0.760513 0.683979 0.668207 0.946363 0.951582 0.752430 0.872093 0.890436 0.836983 0.876819 0.749303 0.782179 0.872136 0.729019 0.768410 0.690450 0.847109 0.981346 0.978853 0.464342 0.559449 0.437043 0.494953 0.944408 0.770458 0.650288 0.713030 0.958176 0.955615 0.913524 0.926784 0.645125 0.791337 0.782689 0.984529 0.784897 0.779459 0.826793 0.978422 0.803696 0.616169 0.903150 0.692622 0.871566 0.684256 0.573478 0.649992 0.460492 0.554161 0.772947 0.728223 0.639199 0.706728 0.587081 0.661314 0.848620 0.752874 0.722946 0.593741 0.728482 0.609232 0.932565 0.747830 0.951181 0.906170 0.788210 0.764278 0.899432 0.775743 0.867418 0.847949
0.816349 0.727534 0.983344 0.941520 0.000000 0.932892 0.826270 0.964687 0.678449 0.822360 0.922939 0.919977 0.928444 0.952860 0.798729 0.916851 0.904106 0.980330 0.973179 0.931247 0.809639 0.943532 0.610794 0.705311 0.860299 0.786010 0.911137 0.712899 0.823854 0.816995 0.873429 0.822652 0.975354 0.985493 0.977667 0.943223 0.908385 0.705395 0.998960 0.957112 0.827972 0.825708 0.675959 0.694068 0.903982 0.852722 0.770399 0.764092 0.802299 0.834562 0.882691 0.961544 0.963392 0.932215 0.909839 0.946720 0.872802 0.992027 0.798531 0.921085 0.808541 0.908794 0.890521 0.936457 0.865266 0.908764 0.924975 0.891631 0.767402 0.817894 0.907497 0.969101 0.811431 0.772338 0.946943 0.908032 0.930736 0.761102 0.994515 0.943079 0.968788 0.895695 0.711564 0.821165 0.683521 0.735278 0.843682 0.726344 0.944384 0.988483 0.953704 0.964018 0.994497 0.913765 0.995813 0.915549 0.984286 0.804179 0.951420 0.905604 0.967972 0.804194 0.739087 0.781618 0.946070 0.808458 0.954866 0.884649 0.855740 0.965231 0.985024 0.962064 0.927232 0.918779 0.988241 0.885036
0.848261 0.797367 0.982333 0.749811 0.932892 0.000000 0.992569 0.731686 0.996356 0.876333 0.904929 0.732769 0.837085 0.768844 0.956417 0.786591 0.984423 0.935126 0.910060 0.952315 0.985088 0.826180 0.880202 0.900032 0.987954 0.933497 0.929739 0.821640 0.908848 0.989615 0.971207 0.887783 0.997611 0.957757 0.916202 0.964348 0.945027 0.904700 0.869312 0.813775 0.922749 0.897753 0.947373 0.961080 0.953790 0.983206 0.888412 0.917741 0.944982 0.905047 0.953529 0.896077 0.981284 0.883499 0.868234 0.907635 0.979828 0.931245 0.888998 0.751809 0.838048 0.704221 0.972388 0.993036 0.941696 0.641069 0.932995 0.818837 0.882580 0.972779 0.728338 0.773638 0.992505 0.977354 0.989967 0.898426 0.845051 0.845611 0.967125 0.958284 0.975443 0.991365 0.688961 0.831969 0.798433 0.999320 0.932851 0.746364 0.988330 0.952380 0.982006 0.944865 0.857687 0.994402 0.934963 0.944680 0.897804 0.863910 0.864615 0.934322 0.851078 0.893746 0.941564 0.860396 0.821702 0.860225 0.963485 0.934693 0.951264 0.948698 0.860107 0.959014 0.991842 0.900214 0.737678 0.818277
0.661934 0.922480 0.436128 0.511703 0.826270 0.992569 0.000000 0.495842 0.618669 0.586652 0.715716 0.872980 0.879313 0.835897 0.794423 0.718661 0.755492 0.635377 0.687606 0.822157 0.940104 0.997093 0.871115 0.959002 0.991830 0.973987 0.974797 0.941533 0.871982 0.878615 0.810336 0.984212 0.514000 0.539561 0.632206 0.868662 0.986956 0.916167 0.937124 0.890183 0.720346 0.863499 0.838097 0.843545 0.606710 0.624200 0.824257 0.779657 0.922822 0.970582 0.989040 0.893009 0.895802 0.990223 0.810776 0.706626 0.834214 0.998999 0.842832 0.984144 0.423459 0.698882 0.574314 0.653772 0.648349 0.729620 0.475011 0.594877 0.966054 0.916192 0.932791 0.956498 0.996369 0.972233 0.839102 0.885990 0.878601 0.956461 0.747103 0.853418 0.559834 0.559774 0.932366 0.707417 0.559819 0.600209 0.852799 0.933031 0.882134 0.803696 0.509964 0.732793 0.526592 0.751092 0.721475 0.791083 0.722226 0.841262 0.517331 0.640565 0.908723 0.943385 0.757641 0.705421 0.890171 0.756087 0.807518 0.891627 0.905425 0.967760 0.740267 0.684532 0.848528 0.861489 0.884921 0.902230
0.572961 0.736091 0.735297 0.585220 0.964687 0.731686 0.495842 0.000000 0.809641 0.467990 0.514468 0.461738 0.805830 0.898773 0.682073 0.904231 0.669818 0.600601 0.705138 0.762058 0.989493 0.944303 0.822522 0.758501 0.765081 0.867120 0.830895 0.855216 0.780442 0.677933 0.983887 0.910025 0.673550 0.438993 0.781597 0.896555 0.913858 0.770149 0.865030 0.794859 0.771126 0.969637 0.819700 0.832958 0.661910 0.631327 0.727205 0.702614 0.812397 0.836956 0.859275 0.680182 0.705704 0.672462 0.703339 0.731034 0.862246 0.931396 0.713707 0.755605 0.376114 0.385729 0.558584 0.506704 0.920739 0.557032 0.649873 0.539092 0.829744 0.860305 0.857506 0.993026 0.975547 0.975160 0.856375 0.959127 0.801767 0.858702 0.772457 0.847480 0.633992 0.659729 0.848686 0.801771 0.971824 0.831942 0.757168 0.704562 0.976807 0.744956 0.785395 0.935408 0.776001 0.945977 0.749286 0.959863 0.791991 0.840809 0.533511 0.733989 0.729441 0.973446 0.718797 0.716182 0.994082 0.818608 0.764937 0.945460 0.847016 0.973788 0.797107 0.747163 0.870847 0.740767 0.892630 0.900307
0.931381 0.989186 0.691986 0.770879 0.678449 0.996356 0.618669 0.809641 0.000000 0.820981 0.900377 0.985190 0.756200 0.985120 0.875644 0.976590 0.882956 0.842248 0.863979 0.893701 0.940536 0.970496 0.691417 0.805790 0.947691 0.974005 0.853873 0.934475 0.884990 0.952885 0.850866 0.931295 0.795627 0.864330 0.811944 0.889953 0.961542 0.865538 0.953242 0.950386 0.828003 0.963802 0.875725 0.903587 0.982418 0.974554 0.957140 0.889284 0.882444 0.908721 0.982310 0.948103 0.894405 0.763078 0.963782 0.820953 0.973451 0.943873 0.904821 0.952534 0.687048 0.849113 0.832743 0.895284 0.640081 0.785042 0.859416 0.976965 0.977382 0.976223 0.968548 0.980748 0.790653 0.907549 0.981495 0.949391 0.881342 0.963869 0.749745 0.942726 0.800882 0.822923 0.799104 0.813695 0.623763 0.552932 0.999342 0.921734 0.905165 0.825753 0.688166 0.763662 0.781597 0.806492 0.941053 0.801577 0.838516 0.972222 0.866576 0.766566 0.881289 0.938361 0.938243 0.918839 0.802093 0.944326 0.913757 0.965285 0.944064 0.962438 0.750443 0.838618 0.885126 0.896164 0.923156 0.906601
0.736137 0.996365 0.981064 0.951960 0.822360 0.876333 0.586652 0.467990 0.820981 0.000000 0.560405 0.601295 0.971017 0.994742 0.743806 0.876225 0.647027 0.628832 0.687142 0.785968 0.902713 0.825499 0.950591 0.789147 0.549242 0.612911 0.795176 0.656540 0.635947 0.568378 0.973899 0.960870 0.775112 0.535061 0.858274 0.920482 0.747731 0.684847 0.896097 0.974176 0.882989 0.925800 0.828714 0.862161 0.721906 0.708330 0.852781 0.910147 0.812573 0.851568 0.740870 0.644711 0.645068 0.602951 0.771322 0.782713 0.993901 0.958122 0.863133 0.880347 0.453935 0.467761 0.413214 0.404250 0.802038 0.848730 0.830854 0.769746 0.776515 0.975836 0.901271 0.800055 0.944377 0.949118 0.909414 0.897701 0.883962 0.836973 0.837244 0.750712 0.596551 0.627894 0.978128 0.696397 0.862828 0.967509 0.772842 0.978527 0.914682 0.856372 0.838687 0.855366 0.970288 0.774383 0.834955 0.990861 0.976397 0.935706 0.685235 0.772296 0.855216 0.817654 0.793519 0.855543 0.929437 0.932419 0.619935 0.780358 0.904922 0.971705 0.958106 0.811055 0.927951 0.921232 0.757048 0.750345
0.567778 0.826529 0.867609 0.872052 0.922939 0.904929 0.715716 0.514468 0.900377 0.560405 0.000000 0.464425 0.813945 0.997047 0.645635 0.828070 0.585893 0.638285 0.814467 0.761266 0.923032 0.821794 0.590095 0.549671 0.801357 0.894559 0.786243 0.932037 0.790280 0.786322 0.815406 0.764638 0.782217 0.507764 0.787079 0.985922 0.915040 0.907182 0.956331 0.850938 0.751216 0.850944 0.952342 0.957257 0.863704 0.738209 0.746820 0.890175 0.863943 0.839098 0.730922 0.643243 0.575070 0.575752 0.702540 0.659944 0.825933 0.873741 0.689334 0.799998 0.528536 0.501542 0.566421 0.487653 0.836349 0.815282 0.783607 0.782213 0.936057 0.697523 0.830054 0.862764 0.819366 0.890913 0.864457 0.903123 0.931910 0.907079 0.716163 0.878448 0.651067 0.730978 0.876328 0.771797 0.889798 0.929747 0.764656 0.699828 0.927859 0.797048 0.888365 0.785426 0.939262 0.846243 0.834794 0.951203 0.813551 0.834406 0.745376 0.882461 0.806536 0.940339 0.650251 0.825362 0.870003 0.886168 0.754044 0.928554 0.850767 0.932978 0.994612 0.825987 0.896819 0.855449 0.896593 0.985179
0.624594 0.690687 0.923034 0.913377 0.919977 0.732769 0.872980 0.461738 0.985190 0.601295 0.464425 0.000000 0.653465 0.663174 0.828706 0.855592 0.650233 0.668932 0.659966 0.724546 0.939806 0.825934 0.656541 0.726466 0.671001 0.747663 0.835759 0.841871 0.753786 0.661096 0.742334 0.855654 0.896981 0.577840 0.949093 0.986981 0.899509 0.725707 0.933335 0.947596 0.865313 0.957611 0.905327 0.902303 0.862283 0.744629 0.743843 0.833798 0.856107 0.827635 0.778725 0.655227 0.675873 0.612419 0.673360 0.790976 0.857857 0.853427 0.763442 0.784449 0.538371 0.411441 0.600283 0.529322 0.788159 0.694659 0.979783 0.847866 0.962490 0.739928 0.922609 0.898986 0.979994 0.998495 0.867679 0.982726 0.839479 0.791854 0.802154 0.851651 0.728303 0.792145 0.834570 0.889144 0.772239 0.931912 0.770209 0.711203 0.983484 0.887632 0.929594 0.695943 0.918269 0.690084 0.868839 0.851160 0.874007 0.959033 0.781008 0.972976 0.737048 0.838585 0.773504 0.908065 0.872358 0.985104 0.808213 0.888518 0.860033 0.971142 0.991255 0.888803 0.882190 0.870893 0.879521 0.903469
0.822481 0.749040 0.929775 0.886393 0.928444 0.837085 0.879313 0.805830 0.756200 0.971017 0.813945 0.653465 0.000000 0.550299 0.734766 0.592302 0.851443 0.861929 0.717516 0.905111 0.900598 0.971331 0.953746 0.908738 0.903493 0.933016 0.966138 0.912926 0.851023 0.918955 0.970311 0.965863 0.929040 0.827492 0.953147 0.958946 0.938764 0.881844 0.989747 0.912070 0.840783 0.966818 0.933925 0.892505 0.993972 0.892111 0.913455 0.993983 0.898544 0.905014 0.889926 0.901149 0.941484 0.821527 0.869940 0.875231 0.895277 0.900666 0.873551 0.871342 0.706063 0.774144 0.872001 0.888523 0.933306 0.841342 0.939188 0.863684 0.771038 0.811373 0.962612 0.924225 0.859935 0.966701 0.981764 0.839314 0.779106 0.706317 0.867988 0.911262 0.897127 0.988154 0.936043 0.993072 0.991289 0.858190 0.971309 0.911964 0.935609 0.880801 0.851385 0.985996 0.845360 0.996208 0.953922 0.966427 0.836010 0.923300 0.849256 0.979249 0.909984 0.951009 0.869622 0.943069 0.898493 0.951083 0.852832 0.929863 0.968516 0.928494 0.909907 0.942032 0.880577 0.763154 0.961372 0.995774
0.908181 0.684351 0.871986 0.994836 0.952860 0.768844 0.835897 0.898773 0.985120 0.994742 0.997047 0.663174 0.550299 0.000000 0.683495 0.540434 0.957329 0.917697 0.663027 0.795719 0.918956 0.986993 0.979312 0.857955 0.888687 0.948656 0.890034 0.974358 0.829805 0.829947 0.989139 0.813162 0.896375 0.967015 0.990068 0.982316 0.822383 0.817656 0.983567 0.942651 0.893392 0.907387 0.882512 0.847424 0.986590 0.940748 0.842359 0.890955 0.957574 0.958499 0.958867 0.981883 0.844691 0.879311 0.910739 0.896402 0.926314 0.907552 0.907950 0.974897 0.957404 0.848918 0.997969 0.976200 0.945691 0.873261 0.795303 0.898999 0.853845 0.859683 0.828269 0.820986 0.841438 0.903971 0.950029 0.807034 0.679577 0.775028 0.902713 0.978115 0.993682 0.944413 0.923653 0.931583 0.821397 0.989592 0.927245 0.975071 0.950486 0.992636 0.910604 0.921210 0.943835 0.889309 0.947968 0.959363 0.951589 0.950447 0.996045 0.973613 0.898129 0.939786 0.943353 0.993023 0.974476 0.957852 0.851861 0.992457 0.820747 0.897016 0.986095 0.943562 0.892853 0.945552 0.929197 0.961310
0.894090 0.903132 0.914083 0.816704 0.798729 0.956417 0.794423 0.682073 0.875644 0.743806 0.645635 0.828706 0.734766 0.683495 0.000000 0.548351 0.957218 0.990516 0.879116 0.914038 0.943202 0.924276 0.552101 0.617804 0.937024 0.943825 0.696697 0.973409 0.847880 0.958210 0.747783 0.745172 0.995542 0.774963 0.937056 0.976005 0.950796 0.960420 0.970007 0.836726 0.899707 0.897801 0.823492 0.874539 0.797582 0.826651 0.935165 0.902122 0.881902 0.871582 0.930874 0.756939 0.573400 0.553517 0.831422 0.882353 0.920063 0.814035 0.750963 0.809673 0.836147 0.788584 0.899093 0.828147 0.849964 0.877233 0.691001 0.668915 0.847328 0.923461 0.907252 0.886846 0.766407 0.858679 0.847071 0.870620 0.984818 0.962966 0.967943 0.992852 0.986099 0.976658 0.724536 0.894037 0.783675 0.779270 0.774218 0.694153 0.969665 0.944503 0.877707 0.996474 0.833953 0.913057 0.895509 0.996979 0.870870 0.784988 0.811802 0.834404 0.713467 0.908291 0.762669 0.803857 0.951401 0.873210 0.739320 0.968415 0.977473 0.955727 0.834355 0.918186 0.958225 0.818827 0.927202 0.927389
0.866452 0.862090 0.747100 0.837340 0.916851 0.786591 0.718661 0.904231 0.976590 0.876225 0.828070 0.855592 0.592302 0.540434 0.548351 0.000000 0.908026 0.896946 0.917661 0.994919 0.899287 0.959020 0.776157 0.676883 0.901377 0.921415 0.842124 0.997749 0.928068 0.887425 0.920748 0.764489 0.907327 0.890952 0.768221 0.980936 0.921156 0.900554 0.968678 0.876614 0.934659 0.782886 0.897434 0.911829 0.777874 0.818876 0.930506 0.874927 0.805237 0.939796 0.963260 0.977979 0.750468 0.776834 0.939690 0.771986 0.930613 0.920806 0.756385 0.936394 0.933501 0.995763 0.842450 0.847849 0.977409 0.921811 0.713210 0.796729 0.988057 0.964226 0.843228 0.864742 0.736570 0.803225 0.889494 0.795136 0.868233 0.805174 0.987300 0.939849 0.795772 0.775739 0.972085 0.869652 0.890097 0.948917 0.834173 0.880164 0.890682 0.784622 0.840864 0.915380 0.835682 0.859533 0.896597 0.813913 0.871951 0.840364 0.873232 0.803162 0.916475 0.951617 0.864576 0.849899 0.946478 0.833178 0.805326 0.919755 0.951417 0.990128 0.890040 0.829516 0.825425 0.919102 0.893982 0.994940
0.495172 0.627330 0.902318 0.972588 0.904106 0.984423 0.755492 0.669818 0.882956 0.647027 0.585893 0.650233 0.851443 0.957329 0.957218 0.908026 0.000000 0.444901 0.694647 0.585315 0.934375 0.911109 0.885376 0.737003 0.865314 0.944209 0.906543 0.923434 0.645032 0.679618 0.952286 0.919834 0.659217 0.664344 0.782758 0.944641 0.836769 0.888663 0.863647 0.909857 0.851214 0.960454 0.978897 0.943140 0.835034 0.741914 0.768335 0.793052 0.746323 0.890204 0.982253 0.952640 0.903860 0.852591 0.621143 0.660388 0.545812 0.576771 0.581134 0.724950 0.559054 0.567915 0.486845 0.441724 0.977083 0.795917 0.869500 0.868036 0.873479 0.681390 0.904575 0.759245 0.981395 0.957406 0.893052 0.972625 0.984274 0.969156 0.678898 0.905330 0.466949 0.528622 0.899673 0.563511 0.789629 0.832050 0.867077 0.948417 0.775831 0.690298 0.974143 0.763339 0.911272 0.777491 0.818767 0.842077 0.770734 0.994861 0.762209 0.821176 0.947884 0.801523 0.696513 0.822408 0.927910 0.919637 0.805730 0.960068 0.993584 0.910315 0.989759 0.802364 0.845114 0.978330 0.989272 0.877838
0.436473 0.635813 0.770631 0.780834 0.980330 0.935126 0.635377 0.600601 0.842248 0.628832 0.638285 0.668932 0.861929 0.917697 0.990516 0.896946 0.444901 0.000000 0.612098 0.586277 0.859162 0.944303 0.964870 0.760627 0.981647 0.973673 0.953314 0.959984 0.618280 0.617565 0.863157 0.982110 0.592770 0.566242 0.734343 0.829777 0.828566 0.918952 0.962646 0.943812 0.748967 0.869397 0.890220 0.866079 0.762023 0.689850 0.574312 0.673761 0.695454 0.869724 0.938049 0.996358 0.995650 0.907489 0.575290 0.557380 0.477297 0.614890 0.564003 0.707216 0.510882 0.569740 0.428967 0.432964 0.891466 0.759590 0.759904 0.732593 0.930430 0.727074 0.995422 0.831408 0.965282 0.887308 0.936316 0.976730 0.997645 0.965142 0.647240 0.946744 0.342635 0.392799 0.840382 0.493332 0.682628 0.690721 0.926733 0.996353 0.739615 0.595462 0.955065 0.786626 0.983722 0.815278 0.779898 0.827620 0.846639 0.968978 0.712988 0.762023 0.971416 0.826111 0.752482 0.820120 0.957617 0.774920 0.841296 0.951155 0.904317 0.927854 0.996489 0.773385 0.812269 0.969780 0.981170 0.820132
0.599536 0.654896 0.809902 0.827580 0.973179 0.910060 0.687606 0.705138 0.863979 0.687142 0.814467 0.659966 0.717516 0.663027 0.879116 0.917661 0.694647 0.612098 0.000000 0.648822 0.974632 0.944868 0.896653 0.938877 0.901601 0.962520 0.994225 0.989477 0.695191 0.719208 0.841120 0.802920 0.655488 0.667665 0.777850 0.901410 0.933022 0.844575 0.940772 0.882232 0.838014 0.955713 0.924066 0.860722 0.805031 0.712326 0.715111 0.768636 0.869689 0.957513 0.997953 0.992582 0.962386 0.935944 0.716560 0.709655 0.692256 0.769009 0.876496 0.890043 0.586659 0.693495 0.568507 0.638344 0.897963 0.787367 0.913509 0.871446 0.861482 0.813821 0.925198 0.896624 0.803387 0.902688 0.954024 0.958055 0.867150 0.835679 0.672153 0.969867 0.579134 0.584364 0.866117 0.753815 0.705089 0.723876 0.890284 0.921300 0.893370 0.831975 0.859965 0.999397 0.893231 0.954047 0.870468 0.969287 0.788556 0.944271 0.743787 0.711653 0.973521 0.812322 0.791883 0.898250 0.984323 0.805864 0.883509 0.932200 0.919541 0.907696 0.985546 0.777411 0.792204 0.947102 0.926000 0.728676
0.583056 0.651688 0.843771 0.874388 0.931247 0.952315 0.822157 0.762058 0.893701 0.785968 0.761266 0.724546 0.905111 0.795719 0.914038 0.994919 0.585315 0.586277 0.648822 0.000000 0.811826 0.924607 0.981396 0.907657 0.948501 0.974287 0.904549 0.850206 0.764373 0.799695 0.803560 0.987778 0.728849 0.776907 0.759024 0.993567 0.820124 0.960501 0.980971 0.986686 0.888748 0.922420 0.849570 0.842955 0.801365 0.692798 0.665003 0.640954 0.692594 0.718411 0.782149 0.785604 0.854510 0.966001 0.799612 0.694479 0.600457 0.573846 0.592696 0.615976 0.734668 0.715443 0.713176 0.654764 0.927684 0.769887 0.847948 0.791720 0.852912 0.770386 0.938034 0.968897 0.861000 0.947442 0.997077 0.977783 0.890873 0.985896 0.632059 0.994501 0.629900 0.635605 0.804251 0.674439 0.825424 0.786345 0.913809 0.990923 0.802572 0.652500 0.934989 0.945872 0.986896 0.942523 0.954426 0.945845 0.787673 0.879374 0.725200 0.793802 0.814550 0.880017 0.714050 0.813475 0.966313 0.849074 0.953734 0.935238 0.914748 0.971426 0.905790 0.777273 0.767003 0.952943 0.991996 0.889415
0.700808 0.792291 0.740912 0.743719 0.809639 0.985088 0.940104 0.989493 0.940536 0.902713 0.923032 0.939806 0.900598 0.918956 0.943202 0.899287 0.934375 0.859162 0.974632 0.811826 0.000000 0.905597 0.843895 0.763547 0.719177 0.663773 0.973307 0.791015 0.782736 0.706959 0.960069 0.849060 0.812064 0.953817 0.735687 0.950690 0.719264 0.776429 0.816432 0.925153 0.851058 0.896541 0.684741 0.726860 0.998444 0.924252 0.770596 0.848586 0.926620 0.824264 0.728832 0.790773 0.920679 0.902017 0.976959 0.973010 0.657054 0.743855 0.659175 0.826315 0.984638 0.916328 0.918351 0.937479 0.805990 0.894577 0.751232 0.835591 0.700367 0.744177 0.889506 0.850827 0.980525 0.762811 0.918871 0.974944 0.919833 0.905920 0.896091 0.908115 0.948415 0.939541 0.819965 0.991108 0.994342 0.975354 0.945572 0.830658 0.841880 0.709555 0.842388 0.851128 0.860741 0.796375 0.922188 0.742637 0.799834 0.869141 0.956722 0.868579 0.936971 0.862664 0.718221 0.767557 0.936193 0.801356 0.849221 0.793061 0.941800 0.860392 0.935747 0.825679 0.920467 0.967086 0.875376 0.749707
0.990707 0.855130 0.850044 0.816289 0.943532 0.826180 0.997093 0.944303 0.970496 0.825499 0.821794 0.825934 0.971331 0.986993 0.924276 0.959020 0.911109 0.944303 0.944868 0.924607 0.905597 0.000000 0.947511 0.942462 0.888117 0.775513 0.907519 0.709621 0.794056 0.806090 0.917107 0.844109 0.982670 0.936620 0.924239 0.899847 0.818042 0.823350 0.982347 0.876629 0.939696 0.813322 0.925742 0.927124 0.920224 0.926075 0.956660 0.960694 0.960257 0.833825 0.735573 0.751795 0.743557 0.771933 0.925540 0.966057 0.982274 0.906860 0.892245 0.825539 0.894000 0.912076 0.799448 0.814677 0.771571 0.846490 0.856904 0.920634 0.877263 0.983943 0.760046 0.750276 0.921964 0.956144 0.872831 0.941705 0.918845 0.897377 0.994307 0.956075 0.966699 0.921516 0.787267 0.886663 0.994714 0.866376 0.950097 0.961766 0.841375 0.930389 0.874092 0.871127 0.803707 0.747759 0.928351 0.973931 0.992676 0.929702 0.886420 0.830055 0.950257 0.746933 0.973048 0.903461 0.705472 0.795040 0.849456 0.774927 0.974024 0.956722 0.958427 0.866456 0.937615 0.924861 0.771770 0.885090
0.766473 0.890547 0.882874 0.977520 0.610794 0.880202 0.871115 0.822522 0.691417 0.950591 0.590095 0.656541 0.953746 0.979312 0.552101 0.776157 0.885376 0.964870 0.896653 0.981396 0.843895 0.947511 0.000000 0.409048 0.889408 0.988514 0.769475 0.889313 0.928824 0.910134 0.557175 0.566214 0.879681 0.883653 0.931434 0.910197 0.919987 0.945252 0.881174 0.870195 0.902342 0.884802 0.803150 0.806737 0.982109 0.891973 0.839750 0.880343 0.863485 0.913061 0.880684 0.763080 0.621396 0.542267 0.855921 0.895423 0.922247 0.939334 0.649915 0.777233 0.988334 0.798589 0.944673 0.827991 0.627339 0.983058 0.966135 0.947966 0.837999 0.815283 0.851960 0.883819 0.617923 0.702912 0.879181 0.992071 0.921614 0.898793 0.981400 0.971720 0.996030 0.890193 0.614525 0.827840 0.465235 0.582266 0.719172 0.539642 0.974180 0.974183 0.868008 0.736600 0.921381 0.878759 0.967405 0.952719 0.948806 0.734511 0.930874 0.938198 0.738950 0.987511 0.691797 0.819148 0.860941 0.939623 0.949443 0.975014 0.976077 0.955698 0.946895 0.939440 0.977842 0.936411 0.980854 0.822901
0.631365 0.899258 0.972544 0.967004 0.705311 0.900032 0.959002 0.758501 0.805790 0.789147 0.549671 0.726466 0.908738 0.857955 0.617804 0.676883 0.737003 0.760627 0.938877 0.907657 0.763547 0.942462 0.409048 0.000000 0.873834 0.969260 0.715154 0.976423 0.975589 0.995445 0.673924 0.547682 0.987674 0.768553 0.948891 0.931603 0.838179 0.947678 0.920818 0.873101 0.803022 0.903841 0.879693 0.882166 0.904558 0.820326 0.774661 0.826987 0.761812 0.973632 0.882185 0.777207 0.661980 0.565469 0.841919 0.814770 0.801653 0.852646 0.578271 0.807459 0.859129 0.773551 0.747662 0.645868 0.694779 0.907416 0.875961 0.920529 0.824321 0.768436 0.847478 0.871005 0.585560 0.662614 0.996588 0.890700 0.958751 0.957695 0.933152 0.882601 0.764173 0.877218 0.809121 0.892102 0.701118 0.707706 0.751008 0.672493 0.892027 0.841627 0.981285 0.760576 0.963499 0.854841 0.985255 0.885134 0.923562 0.811403 0.840898 0.925978 0.816792 0.992706 0.642207 0.775185 0.869640 0.887556 0.843490 0.928228 0.949884 0.941283 0.958268 0.829992 0.970927 0.957091 0.920077 0.922143
0.934782 0.851103 0.646513 0.702892 0.860299 0.987954 0.991830 0.765081 0.947691 0.549242 0.801357 0.671001 0.903493 0.888687 0.937024 0.901377 0.865314 0.981647 0.901601 0.948501 0.719177 0.888117 0.889408 0.873834 0.000000 0.412222 0.781446 0.615443 0.659759 0.639222 0.814161 0.996769 0.844172 0.794018 0.854450 0.825357 0.687662 0.663841 0.772757 0.844223 0.898410 0.743311 0.625445 0.613219 0.981768 0.980295 0.859959 0.932255 0.980922 0.747726 0.631866 0.615146 0.650278 0.604320 0.992981 0.920595 0.697452 0.830680 0.906005 0.994547 0.744358 0.627000 0.678985 0.618398 0.559048 0.936643 0.771961 0.869259 0.815419 0.822521 0.762052 0.771837 0.938379 0.901828 0.929470 0.954354 0.781253 0.812214 0.843772 0.772119 0.967602 0.963512 0.965145 0.932116 0.835927 0.794474 0.856754 0.976313 0.754900 0.828254 0.847108 0.669294 0.753231 0.591007 0.919507 0.715695 0.799139 0.781065 0.963288 0.891382 0.994660 0.788047 0.991392 0.915892 0.806538 0.820447 0.825946 0.680411 0.921802 0.880139 0.896282 0.985017 0.944388 0.957528 0.682394 0.695636
0.804608 0.752843 0.654965 0.664530 0.786010 0.933497 0.973987 0.867120 0.974005 0.612911 0.894559 0.747663 0.933016 0.948656 0.943825 0.921415 0.944209 0.973673 0.962520 0.974287 0.663773 0.775513 0.988514 0.969260 0.412222 0.000000 0.836181 0.625652 0.687193 0.623732 0.803322 0.916087 0.836223 0.877873 0.860751 0.806658 0.623149 0.622244 0.723290 0.823359 0.867841 0.753472 0.604049 0.628799 0.893280 0.984922 0.856912 0.827648 0.984065 0.769078 0.663931 0.653888 0.758685 0.674115 0.914581 0.881167 0.714543 0.752460 0.835262 0.853218 0.831754 0.776651 0.717554 0.718272 0.568418 0.851742 0.747304 0.837040 0.755086 0.866057 0.793007 0.839214 0.957603 0.849881 0.986723 0.967129 0.740447 0.724597 0.823360 0.726708 0.984074 0.965207 0.980889 0.996914 0.905168 0.781160 0.907411 0.902660 0.660695 0.751422 0.843192 0.749370 0.760503 0.612518 0.876088 0.731110 0.795485 0.693872 0.956355 0.921151 0.985838 0.754979 0.873534 0.802969 0.858527 0.767028 0.766417 0.692986 0.909107 0.913000 0.963460 0.920132 0.925790 0.994108 0.686502 0.729060
0.914333 0.999526 0.815492 0.911560 0.911137 0.929739 0.974797 0.830895 0.853873 0.795176 0.786243 0.835759 0.966138 0.890034 0.696697 0.842124 0.906543 0.953314 0.994225 0.904549 0.973307 0.907519 0.769475 0.715154 0.781446 0.836181 0.000000 0.777349 0.984149 0.967776 0.882765 0.862677 0.997620 0.776633 0.971406 0.960804 0.908084 0.998215 0.940366 0.999297 0.990701 0.918521 0.857097 0.948360 0.746628 0.723460 0.940532 0.858739 0.746719 0.878262 0.962895 0.868469 0.758515 0.741772 0.980984 0.958618 0.975382 0.924261 0.915119 0.911525 0.941459 0.839982 0.917499 0.838312 0.726425 0.982707 0.991970 0.830042 0.963686 0.968276 0.926573 0.876104 0.920355 0.974546 0.974046 0.965178 0.905566 0.966319 0.989061 0.930586 0.970288 0.946770 0.870162 0.926554 0.869350 0.805869 0.859696 0.926863 0.921061 0.946178 0.870015 0.952508 0.976846 0.917168 0.924036 0.974906 0.904973 0.977823 0.864583 0.850488 0.851530 0.971109 0.890571 0.924490 0.681506 0.930535 0.864591 0.911118 0.910289 0.949512 0.892243 0.913849 0.962094 0.866977 0.747939 0.946804
0.847091 0.859819 0.800187 0.813387 0.712899 0.821640 0.941533 0.855216 0.934475 0.656540 0.932037 0.841871 0.912926 0.974358 0.973409 0.997749 0.923434 0.959984 0.989477 0.850206 0.791015 0.709621 0.889313 0.976423 0.615443 0.625652 0.777349 0.000000 0.825735 0.748411 0.970565 0.861112 0.958524 0.908272 0.943582 0.914391 0.692106 0.658535 0.951010 0.865086 0.866495 0.920918 0.848353 0.821588 0.790679 0.816539 0.941951 0.995129 0.804548 0.941664 0.923746 0.895868 0.878665 0.848143 0.998869 0.911322 0.788477 0.941194 0.915551 0.993416 0.862242 0.810134 0.834286 0.773176 0.770190 0.936872 0.880934 0.962520 0.685102 0.903779 0.839738 0.870176 0.899419 0.815740 0.933695 0.951074 0.929606 0.809994 0.878585 0.802969 0.987822 0.898013 0.801749 0.838971 0.950692 0.968425 0.996695 0.810445 0.912011 0.888838 0.971575 0.907166 0.831868 0.762825 0.929871 0.862295 0.864713 0.743382 0.956698 0.999835 0.938181 0.837328 0.806484 0.842683 0.776770 0.790676 0.864674 0.738918 0.881070 0.941167 0.972536 0.945665 0.945716 0.999695 0.707181 0.696713
0.836554 0.941710 0.878316 0.803894 0.823854 0.908848 0.871982 0.780442 0.884990 0.635947 0.790280 0.753786 0.851023 0.829805 0.847880 0.928068 0.645032 0.618280 0.695191 0.764373 0.782736 0.794056 0.928824 0.975589 0.659759 0.687193 0.984149 0.825735 0.000000 0.411297 0.959811 0.757708 0.858153 0.681370 0.934792 0.989209 0.824021 0.696558 0.821675 0.776943 0.956780 0.938921 0.738987 0.797611 0.981497 0.928885 0.890436 0.985861 0.938461 0.840529 0.636245 0.702855 0.871896 0.738024 0.878519 0.815287 0.921300 0.989161 0.973653 0.970967 0.669239 0.631260 0.531963 0.572654 0.812497 0.986718 0.804936 0.892001 0.851805 0.940881 0.796106 0.709530 0.959520 0.808879 0.983632 0.912438 0.893162 0.942542 0.861711 0.953214 0.683278 0.710649 0.714478 0.650923 0.854298 0.931975 0.969700 0.768049 0.973270 0.908859 0.790673 0.584509 0.694387 0.517887 0.951528 0.983381 0.816743 0.836746 0.990064 0.988414 0.905492 0.582448 0.934586 0.889906 0.802668 0.874141 0.850080 0.656247 0.985543 0.953444 0.977618 0.951738 0.862457 0.988895 0.831280 0.649305
0.858285 0.914265 0.801721 0.823670 0.816995 0.989615 0.878615 0.677933 0.952885 0.568378 0.786322 0.661096 0.918955 0.829947 0.958210 0.887425 0.679618 0.617565 0.719208 0.799695 0.706959 0.806090 0.910134 0.995445 0.639222 0.623732 0.967776 0.748411 0.411297 0.000000 0.877368 0.729943 0.832076 0.617311 0.930512 0.882038 0.793173 0.697445 0.878367 0.928917 0.991344 0.864980 0.802235 0.811779 0.867920 0.858344 0.858157 0.934173 0.794478 0.892366 0.763755 0.727124 0.848547 0.713250 0.767030 0.807724 0.905238 0.959942 0.962414 0.927774 0.664569 0.571122 0.524265 0.523692 0.785339 0.918478 0.855636 0.945676 0.728343 0.941202 0.891305 0.805724 0.865492 0.783724 0.988846 0.938326 0.876005 0.922521 0.880818 0.974276 0.706936 0.677402 0.734897 0.665000 0.870305 0.966585 0.953840 0.834286 0.977979 0.888529 0.748000 0.579824 0.701311 0.514705 0.896610 0.826723 0.853848 0.790590 0.924560 0.998522 0.972950 0.666828 0.882451 0.911835 0.861382 0.964397 0.725648 0.717080 0.955196 0.967776 0.999497 0.961055 0.870478 0.968808 0.863607 0.650811
0.942168 0.930055 0.803226 0.870802 0.873429 0.971207 0.810336 0.983887 0.850866 0.973899 0.815406 0.742334 0.970311 0.989139 0.747783 0.920748 0.952286 0.863157 0.841120 0.803560 0.960069 0.917107 0.557175 0.673924 0.814161 0.803322 0.882765 0.970565 0.959811 0.877368 0.000000 0.656084 0.682438 0.962132 0.843976 0.811941 0.991955 0.772490 0.992352 0.959527 0.871575 0.896452 0.953727 0.966950 0.827381 0.822170 0.928326 0.805820 0.790600 0.667896 0.723195 0.689488 0.668030 0.647312 0.982811 0.905672 0.831597 0.842738 0.995874 0.941928 0.976049 0.890771 0.957386 0.986833 0.733120 0.969160 0.859079 0.790074 0.911799 0.834453 0.701992 0.881732 0.807994 0.834186 0.864241 0.968684 0.992108 0.964431 0.858956 0.986883 0.852099 0.807061 0.735455 0.786428 0.569499 0.714798 0.831865 0.745346 0.973384 0.900914 0.843286 0.802835 0.804080 0.833930 0.898058 0.941855 0.935380 0.932629 0.818444 0.809425 0.885960 0.978766 0.877831 0.903837 0.915678 0.867827 0.945770 0.862145 0.974278 0.917645 0.888910 0.982924 0.908654 0.929553 0.879591 0.870707
0.815972 0.894875 0.927786 0.869833 0.822652 0.887783 0.984212 0.910025 0.931295 0.960870 0.764638 0.855654 0.965863 0.813162 0.745172 0.764489 0.919834 0.982110 0.802920 0.987778 0.849060 0.844109 0.566214 0.547682 0.996769 0.916087 0.862677 0.861112 0.757708 0.729943 0.656084 0.000000 0.922549 0.999004 0.988896 0.713373 0.757513 0.858761 0.903803 0.883167 0.782851 0.921180 0.903505 0.914811 0.963994 0.974104 0.962236 0.980709 0.988479 0.985873 0.978272 0.955303 0.789216 0.821326 0.970766 0.971845 0.922030 0.853792 0.671547 0.849471 0.950332 0.916953 0.999305 0.895375 0.936775 0.966077 0.852481 0.956976 0.766277 0.725324 0.914882 0.989153 0.738012 0.648323 0.834445 0.872863 0.954320 0.972728 0.983291 0.893502 0.906371 0.988459 0.720513 0.958649 0.718532 0.842787 0.837754 0.569151 0.792701 0.975226 0.878299 0.997452 0.867061 0.934357 0.927473 0.999094 0.861164 0.756609 0.894999 0.943036 0.905189 0.834796 0.708292 0.791497 0.949135 0.878859 0.971878 0.919554 0.910304 0.835097 0.893351 0.890590 0.952143 0.921537 0.952150 0.813125
0.564017 0.669022 0.586460 0.661953 0.975354 0.997611 0.514000 0.673550 0.795627 0.775112 0.782217 0.896981 0.929040 0.896375 0.995542 0.907327 0.659217 0.592770 0.655488 0.728849 0.812064 0.982670 0.879681 0.987674 0.844172 0.836223 0.997620 0.958524 0.858153 0.832076 0.682438 0.922549 0.000000 0.614608 0.710411 0.846660 0.851884 0.901183 0.984345 0.975985 0.688103 0.794670 0.785157 0.748148 0.635147 0.592935 0.756052 0.694117 0.777585 0.804761 0.847351 0.925328 0.941807 0.903670 0.763365 0.793516 0.573519 0.731841 0.704541 0.851730 0.583704 0.758159 0.687132 0.730474 0.726152 0.736035 0.599090 0.581233 0.910954 0.881343 0.870582 0.932247 0.885560 0.881281 0.982829 0.936303 0.831506 0.917868 0.719885 0.916031 0.553545 0.592588 0.924811 0.731173 0.602755 0.652556 0.879484 0.974273 0.855239 0.762544 0.661213 0.841588 0.690794 0.861767 0.805005 0.766941 0.631034 0.865935 0.630654 0.684637 0.905871 0.975808 0.803951 0.706988 0.993648 0.698773 0.866197 0.813002 0.867493 0.866867 0.886139 0.706265 0.725901 0.840689 0.959930 0.915206
0.576962 0.797527 0.781837 0.760939 0.985493 0.957757 0.539561 0.438993 0.864330 0.535061 0.507764 0.577840 0.827492 0.967015 0.774963 0.890952 0.664344 0.566242 0.667665 0.776907 0.953817 0.936620 0.883653 0.768553 0.794018 0.877873 0.776633 0.908272 0.681370 0.617311 0.962132 0.999004 0.614608 0.000000 0.772737 0.812629 0.998515 0.897654 0.971368 0.849368 0.743098 0.914883 0.871116 0.932392 0.705745 0.657940 0.753836 0.753809 0.791216 0.893434 0.867781 0.724576 0.737965 0.714894 0.656577 0.710979 0.796102 0.927098 0.768333 0.853915 0.451540 0.506994 0.490088 0.482024 0.999261 0.760752 0.688322 0.617247 0.971236 0.820483 0.944674 0.908381 0.990857 0.968891 0.915306 0.977034 0.970280 0.894798 0.781554 0.851853 0.593629 0.604729 0.995202 0.732495 0.828655 0.849186 0.932965 0.909139 0.922413 0.787777 0.812313 0.884689 0.843500 0.885679 0.785763 0.967749 0.837955 0.934925 0.598671 0.685723 0.868169 0.936966 0.810014 0.802954 0.924384 0.798672 0.741375 0.958843 0.884455 0.897809 0.850622 0.676445 0.799870 0.843319 0.840961 0.790300
0.670268 0.802723 0.580188 0.633769 0.977667 0.916202 0.632206 0.781597 0.811944 0.858274 0.787079 0.949093 0.953147 0.990068 0.937056 0.768221 0.782758 0.734343 0.777850 0.759024 0.735687 0.924239 0.931434 0.948891 0.854450 0.860751 0.971406 0.943582 0.934792 0.930512 0.843976 0.988896 0.710411 0.772737 0.000000 0.915307 0.838797 0.890638 0.975295 0.923799 0.722646 0.737310 0.772230 0.829046 0.745745 0.737543 0.808985 0.791022 0.865954 0.838810 0.785711 0.810308 0.898051 0.834320 0.916251 0.681907 0.708554 0.778936 0.770064 0.848457 0.754865 0.950167 0.805114 0.797616 0.713318 0.876047 0.649169 0.738877 0.753375 0.685304 0.825566 0.835529 0.941841 0.912856 0.954423 0.899791 0.950215 0.972111 0.746202 0.905653 0.687537 0.693695 0.955969 0.729763 0.699676 0.720382 0.907278 0.906680 0.974569 0.712429 0.688066 0.693871 0.648231 0.740311 0.847523 0.743300 0.690169 0.720226 0.676340 0.641914 0.934239 0.862004 0.729433 0.734214 0.905297 0.728651 0.943601 0.669222 0.939881 0.956631 0.850283 0.846652 0.954521 0.959754 0.912620 0.986948
0.922257 0.934768 0.849858 0.822924 0.943223 0.964348 0.868662 0.896555 0.889953 0.920482 0.985922 0.986981 0.958946 0.982316 0.976005 0.980936 0.944641 0.829777 0.901410 0.993567 0.950690 0.899847 0.910197 0.931603 0.825357 0.806658 0.960804 0.914391 0.989209 0.882038 0.811941 0.713373 0.846660 0.812629 0.915307 0.000000 0.881599 0.974276 0.934231 0.756521 0.998127 0.922425 0.794329 0.880067 0.889369 0.936771 0.837427 0.755139 0.917666 0.972268 0.941828 0.993886 0.953983 0.941450 0.859488 0.880874 0.893687 0.959086 0.978520 0.975538 0.958303 0.989577 0.947255 0.993078 0.770192 0.845833 0.819407 0.716946 0.873651 0.909421 0.887953 0.907085 0.998314 0.991524 0.974752 0.989300 0.907151 0.848733 0.858694 0.888629 0.918904 0.872835 0.956130 0.953924 0.840025 0.846256 0.998007 0.945871 0.949217 0.889548 0.960694 0.961578 0.924056 0.939868 0.768806 0.994724 0.982247 0.952827 0.839898 0.921630 0.942251 0.969248 0.893456 0.950479 0.978936 0.843064 0.908713 0.996072 0.994678 0.973558 0.965870 0.958759 0.949938 0.934348 0.919192 0.967162
0.778483 0.788963 0.710374 0.820876 0.908385 0.945027 0.986956 0.913858 0.961542 0.747731 0.915040 0.899509 0.938764 0.822383 0.950796 0.921156 0.836769 0.828566 0.933022 0.820124 0.719264 0.818042 0.919987 0.838179 0.687662 0.623149 0.908084 0.692106 0.824021 0.793173 0.991955 0.757513 0.851884 0.998515 0.838797 0.881599 0.000000 0.636463 0.832146 0.773222 0.784714 0.776671 0.877958 0.866687 0.847279 0.876492 0.865419 0.911753 0.965257 0.886039 0.778192 0.736442 0.826672 0.838879 0.829503 0.826322 0.654208 0.633045 0.680691 0.765722 0.933756 0.893034 0.929498 0.972376 0.733243 0.943686 0.771262 0.868284 0.713305 0.777111 0.939968 0.899928 0.971575 0.858755 0.893230 0.816059 0.991412 0.862918 0.719377 0.855512 0.861006 0.889466 0.960956 0.860901 0.916312 0.872935 0.959012 0.818911 0.734641 0.712756 0.929241 0.968001 0.881378 0.810862 0.952421 0.851099 0.760865 0.874093 0.950087 0.982250 0.999226 0.806098 0.745769 0.880058 0.773548 0.702042 0.866648 0.735750 0.995418 0.821720 0.905913 0.953941 0.967165 0.968490 0.694950 0.818974
0.876523 0.885729 0.822471 0.888904 0.705395 0.904700 0.916167 0.770149 0.865538 0.684847 0.907182 0.725707 0.881844 0.817656 0.960420 0.900554 0.888663 0.918952 0.844575 0.960501 0.776429 0.823350 0.945252 0.947678 0.663841 0.622244 0.998215 0.658535 0.696558 0.697445 0.772490 0.858761 0.901183 0.897654 0.890638 0.974276 0.636463 0.000000 0.925880 0.905721 0.810696 0.718814 0.803568 0.829675 0.945259 0.991077 0.928789 0.894425 0.896635 0.712084 0.604304 0.629359 0.799819 0.748969 0.929470 0.971241 0.761032 0.809577 0.778231 0.830337 0.734107 0.708739 0.756206 0.773508 0.876988 0.918754 0.789061 0.875168 0.754459 0.963355 0.812141 0.814799 0.935022 0.946514 0.830606 0.963571 0.941820 0.873335 0.983453 0.878002 0.920158 0.918581 0.923651 0.965954 0.984558 0.985390 0.959914 0.936650 0.865861 0.911247 0.904236 0.768144 0.770051 0.690915 0.994301 0.923032 0.774906 0.829116 0.959290 0.907970 0.999367 0.775361 0.865065 0.754040 0.812418 0.708320 0.743174 0.652433 0.960308 0.861336 0.969157 0.915068 0.982058 0.889133 0.805517 0.779397
