0.000000 0.350937 0.642506 0.679733 0.862004 0.869828 0.774546 0.830263 0.691557 0.717298 0.479720 0.487017 0.923631 0.905586 0.960024 0.904888 0.432364 0.409959 0.824261 0.769131 0.919059 0.920092 0.788141 0.794691 0.667184 0.688644 0.912834 0.858203 0.595032 0.573419 0.942403 0.993262 0.782748 0.622757 0.948432 0.977256 0.899496 0.798428 0.906110 0.826549 0.633485 0.637594 0.931456 0.745770 0.786942 0.609768 0.547082 0.648287 0.602321 0.647240 0.609504 0.652569 0.864920 0.905953 0.647979 0.762727 0.331401 0.367419 0.395951 0.441728 0.568674 0.780231 0.426594 0.389697 0.666362 0.751209 0.958325 0.728190 0.454111 0.479559 0.719342 0.786367 0.807240 0.844268 0.817121 0.975576 0.904520 0.867669 0.588682 0.661634 0.316915 0.402790 0.713729 0.449688 0.823661 0.910110 0.994587 0.910658 0.968352 0.848495 0.586901 0.583598 0.577409 0.479842 0.849160 0.783831 0.900306 0.984525 0.977647 0.859943 0.867668 0.777022 0.868973 0.695945 0.982634 0.920150 0.971031 0.979308 0.946261 0.863901 0.897098 0.979658 0.981355 0.790523 0.772223 0.855291
0.350937 0.000000 0.652129 0.708816 0.859187 0.922755 0.824092 0.853843 0.642535 0.617101 0.579393 0.488341 0.945201 0.864800 0.922184 0.933342 0.477668 0.456924 0.846627 0.847056 0.963881 0.929173 0.833817 0.808515 0.729241 0.712896 0.852216 0.775033 0.567020 0.593760 0.913354 0.963112 0.704178 0.661389 0.980453 0.998116 0.971690 0.968546 0.932802 0.837938 0.632210 0.636407 0.922516 0.749875 0.773002 0.617154 0.544444 0.642735 0.634495 0.622678 0.595733 0.616959 0.816483 0.924302 0.618440 0.768785 0.358080 0.340537 0.369523 0.387516 0.594443 0.824398 0.432741 0.395840 0.700161 0.771107 0.976249 0.697193 0.500816 0.505800 0.738374 0.795519 0.737117 0.829462 0.808128 0.965757 0.869846 0.933039 0.622849 0.609649 0.366647 0.419116 0.686811 0.453593 0.764784 0.867960 0.911683 0.845069 0.926569 0.847732 0.644711 0.626173 0.656044 0.509853 0.826861 0.745728 0.880700 0.853200 0.976773 0.882710 0.922559 0.814545 0.876308 0.769990 0.931717 0.928449 0.965688 0.959944 0.987258 0.835961 0.836139 0.922566 0.995570 0.818318 0.768540 0.771118
0.642506 0.652129 0.000000 0.365632 0.983366 0.771702 0.421131 0.471307 0.524296 0.709102 0.711893 0.837366 0.647090 0.839473 0.857590 0.594018 0.526267 0.504225 0.835540 0.908026 0.919952 0.870834 0.590279 0.551136 0.411822 0.485696 0.949966 0.961560 0.671324 0.680221 0.596921 0.671108 0.774383 0.940986 0.890917 0.871191 0.839547 0.817798 0.697294 0.815126 0.737397 0.899361 0.622468 0.796632 0.862990 0.927615 0.958155 0.972741 0.832465 0.918495 0.986863 0.964147 0.804059 0.708802 0.922154 0.905541 0.645444 0.447015 0.557700 0.564393 0.837461 0.947110 0.458422 0.475497 0.479061 0.509694 0.569184 0.929656 0.699968 0.676880 0.544553 0.605883 0.994903 0.976172 0.963613 0.831165 0.644153 0.618441 0.887579 0.891700 0.579424 0.665621 0.841872 0.717202 0.935299 0.749590 0.986499 0.848482 0.809779 0.985837 0.517333 0.483694 0.460585 0.465299 0.959596 0.683929 0.845731 0.754239 0.668523 0.594889 0.851853 0.639267 0.951668 0.800299 0.736456 0.901621 0.783303 0.882360 0.874546 0.988551 0.818062 0.947634 0.826948 0.871208 0.906764 0.833575
0.679733 0.708816 0.365632 0.000000 0.858918 0.846631 0.419341 0.382941 0.555100 0.704709 0.773110 0.804570 0.772862 0.824047 0.950073 0.673523 0.543350 0.571495 0.813261 0.835347 0.940807 0.985165 0.601592 0.562302 0.442285 0.475655 0.910083 0.979381 0.680537 0.719876 0.591569 0.627175 0.819436 0.982222 0.965177 0.839709 0.812025 0.870758 0.681834 0.868849 0.748771 0.879108 0.715249 0.801725 0.964922 0.916653 0.869519 0.969856 0.881506 0.969122 0.971197 0.942447 0.744962 0.730310 0.961802 0.908456 0.694261 0.514111 0.592186 0.615932 0.693767 0.885221 0.534942 0.521048 0.570487 0.691475 0.619519 0.964862 0.777648 0.817220 0.659454 0.683612 0.916611 0.903060 0.917871 0.920450 0.680887 0.696966 0.870891 0.895744 0.644879 0.744801 0.816739 0.796879 0.939754 0.785612 0.940490 0.955615 0.858071 0.869250 0.605150 0.528352 0.539419 0.505529 0.980406 0.708482 0.922090 0.833140 0.865141 0.747895 0.851655 0.623650 0.944700 0.770079 0.767469 0.876203 0.826523 0.924736 0.913073 0.971511 0.976688 0.808952 0.868222 0.870898 0.955575 0.862161
0.862004 0.859187 0.983366 0.858918 0.000000 0.865928 0.946125 0.833800 0.936782 0.999255 0.924177 0.988991 0.781950 0.942674 0.845402 0.801461 0.965739 0.994898 0.982903 0.997905 0.912091 0.888915 0.781700 0.790172 0.921781 0.896880 0.888721 0.995076 0.887312 0.880151 0.862310 0.765839 0.986717 0.837483 0.876267 0.929982 0.925369 0.865688 0.896445 0.895342 0.966011 0.907602 0.919939 0.766283 0.961876 0.782913 0.903274 0.860388 0.776448 0.691734 0.795286 0.856996 0.828999 0.923068 0.877613 0.923595 0.841777 0.916443 0.887974 0.814294 0.884883 0.955444 0.934536 0.946959 0.775714 0.720699 0.877591 0.899632 0.834625 0.719672 0.931801 0.989528 0.926783 0.888439 0.994351 0.942792 0.936842 0.969584 0.864988 0.894081 0.812872 0.885041 0.917628 0.891103 0.791220 0.845145 0.781045 0.906058 0.976972 0.988414 0.761108 0.862042 0.845310 0.808858 0.978024 0.994369 0.890457 0.885612 0.924387 0.733837 0.950361 0.988245 0.799713 0.848106 0.919397 0.929806 0.972720 0.873615 0.976111 0.790792 0.895603 0.917607 0.997660 0.924628 0.921907 0.884713
0.869828 0.922755 0.771702 0.846631 0.865928 0.000000 0.680549 0.694641 0.831339 0.658788 0.863725 0.940069 0.740782 0.974944 0.976508 0.735674 0.953184 0.822143 0.830578 0.849270 0.824412 0.993773 0.918022 0.997554 0.861735 0.755937 0.777256 0.948921 0.917083 0.908761 0.881644 0.834743 0.827078 0.870232 0.954262 0.986628 0.962736 0.916340 0.854213 0.966983 0.953787 0.978777 0.999326 0.767229 0.829397 0.663406 0.953045 0.675524 0.679292 0.667148 0.821430 0.850121 0.843034 0.911678 0.806025 0.850813 0.669173 0.823423 0.958343 0.889392 0.824023 0.768694 0.824294 0.831242 0.885747 0.543322 0.745197 0.702975 0.756002 0.729143 0.629295 0.665459 0.750677 0.819754 0.943008 0.964419 0.763381 0.810677 0.910120 0.904138 0.796367 0.833479 0.830552 0.766341 0.982052 0.997039 0.991826 0.853109 0.872450 0.670596 0.513732 0.562108 0.549055 0.689852 0.889779 0.913716 0.770154 0.963944 0.727788 0.686358 0.791431 0.879939 0.954980 0.880128 0.751264 0.918235 0.926710 0.946203 0.924349 0.885606 0.973456 0.834328 0.676066 0.942584 0.906719 0.790027
0.774546 0.824092 0.421131 0.419341 0.946125 0.680549 0.000000 0.406747 0.566440 0.685816 0.881717 0.957903 0.545353 0.827894 0.801181 0.556461 0.745740 0.727098 0.616358 0.941169 0.977083 0.939816 0.597334 0.626578 0.551062 0.667867 0.912988 0.938732 0.877643 0.893791 0.583694 0.545897 0.616574 0.754007 0.994985 0.956506 0.965767 0.922918 0.813002 0.917718 0.826631 0.889683 0.775084 0.914967 0.946118 0.880929 0.981614 0.951469 0.787874 0.877101 0.974741 0.994617 0.880334 0.869883 0.990257 0.921688 0.745469 0.612253 0.680850 0.651491 0.945743 0.996114 0.731037 0.698719 0.584367 0.581303 0.539450 0.849283 0.723683 0.752157 0.643702 0.632544 0.917462 0.970169 0.857432 0.877078 0.742867 0.673492 0.936030 0.971995 0.785960 0.886683 0.923503 0.890031 0.807083 0.693866 0.967537 0.967631 0.865461 0.930953 0.513580 0.479392 0.442387 0.525421 0.931213 0.802867 0.847235 0.946339 0.758553 0.733530 0.887378 0.586636 0.860866 0.742121 0.776377 0.889708 0.896923 0.932078 0.822923 0.997593 0.975384 0.896299 0.813025 0.911106 0.903529 0.969464
0.830263 0.853843 0.471307 0.382941 0.833800 0.694641 0.406747 0.000000 0.670525 0.528278 0.893024 0.941050 0.844878 0.976787 0.833212 0.807225 0.770092 0.693777 0.704836 0.847305 0.981741 0.992402 0.913764 0.856496 0.672553 0.650515 0.780271 0.912163 0.812222 0.869857 0.714437 0.591139 0.784220 0.811117 0.816486 0.986169 0.946275 0.932507 0.806436 0.867304 0.870380 0.980305 0.873138 0.961147 0.819472 0.765019 0.916540 0.869975 0.722267 0.873412 0.892690 0.919051 0.987065 0.971332 0.974667 0.994010 0.771931 0.642492 0.792503 0.827508 0.943761 0.840002 0.690815 0.690843 0.846961 0.645657 0.731468 0.872885 0.821364 0.795486 0.604480 0.524664 0.843419 0.906876 0.878191 0.977673 0.775349 0.813291 0.929042 0.972969 0.797116 0.835375 0.647414 0.757757 0.866051 0.981169 0.762831 0.794508 0.942685 0.865127 0.565507 0.538665 0.520858 0.593528 0.994262 0.875908 0.662112 0.810858 0.828348 0.816929 0.763401 0.704093 0.911987 0.769987 0.859650 0.859472 0.844462 0.884146 0.915625 0.977180 0.941223 0.867484 0.894345 0.960726 0.949520 0.967796
0.691557 0.642535 0.524296 0.555100 0.936782 0.831339 0.566440 0.670525 0.000000 0.635149 0.704174 0.869855 0.708982 0.888304 0.885701 0.563641 0.620764 0.533218 0.722820 0.973789 0.867869 0.989107 0.639459 0.696389 0.690420 0.543106 0.952923 0.894405 0.728530 0.758984 0.555145 0.753225 0.936510 0.955853 0.859692 0.825989 0.874633 0.895353 0.867116 0.951031 0.687545 0.803294 0.655825 0.816750 0.777068 0.955958 0.999221 0.871780 0.982722 0.947209 0.880698 0.859827 0.752750 0.531976 0.895821 0.822229 0.630741 0.498132 0.654760 0.549561 0.828556 0.976515 0.564343 0.528649 0.610483 0.710849 0.647521 0.993097 0.810560 0.848772 0.546003 0.642285 0.930732 0.965351 0.834851 0.829344 0.579065 0.661484 0.949261 0.858929 0.635155 0.675026 0.921604 0.721560 0.919624 0.847649 0.987055 0.876436 0.854660 0.969245 0.531881 0.462969 0.550015 0.500984 0.919481 0.739898 0.903665 0.796970 0.668108 0.636685 0.979416 0.560485 0.940247 0.943655 0.915286 0.945954 0.847657 0.831519 0.860772 0.878926 0.982454 0.806992 0.746755 0.849780 0.921292 0.774726
0.717298 0.617101 0.709102 0.704709 0.999255 0.658788 0.685816 0.528278 0.635149 0.000000 0.831693 0.952291 0.988262 0.851619 0.643778 0.940319 0.841920 0.657071 0.804136 0.978363 0.971374 0.879559 0.879991 0.938086 0.941515 0.799572 0.790970 0.705430 0.787272 0.884745 0.914262 0.854761 0.854118 0.994605 0.861573 0.924788 0.964016 0.982078 0.966143 0.988228 0.852325 0.858847 0.923131 0.740248 0.676628 0.609353 0.741539 0.641433 0.654855 0.632902 0.690966 0.666926 0.764277 0.965582 0.711882 0.822752 0.547273 0.558509 0.704208 0.727063 0.915385 0.868770 0.660108 0.632287 0.956180 0.754634 0.941168 0.997841 0.768523 0.666193 0.494422 0.563168 0.800347 0.855724 0.919693 0.900640 0.757261 0.881097 0.831006 0.779612 0.655589 0.653003 0.586171 0.562662 0.592611 0.658559 0.732257 0.677871 0.961974 0.681250 0.508437 0.492112 0.545477 0.553426 0.997068 0.798284 0.710705 0.782096 0.826299 0.874984 0.780171 0.840271 0.820073 0.856642 0.990063 0.947271 0.971420 0.847844 0.869092 0.997664 0.863794 0.997835 0.843396 0.857685 0.886263 0.965504
0.479720 0.579393 0.711893 0.773110 0.924177 0.863725 0.881717 0.893024 0.704174 0.831693 0.000000 0.586551 0.954972 0.960584 0.974752 0.816345 0.463290 0.380242 0.778556 0.850728 0.932764 0.995009 0.728081 0.821130 0.602720 0.642491 0.903217 0.976499 0.525898 0.431736 0.965422 0.988713 0.773151 0.680079 0.763682 0.862867 0.957704 0.909851 0.892331 0.955537 0.749977 0.757123 0.800599 0.971978 0.981301 0.861585 0.784159 0.852562 0.863460 0.901118 0.842366 0.947562 0.984964 0.786011 0.761893 0.891467 0.524727 0.483852 0.582598 0.561926 0.553384 0.820487 0.429898 0.407650 0.628776 0.772050 0.990422 0.796420 0.486381 0.542111 0.713672 0.809615 0.952319 0.974654 0.976026 0.926939 0.759827 0.801421 0.687271 0.749462 0.454868 0.409109 0.780153 0.481676 0.960848 0.949012 0.962853 0.837802 0.951081 0.921798 0.590614 0.574261 0.588914 0.518034 0.846481 0.835777 0.998442 0.996133 0.780569 0.678824 0.812652 0.812091 0.984427 0.749155 0.956576 0.995148 0.843563 0.813766 0.833441 0.778313 0.804067 0.851622 0.892409 0.956504 0.883037 0.885104
0.487017 0.488341 0.837366 0.804570 0.988991 0.940069 0.957903 0.941050 0.869855 0.952291 0.586551 0.000000 0.887060 0.813432 0.943562 0.966367 0.531755 0.578207 0.800498 0.857354 0.994540 0.928285 0.765486 0.819354 0.679672 0.768797 0.723120 0.985283 0.578032 0.612404 0.889651 0.896231 0.726088 0.691371 0.887451 0.902686 0.972542 0.972447 0.891991 0.941704 0.777247 0.725694 0.990861 0.915585 0.923353 0.847848 0.620024 0.891978 0.869771 0.868767 0.743897 0.840265 0.995436 0.945269 0.769777 0.844167 0.583465 0.582354 0.499347 0.558553 0.486327 0.568991 0.585886 0.537282 0.657393 0.981023 0.969440 0.697918 0.615184 0.640231 0.963616 0.911723 0.646075 0.658663 0.829294 0.959057 0.889055 0.883929 0.657223 0.799657 0.579484 0.544786 0.893787 0.615173 0.999787 0.990407 0.884335 0.952276 0.908596 0.945852 0.848030 0.809910 0.810260 0.643890 0.909735 0.813405 0.739057 0.923494 0.977066 0.964510 0.970366 0.923561 0.732722 0.751129 0.939791 0.952970 0.994140 0.974127 0.988408 0.827413 0.851305 0.928397 0.890094 0.912182 0.833003 0.883176
0.923631 0.945201 0.647090 0.772862 0.781950 0.740782 0.545353 0.844878 0.708982 0.988262 0.954972 0.887060 0.000000 0.609039 0.461283 0.383223 0.930833 0.966202 0.587455 0.786331 0.871403 0.973690 0.510732 0.591245 0.665991 0.808230 0.993509 0.954748 0.999539 0.983099 0.714151 0.704388 0.564680 0.699514 0.802745 0.864730 0.963571 0.870118 0.892419 0.845027 0.912488 0.908518 0.632721 0.706044 0.620919 0.814541 0.698213 0.916962 0.911836 0.941830 0.755568 0.743740 0.719884 0.757645 0.996920 0.805565 0.979340 0.873566 0.872731 0.743355 0.719971 0.884994 0.898843 0.911621 0.546474 0.627035 0.607178 0.817776 0.921438 0.941185 0.745364 0.805515 0.967829 0.912233 0.938735 0.856002 0.687258 0.729675 0.921944 0.972032 0.943179 0.961545 0.832029 0.894817 0.613745 0.579811 0.843961 0.899228 0.806936 0.939890 0.669784 0.699011 0.666231 0.784855 0.898918 0.864471 0.945223 0.971924 0.644527 0.582567 0.925959 0.681683 0.969984 0.960884 0.656065 0.843536 0.902270 0.988061 0.836882 0.978998 0.991539 0.837856 0.768213 0.977939 0.689386 0.887860
0.905586 0.864800 0.839473 0.824047 0.942674 0.974944 0.827894 0.976787 0.888304 0.851619 0.960584 0.813432 0.609039 0.000000 0.569453 0.614484 0.851960 0.962615 0.781260 0.769897 0.919749 0.816959 0.589687 0.593366 0.794722 0.894979 0.847244 0.921839 0.890524 0.962484 0.878165 0.773727 0.634473 0.882164 0.749295 0.829095 0.904765 0.889322 0.965984 0.969645 0.935679 0.889235 0.737155 0.739269 0.672412 0.738662 0.825969 0.792360 0.783430 0.704782 0.757752 0.622826 0.723097 0.657934 0.920757 0.978313 0.911688 0.988766 0.926575 0.993135 0.898700 0.917214 0.958294 0.947436 0.710262 0.791426 0.805202 0.815620 0.984269 0.783418 0.995846 0.973977 0.964347 0.959934 0.891857 0.784830 0.808643 0.803439 0.867798 0.975209 0.933389 0.956663 0.752056 0.785518 0.694013 0.650092 0.837420 0.826830 0.911826 0.756449 0.950740 0.934351 0.928207 0.988964 0.942866 0.938298 0.987373 0.907770 0.938605 0.751574 0.963204 0.951840 0.907868 0.941294 0.616481 0.769814 0.868765 0.951393 0.953518 0.825946 0.884001 0.991520 0.992377 0.969670 0.814870 0.910325
0.960024 0.922184 0.857590 0.950073 0.845402 0.976508 0.801181 0.833212 0.885701 0.643778 0.974752 0.943562 0.461283 0.569453 0.000000 0.502899 0.867864 0.961082 0.774549 0.935811 0.904989 0.946393 0.411973 0.559729 0.721643 0.837923 0.703942 0.840996 0.873760 0.980025 0.802235 0.834328 0.639809 0.861945 0.654442 0.842459 0.974393 0.952145 0.866134 0.985577 0.937505 0.991913 0.712388 0.748870 0.539800 0.702159 0.769946 0.820229 0.757709 0.763284 0.721532 0.632510 0.643106 0.681536 0.809946 0.830869 0.928395 0.990551 0.925573 0.797271 0.848716 0.848104 0.971581 0.988784 0.502769 0.839504 0.655833 0.961271 0.924148 0.938173 0.915414 0.830308 0.874035 0.846586 0.863380 0.986489 0.918830 0.791878 0.924299 0.980042 0.969041 0.892681 0.557198 0.763697 0.433863 0.435787 0.683800 0.694469 0.795552 0.772882 0.947164 0.954748 0.910744 0.949017 0.880698 0.892248 0.811583 0.804083 0.918214 0.759236 0.883791 0.853084 0.799753 0.999666 0.745021 0.910838 0.904862 0.907257 0.971784 0.989343 0.960032 0.877419 0.894427 0.935803 0.738566 0.958959
0.904888 0.933342 0.594018 0.673523 0.801461 0.735674 0.556461 0.807225 0.563641 0.940319 0.816345 0.966367 0.383223 0.614484 0.502899 0.000000 0.735685 0.770420 0.710333 0.866969 0.856969 0.979816 0.424119 0.508230 0.559679 0.644371 0.881134 0.959547 0.850828 0.836594 0.596991 0.661824 0.635649 0.869603 0.739105 0.800639 0.907091 0.784050 0.840302 0.825231 0.884147 0.958599 0.530725 0.685627 0.576812 0.800905 0.767318 0.926984 0.867386 0.876847 0.720646 0.684146 0.618019 0.577110 0.973378 0.735892 0.880481 0.717402 0.796201 0.623695 0.924487 0.981172 0.728020 0.734068 0.449545 0.641248 0.551166 0.904248 0.834601 0.880586 0.670166 0.778757 0.990602 0.950784 0.833770 0.780697 0.589890 0.664289 0.935151 0.918377 0.794433 0.897347 0.804106 0.971544 0.615445 0.577156 0.892653 0.961037 0.900117 0.864605 0.577962 0.578117 0.583020 0.623533 0.930220 0.773596 0.955924 0.909816 0.682509 0.517418 0.879403 0.608405 0.996272 0.984279 0.634666 0.815343 0.978566 0.859081 0.839583 0.976050 0.985199 0.810625 0.682535 0.983990 0.665690 0.720794
0.432364 0.477668 0.526267 0.543350 0.965739 0.953184 0.745740 0.770092 0.620764 0.841920 0.463290 0.531755 0.930833 0.851960 0.867864 0.735685 0.000000 0.330690 0.853076 0.915828 0.976460 0.951278 0.584032 0.620987 0.470538 0.496788 0.786824 0.926099 0.547359 0.416779 0.769730 0.885693 0.939924 0.700679 0.832362 0.872780 0.939642 0.983459 0.809454 0.992183 0.696513 0.784090 0.711857 0.931194 0.928119 0.913239 0.784718 0.902097 0.916524 0.977550 0.907379 0.970082 0.783828 0.624796 0.806412 0.887313 0.479970 0.373713 0.462923 0.512393 0.511204 0.814969 0.327929 0.321822 0.498016 0.708861 0.833362 0.831284 0.529499 0.644728 0.709841 0.781239 0.834716 0.889731 0.895482 0.928964 0.745628 0.706107 0.665984 0.663591 0.361851 0.404128 0.806439 0.538564 0.996983 0.909529 0.980761 0.849576 0.989337 0.952235 0.597451 0.540589 0.530651 0.445318 0.818333 0.694349 0.919904 0.945770 0.824570 0.687222 0.808614 0.746288 0.908597 0.699979 0.856995 0.952343 0.819366 0.912301 0.961437 0.863735 0.965511 0.964855 0.880844 0.948517 0.958652 0.819557
0.409959 0.456924 0.504225 0.571495 0.994898 0.822143 0.727098 0.693777 0.533218 0.657071 0.380242 0.578207 0.966202 0.962615 0.961082 0.770420 0.330690 0.000000 0.874149 0.893314 0.913522 0.961250 0.736199 0.754745 0.543882 0.506382 0.946621 0.850214 0.489073 0.402078 0.814942 0.893427 0.871229 0.714436 0.876436 0.921017 0.968125 0.949945 0.832530 0.982157 0.654468 0.744885 0.725289 0.968107 0.985757 0.836017 0.705256 0.793572 0.839265 0.888853 0.854409 0.936348 0.935209 0.668468 0.663677 0.928776 0.411764 0.327203 0.485327 0.492623 0.512463 0.934346 0.267759 0.261854 0.589615 0.663668 0.887278 0.826887 0.519574 0.605663 0.538322 0.613946 0.911162 0.986536 0.922256 0.879894 0.659447 0.739265 0.664221 0.653862 0.335851 0.311547 0.644032 0.417414 0.840865 0.903479 0.925706 0.735667 0.983721 0.914834 0.492833 0.460404 0.470911 0.433810 0.851335 0.742995 0.927036 0.826941 0.713661 0.639304 0.754294 0.753100 0.981700 0.761144 0.914178 0.959640 0.730417 0.831816 0.861995 0.876740 0.853382 0.946681 0.801801 0.938081 0.905578 0.802359
0.824261 0.846627 0.835540 0.813261 0.982903 0.830578 0.616358 0.704836 0.722820 0.804136 0.778556 0.800498 0.587455 0.781260 0.774549 0.710333 0.853076 0.874149 0.000000 0.677419 0.960915 0.852556 0.801338 0.876075 0.947466 0.970734 0.899353 0.990808 0.741379 0.669718 0.754766 0.674227 0.717879 0.534697 0.947579 0.849650 0.907484 0.961322 0.975474 0.996464 0.970535 0.835142 0.882555 0.910548 0.850715 0.912593 0.861164 0.995353 0.956885 0.905985 0.880406 0.835409 0.850688 0.908326 0.953545 0.876784 0.951111 0.997204 0.958910 0.994607 0.708839 0.952272 0.846913 0.920259 0.935088 0.907228 0.726848 0.854610 0.899307 0.951743 0.780748 0.874974 0.865338 0.890773 0.842157 0.984017 0.850261 0.823320 0.839248 0.912116 0.872122 0.843557 0.899002 0.861340 0.825581 0.822614 0.902100 0.862139 0.895899 0.987116 0.783988 0.749667 0.740580 0.863725 0.861862 0.993704 0.852525 0.980588 0.853839 0.879174 0.936984 0.765386 0.954932 0.930309 0.910718 0.865973 0.964735 0.840712 0.912170 0.988183 0.882062 0.921246 0.863921 0.923871 0.772993 0.857194
0.769131 0.847056 0.908026 0.835347 0.997905 0.849270 0.941169 0.847305 0.973789 0.978363 0.850728 0.857354 0.786331 0.769897 0.935811 0.866969 0.915828 0.893314 0.677419 0.000000 0.950929 0.976195 0.912007 0.858721 0.981946 0.985405 0.983015 0.972065 0.914139 0.830758 0.968564 0.856232 0.954232 0.926344 0.956609 0.905661 0.941867 0.881123 0.879226 0.933596 0.896841 0.814449 0.902002 0.800030 0.940450 0.868197 0.906313 0.862965 0.911351 0.807125 0.898468 0.867545 0.884853 0.943692 0.986010 0.896178 0.828324 0.957928 0.984435 0.969175 0.970173 0.989886 0.963914 0.984290 0.991976 0.952607 0.924253 0.869865 0.834334 0.860716 0.949455 0.919838 0.919672 0.957218 0.938512 0.982025 0.954736 0.881621 0.895797 0.966160 0.913129 0.877626 0.938990 0.880304 0.966759 0.945954 0.991170 0.814146 0.997566 0.830433 0.997153 0.981108 0.987600 0.983916 0.968264 0.801300 0.926109 0.949888 0.979882 0.974922 0.965820 0.919274 0.988436 0.851751 0.871681 0.839226 0.821483 0.991266 0.981695 0.988415 0.885636 0.937666 0.996589 0.869164 0.920250 0.895507
0.919059 0.963881 0.919952 0.940807 0.912091 0.824412 0.977083 0.981741 0.867869 0.971374 0.932764 0.994540 0.871403 0.919749 0.904989 0.856969 0.976460 0.913522 0.960915 0.950929 0.000000 0.888612 0.962270 0.951125 0.953908 0.896252 0.992414 0.924147 0.995630 0.928272 0.737330 0.983867 0.839140 0.835318 0.911711 0.938128 0.775484 0.750103 0.808230 0.829021 0.906608 0.921584 0.769339 0.887226 0.797298 0.866360 0.924419 0.976676 0.878248 0.925092 0.876188 0.897302 0.842621 0.920103 0.943011 0.987939 0.971018 0.988292 0.998370 0.953173 0.937886 0.980810 0.909191 0.917260 0.957404 0.950726 0.838969 0.878939 0.951571 0.846698 0.852308 0.942186 0.917031 0.923351 0.911098 0.844139 0.880982 0.896510 0.960220 0.940570 0.998929 0.932019 0.981780 0.994076 0.990710 0.975339 0.970046 0.888996 0.956060 0.965876 0.948670 0.945819 0.904422 0.973145 0.923356 0.929303 0.957838 0.988287 0.925417 0.906352 0.895255 0.954974 0.896427 0.792583 0.900956 0.917670 0.999512 0.947926 0.953052 0.854041 0.914579 0.980296 0.858440 0.965762 0.908820 0.802809
0.920092 0.929173 0.870834 0.985165 0.888915 0.993773 0.939816 0.992402 0.989107 0.879559 0.995009 0.928285 0.973690 0.816959 0.946393 0.979816 0.951278 0.961250 0.852556 0.976195 0.888612 0.000000 0.967745 0.915981 0.967965 0.916814 0.989291 0.883774 0.947022 0.935639 0.871012 0.973255 0.947570 0.956012 0.940435 0.955044 0.706823 0.888642 0.962121 0.820501 0.904689 0.950348 0.812634 0.859927 0.833095 0.878196 0.781609 0.899790 0.911778 0.969349 0.827301 0.904380 0.821992 0.918809 0.811594 0.827353 0.902277 0.949290 0.914301 0.973736 0.921155 0.889156 0.982117 0.924723 0.972978 0.926660 0.907873 0.807757 0.940302 0.927998 0.900729 0.993114 0.944300 0.941085 0.867132 0.935796 0.971133 0.990774 0.855661 0.978576 0.920798 0.839333 0.905770 0.930606 0.929585 0.894393 0.976690 0.966627 0.959338 0.989708 0.933605 0.987400 0.964073 0.948887 0.878079 0.891303 0.986610 0.905717 0.823803 0.930776 0.988414 0.902819 0.905652 0.843889 0.992142 0.886183 0.973258 0.983170 0.956355 0.895454 0.889943 0.937364 0.985637 0.999311 0.922349 0.911351
0.788141 0.833817 0.590279 0.601592 0.781700 0.918022 0.597334 0.913764 0.639459 0.879991 0.728081 0.765486 0.510732 0.589687 0.411973 0.424119 0.584032 0.736199 0.801338 0.912007 0.962270 0.967745 0.000000 0.337982 0.453524 0.617539 0.601687 0.810237 0.791903 0.728391 0.702986 0.803083 0.715552 0.964376 0.580654 0.724239 0.898357 0.885709 0.834302 0.973534 0.855413 0.861274 0.595526 0.730875 0.605139 0.832955 0.916705 0.854109 0.887762 0.819957 0.834002 0.652249 0.569755 0.563795 0.972895 0.846474 0.838441 0.719779 0.711676 0.614202 0.883640 0.770157 0.717949 0.693411 0.286317 0.667067 0.548628 0.992017 0.762354 0.872341 0.881131 0.962951 0.847836 0.793315 0.872869 0.899645 0.707089 0.644315 0.911511 0.886894 0.741310 0.854541 0.671990 0.982749 0.422352 0.385087 0.755180 0.789791 0.787956 0.693020 0.676262 0.648283 0.648780 0.628020 0.999975 0.706159 0.843974 0.879876 0.850585 0.602252 0.950787 0.668677 0.768800 0.815035 0.622710 0.858883 0.965460 0.970037 0.848113 0.982753 0.970107 0.921735 0.758431 0.888756 0.784234 0.831884
0.794691 0.808515 0.551136 0.562302 0.790172 0.997554 0.626578 0.856496 0.696389 0.938086 0.821130 0.819354 0.591245 0.593366 0.559729 0.508230 0.620987 0.754745 0.876075 0.858721 0.951125 0.915981 0.337982 0.000000 0.439446 0.683989 0.582765 0.919784 0.779797 0.751462 0.759588 0.837984 0.869966 0.947701 0.702555 0.795152 0.939672 0.767877 0.811959 0.961389 0.850718 0.897315 0.706856 0.796739 0.737121 0.927402 0.990302 0.848202 0.977861 0.875348 0.908828 0.773150 0.662348 0.643983 0.971832 0.891661 0.878807 0.734816 0.696239 0.656662 0.834620 0.804684 0.725424 0.703741 0.371820 0.703586 0.571965 0.900526 0.799229 0.881249 0.888240 0.986992 0.825230 0.766764 0.884506 0.943201 0.770549 0.711776 0.907060 0.882620 0.761718 0.895451 0.741335 0.988361 0.524640 0.424279 0.803590 0.767094 0.673426 0.639487 0.740140 0.740358 0.763514 0.680501 0.968176 0.725871 0.852635 0.985941 0.942147 0.677246 0.963572 0.764702 0.718604 0.819428 0.698238 0.766636 0.923731 0.988556 0.879421 0.967782 0.969551 0.998480 0.866158 0.872543 0.822681 0.844429
0.667184 0.729241 0.411822 0.442285 0.921781 0.861735 0.551062 0.672553 0.690420 0.941515 0.602720 0.679672 0.665991 0.794722 0.721643 0.559679 0.470538 0.543882 0.947466 0.981946 0.953908 0.967965 0.453524 0.439446 0.000000 0.462335 0.742379 0.873665 0.585220 0.493563 0.687448 0.818766 0.837111 0.892685 0.760466 0.870024 0.845012 0.846159 0.755235 0.789245 0.770514 0.828727 0.618195 0.791186 0.838024 0.984342 0.971676 0.941744 0.919548 0.999628 0.986693 0.875855 0.732444 0.752758 0.992482 0.940377 0.728083 0.541841 0.551379 0.540094 0.681894 0.844093 0.465884 0.498620 0.328623 0.591452 0.583013 0.994925 0.687337 0.685466 0.749416 0.811088 0.837228 0.805243 0.983889 0.953631 0.682090 0.634425 0.748849 0.902481 0.611830 0.663858 0.984654 0.813628 0.710503 0.604811 0.803506 0.988853 0.816780 0.788236 0.599399 0.583011 0.552230 0.508153 0.904389 0.723826 0.947848 0.965614 0.817413 0.616958 0.837618 0.724658 0.843161 0.700130 0.645398 0.911059 0.785096 0.932259 0.909842 0.987729 0.905778 0.946849 0.849146 0.984886 0.934481 0.770341
0.688644 0.712896 0.485696 0.475655 0.896880 0.755937 0.667867 0.650515 0.543106 0.799572 0.642491 0.768797 0.808230 0.894979 0.837923 0.644371 0.496788 0.506382 0.970734 0.985405 0.896252 0.916814 0.617539 0.683989 0.462335 0.000000 0.856636 0.845829 0.723654 0.581533 0.668763 0.725417 0.864782 0.900140 0.725339 0.911655 0.774391 0.904311 0.728284 0.740119 0.700176 0.811893 0.619585 0.803029 0.831395 0.987619 0.958510 0.925394 0.986119 0.921116 0.937634 0.843916 0.737903 0.646800 0.990381 0.927993 0.620539 0.534700 0.634123 0.603148 0.685082 0.915927 0.460043 0.492049 0.519279 0.663787 0.605148 0.917082 0.757938 0.779662 0.691145 0.744084 0.951326 0.944028 0.936113 0.967672 0.557064 0.600549 0.827346 0.833133 0.619298 0.629684 0.909470 0.754687 0.920438 0.802241 0.978858 0.893804 0.988346 0.850272 0.639603 0.567806 0.573929 0.528292 0.892769 0.790168 0.917930 0.828393 0.760245 0.641737 0.855200 0.730507 0.936489 0.870320 0.729080 0.909727 0.827284 0.855655 0.971783 0.985376 0.980409 0.958848 0.795575 0.889453 0.936661 0.759082
0.912834 0.852216 0.949966 0.910083 0.888721 0.777256 0.912988 0.780271 0.952923 0.790970 0.903217 0.723120 0.993509 0.847244 0.703942 0.881134 0.786824 0.946621 0.899353 0.983015 0.992414 0.989291 0.601687 0.582765 0.742379 0.856636 0.000000 0.889223 0.916112 0.859646 0.969517 0.914923 0.899689 0.800000 0.777632 0.713650 0.906228 0.860340 0.943683 0.960645 0.966247 0.877131 0.954359 0.966625 0.827465 0.901854 0.921424 0.875862 0.920800 0.922014 0.966239 0.899167 0.744375 0.807801 0.918258 0.983582 0.932328 0.903659 0.821403 0.783317 0.788033 0.736555 0.901269 0.861676 0.628360 0.978614 0.937549 0.799477 0.919507 0.985051 0.848603 0.637874 0.733370 0.632624 0.852552 0.933852 0.988760 0.898603 0.815748 0.873311 0.893330 0.945537 0.676887 0.903746 0.680504 0.660316 0.778417 0.828540 0.843785 0.662964 0.941442 0.947673 0.923904 0.982030 0.940957 0.727195 0.698617 0.894138 0.819426 0.943716 0.876901 0.979058 0.698415 0.883148 0.921233 0.871027 0.864934 0.911369 0.961843 0.991948 0.960836 0.953391 0.929495 0.900087 0.881088 0.900335
0.858203 0.775033 0.961560 0.979381 0.995076 0.948921 0.938732 0.912163 0.894405 0.705430 0.976499 0.985283 0.954748 0.921839 0.840996 0.959547 0.926099 0.850214 0.990808 0.972065 0.924147 0.883774 0.810237 0.919784 0.873665 0.845829 0.889223 0.000000 0.891832 0.970004 0.946481 0.953944 0.785419 0.996853 0.794649 0.816524 0.969172 0.929990 0.902391 0.848004 0.964247 0.835252 0.856598 0.831172 0.815734 0.863034 0.930010 0.806450 0.813886 0.794080 0.846456 0.721653 0.771855 0.970305 0.793733 0.979596 0.873414 0.799341 0.875669 0.952069 0.936621 0.835639 0.918271 0.856169 0.831677 0.997847 0.817813 0.859837 0.946082 0.888784 0.797637 0.777612 0.874956 0.884982 0.868159 0.845560 0.864954 0.899591 0.903052 0.901053 0.881006 0.862089 0.772874 0.807872 0.665477 0.698902 0.850539 0.803414 0.951141 0.758999 0.874439 0.882413 0.935286 0.992829 0.894510 0.917641 0.849079 0.909769 0.923881 0.993766 0.971886 0.989513 0.896665 0.939457 0.826977 0.936679 0.929435 0.895002 0.887647 0.944317 0.823063 0.977675 0.955662 0.965094 0.999698 0.963271
0.595032 0.567020 0.671324 0.680537 0.887312 0.917083 0.877643 0.812222 0.728530 0.787272 0.525898 0.578032 0.999539 0.890524 0.873760 0.850828 0.547359 0.489073 0.741379 0.914139 0.995630 0.947022 0.791903 0.779797 0.585220 0.723654 0.916112 0.891832 0.000000 0.421652 0.920795 0.934128 0.779740 0.675598 0.883245 0.883127 0.776241 0.829277 0.863015 0.852327 0.817198 0.718539 0.780380 0.930198 0.954556 0.840748 0.854605 0.932411 0.830233 0.850347 0.876795 0.959484 0.971340 0.845456 0.713222 0.951673 0.682028 0.586428 0.671622 0.666171 0.608993 0.988162 0.456226 0.501890 0.625753 0.707038 0.916155 0.882885 0.695760 0.675757 0.663163 0.822331 0.841220 0.984229 0.951772 0.885608 0.748424 0.831388 0.714821 0.822391 0.543187 0.550685 0.736975 0.566731 0.982440 0.998663 0.956347 0.837463 0.925561 0.986775 0.648882 0.631634 0.718285 0.638383 0.887409 0.694361 0.987368 0.759581 0.843503 0.696458 0.753030 0.768062 0.994516 0.813541 0.871506 0.893049 0.751677 0.927288 0.849302 0.934333 0.801873 0.934937 0.833832 0.939024 0.980768 0.667973
0.573419 0.593760 0.680221 0.719876 0.880151 0.908761 0.893791 0.869857 0.758984 0.884745 0.431736 0.612404 0.983099 0.962484 0.980025 0.836594 0.416779 0.402078 0.669718 0.830758 0.928272 0.935639 0.728391 0.751462 0.493563 0.581533 0.859646 0.970004 0.421652 0.000000 0.992337 0.903321 0.844837 0.624151 0.815601 0.987328 0.839275 0.922706 0.849761 0.862568 0.787843 0.718686 0.730436 0.971239 0.967589 0.858511 0.815963 0.955989 0.917091 0.904015 0.879937 0.992253 0.915942 0.811446 0.795590 0.957908 0.621411 0.543862 0.624478 0.608628 0.538151 0.962129 0.385642 0.445996 0.542362 0.680440 0.931260 0.877689 0.618223 0.643564 0.777300 0.823042 0.794688 0.889386 0.919964 0.968995 0.777960 0.859552 0.640921 0.716621 0.486015 0.491326 0.789927 0.566663 0.947647 0.953208 0.859921 0.796677 0.980695 0.935270 0.679601 0.633837 0.656547 0.581860 0.840921 0.821069 0.912718 0.910256 0.857174 0.711212 0.707908 0.884753 0.920268 0.737573 0.821840 0.986032 0.729392 0.958599 0.900272 0.811034 0.889581 0.969824 0.844728 0.918028 0.887709 0.738502
0.942403 0.913354 0.596921 0.591569 0.862310 0.881644 0.583694 0.714437 0.555145 0.914262 0.965422 0.889651 0.714151 0.878165 0.802235 0.596991 0.769730 0.814942 0.754766 0.968564 0.737330 0.871012 0.702986 0.759588 0.687448 0.668763 0.969517 0.946481 0.920795 0.992337 0.000000 0.600977 0.643113 0.696466 0.980830 0.802544 0.746247 0.728338 0.798996 0.762315 0.933408 0.965069 0.600482 0.647475 0.606379 0.731975 0.874676 0.887159 0.824581 0.783476 0.674816 0.706935 0.630888 0.620799 0.848172 0.763283 0.900900 0.747072 0.814905 0.773017 0.925756 0.890162 0.784586 0.764686 0.719348 0.913768 0.564362 0.805115 0.947483 0.980099 0.705851 0.829754 0.980698 0.979994 0.817371 0.874440 0.613586 0.698674 0.804044 0.880432 0.938231 0.926396 0.915226 0.989232 0.866343 0.751365 0.957833 0.892068 0.878584 0.924758 0.763455 0.682543 0.697021 0.658093 0.913480 0.768995 0.912424 0.871067 0.717668 0.742954 0.993236 0.633653 0.966726 0.988788 0.831393 0.958863 0.938930 0.902880 0.959565 0.991522 0.985389 0.886652 0.821364 0.926955 0.753826 0.807888
0.993262 0.963112 0.671108 0.627175 0.765839 0.834743 0.545897 0.591139 0.753225 0.854761 0.988713 0.896231 0.704388 0.773727 0.834328 0.661824 0.885693 0.893427 0.674227 0.856232 0.983867 0.973255 0.803083 0.837984 0.818766 0.725417 0.914923 0.953944 0.934128 0.903321 0.600977 0.000000 0.608859 0.771742 0.982776 0.918245 0.937012 0.903050 0.908721 0.880143 0.989499 0.970714 0.698946 0.728982 0.820637 0.821739 0.799709 0.928958 0.907095 0.771366 0.773075 0.765043 0.781136 0.790981 0.861319 0.850430 0.987378 0.853681 0.965550 0.934216 0.922920 0.973081 0.935236 0.883106 0.836594 0.863398 0.718387 0.790860 0.901651 0.908515 0.847009 0.864056 0.811444 0.901924 0.963812 0.870399 0.760777 0.824755 0.777068 0.890518 0.974614 0.988750 0.996619 0.995320 0.935256 0.831688 0.785680 0.969309 0.978067 0.946712 0.825240 0.741718 0.735036 0.845808 0.830510 0.996206 0.832905 0.925867 0.851676 0.782226 0.966751 0.805301 0.895831 0.970879 0.746613 0.817282 0.993461 0.963879 0.957508 0.893608 0.939066 0.882828 0.886201 0.957435 0.702306 0.986890
0.782748 0.704178 0.774383 0.819436 0.986717 0.827078 0.616574 0.784220 0.936510 0.854118 0.773151 0.726088 0.564680 0.634473 0.639809 0.635649 0.939924 0.871229 0.717879 0.954232 0.839140 0.947570 0.715552 0.869966 0.837111 0.864782 0.899689 0.785419 0.779740 0.844837 0.643113 0.608859 0.000000 0.619046 0.905894 0.933419 0.942622 0.844005 0.938842 0.782147 0.885893 0.885956 0.670693 0.666337 0.657087 0.721164 0.632722 0.795197 0.825384 0.787744 0.662864 0.649970 0.705126 0.850134 0.779858 0.800871 0.798704 0.882842 0.840277 0.913950 0.639549 0.797789 0.883422 0.865975 0.784238 0.730996 0.648123 0.581530 0.888987 0.788481 0.998672 0.921934 0.879687 0.873478 0.995955 0.866447 0.860943 0.750825 0.769450 0.812016 0.811149 0.766325 0.770079 0.697333 0.659786 0.636955 0.986751 0.938733 0.996854 0.884708 0.927031 0.931915 0.854433 0.995524 0.908260 0.959583 0.837988 0.977013 0.804007 0.764643 0.832052 0.873094 0.854111 0.988043 0.601990 0.883074 0.987366 0.872273 0.981276 0.796786 0.988252 0.904192 0.908111 0.973662 0.703720 0.944859
0.622757 0.661389 0.940986 0.982222 0.837483 0.870232 0.754007 0.811117 0.955853 0.994605 0.680079 0.691371 0.699514 0.882164 0.861945 0.869603 0.700679 0.714436 0.534697 0.926344 0.835318 0.956012 0.964376 0.947701 0.892685 0.900140 0.800000 0.996853 0.675598 0.624151 0.696466 0.771742 0.619046 0.000000 0.873942 0.991819 0.961800 0.834936 0.988248 0.919557 0.927849 0.803196 0.865794 0.798191 0.760868 0.757196 0.649139 0.842443 0.847422 0.899416 0.746694 0.828162 0.839783 0.995622 0.736526 0.935234 0.689026 0.776039 0.735348 0.762484 0.527697 0.766526 0.708545 0.714733 0.882802 0.991574 0.766616 0.638471 0.676065 0.821704 0.956070 0.882656 0.730754 0.803460 0.784162 0.989306 0.865151 0.845837 0.696593 0.659594 0.617937 0.662667 0.918834 0.707581 0.913705 0.867410 0.933420 0.965165 0.921156 0.909108 0.993274 0.987890 0.983610 0.855991 0.889468 0.925659 0.798794 0.998663 0.817138 0.991719 0.952911 0.849917 0.844922 0.829557 0.935292 0.864178 0.942924 0.894189 0.901645 0.866644 0.981027 0.946399 0.919479 0.838871 0.793529 0.852556
0.948432 0.980453 0.890917 0.965177 0.876267 0.954262 0.994985 0.816486 0.859692 0.861573 0.763682 0.887451 0.802745 0.749295 0.654442 0.739105 0.832362 0.876436 0.947579 0.956609 0.911711 0.940435 0.580654 0.702555 0.760466 0.725339 0.777632 0.794649 0.883245 0.815601 0.980830 0.982776 0.905894 0.873942 0.000000 0.869542 0.835874 0.983727 0.750498 0.963075 0.897895 0.885098 0.668701 0.787755 0.642259 0.747979 0.818419 0.822880 0.750339 0.765843 0.802292 0.683512 0.765509 0.716566 0.967788 0.890737 0.983536 0.975684 0.965201 0.900178 0.972219 0.895803 0.885886 0.905435 0.627762 0.841828 0.768841 0.929591 0.980306 0.990370 0.911160 0.885583 0.906569 0.945892 0.897496 0.800766 0.804183 0.678770 0.960304 0.970724 0.927633 0.861006 0.825006 0.961596 0.654593 0.689758 0.833749 0.977927 0.888411 0.788153 0.926521 0.999275 0.945611 0.983241 0.906314 0.841487 0.831706 0.973821 0.880939 0.674451 0.990093 0.959390 0.994645 0.946154 0.739551 0.937517 0.988460 0.983991 0.784874 0.878070 0.916503 0.823163 0.818449 0.973469 0.842135 0.828540
0.977256 0.998116 0.871191 0.839709 0.929982 0.986628 0.956506 0.986169 0.825989 0.924788 0.862867 0.902686 0.864730 0.829095 0.842459 0.800639 0.872780 0.921017 0.849650 0.905661 0.938128 0.955044 0.724239 0.795152 0.870024 0.911655 0.713650 0.816524 0.883127 0.987328 0.802544 0.918245 0.933419 0.991819 0.869542 0.000000 0.910822 0.981437 0.824117 0.993540 0.998652 0.892843 0.843094 0.895122 0.798133 0.923270 0.978366 0.912787 0.939563 0.914156 0.979447 0.842562 0.784091 0.894215 0.910705 0.988512 0.973815 0.930478 0.971883 0.889025 0.948872 0.926644 0.903547 0.899278 0.776353 0.918816 0.938514 0.901356 0.879545 0.932896 0.971772 0.803518 0.875434 0.997244 0.904375 0.880857 0.894845 0.963456 0.928295 0.998074 0.897641 0.916050 0.825094 0.976500 0.818876 0.804249 0.893211 0.988832 0.926017 0.902929 0.912859 0.896390 0.900876 0.885070 0.920026 0.718364 0.971596 0.984400 0.972799 0.844002 0.958846 0.725583 0.878692 0.927210 0.865373 0.804574 0.920503 0.992770 0.891908 0.970934 0.926844 0.921714 0.930651 0.951937 0.698282 0.993380
0.899496 0.971690 0.839547 0.812025 0.925369 0.962736 0.965767 0.946275 0.874633 0.964016 0.957704 0.972542 0.963571 0.904765 0.974393 0.907091 0.939642 0.968125 0.907484 0.941867 0.775484 0.706823 0.898357 0.939672 0.845012 0.774391 0.906228 0.969172 0.776241 0.839275 0.746247 0.937012 0.942622 0.961800 0.835874 0.910822 0.000000 0.822326 0.834540 0.702033 0.915084 0.934012 0.635748 0.651248 0.719435 0.740837 0.779245 0.737255 0.741880 0.811714 0.758205 0.798145 0.808408 0.832967 0.766628 0.786070 0.888690 0.992067 0.992859 0.973623 0.872388 0.942003 0.902325 0.948768 0.894073 0.961335 0.808551 0.872989 0.940006 0.929662 0.922861 0.951378 0.939441 0.982889 0.944837 0.897549 0.822546 0.909954 0.942639 0.771852 0.942505 0.926086 0.943603 0.970598 0.902309 0.910454 0.966136 0.881526 0.955236 0.832676 0.984123 0.986676 0.971982 0.969885 0.872902 0.889672 0.878814 0.902423 0.831683 0.875471 0.937877 0.996355 0.882635 0.910095 0.921373 0.957667 0.945594 0.987076 0.964896 0.948760 0.963063 0.953129 0.863224 0.919867 0.821163 0.764633
0.798428 0.968546 0.817798 0.870758 0.865688 0.916340 0.922918 0.932507 0.895353 0.982078 0.909851 0.972447 0.870118 0.889322 0.952145 0.784050 0.983459 0.949945 0.961322 0.881123 0.750103 0.888642 0.885709 0.767877 0.846159 0.904311 0.860340 0.929990 0.829277 0.922706 0.728338 0.903050 0.844005 0.834936 0.983727 0.981437 0.822326 0.000000 0.988094 0.647636 0.934705 0.926873 0.731682 0.691003 0.744901 0.714649 0.860922 0.766952 0.772017 0.824180 0.742017 0.740586 0.724921 0.795446 0.893248 0.764592 0.822483 0.988559 0.997547 0.995503 0.985505 0.948193 0.948135 0.965480 0.858656 0.975475 0.820042 0.950314 0.838840 0.843522 0.882117 0.973670 0.967020 0.956306 0.845864 0.770971 0.840041 0.831743 0.972740 0.998514 0.867931 0.893761 0.826353 0.824293 0.872211 0.811131 0.947385 0.984721 0.739569 0.783366 0.960467 0.988898 0.973659 0.995106 0.985740 0.848230 0.964134 0.824651 0.971276 0.915172 0.819763 0.907830 0.890189 0.848588 0.898967 0.906318 0.923796 0.921864 0.990634 0.842157 0.794925 0.955866 0.899183 0.942465 0.953191 0.809488
