0.000000 0.484656 0.862517 0.838689 0.991716 0.979158 0.821762 0.806036 0.865001 0.968887 0.691695 0.700252 0.988647 0.946002 0.889063 0.974567 0.561435 0.507061 0.563640 0.583557 0.877067 0.940119 0.871935 0.999392 0.770008 0.827348 0.993701 0.881524 0.667595 0.809934 0.869750 0.944143 0.716673 0.546228 0.852675 0.962933 0.861121 0.854875 0.833289 0.919417 0.950945 0.764439 0.601112 0.509904 0.868836 0.741633 0.621110 0.661221 0.815116 0.879702 0.908304 0.987472 0.825434 0.660921 0.766764 0.871876 0.425501 0.493419 0.475055 0.557407 0.805997 0.761331 0.685941 0.726744 0.835343 0.801090 0.622485 0.659798 0.594355 0.605297 0.743270 0.846500 0.596106 0.632823 0.965451 0.891287 0.639146 0.764619 0.796273 0.712485 0.539902 0.529913 0.882524 0.649406 0.804175 0.779455 0.766462 0.986234 0.865431 0.688401 0.847026 0.918924 0.883121 0.977356 0.931588 0.773525 0.692165 0.788995 0.861220 0.739106 0.781623 0.937974 0.746074 0.596047 0.820916 0.887467 0.948633 0.978915 0.864291 0.731603 0.764043 0.947136 0.857043 0.966453 0.796678 0.761501
0.484656 0.000000 0.982263 0.822665 0.996989 0.950947 0.942140 0.701311 0.782240 0.805200 0.848899 0.543523 0.929640 0.864083 0.985015 0.822122 0.564064 0.501920 0.631017 0.559732 0.910545 0.952703 0.944473 0.982015 0.893614 0.962979 0.918017 0.902235 0.608541 0.701831 0.784705 0.925546 0.614435 0.513425 0.879834 0.970535 0.815869 0.768332 0.943389 0.910304 0.950612 0.819857 0.568677 0.482112 0.671393 0.585378 0.571215 0.525570 0.746621 0.764218 0.747008 0.825094 0.972051 0.843996 0.721585 0.914765 0.396776 0.356034 0.547690 0.607485 0.746518 0.632627 0.592414 0.530922 0.895561 0.872767 0.736803 0.693880 0.774347 0.546105 0.540182 0.659815 0.752999 0.720677 0.948632 0.921577 0.569758 0.742445 0.599304 0.695355 0.455194 0.538161 0.818139 0.634649 0.885884 0.858933 0.865881 0.983247 0.844275 0.790888 0.866906 0.829436 0.922131 0.903771 0.782686 0.786892 0.638496 0.726942 0.712083 0.744018 0.800136 0.872306 0.677514 0.697144 0.812915 0.823095 0.941002 0.979118 0.921293 0.745926 0.717738 0.849262 0.831303 0.830420 0.743758 0.887728
0.862517 0.982263 0.000000 0.421690 0.849127 0.926708 0.350948 0.698901 0.721861 0.857467 0.981938 0.850434 0.643964 0.938683 0.811759 0.958871 0.969856 0.900095 0.670972 0.961016 0.704209 0.890051 0.654829 0.632179 0.473118 0.514521 0.836954 0.889980 0.851189 0.814932 0.764955 0.851968 0.699500 0.753198 0.715960 0.928128 0.881708 0.975079 0.867173 0.819264 0.916121 0.934721 0.666201 0.767573 0.927471 0.970439 0.640780 0.742306 0.817917 0.974649 0.781132 0.916477 0.986391 0.955225 0.922110 0.963423 0.955709 0.848864 0.688799 0.889909 0.656280 0.997421 0.938502 0.756833 0.366806 0.500236 0.502407 0.534124 0.883222 0.803504 0.930204 0.950767 0.878463 0.916432 0.927139 0.972084 0.912919 0.960748 0.981523 0.936682 0.929712 0.856865 0.953942 0.876323 0.515453 0.552327 0.827293 0.969081 0.722695 0.795699 0.679113 0.721193 0.741758 0.591678 0.882071 0.796806 0.937578 0.925051 0.906854 0.812795 0.721968 0.832333 0.887519 0.984857 0.709820 0.810110 0.984495 0.986681 0.870074 0.922999 0.930081 0.970466 0.983084 0.789068 0.770155 0.744746
0.838689 0.822665 0.421690 0.000000 0.909906 0.776383 0.424009 0.523245 0.834199 0.921787 0.935288 0.923568 0.702397 0.839342 0.803115 0.793568 0.981097 0.990274 0.691324 0.891113 0.741513 0.974387 0.555096 0.492833 0.671912 0.542356 0.845986 0.829842 0.877423 0.843513 0.785777 0.867223 0.644239 0.672378 0.710641 0.939420 0.889216 0.967261 0.852642 0.909787 0.886197 0.915808 0.708113 0.746604 0.977628 0.974658 0.674186 0.700873 0.846233 0.989486 0.689814 0.802175 0.983732 0.914663 0.860597 0.938894 0.935017 0.982015 0.731464 0.849036 0.628326 0.801211 0.921876 0.989046 0.367284 0.381179 0.494263 0.426897 0.829699 0.843593 0.953645 0.744218 0.780795 0.808395 0.949869 0.998357 0.793747 0.798419 0.924818 0.935201 0.797830 0.786689 0.842621 0.840156 0.477282 0.461554 0.966502 0.935986 0.833995 0.684721 0.619147 0.723866 0.699880 0.667902 0.995338 0.758973 0.886002 0.938900 0.749682 0.679537 0.630686 0.718834 0.943987 0.982948 0.601289 0.727583 0.934750 0.895376 0.844783 0.970615 0.818323 0.981049 0.910686 0.834970 0.739492 0.765463
0.991716 0.996989 0.849127 0.909906 0.000000 0.909610 0.751009 0.834074 0.735372 0.915103 0.831959 0.931211 0.687202 0.875217 0.860372 0.930638 0.978821 0.904704 0.923104 0.947880 0.800450 0.724040 0.748286 0.832918 0.982260 0.875895 0.886560 0.945758 0.908588 0.999211 0.994931 0.937723 0.966284 0.889537 0.964188 0.829176 0.976565 0.850501 0.999191 0.999685 0.950724 0.962854 0.851314 0.914441 0.922467 0.960505 0.912764 0.963874 0.901453 0.836720 0.985048 0.993858 0.982243 0.923969 0.896939 0.871832 0.971579 0.951428 0.934905 0.993424 0.677878 0.825890 0.818534 0.923035 0.844232 0.759301 0.871026 0.839074 0.907595 0.868551 0.955478 0.863426 0.949174 0.989169 0.952298 0.938451 0.911029 0.919887 0.911504 0.882415 0.848262 0.826485 0.850324 0.717912 0.666694 0.609318 0.929774 0.726342 0.821117 0.817521 0.840845 0.997311 0.960519 0.985060 0.949427 0.959843 0.900535 0.998179 0.972896 0.894023 0.854057 0.914201 0.956251 0.869776 0.789619 0.999578 0.986892 0.952827 0.965209 0.959670 0.916317 0.923335 0.877812 0.961699 0.854704 0.978037
0.979158 0.950947 0.926708 0.776383 0.909610 0.000000 0.913058 0.880903 0.931018 0.943404 0.948053 0.996174 0.932463 0.958507 0.915658 0.675593 0.862939 0.934625 0.941608 0.989854 0.922393 0.861037 0.688920 0.749399 0.918558 0.818068 0.923429 0.827011 0.916504 0.879417 0.741721 0.872048 0.928992 0.957008 0.804506 0.875619 0.839019 0.892941 0.928753 0.998706 0.948531 0.882171 0.963072 0.926544 0.890338 0.965927 0.955718 0.819556 0.986148 0.962792 0.937682 0.925518 0.980337 0.966288 0.934598 0.883026 0.983230 0.979263 0.825333 0.913614 0.936055 0.912976 0.959039 0.999680 0.834621 0.809313 0.861796 0.805600 0.854879 0.934859 0.833984 0.836704 0.891267 0.758539 0.909286 0.844380 0.957956 0.780722 0.938027 0.993627 0.993916 0.971728 0.859550 0.980721 0.795261 0.779626 0.873482 0.809258 0.981541 0.923429 0.822158 0.920168 0.749761 0.953460 0.891439 0.903711 0.958062 0.909109 0.891107 0.946211 0.793192 0.924743 0.984994 0.937203 0.771215 0.946124 0.987020 0.939971 0.929445 0.971991 0.927624 0.931174 0.941644 0.908072 0.979830 0.941379
0.821762 0.942140 0.350948 0.424009 0.751009 0.913058 0.000000 0.530394 0.643830 0.908059 0.938438 0.999407 0.539724 0.791229 0.711379 0.857978 0.993436 0.967404 0.703142 0.936933 0.751680 0.962920 0.570038 0.652801 0.638933 0.603535 0.863292 0.960849 0.914633 0.837179 0.882391 0.915218 0.667964 0.712273 0.707920 0.944504 0.988726 0.901042 0.994525 0.892893 0.841372 0.991525 0.749585 0.773701 0.999629 0.976742 0.733427 0.759582 0.803473 0.916712 0.762853 0.841859 0.953088 0.981281 0.974843 0.975271 0.924362 0.886102 0.640852 0.780782 0.471103 0.786332 0.922774 0.919597 0.350314 0.389097 0.449913 0.461593 0.824364 0.781979 0.841773 0.969557 0.890205 0.882036 0.972054 0.952143 0.872003 0.970985 0.994317 0.973726 0.816963 0.800990 0.887130 0.858718 0.391596 0.453298 0.917119 0.884424 0.677335 0.671986 0.625551 0.722537 0.783585 0.647800 0.907503 0.834509 0.912860 0.852391 0.793765 0.651562 0.725156 0.735379 0.870780 0.988361 0.591978 0.800759 0.985659 0.986947 0.809856 0.918880 0.830564 0.919265 0.989919 0.796580 0.730033 0.783104
0.806036 0.701311 0.698901 0.523245 0.834074 0.880903 0.530394 0.000000 0.883973 0.769177 0.973517 0.649179 0.626861 0.648736 0.755786 0.694192 0.917683 0.817571 0.840866 0.790842 0.905794 0.914096 0.658325 0.737054 0.961153 0.953807 0.984676 0.986915 0.857501 0.929117 0.951184 0.944506 0.647107 0.593606 0.800958 0.999120 0.999376 0.998943 0.865446 0.973524 0.808308 0.898668 0.817178 0.758728 0.846695 0.804505 0.772570 0.667705 0.978298 0.942746 0.520626 0.555725 0.780745 0.907613 0.893985 0.966680 0.922610 0.829196 0.638537 0.609558 0.427052 0.408559 0.627940 0.609637 0.563628 0.471152 0.576709 0.487365 0.726234 0.954263 0.955048 0.807985 0.817819 0.788030 0.899522 0.996716 0.708906 0.795841 0.778068 0.948181 0.597692 0.783825 0.794693 0.800904 0.559103 0.600155 0.986876 0.908125 0.883753 0.640208 0.590631 0.800940 0.784604 0.794919 0.838326 0.819447 0.774223 0.959786 0.538510 0.506649 0.623879 0.718571 0.800670 0.897855 0.544035 0.721304 0.961008 0.873322 0.842771 0.860985 0.711181 0.787816 0.879412 0.968038 0.639078 0.860627
0.865001 0.782240 0.721861 0.834199 0.735372 0.931018 0.643830 0.883973 0.000000 0.990416 0.996471 0.784137 0.816725 0.958483 0.897491 0.937593 0.720766 0.693044 0.904173 0.713616 0.931567 0.997338 0.731066 0.912876 0.896414 0.762683 0.909215 0.967955 0.768056 0.619112 0.982134 0.817764 0.973001 0.871149 0.820051 0.873814 0.899687 0.963376 0.944665 0.956608 0.915230 0.884960 0.948859 0.889958 0.851644 0.955248 0.909342 0.983044 0.920774 0.980398 0.886074 0.804006 0.748764 0.719070 0.876727 0.874218 0.710244 0.693374 0.962532 0.941423 0.809824 0.995323 0.810473 0.722164 0.707498 0.784297 0.802157 0.826568 0.828195 0.605699 0.788566 0.635205 0.769972 0.828777 0.986983 0.943215 0.816018 0.874527 0.741826 0.732567 0.810019 0.847095 0.950388 0.975063 0.692816 0.776955 0.945416 0.872484 0.734964 0.863585 0.607643 0.641041 0.642079 0.698918 0.862165 0.949550 0.866162 0.903449 0.874946 0.867174 0.965682 0.837717 0.739167 0.908011 0.865557 0.911872 0.908920 0.992693 0.977869 0.764812 0.779211 0.973213 0.892006 0.897135 0.920016 0.921707
0.968887 0.805200 0.857467 0.921787 0.915103 0.943404 0.908059 0.769177 0.990416 0.000000 0.826466 0.887046 0.908767 0.993109 0.929356 0.940786 0.793834 0.836735 0.961187 0.821136 0.720239 0.972449 0.934150 0.838019 0.878834 0.804016 0.828150 0.952099 0.626180 0.725567 0.775432 0.942382 0.739290 0.819563 0.912155 0.995536 0.918093 0.807435 0.802134 0.952618 0.930356 0.924203 0.867091 0.740658 0.557807 0.564583 0.880776 0.742333 0.509152 0.613664 0.554264 0.665495 0.586911 0.608480 0.826636 0.980138 0.857946 0.781648 0.895467 0.863101 0.957402 0.777173 0.794315 0.735716 0.834390 0.811026 0.996155 0.973982 0.936345 0.859598 0.904097 0.916278 0.927778 0.975674 0.852896 0.987685 0.984266 0.864335 0.965070 0.983880 0.821044 0.954144 0.866606 0.972294 0.800341 0.763537 0.842900 0.993623 0.940763 0.834846 0.968917 0.934081 0.946558 0.907822 0.838948 0.858259 0.804156 0.894571 0.771246 0.898447 0.808864 0.899393 0.631799 0.788225 0.956900 0.917929 0.776597 0.953051 0.940105 0.837086 0.849728 0.828858 0.990620 0.855988 0.954161 0.966383
0.691695 0.848899 0.981938 0.935288 0.831959 0.948053 0.938438 0.973517 0.996471 0.826466 0.000000 0.830717 0.943000 0.925950 0.885367 0.824688 0.577573 0.593500 0.710940 0.668238 0.814840 0.949649 0.817152 0.799835 0.971704 0.927534 0.895461 0.814933 0.614194 0.710368 0.829124 0.996646 0.790504 0.743302 0.947394 0.978577 0.987807 0.956209 0.908337 0.963701 0.983402 0.894445 0.983951 0.851941 0.931043 0.924805 0.948923 0.988852 0.865361 0.953414 0.951688 0.885905 0.938588 0.967909 0.999093 0.970093 0.711880 0.799083 0.811477 0.918639 0.879721 0.970129 0.653418 0.828190 0.862234 0.903641 0.960957 0.942565 0.842424 0.786123 0.931723 0.887632 0.588924 0.718583 0.947898 0.862730 0.963321 0.878744 0.830562 0.794573 0.717767 0.752577 0.959838 0.848142 0.966528 0.996935 0.675155 0.975576 0.832971 0.940732 0.631825 0.686075 0.762966 0.737414 0.935715 0.855005 0.928567 0.959173 0.936953 0.982543 0.985343 0.977195 0.906303 0.798669 0.955714 0.815699 0.952375 0.744483 0.989753 0.867575 0.938505 0.936368 0.814785 0.915866 0.987833 0.987447
0.700252 0.543523 0.850434 0.923568 0.931211 0.996174 0.999407 0.649179 0.784137 0.887046 0.830717 0.000000 0.698924 0.531702 0.720468 0.594816 0.568510 0.477583 0.743255 0.529655 0.881080 0.916982 0.877815 0.899013 0.756758 0.797834 0.909744 0.870607 0.509714 0.558855 0.969977 0.818124 0.680639 0.582328 0.952862 0.993282 0.966100 0.939826 0.792086 0.925665 0.854285 0.929300 0.883675 0.709009 0.779554 0.676070 0.858526 0.720772 0.982122 0.984387 0.813078 0.891730 0.955946 0.908155 0.913434 0.881886 0.611241 0.514178 0.763512 0.702867 0.560560 0.464251 0.432062 0.345675 0.971725 0.822345 0.904917 0.749815 0.939685 0.670700 0.808297 0.743846 0.823913 0.858583 0.876690 0.851704 0.703847 0.763710 0.519576 0.696007 0.447657 0.509247 0.570463 0.699127 0.821470 0.799077 0.844953 0.844874 0.783934 0.900622 0.849827 0.679053 0.749688 0.666859 0.792376 0.824104 0.777329 0.809285 0.854808 0.765076 0.905250 0.826174 0.663532 0.859497 0.810384 0.917534 0.986895 0.961899 0.935014 0.696912 0.674171 0.836249 0.940492 0.790796 0.724168 0.963424
0.988647 0.929640 0.643964 0.702397 0.687202 0.932463 0.539724 0.626861 0.816725 0.908767 0.943000 0.698924 0.000000 0.432287 0.418766 0.516373 0.879434 0.844585 0.775806 0.810523 0.916969 0.855046 0.507135 0.657121 0.941465 0.923852 0.920250 0.979872 0.866991 0.834477 0.855294 0.727990 0.689660 0.751735 0.817861 0.962854 0.965432 0.863855 0.766714 0.926514 0.715760 0.853769 0.996576 0.921153 0.928678 0.913792 0.875473 0.798610 0.708899 0.881623 0.824404 0.880804 0.933659 0.820870 0.965458 0.773987 0.942426 0.996689 0.909655 0.892285 0.378172 0.706195 0.712693 0.804987 0.598758 0.623789 0.821116 0.677889 0.640654 0.894873 0.880135 0.990515 0.872878 0.889852 0.882371 0.830710 0.928544 0.963483 0.729205 0.789726 0.720930 0.691118 0.640784 0.821733 0.485988 0.583509 0.798450 0.720001 0.868883 0.950502 0.856805 0.909937 0.912063 0.967934 0.922010 0.930875 0.837860 0.915653 0.884821 0.826030 0.936790 0.785608 0.989490 0.808900 0.765881 0.850549 0.952423 0.792402 0.914652 0.993112 0.870533 0.862336 0.875757 0.981310 0.709105 0.966605
0.946002 0.864083 0.938683 0.839342 0.875217 0.958507 0.791229 0.648736 0.958483 0.993109 0.925950 0.531702 0.432287 0.000000 0.391904 0.402752 0.824420 0.748558 0.867818 0.769145 0.932890 0.852172 0.633427 0.744238 0.821766 0.810177 0.990504 0.986703 0.724068 0.658429 0.905969 0.683580 0.707950 0.731333 0.945634 0.942303 0.833384 0.897251 0.607179 0.977541 0.647573 0.832161 0.956658 0.893612 0.909719 0.841163 0.965279 0.796558 0.727854 0.893377 0.840928 0.875364 0.961074 0.844739 0.938162 0.678443 0.982904 0.903954 0.958746 0.873324 0.487834 0.647304 0.647626 0.606844 0.806849 0.744000 0.973922 0.817257 0.693253 0.981308 0.865547 0.893906 0.919376 0.929695 0.913033 0.816275 0.907656 0.949068 0.707739 0.734708 0.696580 0.728178 0.598633 0.880068 0.690571 0.732626 0.686442 0.816914 0.951798 0.955189 0.984979 0.750587 0.744327 0.770746 0.892056 0.933580 0.917616 0.960175 0.894733 0.847807 0.980222 0.851262 0.893403 0.875721 0.851266 0.907459 0.898787 0.806083 0.872894 0.927423 0.772380 0.807776 0.971973 0.907359 0.753632 0.983070
0.889063 0.985015 0.811759 0.803115 0.860372 0.915658 0.711379 0.755786 0.897491 0.929356 0.885367 0.720468 0.418766 0.391904 0.000000 0.501008 0.886102 0.842646 0.835577 0.886069 0.984544 0.868572 0.531833 0.715242 0.953824 0.943070 0.912079 0.923061 0.829067 0.777002 0.809141 0.579901 0.691952 0.809402 0.884562 0.954736 0.963737 0.943226 0.741345 0.954685 0.724469 0.834304 0.993902 0.930444 0.854211 0.855760 0.865534 0.745964 0.745285 0.939397 0.896248 0.890294 0.935955 0.810119 0.931590 0.819436 0.925201 0.973439 0.974887 0.999914 0.541218 0.772066 0.797013 0.800830 0.729619 0.740147 0.918742 0.794989 0.702431 0.932871 0.822530 0.948320 0.907717 0.946179 0.899088 0.829656 0.941604 0.942001 0.767666 0.790087 0.815078 0.779960 0.614556 0.903918 0.629722 0.674709 0.648292 0.756744 0.891891 0.989633 0.902616 0.882227 0.864485 0.905070 0.966742 0.921132 0.880084 0.984748 0.880065 0.829948 0.996040 0.823366 0.987847 0.900107 0.823345 0.930527 0.905791 0.809645 0.850370 0.949221 0.855968 0.768722 0.994443 0.986048 0.753418 0.881273
0.974567 0.822122 0.958871 0.793568 0.930638 0.675593 0.857978 0.694192 0.937593 0.940786 0.824688 0.594816 0.516373 0.402752 0.501008 0.000000 0.964194 0.831322 0.850329 0.808520 0.942820 0.835738 0.533301 0.593023 0.898077 0.960694 0.949315 0.989737 0.834942 0.804579 0.809848 0.706604 0.769333 0.756099 0.952304 0.984170 0.916589 0.968690 0.768860 0.923028 0.789412 0.821873 0.976777 0.953980 0.884234 0.838756 0.932285 0.751333 0.769708 0.920434 0.866166 0.871819 0.974099 0.906028 0.980541 0.805237 0.944754 0.880335 0.940979 0.933615 0.589553 0.658315 0.725286 0.640118 0.785213 0.723406 0.934045 0.738629 0.709893 0.930114 0.939555 0.768899 0.821459 0.825409 0.926403 0.838205 0.889569 0.901116 0.717010 0.780452 0.749866 0.726059 0.556177 0.892486 0.658944 0.699931 0.647885 0.729174 0.909048 0.979628 0.910439 0.850526 0.889860 0.845370 0.953972 0.905260 0.948871 0.899310 0.833467 0.848402 0.893230 0.900936 0.880728 0.825642 0.798050 0.827375 0.955991 0.949317 0.954485 0.864377 0.768772 0.774647 0.977625 0.914749 0.751763 0.974315
0.561435 0.564064 0.969856 0.981097 0.978821 0.862939 0.993436 0.917683 0.720766 0.793834 0.577573 0.568510 0.879434 0.824420 0.886102 0.964194 0.000000 0.357712 0.520543 0.444224 0.972723 0.924549 0.864708 0.889216 0.998299 0.907143 0.951377 0.854307 0.413145 0.436561 0.776095 0.712765 0.566440 0.572937 0.993554 0.975517 0.965148 0.969005 0.934789 0.979995 0.997424 0.808079 0.763399 0.560350 0.775242 0.693547 0.654749 0.697355 0.831844 0.885049 0.817053 0.930263 0.964413 0.906051 0.858181 0.895327 0.450806 0.480849 0.653506 0.779477 0.794711 0.837535 0.510636 0.557527 0.922607 0.953750 0.931980 0.861701 0.789672 0.523253 0.787271 0.786208 0.584852 0.597206 0.928810 0.935543 0.773333 0.858483 0.649836 0.583911 0.491915 0.577308 0.824888 0.781752 0.981485 0.987879 0.853284 0.965487 0.749038 0.921106 0.628406 0.595302 0.637947 0.680784 0.846123 0.840356 0.799837 0.893414 0.971446 0.913737 0.920528 0.980736 0.682016 0.699165 0.974482 0.883301 0.946961 0.800673 0.981200 0.703785 0.749940 0.889364 0.988190 0.845882 0.866918 0.989970
0.507061 0.501920 0.900095 0.990274 0.904704 0.934625 0.967404 0.817571 0.693044 0.836735 0.593500 0.477583 0.844585 0.748558 0.842646 0.831322 0.357712 0.000000 0.553743 0.407079 0.993498 0.974397 0.920507 0.924964 0.892758 0.866276 0.928008 0.867288 0.415835 0.410883 0.801247 0.758927 0.605288 0.512799 0.974856 0.982257 0.988327 0.922428 0.993313 0.999427 0.916840 0.857120 0.794463 0.577524 0.801784 0.699382 0.718647 0.693540 0.913878 0.924423 0.901496 0.939913 0.873895 0.848260 0.892652 0.956798 0.408787 0.441956 0.677416 0.713576 0.750830 0.701830 0.454439 0.448665 0.916696 0.988673 0.927263 0.821081 0.777295 0.463707 0.701374 0.729360 0.540140 0.592239 0.890171 0.846828 0.687845 0.791611 0.550233 0.537945 0.418478 0.498880 0.735078 0.690509 0.975400 0.910928 0.938360 0.985050 0.721575 0.884427 0.654109 0.529532 0.606601 0.622856 0.789910 0.847701 0.694566 0.810673 0.903387 0.841384 0.855398 0.978594 0.630439 0.740568 0.911563 0.999916 0.998847 0.844514 0.927700 0.634959 0.661423 0.861535 0.952903 0.832684 0.801321 0.984632
0.563640 0.631017 0.670972 0.691324 0.923104 0.941608 0.703142 0.840866 0.904173 0.961187 0.710940 0.743255 0.775806 0.867818 0.835577 0.850329 0.520543 0.553743 0.000000 0.544083 0.791489 0.896050 0.807236 0.781820 0.702359 0.690575 0.879600 0.954224 0.634791 0.703195 0.635556 0.700712 0.504842 0.521835 0.870794 0.968421 0.896255 0.851177 0.941555 0.947031 0.909273 0.881594 0.604769 0.531769 0.803038 0.763377 0.535605 0.649297 0.929457 0.950173 0.798574 0.910178 0.919203 0.855730 0.853988 0.899095 0.548236 0.692743 0.667040 0.894074 0.727612 0.939032 0.632805 0.817673 0.705389 0.745899 0.610094 0.608661 0.808031 0.675852 0.741863 0.726114 0.739867 0.691143 0.982127 0.807032 0.705612 0.815374 0.739341 0.631682 0.603533 0.550896 0.755435 0.727617 0.752511 0.679064 0.829669 0.928082 0.931816 0.837136 0.889946 0.847306 0.871776 0.964515 0.989781 0.817598 0.835695 0.827355 0.957436 0.800842 0.709573 0.881741 0.803921 0.752822 0.799967 0.923398 0.956021 0.904905 0.886734 0.894961 0.688137 0.904518 0.972652 0.997097 0.836029 0.825187
0.583557 0.559732 0.961016 0.891113 0.947880 0.989854 0.936933 0.790842 0.713616 0.821136 0.668238 0.529655 0.810523 0.769145 0.886069 0.808520 0.444224 0.407079 0.544083 0.000000 0.992955 0.973187 0.969643 0.910884 0.948027 0.932365 0.985151 0.848686 0.483885 0.481934 0.789878 0.698919 0.562165 0.562634 0.937827 0.920114 0.919472 0.849408 0.935088 0.988557 0.986882 0.815257 0.715013 0.581770 0.896456 0.735229 0.736296 0.699737 0.943666 0.876334 0.840593 0.933203 0.844757 0.816344 0.934077 0.901564 0.498153 0.496057 0.683267 0.738046 0.738428 0.745956 0.526091 0.556073 0.978709 0.901359 0.814357 0.744051 0.820943 0.521910 0.709865 0.666995 0.647897 0.725908 0.952045 0.849706 0.675900 0.747366 0.580217 0.587615 0.450121 0.513502 0.827376 0.716176 0.908623 0.871157 0.797041 0.976409 0.684984 0.860468 0.720261 0.641019 0.708273 0.695274 0.817872 0.824579 0.809595 0.841283 0.981316 0.871609 0.746750 0.985027 0.651361 0.741716 0.764856 0.931671 0.927135 0.880167 0.937919 0.703044 0.601490 0.904522 0.965745 0.788829 0.768495 0.915392
0.877067 0.910545 0.704209 0.741513 0.800450 0.922393 0.751680 0.905794 0.931567 0.720239 0.814840 0.881080 0.916969 0.932890 0.984544 0.942820 0.972723 0.993498 0.791489 0.992955 0.000000 0.946556 0.924289 0.846572 0.754250 0.618038 0.908964 0.791782 0.930820 0.945093 0.915267 0.966918 0.925959 0.886951 0.874141 0.921835 0.892424 0.918158 0.704554 0.896054 0.960919 0.935251 0.995892 0.978503 0.790822 0.782640 0.903184 0.931156 0.740468 0.782896 0.840612 0.808118 0.736793 0.814769 0.980049 0.877385 0.993199 0.864187 0.991287 0.849811 0.966975 0.824896 0.999164 0.809840 0.807968 0.793803 0.804215 0.800611 0.934186 0.962816 0.988469 0.970375 0.908290 0.894820 0.846325 0.843853 0.954410 0.910513 0.986555 0.798700 0.997995 0.890215 0.993765 0.930009 0.831717 0.717413 0.883132 0.993386 0.979775 0.923005 0.907189 0.962798 0.984529 0.923383 0.841491 0.936833 0.858620 0.949953 0.755606 0.935327 0.940356 0.936007 0.827277 0.906897 0.959292 0.991023 0.945556 0.933164 0.968120 0.991661 0.990262 0.805763 0.954017 0.943939 0.950693 0.878813
0.940119 0.952703 0.890051 0.974387 0.724040 0.861037 0.962920 0.914096 0.997338 0.972449 0.949649 0.916982 0.855046 0.852172 0.868572 0.835738 0.924549 0.974397 0.896050 0.973187 0.946556 0.000000 0.848578 0.924357 0.885406 0.980276 0.915229 0.907439 0.833379 0.940145 0.897532 0.950879 0.889636 0.912984 0.964273 0.795485 0.821402 0.823732 0.837461 0.828158 0.917936 0.912049 0.813096 0.902362 0.986817 0.917137 0.783399 0.981609 0.896489 0.841331 0.849879 0.971429 0.860739 0.986916 0.978622 0.951686 0.966345 0.970691 0.893793 0.958312 0.832224 0.813101 0.970260 0.960819 0.946204 0.867714 0.964729 0.947620 0.986464 0.975385 0.962222 0.992010 0.956103 0.886526 0.947517 0.835896 0.980636 0.996708 0.999519 0.992137 0.994158 0.967350 0.897196 0.946527 0.806680 0.815633 0.742857 0.786344 0.947362 0.918295 0.877061 0.974434 0.938152 0.915499 0.964772 0.885105 0.902939 0.926939 0.904976 0.894587 0.987991 0.935107 0.932463 0.751480 0.865612 0.841374 0.877533 0.982605 0.970614 0.855103 0.865899 0.965450 0.938184 0.960279 0.979946 0.956374
0.871935 0.944473 0.654829 0.555096 0.748286 0.688920 0.570038 0.658325 0.731066 0.934150 0.817152 0.877815 0.507135 0.633427 0.531833 0.533301 0.864708 0.920507 0.807236 0.969643 0.924289 0.848578 0.000000 0.413151 0.880101 0.721990 0.753465 0.877010 0.882468 0.915689 0.781691 0.756884 0.726758 0.792610 0.797494 0.831735 0.833341 0.987891 0.878496 0.976133 0.737746 0.821789 0.984946 0.984595 0.849627 0.886506 0.909966 0.768535 0.827691 0.893570 0.835711 0.901352 0.904724 0.849548 0.928926 0.917093 0.860471 0.856254 0.891422 0.919772 0.558424 0.795447 0.919249 0.959244 0.516636 0.523402 0.706803 0.590343 0.690743 0.780890 0.914536 0.882146 0.739379 0.741680 0.849980 0.895895 0.967773 0.848586 0.958985 0.970273 0.868513 0.795864 0.591772 0.876442 0.423972 0.460083 0.734639 0.634513 0.843335 0.776355 0.632837 0.868796 0.839728 0.903073 0.874912 0.897852 0.910872 0.994512 0.830427 0.734519 0.718431 0.723511 0.955679 0.829211 0.632835 0.820923 0.920786 0.970322 0.984074 0.997474 0.883199 0.858832 0.992083 0.959413 0.731644 0.915258
0.999392 0.982015 0.632179 0.492833 0.832918 0.749399 0.652801 0.737054 0.912876 0.838019 0.799835 0.899013 0.657121 0.744238 0.715242 0.593023 0.889216 0.924964 0.781820 0.910884 0.846572 0.924357 0.413151 0.000000 0.766122 0.695526 0.724711 0.927221 0.840382 0.875511 0.799294 0.732908 0.806271 0.788521 0.924636 0.846896 0.835188 0.944654 0.987418 0.936195 0.911748 0.940030 0.934913 0.949107 0.955626 0.967583 0.814257 0.818828 0.788179 0.926789 0.836247 0.971030 0.947035 0.918686 0.904377 0.944905 0.998218 0.951391 0.958767 0.965390 0.716026 0.874007 0.942885 0.991739 0.550376 0.532923 0.731911 0.605762 0.854941 0.846230 0.996021 0.781743 0.737834 0.782070 0.952212 0.950814 0.973279 0.847672 0.938448 0.851379 0.840906 0.737071 0.705242 0.833483 0.481046 0.474307 0.787694 0.647766 0.850560 0.784133 0.718609 0.840519 0.822478 0.839730 0.839605 0.917408 0.987501 0.901966 0.969675 0.847106 0.659614 0.829777 0.951684 0.883130 0.678346 0.734317 0.996297 0.950346 0.895158 0.933027 0.879219 0.998340 0.920953 0.942934 0.832827 0.704252
0.770008 0.893614 0.473118 0.671912 0.982260 0.918558 0.638933 0.961153 0.896414 0.878834 0.971704 0.756758 0.941465 0.821766 0.953824 0.898077 0.998299 0.892758 0.702359 0.948027 0.754250 0.885406 0.880101 0.766122 0.000000 0.529027 0.820653 0.969739 0.843732 0.819773 0.731280 0.957802 0.861517 0.834847 0.772758 0.981102 0.779616 0.890515 0.737457 0.821286 0.902397 0.979546 0.562800 0.709433 0.953946 0.937790 0.643290 0.730686 0.979327 0.858488 0.952219 0.916465 0.954062 0.838603 0.851263 0.817988 0.861733 0.992487 0.704462 0.895319 0.968205 0.794186 0.775557 0.648945 0.575909 0.777147 0.628345 0.723738 0.862423 0.996925 0.859962 0.897739 0.962480 0.922337 0.885281 0.993213 0.901436 0.949521 0.930426 0.986710 0.985985 0.891512 0.886492 0.950961 0.750487 0.801877 0.811227 0.960962 0.873854 0.901114 0.910077 0.817005 0.790272 0.728860 0.947912 0.828383 0.961291 0.985902 0.915602 0.944702 0.761608 0.977117 0.952864 0.913709 0.883840 0.934133 0.998275 0.929554 0.913333 0.919480 0.996786 0.938591 0.925082 0.949823 0.951655 0.712481
0.827348 0.962979 0.514521 0.542356 0.875895 0.818068 0.603535 0.953807 0.762683 0.804016 0.927534 0.797834 0.923852 0.810177 0.943070 0.960694 0.907143 0.866276 0.690575 0.932365 0.618038 0.980276 0.721990 0.695526 0.529027 0.000000 0.799329 0.822839 0.764404 0.701923 0.713853 0.992530 0.813895 0.824566 0.848489 0.888863 0.746537 0.932374 0.738330 0.881991 0.937140 0.940484 0.755614 0.853542 0.985821 0.972895 0.728010 0.842277 0.973134 0.947226 0.996401 0.980838 0.919986 0.871015 0.844577 0.826152 0.931763 0.912768 0.893905 0.948387 0.940630 0.824380 0.820588 0.673605 0.541424 0.673900 0.577065 0.634071 0.942457 0.816858 0.850792 0.903045 0.956953 0.974322 0.882482 0.893287 0.952070 0.896411 0.862975 0.993288 0.945766 0.903759 0.976818 0.986113 0.656537 0.618923 0.800551 0.933979 0.854676 0.782680 0.799929 0.718831 0.732403 0.704195 0.815991 0.865825 0.972927 0.963741 0.941795 0.851536 0.777648 0.905664 0.749526 0.960137 0.847952 0.868849 0.825728 0.994305 0.872672 0.899756 0.968908 0.888164 0.981824 0.863914 0.842477 0.826585
0.993701 0.918017 0.836954 0.845986 0.886560 0.923429 0.863292 0.984676 0.909215 0.828150 0.895461 0.909744 0.920250 0.990504 0.912079 0.949315 0.951377 0.928008 0.879600 0.985151 0.908964 0.915229 0.753465 0.724711 0.820653 0.799329 0.000000 0.975748 0.795547 0.941555 0.951707 0.872895 0.932112 0.949314 0.913014 0.982036 0.982027 0.993008 0.880254 0.981167 0.961268 0.952545 0.960372 0.905601 0.921450 0.914685 0.919593 0.980183 0.857546 0.918838 0.895238 0.836077 0.890233 0.888020 0.969936 0.915090 0.977596 0.922118 0.912104 0.897293 0.974239 0.913376 0.916921 0.876521 0.842938 0.849670 0.997427 0.935184 0.975230 0.967296 0.989846 0.953892 0.832858 0.920608 0.977431 0.963319 0.942559 0.960365 0.962849 0.924992 0.976762 0.958851 0.968687 0.994862 0.802847 0.781061 0.996472 0.861848 0.982368 0.974368 0.882647 0.945301 0.959444 0.883911 0.970111 0.879827 0.868517 0.758399 0.940889 0.940575 0.829643 0.917031 0.984995 0.999534 0.834538 0.841094 0.855840 0.876002 0.969581 0.993804 0.982883 0.988595 0.919098 0.918569 0.982618 0.837732
0.881524 0.902235 0.889980 0.829842 0.945758 0.827011 0.960849 0.986915 0.967955 0.952099 0.814933 0.870607 0.979872 0.986703 0.923061 0.989737 0.854307 0.867288 0.954224 0.848686 0.791782 0.907439 0.877010 0.927221 0.969739 0.822839 0.975748 0.000000 0.900719 0.941044 0.883670 0.977632 0.989864 0.971832 0.827339 0.966804 0.863972 0.963420 0.937703 0.868449 0.949438 0.989106 0.943928 0.900711 0.996606 0.934640 0.934258 0.992681 0.969614 0.985465 0.992212 0.876680 0.980117 0.888978 0.889693 0.995465 0.869305 0.906262 0.840953 0.875718 0.938722 0.884523 0.974059 0.874751 0.860208 0.945466 0.912816 0.981959 0.774823 0.870258 0.996295 0.937616 0.855181 0.934724 0.972489 0.937168 0.986697 0.993158 0.857377 0.935228 0.830130 0.842496 0.967536 0.963586 0.988636 0.927403 0.996912 0.977985 0.799573 0.997959 0.878499 0.895443 0.842182 0.944910 0.972960 0.996749 0.995272 0.908630 0.914215 0.946086 0.880473 0.855641 0.930030 0.921344 0.949366 0.985462 0.973769 0.913947 0.999591 0.938953 0.924624 0.954497 0.928250 0.836173 0.996357 0.866555
0.667595 0.608541 0.851189 0.877423 0.908588 0.916504 0.914633 0.857501 0.768056 0.626180 0.614194 0.509714 0.866991 0.724068 0.829067 0.834942 0.413145 0.415835 0.634791 0.483885 0.930820 0.833379 0.882468 0.840382 0.843732 0.764404 0.795547 0.900719 0.000000 0.396690 0.735969 0.720079 0.574275 0.576930 0.972609 0.851322 0.980813 0.887662 0.753851 0.995973 0.903202 0.862302 0.813987 0.605764 0.683859 0.580361 0.741841 0.714425 0.774143 0.812286 0.722631 0.906190 0.916831 0.893840 0.913055 0.891464 0.576146 0.545369 0.756634 0.793328 0.790780 0.764338 0.460209 0.471743 0.818230 0.855929 0.984332 0.922644 0.899905 0.544553 0.868031 0.859478 0.617712 0.634153 0.889606 0.864355 0.762161 0.851420 0.659301 0.633334 0.520138 0.686654 0.818951 0.820447 0.876926 0.890902 0.904763 0.995167 0.726106 0.994726 0.616968 0.563445 0.641398 0.609943 0.812631 0.859361 0.815519 0.832866 0.914156 0.908088 0.927238 0.986865 0.612817 0.711332 0.983717 0.911936 0.869112 0.821239 0.924291 0.694754 0.726884 0.794462 0.985092 0.788820 0.857047 0.926590
0.809934 0.701831 0.814932 0.843513 0.999211 0.879417 0.837179 0.929117 0.619112 0.725567 0.710368 0.558855 0.834477 0.658429 0.777002 0.804579 0.436561 0.410883 0.703195 0.481934 0.945093 0.940145 0.915689 0.875511 0.819773 0.701923 0.941555 0.941044 0.396690 0.000000 0.754658 0.664902 0.640051 0.602753 0.922837 0.866945 0.926543 0.970262 0.847107 0.946638 0.952546 0.937135 0.940392 0.712787 0.850751 0.754198 0.847412 0.812732 0.962812 0.937852 0.882247 0.928995 0.977198 0.950547 0.936773 0.772584 0.637485 0.608015 0.887614 0.876996 0.844566 0.824946 0.503107 0.495966 0.742801 0.799989 0.843404 0.980290 0.987477 0.578571 0.894952 0.813334 0.700402 0.705003 0.953611 0.818677 0.858069 0.867706 0.648231 0.568344 0.551493 0.677425 0.766168 0.815061 0.848720 0.866535 0.974886 0.973860 0.713290 0.898179 0.581006 0.438809 0.522073 0.514278 0.776154 0.891619 0.872711 0.848768 0.992173 0.913882 0.998602 0.905299 0.572913 0.879776 0.985998 0.856195 0.943894 0.745716 0.837672 0.645169 0.707810 0.883359 0.991982 0.834313 0.895126 0.858735
0.869750 0.784705 0.764955 0.785777 0.994931 0.741721 0.882391 0.951184 0.982134 0.775432 0.829124 0.969977 0.855294 0.905969 0.809141 0.809848 0.776095 0.801247 0.635556 0.789878 0.915267 0.897532 0.781691 0.799294 0.731280 0.713853 0.951707 0.883670 0.735969 0.754658 0.000000 0.602886 0.580819 0.669688 0.871423 0.974602 0.750926 0.877623 0.966699 0.896622 0.965711 0.927914 0.705420 0.687384 0.698752 0.701197 0.639939 0.586521 0.804456 0.816231 0.749512 0.960570 0.882192 0.836432 0.730481 0.976281 0.715788 0.787745 0.990968 0.985919 0.924883 0.934061 0.851560 0.938786 0.902288 0.985630 0.876134 0.840565 0.924290 0.854654 0.804559 0.790378 0.887072 0.891652 0.977734 0.767522 0.970487 0.832300 0.904567 0.721762 0.770227 0.758724 0.814357 0.810087 0.895837 0.890052 0.887660 0.786160 0.934146 0.908091 0.891857 0.846012 0.897462 0.893482 0.961019 0.759198 0.914257 0.867061 0.888459 0.994697 0.860891 0.965034 0.911530 0.970822 0.982950 0.978211 0.982662 0.847267 0.886525 0.871882 0.895934 0.876357 0.971068 0.999938 0.898042 0.973144
0.944143 0.925546 0.851968 0.867223 0.937723 0.872048 0.915218 0.944506 0.817764 0.942382 0.996646 0.818124 0.727990 0.683580 0.579901 0.706604 0.712765 0.758927 0.700712 0.698919 0.966918 0.950879 0.756884 0.732908 0.957802 0.992530 0.872895 0.977632 0.720079 0.664902 0.602886 0.000000 0.585024 0.769317 0.920971 0.939586 0.995079 0.899570 0.877890 0.945652 0.965361 0.913069 0.866819 0.798142 0.826295 0.828018 0.745619 0.727724 0.970999 0.956413 0.848567 0.979714 0.987932 0.965493 0.836571 0.919412 0.819012 0.790775 0.941151 0.987456 0.849279 0.983668 0.796169 0.817755 0.941712 0.970720 0.965983 0.859233 0.978885 0.886611 0.987030 0.693962 0.941454 0.912707 0.977132 0.901142 0.972906 0.866901 0.798532 0.629051 0.751975 0.742497 0.710674 0.781403 0.877177 0.850322 0.935057 0.730868 0.931727 0.987170 0.902819 0.833472 0.778100 0.895246 0.954022 0.943941 0.970904 0.800491 0.936232 0.924966 0.889387 0.971155 0.832006 0.941876 0.902227 0.947886 0.886797 0.920035 0.880175 0.868017 0.816170 0.752852 0.970085 0.887356 0.904518 0.971346
0.716673 0.614435 0.699500 0.644239 0.966284 0.928992 0.667964 0.647107 0.973001 0.739290 0.790504 0.680639 0.689660 0.707950 0.691952 0.769333 0.566440 0.605288 0.504842 0.562165 0.925959 0.889636 0.726758 0.806271 0.861517 0.813895 0.932112 0.989864 0.574275 0.640051 0.580819 0.585024 0.000000 0.504089 0.766772 0.986913 0.877297 0.931148 0.916592 0.977807 0.865247 0.820077 0.636928 0.534175 0.660478 0.639668 0.548859 0.529964 0.869154 0.835575 0.608823 0.780845 0.858706 0.916533 0.822064 0.995253 0.636322 0.637117 0.642048 0.749022 0.606292 0.767603 0.590049 0.671773 0.722633 0.760691 0.637810 0.550132 0.993243 0.832460 0.884325 0.734037 0.889528 0.906049 0.996069 0.859225 0.729687 0.794021 0.773938 0.648078 0.534826 0.613006 0.700764 0.751578 0.710798 0.724170 0.850875 0.877385 0.962249 0.714861 0.985538 0.883807 0.940833 0.932996 0.849502 0.802938 0.916532 0.902212 0.687010 0.709252 0.750428 0.797932 0.774834 0.823008 0.698767 0.931897 0.865202 0.932108 0.979261 0.837257 0.755281 0.835193 0.967602 0.967801 0.675026 0.995753
0.546228 0.513425 0.753198 0.672378 0.889537 0.957008 0.712273 0.593606 0.871149 0.819563 0.743302 0.582328 0.751735 0.731333 0.809402 0.756099 0.572937 0.512799 0.521835 0.562634 0.886951 0.912984 0.792610 0.788521 0.834847 0.824566 0.949314 0.971832 0.576930 0.602753 0.669688 0.769317 0.504089 0.000000 0.829817 0.976397 0.813094 0.874442 0.991865 0.922429 0.918614 0.837847 0.630906 0.501635 0.747033 0.653877 0.567394 0.523113 0.900016 0.910087 0.653666 0.886504 0.973599 0.936530 0.852959 0.980996 0.555685 0.599150 0.617496 0.689564 0.623336 0.665669 0.563465 0.595854 0.738328 0.720945 0.633102 0.546868 0.936479 0.729310 0.746585 0.717411 0.764833 0.732350 0.895788 0.871782 0.703003 0.674317 0.698895 0.670839 0.470041 0.553455 0.724819 0.661865 0.717758 0.685927 0.878767 0.866246 0.909200 0.780580 0.950903 0.816327 0.890625 0.914819 0.836869 0.695817 0.755463 0.852588 0.736311 0.723839 0.667558 0.972489 0.660605 0.763249 0.699689 0.910151 0.931791 0.863658 0.891258 0.651832 0.719474 0.776464 0.825877 0.899833 0.677135 0.831633
0.852675 0.879834 0.715960 0.710641 0.964188 0.804506 0.707920 0.800958 0.820051 0.912155 0.947394 0.952862 0.817861 0.945634 0.884562 0.952304 0.993554 0.974856 0.870794 0.937827 0.874141 0.964273 0.797494 0.924636 0.772758 0.848489 0.913014 0.827339 0.972609 0.922837 0.871423 0.920971 0.766772 0.829817 0.000000 0.892454 0.741148 0.980647 0.920056 0.995331 0.910916 0.977000 0.721559 0.722668 0.771358 0.764709 0.849632 0.725777 0.836002 0.754071 0.763318 0.752793 0.803803 0.870380 0.862254 0.859703 0.925404 0.880919 0.781955 0.843368 0.735344 0.798312 0.988951 0.982488 0.665968 0.717502 0.665094 0.685569 0.976427 0.908119 0.924822 0.965171 0.936429 0.918536 0.980058 0.911909 0.759626 0.791955 0.937504 0.922023 0.894208 0.871601 0.880932 0.775224 0.717911 0.757628 0.995909 0.935068 0.846583 0.757381 0.793702 0.840344 0.824738 0.786353 0.982579 0.784301 0.918756 0.946650 0.858593 0.921920 0.905915 0.700158 0.988487 0.880255 0.820927 0.993408 0.876377 0.994466 0.954952 0.987370 0.975606 0.919823 0.828632 0.935889 0.743580 0.964119
0.962933 0.970535 0.928128 0.939420 0.829176 0.875619 0.944504 0.999120 0.873814 0.995536 0.978577 0.993282 0.962854 0.942303 0.954736 0.984170 0.975517 0.982257 0.968421 0.920114 0.921835 0.795485 0.831735 0.846896 0.981102 0.888863 0.982036 0.966804 0.851322 0.866945 0.974602 0.939586 0.986913 0.976397 0.892454 0.000000 0.915759 0.962896 0.965161 0.884076 0.951366 0.977390 0.965925 0.936002 0.867339 0.902691 0.971507 0.996221 0.926285 0.986354 0.960869 0.932293 0.970063 0.983503 0.875693 0.996769 0.976049 0.912922 0.977936 0.944899 0.927768 0.926306 0.912775 0.922009 0.869237 0.911081 0.949030 0.955256 0.910883 0.940833 0.947154 0.919863 0.923134 0.953467 0.968460 0.942257 0.930384 0.902062 0.833286 0.992014 0.996349 0.904835 0.798565 0.902602 0.802264 0.837029 0.874134 0.758047 0.838713 0.767986 0.927634 0.980310 0.918418 0.986119 0.986194 0.926053 0.913048 0.963657 0.936161 0.974310 0.878562 0.873913 0.950300 0.895585 0.913949 0.894303 0.838582 0.955735 0.935674 0.978844 0.944787 0.983728 0.963484 0.985307 0.928164 0.953086
0.861121 0.815869 0.881708 0.889216 0.976565 0.839019 0.988726 0.999376 0.899687 0.918093 0.987807 0.966100 0.965432 0.833384 0.963737 0.916589 0.965148 0.988327 0.896255 0.919472 0.892424 0.821402 0.833341 0.835188 0.779616 0.746537 0.982027 0.863972 0.980813 0.926543 0.750926 0.995079 0.877297 0.813094 0.741148 0.915759 0.000000 0.658807 0.773395 0.952841 0.888257 0.922964 0.773075 0.847379 0.747617 0.715168 0.745932 0.714940 0.747521 0.705144 0.861045 0.839897 0.883668 0.887146 0.769729 0.711648 0.823004 0.828605 0.987148 0.997693 0.968252 0.973014 0.985173 0.986504 0.888293 0.987324 0.826839 0.769019 0.985526 0.944888 0.697239 0.882154 0.992053 0.937855 0.930208 0.937695 0.968126 0.765234 0.979700 0.990372 0.946221 0.903787 0.945718 0.836379 0.910065 0.948929 0.875271 0.846652 0.809910 0.854540 0.978872 0.928679 0.812596 0.972943 0.996734 0.816755 0.890500 0.825399 0.757153 0.932241 0.737689 0.961971 0.904132 0.928374 0.899228 0.849895 0.973737 0.919859 0.906689 0.823047 0.912905 0.906810 0.946460 0.913402 0.765579 0.984637
0.854875 0.768332 0.975079 0.967261 0.850501 0.892941 0.901042 0.998943 0.963376 0.807435 0.956209 0.939826 0.863855 0.897251 0.943226 0.968690 0.969005 0.922428 0.851177 0.849408 0.918158 0.823732 0.987891 0.944654 0.890515 0.932374 0.993008 0.963420 0.887662 0.970262 0.877623 0.899570 0.931148 0.874442 0.980647 0.962896 0.658807 0.000000 0.899677 0.980140 0.954193 0.795156 0.655134 0.740242 0.726429 0.680613 0.718182 0.650323 0.688535 0.668446 0.871964 0.851685 0.889299 0.987098 0.794934 0.823100 0.796098 0.790967 0.910720 0.969897 0.887319 0.915566 0.942873 0.949478 0.962291 0.938819 0.895378 0.954647 0.720233 0.814860 0.742169 0.693197 0.863511 0.829638 0.927659 0.936405 0.997003 0.901698 0.832450 0.947848 0.950375 0.927788 0.921380 0.878249 0.909195 0.976979 0.895960 0.995327 0.822857 0.943426 0.922950 0.934099 0.873495 0.912776 0.993991 0.770809 0.711798 0.725939 0.834674 0.816905 0.754266 0.893358 0.820538 0.686419 0.918455 0.709525 0.921492 0.989540 0.911537 0.891935 0.824175 0.859205 0.953739 0.851902 0.884169 0.752318
