0.000000 0.417717 0.739269 0.927217 0.684640 0.800443 0.801421 0.832568 0.869898 0.944356 0.578976 0.382721 0.572883 0.537321 0.696484 0.734517 0.553165 0.523383 0.475949 0.381743 0.991562 0.994293 0.687952 0.811254 0.903396 0.594280 0.890240 0.835002 0.579562 0.686184 0.804285 0.888841 0.956266 0.917174 0.899894 0.809964 0.689590 0.898587 0.895319 0.826270 0.969108 0.903018 0.849540 0.877729 0.824411 0.985550 0.852714 0.942277 0.694245 0.838582 0.963359 0.902744 0.841240 0.586048 0.802183 0.837612 0.388953 0.449851 0.626793 0.652709 0.937037 0.674278 0.599178 0.452504 0.848156 0.827269 0.677390 0.631778 0.398032 0.512704 0.856062 0.775404 0.905901 0.726044 0.960253 0.913863 0.967129 0.703772 0.900411 0.922307 0.553548 0.472755 0.629265 0.701786 0.424896 0.762903 0.866541 0.665047 0.761605 0.519282 0.755974 0.645767 0.676508 0.604886 0.944570 0.918549 0.980484 0.987216 0.973667 0.936454 0.814956 0.612239 0.952726 0.850199 0.903959 0.962593 0.942957 0.682152 0.873015 0.889978 0.965958 0.939657 0.971128 0.905105 0.865959 0.974221
0.417717 0.000000 0.506543 0.823318 0.842297 0.637818 0.565947 0.846302 0.703540 0.857444 0.919818 0.425623 0.847997 0.536650 0.759167 0.708533 0.369986 0.337515 0.544368 0.399997 0.877659 0.927261 0.815664 0.839183 0.928633 0.605948 0.851313 0.753814 0.463441 0.521891 0.708310 0.910974 0.919856 0.975555 0.734172 0.826479 0.781775 0.832257 0.877564 0.660841 0.978563 0.916920 0.959936 0.849244 0.913445 0.685763 0.698011 0.762998 0.361710 0.526034 0.851139 0.883900 0.953080 0.669082 0.734970 0.941343 0.294600 0.295420 0.930472 0.811424 0.734945 0.742366 0.804055 0.513564 0.730017 0.689008 0.472133 0.607114 0.612352 0.460714 0.603923 0.490263 0.716429 0.659187 0.965101 0.988977 0.987731 0.713366 0.894810 0.808931 0.443264 0.391558 0.444330 0.517227 0.414604 0.665597 0.954676 0.593804 0.951513 0.714266 0.488800 0.456824 0.469141 0.398777 0.912699 0.955400 0.877705 0.999745 0.811480 0.880943 0.624187 0.487728 0.824173 0.681954 0.756016 0.820811 0.969069 0.612507 0.895571 0.960854 0.927011 0.943031 0.863157 0.970423 0.924855 0.899242
0.739269 0.506543 0.000000 0.453844 0.979943 0.578631 0.338354 0.655630 0.817251 0.974270 0.956626 0.779714 0.780067 0.974627 0.949032 0.965102 0.731158 0.631879 0.986973 0.784930 0.777549 0.853641 0.855220 0.897489 0.875322 0.537285 0.810798 0.864544 0.757129 0.874351 0.434548 0.516108 0.493083 0.597217 0.537673 0.793376 0.945354 0.789353 0.936535 0.900644 0.804678 0.842782 0.685296 0.790889 0.730364 0.931051 0.796300 0.814971 0.618615 0.848536 0.798226 0.829617 0.688891 0.524773 0.897946 0.881062 0.655668 0.548925 0.968262 0.964012 0.551612 0.989679 0.764036 0.908130 0.417997 0.488347 0.331592 0.436529 0.741517 0.727113 0.513926 0.506405 0.562955 0.615703 0.908083 0.910714 0.830835 0.631582 0.994104 0.919552 0.784124 0.706660 0.714156 0.776698 0.805745 0.986289 0.968322 0.997273 0.943700 0.996938 0.473216 0.611817 0.547802 0.621087 0.763664 0.895086 0.720891 0.973473 0.630165 0.613029 0.553002 0.562674 0.649608 0.617602 0.618187 0.616129 0.885377 0.780005 0.973058 0.749591 0.729745 0.818330 0.771874 0.852752 0.770258 0.958430
0.927217 0.823318 0.453844 0.000000 0.999184 0.746442 0.478029 0.450632 0.938033 0.747548 0.934602 0.968962 0.817283 0.707802 0.820993 0.758026 0.936164 0.919077 0.837588 0.924091 0.780507 0.794720 0.656862 0.642436 0.768441 0.552657 0.898622 0.962083 0.958071 0.858817 0.350598 0.445935 0.529983 0.558092 0.710904 0.849423 0.944521 0.869924 0.903751 0.899045 0.710043 0.878747 0.590451 0.675030 0.635044 0.728064 0.661073 0.703154 0.924197 0.886109 0.622149 0.613221 0.586870 0.560065 0.853354 0.863467 0.863950 0.799614 0.943061 0.994657 0.787266 0.896006 0.714311 0.995582 0.513761 0.483974 0.581662 0.583572 0.842487 0.849840 0.611792 0.573324 0.570873 0.691733 0.822443 0.909354 0.655446 0.557108 0.820428 0.891638 0.960715 0.984501 0.951892 0.999174 0.898142 0.672510 0.932952 0.839414 0.892848 0.920924 0.654744 0.823857 0.710638 0.905874 0.650870 0.872134 0.766470 0.897050 0.671674 0.685133 0.739231 0.741988 0.743529 0.804922 0.674242 0.578445 0.864861 0.899202 0.983029 0.898390 0.703911 0.816745 0.676884 0.852641 0.904594 0.919798
0.684640 0.842297 0.979943 0.999184 0.000000 0.938070 0.860083 0.842206 0.833804 0.820876 0.728879 0.716475 0.665303 0.696774 0.588290 0.626500 0.787551 0.826574 0.677415 0.753223 0.949947 0.902257 0.624367 0.614867 0.999685 0.798976 0.745786 0.781217 0.737587 0.720054 0.969152 0.949987 0.761624 0.890253 0.975860 0.858198 0.982903 0.838710 0.967830 0.986827 0.998091 0.936967 0.976339 0.954375 0.939337 0.961814 0.966301 0.876116 0.808188 0.834497 0.891608 0.930658 0.903734 0.937418 0.843487 0.939513 0.824711 0.952369 0.850288 0.950820 0.903499 0.701386 0.842619 0.719998 0.925582 0.996986 0.988879 0.864870 0.781555 0.757879 0.893923 0.993783 0.907630 0.905437 0.979242 0.977334 0.954415 0.832068 0.903259 0.904490 0.780213 0.857971 0.803354 0.823029 0.678206 0.754837 0.743481 0.673015 0.759325 0.804329 0.978947 0.981282 0.897632 0.895995 0.853426 0.955199 0.997483 0.964507 0.937472 0.885221 0.882205 0.951790 0.933490 0.886443 0.904052 0.942992 0.821733 0.907985 0.854491 0.805210 0.918464 0.895694 0.966064 0.933242 0.963682 0.897474
0.800443 0.637818 0.578631 0.746442 0.938070 0.000000 0.520108 0.780870 0.717085 0.906992 0.730707 0.870478 0.862072 0.986456 0.919950 0.885753 0.756596 0.725986 0.894850 0.773252 0.715291 0.963894 0.967156 0.925939 0.929648 0.697518 0.825048 0.907437 0.729555 0.842984 0.718349 0.713165 0.711040 0.827561 0.779672 0.940134 0.934832 0.864603 0.893336 0.954659 0.959150 0.925417 0.824125 0.896621 0.911021 0.963410 0.978370 0.999461 0.719431 0.826648 0.903536 0.942498 0.883737 0.740027 0.975549 0.935970 0.610031 0.546232 0.939973 0.944618 0.583985 0.889918 0.775376 0.964880 0.716757 0.511229 0.548826 0.638304 0.680839 0.713649 0.600174 0.573940 0.834846 0.684439 0.760844 0.784937 0.877146 0.794150 0.979583 0.912209 0.898995 0.787400 0.753511 0.768507 0.824593 0.865891 0.814129 0.910416 0.988521 0.930179 0.648817 0.669897 0.709292 0.685582 0.920005 0.917979 0.817516 0.961695 0.827807 0.741468 0.721079 0.752118 0.745773 0.805852 0.721562 0.786073 0.815709 0.882928 0.983203 0.958378 0.908164 0.810629 0.980636 0.936756 0.790218 0.978254
0.801421 0.565947 0.338354 0.478029 0.860083 0.520108 0.000000 0.543412 0.661415 0.847445 0.870077 0.882817 0.653630 0.841097 0.820924 0.834233 0.745446 0.687817 0.930175 0.746561 0.776982 0.836899 0.806918 0.870160 0.977740 0.608857 0.828203 0.892637 0.895352 0.990715 0.390403 0.500671 0.461606 0.527106 0.562297 0.813086 0.984812 0.727677 0.923481 0.959186 0.829384 0.808448 0.578157 0.682532 0.636726 0.849082 0.811965 0.758443 0.745404 0.926653 0.646924 0.690698 0.608019 0.438414 0.855765 0.991977 0.614931 0.522083 0.913435 0.960575 0.434449 0.853079 0.653159 0.984809 0.475448 0.370292 0.294132 0.383994 0.724265 0.744996 0.488457 0.420010 0.496875 0.518923 0.852898 0.772425 0.712775 0.556660 0.916267 0.993194 0.812505 0.689476 0.770895 0.740705 0.859466 0.933267 0.986931 0.970586 0.956008 0.999390 0.410999 0.525706 0.551673 0.615454 0.731690 0.755212 0.727470 0.830896 0.477889 0.477366 0.466027 0.473818 0.584730 0.549967 0.593875 0.561636 0.960272 0.773231 0.979421 0.767837 0.735147 0.690307 0.809359 0.841505 0.783859 0.938542
0.832568 0.846302 0.655630 0.450632 0.842206 0.780870 0.543412 0.000000 0.920515 0.615424 0.903600 0.611223 0.580173 0.413441 0.679009 0.564520 0.875668 0.936059 0.701952 0.782274 0.872313 0.980792 0.656606 0.669173 0.900866 0.798804 0.935377 0.821309 0.737809 0.776101 0.578808 0.539242 0.570985 0.559552 0.727838 0.967365 0.889906 0.870842 0.861158 0.834987 0.658018 0.895496 0.460080 0.524273 0.477765 0.509513 0.525681 0.545358 0.700289 0.596629 0.511098 0.527919 0.653666 0.700656 0.717772 0.996983 0.924078 0.967343 0.748133 0.718593 0.618151 0.489505 0.501275 0.612718 0.535713 0.443228 0.641708 0.606463 0.910659 0.855908 0.761295 0.784830 0.652329 0.762764 0.809999 0.799684 0.619716 0.776080 0.980246 0.962688 0.849156 0.930173 0.853679 0.992937 0.701872 0.547199 0.986117 0.679132 0.947234 0.698008 0.750683 0.916082 0.820718 0.967539 0.665224 0.828494 0.782571 0.835412 0.530537 0.478161 0.672366 0.849523 0.666106 0.862181 0.680856 0.731483 0.811171 0.933504 0.902487 0.831061 0.664663 0.587527 0.682859 0.782652 0.868246 0.923641
0.869898 0.703540 0.817251 0.938033 0.833804 0.717085 0.661415 0.920515 0.000000 0.833906 0.812589 0.900669 0.803787 0.867807 0.825832 0.937568 0.798222 0.680018 0.904040 0.709807 0.894316 0.991814 0.967484 0.870612 0.861859 0.926087 0.960349 0.958625 0.794525 0.829618 0.901600 0.955878 0.859849 0.981016 0.795203 0.959631 0.906851 0.739009 0.854826 0.847488 0.922282 0.963398 0.966678 0.990452 0.971416 0.934942 0.930342 0.970772 0.820388 0.992569 0.915495 0.848774 0.863751 0.786484 0.928979 0.996903 0.674043 0.635820 0.865405 0.961228 0.712098 0.793524 0.963492 0.929356 0.729756 0.763414 0.655568 0.803838 0.891706 0.941542 0.798898 0.617332 0.739774 0.604169 0.893116 0.928348 0.749337 0.899628 0.863364 0.877165 0.720230 0.670957 0.680368 0.643809 0.841477 0.909312 0.845728 0.809639 0.710500 0.983552 0.557533 0.493441 0.555314 0.533392 0.799519 0.897730 0.861861 0.857834 0.664143 0.697666 0.624937 0.725047 0.687921 0.598580 0.849395 0.837789 0.883872 0.764522 0.963093 0.820170 0.940559 0.705187 0.969984 0.884833 0.879411 0.814086
0.944356 0.857444 0.974270 0.747548 0.820876 0.906992 0.847445 0.615424 0.833906 0.000000 0.937152 0.700149 0.844578 0.641454 0.533929 0.489989 0.843836 0.889557 0.767411 0.797571 0.931279 0.977018 0.545012 0.634484 0.882315 0.979804 0.979759 0.885014 0.757538 0.723328 0.842632 0.785087 0.793927 0.836678 0.866378 0.757298 0.888171 0.998299 0.937788 0.946341 0.788073 0.949245 0.814966 0.849724 0.723271 0.718622 0.794008 0.795710 0.646946 0.627362 0.698042 0.709988 0.831673 0.943829 0.921264 0.947341 0.960618 0.968725 0.976149 0.945403 0.980685 0.601719 0.909221 0.808923 0.891353 0.840293 0.984039 0.977272 0.931565 0.788315 0.907663 0.976043 0.855330 0.921609 0.716559 0.826365 0.762901 0.929749 0.962275 0.834547 0.856536 0.893254 0.760301 0.929214 0.672404 0.622111 0.866440 0.825556 0.994587 0.807466 0.990205 0.965284 0.930391 0.918763 0.821101 0.947086 0.821191 0.941511 0.918512 0.768952 0.876989 0.893585 0.972184 0.978159 0.895757 0.885432 0.843251 0.959863 0.830937 0.959283 0.830748 0.828654 0.953282 0.942006 0.893063 0.804767
0.578976 0.919818 0.956626 0.934602 0.728879 0.730707 0.870077 0.903600 0.812589 0.937152 0.000000 0.679559 0.510961 0.791830 0.816564 0.884386 0.968201 0.938124 0.831501 0.785410 0.989082 0.957051 0.915135 0.946566 0.812529 0.946894 0.992886 0.922854 0.938078 0.985591 0.888693 0.939509 0.912873 0.915213 0.975750 0.860372 0.789831 0.832181 0.898214 0.886163 0.945715 0.988425 0.842095 0.854620 0.779598 0.784190 0.963595 0.921539 0.936363 0.925729 0.878651 0.842980 0.848135 0.774536 0.977782 0.931903 0.934302 0.995409 0.566560 0.664894 0.570817 0.660342 0.664839 0.642656 0.917730 0.836014 0.917869 0.944671 0.771836 0.828033 0.947160 0.956859 0.932923 0.966588 0.830295 0.965451 0.926804 0.868886 0.779876 0.909586 0.917446 0.889054 0.962247 0.966908 0.814167 0.937631 0.965005 0.995223 0.697218 0.679704 0.865061 0.964756 0.988047 0.928424 0.998679 0.921001 0.938290 0.924758 0.858821 0.901697 0.914411 0.981415 0.814569 0.949506 0.876106 0.920642 0.940217 0.981173 0.935093 0.712359 0.974838 0.840788 0.865242 0.812417 0.957130 0.953008
0.382721 0.425623 0.779714 0.968962 0.716475 0.870478 0.882817 0.611223 0.900669 0.700149 0.679559 0.000000 0.527691 0.381170 0.547729 0.506542 0.547947 0.560315 0.517015 0.424223 0.913605 0.987023 0.622975 0.659506 0.859790 0.685097 0.919683 0.712288 0.494757 0.615668 0.876384 0.998065 0.941815 0.976614 0.888810 0.712677 0.712120 0.905894 0.951443 0.802216 0.919283 0.956995 0.955966 0.944350 0.944017 0.795219 0.771725 0.803361 0.494954 0.622459 0.857455 0.900182 0.938198 0.708426 0.827934 0.928557 0.540390 0.576471 0.692491 0.700305 0.892560 0.427782 0.602203 0.407866 0.987721 0.934782 0.740928 0.754108 0.582318 0.522106 0.853182 0.785620 0.931942 0.864372 0.867568 0.985568 0.921480 0.748693 0.960962 0.921975 0.581937 0.575698 0.617865 0.781946 0.385132 0.581366 0.780070 0.577984 0.813908 0.538397 0.784361 0.709998 0.711539 0.654367 0.942965 0.954997 0.922232 0.987969 0.981419 0.903822 0.908368 0.659596 0.930874 0.831177 0.974884 0.998571 0.983174 0.768265 0.834876 0.928471 0.926797 0.838917 0.958343 0.954005 0.944041 0.803376
0.572883 0.847997 0.780067 0.817283 0.665303 0.862072 0.653630 0.580173 0.803787 0.844578 0.510961 0.527691 0.000000 0.502686 0.555554 0.582549 0.848150 0.935642 0.577360 0.683891 0.996165 0.880926 0.599567 0.785500 0.902778 0.892260 0.974006 0.916904 0.739063 0.772028 0.806025 0.765434 0.665164 0.844748 0.840086 0.935392 0.799690 0.761794 0.894461 0.970602 0.888278 0.990360 0.852116 0.892358 0.855484 0.891104 0.728556 0.812858 0.884661 0.861110 0.798689 0.841875 0.848408 0.941420 0.720209 0.912927 0.821557 0.919913 0.646759 0.760484 0.537274 0.526087 0.582359 0.552049 0.806757 0.736358 0.787077 0.913726 0.724839 0.812261 0.722987 0.858443 0.716902 0.825075 0.814929 0.915822 0.828623 0.917357 0.948743 0.939184 0.893689 0.904747 0.846169 0.964813 0.683944 0.847128 0.729198 0.772763 0.687398 0.656281 0.785688 0.903686 0.900471 0.988499 0.910251 0.870719 0.858346 0.842184 0.639719 0.647073 0.687369 0.955792 0.712045 0.829152 0.722640 0.795457 0.953825 0.921232 0.949278 0.640297 0.751157 0.668106 0.815527 0.918589 0.870447 0.972234
0.537321 0.536650 0.974627 0.707802 0.696774 0.986456 0.841097 0.413441 0.867807 0.641454 0.791830 0.381170 0.502686 0.000000 0.481154 0.385423 0.615033 0.579081 0.418591 0.446212 0.953314 0.924983 0.463543 0.495065 0.949949 0.830007 0.937454 0.815477 0.458813 0.473155 0.794942 0.607206 0.666740 0.678517 0.990339 0.911544 0.811357 0.918171 0.856776 0.750527 0.791757 0.949088 0.621730 0.642973 0.645224 0.594634 0.535230 0.600929 0.490670 0.534204 0.553973 0.640242 0.737164 0.945022 0.646230 0.971829 0.619757 0.715347 0.896451 0.856068 0.879881 0.537104 0.535772 0.496286 0.896385 0.748329 0.941102 0.999925 0.782049 0.668380 0.936517 0.907781 0.795819 0.928477 0.798792 0.882944 0.777887 0.972581 0.931413 0.773587 0.568512 0.584285 0.520579 0.776884 0.373713 0.408890 0.848283 0.484064 0.964567 0.617255 0.899980 0.726070 0.787623 0.619627 0.876146 0.907987 0.980670 0.928913 0.866491 0.725279 0.974472 0.856944 0.969464 0.950623 0.908621 0.883780 0.880591 0.858954 0.914683 0.866590 0.899879 0.734061 0.738308 0.891488 0.983401 0.798888
0.696484 0.759167 0.949032 0.820993 0.588290 0.919950 0.820924 0.679009 0.825832 0.533929 0.816564 0.547729 0.555554 0.481154 0.000000 0.391648 0.657657 0.704712 0.495937 0.604326 0.928304 0.948727 0.396276 0.574865 0.997420 0.843933 0.994831 0.906563 0.624072 0.564566 0.767689 0.712554 0.620090 0.719860 0.970460 0.900758 0.797060 0.756548 0.984679 0.997517 0.972622 0.968408 0.768972 0.799403 0.744339 0.709141 0.729393 0.670128 0.650752 0.618266 0.610234 0.623847 0.661031 0.845780 0.765050 0.993323 0.777781 0.908848 0.978872 0.879381 0.989585 0.651134 0.755101 0.687096 0.872324 0.909401 0.983463 0.878986 0.691494 0.775836 0.835388 0.975762 0.739437 0.759979 0.731411 0.920915 0.743287 0.957470 0.965416 0.765634 0.678568 0.747956 0.637529 0.895453 0.451381 0.639277 0.622188 0.689883 0.817713 0.744630 0.997844 0.977459 0.943969 0.873178 0.864853 0.949664 0.904328 0.836950 0.897628 0.728432 0.909683 0.876545 0.939904 0.805374 0.871739 0.868224 0.823413 0.887488 0.870394 0.841009 0.918518 0.734077 0.812953 0.825839 0.859666 0.964313
0.734517 0.708533 0.965102 0.758026 0.626500 0.885753 0.834233 0.564520 0.937568 0.489989 0.884386 0.506542 0.582549 0.385423 0.391648 0.000000 0.736694 0.719490 0.513191 0.616032 0.958816 0.976330 0.390983 0.433501 0.955779 0.792475 0.975936 0.793126 0.509567 0.502327 0.815913 0.682446 0.725199 0.822632 0.929577 0.786547 0.939426 0.984431 0.954425 0.961421 0.838043 0.997551 0.747749 0.759355 0.706598 0.667560 0.716299 0.742093 0.544385 0.637957 0.647033 0.684406 0.752724 0.904108 0.746314 0.959549 0.827399 0.874622 0.945513 0.901394 0.995999 0.593083 0.801018 0.737965 0.962191 0.820916 0.913868 0.916494 0.864102 0.779767 0.908557 0.966751 0.834679 0.827830 0.725126 0.885095 0.799055 0.945463 0.912845 0.799388 0.718292 0.770542 0.572455 0.853882 0.514875 0.493281 0.736819 0.576028 0.968183 0.778857 0.883831 0.887933 0.855850 0.716434 0.922614 0.872746 0.962123 0.833632 0.958137 0.807601 0.973111 0.817477 0.862561 0.930380 0.953294 0.984428 0.933456 0.847095 0.852499 0.993152 0.947172 0.841695 0.853838 0.910367 0.948769 0.824971
0.553165 0.369986 0.731158 0.936164 0.787551 0.756596 0.745446 0.875668 0.798222 0.843836 0.968201 0.547947 0.848150 0.615033 0.657657 0.736694 0.000000 0.399212 0.539028 0.426536 0.884328 0.992236 0.734212 0.791355 0.893308 0.685582 0.857887 0.928329 0.470534 0.438749 0.904887 0.944831 0.925309 0.892924 0.914990 0.808064 0.782393 0.878937 0.911178 0.653544 0.996568 0.976939 0.948905 0.899931 0.879745 0.701540 0.732421 0.741831 0.540104 0.587889 0.835098 0.916586 0.991970 0.783076 0.724083 0.981351 0.339902 0.411177 0.933618 0.909472 0.780209 0.826403 0.795223 0.542239 0.829799 0.727680 0.617459 0.695714 0.679762 0.467688 0.780150 0.599419 0.828610 0.694468 0.878254 0.960413 0.998665 0.814241 0.741113 0.797999 0.364687 0.408904 0.522290 0.470194 0.442473 0.697175 0.847322 0.589876 0.952314 0.790377 0.542671 0.533651 0.518527 0.509332 0.989027 0.976269 0.910410 0.886962 0.760860 0.920839 0.745373 0.545931 0.852379 0.880003 0.836657 0.894819 0.958522 0.551826 0.957026 0.985725 0.936103 0.979481 0.850003 0.910785 0.991844 0.883791
0.523383 0.337515 0.631879 0.919077 0.826574 0.725986 0.687817 0.936059 0.680018 0.889557 0.938124 0.560315 0.935642 0.579081 0.704712 0.719490 0.399212 0.000000 0.446362 0.429139 0.938650 0.966976 0.753836 0.753104 0.850505 0.673726 0.800441 0.838477 0.504933 0.415292 0.818309 0.992401 0.992460 0.937990 0.713605 0.860578 0.771202 0.908844 0.851834 0.657620 0.995862 0.965849 0.928794 0.844450 0.910221 0.720008 0.716940 0.750875 0.484049 0.596687 0.803787 0.858438 0.899009 0.825318 0.755241 0.933649 0.349031 0.434752 0.853172 0.994705 0.659038 0.973032 0.818599 0.643215 0.755154 0.714613 0.531063 0.624115 0.644494 0.602728 0.692252 0.623930 0.861031 0.756142 0.970972 0.988071 0.955183 0.790208 0.746841 0.659734 0.396119 0.366210 0.414270 0.498273 0.437640 0.644269 0.961104 0.583740 0.983496 0.801328 0.533973 0.541396 0.468039 0.482025 0.969559 0.976156 0.851442 0.994481 0.734235 0.866819 0.581495 0.558251 0.717924 0.761760 0.790884 0.838364 0.999302 0.614525 0.954115 0.961472 0.921484 0.948181 0.834594 0.918539 0.982803 0.978096
0.475949 0.544368 0.986973 0.837588 0.677415 0.894850 0.930175 0.701952 0.904040 0.767411 0.831501 0.517015 0.577360 0.418591 0.495937 0.513191 0.539028 0.446362 0.000000 0.437031 0.956747 0.977889 0.441434 0.573384 0.949190 0.680485 0.911322 0.952415 0.514821 0.463354 0.908940 0.752221 0.702281 0.822870 0.962526 0.879917 0.737494 0.939455 0.863691 0.825130 0.855033 0.942963 0.787106 0.797700 0.807718 0.729314 0.592120 0.685852 0.587511 0.663613 0.681376 0.786551 0.778272 0.994779 0.663729 0.958094 0.463006 0.619732 0.999537 0.988726 0.949798 0.806876 0.660291 0.593323 0.980427 0.942028 0.845347 0.820687 0.590632 0.649320 0.953728 0.922638 0.874677 0.983717 0.954612 0.836246 0.861604 0.932908 0.870406 0.750399 0.570368 0.529415 0.467301 0.661532 0.392485 0.588907 0.780435 0.549787 0.871302 0.678920 0.854356 0.789886 0.734388 0.685368 0.998061 0.864848 0.988913 0.896041 0.967566 0.852738 0.903074 0.740658 0.949527 0.985346 0.991832 0.860876 0.955616 0.671055 0.918640 0.917440 0.927134 0.849014 0.705326 0.836829 0.977811 0.994582
0.381743 0.399997 0.784930 0.924091 0.753223 0.773252 0.746561 0.782274 0.709807 0.797571 0.785410 0.424223 0.683891 0.446212 0.604326 0.616032 0.426536 0.429139 0.437031 0.000000 0.958145 0.985482 0.531439 0.587716 0.986861 0.683797 0.878465 0.862993 0.488821 0.523574 0.938622 0.996000 0.880012 0.975616 0.858902 0.799527 0.777419 0.997461 0.891668 0.747530 0.917120 0.889866 0.990423 0.980329 0.937330 0.773543 0.722197 0.781181 0.543130 0.580888 0.853065 0.941160 0.984989 0.718007 0.705217 0.852707 0.332274 0.409551 0.873224 0.832737 0.836826 0.732440 0.763730 0.550429 0.874479 0.788994 0.637791 0.667150 0.465327 0.518600 0.880894 0.642948 0.929233 0.686238 0.871640 0.986440 0.925837 0.789312 0.982637 0.886892 0.492855 0.392581 0.470693 0.508957 0.354518 0.609029 0.872252 0.558855 0.901125 0.576888 0.623816 0.529053 0.634853 0.498502 0.948086 0.951207 0.980007 0.993740 0.833589 0.900064 0.754825 0.567955 0.822283 0.786560 0.957035 0.998349 0.933819 0.680759 0.978141 0.962113 0.971309 0.980202 0.867189 0.977504 0.905045 0.891935
0.991562 0.877659 0.777549 0.780507 0.949947 0.715291 0.776982 0.872313 0.894316 0.931279 0.989082 0.913605 0.996165 0.953314 0.928304 0.958816 0.884328 0.938650 0.956747 0.958145 0.000000 0.949542 0.943067 0.875548 0.871888 0.781207 0.980165 0.916622 0.880637 0.892902 0.686881 0.794409 0.894251 0.927899 0.903216 0.956574 0.917043 0.995488 0.845563 0.871589 0.845524 0.964525 0.918036 0.975636 0.954364 0.902733 0.970101 0.883901 0.843204 0.726811 0.960737 0.959199 0.933607 0.822670 0.968678 0.937060 0.856458 0.835137 0.934859 0.997622 0.907427 0.843689 0.843742 0.927983 0.990528 0.794482 0.912715 0.903040 0.922503 0.866008 0.748559 0.825218 0.815020 0.730323 0.900893 0.735375 0.871421 0.972020 0.905918 0.899833 0.979130 0.971452 0.942491 0.907798 0.889753 0.923768 0.758067 0.910205 0.897526 0.894818 0.853027 0.947006 0.914249 0.932890 0.927910 0.870135 0.872708 0.941711 0.909866 0.942676 0.944530 0.943087 0.982055 0.935402 0.951421 0.960777 0.870746 0.969786 0.991212 0.949886 0.997560 0.919976 0.974973 0.896899 0.994665 0.905954
0.994293 0.927261 0.853641 0.794720 0.902257 0.963894 0.836899 0.980792 0.991814 0.977018 0.957051 0.987023 0.880926 0.924983 0.948727 0.976330 0.992236 0.966976 0.977889 0.985482 0.949542 0.000000 0.951323 0.992420 0.934571 0.765466 0.896438 0.938218 0.971439 0.841340 0.762420 0.958564 0.788965 0.761368 0.927222 0.826347 0.931804 0.805034 0.952531 0.928875 0.925694 0.974355 0.985315 0.979048 0.957670 0.999429 0.920189 0.892469 0.871126 0.934160 0.881571 0.920752 0.845841 0.882544 0.952826 0.894711 0.989488 0.990538 0.968820 0.988932 0.948688 0.974976 0.895781 0.959827 0.924055 0.950993 0.861817 0.927642 0.915282 0.984360 0.885921 0.926222 0.997352 0.948217 0.815759 0.987040 0.905450 0.846764 0.821887 0.979201 0.903359 0.916833 0.976250 0.844808 0.961008 0.942184 0.803322 0.992605 0.967275 0.972561 0.888513 0.939580 0.916668 0.940486 0.995123 0.989222 0.920932 0.931664 0.954811 0.996480 0.868698 0.992431 0.855865 0.942493 0.842052 0.825211 0.944119 0.975291 0.997633 0.908177 0.834383 0.983229 0.958556 0.938184 0.874817 0.818332
0.687952 0.815664 0.855220 0.656862 0.624367 0.967156 0.806918 0.656606 0.967484 0.545012 0.915135 0.622975 0.599567 0.463543 0.396276 0.390983 0.734212 0.753836 0.441434 0.531439 0.943067 0.951323 0.000000 0.391302 0.973581 0.854313 0.864418 0.991032 0.623613 0.560212 0.686851 0.663742 0.629963 0.809722 0.988378 0.875055 0.871635 0.898247 0.991007 0.979625 0.824040 0.995455 0.902931 0.955236 0.833508 0.827166 0.794001 0.831718 0.748929 0.730697 0.748250 0.787460 0.753963 0.922900 0.854377 0.729228 0.747160 0.855371 0.901687 0.826679 0.930631 0.776900 0.872887 0.811937 0.938694 0.953876 0.957479 0.846232 0.672848 0.784086 0.706359 0.929097 0.667002 0.856186 0.824401 0.905013 0.820807 0.930454 0.993253 0.879424 0.742087 0.671730 0.607825 0.796357 0.487540 0.583546 0.725058 0.571080 0.962862 0.778434 0.987430 0.945480 0.976611 0.788138 0.821740 0.882472 0.836556 0.984408 0.951088 0.890616 0.929422 0.866760 0.890974 0.887060 0.922526 0.834684 0.900491 0.896634 0.907352 0.952589 0.887769 0.958928 0.814067 0.943637 0.854559 0.899459
0.811254 0.839183 0.897489 0.642436 0.614867 0.925939 0.870160 0.669173 0.870612 0.634484 0.946566 0.659506 0.785500 0.495065 0.574865 0.433501 0.791355 0.753104 0.573384 0.587716 0.875548 0.992420 0.391302 0.000000 0.893353 0.976535 0.925103 0.905359 0.660787 0.617414 0.739051 0.692257 0.733891 0.844939 0.984183 0.784238 0.984107 0.977979 0.859401 0.891155 0.752423 0.872433 0.840187 0.857764 0.788843 0.770579 0.834701 0.851628 0.712823 0.736795 0.764693 0.830128 0.803912 0.934662 0.850464 0.977876 0.842107 0.918511 0.872415 0.854901 0.890936 0.820105 0.855968 0.863874 0.991459 0.896018 0.948598 0.932117 0.885210 0.858072 0.797388 0.956654 0.856654 0.954238 0.827083 0.934307 0.788834 0.978418 0.948857 0.839003 0.718750 0.721472 0.677358 0.720686 0.558917 0.488008 0.870750 0.560720 0.974512 0.758668 0.912558 0.854940 0.874577 0.734617 0.995459 0.890479 0.940220 0.995383 0.977750 0.940737 0.901388 0.909896 0.813127 0.924033 0.966724 0.932719 0.993816 0.945002 0.989686 0.891345 0.963715 0.962543 0.936496 0.968309 0.798263 0.815299
0.903396 0.928633 0.875322 0.768441 0.999685 0.929648 0.977740 0.900866 0.861859 0.882315 0.812529 0.859790 0.902778 0.949949 0.997420 0.955779 0.893308 0.850505 0.949190 0.986861 0.871888 0.934571 0.973581 0.893353 0.000000 0.698070 0.926388 0.862158 0.833097 0.945522 0.796172 0.742956 0.925030 0.841587 0.882442 0.820936 0.974659 0.893901 0.799646 0.877796 0.952116 0.849621 0.817337 0.777535 0.829505 0.828197 0.699673 0.842664 0.981147 0.924732 0.830810 0.738102 0.693212 0.766540 0.897817 0.838632 0.907785 0.971543 0.747873 0.872422 0.823548 0.737803 0.956125 0.937071 0.919623 0.969295 0.989237 0.967713 0.758144 0.905515 0.817104 0.953761 0.903661 0.913311 0.976022 0.879210 0.817490 0.876044 0.872981 0.768509 0.802797 0.782915 0.905945 0.941918 0.949278 0.811356 0.898337 0.908779 0.968133 0.854296 0.982985 0.904209 0.963671 0.894956 0.877264 0.950386 0.947051 0.943162 0.925737 0.984593 0.897982 0.943939 0.941296 0.980692 0.985253 0.975626 0.827581 0.974670 0.892986 0.975695 0.976123 0.918206 0.655221 0.853910 0.885424 0.895703
0.594280 0.605948 0.537285 0.552657 0.798976 0.697518 0.608857 0.798804 0.926087 0.979804 0.946894 0.685097 0.892260 0.830007 0.843933 0.792475 0.685582 0.673726 0.680485 0.683797 0.781207 0.765466 0.854313 0.976535 0.698070 0.000000 0.830979 0.966335 0.684498 0.763251 0.520408 0.722386 0.740618 0.689978 0.621176 0.663645 0.902293 0.873053 0.932529 0.957074 0.909157 0.911142 0.747841 0.777848 0.768115 0.898124 0.866006 0.881061 0.707217 0.890527 0.826011 0.765595 0.729909 0.563719 0.935387 0.965095 0.589792 0.601731 0.955470 0.999169 0.779077 0.868665 0.932192 0.769085 0.561591 0.584700 0.521707 0.496353 0.662447 0.701023 0.701067 0.703607 0.707637 0.710398 0.971273 0.931192 0.790803 0.649431 0.946303 0.912823 0.788170 0.762584 0.703925 0.841818 0.729944 0.963768 0.774870 0.807944 0.993634 0.847641 0.590233 0.700545 0.599373 0.693805 0.677975 0.982123 0.776891 0.881849 0.709031 0.772638 0.770206 0.585494 0.672117 0.779070 0.665885 0.794875 0.867695 0.750317 0.916515 0.977227 0.746778 0.809828 0.880355 0.918376 0.782581 0.931769
0.890240 0.851313 0.810798 0.898622 0.745786 0.825048 0.828203 0.935377 0.960349 0.979759 0.992886 0.919683 0.974006 0.937454 0.994831 0.975936 0.857887 0.800441 0.911322 0.878465 0.980165 0.896438 0.864418 0.925103 0.926388 0.830979 0.000000 0.844078 0.997068 0.953136 0.856266 0.859711 0.854421 0.764028 0.755578 0.916420 0.969877 0.970588 0.964949 0.936657 0.937564 0.961414 0.894202 0.862893 0.895401 0.919406 0.944331 0.869589 0.847532 0.864409 0.974376 0.997696 0.977765 0.910417 0.975395 0.842834 0.821730 0.910516 0.926598 0.925555 0.732293 0.946626 0.783571 0.907458 0.759868 0.808526 0.759366 0.669013 0.865850 0.883949 0.897395 0.890602 0.926413 0.967182 0.966400 0.992622 0.987402 0.845371 0.963831 0.977318 0.936487 0.876949 0.819769 0.925801 0.930566 0.882873 0.994641 0.876044 0.879503 0.954963 0.982856 0.997482 0.932710 0.973415 0.926337 0.948533 0.961097 0.936568 0.962819 0.895490 0.939132 0.984485 0.798371 0.989418 0.808114 0.855749 0.924419 0.973496 0.722929 0.877761 0.978250 0.910071 0.995339 0.784893 0.888751 0.924304
0.835002 0.753814 0.864544 0.962083 0.781217 0.907437 0.892637 0.821309 0.958625 0.885014 0.922854 0.712288 0.916904 0.815477 0.906563 0.793126 0.928329 0.838477 0.952415 0.862993 0.916622 0.938218 0.991032 0.905359 0.862158 0.966335 0.844078 0.000000 0.958160 0.927996 0.831293 0.857529 0.951386 0.889185 0.919962 0.860778 0.972071 0.994595 0.967888 0.974295 0.979923 0.963114 0.943690 0.922908 0.928941 0.887798 0.988343 0.908412 0.752934 0.847489 0.951102 0.925113 0.971022 0.883976 0.968117 0.971178 0.899027 0.912671 0.899437 0.922118 0.998371 0.831939 0.910706 0.920564 0.913818 0.946500 0.881103 0.850684 0.980888 0.892224 0.892352 0.926797 0.962190 0.933297 0.982955 0.905984 0.945857 0.756655 0.942466 0.921736 0.875490 0.976394 0.940400 0.985861 0.870846 0.790770 0.929582 0.972911 0.851627 0.961077 0.949612 0.966399 0.954666 0.922081 0.920758 0.976310 0.955911 0.850135 0.993261 0.924543 0.975929 0.897705 0.837557 0.704759 0.867889 0.751554 0.978760 0.909924 0.970803 0.907650 0.960657 0.841045 0.944623 0.954795 0.969340 0.951028
0.579562 0.463441 0.757129 0.958071 0.737587 0.729555 0.895352 0.737809 0.794525 0.757538 0.938078 0.494757 0.739063 0.458813 0.624072 0.509567 0.470534 0.504933 0.514821 0.488821 0.880637 0.971439 0.623613 0.660787 0.833097 0.684498 0.997068 0.958160 0.000000 0.376230 0.962781 0.858344 0.810270 0.752792 0.858216 0.884891 0.711160 0.941896 0.993455 0.737275 0.954127 0.923192 0.822463 0.737742 0.773238 0.630874 0.711965 0.665692 0.475513 0.588716 0.715266 0.817112 0.902974 0.896006 0.649239 0.968390 0.509900 0.545249 0.955514 0.904904 0.889858 0.651905 0.751924 0.536386 0.888923 0.934398 0.721701 0.838562 0.644901 0.506316 0.770496 0.702861 0.922273 0.876094 0.915493 0.929360 0.989516 0.900804 0.748582 0.832745 0.489184 0.520924 0.478216 0.545334 0.399403 0.581365 0.799378 0.518899 0.964788 0.742795 0.653438 0.579747 0.554878 0.507753 0.970063 0.985867 0.909756 0.972797 0.880933 0.939770 0.803417 0.708686 0.849617 0.814614 0.868323 0.905209 0.949893 0.673462 0.836628 0.995679 0.985495 0.978244 0.900017 0.920153 0.997704 0.806051
0.686184 0.521891 0.874351 0.858817 0.720054 0.842984 0.990715 0.776101 0.829618 0.723328 0.985591 0.615668 0.772028 0.473155 0.564566 0.502327 0.438749 0.415292 0.463354 0.523574 0.892902 0.841340 0.560212 0.617414 0.945522 0.763251 0.953136 0.927996 0.376230 0.000000 0.895059 0.723285 0.705360 0.663662 0.837506 0.966151 0.839416 0.964536 0.940533 0.690941 0.943782 0.903954 0.809158 0.742100 0.715314 0.638173 0.669544 0.655829 0.556085 0.623257 0.662014 0.780958 0.801957 0.984127 0.647078 0.964654 0.545065 0.624000 0.772996 0.908116 0.847428 0.828768 0.751802 0.594490 0.873458 0.932841 0.758635 0.864592 0.799917 0.610781 0.874464 0.760385 0.996591 0.909715 0.876511 0.947615 0.948507 0.969172 0.577309 0.635731 0.401533 0.473940 0.436285 0.500415 0.434237 0.583547 0.778662 0.518471 0.898795 0.902622 0.611040 0.590870 0.520025 0.501559 0.999247 0.964307 0.907669 0.978263 0.796900 0.981320 0.816476 0.688694 0.785662 0.864352 0.888782 0.945074 0.963541 0.640999 0.957681 0.932586 0.942286 0.986230 0.731102 0.848005 0.953208 0.878611
0.804285 0.708310 0.434548 0.350598 0.969152 0.718349 0.390403 0.578808 0.901600 0.842632 0.888693 0.876384 0.806025 0.794942 0.767689 0.815913 0.904887 0.818309 0.908940 0.938622 0.686881 0.762420 0.686851 0.739051 0.796172 0.520408 0.856266 0.831293 0.962781 0.895059 0.000000 0.420318 0.458508 0.434434 0.629673 0.769317 0.999664 0.801125 0.926277 0.931858 0.790336 0.849837 0.531834 0.654325 0.617929 0.749716 0.711880 0.676582 0.837030 0.979144 0.567942 0.565080 0.519529 0.409194 0.808964 0.920226 0.762403 0.684756 0.876776 0.922992 0.760180 0.987867 0.732647 0.948663 0.544160 0.519550 0.529526 0.517173 0.819646 0.751384 0.471292 0.594243 0.504814 0.548053 0.886682 0.768891 0.754772 0.504838 0.789030 0.861228 0.991630 0.926804 0.990192 0.937597 0.975579 0.785870 0.957877 0.852513 0.929229 0.937022 0.592865 0.770094 0.687864 0.902196 0.677715 0.884630 0.721795 0.874899 0.645702 0.641840 0.652830 0.605744 0.665186 0.695656 0.637141 0.631478 0.896805 0.865966 0.961244 0.906837 0.724440 0.832047 0.747672 0.794702 0.781325 0.917360
0.888841 0.910974 0.516108 0.445935 0.949987 0.713165 0.500671 0.539242 0.955878 0.785087 0.939509 0.998065 0.765434 0.607206 0.712554 0.682446 0.944831 0.992401 0.752221 0.996000 0.794409 0.958564 0.663742 0.692257 0.742956 0.722386 0.859711 0.857529 0.858344 0.723285 0.420318 0.000000 0.494205 0.429942 0.671098 0.781029 0.974514 0.900085 0.864167 0.848960 0.837985 0.868171 0.488280 0.542059 0.554626 0.646032 0.569710 0.620145 0.977534 0.869072 0.519684 0.555304 0.488991 0.511534 0.745813 0.928706 0.911305 0.809964 0.769854 0.834553 0.812962 0.888511 0.683815 0.896858 0.645908 0.572516 0.639797 0.608114 0.777896 0.894572 0.624231 0.727310 0.584258 0.634308 0.755929 0.810391 0.798231 0.519696 0.777784 0.789958 0.826760 0.930783 0.816475 0.995189 0.810252 0.655227 0.959732 0.737490 0.807761 0.963491 0.796552 0.928545 0.886961 0.997526 0.739691 0.793216 0.854675 0.954228 0.749650 0.610993 0.832491 0.750611 0.753601 0.728819 0.747187 0.672364 0.833724 0.961188 0.967317 0.845042 0.822101 0.734352 0.625816 0.789359 0.708429 0.788860
0.956266 0.919856 0.493083 0.529983 0.761624 0.711040 0.461606 0.570985 0.859849 0.793927 0.912873 0.941815 0.665164 0.666740 0.620090 0.725199 0.925309 0.992460 0.702281 0.880012 0.894251 0.788965 0.629963 0.733891 0.925030 0.740618 0.854421 0.951386 0.810270 0.705360 0.458508 0.494205 0.000000 0.448003 0.664986 0.779311 0.768654 0.745114 0.813626 0.832385 0.828155 0.891455 0.562465 0.592239 0.541691 0.620882 0.636107 0.568540 0.990141 0.799356 0.494993 0.586630 0.524310 0.556405 0.663718 0.971904 0.986889 0.873138 0.976231 0.930736 0.735469 0.816140 0.659878 0.794524 0.535464 0.647162 0.548876 0.575810 0.964423 0.906865 0.629538 0.702127 0.579339 0.722111 0.833805 0.882523 0.714054 0.588241 0.902946 0.879224 0.872287 0.946748 0.930473 0.895624 0.763289 0.729177 0.949044 0.729292 0.872814 0.851939 0.726301 0.834881 0.849924 0.947162 0.691229 0.916124 0.682940 0.785933 0.653076 0.617290 0.707213 0.736949 0.667573 0.641877 0.701443 0.569838 0.952397 0.969094 0.960267 0.815531 0.692419 0.618027 0.618787 0.806192 0.717286 0.994959
0.917174 0.975555 0.597217 0.558092 0.890253 0.827561 0.527106 0.559552 0.981016 0.836678 0.915213 0.976614 0.844748 0.678517 0.719860 0.822632 0.892924 0.937990 0.822870 0.975616 0.927899 0.761368 0.809722 0.844939 0.841587 0.689978 0.764028 0.889185 0.752792 0.663662 0.434434 0.429942 0.448003 0.000000 0.699402 0.683643 0.895360 0.795008 0.897965 0.767149 0.809322 0.799833 0.457042 0.483313 0.474297 0.529034 0.551707 0.480192 0.908055 0.764920 0.477532 0.530192 0.533842 0.539326 0.668856 0.867303 0.992557 0.934483 0.960992 0.953966 0.746334 0.842666 0.582004 0.754665 0.548394 0.590953 0.614668 0.505039 0.881648 0.995145 0.781021 0.839321 0.704788 0.728258 0.874649 0.811224 0.816754 0.625047 0.726610 0.838542 0.771098 0.896199 0.852531 0.839287 0.769510 0.719080 0.988912 0.696045 0.934447 0.984553 0.845159 0.990699 0.969112 0.942253 0.724705 0.948837 0.867380 0.871646 0.735728 0.648105 0.766515 0.785802 0.711444 0.792670 0.756724 0.693787 0.932167 0.973755 0.990877 0.802047 0.799420 0.740626 0.639177 0.746101 0.631724 0.939124
0.899894 0.734172 0.537673 0.710904 0.975860 0.779672 0.562297 0.727838 0.795203 0.866378 0.975750 0.888810 0.840086 0.990339 0.970460 0.929577 0.914990 0.713605 0.962526 0.858902 0.903216 0.927222 0.988378 0.984183 0.882442 0.621176 0.755578 0.919962 0.858216 0.837506 0.629673 0.671098 0.664986 0.699402 0.000000 0.810392 0.943962 0.829543 0.948662 0.920353 0.951704 0.828709 0.682595 0.767745 0.721122 0.825929 0.763024 0.782518 0.780973 0.933039 0.796281 0.838382 0.750552 0.675067 0.833373 0.952603 0.845896 0.811219 0.839292 0.846898 0.614880 0.939063 0.737312 0.984304 0.565738 0.633305 0.442855 0.478907 0.902265 0.878428 0.733707 0.694665 0.749153 0.825280 0.993288 0.953558 0.764358 0.791719 0.996516 0.821434 0.863214 0.766796 0.747359 0.841174 0.904549 0.984237 0.907232 0.988556 0.851559 0.969042 0.619265 0.730130 0.657613 0.750252 0.715903 0.879670 0.707310 0.743763 0.600663 0.632199 0.674403 0.636924 0.644196 0.653937 0.561788 0.678193 0.929704 0.816229 0.984196 0.912593 0.828595 0.709795 0.835596 0.785021 0.738811 0.876206
0.809964 0.826479 0.793376 0.849423 0.858198 0.940134 0.813086 0.967365 0.959631 0.757298 0.860372 0.712677 0.935392 0.911544 0.900758 0.786547 0.808064 0.860578 0.879917 0.799527 0.956574 0.826347 0.875055 0.784238 0.820936 0.663645 0.916420 0.860778 0.884891 0.966151 0.769317 0.781029 0.779311 0.683643 0.810392 0.000000 0.947597 0.819988 0.892627 0.972634 0.939803 0.964220 0.820054 0.823014 0.818737 0.908880 0.853468 0.930048 0.861602 0.912012 0.902376 0.879522 0.753409 0.716568 0.993366 0.964235 0.909056 0.900444 0.853945 0.867939 0.956589 0.817766 0.966172 0.820623 0.797682 0.892200 0.758012 0.709855 0.936079 0.826706 0.972701 0.892022 0.870982 0.843923 0.945328 0.874229 0.997535 0.620016 0.963005 0.939919 0.889303 0.934587 0.949161 0.973735 0.866166 0.848852 0.898506 0.943492 0.805166 0.842492 0.854347 0.947790 0.864703 0.888626 0.907458 0.927760 0.881114 0.933457 0.872211 0.895766 0.961533 0.741553 0.808566 0.823081 0.849949 0.880411 0.827590 0.975801 0.806131 0.897653 0.911391 0.908201 0.643079 0.844340 0.776436 0.932075
0.689590 0.781775 0.945354 0.944521 0.982903 0.934832 0.984812 0.889906 0.906851 0.888171 0.789831 0.712120 0.799690 0.811357 0.797060 0.939426 0.782393 0.771202 0.737494 0.777419 0.917043 0.931804 0.871635 0.984107 0.974659 0.902293 0.969877 0.972071 0.711160 0.839416 0.999664 0.974514 0.768654 0.895360 0.943962 0.947597 0.000000 0.813711 0.923780 0.777757 0.889467 0.974426 0.968926 0.895699 0.988909 0.864587 0.832314 0.823313 0.884309 0.824522 0.806579 0.836578 0.912578 0.970066 0.788585 0.919140 0.742416 0.831001 0.772249 0.830653 0.938198 0.770471 0.721712 0.664031 0.793878 0.985177 0.972397 0.945053 0.663645 0.695058 0.969819 0.917702 0.975525 0.974136 0.876781 0.931171 0.898504 0.976959 0.922406 0.986037 0.804618 0.731399 0.913859 0.982789 0.656256 0.819016 0.892029 0.865348 0.749020 0.655599 0.991642 0.996445 0.971158 0.993286 0.794985 0.949704 0.864923 0.959909 0.863649 0.840465 0.995631 0.903207 0.773802 0.854713 0.943910 0.754935 0.776691 0.949306 0.817112 0.813597 0.751121 0.715867 0.890356 0.905014 0.861417 0.889369
0.898587 0.832257 0.789353 0.869924 0.838710 0.864603 0.727677 0.870842 0.739009 0.998299 0.832181 0.905894 0.761794 0.918171 0.756548 0.984431 0.878937 0.908844 0.939455 0.997461 0.995488 0.805034 0.898247 0.977979 0.893901 0.873053 0.970588 0.994595 0.941896 0.964536 0.801125 0.900085 0.745114 0.795008 0.829543 0.819988 0.813711 0.000000 0.981525 0.983475 0.964420 0.721837 0.900155 0.933876 0.926572 0.995602 0.984689 0.861131 0.861845 0.988787 0.820809 0.877645 0.795653 0.791285 0.880092 0.904473 0.906927 0.783810 0.867548 0.921044 0.746083 0.812497 0.718688 0.920425 0.724473 0.782636 0.757058 0.848341 0.807309 0.944336 0.714669 0.779239 0.718718 0.688537 0.961920 0.917693 0.976758 0.801560 0.916794 0.907261 0.999985 0.928993 0.790478 0.836757 0.889432 0.962609 0.805866 0.885183 0.749489 0.863768 0.695041 0.744707 0.808605 0.714595 0.857053 0.891981 0.790872 0.852659 0.798463 0.739419 0.738860 0.785614 0.714079 0.756297 0.927415 0.833149 0.990179 0.876418 0.899637 0.832774 0.775258 0.789554 0.892115 0.790972 0.659451 0.930471
