0.000000 0.365728 0.537757 0.511931 0.736501 0.649242 0.350724 0.300673 0.579184 0.654901 0.330068 0.263222 0.313828 0.372585 0.594461 0.570078 0.375812 0.374856 0.386231 0.336369 0.975906 0.962680 0.630081 0.827538 0.922241 0.916648 0.896832 0.980000 0.353991 0.431109 0.728171 0.805057 0.325427 0.275110 0.553320 0.879923 0.711297 0.930331 0.850649 0.985580 0.840302 0.864368 0.574760 0.603572 0.584658 0.602467 0.451003 0.528435 0.859792 0.832553 0.783228 0.777237 0.894574 0.974798 0.701645 0.693650 0.390839 0.434563 0.278804 0.396545 0.278070 0.334341 0.296229 0.354093 0.582731 0.458675 0.395545 0.421456 0.623032 0.656699 0.549815 0.658043 0.819220 0.703260 0.871877 0.887476 0.561911 0.716497 0.618456 0.846734 0.356965 0.499864 0.665920 0.606507 0.425014 0.641138 0.952335 0.929946 0.645616 0.627601 0.671497 0.800735 0.716999 0.794582 0.753671 0.748298 0.630651 0.712626 0.441270 0.425613 0.591373 0.662299 0.536944 0.618823 0.472323 0.564051 0.939416 0.649957 0.646438 0.764107 0.794556 0.738093 0.640669 0.961478 0.758775 0.978283
0.365728 0.000000 0.729563 0.672482 0.877831 0.808456 0.587195 0.442948 0.778905 0.749903 0.635357 0.448554 0.621402 0.585204 0.791215 0.669191 0.333835 0.397745 0.550398 0.411433 0.973874 0.937087 0.775646 0.829879 0.985477 0.868305 0.957561 0.882709 0.437051 0.514214 0.769472 0.834875 0.444633 0.442528 0.745329 0.836583 0.750687 0.981641 0.956906 0.937540 0.743413 0.878376 0.580034 0.591163 0.512858 0.462825 0.526732 0.557272 0.657018 0.665289 0.569957 0.643787 0.856494 0.978057 0.627658 0.683403 0.279301 0.210871 0.463114 0.372572 0.486792 0.328145 0.520797 0.478827 0.695072 0.478542 0.555896 0.508020 0.466543 0.542426 0.720444 0.805614 0.750921 0.739587 0.726180 0.762604 0.705694 0.769601 0.621636 0.711861 0.362775 0.437637 0.588102 0.518360 0.548576 0.592239 0.960366 0.931726 0.739707 0.611113 0.835256 0.984461 0.865841 0.973187 0.628417 0.915720 0.528534 0.710629 0.530409 0.512367 0.797841 0.890143 0.608522 0.797902 0.556635 0.654473 0.918304 0.665003 0.631235 0.675150 0.660073 0.573019 0.744298 0.812586 0.655173 0.953588
0.537757 0.729563 0.000000 0.222363 0.864169 0.812634 0.267552 0.390853 0.509012 0.849020 0.626248 0.719263 0.458437 0.532621 0.454241 0.407446 0.806241 0.704615 0.384394 0.557474 0.733289 0.889922 0.298208 0.450285 0.527318 0.413337 0.933356 0.827390 0.666900 0.714425 0.318183 0.476813 0.381180 0.354646 0.411148 0.746495 0.479791 0.718853 0.952468 0.875991 0.873221 0.981184 0.494913 0.564872 0.555315 0.642871 0.560780 0.463169 0.986880 0.859042 0.707832 0.746700 0.710169 0.725460 0.540556 0.642781 0.872429 0.866467 0.609586 0.852973 0.479643 0.691672 0.659355 0.805861 0.282959 0.462525 0.346518 0.416340 0.696198 0.891196 0.466490 0.457491 0.688043 0.646902 0.870756 0.956728 0.556792 0.581657 0.715094 0.781967 0.702303 0.649959 0.585045 0.750552 0.375418 0.450343 0.854008 0.853957 0.690315 0.594580 0.556287 0.696442 0.635909 0.668074 0.686890 0.821847 0.653171 0.858196 0.642741 0.555469 0.704390 0.734893 0.740669 0.779833 0.597073 0.606063 0.867917 0.714554 0.690906 0.961269 0.878469 0.945894 0.817219 0.873254 0.874911 0.920372
0.511931 0.672482 0.222363 0.000000 0.929845 0.747783 0.252279 0.328465 0.582730 0.883569 0.578846 0.631231 0.448155 0.440600 0.511667 0.442926 0.763339 0.668282 0.293151 0.441486 0.776323 0.942310 0.301818 0.357209 0.547335 0.448133 0.914415 0.785678 0.672187 0.711076 0.338826 0.445076 0.324971 0.325747 0.406578 0.686358 0.569498 0.792309 0.901573 0.829524 0.822096 0.926468 0.466396 0.528643 0.561193 0.649926 0.486445 0.448814 0.996944 0.883918 0.714199 0.788134 0.742212 0.784220 0.600557 0.644480 0.779648 0.850142 0.594927 0.791539 0.484844 0.653662 0.645734 0.816758 0.308037 0.350889 0.304660 0.317900 0.742901 0.909283 0.436953 0.446200 0.668445 0.630923 0.740014 0.962253 0.546690 0.577868 0.718344 0.757487 0.711367 0.637484 0.538396 0.773512 0.356492 0.405257 0.793558 0.763066 0.674294 0.555217 0.537264 0.722641 0.638951 0.709384 0.720575 0.760543 0.674198 0.781977 0.603018 0.492983 0.648672 0.655959 0.727381 0.732112 0.582682 0.600260 0.948140 0.735046 0.678311 0.990558 0.849709 0.880295 0.829096 0.936192 0.839760 0.893427
0.736501 0.877831 0.864169 0.929845 0.000000 0.846011 0.800451 0.775878 0.667200 0.656828 0.815434 0.782298 0.724810 0.820996 0.714146 0.902115 0.772683 0.827763 0.861462 0.937356 0.977661 0.971833 0.856649 0.872183 0.909292 0.867878 0.961531 0.907788 0.778178 0.799067 0.960379 0.894957 0.804594 0.775842 0.696898 0.989067 0.895718 0.842542 0.988275 0.854429 0.974462 0.881203 0.850306 0.831561 0.884133 0.917097 0.916739 0.917195 0.985543 0.931706 0.897965 0.822199 0.885072 0.904654 0.973102 0.880988 0.860930 0.791987 0.629569 0.725098 0.688548 0.818134 0.629366 0.683749 0.834731 0.912222 0.748760 0.799956 0.960469 0.913114 0.794891 0.770486 0.941203 0.989396 0.912089 0.922781 0.872917 0.902306 0.978276 0.993096 0.765135 0.980868 0.925666 0.857124 0.839811 0.976758 0.891064 0.650490 0.717091 0.956862 0.747350 0.739036 0.758493 0.696951 0.987690 0.999229 0.784289 0.911299 0.698936 0.819993 0.960632 0.895699 0.681422 0.776685 0.818645 0.637796 0.868977 0.697504 0.815666 0.879101 0.832594 0.906036 0.765119 0.913986 0.875837 0.916220
0.649242 0.808456 0.812634 0.747783 0.846011 0.000000 0.611188 0.602982 0.702056 0.752447 0.628828 0.663529 0.717254 0.813106 0.892289 0.855327 0.751161 0.665648 0.629653 0.676424 0.928913 0.966811 0.902207 0.961107 0.873093 0.941402 0.943767 0.795112 0.726822 0.811515 0.921514 0.923890 0.692155 0.643728 0.810064 0.958198 0.880713 0.990976 0.876726 0.931926 0.939844 0.894926 0.644979 0.689673 0.674703 0.671717 0.690772 0.763737 0.878354 0.833488 0.848070 0.838197 0.864084 0.903678 0.802074 0.876718 0.732716 0.848381 0.682836 0.800324 0.673916 0.681005 0.731621 0.776580 0.857165 0.705134 0.647478 0.602237 0.897821 0.875326 0.795736 0.852097 0.844030 0.708673 0.996475 0.914209 0.750699 0.714992 0.761645 0.984994 0.701307 0.806478 0.916934 0.901006 0.842378 0.895868 0.959176 0.973946 0.841534 0.858311 0.702001 0.756997 0.756571 0.782825 0.902250 0.859492 0.802293 0.983513 0.632339 0.689203 0.797881 0.763135 0.663368 0.622997 0.796010 0.865415 0.973358 0.925056 0.996548 0.981869 0.875138 0.836210 0.819094 0.909649 0.890205 0.941835
0.350724 0.587195 0.267552 0.252279 0.800451 0.611188 0.000000 0.189140 0.407847 0.569282 0.402861 0.456097 0.345197 0.429233 0.495092 0.480684 0.591820 0.476514 0.277703 0.396481 0.879650 0.949594 0.441277 0.645000 0.841546 0.656143 0.925664 0.885417 0.446674 0.553917 0.499803 0.615328 0.312755 0.260571 0.409213 0.777980 0.624053 0.831929 0.948245 0.935810 0.817979 0.915300 0.381720 0.419970 0.417561 0.486267 0.445285 0.415777 0.841160 0.766637 0.628530 0.657879 0.628653 0.713260 0.580170 0.631629 0.674112 0.719124 0.375128 0.705445 0.381712 0.551935 0.462533 0.593780 0.415262 0.456090 0.243398 0.318124 0.733577 0.813325 0.356086 0.410735 0.606369 0.543766 0.826063 0.968208 0.417497 0.527003 0.606705 0.866602 0.541514 0.611536 0.655457 0.738546 0.441068 0.597033 0.941119 0.986224 0.710160 0.663089 0.396895 0.521546 0.479444 0.534527 0.693273 0.673824 0.543597 0.697664 0.369723 0.320774 0.514631 0.514354 0.516074 0.529581 0.443506 0.478246 0.873968 0.633773 0.637764 0.835351 0.772724 0.755971 0.644280 0.849213 0.795240 0.986212
0.300673 0.442948 0.390853 0.328465 0.775878 0.602982 0.189140 0.000000 0.490929 0.532788 0.362487 0.339998 0.357473 0.384753 0.602083 0.563839 0.465459 0.389338 0.267254 0.328110 0.996502 0.959671 0.540551 0.695279 0.952505 0.786003 0.868133 0.952943 0.355456 0.489900 0.569535 0.672494 0.292442 0.251750 0.456156 0.810885 0.710040 0.930620 0.927873 0.990350 0.781220 0.891856 0.393997 0.425893 0.435664 0.468435 0.427545 0.450631 0.772276 0.749929 0.649005 0.688130 0.699765 0.836537 0.627644 0.617361 0.496859 0.551094 0.340280 0.591631 0.350881 0.423538 0.382207 0.489119 0.514020 0.437316 0.291691 0.304121 0.688224 0.723097 0.429101 0.471016 0.642549 0.521540 0.789324 0.948807 0.469251 0.573599 0.600512 0.829916 0.460940 0.549566 0.630252 0.700286 0.467000 0.630695 0.929417 0.996781 0.701836 0.629536 0.478251 0.620565 0.539481 0.668272 0.709775 0.684261 0.494255 0.645489 0.354621 0.302790 0.520869 0.541055 0.474555 0.514895 0.423817 0.474377 0.936113 0.656968 0.618872 0.731909 0.663527 0.690625 0.603918 0.893812 0.765791 0.971703
0.579184 0.778905 0.509012 0.582730 0.667200 0.702056 0.407847 0.490929 0.000000 0.439728 0.569562 0.610790 0.562692 0.784647 0.598463 0.654613 0.645506 0.637808 0.695114 0.705050 0.922227 0.954861 0.697489 0.994692 0.980481 0.859031 0.904804 0.962956 0.513138 0.577832 0.804488 0.997260 0.633092 0.539738 0.644110 0.941441 0.737767 0.795891 0.818393 0.971860 0.914857 0.735555 0.634406 0.607519 0.569306 0.598105 0.736539 0.664615 0.830476 0.835747 0.659365 0.624990 0.578322 0.653628 0.674898 0.695680 0.946632 0.816803 0.429673 0.671997 0.484804 0.636298 0.556010 0.575927 0.598964 0.790685 0.520598 0.627968 0.822752 0.865203 0.496292 0.608092 0.688229 0.763116 0.903205 0.755791 0.483291 0.649687 0.655099 0.955239 0.598911 0.826394 0.928951 0.760699 0.745274 0.951560 0.870399 0.787348 0.690103 0.801836 0.510063 0.468807 0.524624 0.466284 0.763522 0.994404 0.544456 0.793982 0.471652 0.468448 0.697752 0.656960 0.572976 0.642713 0.527206 0.470349 0.685799 0.632385 0.739738 0.783374 0.736202 0.755888 0.596272 0.749404 0.795381 0.869445
0.654901 0.749903 0.849020 0.883569 0.656828 0.752447 0.569282 0.532788 0.439728 0.000000 0.594993 0.589462 0.745256 0.872834 0.765452 0.904763 0.540743 0.519337 0.776534 0.784768 0.806138 0.962993 0.953242 0.641647 0.628447 0.748768 0.817360 0.889403 0.467036 0.563750 0.896825 0.767613 0.836603 0.671563 0.759848 0.923679 0.981554 0.977917 0.843775 0.911607 0.843678 0.700698 0.678242 0.621121 0.571899 0.576162 0.872750 0.851728 0.711379 0.761671 0.638373 0.619801 0.632129 0.710061 0.973803 0.853758 0.776209 0.719479 0.480678 0.793311 0.696941 0.727403 0.569497 0.500997 0.981205 0.955097 0.653177 0.774715 0.871491 0.857805 0.513596 0.629234 0.744363 0.697486 0.966107 0.837698 0.523352 0.657378 0.695007 0.843275 0.607574 0.921792 0.937012 0.818676 0.958457 0.731690 0.840780 0.574025 0.952337 0.889862 0.462838 0.417841 0.449094 0.462749 0.847290 0.863172 0.578151 0.718313 0.382499 0.467612 0.611706 0.604676 0.367182 0.515009 0.563185 0.565986 0.824190 0.568557 0.759064 0.695814 0.661966 0.716761 0.505762 0.801630 0.778908 0.773356
0.330068 0.635357 0.626248 0.578846 0.815434 0.628828 0.402861 0.362487 0.569562 0.594993 0.000000 0.284694 0.301304 0.399628 0.747796 0.717566 0.485362 0.429403 0.410783 0.434553 0.862783 0.888200 0.761373 0.900293 0.779692 0.927541 0.819697 0.944736 0.388254 0.408813 0.822351 0.828539 0.446212 0.368885 0.670611 0.941861 0.935690 0.916901 0.974355 0.957495 0.962685 0.848682 0.782236 0.727751 0.743104 0.753571 0.637985 0.696241 0.971596 0.981099 0.987395 0.973220 0.998816 0.846433 0.764752 0.821225 0.617716 0.658513 0.421501 0.580067 0.347457 0.438124 0.265107 0.360785 0.735366 0.619413 0.526444 0.539984 0.848065 0.891860 0.679294 0.794845 0.958866 0.820405 0.871446 0.979440 0.713049 0.832616 0.669719 0.885157 0.411730 0.545936 0.934649 0.714268 0.615675 0.817256 0.935260 0.899336 0.723563 0.755658 0.788942 0.823410 0.823338 0.843309 0.888395 0.736627 0.801236 0.842789 0.568129 0.533600 0.570441 0.663130 0.634322 0.624802 0.570305 0.673629 0.959855 0.889838 0.777835 0.825371 0.864202 0.903015 0.702321 0.820688 0.877236 0.875523
0.263222 0.448554 0.719263 0.631231 0.782298 0.663529 0.456097 0.339998 0.610790 0.589462 0.284694 0.000000 0.360646 0.396724 0.720486 0.688140 0.330298 0.333683 0.485799 0.401082 0.948220 0.996414 0.798474 0.935004 0.711887 0.896624 0.868083 0.893720 0.315970 0.341466 0.904457 0.945622 0.436928 0.382754 0.688712 0.998510 0.919972 0.973046 0.885897 0.911557 0.846378 0.841352 0.731626 0.695480 0.639093 0.651757 0.608323 0.622752 0.855770 0.885623 0.904156 0.876088 0.946230 0.911829 0.811323 0.770338 0.433106 0.474116 0.327963 0.415926 0.304574 0.281539 0.262966 0.261297 0.734151 0.522949 0.507124 0.487331 0.751758 0.709466 0.680914 0.761960 0.923432 0.756038 0.838169 0.913955 0.640010 0.773577 0.628936 0.834046 0.352207 0.541607 0.797080 0.630035 0.616675 0.793298 0.956948 0.903455 0.736148 0.699004 0.726187 0.836390 0.777838 0.824283 0.807692 0.822915 0.694092 0.749839 0.472967 0.484184 0.620444 0.713068 0.558128 0.615857 0.519172 0.591963 0.986398 0.771689 0.674286 0.770949 0.732068 0.699012 0.715287 0.924103 0.772058 0.971698
0.313828 0.621402 0.458437 0.448155 0.724810 0.717254 0.345197 0.357473 0.562692 0.745256 0.301304 0.360646 0.000000 0.274260 0.473189 0.494840 0.593540 0.519348 0.382985 0.414113 0.836503 0.993383 0.451453 0.645419 0.998384 0.878222 0.996406 0.949584 0.471385 0.456031 0.632914 0.680030 0.317733 0.302707 0.555035 0.908680 0.808464 0.900208 0.950897 0.999979 0.892506 0.982273 0.687407 0.702702 0.810810 0.854104 0.591057 0.609339 0.810896 0.886568 0.962137 0.978287 0.999904 0.939382 0.729368 0.831755 0.632706 0.689221 0.371804 0.523951 0.244679 0.450153 0.265216 0.428381 0.489172 0.440088 0.437878 0.464520 0.792529 0.830506 0.592250 0.689225 0.904212 0.857588 0.837376 0.907292 0.710530 0.727355 0.756768 0.785513 0.483490 0.619074 0.701379 0.828699 0.380572 0.573956 0.867013 0.929035 0.644988 0.675979 0.751453 0.848906 0.865647 0.792786 0.883327 0.735177 0.808293 0.841230 0.605123 0.581533 0.615367 0.692928 0.713827 0.683870 0.562056 0.551551 0.910806 0.802668 0.725227 0.873162 0.973041 0.890827 0.786548 0.944112 0.825284 0.908855
0.372585 0.585204 0.532621 0.440600 0.820996 0.813106 0.429233 0.384753 0.784647 0.872834 0.399628 0.396724 0.274260 0.000000 0.522786 0.501546 0.687201 0.538142 0.355341 0.421074 0.889345 0.983510 0.428648 0.546638 0.947525 0.856361 0.979228 0.895198 0.563136 0.498993 0.570875 0.583506 0.263460 0.329950 0.552057 0.765043 0.731027 0.972083 0.904639 0.976113 0.897281 0.959429 0.753667 0.799002 0.868595 0.914909 0.677911 0.688622 0.745146 0.818883 0.929803 0.936317 0.929178 0.837261 0.897071 0.908748 0.553053 0.640815 0.465090 0.542409 0.322447 0.472431 0.344614 0.507901 0.523235 0.354225 0.451223 0.376168 0.932696 0.822189 0.669449 0.613711 0.999670 0.850038 0.770640 0.852753 0.809506 0.773847 0.735345 0.687529 0.570291 0.685062 0.581736 0.834765 0.363678 0.493639 0.785163 0.920759 0.649497 0.607648 0.797262 0.998050 0.874889 0.945890 0.939265 0.702896 0.860835 0.882931 0.689810 0.649436 0.580676 0.751290 0.797823 0.833653 0.596428 0.648721 0.939739 0.883706 0.713751 0.896830 0.886542 0.934603 0.922027 0.832120 0.855105 0.911185
0.594461 0.791215 0.454241 0.511667 0.714146 0.892289 0.495092 0.602083 0.598463 0.765452 0.747796 0.720486 0.473189 0.522786 0.000000 0.415014 0.830563 0.717238 0.654600 0.708894 0.655664 0.854134 0.371116 0.667066 0.757729 0.701965 0.852916 0.807686 0.707091 0.675387 0.540495 0.746993 0.470131 0.513897 0.544940 0.768967 0.535782 0.731086 0.962497 0.997703 0.821982 0.991995 0.727268 0.847545 0.754674 0.851596 0.795323 0.705204 0.782996 0.946559 0.820748 0.753357 0.754369 0.742145 0.832273 0.843085 0.847357 0.833702 0.525575 0.690434 0.446071 0.702637 0.580135 0.657477 0.436729 0.573681 0.481441 0.546527 0.811312 0.800088 0.518423 0.470119 0.824989 0.884068 0.935615 0.983655 0.719892 0.710757 0.710762 0.878617 0.737570 0.921601 0.582583 0.811727 0.427631 0.588392 0.729343 0.987336 0.753152 0.700927 0.647376 0.733068 0.735518 0.646029 0.818198 0.809379 0.783855 0.855829 0.664017 0.694225 0.828283 0.856438 0.736634 0.819007 0.618572 0.532493 0.699902 0.652124 0.680354 0.944314 0.856653 0.863763 0.941844 0.806882 0.778743 0.972225
0.570078 0.669191 0.407446 0.442926 0.902115 0.855327 0.480684 0.563839 0.654613 0.904763 0.717566 0.688140 0.494840 0.501546 0.415014 0.000000 0.755983 0.592094 0.559127 0.561048 0.592537 0.992464 0.349534 0.507327 0.613830 0.471678 0.843872 0.904652 0.602351 0.548119 0.418684 0.499996 0.408711 0.474682 0.541491 0.618532 0.436467 0.683995 0.996729 0.938288 0.840145 0.991202 0.708338 0.763505 0.719660 0.744837 0.680445 0.672609 0.871549 0.946268 0.773656 0.772083 0.815389 0.795547 0.722260 0.840845 0.752810 0.745405 0.657651 0.777535 0.496065 0.617161 0.640209 0.710716 0.407573 0.437597 0.491015 0.504467 0.811473 0.847104 0.568146 0.556627 0.797615 0.723342 0.759787 0.949333 0.720697 0.764368 0.630495 0.614990 0.566654 0.672580 0.572572 0.777386 0.379910 0.441713 0.809012 0.908967 0.758548 0.699307 0.637366 0.876577 0.720850 0.732011 0.676060 0.854259 0.680377 0.831597 0.707484 0.744859 0.768236 0.854564 0.817070 0.946761 0.616678 0.727357 0.845274 0.774276 0.762906 0.924437 0.894104 0.863765 0.973065 0.925221 0.862465 0.932983
0.375812 0.333835 0.806241 0.763339 0.772683 0.751161 0.591820 0.465459 0.645506 0.540743 0.485362 0.330298 0.593540 0.687201 0.830563 0.755983 0.000000 0.283039 0.635166 0.485862 0.943270 0.997097 0.913676 0.945484 0.808190 0.913898 0.913742 0.789352 0.329647 0.364397 0.925937 0.998158 0.572040 0.484903 0.785082 0.969455 0.840265 0.933946 0.956655 0.808285 0.732218 0.810120 0.712037 0.633387 0.559113 0.523250 0.657225 0.705334 0.684216 0.732924 0.691248 0.723900 0.858164 0.981982 0.761119 0.715466 0.372246 0.302384 0.453268 0.482126 0.497662 0.361158 0.413632 0.314470 0.842562 0.657333 0.588104 0.577242 0.601626 0.715253 0.690173 0.836883 0.853257 0.728682 0.861091 0.855658 0.675301 0.786217 0.655943 0.934198 0.283060 0.487140 0.822052 0.472731 0.726376 0.847073 0.935572 0.852849 0.808936 0.752224 0.754393 0.816469 0.756119 0.844738 0.580984 0.955453 0.570627 0.603120 0.500949 0.504819 0.704446 0.800565 0.519934 0.607081 0.503624 0.655744 0.990584 0.647176 0.766032 0.763922 0.709228 0.599474 0.675580 0.873671 0.706658 0.931661
0.374856 0.397745 0.704615 0.668282 0.827763 0.665648 0.476514 0.389338 0.637808 0.519337 0.429403 0.333683 0.519348 0.538142 0.717238 0.592094 0.283039 0.000000 0.529705 0.418619 0.997010 0.916639 0.819628 0.963028 0.884732 0.934564 0.943396 0.878003 0.286507 0.290557 0.790515 0.821684 0.466881 0.410820 0.721936 0.816183 0.690139 0.863143 0.956809 0.808471 0.787632 0.789241 0.663379 0.609224 0.504791 0.497388 0.655269 0.689702 0.765705 0.739098 0.659966 0.711783 0.803949 0.900001 0.723452 0.827602 0.368414 0.359646 0.481881 0.590708 0.471432 0.403957 0.391837 0.317293 0.781922 0.570290 0.480940 0.481257 0.627355 0.706128 0.627196 0.705696 0.775920 0.651774 0.910469 0.838895 0.654115 0.725152 0.517817 0.806148 0.242302 0.429361 0.709875 0.546397 0.672041 0.739565 0.966652 0.887084 0.754118 0.788314 0.639715 0.767441 0.628581 0.797242 0.704957 0.882709 0.549913 0.728701 0.461050 0.484792 0.574907 0.723401 0.448271 0.589428 0.451900 0.677665 0.918640 0.702302 0.722686 0.731440 0.729209 0.644623 0.730928 0.883286 0.746376 0.985937
0.386231 0.550398 0.384394 0.293151 0.861462 0.629653 0.277703 0.267254 0.695114 0.776534 0.410783 0.485799 0.382985 0.355341 0.654600 0.559127 0.635166 0.529705 0.000000 0.336800 0.934748 0.946512 0.454063 0.542354 0.834992 0.695973 0.941735 0.838537 0.544668 0.644939 0.484134 0.543588 0.275094 0.262932 0.437072 0.722517 0.675303 0.930222 0.921809 0.889805 0.807537 0.975707 0.472060 0.515135 0.571551 0.622814 0.449018 0.489251 0.943553 0.893681 0.807313 0.854546 0.850704 0.953273 0.650311 0.729434 0.558689 0.675715 0.514289 0.695623 0.461743 0.571961 0.500004 0.677563 0.505460 0.400064 0.332629 0.316982 0.767077 0.797627 0.490848 0.552789 0.756246 0.642389 0.736612 0.859112 0.595926 0.633920 0.723413 0.784462 0.596860 0.589092 0.644655 0.814738 0.422723 0.528046 0.867827 0.858548 0.682776 0.680014 0.584654 0.770325 0.678744 0.793761 0.848929 0.693762 0.690025 0.810673 0.501743 0.448946 0.569078 0.612210 0.645356 0.645797 0.565496 0.639095 0.969504 0.703761 0.690762 0.956895 0.887474 0.765774 0.687060 0.992227 0.930006 0.904425
0.336369 0.411433 0.557474 0.441486 0.937356 0.676424 0.396481 0.328110 0.705050 0.784768 0.434553 0.401082 0.414113 0.421074 0.708894 0.561048 0.485862 0.418619 0.336800 0.000000 0.898083 0.966407 0.628606 0.635897 0.913013 0.781869 0.925092 0.901003 0.403570 0.557619 0.647846 0.597893 0.328080 0.349773 0.658113 0.787982 0.730462 0.977576 0.954391 0.950052 0.822391 0.974773 0.544651 0.566806 0.592629 0.593505 0.477487 0.519872 0.844993 0.784129 0.785589 0.823764 0.913552 0.989985 0.669581 0.684347 0.453979 0.504645 0.494886 0.604900 0.479576 0.458920 0.474519 0.572489 0.605273 0.445177 0.480649 0.439871 0.618169 0.699453 0.591338 0.725266 0.749509 0.642985 0.766290 0.726338 0.618542 0.739365 0.655736 0.759523 0.447416 0.404721 0.595580 0.715598 0.464294 0.565709 0.835607 0.825293 0.778857 0.668552 0.708189 0.884442 0.788614 0.896150 0.739733 0.956616 0.679521 0.749406 0.545298 0.464743 0.654461 0.651627 0.560710 0.662239 0.495994 0.685222 0.965548 0.796979 0.709319 0.913721 0.891368 0.716726 0.711369 0.961200 0.812544 0.946001
0.975906 0.973874 0.733289 0.776323 0.977661 0.928913 0.879650 0.996502 0.922227 0.806138 0.862783 0.948220 0.836503 0.889345 0.655664 0.592537 0.943270 0.997010 0.934748 0.898083 0.000000 0.902364 0.622598 0.673550 0.630769 0.586898 0.734745 0.906556 0.917867 0.974003 0.721225 0.827473 0.800780 0.903929 0.876134 0.778165 0.626851 0.639108 0.974852 0.944662 0.801484 0.951387 0.913388 0.979931 0.958976 0.984115 0.893220 0.936793 0.791040 0.915299 0.959649 0.962931 0.958642 0.786262 0.887825 0.903708 0.983547 0.996360 0.945176 0.932682 0.857236 0.933489 0.980565 0.923708 0.607485 0.715797 0.795271 0.821388 0.809046 0.986790 0.770106 0.791199 0.962246 0.997053 0.992572 0.920114 0.937753 0.767571 0.954015 0.755723 0.964008 0.984434 0.705635 0.984616 0.711094 0.670976 0.611264 0.723102 0.912602 0.835850 0.877293 0.961813 0.984889 0.834211 0.875830 0.918701 0.956335 0.980715 0.972429 0.997284 0.956037 0.891566 0.941659 0.890236 0.961965 0.839164 0.901586 0.925735 0.982750 0.905875 0.814593 0.945769 0.781746 0.896455 0.860440 0.938866
0.962680 0.937087 0.889922 0.942310 0.971833 0.966811 0.949594 0.959671 0.954861 0.962993 0.888200 0.996414 0.993383 0.983510 0.854134 0.992464 0.997097 0.916639 0.946512 0.966407 0.902364 0.000000 0.929085 0.941065 0.898044 0.972171 0.776231 0.928168 0.988157 0.953070 0.928501 0.930715 0.999912 0.956654 0.922938 0.970606 0.887957 0.946294 0.985364 0.971253 0.783114 0.945612 0.998266 0.966412 0.871647 0.947513 0.996792 0.962446 0.952957 0.948073 0.761945 0.814151 0.889512 0.801432 0.987081 0.966785 0.915836 0.943560 0.931721 0.898340 0.930396 0.966092 0.987676 0.920374 0.944426 0.935832 0.939864 0.929720 0.827121 0.868693 0.895636 0.935905 0.912934 0.934727 0.919977 0.964756 0.882360 0.779363 0.908677 0.960201 0.965561 0.964005 0.749544 0.971100 0.957359 0.856962 0.952474 0.940869 0.814897 0.812521 0.928118 0.909714 0.917603 0.993739 0.800053 0.912061 0.909273 0.953329 0.894078 0.884002 0.989193 0.860131 0.839919 0.966534 0.767442 0.895433 0.949651 0.956139 0.928859 0.953704 0.782122 0.902710 0.968963 0.933339 0.812088 0.932133
0.630081 0.775646 0.298208 0.301818 0.856649 0.902207 0.441277 0.540551 0.697489 0.953242 0.761373 0.798474 0.451453 0.428648 0.371116 0.349534 0.913676 0.819628 0.454063 0.628606 0.622598 0.929085 0.000000 0.304993 0.469433 0.462493 0.811539 0.809808 0.861696 0.761632 0.281090 0.390908 0.362372 0.409579 0.457569 0.655105 0.513896 0.773176 0.900855 0.898766 0.857415 0.861881 0.644331 0.743172 0.844195 0.894790 0.659800 0.611927 0.681384 0.850534 0.901925 0.873828 0.882929 0.828766 0.728774 0.824415 0.870899 0.876433 0.708127 0.793292 0.478693 0.723618 0.667698 0.849373 0.265378 0.361308 0.441738 0.421684 0.817060 0.907872 0.550869 0.505683 0.860713 0.839896 0.762414 0.883513 0.769968 0.632589 0.839289 0.710330 0.788078 0.823981 0.519913 0.913426 0.281642 0.340524 0.774338 0.793866 0.644241 0.502829 0.712029 0.886849 0.800139 0.799754 0.772114 0.769051 0.798951 0.886898 0.789489 0.730965 0.804837 0.825870 0.961875 0.942370 0.697192 0.614953 0.932793 0.745176 0.849853 0.908630 0.944562 0.995751 0.970209 0.945345 0.871970 0.966528
0.827538 0.829879 0.450285 0.357209 0.872183 0.961107 0.645000 0.695279 0.994692 0.641647 0.900293 0.935004 0.645419 0.546638 0.667066 0.507327 0.945484 0.963028 0.542354 0.635897 0.673550 0.941065 0.304993 0.000000 0.375449 0.413225 0.760570 0.752008 0.970183 0.931926 0.335383 0.310707 0.505079 0.597773 0.661592 0.663837 0.666695 0.825863 0.812312 0.848496 0.962377 0.736739 0.757455 0.863746 0.947526 0.995407 0.716011 0.688890 0.715588 0.859914 0.996175 0.929175 0.922239 0.968767 0.728028 0.864071 0.893918 0.980973 0.990624 0.960864 0.706231 0.813634 0.905632 0.921829 0.397138 0.361339 0.647148 0.534012 0.855919 0.957619 0.806183 0.767825 0.958346 0.906645 0.716377 0.827910 0.978984 0.819611 0.901541 0.630901 0.925786 0.738747 0.495975 0.949065 0.377929 0.277317 0.709790 0.525850 0.724610 0.541687 0.967647 0.834099 0.934575 0.873300 0.801697 0.872953 0.953659 0.991136 0.952081 0.922831 0.965842 0.987428 0.821328 0.874192 0.873704 0.891146 0.887824 0.916504 0.932622 0.817298 0.944998 0.939273 0.816584 0.944294 0.935764 0.849258
0.922241 0.985477 0.527318 0.547335 0.909292 0.873093 0.841546 0.952505 0.980481 0.628447 0.779692 0.711887 0.998384 0.947525 0.757729 0.613830 0.808190 0.884732 0.834992 0.913013 0.630769 0.898044 0.469433 0.375449 0.000000 0.289182 0.675397 0.854512 0.778341 0.914592 0.379280 0.469846 0.763262 0.847442 0.717673 0.643516 0.515847 0.638532 0.740769 0.950846 0.932694 0.819490 0.873446 0.976583 0.958616 0.986058 0.848198 0.860362 0.827573 0.973624 0.831904 0.994921 0.982013 0.853259 0.735424 0.868284 0.901727 0.935600 0.772879 0.808062 0.988856 0.909887 0.815845 0.727889 0.482397 0.639282 0.795589 0.767286 0.762621 0.886521 0.819980 0.826854 0.922682 0.989641 0.897427 0.950753 0.961706 0.818935 0.976726 0.768004 0.969912 0.812529 0.553703 0.911915 0.576337 0.411201 0.856749 0.628944 0.798536 0.613779 0.986091 0.855482 0.988054 0.895559 0.776810 0.929662 0.861789 0.982601 0.864099 0.919868 0.830668 0.841639 0.806835 0.751584 0.998854 0.962187 0.958479 0.987132 0.983876 0.882879 0.995787 0.872553 0.718394 0.941381 0.984709 0.787533
0.916648 0.868305 0.413337 0.448133 0.867878 0.941402 0.656143 0.786003 0.859031 0.748768 0.927541 0.896624 0.878222 0.856361 0.701965 0.471678 0.913898 0.934564 0.695973 0.781869 0.586898 0.972171 0.462493 0.413225 0.289182 0.000000 0.822123 0.843609 0.978732 0.989683 0.362633 0.435108 0.648872 0.753148 0.710809 0.555111 0.443359 0.623997 0.930096 0.910443 0.928730 0.907552 0.663133 0.790393 0.726967 0.756400 0.708083 0.673774 0.977219 0.836333 0.697741 0.808263 0.787870 0.719046 0.571760 0.832483 0.975651 0.991287 0.950672 0.882739 0.881504 0.958258 0.881492 0.798295 0.424534 0.576850 0.662900 0.673381 0.742293 0.972817 0.733674 0.697882 0.725895 0.784817 0.949940 0.984980 0.801817 0.750433 0.862174 0.747782 0.927918 0.753080 0.584125 0.855053 0.547460 0.431191 0.824911 0.712706 0.829292 0.697662 0.789130 0.965728 0.824540 0.895544 0.780331 0.896101 0.746072 0.947467 0.960529 0.924857 0.979359 0.994153 0.932155 0.913775 0.903578 0.926261 0.913668 0.915827 0.887876 0.958678 0.988981 0.969156 0.896623 0.889197 0.970431 0.889772
0.896832 0.957561 0.933356 0.914415 0.961531 0.943767 0.925664 0.868133 0.904804 0.817360 0.819697 0.868083 0.996406 0.979228 0.852916 0.843872 0.913742 0.943396 0.941735 0.925092 0.734745 0.776231 0.811539 0.760570 0.675397 0.822123 0.000000 0.823645 0.771434 0.908354 0.831378 0.894105 0.953152 0.994599 0.966391 0.768361 0.835468 0.803101 0.827575 0.962193 0.774989 0.942429 0.900715 0.886476 0.866508 0.789337 0.913879 0.838242 0.712350 0.805757 0.966137 0.918245 0.820360 0.938795 0.966018 0.892714 0.998584 0.977912 0.906484 0.955473 0.973733 0.911229 0.960487 0.937755 0.838604 0.811922 0.924818 0.881195 0.962634 0.908517 0.989928 0.965788 0.773457 0.838568 0.916440 0.965684 0.975413 0.906616 0.978523 0.948650 0.992121 0.971229 0.802174 0.805615 0.846931 0.743688 0.907901 0.971392 0.836584 0.858465 0.934280 0.877475 0.944316 0.957910 0.826031 0.979855 0.959814 0.888533 0.963726 0.914982 0.809201 0.818595 0.916390 0.904972 0.967591 0.982302 0.930188 0.952263 0.937663 0.768486 0.877056 0.944214 0.798557 0.909570 0.870251 0.886234
0.980000 0.882709 0.827390 0.785678 0.907788 0.795112 0.885417 0.952943 0.962956 0.889403 0.944736 0.893720 0.949584 0.895198 0.807686 0.904652 0.789352 0.878003 0.838537 0.901003 0.906556 0.928168 0.809808 0.752008 0.854512 0.843609 0.823645 0.000000 0.861055 0.795984 0.758826 0.860886 0.862046 0.954111 0.837001 0.914498 0.851564 0.922326 0.892496 0.957716 0.992781 0.895386 0.889969 0.919152 0.994111 0.934668 0.927469 0.985550 0.827352 0.904599 0.988069 0.957823 0.977811 0.935323 0.986196 0.915642 0.917854 0.784823 0.993653 0.894397 0.992863 0.839049 0.906894 0.765343 0.846616 0.841383 0.831302 0.806297 0.911294 0.926551 0.937616 0.842331 0.941837 0.964180 0.978142 0.917332 0.985431 0.994866 0.990092 0.948886 0.842582 0.927906 0.976280 0.783077 0.848051 0.799016 0.954160 0.879898 0.952124 0.913211 0.843685 0.875077 0.898747 0.918332 0.873509 0.868029 0.919785 0.962997 0.980756 0.994446 0.980630 0.878012 0.982468 0.958529 0.944546 0.988000 0.976410 0.997173 0.955222 0.696461 0.927055 0.903522 0.982231 0.921047 0.859427 0.919010
0.353991 0.437051 0.666900 0.672187 0.778178 0.726822 0.446674 0.355456 0.513138 0.467036 0.388254 0.315970 0.471385 0.563136 0.707091 0.602351 0.329647 0.286507 0.544668 0.403570 0.917867 0.988157 0.861696 0.970183 0.778341 0.978732 0.771434 0.861055 0.000000 0.348000 0.857674 0.951229 0.481180 0.448534 0.715341 0.959054 0.806796 0.976901 0.855028 0.877996 0.849647 0.799764 0.651505 0.600554 0.513787 0.475465 0.655710 0.603938 0.652301 0.659901 0.707310 0.692024 0.754062 0.907438 0.713990 0.665132 0.478330 0.445836 0.382927 0.543161 0.415265 0.368722 0.369264 0.333358 0.788502 0.678871 0.560905 0.600999 0.696898 0.645243 0.635662 0.712992 0.704511 0.622752 0.861776 0.880426 0.622463 0.794878 0.517042 0.899628 0.340310 0.492085 0.800935 0.561351 0.670881 0.869218 0.955823 0.851027 0.794177 0.864710 0.657062 0.755643 0.721651 0.767386 0.747236 0.911619 0.517808 0.811872 0.462903 0.463382 0.586336 0.735473 0.473960 0.616694 0.467385 0.638584 0.841841 0.735033 0.569283 0.639388 0.674473 0.694918 0.568491 0.841459 0.806524 0.948302
0.431109 0.514214 0.714425 0.711076 0.799067 0.811515 0.553917 0.489900 0.577832 0.563750 0.408813 0.341466 0.456031 0.498993 0.675387 0.548119 0.364397 0.290557 0.644939 0.557619 0.974003 0.953070 0.761632 0.931926 0.914592 0.989683 0.908354 0.795984 0.348000 0.000000 0.840758 0.913802 0.523421 0.454499 0.775471 0.984794 0.760128 0.820364 0.992452 0.746234 0.902715 0.832501 0.906166 0.814850 0.735517 0.731017 0.818164 0.811803 0.951935 0.942628 0.856250 0.877838 0.939768 0.963520 0.853271 0.907882 0.531990 0.474692 0.517804 0.571958 0.415323 0.375757 0.314735 0.251188 0.761852 0.612722 0.616484 0.587845 0.759146 0.875278 0.706795 0.847878 0.996089 0.888827 0.865846 0.987473 0.750013 0.788881 0.595875 0.764084 0.269475 0.497058 0.746790 0.509927 0.637872 0.746003 0.889811 0.869802 0.729818 0.729522 0.783705 0.916839 0.786314 0.870325 0.762380 0.869106 0.673247 0.858890 0.614339 0.674095 0.684501 0.887170 0.659213 0.787775 0.561059 0.736089 0.937780 0.851362 0.818796 0.767721 0.736228 0.725257 0.858924 0.985787 0.757432 0.999050
0.728171 0.769472 0.318183 0.338826 0.960379 0.921514 0.499803 0.569535 0.804488 0.896825 0.822351 0.904457 0.632914 0.570875 0.540495 0.418684 0.925937 0.790515 0.484134 0.647846 0.721225 0.928501 0.281090 0.335383 0.379280 0.362633 0.831378 0.758826 0.857674 0.840758 0.000000 0.326911 0.411376 0.514374 0.499811 0.690529 0.473424 0.711434 0.929730 0.918880 0.824594 0.967957 0.657116 0.732755 0.758586 0.799868 0.730048 0.705925 0.832577 0.978160 0.861700 0.932741 0.903641 0.895910 0.708769 0.811104 0.805406 0.821898 0.852229 0.950937 0.618314 0.785843 0.812611 0.955045 0.374914 0.455554 0.521573 0.497441 0.735302 0.852871 0.649103 0.535856 0.752213 0.734998 0.799581 0.905801 0.867374 0.769311 0.769150 0.642455 0.811803 0.707767 0.551919 0.865101 0.393590 0.385356 0.805462 0.759893 0.734287 0.573241 0.763243 0.965584 0.811641 0.928795 0.701450 0.839857 0.700790 0.853005 0.896535 0.777383 0.844356 0.820574 0.984312 0.997792 0.683597 0.739030 0.949905 0.831319 0.866581 0.971570 0.927418 0.959030 0.948970 0.956260 0.911426 0.877912
0.805057 0.834875 0.476813 0.445076 0.894957 0.923890 0.615328 0.672494 0.997260 0.767613 0.828539 0.945622 0.680030 0.583506 0.746993 0.499996 0.998158 0.821684 0.543588 0.597893 0.827473 0.930715 0.390908 0.310707 0.469846 0.435108 0.894105 0.860886 0.951229 0.913802 0.326911 0.000000 0.516387 0.586193 0.687018 0.644445 0.656426 0.912146 0.772088 0.863827 0.963565 0.792435 0.730483 0.746165 0.894354 0.890041 0.739661 0.720890 0.811775 0.927713 0.967100 0.955984 0.951230 0.976304 0.755908 0.968370 0.832396 0.906724 0.996395 0.929293 0.758979 0.878801 0.891634 0.943726 0.499895 0.479530 0.647164 0.561508 0.883910 0.972625 0.841426 0.747124 0.809344 0.773959 0.808928 0.798433 0.990363 0.818135 0.849861 0.617961 0.859383 0.696024 0.617814 0.965807 0.483552 0.395850 0.822107 0.684738 0.896725 0.744693 0.895232 0.894601 0.934337 0.951875 0.777288 0.858792 0.938529 0.955928 0.988873 0.899722 0.825413 0.837724 0.943230 0.973827 0.832987 0.942326 0.926105 0.990731 0.911584 0.867936 0.913553 0.924887 0.876383 0.933835 0.944078 0.825052
0.325427 0.444633 0.381180 0.324971 0.804594 0.692155 0.312755 0.292442 0.633092 0.836603 0.446212 0.436928 0.317733 0.263460 0.470131 0.408711 0.572040 0.466881 0.275094 0.328080 0.800780 0.999912 0.362372 0.505079 0.763262 0.648872 0.953152 0.862046 0.481180 0.523421 0.411376 0.516387 0.000000 0.259977 0.477333 0.720743 0.544311 0.829372 0.929091 0.976182 0.814780 0.988770 0.559587 0.618754 0.625306 0.667370 0.520295 0.553787 0.942455 0.966617 0.832719 0.862372 0.916663 0.997178 0.723437 0.710559 0.495085 0.524940 0.438037 0.536210 0.293152 0.418873 0.382372 0.527975 0.367595 0.288513 0.327326 0.293473 0.708480 0.712631 0.546077 0.531453 0.789093 0.723186 0.748130 0.840725 0.650641 0.659154 0.622718 0.712298 0.474108 0.537613 0.539263 0.708736 0.283910 0.389020 0.863135 0.871834 0.639119 0.537738 0.676406 0.902606 0.756129 0.869893 0.794174 0.713444 0.674311 0.777108 0.551855 0.505076 0.672088 0.687577 0.690111 0.747995 0.507530 0.575647 0.924556 0.742134 0.682770 0.866340 0.820429 0.794142 0.788964 0.938881 0.841571 0.901015
0.275110 0.442528 0.354646 0.325747 0.775842 0.643728 0.260571 0.251750 0.539738 0.671563 0.368885 0.382754 0.302707 0.329950 0.513897 0.474682 0.484903 0.410820 0.262932 0.349773 0.903929 0.956654 0.409579 0.597773 0.847442 0.753148 0.994599 0.954111 0.448534 0.454499 0.514374 0.586193 0.259977 0.000000 0.449322 0.805027 0.617272 0.871479 0.915408 0.943924 0.834747 0.941621 0.504736 0.511292 0.556867 0.595796 0.475454 0.490800 0.955384 0.884189 0.746337 0.747643 0.811621 0.897240 0.633653 0.760704 0.502213 0.538669 0.396551 0.542046 0.310600 0.432529 0.356439 0.462201 0.450076 0.355485 0.298931 0.277938 0.616346 0.750796 0.460019 0.531187 0.787555 0.670864 0.767759 0.891618 0.611070 0.569302 0.618741 0.756090 0.421935 0.516081 0.549580 0.669361 0.374660 0.487247 0.924778 0.932440 0.531917 0.563165 0.589814 0.752625 0.648063 0.747975 0.747178 0.768747 0.635537 0.804924 0.437703 0.410284 0.597170 0.638673 0.560280 0.586235 0.465661 0.536041 0.936079 0.641371 0.660047 0.816172 0.781035 0.716075 0.714748 0.950956 0.762813 0.906582
0.553320 0.745329 0.411148 0.406578 0.696898 0.810064 0.409213 0.456156 0.644110 0.759848 0.670611 0.688712 0.555035 0.552057 0.544940 0.541491 0.785082 0.721936 0.437072 0.658113 0.876134 0.922938 0.457569 0.661592 0.717673 0.710809 0.966391 0.837001 0.715341 0.775471 0.499811 0.687018 0.477333 0.449322 0.000000 0.781863 0.648127 0.787824 0.942595 0.963747 0.815236 0.804335 0.531778 0.614756 0.605687 0.693122 0.549283 0.564414 0.979132 0.899648 0.703158 0.741793 0.698385 0.761904 0.674894 0.684663 0.800241 0.844535 0.580123 0.787230 0.537616 0.728221 0.672602 0.768799 0.403351 0.493697 0.332641 0.431376 0.818496 0.898764 0.441795 0.498728 0.725630 0.679602 0.977306 0.917588 0.609323 0.584129 0.777270 0.874595 0.725247 0.775266 0.679694 0.848143 0.481954 0.574163 0.803217 0.978843 0.699444 0.683695 0.459609 0.654988 0.563285 0.579879 0.734174 0.691356 0.623477 0.679278 0.564385 0.550026 0.671223 0.685244 0.671092 0.771285 0.666365 0.505111 0.988111 0.576628 0.634244 0.800864 0.782438 0.888484 0.809995 0.884855 0.893971 0.893396
0.879923 0.836583 0.746495 0.686358 0.989067 0.958198 0.777980 0.810885 0.941441 0.923679 0.941861 0.998510 0.908680 0.765043 0.768967 0.618532 0.969455 0.816183 0.722517 0.787982 0.778165 0.970606 0.655105 0.663837 0.643516 0.555111 0.768361 0.914498 0.959054 0.984794 0.690529 0.644445 0.720743 0.805027 0.781863 0.000000 0.521534 0.768526 0.876208 0.955294 0.738352 0.944413 0.718892 0.862417 0.790881 0.873443 0.796473 0.802845 0.933037 0.938538 0.713566 0.789980 0.813365 0.752310 0.814769 0.923291 0.858529 0.885846 0.973861 0.927597 0.949711 0.970729 0.986693 0.954398 0.698826 0.654994 0.648950 0.613874 0.961894 0.865138 0.710656 0.651959 0.843285 0.833162 0.977170 0.982068 0.728931 0.879066 0.958980 0.995412 0.870184 0.919671 0.644562 0.949884 0.668313 0.613322 0.931195 0.869568 0.875322 0.780866 0.728921 0.889730 0.710591 0.827553 0.862939 0.743256 0.864056 0.694990 0.823751 0.866551 0.829915 0.862490 0.838967 0.928338 0.854037 0.933484 0.951947 0.781290 0.874985 0.924379 0.939047 0.864699 0.944943 0.964815 0.887624 0.954896
0.711297 0.750687 0.479791 0.569498 0.895718 0.880713 0.624053 0.710040 0.737767 0.981554 0.935690 0.919972 0.808464 0.731027 0.535782 0.436467 0.840265 0.690139 0.675303 0.730462 0.626851 0.887957 0.513896 0.666695 0.515847 0.443359 0.835468 0.851564 0.806796 0.760128 0.473424 0.656426 0.544311 0.617272 0.648127 0.521534 0.000000 0.556484 0.860043 0.945996 0.728006 0.925934 0.729755 0.823474 0.708212 0.760154 0.718115 0.743019 0.953387 0.854552 0.683026 0.724271 0.751029 0.729489 0.729905 0.762803 0.817252 0.759205 0.806335 0.926002 0.730597 0.826328 0.827229 0.869414 0.523210 0.620199 0.554306 0.540487 0.790652 0.835650 0.614996 0.533995 0.757824 0.767931 0.983923 0.994967 0.738897 0.792647 0.668839 0.862341 0.705755 0.802976 0.589027 0.761847 0.548591 0.549865 0.946890 0.935268 0.723236 0.607755 0.673527 0.808102 0.644564 0.784473 0.780932 0.904815 0.659282 0.844817 0.731343 0.742121 0.875353 0.914627 0.809089 0.958567 0.633219 0.795654 0.809622 0.642868 0.845107 0.941599 0.856618 0.820964 0.954050 0.837663 0.942689 0.916198
0.930331 0.981641 0.718853 0.792309 0.842542 0.990976 0.831929 0.930620 0.795891 0.977917 0.916901 0.973046 0.900208 0.972083 0.731086 0.683995 0.933946 0.863143 0.930222 0.977576 0.639108 0.946294 0.773176 0.825863 0.638532 0.623997 0.803101 0.922326 0.976901 0.820364 0.711434 0.912146 0.829372 0.871479 0.787824 0.768526 0.556484 0.000000 0.965003 0.935853 0.895347 0.907492 0.890851 0.956346 0.830341 0.912998 0.961077 0.942572 0.892470 0.989074 0.890385 0.930207 0.892938 0.860294 0.813449 0.933120 0.981007 0.953898 0.953526 0.942579 0.900029 0.978512 0.955419 0.943541 0.728531 0.816619 0.737579 0.803658 0.949278 0.999628 0.769121 0.783219 0.874600 0.988539 0.903048 0.856698 0.938833 0.977499 0.981585 0.952947 0.881829 0.926306 0.750935 0.846005 0.830900 0.779504 0.929542 0.925712 0.882294 0.980526 0.749702 0.863592 0.723658 0.809413 0.909520 0.958705 0.765521 0.893587 0.930296 0.972566 0.935037 0.986322 0.981685 0.935601 0.906542 0.912502 0.779507 0.807751 0.881782 0.937690 0.943714 0.903628 0.989809 0.688857 0.863667 0.865442
