0.000000 0.370508 0.803461 0.633833 0.933580 0.863737 0.911982 0.748724 0.745100 0.871081 0.441635 0.391264 0.547625 0.415740 0.703070 0.678338 0.472636 0.357477 0.481005 0.368185 0.735034 0.970459 0.754372 0.663405 0.773376 0.807292 0.931095 0.873906 0.648087 0.578489 0.884781 0.792641 0.551851 0.584540 0.968850 0.962972 0.773484 0.711404 0.727598 0.827660 0.830567 0.752960 0.858907 0.863818 0.939425 0.950442 0.815670 0.699564 0.917612 0.872294 0.970934 0.959071 0.907764 0.812039 0.701942 0.765652 0.319376 0.344180 0.722818 0.683890 0.734966 0.831926 0.578140 0.482373 0.927725 0.901887 0.817234 0.915154 0.361510 0.483474 0.970269 0.993278 0.940420 0.975321 0.814358 0.900610 0.860890 0.964045 0.602348 0.616916 0.413512 0.438984 0.466576 0.441572 0.499691 0.557206 0.873715 0.863731 0.789492 0.573301 0.845087 0.702217 0.877263 0.735756 0.943118 0.872718 0.979498 0.821688 0.985283 0.960140 0.935612 0.959252 0.895295 0.651163 0.886695 0.690729 0.951742 0.950490 0.964965 0.712502 0.976509 0.851329 0.939549 0.746954 0.975416 0.856133
0.370508 0.000000 0.703785 0.504699 0.844358 0.924937 0.839228 0.593490 0.987591 0.994147 0.634400 0.412104 0.632974 0.431952 0.715854 0.592352 0.562413 0.489063 0.527127 0.412344 0.796180 0.907750 0.758285 0.686768 0.741931 0.726498 0.918106 0.915368 0.715210 0.725602 0.797511 0.792951 0.606525 0.608183 0.970262 0.975474 0.642106 0.584517 0.627936 0.829199 0.870469 0.695303 0.904115 0.708902 0.978332 0.869532 0.794496 0.746131 0.845169 0.787344 0.887608 0.848255 0.899878 0.995652 0.779462 0.745674 0.289374 0.293278 0.852025 0.838517 0.786114 0.657760 0.754539 0.585440 0.826113 0.883059 0.904759 0.966013 0.460265 0.446134 0.779165 0.827956 0.925619 0.971791 0.831207 0.915679 0.689542 0.985837 0.564954 0.631945 0.448591 0.503198 0.577817 0.519418 0.575062 0.660194 0.943494 0.968617 0.754518 0.600752 0.957332 0.879626 0.949132 0.903786 0.856477 0.977823 0.893907 0.899406 0.960878 0.948082 0.907957 0.948221 0.933085 0.750947 0.934063 0.776740 0.787558 0.806630 0.976265 0.670343 0.862014 0.968377 0.943646 0.638719 0.992645 0.906102
0.803461 0.703785 0.000000 0.508797 0.986424 0.834348 0.806987 0.742621 0.665661 0.995763 0.973118 0.768193 0.580786 0.762339 0.535133 0.528943 0.948991 0.988313 0.772477 0.736765 0.779533 0.955732 0.530513 0.614913 0.509822 0.571670 0.746133 0.850786 0.927307 0.918039 0.608462 0.653534 0.851852 0.843572 0.732315 0.913857 0.590937 0.781676 0.744120 0.733178 0.913282 0.836807 0.803973 0.764720 0.947326 0.992703 0.792612 0.786969 0.944181 0.900626 0.982060 0.870531 0.978516 0.975917 0.830907 0.982485 0.784517 0.766285 0.999574 0.907746 0.771335 0.551424 0.856176 0.963168 0.464037 0.571118 0.967709 0.890239 0.774713 0.852106 0.694782 0.750719 0.805596 0.836923 0.999359 0.991318 0.588144 0.795852 0.961384 0.763267 0.993718 0.903990 0.836672 0.901380 0.762546 0.674012 0.934975 0.751257 0.736308 0.769055 0.952726 0.970103 0.919289 0.909923 0.737283 0.850903 0.738981 0.923654 0.922963 0.839333 0.689370 0.919728 0.978777 0.929139 0.964413 0.813860 0.813259 0.906630 0.817305 0.866300 0.965693 0.908110 0.868290 0.833330 0.671376 0.893436
0.633833 0.504699 0.508797 0.000000 0.935898 0.982566 0.822916 0.495305 0.899887 0.997083 0.881298 0.539972 0.659656 0.590888 0.702918 0.540899 0.883505 0.788003 0.644171 0.678760 0.643936 0.847606 0.597976 0.494707 0.493506 0.522779 0.698356 0.973445 0.991190 0.914316 0.709607 0.669287 0.747346 0.775286 0.826463 0.887902 0.569364 0.656119 0.609714 0.786875 0.975178 0.722358 0.970942 0.759536 0.789998 0.913540 0.933832 0.875549 0.839436 0.993490 0.929456 0.983221 0.890903 0.859008 0.890688 0.895893 0.535814 0.527592 0.980062 0.889629 0.868612 0.616097 0.978079 0.820509 0.573112 0.654493 0.970374 0.985236 0.635543 0.707534 0.816528 0.798211 0.983781 0.985750 0.982880 0.992973 0.672908 0.941178 0.823185 0.916304 0.888393 0.835424 0.742944 0.752091 0.788014 0.602908 0.980242 0.853748 0.742608 0.594622 0.898712 0.787952 0.975735 0.874157 0.819036 0.827243 0.928249 0.866813 0.949966 0.949604 0.770880 0.883933 0.928025 0.932116 0.836644 0.764241 0.869171 0.974851 0.950565 0.827727 0.881099 0.798298 0.875424 0.737670 0.777902 0.953319
0.933580 0.844358 0.986424 0.935898 0.000000 0.899452 0.764148 0.930371 0.972022 0.937849 0.899936 0.946355 0.834097 0.975474 0.916961 0.963690 0.980318 0.977478 0.920766 0.868811 0.919274 0.975155 0.865533 0.931833 0.965997 0.943581 0.947229 0.943477 0.962109 0.918533 0.791550 0.997505 0.946728 0.877045 0.910014 0.797259 0.911047 0.829946 0.963520 0.936079 0.883364 0.807439 0.947521 0.948281 0.966349 0.981883 0.989180 0.978373 0.964417 0.953379 0.984804 0.997449 0.926362 0.940282 0.863114 0.931121 0.780126 0.865638 0.808701 0.830854 0.758725 0.948580 0.849577 0.924489 0.981966 0.843356 0.774035 0.704649 0.956476 0.770388 0.864550 0.925279 0.897866 0.817465 0.987158 0.991723 0.967372 0.748181 0.901480 0.956046 0.928722 0.891920 0.961110 0.960835 0.951679 0.943694 0.958981 0.913208 0.821322 0.948904 0.959865 0.947194 0.939769 0.910401 0.965463 0.872176 0.935422 0.993076 0.893236 0.816044 0.879520 0.836658 0.830398 0.885728 0.759185 0.727447 0.996811 0.987235 0.832827 0.942457 0.871096 0.889898 0.982379 0.793422 0.758096 0.979342
0.863737 0.924937 0.834348 0.982566 0.899452 0.000000 0.957419 0.988895 0.765987 0.857007 0.914963 0.902991 0.965433 0.867930 0.905857 0.856382 0.837237 0.806984 0.849327 0.930606 0.829171 0.869823 0.992658 0.978385 0.921567 0.830283 0.870606 0.781886 0.965344 0.990518 0.834339 0.982110 0.908005 0.938780 0.994404 0.928434 0.888215 0.951340 0.992807 0.846342 0.742210 0.821089 0.868094 0.901315 0.910668 0.908777 0.875451 0.884601 0.897911 0.896982 0.920388 0.965960 0.988997 0.980262 0.990812 0.820660 0.787999 0.846873 0.886928 0.971996 0.992569 0.840943 0.807179 0.858445 0.916028 0.856943 0.881468 0.970945 0.909722 0.963824 0.789208 0.817584 0.752841 0.793023 0.914817 0.877756 0.889059 0.828474 0.886613 0.945015 0.827118 0.844350 0.848751 0.803243 0.833294 0.888078 0.779521 0.931925 0.994552 0.851419 0.999081 0.930495 0.980069 0.883190 0.959769 0.981133 0.894392 0.979664 0.995738 0.959807 0.998918 0.844295 0.893565 0.808848 0.921877 0.922938 0.960542 0.921546 0.876813 0.881317 0.951104 0.982290 0.966838 0.965993 0.983811 0.792787
0.911982 0.839228 0.806987 0.822916 0.764148 0.957419 0.000000 0.352938 0.802190 0.473878 0.875589 0.733856 0.659378 0.936495 0.820830 0.990867 0.747072 0.810325 0.657328 0.998460 0.816192 0.947296 0.762965 0.777301 0.725937 0.827728 0.803875 0.628653 0.747049 0.782672 0.611709 0.882800 0.576580 0.464363 0.878023 0.844969 0.904085 0.748305 0.822427 0.801581 0.880529 0.988026 0.489261 0.478078 0.551395 0.550888 0.614965 0.615109 0.586442 0.556030 0.536211 0.517060 0.638941 0.636372 0.859744 0.763122 0.863454 0.775613 0.429207 0.564377 0.351466 0.631486 0.555671 0.541813 0.868003 0.928829 0.381615 0.424411 0.981451 0.978942 0.617147 0.674837 0.925562 0.902100 0.902834 0.877029 0.558827 0.880650 0.639058 0.883110 0.872946 0.861577 0.994117 0.897680 0.950040 0.799621 0.997951 0.763781 0.945099 0.953365 0.662790 0.654343 0.699438 0.747056 0.733447 0.846019 0.639630 0.660390 0.440243 0.474358 0.704714 0.664678 0.635994 0.638717 0.713791 0.707828 0.759064 0.674289 0.744087 0.844471 0.635692 0.597384 0.511746 0.801430 0.593630 0.971155
0.748724 0.593490 0.742621 0.495305 0.930371 0.988895 0.352938 0.000000 0.845190 0.543688 0.869744 0.536696 0.620127 0.722318 0.792580 0.737658 0.715095 0.727438 0.579971 0.826459 0.996677 0.839410 0.681767 0.917472 0.985033 0.948870 0.996112 0.733768 0.829760 0.821347 0.586603 0.795282 0.571238 0.476868 0.885071 0.906970 0.896355 0.990338 0.902816 0.909091 0.894375 0.834530 0.589170 0.450178 0.742678 0.675534 0.681184 0.677310 0.748778 0.655768 0.653341 0.641690 0.741572 0.747046 0.913016 0.770876 0.632618 0.578122 0.551226 0.640899 0.452940 0.508854 0.642058 0.532638 0.948018 0.908562 0.514340 0.572192 0.893986 0.817354 0.611952 0.655459 0.945053 0.956384 0.879266 0.929070 0.538023 0.920442 0.601542 0.909901 0.860218 0.964978 0.885213 0.978984 0.973610 0.971938 0.954590 0.725992 0.815044 0.841496 0.777197 0.864109 0.753536 0.896848 0.764500 0.906243 0.710980 0.665516 0.620511 0.568870 0.840193 0.844137 0.768882 0.682333 0.699124 0.749382 0.751965 0.722630 0.833217 0.773500 0.646761 0.819223 0.582401 0.722369 0.687314 0.948417
0.745100 0.987591 0.665661 0.899887 0.972022 0.765987 0.802190 0.845190 0.000000 0.625619 0.798465 0.950685 0.966314 0.863088 0.703241 0.780098 0.755684 0.701618 0.978784 0.873047 0.965612 0.858416 0.763057 0.919007 0.889774 0.814776 0.949786 0.913217 0.999268 0.865244 0.611925 0.862618 0.949427 0.984916 0.783870 0.872929 0.852718 0.993184 0.966844 0.958169 0.960221 0.904267 0.551406 0.710655 0.843602 0.897289 0.821837 0.979949 0.936404 0.916138 0.830131 0.819969 0.800398 0.746597 0.896329 0.905990 0.836811 0.860524 0.877526 0.952661 0.859441 0.621058 0.740454 0.817625 0.765626 0.848601 0.963769 0.990053 0.813553 0.703624 0.503358 0.571449 0.700021 0.758047 0.932988 0.841548 0.669762 0.667725 0.950654 0.903421 0.754693 0.747868 0.697914 0.717803 0.866668 0.789573 0.728114 0.655583 0.925652 0.820043 0.664431 0.677057 0.795885 0.786455 0.944142 0.810722 0.827025 0.979243 0.705342 0.646446 0.981194 0.810035 0.930696 0.866915 0.928413 0.924956 0.690347 0.853987 0.868631 0.997584 0.939499 0.935741 0.734857 0.884494 0.832525 0.684327
0.871081 0.994147 0.995763 0.997083 0.937849 0.857007 0.473878 0.543688 0.625619 0.000000 0.986196 0.926908 0.933500 0.863162 0.921394 0.986076 0.926203 0.949450 0.920324 0.806391 0.838103 0.909920 0.955855 0.653382 0.684004 0.820808 0.680072 0.760363 0.858343 0.963157 0.582387 0.816555 0.709772 0.710291 0.941990 0.988141 0.852759 0.733773 0.793766 0.832117 0.962137 0.893425 0.461988 0.517246 0.555636 0.545619 0.654055 0.830859 0.593950 0.661285 0.533514 0.553316 0.549091 0.590039 0.930448 0.991003 0.998758 0.965506 0.656927 0.782822 0.562633 0.657253 0.788171 0.732366 0.770134 0.752743 0.643862 0.680624 0.804033 0.838774 0.570826 0.622766 0.903832 0.837016 0.971185 0.824466 0.591696 0.823964 0.740801 0.952577 0.938153 0.591302 0.695793 0.602121 0.651549 0.532646 0.769551 0.481806 0.830745 0.686336 0.676096 0.644549 0.759598 0.777036 0.977181 0.982035 0.676603 0.761577 0.488301 0.594691 0.754377 0.720605 0.646105 0.767241 0.825392 0.916713 0.859758 0.713282 0.786147 0.893555 0.705793 0.715724 0.573105 0.886501 0.827638 0.920599
0.441635 0.634400 0.973118 0.881298 0.899936 0.914963 0.875589 0.869744 0.798465 0.986196 0.000000 0.530780 0.630926 0.590204 0.782088 0.852265 0.437612 0.386149 0.614850 0.451921 0.870052 0.965128 0.894239 0.948047 0.961597 0.996824 0.987131 0.891480 0.561531 0.438863 0.800593 0.799212 0.603292 0.626544 0.875327 0.992386 0.956041 0.921076 0.898897 0.962450 0.788590 0.728461 0.783392 0.971212 0.840934 0.882820 0.932380 0.909088 0.957584 0.932878 0.828319 0.878668 0.794866 0.767063 0.823772 0.945975 0.573306 0.564851 0.804186 0.757113 0.757539 0.926912 0.516594 0.463674 0.828162 0.942156 0.912979 0.956040 0.400959 0.591002 0.966735 0.976326 0.773722 0.757736 0.857066 0.873774 0.905074 0.802598 0.664093 0.802356 0.540997 0.662420 0.620650 0.600644 0.766701 0.826525 0.967149 0.928493 0.999175 0.877137 0.785454 0.700890 0.745465 0.771847 0.999111 0.772718 0.973393 0.830612 0.897877 0.880411 0.976948 0.988466 0.920257 0.650227 0.865156 0.626405 0.965088 0.957578 0.982093 0.843682 0.988718 0.870032 0.958804 0.963482 0.986666 0.804179
0.391264 0.412104 0.768193 0.539972 0.946355 0.902991 0.733856 0.536696 0.950685 0.926908 0.530780 0.000000 0.445332 0.363829 0.605253 0.526348 0.478347 0.375978 0.388991 0.413918 0.804336 0.945189 0.581492 0.692949 0.802679 0.848526 0.931351 0.802039 0.622029 0.548960 0.671157 0.617578 0.493533 0.529626 0.993266 0.992304 0.710513 0.716353 0.825029 0.944144 0.809694 0.748499 0.928139 0.709074 0.974771 0.943581 0.759488 0.751123 0.943556 0.942980 0.956441 0.945737 0.982428 0.956961 0.789246 0.795414 0.395096 0.390563 0.740436 0.775407 0.612190 0.629979 0.549056 0.416817 0.974996 0.891815 0.773649 0.847154 0.465012 0.582710 0.744674 0.717350 0.805734 0.873153 0.853733 0.977050 0.728957 0.900650 0.495685 0.734047 0.494242 0.575790 0.567525 0.543783 0.623207 0.687353 0.962859 0.950907 0.788793 0.651083 0.982470 0.803420 0.964357 0.841407 0.905732 0.873934 0.944980 0.780612 0.892354 0.892895 0.986914 0.944000 0.872748 0.612973 0.735362 0.652094 0.952591 0.819374 0.940679 0.689435 0.906492 0.904920 0.899940 0.769611 0.863379 0.888885
0.547625 0.632974 0.580786 0.659656 0.834097 0.965433 0.659378 0.620127 0.966314 0.933500 0.630926 0.445332 0.000000 0.479712 0.459583 0.522158 0.693023 0.574751 0.455680 0.562805 0.826500 0.938802 0.432501 0.677534 0.766098 0.829378 0.925429 0.691331 0.672452 0.620085 0.577020 0.612598 0.534251 0.543241 0.833016 0.988601 0.829878 0.905962 0.898611 0.949896 0.955173 0.930863 0.794518 0.667177 0.872492 0.810169 0.647976 0.614099 0.871439 0.822606 0.855246 0.778590 0.937398 0.930914 0.792820 0.815080 0.626500 0.610370 0.687651 0.697508 0.483438 0.576043 0.637625 0.589036 0.791747 0.747369 0.679184 0.653864 0.641290 0.745622 0.743190 0.746755 0.791209 0.814516 0.955707 0.998634 0.740628 0.799530 0.686654 0.647138 0.690970 0.707433 0.716612 0.643758 0.586517 0.623129 0.865111 0.929989 0.693818 0.676815 0.969882 0.924467 0.930038 0.875022 0.851257 0.853853 0.753888 0.763846 0.798881 0.767438 0.991601 0.772057 0.793058 0.648806 0.768137 0.662868 0.979013 0.964407 0.830570 0.781182 0.795110 0.964784 0.831636 0.725682 0.654464 0.979352
0.415740 0.431952 0.762339 0.590888 0.975474 0.867930 0.936495 0.722318 0.863088 0.863162 0.590204 0.363829 0.479712 0.000000 0.638195 0.490601 0.545866 0.412232 0.441095 0.404908 0.782633 0.974558 0.619197 0.570309 0.677050 0.763732 0.975800 0.871159 0.692805 0.568303 0.823368 0.636482 0.553870 0.708753 0.978691 0.925596 0.624155 0.594650 0.695898 0.784803 0.905776 0.778276 0.976453 0.833657 0.930961 0.979575 0.898501 0.871087 0.971877 0.989313 0.999111 0.988001 0.978310 0.987215 0.821730 0.808568 0.418909 0.442648 0.933165 0.934110 0.776660 0.629683 0.712264 0.578953 0.883374 0.784307 0.922477 0.968793 0.522188 0.553896 0.812825 0.799268 0.798123 0.902907 0.899954 0.877480 0.856663 0.921973 0.662719 0.718381 0.474386 0.489239 0.484370 0.440335 0.527455 0.510172 0.800741 0.930668 0.647362 0.572183 0.942094 0.771797 0.929354 0.812698 0.914077 0.895849 0.968535 0.837029 0.966254 0.975589 0.913438 0.955958 0.991795 0.665446 0.893476 0.782251 0.986591 0.921223 0.989152 0.762915 0.917939 0.924203 0.955630 0.738953 0.992169 0.917527
0.703070 0.715854 0.535133 0.702918 0.916961 0.905857 0.820830 0.792580 0.703241 0.921394 0.782088 0.605253 0.459583 0.638195 0.000000 0.430978 0.804502 0.750929 0.535525 0.652094 0.782202 0.940757 0.427049 0.689540 0.738102 0.874442 0.945658 0.812111 0.612018 0.603635 0.491394 0.546454 0.563599 0.675107 0.795313 0.896078 0.700120 0.888185 0.916055 0.825030 0.955994 0.971295 0.760288 0.683378 0.946930 0.905194 0.658991 0.643245 0.961326 0.958792 0.935656 0.830361 0.984571 0.992013 0.882517 0.964273 0.718805 0.744843 0.853020 0.824460 0.623720 0.650369 0.798307 0.737050 0.730858 0.735638 0.853401 0.794976 0.729303 0.903418 0.635668 0.722119 0.710157 0.823418 0.919964 0.952339 0.732592 0.659579 0.778648 0.714452 0.747989 0.792625 0.758313 0.808417 0.647920 0.712720 0.946405 0.870427 0.845797 0.902156 0.912054 0.854672 0.750520 0.782987 0.916590 0.931224 0.940164 0.985361 0.890877 0.828218 0.774256 0.858215 0.907595 0.810635 0.934347 0.630989 0.939362 0.985109 0.784849 0.807588 0.927903 0.875393 0.999771 0.784176 0.634330 0.935743
0.678338 0.592352 0.528943 0.540899 0.963690 0.856382 0.990867 0.737658 0.780098 0.986076 0.852265 0.526348 0.522158 0.490601 0.430978 0.000000 0.851197 0.780341 0.610344 0.576169 0.736862 0.996711 0.429571 0.498915 0.521121 0.656584 0.859362 0.931745 0.766941 0.716913 0.553356 0.529990 0.707202 0.799114 0.851625 0.929218 0.538677 0.619372 0.633347 0.746290 0.935253 0.762459 0.859984 0.772479 0.881784 0.950458 0.824815 0.871373 0.837556 0.885805 0.951218 0.980900 0.962163 0.980216 0.924365 0.924783 0.662524 0.712642 0.945671 0.981078 0.777600 0.509323 0.973690 0.857682 0.594254 0.571952 0.974786 0.940823 0.721904 0.724619 0.600318 0.701855 0.607965 0.801125 0.924976 0.925894 0.776934 0.776788 0.839416 0.782018 0.823009 0.769116 0.683476 0.749368 0.686724 0.573519 0.975999 0.821456 0.759104 0.728643 0.855471 0.745382 0.779540 0.714577 0.947612 0.959590 0.994090 0.970334 0.950278 0.938822 0.704389 0.938419 0.908128 0.931918 0.980867 0.815968 0.951554 0.965868 0.900391 0.811058 0.995039 0.736823 0.970766 0.851656 0.825690 0.921949
0.472636 0.562413 0.948991 0.883505 0.980318 0.837237 0.747072 0.715095 0.755684 0.926203 0.437612 0.478347 0.693023 0.545866 0.804502 0.851197 0.000000 0.286750 0.536507 0.485243 0.929685 0.943541 0.956031 0.930502 0.854980 0.785249 0.871513 0.856831 0.428125 0.359842 0.842348 0.830765 0.488827 0.495130 0.806885 0.919205 0.919341 0.892758 0.966414 0.947909 0.788494 0.742340 0.955215 0.785161 0.923712 0.868952 0.804247 0.768463 0.814738 0.833354 0.888817 0.861262 0.950459 0.997695 0.879317 0.782743 0.451488 0.446718 0.647879 0.787344 0.654222 0.949652 0.358720 0.306582 0.665453 0.758035 0.711042 0.844436 0.501873 0.596550 0.896180 0.977410 0.860587 0.913524 0.773224 0.917828 0.859124 0.949336 0.485750 0.767374 0.393754 0.679237 0.598182 0.669138 0.795712 0.913222 0.984683 0.991382 0.988870 0.915055 0.902727 0.762833 0.842562 0.778077 0.934999 0.674561 0.981277 0.763761 0.911064 0.986892 0.927950 0.975004 0.815997 0.506290 0.844038 0.692012 0.959200 0.808135 0.894974 0.764820 0.958540 0.927235 0.911316 0.881201 0.979886 0.766473
0.357477 0.489063 0.988313 0.788003 0.977478 0.806984 0.810325 0.727438 0.701618 0.949450 0.386149 0.375978 0.574751 0.412232 0.750929 0.780341 0.286750 0.000000 0.418282 0.378802 0.886666 0.931946 0.829995 0.875529 0.980256 0.919979 0.955437 0.877036 0.479825 0.386514 0.868351 0.787755 0.461905 0.478002 0.845906 0.947094 0.870803 0.832887 0.885632 0.907247 0.804227 0.735407 0.886673 0.844572 0.992347 0.937749 0.859984 0.768066 0.899776 0.927094 0.994779 0.977448 0.945702 0.891560 0.848200 0.750684 0.387514 0.388421 0.665668 0.766173 0.674043 0.892205 0.386883 0.331129 0.804488 0.915611 0.752547 0.845333 0.412545 0.529568 0.945573 0.983145 0.856965 0.915925 0.776812 0.913086 0.954816 0.963854 0.476480 0.721838 0.342884 0.503178 0.490943 0.471713 0.640551 0.737125 0.864412 0.867192 0.897048 0.744334 0.870076 0.702126 0.821989 0.746838 0.901564 0.777663 0.954888 0.770312 0.989320 0.961441 0.987876 0.959266 0.894372 0.529015 0.797831 0.656873 0.978608 0.845292 0.972074 0.807672 0.989328 0.976594 0.999829 0.817889 0.979856 0.785344
0.481005 0.527127 0.772477 0.644171 0.920766 0.849327 0.657328 0.579971 0.978784 0.920324 0.614850 0.388991 0.455680 0.441095 0.535525 0.610344 0.536507 0.418282 0.000000 0.489371 0.851520 0.969047 0.492207 0.752596 0.898899 0.997392 0.968298 0.762021 0.588615 0.537919 0.636027 0.616349 0.417363 0.478676 0.944026 0.905495 0.769451 0.915725 0.891534 0.993998 0.966902 0.860162 0.751113 0.627571 0.820542 0.755198 0.590824 0.571759 0.780500 0.798852 0.830058 0.775203 0.925936 0.960035 0.844588 0.745517 0.482901 0.494903 0.596494 0.647777 0.509727 0.668855 0.500623 0.427950 0.958365 0.870265 0.637962 0.620506 0.599055 0.696855 0.776533 0.802782 0.916345 0.944138 0.833837 0.932899 0.827552 0.912686 0.503551 0.725055 0.505022 0.618865 0.592058 0.546627 0.542344 0.673173 0.845805 0.969542 0.776176 0.704276 0.973455 0.856755 0.932888 0.835157 0.813691 0.802017 0.922223 0.735726 0.788784 0.775034 0.968358 0.943288 0.860042 0.554710 0.794113 0.614064 0.937417 0.864195 0.867049 0.730573 0.877870 0.916273 0.850353 0.685325 0.760662 0.918817
0.368185 0.412344 0.736765 0.678760 0.868811 0.930606 0.998460 0.826459 0.873047 0.806391 0.451921 0.413918 0.562805 0.404908 0.652094 0.576169 0.485243 0.378802 0.489371 0.000000 0.781091 0.982718 0.713235 0.619359 0.749623 0.810509 0.824190 0.908165 0.593606 0.525808 0.815904 0.765664 0.631621 0.665793 0.997203 0.993965 0.671243 0.621444 0.728600 0.773099 0.796103 0.672763 0.867591 0.947288 0.830275 0.890881 0.892216 0.848763 0.919252 0.947887 0.851317 0.886496 0.822116 0.749487 0.801916 0.854767 0.403522 0.413247 0.913320 0.870925 0.842653 0.760317 0.687932 0.575167 0.889514 0.835252 0.990687 0.993842 0.391320 0.442604 0.933954 0.972490 0.746623 0.876242 0.778317 0.835800 0.872209 0.965502 0.641596 0.682278 0.457979 0.426401 0.524889 0.412455 0.532070 0.575411 0.997611 0.879768 0.816113 0.628509 0.839563 0.654682 0.787654 0.710757 0.895959 0.858878 0.943832 0.852049 0.854818 0.894534 0.817796 0.895640 0.951427 0.756849 0.944197 0.740211 0.983148 0.953077 0.938361 0.764589 0.972247 0.828011 0.857220 0.824386 0.963368 0.854733
0.735034 0.796180 0.779533 0.643936 0.919274 0.829171 0.816192 0.996677 0.965612 0.838103 0.870052 0.804336 0.826500 0.782633 0.782202 0.736862 0.929685 0.886666 0.851520 0.781091 0.000000 0.902946 0.717136 0.628062 0.666498 0.788367 0.922483 0.927348 0.987363 0.948066 0.908857 0.686607 0.897349 0.951860 0.951014 0.889785 0.764428 0.777602 0.780412 0.828971 0.860499 0.816113 0.827901 0.953939 0.790820 0.869658 0.996847 0.927520 0.831979 0.877157 0.832856 0.872562 0.826888 0.777956 0.982499 0.907117 0.747883 0.774878 0.874712 0.924497 0.884598 0.997691 0.993971 0.977981 0.773393 0.886750 0.866334 0.784610 0.693878 0.867505 0.892706 0.980157 0.904176 0.922868 0.947053 0.912646 0.918660 0.871921 0.976611 0.952864 0.938053 0.844004 0.735875 0.827526 0.802936 0.696622 0.906789 0.964554 0.936916 0.739889 0.804313 0.691613 0.823108 0.800120 0.954139 0.867722 0.908877 0.968660 0.845084 0.906937 0.770357 0.862286 0.881911 0.980828 0.964051 0.955455 0.946076 0.852602 0.912877 0.933811 0.852810 0.674525 0.768777 0.851071 0.823227 0.904097
0.970459 0.907750 0.955732 0.847606 0.975155 0.869823 0.947296 0.839410 0.858416 0.909920 0.965128 0.945189 0.938802 0.974558 0.940757 0.996711 0.943541 0.931946 0.969047 0.982718 0.902946 0.000000 0.948651 0.982934 0.926569 0.988086 0.923654 0.994851 0.866393 0.961451 0.903839 0.984805 0.930692 0.975354 0.885519 0.834872 0.878169 0.977093 0.883451 0.876503 0.851145 0.955612 0.900674 0.791652 0.901575 0.876726 0.982684 0.961928 0.893877 0.840644 0.863633 0.879245 0.917514 0.861939 0.923803 0.903375 0.941536 0.915206 0.986630 0.994453 0.994587 0.954988 0.999493 0.978552 0.996894 0.970598 0.984160 0.993419 0.907247 0.963397 0.969307 0.948726 0.878019 0.879547 0.995205 0.989779 0.891653 0.929322 0.993129 0.975601 0.920455 0.947278 0.957209 0.999814 0.994299 0.990389 0.889499 0.954651 0.967753 0.978925 0.906847 0.933126 0.900061 0.972471 0.991400 0.944067 0.843646 0.993085 0.998701 0.826353 0.990114 0.897789 0.943874 0.934452 0.957837 0.993800 0.903151 0.829454 0.959179 0.951356 0.937847 0.846504 0.914454 0.842656 0.915997 0.948433
0.754372 0.758285 0.530513 0.597976 0.865533 0.992658 0.762965 0.681767 0.763057 0.955855 0.894239 0.581492 0.432501 0.619197 0.427049 0.429571 0.956031 0.829995 0.492207 0.713235 0.717136 0.948651 0.000000 0.575703 0.635597 0.780951 0.910513 0.754235 0.806982 0.782815 0.472369 0.483052 0.656986 0.743883 0.858809 0.956273 0.755252 0.897562 0.894681 0.993129 0.949061 0.963666 0.720768 0.710900 0.971677 0.935020 0.644357 0.702867 0.947203 0.957823 0.994429 0.910839 0.962119 0.972232 0.968170 0.980160 0.807238 0.827228 0.830697 0.815312 0.607285 0.555989 0.879816 0.800578 0.623671 0.580754 0.777842 0.706558 0.822019 0.902227 0.672792 0.699597 0.719059 0.897514 0.991280 0.984265 0.775889 0.799144 0.842890 0.807551 0.896950 0.809718 0.718034 0.752658 0.596788 0.618578 0.965499 0.950811 0.739415 0.670235 0.951705 0.864764 0.883738 0.909576 0.832295 0.926515 0.923549 0.834702 0.855961 0.749167 0.884625 0.872014 0.992027 0.858093 0.880297 0.715609 0.982733 0.961988 0.862588 0.887983 0.835567 0.898823 0.889399 0.818106 0.519070 0.988017
0.663405 0.686768 0.614913 0.494707 0.931833 0.978385 0.777301 0.917472 0.919007 0.653382 0.948047 0.692949 0.677534 0.570309 0.689540 0.498915 0.930502 0.875529 0.752596 0.619359 0.628062 0.982934 0.575703 0.000000 0.379960 0.493944 0.617413 0.961258 0.924417 0.994866 0.926835 0.748612 0.986005 0.959186 0.798470 0.918302 0.627077 0.577169 0.583531 0.651011 0.984231 0.845161 0.851805 0.964597 0.682022 0.756497 0.954800 0.950855 0.671377 0.790627 0.723776 0.767840 0.752076 0.706762 0.937182 0.962152 0.708841 0.757390 0.828059 0.990514 0.910965 0.713842 0.823552 0.917666 0.478604 0.441693 0.861319 0.908660 0.715607 0.706512 0.993619 0.989018 0.976792 0.958680 0.982370 0.927485 0.964354 0.988632 0.948915 0.859849 0.944544 0.647143 0.647647 0.632498 0.576109 0.351099 0.880984 0.834661 0.599842 0.452484 0.776095 0.663632 0.825598 0.787210 0.901170 0.858177 0.947577 0.977737 0.745960 0.875279 0.655548 0.824212 0.794758 0.919459 0.999505 0.919888 0.872356 0.791891 0.940932 0.858800 0.966320 0.626682 0.759135 0.877896 0.909674 0.962058
0.773376 0.741931 0.509822 0.493506 0.965997 0.921567 0.725937 0.985033 0.889774 0.684004 0.961597 0.802679 0.766098 0.677050 0.738102 0.521121 0.854980 0.980256 0.898899 0.749623 0.666498 0.926569 0.635597 0.379960 0.000000 0.367343 0.636447 0.827517 0.871282 0.939456 0.831268 0.700974 0.921181 0.870416 0.835271 0.862431 0.596138 0.541198 0.529128 0.645950 0.944088 0.804818 0.804568 0.876158 0.578211 0.643535 0.917303 0.936286 0.569133 0.715341 0.642160 0.711414 0.721541 0.699463 0.939820 0.891545 0.801894 0.862926 0.697541 0.944481 0.844604 0.730875 0.669990 0.805545 0.381862 0.444908 0.731174 0.809781 0.696556 0.813813 0.907923 0.975429 0.862202 0.853574 0.942407 0.912248 0.889742 0.881144 0.807238 0.956149 0.934638 0.813751 0.780285 0.766697 0.697152 0.424655 0.953394 0.988986 0.682445 0.603666 0.706489 0.668268 0.762305 0.777538 0.938098 0.827407 0.951605 0.898420 0.707886 0.799911 0.601330 0.826182 0.803690 0.829287 0.904717 0.883997 0.961173 0.741419 0.989987 0.907484 0.950348 0.547494 0.852605 0.977409 0.888506 0.939867
0.807292 0.726498 0.571670 0.522779 0.943581 0.830283 0.827728 0.948870 0.814776 0.820808 0.996824 0.848526 0.829378 0.763732 0.874442 0.656584 0.785249 0.919979 0.997392 0.810509 0.788367 0.988086 0.780951 0.493944 0.367343 0.000000 0.696230 0.867514 0.822789 0.812183 0.922837 0.892569 0.869713 0.825489 0.764852 0.804715 0.635476 0.559138 0.555118 0.812181 0.963715 0.762522 0.893728 0.874097 0.666281 0.711723 0.858952 0.874251 0.692829 0.849660 0.742832 0.775832 0.830453 0.803426 0.930846 0.976473 0.858069 0.832807 0.671304 0.920564 0.832505 0.699963 0.637058 0.768594 0.445298 0.556404 0.718405 0.765028 0.749548 0.812521 0.862565 0.892330 0.903183 0.861863 0.990182 0.979198 0.829760 0.982080 0.825770 0.915824 0.930558 0.824424 0.908721 0.824356 0.767842 0.581927 0.949482 0.971038 0.670523 0.611292 0.915693 0.903816 0.993517 0.983645 0.884053 0.801534 0.927779 0.875651 0.851275 0.857871 0.752973 0.989678 0.917907 0.845081 0.980822 0.953398 0.937930 0.892200 0.990295 0.915763 0.948615 0.699986 0.954172 0.831681 0.968298 0.888792
0.931095 0.918106 0.746133 0.698356 0.947229 0.870606 0.803875 0.996112 0.949786 0.680072 0.987131 0.931351 0.925429 0.975800 0.945658 0.859362 0.871513 0.955437 0.968298 0.824190 0.922483 0.923654 0.910513 0.617413 0.636447 0.696230 0.000000 0.718048 0.829938 0.882069 0.932535 0.939229 0.820375 0.888345 0.927276 0.987868 0.757886 0.763075 0.848744 0.804911 0.915610 0.937411 0.779338 0.894150 0.679679 0.720684 0.907652 0.980837 0.735051 0.826456 0.705747 0.774884 0.720800 0.723099 0.972018 0.964640 0.941364 0.904078 0.830401 0.975255 0.812084 0.982188 0.799461 0.871948 0.697826 0.726402 0.807751 0.822428 0.886263 0.782212 0.893908 0.933271 0.945174 0.983927 0.959672 0.905297 0.946037 0.976019 0.858208 0.962329 0.815578 0.891810 0.904962 0.792001 0.901206 0.668000 0.982838 0.854378 0.849479 0.652663 0.818940 0.842795 0.883407 0.980051 0.816363 0.981167 0.979311 0.920205 0.776265 0.928352 0.820426 0.873737 0.944646 0.805980 0.965209 0.969700 0.853262 0.829733 0.975912 0.882173 0.934340 0.723588 0.881705 0.930520 0.994786 0.917232
0.873906 0.915368 0.850786 0.973445 0.943477 0.781886 0.628653 0.733768 0.913217 0.760363 0.891480 0.802039 0.691331 0.871159 0.812111 0.931745 0.856831 0.877036 0.762021 0.908165 0.927348 0.994851 0.754235 0.961258 0.827517 0.867514 0.718048 0.000000 0.885944 0.881092 0.862139 0.896266 0.726442 0.743370 0.816911 0.929363 0.926601 0.799514 0.890785 0.818112 0.960281 0.873786 0.731753 0.754049 0.700670 0.677445 0.637926 0.700853 0.682584 0.655847 0.700076 0.670098 0.825442 0.835990 0.789091 0.780180 0.888191 0.881248 0.627913 0.685389 0.577689 0.793560 0.689357 0.762077 0.999129 0.985140 0.620392 0.664049 0.972084 0.939585 0.900995 0.934862 0.997545 0.925464 0.929849 0.897368 0.754306 0.918004 0.884563 0.716709 0.857064 0.962904 0.932535 0.938811 0.844670 0.969118 0.959050 0.898930 0.980711 0.961528 0.849663 0.897030 0.851339 0.994972 0.994414 0.939926 0.792703 0.825137 0.692521 0.714273 0.947051 0.849339 0.941246 0.758055 0.874772 0.940817 0.998102 0.959819 0.931778 0.921779 0.963079 0.849751 0.790606 0.924021 0.838959 0.837775
0.648087 0.715210 0.927307 0.991190 0.962109 0.965344 0.747049 0.829760 0.999268 0.858343 0.561531 0.622029 0.672452 0.692805 0.612018 0.766941 0.428125 0.479825 0.588615 0.593606 0.987363 0.866393 0.806982 0.924417 0.871282 0.822789 0.829938 0.885944 0.000000 0.313419 0.682515 0.749740 0.544618 0.491710 0.891033 0.980744 0.975131 0.886113 0.968506 0.987762 0.901161 0.874093 0.914859 0.826003 0.876107 0.893036 0.770640 0.723330 0.859922 0.922186 0.861942 0.811658 0.930898 0.944192 0.972771 0.998498 0.662241 0.661626 0.695569 0.781765 0.585186 0.838258 0.503140 0.457075 0.767529 0.896351 0.765878 0.780250 0.607471 0.766015 0.732707 0.894105 0.627896 0.701980 0.732900 0.918058 0.859391 0.799615 0.569471 0.840117 0.520167 0.803731 0.689703 0.845866 0.881056 0.978973 0.975748 0.902981 0.963006 0.936313 0.876824 0.809814 0.736223 0.788348 0.941554 0.767718 0.965396 0.802607 0.888911 0.944884 0.978067 0.947701 0.811522 0.618828 0.863992 0.618106 0.896256 0.852481 0.741368 0.898870 0.936650 0.930657 0.858679 0.885102 0.906806 0.836589
0.578489 0.725602 0.918039 0.914316 0.918533 0.990518 0.782672 0.821347 0.865244 0.963157 0.438863 0.548960 0.620085 0.568303 0.603635 0.716913 0.359842 0.386514 0.537919 0.525808 0.948066 0.961451 0.782815 0.994866 0.939456 0.812183 0.882069 0.881092 0.313419 0.000000 0.702961 0.687266 0.515951 0.515129 0.885657 0.929589 0.892408 0.918700 0.991812 0.880660 0.921867 0.835228 0.922762 0.883495 0.965340 0.998333 0.843445 0.818733 0.999050 0.963287 0.980278 0.947713 0.901811 0.938338 0.907864 0.953118 0.629211 0.634602 0.725296 0.806230 0.603334 0.873385 0.454638 0.405591 0.758815 0.936537 0.775454 0.809204 0.528970 0.725507 0.821250 0.964830 0.645103 0.671700 0.726594 0.900278 0.867977 0.806595 0.615631 0.803452 0.505481 0.768888 0.618277 0.723798 0.865485 0.902224 0.970548 0.985772 0.971937 0.983070 0.745021 0.673490 0.627793 0.680211 0.975367 0.801782 0.954279 0.788973 0.960100 0.970607 0.968154 0.994391 0.921324 0.608772 0.871722 0.609479 0.999246 0.917821 0.827212 0.906077 0.871848 0.999848 0.982367 0.984589 0.908255 0.827271
0.884781 0.797511 0.608462 0.709607 0.791550 0.834339 0.611709 0.586603 0.611925 0.582387 0.800593 0.671157 0.577020 0.823368 0.491394 0.553356 0.842348 0.868351 0.636027 0.815904 0.908857 0.903839 0.472369 0.926835 0.831268 0.922837 0.932535 0.862139 0.682515 0.702961 0.000000 0.484921 0.575560 0.623300 0.939949 0.957145 0.837102 0.965324 0.988095 0.937580 0.948169 0.830009 0.601305 0.575396 0.841790 0.794696 0.612223 0.669258 0.927593 0.931643 0.808380 0.765966 0.829135 0.844281 0.982508 0.960921 0.839349 0.849531 0.775512 0.793964 0.512265 0.521142 0.797275 0.694875 0.852138 0.814632 0.732672 0.626307 0.877031 0.957107 0.503495 0.602854 0.610125 0.735495 0.859885 0.923164 0.642314 0.625456 0.707277 0.952837 0.919038 0.904642 0.938659 0.936266 0.914878 0.965223 0.795752 0.633253 0.942086 0.984850 0.966519 0.995663 0.883493 0.966625 0.925560 0.967046 0.824527 0.775095 0.731882 0.656468 0.992886 0.834862 0.817347 0.777060 0.869468 0.670274 0.788524 0.796396 0.712324 0.955942 0.769658 0.960190 0.750172 0.831254 0.584676 0.968774
0.792641 0.792951 0.653534 0.669287 0.997505 0.982110 0.882800 0.795282 0.862618 0.816555 0.799212 0.617578 0.612598 0.636482 0.546454 0.529990 0.830765 0.787755 0.616349 0.765664 0.686607 0.984805 0.483052 0.748612 0.700974 0.892569 0.939229 0.896266 0.749740 0.687266 0.484921 0.000000 0.585602 0.776769 0.981925 0.886961 0.779660 0.824764 0.923886 0.873104 0.951573 0.800610 0.821685 0.731721 0.979553 0.927734 0.664147 0.876480 0.998854 0.928490 0.952701 0.922565 0.979471 0.994389 0.994049 0.970585 0.720464 0.837311 0.929109 0.979283 0.734846 0.675780 0.841017 0.745781 0.888290 0.866849 0.929262 0.908656 0.741050 0.900551 0.755930 0.697613 0.804992 0.806911 0.963722 0.930143 0.716089 0.719269 0.745423 0.897089 0.822665 0.961869 0.737020 0.873692 0.860177 0.838287 0.822487 0.680852 0.894571 0.892440 0.876800 0.798048 0.768162 0.835667 0.963983 0.991543 0.927650 0.786711 0.928760 0.986662 0.876321 0.949281 0.967016 0.795942 0.990877 0.765183 0.935679 0.906096 0.872160 0.941336 0.915595 0.893016 0.879951 0.847001 0.638422 0.904166
0.551851 0.606525 0.851852 0.747346 0.946728 0.908005 0.576580 0.571238 0.949427 0.709772 0.603292 0.493533 0.534251 0.553870 0.563599 0.707202 0.488827 0.461905 0.417363 0.631621 0.897349 0.930692 0.656986 0.986005 0.921181 0.869713 0.820375 0.726442 0.544618 0.515951 0.575560 0.585602 0.000000 0.441970 0.904375 0.957292 0.907083 0.976131 0.916327 0.971057 0.935962 0.776403 0.743402 0.540791 0.689903 0.630336 0.644326 0.606280 0.668856 0.687407 0.636883 0.614117 0.749197 0.774305 0.857216 0.750993 0.510854 0.530530 0.572432 0.741452 0.448321 0.692057 0.432026 0.390005 0.861584 0.914734 0.584469 0.656271 0.678160 0.762544 0.721890 0.727737 0.858189 0.940002 0.825729 0.900696 0.802725 0.767787 0.477453 0.740164 0.510031 0.771713 0.660111 0.701693 0.765604 0.903468 0.995348 0.830753 0.896411 0.895850 0.904419 0.983614 0.994553 0.916491 0.899821 0.822800 0.939874 0.627981 0.664915 0.712300 0.965827 0.888755 0.770114 0.480714 0.822483 0.665096 0.969607 0.758671 0.909085 0.824631 0.777228 0.849310 0.780556 0.629218 0.709509 0.934473
0.584540 0.608183 0.843572 0.775286 0.877045 0.938780 0.464363 0.476868 0.984916 0.710291 0.626544 0.529626 0.543241 0.708753 0.675107 0.799114 0.495130 0.478002 0.478676 0.665793 0.951860 0.975354 0.743883 0.959186 0.870416 0.825489 0.888345 0.743370 0.491710 0.515129 0.623300 0.776769 0.441970 0.000000 0.965457 0.871875 0.997132 0.986428 0.964911 0.963340 0.929646 0.853364 0.756263 0.566064 0.705493 0.655931 0.631765 0.503508 0.696402 0.716463 0.702203 0.631112 0.839286 0.869874 0.831225 0.772553 0.578991 0.553785 0.422407 0.540791 0.378618 0.723581 0.400827 0.392375 0.915643 0.976492 0.484394 0.501500 0.694327 0.784672 0.795896 0.877284 0.876717 0.892333 0.724071 0.965762 0.724869 0.810094 0.521851 0.776721 0.629220 0.880404 0.717417 0.825629 0.883991 0.944513 0.990120 0.828944 0.910228 0.942455 0.997624 0.941902 0.936224 0.846346 0.863277 0.815035 0.897645 0.634914 0.708620 0.672086 0.908766 0.913290 0.712425 0.536705 0.809887 0.582930 0.867411 0.858484 0.758514 0.869270 0.833369 0.875121 0.817952 0.706293 0.679438 0.856156
0.968850 0.970262 0.732315 0.826463 0.910014 0.994404 0.878023 0.885071 0.783870 0.941990 0.875327 0.993266 0.833016 0.978691 0.795313 0.851625 0.806885 0.845906 0.944026 0.997203 0.951014 0.885519 0.858809 0.798470 0.835271 0.764852 0.927276 0.816911 0.891033 0.885657 0.939949 0.981925 0.904375 0.965457 0.000000 0.973279 0.987266 0.943560 0.988795 0.806181 0.794721 0.997379 0.861568 0.932492 0.868534 0.829267 0.879879 0.795908 0.910621 0.774850 0.828775 0.794105 0.924015 0.903268 0.856678 0.858533 0.967200 0.951772 0.956550 0.788041 0.836409 0.780532 0.918136 0.893312 0.723294 0.790158 0.867185 0.835618 0.926339 0.982654 0.857047 0.967099 0.916505 0.969423 0.920227 0.797849 0.760170 0.967634 0.887398 0.952316 0.920292 0.963646 0.932893 0.958808 0.875900 0.841504 0.907199 0.950531 0.856630 0.827280 0.936126 0.884653 0.915328 0.967900 0.973927 0.842579 0.936033 0.908642 0.867771 0.828736 0.718360 0.892750 0.978003 0.988641 0.927560 0.872452 0.992641 0.897854 0.983624 0.972889 0.942074 0.957146 0.852143 0.917195 0.968924 0.932771
0.962972 0.975474 0.913857 0.887902 0.797259 0.928434 0.844969 0.906970 0.872929 0.988141 0.992386 0.992304 0.988601 0.925596 0.896078 0.929218 0.919205 0.947094 0.905495 0.993965 0.889785 0.834872 0.956273 0.918302 0.862431 0.804715 0.987868 0.929363 0.980744 0.929589 0.957145 0.886961 0.957292 0.871875 0.973279 0.000000 0.941414 0.988491 0.976896 0.999645 0.817065 0.960121 0.903591 0.881993 0.782717 0.842069 0.911277 0.834356 0.871767 0.850032 0.798664 0.876470 0.758734 0.764263 0.949575 0.912447 0.967984 0.989814 0.837589 0.952190 0.850091 0.955812 0.867995 0.897168 0.882978 0.982000 0.764693 0.763344 0.880581 0.994807 0.982261 0.991902 0.926944 0.913992 0.881244 0.942969 0.951213 0.999007 0.971143 0.997262 0.986274 0.944734 0.936301 0.983616 0.941854 0.933690 0.922708 0.826233 0.926637 0.904288 0.843104 0.787566 0.822744 0.901596 0.974743 0.893399 0.929022 0.854166 0.829398 0.733720 0.812147 0.921994 0.796321 0.809929 0.924151 0.938139 0.965318 0.856040 0.880544 0.961936 0.847736 0.666612 0.939660 0.915146 0.997822 0.933794
0.773484 0.642106 0.590937 0.569364 0.911047 0.888215 0.904085 0.896355 0.852718 0.852759 0.956041 0.710513 0.829878 0.624155 0.700120 0.538677 0.919341 0.870803 0.769451 0.671243 0.764428 0.878169 0.755252 0.627077 0.596138 0.635476 0.757886 0.926601 0.975131 0.892408 0.837102 0.779660 0.907083 0.997132 0.987266 0.941414 0.000000 0.544982 0.699253 0.677773 0.849758 0.824008 0.968390 0.857230 0.785366 0.866545 0.991093 0.982832 0.830373 0.888146 0.901507 0.921107 0.995260 0.996113 0.897171 0.995020 0.690217 0.708673 0.739925 0.805724 0.914807 0.705582 0.802300 0.998650 0.665105 0.711550 0.750355 0.857103 0.735830 0.743531 0.833197 0.712124 0.838449 0.943519 0.939378 0.980865 0.876076 0.883160 0.864405 0.881614 0.832821 0.787232 0.804254 0.776767 0.763458 0.655879 0.991214 0.941792 0.785199 0.734038 0.964637 0.941075 0.967879 0.979592 0.952624 0.864560 0.984458 0.958307 0.912408 0.941594 0.761833 0.882917 0.993498 0.996418 0.913580 0.876901 0.899067 0.957938 0.896004 0.878070 0.905638 0.925674 0.889529 0.841138 0.972616 0.902710
0.711404 0.584517 0.781676 0.656119 0.829946 0.951340 0.748305 0.990338 0.993184 0.733773 0.921076 0.716353 0.905962 0.594650 0.888185 0.619372 0.892758 0.832887 0.915725 0.621444 0.777602 0.977093 0.897562 0.577169 0.541198 0.559138 0.763075 0.799514 0.886113 0.918700 0.965324 0.824764 0.976131 0.986428 0.943560 0.988491 0.544982 0.000000 0.596631 0.762613 0.842473 0.676494 0.845591 0.953980 0.684105 0.709115 0.887217 0.907651 0.766500 0.794859 0.830699 0.773134 0.905110 0.868757 0.947521 0.985661 0.638168 0.686635 0.690186 0.826399 0.803600 0.745912 0.821209 0.991418 0.694927 0.700548 0.674965 0.706329 0.677882 0.654808 0.923082 0.893438 0.841152 0.915352 0.908035 0.889463 0.930072 0.922669 0.861594 0.921378 0.780718 0.634459 0.671358 0.653243 0.752550 0.633655 0.983144 0.936524 0.677855 0.643816 0.923093 0.787943 0.908681 0.881611 0.989504 0.997366 0.957441 0.999096 0.773746 0.761878 0.840514 0.842887 0.869215 0.951663 0.943894 0.965798 0.918189 0.912921 0.959757 0.863469 0.906739 0.733671 0.789554 0.867405 0.802187 0.971903
