0.000000 0.335911 0.694618 0.679547 0.783443 0.613593 0.384532 0.357940 0.555868 0.570324 0.370565 0.279377 0.320721 0.454202 0.597946 0.632045 0.405831 0.403286 0.409856 0.418957 0.979795 0.862055 0.802007 0.987139 0.817054 0.989399 0.837723 0.874548 0.436503 0.499206 0.894185 0.961712 0.394335 0.326457 0.659414 0.973845 0.842466 0.960988 0.809179 0.971036 0.849973 0.796715 0.627105 0.601611 0.592165 0.577605 0.555170 0.573419 0.878156 0.815198 0.662391 0.601465 0.814765 0.908872 0.761485 0.737455 0.400910 0.373392 0.244362 0.294530 0.263974 0.317673 0.391450 0.359326 0.748398 0.613204 0.487990 0.509705 0.556049 0.644627 0.630149 0.724330 0.849574 0.826863 0.905338 0.848411 0.604504 0.824969 0.601438 0.811533 0.368625 0.605450 0.861179 0.722620 0.626162 0.781802 0.969475 0.827310 0.590923 0.646758 0.668501 0.731900 0.716049 0.744029 0.777298 0.805300 0.542708 0.689758 0.434794 0.420571 0.629496 0.683600 0.539163 0.580084 0.473138 0.516698 0.790267 0.600504 0.641410 0.690346 0.675003 0.643687 0.636541 0.870147 0.641312 0.958426
0.335911 0.000000 0.700405 0.614373 0.897325 0.690321 0.489272 0.375726 0.721144 0.711218 0.619163 0.421386 0.560170 0.593740 0.794290 0.729936 0.480013 0.500522 0.408064 0.329706 0.929469 0.877939 0.803177 0.845890 0.997862 0.861724 0.930114 0.842570 0.549200 0.663947 0.812810 0.872112 0.425751 0.378390 0.758894 0.879916 0.845189 0.981633 0.962147 0.927781 0.768610 0.904532 0.487834 0.497428 0.527340 0.511719 0.469956 0.499682 0.763778 0.731381 0.574399 0.565389 0.848501 0.939051 0.678027 0.739597 0.321705 0.262569 0.400227 0.364210 0.451059 0.329084 0.617097 0.567989 0.709069 0.522475 0.505692 0.471650 0.480463 0.511317 0.658793 0.763122 0.688330 0.697325 0.753977 0.764066 0.654496 0.743482 0.682971 0.733460 0.457524 0.509136 0.765469 0.688718 0.609053 0.639965 0.951629 0.965117 0.639493 0.654585 0.752711 0.851116 0.787402 0.904645 0.711679 0.886661 0.532980 0.722642 0.491259 0.440885 0.739397 0.768200 0.574018 0.701532 0.494841 0.531470 0.948614 0.643392 0.663587 0.704151 0.641301 0.553220 0.667787 0.755306 0.572004 0.988922
0.694618 0.700405 0.000000 0.200736 0.819228 0.836790 0.374418 0.512250 0.595316 0.997872 0.973768 0.828514 0.625541 0.697226 0.595565 0.479202 0.967303 0.995252 0.556090 0.621853 0.512137 0.864745 0.300022 0.413167 0.393397 0.308634 0.826696 0.861046 0.971374 0.967276 0.374846 0.562931 0.480968 0.466290 0.490732 0.739587 0.442357 0.603731 0.832031 0.759693 0.854074 0.982531 0.442060 0.590415 0.791952 0.889685 0.450474 0.450823 0.760894 0.999907 0.753625 0.715524 0.839007 0.742017 0.667431 0.774146 0.979333 0.933325 0.695804 0.779855 0.572978 0.620161 0.999588 0.962077 0.203585 0.340916 0.354042 0.396965 0.695750 0.865977 0.439237 0.428233 0.608616 0.657285 0.847809 0.989432 0.569664 0.489781 0.954960 0.731961 0.850249 0.735179 0.756623 0.898613 0.356853 0.366143 0.876172 0.917202 0.576985 0.616026 0.597166 0.660577 0.600807 0.607720 0.661441 0.816043 0.667987 0.935349 0.722619 0.652609 0.831604 0.887176 0.840708 0.970266 0.592319 0.462873 0.748749 0.806015 0.794634 0.911789 0.759646 0.863471 0.869598 0.866507 0.798099 0.894390
0.679547 0.614373 0.200736 0.000000 0.901754 0.755552 0.368367 0.459307 0.633158 0.990666 0.978380 0.739332 0.666921 0.669048 0.646521 0.516914 0.999504 0.980685 0.536358 0.538886 0.481523 0.901183 0.331497 0.383231 0.416933 0.310026 0.849107 0.862662 0.959929 0.989749 0.422501 0.570493 0.468697 0.457186 0.509381 0.708176 0.510234 0.613371 0.803039 0.753299 0.797471 0.919462 0.407533 0.537465 0.785368 0.887520 0.395368 0.407589 0.764585 0.984148 0.737290 0.714900 0.856657 0.769002 0.710538 0.759733 0.951317 0.889734 0.658055 0.692677 0.570676 0.536252 0.969362 0.944221 0.201833 0.247346 0.310259 0.316166 0.714752 0.793323 0.391072 0.391711 0.542769 0.641522 0.754355 0.883797 0.559371 0.480352 0.993759 0.677405 0.864455 0.745784 0.742546 0.887206 0.357296 0.347943 0.797096 0.974175 0.565965 0.627866 0.560823 0.669546 0.580405 0.604327 0.696404 0.758822 0.622344 0.862817 0.677679 0.609612 0.768743 0.849456 0.820093 0.976214 0.555969 0.446779 0.780299 0.778007 0.761278 0.895223 0.722419 0.802638 0.867240 0.837687 0.716372 0.861829
0.783443 0.897325 0.819228 0.901754 0.000000 0.974016 0.799672 0.860366 0.726352 0.787880 0.844067 0.843968 0.680663 0.763237 0.676843 0.819598 0.741639 0.779334 0.732923 0.929925 0.966121 0.914805 0.786935 0.992196 0.946190 0.952444 0.736823 0.988148 0.817190 0.763343 0.862312 0.964824 0.726955 0.764528 0.647985 0.844363 0.827941 0.878368 0.930117 0.778901 0.985208 0.987841 0.932423 0.905438 0.910201 0.949815 0.985265 0.984738 0.947453 0.877514 0.951877 0.973319 0.942325 0.993930 0.902440 0.961448 0.791218 0.726158 0.737384 0.897304 0.739476 0.904883 0.622608 0.711410 0.823471 0.936166 0.758081 0.841936 0.990307 0.999609 0.847839 0.860686 0.998958 0.912602 0.862224 0.953526 0.938767 0.906434 0.905745 0.990200 0.695126 0.946333 0.848756 0.775844 0.748114 0.898317 0.993871 0.700390 0.704048 0.911238 0.887677 0.901575 0.906832 0.853994 0.962388 0.973111 0.841666 0.915845 0.840106 0.925019 0.978074 0.980211 0.797907 0.944071 0.896735 0.776955 0.983758 0.879589 0.886486 0.883824 0.863278 0.975810 0.951855 0.966531 0.984103 0.887535
0.613593 0.690321 0.836790 0.755552 0.974016 0.000000 0.551217 0.497189 0.628071 0.633310 0.688183 0.640252 0.796119 0.880747 0.955407 0.920233 0.822201 0.792636 0.753320 0.693772 0.961311 0.863623 0.987483 0.904390 0.811273 0.970636 0.730591 0.836565 0.815841 0.952876 0.959944 0.952573 0.724687 0.665310 0.831178 0.922836 0.986641 0.959247 0.851674 0.971474 0.816438 0.883527 0.655519 0.597948 0.728727 0.719737 0.673983 0.725438 0.972707 0.839792 0.732454 0.664267 0.782283 0.775310 0.864141 0.745929 0.831041 0.814768 0.633490 0.555988 0.630482 0.531189 0.878564 0.852676 0.904134 0.666872 0.612251 0.577329 0.778799 0.692454 0.731705 0.722111 0.812500 0.849510 0.912319 0.908744 0.753388 0.824564 0.906834 0.855525 0.808645 0.910948 0.842543 0.995087 0.980711 0.964059 0.969709 0.930393 0.795026 0.920231 0.557995 0.612236 0.571711 0.629758 0.992729 0.883359 0.718000 0.786794 0.528414 0.587628 0.639240 0.629630 0.661993 0.681269 0.720023 0.712117 0.821048 0.708219 0.936137 0.852024 0.686631 0.651636 0.736551 0.809108 0.592176 0.857579
0.384532 0.489272 0.374418 0.368367 0.799672 0.551217 0.000000 0.215332 0.327593 0.523205 0.559242 0.456815 0.424550 0.608450 0.536511 0.528590 0.660007 0.620471 0.423280 0.490523 0.767026 0.851515 0.563989 0.790454 0.877127 0.672214 0.888596 0.919055 0.658283 0.679819 0.664906 0.825874 0.406702 0.297805 0.478971 0.808059 0.725587 0.802946 0.940154 0.880027 0.757923 0.831526 0.368629 0.386602 0.494125 0.540582 0.458145 0.419332 0.972517 0.793185 0.503793 0.433631 0.572199 0.549282 0.631105 0.696971 0.776952 0.663360 0.358830 0.497639 0.340263 0.385922 0.656258 0.632966 0.471782 0.437474 0.248743 0.329694 0.644164 0.725884 0.349045 0.449888 0.661703 0.713815 0.843974 0.963824 0.411404 0.567977 0.706248 0.834812 0.560332 0.718239 0.867839 0.842081 0.557594 0.654791 0.992852 0.843081 0.552097 0.645287 0.338700 0.397093 0.375152 0.399944 0.656402 0.738871 0.404563 0.657384 0.319064 0.318801 0.573380 0.546631 0.529902 0.594494 0.414951 0.302821 0.665204 0.549219 0.659556 0.772441 0.555635 0.611745 0.638319 0.726997 0.566029 0.845258
0.357940 0.375726 0.512250 0.459307 0.860366 0.497189 0.215332 0.000000 0.427535 0.474997 0.519130 0.362351 0.470344 0.593213 0.686583 0.681823 0.632974 0.612792 0.466797 0.446278 0.870660 0.867765 0.726090 0.893184 0.987583 0.781399 0.761245 0.835596 0.596378 0.705466 0.763116 0.881243 0.444246 0.333492 0.582297 0.878612 0.883229 0.925416 0.905505 0.880617 0.730876 0.817812 0.382815 0.398375 0.566040 0.572309 0.469645 0.482208 0.944699 0.826190 0.564482 0.490810 0.693684 0.696490 0.739365 0.712020 0.634189 0.554571 0.335348 0.387156 0.324632 0.256671 0.653963 0.598579 0.599384 0.416454 0.309530 0.325108 0.651377 0.636951 0.433243 0.483888 0.722896 0.704919 0.834567 0.856499 0.509862 0.672251 0.770032 0.832934 0.588738 0.746049 0.916742 0.909195 0.665562 0.748960 0.937501 0.793545 0.570712 0.719355 0.387414 0.483683 0.413711 0.512620 0.704410 0.737433 0.385957 0.585566 0.317302 0.295962 0.511936 0.546502 0.517241 0.614555 0.384331 0.316587 0.662575 0.533071 0.639227 0.680543 0.475089 0.513263 0.549009 0.743437 0.483825 0.813684
0.555868 0.721144 0.595316 0.633158 0.726352 0.628071 0.327593 0.427535 0.000000 0.451698 0.518956 0.582478 0.547207 0.797354 0.651790 0.641473 0.687033 0.707707 0.699003 0.671547 0.906467 0.978758 0.775856 0.962348 0.935211 0.890440 0.803516 0.864976 0.618679 0.672604 0.852793 0.995461 0.606560 0.496761 0.657448 0.918795 0.854620 0.883687 0.841865 0.962129 0.775326 0.733595 0.633862 0.568674 0.607388 0.652325 0.764753 0.733864 0.909370 0.877745 0.645532 0.597359 0.586599 0.644333 0.639557 0.735000 0.967666 0.788746 0.436849 0.612627 0.465329 0.556533 0.653478 0.633481 0.726422 0.768650 0.511584 0.597993 0.790236 0.789098 0.482765 0.619486 0.767261 0.857494 0.930442 0.907139 0.538372 0.755842 0.715418 0.960585 0.652903 0.858588 0.961378 0.821695 0.821982 0.970211 0.926818 0.840249 0.604772 0.844338 0.500530 0.452400 0.495350 0.448816 0.804585 0.969285 0.526082 0.718291 0.459792 0.473572 0.627534 0.618211 0.637856 0.675886 0.566277 0.471463 0.699518 0.598441 0.741202 0.827157 0.664009 0.702981 0.645608 0.790149 0.684832 0.875679
0.570324 0.711218 0.997872 0.990666 0.787880 0.633310 0.523205 0.474997 0.451698 0.000000 0.457486 0.529725 0.701497 0.899701 0.775376 0.934073 0.516066 0.510563 0.728813 0.750633 0.812165 0.969741 0.838781 0.543679 0.588053 0.729086 0.690715 0.793317 0.476151 0.573293 0.819804 0.704852 0.811612 0.640960 0.789619 0.956054 0.845804 0.908907 0.774565 0.996256 0.786065 0.685631 0.784336 0.679142 0.595866 0.583884 0.909346 0.918669 0.746579 0.806342 0.604421 0.598425 0.661451 0.714189 0.922747 0.804708 0.767151 0.663809 0.467708 0.670901 0.636385 0.641300 0.543377 0.464168 0.852090 0.964427 0.685062 0.799804 0.806603 0.821073 0.565503 0.751832 0.927391 0.895580 0.959964 0.960651 0.610291 0.872470 0.783310 0.838443 0.571328 0.910924 0.938544 0.846270 0.864811 0.685108 0.823210 0.698261 0.817304 0.936744 0.500099 0.474867 0.505353 0.520036 0.893555 0.833313 0.525166 0.609545 0.358756 0.470514 0.586529 0.562676 0.434458 0.487103 0.633475 0.632733 0.778524 0.564654 0.793466 0.712035 0.630069 0.650576 0.498779 0.742766 0.681798 0.824973
0.370565 0.619163 0.973768 0.978380 0.844067 0.688183 0.559242 0.519130 0.518956 0.457486 0.000000 0.299639 0.395628 0.531369 0.735247 0.787793 0.424119 0.409894 0.620878 0.626368 0.760906 0.986215 0.923424 0.754748 0.545805 0.702064 0.683304 0.728548 0.361111 0.391878 0.898687 0.893960 0.600440 0.513659 0.868870 0.858176 0.862720 0.862440 0.860666 0.998481 0.998298 0.745474 0.981201 0.815490 0.700529 0.660935 0.903958 0.883783 0.842633 0.897349 0.851299 0.829591 0.866945 0.994505 0.830104 0.866990 0.642879 0.551495 0.422584 0.483153 0.364771 0.434119 0.315040 0.262257 0.949804 0.905160 0.755200 0.770242 0.813209 0.804222 0.869364 0.981041 0.861009 0.923759 0.918527 0.968307 0.840746 0.911545 0.566331 0.943699 0.405548 0.682212 0.981529 0.711785 0.928688 0.913232 0.839805 0.846767 0.747242 0.830492 0.831668 0.834234 0.864539 0.853076 0.902565 0.906899 0.716002 0.750643 0.582452 0.606514 0.657929 0.743655 0.674163 0.684061 0.651349 0.716834 0.826104 0.764442 0.766410 0.767952 0.720665 0.801209 0.747496 0.978023 0.741147 0.885939
0.279377 0.421386 0.828514 0.739332 0.843968 0.640252 0.456815 0.362351 0.582478 0.529725 0.299639 0.000000 0.335955 0.415564 0.670226 0.693181 0.414493 0.399716 0.508690 0.438212 0.970875 0.922938 0.900969 0.970403 0.721408 0.897699 0.823619 0.793920 0.384797 0.397087 0.984363 0.980819 0.460066 0.378063 0.775023 0.978472 0.954298 0.961856 0.860880 0.893706 0.862011 0.853039 0.779153 0.696233 0.675378 0.679853 0.688454 0.675158 0.907922 0.940100 0.810823 0.761599 0.912932 0.979324 0.860087 0.838551 0.469486 0.451926 0.313489 0.365286 0.289588 0.263399 0.379844 0.302421 0.841887 0.613402 0.559896 0.539189 0.750248 0.691358 0.708972 0.808516 0.972472 0.888276 0.826051 0.860096 0.674515 0.881608 0.622958 0.813375 0.398259 0.638921 0.863759 0.716076 0.742431 0.855308 0.925161 0.857193 0.640050 0.736018 0.719955 0.822455 0.777186 0.804064 0.799834 0.838387 0.604311 0.727812 0.477742 0.505667 0.611529 0.749826 0.602713 0.644207 0.515697 0.562960 0.812066 0.726662 0.708511 0.749099 0.678258 0.624503 0.719193 0.964923 0.661191 0.955955
0.320721 0.560170 0.625541 0.666921 0.680663 0.796119 0.424550 0.470344 0.547207 0.701497 0.395628 0.335955 0.000000 0.294203 0.450809 0.457985 0.565475 0.514563 0.471152 0.539180 0.898374 0.956316 0.593478 0.822448 0.926431 0.940752 0.959313 0.887882 0.508499 0.402205 0.736947 0.851475 0.352412 0.360497 0.664674 0.964893 0.825842 0.855258 0.926793 0.876221 0.949595 0.880751 0.783469 0.769958 0.827804 0.821921 0.763891 0.695314 0.819836 0.907243 0.952965 0.838667 0.944243 0.985830 0.863265 0.952855 0.608234 0.560811 0.380330 0.470896 0.231753 0.399626 0.340046 0.375310 0.643749 0.595909 0.535587 0.577028 0.820704 0.781953 0.704270 0.770839 0.954633 0.995881 0.873362 0.962467 0.736036 0.837385 0.654015 0.734255 0.444382 0.707389 0.836234 0.808513 0.524656 0.691639 0.917228 0.809037 0.690039 0.694022 0.750799 0.835863 0.817243 0.769598 0.837102 0.868693 0.720401 0.882933 0.627583 0.640134 0.698836 0.743356 0.737296 0.777125 0.574633 0.496702 0.772204 0.763730 0.767160 0.825479 0.803402 0.821668 0.852295 0.983845 0.713095 0.981303
0.454202 0.593740 0.697226 0.669048 0.763237 0.880747 0.608450 0.593213 0.797354 0.899701 0.531369 0.415564 0.294203 0.000000 0.524489 0.500528 0.705058 0.615202 0.476755 0.621621 0.864658 0.956532 0.530175 0.687317 0.990794 0.910526 0.945515 0.977618 0.660281 0.498345 0.691382 0.750289 0.333977 0.426810 0.714248 0.865416 0.760556 0.869014 0.962875 0.790451 0.934000 0.961891 0.867162 0.909552 0.993751 0.999673 0.804092 0.781853 0.667700 0.718708 0.912464 0.973482 0.854634 0.822982 0.968969 0.931406 0.572402 0.596408 0.496849 0.492127 0.337282 0.456245 0.450428 0.491511 0.631864 0.514392 0.586690 0.512612 0.960885 0.822319 0.793458 0.712282 0.954841 0.948621 0.840938 0.844587 0.903280 0.790762 0.724043 0.699430 0.590035 0.810076 0.698750 0.815592 0.464182 0.571896 0.777655 0.976745 0.623852 0.615474 0.929204 0.938073 0.965977 0.969345 0.924095 0.790583 0.861152 0.931924 0.798007 0.775244 0.706984 0.970089 0.891500 0.976731 0.661573 0.632775 0.928315 0.905735 0.809387 0.851803 0.825078 0.895492 0.954098 0.887657 0.795389 0.975477
0.597946 0.794290 0.595565 0.646521 0.676843 0.955407 0.536511 0.686583 0.651790 0.775376 0.735247 0.670226 0.450809 0.524489 0.000000 0.454214 0.760529 0.707358 0.599906 0.751304 0.642812 0.880955 0.454771 0.749857 0.847279 0.817824 0.848722 0.893078 0.744780 0.623064 0.585271 0.824321 0.470537 0.493680 0.586638 0.825718 0.657856 0.739494 0.978413 0.975476 0.810619 0.958673 0.801687 0.900875 0.786675 0.864122 0.797960 0.677477 0.787256 0.932685 0.826201 0.733112 0.767648 0.751145 0.802029 0.832138 0.836472 0.785458 0.516991 0.701288 0.468449 0.714254 0.573509 0.608032 0.618477 0.726267 0.533128 0.643396 0.815310 0.790503 0.587554 0.600954 0.831991 0.935265 0.891449 0.968221 0.786725 0.795185 0.748704 0.905553 0.703225 0.923234 0.632564 0.826274 0.519868 0.683562 0.783703 0.962344 0.695670 0.638508 0.716396 0.744712 0.801191 0.675857 0.812476 0.816372 0.720521 0.884882 0.680663 0.716089 0.871270 0.844329 0.823579 0.816067 0.658596 0.529994 0.737230 0.681659 0.838992 0.939375 0.819973 0.879168 0.941977 0.792735 0.770425 0.958150
0.632045 0.729936 0.479202 0.516914 0.819598 0.920233 0.528590 0.681823 0.641473 0.934073 0.787793 0.693181 0.457985 0.500528 0.454214 0.000000 0.822392 0.704963 0.541987 0.608670 0.585656 0.963151 0.366724 0.550959 0.695094 0.602001 0.790117 0.934387 0.709129 0.623718 0.484371 0.607428 0.429823 0.469169 0.592883 0.714972 0.495185 0.644426 0.943040 0.847485 0.818935 0.984124 0.697261 0.723059 0.810135 0.834345 0.614746 0.645772 0.774037 0.965277 0.854237 0.752024 0.867729 0.804028 0.709375 0.890298 0.844305 0.821120 0.649635 0.782229 0.528918 0.663753 0.716756 0.758548 0.492674 0.563461 0.536188 0.586175 0.843935 0.837440 0.565293 0.568459 0.712914 0.643696 0.834058 0.901165 0.731500 0.681852 0.701994 0.670237 0.639513 0.737024 0.625263 0.802269 0.393754 0.487928 0.785799 0.962192 0.675040 0.685872 0.713205 0.827060 0.778447 0.678367 0.689270 0.913768 0.774249 0.874348 0.763131 0.764844 0.833474 0.898323 0.839442 0.966476 0.613226 0.636620 0.827618 0.832713 0.860439 0.938106 0.939005 0.871514 0.989307 0.901265 0.836295 0.941282
0.405831 0.480013 0.967303 0.999504 0.741639 0.822201 0.660007 0.632974 0.687033 0.516066 0.424119 0.414493 0.565475 0.705058 0.760529 0.822392 0.000000 0.268371 0.492512 0.492237 0.785861 0.911474 0.927027 0.807291 0.666557 0.720386 0.911701 0.872319 0.317966 0.410899 0.927651 0.823245 0.606265 0.573620 0.829802 0.958096 0.987612 0.956568 0.902521 0.950126 0.828617 0.808569 0.879519 0.746831 0.497158 0.450043 0.786294 0.781799 0.588898 0.673030 0.628980 0.672539 0.756796 0.926193 0.718750 0.735590 0.398978 0.314064 0.451923 0.578846 0.573332 0.599219 0.352173 0.307500 0.926397 0.993535 0.782436 0.808232 0.622884 0.753469 0.818043 0.940860 0.957489 0.881044 0.929925 0.814245 0.794419 0.985333 0.612355 0.934755 0.273991 0.520055 0.772603 0.505029 0.847444 0.985870 0.922433 0.948214 0.756675 0.740884 0.879934 0.896363 0.949419 0.950984 0.779265 0.978989 0.595538 0.714528 0.560516 0.629909 0.819504 0.869854 0.546140 0.519480 0.709362 0.777711 0.975478 0.813004 0.719643 0.767328 0.794065 0.668489 0.732738 0.774976 0.850846 0.991985
0.403286 0.500522 0.995252 0.980685 0.779334 0.792636 0.620471 0.612792 0.707707 0.510563 0.409894 0.399716 0.514563 0.615202 0.707358 0.704963 0.268371 0.000000 0.486069 0.496222 0.885677 0.821773 0.979665 0.819550 0.699226 0.800786 0.962327 0.887031 0.287777 0.315012 0.988902 0.953906 0.569644 0.536814 0.846984 0.995115 0.891911 0.961919 0.830195 0.927550 0.849296 0.748053 0.872611 0.744715 0.502851 0.466653 0.781023 0.792430 0.675321 0.715294 0.621555 0.650771 0.782499 0.873323 0.717666 0.829226 0.397750 0.340835 0.463667 0.635063 0.549136 0.590139 0.342939 0.272154 0.958224 0.934618 0.723387 0.757674 0.615420 0.709303 0.788524 0.974974 0.914820 0.794340 0.973599 0.833400 0.795356 0.905130 0.538032 0.907915 0.219342 0.466759 0.768434 0.565686 0.836502 0.943337 0.861277 0.905984 0.692388 0.777014 0.827931 0.847894 0.872829 0.889843 0.813556 0.917084 0.620475 0.784254 0.532081 0.599007 0.728355 0.841825 0.489271 0.490993 0.615682 0.783501 0.952563 0.798283 0.796150 0.762077 0.776514 0.707034 0.749858 0.798453 0.828196 0.965772
0.409856 0.408064 0.556090 0.536358 0.732923 0.753320 0.423280 0.466797 0.699003 0.728813 0.620878 0.508690 0.471152 0.476755 0.599906 0.541987 0.492512 0.486069 0.000000 0.418238 0.854071 0.870012 0.552931 0.723694 0.907420 0.817302 0.955844 0.990842 0.589493 0.617017 0.671277 0.816300 0.330409 0.344061 0.502441 0.786614 0.678460 0.871311 0.968871 0.887676 0.824923 0.958349 0.541310 0.519326 0.503115 0.504496 0.506891 0.472754 0.882025 0.774113 0.593656 0.559544 0.720033 0.753069 0.656624 0.723556 0.520457 0.437699 0.474464 0.519439 0.437314 0.485364 0.541278 0.570670 0.551995 0.539596 0.455195 0.440277 0.580607 0.671072 0.569069 0.678792 0.801602 0.735279 0.819287 0.753395 0.633770 0.617588 0.691900 0.744937 0.442807 0.590636 0.684643 0.690745 0.459835 0.568218 0.939075 0.953154 0.599383 0.547240 0.660282 0.792340 0.745281 0.767793 0.752514 0.776928 0.553522 0.836150 0.515077 0.524570 0.771981 0.846039 0.612247 0.741636 0.606369 0.534228 0.883803 0.698647 0.681667 0.771635 0.705368 0.680859 0.776765 0.817494 0.838339 0.964260
0.418957 0.329706 0.621853 0.538886 0.929925 0.693772 0.490523 0.446278 0.671547 0.750633 0.626368 0.438212 0.539180 0.621621 0.751304 0.608670 0.492237 0.496222 0.418238 0.000000 0.769259 0.925478 0.701541 0.719075 0.896040 0.793528 0.979337 0.958512 0.541168 0.637029 0.759385 0.723833 0.418094 0.406654 0.726530 0.901236 0.781906 0.920477 0.986156 0.899223 0.776594 0.930803 0.545246 0.525146 0.613736 0.602904 0.500882 0.461972 0.912849 0.783460 0.706574 0.659739 0.899651 0.909105 0.649274 0.694934 0.477313 0.430912 0.498570 0.475007 0.503993 0.395500 0.641745 0.609500 0.621436 0.495775 0.527505 0.474359 0.530712 0.603362 0.635234 0.756745 0.701209 0.638207 0.731856 0.645220 0.703083 0.770260 0.683403 0.723433 0.443276 0.443475 0.717662 0.682100 0.547230 0.602902 0.868349 0.984582 0.707009 0.643394 0.732830 0.835037 0.782415 0.844503 0.681153 0.966781 0.580199 0.792582 0.583376 0.492716 0.779903 0.795633 0.566713 0.763105 0.471692 0.591017 0.843329 0.785417 0.814162 0.833781 0.781960 0.649431 0.693679 0.773655 0.628905 0.925499
0.979795 0.929469 0.512137 0.481523 0.966121 0.961311 0.767026 0.870660 0.906467 0.812165 0.760906 0.970875 0.898374 0.864658 0.642812 0.585656 0.785861 0.885677 0.854071 0.769259 0.000000 0.881073 0.454267 0.476249 0.452897 0.445134 0.648122 0.748669 0.799076 0.943709 0.513498 0.613338 0.707564 0.749015 0.756496 0.800022 0.621324 0.636430 0.880058 0.809656 0.816629 0.788288 0.703820 0.827222 0.959397 0.865968 0.668343 0.761046 0.656752 0.811614 0.998345 0.974672 0.963397 0.870240 0.944305 0.979081 0.946508 0.895565 0.924876 0.980340 0.884095 0.881579 0.801115 0.774929 0.455689 0.527089 0.614612 0.619227 0.892706 0.963421 0.650911 0.587567 0.704941 0.739019 0.796092 0.920943 0.879729 0.684139 0.914794 0.723645 0.906332 0.964341 0.679705 0.958169 0.567271 0.518117 0.627014 0.934493 0.846795 0.824965 0.763748 0.861425 0.836205 0.759115 0.789119 0.951969 0.912523 0.951403 0.977882 0.902579 0.988680 0.969713 0.906514 0.832089 0.732220 0.695668 0.831515 0.975536 0.821351 0.892393 0.896484 0.955540 0.985167 0.874803 0.813719 0.928216
0.862055 0.877939 0.864745 0.901183 0.914805 0.863623 0.851515 0.867765 0.978758 0.969741 0.986215 0.922938 0.956316 0.956532 0.880955 0.963151 0.911474 0.821773 0.870012 0.925478 0.881073 0.000000 0.933021 0.980075 0.934709 0.981455 0.945613 0.912699 0.880256 0.942184 0.913522 0.903258 0.913159 0.931448 0.891549 0.954859 0.899678 0.969244 0.903110 0.998957 0.812858 0.775117 0.949956 0.974183 0.752925 0.860070 0.910443 0.795348 0.874654 0.863316 0.785182 0.802203 0.893842 0.801325 0.942925 0.786435 0.827167 0.866584 0.888145 0.868697 0.900695 0.947749 0.889418 0.878922 0.948874 0.967016 0.843855 0.872758 0.818911 0.804834 0.894219 0.920572 0.995383 0.811573 0.818500 0.923022 0.757522 0.822691 0.906857 0.974117 0.877272 0.876674 0.857909 0.893815 0.977096 0.876618 0.972601 0.969533 0.890851 0.728796 0.891028 0.886643 0.867844 0.970030 0.783531 0.847244 0.872572 0.977262 0.827224 0.840288 0.928250 0.960980 0.863247 0.835238 0.931477 0.914238 0.978816 0.940032 0.956154 0.913159 0.879034 0.869665 0.944678 0.844981 0.872504 0.870346
0.802007 0.803177 0.300022 0.331497 0.786935 0.987483 0.563989 0.726090 0.775856 0.838781 0.923424 0.900969 0.593478 0.530175 0.454771 0.366724 0.927027 0.979665 0.552931 0.701541 0.454267 0.933021 0.000000 0.277523 0.381174 0.401750 0.686454 0.787174 0.927170 0.903525 0.294556 0.428797 0.408929 0.503918 0.520600 0.712553 0.439094 0.602045 0.824536 0.791399 0.854176 0.863573 0.600790 0.762251 0.968452 0.965330 0.610002 0.572429 0.577110 0.779487 0.964596 0.890646 0.983202 0.880902 0.788906 0.907556 0.976009 0.952066 0.789297 0.855992 0.604639 0.744379 0.926291 0.973672 0.244474 0.400480 0.475151 0.480800 0.885892 0.885394 0.575916 0.489330 0.701755 0.746747 0.776096 0.906673 0.760687 0.505629 0.971771 0.709219 0.898265 0.877375 0.591778 0.919058 0.252870 0.297329 0.736733 0.932824 0.640080 0.556524 0.794372 0.897537 0.821675 0.784197 0.750886 0.794955 0.841681 0.959604 0.898929 0.838603 0.967382 0.977177 0.967248 0.842735 0.684165 0.566872 0.900928 0.885711 0.969912 0.939291 0.946731 0.981480 0.929382 0.905579 0.900091 0.897692
0.987139 0.845890 0.413167 0.383231 0.992196 0.904390 0.790454 0.893184 0.962348 0.543679 0.754748 0.970403 0.822448 0.687317 0.749857 0.550959 0.807291 0.819550 0.723694 0.719075 0.476249 0.980075 0.277523 0.000000 0.322868 0.365026 0.634203 0.777301 0.748732 0.901824 0.383709 0.379089 0.602260 0.726116 0.696098 0.733768 0.541225 0.668215 0.741049 0.859378 0.958645 0.777064 0.673741 0.854466 0.933739 0.887563 0.637058 0.594079 0.623933 0.833628 0.951941 0.975338 0.891425 0.987904 0.784077 0.921226 0.973603 0.957658 0.958117 0.998875 0.815659 0.833907 0.851325 0.762968 0.293841 0.410479 0.665486 0.589109 0.907342 0.951362 0.804087 0.709519 0.758371 0.772758 0.780354 0.851790 0.931595 0.663503 0.958625 0.620199 0.964822 0.808894 0.637915 0.942290 0.318425 0.253246 0.655716 0.753168 0.782887 0.570933 0.985147 0.882374 0.951116 0.969467 0.771366 0.917909 0.977027 0.854534 0.854543 0.993655 0.880552 0.808654 0.799231 0.669099 0.879883 0.745073 0.917330 0.880735 0.974445 0.827454 0.960469 0.869389 0.777766 0.999391 0.955085 0.971336
0.817054 0.997862 0.393397 0.416933 0.946190 0.811273 0.877127 0.987583 0.935211 0.588053 0.545805 0.721408 0.926431 0.990794 0.847279 0.695094 0.666557 0.699226 0.907420 0.896040 0.452897 0.934709 0.381174 0.322868 0.000000 0.254152 0.586892 0.725256 0.653971 0.786357 0.343392 0.465856 0.776417 0.879278 0.735987 0.742604 0.423707 0.512150 0.668807 0.776077 0.941179 0.787190 0.686821 0.892396 0.947675 0.826857 0.635742 0.697806 0.710989 0.857042 0.965202 0.952896 0.890400 0.960696 0.815747 0.899064 0.813462 0.807881 0.819564 0.770735 0.932859 0.940422 0.645956 0.580189 0.339319 0.548285 0.720259 0.722304 0.905772 0.984409 0.742359 0.660900 0.583433 0.694229 0.830234 0.993143 0.851143 0.572802 0.804060 0.766619 0.839520 0.851019 0.642057 0.951301 0.458227 0.354795 0.829466 0.908810 0.824527 0.728591 0.993568 0.960100 0.946412 0.991446 0.819767 0.853233 0.972309 0.852564 0.839278 0.939353 0.811965 0.774484 0.865986 0.699447 0.914860 0.860770 0.973263 0.905971 0.906519 0.921716 0.918891 0.850760 0.789484 0.932721 0.963977 0.988997
0.989399 0.861724 0.308634 0.310026 0.952444 0.970636 0.672214 0.781399 0.890440 0.729086 0.702064 0.897699 0.940752 0.910526 0.817824 0.602001 0.720386 0.800786 0.817302 0.793528 0.445134 0.981455 0.401750 0.365026 0.254152 0.000000 0.765947 0.813126 0.751844 0.824968 0.338522 0.440870 0.694163 0.769832 0.754519 0.666438 0.412287 0.526414 0.761712 0.802538 0.873122 0.831027 0.522232 0.722182 0.939100 0.976615 0.490509 0.576624 0.757779 0.943264 0.803149 0.844863 0.975559 0.823355 0.715840 0.903079 0.840742 0.870048 0.988135 0.948324 0.888941 0.832709 0.651894 0.635327 0.303796 0.408890 0.579915 0.587209 0.839066 0.939308 0.600914 0.525554 0.480535 0.607112 0.899837 0.966510 0.739377 0.548831 0.844488 0.702882 0.892659 0.851721 0.720219 0.992616 0.469571 0.366144 0.795453 0.955247 0.740205 0.777935 0.777412 0.842577 0.761016 0.786725 0.782769 0.836253 0.819289 0.996251 0.965976 0.868205 0.951175 0.960532 0.973686 0.828249 0.769310 0.688532 0.838385 0.951409 0.941839 0.980617 0.945594 0.946564 0.953354 0.883751 0.887275 0.945871
0.837723 0.930114 0.826696 0.849107 0.736823 0.730591 0.888596 0.761245 0.803516 0.690715 0.683304 0.823619 0.959313 0.945515 0.848722 0.790117 0.911701 0.962327 0.955844 0.979337 0.648122 0.945613 0.686454 0.634203 0.586892 0.765947 0.000000 0.784336 0.768092 0.937918 0.740298 0.810741 0.896801 0.977044 0.900916 0.749991 0.657970 0.740740 0.798734 0.829792 0.899696 0.868950 0.972288 0.860397 0.915573 0.818868 0.964420 0.951833 0.810417 0.876341 0.948693 0.854390 0.846462 0.976748 0.992740 0.883321 0.955903 0.999472 0.884831 0.755676 0.859866 0.775055 0.943888 0.877138 0.723459 0.900477 0.933423 0.923415 0.943620 0.890942 0.974007 0.928451 0.998592 0.910876 0.910481 0.868442 0.995131 0.878641 0.981789 0.923078 0.987556 0.937029 0.735079 0.976942 0.714290 0.690233 0.938679 0.970236 0.972891 0.858437 0.862817 0.861459 0.883925 0.923268 0.840636 0.987153 0.938390 0.825599 0.877907 0.836053 0.683698 0.752738 0.891550 0.899646 0.936025 0.980132 0.820964 0.812498 0.874513 0.791338 0.820439 0.804142 0.775270 0.988497 0.888318 0.943407
0.874548 0.842570 0.861046 0.862662 0.988148 0.836565 0.919055 0.835596 0.864976 0.793317 0.728548 0.793920 0.887882 0.977618 0.893078 0.934387 0.872319 0.887031 0.990842 0.958512 0.748669 0.912699 0.787174 0.777301 0.725256 0.813126 0.784336 0.000000 0.789714 0.793484 0.777500 0.953331 0.920474 0.925995 0.856602 0.996222 0.731552 0.799165 0.978581 0.873526 0.872860 0.910976 0.997601 0.912274 0.894208 0.878958 0.912003 0.915809 0.792430 0.909993 0.908407 0.884152 0.847353 0.991944 0.921207 0.746248 0.953026 0.886648 0.903852 0.961123 0.900877 0.857763 0.854739 0.756013 0.808339 0.898277 0.944822 0.897049 0.861697 0.941520 0.990777 0.823646 0.800318 0.940185 0.896798 0.961312 0.897526 0.850978 0.830364 0.786747 0.927200 0.979996 0.888862 0.979096 0.817885 0.779778 0.860075 0.853098 0.986144 0.753612 0.959671 0.918545 0.934143 0.981077 0.952103 0.935484 0.952564 0.887298 0.861253 0.851966 0.813401 0.806529 0.917205 0.883568 0.944590 0.888904 0.998630 0.790485 0.921449 0.935137 0.907798 0.858849 0.815539 0.921379 0.813164 0.998921
0.436503 0.549200 0.971374 0.959929 0.817190 0.815841 0.658283 0.596378 0.618679 0.476151 0.361111 0.384797 0.508499 0.660281 0.744780 0.709129 0.317966 0.287777 0.589493 0.541168 0.799076 0.880256 0.927170 0.748732 0.653971 0.751844 0.768092 0.789714 0.000000 0.287899 0.977142 0.867901 0.585526 0.577030 0.881106 0.852876 0.987040 0.972642 0.730119 0.990125 0.890355 0.759274 0.920994 0.782538 0.538448 0.487180 0.837429 0.811915 0.605794 0.708275 0.695963 0.690908 0.799599 0.934214 0.724488 0.699284 0.526391 0.457240 0.480836 0.601931 0.509040 0.527124 0.342505 0.275273 0.891956 0.999522 0.825027 0.872424 0.727689 0.739194 0.858403 0.996499 0.910176 0.775532 0.935409 0.857904 0.801672 0.984574 0.534375 0.989285 0.323052 0.546826 0.763468 0.540137 0.893365 0.957417 0.925669 0.931618 0.720523 0.806993 0.877099 0.914062 0.926679 0.933430 0.822829 0.964682 0.647403 0.789884 0.584368 0.612461 0.750328 0.866866 0.576579 0.616632 0.659804 0.808731 0.850836 0.817008 0.781415 0.654233 0.772949 0.708752 0.665564 0.778427 0.794573 0.959307
0.499206 0.663947 0.967276 0.989749 0.763343 0.952876 0.679819 0.705466 0.672604 0.573293 0.391878 0.397087 0.402205 0.498345 0.623064 0.623718 0.410899 0.315012 0.617017 0.637029 0.943709 0.942184 0.903525 0.901824 0.786357 0.824968 0.937918 0.793484 0.287899 0.000000 0.948852 0.998700 0.545975 0.544456 0.912036 0.892110 0.921233 0.879735 0.899629 0.896550 0.970950 0.875402 0.963656 0.922948 0.708596 0.714082 0.923165 0.906950 0.842999 0.964644 0.857515 0.885958 0.950312 0.930251 0.850409 0.920715 0.587016 0.548325 0.531705 0.733978 0.509950 0.591861 0.295577 0.255019 0.996613 0.949985 0.819566 0.859431 0.862129 0.889094 0.872721 0.970788 0.997682 0.911334 0.944472 0.976967 0.805995 0.876240 0.603482 0.906721 0.316933 0.562072 0.678522 0.525645 0.760173 0.913285 0.909647 0.949409 0.753412 0.800724 0.970616 0.986041 0.989668 0.978940 0.898134 0.888694 0.811645 0.918434 0.702824 0.766853 0.803754 0.970728 0.675457 0.725432 0.703076 0.851474 0.952754 0.934825 0.952642 0.832443 0.917009 0.846331 0.897849 0.921679 0.884572 0.919255
0.894185 0.812810 0.374846 0.422501 0.862312 0.959944 0.664906 0.763116 0.852793 0.819804 0.898687 0.984363 0.736947 0.691382 0.585271 0.484371 0.927651 0.988902 0.671277 0.759385 0.513498 0.913522 0.294556 0.383709 0.343392 0.338522 0.740298 0.777500 0.977142 0.948852 0.000000 0.386409 0.455372 0.645625 0.626399 0.786570 0.429481 0.556832 0.855744 0.831177 0.781343 0.961049 0.610864 0.785502 0.893855 0.967733 0.597393 0.682436 0.709220 0.841442 0.881182 0.915168 0.955465 0.928535 0.730698 0.852571 0.972801 0.928611 0.879682 0.956705 0.678415 0.752508 0.976807 0.926408 0.344359 0.464776 0.576636 0.597344 0.786123 0.783574 0.667697 0.535600 0.569278 0.664481 0.812736 0.850806 0.861471 0.612190 0.982494 0.653441 0.911419 0.766718 0.535776 0.915837 0.347329 0.356914 0.780156 0.895424 0.642912 0.608941 0.890520 0.986369 0.895291 0.915030 0.767416 0.821189 0.799403 0.916661 0.972218 0.866773 0.998605 0.964564 0.983801 0.850949 0.728699 0.631924 0.833553 0.910035 0.984956 0.983483 0.972011 0.993645 0.897126 0.834667 0.906579 0.977600
0.961712 0.872112 0.562931 0.570493 0.964824 0.952573 0.825874 0.881243 0.995461 0.704852 0.893960 0.980819 0.851475 0.750289 0.824321 0.607428 0.823245 0.953906 0.816300 0.723833 0.613338 0.903258 0.428797 0.379089 0.465856 0.440870 0.810741 0.953331 0.867901 0.998700 0.386409 0.000000 0.613526 0.732174 0.813910 0.811143 0.615155 0.704408 0.767023 0.955760 0.983164 0.832816 0.713472 0.784443 0.948674 0.954509 0.662837 0.742828 0.667745 0.791261 0.988565 0.984884 0.846854 0.931347 0.798197 0.947828 0.983493 0.982165 0.943478 0.947218 0.813751 0.812218 0.889835 0.864303 0.470584 0.509119 0.728445 0.665706 0.935589 0.996858 0.865290 0.749740 0.712356 0.666069 0.877068 0.782209 0.989947 0.705988 0.955770 0.722387 0.971032 0.787967 0.696448 0.998592 0.476852 0.406992 0.855636 0.869361 0.788520 0.797840 0.991988 0.908434 0.972780 0.987100 0.792328 0.885812 0.996389 0.992926 0.933009 0.959903 0.979929 0.954819 0.939646 0.744298 0.743591 0.812088 0.992378 0.963387 0.745185 0.816745 0.897518 0.904126 0.873343 0.970625 0.939868 0.990698
0.394335 0.425751 0.480968 0.468697 0.726955 0.724687 0.406702 0.444246 0.606560 0.811612 0.600440 0.460066 0.352412 0.333977 0.470537 0.429823 0.606265 0.569644 0.330409 0.418094 0.707564 0.913159 0.408929 0.602260 0.776417 0.694163 0.896801 0.920474 0.585526 0.545975 0.455372 0.613526 0.000000 0.283517 0.520071 0.839683 0.584033 0.770520 0.992885 0.875224 0.721217 0.936764 0.570686 0.619544 0.676634 0.709572 0.536328 0.539100 0.862073 0.964152 0.780926 0.747383 0.935601 0.955024 0.712555 0.734209 0.542751 0.501283 0.420049 0.469548 0.291630 0.378873 0.508386 0.552408 0.447061 0.405346 0.391877 0.373912 0.674597 0.642871 0.595043 0.561742 0.722037 0.710489 0.803756 0.781049 0.729972 0.600392 0.681868 0.686852 0.480038 0.596268 0.583745 0.687627 0.337560 0.422425 0.843197 0.999693 0.500465 0.499784 0.752129 0.901029 0.791504 0.821401 0.791653 0.771288 0.644451 0.849724 0.596099 0.557193 0.776032 0.852669 0.710831 0.834257 0.498686 0.478844 0.854607 0.764308 0.811640 0.788416 0.779483 0.769866 0.838807 0.823332 0.684824 0.992319
0.326457 0.378390 0.466290 0.457186 0.764528 0.665310 0.297805 0.333492 0.496761 0.640960 0.513659 0.378063 0.360497 0.426810 0.493680 0.469169 0.573620 0.536814 0.344061 0.406654 0.749015 0.931448 0.503918 0.726116 0.879278 0.769832 0.977044 0.925995 0.577030 0.544456 0.645625 0.732174 0.283517 0.000000 0.543235 0.831278 0.713508 0.807164 0.957585 0.868398 0.808023 0.888636 0.475209 0.450465 0.591907 0.622790 0.496029 0.466913 0.983263 0.903141 0.672646 0.580485 0.770056 0.793369 0.681299 0.803021 0.578277 0.507786 0.380315 0.461455 0.309490 0.356679 0.531546 0.520446 0.507633 0.425472 0.317762 0.337650 0.640707 0.639723 0.489722 0.545270 0.745652 0.738601 0.762871 0.853479 0.570704 0.597899 0.662315 0.776203 0.472246 0.613910 0.677949 0.720211 0.452773 0.541476 0.899914 0.958305 0.485832 0.597290 0.575209 0.686096 0.601796 0.650429 0.707834 0.809514 0.563002 0.815529 0.441598 0.427937 0.671377 0.691029 0.597575 0.667350 0.447632 0.422259 0.737484 0.602039 0.760050 0.793998 0.726231 0.655261 0.694395 0.811243 0.648520 0.986611
0.659414 0.758894 0.490732 0.509381 0.647985 0.831178 0.478971 0.582297 0.657448 0.789619 0.868870 0.775023 0.664674 0.714248 0.586638 0.592883 0.829802 0.846984 0.502441 0.726530 0.756496 0.891549 0.520600 0.696098 0.735987 0.754519 0.900916 0.856602 0.881106 0.912036 0.626399 0.813910 0.520071 0.543235 0.000000 0.774211 0.707928 0.777187 0.937171 0.887703 0.744588 0.776068 0.533743 0.612862 0.641259 0.738612 0.615175 0.571527 0.915731 0.908953 0.698635 0.684292 0.668861 0.706622 0.671160 0.667808 0.884831 0.860354 0.642703 0.760684 0.597322 0.730637 0.818069 0.863665 0.460365 0.583412 0.396446 0.507563 0.786523 0.852716 0.500447 0.537145 0.718042 0.701855 0.984994 0.893497 0.643040 0.635523 0.880287 0.891063 0.770651 0.822077 0.783053 0.827872 0.527343 0.597326 0.798064 0.905055 0.722734 0.663985 0.527333 0.626003 0.597189 0.546077 0.761238 0.752549 0.636250 0.807746 0.637867 0.604721 0.841925 0.804313 0.687483 0.868821 0.712140 0.469593 0.962307 0.703936 0.740394 0.779782 0.754152 0.890376 0.845268 0.845624 0.861216 0.972487
0.973845 0.879916 0.739587 0.708176 0.844363 0.922836 0.808059 0.878612 0.918795 0.956054 0.858176 0.978472 0.964893 0.865416 0.825718 0.714972 0.958096 0.995115 0.786614 0.901236 0.800022 0.954859 0.712553 0.733768 0.742604 0.666438 0.749991 0.996222 0.852876 0.892110 0.786570 0.811143 0.839683 0.831278 0.774211 0.000000 0.637892 0.853723 0.858915 0.912425 0.813211 0.862214 0.707630 0.818672 0.852179 0.963197 0.836100 0.769334 0.870053 0.953490 0.768899 0.772723 0.757687 0.733382 0.805816 0.957652 0.977872 0.966382 0.998574 0.928451 0.967851 0.961018 0.918758 0.889663 0.723603 0.715887 0.662430 0.687799 0.923369 0.802092 0.698461 0.722209 0.783590 0.846984 0.990039 0.981190 0.765478 0.869573 0.988058 0.993390 0.977004 0.976301 0.792950 0.982614 0.728196 0.655125 0.854100 0.970101 0.797012 0.875044 0.742484 0.795628 0.688441 0.730015 0.996818 0.918286 0.890085 0.941136 0.857897 0.926813 0.817190 0.850815 0.848221 0.987598 0.889343 0.798971 0.976515 0.857656 0.888796 0.938911 0.940396 0.853924 0.888161 0.970133 0.983875 0.956216
0.842466 0.845189 0.442357 0.510234 0.827941 0.986641 0.725587 0.883229 0.854620 0.845804 0.862720 0.954298 0.825842 0.760556 0.657856 0.495185 0.987612 0.891911 0.678460 0.781906 0.621324 0.899678 0.439094 0.541225 0.423707 0.412287 0.657970 0.731552 0.987040 0.921233 0.429481 0.615155 0.584033 0.713508 0.707928 0.637892 0.000000 0.453804 0.751440 0.737797 0.772501 0.959742 0.710033 0.891151 0.885047 0.984963 0.573545 0.746737 0.802192 0.965391 0.788220 0.849244 0.979347 0.887581 0.742994 0.856519 0.913867 0.910188 0.849918 0.998185 0.833207 0.918440 0.992004 0.953021 0.464558 0.623195 0.630381 0.601004 0.805026 0.857227 0.635165 0.574462 0.621653 0.647338 0.958556 0.998842 0.781922 0.570411 0.882421 0.870453 0.810594 0.798220 0.627241 0.811817 0.450307 0.445222 0.935328 0.977544 0.636787 0.638233 0.892867 0.884990 0.853879 0.853142 0.855004 0.830769 0.864415 0.938147 0.887997 0.851768 0.998765 0.836869 0.863136 0.986411 0.759364 0.790345 0.928164 0.858500 0.884649 0.957624 0.923287 0.924184 0.920581 0.880865 0.969156 0.987212
0.960988 0.981633 0.603731 0.613371 0.878368 0.959247 0.802946 0.925416 0.883687 0.908907 0.862440 0.961856 0.855258 0.869014 0.739494 0.644426 0.956568 0.961919 0.871311 0.920477 0.636430 0.969244 0.602045 0.668215 0.512150 0.526414 0.740740 0.799165 0.972642 0.879735 0.556832 0.704408 0.770520 0.807164 0.777187 0.853723 0.453804 0.000000 0.710356 0.855077 0.874146 0.940798 0.820305 0.886742 0.942383 0.933227 0.694073 0.822733 0.785167 0.904518 0.860339 0.924578 0.996889 0.905899 0.834668 0.970706 0.934418 0.947258 0.891097 0.917807 0.909543 0.986023 0.955326 0.947051 0.598327 0.723193 0.697624 0.711211 0.964297 0.932815 0.679852 0.698797 0.574524 0.732288 0.980839 0.912083 0.815490 0.701872 0.857303 0.834065 0.938655 0.864587 0.740679 0.896341 0.665556 0.609886 0.918087 0.859834 0.822170 0.913586 0.834942 0.878616 0.823292 0.828097 0.828071 0.825907 0.808630 0.831611 0.972312 0.957192 0.982564 0.939269 0.957743 0.990352 0.902062 0.829414 0.835877 0.834866 0.919828 0.954658 0.916519 0.981702 0.967133 0.696463 0.978211 0.842824
