0.000000 0.275014 0.599265 0.863726 0.800794 0.686555 0.792556 0.578726 0.809393 0.781057 0.506903 0.352671 0.754469 0.565525 0.937068 0.703710 0.495904 0.434726 0.556470 0.356928 0.712238 0.932586 0.708947 0.957564 0.736911 0.781911 0.992089 0.918088 0.453981 0.566010 0.857043 0.793732 0.887166 0.633368 0.851667 0.707153 0.816579 0.960737 0.994118 0.878875 0.915930 0.913176 0.978644 0.667839 0.964314 0.588044 0.806622 0.664171 0.295168 0.357009 0.343176 0.358827 0.435155 0.613138 0.700404 0.477707 0.410983 0.340569 0.319411 0.269520 0.768432 0.340775 0.531403 0.347910 0.740984 0.991154 0.738463 0.864096 0.526008 0.451533 0.945362 0.965360 0.715691 0.686662 0.910528 0.824314 0.595860 0.819621 0.914621 0.823934 0.460761 0.539967 0.838224 0.927862 0.941413 0.992303 0.782077 0.780063 0.991454 0.746858 0.887414 0.545075 0.685915 0.570073 0.895953 0.864333 0.777981 0.886604 0.799127 0.878664 0.641339 0.992089 0.612920 0.731187 0.825143 0.894371 0.824957 0.821520 0.925888 0.957065 0.868432 0.931775 0.595718 0.941748 0.910053 0.837683
0.275014 0.000000 0.579509 0.875335 0.757847 0.630356 0.712187 0.572651 0.742894 0.708540 0.571069 0.342554 0.833031 0.565318 0.935148 0.648010 0.458843 0.378007 0.501079 0.329742 0.698140 0.909764 0.730515 0.965622 0.764275 0.813094 0.975971 0.925094 0.443462 0.496848 0.959520 0.909540 0.830020 0.622566 0.834866 0.654106 0.846358 0.964043 0.970779 0.953323 0.964776 0.954997 0.960979 0.623723 0.910226 0.584204 0.754083 0.623303 0.321498 0.320369 0.341529 0.349718 0.465662 0.597763 0.634863 0.491934 0.332474 0.271918 0.396876 0.283980 0.871604 0.388558 0.511932 0.306451 0.691099 0.966629 0.661568 0.844862 0.532394 0.397484 0.907244 0.816267 0.679416 0.666359 0.824952 0.853227 0.567911 0.743642 0.848813 0.669763 0.354213 0.458393 0.847253 0.859300 0.978073 0.997515 0.722240 0.807883 0.906305 0.807261 0.830799 0.528137 0.626470 0.558514 0.851715 0.833766 0.791540 0.885096 0.845776 0.925082 0.612372 0.982915 0.599841 0.757820 0.822329 0.842928 0.819762 0.913540 0.920654 0.901706 0.855468 0.932402 0.669846 0.886878 0.941261 0.841424
0.599265 0.579509 0.000000 0.613873 0.646858 0.859988 0.455286 0.949283 0.670135 0.863296 0.712437 0.614886 0.799691 0.885068 0.611968 0.952161 0.757813 0.791956 0.821954 0.599284 0.791538 0.999470 0.479785 0.761784 0.604937 0.439355 0.900627 0.940372 0.651899 0.747698 0.598912 0.619105 0.714793 0.943049 0.634995 0.662104 0.794275 0.926509 0.925285 0.876076 0.969377 0.991987 0.661862 0.960712 0.642858 0.979315 0.989130 0.904912 0.620245 0.585164 0.710294 0.716609 0.793120 0.932849 0.753904 0.674886 0.566903 0.561653 0.605213 0.576202 0.750925 0.725778 0.861837 0.681044 0.339839 0.527834 0.504288 0.498439 0.603652 0.512014 0.957399 0.974801 0.795873 0.814559 0.997351 0.977927 0.744402 0.961042 0.888604 0.958284 0.818529 0.861295 0.872170 0.890812 0.573592 0.605437 0.772322 0.799635 0.760921 0.944238 0.553452 0.595751 0.528376 0.641759 0.971331 0.947201 0.942051 0.668856 0.927100 0.774941 0.989803 0.642639 0.893939 0.970865 0.875324 0.814152 0.862816 0.947819 0.984443 0.795650 0.792546 0.922592 0.949863 0.974388 0.742465 0.899811
0.863726 0.875335 0.613873 0.000000 0.839368 0.921346 0.672106 0.733488 0.936384 0.995797 0.941148 0.820246 0.607731 0.643663 0.621169 0.750524 0.843911 0.836057 0.806974 0.831032 0.975747 0.928192 0.625282 0.618490 0.868816 0.706342 0.851688 0.973243 0.999122 0.948398 0.901550 0.845135 0.674224 0.753361 0.895641 0.994351 0.892484 0.891584 0.970777 0.962758 0.895120 0.963484 0.936938 0.860923 0.850020 0.806523 0.956093 0.693680 0.944558 0.916841 0.808768 0.821530 0.783507 0.800272 0.955728 0.942222 0.927696 0.866643 0.854630 0.914048 0.590136 0.791978 0.878921 0.820768 0.556983 0.476575 0.840894 0.725293 0.895231 0.935971 0.878965 0.955600 0.936426 0.847663 0.870898 0.875516 0.872765 0.972101 0.729751 0.799450 0.793407 0.697598 0.616689 0.669248 0.515552 0.473378 0.823993 0.705256 0.679790 0.712746 0.791464 0.946406 0.965426 0.946784 0.989102 0.962965 0.893672 0.884422 0.939927 0.767849 0.942516 0.672743 0.961592 0.948359 0.814061 0.859435 0.877271 0.974555 0.985305 0.956017 0.829222 0.997005 0.953613 0.977503 0.845519 0.879216
0.800794 0.757847 0.646858 0.839368 0.000000 0.965215 0.642156 0.955710 0.657660 0.883166 0.894623 0.832404 0.822227 0.960536 0.760487 0.970546 0.739035 0.840883 0.801899 0.803827 0.753149 0.939676 0.678366 0.850362 0.997655 0.847000 0.951442 0.884973 0.910984 0.921152 0.921250 0.846153 0.889292 0.866493 0.857502 0.827888 0.882440 0.966345 0.938882 0.887996 0.912389 0.974159 0.875286 0.974979 0.805676 0.961517 0.980730 0.924604 0.808333 0.793534 0.835413 0.843801 0.850321 0.928650 0.642927 0.745543 0.786859 0.758352 0.783449 0.880374 0.772322 0.950833 0.964254 0.840615 0.672173 0.628806 0.739130 0.717076 0.783362 0.731237 0.813064 0.770169 0.944380 0.902438 0.997622 0.934412 0.803027 0.989724 0.918536 0.986499 0.892071 0.814768 0.921411 0.968732 0.658023 0.643965 0.747960 0.794596 0.794075 0.960080 0.702673 0.670859 0.729262 0.704490 0.891417 0.925473 0.894186 0.862355 0.979735 0.881149 0.958752 0.783964 0.866862 0.994089 0.797374 0.895688 0.987653 0.933573 0.918434 0.825449 0.872293 0.945485 0.928694 0.919746 0.937061 0.843879
0.686555 0.630356 0.859988 0.921346 0.965215 0.000000 0.985011 0.604222 0.930697 0.727401 0.772224 0.623867 0.773907 0.625112 0.807252 0.644060 0.835418 0.723815 0.739017 0.711357 0.843348 0.990468 0.989813 0.970943 0.750072 0.988003 0.996717 0.975228 0.605810 0.702052 0.871338 0.911907 0.808183 0.738281 0.898013 0.934010 0.894810 0.970781 0.935799 0.960475 0.882308 0.890637 0.848967 0.658000 0.964193 0.708499 0.869657 0.817043 0.657668 0.663897 0.692237 0.649795 0.868529 0.703105 0.966919 0.879407 0.785827 0.730838 0.805639 0.643597 0.824512 0.613111 0.692570 0.643387 0.920883 0.813576 0.957315 0.970510 0.988759 0.838293 0.943052 0.926463 0.817902 0.875833 0.752200 0.767138 0.735083 0.699476 0.937288 0.835168 0.729574 0.709604 0.851269 0.905439 0.920952 0.879213 0.900787 0.919292 0.857790 0.979052 0.908997 0.875497 0.946937 0.898186 0.875710 0.893010 0.864685 0.881509 0.829972 0.799108 0.667884 0.903541 0.920124 0.830473 0.843334 0.901927 0.983626 0.822101 0.883725 0.775840 0.902026 0.971186 0.978108 0.914485 0.950488 0.938403
0.792556 0.712187 0.455286 0.672106 0.642156 0.985011 0.000000 0.590997 0.419234 0.759195 0.847380 0.964379 0.585096 0.975897 0.620037 0.989347 0.945462 0.968142 0.996019 0.814479 0.943065 0.839911 0.694116 0.987861 0.920548 0.798622 0.857693 0.839211 0.986496 0.945264 0.798462 0.708082 0.635287 0.685980 0.740906 0.755668 0.941492 0.909993 0.912336 0.924351 0.770859 0.857897 0.567816 0.721749 0.406426 0.754364 0.940999 0.824726 0.768733 0.652036 0.793176 0.754922 0.755006 0.918577 0.662395 0.721379 0.764931 0.648777 0.858448 0.735213 0.425563 0.903367 0.781438 0.976902 0.534509 0.425884 0.396461 0.373511 0.622014 0.516997 0.924996 0.970716 0.943495 0.886948 0.925285 0.969595 0.936790 0.942275 0.827056 0.902687 0.940857 0.927164 0.874821 0.947040 0.641664 0.715924 0.791864 0.866512 0.859118 0.915670 0.425977 0.523039 0.521919 0.508964 0.970050 0.939988 0.962387 0.702024 0.643427 0.519971 0.791902 0.541759 0.943473 0.878739 0.833779 0.851491 0.833514 0.777246 0.901954 0.853169 0.718264 0.657250 0.842097 0.952148 0.739457 0.974562
0.578726 0.572651 0.949283 0.733488 0.955710 0.604222 0.590997 0.000000 0.676749 0.437686 0.392132 0.401523 0.511648 0.578602 0.775458 0.698840 0.452358 0.455487 0.608320 0.558502 0.660276 0.899996 0.895601 0.824662 0.522112 0.828162 0.833248 0.838156 0.414325 0.399111 0.933932 0.899824 0.624294 0.425022 0.946542 0.847839 0.741412 0.905464 0.836467 0.864793 0.783285 0.911051 0.669352 0.473049 0.595926 0.433445 0.814621 0.605244 0.601227 0.688289 0.613156 0.648888 0.805862 0.708487 0.975183 0.839776 0.643388 0.677355 0.595863 0.604758 0.410912 0.347783 0.326847 0.390946 0.959750 0.625604 0.858213 0.689434 0.989558 0.905037 0.943211 0.913956 0.783672 0.806379 0.749303 0.829026 0.644421 0.821223 0.745276 0.846028 0.530353 0.637597 0.814065 0.949933 0.863387 0.906012 0.922207 0.927528 0.932350 0.962622 0.710754 0.998584 0.969843 0.936732 0.913347 0.767708 0.812238 0.920397 0.541009 0.540654 0.472085 0.652857 0.762204 0.674465 0.781511 0.790126 0.943882 0.763280 0.885337 0.992126 0.674397 0.612873 0.630263 0.996233 0.774026 0.819600
0.809393 0.742894 0.670135 0.936384 0.657660 0.930697 0.419234 0.676749 0.000000 0.811110 0.907256 0.935406 0.725583 0.962969 0.669914 0.984031 0.989227 0.954031 0.907015 0.801773 0.955962 0.879753 0.809080 0.864582 0.857146 0.865144 0.907251 0.800466 0.988590 0.961059 0.731322 0.750292 0.807408 0.818176 0.845074 0.890891 0.988562 0.915433 0.864341 0.927025 0.728081 0.833336 0.660387 0.781528 0.517870 0.757831 0.977092 0.957759 0.823597 0.759674 0.872223 0.864554 0.843937 0.985394 0.577914 0.818912 0.833649 0.725841 0.806181 0.840637 0.609922 0.924163 0.834217 0.963131 0.693787 0.579203 0.551015 0.529242 0.671660 0.583885 0.952385 0.912927 0.829459 0.861310 0.950621 0.992439 0.998804 0.987043 0.990671 0.773640 0.902282 0.874344 0.941909 0.885864 0.755144 0.806109 0.774992 0.936739 0.953358 0.947315 0.572262 0.546031 0.631528 0.559540 0.942225 0.972964 0.975402 0.911898 0.695656 0.631226 0.798315 0.762289 0.820561 0.836926 0.771455 0.765576 0.852061 0.838850 0.973606 0.782282 0.852931 0.777681 0.904916 0.869635 0.755852 0.980886
0.781057 0.708540 0.863296 0.995797 0.883166 0.727401 0.759195 0.437686 0.811110 0.000000 0.506737 0.594170 0.873407 0.942899 0.935380 0.962633 0.494755 0.541834 0.902859 0.739307 0.638403 0.955865 0.616515 0.565048 0.588060 0.750179 0.638095 0.908850 0.485633 0.491415 0.922056 0.879885 0.713020 0.608073 0.933172 0.876193 0.893153 0.964121 0.910410 0.940993 0.895507 0.973663 0.657514 0.508704 0.599528 0.509219 0.809706 0.681690 0.698100 0.855771 0.752885 0.853999 0.960143 0.900174 0.887216 0.757737 0.660341 0.775030 0.675200 0.769770 0.668747 0.561342 0.499050 0.508517 0.803963 0.931986 0.855536 0.768956 0.974816 0.931347 0.918975 0.633898 0.785928 0.904193 0.806666 0.909679 0.701901 0.850388 0.839571 0.908074 0.689289 0.860903 0.969570 0.999547 0.767596 0.729011 0.810441 0.772705 0.775294 0.895674 0.865713 0.981323 0.949245 0.871644 0.865661 0.789135 0.756906 0.771808 0.460825 0.530019 0.602782 0.750274 0.766445 0.658210 0.949170 0.956299 0.942986 0.647118 0.856027 0.980004 0.768785 0.570248 0.740019 0.960905 0.916744 0.788954
0.506903 0.571069 0.712437 0.941148 0.894623 0.772224 0.847380 0.392132 0.907256 0.506737 0.000000 0.418688 0.667696 0.678692 0.985529 0.852120 0.411264 0.460400 0.639826 0.484856 0.543165 0.969649 0.570304 0.667532 0.479247 0.645851 0.799975 0.829719 0.350896 0.410036 0.843543 0.888227 0.777730 0.625298 0.827766 0.733210 0.733445 0.918626 0.876115 0.962157 0.933316 0.965250 0.855764 0.667272 0.804972 0.541431 0.923413 0.776531 0.535338 0.601233 0.589118 0.626702 0.711121 0.708268 0.895793 0.781772 0.572478 0.604303 0.473073 0.562181 0.621914 0.414081 0.348509 0.410044 0.645556 0.995244 0.920639 0.968217 0.844905 0.774160 0.800287 0.959046 0.730326 0.696743 0.834027 0.951368 0.696680 0.856621 0.795924 0.888205 0.598548 0.730543 0.925927 0.981457 0.853487 0.790228 0.778079 0.768729 0.896432 0.962635 0.941344 0.846588 0.880089 0.879863 0.893256 0.818902 0.816671 0.968516 0.599972 0.726504 0.592178 0.770776 0.796339 0.616664 0.945229 0.909232 0.828778 0.790652 0.904636 0.909859 0.828754 0.813873 0.630385 0.871236 0.948679 0.797269
0.352671 0.342554 0.614886 0.820246 0.832404 0.623867 0.964379 0.401523 0.935406 0.594170 0.418688 0.000000 0.551632 0.402272 0.911582 0.552972 0.398594 0.397818 0.466993 0.324815 0.681613 0.987385 0.764919 0.932282 0.544085 0.660376 0.906555 0.894374 0.369061 0.414487 0.784016 0.822580 0.823590 0.575011 0.780680 0.709302 0.716654 0.932986 0.854455 0.932348 0.931545 0.886766 0.999237 0.653665 0.995443 0.579136 0.868769 0.717132 0.447294 0.445150 0.410445 0.466358 0.576576 0.661692 0.783812 0.637220 0.447080 0.432872 0.405502 0.385100 0.610967 0.275348 0.374090 0.269487 0.724378 0.875257 0.780181 0.934832 0.653957 0.566121 0.916579 0.880353 0.730105 0.775408 0.810963 0.786723 0.569444 0.775765 0.860155 0.753669 0.422936 0.459025 0.786804 0.928716 0.962773 0.991034 0.876936 0.932195 0.885666 0.935058 0.951072 0.576387 0.639703 0.665332 0.989330 0.766553 0.884286 0.906827 0.738078 0.835561 0.616357 0.911131 0.710890 0.812477 0.901894 0.937479 0.886402 0.844039 0.872550 0.910858 0.854359 0.855269 0.632506 0.913209 0.909111 0.766034
0.754469 0.833031 0.799691 0.607731 0.822227 0.773907 0.585096 0.511648 0.725583 0.873407 0.667696 0.551632 0.000000 0.383644 0.498155 0.544560 0.705501 0.778322 0.594917 0.720427 0.866511 0.930477 0.724495 0.787394 0.773140 0.983407 0.883569 0.969964 0.701604 0.694105 0.971351 0.996129 0.738459 0.680940 0.936277 0.948214 0.740739 0.725282 0.797379 0.903607 0.779229 0.735568 0.966837 0.853303 0.895040 0.795634 0.996117 0.886319 0.904870 0.827131 0.706304 0.746558 0.772181 0.699604 0.838189 0.930163 0.954948 0.936405 0.829170 0.784963 0.417371 0.589244 0.566449 0.679254 0.769898 0.516368 0.908988 0.791308 0.905596 0.957871 0.763234 0.902520 0.971220 0.983447 0.862014 0.811667 0.855614 0.927006 0.904113 0.941388 0.773875 0.698844 0.708774 0.951178 0.594170 0.672985 0.846935 0.890301 0.843353 0.973954 0.698187 0.855791 0.969465 0.902006 0.824705 0.980417 0.926797 0.943260 0.829214 0.817115 0.728504 0.769923 0.938427 0.942056 0.848894 0.888039 0.973368 0.929413 0.915634 0.794191 0.847936 0.854692 0.792279 0.956099 0.847838 0.792248
0.565525 0.565318 0.885068 0.643663 0.960536 0.625112 0.975897 0.578602 0.962969 0.942899 0.678692 0.402272 0.383644 0.000000 0.605066 0.390143 0.651400 0.651272 0.486250 0.512341 0.820212 0.990600 0.847952 0.721614 0.766814 0.872270 0.823323 0.958694 0.620353 0.649683 0.871955 0.919094 0.826978 0.730826 0.851098 0.791619 0.676012 0.802123 0.746839 0.990014 0.847821 0.806855 0.831765 0.909910 0.815157 0.826488 0.997991 0.869751 0.715029 0.557201 0.493907 0.521238 0.602890 0.560011 0.963763 0.920252 0.758792 0.657562 0.678126 0.559936 0.632629 0.529668 0.578473 0.537709 0.986920 0.714328 0.762875 0.893510 0.858142 0.742673 0.780300 0.929952 0.973178 0.926169 0.808498 0.739581 0.788711 0.811902 0.838450 0.738793 0.598687 0.510092 0.688562 0.953827 0.707353 0.699504 0.977169 0.895189 0.931334 0.947071 0.986908 0.589779 0.608827 0.619358 0.861205 0.973886 0.918902 0.756692 0.999169 0.942685 0.819392 0.938527 0.903109 0.960436 0.842602 0.916618 0.909767 0.934855 0.940379 0.930128 0.939336 0.992670 0.878483 0.996180 0.911895 0.854962
0.937068 0.935148 0.611968 0.621169 0.760487 0.807252 0.620037 0.775458 0.669914 0.935380 0.985529 0.911582 0.498155 0.605066 0.000000 0.555595 0.981788 0.979314 0.832316 0.972984 0.958034 0.832521 0.460620 0.674414 0.911485 0.709918 0.732911 0.959968 0.991443 0.985750 0.774016 0.713171 0.685119 0.875488 0.813172 0.946837 0.929445 0.781002 0.853150 0.884026 0.790280 0.680192 0.924530 0.929298 0.911178 0.920949 0.938400 0.919775 0.885489 0.992632 0.925984 0.895682 0.941876 0.768244 0.748849 0.809565 0.832795 0.912399 0.836501 0.989576 0.653951 0.895327 0.884977 0.993711 0.535390 0.453136 0.753981 0.696127 0.766204 0.779076 0.851564 0.909012 0.881512 0.790764 0.852719 0.869402 0.990649 0.965670 0.858151 0.943924 0.987010 0.867778 0.690441 0.843942 0.515301 0.499657 0.816284 0.787194 0.779909 0.953386 0.604966 0.870911 0.886440 0.877696 0.930374 0.926332 0.861825 0.874135 0.994900 0.750058 0.914870 0.801201 0.795886 0.870618 0.839445 0.892128 0.971445 0.996062 0.972074 0.747711 0.977773 0.923399 0.899259 0.976514 0.721397 0.943636
0.703710 0.648010 0.952161 0.750524 0.970546 0.644060 0.989347 0.698840 0.984031 0.962633 0.852120 0.552972 0.544560 0.390143 0.555595 0.000000 0.798026 0.735147 0.559056 0.597779 0.965194 0.974045 0.738371 0.709125 0.960570 0.920499 0.817417 0.995738 0.780750 0.805388 0.978293 0.975101 0.835184 0.801086 0.978989 0.864114 0.919511 0.888620 0.889546 0.957278 0.885960 0.792721 0.922252 0.871863 0.821570 0.916371 0.999474 0.864604 0.840032 0.686402 0.687557 0.675789 0.826191 0.770481 0.950599 0.958368 0.748762 0.757496 0.899108 0.696472 0.801292 0.657622 0.741744 0.665432 0.897362 0.671729 0.876796 0.985264 0.814916 0.749705 0.996533 0.971276 0.903169 0.934279 0.875311 0.688876 0.808551 0.743205 0.799062 0.703667 0.612977 0.465649 0.616508 0.951035 0.622144 0.558997 0.994461 0.797025 0.942943 0.973586 0.988491 0.752330 0.705033 0.772992 0.917659 0.881307 0.891206 0.798030 0.905254 0.967753 0.803527 0.960393 0.980816 0.947609 0.884290 0.813832 0.831976 0.955915 0.982349 0.943218 0.972244 0.960046 0.942084 0.954126 0.808291 0.909156
0.495904 0.458843 0.757813 0.843911 0.739035 0.835418 0.945462 0.452358 0.989227 0.494755 0.411264 0.398594 0.705501 0.651400 0.981788 0.798026 0.000000 0.338646 0.548153 0.422930 0.615392 0.975638 0.671384 0.721174 0.610794 0.740825 0.781799 0.965848 0.413739 0.407685 0.938564 0.993931 0.663705 0.556952 0.863402 0.775370 0.846840 0.989206 0.929745 0.967100 0.897689 0.935283 0.819973 0.591651 0.865665 0.569537 0.719791 0.588790 0.501412 0.595318 0.502514 0.615790 0.679288 0.773205 0.675100 0.623837 0.437622 0.497135 0.423161 0.547306 0.666111 0.436193 0.372529 0.316775 0.774863 0.953514 0.875902 0.918915 0.778895 0.642231 0.989721 0.761581 0.745684 0.767065 0.770694 0.927649 0.704682 0.861544 0.787754 0.771039 0.417507 0.553932 0.922026 0.867387 0.984079 0.871923 0.746932 0.759950 0.826546 0.898560 0.922853 0.666323 0.767996 0.699579 0.974749 0.798048 0.843906 0.974446 0.544733 0.743264 0.600139 0.830070 0.610265 0.742768 0.925666 0.887124 0.997352 0.799326 0.953049 0.863379 0.748611 0.711095 0.647194 0.948595 0.879244 0.697145
0.434726 0.378007 0.791956 0.836057 0.840883 0.723815 0.968142 0.455487 0.954031 0.541834 0.460400 0.397818 0.778322 0.651272 0.979314 0.735147 0.338646 0.000000 0.470158 0.393322 0.619278 0.921084 0.765084 0.807337 0.682407 0.837556 0.783354 0.781722 0.393206 0.435846 0.985914 0.928006 0.592322 0.520543 0.954712 0.800692 0.921732 0.892329 0.923328 0.973281 0.971065 0.978677 0.726435 0.533076 0.805743 0.498878 0.708521 0.474039 0.468577 0.573053 0.534740 0.584592 0.710081 0.782220 0.646640 0.590339 0.391681 0.423656 0.418200 0.498172 0.677820 0.412579 0.390913 0.294181 0.840616 0.909154 0.939050 0.863019 0.687927 0.600321 0.903660 0.740975 0.586191 0.617588 0.800750 0.809495 0.641734 0.722371 0.653552 0.639037 0.318714 0.480457 0.815902 0.791792 0.961683 0.980405 0.755450 0.859823 0.828808 0.842313 0.981132 0.688777 0.785534 0.708734 0.906866 0.727855 0.772438 0.874476 0.589209 0.704466 0.581246 0.782643 0.633090 0.607846 0.788686 0.757177 0.859927 0.834636 0.951531 0.878935 0.664435 0.788753 0.613393 0.885716 0.787909 0.805182
0.556470 0.501079 0.821954 0.806974 0.801899 0.739017 0.996019 0.608320 0.907015 0.902859 0.639826 0.466993 0.594917 0.486250 0.832316 0.559056 0.548153 0.470158 0.000000 0.458928 0.760631 0.918202 0.972124 0.881161 0.781710 0.871296 0.965110 0.853671 0.572749 0.587106 0.945314 0.970085 0.689820 0.655435 0.869100 0.836252 0.747643 0.953610 0.798419 0.816153 0.965784 0.782887 0.997080 0.840699 0.921052 0.853371 0.829330 0.703429 0.722503 0.624491 0.642979 0.626174 0.735251 0.766021 0.741537 0.870690 0.574309 0.576447 0.603161 0.620353 0.762416 0.575468 0.547299 0.510863 0.906693 0.899545 0.815857 0.956563 0.720926 0.679787 0.972734 0.894545 0.745106 0.741531 0.893680 0.845510 0.690444 0.858879 0.809398 0.673130 0.537090 0.528647 0.803449 0.820820 0.850300 0.865689 0.866104 0.966093 0.902207 0.972074 0.986909 0.606912 0.694207 0.625956 0.948205 0.849186 0.959284 0.844585 0.967686 0.996557 0.708902 0.936316 0.724805 0.934936 0.883490 0.809370 0.889672 0.948870 0.933384 0.930233 0.874402 0.995077 0.812682 0.971666 0.990094 0.802448
0.356928 0.329742 0.599284 0.831032 0.803827 0.711357 0.814479 0.558502 0.801773 0.739307 0.484856 0.324815 0.720427 0.512341 0.972984 0.597779 0.422930 0.393322 0.458928 0.000000 0.679546 0.980624 0.800203 0.979901 0.700542 0.713877 0.998194 0.885255 0.468493 0.507233 0.800961 0.873713 0.842476 0.665204 0.834767 0.668322 0.805185 0.991343 0.937292 0.975195 0.992742 0.944970 0.948876 0.770928 0.843934 0.722482 0.908546 0.709350 0.419892 0.406004 0.444038 0.463727 0.579312 0.674712 0.727475 0.629585 0.416117 0.348174 0.439767 0.392831 0.836238 0.437220 0.527801 0.383312 0.701216 0.979918 0.676689 0.832508 0.571404 0.426894 0.972712 0.884401 0.670502 0.719459 0.865089 0.805689 0.581628 0.723904 0.842256 0.698927 0.441150 0.474614 0.813949 0.883701 0.983464 0.984008 0.705282 0.903685 0.852625 0.911567 0.804149 0.557755 0.589963 0.574954 0.956903 0.825739 0.896936 0.838422 0.843370 0.962422 0.663142 0.979066 0.678693 0.839571 0.855837 0.928508 0.862674 0.963094 0.999102 0.895053 0.860849 0.915946 0.727136 0.857105 0.902250 0.726271
0.712238 0.698140 0.791538 0.975747 0.753149 0.843348 0.943065 0.660276 0.955962 0.638403 0.543165 0.681613 0.866511 0.820212 0.958034 0.965194 0.615392 0.619278 0.760631 0.679546 0.000000 0.892901 0.787393 0.733923 0.782578 0.888097 0.967844 0.851843 0.632259 0.687287 0.972415 0.994328 0.757890 0.766335 0.921498 0.850627 0.761872 0.916702 0.785293 0.950375 0.869165 0.986027 0.893052 0.790739 0.871664 0.696487 0.999936 0.809625 0.738751 0.695055 0.735298 0.708225 0.748715 0.703166 0.939341 0.874821 0.720631 0.685433 0.618813 0.720967 0.818833 0.685260 0.628675 0.639028 0.816477 0.974761 0.977966 0.950521 0.945461 0.785492 0.946897 0.850705 0.810380 0.910022 0.820520 0.962849 0.750497 0.897907 0.840897 0.954686 0.774186 0.869795 0.995033 0.961809 0.840028 0.821299 0.755819 0.773358 0.792705 0.937600 0.829981 0.919243 0.920264 0.888870 0.864274 0.959021 0.827527 0.957851 0.701294 0.804358 0.801263 0.831703 0.843773 0.814402 0.860815 0.983125 0.993907 0.889464 0.918927 0.858602 0.899515 0.689540 0.835851 0.903103 0.945586 0.865101
0.932586 0.909764 0.999470 0.928192 0.939676 0.990468 0.839911 0.899996 0.879753 0.955865 0.969649 0.987385 0.930477 0.990600 0.832521 0.974045 0.975638 0.921084 0.918202 0.980624 0.892901 0.000000 0.861592 0.978670 0.901142 0.906177 0.912805 0.971269 0.981475 0.985437 0.965680 0.963165 0.898223 0.942197 0.931285 0.957757 0.906612 0.756535 0.957719 0.728654 0.859020 0.925753 0.964325 0.989723 0.904211 0.986639 0.974388 0.943642 0.920438 0.904221 0.864357 0.929947 0.907628 0.984567 0.955781 0.892857 0.950115 0.918237 0.995541 0.896934 0.830859 0.911122 0.979250 0.980835 0.874701 0.792923 0.823310 0.874393 0.992973 0.954831 0.973273 0.940769 0.992212 0.887952 0.920539 0.864215 0.973707 0.879566 0.849122 0.876902 0.949896 0.914513 0.985493 0.936070 0.913314 0.855055 0.812870 0.952047 0.993168 0.974128 0.875477 0.855139 0.889265 0.915499 0.977043 0.984322 0.940949 0.991746 0.996200 0.925159 0.996918 0.901624 0.964520 0.989015 0.852944 0.824272 0.986670 0.913593 0.982869 0.859766 0.960067 0.879916 0.959269 0.971863 0.949050 0.973001
0.708947 0.730515 0.479785 0.625282 0.678366 0.989813 0.694116 0.895601 0.809080 0.616515 0.570304 0.764919 0.724495 0.847952 0.460620 0.738371 0.671384 0.765084 0.972124 0.800203 0.787393 0.861592 0.000000 0.426858 0.637499 0.545379 0.707706 0.957804 0.613732 0.646106 0.774487 0.771496 0.830278 0.934573 0.732044 0.707482 0.889716 0.902296 0.881867 0.970424 0.837911 0.804542 0.992094 0.854503 0.981851 0.803113 0.915258 0.965859 0.635749 0.754479 0.784909 0.858544 0.876029 0.992045 0.721997 0.685844 0.629062 0.707670 0.630337 0.734567 0.865672 0.778628 0.724447 0.671314 0.371036 0.489202 0.704085 0.721390 0.786525 0.727731 0.987676 0.853448 0.866968 0.791647 0.949737 0.904193 0.769826 0.978841 0.962085 0.958372 0.840581 0.987873 0.634372 0.961389 0.421452 0.395085 0.717536 0.582455 0.792036 0.857064 0.704397 0.815201 0.807687 0.872232 0.818831 0.910009 0.855242 0.998317 0.800496 0.950016 0.911069 0.880834 0.809331 0.690524 0.819835 0.892553 0.877497 0.779490 0.939551 0.859357 0.927644 0.969070 0.792786 0.940135 0.792427 0.943335
0.957564 0.965622 0.761784 0.618490 0.850362 0.970943 0.987861 0.824662 0.864582 0.565048 0.667532 0.932282 0.787394 0.721614 0.674414 0.709125 0.721174 0.807337 0.881161 0.979901 0.733923 0.978670 0.426858 0.000000 0.662661 0.736166 0.683052 0.910711 0.702784 0.688259 0.982225 0.922159 0.939633 0.816651 0.908967 0.900275 0.982722 0.955064 0.859096 0.973325 0.943490 0.958436 0.770558 0.749923 0.723401 0.727656 0.913927 0.914569 0.829615 0.994228 0.991002 0.927485 0.869554 0.879695 0.926720 0.868003 0.796154 0.923640 0.844446 0.953152 0.986207 0.873954 0.711024 0.793993 0.643784 0.707365 0.955540 0.899776 0.941224 0.983609 0.887162 0.858594 0.845168 0.879850 0.925328 0.919146 0.789497 0.928603 0.980231 0.859971 0.943410 0.839959 0.661526 0.871631 0.560660 0.463378 0.798666 0.580567 0.728239 0.859168 0.999454 0.900200 0.903177 0.883357 0.813697 0.976493 0.911115 0.906796 0.596317 0.900579 0.808969 0.972135 0.944518 0.737839 0.958354 0.935813 0.986741 0.694629 0.942341 0.910707 0.993160 0.738681 0.885343 0.945171 0.972881 0.914891
0.736911 0.764275 0.604937 0.868816 0.997655 0.750072 0.920548 0.522112 0.857146 0.588060 0.479247 0.544085 0.773140 0.766814 0.911485 0.960570 0.610794 0.682407 0.781710 0.700542 0.782578 0.901142 0.637499 0.662661 0.000000 0.453971 0.648346 0.853233 0.490707 0.459630 0.751219 0.875114 0.922107 0.758388 0.786483 0.810339 0.713692 0.811794 0.905952 0.834985 0.896167 0.856696 0.973683 0.830852 0.896953 0.752863 0.929328 0.935005 0.728950 0.801366 0.780071 0.840332 0.910889 0.908829 0.982337 0.870401 0.757742 0.791991 0.653004 0.700126 0.688307 0.557283 0.500043 0.570785 0.564733 0.925039 0.845517 0.942264 0.998327 0.907507 0.702079 0.837067 0.816605 0.825841 0.854717 0.866835 0.758283 0.956728 0.906000 0.945215 0.755381 0.910516 0.915314 0.935259 0.769968 0.724253 0.991037 0.806357 0.788031 0.829756 0.957916 0.871662 0.817288 0.919478 0.946966 0.906942 0.953203 0.953332 0.729783 0.871652 0.824848 0.936147 0.882476 0.809806 0.957460 0.908780 0.908948 0.830940 0.911543 0.889747 0.970055 0.867572 0.742485 0.981534 0.863664 0.866370
0.781911 0.813094 0.439355 0.706342 0.847000 0.988003 0.798622 0.828162 0.865144 0.750179 0.645851 0.660376 0.983407 0.872270 0.709918 0.920499 0.740825 0.837556 0.871296 0.713877 0.888097 0.906177 0.545379 0.736166 0.453971 0.000000 0.807494 0.894039 0.669333 0.684335 0.446286 0.632326 0.783759 0.978843 0.657661 0.786077 0.694234 0.919270 0.829465 0.910679 0.964994 0.972693 0.657236 0.878307 0.847572 0.935663 0.922058 0.816977 0.813704 0.861016 0.870493 0.986601 0.982246 0.888194 0.923659 0.854769 0.769527 0.801754 0.684295 0.792460 0.970829 0.755430 0.792263 0.759281 0.460709 0.662330 0.664852 0.644911 0.833390 0.783096 0.737336 0.965336 0.838132 0.861205 0.956655 0.943250 0.814409 0.905584 0.890062 0.932585 0.962057 0.997409 0.854812 0.932156 0.644902 0.574782 0.851729 0.882140 0.808833 0.732922 0.644579 0.700167 0.617594 0.826557 0.871818 0.969044 0.975789 0.785500 0.975438 0.879093 0.922550 0.728685 0.969869 0.997404 0.865486 0.735737 0.942166 0.958720 0.980241 0.861805 0.920549 0.997829 0.990386 0.998601 0.718524 0.808299
0.992089 0.975971 0.900627 0.851688 0.951442 0.996717 0.857693 0.833248 0.907251 0.638095 0.799975 0.906555 0.883569 0.823323 0.732911 0.817417 0.781799 0.783354 0.965110 0.998194 0.967844 0.912805 0.707706 0.683052 0.648346 0.807494 0.000000 0.748377 0.759619 0.860890 0.915735 0.915490 0.833011 0.866403 0.750913 0.985511 0.962956 0.998588 0.974060 0.967633 0.984654 0.975463 0.705934 0.767161 0.695808 0.787776 0.832709 0.880795 0.915129 0.855552 0.998871 0.873836 0.872551 0.862197 0.814884 0.916435 0.917659 0.940002 0.849167 0.991600 0.813233 0.830993 0.809376 0.821990 0.838432 0.961648 0.820182 0.766851 0.983431 0.887235 0.973838 0.919799 0.738353 0.798067 0.996497 0.983278 0.866032 0.890495 0.915252 0.945060 0.900150 0.961414 0.815067 0.996504 0.816641 0.713303 0.973473 0.757639 0.794066 0.925935 0.977358 0.886218 0.900002 0.909459 0.954539 0.962467 0.981902 0.813255 0.640017 0.769394 0.782601 0.852112 0.856804 0.787936 0.947395 0.977380 0.948244 0.684252 0.842248 0.866044 0.846351 0.864864 0.772876 0.870131 0.940909 0.947459
0.918088 0.925094 0.940372 0.973243 0.884973 0.975228 0.839211 0.838156 0.800466 0.908850 0.829719 0.894374 0.969964 0.958694 0.959968 0.995738 0.965848 0.781722 0.853671 0.885255 0.851843 0.971269 0.957804 0.910711 0.853233 0.894039 0.748377 0.000000 0.837316 0.882410 0.922441 0.892417 0.923083 0.958441 0.995987 0.798078 0.807707 0.987333 0.963585 0.946296 0.906371 0.995352 0.794550 0.884033 0.806381 0.837814 0.897799 0.910308 0.920759 0.947278 0.988816 0.983000 0.994896 0.929009 0.970840 0.969305 0.850738 0.893251 0.901113 0.935721 0.859361 0.842980 0.881315 0.880514 0.948121 0.939893 0.920603 0.874666 0.874397 0.939972 0.889001 0.998066 0.721208 0.898501 0.870004 0.981747 0.886158 0.993575 0.911337 0.988210 0.943053 0.980703 0.995676 0.998276 0.997073 0.975046 0.917774 0.942727 0.881538 0.860689 0.848921 0.870706 0.894632 0.926593 0.969105 0.896267 0.903052 0.963130 0.978429 0.946751 0.957718 0.955294 0.991918 0.760837 0.865275 0.969327 0.955278 0.936658 0.716579 0.960479 0.840046 0.939424 0.839826 0.851559 0.951703 0.962561
0.453981 0.443462 0.651899 0.999122 0.910984 0.605810 0.986496 0.414325 0.988590 0.485633 0.350896 0.369061 0.701604 0.620353 0.991443 0.780750 0.413739 0.393206 0.572749 0.468493 0.632259 0.981475 0.613732 0.702784 0.490707 0.669333 0.759619 0.837316 0.000000 0.354680 0.930809 0.985905 0.684430 0.560822 0.819208 0.703150 0.759671 0.952446 0.888065 0.961735 0.986905 0.978040 0.804447 0.594117 0.832646 0.481977 0.752238 0.673740 0.464000 0.506514 0.470730 0.523069 0.639181 0.633715 0.761292 0.661810 0.501534 0.496010 0.428206 0.435993 0.641225 0.368463 0.334966 0.329673 0.669823 0.997814 0.858203 0.984011 0.839361 0.711848 0.909869 0.914585 0.639573 0.718732 0.837795 0.827894 0.542725 0.874760 0.803370 0.769297 0.532391 0.691339 0.976183 0.988655 0.868032 0.796110 0.766964 0.743771 0.854486 0.993857 0.946579 0.741951 0.832487 0.796770 0.974563 0.831206 0.825439 0.961892 0.609936 0.786385 0.514660 0.805293 0.711231 0.661173 0.896317 0.914515 0.880222 0.793003 0.823807 0.936857 0.824461 0.769369 0.642710 0.945791 0.998668 0.812144
0.566010 0.496848 0.747698 0.948398 0.921152 0.702052 0.945264 0.399111 0.961059 0.491415 0.410036 0.414487 0.694105 0.649683 0.985750 0.805388 0.407685 0.435846 0.587106 0.507233 0.687287 0.985437 0.646106 0.688259 0.459630 0.684335 0.860890 0.882410 0.354680 0.000000 0.984069 0.943892 0.735316 0.499510 0.768764 0.676445 0.809051 0.892385 0.925540 0.983823 0.976161 0.970767 0.830369 0.608366 0.859429 0.521705 0.744515 0.705647 0.553480 0.548081 0.527879 0.577442 0.701042 0.665579 0.835490 0.792748 0.540530 0.545446 0.553538 0.537143 0.682977 0.451629 0.323348 0.351100 0.627101 0.960057 0.773158 0.998316 0.961192 0.755074 0.921244 0.926622 0.792934 0.759168 0.821666 0.850163 0.660373 0.797715 0.817183 0.729488 0.518997 0.702921 0.984381 0.956748 0.816386 0.788929 0.787398 0.785716 0.781319 0.857113 0.984824 0.747488 0.814011 0.811521 0.948302 0.760633 0.900206 0.981832 0.662529 0.888197 0.580993 0.816107 0.715275 0.712942 0.925106 0.949707 0.821431 0.833287 0.888569 0.900925 0.809826 0.771125 0.604334 0.928871 0.960702 0.755083
0.857043 0.959520 0.598912 0.901550 0.921250 0.871338 0.798462 0.933932 0.731322 0.922056 0.843543 0.784016 0.971351 0.871955 0.774016 0.978293 0.938564 0.985914 0.945314 0.800961 0.972415 0.965680 0.774487 0.982225 0.751219 0.446286 0.915735 0.922441 0.930809 0.984069 0.000000 0.467062 0.696460 0.808421 0.800451 0.913211 0.781025 0.980669 0.918714 0.977546 0.984375 0.956687 0.527484 0.657173 0.709282 0.736584 0.748243 0.658616 0.965961 0.980605 0.993506 0.916391 0.978649 0.808496 0.959099 0.887815 0.971542 0.940257 0.719461 0.947710 0.995863 0.885005 0.970828 0.948851 0.721303 0.808264 0.822206 0.638874 0.686430 0.763599 0.740519 0.895347 0.835285 0.933173 0.842459 0.970881 0.991879 0.810670 0.877656 0.812508 0.949458 0.924080 0.993926 0.903458 0.916868 0.839396 0.980136 0.870016 0.967797 0.916185 0.694719 0.730560 0.688340 0.839063 0.869613 0.980155 0.961852 0.890186 0.842793 0.799690 0.762996 0.715638 0.914414 0.897570 0.915714 0.660592 0.990373 0.903531 0.959937 0.773771 0.829207 0.875922 0.997219 0.974540 0.709424 0.811003
0.793732 0.909540 0.619105 0.845135 0.846153 0.911907 0.708082 0.899824 0.750292 0.879885 0.888227 0.822580 0.996129 0.919094 0.713171 0.975101 0.993931 0.928006 0.970085 0.873713 0.994328 0.963165 0.771496 0.922159 0.875114 0.632326 0.915490 0.892417 0.985905 0.943892 0.467062 0.000000 0.622719 0.799141 0.788136 0.948972 0.919904 0.909016 0.875203 0.912999 0.911157 0.857683 0.580629 0.684011 0.686190 0.747657 0.726525 0.660917 0.910712 0.940052 0.977782 0.995215 0.934401 0.871158 0.970883 0.903873 0.930175 0.909933 0.761865 0.923776 0.915816 0.897635 0.925463 0.947207 0.719978 0.782519 0.832630 0.618250 0.695395 0.816370 0.793154 0.890539 0.976072 0.837968 0.895798 0.978741 0.986399 0.912461 0.805674 0.813386 0.986078 0.898378 0.947425 0.915760 0.925454 0.849763 0.937214 0.811790 0.938565 0.936609 0.714669 0.702037 0.773386 0.843767 0.871171 0.881536 0.893234 0.914071 0.833573 0.890398 0.827356 0.717212 0.982056 0.952415 0.882315 0.853199 0.934390 0.920857 0.982096 0.774073 0.801889 0.911405 0.940652 0.938236 0.784085 0.885463
0.887166 0.830020 0.714793 0.674224 0.889292 0.808183 0.635287 0.624294 0.807408 0.713020 0.777730 0.823590 0.738459 0.826978 0.685119 0.835184 0.663705 0.592322 0.689820 0.842476 0.757890 0.898223 0.830278 0.939633 0.922107 0.783759 0.833011 0.923083 0.684430 0.735316 0.696460 0.622719 0.000000 0.566299 0.737365 0.894330 0.910948 0.948157 0.965459 0.960447 0.921917 0.921387 0.549686 0.621845 0.639167 0.652084 0.757737 0.605245 0.899135 0.945442 0.856098 0.854174 0.956840 0.837159 0.853580 0.989474 0.808896 0.841514 0.820615 0.851605 0.630341 0.751154 0.645461 0.708304 0.726964 0.650349 0.706318 0.558551 0.897424 0.916266 0.973709 0.895061 0.839270 0.973544 0.847552 0.863228 0.825389 0.891664 0.667241 0.761349 0.716902 0.858112 0.886058 0.906605 0.743005 0.800585 0.938441 0.973572 0.984119 0.861987 0.666776 0.908063 0.823330 0.961433 0.901242 0.999070 0.971255 0.786178 0.581475 0.612409 0.738459 0.635291 0.899246 0.805755 0.785084 0.783078 0.971601 0.778946 0.986389 0.891810 0.794108 0.782453 0.849787 0.996316 0.794870 0.899923
0.633368 0.622566 0.943049 0.753361 0.866493 0.738281 0.685980 0.425022 0.818176 0.608073 0.625298 0.575011 0.680940 0.730826 0.875488 0.801086 0.556952 0.520543 0.655435 0.665204 0.766335 0.942197 0.934573 0.816651 0.758388 0.978843 0.866403 0.958441 0.560822 0.499510 0.808421 0.799141 0.566299 0.000000 0.886098 0.925513 0.951316 0.982545 0.999200 0.964347 0.924018 0.935486 0.545070 0.421254 0.612127 0.503901 0.641405 0.563709 0.665311 0.762713 0.669474 0.713476 0.842856 0.774514 0.894765 0.855862 0.666058 0.744595 0.682914 0.657300 0.560942 0.506822 0.454913 0.505567 0.956713 0.692487 0.840984 0.612730 0.971995 0.968337 0.907458 0.807222 0.810939 0.861323 0.851655 0.866278 0.606596 0.786915 0.752119 0.854708 0.592820 0.770081 0.827618 0.944082 0.848705 0.889717 0.985751 0.858994 0.917445 0.997563 0.706428 0.976485 0.942617 0.988211 0.934229 0.788168 0.853380 0.797924 0.525937 0.694726 0.609214 0.727708 0.652877 0.866553 0.829174 0.808012 0.989318 0.718770 0.871655 0.985523 0.712750 0.652103 0.627383 0.961768 0.710785 0.942252
0.851667 0.834866 0.634995 0.895641 0.857502 0.898013 0.740906 0.946542 0.845074 0.933172 0.827766 0.780680 0.936277 0.851098 0.813172 0.978989 0.863402 0.954712 0.869100 0.834767 0.921498 0.931285 0.732044 0.908967 0.786483 0.657661 0.750913 0.995987 0.819208 0.768764 0.800451 0.788136 0.737365 0.886098 0.000000 0.804900 0.676034 0.881060 0.996545 0.943717 0.988984 0.963839 0.700491 0.910002 0.751635 0.954261 0.987739 0.940873 0.822883 0.706425 0.816972 0.825258 0.838751 0.940824 0.986573 0.881877 0.818012 0.772291 0.856753 0.798448 0.837197 0.930338 0.857328 0.830765 0.638409 0.673923 0.545626 0.582090 0.886599 0.681807 0.973593 0.988580 0.991441 0.931245 0.970432 0.971932 0.893386 0.965193 0.995187 0.879674 0.929502 0.963855 0.951675 0.959526 0.701867 0.706083 0.965955 0.959675 0.957684 0.823406 0.714617 0.684303 0.743847 0.701868 0.965658 0.893452 0.978645 0.761047 0.886660 0.704574 0.919830 0.733937 0.988149 0.886260 0.840099 0.940382 0.932470 0.851960 0.944490 0.988257 0.949163 0.876574 0.885610 0.939273 0.589963 0.902310
0.707153 0.654106 0.662104 0.994351 0.827888 0.934010 0.755668 0.847839 0.890891 0.876193 0.733210 0.709302 0.948214 0.791619 0.946837 0.864114 0.775370 0.800692 0.836252 0.668322 0.850627 0.957757 0.707482 0.900275 0.810339 0.786077 0.985511 0.798078 0.703150 0.676445 0.913211 0.948972 0.894330 0.925513 0.804900 0.000000 0.756591 0.988249 0.932113 0.932674 0.950052 0.958456 0.856837 0.998245 0.835055 0.810835 0.973515 0.907988 0.678836 0.583460 0.606049 0.607949 0.682501 0.667142 0.773874 0.805437 0.655574 0.609622 0.744519 0.638157 0.972841 0.729185 0.758898 0.686167 0.638963 0.801059 0.577027 0.710019 0.785498 0.667586 0.973296 0.996550 0.934033 0.989079 0.991743 0.862886 0.759860 0.964726 0.938073 0.939403 0.839150 0.830428 0.948175 0.958828 0.771254 0.904392 0.711595 0.797323 0.978762 0.982086 0.763297 0.681502 0.603404 0.693752 0.840596 0.933910 0.996969 0.756093 0.939031 0.829873 0.957763 0.916208 0.906963 0.830774 0.988784 0.995494 0.793940 0.846228 0.982136 0.916593 0.922188 0.892861 0.972008 0.954250 0.958607 0.907708
0.816579 0.846358 0.794275 0.892484 0.882440 0.894810 0.941492 0.741412 0.988562 0.893153 0.733445 0.716654 0.740739 0.676012 0.929445 0.919511 0.846840 0.921732 0.747643 0.805185 0.761872 0.906612 0.889716 0.982722 0.713692 0.694234 0.962956 0.807707 0.759671 0.809051 0.781025 0.919904 0.910948 0.951316 0.676034 0.756591 0.000000 0.864512 0.749352 0.772015 0.893425 0.738863 0.849475 0.967327 0.937366 0.918944 0.987958 0.938558 0.875573 0.813436 0.799700 0.843441 0.810975 0.852182 0.964197 0.992955 0.905267 0.862749 0.761167 0.803622 0.776990 0.756734 0.771157 0.800320 0.863636 0.966641 0.811767 0.865710 0.967859 0.904209 0.747303 0.928554 0.965549 0.922376 0.990841 0.952430 0.822588 0.820652 0.996031 0.986831 0.921466 0.965661 0.940483 0.903215 0.968507 0.951118 0.984908 0.861207 0.857487 0.812371 0.990277 0.791804 0.884871 0.876683 0.954018 0.844358 0.954881 0.748563 0.909263 0.974734 0.962355 0.982730 0.952113 0.942286 0.987379 0.804773 0.934592 0.985604 0.868063 0.887234 0.935996 0.948554 0.980470 0.948599 0.899050 0.976177
0.960737 0.964043 0.926509 0.891584 0.966345 0.970781 0.909993 0.905464 0.915433 0.964121 0.918626 0.932986 0.725282 0.802123 0.781002 0.888620 0.989206 0.892329 0.953610 0.991343 0.916702 0.756535 0.902296 0.955064 0.811794 0.919270 0.998588 0.987333 0.952446 0.892385 0.980669 0.909016 0.948157 0.982545 0.881060 0.988249 0.864512 0.000000 0.862120 0.862513 0.757216 0.858830 0.955893 0.979246 0.911413 0.961062 0.938288 0.845756 0.971314 0.913532 0.915757 0.931442 0.946531 0.824300 0.819379 0.822993 0.867806 0.881567 0.856206 0.928604 0.941914 0.992756 0.869120 0.964294 0.904483 0.971919 0.884912 0.956318 0.740064 0.882937 0.823567 0.805574 0.793493 0.916069 0.983969 0.950158 0.939196 0.934418 0.933137 0.923130 0.950791 0.849321 0.942866 0.741567 0.969694 0.926814 0.834601 0.864155 0.987709 0.795476 0.855406 0.979148 0.984879 0.932793 0.887697 0.775591 0.648505 0.717504 0.955287 0.892956 0.964173 0.875948 0.906100 0.729869 0.996468 0.813972 0.834341 0.976777 0.998580 0.942068 0.867035 0.876330 0.958574 0.957475 0.927527 0.968882
