0.000000 0.382045 0.936792 0.822838 0.939472 0.604708 0.557302 0.429280 0.709719 0.723261 0.461902 0.373406 0.572689 0.519537 0.929142 0.606165 0.405185 0.398450 0.440107 0.401332 0.960675 0.868386 0.934857 0.999722 0.871376 0.990336 0.811554 0.990788 0.555993 0.503352 0.841136 0.633471 0.543555 0.500131 0.940890 0.924166 0.869541 0.978413 0.968582 0.909080 0.920130 0.911847 0.507771 0.488786 0.578969 0.570062 0.612086 0.557707 0.647113 0.647897 0.794145 0.828610 0.906169 0.913123 0.980526 0.792657 0.324218 0.493437 0.551609 0.959208 0.515645 0.670267 0.448455 0.453059 0.848069 0.919030 0.680517 0.667851 0.783710 0.724051 0.719145 0.731466 0.880849 0.725247 0.968916 0.781087 0.685661 0.784251 0.852339 0.711186 0.539121 0.568998 0.747785 0.741188 0.995410 0.962525 0.986279 0.913483 0.982606 0.990356 0.529080 0.762660 0.667565 0.856178 0.804814 0.818128 0.778895 0.778515 0.482484 0.486158 0.571678 0.643728 0.537259 0.577718 0.788465 0.757122 0.895884 0.922756 0.949954 0.941012 0.887816 0.730378 0.703259 0.878017 0.844924 0.927962
0.382045 0.000000 0.844959 0.967057 0.919804 0.719805 0.748759 0.605316 0.795673 0.710558 0.689175 0.436789 0.827491 0.724385 0.955378 0.662485 0.350662 0.331971 0.657071 0.633936 0.975602 0.837753 0.846252 0.897584 0.883508 0.920621 0.866498 0.877745 0.602338 0.389371 0.979356 0.740604 0.678117 0.634814 0.836908 0.927866 0.880946 0.902276 0.914714 0.754124 0.874495 0.860645 0.591603 0.528599 0.582892 0.507522 0.782373 0.626388 0.615884 0.593296 0.714642 0.683383 0.856928 0.775577 0.979346 0.728539 0.273943 0.300127 0.694157 0.866655 0.696275 0.608579 0.646234 0.390838 0.771946 0.970781 0.786180 0.776550 0.805081 0.645688 0.813798 0.837277 0.858472 0.778376 0.907265 0.749423 0.739209 0.774784 0.674564 0.550746 0.394406 0.583870 0.771173 0.710370 0.849692 0.913733 0.834556 0.849648 0.930856 0.972045 0.643469 0.844779 0.741610 0.869120 0.759172 0.879955 0.687221 0.838942 0.571914 0.651441 0.697214 0.701971 0.577695 0.680588 0.875275 0.788164 0.779964 0.993124 0.868673 0.904803 0.811189 0.675731 0.725321 0.895323 0.824603 0.842593
0.936792 0.844959 0.000000 0.318727 0.994171 0.997519 0.516081 0.581345 0.867997 0.919914 0.738561 0.998202 0.537848 0.544315 0.599484 0.841765 0.828021 0.835397 0.542284 0.647385 0.954614 0.986594 0.425279 0.528717 0.662886 0.608940 0.836861 0.904130 0.904928 0.882861 0.401943 0.512699 0.532485 0.607193 0.649207 0.735945 0.852663 0.996270 0.734694 0.961679 0.933065 0.749002 0.712724 0.816290 0.997167 0.902910 0.669002 0.740006 0.811657 0.913509 0.868309 0.808477 0.845671 0.884488 0.796939 0.956903 0.885110 0.738437 0.826050 0.837534 0.644039 0.921208 0.856386 0.684147 0.417951 0.443208 0.550404 0.599958 0.917567 0.855047 0.657478 0.783238 0.980558 0.901418 0.983890 0.853150 0.735059 0.702404 0.772006 0.946605 0.733169 0.900993 0.892681 0.770040 0.538097 0.636362 0.792073 0.779309 0.906498 0.870169 0.840368 0.851580 0.952856 0.870400 0.927539 0.875772 0.796209 0.942819 0.940124 0.753898 0.805877 0.775657 0.954667 0.951859 0.809950 0.981202 0.801387 0.801437 0.924994 0.943423 0.914301 0.985926 0.996894 0.892937 0.998898 0.754748
0.822838 0.967057 0.318727 0.000000 0.923447 0.942465 0.569735 0.554763 0.951862 0.790332 0.755373 0.899077 0.540542 0.455531 0.651428 0.731258 0.908299 0.959033 0.496568 0.531180 0.952313 0.992690 0.373458 0.377599 0.550322 0.547974 0.788016 0.747530 0.913895 0.958966 0.364488 0.446831 0.479588 0.598088 0.607787 0.733712 0.781609 0.940432 0.695348 0.938574 0.918958 0.785744 0.725305 0.833319 0.905703 0.818376 0.644719 0.768321 0.681833 0.840943 0.810544 0.789802 0.792361 0.828075 0.742219 0.854178 0.988345 0.843774 0.854364 0.894870 0.717292 0.925046 0.803428 0.767743 0.456430 0.398149 0.549860 0.572872 0.971797 0.893056 0.657711 0.752460 0.932038 0.868119 0.874291 0.868634 0.757616 0.756266 0.954082 0.968945 0.939295 0.884844 0.738150 0.905602 0.494434 0.510793 0.853861 0.717141 0.829036 0.705127 0.862783 0.948530 0.900445 0.947614 0.996451 0.788979 0.820656 0.925392 0.964186 0.793471 0.798781 0.713686 0.981598 0.952418 0.746098 0.931240 0.850231 0.897483 0.894542 0.882696 0.986841 0.889810 0.974580 0.777328 0.959196 0.718220
0.939472 0.919804 0.994171 0.923447 0.000000 0.809955 0.893907 0.892390 0.993039 0.736457 0.850518 0.839494 0.870694 0.849172 0.988522 0.944118 0.962558 0.942468 0.854997 0.827948 0.850245 0.909668 0.997581 0.924827 0.869496 0.763893 0.865293 0.923327 0.967274 0.903100 0.975368 0.868213 0.895094 0.893274 0.948348 0.880503 0.924700 0.878168 0.811482 0.875871 0.993615 0.941595 0.829627 0.863838 0.809371 0.762053 0.992662 0.791602 0.865274 0.901472 0.860717 0.942066 0.855939 0.908063 0.822044 0.975167 0.962328 0.951987 0.898832 0.946309 0.907111 0.996883 0.879725 0.992094 0.892749 0.943406 0.837041 0.836518 0.849093 0.991387 0.867830 0.924238 0.882109 0.827791 0.927727 0.851407 0.848277 0.939615 0.916482 0.997847 0.975278 0.946371 0.986845 0.944364 0.989935 0.951011 0.885269 0.974188 0.981513 0.759239 0.775709 0.769701 0.833676 0.802352 0.934245 0.945800 0.953288 0.913052 0.827387 0.874578 0.934458 0.955339 0.869383 0.806960 0.972251 0.991381 0.849145 0.961060 0.902446 0.874055 0.819491 0.831496 0.852596 0.800463 0.791608 0.806743
0.604708 0.719805 0.997519 0.942465 0.809955 0.000000 0.627057 0.588462 0.656521 0.583585 0.566471 0.551197 0.683424 0.755184 0.936083 0.743603 0.653099 0.611162 0.619525 0.666455 0.996323 0.923547 0.905344 0.957024 0.799281 0.883311 0.755966 0.976216 0.715090 0.673544 0.869866 0.756728 0.766092 0.631346 0.875478 0.905311 0.949682 0.986508 0.997052 0.897015 0.948480 0.953614 0.598678 0.625459 0.635128 0.607848 0.829555 0.675852 0.746358 0.838286 0.958119 0.987027 0.991839 0.937241 0.829617 0.912906 0.580068 0.840813 0.819242 0.965150 0.678859 0.803046 0.665865 0.720975 0.763370 0.964142 0.749026 0.731630 0.930946 0.992142 0.798954 0.761293 0.883535 0.775998 0.936290 0.730393 0.691105 0.795566 0.808415 0.859351 0.873341 0.785979 0.951986 0.938078 0.882019 0.865784 0.966664 0.972989 0.967269 0.799039 0.656481 0.781569 0.713849 0.785926 0.981786 0.979608 0.728064 0.764504 0.553965 0.679510 0.623131 0.709977 0.703056 0.614640 0.996171 0.923239 0.646805 0.926446 0.915589 0.981362 0.908632 0.730171 0.770427 0.772524 0.993235 0.705330
0.557302 0.748759 0.516081 0.569735 0.893907 0.627057 0.000000 0.255722 0.715358 0.535559 0.324098 0.535528 0.383554 0.423835 0.745428 0.757874 0.714030 0.668014 0.303373 0.443521 0.897213 0.877131 0.800045 0.875842 0.819826 0.945714 0.741510 0.882513 0.541520 0.633758 0.627642 0.525701 0.409372 0.333861 0.967233 0.867205 0.960802 0.897501 0.885996 0.979314 0.993435 0.765824 0.450686 0.513873 0.469101 0.557395 0.581305 0.484061 0.703509 0.772098 0.822455 0.916267 0.936166 0.871399 0.982275 0.800485 0.676504 0.924280 0.541818 0.847806 0.322242 0.669186 0.444617 0.798742 0.977787 0.707965 0.409630 0.395462 0.891927 0.998924 0.546794 0.678207 0.986059 0.760222 0.980178 0.716361 0.532867 0.630164 0.946515 0.876863 0.993610 0.873235 0.935308 0.962184 0.855028 0.946036 0.919410 0.963179 0.959001 0.879216 0.459615 0.565295 0.702459 0.709521 0.750197 0.749776 0.841101 0.774400 0.477945 0.410659 0.457982 0.535949 0.729241 0.662382 0.869029 0.858825 0.973149 0.800440 0.920682 0.978740 0.749708 0.680075 0.584450 0.954976 0.995552 0.923866
0.429280 0.605316 0.581345 0.554763 0.892390 0.588462 0.255722 0.000000 0.620967 0.567274 0.325214 0.416108 0.430609 0.381682 0.804555 0.689622 0.578094 0.535939 0.271239 0.359910 0.873367 0.853841 0.835168 0.886610 0.862550 0.983419 0.738103 0.937186 0.469937 0.536285 0.635517 0.500624 0.359380 0.332237 0.948720 0.934838 0.856272 0.974113 0.862394 0.985948 0.969147 0.845348 0.389783 0.455866 0.470580 0.550271 0.565901 0.459890 0.680537 0.708672 0.774029 0.848515 0.858732 0.820134 0.965087 0.784297 0.529741 0.769999 0.542383 0.813331 0.332370 0.578752 0.441662 0.682045 0.977948 0.683068 0.474172 0.412620 0.992885 0.911573 0.566803 0.661241 0.883215 0.715627 0.958483 0.751554 0.517854 0.639570 0.938129 0.775789 0.851811 0.784795 0.915903 0.971476 0.935210 0.992529 0.992986 0.984790 0.909786 0.957368 0.413011 0.576344 0.648713 0.709303 0.767277 0.767576 0.827330 0.755950 0.448235 0.384994 0.462866 0.465913 0.603420 0.594855 0.838215 0.788287 0.938463 0.816939 0.909579 0.991821 0.796423 0.691531 0.618265 0.938866 0.943765 0.926712
0.709719 0.795673 0.867997 0.951862 0.993039 0.656521 0.715358 0.620967 0.000000 0.635961 0.652563 0.708671 0.832391 0.782657 0.929639 0.875858 0.708174 0.736284 0.741617 0.788410 0.719511 0.907498 0.814391 0.802036 0.804847 0.968563 0.897920 0.883126 0.677116 0.805065 0.856892 0.849875 0.777563 0.689053 0.871998 0.743821 0.809474 0.888771 0.939282 0.994719 0.984601 0.977782 0.591604 0.612885 0.583977 0.615082 0.763046 0.633450 0.619889 0.564387 0.654196 0.651829 0.662944 0.614543 0.836833 0.992674 0.673685 0.860022 0.687048 0.719910 0.604702 0.642257 0.899946 0.792304 0.997029 0.890711 0.901780 0.884692 0.998218 0.807762 0.843322 0.840146 0.973246 0.828837 0.951758 0.844255 0.598050 0.787296 0.986119 0.973796 0.903678 0.815987 0.888015 0.912524 0.728570 0.684464 0.949184 0.787035 0.849168 0.837827 0.620574 0.673376 0.814855 0.703230 0.848906 0.999214 0.852536 0.818917 0.548930 0.631846 0.671134 0.755573 0.621615 0.754479 0.999385 0.681300 0.891758 0.741640 0.998163 0.954731 0.898802 0.655383 0.659315 0.810409 0.808176 0.964743
0.723261 0.710558 0.919914 0.790332 0.736457 0.583585 0.535559 0.567274 0.635961 0.000000 0.518979 0.593889 0.776529 0.833155 0.971894 0.956110 0.606612 0.581428 0.707541 0.831243 0.762731 0.926842 0.633991 0.565917 0.403637 0.493254 0.564072 0.767978 0.537595 0.558685 0.852146 0.948529 0.875525 0.660341 0.643276 0.838654 0.860018 0.842735 0.886226 0.836450 0.943457 0.881892 0.570350 0.526214 0.320118 0.316899 0.888515 0.556727 0.383160 0.598157 0.610725 0.704198 0.667101 0.645774 0.645566 0.942689 0.623626 0.796216 0.689359 0.920791 0.536261 0.704114 0.616048 0.602150 0.534234 0.767051 0.808890 0.780413 0.811745 0.936050 0.797232 0.798882 0.994350 0.830938 0.902789 0.805970 0.621765 0.772168 0.904035 0.918590 0.987155 0.935716 0.800822 0.985281 0.597674 0.523959 0.992915 0.777347 0.694329 0.519523 0.460451 0.477968 0.697730 0.623335 0.771827 0.996835 0.684214 0.751508 0.445791 0.475001 0.581170 0.658755 0.584598 0.609139 0.942949 0.866903 0.817861 0.776610 0.984402 0.885283 0.657117 0.482913 0.531120 0.729949 0.911015 0.831165
0.461902 0.689175 0.738561 0.755373 0.850518 0.566471 0.324098 0.325214 0.652563 0.518979 0.000000 0.465605 0.408255 0.482636 0.885461 0.799800 0.579145 0.567629 0.345381 0.451688 0.880191 0.823433 0.962057 0.938050 0.655379 0.859972 0.652638 0.878400 0.482939 0.577382 0.774530 0.636941 0.541034 0.398753 0.984176 0.960686 0.968226 0.835193 0.964101 0.975701 0.994631 0.923880 0.490972 0.511396 0.477046 0.518050 0.589352 0.500364 0.610139 0.723196 0.756000 0.877942 0.860081 0.856830 0.980296 0.817110 0.571864 0.826861 0.502903 0.888843 0.327843 0.702945 0.373629 0.630961 0.818847 0.893892 0.520360 0.500330 0.951619 0.990167 0.622493 0.729874 0.908241 0.766593 0.955100 0.712378 0.646113 0.665142 0.896021 0.872952 0.860681 0.784516 0.980006 0.951644 0.968449 0.910872 0.998777 0.986089 0.980807 0.818729 0.452369 0.563268 0.712473 0.732393 0.837138 0.807701 0.785262 0.806629 0.440202 0.389906 0.449294 0.619812 0.635410 0.545708 0.983548 0.807679 0.952224 0.778861 0.925961 0.989051 0.830220 0.656589 0.544317 0.930731 0.926534 0.948013
0.373406 0.436789 0.998202 0.899077 0.839494 0.551197 0.535528 0.416108 0.708671 0.593889 0.465605 0.000000 0.690696 0.590591 0.892732 0.655342 0.428778 0.365940 0.511761 0.465059 0.955471 0.823693 0.866409 0.894369 0.725899 0.874368 0.659472 0.855170 0.492332 0.426922 0.897818 0.721639 0.577504 0.507139 0.936674 0.958263 0.754533 0.952752 0.956884 0.947225 0.824441 0.966230 0.595707 0.594161 0.498563 0.503987 0.682976 0.544939 0.555570 0.630124 0.731051 0.765760 0.824776 0.809119 0.900481 0.782799 0.396471 0.505904 0.590818 0.846913 0.510027 0.520731 0.484212 0.419306 0.720264 0.933161 0.686941 0.606406 0.825530 0.641696 0.806249 0.761151 0.798610 0.686250 0.971873 0.796470 0.686021 0.827403 0.808220 0.693342 0.552958 0.582770 0.895644 0.687330 0.885571 0.873929 0.916895 0.930720 0.919992 0.930220 0.548078 0.789428 0.684143 0.848617 0.732055 0.839517 0.762549 0.777494 0.526386 0.587148 0.566029 0.625998 0.600772 0.615057 0.925795 0.810874 0.823588 0.939802 0.980197 0.907391 0.830505 0.793041 0.666180 0.881346 0.836819 0.832870
0.572689 0.827491 0.537848 0.540542 0.870694 0.683424 0.383554 0.430609 0.832391 0.776529 0.408255 0.690696 0.000000 0.345830 0.603118 0.634615 0.824742 0.762822 0.377066 0.447701 0.974583 0.968238 0.709006 0.695656 0.986749 0.935796 0.940021 0.944247 0.696784 0.749194 0.641371 0.520499 0.510418 0.442305 0.877027 0.927266 0.979820 0.767496 0.945713 0.992989 0.895431 0.735262 0.535051 0.605938 0.780378 0.805140 0.530547 0.611058 0.951207 0.957084 0.959685 0.886678 0.908029 0.979921 0.957225 0.920663 0.738774 0.996471 0.656308 0.938454 0.491457 0.979702 0.442228 0.913384 0.895056 0.778954 0.528802 0.614801 0.996668 0.917835 0.551146 0.664377 0.983757 0.886640 0.908693 0.638782 0.674897 0.661892 0.903196 0.909902 0.960526 0.823339 0.821952 0.931009 0.720216 0.759880 0.832652 0.812496 0.872046 0.974834 0.593842 0.685762 0.823816 0.791345 0.853640 0.734286 0.905976 0.928395 0.591409 0.528109 0.609740 0.710336 0.775865 0.688037 0.910497 0.995470 0.989586 0.815659 0.868210 0.988254 0.881751 0.843182 0.773312 0.962782 0.963238 0.864283
0.519537 0.724385 0.544315 0.455531 0.849172 0.755184 0.423835 0.381682 0.782657 0.833155 0.482636 0.590591 0.345830 0.000000 0.645578 0.542841 0.757714 0.686855 0.366993 0.324902 0.992814 0.949823 0.690292 0.660881 0.918490 0.872404 0.941646 0.899682 0.607128 0.679684 0.562691 0.492173 0.426154 0.398131 0.832564 0.897123 0.802533 0.877029 0.851157 0.976756 0.964964 0.812824 0.516460 0.585845 0.782568 0.824011 0.551306 0.569100 0.994235 0.930208 0.922204 0.997496 0.987635 0.931750 0.977674 0.876206 0.681262 0.890895 0.689970 0.970296 0.526668 0.843392 0.495969 0.873316 0.807203 0.635369 0.540021 0.577380 0.912049 0.901588 0.596762 0.683997 0.900002 0.787181 0.919074 0.636583 0.608145 0.706524 0.979331 0.861146 0.849526 0.745295 0.783190 0.945645 0.734767 0.726432 0.895204 0.854468 0.885566 0.927489 0.533297 0.736674 0.785111 0.821445 0.850013 0.715903 0.930564 0.907367 0.596748 0.533135 0.600559 0.657662 0.773599 0.776293 0.802118 0.896018 0.978763 0.799490 0.799608 0.988279 0.855133 0.864251 0.748618 0.937865 0.946514 0.883500
0.929142 0.955378 0.599484 0.651428 0.988522 0.936083 0.745428 0.804555 0.929639 0.971894 0.885461 0.892732 0.603118 0.645578 0.000000 0.586485 0.889821 0.902064 0.831070 0.750464 0.893563 0.987089 0.715252 0.668576 0.763816 0.756793 0.759854 0.739489 0.911860 0.945933 0.717038 0.697263 0.844269 0.855409 0.950636 0.940597 0.969285 0.796244 0.879475 0.958891 0.877017 0.760971 0.712140 0.805401 0.967761 0.968235 0.687946 0.903542 0.921182 0.926579 0.972831 0.894054 0.883098 0.936757 0.995702 0.851131 0.999179 0.895409 0.965601 0.829359 0.830959 0.934176 0.936738 0.807398 0.606038 0.753016 0.915805 0.965976 0.911316 0.827166 0.744317 0.814604 0.804197 0.893477 0.958436 0.847217 0.772503 0.828569 0.828976 0.884708 0.824903 0.913093 0.776133 0.884769 0.662703 0.742400 0.757923 0.861978 0.927149 0.934100 0.878147 0.909658 0.997183 0.963962 0.980162 0.968960 0.907365 0.939920 0.876656 0.841888 0.994247 0.947525 0.948252 0.981655 0.896288 0.961346 0.928829 0.800524 0.907291 0.878183 0.876163 0.867183 0.978493 0.958645 0.927374 0.806372
0.606165 0.662485 0.841765 0.731258 0.944118 0.743603 0.757874 0.689622 0.875858 0.956110 0.799800 0.655342 0.634615 0.542841 0.586485 0.000000 0.755527 0.695610 0.744781 0.520064 0.860265 0.914132 0.792767 0.674018 0.801992 0.742840 0.927356 0.865012 0.831630 0.729595 0.718993 0.600614 0.679410 0.704107 0.979277 0.983816 0.729509 0.965554 0.867378 0.838615 0.999769 0.927272 0.754683 0.865299 0.918813 0.907158 0.748037 0.808047 0.938955 0.937724 0.871644 0.969913 0.944047 0.974909 0.992604 0.995912 0.655477 0.667504 0.918140 0.946341 0.745626 0.787029 0.789143 0.776170 0.871887 0.731558 0.948093 0.869821 0.818332 0.894630 0.832861 0.806444 0.997050 0.981393 0.949580 0.811058 0.825627 0.912252 0.946234 0.833302 0.678366 0.603589 0.610877 0.696822 0.723240 0.692192 0.877198 0.783586 0.925340 0.858250 0.865806 0.882796 0.964482 0.882040 0.836079 0.892480 0.886079 0.999624 0.782592 0.867054 0.877916 0.977241 0.902918 0.960408 0.956056 0.917224 0.879775 0.963109 0.976672 0.950131 0.946406 0.922667 0.991667 0.907697 0.989333 0.915871
0.405185 0.350662 0.828021 0.908299 0.962558 0.653099 0.714030 0.578094 0.708174 0.606612 0.579145 0.428778 0.824742 0.757714 0.889821 0.755527 0.000000 0.283781 0.683596 0.705844 0.973258 0.790928 0.706369 0.741495 0.724754 0.811375 0.690263 0.829182 0.473771 0.353999 0.993296 0.827338 0.769360 0.634184 0.742722 0.877648 0.886894 0.874898 0.995562 0.786117 0.915448 0.927837 0.624771 0.542028 0.532582 0.514924 0.803675 0.655995 0.542023 0.570656 0.650014 0.653089 0.785932 0.730038 0.830570 0.829976 0.312719 0.386643 0.736164 0.877831 0.637820 0.568712 0.630502 0.347610 0.641546 0.954007 0.893971 0.822657 0.756506 0.648881 0.883102 0.786700 0.793548 0.768753 0.953339 0.752595 0.777187 0.865100 0.732782 0.593444 0.491977 0.675815 0.943500 0.663147 0.706007 0.766876 0.801190 0.761436 0.766508 0.897078 0.596051 0.795220 0.728282 0.883806 0.725497 0.912005 0.721345 0.866039 0.565381 0.564034 0.666673 0.706738 0.611373 0.693552 0.975141 0.836820 0.765969 0.964751 0.940544 0.888329 0.776874 0.707041 0.679079 0.852983 0.839090 0.837430
0.398450 0.331971 0.835397 0.959033 0.942468 0.611162 0.668014 0.535939 0.736284 0.581428 0.567629 0.365940 0.762822 0.686855 0.902064 0.695610 0.283781 0.000000 0.625030 0.617719 0.988274 0.911671 0.732273 0.825236 0.717024 0.785308 0.702196 0.805670 0.490803 0.327035 0.983062 0.749279 0.704775 0.608587 0.737405 0.833103 0.901262 0.972638 0.993258 0.874933 0.972388 0.963646 0.608210 0.554636 0.517018 0.465841 0.807604 0.588906 0.563215 0.590809 0.716312 0.675933 0.844969 0.786309 0.850433 0.809897 0.278135 0.377037 0.771499 0.942469 0.616833 0.581477 0.573286 0.341562 0.631396 0.952255 0.843096 0.804134 0.747510 0.648531 0.828538 0.780982 0.861345 0.747976 0.937971 0.835567 0.738474 0.773672 0.669829 0.575733 0.464502 0.609525 0.927249 0.658719 0.732843 0.791757 0.832932 0.806373 0.843838 0.913643 0.560375 0.781220 0.693110 0.850343 0.797247 0.870559 0.667987 0.893519 0.531672 0.545086 0.637631 0.703128 0.597262 0.682797 0.950938 0.845607 0.761237 0.970425 0.934124 0.935884 0.840328 0.684572 0.653693 0.853752 0.836385 0.843893
0.440107 0.657071 0.542284 0.496568 0.854997 0.619525 0.303373 0.271239 0.741617 0.707541 0.345381 0.511761 0.377066 0.366993 0.831070 0.744781 0.683596 0.625030 0.000000 0.354387 0.970573 0.882323 0.758006 0.775944 0.968516 0.933102 0.853679 0.982122 0.607901 0.627372 0.598618 0.476914 0.373783 0.332929 0.847403 0.906845 0.924065 0.921799 0.880112 0.991135 0.948519 0.915242 0.466803 0.508030 0.613542 0.673514 0.588165 0.497396 0.855097 0.834306 0.925186 0.997422 0.996679 0.994892 0.905303 0.771742 0.576823 0.847452 0.595973 0.887043 0.394262 0.755221 0.423720 0.770979 0.914476 0.671171 0.398075 0.410395 0.999044 0.955170 0.541008 0.766504 0.913779 0.789812 0.944132 0.760128 0.597183 0.627694 0.964730 0.839162 0.841893 0.742086 0.899722 0.983776 0.809281 0.868624 0.947033 0.896899 0.911313 0.981487 0.501267 0.631200 0.721627 0.769751 0.854558 0.738945 0.882507 0.826956 0.501374 0.436610 0.487815 0.537275 0.668281 0.629949 0.789420 0.834750 0.982647 0.878485 0.992390 0.962332 0.901074 0.729613 0.681036 0.975390 0.963217 0.942830
0.401332 0.633936 0.647385 0.531180 0.827948 0.666455 0.443521 0.359910 0.788410 0.831243 0.451688 0.465059 0.447701 0.324902 0.750464 0.520064 0.705844 0.617719 0.354387 0.000000 0.951330 0.922683 0.756915 0.726719 0.946887 0.854389 0.905770 0.919560 0.618111 0.677429 0.630895 0.459150 0.354973 0.414486 0.803479 0.881945 0.710874 0.898777 0.821289 0.917409 0.899597 0.959613 0.542756 0.603867 0.706516 0.758134 0.559703 0.559988 0.871825 0.807629 0.872220 0.939235 0.909342 0.940262 0.903017 0.806824 0.584488 0.751729 0.575816 0.911861 0.474845 0.719606 0.482836 0.751142 0.874583 0.661131 0.528730 0.511104 0.842349 0.853795 0.623387 0.678933 0.794948 0.725806 0.931715 0.763599 0.662391 0.701902 0.993179 0.791887 0.731248 0.589935 0.704977 0.873128 0.721197 0.759992 0.888805 0.857747 0.919588 0.885266 0.558055 0.797376 0.737284 0.883729 0.843851 0.707009 0.965902 0.833719 0.596367 0.554853 0.608418 0.672620 0.733396 0.684175 0.797069 0.801312 0.910394 0.914170 0.880438 0.975383 0.965111 0.865822 0.775526 0.991952 0.996629 0.971941
0.960675 0.975602 0.954614 0.952313 0.850245 0.996323 0.897213 0.873367 0.719511 0.762731 0.880191 0.955471 0.974583 0.992814 0.893563 0.860265 0.973258 0.988274 0.970573 0.951330 0.000000 0.980652 0.776816 0.767180 0.788487 0.898423 0.984655 0.964504 0.818293 0.998664 0.851999 0.939338 0.882124 0.979670 0.824471 0.746383 0.999860 0.886963 0.968402 0.784641 0.937110 0.941237 0.882692 0.891539 0.848377 0.866310 0.815957 0.918466 0.832035 0.883744 0.918965 0.853449 0.880570 0.896902 0.855399 0.965978 0.930286 0.947445 0.898177 0.990248 0.912708 0.862493 0.971747 0.905122 0.921964 0.929073 0.871011 0.957428 0.937974 0.992007 0.954399 0.959734 0.781678 0.933053 0.891019 0.830025 0.896617 0.952192 0.970660 0.936135 0.769168 0.725768 0.812410 0.849657 0.700327 0.616076 0.989229 0.670494 0.979450 0.996341 0.863553 0.747279 0.972850 0.911449 0.897038 0.979372 0.976354 0.818260 0.846529 0.800306 0.952470 0.874382 0.747958 0.801541 0.971335 0.761818 0.980641 0.740464 0.896345 0.869540 0.840834 0.760049 0.841759 0.871682 0.955792 0.868679
0.868386 0.837753 0.986594 0.992690 0.909668 0.923547 0.877131 0.853841 0.907498 0.926842 0.823433 0.823693 0.968238 0.949823 0.987089 0.914132 0.790928 0.911671 0.882323 0.922683 0.980652 0.000000 0.986365 0.915411 0.880450 0.840748 0.882045 0.863216 0.898760 0.852989 0.933525 0.943676 0.885949 0.952949 0.936904 0.888059 0.883381 0.941221 0.944367 0.794443 0.771467 0.863971 0.888777 0.937133 0.885469 0.899045 0.920782 0.995095 0.824920 0.916973 0.879945 0.998861 0.932263 0.981382 0.950409 0.840963 0.857350 0.862943 0.873868 0.917159 0.850704 0.816426 0.869123 0.851721 0.942914 0.940222 0.937451 0.875537 0.972691 0.946823 0.976142 0.995900 0.889209 0.996961 0.870105 0.971971 0.964528 0.928136 0.997355 0.950798 0.776803 0.904124 0.957608 0.942066 0.997070 0.947526 0.982479 0.981620 0.892729 0.894646 0.954860 0.980359 0.978632 0.946632 0.868655 0.990641 0.988372 0.964406 0.929725 0.971401 0.881167 0.885945 0.881565 0.875695 0.799145 0.958071 0.989609 0.886638 0.953663 0.822495 0.994193 0.927541 0.985518 0.988180 0.880593 0.843736
0.934857 0.846252 0.425279 0.373458 0.997581 0.905344 0.800045 0.835168 0.814391 0.633991 0.962057 0.866409 0.709006 0.690292 0.715252 0.792767 0.706369 0.732273 0.758006 0.756915 0.776816 0.986365 0.000000 0.301832 0.384074 0.518316 0.616243 0.777382 0.798721 0.828455 0.452205 0.569277 0.602261 0.778229 0.531059 0.589813 0.892880 0.937503 0.730505 0.987782 0.892068 0.802470 0.963794 0.869168 0.713532 0.643764 0.823823 0.966244 0.545855 0.694311 0.799223 0.709880 0.715295 0.802071 0.730992 0.967202 0.784818 0.815224 0.949226 0.904866 0.948471 0.956527 0.994102 0.632936 0.408956 0.418864 0.656192 0.658958 0.941945 0.768463 0.738680 0.905074 0.959578 0.995960 0.821761 0.918246 0.917760 0.911218 0.872241 0.933798 0.938028 0.845534 0.677761 0.899390 0.314197 0.337637 0.825547 0.579038 0.734806 0.629997 0.855974 0.789264 0.887795 0.879048 0.958097 0.911917 0.806036 0.957109 0.733898 0.911698 0.889908 0.973299 0.776171 0.817850 0.902355 0.895889 0.798065 0.990036 0.968621 0.972262 0.964657 0.718314 0.727475 0.824093 0.960331 0.760512
0.999722 0.897584 0.528717 0.377599 0.924827 0.957024 0.875842 0.886610 0.802036 0.565917 0.938050 0.894369 0.695656 0.660881 0.668576 0.674018 0.741495 0.825236 0.775944 0.726719 0.767180 0.915411 0.301832 0.000000 0.384405 0.551838 0.598951 0.711405 0.775970 0.854777 0.473938 0.548357 0.658105 0.784542 0.581942 0.737415 0.863452 0.930398 0.687704 0.942080 0.919897 0.831711 0.970756 0.895006 0.661506 0.595943 0.780922 0.948663 0.482040 0.625576 0.717514 0.687016 0.649210 0.732707 0.673996 0.998195 0.867947 0.829876 0.887363 0.957984 0.971219 0.857777 0.987588 0.690865 0.468134 0.503794 0.756494 0.765896 0.852467 0.784879 0.763177 0.893909 0.987213 0.991138 0.844069 0.937403 0.994398 0.941867 0.943701 0.917267 0.974958 0.747404 0.617084 0.989152 0.354333 0.317871 0.849247 0.534115 0.643089 0.592298 0.842996 0.770681 0.905876 0.780166 0.896644 0.880478 0.810000 0.903055 0.773101 0.878810 0.905577 0.965843 0.799632 0.876653 0.818176 0.884301 0.864836 0.957275 0.961383 0.901654 0.888975 0.733009 0.700613 0.811120 0.921851 0.755209
0.871376 0.883508 0.662886 0.550322 0.869496 0.799281 0.819826 0.862550 0.804847 0.403637 0.655379 0.725899 0.986749 0.918490 0.763816 0.801992 0.724754 0.717024 0.968516 0.946887 0.788487 0.880450 0.384074 0.384405 0.000000 0.423385 0.469472 0.719092 0.651131 0.726563 0.570378 0.706789 0.859214 0.936564 0.617368 0.726252 0.829876 0.792329 0.720240 0.871349 0.852497 0.938689 0.842903 0.760828 0.473846 0.468052 0.956201 0.809711 0.423902 0.674806 0.676242 0.707390 0.648856 0.723727 0.779840 0.903498 0.796728 0.907165 0.741302 0.941300 0.767738 0.915567 0.680331 0.614928 0.351315 0.469277 0.973302 0.958219 0.856111 0.863722 0.938015 0.963400 0.990824 0.868042 0.864023 0.985276 0.915683 0.919985 0.954269 0.887218 0.969049 0.883019 0.667465 0.971317 0.440351 0.418748 0.876938 0.732394 0.708281 0.549279 0.645322 0.592997 0.786313 0.710241 0.814164 0.963447 0.769623 0.874321 0.614467 0.685989 0.672157 0.860939 0.694529 0.688244 0.898329 0.879891 0.855393 0.917968 0.934200 0.881127 0.870033 0.688185 0.588135 0.781072 0.961624 0.793675
0.990336 0.920621 0.608940 0.547974 0.763893 0.883311 0.945714 0.983419 0.968563 0.493254 0.859972 0.874368 0.935796 0.872404 0.756793 0.742840 0.811375 0.785308 0.933102 0.854389 0.898423 0.840748 0.518316 0.551838 0.423385 0.000000 0.620792 0.785010 0.833397 0.749030 0.642303 0.820902 0.795861 0.982509 0.750486 0.792653 0.751773 0.725736 0.740437 0.808892 0.883248 0.992599 0.983535 0.833389 0.639595 0.622432 0.861980 0.858441 0.660819 0.804481 0.768112 0.757259 0.748905 0.746119 0.689220 0.963906 0.896289 0.916764 0.883196 0.918413 0.989917 0.903915 0.808900 0.747278 0.382978 0.456843 0.964595 0.924692 0.874706 0.892690 0.976322 0.963712 0.947341 0.884798 0.874378 0.915626 0.898583 0.995093 0.900994 0.993104 0.957116 0.930261 0.778352 0.985558 0.553104 0.574640 0.854958 0.769664 0.780779 0.669696 0.731842 0.624336 0.823968 0.751824 0.839188 0.965628 0.745070 0.909119 0.729615 0.791566 0.856343 0.874951 0.835838 0.729644 0.869494 0.969944 0.902102 0.920455 0.959619 0.882307 0.759848 0.758675 0.711424 0.731673 0.975254 0.803731
0.811554 0.866498 0.836861 0.788016 0.865293 0.755966 0.741510 0.738103 0.897920 0.564072 0.652638 0.659472 0.940021 0.941646 0.759854 0.927356 0.690263 0.702196 0.853679 0.905770 0.984655 0.882045 0.616243 0.598951 0.469472 0.620792 0.000000 0.649402 0.687255 0.670799 0.853782 0.869529 0.879690 0.817079 0.711262 0.956667 0.951567 0.991986 0.831039 0.958031 0.910337 0.973495 0.747784 0.767183 0.551046 0.584741 0.901707 0.853557 0.546912 0.736308 0.786610 0.802309 0.728724 0.826534 0.811990 0.873367 0.801525 0.861758 0.777244 0.995344 0.724290 0.846178 0.666193 0.623556 0.550745 0.706233 0.912538 0.829784 0.888387 0.905282 0.871290 0.856100 0.903032 0.828356 0.899357 0.976012 0.926193 0.968980 0.957265 0.951510 0.928771 0.937305 0.701919 0.783532 0.624450 0.632620 0.836652 0.887780 0.732971 0.716453 0.649412 0.691378 0.708698 0.851201 0.962049 0.894507 0.740880 0.959718 0.657820 0.771977 0.637534 0.794093 0.811534 0.720681 0.933302 0.887806 0.840579 0.956875 0.854148 0.904616 0.919859 0.784783 0.626377 0.906238 0.992932 0.923265
0.990788 0.877745 0.904130 0.747530 0.923327 0.976216 0.882513 0.937186 0.883126 0.767978 0.878400 0.855170 0.944247 0.899682 0.739489 0.865012 0.829182 0.805670 0.982122 0.919560 0.964504 0.863216 0.777382 0.711405 0.719092 0.785010 0.649402 0.000000 0.935529 0.766191 0.729794 0.947111 0.998051 0.941992 0.715797 0.914472 0.928848 0.993967 0.951447 0.967692 0.998319 0.997703 0.975050 0.993806 0.769848 0.768164 0.991447 0.920778 0.713950 0.857339 0.870033 0.863949 0.953318 0.886552 0.855660 0.964300 0.940468 0.858966 0.955320 0.792944 0.804459 0.737453 0.845281 0.730369 0.748737 0.926621 0.963155 0.854681 0.946899 0.998444 0.897641 0.917329 0.824484 0.953224 0.791926 0.999208 0.881918 0.906359 0.994480 0.806614 0.893937 0.939308 0.764804 0.949862 0.758079 0.785472 0.944730 0.821290 0.840806 0.855269 0.955563 0.946113 0.947948 0.932190 0.793796 0.916036 0.866061 0.977184 0.922162 0.929209 0.974584 0.984031 0.943892 0.963829 0.917402 0.931773 0.986920 0.864585 0.967017 0.808100 0.841374 0.780529 0.873525 0.958669 0.935664 0.915647
0.555993 0.602338 0.904928 0.913895 0.967274 0.715090 0.541520 0.469937 0.677116 0.537595 0.482939 0.492332 0.696784 0.607128 0.911860 0.831630 0.473771 0.490803 0.607901 0.618111 0.818293 0.898760 0.798721 0.775970 0.651131 0.833397 0.687255 0.935529 0.000000 0.480888 0.911998 0.846441 0.698030 0.639628 0.872819 0.879819 0.890867 0.966965 0.940687 0.843360 0.925170 0.945914 0.546841 0.534098 0.487546 0.494736 0.744860 0.551257 0.565494 0.590982 0.652810 0.670341 0.713110 0.658467 0.837083 0.777494 0.517231 0.678080 0.622174 0.885592 0.527405 0.603907 0.575280 0.559528 0.788373 0.989196 0.773825 0.756328 0.932056 0.708658 0.831193 0.748964 0.728713 0.713788 0.986705 0.776736 0.635165 0.760900 0.840671 0.832537 0.791294 0.900590 0.945822 0.821537 0.792920 0.767091 0.954627 0.743596 0.787278 0.787482 0.475510 0.688226 0.715196 0.719926 0.756027 0.786267 0.828055 0.860367 0.533345 0.508094 0.592511 0.662042 0.569667 0.713216 0.919351 0.846847 0.810493 0.718193 0.838375 0.980373 0.713058 0.799222 0.640416 0.770745 0.891990 0.978301
0.503352 0.389371 0.882861 0.958966 0.903100 0.673544 0.633758 0.536285 0.805065 0.558685 0.577382 0.426922 0.749194 0.679684 0.945933 0.729595 0.353999 0.327035 0.627372 0.677429 0.998664 0.852989 0.828455 0.854777 0.726563 0.749030 0.670799 0.766191 0.480888 0.000000 0.967940 0.808670 0.680905 0.608223 0.682838 0.854388 0.986389 0.990352 0.959307 0.865264 0.988923 0.963829 0.640129 0.588451 0.539397 0.505326 0.849253 0.638497 0.594193 0.684220 0.643708 0.690218 0.848449 0.710922 0.842173 0.788503 0.383041 0.448598 0.756666 0.831797 0.603364 0.622935 0.526331 0.390688 0.639452 0.987223 0.829475 0.741147 0.765387 0.737678 0.847316 0.823453 0.848089 0.810611 0.956263 0.755718 0.780788 0.853100 0.684919 0.504048 0.486330 0.612151 0.927878 0.678652 0.788863 0.878763 0.864971 0.895580 0.871840 0.925198 0.606210 0.781157 0.749537 0.903382 0.777228 0.885437 0.662178 0.892661 0.561021 0.636808 0.672563 0.686363 0.636694 0.719347 0.976238 0.910573 0.782796 0.985356 0.951993 0.890660 0.740724 0.735173 0.753370 0.789910 0.898743 0.893907
0.841136 0.979356 0.401943 0.364488 0.975368 0.869866 0.627642 0.635517 0.856892 0.852146 0.774530 0.897818 0.641371 0.562691 0.717038 0.718993 0.993296 0.983062 0.598618 0.630895 0.851999 0.933525 0.452205 0.473938 0.570378 0.642303 0.853782 0.729794 0.911998 0.967940 0.000000 0.487326 0.520677 0.623020 0.649580 0.834889 0.813707 0.942341 0.675049 0.927662 0.845032 0.779985 0.769649 0.845141 0.960944 0.902848 0.795459 0.833341 0.762259 0.885194 0.865547 0.841346 0.841648 0.898547 0.836813 0.897329 0.940720 0.948626 0.936126 0.925399 0.775845 0.906624 0.932114 0.816329 0.524247 0.486686 0.646303 0.627889 0.945017 0.992050 0.524160 0.641868 0.852827 0.733514 0.778571 0.745036 0.738454 0.821437 0.975003 0.877969 0.986245 0.870797 0.768601 0.966104 0.545393 0.565838 0.989300 0.765258 0.809106 0.813796 0.858543 0.966458 0.842405 0.943861 0.919111 0.908445 0.998998 0.990081 0.974110 0.837598 0.746310 0.796203 0.999154 0.999386 0.852421 0.944600 0.829541 0.827242 0.976953 0.975742 0.961219 0.876866 0.945631 0.834743 0.986091 0.832149
0.633471 0.740604 0.512699 0.446831 0.868213 0.756728 0.525701 0.500624 0.849875 0.948529 0.636941 0.721639 0.520499 0.492173 0.697263 0.600614 0.827338 0.749279 0.476914 0.459150 0.939338 0.943676 0.569277 0.548357 0.706789 0.820902 0.869529 0.947111 0.846441 0.808670 0.487326 0.000000 0.473068 0.495812 0.778489 0.785488 0.764768 0.940016 0.698328 0.839007 0.873841 0.894810 0.674502 0.735978 0.841798 0.882507 0.604856 0.592079 0.974953 0.871889 0.916717 0.944760 0.965070 0.983273 0.780254 0.852710 0.702044 0.813118 0.729623 0.794624 0.578571 0.742731 0.679432 0.925219 0.695602 0.532595 0.533329 0.545581 0.951833 0.927227 0.614612 0.729482 0.928339 0.769116 0.945944 0.709204 0.632494 0.570765 0.959310 0.754798 0.856130 0.690557 0.669242 0.923818 0.640819 0.628383 0.866306 0.782505 0.910324 0.739395 0.738468 0.870871 0.864337 0.881547 0.824902 0.812142 0.986145 0.819829 0.817311 0.697247 0.802824 0.769644 0.919907 0.794215 0.822737 0.872134 0.982619 0.849819 0.986899 0.991124 0.886985 0.881477 0.935557 0.986171 0.994174 0.903468
0.543555 0.678117 0.532485 0.479588 0.895094 0.766092 0.409372 0.359380 0.777563 0.875525 0.541034 0.577504 0.510418 0.426154 0.844269 0.679410 0.769360 0.704775 0.373783 0.354973 0.882124 0.885949 0.602261 0.658105 0.859214 0.795861 0.879690 0.998051 0.698030 0.680905 0.520677 0.473068 0.000000 0.407602 0.817100 0.761300 0.774553 0.910763 0.729469 0.860307 0.870124 0.891800 0.530564 0.640544 0.672615 0.748097 0.581196 0.609368 0.922777 0.828918 0.849852 0.938250 0.928807 0.906397 0.904549 0.725363 0.690249 0.845393 0.590579 0.766431 0.462391 0.672531 0.539068 0.829518 0.774801 0.523202 0.410681 0.401262 0.910949 0.914078 0.558118 0.694216 0.799137 0.715339 0.871330 0.745916 0.597403 0.702703 0.929921 0.727177 0.777612 0.672000 0.775537 0.969947 0.662593 0.695615 0.974198 0.841724 0.996962 0.924184 0.594966 0.785717 0.745682 0.866802 0.871931 0.743399 0.898378 0.904347 0.687119 0.618945 0.617072 0.593156 0.748430 0.776163 0.804867 0.869064 0.990865 0.923825 0.906271 0.937194 0.949577 0.915336 0.787505 0.956089 0.956259 0.895626
0.500131 0.634814 0.607193 0.598088 0.893274 0.631346 0.333861 0.332237 0.689053 0.660341 0.398753 0.507139 0.442305 0.398131 0.855409 0.704107 0.634184 0.608587 0.332929 0.414486 0.979670 0.952949 0.778229 0.784542 0.936564 0.982509 0.817079 0.941992 0.639628 0.608223 0.623020 0.495812 0.407602 0.000000 0.932240 0.857490 0.837479 0.995602 0.748726 0.991072 0.931012 0.830731 0.535321 0.544576 0.549800 0.634972 0.552552 0.496238 0.761123 0.760080 0.774143 0.823321 0.894964 0.800832 0.939992 0.908467 0.588943 0.814908 0.546999 0.760412 0.364232 0.657731 0.456055 0.702071 0.947022 0.650322 0.432710 0.383786 0.864189 0.920750 0.597667 0.762611 0.865735 0.711124 0.848409 0.602202 0.651765 0.606279 0.996670 0.767102 0.842386 0.715884 0.836737 0.873757 0.808999 0.846446 0.945476 0.861032 0.914917 0.995435 0.548056 0.713665 0.766561 0.795741 0.792710 0.761838 0.851178 0.814135 0.570175 0.523946 0.494246 0.649669 0.761475 0.694385 0.812242 0.834156 0.930759 0.835774 0.930828 0.985159 0.864131 0.733088 0.661675 0.974409 0.921870 0.965554
0.940890 0.836908 0.649207 0.607787 0.948348 0.875478 0.967233 0.948720 0.871998 0.643276 0.984176 0.936674 0.877027 0.832564 0.950636 0.979277 0.742722 0.737405 0.847403 0.803479 0.824471 0.936904 0.531059 0.581942 0.617368 0.750486 0.711262 0.715797 0.872819 0.682838 0.649580 0.778489 0.817100 0.932240 0.000000 0.795765 0.883851 0.998647 0.903713 0.989082 0.836740 0.944545 0.953362 0.934817 0.770977 0.724743 0.931481 0.977051 0.711719 0.801476 0.732720 0.748520 0.808516 0.763853 0.723527 0.978237 0.812733 0.828439 0.913283 0.975802 0.940322 0.838358 0.987609 0.723704 0.629693 0.751125 0.729645 0.797418 0.981885 0.889110 0.809322 0.963824 0.859584 0.881159 0.986794 0.995102 0.910457 0.957040 0.746295 0.875504 0.945641 0.917463 0.805875 0.867176 0.554037 0.643922 0.865769 0.799945 0.775753 0.811704 0.958042 0.911563 0.956562 0.966224 0.909663 0.977482 0.827617 0.998561 0.802100 0.960132 0.895646 0.932653 0.878659 0.947591 0.860187 0.990424 0.768999 0.919632 0.949715 0.998202 0.928480 0.648390 0.762520 0.829684 0.945924 0.867734
0.924166 0.927866 0.735945 0.733712 0.880503 0.905311 0.867205 0.934838 0.743821 0.838654 0.960686 0.958263 0.927266 0.897123 0.940597 0.983816 0.877648 0.833103 0.906845 0.881945 0.746383 0.888059 0.589813 0.737415 0.726252 0.792653 0.956667 0.914472 0.879819 0.854388 0.834889 0.785488 0.761300 0.857490 0.795765 0.000000 0.982322 0.827043 0.954926 0.961050 0.848303 0.935873 0.933128 0.892683 0.982408 0.920183 0.783024 0.998474 0.897123 0.995429 0.988474 0.986095 0.948397 0.961769 0.778351 0.822821 0.811791 0.955993 0.943555 0.817275 0.891282 0.871547 0.906667 0.886435 0.705103 0.647421 0.632581 0.646376 0.978391 0.890350 0.994576 0.971177 0.927458 0.911773 0.847957 0.952955 0.894688 0.944205 0.905082 0.964638 0.987524 0.876342 0.783333 0.980433 0.571877 0.591792 0.925240 0.707062 0.989457 0.851618 0.917796 0.844149 0.973801 0.905618 0.927488 0.868511 0.830421 0.900830 0.795807 0.910105 0.820930 0.967267 0.764085 0.936075 0.898084 0.964777 0.960143 0.867678 0.958937 0.921699 0.991297 0.919784 0.942881 0.883644 0.958630 0.914765
0.869541 0.880946 0.852663 0.781609 0.924700 0.949682 0.960802 0.856272 0.809474 0.860018 0.968226 0.754533 0.979820 0.802533 0.969285 0.729509 0.886894 0.901262 0.924065 0.710874 0.999860 0.883381 0.892880 0.863452 0.829876 0.751773 0.951567 0.928848 0.890867 0.986389 0.813707 0.764768 0.774553 0.837479 0.883851 0.982322 0.000000 0.904480 0.747379 0.695987 0.682067 0.754014 0.976041 0.978000 0.998694 0.921206 0.866493 0.963611 0.969151 0.817870 0.815242 0.828622 0.826131 0.804691 0.888122 0.923968 0.878997 0.822694 0.817663 0.737609 0.861706 0.671298 0.941599 0.937842 0.780669 0.676629 0.955780 0.818340 0.836185 0.793102 0.985654 0.909586 0.818382 0.860985 0.954234 0.880547 0.918483 0.990958 0.957142 0.867717 0.873291 0.875900 0.814574 0.779377 0.906276 0.901902 0.921600 0.932205 0.941279 0.752959 0.991770 0.877093 0.981154 0.980636 0.703599 0.950218 0.959108 0.902798 0.976648 0.924551 0.983644 0.941849 0.993452 0.909417 0.987910 0.898774 0.953703 0.906011 0.811585 0.949792 0.957840 0.906548 0.959997 0.968623 0.992418 0.979015
0.978413 0.902276 0.996270 0.940432 0.878168 0.986508 0.897501 0.974113 0.888771 0.842735 0.835193 0.952752 0.767496 0.877029 0.796244 0.965554 0.874898 0.972638 0.921799 0.898777 0.886963 0.941221 0.937503 0.930398 0.792329 0.725736 0.991986 0.993967 0.966965 0.990352 0.942341 0.940016 0.910763 0.995602 0.998647 0.827043 0.904480 0.000000 0.850799 0.789398 0.889218 0.929740 0.995781 0.903074 0.984199 0.992843 0.976964 0.983883 0.992395 0.913820 0.984182 0.954544 0.967139 0.997404 0.977051 0.844334 0.929094 0.880788 0.985385 0.692091 0.990011 0.729517 0.831372 0.938512 0.879905 0.735821 0.989812 0.909408 0.863343 0.931429 0.835209 0.927494 0.986840 0.975418 0.848780 0.886049 0.882733 0.859170 0.916546 0.909722 0.866558 0.896618 0.916267 0.889252 0.963360 0.942615 0.985687 0.982640 0.875103 0.972696 0.861298 0.758451 0.998301 0.870335 0.927513 0.968972 0.895073 0.919727 0.872432 0.850864 0.957262 0.959335 0.963046 0.870062 0.783399 0.922240 0.944171 0.832537 0.963802 0.998877 0.922924 0.971817 0.985558 0.968824 0.796956 0.916642
