0.000000 0.134202 0.221669 0.175564 0.707693 0.465343 0.193461 0.140495 0.435699 0.306783 0.193588 0.126402 0.131862 0.179219 0.192347 0.204355 0.138934 0.136550 0.141228 0.135419 0.451190 0.747817 0.204111 0.254222 0.472582 0.440711 0.934789 0.918364 0.158763 0.133703 0.203562 0.248951 0.150693 0.148467 0.390724 0.539770 0.357447 0.480694 0.579077 0.693344 0.763860 0.576317 0.232152 0.214677 0.216915 0.172787 0.163426 0.174941 0.518820 0.252997 0.328482 0.264053 0.381326 0.414401 0.337386 0.423978 0.178304 0.154140 0.136655 0.174363 0.130277 0.199651 0.125666 0.132587 0.325769 0.246459 0.181547 0.156192 0.325132 0.193929 0.261037 0.292394 0.380463 0.420934 0.630907 0.592186 0.324522 0.278965 0.154246 0.213857 0.109501 0.128062 0.279993 0.227736 0.190556 0.233367 0.856525 0.732570 0.419339 0.401454 0.555453 0.689831 0.476918 0.855645 0.336986 0.480337 0.277263 0.447920 0.273635 0.258851 0.538684 0.702191 0.303111 0.368290 0.292642 0.311445 0.827654 0.644845 0.549982 0.402568 0.679420 0.384274 0.303675 0.455459 0.437412 0.982974
0.134202 0.000000 0.269468 0.220894 0.707201 0.507726 0.217381 0.149745 0.491309 0.310926 0.234827 0.142913 0.158881 0.181245 0.222581 0.218894 0.145321 0.142856 0.152626 0.154832 0.446746 0.776374 0.235926 0.296988 0.501151 0.496700 0.888613 0.920325 0.152171 0.154451 0.235262 0.286731 0.175656 0.171193 0.441033 0.535525 0.344730 0.515624 0.585493 0.626295 0.846205 0.443955 0.233563 0.209396 0.209809 0.193521 0.206104 0.167910 0.488795 0.289473 0.334450 0.272013 0.434348 0.418001 0.401948 0.459062 0.144116 0.118597 0.133065 0.182076 0.156716 0.217149 0.145482 0.122506 0.385217 0.309385 0.211956 0.186779 0.328123 0.157394 0.291879 0.284858 0.440562 0.491960 0.680216 0.575217 0.338134 0.281809 0.207552 0.276379 0.129472 0.154774 0.294953 0.231815 0.225949 0.274192 0.929320 0.866320 0.453302 0.413326 0.607499 0.701638 0.492113 0.861537 0.285117 0.513938 0.298847 0.330828 0.286542 0.266690 0.575001 0.721639 0.306511 0.333307 0.271153 0.289525 0.801905 0.657864 0.577911 0.433637 0.651048 0.370549 0.363098 0.440741 0.446024 0.887797
0.221669 0.269468 0.000000 0.110149 0.703468 0.493461 0.159655 0.198238 0.383887 0.387948 0.243031 0.260312 0.219882 0.316504 0.287640 0.296182 0.307400 0.248380 0.211404 0.215595 0.397019 0.746448 0.212258 0.219658 0.332470 0.286462 0.986672 0.881055 0.288167 0.259142 0.171189 0.257282 0.190973 0.232669 0.458514 0.663601 0.363554 0.571636 0.508202 0.692006 0.880954 0.622929 0.248511 0.239372 0.316307 0.303696 0.238305 0.268427 0.679095 0.370948 0.457472 0.386116 0.464426 0.426873 0.394285 0.532879 0.356611 0.332772 0.326115 0.326860 0.198466 0.273504 0.306002 0.317684 0.198311 0.174513 0.199556 0.196395 0.362057 0.299534 0.270690 0.353848 0.313538 0.307283 0.732467 0.639089 0.351867 0.310110 0.287205 0.315800 0.241567 0.209522 0.357363 0.310985 0.265884 0.222775 0.859311 0.761433 0.486504 0.414265 0.495923 0.627402 0.447878 0.723857 0.363724 0.554535 0.369553 0.545236 0.384830 0.359052 0.545950 0.607518 0.469156 0.388628 0.340381 0.390662 0.904936 0.698607 0.647591 0.534645 0.737711 0.491370 0.389312 0.584227 0.510135 0.965752
0.175564 0.220894 0.110149 0.000000 0.678244 0.440670 0.133082 0.142519 0.355806 0.325799 0.238024 0.202488 0.167546 0.254875 0.227005 0.233285 0.247829 0.205657 0.174687 0.192993 0.354616 0.709928 0.168911 0.206352 0.372721 0.308211 0.958504 0.884095 0.229780 0.209208 0.159788 0.227223 0.150734 0.169276 0.378222 0.615136 0.329237 0.517571 0.519169 0.726266 0.824425 0.589818 0.198434 0.186286 0.234590 0.230899 0.181078 0.224910 0.603531 0.323548 0.392872 0.317288 0.431083 0.411272 0.366198 0.495161 0.283984 0.274054 0.250493 0.272625 0.148335 0.214862 0.239858 0.239919 0.194534 0.165953 0.160192 0.144041 0.337925 0.274328 0.224650 0.304454 0.311793 0.356619 0.652558 0.622241 0.327503 0.292403 0.241553 0.282713 0.186649 0.163538 0.307281 0.242896 0.207496 0.187314 0.899838 0.761245 0.469619 0.378099 0.461469 0.599103 0.400767 0.705713 0.343645 0.516513 0.327152 0.495474 0.305279 0.281283 0.513486 0.592720 0.373076 0.312955 0.280734 0.329910 0.895383 0.702890 0.653415 0.527082 0.658222 0.403192 0.338215 0.506719 0.449958 0.959994
0.707693 0.707201 0.703468 0.678244 0.000000 0.652437 0.673761 0.664199 0.812908 0.754506 0.791006 0.713522 0.634828 0.740139 0.659795 0.656530 0.777702 0.783565 0.713761 0.794294 0.665794 0.751191 0.654460 0.672609 0.887669 0.844520 0.746643 0.789680 0.717865 0.755443 0.740313 0.895401 0.705783 0.711082 0.777593 0.890218 0.878818 0.886855 0.753948 0.999656 0.791986 0.921529 0.719776 0.720584 0.650920 0.660552 0.600908 0.665713 0.786255 0.644176 0.606076 0.603584 0.708665 0.532426 0.684951 0.639656 0.808921 0.808463 0.747904 0.709371 0.629974 0.626803 0.699520 0.710112 0.664882 0.638192 0.642190 0.671527 0.880876 0.766165 0.576427 0.672751 0.746025 0.819046 0.934333 0.792453 0.783325 0.833338 0.866816 0.807889 0.686327 0.687160 0.644313 0.705657 0.600057 0.611720 0.859294 0.847583 0.816491 0.669650 0.688428 0.711969 0.673905 0.823548 0.831023 0.775868 0.758395 0.771065 0.703815 0.684950 0.757251 0.880843 0.726807 0.736706 0.616984 0.738830 0.871793 0.767766 0.824618 0.900123 0.881689 0.761162 0.701118 0.744283 0.712905 0.990983
0.465343 0.507726 0.493461 0.440670 0.652437 0.000000 0.389971 0.399842 0.514062 0.433942 0.435982 0.460298 0.421266 0.523008 0.483899 0.436730 0.497084 0.468858 0.465763 0.518232 0.524191 0.980398 0.472616 0.503979 0.751536 0.662189 0.885878 0.810831 0.469761 0.480832 0.457374 0.545667 0.469566 0.468739 0.508003 0.772753 0.634712 0.878163 0.874222 0.964473 0.703823 0.699601 0.447679 0.466375 0.445803 0.447035 0.439888 0.423394 0.852065 0.601473 0.611567 0.536597 0.603553 0.557784 0.661682 0.741242 0.574642 0.586401 0.523421 0.526892 0.441834 0.487203 0.444513 0.489383 0.588642 0.473541 0.377850 0.453496 0.597489 0.540231 0.445425 0.412138 0.588842 0.685609 0.712189 0.744860 0.474731 0.439997 0.452368 0.590938 0.421847 0.424023 0.581512 0.449408 0.505565 0.523218 0.886409 0.853824 0.804609 0.646881 0.467707 0.594703 0.420239 0.683295 0.579007 0.692638 0.479433 0.725369 0.512977 0.486563 0.576052 0.565838 0.537159 0.516601 0.454223 0.556847 0.898363 0.891012 0.914477 0.763560 0.745613 0.563228 0.495575 0.526964 0.592444 0.947754
0.193461 0.217381 0.159655 0.133082 0.673761 0.389971 0.000000 0.127303 0.339609 0.255956 0.180523 0.220458 0.195715 0.284829 0.289626 0.284150 0.190077 0.152683 0.138429 0.184873 0.383065 0.664471 0.256902 0.295868 0.527102 0.435316 0.940942 0.851163 0.217680 0.206215 0.220800 0.236806 0.160048 0.150632 0.492701 0.615144 0.422201 0.595004 0.628202 0.691784 0.796020 0.518027 0.171339 0.134584 0.209742 0.219390 0.203136 0.216740 0.665786 0.397068 0.426899 0.392358 0.502786 0.396158 0.433718 0.600734 0.217911 0.252097 0.254200 0.339343 0.174461 0.296944 0.217546 0.246511 0.304837 0.218402 0.119251 0.147868 0.336843 0.291297 0.217910 0.256670 0.355020 0.371049 0.694154 0.578903 0.280745 0.226096 0.257331 0.276909 0.178958 0.167906 0.321225 0.274632 0.282019 0.272692 0.868103 0.787599 0.523353 0.503642 0.402197 0.507918 0.364998 0.584747 0.304636 0.504155 0.311707 0.455123 0.293923 0.249041 0.479476 0.467424 0.361032 0.253971 0.309859 0.335756 0.959549 0.679487 0.659977 0.514626 0.626565 0.373087 0.269588 0.449072 0.472176 0.943667
0.140495 0.149745 0.198238 0.142519 0.664199 0.399842 0.127303 0.000000 0.393265 0.207471 0.194275 0.136743 0.131078 0.184589 0.191610 0.203926 0.154631 0.136199 0.158691 0.168793 0.417258 0.741002 0.209424 0.269503 0.531941 0.463642 0.898758 0.867346 0.164127 0.155586 0.231243 0.260962 0.139368 0.141176 0.416446 0.570297 0.362862 0.479888 0.617661 0.676119 0.747406 0.482381 0.183349 0.171701 0.185214 0.187794 0.186983 0.185873 0.529311 0.315001 0.345844 0.296875 0.434940 0.396576 0.394504 0.498291 0.174589 0.174672 0.187060 0.247201 0.127613 0.186064 0.159747 0.137004 0.293273 0.223850 0.141957 0.148984 0.384251 0.226650 0.241654 0.293737 0.412961 0.466471 0.688373 0.572157 0.310360 0.232484 0.190723 0.302223 0.140167 0.160439 0.299681 0.242526 0.217792 0.244326 0.919144 0.820252 0.482194 0.384285 0.410853 0.510605 0.333283 0.660721 0.250003 0.423900 0.268072 0.392369 0.228783 0.198667 0.423578 0.553964 0.270266 0.246071 0.233951 0.278597 0.894448 0.604168 0.616256 0.440707 0.589525 0.347969 0.279635 0.420757 0.440015 0.954267
0.435699 0.491309 0.383887 0.355806 0.812908 0.514062 0.339609 0.393265 0.000000 0.459878 0.434509 0.451452 0.412268 0.486129 0.490079 0.428779 0.482800 0.452265 0.419078 0.422316 0.578437 0.814221 0.400739 0.476201 0.652447 0.557012 0.906271 0.881536 0.456335 0.459424 0.430100 0.450940 0.404855 0.411856 0.607171 0.687901 0.512448 0.580217 0.766630 0.700530 0.981486 0.679607 0.393454 0.374629 0.430529 0.417697 0.371543 0.398050 0.731569 0.491412 0.452805 0.470140 0.492655 0.459970 0.590751 0.622054 0.490642 0.533303 0.468093 0.549095 0.394137 0.483033 0.445919 0.497984 0.397093 0.417335 0.338836 0.370111 0.481257 0.531749 0.420637 0.561429 0.478090 0.480006 0.778696 0.596814 0.450394 0.409732 0.484253 0.502015 0.447330 0.443518 0.534282 0.538212 0.456518 0.434756 0.810242 0.865225 0.660852 0.633084 0.449963 0.499399 0.388169 0.558500 0.529391 0.537835 0.522920 0.677828 0.406991 0.408223 0.490144 0.488767 0.502691 0.437637 0.452858 0.506620 0.849128 0.709631 0.796455 0.707316 0.648258 0.557588 0.435648 0.731448 0.506311 0.967242
0.306783 0.310926 0.387948 0.325799 0.754506 0.433942 0.255956 0.207471 0.459878 0.000000 0.282658 0.267912 0.307421 0.322224 0.360944 0.374263 0.252115 0.255677 0.310507 0.320838 0.578927 0.804180 0.395575 0.460930 0.772501 0.616610 0.984003 0.886964 0.285131 0.276426 0.406591 0.357796 0.256521 0.258991 0.488273 0.651420 0.501632 0.559508 0.769619 0.756738 0.863742 0.431722 0.303831 0.304706 0.315243 0.330324 0.374976 0.340227 0.588367 0.468761 0.462483 0.437058 0.568422 0.529110 0.541022 0.646324 0.278862 0.334494 0.301605 0.416695 0.301730 0.339849 0.295063 0.272136 0.460329 0.374722 0.279252 0.296176 0.477831 0.334522 0.374927 0.398521 0.535934 0.585980 0.686696 0.619246 0.390186 0.296042 0.311828 0.390558 0.272140 0.332072 0.462727 0.348647 0.422407 0.442706 0.980961 0.879124 0.640992 0.581277 0.412104 0.475940 0.358064 0.596594 0.372923 0.469328 0.358604 0.402138 0.257189 0.256986 0.401783 0.444286 0.331740 0.274740 0.383970 0.365708 0.971267 0.615504 0.784010 0.531280 0.589127 0.397058 0.367882 0.479814 0.501398 0.976405
0.193588 0.234827 0.243031 0.238024 0.791006 0.435982 0.180523 0.194275 0.434509 0.282658 0.000000 0.184249 0.227078 0.274988 0.322379 0.324459 0.187431 0.148150 0.164087 0.158492 0.495155 0.745866 0.342295 0.348192 0.595267 0.468473 0.986874 0.849831 0.210633 0.164139 0.247965 0.254458 0.219416 0.186562 0.567739 0.631285 0.484878 0.645036 0.630322 0.657005 0.824751 0.620329 0.322163 0.274149 0.327101 0.309972 0.274060 0.285787 0.726813 0.459050 0.512367 0.471296 0.544163 0.514477 0.448366 0.653711 0.239915 0.255098 0.283904 0.348687 0.214805 0.326013 0.198401 0.238316 0.426112 0.299441 0.238255 0.228373 0.344165 0.305605 0.345778 0.359430 0.431272 0.422119 0.691139 0.628511 0.374408 0.266992 0.256428 0.260990 0.177471 0.192555 0.326472 0.288462 0.375380 0.381409 0.826888 0.799576 0.546822 0.584354 0.570606 0.686734 0.523852 0.770932 0.354171 0.561318 0.354269 0.564910 0.397916 0.348095 0.548580 0.584428 0.405944 0.349692 0.420571 0.441011 0.946494 0.730375 0.764249 0.500520 0.697947 0.463764 0.356847 0.510795 0.549070 0.901291
0.126402 0.142913 0.260312 0.202488 0.713522 0.460298 0.220458 0.136743 0.451452 0.267912 0.184249 0.000000 0.117946 0.128708 0.158182 0.167046 0.146663 0.143607 0.175029 0.160830 0.430803 0.754343 0.200783 0.260159 0.552205 0.500779 0.946729 0.863723 0.134597 0.120112 0.223781 0.263539 0.162110 0.172301 0.406291 0.571188 0.384925 0.457625 0.574238 0.678446 0.762821 0.546871 0.299256 0.270832 0.246572 0.235808 0.223472 0.203850 0.544993 0.328039 0.381571 0.312972 0.468097 0.474940 0.399383 0.500890 0.190698 0.178328 0.181376 0.218477 0.133750 0.181921 0.125902 0.111415 0.353259 0.273731 0.225692 0.198532 0.369560 0.219376 0.291192 0.336462 0.414967 0.459474 0.653496 0.601798 0.337839 0.248771 0.183800 0.288112 0.140131 0.178969 0.254770 0.245177 0.229535 0.283140 0.891914 0.862288 0.464764 0.424219 0.605814 0.718830 0.496340 0.909753 0.330432 0.501808 0.333654 0.414282 0.305429 0.266677 0.559212 0.718879 0.299976 0.350644 0.297846 0.276915 0.832361 0.659615 0.634365 0.390265 0.624157 0.431582 0.364266 0.429548 0.459300 0.949818
0.131862 0.158881 0.219882 0.167546 0.634828 0.421266 0.195715 0.131078 0.412268 0.307421 0.227078 0.117946 0.000000 0.114277 0.102628 0.114139 0.178759 0.182092 0.182840 0.201161 0.377427 0.740665 0.127131 0.173240 0.478027 0.458451 0.948497 0.911161 0.160670 0.158275 0.185701 0.264432 0.161821 0.177520 0.389254 0.569231 0.339568 0.437066 0.539144 0.667777 0.712216 0.557912 0.243469 0.234720 0.225598 0.215348 0.195982 0.184115 0.558904 0.303819 0.323054 0.272637 0.407124 0.415242 0.352731 0.483188 0.217438 0.209241 0.185651 0.238076 0.106031 0.173322 0.126170 0.127697 0.253408 0.228242 0.173405 0.167887 0.439669 0.252008 0.251536 0.297271 0.416225 0.481963 0.682008 0.573090 0.320061 0.251194 0.206899 0.325615 0.145933 0.188909 0.195254 0.262727 0.153889 0.196318 0.837580 0.768210 0.447922 0.362014 0.531438 0.649491 0.412899 0.844585 0.349315 0.508830 0.328966 0.428452 0.304291 0.277284 0.530205 0.691541 0.293997 0.372835 0.255892 0.266818 0.814372 0.591408 0.587955 0.438790 0.644621 0.424930 0.353447 0.445959 0.399742 0.974796
0.179219 0.181245 0.316504 0.254875 0.740139 0.523008 0.284829 0.184589 0.486129 0.322224 0.274988 0.128708 0.114277 0.000000 0.113935 0.126740 0.197583 0.211458 0.229500 0.248632 0.437114 0.753148 0.172662 0.212343 0.523746 0.516886 0.979459 0.877743 0.171004 0.176072 0.241319 0.300192 0.219484 0.229496 0.401553 0.605007 0.363219 0.404882 0.580067 0.652189 0.748504 0.526724 0.311542 0.298216 0.286068 0.287088 0.267854 0.242083 0.530190 0.359652 0.355549 0.315125 0.481667 0.494374 0.428903 0.552149 0.223016 0.216514 0.198236 0.281876 0.166886 0.232848 0.146664 0.126209 0.333030 0.329843 0.247118 0.231885 0.497714 0.274937 0.307917 0.354210 0.514034 0.556569 0.695422 0.608402 0.340065 0.270642 0.224992 0.372689 0.200245 0.275665 0.215192 0.338098 0.212033 0.271766 0.887915 0.829297 0.484113 0.415679 0.621146 0.717329 0.477248 0.904171 0.365674 0.517208 0.405073 0.389386 0.332524 0.313781 0.565729 0.764940 0.273386 0.430053 0.287148 0.280887 0.832302 0.580384 0.574174 0.423277 0.605287 0.474320 0.441140 0.482928 0.421569 0.972254
0.192347 0.222581 0.287640 0.227005 0.659795 0.483899 0.289626 0.191610 0.490079 0.360944 0.322379 0.158182 0.102628 0.113935 0.000000 0.115310 0.253821 0.267252 0.269487 0.287186 0.422468 0.754765 0.126064 0.183505 0.473058 0.467940 0.997458 0.899247 0.215846 0.214884 0.219875 0.303036 0.221254 0.253652 0.360932 0.633827 0.340374 0.430540 0.552089 0.680851 0.690126 0.591735 0.304797 0.301814 0.271481 0.271093 0.253817 0.225288 0.517750 0.317507 0.325767 0.276776 0.412346 0.444364 0.368166 0.471357 0.291199 0.273384 0.232211 0.274820 0.152399 0.204180 0.182112 0.166729 0.258466 0.280716 0.239180 0.233459 0.532126 0.313344 0.296774 0.369409 0.451647 0.545501 0.675421 0.630257 0.356984 0.302536 0.261850 0.400897 0.213072 0.263643 0.228805 0.336660 0.164531 0.217675 0.872032 0.731917 0.449068 0.334988 0.581519 0.693261 0.447397 0.910873 0.395639 0.546591 0.380308 0.431340 0.323738 0.309392 0.557321 0.758384 0.298956 0.443144 0.272159 0.258924 0.776068 0.572910 0.608666 0.479561 0.672459 0.468773 0.437714 0.511896 0.412849 0.942754
0.204355 0.218894 0.296182 0.233285 0.656530 0.436730 0.284150 0.203926 0.428779 0.374263 0.324459 0.167046 0.114139 0.126740 0.115310 0.000000 0.254965 0.267966 0.256537 0.297675 0.400690 0.803585 0.116759 0.165988 0.459445 0.487806 0.976655 0.873853 0.214103 0.223072 0.205813 0.291933 0.226236 0.263108 0.393729 0.621837 0.385055 0.431288 0.559111 0.683235 0.678400 0.566045 0.289509 0.298741 0.292870 0.277857 0.249458 0.230867 0.602555 0.338734 0.339052 0.289208 0.407108 0.403291 0.414186 0.496200 0.297463 0.288099 0.234968 0.291748 0.165057 0.239475 0.180511 0.171228 0.292106 0.294822 0.227345 0.247938 0.464076 0.308596 0.242393 0.300519 0.426775 0.529714 0.643155 0.620377 0.354676 0.289934 0.250714 0.371823 0.208410 0.264577 0.218323 0.322471 0.182778 0.210736 0.880494 0.793503 0.476837 0.415416 0.565940 0.671186 0.414498 0.883371 0.408003 0.531080 0.417883 0.443954 0.373527 0.357689 0.580669 0.710446 0.329626 0.466694 0.274351 0.287136 0.771022 0.653389 0.606457 0.509163 0.714667 0.519296 0.453218 0.469606 0.428240 0.983487
0.138934 0.145321 0.307400 0.247829 0.777702 0.497084 0.190077 0.154631 0.482800 0.252115 0.187431 0.146663 0.178759 0.197583 0.253821 0.254965 0.000000 0.109046 0.132857 0.158545 0.492184 0.689775 0.279284 0.351586 0.601745 0.538224 0.912345 0.898588 0.133327 0.125843 0.271596 0.231424 0.161624 0.142401 0.490815 0.525920 0.413879 0.558137 0.622306 0.616384 0.750630 0.470070 0.256338 0.200908 0.241598 0.238710 0.241025 0.224578 0.605876 0.377257 0.417201 0.365004 0.484129 0.475812 0.407141 0.560120 0.118679 0.150723 0.164146 0.268163 0.190785 0.293273 0.134409 0.140039 0.430897 0.340292 0.204315 0.198888 0.324243 0.208910 0.276541 0.267070 0.447435 0.468012 0.671810 0.566260 0.313331 0.259689 0.172539 0.222822 0.124427 0.178871 0.307658 0.251501 0.286977 0.339638 0.878008 0.850125 0.480249 0.525562 0.575994 0.679872 0.500695 0.811041 0.303409 0.525284 0.317973 0.355785 0.291801 0.246986 0.606182 0.668873 0.301194 0.291535 0.337890 0.306039 0.901677 0.655060 0.634506 0.382305 0.602489 0.372114 0.338774 0.402082 0.500391 0.976944
0.136550 0.142856 0.248380 0.205657 0.783565 0.468858 0.152683 0.136199 0.452265 0.255677 0.148150 0.143607 0.182092 0.211458 0.267252 0.267966 0.109046 0.000000 0.105838 0.119899 0.468853 0.700706 0.294496 0.348299 0.566153 0.484379 0.900498 0.864353 0.125462 0.114282 0.252184 0.228621 0.150429 0.133801 0.491749 0.583515 0.400208 0.553821 0.617060 0.591890 0.831132 0.469741 0.231999 0.179237 0.232030 0.219489 0.206300 0.201282 0.591931 0.381441 0.420560 0.376151 0.505898 0.477891 0.416910 0.546464 0.120483 0.130635 0.183554 0.270722 0.172401 0.289796 0.123651 0.135147 0.413933 0.316216 0.190289 0.189566 0.313751 0.229817 0.287426 0.290044 0.449004 0.437568 0.651286 0.589398 0.321966 0.243326 0.179378 0.231236 0.124819 0.145105 0.294895 0.229189 0.288303 0.330873 0.885921 0.873755 0.499263 0.496688 0.539600 0.650417 0.477071 0.776937 0.311588 0.480802 0.312730 0.401110 0.280561 0.246579 0.557142 0.641072 0.311530 0.273461 0.313097 0.321691 0.939649 0.675892 0.644456 0.401801 0.646218 0.361038 0.291583 0.423470 0.457963 0.989611
0.141228 0.152626 0.211404 0.174687 0.713761 0.465763 0.138429 0.158691 0.419078 0.310507 0.164087 0.175029 0.182840 0.229500 0.269487 0.256537 0.132857 0.105838 0.000000 0.127134 0.420253 0.681603 0.262930 0.300267 0.478950 0.441751 0.903121 0.874206 0.161488 0.128847 0.208610 0.234737 0.166342 0.133539 0.457213 0.557934 0.399125 0.560568 0.561232 0.625065 0.823515 0.483414 0.222394 0.174315 0.244378 0.231491 0.197825 0.209054 0.624895 0.351839 0.412487 0.368760 0.499401 0.424588 0.395944 0.562026 0.171781 0.181861 0.207239 0.290895 0.176719 0.313184 0.152075 0.177353 0.364418 0.300469 0.181395 0.192095 0.279416 0.226391 0.239639 0.247824 0.381623 0.385935 0.671667 0.546414 0.326836 0.261345 0.221639 0.206200 0.132340 0.143307 0.312607 0.250932 0.269061 0.304894 0.854309 0.823346 0.507711 0.520416 0.540449 0.658309 0.486753 0.759886 0.310134 0.512028 0.349068 0.426193 0.307007 0.296435 0.598656 0.647331 0.340258 0.304598 0.323154 0.347332 0.842621 0.698545 0.611836 0.442255 0.666867 0.378577 0.338489 0.464747 0.468383 0.963053
0.135419 0.154832 0.215595 0.192993 0.794294 0.518232 0.184873 0.168793 0.422316 0.320838 0.158492 0.160830 0.201161 0.248632 0.287186 0.297675 0.158545 0.119899 0.127134 0.000000 0.482865 0.724795 0.287425 0.322824 0.505548 0.415095 0.920943 0.885943 0.164058 0.130864 0.229062 0.222338 0.161519 0.148479 0.479772 0.617087 0.404102 0.561285 0.578023 0.618747 0.898012 0.559877 0.277572 0.226594 0.285081 0.254053 0.224704 0.212561 0.605474 0.355088 0.453289 0.391812 0.508273 0.511439 0.422664 0.539402 0.181106 0.166899 0.210349 0.261745 0.190177 0.276373 0.175210 0.186855 0.394276 0.303633 0.236149 0.203522 0.285829 0.220000 0.312320 0.347428 0.372125 0.389816 0.678983 0.580700 0.358820 0.289080 0.217340 0.245031 0.153088 0.146264 0.343103 0.265809 0.309741 0.344124 0.789415 0.864384 0.459830 0.487415 0.623837 0.754551 0.570996 0.879860 0.335707 0.549151 0.341916 0.480996 0.334291 0.301176 0.557744 0.710797 0.402478 0.343283 0.371018 0.360298 0.859866 0.695777 0.628272 0.425071 0.657142 0.408587 0.352845 0.509998 0.475831 0.957976
0.451190 0.446746 0.397019 0.354616 0.665794 0.524191 0.383065 0.417258 0.578437 0.578927 0.495155 0.430803 0.377427 0.437114 0.422468 0.400690 0.492184 0.468853 0.420253 0.482865 0.000000 0.815086 0.376936 0.374305 0.564324 0.550050 0.954199 0.890625 0.488544 0.491459 0.381713 0.545660 0.409987 0.408507 0.518212 0.756160 0.506169 0.587406 0.583769 0.756446 0.739457 0.770962 0.426208 0.397652 0.416276 0.420752 0.374033 0.398186 0.735693 0.469752 0.579076 0.519984 0.634049 0.545050 0.568819 0.696420 0.523463 0.498344 0.462428 0.468594 0.408536 0.473705 0.454080 0.459683 0.453333 0.451784 0.419169 0.405681 0.634400 0.559624 0.362947 0.388647 0.595786 0.623542 0.731076 0.716127 0.445273 0.395322 0.507677 0.498823 0.453659 0.427150 0.399925 0.457486 0.407640 0.448738 0.954038 0.872758 0.676023 0.543977 0.620445 0.750693 0.530630 0.843171 0.533219 0.636873 0.456333 0.629268 0.563585 0.515476 0.713394 0.674964 0.464886 0.485822 0.450011 0.488887 0.839892 0.693939 0.630024 0.749640 0.685921 0.681906 0.611846 0.655416 0.606402 0.975145
0.747817 0.776374 0.746448 0.709928 0.751191 0.980398 0.664471 0.741002 0.814221 0.804180 0.745866 0.754343 0.740665 0.753148 0.754765 0.803585 0.689775 0.700706 0.681603 0.724795 0.815086 0.000000 0.777174 0.798165 0.982900 0.834875 0.862164 0.759632 0.683071 0.730702 0.818677 0.672216 0.667773 0.712714 0.881522 0.887567 0.841772 0.883208 0.850137 0.803607 0.973526 0.941439 0.723760 0.662649 0.711993 0.716111 0.753270 0.771473 0.831435 0.811591 0.769067 0.807466 0.899047 0.754320 0.737263 0.838666 0.703161 0.751014 0.788805 0.812120 0.691989 0.802536 0.733210 0.755258 0.737745 0.711891 0.700070 0.641188 0.824877 0.836934 0.756118 0.765792 0.778094 0.701815 0.969829 0.806554 0.750889 0.776102 0.875109 0.693298 0.737826 0.716545 0.757092 0.786751 0.765885 0.708738 0.907917 0.835110 0.723555 0.791460 0.830924 0.895935 0.889001 0.857495 0.795393 0.904878 0.910774 0.806334 0.734205 0.667152 0.873497 0.912166 0.786792 0.705205 0.834440 0.722672 0.824800 0.830477 0.863704 0.788725 0.780075 0.741056 0.790326 0.707424 0.724262 0.915950
0.204111 0.235926 0.212258 0.168911 0.654460 0.472616 0.256902 0.209424 0.400739 0.395575 0.342295 0.200783 0.127131 0.172662 0.126064 0.116759 0.279284 0.294496 0.262930 0.287425 0.376936 0.777174 0.000000 0.138070 0.351803 0.364649 0.936724 0.912788 0.239696 0.252392 0.151096 0.254995 0.195205 0.251797 0.366534 0.603469 0.324136 0.443004 0.508056 0.701537 0.743482 0.584028 0.267964 0.277992 0.287071 0.273705 0.233772 0.236867 0.597727 0.319889 0.359362 0.284469 0.382013 0.415130 0.363248 0.469448 0.327107 0.313642 0.245395 0.274509 0.161450 0.215448 0.219035 0.218556 0.198408 0.234670 0.202325 0.210235 0.451273 0.290405 0.225738 0.311051 0.357779 0.455398 0.682165 0.627319 0.318148 0.311166 0.259510 0.359132 0.207482 0.244635 0.238452 0.291530 0.136276 0.154592 0.892487 0.733479 0.418519 0.338822 0.560906 0.693285 0.432944 0.883773 0.383841 0.536500 0.386969 0.459594 0.363127 0.350733 0.604393 0.734388 0.363104 0.448241 0.293329 0.278656 0.770230 0.645846 0.599965 0.523340 0.707051 0.508717 0.439031 0.526510 0.392986 0.975133
0.254222 0.296988 0.219658 0.206352 0.672609 0.503979 0.295868 0.269503 0.476201 0.460930 0.348192 0.260159 0.173240 0.212343 0.183505 0.165988 0.351586 0.348299 0.300267 0.322824 0.374305 0.798165 0.138070 0.000000 0.334231 0.324740 0.975407 0.899990 0.288401 0.287896 0.175729 0.289367 0.262342 0.295160 0.385222 0.682021 0.409586 0.511419 0.504790 0.723386 0.791342 0.670135 0.330293 0.341965 0.360821 0.327474 0.290628 0.308786 0.646305 0.381260 0.419814 0.372323 0.425166 0.458008 0.378210 0.539751 0.419925 0.389627 0.317003 0.355201 0.207710 0.280695 0.271645 0.294560 0.241497 0.248332 0.262271 0.262114 0.507798 0.343746 0.290283 0.356698 0.389808 0.447256 0.737281 0.642357 0.395386 0.359062 0.323893 0.368956 0.255256 0.279794 0.249996 0.319593 0.198620 0.181914 0.778951 0.637219 0.468978 0.393647 0.631631 0.761047 0.511854 0.916234 0.443109 0.627893 0.474163 0.548864 0.493455 0.447622 0.606056 0.752821 0.481370 0.538899 0.373742 0.418568 0.826532 0.687717 0.570055 0.583037 0.789892 0.613359 0.490812 0.610725 0.446360 0.989342
0.472582 0.501151 0.332470 0.372721 0.887669 0.751536 0.527102 0.531941 0.652447 0.772501 0.595267 0.552205 0.478027 0.523746 0.473058 0.459445 0.601745 0.566153 0.478950 0.505548 0.564324 0.982900 0.351803 0.334231 0.000000 0.261669 0.900678 0.888182 0.565075 0.536496 0.318808 0.471875 0.472376 0.553266 0.488501 0.779954 0.466365 0.665835 0.510664 0.775637 0.879599 0.740517 0.501535 0.519899 0.629617 0.561281 0.463701 0.525429 0.789540 0.539120 0.640206 0.545186 0.560427 0.646623 0.463716 0.624535 0.631345 0.556235 0.541365 0.499042 0.495751 0.525221 0.567321 0.558470 0.367895 0.471144 0.508411 0.507217 0.529762 0.509960 0.487367 0.528681 0.449869 0.510987 0.772570 0.849953 0.552208 0.612636 0.504522 0.515679 0.492217 0.478417 0.571388 0.537680 0.386748 0.351238 0.955624 0.807826 0.621546 0.482322 0.791808 0.898960 0.684337 0.983658 0.559373 0.798366 0.634544 0.706616 0.695416 0.686816 0.946005 0.928277 0.741646 0.727044 0.529001 0.607322 0.742767 0.893854 0.693806 0.653208 0.980416 0.725343 0.664768 0.896204 0.629626 0.944402
0.440711 0.496700 0.286462 0.308211 0.844520 0.662189 0.435316 0.463642 0.557012 0.616610 0.468473 0.500779 0.458451 0.516886 0.467940 0.487806 0.538224 0.484379 0.441751 0.415095 0.550050 0.834875 0.364649 0.324740 0.261669 0.000000 0.912619 0.815977 0.468749 0.464783 0.295982 0.365161 0.384697 0.420831 0.447309 0.769496 0.406165 0.709275 0.524817 0.634287 0.919153 0.735420 0.427989 0.420489 0.507175 0.446669 0.402657 0.458188 0.682671 0.489317 0.566217 0.503312 0.494515 0.604284 0.489099 0.526714 0.566690 0.527259 0.471509 0.483680 0.419346 0.468597 0.507465 0.528586 0.311135 0.348929 0.417400 0.399453 0.501754 0.486468 0.483167 0.481165 0.366910 0.420025 0.783451 0.774286 0.440223 0.511160 0.513635 0.445675 0.430369 0.404972 0.559712 0.427361 0.392098 0.348577 0.848277 0.747276 0.469746 0.468391 0.684441 0.824277 0.643943 0.900681 0.526488 0.725948 0.552877 0.661501 0.545266 0.514433 0.737358 0.827846 0.648142 0.539733 0.530258 0.611960 0.821615 0.779281 0.771846 0.714333 0.934019 0.622095 0.566476 0.843282 0.505552 0.996752
0.934789 0.888613 0.986672 0.958504 0.746643 0.885878 0.940942 0.898758 0.906271 0.984003 0.986874 0.946729 0.948497 0.979459 0.997458 0.976655 0.912345 0.900498 0.903121 0.920943 0.954199 0.862164 0.936724 0.975407 0.900678 0.912619 0.000000 0.979783 0.911881 0.901814 0.959022 0.927491 0.939646 0.885759 0.980567 0.944022 0.983392 0.873859 0.836132 0.954485 0.912713 0.995257 0.967691 0.965693 0.929362 0.927099 0.981419 0.957771 0.863647 0.919268 0.900261 0.943428 0.951616 0.890219 0.832823 0.879148 0.884391 0.871962 0.929656 0.911169 0.915073 0.888217 0.906168 0.904363 0.977820 0.939279 0.965141 0.956562 0.970443 0.902342 0.948065 0.983666 0.974544 0.976389 0.933257 0.834592 0.953159 0.938090 0.960212 0.998537 0.939554 0.890890 0.951410 0.901954 0.960362 0.955671 0.844142 0.997113 0.936816 0.983598 0.974629 0.958080 0.954770 0.928280 0.979435 0.958034 0.953523 0.925600 0.936460 0.910120 0.983234 0.995641 0.952211 0.846102 0.841148 0.888573 0.903667 0.983208 0.935565 0.733659 0.986733 0.803969 0.842138 0.936669 0.951875 0.814518
0.918364 0.920325 0.881055 0.884095 0.789680 0.810831 0.851163 0.867346 0.881536 0.886964 0.849831 0.863723 0.911161 0.877743 0.899247 0.873853 0.898588 0.864353 0.874206 0.885943 0.890625 0.759632 0.912788 0.899990 0.888182 0.815977 0.979783 0.000000 0.852544 0.899191 0.916117 0.907714 0.815626 0.924642 0.949949 0.975898 0.935283 0.960258 0.972908 0.808712 0.902043 0.970699 0.886322 0.835977 0.957773 0.916792 0.852830 0.931088 0.992892 0.934233 0.985598 0.982387 0.976940 0.966356 0.981903 0.967218 0.889827 0.895095 0.931710 0.945678 0.882431 0.922168 0.852129 0.859880 0.936644 0.891159 0.888682 0.875731 0.899320 0.962004 0.875976 0.836308 0.867141 0.969836 0.886071 0.871225 0.766859 0.840755 0.956922 0.918515 0.890527 0.895917 0.970358 0.959901 0.929330 0.901254 0.976649 0.853183 0.900125 0.928813 0.827111 0.890339 0.889530 0.858517 0.915418 0.973015 0.962459 0.821287 0.901140 0.805890 0.965227 0.854527 0.974718 0.816774 0.823572 0.994673 0.878859 0.919839 0.871841 0.883109 0.922081 0.806313 0.916562 0.954928 0.825287 0.997475
0.158763 0.152171 0.288167 0.229780 0.717865 0.469761 0.217680 0.164127 0.456335 0.285131 0.210633 0.134597 0.160670 0.171004 0.215846 0.214103 0.133327 0.125462 0.161488 0.164058 0.488544 0.683071 0.239696 0.288401 0.565075 0.468749 0.911881 0.852544 0.000000 0.114826 0.224559 0.247479 0.161736 0.158084 0.434641 0.605834 0.375519 0.557870 0.597845 0.603588 0.800031 0.511296 0.289631 0.232218 0.253927 0.243725 0.223525 0.208071 0.545896 0.367282 0.398198 0.342321 0.465743 0.481443 0.371574 0.481988 0.166587 0.180259 0.184935 0.255129 0.159219 0.255309 0.121598 0.131960 0.386385 0.308746 0.206821 0.201262 0.341396 0.212554 0.298732 0.313216 0.426431 0.449880 0.650577 0.603340 0.323545 0.267985 0.193886 0.253089 0.131385 0.175328 0.283700 0.226155 0.243225 0.302177 0.833610 0.861240 0.466360 0.424269 0.619898 0.727244 0.519365 0.897733 0.326158 0.548707 0.359024 0.406192 0.314965 0.259629 0.569251 0.721832 0.320122 0.322179 0.324265 0.297608 0.882189 0.700170 0.616583 0.411064 0.618917 0.414669 0.338006 0.405552 0.424208 0.967214
0.133703 0.154451 0.259142 0.209208 0.755443 0.480832 0.206215 0.155586 0.459424 0.276426 0.164139 0.120112 0.158275 0.176072 0.214884 0.223072 0.125843 0.114282 0.128847 0.130864 0.491459 0.730702 0.252392 0.287896 0.536496 0.464783 0.901814 0.899191 0.114826 0.000000 0.214962 0.225860 0.169259 0.129958 0.446443 0.592751 0.377945 0.538157 0.581771 0.647215 0.830059 0.556143 0.322040 0.249428 0.283900 0.265155 0.243106 0.226960 0.614931 0.365118 0.432926 0.367779 0.474811 0.471317 0.372240 0.527876 0.178430 0.175267 0.213861 0.287003 0.169766 0.272543 0.131996 0.135723 0.398465 0.328229 0.228439 0.225998 0.314117 0.208344 0.293478 0.320403 0.410983 0.420921 0.592853 0.566068 0.380536 0.273324 0.191148 0.232262 0.125857 0.150228 0.288773 0.223151 0.280787 0.318184 0.788293 0.789504 0.479610 0.478150 0.614000 0.735946 0.537489 0.874406 0.333313 0.568060 0.366209 0.430960 0.331344 0.305082 0.572224 0.690164 0.321757 0.334199 0.365877 0.328988 0.838867 0.699041 0.678287 0.414462 0.666037 0.448309 0.377291 0.469118 0.481824 0.960422
0.203562 0.235262 0.171189 0.159788 0.740313 0.457374 0.220800 0.231243 0.430100 0.406591 0.247965 0.223781 0.185701 0.241319 0.219875 0.205813 0.271596 0.252184 0.208610 0.229062 0.381713 0.818677 0.151096 0.175729 0.318808 0.295982 0.959022 0.916117 0.224559 0.214962 0.000000 0.206283 0.191339 0.204069 0.386805 0.649413 0.320909 0.539399 0.501182 0.752072 0.777237 0.641340 0.296812 0.254507 0.318621 0.288302 0.245234 0.251283 0.669163 0.372130 0.454651 0.372324 0.432589 0.460848 0.348857 0.516296 0.331640 0.307419 0.270187 0.294465 0.181679 0.271697 0.246222 0.267826 0.243717 0.222768 0.208110 0.214802 0.311026 0.260584 0.259703 0.292662 0.301254 0.345734 0.605272 0.710655 0.352046 0.284949 0.266887 0.297422 0.197618 0.192711 0.286658 0.245619 0.212176 0.203845 0.863351 0.723080 0.444145 0.410622 0.651010 0.795471 0.538134 0.917910 0.375707 0.623318 0.377277 0.553380 0.440953 0.410702 0.633400 0.674284 0.444849 0.437020 0.387550 0.377552 0.812580 0.796853 0.630401 0.493596 0.818441 0.515252 0.440927 0.515044 0.471045 0.985630
0.248951 0.286731 0.257282 0.227223 0.895401 0.545667 0.236806 0.260962 0.450940 0.357796 0.254458 0.263539 0.264432 0.300192 0.303036 0.291933 0.231424 0.228621 0.234737 0.222338 0.545660 0.672216 0.254995 0.289367 0.471875 0.365161 0.927491 0.907714 0.247479 0.225860 0.206283 0.000000 0.208195 0.209762 0.523092 0.714915 0.406828 0.634408 0.518390 0.686401 0.859648 0.625294 0.312319 0.246897 0.352709 0.350926 0.327676 0.306763 0.753059 0.495203 0.549512 0.497180 0.519690 0.571381 0.464915 0.632853 0.283506 0.309806 0.299068 0.391091 0.256189 0.384560 0.275762 0.299087 0.364694 0.310538 0.255673 0.246991 0.337597 0.327592 0.337919 0.331641 0.382746 0.401360 0.648723 0.677019 0.383257 0.309659 0.277271 0.261075 0.235288 0.245625 0.378755 0.285025 0.337517 0.302551 0.882634 0.776142 0.464657 0.524287 0.640310 0.810458 0.593847 0.887177 0.438153 0.649236 0.458253 0.548939 0.424207 0.387197 0.645309 0.688455 0.508097 0.400107 0.472494 0.392329 0.958284 0.826891 0.722527 0.549824 0.749211 0.491378 0.441256 0.530115 0.475402 0.970874
0.150693 0.175656 0.190973 0.150734 0.705783 0.469566 0.160048 0.139368 0.404855 0.256521 0.219416 0.162110 0.161821 0.219484 0.221254 0.226236 0.161624 0.150429 0.166342 0.161519 0.409987 0.667773 0.195205 0.262342 0.472376 0.384697 0.939646 0.815626 0.161736 0.169259 0.191339 0.208195 0.000000 0.164933 0.422224 0.566499 0.386366 0.525773 0.566055 0.646348 0.840151 0.556642 0.218980 0.190014 0.239045 0.219834 0.203845 0.220706 0.569151 0.359360 0.398978 0.353751 0.466548 0.452323 0.370672 0.470053 0.196400 0.194019 0.189193 0.264672 0.152705 0.234778 0.170178 0.174675 0.299230 0.242301 0.178368 0.150674 0.306602 0.226122 0.230081 0.273835 0.353830 0.415761 0.660068 0.613152 0.302002 0.231274 0.183851 0.244441 0.131638 0.151214 0.288555 0.241280 0.220705 0.231469 0.884809 0.826829 0.443476 0.410891 0.506662 0.624943 0.445300 0.790516 0.341391 0.480325 0.284515 0.392892 0.274919 0.227366 0.569221 0.593538 0.361334 0.266007 0.313046 0.305149 0.881483 0.649443 0.616706 0.409656 0.647640 0.383530 0.338863 0.436512 0.442355 0.981824
0.148467 0.171193 0.232669 0.169276 0.711082 0.468739 0.150632 0.141176 0.411856 0.258991 0.186562 0.172301 0.177520 0.229496 0.253652 0.263108 0.142401 0.133801 0.133539 0.148479 0.408507 0.712714 0.251797 0.295160 0.553266 0.420831 0.885759 0.924642 0.158084 0.129958 0.204069 0.209762 0.164933 0.000000 0.436713 0.602914 0.339782 0.514617 0.567307 0.664985 0.831163 0.548684 0.240791 0.172933 0.219427 0.210462 0.192168 0.224171 0.608720 0.340772 0.411168 0.356534 0.478286 0.462876 0.407877 0.528980 0.170150 0.183801 0.195853 0.282039 0.153439 0.254212 0.162134 0.169928 0.332912 0.243909 0.167322 0.163612 0.338861 0.228855 0.279047 0.277747 0.363991 0.422408 0.598195 0.554550 0.338388 0.236047 0.221192 0.220941 0.148151 0.148380 0.296357 0.209961 0.251263 0.281145 0.849828 0.742282 0.461129 0.459069 0.556560 0.692579 0.498228 0.776972 0.309769 0.503438 0.343047 0.427582 0.276583 0.257048 0.527655 0.617620 0.306865 0.262907 0.345071 0.346114 0.847900 0.654938 0.639785 0.489152 0.665887 0.362717 0.339664 0.450074 0.441003 0.947256
0.390724 0.441033 0.458514 0.378222 0.777593 0.508003 0.492701 0.416446 0.607171 0.488273 0.567739 0.406291 0.389254 0.401553 0.360932 0.393729 0.490815 0.491749 0.457213 0.479772 0.518212 0.881522 0.366534 0.385222 0.488501 0.447309 0.980567 0.949949 0.434641 0.446443 0.386805 0.523092 0.422224 0.436713 0.000000 0.661026 0.435378 0.590452 0.680826 0.923377 0.725169 0.610875 0.446025 0.491381 0.439976 0.389650 0.418804 0.439844 0.506511 0.346641 0.450517 0.367230 0.478927 0.550131 0.408099 0.494713 0.569618 0.477433 0.414593 0.370036 0.389159 0.383056 0.437489 0.424665 0.401916 0.414879 0.445608 0.418953 0.561424 0.398401 0.497880 0.512547 0.454228 0.572025 0.620334 0.709039 0.502578 0.496179 0.422983 0.512708 0.395285 0.388286 0.527224 0.447029 0.318306 0.367701 0.990436 0.759193 0.574573 0.451568 0.698531 0.800166 0.603025 0.890340 0.561782 0.689063 0.468781 0.619963 0.472144 0.465773 0.687388 0.856736 0.519803 0.601768 0.430736 0.481207 0.791565 0.694852 0.643257 0.690799 0.680125 0.492739 0.602919 0.750084 0.575774 0.949279
0.539770 0.535525 0.663601 0.615136 0.890218 0.772753 0.615144 0.570297 0.687901 0.651420 0.631285 0.571188 0.569231 0.605007 0.633827 0.621837 0.525920 0.583515 0.557934 0.617087 0.756160 0.887567 0.603469 0.682021 0.779954 0.769496 0.944022 0.975898 0.605834 0.592751 0.649413 0.714915 0.566499 0.602914 0.661026 0.000000 0.660928 0.554294 0.909275 0.789330 0.777786 0.626718 0.586721 0.605672 0.619050 0.605977 0.655420 0.572318 0.736058 0.645220 0.645172 0.577921 0.662269 0.635178 0.756480 0.692634 0.560879 0.552145 0.549638 0.601340 0.613093 0.653486 0.536119 0.555491 0.706232 0.722741 0.595390 0.588299 0.702187 0.538945 0.622606 0.603667 0.770346 0.795521 0.940138 0.732766 0.662165 0.664105 0.547075 0.649995 0.527169 0.598877 0.649794 0.594438 0.599958 0.647975 0.980718 0.947354 0.720949 0.710626 0.744679 0.683531 0.714658 0.779339 0.521585 0.715582 0.644013 0.551605 0.621578 0.650785 0.810185 0.740144 0.576180 0.578145 0.708907 0.681096 0.858912 0.742867 0.700125 0.665542 0.714577 0.658866 0.622447 0.741781 0.630831 0.981024
0.357447 0.344730 0.363554 0.329237 0.878818 0.634712 0.422201 0.362862 0.512448 0.501632 0.484878 0.384925 0.339568 0.363219 0.340374 0.385055 0.413879 0.400208 0.399125 0.404102 0.506169 0.841772 0.324136 0.409586 0.466365 0.406165 0.983392 0.935283 0.375519 0.377945 0.320909 0.406828 0.386366 0.339782 0.435378 0.660928 0.000000 0.447482 0.469320 0.705156 0.864060 0.515987 0.413064 0.371046 0.350393 0.372803 0.374994 0.306301 0.485745 0.377639 0.431145 0.359551 0.472580 0.574671 0.526048 0.477006 0.408126 0.358301 0.336694 0.360578 0.337243 0.357403 0.401045 0.359003 0.325768 0.403742 0.379345 0.340094 0.553573 0.407026 0.506866 0.472073 0.578394 0.565814 0.633820 0.717240 0.449744 0.429701 0.408165 0.478445 0.385088 0.390162 0.501206 0.401711 0.295447 0.322099 0.906588 0.764477 0.448002 0.354636 0.672565 0.782969 0.554516 0.863904 0.410626 0.555603 0.449474 0.498737 0.380325 0.419721 0.575789 0.772067 0.338753 0.447945 0.395628 0.366230 0.795923 0.626308 0.753138 0.590570 0.809629 0.511772 0.581048 0.706480 0.538141 0.897193
0.480694 0.515624 0.571636 0.517571 0.886855 0.878163 0.595004 0.479888 0.580217 0.559508 0.645036 0.457625 0.437066 0.404882 0.430540 0.431288 0.558137 0.553821 0.560568 0.561285 0.587406 0.883208 0.443004 0.511419 0.665835 0.709275 0.873859 0.960258 0.557870 0.538157 0.539399 0.634408 0.525773 0.514617 0.590452 0.554294 0.447482 0.000000 0.657995 0.790224 0.815963 0.677513 0.534853 0.575532 0.564784 0.540782 0.577195 0.496695 0.596676 0.495999 0.504760 0.497328 0.711490 0.644152 0.677441 0.654793 0.522601 0.508482 0.516847 0.529701 0.478218 0.484619 0.480590 0.437882 0.492385 0.578903 0.558411 0.541403 0.824199 0.610152 0.611573 0.695715 0.713925 0.769580 0.827755 0.808246 0.594994 0.580031 0.568353 0.676221 0.568919 0.617689 0.535723 0.625935 0.458376 0.526289 0.868849 0.936268 0.631529 0.585953 0.680198 0.695337 0.588080 0.874885 0.499507 0.535479 0.660344 0.596888 0.494498 0.583629 0.642276 0.769456 0.425056 0.581330 0.510215 0.506951 0.802183 0.634356 0.629893 0.496386 0.826692 0.732474 0.681808 0.747627 0.490232 0.985270
