0.000000 0.358355 0.789431 0.968239 0.743280 0.838939 0.918642 0.725720 0.856786 0.785995 0.532654 0.378005 0.538573 0.511175 0.662039 0.735734 0.475470 0.401227 0.423199 0.343408 0.910332 0.976873 0.712313 0.809342 0.998334 0.676383 0.843186 0.821953 0.491822 0.593445 0.934169 0.982601 0.813714 0.956014 0.945985 0.832404 0.683919 0.887534 0.836150 0.775672 0.925834 0.823589 0.907620 0.876503 0.953683 0.767948 0.673552 0.701244 0.526194 0.607565 0.843007 0.889107 0.998881 0.750699 0.733238 0.992889 0.346541 0.451475 0.568021 0.660544 0.922890 0.701079 0.533308 0.410229 0.907173 0.804582 0.795419 0.740382 0.433669 0.497506 0.932172 0.812449 0.987461 0.872693 0.925418 0.922707 0.857130 0.832739 0.981955 0.826944 0.488277 0.446279 0.555419 0.631302 0.419480 0.753789 0.932147 0.699932 0.744431 0.507677 0.845916 0.727669 0.731332 0.661737 0.980145 0.961216 0.931498 0.974718 0.891833 0.881652 0.863974 0.730322 0.929966 0.964206 0.966184 0.881990 0.868778 0.781613 0.811028 0.914266 0.917575 0.794602 0.812672 0.924247 0.964446 0.958993
0.358355 0.000000 0.553394 0.856489 0.838871 0.694291 0.666708 0.807052 0.703962 0.803388 0.833999 0.386604 0.768416 0.511185 0.714754 0.665724 0.369674 0.359021 0.512899 0.375587 0.957976 0.952815 0.755270 0.800407 0.901087 0.623985 0.867382 0.723997 0.479432 0.523132 0.786625 0.970281 0.989238 0.996712 0.747502 0.828524 0.802334 0.860639 0.852784 0.692568 0.953618 0.896375 0.957908 0.835175 0.897212 0.665671 0.683413 0.759048 0.320490 0.485081 0.850622 0.887878 0.958810 0.666281 0.760499 0.945821 0.273635 0.276458 0.901612 0.817651 0.786216 0.743622 0.762952 0.511029 0.707262 0.675716 0.530662 0.605993 0.583243 0.446673 0.685599 0.535657 0.786535 0.708204 0.937352 0.977122 0.955656 0.783611 0.864824 0.756537 0.446299 0.361504 0.443606 0.490540 0.402313 0.677907 0.943860 0.603186 0.965662 0.684991 0.521674 0.485015 0.484666 0.416839 0.932791 0.966477 0.913070 0.995697 0.866767 0.906992 0.679010 0.502853 0.861883 0.742441 0.786070 0.846038 0.972805 0.607919 0.835240 0.950985 0.920356 0.938808 0.822119 0.960691 0.920587 0.875439
0.789431 0.553394 0.000000 0.443214 0.996777 0.560125 0.328464 0.605589 0.795701 0.875201 0.897677 0.799819 0.743508 0.941215 0.908351 0.967419 0.840459 0.784926 0.951404 0.835738 0.762672 0.890376 0.865042 0.918371 0.854192 0.510040 0.811684 0.835293 0.884885 0.988652 0.419471 0.474104 0.461896 0.520093 0.512134 0.806160 0.983454 0.791654 0.917813 0.913869 0.848332 0.880384 0.519966 0.639509 0.601167 0.790756 0.681643 0.642910 0.669776 0.961637 0.662887 0.687205 0.596076 0.423344 0.835992 0.976704 0.701400 0.556388 0.898638 0.996092 0.503055 0.974479 0.691601 0.961229 0.362270 0.503808 0.305221 0.371229 0.711650 0.759141 0.492212 0.478846 0.538375 0.558952 0.891929 0.893275 0.733013 0.582626 0.933178 0.992916 0.910939 0.751506 0.782811 0.824782 0.827103 0.965205 0.931591 0.989852 0.938697 0.994337 0.447880 0.590067 0.531099 0.619951 0.752024 0.855259 0.709704 0.966593 0.581519 0.521782 0.532267 0.531633 0.586291 0.564719 0.570530 0.520638 0.981566 0.719004 0.987259 0.703586 0.660889 0.726846 0.717915 0.753257 0.674553 0.986085
0.968239 0.856489 0.443214 0.000000 0.997767 0.728874 0.469427 0.436886 0.924602 0.728799 0.984283 0.948294 0.786635 0.682049 0.784667 0.742210 0.993688 0.991133 0.804122 0.890719 0.765169 0.842508 0.642710 0.655397 0.758544 0.535297 0.887724 0.952690 0.901988 0.821738 0.350679 0.432018 0.529773 0.514770 0.690899 0.875345 0.928792 0.877127 0.871356 0.893029 0.739968 0.887343 0.472142 0.571989 0.550666 0.637521 0.596633 0.591106 0.962063 0.800976 0.516360 0.501874 0.518685 0.495334 0.813824 0.910209 0.895395 0.813971 0.991752 0.959073 0.735913 0.871421 0.681323 0.912802 0.481020 0.486852 0.560144 0.534677 0.829262 0.868626 0.589758 0.548934 0.549691 0.663497 0.799614 0.906751 0.576566 0.527717 0.783101 0.851736 0.904891 0.961090 0.916962 0.976058 0.873579 0.693954 0.906057 0.826029 0.890953 0.918608 0.632073 0.803631 0.695639 0.892481 0.628371 0.845560 0.753161 0.866454 0.638796 0.626928 0.711507 0.699679 0.696050 0.755568 0.635644 0.507826 0.914843 0.854746 0.980819 0.855505 0.654773 0.771412 0.655123 0.799281 0.861751 0.910877
0.743280 0.838871 0.996777 0.997767 0.000000 0.950858 0.888350 0.857620 0.875369 0.881864 0.795490 0.749486 0.718838 0.708206 0.616854 0.647891 0.842240 0.849314 0.730131 0.776139 0.937188 0.965869 0.654984 0.611045 0.941782 0.846303 0.698634 0.740111 0.800323 0.800873 0.968492 0.953171 0.804657 0.903010 0.994978 0.877261 0.985577 0.863375 0.912967 0.964799 0.999963 0.932389 0.885745 0.856286 0.861755 0.885696 0.946538 0.825223 0.737455 0.755581 0.814923 0.846904 0.824984 0.999130 0.794823 0.982903 0.842604 0.973496 0.904825 0.997802 0.953187 0.715192 0.910720 0.825687 0.934177 0.986640 0.999990 0.916231 0.799568 0.805922 0.890981 0.979382 0.884896 0.894548 0.972311 0.975296 0.874155 0.847005 0.908590 0.941788 0.857596 0.897810 0.807449 0.831399 0.683669 0.735564 0.804534 0.669820 0.731259 0.823395 0.938501 0.975470 0.931091 0.954100 0.899617 0.951814 0.960516 0.944109 0.927578 0.850910 0.916406 0.955556 0.940799 0.900109 0.895552 0.934791 0.868870 0.965841 0.835295 0.814221 0.981029 0.851816 0.992481 0.962834 0.979702 0.869931
0.838939 0.694291 0.560125 0.728874 0.950858 0.000000 0.488533 0.704676 0.696063 0.807814 0.708959 0.880991 0.849405 0.961547 0.870438 0.880767 0.868040 0.877822 0.969501 0.824708 0.693885 0.994473 0.925381 0.966852 0.915186 0.678480 0.827543 0.905775 0.875257 0.960598 0.660217 0.664961 0.644980 0.714598 0.763094 0.969842 0.950381 0.864034 0.856712 0.979293 0.984648 0.962475 0.609997 0.705804 0.740510 0.854831 0.879311 0.776032 0.815416 0.991325 0.722848 0.759854 0.763330 0.610526 0.900990 0.804750 0.662608 0.558708 0.851076 0.898763 0.541701 0.868342 0.694744 0.902714 0.654317 0.528077 0.496635 0.558389 0.636847 0.751522 0.598222 0.563555 0.792744 0.621850 0.731182 0.732464 0.738855 0.727712 0.928152 0.833391 0.986634 0.815041 0.829309 0.817981 0.847511 0.871316 0.794471 0.888703 0.993756 0.909228 0.610048 0.637491 0.693990 0.670839 0.888401 0.895811 0.821741 0.917201 0.717147 0.604394 0.674066 0.684612 0.654113 0.729906 0.680090 0.702692 0.895925 0.803428 0.968719 0.919491 0.855055 0.728525 0.864361 0.941677 0.677813 0.992899
0.918642 0.666708 0.328464 0.469427 0.888350 0.488533 0.000000 0.461029 0.666763 0.678791 0.762550 0.926306 0.588682 0.808135 0.753400 0.818640 0.920576 0.934757 0.820029 0.847686 0.690077 0.877732 0.819796 0.903840 0.925836 0.566209 0.838367 0.925384 0.919020 0.843686 0.339749 0.433870 0.391529 0.428366 0.551817 0.847878 0.982516 0.727801 0.839677 0.945321 0.905615 0.877027 0.351791 0.462865 0.445802 0.629991 0.658123 0.521765 0.867471 0.885610 0.467557 0.492654 0.480577 0.313784 0.808384 0.879773 0.718268 0.571633 0.804216 0.939294 0.380196 0.856647 0.527886 0.786627 0.460692 0.449038 0.257253 0.326311 0.713390 0.802378 0.427566 0.403551 0.435573 0.430757 0.819269 0.769678 0.545785 0.475949 0.795205 0.849726 0.971668 0.789242 0.887473 0.853719 0.894000 0.982108 0.960055 0.993575 0.949516 0.966277 0.376184 0.488076 0.533256 0.599444 0.698538 0.714264 0.699645 0.795071 0.395737 0.350050 0.419780 0.430345 0.489949 0.474464 0.551848 0.460733 0.934675 0.685469 0.942363 0.746952 0.652140 0.590344 0.646133 0.694459 0.647775 0.955138
0.725720 0.807052 0.605589 0.436886 0.857620 0.704676 0.461029 0.000000 0.899848 0.516674 0.750777 0.582884 0.480839 0.400687 0.608989 0.544605 0.771134 0.793190 0.623120 0.722589 0.769918 0.998739 0.626516 0.683854 0.864890 0.754392 0.916025 0.829014 0.645351 0.667091 0.507508 0.466756 0.492151 0.488499 0.700898 0.951176 0.899116 0.850528 0.797207 0.895497 0.753120 0.945062 0.324512 0.392432 0.368818 0.389203 0.449397 0.407026 0.644383 0.482579 0.410456 0.415436 0.578058 0.618503 0.720198 0.929346 0.870929 0.953827 0.664863 0.696699 0.518879 0.499473 0.415098 0.496463 0.536301 0.503485 0.575896 0.557961 0.911998 0.831900 0.651799 0.714398 0.573812 0.671268 0.772388 0.812544 0.501468 0.669307 0.883970 0.828894 0.707983 0.856729 0.795191 0.929208 0.695141 0.632272 0.978871 0.716301 0.959787 0.687638 0.696593 0.858292 0.784026 0.992183 0.647528 0.791875 0.740038 0.821842 0.477064 0.401852 0.605801 0.797923 0.584676 0.754524 0.620993 0.614397 0.925453 0.869222 0.831235 0.799707 0.617658 0.525862 0.584152 0.691064 0.788939 0.889983
0.856786 0.703962 0.795701 0.924602 0.875369 0.696063 0.666763 0.899848 0.000000 0.828185 0.818691 0.885859 0.814087 0.865814 0.818645 0.946280 0.821578 0.747524 0.912900 0.709373 0.900461 0.990441 0.983898 0.881735 0.880551 0.883332 0.966430 0.997980 0.833371 0.870949 0.889928 0.937467 0.848103 0.999076 0.771137 0.982838 0.911145 0.718596 0.855813 0.850855 0.910863 0.920376 0.890151 0.919972 0.900163 0.992370 0.982122 0.914367 0.843409 0.947533 0.843935 0.779185 0.798061 0.715172 0.934973 0.932494 0.670507 0.608195 0.869092 0.996263 0.722423 0.818582 0.984426 0.944856 0.711190 0.770345 0.637956 0.786054 0.863391 0.924714 0.793294 0.601998 0.721890 0.588624 0.884798 0.933393 0.676295 0.870846 0.893819 0.925747 0.780850 0.661425 0.683768 0.660324 0.822614 0.912699 0.829013 0.766496 0.707579 0.992057 0.534155 0.465114 0.525664 0.519505 0.784941 0.875974 0.833863 0.852357 0.643486 0.663761 0.628530 0.721223 0.682727 0.596830 0.850197 0.836265 0.895825 0.708160 0.994641 0.808815 0.932574 0.688813 0.924952 0.856021 0.838889 0.817755
0.785995 0.803388 0.875201 0.728799 0.881864 0.807814 0.678791 0.516674 0.828185 0.000000 0.715169 0.678268 0.689074 0.624556 0.494827 0.520296 0.680573 0.665148 0.645233 0.717852 0.897224 0.962848 0.564640 0.687289 0.974036 0.943010 0.979445 0.930215 0.591286 0.554432 0.694286 0.634156 0.607771 0.686031 0.943154 0.784788 0.889887 0.961984 0.948301 0.908816 0.931503 0.956678 0.615808 0.643030 0.558855 0.524773 0.651630 0.571026 0.581543 0.477429 0.572962 0.558368 0.723551 0.802965 0.916430 0.899625 0.875005 0.953468 0.813414 0.996391 0.862322 0.656663 0.644466 0.580556 0.857708 0.911194 0.838892 0.906374 0.953751 0.757040 0.754644 0.863520 0.729548 0.751527 0.703432 0.834813 0.616075 0.762129 0.878388 0.678588 0.635506 0.784874 0.682099 0.817361 0.691700 0.747877 0.942396 0.880668 0.995384 0.805591 0.893038 0.891653 0.882338 0.968298 0.816885 0.977265 0.790202 0.950789 0.760344 0.612219 0.777748 0.998144 0.799869 0.804450 0.786030 0.713007 0.720074 0.947342 0.748879 0.988559 0.756535 0.691146 0.806012 0.763007 0.933895 0.771869
0.532654 0.833999 0.897677 0.984283 0.795490 0.708959 0.762550 0.750777 0.818691 0.715169 0.000000 0.664166 0.473066 0.750604 0.766367 0.871404 0.788538 0.694906 0.706734 0.711996 0.880252 0.993832 0.950534 0.960027 0.909716 0.983034 0.932192 0.954720 0.708046 0.772251 0.947630 0.899227 0.718212 0.894781 0.991422 0.858629 0.767421 0.823407 0.843791 0.969399 0.908000 0.882497 0.838919 0.838254 0.935683 0.888531 0.787666 0.743438 0.866299 0.783052 0.864497 0.879297 0.972429 0.975428 0.895746 0.834843 0.849085 0.978499 0.455423 0.639382 0.560077 0.676825 0.533806 0.500945 0.828371 0.879983 0.807213 0.942290 0.823319 0.750608 0.889652 0.917306 0.837218 0.844957 0.795331 0.883067 0.760027 0.993292 0.967796 0.790857 0.733753 0.810633 0.894337 0.915892 0.789553 0.909409 0.911828 0.974585 0.684973 0.669911 0.793783 0.909088 0.948596 0.915559 0.999366 0.978588 0.931079 0.926968 0.730008 0.678330 0.853484 0.921834 0.679680 0.823317 0.799329 0.832767 0.923894 0.936437 0.874764 0.763456 0.875885 0.681476 0.924775 0.944775 0.752947 0.944928
0.378005 0.386604 0.799819 0.948294 0.749486 0.880991 0.926306 0.582884 0.885859 0.678268 0.664166 0.000000 0.517550 0.358979 0.528521 0.495429 0.523915 0.521451 0.499543 0.402913 0.945887 0.966539 0.617905 0.633803 0.905325 0.715018 0.886002 0.703679 0.478855 0.599033 0.932926 0.949341 0.882568 0.930621 0.910379 0.721049 0.706542 0.897734 0.932704 0.749522 0.932300 0.900968 0.825893 0.819787 0.830391 0.667503 0.676325 0.683951 0.371076 0.464511 0.740053 0.788546 0.987176 0.778130 0.794525 0.967694 0.515629 0.570265 0.668123 0.699773 0.902501 0.425980 0.617094 0.439230 0.981809 0.944052 0.789859 0.789462 0.589385 0.501621 0.869351 0.796057 0.975926 0.925440 0.842254 0.997203 0.838771 0.802485 0.983155 0.881944 0.578578 0.564661 0.584116 0.747502 0.368983 0.548329 0.785418 0.584427 0.804857 0.527885 0.819270 0.737249 0.729605 0.668688 0.950517 0.936358 0.938356 0.977951 0.932070 0.826445 0.913418 0.709243 0.978496 0.883330 0.998906 0.988998 0.963022 0.806166 0.812183 0.952457 0.869468 0.782420 0.900215 0.971043 0.990307 0.795460
0.538573 0.768416 0.743508 0.786635 0.718838 0.849405 0.588682 0.480839 0.814087 0.689074 0.473066 0.517550 0.000000 0.468774 0.506781 0.588179 0.722697 0.740148 0.502066 0.617944 0.947564 0.923876 0.634107 0.804216 0.986367 0.961718 0.970939 0.925457 0.601682 0.645496 0.708969 0.664249 0.545765 0.699915 0.800034 0.943760 0.781666 0.756510 0.836020 0.975036 0.929880 0.922979 0.542113 0.595394 0.590979 0.600971 0.509883 0.498235 0.691324 0.572807 0.533730 0.568756 0.668441 0.753222 0.618303 0.881842 0.755593 0.910525 0.555119 0.739608 0.524742 0.530491 0.500606 0.465863 0.723086 0.770048 0.697025 0.800311 0.769332 0.771804 0.689690 0.843354 0.648223 0.697186 0.778204 0.875238 0.629033 0.828652 0.925693 0.944524 0.757959 0.855644 0.733435 0.943972 0.661801 0.834358 0.777095 0.805048 0.658335 0.642765 0.715684 0.846226 0.860846 0.957881 0.892012 0.841040 0.832936 0.799733 0.537342 0.458884 0.660521 0.852589 0.598395 0.741439 0.668095 0.703360 0.930148 0.973170 0.894973 0.637050 0.623780 0.511439 0.680215 0.723064 0.680055 0.984187
0.511175 0.511185 0.941215 0.682049 0.708206 0.961547 0.808135 0.400687 0.865814 0.624556 0.750604 0.358979 0.468774 0.000000 0.458643 0.361560 0.579859 0.544741 0.392834 0.424661 0.896491 0.915004 0.429141 0.472528 0.913319 0.849287 0.907922 0.830308 0.436367 0.464134 0.756196 0.576798 0.632522 0.644821 0.976978 0.906665 0.807481 0.905301 0.844959 0.713578 0.800133 0.991632 0.506355 0.542593 0.556636 0.495509 0.456545 0.504137 0.401116 0.408656 0.441126 0.540289 0.688355 0.895880 0.620893 0.898679 0.593528 0.707192 0.849358 0.844459 0.863892 0.527557 0.547861 0.495563 0.870306 0.755755 0.981183 0.979603 0.782777 0.630993 0.907746 0.934695 0.768501 0.863548 0.776215 0.844395 0.740288 0.946807 0.876086 0.746774 0.557970 0.556745 0.490424 0.741496 0.356557 0.382875 0.849108 0.480181 0.963250 0.607220 0.926779 0.744004 0.801895 0.625927 0.891011 0.886419 0.975045 0.947388 0.849175 0.674497 0.999028 0.883613 0.927343 0.995969 0.876826 0.874651 0.918348 0.865798 0.892363 0.895517 0.845996 0.702017 0.728219 0.829361 0.937851 0.796537
0.662039 0.714754 0.908351 0.784667 0.616854 0.870438 0.753400 0.608989 0.818645 0.494827 0.766367 0.528521 0.506781 0.458643 0.000000 0.377770 0.587971 0.602128 0.450326 0.579853 0.983249 0.960613 0.377533 0.565534 0.935930 0.901249 0.961957 0.900137 0.557768 0.512013 0.699205 0.630819 0.550810 0.644925 0.942944 0.908993 0.770167 0.742790 0.970543 0.956192 0.998039 0.920212 0.589921 0.623518 0.586234 0.536202 0.598514 0.512558 0.533963 0.454458 0.447610 0.447133 0.547022 0.726290 0.705777 0.895879 0.740523 0.911230 0.970723 0.854865 0.964133 0.654720 0.685444 0.624637 0.833805 0.917915 0.938575 0.950368 0.711588 0.753668 0.753175 0.928787 0.666582 0.638658 0.722028 0.904480 0.657838 0.875667 0.877097 0.718392 0.626467 0.711704 0.595263 0.840625 0.442702 0.625732 0.679365 0.690896 0.807899 0.727922 0.936521 0.915034 0.986826 0.913357 0.846195 0.977338 0.863911 0.849896 0.818481 0.620345 0.860587 0.942855 0.860605 0.729301 0.824297 0.805720 0.779040 0.942283 0.825836 0.871069 0.796555 0.640903 0.718129 0.708984 0.725844 0.913088
0.735734 0.665724 0.967419 0.742210 0.647891 0.880767 0.818640 0.544605 0.946280 0.520296 0.871404 0.495429 0.588179 0.361560 0.377770 0.000000 0.702400 0.667649 0.502216 0.597938 0.938919 0.904292 0.387484 0.419166 0.991259 0.801688 0.942045 0.793943 0.482678 0.507827 0.777978 0.648937 0.699624 0.778030 0.951410 0.767008 0.936014 0.998940 0.921880 0.884538 0.857626 0.954955 0.581181 0.608942 0.574914 0.520220 0.618723 0.605318 0.415293 0.469106 0.492235 0.533027 0.655293 0.815391 0.691487 0.827856 0.800091 0.865276 0.978118 0.895172 0.989800 0.584962 0.782885 0.723961 0.995849 0.824404 0.953218 0.965212 0.885311 0.753114 0.910479 0.954756 0.798432 0.776524 0.690866 0.865687 0.711057 0.901622 0.848144 0.779259 0.706350 0.764060 0.541636 0.828819 0.489345 0.465344 0.752371 0.563817 0.969832 0.788510 0.917723 0.913977 0.873941 0.734652 0.902163 0.834753 0.954185 0.809731 0.902089 0.722454 0.969833 0.892280 0.924927 0.998139 0.911281 0.959414 0.929304 0.896170 0.873280 0.990739 0.875169 0.792070 0.806000 0.834159 0.994759 0.829562
0.475470 0.369674 0.840459 0.993688 0.842240 0.868040 0.920576 0.771134 0.821578 0.680573 0.788538 0.523915 0.722697 0.579859 0.587971 0.702400 0.000000 0.339678 0.478210 0.390718 0.991667 0.999944 0.684124 0.748714 0.827334 0.773528 0.873340 0.927380 0.420751 0.377917 0.960807 0.814726 0.776349 0.809790 0.971803 0.836704 0.807934 0.930380 0.871125 0.710010 0.920056 0.936527 0.832234 0.778727 0.765523 0.584289 0.648754 0.626850 0.486690 0.475458 0.756711 0.836805 0.914213 0.877876 0.758672 0.916861 0.334158 0.441998 0.968399 0.919157 0.883498 0.859770 0.660816 0.467002 0.857760 0.711996 0.752543 0.763590 0.692755 0.468053 0.920243 0.714935 0.958061 0.831877 0.826560 0.967576 0.869933 0.954341 0.681459 0.677541 0.307029 0.371666 0.492066 0.426117 0.458191 0.745363 0.858356 0.646447 0.975644 0.778512 0.642004 0.618747 0.593272 0.562358 0.989928 0.995397 0.977564 0.886709 0.902265 0.957707 0.831649 0.617184 0.965683 0.997908 0.931445 0.998745 0.954187 0.625270 0.853645 0.985797 0.967268 0.920818 0.743984 0.818019 0.923829 0.838854
0.401227 0.359021 0.784926 0.991133 0.849314 0.877822 0.934757 0.793190 0.747524 0.665148 0.694906 0.521451 0.740148 0.544741 0.602128 0.667649 0.339678 0.000000 0.371356 0.385461 0.899538 0.962297 0.677272 0.737772 0.816933 0.752046 0.850087 0.878357 0.424205 0.333986 0.988645 0.839061 0.790032 0.815072 0.786632 0.859857 0.802898 0.973975 0.798386 0.781384 0.899424 0.903241 0.835734 0.750747 0.816867 0.623639 0.653848 0.633994 0.476445 0.522549 0.756808 0.798924 0.851599 0.906523 0.818529 0.870091 0.347440 0.468848 0.977270 0.963771 0.859479 0.967620 0.609565 0.478226 0.796005 0.706222 0.716514 0.721088 0.654245 0.580774 0.893946 0.785055 0.986862 0.920028 0.900867 0.978814 0.832068 0.973313 0.677738 0.535061 0.299128 0.319032 0.394399 0.455755 0.458472 0.747231 0.962533 0.649848 0.960136 0.782696 0.659418 0.644649 0.566422 0.554998 0.996409 0.952081 0.919449 0.990876 0.911611 0.985455 0.752509 0.648398 0.894515 0.936804 0.930533 0.989093 0.876373 0.685811 0.837610 0.991816 0.945795 0.941985 0.712339 0.817938 0.957437 0.937102
0.423199 0.512899 0.951404 0.804122 0.730131 0.969501 0.820029 0.623120 0.912900 0.645233 0.706734 0.499543 0.502066 0.392834 0.450326 0.502216 0.478210 0.371356 0.000000 0.401730 0.871921 0.983507 0.423873 0.561968 0.879939 0.751955 0.905827 0.958288 0.457041 0.410724 0.808331 0.650172 0.603962 0.736778 0.985086 0.891784 0.742565 0.924178 0.816150 0.832047 0.934977 0.981510 0.618445 0.627868 0.660636 0.566765 0.486380 0.526121 0.493514 0.509860 0.551009 0.649958 0.674164 0.882135 0.649141 0.913559 0.439841 0.630274 0.920458 0.988728 0.977436 0.827861 0.568329 0.518478 0.945945 0.920632 0.950129 0.906758 0.615733 0.639750 0.856132 0.997038 0.780812 0.903273 0.905821 0.848620 0.719197 0.942093 0.792645 0.660632 0.494921 0.493366 0.429869 0.607986 0.396078 0.631081 0.828960 0.581135 0.884781 0.683823 0.932776 0.860005 0.793240 0.733758 0.963229 0.824058 0.933146 0.884335 0.862125 0.731451 0.959812 0.829198 0.941008 0.904068 0.924357 0.758268 0.877283 0.756450 0.857314 0.911977 0.856078 0.739326 0.619862 0.726375 0.922131 0.962188
0.343408 0.375587 0.835738 0.890719 0.776139 0.824708 0.847686 0.722589 0.709373 0.717852 0.711996 0.402913 0.617944 0.424661 0.579853 0.597938 0.390718 0.385461 0.401730 0.000000 0.954170 0.981421 0.498092 0.566463 0.924208 0.733530 0.847223 0.880921 0.455524 0.486059 0.979197 0.905504 0.789805 0.911112 0.884645 0.813782 0.768688 0.984962 0.860882 0.730889 0.947750 0.847534 0.889572 0.873858 0.840097 0.657995 0.638481 0.680085 0.460856 0.462869 0.770995 0.852678 0.927189 0.782114 0.684755 0.916335 0.309844 0.410121 0.824484 0.832694 0.872545 0.739903 0.702832 0.521949 0.899322 0.780851 0.718145 0.717598 0.466700 0.496973 0.965984 0.694778 0.998625 0.800752 0.853816 0.998890 0.869844 0.865378 0.919161 0.836078 0.470808 0.357387 0.435973 0.467996 0.349447 0.604759 0.917380 0.562092 0.899859 0.568595 0.681406 0.578429 0.670635 0.530258 0.951671 0.988021 0.985807 0.975922 0.902058 0.988484 0.802297 0.623542 0.896531 0.864924 0.993221 0.948252 0.999033 0.703038 0.924252 0.999928 0.890039 0.935522 0.805261 0.887671 0.990862 0.854289
0.910332 0.957976 0.762672 0.765169 0.937188 0.693885 0.690077 0.769918 0.900461 0.897224 0.880252 0.945887 0.947564 0.896491 0.983249 0.938919 0.991667 0.899538 0.871921 0.954170 0.000000 0.848055 0.966676 0.911809 0.842247 0.760201 0.986623 0.903109 0.963746 0.966546 0.600870 0.703026 0.779240 0.791713 0.859877 0.912315 0.918811 0.986160 0.760996 0.866613 0.929866 0.991635 0.690117 0.758526 0.864363 0.886931 0.835669 0.865046 0.957853 0.903644 0.785942 0.766087 0.791965 0.686187 0.908606 0.903083 0.926980 0.867593 0.953180 0.939408 0.820517 0.861034 0.694653 0.891721 0.936111 0.826054 0.830719 0.789306 0.896679 0.903391 0.714865 0.795514 0.737626 0.669833 0.833343 0.731398 0.915362 0.841877 0.812182 0.785094 0.869932 0.921033 0.956329 0.974290 0.937145 0.982991 0.710563 0.918351 0.902464 0.896346 0.795925 0.902387 0.887180 0.964264 0.861446 0.857382 0.849891 0.955650 0.763840 0.878337 0.894221 0.821060 0.844040 0.815222 0.859541 0.798789 0.978931 0.856830 0.980967 0.970986 0.951378 0.946821 0.861404 0.962334 0.895628 0.924197
0.976873 0.952815 0.890376 0.842508 0.965869 0.994473 0.877732 0.998739 0.990441 0.962848 0.993832 0.966539 0.923876 0.915004 0.960613 0.904292 0.999944 0.962297 0.983507 0.981421 0.848055 0.000000 0.994087 0.969046 0.935582 0.745158 0.859438 0.928088 0.953724 0.879048 0.852166 0.979741 0.840050 0.767277 0.926557 0.760341 0.861353 0.812008 0.967721 0.969843 0.959948 0.985683 0.962856 0.975165 0.929835 0.985802 0.877492 0.839313 0.890965 0.964502 0.839044 0.882388 0.807568 0.837989 0.882570 0.897340 0.998515 0.973198 0.990303 0.999162 0.979172 0.955696 0.933076 0.981500 0.912807 0.973350 0.875630 0.894150 0.952091 0.924111 0.905835 0.955572 0.973629 0.983378 0.762982 0.924062 0.848454 0.838117 0.901563 0.991234 0.933962 0.951728 0.969159 0.863604 0.990652 0.913970 0.840919 0.993895 0.962830 0.977617 0.903590 0.931391 0.930560 0.945579 0.996250 0.997788 0.901056 0.943674 0.926270 0.994497 0.920061 0.972739 0.874730 0.959474 0.878976 0.745553 0.855992 0.908479 0.967699 0.826935 0.860400 0.925446 0.968717 0.919178 0.793124 0.930842
0.712313 0.755270 0.865042 0.642710 0.654984 0.925381 0.819796 0.626516 0.983898 0.564640 0.950534 0.617905 0.634107 0.429141 0.377533 0.387484 0.684124 0.677272 0.423873 0.498092 0.966676 0.994087 0.000000 0.362838 0.921020 0.868587 0.797748 0.992232 0.582708 0.546160 0.679299 0.636752 0.609659 0.748615 0.999066 0.883212 0.829898 0.913577 0.991413 0.923125 0.817344 0.936566 0.701229 0.769901 0.662241 0.639375 0.644023 0.637348 0.581147 0.503045 0.540184 0.586342 0.623480 0.803149 0.753670 0.859857 0.708654 0.845876 0.918185 0.800437 0.865079 0.777108 0.869870 0.808629 0.876321 0.964095 0.981688 0.898447 0.693449 0.756305 0.736760 0.952519 0.657910 0.801048 0.813399 0.869953 0.717895 0.915684 0.957387 0.869083 0.736173 0.666835 0.543918 0.762157 0.448267 0.509912 0.741216 0.539138 0.938954 0.780343 0.992063 0.959570 0.982551 0.784032 0.823564 0.850478 0.830602 0.969623 0.902293 0.787110 0.959564 0.919989 0.936745 0.858958 0.905981 0.812349 0.855796 0.952304 0.918481 0.971541 0.794167 0.863530 0.786585 0.833472 0.959184 0.892885
0.809342 0.800407 0.918371 0.655397 0.611045 0.966852 0.903840 0.683854 0.881735 0.687289 0.960027 0.633803 0.804216 0.472528 0.565534 0.419166 0.748714 0.737772 0.561968 0.566463 0.911809 0.969046 0.362838 0.000000 0.912888 0.916921 0.898109 0.970189 0.634627 0.618407 0.768355 0.709874 0.748932 0.821622 0.993167 0.751428 0.966856 0.962418 0.911891 0.819920 0.738882 0.899074 0.780935 0.817678 0.752605 0.716331 0.773758 0.774218 0.634552 0.631726 0.680813 0.765533 0.795562 0.929707 0.801620 0.952588 0.809776 0.889387 0.915103 0.900005 0.867787 0.784302 0.868318 0.839842 0.960122 0.905340 0.930374 0.921794 0.886211 0.793373 0.866292 0.974130 0.901756 0.953948 0.827417 0.867482 0.813031 0.959125 0.930554 0.854458 0.730479 0.706943 0.645886 0.714899 0.518760 0.434935 0.834893 0.507795 0.975617 0.762106 0.876249 0.809919 0.832838 0.680181 0.959878 0.878468 0.998045 0.950434 0.968448 0.922257 0.882160 0.885867 0.829741 0.937136 0.953117 0.937124 0.953449 0.920017 0.967176 0.879251 0.955349 0.954138 0.979844 0.999078 0.796806 0.814893
0.998334 0.901087 0.854192 0.758544 0.941782 0.915186 0.925836 0.864890 0.880551 0.974036 0.909716 0.905325 0.986367 0.913319 0.935930 0.991259 0.827334 0.816933 0.879939 0.924208 0.842247 0.935582 0.921020 0.912888 0.000000 0.723085 0.938662 0.931048 0.917104 0.876474 0.768399 0.719917 0.875357 0.786640 0.891607 0.857734 0.991323 0.897287 0.778915 0.936788 0.975840 0.821691 0.821352 0.779895 0.842641 0.823200 0.684140 0.789514 0.964539 0.915698 0.828047 0.719555 0.715691 0.792747 0.900138 0.865431 0.860720 0.930027 0.837080 0.952090 0.907335 0.779931 0.861177 0.937058 0.907350 0.983310 0.976720 0.960677 0.778147 0.961737 0.784996 0.971315 0.905058 0.899120 0.958144 0.834258 0.818897 0.868284 0.860555 0.735821 0.741118 0.711068 0.845996 0.907934 0.905456 0.842346 0.908416 0.877661 0.969267 0.863422 0.968909 0.874189 0.985024 0.862358 0.899778 0.977713 0.972936 0.951176 0.927755 0.999273 0.945335 0.932238 0.900481 0.999339 0.975973 0.948638 0.922737 0.933874 0.907322 0.931427 0.998583 0.893824 0.690875 0.827522 0.890595 0.867415
0.676383 0.623985 0.510040 0.535297 0.846303 0.678480 0.566209 0.754392 0.883332 0.943010 0.983034 0.715018 0.961718 0.849287 0.901249 0.801688 0.773528 0.752046 0.751955 0.733530 0.760201 0.745158 0.868587 0.916921 0.723085 0.000000 0.789454 0.904908 0.771307 0.858290 0.501635 0.698987 0.703431 0.607516 0.620541 0.693057 0.936639 0.861228 0.906787 0.876673 0.929619 0.866464 0.711160 0.745569 0.746876 0.871647 0.830143 0.786775 0.673912 0.894239 0.790164 0.710092 0.726333 0.544540 0.955115 0.990305 0.623769 0.622979 0.950811 0.898839 0.668843 0.929828 0.826656 0.931247 0.518299 0.582438 0.497290 0.445658 0.659220 0.738280 0.660552 0.679439 0.705870 0.685986 0.973458 0.893210 0.767765 0.624826 0.927287 0.866571 0.892469 0.817100 0.756941 0.868087 0.753249 0.906739 0.754364 0.821674 0.981128 0.866109 0.584229 0.703632 0.602753 0.702202 0.676929 0.967806 0.792873 0.875872 0.685954 0.734057 0.699077 0.583509 0.615793 0.750756 0.626012 0.677334 0.981375 0.748439 0.932616 0.902248 0.734398 0.762992 0.857005 0.872210 0.738703 0.923887
0.843186 0.867382 0.811684 0.887724 0.698634 0.827543 0.838367 0.916025 0.966430 0.979445 0.932192 0.886002 0.970939 0.907922 0.961957 0.942045 0.873340 0.850087 0.905827 0.847223 0.986623 0.859438 0.797748 0.898109 0.938662 0.789454 0.000000 0.920665 0.994286 0.952392 0.855691 0.865222 0.863139 0.743201 0.749703 0.897546 0.955845 0.965997 0.956232 0.976884 0.959183 0.976563 0.776425 0.750190 0.788863 0.829216 0.856102 0.783679 0.899086 0.924784 0.873346 0.901151 0.889077 0.811799 0.908720 0.790779 0.821446 0.897338 0.949168 0.970676 0.768905 0.973836 0.828425 0.924789 0.739043 0.809153 0.733526 0.631591 0.817063 0.856030 0.897206 0.901977 0.957959 0.929282 0.937712 0.990317 0.960169 0.814430 0.924315 0.991025 0.928635 0.833293 0.800757 0.921642 0.900371 0.900421 0.970416 0.841369 0.891301 0.930037 0.982513 0.951178 0.913243 0.931810 0.886957 0.996702 0.946724 0.925446 0.881794 0.836878 0.913301 0.950980 0.782666 0.948771 0.835046 0.862160 0.953879 0.905357 0.710051 0.863007 0.928466 0.894848 0.922307 0.741642 0.796371 0.897769
0.821953 0.723997 0.835293 0.952690 0.740111 0.905775 0.925384 0.829014 0.997980 0.930215 0.954720 0.703679 0.925457 0.830308 0.900137 0.793943 0.927380 0.878357 0.958288 0.880921 0.903109 0.928088 0.992232 0.970189 0.931048 0.904908 0.920665 0.000000 0.990024 0.968192 0.861060 0.859306 0.933455 0.923538 0.904145 0.804626 0.996991 0.986665 0.948384 0.997503 0.995943 0.975162 0.943869 0.923689 0.931698 0.898513 0.993721 0.894749 0.749317 0.858050 0.949824 0.906731 0.994775 0.898646 0.922165 0.918052 0.882897 0.877413 0.901408 0.884095 0.934178 0.785200 0.896321 0.879657 0.894091 0.947294 0.906956 0.890192 0.974601 0.904532 0.913123 0.934668 0.993447 0.917589 0.997975 0.933265 0.920878 0.866503 0.965032 0.914222 0.910716 0.990389 0.983682 0.953000 0.864605 0.853864 0.913768 0.952693 0.856258 0.941024 0.964809 0.998971 0.949078 0.963741 0.986882 0.919753 0.960671 0.807704 0.912504 0.907098 0.905120 0.948858 0.889274 0.807327 0.883029 0.844161 0.958042 0.960625 0.994692 0.997415 0.969011 0.879194 0.885630 0.938869 0.968868 0.973517
0.491822 0.479432 0.884885 0.901988 0.800323 0.875257 0.919020 0.645351 0.833371 0.591286 0.708046 0.478855 0.601682 0.436367 0.557768 0.482678 0.420751 0.424205 0.457041 0.455524 0.963746 0.953724 0.582708 0.634627 0.917104 0.771307 0.994286 0.990024 0.000000 0.320840 0.811341 0.710131 0.659881 0.681695 0.938000 0.875559 0.759681 0.979390 0.910843 0.777048 0.934704 0.966822 0.694533 0.620036 0.667514 0.511096 0.646425 0.554543 0.448369 0.485135 0.645338 0.735048 0.831179 0.989985 0.723131 0.819161 0.506069 0.583295 0.832906 0.885004 0.968383 0.692431 0.592329 0.438550 0.928929 0.914221 0.871097 0.914715 0.670759 0.496149 0.932934 0.860287 0.930347 0.974110 0.827255 0.940293 0.851657 0.940766 0.667409 0.702197 0.393427 0.472656 0.459050 0.508860 0.424398 0.669489 0.826662 0.586074 0.933600 0.768296 0.771093 0.680322 0.660152 0.582390 0.950043 0.945372 0.975249 0.968721 0.987909 0.811748 0.904937 0.810997 0.999219 0.992802 0.980277 0.962176 0.876369 0.755081 0.788063 0.991927 0.959208 0.881738 0.774685 0.816754 0.957697 0.790765
0.593445 0.523132 0.988652 0.821738 0.800873 0.960598 0.843686 0.667091 0.870949 0.554432 0.772251 0.599033 0.645496 0.464134 0.512013 0.507827 0.377917 0.333986 0.410724 0.486059 0.966546 0.879048 0.546160 0.618407 0.876474 0.858290 0.952392 0.968192 0.320840 0.000000 0.768705 0.605575 0.567927 0.583212 0.909349 0.975178 0.852600 0.989425 0.892411 0.751786 0.956472 0.980467 0.649110 0.587356 0.581360 0.489308 0.564741 0.494900 0.498602 0.482695 0.555610 0.661965 0.722463 0.873184 0.687087 0.819656 0.533697 0.660175 0.943159 0.938737 0.976176 0.859586 0.589039 0.474762 0.931480 0.902216 0.912101 0.952429 0.826930 0.597843 0.980214 0.892596 0.876284 0.931684 0.824735 0.934512 0.802860 0.842104 0.533064 0.536494 0.323893 0.437917 0.412361 0.464013 0.471863 0.665569 0.818073 0.599895 0.892753 0.894005 0.736524 0.697232 0.625097 0.577941 0.989602 0.930232 0.968699 0.960300 0.965468 0.858876 0.919405 0.779310 0.954848 0.978279 0.984971 0.912291 0.839578 0.740712 0.858573 0.937128 0.995663 0.872876 0.642711 0.722054 0.938997 0.839999
0.934169 0.786625 0.419471 0.350679 0.968492 0.660217 0.339749 0.507508 0.889928 0.694286 0.947630 0.932926 0.708969 0.756196 0.699205 0.777978 0.960807 0.988645 0.808331 0.979197 0.600870 0.852166 0.679299 0.768355 0.768399 0.501635 0.855691 0.861060 0.811341 0.768705 0.000000 0.367355 0.406347 0.373807 0.610607 0.831553 0.987960 0.805093 0.826285 0.954157 0.880783 0.900749 0.362481 0.492673 0.481658 0.586265 0.618408 0.506371 0.916969 0.845176 0.443553 0.422253 0.431791 0.329385 0.797621 0.970328 0.847462 0.729904 0.997321 0.960301 0.657175 0.995774 0.593403 0.847622 0.542524 0.577144 0.478057 0.465035 0.822442 0.814062 0.406363 0.547908 0.439973 0.476493 0.830397 0.778644 0.612740 0.434654 0.691687 0.749593 0.839896 0.992279 0.930368 0.981457 0.941046 0.858876 0.914694 0.877904 0.929092 0.961763 0.548585 0.721210 0.659891 0.862573 0.644467 0.839640 0.693667 0.829552 0.559703 0.525731 0.587674 0.543978 0.571707 0.596223 0.573447 0.529080 0.980401 0.793946 0.986902 0.876869 0.654992 0.752322 0.619253 0.690943 0.706846 0.915739
0.982601 0.970281 0.474104 0.432018 0.953171 0.664961 0.433870 0.466756 0.937467 0.634156 0.899227 0.949341 0.664249 0.576798 0.630819 0.648937 0.814726 0.839061 0.650172 0.905504 0.703026 0.979741 0.636752 0.709874 0.719917 0.698987 0.865222 0.859306 0.710131 0.605575 0.367355 0.000000 0.418342 0.356789 0.658485 0.826697 0.984598 0.875794 0.804185 0.888420 0.904033 0.931461 0.324239 0.394723 0.425002 0.495447 0.466317 0.438087 0.896666 0.720730 0.384982 0.419005 0.421450 0.437738 0.743049 0.826656 0.988782 0.845676 0.927593 0.883519 0.716629 0.876234 0.554056 0.715048 0.623612 0.630785 0.580635 0.570471 0.787122 0.967461 0.566246 0.679505 0.535055 0.556636 0.711582 0.776096 0.674364 0.479314 0.687363 0.676995 0.676591 0.848301 0.735314 0.908719 0.783133 0.709012 0.958388 0.776592 0.817777 0.997998 0.753976 0.894529 0.863560 0.989586 0.741838 0.786023 0.842110 0.936324 0.666295 0.505646 0.755082 0.717134 0.656907 0.653641 0.684724 0.589505 0.951586 0.914927 0.898919 0.826952 0.783729 0.667242 0.555075 0.681385 0.642673 0.811397
0.813714 0.989238 0.461896 0.529773 0.804657 0.644980 0.391529 0.492151 0.848103 0.607771 0.718212 0.882568 0.545765 0.632522 0.550810 0.699624 0.776349 0.790032 0.603962 0.789805 0.779240 0.840050 0.609659 0.748932 0.875357 0.703431 0.863139 0.933455 0.659881 0.567927 0.406347 0.418342 0.000000 0.384722 0.652128 0.819919 0.784324 0.737876 0.762852 0.897580 0.939193 0.974025 0.414046 0.444827 0.422601 0.472023 0.538645 0.401286 0.912233 0.659121 0.391476 0.466861 0.466883 0.487413 0.684182 0.910554 0.935280 0.904131 0.835877 0.978411 0.629445 0.823389 0.505889 0.606614 0.541683 0.722628 0.500265 0.541803 0.969706 0.857988 0.539190 0.638739 0.520512 0.618676 0.790103 0.879659 0.586750 0.519996 0.800130 0.734661 0.680408 0.841336 0.830983 0.804804 0.752586 0.814198 0.987325 0.777614 0.896469 0.840758 0.684605 0.797498 0.818718 0.932282 0.706095 0.884261 0.663912 0.806582 0.587615 0.513953 0.650036 0.713716 0.579047 0.568464 0.631530 0.467518 0.826358 0.907615 0.869161 0.802874 0.648807 0.534759 0.537661 0.683738 0.637528 0.956072
0.956014 0.996712 0.520093 0.514770 0.903010 0.714598 0.428366 0.488499 0.999076 0.686031 0.894781 0.930621 0.699915 0.644821 0.644925 0.778030 0.809790 0.815072 0.736778 0.911112 0.791713 0.767277 0.748615 0.821622 0.786640 0.607516 0.743201 0.923538 0.681695 0.583212 0.373807 0.356789 0.384722 0.000000 0.657008 0.689714 0.923002 0.758116 0.824204 0.856102 0.891563 0.849237 0.358635 0.380988 0.387801 0.441971 0.501748 0.397676 0.893460 0.710081 0.413488 0.457086 0.473896 0.473287 0.699315 0.838556 0.968942 0.930999 0.953866 0.962133 0.628845 0.856850 0.481464 0.633397 0.557539 0.625657 0.541388 0.468087 0.890540 0.987611 0.625763 0.743473 0.601145 0.630403 0.832170 0.843649 0.700209 0.538324 0.670889 0.719988 0.650416 0.822357 0.811144 0.774234 0.770928 0.794436 0.970264 0.738385 0.919866 0.982862 0.770588 0.932548 0.906601 0.995834 0.694944 0.907891 0.788523 0.859763 0.662244 0.576432 0.684542 0.752200 0.638273 0.706946 0.693248 0.589777 0.989030 0.968590 0.881092 0.784566 0.752937 0.670430 0.548775 0.678677 0.572170 0.882472
0.945985 0.747502 0.512134 0.690899 0.994978 0.763094 0.551817 0.700898 0.771137 0.943154 0.991422 0.910379 0.800034 0.976978 0.942944 0.951410 0.971803 0.786632 0.985086 0.884645 0.859877 0.926557 0.999066 0.993167 0.891607 0.620541 0.749703 0.904145 0.938000 0.909349 0.610607 0.658485 0.652128 0.657008 0.000000 0.842295 0.952583 0.817538 0.926624 0.920395 0.949028 0.818730 0.617209 0.722946 0.677477 0.778661 0.716565 0.712820 0.777666 0.955052 0.741561 0.784764 0.732540 0.650106 0.806516 0.948871 0.876256 0.829545 0.781323 0.792352 0.560273 0.903636 0.711674 0.903594 0.536913 0.630355 0.432954 0.459392 0.906017 0.920780 0.712047 0.673877 0.739220 0.787305 0.999403 0.908018 0.759581 0.782062 0.951173 0.859241 0.932165 0.801800 0.781452 0.864617 0.923169 0.977269 0.896558 0.979481 0.839946 0.947779 0.609417 0.726665 0.652516 0.752996 0.722849 0.859946 0.714684 0.753798 0.606944 0.602180 0.626741 0.632625 0.617347 0.639185 0.540924 0.651373 0.963768 0.821893 0.990217 0.904743 0.792768 0.705568 0.820433 0.748006 0.708127 0.847564
0.832404 0.828524 0.806160 0.875345 0.877261 0.969842 0.847878 0.951176 0.982838 0.784788 0.858629 0.721049 0.943760 0.906665 0.908993 0.767008 0.836704 0.859857 0.891784 0.813782 0.912315 0.760341 0.883212 0.751428 0.857734 0.693057 0.897546 0.804626 0.875559 0.975178 0.831553 0.826697 0.819919 0.689714 0.842295 0.000000 0.994812 0.807033 0.953223 0.974930 0.950642 0.934108 0.874668 0.873596 0.870601 0.966077 0.861723 0.940049 0.822637 0.865663 0.930859 0.911865 0.805808 0.759821 0.977094 0.962286 0.918042 0.913870 0.876365 0.910247 0.946474 0.844512 0.969258 0.864661 0.791321 0.902129 0.795265 0.732739 0.948283 0.841564 0.997234 0.915778 0.935387 0.877553 0.902506 0.892654 0.938089 0.689801 0.987913 0.957869 0.902887 0.952387 0.962610 0.970777 0.868310 0.837830 0.914659 0.965136 0.811345 0.854343 0.899925 0.990397 0.905384 0.933806 0.958288 0.895627 0.916900 0.984579 0.923078 0.942919 0.958642 0.822207 0.838853 0.879507 0.878480 0.858939 0.912449 0.978884 0.823878 0.858711 0.954152 0.903599 0.755812 0.859017 0.770336 0.951631
0.683919 0.802334 0.983454 0.928792 0.985577 0.950381 0.982516 0.899116 0.911145 0.889887 0.767421 0.706542 0.781666 0.807481 0.770167 0.936014 0.807934 0.802898 0.742565 0.768688 0.918811 0.861353 0.829898 0.966856 0.991323 0.936639 0.955845 0.996991 0.759681 0.852600 0.987960 0.984598 0.784324 0.923002 0.952583 0.994812 0.000000 0.763998 0.893437 0.813914 0.890526 0.987981 0.996865 0.923135 0.989840 0.899236 0.838739 0.851509 0.898139 0.822194 0.806393 0.869987 0.927338 0.952744 0.821157 0.908053 0.753575 0.849651 0.779434 0.857769 0.953245 0.795662 0.780185 0.729310 0.793396 0.996256 0.970988 0.903087 0.636822 0.703389 0.969434 0.920082 0.965710 0.951703 0.863566 0.920847 0.882035 0.993996 0.950418 0.954238 0.813315 0.729120 0.921117 0.972507 0.663405 0.798610 0.819503 0.906411 0.747532 0.626695 0.998881 0.993311 0.974637 0.974768 0.825530 0.996000 0.837380 0.940035 0.895259 0.873644 0.974550 0.846336 0.809438 0.904010 0.918145 0.798766 0.790791 0.936679 0.752906 0.808899 0.797016 0.732534 0.929495 0.932150 0.887557 0.888331
0.887534 0.860639 0.791654 0.877127 0.863375 0.864034 0.727801 0.850528 0.718596 0.961984 0.823407 0.897734 0.756510 0.905301 0.742790 0.998940 0.930380 0.973975 0.924178 0.984962 0.986160 0.812008 0.913577 0.962418 0.897287 0.861228 0.965997 0.986665 0.979390 0.989425 0.805093 0.875794 0.737876 0.758116 0.817538 0.807033 0.763998 0.000000 0.970682 0.971273 0.933555 0.698505 0.819028 0.852168 0.860312 0.925497 0.921101 0.767406 0.896375 0.942565 0.736130 0.795234 0.737742 0.730011 0.825209 0.953310 0.925059 0.780101 0.849830 0.929946 0.733226 0.801437 0.720213 0.881289 0.692446 0.791584 0.742962 0.808889 0.820376 0.946635 0.708484 0.769981 0.715490 0.666112 0.970504 0.920016 0.925295 0.773200 0.934110 0.941254 0.962080 0.938571 0.816829 0.854214 0.882703 0.950054 0.824674 0.887539 0.740804 0.862806 0.683953 0.729879 0.802410 0.713717 0.850651 0.858096 0.777604 0.860452 0.771393 0.697978 0.741460 0.778557 0.692463 0.734097 0.908809 0.770194 0.949929 0.831155 0.892329 0.794681 0.733246 0.727981 0.869268 0.738732 0.585161 0.974097
