0.000000 0.338755 0.857804 0.843503 0.798897 0.971983 0.662110 0.624222 0.797001 0.691838 0.380772 0.360812 0.516357 0.580664 0.649630 0.610069 0.434570 0.430317 0.448975 0.487555 0.933928 0.922760 0.855073 0.981164 0.848870 0.807941 0.871432 0.708321 0.574610 0.535582 0.710538 0.814469 0.427563 0.478541 0.941689 0.871343 0.673059 0.583550 0.894946 0.857162 0.799772 0.818403 0.582755 0.490631 0.584354 0.572480 0.647507 0.645359 0.860868 0.865416 0.686977 0.802786 0.918163 0.990190 0.832040 0.849347 0.314117 0.335002 0.484439 0.593461 0.426564 0.581385 0.342618 0.356213 0.986141 0.800249 0.743617 0.717902 0.385848 0.561588 0.542762 0.483788 0.734469 0.708952 0.971115 0.839923 0.819345 0.633589 0.686359 0.548219 0.478236 0.607819 0.826674 0.777199 0.857264 0.947307 0.923147 0.863298 0.998744 0.939820 0.910393 0.981117 0.959354 0.974082 0.945308 0.886690 0.666169 0.804076 0.424189 0.599290 0.767362 0.818070 0.537978 0.543080 0.704376 0.680692 0.763834 0.880555 0.773178 0.798576 0.716362 0.715626 0.641815 0.891907 0.646939 0.949203
0.338755 0.000000 0.942154 0.920457 0.810013 0.972819 0.819048 0.582850 0.755208 0.622697 0.478628 0.275944 0.516938 0.438171 0.584696 0.458210 0.327724 0.306551 0.463977 0.405399 0.923638 0.910651 0.790858 0.865945 0.939703 0.737099 0.932123 0.774296 0.450113 0.424586 0.773365 0.788206 0.521468 0.542033 0.951387 0.859489 0.681208 0.608841 0.784554 0.860726 0.750245 0.693448 0.612011 0.509912 0.640900 0.635044 0.786266 0.713430 0.887542 0.929539 0.796924 0.857074 0.964828 0.833830 0.888196 0.964524 0.238699 0.229188 0.702049 0.710616 0.557867 0.528932 0.409198 0.283646 0.855794 0.864194 0.971541 0.864833 0.442866 0.606696 0.428492 0.448295 0.732129 0.726051 0.968867 0.822604 0.640252 0.520895 0.722724 0.523626 0.406867 0.570835 0.689813 0.707598 0.978865 0.954978 0.918809 0.818805 0.864967 0.893130 0.910265 0.898068 0.974808 0.935026 0.923986 0.795172 0.712035 0.792637 0.428656 0.503614 0.745661 0.967091 0.605649 0.512718 0.744744 0.704238 0.757488 0.840856 0.813747 0.818246 0.662066 0.669665 0.669546 0.760648 0.699506 0.857946
0.857804 0.942154 0.000000 0.357956 0.712867 0.817091 0.296558 0.572389 0.763605 0.708616 0.730906 0.958616 0.745409 0.989446 0.852855 0.804510 0.880671 0.874272 0.607679 0.830271 0.754983 0.752159 0.536634 0.744886 0.633408 0.554304 0.904829 0.908195 0.923802 0.749794 0.464547 0.696408 0.552538 0.496995 0.612132 0.826032 0.826703 0.863079 0.651864 0.868720 0.931257 0.960604 0.499302 0.549822 0.786812 0.798707 0.633735 0.580607 0.690217 0.967728 0.905260 0.910158 0.920838 0.882395 0.791180 0.980913 0.967092 0.958503 0.560962 0.856356 0.586298 0.974649 0.708930 0.945687 0.383795 0.486423 0.299298 0.407686 0.854879 0.716829 0.807399 0.881205 0.817149 0.874246 0.642691 0.944750 0.813201 0.930936 0.729293 0.842115 0.820604 0.683915 0.953673 0.850895 0.509702 0.651753 0.911828 0.932430 0.768536 0.938906 0.803229 0.781885 0.806419 0.736496 0.996156 0.839996 0.818411 0.939220 0.893619 0.782780 0.972521 0.597764 0.787163 0.745845 0.723011 0.610310 0.999136 0.999565 0.853013 0.751095 0.788282 0.965659 0.872992 0.953992 0.799767 0.858418
0.843503 0.920457 0.357956 0.000000 0.805753 0.785486 0.305056 0.379174 0.939726 0.487251 0.839185 0.801234 0.824229 0.807554 0.815202 0.615773 0.790814 0.777248 0.526706 0.701652 0.721774 0.764805 0.389469 0.502061 0.729426 0.666148 0.982848 0.868590 0.858154 0.630085 0.424577 0.516115 0.496259 0.464520 0.706790 0.858276 0.684992 0.773174 0.662051 0.809427 0.972837 0.886323 0.442884 0.523337 0.925808 0.894962 0.751518 0.569136 0.627791 0.828863 0.879919 0.796199 0.919383 0.790877 0.854602 0.935580 0.859705 0.951816 0.717062 0.990251 0.719425 0.908758 0.622980 0.790101 0.586612 0.549243 0.430602 0.509084 0.912387 0.709620 0.649716 0.742734 0.742837 0.854441 0.699462 0.949866 0.758701 0.860743 0.639175 0.818305 0.643663 0.508567 0.832221 0.630165 0.579452 0.524439 0.872028 0.850752 0.958166 0.927625 0.711013 0.616534 0.754045 0.727975 0.992503 0.751608 0.815806 0.872688 0.876427 0.605381 0.839633 0.485411 0.681298 0.614135 0.692197 0.592998 0.974394 0.946186 0.799767 0.687929 0.802192 0.828588 0.790852 0.846522 0.874492 0.994473
0.798897 0.810013 0.712867 0.805753 0.000000 0.888753 0.745829 0.804904 0.737647 0.928295 0.781184 0.803277 0.687761 0.899296 0.717696 0.908726 0.876875 0.810013 0.743719 0.897470 0.864600 0.814508 0.835518 0.993351 0.889783 0.978294 0.890344 0.830709 0.777394 0.850162 0.848320 0.927428 0.674688 0.702093 0.836604 0.934473 0.919470 0.935080 0.897544 0.795116 0.917937 0.794229 0.692311 0.632386 0.541097 0.638492 0.795585 0.673302 0.972601 0.848586 0.992389 0.909696 0.980055 0.951582 0.964539 0.914690 0.844664 0.874562 0.663993 0.701740 0.603959 0.755296 0.828622 0.862520 0.601964 0.591643 0.683445 0.587224 0.679205 0.873262 0.888287 0.941216 0.905323 0.806763 0.913887 0.848922 0.787571 0.890573 0.898947 0.924608 0.868795 0.891141 0.896097 0.904529 0.806638 0.775479 0.889322 0.926443 0.812743 0.874336 0.886645 0.885166 0.882782 0.813041 0.972733 0.963685 0.906064 0.920611 0.751067 0.714938 0.975784 0.815427 0.810285 0.942802 0.706525 0.738418 0.902996 0.982485 0.879143 0.976795 0.798223 0.791853 0.919573 0.833605 0.706113 0.701118
0.971983 0.972819 0.817091 0.785486 0.888753 0.000000 0.803641 0.765470 0.822184 0.762848 0.958226 0.911952 0.849236 0.974494 0.981567 0.843802 0.993224 0.992684 0.928947 0.975469 0.775002 0.771273 0.810933 0.960511 0.761624 0.678844 0.961067 0.690131 0.990239 0.982630 0.743209 0.925422 0.869237 0.789815 0.682543 0.946796 0.799638 0.871569 0.781944 0.974202 0.987115 0.885454 0.836391 0.863751 0.845693 0.832425 0.791354 0.928132 0.918154 0.952446 0.962646 0.991750 0.976126 0.850041 0.939261 0.917598 0.969009 0.974310 0.820130 0.925844 0.795579 0.858850 0.915804 0.941008 0.797667 0.733419 0.762030 0.697447 0.971587 0.975322 0.864978 0.979799 0.926595 0.807624 0.911243 0.974768 0.901909 0.958263 0.987263 0.969668 0.895433 0.859168 0.883798 0.950991 0.924759 0.861160 0.942761 0.805706 0.995131 0.977451 0.737787 0.748898 0.640838 0.788109 0.955420 0.936215 0.863574 0.903659 0.869326 0.838415 0.810263 0.764090 0.823866 0.943629 0.918802 0.577431 0.939818 0.900810 0.965392 0.999492 0.943890 0.739104 0.935476 0.993306 0.849972 0.724643
0.662110 0.819048 0.296558 0.305056 0.745829 0.803641 0.000000 0.346265 0.759969 0.487303 0.621171 0.728082 0.649095 0.726117 0.728151 0.599258 0.659688 0.644255 0.380043 0.622712 0.742811 0.845102 0.395179 0.599217 0.773828 0.763552 0.895080 0.743176 0.732885 0.570344 0.398630 0.530515 0.390276 0.358377 0.672822 0.807501 0.742833 0.793835 0.701489 0.848624 0.975420 0.866676 0.362352 0.439035 0.755528 0.745463 0.579145 0.486595 0.646828 0.856040 0.950529 0.877297 0.905625 0.774264 0.809079 0.938770 0.704649 0.820734 0.547487 0.860112 0.507697 0.845837 0.456149 0.674982 0.552682 0.501648 0.322751 0.415661 0.756408 0.684753 0.598523 0.637317 0.664291 0.728419 0.764808 0.919943 0.775495 0.729698 0.615002 0.697143 0.547043 0.474719 0.850181 0.727626 0.473129 0.581599 0.905918 0.931081 0.899261 0.967584 0.688844 0.633161 0.752694 0.715336 0.968412 0.755588 0.696000 0.870770 0.670717 0.536569 0.828019 0.427386 0.571594 0.529923 0.631600 0.555835 0.910877 0.870329 0.774770 0.669871 0.706879 0.765296 0.690660 0.875091 0.742986 0.882654
0.624222 0.582850 0.572389 0.379174 0.804904 0.765470 0.346265 0.000000 0.751082 0.337421 0.709287 0.511793 0.660697 0.532213 0.712663 0.444895 0.563641 0.535330 0.403657 0.506278 0.743505 0.752714 0.441549 0.573509 0.864282 0.888020 0.834085 0.783599 0.607929 0.483623 0.476806 0.507240 0.420178 0.373813 0.712106 0.751768 0.668947 0.725391 0.868883 0.816924 0.924269 0.754269 0.372208 0.407765 0.693769 0.685828 0.683203 0.533060 0.808272 0.881738 0.912287 0.997607 0.867148 0.847585 0.921054 0.861707 0.561405 0.634439 0.614334 0.799312 0.563173 0.618725 0.449194 0.458731 0.854586 0.584652 0.504858 0.525330 0.722635 0.617424 0.482898 0.561380 0.681265 0.783817 0.823556 0.918873 0.685847 0.569180 0.606139 0.710135 0.440587 0.430939 0.689850 0.594625 0.738491 0.641179 0.975433 0.967564 0.947334 0.984109 0.564781 0.549478 0.672579 0.716130 0.897670 0.659691 0.614461 0.759307 0.523652 0.391165 0.584735 0.496842 0.512179 0.426392 0.601578 0.545668 0.806327 0.757863 0.721009 0.651464 0.630528 0.666965 0.592480 0.775803 0.749919 0.875538
0.797001 0.755208 0.763605 0.939726 0.737647 0.822184 0.759969 0.751082 0.000000 0.727662 0.684313 0.804627 0.686175 0.880666 0.845646 0.823481 0.736618 0.794558 0.776245 0.735322 0.948566 0.865797 0.921381 0.942071 0.891607 0.969983 0.899071 0.917445 0.752710 0.796496 0.785473 0.914919 0.788993 0.729193 0.831470 0.909272 0.943736 0.920516 0.992622 0.908778 0.893035 0.973788 0.688426 0.679521 0.621115 0.690371 0.638052 0.772541 0.924349 0.947334 0.981073 0.946944 0.977513 0.822694 0.949736 0.965482 0.780606 0.790958 0.648473 0.692818 0.642287 0.764181 0.812015 0.809393 0.824581 0.746845 0.722521 0.679588 0.731080 0.865637 0.823151 0.915502 0.872772 0.905455 0.871127 0.867073 0.820999 0.843027 0.978253 0.782649 0.835648 0.894917 0.983366 0.945608 0.955659 0.846300 0.734317 0.706769 0.938514 0.840668 0.900473 0.911940 0.952600 0.839898 0.860568 0.868842 0.874649 0.921117 0.715030 0.808989 0.933624 0.911351 0.881855 0.783002 0.807830 0.774611 0.958375 0.947195 0.871023 0.805865 0.667415 0.918594 0.921582 0.862924 0.756557 0.661546
0.691838 0.622697 0.708616 0.487251 0.928295 0.762848 0.487303 0.337421 0.727662 0.000000 0.754229 0.625638 0.786734 0.624410 0.770963 0.529935 0.595616 0.605160 0.473379 0.535250 0.777617 0.847106 0.513643 0.660233 0.885137 0.875003 0.780634 0.820193 0.708368 0.548009 0.532094 0.522886 0.567245 0.529935 0.727450 0.817713 0.700441 0.821990 0.953921 0.857181 0.981979 0.786107 0.488958 0.528832 0.816798 0.802520 0.746966 0.613428 0.767148 0.806513 0.981602 0.871165 0.981079 0.969488 0.940027 0.869254 0.594717 0.721765 0.792465 0.963274 0.729359 0.761932 0.574790 0.589023 0.953254 0.735547 0.646462 0.675455 0.755290 0.863800 0.463314 0.619611 0.633356 0.724472 0.848696 0.779038 0.739745 0.545981 0.698630 0.764958 0.491551 0.521270 0.749746 0.706081 0.881324 0.838089 0.966765 0.963428 0.752191 0.881531 0.620395 0.589761 0.684516 0.700678 0.910229 0.672623 0.667938 0.763189 0.560792 0.481174 0.760078 0.656621 0.645460 0.495719 0.811354 0.642223 0.835568 0.778178 0.818202 0.709433 0.674879 0.749755 0.730031 0.850885 0.793885 0.893902
0.380772 0.478628 0.730906 0.839185 0.781184 0.958226 0.621171 0.709287 0.684313 0.754229 0.000000 0.433839 0.410401 0.606206 0.583290 0.582402 0.406377 0.404971 0.429759 0.438979 0.839312 0.951454 0.817580 0.912383 0.926580 0.898187 0.922215 0.732609 0.537062 0.471745 0.733429 0.752059 0.509487 0.503473 0.992325 0.892942 0.854478 0.785439 0.933523 0.838988 0.839416 0.887039 0.583950 0.528809 0.722064 0.711537 0.612253 0.650415 0.874147 0.988965 0.965385 0.986480 0.958638 0.800771 0.980584 0.882561 0.409332 0.458311 0.587268 0.697465 0.454291 0.735055 0.395082 0.449286 0.893271 0.773136 0.704628 0.706363 0.450101 0.622163 0.596496 0.570548 0.673080 0.677894 0.963530 0.704974 0.800062 0.651783 0.588461 0.426754 0.493056 0.572905 0.838165 0.858027 0.791406 0.972542 0.804270 0.841374 0.917866 0.868120 0.980771 0.918083 0.889520 0.979932 0.896707 0.851379 0.717494 0.904945 0.503079 0.611952 0.865438 0.859329 0.581886 0.635324 0.702041 0.676261 0.826570 0.949902 0.829446 0.779574 0.843739 0.814447 0.815500 0.870915 0.578897 0.833676
0.360812 0.275944 0.958616 0.801234 0.803277 0.911952 0.728082 0.511793 0.804627 0.625638 0.433839 0.000000 0.447623 0.353489 0.484894 0.373593 0.315179 0.298620 0.422775 0.390765 0.880775 0.899590 0.715890 0.776849 0.959914 0.761992 0.899020 0.796081 0.402867 0.369441 0.732724 0.698072 0.440321 0.503453 0.881593 0.914563 0.661631 0.671039 0.822646 0.803282 0.714658 0.736004 0.570820 0.479685 0.697332 0.634515 0.725071 0.672905 0.952712 0.983287 0.816069 0.887977 0.981429 0.911907 0.935921 0.969898 0.287423 0.291424 0.682974 0.717526 0.539047 0.539199 0.339289 0.239537 0.859875 0.836292 0.888083 0.824579 0.527469 0.585448 0.478407 0.453906 0.710345 0.766400 0.982921 0.805545 0.636389 0.487875 0.589207 0.506867 0.371086 0.466148 0.610319 0.618444 0.900575 0.861365 0.922562 0.965795 0.966701 0.869425 0.900672 0.882327 0.973502 0.997195 0.935492 0.743249 0.712183 0.741721 0.441682 0.464475 0.725885 0.827757 0.557304 0.496463 0.634496 0.678572 0.811034 0.874441 0.738994 0.739714 0.736077 0.667000 0.678088 0.807655 0.695573 0.855215
0.516357 0.516938 0.745409 0.824229 0.687761 0.849236 0.649095 0.660697 0.686175 0.786734 0.410401 0.447623 0.000000 0.494859 0.357145 0.458490 0.510134 0.416265 0.535815 0.575726 0.777904 0.931967 0.691525 0.800983 0.985032 0.901226 0.949239 0.892019 0.499978 0.462845 0.717257 0.812511 0.505505 0.567470 0.990247 0.958241 0.753262 0.805363 0.915050 0.862257 0.867725 0.848204 0.556929 0.483206 0.623634 0.642378 0.648747 0.627282 0.915619 0.917378 0.951030 0.878300 0.991751 0.867710 0.945085 0.948768 0.500663 0.493209 0.628184 0.689724 0.437178 0.672838 0.427838 0.448435 0.780776 0.723209 0.774283 0.734743 0.642041 0.717241 0.658271 0.658800 0.824045 0.848232 0.955846 0.708824 0.823902 0.565646 0.591985 0.482598 0.528321 0.579118 0.752979 0.809270 0.717093 0.829653 0.859805 0.961989 0.787267 0.894942 0.938931 0.998986 0.919976 0.959388 0.912717 0.824505 0.777257 0.888200 0.606434 0.654536 0.944578 0.836007 0.634550 0.674425 0.665063 0.661332 0.868100 0.973474 0.759678 0.715834 0.861279 0.703602 0.820123 0.819520 0.692673 0.832979
0.580664 0.438171 0.989446 0.807554 0.899296 0.974494 0.726117 0.532213 0.880666 0.624410 0.606206 0.353489 0.494859 0.000000 0.418204 0.366591 0.410182 0.338891 0.477599 0.451584 0.886554 0.976631 0.613771 0.654179 0.937277 0.733006 0.895550 0.788509 0.449126 0.392182 0.748238 0.606104 0.536925 0.624414 0.844147 0.938776 0.822089 0.788161 0.798452 0.849227 0.930950 0.786247 0.568301 0.563403 0.791873 0.798683 0.777164 0.678735 0.909906 0.838703 0.959086 0.979181 0.962138 0.941829 0.891661 0.841754 0.396689 0.437388 0.875213 0.934659 0.752154 0.756123 0.402990 0.352777 0.875525 0.965397 0.968293 0.941775 0.698449 0.785461 0.570997 0.579464 0.693225 0.776618 0.946130 0.784846 0.648692 0.471090 0.568584 0.527874 0.394810 0.436595 0.521085 0.611978 0.779857 0.786914 0.983642 0.858482 0.982427 0.854933 0.921318 0.810139 0.951002 0.999706 0.982279 0.723395 0.773109 0.829794 0.546616 0.447911 0.828155 0.817508 0.551500 0.527704 0.746808 0.804634 0.850648 0.805764 0.766794 0.725429 0.787960 0.626957 0.785178 0.696757 0.814967 0.983027
0.649630 0.584696 0.852855 0.815202 0.717696 0.981567 0.728151 0.712663 0.845646 0.770963 0.583290 0.484894 0.357145 0.418204 0.000000 0.465142 0.531209 0.440964 0.559422 0.555937 0.675646 0.934681 0.631573 0.724025 0.943007 0.843097 0.885261 0.876599 0.484679 0.439365 0.760824 0.754975 0.584446 0.642140 0.864392 0.951131 0.781547 0.794413 0.817521 0.829883 0.934062 0.894787 0.603846 0.505264 0.760776 0.764675 0.719443 0.602904 0.885410 0.972167 0.933436 0.995501 0.959965 0.987464 0.936607 0.889419 0.550559 0.578217 0.841398 0.895395 0.666714 0.779742 0.513016 0.512985 0.804102 0.804214 0.908873 0.864934 0.754618 0.838996 0.676872 0.698481 0.813546 0.924006 0.936567 0.703296 0.751973 0.543635 0.557195 0.534430 0.520887 0.558092 0.692706 0.726197 0.682771 0.743970 0.950483 0.896194 0.830053 0.886544 0.963842 0.953357 0.885861 0.926285 0.963987 0.664473 0.879283 0.840819 0.674044 0.604293 0.932420 0.879197 0.699288 0.705745 0.725479 0.752415 0.972387 0.940754 0.705219 0.745295 0.843552 0.639007 0.878842 0.724988 0.828769 0.897806
0.610069 0.458210 0.804510 0.615773 0.908726 0.843802 0.599258 0.444895 0.823481 0.529935 0.582402 0.373593 0.458490 0.366591 0.465142 0.000000 0.415110 0.354015 0.443901 0.424460 0.779920 0.892283 0.459353 0.519780 0.916646 0.957380 0.952468 0.858449 0.443618 0.302781 0.661179 0.550693 0.477622 0.531788 0.942443 0.955454 0.679631 0.774746 0.960965 0.832606 0.850091 0.754260 0.484871 0.453610 0.843147 0.772412 0.722678 0.614570 0.813132 0.889576 0.972009 0.928897 0.986319 0.964326 0.841179 0.813600 0.437552 0.447316 0.796155 0.907830 0.642701 0.672296 0.407849 0.357023 0.973814 0.755332 0.849711 0.807080 0.727676 0.716791 0.468621 0.546390 0.707866 0.769101 0.946083 0.770571 0.610422 0.498136 0.568078 0.533117 0.398588 0.405602 0.596158 0.567646 0.763267 0.659891 0.943191 0.802186 0.966168 0.957863 0.878271 0.774586 0.993558 0.966299 0.896945 0.701335 0.822834 0.836302 0.618465 0.454219 0.870813 0.774258 0.562362 0.441035 0.619153 0.674665 0.990804 0.957738 0.754611 0.665758 0.832455 0.724715 0.731522 0.748319 0.786644 0.903064
0.434570 0.327724 0.880671 0.790814 0.876875 0.993224 0.659688 0.563641 0.736618 0.595616 0.406377 0.315179 0.510134 0.410182 0.531209 0.415110 0.000000 0.245984 0.367909 0.349938 0.870728 0.958321 0.659199 0.741713 0.993290 0.830646 0.956854 0.727026 0.383164 0.314995 0.668245 0.614837 0.460198 0.466015 0.922732 0.871873 0.731315 0.715665 0.847266 0.913332 0.767984 0.771167 0.536969 0.466402 0.782463 0.732828 0.675054 0.689280 0.887072 0.902304 0.994230 0.930319 0.862424 0.883476 0.876509 0.915992 0.256647 0.313282 0.743493 0.817074 0.596511 0.675428 0.341725 0.310210 0.948367 0.855320 0.846101 0.818105 0.492668 0.607203 0.433704 0.452793 0.645631 0.664557 0.953593 0.753481 0.688639 0.576581 0.545854 0.414079 0.313052 0.420479 0.623208 0.633403 0.833261 0.866946 0.927467 0.981649 0.963368 0.842933 0.961576 0.904223 0.931843 0.975107 0.872006 0.766576 0.710590 0.826318 0.583067 0.498447 0.869714 0.838292 0.603622 0.457278 0.745524 0.782243 0.813063 0.907723 0.815540 0.718041 0.693384 0.735678 0.706176 0.726430 0.748640 0.807880
0.430317 0.306551 0.874272 0.777248 0.810013 0.992684 0.644255 0.535330 0.794558 0.605160 0.404971 0.298620 0.416265 0.338891 0.440964 0.354015 0.245984 0.000000 0.335666 0.308429 0.838093 0.974925 0.601757 0.706980 0.976808 0.767440 0.980930 0.707335 0.328358 0.261780 0.696755 0.592606 0.421179 0.441425 0.930393 0.871443 0.702644 0.689777 0.831463 0.899957 0.807561 0.700278 0.506266 0.431751 0.748538 0.701666 0.728061 0.621765 0.872961 0.919266 0.994366 0.957069 0.906133 0.885136 0.910368 0.892225 0.243089 0.285800 0.752339 0.825756 0.563232 0.666387 0.307057 0.268545 0.992088 0.812709 0.833181 0.806198 0.487435 0.625289 0.430130 0.439125 0.677178 0.701613 0.933905 0.772315 0.651798 0.497240 0.490403 0.390907 0.262555 0.354567 0.514468 0.559857 0.756241 0.781045 0.992313 0.925404 0.989678 0.876363 0.951147 0.870869 0.938119 0.989770 0.946221 0.733699 0.714489 0.818823 0.534021 0.436602 0.823692 0.844844 0.541579 0.455879 0.697669 0.705853 0.834000 0.976136 0.800497 0.708198 0.699333 0.623913 0.720298 0.708478 0.703183 0.884547
0.448975 0.463977 0.607679 0.526706 0.743719 0.928947 0.380043 0.403657 0.776245 0.473379 0.429759 0.422775 0.535815 0.477599 0.559422 0.443901 0.367909 0.335666 0.000000 0.331017 0.845773 0.959668 0.439696 0.604087 0.943834 0.911285 0.907803 0.594196 0.463642 0.386024 0.560861 0.467539 0.355966 0.345307 0.914939 0.782330 0.722197 0.740774 0.976323 0.885917 0.938756 0.794079 0.415950 0.430703 0.796734 0.799003 0.656168 0.526497 0.710543 0.785713 0.918642 0.810934 0.919512 0.949015 0.974483 0.824849 0.368497 0.482574 0.692081 0.911376 0.546309 0.782638 0.282811 0.410757 0.836602 0.700978 0.598307 0.653230 0.563906 0.607296 0.370662 0.451875 0.618509 0.644496 0.862939 0.801906 0.669104 0.562410 0.529711 0.494333 0.316695 0.358241 0.610948 0.603769 0.585805 0.676723 0.910198 0.961847 0.909508 0.788871 0.769373 0.709288 0.905848 0.823832 0.954715 0.758013 0.660510 0.830807 0.520057 0.354476 0.836546 0.600599 0.488204 0.431262 0.694335 0.638727 0.863405 0.898049 0.783217 0.773934 0.705129 0.644986 0.711917 0.825217 0.674420 0.906010
0.487555 0.405399 0.830271 0.701652 0.897470 0.975469 0.622712 0.506278 0.735322 0.535250 0.438979 0.390765 0.575726 0.451584 0.555937 0.424460 0.349938 0.308429 0.331017 0.000000 0.827805 0.960380 0.601589 0.704164 0.945393 0.806262 0.936049 0.659015 0.453150 0.364452 0.693588 0.497906 0.498129 0.454818 0.918138 0.742719 0.694608 0.728213 0.856851 0.951988 0.821946 0.872322 0.509659 0.493422 0.884824 0.852528 0.788449 0.678551 0.758639 0.779892 0.898730 0.795654 0.839031 0.904851 0.901350 0.843225 0.350556 0.423552 0.823617 0.951807 0.676550 0.763067 0.367437 0.375159 0.977929 0.856536 0.792964 0.808409 0.525491 0.638795 0.387821 0.487338 0.623834 0.664425 0.979165 0.722099 0.726404 0.540563 0.515483 0.489716 0.353585 0.428489 0.616021 0.596700 0.839172 0.836695 0.946812 0.991390 0.838373 0.796535 0.874306 0.839531 0.974669 0.942781 0.950958 0.793188 0.769159 0.869377 0.557558 0.461161 0.833456 0.763141 0.578007 0.487544 0.755744 0.675950 0.891199 0.958965 0.794969 0.761952 0.706035 0.690682 0.765133 0.717359 0.672784 0.994737
0.933928 0.923638 0.754983 0.721774 0.864600 0.775002 0.742811 0.743505 0.948566 0.777617 0.839312 0.880775 0.777904 0.886554 0.675646 0.779920 0.870728 0.838093 0.845773 0.827805 0.000000 0.738019 0.762970 0.828631 0.754656 0.833658 0.869269 0.999080 0.931500 0.726358 0.789865 0.844796 0.811888 0.760442 0.981464 0.960378 0.844497 0.921631 0.991952 0.993933 0.979847 0.932931 0.777388 0.723853 0.932004 0.896191 0.846589 0.789368 0.897473 0.924625 0.989935 0.979949 0.989403 0.980373 0.786055 0.931394 0.936465 0.987328 0.869287 0.960010 0.798170 0.912016 0.856302 0.862202 0.745142 0.794557 0.806623 0.799986 0.960997 0.976773 0.869842 0.881416 0.874032 0.877006 0.884008 0.954151 0.999948 0.816461 0.793817 0.883257 0.824985 0.810107 0.972616 0.900226 0.853536 0.846196 0.993518 0.978304 0.911850 0.988794 0.874862 0.868391 0.827280 0.887706 0.928513 0.699562 0.896336 0.975814 0.934830 0.889666 0.956272 0.940062 0.793846 0.956322 0.864531 0.728529 0.973897 0.997616 0.800153 0.920346 0.906028 0.906135 0.889535 0.956823 0.933469 0.890211
0.922760 0.910651 0.752159 0.764805 0.814508 0.771273 0.845102 0.752714 0.865797 0.847106 0.951454 0.899590 0.931967 0.976631 0.934681 0.892283 0.958321 0.974925 0.959668 0.960380 0.738019 0.000000 0.834011 0.937767 0.736552 0.712662 0.721006 0.947655 0.942180 0.878601 0.752335 0.962232 0.883638 0.813524 0.897438 0.892549 0.924123 0.868484 0.877484 0.821320 0.991797 0.860865 0.778989 0.747878 0.751424 0.835002 0.876392 0.944068 0.930178 0.850233 0.931295 0.831931 0.885938 0.900508 0.840085 0.776859 0.974926 0.962049 0.831386 0.901682 0.918640 0.891475 0.980609 0.961740 0.814142 0.792796 0.789630 0.813939 0.895831 0.826534 0.815317 0.916307 0.970124 0.906896 0.755908 0.966212 0.860177 0.920950 0.875654 0.952298 0.942606 0.957126 0.950902 0.986979 0.972969 0.958007 0.975574 0.953066 0.831034 0.995253 0.793548 0.848532 0.826480 0.826945 0.841110 0.727268 0.945309 0.978149 0.839294 0.829983 0.844353 0.881161 0.908050 0.814066 0.845428 0.770700 0.968157 0.950369 0.997115 0.934031 0.818398 0.977855 0.920498 0.985968 0.915683 0.797718
0.855073 0.790858 0.536634 0.389469 0.835518 0.810933 0.395179 0.441549 0.921381 0.513643 0.817580 0.715890 0.691525 0.613771 0.631573 0.459353 0.659199 0.601757 0.439696 0.601589 0.762970 0.834011 0.000000 0.343723 0.728593 0.859536 0.962200 0.800273 0.718496 0.534754 0.484022 0.460285 0.535517 0.575915 0.934506 0.827338 0.723802 0.861265 0.815003 0.980194 0.958250 0.761374 0.462889 0.558144 0.939426 0.961498 0.816034 0.683775 0.572632 0.747321 0.748688 0.708343 0.937117 0.819395 0.911155 0.715617 0.710885 0.813443 0.955396 0.812064 0.811383 0.999059 0.582574 0.719959 0.638192 0.668771 0.667947 0.747532 0.982296 0.877706 0.447878 0.595017 0.764365 0.803763 0.797610 0.957157 0.667332 0.688043 0.699322 0.705649 0.560746 0.494141 0.697257 0.670201 0.492044 0.462414 0.771783 0.792951 0.981547 0.852502 0.742255 0.571128 0.813220 0.763938 0.939579 0.625832 0.866152 0.896532 0.784528 0.494860 0.953468 0.615522 0.759888 0.594436 0.811490 0.675680 0.954511 0.944003 0.839223 0.755461 0.817097 0.738640 0.774132 0.856871 0.894068 0.909618
0.981164 0.865945 0.744886 0.502061 0.993351 0.960511 0.599217 0.573509 0.942071 0.660233 0.912383 0.776849 0.800983 0.654179 0.724025 0.519780 0.741713 0.706980 0.604087 0.704164 0.828631 0.937767 0.343723 0.000000 0.703271 0.981140 0.945911 0.858035 0.760468 0.602601 0.677126 0.476050 0.712861 0.741031 0.942739 0.935417 0.790175 0.886385 0.854228 0.930409 0.943135 0.916689 0.683238 0.782489 0.837276 0.836203 0.981841 0.859397 0.566255 0.664613 0.721614 0.678148 0.934184 0.855205 0.863659 0.649399 0.786670 0.871201 0.848365 0.685183 0.986713 0.954522 0.694396 0.781004 0.871597 0.874550 0.894901 0.974440 0.942078 0.877452 0.620907 0.714394 0.708195 0.742504 0.897570 0.912777 0.771443 0.826142 0.719793 0.746085 0.657374 0.544056 0.753946 0.690757 0.628858 0.490945 0.847172 0.727058 0.974017 0.975281 0.878588 0.720309 0.932669 0.911336 0.870953 0.689048 0.954898 0.963564 0.920754 0.640892 0.934197 0.698622 0.863684 0.703946 0.789109 0.834124 0.840096 0.981443 0.891697 0.885866 0.935947 0.882371 0.886043 0.825125 0.876344 0.993304
0.848870 0.939703 0.633408 0.729426 0.889783 0.761624 0.773828 0.864282 0.891607 0.885137 0.926580 0.959914 0.985032 0.937277 0.943007 0.916646 0.993290 0.976808 0.943834 0.945393 0.754656 0.736552 0.728593 0.703271 0.000000 0.588622 0.762860 0.859644 0.991673 0.864725 0.741545 0.896178 0.946768 0.837046 0.812476 0.964532 0.909415 0.982386 0.717142 0.962885 0.911999 0.971398 0.856671 0.903176 0.963099 0.979472 0.894408 0.849893 0.784848 0.965459 0.838334 0.959815 0.909754 0.948164 0.962909 0.868543 0.927429 0.898065 0.999527 0.861613 0.969047 0.916548 0.988837 0.896322 0.643245 0.778451 0.811767 0.858470 0.949256 0.953977 0.969969 0.941084 0.821849 0.973262 0.812221 0.962906 0.828579 0.979205 0.935407 0.903949 0.996152 0.896350 0.975580 0.957110 0.859182 0.739086 0.962572 0.955273 0.965743 0.960669 0.949573 0.876535 0.833229 0.835850 0.963801 0.760992 0.918846 0.932695 0.943430 0.957013 0.947388 0.961233 0.848078 0.945955 0.864970 0.832542 0.923192 0.990969 0.921512 0.929894 0.771842 0.948215 0.971652 0.996524 0.947394 0.677114
0.807941 0.737099 0.554304 0.666148 0.978294 0.678844 0.763552 0.888020 0.969983 0.875003 0.898187 0.761992 0.901226 0.733006 0.843097 0.957380 0.830646 0.767440 0.911285 0.806262 0.833658 0.712662 0.859536 0.981140 0.588622 0.000000 0.711468 0.707343 0.795288 0.923273 0.721505 0.951486 0.974444 0.884379 0.580326 0.820579 0.939567 0.886841 0.690493 0.922302 0.998655 0.937172 0.860443 0.888999 0.966663 0.966827 0.750653 0.807866 0.855184 0.932599 0.913657 0.984519 0.926658 0.963265 0.862000 0.873296 0.742056 0.737299 0.801236 0.922631 0.921212 0.954224 0.861804 0.776652 0.564537 0.651224 0.642296 0.610673 0.910164 0.956407 0.899416 0.822276 0.949123 0.873143 0.707232 0.979870 0.957334 0.827910 0.977915 0.862209 0.890246 0.994744 0.901682 0.947796 0.838884 0.796096 0.902954 0.923743 0.856261 0.751130 0.988003 0.994588 0.860390 0.944724 0.925541 0.988352 0.936281 0.998446 0.802369 0.924562 0.884689 0.906059 0.960250 0.955395 0.968596 0.832253 0.983828 0.951060 0.987473 0.899422 0.994548 0.843374 0.918112 0.947537 0.949237 0.754237
0.871432 0.932123 0.904829 0.982848 0.890344 0.961067 0.895080 0.834085 0.899071 0.780634 0.922215 0.899020 0.949239 0.895550 0.885261 0.952468 0.956854 0.980930 0.907803 0.936049 0.869269 0.721006 0.962200 0.945911 0.762860 0.711468 0.000000 0.786933 0.986861 0.930821 0.831618 0.914508 0.962551 0.996524 0.946791 0.993080 0.987452 0.949894 0.944212 0.947781 0.952242 0.941625 0.948346 0.865145 0.983984 0.985633 0.933433 0.963285 0.913957 0.798568 0.934701 0.894431 0.993946 0.979194 0.964926 0.922073 0.929289 0.978941 0.991157 0.977288 0.959991 0.900714 0.885036 0.899188 0.688130 0.888837 0.978712 0.993592 0.940766 0.869710 0.946621 0.931753 0.881910 0.838633 0.853863 0.988039 0.985371 0.772819 0.898244 0.984632 0.894821 0.906363 0.914208 0.994759 0.951692 0.859984 0.944124 0.895853 0.814591 0.871554 0.696714 0.774547 0.725521 0.836133 0.928233 0.952772 0.769665 0.979860 0.722022 0.847297 0.916815 0.951608 0.862784 0.916023 0.848641 0.991971 0.994202 0.809159 0.924598 0.995412 0.917530 0.978257 0.902502 0.982895 0.997295 0.927463
0.708321 0.774296 0.908195 0.868590 0.830709 0.690131 0.743176 0.783599 0.917445 0.820193 0.732609 0.796081 0.892019 0.788509 0.876599 0.858449 0.727026 0.707335 0.594196 0.659015 0.999080 0.947655 0.800273 0.858035 0.859644 0.707343 0.786933 0.000000 0.751966 0.758631 0.991743 0.805031 0.776489 0.750264 0.985955 0.842405 0.906079 0.878740 0.900660 0.904180 0.997327 0.941127 0.760808 0.785001 0.938442 0.947732 0.984958 0.727068 0.830688 0.886726 0.903324 0.846721 0.902206 0.811417 0.992641 0.865034 0.676844 0.771419 0.952976 0.952369 0.816041 0.883755 0.749003 0.819486 0.994741 0.874625 0.873510 0.903503 0.741432 0.857618 0.719921 0.768868 0.651719 0.671559 0.931372 0.880237 0.903136 0.845592 0.770286 0.730921 0.745418 0.833160 0.842707 0.838899 0.830849 0.965515 0.834209 0.977040 0.912276 0.724221 0.910734 0.861767 0.958776 0.914191 0.974069 0.964686 0.923607 0.970885 0.752385 0.673096 0.983686 0.799231 0.811986 0.725777 0.798734 0.969078 0.954698 0.977104 0.983515 0.959132 0.769328 0.833681 0.879052 0.960854 0.903941 0.862279
0.574610 0.450113 0.923802 0.858154 0.777394 0.990239 0.732885 0.607929 0.752710 0.708368 0.537062 0.402867 0.499978 0.449126 0.484679 0.443618 0.383164 0.328358 0.463642 0.453150 0.931500 0.942180 0.718496 0.760468 0.991673 0.795288 0.986861 0.751966 0.000000 0.366035 0.786340 0.666767 0.501020 0.504560 0.978264 0.917905 0.845992 0.862089 0.898501 0.951305 0.817499 0.771508 0.537405 0.481268 0.703534 0.634719 0.647765 0.560216 0.948231 0.949933 0.950552 0.922831 0.957411 0.955873 0.992268 0.925062 0.393961 0.406754 0.761955 0.780110 0.589389 0.600824 0.441286 0.378039 0.978863 0.754700 0.808285 0.772709 0.546136 0.573743 0.639561 0.678359 0.715107 0.745863 0.927648 0.697431 0.739372 0.540798 0.565587 0.477123 0.370320 0.478716 0.569622 0.579669 0.785636 0.792811 0.892664 0.924430 0.984533 0.980256 0.999816 0.913279 0.936575 0.923251 0.834695 0.753603 0.775513 0.801754 0.601223 0.527396 0.807770 0.782147 0.638328 0.545519 0.723174 0.750187 0.936736 0.962252 0.823999 0.720710 0.648205 0.726251 0.800635 0.703336 0.811580 0.869179
0.535582 0.424586 0.749794 0.630085 0.850162 0.982630 0.570344 0.483623 0.796496 0.548009 0.471745 0.369441 0.462845 0.392182 0.439365 0.302781 0.314995 0.261780 0.386024 0.364452 0.726358 0.878601 0.534754 0.602601 0.864725 0.923273 0.930821 0.758631 0.366035 0.000000 0.598301 0.526255 0.450164 0.426929 0.954929 0.878809 0.673262 0.634605 0.921629 0.879938 0.802080 0.779200 0.411118 0.344055 0.771781 0.670430 0.662673 0.504761 0.846804 0.988963 0.977059 0.992910 0.997122 0.992685 0.896446 0.916955 0.341032 0.403966 0.743041 0.852087 0.557989 0.625087 0.379876 0.330242 0.880090 0.684105 0.773535 0.757090 0.598584 0.602669 0.486205 0.528820 0.619134 0.660451 0.836638 0.737806 0.697580 0.525212 0.446550 0.476182 0.339473 0.390356 0.509329 0.549632 0.748138 0.737066 0.984923 0.832352 0.917832 0.931953 0.995965 0.923735 0.858065 0.965974 0.960478 0.671011 0.810555 0.785281 0.633847 0.486061 0.835447 0.818111 0.609824 0.448024 0.644909 0.651382 0.853213 0.980008 0.711015 0.618978 0.684909 0.736940 0.698926 0.731477 0.758890 0.868836
0.710538 0.773365 0.464547 0.424577 0.848320 0.743209 0.398630 0.476806 0.785473 0.532094 0.733429 0.732724 0.717257 0.748238 0.760824 0.661179 0.668245 0.696755 0.560861 0.693588 0.789865 0.752335 0.484022 0.677126 0.741545 0.721505 0.831618 0.991743 0.786340 0.598301 0.000000 0.577625 0.473139 0.461816 0.721104 0.874845 0.746718 0.814626 0.769132 0.906167 0.917275 0.832128 0.472546 0.482568 0.771800 0.746101 0.685454 0.646537 0.759178 0.934498 0.981595 0.951761 0.876898 0.899880 0.876317 0.932513 0.722181 0.806298 0.664575 0.883126 0.613766 0.883693 0.597434 0.710319 0.648972 0.631784 0.515210 0.573897 0.851492 0.719314 0.629362 0.735917 0.730377 0.825296 0.803088 0.905530 0.779054 0.829951 0.742329 0.746226 0.647911 0.621157 0.832672 0.801462 0.680858 0.717105 0.883346 0.961301 0.831949 0.989854 0.822207 0.752405 0.882098 0.760892 0.950854 0.839815 0.724548 0.860156 0.780071 0.702577 0.801462 0.529631 0.785051 0.668035 0.902874 0.634365 0.888934 0.813124 0.921001 0.760916 0.704817 0.841204 0.750228 0.891728 0.816956 0.868439
0.814469 0.788206 0.696408 0.516115 0.927428 0.925422 0.530515 0.507240 0.914919 0.522886 0.752059 0.698072 0.812511 0.606104 0.754975 0.550693 0.614837 0.592606 0.467539 0.497906 0.844796 0.962232 0.460285 0.476050 0.896178 0.951486 0.914508 0.805031 0.666767 0.526255 0.577625 0.000000 0.589132 0.564063 0.982154 0.759163 0.834312 0.951838 0.993292 0.938971 0.981108 0.977958 0.585848 0.683054 0.896856 0.943442 0.902539 0.731876 0.555640 0.609213 0.762316 0.668519 0.914340 0.908147 0.965107 0.774022 0.669659 0.780604 0.998810 0.856983 0.877956 0.999250 0.545304 0.641794 0.931812 0.837972 0.769251 0.816189 0.899549 0.805940 0.598049 0.718006 0.703748 0.714208 0.869883 0.880725 0.854144 0.695335 0.571813 0.697739 0.502982 0.429249 0.673056 0.616581 0.699615 0.626158 0.915926 0.742393 0.921517 0.978636 0.902418 0.758807 0.940743 0.942103 0.948402 0.697651 0.792643 0.895136 0.878076 0.574368 0.885638 0.632994 0.784391 0.550797 0.878050 0.848440 0.960036 0.955444 0.856065 0.770183 0.755778 0.911851 0.934693 0.807357 0.864079 0.992437
0.427563 0.521468 0.552538 0.496259 0.674688 0.869237 0.390276 0.420178 0.788993 0.567245 0.509487 0.440321 0.505505 0.536925 0.584446 0.477622 0.460198 0.421179 0.355966 0.498129 0.811888 0.883638 0.535517 0.712861 0.946768 0.974444 0.962551 0.776489 0.501020 0.450164 0.473139 0.589132 0.000000 0.307221 0.796163 0.812418 0.635829 0.678214 0.915393 0.773538 0.830067 0.734551 0.425833 0.388088 0.651520 0.632544 0.670500 0.540232 0.848240 0.948536 0.960684 0.993354 0.950449 0.982673 0.833413 0.995367 0.458142 0.519728 0.516476 0.687447 0.421319 0.687396 0.326916 0.398357 0.767617 0.606223 0.497676 0.488171 0.582208 0.559734 0.508171 0.510571 0.762677 0.870021 0.855636 0.956385 0.673380 0.570192 0.579496 0.582477 0.392750 0.374106 0.679321 0.540137 0.609550 0.588012 0.986876 0.945043 0.874244 0.966589 0.806800 0.724748 0.858902 0.835052 0.954707 0.826374 0.734333 0.828276 0.568213 0.587979 0.811545 0.571241 0.523045 0.490990 0.581234 0.626731 0.868894 0.920442 0.854818 0.737692 0.656062 0.697180 0.738639 0.792300 0.686463 0.919331
0.478541 0.542033 0.496995 0.464520 0.702093 0.789815 0.358377 0.373813 0.729193 0.529935 0.503473 0.503453 0.567470 0.624414 0.642140 0.531788 0.466015 0.441425 0.345307 0.454818 0.760442 0.813524 0.575915 0.741031 0.837046 0.884379 0.996524 0.750264 0.504560 0.426929 0.461816 0.564063 0.307221 0.000000 0.685113 0.762411 0.652526 0.722410 0.788448 0.783646 0.855271 0.793101 0.388287 0.357694 0.649066 0.645944 0.571246 0.430383 0.825821 0.977815 0.985610 0.975003 0.941850 0.992518 0.806533 0.955093 0.478066 0.564173 0.509696 0.695653 0.430479 0.678637 0.355431 0.456663 0.701369 0.546608 0.406789 0.418455 0.554388 0.522793 0.503277 0.596209 0.701493 0.827734 0.846388 0.868850 0.735076 0.606252 0.473403 0.584049 0.363620 0.371582 0.704201 0.577293 0.625013 0.633984 0.959783 0.947409 0.895813 0.989966 0.712421 0.703351 0.797005 0.743433 0.922755 0.764859 0.634277 0.745470 0.557648 0.521708 0.750013 0.548258 0.541273 0.421794 0.565555 0.561922 0.843060 0.882327 0.854482 0.698170 0.563410 0.683674 0.651693 0.740040 0.637154 0.846315
0.941689 0.951387 0.612132 0.706790 0.836604 0.682543 0.672822 0.712106 0.831470 0.727450 0.992325 0.881593 0.990247 0.844147 0.864392 0.942443 0.922732 0.930393 0.914939 0.918138 0.981464 0.897438 0.934506 0.942739 0.812476 0.580326 0.946791 0.985955 0.978264 0.954929 0.721104 0.982154 0.796163 0.685113 0.000000 0.759708 0.863256 0.934287 0.620325 0.985765 0.999698 0.973856 0.764444 0.778676 0.665598 0.741676 0.856381 0.748493 0.961207 0.900008 0.930418 0.906272 0.758842 0.961684 0.741749 0.890518 0.956350 0.902842 0.628977 0.775482 0.704532 0.861791 0.951349 0.964793 0.660054 0.626157 0.478249 0.502330 0.921452 0.889588 0.995357 0.897513 0.957014 0.924437 0.878399 0.968957 0.931252 0.985607 0.977907 0.948888 0.933890 0.910681 0.999508 0.978167 0.830603 0.838121 0.905602 0.809487 0.942113 0.835813 0.698358 0.785421 0.620572 0.696503 0.997141 0.934050 0.684550 0.846325 0.854189 0.900691 0.811118 0.753698 0.831448 0.949503 0.859339 0.716359 0.873749 0.834667 0.948209 0.932624 0.799812 0.762845 0.925219 0.982223 0.878907 0.928998
0.871343 0.859489 0.826032 0.858276 0.934473 0.946796 0.807501 0.751768 0.909272 0.817713 0.892942 0.914563 0.958241 0.938776 0.951131 0.955454 0.871873 0.871443 0.782330 0.742719 0.960378 0.892549 0.827338 0.935417 0.964532 0.820579 0.993080 0.842405 0.917905 0.878809 0.874845 0.759163 0.812418 0.762411 0.759708 0.000000 0.871759 0.782714 0.924771 0.937499 0.964456 0.991478 0.758102 0.811108 0.836103 0.897370 0.990305 0.858065 0.942113 0.925223 0.962745 0.973990 0.930736 0.927270 0.930504 0.954221 0.823476 0.892715 0.890183 0.885099 0.832911 0.881111 0.872420 0.852848 0.868769 0.772972 0.748896 0.747065 0.794524 0.850732 0.720842 0.932479 0.993684 0.941398 0.875631 0.946536 0.998402 0.853454 0.986357 0.980830 0.817240 0.892301 0.729570 0.831578 0.960626 0.864386 0.894986 0.982186 0.942845 0.980652 0.923607 0.948732 0.972881 0.989664 0.921807 0.873118 0.834536 0.938237 0.845174 0.786636 0.865406 0.967974 0.997136 0.830760 0.955968 0.891754 0.670034 0.885145 0.897299 0.994708 0.769368 0.822457 0.925304 0.845471 0.806951 0.903654
0.673059 0.681208 0.826703 0.684992 0.919470 0.799638 0.742833 0.668947 0.943736 0.700441 0.854478 0.661631 0.753262 0.822089 0.781547 0.679631 0.731315 0.702644 0.722197 0.694608 0.844497 0.924123 0.723802 0.790175 0.909415 0.939567 0.987452 0.906079 0.845992 0.673262 0.746718 0.834312 0.635829 0.652526 0.863256 0.871759 0.000000 0.595408 0.953511 0.975029 0.746075 0.831798 0.705479 0.666690 0.874159 0.817083 0.960694 0.812287 0.995491 0.986442 0.928826 0.989705 0.901661 0.944399 0.967965 0.970544 0.666033 0.689693 0.819303 0.931425 0.726700 0.727280 0.686771 0.659469 0.892676 0.743060 0.854839 0.808903 0.818565 0.822949 0.580490 0.679270 0.875244 0.898904 0.968460 0.998335 0.797032 0.690369 0.731423 0.930320 0.709412 0.730417 0.825459 0.654295 0.895467 0.818130 0.839813 0.988180 0.961788 0.921248 0.877614 0.804325 0.899927 0.814365 0.795589 0.984979 0.748003 0.697579 0.739634 0.747286 0.924639 0.817129 0.818556 0.768616 0.674029 0.691779 0.958893 0.804199 0.771913 0.887222 0.782004 0.622539 0.787831 0.854640 0.827141 0.917525
0.583550 0.608841 0.863079 0.773174 0.935080 0.871569 0.793835 0.725391 0.920516 0.821990 0.785439 0.671039 0.805363 0.788161 0.794413 0.774746 0.715665 0.689777 0.740774 0.728213 0.921631 0.868484 0.861265 0.886385 0.982386 0.886841 0.949894 0.878740 0.862089 0.634605 0.814626 0.951838 0.678214 0.722410 0.934287 0.782714 0.595408 0.000000 0.942791 0.787538 0.842659 0.910334 0.645584 0.609554 0.738126 0.708171 0.934208 0.824817 0.792648 0.778859 0.685697 0.722199 0.820478 0.805522 0.957447 0.984656 0.625943 0.630717 0.717016 0.780094 0.666680 0.673597 0.685603 0.625013 0.908019 0.784765 0.898372 0.866746 0.699211 0.627581 0.640501 0.642746 0.915425 0.799293 0.835097 0.962785 0.814901 0.827792 0.837686 0.801679 0.792728 0.824867 0.805400 0.765179 0.933049 0.867016 0.930091 0.987557 0.882270 0.872491 0.998784 0.933424 0.869928 0.996913 0.952062 0.912006 0.872404 0.770871 0.722855 0.784589 0.808603 0.992003 0.827676 0.680870 0.779039 0.716154 0.797258 0.761928 0.707889 0.840132 0.794609 0.813980 0.716462 0.834615 0.883036 0.869285
