0.000000 0.573354 0.731953 0.604032 0.879834 0.925983 0.716767 0.627961 0.962029 0.806640 0.553894 0.680801 0.873564 0.958939 0.917478 0.864579 0.477076 0.475498 0.565537 0.550219 0.790247 0.926412 0.811035 0.714574 0.918581 0.803658 0.917915 0.896752 0.849622 0.893911 0.958182 0.884068 0.586621 0.587474 0.661057 0.965200 0.794088 0.869943 0.992722 0.961267 0.728265 0.776010 0.830490 0.806477 0.885478 0.696818 0.591989 0.665478 0.783022 0.810798 0.902186 0.931663 0.981830 0.896963 0.639298 0.620536 0.446793 0.556690 0.497637 0.654572 0.622837 0.705769 0.545639 0.514942 0.892429 0.819710 0.646367 0.770748 0.705664 0.706287 0.946698 0.894133 0.965076 0.939767 0.971104 0.949643 0.905146 0.822854 0.688938 0.989987 0.511445 0.519233 0.965721 0.695476 0.820117 0.821885 0.878199 0.863268 0.752475 0.576586 0.817017 0.941448 0.872678 0.981198 0.777854 0.858844 0.735013 0.898056 0.639552 0.720863 0.917198 0.926500 0.571607 0.687015 0.949201 0.686778 0.895804 0.838164 0.951362 0.998008 0.970859 0.744844 0.882088 0.999821 0.961824 0.962934
0.573354 0.000000 0.827773 0.704118 0.745121 0.917963 0.929691 0.788345 0.995932 0.999747 0.797844 0.769380 0.885972 0.814638 0.990081 0.954828 0.653984 0.707628 0.660307 0.662707 0.831316 0.895875 0.879134 0.873195 0.893034 0.768063 0.949887 0.915646 0.976072 0.997425 0.973396 0.932804 0.752600 0.854040 0.784953 0.949039 0.829597 0.858943 0.874172 0.910031 0.839103 0.783319 0.753412 0.678859 0.841222 0.696844 0.728054 0.690724 0.687201 0.678670 0.767464 0.807501 0.800910 0.856961 0.746133 0.882343 0.570966 0.517163 0.627058 0.683260 0.906662 0.876486 0.910608 0.806619 0.870642 0.894317 0.843166 0.839742 0.674686 0.600391 0.816489 0.865596 0.907191 0.986258 0.899030 0.918903 0.756724 0.720911 0.792698 0.917840 0.810662 0.811254 0.946472 0.892443 0.958000 0.985485 0.953702 0.839178 0.884765 0.735179 0.846483 0.898887 0.882388 0.869955 0.923056 0.889894 0.710872 0.904848 0.707275 0.736332 0.987962 0.798021 0.655705 0.683191 0.885684 0.733224 0.914512 0.744581 0.945374 0.870837 0.898674 0.750899 0.741815 0.911660 0.890330 0.973424
0.731953 0.827773 0.000000 0.514595 0.951141 0.758809 0.482242 0.909992 0.637416 0.953301 0.881193 0.829882 0.927357 0.873040 0.972809 0.715839 0.841831 0.753716 0.780960 0.833694 0.775872 0.945841 0.855748 0.979855 0.725420 0.725449 0.854004 0.878372 0.967193 0.809348 0.849305 0.990374 0.611987 0.877674 0.601471 0.984220 0.778585 0.849788 0.902706 0.977261 0.757606 0.730786 0.831932 0.778675 0.750916 0.723027 0.852793 0.879568 0.894907 0.797678 0.815154 0.829743 0.814887 0.699432 0.934420 0.765736 0.696617 0.807792 0.858476 0.904547 0.794507 0.876303 0.867400 0.928329 0.530050 0.952594 0.524567 0.845822 0.715394 0.751761 0.922121 0.898520 0.950291 0.899015 0.887905 0.870775 0.822878 0.865576 0.768222 0.980535 0.719432 0.734506 0.836480 0.734317 0.617257 0.725557 0.991563 0.989582 0.826700 0.810962 0.553569 0.597750 0.539314 0.578474 0.876900 0.703074 0.715786 0.875126 0.733829 0.693129 0.915329 0.872321 0.731470 0.776454 0.839166 0.777405 0.965020 0.752323 0.990142 0.960711 0.901055 0.756079 0.827861 0.991862 0.988924 0.948791
0.604032 0.704118 0.514595 0.000000 0.939519 0.938296 0.606587 0.750482 0.798488 0.954120 0.765500 0.941560 0.780727 0.898201 0.932291 0.879307 0.805616 0.726117 0.606438 0.706035 0.815202 0.948156 0.888421 0.979072 0.704683 0.660324 0.930932 0.874927 0.996303 0.870195 0.840217 0.992486 0.636258 0.798110 0.587847 0.981695 0.915654 0.959664 0.972998 0.920318 0.737987 0.741126 0.734492 0.664116 0.773809 0.669324 0.723437 0.701335 0.871125 0.777284 0.859582 0.833358 0.850552 0.815553 0.855559 0.673764 0.690992 0.784754 0.858739 0.923978 0.741030 0.928966 0.790133 0.819480 0.587755 0.866670 0.576728 0.797910 0.772140 0.768377 0.860969 0.938117 0.908941 0.974703 0.978211 0.909688 0.752024 0.875710 0.842310 0.994527 0.681760 0.704559 0.893006 0.846995 0.668975 0.645744 0.976889 0.971199 0.849161 0.695917 0.491771 0.668527 0.516320 0.638197 0.882333 0.664763 0.654650 0.848578 0.619094 0.626995 0.963547 0.867653 0.610213 0.604882 0.788323 0.725974 0.978848 0.824230 0.984806 0.980170 0.848422 0.665130 0.871716 0.967250 0.952074 0.978977
0.879834 0.745121 0.951141 0.939519 0.000000 0.935009 0.844706 0.951178 0.742385 0.877242 0.959922 0.934935 0.896702 0.988722 0.787116 0.894777 0.960643 0.994170 0.932150 0.959607 0.807209 0.926061 0.613972 0.698049 0.944612 0.862241 0.823544 0.785916 0.872681 0.885811 0.922520 0.794125 0.944987 0.981550 0.916007 0.967683 0.902382 0.716418 0.988345 0.910015 0.803675 0.878821 0.670571 0.696201 0.942827 0.887948 0.779190 0.817325 0.830199 0.906438 0.916461 0.995934 0.879537 0.909625 0.992552 0.992468 0.831998 0.970852 0.808565 0.909348 0.850540 0.981159 0.911070 0.944451 0.775804 0.969143 0.982826 0.846974 0.800030 0.829413 0.965731 0.958663 0.863056 0.768742 0.983549 0.895401 0.971874 0.859357 0.917684 0.966205 0.943237 0.965428 0.724299 0.903645 0.696486 0.756058 0.808406 0.744882 0.951400 0.952046 0.891709 0.946184 0.932415 0.992844 0.974424 0.865023 0.960518 0.759103 0.997781 0.978599 0.878820 0.878441 0.828773 0.802160 0.878254 0.883702 0.987513 0.883882 0.853390 0.926733 0.973320 0.971148 0.888137 0.906881 0.936412 0.919437
0.925983 0.917963 0.758809 0.938296 0.935009 0.000000 0.874755 0.851013 0.912365 0.868072 0.894050 0.755700 0.888108 0.782748 0.952139 0.789625 0.984928 0.980615 0.946451 0.944266 0.975332 0.923059 0.843835 0.897164 0.918505 0.984531 0.989119 0.885043 0.983433 0.934054 0.941812 0.874515 0.928614 0.963547 0.823271 0.955555 0.860679 0.843313 0.975621 0.948156 0.995851 0.836052 0.941881 0.966892 0.824324 0.942762 0.937760 0.968615 0.883428 0.855979 0.858071 0.862437 0.859421 0.798882 0.914455 0.912384 0.947632 0.999497 0.981837 0.803358 0.884894 0.708051 0.970786 0.955521 0.864136 0.713196 0.941903 0.975424 0.866512 0.952081 0.987933 0.998969 0.989349 0.994365 0.989300 0.869460 0.936332 0.984751 0.967565 0.931559 0.976249 0.989763 0.754837 0.875163 0.781615 0.957447 0.893368 0.861857 0.960938 0.983746 0.947923 0.839126 0.953415 0.869307 0.985034 0.967277 0.936769 0.882126 0.995557 0.931270 0.880906 0.965901 0.941979 0.926480 0.944326 0.994547 0.890959 0.908695 0.918588 0.956658 0.870816 0.954314 0.943901 0.974432 0.780007 0.875475
0.716767 0.929691 0.482242 0.606587 0.844706 0.874755 0.000000 0.561047 0.604173 0.549392 0.762606 0.950639 0.955277 0.769879 0.787733 0.665366 0.724446 0.610224 0.750666 0.881537 0.975172 0.993011 0.893228 0.880207 0.911805 0.914405 0.893619 0.846078 0.840207 0.880354 0.883424 0.977743 0.566698 0.588811 0.683240 0.971864 0.964250 0.907673 0.986849 0.972485 0.791585 0.886026 0.936482 0.907135 0.594239 0.590946 0.879877 0.846412 0.855278 0.969407 0.980169 0.869242 0.937542 0.993139 0.876167 0.753173 0.841484 0.984415 0.879571 0.926190 0.480922 0.773085 0.599287 0.647155 0.770603 0.917096 0.529179 0.682864 0.980382 0.880479 0.979250 0.857663 0.931509 0.974470 0.871765 0.900487 0.947145 0.977601 0.793016 0.809176 0.568015 0.597832 0.879398 0.674966 0.634603 0.809613 0.885775 0.995525 0.979593 0.883057 0.572691 0.745515 0.602151 0.791840 0.792360 0.808647 0.781533 0.891634 0.581170 0.672472 0.996698 0.975681 0.798650 0.764253 0.958788 0.873057 0.896320 0.911808 0.900196 0.985671 0.871108 0.735153 0.862344 0.870670 0.782932 0.880068
0.627961 0.788345 0.909992 0.750482 0.951178 0.851013 0.561047 0.000000 0.848017 0.423710 0.477926 0.471477 0.853410 0.945813 0.678852 0.869498 0.562915 0.591045 0.714352 0.773318 0.932858 0.858587 0.795071 0.735737 0.659233 0.762541 0.738939 0.754686 0.657767 0.628702 0.905701 0.911071 0.735829 0.445205 0.850607 0.967404 0.806842 0.699286 0.995266 0.999970 0.837435 0.987311 0.961095 0.921671 0.713660 0.628380 0.797151 0.800969 0.814256 0.863553 0.752278 0.624624 0.665665 0.614941 0.745027 0.760714 0.893953 0.948848 0.787635 0.845749 0.390275 0.405155 0.475806 0.412090 0.844486 0.717331 0.765582 0.658993 0.865607 0.891587 0.931401 0.768618 0.959790 0.980805 0.850249 0.972587 0.919783 0.950881 0.849364 0.795736 0.592514 0.657190 0.926090 0.741873 0.993698 0.965456 0.747385 0.828319 0.997023 0.818193 0.828550 0.869605 0.911921 0.821790 0.820112 0.938174 0.838668 0.889615 0.595809 0.799811 0.802886 0.849685 0.705770 0.768341 0.876332 0.955687 0.746451 0.881234 0.859770 0.984258 0.876952 0.747881 0.882977 0.809564 0.794284 0.814058
0.962029 0.995932 0.637416 0.798488 0.742385 0.912365 0.604173 0.848017 0.000000 0.800310 0.949156 0.921953 0.870841 0.934402 0.974860 0.943405 0.935258 0.868656 0.954682 0.994141 0.957106 0.925066 0.755952 0.889845 0.998160 0.992924 0.931812 0.960256 0.934412 0.952833 0.923458 0.986919 0.839988 0.903067 0.845522 0.909035 0.971544 0.894351 0.899086 0.925877 0.891779 0.959481 0.869371 0.911004 0.922700 0.920781 0.936606 0.873694 0.944304 0.970570 0.961299 0.952253 0.857640 0.749290 0.984403 0.862893 0.998193 0.947559 0.903216 0.910525 0.757556 0.937079 0.916675 0.939451 0.671216 0.886529 0.803649 0.959518 0.991907 0.948893 0.999225 0.962118 0.919653 0.978101 0.957155 0.978313 0.845900 0.951930 0.838064 0.910204 0.867485 0.899409 0.809101 0.825713 0.730065 0.765610 0.991170 0.979760 0.926038 0.959469 0.688471 0.710152 0.760424 0.748905 0.975004 0.824892 0.789488 0.984014 0.860628 0.767389 0.855432 0.874917 0.960980 0.925482 0.849016 0.991805 0.957287 0.947976 0.900953 0.987248 0.881268 0.871639 0.843546 0.910044 0.849482 0.957453
0.806640 0.999747 0.953301 0.954120 0.877242 0.868072 0.549392 0.423710 0.800310 0.000000 0.665404 0.667833 0.947419 0.890942 0.627716 0.805059 0.681792 0.615117 0.848883 0.916316 0.935360 0.967018 0.902457 0.742727 0.541018 0.578297 0.770430 0.654316 0.699814 0.609984 0.960743 0.928598 0.825025 0.545469 0.910380 0.957789 0.769738 0.688682 0.938345 0.939997 0.932849 0.906242 0.872315 0.902299 0.694255 0.709048 0.858072 0.907508 0.811608 0.839583 0.807581 0.652741 0.696974 0.657817 0.841315 0.799008 0.970843 0.951282 0.815367 0.864434 0.458198 0.497906 0.527248 0.491100 0.786633 0.805470 0.747842 0.641478 0.749806 0.924781 0.908133 0.785538 0.877644 0.969765 0.882919 0.954419 0.910568 0.854532 0.850386 0.727118 0.621541 0.679477 0.925737 0.729835 0.941136 0.945854 0.775554 0.952187 0.854358 0.890054 0.905099 0.878717 0.994297 0.791509 0.805232 0.987348 0.986855 0.995869 0.707772 0.818277 0.858690 0.769097 0.848427 0.873830 0.899584 0.950925 0.772881 0.839642 0.895590 0.993745 0.982997 0.848733 0.960963 0.850440 0.742088 0.798581
0.553894 0.797844 0.881193 0.765500 0.959922 0.894050 0.762606 0.477926 0.949156 0.665404 0.000000 0.484392 0.821267 0.984293 0.688650 0.857823 0.538750 0.633380 0.783954 0.725540 0.966971 0.799463 0.645494 0.648011 0.876451 0.934325 0.847400 0.989119 0.777581 0.796936 0.803457 0.761033 0.762797 0.530611 0.803641 0.952204 0.932813 0.890276 0.994378 0.929463 0.741637 0.841567 0.973001 0.939559 0.887415 0.772329 0.782304 0.861531 0.892027 0.897415 0.721792 0.684443 0.649885 0.597932 0.711242 0.708145 0.792771 0.865173 0.682756 0.799433 0.537826 0.541221 0.537563 0.471956 0.856194 0.822407 0.773113 0.823384 0.909631 0.752725 0.832842 0.811979 0.863501 0.914226 0.876725 0.882113 0.953850 0.960056 0.807302 0.913611 0.633498 0.718599 0.923570 0.770465 0.935994 0.987339 0.802312 0.712236 0.896198 0.768397 0.867164 0.788989 0.930111 0.830156 0.786574 0.941961 0.840590 0.870380 0.741806 0.870433 0.843450 0.911672 0.582181 0.804501 0.938858 0.856143 0.692586 0.907929 0.858220 0.934621 0.947365 0.804962 0.903162 0.903759 0.939398 0.978612
0.680801 0.769380 0.829882 0.941560 0.934935 0.755700 0.950639 0.471477 0.921953 0.667833 0.484392 0.000000 0.668285 0.672779 0.838626 0.847247 0.651839 0.732650 0.720105 0.766199 0.925209 0.789572 0.663377 0.805314 0.696759 0.779185 0.862885 0.881593 0.706929 0.672204 0.717410 0.853849 0.966642 0.607000 0.997911 0.965350 0.857770 0.701291 0.959606 0.949711 0.896335 0.924708 0.930569 0.930040 0.934728 0.827628 0.773002 0.898803 0.951850 0.798633 0.747976 0.666986 0.654912 0.594222 0.697184 0.806918 0.913190 0.924576 0.824701 0.820995 0.563903 0.445509 0.590520 0.530988 0.709816 0.690279 0.990042 0.885383 0.944037 0.853525 0.831422 0.798561 0.953111 0.968885 0.846724 0.985170 0.904995 0.854885 0.876992 0.887358 0.735710 0.826143 0.836986 0.913488 0.797830 0.972835 0.740900 0.746669 0.951149 0.905043 0.916233 0.682713 0.862604 0.647481 0.872038 0.885219 0.926659 0.982634 0.829785 0.980727 0.750393 0.816788 0.744880 0.910437 0.833816 0.985484 0.772568 0.862614 0.905471 0.997821 0.958047 0.895797 0.916773 0.902579 0.877193 0.893744
0.873564 0.885972 0.927357 0.780727 0.896702 0.888108 0.955277 0.853410 0.870841 0.947419 0.821267 0.668285 0.000000 0.529451 0.746702 0.593852 0.942151 0.988744 0.755167 0.928201 0.912121 0.927830 0.947764 0.833842 0.967434 0.938522 0.852888 0.847277 0.860977 0.965003 0.966586 0.993855 0.981611 0.891514 0.953979 0.979702 0.918943 0.876643 0.967327 0.758492 0.847900 0.943581 0.921933 0.922793 0.929839 0.982767 0.931024 0.933450 0.834471 0.882143 0.919612 0.943507 0.980721 0.873931 0.844620 0.881865 0.969455 0.988702 0.794466 0.827711 0.774102 0.852119 0.875085 0.917493 0.887948 0.845812 0.986850 0.781552 0.841428 0.963514 0.972178 0.903444 0.828003 0.881258 0.873808 0.913964 0.759745 0.751124 0.931896 0.972944 0.955788 0.941710 0.970708 0.928471 0.957598 0.807895 0.952793 0.919996 0.894533 0.890102 0.820345 0.951248 0.830448 0.939294 0.896013 0.951823 0.869834 0.992527 0.870524 0.995184 0.953126 0.972419 0.807649 0.879093 0.914801 0.962147 0.994488 0.919940 0.941282 0.986242 0.802799 0.959212 0.926404 0.801770 0.956758 0.981311
0.958939 0.814638 0.873040 0.898201 0.988722 0.782748 0.769879 0.945813 0.934402 0.890942 0.984293 0.672779 0.529451 0.000000 0.646180 0.515818 0.955552 0.969251 0.713038 0.814495 0.952088 0.895293 0.953315 0.764889 0.995031 0.918965 0.737917 0.866912 0.818554 0.862847 0.989997 0.804003 0.856751 0.963581 0.967807 0.952766 0.802334 0.822601 0.955217 0.778170 0.963714 0.875378 0.880815 0.889253 0.897434 0.976694 0.881363 0.954701 0.951226 0.947535 0.976726 0.980440 0.892422 0.916601 0.893221 0.896510 0.990454 0.996356 0.829445 0.962565 0.999049 0.919952 0.965738 0.994916 0.986925 0.866133 0.830908 0.810387 0.953557 0.982487 0.867894 0.802099 0.804392 0.855800 0.879932 0.851640 0.690640 0.832399 0.968786 0.893995 0.974696 0.896345 0.972692 0.905294 0.931934 0.855158 0.873656 0.987667 0.992368 0.977225 0.975106 0.954639 0.975899 0.919651 0.996370 0.987887 0.962960 0.879257 0.995363 0.998414 0.866364 0.982420 0.876577 0.920966 0.993925 0.949235 0.964075 0.955034 0.845065 0.921730 0.893687 0.934290 0.908066 0.997166 0.912864 0.981766
0.917478 0.990081 0.972809 0.932291 0.787116 0.952139 0.787733 0.678852 0.974860 0.627716 0.688650 0.838626 0.746702 0.646180 0.000000 0.552428 0.808426 0.867811 0.829414 0.900851 0.950875 0.968120 0.542810 0.528653 0.805571 0.762416 0.575898 0.867530 0.959486 0.935688 0.762673 0.698784 0.935659 0.745065 0.994304 0.922082 0.928305 0.984562 0.949997 0.767415 0.905264 0.954024 0.859693 0.853155 0.711390 0.726584 0.937347 0.894121 0.766004 0.891908 0.887622 0.703066 0.585600 0.586018 0.897677 0.886991 0.967477 0.921026 0.719401 0.818509 0.775682 0.690426 0.874104 0.781291 0.638408 0.896448 0.828234 0.626009 0.884120 0.841090 0.805376 0.700766 0.747509 0.783679 0.933080 0.942608 0.896098 0.933760 0.943500 0.883311 0.880360 0.949912 0.728842 0.998571 0.739446 0.696701 0.824324 0.786722 0.935621 0.969863 0.981632 0.866352 0.995224 0.894839 0.990093 0.966914 0.873710 0.732048 0.885796 0.902406 0.767815 0.892572 0.878211 0.912667 0.839720 0.988821 0.877860 0.999187 0.926614 0.907129 0.960364 0.965442 0.993348 0.760322 0.856185 0.994540
0.864579 0.954828 0.715839 0.879307 0.894777 0.789625 0.665366 0.869498 0.943405 0.805059 0.857823 0.847247 0.593852 0.515818 0.552428 0.000000 0.858982 0.796894 0.932623 0.994696 0.932341 0.994505 0.790815 0.632842 0.980761 0.967325 0.786842 0.913998 0.915638 0.897733 0.922354 0.771606 0.857101 0.875203 0.778955 0.946918 0.907379 0.871690 0.992499 0.792501 0.912583 0.779946 0.910142 0.900265 0.714015 0.740462 0.932729 0.841191 0.724458 0.907356 0.964316 0.955927 0.824069 0.828684 0.968443 0.819891 0.852050 0.985069 0.706256 0.920938 0.909108 0.984102 0.872853 0.849224 0.975402 0.884332 0.733434 0.734445 0.976210 0.872601 0.883222 0.875321 0.715533 0.774276 0.965700 0.817977 0.867779 0.863098 0.965792 0.903684 0.759560 0.754100 0.964620 0.819220 0.929977 0.939579 0.896379 0.875968 0.965867 0.823241 0.895122 0.922200 0.841760 0.900163 0.947932 0.883655 0.873167 0.805987 0.840607 0.799032 0.940028 0.987389 0.916490 0.869248 0.950673 0.825671 0.939733 0.941450 0.906668 0.998120 0.994277 0.892859 0.889139 0.994766 0.857713 0.979722
0.477076 0.653984 0.841831 0.805616 0.960643 0.984928 0.724446 0.562915 0.935258 0.681792 0.538750 0.651839 0.942151 0.955552 0.808426 0.858982 0.000000 0.482196 0.754132 0.635458 0.941683 0.931737 0.849474 0.755893 0.894335 0.990081 0.891566 0.953478 0.756729 0.772267 0.907688 0.912204 0.682439 0.618402 0.744930 0.959833 0.821310 0.956179 0.891646 0.979406 0.861980 0.906420 0.989933 0.928257 0.891435 0.819633 0.754443 0.787254 0.838491 0.961963 0.984089 0.944264 0.874633 0.805153 0.595995 0.714934 0.594954 0.639133 0.540101 0.647390 0.563162 0.595099 0.533274 0.458218 0.957525 0.740749 0.710180 0.735092 0.872017 0.758868 0.968822 0.781428 0.992961 0.982895 0.885554 0.916312 0.976217 0.933616 0.765434 0.947846 0.533069 0.561437 0.974410 0.630539 0.840196 0.862488 0.852618 0.980001 0.791970 0.657984 0.934154 0.824682 0.976579 0.875559 0.822681 0.866287 0.779509 0.952819 0.700292 0.797274 0.926220 0.945130 0.638890 0.762759 0.982913 0.784857 0.830072 0.901069 0.973122 0.957361 0.991126 0.841498 0.895352 0.970279 0.976643 0.937793
0.475498 0.707628 0.753716 0.726117 0.994170 0.980615 0.610224 0.591045 0.868656 0.615117 0.633380 0.732650 0.988744 0.969251 0.867811 0.796894 0.482196 0.000000 0.655540 0.624861 0.868765 0.970792 0.916385 0.739667 0.941427 0.987888 0.990913 0.908684 0.671935 0.667556 0.944611 0.951365 0.641876 0.577486 0.737336 0.852889 0.842304 0.955002 0.999439 0.981032 0.811524 0.842573 0.914951 0.903686 0.821796 0.733045 0.591957 0.699402 0.735404 0.896050 0.934212 0.989067 0.968492 0.870145 0.610846 0.593189 0.529063 0.658949 0.541041 0.688453 0.551520 0.652020 0.456865 0.446136 0.916017 0.832803 0.639745 0.713440 0.927183 0.751096 0.902605 0.775479 0.972888 0.893803 0.892645 0.961942 0.976909 0.994099 0.716100 0.969839 0.377132 0.432841 0.822729 0.480401 0.724859 0.822642 0.901440 0.964587 0.783079 0.587605 0.931719 0.837605 0.991840 0.873066 0.759171 0.859241 0.885589 0.956884 0.690839 0.774551 0.968403 0.849761 0.692174 0.769061 0.951905 0.719804 0.837112 0.987571 0.916427 0.978385 0.979195 0.794812 0.863467 0.993744 0.924752 0.832985
0.565537 0.660307 0.780960 0.606438 0.932150 0.946451 0.750666 0.714352 0.954682 0.848883 0.783954 0.720105 0.755167 0.713038 0.829414 0.932623 0.754132 0.655540 0.000000 0.608108 0.911109 0.891504 0.842481 0.885990 0.978826 0.936752 0.872185 0.985672 0.809476 0.853812 0.891945 0.732095 0.727910 0.716639 0.700489 0.896532 0.932743 0.877816 0.876790 0.779212 0.794293 0.856667 0.962474 0.912759 0.861031 0.769268 0.762628 0.766706 0.867445 0.866392 0.984964 0.945101 0.845684 0.914652 0.680604 0.726074 0.731495 0.790511 0.889617 0.912213 0.688819 0.844054 0.617001 0.672933 0.785738 0.928298 0.873783 0.982674 0.817449 0.804073 0.941659 0.965560 0.818357 0.827218 0.995566 0.986806 0.853306 0.813917 0.821786 0.976217 0.677332 0.650917 0.827397 0.841760 0.684452 0.737734 0.985905 0.932325 0.958536 0.732896 0.791943 0.919307 0.784407 0.952562 0.803088 0.981894 0.882062 0.885039 0.715028 0.662397 0.978573 0.896028 0.741669 0.851653 0.874895 0.690475 0.871503 0.903079 0.937281 0.914526 0.951300 0.743483 0.858701 0.952215 0.969575 0.732805
0.550219 0.662707 0.833694 0.706035 0.959607 0.944266 0.881537 0.773318 0.994141 0.916316 0.725540 0.766199 0.928201 0.814495 0.900851 0.994696 0.635458 0.624861 0.608108 0.000000 0.864895 0.850470 0.991036 0.962729 0.967809 0.914569 0.998234 0.892895 0.818540 0.903914 0.865676 0.907148 0.759750 0.803554 0.716267 0.959863 0.860607 0.925542 0.965996 0.925400 0.831266 0.869076 0.912204 0.903958 0.894171 0.774866 0.682224 0.692915 0.767732 0.703183 0.816625 0.778690 0.799808 0.985758 0.776664 0.735712 0.643626 0.639847 0.638572 0.642205 0.811324 0.831218 0.712776 0.662934 0.876651 0.889528 0.806183 0.873248 0.826171 0.783654 0.871847 0.943879 0.854302 0.891512 0.982646 0.986197 0.905248 0.960748 0.750813 0.967275 0.693762 0.662554 0.788266 0.754073 0.808909 0.783005 0.936234 0.981821 0.847242 0.621432 0.859138 0.997285 0.917361 0.974344 0.942289 0.929482 0.840075 0.834452 0.731812 0.748323 0.835512 0.961922 0.683911 0.777208 0.912077 0.789410 0.889866 0.909348 0.923679 0.967676 0.924985 0.763069 0.812298 0.960765 0.949532 0.876235
0.790247 0.831316 0.775872 0.815202 0.807209 0.975332 0.975172 0.932858 0.957106 0.935360 0.966971 0.925209 0.912121 0.952088 0.950875 0.932341 0.941683 0.868765 0.911109 0.864895 0.000000 0.932407 0.824473 0.772919 0.787704 0.751628 0.949308 0.782563 0.891099 0.793171 0.963801 0.822695 0.796956 0.978949 0.867174 0.948067 0.756765 0.803048 0.823436 0.941959 0.913226 0.997972 0.703908 0.749016 0.972053 0.941921 0.773132 0.882253 0.965141 0.874054 0.772910 0.823229 0.977337 0.938228 0.961516 0.997443 0.656365 0.767551 0.705817 0.854111 0.980303 0.938261 0.946790 0.934482 0.868655 0.899394 0.762897 0.837297 0.791593 0.795058 0.986652 0.933072 0.975411 0.738758 0.983351 0.923909 0.953661 0.996280 0.836728 0.935285 0.924872 0.932304 0.854654 0.954693 0.975074 0.978167 0.996363 0.845609 0.833954 0.806201 0.894536 0.917038 0.960642 0.856300 0.864445 0.706273 0.774077 0.896345 0.975163 0.944031 0.919980 0.945233 0.766957 0.811964 0.990750 0.945197 0.918677 0.858440 0.971072 0.848129 0.967225 0.860140 0.902143 0.945166 0.884575 0.770577
0.926412 0.895875 0.945841 0.948156 0.926061 0.923059 0.993011 0.858587 0.925066 0.967018 0.799463 0.789572 0.927830 0.895293 0.968120 0.994505 0.931737 0.970792 0.891504 0.850470 0.932407 0.000000 0.991572 0.963548 0.976744 0.944791 0.967872 0.863282 0.822601 0.855780 0.973901 0.813393 0.957622 0.895387 0.878808 0.958848 0.831246 0.810749 0.958007 0.932986 0.933512 0.828103 0.988945 0.968695 0.946303 0.994336 0.988905 0.935749 0.929087 0.853308 0.802225 0.811851 0.816684 0.791938 0.891252 0.965160 0.980492 0.882638 0.909602 0.881109 0.871940 0.901026 0.777782 0.830156 0.943009 0.965770 0.947456 0.977460 0.906509 0.973130 0.890011 0.855430 0.822703 0.875313 0.989490 0.898679 0.974345 0.862274 0.950840 0.873050 0.949011 0.893977 0.804388 0.959697 0.926494 0.911697 0.995876 0.991769 0.969703 0.975916 0.960897 0.883782 0.908237 0.836613 0.908718 0.906892 0.967243 0.912347 0.933189 0.907987 0.939263 0.851053 0.993742 0.996117 0.817476 0.903958 0.690856 0.846804 0.998586 0.995999 0.849077 0.917323 0.941516 0.874400 0.909556 0.885210
0.811035 0.879134 0.855748 0.888421 0.613972 0.843835 0.893228 0.795071 0.755952 0.902457 0.645494 0.663377 0.947764 0.953315 0.542810 0.790815 0.849474 0.916385 0.842481 0.991036 0.824473 0.991572 0.000000 0.429522 0.849760 0.928423 0.744150 0.937993 0.968934 0.966680 0.588323 0.538969 0.930243 0.870913 0.879757 0.883633 0.904066 0.952018 0.860797 0.791516 0.898560 0.943742 0.773427 0.777464 0.971245 0.887017 0.830444 0.880698 0.863090 0.882719 0.877772 0.749705 0.624024 0.568104 0.897997 0.910838 0.879483 0.905325 0.640129 0.762694 0.942255 0.745909 0.952095 0.840036 0.532805 0.942679 0.996737 0.879163 0.891708 0.815105 0.798174 0.832090 0.654083 0.691708 0.896501 0.959614 0.936199 0.914790 0.944783 0.931753 0.941609 0.931671 0.596605 0.887984 0.481019 0.622265 0.716714 0.509305 0.943182 0.997273 0.809148 0.692645 0.858086 0.806314 0.972018 0.987561 0.916813 0.703986 0.964784 0.888397 0.699594 0.917873 0.764060 0.852404 0.811214 0.998331 0.987451 0.967332 0.977827 0.920426 0.951227 0.986042 0.996783 0.863531 0.997051 0.842013
0.714574 0.873195 0.979855 0.979072 0.698049 0.897164 0.880207 0.735737 0.889845 0.742727 0.648011 0.805314 0.833842 0.764889 0.528653 0.632842 0.755893 0.739667 0.885990 0.962729 0.772919 0.963548 0.429522 0.000000 0.803294 0.876386 0.660397 0.971726 0.984768 0.994458 0.661738 0.541102 0.964907 0.767604 0.977105 0.941035 0.835662 0.935715 0.926310 0.706741 0.863476 0.933747 0.865854 0.869835 0.857452 0.793751 0.774368 0.821224 0.745333 0.975704 0.930906 0.780084 0.732623 0.631159 0.925947 0.885069 0.804438 0.832979 0.548790 0.780009 0.857281 0.792930 0.827092 0.715917 0.640629 0.913924 0.833718 0.827867 0.865024 0.730970 0.855777 0.873831 0.585205 0.640492 0.929631 0.933272 0.991082 0.977146 0.879333 0.873098 0.780343 0.877624 0.779926 0.890841 0.676486 0.637962 0.773537 0.618599 0.951691 0.925063 0.957387 0.797706 0.949024 0.893496 0.992677 0.906292 0.894762 0.777990 0.832808 0.950735 0.803935 0.983290 0.729180 0.795455 0.863516 0.908214 0.932544 0.963227 0.938234 0.921493 0.869357 0.889912 0.994279 0.894928 0.909224 0.915575
0.918581 0.893034 0.725420 0.704683 0.944612 0.918505 0.911805 0.659233 0.998160 0.541018 0.876451 0.696759 0.967434 0.995031 0.805571 0.980761 0.894335 0.941427 0.978826 0.967809 0.787704 0.976744 0.849760 0.803294 0.000000 0.416059 0.767552 0.616851 0.737326 0.687552 0.801165 0.916751 0.872536 0.766300 0.856933 0.853919 0.738880 0.701713 0.875145 0.994933 0.960340 0.753716 0.712018 0.683877 0.953170 0.991713 0.910310 0.935842 0.988753 0.728480 0.720332 0.619004 0.698505 0.653830 0.968065 0.905069 0.695869 0.843393 0.985780 0.934209 0.698443 0.603506 0.781818 0.696388 0.567849 0.940036 0.831521 0.959963 0.776066 0.909446 0.848449 0.848750 0.909038 0.963410 0.874220 0.944417 0.837103 0.846534 0.925309 0.761038 0.945621 0.958486 0.833546 0.956701 0.792427 0.776647 0.818468 0.909240 0.751901 0.819766 0.821199 0.708964 0.791289 0.640858 0.976454 0.765865 0.852198 0.902794 0.939322 0.894957 0.900827 0.797098 0.933553 0.947695 0.801180 0.855311 0.929281 0.763959 0.908392 0.941016 0.887285 0.939507 0.967721 0.822857 0.723213 0.740104
0.803658 0.768063 0.725449 0.660324 0.862241 0.984531 0.914405 0.762541 0.992924 0.578297 0.934325 0.779185 0.938522 0.918965 0.762416 0.967325 0.990081 0.987888 0.936752 0.914569 0.751628 0.944791 0.928423 0.876386 0.416059 0.000000 0.772892 0.575500 0.793912 0.677515 0.788320 0.989534 0.856589 0.831265 0.867098 0.879256 0.684483 0.669677 0.802323 0.992051 0.875510 0.782183 0.689245 0.686916 0.878883 0.986566 0.904492 0.852824 0.999421 0.732526 0.739564 0.651239 0.766273 0.698264 0.883708 0.878796 0.693614 0.758373 0.935986 0.949589 0.792699 0.754560 0.825226 0.795420 0.575655 0.964844 0.843495 0.985965 0.732084 0.947473 0.820122 0.895144 0.914082 0.896620 0.945383 0.982066 0.819241 0.765148 0.926856 0.696616 0.976131 0.972164 0.901118 0.994198 0.840331 0.740565 0.878658 0.969008 0.663157 0.787280 0.824171 0.789166 0.805835 0.692020 0.944830 0.767079 0.850989 0.844479 0.996156 0.915762 0.909668 0.765499 0.820490 0.831423 0.842909 0.839094 0.877113 0.798954 0.929849 0.960765 0.958876 0.911586 0.908486 0.894795 0.720495 0.777083
0.917915 0.949887 0.854004 0.930932 0.823544 0.989119 0.893619 0.738939 0.931812 0.770430 0.847400 0.862885 0.852888 0.737917 0.575898 0.786842 0.891566 0.990913 0.872185 0.998234 0.949308 0.967872 0.744150 0.660397 0.767552 0.772892 0.000000 0.752823 0.874318 0.994348 0.846534 0.778534 0.969377 0.770841 0.999261 0.917967 0.947492 0.939323 0.997942 0.861037 0.966135 0.945838 0.846543 0.897068 0.747478 0.750067 0.954214 0.829459 0.781878 0.939991 0.962652 0.836563 0.764901 0.766564 0.945848 0.883569 0.989634 0.946512 0.836920 0.861233 0.903501 0.813976 0.997044 0.879301 0.728861 0.937070 0.990024 0.681116 0.953456 0.925643 0.997530 0.889140 0.880399 0.870331 0.905687 0.952556 0.916529 0.970868 0.984533 0.882323 0.966028 0.963603 0.759893 0.918582 0.785111 0.753130 0.894249 0.826173 0.862617 0.948719 0.933761 0.964091 0.977589 0.944057 0.894312 0.969745 0.880599 0.917118 0.862798 0.894551 0.867721 0.982345 0.943379 0.961753 0.763243 0.937881 0.988024 0.935979 0.863799 0.980415 0.969846 0.981872 0.958412 0.779429 0.758975 0.993227
0.896752 0.915646 0.878372 0.874927 0.785916 0.885043 0.846078 0.754686 0.960256 0.654316 0.989119 0.881593 0.847277 0.866912 0.867530 0.913998 0.953478 0.908684 0.985672 0.892895 0.782563 0.863282 0.937993 0.971726 0.616851 0.575500 0.752823 0.000000 0.902418 0.831704 0.971484 0.927649 0.950636 0.862861 0.969939 0.936955 0.727053 0.699763 0.946578 0.985603 0.868967 0.976083 0.910475 0.845977 0.748233 0.809168 0.983306 0.963983 0.834162 0.973875 0.960375 0.893593 0.920833 0.866506 0.964108 0.917818 0.795174 0.934451 0.969264 0.906084 0.821689 0.800107 0.898586 0.823982 0.820595 0.993729 0.974804 0.803565 0.699893 0.993061 0.944292 0.963739 0.965546 0.858410 0.914016 0.982593 0.936007 0.850944 0.882553 0.825836 0.979748 0.891512 0.941705 0.902271 0.985163 0.920983 0.995361 0.915805 0.801907 0.922510 0.949994 0.953020 0.898792 0.816984 0.995236 0.801131 0.799409 0.843494 0.890711 0.958619 0.902955 0.860091 0.809795 0.885430 0.826205 0.923077 0.999483 0.772414 0.934499 0.957919 0.998601 0.956727 0.954368 0.899871 0.769366 0.742573
0.849622 0.976072 0.967193 0.996303 0.872681 0.983433 0.840207 0.657767 0.934412 0.699814 0.777581 0.706929 0.860977 0.818554 0.959486 0.915638 0.756729 0.671935 0.809476 0.818540 0.891099 0.822601 0.968934 0.984768 0.737326 0.793912 0.874318 0.902418 0.000000 0.442103 0.968336 0.799678 0.877650 0.631998 0.906065 0.832172 0.828892 0.705860 0.928085 0.853690 0.943443 0.883721 0.816487 0.816452 0.923719 0.962062 0.843091 0.979057 0.943244 0.738588 0.681577 0.701936 0.821939 0.694547 0.856065 0.804885 0.989861 0.907394 0.990413 0.965568 0.630708 0.623125 0.563422 0.634223 0.961106 0.806724 0.982820 0.970962 0.725352 0.892313 0.817004 0.779575 0.924767 0.788090 0.875671 0.890131 0.987056 0.959035 0.806253 0.998928 0.715085 0.741676 0.810918 0.694568 0.853442 0.811564 0.937737 0.883634 0.939933 0.813509 0.819560 0.614527 0.739349 0.599537 0.825184 0.973478 0.867671 0.874533 0.955634 0.947279 0.964746 0.612686 0.957612 0.964895 0.847504 0.929382 0.780044 0.688893 0.972253 0.980142 0.858734 0.938148 0.913356 0.942122 0.888853 0.697474
0.893911 0.997425 0.809348 0.870195 0.885811 0.934054 0.880354 0.628702 0.952833 0.609984 0.796936 0.672204 0.965003 0.862847 0.935688 0.897733 0.772267 0.667556 0.853812 0.903914 0.793171 0.855780 0.966680 0.994458 0.687552 0.677515 0.994348 0.831704 0.442103 0.000000 0.921627 0.802118 0.849904 0.597473 0.911143 0.840574 0.778000 0.725515 0.960906 0.949764 0.992378 0.847118 0.829191 0.815000 0.940159 0.938039 0.855460 0.970173 0.893756 0.823093 0.793616 0.721922 0.818469 0.684892 0.796598 0.818886 0.976605 0.942279 0.966993 0.904781 0.671853 0.596073 0.566814 0.580750 0.792626 0.830671 0.949026 0.860117 0.672858 0.898755 0.849207 0.807679 0.892069 0.821340 0.966153 0.909955 0.920474 0.915009 0.906077 0.969878 0.745973 0.735025 0.803409 0.703842 0.905146 0.929420 0.967590 0.900037 0.966630 0.874897 0.774772 0.607513 0.703467 0.548593 0.859794 0.864972 0.867409 0.829000 0.946738 0.975358 0.965273 0.692884 0.891462 0.948837 0.900012 0.960614 0.714695 0.753822 0.931788 0.983082 0.952773 0.994134 0.933321 0.982920 0.859830 0.716424
0.958182 0.973396 0.849305 0.840217 0.922520 0.941812 0.883424 0.905701 0.923458 0.960743 0.803457 0.717410 0.966586 0.989997 0.762673 0.922354 0.907688 0.944611 0.891945 0.865676 0.963801 0.973901 0.588323 0.661738 0.801165 0.788320 0.846534 0.971484 0.968336 0.921627 0.000000 0.663309 0.744496 0.980741 0.874823 0.855009 0.945677 0.763585 0.981921 0.934988 0.895331 0.926678 0.985876 0.979557 0.922734 0.913140 0.970206 0.893605 0.894728 0.731354 0.754326 0.698254 0.751184 0.709529 0.955916 0.937252 0.915095 0.954481 0.927338 0.990905 0.970476 0.854382 0.940453 0.982099 0.709648 0.997262 0.843724 0.851870 0.896559 0.769828 0.729784 0.929389 0.798606 0.837168 0.908474 0.944648 0.953377 0.905046 0.938136 0.939335 0.889274 0.850549 0.745338 0.850850 0.583292 0.715555 0.885183 0.677401 0.981549 0.916586 0.842605 0.817720 0.853297 0.822888 0.900084 0.908630 0.994688 0.887614 0.892061 0.856670 0.853884 0.986471 0.900120 0.899910 0.891407 0.922149 0.992539 0.859318 0.968059 0.898224 0.873426 0.988250 0.975923 0.993561 0.883475 0.895030
0.884068 0.932804 0.990374 0.992486 0.794125 0.874515 0.977743 0.911071 0.986919 0.928598 0.761033 0.853849 0.993855 0.804003 0.698784 0.771606 0.912204 0.951365 0.732095 0.907148 0.822695 0.813393 0.538969 0.541102 0.916751 0.989534 0.778534 0.927649 0.799678 0.802118 0.663309 0.000000 0.911025 0.950317 0.958604 0.720219 0.763357 0.863840 0.892749 0.754821 0.854362 0.978989 0.907955 0.917916 0.964853 0.967236 0.944119 0.957434 0.998687 0.932396 0.988398 0.901986 0.742945 0.809586 0.990806 0.932761 0.917913 0.862688 0.691980 0.844592 0.924122 0.858543 0.978992 0.898702 0.806075 0.993327 0.848259 0.972002 0.834852 0.752800 0.800029 0.917866 0.718658 0.632003 0.909370 0.933384 0.927745 0.951332 0.974243 0.809257 0.905711 0.985714 0.680002 0.996837 0.672215 0.785226 0.838328 0.555200 0.816964 0.971013 0.975943 0.940908 0.968283 0.981587 0.957615 0.983791 0.855516 0.715585 0.943461 0.884021 0.920063 0.882911 0.799064 0.870925 0.955377 0.954299 0.859025 0.926045 0.892211 0.836140 0.837420 0.936330 0.934534 0.880341 0.961357 0.799445
0.586621 0.752600 0.611987 0.636258 0.944987 0.928614 0.566698 0.735829 0.839988 0.825025 0.762797 0.966642 0.981611 0.856751 0.935659 0.857101 0.682439 0.641876 0.727910 0.759750 0.796956 0.957622 0.930243 0.964907 0.872536 0.856589 0.969377 0.950636 0.877650 0.849904 0.744496 0.911025 0.000000 0.633758 0.733144 0.892661 0.900062 0.884633 0.982146 0.988147 0.775712 0.785548 0.874911 0.810702 0.760200 0.694082 0.793512 0.749318 0.856493 0.836081 0.900807 0.952223 0.996243 0.966856 0.806287 0.825351 0.614476 0.825845 0.754314 0.885636 0.653402 0.835518 0.680625 0.726865 0.768827 0.834207 0.540498 0.630449 0.883779 0.910915 0.991930 0.855976 0.909814 0.927132 0.974167 0.972555 0.868715 0.989384 0.753922 0.934689 0.615191 0.611299 0.893218 0.751300 0.664613 0.739541 0.886413 0.952657 0.927407 0.790447 0.667299 0.868020 0.764508 0.841666 0.864553 0.736754 0.666404 0.908094 0.711931 0.752747 0.963187 0.964375 0.795305 0.740776 0.928162 0.780231 0.826399 0.790477 0.853083 0.878994 0.937652 0.742346 0.808705 0.971771 0.999466 0.968475
0.587474 0.854040 0.877674 0.798110 0.981550 0.963547 0.588811 0.445205 0.903067 0.545469 0.530611 0.607000 0.891514 0.963581 0.745065 0.875203 0.618402 0.577486 0.716639 0.803554 0.978949 0.895387 0.870913 0.767604 0.766300 0.831265 0.770841 0.862861 0.631998 0.597473 0.980741 0.950317 0.633758 0.000000 0.825352 0.941564 0.945798 0.885444 0.956976 0.961842 0.792507 0.916664 0.945304 0.960891 0.765009 0.693780 0.824802 0.785968 0.820195 0.889759 0.801395 0.702561 0.693311 0.668007 0.688836 0.763728 0.816253 0.964808 0.790190 0.900838 0.461195 0.534260 0.450925 0.443605 0.894742 0.820473 0.730096 0.699570 0.985863 0.880462 0.812430 0.746947 0.996138 0.962983 0.965588 0.978728 0.965754 0.938845 0.854550 0.866009 0.571553 0.611856 0.951536 0.685445 0.843702 0.899831 0.934649 0.975142 0.983293 0.785493 0.852420 0.844749 0.936930 0.800984 0.777383 0.968710 0.920518 0.957432 0.658864 0.751170 0.932164 0.802644 0.747127 0.817686 0.918614 0.861903 0.731259 0.919826 0.881478 0.942468 0.811063 0.719981 0.862637 0.842825 0.783001 0.760795
0.661057 0.784953 0.601471 0.587847 0.916007 0.823271 0.683240 0.850607 0.845522 0.910380 0.803641 0.997911 0.953979 0.967807 0.994304 0.778955 0.744930 0.737336 0.700489 0.716267 0.867174 0.878808 0.879757 0.977105 0.856933 0.867098 0.999261 0.969939 0.906065 0.911143 0.874823 0.958604 0.733144 0.825352 0.000000 0.998072 0.864124 0.918525 0.923518 0.935805 0.746708 0.678534 0.850872 0.862309 0.739955 0.715763 0.884364 0.778147 0.791598 0.745730 0.799716 0.792512 0.828398 0.818210 0.908812 0.726164 0.708161 0.745977 0.791778 0.898668 0.826773 0.966384 0.792169 0.780402 0.713218 0.957762 0.695009 0.892479 0.680197 0.701985 0.792552 0.853396 0.960240 0.958070 0.987631 0.870980 0.945702 0.976956 0.880595 0.960835 0.722436 0.720754 0.842631 0.752061 0.688979 0.813221 0.988511 0.993899 0.961680 0.734725 0.679778 0.701066 0.655550 0.758821 0.830149 0.841209 0.783897 0.826918 0.685894 0.624194 0.956781 0.877562 0.694979 0.746267 0.830022 0.706495 0.967252 0.675560 0.906657 0.912856 0.880651 0.863724 0.973841 0.930678 0.895287 0.976223
0.965200 0.949039 0.984220 0.981695 0.967683 0.955555 0.971864 0.967404 0.909035 0.957789 0.952204 0.965350 0.979702 0.952766 0.922082 0.946918 0.959833 0.852889 0.896532 0.959863 0.948067 0.958848 0.883633 0.941035 0.853919 0.879256 0.917967 0.936955 0.832172 0.840574 0.855009 0.720219 0.892661 0.941564 0.998072 0.000000 0.972619 0.999189 0.944777 0.941664 0.964249 0.979364 0.867181 0.936739 0.870525 0.874435 0.883897 0.794659 0.858186 0.904596 0.976046 0.981658 0.900451 0.927883 0.908149 0.925380 0.909030 0.975428 0.958120 0.912796 0.965123 0.913758 0.909705 0.997911 0.890922 0.965824 0.961841 0.907616 0.867237 0.875022 0.998414 0.955341 0.949519 0.987332 0.996154 0.988482 0.955467 0.891957 0.892709 0.906738 0.916517 0.935803 0.806414 0.880665 0.825500 0.904298 0.986490 0.796121 0.950412 0.936506 0.947204 0.954895 0.978242 0.970845 0.836055 0.990252 0.929047 0.848862 0.915672 0.937006 0.975543 0.886877 0.938891 0.929090 0.878724 0.972814 0.889123 0.888312 0.978185 0.953428 0.943043 0.950843 0.955666 0.994905 0.959830 0.933264
0.794088 0.829597 0.778585 0.915654 0.902382 0.860679 0.964250 0.806842 0.971544 0.769738 0.932813 0.857770 0.918943 0.802334 0.928305 0.907379 0.821310 0.842304 0.932743 0.860607 0.756765 0.831246 0.904066 0.835662 0.738880 0.684483 0.947492 0.727053 0.828892 0.778000 0.945677 0.763357 0.900062 0.945798 0.864124 0.972619 0.000000 0.635944 0.893437 0.844323 0.840925 0.794772 0.953854 0.926501 0.833666 0.871494 0.923780 0.977293 0.967788 0.885333 0.820459 0.758628 0.867831 0.859467 0.875841 0.850559 0.662414 0.645711 0.719816 0.823361 0.884594 0.859466 0.946089 0.984129 0.796012 0.950834 0.834429 0.998722 0.690214 0.807048 0.971288 0.991727 0.950828 0.847617 0.854589 0.852642 0.936403 0.877694 0.782611 0.854205 0.868213 0.924582 0.925735 0.867002 0.934675 0.949997 0.954227 0.877678 0.798886 0.729537 0.956916 0.996333 0.956547 0.857117 0.984364 0.878809 0.840446 0.924165 0.976228 0.948367 0.928090 0.845032 0.743634 0.912323 0.800965 0.766952 0.858327 0.756448 0.992836 0.861380 0.870755 0.991847 0.981898 0.911877 0.747599 0.817871
0.869943 0.858943 0.849788 0.959664 0.716418 0.843313 0.907673 0.699286 0.894351 0.688682 0.890276 0.701291 0.876643 0.822601 0.984562 0.871690 0.956179 0.955002 0.877816 0.925542 0.803048 0.810749 0.952018 0.935715 0.701713 0.669677 0.939323 0.699763 0.705860 0.725515 0.763585 0.863840 0.884633 0.885444 0.918525 0.999189 0.635944 0.000000 0.967144 0.895465 0.866061 0.735976 0.836106 0.848423 0.954874 0.991271 0.959216 0.887007 0.881294 0.700257 0.639782 0.644720 0.834298 0.743021 0.968631 0.970369 0.691826 0.769144 0.783691 0.858389 0.729030 0.721869 0.788821 0.802606 0.900033 0.867000 0.844750 0.943660 0.710733 0.931074 0.863042 0.868518 0.952981 0.904316 0.804819 0.989884 0.868812 0.912913 0.953124 0.898228 0.953693 0.956943 0.956192 0.987619 0.986927 0.969697 0.919857 0.984560 0.842739 0.905707 0.932090 0.825851 0.819194 0.725990 0.981817 0.914122 0.785390 0.863433 0.995882 0.937725 0.948770 0.844287 0.895982 0.805572 0.834315 0.774581 0.778481 0.661199 0.992754 0.835289 0.996899 0.940816 0.987358 0.983510 0.778252 0.783004
