0.000000 0.279754 0.619700 0.840798 0.867143 0.725168 0.841025 0.551773 0.825186 0.816635 0.445558 0.358798 0.650530 0.515542 0.938692 0.745472 0.483796 0.436419 0.518291 0.339892 0.731766 0.950142 0.758003 0.955285 0.672371 0.732839 0.962886 0.963557 0.440442 0.552054 0.814248 0.774915 0.871307 0.642902 0.796716 0.657451 0.727577 0.931653 0.927465 0.846248 0.895293 0.864429 0.897330 0.803979 0.886240 0.676289 0.834897 0.745996 0.308009 0.346361 0.334906 0.336646 0.427049 0.540046 0.726492 0.485791 0.424382 0.343978 0.319461 0.260453 0.761388 0.378459 0.493262 0.364710 0.720368 0.967166 0.717002 0.804295 0.548686 0.499352 0.784219 0.870435 0.715900 0.708987 0.863225 0.771917 0.608370 0.902241 0.913891 0.803712 0.488518 0.557740 0.827795 0.974990 0.925490 0.975226 0.704108 0.853454 0.987103 0.758322 0.936662 0.599448 0.702812 0.571789 0.894782 0.872391 0.883334 0.811944 0.743201 0.858813 0.693771 0.929410 0.684023 0.729805 0.853318 0.939369 0.790907 0.889071 0.976557 0.943291 0.970066 0.994962 0.694028 0.970340 0.932174 0.780376
0.279754 0.000000 0.608816 0.840597 0.827844 0.654727 0.769304 0.533562 0.771624 0.733796 0.495625 0.347673 0.711044 0.511456 0.928904 0.676761 0.438601 0.382100 0.464240 0.308126 0.706317 0.918112 0.782243 0.963616 0.691748 0.765623 0.972123 0.972960 0.419925 0.472469 0.924588 0.904140 0.795383 0.630688 0.783382 0.602765 0.759705 0.943888 0.899313 0.915238 0.945138 0.901793 0.917028 0.756522 0.842787 0.665317 0.789346 0.707256 0.333310 0.302378 0.323973 0.316903 0.452693 0.508446 0.677681 0.520993 0.344314 0.275253 0.393827 0.269784 0.857624 0.423480 0.471947 0.319402 0.670897 0.937281 0.635064 0.786893 0.572041 0.438202 0.922924 0.978844 0.685646 0.690995 0.764423 0.790551 0.587476 0.809870 0.860603 0.640759 0.375734 0.478160 0.846476 0.901826 0.996487 0.974169 0.655609 0.879404 0.915209 0.816084 0.885207 0.575026 0.639987 0.563270 0.841465 0.835462 0.907339 0.799137 0.787383 0.899482 0.652521 0.948976 0.665683 0.759450 0.839353 0.881966 0.771683 0.996061 0.991214 0.985208 0.953098 0.990101 0.770648 0.985183 0.979346 0.769142
0.619700 0.608816 0.000000 0.619264 0.696617 0.898616 0.474411 0.938600 0.679762 0.877962 0.669307 0.631841 0.854582 0.860770 0.661606 0.987210 0.758754 0.814040 0.809062 0.604267 0.800840 0.980101 0.501569 0.770648 0.560794 0.413106 0.923664 0.954333 0.669007 0.742449 0.572081 0.604181 0.703519 0.900127 0.596057 0.631990 0.749676 0.847242 0.884816 0.848497 0.961494 0.988124 0.591154 0.853077 0.616693 0.908247 0.966331 0.825509 0.642019 0.591488 0.720789 0.710857 0.795668 0.897213 0.786077 0.711210 0.587652 0.577463 0.621825 0.586451 0.753750 0.768877 0.844133 0.709935 0.331711 0.511523 0.483831 0.468313 0.610842 0.533021 0.847751 0.922068 0.796551 0.816449 0.976474 0.992428 0.812951 0.977489 0.875930 0.963054 0.868324 0.897703 0.856945 0.855143 0.576722 0.610634 0.731751 0.827954 0.768082 0.928212 0.577049 0.628685 0.527742 0.637221 0.965158 0.964549 0.970085 0.612573 0.949739 0.777368 0.979821 0.693883 0.952252 0.964593 0.833185 0.773924 0.832146 0.903103 0.961520 0.860998 0.734879 0.877208 0.978483 0.976941 0.706724 0.876781
0.840798 0.840597 0.619264 0.000000 0.865624 0.864812 0.678219 0.730209 0.925602 0.989666 0.968322 0.804004 0.608498 0.642811 0.606103 0.718193 0.844880 0.817507 0.797466 0.816129 0.935965 0.919917 0.614185 0.643153 0.854623 0.718877 0.852268 0.963650 0.968397 0.953021 0.896419 0.842046 0.652984 0.708000 0.878022 0.998215 0.884358 0.882020 0.990889 0.947991 0.874763 0.973459 0.948075 0.840832 0.866976 0.788270 0.998361 0.670878 0.931740 0.907405 0.798599 0.824577 0.779936 0.796388 0.950853 0.907028 0.905787 0.851029 0.842031 0.899011 0.602971 0.770264 0.870856 0.801160 0.571228 0.496576 0.824982 0.738769 0.901622 0.922895 0.909208 0.952988 0.918467 0.801893 0.849372 0.850485 0.981964 0.941974 0.731211 0.794126 0.763103 0.660355 0.601559 0.652347 0.522758 0.482168 0.835819 0.682495 0.693897 0.713967 0.805965 0.928656 0.962501 0.961468 0.987995 0.953770 0.854524 0.880579 0.931320 0.764823 0.947362 0.710467 0.932057 0.958250 0.726654 0.838666 0.867936 0.946987 0.989676 0.980014 0.825217 0.985180 0.911160 0.950714 0.850904 0.903224
0.867143 0.827844 0.696617 0.865624 0.000000 0.946038 0.687185 0.951885 0.696773 0.891411 0.878090 0.885210 0.871745 0.974419 0.806245 0.952080 0.754439 0.897100 0.827764 0.837607 0.747869 0.934915 0.705786 0.856875 0.989989 0.851143 0.969321 0.861543 0.935261 0.936880 0.929740 0.878512 0.913655 0.822197 0.861614 0.833042 0.879661 0.978350 0.911505 0.862516 0.922532 0.954606 0.842962 0.902235 0.811815 0.912719 0.932128 0.990803 0.862551 0.826357 0.868460 0.864650 0.876231 0.906655 0.695457 0.825485 0.848684 0.817905 0.820134 0.928483 0.772786 0.988703 0.982513 0.901037 0.686691 0.643971 0.742600 0.716921 0.850836 0.775568 0.889085 0.821019 0.983825 0.934396 0.971792 0.942369 0.866951 0.991089 0.876378 0.983998 0.966335 0.868055 0.883082 0.953901 0.672907 0.649175 0.777010 0.817009 0.816781 0.961360 0.723072 0.691747 0.750048 0.735470 0.886341 0.920172 0.957636 0.824931 0.985178 0.886987 0.978240 0.819664 0.904334 0.987448 0.788640 0.881457 0.954337 0.875940 0.898688 0.879801 0.843585 0.946536 0.875799 0.851258 0.888463 0.815776
0.725168 0.654727 0.898616 0.864812 0.946038 0.000000 0.984385 0.602138 0.905532 0.731525 0.782183 0.636293 0.749079 0.648156 0.776448 0.647466 0.840939 0.747240 0.779105 0.752180 0.847830 0.997336 0.996644 0.993046 0.760409 0.994153 0.970502 0.959479 0.608389 0.703043 0.851805 0.878852 0.754685 0.729614 0.934222 0.942561 0.917556 0.983296 0.942096 0.947050 0.853918 0.909112 0.849205 0.629910 0.966507 0.699125 0.906872 0.829850 0.680251 0.688379 0.719405 0.673125 0.882910 0.708525 0.972410 0.896147 0.813304 0.754639 0.822747 0.673703 0.828774 0.616557 0.717187 0.659018 0.934887 0.794161 0.961475 0.945542 0.971637 0.861601 0.970151 0.920454 0.867421 0.898511 0.733002 0.801182 0.719378 0.723520 0.939436 0.812061 0.740322 0.714940 0.874965 0.913478 0.920933 0.877802 0.967317 0.957452 0.901779 0.989158 0.924968 0.879205 0.979561 0.921169 0.898621 0.897860 0.852966 0.890256 0.823318 0.791674 0.680811 0.870720 0.928464 0.838973 0.843736 0.880497 0.974125 0.834089 0.915427 0.780329 0.884685 0.996385 0.997662 0.875601 0.950937 0.935488
0.841025 0.769304 0.474411 0.678219 0.687185 0.984385 0.000000 0.581926 0.431312 0.736287 0.875793 0.986612 0.632131 0.988483 0.670774 0.960415 0.925220 0.916415 0.992586 0.827506 0.933560 0.848153 0.725974 0.975021 0.950523 0.779085 0.821647 0.810011 0.962618 0.934045 0.783565 0.708892 0.633257 0.629777 0.711450 0.733765 0.981542 0.979515 0.951174 0.947372 0.772232 0.835720 0.494429 0.587470 0.389832 0.665164 0.894655 0.724917 0.815530 0.668423 0.813666 0.759108 0.767290 0.883372 0.706607 0.784976 0.818928 0.685906 0.895967 0.760054 0.408207 0.820027 0.787823 0.955782 0.529401 0.410879 0.371525 0.340019 0.656738 0.545058 0.970075 0.927561 0.970233 0.915265 0.950749 0.987990 0.995236 0.990677 0.788349 0.907665 0.975654 0.986416 0.843982 0.911952 0.644526 0.718934 0.769566 0.901065 0.873838 0.929807 0.438855 0.547368 0.522106 0.513765 0.962677 0.915953 0.864775 0.638265 0.653060 0.510055 0.747000 0.566241 0.993382 0.861705 0.806805 0.815191 0.793643 0.719022 0.850035 0.926817 0.643642 0.625681 0.759030 0.982694 0.683143 0.999160
0.551773 0.533562 0.938600 0.730209 0.951885 0.602138 0.581926 0.000000 0.687005 0.457777 0.393170 0.379432 0.500905 0.574643 0.761326 0.703026 0.443123 0.433280 0.604836 0.553388 0.655953 0.890478 0.899522 0.822814 0.521586 0.819689 0.834062 0.838746 0.413930 0.396840 0.956050 0.921818 0.635304 0.419379 0.936101 0.838342 0.729762 0.895556 0.820032 0.870025 0.795115 0.926465 0.700474 0.459879 0.641695 0.425400 0.817147 0.592076 0.572591 0.675736 0.604942 0.641829 0.791129 0.702155 0.984549 0.808325 0.607860 0.652910 0.575275 0.593025 0.412053 0.315640 0.336090 0.356088 0.948783 0.649090 0.862628 0.712125 0.969396 0.890783 0.933322 0.932770 0.767429 0.791018 0.744239 0.821355 0.631409 0.828233 0.726300 0.839440 0.482953 0.604242 0.800124 0.944943 0.863418 0.903193 0.902729 0.935167 0.925210 0.971815 0.712909 0.995493 0.974678 0.950579 0.925176 0.756034 0.810279 0.925099 0.537937 0.542356 0.471781 0.625310 0.751632 0.657891 0.775492 0.795908 0.943083 0.766127 0.896469 0.992891 0.652573 0.646845 0.622961 0.997660 0.767200 0.827096
0.825186 0.771624 0.679762 0.925602 0.696773 0.905532 0.431312 0.687005 0.000000 0.784770 0.950432 0.963460 0.793190 0.917262 0.755383 0.956387 0.996680 0.975770 0.868643 0.781170 0.964182 0.896239 0.850708 0.876002 0.909346 0.825537 0.845089 0.758519 0.992223 0.961158 0.702278 0.735123 0.805528 0.794086 0.792964 0.854200 0.911754 0.995725 0.926671 0.950288 0.708902 0.807175 0.560205 0.621719 0.481990 0.652624 0.993689 0.870158 0.858880 0.756851 0.866820 0.848581 0.848454 0.924910 0.603893 0.862625 0.872601 0.746258 0.826539 0.836491 0.605167 0.850759 0.871934 0.989838 0.677722 0.543986 0.532596 0.472753 0.705532 0.626835 0.930969 0.948129 0.833204 0.899222 0.984937 0.927822 0.979767 0.961380 0.965938 0.776245 0.967492 0.918673 0.945427 0.934113 0.764712 0.813783 0.698320 0.986536 0.939600 0.984971 0.619208 0.589493 0.632268 0.565230 0.958343 0.993810 0.920353 0.838880 0.731273 0.638290 0.745871 0.772691 0.886833 0.815409 0.759857 0.716110 0.839853 0.784661 0.910631 0.871085 0.731568 0.752826 0.795304 0.940254 0.710192 0.934440
0.816635 0.733796 0.877962 0.989666 0.891411 0.731525 0.736287 0.457777 0.784770 0.000000 0.540580 0.617128 0.896858 0.969944 0.908624 0.966677 0.525703 0.582582 0.951072 0.795013 0.636861 0.957152 0.613581 0.576077 0.605421 0.776502 0.641036 0.892552 0.533883 0.508384 0.907803 0.873360 0.727530 0.648086 0.942810 0.899025 0.932478 0.954365 0.921677 0.937296 0.891929 0.997867 0.641037 0.477172 0.586808 0.493689 0.822539 0.668364 0.708600 0.890866 0.784607 0.885642 0.982175 0.931214 0.915596 0.794426 0.677212 0.806015 0.713714 0.804009 0.666896 0.555247 0.561110 0.514583 0.828272 0.912744 0.848272 0.756749 0.955759 0.932147 0.902649 0.607503 0.805052 0.901638 0.823290 0.921693 0.770580 0.835395 0.866838 0.937873 0.694523 0.892182 0.939322 0.999419 0.773717 0.732098 0.851488 0.747381 0.784112 0.885815 0.852556 0.977079 0.952103 0.861155 0.855606 0.809561 0.754863 0.766114 0.501191 0.538469 0.586800 0.726923 0.759686 0.663362 0.961164 0.960848 0.941173 0.649837 0.824458 0.991225 0.722595 0.552784 0.740905 0.970165 0.930591 0.814022
0.445558 0.495625 0.669307 0.968322 0.878090 0.782183 0.875793 0.393170 0.950432 0.540580 0.000000 0.382334 0.653884 0.646520 0.982036 0.866927 0.395849 0.414466 0.601531 0.454941 0.569107 0.966016 0.567347 0.645213 0.461916 0.622612 0.836278 0.850384 0.333090 0.404058 0.809844 0.854098 0.806598 0.602803 0.794987 0.709450 0.693820 0.909496 0.858423 0.968852 0.982561 0.944942 0.912917 0.701980 0.871101 0.564975 0.883536 0.770867 0.485790 0.565709 0.551806 0.595712 0.684848 0.679487 0.842829 0.707991 0.509404 0.552467 0.435199 0.517847 0.630470 0.382775 0.339895 0.359780 0.620546 0.948132 0.903317 0.980234 0.800799 0.743480 0.771207 0.987702 0.683331 0.675884 0.832405 0.902690 0.651786 0.870262 0.767479 0.873126 0.537558 0.689144 0.981763 0.999252 0.856071 0.795790 0.713575 0.785087 0.855445 0.958971 0.930100 0.848332 0.865333 0.853195 0.889562 0.802353 0.831033 0.942778 0.583169 0.728259 0.611140 0.794954 0.803781 0.611796 0.951822 0.933104 0.857406 0.809609 0.933611 0.924822 0.895871 0.850347 0.674351 0.866669 0.931214 0.772238
0.358798 0.347673 0.631841 0.804004 0.885210 0.636293 0.986612 0.379432 0.963460 0.617128 0.382334 0.000000 0.474793 0.372124 0.822991 0.570117 0.394729 0.405628 0.455700 0.325021 0.676191 0.990492 0.806257 0.931418 0.500202 0.629400 0.938837 0.917945 0.369782 0.405503 0.756624 0.809591 0.815018 0.589639 0.744553 0.679377 0.660504 0.860612 0.790278 0.910781 0.937233 0.916568 0.911801 0.744621 0.948081 0.634346 0.908350 0.776596 0.459182 0.445567 0.411338 0.458353 0.574436 0.614771 0.827885 0.662807 0.456899 0.442037 0.413423 0.386063 0.599331 0.290255 0.360722 0.273547 0.715428 0.899173 0.771501 0.894673 0.677209 0.598897 0.802932 0.995751 0.737188 0.797979 0.773284 0.745073 0.590193 0.822898 0.869037 0.750855 0.435703 0.468230 0.788144 0.957888 0.948395 0.977064 0.821893 0.980401 0.887653 0.950980 0.990688 0.609588 0.646082 0.670698 0.988178 0.775306 0.966080 0.851162 0.705168 0.820948 0.643654 0.851248 0.755817 0.809379 0.904214 0.969839 0.860972 0.885074 0.927633 0.986166 0.901191 0.896591 0.691323 0.978249 0.937054 0.742326
0.650530 0.711044 0.854582 0.608498 0.871745 0.749079 0.632131 0.500905 0.793190 0.896858 0.653884 0.474793 0.000000 0.367962 0.493041 0.536348 0.655069 0.683118 0.544594 0.651142 0.866041 0.934210 0.745600 0.813713 0.774969 0.961403 0.887213 0.976609 0.641236 0.674393 0.937604 0.973234 0.751212 0.611263 0.933295 0.929596 0.716714 0.780357 0.796346 0.933286 0.815594 0.772146 0.978276 0.810929 0.946968 0.760994 0.947601 0.838047 0.820868 0.759588 0.646082 0.698739 0.720448 0.678137 0.922097 0.948294 0.850844 0.846140 0.736052 0.716281 0.422298 0.507545 0.529554 0.587709 0.812386 0.562552 0.919182 0.822796 0.978302 0.972408 0.790251 0.914841 0.962593 0.978997 0.859567 0.786905 0.740192 0.904263 0.840836 0.898047 0.657619 0.591860 0.641294 0.926810 0.599603 0.674809 0.899943 0.886992 0.881053 0.937405 0.732201 0.806142 0.952810 0.864299 0.806031 0.919566 0.973112 0.955314 0.803311 0.818537 0.721237 0.809329 0.892027 0.967169 0.815073 0.872758 0.999158 0.917379 0.917345 0.836251 0.852905 0.889675 0.751665 0.987505 0.808077 0.784853
0.515542 0.511456 0.860770 0.642811 0.974419 0.648156 0.988483 0.574643 0.917262 0.969944 0.646520 0.372124 0.367962 0.000000 0.584190 0.424512 0.624586 0.603916 0.461718 0.481838 0.824959 0.984272 0.839890 0.722339 0.753165 0.848034 0.827174 0.959564 0.613764 0.642985 0.825143 0.872523 0.859686 0.727983 0.819953 0.762250 0.637226 0.763614 0.725288 0.999262 0.871457 0.844562 0.786959 0.941603 0.769548 0.844616 0.985347 0.878744 0.677355 0.529360 0.479621 0.501399 0.574297 0.547883 0.923739 0.865419 0.707552 0.610434 0.633576 0.535466 0.637656 0.512811 0.548808 0.501582 0.958710 0.763154 0.752194 0.862216 0.799465 0.714410 0.745032 0.879529 0.921575 0.888812 0.803992 0.737610 0.782910 0.850191 0.792716 0.727586 0.546795 0.456121 0.663849 0.949864 0.715937 0.699152 0.953641 0.883332 0.944951 0.921703 0.998636 0.584631 0.604306 0.589461 0.847456 0.947716 0.895497 0.746441 0.969147 0.946149 0.831114 0.892322 0.906035 0.999097 0.858713 0.934790 0.905897 0.931465 0.978630 0.921417 0.934843 0.925531 0.882568 0.999260 0.898665 0.860668
0.938692 0.928904 0.661606 0.606103 0.806245 0.776448 0.670774 0.761326 0.755383 0.908624 0.982036 0.822991 0.493041 0.584190 0.000000 0.535317 0.949510 0.902100 0.749478 0.873083 0.964217 0.827901 0.471373 0.681536 0.895868 0.715894 0.742487 0.974324 0.949201 0.996731 0.824145 0.759969 0.716496 0.808954 0.818102 0.961485 0.897714 0.845169 0.862325 0.928945 0.822977 0.712412 0.913628 0.853356 0.956447 0.859517 0.993672 0.850847 0.988289 0.907418 0.854478 0.832967 0.869839 0.748433 0.835326 0.938925 0.956782 0.980157 0.958239 0.935712 0.641120 0.799015 0.823676 0.903826 0.568584 0.480152 0.755321 0.712599 0.866872 0.870782 0.906978 0.949817 0.980818 0.861004 0.859235 0.857551 0.902656 0.922181 0.766620 0.895960 0.849289 0.726969 0.606746 0.889396 0.500846 0.480180 0.860134 0.807175 0.813186 0.877674 0.647588 0.936329 0.911604 0.933130 0.897502 0.980037 0.917352 0.900239 0.975187 0.753828 0.883414 0.810281 0.857265 0.920709 0.802678 0.867123 0.940762 0.987315 0.999671 0.799588 0.974374 0.964304 0.968585 0.952510 0.665661 0.946445
0.745472 0.676761 0.987210 0.718193 0.952080 0.647466 0.960415 0.703026 0.956387 0.966677 0.866927 0.570117 0.536348 0.424512 0.535317 0.000000 0.812696 0.767515 0.620863 0.653151 0.964386 0.982066 0.722591 0.688442 0.971459 0.909560 0.837928 0.999331 0.796567 0.811916 0.956219 0.946352 0.801885 0.809455 0.994658 0.879358 0.947866 0.895083 0.896146 0.967572 0.863479 0.799024 0.935470 0.856755 0.843964 0.912731 0.969969 0.874359 0.868864 0.718479 0.719082 0.705687 0.845955 0.785816 0.968696 0.918395 0.776620 0.787565 0.926541 0.730852 0.803057 0.662844 0.775020 0.683208 0.880784 0.654504 0.883716 0.989728 0.843881 0.759192 0.978374 0.980400 0.945569 0.953455 0.866956 0.715644 0.821966 0.754852 0.811193 0.701287 0.617858 0.474383 0.649977 0.944261 0.620792 0.556934 0.954638 0.777902 0.907704 0.969929 0.981282 0.752218 0.726446 0.795305 0.908408 0.893383 0.886849 0.803986 0.902882 0.964777 0.808752 0.934648 0.989118 0.936316 0.887819 0.801742 0.801031 0.949864 0.994083 0.946180 0.951909 0.956725 0.928855 0.974098 0.811622 0.915543
0.483796 0.438601 0.758754 0.844880 0.754439 0.840939 0.925220 0.443123 0.996680 0.525703 0.395849 0.394729 0.655069 0.624586 0.949510 0.812696 0.000000 0.332144 0.532188 0.416704 0.621997 0.985002 0.694903 0.703699 0.581818 0.715103 0.818028 0.994518 0.402875 0.405494 0.914484 0.979950 0.660487 0.549979 0.837507 0.754143 0.796209 0.953785 0.884643 0.958324 0.921545 0.965522 0.894340 0.655714 0.918739 0.612015 0.736759 0.617239 0.496273 0.585570 0.492099 0.602991 0.674185 0.730745 0.671476 0.609537 0.422842 0.490714 0.418159 0.534980 0.666693 0.441644 0.368019 0.306270 0.760706 0.984549 0.870148 0.962880 0.792961 0.655564 0.918939 0.847534 0.741051 0.785783 0.745118 0.879016 0.681809 0.888012 0.787463 0.762317 0.401768 0.549744 0.901579 0.891991 0.994052 0.880527 0.704852 0.800308 0.811169 0.911479 0.951525 0.689814 0.774868 0.705483 0.973284 0.795334 0.892079 0.983993 0.520900 0.733153 0.628440 0.819908 0.635724 0.747972 0.916143 0.910614 0.998294 0.834202 0.995780 0.909939 0.809083 0.744674 0.700564 0.995335 0.891418 0.671872
0.436419 0.382100 0.814040 0.817507 0.897100 0.747240 0.916415 0.433280 0.975770 0.582582 0.414466 0.405628 0.683118 0.603916 0.902100 0.767515 0.332144 0.000000 0.438372 0.375064 0.629312 0.940501 0.815487 0.796137 0.628095 0.792028 0.828117 0.825327 0.379226 0.427926 0.972669 0.950696 0.576322 0.522110 0.905405 0.757759 0.830628 0.989553 0.850357 0.996004 0.953627 0.931155 0.849998 0.652555 0.890263 0.577873 0.745619 0.539645 0.487048 0.561604 0.526022 0.563518 0.704407 0.710173 0.668997 0.600439 0.399988 0.429237 0.419197 0.489656 0.674365 0.450215 0.363358 0.306819 0.820919 0.951618 0.926006 0.925905 0.720920 0.654637 0.966385 0.889762 0.590824 0.646487 0.753032 0.750986 0.633249 0.787810 0.653054 0.623203 0.330538 0.490813 0.800876 0.830914 0.946353 0.995614 0.684756 0.932782 0.824436 0.859537 0.971745 0.742822 0.803061 0.717038 0.909946 0.732407 0.864892 0.940860 0.540661 0.685574 0.631419 0.728614 0.694565 0.609619 0.793002 0.796901 0.835654 0.893722 0.962641 0.965218 0.748300 0.852578 0.700551 0.970006 0.809851 0.757815
0.518291 0.464240 0.809062 0.797466 0.827764 0.779105 0.992586 0.604836 0.868643 0.951072 0.601531 0.455700 0.544594 0.461718 0.749478 0.620863 0.532188 0.438372 0.000000 0.426766 0.797341 0.910693 0.951048 0.902023 0.746955 0.822972 0.945907 0.902549 0.547283 0.587601 0.888540 0.926731 0.707136 0.636815 0.829906 0.788784 0.672976 0.881780 0.763745 0.822039 0.997151 0.860319 0.898068 0.935386 0.829791 0.918061 0.826891 0.754068 0.708811 0.590366 0.617492 0.594237 0.708708 0.707194 0.692107 0.806127 0.544971 0.543662 0.566955 0.588737 0.779881 0.597477 0.509011 0.503470 0.866772 0.968455 0.800420 0.894531 0.699572 0.700712 0.938642 0.985936 0.718525 0.746551 0.864557 0.813037 0.637751 0.933151 0.768674 0.648840 0.517969 0.500026 0.759439 0.852118 0.859390 0.866449 0.783363 0.903406 0.889758 0.964481 0.993283 0.646206 0.717432 0.620624 0.935064 0.831541 0.989282 0.810580 0.902981 0.990873 0.771036 0.917158 0.773435 0.918908 0.901786 0.846946 0.884877 0.916733 0.970994 0.899481 0.969250 0.903417 0.873644 0.984324 0.993368 0.769295
0.339892 0.308126 0.604267 0.816129 0.837607 0.752180 0.827506 0.553388 0.781170 0.795013 0.454941 0.325021 0.651142 0.481838 0.873083 0.653151 0.416704 0.375064 0.426766 0.000000 0.718169 0.994544 0.837337 0.968878 0.664674 0.675524 0.975210 0.934366 0.451331 0.509585 0.760454 0.845989 0.840420 0.650152 0.797516 0.633398 0.723539 0.925398 0.889295 0.965414 0.975812 0.993514 0.844104 0.877444 0.764024 0.798493 0.909210 0.768397 0.423450 0.393348 0.435686 0.446731 0.567788 0.618996 0.695323 0.586111 0.402021 0.335266 0.422696 0.380979 0.845841 0.468194 0.493042 0.386904 0.678685 0.925763 0.668490 0.780439 0.568063 0.454892 0.867991 0.986381 0.658092 0.733484 0.832471 0.770367 0.544504 0.806429 0.809941 0.672959 0.434193 0.459559 0.776941 0.916552 0.980326 0.975361 0.645324 0.978597 0.846746 0.912923 0.827070 0.603447 0.619730 0.577259 0.972945 0.815882 0.961797 0.795910 0.787930 0.949769 0.727682 0.953581 0.735521 0.834672 0.876467 0.959421 0.852635 0.991091 0.905923 0.942214 0.961959 0.991043 0.801658 0.915075 0.898010 0.692390
0.731766 0.706317 0.800840 0.935965 0.747869 0.847830 0.933560 0.655953 0.964182 0.636861 0.569107 0.676191 0.866041 0.824959 0.964217 0.964386 0.621997 0.629312 0.797341 0.718169 0.000000 0.893825 0.785137 0.754562 0.792188 0.884081 0.925779 0.859730 0.633879 0.679942 0.991205 0.991730 0.716630 0.751434 0.944528 0.849424 0.786369 0.878883 0.788303 0.935452 0.836133 0.987596 0.895478 0.761324 0.884984 0.684229 0.967810 0.802904 0.751988 0.713664 0.755874 0.727471 0.757543 0.720773 0.908427 0.859761 0.729880 0.687393 0.638670 0.734238 0.831371 0.683226 0.649549 0.637919 0.822514 0.983241 0.983303 0.933755 0.953591 0.794411 0.942423 0.834610 0.858504 0.932073 0.809757 0.916974 0.711902 0.939190 0.834474 0.941012 0.774106 0.869090 0.978819 0.958597 0.819005 0.808045 0.814120 0.807948 0.828270 0.942196 0.853436 0.921518 0.939001 0.894934 0.887272 0.990214 0.796288 0.973058 0.698751 0.801641 0.817289 0.807827 0.845205 0.818149 0.867725 0.965722 0.958406 0.868767 0.964940 0.815395 0.886122 0.727689 0.803540 0.921864 0.929742 0.886382
0.950142 0.918112 0.980101 0.919917 0.934915 0.997336 0.848153 0.890478 0.896239 0.957152 0.966016 0.990492 0.934210 0.984272 0.827901 0.982066 0.985002 0.940501 0.910693 0.994544 0.893825 0.000000 0.863151 0.992268 0.894525 0.930132 0.937191 0.972012 0.989303 0.998824 0.954122 0.991455 0.897642 0.932814 0.951166 0.933371 0.890263 0.706397 0.949122 0.719835 0.850307 0.926703 0.989265 0.993862 0.938256 0.994714 0.967816 0.938245 0.922657 0.918620 0.872609 0.942934 0.921332 0.985644 0.994620 0.923609 0.957665 0.942154 0.997786 0.916394 0.842086 0.910372 0.957588 0.990845 0.890968 0.818777 0.842579 0.889148 0.976347 0.944174 0.976885 0.928189 0.997072 0.885974 0.925189 0.890322 0.996012 0.831502 0.828076 0.883917 0.952795 0.929576 0.990949 0.928356 0.939345 0.869241 0.850300 0.931658 0.998022 0.984216 0.891818 0.846304 0.894951 0.939273 0.964747 0.985989 0.947755 0.994302 0.982939 0.927489 0.982443 0.878580 0.954322 0.997842 0.874848 0.823435 0.971195 0.887276 0.933915 0.833291 0.962551 0.927317 0.970725 0.966193 0.926836 0.993977
0.758003 0.782243 0.501569 0.614185 0.705786 0.996644 0.725974 0.899522 0.850708 0.613581 0.567347 0.806257 0.745600 0.839890 0.471373 0.722591 0.694903 0.815487 0.951048 0.837337 0.785137 0.863151 0.000000 0.415988 0.619251 0.549113 0.731538 0.963440 0.644735 0.654982 0.782997 0.790170 0.828820 0.977953 0.725938 0.714850 0.892297 0.918930 0.899195 0.986183 0.839436 0.807516 0.971370 0.905892 0.995911 0.833969 0.943506 0.986857 0.665114 0.788320 0.812250 0.880929 0.903062 0.999499 0.777440 0.750507 0.667741 0.755511 0.671352 0.769480 0.871328 0.813152 0.753824 0.706337 0.384627 0.501997 0.707856 0.718956 0.834641 0.755997 0.924914 0.898046 0.890707 0.808534 0.957999 0.922371 0.842619 0.971237 0.919070 0.935299 0.895420 0.923332 0.601490 0.937907 0.429498 0.394373 0.729254 0.578617 0.796125 0.829421 0.737726 0.844750 0.815131 0.898820 0.799676 0.926887 0.908646 0.971898 0.806116 0.954586 0.918266 0.902931 0.838249 0.699352 0.808242 0.870014 0.865645 0.812161 0.935905 0.917031 0.901199 0.949684 0.841072 0.973718 0.746057 0.928790
0.955285 0.963616 0.770648 0.643153 0.856875 0.993046 0.975021 0.822814 0.876002 0.576077 0.645213 0.931418 0.813713 0.722339 0.681536 0.688442 0.703699 0.796137 0.902023 0.968878 0.754562 0.992268 0.415988 0.000000 0.656913 0.739953 0.676254 0.916649 0.697845 0.683751 0.971130 0.919164 0.934515 0.816918 0.913054 0.897903 0.988325 0.945285 0.840814 0.971641 0.929522 0.935333 0.778595 0.740316 0.749501 0.721397 0.892937 0.923005 0.818800 0.982376 0.996435 0.941975 0.879042 0.899064 0.910817 0.858253 0.779503 0.918810 0.819739 0.954383 0.978712 0.867444 0.713171 0.784401 0.643169 0.715254 0.960381 0.899421 0.940843 0.980514 0.916521 0.863413 0.826603 0.851013 0.922320 0.911890 0.811458 0.936522 0.961429 0.885792 0.932007 0.843953 0.671132 0.877528 0.572527 0.471592 0.820413 0.582175 0.736267 0.885190 0.996291 0.897629 0.891855 0.887335 0.819959 0.943302 0.921704 0.905499 0.589505 0.897944 0.808441 0.942340 0.948428 0.723874 0.933101 0.937676 0.973541 0.729662 0.949034 0.911941 0.989948 0.771198 0.892748 0.946171 0.976260 0.887877
0.672371 0.691748 0.560794 0.854623 0.989989 0.760409 0.950523 0.521586 0.909346 0.605421 0.461916 0.500202 0.774969 0.753165 0.895868 0.971459 0.581818 0.628095 0.746955 0.664674 0.792188 0.894525 0.619251 0.656913 0.000000 0.451836 0.655876 0.842748 0.484378 0.450508 0.718946 0.837910 0.965383 0.751762 0.765313 0.794816 0.699765 0.825958 0.910120 0.851627 0.932941 0.872255 0.962369 0.820229 0.931849 0.740795 0.881155 0.912636 0.667218 0.762581 0.747243 0.807878 0.875410 0.896973 0.930532 0.803645 0.685478 0.735340 0.599753 0.663877 0.683474 0.506471 0.488984 0.509281 0.548184 0.900898 0.833436 0.919916 0.931762 0.852343 0.695753 0.829617 0.752130 0.766180 0.867908 0.854794 0.761963 0.953156 0.947808 0.935094 0.681749 0.856117 0.954884 0.943352 0.773376 0.730886 0.940121 0.785451 0.760142 0.852989 0.947517 0.847950 0.794463 0.879995 0.946735 0.872061 0.952844 0.952862 0.725552 0.878653 0.811983 0.925605 0.862443 0.775993 0.941299 0.899082 0.928385 0.835053 0.905122 0.879081 0.959411 0.900216 0.739991 0.978918 0.881148 0.864750
0.732839 0.765623 0.413106 0.718877 0.851143 0.994153 0.779085 0.819689 0.825537 0.776502 0.622612 0.629400 0.961403 0.848034 0.715894 0.909560 0.715103 0.792028 0.822972 0.675524 0.884081 0.930132 0.549113 0.739953 0.451836 0.000000 0.809440 0.890133 0.662458 0.678285 0.423583 0.606327 0.758742 0.986674 0.643123 0.765635 0.664945 0.887849 0.808339 0.922917 0.977646 0.995631 0.632133 0.852756 0.813185 0.925777 0.937449 0.805481 0.776218 0.826515 0.846484 0.952975 0.983426 0.917807 0.889050 0.804509 0.718771 0.758481 0.642347 0.765245 0.966994 0.736419 0.757613 0.725188 0.450741 0.646155 0.659471 0.629006 0.779166 0.748388 0.711751 0.930663 0.794566 0.824817 0.951177 0.951035 0.809318 0.888109 0.930121 0.948154 0.927570 0.950590 0.890565 0.940697 0.650415 0.585966 0.811856 0.887387 0.796475 0.752509 0.631492 0.686621 0.607658 0.795929 0.858740 0.942049 0.961642 0.777395 0.996742 0.877188 0.920798 0.752561 0.964408 0.967597 0.868649 0.730655 0.942458 0.958080 0.999103 0.860203 0.929300 0.949522 0.985078 0.991832 0.724212 0.819868
0.962886 0.972123 0.923664 0.852268 0.969321 0.970502 0.821647 0.834062 0.845089 0.641036 0.836278 0.938837 0.887213 0.827174 0.742487 0.837928 0.818028 0.828117 0.945907 0.975210 0.925779 0.937191 0.731538 0.676254 0.655876 0.809440 0.000000 0.747644 0.783583 0.876849 0.937489 0.904262 0.814189 0.879314 0.750740 0.975507 0.969375 0.967525 0.974953 0.957487 0.972652 0.989941 0.731313 0.786440 0.695786 0.801249 0.912086 0.903519 0.957901 0.821800 0.968506 0.844758 0.844283 0.858859 0.871240 0.970915 0.967539 0.892735 0.903619 0.978720 0.818705 0.861769 0.834282 0.858205 0.856130 0.970832 0.800111 0.769947 0.926688 0.827070 0.969770 0.947848 0.797048 0.855018 0.975451 0.970410 0.856022 0.889644 0.869705 0.914882 0.953066 0.918060 0.789980 0.992938 0.812461 0.706117 0.981151 0.776806 0.800053 0.883571 0.958531 0.856896 0.891228 0.876585 0.949375 0.920051 0.964495 0.825543 0.651826 0.763817 0.790596 0.844364 0.863390 0.805460 0.995049 0.976089 0.956263 0.664251 0.843680 0.884366 0.834519 0.837987 0.766547 0.811071 0.902829 0.913855
0.963557 0.972960 0.954333 0.963650 0.861543 0.959479 0.810011 0.838746 0.758519 0.892552 0.850384 0.917945 0.976609 0.959564 0.974324 0.999331 0.994518 0.825327 0.902549 0.934366 0.859730 0.972012 0.963440 0.916649 0.842748 0.890133 0.747644 0.000000 0.858557 0.881303 0.946404 0.882872 0.903608 0.977401 0.992006 0.799461 0.830518 0.970850 0.961044 0.918869 0.922173 0.975005 0.805888 0.904989 0.802229 0.858489 0.922280 0.923960 0.960937 0.981284 0.963111 0.992809 0.966232 0.918922 0.940534 0.923133 0.896821 0.928178 0.957247 0.957828 0.865571 0.869330 0.909952 0.911511 0.959323 0.936767 0.925801 0.873093 0.908026 0.984904 0.902186 0.981158 0.769078 0.932744 0.871211 0.990638 0.904343 0.960455 0.943415 0.991509 0.991830 0.964721 0.972154 0.967278 0.983425 0.985933 0.930612 0.958670 0.895792 0.812128 0.823050 0.831927 0.884699 0.908498 0.953136 0.838292 0.917114 0.950775 0.983864 0.941808 0.974732 0.953562 0.955323 0.783169 0.892534 0.981348 0.942550 0.931224 0.741297 0.938864 0.867489 0.929386 0.870251 0.873797 0.955826 0.962657
0.440442 0.419925 0.669007 0.968397 0.935261 0.608389 0.962618 0.413930 0.992223 0.533883 0.333090 0.369782 0.641236 0.613764 0.949201 0.796567 0.402875 0.379226 0.547283 0.451331 0.633879 0.989303 0.644735 0.697845 0.484378 0.662458 0.783583 0.858557 0.000000 0.366242 0.900614 0.994220 0.684724 0.556427 0.814378 0.697230 0.721130 0.951497 0.849412 0.969375 0.999753 0.974385 0.867263 0.636747 0.889122 0.505963 0.771966 0.707886 0.450938 0.495122 0.466037 0.513577 0.626829 0.596881 0.769739 0.649440 0.477802 0.489387 0.400383 0.437772 0.638147 0.365413 0.333922 0.319862 0.665164 0.986493 0.864223 0.987507 0.847641 0.711179 0.837919 0.985516 0.624164 0.715533 0.810034 0.793380 0.537022 0.882877 0.787100 0.746031 0.510413 0.666151 0.949456 0.994523 0.895299 0.819548 0.751354 0.779537 0.851255 0.979448 0.937922 0.748298 0.846348 0.802058 0.993270 0.786182 0.865215 0.934700 0.589307 0.781369 0.534273 0.768191 0.718705 0.650177 0.870201 0.922286 0.870118 0.841725 0.846030 0.896072 0.835610 0.815984 0.664506 0.979950 0.979632 0.789251
0.552054 0.472469 0.742449 0.953021 0.936880 0.703043 0.934045 0.396840 0.961158 0.508384 0.404058 0.405503 0.674393 0.642985 0.996731 0.811916 0.405494 0.427926 0.587601 0.509585 0.679942 0.998824 0.654982 0.683751 0.450508 0.678285 0.876849 0.881303 0.366242 0.000000 0.993313 0.965136 0.753449 0.510829 0.753984 0.670540 0.788083 0.878109 0.899147 0.981489 0.969893 0.980994 0.865142 0.624863 0.885433 0.528628 0.753553 0.711457 0.534474 0.546432 0.526523 0.576094 0.694036 0.656800 0.840506 0.788811 0.516459 0.534648 0.546171 0.534461 0.677349 0.436831 0.335275 0.327738 0.624331 0.947645 0.772727 0.981676 0.955512 0.743526 0.890789 0.965763 0.776968 0.746282 0.814671 0.829766 0.679906 0.803070 0.812333 0.736530 0.490291 0.691143 0.976422 0.960740 0.823942 0.796027 0.766134 0.787921 0.770089 0.854348 0.971586 0.749308 0.807467 0.804965 0.949989 0.754029 0.926642 0.963457 0.659138 0.887604 0.579824 0.783693 0.714790 0.698321 0.920873 0.965181 0.821409 0.845404 0.893394 0.925608 0.800735 0.790014 0.617413 0.935668 0.971716 0.760610
0.814248 0.924588 0.572081 0.896419 0.929740 0.851805 0.783565 0.956050 0.702278 0.907803 0.809844 0.756624 0.937604 0.825143 0.824145 0.956219 0.914484 0.972669 0.888540 0.760454 0.991205 0.954122 0.782997 0.971130 0.718946 0.423583 0.937489 0.946404 0.900614 0.993313 0.000000 0.455332 0.694653 0.833879 0.763852 0.870934 0.730683 0.914008 0.892525 0.969258 0.956799 0.935854 0.481716 0.582910 0.668979 0.692004 0.778510 0.630140 0.948942 0.940998 0.957619 0.962221 0.993621 0.862847 0.920288 0.837681 0.945706 0.901332 0.697411 0.904126 0.999308 0.890161 0.972560 0.930093 0.697485 0.769446 0.801387 0.605905 0.652947 0.766374 0.682438 0.820747 0.808803 0.928720 0.861415 0.999225 0.951888 0.763281 0.908666 0.837361 0.957731 0.902687 0.969403 0.933266 0.909813 0.841184 0.898070 0.839425 0.947122 0.902372 0.710076 0.751398 0.687491 0.815666 0.876305 0.976551 0.926643 0.860086 0.888350 0.810872 0.737011 0.712343 0.880115 0.909059 0.894458 0.645619 0.987970 0.895005 0.976291 0.793589 0.744939 0.829142 0.954962 0.994485 0.726939 0.791743
0.774915 0.904140 0.604181 0.842046 0.878512 0.878852 0.708892 0.921818 0.735123 0.873360 0.854098 0.809591 0.973234 0.872523 0.759969 0.946352 0.979950 0.950696 0.926731 0.845989 0.991730 0.991455 0.790170 0.919164 0.837910 0.606327 0.904262 0.882872 0.994220 0.965136 0.455332 0.000000 0.616078 0.797798 0.743212 0.998242 0.859519 0.971364 0.844877 0.897389 0.902332 0.853671 0.529561 0.599522 0.654117 0.693983 0.743220 0.622732 0.912336 0.919147 0.961345 0.974886 0.918591 0.911357 0.984156 0.884084 0.927835 0.888632 0.765152 0.898087 0.916064 0.923131 0.977913 0.947610 0.705956 0.749813 0.810380 0.591805 0.667069 0.842086 0.730262 0.807261 0.956801 0.834007 0.910573 0.967893 0.991992 0.842298 0.830503 0.821602 0.970130 0.898338 0.965014 0.951878 0.913331 0.851040 0.970464 0.786817 0.931729 0.959220 0.737579 0.738050 0.769843 0.819008 0.879868 0.915266 0.943759 0.881342 0.872562 0.896907 0.801031 0.752540 0.935285 0.969563 0.843452 0.822197 0.926490 0.919352 0.910728 0.808174 0.739021 0.855330 0.994445 0.961676 0.796189 0.882228
0.871307 0.795383 0.703519 0.652984 0.913655 0.754685 0.633257 0.635304 0.805528 0.727530 0.806598 0.815018 0.751212 0.859686 0.716496 0.801885 0.660487 0.576322 0.707136 0.840420 0.716630 0.897642 0.828820 0.934515 0.965383 0.758742 0.814189 0.903608 0.684724 0.753449 0.694653 0.616078 0.000000 0.547350 0.702911 0.863532 0.893245 0.972179 0.960934 0.992955 0.898488 0.930411 0.519912 0.535845 0.634861 0.589481 0.784151 0.559277 0.870386 0.942607 0.858308 0.866206 0.949036 0.855943 0.846423 0.996379 0.769114 0.831176 0.791407 0.860815 0.627513 0.706354 0.670262 0.677729 0.719058 0.632666 0.677568 0.541882 0.900520 0.958269 0.910665 0.835562 0.836336 0.965485 0.845174 0.866883 0.792658 0.823429 0.657869 0.756783 0.658782 0.810130 0.877944 0.853593 0.728663 0.792527 0.993550 0.953183 0.983578 0.816754 0.696952 0.952169 0.822620 0.951316 0.931825 0.949228 0.920164 0.753422 0.604868 0.618722 0.706574 0.631064 0.833525 0.790825 0.706217 0.748326 0.964976 0.763598 0.951932 0.928404 0.693547 0.760901 0.767374 0.975877 0.803588 0.936706
0.642902 0.630688 0.900127 0.708000 0.822197 0.729614 0.629777 0.419379 0.794086 0.648086 0.602803 0.589639 0.611263 0.727983 0.808954 0.809455 0.549979 0.522110 0.636815 0.650152 0.751434 0.932814 0.977953 0.816918 0.751762 0.986674 0.879314 0.977401 0.556427 0.510829 0.833879 0.797798 0.547350 0.000000 0.889462 0.920423 0.908878 0.975111 0.953498 0.967515 0.918182 0.982733 0.608469 0.449670 0.667172 0.522003 0.689985 0.601388 0.676147 0.758609 0.674896 0.709697 0.837645 0.735121 0.943100 0.881683 0.669986 0.760109 0.667335 0.672212 0.553604 0.517781 0.452995 0.516436 0.957468 0.700239 0.828777 0.636540 0.931793 0.996061 0.975612 0.874479 0.816135 0.877942 0.813900 0.840556 0.604699 0.793892 0.747379 0.831751 0.594631 0.760299 0.821474 0.932510 0.821055 0.867361 0.975953 0.900115 0.929987 0.977308 0.693781 0.992765 0.920012 0.970563 0.960587 0.749330 0.895397 0.821222 0.506902 0.685708 0.625428 0.668388 0.656945 0.858313 0.788348 0.809007 0.963770 0.765094 0.891366 0.942873 0.694936 0.693624 0.633704 0.906681 0.737334 0.924411
0.796716 0.783382 0.596057 0.878022 0.861614 0.934222 0.711450 0.936101 0.792964 0.942810 0.794987 0.744553 0.933295 0.819953 0.818102 0.994658 0.837507 0.905405 0.829906 0.797516 0.944528 0.951166 0.725938 0.913054 0.765313 0.643123 0.750740 0.992006 0.814378 0.753984 0.763852 0.743212 0.702911 0.889462 0.000000 0.773695 0.654993 0.832870 0.998736 0.944001 0.956161 0.973110 0.678727 0.878939 0.725734 0.934874 0.939491 0.945657 0.782379 0.679228 0.790338 0.794119 0.809966 0.924442 0.928180 0.821377 0.768281 0.721946 0.821772 0.761431 0.845042 0.915480 0.821860 0.792216 0.623441 0.649955 0.532904 0.566621 0.816377 0.645778 0.959604 0.975320 0.948092 0.979658 0.981768 0.978176 0.887376 0.994129 0.962530 0.879298 0.889290 0.927941 0.922254 0.945726 0.700282 0.713894 0.890856 0.954970 0.935451 0.829539 0.719880 0.687437 0.726743 0.663223 0.961875 0.894728 0.998214 0.752985 0.912119 0.709579 0.916977 0.754655 0.999012 0.921266 0.795288 0.914529 0.944490 0.859278 0.979750 0.980020 0.924529 0.831182 0.860763 0.912008 0.622019 0.899354
0.657451 0.602765 0.631990 0.998215 0.833042 0.942561 0.733765 0.838342 0.854200 0.899025 0.709450 0.679377 0.929596 0.762250 0.961485 0.879358 0.754143 0.757759 0.788784 0.633398 0.849424 0.933371 0.714850 0.897903 0.794816 0.765635 0.975507 0.799461 0.697230 0.670540 0.870934 0.998242 0.863532 0.920423 0.773695 0.000000 0.716219 0.935920 0.962418 0.941338 0.936749 0.977015 0.814949 0.965731 0.798640 0.829344 0.959695 0.912354 0.641561 0.560309 0.588092 0.589223 0.657784 0.655204 0.729243 0.753411 0.605931 0.567228 0.710320 0.610587 0.975731 0.715770 0.724842 0.652792 0.623903 0.772749 0.572730 0.684193 0.731504 0.634713 0.985901 0.955528 0.888645 0.962174 0.997797 0.846988 0.753686 0.940989 0.904244 0.934517 0.803305 0.788891 0.983997 0.962705 0.772688 0.909553 0.666930 0.806910 0.956800 0.990741 0.762809 0.678925 0.592291 0.665779 0.854759 0.949926 0.976050 0.741667 0.964085 0.831061 0.964617 0.938416 0.909664 0.801995 0.992836 0.984880 0.803090 0.853039 0.956024 0.901474 0.909737 0.852442 0.982505 0.958177 0.967608 0.914361
0.727577 0.759705 0.749676 0.884358 0.879661 0.917556 0.981542 0.729762 0.911754 0.932478 0.693820 0.660504 0.716714 0.637226 0.897714 0.947866 0.796209 0.830628 0.672976 0.723539 0.786369 0.890263 0.892297 0.988325 0.699765 0.664945 0.969375 0.830518 0.721130 0.788083 0.730683 0.859519 0.893245 0.908878 0.654993 0.716219 0.000000 0.807431 0.735575 0.793795 0.930204 0.801838 0.789469 0.933325 0.852817 0.941472 0.973441 0.939438 0.817980 0.749135 0.752089 0.786285 0.760529 0.810968 0.870139 0.895254 0.824639 0.778710 0.689253 0.742071 0.792221 0.735035 0.704316 0.745063 0.821774 0.971106 0.791907 0.821748 0.944948 0.873902 0.722156 0.871283 0.896514 0.967687 0.993461 0.967889 0.758341 0.777450 0.919154 0.968539 0.854135 0.880206 0.987414 0.907861 0.957991 0.954532 0.892870 0.900537 0.889044 0.844916 0.984249 0.788781 0.874408 0.824874 0.931601 0.888793 0.962418 0.746081 0.967873 0.976673 0.985139 0.994601 0.955621 0.990039 0.974928 0.803849 0.938974 0.987136 0.942216 0.901962 0.969902 0.951736 0.980014 0.955910 0.940256 0.962057
0.931653 0.943888 0.847242 0.882020 0.978350 0.983296 0.979515 0.895556 0.995725 0.954365 0.909496 0.860612 0.780357 0.763614 0.845169 0.895083 0.953785 0.989553 0.881780 0.925398 0.878883 0.706397 0.918930 0.945285 0.825958 0.887849 0.967525 0.970850 0.951497 0.878109 0.914008 0.971364 0.972179 0.975111 0.832870 0.935920 0.807431 0.000000 0.826369 0.894897 0.765519 0.862836 0.914745 0.970887 0.862554 0.973464 0.945486 0.891020 0.954870 0.865805 0.886056 0.896140 0.892473 0.849483 0.907398 0.940261 0.963493 0.988123 0.922518 0.869939 0.954836 0.956909 0.812219 0.963218 0.873859 0.968329 0.872180 0.918406 0.889788 0.942758 0.904873 0.805539 0.877728 0.976166 0.975792 0.929545 0.982238 0.896364 0.992997 0.912968 0.975301 0.952765 0.991889 0.775043 0.930350 0.915828 0.961448 0.860229 0.981926 0.813766 0.909675 0.992535 0.959643 0.855549 0.865529 0.778304 0.693270 0.748799 0.948541 0.883206 0.955705 0.929747 0.944473 0.825031 0.987485 0.813314 0.857277 0.934837 0.965298 0.900886 0.941427 0.964507 0.899166 0.995376 0.966904 0.884247
