0.000000 0.159648 0.310919 0.310661 0.627383 0.603431 0.258435 0.219958 0.412189 0.323960 0.158401 0.146985 0.134675 0.236929 0.216608 0.261078 0.167523 0.155472 0.159903 0.176764 0.514551 0.876321 0.326044 0.529482 0.624740 0.668145 0.979330 0.826688 0.224207 0.207905 0.268735 0.413181 0.157075 0.171026 0.492256 0.624641 0.320019 0.410965 0.748287 0.659999 0.636266 0.554305 0.270004 0.230407 0.260327 0.228493 0.239958 0.262966 0.748628 0.387816 0.493810 0.396173 0.587906 0.617005 0.495926 0.501016 0.181409 0.160526 0.193809 0.220937 0.123358 0.202044 0.122412 0.134436 0.351110 0.293081 0.285201 0.308095 0.275642 0.213008 0.278848 0.251940 0.415716 0.454578 0.622089 0.564769 0.377293 0.307968 0.232461 0.237932 0.152742 0.208060 0.450178 0.352547 0.245622 0.419678 0.992877 0.801618 0.459599 0.523943 0.628321 0.709294 0.635075 0.759524 0.559192 0.536221 0.379918 0.557442 0.256153 0.263254 0.599780 0.644907 0.262778 0.333032 0.323733 0.276223 0.625403 0.684994 0.658718 0.475833 0.687034 0.389984 0.388285 0.514687 0.404550 0.961915
0.159648 0.000000 0.451987 0.388227 0.601857 0.628948 0.368922 0.262371 0.445882 0.380845 0.226869 0.136191 0.151709 0.165245 0.188486 0.207767 0.160697 0.127780 0.186050 0.173304 0.506345 0.877100 0.309015 0.462177 0.558706 0.735283 0.974895 0.863631 0.190739 0.197813 0.316784 0.428806 0.221678 0.229832 0.585161 0.653979 0.346483 0.437385 0.820568 0.692925 0.606158 0.531376 0.274254 0.230896 0.281970 0.265344 0.271695 0.275014 0.747885 0.445915 0.570170 0.473826 0.677854 0.754967 0.620783 0.629946 0.109282 0.105035 0.283909 0.301604 0.205116 0.241679 0.145634 0.126438 0.458446 0.405040 0.418203 0.398096 0.327799 0.291138 0.234924 0.260693 0.508604 0.569313 0.700324 0.608640 0.315526 0.305923 0.294035 0.231859 0.165280 0.218782 0.368447 0.342353 0.293925 0.400838 0.949478 0.830063 0.552362 0.569129 0.700626 0.745140 0.707355 0.842729 0.556971 0.532752 0.407105 0.534493 0.298491 0.261052 0.642760 0.792537 0.295992 0.316731 0.350280 0.291402 0.714624 0.693367 0.630397 0.499783 0.614709 0.397339 0.457801 0.462754 0.424844 0.884080
0.310919 0.451987 0.000000 0.140324 0.659930 0.590374 0.127730 0.207545 0.424973 0.298524 0.321061 0.347154 0.314720 0.442411 0.387957 0.361512 0.366072 0.342847 0.234524 0.300783 0.482527 0.809483 0.251791 0.458499 0.486217 0.393026 0.913105 0.813916 0.410899 0.291757 0.219953 0.357367 0.223589 0.218858 0.421868 0.559674 0.326757 0.434367 0.586765 0.630267 0.725624 0.658845 0.274708 0.271397 0.467703 0.416288 0.353330 0.307286 0.940744 0.573923 0.701755 0.608399 0.658514 0.523334 0.538448 0.621706 0.464595 0.453137 0.304502 0.378926 0.235595 0.352818 0.284518 0.342281 0.167105 0.172886 0.173852 0.234717 0.443441 0.285076 0.346273 0.377036 0.425958 0.444733 0.445125 0.739160 0.425407 0.444805 0.307514 0.439404 0.310160 0.281921 0.546214 0.366365 0.285710 0.404341 0.851680 0.928801 0.464546 0.528599 0.573168 0.628836 0.581614 0.687385 0.602970 0.568833 0.500463 0.645990 0.455808 0.376183 0.620132 0.469829 0.431152 0.337844 0.398687 0.365358 0.693743 0.762573 0.646611 0.470623 0.673119 0.597110 0.428169 0.585396 0.529400 0.933408
0.310661 0.388227 0.140324 0.000000 0.672509 0.524250 0.153835 0.148947 0.463137 0.234182 0.371066 0.279792 0.275639 0.322556 0.293582 0.259093 0.344166 0.300657 0.217257 0.268113 0.436048 0.774312 0.174357 0.331162 0.417138 0.384153 0.926352 0.914942 0.346576 0.238890 0.190463 0.291638 0.189956 0.199396 0.405661 0.532875 0.277118 0.415799 0.540591 0.601729 0.733723 0.564247 0.229176 0.259326 0.447931 0.396244 0.336104 0.249259 0.980314 0.538728 0.693590 0.583725 0.630939 0.514241 0.526929 0.610711 0.431229 0.402043 0.331315 0.399538 0.255981 0.311760 0.256042 0.275811 0.185721 0.172718 0.202648 0.236051 0.500455 0.280313 0.289752 0.354277 0.474981 0.554585 0.451422 0.697411 0.368057 0.405393 0.278094 0.417439 0.241363 0.206242 0.436988 0.269638 0.236780 0.296152 0.817629 0.965052 0.445082 0.451779 0.555724 0.584148 0.544427 0.694206 0.576171 0.478644 0.482390 0.592481 0.415152 0.288198 0.576057 0.481665 0.363510 0.312371 0.347572 0.312831 0.748895 0.720433 0.619230 0.433975 0.634485 0.512879 0.419704 0.506661 0.544651 0.967225
0.627383 0.601857 0.659930 0.672509 0.000000 0.793121 0.612720 0.608677 0.729915 0.692489 0.698400 0.664076 0.624478 0.706052 0.649491 0.681646 0.702362 0.648440 0.554231 0.678434 0.728512 0.861266 0.676588 0.758742 0.872819 0.998781 0.998954 0.735544 0.666619 0.705437 0.776407 0.868237 0.601670 0.633924 0.750377 0.756698 0.704692 0.643465 0.935172 0.729048 0.877488 0.579657 0.568859 0.564133 0.563549 0.635921 0.707041 0.624083 0.868070 0.745547 0.777246 0.742455 0.857626 0.786440 0.895493 0.876516 0.608621 0.663188 0.652535 0.669019 0.583517 0.635161 0.618126 0.631952 0.638276 0.635255 0.633819 0.599077 0.681017 0.705132 0.617069 0.630489 0.881086 0.928633 0.886623 0.962968 0.712712 0.733829 0.744130 0.826090 0.681387 0.705066 0.746097 0.717633 0.672404 0.677120 0.964024 0.984198 0.915439 0.859043 0.674793 0.668201 0.709566 0.693160 0.937379 0.827038 0.731450 0.816722 0.583188 0.550668 0.778390 0.639322 0.561742 0.610366 0.491272 0.652102 0.704657 0.765510 0.838215 0.927206 0.693670 0.659473 0.693966 0.822272 0.661048 0.827357
0.603431 0.628948 0.590374 0.524250 0.793121 0.000000 0.507308 0.464985 0.588025 0.469646 0.664507 0.594593 0.600030 0.670564 0.638049 0.613680 0.677253 0.645423 0.595189 0.590357 0.717226 0.839600 0.564481 0.764206 0.777251 0.578864 0.995682 0.772237 0.675485 0.683821 0.579345 0.642310 0.564906 0.588621 0.588726 0.791461 0.565387 0.903543 0.809957 0.908677 0.886011 0.666165 0.510903 0.607515 0.563059 0.601016 0.543481 0.626732 0.943810 0.819213 0.766855 0.741003 0.764165 0.796663 0.735559 0.661504 0.690937 0.693026 0.641421 0.702609 0.591039 0.632931 0.591958 0.603258 0.619352 0.562230 0.514887 0.487278 0.786298 0.705991 0.479121 0.558545 0.794182 0.888340 0.807101 0.858212 0.662343 0.654006 0.648833 0.734989 0.550438 0.583121 0.845995 0.670381 0.597993 0.705011 0.914663 0.749171 0.780513 0.733786 0.452577 0.503572 0.397103 0.625959 0.776048 0.750705 0.551543 0.799342 0.466063 0.474853 0.554309 0.511197 0.617413 0.571447 0.620689 0.556614 0.864572 0.628355 0.831068 0.745122 0.756690 0.532421 0.605882 0.763999 0.667727 0.908186
0.258435 0.368922 0.127730 0.153835 0.612720 0.507308 0.000000 0.144629 0.398661 0.221376 0.301658 0.300127 0.279063 0.394361 0.353203 0.338196 0.310408 0.280285 0.178556 0.268804 0.488074 0.852744 0.249118 0.491290 0.551588 0.491258 0.980651 0.761965 0.363753 0.271930 0.228323 0.361016 0.187964 0.180525 0.416227 0.580194 0.335128 0.445370 0.584121 0.639066 0.699191 0.565403 0.201378 0.198395 0.336990 0.301823 0.306324 0.247475 0.988178 0.557347 0.643574 0.549152 0.619509 0.501721 0.513410 0.635008 0.368839 0.377435 0.252587 0.335997 0.179815 0.305984 0.227210 0.278635 0.209992 0.162144 0.148566 0.163328 0.426264 0.292874 0.280288 0.277137 0.409628 0.449110 0.489570 0.721114 0.403005 0.377586 0.301526 0.392105 0.236901 0.239394 0.543917 0.367730 0.286020 0.424264 0.913474 0.829894 0.432713 0.578731 0.507188 0.538881 0.499091 0.627762 0.621056 0.512583 0.409528 0.595176 0.326375 0.270024 0.547661 0.394138 0.368167 0.296679 0.336382 0.312425 0.682331 0.667339 0.563065 0.422965 0.581524 0.464022 0.331849 0.508889 0.484510 0.894745
0.219958 0.262371 0.207545 0.148947 0.608677 0.464985 0.144629 0.000000 0.366117 0.174843 0.316096 0.198441 0.196522 0.241532 0.239679 0.223887 0.253735 0.221489 0.185725 0.219571 0.456842 0.799960 0.204563 0.410476 0.521472 0.509250 0.959813 0.867964 0.267590 0.220906 0.224292 0.343404 0.157617 0.166990 0.370569 0.518039 0.302870 0.405887 0.665491 0.639486 0.635112 0.524267 0.175346 0.198509 0.265909 0.253991 0.273686 0.225247 0.865972 0.457013 0.537233 0.424192 0.534421 0.492157 0.508376 0.593846 0.313459 0.287522 0.260391 0.298480 0.175449 0.198485 0.188752 0.171652 0.263066 0.192846 0.186180 0.203600 0.441926 0.255079 0.252874 0.290719 0.443682 0.544404 0.540773 0.660885 0.322649 0.302863 0.243127 0.361965 0.171170 0.183384 0.417469 0.297354 0.232468 0.340979 0.986622 0.855147 0.460548 0.452618 0.426574 0.470372 0.420400 0.601288 0.510821 0.412855 0.340212 0.520898 0.238385 0.170709 0.426912 0.442596 0.266889 0.245448 0.262194 0.260550 0.662463 0.567220 0.564744 0.411054 0.568110 0.377835 0.332640 0.445199 0.456350 0.942832
0.412189 0.445882 0.424973 0.463137 0.729915 0.588025 0.398661 0.366117 0.000000 0.344689 0.408169 0.394505 0.421909 0.523265 0.513658 0.501503 0.440721 0.441844 0.434266 0.395138 0.734422 0.975658 0.527729 0.747086 0.717261 0.741480 0.856402 0.842521 0.461400 0.467268 0.469515 0.599491 0.399134 0.434120 0.563949 0.703884 0.577672 0.648108 0.899458 0.754282 0.700995 0.795739 0.469011 0.468885 0.456712 0.458179 0.479318 0.522555 0.958815 0.642809 0.711176 0.617722 0.724044 0.707920 0.704286 0.673830 0.481526 0.464654 0.462644 0.439657 0.375618 0.382267 0.454962 0.442321 0.501092 0.435302 0.464553 0.451188 0.445007 0.452281 0.462658 0.500776 0.428853 0.458086 0.811157 0.676882 0.484761 0.472730 0.557687 0.511267 0.453223 0.488048 0.751724 0.639817 0.575288 0.738762 0.903439 0.587199 0.664385 0.761140 0.556851 0.553254 0.560423 0.573583 0.654408 0.636228 0.618215 0.813492 0.400194 0.424110 0.608579 0.577193 0.580029 0.411934 0.487776 0.566145 0.748654 0.687784 0.772973 0.586802 0.551319 0.570440 0.475741 0.640589 0.565974 0.820360
0.323960 0.380845 0.298524 0.234182 0.692489 0.469646 0.221376 0.174843 0.344689 0.000000 0.370275 0.304197 0.328149 0.384678 0.346757 0.343809 0.331004 0.318589 0.284983 0.317605 0.548923 0.804952 0.315889 0.559543 0.603307 0.530854 0.927835 0.880719 0.387470 0.309447 0.314083 0.436808 0.265194 0.270256 0.379359 0.590941 0.402889 0.511768 0.728475 0.659165 0.729041 0.536252 0.297470 0.318549 0.378790 0.387299 0.435087 0.360356 0.986784 0.592114 0.660176 0.547053 0.626911 0.594217 0.605650 0.632476 0.415903 0.427507 0.409687 0.443472 0.291533 0.314622 0.329029 0.307460 0.337272 0.263308 0.288630 0.316772 0.451962 0.387196 0.297255 0.355371 0.376181 0.493120 0.577516 0.564318 0.383764 0.314788 0.371371 0.455214 0.266027 0.287718 0.538064 0.406627 0.415107 0.537382 0.943283 0.733953 0.601742 0.625460 0.423624 0.428314 0.401598 0.522099 0.620966 0.414431 0.445604 0.633832 0.263840 0.251054 0.541216 0.475106 0.429457 0.305203 0.385721 0.389987 0.645945 0.591044 0.683738 0.475486 0.571349 0.450724 0.366326 0.506430 0.543550 0.977495
0.158401 0.226869 0.321061 0.371066 0.698400 0.664507 0.301658 0.316096 0.408169 0.370275 0.000000 0.177234 0.192518 0.299987 0.282946 0.292029 0.181387 0.179502 0.193458 0.184456 0.533637 0.891457 0.384556 0.529563 0.625342 0.630310 0.985597 0.791600 0.248567 0.204969 0.300498 0.380931 0.221081 0.207775 0.579172 0.685494 0.399468 0.505974 0.787215 0.632357 0.594393 0.634856 0.365662 0.297657 0.435519 0.364966 0.345805 0.361284 0.973107 0.565941 0.688109 0.590069 0.715359 0.781533 0.612594 0.574501 0.218754 0.231820 0.282803 0.315768 0.176349 0.278573 0.184897 0.208467 0.405214 0.308755 0.352331 0.387036 0.231822 0.258929 0.333094 0.300215 0.339936 0.378799 0.699338 0.565521 0.397250 0.324921 0.265366 0.211643 0.207370 0.242636 0.513293 0.428997 0.373731 0.530277 0.998475 0.770861 0.500857 0.658102 0.753924 0.834824 0.775660 0.872264 0.674341 0.603679 0.469475 0.645505 0.370359 0.365310 0.685546 0.689498 0.366497 0.365038 0.427160 0.357897 0.683534 0.845155 0.705417 0.527445 0.760710 0.535955 0.499996 0.535067 0.443643 0.879624
0.146985 0.136191 0.347154 0.279792 0.664076 0.594593 0.300127 0.198441 0.394505 0.304197 0.177234 0.000000 0.116246 0.137490 0.138108 0.142796 0.141518 0.109113 0.152984 0.139137 0.490146 0.864217 0.248982 0.388085 0.517600 0.630592 0.997186 0.907904 0.143414 0.131785 0.246391 0.333493 0.149780 0.183086 0.552788 0.649675 0.303373 0.442895 0.762033 0.627254 0.577612 0.543947 0.274428 0.238779 0.343876 0.277380 0.270070 0.268335 0.822070 0.455283 0.590728 0.467425 0.629310 0.670028 0.575688 0.607794 0.171000 0.151372 0.281068 0.286545 0.164559 0.174884 0.123780 0.098365 0.394133 0.286747 0.360602 0.371169 0.312541 0.219704 0.251480 0.243359 0.418426 0.514926 0.658090 0.563959 0.297857 0.248917 0.215792 0.214312 0.128992 0.155902 0.329584 0.266932 0.251570 0.342113 0.948193 0.881339 0.472726 0.535979 0.677612 0.731882 0.680970 0.844781 0.532445 0.474710 0.427743 0.526149 0.297371 0.252332 0.605257 0.677818 0.276570 0.297651 0.312518 0.293823 0.691816 0.708898 0.642467 0.440829 0.700069 0.426783 0.432776 0.458215 0.441183 0.921686
0.134675 0.151709 0.314720 0.275639 0.624478 0.600030 0.279063 0.196522 0.421909 0.328149 0.192518 0.116246 0.000000 0.142265 0.129795 0.151025 0.170024 0.133431 0.169016 0.181533 0.456973 0.879202 0.229349 0.365269 0.507328 0.616096 0.992205 0.892093 0.177925 0.157540 0.230917 0.352924 0.159619 0.196894 0.540171 0.655276 0.278464 0.400627 0.734508 0.648579 0.588543 0.499551 0.247950 0.237058 0.324098 0.272188 0.249267 0.250409 0.809325 0.413048 0.556466 0.427827 0.625317 0.615005 0.570681 0.594098 0.190356 0.157315 0.262645 0.260547 0.151031 0.185735 0.113748 0.107300 0.351516 0.294524 0.347510 0.364377 0.360363 0.260144 0.266788 0.277661 0.454581 0.496145 0.634342 0.583948 0.361135 0.276804 0.201447 0.234982 0.140293 0.172600 0.347852 0.292296 0.206613 0.321973 0.986004 0.920069 0.452035 0.464044 0.664122 0.719371 0.665003 0.842423 0.491819 0.485393 0.378488 0.525093 0.307911 0.272413 0.635458 0.654026 0.269400 0.286880 0.308140 0.283204 0.641337 0.693832 0.617034 0.434306 0.701141 0.445976 0.424060 0.465844 0.421026 0.953894
0.236929 0.165245 0.442411 0.322556 0.706052 0.670564 0.394361 0.241532 0.523265 0.384678 0.299987 0.137490 0.142265 0.000000 0.130183 0.130220 0.205113 0.162183 0.236804 0.225910 0.463550 0.864898 0.232596 0.299431 0.466897 0.632526 0.983972 0.992074 0.158790 0.160678 0.245834 0.330314 0.199285 0.247307 0.548446 0.654093 0.343938 0.450365 0.760426 0.625262 0.642389 0.511586 0.291472 0.286393 0.386605 0.317025 0.282289 0.277183 0.770274 0.451863 0.589665 0.472563 0.602992 0.654827 0.591002 0.644252 0.214866 0.185575 0.335662 0.338753 0.243013 0.219199 0.167522 0.121446 0.436019 0.360510 0.436813 0.435868 0.432823 0.313405 0.316132 0.366471 0.527715 0.649114 0.720753 0.633564 0.331401 0.285548 0.241898 0.267884 0.173222 0.180453 0.247484 0.268815 0.230730 0.259849 0.965551 0.958032 0.487396 0.452742 0.758619 0.796002 0.759423 0.955146 0.493745 0.484163 0.424381 0.482221 0.396190 0.307245 0.649776 0.754642 0.278576 0.333743 0.358573 0.321191 0.714417 0.698465 0.622824 0.472213 0.696937 0.465725 0.495055 0.437613 0.511539 0.994110
0.216608 0.188486 0.387957 0.293582 0.649491 0.638049 0.353203 0.239679 0.513658 0.346757 0.282946 0.138108 0.129795 0.130183 0.000000 0.149445 0.210235 0.169916 0.223373 0.229268 0.420898 0.852574 0.220742 0.328448 0.445764 0.614920 0.902181 0.954135 0.194351 0.162314 0.249831 0.355475 0.197059 0.236875 0.565997 0.674805 0.285616 0.415392 0.748175 0.614701 0.634308 0.515604 0.280384 0.259367 0.383685 0.314420 0.299030 0.251150 0.787380 0.422652 0.596598 0.457957 0.630617 0.602395 0.582018 0.613822 0.228746 0.201736 0.342318 0.343586 0.229518 0.217038 0.170633 0.140404 0.365484 0.325717 0.421247 0.432639 0.452139 0.311721 0.301577 0.324771 0.504066 0.620372 0.697947 0.632107 0.348549 0.288806 0.213912 0.286147 0.172873 0.192145 0.320641 0.282795 0.218966 0.276950 0.880387 0.980588 0.459951 0.439737 0.695095 0.732402 0.704714 0.886315 0.503305 0.425448 0.435902 0.503296 0.348496 0.290058 0.694742 0.691967 0.303879 0.314658 0.327566 0.311010 0.659412 0.689016 0.639998 0.483138 0.704072 0.450351 0.452103 0.436225 0.494458 0.997403
0.261078 0.207767 0.361512 0.259093 0.681646 0.613680 0.338196 0.223887 0.501503 0.343809 0.292029 0.142796 0.151025 0.130220 0.149445 0.000000 0.194438 0.147604 0.206322 0.193420 0.462615 0.844572 0.171014 0.257015 0.445222 0.582820 0.932177 0.954126 0.158467 0.130314 0.237774 0.290384 0.190669 0.225590 0.571072 0.647533 0.294518 0.469222 0.692028 0.631481 0.621457 0.477815 0.258021 0.247176 0.444928 0.360398 0.315045 0.278121 0.908692 0.519892 0.684515 0.564476 0.685785 0.695078 0.682464 0.704492 0.226221 0.204515 0.367108 0.384607 0.243159 0.226562 0.173541 0.135876 0.381879 0.291090 0.394500 0.405716 0.436850 0.311267 0.265880 0.328130 0.517127 0.620162 0.659380 0.618027 0.325027 0.267649 0.220925 0.269751 0.162561 0.166027 0.261167 0.249473 0.248407 0.255855 0.923282 0.917400 0.512152 0.467418 0.729373 0.749883 0.738584 0.909994 0.521036 0.449203 0.493359 0.510212 0.419215 0.301568 0.677065 0.703465 0.296765 0.274251 0.337856 0.311609 0.734843 0.791527 0.632699 0.452528 0.707941 0.485388 0.479268 0.452133 0.507805 0.949967
0.167523 0.160697 0.366072 0.344166 0.702362 0.677253 0.310408 0.253735 0.440721 0.331004 0.181387 0.141518 0.170024 0.205113 0.210235 0.194438 0.000000 0.107110 0.163875 0.158158 0.512998 0.851796 0.298207 0.442172 0.542104 0.654847 0.986443 0.839156 0.163990 0.137559 0.269242 0.331453 0.192927 0.172504 0.569088 0.645956 0.348056 0.465018 0.774221 0.667979 0.563233 0.570098 0.300632 0.229638 0.377974 0.309702 0.293729 0.320894 0.906999 0.533156 0.685246 0.554254 0.733970 0.747089 0.660326 0.663084 0.152439 0.152514 0.291397 0.320658 0.190953 0.231979 0.148548 0.140670 0.408809 0.311589 0.382473 0.376653 0.283410 0.235728 0.282007 0.283957 0.383550 0.453150 0.686020 0.537673 0.338761 0.296041 0.223664 0.179113 0.132368 0.171005 0.384624 0.328244 0.318438 0.407547 0.984468 0.902330 0.501409 0.604648 0.764139 0.787675 0.760557 0.844811 0.537546 0.509080 0.440117 0.512232 0.374170 0.287682 0.728893 0.722948 0.330843 0.311270 0.378697 0.336294 0.702056 0.751224 0.674843 0.454767 0.659317 0.446553 0.495255 0.395895 0.500829 0.820459
0.155472 0.127780 0.342847 0.300657 0.648440 0.645423 0.280285 0.221489 0.441844 0.318589 0.179502 0.109113 0.133431 0.162183 0.169916 0.147604 0.107110 0.000000 0.131995 0.130391 0.483518 0.877867 0.248364 0.387810 0.522946 0.659102 0.981194 0.831669 0.137031 0.110094 0.253281 0.322195 0.158184 0.160731 0.545921 0.673111 0.315950 0.441625 0.752025 0.653797 0.616801 0.504478 0.262443 0.201518 0.356907 0.285933 0.289067 0.268926 0.898071 0.513853 0.664466 0.542161 0.688317 0.720117 0.606250 0.666169 0.119909 0.126712 0.287552 0.317075 0.170593 0.218378 0.113101 0.107381 0.386847 0.302621 0.364008 0.364533 0.277327 0.239822 0.238758 0.230669 0.403946 0.473503 0.631626 0.590652 0.314293 0.256093 0.197616 0.167847 0.105327 0.136607 0.317136 0.268538 0.266426 0.349176 0.944837 0.938879 0.494107 0.567266 0.726795 0.753147 0.725925 0.854272 0.549943 0.496635 0.429207 0.529377 0.345051 0.256041 0.684815 0.697121 0.295955 0.274354 0.333240 0.304210 0.690779 0.782493 0.640847 0.437039 0.662835 0.407553 0.437234 0.413939 0.457359 0.892243
0.159903 0.186050 0.234524 0.217257 0.554231 0.595189 0.178556 0.185725 0.434266 0.284983 0.193458 0.152984 0.169016 0.236804 0.223373 0.206322 0.163875 0.131995 0.000000 0.135601 0.472971 0.863371 0.214359 0.387582 0.485948 0.587854 0.983473 0.742424 0.196040 0.157987 0.205615 0.293735 0.140119 0.129919 0.486996 0.576408 0.306574 0.427234 0.612929 0.627579 0.679230 0.506786 0.217941 0.177325 0.351721 0.303372 0.279441 0.221685 0.960267 0.534491 0.694523 0.582226 0.712498 0.671922 0.596608 0.706398 0.184467 0.212193 0.255277 0.319954 0.145888 0.257087 0.118748 0.153414 0.296012 0.222253 0.260125 0.262735 0.321028 0.240922 0.192026 0.230820 0.433180 0.491876 0.582443 0.642963 0.334088 0.304149 0.237874 0.244122 0.136801 0.163784 0.360379 0.276839 0.255472 0.337325 0.904812 0.863894 0.484691 0.611352 0.675025 0.720856 0.679862 0.808248 0.599466 0.523865 0.421604 0.504049 0.342546 0.251181 0.668512 0.595157 0.316138 0.287348 0.339744 0.292576 0.676602 0.757212 0.602435 0.458626 0.607555 0.425281 0.431376 0.480942 0.418755 0.899053
0.176764 0.173304 0.300783 0.268113 0.678434 0.590357 0.268804 0.219571 0.395138 0.317605 0.184456 0.139137 0.181533 0.225910 0.229268 0.193420 0.158158 0.130391 0.135601 0.000000 0.475825 0.841366 0.254912 0.389066 0.494758 0.599762 0.970466 0.818385 0.188601 0.146156 0.232201 0.279435 0.180128 0.154317 0.546003 0.595047 0.314628 0.465656 0.719551 0.677971 0.602045 0.593939 0.275038 0.221497 0.407954 0.334150 0.321030 0.295964 0.979887 0.567408 0.733342 0.627148 0.744232 0.762182 0.631560 0.692951 0.184164 0.192324 0.307375 0.363237 0.198500 0.254740 0.150923 0.160073 0.382172 0.297109 0.328881 0.344662 0.288174 0.247696 0.219006 0.267432 0.388088 0.457542 0.635809 0.604033 0.340916 0.292148 0.228312 0.208976 0.150325 0.177261 0.400001 0.311098 0.321602 0.382670 0.882795 0.868299 0.521756 0.641105 0.716338 0.773385 0.729558 0.855706 0.551576 0.559472 0.503178 0.593318 0.383538 0.300517 0.673321 0.670381 0.358781 0.313877 0.399749 0.296858 0.731899 0.808966 0.633681 0.470812 0.629698 0.442275 0.481413 0.475715 0.440120 0.918681
0.514551 0.506345 0.482527 0.436048 0.728512 0.717226 0.488074 0.456842 0.734422 0.548923 0.533637 0.490146 0.456973 0.463550 0.420898 0.462615 0.512998 0.483518 0.472971 0.475825 0.000000 0.778798 0.446493 0.503136 0.444634 0.637614 0.983372 0.971500 0.540002 0.450213 0.456496 0.569993 0.467078 0.445074 0.697206 0.819750 0.485073 0.540712 0.702201 0.736562 0.766124 0.650523 0.493798 0.473529 0.629516 0.554018 0.522103 0.482735 0.919329 0.596928 0.745605 0.699380 0.833346 0.714920 0.563172 0.702987 0.553831 0.522509 0.537208 0.568726 0.488745 0.526433 0.450894 0.458396 0.493434 0.553608 0.530122 0.550944 0.660015 0.594063 0.538324 0.541459 0.618810 0.815023 0.743478 0.881501 0.552397 0.478431 0.482865 0.596600 0.471525 0.443962 0.599716 0.513998 0.456302 0.525794 0.994380 0.985867 0.720274 0.585511 0.734733 0.768997 0.718034 0.901573 0.718836 0.490043 0.685855 0.705295 0.644548 0.568306 0.832059 0.778843 0.487480 0.567977 0.566561 0.438178 0.743620 0.841502 0.531198 0.655658 0.723282 0.726224 0.599126 0.654493 0.675943 0.880123
0.876321 0.877100 0.809483 0.774312 0.861266 0.839600 0.852744 0.799960 0.975658 0.804952 0.891457 0.864217 0.879202 0.864898 0.852574 0.844572 0.851796 0.877867 0.863371 0.841366 0.778798 0.000000 0.808837 0.865243 0.877974 0.825063 0.763031 0.968651 0.863978 0.824301 0.812450 0.813770 0.860808 0.801540 0.892195 0.836814 0.805111 0.780260 0.874304 0.776468 0.899778 0.874113 0.780147 0.786434 0.901762 0.940612 0.933027 0.941327 0.989467 0.948734 0.995245 0.914995 0.927783 0.898394 0.893870 0.933321 0.915835 0.915034 0.878456 0.947690 0.928071 0.907325 0.891061 0.877562 0.842479 0.835848 0.860247 0.872584 0.912397 0.807565 0.779554 0.868485 0.846055 0.975727 0.847395 0.755710 0.877382 0.855235 0.807859 0.876954 0.868959 0.846044 0.857522 0.848811 0.899945 0.878225 0.933187 0.953993 0.911165 0.951466 0.950369 0.934732 0.943252 0.889483 0.881074 0.724064 0.946541 0.944784 0.851880 0.819063 0.884097 0.837536 0.839475 0.764098 0.807179 0.802001 0.945430 0.988682 0.871945 0.827388 0.893228 0.887422 0.926616 0.854401 0.867643 0.974015
0.326044 0.309015 0.251791 0.174357 0.676588 0.564481 0.249118 0.204563 0.527729 0.315889 0.384556 0.248982 0.229349 0.232596 0.220742 0.171014 0.298207 0.248364 0.214359 0.254912 0.446493 0.808837 0.000000 0.204873 0.376125 0.463567 0.876736 0.931991 0.283538 0.211877 0.180145 0.245081 0.215535 0.245990 0.523307 0.521429 0.256851 0.443469 0.616692 0.666865 0.729298 0.467239 0.241758 0.280196 0.486238 0.428172 0.360971 0.295114 0.975809 0.575435 0.756668 0.640366 0.691343 0.573321 0.664686 0.763183 0.344304 0.337569 0.425436 0.488285 0.295652 0.346267 0.228485 0.239056 0.236002 0.251811 0.339500 0.376947 0.563610 0.383562 0.226372 0.346193 0.555876 0.620810 0.597642 0.749702 0.347571 0.347979 0.295630 0.397011 0.223405 0.208698 0.329765 0.263897 0.193617 0.204202 0.811286 0.912796 0.478544 0.489886 0.652894 0.670423 0.648997 0.825758 0.549037 0.440453 0.501160 0.523582 0.459894 0.310134 0.681901 0.631831 0.394645 0.329134 0.409949 0.307819 0.783875 0.756848 0.626254 0.508753 0.697105 0.507717 0.450544 0.528540 0.524544 0.943946
0.529482 0.462177 0.458499 0.331162 0.758742 0.764206 0.491290 0.410476 0.747086 0.559543 0.529563 0.388085 0.365269 0.299431 0.328448 0.257015 0.442172 0.387810 0.387582 0.389066 0.503136 0.865243 0.204873 0.000000 0.306495 0.571900 0.903183 0.979384 0.359502 0.302549 0.340664 0.289365 0.391566 0.412832 0.696359 0.629615 0.398847 0.558544 0.668728 0.745531 0.813706 0.612622 0.447056 0.488700 0.760953 0.676131 0.532830 0.470797 0.862580 0.756822 0.941112 0.831706 0.849899 0.752903 0.835302 0.937396 0.483893 0.478248 0.656370 0.695411 0.510852 0.504740 0.384639 0.381473 0.433462 0.433499 0.582627 0.643816 0.696015 0.534022 0.417381 0.559213 0.658385 0.727774 0.724878 0.819173 0.494402 0.498913 0.398649 0.478532 0.373761 0.323775 0.345816 0.347256 0.343331 0.238353 0.772635 0.730806 0.572522 0.537710 0.898744 0.927791 0.901673 0.915419 0.662404 0.537084 0.692681 0.575994 0.720393 0.519855 0.803685 0.825532 0.568737 0.502909 0.544886 0.491208 0.945162 0.921832 0.652481 0.644491 0.801345 0.678592 0.697373 0.565416 0.734583 0.999001
0.624740 0.558706 0.486217 0.417138 0.872819 0.777251 0.551588 0.521472 0.717261 0.603307 0.625342 0.517600 0.507328 0.466897 0.445764 0.445222 0.542104 0.522946 0.485948 0.494758 0.444634 0.877974 0.376125 0.306495 0.000000 0.443849 0.715387 0.992875 0.487716 0.422619 0.385708 0.468329 0.524427 0.495490 0.666291 0.755288 0.472232 0.668697 0.568763 0.826547 0.816166 0.741139 0.538586 0.571945 0.783949 0.727607 0.527232 0.490168 0.911392 0.702487 0.952686 0.832074 0.957223 0.808132 0.761656 0.899851 0.603380 0.564767 0.675445 0.706239 0.608627 0.627219 0.521613 0.528382 0.463033 0.535471 0.610745 0.658400 0.698095 0.589357 0.552710 0.607050 0.562900 0.715499 0.691326 0.847547 0.557974 0.598258 0.514730 0.605807 0.508132 0.468092 0.542501 0.471449 0.476670 0.409245 0.804345 0.914797 0.737611 0.586642 0.920609 0.948623 0.863645 0.950720 0.687930 0.638962 0.753799 0.629544 0.784520 0.653835 0.881758 0.883335 0.726560 0.616681 0.660309 0.551887 0.913797 0.928024 0.660857 0.638160 0.711951 0.776610 0.762549 0.636788 0.770168 0.855942
0.668145 0.735283 0.393026 0.384153 0.998781 0.578864 0.491258 0.509250 0.741480 0.530854 0.630310 0.630592 0.616096 0.632526 0.614920 0.582820 0.654847 0.659102 0.587854 0.599762 0.637614 0.825063 0.463567 0.571900 0.443849 0.000000 0.652841 0.789556 0.652969 0.566082 0.390483 0.479778 0.527900 0.522535 0.463740 0.634244 0.566792 0.800679 0.623814 0.715771 0.912256 0.774606 0.566817 0.610390 0.793693 0.732727 0.533832 0.551996 0.884657 0.776339 0.918696 0.818393 0.812794 0.793050 0.676402 0.693531 0.785855 0.732308 0.596250 0.655841 0.592034 0.653270 0.605594 0.642768 0.411973 0.425717 0.467474 0.494025 0.725067 0.605539 0.652696 0.692372 0.632203 0.736260 0.527453 0.874541 0.687098 0.714363 0.570308 0.683350 0.567690 0.525094 0.682456 0.584473 0.505772 0.516419 0.862916 0.899744 0.595726 0.571198 0.858536 0.903644 0.786733 0.995387 0.667464 0.780991 0.694231 0.834936 0.796518 0.679536 0.865763 0.753135 0.739261 0.633485 0.795421 0.632074 0.763047 0.920750 0.850744 0.650376 0.949111 0.808116 0.755961 0.773112 0.657668 0.959866
0.979330 0.974895 0.913105 0.926352 0.998954 0.995682 0.980651 0.959813 0.856402 0.927835 0.985597 0.997186 0.992205 0.983972 0.902181 0.932177 0.986443 0.981194 0.983473 0.970466 0.983372 0.763031 0.876736 0.903183 0.715387 0.652841 0.000000 0.890149 0.965077 0.921069 0.832255 0.888903 0.997224 0.961164 0.928933 0.996862 0.950762 0.991144 0.981149 0.883006 0.978015 0.936843 0.906002 0.878494 0.981640 0.965035 0.924861 0.929225 0.978701 0.914889 0.932996 0.995153 0.956761 0.927686 0.974762 0.974007 0.965204 0.918616 0.992896 0.959329 0.942714 0.912683 0.993571 0.971204 0.843653 0.961080 0.997057 0.980042 0.999986 0.872392 0.979812 0.951192 0.943017 0.974750 0.855400 0.971976 0.921515 0.901657 0.908425 0.928798 0.989916 0.996868 0.931789 0.927973 0.929302 0.868127 0.854742 0.824454 0.914529 0.861477 0.806600 0.861200 0.814964 0.836694 0.923205 0.941243 0.929622 0.960255 0.877175 0.961890 0.896192 0.990734 0.917833 0.949746 0.862214 0.979390 0.974703 0.838191 0.940449 0.940079 0.915927 0.978646 0.943297 0.937894 0.961510 0.967519
0.826688 0.863631 0.813916 0.914942 0.735544 0.772237 0.761965 0.867964 0.842521 0.880719 0.791600 0.907904 0.892093 0.992074 0.954135 0.954126 0.839156 0.831669 0.742424 0.818385 0.971500 0.968651 0.931991 0.979384 0.992875 0.789556 0.890149 0.000000 0.889686 0.868957 0.950530 0.949643 0.898250 0.809691 0.950165 0.828621 0.901257 0.788382 0.745395 0.962003 0.835314 0.875225 0.817269 0.793216 0.867464 0.849349 0.943799 0.787380 0.823496 0.932103 0.946477 0.986128 0.965963 0.894403 0.980815 0.805451 0.793362 0.872052 0.903588 0.947400 0.798805 0.898094 0.862387 0.902447 0.876483 0.849221 0.825153 0.849518 0.891770 0.867286 0.859552 0.831818 0.743398 0.701717 0.975034 0.947006 0.891153 0.947511 0.905252 0.879435 0.892736 0.947476 0.990025 0.919715 0.979716 0.952022 0.928723 0.876004 0.985191 0.904802 0.881840 0.883508 0.961006 0.834417 0.900496 0.957355 0.967009 0.950188 0.840312 0.899391 0.862723 0.802083 0.902984 0.855187 0.866433 0.919507 0.929098 0.995972 0.928901 0.960140 0.643890 0.994291 0.874172 0.982856 0.882196 0.997198
0.224207 0.190739 0.410899 0.346576 0.666619 0.675485 0.363753 0.267590 0.461400 0.387470 0.248567 0.143414 0.177925 0.158790 0.194351 0.158467 0.163990 0.137031 0.196040 0.188601 0.540002 0.863978 0.283538 0.359502 0.487716 0.652969 0.965077 0.889686 0.000000 0.137616 0.272971 0.312428 0.188879 0.197393 0.562724 0.684970 0.392986 0.544901 0.733800 0.687208 0.646040 0.530789 0.310809 0.262534 0.432035 0.328686 0.281242 0.269713 0.886842 0.517533 0.668333 0.528300 0.645485 0.703208 0.606945 0.698930 0.189803 0.187528 0.326406 0.348710 0.217384 0.209374 0.158937 0.142615 0.443036 0.312763 0.398770 0.411247 0.315445 0.240194 0.339733 0.374123 0.433849 0.522753 0.679865 0.597398 0.379792 0.299122 0.214889 0.229665 0.146357 0.180129 0.301208 0.269727 0.289923 0.325233 0.975784 0.996406 0.548132 0.527575 0.809549 0.838216 0.801245 0.964781 0.532411 0.532991 0.505658 0.518712 0.436459 0.322464 0.689498 0.686261 0.334577 0.308937 0.357435 0.361921 0.750794 0.850451 0.720921 0.475654 0.639186 0.475899 0.528141 0.420936 0.520970 0.940083
0.207905 0.197813 0.291757 0.238890 0.705437 0.683821 0.271930 0.220906 0.467268 0.309447 0.204969 0.131785 0.157540 0.160678 0.162314 0.130314 0.137559 0.110094 0.157987 0.146156 0.450213 0.824301 0.211877 0.302549 0.422619 0.566082 0.921069 0.868957 0.137616 0.000000 0.207181 0.258870 0.166327 0.160596 0.540999 0.657834 0.296966 0.428914 0.725464 0.655236 0.609481 0.563075 0.250620 0.202742 0.438156 0.326520 0.301158 0.249272 0.962313 0.506515 0.691235 0.563623 0.666374 0.661181 0.621626 0.665431 0.191740 0.198319 0.323864 0.365410 0.195849 0.214676 0.148609 0.138856 0.331035 0.243312 0.356219 0.375725 0.322795 0.242736 0.285977 0.302149 0.349390 0.434492 0.583011 0.564336 0.344050 0.262338 0.179100 0.204924 0.134236 0.145369 0.297977 0.249761 0.269365 0.315132 0.872362 0.972630 0.467909 0.561440 0.777241 0.805612 0.796845 0.913079 0.556417 0.493760 0.506309 0.527926 0.424201 0.298936 0.706183 0.686394 0.351348 0.275755 0.355486 0.311975 0.714023 0.810917 0.631283 0.394972 0.657554 0.474645 0.459820 0.436031 0.508040 0.947201
0.268735 0.316784 0.219953 0.190463 0.776407 0.579345 0.228323 0.224292 0.469515 0.314083 0.300498 0.246391 0.230917 0.245834 0.249831 0.237774 0.269242 0.253281 0.205615 0.232201 0.456496 0.812450 0.180145 0.340664 0.385708 0.390483 0.832255 0.950530 0.272971 0.207181 0.000000 0.232622 0.186685 0.201505 0.465693 0.575539 0.302722 0.499655 0.578036 0.642208 0.716281 0.601707 0.266573 0.264752 0.452362 0.400364 0.307148 0.284746 0.999606 0.573522 0.723889 0.618549 0.665153 0.614739 0.557490 0.644939 0.335896 0.327842 0.323277 0.395604 0.239278 0.325569 0.218996 0.246684 0.274857 0.246883 0.277787 0.320124 0.426091 0.309505 0.293634 0.361495 0.432145 0.520321 0.562718 0.666021 0.403931 0.351286 0.279813 0.329455 0.224863 0.223495 0.372371 0.309972 0.246718 0.323564 0.822988 0.941303 0.397854 0.517838 0.746966 0.791471 0.734192 0.888059 0.555376 0.562795 0.405693 0.557723 0.479701 0.387216 0.709464 0.601962 0.425031 0.377193 0.473521 0.323894 0.663388 0.755997 0.671297 0.477115 0.671041 0.548015 0.484076 0.495305 0.525701 0.980023
0.413181 0.428806 0.357367 0.291638 0.868237 0.642310 0.361016 0.343404 0.599491 0.436808 0.380931 0.333493 0.352924 0.330314 0.355475 0.290384 0.331453 0.322195 0.293735 0.279435 0.569993 0.813770 0.245081 0.289365 0.468329 0.479778 0.888903 0.949643 0.312428 0.258870 0.232622 0.000000 0.308069 0.280852 0.631197 0.595458 0.457469 0.721860 0.707092 0.728384 0.823275 0.662689 0.397541 0.402253 0.657159 0.572546 0.485875 0.399909 0.787262 0.801784 0.947238 0.832315 0.808429 0.797848 0.732973 0.829973 0.420077 0.440992 0.492056 0.558028 0.386586 0.454946 0.307543 0.341481 0.425864 0.331783 0.423445 0.450388 0.540958 0.422316 0.412929 0.507416 0.546938 0.622324 0.642344 0.741644 0.500784 0.422460 0.305498 0.374779 0.275554 0.247333 0.414775 0.316941 0.369105 0.325396 0.849343 0.859129 0.474741 0.625208 0.911829 0.946147 0.878365 0.937577 0.667285 0.592640 0.599123 0.610875 0.668659 0.477900 0.792275 0.735577 0.551047 0.455167 0.595907 0.478008 0.816395 0.963378 0.741900 0.569325 0.737364 0.655686 0.711165 0.566666 0.601061 0.940654
0.157075 0.221678 0.223589 0.189956 0.601670 0.564906 0.187964 0.157617 0.399134 0.265194 0.221081 0.149780 0.159619 0.199285 0.197059 0.190669 0.192927 0.158184 0.140119 0.180128 0.467078 0.860808 0.215535 0.391566 0.524427 0.527900 0.997224 0.898250 0.188879 0.166327 0.186685 0.308069 0.000000 0.126010 0.408501 0.588798 0.293538 0.447176 0.677015 0.584794 0.677984 0.534736 0.234517 0.203301 0.330095 0.268466 0.249189 0.241297 0.875384 0.496683 0.612617 0.501456 0.629205 0.606370 0.488791 0.545205 0.238634 0.222825 0.214450 0.267599 0.131428 0.214375 0.128683 0.142496 0.270104 0.198039 0.222903 0.230974 0.331106 0.216567 0.244140 0.268555 0.433078 0.548308 0.554117 0.697718 0.319945 0.256347 0.207376 0.261103 0.133284 0.136577 0.367197 0.263883 0.200177 0.287764 0.891733 0.932656 0.414910 0.507195 0.623088 0.647671 0.605228 0.747607 0.540353 0.512878 0.421756 0.555635 0.315760 0.249778 0.618783 0.519343 0.265538 0.265340 0.295894 0.313378 0.693025 0.712726 0.679724 0.457175 0.641887 0.406837 0.421396 0.448388 0.450945 0.972758
0.171026 0.229832 0.218858 0.199396 0.633924 0.588621 0.180525 0.166990 0.434120 0.270256 0.207775 0.183086 0.196894 0.247307 0.236875 0.225590 0.172504 0.160731 0.129919 0.154317 0.445074 0.801540 0.245990 0.412832 0.495490 0.522535 0.961164 0.809691 0.197393 0.160596 0.201505 0.280852 0.126010 0.000000 0.387100 0.557269 0.308344 0.433463 0.627601 0.577660 0.673394 0.531385 0.233730 0.197267 0.359190 0.313179 0.278015 0.229438 0.962790 0.525048 0.680310 0.553514 0.655502 0.639092 0.510041 0.579543 0.234360 0.232473 0.228187 0.282607 0.150075 0.231958 0.135979 0.164858 0.268556 0.188484 0.196932 0.221048 0.311521 0.201742 0.263199 0.287941 0.390821 0.511321 0.597427 0.622197 0.348525 0.286646 0.187988 0.247416 0.122905 0.132717 0.386545 0.267043 0.240004 0.327616 0.928258 0.875854 0.439397 0.528983 0.632777 0.685882 0.633144 0.764606 0.556403 0.503557 0.415587 0.501412 0.347320 0.264256 0.627070 0.544274 0.283123 0.237377 0.318358 0.280574 0.699231 0.722964 0.675551 0.450943 0.598011 0.409026 0.411144 0.426297 0.446290 0.917378
0.492256 0.585161 0.421868 0.405661 0.750377 0.588726 0.416227 0.370569 0.563949 0.379359 0.579172 0.552788 0.540171 0.548446 0.565997 0.571072 0.569088 0.545921 0.486996 0.546003 0.697206 0.892195 0.523307 0.696359 0.666291 0.463740 0.928933 0.950165 0.562724 0.540999 0.465693 0.631197 0.408501 0.387100 0.000000 0.462325 0.537194 0.576834 0.642039 0.774488 0.934660 0.707455 0.462673 0.500944 0.495993 0.500336 0.536655 0.478142 0.918187 0.652946 0.685379 0.619673 0.612636 0.685546 0.536547 0.563137 0.601565 0.599653 0.424342 0.479706 0.422630 0.468258 0.478160 0.491746 0.397794 0.368701 0.314064 0.356746 0.595745 0.518874 0.579046 0.633835 0.604727 0.748641 0.692827 0.811179 0.579049 0.598643 0.543279 0.650279 0.442657 0.451206 0.576531 0.536664 0.456079 0.525597 0.941644 0.861426 0.656847 0.584607 0.564841 0.626041 0.536871 0.673450 0.709124 0.683409 0.496146 0.620888 0.475661 0.430190 0.585708 0.588417 0.451639 0.475479 0.511225 0.518811 0.687090 0.627535 0.870784 0.639700 0.684215 0.414976 0.574599 0.669769 0.587849 0.923779
0.624641 0.653979 0.559674 0.532875 0.756698 0.791461 0.580194 0.518039 0.703884 0.590941 0.685494 0.649675 0.655276 0.654093 0.674805 0.647533 0.645956 0.673111 0.576408 0.595047 0.819750 0.836814 0.521429 0.629615 0.755288 0.634244 0.996862 0.828621 0.684970 0.657834 0.575539 0.595458 0.588798 0.557269 0.462325 0.000000 0.602464 0.498930 0.706160 0.895180 0.905744 0.850011 0.526909 0.611681 0.624994 0.656637 0.683558 0.608776 0.930499 0.713775 0.749392 0.699967 0.742968 0.717405 0.836780 0.838077 0.658690 0.676798 0.634358 0.667142 0.583340 0.602906 0.605158 0.607100 0.526591 0.544380 0.503295 0.552247 0.804838 0.661379 0.569214 0.778239 0.813036 0.831582 0.832777 0.751902 0.691666 0.753728 0.733490 0.704391 0.619399 0.617334 0.639889 0.675267 0.540287 0.521774 0.925951 0.975614 0.699511 0.629602 0.735576 0.833637 0.764332 0.815852 0.842780 0.686340 0.633181 0.730954 0.641527 0.573521 0.592590 0.757403 0.595844 0.625966 0.699767 0.577105 0.663686 0.750492 0.857559 0.900115 0.702853 0.668792 0.735529 0.768674 0.609097 0.887941
0.320019 0.346483 0.326757 0.277118 0.704692 0.565387 0.335128 0.302870 0.577672 0.402889 0.399468 0.303373 0.278464 0.343938 0.285616 0.294518 0.348056 0.315950 0.306574 0.314628 0.485073 0.805111 0.256851 0.398847 0.472232 0.566792 0.950762 0.901257 0.392986 0.296966 0.302722 0.457469 0.293538 0.308344 0.537194 0.602464 0.000000 0.366562 0.696700 0.749312 0.622591 0.537310 0.333253 0.360356 0.481077 0.445690 0.443130 0.360156 0.922628 0.548822 0.703772 0.617501 0.793631 0.696502 0.641336 0.663910 0.365381 0.361052 0.424093 0.491593 0.325744 0.355342 0.281066 0.295108 0.332444 0.350570 0.392157 0.443222 0.574403 0.413503 0.297611 0.404594 0.632090 0.663674 0.631767 0.680460 0.398837 0.406123 0.340360 0.479956 0.307993 0.305152 0.442662 0.285825 0.273152 0.367339 0.808401 0.999336 0.553463 0.532576 0.620795 0.675622 0.638066 0.757937 0.503454 0.632019 0.455215 0.571404 0.424332 0.383970 0.695664 0.636970 0.387348 0.438433 0.393153 0.319992 0.796278 0.686328 0.659696 0.570488 0.665051 0.498614 0.477406 0.629661 0.482755 0.929905
0.410965 0.437385 0.434367 0.415799 0.643465 0.903543 0.445370 0.405887 0.648108 0.511768 0.505974 0.442895 0.400627 0.450365 0.415392 0.469222 0.465018 0.441625 0.427234 0.465656 0.540712 0.780260 0.443469 0.558544 0.668697 0.800679 0.991144 0.788382 0.544901 0.428914 0.499655 0.721860 0.447176 0.433463 0.576834 0.498930 0.366562 0.000000 0.715820 0.626756 0.734411 0.652341 0.348018 0.387900 0.439912 0.411593 0.489167 0.426951 0.685060 0.399901 0.503116 0.448772 0.612370 0.492060 0.630470 0.629906 0.461287 0.457230 0.457834 0.484087 0.391748 0.409080 0.402538 0.405832 0.377527 0.464984 0.465685 0.536622 0.622267 0.460551 0.456416 0.539623 0.643097 0.618825 0.784494 0.661153 0.470738 0.566894 0.509998 0.548777 0.466393 0.465668 0.498904 0.472866 0.384610 0.490216 0.936042 0.978809 0.532167 0.556404 0.638107 0.687621 0.735336 0.715059 0.633138 0.487343 0.532371 0.580476 0.454020 0.442027 0.640060 0.727277 0.384795 0.407231 0.448901 0.367257 0.640169 0.557671 0.557145 0.594893 0.683809 0.598178 0.492125 0.647721 0.513081 0.927469
