0.000000 0.190856 0.497527 0.620157 0.780288 0.726120 0.957120 0.898551 0.490397 0.500373 0.303808 0.293849 0.374042 0.380580 0.484902 0.725482 0.288037 0.242936 0.335398 0.232805 0.550566 0.977798 0.699502 0.440071 0.509638 0.729029 0.561729 0.768423 0.541265 0.507976 0.947227 0.778461 0.466616 0.565023 0.921932 0.901436 0.891829 0.954325 0.933588 0.912319 0.829642 0.803260 0.989768 0.863076 0.833659 0.994597 0.633401 0.649981 0.872370 0.804277 0.984788 0.892617 0.767017 0.495207 0.447142 0.534299 0.183344 0.200071 0.384988 0.329305 0.596008 0.798522 0.397632 0.397600 0.299372 0.497171 0.755507 0.955531 0.327226 0.473394 0.532301 0.513198 0.817954 0.798887 0.915589 0.949447 0.862123 0.808152 0.522725 0.391941 0.252268 0.232445 0.417706 0.258068 0.245357 0.226264 0.806720 0.542944 0.649908 0.319082 0.375068 0.449909 0.443214 0.533528 0.894009 0.914686 0.975968 0.884100 0.752980 0.883709 0.569540 0.682190 0.962717 0.779423 0.956153 0.896012 0.953489 0.837878 0.687642 0.954382 0.856058 0.870505 0.813056 0.893424 0.854018 0.647466
0.190856 0.000000 0.474858 0.521717 0.734343 0.744736 0.985934 0.856031 0.511435 0.536798 0.379824 0.325890 0.456113 0.388622 0.501160 0.688374 0.296106 0.267079 0.340302 0.227360 0.567059 0.977317 0.697060 0.430653 0.456672 0.656405 0.531912 0.763970 0.555463 0.514069 0.974582 0.752050 0.486367 0.527350 0.881836 0.916536 0.833130 0.878511 0.816768 0.930222 0.868757 0.745175 0.957463 0.815281 0.797052 0.994346 0.614776 0.653634 0.895388 0.812929 0.992323 0.887564 0.748295 0.499547 0.500922 0.546042 0.186642 0.184091 0.406547 0.376274 0.663990 0.805285 0.455813 0.409633 0.314645 0.536710 0.805556 0.998693 0.317562 0.443770 0.620536 0.510239 0.851335 0.823307 0.870081 0.947472 0.967558 0.810981 0.499920 0.406270 0.260551 0.270305 0.458000 0.279929 0.326643 0.269646 0.861779 0.606864 0.685371 0.352772 0.322686 0.384852 0.406800 0.481712 0.898026 0.963732 0.938414 0.896567 0.705544 0.869322 0.473861 0.613530 0.914798 0.823077 0.992650 0.874581 0.949353 0.836319 0.732601 0.905855 0.899557 0.859922 0.817742 0.898028 0.886634 0.617908
0.497527 0.474858 0.000000 0.279487 0.774527 0.936277 0.773045 0.608827 0.813936 0.771483 0.673603 0.580120 0.544895 0.607750 0.629683 0.680132 0.624728 0.592238 0.548523 0.538644 0.571765 0.986125 0.692967 0.487781 0.418173 0.528394 0.573599 0.897487 0.751477 0.750039 0.815995 0.675952 0.653388 0.647870 0.797147 0.880733 0.689407 0.837185 0.830114 0.722194 0.968959 0.680384 0.827853 0.745248 0.880530 0.986829 0.745148 0.762963 0.997994 0.834261 0.967357 0.885173 0.851572 0.748312 0.649708 0.727502 0.455907 0.467093 0.607027 0.535137 0.727603 0.709812 0.739120 0.682344 0.427081 0.525138 0.749797 0.916623 0.518791 0.574717 0.933078 0.859817 0.975418 0.929564 0.926648 0.805626 0.831031 0.930135 0.648600 0.609826 0.667625 0.628338 0.715607 0.668733 0.665636 0.497479 0.951916 0.991856 0.710278 0.594344 0.652470 0.717849 0.718974 0.736864 0.936013 0.962904 0.854677 0.824737 0.954441 0.859691 0.580348 0.888744 0.995229 0.894991 0.908420 0.788443 0.768746 0.932288 0.925264 0.854756 0.818469 0.909497 0.880634 0.780807 0.641241 0.772628
0.620157 0.521717 0.279487 0.000000 0.761282 0.986210 0.885483 0.555742 0.871511 0.839836 0.830208 0.668282 0.685703 0.601791 0.696055 0.607857 0.728875 0.691288 0.645309 0.679978 0.658285 0.907627 0.774861 0.483536 0.418957 0.460637 0.638271 0.892842 0.916893 0.802055 0.784081 0.681279 0.741669 0.694859 0.729058 0.929861 0.573610 0.770422 0.681976 0.696463 0.930739 0.682402 0.871066 0.802297 0.815559 0.945515 0.839066 0.843399 0.899772 0.920245 0.991786 0.888055 0.891675 0.836614 0.750186 0.790606 0.544546 0.543481 0.693743 0.631047 0.837369 0.711743 0.849934 0.759038 0.557548 0.547364 0.873330 0.967967 0.604813 0.572825 0.997725 0.875878 0.997305 0.974113 0.888545 0.947926 0.827366 0.954734 0.676488 0.683189 0.737206 0.729536 0.810778 0.702413 0.826813 0.573230 0.997036 0.934210 0.730110 0.685842 0.617676 0.629267 0.695433 0.683216 0.998236 0.947424 0.953459 0.794606 0.952722 0.936557 0.523440 0.781234 0.906741 0.889049 0.980137 0.845706 0.734131 0.963668 0.914037 0.874243 0.940674 0.842302 0.924466 0.768913 0.722529 0.813389
0.780288 0.734343 0.774527 0.761282 0.000000 0.788913 0.641348 0.794329 0.702407 0.650957 0.998678 0.995242 0.844975 0.968422 0.815719 0.783295 0.923183 0.917845 0.928513 0.759474 0.805349 0.922845 0.814707 0.961421 0.709792 0.761274 0.899003 0.949488 0.850622 0.900839 0.865184 0.975086 0.980216 0.888008 0.947378 0.721536 0.827471 0.811869 0.816718 0.985046 0.908650 0.797250 0.930266 0.947634 0.677132 0.795596 0.977408 0.966809 0.784010 0.801930 0.667291 0.694535 0.528861 0.497953 0.956792 0.976285 0.726204 0.786131 0.935958 0.822665 0.716161 0.737638 0.863119 0.938748 0.888239 0.897574 0.883309 0.754036 0.552615 0.603794 0.804024 0.759042 0.793073 0.734413 0.877290 0.948357 0.929596 0.795406 0.850452 0.892496 0.816743 0.767905 0.942030 0.806392 0.992823 0.899988 0.935872 0.972996 0.979467 0.858079 0.747184 0.736410 0.925249 0.845526 0.949717 0.942653 0.797456 0.926145 0.789858 0.792392 0.712030 0.619604 0.813956 0.981966 0.910150 0.901432 0.963679 0.878096 0.851403 0.842205 0.932071 0.755094 0.902337 0.905316 0.871250 0.851029
0.726120 0.744736 0.936277 0.986210 0.788913 0.000000 0.827859 0.774279 0.631028 0.688883 0.790044 0.807309 0.919151 0.841591 0.997222 0.892338 0.767214 0.773057 0.727442 0.757945 0.872924 0.952591 0.970539 0.902227 0.904839 0.916185 0.993719 0.818737 0.889801 0.957549 0.802911 0.936400 0.847765 0.966335 0.866656 0.928566 0.874553 0.803772 0.947468 0.758568 0.733508 0.760908 0.879553 0.883261 0.919838 0.999762 0.900404 0.896044 0.921067 0.953271 0.956424 0.932653 0.785688 0.712481 0.899146 0.815417 0.713250 0.743315 0.760909 0.813967 0.963679 0.830756 0.844518 0.883235 0.767062 0.996151 0.890793 0.998061 0.734777 0.892502 0.748891 0.699242 0.655443 0.751066 0.882744 0.848104 0.861481 0.783363 0.941108 0.881462 0.750605 0.700802 0.791817 0.698074 0.715597 0.743420 0.837989 0.878292 0.941218 0.788219 0.731868 0.864855 0.889892 0.856497 0.993299 0.922100 0.988669 0.997633 0.879548 0.903111 0.839935 0.874185 0.927447 0.939817 0.972170 0.915432 0.927520 0.804727 0.761981 0.804674 0.908931 0.972980 0.895595 0.915332 0.900189 0.789672
0.957120 0.985934 0.773045 0.885483 0.641348 0.827859 0.000000 0.312910 0.746880 0.538522 0.850737 0.670601 0.549488 0.724254 0.497309 0.622584 0.840903 0.817122 0.667375 0.911458 0.977338 0.907271 0.422642 0.835574 0.809807 0.852812 0.974102 0.938390 0.519815 0.580296 0.552427 0.676799 0.602962 0.469922 0.845736 0.852975 0.969288 0.922290 0.773602 0.975099 0.865640 0.972100 0.490114 0.540339 0.401869 0.447567 0.632446 0.678636 0.459918 0.423554 0.343921 0.378467 0.432825 0.499135 0.678314 0.644246 0.947521 0.932941 0.680689 0.833956 0.322299 0.321587 0.532668 0.537176 0.759739 0.673383 0.453189 0.462898 0.775272 0.853481 0.638830 0.710309 0.660415 0.564724 0.782790 0.699363 0.752779 0.644851 0.756799 0.811856 0.945028 0.914091 0.821990 0.934919 0.805894 0.888219 0.929770 0.977982 0.816354 0.996597 0.837170 0.791665 0.936365 0.957327 0.787856 0.769530 0.930757 0.940059 0.502893 0.477031 0.898841 0.614459 0.733056 0.814764 0.753534 0.718089 0.892499 0.985843 0.846026 0.978271 0.735840 0.702592 0.528978 0.725084 0.477841 0.845087
0.898551 0.856031 0.608827 0.555742 0.794329 0.774279 0.312910 0.000000 0.747283 0.632685 0.882370 0.620127 0.512979 0.607870 0.486693 0.405642 0.845977 0.806274 0.721664 0.918745 0.903342 0.816653 0.514164 0.654936 0.977763 0.945091 0.892628 0.971775 0.673287 0.638480 0.605999 0.695963 0.682670 0.515542 0.816934 0.926162 0.914089 0.934550 0.982377 0.906211 0.793301 0.922102 0.630350 0.657972 0.671072 0.692477 0.765852 0.837233 0.726630 0.620051 0.503206 0.478951 0.562986 0.589732 0.743210 0.780431 0.840040 0.816747 0.732962 0.837261 0.371365 0.274033 0.617271 0.561616 0.681838 0.483670 0.640879 0.629820 0.853972 0.961462 0.709307 0.792356 0.737357 0.664248 0.761784 0.814046 0.782074 0.722314 0.747018 0.815057 0.939108 0.951328 0.865960 0.985941 0.880810 0.801822 0.951739 0.882213 0.733080 0.996719 0.964699 0.914980 0.804382 0.766269 0.949868 0.910419 0.970193 0.968750 0.749255 0.660677 0.844904 0.853217 0.962236 0.927785 0.891146 0.886450 0.797880 0.961982 0.921605 0.977157 0.886927 0.978565 0.660843 0.725990 0.557494 0.999960
0.490397 0.511435 0.813936 0.871511 0.702407 0.631028 0.746880 0.747283 0.000000 0.501860 0.624028 0.648964 0.833383 0.609939 0.935213 0.971478 0.505220 0.490631 0.582811 0.486743 0.730018 0.896211 0.968989 0.678761 0.581738 0.715508 0.722738 0.897379 0.823846 0.735121 0.892561 0.865419 0.718541 0.780687 0.986977 0.922666 0.828082 0.871574 0.836525 0.978694 0.916240 0.994795 0.956259 0.893844 0.849160 0.996509 0.710647 0.680743 0.928398 0.908897 0.874488 0.925506 0.761643 0.587964 0.657113 0.598886 0.500293 0.514127 0.564988 0.624140 0.979470 0.862517 0.735637 0.699124 0.742592 0.871161 0.863693 0.991670 0.483248 0.540129 0.635171 0.648898 0.833571 0.830559 0.953266 0.936013 0.907059 0.751473 0.693063 0.619245 0.463961 0.413798 0.572199 0.379652 0.581945 0.515690 0.835961 0.597815 0.705210 0.435363 0.502860 0.643843 0.654630 0.731389 0.940229 0.804127 0.884985 0.888238 0.776327 0.941611 0.816999 0.776429 0.899420 0.686321 0.937942 0.883339 0.960143 0.973348 0.732072 0.902975 0.885994 0.940533 0.753620 0.998562 0.918412 0.748725
0.500373 0.536798 0.771483 0.839836 0.650957 0.688883 0.538522 0.632685 0.501860 0.000000 0.644280 0.800360 0.862711 0.803325 0.983446 0.842884 0.715432 0.652450 0.812968 0.578428 0.740916 0.962231 0.795372 0.682871 0.583242 0.756926 0.701236 0.756995 0.895228 0.991650 0.519677 0.772206 0.987048 0.856267 0.948399 0.917836 0.911084 0.838848 0.856379 0.947753 0.818636 0.923241 0.560470 0.697458 0.402675 0.511806 0.880970 0.918118 0.609354 0.648877 0.464650 0.532762 0.391488 0.321016 0.885273 0.928589 0.566060 0.568585 0.876429 0.731947 0.843727 0.667902 0.967394 0.977537 0.660216 0.773330 0.796447 0.619236 0.416664 0.576861 0.442418 0.514044 0.663390 0.605143 0.881494 0.786765 0.635150 0.577667 0.931412 0.773962 0.590065 0.411840 0.739752 0.471001 0.603624 0.514143 0.817619 0.551467 0.791748 0.534459 0.588704 0.604881 0.864369 0.886678 0.788322 0.963402 0.903677 0.883804 0.489451 0.595373 0.691270 0.604364 0.764971 0.957220 0.887221 0.914134 0.931862 0.878813 0.623032 0.946273 0.935608 0.740285 0.506498 0.902276 0.731450 0.707230
0.303808 0.379824 0.673603 0.830208 0.998678 0.790044 0.850737 0.882370 0.624028 0.644280 0.000000 0.314098 0.354865 0.377139 0.433194 0.679404 0.338043 0.280161 0.480454 0.370955 0.673479 0.905446 0.792978 0.567437 0.741453 0.940028 0.692394 0.735847 0.467658 0.447724 0.859921 0.879269 0.585524 0.640977 0.897475 0.937024 0.961649 0.919764 0.850204 0.973314 0.733298 0.998639 0.890449 0.982046 0.865193 0.941522 0.810503 0.830863 0.906851 0.873672 0.982834 0.949245 0.873016 0.606021 0.501074 0.636042 0.314341 0.326456 0.566686 0.532488 0.484408 0.644795 0.406746 0.412718 0.317673 0.430788 0.884857 0.997974 0.561051 0.745189 0.509302 0.591425 0.944487 0.903378 0.882548 0.967252 0.690454 0.877348 0.637585 0.531601 0.360582 0.354774 0.468779 0.384200 0.315534 0.372652 0.677852 0.603794 0.680880 0.526793 0.483403 0.551344 0.446599 0.686576 0.909707 0.919855 0.830618 0.762856 0.669873 0.822564 0.660793 0.821980 0.909807 0.942531 0.970845 0.990099 0.881511 0.843553 0.708426 0.836830 0.888476 0.965235 0.797570 0.966363 0.892973 0.664305
0.293849 0.325890 0.580120 0.668282 0.995242 0.807309 0.670601 0.620127 0.648964 0.800360 0.314098 0.000000 0.261433 0.238329 0.278245 0.431950 0.257621 0.233833 0.330081 0.318118 0.620108 0.926166 0.509243 0.441347 0.686741 0.867422 0.593939 0.811596 0.381485 0.335984 0.841394 0.670583 0.399068 0.405010 0.869162 0.973857 0.944583 0.978116 0.957355 0.900173 0.888545 0.943607 0.849729 0.751894 0.909031 0.802377 0.580417 0.610511 0.668308 0.615745 0.681787 0.621065 0.877642 0.827297 0.359173 0.488151 0.286738 0.267884 0.392764 0.423353 0.357124 0.503743 0.251374 0.219061 0.341687 0.397776 0.677198 0.784467 0.580515 0.627797 0.716633 0.671310 0.993957 0.964377 0.739681 0.910019 0.942706 0.960949 0.463021 0.373632 0.294945 0.358471 0.382961 0.376734 0.282531 0.316851 0.757641 0.619767 0.616598 0.477033 0.454776 0.530874 0.398535 0.499347 0.970281 0.926174 0.867603 0.802927 0.874158 0.999749 0.597739 0.819937 0.946453 0.746203 0.927033 0.878653 0.995681 0.846832 0.750897 0.965795 0.789627 0.975088 0.993501 0.918682 0.705771 0.694226
0.374042 0.456113 0.544895 0.685703 0.844975 0.919151 0.549488 0.512979 0.833383 0.862711 0.354865 0.261433 0.000000 0.313548 0.282740 0.414938 0.442715 0.366929 0.441369 0.479826 0.709135 0.913778 0.493059 0.423658 0.786473 0.922296 0.662952 0.910731 0.476906 0.444855 0.881560 0.701265 0.512426 0.488361 0.925017 0.988581 0.917714 0.883655 0.891716 0.923107 0.947387 0.984344 0.948372 0.872500 0.924314 0.854968 0.694399 0.745495 0.749973 0.654710 0.671592 0.602436 0.850425 0.932653 0.425096 0.580504 0.397483 0.387718 0.434264 0.428098 0.257325 0.425469 0.289584 0.330968 0.347128 0.336548 0.637425 0.719846 0.738444 0.752269 0.728976 0.737433 0.967700 0.995205 0.824105 0.971916 0.896026 0.941953 0.635447 0.477486 0.470619 0.507761 0.508386 0.526084 0.329950 0.326668 0.643721 0.665335 0.633701 0.542020 0.578856 0.655382 0.537217 0.587501 0.949567 0.941729 0.905371 0.792197 0.950042 0.972246 0.691058 0.995911 0.985848 0.906710 0.962009 0.963845 0.942541 0.762922 0.858216 0.929918 0.773742 0.952574 0.986962 0.918658 0.695787 0.794548
0.380580 0.388622 0.607750 0.601791 0.968422 0.841591 0.724254 0.607870 0.609939 0.803325 0.377139 0.238329 0.313548 0.000000 0.342961 0.365028 0.302873 0.256069 0.375846 0.393890 0.659839 0.869921 0.542998 0.353158 0.645410 0.749520 0.641529 0.915157 0.469078 0.309996 0.833803 0.619397 0.441839 0.416502 0.871365 0.948179 0.865604 0.934476 0.929265 0.883196 0.953498 0.956127 0.921308 0.816262 0.966323 0.868915 0.649209 0.660109 0.782560 0.664542 0.739950 0.659545 0.865424 0.916061 0.380162 0.476123 0.345305 0.322033 0.461237 0.490580 0.433966 0.477413 0.314629 0.284506 0.457293 0.343687 0.709204 0.756533 0.644037 0.629610 0.778245 0.703809 0.925179 0.901758 0.808822 0.922601 0.940414 0.966207 0.534679 0.420400 0.327308 0.375312 0.365701 0.335475 0.383471 0.316419 0.667547 0.576631 0.570577 0.502132 0.437184 0.483059 0.422532 0.493452 0.960671 0.969718 0.865223 0.850001 0.830072 0.989096 0.617811 0.846369 0.996858 0.777940 0.993735 0.862059 0.969117 0.845590 0.758233 0.912772 0.808305 0.992811 0.951573 0.923009 0.772845 0.731820
0.484902 0.501160 0.629683 0.696055 0.815719 0.997222 0.497309 0.486693 0.935213 0.983446 0.433194 0.278245 0.282740 0.342961 0.000000 0.353883 0.428591 0.403259 0.457450 0.503949 0.762887 0.829832 0.448129 0.457122 0.858839 0.945717 0.713867 0.913817 0.396119 0.354769 0.727267 0.694920 0.472970 0.411254 0.864959 0.968630 0.995631 0.896314 0.968109 0.886955 0.908120 0.991553 0.802904 0.757568 0.797685 0.755964 0.645835 0.673547 0.643457 0.585516 0.568401 0.508347 0.738584 0.965928 0.418217 0.539867 0.465425 0.446379 0.500572 0.553698 0.274709 0.383422 0.316516 0.296463 0.430409 0.413226 0.670655 0.721196 0.847682 0.882033 0.829183 0.796707 0.892823 0.920425 0.724425 0.805198 0.986537 0.947390 0.590946 0.550155 0.476970 0.601967 0.526925 0.580992 0.410670 0.465463 0.684088 0.745626 0.724943 0.648899 0.638599 0.642622 0.481996 0.534387 0.968953 0.983198 0.772462 0.757957 0.990233 0.917536 0.687913 0.938535 0.964818 0.850213 0.994937 0.865454 0.925297 0.743853 0.913033 0.963161 0.832047 0.946599 0.945435 0.924352 0.640511 0.789680
0.725482 0.688374 0.680132 0.607857 0.783295 0.892338 0.622584 0.405642 0.971478 0.842884 0.679404 0.431950 0.414938 0.365028 0.353883 0.000000 0.584999 0.593376 0.693977 0.759369 0.811886 0.872007 0.560890 0.485741 0.854608 0.872257 0.818013 0.998328 0.603060 0.468417 0.706043 0.638797 0.658809 0.532685 0.951561 0.975794 0.906987 0.968393 0.944170 0.805450 0.911415 0.996266 0.916986 0.888393 0.906990 0.872306 0.830606 0.839274 0.853687 0.735759 0.642578 0.543452 0.650944 0.783831 0.613002 0.782821 0.647093 0.614924 0.673678 0.768233 0.431194 0.392166 0.514247 0.465576 0.657430 0.427776 0.825936 0.739679 0.991639 0.847940 0.984010 0.945062 0.814822 0.875502 0.696299 0.859492 0.976362 0.970655 0.699853 0.616090 0.684030 0.789235 0.610721 0.774903 0.716845 0.623935 0.754756 0.958544 0.804748 0.869692 0.639174 0.598442 0.515407 0.521560 0.988279 0.899664 0.691990 0.820366 0.938101 0.961582 0.689853 0.996476 0.956024 0.965029 0.850696 0.979088 0.905842 0.794490 0.962895 0.931155 0.939261 0.942226 0.952321 0.950966 0.733501 0.837050
0.288037 0.296106 0.624728 0.728875 0.923183 0.767214 0.840903 0.845977 0.505220 0.715432 0.338043 0.257621 0.442715 0.302873 0.428591 0.584999 0.000000 0.198628 0.309152 0.271673 0.643989 0.984408 0.619642 0.514617 0.616709 0.824925 0.645115 0.764046 0.361924 0.305361 0.862063 0.695805 0.393850 0.421084 0.944840 0.980716 0.816542 0.980615 0.959672 0.885283 0.887465 0.865478 0.858758 0.708305 0.965605 0.803240 0.522143 0.525533 0.695678 0.635697 0.783694 0.728069 0.989015 0.724508 0.403419 0.441754 0.270208 0.259455 0.408548 0.457172 0.551053 0.677481 0.343462 0.299015 0.403289 0.529445 0.699105 0.798527 0.499854 0.606031 0.731601 0.608573 0.976342 0.988824 0.830483 0.880991 0.967808 0.961565 0.452176 0.405623 0.235754 0.306196 0.349538 0.320661 0.310533 0.330560 0.814736 0.539626 0.698044 0.428468 0.413522 0.499591 0.366255 0.502980 0.932324 0.900648 0.911306 0.859806 0.839459 0.999501 0.657201 0.748218 0.918774 0.711268 0.933711 0.798785 0.951012 0.889226 0.749074 0.999148 0.859379 0.888995 0.956061 0.978518 0.838988 0.738553
0.242936 0.267079 0.592238 0.691288 0.917845 0.773057 0.817122 0.806274 0.490631 0.652450 0.280161 0.233833 0.366929 0.256069 0.403259 0.593376 0.198628 0.000000 0.282405 0.236613 0.619057 0.931931 0.612533 0.448850 0.621837 0.808455 0.664039 0.771085 0.397996 0.338672 0.946646 0.706708 0.392406 0.432721 0.945091 0.997224 0.872341 0.959123 0.963820 0.888973 0.860455 0.868342 0.919420 0.776704 0.994563 0.870035 0.592198 0.595965 0.746211 0.669585 0.851284 0.782457 0.966769 0.688614 0.372804 0.432367 0.234193 0.224029 0.394651 0.436631 0.520111 0.664060 0.302205 0.279310 0.366494 0.472272 0.701368 0.814965 0.461623 0.543926 0.671697 0.588895 0.992480 0.991091 0.842957 0.928437 0.878840 0.901375 0.443147 0.372724 0.198266 0.237706 0.357912 0.244521 0.256810 0.280878 0.729329 0.494651 0.666381 0.388701 0.414370 0.468017 0.378077 0.498641 0.937139 0.899814 0.902013 0.895330 0.796264 0.996069 0.611119 0.750724 0.984122 0.760503 0.918924 0.818956 0.999000 0.888637 0.691231 0.984650 0.862677 0.961546 0.904161 0.908513 0.804537 0.711820
0.335398 0.340302 0.548523 0.645309 0.928513 0.727442 0.667375 0.721664 0.582811 0.812968 0.480454 0.330081 0.441369 0.375846 0.457450 0.693977 0.309152 0.282405 0.000000 0.284802 0.629025 0.991665 0.396704 0.515983 0.659746 0.852549 0.654934 0.954238 0.397052 0.414525 0.705676 0.595333 0.269532 0.366069 0.784818 0.965078 0.853252 0.956084 0.935737 0.944446 0.953750 0.891374 0.639542 0.527694 0.756879 0.584344 0.396129 0.381116 0.509788 0.430167 0.616944 0.563012 0.895236 0.854482 0.399755 0.345424 0.331769 0.332200 0.301242 0.380572 0.506369 0.690805 0.296435 0.295484 0.459130 0.642858 0.471560 0.623945 0.527460 0.611703 0.873603 0.728913 0.995754 0.956895 0.831951 0.905008 0.880859 0.986464 0.420117 0.391279 0.313240 0.387450 0.390305 0.369034 0.312573 0.352028 0.770605 0.602916 0.701012 0.418559 0.587333 0.691412 0.546115 0.572072 0.819572 0.789813 0.966029 0.926106 0.892201 0.753678 0.764355 0.833729 0.776840 0.630827 0.772747 0.623791 0.897172 0.894828 0.817158 0.855179 0.708261 0.858048 0.866585 0.736023 0.691789 0.776175
0.232805 0.227360 0.538644 0.679978 0.759474 0.757945 0.911458 0.918745 0.486743 0.578428 0.370955 0.318118 0.479826 0.393890 0.503949 0.759369 0.271673 0.236613 0.284802 0.000000 0.573720 0.973326 0.630297 0.524379 0.562687 0.730736 0.564888 0.815535 0.482592 0.463834 0.909889 0.769440 0.412873 0.492525 0.906697 0.998832 0.834987 0.871942 0.902589 0.920327 0.826022 0.811267 0.867940 0.737256 0.950318 0.888007 0.575639 0.577367 0.775990 0.709794 0.906423 0.844025 0.836373 0.570684 0.437546 0.474710 0.241749 0.241526 0.426617 0.419422 0.663656 0.817631 0.400162 0.373889 0.388480 0.607255 0.731493 0.915055 0.347559 0.476539 0.652766 0.576330 0.981131 0.949288 0.851727 0.959013 0.983619 0.872372 0.466891 0.414839 0.237352 0.246054 0.420044 0.270544 0.294042 0.312569 0.853670 0.555324 0.699329 0.349567 0.442096 0.544874 0.480422 0.542040 0.948431 0.809153 0.952290 0.942955 0.826152 0.973507 0.602310 0.693015 0.971190 0.744011 0.887323 0.779209 0.942959 0.896084 0.809801 0.919049 0.850617 0.991499 0.864199 0.881126 0.847320 0.696265
0.550566 0.567059 0.571765 0.658285 0.805349 0.872924 0.977338 0.903342 0.730018 0.740916 0.673479 0.620108 0.709135 0.659839 0.762887 0.811886 0.643989 0.619057 0.629025 0.573720 0.000000 0.967102 0.800664 0.725910 0.553546 0.611846 0.764742 0.991846 0.765498 0.792165 0.868483 0.608057 0.615617 0.662459 0.984553 0.901646 0.819437 0.770437 0.861063 0.817627 0.938012 0.780134 0.861105 0.757735 0.990004 0.924696 0.764039 0.665954 0.907687 0.798941 0.942867 0.880434 0.984749 0.767934 0.579393 0.758520 0.521975 0.559706 0.632099 0.556352 0.845395 0.847348 0.699443 0.682254 0.625618 0.736405 0.842565 0.983199 0.562701 0.694832 0.795828 0.768484 0.952560 0.992701 0.976473 0.884897 0.920437 0.987004 0.717751 0.572517 0.621039 0.599899 0.600300 0.649932 0.663666 0.589221 0.922845 0.963377 0.737270 0.647500 0.671549 0.715425 0.816575 0.808432 0.977449 0.883564 0.973171 0.994270 0.998086 0.916719 0.758638 0.860467 0.894210 0.733623 0.901580 0.733642 0.871318 0.898235 0.754883 0.856259 0.901605 0.876441 0.958472 0.576430 0.716353 0.674471
0.977798 0.977317 0.986125 0.907627 0.922845 0.952591 0.907271 0.816653 0.896211 0.962231 0.905446 0.926166 0.913778 0.869921 0.829832 0.872007 0.984408 0.931931 0.991665 0.973326 0.967102 0.000000 0.896857 0.910524 0.906849 0.879087 0.914848 0.931004 0.957646 0.923122 0.958257 0.998401 0.950240 0.985800 0.951602 0.909557 0.858938 0.998017 0.952808 0.897395 0.841687 0.898928 0.898433 0.907337 0.984424 0.957330 0.848068 0.886329 0.959976 0.986565 0.945913 0.982453 0.906472 0.923619 0.949124 0.957912 0.927175 0.933148 0.935517 0.950537 0.831331 0.830304 0.867832 0.930003 0.941683 0.807092 0.972623 0.883623 0.885601 0.975440 0.879570 0.976495 0.968696 0.950774 0.920817 0.990503 0.794162 0.875955 0.990924 0.905972 0.953849 0.989413 0.971856 0.942967 0.962789 0.955414 0.991306 0.959185 0.918952 0.952969 0.989796 0.844325 0.913331 0.928647 0.961566 0.878382 0.910060 0.961381 0.887121 0.891979 0.938104 0.993954 0.988798 0.985694 0.898730 0.892448 0.983844 0.949503 0.864554 0.744621 0.912879 0.982211 0.937974 0.974055 0.988712 0.878837
0.699502 0.697060 0.692967 0.774861 0.814707 0.970539 0.422642 0.514164 0.968989 0.795372 0.792978 0.509243 0.493059 0.542998 0.448129 0.560890 0.619642 0.612533 0.396704 0.630297 0.800664 0.896857 0.000000 0.593285 0.901880 0.957091 0.815114 0.851840 0.513026 0.544118 0.449151 0.484835 0.399021 0.394064 0.690291 0.887862 0.931901 0.870126 0.989013 0.973411 0.906980 0.940365 0.457452 0.435166 0.480803 0.390157 0.376875 0.428508 0.374616 0.304253 0.344763 0.282192 0.559267 0.683089 0.484379 0.462439 0.726988 0.684675 0.454873 0.601487 0.448666 0.568688 0.396987 0.394708 0.716030 0.775018 0.398124 0.477867 0.913774 0.853862 0.806876 0.947728 0.780452 0.746862 0.761456 0.789576 0.663288 0.883960 0.593856 0.577592 0.644046 0.787805 0.631083 0.759777 0.539114 0.612261 0.809850 0.778729 0.841586 0.675813 0.871427 0.926136 0.752246 0.666659 0.804744 0.875834 0.927494 0.908808 0.623506 0.575248 0.980264 0.856333 0.670979 0.688705 0.774025 0.583785 0.947840 0.822059 0.974990 0.807641 0.753443 0.815411 0.647847 0.723389 0.516485 0.915149
0.440071 0.430653 0.487781 0.483536 0.961421 0.902227 0.835574 0.654936 0.678761 0.682871 0.567437 0.441347 0.423658 0.353158 0.457122 0.485741 0.514617 0.448850 0.515983 0.524379 0.725910 0.910524 0.593285 0.000000 0.555479 0.632156 0.656679 0.858055 0.718354 0.577649 0.940413 0.659729 0.608027 0.621110 0.796760 0.978185 0.862514 0.887753 0.868648 0.924295 0.939356 0.842953 0.942276 0.943140 0.829826 0.950275 0.730022 0.773666 0.990293 0.818446 0.908556 0.763776 0.980911 0.839686 0.519929 0.628099 0.415040 0.379175 0.501151 0.498296 0.596909 0.649423 0.525343 0.501146 0.497646 0.414901 0.777166 0.877211 0.594654 0.569010 0.750785 0.736260 0.876014 0.920804 0.897241 0.954082 0.974979 0.779520 0.702226 0.593979 0.495413 0.487690 0.518528 0.438251 0.489317 0.331985 0.725321 0.629331 0.629507 0.476067 0.478497 0.481374 0.525393 0.559237 0.944227 0.955185 0.842626 0.993401 0.830323 0.971428 0.605497 0.799297 0.966504 0.890186 0.923182 0.908874 0.940652 0.725441 0.707000 0.994556 0.832163 0.785785 0.888605 0.927787 0.866276 0.688963
0.509638 0.456672 0.418173 0.418957 0.709792 0.904839 0.809807 0.977763 0.581738 0.583242 0.741453 0.686741 0.786473 0.645410 0.858839 0.854608 0.616709 0.621837 0.659746 0.562687 0.553546 0.906849 0.901880 0.555479 0.000000 0.278735 0.488173 0.807855 0.977264 0.891846 0.936050 0.728065 0.737804 0.791551 0.772943 0.910430 0.591693 0.731229 0.640330 0.810274 0.995746 0.661237 0.946069 0.824992 0.688529 0.866851 0.740161 0.748023 0.851245 0.961798 0.827147 0.948247 0.761165 0.615543 0.735915 0.749231 0.468726 0.452897 0.671476 0.508693 0.936223 0.996495 0.921600 0.800757 0.572237 0.682897 0.931321 0.890837 0.412309 0.510031 0.832510 0.699621 0.891484 0.957179 0.949010 0.989566 0.877120 0.913228 0.692444 0.646164 0.632325 0.546967 0.756624 0.524003 0.717338 0.499272 0.934998 0.869763 0.765111 0.493702 0.474272 0.608196 0.694434 0.769635 0.949523 0.971436 0.917119 0.893485 0.832119 0.987303 0.607047 0.680048 0.931471 0.797943 0.892360 0.734435 0.836931 0.862343 0.839070 0.792997 0.890007 0.758132 0.950067 0.840546 0.868926 0.735795
0.729029 0.656405 0.528394 0.460637 0.761274 0.916185 0.852812 0.945091 0.715508 0.756926 0.940028 0.867422 0.922296 0.749520 0.945717 0.872257 0.824925 0.808455 0.852549 0.730736 0.611846 0.879087 0.957091 0.632156 0.278735 0.000000 0.597713 0.869984 0.911423 0.957788 0.848711 0.755387 0.873581 0.818205 0.780753 0.997282 0.530435 0.594350 0.594376 0.839447 0.976341 0.571877 0.915210 0.837624 0.745009 0.859841 0.813205 0.830038 0.804491 0.992548 0.854204 0.964655 0.887240 0.803005 0.803493 0.805210 0.692848 0.653841 0.845206 0.660358 0.838417 0.959008 0.955806 0.938762 0.760057 0.744400 0.998297 0.910421 0.551224 0.584881 0.992661 0.837324 0.999705 0.943552 0.985919 0.952660 0.822327 0.955965 0.759055 0.744415 0.792609 0.734070 0.906817 0.666629 0.910142 0.671175 0.920784 0.938945 0.735740 0.622827 0.655310 0.761284 0.862357 0.857723 0.987333 0.994844 0.851718 0.856928 0.980927 0.971149 0.680356 0.815034 0.970735 0.842998 0.808090 0.762467 0.825468 0.983967 0.959928 0.790969 0.960513 0.835829 0.980655 0.804115 0.861956 0.828490
0.561729 0.531912 0.573599 0.638271 0.899003 0.993719 0.974102 0.892628 0.722738 0.701236 0.692394 0.593939 0.662952 0.641529 0.713867 0.818013 0.645115 0.664039 0.654934 0.564888 0.764742 0.914848 0.815114 0.656679 0.488173 0.597713 0.000000 0.696165 0.867354 0.793191 0.885263 0.843831 0.812006 0.750037 0.889682 0.897138 0.745356 0.944293 0.920403 0.771240 0.991387 0.867993 0.950282 0.858386 0.821532 0.939311 0.790942 0.765946 0.952535 0.944606 0.955793 0.932530 0.845434 0.732705 0.681621 0.737732 0.561476 0.548973 0.703534 0.550165 0.839206 0.846794 0.771307 0.689795 0.599775 0.626477 0.873501 0.990688 0.650073 0.684361 0.862818 0.816558 0.974308 0.955790 0.687517 0.969792 0.892308 0.938337 0.771371 0.675048 0.697944 0.585544 0.734161 0.620518 0.636647 0.521453 0.908334 0.808876 0.768234 0.568534 0.603413 0.817893 0.725968 0.902671 0.930169 0.890553 0.950996 0.998763 0.905834 0.931738 0.665672 0.874713 0.952118 0.795371 0.984171 0.832736 0.968629 0.908723 0.972418 0.909629 0.706315 0.924561 0.946120 0.996481 0.756602 0.939185
0.768423 0.763970 0.897487 0.892842 0.949488 0.818737 0.938390 0.971775 0.897379 0.756995 0.735847 0.811596 0.910731 0.915157 0.913817 0.998328 0.764046 0.771085 0.954238 0.815535 0.991846 0.931004 0.851840 0.858055 0.807855 0.869984 0.696165 0.000000 0.905295 0.881147 0.766885 0.840317 0.954910 0.991021 0.990391 0.941488 0.831733 0.846197 0.911271 0.797975 0.836068 0.731778 0.913952 0.964446 0.748766 0.770370 0.946130 0.930776 0.809020 0.817061 0.785993 0.810141 0.881174 0.773056 0.934148 0.986823 0.747685 0.717607 0.997988 0.925382 0.954183 0.878750 0.968199 0.842251 0.711734 0.718694 0.837537 0.787452 0.764609 0.722553 0.914513 0.943049 0.913774 0.924784 0.920465 0.945171 0.796410 0.932850 0.852982 0.962722 0.811217 0.731796 0.970953 0.791756 0.828974 0.797365 0.991020 0.824191 0.920539 0.794472 0.797346 0.799346 0.756104 0.982104 0.918565 0.948086 0.891835 0.987699 0.733804 0.813293 0.832253 0.873294 0.983076 0.976238 0.930740 0.970317 0.899794 0.967039 0.781639 0.944794 0.996621 0.899148 0.835027 0.968290 0.969149 0.895019
0.541265 0.555463 0.751477 0.916893 0.850622 0.889801 0.519815 0.673287 0.823846 0.895228 0.467658 0.381485 0.476906 0.469078 0.396119 0.603060 0.361924 0.397996 0.397052 0.482592 0.765498 0.957646 0.513026 0.718354 0.977264 0.911423 0.867354 0.905295 0.000000 0.258704 0.727488 0.664432 0.389534 0.358054 0.956775 0.962076 0.990796 0.979054 0.858333 0.913541 0.902987 0.925550 0.669998 0.617537 0.652208 0.594328 0.532609 0.524048 0.484065 0.504733 0.533325 0.565403 0.725744 0.948016 0.448635 0.513897 0.525296 0.519691 0.520114 0.648093 0.399538 0.498688 0.334524 0.326526 0.565627 0.641949 0.595905 0.647990 0.835345 0.843017 0.987751 0.896376 0.776781 0.750473 0.822673 0.835814 0.900662 0.814531 0.542040 0.539944 0.442973 0.621745 0.435327 0.637443 0.500329 0.634996 0.812181 0.730557 0.779295 0.689828 0.742257 0.796629 0.526299 0.657591 0.883677 0.855204 0.947426 0.901405 0.909322 0.821457 0.960024 0.990502 0.824082 0.790997 0.843824 0.739765 0.857864 0.985670 0.896362 0.984943 0.786844 0.740899 0.817784 0.842849 0.709394 0.874182
0.507976 0.514069 0.750039 0.802055 0.900839 0.957549 0.580296 0.638480 0.735121 0.991650 0.447724 0.335984 0.444855 0.309996 0.354769 0.468417 0.305361 0.338672 0.414525 0.463834 0.792165 0.923122 0.544118 0.577649 0.891846 0.957788 0.793191 0.881147 0.258704 0.000000 0.714656 0.653704 0.405267 0.343737 0.946008 0.892004 0.860885 0.924390 0.974613 0.926053 0.990601 0.909931 0.772151 0.668871 0.765250 0.680129 0.566148 0.553876 0.600876 0.563675 0.598222 0.569507 0.739493 0.953523 0.412584 0.444848 0.489791 0.462610 0.500459 0.629925 0.404053 0.456069 0.329159 0.288336 0.580514 0.507735 0.654915 0.653607 0.795478 0.757449 0.901612 0.831734 0.764284 0.758118 0.806700 0.773632 0.979961 0.917769 0.488447 0.444928 0.383966 0.551214 0.394119 0.515456 0.497683 0.535796 0.745869 0.647693 0.669978 0.623218 0.617495 0.650104 0.466570 0.577318 0.909236 0.876575 0.898199 0.894731 0.968634 0.888257 0.865908 0.961905 0.894931 0.778223 0.914678 0.744083 0.863372 0.961078 0.833749 0.944725 0.825682 0.759445 0.906033 0.900945 0.759261 0.928196
0.947227 0.974582 0.815995 0.784081 0.865184 0.802911 0.552427 0.605999 0.892561 0.519677 0.859921 0.841394 0.881560 0.833803 0.727267 0.706043 0.862063 0.946646 0.705676 0.909889 0.868483 0.958257 0.449151 0.940413 0.936050 0.848711 0.885263 0.766885 0.727488 0.714656 0.000000 0.459132 0.534456 0.440107 0.709284 0.799462 0.701440 0.984592 0.911540 0.885373 0.781849 0.884144 0.359730 0.343565 0.434773 0.361973 0.446052 0.452463 0.473354 0.386233 0.346214 0.328072 0.465996 0.515023 0.714009 0.617169 0.990567 0.990373 0.684320 0.834203 0.757146 0.667371 0.709687 0.664701 0.943766 0.938368 0.527194 0.496342 0.845925 0.987652 0.590467 0.713385 0.675203 0.619995 0.819526 0.663169 0.482047 0.625494 0.628299 0.779045 0.948902 0.834636 0.924818 0.918967 0.990331 0.987069 0.864661 0.895643 0.965794 0.962640 0.988397 0.893337 0.918052 0.815457 0.734764 0.863813 0.891294 0.804286 0.466787 0.450570 0.954618 0.755429 0.584068 0.710794 0.771081 0.543551 0.768533 0.962507 0.747636 0.787154 0.788437 0.695597 0.557780 0.713465 0.549732 0.833170
0.778461 0.752050 0.675952 0.681279 0.975086 0.936400 0.676799 0.695963 0.865419 0.772206 0.879269 0.670583 0.701265 0.619397 0.694920 0.638797 0.695805 0.706708 0.595333 0.769440 0.608057 0.998401 0.484835 0.659729 0.728065 0.755387 0.843831 0.840317 0.664432 0.653704 0.459132 0.000000 0.484729 0.492367 0.858500 0.943068 0.826485 0.912265 0.938944 0.804748 0.836317 0.858891 0.614748 0.523457 0.633966 0.520479 0.436636 0.468248 0.575629 0.476924 0.526491 0.463542 0.637383 0.782872 0.583321 0.576486 0.704921 0.709722 0.515304 0.613927 0.734809 0.683482 0.596969 0.576127 0.884300 0.892625 0.598668 0.586025 0.848521 0.784662 0.858530 0.907063 0.802004 0.780786 0.876700 0.820407 0.703169 0.897039 0.594891 0.566811 0.701956 0.851300 0.632281 0.819854 0.785131 0.756596 0.909882 0.999020 0.933131 0.747977 0.781790 0.818206 0.747915 0.743423 0.862524 0.952938 0.871403 0.803360 0.705650 0.656762 0.925247 0.899611 0.642147 0.621925 0.959389 0.545943 0.992371 0.945980 0.949099 0.819122 0.743838 0.934663 0.613812 0.665723 0.633077 0.960012
0.466616 0.486367 0.653388 0.741669 0.980216 0.847765 0.602962 0.682670 0.718541 0.987048 0.585524 0.399068 0.512426 0.441839 0.472970 0.658809 0.393850 0.392406 0.269532 0.412873 0.615617 0.950240 0.399021 0.608027 0.737804 0.873581 0.812006 0.954910 0.389534 0.405267 0.534456 0.484729 0.000000 0.312466 0.730512 0.961178 0.864470 0.999071 0.999260 0.917829 0.928922 0.863408 0.554324 0.450582 0.624072 0.476453 0.376915 0.350184 0.442869 0.377624 0.481347 0.446203 0.751280 0.958181 0.440825 0.384705 0.448682 0.453743 0.357158 0.460235 0.499855 0.610017 0.334880 0.324149 0.563285 0.708693 0.463761 0.567650 0.671434 0.690021 0.953211 0.854043 0.892373 0.842109 0.841880 0.809872 0.859075 0.823111 0.396701 0.434029 0.416934 0.557656 0.434591 0.492284 0.445972 0.483781 0.904077 0.703651 0.775950 0.547910 0.624147 0.742624 0.589773 0.578857 0.823586 0.836236 0.962214 0.981302 0.792224 0.659182 0.814149 0.923966 0.733732 0.620792 0.743301 0.623006 0.944861 0.886279 0.876581 0.872335 0.746091 0.806932 0.759139 0.633415 0.682600 0.891912
0.565023 0.527350 0.647870 0.694859 0.888008 0.966335 0.469922 0.515542 0.780687 0.856267 0.640977 0.405010 0.488361 0.416502 0.411254 0.532685 0.421084 0.432721 0.366069 0.492525 0.662459 0.985800 0.394064 0.621110 0.791551 0.818205 0.750037 0.991021 0.358054 0.343737 0.440107 0.492367 0.312466 0.000000 0.775248 0.796427 0.747458 0.909391 0.880065 0.942265 0.891788 0.796313 0.499038 0.398748 0.580047 0.472394 0.372254 0.393248 0.462208 0.377359 0.418825 0.381363 0.609690 0.797898 0.451891 0.388325 0.541040 0.531958 0.399082 0.579458 0.438477 0.455796 0.336810 0.286438 0.625053 0.637580 0.460636 0.527287 0.820963 0.752641 0.893686 0.979507 0.759028 0.714567 0.823847 0.797308 0.736720 0.727797 0.431950 0.463680 0.496005 0.679024 0.509597 0.604999 0.554522 0.561658 0.957387 0.784730 0.696258 0.612250 0.666077 0.753780 0.584768 0.554821 0.824064 0.785030 0.950153 0.932745 0.730772 0.606602 0.805652 0.948972 0.759239 0.659399 0.779377 0.591404 0.764427 0.919044 0.957527 0.868766 0.825792 0.774664 0.767275 0.689363 0.532969 0.998946
0.921932 0.881836 0.797147 0.729058 0.947378 0.866656 0.845736 0.816934 0.986977 0.948399 0.897475 0.869162 0.925017 0.871365 0.864959 0.951561 0.944840 0.945091 0.784818 0.906697 0.984553 0.951602 0.690291 0.796760 0.772943 0.780753 0.889682 0.990391 0.956775 0.946008 0.709284 0.858500 0.730512 0.775248 0.000000 0.918278 0.787107 0.929059 0.821166 0.930407 0.901474 0.887124 0.649617 0.642767 0.774646 0.717444 0.678112 0.686258 0.808807 0.696461 0.725590 0.748758 0.820403 0.863807 0.844072 0.695326 0.913392 0.893341 0.788784 0.803958 0.906504 0.892422 0.875689 0.848720 0.922246 0.973995 0.665245 0.733298 0.952155 0.925710 0.786015 0.973164 0.999064 0.843004 0.979668 0.950752 0.705194 0.766000 0.867583 0.884707 0.920852 0.972072 0.985654 0.886895 0.913946 0.852344 0.988667 0.998643 0.785961 0.836642 0.903174 0.942633 0.971108 0.849333 0.886796 0.937355 0.871304 0.839598 0.771537 0.714314 0.898223 0.940360 0.694491 0.706311 0.716472 0.831735 0.985119 0.909983 0.975230 0.770899 0.708448 0.829777 0.706266 0.807374 0.706445 0.961881
0.901436 0.916536 0.880733 0.929861 0.721536 0.928566 0.852975 0.926162 0.922666 0.917836 0.937024 0.973857 0.988581 0.948179 0.968630 0.975794 0.980716 0.997224 0.965078 0.998832 0.901646 0.909557 0.887862 0.978185 0.910430 0.997282 0.897138 0.941488 0.962076 0.892004 0.799462 0.943068 0.961178 0.796427 0.918278 0.000000 0.848668 0.885022 0.980186 0.899187 0.688284 0.876228 0.899849 0.841939 0.799582 0.847888 0.905294 0.806747 0.921644 0.867131 0.818780 0.839710 0.778027 0.710772 0.939583 0.805226 0.858690 0.894589 0.918192 0.931682 0.943377 0.914610 0.904873 0.951344 0.841013 0.986935 0.802998 0.727072 0.782975 0.991848 0.870208 0.810568 0.788533 0.870041 0.875829 0.986243 0.947311 0.827963 0.945888 0.959224 0.914796 0.917188 0.990453 0.984724 0.980328 0.961821 0.973834 0.965476 0.996301 0.927330 0.907601 0.852187 0.883860 0.928670 0.956912 0.668550 0.914444 0.697254 0.809747 0.745185 0.759658 0.772807 0.778291 0.696862 0.903095 0.797446 0.918464 0.976676 0.903313 0.965075 0.896997 0.775807 0.923234 0.894005 0.868475 0.724691
0.891829 0.833130 0.689407 0.573610 0.827471 0.874553 0.969288 0.914089 0.828082 0.911084 0.961649 0.944583 0.917714 0.865604 0.995631 0.906987 0.816542 0.872341 0.853252 0.834987 0.819437 0.858938 0.931901 0.862514 0.591693 0.530435 0.745356 0.831733 0.990796 0.860885 0.701440 0.826485 0.864470 0.747458 0.787107 0.848668 0.000000 0.664282 0.630802 0.827742 0.993633 0.777874 0.753519 0.677385 0.960637 0.945914 0.796032 0.723173 0.906528 0.947418 0.973005 0.956833 0.993190 0.981678 0.857326 0.792497 0.877065 0.864111 0.925578 0.955300 0.848052 0.989850 0.963506 0.913006 0.957252 0.894625 0.891337 0.921652 0.795261 0.722763 0.825275 0.765625 0.687151 0.736469 0.945114 0.809497 0.811399 0.890504 0.730978 0.830256 0.853165 0.875889 0.916137 0.858479 0.985684 0.851397 0.855811 0.976276 0.788971 0.831445 0.849863 0.850304 0.843568 0.888426 0.981706 0.902236 0.988342 0.790166 0.944605 0.832820 0.841343 0.943349 0.811292 0.665851 0.769276 0.614876 0.719349 0.833722 0.956989 0.847109 0.981745 0.996289 0.940904 0.817696 0.757536 0.932408
0.954325 0.878511 0.837185 0.770422 0.811869 0.803772 0.922290 0.934550 0.871574 0.838848 0.919764 0.978116 0.883655 0.934476 0.896314 0.968393 0.980615 0.959123 0.956084 0.871942 0.770437 0.998017 0.870126 0.887753 0.731229 0.594350 0.944293 0.846197 0.979054 0.924390 0.984592 0.912265 0.999071 0.909391 0.929059 0.885022 0.664282 0.000000 0.779684 0.990099 0.980266 0.593560 0.979137 0.945437 0.814734 0.821307 0.932633 0.936242 0.781297 0.823908 0.819867 0.819573 0.946444 0.926037 0.987130 0.994974 0.912084 0.890924 0.893137 0.930425 0.815581 0.964949 0.902229 0.992989 0.989417 0.875047 0.822960 0.811865 0.744611 0.633541 0.901923 0.969231 0.818586 0.816718 0.938934 0.971390 0.953416 0.976037 0.792127 0.860865 0.905448 0.853314 0.903873 0.914199 0.901174 0.977289 0.746945 0.998538 0.796739 0.899634 0.913904 0.808641 0.984896 0.914983 0.853467 0.880148 0.954170 0.833846 0.911491 0.977067 0.949117 0.911104 0.923310 0.915289 0.947004 0.768678 0.836482 0.806710 0.917705 0.949422 0.814476 0.776009 0.802915 0.706024 0.905993 0.880000
