0.000000 0.403155 0.781076 0.874279 0.700163 0.850572 0.937907 0.764212 0.951921 0.747560 0.522878 0.351883 0.486101 0.526721 0.621728 0.729051 0.516106 0.468155 0.434462 0.382333 0.941194 0.989179 0.627883 0.877787 0.801570 0.543811 0.941448 0.927041 0.502658 0.626523 0.878958 0.974834 0.827298 0.937441 0.874130 0.834690 0.720661 0.939142 0.919227 0.939843 0.898391 0.943765 0.788985 0.851472 0.835885 0.997177 0.817441 0.926743 0.683318 0.823235 0.965157 0.906042 0.837571 0.535435 0.769164 0.933693 0.374158 0.408367 0.532416 0.538272 0.793647 0.617441 0.500445 0.403089 0.773804 0.744693 0.731672 0.671360 0.385554 0.467221 0.939587 0.810741 0.978340 0.779993 0.900960 0.950348 0.995823 0.721826 0.988800 0.857788 0.481613 0.436164 0.621545 0.646434 0.404392 0.891766 0.877647 0.665710 0.690738 0.501948 0.764843 0.644448 0.670271 0.589292 0.995357 0.898946 0.995298 0.944961 0.973928 0.994406 0.863503 0.642672 0.987945 0.954253 0.959217 0.966335 0.956916 0.645627 0.852690 0.925522 0.984080 0.918273 0.903887 0.916587 0.871232 0.931366
0.403155 0.000000 0.531945 0.801938 0.846050 0.670895 0.657662 0.807342 0.763900 0.773247 0.856855 0.407731 0.767675 0.524702 0.711024 0.698231 0.357455 0.324448 0.513732 0.387305 0.909361 0.919958 0.768824 0.880476 0.999785 0.570261 0.874379 0.813366 0.453598 0.496215 0.756388 0.965699 0.997735 0.949896 0.725267 0.844975 0.780020 0.807064 0.889040 0.736104 0.934404 0.942331 0.998315 0.872628 0.916240 0.691659 0.658913 0.759412 0.363913 0.527463 0.854356 0.886292 0.943819 0.632153 0.698271 0.893892 0.287105 0.292530 0.834177 0.731404 0.855743 0.707341 0.728272 0.524623 0.698927 0.655005 0.496923 0.624278 0.586278 0.447645 0.648061 0.516397 0.762891 0.692906 0.919635 0.985909 0.962931 0.725195 0.837367 0.786794 0.430052 0.377393 0.437498 0.499231 0.394560 0.729339 0.944454 0.588488 0.895086 0.686982 0.493261 0.442167 0.465875 0.387127 0.944165 0.936434 0.875900 0.978544 0.848106 0.914618 0.647420 0.488299 0.849474 0.732674 0.796516 0.836408 0.906356 0.576483 0.887193 0.967566 0.935699 0.929840 0.802010 0.968997 0.923875 0.881127
0.781076 0.531945 0.000000 0.452765 0.950001 0.553436 0.367457 0.658422 0.812547 0.946251 0.950333 0.823047 0.807982 0.958848 0.940214 0.991838 0.749596 0.650748 0.992606 0.814409 0.787238 0.844688 0.844830 0.842739 0.908607 0.565595 0.802317 0.890667 0.804231 0.886905 0.457411 0.544782 0.512668 0.609160 0.542300 0.810407 0.941135 0.771932 0.949616 0.915071 0.794136 0.835328 0.718351 0.822427 0.754882 0.941430 0.810651 0.812400 0.630725 0.851447 0.816084 0.859313 0.708931 0.569719 0.923507 0.870714 0.671272 0.595840 0.962088 0.995025 0.588423 0.942004 0.803024 0.956584 0.441557 0.504517 0.335411 0.441045 0.768205 0.786288 0.511585 0.529486 0.610143 0.646678 0.919283 0.901375 0.850034 0.658412 0.975440 0.935702 0.835911 0.748662 0.720021 0.813240 0.854211 0.961304 0.971657 0.969418 0.940334 0.961417 0.492913 0.643296 0.568301 0.649880 0.773056 0.914020 0.730792 0.979100 0.658998 0.628451 0.559424 0.585581 0.682968 0.632929 0.620733 0.639415 0.892065 0.800968 0.973503 0.805598 0.747846 0.833429 0.815027 0.875484 0.799955 0.982455
0.874279 0.801938 0.452765 0.000000 0.981462 0.760371 0.508699 0.493432 0.978109 0.882946 0.903934 0.974540 0.877929 0.727856 0.868843 0.772833 0.902581 0.891982 0.887581 0.955973 0.820453 0.772234 0.711626 0.608015 0.743632 0.526602 0.910013 0.980656 0.973212 0.901201 0.395479 0.473621 0.615279 0.606922 0.704061 0.819927 0.948489 0.850414 0.890003 0.895097 0.715731 0.893323 0.571381 0.653724 0.633142 0.739107 0.661818 0.712869 0.908170 0.900621 0.614501 0.601923 0.546398 0.505786 0.884145 0.828704 0.833487 0.772832 0.888775 0.934873 0.849692 0.939026 0.827599 0.930752 0.513085 0.478569 0.561324 0.587413 0.798977 0.828351 0.617691 0.596401 0.582500 0.682675 0.862262 0.897218 0.641437 0.545918 0.847841 0.908903 0.986219 0.978392 0.999405 0.968860 0.924965 0.642166 0.962549 0.858311 0.878754 0.971634 0.630297 0.789654 0.689193 0.873038 0.662987 0.850966 0.745021 0.881428 0.664515 0.642363 0.730158 0.689429 0.741725 0.799446 0.695949 0.585443 0.908665 0.836029 0.994517 0.865882 0.670740 0.799302 0.722627 0.854817 0.902610 0.995482
0.700163 0.846050 0.950001 0.981462 0.000000 0.941319 0.800501 0.832237 0.808199 0.841267 0.721275 0.735843 0.643808 0.700616 0.591796 0.627451 0.781890 0.795922 0.678798 0.752771 0.940609 0.901796 0.623316 0.647961 0.990372 0.785799 0.742921 0.828634 0.750689 0.711860 0.941540 0.890990 0.770361 0.889662 0.968293 0.898716 0.940908 0.895142 0.956681 0.944982 0.977220 0.929122 0.962741 0.930142 0.911049 0.960325 0.916690 0.874085 0.816865 0.838057 0.874860 0.900536 0.876085 0.975700 0.791149 0.958845 0.817790 0.950478 0.830695 0.932966 0.875812 0.730796 0.831969 0.758514 0.915240 0.980220 0.973999 0.876443 0.784960 0.755666 0.897008 0.973329 0.849895 0.830621 0.954845 0.957179 0.909165 0.897798 0.993199 0.933614 0.797118 0.858274 0.809449 0.856385 0.717561 0.798240 0.703102 0.678430 0.745240 0.814617 0.929695 0.972046 0.919414 0.917507 0.864228 0.951963 0.968280 0.995714 0.860193 0.822708 0.874689 0.981490 0.994604 0.848456 0.928898 0.990789 0.892845 0.896995 0.862776 0.706628 0.953484 0.871586 0.952797 0.939137 0.978606 0.850386
0.850572 0.670895 0.553436 0.760371 0.941319 0.000000 0.482888 0.766778 0.713585 0.901077 0.729306 0.892753 0.823451 0.963152 0.896937 0.882390 0.781350 0.785811 0.934211 0.780139 0.712506 0.968807 0.988377 0.939597 0.953145 0.743815 0.846541 0.939515 0.789943 0.863128 0.729911 0.702048 0.694833 0.803357 0.802666 0.886428 0.946587 0.855528 0.860174 0.934772 0.986251 0.910194 0.843101 0.908725 0.920009 0.957200 0.988333 0.990496 0.719591 0.822596 0.909398 0.946314 0.856108 0.727823 0.966072 0.923894 0.648415 0.611492 0.915193 0.904467 0.571710 0.883737 0.782602 0.967808 0.741087 0.555985 0.504072 0.631626 0.691782 0.773117 0.582834 0.593808 0.828231 0.658770 0.728322 0.778558 0.848635 0.760279 0.999216 0.909678 0.938406 0.817615 0.746784 0.773705 0.823520 0.912965 0.866391 0.910657 0.993493 0.926458 0.624980 0.641000 0.704330 0.671502 0.901024 0.912297 0.817013 0.944156 0.781866 0.674216 0.708390 0.709064 0.724641 0.753741 0.694570 0.797583 0.777619 0.870310 0.957876 0.956458 0.891962 0.789771 0.974961 0.955635 0.770972 0.997433
0.937907 0.657662 0.367457 0.508699 0.800501 0.482888 0.000000 0.508018 0.613609 0.701094 0.800027 0.984887 0.622234 0.793153 0.746825 0.772589 0.835666 0.789407 0.865369 0.846138 0.776463 0.839703 0.730005 0.824697 0.907731 0.717561 0.791382 0.893094 0.959216 0.930620 0.396273 0.499392 0.421475 0.494385 0.606510 0.858284 0.971167 0.755894 0.964918 0.925132 0.836870 0.788476 0.678262 0.753248 0.674121 0.857875 0.811117 0.749966 0.799625 0.955518 0.680186 0.738245 0.668280 0.576057 0.854059 0.981060 0.700719 0.662272 0.796057 0.816545 0.417996 0.734731 0.599573 0.812862 0.573655 0.470500 0.325161 0.410995 0.832910 0.912469 0.478367 0.449945 0.540383 0.550050 0.845402 0.785977 0.735996 0.594638 0.893501 0.940710 0.971868 0.823281 0.826204 0.849477 0.970504 0.905191 0.967146 0.904622 0.894156 0.904194 0.467270 0.605241 0.620577 0.710526 0.739175 0.807077 0.749869 0.855196 0.501394 0.503592 0.488500 0.525625 0.616941 0.556321 0.584856 0.586540 0.899578 0.876390 0.996250 0.844740 0.763094 0.711230 0.816806 0.887999 0.849278 0.994233
0.764212 0.807342 0.658422 0.493432 0.832237 0.766778 0.508018 0.000000 0.865155 0.578440 0.834253 0.560321 0.539850 0.403968 0.636752 0.542400 0.820736 0.871720 0.661398 0.739741 0.864606 0.980808 0.614969 0.688172 0.983881 0.878322 0.911753 0.863764 0.674269 0.721417 0.567009 0.519660 0.548943 0.523896 0.745384 0.956679 0.885396 0.915756 0.896897 0.896809 0.697634 0.874191 0.533068 0.565687 0.501166 0.524606 0.481122 0.551892 0.678473 0.587045 0.526295 0.547942 0.689463 0.773042 0.687938 0.956226 0.877244 0.898151 0.683444 0.656585 0.578357 0.445498 0.489432 0.594417 0.618019 0.531937 0.640104 0.615669 0.977529 0.785711 0.745102 0.792195 0.635005 0.748484 0.783192 0.813160 0.608429 0.778277 0.924466 0.931934 0.779798 0.861175 0.829585 0.959261 0.650297 0.567455 0.979542 0.659680 0.884673 0.658511 0.765415 0.946629 0.853986 0.922415 0.652282 0.869502 0.802933 0.881424 0.510099 0.460167 0.668106 0.852281 0.667169 0.837841 0.675778 0.735155 0.773943 0.994063 0.910057 0.842130 0.677723 0.592942 0.635592 0.808563 0.897249 0.897811
0.951921 0.763900 0.812547 0.978109 0.808199 0.713585 0.613609 0.865155 0.000000 0.757031 0.774107 0.967648 0.749665 0.905577 0.776063 0.928150 0.853060 0.773360 0.966669 0.746212 0.927207 0.981925 0.919659 0.855956 0.809782 0.975535 0.993300 0.932687 0.909089 0.884523 0.880550 0.923498 0.792487 0.943596 0.827930 0.955395 0.918760 0.735575 0.856973 0.805775 0.889905 0.967149 0.989457 0.991793 0.970860 0.948860 0.923967 0.954277 0.847320 0.989197 0.916321 0.849943 0.849821 0.824378 0.933282 0.971179 0.736913 0.732827 0.797650 0.866843 0.664798 0.747771 0.922208 0.918476 0.803845 0.843943 0.634950 0.807262 0.937604 0.983526 0.748446 0.611512 0.703318 0.589729 0.886184 0.881968 0.748411 0.906702 0.883024 0.936345 0.840182 0.747408 0.705314 0.715535 0.879825 0.837507 0.855461 0.827251 0.675370 0.990794 0.558314 0.481211 0.576417 0.559978 0.785058 0.891812 0.876481 0.874652 0.627997 0.650487 0.601301 0.700569 0.659119 0.525124 0.833342 0.848387 0.925291 0.778753 0.993677 0.854664 0.914891 0.678619 0.964318 0.870756 0.871854 0.834988
0.747560 0.773247 0.946251 0.882946 0.841267 0.901077 0.701094 0.578440 0.757031 0.000000 0.775401 0.598447 0.654085 0.645800 0.480523 0.562597 0.734111 0.718286 0.658602 0.748990 0.982067 0.958755 0.506332 0.809034 0.741156 0.825523 0.916412 0.962556 0.575207 0.631023 0.778078 0.702854 0.660528 0.689299 0.850442 0.799762 0.899925 0.916021 0.914383 0.806334 0.928819 0.919006 0.963212 0.922815 0.773532 0.759333 0.746230 0.813130 0.663079 0.659170 0.755345 0.763258 0.887917 0.934753 0.839856 0.916698 0.831837 0.795805 0.698701 0.723048 0.787666 0.572047 0.629677 0.531542 0.931796 0.953880 0.941014 0.993119 0.810637 0.659585 0.833607 0.939268 0.754274 0.858171 0.694767 0.852772 0.767585 0.906057 0.876816 0.776432 0.678283 0.758749 0.741649 0.828221 0.660010 0.873814 0.886269 0.824371 0.838409 0.768063 0.988595 0.984207 0.991464 0.862644 0.796148 0.916567 0.887599 0.977974 0.838611 0.732713 0.854304 0.956519 0.904554 0.844915 0.860192 0.882994 0.973054 0.860179 0.831174 0.978054 0.835695 0.825308 0.888175 0.952585 0.910634 0.789073
0.522878 0.856855 0.950333 0.903934 0.721275 0.729306 0.800027 0.834253 0.774107 0.775401 0.000000 0.613065 0.462377 0.761675 0.743584 0.863919 0.894725 0.844714 0.762843 0.737435 0.946156 0.979658 0.840165 0.978193 0.737115 0.866010 0.953949 0.972903 0.812468 0.907992 0.945836 0.998456 0.814199 0.987315 0.939963 0.847124 0.795880 0.870233 0.920182 0.832194 0.917571 0.995009 0.790902 0.831760 0.794062 0.812455 0.980767 0.946356 0.977427 0.958437 0.880953 0.845962 0.837298 0.707277 0.940936 0.990471 0.863965 0.896048 0.507986 0.589242 0.519182 0.604403 0.582418 0.565731 0.993913 0.942416 0.912193 0.946710 0.709218 0.743167 0.902166 0.935426 0.885802 0.986956 0.805666 0.956088 0.927717 0.876412 0.852952 0.857277 0.800853 0.809863 0.982914 0.949260 0.766448 0.985632 0.974102 0.961237 0.654103 0.631350 0.883528 0.990390 0.977260 0.983521 0.979416 0.907951 0.960024 0.911114 0.823868 0.883048 0.905067 0.974609 0.786273 0.892423 0.851347 0.918465 0.870153 0.911937 0.904627 0.756055 0.985307 0.832754 0.927500 0.823154 0.962055 0.984907
0.351883 0.407731 0.823047 0.974540 0.735843 0.892753 0.984887 0.560321 0.967648 0.598447 0.613065 0.000000 0.438525 0.382104 0.496728 0.524378 0.510744 0.494661 0.466461 0.423525 0.975450 0.968433 0.576297 0.746572 0.782314 0.627591 0.960419 0.814391 0.442478 0.566403 0.948466 0.919396 0.825904 0.854763 0.867199 0.744005 0.732705 0.946597 0.960627 0.912817 0.997185 0.984031 0.984137 0.965605 0.937300 0.791048 0.730296 0.795254 0.498617 0.621051 0.856554 0.893260 0.947721 0.677517 0.778112 0.987833 0.502847 0.522996 0.592641 0.592613 0.761092 0.411285 0.505428 0.388810 0.902542 0.957175 0.796777 0.782299 0.551710 0.491685 0.932944 0.829711 0.969709 0.925205 0.815086 0.984796 0.891134 0.783487 0.951501 0.865270 0.519533 0.536386 0.605812 0.733680 0.380868 0.726686 0.803452 0.589456 0.740933 0.527471 0.806732 0.727134 0.710874 0.646194 0.995113 0.967670 0.910717 0.972729 0.906177 0.833242 0.955185 0.705476 0.989901 0.944683 0.980541 0.988696 0.929995 0.737085 0.812863 0.929960 0.902202 0.810828 0.868537 0.977067 0.965715 0.785092
0.486101 0.767675 0.807982 0.877929 0.643808 0.823451 0.622234 0.539850 0.749665 0.654085 0.462377 0.438525 0.000000 0.480039 0.495573 0.552436 0.765003 0.832459 0.523651 0.611060 0.966515 0.902778 0.535446 0.786079 0.778597 0.791745 0.927827 0.953329 0.617900 0.696674 0.790711 0.748485 0.581425 0.755741 0.897338 0.908236 0.811913 0.802764 0.937586 0.912457 0.931969 0.959921 0.968818 0.972238 0.896609 0.897476 0.731724 0.806862 0.837493 0.837417 0.839321 0.893634 0.914276 0.906099 0.717593 0.977921 0.747152 0.794607 0.545579 0.613152 0.485148 0.430418 0.503419 0.463054 0.922204 0.863550 0.817988 0.933201 0.639601 0.679845 0.697514 0.877653 0.741821 0.856082 0.790684 0.907162 0.852622 0.965050 0.995009 0.978348 0.735501 0.781322 0.792946 0.910074 0.584535 0.883292 0.758944 0.724142 0.632111 0.573689 0.855105 0.993469 0.975765 0.914963 0.898890 0.928390 0.900728 0.894108 0.664187 0.674597 0.709438 0.979134 0.745498 0.807456 0.711329 0.831454 0.874401 0.817655 0.926622 0.753652 0.788750 0.695895 0.804611 0.951626 0.926243 0.885757
0.526721 0.524702 0.958848 0.727856 0.700616 0.963152 0.793153 0.403968 0.905577 0.645800 0.761675 0.382104 0.480039 0.000000 0.473035 0.377867 0.601499 0.561618 0.411557 0.434416 0.936664 0.917881 0.455887 0.508529 0.999181 0.790207 0.941557 0.853484 0.479540 0.469873 0.786247 0.590825 0.638522 0.652559 0.990052 0.937721 0.804105 0.933224 0.852592 0.794637 0.837209 0.929649 0.667934 0.672189 0.660479 0.605347 0.511367 0.599021 0.493350 0.541745 0.568519 0.653262 0.736659 0.974194 0.624388 0.941273 0.602921 0.688175 0.839682 0.797758 0.824347 0.516101 0.552629 0.548055 0.932037 0.799599 0.960689 0.994120 0.761350 0.643829 0.916479 0.907572 0.782026 0.909821 0.763289 0.890153 0.759735 0.954801 0.895027 0.763883 0.557619 0.567887 0.515996 0.758728 0.354336 0.435465 0.838092 0.475802 0.930019 0.590071 0.900758 0.710477 0.779277 0.608775 0.858805 0.922075 0.984787 0.932938 0.832577 0.687159 0.981389 0.857090 0.956120 0.985292 0.880184 0.886844 0.829505 0.829828 0.901860 0.875790 0.899175 0.726516 0.702015 0.886828 0.984417 0.787947
0.621728 0.711024 0.940214 0.868843 0.591796 0.896937 0.746825 0.636752 0.776063 0.480523 0.743584 0.496728 0.495573 0.473035 0.000000 0.395545 0.612089 0.635630 0.462558 0.569739 0.965642 0.963518 0.373122 0.621719 0.896416 0.768801 0.971909 0.969231 0.555784 0.525445 0.743062 0.673414 0.563682 0.655014 0.994131 0.906719 0.797575 0.811722 0.969795 0.928931 0.977673 0.996863 0.853769 0.847475 0.765688 0.722404 0.703592 0.674808 0.639401 0.620186 0.639983 0.654332 0.692421 0.929618 0.734644 0.935537 0.723148 0.816675 0.861495 0.916853 0.873380 0.597165 0.651039 0.589971 0.963663 0.996174 0.999767 0.887275 0.641268 0.688777 0.801367 0.967864 0.710626 0.741706 0.704683 0.927811 0.737941 0.949615 0.894908 0.732852 0.599093 0.678790 0.620691 0.831371 0.421098 0.721341 0.647516 0.674362 0.754579 0.699306 0.986877 0.996195 0.913975 0.830479 0.845598 0.923701 0.922218 0.873434 0.862474 0.701513 0.900273 0.880202 0.917372 0.752264 0.843789 0.870183 0.929921 0.823805 0.852307 0.864063 0.914158 0.733234 0.758317 0.839882 0.879717 0.928875
0.729051 0.698231 0.991838 0.772833 0.627451 0.882390 0.772589 0.542400 0.928150 0.562597 0.863919 0.524378 0.552436 0.377867 0.395545 0.000000 0.729753 0.691632 0.505038 0.619670 0.943635 0.970318 0.397391 0.449075 0.938343 0.776820 0.974769 0.833199 0.542899 0.505746 0.801971 0.647945 0.702002 0.787886 0.913365 0.832440 0.931625 0.988365 0.930127 0.998916 0.885712 0.989353 0.758918 0.753810 0.696205 0.662990 0.688948 0.731781 0.548906 0.640648 0.637537 0.667172 0.709634 0.879994 0.721019 0.939223 0.810316 0.854040 0.997690 0.975754 0.946704 0.599825 0.778606 0.744397 0.940375 0.860689 0.953889 0.927467 0.866162 0.771492 0.877023 0.957975 0.786713 0.781534 0.699466 0.874370 0.764838 0.904973 0.876000 0.789574 0.713564 0.765521 0.578705 0.852685 0.521594 0.543124 0.726062 0.579074 0.996432 0.783763 0.909283 0.916577 0.866484 0.730503 0.900468 0.857087 0.953672 0.825928 0.899391 0.730667 0.949604 0.857665 0.900119 0.991383 0.926448 0.974955 0.980712 0.858198 0.821766 0.965161 0.913108 0.808182 0.815907 0.883679 0.972746 0.851962
0.516106 0.357455 0.749596 0.902581 0.781890 0.781350 0.835666 0.820736 0.853060 0.734111 0.894725 0.510744 0.765003 0.601499 0.612089 0.729753 0.000000 0.376008 0.507749 0.410715 0.925597 0.979798 0.687515 0.832596 0.983106 0.643509 0.901365 0.981105 0.444321 0.416963 0.955870 0.891399 0.844197 0.817630 0.893798 0.806894 0.790695 0.855205 0.932284 0.742253 0.961113 0.963705 0.998869 0.923343 0.879112 0.701111 0.708826 0.737820 0.531966 0.583522 0.838627 0.916054 0.999889 0.734184 0.695415 0.966450 0.327619 0.390878 0.925679 0.793615 0.904456 0.777145 0.698183 0.522162 0.773227 0.672692 0.639139 0.709624 0.638785 0.447329 0.835059 0.639012 0.889391 0.727886 0.853277 0.948264 0.989325 0.821185 0.698428 0.758783 0.345715 0.388138 0.507261 0.435374 0.418639 0.775227 0.860268 0.583774 0.888181 0.757969 0.544557 0.521051 0.512155 0.488472 0.985244 0.963057 0.903666 0.867063 0.796276 0.950588 0.773477 0.549846 0.887306 0.942217 0.870846 0.909963 0.902149 0.515453 0.934542 0.979559 0.954095 0.998426 0.792746 0.909140 0.992577 0.856601
0.468155 0.324448 0.650748 0.891982 0.795922 0.785811 0.789407 0.871720 0.773360 0.718286 0.844714 0.494661 0.832459 0.561618 0.635630 0.691632 0.376008 0.000000 0.422007 0.392901 0.964728 0.975935 0.682327 0.776411 0.986587 0.612679 0.860018 0.895996 0.449116 0.387131 0.874145 0.946605 0.887422 0.852143 0.697526 0.859238 0.768968 0.869870 0.893346 0.765217 0.960980 0.995173 0.987436 0.899961 0.926079 0.737975 0.696473 0.753442 0.479504 0.598613 0.828201 0.884668 0.942196 0.729186 0.732230 0.886333 0.336424 0.397893 0.946850 0.820339 0.821677 0.874216 0.694397 0.547525 0.695693 0.658363 0.550386 0.642037 0.585728 0.520033 0.751339 0.654831 0.889774 0.783232 0.937897 0.994827 0.948710 0.783950 0.693748 0.634373 0.347844 0.326709 0.410281 0.451492 0.392816 0.704621 0.934780 0.563452 0.927037 0.739339 0.526754 0.503805 0.456376 0.444808 0.990240 0.982097 0.859332 0.982670 0.756774 0.880676 0.608832 0.546766 0.741944 0.809501 0.842080 0.858905 0.908743 0.546798 0.931799 0.946033 0.929737 0.956541 0.791192 0.948099 0.945752 0.939132
0.434462 0.513732 0.992606 0.887581 0.678798 0.934211 0.865369 0.661398 0.966669 0.658602 0.762843 0.466461 0.523651 0.411557 0.462558 0.505038 0.507749 0.422007 0.000000 0.412664 0.922728 0.992262 0.416044 0.605501 0.948900 0.626343 0.948022 0.998948 0.473859 0.439384 0.881791 0.728067 0.634969 0.748056 0.934966 0.879774 0.752821 0.963103 0.889083 0.896624 0.908797 0.919931 0.872492 0.853560 0.834323 0.741003 0.581680 0.687839 0.577173 0.660754 0.710632 0.816656 0.812491 0.917085 0.649475 0.983512 0.439903 0.564249 0.860566 0.844019 0.935044 0.732270 0.591336 0.540956 0.948265 0.871888 0.856136 0.829411 0.549366 0.588125 0.912632 0.929142 0.857796 0.989329 0.911141 0.827687 0.861094 0.920943 0.834011 0.711331 0.509038 0.485166 0.455757 0.606347 0.348226 0.651062 0.802727 0.537372 0.811032 0.629439 0.833484 0.751304 0.708638 0.645801 0.971272 0.901303 0.987803 0.936393 0.952378 0.840052 0.918939 0.719254 0.954359 0.966743 0.974342 0.878337 0.969209 0.617735 0.904117 0.967439 0.937469 0.850051 0.673806 0.849523 0.959855 0.947325
0.382333 0.387305 0.814409 0.955973 0.752771 0.780139 0.846138 0.739741 0.746212 0.748990 0.737435 0.423525 0.611060 0.434416 0.569739 0.619670 0.410715 0.392901 0.412664 0.000000 0.981617 0.980489 0.509997 0.637647 0.964221 0.654318 0.898200 0.930206 0.482337 0.498176 0.979157 0.928534 0.823513 0.899990 0.843571 0.835960 0.772317 0.968184 0.886567 0.829316 0.976000 0.904193 0.988982 0.973686 0.919564 0.766396 0.671994 0.771970 0.539287 0.575334 0.837827 0.917598 0.958090 0.720048 0.661604 0.901043 0.318048 0.398662 0.797069 0.765092 0.944067 0.724463 0.693190 0.555617 0.828658 0.739382 0.680129 0.681380 0.461031 0.509027 0.928571 0.667638 0.993104 0.742244 0.838359 0.994705 0.884152 0.820285 0.910097 0.861149 0.481566 0.385855 0.473045 0.499124 0.355475 0.702491 0.855095 0.564303 0.845363 0.579654 0.648930 0.546961 0.641273 0.502960 0.915123 0.954853 0.988139 0.982776 0.898485 0.975308 0.789155 0.613248 0.876095 0.867675 0.987235 0.976743 0.878286 0.675832 0.950054 0.916812 0.927904 0.981168 0.797790 0.959192 0.925064 0.919516
0.941194 0.909361 0.787238 0.820453 0.940609 0.712506 0.776463 0.864606 0.927207 0.982067 0.946156 0.975450 0.966515 0.936664 0.965642 0.943635 0.925597 0.964728 0.922728 0.981617 0.000000 0.948372 0.916158 0.881530 0.920092 0.825575 0.999134 0.907796 0.956449 0.936609 0.687383 0.808149 0.866987 0.883990 0.897586 0.928878 0.893490 0.995292 0.879400 0.891255 0.863402 0.950003 0.958465 0.993804 0.932843 0.902166 0.955154 0.884907 0.869773 0.750562 0.969932 0.980623 0.974361 0.884653 0.965789 0.972332 0.889694 0.891323 0.994005 0.931859 0.875694 0.898725 0.818461 0.989078 0.986204 0.828442 0.925716 0.906074 0.962586 0.909310 0.733437 0.836709 0.818671 0.752504 0.882463 0.699640 0.861923 0.985414 0.917609 0.865999 0.971728 0.934095 0.965082 0.950470 0.945829 0.923110 0.734289 0.899173 0.936243 0.865539 0.882668 0.985734 0.943460 0.896423 0.911340 0.900890 0.912744 0.883555 0.937569 0.914217 0.934766 0.979332 0.980869 0.930626 0.956077 0.985583 0.886279 0.999430 0.984669 0.892474 0.969645 0.905124 0.972848 0.878505 0.984134 0.853843
0.989179 0.919958 0.844688 0.772234 0.901796 0.968807 0.839703 0.980808 0.981925 0.958755 0.979658 0.968433 0.902778 0.917881 0.963518 0.970318 0.979798 0.975935 0.992262 0.980489 0.948372 0.000000 0.963656 0.993126 0.923857 0.770018 0.906507 0.941927 0.995570 0.864030 0.762676 0.953587 0.811977 0.798549 0.934979 0.827141 0.916915 0.809221 0.937895 0.919017 0.913454 0.981235 0.970390 0.989940 0.945646 0.994346 0.929652 0.888669 0.862210 0.927424 0.879337 0.911481 0.821959 0.854607 0.947293 0.885227 0.996464 0.975177 0.988614 0.981623 0.968555 0.956721 0.935028 0.992502 0.918313 0.947483 0.854371 0.925258 0.926158 0.974789 0.896355 0.914500 0.991703 0.935386 0.813431 0.963258 0.904548 0.807297 0.818481 0.961911 0.928282 0.936135 0.978595 0.859985 0.986117 0.939934 0.799818 0.991842 0.987530 0.974026 0.871711 0.921008 0.905001 0.927324 0.985582 0.996357 0.910380 0.899672 0.933156 0.992634 0.876060 0.983486 0.828096 0.944950 0.837765 0.812222 0.959367 0.974453 0.990428 0.887683 0.822940 0.985965 0.942599 0.922820 0.856174 0.815817
0.627883 0.768824 0.844830 0.711626 0.623316 0.988377 0.730005 0.614969 0.919659 0.506332 0.840165 0.576297 0.535446 0.455887 0.373122 0.397391 0.687515 0.682327 0.416044 0.509997 0.916158 0.963656 0.000000 0.441363 0.937438 0.790725 0.904468 0.950563 0.567194 0.525700 0.664767 0.622675 0.577490 0.735954 0.959260 0.887294 0.869240 0.936075 0.998547 0.907513 0.883350 0.984452 0.962585 0.979346 0.838731 0.827059 0.763883 0.824265 0.732954 0.722982 0.758554 0.794865 0.762889 0.978574 0.819931 0.800547 0.700819 0.781061 0.940274 0.979013 0.951130 0.728356 0.751368 0.691738 0.982555 0.961070 0.982765 0.856538 0.634802 0.711977 0.672352 0.918557 0.623538 0.823961 0.795671 0.901681 0.805114 0.915244 0.936993 0.838599 0.665996 0.622089 0.597317 0.747686 0.464610 0.671542 0.735354 0.566931 0.890970 0.747056 0.988012 0.937930 0.954880 0.761766 0.801880 0.902817 0.853728 0.994151 0.905484 0.845579 0.910274 0.887368 0.928251 0.819302 0.893839 0.833580 0.985185 0.852490 0.881618 0.954031 0.870743 0.937522 0.758789 0.943369 0.853824 0.885573
0.877787 0.880476 0.842739 0.608015 0.647961 0.939597 0.824697 0.688172 0.855956 0.809034 0.978193 0.746572 0.786079 0.508529 0.621719 0.449075 0.832596 0.776411 0.605501 0.637647 0.881530 0.993126 0.441363 0.000000 0.835342 0.994607 0.876774 0.942675 0.766938 0.660719 0.735955 0.662209 0.779170 0.871258 0.970455 0.866263 0.994919 0.970264 0.803235 0.895514 0.787132 0.865524 0.781376 0.808182 0.757489 0.768295 0.788971 0.850681 0.747580 0.757589 0.735292 0.786430 0.725517 0.813738 0.814075 0.976821 0.873519 0.973919 0.838932 0.822066 0.895747 0.903844 0.927261 0.971265 0.948576 0.862342 0.987017 0.957017 0.951677 0.931357 0.797212 0.946125 0.799427 0.880656 0.790078 0.960926 0.720895 0.933660 0.909042 0.889740 0.817335 0.790779 0.714297 0.805929 0.632375 0.506493 0.834692 0.589911 0.951600 0.812947 0.984543 0.935390 0.928572 0.805953 0.975536 0.853320 0.908931 0.956554 0.940437 0.848095 0.918167 0.999949 0.858966 0.964369 0.945483 0.902629 0.985537 0.989981 0.989418 0.987408 0.925164 0.929060 0.882635 0.992705 0.841376 0.889933
0.801570 0.999785 0.908607 0.743632 0.990372 0.953145 0.907731 0.983881 0.809782 0.741156 0.737115 0.782314 0.778597 0.999181 0.896416 0.938343 0.983106 0.986587 0.948900 0.964221 0.920092 0.923857 0.937438 0.835342 0.000000 0.639913 0.902201 0.791480 0.725089 0.961885 0.866228 0.843118 0.955909 0.963984 0.858783 0.846972 0.961543 0.944352 0.806931 0.800460 0.893197 0.884124 0.778288 0.773160 0.849361 0.850091 0.760779 0.869989 0.952667 0.954536 0.846965 0.761690 0.702642 0.730103 0.960534 0.918311 0.993123 0.925623 0.642685 0.732487 0.715855 0.696734 0.861651 0.754593 0.847887 0.881677 0.971504 0.979297 0.711244 0.812753 0.882475 0.933821 0.984318 0.971320 0.966081 0.885693 0.860069 0.912188 0.974491 0.832116 0.952250 0.892056 0.945642 0.997930 0.985373 0.698425 0.885316 0.932136 0.885859 0.821585 0.969927 0.899113 0.947999 0.929309 0.923220 0.936706 0.945897 0.925832 0.995882 0.921419 0.873589 0.903333 0.995753 0.892763 0.943433 0.958222 0.938692 0.973204 0.868458 0.994582 0.995692 0.951702 0.750721 0.869058 0.895905 0.882615
0.543811 0.570261 0.565595 0.526602 0.785799 0.743815 0.717561 0.878322 0.975535 0.825523 0.866010 0.627591 0.791745 0.790207 0.768801 0.776820 0.643509 0.612679 0.626343 0.654318 0.825575 0.770018 0.790725 0.994607 0.639913 0.000000 0.871659 0.978038 0.617734 0.710468 0.581115 0.792506 0.872836 0.824668 0.610622 0.704319 0.908278 0.866724 0.930772 0.967074 0.851770 0.939441 0.703281 0.757985 0.771273 0.906536 0.898989 0.902485 0.692518 0.874874 0.830987 0.768140 0.727085 0.512297 0.911958 0.981663 0.556512 0.549114 0.828709 0.838783 0.921761 0.803949 0.903243 0.657568 0.528660 0.544117 0.558149 0.520954 0.629483 0.635095 0.772126 0.718243 0.752387 0.738452 0.985720 0.963106 0.818722 0.639199 0.998668 0.976359 0.698822 0.699477 0.696434 0.782663 0.683132 0.950575 0.781896 0.792988 0.927374 0.813796 0.589670 0.684077 0.589100 0.669451 0.726412 0.998889 0.781747 0.861399 0.740003 0.821822 0.804622 0.595511 0.695895 0.856328 0.720985 0.800063 0.948448 0.722382 0.887611 0.956024 0.774863 0.840013 0.911234 0.919698 0.777530 0.919525
0.941448 0.874379 0.802317 0.910013 0.742921 0.846541 0.791382 0.911753 0.993300 0.916412 0.953949 0.960419 0.927827 0.941557 0.971909 0.974769 0.901365 0.860018 0.948022 0.898200 0.999134 0.906507 0.904468 0.876774 0.902201 0.871659 0.000000 0.810497 0.940427 0.997757 0.814659 0.819650 0.838938 0.749244 0.759455 0.956037 0.964418 0.980810 0.938283 0.899938 0.942956 0.961446 0.906159 0.854925 0.874081 0.904399 0.909170 0.868387 0.867550 0.887420 0.959296 0.980799 0.984958 0.920086 0.932266 0.813280 0.859574 0.945013 0.875424 0.889556 0.717582 0.939284 0.752398 0.868690 0.810840 0.860703 0.751592 0.668558 0.909447 0.919169 0.886428 0.856118 0.993438 0.929444 0.978424 0.990639 0.996565 0.808400 0.908853 0.991336 0.977695 0.910882 0.851340 0.943381 0.928759 0.832332 0.981719 0.878460 0.920329 0.945635 0.995229 0.990009 0.937234 0.988762 0.915468 0.940797 0.968020 0.963195 0.926593 0.886178 0.927133 0.961847 0.756500 0.963998 0.813141 0.828654 0.951406 0.990921 0.731044 0.916212 0.968638 0.903151 0.916717 0.782167 0.878975 0.904856
0.927041 0.813366 0.890667 0.980656 0.828634 0.939515 0.893094 0.863764 0.932687 0.962556 0.972903 0.814391 0.953329 0.853484 0.969231 0.833199 0.981105 0.895996 0.998948 0.930206 0.907796 0.941927 0.950563 0.942675 0.791480 0.978038 0.810497 0.000000 0.948572 0.979659 0.827291 0.857001 0.893208 0.853575 0.950096 0.903492 0.970470 0.992236 0.939735 0.958466 0.987115 0.953985 0.881431 0.874512 0.905700 0.887444 0.967563 0.918301 0.790022 0.868538 0.928031 0.889972 0.983904 0.986578 0.956726 0.960186 0.948521 0.989873 0.999484 0.963713 0.963087 0.923739 0.994278 0.937883 0.968618 0.899855 0.915754 0.868753 0.912332 0.997547 0.876803 0.938771 0.999796 0.972000 0.978267 0.910616 0.913154 0.794075 0.945003 0.968637 0.987919 0.943523 0.981858 0.900814 0.951814 0.802875 0.930709 0.977943 0.893648 0.968908 0.995365 0.960059 0.994763 0.992189 0.929233 0.946078 0.941937 0.840394 0.964280 0.876241 0.957077 0.959150 0.862980 0.707159 0.860336 0.770172 0.988107 0.978756 0.990411 0.979297 0.940292 0.821166 0.917481 0.983122 0.984635 0.893823
0.502658 0.453598 0.804231 0.973212 0.750689 0.789943 0.959216 0.674269 0.909089 0.575207 0.812468 0.442478 0.617900 0.479540 0.555784 0.542899 0.444321 0.449116 0.473859 0.482337 0.956449 0.995570 0.567194 0.766938 0.725089 0.617734 0.940427 0.948572 0.000000 0.359753 0.888285 0.782434 0.696889 0.651302 0.839346 0.871355 0.747630 0.890633 0.968773 0.893443 0.980668 0.906830 0.936598 0.809209 0.796379 0.660808 0.688848 0.688423 0.495360 0.602647 0.749000 0.837054 0.937559 0.808706 0.625628 0.881294 0.482848 0.489636 0.744084 0.693843 0.918214 0.599181 0.579414 0.429397 0.786340 0.812419 0.776223 0.863599 0.587870 0.459257 0.876595 0.780632 0.971792 0.938837 0.871481 0.954567 0.969726 0.923739 0.681529 0.773149 0.421483 0.476309 0.485994 0.505289 0.401016 0.751773 0.836173 0.545355 0.908669 0.704966 0.682427 0.597114 0.569989 0.502564 0.930100 0.980463 0.900550 0.922745 0.951848 0.901220 0.862074 0.750307 0.917743 0.932800 0.928797 0.937547 0.938568 0.621939 0.826030 0.986284 0.991861 0.954491 0.804138 0.931023 0.994376 0.772551
0.626523 0.496215 0.886905 0.901201 0.711860 0.863128 0.930620 0.721417 0.884523 0.631023 0.907992 0.566403 0.696674 0.469873 0.525445 0.505746 0.416963 0.387131 0.439384 0.498176 0.936609 0.864030 0.525700 0.660719 0.961885 0.710468 0.997757 0.979659 0.359753 0.000000 0.850900 0.679930 0.643670 0.610256 0.815396 0.943803 0.843089 0.933025 0.963625 0.781455 0.976269 0.897416 0.875185 0.775262 0.720552 0.638888 0.654069 0.655116 0.545911 0.616317 0.675022 0.786049 0.813649 0.954981 0.621687 0.916080 0.513889 0.576758 0.956937 0.924785 0.966400 0.774086 0.655069 0.546326 0.805578 0.851516 0.774998 0.870460 0.742394 0.565140 0.927629 0.799838 0.936211 0.940196 0.857101 0.939201 0.943506 0.957892 0.543808 0.602984 0.369917 0.443267 0.420781 0.457202 0.410760 0.664533 0.799102 0.512405 0.977307 0.859778 0.611204 0.577387 0.512634 0.476937 0.977540 0.978178 0.902306 0.956983 0.835048 0.992943 0.840845 0.693493 0.828524 0.927070 0.921223 0.961649 0.967807 0.594914 0.928983 0.944371 0.963027 0.994671 0.671953 0.848351 0.952242 0.845680
0.878958 0.756388 0.457411 0.395479 0.941540 0.729911 0.396273 0.567009 0.880550 0.778078 0.945836 0.948466 0.790711 0.786247 0.743062 0.801971 0.955870 0.874145 0.881791 0.979157 0.687383 0.762676 0.664767 0.735955 0.866228 0.581115 0.814659 0.827291 0.888285 0.850900 0.000000 0.422097 0.470155 0.424707 0.641245 0.836302 0.986172 0.829800 0.975814 0.971418 0.785266 0.854338 0.586576 0.675820 0.624826 0.744462 0.698490 0.679893 0.875485 0.951120 0.572288 0.573605 0.546437 0.473355 0.804438 0.945549 0.809032 0.760525 0.969715 0.987610 0.749896 0.959967 0.702195 0.946663 0.623957 0.597741 0.549580 0.535992 0.881997 0.831174 0.457463 0.591643 0.483529 0.553239 0.906713 0.749662 0.771841 0.524202 0.780832 0.819312 0.938991 0.986021 0.980410 0.999981 0.923177 0.786929 0.935638 0.833191 0.979667 0.964354 0.618182 0.798806 0.723848 0.953539 0.681141 0.906681 0.747987 0.925823 0.656538 0.655309 0.646759 0.609344 0.669402 0.683641 0.662019 0.639345 0.907792 0.908515 0.961139 0.931824 0.727138 0.835749 0.733425 0.819820 0.807084 0.890543
0.974834 0.965699 0.544782 0.473621 0.890990 0.702048 0.499392 0.519660 0.923498 0.702854 0.998456 0.919396 0.748485 0.590825 0.673414 0.647945 0.891399 0.946605 0.728067 0.928534 0.808149 0.953587 0.622675 0.662209 0.843118 0.792506 0.819650 0.857001 0.782434 0.679930 0.422097 0.000000 0.490379 0.426523 0.703521 0.830987 0.960689 0.937467 0.909032 0.897314 0.832326 0.865472 0.561276 0.581303 0.569557 0.651399 0.560199 0.620862 0.939128 0.846774 0.536836 0.576677 0.523545 0.601722 0.741917 0.917758 0.962580 0.893983 0.909175 0.970206 0.790658 0.816509 0.650955 0.800284 0.730374 0.655677 0.668390 0.633741 0.859521 0.991488 0.618461 0.735877 0.593845 0.641658 0.779269 0.830095 0.814074 0.537183 0.749872 0.757558 0.748121 0.853869 0.786515 0.921497 0.743637 0.634440 0.941179 0.696720 0.871950 0.983028 0.833708 0.982845 0.932001 0.930620 0.753799 0.825382 0.856411 0.968622 0.765377 0.625101 0.846053 0.773150 0.759780 0.731888 0.753071 0.674058 0.807251 0.968537 0.948863 0.864990 0.820823 0.741568 0.616391 0.828939 0.755656 0.776370
0.827298 0.997735 0.512668 0.615279 0.770361 0.694833 0.421475 0.548943 0.792487 0.660528 0.814199 0.825904 0.581425 0.638522 0.563682 0.702002 0.844197 0.887422 0.634969 0.823513 0.866987 0.811977 0.577490 0.779170 0.955909 0.872836 0.838938 0.893208 0.696889 0.643670 0.470155 0.490379 0.000000 0.401233 0.713508 0.803270 0.784812 0.798065 0.852689 0.920486 0.904989 0.859767 0.681465 0.674923 0.599623 0.652932 0.604106 0.587574 0.950311 0.788106 0.543782 0.638796 0.587347 0.680644 0.642784 0.953086 0.931750 0.994963 0.820264 0.855278 0.642607 0.732437 0.574785 0.655123 0.660177 0.764958 0.556428 0.601855 0.883698 0.797596 0.610215 0.731905 0.579541 0.723286 0.780541 0.879080 0.709735 0.608722 0.847876 0.832852 0.757983 0.846182 0.895194 0.829133 0.694395 0.802074 0.949894 0.712680 0.795340 0.792317 0.762337 0.884444 0.902518 0.990705 0.674097 0.969742 0.738687 0.858032 0.644085 0.606151 0.707287 0.756229 0.688779 0.602237 0.688480 0.614426 0.960599 0.953542 0.960448 0.870319 0.727566 0.637768 0.583069 0.834229 0.757443 0.938160
0.937441 0.949896 0.609160 0.606922 0.889662 0.803357 0.494385 0.523896 0.943596 0.689299 0.987315 0.854763 0.755741 0.652559 0.655014 0.787886 0.817630 0.852143 0.748056 0.899990 0.883990 0.798549 0.735954 0.871258 0.963984 0.824668 0.749244 0.853575 0.651302 0.610256 0.424707 0.426523 0.401233 0.000000 0.747781 0.748961 0.890566 0.843097 0.930964 0.828759 0.843525 0.780825 0.570920 0.565482 0.518495 0.545398 0.542966 0.488724 0.871555 0.750730 0.522290 0.578344 0.591662 0.662600 0.637159 0.811412 0.925753 0.951134 0.877288 0.791343 0.670931 0.750375 0.524377 0.640598 0.659103 0.707443 0.635437 0.529124 0.991047 0.878868 0.763757 0.833787 0.695633 0.736888 0.824058 0.829621 0.830214 0.622286 0.691547 0.799456 0.670386 0.804668 0.788935 0.764201 0.699465 0.758923 0.997785 0.661508 0.994506 0.919074 0.884180 0.931160 0.980442 0.872235 0.717157 0.993276 0.910282 0.910987 0.723867 0.670424 0.780577 0.836190 0.715473 0.773341 0.735200 0.713817 0.852779 0.866128 0.986411 0.871396 0.839952 0.763317 0.576393 0.761965 0.661399 0.834191
0.874130 0.725267 0.542300 0.704061 0.968293 0.802666 0.606510 0.745384 0.827930 0.850442 0.939963 0.867199 0.897338 0.990052 0.994131 0.913365 0.893798 0.697526 0.934966 0.843571 0.897586 0.934979 0.959260 0.970455 0.858783 0.610622 0.759455 0.950096 0.839346 0.815396 0.641245 0.703521 0.713508 0.747781 0.000000 0.847659 0.928876 0.808716 0.948342 0.889153 0.918864 0.849203 0.672331 0.759340 0.716597 0.815747 0.793792 0.783009 0.777342 0.931209 0.795707 0.834708 0.733547 0.652219 0.851987 0.973605 0.832580 0.795203 0.914683 0.938407 0.691226 0.960446 0.831349 0.949901 0.569847 0.636964 0.446967 0.482202 0.890668 0.845332 0.741906 0.683576 0.748856 0.843403 0.966777 0.932226 0.788975 0.788308 0.960473 0.823485 0.845131 0.748196 0.754863 0.841045 0.889836 0.992800 0.947329 0.994503 0.892012 0.977727 0.616460 0.716156 0.652548 0.743058 0.731904 0.858659 0.725169 0.744296 0.598309 0.643395 0.677128 0.634639 0.637574 0.661874 0.587055 0.687865 0.973279 0.799918 0.984769 0.936977 0.833385 0.713080 0.850131 0.766566 0.716617 0.900195
0.834690 0.844975 0.810407 0.819927 0.898716 0.886428 0.858284 0.956679 0.955395 0.799762 0.847124 0.744005 0.908236 0.937721 0.906719 0.832440 0.806894 0.859238 0.879774 0.835960 0.928878 0.827141 0.887294 0.866263 0.846972 0.704319 0.956037 0.903492 0.871355 0.943803 0.836302 0.830987 0.803270 0.748961 0.847659 0.000000 0.982710 0.794172 0.859336 0.931085 0.936626 0.948425 0.850346 0.873461 0.866710 0.942265 0.895964 0.929193 0.857503 0.891215 0.944742 0.931982 0.768319 0.756917 0.969590 0.996188 0.908867 0.914318 0.860396 0.894767 0.984796 0.862117 0.916547 0.866347 0.783644 0.866460 0.777857 0.730453 0.934292 0.892048 0.994593 0.953081 0.991641 0.892345 0.957889 0.835104 0.992255 0.633414 0.996439 0.969265 0.913694 0.955338 0.940893 0.977995 0.900738 0.926506 0.978423 0.980454 0.790111 0.891347 0.886390 0.999719 0.884728 0.904685 0.934604 0.914529 0.867475 0.870130 0.909329 0.915812 0.916517 0.793320 0.859655 0.876787 0.828252 0.914883 0.796636 0.996128 0.832121 0.949622 0.939813 0.932623 0.721260 0.864597 0.816020 0.932230
0.720661 0.780020 0.941135 0.948489 0.940908 0.946587 0.971167 0.885396 0.918760 0.899925 0.795880 0.732705 0.811913 0.804105 0.797575 0.931625 0.790695 0.768968 0.752821 0.772317 0.893490 0.916915 0.869240 0.994919 0.961543 0.908278 0.964418 0.970470 0.747630 0.843089 0.986172 0.960689 0.784812 0.890566 0.928876 0.982710 0.000000 0.816448 0.934866 0.809305 0.875257 0.976809 0.975761 0.894054 0.987069 0.873331 0.829410 0.823586 0.884910 0.829886 0.806629 0.834340 0.894581 0.971291 0.801392 0.904473 0.751194 0.833076 0.796308 0.853497 0.937406 0.771921 0.760482 0.733305 0.820684 0.997366 0.982281 0.937912 0.682610 0.689084 0.960502 0.902141 0.964138 0.984942 0.898565 0.925283 0.885027 0.983778 0.910182 0.982010 0.805438 0.731305 0.937201 0.975456 0.652216 0.821183 0.850393 0.859908 0.744131 0.667417 0.986530 0.990910 0.971937 0.995310 0.802904 0.943482 0.839950 0.985213 0.851688 0.798954 0.997887 0.926546 0.760742 0.834337 0.950882 0.754820 0.806350 0.965848 0.784717 0.788986 0.715496 0.695273 0.917569 0.914787 0.872262 0.954664
0.939142 0.807064 0.771932 0.850414 0.895142 0.855528 0.755894 0.915756 0.735575 0.916021 0.870233 0.946597 0.802764 0.933224 0.811722 0.988365 0.855205 0.869870 0.963103 0.968184 0.995292 0.809221 0.936075 0.970264 0.944352 0.866724 0.980810 0.992236 0.890633 0.933025 0.829800 0.937467 0.798065 0.843097 0.808716 0.794172 0.816448 0.000000 0.996099 0.940554 0.953803 0.744186 0.881874 0.942183 0.949073 0.985738 0.973911 0.871891 0.839437 0.967253 0.833928 0.894573 0.799966 0.761732 0.876162 0.909490 0.883069 0.762230 0.949862 0.892267 0.790399 0.844446 0.846578 0.971962 0.679018 0.735949 0.743425 0.834485 0.849936 0.896096 0.748256 0.803318 0.752384 0.694039 0.919881 0.936114 0.963609 0.774257 0.898471 0.866535 0.936506 0.892121 0.778241 0.783787 0.909297 0.995041 0.831565 0.869454 0.796976 0.868201 0.679015 0.730699 0.792833 0.685639 0.849002 0.903725 0.809763 0.856944 0.795866 0.740769 0.747771 0.791124 0.739808 0.779990 0.920449 0.851891 0.996357 0.863340 0.943584 0.846792 0.819351 0.811245 0.888511 0.781320 0.642600 0.952273
