0.000000 0.285584 0.499371 0.466383 0.815498 0.766161 0.516120 0.416949 0.720451 0.714876 0.413455 0.314467 0.360582 0.506494 0.526603 0.569929 0.314286 0.317167 0.355788 0.339643 0.720444 0.783174 0.570705 0.569320 0.725717 0.696086 0.821503 0.957691 0.362830 0.317646 0.465326 0.569345 0.414220 0.416842 0.785245 0.732614 0.681020 0.717218 0.834484 0.968314 0.971544 0.809984 0.554010 0.539515 0.467973 0.418028 0.417785 0.444097 0.713715 0.428311 0.435905 0.528641 0.647762 0.620571 0.620877 0.786765 0.421495 0.363199 0.297312 0.341261 0.268450 0.351641 0.254386 0.287807 0.489868 0.402876 0.469360 0.352445 0.482161 0.377471 0.637287 0.641005 0.496802 0.495172 0.849726 0.794816 0.634544 0.547633 0.442992 0.482388 0.277594 0.305497 0.464506 0.499264 0.432775 0.393343 0.968160 0.687038 0.701441 0.668170 0.793084 0.877931 0.800807 0.947470 0.636814 0.646487 0.632412 0.692741 0.555070 0.541997 0.730633 0.822990 0.616591 0.674062 0.609721 0.717058 0.935439 0.861138 0.714793 0.703923 0.935840 0.591676 0.612057 0.716702 0.662616 0.888198
0.285584 0.000000 0.649650 0.588569 0.776840 0.941609 0.640832 0.480175 0.879783 0.793497 0.475395 0.368623 0.526717 0.548465 0.650027 0.662168 0.261482 0.310334 0.446802 0.398874 0.662881 0.843701 0.693247 0.718695 0.791290 0.806388 0.715780 0.953287 0.323739 0.343126 0.534544 0.683500 0.490596 0.486551 0.941270 0.715597 0.705225 0.691681 0.842133 0.934079 0.972795 0.617715 0.587069 0.581511 0.544963 0.524024 0.476390 0.491341 0.728897 0.583932 0.530460 0.639635 0.818665 0.731956 0.741264 0.901681 0.283388 0.254718 0.367293 0.406939 0.380222 0.400867 0.282186 0.191215 0.627756 0.524891 0.569178 0.420011 0.501178 0.334151 0.687194 0.670466 0.500202 0.541800 0.969229 0.827887 0.672320 0.489535 0.541897 0.646909 0.305223 0.415597 0.437248 0.451694 0.569257 0.549134 0.972613 0.955365 0.821989 0.725175 0.907691 0.953557 0.854204 0.988960 0.633864 0.752638 0.732305 0.584447 0.647916 0.585645 0.810715 0.893759 0.659505 0.657168 0.579865 0.757008 0.932426 0.891578 0.881182 0.727157 0.824952 0.599472 0.725655 0.731328 0.682947 0.905651
0.499371 0.649650 0.000000 0.192487 0.876264 0.633729 0.223202 0.247394 0.378340 0.467415 0.477259 0.484249 0.323618 0.566433 0.466156 0.509161 0.670663 0.509245 0.371128 0.473056 0.716095 0.737332 0.381230 0.371360 0.672222 0.440341 0.978694 0.957985 0.596942 0.496208 0.364891 0.384855 0.350886 0.385919 0.815165 0.854118 0.664918 0.926304 0.620864 0.753920 0.803605 0.930044 0.331887 0.335590 0.310185 0.359648 0.308059 0.396947 0.635382 0.445219 0.425275 0.403708 0.475175 0.443494 0.580859 0.655090 0.808807 0.828053 0.437793 0.539783 0.274773 0.406454 0.637865 0.690700 0.242883 0.221841 0.289708 0.286124 0.775186 0.656340 0.486200 0.566097 0.561211 0.500657 0.910141 0.742057 0.545202 0.648448 0.570297 0.508879 0.568376 0.432380 0.701008 0.703554 0.489131 0.376203 0.906474 0.781017 0.692131 0.593258 0.487022 0.563050 0.519589 0.600445 0.529622 0.632872 0.500580 0.656527 0.406875 0.358444 0.572146 0.588983 0.633078 0.559634 0.448502 0.537112 0.991197 0.738692 0.807026 0.859576 0.827781 0.482166 0.470047 0.771748 0.612593 0.851214
0.466383 0.588569 0.192487 0.000000 0.876006 0.629722 0.241615 0.214069 0.405045 0.481316 0.515278 0.414839 0.343224 0.460480 0.429787 0.413241 0.639893 0.475086 0.337574 0.454038 0.593820 0.669380 0.350442 0.330072 0.690921 0.444932 0.968015 0.984628 0.490493 0.440687 0.320484 0.348685 0.283023 0.312473 0.795382 0.837198 0.671158 0.921068 0.709515 0.864427 0.848925 0.869168 0.318550 0.318035 0.324233 0.359109 0.298156 0.404026 0.677927 0.473399 0.452099 0.388176 0.515239 0.438487 0.600820 0.684448 0.768206 0.786862 0.416022 0.509399 0.277570 0.360911 0.603374 0.625503 0.260211 0.199195 0.284438 0.277270 0.767032 0.597951 0.426811 0.486204 0.509313 0.471215 0.823513 0.704768 0.505085 0.611924 0.546471 0.484134 0.545127 0.391574 0.663742 0.576782 0.446688 0.324432 0.950842 0.821173 0.737978 0.562614 0.439521 0.536838 0.466517 0.574055 0.556648 0.652738 0.518270 0.630384 0.386794 0.340098 0.545043 0.589247 0.633459 0.501426 0.432697 0.553608 0.982514 0.802446 0.877870 0.884940 0.809050 0.454810 0.461070 0.671126 0.576856 0.868651
0.815498 0.776840 0.876264 0.876006 0.000000 0.833895 0.798890 0.786287 0.948425 0.982154 0.880104 0.825273 0.740611 0.911095 0.796805 0.801640 0.788263 0.830161 0.755720 0.912926 0.709583 0.763729 0.784649 0.846283 0.997545 0.942579 0.761104 0.832339 0.757394 0.775809 0.858053 0.951901 0.816530 0.784919 0.995664 0.991603 0.921089 0.857369 0.868633 0.929947 0.910511 0.902604 0.888433 0.888009 0.817401 0.780588 0.721567 0.776958 0.952593 0.861780 0.872309 0.871504 0.972012 0.789368 0.914675 0.809816 0.878202 0.897981 0.798021 0.819793 0.701623 0.764454 0.713382 0.801582 0.822409 0.775469 0.768604 0.801226 0.830305 0.888670 0.685041 0.874371 0.857376 0.953615 0.971169 0.761524 0.891196 0.981005 0.937314 0.952897 0.666071 0.714155 0.725592 0.786586 0.711284 0.744822 0.825478 0.863574 0.961496 0.909549 0.962902 0.916627 0.944030 0.996012 0.904628 0.918278 0.961655 0.852778 0.923959 0.813081 0.989377 0.990606 0.962900 0.903039 0.874907 0.875215 0.971018 0.974544 0.767650 0.940045 0.965866 0.857615 0.820831 0.855670 0.959964 0.970878
0.766161 0.941609 0.633729 0.629722 0.833895 0.000000 0.521788 0.610113 0.556096 0.627179 0.779926 0.840267 0.655906 0.889645 0.802153 0.683931 0.973030 0.885700 0.723221 0.826978 0.814589 0.994835 0.683341 0.722181 0.965203 0.821392 0.884597 0.858580 0.873651 0.914705 0.665785 0.782298 0.686330 0.689726 0.657734 0.874076 0.965845 0.765941 0.958378 0.929362 0.982551 0.941566 0.590128 0.598279 0.546652 0.599440 0.616785 0.601282 0.985051 0.707877 0.724189 0.606034 0.644260 0.587915 0.801149 0.786080 0.869419 0.873912 0.748982 0.728626 0.687305 0.765020 0.867192 0.996713 0.751070 0.631368 0.533943 0.661271 0.920262 0.832399 0.628523 0.580636 0.882471 0.853247 0.829894 0.877494 0.662929 0.898676 0.773445 0.714131 0.776141 0.676464 0.989488 0.836859 0.789062 0.708123 0.969538 0.886593 0.995164 0.850523 0.531103 0.610403 0.509965 0.587439 0.649630 0.749405 0.650903 0.918774 0.634280 0.675159 0.679931 0.610044 0.834293 0.695618 0.621220 0.833085 0.965703 0.924332 0.892836 0.937428 0.845975 0.718828 0.641480 0.722951 0.710895 0.791782
0.516120 0.640832 0.223202 0.241615 0.798890 0.521788 0.000000 0.196827 0.358318 0.337790 0.443849 0.544943 0.389922 0.637336 0.574056 0.562947 0.567774 0.437654 0.288007 0.462813 0.673045 0.677786 0.444758 0.498986 0.845354 0.598817 0.960838 0.945942 0.577119 0.493322 0.400295 0.412109 0.310643 0.285062 0.847991 0.787278 0.775339 0.977733 0.843590 0.832232 0.921637 0.866724 0.230932 0.213225 0.232255 0.289716 0.294968 0.334203 0.712805 0.478994 0.423276 0.407140 0.525209 0.378750 0.641414 0.733317 0.701502 0.792240 0.420350 0.597216 0.339406 0.518910 0.582758 0.684301 0.363651 0.295223 0.185868 0.249616 0.772899 0.658422 0.374262 0.417946 0.594094 0.481248 0.913264 0.702222 0.427910 0.600913 0.539274 0.462406 0.524831 0.408911 0.701022 0.695886 0.564532 0.487839 0.896853 0.869079 0.814875 0.805749 0.338801 0.367399 0.373370 0.409310 0.506713 0.625913 0.491337 0.651812 0.333826 0.295181 0.494411 0.425254 0.547713 0.420874 0.414929 0.494285 0.996018 0.719886 0.803740 0.897741 0.734279 0.416842 0.374512 0.645471 0.562813 0.822691
0.416949 0.480175 0.247394 0.214069 0.786287 0.610113 0.196827 0.000000 0.460177 0.350836 0.434822 0.383833 0.339936 0.485262 0.487380 0.473395 0.501964 0.368317 0.294454 0.363565 0.633041 0.677853 0.428372 0.444112 0.809242 0.594494 0.884255 0.975783 0.452326 0.401217 0.405076 0.425726 0.281831 0.276735 0.873668 0.825224 0.765824 0.903337 0.837528 0.904967 0.929352 0.787388 0.269032 0.267119 0.291874 0.302209 0.314204 0.337180 0.649509 0.432276 0.426643 0.388995 0.557181 0.400875 0.665058 0.770292 0.604799 0.626961 0.323444 0.450345 0.272988 0.340919 0.508859 0.509846 0.344012 0.230291 0.242403 0.246960 0.757501 0.503400 0.407805 0.459697 0.552500 0.493388 0.911180 0.661114 0.490224 0.519756 0.493353 0.522382 0.472375 0.371025 0.670438 0.607514 0.513199 0.410707 0.969207 0.868279 0.804249 0.679038 0.409507 0.458661 0.407158 0.535011 0.456069 0.588917 0.509523 0.590784 0.331332 0.265182 0.459851 0.510947 0.546085 0.450909 0.382889 0.488020 0.970222 0.764540 0.830595 0.803917 0.778835 0.392185 0.398776 0.623740 0.581135 0.755768
0.720451 0.879783 0.378340 0.405045 0.948425 0.556096 0.358318 0.460177 0.000000 0.487057 0.725935 0.711641 0.561028 0.693004 0.629153 0.579908 0.854570 0.771028 0.557425 0.668355 0.782731 0.756980 0.483816 0.481317 0.781389 0.561076 0.895078 0.929509 0.823237 0.716987 0.497826 0.434379 0.548815 0.526565 0.751300 0.885052 0.904897 0.978042 0.796360 0.807902 0.780827 0.885083 0.415153 0.437374 0.441641 0.497974 0.478521 0.544132 0.763637 0.561189 0.485902 0.476073 0.484702 0.426584 0.706847 0.721794 0.987478 0.938953 0.615539 0.764324 0.549347 0.707590 0.813289 0.918011 0.484800 0.462610 0.392740 0.523341 0.869945 0.787447 0.513936 0.609738 0.694111 0.592045 0.945708 0.780131 0.638608 0.706148 0.758669 0.569803 0.783713 0.661400 0.811587 0.860021 0.695851 0.597356 0.702526 0.803538 0.769405 0.810006 0.418796 0.492468 0.412354 0.494139 0.623888 0.783447 0.569662 0.709344 0.447798 0.483298 0.536070 0.522311 0.757105 0.636585 0.597205 0.597779 0.788096 0.673269 0.983222 0.948340 0.778439 0.541164 0.540222 0.946510 0.640326 0.812502
0.714876 0.793497 0.467415 0.481316 0.982154 0.627179 0.337790 0.350836 0.487057 0.000000 0.586968 0.656765 0.620282 0.717423 0.777903 0.711231 0.698794 0.618702 0.535878 0.564014 0.829110 0.877342 0.627727 0.698637 0.958695 0.752081 0.939897 0.847132 0.771023 0.659753 0.591032 0.520360 0.493418 0.453384 0.937098 0.814063 0.970131 0.876557 0.933159 0.956680 0.880145 0.787843 0.360635 0.345689 0.421414 0.441547 0.534343 0.502028 0.711086 0.515402 0.514643 0.452565 0.567029 0.482570 0.822041 0.914206 0.787610 0.886980 0.495734 0.653791 0.607131 0.623628 0.775292 0.787633 0.604778 0.496213 0.395945 0.471533 0.939943 0.687728 0.557007 0.528069 0.791112 0.633713 0.860301 0.779041 0.535733 0.625879 0.645308 0.540200 0.772053 0.697857 0.884248 0.852258 0.866284 0.780388 0.960737 0.994095 0.991099 0.951583 0.404572 0.389338 0.423764 0.474678 0.605504 0.606340 0.522026 0.689439 0.340899 0.380163 0.496305 0.372363 0.549165 0.531236 0.596848 0.519279 0.871214 0.694064 0.957529 0.926147 0.746664 0.498159 0.484474 0.814998 0.606309 0.721587
0.413455 0.475395 0.477259 0.515278 0.880104 0.779926 0.443849 0.434822 0.725935 0.586968 0.000000 0.431079 0.486210 0.625377 0.751551 0.728043 0.429997 0.303579 0.300829 0.303399 0.725275 0.782719 0.790338 0.696844 0.989277 0.808137 0.978882 0.941830 0.486851 0.357502 0.597534 0.620057 0.549701 0.450408 0.933975 0.845536 0.847265 0.816598 0.891595 0.848092 0.971328 0.969918 0.580553 0.523787 0.540456 0.534826 0.534892 0.551650 0.896116 0.603094 0.589528 0.669335 0.715467 0.576717 0.783652 0.989783 0.472093 0.499434 0.536109 0.610419 0.454367 0.602172 0.387393 0.486030 0.670511 0.565070 0.545776 0.413424 0.661878 0.690011 0.679882 0.661719 0.674907 0.565009 0.936535 0.755961 0.658098 0.562211 0.639626 0.521487 0.461058 0.442568 0.622279 0.699844 0.784131 0.688488 0.990430 0.813776 0.946632 0.924367 0.729124 0.720916 0.756300 0.740728 0.707625 0.713206 0.762491 0.893004 0.625027 0.557783 0.686785 0.615377 0.567823 0.528185 0.674129 0.801558 0.938865 0.878891 0.968967 0.852175 0.854809 0.633349 0.633128 0.751521 0.793132 0.993411
0.314467 0.368623 0.484249 0.414839 0.825273 0.840267 0.544943 0.383833 0.711641 0.656765 0.431079 0.000000 0.320269 0.318374 0.371601 0.403519 0.446157 0.384617 0.424450 0.371400 0.594989 0.776099 0.468136 0.454806 0.788203 0.725390 0.955154 0.968860 0.343145 0.337852 0.475754 0.548824 0.451876 0.467995 0.890648 0.886515 0.760296 0.721964 0.804006 0.995846 0.999095 0.850654 0.619347 0.605819 0.533359 0.525250 0.470069 0.464039 0.739700 0.482921 0.518272 0.529484 0.735540 0.623978 0.745705 0.897065 0.557800 0.522709 0.410608 0.420559 0.279412 0.284891 0.370295 0.334880 0.467340 0.370469 0.552243 0.411038 0.695649 0.499841 0.655312 0.699302 0.484790 0.510909 0.851525 0.729951 0.655866 0.483357 0.566827 0.611264 0.480908 0.438404 0.466844 0.582651 0.468727 0.430851 0.978038 0.808647 0.791438 0.633749 0.854625 0.913977 0.818203 0.978016 0.659217 0.716494 0.745950 0.656876 0.627401 0.527393 0.740970 0.852882 0.655122 0.731057 0.562793 0.621880 0.941925 0.931115 0.858538 0.705970 0.880680 0.643245 0.720429 0.672215 0.633189 0.987362
0.360582 0.526717 0.323618 0.343224 0.740611 0.655906 0.389922 0.339936 0.561028 0.620282 0.486210 0.320269 0.000000 0.359574 0.302393 0.333916 0.568854 0.530753 0.382810 0.466393 0.659449 0.772716 0.330236 0.343499 0.769631 0.627396 0.988308 0.951403 0.482819 0.463212 0.426032 0.538360 0.434345 0.473187 0.819563 0.846249 0.729172 0.845051 0.714267 0.857854 0.980388 0.983021 0.465488 0.475614 0.443426 0.439893 0.405695 0.391629 0.779334 0.388157 0.401476 0.412153 0.537942 0.462153 0.618495 0.751191 0.721791 0.705730 0.367857 0.443932 0.228430 0.332191 0.434658 0.517206 0.289980 0.288477 0.404563 0.362316 0.765922 0.614657 0.540626 0.551959 0.514439 0.539142 0.891806 0.634310 0.609725 0.643789 0.603480 0.617149 0.514230 0.444671 0.535708 0.724242 0.402755 0.343763 0.842601 0.724464 0.682675 0.628767 0.679625 0.735625 0.622504 0.814724 0.660502 0.755756 0.684762 0.742853 0.546970 0.493850 0.667210 0.755276 0.628422 0.719144 0.449274 0.589532 0.988725 0.813550 0.673600 0.790157 0.893485 0.606385 0.594449 0.642264 0.616631 0.854721
0.506494 0.548465 0.566433 0.460480 0.911095 0.889645 0.637336 0.485262 0.693004 0.717423 0.625377 0.318374 0.359574 0.000000 0.287452 0.265294 0.651831 0.570200 0.487491 0.548122 0.639768 0.748183 0.407110 0.358282 0.785569 0.688921 0.972446 0.980319 0.433440 0.456855 0.471639 0.591093 0.515794 0.546198 0.905271 0.956374 0.698047 0.742769 0.847400 0.876040 0.969357 0.810833 0.596510 0.603264 0.684297 0.648681 0.604961 0.591613 0.817613 0.569326 0.544047 0.517458 0.692074 0.580294 0.807825 0.997152 0.710910 0.702693 0.491606 0.572426 0.430477 0.448187 0.494597 0.482726 0.457621 0.441837 0.584582 0.528849 0.975368 0.607115 0.597641 0.662948 0.643392 0.555971 0.948173 0.646574 0.591039 0.583054 0.651885 0.726495 0.715878 0.700621 0.539027 0.732848 0.538374 0.463478 0.904937 0.856313 0.833682 0.693371 0.763389 0.819738 0.666560 0.912766 0.690227 0.798476 0.875977 0.659620 0.635561 0.587676 0.686375 0.869797 0.630622 0.864426 0.542724 0.581283 0.999378 0.771434 0.851483 0.774491 0.902075 0.688279 0.719015 0.727889 0.622963 0.968393
0.526603 0.650027 0.466156 0.429787 0.796805 0.802153 0.574056 0.487380 0.629153 0.777903 0.751551 0.371601 0.302393 0.287452 0.000000 0.240575 0.740706 0.699330 0.587627 0.664555 0.682071 0.759185 0.212551 0.280985 0.576079 0.614671 0.976763 0.992742 0.544883 0.548513 0.375219 0.497132 0.468253 0.544653 0.707828 0.988895 0.669827 0.843031 0.779219 0.961381 0.973189 0.984244 0.595268 0.627843 0.583067 0.584580 0.529665 0.555114 0.788221 0.545488 0.561239 0.504522 0.662991 0.608246 0.584420 0.764459 0.897006 0.873296 0.537542 0.581942 0.333557 0.396201 0.566000 0.600482 0.300957 0.359779 0.505593 0.475027 0.942817 0.653483 0.557781 0.693072 0.515325 0.580663 0.874980 0.714608 0.607274 0.687091 0.641776 0.759452 0.639807 0.591116 0.510424 0.713920 0.320508 0.314484 0.809446 0.731185 0.776512 0.608916 0.788088 0.898295 0.714443 0.987335 0.699032 0.821338 0.800965 0.688762 0.670985 0.625742 0.777053 0.937698 0.818294 0.951436 0.474237 0.552904 0.968186 0.829901 0.790165 0.792337 0.911097 0.666927 0.731321 0.802910 0.591524 0.988594
0.569929 0.662168 0.509161 0.413241 0.801640 0.683931 0.562947 0.473395 0.579908 0.711231 0.728043 0.403519 0.333916 0.265294 0.240575 0.000000 0.748128 0.697007 0.545925 0.660984 0.608571 0.761855 0.242207 0.246779 0.687000 0.693193 0.924372 0.959061 0.545354 0.572919 0.417247 0.540996 0.484912 0.552056 0.810720 0.932227 0.790550 0.830423 0.837131 0.962753 0.948014 0.934354 0.519995 0.555702 0.579912 0.543797 0.496808 0.508870 0.869307 0.543532 0.506599 0.435568 0.556110 0.464578 0.719296 0.810741 0.894654 0.909708 0.519021 0.611237 0.400372 0.459999 0.591152 0.613242 0.394338 0.391353 0.487528 0.519082 0.944862 0.694592 0.452718 0.560648 0.557634 0.597508 0.777234 0.696825 0.572275 0.680658 0.651824 0.699759 0.688667 0.641075 0.556927 0.719384 0.446002 0.362684 0.909196 0.872581 0.841717 0.749774 0.659184 0.723504 0.559632 0.862416 0.718571 0.781517 0.781143 0.697814 0.654787 0.592710 0.740262 0.760033 0.724740 0.910149 0.464589 0.572920 0.914642 0.840255 0.863965 0.907319 0.896120 0.691393 0.691711 0.688020 0.572250 0.870480
0.314286 0.261482 0.670663 0.639893 0.788263 0.973030 0.567774 0.501964 0.854570 0.698794 0.429997 0.446157 0.568854 0.651831 0.740706 0.748128 0.000000 0.244175 0.375153 0.429305 0.646090 0.769947 0.733554 0.790958 0.825128 0.901076 0.792117 0.985648 0.342397 0.339409 0.607637 0.601053 0.498534 0.470616 0.947103 0.715113 0.773044 0.710866 0.887015 0.882160 0.828737 0.643390 0.598735 0.554813 0.553665 0.559534 0.534684 0.504816 0.861567 0.662318 0.591614 0.738594 0.861696 0.756087 0.758484 0.984104 0.204950 0.295668 0.417624 0.559294 0.469147 0.584305 0.273602 0.268982 0.687308 0.637819 0.552320 0.436285 0.465229 0.479544 0.638092 0.628325 0.579415 0.577456 0.952362 0.812823 0.619636 0.462767 0.479820 0.590780 0.296792 0.462861 0.455051 0.545685 0.626673 0.649235 0.985967 0.956935 0.913488 0.897512 0.850432 0.860325 0.845162 0.951878 0.705455 0.757731 0.759066 0.617330 0.645176 0.559294 0.921520 0.822701 0.557605 0.532687 0.694372 0.717929 0.895532 0.865209 0.849564 0.654767 0.817574 0.613155 0.715884 0.704234 0.713826 0.947373
0.317167 0.310334 0.509245 0.475086 0.830161 0.885700 0.437654 0.368317 0.771028 0.618702 0.303579 0.384617 0.530753 0.570200 0.699330 0.697007 0.244175 0.000000 0.239773 0.277777 0.674051 0.690465 0.734168 0.730709 0.869370 0.758793 0.829881 0.942497 0.278976 0.262153 0.577932 0.525356 0.405242 0.364855 0.948854 0.843113 0.752639 0.802600 0.906081 0.842433 0.984589 0.677918 0.499294 0.454506 0.503072 0.486982 0.474803 0.469980 0.810894 0.616723 0.572573 0.670975 0.810817 0.642301 0.782344 0.958004 0.278867 0.306564 0.425743 0.559597 0.390971 0.540875 0.261936 0.302399 0.618019 0.508553 0.486678 0.382457 0.552215 0.526103 0.641719 0.655255 0.588241 0.495048 0.918657 0.728529 0.618679 0.480188 0.486883 0.524347 0.344376 0.343431 0.497700 0.496352 0.625618 0.566095 0.993766 0.907704 0.919032 0.825525 0.707163 0.725147 0.735940 0.788008 0.654507 0.643334 0.738561 0.657148 0.523206 0.450719 0.720254 0.691578 0.589766 0.467823 0.596734 0.716712 0.793452 0.877849 0.907219 0.713812 0.895341 0.510774 0.578167 0.655226 0.662976 0.936375
0.355788 0.446802 0.371128 0.337574 0.755720 0.723221 0.288007 0.294454 0.557425 0.535878 0.300829 0.424450 0.382810 0.487491 0.587627 0.545925 0.375153 0.239773 0.000000 0.311671 0.666993 0.651611 0.567001 0.552034 0.850003 0.685395 0.883495 0.983414 0.370196 0.282508 0.470622 0.499273 0.386545 0.290248 0.971437 0.792976 0.737427 0.908678 0.822601 0.799826 0.953448 0.770481 0.368669 0.328516 0.394737 0.390142 0.354534 0.404936 0.767844 0.468273 0.428229 0.491938 0.607038 0.434507 0.703161 0.874096 0.468517 0.525183 0.385041 0.566723 0.321476 0.514933 0.333548 0.443395 0.443379 0.392348 0.352727 0.333678 0.651441 0.565741 0.502611 0.540802 0.601024 0.482056 0.958008 0.604363 0.551343 0.578890 0.539233 0.435644 0.420085 0.373589 0.607498 0.606469 0.548990 0.497336 0.901009 0.844770 0.856408 0.831912 0.534482 0.562510 0.566773 0.614259 0.598366 0.658810 0.698622 0.657575 0.417911 0.393110 0.623502 0.603696 0.523117 0.471911 0.515392 0.657099 0.963206 0.812691 0.800581 0.836044 0.863779 0.440118 0.471742 0.641948 0.586459 0.884495
0.339643 0.398874 0.473056 0.454038 0.912926 0.826978 0.462813 0.363565 0.668355 0.564014 0.303399 0.371400 0.466393 0.548122 0.664555 0.660984 0.429305 0.277777 0.311671 0.000000 0.779678 0.703071 0.690452 0.660395 0.940689 0.744575 0.825152 0.935117 0.379293 0.312003 0.592291 0.542851 0.422266 0.374010 0.962888 0.900808 0.812812 0.806403 0.875992 0.895612 0.872838 0.870536 0.531543 0.470348 0.502699 0.482169 0.469412 0.470751 0.730115 0.512396 0.521144 0.585296 0.657262 0.603995 0.781985 0.865820 0.443197 0.416419 0.448500 0.530683 0.389716 0.464260 0.365459 0.398907 0.584967 0.485873 0.524257 0.422593 0.661605 0.510780 0.731748 0.721725 0.619965 0.523201 0.888888 0.695167 0.650543 0.615139 0.584889 0.517482 0.500551 0.397308 0.610839 0.643247 0.692822 0.607002 0.873252 0.862571 0.821175 0.734294 0.705739 0.726425 0.761626 0.836364 0.652591 0.678965 0.701988 0.729095 0.474995 0.456486 0.584347 0.678521 0.665409 0.546222 0.621271 0.708604 0.930414 0.811971 0.844322 0.783404 0.786985 0.571529 0.578910 0.775418 0.669549 0.851944
0.720444 0.662881 0.716095 0.593820 0.709583 0.814589 0.673045 0.633041 0.782731 0.829110 0.725275 0.594989 0.659449 0.639768 0.682071 0.608571 0.646090 0.674051 0.666993 0.779678 0.000000 0.772116 0.635967 0.588107 0.923925 0.851704 0.930509 0.973479 0.654125 0.699601 0.623409 0.747427 0.630170 0.590458 0.864365 0.970751 0.750743 0.905702 0.976474 0.939461 0.938852 0.878858 0.686888 0.704903 0.691925 0.698675 0.606954 0.688344 0.973323 0.789923 0.802483 0.803465 0.846006 0.750634 0.893287 0.968191 0.777505 0.794707 0.687485 0.739453 0.617993 0.671664 0.657275 0.667629 0.681219 0.595022 0.660477 0.636450 0.877733 0.804095 0.600342 0.627646 0.639128 0.707736 0.816928 0.709572 0.697366 0.569451 0.783111 0.749818 0.668934 0.690465 0.584883 0.649461 0.675715 0.654157 0.905077 0.959520 0.957014 0.826036 0.753362 0.817986 0.683694 0.853767 0.836034 0.834385 0.833466 0.782025 0.780322 0.650343 0.849221 0.805291 0.683369 0.649111 0.694021 0.755283 0.916986 0.786975 0.950981 0.980152 0.955514 0.783168 0.850070 0.761826 0.885795 0.854791
0.783174 0.843701 0.737332 0.669380 0.763729 0.994835 0.677786 0.677853 0.756980 0.877342 0.782719 0.776099 0.772716 0.748183 0.759185 0.761855 0.769947 0.690465 0.651611 0.703071 0.772116 0.000000 0.750854 0.749456 0.987338 0.838804 0.875985 0.808828 0.637439 0.704108 0.778787 0.603944 0.590887 0.682589 0.941199 0.996387 0.942121 0.887803 0.969188 0.847896 0.986074 0.953580 0.732952 0.687743 0.749005 0.750838 0.729625 0.821260 0.905778 0.857842 0.788262 0.821946 0.912023 0.711827 0.779508 0.880255 0.793249 0.818490 0.864454 0.837452 0.678719 0.823487 0.747867 0.777107 0.700669 0.678852 0.659731 0.656721 0.903787 0.876837 0.713990 0.786420 0.849428 0.702078 0.807641 0.947434 0.774785 0.770321 0.993840 0.756193 0.823641 0.744954 0.792302 0.870617 0.759865 0.705648 0.915884 0.922602 0.833990 0.819699 0.696363 0.800087 0.781386 0.807656 0.814359 0.951829 0.946425 0.838939 0.743720 0.689170 0.857889 0.916990 0.908488 0.766241 0.870218 0.681102 0.945342 0.905617 0.972987 0.906391 0.794101 0.750168 0.792504 0.785369 0.852985 0.914698
0.570705 0.693247 0.381230 0.350442 0.784649 0.683341 0.444758 0.428372 0.483816 0.627727 0.790338 0.468136 0.330236 0.407110 0.212551 0.242207 0.733554 0.734168 0.567001 0.690452 0.635967 0.750854 0.000000 0.248195 0.520332 0.547955 0.986290 0.931881 0.618800 0.599585 0.296263 0.444640 0.376236 0.488193 0.662873 0.884164 0.668203 0.923928 0.757648 0.924112 0.919182 0.955298 0.427880 0.479659 0.414383 0.432801 0.372143 0.456091 0.704005 0.483383 0.457352 0.376303 0.494318 0.517233 0.531462 0.677351 0.935670 0.951612 0.458599 0.558060 0.327554 0.401271 0.626952 0.655815 0.243998 0.309762 0.346689 0.394451 0.900575 0.620759 0.419428 0.515156 0.491787 0.528899 0.801839 0.738813 0.472432 0.707469 0.544592 0.666664 0.598365 0.570875 0.523737 0.654303 0.309917 0.299471 0.818451 0.827006 0.741871 0.637420 0.610870 0.740840 0.548635 0.872387 0.617535 0.736270 0.618423 0.632893 0.552908 0.509510 0.765313 0.790143 0.723253 0.853317 0.395184 0.454827 0.852346 0.813074 0.742578 0.882054 0.817333 0.597211 0.627945 0.764303 0.509391 0.883447
0.569320 0.718695 0.371360 0.330072 0.846283 0.722181 0.498986 0.444112 0.481317 0.698637 0.696844 0.454806 0.343499 0.358282 0.280985 0.246779 0.790958 0.730709 0.552034 0.660395 0.588107 0.749456 0.248195 0.000000 0.574953 0.533488 0.966944 0.945224 0.575489 0.590360 0.360286 0.451517 0.496152 0.516199 0.721170 0.972612 0.738409 0.897421 0.766905 0.852346 0.933685 0.997500 0.497283 0.555392 0.523249 0.495335 0.425289 0.514964 0.712904 0.530313 0.487364 0.440452 0.496556 0.487569 0.591599 0.700863 0.970919 0.992223 0.480586 0.593361 0.371412 0.464701 0.643466 0.724902 0.323349 0.329142 0.451264 0.476375 0.943301 0.711745 0.492673 0.637759 0.539074 0.591770 0.856314 0.714068 0.577927 0.698811 0.667309 0.626355 0.627791 0.583544 0.623869 0.697155 0.396033 0.347162 0.790822 0.739016 0.762457 0.636766 0.632643 0.726037 0.575938 0.824855 0.674313 0.829964 0.674755 0.723752 0.640974 0.559757 0.681676 0.842673 0.766752 0.856436 0.508531 0.637612 0.933203 0.781102 0.805084 0.921465 0.893536 0.680403 0.625406 0.777444 0.573108 0.923748
0.725717 0.791290 0.672222 0.690921 0.997545 0.965203 0.845354 0.809242 0.781389 0.958695 0.989277 0.788203 0.769631 0.785569 0.576079 0.687000 0.825128 0.869370 0.850003 0.940689 0.923925 0.987338 0.520332 0.574953 0.000000 0.522476 0.964783 0.913983 0.808347 0.831418 0.602998 0.617817 0.735620 0.850691 0.623015 0.963370 0.564902 0.971011 0.717335 0.920008 0.863203 0.836243 0.817005 0.883755 0.794051 0.799161 0.669993 0.844783 0.804692 0.875020 0.824754 0.814986 0.805144 0.992062 0.539067 0.749465 0.976241 0.936382 0.725247 0.773633 0.641906 0.682840 0.847987 0.815043 0.532262 0.651603 0.756879 0.762142 0.720254 0.721978 0.866080 0.975838 0.588466 0.836485 0.819453 0.990835 0.838264 0.964723 0.742431 0.846433 0.651895 0.750798 0.734639 0.735872 0.420235 0.441664 0.975419 0.811695 0.830401 0.624325 0.998509 0.879508 0.908140 0.886536 0.659789 0.888126 0.783758 0.738473 0.907248 0.867458 0.847744 0.840095 0.938181 0.975991 0.694282 0.859999 0.918726 0.987390 0.860838 0.855098 0.923199 0.800360 0.887083 0.865246 0.762848 0.992896
0.696086 0.806388 0.440341 0.444932 0.942579 0.821392 0.598817 0.594494 0.561076 0.752081 0.808137 0.725390 0.627396 0.688921 0.614671 0.693193 0.901076 0.758793 0.685395 0.744575 0.851704 0.838804 0.547955 0.533488 0.522476 0.000000 0.983878 0.827281 0.740133 0.729151 0.496198 0.538848 0.525564 0.615597 0.726778 0.805218 0.672731 0.992235 0.631130 0.638887 0.827098 0.871577 0.555118 0.559321 0.557723 0.556017 0.521298 0.623056 0.622895 0.588271 0.548919 0.545662 0.547128 0.644639 0.562561 0.624032 0.998837 0.904689 0.582996 0.645800 0.544866 0.583542 0.793901 0.818627 0.414009 0.443053 0.562580 0.526153 0.881541 0.729800 0.737813 0.634919 0.636443 0.609349 0.855700 0.875487 0.592896 0.870219 0.783063 0.630424 0.753323 0.608405 0.794333 0.609740 0.532158 0.429160 0.886311 0.746012 0.633630 0.480566 0.619758 0.770024 0.702057 0.722180 0.643932 0.824225 0.648928 0.636109 0.567397 0.508204 0.746563 0.804457 0.853792 0.682474 0.560235 0.840925 0.982919 0.772224 0.949320 0.919928 0.998780 0.654208 0.588972 0.999622 0.649686 0.911357
0.821503 0.715780 0.978694 0.968015 0.761104 0.884597 0.960838 0.884255 0.895078 0.939897 0.978882 0.955154 0.988308 0.972446 0.976763 0.924372 0.792117 0.829881 0.883495 0.825152 0.930509 0.875985 0.986290 0.966944 0.964783 0.983878 0.000000 0.973524 0.828305 0.802899 0.854445 0.963543 0.866079 0.800748 0.995690 0.761826 0.877142 0.902250 0.923123 0.977090 0.872153 0.907455 0.913805 0.871869 0.854832 0.852529 0.828809 0.862652 0.834375 0.907499 0.854965 0.917258 0.997184 0.951756 0.902448 0.970600 0.692785 0.690411 0.809437 0.792105 0.876732 0.874184 0.798289 0.724854 0.988635 0.969552 0.872439 0.870528 0.925889 0.705462 0.923918 0.883862 0.908430 0.852372 0.973808 0.951934 0.990591 0.935899 0.916946 0.977952 0.764229 0.842619 0.897632 0.794873 0.955470 0.995719 0.861582 0.993300 0.851866 0.887859 0.980012 0.901580 0.924725 0.883071 0.928689 0.939115 0.917287 0.808925 0.916050 0.934483 0.953705 0.875123 0.860594 0.818751 0.911716 0.996096 0.982744 0.989103 0.929205 0.913094 0.934845 0.800364 0.844188 0.965498 0.817186 0.890164
0.957691 0.953287 0.957985 0.984628 0.832339 0.858580 0.945942 0.975783 0.929509 0.847132 0.941830 0.968860 0.951403 0.980319 0.992742 0.959061 0.985648 0.942497 0.983414 0.935117 0.973479 0.808828 0.931881 0.945224 0.913983 0.827281 0.973524 0.000000 0.923925 0.978155 0.925682 0.987913 0.930839 0.966042 0.919016 0.944011 0.956843 0.941083 0.958919 0.919003 0.893898 0.947597 0.930233 0.994214 0.907650 0.920927 0.916466 0.892009 0.906299 0.843759 0.895616 0.861760 0.886369 0.977585 0.917547 0.926112 0.958137 0.908412 0.911155 0.959603 0.998979 0.970542 0.922737 0.916181 0.971058 0.954652 0.936586 0.978136 0.918296 0.980110 0.990769 0.980282 0.957415 0.960147 0.914082 0.904932 0.878147 0.999843 0.851458 0.961335 0.946532 0.928707 0.924923 0.963615 0.995993 0.905197 0.843847 0.947574 0.990272 0.909146 0.953173 0.971701 0.975210 0.944766 0.837084 0.979945 0.851741 0.829912 0.995714 0.962167 0.937230 0.997199 0.883798 0.844130 0.933191 0.880349 0.793683 0.832716 0.862773 0.915204 0.971137 0.967404 0.919278 0.965917 0.992221 0.992338
0.362830 0.323739 0.596942 0.490493 0.757394 0.873651 0.577119 0.452326 0.823237 0.771023 0.486851 0.343145 0.482819 0.433440 0.544883 0.545354 0.342397 0.278976 0.370196 0.379293 0.654125 0.637439 0.618800 0.575489 0.808347 0.740133 0.828305 0.923925 0.000000 0.291305 0.520084 0.586753 0.464792 0.437179 0.923515 0.909607 0.736760 0.787138 0.892787 0.847772 0.953785 0.776579 0.595773 0.564538 0.572938 0.554825 0.499797 0.470820 0.775513 0.596009 0.566640 0.606032 0.769674 0.636901 0.677130 0.832924 0.418292 0.440944 0.470118 0.481993 0.372205 0.464180 0.279730 0.317507 0.573329 0.472268 0.544704 0.452207 0.635245 0.506916 0.688652 0.694365 0.523780 0.519685 0.917552 0.782740 0.594458 0.537641 0.604442 0.589443 0.407879 0.419307 0.485886 0.476468 0.496639 0.493996 0.901676 0.908621 0.867889 0.637327 0.835122 0.866854 0.810347 0.974606 0.630333 0.799321 0.826424 0.667139 0.623489 0.520806 0.792918 0.916856 0.709697 0.615917 0.591710 0.680890 0.878493 0.933738 0.863694 0.655930 0.848451 0.605255 0.670942 0.649574 0.621701 0.937032
0.317646 0.343126 0.496208 0.440687 0.775809 0.914705 0.493322 0.401217 0.716987 0.659753 0.357502 0.337852 0.463212 0.456855 0.548513 0.572919 0.339409 0.262153 0.282508 0.312003 0.699601 0.704108 0.599585 0.590360 0.831418 0.729151 0.802899 0.978155 0.291305 0.000000 0.442690 0.533353 0.418100 0.323550 0.994789 0.810846 0.769622 0.774009 0.805039 0.925154 0.903965 0.851728 0.577033 0.491697 0.521415 0.494126 0.442620 0.485588 0.810171 0.522217 0.525766 0.575025 0.668929 0.572337 0.609329 0.879226 0.435669 0.434700 0.487113 0.551175 0.353599 0.461607 0.315552 0.339992 0.545747 0.465600 0.489213 0.404664 0.576049 0.457674 0.611304 0.674401 0.525348 0.438840 0.831748 0.693551 0.692534 0.591974 0.539547 0.524722 0.397279 0.347769 0.455781 0.442974 0.591544 0.519908 0.830529 0.758690 0.840073 0.735063 0.797978 0.859877 0.843249 0.944706 0.624491 0.791036 0.761843 0.653479 0.589438 0.525339 0.716740 0.761632 0.590686 0.612405 0.668025 0.712571 0.947343 0.905301 0.898025 0.781851 0.847331 0.614795 0.630830 0.757171 0.648037 0.952728
0.465326 0.534544 0.364891 0.320484 0.858053 0.665785 0.400295 0.405076 0.497826 0.591032 0.597534 0.475754 0.426032 0.471639 0.375219 0.417247 0.607637 0.577932 0.470622 0.592291 0.623409 0.778787 0.296263 0.360286 0.602998 0.496198 0.854445 0.925682 0.520084 0.442690 0.000000 0.387213 0.337417 0.351042 0.673742 0.739491 0.555709 0.791556 0.717517 0.935949 0.989535 0.817541 0.381199 0.368847 0.336497 0.359035 0.312516 0.401976 0.636629 0.466667 0.398617 0.373104 0.457466 0.493485 0.467954 0.673448 0.751959 0.761876 0.438651 0.490147 0.310436 0.407716 0.537486 0.538411 0.315501 0.305181 0.301951 0.306335 0.766064 0.503598 0.430268 0.469913 0.476959 0.370852 0.800613 0.832855 0.489059 0.579496 0.516476 0.537526 0.482765 0.471755 0.472621 0.485704 0.421204 0.363853 0.862940 0.772841 0.714569 0.581017 0.630329 0.762070 0.592742 0.822111 0.555947 0.785984 0.538633 0.630605 0.515644 0.492559 0.646705 0.719083 0.620706 0.648702 0.493410 0.543607 0.899197 0.760234 0.878215 0.811568 0.856318 0.543265 0.530761 0.724687 0.476202 0.981755
0.569345 0.683500 0.384855 0.348685 0.951901 0.782298 0.412109 0.425726 0.434379 0.520360 0.620057 0.548824 0.538360 0.591093 0.497132 0.540996 0.601053 0.525356 0.499273 0.542851 0.747427 0.603944 0.444640 0.451517 0.617817 0.538848 0.963543 0.987913 0.586753 0.533353 0.387213 0.000000 0.397541 0.436884 0.787584 0.933951 0.727950 0.854282 0.711513 0.907328 0.935904 0.840184 0.479296 0.450924 0.491810 0.558240 0.515034 0.545765 0.848534 0.668079 0.589150 0.601795 0.648526 0.605151 0.632262 0.864411 0.737253 0.813971 0.576370 0.701198 0.444261 0.605931 0.664168 0.673904 0.423330 0.424765 0.449345 0.423162 0.698284 0.667818 0.577506 0.637895 0.569882 0.522864 0.822581 0.901928 0.606245 0.600195 0.640733 0.517760 0.622917 0.551080 0.646157 0.648932 0.579061 0.470060 0.937449 0.789973 0.819168 0.714124 0.566714 0.710158 0.617813 0.726592 0.675869 0.818751 0.629550 0.707658 0.534759 0.525854 0.696939 0.680862 0.804039 0.577809 0.615133 0.624924 0.902088 0.828263 0.995922 0.904091 0.786655 0.553035 0.612638 0.820100 0.536154 0.871123
0.414220 0.490596 0.350886 0.283023 0.816530 0.686330 0.310643 0.281831 0.548815 0.493418 0.549701 0.451876 0.434345 0.515794 0.468253 0.484912 0.498534 0.405242 0.386545 0.422266 0.630170 0.590887 0.376236 0.496152 0.735620 0.525564 0.866079 0.930839 0.464792 0.418100 0.337417 0.397541 0.000000 0.319024 0.820838 0.727235 0.708066 0.889147 0.830261 0.890629 0.892642 0.797119 0.312607 0.291816 0.307595 0.304457 0.304321 0.385298 0.656536 0.487691 0.427292 0.404113 0.519619 0.477075 0.554406 0.671376 0.607712 0.594011 0.373039 0.468797 0.318652 0.367808 0.474597 0.496426 0.342233 0.290958 0.277796 0.247457 0.713767 0.479572 0.400169 0.455333 0.535945 0.427916 0.910415 0.750591 0.387282 0.578120 0.429037 0.522511 0.440105 0.369261 0.522142 0.475514 0.433302 0.359859 0.936893 0.883993 0.789018 0.630845 0.462335 0.577312 0.500041 0.695358 0.538758 0.617661 0.446004 0.488187 0.372837 0.306104 0.621014 0.627431 0.652979 0.493783 0.419495 0.472487 0.943157 0.751614 0.835085 0.775511 0.755013 0.482513 0.427165 0.672511 0.502250 0.934293
0.416842 0.486551 0.385919 0.312473 0.784919 0.689726 0.285062 0.276735 0.526565 0.453384 0.450408 0.467995 0.473187 0.546198 0.544653 0.552056 0.470616 0.364855 0.290248 0.374010 0.590458 0.682589 0.488193 0.516199 0.850691 0.615597 0.800748 0.966042 0.437179 0.323550 0.351042 0.436884 0.319024 0.000000 0.796815 0.799680 0.674872 0.793207 0.856102 0.891870 0.943354 0.850319 0.342491 0.279660 0.313608 0.320190 0.320349 0.414470 0.720868 0.456184 0.448028 0.420671 0.557699 0.490366 0.658438 0.753321 0.550842 0.590777 0.397252 0.545199 0.342260 0.460588 0.447518 0.478800 0.426331 0.343713 0.291602 0.276727 0.784616 0.548012 0.481970 0.500718 0.577793 0.492414 0.813309 0.708535 0.478308 0.552995 0.497554 0.437878 0.481513 0.390966 0.580756 0.521157 0.541467 0.504260 0.902361 0.872000 0.867199 0.793253 0.532790 0.590008 0.580376 0.629102 0.566232 0.672976 0.637038 0.603264 0.362508 0.361234 0.597974 0.598453 0.557784 0.421423 0.501537 0.610387 0.890013 0.688928 0.874440 0.882236 0.741551 0.388406 0.458237 0.658871 0.486467 0.819831
0.785245 0.941270 0.815165 0.795382 0.995664 0.657734 0.847991 0.873668 0.751300 0.937098 0.933975 0.890648 0.819563 0.905271 0.707828 0.810720 0.947103 0.948854 0.971437 0.962888 0.864365 0.941199 0.662873 0.721170 0.623015 0.726778 0.995690 0.919016 0.923515 0.994789 0.673742 0.787584 0.820838 0.796815 0.000000 0.969834 0.764456 0.948900 0.931134 0.890794 0.996460 0.909935 0.777672 0.870337 0.709883 0.730664 0.746984 0.876018 0.709221 0.701350 0.774919 0.723730 0.771974 0.912211 0.554856 0.631297 0.840764 0.984439 0.775237 0.697399 0.731299 0.771794 0.883310 0.916779 0.656430 0.712605 0.738655 0.769836 0.948942 0.719743 0.924931 0.907409 0.834084 0.874966 0.798037 0.966367 0.831263 0.926936 0.819939 0.835068 0.782549 0.792878 0.905808 0.856667 0.569204 0.634167 0.987199 0.855732 0.789592 0.705159 0.910108 0.949786 0.882952 0.996049 0.756021 0.943474 0.832551 0.876745 0.819802 0.917303 0.972761 0.884437 0.882338 0.963845 0.799971 0.844021 0.979048 0.964582 0.726341 0.977547 0.783470 0.776966 0.918742 0.867256 0.850468 0.948562
0.732614 0.715597 0.854118 0.837198 0.991603 0.874076 0.787278 0.825224 0.885052 0.814063 0.845536 0.886515 0.846249 0.956374 0.988895 0.932227 0.715113 0.843113 0.792976 0.900808 0.970751 0.996387 0.884164 0.972612 0.963370 0.805218 0.761826 0.944011 0.909607 0.810846 0.739491 0.933951 0.727235 0.799680 0.969834 0.000000 0.966068 0.792537 0.874490 0.912588 0.827272 0.840034 0.682605 0.644350 0.640763 0.664551 0.688163 0.646794 0.768949 0.724116 0.629146 0.663502 0.718535 0.710980 0.783459 0.819839 0.779097 0.770796 0.688012 0.722479 0.832454 0.829179 0.762967 0.777553 0.816701 0.822971 0.667600 0.656843 0.839519 0.640117 0.759141 0.513984 0.935648 0.754677 0.914874 0.996030 0.742450 0.784344 0.694004 0.797977 0.754157 0.814938 0.763140 0.710732 0.885555 0.858268 0.992261 0.910007 0.946186 0.876351 0.834108 0.829894 0.872208 0.849038 0.831573 0.912067 0.760223 0.703428 0.800137 0.785900 0.885389 0.759284 0.704015 0.830343 0.848218 0.919386 0.811490 0.921367 0.845523 0.940203 0.746351 0.801253 0.732223 0.882302 0.778484 0.944338
0.681020 0.705225 0.664918 0.671158 0.921089 0.965845 0.775339 0.765824 0.904897 0.970131 0.847265 0.760296 0.729172 0.698047 0.669827 0.790550 0.773044 0.752639 0.737427 0.812812 0.750743 0.942121 0.668203 0.738409 0.564902 0.672731 0.877142 0.956843 0.736760 0.769622 0.555709 0.727950 0.708066 0.674872 0.764456 0.966068 0.000000 0.829679 0.735941 0.902103 0.908219 0.794637 0.760499 0.746547 0.699425 0.756944 0.681155 0.736537 0.789582 0.784156 0.764362 0.775365 0.823526 0.962911 0.804794 0.900459 0.785931 0.731403 0.678659 0.700758 0.615346 0.636392 0.775180 0.700609 0.547216 0.626132 0.737800 0.656060 0.833948 0.733017 0.965273 0.849155 0.702428 0.709528 0.779011 0.994701 0.753094 0.793249 0.708981 0.908527 0.769463 0.822074 0.794155 0.752489 0.578034 0.625140 0.903045 0.963124 0.752866 0.718504 0.988545 0.895733 0.906732 0.933734 0.752236 0.751114 0.841231 0.844718 0.765630 0.812329 0.925144 0.940527 0.768301 0.806653 0.615099 0.800191 0.933603 0.818987 0.814563 0.803736 0.943027 0.644880 0.927882 0.999590 0.782041 0.924613
0.717218 0.691681 0.926304 0.921068 0.857369 0.765941 0.977733 0.903337 0.978042 0.876557 0.816598 0.721964 0.845051 0.742769 0.843031 0.830423 0.710866 0.802600 0.908678 0.806403 0.905702 0.887803 0.923928 0.897421 0.971011 0.992235 0.902250 0.941083 0.787138 0.774009 0.791556 0.854282 0.889147 0.793207 0.948900 0.792537 0.829679 0.000000 0.942161 0.969849 0.757547 0.957533 0.874794 0.859429 0.873407 0.851249 0.901474 0.870762 0.867992 0.803214 0.725238 0.830496 0.958703 0.926910 0.981648 0.964308 0.642054 0.658215 0.804069 0.783662 0.843083 0.802498 0.745337 0.634926 0.846932 0.876574 0.892769 0.799099 0.919115 0.838908 0.977952 0.935109 0.784938 0.789276 0.940321 0.880924 0.881077 0.635383 0.899822 0.936483 0.926146 0.955307 0.795033 0.961424 0.954925 0.965064 0.799770 0.964553 0.973679 0.971478 0.922594 0.974081 0.992503 0.925241 0.986642 0.932593 0.893387 0.843742 0.847221 0.931950 0.892836 0.945023 0.763464 0.933636 0.913576 0.894595 0.880652 0.898102 0.935351 0.753396 0.880614 0.897491 0.962947 0.920160 0.808979 0.865777
