0.000000 0.391875 0.715565 0.488436 0.892567 0.739587 0.607856 0.525554 0.922121 0.639355 0.486875 0.546065 0.998886 0.851346 0.953794 0.970836 0.403925 0.295410 0.439734 0.413160 0.914923 0.956373 0.992612 0.849097 0.938145 0.934456 0.960839 0.947907 0.597025 0.611261 0.710500 0.813154 0.438202 0.461275 0.708587 0.984969 0.541005 0.655262 0.970196 0.890181 0.722797 0.607636 0.856135 0.801071 0.841554 0.717472 0.557669 0.576417 0.754802 0.633399 0.731266 0.642731 0.754753 0.933919 0.528292 0.516062 0.319903 0.332494 0.316059 0.370169 0.549937 0.595147 0.411474 0.334683 0.963388 0.849460 0.589401 0.655072 0.544438 0.504314 0.775888 0.860759 0.763866 0.780090 0.987699 0.952864 0.939103 0.694634 0.748028 0.832394 0.358913 0.323546 0.654056 0.380859 0.568538 0.774581 0.957209 0.994012 0.784165 0.397362 0.788150 0.962836 0.852353 0.891268 0.745319 0.897470 0.653773 0.854256 0.645947 0.597630 0.835265 0.955693 0.405506 0.588415 0.639647 0.546617 0.974267 0.818435 0.966575 0.816546 0.888973 0.660242 0.714616 0.877588 0.796593 0.945098
0.391875 0.000000 0.608741 0.428827 0.864567 0.815705 0.561328 0.494176 0.896719 0.659393 0.642666 0.535068 0.979375 0.753427 0.899646 0.932226 0.489193 0.396640 0.440095 0.383821 0.911282 0.809833 0.831374 0.998124 0.980738 0.902225 0.882224 0.931445 0.657825 0.619256 0.631436 0.750452 0.550904 0.490395 0.798096 0.939834 0.619158 0.634744 0.915682 0.866764 0.755689 0.606997 0.665054 0.571803 0.699812 0.595718 0.572243 0.545902 0.651446 0.569332 0.634249 0.555398 0.643530 0.860375 0.590989 0.613019 0.320138 0.327129 0.409706 0.405958 0.641804 0.637604 0.610108 0.466214 0.915904 0.801436 0.561076 0.536656 0.547564 0.409017 0.639970 0.661241 0.679961 0.678479 0.979324 0.964608 0.731146 0.573591 0.845403 0.766975 0.538593 0.460463 0.642966 0.499493 0.657378 0.792399 0.910916 0.961087 0.804062 0.493688 0.701071 0.813416 0.725042 0.897592 0.756384 0.897236 0.604688 0.831516 0.629967 0.498290 0.747910 0.742629 0.455922 0.552029 0.602891 0.526421 0.834999 0.771725 0.942018 0.722584 0.912351 0.555571 0.620614 0.745983 0.792732 0.965264
0.715565 0.608741 0.000000 0.617723 0.920892 0.936231 0.531481 0.824397 0.706776 0.840929 0.898507 0.974653 0.964509 0.952330 0.870647 0.919433 0.796957 0.702240 0.773772 0.735902 0.905766 0.836449 0.804895 0.966216 0.824807 0.767629 0.891423 0.984488 0.881859 0.894598 0.705205 0.891145 0.655254 0.787591 0.681455 0.952840 0.550305 0.653884 0.925559 0.844983 0.790684 0.685432 0.770392 0.671724 0.717528 0.707823 0.740702 0.729439 0.749711 0.666089 0.586303 0.599579 0.620723 0.547264 0.767061 0.785413 0.621718 0.514108 0.584587 0.755848 0.760301 0.980965 0.806012 0.717724 0.655907 0.884675 0.534326 0.730339 0.689184 0.621312 0.888507 0.637136 0.868777 0.877415 0.910622 0.977996 0.807146 0.749564 0.793804 0.839464 0.779031 0.816808 0.707203 0.615718 0.759303 0.975866 0.875780 0.863696 0.783057 0.801026 0.733300 0.720839 0.651187 0.680527 0.818313 0.944521 0.762057 0.916356 0.725932 0.735759 0.808013 0.759859 0.686410 0.760455 0.687550 0.635690 0.827940 0.665903 0.969825 0.724800 0.962475 0.775108 0.738342 0.944588 0.809881 0.776004
0.488436 0.428827 0.617723 0.000000 0.946730 0.796599 0.598318 0.474606 0.958094 0.647916 0.637503 0.586997 0.992650 0.713958 0.883328 0.883327 0.592723 0.491531 0.452936 0.401893 0.998067 0.928315 0.733419 0.875798 0.931732 0.838880 0.996202 0.914361 0.585488 0.573490 0.643247 0.675087 0.538173 0.514236 0.812728 0.948377 0.637306 0.785377 0.915904 0.873609 0.810891 0.691317 0.752825 0.665790 0.786555 0.738581 0.679540 0.543892 0.780315 0.664038 0.746810 0.641330 0.722557 0.940986 0.629587 0.591072 0.444252 0.451829 0.514755 0.474421 0.700927 0.640135 0.589369 0.508496 0.944328 0.855021 0.634770 0.597467 0.651017 0.508492 0.667373 0.653115 0.760772 0.695517 0.997863 0.968424 0.675440 0.644949 0.991634 0.781045 0.640090 0.593942 0.626792 0.573480 0.648978 0.823360 0.899137 0.856002 0.808386 0.557510 0.634098 0.901594 0.678698 0.978400 0.815585 0.895877 0.654019 0.846125 0.664680 0.563086 0.676208 0.890581 0.487481 0.586199 0.549136 0.504066 0.982912 0.841805 0.932984 0.710025 0.861901 0.587335 0.666738 0.820475 0.757766 0.924773
0.892567 0.864567 0.920892 0.946730 0.000000 0.999333 0.958449 0.922838 0.888596 0.902739 0.904054 0.922231 0.759551 0.905696 0.822294 0.754323 0.989608 0.962727 0.964953 0.999391 0.699641 0.933953 0.690213 0.700093 0.912189 0.799506 0.796162 0.901443 0.980418 0.945885 0.845341 0.939996 0.923764 0.965436 0.966853 0.881535 0.920698 0.675595 0.952503 0.945559 0.899018 0.913704 0.778777 0.769097 0.982535 0.966105 0.785524 0.941730 0.918848 0.885623 0.816123 0.803450 0.908639 0.815756 0.921070 0.945811 0.885988 0.893894 0.820379 0.847991 0.923121 0.965064 0.986198 0.987745 0.946726 0.917849 0.903169 0.819096 0.965522 0.909975 0.930813 0.966860 0.979780 0.940881 0.892884 0.867234 0.866486 0.912393 0.677897 0.885208 0.886161 0.993726 0.837419 0.937414 0.758500 0.901087 0.846675 0.696043 0.999544 0.930602 0.913492 0.958727 0.852641 0.939163 0.893176 0.891510 0.973650 0.958817 0.984980 0.923419 0.989422 0.843067 0.997288 0.875473 0.919324 0.978622 0.870543 0.912803 0.951260 0.913471 0.987688 0.973832 0.885674 0.938387 0.921327 0.926918
0.739587 0.815705 0.936231 0.796599 0.999333 0.000000 0.743824 0.637190 0.952436 0.651422 0.841339 0.735168 0.900333 0.799576 0.860674 0.832548 0.813067 0.772025 0.821636 0.908112 0.967715 0.876523 0.982941 0.887927 0.835466 0.939700 0.955274 0.947383 0.811671 0.827947 0.857654 0.945286 0.757147 0.727059 0.963046 0.958576 0.945824 0.903625 0.994511 0.893721 0.908698 0.975079 0.677692 0.702068 0.713723 0.624850 0.597273 0.735865 0.717254 0.883626 0.665352 0.756982 0.890273 0.945418 0.675797 0.735491 0.836023 0.836991 0.732210 0.660821 0.589762 0.548528 0.688972 0.690659 0.857148 0.620569 0.634497 0.646711 0.893909 0.851423 0.870337 0.987374 0.743559 0.778036 0.928004 0.846887 0.870889 0.812090 0.825809 0.991037 0.658025 0.684108 0.998391 0.797188 0.890123 0.820933 0.924503 0.903518 0.970197 0.864213 0.781760 0.935541 0.862267 0.976732 0.924842 0.939692 0.769955 0.753577 0.654909 0.681400 0.739502 0.943322 0.752629 0.788001 0.714825 0.789210 0.975714 0.880845 0.967356 0.832464 0.888596 0.665886 0.851654 0.724077 0.813705 0.998826
0.607856 0.561328 0.531481 0.598318 0.958449 0.743824 0.000000 0.377816 0.682273 0.353364 0.654193 0.707037 0.959586 0.995381 0.856350 0.947051 0.577375 0.542499 0.555140 0.628948 0.882333 0.891347 0.763738 0.860239 0.671733 0.838774 0.796946 0.693220 0.621270 0.648655 0.587878 0.730770 0.548259 0.454746 0.875244 0.882034 0.732253 0.776381 0.904578 0.919837 0.818050 0.810616 0.725971 0.682886 0.420943 0.437941 0.686666 0.616482 0.605025 0.635037 0.577268 0.622585 0.531636 0.646499 0.769032 0.765839 0.673501 0.595484 0.556465 0.589942 0.418670 0.568485 0.560858 0.457366 0.812174 0.933568 0.435394 0.511648 0.824603 0.609391 0.630308 0.631799 0.736398 0.619202 0.858898 0.919006 0.788295 0.591821 0.790153 0.884197 0.611703 0.653964 0.834868 0.640677 0.854174 0.838368 0.890403 0.855983 0.873603 0.880535 0.415962 0.564444 0.467419 0.705180 0.749281 0.993749 0.682177 0.853067 0.384380 0.457316 0.618532 0.739640 0.524604 0.549882 0.614992 0.612817 0.784690 0.803449 0.904979 0.690496 0.911808 0.597885 0.532605 0.678819 0.948102 0.962874
0.525554 0.494176 0.824397 0.474606 0.922838 0.637190 0.377816 0.000000 0.771603 0.293130 0.470589 0.412670 0.977911 0.798333 0.822608 0.921457 0.514574 0.455073 0.484399 0.489740 0.839653 0.990213 0.828035 0.993947 0.599037 0.785415 0.772993 0.666542 0.468974 0.461855 0.593792 0.647415 0.556838 0.327308 0.877682 0.943779 0.903373 0.936029 0.883015 0.987712 0.818980 0.868029 0.860934 0.785061 0.620156 0.587759 0.713449 0.668905 0.746364 0.797320 0.803528 0.784581 0.816336 0.978236 0.719088 0.725206 0.599428 0.601511 0.590477 0.472049 0.372995 0.301108 0.459170 0.339487 0.680693 0.646659 0.548120 0.467010 0.924975 0.653917 0.608309 0.745304 0.631897 0.472518 0.943031 0.958367 0.822108 0.647903 0.889333 0.937110 0.568085 0.610483 0.871609 0.640384 0.882491 0.993299 0.845387 0.915498 0.935160 0.736326 0.516795 0.853462 0.664438 0.985152 0.688731 0.963362 0.655012 0.872023 0.442103 0.474535 0.561150 0.892935 0.498643 0.588017 0.639013 0.627689 0.990321 0.915628 0.875248 0.698841 0.823418 0.538801 0.576606 0.635330 0.922767 0.854850
0.922121 0.896719 0.706776 0.958094 0.888596 0.952436 0.682273 0.771603 0.000000 0.744994 0.979088 0.968814 0.974624 0.952659 0.920843 0.983070 0.990687 0.936494 0.922319 0.920679 0.925511 0.845817 0.842056 0.992283 0.918567 0.946488 0.930758 0.936669 0.893791 0.961223 0.976262 0.908472 0.940044 0.964995 0.979131 0.996702 0.971026 0.993940 0.922630 0.986804 0.961513 0.953495 0.929855 0.928417 0.748269 0.810923 0.943131 0.928514 0.835806 0.914138 0.779095 0.832380 0.783080 0.705489 0.915937 0.972486 0.946479 0.863719 0.947868 0.989574 0.831858 0.891527 0.926629 0.957718 0.857383 0.910516 0.729157 0.871969 0.992538 0.892433 0.936524 0.868947 0.922987 0.907921 0.926526 0.882682 0.751176 0.872899 0.982992 0.956385 0.994042 0.861944 0.953296 0.928242 0.992843 0.940198 0.931457 0.777765 0.979808 0.971609 0.663253 0.676032 0.719589 0.726377 0.943323 0.861317 0.720501 0.989390 0.770404 0.820016 0.970540 0.844829 0.982291 0.990261 0.847954 0.916604 0.900831 0.815422 0.797816 0.897036 0.960884 0.759672 0.815703 0.783535 0.979846 0.976954
0.639355 0.659393 0.840929 0.647916 0.902739 0.651422 0.353364 0.293130 0.744994 0.000000 0.561770 0.559757 0.916130 0.909859 0.726861 0.978488 0.592833 0.542113 0.567235 0.651076 0.887874 0.930488 0.935472 0.841817 0.451267 0.605177 0.725880 0.647699 0.570769 0.552155 0.734613 0.746006 0.631612 0.467016 0.946270 0.992439 0.981218 0.987389 0.776196 0.961363 0.846597 0.902814 0.942112 0.898771 0.574145 0.591546 0.779156 0.738679 0.731450 0.841252 0.810212 0.861008 0.787972 0.980250 0.818736 0.720345 0.747836 0.710020 0.628950 0.571455 0.418472 0.399107 0.547461 0.467433 0.554522 0.756400 0.573100 0.563933 0.970186 0.672520 0.602042 0.759789 0.781978 0.565861 0.784543 0.959081 0.829748 0.729975 0.848219 0.985250 0.615361 0.705002 0.955107 0.727075 0.981630 0.816076 0.770304 0.867392 0.773328 0.868325 0.553051 0.790932 0.690144 0.963199 0.757396 0.998531 0.728176 0.821187 0.454314 0.523967 0.634176 0.921747 0.585600 0.631691 0.721346 0.647169 0.923114 0.894170 0.926394 0.746852 0.838003 0.619033 0.629222 0.607297 0.987101 0.932154
0.486875 0.642666 0.898507 0.637503 0.904054 0.841339 0.654193 0.470589 0.979088 0.561770 0.000000 0.490307 0.966709 0.870339 0.868016 0.968642 0.424330 0.485843 0.563635 0.453963 0.974666 0.850928 0.992860 0.945086 0.845940 0.874384 0.943389 0.850004 0.490037 0.457734 0.639653 0.756733 0.541443 0.432865 0.772019 0.953851 0.861148 0.906033 0.844066 0.988057 0.772307 0.862023 0.887522 0.949416 0.892094 0.832874 0.858937 0.807523 0.922035 0.896761 0.998372 0.962857 0.968204 0.805452 0.835621 0.732757 0.614386 0.662593 0.593254 0.543858 0.512153 0.482827 0.397765 0.392913 0.712595 0.790383 0.695571 0.634115 0.904137 0.694676 0.872964 0.941185 0.766435 0.701810 0.970389 0.928056 0.967152 0.873237 0.847920 0.898213 0.523346 0.512984 0.785190 0.556194 0.819559 0.920945 0.972257 0.968138 0.981178 0.711686 0.819556 0.858724 0.956169 0.759264 0.697461 0.930666 0.805488 0.985084 0.775355 0.715910 0.717835 0.976373 0.547006 0.688456 0.837293 0.741611 0.768786 0.965813 0.865975 0.762217 0.930347 0.768008 0.747254 0.917923 0.941518 0.902027
0.546065 0.535068 0.974653 0.586997 0.922231 0.735168 0.707037 0.412670 0.968814 0.559757 0.490307 0.000000 0.697555 0.534329 0.828083 0.594022 0.493848 0.480986 0.475396 0.484436 0.919248 0.963880 0.792377 0.811028 0.753307 0.785676 0.992436 0.859580 0.453224 0.431427 0.784134 0.709224 0.615588 0.399860 0.806668 0.950974 0.990705 0.973256 0.891721 0.981851 0.815624 0.904416 0.971890 0.901803 0.897298 0.828448 0.699651 0.794826 0.973351 0.959888 0.979935 0.996072 0.888013 0.716182 0.617365 0.655664 0.563685 0.650151 0.719116 0.600244 0.442103 0.384153 0.402776 0.385547 0.874517 0.533939 0.707562 0.648188 0.894469 0.693366 0.806157 0.999015 0.637975 0.572158 0.948798 0.963694 0.951123 0.800230 0.915220 0.928980 0.502098 0.502689 0.720548 0.598407 0.679091 0.629202 0.968444 0.864730 0.837600 0.666222 0.932486 0.806418 0.998099 0.669010 0.715146 0.981598 0.810543 0.991903 0.783544 0.807543 0.724021 0.991149 0.591175 0.729402 0.810126 0.758311 0.832425 0.991270 0.826361 0.843714 0.824067 0.720015 0.790138 0.886056 0.935560 0.796210
0.998886 0.979375 0.964509 0.992650 0.759551 0.900333 0.959586 0.977911 0.974624 0.916130 0.966709 0.697555 0.000000 0.483654 0.423724 0.373349 0.980301 0.933892 0.929110 0.985097 0.809478 0.859150 0.617236 0.596467 0.986618 0.949725 0.673117 0.813148 0.943820 0.993054 0.799130 0.925887 0.981028 0.989843 0.897568 0.907771 0.997488 0.957702 0.816808 0.894569 0.837413 0.961303 0.916873 0.955230 0.959656 0.940400 0.877485 0.927866 0.969910 0.839535 0.995573 0.890816 0.877869 0.871528 0.662264 0.818348 0.935176 0.906013 0.787854 0.737185 0.786871 0.950240 0.788438 0.926365 0.689769 0.895791 0.994018 0.849200 0.998857 0.927846 0.862139 0.837786 0.978392 0.958608 0.937491 0.859004 0.951461 0.984772 0.881482 0.930056 0.868442 0.859581 0.750296 0.847422 0.506622 0.464267 0.958591 0.620949 0.710035 0.975811 0.894269 0.915142 0.991924 0.864440 0.867313 0.951112 0.937336 0.915795 0.964831 0.771997 0.939724 0.989973 0.939946 0.972766 0.958345 0.932142 0.789473 0.971233 0.975202 0.919172 0.830003 0.966269 0.855804 0.952976 0.932219 0.901266
0.851346 0.753427 0.952330 0.713958 0.905696 0.799576 0.995381 0.798333 0.952659 0.909859 0.870339 0.534329 0.483654 0.000000 0.495586 0.394686 0.888425 0.809432 0.648911 0.657204 0.931941 0.855604 0.637805 0.538262 0.977125 0.987635 0.701228 0.850240 0.649201 0.638525 0.872041 0.720385 0.840467 0.765209 0.825214 0.977236 0.912635 0.933812 0.880395 0.900398 0.859516 0.995110 0.817238 0.806876 0.918222 0.865391 0.729017 0.751807 0.926985 0.970531 0.970253 0.994560 0.942272 0.870000 0.762596 0.679579 0.806237 0.928119 0.970860 0.952669 0.782423 0.784984 0.645084 0.750126 0.853605 0.787549 0.904299 0.876308 0.983926 0.910512 0.955906 0.952782 0.821184 0.805665 0.965337 0.943892 0.750975 0.973751 0.954611 0.884379 0.714939 0.725383 0.703774 0.734095 0.578720 0.505892 0.979885 0.605019 0.821595 0.788827 0.944794 0.851476 0.970984 0.728221 0.872597 0.915504 0.967256 0.837024 0.976512 0.991775 0.836690 0.988078 0.827728 0.867718 0.956307 0.871793 0.718644 0.998769 0.948888 0.988794 0.780841 0.812995 0.972730 0.925253 0.925069 0.860027
0.953794 0.899646 0.870647 0.883328 0.822294 0.860674 0.856350 0.822608 0.920843 0.726861 0.868016 0.828083 0.423724 0.495586 0.000000 0.452046 0.962484 0.973105 0.824455 0.861089 0.985942 0.833611 0.569529 0.570818 0.769340 0.875552 0.596707 0.791862 0.975328 0.984276 0.861001 0.984003 0.997707 0.967275 0.891513 0.952259 0.891604 0.975679 0.688106 0.875350 0.892058 0.816742 0.898736 0.932076 0.934173 0.964456 0.872765 0.837861 0.965106 0.981845 0.966365 0.991761 0.982530 0.983075 0.777522 0.812662 0.914486 0.960707 0.860111 0.767721 0.984619 0.781649 0.870004 0.987044 0.557730 0.862973 0.933631 0.753229 0.754802 0.996135 0.865765 0.971728 0.993383 0.936139 0.942625 0.885241 0.887288 0.971421 0.839207 0.929239 0.875342 0.779212 0.581979 0.788247 0.429566 0.473224 0.803181 0.614647 0.641144 0.840983 0.807838 0.926525 0.986172 0.872574 0.949030 0.947991 0.950248 0.820070 0.863673 0.776228 0.869582 0.984674 0.939681 0.977359 0.991992 0.991276 0.876267 0.959120 0.996030 0.832638 0.883457 0.974165 0.844482 0.799305 0.855376 0.978108
0.970836 0.932226 0.919433 0.883327 0.754323 0.832548 0.947051 0.921457 0.983070 0.978488 0.968642 0.594022 0.373349 0.394686 0.452046 0.000000 0.988881 0.942323 0.848004 0.847525 0.939505 0.935860 0.500666 0.459125 0.983386 0.902013 0.703232 0.851479 0.793632 0.747874 0.961756 0.848833 0.903862 0.858849 0.974417 0.891698 0.869630 0.837778 0.733469 0.936684 0.947702 0.936690 0.963364 0.997927 0.910530 0.957938 0.901278 0.982020 0.836361 0.797487 0.852466 0.827299 0.836605 0.778350 0.822302 0.858132 0.953616 0.967691 0.797283 0.881748 0.797300 0.868249 0.757836 0.883530 0.766009 0.799797 0.952033 0.929062 0.964816 0.999651 0.941028 0.862161 0.866643 0.901156 0.990771 0.985272 0.884544 0.983065 0.866433 0.990238 0.868286 0.791336 0.594877 0.771685 0.511805 0.436265 0.881048 0.514223 0.767767 0.970531 0.844899 0.809672 0.898437 0.688900 0.959412 0.979818 0.962894 0.901183 0.864250 0.774088 0.924234 0.897970 0.959950 0.940142 0.998354 0.890704 0.751045 0.923277 0.982607 0.909622 0.717132 0.961073 0.940128 0.970758 0.911007 0.895723
0.403925 0.489193 0.796957 0.592723 0.989608 0.813067 0.577375 0.514574 0.990687 0.592833 0.424330 0.493848 0.980301 0.888425 0.962484 0.988881 0.000000 0.345160 0.515422 0.449472 0.941851 0.955418 0.978898 0.869304 0.898124 0.990438 0.880274 0.943967 0.546244 0.530954 0.655337 0.790852 0.525693 0.457639 0.768941 0.986118 0.731144 0.827838 0.967052 0.921585 0.767969 0.733535 0.933012 0.830617 0.847739 0.786737 0.714217 0.696643 0.851750 0.775424 0.848986 0.786537 0.907718 0.944418 0.633097 0.606373 0.438518 0.464809 0.421847 0.435808 0.531071 0.560890 0.418600 0.364678 0.874967 0.742050 0.589707 0.606319 0.692369 0.583586 0.738788 0.978934 0.725687 0.767314 0.982324 0.962398 0.974810 0.685925 0.767800 0.823809 0.424672 0.437118 0.739013 0.519322 0.730958 0.848616 0.963040 0.912210 0.811236 0.575245 0.857760 0.919738 0.909238 0.850013 0.749317 0.899249 0.770016 0.918158 0.676291 0.675989 0.765597 0.851959 0.448397 0.536719 0.751574 0.591355 0.994915 0.847768 0.933667 0.776403 0.911935 0.699330 0.783529 0.878881 0.811235 0.973631
0.295410 0.396640 0.702240 0.491531 0.962727 0.772025 0.542499 0.455073 0.936494 0.542113 0.485843 0.480986 0.933892 0.809432 0.973105 0.942323 0.345160 0.000000 0.443725 0.403576 0.920004 0.949296 0.953377 0.882607 0.849910 0.977562 0.994850 0.925012 0.495611 0.449283 0.620612 0.694138 0.417235 0.403529 0.722174 0.955804 0.644148 0.771029 0.954312 0.863545 0.802923 0.630290 0.878794 0.787933 0.839554 0.740764 0.610763 0.599409 0.815161 0.688999 0.784495 0.688960 0.774273 0.977622 0.640998 0.592574 0.302828 0.332472 0.348514 0.363985 0.530946 0.583306 0.402837 0.311249 0.864215 0.834460 0.546426 0.599360 0.563169 0.449256 0.716356 0.849688 0.741233 0.726818 0.994903 0.994843 0.919996 0.650150 0.712932 0.869587 0.339787 0.358505 0.636990 0.374018 0.642680 0.853027 0.966854 0.982105 0.861771 0.487761 0.841701 0.939378 0.842491 0.849691 0.688880 0.843636 0.746848 0.861324 0.624300 0.596358 0.788749 0.949662 0.367461 0.515298 0.703194 0.558670 0.938981 0.848291 0.930892 0.799988 0.896584 0.595366 0.710975 0.870203 0.821223 0.974564
0.439734 0.440095 0.773772 0.452936 0.964953 0.821636 0.555140 0.484399 0.922319 0.567235 0.563635 0.475396 0.929110 0.648911 0.824455 0.848004 0.515422 0.443725 0.000000 0.378654 0.893934 0.981852 0.703693 0.897860 0.854750 0.870011 0.888509 0.816328 0.535811 0.547135 0.668615 0.543938 0.585240 0.455372 0.822823 0.866484 0.831802 0.861978 0.892315 0.975928 0.744950 0.684841 0.792134 0.770035 0.665782 0.598114 0.609514 0.583104 0.648628 0.625808 0.787727 0.732718 0.667401 0.967743 0.624245 0.584198 0.514097 0.546072 0.587010 0.553691 0.600721 0.640823 0.462495 0.435599 0.868943 0.942917 0.720385 0.686170 0.679926 0.511142 0.582818 0.682453 0.715193 0.608702 0.955843 0.927806 0.758867 0.728134 0.925330 0.769119 0.515503 0.436247 0.624841 0.593266 0.567825 0.843799 0.950432 0.869378 0.913002 0.610693 0.690822 0.879560 0.679771 0.937717 0.670673 0.948974 0.769576 0.985565 0.601754 0.540016 0.760512 0.920577 0.483005 0.594043 0.682347 0.526850 0.957608 0.906248 0.961056 0.854280 0.822827 0.608716 0.624321 0.860481 0.893586 0.862422
0.413160 0.383821 0.735902 0.401893 0.999391 0.908112 0.628948 0.489740 0.920679 0.651076 0.453963 0.484436 0.985097 0.657204 0.861089 0.847525 0.449472 0.403576 0.378654 0.000000 0.966079 0.957639 0.799781 0.852475 0.971295 0.974447 0.992642 0.854547 0.442243 0.452035 0.563102 0.622209 0.478852 0.457785 0.805725 0.941187 0.724835 0.761585 0.965982 0.901451 0.717455 0.768393 0.836634 0.793708 0.830515 0.731682 0.647972 0.616324 0.793916 0.683528 0.827399 0.719441 0.792369 0.947939 0.781187 0.657636 0.431649 0.509467 0.502122 0.459017 0.652761 0.584887 0.490016 0.455977 0.902556 0.794262 0.680248 0.605369 0.693525 0.577214 0.649775 0.722781 0.718568 0.628387 0.982035 0.992468 0.836964 0.762624 0.858416 0.711131 0.564465 0.442153 0.598253 0.518403 0.640532 0.797067 0.994417 0.821079 0.916384 0.551373 0.817797 0.959949 0.870672 0.838801 0.729544 0.882915 0.760586 0.977195 0.706437 0.647342 0.693383 0.948836 0.523350 0.567952 0.720317 0.581560 0.927610 0.914165 0.918823 0.782173 0.870791 0.610316 0.636367 0.813700 0.843394 0.887905
0.914923 0.911282 0.905766 0.998067 0.699641 0.967715 0.882333 0.839653 0.925511 0.887874 0.974666 0.919248 0.809478 0.931941 0.985942 0.939505 0.941851 0.920004 0.893934 0.966079 0.000000 0.956546 0.702005 0.723845 0.799239 0.697021 0.962053 0.800355 0.971634 0.993392 0.859059 0.988200 0.819914 0.996570 0.893437 0.984385 0.932074 0.815072 0.764009 0.960782 0.900238 0.891185 0.891711 0.910812 0.866095 0.930077 0.785183 0.943751 0.884391 0.994336 0.889460 0.844771 0.984048 0.928902 0.862145 0.997067 0.763348 0.785784 0.749036 0.805964 0.989882 0.955741 0.990892 0.978535 0.874610 0.861317 0.801060 0.810609 0.898481 0.937532 0.953396 0.974055 0.811599 0.894129 0.942336 0.802812 0.996599 0.965562 0.812771 0.821292 0.879065 0.937373 0.980059 0.866826 0.902061 0.899976 0.942260 0.913295 0.808455 0.924950 0.782094 0.897365 0.735062 0.937013 0.829655 0.764958 0.974304 0.836896 0.835146 0.899846 0.917594 0.991636 0.918763 0.937730 0.856019 0.939247 0.907921 0.938862 0.910954 0.953201 0.972966 0.990269 0.910777 0.910716 0.846771 0.734260
0.956373 0.809833 0.836449 0.928315 0.933953 0.876523 0.891347 0.990213 0.845817 0.930488 0.850928 0.963880 0.859150 0.855604 0.833611 0.935860 0.955418 0.949296 0.981852 0.957639 0.956546 0.000000 0.985269 0.950644 0.978079 0.926942 0.983379 0.755597 0.881151 0.916106 0.983636 0.751322 0.965416 0.913906 0.963427 0.885829 0.775672 0.741374 0.882658 0.713497 0.919861 0.906782 0.792995 0.742130 0.897772 0.834123 0.801922 0.792185 0.849432 0.886693 0.745759 0.788231 0.851171 0.807966 0.890544 0.856461 0.871472 0.859994 0.820155 0.924498 0.958705 0.997151 0.935314 0.964798 0.800397 0.897044 0.807399 0.887108 0.900007 0.886807 0.980007 0.995782 0.950986 0.926667 0.947389 0.928417 0.803802 0.824399 0.956416 0.917708 0.892184 0.941534 0.997765 0.890318 0.943866 0.922891 0.971826 0.913201 0.893458 0.925783 0.957870 0.883266 0.894717 0.955660 0.860071 0.779848 0.889390 0.927796 0.926100 0.991569 0.994742 0.889251 0.944381 0.911264 0.791479 0.886158 0.747665 0.658184 0.990718 0.988569 0.958732 0.852683 0.995774 0.854242 0.827727 0.999606
0.992612 0.831374 0.804895 0.733419 0.690213 0.982941 0.763738 0.828035 0.842056 0.935472 0.992860 0.792377 0.617236 0.637805 0.569529 0.500666 0.978898 0.953377 0.703693 0.799781 0.702005 0.985269 0.000000 0.476344 0.976504 0.956696 0.851065 0.872450 0.791524 0.816055 0.885197 0.656162 0.875242 0.809689 0.939681 0.978611 0.974359 0.966034 0.910416 0.992044 0.988296 0.841032 0.847130 0.882447 0.767768 0.797441 0.988388 0.807703 0.881869 0.873916 0.947935 0.946075 0.780842 0.825242 0.853275 0.996782 0.959427 0.989824 0.822137 0.863186 0.871512 0.979961 0.854051 0.888956 0.764436 0.853846 0.972847 0.955118 0.837327 0.857202 0.841918 0.736053 0.811623 0.734140 0.999950 0.948530 0.798714 0.792935 0.740470 0.844452 0.972742 0.889482 0.560006 0.863107 0.534528 0.768505 0.737595 0.639972 0.962259 0.975833 0.762478 0.773386 0.690679 0.942042 0.912149 0.914006 0.987108 0.823291 0.865988 0.890145 0.978557 0.848508 0.897572 0.973285 0.853848 0.892072 0.945298 0.965046 0.953584 0.931111 0.732067 0.816712 0.853912 0.897852 0.964101 0.913366
0.849097 0.998124 0.966216 0.875798 0.700093 0.887927 0.860239 0.993947 0.992283 0.841817 0.945086 0.811028 0.596467 0.538262 0.570818 0.459125 0.869304 0.882607 0.897860 0.852475 0.723845 0.950644 0.476344 0.000000 0.827073 0.978333 0.773405 0.997236 0.908539 0.873657 0.982288 0.784241 0.954955 0.999478 0.971779 0.941661 0.894056 0.867082 0.821113 0.982403 0.926976 0.987693 0.993830 0.995508 0.896581 0.920497 0.915205 0.978674 0.850795 0.880460 0.800496 0.853865 0.880011 0.894876 0.972546 0.999288 0.936562 0.839697 0.665119 0.810621 0.954594 0.999560 0.955531 0.885760 0.747022 0.859653 0.772294 0.876716 0.971006 0.905668 0.976412 0.933654 0.932861 0.816365 0.836467 0.880667 0.867661 0.999462 0.708845 0.981386 0.831868 0.951148 0.729591 0.932316 0.663324 0.625398 0.840774 0.597706 0.804624 0.993578 0.912448 0.925186 0.981739 0.747007 0.907487 0.997596 0.955955 0.849353 0.811065 0.823837 0.992434 0.891340 0.900994 0.806540 0.988223 0.907187 0.875016 0.979889 0.975815 0.991759 0.787763 0.992124 0.992536 0.964518 0.895482 0.945798
0.938145 0.980738 0.824807 0.931732 0.912189 0.835466 0.671733 0.599037 0.918567 0.451267 0.845940 0.753307 0.986618 0.977125 0.769340 0.983386 0.898124 0.849910 0.854750 0.971295 0.799239 0.978079 0.976504 0.827073 0.000000 0.416642 0.743114 0.653686 0.759789 0.796909 0.972547 0.879829 0.930310 0.763999 0.874343 0.946812 0.776096 0.779141 0.779223 0.929776 0.974214 0.958605 0.811824 0.762065 0.837221 0.882273 0.931669 0.989122 0.971785 0.876137 0.872238 0.775606 0.945196 0.854116 0.965120 0.957856 0.875142 0.916623 0.968295 0.937690 0.629363 0.617239 0.804160 0.765806 0.478978 0.900878 0.967412 0.909946 0.897079 0.980114 0.877986 0.999468 0.932049 0.777123 0.793752 0.959929 0.940702 0.999952 0.967846 0.800650 0.863284 0.920211 0.784506 0.980053 0.843343 0.750922 0.737575 0.843852 0.640824 0.845999 0.799150 0.979748 0.917436 0.876675 0.933583 0.912565 0.960550 0.996538 0.716919 0.911749 0.877801 0.885172 0.902485 0.917642 0.940070 0.988371 0.981227 0.855884 0.890370 0.980620 0.970846 0.915320 0.912723 0.731759 0.771974 0.789546
0.934456 0.902225 0.767629 0.838880 0.799506 0.939700 0.838774 0.785415 0.946488 0.605177 0.874384 0.785676 0.949725 0.987635 0.875552 0.902013 0.990438 0.977562 0.870011 0.974447 0.697021 0.926942 0.956696 0.978333 0.416642 0.000000 0.789558 0.713736 0.880439 0.838837 0.798334 0.910723 0.991231 0.909845 0.841373 0.905270 0.739557 0.691648 0.780441 0.927828 0.959357 0.967361 0.660786 0.665634 0.963860 0.958748 0.848651 0.853004 0.909923 0.758033 0.715941 0.640201 0.881153 0.777700 0.922744 0.974434 0.842012 0.816857 0.819674 0.875564 0.822231 0.827569 0.907361 0.925902 0.569772 0.982876 0.836920 0.860252 0.967858 0.986564 0.933539 0.993914 0.946340 0.880095 0.913408 0.875177 0.959418 0.853985 0.979814 0.680995 0.995448 0.985124 0.880352 0.938129 0.943901 0.806261 0.786090 0.960728 0.675541 0.848858 0.902494 0.997098 0.963138 0.821113 0.879619 0.980663 0.974561 0.944929 0.895302 0.985788 0.981172 0.747492 0.990666 0.899198 0.924360 0.955746 0.897854 0.932139 0.956745 0.994340 0.938619 0.983087 0.978957 0.840673 0.863483 0.839570
0.960839 0.882224 0.891423 0.996202 0.796162 0.955274 0.796946 0.772993 0.930758 0.725880 0.943389 0.992436 0.673117 0.701228 0.596707 0.703232 0.880274 0.994850 0.888509 0.992642 0.962053 0.983379 0.851065 0.773405 0.743114 0.789558 0.000000 0.688831 0.996153 0.978443 0.926205 0.887005 0.960115 0.860360 0.863407 0.901521 0.821530 0.946923 0.803409 0.808492 0.976058 0.978183 0.920812 0.932098 0.781600 0.819450 0.971355 0.931749 0.855988 0.820084 0.905293 0.899454 0.869004 0.886393 0.922625 0.838214 0.994786 0.994525 0.910419 0.834881 0.964426 0.822776 0.899671 0.996175 0.667093 0.887772 0.992389 0.776984 0.924449 0.946479 0.754103 0.866103 0.878145 0.824012 0.932659 0.812416 0.988297 0.779593 0.891060 0.936705 0.909084 0.936725 0.727906 0.810197 0.709451 0.713493 0.893219 0.733447 0.869074 0.873046 0.746075 0.788514 0.896544 0.890445 0.972237 0.956347 0.748695 0.889539 0.750005 0.698131 0.865546 0.858515 0.994050 0.946583 0.935673 0.872291 0.696117 0.886323 0.978683 0.904800 0.975582 0.930969 0.744736 0.734580 0.959722 0.843983
0.947907 0.931445 0.984488 0.914361 0.901443 0.947383 0.693220 0.666542 0.936669 0.647699 0.850004 0.859580 0.813148 0.850240 0.791862 0.851479 0.943967 0.925012 0.816328 0.854547 0.800355 0.755597 0.872450 0.997236 0.653686 0.713736 0.688831 0.000000 0.842234 0.853513 0.886246 0.782122 0.950610 0.763091 0.982798 0.938390 0.801146 0.808318 0.800751 0.892342 0.964586 0.984019 0.983370 0.997819 0.731464 0.769242 0.928812 0.980685 0.874075 0.904044 0.979982 0.968579 0.871861 0.894658 0.848423 0.868002 0.886521 0.976668 0.990712 0.840426 0.788369 0.714792 0.951414 0.869082 0.676685 0.919021 0.941806 0.747048 0.800817 0.957994 0.852911 0.739471 0.827867 0.661839 0.852225 0.910257 0.957827 0.879960 0.964647 0.995355 0.941826 0.986075 0.922011 0.939084 0.803528 0.732937 0.912010 0.876397 0.725017 0.850604 0.781479 0.809646 0.859254 0.914646 0.829320 0.957572 0.906821 0.999994 0.726788 0.757946 0.706603 0.990011 0.999343 0.970226 0.981781 0.956822 0.808421 0.793003 0.996890 0.887623 0.944137 0.811796 0.738940 0.849191 0.810995 0.953218
0.597025 0.657825 0.881859 0.585488 0.980418 0.811671 0.621270 0.468974 0.893791 0.570769 0.490037 0.453224 0.943820 0.649201 0.975328 0.793632 0.546244 0.495611 0.535811 0.442243 0.971634 0.881151 0.791524 0.908539 0.759789 0.880439 0.996153 0.842234 0.000000 0.307580 0.510420 0.507553 0.548910 0.376181 0.838817 0.874483 0.977982 0.931392 0.926883 0.896308 0.942170 0.956894 0.977052 0.929528 0.873317 0.853489 0.801569 0.726043 0.999820 0.977723 0.998649 0.975281 0.986774 0.896062 0.861467 0.813404 0.640135 0.726695 0.720644 0.623333 0.533566 0.526805 0.428938 0.462772 0.728648 0.776339 0.676000 0.621262 0.950246 0.783553 0.761921 0.807619 0.670489 0.542073 0.914943 0.935080 0.934165 0.791789 0.812182 0.814664 0.612141 0.614581 0.770989 0.631145 0.826669 0.881358 0.969319 0.909491 0.939047 0.823153 0.886264 0.850112 0.953150 0.745823 0.691914 0.887716 0.914251 0.942086 0.764779 0.745761 0.601016 0.930833 0.593257 0.677617 0.938568 0.779143 0.918377 0.878129 0.943691 0.787078 0.765396 0.718521 0.761277 0.804531 0.981383 0.917249
0.611261 0.619256 0.894598 0.573490 0.945885 0.827947 0.648655 0.461855 0.961223 0.552155 0.457734 0.431427 0.993054 0.638525 0.984276 0.747874 0.530954 0.449283 0.547135 0.452035 0.993392 0.916106 0.816055 0.873657 0.796909 0.838837 0.978443 0.853513 0.307580 0.000000 0.478360 0.479629 0.470653 0.342556 0.783556 0.988527 0.959874 0.951295 0.976625 0.986563 0.924010 0.914284 0.946432 0.951672 0.934401 0.908417 0.874942 0.790850 0.913324 0.981004 0.911168 0.952843 0.933441 0.852596 0.880930 0.792348 0.582725 0.692617 0.705091 0.558267 0.541883 0.521324 0.433530 0.440173 0.728914 0.740353 0.692464 0.586120 0.919633 0.708624 0.773458 0.843031 0.641416 0.570400 0.960008 0.939811 0.944615 0.753412 0.815684 0.866064 0.592879 0.616337 0.659789 0.624780 0.853799 0.894531 0.951620 0.881300 0.940588 0.834221 0.920626 0.793580 0.984288 0.676085 0.736194 0.862618 0.947759 0.986968 0.841321 0.755425 0.703072 0.940819 0.611548 0.685840 0.896901 0.797512 0.915560 0.914482 0.969217 0.838576 0.835208 0.745917 0.796981 0.900326 0.907179 0.978164
0.710500 0.631436 0.705205 0.643247 0.845341 0.857654 0.587878 0.593792 0.976262 0.734613 0.639653 0.784134 0.799130 0.872041 0.861001 0.961756 0.655337 0.620612 0.668615 0.563102 0.859059 0.983636 0.885197 0.982288 0.972547 0.798334 0.926205 0.886246 0.510420 0.478360 0.000000 0.509559 0.560436 0.436349 0.824186 0.792641 0.876888 0.737742 0.972377 0.949436 0.888653 0.944609 0.758360 0.671749 0.777221 0.726933 0.776989 0.721690 0.912143 0.794212 0.804702 0.702000 0.810581 0.737932 0.992426 0.948029 0.648736 0.670854 0.658882 0.562427 0.654777 0.677899 0.611132 0.563802 0.875504 0.837332 0.587309 0.464996 0.962327 0.799400 0.746118 0.717174 0.616166 0.582242 0.880359 0.765764 0.908190 0.692018 0.775457 0.718920 0.709141 0.754929 0.775431 0.719385 0.964190 0.953188 0.930605 0.963131 0.936625 0.953116 0.752959 0.936309 0.802101 0.978948 0.758433 0.904737 0.996164 0.978948 0.738488 0.607901 0.650995 0.874997 0.658750 0.698141 0.813776 0.758278 0.851308 0.889714 0.984285 0.817387 0.853915 0.689829 0.693432 0.856949 0.848927 0.998758
0.813154 0.750452 0.891145 0.675087 0.939996 0.945286 0.730770 0.647415 0.908472 0.746006 0.756733 0.709224 0.925887 0.720385 0.984003 0.848833 0.790852 0.694138 0.543938 0.622209 0.988200 0.751322 0.656162 0.784241 0.879829 0.910723 0.887005 0.782122 0.507553 0.479629 0.509559 0.000000 0.637267 0.570509 0.800422 0.819706 0.842511 0.953622 0.942244 0.810812 0.973106 0.934119 0.881579 0.813243 0.770134 0.788726 0.899360 0.698614 0.911499 0.823342 0.977888 0.913962 0.827657 0.889483 0.937841 0.992047 0.778375 0.853907 0.921989 0.751630 0.802489 0.799865 0.689862 0.689465 0.827916 0.972348 0.913069 0.711738 0.947420 0.835414 0.648562 0.674813 0.658192 0.563564 0.998960 0.845938 0.827405 0.809244 0.971204 0.705863 0.846197 0.833479 0.754404 0.906093 0.881142 0.999272 0.892468 0.921341 0.852696 0.938738 0.810839 0.992009 0.821694 0.940846 0.850736 0.865315 0.962390 0.883062 0.798238 0.673098 0.706777 0.961742 0.705462 0.797312 0.916737 0.824422 0.996390 0.895134 0.985281 0.923605 0.821985 0.829937 0.722606 0.915032 0.892363 0.974886
0.438202 0.550904 0.655254 0.538173 0.923764 0.757147 0.548259 0.556838 0.940044 0.631612 0.541443 0.615588 0.981028 0.840467 0.997707 0.903862 0.525693 0.417235 0.585240 0.478852 0.819914 0.965416 0.875242 0.954955 0.930310 0.991231 0.960115 0.950610 0.548910 0.470653 0.560436 0.637267 0.000000 0.432876 0.712266 0.956568 0.683549 0.708317 0.923562 0.803006 0.771313 0.774139 0.874068 0.740110 0.775718 0.713419 0.588802 0.595893 0.846671 0.764228 0.749658 0.689636 0.805396 0.872141 0.686965 0.705084 0.432945 0.487785 0.453496 0.447053 0.520656 0.620666 0.453929 0.426471 0.923091 0.824633 0.526717 0.555761 0.729103 0.634128 0.853722 0.824131 0.601301 0.678010 0.999279 0.905220 0.860343 0.745762 0.659030 0.775130 0.468544 0.483231 0.635573 0.485831 0.714621 0.842472 0.962261 0.954373 0.911065 0.624397 0.745075 0.967741 0.836250 0.978945 0.965198 0.834293 0.674996 0.926926 0.696305 0.660017 0.723664 0.912716 0.498766 0.598244 0.679657 0.648639 0.937515 0.834421 0.837093 0.683639 0.901488 0.699043 0.728377 0.852610 0.726774 0.952924
0.461275 0.490395 0.787591 0.514236 0.965436 0.727059 0.454746 0.327308 0.964995 0.467016 0.432865 0.399860 0.989843 0.765209 0.967275 0.858849 0.457639 0.403529 0.455372 0.457785 0.996570 0.913906 0.809689 0.999478 0.763999 0.909845 0.860360 0.763091 0.376181 0.342556 0.436349 0.570509 0.432876 0.000000 0.717104 0.944264 0.870053 0.823118 0.997582 0.982392 0.790385 0.821956 0.874454 0.803416 0.725397 0.685463 0.721380 0.633917 0.870560 0.854632 0.877963 0.825777 0.884114 0.995864 0.701202 0.719510 0.513033 0.544955 0.551042 0.465201 0.382074 0.412580 0.338435 0.299679 0.771349 0.728248 0.529358 0.484072 0.835478 0.643654 0.721902 0.773513 0.579595 0.520158 0.932020 0.897379 0.906034 0.649134 0.826513 0.834448 0.489268 0.512867 0.688505 0.538148 0.803621 0.909076 0.972353 0.981432 0.976561 0.722136 0.694367 0.988303 0.779852 0.885792 0.641039 0.905710 0.803003 0.946810 0.590325 0.550719 0.618135 0.918967 0.450893 0.563523 0.710569 0.628110 0.996456 0.925719 0.910582 0.754363 0.846445 0.605601 0.735175 0.811131 0.857322 0.916355
0.708587 0.798096 0.681455 0.812728 0.966853 0.963046 0.875244 0.877682 0.979131 0.946270 0.772019 0.806668 0.897568 0.825214 0.891513 0.974417 0.768941 0.722174 0.822823 0.805725 0.893437 0.963427 0.939681 0.971779 0.874343 0.841373 0.863407 0.982798 0.838817 0.783556 0.824186 0.800422 0.712266 0.717104 0.000000 0.976826 0.865988 0.848633 0.946505 0.936902 0.720756 0.721430 0.929239 0.830115 0.892898 0.846451 0.808639 0.801669 0.874419 0.871443 0.853754 0.865004 0.975447 0.944177 0.833744 0.788989 0.718251 0.717194 0.731042 0.797713 0.814301 0.923656 0.670732 0.682438 0.808929 0.999422 0.717799 0.799341 0.865647 0.832088 0.985965 0.896640 0.849599 0.876616 0.884606 0.812012 0.985467 0.905577 0.920771 0.869434 0.726961 0.811524 0.738139 0.735576 0.854815 0.874913 0.801392 0.992567 0.852311 0.747754 0.956817 0.931432 0.936566 0.955007 0.810560 0.904519 0.983169 0.931548 0.868655 0.841316 0.861100 0.900690 0.757547 0.880464 0.831067 0.719810 0.988957 0.843687 0.972846 0.999278 0.867352 0.935622 0.982858 0.928721 0.927860 0.920559
0.984969 0.939834 0.952840 0.948377 0.881535 0.958576 0.882034 0.943779 0.996702 0.992439 0.953851 0.950974 0.907771 0.977236 0.952259 0.891698 0.986118 0.955804 0.866484 0.941187 0.984385 0.885829 0.978611 0.941661 0.946812 0.905270 0.901521 0.938390 0.874483 0.988527 0.792641 0.819706 0.956568 0.944264 0.976826 0.000000 0.984055 0.990661 0.839944 0.746433 0.985037 0.919918 0.728931 0.781648 0.720754 0.713682 0.868260 0.801902 0.723606 0.685260 0.790517 0.738771 0.698847 0.707289 0.945223 0.943017 0.992958 0.978614 0.942558 0.915535 0.974288 0.949062 0.968784 0.972228 0.964409 0.890770 0.890873 0.803466 0.897525 0.990871 0.876414 0.851416 0.972286 0.848714 0.921701 0.858424 0.882987 0.900938 0.903453 0.902224 0.972289 0.981535 0.962431 0.949210 0.982531 0.890853 0.874808 0.873698 0.793742 0.991435 0.795391 0.808758 0.788559 0.804258 0.843258 0.998776 0.895982 0.766320 0.767856 0.741266 0.875543 0.962031 0.870424 0.821170 0.988841 0.996475 0.919491 0.916386 0.996252 0.926830 0.959696 0.851612 0.820868 0.921515 0.878597 0.892505
0.541005 0.619158 0.550305 0.637306 0.920698 0.945824 0.732253 0.903373 0.971026 0.981218 0.861148 0.990705 0.997488 0.912635 0.891604 0.869630 0.731144 0.644148 0.831802 0.724835 0.932074 0.775672 0.974359 0.894056 0.776096 0.739557 0.821530 0.801146 0.977982 0.959874 0.876888 0.842511 0.683549 0.870053 0.865988 0.984055 0.000000 0.465191 0.799934 0.687364 0.753072 0.617352 0.704076 0.698111 0.870821 0.794443 0.673209 0.701395 0.736906 0.624969 0.586022 0.499460 0.652427 0.732455 0.653991 0.598766 0.548493 0.490214 0.513933 0.655436 0.903451 0.996814 0.824613 0.750944 0.770689 0.929285 0.659929 0.856025 0.567459 0.587837 0.898969 0.773811 0.970036 0.940428 0.936430 0.896636 0.937368 0.736990 0.776304 0.834802 0.665461 0.606502 0.762103 0.589304 0.648852 0.888468 0.972233 0.918403 0.797211 0.528646 0.742236 0.796595 0.711458 0.782571 0.870445 0.861467 0.675610 0.790875 0.757280 0.776862 0.924470 0.837496 0.595788 0.642330 0.574715 0.641835 0.829910 0.621287 0.902974 0.734976 0.993139 0.856481 0.837888 0.939911 0.770506 0.803136
0.655262 0.634744 0.653884 0.785377 0.675595 0.903625 0.776381 0.936029 0.993940 0.987389 0.906033 0.973256 0.957702 0.933812 0.975679 0.837778 0.827838 0.771029 0.861978 0.761585 0.815072 0.741374 0.966034 0.867082 0.779141 0.691648 0.946923 0.808318 0.931392 0.951295 0.737742 0.953622 0.708317 0.823118 0.848633 0.990661 0.465191 0.000000 0.912685 0.781691 0.734148 0.722759 0.678840 0.659514 0.820063 0.764065 0.672777 0.714033 0.729094 0.666504 0.595024 0.521524 0.673175 0.703155 0.788834 0.784861 0.593919 0.629432 0.598700 0.716039 0.924042 0.981030 0.909243 0.864481 0.827098 0.995143 0.665927 0.790942 0.719555 0.762686 0.893871 0.711000 0.941061 0.945007 0.884552 0.951697 0.999938 0.790320 0.818824 0.697194 0.781451 0.752663 0.922139 0.733707 0.846196 0.896016 0.959127 0.909733 0.792684 0.725318 0.820409 0.786690 0.706323 0.774714 0.909398 0.849885 0.690109 0.890783 0.781761 0.757387 0.908621 0.814436 0.761632 0.736748 0.669195 0.646494 0.728868 0.620952 0.974990 0.642746 0.991248 0.882645 0.853092 0.796056 0.762315 0.920964
