0.000000 0.298579 0.871596 0.702078 0.971015 0.753982 0.946550 0.862296 0.786416 0.709452 0.521411 0.381448 0.473705 0.453907 0.733696 0.632575 0.415073 0.331487 0.476544 0.362483 0.881078 0.712792 0.827013 0.691396 0.728465 0.943040 0.712350 0.893431 0.808100 0.629147 0.763075 0.972649 0.884767 0.808458 0.920708 0.938380 0.805936 0.578453 0.835116 0.658803 0.805606 0.995185 0.960459 0.844995 0.926598 0.875584 0.728734 0.704333 0.832320 0.541766 0.788602 0.618859 0.970534 0.731931 0.631571 0.749825 0.330451 0.315668 0.537809 0.492254 0.839945 0.937968 0.577121 0.510833 0.802119 0.891633 0.997587 0.989534 0.362032 0.433714 0.819982 0.769939 0.775385 0.940708 0.822329 0.738260 0.938785 0.901609 0.797669 0.606649 0.349696 0.315920 0.524694 0.403562 0.565471 0.599024 0.620821 0.710805 0.700393 0.534487 0.844481 0.858714 0.932869 0.998478 0.843155 0.994650 0.882824 0.966447 0.986672 0.878067 0.758921 0.881618 0.954086 0.975666 0.941926 0.992516 0.897631 0.830491 0.967944 0.844502 0.996234 0.867902 0.914082 0.927067 0.888544 0.938985
0.298579 0.000000 0.769854 0.606431 0.916781 0.833155 0.868256 0.807623 0.839048 0.713825 0.616215 0.398282 0.429165 0.410515 0.665769 0.513094 0.413931 0.338521 0.464907 0.352764 0.852260 0.732760 0.680902 0.585803 0.631456 0.971125 0.660258 0.897179 0.758611 0.614169 0.834952 0.953576 0.843319 0.771442 0.868155 0.959552 0.833094 0.576542 0.765909 0.637993 0.856855 0.921969 0.880305 0.767193 0.973094 0.832292 0.663552 0.644606 0.818434 0.488661 0.722814 0.530439 0.886602 0.748459 0.598059 0.757074 0.275689 0.236638 0.508419 0.378295 0.739890 0.840872 0.572523 0.466144 0.698358 0.788336 0.907578 0.914400 0.427457 0.445691 0.824453 0.770841 0.781216 0.985803 0.843071 0.826566 0.918780 0.960669 0.739918 0.644372 0.361667 0.334551 0.458616 0.416543 0.447316 0.477212 0.635800 0.610465 0.655151 0.519708 0.804991 0.794283 0.969512 0.919473 0.765165 0.967666 0.904349 0.994090 0.944121 0.901822 0.765770 0.832572 0.957408 0.950423 0.884171 0.932647 0.979183 0.857572 0.899257 0.807551 0.905111 0.923429 0.999520 0.879309 0.742169 0.913769
0.871596 0.769854 0.000000 0.302870 0.695309 0.938341 0.335241 0.402515 0.531492 0.994274 0.956083 0.856574 0.607199 0.810115 0.748025 0.732987 0.935109 0.963092 0.732021 0.818114 0.808821 0.930552 0.444353 0.497243 0.407781 0.422556 0.848504 0.905431 0.875817 0.860221 0.620221 0.771533 0.526828 0.629689 0.612042 0.781577 0.573846 0.729537 0.733290 0.961487 0.861448 0.969969 0.806794 0.782287 0.792774 0.831898 0.763777 0.817027 0.786692 0.981257 0.938601 0.980211 0.926884 0.935781 0.711246 0.972069 0.823123 0.874010 0.773391 0.809630 0.362412 0.476522 0.928997 0.959801 0.301603 0.271383 0.465722 0.479599 0.758825 0.942302 0.694297 0.661311 0.776669 0.759662 0.987691 0.823755 0.821152 0.740205 0.980952 0.997991 0.944954 0.962965 0.830272 0.933198 0.518198 0.439339 0.790329 0.871847 0.679356 0.710127 0.748244 0.930437 0.624059 0.914960 0.752177 0.994283 0.858524 0.935653 0.852527 0.829643 0.809593 0.946163 0.816634 0.877739 0.591268 0.859898 0.955853 0.895052 0.718617 0.845757 0.767459 0.886964 0.902333 0.975114 0.775447 0.973858
0.702078 0.606431 0.302870 0.000000 0.676499 0.989006 0.447089 0.388492 0.640521 0.962665 0.892404 0.651891 0.479941 0.631140 0.616470 0.531270 0.903288 0.856294 0.567125 0.622689 0.865542 0.826662 0.344858 0.383707 0.411566 0.540095 0.701099 0.912094 0.998597 0.980550 0.745419 0.752908 0.618798 0.672370 0.625331 0.796378 0.559584 0.672126 0.707309 0.836468 0.872943 0.987325 0.799930 0.732216 0.863611 0.808129 0.728605 0.700015 0.879383 0.862352 0.985422 0.858045 0.895761 0.974339 0.685694 0.969474 0.686562 0.694268 0.670052 0.684015 0.430765 0.488274 0.993459 0.799249 0.301429 0.330892 0.529183 0.576954 0.627668 0.836702 0.659496 0.717130 0.855863 0.841916 0.995802 0.831954 0.772456 0.782015 0.883519 0.880631 0.849294 0.803028 0.710331 0.768145 0.438633 0.386302 0.670091 0.788456 0.608674 0.616422 0.812992 0.926757 0.687397 0.915910 0.742200 0.994189 0.804431 0.914231 0.832814 0.789538 0.878174 0.915959 0.873577 0.803710 0.575263 0.742390 0.979620 0.877966 0.687131 0.755107 0.801655 0.827459 0.933672 0.991269 0.747179 0.979871
0.971015 0.916781 0.695309 0.676499 0.000000 0.895013 0.761993 0.783763 0.758461 0.961727 0.934821 0.931797 0.747572 0.957012 0.752154 0.873589 0.892531 0.926811 0.928436 0.898333 0.933748 0.991124 0.592842 0.670563 0.678428 0.675835 0.672830 0.879963 0.923865 0.859753 0.846099 0.963487 0.878802 0.954293 0.942080 0.901488 0.816967 0.930511 0.925433 0.918797 0.920081 0.908000 0.972541 0.979584 0.958514 0.912876 0.947140 0.951040 0.817503 0.907707 0.928756 0.987190 0.869649 0.994318 0.979901 0.992751 0.997518 0.963161 0.961223 0.989148 0.773365 0.827101 0.932836 0.970434 0.641162 0.700471 0.757756 0.849072 0.864387 0.948911 0.761976 0.944608 0.897900 0.978747 0.967596 0.941183 0.928391 0.967314 0.863695 0.994735 0.932635 0.943241 0.873651 0.976822 0.718958 0.694067 0.838603 0.814655 0.930458 0.867774 0.902758 0.997593 0.801269 0.917578 0.846985 0.998692 0.920430 0.881640 0.997977 0.989604 0.965640 0.911349 0.827343 0.831416 0.873382 0.799289 0.997808 0.934862 0.993050 0.889495 0.879049 0.958047 0.908620 0.897882 0.951050 0.900826
0.753982 0.833155 0.938341 0.989006 0.895013 0.000000 0.835121 0.783075 0.833453 0.717789 0.955384 0.932002 0.806023 0.804581 0.854366 0.919067 0.704495 0.736398 0.865636 0.798759 0.976919 0.717691 0.948704 0.882089 0.906394 0.919824 0.769253 0.993757 0.999776 0.936265 0.838896 0.944054 0.851192 0.758780 0.986799 0.875216 0.992294 0.865988 0.925560 0.798844 0.964698 0.980320 0.762294 0.832863 0.675876 0.815485 0.952463 0.926932 0.798165 0.997165 0.854542 0.999942 0.850646 0.812320 0.967476 0.952942 0.712126 0.730742 0.950543 0.981597 0.855102 0.781353 0.917117 0.956565 0.949649 0.868496 0.709727 0.764141 0.787223 0.801247 0.793502 0.889162 0.742613 0.861067 0.912674 0.874205 0.962666 0.752683 0.919510 0.963665 0.828161 0.748381 0.664397 0.753596 0.831347 0.882112 0.798816 0.891571 0.695922 0.633333 0.742956 0.860781 0.793659 0.996755 0.981187 0.932322 0.752147 0.943955 0.783827 0.728947 0.707155 0.976018 0.990005 0.794024 0.890236 0.857800 0.936987 0.905657 0.984822 0.937379 0.850795 0.837152 0.776791 0.862195 0.979144 0.877210
0.946550 0.868256 0.335241 0.447089 0.761993 0.835121 0.000000 0.351169 0.522575 0.831477 0.938357 0.809038 0.743952 0.875461 0.839039 0.814883 0.971070 0.892359 0.787425 0.879927 0.830209 0.968893 0.572588 0.686907 0.594497 0.505203 0.970698 0.937461 0.970693 0.975489 0.488069 0.610001 0.398626 0.489675 0.584863 0.706034 0.667938 0.840701 0.830804 0.991167 0.990534 0.978099 0.579583 0.617081 0.516747 0.586957 0.640687 0.682046 0.949594 0.828035 0.826178 0.838778 0.699491 0.832882 0.794254 0.930456 0.935765 0.974045 0.654644 0.740686 0.300502 0.409674 0.910725 0.824457 0.497918 0.370120 0.337588 0.311893 0.941501 0.960071 0.718678 0.653023 0.617841 0.702511 0.977184 0.754149 0.742144 0.606407 0.960094 0.874057 0.977113 0.989826 0.886002 0.967699 0.684714 0.611533 0.924406 0.927759 0.874960 0.900316 0.682701 0.995961 0.651784 0.955342 0.752213 0.902663 0.741579 0.834875 0.637609 0.642287 0.606238 0.935353 0.993952 0.925050 0.549676 0.765938 0.854344 0.809569 0.682803 0.867112 0.703119 0.834372 0.765507 0.927354 0.651970 0.946620
0.862296 0.807623 0.402515 0.388492 0.783763 0.783075 0.351169 0.000000 0.526698 0.676935 0.849432 0.663688 0.696892 0.768865 0.823807 0.686799 0.997702 0.920736 0.667841 0.748356 0.958144 0.897690 0.611948 0.717433 0.653827 0.578704 0.966046 0.953329 0.943922 0.921790 0.563402 0.585697 0.476020 0.441734 0.713695 0.829287 0.511190 0.738176 0.829829 0.901550 0.877421 0.946618 0.483686 0.464227 0.584109 0.538931 0.508430 0.496049 0.875523 0.693768 0.729285 0.695526 0.714881 0.702640 0.734899 0.924883 0.890867 0.926518 0.599851 0.681286 0.382368 0.297372 0.993864 0.753162 0.587099 0.368035 0.493950 0.388567 0.817610 0.927699 0.622662 0.586832 0.663481 0.755530 0.966035 0.818610 0.689172 0.613768 0.954248 0.815042 0.927121 0.986722 0.910645 0.972832 0.780268 0.678278 0.920125 0.987934 0.874041 0.941178 0.650913 0.956919 0.735767 0.981214 0.816684 0.864791 0.710723 0.897446 0.565942 0.523141 0.554229 0.951282 0.865089 0.878098 0.511626 0.787317 0.949605 0.732226 0.675092 0.777693 0.723043 0.738421 0.726042 0.831262 0.675876 0.973781
0.786416 0.839048 0.531492 0.640521 0.758461 0.833453 0.522575 0.526698 0.000000 0.648811 0.922077 0.849341 0.958646 0.867031 0.935886 0.993024 0.784399 0.654209 0.986075 0.846880 0.978705 0.909583 0.758640 0.906617 0.717301 0.478413 0.934333 0.977687 0.947152 0.811646 0.461792 0.647081 0.522365 0.667431 0.682641 0.916787 0.752154 0.976684 0.929053 0.968691 0.996396 0.842100 0.652162 0.698906 0.633493 0.718043 0.775287 0.815751 0.960738 0.996627 0.899364 0.999291 0.802215 0.762830 0.917003 0.971640 0.835419 0.727085 0.882243 0.959864 0.539869 0.542354 0.851317 0.925748 0.687998 0.571622 0.563173 0.500113 0.969082 0.833040 0.707152 0.607943 0.552275 0.677115 0.990829 0.876376 0.837149 0.715111 0.980025 0.864891 0.690209 0.634380 0.946466 0.747878 0.941751 0.871217 0.927493 0.982388 0.943156 0.921781 0.631061 0.999325 0.740642 0.969343 0.874911 0.946784 0.910184 0.883298 0.643037 0.669503 0.596841 0.973193 0.954679 0.843037 0.668206 0.773910 0.852007 0.737653 0.775413 0.938457 0.724726 0.711127 0.763752 0.901298 0.800319 0.998886
0.709452 0.713825 0.994274 0.962665 0.961727 0.717789 0.831477 0.676935 0.648811 0.000000 0.977079 0.956000 0.664083 0.696877 0.810853 0.837595 0.837501 0.649056 0.840798 0.832587 0.914253 0.916582 0.864276 0.644359 0.809560 0.897579 0.729041 0.948320 0.852407 0.910648 0.599677 0.639352 0.776359 0.637683 0.845838 0.969371 0.848443 0.889871 0.945759 0.997227 0.948402 0.784219 0.488613 0.571349 0.515041 0.504841 0.739254 0.674027 0.611235 0.788426 0.667486 0.888410 0.733380 0.518931 0.933574 0.901333 0.687212 0.633841 0.903159 0.997173 0.838051 0.583851 0.907568 0.902240 0.798551 0.956645 0.828901 0.675961 0.794215 0.856140 0.757149 0.679328 0.583953 0.707660 0.975479 0.872786 0.750671 0.705881 0.952024 0.866278 0.784112 0.602244 0.781201 0.703198 0.621131 0.686905 0.668773 0.744751 0.894103 0.680762 0.751541 0.987818 0.974497 0.830720 0.912076 0.828073 0.800754 0.805873 0.510638 0.538272 0.556394 0.879298 0.639262 0.647311 0.744363 0.817780 0.914643 0.631244 0.888290 0.864919 0.774430 0.649421 0.654535 0.889651 0.866142 0.885429
0.521411 0.616215 0.956083 0.892404 0.934821 0.955384 0.938357 0.849432 0.922077 0.977079 0.000000 0.627476 0.863971 0.748209 0.910771 0.980242 0.603674 0.527952 0.626258 0.589267 0.917650 0.924088 0.877808 0.995177 0.940938 0.838425 0.892711 0.988901 0.696909 0.554022 0.863742 0.887599 0.861190 0.668491 0.867883 0.892402 0.950475 0.770759 0.853265 0.837109 0.837855 0.983465 0.863844 0.775216 0.946226 0.794163 0.767514 0.791654 0.797836 0.629540 0.881354 0.817893 0.904994 0.819463 0.855232 0.893830 0.586528 0.673646 0.650256 0.592841 0.956811 0.989601 0.571427 0.665169 0.948752 0.986359 0.883944 0.865635 0.664209 0.722474 0.854573 0.825782 0.920839 0.992823 0.846775 0.758503 0.914039 0.905759 0.874701 0.765047 0.584544 0.614960 0.755253 0.717351 0.963671 0.980863 0.839059 0.882605 0.876369 0.921136 0.975056 0.961522 0.992001 0.926747 0.839011 0.947773 0.767588 0.821371 0.836362 0.940777 0.994749 0.967053 0.856167 0.756913 0.961404 0.940207 0.871223 0.967636 0.993043 0.868871 0.954046 0.948023 0.861200 0.933715 0.946382 0.947075
0.381448 0.398282 0.856574 0.651891 0.931797 0.932002 0.809038 0.663688 0.849341 0.956000 0.627476 0.000000 0.498544 0.500209 0.711983 0.555386 0.513375 0.459784 0.497951 0.356921 0.948526 0.651798 0.776626 0.709493 0.782741 0.959799 0.748478 0.964953 0.679470 0.506222 0.940793 0.898233 0.797014 0.650108 0.938844 0.972583 0.684943 0.538706 0.837852 0.664842 0.882016 0.989273 0.790412 0.706207 0.884419 0.700919 0.649623 0.524450 0.684696 0.485565 0.668905 0.536923 0.838346 0.945401 0.683503 0.784217 0.467670 0.402343 0.559342 0.458718 0.719067 0.698339 0.565715 0.391024 0.828482 0.808352 0.904646 0.832816 0.502921 0.538146 0.965265 0.914780 0.861857 0.945851 0.948711 0.905501 0.862943 0.939639 0.796462 0.560298 0.370244 0.413222 0.608928 0.490463 0.667691 0.662904 0.652267 0.760078 0.842633 0.726753 0.869926 0.890799 0.900133 0.820598 0.891037 0.882296 0.755693 0.892520 0.913017 0.917483 0.988329 0.922226 0.867599 0.902825 0.814602 0.862013 0.852125 0.919795 0.869289 0.766959 0.908596 0.969256 0.967909 0.765135 0.829591 0.958585
0.473705 0.429165 0.607199 0.479941 0.747572 0.806023 0.743952 0.696892 0.958646 0.664083 0.863971 0.498544 0.000000 0.335971 0.414590 0.383768 0.632550 0.554686 0.446099 0.492929 0.895769 0.632672 0.433137 0.403205 0.591900 0.908280 0.599640 0.970518 0.908567 0.838677 0.904668 0.982775 0.865842 0.895718 0.988807 0.944657 0.799568 0.729583 0.914546 0.824273 0.862496 0.921706 0.981883 0.868357 0.866126 0.993600 0.801800 0.798505 0.894857 0.772708 0.937922 0.659297 0.903877 0.924046 0.814740 0.851151 0.471944 0.430439 0.725988 0.593948 0.657201 0.749360 0.798479 0.650249 0.515842 0.625768 0.917928 0.955188 0.610388 0.638423 0.872391 0.980684 0.901599 0.963396 0.897792 0.987588 0.906068 0.954726 0.857311 0.619873 0.576663 0.493933 0.606121 0.571390 0.406335 0.458331 0.563400 0.643503 0.751242 0.577044 0.980247 0.920663 0.871466 0.899651 0.880116 0.937439 0.851977 0.986347 0.943990 0.937170 0.871696 0.993046 0.913875 0.834496 0.807115 0.914824 0.975269 0.912554 0.867153 0.876961 0.909081 0.982359 0.970078 0.918364 0.832076 0.984164
0.453907 0.410515 0.810115 0.631140 0.957012 0.804581 0.875461 0.768865 0.867031 0.696877 0.748209 0.500209 0.335971 0.000000 0.462949 0.341429 0.504803 0.461238 0.441599 0.518894 0.974968 0.632219 0.595984 0.519194 0.790062 0.940875 0.658996 0.941000 0.740882 0.654885 0.820812 0.909921 0.911956 0.845292 0.957191 0.909474 0.915339 0.789796 0.973599 0.828753 0.992906 0.813587 0.889482 0.736379 0.919341 0.879052 0.687258 0.722152 0.966291 0.654219 0.801149 0.550336 0.838740 0.930542 0.890632 0.845560 0.401702 0.403084 0.609314 0.502835 0.736435 0.826492 0.671040 0.565793 0.721703 0.757066 0.999537 0.986403 0.693257 0.675124 0.906105 0.807243 0.886239 0.974943 0.878164 0.975343 0.967560 0.977647 0.716213 0.517183 0.471579 0.444564 0.517102 0.538977 0.534904 0.562018 0.616863 0.659047 0.795927 0.664323 0.917634 0.968290 0.934792 0.980444 0.885943 0.906467 0.906745 0.989769 0.991464 0.921973 0.886505 0.936031 0.966473 0.996202 0.908475 0.954631 0.968656 0.814904 0.874360 0.882213 0.887511 0.992869 0.992333 0.857548 0.767866 0.944210
0.733696 0.665769 0.748025 0.616470 0.752154 0.854366 0.839039 0.823807 0.935886 0.810853 0.910771 0.711983 0.414590 0.462949 0.000000 0.336838 0.698310 0.722787 0.622855 0.751062 0.983586 0.746420 0.411194 0.472047 0.686286 0.963880 0.628038 0.898601 0.804687 0.898420 0.995029 0.869570 0.910973 0.921582 0.930524 0.994365 0.878255 0.786970 0.987586 0.989408 0.969813 0.898357 0.920251 0.858816 0.957749 0.947375 0.819929 0.858449 0.920449 0.879130 0.922048 0.719454 0.771934 0.940344 0.942656 0.868833 0.615532 0.618271 0.776144 0.751199 0.711661 0.758213 0.828877 0.690235 0.569963 0.716401 0.975233 0.995803 0.812701 0.864858 0.845962 0.926350 0.948472 0.910032 0.917711 0.952166 0.964880 0.848031 0.742011 0.713302 0.742944 0.724143 0.624941 0.687800 0.472990 0.541892 0.702666 0.622231 0.764117 0.679988 0.908584 0.956722 0.924305 0.975278 0.910720 0.892389 0.850700 0.996244 0.978380 0.888168 0.860630 0.888446 0.917967 0.831027 0.773959 0.829724 0.932727 0.990770 0.825161 0.891606 0.901578 0.899578 0.903346 0.954689 0.866668 0.952395
0.632575 0.513094 0.732987 0.531270 0.873589 0.919067 0.814883 0.686799 0.993024 0.837595 0.980242 0.555386 0.383768 0.341429 0.336838 0.000000 0.615602 0.619794 0.553384 0.616784 0.950985 0.666626 0.422318 0.431758 0.694417 0.966053 0.696965 0.866049 0.771301 0.752350 0.969904 0.833475 0.868814 0.831663 0.956481 0.977395 0.827714 0.756144 0.883755 0.905459 0.966145 0.873650 0.792988 0.683652 0.991858 0.809849 0.657023 0.655517 0.970932 0.689530 0.757653 0.548200 0.676021 0.912196 0.880145 0.851739 0.506135 0.484370 0.622432 0.555812 0.667030 0.672634 0.790074 0.559088 0.610280 0.677024 0.953885 0.941872 0.747808 0.763333 0.900647 0.936358 0.911125 0.901528 0.998120 0.880718 0.897074 0.782469 0.688998 0.649387 0.606472 0.616288 0.560433 0.559050 0.473518 0.494571 0.695797 0.675480 0.707962 0.668719 0.928278 0.977029 0.933944 0.911479 0.890972 0.956442 0.862345 0.954873 0.986441 0.818182 0.953228 0.886394 0.990356 0.904503 0.714769 0.797790 0.983193 0.960345 0.756891 0.866454 0.818996 0.868021 0.870687 0.794558 0.700071 0.958672
0.415073 0.413931 0.935109 0.903288 0.892531 0.704495 0.971070 0.997702 0.784399 0.837501 0.603674 0.513375 0.632550 0.504803 0.698310 0.615602 0.000000 0.353029 0.562911 0.441019 0.986096 0.751859 0.898884 0.800195 0.895932 0.785962 0.806774 0.949043 0.604116 0.494058 0.823627 0.943064 0.891319 0.777295 0.968543 0.943974 0.956415 0.664216 0.917529 0.672441 0.857081 0.972582 0.857247 0.735180 0.996147 0.768597 0.673631 0.648368 0.660887 0.474024 0.649375 0.511802 0.852312 0.890462 0.734907 0.618741 0.360656 0.351276 0.573220 0.419127 0.963615 0.980424 0.435375 0.395122 0.981739 0.854207 0.908251 0.957181 0.570921 0.497883 0.688446 0.698113 0.841562 0.982671 0.901699 0.800006 0.910907 0.974658 0.627009 0.623882 0.293242 0.361613 0.464092 0.413478 0.709479 0.780029 0.739782 0.606662 0.756280 0.673563 0.710523 0.854114 0.719067 0.854701 0.776126 0.935876 0.927113 0.824797 0.963816 0.938840 0.797720 0.929610 0.776778 0.885515 0.998932 0.978527 0.927663 0.874720 0.967803 0.902660 0.907696 0.923656 0.968350 0.961423 0.745359 0.900452
0.331487 0.338521 0.963092 0.856294 0.926811 0.736398 0.892359 0.920736 0.654209 0.649056 0.527952 0.459784 0.554686 0.461238 0.722787 0.619794 0.353029 0.000000 0.502944 0.405475 0.960453 0.735198 0.867923 0.693312 0.870971 0.782992 0.704348 0.914785 0.678328 0.532844 0.653625 0.921125 0.990928 0.903923 0.948480 0.941526 0.993859 0.652379 0.851332 0.706151 0.869085 0.957132 0.939611 0.925618 0.805559 0.974893 0.824455 0.797310 0.843862 0.575354 0.871688 0.690240 0.954328 0.642606 0.715804 0.721205 0.300878 0.283297 0.645868 0.497751 0.963894 0.842712 0.465037 0.462417 0.910884 0.886726 0.877591 0.841385 0.492784 0.464730 0.764982 0.593336 0.675071 0.879676 0.802528 0.773757 0.975127 0.829311 0.656432 0.664836 0.334668 0.299034 0.445454 0.377504 0.605565 0.698840 0.612532 0.605950 0.704397 0.584853 0.680824 0.865435 0.806572 0.947545 0.808383 0.997301 0.897458 0.887806 0.862293 0.811092 0.651078 0.821394 0.927831 0.952769 0.985386 0.982813 0.923840 0.760596 0.920642 0.879353 0.987920 0.816474 0.971262 0.928322 0.910113 0.926202
0.476544 0.464907 0.732021 0.567125 0.928436 0.865636 0.787425 0.667841 0.986075 0.840798 0.626258 0.497951 0.446099 0.441599 0.622855 0.553384 0.562911 0.502944 0.000000 0.443316 0.985545 0.607839 0.657816 0.595607 0.795031 0.947344 0.685427 0.946102 0.755472 0.683057 0.890510 0.835855 0.813436 0.750712 0.944125 0.932818 0.770660 0.703850 0.824121 0.773317 0.716174 0.889675 0.851465 0.750567 0.965519 0.854425 0.668469 0.610568 0.922826 0.629777 0.911321 0.683064 0.965455 0.903948 0.830104 0.836814 0.470159 0.488339 0.677393 0.534162 0.743346 0.803039 0.653239 0.599716 0.725980 0.766179 0.907855 0.894117 0.598843 0.736247 0.890368 0.935545 0.915784 0.964495 0.918568 0.986711 0.882239 0.943622 0.768750 0.609074 0.555049 0.511761 0.597030 0.593971 0.628425 0.685568 0.631218 0.658827 0.790695 0.793189 0.976043 0.972624 0.951684 0.928507 0.784659 0.905339 0.688749 0.925933 0.833895 0.825449 0.949666 0.995015 0.872034 0.923696 0.740926 0.899620 0.852084 0.959957 0.872952 0.663404 0.913981 0.971415 0.878908 0.848570 0.795966 0.968857
0.362483 0.352764 0.818114 0.622689 0.898333 0.798759 0.879927 0.748356 0.846880 0.832587 0.589267 0.356921 0.492929 0.518894 0.751062 0.616784 0.441019 0.405475 0.443316 0.000000 0.931702 0.697241 0.764533 0.665872 0.729676 0.995725 0.662054 0.956202 0.748595 0.614030 0.842213 0.995066 0.849159 0.743820 0.977817 0.998099 0.683174 0.507396 0.784504 0.593630 0.825528 0.975352 0.905855 0.805082 0.917702 0.876885 0.683523 0.643488 0.810206 0.502192 0.807574 0.594825 0.936402 0.868103 0.618124 0.755594 0.399515 0.333608 0.619941 0.485074 0.830872 0.849123 0.649204 0.470024 0.785931 0.860770 0.971850 0.961505 0.419101 0.452720 0.957919 0.858792 0.775525 0.929815 0.901062 0.860029 0.850235 0.911851 0.772874 0.698270 0.388643 0.389243 0.566185 0.431116 0.581291 0.638225 0.660430 0.719365 0.734801 0.626994 0.897362 0.902912 0.951848 0.954562 0.858518 0.906270 0.800436 0.967377 0.989676 0.991397 0.927989 0.965107 0.887608 0.929556 0.848499 0.953044 0.841952 0.999473 0.905806 0.724962 0.990341 0.933656 0.926786 0.937154 0.831010 0.860921
0.881078 0.852260 0.808821 0.865542 0.933748 0.976919 0.830209 0.958144 0.978705 0.914253 0.917650 0.948526 0.895769 0.974968 0.983586 0.950985 0.986096 0.960453 0.985545 0.931702 0.000000 0.958628 0.959153 0.895857 0.863178 0.891573 0.981724 0.967432 0.961763 0.994062 0.909606 0.914411 0.751656 0.876049 0.791366 0.834564 0.888565 0.982507 0.903992 0.929361 0.999693 0.886539 0.984949 0.999987 0.801434 0.897724 0.999798 0.866166 0.905138 0.988186 0.942659 0.977880 0.933895 0.811556 0.814978 0.872657 0.928406 0.884500 0.819191 0.949582 0.713240 0.899176 0.816660 0.945648 0.799762 0.790448 0.727447 0.820346 0.970051 0.990881 0.989735 0.947122 0.910797 0.988995 0.919581 0.944320 0.873560 0.980594 0.838904 0.951089 0.879199 0.854947 0.930817 0.971238 0.758882 0.736246 0.906670 0.885996 0.868071 0.848415 0.961197 0.795557 0.916336 0.967191 0.983760 0.995545 0.975875 0.876030 0.953533 0.876062 0.882803 0.912024 0.951008 0.984386 0.894759 0.940017 0.955657 0.996342 0.987039 0.894089 0.927728 0.867033 0.986318 0.995296 0.923755 0.947640
0.712792 0.732760 0.930552 0.826662 0.991124 0.717691 0.968893 0.897690 0.909583 0.916582 0.924088 0.651798 0.632672 0.632219 0.746420 0.666626 0.751859 0.735198 0.607839 0.697241 0.958628 0.000000 0.783193 0.774569 0.931851 0.932142 0.771062 0.848139 0.894274 0.889861 0.954561 0.948031 0.985663 0.981556 0.879683 0.879468 0.872285 0.791792 0.898375 0.719200 0.948443 0.934925 0.941013 0.849301 0.889112 0.952335 0.844829 0.830243 0.974091 0.747854 0.869103 0.704836 0.853165 0.948101 0.889764 0.834432 0.665097 0.669537 0.913607 0.750135 0.873000 0.907839 0.764632 0.697725 0.906705 0.956692 0.845593 0.904640 0.807305 0.812804 0.933343 0.979350 0.982837 0.941375 0.815305 0.930566 0.856806 0.985279 0.921069 0.718448 0.706482 0.665231 0.741552 0.652640 0.791393 0.818566 0.697442 0.778837 0.805346 0.881387 0.973703 0.940337 0.877889 0.993549 0.928480 0.907979 0.762984 0.937943 0.959258 0.911153 0.995015 0.861244 0.925294 0.995843 0.877245 0.935671 0.820692 0.910874 0.877261 0.810559 0.892740 0.871106 0.968099 0.785396 0.804526 0.894295
0.827013 0.680902 0.444353 0.344858 0.592842 0.948704 0.572588 0.611948 0.758640 0.864276 0.877808 0.776626 0.433137 0.595984 0.411194 0.422318 0.898884 0.867923 0.657816 0.764533 0.959153 0.783193 0.000000 0.320868 0.456653 0.635660 0.621018 0.899520 0.981304 0.963384 0.834682 0.853956 0.773558 0.866927 0.776745 0.865155 0.709117 0.769674 0.858826 0.953967 0.964343 0.927699 0.900938 0.867389 0.997236 0.946612 0.888336 0.852731 0.794405 0.982484 0.963819 0.875408 0.778562 0.994790 0.846202 0.916897 0.733540 0.693356 0.859146 0.779978 0.533030 0.630411 0.997041 0.810995 0.309423 0.470226 0.687194 0.778310 0.787580 0.888014 0.707893 0.815802 0.867925 0.881592 0.941735 0.771809 0.868796 0.848620 0.823368 0.904503 0.891053 0.868564 0.674557 0.773547 0.354899 0.377864 0.682802 0.701554 0.641183 0.600032 0.902915 0.948276 0.786540 0.915164 0.747254 0.959769 0.865896 0.944745 0.971473 0.843384 0.956179 0.890899 0.812397 0.682179 0.652801 0.725514 0.975955 0.960441 0.763010 0.781792 0.843249 0.820917 0.934942 0.951347 0.800389 0.993313
0.691396 0.585803 0.497243 0.383707 0.670563 0.882089 0.686907 0.717433 0.906617 0.644359 0.995177 0.709493 0.403205 0.519194 0.472047 0.431758 0.800195 0.693312 0.595607 0.665872 0.895857 0.774569 0.320868 0.000000 0.419934 0.701929 0.535423 0.844499 0.942562 0.974295 0.937249 0.906739 0.795849 0.905026 0.836547 0.851428 0.787918 0.773348 0.733041 0.940681 0.905065 0.923527 0.915084 0.982031 0.850739 0.917467 0.947333 0.903820 0.725107 0.965241 0.853544 0.924305 0.950557 0.779297 0.761179 0.956458 0.616682 0.572779 0.846121 0.731351 0.641273 0.792951 0.895140 0.794073 0.363607 0.547874 0.823931 0.887388 0.646453 0.853095 0.858136 0.958093 0.969956 0.991487 0.965867 0.892902 0.928158 0.916720 0.780056 0.796720 0.762008 0.667134 0.615668 0.606356 0.331550 0.338240 0.580776 0.645218 0.562207 0.537003 0.889189 0.838450 0.919366 0.973678 0.758188 0.875303 0.945685 0.984189 0.850638 0.945506 0.848943 0.903030 0.743413 0.680903 0.756799 0.889762 0.912720 0.899141 0.916924 0.906087 0.929428 0.968191 0.938814 0.972074 0.880034 0.997738
0.728465 0.631456 0.407781 0.411566 0.678428 0.906394 0.594497 0.653827 0.717301 0.809560 0.940938 0.782741 0.591900 0.790062 0.686286 0.694417 0.895932 0.870971 0.795031 0.729676 0.863178 0.931851 0.456653 0.419934 0.000000 0.413185 0.624803 0.844871 0.880393 0.827225 0.749259 0.899708 0.643971 0.801007 0.700223 0.845243 0.591864 0.621916 0.674333 0.849558 0.867668 0.981653 0.994703 0.961964 0.968382 0.984175 0.887342 0.875154 0.801886 0.948505 0.934420 0.958115 0.992627 0.753088 0.619096 0.888571 0.700673 0.686123 0.806979 0.772320 0.545110 0.679096 0.961473 0.887885 0.335330 0.466521 0.670344 0.696412 0.554610 0.739215 0.938660 0.808365 0.957865 0.879944 0.985494 0.938767 0.922853 0.951137 0.913206 0.962131 0.910363 0.811057 0.667493 0.717094 0.367863 0.326140 0.743247 0.739151 0.569998 0.474142 0.930020 0.647418 0.867439 0.896204 0.726344 0.964152 0.931951 0.972469 0.887699 0.855109 0.892106 0.813010 0.743134 0.747826 0.767667 0.894358 0.989253 0.943875 0.874215 0.916927 0.863667 0.924099 0.925152 0.907103 0.857437 0.985328
0.943040 0.971125 0.422556 0.540095 0.675835 0.919824 0.505203 0.578704 0.478413 0.897579 0.838425 0.959799 0.908280 0.940875 0.963880 0.966053 0.785962 0.782992 0.947344 0.995725 0.891573 0.932142 0.635660 0.701929 0.413185 0.000000 0.907740 0.828626 0.750823 0.726013 0.505395 0.806056 0.558749 0.708638 0.702198 0.728312 0.596092 0.806226 0.722087 0.884308 0.953437 0.846951 0.835660 0.863621 0.759541 0.843473 0.839637 0.907916 0.847181 0.963267 0.990603 0.975048 0.915916 0.949618 0.747214 0.986860 0.956592 0.944837 0.900042 0.984363 0.512511 0.586171 0.765564 0.901350 0.482734 0.447562 0.548263 0.515960 0.813397 0.930664 0.824839 0.662524 0.716207 0.767438 0.974455 0.915612 0.948321 0.876077 0.904110 0.861751 0.782253 0.791093 0.901409 0.886878 0.661261 0.575570 0.961235 0.965335 0.764511 0.737466 0.864095 0.728342 0.795269 0.881675 0.848838 0.945040 0.898677 0.980324 0.913856 0.990656 0.807055 0.874748 0.795118 0.869276 0.721224 0.846880 0.925425 0.945979 0.853090 0.924345 0.729047 0.965002 0.902443 0.912792 0.873682 0.999520
0.712350 0.660258 0.848504 0.701099 0.672830 0.769253 0.970698 0.966046 0.934333 0.729041 0.892711 0.748478 0.599640 0.658996 0.628038 0.696965 0.806774 0.704348 0.685427 0.662054 0.981724 0.771062 0.621018 0.535423 0.624803 0.907740 0.000000 0.865994 0.976709 0.934078 0.813267 0.955031 0.878308 0.868851 0.917537 0.994778 0.863587 0.654851 0.820347 0.903254 0.948376 0.892806 0.749544 0.853028 0.621251 0.732741 0.981915 0.969457 0.760078 0.982187 0.804754 0.934136 0.880594 0.812641 0.877189 0.953618 0.673700 0.629553 0.952010 0.856829 0.995702 0.943711 0.940497 0.904630 0.675090 0.865100 0.883467 0.864154 0.639460 0.744470 0.998201 0.862110 0.809622 0.817333 0.961200 0.954124 0.912075 0.751916 0.807803 0.975198 0.821918 0.697448 0.730652 0.724990 0.566306 0.628266 0.628806 0.677494 0.812495 0.603009 0.886676 0.944533 0.998900 0.876688 0.847035 0.944685 0.995198 0.986743 0.795699 0.844035 0.734394 0.942051 0.838524 0.726951 0.954260 0.877314 0.928195 0.923236 0.966076 0.828218 0.962576 0.993004 0.880188 0.898977 0.911484 0.990374
0.893431 0.897179 0.905431 0.912094 0.879963 0.993757 0.937461 0.953329 0.977687 0.948320 0.988901 0.964953 0.970518 0.941000 0.898601 0.866049 0.949043 0.914785 0.946102 0.956202 0.967432 0.848139 0.899520 0.844499 0.844871 0.828626 0.865994 0.000000 0.855390 0.825976 0.978843 0.853153 0.995113 0.992138 0.994917 0.985472 0.840629 0.765930 0.835123 0.998285 0.993841 0.807643 0.984712 0.961528 0.885089 0.942522 0.981785 0.991864 0.881225 0.999091 0.938986 0.969882 0.904289 0.807883 0.848084 0.982593 0.849598 0.886804 0.983045 0.945336 0.966401 0.980704 0.866497 0.948067 0.843860 0.910915 0.928619 0.920675 0.800346 0.780222 0.979487 0.904632 0.860488 0.904864 0.954320 0.958517 0.996391 0.863403 0.967019 0.791639 0.957329 0.954403 0.896414 0.893471 0.829172 0.796054 0.973909 0.976491 0.898833 0.741527 0.882830 0.773247 0.879334 0.837558 0.910341 0.865666 0.803175 0.926637 0.888383 0.837348 0.746281 0.705679 0.842889 0.773741 0.945097 0.837359 0.978043 0.947286 0.785915 0.855564 0.958158 0.974414 0.849481 0.986454 0.877346 0.957935
0.808100 0.758611 0.875817 0.998597 0.923865 0.999776 0.970693 0.943922 0.947152 0.852407 0.696909 0.679470 0.908567 0.740882 0.804687 0.771301 0.604116 0.678328 0.755472 0.748595 0.961763 0.894274 0.981304 0.942562 0.880393 0.750823 0.976709 0.855390 0.000000 0.373731 0.952441 0.616371 0.778569 0.710336 0.999591 0.950015 0.914768 0.901667 0.943775 0.852401 0.947971 0.947420 0.719750 0.675770 0.719373 0.610833 0.718280 0.676226 0.574092 0.565385 0.658171 0.694430 0.734699 0.924920 0.988269 0.761218 0.719866 0.745087 0.701898 0.636082 0.893867 0.935181 0.509434 0.514460 0.844750 0.867071 0.945233 0.932373 0.948537 0.996173 0.811686 0.763821 0.981845 0.871512 0.916864 0.948387 0.981816 0.819030 0.653569 0.707911 0.574368 0.757579 0.714401 0.715896 0.948692 0.968139 0.999692 0.855798 0.983625 0.968875 0.801747 0.839899 0.691207 0.753560 0.833808 0.886423 0.761348 0.972592 0.842962 0.877268 0.971215 0.976296 0.694492 0.725333 0.907129 0.947546 0.995006 0.992237 0.968653 0.942551 0.882186 0.898488 0.769299 0.809778 0.763198 0.995640
0.629147 0.614169 0.860221 0.980550 0.859753 0.936265 0.975489 0.921790 0.811646 0.910648 0.554022 0.506222 0.838677 0.654885 0.898420 0.752350 0.494058 0.532844 0.683057 0.614030 0.994062 0.889861 0.963384 0.974295 0.827225 0.726013 0.934078 0.825976 0.373731 0.000000 0.961593 0.739245 0.831689 0.640211 0.980461 0.967107 0.977451 0.851597 0.978304 0.771004 0.939273 0.940725 0.697686 0.633890 0.710971 0.580554 0.654178 0.591431 0.468561 0.473056 0.576663 0.591999 0.760882 0.994862 0.925447 0.721140 0.625561 0.623143 0.564692 0.493109 0.903668 0.909467 0.445915 0.410317 0.808140 0.855577 0.913132 0.890982 0.848428 0.825263 0.796765 0.756065 0.992220 0.872792 0.917439 0.987369 0.992700 0.801014 0.641629 0.608624 0.409671 0.589569 0.670867 0.628651 0.975315 0.973018 0.881173 0.777807 0.997678 0.976221 0.820051 0.916253 0.748820 0.789826 0.867057 0.978415 0.763651 0.873741 0.821714 0.864733 0.948454 0.987926 0.686433 0.686827 0.916509 0.857110 0.885757 0.887502 0.906738 0.842968 0.877908 0.911105 0.900789 0.809748 0.719366 0.984037
0.763075 0.834952 0.620221 0.745419 0.846099 0.838896 0.488069 0.563402 0.461792 0.599677 0.863742 0.940793 0.904668 0.820812 0.995029 0.969904 0.823627 0.653625 0.890510 0.842213 0.909606 0.954561 0.834682 0.937249 0.749259 0.505395 0.813267 0.978843 0.952441 0.961593 0.000000 0.496914 0.452864 0.577762 0.638626 0.889248 0.737082 0.935721 0.739819 0.951734 0.981273 0.893399 0.533367 0.606913 0.436139 0.506589 0.679404 0.701124 0.812660 0.832338 0.724694 0.872474 0.632282 0.711854 0.936618 0.927071 0.838770 0.753352 0.805931 0.920689 0.496906 0.483481 0.923360 0.932081 0.813745 0.652243 0.570656 0.420131 0.910452 0.788729 0.877671 0.700475 0.627777 0.624115 0.974801 0.818405 0.799724 0.523669 0.977269 0.971071 0.821484 0.688139 0.961812 0.842060 0.977458 0.896568 0.795591 0.959453 0.926834 0.952619 0.927107 0.772603 0.995446 0.728152 0.925270 0.834168 0.919553 0.900604 0.700413 0.758185 0.562628 0.941290 0.925322 0.880158 0.677990 0.790379 0.867225 0.796378 0.794576 0.991909 0.730950 0.837362 0.765127 0.822156 0.727277 0.936440
0.972649 0.953576 0.771533 0.752908 0.963487 0.944054 0.610001 0.585697 0.647081 0.639352 0.887599 0.898233 0.982775 0.909921 0.869570 0.833475 0.943064 0.921125 0.835855 0.995066 0.914411 0.948031 0.853956 0.906739 0.899708 0.806056 0.955031 0.853153 0.616371 0.739245 0.496914 0.000000 0.558818 0.563616 0.723353 0.938796 0.852282 0.910351 0.840855 0.980816 0.969580 0.978865 0.468803 0.451421 0.510663 0.445170 0.571937 0.567632 0.707570 0.645753 0.640766 0.682406 0.640098 0.696749 0.903008 0.888970 0.925708 0.969828 0.584532 0.676842 0.583439 0.600914 0.819771 0.725605 0.920249 0.759549 0.657156 0.564360 0.939264 0.836980 0.923596 0.901487 0.713756 0.683128 0.911169 0.893622 0.775667 0.579621 0.794809 0.730824 0.920844 0.952745 0.795086 0.950469 0.966376 0.933960 0.967651 0.954120 0.901271 0.885311 0.930905 0.833149 0.937717 0.884571 0.905910 0.864578 0.768809 0.979367 0.553629 0.666140 0.620410 0.788025 0.701944 0.799718 0.592852 0.826460 0.880762 0.827945 0.706281 0.870062 0.795585 0.836173 0.621486 0.889339 0.624938 0.989636
0.884767 0.843319 0.526828 0.618798 0.878802 0.851192 0.398626 0.476020 0.522365 0.776359 0.861190 0.797014 0.865842 0.911956 0.910973 0.868814 0.891319 0.990928 0.813436 0.849159 0.751656 0.985663 0.773558 0.795849 0.643971 0.558749 0.878308 0.995113 0.778569 0.831689 0.452864 0.558818 0.000000 0.407649 0.646995 0.751748 0.684817 0.771838 0.827101 0.891152 0.961544 0.808837 0.533320 0.559346 0.425356 0.476783 0.524638 0.639466 0.754180 0.673483 0.670406 0.785381 0.749658 0.949023 0.706828 0.857049 0.869756 0.921368 0.575067 0.706075 0.367582 0.507438 0.750448 0.706974 0.686982 0.557733 0.459801 0.391871 0.851837 0.942377 0.928577 0.848497 0.705612 0.730072 0.848489 0.923475 0.791790 0.676450 0.904977 0.824714 0.857300 0.963750 0.788598 0.901852 0.749476 0.682796 0.998558 0.846639 0.828155 0.865128 0.927675 0.756078 0.994035 0.764962 0.733650 0.914248 0.842211 0.863834 0.692513 0.797087 0.711691 0.999943 0.925586 0.800444 0.673437 0.855803 0.961588 0.973519 0.839178 0.916581 0.731538 0.914829 0.755023 0.818903 0.668420 0.955541
0.808458 0.771442 0.629689 0.672370 0.954293 0.758780 0.489675 0.441734 0.667431 0.637683 0.668491 0.650108 0.895718 0.845292 0.921582 0.831663 0.777295 0.903923 0.750712 0.743820 0.876049 0.981556 0.866927 0.905026 0.801007 0.708638 0.868851 0.992138 0.710336 0.640211 0.577762 0.563616 0.407649 0.000000 0.660315 0.839232 0.655739 0.702671 0.846627 0.898537 0.799351 0.856183 0.478167 0.470561 0.440156 0.416055 0.448912 0.487684 0.656919 0.572704 0.601349 0.686457 0.723296 0.868431 0.723556 0.829200 0.786437 0.853225 0.489059 0.531758 0.441750 0.451368 0.672226 0.563315 0.819135 0.613636 0.533499 0.421602 0.811103 0.882444 0.961335 0.825596 0.694144 0.684002 0.882362 0.980317 0.873022 0.644979 0.913099 0.769163 0.752160 0.892395 0.774154 0.865024 0.863064 0.797388 0.942266 0.909804 0.835298 0.981733 0.990654 0.795807 0.936486 0.727850 0.815987 0.937390 0.713188 0.886940 0.647803 0.759327 0.614718 0.961517 0.830042 0.679004 0.669493 0.777567 0.999258 0.835634 0.869645 0.812894 0.741383 0.909392 0.706822 0.871943 0.739593 0.985540
0.920708 0.868155 0.612042 0.625331 0.942080 0.986799 0.584863 0.713695 0.682641 0.845838 0.867883 0.938844 0.988807 0.957191 0.930524 0.956481 0.968543 0.948480 0.944125 0.977817 0.791366 0.879683 0.776745 0.836547 0.700223 0.702198 0.917537 0.994917 0.999591 0.980461 0.638626 0.723353 0.646995 0.660315 0.000000 0.804719 0.876104 0.821754 0.676984 0.939182 0.999440 0.930740 0.790433 0.789948 0.657299 0.705262 0.800849 0.839921 0.921665 0.879553 0.935088 0.976931 0.895201 0.996901 0.710581 0.899813 0.916702 0.969011 0.706146 0.835288 0.630141 0.663880 0.910200 0.832186 0.650970 0.688084 0.530476 0.564619 0.831438 0.969063 0.850909 0.808415 0.793888 0.747577 0.929265 0.941893 0.854370 0.680808 0.941147 0.999842 0.960368 0.960509 0.791188 0.986348 0.781622 0.717800 0.975251 0.969966 0.649389 0.759913 0.980149 0.796404 0.827195 0.983305 0.786639 0.942900 0.842383 0.671953 0.843330 0.940608 0.883981 0.872309 0.986021 0.978794 0.737233 0.827396 0.658049 0.871965 0.754778 0.886946 0.901033 0.924223 0.718620 0.985101 0.827639 0.961934
0.938380 0.959552 0.781577 0.796378 0.901488 0.875216 0.706034 0.829287 0.916787 0.969371 0.892402 0.972583 0.944657 0.909474 0.994365 0.977395 0.943974 0.941526 0.932818 0.998099 0.834564 0.879468 0.865155 0.851428 0.845243 0.728312 0.994778 0.985472 0.950015 0.967107 0.889248 0.938796 0.751748 0.839232 0.804719 0.000000 0.892197 0.977664 0.941043 0.889201 0.771609 0.985615 0.988206 0.949010 0.852977 0.901057 0.924044 0.874581 0.970357 0.956518 0.985731 0.996697 0.994235 0.955993 0.918345 0.913957 0.993205 0.985146 0.876203 0.942840 0.826079 0.922659 0.970235 0.973717 0.765525 0.778080 0.720819 0.779070 0.943679 0.952774 0.975306 0.919850 0.905452 0.916401 0.861350 0.888355 0.881690 0.979123 0.964951 0.979944 0.976128 0.995266 0.928493 0.919049 0.831282 0.797495 0.993700 0.926575 0.907544 0.947578 0.828173 0.988142 0.940632 0.918627 0.939730 0.884869 0.939396 0.929564 0.998563 0.961449 0.994636 0.950564 0.887491 0.992964 0.867841 0.973815 0.860407 0.895147 0.977892 0.989033 0.760170 0.920496 0.937616 0.948515 0.955126 0.798331
0.805936 0.833094 0.573846 0.559584 0.816967 0.992294 0.667938 0.511190 0.752154 0.848443 0.950475 0.684943 0.799568 0.915339 0.878255 0.827714 0.956415 0.993859 0.770660 0.683174 0.888565 0.872285 0.709117 0.787918 0.591864 0.596092 0.863587 0.840629 0.914768 0.977451 0.737082 0.852282 0.684817 0.655739 0.876104 0.892197 0.000000 0.568600 0.795764 0.856272 0.739527 0.850279 0.755599 0.787521 0.828112 0.810597 0.741545 0.672020 0.974000 0.871737 0.910775 0.903688 0.934821 0.938412 0.607537 0.884601 0.871548 0.867513 0.824692 0.890222 0.632354 0.577650 0.893217 0.810171 0.680397 0.606168 0.753549 0.659740 0.660240 0.778657 0.820252 0.655356 0.863950 0.893760 0.911534 0.956532 0.806675 0.893886 0.981778 0.998515 0.933760 0.936816 0.864566 0.791827 0.775108 0.723536 0.855979 0.940306 0.863103 0.844482 0.979709 0.802503 0.955562 0.868314 0.829493 0.963635 0.766951 0.972567 0.832622 0.862964 0.797734 0.916034 0.946531 0.869829 0.704209 0.902893 0.838668 0.885215 0.778016 0.761618 0.900619 0.956582 0.976435 0.980743 0.964641 0.904766
0.578453 0.576542 0.729537 0.672126 0.930511 0.865988 0.840701 0.738176 0.976684 0.889871 0.770759 0.538706 0.729583 0.789796 0.786970 0.756144 0.664216 0.652379 0.703850 0.507396 0.982507 0.791792 0.769674 0.773348 0.621916 0.806226 0.654851 0.765930 0.901667 0.851597 0.935721 0.910351 0.771838 0.702671 0.821754 0.977664 0.568600 0.000000 0.712114 0.664941 0.852478 0.798802 0.908355 0.887065 0.960950 0.855074 0.723096 0.683119 0.853565 0.637907 0.880928 0.788350 0.989885 0.834954 0.557292 0.714012 0.588765 0.576328 0.763043 0.682373 0.768004 0.760033 0.834353 0.623360 0.734603 0.797648 0.936823 0.872639 0.479574 0.553503 0.961540 0.974453 0.893841 0.999460 0.870546 0.928988 0.806515 0.957398 0.932667 0.964229 0.664535 0.665724 0.694605 0.607505 0.668216 0.665832 0.784589 0.779832 0.697305 0.624776 0.872418 0.689889 0.878503 0.884164 0.930841 0.830590 0.936441 0.885514 0.941386 0.993331 0.928065 0.819681 0.903424 0.905878 0.799739 0.970344 0.956210 0.937406 0.993082 0.716258 0.908644 0.868111 0.928021 0.975913 0.962538 0.965340
