0.000000 0.396330 0.877074 0.902400 0.575817 0.833434 0.854827 0.598112 0.941483 0.605312 0.412506 0.311882 0.409500 0.495560 0.512941 0.654808 0.420411 0.423674 0.350787 0.358847 0.915287 0.991477 0.437618 0.988113 0.718395 0.601997 0.954763 0.928238 0.389657 0.470571 0.925868 0.859806 0.607538 0.733347 0.866163 0.931569 0.750679 0.873396 0.956032 0.972111 0.817400 0.863314 0.892287 0.967874 0.914137 0.789362 0.735670 0.806535 0.555765 0.647923 0.800943 0.874492 0.905181 0.744610 0.728583 0.890896 0.361427 0.321962 0.478892 0.493823 0.668384 0.538479 0.410026 0.362057 0.774766 0.749836 0.860542 0.773809 0.340620 0.382360 0.875347 0.990516 0.895926 0.914074 0.824517 0.886199 0.879173 0.886559 0.804467 0.709931 0.394753 0.435547 0.611616 0.620057 0.591513 0.926872 0.780830 0.805022 0.653231 0.608075 0.819779 0.775294 0.726601 0.613014 0.966675 0.945161 0.989596 0.948331 0.789550 0.773875 0.946742 0.821015 0.876329 0.778370 0.890174 0.857105 0.941624 0.654470 0.885377 0.882534 0.937995 0.795547 0.648457 0.853244 0.959354 0.840153
0.396330 0.000000 0.600660 0.848670 0.641564 0.687522 0.839997 0.671282 0.891519 0.622257 0.687569 0.360046 0.690872 0.484580 0.552298 0.609694 0.329324 0.297340 0.390748 0.343759 0.795267 0.975770 0.546400 0.942341 0.797079 0.564094 0.905170 0.914723 0.365596 0.360143 0.930709 0.890439 0.781103 0.815520 0.699294 0.889985 0.766087 0.998327 0.938526 0.869561 0.911594 0.800564 0.868698 0.739640 0.685843 0.526362 0.655358 0.630040 0.313743 0.391619 0.598480 0.637447 0.750296 0.897951 0.726604 0.768711 0.279302 0.264349 0.815523 0.726063 0.907245 0.674648 0.638421 0.483180 0.692579 0.664693 0.638549 0.658662 0.536661 0.438203 0.927243 0.757374 0.974142 0.945728 0.865030 0.972258 0.775304 0.959280 0.706840 0.647896 0.386535 0.416766 0.436156 0.568708 0.599731 0.993802 0.892129 0.801287 0.842347 0.782977 0.659896 0.670301 0.631006 0.468967 0.906367 0.914806 0.871940 0.900854 0.900886 0.796562 0.794149 0.709105 0.958005 0.886407 0.923166 0.966706 0.901545 0.664843 0.872470 0.961739 0.946914 0.740123 0.601249 0.783854 0.998384 0.853849
0.877074 0.600660 0.000000 0.417760 0.967515 0.585020 0.424369 0.737369 0.858787 0.885161 0.960264 0.766205 0.836699 0.922154 0.939570 0.980480 0.729384 0.682708 0.991589 0.814600 0.626647 0.858365 0.875448 0.756817 0.615075 0.466588 0.986414 0.953254 0.753710 0.744891 0.615967 0.616183 0.644208 0.711357 0.568826 0.681765 0.939971 0.794326 0.741946 0.996564 0.891159 0.923449 0.827566 0.932264 0.952088 0.913768 0.726140 0.873931 0.636160 0.720212 0.977352 0.927999 0.960724 0.880770 0.795999 0.962623 0.674064 0.621401 0.892573 0.929597 0.614190 0.953301 0.908077 0.822279 0.461404 0.470679 0.374663 0.462517 0.911788 0.853978 0.673032 0.677257 0.690754 0.771707 0.918246 0.989900 0.964969 0.934146 0.989887 0.970742 0.879662 0.978510 0.810809 0.852139 0.867702 0.650575 0.907839 0.904343 0.841912 0.764220 0.685478 0.804957 0.642108 0.648310 0.876831 0.932626 0.672026 0.975176 0.923324 0.845782 0.754132 0.820999 0.887070 0.997176 0.737117 0.783946 0.720014 0.873507 0.850950 0.830417 0.908711 0.986164 0.993784 0.925704 0.943395 0.983333
0.902400 0.848670 0.417760 0.000000 0.973246 0.806404 0.617546 0.637992 0.933176 0.805987 0.905865 0.884079 0.970453 0.790161 0.973275 0.781595 0.884136 0.894958 0.948466 0.958377 0.683278 0.818408 0.823796 0.578250 0.460837 0.404875 0.806471 0.828223 0.862469 0.882285 0.675108 0.616902 0.780315 0.767771 0.599366 0.614629 0.874631 0.808206 0.686409 0.823838 0.795967 0.965388 0.705581 0.778047 0.809819 0.861918 0.583967 0.726656 0.848960 0.975050 0.810768 0.851365 0.801440 0.819798 0.753485 0.941541 0.859164 0.801256 0.904686 0.992148 0.938979 0.893061 0.959227 0.733320 0.418500 0.360677 0.462168 0.471185 0.934214 0.863137 0.732569 0.722809 0.724779 0.818578 0.960757 0.905053 0.782114 0.818103 0.894006 0.860931 0.991669 0.829928 0.916502 0.925072 0.707522 0.451225 0.985416 0.775697 0.984278 0.732707 0.783043 0.966529 0.691567 0.802466 0.873511 0.800079 0.789232 0.880872 0.987012 0.852612 0.830618 0.931427 0.968623 0.892161 0.722459 0.763290 0.775918 0.988088 0.855862 0.999790 0.845213 0.976286 0.867011 0.874443 0.958656 0.966538
0.575817 0.641564 0.967515 0.973246 0.000000 0.878379 0.979625 0.824850 0.937335 0.909299 0.752953 0.663010 0.672538 0.629726 0.692100 0.688192 0.661306 0.725255 0.649662 0.619408 0.970752 0.954596 0.609805 0.702432 0.966497 0.799460 0.711676 0.942274 0.727581 0.765716 0.936459 0.980931 0.880939 0.994376 0.916520 0.913343 0.942320 0.998518 0.895200 0.990154 0.924288 0.946225 0.921892 0.951055 0.971053 0.928804 0.868182 0.926321 0.761921 0.821406 0.952646 0.980934 0.934216 0.709988 0.722648 0.990974 0.606373 0.630541 0.790173 0.811449 0.932003 0.688037 0.816849 0.747762 0.974191 0.969114 0.915295 0.792205 0.655918 0.641345 0.985769 0.819633 0.987940 0.905513 0.962529 0.876511 0.953552 0.787773 0.992600 0.959774 0.673873 0.604175 0.650003 0.675721 0.661934 0.837686 0.741386 0.694976 0.754688 0.675823 0.836779 0.719809 0.794232 0.686936 0.798349 0.997852 0.946546 0.964709 0.999636 0.978569 0.997508 0.806809 0.910665 0.980880 0.997308 0.946735 0.967355 0.702219 0.885819 0.779084 0.890017 0.961098 0.911087 0.897678 0.823475 0.927105
0.833434 0.687522 0.585020 0.806404 0.878379 0.000000 0.586781 0.886474 0.757812 0.971367 0.914042 0.823411 0.850127 0.971406 0.989174 0.957392 0.762522 0.755740 0.875596 0.766040 0.641639 0.962485 0.966957 0.914579 0.872455 0.702357 0.956755 0.859389 0.752849 0.771449 0.790879 0.826457 0.833386 0.851228 0.804496 0.845763 0.927746 0.962451 0.794478 0.842638 0.870653 0.947570 0.985556 0.959692 0.930018 0.819293 0.999125 0.939402 0.722743 0.726377 0.891039 0.862614 0.913396 0.975015 0.973850 0.977943 0.685973 0.676817 0.938458 0.942712 0.688571 0.983960 0.936840 0.911359 0.827019 0.762167 0.621596 0.734587 0.753627 0.826633 0.727797 0.756486 0.963893 0.749836 0.741666 0.894217 0.995220 0.907023 0.951409 0.986880 0.900391 0.903388 0.774509 0.818933 0.942426 0.923436 0.835470 0.936535 0.957405 0.942795 0.742172 0.782850 0.758324 0.715514 0.850565 0.993378 0.845600 0.929886 0.994976 0.924301 0.891213 0.942400 0.862028 0.993806 0.749304 0.932548 0.627101 0.915534 0.953699 0.933506 0.954346 0.995954 0.882238 0.886305 0.906443 0.979408
0.854827 0.839997 0.424369 0.617546 0.979625 0.586781 0.000000 0.460640 0.624203 0.697083 0.750353 0.978477 0.602424 0.793191 0.857317 0.884404 0.961412 0.921336 0.771542 0.993319 0.677839 0.845252 0.675273 0.949436 0.965047 0.736728 0.866397 0.965142 0.883712 0.920620 0.376433 0.492980 0.416028 0.430203 0.660105 0.737735 0.913525 0.848354 0.913998 0.879981 0.964125 0.989532 0.777759 0.803643 0.740348 0.897535 0.714315 0.831334 0.901592 0.925892 0.789758 0.868260 0.853965 0.809582 0.857472 0.998414 0.873179 0.892809 0.583626 0.621845 0.373873 0.852510 0.523072 0.759384 0.815825 0.774084 0.453302 0.513990 0.972664 0.883325 0.569902 0.529924 0.555651 0.549429 0.869635 0.919259 0.784139 0.805133 0.784195 0.899731 0.886728 0.943286 0.861441 0.867540 0.952989 0.936113 0.840248 0.923911 0.786488 0.833772 0.573052 0.670555 0.685125 0.809646 0.812990 0.887068 0.689817 0.806095 0.568433 0.619339 0.644917 0.652390 0.607147 0.684261 0.656328 0.669940 0.781093 0.916504 0.897438 0.820231 0.851475 0.829823 0.830867 0.829193 0.983165 0.935926
0.598112 0.671282 0.737369 0.637992 0.824850 0.886474 0.460640 0.000000 0.808052 0.578641 0.683235 0.574487 0.532149 0.486588 0.694394 0.635315 0.631732 0.694423 0.517353 0.637131 0.932017 0.949789 0.522511 0.923953 0.931959 0.974212 0.985877 0.890973 0.546973 0.600992 0.533256 0.517238 0.462517 0.492064 0.830732 0.930227 0.874316 0.867945 0.994619 0.951611 0.928443 0.864300 0.567171 0.577888 0.478538 0.505255 0.504464 0.577913 0.628170 0.579271 0.471011 0.503069 0.588947 0.741785 0.700381 0.849903 0.694801 0.665825 0.622612 0.525175 0.603765 0.577924 0.455752 0.559930 0.941428 0.865226 0.705873 0.682935 0.771007 0.641728 0.592166 0.664744 0.543725 0.620148 0.856910 0.940482 0.561586 0.804910 0.669002 0.770334 0.625047 0.701898 0.776535 0.954168 0.770831 0.901972 0.928992 0.900029 0.774368 0.708378 0.738748 0.852122 0.799255 0.926718 0.785940 0.756051 0.747233 0.734385 0.519875 0.434525 0.674389 0.785511 0.650496 0.751444 0.647163 0.662072 0.890878 0.932442 0.984154 0.931486 0.670043 0.633073 0.501470 0.631525 0.947133 0.881730
0.941483 0.891519 0.858787 0.933176 0.937335 0.757812 0.624203 0.808052 0.000000 0.687776 0.715103 0.901682 0.688813 0.966222 0.919343 0.961257 0.933276 0.848984 0.941024 0.827239 0.986074 0.947745 0.938642 0.731935 0.764946 0.966064 0.832733 0.938261 0.977612 0.937878 0.888150 0.989389 0.896499 0.885453 0.916130 0.892181 0.853277 0.872741 0.864422 0.939788 0.899771 0.944965 0.949281 0.998630 0.952190 0.984090 0.952242 0.965865 0.955438 0.987611 0.954628 0.961964 0.993142 0.919575 0.990390 0.949432 0.802648 0.895710 0.616741 0.690201 0.477069 0.684207 0.734009 0.788571 0.993955 0.969575 0.791274 0.813676 0.975330 0.850334 0.967672 0.792301 0.905454 0.754439 0.894091 0.862865 0.857436 0.936541 0.989035 0.906498 0.965087 0.808603 0.667584 0.794194 0.865257 0.791874 0.986483 0.799134 0.726695 0.957344 0.733629 0.687015 0.817483 0.746145 0.806736 0.956787 0.998901 0.951454 0.744367 0.766848 0.728046 0.804726 0.669191 0.750389 0.917362 0.896271 0.854085 0.788304 0.902773 0.842448 0.909813 0.831095 0.916660 0.901771 0.881267 0.876365
0.605312 0.622257 0.885161 0.805987 0.909299 0.971367 0.697083 0.578641 0.687776 0.000000 0.600581 0.580473 0.609789 0.744775 0.644351 0.830365 0.626387 0.630991 0.605666 0.696676 0.936766 0.976669 0.637698 0.761871 0.535584 0.620154 0.796627 0.978436 0.501787 0.507603 0.747969 0.751579 0.603916 0.660310 0.730530 0.900289 0.999028 0.878614 0.780801 0.775668 0.964697 0.873260 0.914321 0.831559 0.671719 0.695446 0.815035 0.850789 0.535541 0.648615 0.669879 0.691784 0.755744 0.917412 0.961169 0.935381 0.707731 0.597370 0.571099 0.599784 0.675955 0.810391 0.404561 0.390954 0.545999 0.567360 0.847502 0.826539 0.745218 0.573336 0.865026 0.889529 0.755452 0.787965 0.759107 0.865373 0.733913 0.941729 0.630854 0.654757 0.571252 0.825651 0.861899 0.946160 0.958988 0.648426 0.896104 0.858267 0.820282 0.994104 0.982481 0.908392 0.899678 0.743605 0.998107 0.868394 0.961167 0.889028 0.670306 0.663529 0.937839 0.864852 0.702682 0.692256 0.977021 0.934226 0.913144 0.958377 0.861661 0.932092 0.901536 0.828384 0.728137 0.842820 0.987754 0.872362
0.412506 0.687569 0.960264 0.905865 0.752953 0.914042 0.750353 0.683235 0.715103 0.600581 0.000000 0.550573 0.462233 0.760763 0.726302 0.887301 0.590296 0.657281 0.648820 0.596252 0.907244 0.922762 0.713030 0.844168 0.727533 0.786820 0.939919 0.924097 0.601957 0.663984 0.891219 0.899491 0.614853 0.789009 0.901156 0.993795 0.792252 0.851918 0.998259 0.861704 0.760374 0.839115 0.790948 0.891559 0.983880 0.929683 0.937324 0.972793 0.794759 0.813642 0.925310 0.958615 0.942729 0.807047 0.881387 0.873483 0.662580 0.611728 0.453709 0.490075 0.505754 0.597623 0.458110 0.451008 0.848524 0.853324 0.947672 0.940499 0.523479 0.515514 0.777337 0.854765 0.838806 0.999697 0.752264 0.875197 0.859027 0.983750 0.903586 0.736159 0.558834 0.658427 0.940595 0.847032 0.848968 0.790926 0.984342 0.901487 0.631303 0.735809 0.966983 0.977034 0.972339 0.911614 0.996579 0.950088 0.954311 0.973624 0.762662 0.764955 0.904811 0.972997 0.709713 0.697272 0.816346 0.843506 0.924969 0.887901 0.889910 0.829787 0.927664 0.838087 0.781646 0.900257 0.947845 0.961691
0.311882 0.360046 0.766205 0.884079 0.663010 0.823411 0.978477 0.574487 0.901682 0.580473 0.550573 0.000000 0.418344 0.422739 0.447725 0.540155 0.438030 0.475765 0.447177 0.417251 0.883804 0.935527 0.490590 0.951271 0.692593 0.588506 0.961986 0.921845 0.414675 0.496772 0.976874 0.915510 0.755926 0.856310 0.823636 0.814727 0.803600 0.973528 0.917244 0.962188 0.894803 0.924373 0.968990 0.961446 0.867141 0.705368 0.765011 0.796711 0.457753 0.582518 0.754545 0.778534 0.862498 0.805163 0.765007 0.902522 0.429850 0.362061 0.616277 0.567947 0.766048 0.448618 0.511077 0.423872 0.785498 0.798904 0.756801 0.723140 0.453072 0.462546 0.975486 0.932535 0.942621 0.982552 0.821715 0.962362 0.830335 0.885349 0.776352 0.763445 0.463282 0.532021 0.599845 0.703579 0.593479 0.948927 0.734979 0.798152 0.711525 0.647472 0.801522 0.758877 0.745922 0.596525 0.995372 0.962577 0.912250 0.958468 0.866234 0.756423 0.963135 0.776537 0.950195 0.922902 0.962707 0.928916 0.955217 0.690125 0.859127 0.979942 0.878786 0.753011 0.669794 0.875772 0.951217 0.829353
0.409500 0.690872 0.836699 0.970453 0.672538 0.850127 0.602424 0.532149 0.688813 0.609789 0.462233 0.418344 0.000000 0.459185 0.496941 0.573958 0.704589 0.803126 0.548877 0.620461 0.917617 0.935377 0.477417 0.865854 0.794644 0.785309 0.943148 0.954166 0.612958 0.671274 0.768941 0.748967 0.580641 0.704298 0.995996 0.945481 0.829127 0.938062 0.945395 0.983318 0.912397 0.973965 0.980761 0.992131 0.895828 0.846213 0.751478 0.848063 0.755748 0.845209 0.823686 0.920836 0.899240 0.865236 0.696312 0.951953 0.729569 0.664585 0.503203 0.572954 0.418649 0.488074 0.440682 0.503910 0.957206 0.963507 0.960321 0.961100 0.558012 0.592972 0.773742 0.932985 0.773080 0.903980 0.817526 0.948124 0.873010 0.920626 0.855404 0.902479 0.637080 0.697744 0.796437 0.817011 0.648592 0.994420 0.810401 0.786576 0.540159 0.670009 0.981091 0.905791 0.886975 0.797764 0.946605 0.999225 0.939764 0.951485 0.770182 0.757341 0.842280 0.961413 0.800103 0.891230 0.882934 0.857839 0.834637 0.748929 0.883822 0.766468 0.913975 0.832058 0.808037 0.918632 0.887246 0.878674
0.495560 0.484580 0.922154 0.790161 0.629726 0.971406 0.793191 0.486588 0.966222 0.744775 0.760763 0.422739 0.459185 0.000000 0.438556 0.354255 0.609042 0.607480 0.392738 0.447527 0.905656 0.965050 0.350083 0.582817 0.938258 0.859395 0.884890 0.858901 0.563480 0.536870 0.802190 0.608052 0.646635 0.700100 0.961898 0.979980 0.857517 0.987309 0.821473 0.791920 0.907066 0.983512 0.709715 0.719343 0.708730 0.601349 0.515564 0.611143 0.549614 0.633578 0.612037 0.704207 0.714087 0.995000 0.599982 0.890218 0.587401 0.582010 0.881002 0.814666 0.834341 0.592669 0.648952 0.687031 0.949861 0.915432 0.888694 0.929991 0.640929 0.628807 0.972020 0.881560 0.776601 0.941605 0.846784 0.958461 0.767330 0.986832 0.791179 0.741391 0.557628 0.471466 0.467215 0.674702 0.427495 0.674086 0.859618 0.577449 0.838517 0.654980 0.764532 0.622190 0.737570 0.545335 0.921444 0.902719 0.967792 0.887583 0.954201 0.812774 0.924141 0.771967 0.979268 0.923715 0.929532 0.923109 0.805308 0.671912 0.997500 0.897204 0.962581 0.817888 0.690591 0.831457 0.971686 0.865860
0.512941 0.552298 0.939570 0.973275 0.692100 0.989174 0.857317 0.694394 0.919343 0.644351 0.726302 0.447725 0.496941 0.438556 0.000000 0.493526 0.589917 0.609588 0.495320 0.524904 0.975818 0.960281 0.536750 0.837743 0.899334 0.758487 0.895698 0.929463 0.588787 0.552710 0.842108 0.769565 0.740706 0.727461 0.914777 0.957210 0.826540 0.935175 0.999535 0.988352 0.895438 0.906682 0.891278 0.836824 0.814834 0.719110 0.679686 0.675315 0.602355 0.677118 0.714495 0.772756 0.854048 0.927855 0.723145 0.928641 0.654970 0.615291 0.733948 0.719507 0.780059 0.648671 0.611103 0.602027 0.905407 0.916273 0.845929 0.817983 0.538032 0.633270 0.993108 0.880083 0.848322 0.941024 0.803922 0.992387 0.911757 0.927969 0.734429 0.682726 0.566139 0.578840 0.599686 0.718558 0.583878 0.880679 0.747216 0.724521 0.683674 0.733051 0.725546 0.713751 0.653281 0.593859 0.931878 0.810146 0.975245 0.853656 0.962556 0.826045 0.938148 0.707856 0.958472 0.946404 0.980385 0.954095 0.991931 0.667664 0.863615 0.846462 0.966303 0.797741 0.848409 0.824946 0.900990 0.985568
0.654808 0.609694 0.980480 0.781595 0.688192 0.957392 0.884404 0.635315 0.961257 0.830365 0.887301 0.540155 0.573958 0.354255 0.493526 0.000000 0.754255 0.736531 0.581107 0.645015 0.825396 0.903490 0.443482 0.462220 0.851601 0.947013 0.861750 0.740378 0.718615 0.700220 0.928062 0.745279 0.840670 0.899950 0.920370 0.905322 0.954273 0.871200 0.778016 0.905359 0.936695 0.907225 0.862643 0.853615 0.861615 0.743162 0.652756 0.790587 0.618287 0.777321 0.810265 0.871095 0.940652 0.861853 0.651473 0.916251 0.799105 0.734736 0.981652 0.955136 0.949583 0.632258 0.865489 0.904831 0.893191 0.810642 0.864735 0.878170 0.785484 0.784964 0.917136 0.894026 0.952271 0.978228 0.826688 0.967049 0.933900 0.854742 0.865440 0.775263 0.714496 0.610537 0.526789 0.698430 0.466646 0.566757 0.797776 0.559553 0.867302 0.676574 0.668907 0.658432 0.726719 0.580741 0.993877 0.945528 0.944592 0.866955 0.888714 0.967568 0.879287 0.644358 0.740483 0.706834 0.994402 0.956319 0.849915 0.596568 0.879943 0.955998 0.921693 0.949523 0.928536 0.972841 0.904069 0.895781
0.420411 0.329324 0.729384 0.884136 0.661306 0.762522 0.961412 0.631732 0.933276 0.626387 0.590296 0.438030 0.704589 0.609042 0.589917 0.754255 0.000000 0.303003 0.439604 0.366059 0.794216 0.944692 0.617906 0.950549 0.808194 0.618939 0.931332 0.991014 0.372193 0.354202 0.888123 0.834506 0.718366 0.733355 0.817191 0.858783 0.819196 0.987369 0.872948 0.914653 0.839674 0.859479 0.888254 0.810104 0.701488 0.587205 0.693819 0.683535 0.446400 0.459727 0.619674 0.635122 0.735445 0.980659 0.766828 0.829030 0.328116 0.328064 0.755256 0.622000 0.971842 0.738165 0.525931 0.412167 0.700611 0.699462 0.761527 0.758620 0.568814 0.440510 0.874235 0.944519 0.922337 0.993557 0.801362 0.899713 0.764236 0.992248 0.585417 0.569356 0.332340 0.433383 0.575223 0.605523 0.717865 0.914640 0.908209 0.896449 0.761056 0.802415 0.815776 0.758526 0.711628 0.564358 0.948277 0.958699 0.928431 0.990416 0.858767 0.719311 0.948963 0.800635 0.868679 0.721678 0.975186 0.937711 0.909118 0.690904 0.896217 0.951565 0.932411 0.761089 0.578321 0.728562 0.890975 0.848395
0.423674 0.297340 0.682708 0.894958 0.725255 0.755740 0.921336 0.694423 0.848984 0.630991 0.657281 0.475765 0.803126 0.607480 0.609588 0.736531 0.303003 0.000000 0.384429 0.352356 0.852021 0.995557 0.588717 0.974484 0.837300 0.633546 0.921097 0.970848 0.377977 0.346659 0.955005 0.835658 0.723306 0.712776 0.745481 0.970857 0.769094 0.997980 0.918107 0.935129 0.829117 0.824496 0.896997 0.777690 0.695469 0.577227 0.674352 0.677891 0.423703 0.447305 0.625888 0.643233 0.724013 0.951575 0.800570 0.805102 0.286131 0.291627 0.800988 0.669744 0.916781 0.846044 0.573481 0.459393 0.680918 0.667117 0.734993 0.732574 0.545844 0.468922 0.966297 0.940994 0.951660 0.977884 0.859752 0.893718 0.795130 0.965912 0.615919 0.495827 0.323324 0.385685 0.502037 0.555480 0.692793 0.967949 0.945526 0.834893 0.856149 0.820662 0.760412 0.723628 0.695135 0.527740 0.982191 0.947978 0.890378 0.919243 0.899255 0.808430 0.794044 0.775934 0.965974 0.774754 0.972564 0.960405 0.910162 0.669107 0.908403 0.962071 0.950373 0.793631 0.539994 0.746696 0.995716 0.827063
0.350787 0.390748 0.991589 0.948466 0.649662 0.875596 0.771542 0.517353 0.941024 0.605666 0.648820 0.447177 0.548877 0.392738 0.495320 0.581107 0.439604 0.384429 0.000000 0.328896 0.976386 0.932566 0.341975 0.851785 0.898221 0.705591 0.972658 0.975747 0.385574 0.380666 0.750101 0.645245 0.501194 0.559595 0.943429 0.956379 0.758289 0.899158 0.973428 0.967187 0.989416 0.866596 0.810022 0.770688 0.696769 0.627516 0.538110 0.635280 0.506587 0.589446 0.635380 0.741351 0.788200 0.923529 0.706536 0.949879 0.372627 0.396268 0.669918 0.669646 0.826634 0.762711 0.469642 0.474061 0.831526 0.802801 0.910898 0.843836 0.465044 0.456737 0.874135 0.980191 0.732961 0.921527 0.894959 0.991300 0.822318 0.965734 0.721379 0.627072 0.423067 0.396017 0.489967 0.633251 0.556097 0.890252 0.950363 0.692509 0.768426 0.714370 0.874181 0.786419 0.739767 0.589208 0.947395 0.884991 0.958639 0.836718 0.796965 0.726938 0.950714 0.823308 0.884362 0.784230 0.922754 0.881510 0.986170 0.691639 0.896602 0.925759 0.942981 0.779804 0.585122 0.736804 0.951020 0.849808
0.358847 0.343759 0.814600 0.958377 0.619408 0.766040 0.993319 0.637131 0.827239 0.696676 0.596252 0.417251 0.620461 0.447527 0.524904 0.645015 0.366059 0.352356 0.328896 0.000000 0.842985 0.930319 0.460159 0.880326 0.825273 0.643989 0.984069 0.944639 0.427843 0.383672 0.898182 0.817277 0.662398 0.755627 0.858071 0.954457 0.789409 0.898263 0.971733 0.896335 0.999057 0.770952 0.854852 0.834596 0.744144 0.661400 0.660136 0.663919 0.495860 0.517120 0.659742 0.723645 0.745147 0.926914 0.728058 0.991663 0.300610 0.335914 0.726587 0.675445 0.965051 0.758993 0.592560 0.512576 0.739805 0.726444 0.787696 0.737914 0.432842 0.481522 0.928993 0.900869 0.846868 0.908912 0.838533 0.954207 0.787657 0.974191 0.747140 0.703463 0.439804 0.436726 0.533862 0.612305 0.645244 0.998563 0.913478 0.805639 0.831142 0.701593 0.798775 0.730210 0.738161 0.543774 0.972614 0.941182 0.992882 0.855212 0.865187 0.747641 0.899168 0.809100 0.915480 0.815230 0.925080 0.885769 0.962547 0.779106 0.970143 0.902703 0.861893 0.769990 0.621897 0.737933 0.976435 0.918056
0.915287 0.795267 0.626647 0.683278 0.970752 0.641639 0.677839 0.932017 0.986074 0.936766 0.907244 0.883804 0.917617 0.905656 0.975818 0.825396 0.794216 0.852021 0.976386 0.842985 0.000000 0.956720 0.802750 0.684394 0.660546 0.629978 0.833793 0.966775 0.828764 0.827504 0.737046 0.736289 0.857465 0.850045 0.754510 0.891762 0.909194 0.999922 0.739798 0.880625 0.814963 0.908931 0.975095 0.977758 0.944924 0.906787 0.841934 0.971441 0.817212 0.718240 0.974746 0.887812 0.962525 0.994889 0.916243 0.990379 0.802515 0.745029 0.919015 0.927257 0.894321 0.930794 0.988230 0.818871 0.738383 0.697257 0.756843 0.800565 0.877540 0.880193 0.789440 0.904854 0.785785 0.766609 0.908580 0.803917 0.843937 0.954305 0.992593 0.960656 0.979593 0.907926 0.969971 0.956074 0.841765 0.681483 0.935220 0.657752 0.928724 0.893431 0.927326 0.936381 0.899157 0.977747 0.877539 0.868517 0.911795 0.855423 0.892249 0.819250 0.997797 0.908047 0.834979 0.906153 0.989154 0.837376 0.738119 0.897368 0.843578 0.951389 0.900004 0.796431 0.884347 0.845535 0.935256 0.856492
0.991477 0.975770 0.858365 0.818408 0.954596 0.962485 0.845252 0.949789 0.947745 0.976669 0.922762 0.935527 0.935377 0.965050 0.960281 0.903490 0.944692 0.995557 0.932566 0.930319 0.956720 0.000000 0.966909 0.924300 0.940972 0.876923 0.804064 0.981260 0.960616 0.884111 0.729779 0.897045 0.744929 0.819213 0.872065 0.736990 0.750864 0.738276 0.881118 0.917778 0.941604 0.864355 0.905287 0.915342 0.877500 0.964420 0.883514 0.852385 0.905533 0.986485 0.815356 0.870258 0.831006 0.797340 0.913796 0.883805 0.999562 0.951207 0.884742 0.987734 0.946620 0.905811 0.893798 0.963042 0.952443 0.975610 0.846356 0.930366 0.913028 0.996428 0.837844 0.921605 0.925655 0.837564 0.913417 0.992782 0.892102 0.801141 0.855257 0.948832 0.921945 0.937447 0.944552 0.993622 0.916038 0.930145 0.953800 0.821225 0.987864 0.948938 0.763220 0.903571 0.892878 0.932070 0.866172 0.913441 0.953430 0.842402 0.834440 0.885434 0.853930 0.868756 0.670657 0.817134 0.886772 0.829388 0.973309 0.800411 0.975531 0.831090 0.837263 0.902195 0.926001 0.852857 0.972848 0.772043
0.437618 0.546400 0.875448 0.823796 0.609805 0.966957 0.675273 0.522511 0.938642 0.637698 0.713030 0.490590 0.477417 0.350083 0.536750 0.443482 0.617906 0.588717 0.341975 0.460159 0.802750 0.966909 0.000000 0.613586 0.946413 0.846980 0.906092 0.911194 0.529865 0.519766 0.699068 0.570844 0.569152 0.641705 0.945388 0.990801 0.902781 0.909994 0.950569 0.945588 0.928404 0.942347 0.896837 0.895155 0.807349 0.781319 0.622553 0.814008 0.608656 0.798807 0.782320 0.892161 0.894497 0.869795 0.743642 0.932729 0.556130 0.547631 0.764841 0.751218 0.770167 0.775094 0.551279 0.612227 0.924395 0.929589 0.934070 0.860264 0.594991 0.606245 0.839083 0.967852 0.748025 0.912040 0.865068 0.961759 0.901385 0.914780 0.781227 0.684236 0.532801 0.485708 0.523027 0.662163 0.517423 0.780021 0.910257 0.597062 0.875714 0.724185 0.837639 0.775166 0.771058 0.552047 0.991185 0.930370 0.941185 0.961511 0.893506 0.878675 0.907723 0.805620 0.942093 0.951463 0.964480 0.930166 0.886403 0.662638 0.960141 0.895481 0.986875 0.940897 0.700441 0.942652 0.858982 0.797936
0.988113 0.942341 0.756817 0.578250 0.702432 0.914579 0.949436 0.923953 0.731935 0.761871 0.844168 0.951271 0.865854 0.582817 0.837743 0.462220 0.950549 0.974484 0.851785 0.880326 0.684394 0.924300 0.613586 0.000000 0.524575 0.711688 0.674557 0.726900 0.884169 0.962980 0.961552 0.781940 0.973395 0.951213 0.844594 0.935802 0.992374 0.831917 0.582997 0.808474 0.787760 0.737925 0.901536 0.946488 0.989347 0.964916 0.732131 0.959330 0.961423 0.933308 0.970864 0.880150 0.925121 0.852882 0.720794 0.992044 0.982565 0.947131 0.747346 0.741245 0.850702 0.965861 0.795673 0.683991 0.627740 0.617001 0.949947 0.956816 0.992684 0.922495 0.920831 0.855211 0.997737 0.858566 0.955108 0.973645 0.979620 0.810755 0.948291 0.935357 0.983349 0.744241 0.673811 0.651079 0.505078 0.376352 0.869466 0.452443 0.960419 0.752166 0.778726 0.659290 0.840031 0.769691 0.919684 0.946795 0.951249 0.988465 0.727423 0.803697 0.748705 0.740307 0.592878 0.557737 0.955281 0.948052 0.726370 0.750156 0.849337 0.972383 0.867859 0.890209 0.901196 0.820264 0.811366 0.979655
0.718395 0.797079 0.615075 0.460837 0.966497 0.872455 0.965047 0.931959 0.764946 0.535584 0.727533 0.692593 0.794644 0.938258 0.899334 0.851601 0.808194 0.837300 0.898221 0.825273 0.660546 0.940972 0.946413 0.524575 0.000000 0.420741 0.729937 0.861782 0.630021 0.725010 0.946752 0.836008 0.975661 0.984849 0.620199 0.691349 0.957745 0.897611 0.579153 0.680682 0.793310 0.858219 0.812637 0.849094 0.938682 0.943243 0.709117 0.829900 0.777227 0.875998 0.977743 0.970312 0.956792 0.966152 0.724571 0.801370 0.784599 0.675072 0.635198 0.677678 0.768629 0.912900 0.670054 0.513125 0.410486 0.392551 0.686119 0.660626 0.801075 0.700641 0.996661 0.989405 0.974855 0.976536 0.960156 0.932658 0.952201 0.972163 0.923640 0.934733 0.901744 0.867554 0.894853 0.875564 0.656354 0.349994 0.949574 0.700829 0.920599 0.803772 0.964041 0.780253 0.915264 0.923802 0.956517 0.928065 0.942608 0.981992 0.715882 0.833032 0.946826 0.835619 0.733954 0.690761 0.911327 0.962558 0.762851 0.877441 0.843468 0.884038 0.876862 0.810536 0.909025 0.999671 0.953751 0.890740
0.601997 0.564094 0.466588 0.404875 0.799460 0.702357 0.736728 0.974212 0.966064 0.620154 0.786820 0.588506 0.785309 0.859395 0.758487 0.947013 0.618939 0.633546 0.705591 0.643989 0.629978 0.876923 0.846980 0.711688 0.420741 0.000000 0.899372 0.875980 0.588759 0.604872 0.756708 0.814545 0.936816 0.886811 0.534026 0.654698 0.996766 0.831647 0.656388 0.848733 0.927198 0.969098 0.797523 0.853933 0.931874 0.970756 0.818995 0.922997 0.648038 0.764689 0.983293 0.996159 0.963668 0.824070 0.886042 0.871390 0.578887 0.489628 0.800048 0.797442 0.994880 0.886961 0.742590 0.514267 0.383592 0.369353 0.431756 0.438085 0.735228 0.689434 0.837311 0.809583 0.866733 0.789754 0.982293 0.905650 0.991260 0.878957 0.920981 0.978770 0.728111 0.892339 0.828569 0.889594 0.895854 0.528767 0.921706 0.897271 0.942959 0.892327 0.725632 0.837022 0.635315 0.607292 0.803306 0.914745 0.759687 0.947612 0.919315 0.990093 0.901579 0.830119 0.966464 0.856130 0.762717 0.897258 0.777161 0.849051 0.816746 0.957661 0.920436 0.945476 0.915888 0.956393 0.997019 0.972518
0.954763 0.905170 0.986414 0.806471 0.711676 0.956755 0.866397 0.985877 0.832733 0.796627 0.939919 0.961986 0.943148 0.884890 0.895698 0.861750 0.931332 0.921097 0.972658 0.984069 0.833793 0.804064 0.906092 0.674557 0.729937 0.899372 0.000000 0.825546 0.943697 0.917581 0.807056 0.851631 0.871591 0.848289 0.952860 0.919067 0.882554 0.975738 0.817303 0.809480 0.984653 0.896989 0.901469 0.876020 0.939638 0.980710 0.961044 0.959278 0.850796 0.922293 0.936710 0.884023 0.889845 0.753528 0.846158 0.878296 0.899661 0.931702 0.866842 0.931617 0.793650 0.884888 0.839213 0.839743 0.791937 0.794186 0.981228 0.930229 0.966973 0.952941 0.826964 0.791174 0.808743 0.812954 0.997862 0.864167 0.943811 0.762032 0.955901 0.971902 0.940170 0.801364 0.775284 0.734469 0.693913 0.637060 0.821420 0.677669 0.918111 0.840693 0.829476 0.775867 0.916353 0.978456 0.844011 0.852075 0.871376 0.921435 0.750877 0.805237 0.882157 0.834838 0.593777 0.748458 0.904023 0.805641 0.812228 0.869532 0.705916 0.947630 0.827633 0.797545 0.941609 0.793635 0.928862 0.989292
0.928238 0.914723 0.953254 0.828223 0.942274 0.859389 0.965142 0.890973 0.938261 0.978436 0.924097 0.921845 0.954166 0.858901 0.929463 0.740378 0.991014 0.970848 0.975747 0.944639 0.966775 0.981260 0.911194 0.726900 0.861782 0.875980 0.825546 0.000000 0.923774 0.974790 0.963774 0.954898 0.962351 0.917252 0.924270 0.946317 0.963168 0.964266 0.780305 0.932618 0.863794 0.823051 0.907683 0.912009 0.874506 0.895874 0.834606 0.998218 0.843888 0.965289 0.950643 0.994987 0.944991 0.938154 0.947021 0.978605 0.956190 0.956439 0.929379 0.817964 0.897926 0.938266 0.909349 0.841926 0.915514 0.874067 0.932554 0.940633 0.970696 0.978009 0.933178 0.869708 0.989098 0.952035 0.801093 0.961118 0.832928 0.830792 0.996056 0.932554 0.962838 0.997319 0.883002 0.904366 0.882337 0.798723 0.921048 0.970570 0.955898 0.893687 0.977830 0.879907 0.982543 0.905326 0.815923 0.965648 0.962357 0.778586 0.952766 0.930693 0.917351 0.879288 0.843085 0.827634 0.966802 0.837788 0.835903 0.959480 0.950473 0.899344 0.899710 0.858623 0.995009 0.960760 0.902001 0.882166
0.389657 0.365596 0.753710 0.862469 0.727581 0.752849 0.883712 0.546973 0.977612 0.501787 0.601957 0.414675 0.612958 0.563480 0.588787 0.718615 0.372193 0.377977 0.385574 0.427843 0.828764 0.960616 0.529865 0.884169 0.630021 0.588759 0.943697 0.923774 0.000000 0.320781 0.768612 0.773056 0.607260 0.596253 0.774037 0.887484 0.737854 0.955633 0.844595 0.973499 0.833991 0.837322 0.881474 0.755770 0.710281 0.607475 0.750212 0.699509 0.453814 0.504843 0.615823 0.635079 0.755741 0.996683 0.799337 0.819952 0.408648 0.350008 0.603548 0.557358 0.832801 0.713740 0.437243 0.348038 0.609399 0.626292 0.764692 0.779528 0.533945 0.384050 0.904385 0.966913 0.798948 0.895940 0.913849 0.946422 0.763416 0.933081 0.594007 0.621389 0.380908 0.494876 0.583581 0.675079 0.771359 0.859964 0.998519 0.895202 0.800886 0.862523 0.833527 0.845627 0.690433 0.556206 0.970134 0.874419 0.936784 0.888542 0.735001 0.715266 0.939088 0.981872 0.796029 0.730975 0.997613 0.934514 0.893776 0.775774 0.801558 0.977941 0.907829 0.736141 0.546038 0.779600 0.966107 0.740758
0.470571 0.360143 0.744891 0.882285 0.765716 0.771449 0.920620 0.600992 0.937878 0.507603 0.663984 0.496772 0.671274 0.536870 0.552710 0.700220 0.354202 0.346659 0.380666 0.383672 0.827504 0.884111 0.519766 0.962980 0.725010 0.604872 0.917581 0.974790 0.320781 0.000000 0.734102 0.678874 0.597409 0.581180 0.690207 0.940025 0.821428 0.971272 0.902912 0.949236 0.930419 0.859404 0.837988 0.721154 0.664836 0.615793 0.704821 0.727000 0.475112 0.542662 0.584137 0.625242 0.697773 0.918191 0.828640 0.935573 0.426720 0.402537 0.796987 0.716364 0.931049 0.881978 0.474130 0.404728 0.566791 0.601150 0.692223 0.728104 0.617378 0.468475 0.916406 0.925323 0.794297 0.885952 0.876961 0.988186 0.794198 0.889118 0.475445 0.515074 0.361445 0.459708 0.535032 0.654439 0.805797 0.865464 0.964216 0.892189 0.877549 0.971945 0.752357 0.790059 0.595106 0.463607 0.956229 0.969224 0.911171 0.899757 0.821480 0.786827 0.919965 0.900556 0.837297 0.727776 0.933613 0.929161 0.891030 0.783597 0.884321 0.918464 0.956659 0.770357 0.538977 0.716912 0.993919 0.839720
0.925868 0.930709 0.615967 0.675108 0.936459 0.790879 0.376433 0.533256 0.888150 0.747969 0.891219 0.976874 0.768941 0.802190 0.842108 0.928062 0.888123 0.955005 0.750101 0.898182 0.737046 0.729779 0.699068 0.961552 0.946752 0.756708 0.807056 0.963774 0.768612 0.734102 0.000000 0.396348 0.428892 0.347380 0.715678 0.756470 0.927971 0.904741 0.934738 0.983895 0.931341 0.953212 0.592187 0.642977 0.595153 0.730362 0.664508 0.743961 0.975081 0.942888 0.601258 0.646331 0.665834 0.579718 0.854913 0.956555 0.950411 0.938904 0.790739 0.813344 0.652215 0.903994 0.550285 0.780304 0.987000 0.929099 0.671641 0.639413 0.991932 0.926668 0.523371 0.609764 0.465039 0.519437 0.947644 0.893836 0.795472 0.650360 0.675528 0.749211 0.799450 0.883336 0.958687 0.969329 0.996287 0.968123 0.768132 0.941408 0.932438 0.963787 0.671926 0.789379 0.859785 0.957793 0.813591 0.957861 0.789320 0.825193 0.588861 0.648340 0.782615 0.639149 0.598804 0.661634 0.775514 0.718334 0.858737 0.907308 0.921365 0.904369 0.758309 0.809880 0.698950 0.750852 0.873198 0.900809
0.859806 0.890439 0.616183 0.616902 0.980931 0.826457 0.492980 0.517238 0.989389 0.751579 0.899491 0.915510 0.748967 0.608052 0.769565 0.745279 0.834506 0.835658 0.645245 0.817277 0.736289 0.897045 0.570844 0.781940 0.836008 0.814545 0.851631 0.954898 0.773056 0.678874 0.396348 0.000000 0.489392 0.428258 0.826175 0.771825 0.865758 0.993549 0.923370 0.935385 0.837638 0.973048 0.597901 0.585399 0.624970 0.695802 0.501834 0.693150 0.899172 0.919045 0.594118 0.646135 0.628998 0.687729 0.738815 0.950330 0.927789 0.950068 0.932922 0.889979 0.761737 0.977689 0.595023 0.784342 0.910087 0.871349 0.780207 0.724292 0.985040 0.868069 0.630394 0.763954 0.554786 0.554748 0.950842 0.912075 0.856441 0.762827 0.624598 0.684219 0.662638 0.683934 0.767981 0.904596 0.787478 0.798921 0.804440 0.789075 0.966349 0.931701 0.871165 0.986774 0.978782 0.819196 0.909376 0.927276 0.829625 0.897266 0.772142 0.741866 0.910844 0.837134 0.765583 0.827928 0.854798 0.719791 0.756969 0.910301 0.983816 0.899886 0.853613 0.763171 0.640127 0.805875 0.854598 0.860979
0.607538 0.781103 0.644208 0.780315 0.880939 0.833386 0.416028 0.462517 0.896499 0.603916 0.614853 0.755926 0.580641 0.646635 0.740706 0.840670 0.718366 0.723306 0.501194 0.662398 0.857465 0.744929 0.569152 0.973395 0.975661 0.936816 0.871591 0.962351 0.607260 0.597409 0.428892 0.489392 0.000000 0.322606 0.842388 0.717188 0.770473 0.833040 0.865176 0.980222 0.969544 0.901111 0.705546 0.677229 0.597458 0.653750 0.523678 0.662542 0.771120 0.801871 0.582095 0.684771 0.693842 0.847221 0.691917 0.882444 0.759782 0.749871 0.555217 0.611186 0.557649 0.855824 0.383627 0.538665 0.970484 0.990925 0.689730 0.713729 0.713578 0.631725 0.631588 0.753648 0.604719 0.639063 0.823008 0.978662 0.756748 0.840594 0.687508 0.725882 0.597207 0.633922 0.845593 0.913937 0.762234 0.977061 0.849391 0.895706 0.717399 0.738263 0.794403 0.878222 0.935998 0.889470 0.939643 0.994674 0.775101 0.751817 0.556627 0.579449 0.857886 0.796352 0.617991 0.641990 0.704750 0.681145 0.923557 0.988493 0.929913 0.856789 0.786120 0.715814 0.579193 0.698973 0.909774 0.905328
0.733347 0.815520 0.711357 0.767771 0.994376 0.851228 0.430203 0.492064 0.885453 0.660310 0.789009 0.856310 0.704298 0.700100 0.727461 0.899950 0.733355 0.712776 0.559595 0.755627 0.850045 0.819213 0.641705 0.951213 0.984849 0.886811 0.848289 0.917252 0.596253 0.581180 0.347380 0.428258 0.322606 0.000000 0.860401 0.718139 0.770129 0.860930 0.940375 0.956921 0.960066 0.929498 0.604365 0.559423 0.540148 0.605634 0.544524 0.580125 0.793780 0.741686 0.523469 0.583191 0.659040 0.720711 0.732760 0.816912 0.806001 0.810629 0.670160 0.661394 0.636728 0.951923 0.445766 0.592000 0.984234 0.989998 0.715397 0.668574 0.843883 0.721783 0.651809 0.754990 0.605286 0.560500 0.898168 0.930227 0.771884 0.688504 0.592409 0.676702 0.601487 0.664852 0.792519 0.883012 0.810402 0.940392 0.800827 0.843698 0.819226 0.893495 0.820240 0.904101 0.991123 0.880513 0.822679 0.950328 0.905595 0.764633 0.589484 0.628287 0.851923 0.791229 0.589505 0.644992 0.781388 0.691456 0.871566 0.913040 0.951100 0.883080 0.841787 0.703603 0.524265 0.682366 0.854824 0.791555
0.866163 0.699294 0.568826 0.599366 0.916520 0.804496 0.660105 0.830732 0.916130 0.730530 0.901156 0.823636 0.995996 0.961898 0.914777 0.920370 0.817191 0.745481 0.943429 0.858071 0.754510 0.872065 0.945388 0.844594 0.620199 0.534026 0.952860 0.924270 0.774037 0.690207 0.715678 0.826175 0.842388 0.860401 0.000000 0.809438 0.885062 0.779833 0.876087 0.884105 0.903739 0.899605 0.753114 0.858495 0.869033 0.961284 0.758638 0.835360 0.707588 0.859960 0.923096 0.956927 0.917514 0.804209 0.833170 0.998677 0.822494 0.734889 0.912302 0.944192 0.818750 0.974321 0.988158 0.797074 0.569179 0.565631 0.414702 0.437290 0.939859 0.782996 0.711634 0.728918 0.796921 0.858830 0.883806 0.992853 0.819762 0.929899 0.898506 0.833442 0.822626 0.883268 0.806544 0.838316 0.944393 0.770310 0.994063 0.901242 0.891094 0.783312 0.526945 0.728734 0.565400 0.651448 0.802000 0.870500 0.698506 0.773383 0.766323 0.743225 0.687753 0.782534 0.809182 0.894506 0.580147 0.699279 0.898534 0.824245 0.922253 0.941428 0.812249 0.797537 0.981312 0.837081 0.925068 0.906213
0.931569 0.889985 0.681765 0.614629 0.913343 0.845763 0.737735 0.930227 0.892181 0.900289 0.993795 0.814727 0.945481 0.979980 0.957210 0.905322 0.858783 0.970857 0.956379 0.954457 0.891762 0.736990 0.990801 0.935802 0.691349 0.654698 0.919067 0.946317 0.887484 0.940025 0.756470 0.771825 0.717188 0.718139 0.809438 0.000000 0.871984 0.642104 0.761744 0.957192 0.994876 0.944129 0.841789 0.860310 0.844014 0.952175 0.795463 0.855837 0.901462 0.953569 0.890399 0.938119 0.838053 0.872807 0.978381 0.980560 0.896244 0.871582 0.996837 0.989449 0.954963 0.891045 0.971927 0.897532 0.727919 0.742779 0.635887 0.676563 0.966311 0.931562 0.842735 0.901105 0.883062 0.769955 0.983930 0.770779 0.889074 0.736309 0.912574 0.892000 0.990699 0.872821 0.986894 0.928814 0.930723 0.809734 0.862215 0.996271 0.963420 0.864664 0.828306 0.927282 0.795170 0.792225 0.894138 0.987732 0.887741 0.817582 0.883741 0.859487 0.987897 0.811741 0.900221 0.853095 0.844477 0.899609 0.778335 0.883951 0.867202 0.981190 0.980887 0.992861 0.810363 0.878997 0.990464 0.912946
0.750679 0.766087 0.939971 0.874631 0.942320 0.927746 0.913525 0.874316 0.853277 0.999028 0.792252 0.803600 0.829127 0.857517 0.826540 0.954273 0.819196 0.769094 0.758289 0.789409 0.909194 0.750864 0.902781 0.992374 0.957745 0.996766 0.882554 0.963168 0.737854 0.821428 0.927971 0.865758 0.770473 0.770129 0.885062 0.871984 0.000000 0.740716 0.941090 0.810789 0.835180 0.911442 0.918777 0.778908 0.894195 0.814417 0.750982 0.695752 0.871865 0.817678 0.791792 0.822510 0.872154 0.928512 0.767379 0.936341 0.779199 0.820741 0.774906 0.862687 0.900322 0.831610 0.820652 0.857165 0.907402 0.989356 0.899558 0.930537 0.659656 0.676806 0.988631 0.951320 0.998208 0.900281 0.949523 0.820301 0.912054 0.975984 0.872221 0.936538 0.839802 0.756289 0.963814 0.901357 0.766200 0.913503 0.863784 0.929198 0.744973 0.698274 0.977498 0.976988 0.932239 0.979035 0.928017 0.885789 0.991302 0.848647 0.810644 0.804771 0.921769 0.961116 0.763576 0.805010 0.980424 0.819620 0.904820 0.956073 0.837794 0.780994 0.770960 0.701166 0.826534 0.790846 0.809142 0.983956
0.873396 0.998327 0.794326 0.808206 0.998518 0.962451 0.848354 0.867945 0.872741 0.878614 0.851918 0.973528 0.938062 0.987309 0.935175 0.871200 0.987369 0.997980 0.899158 0.898263 0.999922 0.738276 0.909994 0.831917 0.897611 0.831647 0.975738 0.964266 0.955633 0.971272 0.904741 0.993549 0.833040 0.860930 0.779833 0.642104 0.740716 0.000000 0.873523 0.862896 0.917502 0.724775 0.899543 0.929168 0.934467 0.978041 0.885933 0.811014 0.892474 0.937250 0.887163 0.911665 0.883045 0.888504 0.918703 0.996133 0.926311 0.961712 0.868240 0.914273 0.860283 0.865470 0.887309 0.992742 0.821400 0.816244 0.726124 0.771936 0.762275 0.965424 0.786810 0.865974 0.790432 0.828180 0.949531 0.975793 0.985771 0.830773 0.944895 0.973608 0.966577 0.937752 0.806296 0.808945 0.982527 0.987996 0.987789 0.780405 0.881884 0.831665 0.785886 0.811444 0.780005 0.687406 0.976118 0.788624 0.813259 0.791666 0.823738 0.744554 0.744187 0.895348 0.730043 0.772511 0.858572 0.922953 0.970894 0.907422 0.993572 0.894413 0.849329 0.811884 0.831144 0.646442 0.927541 0.956358
