0.000000 0.255929 0.395192 0.420072 0.854551 0.738130 0.430021 0.412244 0.759469 0.667629 0.346085 0.272745 0.296606 0.462395 0.451648 0.450257 0.273028 0.246377 0.294049 0.296386 0.621270 0.729093 0.477955 0.505983 0.557305 0.540062 0.969046 0.835904 0.283468 0.270549 0.359351 0.489930 0.345270 0.343750 0.662526 0.736416 0.615227 0.715357 0.785191 0.839826 0.993890 0.767740 0.452209 0.406721 0.435095 0.369123 0.367313 0.356192 0.686605 0.498273 0.500227 0.561693 0.637178 0.718883 0.658648 0.824376 0.350225 0.348230 0.326930 0.343271 0.235064 0.368696 0.235843 0.298401 0.395809 0.357300 0.404697 0.330033 0.436525 0.356094 0.534357 0.553773 0.400022 0.401171 0.761252 0.680766 0.550256 0.464325 0.427182 0.418040 0.271513 0.291091 0.377312 0.490253 0.420839 0.340806 0.958201 0.845336 0.812625 0.623371 0.846092 0.919586 0.846182 0.916528 0.584118 0.607298 0.584870 0.730371 0.540189 0.520463 0.730458 0.678859 0.598969 0.598687 0.547394 0.627556 0.979162 0.843599 0.763622 0.728472 0.907124 0.617760 0.614274 0.647420 0.605726 0.834150
0.255929 0.000000 0.544813 0.516092 0.734786 0.874823 0.528917 0.435349 0.802281 0.708869 0.451847 0.313394 0.480678 0.580645 0.597905 0.552778 0.215078 0.262633 0.408408 0.383310 0.671056 0.753749 0.582429 0.674829 0.684471 0.646079 0.795403 0.860378 0.308255 0.318977 0.455050 0.625970 0.411146 0.410797 0.739066 0.610761 0.684157 0.642615 0.841572 0.883724 0.964766 0.597458 0.472624 0.442134 0.429852 0.415137 0.435032 0.418147 0.597624 0.481783 0.450702 0.519067 0.648979 0.636885 0.731882 0.913656 0.237487 0.213301 0.324241 0.342549 0.309097 0.348032 0.229619 0.165157 0.551067 0.470097 0.444699 0.335623 0.480829 0.285745 0.519778 0.500699 0.412274 0.422113 0.877082 0.696268 0.603423 0.398609 0.461065 0.564737 0.260476 0.404696 0.392605 0.480753 0.539268 0.498300 0.952793 0.958321 0.883194 0.660338 0.824740 0.904974 0.793556 0.921014 0.555677 0.681944 0.637106 0.584231 0.534823 0.498178 0.769622 0.729302 0.578051 0.561746 0.457170 0.579452 0.884544 0.785754 0.860847 0.750573 0.745705 0.542404 0.654433 0.692544 0.599594 0.822652
0.395192 0.544813 0.000000 0.174963 0.833279 0.575661 0.173506 0.230770 0.419370 0.365261 0.388064 0.382697 0.281470 0.557092 0.437958 0.429039 0.538360 0.406917 0.296127 0.394644 0.670865 0.678097 0.336762 0.354761 0.607846 0.344947 0.984511 0.969329 0.521277 0.410985 0.317027 0.378704 0.292050 0.296753 0.665459 0.776441 0.659072 0.880217 0.596996 0.762844 0.798648 0.911666 0.284724 0.292193 0.294952 0.307905 0.290802 0.349978 0.555484 0.429705 0.448596 0.425571 0.492633 0.575237 0.630750 0.654027 0.687038 0.704558 0.377767 0.456646 0.243277 0.364015 0.522933 0.579975 0.240416 0.210437 0.264309 0.264153 0.674604 0.570997 0.423176 0.483727 0.479382 0.434554 0.791723 0.668190 0.481390 0.559550 0.483935 0.389130 0.476844 0.388568 0.651111 0.677897 0.500875 0.364332 0.952291 0.874809 0.734849 0.613426 0.549846 0.628515 0.616633 0.625342 0.513119 0.540875 0.385298 0.667138 0.381827 0.328938 0.614624 0.508818 0.557848 0.491935 0.411848 0.507381 0.882831 0.742456 0.779285 0.836401 0.778817 0.470846 0.428807 0.690252 0.542077 0.806345
0.420072 0.516092 0.174963 0.000000 0.790932 0.567331 0.198638 0.175981 0.422571 0.370650 0.466230 0.376884 0.326583 0.525638 0.455387 0.386683 0.557469 0.421762 0.320198 0.408923 0.584859 0.686103 0.323941 0.334312 0.705581 0.376175 0.931391 0.971335 0.472219 0.419502 0.336823 0.407818 0.262699 0.271039 0.706603 0.766720 0.661568 0.937788 0.747440 0.858690 0.828595 0.839242 0.279966 0.300258 0.318753 0.328461 0.319516 0.380860 0.586444 0.437670 0.459306 0.405387 0.503054 0.516108 0.666942 0.671392 0.677343 0.682250 0.363936 0.431978 0.257911 0.317168 0.520905 0.550507 0.283755 0.189996 0.274102 0.268335 0.729100 0.538286 0.377416 0.419665 0.497294 0.436305 0.776763 0.648000 0.452202 0.543743 0.496138 0.461817 0.486837 0.375248 0.679448 0.586404 0.514797 0.343963 0.998817 0.883537 0.713987 0.574808 0.460582 0.543260 0.503493 0.554445 0.529866 0.556383 0.394802 0.591568 0.351417 0.292863 0.537472 0.532466 0.543833 0.443394 0.391689 0.525555 0.894880 0.756366 0.846685 0.843177 0.792874 0.420687 0.398899 0.582485 0.508353 0.781293
0.854551 0.734786 0.833279 0.790932 0.000000 0.821147 0.730425 0.686851 0.793188 0.878565 0.891400 0.810610 0.748831 0.986021 0.838283 0.795137 0.767052 0.839882 0.766168 0.907316 0.859598 0.793247 0.734215 0.821080 0.936086 0.998189 0.742324 0.888972 0.787411 0.800702 0.837767 0.995921 0.781265 0.772867 0.906920 0.853708 0.953036 0.975263 0.995631 0.837814 0.979105 0.994233 0.795929 0.808500 0.693021 0.729874 0.783308 0.776231 0.716709 0.664418 0.712766 0.714715 0.807555 0.618986 0.898790 0.804857 0.852404 0.806850 0.711265 0.739059 0.639147 0.675173 0.667138 0.718515 0.803722 0.735280 0.690845 0.719870 0.882666 0.832318 0.620208 0.723219 0.838420 0.825308 0.997437 0.782526 0.828607 0.874268 0.884066 0.978441 0.646085 0.755423 0.814724 0.867132 0.771480 0.774765 0.871394 0.929482 0.888319 0.909015 0.770647 0.773960 0.751530 0.863829 0.817344 0.878950 0.847659 0.690718 0.754598 0.679387 0.829302 0.873931 0.852166 0.822289 0.757165 0.749379 0.819650 0.788242 0.689845 0.923870 0.937667 0.694097 0.712669 0.826817 0.869896 0.944997
0.738130 0.874823 0.575661 0.567331 0.821147 0.000000 0.507272 0.571238 0.485624 0.621652 0.748531 0.753708 0.639302 0.903206 0.754279 0.644424 0.920794 0.863276 0.705829 0.802938 0.823244 0.883998 0.626115 0.671651 0.876359 0.660359 0.914553 0.757571 0.920100 0.902101 0.634411 0.766109 0.644061 0.655559 0.571637 0.847864 0.955235 0.779835 0.945486 0.905825 0.928382 0.970111 0.609242 0.632627 0.576316 0.610947 0.679561 0.697222 0.893938 0.689576 0.728962 0.628615 0.626184 0.674172 0.815991 0.749941 0.897458 0.979967 0.710284 0.691448 0.645659 0.687056 0.829841 0.930704 0.706406 0.610097 0.543645 0.630331 0.864765 0.790245 0.661806 0.556342 0.797330 0.763388 0.789011 0.876658 0.681162 0.833589 0.756687 0.663378 0.747085 0.670103 0.998087 0.840107 0.772744 0.660298 0.998750 0.838117 0.910421 0.764129 0.537395 0.661761 0.537614 0.612346 0.619942 0.697396 0.587560 0.898199 0.604216 0.630870 0.688308 0.648828 0.780476 0.626143 0.567724 0.802573 0.833919 0.861063 0.871900 0.988911 0.905337 0.750867 0.626326 0.779514 0.680408 0.890478
0.430021 0.528917 0.173506 0.198638 0.730425 0.507272 0.000000 0.170884 0.360352 0.284059 0.442931 0.466540 0.379216 0.711602 0.566254 0.511014 0.481413 0.380220 0.290726 0.425952 0.713904 0.666597 0.377811 0.483035 0.723345 0.425926 0.935251 0.934056 0.547375 0.449662 0.369282 0.456678 0.261626 0.248179 0.653429 0.667669 0.710470 0.917666 0.829020 0.829908 0.846078 0.823593 0.191683 0.196021 0.199097 0.216791 0.286880 0.312627 0.490813 0.359350 0.358477 0.340626 0.424106 0.431570 0.641584 0.653831 0.612290 0.628863 0.318885 0.433079 0.266054 0.399194 0.470116 0.540951 0.327076 0.249270 0.158639 0.204966 0.718368 0.544529 0.327463 0.341325 0.522301 0.386765 0.823602 0.633042 0.381757 0.528150 0.452482 0.416802 0.423234 0.371288 0.709060 0.671102 0.536782 0.434080 0.972121 0.901839 0.767327 0.717640 0.369857 0.429275 0.432197 0.429408 0.470054 0.519664 0.354493 0.607639 0.268887 0.232422 0.482034 0.398042 0.494586 0.384484 0.332149 0.437548 0.828898 0.674170 0.754287 0.848766 0.728826 0.367464 0.324825 0.604716 0.465883 0.754951
0.412244 0.435349 0.230770 0.175981 0.686851 0.571238 0.170884 0.000000 0.403922 0.255894 0.444438 0.369592 0.363041 0.600397 0.525335 0.452876 0.449040 0.367267 0.325589 0.377322 0.687950 0.667833 0.385541 0.451724 0.797481 0.483944 0.838890 0.932427 0.497353 0.431749 0.411967 0.490802 0.279453 0.268303 0.728508 0.690529 0.738462 0.896750 0.889425 0.931211 0.871584 0.733780 0.242437 0.264793 0.275666 0.283903 0.357952 0.357139 0.495973 0.356492 0.390442 0.350723 0.481674 0.425948 0.709607 0.759928 0.556885 0.535263 0.268833 0.369199 0.251899 0.280276 0.447068 0.444751 0.350073 0.223424 0.226609 0.234158 0.754059 0.462675 0.359468 0.370077 0.545488 0.433569 0.844328 0.618421 0.457419 0.481641 0.439285 0.536804 0.424497 0.400433 0.699474 0.643007 0.568335 0.418096 0.959422 0.893026 0.786673 0.648628 0.388528 0.455391 0.409416 0.480659 0.446986 0.510553 0.402684 0.515743 0.277664 0.222797 0.444690 0.466791 0.469431 0.388847 0.319297 0.436175 0.830966 0.693621 0.790741 0.784444 0.766503 0.328753 0.332808 0.602795 0.514135 0.713364
0.759469 0.802281 0.419370 0.422571 0.793188 0.485624 0.360352 0.403922 0.000000 0.379069 0.783506 0.733641 0.629019 0.851392 0.754927 0.640093 0.791885 0.771011 0.659751 0.728654 0.880796 0.762149 0.537207 0.581369 0.977517 0.583675 0.933675 0.993061 0.899409 0.809101 0.616459 0.647788 0.575559 0.549119 0.760319 0.721438 0.972908 0.981783 0.959620 0.871610 0.731963 0.853713 0.428611 0.490839 0.465439 0.508773 0.549698 0.597905 0.682582 0.502783 0.466630 0.432705 0.440181 0.407825 0.804450 0.703089 0.936437 0.951623 0.528112 0.668269 0.560075 0.629370 0.770527 0.811385 0.581303 0.477621 0.403019 0.521294 0.929094 0.768818 0.473745 0.517196 0.773315 0.641279 0.960640 0.779152 0.630828 0.695588 0.691340 0.642197 0.723499 0.711939 0.872618 0.886433 0.781470 0.648497 0.814939 0.830699 0.727811 0.822145 0.327821 0.405461 0.351822 0.406062 0.593477 0.746483 0.488418 0.611980 0.400927 0.427603 0.514385 0.496235 0.659472 0.552570 0.503045 0.577753 0.629219 0.663587 0.957196 0.990674 0.823097 0.495136 0.453535 0.858799 0.587622 0.769072
0.667629 0.708869 0.365261 0.370650 0.878565 0.621652 0.284059 0.255894 0.379069 0.000000 0.650259 0.593930 0.601184 0.825752 0.739409 0.662071 0.623237 0.598464 0.559206 0.540594 0.917425 0.820148 0.516813 0.642861 0.935469 0.562977 0.955828 0.922106 0.769936 0.633139 0.545578 0.556131 0.433612 0.416287 0.782977 0.643909 0.854809 0.856223 0.953333 0.967372 0.783179 0.762371 0.311470 0.323379 0.346422 0.372493 0.514357 0.467296 0.481849 0.383995 0.418612 0.360687 0.433996 0.453524 0.841936 0.832215 0.732230 0.747752 0.409538 0.525059 0.523169 0.490553 0.678856 0.656886 0.550419 0.431442 0.327942 0.390018 0.996097 0.633532 0.448859 0.410695 0.727026 0.515265 0.834785 0.706597 0.495528 0.576959 0.526332 0.605260 0.677676 0.685663 0.918258 0.892762 0.842401 0.715669 0.904398 0.956073 0.893965 0.814660 0.356626 0.382911 0.416476 0.443175 0.548250 0.502883 0.422233 0.611977 0.245176 0.264173 0.423125 0.390194 0.466889 0.455240 0.452414 0.429298 0.661623 0.595023 0.869055 0.854811 0.684131 0.426153 0.366416 0.796286 0.540439 0.615254
0.346085 0.451847 0.388064 0.466230 0.891400 0.748531 0.442931 0.444438 0.783506 0.650259 0.000000 0.382688 0.446703 0.610748 0.667490 0.639674 0.440763 0.284695 0.282089 0.267862 0.712108 0.738900 0.709012 0.625551 0.748519 0.583613 0.946661 0.828304 0.447982 0.340123 0.527181 0.549397 0.490967 0.435618 0.905619 0.887439 0.792774 0.866509 0.794038 0.756202 0.961850 0.965115 0.564580 0.504122 0.553013 0.514876 0.521528 0.541337 0.829335 0.637799 0.667589 0.709442 0.732947 0.765562 0.772379 0.942575 0.482189 0.472129 0.558443 0.564822 0.409012 0.564512 0.392009 0.494647 0.584642 0.517325 0.545303 0.420502 0.588599 0.627282 0.703415 0.635403 0.552195 0.509077 0.829328 0.710260 0.629506 0.562436 0.579729 0.437817 0.447041 0.389497 0.633624 0.680174 0.729791 0.584802 0.976277 0.864347 0.906949 0.828631 0.811777 0.857010 0.876484 0.833782 0.675884 0.630005 0.698011 0.907711 0.631866 0.555139 0.747189 0.631301 0.625378 0.546495 0.627955 0.789745 0.963004 0.891483 0.936881 0.852683 0.877133 0.676685 0.649296 0.747825 0.731257 0.945311
0.272745 0.313394 0.382697 0.376884 0.810610 0.753708 0.466540 0.369592 0.733641 0.593930 0.382688 0.000000 0.286233 0.363466 0.326361 0.302473 0.370229 0.315004 0.351236 0.343027 0.569056 0.674826 0.376123 0.405680 0.619185 0.526766 0.997560 0.876846 0.317733 0.289626 0.348240 0.448791 0.351869 0.372715 0.736553 0.793381 0.658762 0.722402 0.767978 0.919757 0.928305 0.838490 0.507728 0.476033 0.469953 0.430004 0.441130 0.392616 0.666833 0.478738 0.529269 0.515098 0.641799 0.670638 0.815704 0.894506 0.482579 0.454823 0.398421 0.384589 0.247371 0.284555 0.320663 0.306418 0.429403 0.345969 0.469377 0.377662 0.648416 0.459894 0.540042 0.521280 0.370862 0.392459 0.718282 0.654587 0.611188 0.393434 0.512756 0.505197 0.425622 0.426912 0.449463 0.592768 0.501590 0.397609 0.971720 0.916979 0.833735 0.619156 0.844828 0.942426 0.823360 0.989868 0.607354 0.611504 0.616128 0.688841 0.565224 0.474905 0.746969 0.716346 0.574634 0.614058 0.448803 0.544128 0.921426 0.853141 0.872197 0.690334 0.878819 0.641204 0.662991 0.626299 0.566434 0.902146
0.296606 0.480678 0.281470 0.326583 0.748831 0.639302 0.379216 0.363041 0.629019 0.601184 0.446703 0.286233 0.000000 0.367122 0.289396 0.296264 0.532955 0.473757 0.347093 0.428779 0.631872 0.745960 0.298461 0.311556 0.607418 0.474151 0.970525 0.944891 0.440368 0.418736 0.392378 0.511182 0.393134 0.434181 0.673164 0.817714 0.691779 0.827063 0.641640 0.818708 0.986385 0.977063 0.443587 0.448277 0.451542 0.406419 0.396041 0.396273 0.705209 0.426239 0.487457 0.483898 0.575403 0.644582 0.621451 0.704819 0.671616 0.633695 0.380100 0.393998 0.205451 0.305680 0.402868 0.490464 0.242935 0.265041 0.408795 0.369412 0.668920 0.537907 0.534633 0.525052 0.440421 0.485260 0.774456 0.588989 0.580325 0.596717 0.574828 0.521732 0.466715 0.396536 0.525844 0.670145 0.388557 0.281846 0.891726 0.782742 0.663087 0.572840 0.753585 0.826063 0.734889 0.866214 0.655708 0.663452 0.583798 0.746909 0.550043 0.487287 0.714457 0.717772 0.640335 0.698288 0.456577 0.586339 0.959594 0.835651 0.660003 0.803335 0.911513 0.619969 0.600563 0.610302 0.565677 0.824799
0.462395 0.580645 0.557092 0.525638 0.986021 0.903206 0.711602 0.600397 0.851392 0.825752 0.610748 0.363466 0.367122 0.000000 0.261771 0.289064 0.683252 0.570626 0.503763 0.538504 0.582940 0.739154 0.436400 0.346618 0.588802 0.548485 0.925810 0.908527 0.459300 0.478389 0.478799 0.579500 0.528811 0.556416 0.884949 0.999212 0.683474 0.806287 0.728340 0.768549 0.957772 0.879766 0.667659 0.667670 0.784962 0.684560 0.580850 0.645382 0.913997 0.757883 0.768426 0.735498 0.827707 0.930880 0.813692 0.950556 0.734338 0.732456 0.600329 0.632436 0.478224 0.496619 0.570458 0.576375 0.423680 0.460924 0.680108 0.630480 0.879714 0.590510 0.707529 0.741111 0.571327 0.628366 0.838366 0.625637 0.652225 0.650257 0.681826 0.624427 0.708687 0.645649 0.506565 0.644891 0.488369 0.376490 0.939799 0.887357 0.808182 0.616033 0.964657 0.971084 0.924066 0.924615 0.760326 0.731405 0.844083 0.764771 0.765441 0.701259 0.835612 0.926221 0.744802 0.907583 0.651534 0.723108 0.947847 0.895715 0.886238 0.823843 0.976955 0.820940 0.812443 0.740101 0.659998 0.988429
0.451648 0.597905 0.437958 0.455387 0.838283 0.754279 0.566254 0.525335 0.754927 0.739409 0.667490 0.326361 0.289396 0.261771 0.000000 0.210585 0.639088 0.590775 0.510300 0.578699 0.602595 0.717905 0.218011 0.262142 0.433930 0.462220 0.949279 0.899431 0.486266 0.462335 0.311136 0.402520 0.406348 0.468362 0.647172 0.960949 0.680551 0.853473 0.676945 0.887763 0.981634 0.996913 0.561179 0.581343 0.615480 0.558843 0.482812 0.514361 0.826301 0.677850 0.699509 0.638054 0.756140 0.864827 0.667934 0.755637 0.810445 0.812996 0.558377 0.593830 0.370787 0.443020 0.530109 0.587301 0.318814 0.388144 0.528702 0.523899 0.836576 0.615236 0.580155 0.661809 0.420241 0.554982 0.721177 0.681137 0.595869 0.664679 0.583515 0.612750 0.576833 0.541625 0.457979 0.658283 0.353175 0.293769 0.883817 0.857485 0.858151 0.641214 0.931534 0.959397 0.913515 0.914867 0.737382 0.744031 0.697890 0.748319 0.719380 0.652896 0.898919 0.900376 0.793073 0.887523 0.506745 0.616798 0.957102 0.941681 0.805183 0.781866 0.930753 0.761671 0.724818 0.737374 0.552104 0.967288
0.450257 0.552778 0.429039 0.386683 0.795137 0.644424 0.511014 0.452876 0.640093 0.662071 0.639674 0.302473 0.296264 0.289064 0.210585 0.000000 0.612204 0.571099 0.444512 0.550594 0.605938 0.687278 0.203065 0.213651 0.517033 0.490642 0.932615 0.869986 0.465041 0.461338 0.324316 0.453866 0.379886 0.451904 0.662293 0.826977 0.717979 0.824408 0.774327 0.931638 0.986195 0.919450 0.450502 0.482022 0.516414 0.452729 0.459706 0.438829 0.711901 0.525022 0.528612 0.474155 0.549660 0.642614 0.762419 0.754438 0.772763 0.761119 0.461624 0.514086 0.360539 0.415479 0.483142 0.523320 0.371904 0.377244 0.446949 0.478552 0.852769 0.592321 0.442611 0.488549 0.440141 0.483362 0.655172 0.635395 0.514229 0.597827 0.564148 0.562470 0.580598 0.582812 0.542630 0.698329 0.445689 0.340703 0.941030 0.951166 0.876083 0.716108 0.735888 0.827150 0.698976 0.922178 0.690108 0.673108 0.636180 0.720382 0.597639 0.530687 0.767009 0.718897 0.670719 0.803455 0.421925 0.585718 0.832792 0.804325 0.820897 0.823875 0.863305 0.698321 0.626593 0.642430 0.505913 0.856626
0.273028 0.215078 0.538360 0.557469 0.767052 0.920794 0.481413 0.449040 0.791885 0.623237 0.440763 0.370229 0.532955 0.683252 0.639088 0.612204 0.000000 0.205595 0.355702 0.383122 0.668168 0.702382 0.585492 0.706863 0.631212 0.639176 0.882227 0.839482 0.315223 0.304382 0.454173 0.512125 0.380606 0.391622 0.816735 0.618584 0.705086 0.686579 0.873939 0.823384 0.959439 0.604510 0.450144 0.410840 0.426227 0.408561 0.451822 0.390945 0.617333 0.525316 0.475326 0.575256 0.660320 0.676429 0.749148 0.955061 0.183610 0.239415 0.332049 0.439439 0.377900 0.486828 0.218293 0.213849 0.581373 0.552902 0.433840 0.365959 0.469807 0.396348 0.519542 0.494821 0.435745 0.414225 0.826594 0.686918 0.538203 0.401170 0.404131 0.522652 0.239433 0.437975 0.438275 0.556215 0.564851 0.566361 0.959298 0.957623 0.948108 0.779710 0.811209 0.876308 0.827906 0.916723 0.630784 0.674049 0.617888 0.604538 0.521988 0.460673 0.850515 0.713093 0.517899 0.466663 0.523400 0.580637 0.906835 0.781742 0.809740 0.644577 0.779721 0.572564 0.631190 0.665176 0.583860 0.874485
0.246377 0.262633 0.406917 0.421762 0.839882 0.863276 0.380220 0.367267 0.771011 0.598464 0.284695 0.315004 0.473757 0.570626 0.590775 0.571099 0.205595 0.000000 0.219337 0.236572 0.649028 0.652471 0.594987 0.653926 0.620765 0.529709 0.936408 0.831042 0.253088 0.218336 0.424802 0.451592 0.322512 0.292839 0.808394 0.783264 0.665874 0.753166 0.821050 0.775449 0.920513 0.666074 0.409404 0.354148 0.422900 0.382518 0.409460 0.388102 0.657040 0.547548 0.523132 0.589031 0.676638 0.692259 0.766123 0.930961 0.238234 0.254601 0.379686 0.471376 0.321634 0.476047 0.220578 0.262924 0.521979 0.455535 0.410497 0.329758 0.489104 0.457321 0.542170 0.543090 0.441529 0.367591 0.794370 0.627154 0.567801 0.417189 0.414419 0.429952 0.291381 0.309749 0.449489 0.500622 0.553562 0.484813 0.983014 0.987054 0.947730 0.736078 0.767380 0.827267 0.810325 0.821638 0.604331 0.574185 0.612631 0.703490 0.475231 0.420068 0.726940 0.611827 0.558110 0.446114 0.504519 0.610391 0.977971 0.822165 0.888565 0.721090 0.851955 0.521186 0.562434 0.624927 0.583147 0.864636
0.294049 0.408408 0.296127 0.320198 0.766168 0.705829 0.290726 0.325589 0.659751 0.559206 0.282089 0.351236 0.347093 0.503763 0.510300 0.444512 0.355702 0.219337 0.000000 0.272927 0.654660 0.598346 0.479175 0.467928 0.582318 0.459308 0.935334 0.885527 0.311328 0.241837 0.363917 0.408590 0.315134 0.259031 0.794820 0.749604 0.640729 0.888306 0.730188 0.751027 0.888077 0.785061 0.347590 0.307090 0.398815 0.356418 0.360175 0.369514 0.662612 0.509184 0.526279 0.555195 0.621927 0.664822 0.755926 0.826730 0.444137 0.477270 0.415055 0.517784 0.307704 0.502849 0.315963 0.431093 0.403942 0.380987 0.361023 0.354261 0.601166 0.508056 0.490591 0.479509 0.465448 0.396152 0.797667 0.556572 0.506875 0.526225 0.504683 0.370807 0.393349 0.359451 0.611190 0.604351 0.554658 0.449699 0.930875 0.942728 0.881331 0.789436 0.666789 0.720953 0.734467 0.723550 0.595105 0.558275 0.592369 0.696196 0.439539 0.387369 0.673331 0.580529 0.560268 0.458013 0.484111 0.664562 0.986064 0.786809 0.777066 0.804269 0.848991 0.507173 0.476817 0.610248 0.550264 0.830814
0.296386 0.383310 0.394644 0.408923 0.907316 0.802938 0.425952 0.377322 0.728654 0.540594 0.267862 0.343027 0.428779 0.538504 0.578699 0.550594 0.383122 0.236572 0.272927 0.000000 0.717540 0.669918 0.589647 0.593572 0.694272 0.541891 0.902285 0.823131 0.341228 0.267402 0.455399 0.433591 0.362088 0.318804 0.811909 0.861736 0.732708 0.806414 0.769157 0.810437 0.853051 0.853852 0.467310 0.401061 0.497386 0.446436 0.429753 0.417765 0.706508 0.568866 0.597097 0.619030 0.675455 0.759085 0.807924 0.872374 0.406779 0.398064 0.456635 0.510193 0.366234 0.469359 0.348045 0.397300 0.525456 0.457249 0.491134 0.424587 0.599908 0.495798 0.678646 0.626374 0.508361 0.452031 0.739558 0.644879 0.617669 0.587229 0.520860 0.445774 0.463365 0.374593 0.563370 0.624705 0.682823 0.536382 0.928205 0.955363 0.874079 0.702442 0.800633 0.849479 0.872877 0.873716 0.666207 0.611975 0.612683 0.745852 0.500380 0.475669 0.653108 0.620426 0.646914 0.527796 0.573661 0.666786 0.999114 0.856852 0.851861 0.793019 0.788861 0.589551 0.578545 0.730485 0.610736 0.799681
0.621270 0.671056 0.670865 0.584859 0.859598 0.823244 0.713904 0.687950 0.880796 0.917425 0.712108 0.569056 0.631872 0.582940 0.602595 0.605938 0.668168 0.649028 0.654660 0.717540 0.000000 0.797729 0.599213 0.567215 0.714952 0.693369 0.905562 0.866468 0.638856 0.639650 0.601442 0.700635 0.626782 0.585694 0.770448 0.894537 0.648818 0.972174 0.800631 0.841891 0.900549 0.917755 0.724386 0.744796 0.770903 0.707907 0.587939 0.706363 0.953280 0.852710 0.871194 0.864364 0.871358 0.953949 0.870866 0.875331 0.774961 0.775969 0.731982 0.694640 0.609812 0.658487 0.656243 0.696680 0.631628 0.588674 0.708085 0.658894 0.811384 0.771411 0.725694 0.740116 0.623140 0.703091 0.795747 0.708471 0.742056 0.633562 0.769388 0.673499 0.669624 0.622812 0.592573 0.603385 0.615420 0.574645 0.929807 0.978062 0.889349 0.704032 0.922393 0.997031 0.876020 0.991233 0.876049 0.788260 0.809114 0.903753 0.846025 0.712816 0.957951 0.945801 0.691125 0.733728 0.732354 0.789530 0.913761 0.955584 0.972173 0.926591 0.980880 0.887570 0.904329 0.812458 0.839763 0.891809
0.729093 0.753749 0.678097 0.686103 0.793247 0.883998 0.666597 0.667833 0.762149 0.820148 0.738900 0.674826 0.745960 0.739154 0.717905 0.687278 0.702382 0.652471 0.598346 0.669918 0.797729 0.000000 0.718025 0.692275 0.879719 0.765408 0.816920 0.718494 0.636370 0.663328 0.693479 0.624177 0.559619 0.638152 0.923509 0.878516 0.963501 0.888048 0.969891 0.885579 0.860824 0.952562 0.713696 0.689794 0.748334 0.713112 0.736944 0.783836 0.884057 0.858780 0.823538 0.809772 0.879902 0.822480 0.910421 0.852878 0.759443 0.770412 0.811721 0.800283 0.688787 0.808114 0.705757 0.737910 0.750414 0.714639 0.663249 0.691827 0.869322 0.795689 0.674484 0.743040 0.796509 0.639391 0.960032 0.950617 0.780467 0.721967 0.922570 0.686651 0.754729 0.769182 0.779456 0.849171 0.835719 0.740736 0.928575 0.958333 0.902063 0.867183 0.741262 0.851419 0.836801 0.857819 0.825806 0.817709 0.828812 0.815143 0.719093 0.661877 0.884128 0.896192 0.847989 0.657497 0.799928 0.743336 0.983236 0.919359 0.971351 0.878910 0.838575 0.839053 0.752346 0.761332 0.863223 0.843219
0.477955 0.582429 0.336762 0.323941 0.734215 0.626115 0.377811 0.385541 0.537207 0.516813 0.709012 0.376123 0.298461 0.436400 0.218011 0.203065 0.585492 0.594987 0.479175 0.589647 0.599213 0.718025 0.000000 0.240685 0.472843 0.421619 0.997895 0.983780 0.525695 0.481476 0.255932 0.402493 0.299561 0.388673 0.545415 0.769946 0.655293 0.883471 0.727831 0.903392 0.917851 0.938129 0.349472 0.396656 0.377174 0.357084 0.349053 0.381324 0.603773 0.460676 0.464895 0.397811 0.489991 0.605510 0.605453 0.659060 0.786524 0.797263 0.398046 0.469275 0.303749 0.370793 0.501557 0.542778 0.267934 0.306463 0.309594 0.361771 0.827628 0.545079 0.354638 0.424793 0.422571 0.445092 0.702549 0.658370 0.412537 0.602997 0.472335 0.564774 0.501069 0.524318 0.502078 0.636734 0.366493 0.309640 0.883214 0.936866 0.789589 0.661740 0.655457 0.772891 0.635713 0.873722 0.603015 0.640780 0.480068 0.637104 0.503562 0.443318 0.778439 0.707746 0.617994 0.745577 0.356183 0.425488 0.768140 0.810886 0.718571 0.814422 0.766657 0.591745 0.551484 0.662740 0.428855 0.792661
0.505983 0.674829 0.354761 0.334312 0.821080 0.671651 0.483035 0.451724 0.581369 0.642861 0.625551 0.405680 0.311556 0.346618 0.262142 0.213651 0.706863 0.653926 0.467928 0.593572 0.567215 0.692275 0.240685 0.000000 0.519348 0.460558 0.998422 0.953113 0.508973 0.504871 0.333595 0.402027 0.455684 0.453555 0.678155 0.915877 0.704066 0.884401 0.689757 0.860923 0.935701 0.971184 0.493251 0.542635 0.555571 0.508451 0.443547 0.499128 0.728355 0.607587 0.628723 0.569391 0.622115 0.725115 0.690047 0.694903 0.899046 0.930005 0.527473 0.593398 0.390847 0.494445 0.600145 0.692256 0.356137 0.352719 0.474106 0.512625 0.885247 0.681536 0.499848 0.587722 0.490892 0.574521 0.721702 0.716147 0.557727 0.666967 0.622291 0.548633 0.589835 0.564368 0.624553 0.693763 0.473462 0.355715 0.845427 0.800571 0.789998 0.711611 0.730450 0.823305 0.730713 0.895727 0.708790 0.741625 0.596149 0.751303 0.665850 0.565120 0.748098 0.799475 0.717233 0.807160 0.533636 0.665891 0.928231 0.826611 0.781793 0.878224 0.857104 0.715411 0.606667 0.693225 0.553016 0.868472
0.557305 0.684471 0.607846 0.705581 0.936086 0.876359 0.723345 0.797481 0.977517 0.935469 0.748519 0.619185 0.607418 0.588802 0.433930 0.517033 0.631212 0.620765 0.582318 0.694272 0.714952 0.879719 0.472843 0.519348 0.000000 0.503175 0.818666 0.902155 0.534056 0.524762 0.416757 0.416307 0.592272 0.652071 0.611251 0.938695 0.627625 0.931682 0.612558 0.820236 0.949936 0.884542 0.674195 0.683382 0.722318 0.691335 0.573411 0.606075 0.878333 0.916519 0.880614 0.873340 0.890059 0.875827 0.626639 0.836334 0.761542 0.839612 0.715856 0.751560 0.607776 0.763843 0.671065 0.715883 0.544281 0.674986 0.673812 0.717871 0.574799 0.657885 0.765167 0.865497 0.454862 0.698943 0.670810 0.879097 0.732780 0.805164 0.691916 0.582052 0.594018 0.660523 0.586802 0.711989 0.494003 0.512070 0.878835 0.990868 0.936817 0.795023 0.844385 0.753941 0.873397 0.789126 0.704686 0.825424 0.697323 0.877528 0.888314 0.858249 0.822473 0.964557 0.911284 0.950611 0.738956 0.814467 0.874428 0.971945 0.864064 0.823279 0.921093 0.868880 0.901531 0.915781 0.698157 0.977511
0.540062 0.646079 0.344947 0.376175 0.998189 0.660359 0.425926 0.483944 0.583675 0.562977 0.583613 0.526766 0.474151 0.548485 0.462220 0.490642 0.639176 0.529709 0.459308 0.541891 0.693369 0.765408 0.421619 0.460558 0.503175 0.000000 0.887933 0.862115 0.551810 0.464777 0.317600 0.355785 0.378065 0.402286 0.680767 0.809228 0.706481 0.970939 0.602723 0.583990 0.836909 0.846780 0.409563 0.384693 0.471022 0.467774 0.435502 0.445932 0.667089 0.602761 0.576109 0.558996 0.590566 0.743597 0.651427 0.714013 0.776283 0.771738 0.515425 0.602376 0.463486 0.579955 0.597140 0.661076 0.412940 0.420924 0.430626 0.439017 0.756060 0.641180 0.553405 0.494898 0.496417 0.482874 0.722119 0.779271 0.506179 0.705524 0.605500 0.440302 0.622803 0.516213 0.642568 0.624158 0.602608 0.455775 0.890836 0.882807 0.740951 0.644885 0.694283 0.822872 0.771896 0.737113 0.598494 0.728872 0.527076 0.688427 0.517461 0.464317 0.754617 0.616509 0.617062 0.567528 0.484181 0.668175 0.891794 0.762207 0.936626 0.821503 0.856031 0.669253 0.526968 0.804813 0.531963 0.837318
0.969046 0.795403 0.984511 0.931391 0.742324 0.914553 0.935251 0.838890 0.933675 0.955828 0.946661 0.997560 0.970525 0.925810 0.949279 0.932615 0.882227 0.936408 0.935334 0.902285 0.905562 0.816920 0.997895 0.998422 0.818666 0.887933 0.000000 0.982637 0.923954 0.897650 0.918094 0.997705 0.944076 0.860369 0.995596 0.796328 0.885434 0.883377 0.988064 0.915613 0.964540 0.890827 0.933422 0.902846 0.887118 0.925960 0.939540 0.941938 0.888907 0.905077 0.899284 0.921732 0.964518 0.865139 0.974120 0.938021 0.782187 0.786528 0.905790 0.909992 0.924007 0.926828 0.888643 0.815246 0.962323 0.995449 0.899211 0.917720 0.999113 0.778668 0.859012 0.903917 0.984409 0.811773 0.939975 0.975930 0.956291 0.875973 0.999476 0.857739 0.869912 0.962137 0.991880 0.891226 0.874085 0.918065 0.876757 0.933607 0.802913 0.970088 0.886019 0.953913 0.922292 0.998506 0.905306 0.985744 0.914163 0.702856 0.872472 0.868038 0.865368 0.899702 0.796386 0.744690 0.914421 0.892054 0.946765 0.974244 0.934371 0.979028 0.896637 0.800971 0.830976 0.977324 0.895205 0.866451
0.835904 0.860378 0.969329 0.971335 0.888972 0.757571 0.934056 0.932427 0.993061 0.922106 0.828304 0.876846 0.944891 0.908527 0.899431 0.869986 0.839482 0.831042 0.885527 0.823131 0.866468 0.718494 0.983780 0.953113 0.902155 0.862115 0.982637 0.000000 0.881813 0.876652 0.943482 0.969386 0.875002 0.894931 0.903545 0.924349 0.901133 0.955920 0.950347 0.920315 0.837658 0.986315 0.986577 0.930158 0.987688 0.970683 0.979285 0.999374 0.819343 0.954552 0.991836 0.997215 0.961698 0.942909 0.921870 0.866975 0.827598 0.809080 0.952192 0.949904 0.921880 0.969165 0.826694 0.808915 0.957692 0.953774 0.954463 0.919550 0.796518 0.974615 0.849928 0.908601 0.936308 0.944746 0.893585 0.987292 0.910506 0.914147 0.940283 0.848816 0.865481 0.878465 0.959241 0.943042 0.992913 0.925234 0.949018 0.993198 0.997059 0.938076 0.934966 0.966682 0.989416 0.938356 0.852167 0.947066 0.993545 0.925987 0.929268 0.940334 0.927265 0.960140 0.917447 0.780818 0.896414 0.996666 0.971798 0.824148 0.859621 0.904575 0.976244 0.947574 0.927590 0.921331 0.999475 0.947026
0.283468 0.308255 0.521277 0.472219 0.787411 0.920100 0.547375 0.497353 0.899409 0.769936 0.447982 0.317733 0.440368 0.459300 0.486266 0.465041 0.315223 0.253088 0.311328 0.341228 0.638856 0.636370 0.525695 0.508973 0.534056 0.551810 0.923954 0.881813 0.000000 0.228520 0.398455 0.500995 0.395388 0.369170 0.759998 0.817049 0.603215 0.720144 0.761749 0.806822 0.996506 0.790092 0.532997 0.483408 0.519260 0.461660 0.444737 0.418992 0.662870 0.571697 0.588731 0.617728 0.711320 0.772047 0.656554 0.784670 0.368088 0.385789 0.463853 0.437028 0.333918 0.445697 0.261808 0.311328 0.501178 0.444940 0.508503 0.441524 0.552647 0.437355 0.608508 0.608071 0.419275 0.436374 0.739325 0.710189 0.580243 0.503024 0.579904 0.496879 0.348913 0.371400 0.439229 0.431816 0.454251 0.420707 0.930293 0.950061 0.888292 0.580402 0.939158 0.981121 0.928162 0.975547 0.672745 0.693458 0.704845 0.730900 0.625457 0.539183 0.806925 0.823553 0.734442 0.621336 0.598006 0.667498 0.948012 0.874006 0.864969 0.674310 0.841432 0.610504 0.683063 0.624137 0.614600 0.889269
0.270549 0.318977 0.410985 0.419502 0.800702 0.902101 0.449662 0.431749 0.809101 0.633139 0.340123 0.289626 0.418736 0.478389 0.462335 0.461338 0.304382 0.218336 0.241837 0.267402 0.639650 0.663328 0.481476 0.504871 0.524762 0.464777 0.897650 0.876652 0.228520 0.000000 0.296439 0.395002 0.321275 0.266669 0.745653 0.721219 0.657842 0.702566 0.690011 0.854237 0.901070 0.856858 0.462695 0.381805 0.455409 0.388965 0.395941 0.384640 0.660343 0.518426 0.540567 0.567551 0.623815 0.709798 0.649941 0.841156 0.380645 0.385179 0.463921 0.487433 0.330135 0.460882 0.270238 0.317857 0.489765 0.448600 0.440315 0.385146 0.518529 0.427623 0.542453 0.552040 0.369689 0.322308 0.684768 0.608354 0.615985 0.487444 0.525915 0.444446 0.359187 0.338234 0.440787 0.446325 0.568223 0.472934 0.871345 0.893432 0.922374 0.681687 0.885292 0.969153 0.946625 0.997475 0.618094 0.706488 0.603931 0.701966 0.557363 0.481554 0.748571 0.680265 0.577775 0.573164 0.585470 0.647190 0.962281 0.878421 0.880325 0.776660 0.801496 0.631998 0.613813 0.709660 0.569413 0.849954
0.359351 0.455050 0.317027 0.336823 0.837767 0.634411 0.369282 0.411967 0.616459 0.545578 0.527181 0.348240 0.392378 0.478799 0.311136 0.324316 0.454173 0.424802 0.363917 0.455399 0.601442 0.693479 0.255932 0.333595 0.416757 0.317600 0.918094 0.943482 0.398455 0.296439 0.000000 0.277218 0.252558 0.284844 0.521292 0.665472 0.587432 0.775836 0.651180 0.860758 0.936415 0.834531 0.310348 0.293744 0.315409 0.297568 0.288712 0.293546 0.539621 0.483769 0.462227 0.436718 0.519720 0.688432 0.581236 0.678250 0.611840 0.630624 0.410410 0.440752 0.317003 0.432532 0.407743 0.449356 0.351932 0.352237 0.291603 0.324004 0.691025 0.435829 0.395364 0.417902 0.342381 0.292246 0.653301 0.697808 0.441689 0.503997 0.419772 0.418624 0.409237 0.446855 0.462181 0.532812 0.483614 0.396936 0.902629 0.935537 0.851952 0.616143 0.764830 0.898152 0.807371 0.924234 0.577435 0.651780 0.436305 0.669822 0.484789 0.449323 0.734128 0.669428 0.554645 0.586918 0.441942 0.515093 0.817259 0.786432 0.806974 0.767662 0.744992 0.589993 0.495910 0.660305 0.416860 0.874216
0.489930 0.625970 0.378704 0.407818 0.995921 0.766109 0.456678 0.490802 0.647788 0.556131 0.549397 0.448791 0.511182 0.579500 0.402520 0.453866 0.512125 0.451592 0.408590 0.433591 0.700635 0.624177 0.402493 0.402027 0.416307 0.355785 0.997705 0.969386 0.500995 0.395002 0.277218 0.000000 0.338736 0.386655 0.688398 0.863665 0.663273 0.875478 0.621926 0.839706 0.890727 0.878364 0.457411 0.432007 0.517014 0.529665 0.492790 0.460573 0.778966 0.744167 0.715050 0.710175 0.758883 0.898675 0.788221 0.855361 0.659933 0.735047 0.609594 0.704080 0.499009 0.664994 0.570635 0.630124 0.492135 0.506188 0.497300 0.504334 0.681059 0.644902 0.611963 0.598552 0.425056 0.446834 0.665664 0.841237 0.598461 0.583538 0.557052 0.481522 0.576771 0.544528 0.648066 0.710779 0.664840 0.523572 0.987184 0.930858 0.916857 0.801535 0.827715 0.955797 0.914487 0.933979 0.722143 0.703932 0.550278 0.777391 0.597097 0.550082 0.817476 0.711837 0.724444 0.587126 0.595797 0.685171 0.996119 0.852247 0.921489 0.812969 0.727946 0.675465 0.594882 0.783052 0.523917 0.817336
0.345270 0.411146 0.292050 0.262699 0.781265 0.644061 0.261626 0.279453 0.575559 0.433612 0.490967 0.351869 0.393134 0.528811 0.406348 0.379886 0.380606 0.322512 0.315134 0.362088 0.626782 0.559619 0.299561 0.455684 0.592272 0.378065 0.944076 0.875002 0.395388 0.321275 0.252558 0.338736 0.000000 0.243876 0.660063 0.652605 0.657967 0.832405 0.787583 0.853746 0.845912 0.772387 0.255874 0.226759 0.276126 0.262037 0.299504 0.320706 0.527234 0.452165 0.430287 0.408691 0.489810 0.579962 0.619409 0.679763 0.505713 0.497023 0.348507 0.408656 0.279834 0.351491 0.373606 0.407082 0.324561 0.289039 0.234783 0.233629 0.670967 0.420217 0.336598 0.356834 0.417732 0.336420 0.766179 0.666516 0.355867 0.494603 0.359019 0.439149 0.371973 0.360079 0.490859 0.520986 0.463095 0.356421 0.999946 0.989800 0.854715 0.641449 0.555140 0.675753 0.604718 0.725265 0.522995 0.552982 0.384900 0.548763 0.354437 0.295464 0.628939 0.528769 0.558960 0.446474 0.354698 0.397550 0.899943 0.705575 0.811298 0.711379 0.685056 0.499243 0.408548 0.610553 0.424077 0.849088
0.343750 0.410797 0.296753 0.271039 0.772867 0.655559 0.248179 0.268303 0.549119 0.416287 0.435618 0.372715 0.434181 0.556416 0.468362 0.451904 0.391622 0.292839 0.259031 0.318804 0.585694 0.638152 0.388673 0.453555 0.652071 0.402286 0.860369 0.894931 0.369170 0.266669 0.284844 0.386655 0.243876 0.000000 0.617702 0.706619 0.618999 0.770404 0.799732 0.818115 0.865946 0.815948 0.268989 0.218950 0.275686 0.252239 0.282171 0.337056 0.540757 0.417188 0.431275 0.407314 0.509458 0.581884 0.672589 0.690415 0.479195 0.496920 0.356363 0.443339 0.284489 0.403915 0.355164 0.401576 0.360766 0.302399 0.245507 0.249950 0.743324 0.452819 0.424507 0.425826 0.449800 0.373362 0.715392 0.606872 0.413494 0.474689 0.430999 0.392377 0.405820 0.358255 0.557196 0.514355 0.519679 0.444040 0.961340 0.965106 0.903429 0.708601 0.596256 0.675050 0.661854 0.678730 0.526842 0.574912 0.532405 0.591893 0.323686 0.303436 0.600994 0.553432 0.506865 0.383097 0.405924 0.514003 0.804310 0.683914 0.835424 0.816197 0.698640 0.405443 0.422131 0.633120 0.383515 0.758775
0.662526 0.739066 0.665459 0.706603 0.906920 0.571637 0.653429 0.728508 0.760319 0.782977 0.905619 0.736553 0.673164 0.884949 0.647172 0.662293 0.816735 0.808394 0.794820 0.811909 0.770448 0.923509 0.545415 0.678155 0.611251 0.680767 0.995596 0.903545 0.759998 0.745653 0.521292 0.688398 0.660063 0.617702 0.000000 0.839247 0.686009 0.843084 0.909648 0.984013 0.947002 0.933983 0.581467 0.616040 0.540326 0.550088 0.637997 0.620400 0.701050 0.588548 0.628193 0.566221 0.613194 0.724761 0.669928 0.709523 0.888122 0.804690 0.633820 0.578578 0.621077 0.721761 0.657220 0.705719 0.680689 0.678407 0.557913 0.598808 0.873635 0.656657 0.601917 0.647742 0.743833 0.624547 0.790407 0.894125 0.746949 0.672830 0.659944 0.739349 0.652381 0.733136 0.787471 0.877566 0.661158 0.684940 0.913206 0.975918 0.891430 0.801849 0.848491 0.959866 0.806087 0.895963 0.633013 0.799491 0.639561 0.846974 0.655081 0.751656 0.903981 0.881485 0.818987 0.854137 0.626214 0.633214 0.814095 0.844454 0.756686 0.957413 0.654758 0.693370 0.783412 0.955642 0.771052 0.744593
0.736416 0.610761 0.776441 0.766720 0.853708 0.847864 0.667669 0.690529 0.721438 0.643909 0.887439 0.793381 0.817714 0.999212 0.960949 0.826977 0.618584 0.783264 0.749604 0.861736 0.894537 0.878516 0.769946 0.915877 0.938695 0.809228 0.796328 0.924349 0.817049 0.721219 0.665472 0.863665 0.652605 0.706619 0.839247 0.000000 0.981592 0.603860 0.963332 0.946941 0.988070 0.805229 0.574962 0.537397 0.497556 0.548976 0.683615 0.591287 0.534434 0.500699 0.483874 0.508919 0.578481 0.526853 0.810325 0.803656 0.699644 0.655341 0.610850 0.630300 0.709970 0.712170 0.660075 0.604560 0.794284 0.758123 0.542101 0.568383 0.846484 0.536412 0.534556 0.407237 0.810013 0.585683 0.982245 0.966512 0.685916 0.619985 0.657896 0.817629 0.654500 0.804605 0.791717 0.748227 0.910226 0.854241 0.887054 0.900520 0.878140 0.915686 0.659234 0.697676 0.706068 0.759376 0.722126 0.833417 0.633867 0.625423 0.617741 0.602306 0.674305 0.585453 0.589568 0.712932 0.697711 0.639981 0.687652 0.756819 0.769423 0.929849 0.614163 0.720815 0.656295 0.750522 0.689954 0.819896
0.615227 0.684157 0.659072 0.661568 0.953036 0.955235 0.710470 0.738462 0.972908 0.854809 0.792774 0.658762 0.691779 0.683474 0.680551 0.717979 0.705086 0.665874 0.640729 0.732708 0.648818 0.963501 0.655293 0.704066 0.627625 0.706481 0.885434 0.901133 0.603215 0.657842 0.587432 0.663273 0.657967 0.618999 0.686009 0.981592 0.000000 0.852504 0.664923 0.860334 0.954309 0.823541 0.688807 0.656798 0.665277 0.682642 0.621430 0.593261 0.829359 0.797418 0.782780 0.810652 0.895789 0.987277 0.939525 0.958355 0.694185 0.733695 0.715317 0.724401 0.662398 0.709697 0.709530 0.709093 0.618065 0.642332 0.722201 0.664848 0.836758 0.713276 0.800002 0.834416 0.686476 0.657435 0.792044 0.854071 0.645368 0.683134 0.676756 0.873544 0.765781 0.798437 0.783975 0.780632 0.696745 0.701042 0.905141 0.830798 0.863078 0.844587 0.967779 0.960472 0.973865 0.952872 0.726413 0.636385 0.808823 0.887169 0.761503 0.735257 0.964040 0.985085 0.745427 0.741531 0.642337 0.774218 0.896100 0.839188 0.811310 0.812733 0.898418 0.662792 0.834989 0.955709 0.799330 0.698944
0.715357 0.642615 0.880217 0.937788 0.975263 0.779835 0.917666 0.896750 0.981783 0.856223 0.866509 0.722402 0.827063 0.806287 0.853473 0.824408 0.686579 0.753166 0.888306 0.806414 0.972174 0.888048 0.883471 0.884401 0.931682 0.970939 0.883377 0.955920 0.720144 0.702566 0.775836 0.875478 0.832405 0.770404 0.843084 0.603860 0.852504 0.000000 0.898553 0.973313 0.886129 0.992365 0.799115 0.756048 0.742478 0.730000 0.812602 0.774039 0.772708 0.700333 0.662262 0.717428 0.827840 0.807301 0.979196 0.925270 0.603481 0.616590 0.774727 0.733149 0.798086 0.779429 0.671894 0.577235 0.871244 0.876488 0.797172 0.742198 0.900016 0.757201 0.753206 0.800524 0.738419 0.693803 0.898078 0.978172 0.868203 0.563623 0.846554 0.937451 0.804315 0.984952 0.753317 0.967084 0.929834 0.950581 0.818138 0.942084 0.960743 0.967916 0.992538 0.971248 0.981606 0.947037 0.916729 0.846832 0.962071 0.793974 0.759710 0.818778 0.838657 0.814407 0.728999 0.882655 0.854295 0.742555 0.840153 0.852038 0.980531 0.872808 0.756568 0.848893 0.962224 0.845422 0.802289 0.757868
