0.000000 0.140079 0.294953 0.278115 0.677611 0.539631 0.237999 0.190107 0.407425 0.321802 0.158068 0.116103 0.132352 0.213987 0.214235 0.214599 0.124469 0.106250 0.127599 0.125271 0.496300 0.878702 0.249291 0.454533 0.696007 0.631191 0.885820 0.873527 0.169066 0.135153 0.277748 0.349116 0.149319 0.164015 0.447646 0.625246 0.336208 0.394492 0.673182 0.676396 0.663839 0.475468 0.228389 0.200806 0.258102 0.192036 0.202945 0.200925 0.636223 0.324984 0.399488 0.299381 0.456314 0.485949 0.457325 0.460670 0.142268 0.135831 0.151799 0.162323 0.124277 0.160074 0.126191 0.114648 0.361761 0.264010 0.260939 0.240159 0.292045 0.186367 0.218827 0.244642 0.403216 0.385746 0.583480 0.567854 0.334480 0.274848 0.163649 0.176414 0.108737 0.160533 0.446326 0.295403 0.228858 0.421040 0.969804 0.873899 0.379160 0.470399 0.555254 0.641148 0.559892 0.738557 0.439063 0.440280 0.318450 0.504479 0.243112 0.237604 0.517829 0.601820 0.262809 0.278135 0.289836 0.293966 0.681679 0.557997 0.554191 0.335774 0.601235 0.327555 0.321428 0.441399 0.424196 0.922630
0.140079 0.000000 0.412412 0.374281 0.703333 0.574996 0.330713 0.244931 0.469028 0.367545 0.221500 0.136282 0.174483 0.205045 0.241972 0.249104 0.148230 0.123203 0.181959 0.165331 0.520310 0.925349 0.311553 0.479944 0.718774 0.694416 0.902950 0.938163 0.169732 0.171507 0.327117 0.410206 0.198503 0.231747 0.532010 0.635058 0.357165 0.442374 0.788020 0.715187 0.731847 0.416654 0.232192 0.212044 0.242896 0.188997 0.239112 0.210690 0.529755 0.322889 0.382285 0.305415 0.488180 0.530892 0.534332 0.507365 0.108208 0.097486 0.175477 0.186336 0.188144 0.205432 0.168913 0.133702 0.489041 0.381544 0.343098 0.314052 0.327089 0.205711 0.251006 0.268409 0.507320 0.478664 0.605740 0.576555 0.308982 0.306131 0.246535 0.227613 0.154127 0.211659 0.427552 0.304146 0.287016 0.456300 0.897705 0.845511 0.458210 0.498853 0.621333 0.695380 0.620041 0.792554 0.364193 0.492919 0.317402 0.406865 0.269106 0.252279 0.524610 0.670125 0.313375 0.270039 0.320201 0.311752 0.749938 0.580805 0.568559 0.393306 0.591818 0.349912 0.379877 0.426621 0.410702 0.823924
0.294953 0.412412 0.000000 0.124307 0.644063 0.504788 0.144708 0.182434 0.359308 0.316925 0.325604 0.318359 0.287787 0.391034 0.347745 0.332623 0.375903 0.321769 0.221421 0.264329 0.388864 0.825763 0.186886 0.358103 0.492858 0.374075 0.926668 0.920289 0.374015 0.290185 0.196921 0.294888 0.203273 0.220438 0.354591 0.652278 0.349376 0.464709 0.577388 0.616005 0.811416 0.585597 0.273133 0.270209 0.431812 0.396397 0.346277 0.292683 0.911578 0.551579 0.639543 0.520530 0.579907 0.470663 0.463370 0.555254 0.466651 0.447654 0.304417 0.318100 0.232718 0.300513 0.319215 0.333639 0.182329 0.163385 0.172278 0.197982 0.429071 0.277173 0.276263 0.336549 0.383265 0.402331 0.552698 0.718300 0.399805 0.353882 0.299066 0.409034 0.274736 0.227933 0.544052 0.311581 0.278336 0.379146 0.925050 0.927325 0.426473 0.442834 0.477750 0.537718 0.463013 0.615568 0.492320 0.528989 0.452655 0.637732 0.401898 0.354188 0.488076 0.429648 0.417651 0.299878 0.338517 0.369209 0.722084 0.579952 0.600954 0.404117 0.653145 0.501964 0.418628 0.584863 0.535175 0.902830
0.278115 0.374281 0.124307 0.000000 0.698366 0.440798 0.153223 0.143463 0.388864 0.262231 0.359296 0.272827 0.268350 0.327728 0.294727 0.282525 0.342845 0.294334 0.221077 0.250632 0.359452 0.769595 0.161367 0.320214 0.482911 0.346843 0.951890 0.992739 0.335318 0.250764 0.182734 0.251225 0.170233 0.180958 0.298554 0.610757 0.309550 0.450889 0.537201 0.634826 0.790437 0.524801 0.231822 0.236879 0.367795 0.339999 0.289203 0.249988 0.806547 0.476370 0.584779 0.457344 0.554545 0.462169 0.408856 0.500184 0.430261 0.394460 0.275070 0.287723 0.238573 0.267917 0.301948 0.286789 0.209471 0.171340 0.156779 0.160146 0.451349 0.256919 0.245487 0.327301 0.428042 0.508499 0.494579 0.683747 0.348778 0.357196 0.254920 0.379099 0.227114 0.171813 0.486759 0.235926 0.237310 0.316045 0.931558 0.971376 0.404738 0.373492 0.448349 0.517958 0.423576 0.589599 0.435135 0.475683 0.391064 0.579535 0.354381 0.287123 0.460958 0.431439 0.356847 0.267043 0.292383 0.321326 0.763172 0.587942 0.619222 0.397652 0.582541 0.416843 0.383602 0.483449 0.529671 0.961192
0.677611 0.703333 0.644063 0.698366 0.000000 0.840244 0.624909 0.624682 0.782558 0.657604 0.738959 0.701091 0.631082 0.699999 0.676118 0.674244 0.721977 0.714974 0.642453 0.765613 0.760230 0.835058 0.653839 0.759453 0.988563 0.935092 0.919188 0.927230 0.706184 0.739163 0.808792 0.877039 0.654757 0.696334 0.826432 0.849785 0.833597 0.653943 0.897909 0.680240 0.934341 0.698559 0.593184 0.615249 0.623459 0.636397 0.634461 0.649238 0.756693 0.715588 0.595518 0.606061 0.701024 0.628107 0.873380 0.773882 0.668324 0.739735 0.594798 0.647082 0.596166 0.587276 0.651250 0.642749 0.645209 0.616340 0.630960 0.626010 0.847844 0.736466 0.564591 0.688264 0.933226 0.896223 0.932826 0.804931 0.761199 0.787377 0.789188 0.781298 0.727244 0.763498 0.647210 0.732289 0.645944 0.703094 0.989556 0.970883 0.805738 0.732656 0.714966 0.685534 0.751748 0.776681 0.935717 0.735267 0.733881 0.701622 0.627020 0.596754 0.690713 0.690580 0.574756 0.584868 0.583593 0.684140 0.763202 0.614045 0.762433 0.815795 0.779871 0.730149 0.675004 0.751613 0.681308 0.879024
0.539631 0.574996 0.504788 0.440798 0.840244 0.000000 0.417233 0.390286 0.597767 0.425577 0.596592 0.538505 0.560574 0.662358 0.647932 0.613803 0.591167 0.525706 0.555164 0.538846 0.674204 0.929194 0.578554 0.768414 0.868816 0.578240 0.982711 0.827091 0.584251 0.581047 0.565539 0.637355 0.492222 0.504268 0.575326 0.796846 0.582393 0.823887 0.823700 0.879905 0.792783 0.545874 0.386844 0.470539 0.451761 0.477736 0.426039 0.491399 0.775361 0.668988 0.648583 0.575686 0.661607 0.631756 0.675006 0.631288 0.609379 0.600749 0.542426 0.570717 0.538717 0.567909 0.561394 0.556838 0.611088 0.507137 0.399593 0.415700 0.683987 0.548175 0.451895 0.454422 0.698676 0.761446 0.653035 0.855689 0.546204 0.567743 0.496132 0.683865 0.502498 0.503760 0.833009 0.526631 0.581680 0.723160 0.809582 0.824332 0.725473 0.675985 0.384731 0.450116 0.348616 0.527284 0.605613 0.673517 0.451484 0.720011 0.439090 0.438291 0.467954 0.462190 0.569496 0.441581 0.494766 0.522419 0.953300 0.629817 0.793020 0.628770 0.703485 0.480383 0.451858 0.627176 0.664021 0.874021
0.237999 0.330713 0.144708 0.153223 0.624909 0.417233 0.000000 0.109237 0.338041 0.191130 0.268789 0.256582 0.249797 0.351891 0.337396 0.330521 0.280055 0.241105 0.163106 0.232378 0.409171 0.814952 0.237206 0.482934 0.714908 0.553608 0.848127 0.866636 0.316223 0.255423 0.250143 0.324342 0.172547 0.157221 0.388684 0.651988 0.389406 0.459813 0.624997 0.627590 0.742969 0.490781 0.196752 0.170658 0.285585 0.279475 0.294859 0.235597 0.829223 0.520716 0.540420 0.444705 0.555246 0.417364 0.461491 0.602395 0.338320 0.353868 0.209531 0.274026 0.176738 0.269124 0.244360 0.258122 0.273536 0.185601 0.116455 0.128488 0.411514 0.258685 0.212845 0.235379 0.406623 0.437964 0.516072 0.655509 0.350160 0.280506 0.280169 0.378411 0.218960 0.214151 0.533663 0.320483 0.308441 0.467131 0.979195 0.798820 0.430155 0.538860 0.399006 0.438917 0.382002 0.514068 0.448915 0.459536 0.354203 0.545287 0.274602 0.248611 0.407921 0.319564 0.328225 0.217199 0.288004 0.293464 0.753755 0.516509 0.554967 0.361381 0.512264 0.363932 0.300346 0.444915 0.497574 0.860929
0.190107 0.244931 0.182434 0.143463 0.624682 0.390286 0.109237 0.000000 0.351544 0.175420 0.276011 0.188432 0.198346 0.271052 0.266476 0.262727 0.224209 0.194450 0.172481 0.202008 0.410995 0.807963 0.208155 0.425540 0.693585 0.538559 0.847261 0.948019 0.259491 0.202941 0.253870 0.323510 0.143250 0.137623 0.351477 0.579089 0.346513 0.404013 0.657801 0.619371 0.701285 0.455969 0.153947 0.159801 0.214397 0.211717 0.236621 0.200841 0.677495 0.396895 0.423345 0.336799 0.460723 0.384121 0.434933 0.506172 0.278809 0.268163 0.182201 0.224647 0.158049 0.188538 0.206487 0.177944 0.284962 0.189079 0.119239 0.130564 0.434959 0.217205 0.205594 0.257554 0.446767 0.496132 0.523608 0.619061 0.301972 0.262376 0.214051 0.353643 0.166573 0.172772 0.462674 0.265338 0.243639 0.396302 0.975802 0.842211 0.404291 0.429729 0.343788 0.403081 0.334374 0.503877 0.370925 0.376832 0.273886 0.457684 0.206959 0.169075 0.337837 0.379211 0.273916 0.177646 0.214411 0.262565 0.739057 0.459405 0.550879 0.334432 0.487449 0.304297 0.263533 0.390243 0.453808 0.871942
0.407425 0.469028 0.359308 0.388864 0.782558 0.597767 0.338041 0.351544 0.000000 0.358814 0.389805 0.381609 0.388267 0.491249 0.476858 0.443525 0.449676 0.420908 0.395728 0.371747 0.676670 0.930656 0.400976 0.644228 0.737980 0.645941 0.964671 0.846169 0.445734 0.411238 0.419769 0.528385 0.371364 0.393951 0.539385 0.727340 0.472032 0.521778 0.810136 0.773750 0.858865 0.718524 0.397800 0.388062 0.440296 0.437174 0.423985 0.435960 0.831625 0.569338 0.562692 0.501876 0.646536 0.598166 0.637213 0.657397 0.454330 0.479975 0.410921 0.441390 0.326006 0.351661 0.429256 0.438141 0.361521 0.345570 0.377535 0.371812 0.455330 0.430101 0.395644 0.507271 0.372440 0.361630 0.659026 0.617675 0.453623 0.385392 0.511513 0.507269 0.441164 0.465040 0.653054 0.559488 0.474633 0.633492 0.990720 0.725388 0.592272 0.638839 0.547542 0.539775 0.530824 0.595452 0.596290 0.505078 0.579369 0.765018 0.365998 0.396800 0.515224 0.502582 0.502367 0.374173 0.495246 0.484590 0.760443 0.545840 0.654630 0.529315 0.510713 0.552646 0.443148 0.682059 0.545392 0.855109
0.321802 0.367545 0.316925 0.262231 0.657604 0.425577 0.191130 0.175420 0.358814 0.000000 0.326512 0.297920 0.334862 0.400254 0.398588 0.390399 0.304711 0.299477 0.289936 0.342753 0.527679 0.761093 0.360004 0.585183 0.861752 0.626667 0.845322 0.944127 0.357368 0.300172 0.375351 0.424469 0.251272 0.240360 0.396622 0.660272 0.463623 0.492044 0.730419 0.684225 0.810093 0.454930 0.265430 0.278522 0.319033 0.338280 0.406787 0.331762 0.788502 0.532682 0.521455 0.438805 0.597980 0.457745 0.540415 0.576734 0.385458 0.410100 0.300221 0.370426 0.274702 0.303878 0.332027 0.301260 0.391453 0.267983 0.228899 0.254036 0.465393 0.291403 0.318570 0.341401 0.411476 0.486557 0.534776 0.568973 0.366564 0.299811 0.370467 0.431366 0.274704 0.301127 0.585242 0.349657 0.425760 0.594333 0.969576 0.750678 0.534347 0.611961 0.373226 0.379757 0.350185 0.443054 0.490430 0.405926 0.382131 0.523380 0.246423 0.234349 0.388251 0.338243 0.376335 0.230228 0.341386 0.346779 0.797412 0.483560 0.676832 0.463820 0.525439 0.370848 0.327289 0.404218 0.513149 0.912678
0.158068 0.221500 0.325604 0.359296 0.738959 0.596592 0.268789 0.276011 0.389805 0.326512 0.000000 0.149935 0.155574 0.230418 0.247458 0.223583 0.146516 0.135835 0.153647 0.156346 0.510107 0.958194 0.291332 0.465074 0.781859 0.680232 0.918240 0.844146 0.188408 0.144439 0.295047 0.335740 0.214164 0.202347 0.538136 0.686366 0.422930 0.456467 0.764356 0.677073 0.627505 0.508356 0.331657 0.281541 0.425921 0.357795 0.352799 0.308794 0.895499 0.553556 0.610803 0.521299 0.636997 0.650981 0.567254 0.664332 0.182869 0.233698 0.241833 0.301955 0.165801 0.257068 0.154573 0.181158 0.400179 0.298950 0.333018 0.345489 0.286752 0.269660 0.283155 0.292141 0.389850 0.379705 0.650374 0.614792 0.368683 0.273100 0.252205 0.216507 0.178985 0.241885 0.419601 0.357392 0.356825 0.553944 0.928127 0.811162 0.489428 0.662528 0.680144 0.744003 0.690796 0.806944 0.527532 0.587011 0.466620 0.615296 0.390674 0.360443 0.611300 0.590244 0.350572 0.312466 0.433293 0.362322 0.755706 0.653578 0.658662 0.410481 0.652112 0.438233 0.422453 0.512773 0.475390 0.972495
0.116103 0.136282 0.318359 0.272827 0.701091 0.538505 0.256582 0.188432 0.381609 0.297920 0.149935 0.000000 0.109524 0.133398 0.154041 0.142688 0.110052 0.086682 0.129728 0.123004 0.499741 0.869159 0.218940 0.390599 0.710506 0.630869 0.922602 0.977272 0.122940 0.089937 0.268031 0.311745 0.142545 0.169554 0.462742 0.621193 0.347087 0.396095 0.691970 0.637518 0.675019 0.444342 0.243150 0.213484 0.291810 0.229804 0.239296 0.216498 0.650950 0.384512 0.437512 0.358826 0.525090 0.536892 0.477859 0.530579 0.134650 0.138673 0.171626 0.197172 0.125146 0.150094 0.105159 0.090014 0.374490 0.264873 0.283704 0.262147 0.324886 0.194802 0.240183 0.276715 0.458469 0.466386 0.588000 0.566066 0.292908 0.249740 0.180842 0.210506 0.118930 0.173171 0.341879 0.260153 0.240201 0.402054 0.945623 0.885183 0.400452 0.487619 0.607661 0.683622 0.615171 0.797570 0.397586 0.476861 0.370553 0.471686 0.279335 0.239372 0.533139 0.622270 0.274596 0.249018 0.307006 0.294731 0.734723 0.573238 0.584639 0.329522 0.560276 0.355640 0.348659 0.411792 0.412784 0.934877
0.132352 0.174483 0.287787 0.268350 0.631082 0.560574 0.249797 0.198346 0.388267 0.334862 0.155574 0.109524 0.000000 0.125350 0.111454 0.123077 0.146883 0.127362 0.140960 0.163396 0.435517 0.875098 0.171126 0.313416 0.657978 0.621235 0.947470 0.919274 0.148588 0.116921 0.243008 0.310386 0.170760 0.187880 0.495600 0.638737 0.313069 0.354053 0.662088 0.634844 0.661472 0.460085 0.248371 0.216319 0.323837 0.267937 0.235473 0.207292 0.703262 0.418509 0.459824 0.371542 0.542501 0.536355 0.497397 0.552588 0.160060 0.173140 0.194386 0.226147 0.113749 0.162284 0.105165 0.105519 0.309023 0.259662 0.278752 0.273787 0.393189 0.261706 0.243437 0.300183 0.481741 0.467073 0.631998 0.572043 0.371171 0.283301 0.209567 0.243339 0.143166 0.199529 0.317375 0.288060 0.200026 0.349494 0.965883 0.956066 0.398832 0.426656 0.628045 0.698766 0.630570 0.813248 0.420245 0.479947 0.388289 0.486190 0.322373 0.275120 0.558193 0.609329 0.260435 0.258097 0.311537 0.272069 0.703473 0.558044 0.562741 0.344524 0.600482 0.403132 0.398086 0.440638 0.421071 0.984931
0.213987 0.205045 0.391034 0.327728 0.699999 0.662358 0.351891 0.271052 0.491249 0.400254 0.230418 0.133398 0.125350 0.000000 0.115265 0.116188 0.192572 0.172276 0.200612 0.222054 0.476947 0.831201 0.189854 0.274084 0.681415 0.660248 0.945620 0.945940 0.147849 0.136423 0.270007 0.298530 0.210337 0.233609 0.493854 0.627242 0.355456 0.381776 0.660142 0.610905 0.722440 0.460053 0.307510 0.273907 0.380733 0.327378 0.279966 0.244374 0.655747 0.448746 0.473929 0.425312 0.566284 0.594569 0.514953 0.576953 0.196592 0.207539 0.236722 0.283085 0.176481 0.211779 0.138995 0.123655 0.366657 0.316842 0.336114 0.325509 0.470557 0.314584 0.334245 0.413324 0.600890 0.621763 0.668131 0.627157 0.372784 0.307813 0.262633 0.306735 0.207376 0.247468 0.231150 0.317658 0.214221 0.310942 0.915378 0.943597 0.443676 0.433002 0.741006 0.820402 0.745484 0.939855 0.432622 0.527405 0.472476 0.433161 0.397642 0.326339 0.596852 0.709453 0.273639 0.315111 0.356253 0.306558 0.786030 0.615104 0.609092 0.405402 0.599192 0.440134 0.484015 0.469219 0.429948 0.969189
0.214235 0.241972 0.347745 0.294727 0.676118 0.647932 0.337396 0.266476 0.476858 0.398588 0.247458 0.154041 0.111454 0.115265 0.000000 0.121258 0.224069 0.197882 0.222461 0.245085 0.433874 0.816316 0.168055 0.273334 0.629172 0.597940 0.975909 0.998482 0.203456 0.156769 0.265477 0.322138 0.226387 0.258008 0.501455 0.694181 0.313789 0.389830 0.672927 0.587290 0.714099 0.498849 0.313148 0.271535 0.385551 0.326178 0.298455 0.240730 0.671758 0.430524 0.467315 0.389737 0.542098 0.544386 0.471197 0.535403 0.240437 0.233503 0.263238 0.282900 0.172859 0.195122 0.170624 0.152701 0.306021 0.291069 0.348524 0.338612 0.487091 0.323370 0.328073 0.385633 0.553295 0.582442 0.655091 0.621927 0.409398 0.338329 0.273630 0.310701 0.212538 0.246438 0.300114 0.328560 0.203137 0.308110 0.855114 0.897491 0.377052 0.362544 0.699224 0.765307 0.698560 0.897196 0.426286 0.496145 0.452101 0.514408 0.381279 0.314345 0.599106 0.684113 0.288725 0.318701 0.334769 0.311787 0.713773 0.575880 0.626807 0.422251 0.658586 0.440455 0.464665 0.482789 0.454949 0.948445
0.214599 0.249104 0.332623 0.282525 0.674244 0.613803 0.330521 0.262727 0.443525 0.390399 0.223583 0.142688 0.123077 0.116188 0.121258 0.000000 0.204823 0.176923 0.195529 0.220726 0.456440 0.864972 0.154552 0.262737 0.616776 0.577340 0.980334 0.979986 0.158397 0.133837 0.241139 0.277636 0.196257 0.229335 0.496034 0.688640 0.323117 0.388970 0.609719 0.536423 0.712919 0.453618 0.303572 0.267322 0.406259 0.333248 0.277186 0.247239 0.725064 0.455567 0.509041 0.441020 0.572448 0.585635 0.501441 0.563046 0.236390 0.235315 0.240607 0.279294 0.162519 0.196167 0.152496 0.133345 0.315879 0.266018 0.319414 0.314472 0.417578 0.295916 0.310704 0.364038 0.555961 0.609836 0.619461 0.627482 0.386879 0.302529 0.243351 0.283059 0.194881 0.220704 0.248236 0.265686 0.205684 0.280689 0.921440 0.918703 0.403121 0.388614 0.717387 0.788546 0.716941 0.911565 0.458852 0.506910 0.484470 0.503554 0.414701 0.348273 0.619506 0.656796 0.273462 0.302640 0.338790 0.303278 0.719837 0.667863 0.632667 0.417864 0.704683 0.475374 0.502343 0.479958 0.452920 0.993075
0.124469 0.148230 0.375903 0.342845 0.721977 0.591167 0.280055 0.224209 0.449676 0.304711 0.146516 0.110052 0.146883 0.192572 0.224069 0.204823 0.000000 0.090329 0.145152 0.147765 0.512699 0.856949 0.298157 0.479238 0.800974 0.712851 0.907935 0.901745 0.134052 0.115660 0.315819 0.330480 0.181093 0.165440 0.518593 0.652949 0.390850 0.455579 0.739477 0.666716 0.659174 0.440160 0.284239 0.229241 0.318805 0.267537 0.285041 0.260873 0.715892 0.432782 0.510533 0.407456 0.591215 0.588148 0.545823 0.580717 0.127030 0.139272 0.177451 0.210310 0.163902 0.201373 0.133933 0.121594 0.447762 0.311584 0.312332 0.292225 0.297822 0.198785 0.281688 0.283779 0.445134 0.437798 0.607036 0.529684 0.328591 0.265198 0.187473 0.184042 0.116908 0.184607 0.395091 0.297610 0.316298 0.483519 0.982040 0.857731 0.453416 0.565389 0.654017 0.709362 0.656346 0.775941 0.410729 0.476208 0.363373 0.464553 0.317629 0.260362 0.603518 0.623408 0.282285 0.267750 0.359309 0.293496 0.779971 0.611701 0.619590 0.344941 0.584227 0.347405 0.404378 0.368648 0.497478 0.860022
0.106250 0.123203 0.321769 0.294334 0.714974 0.525706 0.241105 0.194450 0.420908 0.299477 0.135835 0.086682 0.127362 0.172276 0.197882 0.176923 0.090329 0.000000 0.118520 0.112874 0.466959 0.900237 0.262910 0.446875 0.750372 0.663923 0.901311 0.947666 0.121413 0.098323 0.280402 0.323396 0.144985 0.154211 0.492407 0.665700 0.360092 0.433681 0.728505 0.646295 0.684434 0.424906 0.233018 0.185098 0.287905 0.219290 0.232214 0.207656 0.683734 0.402894 0.481347 0.381151 0.554218 0.549569 0.509774 0.550011 0.112269 0.120542 0.161178 0.189679 0.133867 0.176400 0.110842 0.097789 0.409043 0.280392 0.271970 0.264330 0.280020 0.184843 0.241178 0.234949 0.452502 0.438343 0.580108 0.573627 0.285007 0.233278 0.165716 0.186448 0.108797 0.161506 0.383701 0.261676 0.276234 0.445081 0.972276 0.832479 0.450513 0.525823 0.601216 0.672524 0.603393 0.759619 0.381136 0.461963 0.354450 0.455266 0.285814 0.243119 0.556237 0.593604 0.267655 0.249447 0.302836 0.279489 0.758042 0.621890 0.582213 0.325339 0.604916 0.325809 0.327387 0.394189 0.425894 0.884870
0.127599 0.181959 0.221421 0.221077 0.642453 0.555164 0.163106 0.172481 0.395728 0.289936 0.153647 0.129728 0.140960 0.200612 0.222461 0.195529 0.145152 0.118520 0.000000 0.128935 0.439820 0.845656 0.207599 0.407460 0.671356 0.601204 0.892669 0.857180 0.168848 0.129354 0.218127 0.278541 0.140499 0.133599 0.430788 0.623686 0.360767 0.396203 0.606527 0.602740 0.731693 0.447985 0.213955 0.172601 0.306569 0.256863 0.238814 0.181897 0.752734 0.420831 0.496986 0.397894 0.556066 0.500168 0.490840 0.607695 0.183252 0.201996 0.150439 0.187660 0.114844 0.201377 0.123431 0.137530 0.325354 0.222024 0.213386 0.195593 0.300377 0.196185 0.197237 0.229954 0.426538 0.418356 0.525318 0.581874 0.333044 0.259142 0.210376 0.214827 0.136480 0.168009 0.376441 0.275430 0.255561 0.416328 0.976538 0.835084 0.412347 0.530621 0.607473 0.683446 0.608051 0.766138 0.443449 0.485281 0.373291 0.464986 0.307650 0.270507 0.551849 0.540772 0.282813 0.246455 0.314474 0.272730 0.667986 0.590915 0.533086 0.321639 0.571094 0.361308 0.376541 0.449204 0.439269 0.923641
0.125271 0.165331 0.264329 0.250632 0.765613 0.538846 0.232378 0.202008 0.371747 0.342753 0.156346 0.123004 0.163396 0.222054 0.245085 0.220726 0.147765 0.112874 0.128935 0.000000 0.444926 0.882203 0.241558 0.407759 0.644414 0.552914 0.934916 0.927645 0.170864 0.118469 0.229003 0.263007 0.149866 0.151779 0.473214 0.651848 0.361235 0.451063 0.728407 0.684335 0.689415 0.515223 0.231504 0.209196 0.322005 0.242317 0.235911 0.231533 0.731752 0.394884 0.513901 0.415905 0.556395 0.554497 0.486816 0.535781 0.178972 0.179070 0.182153 0.203505 0.161493 0.207520 0.153410 0.153124 0.380669 0.273431 0.264887 0.247872 0.280541 0.196183 0.226918 0.259007 0.367302 0.370064 0.592030 0.596280 0.314309 0.263473 0.185373 0.178584 0.133689 0.153879 0.439666 0.281850 0.281219 0.445678 0.921844 0.856099 0.401480 0.545314 0.625410 0.709351 0.627172 0.797341 0.406784 0.522170 0.387880 0.542699 0.324475 0.285202 0.549646 0.603884 0.333836 0.289218 0.353789 0.293387 0.704688 0.631600 0.541976 0.319716 0.588330 0.375330 0.366270 0.460987 0.422161 0.889531
0.496300 0.520310 0.388864 0.359452 0.760230 0.674204 0.409171 0.410995 0.676670 0.527679 0.510107 0.499741 0.435517 0.476947 0.433874 0.456440 0.512699 0.466959 0.439820 0.444926 0.000000 0.786862 0.377939 0.439849 0.563632 0.548727 0.956770 0.940281 0.542662 0.470456 0.394272 0.515808 0.445573 0.401883 0.544067 0.755986 0.443747 0.467301 0.670135 0.695514 0.714036 0.609504 0.413086 0.395284 0.571294 0.525094 0.477930 0.447140 0.883156 0.602365 0.732789 0.656614 0.803338 0.633156 0.534204 0.700530 0.549728 0.509407 0.461743 0.500290 0.475222 0.517160 0.482094 0.468484 0.430352 0.477502 0.428661 0.456479 0.638428 0.517647 0.427050 0.473055 0.636114 0.717358 0.694647 0.836150 0.499978 0.470158 0.481695 0.535707 0.463133 0.410757 0.540115 0.477950 0.429342 0.526757 0.946621 0.982207 0.611171 0.521287 0.646741 0.707653 0.642883 0.771465 0.542749 0.568722 0.511010 0.677666 0.622790 0.505882 0.695353 0.596289 0.469454 0.427137 0.477173 0.425718 0.872406 0.665397 0.565426 0.577395 0.767613 0.599382 0.561180 0.629468 0.598483 0.822649
0.878702 0.925349 0.825763 0.769595 0.835058 0.929194 0.814952 0.807963 0.930656 0.761093 0.958194 0.869159 0.875098 0.831201 0.816316 0.864972 0.856949 0.900237 0.845656 0.882203 0.786862 0.000000 0.758916 0.867869 0.994779 0.848690 0.924098 0.967533 0.852655 0.833894 0.836566 0.770586 0.830028 0.811838 0.825232 0.767442 0.846289 0.794134 0.879602 0.804165 0.789796 0.837174 0.774396 0.805201 0.841357 0.866482 0.903147 0.873971 0.871010 0.872488 0.895147 0.830860 0.905554 0.761807 0.863976 0.920750 0.924640 0.959032 0.846737 0.912150 0.871566 0.895718 0.900435 0.876743 0.802231 0.818964 0.780554 0.785278 0.979413 0.859849 0.810095 0.864985 0.845027 0.915361 0.868769 0.669184 0.889978 0.869596 0.898947 0.829406 0.880852 0.880117 0.865983 0.881491 0.845418 0.818050 0.976348 0.835320 0.865314 0.855168 0.899101 0.935979 0.931076 0.882881 0.875448 0.793756 0.944734 0.864780 0.800880 0.761325 0.845880 0.771731 0.822279 0.730649 0.871581 0.718227 0.925325 0.835961 0.973841 0.841185 0.839650 0.856407 0.836195 0.900356 0.767518 0.958642
0.249291 0.311553 0.186886 0.161367 0.653839 0.578554 0.237206 0.208155 0.400976 0.360004 0.291332 0.218940 0.171126 0.189854 0.168055 0.154552 0.298157 0.262910 0.207599 0.241558 0.377939 0.758916 0.000000 0.199415 0.467570 0.401840 0.978357 0.979998 0.246011 0.200242 0.146106 0.216753 0.180739 0.207352 0.384102 0.598614 0.276328 0.364649 0.532188 0.551069 0.822164 0.488862 0.260942 0.251832 0.404673 0.343060 0.266981 0.232335 0.770432 0.470754 0.534975 0.439127 0.505275 0.496649 0.424555 0.506738 0.345585 0.334570 0.253343 0.278725 0.174046 0.218282 0.210158 0.210948 0.187881 0.185841 0.220774 0.226160 0.462760 0.301654 0.273721 0.385544 0.477273 0.557453 0.617398 0.691344 0.407815 0.345728 0.278367 0.349111 0.211390 0.198690 0.320562 0.247595 0.143179 0.212001 0.943469 0.887384 0.332115 0.326583 0.632083 0.719885 0.619251 0.838426 0.432330 0.476204 0.433728 0.522221 0.406681 0.335439 0.542377 0.589461 0.321781 0.288973 0.349174 0.271228 0.707290 0.579065 0.604570 0.425329 0.678894 0.485443 0.463955 0.553360 0.432949 0.974038
0.454533 0.479944 0.358103 0.320214 0.759453 0.768414 0.482934 0.425540 0.644228 0.585183 0.465074 0.390599 0.313416 0.274084 0.273334 0.262737 0.479238 0.446875 0.407460 0.407759 0.439849 0.867869 0.199415 0.000000 0.371723 0.390693 0.972504 0.864176 0.379385 0.340726 0.270603 0.292855 0.354779 0.396759 0.469538 0.690218 0.403412 0.515261 0.549922 0.635066 0.888011 0.606481 0.478602 0.472681 0.637977 0.576249 0.444582 0.426690 0.847562 0.637949 0.733322 0.668029 0.694390 0.738169 0.555685 0.638538 0.529278 0.499315 0.470610 0.481930 0.387318 0.399633 0.378166 0.386938 0.321952 0.353164 0.440911 0.468966 0.635954 0.482803 0.490413 0.612792 0.636334 0.717963 0.759887 0.739686 0.576753 0.505119 0.435059 0.488613 0.385663 0.339853 0.334477 0.353089 0.268589 0.220152 0.831904 0.690089 0.466213 0.366580 0.881300 0.985206 0.864009 0.922505 0.539481 0.650118 0.645476 0.582899 0.689912 0.576445 0.726478 0.835056 0.539260 0.501549 0.529498 0.501554 0.814056 0.753424 0.683848 0.583359 0.816500 0.658226 0.707472 0.707395 0.607961 0.936450
0.696007 0.718774 0.492858 0.482911 0.988563 0.868816 0.714908 0.693585 0.737980 0.861752 0.781859 0.710506 0.657978 0.681415 0.629172 0.616776 0.800974 0.750372 0.671356 0.644414 0.563632 0.994779 0.467570 0.371723 0.000000 0.276834 0.885963 0.834548 0.731862 0.676513 0.419996 0.583737 0.634830 0.690375 0.553237 0.848177 0.547282 0.764985 0.530172 0.864595 0.929215 0.873756 0.699558 0.735724 0.856704 0.780524 0.623020 0.671770 0.955054 0.715579 0.925626 0.793563 0.829957 0.889715 0.647729 0.701890 0.862560 0.733637 0.740439 0.646145 0.701632 0.680683 0.755158 0.739234 0.485182 0.585261 0.698961 0.683340 0.708390 0.697553 0.697803 0.739700 0.601357 0.699929 0.760217 0.975374 0.751007 0.800011 0.695309 0.682838 0.665420 0.576802 0.746479 0.607056 0.534497 0.460593 0.939280 0.910360 0.679700 0.499716 0.941451 0.983146 0.873790 0.945445 0.712184 0.830468 0.774296 0.884972 0.876703 0.849079 0.943706 0.982902 0.916627 0.804972 0.729156 0.751486 0.855041 0.930561 0.782489 0.711835 0.971273 0.880722 0.881947 0.964890 0.801118 0.908950
0.631191 0.694416 0.374075 0.346843 0.935092 0.578240 0.553608 0.538559 0.645941 0.626667 0.680232 0.630869 0.621235 0.660248 0.597940 0.577340 0.712851 0.663923 0.601204 0.552914 0.548727 0.848690 0.401840 0.390693 0.276834 0.000000 0.826029 0.754320 0.640683 0.596305 0.362595 0.434408 0.500437 0.515282 0.386079 0.774988 0.497976 0.786460 0.545415 0.712848 0.976231 0.758604 0.536343 0.592297 0.713284 0.643749 0.500648 0.549998 0.886470 0.662673 0.810112 0.691338 0.653842 0.726548 0.527401 0.519688 0.819910 0.730595 0.606082 0.582496 0.598360 0.579972 0.669342 0.669971 0.354715 0.386986 0.489210 0.480880 0.659092 0.567590 0.613551 0.653577 0.486825 0.650391 0.662470 0.850624 0.606537 0.682757 0.605891 0.611080 0.545296 0.458307 0.737645 0.485420 0.442451 0.407928 0.977405 0.870343 0.518791 0.442937 0.752964 0.817455 0.686320 0.887211 0.614125 0.751742 0.685787 0.816784 0.708034 0.622810 0.728104 0.774545 0.769916 0.593906 0.643209 0.660131 0.835912 0.814247 0.860549 0.710891 0.986072 0.725825 0.708399 0.852305 0.622447 0.937674
0.885820 0.902950 0.926668 0.951890 0.919188 0.982711 0.848127 0.847261 0.964671 0.845322 0.918240 0.922602 0.947470 0.945620 0.975909 0.980334 0.907935 0.901311 0.892669 0.934916 0.956770 0.924098 0.978357 0.972504 0.885963 0.826029 0.000000 0.918065 0.986645 0.932886 0.933246 0.930180 0.911502 0.925138 0.903890 0.946379 0.930823 0.861478 0.922579 0.939076 0.838233 0.988054 0.949346 0.980492 0.891414 0.896448 0.994440 0.933512 0.930328 0.929769 0.846078 0.935021 0.966411 0.908467 0.914378 0.971210 0.912679 0.963193 0.904140 0.939327 0.894054 0.878096 0.895433 0.892188 0.989726 0.933523 0.897471 0.914424 0.998596 0.976197 0.923113 0.880149 0.963866 0.953459 0.982773 0.853243 0.914376 0.831810 0.956458 0.957659 0.914405 0.899230 0.958713 0.951189 0.951531 0.990772 0.962028 0.904836 0.898146 0.925979 0.743936 0.766838 0.790538 0.743769 0.991948 0.840086 0.871499 0.839372 0.825646 0.862063 0.909960 0.943137 0.855460 0.960663 0.767894 0.999893 0.962573 0.862308 0.792740 0.737883 0.818277 0.873641 0.772174 0.977699 0.968341 0.845208
0.873527 0.938163 0.920289 0.992739 0.927230 0.827091 0.866636 0.948019 0.846169 0.944127 0.844146 0.977272 0.919274 0.945940 0.998482 0.979986 0.901745 0.947666 0.857180 0.927645 0.940281 0.967533 0.979998 0.864176 0.834548 0.754320 0.918065 0.000000 0.973092 0.951467 0.966717 0.986603 0.981934 0.922803 0.952162 0.962493 0.923361 0.920510 0.884300 0.913186 0.953030 0.965075 0.959531 0.948634 0.894778 0.924681 0.954024 0.891521 0.956420 0.876982 0.941304 0.892186 0.905353 0.847712 0.986363 0.962761 0.890118 0.945025 0.914293 0.924315 0.880518 0.933232 0.949922 0.971961 0.963992 0.962929 0.913058 0.951887 0.914550 0.935880 0.873237 0.858711 0.885973 0.765030 0.878204 0.940792 0.967094 0.940626 0.945720 0.897637 0.939495 0.981331 0.999708 0.984498 0.984826 0.909733 0.948929 0.945272 0.912153 0.951471 0.968342 0.951337 0.999814 0.940028 0.984574 0.887185 0.867140 0.894720 0.915984 0.987822 0.890295 0.927717 0.875065 0.974071 0.998657 0.877074 0.809660 0.899029 0.893527 0.955928 0.887262 0.937938 0.962905 0.987704 0.920279 0.934684
0.169066 0.169732 0.374015 0.335318 0.706184 0.584251 0.316223 0.259491 0.445734 0.357368 0.188408 0.122940 0.148588 0.147849 0.203456 0.158397 0.134052 0.121413 0.168848 0.170864 0.542662 0.852655 0.246011 0.379385 0.731862 0.640683 0.986645 0.973092 0.000000 0.116895 0.270730 0.286137 0.166326 0.194119 0.509202 0.678405 0.401312 0.500641 0.688492 0.603816 0.765448 0.440347 0.294338 0.253534 0.360969 0.289081 0.246396 0.210400 0.673841 0.443248 0.499044 0.411389 0.550129 0.578218 0.515431 0.538162 0.163697 0.191112 0.191924 0.234206 0.160320 0.195335 0.129119 0.130694 0.404112 0.288594 0.305093 0.289947 0.313649 0.222361 0.305593 0.364568 0.497799 0.498299 0.632217 0.570309 0.361538 0.283218 0.202422 0.218056 0.140318 0.198474 0.332445 0.269006 0.260269 0.377506 0.956369 0.925075 0.458525 0.482628 0.721476 0.779209 0.704118 0.897737 0.399087 0.538047 0.419997 0.466216 0.375890 0.302174 0.592889 0.629377 0.288525 0.272491 0.359025 0.308309 0.778694 0.709306 0.668042 0.370912 0.590357 0.447026 0.438604 0.398292 0.441106 0.903705
0.135153 0.171507 0.290185 0.250764 0.739163 0.581047 0.255423 0.202941 0.411238 0.300172 0.144439 0.089937 0.116921 0.136423 0.156769 0.133837 0.115660 0.098323 0.129354 0.118469 0.470456 0.833894 0.200242 0.340726 0.676513 0.596305 0.932886 0.951467 0.116895 0.000000 0.232899 0.239612 0.142372 0.152539 0.466888 0.669585 0.339880 0.437427 0.687232 0.619121 0.726246 0.484353 0.283402 0.230426 0.360542 0.279552 0.276108 0.228489 0.760053 0.433306 0.527009 0.423391 0.566390 0.559151 0.481196 0.543277 0.174929 0.178971 0.191207 0.222634 0.137276 0.175439 0.121413 0.106895 0.360984 0.255870 0.281437 0.271990 0.301321 0.192037 0.269672 0.300603 0.436818 0.448489 0.539851 0.575225 0.343731 0.252692 0.162274 0.185308 0.115314 0.148388 0.344859 0.243231 0.259310 0.380292 0.884055 0.955457 0.401099 0.507229 0.668475 0.743967 0.671076 0.839023 0.405571 0.507997 0.427951 0.502301 0.355613 0.286234 0.594865 0.611660 0.294965 0.271759 0.349635 0.282518 0.727645 0.674675 0.629740 0.318471 0.620563 0.400184 0.415242 0.407936 0.461189 0.957322
0.277748 0.327117 0.196921 0.182734 0.808792 0.565539 0.250143 0.253870 0.419769 0.375351 0.295047 0.268031 0.243008 0.270007 0.265477 0.241139 0.315819 0.280402 0.218127 0.229003 0.394272 0.836566 0.146106 0.270603 0.419996 0.362595 0.933246 0.966717 0.270730 0.232899 0.000000 0.183559 0.193574 0.216253 0.399218 0.648951 0.299963 0.478367 0.518109 0.670113 0.786598 0.557309 0.287775 0.273165 0.447422 0.391250 0.317552 0.279866 0.845525 0.540544 0.645080 0.529894 0.572623 0.566464 0.457963 0.561165 0.377225 0.356884 0.296482 0.316640 0.234647 0.295743 0.278513 0.285165 0.259360 0.219171 0.260890 0.264263 0.369598 0.303527 0.311162 0.356219 0.382800 0.454453 0.570867 0.739809 0.419264 0.335400 0.302495 0.307950 0.239730 0.208715 0.429660 0.274319 0.235875 0.309157 0.930734 0.998603 0.370380 0.437333 0.699807 0.779129 0.660097 0.839972 0.473258 0.555433 0.416209 0.615142 0.475593 0.424140 0.591039 0.557058 0.440139 0.357868 0.434525 0.342278 0.679816 0.677760 0.658801 0.446921 0.702965 0.523300 0.523027 0.524117 0.535549 0.969993
0.349116 0.410206 0.294888 0.251225 0.877039 0.637355 0.324342 0.323510 0.528385 0.424469 0.335740 0.311745 0.310386 0.298530 0.322138 0.277636 0.330480 0.323396 0.278541 0.263007 0.515808 0.770586 0.216753 0.292855 0.583737 0.434408 0.930180 0.986603 0.286137 0.239612 0.183559 0.000000 0.261903 0.228553 0.504129 0.684164 0.432390 0.621677 0.588461 0.657666 0.846957 0.635075 0.373137 0.341560 0.549979 0.488475 0.412714 0.337362 0.960450 0.640539 0.757784 0.653679 0.686549 0.655100 0.539059 0.661864 0.425146 0.435833 0.351325 0.402652 0.310349 0.380349 0.301401 0.330230 0.370432 0.279790 0.307822 0.323707 0.483151 0.338205 0.413599 0.461457 0.474012 0.540244 0.558020 0.670994 0.513671 0.385075 0.307257 0.331993 0.267865 0.243800 0.416689 0.268253 0.319606 0.337134 0.880636 0.891412 0.396787 0.520803 0.811752 0.922532 0.804077 0.969053 0.511809 0.637130 0.575887 0.624231 0.591218 0.488703 0.697762 0.658507 0.495253 0.409171 0.549879 0.401539 0.801164 0.842032 0.751227 0.489518 0.717753 0.566711 0.623825 0.551801 0.595935 0.967885
0.149319 0.198503 0.203273 0.170233 0.654757 0.492222 0.172547 0.143250 0.371364 0.251272 0.214164 0.142545 0.170760 0.210337 0.226387 0.196257 0.181093 0.144985 0.140499 0.149866 0.445573 0.830028 0.180739 0.354779 0.634830 0.500437 0.911502 0.981934 0.166326 0.142372 0.193574 0.261903 0.000000 0.129154 0.360738 0.576593 0.351750 0.428723 0.634780 0.583981 0.797406 0.478304 0.198201 0.178382 0.285560 0.220620 0.224189 0.212112 0.686751 0.426908 0.480526 0.387887 0.506773 0.468090 0.426851 0.450576 0.221862 0.212674 0.150345 0.194148 0.130646 0.173297 0.155941 0.147231 0.285376 0.181254 0.177065 0.161906 0.307584 0.163071 0.212640 0.258903 0.388992 0.450079 0.569258 0.627621 0.293208 0.235734 0.180426 0.225350 0.115525 0.121595 0.404152 0.224591 0.207369 0.324952 0.951621 0.917646 0.369813 0.424232 0.530839 0.585171 0.523135 0.692715 0.387708 0.454184 0.340042 0.475328 0.272163 0.226653 0.493756 0.450758 0.278296 0.191978 0.286416 0.301904 0.721856 0.582073 0.595301 0.334823 0.593852 0.346417 0.347254 0.380124 0.451790 0.941173
0.164015 0.231747 0.220438 0.180958 0.696334 0.504268 0.157221 0.137623 0.393951 0.240360 0.202347 0.169554 0.187880 0.233609 0.258008 0.229335 0.165440 0.154211 0.133599 0.151779 0.401883 0.811838 0.207352 0.396759 0.690375 0.515282 0.925138 0.922803 0.194119 0.152539 0.216253 0.228553 0.129154 0.000000 0.371006 0.603852 0.336057 0.427627 0.599665 0.602267 0.737379 0.454866 0.212720 0.181604 0.295567 0.253717 0.239111 0.217398 0.761801 0.433113 0.511516 0.412763 0.527615 0.485367 0.465979 0.540435 0.226251 0.227785 0.161051 0.221054 0.142979 0.191350 0.165417 0.159725 0.278150 0.174077 0.149861 0.151250 0.347905 0.177920 0.236135 0.259664 0.396449 0.474433 0.536751 0.593699 0.305457 0.236027 0.192994 0.233212 0.132138 0.138253 0.402770 0.247276 0.227096 0.355935 0.998167 0.918764 0.373594 0.467731 0.517910 0.596738 0.513024 0.667041 0.396688 0.427294 0.364575 0.450744 0.290912 0.233299 0.468152 0.449430 0.246698 0.199689 0.313854 0.280225 0.736286 0.565187 0.631150 0.378343 0.579321 0.329177 0.349245 0.371977 0.455664 0.884079
0.447646 0.532010 0.354591 0.298554 0.826432 0.575326 0.388684 0.351477 0.539385 0.396622 0.538136 0.462742 0.495600 0.493854 0.501455 0.496034 0.518593 0.492407 0.430788 0.473214 0.544067 0.825232 0.384102 0.469538 0.553237 0.386079 0.903890 0.952162 0.509202 0.466888 0.399218 0.504129 0.360738 0.371006 0.000000 0.553362 0.473440 0.556123 0.634666 0.761649 0.783650 0.581251 0.413385 0.458890 0.476881 0.459053 0.464347 0.439489 0.733874 0.512369 0.581926 0.497049 0.522166 0.539682 0.455058 0.502679 0.603388 0.543262 0.428075 0.417068 0.423255 0.424321 0.492203 0.468008 0.333684 0.334929 0.335501 0.354486 0.508224 0.412193 0.482573 0.530981 0.443126 0.579934 0.609491 0.808429 0.426661 0.499881 0.476989 0.546984 0.407684 0.349043 0.645231 0.431288 0.354743 0.429779 0.891721 0.952757 0.538100 0.475355 0.532244 0.590968 0.506927 0.637616 0.624761 0.622122 0.486201 0.548968 0.450253 0.405989 0.525405 0.649942 0.490608 0.435379 0.417450 0.477403 0.864652 0.609286 0.774543 0.649840 0.702254 0.435797 0.540601 0.658865 0.600570 0.981749
0.625246 0.635058 0.652278 0.610757 0.849785 0.796846 0.651988 0.579089 0.727340 0.660272 0.686366 0.621193 0.638737 0.627242 0.694181 0.688640 0.652949 0.665700 0.623686 0.651848 0.755986 0.767442 0.598614 0.690218 0.848177 0.774988 0.946379 0.962493 0.678405 0.669585 0.648951 0.684164 0.576593 0.603852 0.553362 0.000000 0.646586 0.499493 0.851888 0.731045 0.873062 0.701490 0.599239 0.665695 0.670774 0.698345 0.721900 0.645672 0.837614 0.746751 0.723623 0.653706 0.703935 0.692575 0.826725 0.810201 0.663805 0.646846 0.612005 0.623041 0.661208 0.664443 0.605284 0.618190 0.716412 0.697544 0.603552 0.603189 0.851496 0.641930 0.646089 0.736165 0.814315 0.876493 0.886537 0.711269 0.668747 0.678218 0.626790 0.736522 0.606705 0.641903 0.647034 0.647300 0.600844 0.664894 0.799909 0.890170 0.702947 0.671570 0.775321 0.794538 0.799889 0.796970 0.714134 0.647437 0.641667 0.540895 0.642528 0.664201 0.703635 0.764592 0.608162 0.547276 0.703508 0.663961 0.781784 0.632367 0.802691 0.768239 0.697642 0.657983 0.692808 0.794681 0.645741 0.923611
0.336208 0.357165 0.349376 0.309550 0.833597 0.582393 0.389406 0.346513 0.472032 0.463623 0.422930 0.347087 0.313069 0.355456 0.313789 0.323117 0.390850 0.360092 0.360767 0.361235 0.443747 0.846289 0.276328 0.403412 0.547282 0.497976 0.930823 0.923361 0.401312 0.339880 0.299963 0.432390 0.351750 0.336057 0.473440 0.646586 0.000000 0.376364 0.572931 0.705536 0.726247 0.464953 0.366404 0.348740 0.409150 0.375378 0.373489 0.311289 0.644630 0.433134 0.490017 0.415428 0.542716 0.568563 0.552332 0.490527 0.410010 0.371958 0.346055 0.357444 0.320906 0.315371 0.374924 0.339970 0.311270 0.348384 0.356895 0.354355 0.514929 0.386261 0.390157 0.389676 0.592261 0.587995 0.585016 0.671629 0.410168 0.388195 0.368882 0.432757 0.340511 0.323719 0.539758 0.351685 0.273906 0.330153 0.913299 0.839716 0.422749 0.362107 0.609938 0.686002 0.571756 0.725543 0.430907 0.520117 0.436964 0.553614 0.411441 0.408337 0.514669 0.627658 0.320953 0.418259 0.372160 0.358736 0.753379 0.568381 0.642822 0.532745 0.790552 0.511696 0.538128 0.603427 0.507109 0.861752
0.394492 0.442374 0.464709 0.450889 0.653943 0.823887 0.459813 0.404013 0.521778 0.492044 0.456467 0.396095 0.354053 0.381776 0.389830 0.388970 0.455579 0.433681 0.396203 0.451063 0.467301 0.794134 0.364649 0.515261 0.764985 0.786460 0.861478 0.920510 0.500641 0.437427 0.478367 0.621677 0.428723 0.427627 0.556123 0.499493 0.376364 0.000000 0.671861 0.690734 0.735458 0.555099 0.416866 0.432811 0.494035 0.464275 0.512291 0.457035 0.701803 0.506740 0.488374 0.476762 0.658201 0.548717 0.662790 0.672348 0.441976 0.452043 0.441731 0.439111 0.357884 0.377976 0.373362 0.352628 0.409896 0.459031 0.466265 0.470755 0.661647 0.515680 0.458570 0.539456 0.688831 0.705796 0.815513 0.731939 0.470503 0.477346 0.508603 0.522973 0.457924 0.485936 0.510453 0.523804 0.378326 0.500101 0.848770 0.952308 0.541749 0.568033 0.592609 0.645649 0.662316 0.743790 0.525989 0.461749 0.566738 0.560511 0.427580 0.453522 0.611674 0.654296 0.366281 0.429503 0.443559 0.424650 0.641923 0.528718 0.540676 0.521569 0.727016 0.586252 0.559863 0.670013 0.413101 0.981153
