0.000000 0.421266 0.653131 0.551708 0.935941 0.681469 0.543578 0.444746 0.711881 0.928055 0.434765 0.374762 0.479464 0.489572 0.721521 0.525457 0.424919 0.406783 0.463538 0.366220 0.801594 0.940033 0.666743 0.639018 0.688094 0.661299 0.924586 0.781944 0.458294 0.486404 0.549294 0.579886 0.396048 0.402952 0.543185 0.770977 0.553072 0.769883 0.962528 0.986495 0.827082 0.848746 0.626033 0.607347 0.631760 0.667074 0.522862 0.649888 0.970003 0.806238 0.784951 0.851305 0.886318 0.951976 0.661908 0.778764 0.411851 0.507936 0.416394 0.743299 0.454239 0.577090 0.356954 0.467746 0.660150 0.612013 0.484554 0.562803 0.603956 0.689144 0.564273 0.664378 0.705948 0.611587 0.923260 0.824851 0.632920 0.733910 0.682895 0.813066 0.403916 0.425081 0.534105 0.604083 0.517659 0.527242 0.983645 0.975443 0.746293 0.635462 0.660680 0.865894 0.679580 0.848077 0.645501 0.780761 0.680542 0.692491 0.548176 0.562499 0.678189 0.747428 0.586803 0.641019 0.527631 0.753518 0.981190 0.736904 0.796862 0.886087 0.956809 0.852679 0.866475 0.864677 0.856396 0.923478
0.421266 0.000000 0.934030 0.812985 0.934071 0.918876 0.828476 0.634494 0.915639 0.916671 0.837680 0.470923 0.894322 0.822980 0.996583 0.711306 0.303109 0.329411 0.739369 0.519521 0.856786 0.918256 0.951404 0.812068 0.746944 0.771962 0.959576 0.979970 0.459069 0.442155 0.769563 0.825243 0.614518 0.644982 0.805182 0.780836 0.696208 0.803401 0.968432 0.863097 0.694255 0.822449 0.728657 0.673859 0.550752 0.515433 0.658811 0.717215 0.680240 0.614451 0.564649 0.659809 0.812395 0.889859 0.632160 0.726941 0.298651 0.228042 0.631583 0.591938 0.768466 0.469917 0.652508 0.453003 0.902176 0.703097 0.700352 0.699556 0.405702 0.508714 0.739275 0.866652 0.642143 0.616472 0.775139 0.831391 0.767571 0.831659 0.569963 0.677501 0.289553 0.345344 0.536244 0.444006 0.773121 0.617795 0.946679 0.925580 0.830576 0.669535 0.855239 0.948307 0.827069 0.918275 0.544915 0.928091 0.544717 0.703950 0.620418 0.682568 0.876098 0.984818 0.596359 0.784481 0.634326 0.846495 0.918611 0.834930 0.796106 0.714687 0.856656 0.669033 0.927130 0.768751 0.717294 0.996596
0.653131 0.934030 0.000000 0.218358 0.786212 0.817595 0.214305 0.325346 0.476587 0.730791 0.496379 0.779864 0.387057 0.505000 0.418485 0.444061 0.999884 0.888193 0.371816 0.571772 0.719875 0.909360 0.262411 0.384619 0.432309 0.325219 0.912749 0.877839 0.716811 0.813062 0.304320 0.418626 0.393377 0.331965 0.457117 0.725385 0.604988 0.822160 0.895441 0.876645 0.976267 0.850534 0.473958 0.575896 0.592194 0.662786 0.553857 0.450668 0.995147 0.869454 0.760416 0.804815 0.743284 0.727338 0.551446 0.723331 0.910667 0.912836 0.544013 0.863520 0.358884 0.789256 0.618111 0.965960 0.242059 0.428100 0.337564 0.410849 0.900433 0.900655 0.493713 0.522202 0.844218 0.792647 0.886364 0.950646 0.541321 0.573261 0.855949 0.830380 0.924485 0.743616 0.665738 0.881625 0.329134 0.441377 0.773241 0.756350 0.720915 0.702614 0.526834 0.598298 0.619320 0.594617 0.708607 0.880279 0.748203 0.873159 0.602177 0.539391 0.687120 0.707206 0.778073 0.818650 0.647859 0.599874 0.890814 0.693780 0.761043 0.905899 0.860834 0.922041 0.805010 0.897681 0.899657 0.827540
0.551708 0.812985 0.218358 0.000000 0.834563 0.728258 0.205651 0.243992 0.517474 0.760327 0.411364 0.644103 0.368833 0.413545 0.486023 0.457573 0.877747 0.745392 0.283106 0.428972 0.784125 0.933120 0.288477 0.289697 0.417208 0.359409 0.886885 0.782895 0.658750 0.737403 0.275873 0.357969 0.309466 0.266805 0.430369 0.675517 0.629950 0.850622 0.857443 0.884619 0.936721 0.841386 0.434097 0.505381 0.568877 0.647014 0.493506 0.435165 0.998300 0.863836 0.750749 0.827727 0.760876 0.775923 0.569310 0.703453 0.924926 0.989708 0.528029 0.848752 0.363720 0.734367 0.536637 0.889849 0.294440 0.362517 0.287915 0.329706 0.849641 0.936728 0.455503 0.491292 0.766556 0.710176 0.796419 0.914379 0.532977 0.551305 0.760411 0.804206 0.813517 0.630784 0.599689 0.836948 0.319853 0.379985 0.790428 0.675487 0.667011 0.637054 0.503457 0.631822 0.599009 0.643728 0.730084 0.817763 0.747200 0.803906 0.547953 0.457700 0.615899 0.617041 0.707946 0.693541 0.600020 0.583194 0.955237 0.745567 0.724573 0.915627 0.858107 0.876061 0.790969 0.919464 0.885021 0.817234
0.935941 0.934071 0.786212 0.834563 0.000000 0.929182 0.805584 0.834397 0.719705 0.752021 0.983739 0.968532 0.816865 0.858601 0.657410 0.815743 0.979546 0.976334 0.872253 0.944386 0.787872 0.895842 0.756702 0.977791 0.856563 0.895568 0.905568 0.871843 0.932225 0.948856 0.786359 0.966346 0.806591 0.823002 0.690256 0.831725 0.717328 0.781911 0.883304 0.998298 0.863761 0.976975 0.787673 0.874406 0.854598 0.926171 0.871795 0.881061 0.968951 0.975765 0.768520 0.748772 0.706781 0.692374 0.908887 0.938506 0.951720 0.982480 0.683322 0.884406 0.779931 0.950958 0.790444 0.922580 0.737435 0.905252 0.706400 0.769728 0.915431 0.882725 0.749284 0.674206 0.852694 0.933658 0.913529 0.971296 0.895279 0.908530 0.929944 0.883248 0.981692 0.849586 0.880835 0.975726 0.831898 0.927278 0.938051 0.786545 0.768684 0.986027 0.664028 0.675156 0.667691 0.626827 0.890629 0.899852 0.806115 0.915447 0.708543 0.880019 0.986924 0.956872 0.709862 0.803151 0.893867 0.637157 0.811848 0.649642 0.886810 0.984749 0.857451 0.922560 0.872829 0.802263 0.808675 0.857605
0.681469 0.918876 0.817595 0.728258 0.929182 0.000000 0.682910 0.654412 0.749413 0.860179 0.680095 0.720508 0.775005 0.843581 0.907861 0.810061 0.857972 0.817323 0.642611 0.661383 0.862409 0.957755 0.863565 0.815068 0.944388 0.785189 0.932855 0.717289 0.874185 0.949126 0.880732 0.766549 0.747205 0.704951 0.765992 0.862878 0.851014 0.987691 0.968500 0.991212 0.944103 0.879936 0.622527 0.682956 0.734164 0.735279 0.679753 0.770456 0.925007 0.853879 0.865537 0.877923 0.887891 0.864415 0.828870 0.944366 0.811886 0.991870 0.768876 0.956898 0.754797 0.794284 0.823804 0.948548 0.815235 0.712858 0.675044 0.628860 0.973509 0.922635 0.803856 0.851905 0.837928 0.719426 0.950433 0.923896 0.709821 0.691466 0.803878 0.966142 0.838284 0.829147 0.977018 0.991308 0.825049 0.825607 0.917320 0.923731 0.885099 0.858628 0.680835 0.756090 0.753358 0.753959 0.955896 0.981925 0.861967 0.892211 0.645652 0.727799 0.824925 0.735898 0.696501 0.654319 0.839988 0.933006 0.931738 0.864514 0.953491 0.876371 0.919127 0.892004 0.966646 0.866140 0.887490 0.873125
0.543578 0.828476 0.214305 0.205651 0.805584 0.682910 0.000000 0.208859 0.499159 0.616305 0.424747 0.649980 0.367384 0.452778 0.455173 0.458773 0.895718 0.742792 0.270847 0.443171 0.734837 0.983961 0.297674 0.420273 0.538944 0.383997 0.945197 0.823474 0.633090 0.774598 0.322698 0.399810 0.323747 0.285711 0.437497 0.633982 0.619356 0.853697 0.940942 0.860235 0.891225 0.879215 0.367600 0.461740 0.476693 0.548895 0.466120 0.416481 0.922863 0.782374 0.688034 0.721033 0.672298 0.665828 0.578220 0.717052 0.929456 0.974426 0.463163 0.860264 0.367977 0.741079 0.566897 0.919901 0.294634 0.378541 0.248649 0.326175 0.897976 0.986234 0.385698 0.430788 0.746878 0.684010 0.890970 0.899939 0.448128 0.511578 0.776203 0.824690 0.853488 0.719983 0.654536 0.900931 0.334821 0.466077 0.795696 0.769497 0.776658 0.727381 0.402471 0.507380 0.499753 0.515514 0.717964 0.794484 0.697743 0.757953 0.462612 0.385694 0.586974 0.552370 0.657268 0.669426 0.583635 0.532174 0.938586 0.667128 0.771478 0.957245 0.879757 0.813522 0.726213 0.864338 0.860902 0.889958
0.444746 0.634494 0.325346 0.243992 0.834397 0.654412 0.208859 0.000000 0.559170 0.625898 0.401641 0.509030 0.427412 0.419884 0.585274 0.481236 0.719267 0.578687 0.240237 0.330463 0.813174 0.969601 0.399472 0.434065 0.561631 0.423734 0.988356 0.810409 0.495539 0.666614 0.329993 0.408205 0.274048 0.258553 0.433333 0.632176 0.580647 0.852888 0.904580 0.896987 0.826064 0.966932 0.357439 0.435277 0.424185 0.488351 0.437505 0.468487 0.829952 0.721599 0.622759 0.711017 0.653615 0.699149 0.573110 0.694635 0.705066 0.773200 0.457600 0.836748 0.409240 0.632931 0.497582 0.786644 0.412440 0.395494 0.277438 0.303764 0.779086 0.873161 0.397582 0.411092 0.650256 0.544794 0.797010 0.833561 0.470282 0.512024 0.707780 0.803530 0.699595 0.592567 0.572289 0.788709 0.403675 0.463775 0.830084 0.757307 0.763342 0.683388 0.428240 0.595370 0.492315 0.640459 0.695575 0.773327 0.603292 0.701400 0.418433 0.356773 0.536238 0.572710 0.541928 0.597178 0.543110 0.577763 0.989030 0.662910 0.698942 0.939857 0.833324 0.797131 0.736183 0.835390 0.853933 0.916444
0.711881 0.915639 0.476587 0.517474 0.719705 0.749413 0.499159 0.559170 0.000000 0.545365 0.732498 0.794983 0.641256 0.806188 0.561933 0.548624 0.838158 0.857457 0.719656 0.720090 0.718542 0.972598 0.539779 0.732067 0.652680 0.509255 0.900509 0.740095 0.674109 0.753084 0.564353 0.784567 0.602956 0.591872 0.614557 0.937198 0.590750 0.672099 0.919038 0.859405 0.900226 0.857652 0.603197 0.665294 0.604647 0.664522 0.738140 0.681202 0.950661 0.851803 0.647420 0.630111 0.557360 0.522164 0.748372 0.733429 0.950346 0.970832 0.506997 0.831773 0.495373 0.749862 0.697082 0.807544 0.469665 0.709186 0.545113 0.663348 0.827720 0.943927 0.487456 0.517489 0.674465 0.788854 0.926518 0.932015 0.473969 0.603843 0.759906 0.993231 0.822994 0.910919 0.840151 0.859240 0.651096 0.782003 0.963722 0.942301 0.815085 0.798777 0.504280 0.532684 0.558241 0.481476 0.792981 0.934933 0.649368 0.791518 0.618763 0.582814 0.803276 0.737066 0.654146 0.762262 0.660385 0.492538 0.738383 0.615966 0.804988 0.974338 0.889611 0.893651 0.738722 0.691505 0.835437 0.936427
0.928055 0.916671 0.730791 0.760327 0.752021 0.860179 0.616305 0.625898 0.545365 0.000000 0.969749 0.978974 0.904056 0.925750 0.657615 0.766121 0.864319 0.820517 0.773309 0.846511 0.925241 0.976083 0.747363 0.952030 0.987216 0.873430 0.990336 0.862282 0.778229 0.907213 0.758725 0.909170 0.824086 0.740101 0.690366 0.779119 0.734656 0.915306 0.967601 0.845694 0.718850 0.871876 0.550645 0.620340 0.548469 0.581134 0.881466 0.790996 0.810003 0.751391 0.547558 0.521747 0.502283 0.470624 0.979362 0.919463 0.937107 0.884534 0.643940 0.981701 0.843267 0.961417 0.914973 0.951588 0.814016 0.908633 0.622115 0.729641 0.944114 0.883253 0.417202 0.438925 0.677299 0.687199 0.968471 0.992559 0.499463 0.573310 0.874679 0.925666 0.999335 0.820137 0.922064 0.975495 0.906547 0.917354 0.882178 0.826355 0.902297 0.852797 0.384513 0.399742 0.397039 0.397331 0.839858 0.986740 0.631486 0.706696 0.532328 0.522354 0.707832 0.659257 0.517124 0.725808 0.746184 0.539343 0.946911 0.450181 0.852118 0.854768 0.774615 0.715518 0.612088 0.665103 0.800364 0.805103
0.434765 0.837680 0.496379 0.411364 0.983739 0.680095 0.424747 0.401641 0.732498 0.969749 0.000000 0.476437 0.300266 0.336396 0.672137 0.561200 0.771838 0.693691 0.337571 0.400941 0.877289 0.850033 0.510429 0.469018 0.758596 0.611286 0.967155 0.783248 0.569387 0.628316 0.456827 0.442021 0.381544 0.359367 0.569317 0.829848 0.693287 0.926017 0.845041 0.965826 0.915543 0.997455 0.679975 0.709238 0.785731 0.840966 0.585476 0.656397 0.850837 0.985007 0.982141 0.911037 0.962810 0.987834 0.684639 0.851509 0.778588 0.916198 0.591257 0.883365 0.359319 0.685653 0.371049 0.714690 0.543789 0.479078 0.472782 0.457040 0.907937 0.938014 0.620391 0.717371 0.818850 0.733963 0.910082 0.789329 0.758766 0.741151 0.848331 0.832204 0.705401 0.609454 0.803078 0.835398 0.446149 0.499774 0.838972 0.741130 0.786434 0.765018 0.746821 0.875293 0.804703 0.865899 0.857606 0.749559 0.931324 0.906851 0.722904 0.651710 0.551289 0.720345 0.778951 0.728891 0.714607 0.821376 0.921507 0.866159 0.849107 0.932794 0.915530 0.999166 0.910871 0.935383 0.932594 0.781644
0.374762 0.470923 0.779864 0.644103 0.968532 0.720508 0.649980 0.509030 0.794983 0.978974 0.476437 0.000000 0.607903 0.559729 0.871619 0.593462 0.459558 0.340193 0.571118 0.422421 0.785506 0.922521 0.721988 0.669304 0.853271 0.705197 0.992403 0.917467 0.445606 0.378871 0.629481 0.680530 0.414290 0.488538 0.705795 0.779703 0.599635 0.751402 0.906175 0.958628 0.712590 0.831547 0.805321 0.778820 0.627712 0.677672 0.706290 0.716555 0.921413 0.831587 0.826618 0.874811 0.893820 0.923402 0.727594 0.844664 0.468585 0.491646 0.539860 0.649812 0.454847 0.372579 0.419342 0.378251 0.767389 0.523754 0.580177 0.525854 0.656046 0.599511 0.717524 0.752453 0.721713 0.620534 0.843680 0.891490 0.801428 0.828941 0.641951 0.705946 0.367625 0.434611 0.667666 0.601729 0.653182 0.579812 0.966587 0.872882 0.791936 0.690674 0.790201 0.986071 0.805982 0.962210 0.721200 0.933132 0.776981 0.859812 0.707687 0.733921 0.705893 0.820143 0.652918 0.734003 0.681026 0.837520 0.941867 0.910517 0.834883 0.890287 0.962264 0.893001 0.972852 0.935748 0.828208 0.971051
0.479464 0.894322 0.387057 0.368833 0.816865 0.775005 0.367384 0.427412 0.641256 0.904056 0.300266 0.607903 0.000000 0.285580 0.414092 0.415247 0.897340 0.754198 0.369057 0.428727 0.673422 0.963675 0.341724 0.382486 0.627183 0.587016 0.846617 0.767228 0.639277 0.650848 0.435762 0.411176 0.356010 0.333363 0.534277 0.797165 0.713981 0.883561 0.909007 0.972281 0.969605 0.887682 0.624116 0.667958 0.849262 0.910137 0.581273 0.605172 0.705952 0.903665 0.987794 0.960663 0.978520 0.923669 0.658523 0.914217 0.885969 0.998146 0.496620 0.831815 0.301820 0.814929 0.327832 0.750042 0.400524 0.474324 0.416028 0.511677 0.925817 0.942279 0.548004 0.659232 0.890526 0.860033 0.874854 0.736908 0.711031 0.662234 0.930701 0.807975 0.781018 0.702666 0.654525 0.961936 0.347049 0.433651 0.725282 0.820661 0.713093 0.778399 0.667126 0.763179 0.795827 0.720101 0.862874 0.778349 0.903479 0.900514 0.666327 0.634400 0.651647 0.726748 0.784363 0.746376 0.688590 0.693345 0.940153 0.755172 0.780991 0.921619 0.871004 0.989024 0.936388 0.937511 0.902158 0.784837
0.489572 0.822980 0.505000 0.413545 0.858601 0.843581 0.452778 0.419884 0.806188 0.925750 0.336396 0.559729 0.285580 0.000000 0.500657 0.435151 0.887467 0.665047 0.372913 0.405796 0.813947 0.920665 0.432048 0.395508 0.668654 0.667925 0.894909 0.710646 0.640410 0.582221 0.422960 0.381957 0.327198 0.338022 0.574776 0.708276 0.671207 0.956295 0.769228 0.977575 0.996406 0.883200 0.684800 0.733644 0.877127 0.939273 0.697297 0.698746 0.704155 0.867600 0.996606 0.898870 0.984713 0.988868 0.840701 0.995679 0.749649 0.894033 0.582053 0.915746 0.399875 0.806510 0.332046 0.699893 0.521601 0.469263 0.461281 0.457978 0.986701 0.981821 0.623931 0.599169 0.920427 0.791117 0.788113 0.729676 0.784884 0.730435 0.830086 0.791322 0.739227 0.697344 0.583641 0.882794 0.406008 0.413012 0.765062 0.739715 0.701967 0.754786 0.692760 0.887471 0.757924 0.870960 0.934241 0.718098 0.918068 0.923398 0.685319 0.678477 0.545566 0.749177 0.777610 0.824714 0.682312 0.796609 0.928344 0.836632 0.751686 0.946914 0.988995 0.986698 0.997445 0.961101 0.929864 0.814836
0.721521 0.996583 0.418485 0.486023 0.657410 0.907861 0.455173 0.585274 0.561933 0.657615 0.672137 0.871619 0.414092 0.500657 0.000000 0.404366 0.997278 0.885074 0.621986 0.709246 0.647613 0.835162 0.350721 0.555849 0.573627 0.618058 0.765193 0.758182 0.804738 0.763943 0.465406 0.584438 0.526610 0.509337 0.576993 0.767715 0.697474 0.826349 0.888686 0.985485 0.999923 0.859395 0.667730 0.771081 0.793377 0.866286 0.780616 0.689550 0.756014 0.934040 0.872026 0.837025 0.809160 0.738554 0.837986 0.958819 0.957688 0.957426 0.561764 0.873493 0.422451 0.932096 0.548758 0.819503 0.383170 0.611102 0.483314 0.608638 0.991862 0.930040 0.513655 0.534109 0.948653 0.972834 0.967782 0.885116 0.659733 0.691757 0.858065 0.903377 0.928367 0.946354 0.643851 0.905910 0.404266 0.553536 0.697380 0.919892 0.806693 0.813398 0.581517 0.624345 0.688372 0.566159 0.819958 0.895588 0.841423 0.819121 0.642607 0.684031 0.841078 0.803963 0.780691 0.866292 0.657199 0.581484 0.761204 0.632229 0.792197 0.882299 0.940625 0.879192 0.951759 0.838041 0.889303 0.898456
0.525457 0.711306 0.444061 0.457573 0.815743 0.810061 0.458773 0.481236 0.548624 0.766121 0.561200 0.593462 0.415247 0.435151 0.404366 0.000000 0.771028 0.610740 0.553077 0.531454 0.608692 0.948274 0.359491 0.469898 0.542772 0.443736 0.857796 0.871839 0.525444 0.480984 0.384889 0.471784 0.356841 0.406040 0.560036 0.666806 0.529645 0.748276 0.986888 0.962905 0.949966 0.938285 0.676182 0.738307 0.713690 0.728016 0.683659 0.669191 0.882568 0.948274 0.773660 0.783169 0.807142 0.771729 0.760436 0.897423 0.796322 0.787978 0.527182 0.732366 0.320858 0.570148 0.460356 0.613205 0.428668 0.448175 0.492093 0.530555 0.860507 0.917667 0.551770 0.565878 0.825614 0.762807 0.767167 0.891830 0.677674 0.729669 0.647074 0.677535 0.591264 0.665803 0.604780 0.751085 0.362324 0.417968 0.815937 0.903067 0.747889 0.769683 0.608814 0.823273 0.697330 0.706873 0.740697 0.888857 0.686801 0.837502 0.626966 0.708659 0.708477 0.813889 0.774227 0.921082 0.641905 0.732028 0.885198 0.736869 0.762759 0.973463 0.906869 0.855616 0.922978 0.927571 0.882912 0.885306
0.424919 0.303109 0.999884 0.877747 0.979546 0.857972 0.895718 0.719267 0.838158 0.864319 0.771838 0.459558 0.897340 0.887467 0.997278 0.771028 0.000000 0.318535 0.808351 0.601053 0.871695 0.975404 0.971751 0.924965 0.861770 0.894442 0.953776 0.952376 0.462931 0.450892 0.782086 0.864860 0.695807 0.688888 0.802237 0.829735 0.679357 0.729508 0.975889 0.812142 0.660489 0.732124 0.835123 0.726059 0.626689 0.611563 0.793785 0.862675 0.780865 0.725165 0.670244 0.734620 0.818503 0.894745 0.737385 0.750660 0.338190 0.272301 0.678043 0.687701 0.745094 0.485323 0.620336 0.384592 0.978937 0.783747 0.750103 0.746472 0.473191 0.591915 0.722233 0.810309 0.703481 0.617622 0.901082 0.813754 0.811408 0.852901 0.689355 0.864408 0.302950 0.491660 0.699108 0.471064 0.862053 0.765070 0.934064 0.955154 0.917232 0.724526 0.845865 0.995803 0.800201 0.997402 0.543071 0.989800 0.622680 0.621464 0.731506 0.711200 0.861523 0.960736 0.625680 0.689877 0.631558 0.847571 0.963819 0.784552 0.914066 0.775257 0.917711 0.726292 0.918101 0.838156 0.762939 0.879523
0.406783 0.329411 0.888193 0.745392 0.976334 0.817323 0.742792 0.578687 0.857457 0.820517 0.693691 0.340193 0.754198 0.665047 0.885074 0.610740 0.318535 0.000000 0.661367 0.513181 0.828929 0.910533 0.820343 0.778323 0.827648 0.774815 0.965894 0.962599 0.409779 0.345234 0.649372 0.675311 0.514044 0.589248 0.710422 0.681249 0.588223 0.769053 0.961965 0.836877 0.730528 0.787334 0.760987 0.694072 0.584560 0.580107 0.750578 0.762591 0.886142 0.784937 0.713443 0.746666 0.823543 0.896510 0.717839 0.870072 0.314430 0.296297 0.632355 0.693476 0.615201 0.452137 0.516700 0.326702 0.854427 0.632033 0.606637 0.608161 0.556787 0.573513 0.664477 0.701575 0.696178 0.566693 0.913680 0.845943 0.777271 0.772986 0.521871 0.662708 0.264231 0.462131 0.583745 0.536987 0.752195 0.640919 0.980643 0.948174 0.831409 0.720220 0.723638 0.948038 0.683248 0.933065 0.677710 0.872870 0.578814 0.757458 0.651611 0.660352 0.710651 0.882018 0.578357 0.718871 0.584744 0.778087 0.997541 0.845605 0.841053 0.754008 0.921394 0.776125 0.948849 0.868778 0.779097 0.966183
0.463538 0.739369 0.371816 0.283106 0.872253 0.642611 0.270847 0.240237 0.719656 0.773309 0.337571 0.571118 0.369057 0.372913 0.621986 0.553077 0.808351 0.661367 0.000000 0.351308 0.884895 0.983533 0.435798 0.418430 0.624911 0.537806 0.979686 0.770403 0.590205 0.717926 0.387055 0.403859 0.325932 0.285476 0.442551 0.662548 0.686868 0.947199 0.903814 0.924405 0.878248 0.907835 0.436205 0.488057 0.588951 0.646552 0.465983 0.500737 0.987531 0.851048 0.816237 0.891836 0.826683 0.891937 0.596805 0.789533 0.738680 0.884580 0.549280 0.938963 0.472441 0.775965 0.490375 0.857836 0.479242 0.444570 0.327888 0.351226 0.885533 0.947224 0.484331 0.572843 0.782854 0.667888 0.820493 0.799915 0.577470 0.596998 0.806785 0.835489 0.768206 0.622463 0.666106 0.907153 0.415207 0.473626 0.821902 0.750426 0.715248 0.726271 0.515597 0.680963 0.607350 0.727397 0.793441 0.713996 0.751313 0.788161 0.472100 0.449797 0.568134 0.609851 0.655568 0.629676 0.606298 0.701977 0.975065 0.718859 0.796001 0.924031 0.956788 0.789386 0.757630 0.926463 0.971410 0.868255
0.366220 0.519521 0.571772 0.428972 0.944386 0.661383 0.443171 0.330463 0.720090 0.846511 0.400941 0.422421 0.428727 0.405796 0.709246 0.531454 0.601053 0.513181 0.351308 0.000000 0.823651 0.975244 0.604608 0.509277 0.699135 0.625300 0.974300 0.778037 0.423982 0.591523 0.535373 0.473574 0.330158 0.358707 0.650280 0.778492 0.695091 0.994207 0.876025 0.943460 0.878457 0.930574 0.527487 0.553116 0.600604 0.617853 0.502465 0.550955 0.889825 0.766744 0.770572 0.856956 0.851767 0.913497 0.657265 0.761873 0.555545 0.635413 0.489405 0.713272 0.488202 0.586992 0.455675 0.689901 0.600938 0.493025 0.488702 0.481572 0.666750 0.793698 0.584944 0.712765 0.695298 0.604081 0.746743 0.675895 0.634764 0.665317 0.755386 0.782131 0.572779 0.429954 0.563647 0.725690 0.480649 0.482254 0.773180 0.702945 0.791267 0.726911 0.670582 0.853441 0.751744 0.885276 0.717836 0.956118 0.767064 0.778797 0.560060 0.501851 0.615206 0.685326 0.577355 0.656565 0.561668 0.770430 0.943767 0.808585 0.751850 0.992678 0.964655 0.773532 0.824911 0.878313 0.871967 0.934534
0.801594 0.856786 0.719875 0.784125 0.787872 0.862409 0.734837 0.813174 0.718542 0.925241 0.877289 0.785506 0.673422 0.813947 0.647613 0.608692 0.871695 0.828929 0.884895 0.823651 0.000000 0.939975 0.690726 0.772399 0.753470 0.741517 0.853294 0.912679 0.880373 0.763250 0.734943 0.883593 0.697090 0.767289 0.823901 0.794762 0.768907 0.718595 0.946017 0.774111 0.871775 0.973161 0.849272 0.931510 0.879367 0.916173 0.845910 0.856060 0.879932 0.921471 0.915927 0.909406 0.957609 0.817372 0.798483 0.827068 0.973931 0.881751 0.655064 0.703585 0.587890 0.761471 0.752906 0.772655 0.618834 0.694658 0.704886 0.753612 0.790308 0.990057 0.664361 0.809580 0.988899 0.936174 0.958219 0.929972 0.827108 0.715706 0.917616 0.812680 0.726015 0.878766 0.814068 0.904763 0.703598 0.689495 0.819538 0.802556 0.802885 0.900456 0.788077 0.838893 0.860695 0.730795 0.792423 0.951747 0.786275 0.976902 0.737029 0.886532 0.935644 0.941496 0.880323 0.920483 0.839753 0.657148 0.834641 0.923412 0.979993 0.965415 0.994132 0.810697 0.976741 0.933869 0.768669 0.931204
0.940033 0.918256 0.909360 0.933120 0.895842 0.957755 0.983961 0.969601 0.972598 0.976083 0.850033 0.922521 0.963675 0.920665 0.835162 0.948274 0.975404 0.910533 0.983533 0.975244 0.939975 0.000000 0.942412 0.861992 0.799712 0.964752 0.777463 0.803404 0.957212 0.971966 0.870132 0.928358 0.992889 0.965597 0.963851 0.950993 0.957376 0.907617 0.926861 0.887985 0.925548 0.996530 0.942511 0.899150 0.926052 0.943653 0.965184 0.928258 0.953504 0.960973 0.894269 0.895761 0.987338 0.922246 0.993853 0.971008 0.910748 0.928808 0.993325 0.989582 0.971567 0.939772 0.970721 0.918795 0.920756 0.993406 0.972162 0.960877 0.851004 0.868459 0.907347 0.917770 0.873676 0.989497 0.918558 0.990686 0.884659 0.766747 0.960480 0.906206 0.967651 0.950060 0.766145 0.984382 0.969695 0.830023 0.970903 0.995853 0.869178 0.799912 0.899215 0.904232 0.906391 0.992962 0.934280 0.941933 0.864813 0.983488 0.852454 0.857105 0.973301 0.923575 0.854183 0.992818 0.770473 0.922179 0.953013 0.908495 0.958344 0.923649 0.812511 0.979015 0.962999 0.948169 0.890692 0.931030
0.666743 0.951404 0.262411 0.288477 0.756702 0.863565 0.297674 0.399472 0.539779 0.747363 0.510429 0.721988 0.341724 0.432048 0.350721 0.359491 0.971751 0.820343 0.435798 0.604608 0.690726 0.942412 0.000000 0.323177 0.404688 0.430087 0.796207 0.909718 0.770881 0.663570 0.301157 0.382568 0.346128 0.331649 0.473438 0.674034 0.604208 0.812734 0.841069 0.925047 0.946492 0.787579 0.644703 0.733692 0.796502 0.847116 0.650133 0.603716 0.750395 0.907419 0.873273 0.878836 0.861993 0.771512 0.730062 0.869572 0.942670 0.958645 0.590551 0.806548 0.309564 0.738520 0.478417 0.789254 0.281924 0.370551 0.387487 0.417381 0.948613 0.865695 0.495354 0.542592 0.968388 0.927705 0.813924 0.907505 0.656673 0.609582 0.850011 0.762505 0.820409 0.782502 0.620219 0.936977 0.276059 0.386954 0.805793 0.811109 0.650673 0.624762 0.622018 0.713508 0.710098 0.655497 0.733290 0.821746 0.811910 0.857842 0.679027 0.653986 0.747741 0.739645 0.878722 0.864323 0.699697 0.591778 0.920887 0.746696 0.890680 0.878758 0.894124 0.998541 0.944826 0.941291 0.891790 0.906399
0.639018 0.812068 0.384619 0.289697 0.977791 0.815068 0.420273 0.434065 0.732067 0.952030 0.469018 0.669304 0.382486 0.395508 0.555849 0.469898 0.924965 0.778323 0.418430 0.509277 0.772399 0.861992 0.323177 0.000000 0.396424 0.485754 0.840218 0.847934 0.761852 0.642730 0.378929 0.323691 0.364165 0.362367 0.614370 0.793402 0.769840 0.910641 0.785380 0.966890 0.914751 0.726750 0.685510 0.732747 0.833832 0.868367 0.639826 0.605416 0.815204 0.925452 0.957281 0.947956 0.953845 0.986524 0.647534 0.861658 0.910559 0.983804 0.716492 0.840099 0.412067 0.703937 0.524519 0.816752 0.405609 0.363946 0.507786 0.467498 0.903480 0.810628 0.677709 0.765644 0.989509 0.917659 0.717979 0.852130 0.802318 0.717638 0.785411 0.678693 0.758982 0.583874 0.537672 0.816943 0.338379 0.296395 0.782965 0.552259 0.595681 0.593825 0.826882 0.950046 0.932651 0.966624 0.796549 0.845607 0.863089 0.981204 0.767112 0.734039 0.781049 0.868270 0.964540 0.901216 0.736404 0.816811 0.954137 0.990565 0.842012 0.867831 0.917014 0.996206 0.980275 0.984518 0.899077 0.816687
0.688094 0.746944 0.432309 0.417208 0.856563 0.944388 0.538944 0.561631 0.652680 0.987216 0.758596 0.853271 0.627183 0.668654 0.573627 0.542772 0.861770 0.827648 0.624911 0.699135 0.753470 0.799712 0.404688 0.396424 0.000000 0.423219 0.747733 0.966020 0.872562 0.693315 0.395419 0.498939 0.499963 0.503330 0.573534 0.740657 0.673202 0.774012 0.811293 0.958104 0.963793 0.869499 0.757401 0.809981 0.831077 0.852949 0.667737 0.689763 0.938928 0.992590 0.809047 0.931295 0.941379 0.932572 0.690413 0.798297 0.916606 0.839565 0.770573 0.738481 0.507970 0.694624 0.654650 0.787960 0.378247 0.493460 0.564304 0.585899 0.707909 0.903260 0.663766 0.775434 0.996237 0.967993 0.791126 0.974136 0.729049 0.698608 0.838551 0.775071 0.718030 0.600616 0.495777 0.721885 0.378120 0.367151 0.896931 0.767180 0.553105 0.454702 0.876670 0.985970 0.898528 0.977713 0.672958 0.860977 0.698738 0.789054 0.790809 0.784493 0.980885 0.988252 0.969191 0.990570 0.719340 0.743004 0.873018 0.890635 0.920642 0.933336 0.774839 0.951707 0.934040 0.992086 0.943590 0.844576
0.661299 0.771962 0.325219 0.359409 0.895568 0.785189 0.383997 0.423734 0.509255 0.873430 0.611286 0.705197 0.587016 0.667925 0.618058 0.443736 0.894442 0.774815 0.537806 0.625300 0.741517 0.964752 0.430087 0.485754 0.423219 0.000000 0.909865 0.988001 0.651819 0.726068 0.405879 0.543023 0.457149 0.475195 0.602283 0.663301 0.564188 0.721153 0.983111 0.968974 0.959835 0.931943 0.583239 0.716119 0.576668 0.610157 0.588933 0.571568 0.842245 0.786380 0.658715 0.758119 0.721597 0.751219 0.526582 0.742318 0.969007 0.926925 0.628198 0.739357 0.424344 0.605231 0.716876 0.869554 0.345164 0.425639 0.483679 0.491539 0.743859 0.948900 0.653368 0.659350 0.799256 0.802926 0.848778 0.945469 0.622984 0.630915 0.695048 0.800315 0.739851 0.619854 0.657613 0.749050 0.418886 0.454381 0.889602 0.797349 0.673903 0.656844 0.680499 0.809887 0.729941 0.761207 0.686553 0.822449 0.682196 0.837464 0.681782 0.684566 0.787217 0.885811 0.845398 0.908118 0.703023 0.687687 0.849524 0.839432 0.732807 0.962027 0.858369 0.922667 0.920593 0.954355 0.911143 0.873336
0.924586 0.959576 0.912749 0.886885 0.905568 0.932855 0.945197 0.988356 0.900509 0.990336 0.967155 0.992403 0.846617 0.894909 0.765193 0.857796 0.953776 0.965894 0.979686 0.974300 0.853294 0.777463 0.796207 0.840218 0.747733 0.909865 0.000000 0.848994 0.905713 0.936395 0.915093 0.937517 0.908424 0.887087 0.935550 0.828386 0.946124 0.826406 0.878183 0.934972 0.822182 0.989486 0.935241 0.990778 0.922817 0.868629 0.959692 0.886652 0.753450 0.824047 0.951038 0.959339 0.870582 0.964492 0.970302 0.915243 0.946173 0.946612 0.869463 0.776976 0.830135 0.957810 0.835044 0.873349 0.849997 0.758092 0.842455 0.811767 0.956991 0.912619 0.915811 0.938928 0.814165 0.824376 0.921784 0.943623 0.920483 0.850378 0.996201 0.898614 0.891156 0.998334 0.812079 0.861982 0.810143 0.769448 0.851501 0.946182 0.700161 0.805867 0.984186 0.967058 0.986319 0.968169 0.826146 0.967168 0.990466 0.793745 0.870402 0.954821 0.902707 0.909930 0.980407 0.977482 0.933630 0.900629 0.973862 0.872608 0.954146 0.895538 0.975247 0.992751 0.842757 0.861397 0.868008 0.981244
0.781944 0.979970 0.877839 0.782895 0.871843 0.717289 0.823474 0.810409 0.740095 0.862282 0.783248 0.917467 0.767228 0.710646 0.758182 0.871839 0.952376 0.962599 0.770403 0.778037 0.912679 0.803404 0.909718 0.847934 0.966020 0.988001 0.848994 0.000000 0.888146 0.971135 0.837699 0.897946 0.805388 0.805152 0.786680 0.898085 0.953761 0.994542 0.878336 0.991589 0.949147 0.871714 0.837323 0.798420 0.918159 0.977568 0.886773 0.912516 0.904485 0.950862 0.956080 0.975279 0.927783 0.936888 0.987353 0.957386 0.899552 0.890418 0.749435 0.951980 0.873703 0.867114 0.812914 0.986531 0.908166 0.928282 0.797002 0.859864 0.954590 0.998397 0.851792 0.795467 0.883207 0.879824 0.902866 0.983959 0.794888 0.899338 0.885839 0.978844 0.992490 0.997022 0.973655 0.924964 0.906706 0.877587 0.927080 0.944404 0.973663 0.952497 0.737099 0.755409 0.824462 0.804774 0.879135 0.986028 0.958050 0.868053 0.801923 0.789978 0.818029 0.853250 0.761113 0.732476 0.818778 0.889265 0.978931 0.864174 0.861455 0.854489 0.980905 0.988533 0.897738 0.860384 0.854410 0.973717
0.458294 0.459069 0.716811 0.658750 0.932225 0.874185 0.633090 0.495539 0.674109 0.778229 0.569387 0.445606 0.639277 0.640410 0.804738 0.525444 0.462931 0.409779 0.590205 0.423982 0.880373 0.957212 0.770881 0.761852 0.872562 0.651819 0.905713 0.888146 0.000000 0.465732 0.594049 0.719767 0.473246 0.560046 0.689318 0.902122 0.607331 0.794356 0.968312 0.884011 0.773628 0.848331 0.677772 0.645316 0.533525 0.496087 0.693765 0.661138 0.740542 0.637157 0.652190 0.700424 0.682917 0.789108 0.671968 0.667972 0.497419 0.490464 0.532050 0.729365 0.528062 0.496135 0.527923 0.521307 0.758060 0.673153 0.627351 0.652713 0.626620 0.564729 0.647851 0.660688 0.517013 0.514298 0.822274 0.768878 0.759736 0.770373 0.588981 0.774362 0.465441 0.520624 0.677272 0.591405 0.670172 0.685459 0.830604 0.958754 0.898440 0.887037 0.685099 0.911965 0.756670 0.864480 0.665684 0.898269 0.598070 0.861569 0.659435 0.614932 0.660593 0.914067 0.557103 0.760310 0.589307 0.794708 0.920717 0.770898 0.625437 0.760929 0.899115 0.837558 0.797959 0.733474 0.830296 0.969087
0.486404 0.442155 0.813062 0.737403 0.948856 0.949126 0.774598 0.666614 0.753084 0.907213 0.628316 0.378871 0.650848 0.582221 0.763943 0.480984 0.450892 0.345234 0.717926 0.591523 0.763250 0.971966 0.663570 0.642730 0.693315 0.726068 0.936395 0.971135 0.465732 0.000000 0.573046 0.645301 0.482563 0.559906 0.767993 0.835508 0.611621 0.719148 0.911437 0.817325 0.781734 0.815496 0.943502 0.870753 0.791722 0.775135 0.884886 0.816399 0.924609 0.985200 0.809791 0.864200 0.925366 0.948598 0.801427 0.910224 0.475173 0.414513 0.656485 0.647619 0.479176 0.419676 0.412995 0.282420 0.749798 0.590233 0.689500 0.669076 0.616240 0.714008 0.715198 0.794232 0.811418 0.745632 0.836956 0.911148 0.877779 0.809943 0.605726 0.590445 0.294806 0.515713 0.587955 0.543333 0.644296 0.538784 0.974736 0.952708 0.765949 0.680207 0.852425 0.896813 0.843483 0.995477 0.697430 0.904355 0.694249 0.885725 0.814957 0.857811 0.833396 0.988232 0.758157 0.950603 0.718997 0.833363 0.949845 0.904173 0.977555 0.765104 0.907606 0.858870 0.873053 0.884035 0.752608 0.973634
0.549294 0.769563 0.304320 0.275873 0.786359 0.880732 0.322698 0.329993 0.564353 0.758725 0.456827 0.629481 0.435762 0.422960 0.465406 0.384889 0.782086 0.649372 0.387055 0.535373 0.734943 0.870132 0.301157 0.378929 0.395419 0.405879 0.915093 0.837699 0.594049 0.573046 0.000000 0.380888 0.309392 0.329476 0.445093 0.737882 0.563736 0.788585 0.911535 0.977190 0.877086 0.928810 0.604778 0.658134 0.641858 0.705614 0.663576 0.639167 0.941604 0.961375 0.774514 0.882816 0.801976 0.823886 0.694255 0.782087 0.803909 0.830819 0.585095 0.827351 0.336392 0.646495 0.496704 0.706297 0.373883 0.423258 0.410908 0.421278 0.755672 0.959506 0.470761 0.456450 0.785587 0.684973 0.733085 0.876822 0.640783 0.654809 0.680611 0.708407 0.684528 0.651052 0.574870 0.724378 0.360905 0.405708 0.828117 0.798105 0.669173 0.643397 0.610893 0.776701 0.652424 0.772120 0.687555 0.768329 0.630515 0.807714 0.649953 0.602486 0.639400 0.740718 0.783526 0.843493 0.586608 0.615701 0.925216 0.748560 0.795642 0.952214 0.818438 0.972499 0.887370 0.987772 0.852822 0.903824
0.579886 0.825243 0.418626 0.357969 0.966346 0.766549 0.399810 0.408205 0.784567 0.909170 0.442021 0.680530 0.411176 0.381957 0.584438 0.471784 0.864860 0.675311 0.403859 0.473574 0.883593 0.928358 0.382568 0.323691 0.498939 0.543023 0.937517 0.897946 0.719767 0.645301 0.380888 0.000000 0.399313 0.383185 0.609719 0.755249 0.759374 0.945338 0.815560 0.927086 0.904166 0.776057 0.638332 0.619767 0.791297 0.802270 0.639681 0.616555 0.887245 0.996494 0.942733 0.973274 0.997112 0.984504 0.715511 0.980388 0.808793 0.909962 0.700660 0.937967 0.468926 0.751560 0.539741 0.843600 0.472838 0.444193 0.495271 0.488244 0.938360 0.841422 0.693375 0.668543 0.920271 0.780184 0.804393 0.763403 0.762129 0.699537 0.789650 0.654951 0.778030 0.641724 0.587791 0.869513 0.406826 0.429976 0.750058 0.721249 0.824482 0.718280 0.742553 0.883038 0.808658 0.884566 0.778051 0.815446 0.875333 0.870090 0.740700 0.693769 0.659838 0.732507 0.877739 0.836509 0.692088 0.826892 0.957550 0.925353 0.980876 0.966019 0.959530 0.995616 0.998469 0.936768 0.901177 0.887350
0.396048 0.614518 0.393377 0.309466 0.806591 0.747205 0.323747 0.274048 0.602956 0.824086 0.381544 0.414290 0.356010 0.327198 0.526610 0.356841 0.695807 0.514044 0.325932 0.330158 0.697090 0.992889 0.346128 0.364165 0.499963 0.457149 0.908424 0.805388 0.473246 0.482563 0.309392 0.399313 0.000000 0.287608 0.470669 0.645607 0.487304 0.730097 0.814173 0.959900 0.838790 0.914961 0.570045 0.644496 0.615254 0.681768 0.533134 0.591502 0.930949 0.945945 0.778305 0.885233 0.863486 0.872299 0.701102 0.740408 0.666270 0.703203 0.443992 0.698575 0.287664 0.523906 0.336662 0.571671 0.393899 0.319202 0.325908 0.317485 0.767220 0.861743 0.490175 0.517797 0.744577 0.685343 0.757932 0.814360 0.589647 0.654983 0.652326 0.705183 0.541828 0.511570 0.525062 0.706329 0.320097 0.337176 0.846669 0.757325 0.667189 0.643795 0.601189 0.834468 0.661788 0.807012 0.727645 0.793472 0.671273 0.787212 0.551192 0.561129 0.637474 0.694058 0.655518 0.764591 0.600510 0.684475 0.942501 0.757857 0.761971 0.973532 0.938355 0.885973 0.897590 0.859668 0.919949 0.836357
0.402952 0.644982 0.331965 0.266805 0.823002 0.704951 0.285711 0.258553 0.591872 0.740101 0.359367 0.488538 0.333363 0.338022 0.509337 0.406040 0.688888 0.589248 0.285476 0.358707 0.767289 0.965597 0.331649 0.362367 0.503330 0.475195 0.887087 0.805152 0.560046 0.559906 0.329476 0.383185 0.287608 0.000000 0.422577 0.672186 0.565385 0.762019 0.777208 0.939477 0.880929 0.887752 0.468010 0.511930 0.581764 0.639724 0.489266 0.496731 0.973621 0.861084 0.727753 0.790870 0.775105 0.783472 0.617573 0.878573 0.705335 0.779354 0.483249 0.767208 0.337523 0.631908 0.404246 0.669827 0.394569 0.339645 0.313546 0.309747 0.732150 0.948015 0.436311 0.534251 0.775152 0.673954 0.770654 0.782930 0.605113 0.566795 0.745658 0.774406 0.626177 0.542177 0.516076 0.762017 0.336093 0.357309 0.804663 0.768630 0.620021 0.633071 0.529801 0.714484 0.603477 0.707786 0.721632 0.783133 0.732926 0.778721 0.510508 0.488670 0.604725 0.671761 0.609602 0.632135 0.536028 0.637342 0.983157 0.675574 0.741568 0.992130 0.943002 0.800701 0.825052 0.954903 0.818675 0.818550
0.543185 0.805182 0.457117 0.430369 0.690256 0.765992 0.437497 0.433333 0.614557 0.690366 0.569317 0.705795 0.534277 0.574776 0.576993 0.560036 0.802237 0.710422 0.442551 0.650280 0.823901 0.963851 0.473438 0.614370 0.573534 0.602283 0.935550 0.786680 0.689318 0.767993 0.445093 0.609719 0.470669 0.422577 0.000000 0.740797 0.566341 0.723126 0.841887 0.999930 0.835209 0.863878 0.548596 0.593665 0.624092 0.696232 0.568290 0.629679 0.969441 0.858431 0.738700 0.787784 0.709575 0.744010 0.671073 0.744389 0.848159 0.899228 0.532160 0.892377 0.474303 0.783399 0.551039 0.748963 0.456292 0.551571 0.353844 0.450396 0.858148 0.939731 0.483054 0.544151 0.757803 0.768996 0.955302 0.900063 0.646450 0.640887 0.793204 0.865240 0.737016 0.698589 0.665863 0.828780 0.472206 0.554101 0.836389 0.993183 0.710558 0.710070 0.469605 0.654014 0.560030 0.574859 0.738644 0.763771 0.685203 0.703060 0.549261 0.597776 0.670721 0.701738 0.624836 0.723421 0.653722 0.528951 0.939496 0.612316 0.696363 0.907061 0.802876 0.917385 0.834447 0.838784 0.946884 0.809406
0.770977 0.780836 0.725385 0.675517 0.831725 0.862878 0.633982 0.632176 0.937198 0.779119 0.829848 0.779703 0.797165 0.708276 0.767715 0.666806 0.829735 0.681249 0.662548 0.778492 0.794762 0.950993 0.674034 0.793402 0.740657 0.663301 0.828386 0.898085 0.902122 0.835508 0.737882 0.755249 0.645607 0.672186 0.740797 0.000000 0.685547 0.821142 0.889847 0.885763 0.782007 0.988915 0.739129 0.840325 0.728268 0.810366 0.745315 0.802337 0.982738 0.925839 0.713964 0.756232 0.776918 0.790182 0.855227 0.885106 0.848840 0.814043 0.760894 0.869959 0.731520 0.792339 0.778229 0.851899 0.683753 0.591704 0.529662 0.510228 0.991490 0.887982 0.627797 0.640783 0.942877 0.843438 0.936705 0.931782 0.679659 0.765023 0.979410 0.985550 0.742197 0.849561 0.686570 0.975098 0.624667 0.633338 0.947787 0.974110 0.779587 0.829475 0.693748 0.801462 0.620157 0.762686 0.794619 0.737456 0.878541 0.698290 0.671302 0.762023 0.722801 0.784144 0.793953 0.792786 0.733283 0.791951 0.989038 0.855968 0.928159 0.962628 0.831909 0.719063 0.895689 0.893337 0.927774 0.980296
0.553072 0.696208 0.604988 0.629950 0.717328 0.851014 0.619356 0.580647 0.590750 0.734656 0.693287 0.599635 0.713981 0.671207 0.697474 0.529645 0.679357 0.588223 0.686868 0.695091 0.768907 0.957376 0.604208 0.769840 0.673202 0.564188 0.946124 0.953761 0.607331 0.611621 0.563736 0.759374 0.487304 0.565385 0.566341 0.685547 0.000000 0.684353 0.854895 0.893784 0.673717 0.796319 0.785159 0.843389 0.674914 0.738186 0.714264 0.819751 0.958832 0.878226 0.646530 0.761434 0.726143 0.773420 0.818744 0.759316 0.728308 0.682344 0.510045 0.695257 0.473941 0.579520 0.541391 0.575174 0.637757 0.627129 0.541841 0.507723 0.768428 0.863364 0.617794 0.549941 0.750099 0.764879 0.999774 0.986156 0.685955 0.816513 0.622260 0.837233 0.568492 0.772568 0.686245 0.642094 0.621752 0.654989 0.990561 0.954012 0.662525 0.674318 0.689291 0.823706 0.656777 0.790358 0.608718 0.926576 0.637321 0.869718 0.688614 0.728415 0.794091 0.955075 0.667063 0.906402 0.675411 0.713196 0.949301 0.649096 0.732754 0.776606 0.784478 0.889695 0.983436 0.807056 0.942511 0.937750
0.769883 0.803401 0.822160 0.850622 0.781911 0.987691 0.853697 0.852888 0.672099 0.915306 0.926017 0.751402 0.883561 0.956295 0.826349 0.748276 0.729508 0.769053 0.947199 0.994207 0.718595 0.907617 0.812734 0.910641 0.774012 0.721153 0.826406 0.994542 0.794356 0.719148 0.788585 0.945338 0.730097 0.762019 0.723126 0.821142 0.684353 0.000000 0.904934 0.834293 0.849988 0.848462 0.960438 0.980591 0.816736 0.887613 0.917947 0.933617 0.970297 0.961692 0.887224 0.893955 0.895506 0.923226 0.891633 0.867879 0.846117 0.770706 0.706073 0.617758 0.665168 0.685024 0.751896 0.627088 0.771520 0.746011 0.732238 0.760341 0.826056 0.889135 0.786378 0.786213 0.902461 0.975159 0.907555 0.850552 0.954149 0.973260 0.906419 0.957075 0.711267 0.842861 0.775241 0.826781 0.811946 0.825298 0.992928 0.874126 0.861068 0.993967 0.836799 0.949336 0.790903 0.852472 0.896748 0.947473 0.825489 0.818738 0.902428 0.937115 0.963492 0.997456 0.900566 0.962574 0.777257 0.745123 0.785410 0.839990 0.800970 0.883630 0.953189 0.846987 0.921743 0.851465 0.881416 0.920944
