0.000000 0.380992 0.576854 0.496619 0.824302 0.684570 0.413633 0.340257 0.632887 0.732438 0.356234 0.256674 0.376283 0.414288 0.618120 0.548997 0.388696 0.416338 0.416622 0.358797 0.872550 0.978827 0.578714 0.695811 0.986504 0.835217 0.949388 0.993897 0.372820 0.454252 0.691850 0.745600 0.340745 0.321528 0.514539 0.821937 0.665886 0.913057 0.889177 0.975118 0.765406 0.905742 0.584507 0.613790 0.619015 0.639476 0.461962 0.517765 0.917117 0.857295 0.813069 0.795604 0.916711 0.979711 0.715896 0.685778 0.400370 0.472313 0.295783 0.431505 0.318278 0.360392 0.298882 0.365580 0.557061 0.433525 0.404935 0.432888 0.632951 0.683664 0.548537 0.657372 0.801948 0.674374 0.899253 0.831209 0.568267 0.704939 0.642831 0.789299 0.388036 0.519386 0.576347 0.628605 0.417151 0.573040 0.818797 0.997793 0.657014 0.601960 0.671796 0.831604 0.721928 0.805854 0.714801 0.775767 0.648052 0.693265 0.461309 0.457022 0.615613 0.685663 0.579426 0.652919 0.494771 0.566216 0.969705 0.666237 0.671680 0.811308 0.843221 0.705619 0.701992 0.973399 0.768775 0.990010
0.380992 0.000000 0.833368 0.724551 0.994887 0.870776 0.706138 0.534395 0.859419 0.845616 0.732298 0.460190 0.737387 0.686526 0.877807 0.692981 0.312606 0.387704 0.637982 0.478780 0.919901 0.942632 0.796446 0.764235 0.916662 0.840742 0.998850 0.901097 0.459392 0.520161 0.786396 0.828600 0.505689 0.542900 0.741193 0.811195 0.738106 0.948548 0.962083 0.948776 0.701654 0.874980 0.657479 0.639781 0.567086 0.507754 0.593353 0.599011 0.710199 0.700880 0.634438 0.674565 0.903738 0.995425 0.642564 0.679574 0.273647 0.206119 0.522360 0.435916 0.578862 0.360459 0.560422 0.462644 0.753408 0.530866 0.621660 0.585538 0.457556 0.532609 0.751861 0.837503 0.740924 0.719376 0.786883 0.798087 0.750486 0.793470 0.605856 0.646773 0.334047 0.438258 0.523544 0.521949 0.615000 0.589022 0.906837 0.917868 0.766750 0.590754 0.869200 0.958972 0.886469 0.937756 0.617686 0.952014 0.525518 0.706798 0.574933 0.564605 0.857550 0.932179 0.661667 0.844327 0.596999 0.688961 0.904222 0.731676 0.669250 0.697361 0.711691 0.557705 0.807038 0.837910 0.677786 0.983150
0.576854 0.833368 0.000000 0.209488 0.754634 0.774403 0.223867 0.338492 0.431491 0.738117 0.491902 0.717883 0.392531 0.479692 0.409397 0.412640 0.886317 0.822226 0.354832 0.523137 0.722744 0.935543 0.271239 0.402512 0.528142 0.378119 0.944214 0.846613 0.640186 0.748513 0.316919 0.451107 0.376465 0.317240 0.437412 0.728051 0.497864 0.804025 0.889853 0.870265 0.885883 0.938574 0.451708 0.545112 0.547768 0.631191 0.527948 0.444240 0.948289 0.848265 0.669324 0.751355 0.685261 0.698985 0.560195 0.683452 0.969646 0.976088 0.557971 0.809319 0.424406 0.703224 0.604882 0.856226 0.243075 0.421849 0.332309 0.383055 0.798222 0.983750 0.466713 0.462679 0.739629 0.705488 0.807710 0.909783 0.523912 0.574094 0.813824 0.862007 0.815626 0.716150 0.642370 0.814593 0.345881 0.431540 0.786738 0.783117 0.696257 0.658710 0.537484 0.649643 0.636384 0.640652 0.661001 0.819040 0.722216 0.849820 0.615041 0.545012 0.662033 0.717729 0.711682 0.782347 0.592313 0.592465 0.891142 0.646327 0.686543 0.987795 0.842397 0.932431 0.810803 0.863771 0.867754 0.892300
0.496619 0.724551 0.209488 0.000000 0.827489 0.679217 0.191197 0.253532 0.458054 0.735909 0.403609 0.590679 0.369084 0.396060 0.457307 0.434280 0.781029 0.698050 0.269787 0.400563 0.781572 0.964404 0.282373 0.327205 0.560731 0.435973 0.950385 0.814314 0.590650 0.683190 0.326654 0.429391 0.293004 0.260278 0.423576 0.672276 0.562105 0.853860 0.873752 0.849984 0.835114 0.893996 0.427358 0.495696 0.524351 0.606845 0.465915 0.426363 0.949219 0.854802 0.663768 0.765354 0.694931 0.750121 0.583759 0.668291 0.839881 0.895171 0.507453 0.733759 0.399635 0.624599 0.536651 0.786495 0.290243 0.333780 0.277572 0.290975 0.798642 0.942428 0.422989 0.441220 0.696278 0.670178 0.704379 0.891815 0.511436 0.571043 0.747302 0.837085 0.736801 0.650505 0.586685 0.788449 0.331466 0.392648 0.781674 0.721279 0.642174 0.599528 0.514448 0.665323 0.621661 0.674938 0.695530 0.757215 0.691345 0.781443 0.543529 0.444488 0.599818 0.619915 0.670193 0.685864 0.554279 0.570550 0.946152 0.682360 0.656345 0.988091 0.785388 0.838334 0.771736 0.920044 0.818165 0.871773
0.824302 0.994887 0.754634 0.827489 0.000000 0.885281 0.767768 0.770972 0.698958 0.729077 0.906496 0.879848 0.717080 0.769908 0.618152 0.831778 0.944406 0.993832 0.821291 0.920517 0.895244 0.908259 0.707257 0.973192 0.973990 0.981764 0.924877 0.863924 0.889817 0.946187 0.836870 0.980578 0.780176 0.760628 0.679969 0.894831 0.832008 0.847019 0.949849 0.999292 0.935318 0.996478 0.753928 0.833685 0.885936 0.948238 0.838325 0.849025 0.952117 0.924624 0.871583 0.794349 0.816043 0.838368 0.986355 0.921958 0.965103 0.929482 0.677694 0.739225 0.689606 0.873909 0.704694 0.841444 0.678214 0.799314 0.701219 0.729709 0.889703 0.952470 0.792933 0.708619 0.951785 0.974517 0.974191 0.971334 0.848528 0.862057 0.933588 0.956384 0.983506 0.858647 0.892309 0.960606 0.726451 0.907334 0.968173 0.801490 0.731233 0.936252 0.722435 0.735326 0.768033 0.676429 0.974947 0.988577 0.861896 0.876493 0.738787 0.836747 0.951448 0.919740 0.757743 0.832270 0.857351 0.604299 0.916525 0.641234 0.831111 0.981965 0.874210 0.883514 0.814930 0.863367 0.903794 0.916905
0.684570 0.870776 0.774403 0.679217 0.885281 0.000000 0.631410 0.632873 0.762060 0.856433 0.664827 0.714481 0.741007 0.793033 0.864294 0.803263 0.849828 0.790085 0.602650 0.650887 0.794928 0.927856 0.808478 0.805017 0.984877 0.813519 0.993272 0.733252 0.820415 0.927518 0.856055 0.826403 0.701440 0.663959 0.766590 0.832761 0.813434 0.974961 0.931325 0.974040 0.876438 0.967117 0.603644 0.683524 0.698245 0.711930 0.668452 0.719481 0.929675 0.855971 0.853066 0.855801 0.874404 0.869517 0.783944 0.866520 0.789651 0.946344 0.737986 0.830964 0.712027 0.732330 0.812059 0.918029 0.763209 0.624430 0.634376 0.567597 0.948605 0.937220 0.777682 0.811041 0.840712 0.682803 0.988370 0.956746 0.718400 0.712552 0.800164 0.977921 0.822241 0.873858 0.981709 0.974645 0.774765 0.811427 0.868956 0.887067 0.853501 0.822894 0.681022 0.761584 0.757995 0.772513 0.904190 0.903889 0.837422 0.970044 0.671719 0.708021 0.817101 0.777049 0.692877 0.701901 0.833619 0.875028 0.995054 0.887257 0.997147 0.933744 0.962190 0.854369 0.901951 0.938393 0.938082 0.938035
0.413633 0.706138 0.223867 0.191197 0.767768 0.631410 0.000000 0.188323 0.414229 0.564712 0.369974 0.513299 0.330434 0.383528 0.420540 0.436047 0.735322 0.649168 0.254495 0.375255 0.759568 0.972061 0.335325 0.486620 0.733748 0.519053 0.963942 0.853889 0.502237 0.657824 0.420516 0.519599 0.305029 0.255012 0.401359 0.670329 0.567854 0.881393 0.983738 0.862955 0.791387 0.972796 0.328789 0.420927 0.432938 0.517391 0.417929 0.377406 0.864498 0.772875 0.605060 0.660817 0.602199 0.660413 0.589782 0.665233 0.791591 0.866935 0.391424 0.709599 0.375514 0.602411 0.491246 0.728855 0.310025 0.370625 0.229026 0.284816 0.816524 0.904626 0.349948 0.372746 0.637723 0.573647 0.786164 0.863217 0.393852 0.508328 0.705860 0.913301 0.722779 0.714427 0.628310 0.828107 0.360652 0.499428 0.762242 0.837500 0.724227 0.674500 0.384467 0.511837 0.495285 0.524062 0.682163 0.696497 0.627426 0.699945 0.397767 0.338339 0.507510 0.527118 0.548890 0.588572 0.486087 0.477970 0.917073 0.580972 0.635144 0.930519 0.803880 0.762564 0.688907 0.857622 0.808677 0.991544
0.340257 0.534395 0.338492 0.253532 0.770972 0.632873 0.188323 0.000000 0.511077 0.550820 0.346516 0.381968 0.354728 0.349509 0.529151 0.505243 0.587388 0.528439 0.240875 0.300582 0.870378 0.966098 0.419914 0.514735 0.829696 0.633317 0.913160 0.906634 0.394494 0.579976 0.474470 0.563764 0.271652 0.246790 0.426579 0.685535 0.633317 0.952315 0.979125 0.910161 0.743591 0.989657 0.337348 0.422842 0.440462 0.492474 0.394779 0.402192 0.803984 0.755158 0.629207 0.681979 0.670583 0.781959 0.618587 0.633252 0.591480 0.672389 0.358100 0.599005 0.350759 0.459906 0.405500 0.597536 0.401118 0.347105 0.267156 0.267426 0.746221 0.783252 0.411153 0.412160 0.653492 0.528520 0.754648 0.812166 0.439164 0.545063 0.661870 0.854386 0.611326 0.635454 0.574241 0.780918 0.381321 0.522479 0.744713 0.854561 0.712663 0.607984 0.455727 0.614999 0.545335 0.653008 0.694664 0.698781 0.554969 0.632865 0.376973 0.304980 0.516030 0.552132 0.503086 0.567348 0.455795 0.464457 0.971537 0.608038 0.604520 0.830043 0.704401 0.696840 0.651104 0.898757 0.783160 0.970928
0.632887 0.859419 0.431491 0.458054 0.698958 0.762060 0.414229 0.511077 0.000000 0.507143 0.677670 0.688554 0.586992 0.744293 0.506053 0.562923 0.789234 0.801184 0.661349 0.698524 0.700969 0.939569 0.528884 0.786846 0.821604 0.627010 0.979978 0.879618 0.616111 0.698533 0.677459 0.885279 0.601196 0.554332 0.563961 0.934137 0.618979 0.753677 0.849873 0.889434 0.866858 0.835741 0.559909 0.605426 0.574271 0.636415 0.677677 0.600601 0.909927 0.849901 0.642764 0.597153 0.533174 0.571406 0.684080 0.693000 0.966339 0.958006 0.471579 0.703141 0.508116 0.691536 0.662572 0.741572 0.436289 0.666017 0.471822 0.577972 0.843605 0.942193 0.437433 0.503188 0.669011 0.735226 0.892720 0.900648 0.435963 0.558338 0.729658 0.981849 0.783989 0.943597 0.821376 0.837644 0.632932 0.809321 0.888248 0.911524 0.727795 0.748468 0.456210 0.461679 0.507074 0.426502 0.763563 0.997760 0.598120 0.785575 0.510237 0.491019 0.699624 0.680199 0.638357 0.710945 0.561020 0.439693 0.726327 0.586914 0.722373 0.912032 0.805650 0.788471 0.663021 0.749463 0.789709 0.820913
0.732438 0.845616 0.738117 0.735909 0.729077 0.856433 0.564712 0.550820 0.507143 0.000000 0.784755 0.703166 0.797776 0.825035 0.628343 0.779592 0.705617 0.697373 0.732754 0.764409 0.944529 0.903105 0.842931 0.852744 0.806245 0.956379 0.889455 0.968918 0.612541 0.742686 0.946261 0.911591 0.829311 0.684934 0.661862 0.845095 0.836578 0.995653 0.873221 0.897541 0.685206 0.810131 0.530963 0.587985 0.552936 0.606426 0.799257 0.753061 0.778533 0.755885 0.582433 0.532082 0.511807 0.560072 0.996681 0.865528 0.856239 0.865442 0.550677 0.856496 0.757517 0.819048 0.728676 0.708446 0.821021 0.901134 0.570919 0.683336 0.921035 0.893541 0.417939 0.463800 0.681389 0.609867 0.985492 0.992424 0.426237 0.564127 0.733725 0.817323 0.862263 0.896098 0.923491 0.938875 0.901305 0.865603 0.859430 0.750573 0.996721 0.929050 0.349234 0.354844 0.370860 0.364673 0.803212 0.891641 0.595669 0.636783 0.389129 0.438221 0.590033 0.592018 0.403926 0.576110 0.600171 0.484618 0.873270 0.458656 0.745689 0.830200 0.747887 0.649006 0.544010 0.764840 0.805997 0.669621
0.356234 0.732298 0.491902 0.403609 0.906496 0.664827 0.369974 0.346516 0.677670 0.784755 0.000000 0.325295 0.265682 0.302447 0.613912 0.600321 0.642220 0.628384 0.319405 0.385633 0.895487 0.871858 0.531690 0.575706 0.966738 0.833173 0.905480 0.988453 0.490139 0.544266 0.648673 0.628449 0.378741 0.329528 0.558916 0.900574 0.804043 0.926866 0.923880 0.915451 0.810596 0.993848 0.656791 0.695167 0.771498 0.821075 0.532007 0.591429 0.919418 0.996020 0.983609 0.957776 0.973331 0.912539 0.770845 0.827594 0.693784 0.829445 0.450276 0.598287 0.327607 0.494606 0.307825 0.534963 0.508412 0.429291 0.424084 0.414478 0.918552 0.994723 0.637254 0.717389 0.937602 0.784142 0.846341 0.794159 0.673590 0.765354 0.762577 0.848067 0.638351 0.639505 0.796801 0.820506 0.429917 0.602757 0.736965 0.844639 0.721678 0.692642 0.744210 0.834679 0.834079 0.818354 0.818041 0.743252 0.904108 0.812193 0.612804 0.562158 0.538755 0.675144 0.719196 0.680060 0.595934 0.632253 0.973143 0.828809 0.783181 0.986814 0.954638 0.864451 0.810861 0.821188 0.895418 0.911342
0.256674 0.460190 0.717883 0.590679 0.879848 0.714481 0.513299 0.381968 0.688554 0.703166 0.325295 0.000000 0.415795 0.409430 0.697756 0.641081 0.372743 0.380563 0.496662 0.398811 0.913359 0.984071 0.709272 0.773275 0.806207 0.991650 0.921476 0.939602 0.341189 0.376384 0.831640 0.864415 0.425050 0.414302 0.650408 0.893166 0.832935 0.993282 0.894739 0.977667 0.762490 0.883520 0.710499 0.712013 0.661697 0.694414 0.602439 0.595407 0.921764 0.900345 0.925475 0.873854 0.942502 0.935620 0.800998 0.767112 0.440445 0.508930 0.360369 0.432140 0.334675 0.289282 0.274554 0.275365 0.674122 0.464204 0.501458 0.478055 0.750128 0.693097 0.684028 0.723210 0.901390 0.724350 0.855094 0.846227 0.645717 0.761333 0.611298 0.800231 0.409213 0.578849 0.694764 0.668629 0.563968 0.697943 0.786952 0.976239 0.735088 0.631468 0.729498 0.878417 0.797261 0.838295 0.794328 0.851524 0.718942 0.733721 0.509001 0.497578 0.645218 0.741732 0.606964 0.656056 0.553944 0.587013 0.987454 0.776404 0.669702 0.835780 0.797235 0.673339 0.777920 0.914978 0.789516 0.932186
0.376283 0.737387 0.392531 0.369084 0.717080 0.741007 0.330434 0.354728 0.586992 0.797776 0.265682 0.415795 0.000000 0.247597 0.405317 0.450740 0.733529 0.700759 0.351134 0.399602 0.701508 0.961826 0.338897 0.468043 0.894219 0.740058 0.952850 0.921665 0.531674 0.563928 0.550981 0.576599 0.313153 0.294396 0.524272 0.806870 0.746601 0.930179 0.963181 0.946423 0.833924 0.904913 0.608493 0.681436 0.824089 0.887074 0.543263 0.558361 0.782867 0.886632 0.997256 0.979984 0.969728 0.993791 0.739353 0.851367 0.749313 0.843172 0.385219 0.534787 0.243405 0.512715 0.278959 0.553673 0.371249 0.353606 0.403253 0.409394 0.881621 0.931261 0.576766 0.653306 0.916407 0.869698 0.802683 0.739643 0.676376 0.705118 0.860772 0.820474 0.668811 0.714563 0.663389 0.919614 0.300473 0.471747 0.670271 0.908332 0.656840 0.687222 0.722049 0.828708 0.869032 0.767470 0.844397 0.760144 0.886838 0.833962 0.633530 0.607080 0.604957 0.703976 0.748343 0.737663 0.589981 0.545282 0.946366 0.736701 0.722080 0.980726 0.991694 0.879703 0.846156 0.952625 0.841419 0.910397
0.414288 0.686526 0.479692 0.396060 0.769908 0.793033 0.383528 0.349509 0.744293 0.825035 0.302447 0.409430 0.247597 0.000000 0.469706 0.473988 0.767214 0.653549 0.338271 0.400024 0.830454 0.988507 0.369434 0.456962 0.910781 0.802787 0.978252 0.902853 0.571773 0.543187 0.523383 0.521724 0.268441 0.303512 0.555762 0.704837 0.715485 0.974287 0.844442 0.977800 0.864357 0.880737 0.680661 0.761092 0.855504 0.909328 0.642432 0.638786 0.767845 0.835503 0.986269 0.953549 0.980101 0.907449 0.899172 0.926886 0.660720 0.753454 0.439327 0.537762 0.292261 0.499799 0.301679 0.556773 0.449752 0.312756 0.423834 0.343449 0.989677 0.898464 0.647222 0.600858 0.994532 0.861604 0.725584 0.741545 0.759351 0.769641 0.818013 0.757297 0.684264 0.747863 0.590742 0.886015 0.323183 0.442938 0.685958 0.817583 0.638945 0.653438 0.761715 0.942609 0.855730 0.904712 0.894605 0.735178 0.896358 0.869004 0.675179 0.635905 0.558960 0.727875 0.801675 0.857932 0.609438 0.626503 0.917002 0.816959 0.726387 0.936468 0.871684 0.882625 0.916947 0.847536 0.861589 0.905215
0.618120 0.877807 0.409397 0.457307 0.618152 0.864294 0.420540 0.529151 0.506053 0.628343 0.613912 0.697756 0.405317 0.469706 0.000000 0.395637 0.881030 0.811288 0.595530 0.652419 0.634942 0.913904 0.331091 0.613949 0.744345 0.675515 0.869290 0.831058 0.685827 0.694238 0.517073 0.694438 0.462470 0.459699 0.543652 0.729231 0.557211 0.810463 0.885573 0.976918 0.831311 0.924390 0.663396 0.799439 0.738099 0.831600 0.739075 0.651535 0.822361 0.949194 0.778572 0.762496 0.736331 0.714499 0.839467 0.857406 0.937633 0.930682 0.471247 0.661561 0.391002 0.706170 0.512190 0.678242 0.373929 0.515052 0.449045 0.493269 0.905870 0.900961 0.487029 0.466372 0.863736 0.903411 0.848910 0.888813 0.653414 0.710203 0.806738 0.936441 0.818662 0.960184 0.613478 0.851056 0.390174 0.555751 0.659613 0.950981 0.750704 0.757747 0.608118 0.672038 0.707869 0.610785 0.775037 0.821515 0.810828 0.833728 0.626981 0.667930 0.780398 0.817672 0.711177 0.842172 0.604026 0.511655 0.734671 0.587821 0.679070 0.980095 0.827944 0.836569 0.926503 0.830797 0.787472 0.987245
0.548997 0.692981 0.412640 0.434280 0.831778 0.803263 0.436047 0.505243 0.562923 0.779592 0.600321 0.641081 0.450740 0.473988 0.395637 0.000000 0.744402 0.578996 0.543849 0.531003 0.577549 0.998982 0.342791 0.486813 0.606435 0.466800 0.878159 0.923847 0.531778 0.489470 0.405763 0.491166 0.381978 0.431469 0.553997 0.600632 0.435707 0.735419 0.991265 0.966767 0.866911 0.966415 0.684195 0.740988 0.691686 0.712163 0.670839 0.652768 0.902247 0.932406 0.740443 0.754198 0.785730 0.773945 0.724459 0.857317 0.785187 0.762839 0.594780 0.744916 0.437350 0.579860 0.549927 0.651668 0.409994 0.428725 0.474403 0.495215 0.832760 0.867215 0.541102 0.543829 0.814470 0.736121 0.740195 0.912691 0.690193 0.752751 0.651663 0.661121 0.547075 0.673303 0.590671 0.764005 0.377130 0.425869 0.800076 0.911156 0.741562 0.734181 0.617790 0.833817 0.698818 0.714087 0.678598 0.845843 0.675932 0.839034 0.662558 0.707408 0.732232 0.815932 0.790050 0.925837 0.606022 0.706962 0.865926 0.756272 0.756063 0.899571 0.843871 0.833016 0.915581 0.943082 0.835788 0.924824
0.388696 0.312606 0.886317 0.781029 0.944406 0.849828 0.735322 0.587388 0.789234 0.705617 0.642220 0.372743 0.733529 0.767214 0.881030 0.744402 0.000000 0.296238 0.711213 0.541071 0.910727 0.994480 0.882962 0.925606 0.935834 0.996541 0.980807 0.832523 0.395602 0.407701 0.894289 0.954824 0.616262 0.590983 0.759107 0.870089 0.755326 0.886012 0.955925 0.850994 0.640693 0.822512 0.757558 0.683870 0.617965 0.590755 0.705889 0.727323 0.769765 0.760299 0.747931 0.737389 0.893856 0.982907 0.765894 0.706068 0.350078 0.299072 0.551391 0.551078 0.611647 0.404824 0.501095 0.338783 0.856220 0.659778 0.640318 0.634331 0.566459 0.689426 0.715459 0.834749 0.823599 0.685204 0.938118 0.828526 0.724453 0.803886 0.625025 0.863671 0.294128 0.506554 0.697811 0.483474 0.738004 0.786381 0.921638 0.930042 0.835611 0.687605 0.793596 0.900429 0.791467 0.894038 0.579671 0.988477 0.574383 0.601538 0.580212 0.565127 0.779315 0.859517 0.597784 0.668951 0.567830 0.696078 0.982413 0.710226 0.786271 0.809086 0.804538 0.585319 0.759985 0.906821 0.731047 0.871473
0.416338 0.387704 0.822226 0.698050 0.993832 0.790085 0.649168 0.528439 0.801184 0.697373 0.628384 0.380563 0.700759 0.653549 0.811288 0.578996 0.296238 0.000000 0.636556 0.489837 0.859625 0.884048 0.796753 0.817852 0.957023 0.832213 0.984721 0.929947 0.378632 0.335421 0.761740 0.766581 0.533300 0.552891 0.702563 0.701128 0.633426 0.797376 0.952731 0.898872 0.734080 0.819176 0.736895 0.688526 0.577733 0.577165 0.710199 0.718573 0.871325 0.797411 0.741328 0.740652 0.859914 0.920093 0.754853 0.830992 0.349501 0.359617 0.621550 0.693743 0.621459 0.457961 0.511843 0.351427 0.806225 0.582471 0.558871 0.566449 0.595390 0.689241 0.652165 0.701118 0.763655 0.606515 0.946854 0.847067 0.704569 0.741953 0.500357 0.702783 0.250031 0.458923 0.575705 0.561121 0.711907 0.683246 0.898814 0.934815 0.817522 0.729499 0.679647 0.865590 0.655540 0.855935 0.721536 0.924888 0.547242 0.716914 0.557378 0.563918 0.663773 0.796499 0.560137 0.690191 0.528369 0.726547 0.969408 0.780491 0.765381 0.798907 0.852578 0.660355 0.838579 0.941974 0.794864 0.939990
0.416622 0.637982 0.354832 0.269787 0.821291 0.602650 0.254495 0.240875 0.661349 0.732754 0.319405 0.496662 0.351134 0.338271 0.595530 0.543849 0.711213 0.636556 0.000000 0.327356 0.893601 0.924570 0.396957 0.452529 0.802197 0.625641 0.968396 0.833152 0.529655 0.676314 0.447528 0.490789 0.270792 0.247317 0.442868 0.694727 0.651207 0.984192 0.871741 0.867671 0.770519 0.921427 0.433990 0.496478 0.567044 0.621938 0.443352 0.464660 0.937088 0.881143 0.774127 0.849682 0.816329 0.909428 0.647322 0.744356 0.643142 0.775729 0.481917 0.684689 0.426763 0.594442 0.461439 0.734144 0.442715 0.362223 0.315988 0.295569 0.832417 0.863525 0.496946 0.546189 0.760295 0.664091 0.731003 0.768440 0.574559 0.611383 0.786970 0.825517 0.699538 0.646037 0.649783 0.872684 0.385117 0.478773 0.767452 0.764616 0.669194 0.701336 0.566524 0.737445 0.680036 0.767399 0.799690 0.713957 0.747908 0.797761 0.484766 0.442710 0.547747 0.607124 0.635373 0.650055 0.572650 0.618757 0.961330 0.657208 0.704332 0.992496 0.875360 0.731475 0.709371 0.951923 0.921935 0.907099
0.358797 0.478780 0.523137 0.400563 0.920517 0.650887 0.375255 0.300582 0.698524 0.764409 0.385633 0.398811 0.399602 0.400024 0.652419 0.531003 0.541071 0.489837 0.327356 0.000000 0.830306 0.970796 0.558469 0.531225 0.856109 0.705646 0.945977 0.886984 0.391676 0.575751 0.588977 0.535502 0.308472 0.336703 0.648876 0.750278 0.708402 0.953546 0.918091 0.871978 0.794498 0.911334 0.507114 0.555483 0.587215 0.593169 0.464717 0.489430 0.854216 0.780356 0.763378 0.813058 0.879729 0.949618 0.687542 0.706445 0.516132 0.584983 0.475501 0.608939 0.455145 0.467417 0.449805 0.609763 0.537755 0.396238 0.454704 0.416959 0.657990 0.747253 0.578920 0.700549 0.748461 0.645225 0.753117 0.665223 0.600985 0.697269 0.721796 0.771262 0.526266 0.453501 0.569885 0.753190 0.423405 0.493629 0.723165 0.749168 0.779527 0.682837 0.684537 0.863277 0.782410 0.879172 0.710542 0.952453 0.723926 0.740872 0.533390 0.461681 0.632433 0.643649 0.579556 0.665253 0.513758 0.663051 0.993314 0.770842 0.735151 0.947206 0.883498 0.673181 0.720221 0.941705 0.792712 0.963217
0.872550 0.919901 0.722744 0.781572 0.895244 0.794928 0.759568 0.870378 0.700969 0.944529 0.895487 0.913359 0.701508 0.830454 0.634942 0.577549 0.910727 0.859625 0.893601 0.830306 0.000000 0.954240 0.672530 0.779821 0.730025 0.699038 0.821897 0.992838 0.914078 0.813537 0.763372 0.886895 0.744607 0.781406 0.875276 0.826271 0.647009 0.665365 0.961493 0.818196 0.835656 0.990811 0.897896 0.951370 0.892076 0.922448 0.868152 0.920942 0.880100 0.945958 0.902320 0.937967 0.932477 0.774298 0.854218 0.890043 0.994794 0.914033 0.775507 0.831504 0.714469 0.829819 0.810492 0.878159 0.651262 0.736510 0.740499 0.779013 0.808093 0.992624 0.699574 0.808756 0.982927 0.976769 0.960540 0.933124 0.879983 0.781544 0.981853 0.805944 0.785012 0.910504 0.764785 0.886177 0.718726 0.718050 0.719241 0.794880 0.840236 0.900460 0.836252 0.869810 0.922892 0.777947 0.846136 0.923394 0.866668 0.989890 0.843858 0.914123 0.975425 0.972108 0.935425 0.996658 0.863222 0.788700 0.859139 0.895752 0.935071 0.985873 0.929833 0.857157 0.912645 0.920534 0.802813 0.975984
0.978827 0.942632 0.935543 0.964404 0.908259 0.927856 0.972061 0.966098 0.939569 0.903105 0.871858 0.984071 0.961826 0.988507 0.913904 0.998982 0.994480 0.884048 0.924570 0.970796 0.954240 0.000000 0.964465 0.979658 0.898822 0.946531 0.795700 0.920633 0.984291 0.932128 0.956394 0.905672 0.980912 0.990061 0.950411 0.968161 0.950796 0.963064 0.985187 0.921344 0.906761 0.957968 0.960252 0.988321 0.873854 0.945472 0.989131 0.979211 0.945941 0.982072 0.788920 0.832871 0.927722 0.843331 0.963876 0.977487 0.930702 0.927859 0.957618 0.902577 0.957351 0.940716 0.994302 0.875196 0.973019 0.958164 0.985621 0.979597 0.821051 0.870794 0.889013 0.917061 0.863742 0.956096 0.856275 0.906284 0.873692 0.783082 0.923303 0.953098 0.929062 0.973692 0.781008 0.961000 0.997749 0.896541 0.993080 0.975695 0.875932 0.816877 0.934042 0.922125 0.914766 0.993744 0.856062 0.951283 0.896198 0.963621 0.905981 0.883681 0.995129 0.847476 0.849480 0.984160 0.776894 0.914430 0.923818 0.964516 0.920915 0.976912 0.799168 0.998391 0.973739 0.994619 0.831268 0.979620
0.578714 0.796446 0.271239 0.282373 0.707257 0.808478 0.335325 0.419914 0.528884 0.842931 0.531690 0.709272 0.338897 0.369434 0.331091 0.342791 0.882962 0.796753 0.396957 0.558469 0.672530 0.964465 0.000000 0.307909 0.509194 0.477574 0.857700 0.842025 0.734512 0.668029 0.281910 0.392564 0.305007 0.313560 0.464364 0.677972 0.530704 0.839537 0.879399 0.925981 0.910077 0.850881 0.601572 0.688998 0.782378 0.824133 0.626355 0.580231 0.747941 0.881751 0.839094 0.853448 0.847794 0.809399 0.706265 0.826249 0.905645 0.888711 0.578784 0.712654 0.357635 0.654161 0.497537 0.751851 0.259034 0.344350 0.397349 0.384092 0.849356 0.943900 0.509338 0.488471 0.884885 0.866343 0.723032 0.848166 0.709348 0.603980 0.862376 0.775096 0.746327 0.801420 0.581057 0.895657 0.269504 0.342453 0.805710 0.816145 0.608814 0.546234 0.667623 0.807355 0.761490 0.753203 0.753925 0.739152 0.792319 0.882029 0.695881 0.655172 0.731859 0.765536 0.870379 0.882228 0.636799 0.573659 0.924758 0.686274 0.812973 0.944639 0.855465 0.983810 0.951717 0.940832 0.829324 0.925912
0.695811 0.764235 0.402512 0.327205 0.973192 0.805017 0.486620 0.514735 0.786846 0.852744 0.575706 0.773275 0.468043 0.456962 0.613949 0.486813 0.925606 0.817852 0.452529 0.531225 0.779821 0.979658 0.307909 0.000000 0.436524 0.460722 0.827112 0.798654 0.809250 0.736136 0.328301 0.312187 0.385798 0.432303 0.645677 0.729484 0.677757 0.864594 0.804234 0.955865 0.969483 0.773651 0.721700 0.779518 0.855351 0.881625 0.675987 0.655689 0.797598 0.901750 0.935824 0.950579 0.944977 0.961520 0.654954 0.837564 0.860569 0.900973 0.802581 0.840884 0.516535 0.673559 0.645946 0.873638 0.409921 0.345431 0.567946 0.467849 0.835057 0.965854 0.747136 0.761554 0.969497 0.929358 0.689369 0.855542 0.928066 0.789158 0.844419 0.662861 0.743695 0.605740 0.547252 0.861910 0.353047 0.271257 0.830146 0.572949 0.627301 0.551685 0.927463 0.910161 0.976829 0.910003 0.764454 0.817942 0.893606 0.998904 0.913921 0.809484 0.874273 0.930523 0.955096 0.999634 0.753954 0.835871 0.924869 0.953077 0.869269 0.911378 0.911785 0.969118 0.936809 0.952878 0.857829 0.788208
0.986504 0.916662 0.528142 0.560731 0.973990 0.984877 0.733748 0.829696 0.821604 0.806245 0.966738 0.806207 0.894219 0.910781 0.744345 0.606435 0.935834 0.957023 0.802197 0.856109 0.730025 0.898822 0.509194 0.436524 0.000000 0.338247 0.738482 0.911540 0.927584 0.914247 0.380603 0.496579 0.692996 0.738796 0.727449 0.699023 0.517983 0.661811 0.754366 0.974315 0.997307 0.879354 0.873469 0.927041 0.880157 0.914101 0.846007 0.854475 0.911662 0.986242 0.768567 0.961079 0.948786 0.854848 0.671730 0.849305 0.944354 0.960189 0.890128 0.873469 0.890081 0.987103 0.983665 0.895400 0.537145 0.669443 0.755978 0.748410 0.713034 0.923985 0.775455 0.833887 0.921665 0.975329 0.876102 0.964285 0.927168 0.806461 0.962160 0.800665 0.838657 0.686334 0.597227 0.804410 0.595366 0.432677 0.961811 0.714923 0.712152 0.624328 0.963852 0.914956 0.939325 0.916043 0.746904 0.892325 0.767068 0.985531 0.969466 0.990804 0.879178 0.904521 0.900877 0.838231 0.920902 0.997783 0.916835 0.979963 0.993173 0.992806 0.869680 0.910659 0.831472 0.929627 0.927026 0.735124
0.835217 0.840742 0.378119 0.435973 0.981764 0.813519 0.519053 0.633317 0.627010 0.956379 0.833173 0.991650 0.740058 0.802787 0.675515 0.466800 0.996541 0.832213 0.625641 0.705646 0.699038 0.946531 0.477574 0.460722 0.338247 0.000000 0.873248 0.890227 0.825798 0.840412 0.370192 0.442717 0.574017 0.630493 0.709506 0.617991 0.454494 0.663564 0.924358 0.991690 0.984821 0.946136 0.629201 0.716817 0.627748 0.630626 0.667811 0.641564 0.866414 0.781586 0.625245 0.773695 0.741087 0.716300 0.492523 0.806556 0.984307 0.959065 0.897748 0.970620 0.737989 0.861553 0.941194 0.933097 0.430889 0.579251 0.601175 0.620791 0.741342 0.973855 0.696559 0.696805 0.726124 0.807377 0.895414 0.967807 0.739907 0.713567 0.820124 0.784789 0.795462 0.658380 0.661392 0.799628 0.546207 0.457680 0.962771 0.775399 0.766138 0.720346 0.736948 0.879189 0.767129 0.837362 0.706781 0.845329 0.691377 0.914285 0.828115 0.824554 0.899716 0.931136 0.938437 0.983718 0.793398 0.866849 0.857909 0.853671 0.847444 0.981206 0.891310 0.999825 0.983492 0.830981 0.926357 0.825776
0.949388 0.998850 0.944214 0.950385 0.924877 0.993272 0.963942 0.913160 0.979978 0.889455 0.905480 0.921476 0.952850 0.978252 0.869290 0.878159 0.980807 0.984721 0.968396 0.945977 0.821897 0.795700 0.857700 0.827112 0.738482 0.873248 0.000000 0.831985 0.859820 0.992548 0.869203 0.934106 0.934029 0.973995 0.985648 0.845402 0.849141 0.858534 0.852506 0.909932 0.769747 0.980432 0.895052 0.916806 0.900532 0.828972 0.888315 0.829147 0.743362 0.832480 0.948567 0.924751 0.824815 0.957469 0.991752 0.923389 0.952980 0.964782 0.978375 0.990733 0.973580 0.956766 0.940188 0.965907 0.892252 0.852344 0.921230 0.888178 0.934506 0.940402 0.992357 0.985805 0.808780 0.850945 0.966262 0.908582 0.976664 0.892750 0.961360 0.953303 0.893469 0.976478 0.839792 0.828749 0.884124 0.788106 0.982773 0.970893 0.783635 0.850722 0.939548 0.904271 0.951920 0.968682 0.789091 0.981316 0.978638 0.873079 0.972615 0.966051 0.835584 0.847847 0.994566 0.961556 0.993206 0.961001 0.979927 0.947325 0.934390 0.851096 0.918414 0.959408 0.818541 0.849899 0.835139 0.884052
0.993897 0.901097 0.846613 0.814314 0.863924 0.733252 0.853889 0.906634 0.879618 0.968918 0.988453 0.939602 0.921665 0.902853 0.831058 0.923847 0.832523 0.929947 0.833152 0.886984 0.992838 0.920633 0.842025 0.798654 0.911540 0.890227 0.831985 0.000000 0.922672 0.857577 0.781645 0.882477 0.851838 0.933287 0.859140 0.980474 0.891059 0.959039 0.909478 0.960152 0.991745 0.854249 0.901740 0.904168 0.977444 0.971497 0.944011 0.986849 0.856038 0.912653 0.998917 0.963037 0.986866 0.953214 0.970915 0.902868 0.948046 0.821654 0.939935 0.912238 0.967994 0.873777 0.969824 0.811449 0.880633 0.868493 0.831504 0.815667 0.922228 0.902704 0.946088 0.856248 0.927660 0.958530 0.988064 0.857727 0.975945 0.992283 0.965895 0.948726 0.900746 0.957043 0.985046 0.800252 0.882320 0.832924 0.966214 0.934488 0.974488 0.918793 0.833225 0.848407 0.880915 0.906827 0.899874 0.879318 0.938872 0.989881 0.966790 0.952137 0.957918 0.852776 0.939428 0.918837 0.914848 0.985516 0.957905 0.996287 0.931492 0.750696 0.962379 0.921376 0.991173 0.878015 0.869396 0.908749
0.372820 0.459392 0.640186 0.590650 0.889817 0.820415 0.502237 0.394494 0.616111 0.612541 0.490139 0.341189 0.531674 0.571773 0.685827 0.531778 0.395602 0.378632 0.529655 0.391676 0.914078 0.984291 0.734512 0.809250 0.927584 0.825798 0.859820 0.922672 0.000000 0.416474 0.766347 0.834514 0.467664 0.492547 0.634383 0.937194 0.701001 0.930049 0.898170 0.957973 0.739383 0.873309 0.609753 0.602702 0.530572 0.506404 0.611797 0.550099 0.718077 0.662786 0.728107 0.692390 0.755638 0.880886 0.706810 0.631270 0.489200 0.515130 0.434912 0.578842 0.466789 0.402430 0.439969 0.422455 0.670720 0.580910 0.537975 0.566719 0.703652 0.668921 0.626686 0.659507 0.663576 0.568746 0.864530 0.764854 0.609763 0.746282 0.524563 0.814642 0.446881 0.538434 0.663550 0.620834 0.591430 0.745077 0.692410 0.994823 0.837432 0.794211 0.633474 0.803281 0.735300 0.766976 0.681306 0.932742 0.553790 0.768806 0.505083 0.498594 0.602516 0.792133 0.520141 0.684643 0.477251 0.628241 0.865028 0.708461 0.548633 0.764322 0.761912 0.692661 0.682728 0.812237 0.835412 0.907947
0.454252 0.520161 0.748513 0.683190 0.946187 0.927518 0.657824 0.579976 0.698533 0.742686 0.544266 0.376384 0.563928 0.543187 0.694238 0.489470 0.407701 0.335421 0.676314 0.575751 0.813537 0.932128 0.668029 0.736136 0.914247 0.840412 0.992548 0.857577 0.416474 0.000000 0.763954 0.812463 0.544656 0.537618 0.740362 0.866484 0.661418 0.799666 0.991341 0.841439 0.800239 0.865619 0.919543 0.859499 0.791310 0.810197 0.848278 0.799869 0.933107 0.991959 0.906727 0.899774 0.969522 0.967475 0.851486 0.897383 0.517802 0.501588 0.619474 0.638060 0.500041 0.404934 0.380362 0.288397 0.710142 0.557043 0.642599 0.604172 0.745064 0.881039 0.723726 0.816916 0.972373 0.834029 0.898356 0.963390 0.768630 0.778689 0.570598 0.672501 0.309120 0.536410 0.597544 0.544208 0.605587 0.638495 0.931860 0.985004 0.742839 0.634187 0.797373 0.991134 0.812347 0.904281 0.731159 0.921761 0.693552 0.827765 0.692325 0.723349 0.740155 0.946945 0.752793 0.912762 0.621755 0.750223 0.969191 0.875535 0.859885 0.831142 0.854180 0.720694 0.995952 0.973732 0.794795 0.952305
0.691850 0.786396 0.316919 0.326654 0.836870 0.856055 0.420516 0.474470 0.677459 0.946261 0.648673 0.831640 0.550981 0.523383 0.517073 0.405763 0.894289 0.761740 0.447528 0.588977 0.763372 0.956394 0.281910 0.328301 0.380603 0.370192 0.869203 0.781645 0.766347 0.763954 0.000000 0.320897 0.372363 0.446849 0.510451 0.697349 0.497622 0.777460 0.913875 0.913050 0.880992 0.952459 0.633928 0.697405 0.712753 0.744710 0.712176 0.677564 0.882687 0.990311 0.817487 0.922169 0.884396 0.883874 0.698040 0.814469 0.833839 0.827522 0.764558 0.898886 0.530757 0.726339 0.693986 0.887091 0.375008 0.441198 0.495766 0.478262 0.759915 0.884988 0.605827 0.516297 0.777452 0.748762 0.756613 0.882410 0.810945 0.752550 0.793842 0.687401 0.767964 0.690120 0.590713 0.842127 0.391942 0.384491 0.830055 0.789107 0.714161 0.611289 0.725588 0.900586 0.773896 0.894732 0.694503 0.820335 0.682698 0.844957 0.828825 0.715172 0.790599 0.766516 0.927017 0.982631 0.646026 0.707683 0.959765 0.789420 0.849261 0.987631 0.863841 0.959549 0.986449 0.978279 0.883967 0.842989
0.745600 0.828600 0.451107 0.429391 0.980578 0.826403 0.519599 0.563764 0.885279 0.911591 0.628449 0.864415 0.576599 0.521724 0.694438 0.491166 0.954824 0.766581 0.490789 0.535502 0.886895 0.905672 0.392564 0.312187 0.496579 0.442717 0.934106 0.882477 0.834514 0.812463 0.320897 0.000000 0.449538 0.497813 0.694048 0.674485 0.667320 0.966828 0.771680 0.878635 0.906943 0.801030 0.700523 0.699968 0.835242 0.822410 0.723850 0.699958 0.865319 0.960582 0.911978 0.975774 0.976923 0.990656 0.735039 0.968022 0.839298 0.893804 0.890880 0.993280 0.649732 0.806001 0.753667 0.975969 0.501720 0.466758 0.606157 0.535299 0.881047 0.952910 0.801236 0.723703 0.817697 0.786046 0.805981 0.789719 0.966955 0.779314 0.854201 0.658863 0.793776 0.656937 0.661178 0.932139 0.472309 0.389754 0.856115 0.720554 0.865471 0.776004 0.859522 0.956828 0.903906 0.982984 0.782542 0.822789 0.929368 0.969410 0.910966 0.832315 0.758312 0.777871 0.978615 0.965075 0.786557 0.913333 0.927347 0.971057 0.936401 0.929924 0.991969 0.919767 0.952029 0.932091 0.885864 0.800820
0.340745 0.505689 0.376465 0.293004 0.780176 0.701440 0.305029 0.271652 0.601196 0.829311 0.378741 0.425050 0.313153 0.268441 0.462470 0.381978 0.616262 0.533300 0.270792 0.308472 0.744607 0.980912 0.305007 0.385798 0.692996 0.574017 0.934029 0.851838 0.467664 0.544656 0.372363 0.449538 0.000000 0.254103 0.459100 0.656186 0.523008 0.851913 0.877682 0.991090 0.798951 0.924346 0.533909 0.608909 0.627115 0.670919 0.498338 0.521142 0.933028 0.982525 0.823636 0.871438 0.911484 0.976291 0.721706 0.715936 0.560031 0.593604 0.422627 0.532304 0.279599 0.426686 0.339043 0.542542 0.319434 0.251906 0.317386 0.277831 0.765111 0.764320 0.529391 0.514212 0.807664 0.731781 0.699013 0.774954 0.616771 0.652632 0.667207 0.722281 0.529070 0.571964 0.517663 0.748783 0.261108 0.338476 0.777089 0.796022 0.644349 0.541470 0.653613 0.883311 0.744269 0.849257 0.753333 0.724170 0.695641 0.747078 0.543513 0.498566 0.663082 0.686530 0.696415 0.783657 0.503704 0.558577 0.943811 0.702208 0.682099 0.925914 0.835293 0.780706 0.815303 0.946277 0.863408 0.880552
0.321528 0.542900 0.317240 0.260278 0.760628 0.663959 0.255012 0.246790 0.554332 0.684934 0.329528 0.414302 0.294396 0.303512 0.459699 0.431469 0.590983 0.552891 0.247317 0.336703 0.781406 0.990061 0.313560 0.432303 0.738796 0.630493 0.973995 0.933287 0.492547 0.537618 0.446849 0.497813 0.254103 0.000000 0.417955 0.707795 0.567256 0.887986 0.840034 0.896293 0.802899 0.949244 0.454259 0.502622 0.572900 0.622801 0.436559 0.450412 0.982280 0.894841 0.729430 0.756108 0.798003 0.848981 0.652289 0.782175 0.609136 0.670996 0.404173 0.549554 0.307742 0.478178 0.363942 0.555586 0.352474 0.282090 0.276402 0.245892 0.695040 0.847015 0.436135 0.499823 0.813600 0.689151 0.734446 0.742646 0.579087 0.548907 0.716251 0.778017 0.564767 0.593088 0.509754 0.738588 0.308247 0.395138 0.755087 0.802736 0.553517 0.579490 0.565844 0.738615 0.648599 0.728071 0.724950 0.781422 0.698863 0.803437 0.457127 0.434447 0.587671 0.648024 0.589221 0.630038 0.487601 0.533305 0.979114 0.596670 0.651530 0.915256 0.805267 0.710434 0.758080 0.972089 0.773161 0.902455
0.514539 0.741193 0.437412 0.423576 0.679969 0.766590 0.401359 0.426579 0.563961 0.661862 0.558916 0.650408 0.524272 0.555762 0.543652 0.553997 0.759107 0.702563 0.442868 0.648876 0.875276 0.950411 0.464364 0.645677 0.727449 0.709506 0.985648 0.859140 0.634383 0.740362 0.510451 0.694048 0.459100 0.417955 0.000000 0.785428 0.617776 0.796038 0.926933 0.964652 0.798793 0.798489 0.533707 0.592773 0.586851 0.664377 0.549100 0.569428 0.995282 0.874991 0.687153 0.731212 0.681811 0.754736 0.648177 0.683341 0.809201 0.841238 0.511858 0.751322 0.493633 0.711116 0.582850 0.705312 0.431465 0.510615 0.326029 0.430011 0.831944 0.898730 0.443280 0.516172 0.730388 0.702295 0.988383 0.895877 0.607962 0.586146 0.753132 0.899453 0.693334 0.746660 0.695075 0.839350 0.487920 0.577329 0.800661 0.991723 0.668535 0.695801 0.459862 0.638761 0.557232 0.567963 0.706846 0.694278 0.619117 0.686372 0.519480 0.526768 0.652207 0.673767 0.612088 0.706265 0.629400 0.495991 0.961220 0.573795 0.601866 0.801001 0.733940 0.854222 0.778662 0.869601 0.876653 0.887114
0.821937 0.811195 0.728051 0.672276 0.894831 0.832761 0.670329 0.685535 0.934137 0.845095 0.900574 0.893166 0.806870 0.704837 0.729231 0.600632 0.870089 0.701128 0.694727 0.750278 0.826271 0.968161 0.677972 0.729484 0.699023 0.617991 0.845402 0.980474 0.937194 0.866484 0.697349 0.674485 0.656186 0.707795 0.785428 0.000000 0.556405 0.780938 0.868589 0.962585 0.797467 0.935541 0.697567 0.815498 0.725193 0.788401 0.761688 0.781163 0.996640 0.907279 0.655135 0.748186 0.766020 0.733613 0.845943 0.947030 0.848906 0.843533 0.851325 0.980709 0.839118 0.889830 0.844725 0.914008 0.711792 0.651513 0.593824 0.584094 0.961254 0.872887 0.642962 0.646469 0.862961 0.844394 0.936675 0.971190 0.682382 0.840294 0.998158 0.970174 0.762961 0.863132 0.683519 0.972136 0.667684 0.613643 0.964703 0.970902 0.853502 0.855446 0.681909 0.816189 0.643943 0.789047 0.862358 0.677758 0.818133 0.696262 0.712372 0.808052 0.750305 0.788244 0.772873 0.815023 0.794056 0.892408 0.984433 0.772864 0.870628 0.999748 0.797945 0.780107 0.925168 0.985710 0.952888 0.944488
0.665886 0.738106 0.497864 0.562105 0.832008 0.813434 0.567854 0.633317 0.618979 0.836578 0.804043 0.832935 0.746601 0.715485 0.557211 0.435707 0.755326 0.633426 0.651207 0.708402 0.647009 0.950796 0.530704 0.677757 0.517983 0.454494 0.849141 0.891059 0.701001 0.661418 0.497622 0.667320 0.523008 0.567256 0.617776 0.556405 0.000000 0.571442 0.801274 0.890465 0.728282 0.928652 0.732114 0.778194 0.680929 0.708369 0.697775 0.729004 0.987774 0.847516 0.663549 0.732356 0.761249 0.739457 0.738999 0.742316 0.812100 0.746829 0.710541 0.897638 0.666181 0.791394 0.711773 0.774875 0.533570 0.621492 0.523071 0.518474 0.811030 0.892870 0.570412 0.555192 0.766343 0.768141 0.993164 0.981202 0.698089 0.771478 0.693479 0.839665 0.617050 0.747944 0.596584 0.714263 0.565403 0.555337 0.984838 0.995352 0.708808 0.649278 0.633460 0.757111 0.591867 0.749435 0.718510 0.888751 0.626063 0.824804 0.646246 0.716101 0.832494 0.878770 0.740530 0.911158 0.559425 0.768339 0.803963 0.619626 0.844986 0.912373 0.777716 0.768052 0.924572 0.843935 0.911272 0.892901
0.913057 0.948548 0.804025 0.853860 0.847019 0.974961 0.881393 0.952315 0.753677 0.995653 0.926866 0.993282 0.930179 0.974287 0.810463 0.735419 0.886012 0.797376 0.984192 0.953546 0.665365 0.963064 0.839537 0.864594 0.661811 0.663564 0.858534 0.959039 0.930049 0.799666 0.777460 0.966828 0.851913 0.887986 0.796038 0.780938 0.571442 0.000000 0.983776 0.848402 0.954957 0.894643 0.942511 0.981833 0.838715 0.902421 0.951296 0.981468 0.917120 0.986848 0.918513 0.936846 0.918540 0.900424 0.813566 0.942427 0.973772 0.904539 0.949223 0.965126 0.916850 0.966789 0.924725 0.857053 0.812253 0.886923 0.780009 0.850114 0.944787 0.963916 0.789953 0.823333 0.924986 0.965608 0.944875 0.811855 0.962855 0.984574 0.971713 0.958829 0.809177 0.882520 0.798165 0.821624 0.889282 0.847733 0.973821 0.874206 0.909304 0.975150 0.786096 0.892800 0.738395 0.826044 0.928403 0.932810 0.742104 0.906519 0.932943 0.988132 0.920035 0.985223 0.958640 0.979251 0.869208 0.936123 0.758521 0.840716 0.833627 0.981670 0.956971 0.929827 0.982673 0.726359 0.884361 0.832517
