0.000000 0.305986 0.902705 0.890269 0.867600 0.810330 0.955573 0.625724 0.737612 0.637987 0.402724 0.327671 0.495187 0.433416 0.606873 0.665842 0.361410 0.336756 0.338875 0.290483 0.777562 0.975811 0.527295 0.665306 0.973706 0.662097 0.807457 0.878461 0.421591 0.471963 0.827520 0.828529 0.661212 0.746774 0.908765 0.821449 0.669267 0.955941 0.806704 0.790906 0.872801 0.788631 0.864914 0.814294 0.884159 0.690067 0.621994 0.686635 0.497063 0.616124 0.897060 0.976833 0.924964 0.693021 0.793405 0.911467 0.286096 0.384217 0.517932 0.658087 0.824625 0.717973 0.462658 0.377453 0.795684 0.758072 0.859863 0.782324 0.460960 0.523469 0.835186 0.924820 0.810222 0.998838 0.923618 0.883560 0.761536 0.998772 0.840641 0.700354 0.416522 0.335867 0.457093 0.540081 0.346196 0.609892 0.984987 0.599948 0.766971 0.489604 0.764456 0.616646 0.672424 0.527226 0.953097 0.953635 0.865573 0.860468 0.878548 0.892780 0.855471 0.713463 0.918038 0.894802 0.976216 0.918355 0.956448 0.665597 0.805784 0.928659 0.932547 0.847855 0.808935 0.975316 0.946075 0.854901
0.305986 0.000000 0.667854 0.926181 0.954300 0.687072 0.823455 0.703063 0.621650 0.697282 0.615091 0.372922 0.695491 0.506743 0.776450 0.733857 0.368424 0.371482 0.473408 0.344651 0.905511 0.984323 0.668600 0.754602 0.898962 0.647951 0.818623 0.756992 0.469905 0.514661 0.969508 0.933834 0.875910 0.825521 0.745839 0.871922 0.804060 0.884917 0.866990 0.731948 0.892778 0.858104 0.987947 0.866985 0.854495 0.649266 0.725951 0.819371 0.337089 0.536646 0.990971 0.952251 0.819251 0.567583 0.874564 0.973200 0.262466 0.238430 0.740397 0.711768 0.972986 0.701699 0.656091 0.461581 0.615104 0.671463 0.641750 0.684995 0.577636 0.487880 0.912318 0.825080 0.986022 0.836397 0.968586 0.928766 0.883570 0.889277 0.814561 0.718974 0.445786 0.343659 0.407126 0.456411 0.417808 0.627993 0.984775 0.575767 0.983961 0.605000 0.521734 0.462288 0.509336 0.400084 0.844851 0.963044 0.965769 0.846321 0.950071 0.926802 0.735031 0.561835 0.907310 0.926016 0.818232 0.836013 0.826267 0.562031 0.840391 0.974342 0.940200 0.967253 0.837723 0.941560 0.772848 0.847950
0.902705 0.667854 0.000000 0.421899 0.974166 0.520896 0.313410 0.575717 0.717967 0.816454 0.807888 0.918205 0.711094 0.911329 0.820464 0.966570 0.964266 0.907420 0.917751 0.885684 0.782658 0.958579 0.864004 0.992360 0.867537 0.537929 0.726159 0.831745 0.981428 0.957182 0.475920 0.517646 0.461489 0.578819 0.482361 0.831892 0.860536 0.724315 0.830563 0.874428 0.999246 0.919851 0.464974 0.521859 0.547521 0.697703 0.582300 0.516355 0.773431 0.929714 0.483669 0.531955 0.502986 0.386061 0.703038 0.858400 0.790377 0.611797 0.817424 0.938438 0.417312 0.856489 0.729983 0.914323 0.386277 0.538382 0.277635 0.358302 0.779129 0.902606 0.602855 0.573095 0.625151 0.512924 0.765481 0.940847 0.685243 0.599832 0.923518 0.920370 0.966009 0.845714 0.818300 0.880115 0.937329 0.951430 0.967894 0.990378 0.798516 0.982987 0.466863 0.599117 0.571369 0.652366 0.715813 0.904558 0.678280 0.865308 0.519304 0.459825 0.604038 0.541948 0.515160 0.518512 0.529496 0.521881 0.977823 0.773903 0.876371 0.716329 0.691350 0.598671 0.676304 0.651035 0.509444 0.950745
0.890269 0.926181 0.421899 0.000000 0.935242 0.605692 0.367876 0.383842 0.775435 0.652740 0.691635 0.766548 0.628220 0.682689 0.697107 0.725616 0.885034 0.924836 0.813356 0.869511 0.712643 0.847999 0.725198 0.747463 0.910916 0.619641 0.771233 0.989236 0.790161 0.808871 0.404714 0.524930 0.492801 0.580134 0.658839 0.981460 0.776766 0.724623 0.742005 0.969250 0.992421 0.957899 0.438244 0.465873 0.510431 0.567324 0.576710 0.514147 0.973688 0.742170 0.436613 0.455070 0.575758 0.535748 0.717573 0.933679 0.895748 0.782181 0.714864 0.890711 0.409194 0.586684 0.608910 0.748596 0.519502 0.456066 0.412825 0.454114 0.847825 0.991526 0.620715 0.515988 0.579481 0.524304 0.628707 0.948997 0.481111 0.588740 0.825926 0.851434 0.825825 0.979074 0.990887 0.966735 0.856578 0.780709 0.999345 0.905841 0.904259 0.775712 0.582073 0.719324 0.684797 0.817866 0.717224 0.845058 0.706844 0.841851 0.483571 0.466005 0.648426 0.587763 0.527098 0.624739 0.567625 0.553371 0.898922 0.832962 0.863470 0.806943 0.661320 0.555675 0.684336 0.763886 0.714091 0.853086
0.867600 0.954300 0.974166 0.935242 0.000000 0.920886 0.941437 0.917729 0.867914 0.979772 0.910720 0.841879 0.802975 0.777306 0.723165 0.729652 0.999635 0.992964 0.886035 0.916222 0.837647 0.967419 0.732639 0.659510 0.950339 0.820859 0.778543 0.761773 0.994245 0.943262 0.925153 0.902035 0.947532 0.940173 0.964126 0.900605 0.857424 0.896602 0.988471 0.991863 0.919034 0.913296 0.896297 0.921382 0.946974 0.980592 0.933366 0.878369 0.818718 0.824974 0.842639 0.850320 0.802244 0.969969 0.821413 0.868874 0.949344 0.913970 0.902261 0.908430 0.936591 0.745835 0.986506 0.976740 0.965717 0.930358 0.962872 0.944517 0.889368 0.950895 0.987003 0.963140 0.929292 0.974628 0.959012 0.947429 0.971034 0.817542 0.808060 0.918345 0.961644 0.964651 0.882090 0.943749 0.752785 0.843469 0.889009 0.785009 0.789991 0.917660 0.890162 0.892223 0.997824 0.931091 0.942004 0.997125 0.980387 0.999522 0.953623 0.875956 0.873173 0.916630 0.896621 0.996365 0.847135 0.951965 0.826434 0.966564 0.914150 0.755995 0.980572 0.892018 0.945995 0.920568 0.878232 0.851645
0.810330 0.687072 0.520896 0.605692 0.920886 0.000000 0.487651 0.699230 0.696261 0.838485 0.925804 0.867757 0.899126 0.973874 0.850183 0.889548 0.875830 0.860651 0.936053 0.822562 0.794152 0.943972 0.957732 0.975954 0.872846 0.662449 0.749459 0.920932 0.861175 0.970126 0.663281 0.668975 0.707658 0.781304 0.682340 0.996594 0.975077 0.866125 0.801761 0.965823 0.997923 0.901142 0.530620 0.635648 0.703614 0.843293 0.787090 0.713862 0.827420 0.966868 0.596388 0.631061 0.629375 0.512761 0.808301 0.794765 0.698589 0.544922 0.913612 0.967842 0.580854 0.899211 0.840261 0.986263 0.586686 0.515211 0.508673 0.528096 0.631306 0.741967 0.658781 0.636115 0.854561 0.663496 0.737324 0.770796 0.740939 0.749088 0.883602 0.830793 0.984610 0.828288 0.873555 0.820109 0.867848 0.895455 0.849878 0.858683 0.995958 0.972982 0.593534 0.638883 0.683520 0.696222 0.852772 0.920193 0.751924 0.840876 0.700049 0.581320 0.681426 0.691022 0.694973 0.782797 0.703897 0.712248 0.999704 0.803207 0.864129 0.941835 0.846520 0.705030 0.828520 0.848603 0.612534 0.954765
0.955573 0.823455 0.313410 0.367876 0.941437 0.487651 0.000000 0.424545 0.710722 0.579513 0.664511 0.922843 0.544223 0.731117 0.635303 0.732136 0.883274 0.881453 0.692438 0.999361 0.683578 0.913934 0.716780 0.882557 0.874734 0.667057 0.820388 0.954671 0.784164 0.706368 0.309858 0.380852 0.353397 0.427754 0.608971 0.925224 0.844000 0.695478 0.681654 0.935454 0.986231 0.966738 0.298507 0.352898 0.401434 0.532511 0.521525 0.417990 0.969094 0.780402 0.331312 0.386434 0.418366 0.340076 0.703049 0.821497 0.871893 0.678717 0.784896 0.931829 0.330432 0.803392 0.547310 0.732751 0.551182 0.554082 0.281803 0.362048 0.771286 0.913590 0.452062 0.419282 0.470085 0.399882 0.715123 0.805822 0.506957 0.460018 0.690145 0.692141 0.760975 0.966674 0.990737 0.995387 0.968829 0.940872 0.940973 0.957186 0.886920 0.929584 0.495671 0.604668 0.657086 0.726531 0.751797 0.683880 0.668811 0.774729 0.426924 0.344603 0.494930 0.487557 0.460563 0.445809 0.555122 0.494128 0.954489 0.782705 0.765587 0.775171 0.675991 0.532317 0.615455 0.621258 0.575488 0.893526
0.625724 0.703063 0.575717 0.383842 0.917729 0.699230 0.424545 0.000000 0.922785 0.465935 0.577198 0.494383 0.437200 0.394043 0.577257 0.559439 0.682396 0.704912 0.587508 0.673382 0.751758 0.970733 0.584345 0.704641 0.902373 0.842029 0.891773 0.808206 0.585617 0.628796 0.496847 0.491274 0.465233 0.495368 0.744094 0.895027 0.785079 0.821668 0.695231 0.965390 0.885205 0.979933 0.332416 0.349827 0.357844 0.345774 0.405838 0.372895 0.566023 0.419517 0.371609 0.398669 0.612292 0.691666 0.689887 0.894854 0.784908 0.889061 0.530224 0.723223 0.368247 0.387209 0.450682 0.504488 0.643464 0.580963 0.541725 0.559802 0.955475 0.765713 0.640389 0.662332 0.598903 0.618444 0.678598 0.857064 0.479293 0.648726 0.848112 0.742743 0.619292 0.777383 0.752636 0.870038 0.606051 0.647135 0.969348 0.742691 0.858826 0.649039 0.767970 0.911023 0.851341 0.953661 0.701522 0.768975 0.725596 0.855868 0.435999 0.382025 0.644120 0.813047 0.540014 0.662263 0.609724 0.653478 0.870314 0.958627 0.703135 0.804218 0.646063 0.479891 0.581642 0.691424 0.737621 0.781739
0.737612 0.621650 0.717967 0.775435 0.867914 0.696261 0.710722 0.922785 0.000000 0.894767 0.874861 0.772535 0.970378 0.835494 0.859860 0.963243 0.759548 0.696442 0.879471 0.713451 0.921031 0.997549 0.935718 0.941219 0.986427 0.824158 0.995699 0.985581 0.756544 0.833137 0.894938 0.907122 0.902775 0.925465 0.690852 0.983389 0.986612 0.815679 0.864984 0.877067 0.936806 0.950474 0.848691 0.955693 0.909102 0.975468 0.957917 0.890495 0.787146 0.966185 0.754160 0.666118 0.680981 0.620006 0.994907 0.997101 0.640488 0.558555 0.934189 0.835388 0.902741 0.948221 0.838745 0.755079 0.651778 0.777689 0.672112 0.819299 0.812867 0.820359 0.804156 0.680232 0.769136 0.672135 0.871942 0.894300 0.691942 0.868133 0.893487 0.914893 0.768701 0.646912 0.704776 0.664215 0.779898 0.891586 0.725741 0.810716 0.797014 0.858268 0.517476 0.431312 0.460528 0.522225 0.725798 0.887595 0.795967 0.725327 0.687264 0.692777 0.662807 0.711023 0.783459 0.716522 0.817476 0.761663 0.786427 0.669830 0.903542 0.912081 0.869862 0.735849 0.890393 0.807165 0.889073 0.847020
0.637987 0.697282 0.816454 0.652740 0.979772 0.838485 0.579513 0.465935 0.894767 0.000000 0.472259 0.554656 0.564977 0.554515 0.426101 0.487857 0.499867 0.528380 0.516278 0.633820 0.753990 0.947709 0.419487 0.626238 0.968009 0.975161 0.978028 0.999616 0.474444 0.433121 0.524295 0.550206 0.504635 0.540633 0.921178 0.840952 0.787268 0.932795 0.907565 0.897935 0.954940 0.860149 0.604513 0.582317 0.555947 0.460636 0.589261 0.528549 0.561022 0.490770 0.611846 0.618385 0.801156 0.913182 0.959814 0.967021 0.742248 0.832260 0.669101 0.997554 0.715810 0.631434 0.503555 0.458749 0.962856 0.986528 0.802079 0.885780 0.914910 0.767769 0.641976 0.695122 0.655113 0.631658 0.731525 0.912167 0.604350 0.675333 0.735913 0.548998 0.473952 0.617193 0.596700 0.706016 0.611176 0.670683 0.896359 0.826799 0.991495 0.711344 0.987817 0.958417 0.983796 0.818820 0.916866 0.887206 0.755124 0.895078 0.714782 0.627322 0.859102 0.984348 0.731415 0.588864 0.771733 0.761103 0.940554 0.958341 0.618309 0.997735 0.826493 0.729089 0.800871 0.802587 0.951950 0.680905
0.402724 0.615091 0.807888 0.691635 0.910720 0.925804 0.664511 0.577198 0.874861 0.472259 0.000000 0.455878 0.411559 0.468777 0.467660 0.525266 0.382975 0.359322 0.360270 0.514041 0.669413 0.924150 0.488676 0.622129 0.893762 0.919775 0.877227 0.967177 0.425099 0.364316 0.554725 0.612362 0.449081 0.549878 0.952075 0.955980 0.679193 0.912577 0.846938 0.899218 0.851714 0.853995 0.677833 0.638279 0.803411 0.659879 0.552416 0.615069 0.727518 0.733630 0.785377 0.853106 0.966934 0.934841 0.884393 0.965755 0.592456 0.723341 0.528714 0.743887 0.593364 0.813205 0.311436 0.314040 0.994695 0.975802 0.830431 0.940053 0.792364 0.802212 0.640657 0.660567 0.602447 0.701710 0.824572 0.927603 0.691643 0.731152 0.704838 0.527297 0.419263 0.426231 0.562190 0.684999 0.515678 0.560273 0.952025 0.670802 0.844030 0.607769 0.923042 0.761447 0.778212 0.651755 0.965255 0.869496 0.752699 0.777542 0.813254 0.756329 0.978928 0.935554 0.724927 0.665000 0.821251 0.801653 0.874630 0.747259 0.746629 0.839001 0.945672 0.792885 0.805373 0.917948 0.860595 0.821950
0.327671 0.372922 0.918205 0.766548 0.841879 0.867757 0.922843 0.494383 0.772535 0.554656 0.455878 0.000000 0.427520 0.267946 0.465945 0.421038 0.407911 0.424520 0.408062 0.374034 0.897216 0.949044 0.404512 0.437984 0.909506 0.669747 0.813321 0.793986 0.426283 0.458047 0.778149 0.799850 0.700621 0.694242 0.865225 0.733280 0.724544 0.975138 0.925257 0.795170 0.945107 0.875318 0.763469 0.745778 0.768253 0.576402 0.613479 0.655281 0.364688 0.484409 0.807148 0.877385 0.954863 0.721331 0.896064 0.884918 0.449544 0.477490 0.558712 0.611995 0.756305 0.467442 0.468988 0.356831 0.896770 0.993124 0.917246 0.882144 0.638380 0.609573 0.859755 0.870707 0.841971 0.961506 0.890034 0.968782 0.729595 0.978248 0.872773 0.779734 0.520342 0.452064 0.499028 0.661046 0.311686 0.383997 0.926198 0.490876 0.830125 0.502023 0.748923 0.605395 0.662610 0.501925 0.983003 0.850775 0.978174 0.815721 0.856982 0.842630 0.932734 0.719722 0.978020 0.931904 0.958484 0.976255 0.802140 0.683725 0.803355 0.897557 0.882506 0.861207 0.876595 0.932092 0.958329 0.751514
0.495187 0.695491 0.711094 0.628220 0.802975 0.899126 0.544223 0.437200 0.970378 0.564977 0.411559 0.427520 0.000000 0.350179 0.342358 0.398422 0.562068 0.578634 0.413168 0.617754 0.885661 0.941049 0.419995 0.622731 0.998960 0.864269 0.927932 0.936447 0.528647 0.459450 0.532773 0.582328 0.457729 0.570233 0.839208 0.954113 0.774902 0.969279 0.799478 0.982106 0.929220 0.938706 0.444424 0.474042 0.578965 0.519510 0.406998 0.435139 0.638229 0.552798 0.510781 0.567150 0.680294 0.821598 0.678592 0.956161 0.629151 0.789783 0.464958 0.686689 0.451292 0.625283 0.384762 0.383630 0.791330 0.882265 0.638372 0.764485 0.839408 0.849751 0.587751 0.670761 0.627507 0.701073 0.857574 0.890092 0.590638 0.644682 0.743885 0.794730 0.640846 0.686809 0.593770 0.847602 0.554722 0.666610 0.841233 0.682604 0.692270 0.631736 0.861476 0.965083 0.985259 0.800417 0.875814 0.753633 0.720777 0.919384 0.536563 0.502760 0.708755 0.903412 0.567839 0.632470 0.619665 0.661865 0.921408 0.916385 0.808967 0.654301 0.704857 0.599988 0.652297 0.746173 0.670562 0.865960
0.433416 0.506743 0.911329 0.682689 0.777306 0.973874 0.731117 0.394043 0.835494 0.554515 0.468777 0.267946 0.350179 0.000000 0.426907 0.369871 0.513439 0.505463 0.408872 0.463609 0.828164 0.967394 0.389677 0.423739 0.942844 0.715604 0.886558 0.830366 0.426377 0.445936 0.669527 0.614496 0.593294 0.575210 0.954673 0.848947 0.804785 0.943058 0.866863 0.786149 0.886516 0.926460 0.534595 0.548805 0.590141 0.490405 0.514565 0.527521 0.406612 0.453111 0.568681 0.691527 0.846566 0.952756 0.726170 0.974504 0.592403 0.672891 0.605002 0.691986 0.593173 0.431467 0.425867 0.383264 0.981015 0.803249 0.885428 0.926116 0.806286 0.734689 0.742123 0.818599 0.707211 0.781715 0.787990 0.880173 0.718724 0.856475 0.853060 0.752592 0.572404 0.569143 0.524012 0.777036 0.368392 0.366986 0.886279 0.514410 0.892296 0.517922 0.882032 0.700257 0.739169 0.579677 0.967534 0.815038 0.985078 0.863097 0.758564 0.639075 0.923955 0.919482 0.849054 0.853347 0.882172 0.913015 0.789492 0.785315 0.839706 0.819861 0.875277 0.724851 0.777792 0.961410 0.946208 0.750385
0.606873 0.776450 0.820464 0.697107 0.723165 0.850183 0.635303 0.577257 0.859860 0.426101 0.467660 0.465945 0.342358 0.426907 0.000000 0.309026 0.521635 0.552645 0.455969 0.632488 0.882867 0.954717 0.278888 0.461306 0.945061 0.791041 0.905966 0.944527 0.544764 0.431898 0.545936 0.605804 0.487817 0.560380 0.998043 0.897486 0.832295 0.955208 0.962149 0.966981 0.991589 0.867866 0.574764 0.604785 0.634597 0.544072 0.622350 0.519630 0.617824 0.556985 0.602580 0.613996 0.692118 0.875311 0.852279 0.919481 0.728510 0.864354 0.679140 0.921701 0.684137 0.673428 0.476596 0.440052 0.908884 0.981917 0.737533 0.939253 0.837856 0.914294 0.564003 0.610791 0.596135 0.639146 0.821065 0.913574 0.615638 0.715632 0.796156 0.715808 0.628639 0.701464 0.612862 0.842419 0.519446 0.565171 0.813432 0.679546 0.783876 0.677301 0.975278 0.982237 0.936935 0.800212 0.895520 0.857970 0.780942 0.933805 0.712525 0.614922 0.781588 0.963593 0.760674 0.572520 0.766518 0.789878 0.993875 0.923015 0.775283 0.770210 0.812760 0.742729 0.761072 0.841218 0.725059 0.871615
0.665842 0.733857 0.966570 0.725616 0.729652 0.889548 0.732136 0.559439 0.963243 0.487857 0.525266 0.421038 0.398422 0.369871 0.309026 0.000000 0.632052 0.626461 0.546948 0.752652 0.884970 0.934769 0.367127 0.408836 0.773518 0.688048 0.939720 0.836829 0.514688 0.461772 0.699935 0.714512 0.655852 0.719296 0.902357 0.848786 0.950209 0.816139 0.984209 0.966680 0.913966 0.932692 0.580524 0.583530 0.688279 0.572887 0.653935 0.609199 0.511352 0.592262 0.661542 0.702201 0.852728 0.976725 0.867232 0.927343 0.806929 0.857639 0.656040 0.802735 0.670731 0.574562 0.510471 0.470622 0.990525 0.894361 0.825820 0.928198 0.996778 0.933095 0.780270 0.700948 0.788839 0.779266 0.816875 0.881467 0.764114 0.763574 0.778967 0.783474 0.741043 0.790422 0.622412 0.925701 0.587524 0.486754 0.863756 0.645299 0.937321 0.695929 0.907036 0.872205 0.830779 0.691928 0.944322 0.766532 0.891235 0.930018 0.778532 0.696222 0.874025 0.995247 0.913433 0.766068 0.855017 0.901471 0.898638 0.889029 0.795887 0.884373 0.920346 0.870414 0.833213 0.943870 0.894561 0.815018
0.361410 0.368424 0.964266 0.885034 0.999635 0.875830 0.883274 0.682396 0.759548 0.499867 0.382975 0.407911 0.562068 0.513439 0.521635 0.632052 0.000000 0.225733 0.370643 0.356575 0.791173 0.904225 0.528208 0.675339 0.869110 0.741903 0.842188 0.985531 0.360658 0.278646 0.703200 0.676962 0.571611 0.551479 0.887480 0.959171 0.720960 0.990909 0.864685 0.757861 0.766597 0.816363 0.839736 0.730010 0.741651 0.521684 0.645926 0.635953 0.526725 0.585997 0.899508 0.996530 0.965405 0.747859 0.886034 0.970602 0.327376 0.387681 0.743114 0.840062 0.849736 0.815687 0.422699 0.294944 0.729704 0.691378 0.932443 0.881562 0.661953 0.601106 0.832800 0.844678 0.785619 0.944088 0.882275 0.935785 0.775731 0.841404 0.611771 0.555422 0.265133 0.290389 0.425215 0.410033 0.456056 0.599978 0.967081 0.569569 0.971253 0.656848 0.586150 0.534766 0.542212 0.457403 0.914685 0.928597 0.961895 0.719463 0.995254 0.952373 0.837900 0.707794 0.934229 0.748907 0.982755 0.995766 0.799880 0.558880 0.782406 0.916889 0.995815 0.947188 0.771773 0.941780 0.988259 0.827474
0.336756 0.371482 0.907420 0.924836 0.992964 0.860651 0.881453 0.704912 0.696442 0.528380 0.359322 0.424520 0.578634 0.505463 0.552645 0.626461 0.225733 0.000000 0.326477 0.363049 0.723424 0.897422 0.533791 0.666104 0.856690 0.715531 0.828350 0.987671 0.331573 0.264764 0.714436 0.701734 0.610946 0.577903 0.749221 0.875153 0.751670 0.998975 0.847436 0.817931 0.749621 0.789752 0.854162 0.730042 0.794752 0.589159 0.722394 0.653106 0.534060 0.636660 0.926002 0.993804 0.966797 0.779636 0.944580 0.979202 0.357901 0.432686 0.787483 0.877466 0.871173 0.916591 0.414205 0.311435 0.656378 0.690502 0.876747 0.830319 0.689715 0.677358 0.793400 0.803191 0.755149 0.869684 0.945224 0.941989 0.762598 0.858381 0.585621 0.491539 0.276748 0.281732 0.386668 0.449017 0.483133 0.606047 0.992917 0.593454 0.971521 0.675203 0.596887 0.544275 0.512306 0.445310 0.879555 0.874800 0.978518 0.728662 0.981151 0.963092 0.794011 0.716205 0.991838 0.801859 0.937146 0.922021 0.855650 0.590539 0.789405 0.953526 0.948032 0.986755 0.795038 0.950379 0.944494 0.877126
0.338875 0.473408 0.917751 0.813356 0.886035 0.936053 0.692438 0.587508 0.879471 0.516278 0.360270 0.408062 0.413168 0.408872 0.455969 0.546948 0.370643 0.326477 0.000000 0.372190 0.737980 0.954875 0.379820 0.559716 0.931214 0.695346 0.856682 0.997725 0.383330 0.362288 0.640440 0.589673 0.492204 0.578286 0.930083 0.884488 0.650154 0.868000 0.818175 0.848216 0.892408 0.835769 0.676569 0.637104 0.661454 0.543221 0.559521 0.565405 0.509341 0.577407 0.698462 0.828665 0.860286 0.953149 0.760873 0.923971 0.425852 0.568938 0.711577 0.926734 0.730319 0.752816 0.443556 0.381204 0.860659 0.843432 0.940588 0.959481 0.611811 0.653723 0.663064 0.740957 0.641753 0.750960 0.922249 0.959866 0.645597 0.845687 0.695488 0.582291 0.414073 0.436198 0.430472 0.560005 0.400645 0.595568 0.833191 0.548486 0.825413 0.535708 0.853127 0.767049 0.713917 0.658390 0.895337 0.742828 0.882709 0.934736 0.832373 0.732757 0.985903 0.866900 0.820737 0.692687 0.930028 0.861235 0.958514 0.677268 0.739701 0.871622 0.903104 0.762751 0.717241 0.820422 0.998966 0.868921
0.290483 0.344651 0.885684 0.869511 0.916222 0.822562 0.999361 0.673382 0.713451 0.633820 0.514041 0.374034 0.617754 0.463609 0.632488 0.752652 0.356575 0.363049 0.372190 0.000000 0.799126 0.935927 0.494171 0.608324 0.884254 0.763152 0.820319 0.955412 0.425595 0.489382 0.812957 0.774541 0.680997 0.718860 0.879209 0.839475 0.671184 0.771265 0.901276 0.715915 0.825662 0.726919 0.938772 0.877404 0.789472 0.618816 0.715042 0.704464 0.460480 0.531149 0.875445 0.978840 0.965191 0.712104 0.755152 0.993104 0.325376 0.394329 0.748006 0.849938 0.964878 0.643088 0.628263 0.486465 0.727668 0.782132 0.785356 0.772525 0.400720 0.479724 0.841967 0.971511 0.807404 0.964002 0.889619 0.842119 0.774166 0.926502 0.846613 0.746793 0.412851 0.322176 0.405662 0.449274 0.325211 0.577452 0.866886 0.535714 0.896779 0.471673 0.656851 0.558008 0.641316 0.527680 0.904422 0.996118 0.983575 0.883178 0.941716 0.980465 0.823343 0.657868 0.975898 0.949933 0.992731 0.932266 0.889427 0.640890 0.884450 0.975126 0.881600 0.876498 0.881481 0.965435 0.863522 0.858717
0.777562 0.905511 0.782658 0.712643 0.837647 0.794152 0.683578 0.751758 0.921031 0.753990 0.669413 0.897216 0.885661 0.828164 0.882867 0.884970 0.791173 0.723424 0.737980 0.799126 0.000000 0.934560 0.891141 0.913957 0.874490 0.853646 0.952478 0.813010 0.782279 0.810217 0.579781 0.642547 0.702846 0.700884 0.989051 0.960632 0.951370 0.915480 0.759017 0.783144 0.910739 0.815522 0.729607 0.729119 0.865802 0.795171 0.806368 0.764836 0.961267 0.952575 0.783261 0.775605 0.851258 0.793764 0.880488 0.880180 0.972506 0.982893 0.941783 0.976363 0.761750 0.963040 0.650225 0.771123 0.952655 0.912399 0.882195 0.855198 0.990160 0.961096 0.684220 0.730313 0.691684 0.603660 0.741428 0.811777 0.894528 0.819975 0.755136 0.652775 0.714204 0.757996 0.848814 0.908607 0.963233 0.906727 0.831995 0.849089 0.921359 0.796867 0.947981 0.979932 0.993226 0.873229 0.927326 0.910586 0.918485 0.982476 0.822746 0.898015 0.999264 0.887511 0.815608 0.728882 0.921479 0.878985 0.903633 0.981998 0.903202 0.980649 0.918386 0.918928 0.896710 0.977485 0.933071 0.838039
0.975811 0.984323 0.958579 0.847999 0.967419 0.943972 0.913934 0.970733 0.997549 0.947709 0.924150 0.949044 0.941049 0.967394 0.954717 0.934769 0.904225 0.897422 0.954875 0.935927 0.934560 0.000000 0.990024 0.974275 0.998890 0.854459 0.855315 0.914269 0.989626 0.865486 0.872027 0.991508 0.875366 0.811427 0.996787 0.711249 0.899568 0.728272 0.930320 0.905676 0.974300 0.970144 0.993590 0.999005 0.949861 0.993924 0.903837 0.888701 0.889109 0.906164 0.925631 0.987740 0.899529 0.903194 0.942331 0.879146 0.999635 0.998697 0.940964 0.971158 0.953151 0.975916 0.907215 0.919934 0.962588 0.961887 0.891644 0.903706 0.936181 0.948974 0.863441 0.907908 0.934257 0.959724 0.827923 0.936576 0.837895 0.915753 0.966996 0.983544 0.927916 0.904095 0.928003 0.888052 0.986223 0.976670 0.917099 0.958556 0.973109 0.933945 0.981402 0.982618 0.989986 0.995172 0.925373 0.931227 0.944146 0.945746 0.993932 0.951244 0.954277 0.943983 0.953605 0.967458 0.977038 0.872040 0.973707 0.999807 0.976578 0.816437 0.906729 0.915528 0.946104 0.986568 0.837281 0.960221
0.527295 0.668600 0.864004 0.725198 0.732639 0.957732 0.716780 0.584345 0.935718 0.419487 0.488676 0.404512 0.419995 0.389677 0.278888 0.367127 0.528208 0.533791 0.379820 0.494171 0.891141 0.990024 0.000000 0.402953 0.912823 0.734146 0.806117 0.998518 0.461847 0.453657 0.637970 0.664579 0.523897 0.648139 0.906402 0.854989 0.708616 0.851822 0.991690 0.982541 0.955123 0.772251 0.725170 0.722241 0.680549 0.591432 0.668822 0.602647 0.519302 0.511178 0.621542 0.697886 0.776828 0.978770 0.815900 0.894846 0.664443 0.783118 0.730673 0.958725 0.821566 0.579505 0.595595 0.504087 0.981419 0.955400 0.880847 0.928229 0.649321 0.735945 0.644296 0.728690 0.592520 0.658332 0.799849 0.968547 0.651314 0.829160 0.887188 0.782375 0.627597 0.619240 0.536404 0.761661 0.404757 0.508915 0.705618 0.564027 0.774569 0.621237 0.961818 0.922862 0.895084 0.749494 0.949143 0.815329 0.830002 0.893424 0.802471 0.707086 0.915075 0.963919 0.895953 0.637257 0.875896 0.838482 0.994662 0.897775 0.764565 0.882961 0.837393 0.792233 0.845441 0.894443 0.950924 0.835977
0.665306 0.754602 0.992360 0.747463 0.659510 0.975954 0.882557 0.704641 0.941219 0.626238 0.622129 0.437984 0.622731 0.423739 0.461306 0.408836 0.675339 0.666104 0.559716 0.608324 0.913957 0.974275 0.402953 0.000000 0.846046 0.742012 0.949954 0.947730 0.583245 0.587533 0.798763 0.765413 0.753018 0.774854 0.864765 0.756011 0.894272 0.954077 0.981685 0.816201 0.896510 0.946752 0.820226 0.802624 0.815504 0.709602 0.834129 0.742584 0.580716 0.640206 0.786980 0.880246 0.947925 0.910951 0.895927 0.944503 0.829337 0.875266 0.836290 0.918053 0.878180 0.574271 0.661935 0.607518 0.915865 0.929922 0.984659 0.920672 0.844826 0.833648 0.788551 0.815341 0.883527 0.872075 0.832081 0.943110 0.820985 0.992241 0.920645 0.819175 0.729763 0.719617 0.695154 0.801978 0.483101 0.425269 0.806291 0.569706 0.899307 0.584960 0.834245 0.780796 0.729498 0.675144 0.842523 0.855812 0.895640 0.785423 0.983202 0.867884 0.953271 0.894272 0.942526 0.932185 0.998765 0.997786 0.981143 0.852606 0.916481 0.970462 0.998386 0.891006 0.959910 0.917884 0.883669 0.778035
0.973706 0.898962 0.867537 0.910916 0.950339 0.872846 0.874734 0.902373 0.986427 0.968009 0.893762 0.909506 0.998960 0.942844 0.945061 0.773518 0.869110 0.856690 0.931214 0.884254 0.874490 0.998890 0.912823 0.846046 0.000000 0.629315 0.952067 0.952283 0.989335 0.942629 0.826940 0.758985 0.881729 0.797559 0.890339 0.897292 0.856256 0.894142 0.736033 0.932386 0.840196 0.938947 0.926895 0.844254 0.844420 0.873787 0.861827 0.828372 0.932540 0.942791 0.890347 0.783551 0.753420 0.866894 0.886972 0.635320 0.915969 0.963637 0.964543 0.930050 0.942569 0.914996 0.923988 0.925673 0.980986 0.990492 0.932687 0.940501 0.876545 0.908005 0.820577 0.965784 0.838726 0.818633 0.979076 0.937782 0.741722 0.921623 0.809488 0.712606 0.727320 0.779948 0.905807 0.874291 0.984958 0.985977 0.967671 0.941641 0.917122 0.932937 0.970320 0.959660 0.941668 0.993166 0.974462 0.985736 0.976429 0.911581 0.908936 0.939772 0.984085 0.987390 0.772878 0.937757 0.997889 0.933158 0.972250 0.963019 0.951785 0.896396 0.985139 0.870483 0.806550 0.774709 0.928240 0.843160
0.662097 0.647951 0.537929 0.619641 0.820859 0.662449 0.667057 0.842029 0.824158 0.975161 0.919775 0.669747 0.864269 0.715604 0.791041 0.688048 0.741903 0.715531 0.695346 0.763152 0.853646 0.854459 0.734146 0.742012 0.629315 0.000000 0.720127 0.960855 0.806353 0.760776 0.694223 0.783771 0.817362 0.801123 0.608120 0.746691 0.993838 0.749344 0.860213 0.836871 0.995656 0.949775 0.826225 0.851844 0.791717 0.942162 0.934270 0.832081 0.655609 0.874381 0.754532 0.686815 0.720159 0.551847 0.941566 0.817556 0.601123 0.599729 0.979043 0.898697 0.737330 0.974210 0.955029 0.794511 0.599750 0.633787 0.583601 0.533707 0.709015 0.850037 0.795251 0.863968 0.804573 0.729580 0.876951 0.915896 0.826541 0.750452 0.989592 0.899314 0.922882 0.775250 0.710423 0.883087 0.727274 0.765221 0.913043 0.758600 0.933424 0.771239 0.585004 0.640688 0.579642 0.624182 0.784528 0.929726 0.841849 0.721000 0.759589 0.758333 0.776640 0.587507 0.662222 0.853017 0.643598 0.748257 0.922285 0.719260 0.945768 0.990367 0.759997 0.731436 0.898538 0.793464 0.732225 0.961228
0.807457 0.818623 0.726159 0.771233 0.778543 0.749459 0.820388 0.891773 0.995699 0.978028 0.877227 0.813321 0.927932 0.886558 0.905966 0.939720 0.842188 0.828350 0.856682 0.820319 0.952478 0.855315 0.806117 0.949954 0.952067 0.720127 0.000000 0.913688 0.963786 0.901985 0.882259 0.826010 0.894572 0.821454 0.673369 0.829636 0.969692 0.974792 0.982369 0.925470 0.974207 0.874860 0.759642 0.732357 0.776026 0.830074 0.849479 0.782586 0.860310 0.891915 0.840889 0.870185 0.862438 0.777404 0.890125 0.820702 0.794204 0.867423 0.948066 0.980636 0.741206 0.960018 0.911683 0.988718 0.707003 0.753820 0.659655 0.576087 0.795715 0.885482 0.915607 0.863205 0.970803 0.969523 0.928391 0.983694 0.983009 0.870263 0.993046 0.936985 0.896419 0.809464 0.781632 0.885947 0.855801 0.909652 0.904258 0.816475 0.848244 0.969055 0.906723 0.907448 0.814748 0.892746 0.880262 0.942325 0.906296 0.865587 0.814107 0.848546 0.915609 0.866534 0.841645 0.991316 0.771594 0.849675 0.987465 0.840940 0.878701 0.875828 0.895269 0.880134 0.883346 0.762488 0.836346 0.971648
0.878461 0.756992 0.831745 0.989236 0.761773 0.920932 0.954671 0.808206 0.985581 0.999616 0.967177 0.793986 0.936447 0.830366 0.944527 0.836829 0.985531 0.987671 0.997725 0.955412 0.813010 0.914269 0.998518 0.947730 0.952283 0.960855 0.913688 0.000000 0.969018 0.982837 0.916284 0.878436 0.929180 0.952720 0.939160 0.823658 0.993220 0.891223 0.999834 0.993579 0.893145 0.896267 0.887476 0.894818 0.896418 0.909961 0.995284 0.867302 0.732901 0.783272 0.885615 0.820935 0.933799 0.985175 0.972683 0.865355 0.906118 0.895736 0.927551 0.783724 0.920405 0.809780 0.966469 0.960308 0.980671 0.880565 0.941397 0.953331 0.908230 0.914192 0.952752 0.914860 0.954844 0.866411 0.937385 0.894942 0.900820 0.912830 0.986741 0.932930 0.986264 0.943037 0.986131 0.933001 0.840210 0.830677 0.828102 0.986887 0.840210 0.930774 0.977433 0.995706 0.978393 0.966296 0.867349 0.895738 0.949847 0.834080 0.877326 0.891553 0.818603 0.951993 0.949737 0.840042 0.907840 0.865102 0.964603 0.955773 0.994685 0.993505 0.985266 0.895906 0.857499 0.974241 0.982400 0.969344
0.421591 0.469905 0.981428 0.790161 0.994245 0.861175 0.784164 0.585617 0.756544 0.474444 0.425099 0.426283 0.528647 0.426377 0.544764 0.514688 0.360658 0.331573 0.383330 0.425595 0.782279 0.989626 0.461847 0.583245 0.989335 0.806353 0.963786 0.969018 0.000000 0.286998 0.624077 0.575682 0.512397 0.494301 0.902856 0.979735 0.711683 0.990205 0.932754 0.806391 0.832206 0.850859 0.740400 0.640803 0.671704 0.490999 0.709627 0.585084 0.504758 0.600765 0.774951 0.893728 0.966579 0.855014 0.846849 0.919136 0.497218 0.523510 0.683725 0.881183 0.761855 0.682498 0.436506 0.338318 0.790270 0.861142 0.984561 0.983293 0.666299 0.601056 0.819210 0.778870 0.710190 0.828355 0.875489 0.898199 0.801131 0.755987 0.577862 0.575321 0.336970 0.395492 0.399942 0.479110 0.426853 0.573071 0.862401 0.514915 0.911070 0.717094 0.710888 0.611146 0.628018 0.496221 0.916793 0.864969 0.982000 0.847579 0.937930 0.832009 0.882250 0.891697 0.929934 0.786045 0.900032 0.957874 0.891116 0.688908 0.836704 0.998699 0.959515 0.938765 0.792711 0.898850 0.926579 0.760076
0.471963 0.514661 0.957182 0.808871 0.943262 0.970126 0.706368 0.628796 0.833137 0.433121 0.364316 0.458047 0.459450 0.445936 0.431898 0.461772 0.278646 0.264764 0.362288 0.489382 0.810217 0.865486 0.453657 0.587533 0.942629 0.760776 0.901985 0.982837 0.286998 0.000000 0.582843 0.559222 0.457908 0.442431 0.845778 0.995888 0.785426 0.987977 0.894389 0.828523 0.798432 0.853734 0.684723 0.572217 0.629035 0.483007 0.619919 0.536632 0.556623 0.609432 0.742835 0.872117 0.917721 0.933766 0.840396 0.925899 0.508272 0.592088 0.747746 0.908812 0.724257 0.812833 0.362751 0.271144 0.795539 0.822950 0.925619 0.959476 0.841857 0.702186 0.759525 0.736009 0.714468 0.777559 0.916303 0.975413 0.739017 0.705184 0.479216 0.496187 0.296222 0.389817 0.418319 0.477910 0.510873 0.583792 0.891342 0.574997 0.957371 0.740502 0.677928 0.608466 0.561150 0.487084 0.872134 0.839960 0.938940 0.756540 0.940622 0.848678 0.955838 0.855823 0.895433 0.712400 0.946218 0.959758 0.892145 0.698469 0.738702 0.854155 0.971403 0.902663 0.739038 0.853536 0.958343 0.802099
0.827520 0.969508 0.475920 0.404714 0.925153 0.663281 0.309858 0.496847 0.894938 0.524295 0.554725 0.778149 0.532773 0.669527 0.545936 0.699935 0.703200 0.714436 0.640440 0.812957 0.579781 0.872027 0.637970 0.798763 0.826940 0.694223 0.882259 0.916284 0.624077 0.582843 0.000000 0.355323 0.343983 0.317227 0.745456 0.909001 0.829560 0.681561 0.716732 0.973811 0.886572 0.898702 0.389458 0.419355 0.476918 0.501502 0.582699 0.457785 0.986256 0.812469 0.471714 0.482589 0.518782 0.514863 0.794751 0.854349 0.989330 0.876759 0.790734 0.954251 0.447147 0.843317 0.437232 0.576372 0.774370 0.719068 0.445144 0.494752 0.940882 0.920085 0.375863 0.425635 0.406581 0.372462 0.767495 0.899172 0.528037 0.402475 0.591238 0.578865 0.605445 0.821092 0.859306 0.869744 0.847009 0.809886 0.953409 0.836975 0.931559 0.883957 0.696458 0.861000 0.849468 0.993041 0.802464 0.762774 0.719712 0.906070 0.558329 0.503356 0.635130 0.576373 0.467937 0.487961 0.594025 0.638445 0.857084 0.908867 0.797089 0.825325 0.729490 0.681798 0.654838 0.703625 0.635347 0.783570
0.828529 0.933834 0.517646 0.524930 0.902035 0.668975 0.380852 0.491274 0.907122 0.550206 0.612362 0.799850 0.582328 0.614496 0.605804 0.714512 0.676962 0.701734 0.589673 0.774541 0.642547 0.991508 0.664579 0.765413 0.758985 0.783771 0.826010 0.878436 0.575682 0.559222 0.355323 0.000000 0.368614 0.346675 0.700168 0.849961 0.836344 0.783872 0.709605 0.901437 0.859373 0.913539 0.393050 0.394865 0.426298 0.476983 0.554241 0.437935 0.850506 0.734937 0.450880 0.526783 0.556819 0.594521 0.762468 0.697838 0.949979 0.933423 0.918915 0.858021 0.529578 0.751483 0.526383 0.592779 0.832996 0.746828 0.533724 0.574255 0.864077 0.917511 0.468618 0.580291 0.498021 0.488634 0.698800 0.904929 0.570085 0.496188 0.622031 0.551316 0.550521 0.763808 0.730091 0.849371 0.778252 0.721126 0.880459 0.743548 0.942472 0.852260 0.835341 0.972412 0.948253 0.933428 0.938029 0.722588 0.798774 0.968270 0.658376 0.493397 0.768763 0.685458 0.570814 0.542652 0.670317 0.790749 0.883764 0.981000 0.820515 0.869198 0.839462 0.596778 0.669530 0.660065 0.705606 0.707626
0.661212 0.875910 0.461489 0.492801 0.947532 0.707658 0.353397 0.465233 0.902775 0.504635 0.449081 0.700621 0.457729 0.593294 0.487817 0.655852 0.571611 0.610946 0.492204 0.680997 0.702846 0.875366 0.523897 0.753018 0.881729 0.817362 0.894572 0.929180 0.512397 0.457908 0.343983 0.368614 0.000000 0.350978 0.752267 0.842832 0.641581 0.705862 0.729220 0.909394 0.866361 0.880195 0.462629 0.420503 0.440946 0.445120 0.551264 0.389512 0.860599 0.677600 0.447705 0.562481 0.597838 0.640052 0.715298 0.904845 0.819802 0.972393 0.699488 0.973698 0.457332 0.742789 0.420597 0.464790 0.741886 0.840057 0.470890 0.565285 0.924666 0.770604 0.459801 0.493398 0.470627 0.537145 0.763587 0.979345 0.565677 0.494873 0.679336 0.600954 0.513688 0.692943 0.751736 0.721825 0.662257 0.746901 0.922638 0.724093 0.830297 0.748240 0.833518 0.950464 0.967201 0.920429 0.860080 0.812524 0.642073 0.946399 0.622074 0.537994 0.717911 0.742337 0.523812 0.454446 0.660907 0.600696 0.988546 0.958381 0.731979 0.798904 0.710426 0.546936 0.580449 0.710530 0.657007 0.826425
0.746774 0.825521 0.578819 0.580134 0.940173 0.781304 0.427754 0.495368 0.925465 0.540633 0.549878 0.694242 0.570233 0.575210 0.560380 0.719296 0.551479 0.577903 0.578286 0.718860 0.700884 0.811427 0.648139 0.774854 0.797559 0.801123 0.821454 0.952720 0.494301 0.442431 0.317227 0.346675 0.350978 0.000000 0.785785 0.790300 0.797243 0.730838 0.743951 0.894945 0.921215 0.983148 0.449213 0.389034 0.426779 0.413401 0.553591 0.434968 0.824818 0.705407 0.533655 0.623789 0.647638 0.716528 0.773612 0.821104 0.821809 0.898536 0.815101 0.997188 0.482286 0.766713 0.390425 0.447813 0.867493 0.800312 0.560275 0.540530 0.991465 0.907273 0.513871 0.588514 0.537675 0.542603 0.812334 0.932806 0.649442 0.514852 0.561625 0.559071 0.462506 0.648632 0.742980 0.655319 0.699800 0.702677 0.997835 0.693971 0.991570 0.847906 0.956078 0.882977 0.903026 0.811485 0.889425 0.798147 0.834443 0.964015 0.697667 0.617638 0.779273 0.810117 0.610739 0.591353 0.742175 0.779609 0.819770 0.895306 0.809627 0.817199 0.871172 0.704776 0.637634 0.750915 0.694422 0.754859
0.908765 0.745839 0.482361 0.658839 0.964126 0.682340 0.608971 0.744094 0.690852 0.921178 0.952075 0.865225 0.839208 0.954673 0.998043 0.902357 0.887480 0.749221 0.930083 0.879209 0.989051 0.996787 0.906402 0.864765 0.890339 0.608120 0.673369 0.939160 0.902856 0.845778 0.745456 0.700168 0.752267 0.785785 0.000000 0.941788 0.993120 0.808295 0.807044 0.978078 0.930141 0.882568 0.633180 0.725426 0.695342 0.799429 0.697059 0.652955 0.755816 0.980675 0.633353 0.678267 0.610304 0.606133 0.687081 0.834968 0.871462 0.791418 0.796671 0.894888 0.552864 0.843446 0.889712 0.952744 0.498876 0.633621 0.443508 0.478164 0.904294 0.999454 0.841562 0.779616 0.855312 0.867618 0.890722 0.877344 0.786166 0.815169 0.985766 0.864272 0.927666 0.758861 0.754572 0.901823 0.941279 0.869052 0.826924 0.901179 0.755366 0.939530 0.577731 0.679671 0.610545 0.664943 0.682029 0.919944 0.787983 0.602098 0.624885 0.589539 0.636973 0.652666 0.598206 0.737226 0.529951 0.623918 0.970612 0.772670 0.936809 0.895563 0.743751 0.660363 0.815421 0.680477 0.560029 0.871120
0.821449 0.871922 0.831892 0.981460 0.900605 0.996594 0.925224 0.895027 0.983389 0.840952 0.955980 0.733280 0.954113 0.848947 0.897486 0.848786 0.959171 0.875153 0.884488 0.839475 0.960632 0.711249 0.854989 0.756011 0.897292 0.746691 0.829636 0.823658 0.979735 0.995888 0.909001 0.849961 0.842832 0.790300 0.941788 0.000000 0.984222 0.886558 0.941327 0.967239 0.867846 0.993749 0.945226 0.917279 0.928510 0.997578 0.931513 0.986428 0.814257 0.825488 0.981954 0.994114 0.934631 0.867244 0.927829 0.992013 0.895530 0.921905 0.890828 0.841642 0.966463 0.879344 0.958071 0.942651 0.950115 0.985489 0.836247 0.818606 0.931222 0.924681 0.984634 0.983285 0.910834 0.920438 0.945901 0.904855 0.888007 0.752560 0.983751 0.955323 0.965245 0.962234 0.923480 0.995660 0.801740 0.814848 0.967147 0.985348 0.845515 0.823966 0.926943 0.994352 0.923622 0.947664 0.878023 0.886996 0.886831 0.985253 0.978675 0.984199 0.995017 0.824427 0.880187 0.941019 0.952643 0.955975 0.918849 0.949989 0.788663 0.911935 0.931436 0.948608 0.821410 0.813102 0.824842 0.994272
0.669267 0.804060 0.860536 0.776766 0.857424 0.975077 0.844000 0.785079 0.986612 0.787268 0.679193 0.724544 0.774902 0.804785 0.832295 0.950209 0.720960 0.751670 0.650154 0.671184 0.951370 0.899568 0.708616 0.894272 0.856256 0.993838 0.969692 0.993220 0.711683 0.785426 0.829560 0.836344 0.641581 0.797243 0.993120 0.984222 0.000000 0.823819 0.925577 0.859838 0.884768 0.971108 0.991821 0.956533 0.945690 0.884111 0.842524 0.922542 0.961168 0.898552 0.852995 0.971207 0.995559 0.920397 0.873545 0.892062 0.720711 0.799816 0.729719 0.874208 0.882208 0.861943 0.749403 0.704360 0.909936 0.965502 0.922803 0.967181 0.683290 0.667263 0.752833 0.848068 0.842727 0.963627 0.864444 0.892522 0.740722 0.888850 0.868981 0.881146 0.718844 0.658758 0.868505 0.864607 0.670516 0.744123 0.859008 0.791183 0.776243 0.652036 0.999991 0.954091 0.979923 0.918722 0.890729 0.896849 0.691939 0.875094 0.891276 0.884405 0.978201 0.886807 0.772029 0.801045 0.967092 0.753624 0.948626 0.915796 0.806963 0.870120 0.783792 0.737018 0.941251 0.955021 0.967407 0.792822
0.955941 0.884917 0.724315 0.724623 0.896602 0.866125 0.695478 0.821668 0.815679 0.932795 0.912577 0.975138 0.969279 0.943058 0.955208 0.816139 0.990909 0.998975 0.868000 0.771265 0.915480 0.728272 0.851822 0.954077 0.894142 0.749344 0.974792 0.891223 0.990205 0.987977 0.681561 0.783872 0.705862 0.730838 0.808295 0.886558 0.823819 0.000000 0.948478 0.908515 0.933965 0.716282 0.838233 0.911645 0.771237 0.893286 0.932266 0.857510 0.889376 0.929053 0.704896 0.809808 0.680633 0.715039 0.791102 0.979760 0.945422 0.841021 0.918996 0.767382 0.869022 0.871126 0.972156 0.954791 0.883627 0.801610 0.773456 0.794424 0.761493 0.958764 0.642583 0.750414 0.544456 0.636471 0.978165 0.927516 0.772129 0.841007 0.973614 0.994470 0.890215 0.978002 0.892734 0.934069 0.888992 0.990483 0.929422 0.956384 0.872054 0.924806 0.706052 0.790469 0.775689 0.766144 0.874390 0.892842 0.789375 0.884630 0.893236 0.798414 0.773489 0.767796 0.769743 0.854279 0.917705 0.850873 0.995775 0.843088 0.963711 0.891769 0.752488 0.798466 0.917630 0.741540 0.881416 0.955334
