0.000000 0.228485 0.416719 0.443580 0.810194 0.676861 0.386973 0.488517 0.839842 0.533378 0.494298 0.419739 0.294200 0.413867 0.547143 0.573349 0.486325 0.428461 0.331251 0.340515 0.581133 0.944322 0.633656 0.514839 0.496095 0.580461 0.691109 0.749119 0.964279 0.943469 0.984008 0.955432 0.410542 0.400171 0.449028 0.781956 0.406851 0.539392 0.534711 0.644295 0.577617 0.940946 0.776430 0.670416 0.908128 0.850707 0.441574 0.496892 0.899768 0.606787 0.900335 0.680633 0.875849 0.623690 0.319740 0.444656 0.343474 0.245187 0.264547 0.353740 0.377759 0.689918 0.451734 0.519025 0.416295 0.406509 0.337501 0.512606 0.245337 0.312460 0.730508 0.965447 0.803711 0.809411 0.762972 0.913731 0.691652 0.903508 0.663497 0.556206 0.340745 0.245329 0.508645 0.335339 0.314689 0.351711 0.518593 0.585570 0.431687 0.408840 0.956332 0.933317 0.748369 0.699890 0.645692 0.952070 0.488131 0.844442 0.933229 0.962030 0.636001 0.978325 0.982406 0.960117 0.665775 0.661393 0.902986 0.821168 0.944092 0.763554 0.877667 0.932095 0.981261 0.981825 0.860796 0.859887
0.228485 0.000000 0.347745 0.341726 0.738002 0.647639 0.319107 0.367701 0.745117 0.610422 0.569829 0.400692 0.295124 0.378086 0.485674 0.502049 0.447842 0.390799 0.299538 0.279423 0.564312 0.955693 0.499133 0.430812 0.468468 0.565626 0.636855 0.787441 0.866646 0.836244 0.918536 0.917632 0.342536 0.383753 0.426589 0.805099 0.391484 0.446835 0.514262 0.646577 0.590942 0.834252 0.606381 0.555544 0.794421 0.785108 0.370679 0.430979 0.857116 0.602764 0.861222 0.666713 0.905077 0.630706 0.342616 0.480648 0.287734 0.185147 0.298494 0.385942 0.353708 0.605594 0.450845 0.450034 0.386455 0.347694 0.264021 0.397755 0.299030 0.372906 0.593089 0.780431 0.757398 0.756530 0.845633 0.948310 0.626295 0.944368 0.515487 0.580349 0.316822 0.247428 0.458971 0.381276 0.291448 0.316505 0.536489 0.489046 0.449660 0.383538 0.864123 0.884786 0.615708 0.657550 0.582458 0.916682 0.468291 0.866541 0.842900 0.872993 0.672633 0.992614 0.962518 0.940481 0.554720 0.552738 0.878605 0.932635 0.878765 0.723647 0.991683 0.861439 0.985909 0.999141 0.712478 0.892442
0.416719 0.347745 0.000000 0.220791 0.650500 0.772693 0.312580 0.430018 0.611765 0.587891 0.878534 0.608126 0.303254 0.606867 0.398652 0.433374 0.789376 0.816860 0.541531 0.557459 0.567545 0.811833 0.329324 0.326538 0.276791 0.315231 0.548497 0.728705 0.794035 0.764162 0.709141 0.865477 0.473375 0.592984 0.369544 0.892670 0.325845 0.503720 0.408131 0.670582 0.682832 0.945997 0.862389 0.858427 0.966686 0.949450 0.545747 0.538154 0.938188 0.657653 0.882213 0.612898 0.947105 0.751588 0.330310 0.509177 0.629442 0.419209 0.352792 0.334682 0.231269 0.339844 0.709108 0.690030 0.180335 0.211030 0.296088 0.381224 0.355581 0.415795 0.702520 0.897956 0.680160 0.752181 0.920877 0.909746 0.733453 0.903871 0.710469 0.865392 0.677491 0.547192 0.609915 0.534449 0.209333 0.229103 0.551672 0.613777 0.317519 0.338873 0.901555 0.882414 0.839976 0.882502 0.619947 0.996886 0.608016 0.866696 0.888559 0.893414 0.614615 0.803268 0.761302 0.722796 0.579987 0.525043 0.857834 0.940010 0.830258 0.787328 0.986849 0.947797 0.939786 0.844944 0.696514 0.843994
0.443580 0.341726 0.220791 0.000000 0.652601 0.740488 0.365565 0.350264 0.725466 0.541770 0.976435 0.543457 0.313704 0.516115 0.358219 0.376433 0.823268 0.767334 0.507687 0.515887 0.615167 0.858570 0.261486 0.234425 0.284586 0.394997 0.450109 0.770613 0.831844 0.791441 0.801017 0.962095 0.529998 0.635167 0.442922 0.835491 0.380799 0.503473 0.403391 0.662372 0.709646 0.869930 0.842781 0.862386 0.973593 0.981587 0.550020 0.514801 0.900081 0.704628 0.959749 0.673079 0.980810 0.677738 0.353536 0.532472 0.607467 0.385211 0.432294 0.398909 0.339370 0.420209 0.755155 0.694958 0.208667 0.247616 0.335747 0.437310 0.428487 0.483741 0.691674 0.890841 0.853398 0.900466 0.941009 0.914016 0.728690 0.923779 0.708134 0.843914 0.627599 0.516589 0.589985 0.472394 0.202657 0.216285 0.478807 0.546022 0.344998 0.284558 0.972819 0.969009 0.719395 0.806232 0.647930 0.896998 0.582675 0.909249 0.948510 0.987456 0.613215 0.780132 0.800818 0.735879 0.547901 0.460948 0.868545 0.883298 0.865752 0.742989 0.990195 0.907892 0.890518 0.812195 0.766357 0.834407
0.810194 0.738002 0.650500 0.652601 0.000000 0.865171 0.687784 0.700985 0.860160 0.878839 0.981372 0.855200 0.626872 0.851729 0.652962 0.628853 0.886259 0.936623 0.798238 0.827246 0.820067 0.904439 0.558707 0.617993 0.587686 0.622118 0.717957 0.799420 0.966801 0.882036 0.776997 0.968133 0.796815 0.767346 0.825648 0.823870 0.707193 0.854955 0.873063 0.744936 0.842971 0.913436 0.815234 0.865506 0.981203 0.984706 0.875189 0.741163 0.939776 0.965702 0.980353 0.902066 0.965392 0.806498 0.795777 0.830682 0.811091 0.763333 0.809726 0.773307 0.690670 0.681116 0.945709 0.866776 0.617865 0.628459 0.708465 0.705578 0.734384 0.675607 0.839882 0.851532 0.831478 0.954369 0.953039 0.945100 0.971043 0.975563 0.925624 0.885978 0.845307 0.880072 0.702977 0.854889 0.643308 0.654335 0.826658 0.780965 0.801396 0.747747 0.942131 0.993790 0.781313 0.983404 0.790040 0.983769 0.886598 0.962705 0.958241 0.958181 0.926703 0.882612 0.987243 0.910692 0.889480 0.687962 0.978085 0.921365 0.901209 0.906227 0.999204 0.947623 0.951271 0.822542 0.810019 0.835618
0.676861 0.647639 0.772693 0.740488 0.865171 0.000000 0.679347 0.660805 0.955426 0.925198 0.775834 0.622615 0.760268 0.690228 0.757059 0.720911 0.739968 0.667208 0.645939 0.733556 0.710198 0.877764 0.814694 0.778695 0.900013 0.882741 0.830363 0.789314 0.747174 0.770028 0.880954 0.872698 0.769030 0.687692 0.899139 0.656020 0.861650 0.851716 0.881546 0.725780 0.784476 0.917173 0.769536 0.794940 0.894957 0.885262 0.802954 0.903787 0.957277 0.917412 0.901509 0.911622 0.916133 0.655492 0.822327 0.867546 0.628812 0.680063 0.808916 0.837855 0.769139 0.810041 0.798838 0.871435 0.785015 0.685963 0.675944 0.736754 0.779668 0.852257 0.837342 0.972020 0.965774 0.990895 0.760455 0.953095 0.916789 0.984194 0.876946 0.824564 0.674912 0.658367 0.827929 0.774105 0.757142 0.717396 0.730831 0.832746 0.907044 0.803252 0.759580 0.853800 0.694382 0.765947 0.834134 0.948664 0.619081 0.741820 0.750439 0.717721 0.960394 0.987155 0.957109 0.931016 0.814902 0.684653 0.948616 0.993676 0.986913 0.715559 0.827389 0.836558 0.932646 0.950193 0.940878 0.725528
0.386973 0.319107 0.312580 0.365565 0.687784 0.679347 0.000000 0.249925 0.618801 0.821258 0.691569 0.525321 0.326204 0.429188 0.357195 0.471060 0.515953 0.528463 0.349037 0.387928 0.728149 0.869298 0.455919 0.470627 0.541436 0.531423 0.700675 0.864075 0.858434 0.938036 0.743223 0.844929 0.312163 0.364983 0.459624 0.832938 0.424480 0.489453 0.591443 0.779437 0.694885 0.831555 0.495730 0.490349 0.632158 0.629025 0.436469 0.428714 0.813578 0.617954 0.777626 0.595062 0.798597 0.875775 0.420136 0.428842 0.411819 0.321640 0.393260 0.496068 0.286437 0.433939 0.506366 0.488939 0.356334 0.316094 0.236312 0.275652 0.472612 0.546460 0.442416 0.680533 0.708467 0.675257 0.936930 0.805152 0.548610 0.823702 0.500270 0.669157 0.446938 0.411403 0.539929 0.494243 0.309301 0.378112 0.627847 0.593964 0.506693 0.525076 0.766796 0.841044 0.620415 0.675871 0.635609 0.893295 0.450530 0.802224 0.725935 0.696280 0.838221 0.842729 0.950590 0.967265 0.435082 0.525103 0.829936 0.857584 0.700637 0.667553 0.850835 0.712731 0.859170 0.903246 0.690571 0.878350
0.488517 0.367701 0.430018 0.350264 0.700985 0.660805 0.249925 0.000000 0.701160 0.856036 0.822240 0.540826 0.455642 0.392179 0.410047 0.459726 0.608434 0.557714 0.432708 0.426354 0.772358 0.837399 0.472388 0.425082 0.580840 0.572605 0.662061 0.908335 0.869018 0.919724 0.839441 0.755946 0.436238 0.465526 0.522952 0.755678 0.507829 0.494040 0.618123 0.765281 0.796312 0.729321 0.531446 0.533985 0.705502 0.687923 0.425081 0.478199 0.862401 0.704169 0.860196 0.688529 0.807570 0.824165 0.415044 0.459087 0.434628 0.353907 0.514290 0.610746 0.433731 0.478556 0.640741 0.530782 0.458059 0.388149 0.351889 0.377202 0.591326 0.634202 0.533547 0.718172 0.913322 0.858559 0.925276 0.830278 0.636559 0.890897 0.546559 0.693985 0.446686 0.436749 0.497130 0.457455 0.378150 0.407719 0.620728 0.482507 0.556108 0.486001 0.649796 0.828430 0.553822 0.669808 0.744577 0.832346 0.480376 0.826631 0.657908 0.606319 0.922418 0.858956 0.887194 0.999375 0.491015 0.581230 0.882106 0.860266 0.770495 0.772365 0.874403 0.724761 0.940048 0.957536 0.791497 0.928054
0.839842 0.745117 0.611765 0.725466 0.860160 0.955426 0.618801 0.701160 0.000000 0.962993 0.897426 0.984398 0.722641 0.898858 0.802808 0.940725 0.825974 0.972293 0.834239 0.823365 0.913235 0.947218 0.728717 0.758309 0.691412 0.586636 0.875879 0.956219 0.987538 0.930319 0.627700 0.974264 0.586791 0.790241 0.674248 0.885420 0.694931 0.722370 0.815668 0.826763 0.963458 0.816447 0.791879 0.829957 0.705765 0.760196 0.780642 0.724542 0.853469 0.696431 0.665740 0.686151 0.715700 0.880835 0.660444 0.639297 0.835902 0.790498 0.773206 0.885605 0.595710 0.600392 0.827970 0.810101 0.665490 0.690482 0.661186 0.572667 0.737894 0.813684 0.751521 0.809095 0.744998 0.767326 0.894643 0.927196 0.781941 0.891434 0.812256 0.989737 0.907808 0.936314 0.753919 0.856295 0.678691 0.711113 0.878880 0.683362 0.718995 0.745976 0.979037 0.874921 0.998730 0.983124 0.845806 0.931739 0.935783 0.907026 0.945361 0.962653 0.911228 0.982355 0.926993 0.937572 0.793770 0.795484 0.892804 0.996271 0.916248 0.911125 0.772128 0.759473 0.979052 0.917850 0.773033 0.944312
0.533378 0.610422 0.587891 0.541770 0.878839 0.925198 0.821258 0.856036 0.962993 0.000000 0.917554 0.754300 0.500101 0.694482 0.706337 0.622590 0.961125 0.913690 0.657392 0.732097 0.763673 0.933154 0.623034 0.496623 0.520125 0.675308 0.558109 0.817854 0.687083 0.732609 0.977650 0.734065 0.850020 0.955312 0.692196 0.974590 0.575261 0.927375 0.501793 0.729946 0.759798 0.841094 0.725457 0.815533 0.527090 0.575398 0.792099 0.879884 0.617387 0.953513 0.724169 0.919947 0.699372 0.572110 0.567523 0.782758 0.805988 0.627493 0.643717 0.551966 0.708001 0.921025 0.888744 0.976620 0.537746 0.601109 0.730821 0.926985 0.507708 0.599036 0.982563 0.781018 0.885241 0.842462 0.882096 0.852188 0.989627 0.662898 0.931205 0.917338 0.778031 0.603358 0.742423 0.557786 0.487119 0.492474 0.686125 0.744970 0.565374 0.464552 0.705842 0.913850 0.959921 0.976793 0.837045 0.935382 0.851889 0.860839 0.633147 0.689019 0.505524 0.717640 0.630491 0.640809 0.997779 0.837977 0.985779 0.856434 0.868237 0.923153 0.678933 0.864307 0.758620 0.775400 0.986515 0.989413
0.494298 0.569829 0.878534 0.976435 0.981372 0.775834 0.691569 0.822240 0.897426 0.917554 0.000000 0.514673 0.765768 0.643905 0.943875 0.958321 0.525507 0.414935 0.536937 0.513694 0.811855 0.881702 0.862468 0.978719 0.916093 0.917667 0.901383 0.905302 0.691946 0.579062 0.759743 0.868157 0.658189 0.481888 0.861700 0.816192 0.859188 0.830499 0.992328 0.956331 0.713338 0.954501 0.743661 0.682494 0.742719 0.803599 0.732970 0.823134 0.748595 0.817500 0.990140 0.965053 0.825300 0.771798 0.778610 0.776130 0.491117 0.578472 0.669088 0.782283 0.785109 0.920309 0.552166 0.668058 0.960522 0.854732 0.656629 0.689809 0.614985 0.700344 0.832329 0.900025 0.829339 0.703911 0.775451 0.950595 0.831405 0.950540 0.743502 0.596945 0.438331 0.474294 0.859761 0.696225 0.865620 0.896293 0.828454 0.955948 0.901760 0.942454 0.799357 0.750542 0.657916 0.677240 0.756577 0.956513 0.703145 0.813450 0.683562 0.810657 0.973364 0.760694 0.731735 0.759121 0.824195 0.933986 0.849408 0.826101 0.838920 0.816188 0.987675 0.936745 0.918699 0.870762 0.999025 0.891599
0.419739 0.400692 0.608126 0.543457 0.855200 0.622615 0.525321 0.540826 0.984398 0.754300 0.514673 0.000000 0.510436 0.380436 0.513623 0.501560 0.583271 0.352910 0.406843 0.348770 0.588298 0.961693 0.646043 0.520520 0.687304 0.852127 0.663468 0.987689 0.744128 0.677405 0.908921 0.813893 0.534460 0.454725 0.614064 0.658636 0.610355 0.487204 0.785645 0.786271 0.769858 0.881215 0.726914 0.731884 0.867563 0.954407 0.660242 0.742148 0.994138 0.935947 0.808611 0.918461 0.694080 0.488304 0.606677 0.688188 0.369228 0.399264 0.638373 0.733464 0.546212 0.679412 0.615964 0.494367 0.596604 0.513003 0.537933 0.553721 0.531950 0.592670 0.712811 0.786137 0.788152 0.745652 0.913389 0.983879 0.842807 0.887462 0.629267 0.517547 0.379587 0.351727 0.708441 0.506247 0.521028 0.491941 0.638466 0.656545 0.644065 0.583447 0.825055 0.889808 0.614525 0.765349 0.822604 0.833296 0.603191 0.812924 0.810923 0.802462 0.850405 0.941567 0.804536 0.903351 0.597721 0.644162 0.875733 0.923256 0.915059 0.753220 0.990868 0.892161 0.955741 0.924034 0.879847 0.864940
0.294200 0.295124 0.303254 0.313704 0.626872 0.760268 0.326204 0.455642 0.722641 0.500101 0.765768 0.510436 0.000000 0.414720 0.323492 0.348841 0.553687 0.592645 0.326765 0.395323 0.635952 0.870089 0.322912 0.328124 0.396420 0.535584 0.558568 0.763748 0.988111 0.954644 0.813459 0.960096 0.428081 0.515175 0.498666 0.887032 0.333292 0.576360 0.506992 0.659363 0.581497 0.982197 0.767003 0.705733 0.977751 0.969241 0.509318 0.489038 0.931230 0.665058 0.948775 0.625192 0.989717 0.754687 0.398819 0.467185 0.461091 0.307295 0.357088 0.361347 0.319593 0.525443 0.513977 0.512841 0.290049 0.321071 0.355726 0.530246 0.341999 0.399067 0.536832 0.830095 0.702532 0.781358 0.845876 0.846536 0.628780 0.986285 0.624423 0.599318 0.460361 0.356811 0.539772 0.427833 0.232923 0.296739 0.468938 0.511626 0.418331 0.389902 0.974344 0.864736 0.774015 0.715269 0.650501 0.975479 0.511133 0.928132 0.997286 0.923127 0.630220 0.939523 0.942357 0.932429 0.599492 0.528178 0.867901 0.953646 0.895286 0.751334 0.925720 0.854373 0.994398 0.915184 0.741506 0.852185
0.413867 0.378086 0.606867 0.516115 0.851729 0.690228 0.429188 0.392179 0.898858 0.694482 0.643905 0.380436 0.414720 0.000000 0.470437 0.445943 0.456364 0.359251 0.273092 0.329394 0.809746 0.967464 0.577580 0.455795 0.732253 0.822947 0.627837 0.987520 0.719583 0.667966 0.975117 0.746978 0.513103 0.477646 0.581116 0.748747 0.641447 0.501470 0.708830 0.721188 0.821151 0.834229 0.644320 0.596045 0.862097 0.857795 0.548349 0.640513 0.988950 0.880598 0.909222 0.901561 0.876118 0.657545 0.600325 0.543940 0.334579 0.377696 0.600590 0.702409 0.582838 0.736577 0.582403 0.475311 0.617945 0.543509 0.487449 0.613613 0.615262 0.690947 0.580144 0.730406 0.865668 0.877465 0.884966 0.923972 0.746269 0.813666 0.536101 0.481755 0.331534 0.300618 0.570423 0.452568 0.495855 0.510304 0.628770 0.525915 0.689795 0.618142 0.782910 0.759035 0.674124 0.619669 0.857576 0.836899 0.533582 0.773766 0.731905 0.656870 0.843656 0.806634 0.791311 0.856353 0.608600 0.689978 0.979805 0.869680 0.852053 0.718846 0.994002 0.735107 0.892069 0.975440 0.912993 0.882357
0.547143 0.485674 0.398652 0.358219 0.652962 0.757059 0.357195 0.410047 0.802808 0.706337 0.943875 0.513623 0.323492 0.470437 0.000000 0.254687 0.690274 0.667914 0.468762 0.523150 0.686591 0.830524 0.304541 0.341974 0.500964 0.629261 0.625018 0.815478 0.889908 0.968766 0.695779 0.835753 0.490097 0.564002 0.627306 0.844262 0.483143 0.550301 0.648293 0.863829 0.713547 0.876021 0.690249 0.715950 0.894315 0.896734 0.576398 0.559535 0.953457 0.814986 0.999287 0.770178 0.878068 0.810404 0.577391 0.664636 0.551320 0.453703 0.580165 0.579550 0.383178 0.411172 0.585281 0.484659 0.385753 0.380622 0.503178 0.543757 0.607395 0.641358 0.524155 0.801741 0.800624 0.832402 0.957193 0.721002 0.709052 0.827540 0.621414 0.648253 0.549346 0.507120 0.639280 0.547680 0.367398 0.393418 0.565605 0.526891 0.571281 0.508679 0.952508 0.900565 0.813335 0.840000 0.744041 0.986999 0.530516 0.918872 0.885860 0.778133 0.851003 0.994417 0.989120 0.933510 0.610162 0.598950 0.928981 0.889298 0.812396 0.819349 0.984215 0.799939 0.878176 0.993504 0.824732 0.823845
0.573349 0.502049 0.433374 0.376433 0.628853 0.720911 0.471060 0.459726 0.940725 0.622590 0.958321 0.501560 0.348841 0.445943 0.254687 0.000000 0.730310 0.697871 0.513295 0.552421 0.678740 0.824130 0.304214 0.308162 0.459276 0.633019 0.550125 0.813446 0.959082 0.991175 0.754966 0.849104 0.554644 0.615475 0.628070 0.864795 0.481471 0.621761 0.617891 0.720435 0.662124 0.985385 0.780606 0.773908 0.912373 0.950652 0.574426 0.645166 0.798694 0.992081 0.830234 0.941536 0.954526 0.656124 0.596196 0.681915 0.552398 0.472963 0.631474 0.594051 0.439784 0.452712 0.695764 0.548601 0.417395 0.394265 0.581753 0.669091 0.608772 0.605956 0.644886 0.845382 0.841870 0.872872 0.953969 0.677548 0.822710 0.886234 0.659177 0.709005 0.566757 0.493753 0.604541 0.509332 0.373078 0.359171 0.580558 0.537415 0.544182 0.474528 0.975598 0.960466 0.779883 0.891860 0.839006 0.985121 0.604505 0.914404 0.974656 0.851313 0.818622 0.917119 0.996047 0.856102 0.661843 0.568258 0.926092 0.989305 0.835616 0.883541 0.925804 0.762694 0.880937 0.919044 0.818176 0.828685
0.486325 0.447842 0.789376 0.823268 0.886259 0.739968 0.515953 0.608434 0.825974 0.961125 0.525507 0.583271 0.553687 0.456364 0.690274 0.730310 0.000000 0.302430 0.354185 0.377533 0.860954 0.946222 0.827939 0.797545 0.939650 0.975445 0.906830 0.857601 0.470730 0.481028 0.856271 0.616103 0.414927 0.427248 0.792841 0.874258 0.700793 0.656861 0.964741 0.788508 0.669072 0.802797 0.406959 0.309114 0.627661 0.614971 0.547568 0.592620 0.723909 0.748117 0.827286 0.806974 0.983522 0.906755 0.727833 0.682042 0.281933 0.406521 0.626277 0.719159 0.696571 0.953193 0.332259 0.357794 0.865377 0.786429 0.589063 0.643083 0.593468 0.694429 0.498579 0.615956 0.777465 0.714534 0.852763 0.794268 0.587831 0.601501 0.494457 0.440179 0.274061 0.352833 0.586845 0.565469 0.720589 0.766367 0.914123 0.630570 0.840986 0.823406 0.738575 0.652249 0.731425 0.665147 0.756268 0.991204 0.618950 0.837402 0.594472 0.651061 0.972261 0.655147 0.597760 0.505369 0.698973 0.821802 0.898108 0.849569 0.919176 0.774004 0.930344 0.759112 0.799021 0.869561 0.783821 0.894540
0.428461 0.390799 0.816860 0.767334 0.936623 0.667208 0.528463 0.557714 0.972293 0.913690 0.414935 0.352910 0.592645 0.359251 0.667914 0.697871 0.302430 0.000000 0.332071 0.256729 0.781248 0.900529 0.861143 0.750916 0.945409 0.981137 0.875992 0.999190 0.472183 0.417477 0.975801 0.618951 0.445338 0.370342 0.763623 0.738770 0.737676 0.535698 0.902198 0.837493 0.689592 0.743541 0.452731 0.419055 0.643394 0.691880 0.566481 0.651736 0.769390 0.839911 0.984036 0.999683 0.781050 0.657887 0.733708 0.692576 0.205561 0.340395 0.631881 0.797583 0.725179 0.969011 0.409242 0.372315 0.853365 0.750864 0.556386 0.606841 0.572627 0.655645 0.566985 0.624184 0.831487 0.725034 0.844695 0.926197 0.700008 0.647916 0.454874 0.353050 0.226810 0.273031 0.632720 0.566793 0.701301 0.715674 0.801920 0.680593 0.821041 0.782485 0.669088 0.663646 0.564070 0.572495 0.821333 0.808522 0.526467 0.783585 0.574488 0.594759 0.982951 0.732530 0.535385 0.576451 0.603285 0.765848 0.960871 0.861754 0.926834 0.689621 0.891107 0.755320 0.884978 0.822306 0.908195 0.931783
0.331251 0.299538 0.541531 0.507687 0.798238 0.645939 0.349037 0.432708 0.834239 0.657392 0.536937 0.406843 0.326765 0.273092 0.468762 0.513295 0.354185 0.332071 0.000000 0.289272 0.770257 0.951836 0.595105 0.532941 0.727473 0.804521 0.677322 0.944267 0.694879 0.702584 0.994133 0.794570 0.437779 0.409002 0.582878 0.827072 0.582412 0.586482 0.694526 0.650804 0.646499 0.882570 0.584773 0.535835 0.813315 0.822097 0.509022 0.535727 0.917668 0.777017 0.995216 0.757059 0.899825 0.737116 0.523246 0.515916 0.294370 0.308844 0.482394 0.562545 0.511261 0.781958 0.440790 0.489684 0.563187 0.501201 0.362131 0.512140 0.494770 0.617116 0.451037 0.703189 0.799830 0.807615 0.910029 0.892799 0.627506 0.824922 0.513778 0.457620 0.295873 0.274329 0.635524 0.469067 0.455425 0.515294 0.657797 0.551616 0.654473 0.649361 0.740262 0.653737 0.609806 0.565365 0.730170 0.856605 0.434123 0.796292 0.719816 0.631695 0.800693 0.773882 0.821555 0.799693 0.573574 0.602177 0.954790 0.925725 0.835838 0.625348 0.996262 0.749643 0.892066 0.960250 0.744921 0.806046
0.340515 0.279423 0.557459 0.515887 0.827246 0.733556 0.387928 0.426354 0.823365 0.732097 0.513694 0.348770 0.395323 0.329394 0.523150 0.552421 0.377533 0.256729 0.289272 0.000000 0.683648 0.951946 0.626198 0.540823 0.691924 0.761816 0.660870 0.954545 0.691884 0.639395 0.890265 0.757317 0.366679 0.386919 0.629611 0.773576 0.533579 0.434974 0.706584 0.748709 0.670987 0.734186 0.528818 0.494237 0.789283 0.846837 0.505028 0.602275 0.928441 0.732286 0.984218 0.823831 0.852296 0.682138 0.553296 0.603955 0.225642 0.246599 0.494735 0.617459 0.523632 0.763965 0.459397 0.395997 0.583645 0.512905 0.397550 0.499846 0.390776 0.492093 0.467461 0.601217 0.758382 0.707217 0.833785 0.896639 0.555514 0.736725 0.506113 0.435921 0.266196 0.250790 0.581903 0.470687 0.457428 0.495257 0.661457 0.635310 0.635053 0.584332 0.749527 0.705201 0.586118 0.550889 0.770973 0.850431 0.462561 0.874307 0.738259 0.700298 0.874204 0.792507 0.695984 0.795651 0.501336 0.627177 0.961246 0.975345 0.873576 0.726204 0.946916 0.812125 0.994565 0.873436 0.810696 0.931483
0.581133 0.564312 0.567545 0.615167 0.820067 0.710198 0.728149 0.772358 0.913235 0.763673 0.811855 0.588298 0.635952 0.809746 0.686591 0.678740 0.860954 0.781248 0.770257 0.683648 0.000000 0.904073 0.730646 0.642519 0.611981 0.663968 0.823870 0.631350 0.996444 0.985819 0.844416 0.986710 0.677005 0.646629 0.579138 0.752084 0.622212 0.632835 0.571411 0.770110 0.776585 0.974714 0.994674 0.917244 0.958868 0.975486 0.752266 0.934109 0.967385 0.903979 0.970248 0.996788 0.762460 0.579394 0.615950 0.892125 0.681981 0.604867 0.608078 0.655824 0.496849 0.558951 0.800894 0.756343 0.541801 0.508498 0.641319 0.720989 0.544481 0.621928 0.941130 0.983605 0.820949 0.961183 0.942524 0.976433 0.862944 0.964808 0.998135 0.812188 0.727761 0.651910 0.658572 0.724891 0.558698 0.496724 0.702345 0.775493 0.609437 0.601077 0.773927 0.676478 0.968115 0.876271 0.840042 0.902920 0.817028 0.917135 0.837027 0.844588 0.735933 0.789316 0.935484 0.812911 0.940293 0.803978 0.964257 0.901795 0.979114 0.939932 0.932840 0.882508 0.873722 0.922176 0.858254 0.998972
0.944322 0.955693 0.811833 0.858570 0.904439 0.877764 0.869298 0.837399 0.947218 0.933154 0.881702 0.961693 0.870089 0.967464 0.830524 0.824130 0.946222 0.900529 0.951836 0.951946 0.904073 0.000000 0.917322 0.947092 0.955177 0.886439 0.938272 0.959413 0.819177 0.786414 0.909930 0.850150 0.980074 0.971107 0.900924 0.830700 0.858129 0.999494 0.866630 0.998400 0.937557 0.878944 0.949152 0.990776 0.949834 0.979959 0.887811 0.939802 0.934245 0.783902 0.777110 0.696155 0.688058 0.821950 0.752006 0.779617 0.953267 0.934448 0.829842 0.727192 0.834547 0.793054 0.893175 0.908412 0.898038 0.908629 0.935937 0.897591 0.971043 0.996683 0.937671 0.968906 0.866129 0.881373 0.900807 0.999544 0.975725 0.807319 0.966967 0.894257 0.983127 0.937400 0.931007 0.909774 0.907304 0.920976 0.901042 0.818060 0.906581 0.960638 0.929572 0.896500 0.998279 0.969810 0.937500 0.993503 0.804755 0.880001 0.943030 0.911288 0.847771 0.931839 0.984474 0.966080 0.921028 0.952794 0.994752 0.819146 0.994871 0.872635 0.894260 0.936736 0.958099 0.976728 0.699959 0.879696
0.633656 0.499133 0.329324 0.261486 0.558707 0.814694 0.455919 0.472388 0.728717 0.623034 0.862468 0.646043 0.322912 0.577580 0.304541 0.304214 0.827939 0.861143 0.595105 0.626198 0.730646 0.917322 0.000000 0.224173 0.327267 0.471100 0.433541 0.801457 0.923328 0.852069 0.637458 0.977800 0.612391 0.757410 0.584587 0.911986 0.423021 0.587602 0.558293 0.753870 0.747819 0.946139 0.828082 0.872956 0.915174 0.920162 0.667061 0.634165 0.773673 0.867671 0.927733 0.790797 0.995443 0.763438 0.597883 0.715670 0.689027 0.533401 0.650305 0.577710 0.429353 0.409680 0.808655 0.674076 0.280971 0.319842 0.499067 0.576076 0.568498 0.610175 0.598065 0.778120 0.813508 0.915831 0.984280 0.777008 0.803592 0.954796 0.713293 0.846510 0.737033 0.661700 0.646867 0.655658 0.285826 0.298323 0.531956 0.576278 0.454836 0.403494 0.988099 0.998062 0.797557 0.881089 0.686346 0.983173 0.695841 0.952754 0.931838 0.985902 0.628771 0.810336 0.847517 0.776054 0.600556 0.511777 0.908309 0.894361 0.882946 0.801215 0.981315 0.885924 0.973778 0.800716 0.772258 0.861206
0.514839 0.430812 0.326538 0.234425 0.617993 0.778695 0.470627 0.425082 0.758309 0.496623 0.978719 0.520520 0.328124 0.455795 0.341974 0.308162 0.797545 0.750916 0.532941 0.540823 0.642519 0.947092 0.224173 0.000000 0.304661 0.468526 0.406989 0.751765 0.925754 0.877048 0.758106 0.985970 0.594374 0.678993 0.503465 0.794864 0.429263 0.522492 0.461119 0.693810 0.742409 0.874685 0.928235 0.923410 0.842864 0.863021 0.621946 0.638992 0.731291 0.909982 0.795895 0.893349 0.828710 0.569704 0.465246 0.617332 0.599288 0.445630 0.600833 0.563475 0.443902 0.487415 0.801105 0.680197 0.287965 0.316889 0.507938 0.600605 0.475723 0.561115 0.695194 0.877316 0.929038 0.988764 0.977550 0.919034 0.823005 0.997510 0.707553 0.783051 0.618785 0.513375 0.578508 0.473642 0.253531 0.235355 0.521063 0.538571 0.372116 0.310005 0.927972 0.936316 0.811901 0.915071 0.739023 0.926064 0.646348 0.930233 0.900337 0.967627 0.602783 0.800880 0.823859 0.753907 0.633451 0.564503 0.952632 0.984528 0.997156 0.866470 0.919109 0.935913 0.889893 0.755921 0.882548 0.902055
0.496095 0.468468 0.276791 0.284586 0.587686 0.900013 0.541436 0.580840 0.691412 0.520125 0.916093 0.687304 0.396420 0.732253 0.500964 0.459276 0.939650 0.945409 0.727473 0.691924 0.611981 0.955177 0.327267 0.304661 0.000000 0.260461 0.469905 0.662146 0.672623 0.621534 0.667937 0.833079 0.599633 0.738477 0.439100 0.830494 0.341312 0.582686 0.425520 0.611785 0.704536 0.972557 0.969828 0.991861 0.815550 0.866376 0.650826 0.629552 0.768925 0.833610 0.961605 0.794074 0.894355 0.614568 0.393671 0.617635 0.742765 0.532263 0.502808 0.435637 0.369694 0.419007 0.919287 0.810866 0.223025 0.291541 0.513385 0.605214 0.380210 0.378245 0.903213 0.992158 0.837085 0.902087 0.942236 0.987301 0.903600 0.830367 0.866346 0.949580 0.800750 0.653434 0.591936 0.526107 0.238441 0.224799 0.564657 0.659065 0.291416 0.273716 0.796053 0.714185 0.934604 0.931826 0.696415 0.979523 0.782406 0.995387 0.717486 0.706076 0.528380 0.645275 0.656431 0.648865 0.733362 0.611006 0.847199 0.948214 0.934244 0.927735 0.852230 0.914086 0.820576 0.713148 0.834961 0.897309
0.580461 0.565626 0.315231 0.394997 0.622118 0.882741 0.531423 0.572605 0.586636 0.675308 0.917667 0.852127 0.535584 0.822947 0.629261 0.633019 0.975445 0.981137 0.804521 0.761816 0.663968 0.886439 0.471100 0.468526 0.260461 0.000000 0.576142 0.684096 0.653338 0.604013 0.616495 0.889009 0.612714 0.762437 0.522150 0.808278 0.421781 0.632761 0.476251 0.613636 0.799078 0.940271 0.988266 0.987526 0.942615 0.968874 0.647413 0.694675 0.851934 0.767628 0.889916 0.689941 0.954543 0.799336 0.408538 0.642671 0.803082 0.625735 0.527962 0.496580 0.402297 0.450499 0.959113 0.911176 0.301199 0.344980 0.487376 0.552075 0.451200 0.461970 0.922238 0.945274 0.773166 0.897879 0.858702 0.962862 0.951373 0.785194 0.932202 0.962241 0.914122 0.787982 0.630848 0.681414 0.340312 0.319322 0.691713 0.752223 0.386305 0.404978 0.850668 0.701609 0.990519 0.926165 0.729199 0.992428 0.870371 0.978842 0.766652 0.746247 0.640561 0.722606 0.700059 0.635808 0.805158 0.655855 0.871034 0.957748 0.911093 0.865071 0.975657 0.933820 0.794503 0.824888 0.829185 0.852604
0.691109 0.636855 0.548497 0.450109 0.717957 0.830363 0.700675 0.662061 0.875879 0.558109 0.901383 0.663468 0.558568 0.627837 0.625018 0.550125 0.906830 0.875992 0.677322 0.660870 0.823870 0.938272 0.433541 0.406989 0.469905 0.576142 0.000000 0.781586 0.814852 0.820865 0.908059 0.930806 0.791950 0.907213 0.703456 0.834228 0.629642 0.641975 0.697972 0.816281 0.889370 0.964260 0.963539 0.937806 0.666803 0.688810 0.847974 0.888951 0.567226 0.946679 0.751887 0.991677 0.749802 0.647410 0.699302 0.833991 0.769317 0.692738 0.830078 0.721204 0.714719 0.731634 0.982242 0.909273 0.490274 0.517166 0.688344 0.791770 0.632955 0.673559 0.801667 0.919955 0.900594 0.964364 0.840193 0.949426 0.923543 0.847729 0.805112 0.900954 0.844885 0.721299 0.785520 0.738193 0.497209 0.460460 0.697040 0.787006 0.616376 0.539180 0.989563 0.984005 0.869168 0.872259 0.935159 0.994727 0.874682 0.933489 0.851224 0.907898 0.665558 0.857270 0.826387 0.783875 0.741906 0.736021 0.969515 0.983922 0.914482 0.860964 0.960889 0.895236 0.831889 0.738768 0.934011 0.804117
0.749119 0.787441 0.728705 0.770613 0.799420 0.789314 0.864075 0.908335 0.956219 0.817854 0.905302 0.987689 0.763748 0.987520 0.815478 0.813446 0.857601 0.999190 0.944267 0.954545 0.631350 0.959413 0.801457 0.751765 0.662146 0.684096 0.781586 0.000000 0.982361 0.834730 0.768848 0.937056 0.854741 0.957261 0.822315 0.747930 0.749652 0.928823 0.751815 0.840023 0.880780 0.918439 0.934422 0.902361 0.879199 0.992460 0.830426 0.820682 0.922660 0.953593 0.949005 0.922677 0.942281 0.816466 0.755084 0.944595 0.859980 0.810608 0.736441 0.680460 0.796019 0.848091 0.943611 0.959095 0.726015 0.769612 0.856489 0.996272 0.730279 0.632520 0.892194 0.861423 0.955185 0.877073 0.906752 0.963777 0.824536 0.942036 0.952118 0.985554 0.915485 0.880686 0.824838 0.897417 0.739455 0.713864 0.967028 0.982136 0.759450 0.699656 0.833917 0.821803 0.861586 0.875900 0.805557 0.806728 0.905798 0.879087 0.836045 0.791992 0.700913 0.815937 0.827689 0.837104 0.965000 0.999132 0.792006 0.967320 0.878871 0.849080 0.782299 0.868560 0.986390 0.900852 0.939489 0.861874
0.964279 0.866646 0.794035 0.831844 0.966801 0.747174 0.858434 0.869018 0.987538 0.687083 0.691946 0.744128 0.988111 0.719583 0.889908 0.959082 0.470730 0.472183 0.694879 0.691884 0.996444 0.819177 0.923328 0.925754 0.672623 0.653338 0.814852 0.982361 0.000000 0.242589 0.861750 0.415099 0.730796 0.641158 0.884111 0.913977 0.920523 0.916225 0.732797 0.923391 0.956250 0.793337 0.447962 0.464346 0.531417 0.614865 0.912604 0.879663 0.780186 0.929660 0.967615 0.840942 0.960756 0.977831 0.824014 0.922500 0.551351 0.832512 0.930103 0.763380 0.945912 0.880465 0.566855 0.538068 0.742403 0.878244 0.935685 0.875040 0.894261 0.796358 0.641677 0.611731 0.940431 0.797967 0.918510 0.848456 0.836944 0.445434 0.576409 0.509483 0.544857 0.755165 0.941331 0.970458 0.839250 0.836140 0.930675 0.932907 0.763887 0.726651 0.759547 0.713328 0.834083 0.875236 0.886303 0.967296 0.738661 0.996287 0.596489 0.552964 0.744654 0.612265 0.516779 0.422124 0.841795 0.997914 0.922879 0.924047 0.924347 0.888684 0.813206 0.734840 0.734173 0.784665 0.995183 0.978934
0.943469 0.836244 0.764162 0.791441 0.882036 0.770028 0.938036 0.919724 0.930319 0.732609 0.579062 0.677405 0.954644 0.667966 0.968766 0.991175 0.481028 0.417477 0.702584 0.639395 0.985819 0.786414 0.852069 0.877048 0.621534 0.604013 0.820865 0.834730 0.242589 0.000000 0.988469 0.460915 0.775930 0.662844 0.872696 0.859083 0.865936 0.877948 0.689855 0.930169 0.921309 0.835358 0.517347 0.518489 0.580024 0.696009 0.940324 0.987332 0.761753 0.933304 0.970253 0.774212 0.927813 0.909722 0.763501 0.879382 0.534805 0.810238 0.919820 0.788327 0.912629 0.833620 0.592370 0.537844 0.696575 0.846944 0.957405 0.900816 0.932775 0.838958 0.725075 0.671103 0.876853 0.762684 0.981711 0.826088 0.933036 0.478048 0.626431 0.495134 0.532834 0.707744 0.914893 0.959306 0.800690 0.803674 0.944250 0.890912 0.717656 0.736490 0.773009 0.733867 0.832504 0.830510 0.953552 0.973493 0.804842 0.927018 0.594730 0.612219 0.738062 0.685821 0.458515 0.441555 0.867015 0.972078 0.844217 0.834707 0.964037 0.891788 0.781361 0.816403 0.842409 0.800541 0.962118 0.971771
0.984008 0.918536 0.709141 0.801017 0.776997 0.880954 0.743223 0.839441 0.627700 0.977650 0.759743 0.908921 0.813459 0.975117 0.695779 0.754966 0.856271 0.975801 0.994133 0.890265 0.844416 0.909930 0.637458 0.758106 0.667937 0.616495 0.908059 0.768848 0.861750 0.988469 0.000000 0.678469 0.647977 0.873765 0.864203 0.998142 0.700151 0.813909 0.791328 0.903455 0.883398 0.832486 0.732639 0.727604 0.825986 0.862810 0.903761 0.909301 0.933782 0.915359 0.866797 0.903590 0.792768 0.929749 0.893208 0.986870 0.871333 0.891098 0.918421 0.912658 0.693224 0.622138 0.887617 0.736340 0.732844 0.737664 0.864310 0.747577 0.823437 0.879760 0.787520 0.790456 0.711791 0.789160 0.923066 0.783463 0.864220 0.672708 0.812229 0.914859 0.936871 0.998686 0.837804 0.968863 0.760516 0.750797 0.973161 0.927348 0.789337 0.852250 0.776354 0.729458 0.776255 0.712619 0.877429 0.830853 0.982581 0.777459 0.861743 0.900868 0.891451 0.924347 0.967838 0.989569 0.853987 0.896480 0.849200 0.967500 0.936091 0.970724 0.900648 0.990108 0.959601 0.982696 0.906133 0.990166
0.955432 0.917632 0.865477 0.962095 0.968133 0.872698 0.844929 0.755946 0.974264 0.734065 0.868157 0.813893 0.960096 0.746978 0.835753 0.849104 0.616103 0.618951 0.794570 0.757317 0.986710 0.850150 0.977800 0.985970 0.833079 0.889009 0.930806 0.937056 0.415099 0.460915 0.678469 0.000000 0.709868 0.681393 0.850587 0.874195 0.992729 0.885629 0.877833 0.939259 0.954939 0.780554 0.493654 0.468905 0.636921 0.680698 0.852258 0.956341 0.863318 0.963190 0.987797 0.875950 0.959248 0.989833 0.941587 0.930787 0.625753 0.849786 0.893360 0.792212 0.971964 0.999731 0.735280 0.623821 0.822006 0.962505 0.969350 0.867470 0.883398 0.789907 0.772216 0.710288 0.996161 0.893885 0.979659 0.840617 0.903114 0.542578 0.667132 0.728586 0.611833 0.798757 0.857611 0.848800 0.924961 0.944230 0.884515 0.877716 0.874486 0.898711 0.730949 0.874325 0.869559 0.967940 0.973163 0.946336 0.907989 0.887986 0.618871 0.567975 0.730374 0.731861 0.551976 0.605934 0.905318 0.991310 0.945030 0.937106 0.848621 0.908208 0.791989 0.763366 0.822407 0.846061 0.947920 0.950883
0.410542 0.342536 0.473375 0.529998 0.796815 0.769030 0.312163 0.436238 0.586791 0.850020 0.658189 0.534460 0.428081 0.513103 0.490097 0.554644 0.414927 0.445338 0.437779 0.366679 0.677005 0.980074 0.612391 0.594374 0.599633 0.612714 0.791950 0.854741 0.730796 0.775930 0.647977 0.709868 0.000000 0.350198 0.572024 0.880207 0.485045 0.490613 0.647427 0.768845 0.618142 0.726512 0.440650 0.404535 0.596609 0.616411 0.442999 0.524512 0.791924 0.667654 0.801703 0.739503 0.933524 0.812307 0.500640 0.559391 0.340543 0.335009 0.473961 0.624334 0.401794 0.599944 0.388230 0.424988 0.522972 0.467565 0.373214 0.377669 0.444382 0.561418 0.514338 0.680876 0.728814 0.682073 0.792848 0.761732 0.553390 0.764351 0.480030 0.569421 0.379053 0.408644 0.532799 0.508713 0.438844 0.458066 0.756113 0.581468 0.567546 0.591081 0.832749 0.937123 0.720679 0.796542 0.737967 0.990570 0.636650 0.906263 0.771111 0.786402 0.868158 0.848644 0.846486 0.761019 0.595157 0.649242 0.916877 0.933113 0.889770 0.783010 0.886707 0.725951 0.888937 0.860426 0.751779 0.938437
0.400171 0.383753 0.592984 0.635167 0.767346 0.687692 0.364983 0.465526 0.790241 0.955312 0.481888 0.454725 0.515175 0.477646 0.564002 0.615475 0.427248 0.370342 0.409002 0.386919 0.646629 0.971107 0.757410 0.678993 0.738477 0.762437 0.907213 0.957261 0.641158 0.662844 0.873765 0.681393 0.350198 0.000000 0.553105 0.772987 0.580453 0.526453 0.736380 0.785977 0.594030 0.803402 0.544399 0.453135 0.559811 0.588229 0.473516 0.560052 0.711859 0.735477 0.838188 0.837426 0.989188 0.732687 0.517732 0.518922 0.335063 0.346491 0.480523 0.624435 0.430206 0.625112 0.388976 0.377014 0.630429 0.551340 0.422377 0.440229 0.502633 0.594080 0.660821 0.759051 0.743779 0.602532 0.895258 0.904126 0.754426 0.731255 0.644782 0.567529 0.311383 0.358744 0.483217 0.452282 0.522174 0.557336 0.676776 0.618861 0.614929 0.719831 0.878555 0.977494 0.754915 0.802468 0.837172 0.928430 0.526888 0.939695 0.702390 0.776992 0.972787 0.827121 0.832422 0.750224 0.616961 0.687210 0.946452 0.876989 0.852430 0.755377 0.918178 0.764024 0.922381 0.936568 0.823922 0.919676
0.449028 0.426589 0.369544 0.442922 0.825648 0.899139 0.459624 0.522952 0.674248 0.692196 0.861700 0.614064 0.498666 0.581116 0.627306 0.628070 0.792841 0.763623 0.582878 0.629611 0.579138 0.900924 0.584587 0.503465 0.439100 0.522150 0.703456 0.822315 0.884111 0.872696 0.864203 0.850587 0.572024 0.553105 0.000000 0.896693 0.519919 0.501761 0.447536 0.672158 0.841428 0.935219 0.937781 0.876012 0.892524 0.908637 0.615702 0.641130 0.988428 0.785265 0.900428 0.769073 0.900254 0.688647 0.415427 0.462463 0.654693 0.498991 0.418385 0.498820 0.339801 0.443576 0.752571 0.690902 0.352486 0.342372 0.373525 0.463605 0.489522 0.548662 0.818057 0.939621 0.770433 0.859627 0.997175 0.992376 0.860660 0.951318 0.754530 0.803487 0.682389 0.561594 0.523388 0.568664 0.363669 0.359799 0.701451 0.683773 0.405532 0.478552 0.786329 0.725081 0.937744 0.994319 0.752819 0.985431 0.705148 0.845444 0.860262 0.849080 0.572255 0.801138 0.772201 0.812174 0.711777 0.738425 0.828674 0.909068 0.919762 0.908336 0.866737 0.982224 0.851751 0.859713 0.759305 0.959960
0.781956 0.805099 0.892670 0.835491 0.823870 0.656020 0.832938 0.755678 0.885420 0.974590 0.816192 0.658636 0.887032 0.748747 0.844262 0.864795 0.874258 0.738770 0.827072 0.773576 0.752084 0.830700 0.911986 0.794864 0.830494 0.808278 0.834228 0.747930 0.913977 0.859083 0.998142 0.874195 0.880207 0.772987 0.896693 0.000000 0.939039 0.736324 0.849106 0.862917 0.905680 0.821247 0.938375 0.895577 0.971441 0.980405 0.888155 0.899995 0.922623 0.825795 0.785787 0.805262 0.713776 0.606753 0.839516 0.965322 0.759834 0.805691 0.946382 0.939488 0.882507 0.900624 0.909126 0.975807 0.834597 0.772032 0.886585 0.870021 0.836130 0.760709 0.966951 0.989197 0.997263 0.999914 0.882206 0.999289 0.921354 0.994694 0.938264 0.791236 0.781808 0.784033 0.858626 0.886782 0.829580 0.782670 0.900001 0.932287 0.901297 0.849283 0.863265 0.920536 0.916310 0.992647 0.959791 0.961971 0.878471 0.981450 0.966419 0.975742 0.961155 0.982039 0.951715 0.936431 0.860436 0.869795 0.967377 0.854739 0.911762 0.899370 0.983369 0.911508 0.883037 0.762753 0.776902 0.893264
0.406851 0.391484 0.325845 0.380799 0.707193 0.861650 0.424480 0.507829 0.694931 0.575261 0.859188 0.610355 0.333292 0.641447 0.483143 0.481471 0.700793 0.737676 0.582412 0.533579 0.622212 0.858129 0.423021 0.429263 0.341312 0.421781 0.629642 0.749652 0.920523 0.865936 0.700151 0.992729 0.485045 0.580453 0.519919 0.939039 0.000000 0.576906 0.587576 0.734695 0.620754 0.926824 0.870673 0.774810 0.985861 0.948895 0.566636 0.523045 0.916236 0.662885 0.911619 0.683934 0.948113 0.795612 0.369575 0.594696 0.554380 0.385963 0.406703 0.457105 0.329868 0.486367 0.627111 0.572466 0.331701 0.355326 0.449166 0.559490 0.334689 0.376905 0.748681 0.848940 0.751555 0.684587 0.835866 0.949877 0.769803 0.969564 0.719469 0.754871 0.570837 0.464969 0.529341 0.453566 0.278752 0.303597 0.643607 0.522644 0.385503 0.405490 0.831558 0.867591 0.953064 0.914178 0.680031 0.887865 0.668584 0.904358 0.893004 0.869024 0.570197 0.817430 0.891418 0.841465 0.681439 0.631939 0.971396 0.902087 0.916604 0.798257 0.856131 0.984793 0.879880 0.925727 0.765360 0.958836
0.539392 0.446835 0.503720 0.503473 0.854955 0.851716 0.489453 0.494040 0.722370 0.927375 0.830499 0.487204 0.576360 0.501470 0.550301 0.621761 0.656861 0.535698 0.586482 0.434974 0.632835 0.999494 0.587602 0.522492 0.582686 0.632761 0.641975 0.928823 0.916225 0.877948 0.813909 0.885629 0.490613 0.526453 0.501761 0.736324 0.576906 0.000000 0.665278 0.699349 0.861593 0.603774 0.726673 0.731395 0.780541 0.837427 0.612460 0.708916 0.954067 0.796642 0.913654 0.848286 0.820808 0.688790 0.588897 0.682813 0.490417 0.445138 0.626972 0.723430 0.518408 0.570589 0.705064 0.518139 0.524467 0.499411 0.512980 0.507088 0.536044 0.560638 0.662880 0.676201 0.754350 0.767782 0.936633 0.957856 0.676217 0.841802 0.664971 0.680839 0.557734 0.525519 0.700940 0.663696 0.490637 0.477431 0.747120 0.702825 0.590740 0.587107 0.911828 0.952142 0.766702 0.783571 0.983284 0.926169 0.722781 0.809795 0.818390 0.878604 0.824130 0.920771 0.849618 0.918420 0.574387 0.711153 0.819246 0.996190 0.968922 0.858138 0.902046 0.913549 0.880056 0.985062 0.853635 0.950824
