0.000000 0.124629 0.197610 0.195424 0.622768 0.498069 0.165277 0.141027 0.354623 0.273037 0.172190 0.114821 0.127919 0.214570 0.204605 0.230915 0.115583 0.112975 0.114424 0.128578 0.408877 0.759048 0.223762 0.383197 0.593540 0.523382 0.930780 0.969198 0.160514 0.129608 0.208144 0.278785 0.130599 0.141282 0.407086 0.564090 0.348064 0.439118 0.679802 0.667154 0.690404 0.510063 0.190334 0.169552 0.208293 0.161568 0.185231 0.173733 0.598478 0.275967 0.337650 0.250745 0.392814 0.397970 0.405513 0.443555 0.144342 0.132317 0.126732 0.153028 0.108464 0.169839 0.115089 0.119634 0.318329 0.216050 0.189950 0.165401 0.278268 0.181297 0.233802 0.230317 0.319689 0.309826 0.565614 0.552583 0.295914 0.263731 0.142001 0.173964 0.098006 0.132840 0.390421 0.276329 0.210657 0.355865 0.943068 0.964272 0.373273 0.457818 0.492292 0.553407 0.488018 0.643687 0.392815 0.423775 0.282960 0.475985 0.225570 0.214716 0.520192 0.546208 0.273915 0.291631 0.292693 0.286972 0.719609 0.524544 0.564410 0.323040 0.625955 0.349832 0.289611 0.411057 0.449066 0.930348
0.124629 0.000000 0.233796 0.218263 0.624088 0.513835 0.189690 0.152951 0.415920 0.297854 0.206061 0.122426 0.142771 0.194288 0.216064 0.237395 0.130512 0.114282 0.120747 0.139249 0.388004 0.748887 0.230030 0.378294 0.590575 0.540291 0.936954 0.982430 0.141465 0.145230 0.214984 0.275663 0.139874 0.162747 0.453286 0.553798 0.333805 0.481383 0.681453 0.639780 0.754872 0.406605 0.174981 0.159099 0.204418 0.170708 0.191894 0.151113 0.550720 0.302049 0.345330 0.272700 0.436463 0.415245 0.418489 0.462176 0.117239 0.101238 0.119531 0.152530 0.127263 0.189179 0.124489 0.112060 0.363278 0.266552 0.208885 0.175266 0.289385 0.163080 0.245350 0.239933 0.402803 0.400263 0.601830 0.588763 0.295977 0.301951 0.187118 0.205076 0.113284 0.138221 0.357982 0.243960 0.214682 0.339175 0.978016 0.920591 0.396474 0.440918 0.556052 0.603154 0.532277 0.707570 0.313753 0.469392 0.291034 0.371779 0.261220 0.223821 0.552141 0.584878 0.304916 0.248310 0.284585 0.267235 0.784575 0.572433 0.560587 0.327748 0.610824 0.343516 0.342816 0.354727 0.421610 0.876574
0.197610 0.233796 0.000000 0.112631 0.627749 0.469426 0.142051 0.169825 0.306932 0.333050 0.247442 0.222352 0.216705 0.324326 0.292499 0.296042 0.265555 0.213783 0.181524 0.184555 0.357926 0.743429 0.212508 0.322028 0.422713 0.332591 0.963221 0.937169 0.275199 0.228224 0.162338 0.260851 0.155078 0.199153 0.430206 0.635686 0.323348 0.507615 0.603737 0.675844 0.764710 0.560324 0.193673 0.193420 0.280086 0.270764 0.246645 0.251887 0.711909 0.376170 0.432151 0.353705 0.454082 0.396007 0.431560 0.520775 0.301280 0.289175 0.281399 0.293592 0.177480 0.236599 0.276493 0.273610 0.189363 0.145320 0.179209 0.179787 0.306572 0.241754 0.225296 0.269740 0.289396 0.252997 0.642795 0.620200 0.288929 0.281716 0.252609 0.282632 0.216397 0.200174 0.447514 0.308120 0.263480 0.312971 0.913273 0.955558 0.429613 0.443288 0.427037 0.491309 0.431924 0.538960 0.384449 0.535297 0.368828 0.537769 0.309410 0.296613 0.494807 0.465248 0.405931 0.298933 0.312379 0.356977 0.796288 0.549674 0.618534 0.438090 0.673642 0.453635 0.340410 0.508778 0.469196 0.918570
0.195424 0.218263 0.112631 0.000000 0.658102 0.416583 0.137260 0.131634 0.321286 0.278400 0.286065 0.187332 0.203352 0.273072 0.255788 0.243283 0.247316 0.203429 0.178657 0.189698 0.342025 0.714702 0.178438 0.300627 0.410831 0.325977 0.946026 0.888625 0.246504 0.204826 0.157323 0.235725 0.129695 0.166649 0.364067 0.599336 0.296335 0.492836 0.549175 0.694399 0.734245 0.491093 0.156942 0.173784 0.230561 0.228427 0.196806 0.219978 0.627617 0.326726 0.391993 0.304968 0.444874 0.388041 0.406084 0.483165 0.282200 0.259944 0.242707 0.263372 0.176558 0.207791 0.259699 0.230568 0.204852 0.146868 0.150078 0.134412 0.328325 0.237728 0.188464 0.256512 0.319570 0.351380 0.593185 0.617605 0.259221 0.279395 0.223535 0.285979 0.183011 0.160580 0.394307 0.244767 0.228879 0.259458 0.935978 0.970396 0.426009 0.399340 0.393775 0.462704 0.382232 0.515909 0.346549 0.496080 0.331690 0.482649 0.263251 0.244810 0.476163 0.450373 0.335266 0.269599 0.260294 0.308237 0.840511 0.563706 0.632355 0.422703 0.604262 0.381724 0.320017 0.426287 0.463349 0.958518
0.622768 0.624088 0.627749 0.658102 0.000000 0.730638 0.617980 0.615979 0.765742 0.692587 0.697664 0.662154 0.560835 0.658372 0.621284 0.604158 0.675003 0.675337 0.617824 0.710014 0.656386 0.745071 0.612026 0.683375 0.933750 0.911661 0.855433 0.938602 0.661803 0.695471 0.737894 0.829859 0.633302 0.681394 0.809750 0.819299 0.860316 0.781858 0.876787 0.859035 0.759814 0.716132 0.581636 0.631676 0.630695 0.628159 0.586837 0.645809 0.801215 0.661881 0.559288 0.580547 0.714505 0.559563 0.776556 0.706641 0.648092 0.705387 0.650331 0.705126 0.583535 0.597106 0.604908 0.607424 0.641507 0.630969 0.595596 0.644454 0.808337 0.701809 0.486299 0.609701 0.768490 0.740043 0.974081 0.697298 0.716735 0.742991 0.730449 0.708850 0.639415 0.673058 0.578430 0.677589 0.566766 0.620840 0.916504 0.925128 0.812652 0.705320 0.646403 0.645773 0.684522 0.719461 0.889441 0.751297 0.742897 0.728351 0.652603 0.632244 0.742741 0.804656 0.610763 0.704428 0.571054 0.677313 0.784399 0.596126 0.775632 0.887132 0.799771 0.745758 0.688414 0.680502 0.670779 0.950492
0.498069 0.513835 0.469426 0.416583 0.730638 0.000000 0.386409 0.372819 0.530694 0.429228 0.566379 0.505606 0.511146 0.608575 0.595944 0.532759 0.560008 0.513641 0.498387 0.549409 0.611977 0.960046 0.530725 0.641457 0.774962 0.592911 0.931523 0.843082 0.557678 0.560420 0.515677 0.618543 0.483827 0.496897 0.508741 0.763672 0.635115 0.888036 0.837046 0.944020 0.717726 0.602984 0.376169 0.469094 0.414502 0.437249 0.410777 0.453965 0.742763 0.564032 0.540102 0.488161 0.586334 0.518755 0.655896 0.697903 0.611553 0.593111 0.529252 0.557772 0.508954 0.548732 0.515890 0.534913 0.615101 0.488879 0.356969 0.399919 0.674487 0.510190 0.379221 0.407469 0.632176 0.680468 0.654087 0.711986 0.451361 0.516448 0.438848 0.643723 0.442394 0.465258 0.686138 0.501366 0.531856 0.630367 0.920259 0.934137 0.792194 0.688772 0.332476 0.413772 0.313336 0.473832 0.572782 0.664855 0.440805 0.736624 0.438689 0.455363 0.492647 0.471029 0.568381 0.530022 0.437162 0.605552 0.937315 0.635618 0.799239 0.697341 0.678383 0.553894 0.455446 0.564982 0.627968 0.888221
0.165277 0.189690 0.142051 0.137260 0.617980 0.386409 0.000000 0.101153 0.291128 0.202452 0.210387 0.191278 0.201998 0.317804 0.302324 0.316798 0.188756 0.155137 0.138791 0.176875 0.358688 0.717105 0.276718 0.437251 0.627244 0.497703 0.885906 0.979754 0.245905 0.205699 0.218608 0.303066 0.143459 0.143429 0.456401 0.626524 0.394621 0.526209 0.682767 0.709606 0.690018 0.493320 0.142690 0.115071 0.167929 0.179340 0.219215 0.206418 0.675733 0.370567 0.380586 0.321303 0.474284 0.353862 0.417940 0.563138 0.207262 0.225057 0.213063 0.284554 0.154221 0.247523 0.219143 0.224053 0.296185 0.188329 0.114247 0.124704 0.309451 0.233522 0.192294 0.185013 0.297896 0.284371 0.592300 0.544963 0.255200 0.233870 0.243791 0.272690 0.167625 0.177597 0.452263 0.306586 0.302513 0.406806 0.923023 0.876909 0.464108 0.540197 0.343011 0.378151 0.336912 0.415811 0.346498 0.465468 0.291690 0.478295 0.212495 0.207685 0.422307 0.347279 0.332858 0.229958 0.275540 0.313437 0.848679 0.507500 0.607486 0.395522 0.562514 0.338003 0.238077 0.370982 0.459444 0.908130
0.141027 0.152951 0.169825 0.131634 0.615979 0.372819 0.101153 0.000000 0.329200 0.181602 0.231304 0.139227 0.166336 0.246875 0.242997 0.256461 0.164789 0.141936 0.157096 0.169962 0.377012 0.744589 0.237214 0.404603 0.621269 0.494413 0.881019 0.932834 0.202875 0.178065 0.234492 0.304604 0.121132 0.132391 0.390205 0.569206 0.345275 0.461396 0.680280 0.679497 0.650817 0.441617 0.129231 0.140142 0.145876 0.153196 0.189932 0.190265 0.554276 0.304092 0.317178 0.259652 0.412548 0.358164 0.402902 0.478206 0.183920 0.176524 0.168862 0.219114 0.129792 0.164504 0.179041 0.146407 0.283121 0.186403 0.115942 0.114653 0.355700 0.199096 0.205155 0.218090 0.361636 0.379611 0.597648 0.555386 0.251300 0.232726 0.180088 0.282871 0.134898 0.157010 0.422397 0.264536 0.234405 0.348419 0.999748 0.889269 0.430158 0.418879 0.315423 0.362063 0.305774 0.440777 0.294128 0.387993 0.242228 0.407111 0.163425 0.152525 0.367928 0.393124 0.255347 0.195264 0.210159 0.264742 0.822058 0.456291 0.589609 0.357557 0.528438 0.302632 0.236580 0.344505 0.425898 0.910424
0.354623 0.415920 0.306932 0.321286 0.765742 0.530694 0.291128 0.329200 0.000000 0.351330 0.353023 0.343223 0.348176 0.453518 0.421597 0.406161 0.407750 0.377141 0.362189 0.342799 0.543166 0.846476 0.381210 0.532720 0.690065 0.560464 0.901921 0.953951 0.422342 0.372963 0.367074 0.443813 0.342755 0.352576 0.561731 0.693417 0.448237 0.502213 0.814826 0.745779 0.858271 0.725713 0.368003 0.336075 0.396509 0.384935 0.374822 0.395991 0.795969 0.498181 0.470844 0.435516 0.549323 0.472524 0.564289 0.607560 0.419163 0.441295 0.394979 0.443858 0.306952 0.373987 0.388277 0.421460 0.344608 0.329634 0.337862 0.339679 0.407482 0.417763 0.367405 0.455752 0.362610 0.334624 0.662823 0.529659 0.412550 0.375387 0.432126 0.399453 0.388436 0.400174 0.565171 0.517372 0.446249 0.542962 0.900606 0.899003 0.582529 0.643249 0.500951 0.494898 0.485408 0.516532 0.535157 0.487474 0.512781 0.757093 0.355802 0.382302 0.518597 0.425421 0.471479 0.381196 0.452639 0.489077 0.775996 0.557207 0.671072 0.564031 0.598689 0.554478 0.414912 0.610619 0.506245 0.927473
0.273037 0.297854 0.333050 0.278400 0.692587 0.429228 0.202452 0.181602 0.351330 0.000000 0.288482 0.248132 0.306379 0.373869 0.366105 0.389535 0.258149 0.252266 0.291168 0.311994 0.528859 0.786606 0.409963 0.577865 0.826783 0.625285 0.921528 0.983223 0.313878 0.278049 0.387964 0.416527 0.236950 0.239797 0.449756 0.683333 0.464341 0.523483 0.785103 0.751799 0.774108 0.454392 0.262896 0.271765 0.266387 0.282944 0.379848 0.337711 0.645963 0.443048 0.434020 0.369648 0.559626 0.456341 0.525501 0.580262 0.300095 0.312612 0.272425 0.341672 0.256461 0.272880 0.304537 0.270917 0.416277 0.285953 0.256587 0.252513 0.414804 0.269596 0.341515 0.311242 0.380164 0.414744 0.581000 0.512886 0.336185 0.276554 0.322340 0.371112 0.251858 0.297028 0.573361 0.362408 0.430945 0.554774 0.980905 0.812622 0.549472 0.597514 0.365171 0.359812 0.352128 0.418654 0.423597 0.406203 0.350511 0.498831 0.197333 0.223382 0.395570 0.316678 0.337564 0.243403 0.339622 0.366153 0.873315 0.493616 0.694103 0.481835 0.564637 0.380240 0.286258 0.381993 0.506685 0.924431
0.172190 0.206061 0.247442 0.286065 0.697664 0.566379 0.210387 0.231304 0.353023 0.288482 0.000000 0.160842 0.182247 0.260201 0.273688 0.301861 0.138047 0.126505 0.139494 0.148519 0.428357 0.760721 0.328134 0.424296 0.689599 0.556184 0.972359 0.986479 0.179523 0.134096 0.241952 0.252372 0.200333 0.177376 0.570008 0.640941 0.465083 0.546731 0.759304 0.633472 0.718850 0.580399 0.301496 0.237614 0.359861 0.321323 0.326286 0.287928 0.852864 0.496138 0.547814 0.470706 0.574530 0.535390 0.516123 0.662794 0.173234 0.202266 0.254223 0.310435 0.173698 0.277903 0.162347 0.199871 0.394011 0.272016 0.295319 0.284463 0.270468 0.270173 0.336998 0.316032 0.356882 0.307772 0.656189 0.566185 0.363967 0.281222 0.250337 0.198760 0.173741 0.213569 0.391738 0.318588 0.379424 0.500497 0.847966 0.923777 0.508891 0.640818 0.618531 0.666705 0.638874 0.712972 0.446068 0.541298 0.428517 0.602844 0.385816 0.325608 0.609652 0.533884 0.382538 0.271490 0.458439 0.415721 0.834533 0.627580 0.733869 0.426553 0.665400 0.458580 0.382816 0.459487 0.524703 0.974607
0.114821 0.122426 0.222352 0.187332 0.662154 0.505606 0.191278 0.139227 0.343223 0.248132 0.160842 0.000000 0.103196 0.133777 0.148585 0.160639 0.109657 0.100412 0.120684 0.134141 0.416052 0.743736 0.189950 0.329108 0.596645 0.518838 0.983318 0.931149 0.113264 0.098172 0.204468 0.237083 0.122420 0.154054 0.420005 0.554898 0.353847 0.431936 0.663127 0.633120 0.699639 0.456907 0.201385 0.192665 0.245601 0.211420 0.217429 0.193251 0.621926 0.346037 0.387968 0.310101 0.473717 0.458994 0.449434 0.506916 0.131348 0.136249 0.145877 0.184887 0.105119 0.148310 0.098761 0.089195 0.312025 0.214482 0.215653 0.192153 0.302538 0.188319 0.246587 0.265601 0.369490 0.377436 0.586039 0.555511 0.279715 0.242503 0.153405 0.204561 0.113076 0.162412 0.320377 0.248572 0.219527 0.339187 0.942818 0.918060 0.398895 0.469068 0.549746 0.603765 0.534987 0.710952 0.345128 0.443692 0.351318 0.424540 0.257942 0.221196 0.543260 0.579350 0.278168 0.250944 0.297495 0.275054 0.776059 0.567102 0.612902 0.312904 0.581608 0.372630 0.333751 0.368471 0.428742 0.972185
0.127919 0.142771 0.216705 0.203352 0.560835 0.511146 0.201998 0.166336 0.348176 0.306379 0.182247 0.103196 0.000000 0.114533 0.099487 0.121781 0.142405 0.144213 0.138100 0.181846 0.360998 0.757880 0.138688 0.258795 0.560761 0.539761 0.995009 0.992750 0.137630 0.130847 0.182775 0.257532 0.153922 0.187131 0.455664 0.585005 0.328697 0.404991 0.655856 0.643469 0.662785 0.473681 0.206054 0.195791 0.268550 0.237293 0.214538 0.189410 0.660971 0.360192 0.379144 0.305763 0.465417 0.444773 0.454967 0.537141 0.160376 0.176817 0.177497 0.227260 0.098058 0.161683 0.103811 0.108484 0.266731 0.218164 0.220224 0.216520 0.373326 0.257978 0.233805 0.274534 0.388775 0.393280 0.647658 0.550699 0.308568 0.265114 0.194786 0.239645 0.139191 0.194403 0.266539 0.296962 0.176097 0.289670 0.921819 0.999661 0.403026 0.427142 0.564232 0.616275 0.549847 0.719553 0.375661 0.472951 0.361786 0.458694 0.303730 0.268418 0.577041 0.590332 0.276857 0.301115 0.291225 0.258138 0.721399 0.535256 0.593054 0.354535 0.611942 0.421570 0.389321 0.408558 0.423334 0.994905
0.214570 0.194288 0.324326 0.273072 0.658372 0.608575 0.317804 0.246875 0.453518 0.373869 0.260201 0.133777 0.114533 0.000000 0.101095 0.120373 0.203506 0.206936 0.217603 0.252175 0.384994 0.737168 0.159818 0.221478 0.578143 0.581169 0.970814 0.864684 0.156968 0.169900 0.234588 0.260069 0.211332 0.252556 0.460912 0.607025 0.356675 0.412682 0.664382 0.637510 0.712604 0.472994 0.281661 0.281360 0.352090 0.318638 0.274654 0.245428 0.629551 0.410074 0.425560 0.378639 0.536780 0.535382 0.517570 0.587883 0.212480 0.225995 0.215339 0.282502 0.169821 0.214072 0.147208 0.135900 0.320657 0.290827 0.293459 0.281373 0.457800 0.318830 0.316509 0.381422 0.523637 0.548210 0.686493 0.621348 0.334495 0.299456 0.232849 0.311385 0.211643 0.266290 0.236740 0.343396 0.204958 0.275217 0.932348 0.940017 0.452116 0.441084 0.671504 0.732867 0.648368 0.844318 0.388742 0.499492 0.447045 0.407094 0.382711 0.329128 0.621707 0.688201 0.283670 0.365941 0.331008 0.289911 0.808233 0.609424 0.597657 0.387101 0.609386 0.484361 0.491273 0.444042 0.445257 0.972837
0.204605 0.216064 0.292499 0.255788 0.621284 0.595944 0.302324 0.242997 0.421597 0.366105 0.273688 0.148585 0.099487 0.101095 0.000000 0.112390 0.229565 0.230754 0.228632 0.276478 0.396755 0.773173 0.127586 0.237595 0.531798 0.543256 0.942621 0.963260 0.191738 0.187718 0.222325 0.291438 0.215451 0.267240 0.424893 0.640423 0.331365 0.419794 0.661682 0.623705 0.696255 0.506728 0.269894 0.273591 0.337720 0.304694 0.278547 0.233126 0.637170 0.383361 0.398285 0.324195 0.470258 0.480130 0.473620 0.529349 0.240829 0.250548 0.232909 0.272181 0.149150 0.187995 0.166072 0.153609 0.257005 0.257028 0.291213 0.291675 0.464790 0.329384 0.297885 0.353861 0.435381 0.489434 0.654804 0.601779 0.353777 0.301788 0.259903 0.318463 0.217052 0.268478 0.276105 0.364701 0.179188 0.270818 0.897771 0.922166 0.402165 0.384686 0.640357 0.691316 0.609665 0.813780 0.403643 0.500644 0.435538 0.463131 0.345288 0.317875 0.611731 0.675170 0.287547 0.369906 0.310591 0.269991 0.699147 0.555719 0.643815 0.442649 0.653970 0.472301 0.471203 0.478342 0.439960 0.948976
0.230915 0.237395 0.296042 0.243283 0.604158 0.532759 0.316798 0.256461 0.406161 0.389535 0.301861 0.160639 0.121781 0.120373 0.112390 0.000000 0.239938 0.246100 0.233621 0.296054 0.376178 0.806507 0.110127 0.193911 0.496363 0.530293 0.907366 0.894738 0.193194 0.200731 0.191187 0.264718 0.221621 0.275605 0.455306 0.621468 0.368388 0.437184 0.625402 0.627140 0.674590 0.487640 0.264911 0.287703 0.361880 0.323725 0.269237 0.254603 0.697575 0.396136 0.421690 0.348126 0.479880 0.453757 0.524551 0.556196 0.283657 0.290381 0.255237 0.296555 0.177490 0.218911 0.184314 0.171533 0.287940 0.255872 0.275690 0.300644 0.425547 0.322116 0.248060 0.325767 0.445397 0.513897 0.636110 0.592322 0.334139 0.291024 0.240553 0.302731 0.211722 0.259327 0.232319 0.318509 0.192548 0.232454 0.930434 0.921792 0.451851 0.437423 0.623068 0.683208 0.589973 0.796066 0.418283 0.486969 0.461774 0.458153 0.405645 0.367834 0.654371 0.641229 0.309416 0.407336 0.318486 0.298684 0.695072 0.659431 0.639708 0.467495 0.721685 0.532565 0.501111 0.431012 0.469470 0.998774
0.115583 0.130512 0.265555 0.247316 0.675003 0.560008 0.188756 0.164789 0.407750 0.258149 0.138047 0.109657 0.142405 0.203506 0.229565 0.239938 0.000000 0.089214 0.113022 0.134761 0.433733 0.686198 0.276521 0.418047 0.691142 0.600562 0.954082 0.984372 0.121029 0.105773 0.244495 0.242722 0.150822 0.130876 0.497351 0.560576 0.408619 0.497071 0.698272 0.632441 0.689362 0.470529 0.230908 0.178179 0.254721 0.229049 0.252569 0.224880 0.684641 0.378095 0.440513 0.349600 0.515469 0.465119 0.469933 0.559436 0.115352 0.126717 0.159972 0.206144 0.135338 0.204398 0.119424 0.120687 0.388843 0.249582 0.229342 0.206625 0.269771 0.182588 0.289075 0.269373 0.356562 0.352254 0.610037 0.514930 0.314088 0.251638 0.163710 0.171254 0.107440 0.156285 0.348532 0.277503 0.294043 0.411194 0.959928 0.934196 0.438896 0.549953 0.595127 0.633458 0.591545 0.694820 0.358050 0.470954 0.336789 0.417042 0.300785 0.231841 0.604737 0.561812 0.293763 0.251020 0.357853 0.276920 0.812354 0.599504 0.630750 0.326754 0.609768 0.346260 0.352552 0.332881 0.502296 0.937899
0.112975 0.114282 0.213783 0.203429 0.675337 0.513641 0.155137 0.141936 0.377141 0.252266 0.126505 0.100412 0.144213 0.206936 0.230754 0.246100 0.089214 0.000000 0.087151 0.100142 0.402954 0.724187 0.274425 0.411797 0.650387 0.546008 0.919436 0.967852 0.112252 0.089096 0.221483 0.235820 0.126351 0.117075 0.482976 0.597177 0.380096 0.490624 0.687699 0.605643 0.757449 0.462016 0.198078 0.144943 0.235327 0.198255 0.211437 0.182593 0.662321 0.370995 0.425180 0.345310 0.502627 0.456317 0.449555 0.536861 0.101543 0.107845 0.159968 0.205760 0.118232 0.194701 0.107649 0.108250 0.362860 0.229771 0.206259 0.190088 0.253621 0.186193 0.281889 0.259254 0.378161 0.349803 0.575613 0.550768 0.310369 0.238684 0.164873 0.186863 0.109156 0.135285 0.349590 0.233989 0.279816 0.393541 0.911107 0.902546 0.454235 0.513137 0.552914 0.604683 0.553547 0.675104 0.343283 0.455732 0.338137 0.421761 0.271724 0.219365 0.554741 0.541835 0.294931 0.216482 0.322220 0.298068 0.829015 0.606871 0.631420 0.320696 0.642999 0.328881 0.301849 0.361762 0.437479 0.950147
0.114424 0.120747 0.181524 0.178657 0.617824 0.498387 0.138791 0.157096 0.362189 0.291168 0.139494 0.120684 0.138100 0.217603 0.228632 0.233621 0.113022 0.087151 0.000000 0.109421 0.360265 0.683876 0.242494 0.376350 0.567122 0.511203 0.951501 0.995940 0.148001 0.113229 0.175577 0.240431 0.137491 0.128538 0.461824 0.590635 0.380650 0.489860 0.628368 0.645395 0.741714 0.457763 0.178482 0.140302 0.234741 0.205119 0.196835 0.178576 0.680731 0.338351 0.410953 0.332009 0.504946 0.423196 0.425827 0.565406 0.136791 0.142434 0.177544 0.223192 0.123113 0.226870 0.129239 0.143368 0.329463 0.223036 0.191551 0.178557 0.249625 0.195433 0.222092 0.216204 0.329431 0.302774 0.586291 0.516804 0.313134 0.260264 0.202812 0.169437 0.120103 0.140340 0.345923 0.263048 0.260770 0.366655 0.903146 0.930811 0.454738 0.526918 0.550233 0.609990 0.546512 0.664624 0.372485 0.476056 0.351935 0.460059 0.287805 0.254604 0.575948 0.544246 0.323623 0.258289 0.329602 0.303769 0.763693 0.591439 0.605644 0.345572 0.636347 0.351954 0.334050 0.393481 0.448632 0.976981
0.128578 0.139249 0.184555 0.189698 0.710014 0.549409 0.176875 0.169962 0.342799 0.311994 0.148519 0.134141 0.181846 0.252175 0.276478 0.296054 0.134761 0.100142 0.109421 0.000000 0.415312 0.721376 0.280377 0.383853 0.573202 0.453544 0.962254 0.967062 0.151162 0.113891 0.204047 0.214528 0.134591 0.127682 0.467651 0.616887 0.370984 0.511208 0.700892 0.626672 0.777980 0.543137 0.217100 0.177725 0.267699 0.223384 0.220854 0.219995 0.677047 0.364204 0.455410 0.382563 0.517220 0.506212 0.456963 0.536998 0.144188 0.141914 0.179020 0.210427 0.151996 0.222483 0.152901 0.162836 0.355056 0.239310 0.228450 0.191635 0.246739 0.201382 0.285427 0.293242 0.331255 0.306227 0.609432 0.577120 0.306572 0.275688 0.197137 0.178291 0.138624 0.135614 0.404745 0.260626 0.299250 0.407920 0.862564 0.922674 0.407018 0.518248 0.585448 0.653052 0.595973 0.715523 0.370011 0.525115 0.358828 0.496921 0.299682 0.259352 0.553218 0.591723 0.362830 0.263164 0.372336 0.332974 0.792256 0.595105 0.591269 0.341988 0.612491 0.370921 0.355701 0.434428 0.449075 0.919259
0.408877 0.388004 0.357926 0.342025 0.656386 0.611977 0.358688 0.377012 0.543166 0.528859 0.428357 0.416052 0.360998 0.384994 0.396755 0.376178 0.433733 0.402954 0.360265 0.415312 0.000000 0.779281 0.347042 0.368226 0.514702 0.532636 0.987923 0.898879 0.447344 0.438013 0.340631 0.482763 0.374081 0.361328 0.502300 0.673569 0.478040 0.495781 0.616694 0.688979 0.660675 0.617023 0.330866 0.326617 0.434751 0.408446 0.371430 0.382382 0.758309 0.476711 0.553450 0.506860 0.629974 0.486290 0.548375 0.688711 0.441539 0.421679 0.397209 0.440437 0.387144 0.460683 0.404593 0.405208 0.402939 0.419783 0.362767 0.398027 0.532404 0.479569 0.328154 0.392281 0.535287 0.580525 0.823690 0.716605 0.357891 0.367665 0.454216 0.438821 0.397835 0.374551 0.395529 0.459413 0.384310 0.437890 0.969708 0.982507 0.636559 0.559045 0.555000 0.632788 0.558263 0.677844 0.472904 0.565842 0.438970 0.596116 0.532469 0.478134 0.665589 0.563325 0.397465 0.431930 0.403759 0.436268 0.853762 0.607481 0.588071 0.668913 0.687101 0.592388 0.517967 0.564933 0.540499 0.878086
0.759048 0.748887 0.743429 0.714702 0.745071 0.960046 0.717105 0.744589 0.846476 0.786606 0.760721 0.743736 0.757880 0.737168 0.773173 0.806507 0.686198 0.724187 0.683876 0.721376 0.779281 0.000000 0.767824 0.827508 0.987346 0.805314 0.885651 0.772630 0.688118 0.717123 0.821002 0.705455 0.693323 0.699870 0.877195 0.788343 0.809259 0.886120 0.754716 0.734413 0.927971 0.849261 0.746987 0.711795 0.765559 0.799798 0.759769 0.788401 0.819474 0.817455 0.788424 0.801779 0.926523 0.763240 0.775839 0.918110 0.725682 0.773290 0.779744 0.838831 0.721661 0.767510 0.748843 0.743705 0.730550 0.708686 0.723077 0.686612 0.791288 0.773909 0.757473 0.810561 0.798109 0.793424 0.889975 0.630748 0.759046 0.775376 0.863980 0.729666 0.745543 0.730360 0.686857 0.758874 0.766800 0.717625 0.921336 0.904724 0.773761 0.770245 0.847377 0.912506 0.915138 0.873759 0.788561 0.845725 0.846028 0.699877 0.752828 0.705479 0.913287 0.910301 0.743615 0.685534 0.800420 0.725669 0.977233 0.750518 0.915082 0.833668 0.751030 0.766678 0.808679 0.788197 0.735710 0.893948
0.223762 0.230030 0.212508 0.178438 0.612026 0.530725 0.276718 0.237214 0.381210 0.409963 0.328134 0.189950 0.138688 0.159818 0.127586 0.110127 0.276521 0.274425 0.242494 0.280377 0.347042 0.767824 0.000000 0.162130 0.381595 0.402719 0.908425 0.924465 0.225567 0.234580 0.143420 0.236010 0.193939 0.257195 0.397980 0.590056 0.305501 0.432663 0.572852 0.666145 0.727669 0.498276 0.230288 0.265546 0.335937 0.300918 0.230991 0.239855 0.656666 0.352951 0.401305 0.315334 0.424371 0.425162 0.443748 0.502225 0.307542 0.305491 0.254353 0.274792 0.171063 0.199857 0.216889 0.209604 0.193097 0.197940 0.227125 0.242982 0.421237 0.305266 0.220539 0.328995 0.374143 0.453271 0.676315 0.631514 0.306635 0.311109 0.247724 0.311448 0.206712 0.233928 0.269537 0.304947 0.129414 0.164730 0.969261 0.885467 0.383080 0.355031 0.577473 0.656889 0.544572 0.765558 0.366593 0.501074 0.409679 0.462808 0.380623 0.353358 0.618880 0.644226 0.336712 0.398440 0.307888 0.271058 0.711106 0.605483 0.614789 0.483976 0.694992 0.514857 0.459084 0.495674 0.416794 0.968713
0.383197 0.378294 0.322028 0.300627 0.683375 0.641457 0.437251 0.404603 0.532720 0.577865 0.424296 0.329108 0.258795 0.221478 0.237595 0.193911 0.418047 0.411797 0.376350 0.383853 0.368226 0.827508 0.162130 0.000000 0.334144 0.375861 0.925006 0.822868 0.323340 0.328247 0.218607 0.268802 0.323962 0.388265 0.482382 0.681930 0.420205 0.569655 0.567273 0.687313 0.791410 0.599722 0.393097 0.429681 0.526423 0.472087 0.365333 0.380307 0.767180 0.504706 0.561422 0.519235 0.555767 0.570425 0.545448 0.628647 0.472783 0.460058 0.417492 0.457514 0.327882 0.366773 0.337715 0.356870 0.308718 0.317545 0.380867 0.403207 0.552630 0.463137 0.363153 0.484948 0.509991 0.572926 0.803058 0.709866 0.438449 0.416373 0.377423 0.405070 0.337022 0.333411 0.261844 0.371037 0.247570 0.186742 0.811084 0.697342 0.483894 0.445083 0.749398 0.844419 0.732279 0.929567 0.472047 0.661072 0.569809 0.559699 0.624537 0.552405 0.724001 0.758810 0.511285 0.546897 0.465196 0.458298 0.818204 0.717229 0.663044 0.592462 0.770756 0.703489 0.650459 0.663843 0.549771 0.993029
0.593540 0.590575 0.422713 0.410831 0.933750 0.774962 0.627244 0.621269 0.690065 0.826783 0.689599 0.596645 0.560761 0.578143 0.531798 0.496363 0.691142 0.650387 0.567122 0.573202 0.514702 0.987346 0.381595 0.334144 0.000000 0.270156 0.839809 0.846205 0.629341 0.594684 0.341143 0.487570 0.537240 0.614493 0.523289 0.778628 0.502078 0.743802 0.479196 0.845152 0.852118 0.808693 0.587775 0.628034 0.723054 0.666440 0.518277 0.574213 0.859842 0.584365 0.751859 0.638445 0.652060 0.718277 0.531526 0.664929 0.754384 0.642567 0.655074 0.560503 0.587467 0.571968 0.660213 0.641840 0.406795 0.487208 0.608084 0.583526 0.608306 0.604464 0.570883 0.623772 0.526281 0.638827 0.745323 0.882665 0.625486 0.699577 0.587811 0.566938 0.571022 0.516145 0.608066 0.576454 0.438607 0.361534 0.960690 0.890235 0.645898 0.479716 0.879601 0.952407 0.810240 0.992351 0.612396 0.826407 0.695045 0.786340 0.801352 0.778183 0.953084 0.923482 0.834873 0.760294 0.623539 0.660944 0.814971 0.944674 0.747624 0.691728 0.944274 0.812241 0.771953 0.852074 0.680625 0.943685
0.523382 0.540291 0.332591 0.325977 0.911661 0.592911 0.497703 0.494413 0.560464 0.625285 0.556184 0.518838 0.539761 0.581169 0.543256 0.530293 0.600562 0.546008 0.511203 0.453544 0.532636 0.805314 0.402719 0.375861 0.270156 0.000000 0.830182 0.729613 0.542101 0.517592 0.337241 0.385992 0.429449 0.460469 0.453391 0.743476 0.447366 0.759822 0.509389 0.689381 0.900894 0.742612 0.459637 0.495906 0.570884 0.517995 0.419210 0.489130 0.702594 0.513592 0.625682 0.545247 0.533563 0.617656 0.543745 0.536988 0.661363 0.582584 0.550596 0.516791 0.495082 0.485909 0.591748 0.583483 0.341255 0.331407 0.470136 0.429285 0.545966 0.515334 0.516372 0.549843 0.439617 0.541833 0.773148 0.819027 0.472549 0.568191 0.539344 0.491625 0.483835 0.427161 0.616992 0.458775 0.432204 0.377276 0.935467 0.876204 0.505931 0.457570 0.677332 0.770283 0.665365 0.829871 0.517022 0.754533 0.581910 0.709971 0.610350 0.543126 0.711032 0.741342 0.717728 0.545216 0.582789 0.637707 0.866362 0.738909 0.771060 0.715705 0.919813 0.666799 0.595414 0.793375 0.527458 0.972872
0.930780 0.936954 0.963221 0.946026 0.855433 0.931523 0.885906 0.881019 0.901921 0.921528 0.972359 0.983318 0.995009 0.970814 0.942621 0.907366 0.954082 0.919436 0.951501 0.962254 0.987923 0.885651 0.908425 0.925006 0.839809 0.830182 0.000000 0.981309 0.977496 0.956446 0.906686 0.899002 0.915410 0.921873 0.986829 0.968690 0.988646 0.923263 0.873769 0.947402 0.967868 0.952395 0.954255 0.961733 0.885410 0.892878 0.976775 0.963703 0.840908 0.934385 0.853880 0.917916 0.992295 0.862038 0.858368 0.869585 0.917648 0.936998 0.942444 0.953103 0.950551 0.907000 0.943027 0.926350 0.999095 0.951024 0.906788 0.917889 0.997397 0.974196 0.969060 0.958556 0.991662 0.979305 0.998999 0.865894 0.973489 0.928753 0.984055 0.961618 0.951321 0.878116 0.978525 0.927229 0.964168 0.956436 0.885881 0.957567 0.951614 0.976926 0.818957 0.801165 0.870380 0.784867 0.969079 0.883342 0.966319 0.922110 0.866069 0.891831 0.942112 0.898317 0.890214 0.887446 0.772811 0.927295 0.993686 0.966621 0.983261 0.759126 0.931421 0.831344 0.803916 0.922359 0.957129 0.883416
0.969198 0.982430 0.937169 0.888625 0.938602 0.843082 0.979754 0.932834 0.953951 0.983223 0.986479 0.931149 0.992750 0.864684 0.963260 0.894738 0.984372 0.967852 0.995940 0.967062 0.898879 0.772630 0.924465 0.822868 0.846205 0.729613 0.981309 0.000000 0.916241 0.960001 0.962947 0.920109 0.886118 0.981131 0.939734 0.979825 0.912358 0.926149 0.989939 0.824349 0.909611 0.963394 0.950926 0.964458 0.964561 0.997367 0.893126 0.972745 0.976763 0.918120 0.993700 0.929954 0.889958 0.979234 0.964989 0.982149 0.974056 0.990206 0.988104 0.965487 0.984536 0.961268 0.945841 0.919892 0.946757 0.913534 0.942016 0.910224 0.996054 0.975037 0.952953 0.997417 0.997598 0.908567 0.963969 0.908757 0.818155 0.897828 0.976140 0.940233 0.966079 0.938876 0.885138 0.908729 0.953494 0.868071 0.984008 0.994019 0.974455 0.931605 0.887867 0.940419 0.917670 0.970439 0.939514 0.875877 0.893616 0.856706 0.971699 0.923708 0.980153 0.991372 0.934542 0.934216 0.872587 0.918185 0.779915 0.994770 0.944488 0.977618 0.950908 0.935004 0.991635 0.954995 0.833924 0.941820
0.160514 0.141465 0.275199 0.246504 0.661803 0.557678 0.245905 0.202875 0.422342 0.313878 0.179523 0.113264 0.137630 0.156968 0.191738 0.193194 0.121029 0.112252 0.148001 0.151162 0.447344 0.688118 0.225567 0.323340 0.629341 0.542101 0.977496 0.916241 0.000000 0.101609 0.216810 0.220125 0.149306 0.171616 0.480517 0.611590 0.379037 0.532651 0.657177 0.580612 0.774686 0.440146 0.258318 0.216157 0.311147 0.268086 0.233460 0.200069 0.637631 0.394272 0.448828 0.366597 0.511219 0.502672 0.469368 0.514073 0.147456 0.163545 0.191147 0.231978 0.141322 0.198249 0.114512 0.118463 0.362953 0.245834 0.250755 0.237439 0.299157 0.216846 0.309779 0.339437 0.411338 0.423992 0.649194 0.568546 0.331953 0.269487 0.173141 0.207387 0.129891 0.165396 0.297098 0.244684 0.243673 0.331163 0.891442 0.992156 0.451926 0.448315 0.654750 0.714665 0.648102 0.820497 0.364883 0.511589 0.392919 0.428107 0.356768 0.262075 0.608927 0.637054 0.316164 0.281167 0.360617 0.282563 0.816637 0.665644 0.644845 0.369659 0.623457 0.407708 0.384292 0.369957 0.452475 0.955250
0.129608 0.145230 0.228224 0.204826 0.695471 0.560420 0.205699 0.178065 0.372963 0.278049 0.134096 0.098172 0.130847 0.169900 0.187718 0.200731 0.105773 0.089096 0.113229 0.113891 0.438013 0.717123 0.234580 0.328247 0.594684 0.517592 0.956446 0.960001 0.101609 0.000000 0.198217 0.198841 0.134302 0.131837 0.462826 0.613610 0.365091 0.501149 0.681296 0.616609 0.773104 0.514005 0.255981 0.200592 0.301388 0.245681 0.247197 0.221391 0.707854 0.383575 0.456671 0.371951 0.496364 0.474009 0.439683 0.520215 0.144697 0.145804 0.194409 0.233366 0.128049 0.199959 0.114275 0.116457 0.343937 0.236169 0.240214 0.227065 0.261634 0.197530 0.294340 0.303948 0.364373 0.353743 0.548867 0.541638 0.345530 0.246351 0.167174 0.174172 0.114427 0.129062 0.316984 0.228351 0.271418 0.341064 0.826170 0.966720 0.424753 0.504357 0.615321 0.675387 0.621901 0.751732 0.365257 0.520070 0.402858 0.467470 0.328964 0.270189 0.592138 0.577451 0.311527 0.265135 0.378798 0.306676 0.792473 0.647303 0.672229 0.357041 0.655217 0.405534 0.381032 0.400217 0.478780 0.996252
0.208144 0.214984 0.162338 0.157323 0.737894 0.515677 0.218608 0.234492 0.367074 0.387964 0.241952 0.204468 0.182775 0.234588 0.222325 0.191187 0.244495 0.221483 0.175577 0.204047 0.340631 0.821002 0.143420 0.218607 0.341143 0.337241 0.906686 0.962947 0.216810 0.198217 0.000000 0.179010 0.171668 0.204115 0.412117 0.613498 0.297300 0.518223 0.549455 0.714664 0.719179 0.533763 0.223945 0.219016 0.335869 0.297401 0.237175 0.241094 0.725825 0.390179 0.474726 0.386560 0.468643 0.464898 0.429876 0.550781 0.285322 0.272636 0.251591 0.281268 0.181546 0.255765 0.230635 0.241826 0.237723 0.185938 0.219283 0.225622 0.280356 0.266200 0.238771 0.278637 0.304714 0.340920 0.592309 0.663768 0.334681 0.275635 0.235973 0.237480 0.186542 0.179566 0.325352 0.260412 0.213118 0.233807 0.924516 0.931374 0.398005 0.453232 0.619197 0.696874 0.584099 0.754051 0.397969 0.576494 0.374851 0.540149 0.415307 0.390246 0.618000 0.556675 0.416459 0.388530 0.381998 0.344520 0.744730 0.705258 0.624413 0.452106 0.732176 0.501196 0.448936 0.465685 0.482600 0.958472
0.278785 0.275663 0.260851 0.235725 0.829859 0.618543 0.303066 0.304604 0.443813 0.416527 0.252372 0.237083 0.257532 0.260069 0.291438 0.264718 0.242722 0.235820 0.240431 0.214528 0.482763 0.705455 0.236010 0.268802 0.487570 0.385992 0.899002 0.920109 0.220125 0.198841 0.179010 0.000000 0.220865 0.213905 0.538330 0.705269 0.368914 0.617905 0.581669 0.641601 0.869313 0.580175 0.307675 0.272626 0.418321 0.393625 0.325578 0.326858 0.814637 0.516213 0.606215 0.527092 0.588092 0.610335 0.564960 0.666099 0.284028 0.304566 0.310011 0.370215 0.257357 0.338211 0.273280 0.286462 0.351776 0.255266 0.305091 0.295370 0.347938 0.333398 0.355031 0.391701 0.407872 0.429648 0.627714 0.640655 0.394733 0.311238 0.273256 0.247418 0.242590 0.241442 0.356776 0.277570 0.339182 0.307501 0.922516 0.895435 0.436758 0.540368 0.733030 0.849061 0.735632 0.863584 0.423481 0.632602 0.491163 0.530472 0.479052 0.425671 0.700944 0.670803 0.471783 0.372245 0.491814 0.390134 0.886399 0.798978 0.738962 0.515309 0.720779 0.504551 0.559701 0.551212 0.544308 0.967276
0.130599 0.139874 0.155078 0.129695 0.633302 0.483827 0.143459 0.121132 0.342755 0.236950 0.200333 0.122420 0.153922 0.211332 0.215451 0.221621 0.150822 0.126351 0.137491 0.134591 0.374081 0.693323 0.193939 0.323962 0.537240 0.429449 0.915410 0.886118 0.149306 0.134302 0.171668 0.220865 0.000000 0.133415 0.401846 0.556664 0.350582 0.474993 0.656312 0.632647 0.779250 0.507045 0.169095 0.155748 0.225266 0.190283 0.199181 0.213555 0.610186 0.352054 0.387083 0.318999 0.469565 0.411799 0.412641 0.459586 0.171173 0.166674 0.159142 0.213088 0.119464 0.166614 0.157518 0.143139 0.268877 0.169069 0.163662 0.137221 0.260555 0.175226 0.212767 0.236549 0.308280 0.343847 0.601598 0.588602 0.261233 0.202976 0.162506 0.207418 0.112546 0.129994 0.368595 0.238272 0.219808 0.294802 0.940940 0.944965 0.394327 0.432230 0.477048 0.524893 0.469268 0.610834 0.319950 0.453058 0.303261 0.404692 0.241595 0.202089 0.526700 0.475926 0.302475 0.213642 0.286910 0.291628 0.784289 0.554777 0.584165 0.340059 0.629795 0.347375 0.324947 0.361499 0.441155 0.977533
0.141282 0.162747 0.199153 0.166649 0.681394 0.496897 0.143429 0.132391 0.352576 0.239797 0.177376 0.154054 0.187131 0.252556 0.267240 0.275605 0.130876 0.117075 0.128538 0.127682 0.361328 0.699870 0.257195 0.388265 0.614493 0.460469 0.921873 0.981131 0.171616 0.131837 0.204115 0.213905 0.133415 0.000000 0.406840 0.579875 0.335353 0.476220 0.633476 0.626928 0.753124 0.463371 0.187551 0.146705 0.220555 0.199386 0.209181 0.221641 0.660178 0.343957 0.412374 0.340399 0.468101 0.433359 0.447995 0.514205 0.157513 0.156640 0.180093 0.246566 0.141774 0.212195 0.163722 0.156888 0.300511 0.184878 0.152010 0.151120 0.294833 0.194503 0.260261 0.246651 0.318318 0.369865 0.579838 0.550840 0.277707 0.212651 0.189131 0.191007 0.132054 0.129409 0.359576 0.245920 0.257265 0.344077 0.921191 0.996696 0.423221 0.483570 0.475225 0.551397 0.487382 0.584917 0.352140 0.442059 0.333536 0.429353 0.249370 0.205856 0.481737 0.464222 0.274022 0.208267 0.334009 0.302012 0.806890 0.527156 0.661002 0.425263 0.627748 0.300220 0.304574 0.378528 0.440889 0.903811
0.407086 0.453286 0.430206 0.364067 0.809750 0.508741 0.456401 0.390205 0.561731 0.449756 0.570008 0.420005 0.455664 0.460912 0.424893 0.455306 0.497351 0.482976 0.461824 0.467651 0.502300 0.877195 0.397980 0.482382 0.523289 0.453391 0.986829 0.939734 0.480517 0.462826 0.412117 0.538330 0.401846 0.406840 0.000000 0.603877 0.444278 0.602188 0.726779 0.890887 0.684550 0.541697 0.408818 0.471141 0.428362 0.384324 0.440873 0.457720 0.540417 0.362903 0.451582 0.371533 0.448103 0.505058 0.412247 0.481574 0.573751 0.481067 0.411126 0.373217 0.413134 0.381981 0.471037 0.440345 0.378328 0.382399 0.396231 0.391882 0.519421 0.369765 0.480839 0.467244 0.445763 0.578239 0.644004 0.753273 0.417644 0.466976 0.410186 0.494671 0.394716 0.372747 0.627902 0.475426 0.333402 0.411956 0.961526 0.953830 0.563493 0.462364 0.548014 0.608317 0.526267 0.655703 0.554788 0.630906 0.456342 0.610741 0.424628 0.413271 0.597470 0.678774 0.484544 0.536938 0.412863 0.474818 0.797061 0.594017 0.679000 0.673366 0.673854 0.426327 0.504977 0.667698 0.559732 0.897207
0.564090 0.553798 0.635686 0.599336 0.819299 0.763672 0.626524 0.569206 0.693417 0.683333 0.640941 0.554898 0.585005 0.607025 0.640423 0.621468 0.560576 0.597177 0.590635 0.616887 0.673569 0.788343 0.590056 0.681930 0.778628 0.743476 0.968690 0.979825 0.611590 0.613610 0.613498 0.705269 0.556664 0.579875 0.603877 0.000000 0.618639 0.537643 0.923168 0.785151 0.722723 0.632756 0.554193 0.616031 0.605175 0.600058 0.633856 0.589454 0.742898 0.624974 0.640557 0.581052 0.677969 0.657805 0.741662 0.709466 0.576465 0.561145 0.545152 0.566152 0.602801 0.617524 0.546809 0.565689 0.679379 0.660097 0.551291 0.552838 0.737675 0.556915 0.601042 0.620330 0.736010 0.770888 0.918959 0.756185 0.614940 0.634537 0.556893 0.646992 0.537265 0.576423 0.594127 0.578216 0.561344 0.606891 0.906438 0.992233 0.679539 0.652178 0.729211 0.710374 0.730957 0.737581 0.586512 0.670433 0.602398 0.521662 0.621756 0.631200 0.770108 0.689958 0.539238 0.558877 0.688887 0.635859 0.859313 0.661059 0.720483 0.645187 0.685799 0.645558 0.608103 0.738442 0.630747 0.968697
0.348064 0.333805 0.323348 0.296335 0.860316 0.635115 0.394621 0.345275 0.448237 0.464341 0.465083 0.353847 0.328697 0.356675 0.331365 0.368388 0.408619 0.380096 0.380650 0.370984 0.478040 0.809259 0.305501 0.420205 0.502078 0.447366 0.988646 0.912358 0.379037 0.365091 0.297300 0.368914 0.350582 0.335353 0.444278 0.618639 0.000000 0.418806 0.524459 0.690388 0.811651 0.491521 0.346832 0.343364 0.359659 0.359999 0.366239 0.301371 0.530002 0.383909 0.429263 0.358732 0.493252 0.570378 0.559359 0.494415 0.390072 0.349992 0.317864 0.329523 0.311313 0.292048 0.390434 0.342409 0.286053 0.323201 0.361583 0.321351 0.521156 0.388634 0.474215 0.455794 0.550345 0.539914 0.608858 0.679938 0.436839 0.399333 0.370843 0.438686 0.376274 0.361964 0.520093 0.382577 0.280131 0.313523 0.863282 0.876705 0.406566 0.335862 0.647303 0.706146 0.597641 0.744337 0.423367 0.526701 0.452205 0.529854 0.384006 0.417684 0.539702 0.648063 0.338255 0.419432 0.381945 0.367009 0.765548 0.589442 0.702404 0.543443 0.763355 0.508580 0.552728 0.606120 0.522248 0.864916
0.439118 0.481383 0.507615 0.492836 0.781858 0.888036 0.526209 0.461396 0.502213 0.523483 0.546731 0.431936 0.404991 0.412682 0.419794 0.437184 0.497071 0.490624 0.489860 0.511208 0.495781 0.886120 0.432663 0.569655 0.743802 0.759822 0.923263 0.926149 0.532651 0.501149 0.518223 0.617905 0.474993 0.476220 0.602188 0.537643 0.418806 0.000000 0.766800 0.778845 0.765293 0.631498 0.455447 0.493962 0.520152 0.493690 0.553686 0.487812 0.656109 0.510751 0.504376 0.497607 0.701285 0.627753 0.710580 0.671636 0.460335 0.479832 0.450803 0.475941 0.414291 0.414974 0.432602 0.403565 0.436647 0.507881 0.516662 0.512478 0.689310 0.577412 0.580593 0.618004 0.638777 0.658038 0.809687 0.751976 0.515134 0.528617 0.536607 0.560832 0.526682 0.562047 0.562384 0.597516 0.428717 0.533629 0.821312 0.936111 0.577845 0.604950 0.636173 0.634165 0.657612 0.732552 0.529085 0.477796 0.602315 0.578764 0.442777 0.511742 0.649909 0.635434 0.376515 0.470932 0.471444 0.461470 0.707970 0.614820 0.645570 0.494786 0.799651 0.670440 0.616212 0.691268 0.445436 0.997344
