0.000000 0.295436 0.954212 0.851233 0.850293 0.958042 0.938643 0.843637 0.969907 0.894126 0.393643 0.393255 0.841715 0.896849 0.918522 0.807600 0.397105 0.385669 0.613022 0.535448 0.726373 0.933613 0.946484 0.983141 0.928930 0.926497 0.910252 0.800649 0.581234 0.584330 0.870874 0.979410 0.560631 0.512642 0.943824 0.862616 0.714770 0.646838 0.846209 0.706916 0.524576 0.643077 0.749546 0.653610 0.818999 0.665313 0.508662 0.532269 0.598406 0.612009 0.689320 0.717703 0.992639 0.664430 0.526983 0.690246 0.296618 0.360144 0.378403 0.426415 0.499410 0.606982 0.560659 0.460075 0.899026 0.734522 0.674250 0.528361 0.404336 0.486705 0.957117 0.894283 0.659805 0.658283 0.688117 0.973640 0.915860 0.907576 0.535512 0.584206 0.333758 0.386314 0.655297 0.449853 0.609454 0.684834 0.953000 0.955803 0.825880 0.697663 0.830798 0.810451 0.909380 0.766987 0.675526 0.939613 0.820063 0.963201 0.920602 0.977652 0.944469 0.737393 0.882486 0.817960 0.613589 0.760479 0.868413 0.966558 0.944713 0.873897 0.917193 0.736022 0.903462 0.888357 0.833558 0.960190
0.295436 0.000000 0.905443 0.803891 0.773882 0.960521 0.900549 0.794963 0.962006 0.835189 0.456636 0.386218 0.832705 0.820974 0.890639 0.793388 0.446089 0.438954 0.636382 0.529248 0.764636 0.903799 0.976968 0.941671 0.873248 0.922663 0.903154 0.764164 0.518303 0.620427 0.888334 0.923101 0.528641 0.494254 0.949364 0.888905 0.757816 0.717523 0.791694 0.773557 0.556681 0.598680 0.786678 0.690048 0.873888 0.725542 0.537357 0.512829 0.660790 0.608122 0.705390 0.715047 0.975458 0.691468 0.550335 0.769901 0.300107 0.331927 0.379378 0.374821 0.487494 0.593781 0.572239 0.490646 0.858951 0.719163 0.644353 0.529981 0.382623 0.463885 0.937573 0.847044 0.633735 0.656468 0.730046 0.984525 0.931215 0.852128 0.559157 0.583429 0.379254 0.427391 0.648003 0.460922 0.592627 0.675408 0.955609 0.996442 0.820539 0.726146 0.871967 0.856323 0.978261 0.793652 0.696963 0.969324 0.848367 0.980620 0.931579 0.970212 0.977620 0.708154 0.945294 0.918648 0.604985 0.693226 0.928414 0.858995 0.952663 0.873866 0.888136 0.739365 0.983570 0.904836 0.866952 0.908693
0.954212 0.905443 0.000000 0.280868 0.920182 0.944002 0.524067 0.465364 0.600489 0.970762 0.928681 0.786327 0.458945 0.649586 0.734073 0.410861 0.828778 0.830047 0.667996 0.670929 0.754616 0.827938 0.566380 0.507337 0.353908 0.360822 0.781233 0.932514 0.885443 0.863149 0.610503 0.735048 0.630957 0.780127 0.840432 0.957153 0.616042 0.568516 0.517561 0.590535 0.950365 0.967366 0.551582 0.605118 0.873738 0.876423 0.610074 0.726716 0.952349 0.819185 0.765770 0.836969 0.816120 0.910490 0.826045 0.819199 0.980525 0.823780 0.865475 0.976479 0.895237 0.612219 0.561092 0.637618 0.347829 0.366756 0.639922 0.784817 0.812914 0.854587 0.638527 0.580301 0.847655 0.739238 0.939465 0.740796 0.590404 0.681356 0.797780 0.929765 0.839377 0.976372 0.940482 0.971081 0.766745 0.649012 0.996783 0.846602 0.709627 0.750271 0.640078 0.647312 0.590624 0.571321 0.933238 0.772828 0.845497 0.768611 0.785283 0.770213 0.962802 0.811633 0.955424 0.808602 0.704060 0.745819 0.844606 0.896081 0.973519 0.944362 0.980753 0.915453 0.936215 0.867300 0.805738 0.949672
0.851233 0.803891 0.280868 0.000000 0.760500 0.935577 0.575529 0.437319 0.633805 0.979997 0.830580 0.698656 0.518360 0.560019 0.726688 0.442324 0.893081 0.947316 0.673402 0.586970 0.688952 0.849071 0.563536 0.492906 0.350754 0.337414 0.766883 0.871310 0.951050 0.926683 0.637862 0.714548 0.566440 0.726527 0.793490 0.957325 0.542448 0.561914 0.461528 0.613370 0.946620 0.952750 0.569347 0.567140 0.881347 0.861870 0.612062 0.723308 0.881276 0.707033 0.729332 0.785401 0.791147 0.953916 0.768394 0.764898 0.874513 0.949540 0.945511 0.910703 0.891110 0.597752 0.671779 0.752425 0.338333 0.354286 0.626247 0.746848 0.693336 0.673823 0.665194 0.599803 0.896713 0.772010 0.898557 0.767853 0.668180 0.684936 0.719655 0.886852 0.942408 0.924370 0.981757 0.907745 0.679911 0.582311 0.930042 0.878049 0.701508 0.665365 0.713779 0.686300 0.601903 0.617133 0.876387 0.731427 0.888683 0.855481 0.817330 0.840358 0.927338 0.844189 0.964405 0.856730 0.626924 0.673894 0.942140 0.980942 0.979746 0.908687 0.931220 0.979105 0.995246 0.836191 0.810730 0.980317
0.850293 0.773882 0.920182 0.760500 0.000000 0.951462 0.878690 0.765011 0.833138 0.978228 0.902310 0.862607 0.909414 0.749522 0.985471 0.876345 0.893879 0.899676 0.883303 0.832823 0.820877 0.945324 0.889007 0.936271 0.894105 0.824144 0.998415 0.846012 0.849869 0.930940 0.848437 0.807446 0.806716 0.812512 0.857389 0.939989 0.792632 0.861802 0.873773 0.887195 0.938821 0.959400 0.766108 0.685651 0.777804 0.784930 0.827582 0.727501 0.776899 0.749610 0.812727 0.810414 0.930407 0.899942 0.922753 0.794813 0.807954 0.901102 0.879857 0.913427 0.995867 0.904587 0.983357 0.968390 0.856379 0.900121 0.840368 0.746787 0.823106 0.781675 0.825733 0.845004 0.805823 0.868005 0.938919 0.943229 0.803994 0.872602 0.798083 0.949104 0.909438 0.881980 0.848428 0.820004 0.893203 0.895105 0.803432 0.913636 0.973910 0.824976 0.994653 0.919274 0.919936 0.989190 0.870230 0.754205 0.951193 0.961782 0.921455 0.892923 0.749781 0.994420 0.856015 0.803940 0.818048 0.914225 0.998426 0.954473 0.851247 0.805454 0.960268 0.986342 0.939135 0.959475 0.941205 0.815968
0.958042 0.960521 0.944002 0.935577 0.951462 0.000000 0.671412 0.619248 0.805394 0.594366 0.981660 0.813386 0.949813 0.884888 0.705713 0.852513 0.862763 0.996083 0.796589 0.950671 0.863068 0.999697 0.808677 0.778638 0.872229 0.938647 0.515990 0.892923 0.945015 0.869341 0.885952 0.739319 0.806801 0.742495 0.889102 0.890499 0.966180 0.884404 0.995595 0.955977 0.924875 0.929729 0.966992 0.905392 0.858306 0.736551 0.949121 0.750477 0.740272 0.743556 0.884628 0.835959 0.834373 0.922796 0.785834 0.949394 0.901804 0.922799 0.927078 0.990667 0.778588 0.745172 0.940024 0.968364 0.794998 0.846369 0.874877 0.687649 0.919978 0.856565 0.585090 0.602668 0.632448 0.673767 0.923299 0.996768 0.823331 0.817065 0.977868 0.951214 0.924118 0.912932 0.693705 0.789706 0.729117 0.763398 0.770600 0.763988 0.728950 0.622109 0.545302 0.608047 0.616784 0.775612 0.881877 0.995468 0.644018 0.796291 0.571787 0.707080 0.735368 0.842707 0.737965 0.937094 0.898233 0.943544 0.980793 0.878061 0.897488 0.939976 0.949608 0.788836 0.740704 0.963410 0.983103 0.916352
0.938643 0.900549 0.524067 0.575529 0.878690 0.671412 0.000000 0.395203 0.479174 0.716930 0.889504 0.854549 0.760511 0.988020 0.916647 0.535921 0.916829 0.950992 0.491716 0.769706 0.842878 0.880346 0.716622 0.810737 0.768375 0.700344 0.828638 0.862273 0.875384 0.830132 0.485065 0.464987 0.476708 0.527861 0.912447 0.971515 0.894254 0.849161 0.809902 0.841882 0.980283 0.967755 0.617695 0.686447 0.757265 0.909031 0.815837 0.865612 0.967131 0.992812 0.856259 0.942616 0.808908 0.893671 0.877389 0.889215 0.882357 0.817323 0.965774 0.873744 0.764917 0.870501 0.871147 0.897587 0.743477 0.732739 0.436188 0.608025 0.984172 0.974318 0.634952 0.550913 0.608513 0.669725 0.895864 0.844594 0.735291 0.642603 0.848225 0.805458 0.987856 0.933937 0.985063 0.940065 0.866947 0.850833 0.943776 0.879855 0.964369 0.946817 0.584027 0.595483 0.594402 0.660090 0.820826 0.802606 0.757971 0.729693 0.593026 0.641014 0.892110 0.650487 0.899977 0.937811 0.774771 0.864051 0.831136 0.939163 0.869454 0.979682 0.917894 0.831418 0.758426 0.982262 0.852384 0.961615
0.843637 0.794963 0.465364 0.437319 0.765011 0.619248 0.395203 0.000000 0.538359 0.630723 0.810549 0.615484 0.760704 0.802613 0.947098 0.597435 0.910646 0.936796 0.534052 0.595229 0.872754 0.892236 0.882385 0.838032 0.664971 0.602033 0.816118 0.922014 0.932791 0.863499 0.639607 0.582971 0.557006 0.557323 0.961968 0.941821 0.759182 0.753943 0.712519 0.683707 0.839101 0.901789 0.634979 0.705283 0.924209 0.979566 0.759690 0.860962 0.885167 0.995978 0.907146 0.968250 0.950314 0.960716 0.886319 0.834718 0.862236 0.898603 0.953044 0.967471 0.757854 0.545198 0.814221 0.901432 0.714791 0.522453 0.540205 0.624077 0.881106 0.940509 0.489159 0.405396 0.609003 0.611375 0.965491 0.820330 0.672081 0.684239 0.753302 0.832465 0.999274 0.959807 0.816670 0.938489 0.973254 0.906750 0.785915 0.747020 0.977774 0.983549 0.485860 0.531974 0.452959 0.612555 0.873453 0.797250 0.632790 0.751593 0.597932 0.622002 0.730222 0.712058 0.751900 0.995662 0.672518 0.692962 0.844422 0.950863 0.909675 0.910529 0.948710 0.798427 0.851213 0.981852 0.812749 0.952429
0.969907 0.962006 0.600489 0.633805 0.833138 0.805394 0.479174 0.538359 0.000000 0.567279 0.988370 0.856549 0.861573 0.963414 0.975654 0.577489 0.985700 0.940553 0.649276 0.756855 0.784447 0.927132 0.820588 0.942967 0.801152 0.584517 0.920730 0.841339 0.900927 0.948510 0.443643 0.586139 0.682412 0.685044 0.936767 0.968129 0.781545 0.816779 0.756945 0.816410 0.873592 0.978444 0.543448 0.632107 0.680194 0.857239 0.953837 0.937656 0.951144 0.941296 0.830807 0.919272 0.787550 0.703582 0.916488 0.929251 0.980987 0.664754 0.729323 0.660444 0.959076 0.878647 0.711193 0.746795 0.741554 0.834805 0.598137 0.872482 0.934336 0.983519 0.484103 0.467456 0.771301 0.733205 0.988711 0.734586 0.569062 0.538563 0.897875 0.947120 0.846742 0.780333 0.912422 0.802845 0.876734 0.949259 0.831334 0.644700 0.943336 0.932452 0.467027 0.457806 0.458517 0.469600 0.890326 0.810069 0.804968 0.706627 0.535815 0.536075 0.781774 0.581165 0.701444 0.881328 0.818179 0.989766 0.802839 0.845190 0.842126 0.958713 0.874168 0.718348 0.853743 0.884092 0.948904 0.910469
0.894126 0.835189 0.970762 0.979997 0.978228 0.594366 0.716930 0.630723 0.567279 0.000000 0.997065 0.868731 0.843984 0.834753 0.612887 0.953691 0.883716 0.971012 0.811580 0.847188 0.966958 0.887468 0.704651 0.643702 0.800894 0.999379 0.678452 0.655459 0.848126 0.813994 0.805802 0.807229 0.988385 0.822691 0.863527 0.950954 0.947098 0.995303 0.829162 0.980276 0.970453 0.989973 0.937640 0.935375 0.991961 0.815059 0.724632 0.711855 0.744752 0.641685 0.791208 0.722764 0.914930 0.896356 0.726037 0.857477 0.882746 0.686812 0.779135 0.636568 0.999140 0.893170 0.891960 0.918339 0.734165 0.927412 0.881357 0.953921 0.811333 0.690562 0.503476 0.532660 0.661295 0.700220 0.856959 0.859431 0.786097 0.753569 0.991795 0.944236 0.855207 0.728073 0.685373 0.633472 0.476110 0.527048 0.744861 0.604336 0.790069 0.645655 0.435312 0.472163 0.509008 0.567291 0.930915 0.917700 0.739329 0.772674 0.543648 0.651226 0.648744 0.667897 0.514296 0.706702 0.984118 0.990055 0.939239 0.922789 0.836785 0.983995 0.733568 0.730972 0.804745 0.944922 0.960623 0.975554
0.393643 0.456636 0.928681 0.830580 0.902310 0.981660 0.889504 0.810549 0.988370 0.997065 0.000000 0.441578 0.856493 0.914474 0.962433 0.926403 0.414536 0.330491 0.582284 0.594723 0.836146 0.999672 0.859941 0.985525 0.982812 0.995690 0.899918 0.919468 0.482399 0.422496 0.870249 0.979297 0.653405 0.527569 0.956248 0.838602 0.776199 0.733525 0.838140 0.816624 0.609350 0.698968 0.965727 0.862265 0.942596 0.861154 0.656011 0.691512 0.862298 0.868523 0.874128 0.984844 0.840071 0.609989 0.615582 0.816803 0.438825 0.441501 0.563253 0.548108 0.442106 0.634980 0.507846 0.429923 0.979888 0.760479 0.690043 0.649136 0.457183 0.525899 0.967039 0.862530 0.703202 0.719514 0.776744 0.896950 0.988409 0.982007 0.538174 0.605097 0.430729 0.409351 0.704517 0.522223 0.759643 0.769966 0.978452 0.979152 0.844093 0.760823 0.876248 0.828015 0.934185 0.831860 0.731497 0.988941 0.890770 0.953567 0.998722 0.857760 0.907398 0.901599 0.945253 0.790793 0.743020 0.794661 0.722905 0.885507 0.836807 0.822830 0.881737 0.819468 0.974998 0.959105 0.837338 0.973067
0.393255 0.386218 0.786327 0.698656 0.862607 0.813386 0.854549 0.615484 0.856549 0.868731 0.441578 0.000000 0.764710 0.785388 0.992698 0.746012 0.475204 0.508030 0.644811 0.540169 0.768232 0.924830 0.836154 0.999500 0.871438 0.810905 0.966543 0.938787 0.553480 0.614227 0.869441 0.874556 0.600309 0.511812 0.938694 0.849021 0.709016 0.685000 0.753760 0.714088 0.574846 0.646469 0.827848 0.798388 0.980364 0.876381 0.591747 0.706054 0.852509 0.790170 0.816361 0.885627 0.916746 0.695218 0.666056 0.799285 0.484495 0.529581 0.557988 0.521036 0.462926 0.423378 0.692160 0.588605 0.903574 0.605570 0.698984 0.625013 0.462624 0.557132 0.719211 0.643479 0.578571 0.567674 0.702603 0.907711 0.877801 0.839279 0.530103 0.666732 0.490370 0.564014 0.900553 0.632613 0.858805 0.804327 0.866250 0.761345 0.806236 0.863058 0.840810 0.888068 0.764928 0.999410 0.748380 0.968500 0.709108 0.937584 0.869699 0.925128 0.918061 0.956639 0.748719 0.782330 0.596277 0.675027 0.801153 0.925034 0.980986 0.828606 0.926833 0.712903 0.941349 0.993873 0.895558 0.915306
0.841715 0.832705 0.458945 0.518360 0.909414 0.949813 0.760511 0.760704 0.861573 0.843984 0.856493 0.764710 0.000000 0.639219 0.498312 0.440205 0.863683 0.873416 0.800198 0.921257 0.805732 0.893381 0.562296 0.485986 0.527916 0.576424 0.680640 0.850043 0.914608 0.896735 0.813638 0.878137 0.654637 0.843501 0.844440 0.973048 0.674358 0.641364 0.594086 0.715813 0.963130 0.786607 0.788743 0.776009 0.965143 0.885740 0.611724 0.815098 0.815832 0.708526 0.591764 0.694039 0.758777 0.883534 0.787132 0.800596 0.926622 0.939321 0.960419 0.805462 0.704888 0.637802 0.813999 0.831121 0.443905 0.455052 0.803727 0.843292 0.742924 0.687462 0.935986 0.905137 0.975381 0.901226 0.775777 0.825428 0.670811 0.836866 0.836873 0.828148 0.951718 0.823156 0.898015 0.802824 0.621535 0.495623 0.904947 0.936697 0.557901 0.768321 0.839703 0.817921 0.799349 0.782171 0.842159 0.920232 0.932883 0.839843 0.973570 0.985656 0.861383 0.957392 0.869044 0.768407 0.773865 0.827164 0.927505 0.949265 0.866376 0.900733 0.912984 0.907702 0.927232 0.903050 0.765410 0.986550
0.896849 0.820974 0.649586 0.560019 0.749522 0.884888 0.988020 0.802613 0.963414 0.834753 0.914474 0.785388 0.639219 0.000000 0.558517 0.639986 0.797323 0.951831 0.864133 0.788705 0.921056 0.845177 0.597850 0.572071 0.664251 0.629594 0.672381 0.807102 0.921087 0.964393 0.927396 0.815978 0.721272 0.955612 0.797731 0.962115 0.791195 0.715377 0.730231 0.819848 0.886729 0.868184 0.841489 0.776541 0.892358 0.771285 0.774135 0.805963 0.767308 0.563138 0.687131 0.595148 0.775879 0.820167 0.866797 0.966102 0.962300 0.882654 0.933286 0.776471 0.986379 0.795353 0.872581 0.869725 0.593311 0.643298 0.974494 0.975069 0.796711 0.588364 0.978836 0.995662 0.947485 0.943102 0.860705 0.871552 0.786579 0.962141 0.698687 0.996235 0.963068 0.939401 0.800170 0.782517 0.767270 0.657497 0.942829 0.917589 0.839772 0.624983 0.992470 0.945476 0.867832 0.895997 0.962140 0.968189 0.976264 0.930116 0.866021 0.943112 0.914415 0.892520 0.988539 0.890903 0.758808 0.763909 0.847130 0.987989 0.795144 0.878123 0.802505 0.914816 0.889772 0.888606 0.719322 0.897587
0.918522 0.890639 0.734073 0.726688 0.985471 0.705713 0.916647 0.947098 0.975654 0.612887 0.962433 0.992698 0.498312 0.558517 0.000000 0.578892 0.800849 0.952437 0.876914 0.978418 0.869012 0.971175 0.401479 0.484657 0.704969 0.721350 0.511117 0.817672 0.992580 0.996184 0.770814 0.873138 0.733451 0.999560 0.819885 0.956633 0.802744 0.804929 0.724939 0.945484 0.943772 0.942205 0.876520 0.744059 0.770909 0.668705 0.783465 0.783662 0.654070 0.532518 0.538695 0.526691 0.582603 0.719317 0.674545 0.880842 0.885538 0.889397 0.976865 0.895364 0.897761 0.983866 0.989832 0.971494 0.548869 0.837558 0.903558 0.960918 0.808755 0.627993 0.743183 0.768938 0.805622 0.831665 0.885228 0.973741 0.902948 0.946254 0.892961 0.896109 0.880391 0.772896 0.573431 0.682754 0.523414 0.481721 0.772599 0.688862 0.735357 0.678390 0.818518 0.864191 0.886328 0.932776 0.919200 0.971977 0.826619 0.873874 0.771575 0.901755 0.679004 0.994948 0.749767 0.789081 0.899065 0.993021 0.961925 0.970213 0.775264 0.997878 0.816831 0.930393 0.940103 0.939321 0.789993 0.935480
0.807600 0.793388 0.410861 0.442324 0.876345 0.852513 0.535921 0.597435 0.577489 0.953691 0.926403 0.746012 0.440205 0.639986 0.578892 0.000000 0.970867 0.975207 0.631087 0.669682 0.709422 0.840895 0.499495 0.545607 0.521475 0.485817 0.802822 0.961277 0.973433 0.994967 0.504067 0.607504 0.496019 0.651886 0.851617 0.997537 0.672209 0.557483 0.601825 0.680457 0.935513 0.866410 0.528549 0.550894 0.695080 0.710125 0.653070 0.741428 0.742223 0.680857 0.561064 0.643931 0.635021 0.765752 0.801664 0.765425 0.805543 0.960456 0.991055 0.999794 0.781152 0.710606 0.752301 0.807304 0.442436 0.553177 0.605888 0.731058 0.716837 0.744449 0.714262 0.655045 0.823275 0.723673 0.870546 0.774324 0.558578 0.622247 0.712109 0.864002 0.963331 0.909261 0.818338 0.842606 0.702638 0.631872 0.973263 0.882988 0.795145 0.795529 0.684203 0.684724 0.654875 0.666268 0.838660 0.779875 0.899463 0.881941 0.751933 0.710288 0.988272 0.808212 0.916084 0.915187 0.661589 0.792699 0.956283 0.782839 0.990283 0.982689 0.981968 0.822521 0.799872 0.978505 0.737806 0.884364
0.397105 0.446089 0.828778 0.893081 0.893879 0.862763 0.916829 0.910646 0.985700 0.883716 0.414536 0.475204 0.863683 0.797323 0.800849 0.970867 0.000000 0.286073 0.645823 0.633146 0.844908 0.914684 0.630122 0.728251 0.745093 0.787119 0.846862 0.981713 0.439158 0.407615 0.955287 0.995305 0.762263 0.525041 0.870219 0.802882 0.901267 0.905962 0.968544 0.931976 0.590305 0.730777 0.999038 0.911950 0.972366 0.924473 0.793942 0.774286 0.907127 0.999788 0.965618 0.888755 0.726152 0.537992 0.755540 0.864793 0.382885 0.438256 0.488123 0.636637 0.501578 0.766308 0.407543 0.346280 0.751724 0.993018 0.717780 0.639267 0.560690 0.768000 0.911114 0.815840 0.562838 0.663301 0.865665 0.941907 0.912515 0.986522 0.611661 0.642844 0.386141 0.466243 0.749964 0.647609 0.921171 0.973385 0.980300 0.928033 0.993564 0.970332 0.886019 0.816603 0.879889 0.736727 0.746384 0.913297 0.832942 0.908630 0.903390 0.978774 0.998180 0.806902 0.824605 0.665114 0.846101 0.807512 0.848353 0.988327 0.918312 0.899857 0.936648 0.692036 0.997054 0.938879 0.956842 0.984291
0.385669 0.438954 0.830047 0.947316 0.899676 0.996083 0.950992 0.936796 0.940553 0.971012 0.330491 0.508030 0.873416 0.951831 0.952437 0.975207 0.286073 0.000000 0.629072 0.586496 0.900124 0.983036 0.769034 0.843603 0.773960 0.799870 0.997973 0.949692 0.401674 0.346313 0.942812 0.977586 0.711693 0.520014 0.897922 0.837672 0.880723 0.867091 0.968614 0.915807 0.542032 0.730367 0.950765 0.912569 0.937164 0.859524 0.787538 0.711719 0.871678 0.921917 0.977737 0.971726 0.841907 0.551965 0.687569 0.916281 0.355580 0.386352 0.522510 0.609353 0.509439 0.826521 0.358348 0.293432 0.826009 0.995973 0.759955 0.685464 0.536997 0.640192 0.962889 0.927565 0.640380 0.758686 0.909746 0.952160 0.820974 0.995968 0.589487 0.605199 0.371467 0.409796 0.606035 0.540365 0.811012 0.903640 0.983558 0.946878 0.999565 0.861883 0.791088 0.717719 0.809330 0.708466 0.736937 0.920114 0.981549 0.959340 0.997103 0.943331 0.925952 0.792643 0.903598 0.728349 0.830132 0.824108 0.769422 0.898860 0.920842 0.931321 0.973246 0.784372 0.939077 0.962066 0.956984 0.911472
0.613022 0.636382 0.667996 0.673402 0.883303 0.796589 0.491716 0.534052 0.649276 0.811580 0.582284 0.644811 0.800198 0.864133 0.876914 0.631087 0.645823 0.629072 0.000000 0.568803 0.837822 0.968019 0.844338 0.928528 0.936338 0.808935 0.945655 0.944156 0.577840 0.535328 0.604371 0.639464 0.515573 0.414030 0.857513 0.977157 0.876803 0.822709 0.825344 0.890154 0.785570 0.815225 0.745946 0.769233 0.804136 0.826418 0.701109 0.795716 0.892447 0.883010 0.885296 0.907831 0.966025 0.879977 0.781440 0.928508 0.675832 0.840217 0.747781 0.809329 0.569076 0.756218 0.859290 0.816776 0.856361 0.707453 0.514717 0.555943 0.725726 0.798175 0.753765 0.660828 0.623178 0.610619 0.866358 0.938493 0.818639 0.751976 0.636481 0.716003 0.746273 0.700442 0.840141 0.783813 0.825393 0.857264 0.942797 0.969719 0.999383 0.944499 0.829278 0.873188 0.774737 0.887785 0.766930 0.953596 0.771344 0.917288 0.777923 0.777015 0.960700 0.945543 0.901779 0.945560 0.792821 0.887954 0.974025 0.934990 0.982890 0.969691 0.932378 0.796487 0.887912 0.890993 0.746740 0.897215
0.535448 0.529248 0.670929 0.586970 0.832823 0.950671 0.769706 0.595229 0.756855 0.847188 0.594723 0.540169 0.921257 0.788705 0.978418 0.669682 0.633146 0.586496 0.568803 0.000000 0.730489 0.901137 0.959912 0.908768 0.746103 0.712510 0.909225 0.932891 0.635617 0.671394 0.704322 0.766445 0.643381 0.588667 0.926586 0.886824 0.716688 0.601707 0.780830 0.782665 0.653009 0.740085 0.702424 0.655526 0.881179 0.848572 0.728404 0.735009 0.868951 0.786040 0.894113 0.911313 0.990065 0.819105 0.725521 0.845238 0.541159 0.761231 0.822638 0.813685 0.767677 0.685724 0.923342 0.833812 0.776225 0.678406 0.670741 0.710623 0.551917 0.669138 0.671043 0.573360 0.710266 0.630499 0.913460 0.953874 0.839477 0.756129 0.604600 0.846942 0.765190 0.761171 0.855376 0.832713 0.865601 0.899230 0.948915 0.926740 0.938039 0.745947 0.858946 0.882614 0.773666 0.820609 0.808409 0.984932 0.871071 0.928558 0.812578 0.794883 0.950077 0.931913 0.867554 0.871369 0.580452 0.672840 0.987791 0.997953 0.909957 0.964757 0.946333 0.776529 0.963860 0.912191 0.888203 0.967167
0.726373 0.764636 0.754616 0.688952 0.820877 0.863068 0.842878 0.872754 0.784447 0.966958 0.836146 0.768232 0.805732 0.921056 0.869012 0.709422 0.844908 0.900124 0.837822 0.730489 0.000000 0.878043 0.864623 0.922410 0.819480 0.700632 0.846101 0.794084 0.934372 0.938385 0.697806 0.990023 0.766925 0.772307 0.853960 0.922608 0.616747 0.809280 0.693855 0.784993 0.999339 0.883414 0.673440 0.681820 0.806845 0.816928 0.728155 0.758180 0.781977 0.801122 0.808446 0.844917 0.924011 0.996344 0.934514 0.934732 0.807477 0.859605 0.873068 0.890322 0.882280 0.753890 0.907634 0.981856 0.758529 0.765645 0.729990 0.684146 0.719885 0.716738 0.763163 0.802273 0.831046 0.723654 0.959675 0.862101 0.774461 0.778691 0.823761 0.858926 0.872003 0.895705 0.970334 0.946268 0.846383 0.828892 0.976300 0.797528 0.972603 0.869604 0.870679 0.838618 0.847791 0.868052 0.871631 0.939361 0.878749 0.901433 0.787132 0.848377 0.847614 0.973978 0.916868 0.762551 0.687857 0.862250 0.947953 0.979477 0.883006 0.985690 0.942495 0.879481 0.920639 0.986016 0.885353 0.843161
0.933613 0.903799 0.827938 0.849071 0.945324 0.999697 0.880346 0.892236 0.927132 0.887468 0.999672 0.924830 0.893381 0.845177 0.971175 0.840895 0.914684 0.983036 0.968019 0.901137 0.878043 0.000000 0.943194 0.902490 0.808792 0.879446 0.966834 0.981105 0.943242 0.891220 0.824356 0.902109 0.900564 0.857602 0.843748 0.958618 0.674321 0.806525 0.947134 0.814399 0.893693 0.994777 0.796374 0.840771 0.876305 0.915163 0.862379 0.786560 0.960416 0.995804 0.913493 0.977804 0.914473 0.987529 0.827714 0.890756 0.893907 0.999719 0.952657 0.954395 0.985066 0.978327 0.903005 0.961596 0.839154 0.912856 0.812632 0.910368 0.939073 0.985987 0.785365 0.888460 0.982817 0.971060 0.879025 0.922636 0.972641 0.909419 0.944126 0.923065 0.945953 0.886209 0.944828 0.904113 0.856478 0.872701 0.949520 0.984433 0.913086 0.959592 0.914601 0.899191 0.861397 0.875912 0.999026 0.880068 0.900003 0.965919 0.875326 0.953241 0.886880 0.917668 0.962086 0.906124 0.922270 0.998832 0.983236 0.937064 0.921438 0.943700 0.936040 0.964051 0.979041 0.965274 0.969010 0.821878
0.946484 0.976968 0.566380 0.563536 0.889007 0.808677 0.716622 0.882385 0.820588 0.704651 0.859941 0.836154 0.562296 0.597850 0.401479 0.499495 0.630122 0.769034 0.844338 0.959912 0.864623 0.943194 0.000000 0.355556 0.543519 0.578154 0.546929 0.741076 0.835079 0.802327 0.703346 0.745649 0.671945 0.985470 0.755687 0.826943 0.833691 0.814647 0.710570 0.871335 0.877540 0.919095 0.644911 0.589252 0.625206 0.617543 0.754013 0.724497 0.673355 0.541040 0.554744 0.495563 0.436361 0.576286 0.781988 0.821494 0.987328 0.863531 0.859094 0.938247 0.876378 0.868207 0.728410 0.693043 0.401380 0.788321 0.759173 0.946590 0.950436 0.768104 0.866207 0.888506 0.813880 0.833761 0.923254 0.894310 0.746846 0.792460 0.972681 0.979532 0.887949 0.971260 0.722340 0.837883 0.489226 0.449448 0.865571 0.768979 0.737578 0.635573 0.995327 0.954267 0.962391 0.887072 0.989773 0.839436 0.806317 0.993675 0.975675 0.871676 0.811906 0.905371 0.804662 0.731593 0.808298 0.934164 0.904249 0.942529 0.938848 0.990834 0.885822 0.938534 0.879180 0.893377 0.760007 0.956686
0.983141 0.941671 0.507337 0.492906 0.936271 0.778638 0.810737 0.838032 0.942967 0.643702 0.985525 0.999500 0.485986 0.572071 0.484657 0.545607 0.728251 0.843603 0.928528 0.908768 0.922410 0.902490 0.355556 0.000000 0.428691 0.587363 0.557028 0.820754 0.806348 0.824491 0.870372 0.865450 0.769651 0.986132 0.759774 0.938240 0.747910 0.746773 0.614153 0.805405 0.945675 0.973887 0.719699 0.625100 0.765734 0.721263 0.661951 0.655585 0.753557 0.583194 0.612409 0.630526 0.600938 0.784071 0.754885 0.765994 0.945772 0.962923 0.928036 0.929303 0.957823 0.941157 0.744088 0.756590 0.361975 0.629488 0.763733 0.997890 0.872499 0.766039 0.906622 0.927619 0.826181 0.817291 0.891845 0.917561 0.762233 0.843448 0.954687 0.889528 0.988520 0.860348 0.771575 0.743787 0.491083 0.377146 0.884516 0.781441 0.591293 0.551759 0.954475 0.962501 0.986899 0.943028 0.930710 0.820873 0.855885 0.955178 0.902447 0.942441 0.789947 0.995307 0.770405 0.759964 0.803275 0.792545 0.992730 0.978109 0.950711 0.904298 0.872919 0.935382 0.946238 0.894052 0.800839 0.997595
0.928930 0.873248 0.353908 0.350754 0.894105 0.872229 0.768375 0.664971 0.801152 0.800894 0.982812 0.871438 0.527916 0.664251 0.704969 0.521475 0.745093 0.773960 0.936338 0.746103 0.819480 0.808792 0.543519 0.428691 0.000000 0.389680 0.680534 0.857591 0.733165 0.664801 0.737591 0.857680 0.711539 0.904890 0.766135 0.903851 0.598074 0.588215 0.540818 0.578319 0.991645 0.974793 0.539217 0.540996 0.854656 0.810861 0.598414 0.647490 0.803711 0.658033 0.659024 0.707033 0.732708 0.873560 0.736535 0.734130 0.898596 0.915673 0.902319 0.916710 0.946866 0.702909 0.565918 0.657139 0.285163 0.443060 0.735596 0.888129 0.746213 0.753181 0.764023 0.785950 0.945923 0.917307 0.780980 0.819365 0.636416 0.702935 0.884838 0.879537 0.895631 0.997297 0.986502 0.923713 0.614590 0.534994 0.905917 0.923063 0.630748 0.639849 0.832915 0.803227 0.742817 0.685096 0.949288 0.769903 0.930923 0.889536 0.900466 0.862784 0.995997 0.951968 0.896425 0.743056 0.616184 0.724573 0.850708 0.948100 0.936202 0.918858 0.980030 0.973090 0.973839 0.980635 0.863336 0.900282
0.926497 0.922663 0.360822 0.337414 0.824144 0.938647 0.700344 0.602033 0.584517 0.999379 0.995690 0.810905 0.576424 0.629594 0.721350 0.485817 0.787119 0.799870 0.808935 0.712510 0.700632 0.879446 0.578154 0.587363 0.389680 0.000000 0.779361 0.866653 0.864323 0.775136 0.676537 0.770772 0.672439 0.889746 0.662002 0.890455 0.542488 0.657880 0.539404 0.578861 0.935780 0.974376 0.521942 0.592658 0.828361 0.816974 0.676139 0.745688 0.826430 0.673674 0.690274 0.722349 0.783236 0.836467 0.830000 0.805604 0.996905 0.853223 0.820364 0.995556 0.964454 0.680651 0.568206 0.634441 0.378250 0.468637 0.724504 0.839467 0.756648 0.757047 0.662332 0.655234 0.934034 0.824224 0.898753 0.760318 0.557081 0.626556 0.840096 0.940055 0.848135 0.893949 0.952418 0.985579 0.785008 0.683695 0.952365 0.824322 0.807912 0.719443 0.669842 0.639201 0.579691 0.592947 0.846903 0.811033 0.839378 0.797250 0.797034 0.738963 0.945923 0.863659 0.968096 0.902228 0.611678 0.788588 0.817250 0.836315 0.971052 0.882900 0.964799 0.929325 0.917362 0.874202 0.846929 0.904401
0.910252 0.903154 0.781233 0.766883 0.998415 0.515990 0.828638 0.816118 0.920730 0.678452 0.899918 0.966543 0.680640 0.672381 0.511117 0.802822 0.846862 0.997973 0.945655 0.909225 0.846101 0.966834 0.546929 0.557028 0.680534 0.779361 0.000000 0.722981 0.994934 0.937008 0.982479 0.868817 0.941267 0.916831 0.766654 0.874778 0.748205 0.766532 0.803926 0.888878 0.993911 0.908534 0.896214 0.788807 0.833097 0.726596 0.812040 0.712300 0.687502 0.627176 0.748673 0.715161 0.642524 0.816477 0.769360 0.889699 0.885208 0.889024 0.964585 0.904936 0.930646 0.970521 0.951516 0.943898 0.554538 0.870002 0.988823 0.810230 0.816634 0.655144 0.777811 0.745252 0.763851 0.832344 0.799085 0.876553 0.937566 0.942109 0.971405 0.924066 0.921427 0.843468 0.697024 0.696476 0.609854 0.568805 0.828266 0.801789 0.622404 0.635781 0.792253 0.807366 0.821483 0.917400 0.946267 0.890178 0.726171 0.810260 0.768683 0.857102 0.720654 0.870932 0.766987 0.934105 0.891015 0.894948 0.870566 0.929264 0.852107 0.959950 0.961098 0.972954 0.812588 0.904683 0.900738 0.930899
0.800649 0.764164 0.932514 0.871310 0.846012 0.892923 0.862273 0.922014 0.841339 0.655459 0.919468 0.938787 0.850043 0.807102 0.817672 0.961277 0.981713 0.949692 0.944156 0.932891 0.794084 0.981105 0.741076 0.820754 0.857591 0.866653 0.722981 0.000000 0.990660 0.917525 0.890955 0.819104 0.886401 0.915769 0.788373 0.989280 0.882442 0.995067 0.860312 0.771105 0.948292 0.924618 0.903555 0.823424 0.921398 0.834051 0.809452 0.715543 0.724450 0.670347 0.779465 0.686878 0.821135 0.983482 0.757155 0.811494 0.852844 0.724125 0.825868 0.757717 0.968466 0.984375 0.920420 0.904905 0.777102 0.894902 0.975401 0.883875 0.759620 0.695410 0.810107 0.805794 0.873684 0.888898 0.894835 0.817535 0.917101 0.962701 0.834957 0.942528 0.887123 0.770731 0.790650 0.747207 0.614389 0.637232 0.862246 0.777486 0.809704 0.647615 0.745434 0.828690 0.815510 0.874118 0.911207 0.854843 0.793377 0.974860 0.824279 0.867919 0.822392 0.806408 0.757909 0.889405 0.934864 0.931075 0.995240 0.972573 0.875562 0.990064 0.817097 0.924285 0.958054 0.971386 0.917980 0.980467
0.581234 0.518303 0.885443 0.951050 0.849869 0.945015 0.875384 0.932791 0.900927 0.848126 0.482399 0.553480 0.914608 0.921087 0.992580 0.973433 0.439158 0.401674 0.577840 0.635617 0.934372 0.943242 0.835079 0.806348 0.733165 0.864323 0.994934 0.990660 0.000000 0.389326 0.857161 0.891930 0.689378 0.518728 0.928745 0.901264 0.999175 0.978970 0.931416 0.908359 0.672909 0.697941 0.964670 0.962379 0.860230 0.842603 0.916956 0.849512 0.826668 0.891879 0.938851 0.993260 0.963863 0.851844 0.790230 0.987208 0.561442 0.578514 0.675034 0.746474 0.588155 0.934980 0.483681 0.487347 0.787358 0.919693 0.754620 0.759190 0.664613 0.727073 0.959223 0.831097 0.607753 0.751405 0.912904 0.953163 0.936084 0.917597 0.652961 0.769492 0.537080 0.598801 0.656862 0.672243 0.957867 0.984044 0.958384 0.972102 0.957047 0.976017 0.934215 0.919626 0.984946 0.882437 0.832025 0.932258 0.985789 0.991425 0.938555 0.952082 0.897720 0.893318 0.883367 0.701461 0.893724 0.889444 0.768224 0.956065 0.925803 0.953525 0.924420 0.789702 0.985568 0.978841 0.972641 0.854262
0.584330 0.620427 0.863149 0.926683 0.930940 0.869341 0.830132 0.863499 0.948510 0.813994 0.422496 0.614227 0.896735 0.964393 0.996184 0.994967 0.407615 0.346313 0.535328 0.671394 0.938385 0.891220 0.802327 0.824491 0.664801 0.775136 0.937008 0.917525 0.389326 0.000000 0.840319 0.864576 0.748788 0.555852 0.868372 0.903370 0.983273 0.987945 0.901351 0.905567 0.693240 0.715707 0.905718 0.960661 0.882698 0.893169 0.924013 0.911468 0.964953 0.978245 0.970627 0.921978 0.866443 0.743387 0.801341 0.972571 0.583623 0.608580 0.615811 0.753696 0.514223 0.893343 0.431823 0.433641 0.720152 0.926488 0.694183 0.708190 0.728629 0.816686 0.967146 0.893266 0.580050 0.756467 0.949112 0.991251 0.919806 0.903495 0.671729 0.757856 0.534672 0.546653 0.715539 0.679238 0.995598 0.978286 0.902050 0.922029 0.880952 0.985905 0.929334 0.846708 0.921248 0.817002 0.785484 0.978096 0.854256 0.990461 0.906810 0.965832 0.887089 0.947773 0.840723 0.702855 0.930462 0.912187 0.757749 0.974431 0.881713 0.889180 0.918393 0.750995 0.997350 0.961105 0.867117 0.994068
0.870874 0.888334 0.610503 0.637862 0.848437 0.885952 0.485065 0.639607 0.443643 0.805802 0.870249 0.869441 0.813638 0.927396 0.770814 0.504067 0.955287 0.942812 0.604371 0.704322 0.697806 0.824356 0.703346 0.870372 0.737591 0.676537 0.982479 0.890955 0.857161 0.840319 0.000000 0.539190 0.578570 0.599389 0.926169 0.997686 0.743717 0.679378 0.779025 0.786455 0.973591 0.987622 0.511723 0.503453 0.539135 0.666499 0.842755 0.809659 0.781332 0.782976 0.622670 0.735088 0.675041 0.696078 0.774100 0.902254 0.808201 0.868072 0.919682 0.843304 0.904792 0.909572 0.855029 0.910495 0.725406 0.860642 0.520040 0.710733 0.845457 0.858682 0.600542 0.635358 0.721179 0.713331 0.933516 0.832381 0.599633 0.527943 0.720070 0.833004 0.952575 0.983892 0.861051 0.976563 0.912612 0.884711 0.921771 0.735880 0.965047 0.977520 0.675435 0.630229 0.611129 0.617658 0.886711 0.902602 0.873284 0.908498 0.603644 0.650998 0.935697 0.661316 0.803519 0.926228 0.759104 0.990020 0.913728 0.814110 0.979809 0.887010 0.924028 0.928074 0.783496 0.977928 0.853721 0.876308
0.979410 0.923101 0.735048 0.714548 0.807446 0.739319 0.464987 0.582971 0.586139 0.807229 0.979297 0.874556 0.878137 0.815978 0.873138 0.607504 0.995305 0.977586 0.639464 0.766445 0.990023 0.902109 0.745649 0.865450 0.857680 0.770772 0.868817 0.819104 0.891930 0.864576 0.539190 0.000000 0.662046 0.677764 0.951334 0.909881 0.939250 0.906629 0.915921 0.963910 0.928132 0.931636 0.674774 0.730818 0.746728 0.838380 0.871560 0.948197 0.948837 0.858864 0.803921 0.800321 0.804106 0.779935 0.906641 0.998523 0.902244 0.865452 0.962243 0.894914 0.890293 0.979474 0.935886 0.921706 0.851433 0.907571 0.616548 0.729597 0.963757 0.887601 0.732307 0.743213 0.707539 0.781665 0.935972 0.855285 0.791053 0.701646 0.822103 0.853096 0.940054 0.970206 0.944948 0.933259 0.965055 0.942898 0.764307 0.988521 0.862661 0.877387 0.697718 0.638969 0.636332 0.757075 0.827809 0.978836 0.872945 0.954035 0.762668 0.653665 0.945385 0.772249 0.788694 0.939812 0.674730 0.863572 0.946796 0.903773 0.958475 0.997386 0.892803 0.965031 0.837245 0.981196 0.779739 0.944195
0.560631 0.528641 0.630957 0.566440 0.806716 0.806801 0.476708 0.557006 0.682412 0.988385 0.653405 0.600309 0.654637 0.721272 0.733451 0.496019 0.762263 0.711693 0.515573 0.643381 0.766925 0.900564 0.671945 0.769651 0.711539 0.672439 0.941267 0.886401 0.689378 0.748788 0.578570 0.662046 0.000000 0.445305 0.898460 0.984313 0.778284 0.693823 0.798589 0.718686 0.699206 0.810921 0.563492 0.562011 0.680838 0.661463 0.608981 0.593399 0.689288 0.626121 0.606677 0.642611 0.756303 0.992706 0.638535 0.742452 0.557834 0.730844 0.688482 0.694909 0.615003 0.672518 0.905752 0.863715 0.636665 0.602654 0.503680 0.502186 0.624557 0.639612 0.805801 0.733557 0.656872 0.629127 0.837737 0.858075 0.754751 0.643192 0.659852 0.740646 0.692270 0.652673 0.677740 0.677552 0.588915 0.591492 0.996579 0.929348 0.874033 0.721141 0.841195 0.846988 0.752976 0.881786 0.760898 0.803541 0.813494 0.771708 0.700488 0.838321 0.995295 0.930648 0.834866 0.947822 0.576133 0.744688 0.986653 0.883378 0.935410 0.878475 0.925518 0.815809 0.825093 0.976801 0.763083 0.990393
0.512642 0.494254 0.780127 0.726527 0.812512 0.742495 0.527861 0.557323 0.685044 0.822691 0.527569 0.511812 0.843501 0.955612 0.999560 0.651886 0.525041 0.520014 0.414030 0.588667 0.772307 0.857602 0.985470 0.986132 0.904890 0.889746 0.916831 0.915769 0.518728 0.555852 0.599389 0.677764 0.445305 0.000000 0.868231 0.951767 0.781754 0.763357 0.840489 0.811304 0.677719 0.762315 0.698256 0.701341 0.721273 0.768812 0.699983 0.707076 0.819790 0.886943 0.803508 0.907210 0.921998 0.874068 0.761706 0.835545 0.495094 0.701315 0.673187 0.744453 0.548873 0.703323 0.774833 0.707664 0.900696 0.770905 0.472075 0.494199 0.624839 0.747438 0.666192 0.589631 0.478330 0.556521 0.728921 0.974727 0.802536 0.689168 0.621283 0.601671 0.607007 0.649797 0.791538 0.711058 0.827174 0.848490 0.889265 0.837981 0.977964 0.956641 0.802017 0.813348 0.739800 0.878488 0.694730 0.836334 0.756216 0.876723 0.651268 0.762268 0.930278 0.904922 0.766896 0.816372 0.700200 0.757450 0.860670 0.903766 0.971144 0.987773 0.994236 0.705367 0.841336 0.864554 0.801187 0.978539
0.943824 0.949364 0.840432 0.793490 0.857389 0.889102 0.912447 0.961968 0.936767 0.863527 0.956248 0.938694 0.844440 0.797731 0.819885 0.851617 0.870219 0.897922 0.857513 0.926586 0.853960 0.843748 0.755687 0.759774 0.766135 0.662002 0.766654 0.788373 0.928745 0.868372 0.926169 0.951334 0.898460 0.868231 0.000000 0.928844 0.801498 0.828163 0.742257 0.822065 0.908242 0.983081 0.728653 0.727427 0.805512 0.678935 0.770156 0.736802 0.705354 0.655143 0.723471 0.718833 0.809250 0.882702 0.932065 0.831554 0.952493 0.919611 0.932965 0.858861 0.890082 0.953564 0.916294 0.905281 0.732376 0.880392 0.967227 0.964610 0.824650 0.837799 0.893516 0.931066 0.956861 0.888354 0.988447 0.870051 0.833221 0.904886 0.982725 0.933482 0.964011 0.980988 0.929438 0.944512 0.791829 0.749178 0.960666 0.972516 0.785281 0.602960 0.907166 0.891036 0.911382 0.923661 0.828549 0.845100 0.919841 0.842431 0.994182 0.942871 0.952295 0.946189 0.993409 0.945644 0.853388 0.868979 0.991114 0.948478 0.996818 0.792421 0.931495 0.911839 0.898354 0.986435 0.862218 0.900433
0.862616 0.888905 0.957153 0.957325 0.939989 0.890499 0.971515 0.941821 0.968129 0.950954 0.838602 0.849021 0.973048 0.962115 0.956633 0.997537 0.802882 0.837672 0.977157 0.886824 0.922608 0.958618 0.826943 0.938240 0.903851 0.890455 0.874778 0.989280 0.901264 0.903370 0.997686 0.909881 0.984313 0.951767 0.928844 0.000000 0.847079 0.945932 0.985036 0.865040 0.773360 0.942190 0.903916 0.949959 0.797899 0.853953 0.950963 0.997681 0.912242 0.926944 0.971384 0.847615 0.743276 0.778641 0.890857 0.912206 0.880482 0.844606 0.943029 0.875049 0.788959 0.811386 0.909574 0.869352 0.998288 0.826242 0.963982 0.942020 0.749708 0.888826 0.870703 0.793320 0.820992 0.858888 0.984216 0.928619 0.964560 0.980105 0.858759 0.919883 0.894727 0.885722 0.995027 0.961454 0.976762 0.971560 0.933950 0.913692 0.992643 0.909486 0.959949 0.990522 0.989064 0.978716 0.942180 0.879185 0.930507 0.943405 0.986775 0.960678 0.870700 0.786698 0.926507 0.985868 0.872256 0.978372 0.984709 0.892241 0.932442 0.882252 0.964319 0.987139 0.941615 0.866564 0.803589 0.877020
0.714770 0.757816 0.616042 0.542448 0.792632 0.966180 0.894254 0.759182 0.781545 0.947098 0.776199 0.709016 0.674358 0.791195 0.802744 0.672209 0.901267 0.880723 0.876803 0.716688 0.616747 0.674321 0.833691 0.747910 0.598074 0.542488 0.748205 0.882442 0.999175 0.983273 0.743717 0.939250 0.778284 0.781754 0.801498 0.847079 0.000000 0.544120 0.704548 0.521651 0.861234 0.879868 0.610215 0.568297 0.817216 0.754063 0.665327 0.704615 0.736223 0.735986 0.716453 0.778463 0.881474 0.979653 0.775069 0.833350 0.726735 0.838647 0.943887 0.856287 0.907377 0.689990 0.896155 0.992047 0.583469 0.619656 0.736995 0.831521 0.662500 0.674544 0.749128 0.771046 0.898441 0.848023 0.944105 0.875216 0.734623 0.757407 0.756783 0.717970 0.822085 0.825739 0.867703 0.814217 0.764272 0.735808 0.920725 0.786232 0.791540 0.724552 0.878376 0.887753 0.789782 0.796473 0.852085 0.827634 0.925662 0.927444 0.834825 0.906040 0.864307 0.981762 0.945308 0.901128 0.810076 0.775804 0.995334 0.992196 0.932800 0.985778 0.971384 0.977504 0.950548 0.958599 0.844359 0.812732
0.646838 0.717523 0.568516 0.561914 0.861802 0.884404 0.849161 0.753943 0.816779 0.995303 0.733525 0.685000 0.641364 0.715377 0.804929 0.557483 0.905962 0.867091 0.822709 0.601707 0.809280 0.806525 0.814647 0.746773 0.588215 0.657880 0.766532 0.995067 0.978970 0.987945 0.679378 0.906629 0.693823 0.763357 0.828163 0.945932 0.544120 0.000000 0.696531 0.592298 0.817415 0.922665 0.644790 0.581227 0.770011 0.687848 0.700107 0.659546 0.704744 0.702357 0.624720 0.715048 0.822800 0.970407 0.701631 0.782263 0.661861 0.830976 0.879025 0.832943 0.840716 0.682091 0.907022 0.991599 0.586924 0.618358 0.798855 0.864715 0.589963 0.624464 0.803269 0.781274 0.864104 0.669868 0.835315 0.738455 0.722274 0.801529 0.623165 0.859850 0.827636 0.814559 0.777208 0.755529 0.762733 0.723097 0.975873 0.835678 0.699467 0.637391 0.958259 0.913875 0.858701 0.790923 0.892256 0.884414 0.985965 0.893286 0.923167 0.993711 0.924446 0.923562 0.916289 0.990168 0.803652 0.832050 0.880188 0.869426 0.873085 0.936726 0.972144 0.941503 0.909854 0.997657 0.740337 0.936827
