0.000000 0.274309 0.721483 0.677775 0.947381 0.827691 0.596972 0.629862 0.903547 0.769086 0.361237 0.436381 0.455274 0.406721 0.711268 0.670273 0.394344 0.257866 0.358279 0.314702 0.705423 0.896975 0.889980 0.702184 0.781726 0.903687 0.903093 0.913053 0.724014 0.672093 0.800507 0.870595 0.547970 0.513229 0.828590 0.747508 0.745118 0.696462 0.822842 0.783253 0.729685 0.832723 0.686414 0.622587 0.811314 0.755597 0.525206 0.651781 0.804150 0.741712 0.908325 0.811787 0.916014 0.618348 0.517333 0.655794 0.264410 0.284318 0.416029 0.505065 0.605475 0.877661 0.527125 0.568928 0.752191 0.624771 0.617156 0.685947 0.355941 0.470586 0.904550 0.962348 0.862739 0.910697 0.773688 0.865246 0.823035 0.976046 0.758656 0.540455 0.285214 0.246427 0.573283 0.374829 0.487529 0.500680 0.612247 0.686447 0.618654 0.518801 0.688743 0.836897 0.595194 0.779054 0.757196 0.984363 0.667497 0.881522 0.650930 0.750448 0.921540 0.850456 0.777051 0.704125 0.821028 0.863619 0.885841 0.906743 0.870326 0.842488 0.918310 0.850747 0.890256 0.862514 0.976301 0.936483
0.274309 0.000000 0.596204 0.541076 0.832925 0.789579 0.518652 0.551814 0.992127 0.818535 0.495473 0.466802 0.408971 0.382174 0.610388 0.546173 0.407211 0.285195 0.375796 0.298274 0.704350 0.857933 0.717593 0.602185 0.689545 0.815483 0.859119 0.943277 0.708726 0.653488 0.885377 0.808371 0.505304 0.489276 0.797029 0.855853 0.742601 0.665562 0.766171 0.760506 0.735663 0.825471 0.562259 0.526379 0.725356 0.673944 0.452717 0.543191 0.752346 0.649875 0.773414 0.669165 0.942099 0.682580 0.516697 0.670524 0.231558 0.200087 0.353676 0.386197 0.499043 0.745035 0.510952 0.509510 0.647936 0.513834 0.523007 0.581227 0.439439 0.463032 0.836660 0.937836 0.923124 0.793983 0.817834 0.985862 0.767933 0.884570 0.645958 0.563714 0.304964 0.277936 0.513764 0.406177 0.389824 0.406651 0.622713 0.565636 0.584919 0.480707 0.674556 0.825116 0.518425 0.791004 0.674289 0.949859 0.649534 0.893692 0.629143 0.707495 0.946806 0.895085 0.769431 0.711106 0.693484 0.723648 0.988376 0.996591 0.806007 0.791133 0.800246 0.757849 0.856723 0.814179 0.765103 0.999395
0.721483 0.596204 0.000000 0.266072 0.613318 0.824586 0.344743 0.423349 0.615341 0.927221 0.948425 0.707806 0.480740 0.682738 0.556061 0.607977 0.917994 0.852577 0.721812 0.661969 0.678377 0.886131 0.385230 0.402503 0.401498 0.437476 0.752830 0.931606 0.997631 0.932566 0.736129 0.841866 0.554764 0.682007 0.656711 0.728208 0.556600 0.601909 0.783329 0.839181 0.823968 0.833065 0.791705 0.790697 0.770813 0.853916 0.749471 0.850894 0.954798 0.964967 0.996489 0.914580 0.939904 0.881788 0.601169 0.835691 0.738161 0.667021 0.746628 0.773872 0.331178 0.447402 0.988356 0.833379 0.276823 0.262538 0.470506 0.512609 0.634985 0.788708 0.645910 0.644491 0.787823 0.768602 0.970968 0.812164 0.826449 0.724764 0.915988 0.929094 0.817336 0.749098 0.818087 0.787553 0.385703 0.371773 0.710375 0.793731 0.655002 0.566035 0.668595 0.963728 0.586604 0.797318 0.744810 0.957572 0.719733 0.912169 0.839726 0.824621 0.883560 0.997637 0.903507 0.913614 0.609266 0.761230 0.898901 0.948458 0.701438 0.855359 0.796503 0.825316 0.977688 0.928952 0.819008 0.869504
0.677775 0.541076 0.266072 0.000000 0.608710 0.801479 0.374728 0.397056 0.694673 0.913520 0.930887 0.613046 0.461085 0.584139 0.527310 0.547501 0.880348 0.718370 0.595251 0.544705 0.715383 0.879595 0.333560 0.327675 0.450465 0.563441 0.657070 0.983690 0.902257 0.994458 0.836663 0.778358 0.582209 0.678715 0.641830 0.731219 0.620031 0.630908 0.768181 0.824659 0.861206 0.779535 0.738536 0.750885 0.770214 0.824859 0.740231 0.764867 0.998211 0.934528 0.996168 0.924401 0.962659 0.821537 0.602737 0.789686 0.671818 0.591332 0.719365 0.737517 0.408986 0.531308 0.938653 0.776313 0.299199 0.315761 0.410951 0.497156 0.647298 0.817435 0.602309 0.598155 0.815494 0.765644 0.991793 0.795816 0.749937 0.696869 0.820115 0.848714 0.705032 0.671125 0.781196 0.716276 0.340056 0.355561 0.637372 0.721668 0.612052 0.516137 0.570611 0.859578 0.462273 0.697395 0.710279 0.859225 0.677894 0.871293 0.751787 0.720126 0.915460 0.991419 0.955123 0.970808 0.534094 0.600083 0.903977 0.843573 0.689724 0.769390 0.772051 0.715095 0.968721 0.980076 0.798065 0.894993
0.947381 0.832925 0.613318 0.608710 0.000000 0.961336 0.723889 0.754982 0.837675 0.909019 0.996997 0.868223 0.672565 0.923056 0.695864 0.769876 0.948800 0.971252 0.911859 0.849421 0.816407 0.920620 0.530645 0.568267 0.581068 0.618530 0.619553 0.908192 0.910796 0.866967 0.828168 0.965059 0.842908 0.900959 0.892111 0.798226 0.773355 0.857824 0.935995 0.990982 0.901790 0.935234 0.958273 0.997425 0.949872 0.918551 0.986538 0.982559 0.842414 0.890079 0.875647 0.928111 0.985405 0.877183 0.916955 0.977283 0.906874 0.847007 0.986868 0.906914 0.717911 0.782235 0.999459 0.932694 0.563845 0.636416 0.778093 0.808125 0.785225 0.773275 0.795721 0.874414 0.830229 0.950052 0.933094 0.911741 0.958182 0.974693 0.937582 0.867083 0.961098 0.949114 0.854549 0.986527 0.667287 0.640140 0.848498 0.773414 0.979028 0.799153 0.911500 0.988026 0.733635 0.900258 0.852629 0.994969 0.914873 0.898448 0.961664 0.993721 0.970921 0.996066 0.929608 0.867743 0.882862 0.809260 0.957144 0.924743 0.933148 0.921868 0.931172 0.920468 0.915775 0.790327 0.996843 0.881029
0.827691 0.789579 0.824586 0.801479 0.961336 0.000000 0.613570 0.598116 0.956139 0.776130 0.694741 0.676384 0.932705 0.838769 0.952236 0.904613 0.888946 0.803579 0.750164 0.752765 0.858632 0.980556 0.959185 0.903998 0.987747 0.892497 0.924218 0.984814 0.733808 0.689782 0.967070 0.859219 0.699451 0.550342 0.862820 0.697909 0.920905 0.869978 0.908669 0.845906 0.875524 0.815702 0.696447 0.747109 0.667538 0.740743 0.761563 0.791193 0.713605 0.885029 0.911691 0.989485 0.950497 0.824164 0.783003 0.770143 0.832165 0.846279 0.759852 0.712363 0.718663 0.699916 0.862705 0.800137 0.915779 0.729389 0.597070 0.632311 0.902642 0.914341 0.781129 0.897937 0.903527 0.898094 0.894123 0.994418 0.876993 0.874959 0.883171 0.906145 0.745391 0.785386 0.961472 0.858461 0.862243 0.847522 0.982433 0.983880 0.972199 0.987602 0.753660 0.873785 0.735218 0.933115 0.877932 0.883315 0.599440 0.752554 0.630018 0.627573 0.792024 0.844897 0.892215 0.812895 0.759503 0.685557 0.969281 0.820235 0.963562 0.704465 0.843614 0.696658 0.738641 0.890674 0.904618 0.854322
0.596972 0.518652 0.344743 0.374728 0.723889 0.613570 0.000000 0.235271 0.627467 0.790647 0.712303 0.566816 0.504001 0.605411 0.555323 0.623482 0.645294 0.640852 0.478389 0.496609 0.863821 0.867782 0.528917 0.593284 0.673122 0.590101 0.925903 0.977420 0.683649 0.798979 0.698409 0.589564 0.330335 0.406105 0.623068 0.729049 0.546299 0.633670 0.794948 0.869910 0.817858 0.744226 0.413721 0.441525 0.472547 0.517560 0.474023 0.509300 0.702678 0.675017 0.741155 0.675778 0.702690 0.981845 0.477409 0.554209 0.592302 0.554675 0.505648 0.579298 0.312431 0.419665 0.679404 0.551427 0.502208 0.365982 0.290148 0.298905 0.646517 0.753634 0.486136 0.604012 0.745503 0.736254 0.927360 0.763495 0.581620 0.630171 0.659695 0.752308 0.548090 0.587538 0.728815 0.662892 0.461803 0.496280 0.768005 0.771564 0.695348 0.639655 0.462246 0.755332 0.481810 0.752836 0.627940 0.840940 0.461148 0.742859 0.487710 0.449875 0.696152 0.788620 0.762159 0.781303 0.432158 0.577213 0.855594 0.752626 0.679172 0.696767 0.655469 0.582680 0.668681 0.828237 0.733235 0.864516
0.629862 0.551814 0.423349 0.397056 0.754982 0.598116 0.235271 0.000000 0.658498 0.731868 0.728109 0.502970 0.569666 0.572378 0.683798 0.651915 0.714205 0.693575 0.501593 0.472652 0.861973 0.812021 0.649670 0.646095 0.737247 0.625731 0.927292 0.917134 0.699274 0.758333 0.750118 0.599405 0.393929 0.397431 0.683569 0.720866 0.539992 0.630488 0.865297 0.784716 0.848512 0.730535 0.433770 0.466128 0.484468 0.523573 0.446771 0.486747 0.663002 0.644286 0.703487 0.661506 0.730071 0.972462 0.468071 0.585472 0.641209 0.599216 0.539108 0.573224 0.355446 0.358524 0.757868 0.558456 0.633720 0.384520 0.359913 0.311360 0.682228 0.754315 0.599175 0.616221 0.758552 0.798544 0.872500 0.774239 0.621056 0.668956 0.732865 0.726418 0.549710 0.611087 0.767778 0.687269 0.580050 0.585182 0.816654 0.803460 0.783126 0.703739 0.460087 0.771704 0.532119 0.821591 0.727128 0.820251 0.514387 0.774227 0.465362 0.431575 0.599899 0.782448 0.671565 0.742365 0.505763 0.643082 0.927082 0.737982 0.737814 0.788941 0.671674 0.591969 0.755200 0.805455 0.703592 0.904550
0.903547 0.992127 0.615341 0.694673 0.837675 0.956139 0.627467 0.658498 0.000000 0.700398 0.883517 0.926267 0.946841 0.934452 0.875259 0.982488 0.993873 0.837944 0.992449 0.962694 0.985135 0.992796 0.735586 0.864899 0.749352 0.563056 0.966804 0.902652 0.873085 0.963648 0.574218 0.742040 0.599052 0.842777 0.684174 0.976599 0.829724 0.909290 0.969863 0.893784 0.952600 0.748553 0.725525 0.775467 0.620009 0.713066 0.791465 0.816433 0.829172 0.787709 0.712590 0.770330 0.694417 0.736239 0.746301 0.752313 0.937282 0.918489 0.884699 0.994825 0.637087 0.639064 0.953194 0.875805 0.739656 0.767430 0.640482 0.571999 0.911764 0.941723 0.763074 0.713346 0.606002 0.721498 0.895775 0.912221 0.754296 0.739159 0.869131 0.874708 0.931964 0.830066 0.908168 0.899145 0.849710 0.865682 0.995324 0.853293 0.920411 0.815063 0.725393 0.994036 0.850240 0.939779 0.790764 0.982127 0.883340 0.832240 0.756618 0.767101 0.751018 0.936161 0.924199 0.890964 0.742170 0.744197 0.809680 0.812678 0.811173 0.987225 0.686337 0.672953 0.794443 0.866561 0.773413 0.996188
0.769086 0.818535 0.927221 0.913520 0.909019 0.776130 0.790647 0.731868 0.700398 0.000000 0.962546 0.988229 0.661105 0.763363 0.795584 0.771965 0.996557 0.821180 0.913133 0.931001 0.831295 0.982568 0.845058 0.673319 0.784471 0.938426 0.679404 0.834954 0.702937 0.746403 0.631316 0.652828 0.754627 0.676472 0.860847 0.988987 0.919223 0.804469 0.983430 0.980773 0.897475 0.792416 0.544184 0.648628 0.424078 0.475242 0.740217 0.626659 0.436971 0.582353 0.526275 0.728866 0.618782 0.612454 0.895988 0.719313 0.807240 0.771852 0.859692 0.884943 0.857991 0.643963 0.869095 0.719366 0.727912 0.908127 0.784932 0.607849 0.818892 0.887013 0.925444 0.770528 0.564554 0.807231 0.953668 0.854036 0.699420 0.732012 0.901650 0.923563 0.978386 0.765262 0.883138 0.806723 0.699750 0.719238 0.736350 0.874632 0.903941 0.740365 0.841250 0.977970 0.946272 0.833956 0.937726 0.851775 0.776427 0.715496 0.589392 0.619594 0.560838 0.883636 0.624414 0.630264 0.774324 0.786590 0.937708 0.678407 0.939230 0.861895 0.662664 0.666961 0.692067 0.832112 0.778225 0.816675
0.361237 0.495473 0.948425 0.930887 0.996997 0.694741 0.712303 0.728109 0.883517 0.962546 0.000000 0.524085 0.748309 0.612786 0.964515 0.905169 0.488439 0.382119 0.486579 0.454674 0.815126 0.955366 0.865346 0.979136 0.898577 0.922171 0.912468 0.942094 0.596787 0.451396 0.821997 0.795128 0.608300 0.490631 0.870366 0.754229 0.874411 0.841998 0.812698 0.818638 0.745459 0.864330 0.661764 0.623489 0.742499 0.713353 0.576544 0.712257 0.655922 0.710867 0.885295 0.838149 0.935598 0.765998 0.644492 0.677469 0.448889 0.534864 0.510555 0.585923 0.795617 0.984583 0.480507 0.595961 0.941809 0.883996 0.642464 0.696457 0.588877 0.615713 0.980152 0.927642 0.985729 0.927878 0.808812 0.912280 0.808022 0.977416 0.741232 0.598083 0.368121 0.425935 0.754914 0.579031 0.824746 0.828871 0.758858 0.829267 0.817236 0.826714 0.699816 0.739836 0.656126 0.777488 0.728948 0.996961 0.590251 0.748498 0.588069 0.664700 0.925123 0.740752 0.694184 0.632030 0.926991 0.874452 0.804114 0.918410 0.896511 0.814205 0.908140 0.805612 0.798571 0.837899 0.995483 0.870399
0.436381 0.466802 0.707806 0.613046 0.868223 0.676384 0.566816 0.502970 0.926267 0.988229 0.524085 0.000000 0.576490 0.466897 0.721577 0.613537 0.675095 0.439224 0.482007 0.367100 0.733595 0.857394 0.816420 0.661185 0.773930 0.891123 0.878556 0.898607 0.700112 0.600027 0.922996 0.799937 0.593583 0.442783 0.797813 0.733654 0.627906 0.576221 0.829851 0.692576 0.841061 0.856746 0.657410 0.683598 0.744058 0.749119 0.594494 0.631050 0.765125 0.818577 0.939861 0.919635 0.920436 0.621243 0.596664 0.730455 0.469194 0.477162 0.624121 0.632485 0.524938 0.579401 0.695897 0.527611 0.771225 0.546606 0.640023 0.566721 0.596215 0.593440 0.918277 0.892069 0.998293 0.874561 0.942627 0.947164 0.914002 0.885412 0.839838 0.540915 0.420676 0.437333 0.773271 0.545581 0.604302 0.557712 0.632549 0.786249 0.757585 0.672519 0.731529 0.902331 0.627752 0.979824 0.872037 0.779857 0.624283 0.806623 0.650808 0.701712 0.841360 0.887431 0.742080 0.741558 0.686993 0.748722 0.798912 0.990910 0.832677 0.785692 0.843166 0.788612 0.887280 0.800223 0.902577 0.909236
0.455274 0.408971 0.480740 0.461085 0.672565 0.932705 0.504001 0.569666 0.946841 0.661105 0.748309 0.576490 0.000000 0.346212 0.366419 0.348339 0.582271 0.511174 0.430672 0.449501 0.769703 0.833373 0.413890 0.387858 0.604044 0.810205 0.716783 0.930712 0.836163 0.875181 0.993513 0.892491 0.603915 0.684509 0.986750 0.849178 0.694934 0.816844 0.952918 0.944519 0.751366 0.980160 0.756143 0.695086 0.950077 0.910738 0.651556 0.739089 0.934229 0.889690 0.995195 0.764509 0.946326 0.839556 0.762603 0.809420 0.439783 0.382161 0.642237 0.592293 0.478742 0.697134 0.710758 0.636575 0.453209 0.440272 0.675768 0.782005 0.597645 0.613685 0.646767 0.852454 0.992861 0.817210 0.865229 0.816703 0.806201 0.823511 0.795029 0.560562 0.515354 0.451140 0.654183 0.574096 0.343601 0.404171 0.528689 0.624547 0.701506 0.568406 0.673545 0.711417 0.572424 0.716300 0.802797 0.993865 0.740032 0.972853 0.792361 0.739299 0.964361 0.860883 0.931362 0.933381 0.744620 0.805538 0.973757 0.963181 0.788583 0.881151 0.876709 0.805611 0.898286 0.880676 0.891773 0.976698
0.406721 0.382174 0.682738 0.584139 0.923056 0.838769 0.605411 0.572378 0.934452 0.763363 0.612786 0.466897 0.346212 0.000000 0.474347 0.351499 0.518062 0.399893 0.352832 0.452629 0.853766 0.754783 0.663791 0.520571 0.852903 0.962044 0.775446 0.950825 0.690869 0.657205 0.814720 0.781859 0.678562 0.629071 0.920344 0.767444 0.928051 0.829340 0.958667 0.856420 0.968779 0.987301 0.691859 0.625864 0.872187 0.777637 0.557787 0.700110 0.917874 0.804404 0.894741 0.724384 0.937422 0.758398 0.766384 0.716941 0.363802 0.387007 0.563354 0.549053 0.565352 0.739072 0.702159 0.620469 0.688010 0.551711 0.700373 0.755970 0.741523 0.716200 0.941538 0.959138 0.944318 0.863899 0.809316 0.949921 0.878579 0.910293 0.701901 0.479115 0.419588 0.398400 0.575751 0.485492 0.496585 0.502355 0.646173 0.666659 0.741693 0.637905 0.682303 0.758651 0.659304 0.802533 0.832550 0.945198 0.763068 0.834965 0.693525 0.635852 0.984478 0.840792 0.801725 0.801465 0.771456 0.818101 0.985837 0.905420 0.774245 0.853864 0.792525 0.755493 0.864650 0.779158 0.808437 0.949436
0.711268 0.610388 0.556061 0.527310 0.695864 0.952236 0.555323 0.683798 0.875259 0.795584 0.964515 0.721577 0.366419 0.474347 0.000000 0.286947 0.697327 0.647214 0.581488 0.695027 0.823117 0.852013 0.379023 0.402256 0.639861 0.853514 0.756217 0.943671 0.730188 0.896675 0.876126 0.740648 0.674743 0.733584 0.883587 0.833468 0.843787 0.828245 0.949913 0.852934 0.873331 0.952856 0.760354 0.737776 0.872216 0.856121 0.710479 0.778044 0.951867 0.952764 0.980325 0.823311 0.816822 0.901393 0.865434 0.859186 0.559845 0.551687 0.706821 0.706408 0.502662 0.685543 0.736643 0.665285 0.464686 0.532948 0.728410 0.777201 0.840406 0.819468 0.703022 0.908369 0.944472 0.740625 0.915776 0.805253 0.836298 0.705102 0.680353 0.610705 0.658035 0.640453 0.613250 0.671302 0.409268 0.472650 0.666015 0.575762 0.723686 0.622287 0.845523 0.860608 0.763342 0.842644 0.781243 0.972849 0.743574 0.961879 0.846445 0.727631 0.966081 0.916989 0.956111 0.992890 0.674398 0.740104 0.907430 0.904070 0.744718 0.937797 0.856088 0.810031 0.816674 0.900445 0.849002 0.984603
0.670273 0.546173 0.607977 0.547501 0.769876 0.904613 0.623482 0.651915 0.982488 0.771965 0.905169 0.613537 0.348339 0.351499 0.286947 0.000000 0.689707 0.600059 0.578839 0.617705 0.790666 0.795990 0.404324 0.380647 0.654313 0.870930 0.775287 0.943357 0.740463 0.816030 0.904699 0.776457 0.694781 0.696702 0.907290 0.807973 0.826587 0.851924 0.933260 0.954567 0.874826 0.968693 0.747393 0.696860 0.943459 0.876323 0.648660 0.773036 0.933630 0.983264 0.998722 0.871518 0.905014 0.774157 0.892192 0.843135 0.500828 0.488271 0.710396 0.647991 0.486316 0.627837 0.803907 0.624067 0.528418 0.503768 0.792738 0.835699 0.842511 0.733976 0.857249 0.940124 0.954517 0.718601 0.990009 0.708702 0.912224 0.723530 0.710531 0.595553 0.601608 0.573837 0.585087 0.584664 0.402593 0.418330 0.693705 0.641525 0.674287 0.608755 0.853655 0.898657 0.767656 0.953977 0.901138 0.955301 0.803686 0.971565 0.873898 0.749170 0.968443 0.936095 0.916478 0.990002 0.711422 0.740012 0.943119 0.958093 0.745438 0.988128 0.897336 0.778377 0.856461 0.853951 0.753324 0.949579
0.394344 0.407211 0.917994 0.880348 0.948800 0.888946 0.645294 0.714205 0.993873 0.996557 0.488439 0.675095 0.582271 0.518062 0.697327 0.689707 0.000000 0.336075 0.422287 0.475236 0.933465 0.884340 0.967752 0.903565 0.995466 0.940687 0.955225 0.901482 0.534129 0.540523 0.963154 0.711815 0.523166 0.507651 0.923433 0.991524 0.848338 0.853803 0.916710 0.856852 0.694778 0.809786 0.496615 0.393898 0.658855 0.531964 0.440642 0.473609 0.580147 0.560492 0.630891 0.561226 0.760731 0.934970 0.611006 0.526873 0.316429 0.351307 0.373113 0.371230 0.728126 0.947640 0.328275 0.415442 0.998643 0.908056 0.687714 0.704852 0.603252 0.576624 0.860735 0.982616 0.990218 0.790598 0.779908 0.894839 0.663675 0.788953 0.553281 0.585840 0.283083 0.334650 0.470704 0.413778 0.671689 0.754077 0.781877 0.556779 0.704321 0.697210 0.719569 0.725471 0.735774 0.873155 0.688862 0.939076 0.680367 0.807328 0.520788 0.642510 0.997462 0.745261 0.572562 0.523956 0.768719 0.819392 0.998173 0.955248 0.882684 0.814473 0.782978 0.700201 0.690233 0.808931 0.798891 0.918985
0.257866 0.285195 0.852577 0.718370 0.971252 0.803579 0.640852 0.693575 0.837944 0.821180 0.382119 0.439224 0.511174 0.399893 0.647214 0.600059 0.336075 0.000000 0.353910 0.309786 0.817084 0.905981 0.880156 0.707548 0.892347 0.972040 0.961611 0.986741 0.627683 0.546977 0.775438 0.798050 0.573318 0.489265 0.811250 0.817787 0.847160 0.750307 0.803778 0.807787 0.737473 0.807361 0.602942 0.553017 0.787543 0.703994 0.518355 0.575115 0.723372 0.695540 0.862095 0.774289 0.946340 0.621704 0.563305 0.583943 0.224341 0.247289 0.364226 0.429834 0.706519 0.981981 0.422045 0.463316 0.839619 0.770806 0.604860 0.702986 0.502715 0.483603 0.869383 0.998278 0.883839 0.830333 0.789764 0.928464 0.827693 0.909402 0.578578 0.461703 0.233248 0.226805 0.501773 0.356526 0.514372 0.558588 0.637183 0.600638 0.595584 0.547809 0.694542 0.733896 0.568171 0.755500 0.715619 0.862177 0.596404 0.760875 0.603592 0.671836 0.948252 0.863959 0.643324 0.648223 0.724804 0.725287 0.949840 0.958742 0.881364 0.744728 0.881443 0.785588 0.822036 0.822310 0.873241 0.992387
0.358279 0.375796 0.721812 0.595251 0.911859 0.750164 0.478389 0.501593 0.992449 0.913133 0.486579 0.482007 0.430672 0.352832 0.581488 0.578839 0.422287 0.353910 0.000000 0.369116 0.867954 0.774271 0.775196 0.673713 0.925126 0.997628 0.853863 0.854112 0.602211 0.635292 0.887183 0.667575 0.532876 0.515651 0.837821 0.902190 0.803009 0.817189 0.836446 0.808165 0.700167 0.887762 0.554989 0.527278 0.707974 0.668488 0.467228 0.505952 0.730349 0.708737 0.853594 0.693348 0.914850 0.837710 0.601953 0.571322 0.363417 0.385408 0.469495 0.491348 0.583236 0.793146 0.517670 0.566056 0.779617 0.624290 0.523330 0.584923 0.625007 0.753558 0.682534 0.908947 0.987254 0.919545 0.846027 0.920699 0.735101 0.833900 0.675725 0.492451 0.339164 0.338806 0.653506 0.498284 0.550292 0.610417 0.631033 0.615133 0.739717 0.728446 0.560791 0.640373 0.506524 0.683234 0.726536 0.829139 0.479589 0.798079 0.496244 0.487109 0.908725 0.693255 0.656275 0.706341 0.638969 0.674305 0.910309 0.879400 0.774221 0.651572 0.804578 0.654641 0.733580 0.801686 0.814783 0.866091
0.314702 0.298274 0.661969 0.544705 0.849421 0.752765 0.496609 0.472652 0.962694 0.931001 0.454674 0.367100 0.449501 0.452629 0.695027 0.617705 0.475236 0.309786 0.369116 0.000000 0.766002 0.904832 0.786950 0.645376 0.766511 0.854013 0.863875 0.951548 0.712505 0.630752 0.927852 0.817506 0.497978 0.449713 0.860032 0.838731 0.635092 0.593882 0.755211 0.750708 0.720355 0.740183 0.565689 0.542163 0.754669 0.732988 0.475414 0.546159 0.742500 0.660254 0.851757 0.740275 0.979095 0.711178 0.488604 0.586548 0.313490 0.284547 0.426346 0.480306 0.563257 0.739605 0.568231 0.481750 0.739726 0.580648 0.517238 0.566160 0.406919 0.465766 0.718071 0.796578 0.958904 0.838926 0.840440 0.963634 0.660086 0.819453 0.712650 0.563138 0.288107 0.284443 0.628484 0.415146 0.483689 0.513815 0.595379 0.674767 0.649213 0.556768 0.585971 0.710554 0.469191 0.739869 0.741241 0.784212 0.532424 0.837064 0.574574 0.578501 0.840485 0.810266 0.632771 0.703091 0.638573 0.685511 0.859654 0.919322 0.817377 0.743348 0.815391 0.727097 0.906178 0.787564 0.867754 0.988239
0.705423 0.704350 0.678377 0.715383 0.816407 0.858632 0.863821 0.861973 0.985135 0.831295 0.815126 0.733595 0.769703 0.853766 0.823117 0.790666 0.933465 0.817084 0.867954 0.766002 0.000000 0.938116 0.831255 0.676832 0.661053 0.789397 0.887577 0.678536 0.974456 0.992646 0.928248 0.984431 0.810228 0.783738 0.735805 0.756641 0.816800 0.815092 0.744578 0.883496 0.885443 0.904646 0.960204 0.993168 0.973072 0.980519 0.924947 0.889149 0.960555 0.903735 0.858853 0.808185 0.761966 0.605007 0.756173 0.873364 0.752773 0.726817 0.820494 0.873173 0.612187 0.730848 0.942299 0.882562 0.629856 0.610553 0.832606 0.894152 0.677876 0.747350 0.970099 0.924169 0.960904 0.927085 0.873265 0.982686 0.983357 0.978713 0.837761 0.911428 0.795610 0.744686 0.745264 0.795414 0.633270 0.559106 0.735684 0.836533 0.699226 0.669819 0.869843 0.690842 0.973214 0.869150 0.982687 0.942186 0.935514 0.928885 0.930863 0.863602 0.823767 0.905401 0.897937 0.810624 0.885805 0.980954 0.865742 0.952193 0.961306 0.859622 0.906825 0.906620 0.945156 0.938985 0.970838 0.962188
0.896975 0.857933 0.886131 0.879595 0.920620 0.980556 0.867782 0.812021 0.992796 0.982568 0.955366 0.857394 0.833373 0.754783 0.852013 0.795990 0.884340 0.905981 0.774271 0.904832 0.938116 0.000000 0.928555 0.900480 0.910820 0.956149 0.972290 0.858511 0.951441 0.985291 0.955757 0.898554 0.986948 0.983699 0.982626 0.954276 0.964825 0.973227 0.928141 0.907115 0.934121 0.909440 0.848464 0.845197 0.945821 0.864772 0.833744 0.843609 0.915168 0.820037 0.790751 0.714974 0.702308 0.863386 0.851794 0.901420 0.851692 0.822997 0.869897 0.775969 0.819927 0.830220 0.864393 0.811437 0.995305 0.911663 0.971262 0.938388 0.920081 0.931734 0.955536 0.987158 0.987435 0.873331 0.912226 0.936741 0.895256 0.980895 0.992036 0.741454 0.856641 0.810918 0.874708 0.812638 0.930571 0.943210 0.829411 0.810063 0.963861 0.970260 0.847839 0.795929 0.953874 0.916793 0.807725 0.969045 0.723644 0.935155 0.781182 0.803592 0.734120 0.722882 0.942121 0.835320 0.842551 0.986135 0.978136 0.894717 0.806053 0.854917 0.842132 0.853321 0.853466 0.886472 0.696907 0.871220
0.889980 0.717593 0.385230 0.333560 0.530645 0.959185 0.528917 0.649670 0.735586 0.845058 0.865346 0.816420 0.413890 0.663791 0.379023 0.404324 0.967752 0.880156 0.775196 0.786950 0.831255 0.928555 0.000000 0.287349 0.438836 0.621410 0.630687 0.963067 0.980092 0.899100 0.767788 0.864445 0.731510 0.858168 0.772221 0.845700 0.708961 0.812003 0.909242 0.962814 0.884695 0.969417 0.857180 0.878117 0.941939 0.977892 0.898228 0.914404 0.813885 0.906890 0.897076 0.992865 0.925013 0.903758 0.933418 0.937708 0.803046 0.726307 0.929168 0.887056 0.491395 0.598614 0.987434 0.833564 0.280303 0.427488 0.636644 0.741081 0.838562 0.881550 0.611723 0.670819 0.790322 0.701711 0.959737 0.678080 0.875745 0.697544 0.853744 0.916222 0.899014 0.856303 0.770325 0.854002 0.356906 0.395966 0.665876 0.722141 0.650844 0.589458 0.758663 0.901619 0.627133 0.763358 0.801784 0.984359 0.842452 0.962431 0.920660 0.837509 0.933363 0.940387 0.908023 0.806189 0.630166 0.665754 0.864270 0.935658 0.746230 0.868392 0.860190 0.802871 0.931962 0.963654 0.842674 0.955467
0.702184 0.602185 0.402503 0.327675 0.568267 0.903998 0.593284 0.646095 0.864899 0.673319 0.979136 0.661185 0.387858 0.520571 0.402256 0.380647 0.903565 0.707548 0.673713 0.645376 0.676832 0.900480 0.287349 0.000000 0.404321 0.653779 0.547102 0.899603 0.974036 0.939979 0.931267 0.902224 0.744339 0.813942 0.761697 0.748611 0.772311 0.742559 0.804889 0.981392 0.847292 0.918348 0.971531 0.949192 0.944007 0.922693 0.890765 0.956607 0.749210 0.844230 0.745480 0.879626 0.873763 0.647861 0.798278 0.904454 0.653037 0.605360 0.884632 0.854975 0.538076 0.693735 0.995696 0.857536 0.310215 0.409764 0.705673 0.790065 0.693730 0.835375 0.723305 0.802373 0.954687 0.775157 0.988701 0.875273 0.956342 0.783414 0.837607 0.764779 0.756090 0.662759 0.724238 0.660826 0.301612 0.306327 0.634995 0.703299 0.555266 0.483849 0.824524 0.971316 0.614145 0.818828 0.854497 0.963704 0.825345 0.975164 0.946606 0.906263 0.922403 0.953638 0.927095 0.790173 0.692622 0.749498 0.982061 0.958376 0.877945 0.972488 0.964403 0.881319 0.955972 0.924547 0.969958 0.981926
0.781726 0.689545 0.401498 0.450465 0.581068 0.987747 0.673122 0.737247 0.749352 0.784471 0.898577 0.773930 0.604044 0.852903 0.639861 0.654313 0.995466 0.892347 0.925126 0.766511 0.661053 0.910820 0.438836 0.404321 0.000000 0.388007 0.584033 0.846154 0.823657 0.748339 0.730253 0.956341 0.695476 0.837839 0.692028 0.751886 0.559653 0.613835 0.762638 0.862158 0.752972 0.871167 0.977411 0.990560 0.970609 0.897309 0.920617 0.993893 0.767926 0.803996 0.779919 0.809736 0.780763 0.631484 0.714045 0.951245 0.785681 0.733413 0.936286 0.922920 0.546237 0.648605 0.859107 0.942408 0.325824 0.424488 0.744513 0.759875 0.555804 0.651081 0.870599 0.706891 0.895114 0.756827 0.968389 0.959965 0.964922 0.862493 0.956944 0.975980 0.933353 0.807299 0.769049 0.778575 0.380618 0.345037 0.774991 0.805869 0.555910 0.444988 0.955156 0.752879 0.733883 0.978576 0.837349 0.916767 0.990310 0.928913 0.894484 0.840558 0.835812 0.818287 0.835306 0.759679 0.785003 0.858248 0.942121 0.934805 0.861171 0.971397 0.994496 0.943209 0.847116 0.772201 0.986072 0.991657
0.903687 0.815483 0.437476 0.563441 0.618530 0.892497 0.590101 0.625731 0.563056 0.938426 0.922171 0.891123 0.810205 0.962044 0.853514 0.870930 0.940687 0.972040 0.997628 0.854013 0.789397 0.956149 0.621410 0.653779 0.388007 0.000000 0.783553 0.839194 0.836498 0.798655 0.588924 0.858398 0.647831 0.769281 0.724409 0.647196 0.576074 0.674771 0.736674 0.757417 0.938133 0.794703 0.882245 0.909117 0.820848 0.894255 0.824561 0.946726 0.950909 0.982967 0.980247 0.991052 0.959393 0.881414 0.619299 0.870043 0.918407 0.868690 0.891813 0.919569 0.534835 0.587635 0.821356 0.993428 0.472965 0.479828 0.624717 0.614647 0.643384 0.731444 0.889257 0.690061 0.776654 0.796052 0.944610 0.964370 0.997974 0.949156 0.949328 0.897095 0.983347 0.987657 0.807940 0.957347 0.567819 0.500984 0.937864 0.924324 0.679488 0.620894 0.874357 0.750564 0.848175 0.906675 0.830283 0.910891 0.969734 0.986831 0.997436 0.969906 0.942911 0.876527 0.871310 0.829516 0.809226 0.804316 0.939176 0.936244 0.831806 0.886566 0.814673 0.978809 0.847854 0.884793 0.951202 0.913507
0.903093 0.859119 0.752830 0.657070 0.619553 0.924218 0.925903 0.927292 0.966804 0.679404 0.912468 0.878556 0.716783 0.775446 0.756217 0.775287 0.955225 0.961611 0.853863 0.863875 0.887577 0.972290 0.630687 0.547102 0.584033 0.783553 0.000000 0.963193 0.765695 0.719365 0.881998 0.938801 0.916896 0.875215 0.939982 0.928209 0.965734 0.841723 0.856119 0.936323 0.960187 0.889887 0.798587 0.811766 0.695461 0.712130 0.959928 0.836977 0.635403 0.737574 0.684652 0.826712 0.777169 0.772906 0.983015 0.885970 0.900970 0.881264 0.861625 0.971691 0.905334 0.961172 0.874502 0.878996 0.613168 0.706705 0.983783 0.999918 0.868718 0.912047 0.978437 0.970582 0.943329 0.966789 0.987895 0.990759 0.983743 0.863623 0.988052 0.993468 0.954482 0.886644 0.910145 0.973661 0.672951 0.651794 0.744025 0.806844 0.918096 0.725886 0.915534 0.969422 0.752801 0.832134 0.987314 0.913118 0.945981 0.995082 0.901177 0.921479 0.850268 0.998755 0.811150 0.805057 0.914390 0.956937 0.989441 0.986133 0.911798 0.940350 0.932705 0.980246 0.860834 0.779718 0.865109 0.972023
0.913053 0.943277 0.931606 0.983690 0.908192 0.984814 0.977420 0.917134 0.902652 0.834954 0.942094 0.898607 0.930712 0.950825 0.943671 0.943357 0.901482 0.986741 0.854112 0.951548 0.678536 0.858511 0.963067 0.899603 0.846154 0.839194 0.963193 0.000000 0.946490 0.882724 0.891277 0.852145 0.996175 0.938460 0.934965 0.838587 0.908853 0.967946 0.955121 0.931869 0.977880 0.844113 0.944992 0.996135 0.911145 0.981463 0.973083 0.913031 0.930048 0.928298 0.944154 0.889179 0.933431 0.817851 0.976576 0.815324 0.919486 0.890390 0.971292 0.958390 0.972841 0.951570 0.931719 0.956132 0.888056 0.948254 0.916774 0.848087 0.865049 0.757676 0.959813 0.801451 0.847737 0.887286 0.979275 0.963274 0.966845 0.921873 0.860417 0.835793 0.990180 0.965644 0.874947 0.997738 0.861375 0.846555 0.893285 0.932341 0.950397 0.820707 0.804279 0.764449 0.822831 0.748700 0.910684 0.813499 0.858313 0.847547 0.826304 0.757054 0.685274 0.907141 0.813619 0.857986 0.852858 0.762890 0.981516 0.979320 0.881708 0.793855 0.846506 0.881873 0.912532 0.935194 0.831351 0.924730
0.724014 0.708726 0.997631 0.902257 0.910796 0.733808 0.683649 0.699274 0.873085 0.702937 0.596787 0.700112 0.836163 0.690869 0.730188 0.740463 0.534129 0.627683 0.602211 0.712505 0.974456 0.951441 0.980092 0.974036 0.823657 0.836498 0.765695 0.946490 0.000000 0.333156 0.818062 0.446705 0.556115 0.478535 0.919533 0.981002 0.890575 0.995711 0.955747 0.975088 0.880461 0.881977 0.435615 0.423112 0.481428 0.440527 0.510388 0.443494 0.534060 0.578286 0.596730 0.658132 0.673889 0.913731 0.824996 0.661006 0.610517 0.712747 0.507575 0.578830 0.694826 0.806756 0.439306 0.468777 0.884473 0.941852 0.658684 0.639277 0.929782 0.982716 0.889211 0.972520 0.809352 0.694395 0.883318 0.923325 0.731488 0.608337 0.550147 0.582314 0.492813 0.699194 0.706792 0.696860 0.917309 0.969603 0.887854 0.841428 0.934210 0.980333 0.866555 0.847508 0.913658 0.945420 0.664535 0.888698 0.547143 0.947289 0.566894 0.574421 0.772237 0.825534 0.639466 0.489807 0.705477 0.731268 0.930542 0.798741 0.819770 0.847526 0.726679 0.602812 0.614857 0.730779 0.742479 0.988568
0.672093 0.653488 0.932566 0.994458 0.866967 0.689782 0.798979 0.758333 0.963648 0.746403 0.451396 0.600027 0.875181 0.657205 0.896675 0.816030 0.540523 0.546977 0.635292 0.630752 0.992646 0.985291 0.899100 0.939979 0.748339 0.798655 0.719365 0.882724 0.333156 0.000000 0.975443 0.642312 0.654102 0.485965 0.934847 0.917751 0.932533 0.940655 0.996314 0.880248 0.863639 0.922817 0.519793 0.502304 0.552435 0.520690 0.572234 0.550183 0.496711 0.594859 0.644218 0.735116 0.782879 0.935487 0.879177 0.685516 0.596124 0.675961 0.523100 0.519012 0.768116 0.840843 0.477150 0.447090 0.796611 0.996614 0.698635 0.692277 0.905713 0.881649 0.993044 0.954903 0.823984 0.721697 0.902687 0.915963 0.864047 0.695204 0.611484 0.585883 0.454369 0.641516 0.716801 0.670017 0.989102 0.974282 0.894456 0.777152 0.971526 0.958546 0.903332 0.869667 0.937320 0.931355 0.739198 0.927933 0.643529 0.821992 0.593911 0.641024 0.760984 0.928149 0.619906 0.507600 0.869119 0.733652 0.829439 0.982643 0.910409 0.847083 0.752142 0.700423 0.766879 0.738813 0.815360 0.974429
0.800507 0.885377 0.736129 0.836663 0.828168 0.967070 0.698409 0.750118 0.574218 0.631316 0.821997 0.922996 0.993513 0.814720 0.876126 0.904699 0.963154 0.775438 0.887183 0.927852 0.928248 0.955757 0.767788 0.931267 0.730253 0.588924 0.881998 0.891277 0.818062 0.975443 0.000000 0.548793 0.575441 0.754333 0.802538 0.973211 0.652763 0.891418 0.753895 0.985464 0.884293 0.845560 0.646218 0.677731 0.598562 0.638332 0.779734 0.756131 0.779064 0.796846 0.717827 0.836120 0.697557 0.796815 0.885663 0.863772 0.889151 0.888617 0.904839 0.888605 0.627244 0.571396 0.978075 0.772136 0.848831 0.823530 0.805538 0.644628 0.959061 0.981743 0.900881 0.798337 0.594005 0.710544 0.904334 0.787423 0.787197 0.541898 0.907501 0.980861 0.954668 0.822646 0.895161 0.923944 0.921652 0.903960 0.847645 0.949502 0.880035 0.978875 0.875428 0.717687 0.826289 0.681652 0.885431 0.980912 0.923362 0.937073 0.935504 0.939323 0.767181 0.932948 0.935016 0.981791 0.816325 0.831688 0.871387 0.861078 0.871429 0.997894 0.826492 0.884301 0.838443 0.911436 0.892260 0.979974
0.870595 0.808371 0.841866 0.778358 0.965059 0.859219 0.589564 0.599405 0.742040 0.652828 0.795128 0.799937 0.892491 0.781859 0.740648 0.776457 0.711815 0.798050 0.667575 0.817506 0.984431 0.898554 0.864445 0.902224 0.956341 0.858398 0.938801 0.852145 0.446705 0.642312 0.548793 0.000000 0.523595 0.524026 0.758598 0.929065 0.724903 0.872756 0.793882 0.936273 0.904865 0.942049 0.464882 0.436598 0.501263 0.480847 0.531289 0.514572 0.641001 0.640069 0.660598 0.688774 0.710646 0.889517 0.678385 0.645662 0.733384 0.820792 0.594721 0.642224 0.617660 0.693656 0.673347 0.589505 0.957399 0.822266 0.623642 0.570643 0.934065 0.971607 0.920615 0.911133 0.710048 0.739731 0.889777 0.965824 0.717945 0.613517 0.623784 0.663013 0.644253 0.790620 0.672050 0.732338 0.841090 0.869761 0.922135 0.820788 0.806053 0.943987 0.861113 0.976777 0.934252 0.978413 0.757226 0.900365 0.664206 0.979180 0.621174 0.626851 0.712623 0.832729 0.635099 0.738666 0.643505 0.707321 0.947825 0.860159 0.732784 0.819843 0.736634 0.710063 0.648977 0.841980 0.767099 0.990249
0.547970 0.505304 0.554764 0.582209 0.842908 0.699451 0.330335 0.393929 0.599052 0.754627 0.608300 0.593583 0.603915 0.678562 0.674743 0.694781 0.523166 0.573318 0.532876 0.497978 0.810228 0.986948 0.731510 0.744339 0.695476 0.647831 0.916896 0.996175 0.556115 0.654102 0.575441 0.523595 0.000000 0.319600 0.637075 0.820263 0.542604 0.631840 0.760000 0.823120 0.721523 0.641614 0.345643 0.369404 0.398287 0.439260 0.388844 0.432343 0.572843 0.564205 0.625776 0.646434 0.772477 0.964760 0.474627 0.523573 0.526254 0.524588 0.402180 0.517198 0.357347 0.531523 0.519160 0.425741 0.691928 0.548917 0.379714 0.346173 0.568915 0.639304 0.674674 0.743682 0.751771 0.665294 0.783519 0.827308 0.582623 0.641754 0.629589 0.649963 0.467306 0.576705 0.627868 0.587328 0.541273 0.563722 0.846103 0.729645 0.641801 0.663855 0.690489 0.929597 0.687200 0.964359 0.690848 0.927639 0.579461 0.834913 0.536941 0.591815 0.777248 0.814778 0.714348 0.634228 0.554829 0.626732 0.937348 0.906038 0.843123 0.788578 0.749847 0.664773 0.681653 0.762763 0.745562 0.982515
0.513229 0.489276 0.682007 0.678715 0.900959 0.550342 0.406105 0.397431 0.842777 0.676472 0.490631 0.442783 0.684509 0.629071 0.733584 0.696702 0.507651 0.489265 0.515651 0.449713 0.783738 0.983699 0.858168 0.813942 0.837839 0.769281 0.875215 0.938460 0.478535 0.485965 0.754333 0.524026 0.319600 0.000000 0.668649 0.750247 0.610540 0.607280 0.788290 0.812517 0.675728 0.673171 0.398944 0.394034 0.414788 0.448048 0.362884 0.436372 0.510086 0.577363 0.651669 0.696227 0.847753 0.857358 0.457772 0.501412 0.491241 0.497259 0.384227 0.417387 0.418529 0.514556 0.468974 0.348121 0.839047 0.603500 0.437618 0.383270 0.591105 0.617916 0.809358 0.800095 0.778650 0.659822 0.834658 0.931533 0.768587 0.679014 0.696470 0.603994 0.368801 0.494148 0.628940 0.551483 0.634760 0.636662 0.793563 0.757820 0.673038 0.762866 0.750899 0.963619 0.745977 0.970742 0.787735 0.882820 0.503138 0.850929 0.524071 0.591101 0.699345 0.849198 0.610147 0.575104 0.600850 0.641646 0.976155 0.907648 0.902391 0.778413 0.748808 0.693957 0.687877 0.836298 0.802106 0.952508
0.828590 0.797029 0.656711 0.641830 0.892111 0.862820 0.623068 0.683569 0.684174 0.860847 0.870366 0.797813 0.986750 0.920344 0.883587 0.907290 0.923433 0.811250 0.837821 0.860032 0.735805 0.982626 0.772221 0.761697 0.692028 0.724409 0.939982 0.934965 0.919533 0.934847 0.802538 0.758598 0.637075 0.668649 0.000000 0.853175 0.853319 0.720304 0.619907 0.812536 0.998310 0.743609 0.816449 0.815050 0.714765 0.805126 0.823898 0.915623 0.913865 0.970475 0.999681 0.878211 0.948199 0.769386 0.607452 0.673076 0.840695 0.850108 0.735211 0.897134 0.620093 0.696850 0.867115 0.765139 0.649836 0.656271 0.504022 0.559234 0.771169 0.969356 0.809549 0.791727 0.803357 0.857989 0.984788 0.930161 0.908390 0.860361 0.814148 0.956979 0.808153 0.803521 0.698785 0.805082 0.670511 0.621527 0.962292 0.832512 0.633516 0.642528 0.896805 0.811868 0.754175 0.972763 0.831879 0.944817 0.754138 0.681413 0.802712 0.877640 0.974329 0.837158 0.950900 0.993428 0.738684 0.784540 0.850805 0.967273 0.860483 0.956167 0.977502 0.788660 0.890605 0.908755 0.908240 0.958598
0.747508 0.855853 0.728208 0.731219 0.798226 0.697909 0.729049 0.720866 0.976599 0.988987 0.754229 0.733654 0.849178 0.767444 0.833468 0.807973 0.991524 0.817787 0.902190 0.838731 0.756641 0.954276 0.845700 0.748611 0.751886 0.647196 0.928209 0.838587 0.981002 0.917751 0.973211 0.929065 0.820263 0.750247 0.853175 0.000000 0.866320 0.844931 0.972934 0.918678 0.870083 0.908291 0.969692 0.900216 0.969514 0.967871 0.887830 0.887384 0.940227 0.892601 0.871351 0.844987 0.829286 0.689782 0.762438 0.950568 0.831192 0.852123 0.897449 0.889385 0.737558 0.801321 0.873748 0.994291 0.683449 0.654090 0.788236 0.813823 0.768137 0.729429 0.964049 0.980208 0.848277 0.936494 0.991573 0.992389 0.906172 0.913732 0.991214 0.818828 0.836685 0.839671 0.844253 0.884438 0.721065 0.660008 0.980568 0.920472 0.792393 0.819368 0.834321 0.895268 0.932098 0.989126 0.945782 0.981671 0.944445 0.888284 0.977066 0.975936 0.981132 0.952383 0.986505 0.906881 0.916161 0.913530 0.972698 0.886958 0.923794 0.899059 0.935769 0.995055 0.898137 0.831291 0.876563 0.897481
0.745118 0.742601 0.556600 0.620031 0.773355 0.920905 0.546299 0.539992 0.829724 0.919223 0.874411 0.627906 0.694934 0.928051 0.843787 0.826587 0.848338 0.847160 0.803009 0.635092 0.816800 0.964825 0.708961 0.772311 0.559653 0.576074 0.965734 0.908853 0.890575 0.932533 0.652763 0.724903 0.542604 0.610540 0.853319 0.866320 0.000000 0.559244 0.846244 0.815337 0.705643 0.830104 0.741234 0.742269 0.718845 0.792231 0.702167 0.696873 0.860859 0.874811 0.932025 0.933219 0.968209 0.919465 0.537753 0.807969 0.781598 0.723730 0.761714 0.831917 0.532754 0.598542 0.892944 0.682484 0.696745 0.588838 0.652897 0.608219 0.584189 0.672638 0.744277 0.621786 0.896211 0.758498 0.996690 0.883393 0.849039 0.795513 0.962811 0.932191 0.716360 0.719383 0.808168 0.722722 0.647964 0.653985 0.841537 0.839205 0.804173 0.742420 0.858875 0.931857 0.803255 0.989281 0.811577 0.986460 0.735926 0.870060 0.803363 0.875635 0.867280 0.991835 0.853653 0.997024 0.739680 0.836068 0.905912 0.989487 0.830932 0.803487 0.942538 0.912148 0.992701 0.995126 0.967359 0.904686
0.696462 0.665562 0.601909 0.630908 0.857824 0.869978 0.633670 0.630488 0.909290 0.804469 0.841998 0.576221 0.816844 0.829340 0.828245 0.851924 0.853803 0.750307 0.817189 0.593882 0.815092 0.973227 0.812003 0.742559 0.613835 0.674771 0.841723 0.967946 0.995711 0.940655 0.891418 0.872756 0.631840 0.607280 0.720304 0.844931 0.559244 0.000000 0.700991 0.738600 0.834100 0.627879 0.802820 0.857944 0.742156 0.817483 0.713307 0.766699 0.796047 0.842470 0.916323 0.961658 0.905675 0.740417 0.554021 0.703614 0.736838 0.673433 0.752017 0.810034 0.597983 0.635834 0.898848 0.702047 0.717115 0.625030 0.680982 0.586837 0.618488 0.657921 0.836219 0.760887 0.929971 0.836280 0.975663 0.992996 0.788388 0.947222 0.925623 0.887269 0.702115 0.708695 0.886122 0.728464 0.668738 0.641337 0.826469 0.823898 0.734012 0.658297 0.850437 0.857453 0.736559 0.966015 0.912381 0.819129 0.828287 0.838102 0.726368 0.837385 0.830783 0.992606 0.793532 0.876009 0.699445 0.838467 0.948235 0.962791 0.942525 0.825446 0.843911 0.863145 0.858995 0.940310 0.969138 0.954964
