0.000000 0.216233 0.755448 0.472827 0.754520 0.497668 0.557500 0.442911 0.748847 0.647025 0.312474 0.294561 0.333854 0.421533 0.563821 0.360892 0.264352 0.312847 0.346275 0.324201 0.725878 0.971065 0.672915 0.692882 0.904437 0.989440 0.994412 0.990478 0.406689 0.417207 0.832883 0.863582 0.407866 0.411473 0.878868 0.657134 0.673775 0.729750 0.788232 0.644849 0.708616 0.772008 0.600004 0.600385 0.607203 0.539952 0.345062 0.310068 0.371040 0.400745 0.591898 0.526258 0.843554 0.814090 0.441971 0.417468 0.255621 0.217263 0.268690 0.309286 0.290546 0.383242 0.302813 0.290275 0.622071 0.401640 0.696455 0.730942 0.437350 0.459734 0.701131 0.756525 0.670051 0.649275 0.708080 0.733743 0.560077 0.634680 0.419836 0.470077 0.228720 0.258090 0.558597 0.340806 0.468259 0.535620 0.982598 0.898773 0.607377 0.472408 0.807107 0.941664 0.771850 0.990469 0.693004 0.680749 0.693827 0.733881 0.461594 0.545493 0.856441 0.855938 0.673158 0.658555 0.544118 0.553767 0.977309 0.922790 0.725455 0.898674 0.906317 0.486702 0.649867 0.866438 0.682708 0.955262
0.216233 0.000000 0.686291 0.416233 0.817896 0.501371 0.500537 0.420816 0.647064 0.644304 0.307481 0.304098 0.359271 0.398731 0.563740 0.289753 0.253777 0.282090 0.350559 0.284678 0.666862 0.872788 0.633310 0.615870 0.872579 0.922362 0.972050 0.911615 0.326497 0.367454 0.694500 0.681456 0.327241 0.346853 0.958276 0.650303 0.592311 0.696703 0.752527 0.624591 0.732966 0.686055 0.469731 0.459935 0.532405 0.467266 0.346613 0.314536 0.323479 0.354851 0.445726 0.429230 0.715225 0.921403 0.492132 0.436017 0.210358 0.176234 0.310503 0.350421 0.276945 0.397152 0.314500 0.298301 0.570199 0.414771 0.653880 0.634489 0.471311 0.438161 0.598724 0.641019 0.596239 0.556910 0.699253 0.771287 0.515517 0.564695 0.388596 0.404902 0.268459 0.314599 0.515286 0.375415 0.505476 0.519034 0.945749 0.923266 0.642808 0.504870 0.788443 0.869632 0.744733 0.993560 0.659119 0.674979 0.743684 0.752447 0.458760 0.498345 0.868486 0.917405 0.655140 0.664121 0.550860 0.526962 0.993074 0.899784 0.725811 0.955750 0.900658 0.477400 0.648171 0.803470 0.692726 0.995138
0.755448 0.686291 0.000000 0.368826 0.921881 0.823692 0.542096 0.732859 0.756227 0.981491 0.826696 0.883171 0.699309 0.834912 0.762898 0.662337 0.904772 0.852010 0.598657 0.754920 0.629156 0.864763 0.649990 0.705376 0.433436 0.407478 0.958032 0.941252 0.802473 0.862827 0.578767 0.589118 0.566872 0.661393 0.857888 0.870496 0.540456 0.598845 0.521938 0.684550 0.770245 0.730523 0.676023 0.706953 0.852645 0.805276 0.585232 0.758059 0.864165 0.757207 0.682541 0.745660 0.915917 0.912520 0.712478 0.868530 0.765093 0.695408 0.717743 0.627055 0.603795 0.813953 0.946053 0.956454 0.412434 0.491705 0.647940 0.594948 0.602460 0.590710 0.725665 0.663328 0.664255 0.570297 0.939692 0.845361 0.639240 0.738507 0.571024 0.732059 0.838270 0.781282 0.855686 0.823056 0.708979 0.692647 0.862917 0.878065 0.893500 0.802846 0.710955 0.613721 0.640783 0.737628 0.860498 0.879369 0.728310 0.833382 0.863111 0.799322 0.995935 0.846097 0.941747 0.964634 0.680253 0.750823 0.939809 0.718484 0.902981 0.872530 0.985463 0.867024 0.782158 0.883212 0.742883 0.896497
0.472827 0.416233 0.368826 0.000000 0.891225 0.617049 0.500955 0.439764 0.658399 0.770433 0.473100 0.476068 0.471836 0.444372 0.616853 0.453401 0.613808 0.530250 0.440468 0.469465 0.583423 0.942297 0.601932 0.581179 0.655015 0.549588 0.938333 0.871627 0.521922 0.554511 0.651165 0.649655 0.436147 0.490488 0.842540 0.772051 0.545458 0.586954 0.556861 0.670552 0.794420 0.795068 0.631908 0.631327 0.738572 0.680936 0.459931 0.598057 0.623241 0.533403 0.585266 0.584913 0.809880 0.909734 0.576495 0.666581 0.560687 0.424584 0.548127 0.463915 0.407833 0.495224 0.586532 0.573293 0.427696 0.293078 0.658435 0.616455 0.466460 0.324572 0.649022 0.669773 0.744082 0.610137 0.797457 0.734354 0.639072 0.702307 0.389296 0.561816 0.577901 0.481064 0.711253 0.587485 0.569535 0.545555 0.867270 0.958843 0.731165 0.575183 0.726193 0.733451 0.619717 0.768436 0.685697 0.747952 0.763568 0.838493 0.704771 0.737610 0.883141 0.868022 0.835320 0.886311 0.605470 0.611062 0.877158 0.936954 0.970067 0.918668 0.937364 0.754705 0.776802 0.946886 0.671970 0.785799
0.754520 0.817896 0.921881 0.891225 0.000000 0.990981 0.874292 0.848561 0.937764 0.906970 0.839518 0.794339 0.592511 0.769564 0.615800 0.689852 0.872516 0.829865 0.864041 0.895253 0.980226 0.788797 0.632286 0.639996 0.845293 0.866559 0.685595 0.921122 0.883989 0.804782 0.950915 0.883981 0.780120 0.951812 0.998582 0.955567 0.932843 0.976161 0.995460 0.904057 0.894661 0.854518 0.870002 0.859692 0.817874 0.757199 0.706346 0.748837 0.624872 0.709938 0.788918 0.720047 0.792946 0.902390 0.730146 0.739202 0.844823 0.731785 0.786140 0.726609 0.674427 0.756471 0.707907 0.711758 0.713726 0.796964 0.978589 0.990111 0.867422 0.810793 0.775602 0.768148 0.786601 0.925781 0.851905 0.902657 0.932113 0.846624 0.953680 0.735006 0.721413 0.760767 0.731171 0.697547 0.584028 0.647263 0.630959 0.807162 0.616564 0.609941 0.941480 0.776193 0.839710 0.818411 0.976319 0.999950 0.947797 0.901999 0.878909 0.818175 0.887453 0.906265 0.935509 0.936162 0.898175 0.857751 0.825404 0.995426 0.901312 0.966768 0.893806 0.859464 0.673056 0.981273 0.932230 0.880682
0.497668 0.501371 0.823692 0.617049 0.990981 0.000000 0.563575 0.539927 0.705660 0.739002 0.575615 0.540609 0.772462 0.692206 0.913235 0.556160 0.541045 0.552294 0.563890 0.672987 0.752865 0.913973 0.934922 0.875647 0.980202 0.932501 0.817837 0.987728 0.645305 0.578839 0.711510 0.656135 0.518922 0.535117 0.972199 0.698416 0.725491 0.858709 0.903941 0.666759 0.640832 0.912075 0.574290 0.629005 0.695192 0.664363 0.602858 0.656344 0.617019 0.656632 0.646905 0.632720 0.777207 0.965672 0.655000 0.670776 0.539087 0.601132 0.519034 0.603664 0.574167 0.602213 0.645618 0.557747 0.905761 0.598644 0.751344 0.589555 0.743321 0.818556 0.614815 0.739438 0.573713 0.683564 0.923802 0.899893 0.735268 0.654760 0.620360 0.589518 0.520541 0.538634 0.801962 0.640543 0.786535 0.783392 0.880749 0.816495 0.971956 0.782942 0.792530 0.898145 0.808037 0.977775 0.677451 0.783084 0.892394 0.841331 0.591960 0.762408 0.808558 0.918118 0.760853 0.777073 0.739386 0.876895 0.866915 0.994579 0.917669 0.985014 0.878119 0.733684 0.798669 0.806856 0.812221 0.980020
0.557500 0.500537 0.542096 0.500955 0.874292 0.563575 0.000000 0.325664 0.378735 0.470098 0.481327 0.576784 0.768025 0.759516 0.841021 0.514348 0.469881 0.406399 0.323891 0.502128 0.686903 0.934776 0.668429 0.833194 0.987541 0.867067 0.691594 0.870111 0.401197 0.327279 0.358729 0.420213 0.280933 0.252005 0.822567 0.907431 0.769538 0.718890 0.781615 0.857597 0.743168 0.749094 0.289619 0.350518 0.309906 0.387312 0.551547 0.538982 0.530016 0.618649 0.500489 0.541898 0.560031 0.730122 0.693843 0.751379 0.454198 0.589423 0.523252 0.728722 0.341011 0.602093 0.474216 0.489705 0.783996 0.646978 0.273380 0.287626 0.771548 0.709419 0.458782 0.424669 0.405316 0.346813 0.874510 0.784131 0.492142 0.456634 0.530021 0.572785 0.582044 0.692912 0.712418 0.807755 0.835089 0.904452 0.945500 0.864014 0.964028 0.820715 0.484841 0.611912 0.635284 0.813103 0.640634 0.629458 0.577014 0.594862 0.341508 0.337259 0.654412 0.633671 0.523042 0.683523 0.466954 0.667053 0.772359 0.810398 0.744295 0.854920 0.795473 0.511791 0.384182 0.787225 0.690271 0.926800
0.442911 0.420816 0.732859 0.439764 0.848561 0.539927 0.325664 0.000000 0.430694 0.312570 0.333008 0.275670 0.611306 0.475538 0.873352 0.544876 0.443911 0.391184 0.445960 0.435782 0.849725 0.902352 0.867836 0.918266 0.860599 0.967837 0.694643 0.878489 0.365066 0.326830 0.675663 0.722063 0.436672 0.334916 0.836056 0.781202 0.770735 0.741520 0.861793 0.799818 0.786295 0.866328 0.443163 0.482864 0.367280 0.358784 0.476966 0.451202 0.390222 0.483592 0.447243 0.452064 0.557730 0.792915 0.567439 0.557176 0.500514 0.485281 0.418483 0.524210 0.249808 0.247791 0.329912 0.267255 0.843092 0.466377 0.465279 0.416902 0.738014 0.567888 0.589119 0.630876 0.596425 0.570300 0.753420 0.722702 0.502747 0.613289 0.498676 0.608938 0.472528 0.567159 0.763108 0.679309 0.826246 0.895227 0.950832 0.854446 0.844513 0.615179 0.550532 0.785131 0.640483 0.922875 0.683343 0.681740 0.635159 0.670560 0.383877 0.422798 0.546071 0.790532 0.567905 0.689941 0.500432 0.606708 0.918814 0.955210 0.736740 0.800408 0.808263 0.524560 0.507315 0.823671 0.698394 0.912944
0.748847 0.647064 0.756227 0.658399 0.937764 0.705660 0.378735 0.430694 0.000000 0.391396 0.529676 0.560107 0.906428 0.839891 0.967006 0.674589 0.595287 0.486102 0.566995 0.573679 0.716824 0.966871 0.947334 0.933626 0.835282 0.845653 0.702957 0.845882 0.413465 0.446057 0.466025 0.591049 0.532469 0.400667 0.897578 0.988891 0.771367 0.882463 0.749816 0.853519 0.807441 0.724830 0.468613 0.518304 0.490700 0.608949 0.831104 0.752181 0.732187 0.792979 0.653842 0.728691 0.615329 0.699804 0.976562 0.962649 0.570259 0.740488 0.789454 0.950341 0.560069 0.602747 0.559633 0.556560 0.979348 0.778324 0.489731 0.518078 0.826832 0.751168 0.428009 0.442248 0.482202 0.478951 0.981206 0.780892 0.544449 0.563429 0.637961 0.642686 0.751379 0.915675 0.823533 0.935283 0.866221 0.832170 0.800581 0.798278 0.791078 0.972133 0.413078 0.551146 0.617245 0.655980 0.662953 0.811855 0.746439 0.657651 0.501993 0.463838 0.556965 0.658047 0.619858 0.739521 0.609174 0.860589 0.867027 0.859288 0.869157 0.972411 0.871632 0.595601 0.691026 0.914932 0.818105 0.873361
0.647025 0.644304 0.981491 0.770433 0.906970 0.739002 0.470098 0.312570 0.391396 0.000000 0.482395 0.447317 0.873070 0.755423 0.988622 0.708096 0.492359 0.412994 0.600953 0.505886 0.959786 0.818018 0.947841 0.831554 0.699890 0.825294 0.704925 0.810294 0.403816 0.404341 0.689175 0.801057 0.615107 0.434818 0.797140 0.949314 0.825794 0.836537 0.889442 0.878496 0.872302 0.855711 0.516305 0.572773 0.413926 0.488303 0.773549 0.652254 0.586245 0.780582 0.688429 0.712533 0.659203 0.733751 0.871493 0.802696 0.575518 0.704807 0.684126 0.907528 0.508933 0.464582 0.409200 0.364419 0.861176 0.829061 0.529610 0.577317 0.865508 0.818557 0.519611 0.566927 0.633772 0.599076 0.904207 0.784162 0.610264 0.623439 0.662074 0.709906 0.599569 0.828440 0.902606 0.959267 0.861085 0.769956 0.861403 0.719013 0.973833 0.828392 0.423393 0.676183 0.640099 0.811683 0.794736 0.700509 0.750799 0.682282 0.339819 0.398705 0.463401 0.657339 0.512845 0.628743 0.618062 0.762329 0.903282 0.991016 0.728651 0.881498 0.633727 0.500179 0.530324 0.910952 0.818710 0.898184
0.312474 0.307481 0.826696 0.473100 0.839518 0.575615 0.481327 0.333008 0.529676 0.482395 0.000000 0.245482 0.471239 0.372065 0.668201 0.422187 0.298510 0.259309 0.344556 0.323624 0.729434 0.933502 0.792250 0.746845 0.880390 0.933095 0.907315 0.996868 0.288415 0.287207 0.714293 0.781577 0.420574 0.354406 0.910923 0.635323 0.726269 0.736615 0.766713 0.676149 0.770079 0.803410 0.531255 0.546251 0.555143 0.529750 0.513577 0.485009 0.461624 0.526205 0.554727 0.553940 0.722119 0.934228 0.639478 0.587566 0.328800 0.332735 0.447188 0.525044 0.352427 0.368494 0.296846 0.258640 0.848126 0.487919 0.674944 0.664069 0.645782 0.512011 0.647754 0.648561 0.582590 0.596295 0.784453 0.629915 0.511378 0.621049 0.399036 0.504113 0.365554 0.381652 0.699455 0.492452 0.737280 0.750495 0.961330 0.946613 0.764636 0.574283 0.722124 0.882428 0.790036 0.886021 0.694439 0.715652 0.764108 0.692564 0.460075 0.582037 0.775435 0.792573 0.638602 0.665676 0.576381 0.680780 0.888268 0.914599 0.719217 0.913946 0.937279 0.525130 0.555518 0.969765 0.710101 0.888887
0.294561 0.304098 0.883171 0.476068 0.794339 0.540609 0.576784 0.275670 0.560107 0.447317 0.245482 0.000000 0.385189 0.305760 0.643234 0.382448 0.331840 0.343770 0.485844 0.365553 0.793212 0.946939 0.829953 0.781094 0.867064 0.910236 0.906131 0.975216 0.352776 0.370747 0.878115 0.925863 0.496953 0.443601 0.977177 0.679726 0.725841 0.757475 0.854981 0.682968 0.788073 0.873997 0.605045 0.604941 0.578250 0.502881 0.443511 0.420014 0.374778 0.429359 0.530209 0.487164 0.675300 0.955355 0.527207 0.526091 0.387501 0.308678 0.404759 0.435006 0.295984 0.195971 0.279607 0.215729 0.783964 0.381242 0.745126 0.694545 0.600361 0.471711 0.700618 0.754618 0.717609 0.711728 0.697485 0.702973 0.574121 0.702126 0.484097 0.562111 0.320163 0.364865 0.652190 0.451004 0.672524 0.707854 0.956580 0.909121 0.633238 0.545625 0.680401 0.931394 0.766346 0.994835 0.684100 0.728621 0.783413 0.747610 0.508206 0.583840 0.683348 0.917937 0.690466 0.723227 0.560957 0.634520 0.900118 0.964416 0.714151 0.905755 0.878900 0.527395 0.678724 0.933352 0.748032 0.907655
0.333854 0.359271 0.699309 0.471836 0.592511 0.772462 0.768025 0.611306 0.906428 0.873070 0.471239 0.385189 0.000000 0.327433 0.317325 0.326937 0.533054 0.561897 0.538299 0.507539 0.789951 0.974473 0.456712 0.430016 0.771349 0.966292 0.674543 0.797373 0.578296 0.626495 0.933676 0.924893 0.569894 0.632729 0.964471 0.714506 0.689774 0.804843 0.777990 0.640633 0.868121 0.791237 0.800898 0.808752 0.810703 0.681551 0.382481 0.428605 0.419332 0.440817 0.629433 0.551659 0.859383 0.780948 0.567375 0.510082 0.501652 0.276175 0.420308 0.296805 0.358460 0.405053 0.476303 0.480436 0.376977 0.318953 0.956076 0.929433 0.511360 0.376927 0.991419 0.971082 0.991636 0.881334 0.664758 0.777847 0.711492 0.832478 0.589990 0.533139 0.427162 0.319906 0.483582 0.319469 0.316162 0.346492 0.871892 0.870437 0.437599 0.414689 0.992157 0.898140 0.989086 0.902312 0.810423 0.805727 0.878347 0.853755 0.751675 0.765711 0.927322 0.954347 0.980219 0.945360 0.741604 0.695408 0.890326 0.995770 0.865129 0.942891 0.977801 0.708498 0.803459 0.979140 0.713956 0.884303
0.421533 0.398731 0.834912 0.444372 0.769564 0.692206 0.759516 0.475538 0.839891 0.755423 0.372065 0.305760 0.327433 0.000000 0.478155 0.391706 0.516456 0.475514 0.537523 0.446913 0.846165 0.975114 0.604142 0.519270 0.962504 0.950899 0.872766 0.815659 0.482257 0.488831 0.964419 0.980613 0.568004 0.650037 0.919448 0.604829 0.718916 0.780285 0.866622 0.679199 0.801098 0.971469 0.773807 0.713992 0.750811 0.619404 0.505889 0.536193 0.461893 0.406332 0.559827 0.487905 0.712565 0.996999 0.545107 0.576879 0.547306 0.322763 0.532355 0.435463 0.424180 0.366751 0.447286 0.387196 0.617271 0.367373 0.992541 0.912824 0.658650 0.459698 0.957141 0.922812 0.975519 0.926390 0.776121 0.753514 0.727658 0.901179 0.542722 0.605771 0.485790 0.386657 0.534123 0.394549 0.557322 0.521404 0.902532 0.854015 0.555485 0.420277 0.989226 0.813665 0.992025 0.861127 0.815091 0.832943 0.932326 0.946361 0.770078 0.834700 0.910006 0.915555 0.889765 0.879920 0.742548 0.714284 0.884480 0.816979 0.826255 0.953981 0.953563 0.772644 0.840221 0.982233 0.717072 0.848014
0.563821 0.563740 0.762898 0.616853 0.615800 0.913235 0.841021 0.873352 0.967006 0.988622 0.668201 0.643234 0.317325 0.478155 0.000000 0.329707 0.655558 0.608810 0.565825 0.587183 0.716369 0.955265 0.296962 0.339775 0.722360 0.872701 0.520062 0.715023 0.667471 0.667149 0.925421 0.978818 0.629010 0.761143 0.908734 0.812526 0.761490 0.899425 0.832037 0.761022 0.895846 0.809266 0.887532 0.871950 0.941608 0.896128 0.656625 0.672692 0.684494 0.680004 0.854506 0.792542 0.933054 0.782263 0.735582 0.792643 0.588683 0.444027 0.683396 0.627134 0.605083 0.738623 0.627492 0.688453 0.431366 0.556199 0.944533 0.917509 0.546765 0.569945 0.984833 0.953866 0.918600 0.936844 0.840802 0.813161 0.873847 0.869552 0.780442 0.555305 0.576408 0.482416 0.479170 0.480943 0.400644 0.395244 0.846655 0.763887 0.567495 0.580902 0.956391 0.877176 0.924845 0.894532 0.831411 0.822656 0.960996 0.942593 0.847226 0.828249 0.816211 0.953341 0.984711 0.936329 0.884788 0.915015 0.966849 0.938184 0.885904 0.901385 0.908362 0.815327 0.860255 0.922521 0.839089 0.902554
0.360892 0.289753 0.662337 0.453401 0.689852 0.556160 0.514348 0.544876 0.674589 0.708096 0.422187 0.382448 0.326937 0.391706 0.329707 0.000000 0.368521 0.360495 0.359087 0.365589 0.659504 0.919867 0.403774 0.425668 0.847016 0.871653 0.812539 0.879161 0.446008 0.415615 0.677291 0.703515 0.359048 0.437759 0.970846 0.723876 0.604344 0.675733 0.757353 0.601535 0.716546 0.713251 0.522888 0.524616 0.637291 0.586617 0.466619 0.448349 0.464743 0.506689 0.553812 0.510054 0.711136 0.950189 0.627635 0.653584 0.317296 0.275853 0.481097 0.521720 0.361002 0.484176 0.446135 0.434235 0.495980 0.412500 0.778482 0.740851 0.476399 0.526002 0.670321 0.644203 0.707934 0.584064 0.774640 0.746696 0.634627 0.625936 0.485998 0.389508 0.380841 0.409626 0.443749 0.440058 0.496461 0.492733 0.989549 0.988206 0.626938 0.596939 0.734742 0.899110 0.832527 0.993451 0.643906 0.674373 0.865835 0.815928 0.577173 0.566916 0.923615 0.870891 0.771592 0.802936 0.669913 0.708469 0.942222 0.930055 0.770198 0.959586 0.886207 0.555341 0.639829 0.897008 0.689680 0.938846
0.264352 0.253777 0.904772 0.613808 0.872516 0.541045 0.469881 0.443911 0.595287 0.492359 0.298510 0.331840 0.533054 0.516456 0.655558 0.368521 0.000000 0.179732 0.351056 0.302296 0.717140 0.891687 0.783724 0.781041 0.890414 0.863815 0.897731 0.996538 0.295231 0.267956 0.666194 0.684757 0.384436 0.333637 0.889640 0.680074 0.720608 0.799885 0.957525 0.697050 0.731375 0.726617 0.433112 0.447632 0.491298 0.500933 0.492159 0.387694 0.415198 0.527793 0.587956 0.580152 0.780133 0.941753 0.585038 0.528167 0.187430 0.307089 0.402158 0.602681 0.387123 0.496208 0.252808 0.243980 0.866250 0.650084 0.620358 0.675999 0.582221 0.638477 0.522233 0.556224 0.522367 0.524842 0.739899 0.761164 0.538113 0.566988 0.433411 0.408308 0.263498 0.379571 0.549454 0.513650 0.697749 0.745027 0.946670 0.851528 0.793199 0.637711 0.696474 0.877467 0.800785 0.980927 0.643946 0.594095 0.682772 0.669253 0.363660 0.419079 0.742163 0.753108 0.592104 0.521650 0.554801 0.580712 0.929367 0.935298 0.587431 0.932998 0.754691 0.439733 0.571864 0.808213 0.733606 0.958374
0.312847 0.282090 0.852010 0.530250 0.829865 0.552294 0.406399 0.391184 0.486102 0.412994 0.259309 0.343770 0.561897 0.475514 0.608810 0.360495 0.179732 0.000000 0.290861 0.258278 0.665301 0.953346 0.698024 0.726383 0.899251 0.948826 0.940440 0.977854 0.235291 0.204795 0.598207 0.623243 0.329381 0.284750 0.965326 0.723859 0.720941 0.789773 0.912318 0.726184 0.730836 0.696523 0.408300 0.418072 0.442388 0.481928 0.539916 0.431466 0.443568 0.548542 0.577441 0.575639 0.702908 0.991384 0.652447 0.598969 0.216835 0.314122 0.476137 0.674112 0.381679 0.502239 0.238538 0.239344 0.830675 0.633841 0.596729 0.639124 0.601630 0.593274 0.509132 0.515829 0.554890 0.532126 0.828403 0.716724 0.542269 0.506678 0.423901 0.379334 0.313631 0.424633 0.527004 0.528698 0.702554 0.753828 0.944728 0.940419 0.847891 0.606103 0.643566 0.832007 0.773713 0.933279 0.649566 0.575211 0.710724 0.664552 0.322931 0.389297 0.727985 0.705529 0.572521 0.522229 0.538596 0.613490 0.949823 0.993687 0.656626 0.990820 0.792362 0.433182 0.532069 0.863958 0.680706 0.943314
0.346275 0.350559 0.598657 0.440468 0.864041 0.563890 0.323891 0.445960 0.566995 0.600953 0.344556 0.485844 0.538299 0.537523 0.565825 0.359087 0.351056 0.290861 0.000000 0.342717 0.686726 0.899327 0.534947 0.652575 0.950406 0.904815 0.929434 0.997189 0.352300 0.336742 0.532511 0.532337 0.325410 0.296584 0.889583 0.781724 0.721211 0.721371 0.754750 0.719321 0.733270 0.767275 0.495688 0.537395 0.540191 0.565021 0.508556 0.485443 0.550639 0.612306 0.669041 0.654917 0.788346 0.976030 0.671309 0.677545 0.343551 0.399109 0.454438 0.591079 0.381731 0.618075 0.440380 0.449515 0.689673 0.547368 0.531144 0.607014 0.582822 0.591352 0.555147 0.507948 0.545771 0.460570 0.829896 0.758748 0.516834 0.554885 0.420924 0.472356 0.443003 0.428617 0.652056 0.541347 0.645953 0.710797 0.948716 0.980158 0.855180 0.716082 0.672382 0.803761 0.734035 0.880918 0.637488 0.637484 0.689487 0.809994 0.447290 0.447390 0.861095 0.733126 0.679939 0.722787 0.625381 0.694779 0.956270 0.971118 0.735654 0.927524 0.945034 0.535584 0.521587 0.901896 0.679092 0.931334
0.324201 0.284678 0.754920 0.469465 0.895253 0.672987 0.502128 0.435782 0.573679 0.505886 0.323624 0.365553 0.507539 0.446913 0.587183 0.365589 0.302296 0.258278 0.342717 0.000000 0.732344 0.996379 0.656705 0.726366 0.975904 0.985302 0.920272 0.957955 0.310294 0.347184 0.695924 0.747225 0.440460 0.347003 0.951592 0.707282 0.663746 0.751930 0.786922 0.748450 0.736569 0.802071 0.574565 0.568882 0.586851 0.582364 0.570508 0.489118 0.529705 0.552658 0.662229 0.644427 0.777898 0.966053 0.653864 0.633694 0.294826 0.317805 0.511897 0.597726 0.394318 0.497393 0.341324 0.346229 0.723941 0.562025 0.713995 0.745157 0.556175 0.492233 0.532865 0.558416 0.636433 0.583780 0.853503 0.787391 0.533341 0.626745 0.453117 0.516301 0.448548 0.482591 0.562904 0.580832 0.707567 0.785727 0.954163 0.901877 0.799586 0.593599 0.683684 0.805526 0.711791 0.880240 0.737419 0.634766 0.794961 0.747386 0.462355 0.459341 0.788543 0.843890 0.680762 0.704471 0.608643 0.625990 0.975867 0.999530 0.757661 0.973694 0.923046 0.452893 0.629226 0.919406 0.792881 0.871252
0.725878 0.666862 0.629156 0.583423 0.980226 0.752865 0.686903 0.849725 0.716824 0.959786 0.729434 0.793212 0.789951 0.846165 0.716369 0.659504 0.717140 0.665301 0.686726 0.732344 0.000000 0.903534 0.741254 0.784272 0.824902 0.709204 0.867657 0.793690 0.727662 0.672336 0.613153 0.718489 0.696857 0.696579 0.997509 0.900963 0.647246 0.902726 0.730724 0.710194 0.935447 0.857651 0.710051 0.698484 0.849158 0.897069 0.744086 0.785230 0.845099 0.835142 0.827330 0.850925 0.928600 0.943900 0.774729 0.929026 0.651648 0.663255 0.786124 0.849268 0.751523 0.873795 0.795933 0.800673 0.700146 0.752707 0.739456 0.735080 0.598924 0.619971 0.752808 0.779861 0.664746 0.732002 0.845369 0.877490 0.821296 0.654514 0.695700 0.603434 0.695191 0.670918 0.760744 0.728328 0.753234 0.679499 0.889032 0.979356 0.995307 0.924366 0.895764 0.875502 0.871059 0.856734 0.677988 0.907160 0.842947 0.908952 0.824466 0.813066 0.985175 0.786720 0.916699 0.778732 0.665359 0.812846 0.944576 0.952364 0.762531 0.885455 0.999391 0.883956 0.850356 0.951711 0.813959 0.935251
0.971065 0.872788 0.864763 0.942297 0.788797 0.913973 0.934776 0.902352 0.966871 0.818018 0.933502 0.946939 0.974473 0.975114 0.955265 0.919867 0.891687 0.953346 0.899327 0.996379 0.903534 0.000000 0.943181 0.822027 0.836447 0.827273 0.953905 0.993631 0.974940 0.987951 0.811658 0.657961 0.849432 0.889474 0.864401 0.988110 0.804225 0.886559 0.982040 0.880228 0.987502 0.843886 0.844419 0.863886 0.947611 0.984183 0.954983 0.908294 0.970908 0.945050 0.879820 0.955239 0.937475 0.920531 0.938622 0.962555 0.856644 0.907590 0.971336 0.941706 0.959197 0.810225 0.935228 0.933563 0.957573 0.914846 0.887298 0.954647 0.991561 0.938146 0.789763 0.842078 0.845653 0.868375 0.894959 0.980783 0.881139 0.917433 0.999383 0.790547 0.892786 0.893918 0.867241 0.877795 0.925055 0.869896 0.899183 0.943483 0.993697 0.870171 0.993988 0.873041 0.943783 0.982083 0.950711 0.835104 0.963348 0.942134 0.972177 0.917318 0.947493 0.968176 0.936671 0.751408 0.865015 0.828657 0.943981 0.856637 0.792697 0.871666 0.989771 0.977317 0.995484 0.786102 0.893328 0.951267
0.672915 0.633310 0.649990 0.601932 0.632286 0.934922 0.668429 0.867836 0.947334 0.947841 0.792250 0.829953 0.456712 0.604142 0.296962 0.403774 0.783724 0.698024 0.534947 0.656705 0.741254 0.943181 0.000000 0.311637 0.706887 0.777127 0.599017 0.705814 0.690717 0.693732 0.814257 0.821988 0.524492 0.699287 0.948228 0.989489 0.823129 0.940291 0.768850 0.881681 0.898290 0.823623 0.763155 0.758027 0.742714 0.728861 0.640526 0.646853 0.640039 0.616924 0.749035 0.663180 0.769516 0.976168 0.770360 0.800861 0.689044 0.557134 0.744714 0.684348 0.585291 0.879047 0.708142 0.803338 0.370207 0.643693 0.854936 0.867411 0.696564 0.622953 0.981440 0.924039 0.968984 0.867216 0.826312 0.940159 0.870722 0.800482 0.804893 0.643580 0.724557 0.642184 0.505967 0.587724 0.382245 0.410401 0.929567 0.711855 0.674831 0.636474 0.991072 0.989382 0.980885 0.907516 0.876455 0.798749 0.956420 0.895217 0.804142 0.708655 0.823094 0.986698 0.944451 0.967757 0.797373 0.819063 0.879557 0.914295 0.937943 0.904706 0.913405 0.814134 0.718634 0.993814 0.761205 0.912840
0.692882 0.615870 0.705376 0.581179 0.639996 0.875647 0.833194 0.918266 0.933626 0.831554 0.746845 0.781094 0.430016 0.519270 0.339775 0.425668 0.781041 0.726383 0.652575 0.726366 0.784272 0.822027 0.311637 0.000000 0.687242 0.824899 0.649906 0.761178 0.804215 0.739660 0.950256 0.852091 0.594663 0.802067 0.956044 0.815237 0.767423 0.913181 0.781118 0.812916 0.872902 0.802112 0.803266 0.749199 0.909598 0.826735 0.636649 0.734855 0.700566 0.635494 0.722291 0.667193 0.845325 0.903429 0.777587 0.746056 0.695083 0.527033 0.757302 0.644865 0.681876 0.846386 0.759460 0.813188 0.443707 0.576521 0.991622 0.964752 0.752089 0.663441 0.925355 0.994289 0.959897 0.999611 0.817716 0.888679 0.879315 0.914574 0.773295 0.552224 0.667966 0.552507 0.533339 0.486938 0.415255 0.326115 0.963697 0.688621 0.586464 0.585196 0.875045 0.896669 0.872869 0.830076 0.894058 0.835049 0.996078 0.934336 0.951463 0.893855 0.756224 0.922598 0.997535 0.982105 0.942265 0.903685 0.976917 0.974236 0.918957 0.938942 0.861189 0.862061 0.812240 0.959367 0.800039 0.868972
0.904437 0.872579 0.433436 0.655015 0.845293 0.980202 0.987541 0.860599 0.835282 0.699890 0.880390 0.867064 0.771349 0.962504 0.722360 0.847016 0.890414 0.899251 0.950406 0.975904 0.824902 0.836447 0.706887 0.687242 0.000000 0.430376 0.695641 0.918743 0.910653 0.796624 0.876970 0.840799 0.824425 0.989226 0.966068 0.977626 0.668768 0.789475 0.656700 0.852782 0.811910 0.807029 0.996582 0.983409 0.823934 0.851883 0.798357 0.927286 0.944659 0.931804 0.974379 0.975261 0.770445 0.639026 0.838514 0.948290 0.940580 0.842829 0.933705 0.735080 0.890482 0.924951 0.830408 0.783111 0.411780 0.672147 0.996572 0.966138 0.596883 0.685832 0.933209 0.947735 0.947335 0.854571 0.783231 0.908265 0.933003 0.893766 0.888525 0.859382 0.946702 0.894381 0.929751 0.868811 0.604423 0.598068 0.883192 0.897416 0.824127 0.876043 0.964870 0.751474 0.718674 0.761095 0.992707 0.957936 0.827869 0.984475 0.904610 0.908553 0.765842 0.958518 0.945328 0.957779 0.806704 0.867231 0.943016 0.789801 0.787938 0.908759 0.881629 0.853168 0.967091 0.945214 0.927698 0.995195
0.989440 0.922362 0.407478 0.549588 0.866559 0.932501 0.867067 0.967837 0.845653 0.825294 0.933095 0.910236 0.966292 0.950899 0.872701 0.871653 0.863815 0.948826 0.904815 0.985302 0.709204 0.827273 0.777127 0.824899 0.430376 0.000000 0.868509 0.864702 0.994760 0.872129 0.667184 0.678487 0.776125 0.921229 0.789124 0.963067 0.627273 0.735195 0.538764 0.821996 0.894240 0.762743 0.857930 0.904745 0.921012 0.924736 0.889678 0.999103 0.875341 0.952040 0.865219 0.951787 0.984987 0.884244 0.994602 0.886777 0.983848 0.930110 0.940392 0.910880 0.940038 0.948938 0.829214 0.792855 0.551281 0.693485 0.876290 0.810608 0.669905 0.743422 0.729351 0.727506 0.866087 0.729697 0.957536 0.912861 0.865219 0.882531 0.830347 0.893251 0.931121 0.967893 0.985356 0.967101 0.870232 0.800509 0.746154 0.833305 0.941591 0.983254 0.738955 0.557127 0.587757 0.651031 0.915306 0.945248 0.861270 0.972331 0.937265 0.950031 0.948471 0.948497 0.965192 0.964598 0.804136 0.930699 0.977369 0.751583 0.759724 0.967727 0.809290 0.967093 0.915171 0.968192 0.854610 0.952071
0.994412 0.972050 0.958032 0.938333 0.685595 0.817837 0.691594 0.694643 0.702957 0.704925 0.907315 0.906131 0.674543 0.872766 0.520062 0.812539 0.897731 0.940440 0.929434 0.920272 0.867657 0.953905 0.599017 0.649906 0.695641 0.868509 0.000000 0.620595 0.936813 0.839510 0.815069 0.796616 0.927358 0.749097 0.970530 0.959996 0.972869 0.923999 0.988778 0.893240 0.929795 0.855776 0.806338 0.782887 0.691535 0.739746 0.988591 0.994727 0.998796 0.991582 0.878301 0.930917 0.884311 0.685308 0.989542 0.989620 0.952211 0.881387 0.884628 0.923984 0.909377 0.869909 0.915200 0.877728 0.589960 0.932679 0.611025 0.611849 0.818897 0.776847 0.726999 0.710557 0.612735 0.775485 0.935467 0.972483 0.774700 0.847680 0.976874 0.828762 0.987327 0.852443 0.796952 0.819195 0.589474 0.567930 0.847172 0.730610 0.645468 0.864951 0.744454 0.838933 0.799314 0.955679 0.950882 0.920430 0.773837 0.799737 0.741611 0.769093 0.608591 0.811581 0.694817 0.909947 0.847485 0.957524 0.975639 0.923702 0.837373 0.917878 0.928385 0.841109 0.810428 0.851845 0.985924 0.944396
0.990478 0.911615 0.941252 0.871627 0.921122 0.987728 0.870111 0.878489 0.845882 0.810294 0.996868 0.975216 0.797373 0.815659 0.715023 0.879161 0.996538 0.977854 0.997189 0.957955 0.793690 0.993631 0.705814 0.761178 0.918743 0.864702 0.620595 0.000000 0.994311 0.974851 0.874738 0.894809 0.977635 0.891554 0.902492 0.881494 0.902770 0.748704 0.978430 0.773361 0.823369 0.862435 0.962023 0.934060 0.870146 0.885385 0.932584 0.991859 0.946920 0.903439 0.994215 0.990208 0.969790 0.815567 0.930048 0.785106 0.968902 0.906644 0.987756 0.896374 0.975452 0.941074 0.995706 0.948742 0.725561 0.908551 0.794928 0.919309 0.827014 0.841575 0.923717 0.914692 0.828113 0.912633 0.934545 0.933399 0.960657 0.860244 0.984018 0.904180 0.953990 0.845254 0.863311 0.877493 0.763402 0.674543 0.950495 0.938848 0.777056 0.722066 0.756856 0.927788 0.795918 0.886595 0.981157 0.904545 0.830723 0.802843 0.877355 0.856664 0.689004 0.827388 0.722633 0.919930 0.914287 0.895603 0.887350 0.812942 0.994080 0.933566 0.848215 0.852745 0.798404 0.942609 0.899163 0.933615
0.406689 0.326497 0.802473 0.521922 0.883989 0.645305 0.401197 0.365066 0.413465 0.403816 0.288415 0.352776 0.578296 0.482257 0.667471 0.446008 0.295231 0.235291 0.352300 0.310294 0.727662 0.974940 0.690717 0.804215 0.910653 0.994760 0.936813 0.994311 0.000000 0.262572 0.606506 0.692216 0.360745 0.292969 0.977056 0.765475 0.699679 0.819417 0.865285 0.806934 0.742639 0.700023 0.463663 0.493039 0.431189 0.476794 0.569502 0.507139 0.437590 0.538916 0.562728 0.596525 0.642752 0.867334 0.691177 0.631082 0.332160 0.390125 0.519936 0.662845 0.368531 0.496765 0.272985 0.295424 0.815101 0.629409 0.578902 0.620423 0.687099 0.571572 0.527461 0.527427 0.532953 0.539831 0.801744 0.770652 0.535890 0.547632 0.502035 0.517752 0.424849 0.500903 0.575773 0.593082 0.748875 0.832491 0.974437 0.881133 0.864062 0.679140 0.638036 0.778326 0.718981 0.869835 0.704097 0.624617 0.778960 0.639143 0.370287 0.452625 0.701807 0.769166 0.566184 0.591856 0.561724 0.619826 0.947093 0.977384 0.709828 0.968581 0.893504 0.471880 0.589210 0.893872 0.803888 0.903525
0.417207 0.367454 0.862827 0.554511 0.804782 0.578839 0.327279 0.326830 0.446057 0.404341 0.287207 0.370747 0.626495 0.488831 0.667149 0.415615 0.267956 0.204795 0.336742 0.347184 0.672336 0.987951 0.693732 0.739660 0.796624 0.872129 0.839510 0.974851 0.262572 0.000000 0.544340 0.627316 0.342004 0.318741 0.991463 0.778910 0.754050 0.821163 0.922733 0.763573 0.746935 0.742195 0.374815 0.335557 0.334026 0.375108 0.557330 0.475406 0.403326 0.507554 0.484490 0.488927 0.552116 0.794865 0.597430 0.597535 0.316989 0.413082 0.448648 0.699572 0.353578 0.477924 0.248325 0.245833 0.902873 0.664641 0.491817 0.518091 0.751669 0.644636 0.559182 0.525110 0.536596 0.527143 0.842410 0.694465 0.551473 0.522081 0.477501 0.420531 0.369963 0.480837 0.565218 0.585702 0.778067 0.802823 0.996993 0.993662 0.874180 0.660730 0.664473 0.889783 0.838395 0.992494 0.639138 0.650076 0.662202 0.689670 0.345449 0.381817 0.702345 0.699128 0.530048 0.555341 0.538258 0.648598 0.856294 0.984172 0.700076 0.922557 0.839027 0.486137 0.480078 0.826378 0.685244 0.977521
0.832883 0.694500 0.578767 0.651165 0.950915 0.711510 0.358729 0.675663 0.466025 0.689175 0.714293 0.878115 0.933676 0.964419 0.925421 0.677291 0.666194 0.598207 0.532511 0.695924 0.613153 0.811658 0.814257 0.950256 0.876970 0.667184 0.815069 0.874738 0.606506 0.544340 0.000000 0.299655 0.449665 0.459634 0.858627 0.974674 0.724875 0.611070 0.730433 0.867310 0.753196 0.628115 0.395768 0.397819 0.528105 0.642195 0.843591 0.849111 0.821944 0.844436 0.629538 0.749237 0.679624 0.702911 0.838838 0.961079 0.557533 0.809316 0.824436 0.955443 0.693745 0.930943 0.769538 0.770620 0.894699 0.904543 0.433073 0.467306 0.777666 0.918355 0.384871 0.343411 0.434640 0.356405 0.948697 0.840639 0.592976 0.404325 0.630578 0.605002 0.761961 0.951035 0.884187 0.958326 0.917616 0.962278 0.808211 0.738727 0.773986 0.862615 0.550590 0.497135 0.585589 0.668435 0.689962 0.844025 0.655963 0.822225 0.539051 0.553450 0.774379 0.546465 0.567024 0.741526 0.610725 0.856017 0.767270 0.730902 0.865829 0.928133 0.855466 0.752264 0.614994 0.835614 0.801053 0.948590
0.863582 0.681456 0.589118 0.649655 0.883981 0.656135 0.420213 0.722063 0.591049 0.801057 0.781577 0.925863 0.924893 0.980613 0.978818 0.703515 0.684757 0.623243 0.532337 0.747225 0.718489 0.657961 0.821988 0.852091 0.840799 0.678487 0.796616 0.894809 0.692216 0.627316 0.299655 0.000000 0.501944 0.519395 0.896155 0.999801 0.754606 0.695415 0.793416 0.817825 0.730865 0.745625 0.415402 0.460709 0.610535 0.680615 0.790953 0.838587 0.859579 0.855587 0.649289 0.739437 0.758719 0.813795 0.887673 0.997789 0.615722 0.810090 0.859103 0.994096 0.752867 0.997811 0.848532 0.850215 0.886079 0.888237 0.500704 0.478798 0.837577 0.890618 0.413620 0.435530 0.493412 0.437538 0.876931 0.905224 0.674999 0.555571 0.659063 0.620268 0.845570 0.936057 0.907047 0.997445 0.944115 0.979783 0.729346 0.898362 0.773078 0.904487 0.642927 0.586252 0.657638 0.814791 0.694953 0.824929 0.715988 0.917180 0.643629 0.614558 0.786930 0.638500 0.631851 0.756536 0.608270 0.833082 0.904741 0.870033 0.918895 0.928664 0.815580 0.772521 0.625795 0.852476 0.753520 0.999656
0.407866 0.327241 0.566872 0.436147 0.780120 0.518922 0.280933 0.436672 0.532469 0.615107 0.420574 0.496953 0.569894 0.568004 0.629010 0.359048 0.384436 0.329381 0.325410 0.440460 0.696857 0.849432 0.524492 0.594663 0.824425 0.776125 0.927358 0.977635 0.360745 0.342004 0.449665 0.501944 0.000000 0.287073 0.880042 0.819277 0.706395 0.648261 0.786078 0.732900 0.653521 0.627148 0.323280 0.328631 0.395581 0.412784 0.465625 0.451363 0.418359 0.442333 0.404963 0.437858 0.589480 0.861560 0.555859 0.603432 0.311282 0.365629 0.448053 0.565639 0.320288 0.567174 0.427319 0.440457 0.592810 0.506023 0.457893 0.447679 0.588562 0.613392 0.546310 0.490510 0.526055 0.435828 0.701678 0.769747 0.504752 0.448184 0.474961 0.463067 0.395728 0.483968 0.522012 0.545174 0.581253 0.592767 0.936250 0.938244 0.798275 0.628891 0.625848 0.716702 0.693488 0.913284 0.677343 0.606615 0.583019 0.596789 0.381549 0.461862 0.796010 0.760581 0.554705 0.676830 0.470705 0.590827 0.879355 0.769634 0.806252 0.917128 0.902430 0.535571 0.466666 0.787925 0.633627 0.910971
0.411473 0.346853 0.661393 0.490488 0.951812 0.535117 0.252005 0.334916 0.400667 0.434818 0.354406 0.443601 0.632729 0.650037 0.761143 0.437759 0.333637 0.284750 0.296584 0.347003 0.696579 0.889474 0.699287 0.802067 0.989226 0.921229 0.749097 0.891554 0.292969 0.318741 0.459634 0.519395 0.287073 0.000000 0.903303 0.859202 0.648693 0.697869 0.768569 0.769994 0.706419 0.704516 0.341925 0.405875 0.345320 0.406599 0.531115 0.463185 0.465480 0.571332 0.499690 0.558606 0.616480 0.807807 0.722993 0.628753 0.308612 0.426104 0.464074 0.636774 0.335503 0.533765 0.381482 0.386010 0.767953 0.615226 0.410542 0.446672 0.655401 0.625683 0.386530 0.407113 0.412692 0.359226 0.722922 0.812005 0.414971 0.420814 0.491917 0.483118 0.449837 0.584679 0.692392 0.657932 0.784390 0.856467 0.860849 0.809403 0.953116 0.775096 0.532161 0.635337 0.617988 0.807768 0.587340 0.506595 0.648801 0.596839 0.266619 0.321109 0.670901 0.621354 0.508613 0.624052 0.476514 0.598441 0.975899 0.810618 0.725970 0.994508 0.828606 0.393709 0.441708 0.725808 0.658719 0.932123
0.878868 0.958276 0.857888 0.842540 0.998582 0.972199 0.822567 0.836056 0.897578 0.797140 0.910923 0.977177 0.964471 0.919448 0.908734 0.970846 0.889640 0.965326 0.889583 0.951592 0.997509 0.864401 0.948228 0.956044 0.966068 0.789124 0.970530 0.902492 0.977056 0.991463 0.858627 0.896155 0.880042 0.903303 0.000000 0.827925 0.962527 0.828922 0.975876 0.950335 0.811876 0.828829 0.717647 0.816322 0.708502 0.720722 0.873715 0.877228 0.877603 0.968386 0.769373 0.823351 0.716349 0.766328 0.991145 0.989114 0.913152 0.985544 0.970558 0.967827 0.856046 0.906560 0.961664 0.968273 0.876102 0.969508 0.748681 0.652579 0.940998 0.996207 0.799440 0.875854 0.995432 0.932887 0.956644 0.983617 0.854614 0.794166 0.998670 0.943750 0.901685 0.842835 0.958698 0.769386 0.936483 0.985724 0.877868 0.859075 0.987538 0.857692 0.782203 0.759298 0.842844 0.938124 0.948113 0.764438 0.885509 0.913392 0.844480 0.856518 0.687056 0.834717 0.811211 0.958647 0.846398 0.878832 0.947836 0.839788 0.906372 0.832802 0.925148 0.949765 0.812752 0.839624 0.797647 0.972181
0.657134 0.650303 0.870496 0.772051 0.955567 0.698416 0.907431 0.781202 0.988891 0.949314 0.635323 0.679726 0.714506 0.604829 0.812526 0.723876 0.680074 0.723859 0.781724 0.707282 0.900963 0.988110 0.989489 0.815237 0.977626 0.963067 0.959996 0.881494 0.765475 0.778910 0.974674 0.999801 0.819277 0.859202 0.827925 0.000000 0.724308 0.934742 0.925365 0.822753 0.724132 0.851606 0.884961 0.827405 0.969487 0.898011 0.734921 0.758060 0.773895 0.738230 0.818108 0.751846 0.936308 0.906508 0.733210 0.753655 0.681773 0.627431 0.766032 0.655572 0.767391 0.732463 0.739295 0.678385 0.887937 0.681312 0.902139 0.977495 0.830724 0.884820 0.927333 0.996107 0.767922 0.921994 0.926672 0.977163 0.765780 0.891961 0.721620 0.852471 0.756153 0.624433 0.736596 0.627873 0.830879 0.810053 0.995229 0.994478 0.865456 0.685817 0.932581 0.938693 0.924766 0.962579 0.907819 0.969743 0.885070 0.946225 0.933969 0.998074 0.949813 0.866803 0.888032 0.987648 0.903145 0.946959 0.968234 0.889247 0.963369 0.845946 0.965435 0.844858 0.989102 0.989559 0.984549 0.945221
0.673775 0.592311 0.540456 0.545458 0.932843 0.725491 0.769538 0.770735 0.771367 0.825794 0.726269 0.725841 0.689774 0.718916 0.761490 0.604344 0.720608 0.720941 0.721211 0.663746 0.647246 0.804225 0.823129 0.767423 0.668768 0.627273 0.972869 0.902770 0.699679 0.754050 0.724875 0.754606 0.706395 0.648693 0.962527 0.724308 0.000000 0.674932 0.682323 0.549676 0.668143 0.654905 0.705541 0.653392 0.788567 0.766926 0.670779 0.709057 0.746698 0.707343 0.678038 0.699259 0.844248 0.968138 0.833712 0.885167 0.605296 0.600918 0.688792 0.682970 0.656606 0.741611 0.785543 0.749315 0.635221 0.645958 0.765050 0.796746 0.564522 0.670775 0.547389 0.609704 0.682016 0.663713 0.973438 0.896434 0.738252 0.660387 0.638218 0.624195 0.660227 0.789701 0.837281 0.730280 0.892039 0.820958 0.689531 0.666519 0.920374 0.843208 0.679414 0.637767 0.616095 0.683067 0.839203 0.826801 0.923342 0.981890 0.711681 0.756973 0.794654 0.719086 0.762103 0.738993 0.756554 0.760769 0.907521 0.839017 0.960442 0.963859 0.917365 0.771017 0.952133 0.845617 0.811211 0.869874
0.729750 0.696703 0.598845 0.586954 0.976161 0.858709 0.718890 0.741520 0.882463 0.836537 0.736615 0.757475 0.804843 0.780285 0.899425 0.675733 0.799885 0.789773 0.721371 0.751930 0.902726 0.886559 0.940291 0.913181 0.789475 0.735195 0.923999 0.748704 0.819417 0.821163 0.611070 0.695415 0.648261 0.697869 0.828922 0.934742 0.674932 0.000000 0.787935 0.791938 0.879299 0.715396 0.740322 0.717996 0.824077 0.773574 0.787053 0.807313 0.863363 0.806045 0.691522 0.737623 0.869354 0.847612 0.762557 0.946069 0.678497 0.682353 0.763489 0.781682 0.712909 0.755427 0.885027 0.831269 0.758952 0.634518 0.746793 0.794390 0.567334 0.740632 0.666105 0.603099 0.723145 0.518958 0.818870 0.753327 0.681137 0.703387 0.583516 0.777203 0.782429 0.883748 0.897721 0.884947 0.973697 0.890595 0.973778 0.786288 0.828476 0.899346 0.694497 0.698605 0.606918 0.663354 0.810610 0.915459 0.835936 0.915522 0.783282 0.900994 0.834890 0.760737 0.717740 0.910737 0.794215 0.731483 0.923931 0.740749 0.994811 0.930919 0.932412 0.808549 0.764202 0.864154 0.581200 0.986247
