0.000000 0.325794 0.890350 0.925323 0.782024 0.679562 0.701718 0.561996 0.734623 0.572224 0.477651 0.490029 0.846183 0.839482 0.929485 0.874818 0.347837 0.379935 0.499033 0.469653 0.872508 0.937495 0.725632 0.739522 0.714920 0.781736 0.838581 0.757772 0.557385 0.538118 0.938688 0.877597 0.596562 0.584332 0.894835 0.872255 0.899801 0.823525 0.989685 0.982522 0.752018 0.902274 0.596309 0.506614 0.494410 0.466463 0.757559 0.565392 0.490155 0.528682 0.627276 0.680150 0.816918 0.844989 0.872383 0.814683 0.308745 0.355702 0.497547 0.775713 0.495081 0.643495 0.547473 0.415257 0.669664 0.963895 0.739597 0.668334 0.679608 0.614526 0.775986 0.791267 0.868702 0.700002 0.926567 0.841307 0.612255 0.718078 0.813640 0.687624 0.418643 0.557989 0.961487 0.826181 0.800262 0.709593 0.926166 0.622336 0.768016 0.804057 0.590377 0.615845 0.738548 0.841188 0.829007 0.864379 0.640825 0.857191 0.371259 0.455790 0.563593 0.772773 0.506255 0.559854 0.876542 0.850074 0.836477 0.835738 0.914061 0.924556 0.645442 0.587903 0.645054 0.914834 0.843900 0.954056
0.325794 0.000000 0.739212 0.838367 0.833843 0.726106 0.862462 0.622161 0.898968 0.602491 0.581346 0.488400 0.976538 0.856071 0.835829 0.994190 0.403704 0.383964 0.570855 0.482045 0.853840 0.879175 0.655827 0.673151 0.726336 0.724127 0.928139 0.783708 0.571038 0.531194 0.927075 0.872635 0.634289 0.586680 0.907876 0.954603 0.913313 0.819513 0.952067 0.980721 0.797473 0.795697 0.646260 0.493735 0.509611 0.430834 0.835290 0.628129 0.495492 0.508443 0.676816 0.694146 0.974214 0.965434 0.863280 0.715536 0.269425 0.270929 0.588233 0.690915 0.606361 0.601859 0.696799 0.425027 0.633500 0.946042 0.766983 0.666863 0.723068 0.611627 0.703012 0.845299 0.942634 0.742234 0.926194 0.848406 0.621894 0.679695 0.793290 0.711621 0.460336 0.655009 0.935649 0.862760 0.697685 0.712022 0.899788 0.711925 0.707770 0.800324 0.628344 0.654911 0.786761 0.833877 0.800975 0.888395 0.641842 0.791194 0.424579 0.523897 0.542915 0.806042 0.572157 0.577431 0.986707 0.925238 0.920193 0.844844 0.968259 0.957108 0.619995 0.573733 0.618309 0.919993 0.937297 0.918898
0.890350 0.739212 0.000000 0.358880 0.997781 0.863447 0.525223 0.819930 0.689101 0.948690 0.929997 0.710166 0.913344 0.914303 0.718861 0.936324 0.906230 0.786126 0.739562 0.881755 0.958488 0.982050 0.388369 0.537646 0.574809 0.579103 0.979513 0.869017 0.942636 0.768349 0.481266 0.549318 0.656763 0.823937 0.642352 0.958946 0.771041 0.924828 0.653978 0.837196 0.880538 0.850651 0.782742 0.991178 0.935775 0.819681 0.721237 0.867495 0.708201 0.864850 0.969119 0.954510 0.723923 0.672570 0.762414 0.754744 0.784159 0.703165 0.846351 0.932097 0.927057 0.851762 0.916286 0.703148 0.418579 0.648560 0.597172 0.809263 0.896802 0.888646 0.909532 0.782840 0.672167 0.793809 0.933735 0.761902 0.748370 0.790193 0.829055 0.898039 0.859170 0.936243 0.932856 0.813097 0.546295 0.679970 0.942486 0.934310 0.973822 0.838098 0.888067 0.801324 0.816990 0.691556 0.975735 0.974153 0.936014 0.777301 0.913104 0.926187 0.765703 0.706591 0.999698 0.866911 0.747536 0.666214 0.995498 0.768814 0.971681 0.978050 0.973510 0.908349 0.911156 0.949380 0.883383 0.865175
0.925323 0.838367 0.358880 0.000000 0.942910 0.890899 0.654437 0.793037 0.689457 0.890256 0.833158 0.801580 0.972027 0.927301 0.837732 0.866128 0.857475 0.745445 0.829974 0.947807 0.999334 0.989451 0.453633 0.485800 0.535323 0.542689 0.946882 0.773524 0.892361 0.733345 0.507134 0.667507 0.764610 0.936254 0.616549 0.993494 0.653858 0.753844 0.678884 0.872648 0.792602 0.943861 0.899403 0.894242 0.790383 0.723731 0.833258 0.947901 0.644021 0.826565 0.991762 0.979370 0.809980 0.684129 0.713154 0.862067 0.828312 0.793326 0.764641 0.896378 0.909718 0.934489 0.990144 0.793677 0.477070 0.512612 0.660514 0.847845 0.998335 0.948947 0.810034 0.693161 0.630293 0.768237 0.878449 0.794378 0.740210 0.880390 0.810914 0.979095 0.938209 0.918689 0.905330 0.908118 0.664073 0.672061 0.853234 0.874227 0.938394 0.744451 0.858046 0.816079 0.768609 0.697249 0.906677 0.979343 0.962845 0.904597 0.895598 0.986490 0.893369 0.690709 0.983364 0.928652 0.740953 0.756882 0.952317 0.748865 0.893590 0.973768 0.988564 0.863425 0.827676 0.816215 0.996036 0.872346
0.782024 0.833843 0.997781 0.942910 0.000000 0.726284 0.902732 0.921393 0.988874 0.821657 0.737128 0.764198 0.806094 0.862295 0.995961 0.993573 0.870575 0.798372 0.788910 0.787695 0.977683 0.993764 0.984348 0.936751 0.909740 0.795207 0.991844 0.890915 0.862829 0.877625 0.947802 0.913113 0.783159 0.850422 0.942451 0.759514 0.934244 0.932228 0.850061 0.896578 0.931898 0.890092 0.919491 0.870503 0.821025 0.841247 0.949885 0.840911 0.983310 0.952598 0.982392 0.978569 0.968330 0.980442 0.808348 0.991437 0.829395 0.835636 0.993276 0.998189 0.878954 0.967113 0.833290 0.964765 0.893242 0.991929 0.794930 0.769378 0.969548 0.921871 0.918072 0.981823 0.930855 0.836387 0.971278 0.958555 0.853524 0.807454 0.930307 0.978352 0.801047 0.747162 0.999269 0.974781 0.938117 0.982514 0.976958 0.980427 0.843999 0.707877 0.918522 0.852204 0.943305 0.899559 0.987351 0.948309 0.850913 0.981147 0.836288 0.853717 0.953293 0.918436 0.957573 0.962561 0.923514 0.836838 0.830835 0.918364 0.984775 0.848225 0.787066 0.911192 0.866061 0.929685 0.985864 0.758156
0.679562 0.726106 0.863447 0.890899 0.726284 0.000000 0.729950 0.641217 0.774339 0.604867 0.626214 0.551953 0.732510 0.768244 0.915874 0.733621 0.723287 0.710214 0.732685 0.814526 0.972415 0.905411 0.791341 0.781229 0.722018 0.723942 0.728782 0.942600 0.769958 0.678789 0.996161 0.966583 0.905433 0.754561 0.802673 0.816694 0.944375 0.952655 0.992083 0.883466 0.964060 0.876138 0.856501 0.758508 0.708252 0.680871 0.939166 0.795540 0.744507 0.838672 0.882224 0.932697 0.852981 0.823829 0.817235 0.903784 0.692670 0.772750 0.809659 0.934414 0.671231 0.778346 0.715469 0.709881 0.671919 0.875485 0.903341 0.866768 0.981414 0.841084 0.837783 0.890410 0.893393 0.839748 0.858181 0.807069 0.808770 0.887197 0.824880 0.794559 0.871800 0.787200 0.920322 0.950364 0.802810 0.703012 0.915289 0.990440 0.910634 0.685639 0.724117 0.759389 0.759112 0.798379 0.962265 0.982022 0.728215 0.801921 0.561617 0.734558 0.636418 0.731906 0.810229 0.728466 0.920569 0.952921 0.639885 0.998344 0.879558 0.981704 0.786790 0.770756 0.711853 0.980563 0.956558 0.759704
0.701718 0.862462 0.525223 0.654437 0.902732 0.729950 0.000000 0.413072 0.562871 0.488375 0.548833 0.808082 0.650787 0.722368 0.871971 0.820795 0.686412 0.767471 0.391825 0.790366 0.914150 0.968356 0.771557 0.933785 0.867871 0.953288 0.653545 0.859321 0.734548 0.729766 0.692132 0.572124 0.538061 0.482077 0.945439 0.868100 0.868443 0.962390 0.766534 0.914401 0.956088 0.862278 0.550578 0.664335 0.558670 0.673362 0.619023 0.597446 0.815169 0.838909 0.636537 0.724326 0.560447 0.496809 0.995550 0.859925 0.810113 0.959830 0.511221 0.968391 0.512770 0.891950 0.481702 0.792848 0.981693 0.915819 0.466420 0.601766 0.963496 0.932681 0.772135 0.696053 0.635740 0.626033 0.918019 0.605287 0.566766 0.718355 0.718720 0.702482 0.868572 0.781631 0.855808 0.993940 0.864356 0.945879 0.867433 0.777352 0.884094 0.888360 0.484148 0.449832 0.585335 0.586307 0.869599 0.899478 0.770115 0.934491 0.583217 0.537695 0.810724 0.496111 0.693429 0.741339 0.831732 0.637993 0.815724 0.666099 0.978692 0.974880 0.797555 0.761950 0.700101 0.933483 0.919651 0.977488
0.561996 0.622161 0.819930 0.793037 0.921393 0.641217 0.413072 0.000000 0.593591 0.406248 0.506487 0.492947 0.656876 0.605357 0.912676 0.770427 0.619516 0.710034 0.419974 0.708255 0.754526 0.920118 0.890833 0.789068 0.681125 0.824372 0.622757 0.757753 0.651636 0.580523 0.898498 0.755250 0.660203 0.547990 0.899181 0.857393 0.845934 0.939890 0.851384 0.986354 0.969993 0.991799 0.594439 0.575211 0.542863 0.567646 0.784181 0.589252 0.629418 0.730726 0.553192 0.681449 0.619441 0.520091 0.884483 0.969286 0.646158 0.756165 0.487594 0.645041 0.389371 0.488433 0.584410 0.557903 0.774372 0.874470 0.711371 0.651152 0.924776 0.835280 0.669387 0.784526 0.734596 0.686362 0.966323 0.797849 0.597961 0.805769 0.828028 0.753601 0.855826 0.932029 0.813590 0.935455 0.692786 0.580965 0.827807 0.655729 0.824724 0.828338 0.364617 0.394379 0.595657 0.585351 0.754430 0.909765 0.659273 0.828594 0.445674 0.515262 0.547206 0.427370 0.639526 0.561382 0.971442 0.691186 0.778936 0.736026 0.929900 0.971825 0.737541 0.680486 0.598306 0.833746 0.924371 0.964508
0.734623 0.898968 0.689101 0.689457 0.988874 0.774339 0.562871 0.593591 0.000000 0.686273 0.770210 0.850841 0.839484 0.875057 0.930090 0.674815 0.741919 0.833032 0.660225 0.815160 0.936069 0.880078 0.901527 0.960008 0.994248 0.828104 0.892589 0.960384 0.855437 0.920227 0.779377 0.756484 0.788603 0.786315 0.973794 0.787654 0.591667 0.816055 0.844200 0.813468 0.842011 0.999590 0.645520 0.722741 0.768984 0.859259 0.659441 0.654386 0.824781 0.735436 0.620289 0.714363 0.558649 0.558109 0.995382 0.919588 0.810337 0.916448 0.596508 0.734167 0.615454 0.751107 0.843359 0.798816 0.849097 0.781312 0.788130 0.892854 0.867164 0.839022 0.778697 0.709530 0.799882 0.758425 0.859815 0.795285 0.726968 0.872130 0.833795 0.853498 0.873496 0.977903 0.898565 0.869392 0.965704 0.826184 0.778263 0.825889 0.910745 0.907839 0.599822 0.666676 0.683428 0.756142 0.860048 0.963491 0.797905 0.962512 0.669959 0.663170 0.827987 0.751786 0.662865 0.810010 0.879652 0.645168 0.753074 0.733927 0.921790 0.995689 0.905903 0.833201 0.890992 0.949211 0.797470 0.929750
0.572224 0.602491 0.948690 0.890256 0.821657 0.604867 0.488375 0.406248 0.686273 0.000000 0.436639 0.532762 0.652158 0.688552 0.944984 0.812562 0.536879 0.548663 0.464829 0.653278 0.791663 0.882407 0.743108 0.667821 0.486429 0.580467 0.636831 0.731283 0.586628 0.477938 0.963712 0.840520 0.807217 0.548925 0.766450 0.857278 0.996078 0.916186 0.960695 0.887895 0.957562 0.959990 0.549915 0.512469 0.418985 0.431296 0.779639 0.582099 0.481782 0.678756 0.585032 0.764917 0.753747 0.723532 0.758011 0.983441 0.579584 0.715943 0.631757 0.899189 0.558356 0.744118 0.518669 0.518551 0.540452 0.745271 0.783631 0.786246 0.977553 0.867172 0.695872 0.757447 0.884675 0.709465 0.969915 0.764411 0.637872 0.821145 0.837453 0.803491 0.754039 0.799157 0.820483 0.890745 0.667862 0.551696 0.851497 0.788335 0.746876 0.643706 0.390115 0.448801 0.633787 0.742114 0.761712 0.967808 0.693320 0.824312 0.403075 0.464045 0.577469 0.624276 0.524702 0.490754 0.975729 0.867235 0.825163 0.751325 0.965990 0.967805 0.757956 0.527910 0.582295 0.816872 0.958514 0.825047
0.477651 0.581346 0.929997 0.833158 0.737128 0.626214 0.548833 0.506487 0.770210 0.436639 0.000000 0.484602 0.555659 0.613899 0.928808 0.886440 0.451290 0.435023 0.477592 0.529153 0.839486 0.909126 0.688187 0.625604 0.497249 0.581251 0.726780 0.636956 0.464279 0.413662 0.919334 0.864282 0.687051 0.537640 0.782025 0.860725 0.960915 0.812952 0.978376 0.964435 0.933839 0.923938 0.634861 0.550739 0.412371 0.449200 0.794797 0.560607 0.485781 0.602319 0.664373 0.700024 0.778264 0.761639 0.764454 0.993786 0.528632 0.616921 0.595550 0.864906 0.474597 0.746442 0.469089 0.510231 0.591318 0.840204 0.769763 0.717723 0.922953 0.789336 0.868518 0.958610 0.892026 0.741142 0.997806 0.743083 0.755517 0.767653 0.884326 0.679519 0.661831 0.634075 0.970176 0.865336 0.781700 0.648348 0.810166 0.778665 0.791411 0.610002 0.544462 0.572498 0.796710 0.843791 0.844431 0.969708 0.770286 0.938305 0.449156 0.464618 0.667058 0.702391 0.703508 0.704124 0.922716 0.879592 0.821584 0.871109 0.989442 0.916637 0.763669 0.612967 0.552327 0.883370 0.949119 0.949669
0.490029 0.488400 0.710166 0.801580 0.764198 0.551953 0.808082 0.492947 0.850841 0.532762 0.484602 0.000000 0.669497 0.610332 0.866117 0.709812 0.577560 0.563819 0.662345 0.612861 0.748666 0.920549 0.516270 0.564839 0.490630 0.531992 0.685300 0.692239 0.631306 0.512477 0.738844 0.916460 0.880441 0.738248 0.720949 0.862211 0.941669 0.987186 0.945456 0.889816 0.935072 0.884385 0.829892 0.667038 0.615365 0.561600 0.960315 0.658120 0.546099 0.736748 0.743961 0.840692 0.891324 0.869768 0.743342 0.886853 0.514994 0.529704 0.646676 0.658045 0.492380 0.493377 0.604794 0.393814 0.476505 0.886184 0.996171 0.833883 0.751082 0.678241 0.874903 0.985950 0.946864 0.798654 0.988479 0.964863 0.788104 0.935294 0.950465 0.888442 0.716115 0.782681 0.928570 0.741411 0.536956 0.484949 0.933946 0.778854 0.837222 0.703911 0.595807 0.642246 0.802884 0.831981 0.729933 0.913035 0.641629 0.745496 0.462673 0.620377 0.511739 0.740975 0.766970 0.575674 0.869471 0.971578 0.793933 0.948952 0.973085 0.895432 0.664668 0.688538 0.625511 0.837675 0.979500 0.855011
0.846183 0.976538 0.913344 0.972027 0.806094 0.732510 0.650787 0.656876 0.839484 0.652158 0.555659 0.669497 0.000000 0.548637 0.778189 0.683541 0.817323 0.826925 0.744738 0.888754 0.943790 0.909260 0.866840 0.839910 0.688737 0.765725 0.758799 0.741530 0.779573 0.702071 0.908610 0.961206 0.922782 0.854606 0.728408 0.925860 0.852213 0.804582 0.975648 0.949262 0.844944 0.763868 0.793307 0.803547 0.795172 0.802544 0.861938 0.756996 0.866819 0.985496 0.943555 0.966104 0.883904 0.850350 0.739449 0.867353 0.950591 0.951681 0.837308 0.923322 0.686585 0.880187 0.626067 0.803067 0.804755 0.792034 0.961434 0.997573 0.841792 0.921962 0.954106 0.920486 0.918980 0.916010 0.879437 0.726692 0.873339 0.925597 0.988380 0.840452 0.966990 0.988210 0.930212 0.950553 0.909663 0.723320 0.859479 0.902841 0.986797 0.676728 0.677874 0.747082 0.824530 0.841826 0.867964 0.978589 0.914472 0.986262 0.749150 0.738151 0.819782 0.694972 0.856638 0.850938 0.895873 0.998335 0.955348 0.897359 0.932807 0.938714 0.845709 0.839191 0.809356 0.891907 0.944301 0.989655
0.839482 0.856071 0.914303 0.927301 0.862295 0.768244 0.722368 0.605357 0.875057 0.688552 0.613899 0.610332 0.548637 0.000000 0.834388 0.740331 0.757869 0.736485 0.623988 0.768482 0.700030 0.969068 0.905699 0.878813 0.805373 0.790139 0.883584 0.728878 0.594501 0.623739 0.945706 0.909753 0.834836 0.770761 0.798981 0.891359 0.959283 0.927097 0.904229 0.914082 0.932623 0.971152 0.694579 0.686318 0.763561 0.757766 0.894050 0.670385 0.803062 0.925642 0.976062 0.940324 0.990555 0.934420 0.768435 0.939525 0.886577 0.964223 0.916401 0.956179 0.832933 0.839764 0.768941 0.851033 0.874919 0.989322 0.982139 0.946567 0.922176 0.976015 0.989781 0.956273 0.927384 0.866385 0.942475 0.749442 0.793637 0.929799 0.939995 0.821249 0.969331 0.993891 0.886700 0.893134 0.786920 0.724848 0.882616 0.871913 0.850651 0.635041 0.715994 0.774679 0.988649 0.897210 0.856462 0.877992 0.998187 0.881700 0.698182 0.724835 0.709827 0.682310 0.957298 0.873905 0.862301 0.953101 0.894389 0.931071 0.963260 0.909516 0.836356 0.773127 0.676620 0.956822 0.937032 0.973667
0.929485 0.835829 0.718861 0.837732 0.995961 0.915874 0.871971 0.912676 0.930090 0.944984 0.928808 0.866117 0.778189 0.834388 0.000000 0.675668 0.957066 0.983577 0.940356 0.956299 0.863955 0.973023 0.745402 0.731989 0.801424 0.781673 0.805640 0.805374 0.797526 0.994749 0.869040 0.811404 0.984521 0.923082 0.934316 0.927483 0.998114 0.803759 0.791073 0.884193 0.894431 0.864527 0.770340 0.897954 0.969377 0.954588 0.707106 0.795210 0.962499 0.920664 0.899208 0.954699 0.945267 0.926884 0.978519 0.777625 0.918433 0.863677 0.925553 0.701093 0.881930 0.737406 0.955858 0.826864 0.703355 0.989977 0.956071 0.865459 0.917729 0.829777 0.823668 0.982277 0.939818 0.863760 0.995841 0.868029 0.996857 0.958813 0.873088 0.840535 0.992950 0.976977 0.827114 0.925729 0.711452 0.876394 0.983311 0.967857 0.893639 0.992832 0.900309 0.890294 0.925494 0.883614 0.926571 0.879704 0.823606 0.854804 0.934698 0.919641 0.747261 0.987950 0.979771 0.921593 0.993977 0.957059 0.998725 0.799235 0.978786 0.999826 0.936148 0.922075 0.908035 0.994720 0.902951 0.916062
0.874818 0.994190 0.936324 0.866128 0.993573 0.733621 0.820795 0.770427 0.674815 0.812562 0.886440 0.709812 0.683541 0.740331 0.675668 0.000000 0.935433 0.994177 0.873980 0.900097 0.884599 0.939263 0.982124 0.857509 0.987878 0.936165 0.927437 0.961008 0.895559 0.899348 0.942403 0.921236 0.859147 0.950880 0.904629 0.740662 0.776486 0.975672 0.881956 0.919138 0.933748 0.963946 0.854742 0.900495 0.983924 0.954144 0.806286 0.783755 0.857777 0.998751 0.877188 0.997558 0.752175 0.912598 0.964541 0.870397 0.988550 0.990659 0.845565 0.993017 0.849086 0.883989 0.883319 0.861338 0.948529 0.915714 0.828069 0.785862 0.963158 0.985970 0.957518 0.903779 0.904929 0.952891 0.974987 0.945241 0.962008 0.900054 0.972603 0.977767 0.941482 0.960623 0.897006 0.817901 0.986354 0.842341 0.987046 0.993999 0.916515 0.953720 0.844131 0.965529 0.901371 0.986795 0.899643 0.982353 0.937687 0.955622 0.848324 0.926793 0.853796 0.847041 0.930300 0.857436 0.925181 0.991776 0.739649 0.882468 0.938433 0.989161 0.960554 0.993903 0.953136 0.884072 0.986059 0.940029
0.347837 0.403704 0.906230 0.857475 0.870575 0.723287 0.686412 0.619516 0.741919 0.536879 0.451290 0.577560 0.817323 0.757869 0.957066 0.935433 0.000000 0.285888 0.444083 0.491049 0.937762 0.966432 0.745704 0.684673 0.692722 0.725032 0.835425 0.770046 0.392407 0.413029 0.979173 0.831302 0.589440 0.513588 0.846281 0.879748 0.901214 0.930225 0.976222 0.894574 0.861293 0.982444 0.473412 0.429895 0.439694 0.468961 0.706931 0.501826 0.478838 0.514866 0.651400 0.683680 0.900809 0.916885 0.785379 0.841004 0.304370 0.420938 0.587283 0.867817 0.613054 0.827693 0.578886 0.472056 0.691031 0.953380 0.746922 0.721401 0.744179 0.650945 0.844034 0.824679 0.905622 0.786091 0.914113 0.753310 0.669377 0.749856 0.733898 0.608801 0.435182 0.620601 0.956093 0.847029 0.798738 0.747759 0.822860 0.665398 0.714582 0.789920 0.609195 0.654869 0.795126 0.912618 0.804554 0.869686 0.715877 0.955685 0.375446 0.372579 0.609709 0.800709 0.529700 0.667133 0.954988 0.937629 0.836899 0.844816 0.939911 0.949088 0.618564 0.571678 0.577160 0.937696 0.834887 0.935744
0.379935 0.383964 0.786126 0.745445 0.798372 0.710214 0.767471 0.710034 0.833032 0.548663 0.435023 0.563819 0.826925 0.736485 0.983577 0.994177 0.285888 0.000000 0.498629 0.452231 0.900487 0.986402 0.665700 0.654455 0.637875 0.620618 0.923454 0.757247 0.405176 0.382804 0.920665 0.841427 0.641909 0.536177 0.790370 0.851466 0.989177 0.951585 0.932587 0.986841 0.918116 0.982849 0.542920 0.447186 0.424176 0.416337 0.765612 0.501398 0.455963 0.489345 0.703995 0.664316 0.978477 0.993792 0.737332 0.869348 0.307582 0.412670 0.706499 0.932017 0.669557 0.863163 0.605092 0.504540 0.625185 0.904510 0.802423 0.764962 0.784484 0.670130 0.907538 0.939502 0.968154 0.809198 0.959909 0.778263 0.679324 0.699636 0.773992 0.665236 0.466569 0.600471 0.982491 0.880877 0.769027 0.720839 0.904896 0.717834 0.656901 0.737771 0.704321 0.726444 0.899212 0.934159 0.823729 0.910712 0.781047 0.925623 0.421527 0.426916 0.636673 0.891703 0.572973 0.713010 0.991447 0.997403 0.880514 0.855679 0.896455 0.978281 0.674522 0.526763 0.558732 0.928609 0.867005 0.901001
0.499033 0.570855 0.739562 0.829974 0.788910 0.732685 0.391825 0.419974 0.660225 0.464829 0.477592 0.662345 0.744738 0.623988 0.940356 0.873980 0.444083 0.498629 0.000000 0.588416 0.871201 0.973431 0.935525 0.901462 0.830221 0.825710 0.735713 0.819785 0.537970 0.519828 0.784779 0.593081 0.447001 0.407413 0.980603 0.869427 0.907710 0.953699 0.816228 0.952454 0.892533 0.963973 0.449054 0.497564 0.453872 0.506297 0.725359 0.490238 0.645656 0.636725 0.632681 0.654048 0.696779 0.686954 0.939812 0.964313 0.539701 0.668618 0.545485 0.884342 0.542605 0.865226 0.501176 0.644118 0.900957 0.931418 0.514921 0.574885 0.912899 0.817055 0.735842 0.835729 0.744372 0.693350 0.989308 0.671123 0.553669 0.641549 0.650806 0.639426 0.650487 0.704727 0.905658 0.968858 0.981161 0.826000 0.872184 0.726908 0.738764 0.808903 0.517277 0.492549 0.676925 0.708412 0.896885 0.887856 0.727924 0.994901 0.451127 0.415162 0.645680 0.552952 0.596457 0.730398 0.878243 0.763194 0.800293 0.819982 0.876893 0.931625 0.776689 0.612328 0.610144 0.967899 0.853341 0.902312
0.469653 0.482045 0.881755 0.947807 0.787695 0.814526 0.790366 0.708255 0.815160 0.653278 0.529153 0.612861 0.888754 0.768482 0.956299 0.900097 0.491049 0.452231 0.588416 0.000000 0.873436 0.886189 0.764713 0.847385 0.767855 0.740280 0.970456 0.768792 0.541781 0.595866 0.971988 0.827533 0.618597 0.632451 0.966606 0.954078 0.736392 0.888226 0.932988 0.979307 0.752972 0.866131 0.681020 0.599506 0.593696 0.633552 0.788189 0.613912 0.644490 0.619243 0.799231 0.759208 0.908059 0.968516 0.908688 0.937640 0.489830 0.485711 0.629337 0.795892 0.672710 0.785794 0.695859 0.570272 0.759136 0.962587 0.795300 0.753969 0.707285 0.661026 0.826370 0.920161 0.851361 0.747185 0.902204 0.895092 0.716368 0.762052 0.781075 0.740779 0.487123 0.606016 0.954400 0.810359 0.862053 0.821468 0.882730 0.726394 0.773101 0.825248 0.712510 0.676507 0.840853 0.953763 0.752128 0.900018 0.845475 0.910405 0.558792 0.587757 0.763228 0.926465 0.749861 0.712746 0.972694 0.958405 0.905679 0.862812 0.976038 0.985056 0.749603 0.691685 0.750755 0.947872 0.967719 0.991053
0.872508 0.853840 0.958488 0.999334 0.977683 0.972415 0.914150 0.754526 0.936069 0.791663 0.839486 0.748666 0.943790 0.700030 0.863955 0.884599 0.937762 0.900487 0.871201 0.873436 0.000000 0.992135 0.841644 0.833396 0.882286 0.895700 0.886942 0.886011 0.763897 0.816063 0.984006 0.965438 0.975510 0.970183 0.812481 0.869846 0.926611 0.992647 0.984659 0.895889 0.954185 0.971503 0.872493 0.940957 0.883171 0.840259 0.846043 0.935078 0.795635 0.904761 0.934439 0.927707 0.937394 0.955895 0.957084 0.851716 0.914306 0.894326 0.909609 0.916556 0.874059 0.716226 0.980799 0.792558 0.923272 0.969278 0.844535 0.982456 0.935090 0.985829 0.989371 0.918600 0.764453 0.980246 0.856211 0.892270 0.829679 0.905347 0.948956 0.984890 0.962444 0.930867 0.976836 0.923093 0.743709 0.685290 0.991336 0.839923 0.985428 0.931196 0.864509 0.849358 0.938881 0.959904 0.833348 0.973852 0.911478 0.924513 0.813388 0.916713 0.957604 0.913302 0.834054 0.841836 0.974227 0.900221 0.993761 0.968543 0.895338 0.870398 0.952958 0.810060 0.847277 0.870225 0.989668 0.879405
0.937495 0.879175 0.982050 0.989451 0.993764 0.905411 0.968356 0.920118 0.880078 0.882407 0.909126 0.920549 0.909260 0.969068 0.973023 0.939263 0.966432 0.986402 0.973431 0.886189 0.992135 0.000000 0.856975 0.883509 0.886580 0.930454 0.953777 0.856909 0.930451 0.929864 0.888598 0.899448 0.962544 0.957466 0.964266 0.957887 0.996178 0.968218 0.942496 0.959174 0.941795 0.892199 0.970989 0.961369 0.988590 0.981286 0.923273 0.899062 0.987007 0.919058 0.948002 0.897664 0.938099 0.979854 0.997393 0.948592 0.986718 0.950903 0.969260 0.991281 0.911800 0.916042 0.967809 0.880874 0.962086 0.968800 0.987806 0.985366 0.947008 0.965293 0.937408 0.957236 0.905950 0.976258 0.863875 0.954314 0.986636 0.972826 0.883746 0.986175 0.955743 0.974916 0.912900 0.860367 0.957425 0.921312 0.975995 0.907283 0.942891 0.812539 0.984692 0.955244 0.906169 0.968916 0.971346 0.730621 0.889891 0.961357 0.973790 0.973737 0.974393 0.924554 0.903195 0.998379 0.920866 0.997560 0.880868 0.862222 0.865948 0.925538 0.961785 0.894511 0.843536 0.988613 0.816090 0.939635
0.725632 0.655827 0.388369 0.453633 0.984348 0.791341 0.771557 0.890833 0.901527 0.743108 0.688187 0.516270 0.866840 0.905699 0.745402 0.982124 0.745704 0.665700 0.935525 0.764713 0.841644 0.856975 0.000000 0.327690 0.402936 0.550854 0.841881 0.702868 0.793813 0.669512 0.471536 0.694465 0.788951 0.994846 0.554531 0.878101 0.903054 0.906462 0.701887 0.854109 0.867544 0.958292 0.936561 0.852761 0.788293 0.705065 0.861256 0.987874 0.596007 0.756329 0.917582 0.956738 0.837447 0.870107 0.738238 0.796412 0.667778 0.663888 0.980858 0.794684 0.779787 0.657959 0.924195 0.521193 0.409892 0.701295 0.668335 0.913063 0.898017 0.803292 0.942210 0.820505 0.701683 0.823820 0.872730 0.878919 0.893102 0.896607 0.837174 0.984181 0.875962 0.995032 0.946710 0.770455 0.377510 0.421815 0.983314 0.850328 0.921872 0.795196 0.893861 0.963801 0.921128 0.818548 0.804098 0.973793 0.897006 0.696986 0.698962 0.872836 0.654870 0.876527 0.869581 0.751769 0.765716 0.862331 0.963838 0.829460 0.889595 0.976336 0.896331 0.726018 0.772316 0.869453 0.945610 0.956418
0.739522 0.673151 0.537646 0.485800 0.936751 0.781229 0.933785 0.789068 0.960008 0.667821 0.625604 0.564839 0.839910 0.878813 0.731989 0.857509 0.684673 0.654455 0.901462 0.847385 0.833396 0.883509 0.327690 0.000000 0.403761 0.562972 0.752421 0.688937 0.756589 0.628056 0.518339 0.762018 0.930401 0.886256 0.598875 0.934534 0.852655 0.916808 0.641924 0.952422 0.801467 0.980699 0.901610 0.767516 0.650877 0.615016 0.864086 0.897695 0.568071 0.705256 0.820095 0.890408 0.950149 0.973223 0.722122 0.817665 0.656672 0.689826 0.912915 0.786166 0.703523 0.704439 0.839898 0.549721 0.470141 0.755567 0.846089 0.938534 0.959507 0.854371 0.923013 0.806770 0.752701 0.803962 0.938225 0.952322 0.987179 0.997367 0.971598 0.930511 0.891678 0.990242 0.957874 0.870935 0.403521 0.409853 0.991233 0.831478 0.883533 0.765909 0.783386 0.839654 0.967208 0.967325 0.765182 0.990673 0.814114 0.756505 0.607856 0.733967 0.733958 0.964566 0.809305 0.737142 0.853724 0.978133 0.987353 0.813405 0.947880 0.946151 0.880961 0.659073 0.629087 0.767529 0.909702 0.953145
0.714920 0.726336 0.574809 0.535323 0.909740 0.722018 0.867871 0.681125 0.994248 0.486429 0.497249 0.490630 0.688737 0.805373 0.801424 0.987878 0.692722 0.637875 0.830221 0.767855 0.882286 0.886580 0.402936 0.403761 0.000000 0.394133 0.664543 0.638955 0.716309 0.557076 0.540598 0.793795 0.912321 0.825300 0.587933 0.905557 0.798593 0.763643 0.767350 0.821376 0.816066 0.980731 0.957478 0.784941 0.582876 0.565962 0.940350 0.825098 0.517016 0.767736 0.752098 0.860443 0.893818 0.904454 0.769243 0.886541 0.695232 0.746363 0.805919 0.868028 0.629954 0.732047 0.581590 0.459032 0.327155 0.571321 0.951200 0.947353 0.974077 0.868946 0.981302 0.933984 0.853921 0.965675 0.943899 0.980278 0.963105 0.951060 0.936152 0.989138 0.874487 0.863704 0.890258 0.812694 0.471033 0.482204 0.894561 0.890371 0.848185 0.753789 0.669738 0.723376 0.880912 0.939467 0.724672 0.949783 0.790194 0.774208 0.610513 0.706463 0.644749 0.895817 0.773085 0.616048 0.899785 0.978566 0.961001 0.995245 0.957736 0.872391 0.878203 0.666010 0.654964 0.777312 0.969568 0.833490
0.781736 0.724127 0.579103 0.542689 0.795207 0.723942 0.953288 0.824372 0.828104 0.580467 0.581251 0.531992 0.765725 0.790139 0.781673 0.936165 0.725032 0.620618 0.825710 0.740280 0.895700 0.930454 0.550854 0.562972 0.394133 0.000000 0.731959 0.632843 0.684290 0.531285 0.685840 0.836751 0.987846 0.864273 0.747738 0.907888 0.745532 0.846734 0.730801 0.810802 0.851495 0.989252 0.991688 0.874729 0.650427 0.628884 0.836228 0.885012 0.663002 0.820901 0.899137 0.958524 0.977862 0.958214 0.707047 0.891322 0.730755 0.712359 0.932738 0.940752 0.803190 0.889586 0.656562 0.608757 0.381135 0.615144 0.977601 0.908735 0.964262 0.893575 0.970843 0.919772 0.950480 0.815293 0.913891 0.970374 0.860095 0.917706 0.987749 0.971877 0.847790 0.738614 0.897754 0.881981 0.642708 0.702828 0.941496 0.944582 0.804862 0.712006 0.782706 0.789173 0.924776 0.997303 0.814272 0.938289 0.878672 0.846560 0.667855 0.744687 0.725252 0.951367 0.883403 0.710333 0.836916 0.775352 0.998049 0.923102 0.954483 0.947554 0.828113 0.721351 0.757186 0.810912 0.940169 0.850114
0.838581 0.928139 0.979513 0.946882 0.991844 0.728782 0.653545 0.622757 0.892589 0.636831 0.726780 0.685300 0.758799 0.883584 0.805640 0.927437 0.835425 0.923454 0.735713 0.970456 0.886942 0.953777 0.841881 0.752421 0.664543 0.731959 0.000000 0.785941 0.869761 0.742506 0.946130 0.944955 0.857004 0.811682 0.824186 0.841209 0.921434 0.999228 0.974648 0.864580 0.959647 0.977505 0.827667 0.859994 0.782957 0.772975 0.801757 0.897226 0.767516 0.973044 0.820334 0.930129 0.731071 0.838433 0.927975 0.971487 0.939519 0.969443 0.740748 0.898773 0.639879 0.822666 0.641742 0.686388 0.715536 0.810865 0.916688 0.808374 0.954618 0.893354 0.868801 0.909789 0.928754 0.973446 0.963109 0.890442 0.888708 0.902552 0.938169 0.894244 0.981399 0.882663 0.812217 0.809623 0.842101 0.722442 0.998327 0.875599 0.899831 0.962166 0.702458 0.742447 0.785095 0.933488 0.900696 0.986610 0.769305 0.872523 0.718252 0.739640 0.763561 0.766418 0.890248 0.768262 0.950920 0.830215 0.895610 0.901249 0.989654 0.945426 0.970085 0.892787 0.808281 0.927730 0.907199 0.910425
0.757772 0.783708 0.869017 0.773524 0.890915 0.942600 0.859321 0.757753 0.960384 0.731283 0.636956 0.692239 0.741530 0.728878 0.805374 0.961008 0.770046 0.757247 0.819785 0.768792 0.886011 0.856909 0.702868 0.688937 0.638955 0.632843 0.785941 0.000000 0.764407 0.623175 0.787392 0.951252 0.873793 0.770529 0.745145 0.990420 0.945661 0.965195 0.972386 0.936087 0.877634 0.949175 0.917630 0.791104 0.672272 0.706298 0.932126 0.856127 0.706357 0.828429 0.804871 0.867329 0.911260 0.903344 0.817152 0.905255 0.839796 0.816835 0.901386 0.864281 0.738181 0.816625 0.719748 0.736219 0.699397 0.909041 0.967091 0.856796 0.920903 0.960076 0.972147 0.916467 0.994705 0.808144 0.936196 0.938110 0.952434 0.861078 0.983043 0.777613 0.854475 0.765769 0.906462 0.878081 0.827806 0.781262 0.929881 0.961136 0.883359 0.686711 0.813172 0.814724 0.991933 0.956202 0.925287 0.824571 0.990288 0.836865 0.789991 0.742458 0.869294 0.930036 0.975321 0.931586 0.988448 0.930171 0.941962 0.897724 0.905986 0.800869 0.886810 0.803243 0.723471 0.856040 0.991021 0.999035
0.557385 0.571038 0.942636 0.892361 0.862829 0.769958 0.734548 0.651636 0.855437 0.586628 0.464279 0.631306 0.779573 0.594501 0.797526 0.895559 0.392407 0.405176 0.537970 0.541781 0.763897 0.930451 0.793813 0.756589 0.716309 0.684290 0.869761 0.764407 0.000000 0.381960 0.969625 0.866029 0.741521 0.633237 0.816414 0.894123 0.965829 0.972857 0.999250 0.930724 0.927972 0.906544 0.532628 0.509720 0.493974 0.522340 0.734558 0.548446 0.534852 0.608029 0.722025 0.683809 0.916780 0.938053 0.830812 0.912015 0.519625 0.604005 0.776411 0.913271 0.734336 0.845884 0.678267 0.633667 0.731369 0.940075 0.904377 0.819146 0.798845 0.804041 0.987653 0.965367 0.981491 0.830385 0.974313 0.740175 0.747957 0.727223 0.807646 0.704261 0.619478 0.764222 0.870056 0.861323 0.812875 0.756403 0.889540 0.789831 0.749825 0.763473 0.728127 0.782650 0.908241 0.996774 0.798671 0.899655 0.855169 0.912708 0.513818 0.534560 0.707639 0.768209 0.733312 0.826079 0.931196 0.996623 0.857862 0.815825 0.985303 0.939823 0.643520 0.708304 0.595104 0.907213 0.861045 0.964408
0.538118 0.531194 0.768349 0.733345 0.877625 0.678789 0.729766 0.580523 0.920227 0.477938 0.413662 0.512477 0.702071 0.623739 0.994749 0.899348 0.413029 0.382804 0.519828 0.595866 0.816063 0.929864 0.669512 0.628056 0.557076 0.531285 0.742506 0.623175 0.381960 0.000000 0.906783 0.938321 0.758057 0.610582 0.656258 0.829210 0.850735 0.930875 0.995800 0.988303 0.868249 0.924542 0.579000 0.477480 0.442542 0.442655 0.861631 0.541473 0.447831 0.614324 0.724639 0.724532 0.928190 0.910261 0.691544 0.962777 0.501137 0.600627 0.769211 0.902158 0.668339 0.810300 0.608175 0.533542 0.525368 0.802926 0.951208 0.805743 0.901656 0.885503 0.982462 0.942577 0.921373 0.875576 0.977888 0.846807 0.833246 0.823574 0.816387 0.620547 0.616946 0.695525 0.987775 0.902530 0.664543 0.591716 0.907760 0.805547 0.702932 0.601075 0.682579 0.763131 0.970632 0.975866 0.846688 0.979218 0.839480 0.935119 0.503621 0.552231 0.610731 0.736088 0.694083 0.737803 0.829383 0.929104 0.796532 0.986641 0.995374 0.949917 0.755102 0.680351 0.586686 0.906817 0.993696 0.866500
0.938688 0.927075 0.481266 0.507134 0.947802 0.996161 0.692132 0.898498 0.779377 0.963712 0.919334 0.738844 0.908610 0.945706 0.869040 0.942403 0.979173 0.920665 0.784779 0.971988 0.984006 0.888598 0.471536 0.518339 0.540598 0.685840 0.946130 0.787392 0.969625 0.906783 0.000000 0.553715 0.710425 0.811348 0.641415 0.952303 0.799370 0.881101 0.586747 0.813009 0.845106 0.904179 0.786309 0.952855 0.958888 0.899492 0.822612 0.926607 0.799528 0.943105 0.990028 0.927378 0.902109 0.849816 0.798220 0.826518 0.901672 0.867389 0.942809 0.902063 0.925196 0.852801 0.902123 0.721745 0.582040 0.728319 0.755432 0.906950 0.961701 0.960494 0.732250 0.692524 0.744005 0.697653 0.864100 0.694605 0.760688 0.815861 0.877826 0.785477 0.987194 0.938120 0.961713 0.803740 0.639757 0.671431 0.864732 0.993614 0.997412 0.960619 0.977504 0.929237 0.909983 0.826055 0.801838 0.909955 0.994032 0.787615 0.959290 0.986241 0.979619 0.762546 0.973714 0.888185 0.917817 0.825879 0.989932 0.755769 0.953452 0.939218 0.881420 0.905661 0.912326 0.824548 0.992224 0.988777
0.877597 0.872635 0.549318 0.667507 0.913113 0.966583 0.572124 0.755250 0.756484 0.840520 0.864282 0.916460 0.961206 0.909753 0.811404 0.921236 0.831302 0.841427 0.593081 0.827533 0.965438 0.899448 0.694465 0.762018 0.793795 0.836751 0.944955 0.951252 0.866029 0.938321 0.553715 0.000000 0.571131 0.586818 0.803848 0.970730 0.742488 0.997841 0.651783 0.732689 0.830779 0.969611 0.620835 0.752892 0.717840 0.764049 0.617131 0.606785 0.893590 0.720579 0.725311 0.641372 0.735861 0.711908 0.823179 0.955281 0.843144 0.940136 0.724430 0.983048 0.821787 0.951749 0.862037 0.934809 0.729822 0.741863 0.584214 0.647339 0.892395 0.921123 0.837497 0.786276 0.875267 0.773667 0.974941 0.701121 0.683135 0.573684 0.732280 0.716762 0.918788 0.869325 0.913117 0.885126 0.737598 0.828430 0.970895 0.858058 0.849549 0.924373 0.789389 0.767090 0.860185 0.740998 0.891754 0.938393 0.950589 0.993046 0.829031 0.740278 0.993926 0.809776 0.884134 0.943257 0.888793 0.733895 0.947114 0.757412 0.862657 0.962297 0.852175 0.819180 0.816941 0.881173 0.896093 0.944173
0.596562 0.634289 0.656763 0.764610 0.783159 0.905433 0.538061 0.660203 0.788603 0.807217 0.687051 0.880441 0.922782 0.834836 0.984521 0.859147 0.589440 0.641909 0.447001 0.618597 0.975510 0.962544 0.788951 0.930401 0.912321 0.987846 0.857004 0.873793 0.741521 0.758057 0.710425 0.571131 0.000000 0.463018 0.819586 0.902694 0.850424 0.766514 0.824293 0.849672 0.798656 0.982456 0.569064 0.638903 0.592774 0.695372 0.702231 0.621990 0.889312 0.707695 0.804694 0.749586 0.806523 0.812669 0.957583 0.980129 0.641010 0.720833 0.570056 0.817020 0.643446 0.908161 0.647258 0.811356 0.869166 0.708492 0.427670 0.431827 0.884185 0.823910 0.801634 0.835523 0.752439 0.696334 0.943837 0.723891 0.619234 0.668982 0.671671 0.585619 0.671874 0.636992 0.999838 0.936004 0.798121 0.866956 0.927951 0.763731 0.734615 0.950221 0.729174 0.674862 0.793422 0.797565 0.884687 0.784494 0.849936 0.897005 0.684167 0.620288 0.840306 0.715949 0.754240 0.878709 0.759520 0.752540 0.978712 0.930511 0.934009 0.881838 0.801810 0.861309 0.780285 0.953347 0.940732 0.952085
0.584332 0.586680 0.823937 0.936254 0.850422 0.754561 0.482077 0.547990 0.786315 0.548925 0.537640 0.738248 0.854606 0.770761 0.923082 0.950880 0.513588 0.536177 0.407413 0.632451 0.970183 0.957466 0.994846 0.886256 0.825300 0.864273 0.811682 0.770529 0.633237 0.610582 0.811348 0.586818 0.463018 0.000000 0.977531 0.900488 0.818427 0.994375 0.858716 0.984139 0.896153 0.963958 0.591822 0.562779 0.412848 0.510053 0.644358 0.551621 0.629441 0.574369 0.593290 0.564829 0.789494 0.660649 0.991247 0.996313 0.568276 0.694116 0.555710 0.851833 0.577910 0.823243 0.587134 0.699177 0.910584 0.869122 0.487437 0.454556 0.845603 0.744972 0.807305 0.870617 0.734254 0.652457 0.937448 0.619621 0.621353 0.605836 0.738083 0.661006 0.691630 0.701038 0.981925 0.910900 0.955166 0.933009 0.852252 0.837710 0.732828 0.853905 0.596280 0.612111 0.754860 0.732291 0.801287 0.876169 0.748125 0.913986 0.516065 0.537784 0.729586 0.679444 0.744925 0.832172 0.901825 0.775718 0.824665 0.810984 0.941913 0.949036 0.775144 0.626292 0.527400 0.959520 0.946519 0.860842
0.894835 0.907876 0.642352 0.616549 0.942451 0.802673 0.945439 0.899181 0.973794 0.766450 0.782025 0.720949 0.728408 0.798981 0.934316 0.904629 0.846281 0.790370 0.980603 0.966606 0.812481 0.964266 0.554531 0.598875 0.587933 0.747738 0.824186 0.745145 0.816414 0.656258 0.641415 0.803848 0.819586 0.977531 0.000000 0.858934 0.830357 0.926836 0.945662 0.974379 0.842286 0.867060 0.912726 0.786804 0.797722 0.728410 0.972816 0.918321 0.663212 0.832898 0.877174 0.892396 0.931224 0.989512 0.667246 0.891002 0.884737 0.966456 0.931421 0.967649 0.897071 0.843427 0.927678 0.825021 0.614363 0.724729 0.679869 0.810712 0.893539 0.995623 0.833823 0.903935 0.699786 0.830550 0.968224 0.979403 0.910414 0.958573 0.986187 0.910556 0.932026 0.897653 0.942038 0.941066 0.602169 0.540359 0.918819 0.918269 0.999090 0.707028 0.969048 0.938477 0.900215 0.829918 0.944859 0.965285 0.973798 0.815403 0.791611 0.921730 0.723316 0.924209 0.923545 0.791076 0.847761 0.911403 0.891439 0.923115 0.930344 0.999152 0.980121 0.759099 0.725568 0.762351 0.907561 0.882410
0.872255 0.954603 0.958946 0.993494 0.759514 0.816694 0.868100 0.857393 0.787654 0.857278 0.860725 0.862211 0.925860 0.891359 0.927483 0.740662 0.879748 0.851466 0.869427 0.954078 0.869846 0.957887 0.878101 0.934534 0.905557 0.907888 0.841209 0.990420 0.894123 0.829210 0.952303 0.970730 0.902694 0.900488 0.858934 0.000000 0.940136 0.883660 0.898340 0.882696 0.837675 0.940374 0.867672 0.907678 0.992531 0.916464 0.970189 0.898182 0.872755 0.992455 0.986718 0.998255 0.943158 0.977284 0.844639 0.970604 0.922278 0.964952 0.995015 0.853227 0.982825 0.948183 0.931574 0.897562 0.899015 0.815848 0.800231 0.756678 0.967528 0.995479 0.920102 0.905462 0.975012 0.960496 0.905264 0.953527 0.970362 0.979884 0.866331 0.941353 0.967099 0.953753 0.795110 0.911404 0.873958 0.761188 0.995356 0.897678 0.938074 0.990814 0.884495 0.825965 0.919181 0.997372 0.925615 0.893561 0.983387 0.987390 0.810257 0.803008 0.805992 0.924635 0.825615 0.889961 0.867327 0.970147 0.900985 0.993689 0.873266 0.914619 0.957217 0.883863 0.990179 0.960036 0.938897 0.928252
0.899801 0.913313 0.771041 0.653858 0.934244 0.944375 0.868443 0.845934 0.591667 0.996078 0.960915 0.941669 0.852213 0.959283 0.998114 0.776486 0.901214 0.989177 0.907710 0.736392 0.926611 0.996178 0.903054 0.852655 0.798593 0.745532 0.921434 0.945661 0.965829 0.850735 0.799370 0.742488 0.850424 0.818427 0.830357 0.940136 0.000000 0.741037 0.891698 0.775244 0.715254 0.869149 0.885351 0.974533 0.976021 0.891077 0.853613 0.920740 0.995872 0.908287 0.755831 0.785369 0.788485 0.775913 0.813820 0.964673 0.892921 0.890179 0.679754 0.679732 0.844824 0.792665 0.881900 0.945700 0.764973 0.642041 0.887496 0.872213 0.765348 0.780821 0.845014 0.797189 0.765828 0.803290 0.928604 0.887597 0.836533 0.896600 0.880929 0.973261 0.835386 0.945686 0.873243 0.818163 0.957434 0.927391 0.818316 0.857777 0.876495 0.782645 0.858587 0.869474 0.823531 0.842829 0.785835 0.866374 0.876949 0.950641 0.854488 0.929270 0.991715 0.949640 0.988342 0.955343 0.867685 0.789439 0.917747 0.789150 0.831964 0.913393 0.934605 0.990527 0.936421 0.876202 0.955058 0.925897
0.823525 0.819513 0.924828 0.753844 0.932228 0.952655 0.962390 0.939890 0.816055 0.916186 0.812952 0.987186 0.804582 0.927097 0.803759 0.975672 0.930225 0.951585 0.953699 0.888226 0.992647 0.968218 0.906462 0.916808 0.763643 0.846734 0.999228 0.965195 0.972857 0.930875 0.881101 0.997841 0.766514 0.994375 0.926836 0.883660 0.741037 0.000000 0.951274 0.934643 0.731116 0.895833 0.897856 0.951805 0.993445 0.977925 0.888758 0.977775 0.966102 0.873481 0.896362 0.901656 0.948370 0.989514 0.883270 0.821933 0.893317 0.855353 0.805003 0.705834 0.884042 0.748384 0.921314 0.891835 0.828141 0.619044 0.874729 0.820948 0.804933 0.911753 0.972873 0.851485 0.934296 0.965800 0.908099 0.986307 0.817243 0.953567 0.881244 0.932353 0.852651 0.907322 0.980344 0.873269 0.982317 0.906438 0.945148 0.867659 0.992193 0.814204 0.979997 0.887834 0.967862 0.961320 0.992434 0.889350 0.917247 0.949140 0.951634 0.986799 0.888105 0.918760 0.839461 0.969411 0.794866 0.819575 0.933803 0.968905 0.914384 0.995417 0.947520 0.984875 0.951115 0.899586 0.848325 0.882704
