0.000000 0.360076 0.632795 0.658146 0.888779 0.891290 0.765353 0.798888 0.717179 0.679385 0.468565 0.496755 0.899979 0.860955 0.926769 0.926323 0.453527 0.415291 0.803985 0.752666 0.921959 0.970129 0.804969 0.810081 0.653497 0.689401 0.892964 0.839844 0.550437 0.557261 0.964574 0.984398 0.745591 0.603401 0.968817 0.992598 0.947675 0.805578 0.901827 0.848460 0.643394 0.625395 0.971547 0.779568 0.795224 0.636475 0.583132 0.670119 0.614003 0.654602 0.609323 0.654698 0.852425 0.896524 0.670890 0.750208 0.343311 0.377138 0.406452 0.439563 0.561323 0.747661 0.424345 0.387417 0.684600 0.770138 0.954025 0.733580 0.481648 0.501392 0.695476 0.773714 0.852440 0.851735 0.811857 0.972785 0.852572 0.851511 0.568131 0.663657 0.321065 0.404202 0.710000 0.461318 0.802454 0.912680 0.969337 0.852948 0.984486 0.836294 0.562386 0.564491 0.556510 0.482184 0.845672 0.789312 0.881372 0.961646 0.973084 0.834457 0.853561 0.790679 0.904050 0.747120 0.979986 0.932119 0.966494 0.990845 0.903442 0.902544 0.806166 0.973494 0.968924 0.775825 0.788388 0.852066
0.360076 0.000000 0.645560 0.696750 0.871017 0.920094 0.811396 0.833128 0.642139 0.576962 0.595038 0.523007 0.944649 0.861897 0.906571 0.938158 0.484355 0.461391 0.852297 0.844556 0.960905 0.964785 0.843461 0.809465 0.730192 0.712267 0.855597 0.767479 0.565702 0.592582 0.927936 0.996805 0.715789 0.669028 0.990293 0.983224 0.985038 0.968648 0.946136 0.826859 0.635727 0.628155 0.940701 0.758650 0.775890 0.627184 0.554557 0.643608 0.640570 0.625971 0.596586 0.617648 0.813168 0.913244 0.636256 0.765635 0.349293 0.339434 0.372150 0.388419 0.607729 0.822364 0.432696 0.400989 0.711370 0.777944 0.981620 0.709028 0.501025 0.510000 0.709843 0.790983 0.754205 0.826572 0.819006 0.961692 0.865936 0.946181 0.621734 0.601618 0.362955 0.424315 0.687097 0.463355 0.762412 0.863647 0.878391 0.819323 0.921641 0.837073 0.629335 0.605296 0.641168 0.505967 0.819213 0.750721 0.862295 0.852704 0.958185 0.877627 0.923021 0.816633 0.896473 0.802812 0.949036 0.916670 0.966609 0.952553 0.974091 0.850438 0.795571 0.919817 0.971512 0.789054 0.778725 0.774048
0.632795 0.645560 0.000000 0.380492 0.988155 0.771430 0.413439 0.476442 0.519182 0.712870 0.725966 0.859017 0.660999 0.833127 0.843818 0.606657 0.515126 0.510599 0.828519 0.905242 0.935026 0.896913 0.588555 0.558271 0.405338 0.486474 0.956980 0.955933 0.682284 0.684562 0.592720 0.662164 0.775550 0.936722 0.891384 0.865820 0.836139 0.820031 0.684449 0.812540 0.744761 0.899241 0.628668 0.799935 0.868867 0.925776 0.942040 0.998657 0.828989 0.921035 0.987021 0.960601 0.804692 0.705707 0.913363 0.898360 0.639391 0.447379 0.565350 0.559763 0.853350 0.946274 0.469342 0.488181 0.477225 0.508492 0.573284 0.918427 0.707262 0.690459 0.555087 0.628531 0.996067 0.963885 0.953211 0.841474 0.653519 0.617774 0.880006 0.877052 0.568024 0.665607 0.847729 0.729877 0.931149 0.743855 0.999276 0.863001 0.805801 0.973981 0.530407 0.495752 0.465495 0.471725 0.966876 0.700679 0.827057 0.743019 0.678903 0.594974 0.849477 0.638584 0.937031 0.752146 0.739490 0.895879 0.801912 0.889742 0.893454 0.989703 0.836034 0.941417 0.839785 0.873406 0.917562 0.843165
0.658146 0.696750 0.380492 0.000000 0.862008 0.896742 0.440544 0.384420 0.573909 0.710178 0.729158 0.752463 0.859037 0.912210 0.986483 0.732336 0.531366 0.552687 0.859331 0.905855 0.917384 0.981648 0.638879 0.608692 0.449953 0.477276 0.865821 0.988886 0.618378 0.682806 0.632626 0.638492 0.915405 0.967320 0.998762 0.860190 0.803362 0.893066 0.671395 0.852558 0.734615 0.872739 0.693302 0.791567 0.972554 0.910269 0.865081 0.986542 0.871502 0.976435 0.954427 0.957990 0.752182 0.731270 0.944885 0.962258 0.690284 0.509934 0.582011 0.609018 0.656397 0.838734 0.516380 0.504076 0.590191 0.724790 0.662486 0.985514 0.798733 0.816917 0.660980 0.667324 0.921981 0.894533 0.883792 0.927650 0.654926 0.709491 0.821913 0.898756 0.635346 0.718307 0.790476 0.768455 0.978647 0.803657 0.948415 0.908390 0.883910 0.902112 0.598193 0.522535 0.540042 0.503100 0.983739 0.743250 0.933597 0.816159 0.883044 0.736024 0.871881 0.639222 0.963883 0.763528 0.763942 0.874354 0.798330 0.886096 0.875345 0.963083 0.972699 0.802511 0.845607 0.905451 0.974955 0.825519
0.888779 0.871017 0.988155 0.862008 0.000000 0.841513 0.936411 0.837400 0.910263 0.985467 0.970429 0.951177 0.775590 0.901323 0.840427 0.794080 0.964584 0.992612 0.925938 0.971558 0.899874 0.906069 0.784677 0.786796 0.953999 0.896858 0.913699 0.973296 0.954050 0.912004 0.870268 0.819021 0.972696 0.871271 0.877636 0.923702 0.881381 0.841664 0.860437 0.853753 0.965703 0.920025 0.903957 0.744493 0.961085 0.775721 0.894657 0.849334 0.777534 0.700355 0.811826 0.869532 0.845399 0.933117 0.889527 0.931638 0.819134 0.912867 0.889042 0.825845 0.860146 0.930817 0.950045 0.965240 0.784817 0.715102 0.881773 0.919924 0.810571 0.718431 0.909654 0.996969 0.910381 0.873285 0.968426 0.950599 0.887530 0.975200 0.914834 0.895510 0.807974 0.907984 0.915545 0.894549 0.782150 0.859648 0.801507 0.855517 0.959330 0.972834 0.767139 0.849358 0.844496 0.810292 0.978209 0.998831 0.891521 0.851869 0.901998 0.751470 0.922914 0.978789 0.783849 0.853714 0.923007 0.960563 0.970841 0.837517 0.998214 0.775493 0.849270 0.927741 0.969180 0.891211 0.913862 0.902703
0.891290 0.920094 0.771430 0.896742 0.841513 0.000000 0.694923 0.738130 0.826727 0.686803 0.916281 0.882819 0.700362 0.948079 0.922012 0.695746 0.951094 0.849511 0.812808 0.920283 0.841541 0.951056 0.886004 0.961319 0.841439 0.760763 0.771846 0.942351 0.959100 0.922118 0.846201 0.878971 0.764769 0.834131 0.896897 0.964902 0.963121 0.955822 0.844585 0.940617 0.942306 0.997909 0.976184 0.752185 0.836751 0.656289 0.924847 0.644804 0.679686 0.655086 0.826311 0.863271 0.848648 0.887325 0.799922 0.924685 0.685280 0.835330 0.980176 0.892295 0.783516 0.709461 0.845665 0.870192 0.847556 0.529265 0.717009 0.693471 0.756225 0.706581 0.647320 0.746230 0.774618 0.807164 0.928211 0.947768 0.805557 0.810396 0.911546 0.914162 0.803780 0.847155 0.875293 0.810052 0.967664 0.977266 0.966720 0.885499 0.892324 0.740987 0.559980 0.618541 0.585199 0.712425 0.886035 0.902071 0.738549 0.983980 0.739868 0.691381 0.761719 0.875260 0.992946 0.821065 0.764497 0.870854 0.901140 0.952260 0.946296 0.916128 0.970281 0.829301 0.700987 0.985103 0.900430 0.783548
0.765353 0.811396 0.413439 0.440544 0.936411 0.694923 0.000000 0.413938 0.578027 0.692703 0.871551 0.952490 0.576162 0.844891 0.800454 0.555548 0.745422 0.728927 0.627115 0.927034 0.967128 0.926290 0.590306 0.624765 0.527437 0.664053 0.927093 0.939327 0.854503 0.879877 0.593875 0.546417 0.658171 0.773894 0.985514 0.937853 0.949448 0.896132 0.797961 0.874584 0.830579 0.891483 0.768519 0.910547 0.940812 0.876346 0.977911 0.952543 0.781439 0.859924 0.967675 0.998881 0.887642 0.884613 0.986477 0.905532 0.749994 0.610717 0.683927 0.637060 0.949542 0.986368 0.725219 0.700696 0.564569 0.581269 0.543501 0.861379 0.730708 0.745607 0.647346 0.658452 0.923646 0.961319 0.854510 0.857747 0.734068 0.653850 0.917697 0.961578 0.777691 0.871391 0.938435 0.898506 0.808203 0.684560 0.995611 0.953819 0.856884 0.950963 0.516239 0.502011 0.445077 0.528720 0.928883 0.784207 0.840578 0.945715 0.772428 0.715391 0.861183 0.584376 0.839871 0.724405 0.770916 0.853904 0.897601 0.913887 0.797299 0.997490 0.962831 0.912285 0.798015 0.936455 0.898577 0.950865
0.798888 0.833128 0.476442 0.384420 0.837400 0.738130 0.413938 0.000000 0.682286 0.535302 0.849951 0.998403 0.901194 0.971163 0.820358 0.844084 0.754090 0.673661 0.743724 0.888360 0.998938 0.977742 0.926518 0.882047 0.667468 0.647888 0.805488 0.906299 0.761033 0.841570 0.739293 0.601540 0.855732 0.856390 0.798833 0.979418 0.944424 0.943266 0.787823 0.853783 0.859394 0.971702 0.871186 0.951935 0.811259 0.754893 0.901027 0.855923 0.711064 0.862076 0.876263 0.903552 0.993103 0.974016 0.968567 0.983849 0.762692 0.632083 0.777393 0.812250 0.906162 0.894815 0.671952 0.669904 0.850941 0.665994 0.766388 0.909970 0.834225 0.804142 0.617390 0.516986 0.850330 0.910373 0.849771 0.987345 0.753846 0.795813 0.888471 0.965716 0.778829 0.803361 0.637385 0.740677 0.844579 0.976485 0.778605 0.761303 0.934056 0.857824 0.561006 0.542959 0.520110 0.587336 0.991410 0.881017 0.673001 0.791598 0.850609 0.808216 0.770795 0.707503 0.911992 0.743411 0.867672 0.857785 0.825962 0.854914 0.896507 0.972405 0.920365 0.872731 0.883894 0.980804 0.971795 0.987408
0.717179 0.642139 0.519182 0.573909 0.910263 0.826727 0.578027 0.682286 0.000000 0.625124 0.727872 0.894205 0.720442 0.894409 0.886870 0.552692 0.622267 0.540707 0.723012 0.971991 0.853583 0.990969 0.641919 0.681918 0.674070 0.538571 0.932214 0.893864 0.717728 0.739976 0.566159 0.758440 0.937093 0.944776 0.832689 0.811401 0.853864 0.863645 0.867607 0.910374 0.686253 0.811879 0.622908 0.819490 0.765364 0.959856 0.993197 0.904649 0.984011 0.961987 0.885197 0.859931 0.752199 0.544921 0.885381 0.825274 0.642900 0.501915 0.664236 0.554172 0.844422 0.989032 0.557850 0.545519 0.590565 0.711518 0.630597 0.993132 0.810202 0.803402 0.516659 0.680180 0.933538 0.970013 0.823237 0.799445 0.595058 0.691319 0.930308 0.881718 0.646955 0.676558 0.931993 0.733348 0.905700 0.843915 0.981580 0.839612 0.857491 0.954121 0.536492 0.471736 0.558421 0.501978 0.924302 0.743547 0.908102 0.815200 0.650739 0.621322 0.960595 0.562778 0.924872 0.954139 0.900610 0.909766 0.845661 0.803865 0.824412 0.868726 0.993899 0.804438 0.713890 0.890273 0.897240 0.733177
0.679385 0.576962 0.712870 0.710178 0.985467 0.686803 0.692703 0.535302 0.625124 0.000000 0.803617 0.913744 0.960761 0.842421 0.651891 0.961005 0.809551 0.631866 0.826974 0.968804 0.986924 0.830043 0.877685 0.917350 0.944734 0.791239 0.801936 0.705177 0.760894 0.865209 0.917065 0.895715 0.849978 0.967750 0.851135 0.938132 0.932319 0.999891 0.947990 0.977440 0.836531 0.856933 0.889443 0.725429 0.654710 0.572952 0.684288 0.579484 0.627135 0.605303 0.668095 0.645448 0.760235 0.955888 0.700372 0.826006 0.510573 0.531939 0.680868 0.702488 0.894776 0.888841 0.639300 0.612247 0.960959 0.757952 0.975689 0.961113 0.764998 0.664151 0.507471 0.558470 0.831653 0.857607 0.891415 0.903308 0.759631 0.865610 0.794621 0.760121 0.615239 0.609782 0.576153 0.541526 0.585459 0.649940 0.760335 0.668969 0.942598 0.680130 0.509299 0.501023 0.545996 0.540126 0.994518 0.798306 0.694550 0.772143 0.854249 0.875558 0.789918 0.831963 0.844087 0.793450 0.977910 0.947885 0.952338 0.823844 0.867948 0.982533 0.887024 0.992082 0.861984 0.881039 0.842264 0.945813
0.468565 0.595038 0.725966 0.729158 0.970429 0.916281 0.871551 0.849951 0.727872 0.803617 0.000000 0.554575 0.882223 0.878807 0.963847 0.896781 0.481973 0.384274 0.761521 0.794232 0.941658 0.947663 0.780048 0.879049 0.638400 0.655491 0.889630 0.964061 0.494753 0.437144 0.991596 0.956102 0.705299 0.642659 0.850495 0.923585 0.950401 0.863385 0.901356 0.930518 0.750448 0.743850 0.778280 0.997617 0.973928 0.884429 0.816869 0.862888 0.873128 0.926545 0.846582 0.941716 0.990353 0.761013 0.790291 0.831778 0.521922 0.494170 0.580038 0.570179 0.526756 0.734559 0.438487 0.400267 0.692729 0.817024 0.947104 0.789354 0.526617 0.610882 0.710037 0.753963 0.985736 0.962221 0.945849 0.952873 0.726559 0.813755 0.685119 0.738942 0.456153 0.416197 0.748696 0.475518 0.902605 0.927810 0.996879 0.800718 0.940628 0.865823 0.570957 0.543818 0.572400 0.524878 0.851731 0.869133 0.967286 0.962166 0.790950 0.682741 0.856955 0.829742 0.977907 0.801180 0.940173 0.948904 0.824505 0.814378 0.810535 0.827639 0.734183 0.881011 0.862034 0.912306 0.870993 0.901453
0.496755 0.523007 0.859017 0.752463 0.951177 0.882819 0.952490 0.998403 0.894205 0.913744 0.554575 0.000000 0.789479 0.714010 0.957600 0.883262 0.564570 0.574120 0.776771 0.777670 0.976083 0.976412 0.843614 0.895731 0.740292 0.784235 0.716523 0.992343 0.539918 0.613328 0.973658 0.977066 0.628960 0.645011 0.990739 0.980658 0.979078 0.913352 0.924125 0.911951 0.770494 0.718648 0.951229 0.953784 0.922803 0.873643 0.677474 0.935348 0.884482 0.897234 0.756300 0.833999 0.998231 0.912432 0.816437 0.762108 0.584513 0.595912 0.502093 0.584801 0.456466 0.500703 0.585480 0.523157 0.745369 0.931141 0.902457 0.679652 0.654664 0.709286 0.938400 0.981961 0.693543 0.652121 0.816163 0.944170 0.854581 0.919233 0.666285 0.801869 0.591213 0.552239 0.843886 0.592825 0.918911 0.965220 0.950014 0.984569 0.947406 0.959165 0.806532 0.756541 0.784567 0.646728 0.906504 0.851568 0.695037 0.906030 0.988158 0.963231 0.970728 0.940210 0.801521 0.854416 0.961278 0.884104 0.939530 0.958318 0.940347 0.880833 0.760076 0.919802 0.842338 0.860823 0.830594 0.888452
0.899979 0.944649 0.660999 0.859037 0.775590 0.700362 0.576162 0.901194 0.720442 0.960761 0.882223 0.789479 0.000000 0.538608 0.432277 0.360068 0.945498 0.985949 0.565645 0.702767 0.917231 0.906077 0.496465 0.567273 0.654417 0.826225 0.968774 0.950295 0.921011 0.948105 0.678903 0.753635 0.499423 0.657543 0.732315 0.809033 0.954533 0.814522 0.885508 0.813626 0.952430 0.891507 0.689679 0.755372 0.639072 0.832748 0.738303 0.958038 0.917234 0.958864 0.761220 0.741832 0.742348 0.805631 0.990850 0.724257 0.956652 0.902440 0.923528 0.766323 0.660020 0.776107 0.945614 0.976113 0.526354 0.608364 0.576263 0.775999 0.918719 0.922401 0.783750 0.920682 0.988709 0.881453 0.909164 0.842350 0.763205 0.730671 0.899573 0.966269 0.959253 0.934628 0.782836 0.840197 0.577986 0.573011 0.803915 0.837092 0.783723 0.860630 0.742990 0.788123 0.723500 0.829338 0.898529 0.845091 0.888795 0.997848 0.676366 0.613349 0.869744 0.694519 0.914723 0.968851 0.686538 0.787277 0.972678 0.980933 0.890973 0.990787 0.905704 0.834347 0.821829 0.990157 0.686628 0.912160
0.860955 0.861897 0.833127 0.912210 0.901323 0.948079 0.844891 0.971163 0.894409 0.842421 0.878807 0.714010 0.538608 0.000000 0.533317 0.551354 0.883239 0.986209 0.766837 0.704429 0.953023 0.758040 0.569568 0.548915 0.751282 0.908247 0.886355 0.935872 0.843983 0.947605 0.824258 0.852327 0.558559 0.803557 0.664696 0.781960 0.957777 0.800132 0.991210 0.910201 0.974467 0.876635 0.757288 0.777573 0.676855 0.754624 0.839812 0.800185 0.791868 0.746811 0.771516 0.633513 0.751648 0.723089 0.948656 0.877581 0.865720 0.959044 0.882009 0.990264 0.814385 0.787588 0.993823 0.984717 0.664653 0.758995 0.724598 0.776120 0.988450 0.860784 0.991173 0.870371 0.971758 0.921585 0.856336 0.769158 0.860888 0.799703 0.878109 0.996022 0.977869 0.922556 0.706604 0.730658 0.639330 0.628789 0.805656 0.812978 0.866136 0.677701 0.998541 0.997324 0.969666 0.985119 0.945590 0.914148 0.941176 0.894503 0.928274 0.760202 0.949111 0.951520 0.934587 0.996190 0.631006 0.694099 0.947107 0.946999 0.979253 0.867479 0.837649 0.983603 0.999257 0.972128 0.780267 0.910083
0.926769 0.906571 0.843818 0.986483 0.840427 0.922012 0.800454 0.820358 0.886870 0.651891 0.963847 0.957600 0.432277 0.533317 0.000000 0.468603 0.891093 0.925916 0.741373 0.878186 0.940535 0.917693 0.403709 0.530878 0.692291 0.844899 0.732292 0.855689 0.835446 0.961597 0.764598 0.851262 0.595948 0.811696 0.607297 0.815413 0.932317 0.895911 0.857680 0.943922 0.967250 0.994036 0.711353 0.764544 0.541224 0.699259 0.761321 0.815670 0.757040 0.772304 0.719791 0.624167 0.659927 0.708974 0.834257 0.781183 0.894593 0.986323 0.967791 0.814753 0.794881 0.951566 0.944494 0.945712 0.483999 0.810543 0.599592 0.910644 0.930376 0.968992 0.923632 0.771636 0.899534 0.885978 0.841643 0.971222 0.933040 0.791729 0.913668 0.966426 0.941422 0.859634 0.539635 0.725312 0.416545 0.426026 0.673991 0.675282 0.766336 0.724929 0.972636 0.986560 0.927829 0.970000 0.882301 0.889392 0.861285 0.803634 0.908827 0.754849 0.944384 0.858275 0.794890 0.975533 0.728965 0.849717 0.859919 0.892208 0.988306 0.996450 0.941600 0.883219 0.897314 0.964208 0.706255 0.968373
0.926323 0.938158 0.606657 0.732336 0.794080 0.695746 0.555548 0.844084 0.552692 0.961005 0.896781 0.883262 0.360068 0.551354 0.468603 0.000000 0.738625 0.808577 0.669709 0.808992 0.899297 0.913369 0.414909 0.492359 0.564775 0.663624 0.939451 0.956719 0.939637 0.883215 0.573937 0.660602 0.565353 0.808513 0.708629 0.772640 0.925659 0.768380 0.841188 0.846480 0.910661 0.971643 0.580633 0.723163 0.591376 0.812078 0.801065 0.987260 0.868497 0.877204 0.716847 0.679665 0.625274 0.595482 0.982386 0.689968 0.885710 0.736957 0.827809 0.645232 0.858239 0.898217 0.773365 0.787703 0.442636 0.620600 0.538242 0.853814 0.826854 0.885871 0.702968 0.845086 0.987933 0.927130 0.817934 0.793877 0.669656 0.679334 0.907352 0.899760 0.802886 0.927085 0.776445 0.929237 0.586016 0.571550 0.870912 0.884195 0.879737 0.819178 0.632589 0.630677 0.620925 0.653033 0.926956 0.777672 0.917163 0.903815 0.689105 0.553289 0.864050 0.608374 0.954899 0.908552 0.665088 0.813406 0.969278 0.903198 0.910923 0.997722 0.879709 0.811435 0.732228 0.974378 0.670857 0.764529
0.453527 0.484355 0.515126 0.531366 0.964584 0.951094 0.745422 0.754090 0.622267 0.809551 0.481973 0.564570 0.945498 0.883239 0.891093 0.738625 0.000000 0.332688 0.851410 0.897949 0.968810 0.988206 0.599103 0.619209 0.459177 0.488339 0.761335 0.917707 0.526469 0.393414 0.783173 0.855616 0.921272 0.707093 0.830938 0.884065 0.908986 0.971445 0.816901 0.963055 0.692779 0.783884 0.659391 0.920657 0.917524 0.922539 0.808369 0.950888 0.920871 0.978162 0.906852 0.965746 0.782094 0.619077 0.801413 0.870463 0.484973 0.374078 0.468402 0.516836 0.522477 0.824430 0.318108 0.329062 0.497640 0.717363 0.815045 0.825346 0.533994 0.615057 0.663917 0.790828 0.862658 0.881399 0.904072 0.909751 0.735470 0.742877 0.645733 0.677924 0.368587 0.409407 0.800935 0.541863 0.993951 0.912979 0.993779 0.796355 0.992664 0.963052 0.582001 0.517711 0.518565 0.439402 0.811042 0.713873 0.905689 0.952490 0.798266 0.666560 0.802175 0.753199 0.945088 0.731636 0.820903 0.970216 0.812532 0.893209 0.919990 0.872463 0.902615 0.952953 0.836997 0.964805 0.985079 0.790524
0.415291 0.461391 0.510599 0.552687 0.992612 0.849511 0.728927 0.673661 0.540707 0.631866 0.384274 0.574120 0.985949 0.986209 0.925916 0.808577 0.332688 0.000000 0.864966 0.860643 0.900602 0.996038 0.766759 0.782492 0.561585 0.506773 0.925246 0.850410 0.468050 0.389746 0.848941 0.850448 0.828782 0.696873 0.910403 0.945762 0.966800 0.971016 0.847105 0.981698 0.648059 0.741878 0.694869 0.957639 0.985967 0.841122 0.718304 0.816881 0.840778 0.894899 0.854041 0.933024 0.933790 0.657417 0.677748 0.890364 0.402223 0.326364 0.481070 0.496012 0.505827 0.894922 0.263078 0.262206 0.615715 0.690936 0.910676 0.808428 0.530081 0.612723 0.511322 0.601280 0.925014 0.994622 0.915825 0.874292 0.655945 0.775109 0.654546 0.658274 0.331422 0.309574 0.630213 0.410837 0.819130 0.887661 0.898473 0.694152 0.965828 0.880988 0.478526 0.437852 0.460664 0.431351 0.849414 0.766202 0.953769 0.828542 0.705149 0.633461 0.779236 0.761132 0.954013 0.797555 0.898312 0.942709 0.712347 0.817871 0.826693 0.891373 0.798775 0.960064 0.771218 0.930526 0.906629 0.787257
0.803985 0.852297 0.828519 0.859331 0.925938 0.812808 0.627115 0.743724 0.723012 0.826974 0.761521 0.776771 0.565645 0.766837 0.741373 0.669709 0.851410 0.864966 0.000000 0.669734 0.950497 0.775290 0.777243 0.835270 0.990871 0.972914 0.905138 0.976596 0.754002 0.684034 0.729181 0.754185 0.692084 0.502324 0.993896 0.813670 0.935442 0.900364 0.992356 0.955335 0.975102 0.825231 0.875590 0.916013 0.839331 0.921801 0.872980 0.991660 0.960582 0.934040 0.896136 0.839403 0.856374 0.941175 0.985517 0.838535 0.914417 0.990180 0.940493 0.988703 0.689732 0.886182 0.847590 0.899805 0.886326 0.889927 0.682681 0.859897 0.891968 0.992163 0.788918 0.927345 0.867927 0.869542 0.833773 0.976304 0.856802 0.801488 0.886862 0.898921 0.843932 0.843888 0.871257 0.832982 0.787208 0.792761 0.943209 0.876257 0.872193 0.948402 0.807448 0.789131 0.766465 0.866910 0.862819 0.994518 0.833619 0.979435 0.849457 0.867476 0.984042 0.762272 0.950347 0.981702 0.915146 0.801713 0.944891 0.800599 0.903936 0.964648 0.855379 0.897688 0.844564 0.993569 0.750831 0.889217
0.752666 0.844556 0.905242 0.905855 0.971558 0.920283 0.927034 0.888360 0.971991 0.968804 0.794232 0.777670 0.702767 0.704429 0.878186 0.808992 0.897949 0.860643 0.669734 0.000000 0.919729 0.913267 0.872722 0.804224 0.944317 0.996117 0.948344 0.958399 0.858291 0.802385 0.986512 0.894498 0.843366 0.850301 0.977058 0.884309 0.971595 0.818776 0.900305 0.932583 0.866235 0.824019 0.931996 0.819061 0.933123 0.860599 0.913014 0.907315 0.897757 0.819296 0.898281 0.865881 0.902833 0.963437 0.992884 0.820974 0.799468 0.932570 0.977162 0.952985 0.892822 0.915668 0.929417 0.938514 0.954868 0.993207 0.990550 0.946624 0.847618 0.871903 0.980104 0.984554 0.924041 0.997260 0.979944 0.994578 0.994216 0.937600 0.890540 0.944372 0.887490 0.852759 0.886066 0.818116 0.908570 0.909392 0.989416 0.776941 0.940309 0.760567 0.968627 0.969310 0.962161 0.965768 0.977601 0.853354 0.913207 0.947299 0.966068 0.990732 0.972659 0.915683 0.992001 0.901194 0.887740 0.822225 0.903248 0.977068 0.957984 0.999786 0.809267 0.977391 0.987390 0.855278 0.898210 0.855110
0.921959 0.960905 0.935026 0.917384 0.899874 0.841541 0.967128 0.998938 0.853583 0.986924 0.941658 0.976083 0.917231 0.953023 0.940535 0.899297 0.968810 0.900602 0.950497 0.919729 0.000000 0.855011 0.990371 0.976069 0.995322 0.900564 0.989720 0.915643 0.981533 0.939647 0.778265 0.950238 0.886670 0.849463 0.961312 0.969534 0.812784 0.794416 0.840007 0.877300 0.920931 0.930517 0.769314 0.891735 0.805381 0.867777 0.922050 0.969582 0.874836 0.908650 0.871490 0.904152 0.833769 0.895411 0.958510 0.946424 0.943263 0.977515 0.981371 0.961813 0.919684 0.940654 0.905409 0.903826 0.992963 0.932432 0.885327 0.887893 0.966112 0.825572 0.841218 0.898091 0.906911 0.949820 0.911857 0.857872 0.909254 0.941225 0.936840 0.956523 0.989862 0.931033 0.955882 0.968798 0.982613 0.994927 0.992191 0.895448 0.981441 0.987316 0.935819 0.912620 0.894049 0.961186 0.917325 0.945770 0.924445 0.984668 0.908485 0.930261 0.946313 0.958568 0.879561 0.758399 0.912323 0.846380 0.980255 0.932311 0.964412 0.854233 0.899207 0.986114 0.856832 0.981359 0.920767 0.819980
0.970129 0.964785 0.896913 0.981648 0.906069 0.951056 0.926290 0.977742 0.990969 0.830043 0.947663 0.976412 0.906077 0.758040 0.917693 0.913369 0.988206 0.996038 0.775290 0.913267 0.855011 0.000000 0.939086 0.872768 0.994064 0.922154 0.995637 0.879318 0.903207 0.912007 0.908369 0.975610 0.991973 0.995332 0.880319 0.976259 0.746619 0.934966 0.973137 0.874087 0.928423 0.928149 0.842785 0.860255 0.850675 0.900496 0.819198 0.949692 0.923181 0.977594 0.846798 0.937002 0.817729 0.907163 0.813224 0.873557 0.933013 0.970757 0.953294 0.984029 0.979955 0.959808 0.954984 0.965749 0.994781 0.955937 0.988863 0.857151 0.941558 0.895599 0.950593 0.926468 0.992989 0.955463 0.905008 0.884580 0.963028 0.992050 0.894203 0.931836 0.950492 0.886311 0.939509 0.971833 0.971743 0.917900 0.999077 0.969724 0.931800 0.982030 0.930798 0.986441 0.953549 0.966411 0.871964 0.895801 0.960539 0.874500 0.844018 0.897831 0.937533 0.894978 0.914760 0.888961 0.948316 0.808445 0.939167 0.997139 0.925334 0.903908 0.932724 0.955730 0.994610 0.982865 0.981692 0.905978
0.804969 0.843461 0.588555 0.638879 0.784677 0.886004 0.590306 0.926518 0.641919 0.877685 0.780048 0.843614 0.496465 0.569568 0.403709 0.414909 0.599103 0.766759 0.777243 0.872722 0.990371 0.939086 0.000000 0.329947 0.440884 0.629103 0.637155 0.819703 0.833401 0.753624 0.685774 0.801974 0.683540 0.995301 0.562920 0.711660 0.878667 0.856422 0.827549 0.964146 0.880554 0.867596 0.604731 0.740342 0.606060 0.825805 0.915849 0.872493 0.882170 0.818595 0.828286 0.646217 0.581888 0.574808 0.974938 0.810610 0.855850 0.738394 0.742214 0.625100 0.935777 0.842126 0.747726 0.730454 0.281654 0.652889 0.527228 0.964617 0.769587 0.877870 0.892046 0.927537 0.857096 0.825780 0.861389 0.901588 0.731524 0.641389 0.923298 0.879958 0.753623 0.877910 0.655861 0.946935 0.418355 0.379355 0.742778 0.756255 0.763375 0.665976 0.700975 0.678853 0.664047 0.649170 0.997547 0.707576 0.875697 0.885823 0.850497 0.607275 0.919314 0.671704 0.752648 0.782507 0.619777 0.835592 0.993757 0.992811 0.875261 0.981591 0.936329 0.919356 0.765091 0.885255 0.769848 0.856606
0.810081 0.809465 0.558271 0.608692 0.786796 0.961319 0.624765 0.882047 0.681918 0.917350 0.879049 0.895731 0.567273 0.548915 0.530878 0.492359 0.619209 0.782492 0.835270 0.804224 0.976069 0.872768 0.329947 0.000000 0.447527 0.691242 0.624120 0.906195 0.851912 0.787827 0.736514 0.830029 0.799593 0.992457 0.678742 0.762380 0.965000 0.758055 0.817906 0.972928 0.868436 0.913952 0.744469 0.824973 0.741998 0.938175 0.959959 0.886670 0.980388 0.876473 0.898192 0.763947 0.660454 0.655091 0.972363 0.844630 0.873019 0.742036 0.717313 0.663079 0.898744 0.891194 0.756424 0.742891 0.362474 0.683912 0.569120 0.936259 0.788893 0.885509 0.907787 0.946871 0.797205 0.788101 0.869591 0.939290 0.826055 0.725854 0.938831 0.875427 0.756319 0.912662 0.720488 0.961051 0.507866 0.425541 0.778656 0.693039 0.673319 0.621130 0.774726 0.776852 0.784795 0.700043 0.976115 0.724387 0.894574 0.967550 0.949508 0.695772 0.975091 0.756035 0.670343 0.762996 0.718693 0.759817 0.956722 0.978802 0.924773 0.991470 0.887391 0.992351 0.912366 0.869347 0.825865 0.868897
0.653497 0.730192 0.405338 0.449953 0.953999 0.841439 0.527437 0.667468 0.674070 0.944734 0.638400 0.740292 0.654417 0.751282 0.692291 0.564775 0.459177 0.561585 0.990871 0.944317 0.995322 0.994064 0.440884 0.447527 0.000000 0.460352 0.767724 0.871404 0.637339 0.524137 0.660941 0.780713 0.798913 0.911358 0.763376 0.857710 0.852814 0.862312 0.746886 0.798634 0.787733 0.833796 0.641406 0.799732 0.846967 0.987877 0.953000 0.994976 0.917825 0.980475 0.997232 0.856658 0.727045 0.738674 0.989861 0.913625 0.711523 0.541244 0.564999 0.531105 0.726675 0.871887 0.494862 0.520362 0.331141 0.574180 0.579555 0.951838 0.690500 0.725227 0.766001 0.834767 0.834494 0.828588 0.976349 0.970511 0.697994 0.630959 0.775672 0.881106 0.589916 0.678991 0.994372 0.832739 0.705119 0.595696 0.788166 0.945286 0.808259 0.782647 0.615869 0.592843 0.549649 0.521234 0.920650 0.741871 0.994852 0.955465 0.835506 0.620979 0.838960 0.718208 0.803862 0.636585 0.644837 0.910622 0.820333 0.974487 0.957886 0.985466 0.954306 0.926534 0.892749 0.992944 0.949599 0.810983
0.689401 0.712267 0.486474 0.477276 0.896858 0.760763 0.664053 0.647888 0.538571 0.791239 0.655491 0.784235 0.826225 0.908247 0.844899 0.663624 0.488339 0.506773 0.972914 0.996117 0.900564 0.922154 0.629103 0.691242 0.460352 0.000000 0.854369 0.853885 0.719768 0.574624 0.675969 0.707447 0.880399 0.906966 0.738577 0.920745 0.764075 0.909934 0.724171 0.731889 0.700330 0.808847 0.604208 0.801664 0.833942 0.986242 0.956794 0.919539 0.986217 0.916680 0.939753 0.844039 0.737347 0.639877 0.996119 0.943012 0.617508 0.534980 0.637120 0.605950 0.695153 0.916027 0.461702 0.498891 0.524662 0.670447 0.609634 0.917094 0.763859 0.777956 0.684389 0.749602 0.960683 0.945930 0.944137 0.978809 0.566727 0.622296 0.810073 0.824582 0.618342 0.631129 0.902422 0.757008 0.925329 0.804787 0.983586 0.882815 0.989559 0.856029 0.641550 0.561898 0.573884 0.527541 0.892197 0.812898 0.918306 0.819674 0.754441 0.640403 0.861197 0.733710 0.921892 0.853049 0.721610 0.912095 0.832642 0.850726 0.974996 0.987148 0.982900 0.969533 0.784254 0.892680 0.938260 0.754023
0.892964 0.855597 0.956980 0.865821 0.913699 0.771846 0.927093 0.805488 0.932214 0.801936 0.889630 0.716523 0.968774 0.886355 0.732292 0.939451 0.761335 0.925246 0.905138 0.948344 0.989720 0.995637 0.637155 0.624120 0.767724 0.854369 0.000000 0.907047 0.911521 0.857312 0.967380 0.937693 0.883373 0.797951 0.840601 0.756657 0.918698 0.923954 0.938608 0.893066 0.981299 0.865148 0.951005 0.962709 0.847290 0.899497 0.911205 0.894447 0.923994 0.894286 0.966277 0.897358 0.734794 0.773527 0.952508 0.957263 0.911269 0.894033 0.809123 0.788629 0.765794 0.700192 0.899273 0.844461 0.668053 0.993055 0.956619 0.802053 0.928543 0.990977 0.848172 0.695092 0.753369 0.630591 0.889188 0.882170 0.996504 0.931597 0.798311 0.842883 0.885379 0.950485 0.732077 0.938003 0.720560 0.682136 0.804569 0.813919 0.868819 0.713021 0.950700 0.993743 0.938701 0.969446 0.948673 0.801904 0.709606 0.927682 0.821620 0.957810 0.825135 0.985587 0.723989 0.846113 0.920719 0.919348 0.875674 0.898707 0.932658 0.997399 0.958218 0.999227 0.912326 0.879611 0.908805 0.918871
0.839844 0.767479 0.955933 0.988886 0.973296 0.942351 0.939327 0.906299 0.893864 0.705177 0.964061 0.992343 0.950295 0.935872 0.855689 0.956719 0.917707 0.850410 0.976596 0.958399 0.915643 0.879318 0.819703 0.906195 0.871404 0.853885 0.907047 0.000000 0.892673 0.967506 0.960820 0.946879 0.803019 0.974789 0.796877 0.829671 0.962604 0.942819 0.910811 0.850777 0.964248 0.842695 0.842181 0.829553 0.809242 0.857138 0.917818 0.783671 0.802940 0.794160 0.850611 0.729249 0.774431 0.970707 0.794663 0.985969 0.859833 0.791255 0.874336 0.935602 0.943716 0.857388 0.920608 0.853861 0.832035 0.992311 0.816467 0.857440 0.951567 0.903462 0.799117 0.791427 0.877088 0.882873 0.853219 0.832704 0.884918 0.913804 0.911898 0.905567 0.859682 0.855911 0.774561 0.803338 0.670453 0.704080 0.863488 0.813949 0.960472 0.757457 0.875399 0.886622 0.929266 0.997810 0.879965 0.925181 0.821701 0.910162 0.948385 0.982763 0.973899 0.990484 0.918908 0.950785 0.825664 0.954928 0.926517 0.898440 0.880542 0.941705 0.812791 0.961022 0.929028 0.978928 0.986950 0.961512
0.550437 0.565702 0.682284 0.618378 0.954050 0.959100 0.854503 0.761033 0.717728 0.760894 0.494753 0.539918 0.921011 0.843983 0.835446 0.939637 0.526469 0.468050 0.754002 0.858291 0.981533 0.903207 0.833401 0.851912 0.637339 0.719768 0.911521 0.892673 0.000000 0.432080 0.949272 0.978627 0.727591 0.628875 0.979781 0.934652 0.811060 0.924736 0.876262 0.914018 0.803909 0.704772 0.784685 0.918769 0.931261 0.847082 0.851572 0.896812 0.826427 0.888459 0.887407 0.961915 0.961038 0.796763 0.728673 0.972049 0.631933 0.566340 0.645262 0.653911 0.571159 0.897158 0.457092 0.472553 0.692379 0.739555 0.982606 0.877358 0.706373 0.754827 0.661129 0.752525 0.851487 0.965193 0.908888 0.924082 0.730652 0.856527 0.735206 0.789434 0.501990 0.541899 0.687402 0.527259 0.920175 0.965208 0.994677 0.855854 0.962446 0.905876 0.624219 0.578213 0.684662 0.628769 0.901079 0.751571 0.994596 0.732442 0.861155 0.707545 0.828894 0.771770 0.986202 0.818417 0.871802 0.969837 0.730006 0.954134 0.861810 0.964290 0.779234 0.982495 0.851920 0.996513 0.936356 0.703895
0.557261 0.592582 0.684562 0.682806 0.912004 0.922118 0.879877 0.841570 0.739976 0.865209 0.437144 0.613328 0.948105 0.947605 0.961597 0.883215 0.393414 0.389746 0.684034 0.802385 0.939647 0.912007 0.753624 0.787827 0.524137 0.574624 0.857312 0.967506 0.432080 0.000000 0.999646 0.955485 0.832091 0.615213 0.867867 0.985502 0.864083 0.981201 0.862215 0.901287 0.776649 0.713221 0.725201 0.971727 0.953161 0.856997 0.805543 0.938561 0.913086 0.926668 0.887230 0.997558 0.903212 0.780056 0.792981 0.915889 0.585339 0.528225 0.609594 0.604697 0.533079 0.914546 0.384905 0.435963 0.576502 0.695164 0.960995 0.876825 0.617178 0.673217 0.763809 0.791611 0.797145 0.874782 0.900613 0.990959 0.782319 0.896825 0.647708 0.695212 0.459397 0.489983 0.758753 0.544226 0.976617 0.974780 0.884912 0.806737 0.991782 0.983645 0.667634 0.595564 0.637623 0.572816 0.847646 0.864829 0.914038 0.901452 0.855658 0.718990 0.756956 0.884735 0.927646 0.724545 0.817992 0.939338 0.718553 0.976699 0.911088 0.819757 0.885344 0.995121 0.857156 0.947850 0.861388 0.752339
0.964574 0.927936 0.592720 0.632626 0.870268 0.846201 0.593875 0.739293 0.566159 0.917065 0.991596 0.973658 0.678903 0.824258 0.764598 0.573937 0.783173 0.848941 0.729181 0.986512 0.778265 0.908369 0.685774 0.736514 0.660941 0.675969 0.967380 0.960820 0.949272 0.999646 0.000000 0.620083 0.617857 0.675039 0.963827 0.779675 0.709112 0.694848 0.782426 0.714747 0.955182 0.980432 0.598967 0.665165 0.612373 0.733583 0.874327 0.886954 0.829848 0.790877 0.678284 0.696260 0.645448 0.646858 0.886068 0.736353 0.931966 0.772021 0.855067 0.783935 0.979229 0.968250 0.814162 0.809530 0.696832 0.885836 0.521028 0.776343 0.959900 0.992018 0.707641 0.904866 0.956317 0.951760 0.818147 0.866773 0.631992 0.706201 0.808321 0.867937 0.959059 0.956643 0.892887 0.974056 0.831208 0.729388 0.979347 0.903609 0.857846 0.878463 0.794426 0.718531 0.718779 0.687238 0.906673 0.793756 0.866595 0.875586 0.726324 0.733592 0.961841 0.649708 0.973643 0.969512 0.813343 0.891781 0.902690 0.912411 0.947861 0.986668 0.993302 0.876256 0.831035 0.882642 0.735787 0.808831
0.984398 0.996805 0.662164 0.638492 0.819021 0.878971 0.546417 0.601540 0.758440 0.895715 0.956102 0.977066 0.753635 0.852327 0.851262 0.660602 0.855616 0.850448 0.754185 0.894498 0.950238 0.975610 0.801974 0.830029 0.780713 0.707447 0.937693 0.946879 0.978627 0.955485 0.620083 0.000000 0.676758 0.792912 0.987242 0.899934 0.933301 0.860946 0.874004 0.836606 0.988013 0.979565 0.668429 0.703905 0.803696 0.835551 0.809606 0.910056 0.913758 0.799609 0.795895 0.790720 0.777785 0.807487 0.860035 0.855250 0.995671 0.831384 0.937329 0.917929 0.968082 0.965154 0.885068 0.845418 0.796150 0.879626 0.743081 0.858173 0.897593 0.942099 0.871234 0.838148 0.842158 0.903892 0.979838 0.852410 0.741873 0.779416 0.845721 0.880071 0.967523 0.948111 0.998339 0.985746 0.947138 0.823528 0.819305 0.969422 0.983881 0.963976 0.816811 0.759306 0.741229 0.818563 0.830197 0.959393 0.857983 0.911279 0.857307 0.759936 0.977499 0.789455 0.887961 0.995910 0.760565 0.789101 0.954386 0.883087 0.914106 0.907155 0.927735 0.931607 0.838648 0.983580 0.690663 0.944920
0.745591 0.715789 0.775550 0.915405 0.972696 0.764769 0.658171 0.855732 0.937093 0.849978 0.705299 0.628960 0.499423 0.558559 0.595948 0.565353 0.921272 0.828782 0.692084 0.843366 0.886670 0.991973 0.683540 0.799593 0.798913 0.880399 0.883373 0.803019 0.727591 0.832091 0.617857 0.676758 0.000000 0.573940 0.796799 0.866465 0.907670 0.759400 0.932306 0.721119 0.862180 0.867112 0.705965 0.725060 0.668141 0.747091 0.664580 0.803126 0.836121 0.828709 0.683740 0.659370 0.737818 0.907953 0.820096 0.714931 0.768917 0.864603 0.803236 0.908226 0.581470 0.674679 0.857666 0.810401 0.733714 0.703446 0.586729 0.566280 0.909920 0.872863 0.998301 0.947333 0.891063 0.848390 0.949073 0.833760 0.920926 0.768659 0.767346 0.796739 0.791015 0.745211 0.719805 0.654534 0.608226 0.625094 0.946321 0.906894 0.953082 0.795722 0.980966 0.994022 0.904665 0.966345 0.916070 0.927865 0.801125 0.941988 0.808587 0.775982 0.762835 0.878602 0.901200 0.945160 0.623755 0.793363 0.922313 0.866725 0.995867 0.850147 0.954922 0.937198 0.931360 0.919092 0.676322 0.954188
0.603401 0.669028 0.936722 0.967320 0.871271 0.834131 0.773894 0.856390 0.944776 0.967750 0.642659 0.645011 0.657543 0.803557 0.811696 0.808513 0.707093 0.696873 0.502324 0.850301 0.849463 0.995332 0.995301 0.992457 0.911358 0.906966 0.797951 0.974789 0.628875 0.615213 0.675039 0.792912 0.573940 0.000000 0.953277 0.930167 0.974381 0.794487 0.990470 0.881419 0.918675 0.780219 0.890396 0.834988 0.758102 0.781393 0.675994 0.844152 0.858615 0.920943 0.745304 0.819119 0.836894 0.973687 0.757906 0.869678 0.685224 0.775956 0.723602 0.767137 0.499222 0.687997 0.700449 0.687649 0.933189 0.957221 0.737382 0.635934 0.705746 0.871198 0.959080 0.964343 0.767880 0.802027 0.761573 0.951145 0.920934 0.865575 0.673421 0.637406 0.619070 0.655821 0.877645 0.688776 0.860409 0.851192 0.972981 0.990841 0.918150 0.966255 0.959073 0.941327 0.988607 0.844233 0.887174 0.954139 0.767301 0.957944 0.823699 0.991933 0.988860 0.843478 0.893306 0.866341 0.946102 0.812655 0.922363 0.904738 0.915001 0.908168 0.959102 0.935232 0.955635 0.796226 0.778996 0.869013
0.968817 0.990293 0.891384 0.998762 0.877636 0.896897 0.985514 0.798833 0.832689 0.851135 0.850495 0.990739 0.732315 0.664696 0.607297 0.708629 0.830938 0.910403 0.993896 0.977058 0.961312 0.880319 0.562920 0.678742 0.763376 0.738577 0.840601 0.796877 0.979781 0.867867 0.963827 0.987242 0.796799 0.953277 0.000000 0.845977 0.854656 0.976486 0.755726 0.922944 0.923605 0.899057 0.712675 0.819315 0.654258 0.754082 0.846358 0.882081 0.750895 0.756863 0.789308 0.670580 0.762647 0.720035 0.980298 0.838309 0.983359 0.987011 0.991094 0.915097 0.952495 0.985288 0.929142 0.950821 0.619875 0.809737 0.738880 0.867566 0.967276 0.982657 0.890112 0.845012 0.896054 0.973424 0.879789 0.818840 0.867221 0.699572 0.997454 0.993531 0.933571 0.899335 0.801122 0.994769 0.621843 0.678512 0.823387 0.893846 0.869751 0.753512 0.965092 0.973930 0.965370 0.999463 0.900732 0.853895 0.884170 0.968269 0.877735 0.705568 0.998696 0.948655 0.959689 0.980229 0.760666 0.940445 0.934586 0.931792 0.861198 0.902886 0.980369 0.834836 0.872173 0.953506 0.845019 0.879977
0.992598 0.983224 0.865820 0.860190 0.923702 0.964902 0.937853 0.979418 0.811401 0.938132 0.923585 0.980658 0.809033 0.781960 0.815413 0.772640 0.884065 0.945762 0.813670 0.884309 0.969534 0.976259 0.711660 0.762380 0.857710 0.920745 0.756657 0.829671 0.934652 0.985502 0.779675 0.899934 0.866465 0.930167 0.845977 0.000000 0.891964 0.996218 0.826235 0.974342 0.982356 0.893307 0.842229 0.901459 0.793112 0.908994 0.970206 0.924745 0.924988 0.902388 0.969971 0.829913 0.784511 0.890585 0.904859 0.957815 0.992511 0.948064 0.996862 0.910297 0.998970 0.982491 0.930106 0.932429 0.767725 0.898461 0.893357 0.848950 0.875971 0.926620 0.967653 0.781164 0.894348 0.978229 0.880299 0.893066 0.924137 0.969293 0.911761 0.984572 0.922612 0.951595 0.808029 0.939742 0.789400 0.789263 0.907462 0.965955 0.897419 0.870933 0.929050 0.901458 0.909338 0.893598 0.915019 0.731164 0.980169 0.987364 0.945216 0.856251 0.940020 0.724131 0.888002 0.903734 0.857752 0.803141 0.965767 0.978551 0.928324 0.967646 0.885990 0.923314 0.930619 0.929993 0.670056 0.973177
0.947675 0.985038 0.836139 0.803362 0.881381 0.963121 0.949448 0.944424 0.853864 0.932319 0.950401 0.979078 0.954533 0.957777 0.932317 0.925659 0.908986 0.966800 0.935442 0.971595 0.812784 0.746619 0.878667 0.965000 0.852814 0.764075 0.918698 0.962604 0.811060 0.864083 0.709112 0.933301 0.907670 0.974381 0.854656 0.891964 0.000000 0.864913 0.806907 0.716259 0.906630 0.937430 0.677892 0.656828 0.735964 0.744200 0.815492 0.810593 0.750504 0.786869 0.740589 0.779368 0.796469 0.812741 0.778702 0.771078 0.917880 0.979184 0.989465 0.948762 0.884944 0.934863 0.922307 0.945947 0.899459 0.979839 0.825384 0.846566 0.932891 0.867160 0.969700 0.950483 0.958647 0.995892 0.981905 0.926039 0.820371 0.876312 0.914573 0.794703 0.983280 0.928801 0.948008 0.975094 0.904357 0.900114 0.928178 0.963101 0.959389 0.833792 0.964296 0.999367 0.969652 0.979483 0.841505 0.912335 0.946798 0.877067 0.879027 0.882261 0.956558 0.987764 0.939584 0.998621 0.945839 0.965122 0.965483 0.944077 0.970412 0.947299 0.963089 0.922144 0.936859 0.929923 0.865560 0.801355
0.805578 0.968648 0.820031 0.893066 0.841664 0.955822 0.896132 0.943266 0.863645 0.999891 0.863385 0.913352 0.814522 0.800132 0.895911 0.768380 0.971445 0.971016 0.900364 0.818776 0.794416 0.934966 0.856422 0.758055 0.862312 0.909934 0.923954 0.942819 0.924736 0.981201 0.694848 0.860946 0.759400 0.794487 0.976486 0.996218 0.864913 0.000000 0.992202 0.681351 0.914569 0.933249 0.790293 0.714147 0.753835 0.714815 0.896271 0.845035 0.767637 0.800593 0.716516 0.720101 0.711033 0.778642 0.884001 0.720844 0.843417 0.987535 0.992967 0.996238 0.957265 0.908153 0.987284 0.991650 0.856720 0.944816 0.821230 0.891894 0.854599 0.793042 0.918983 0.994582 0.998548 0.936136 0.836835 0.787653 0.895864 0.824234 0.913138 0.960996 0.886201 0.871678 0.804112 0.799366 0.844386 0.800117 0.959903 0.904152 0.727423 0.765134 0.929140 0.987827 0.962985 0.980568 0.972246 0.845034 0.920947 0.825717 0.987011 0.947374 0.829085 0.889069 0.947507 0.914690 0.932789 0.937500 0.967337 0.986379 0.896857 0.856716 0.906774 0.953361 0.973704 0.994152 0.978895 0.874298
