0.000000 0.224102 0.371232 0.430898 0.875396 0.685650 0.396645 0.383497 0.754054 0.684692 0.340516 0.240581 0.287515 0.465519 0.454575 0.417172 0.258143 0.217773 0.317836 0.294308 0.625856 0.768352 0.439776 0.502518 0.548162 0.520524 0.959595 0.837210 0.270951 0.243673 0.338397 0.480962 0.313265 0.294736 0.632770 0.823283 0.545941 0.658342 0.741635 0.776691 0.945614 0.822585 0.443916 0.373072 0.408589 0.336312 0.364953 0.317393 0.681024 0.455003 0.432904 0.502363 0.545591 0.628333 0.588976 0.736372 0.339215 0.317067 0.322638 0.285389 0.210470 0.326587 0.206175 0.253587 0.377402 0.345786 0.369615 0.291000 0.393643 0.310764 0.493652 0.500549 0.396510 0.385340 0.710236 0.648852 0.531688 0.500830 0.415466 0.369303 0.224183 0.239652 0.368964 0.440433 0.384802 0.341697 0.982241 0.843228 0.772639 0.591049 0.817828 0.913541 0.793233 0.909317 0.524553 0.661041 0.501936 0.745650 0.536065 0.536069 0.731740 0.645088 0.574219 0.613429 0.490190 0.565080 0.938133 0.833925 0.830462 0.767113 0.869082 0.604594 0.605856 0.663493 0.576962 0.893336
0.224102 0.000000 0.521047 0.534367 0.775978 0.830851 0.509773 0.423685 0.781634 0.714699 0.427335 0.288460 0.459862 0.559138 0.586737 0.508517 0.192733 0.239556 0.387591 0.358407 0.670258 0.775316 0.543245 0.672810 0.686969 0.660195 0.829199 0.873264 0.282109 0.291638 0.423851 0.602741 0.384632 0.371703 0.725091 0.654277 0.627362 0.578975 0.782529 0.829838 0.986995 0.636969 0.459050 0.415541 0.400822 0.383166 0.406819 0.372609 0.569800 0.447141 0.399458 0.481695 0.582516 0.605297 0.686663 0.820961 0.221278 0.187446 0.311131 0.305084 0.306057 0.345917 0.198640 0.154465 0.537123 0.478898 0.423738 0.330617 0.435698 0.261920 0.486509 0.471784 0.457398 0.432853 0.825391 0.660029 0.588655 0.403058 0.441676 0.530506 0.242136 0.389310 0.378602 0.449251 0.514615 0.508925 0.933058 0.952637 0.833940 0.652206 0.826538 0.911006 0.772328 0.944407 0.531298 0.715719 0.572253 0.618137 0.523747 0.508680 0.791626 0.728967 0.526509 0.577354 0.445497 0.514314 0.817291 0.743891 0.896947 0.790038 0.740742 0.543992 0.657839 0.684786 0.558663 0.898201
0.371232 0.521047 0.000000 0.170670 0.850085 0.542108 0.162646 0.220566 0.428869 0.409009 0.378711 0.357954 0.264115 0.537880 0.424281 0.390951 0.526636 0.389675 0.309728 0.382969 0.685352 0.694238 0.306931 0.345687 0.581589 0.339597 0.961838 0.971787 0.497409 0.377130 0.290453 0.369960 0.267347 0.280501 0.639270 0.821953 0.616711 0.837762 0.572545 0.734997 0.824248 0.968386 0.284528 0.280038 0.291962 0.294252 0.288151 0.332000 0.580482 0.403575 0.420068 0.397625 0.451121 0.537167 0.578149 0.585509 0.674747 0.676626 0.381105 0.421010 0.246761 0.342227 0.487647 0.537068 0.235979 0.211036 0.252029 0.256171 0.620516 0.547514 0.407958 0.460243 0.465295 0.421983 0.764446 0.660696 0.470805 0.585761 0.449222 0.362211 0.437338 0.343821 0.613577 0.628383 0.473737 0.361443 0.951157 0.869278 0.715271 0.589445 0.538825 0.646738 0.597116 0.642060 0.485601 0.586623 0.312449 0.683380 0.385889 0.351268 0.625580 0.490921 0.568022 0.521091 0.389571 0.485839 0.815586 0.760619 0.810361 0.837078 0.773835 0.471833 0.419025 0.681675 0.525461 0.840476
0.430898 0.534367 0.170670 0.000000 0.777566 0.564399 0.197085 0.172428 0.423008 0.404753 0.456951 0.387473 0.307677 0.472190 0.423916 0.357145 0.567944 0.436926 0.315077 0.406453 0.604349 0.689577 0.307046 0.327057 0.690513 0.388792 0.966923 0.968582 0.470955 0.411992 0.322373 0.400539 0.271637 0.279829 0.698649 0.767957 0.629471 0.906778 0.706852 0.831743 0.842724 0.873320 0.284724 0.304202 0.335072 0.342558 0.325242 0.381293 0.610753 0.431718 0.464739 0.410438 0.507236 0.529836 0.657777 0.639926 0.687998 0.687747 0.376507 0.451858 0.304215 0.337888 0.525933 0.557028 0.274857 0.203115 0.277970 0.295816 0.728094 0.568010 0.379407 0.420190 0.522866 0.449966 0.766508 0.636499 0.445566 0.529580 0.472891 0.460059 0.500951 0.387881 0.641979 0.579046 0.518071 0.356181 0.994518 0.872135 0.707105 0.564820 0.460929 0.554845 0.505909 0.569149 0.541237 0.555379 0.369382 0.606079 0.356503 0.304984 0.547282 0.538576 0.563750 0.468922 0.392296 0.531408 0.838508 0.751074 0.834502 0.840759 0.813201 0.420118 0.391726 0.569914 0.494432 0.802317
0.875396 0.775978 0.850085 0.777566 0.000000 0.757125 0.735147 0.693795 0.814651 0.927418 0.922812 0.839696 0.771548 0.955153 0.881807 0.796082 0.815795 0.871688 0.822994 0.946360 0.818314 0.814487 0.740109 0.822595 0.955293 0.964338 0.778221 0.876120 0.841088 0.834213 0.821522 0.983365 0.797357 0.803992 0.839756 0.819464 0.988052 0.993300 0.982538 0.795630 0.984076 0.946306 0.797984 0.800711 0.687808 0.722618 0.816532 0.787820 0.748060 0.665301 0.733670 0.718825 0.783380 0.629048 0.854400 0.798660 0.886575 0.825732 0.725635 0.740082 0.675768 0.690246 0.709177 0.748045 0.815099 0.730858 0.691639 0.721141 0.893658 0.849301 0.653806 0.697649 0.836230 0.842680 0.959856 0.870279 0.838774 0.896053 0.853316 0.986508 0.670505 0.731133 0.814607 0.845938 0.783986 0.778998 0.914182 0.975510 0.864254 0.885052 0.746878 0.786077 0.732052 0.866611 0.807391 0.908785 0.817595 0.697788 0.780649 0.699131 0.861130 0.887393 0.871033 0.805023 0.773096 0.835366 0.782428 0.856012 0.666297 0.923049 0.920039 0.682085 0.735380 0.789788 0.926192 0.969680
0.685650 0.830851 0.542108 0.564399 0.757125 0.000000 0.486333 0.570655 0.477348 0.647692 0.709821 0.659567 0.555215 0.816600 0.687346 0.547037 0.889871 0.824926 0.691499 0.776205 0.787477 0.839910 0.565412 0.648176 0.819847 0.612951 0.909509 0.692667 0.859464 0.816964 0.603052 0.743524 0.636088 0.590540 0.535400 0.890502 0.947519 0.848296 0.943329 0.990003 0.981831 0.910626 0.614790 0.606350 0.585093 0.607525 0.691945 0.650132 0.926487 0.642248 0.662581 0.582132 0.587453 0.623158 0.795295 0.755134 0.945116 0.980673 0.713436 0.654788 0.581134 0.626382 0.745476 0.820190 0.631269 0.569188 0.520257 0.582013 0.850919 0.730355 0.633781 0.547773 0.704311 0.689303 0.744967 0.765593 0.663757 0.828284 0.742920 0.596889 0.689969 0.631566 0.922733 0.824512 0.684459 0.588936 0.990921 0.823030 0.913961 0.726262 0.547542 0.689379 0.554241 0.623404 0.629222 0.633017 0.575003 0.931997 0.605710 0.626161 0.733474 0.640850 0.817307 0.669997 0.561619 0.758606 0.806803 0.790444 0.830876 0.983926 0.914727 0.744738 0.601050 0.728875 0.607301 0.918431
0.396645 0.509773 0.162646 0.197085 0.735147 0.486333 0.000000 0.166953 0.349867 0.317864 0.420010 0.433264 0.352242 0.675790 0.543804 0.453846 0.467050 0.365741 0.275617 0.395396 0.714294 0.665813 0.335530 0.469294 0.700833 0.426533 0.989764 0.931534 0.514455 0.410198 0.330352 0.435105 0.243239 0.231171 0.641074 0.689231 0.677028 0.852779 0.783126 0.782446 0.861935 0.882573 0.184741 0.182540 0.189737 0.198700 0.266166 0.281178 0.493981 0.327362 0.325869 0.314139 0.384376 0.424480 0.602048 0.575093 0.589527 0.601843 0.310409 0.405395 0.274024 0.386478 0.426849 0.496761 0.315262 0.257344 0.150186 0.211670 0.678330 0.529206 0.309341 0.324543 0.526488 0.396868 0.783070 0.613017 0.369603 0.541868 0.420438 0.388650 0.404354 0.353418 0.656914 0.640759 0.514049 0.436460 0.965147 0.902935 0.734904 0.703737 0.367622 0.444612 0.420588 0.453605 0.468872 0.546045 0.298654 0.623728 0.258743 0.240139 0.503284 0.399319 0.481095 0.408868 0.330225 0.416200 0.731213 0.667169 0.768861 0.859210 0.734851 0.375002 0.316492 0.581328 0.426033 0.805126
0.383497 0.423685 0.220566 0.172428 0.693795 0.570655 0.166953 0.000000 0.377142 0.270494 0.413031 0.352599 0.340095 0.552234 0.495455 0.403872 0.428844 0.355220 0.286388 0.334057 0.703882 0.656043 0.343174 0.448470 0.793356 0.506248 0.906042 0.936391 0.461825 0.395385 0.374446 0.460866 0.258462 0.253743 0.738840 0.691442 0.727090 0.836694 0.847436 0.888155 0.859763 0.783040 0.227091 0.251006 0.261378 0.261358 0.323830 0.329306 0.474143 0.327196 0.360744 0.332755 0.450083 0.441595 0.682413 0.676547 0.524751 0.509156 0.253373 0.354707 0.279199 0.295283 0.409017 0.420644 0.348960 0.249715 0.220281 0.256511 0.726892 0.463816 0.332661 0.359665 0.580504 0.457450 0.810048 0.592704 0.438046 0.475887 0.412405 0.510251 0.418294 0.406752 0.649429 0.628499 0.563981 0.442901 0.970562 0.903859 0.757216 0.646841 0.387236 0.462068 0.401594 0.508303 0.464419 0.538021 0.356581 0.532040 0.251967 0.215958 0.472925 0.480614 0.435954 0.403757 0.332177 0.402580 0.727907 0.676797 0.802074 0.813624 0.780014 0.336815 0.322543 0.572258 0.461388 0.774660
0.754054 0.781634 0.428869 0.423008 0.814651 0.477348 0.349867 0.377142 0.000000 0.360502 0.766808 0.743501 0.654214 0.861835 0.770939 0.652830 0.780675 0.761061 0.645371 0.710175 0.865756 0.784382 0.551556 0.627003 0.999639 0.643972 0.957915 0.978544 0.881804 0.811740 0.620129 0.636693 0.588661 0.543905 0.756989 0.718720 0.958283 0.963013 0.953137 0.875437 0.739018 0.861036 0.415412 0.481476 0.454067 0.505019 0.551881 0.589748 0.654421 0.518124 0.499939 0.476933 0.481331 0.484802 0.803141 0.704864 0.895432 0.917848 0.524890 0.663903 0.605402 0.658662 0.766192 0.800133 0.618542 0.519821 0.406755 0.550563 0.919808 0.744960 0.466193 0.508065 0.828301 0.700090 0.891702 0.778555 0.623754 0.677916 0.691368 0.649765 0.725286 0.717378 0.882198 0.874035 0.811107 0.697052 0.837154 0.821555 0.728880 0.821048 0.304017 0.392115 0.326597 0.366835 0.587292 0.743302 0.451384 0.648275 0.389243 0.411392 0.503454 0.484623 0.644091 0.521104 0.510864 0.588444 0.628136 0.657277 0.979922 0.934960 0.798929 0.470481 0.442755 0.837251 0.572901 0.791363
0.684692 0.714699 0.409009 0.404753 0.927418 0.647692 0.317864 0.270494 0.360502 0.000000 0.644064 0.646044 0.656850 0.844843 0.767975 0.696948 0.625630 0.620595 0.529701 0.519700 0.941178 0.833890 0.553285 0.721279 0.996775 0.688792 0.975658 0.917409 0.752872 0.662787 0.571601 0.555940 0.470108 0.455190 0.829608 0.623183 0.885855 0.852614 0.956481 0.988274 0.747385 0.766429 0.317022 0.354088 0.357580 0.396685 0.508654 0.486914 0.432755 0.428779 0.478184 0.437973 0.506259 0.577613 0.870915 0.809212 0.699875 0.734524 0.422732 0.562032 0.622609 0.581304 0.696642 0.692778 0.635079 0.533622 0.372795 0.488088 0.985630 0.654039 0.458271 0.449669 0.857314 0.630176 0.795414 0.710822 0.513430 0.563305 0.539842 0.654185 0.718064 0.751402 0.936761 0.902329 0.908315 0.811640 0.901724 0.982615 0.903191 0.846358 0.369417 0.385473 0.423654 0.448367 0.593481 0.509597 0.400089 0.666381 0.239275 0.262323 0.444233 0.421636 0.452093 0.448766 0.515842 0.430339 0.650695 0.580673 0.883382 0.933845 0.693599 0.438897 0.371293 0.775057 0.520818 0.668026
0.340516 0.427335 0.378711 0.456951 0.922812 0.709821 0.420010 0.413031 0.766808 0.644064 0.000000 0.386231 0.453909 0.625914 0.673419 0.645942 0.429269 0.273500 0.281384 0.252713 0.756046 0.775069 0.697259 0.651744 0.756688 0.612469 0.932955 0.836263 0.415729 0.336423 0.519622 0.541854 0.464534 0.422911 0.886834 0.921547 0.765661 0.875715 0.790531 0.771040 0.959872 0.985387 0.548589 0.487840 0.536044 0.496007 0.515515 0.525915 0.789435 0.627312 0.655530 0.698385 0.706726 0.751984 0.735510 0.883847 0.468039 0.450492 0.550535 0.524649 0.425749 0.551080 0.400318 0.492742 0.599915 0.527479 0.525600 0.427611 0.542110 0.601450 0.676921 0.620141 0.597361 0.516086 0.804907 0.699912 0.610082 0.558471 0.547028 0.425170 0.412618 0.363295 0.626996 0.624031 0.715302 0.597767 0.973970 0.862431 0.925656 0.782629 0.786012 0.847650 0.840176 0.819577 0.645766 0.646968 0.609152 0.936865 0.617442 0.551214 0.751868 0.605426 0.631668 0.546344 0.599805 0.739751 0.980990 0.910513 0.957212 0.888379 0.867292 0.655618 0.617134 0.737752 0.720458 0.987072
0.240581 0.288460 0.357954 0.387473 0.839696 0.659567 0.433264 0.352599 0.743501 0.646044 0.386231 0.000000 0.268966 0.377524 0.340731 0.281858 0.361723 0.285775 0.398225 0.358039 0.596019 0.731791 0.355253 0.407689 0.582149 0.488950 0.979592 0.893488 0.299996 0.264119 0.328506 0.462572 0.320263 0.336342 0.667330 0.880293 0.572256 0.692953 0.725626 0.888173 0.986509 0.888110 0.506679 0.445098 0.452501 0.404839 0.449019 0.355861 0.689360 0.442470 0.466638 0.458258 0.550927 0.571593 0.722577 0.799410 0.487815 0.427518 0.408034 0.320483 0.213595 0.239701 0.291351 0.271868 0.398604 0.317537 0.430482 0.325796 0.554466 0.408270 0.519441 0.483080 0.348483 0.342529 0.701111 0.633436 0.597539 0.438004 0.463054 0.451747 0.347069 0.339030 0.433708 0.510731 0.429442 0.360416 0.951203 0.903888 0.817943 0.563287 0.820131 0.950590 0.778686 0.988726 0.534835 0.647868 0.502409 0.726618 0.582763 0.517395 0.748014 0.676180 0.603369 0.656536 0.392840 0.488993 0.884063 0.852123 0.900427 0.691092 0.864619 0.622740 0.641573 0.637042 0.568752 0.943669
0.287515 0.459862 0.264115 0.307677 0.771548 0.555215 0.352242 0.340095 0.654214 0.656850 0.453909 0.268966 0.000000 0.371385 0.293661 0.273265 0.535442 0.451438 0.402197 0.441665 0.647622 0.779478 0.281614 0.298698 0.555792 0.422649 0.987407 0.952490 0.428101 0.389758 0.366019 0.517980 0.358006 0.414542 0.603375 0.884845 0.625436 0.815767 0.638585 0.825180 0.955104 0.973306 0.444773 0.428352 0.443709 0.392588 0.411172 0.380427 0.753868 0.404610 0.464701 0.444887 0.518735 0.567463 0.547218 0.645017 0.689370 0.619032 0.400103 0.352681 0.195732 0.261456 0.396092 0.462858 0.231294 0.232909 0.381690 0.327699 0.582767 0.506427 0.529678 0.492703 0.387628 0.431508 0.761486 0.599554 0.576106 0.640258 0.513030 0.483472 0.402007 0.304410 0.505518 0.578502 0.349869 0.253571 0.901078 0.767282 0.665304 0.522000 0.724694 0.845676 0.697643 0.868782 0.582508 0.701190 0.474127 0.764609 0.571082 0.522914 0.699969 0.669620 0.694595 0.730008 0.403365 0.569488 0.932608 0.880769 0.682660 0.768294 0.894442 0.600993 0.575377 0.609879 0.583280 0.827675
0.465519 0.559138 0.537880 0.472190 0.955153 0.816600 0.675790 0.552234 0.861835 0.844843 0.625914 0.377524 0.371385 0.000000 0.266417 0.297622 0.693376 0.557788 0.544787 0.539275 0.595993 0.746595 0.429844 0.343760 0.553805 0.520292 0.948229 0.929933 0.449715 0.475248 0.461941 0.577124 0.483393 0.555466 0.817876 0.958926 0.652760 0.846785 0.768438 0.820073 0.945728 0.889641 0.646269 0.646003 0.759007 0.658079 0.581615 0.640061 0.918972 0.745712 0.772540 0.713179 0.789787 0.877458 0.735932 0.907191 0.754208 0.725560 0.598964 0.584070 0.472067 0.456949 0.590168 0.589004 0.426221 0.424019 0.648070 0.595515 0.799150 0.565374 0.705635 0.714052 0.543984 0.594712 0.838129 0.654517 0.657224 0.682130 0.610623 0.608021 0.644132 0.543733 0.508080 0.523917 0.476588 0.355737 0.937516 0.877259 0.827620 0.545682 0.920155 0.965707 0.873748 0.941723 0.673747 0.730250 0.711418 0.768949 0.769954 0.702853 0.799241 0.874011 0.802753 0.900666 0.603828 0.706236 0.923149 0.975822 0.887326 0.784356 0.987694 0.781151 0.761838 0.722458 0.685420 0.993306
0.454575 0.586737 0.424281 0.423916 0.881807 0.687346 0.543804 0.495455 0.770939 0.767975 0.673419 0.340731 0.293661 0.266417 0.000000 0.222659 0.645235 0.578164 0.547259 0.585316 0.651375 0.756767 0.221912 0.266332 0.414782 0.454919 0.958150 0.924498 0.472355 0.456855 0.301533 0.406595 0.374113 0.474864 0.601348 0.998691 0.635055 0.887649 0.704360 0.944714 0.961279 0.974944 0.553381 0.572690 0.608378 0.552153 0.489877 0.518903 0.845218 0.674527 0.707698 0.630314 0.735399 0.822811 0.615055 0.708440 0.830647 0.805353 0.574077 0.563868 0.387686 0.423462 0.553845 0.602182 0.333260 0.374090 0.512090 0.510845 0.753993 0.608662 0.580656 0.648099 0.426214 0.528134 0.728568 0.709718 0.592110 0.683959 0.518374 0.605233 0.530839 0.471879 0.458619 0.569514 0.359318 0.294658 0.878788 0.846720 0.880165 0.592744 0.904462 0.947012 0.882087 0.909571 0.677137 0.779809 0.586326 0.771678 0.732721 0.675485 0.884181 0.862186 0.841998 0.905776 0.463008 0.599308 0.975724 0.994422 0.816295 0.760902 0.923737 0.739455 0.692783 0.733803 0.581368 0.962407
0.417172 0.508517 0.390951 0.357145 0.796082 0.547037 0.453846 0.403872 0.652830 0.696948 0.645942 0.281858 0.273265 0.297622 0.222659 0.000000 0.592252 0.530708 0.488961 0.558795 0.582692 0.688173 0.189803 0.216108 0.472648 0.445155 0.982526 0.892812 0.455503 0.433530 0.302350 0.456244 0.334720 0.415846 0.568542 0.876893 0.654786 0.806451 0.753702 0.924558 0.966725 0.936081 0.432573 0.442702 0.480578 0.422688 0.462360 0.406493 0.726851 0.482565 0.487031 0.420347 0.488185 0.551271 0.662464 0.699335 0.766427 0.717565 0.452321 0.436933 0.310688 0.347236 0.452693 0.480238 0.332890 0.317338 0.394631 0.404168 0.752541 0.521132 0.430549 0.441146 0.381210 0.409254 0.655939 0.625674 0.528063 0.628730 0.490691 0.519210 0.484153 0.459035 0.530362 0.582556 0.385276 0.287858 0.967511 0.942523 0.859240 0.640038 0.694040 0.838052 0.650212 0.893331 0.578404 0.645591 0.485781 0.721953 0.608940 0.543315 0.735417 0.656248 0.710122 0.802050 0.362851 0.528888 0.844368 0.816041 0.805760 0.759549 0.815389 0.643353 0.574808 0.630113 0.512271 0.873096
0.258143 0.192733 0.526636 0.567944 0.815795 0.889871 0.467050 0.428844 0.780675 0.625630 0.429269 0.361723 0.535442 0.693376 0.645235 0.592252 0.000000 0.193080 0.348254 0.356612 0.684159 0.724018 0.564075 0.709664 0.640075 0.658637 0.888150 0.857375 0.292673 0.287749 0.438688 0.499938 0.353928 0.367168 0.815143 0.677829 0.670694 0.645058 0.862424 0.789214 0.940657 0.629230 0.438485 0.396899 0.400853 0.382897 0.419899 0.362550 0.594176 0.503639 0.445449 0.547521 0.611283 0.654564 0.704006 0.864069 0.179794 0.220618 0.323625 0.402664 0.380735 0.475298 0.210084 0.216963 0.590199 0.563734 0.421837 0.367661 0.411265 0.366474 0.491057 0.475971 0.476594 0.443940 0.790104 0.666378 0.538974 0.428787 0.392076 0.509801 0.224031 0.410699 0.441312 0.504722 0.560437 0.587873 0.960132 0.936230 0.903517 0.777334 0.803689 0.876913 0.795021 0.927044 0.587775 0.721335 0.543318 0.625102 0.508620 0.470413 0.837365 0.691710 0.490874 0.480244 0.502333 0.523014 0.854192 0.771660 0.873978 0.687035 0.756490 0.571947 0.621819 0.679995 0.551489 0.913284
0.217773 0.239556 0.389675 0.436926 0.871688 0.824926 0.365741 0.355220 0.761061 0.620595 0.273500 0.285775 0.451438 0.557788 0.578164 0.530708 0.193080 0.000000 0.225352 0.226518 0.671557 0.693388 0.549584 0.641237 0.617762 0.534234 0.958623 0.841528 0.235422 0.196262 0.396545 0.440313 0.294778 0.262241 0.791100 0.843658 0.607377 0.694590 0.777910 0.724575 0.961492 0.722259 0.405156 0.334720 0.404511 0.353479 0.393325 0.354422 0.642754 0.506921 0.464099 0.540790 0.597873 0.635579 0.704564 0.829042 0.232694 0.233658 0.369276 0.412115 0.305744 0.443212 0.197524 0.237593 0.505261 0.454666 0.388353 0.316058 0.447374 0.421664 0.504532 0.507469 0.462334 0.372729 0.752819 0.603404 0.543879 0.437054 0.402031 0.391500 0.259830 0.284889 0.425439 0.466876 0.517610 0.487346 0.973453 0.982500 0.900840 0.708973 0.759500 0.833213 0.779423 0.840198 0.574964 0.641101 0.547815 0.724298 0.470797 0.442052 0.748610 0.603334 0.525172 0.476291 0.473002 0.552235 0.930642 0.813430 0.944675 0.769021 0.840906 0.527486 0.566096 0.635984 0.553044 0.933573
0.317836 0.387591 0.309728 0.315077 0.822994 0.691499 0.275617 0.286388 0.645371 0.529701 0.281384 0.398225 0.402197 0.544787 0.547259 0.488961 0.348254 0.225352 0.000000 0.252931 0.679215 0.622607 0.501339 0.527007 0.627880 0.540038 0.942800 0.888794 0.306628 0.266335 0.378681 0.398267 0.308135 0.266930 0.802185 0.767364 0.637875 0.889325 0.766606 0.775462 0.863103 0.783538 0.325119 0.301256 0.374652 0.344912 0.347625 0.375065 0.613584 0.523709 0.552064 0.583498 0.632715 0.705537 0.730603 0.788313 0.420563 0.452868 0.406544 0.502137 0.376578 0.535260 0.349833 0.460578 0.471807 0.434480 0.360984 0.392257 0.560247 0.488583 0.472901 0.469215 0.558887 0.474467 0.749550 0.571221 0.510005 0.532203 0.494003 0.398395 0.389117 0.355403 0.644353 0.551487 0.612965 0.527249 0.939484 0.957667 0.876352 0.789684 0.633285 0.702143 0.690494 0.688927 0.557830 0.586661 0.508762 0.719477 0.418114 0.371551 0.648111 0.549286 0.542404 0.421116 0.482505 0.642010 0.978104 0.813901 0.828724 0.867450 0.804419 0.479845 0.450957 0.608811 0.539674 0.855356
0.294308 0.358407 0.382969 0.406453 0.946360 0.776205 0.395396 0.334057 0.710175 0.519700 0.252713 0.358039 0.441665 0.539275 0.585316 0.558795 0.356612 0.226518 0.252931 0.000000 0.715295 0.703203 0.583603 0.625370 0.724494 0.598564 0.914696 0.823541 0.332875 0.275961 0.446737 0.416036 0.349054 0.299926 0.795812 0.864112 0.683836 0.774905 0.748910 0.803345 0.873416 0.854046 0.438686 0.374135 0.463850 0.422389 0.416623 0.401962 0.654194 0.556738 0.582172 0.618519 0.658632 0.757308 0.773815 0.833208 0.375215 0.360189 0.432795 0.476184 0.396956 0.484772 0.351401 0.400233 0.542818 0.480408 0.466880 0.430576 0.576130 0.464440 0.642724 0.588304 0.582430 0.488463 0.688705 0.638431 0.597109 0.554424 0.502952 0.444052 0.443820 0.371700 0.569542 0.592038 0.689140 0.572747 0.965889 0.947620 0.851026 0.684481 0.774321 0.832701 0.834870 0.848307 0.629019 0.627230 0.542570 0.764126 0.482167 0.461784 0.649588 0.603048 0.597439 0.493923 0.553560 0.626304 0.979949 0.841315 0.878970 0.854290 0.756738 0.554444 0.568272 0.718677 0.594115 0.853677
0.625856 0.670258 0.685352 0.604349 0.818314 0.787477 0.714294 0.703882 0.865756 0.941178 0.756046 0.596019 0.647622 0.595993 0.651375 0.582692 0.684159 0.671557 0.679215 0.715295 0.000000 0.712530 0.586687 0.592730 0.703273 0.695544 0.896549 0.890728 0.671342 0.651803 0.594503 0.701094 0.632211 0.598204 0.736368 0.904185 0.688671 0.890128 0.773607 0.781324 0.930237 0.943630 0.718044 0.731314 0.724720 0.672020 0.574983 0.665496 0.909127 0.797001 0.797680 0.786588 0.779270 0.888002 0.808277 0.814087 0.765357 0.766194 0.699724 0.664448 0.603243 0.647371 0.620384 0.667071 0.622612 0.588853 0.696973 0.642596 0.792100 0.726236 0.738457 0.723772 0.619693 0.722198 0.781778 0.711226 0.810011 0.719137 0.751538 0.683020 0.663248 0.600156 0.596724 0.557307 0.614521 0.582516 0.927439 0.937976 0.830051 0.712978 0.927653 0.982288 0.861530 0.971925 0.838148 0.718662 0.742443 0.863021 0.836931 0.706233 0.963738 0.954705 0.687909 0.728767 0.771731 0.770198 0.991369 0.937795 0.934087 0.860927 0.962356 0.886981 0.885968 0.783075 0.799193 0.848579
0.768352 0.775316 0.694238 0.689577 0.814487 0.839910 0.665813 0.656043 0.784382 0.833890 0.775069 0.731791 0.779478 0.746595 0.756767 0.688173 0.724018 0.693388 0.622607 0.703203 0.712530 0.000000 0.748986 0.703088 0.874781 0.787426 0.793523 0.714580 0.688351 0.705926 0.697472 0.638266 0.600071 0.667214 0.873999 0.845747 0.997580 0.843968 0.978573 0.901519 0.924866 0.988752 0.708012 0.693441 0.725390 0.724561 0.734846 0.774022 0.902757 0.864103 0.838967 0.815833 0.886946 0.844010 0.907742 0.880015 0.791536 0.782280 0.811981 0.829240 0.738133 0.835874 0.739694 0.774619 0.767936 0.721839 0.675624 0.706634 0.844235 0.783681 0.712427 0.730260 0.804862 0.698788 0.990466 0.907855 0.836224 0.726268 0.900081 0.764919 0.793908 0.773495 0.821957 0.816818 0.865414 0.764337 0.973652 0.971114 0.842109 0.909613 0.742531 0.864469 0.828531 0.847420 0.772194 0.766451 0.806525 0.796244 0.742017 0.672998 0.820028 0.886843 0.848540 0.633083 0.812931 0.792595 0.991071 0.894267 0.963782 0.833069 0.800150 0.813785 0.763265 0.756159 0.889479 0.886145
0.439776 0.543245 0.306931 0.307046 0.740109 0.565412 0.335530 0.343174 0.551556 0.553285 0.697259 0.355253 0.281614 0.429844 0.221912 0.189803 0.564075 0.549584 0.501339 0.583603 0.586687 0.748986 0.000000 0.234632 0.446103 0.395899 0.982130 0.997912 0.510110 0.455865 0.231178 0.400535 0.271301 0.360397 0.491051 0.811250 0.562277 0.836702 0.698287 0.875555 0.975314 0.958366 0.336004 0.363432 0.351364 0.329916 0.345730 0.344464 0.613173 0.425567 0.429156 0.362881 0.439335 0.541724 0.536013 0.596372 0.767478 0.749249 0.382465 0.413450 0.280012 0.326332 0.468672 0.499175 0.239977 0.268719 0.272807 0.317370 0.755043 0.505277 0.345953 0.379670 0.406413 0.410087 0.683333 0.662300 0.412002 0.617554 0.416315 0.523240 0.443058 0.440312 0.476899 0.558585 0.335437 0.285945 0.904572 0.918422 0.758574 0.606495 0.627358 0.775630 0.591822 0.863289 0.524387 0.642680 0.375086 0.636134 0.509530 0.458325 0.752180 0.669266 0.622109 0.742928 0.299427 0.402340 0.733102 0.823781 0.727036 0.788809 0.739784 0.555594 0.526836 0.666518 0.439273 0.816734
0.502518 0.672810 0.345687 0.327057 0.822595 0.648176 0.469294 0.448470 0.627003 0.721279 0.651744 0.407689 0.298698 0.343760 0.266332 0.216108 0.709664 0.641237 0.527007 0.625370 0.592730 0.703088 0.234632 0.000000 0.479877 0.417661 0.976938 0.905381 0.536892 0.493658 0.323918 0.421090 0.423215 0.460482 0.631930 0.951964 0.650897 0.861388 0.687930 0.845512 0.960459 0.936097 0.505614 0.536332 0.562440 0.506919 0.462778 0.508742 0.781537 0.579449 0.601441 0.527260 0.577276 0.640219 0.613350 0.635092 0.918894 0.911823 0.540002 0.557694 0.376454 0.454512 0.592120 0.670015 0.327896 0.318179 0.455528 0.473758 0.829378 0.677939 0.509990 0.562612 0.444588 0.508454 0.770818 0.745667 0.572491 0.706001 0.573579 0.527044 0.544695 0.491132 0.596925 0.634332 0.437068 0.326720 0.847028 0.796796 0.769193 0.666424 0.716995 0.851979 0.718850 0.909949 0.648405 0.788444 0.512191 0.729592 0.697133 0.613182 0.745259 0.774877 0.754070 0.842066 0.496552 0.645496 0.890297 0.872621 0.784327 0.809362 0.846879 0.707569 0.600434 0.713263 0.588400 0.891408
0.548162 0.686969 0.581589 0.690513 0.955293 0.819847 0.700833 0.793356 0.999639 0.996775 0.756688 0.582149 0.555792 0.553805 0.414782 0.472648 0.640075 0.617762 0.627880 0.724494 0.703273 0.874781 0.446103 0.479877 0.000000 0.453653 0.838741 0.917673 0.559087 0.504494 0.399382 0.433164 0.568069 0.632773 0.555135 0.918450 0.572714 0.890870 0.577558 0.795430 0.987601 0.925664 0.682238 0.665414 0.723291 0.684790 0.596838 0.602230 0.939283 0.860400 0.817090 0.798802 0.814077 0.983074 0.575192 0.802647 0.794007 0.830132 0.724332 0.709224 0.560494 0.697307 0.648119 0.680987 0.489606 0.612121 0.645220 0.655007 0.556523 0.649447 0.761968 0.822945 0.404166 0.614163 0.700500 0.876187 0.733308 0.819962 0.647264 0.557178 0.558020 0.595177 0.556403 0.673325 0.448363 0.456545 0.901591 0.983218 0.978946 0.753619 0.857727 0.734658 0.884471 0.770644 0.660026 0.843583 0.644299 0.863844 0.912814 0.891189 0.805628 0.944459 0.934224 0.983153 0.701868 0.796641 0.913266 0.970299 0.846814 0.761264 0.919397 0.857852 0.900786 0.903669 0.714174 0.992831
0.520524 0.660195 0.339597 0.388792 0.964338 0.612951 0.426533 0.506248 0.643972 0.688792 0.612469 0.488950 0.422649 0.520292 0.454919 0.445155 0.658637 0.534234 0.540038 0.598564 0.695544 0.787426 0.395899 0.417661 0.453653 0.000000 0.899005 0.904601 0.582347 0.453894 0.307664 0.400788 0.373538 0.415725 0.606717 0.847961 0.621427 0.915842 0.558740 0.571412 0.918393 0.912722 0.451684 0.396062 0.503649 0.481840 0.486281 0.454585 0.755381 0.560994 0.534041 0.500028 0.528316 0.620785 0.580264 0.659879 0.818086 0.769004 0.543973 0.559677 0.415665 0.509204 0.573791 0.618372 0.350412 0.363376 0.418251 0.395625 0.724453 0.647912 0.577483 0.478920 0.427319 0.396323 0.774334 0.795643 0.526301 0.735105 0.549638 0.415986 0.572575 0.449299 0.585056 0.586963 0.509462 0.382036 0.914311 0.851158 0.730265 0.583404 0.702516 0.870000 0.776040 0.779884 0.565953 0.756781 0.469663 0.691552 0.584129 0.545594 0.794264 0.624482 0.686472 0.649601 0.455674 0.662015 0.835645 0.794072 0.896915 0.741233 0.877088 0.672542 0.546321 0.802155 0.584549 0.887690
0.959595 0.829199 0.961838 0.966923 0.778221 0.909509 0.989764 0.906042 0.957915 0.975658 0.932955 0.979592 0.987407 0.948229 0.958150 0.982526 0.888150 0.958623 0.942800 0.914696 0.896549 0.793523 0.982130 0.976938 0.838741 0.899005 0.000000 0.945188 0.927858 0.877541 0.897899 0.985823 0.945158 0.888679 0.988464 0.776012 0.891578 0.837359 0.997949 0.909838 0.932420 0.922973 0.962981 0.932743 0.908440 0.944942 0.928616 0.951546 0.937007 0.896787 0.880101 0.899078 0.985829 0.860750 0.971920 0.979163 0.812224 0.802445 0.934824 0.930081 0.934958 0.945215 0.871672 0.821633 0.956362 0.973361 0.935755 0.940545 0.963329 0.808320 0.882431 0.931879 0.959351 0.808444 0.902650 0.960067 0.928319 0.897586 0.986765 0.833855 0.893297 0.990933 0.973851 0.902376 0.894547 0.918975 0.857726 0.965326 0.766950 0.977717 0.940412 0.984644 0.979907 0.903221 0.942235 0.913786 0.934351 0.711636 0.903408 0.923148 0.908962 0.841085 0.799874 0.812940 0.967458 0.890070 0.908841 0.954212 0.935496 0.975950 0.945187 0.854585 0.875498 0.988468 0.893470 0.879318
0.837210 0.873264 0.971787 0.968582 0.876120 0.692667 0.931534 0.936391 0.978544 0.917409 0.836263 0.893488 0.952490 0.929933 0.924498 0.892812 0.857375 0.841528 0.888794 0.823541 0.890728 0.714580 0.997912 0.905381 0.917673 0.904601 0.945188 0.000000 0.857649 0.905512 0.949136 0.988162 0.881494 0.926711 0.864932 0.957622 0.888302 0.900480 0.970372 0.985477 0.857159 0.967912 0.983052 0.935580 0.997140 0.970081 0.969522 0.989772 0.891199 0.952852 0.995411 0.998465 0.963868 0.960248 0.926342 0.889426 0.836530 0.813501 0.949702 0.929371 0.936722 0.965714 0.849225 0.840702 0.949812 0.955110 0.951028 0.938384 0.771952 0.980295 0.871805 0.932950 0.993317 0.927434 0.921746 0.981661 0.929789 0.895961 0.996136 0.863917 0.854948 0.876597 0.956447 0.892512 0.980160 0.911720 0.950491 0.999577 0.931571 0.867548 0.934217 0.962460 0.991722 0.937432 0.853819 0.843763 0.921076 0.971205 0.933447 0.930969 0.881643 0.982023 0.957624 0.780720 0.914450 0.966783 0.932637 0.816362 0.962377 0.874678 0.943684 0.965634 0.966239 0.868911 0.979794 0.891584
0.270951 0.282109 0.497409 0.470955 0.841088 0.859464 0.514455 0.461825 0.881804 0.752872 0.415729 0.299996 0.428101 0.449715 0.472355 0.455503 0.292673 0.235422 0.306628 0.332875 0.671342 0.688351 0.510110 0.536892 0.559087 0.582347 0.927858 0.857649 0.000000 0.214666 0.391652 0.486399 0.373339 0.329834 0.733538 0.856521 0.557800 0.707625 0.734406 0.806734 0.942222 0.820967 0.515624 0.453626 0.503280 0.448041 0.452033 0.410901 0.658436 0.557705 0.566264 0.610376 0.683118 0.740803 0.628339 0.759874 0.349673 0.351665 0.466845 0.400337 0.345072 0.442038 0.266358 0.306117 0.512254 0.460938 0.482805 0.429911 0.513009 0.397811 0.564530 0.572700 0.462746 0.438862 0.683765 0.676799 0.543895 0.472832 0.563797 0.466804 0.312735 0.349686 0.446069 0.402353 0.459141 0.445511 0.973378 0.927657 0.884067 0.560924 0.908771 0.972877 0.894132 0.995079 0.637985 0.745304 0.639659 0.783290 0.614914 0.542794 0.827620 0.791191 0.709737 0.618278 0.564512 0.616074 0.953337 0.855654 0.912807 0.752661 0.823369 0.584902 0.675349 0.612586 0.591836 0.935392
0.243673 0.291638 0.377130 0.411992 0.834213 0.816964 0.410198 0.395385 0.811740 0.662787 0.336423 0.264119 0.389758 0.475248 0.456855 0.433530 0.287749 0.196262 0.266335 0.275961 0.651803 0.705926 0.455865 0.493658 0.504494 0.453894 0.877541 0.905512 0.214666 0.000000 0.276244 0.398296 0.285387 0.242647 0.685843 0.774817 0.571539 0.678545 0.658451 0.843078 0.967798 0.872841 0.450043 0.355838 0.431787 0.369431 0.391006 0.353499 0.665784 0.484266 0.494904 0.518930 0.565504 0.632628 0.585774 0.766958 0.389444 0.358194 0.454790 0.423047 0.300765 0.408887 0.258327 0.299566 0.457377 0.412266 0.402285 0.343680 0.439808 0.388287 0.519261 0.511485 0.366733 0.287053 0.681474 0.592549 0.603208 0.491707 0.466165 0.418343 0.299881 0.273802 0.427605 0.369340 0.508095 0.436655 0.895412 0.888927 0.897765 0.629448 0.861801 0.974482 0.904392 0.993748 0.539966 0.722840 0.489211 0.721352 0.566253 0.506980 0.731186 0.640629 0.589826 0.596269 0.521769 0.579327 0.947230 0.867888 0.894177 0.758428 0.788630 0.599536 0.588463 0.711018 0.571127 0.881674
0.338397 0.423851 0.290453 0.322373 0.821522 0.603052 0.330352 0.374446 0.620129 0.571601 0.519622 0.328506 0.366019 0.461941 0.301533 0.302350 0.438688 0.396545 0.378681 0.446737 0.594503 0.697472 0.231178 0.323918 0.399382 0.307664 0.897899 0.949136 0.391652 0.276244 0.000000 0.271462 0.226323 0.255405 0.491491 0.716409 0.534111 0.735227 0.619471 0.806441 0.961229 0.865853 0.301091 0.269427 0.302369 0.279023 0.288811 0.272675 0.553805 0.446386 0.424850 0.399373 0.469303 0.617341 0.518856 0.620568 0.597347 0.597087 0.394054 0.393422 0.291781 0.386717 0.380886 0.414213 0.317601 0.319255 0.258473 0.288290 0.649796 0.408798 0.372939 0.379780 0.335391 0.277887 0.638343 0.676279 0.437307 0.521997 0.390022 0.379332 0.360526 0.379753 0.434661 0.474500 0.443472 0.371099 0.909252 0.925220 0.820366 0.571793 0.736707 0.894647 0.766381 0.912058 0.516683 0.656359 0.351003 0.662079 0.481775 0.453911 0.719668 0.632941 0.561731 0.590189 0.394073 0.476293 0.767575 0.792185 0.822824 0.757419 0.712911 0.562784 0.468117 0.665922 0.401101 0.906752
0.480962 0.602741 0.369960 0.400539 0.983365 0.743524 0.435105 0.460866 0.636693 0.555940 0.541854 0.462572 0.517980 0.577124 0.406595 0.456244 0.499938 0.440313 0.398267 0.416036 0.701094 0.638266 0.400535 0.421090 0.433164 0.400788 0.985823 0.988162 0.486399 0.398296 0.271462 0.000000 0.329808 0.382759 0.678604 0.874978 0.621594 0.848936 0.605301 0.825727 0.893764 0.878903 0.439089 0.417557 0.491302 0.506925 0.472095 0.437420 0.740179 0.722059 0.691987 0.691276 0.726715 0.874463 0.756335 0.801043 0.640196 0.705631 0.584968 0.669445 0.512182 0.652659 0.559755 0.618735 0.497021 0.510023 0.480539 0.505621 0.646232 0.626808 0.598833 0.578790 0.485581 0.475948 0.644984 0.841525 0.598402 0.580998 0.525419 0.485554 0.560067 0.524874 0.638009 0.664446 0.664266 0.541695 0.989525 0.938100 0.897318 0.779285 0.814710 0.947596 0.884149 0.932580 0.687488 0.692739 0.476529 0.777680 0.582965 0.541577 0.801244 0.697929 0.701324 0.574489 0.575221 0.656466 0.957058 0.851850 0.929260 0.822823 0.709408 0.654720 0.571107 0.779784 0.511803 0.843563
0.313265 0.384632 0.267347 0.271637 0.797357 0.636088 0.243239 0.258462 0.588661 0.470108 0.464534 0.320263 0.358006 0.483393 0.374113 0.334720 0.353928 0.294778 0.308135 0.349054 0.632211 0.600071 0.271301 0.423215 0.568069 0.373538 0.945158 0.881494 0.373339 0.285387 0.226323 0.329808 0.000000 0.214929 0.649201 0.704996 0.566929 0.755408 0.737444 0.786481 0.917122 0.800264 0.256786 0.214004 0.272791 0.254488 0.283735 0.287681 0.555579 0.420256 0.388194 0.379618 0.452687 0.538026 0.584159 0.615246 0.494447 0.467069 0.340241 0.383727 0.270142 0.330207 0.339013 0.370966 0.294839 0.278153 0.220339 0.222129 0.620915 0.406141 0.317677 0.329065 0.416586 0.332763 0.741259 0.638392 0.344331 0.492398 0.337963 0.413763 0.349143 0.334478 0.453634 0.493624 0.433008 0.351633 0.991527 0.981535 0.798019 0.634357 0.559000 0.688463 0.589898 0.745305 0.485237 0.595398 0.346124 0.554661 0.360752 0.324589 0.608472 0.512144 0.534963 0.478633 0.310193 0.370155 0.827330 0.680220 0.858517 0.721479 0.687447 0.497054 0.414566 0.636706 0.405990 0.869895
0.294736 0.371703 0.280501 0.279829 0.803992 0.590540 0.231171 0.253743 0.543905 0.455190 0.422911 0.336342 0.414542 0.555466 0.474864 0.415846 0.367168 0.262241 0.266930 0.299926 0.598204 0.667214 0.360397 0.460482 0.632773 0.415725 0.888679 0.926711 0.329834 0.242647 0.255405 0.382759 0.214929 0.000000 0.581224 0.752613 0.554471 0.721284 0.755938 0.794342 0.903762 0.853510 0.261943 0.202730 0.250111 0.224141 0.264272 0.289198 0.516612 0.379402 0.380175 0.364596 0.442094 0.533912 0.605351 0.588614 0.456256 0.452427 0.339252 0.373731 0.265884 0.364822 0.309610 0.355846 0.350861 0.297808 0.225250 0.235741 0.648573 0.409082 0.407599 0.399562 0.462293 0.360671 0.689609 0.593099 0.417075 0.500826 0.374644 0.366479 0.349113 0.305324 0.523217 0.435966 0.473664 0.430340 0.967851 0.973113 0.873462 0.660529 0.592059 0.693013 0.630809 0.701335 0.480218 0.588452 0.417241 0.623033 0.327756 0.325489 0.612103 0.543783 0.497310 0.412783 0.379570 0.451927 0.744469 0.679604 0.845912 0.811256 0.695544 0.396818 0.402794 0.619534 0.369627 0.827205
0.632770 0.725091 0.639270 0.698649 0.839756 0.535400 0.641074 0.738840 0.756989 0.829608 0.886834 0.667330 0.603375 0.817876 0.601348 0.568542 0.815143 0.791100 0.802185 0.795812 0.736368 0.873999 0.491051 0.631930 0.555135 0.606717 0.988464 0.864932 0.733538 0.685843 0.491491 0.678604 0.649201 0.581224 0.000000 0.886954 0.678784 0.793570 0.833599 0.902739 0.984692 0.868826 0.595158 0.602737 0.550997 0.547960 0.642893 0.582234 0.764024 0.547420 0.575694 0.513877 0.560635 0.656151 0.642317 0.684394 0.888297 0.805343 0.642393 0.564892 0.565310 0.655035 0.606611 0.643074 0.609063 0.624469 0.541658 0.555751 0.850668 0.637448 0.596710 0.636384 0.643841 0.575086 0.769740 0.826721 0.746979 0.708784 0.640194 0.681051 0.618998 0.679915 0.722254 0.849122 0.590816 0.611360 0.895871 0.967696 0.873163 0.773851 0.858233 0.985319 0.811020 0.929890 0.631073 0.757519 0.623227 0.851510 0.662430 0.758274 0.929428 0.874136 0.858101 0.899792 0.616267 0.623660 0.749583 0.814796 0.728460 0.899234 0.666987 0.704684 0.764672 0.920502 0.718066 0.753404
0.823283 0.654277 0.821953 0.767957 0.819464 0.890502 0.689231 0.691442 0.718720 0.623183 0.921547 0.880293 0.884845 0.958926 0.998691 0.876893 0.677829 0.843658 0.767364 0.864112 0.904185 0.845747 0.811250 0.951964 0.918450 0.847961 0.776012 0.957622 0.856521 0.774817 0.716409 0.874978 0.704996 0.752613 0.886954 0.000000 0.899560 0.644888 0.976044 0.947839 0.944563 0.799456 0.588503 0.576448 0.528424 0.590757 0.702650 0.636637 0.556960 0.557749 0.581453 0.586515 0.660572 0.636051 0.847393 0.841228 0.733970 0.716034 0.639137 0.715821 0.803255 0.777046 0.744178 0.695659 0.854302 0.808839 0.583475 0.644654 0.894417 0.604181 0.560845 0.448535 0.862543 0.704040 0.961617 0.984295 0.723956 0.655289 0.702673 0.866043 0.725992 0.843954 0.831935 0.754339 0.990354 0.921692 0.921026 0.918837 0.895061 0.958207 0.642427 0.674741 0.691397 0.725999 0.741066 0.804714 0.654214 0.622344 0.608153 0.579787 0.617155 0.563217 0.648740 0.690838 0.733497 0.704894 0.681830 0.795027 0.787708 0.952167 0.575252 0.725670 0.631457 0.768922 0.677810 0.762265
0.545941 0.627362 0.616711 0.629471 0.988052 0.947519 0.677028 0.727090 0.958283 0.885855 0.765661 0.572256 0.625436 0.652760 0.635055 0.654786 0.670694 0.607377 0.637875 0.683836 0.688671 0.997580 0.562277 0.650897 0.572714 0.621427 0.891578 0.888302 0.557800 0.571539 0.534111 0.621594 0.566929 0.554471 0.678784 0.899560 0.000000 0.819518 0.633108 0.771847 0.886549 0.919487 0.672114 0.614520 0.645293 0.617745 0.592305 0.560785 0.828874 0.719740 0.686461 0.713161 0.767119 0.879392 0.831810 0.838665 0.656508 0.695156 0.682282 0.623816 0.562269 0.613598 0.620157 0.615793 0.556004 0.587567 0.667183 0.589509 0.799530 0.670556 0.735490 0.790369 0.596197 0.574948 0.790455 0.812553 0.600418 0.739535 0.655679 0.741487 0.659349 0.691876 0.699259 0.728654 0.608613 0.636510 0.948655 0.829984 0.850403 0.775990 0.990699 0.951477 0.946739 0.923991 0.704397 0.704111 0.735245 0.865387 0.728915 0.726780 0.972141 0.966079 0.736147 0.767845 0.599796 0.693991 0.973204 0.890088 0.846327 0.812497 0.875863 0.671985 0.803000 0.947601 0.735336 0.767966
0.658342 0.578975 0.837762 0.906778 0.993300 0.848296 0.852779 0.836694 0.963013 0.852614 0.875715 0.692953 0.815767 0.846785 0.887649 0.806451 0.645058 0.694590 0.889325 0.774905 0.890128 0.843968 0.836702 0.861388 0.890870 0.915842 0.837359 0.900480 0.707625 0.678545 0.735227 0.848936 0.755408 0.721284 0.793570 0.644888 0.819518 0.000000 0.894770 0.966224 0.913700 0.998498 0.751357 0.700558 0.662566 0.649256 0.751696 0.702140 0.708961 0.638738 0.593032 0.636142 0.718734 0.721570 0.861045 0.821366 0.572304 0.567215 0.698849 0.630862 0.706274 0.698681 0.605275 0.529709 0.819506 0.806628 0.727920 0.660643 0.820665 0.668667 0.717397 0.732914 0.693916 0.659041 0.891578 0.981909 0.886251 0.621415 0.796742 0.875769 0.710153 0.856788 0.740379 0.855547 0.850596 0.887608 0.817476 0.911253 0.969119 0.971488 0.965756 0.955795 0.911520 0.978352 0.799170 0.811628 0.819857 0.737335 0.732043 0.789811 0.784688 0.766662 0.686535 0.836336 0.798174 0.660635 0.790581 0.862123 0.973158 0.821751 0.674251 0.800958 0.909065 0.851611 0.775165 0.804456
