0.000000 0.502679 0.881234 0.835093 0.958654 0.994764 0.795444 0.776043 0.893135 0.940295 0.646472 0.682074 0.986393 0.963189 0.905204 0.982718 0.553990 0.510710 0.555405 0.569163 0.862887 0.939559 0.876434 0.986493 0.823744 0.872562 0.997842 0.875795 0.644493 0.786058 0.880016 0.992170 0.723420 0.535180 0.851955 0.929964 0.909824 0.857974 0.857077 0.981437 0.992265 0.819993 0.603543 0.512353 0.845440 0.740577 0.634960 0.673396 0.806246 0.900592 0.928135 0.962957 0.829149 0.653218 0.841708 0.887794 0.430607 0.521680 0.468022 0.546190 0.781889 0.743264 0.678717 0.731664 0.843831 0.790069 0.604647 0.646197 0.622973 0.631509 0.805303 0.872377 0.594770 0.635155 0.975803 0.911518 0.625871 0.789558 0.826815 0.754919 0.575544 0.570667 0.906399 0.735518 0.799031 0.778354 0.780318 0.975223 0.891770 0.729768 0.868091 0.923968 0.925326 0.944586 0.930044 0.777661 0.666981 0.790211 0.849230 0.726347 0.745738 0.948356 0.737745 0.596455 0.833790 0.914620 0.967391 0.965732 0.858139 0.744125 0.740644 0.931922 0.794243 0.955662 0.799063 0.812706
0.502679 0.000000 0.995081 0.833156 0.987651 0.947857 0.958783 0.731689 0.771507 0.774338 0.838040 0.566111 0.951441 0.871936 0.979187 0.834876 0.555528 0.482811 0.612165 0.562685 0.924091 0.948948 0.954361 0.976056 0.897151 0.956942 0.911824 0.908398 0.604610 0.690714 0.753084 0.902924 0.596984 0.501024 0.874368 0.993956 0.807422 0.770797 0.949361 0.912807 0.938569 0.829676 0.574829 0.477140 0.655768 0.569705 0.560585 0.526641 0.724652 0.748341 0.733920 0.823832 0.947744 0.856102 0.735227 0.900891 0.394140 0.356768 0.559739 0.612501 0.768324 0.655990 0.577067 0.524860 0.909762 0.884450 0.737985 0.697170 0.765128 0.546101 0.540906 0.664018 0.723868 0.700484 0.956896 0.932868 0.570403 0.712122 0.616311 0.674010 0.444927 0.535753 0.812921 0.648196 0.891924 0.846617 0.848630 0.989194 0.834858 0.772706 0.857608 0.811640 0.906121 0.881718 0.768969 0.773300 0.656087 0.727056 0.723026 0.760842 0.809461 0.885793 0.665236 0.667377 0.820578 0.839806 0.922482 0.969974 0.906476 0.738151 0.709491 0.860855 0.820346 0.815329 0.743656 0.903845
0.881234 0.995081 0.000000 0.428660 0.832193 0.924994 0.384167 0.738681 0.738086 0.869883 0.973644 0.830568 0.670664 0.950509 0.802461 0.977761 0.975750 0.916830 0.647727 0.958078 0.678170 0.882958 0.641649 0.624823 0.479783 0.509551 0.839044 0.883542 0.852252 0.825220 0.723216 0.819782 0.679034 0.741039 0.707266 0.900247 0.862598 0.968884 0.873848 0.818670 0.942147 0.941786 0.675392 0.764350 0.936719 0.981163 0.625851 0.746380 0.823044 0.993287 0.764822 0.910027 0.953902 0.973661 0.921854 0.942393 0.953197 0.845742 0.711194 0.929735 0.686542 0.972310 0.943369 0.756097 0.370741 0.513574 0.507064 0.540229 0.898365 0.802854 0.962321 0.951440 0.904041 0.934641 0.916273 0.985696 0.918346 0.920596 0.961428 0.895890 0.912488 0.848295 0.941768 0.869935 0.521410 0.534385 0.802840 0.932780 0.748483 0.769254 0.691274 0.737668 0.774632 0.636963 0.897845 0.784413 0.928819 0.923201 0.922866 0.835193 0.739413 0.848956 0.898631 0.989341 0.717264 0.828172 0.993087 0.974222 0.850899 0.920690 0.919222 0.987794 0.997929 0.804315 0.770265 0.768162
0.835093 0.833156 0.428660 0.000000 0.870032 0.760343 0.422866 0.537436 0.836431 0.923953 0.956706 0.918672 0.693961 0.831040 0.773891 0.797215 0.993517 0.992505 0.666183 0.863754 0.723825 0.975078 0.544542 0.480255 0.693862 0.569970 0.840580 0.839442 0.886275 0.867321 0.773875 0.873834 0.640406 0.660226 0.705934 0.891124 0.908098 0.956187 0.879308 0.943558 0.889162 0.963459 0.705910 0.738352 0.987007 0.972176 0.665274 0.711248 0.829759 0.998301 0.703994 0.813155 0.963245 0.911582 0.908002 0.932869 0.935203 0.992236 0.732517 0.866267 0.626637 0.806654 0.927007 0.984241 0.362681 0.373639 0.487583 0.418759 0.832036 0.835408 0.963496 0.756398 0.797120 0.815594 0.933859 0.977657 0.774145 0.798062 0.949815 0.914648 0.800976 0.797926 0.845166 0.884011 0.470280 0.446053 0.967700 0.907943 0.840524 0.694791 0.611921 0.728540 0.708068 0.682603 0.980921 0.788275 0.876226 0.945091 0.753494 0.676948 0.622961 0.740283 0.952298 0.986811 0.608401 0.740698 0.951881 0.900097 0.823854 0.999280 0.782924 0.996104 0.854739 0.851957 0.732165 0.810334
0.958654 0.987651 0.832193 0.870032 0.000000 0.894901 0.715978 0.789477 0.688487 0.943345 0.810222 0.885114 0.654580 0.859747 0.860529 0.916856 0.972989 0.911024 0.910283 0.921434 0.799838 0.766295 0.742860 0.816730 0.957057 0.898325 0.895088 0.979326 0.921287 0.989418 0.998184 0.908480 0.960642 0.863056 0.945239 0.819548 0.998212 0.895729 0.983724 0.979690 0.933501 0.976859 0.873842 0.917743 0.902977 0.954701 0.913935 0.975356 0.887318 0.794098 0.987354 0.995087 0.982794 0.934826 0.876453 0.878930 0.977060 0.944837 0.964432 0.966048 0.644845 0.792022 0.822557 0.921195 0.823405 0.735381 0.846801 0.813021 0.899471 0.861499 0.990398 0.881379 0.973612 0.998762 0.962409 0.949601 0.923776 0.905976 0.937280 0.914419 0.879147 0.854622 0.852551 0.766655 0.648157 0.607376 0.932328 0.729159 0.834001 0.863138 0.814174 0.983915 0.923517 0.980225 0.948179 0.978346 0.956565 0.986238 0.945025 0.852866 0.826585 0.911500 0.980265 0.859929 0.783785 0.978172 0.989305 0.982067 0.968267 0.954724 0.899233 0.938152 0.905679 0.966957 0.851230 0.978495
0.994764 0.947857 0.924994 0.760343 0.894901 0.000000 0.883063 0.848513 0.904766 0.929137 0.973685 0.964182 0.903794 0.943622 0.908050 0.666427 0.871802 0.932443 0.935108 0.967409 0.921825 0.873136 0.693863 0.743794 0.945689 0.848854 0.926043 0.847376 0.931815 0.894275 0.755273 0.915880 0.933809 0.944725 0.801661 0.863497 0.874719 0.884003 0.943571 0.967619 0.976032 0.859407 0.975481 0.931280 0.879034 0.969991 0.952364 0.819497 0.994248 0.939980 0.949872 0.938963 0.987111 0.980633 0.973008 0.893596 0.979261 0.987730 0.843866 0.925300 0.905806 0.886996 0.956314 0.998741 0.825255 0.792539 0.845367 0.790606 0.845557 0.926747 0.877592 0.843321 0.878501 0.751247 0.916079 0.855388 0.943009 0.797184 0.952080 0.968803 0.973136 0.991908 0.872680 0.980420 0.784350 0.780930 0.863984 0.812374 0.992056 0.957457 0.805664 0.910225 0.729436 0.924930 0.892918 0.902850 0.925880 0.903751 0.875150 0.920365 0.772828 0.925827 0.976436 0.925478 0.771930 0.942623 0.978633 0.925027 0.928743 0.960052 0.910653 0.921165 0.979049 0.911804 0.976190 0.970601
0.795444 0.958783 0.384167 0.422866 0.715978 0.883063 0.000000 0.511910 0.620464 0.964981 0.861420 0.964813 0.532130 0.783181 0.703418 0.858647 0.982515 0.978464 0.677795 0.898987 0.724971 0.981825 0.576992 0.640667 0.714735 0.661077 0.884577 0.973837 0.962378 0.881697 0.875457 0.962531 0.664635 0.681853 0.701813 0.898228 0.971711 0.921634 0.972001 0.964371 0.811205 0.938642 0.752914 0.770002 0.956632 0.965126 0.741379 0.770183 0.823134 0.891439 0.772305 0.873678 0.940531 0.974230 0.909583 0.973628 0.936229 0.867652 0.644418 0.804462 0.462036 0.769220 0.903715 0.925687 0.372176 0.391776 0.427638 0.447973 0.815030 0.766629 0.808364 0.949252 0.899300 0.893238 0.988662 0.979150 0.856599 0.967332 0.961707 0.998918 0.846531 0.837780 0.909054 0.934381 0.398241 0.452881 0.916024 0.857136 0.681247 0.713511 0.619383 0.730519 0.754803 0.634873 0.914368 0.828068 0.977386 0.859979 0.781179 0.642550 0.680943 0.755454 0.903097 0.998416 0.615479 0.842133 0.974681 0.993070 0.797576 0.913722 0.797664 0.900521 0.921543 0.822776 0.737517 0.851477
0.776043 0.731689 0.738681 0.537436 0.789477 0.848513 0.511910 0.000000 0.861877 0.729638 0.893174 0.629620 0.605562 0.639745 0.736998 0.695329 0.894690 0.814347 0.820171 0.755439 0.930792 0.913003 0.674960 0.729844 0.899710 0.985494 0.995741 0.997006 0.815033 0.887711 0.967739 0.986397 0.665259 0.582872 0.806519 0.946680 0.936071 0.999141 0.842266 0.936898 0.766698 0.981024 0.819974 0.755476 0.815989 0.803059 0.788852 0.692800 0.988876 0.964974 0.562916 0.618782 0.789965 0.933086 0.994738 0.949015 0.915551 0.861217 0.638656 0.627175 0.415906 0.403687 0.622876 0.624660 0.589197 0.471767 0.554989 0.478697 0.714766 0.931282 0.975683 0.854526 0.830990 0.799225 0.917830 0.976120 0.687386 0.841370 0.823451 0.988260 0.646338 0.830401 0.837431 0.910726 0.565452 0.607439 0.993869 0.890788 0.858125 0.700833 0.586621 0.803654 0.749081 0.761513 0.837819 0.853432 0.731949 0.957464 0.538829 0.504315 0.580845 0.745123 0.791994 0.901677 0.576849 0.772686 0.986007 0.862616 0.834165 0.886606 0.677285 0.774916 0.775894 0.987051 0.650106 0.922091
0.893135 0.771507 0.738086 0.836431 0.688487 0.904766 0.620464 0.861877 0.000000 0.980673 0.966372 0.819566 0.789564 0.978874 0.863924 0.942226 0.741609 0.710430 0.932547 0.768802 0.921166 0.998561 0.725373 0.895355 0.932390 0.810209 0.906214 0.948906 0.790432 0.658179 0.973259 0.800972 0.981866 0.887672 0.817600 0.817776 0.943718 0.982807 0.909254 0.986170 0.898993 0.819134 0.957319 0.901172 0.836569 0.957118 0.915016 0.968697 0.937455 0.985752 0.921966 0.828632 0.739452 0.736872 0.815006 0.879465 0.715809 0.681484 0.969518 0.919228 0.785364 0.979386 0.799746 0.717910 0.709522 0.768163 0.783962 0.803595 0.823460 0.597246 0.766747 0.625555 0.781782 0.832946 0.993909 0.914581 0.849621 0.854129 0.715542 0.747493 0.796452 0.827093 0.942166 0.911092 0.682149 0.767267 0.932818 0.850719 0.737440 0.898683 0.593182 0.642434 0.635334 0.694425 0.887654 0.876545 0.908892 0.915556 0.869512 0.848666 0.922328 0.863518 0.753119 0.900371 0.877568 0.932651 0.889887 0.988467 0.957929 0.720732 0.835662 0.966483 0.983578 0.917084 0.912163 0.977521
0.940295 0.774338 0.869883 0.923953 0.943345 0.929137 0.964981 0.729638 0.980673 0.000000 0.864322 0.838754 0.983258 0.966510 0.973206 0.968022 0.786817 0.831497 0.972079 0.775469 0.655110 0.993236 0.931493 0.833071 0.885142 0.752307 0.857386 0.907653 0.637657 0.710178 0.831715 0.993999 0.769331 0.837183 0.921461 0.969310 0.972953 0.783447 0.750648 0.916776 0.917436 0.984134 0.824186 0.720325 0.569099 0.573592 0.880158 0.737878 0.556870 0.593388 0.596294 0.662689 0.594449 0.631212 0.883388 0.997746 0.857162 0.771033 0.824950 0.756272 0.897989 0.726611 0.841980 0.742913 0.867352 0.847466 0.988789 0.988417 0.920152 0.852419 0.950222 0.910338 0.944862 0.994362 0.853292 0.974287 0.933068 0.949277 0.947612 0.994186 0.842252 0.928625 0.854276 0.961718 0.822472 0.739913 0.888735 0.967392 0.956339 0.895251 0.991162 0.961684 0.921084 0.941269 0.803001 0.959833 0.788396 0.865401 0.746016 0.839630 0.789688 0.903741 0.638314 0.837788 0.940374 0.963250 0.800237 0.950771 0.935029 0.907987 0.800531 0.848057 0.968081 0.857208 0.926609 0.939264
0.646472 0.838040 0.973644 0.956706 0.810222 0.973685 0.861420 0.893174 0.966372 0.864322 0.000000 0.768663 0.852992 0.972211 0.915885 0.867179 0.576756 0.613016 0.729395 0.637920 0.841982 0.970838 0.805637 0.807493 0.938708 0.997634 0.914317 0.786268 0.609073 0.701506 0.909812 0.894086 0.833705 0.755241 0.935127 0.967396 0.925692 0.960051 0.938505 0.959312 0.953010 0.961612 0.983248 0.845509 0.942367 0.950718 0.971021 0.993752 0.913982 0.920911 0.982752 0.853774 0.889777 0.914303 0.919193 0.925995 0.710461 0.813563 0.742357 0.835991 0.802818 0.899664 0.680449 0.843026 0.895306 0.956281 0.938859 0.914517 0.881815 0.803278 0.973900 0.870652 0.623030 0.752597 0.948501 0.870763 0.915354 0.988072 0.823820 0.875808 0.772875 0.799674 0.926215 0.953490 0.997933 0.986099 0.736665 0.977702 0.888011 0.972413 0.683798 0.726963 0.841654 0.830591 0.938373 0.913611 0.881163 0.974409 0.972540 0.919414 0.956953 0.983685 0.924618 0.857502 0.965068 0.837485 0.923695 0.769892 0.977119 0.918495 0.905225 0.956494 0.890695 0.930089 0.996667 0.986386
0.682074 0.566111 0.830568 0.918672 0.885114 0.964182 0.964813 0.629620 0.819566 0.838754 0.768663 0.000000 0.684478 0.527778 0.703874 0.600672 0.556185 0.474800 0.716969 0.507704 0.905725 0.931230 0.872452 0.879534 0.717890 0.767790 0.898446 0.861062 0.486894 0.532102 0.966633 0.868278 0.681667 0.560491 0.942837 0.952799 0.928347 0.927494 0.770384 0.869085 0.829179 0.991862 0.882623 0.705800 0.747361 0.672529 0.860678 0.735182 0.972677 0.965574 0.831831 0.920189 0.971840 0.900604 0.988978 0.883965 0.612830 0.547096 0.764481 0.718614 0.547816 0.461183 0.425844 0.357896 0.985353 0.811991 0.871248 0.725916 0.954558 0.699208 0.863314 0.772921 0.813033 0.851796 0.897500 0.883766 0.687481 0.771556 0.575160 0.727018 0.486614 0.554483 0.602634 0.788801 0.814467 0.789070 0.845196 0.817803 0.806040 0.933404 0.872856 0.681867 0.797279 0.711755 0.785614 0.838741 0.739048 0.808128 0.844424 0.752793 0.853061 0.848440 0.646652 0.851421 0.828716 0.955633 0.953054 0.976906 0.955733 0.713852 0.641556 0.829514 0.853820 0.773758 0.728093 0.912128
0.986393 0.951441 0.670664 0.693961 0.654580 0.903794 0.532130 0.605562 0.789564 0.983258 0.852992 0.684478 0.000000 0.429912 0.411109 0.520223 0.854297 0.831521 0.740049 0.785788 0.874627 0.874438 0.504236 0.637885 0.997999 0.951758 0.948344 0.977349 0.814752 0.795772 0.825721 0.768118 0.666074 0.708746 0.802290 0.922116 0.990579 0.873198 0.757124 0.984517 0.689943 0.817595 0.994419 0.912974 0.875498 0.890455 0.874797 0.801401 0.745001 0.858455 0.809864 0.906179 0.912780 0.815940 0.915265 0.778443 0.953814 0.975448 0.928155 0.946643 0.374287 0.697210 0.670641 0.793984 0.621148 0.624165 0.779925 0.652868 0.631340 0.873676 0.854130 0.984760 0.886928 0.907215 0.895464 0.852715 0.923076 0.938152 0.776379 0.816091 0.736538 0.715968 0.662715 0.878001 0.486356 0.566047 0.812245 0.674794 0.861732 0.959473 0.852678 0.897174 0.946618 0.990442 0.919384 0.900685 0.895547 0.911869 0.872288 0.824924 0.882569 0.796445 0.976503 0.834672 0.784035 0.905092 0.905530 0.808933 0.931852 0.976396 0.844709 0.835122 0.958289 0.995363 0.715915 0.989370
0.963189 0.871936 0.950509 0.831040 0.859747 0.943622 0.783181 0.639745 0.978874 0.966510 0.972211 0.527778 0.429912 0.000000 0.388313 0.403783 0.812976 0.744172 0.851101 0.759008 0.950457 0.866347 0.634575 0.735355 0.795957 0.800578 0.994868 0.989231 0.700637 0.641982 0.893996 0.719106 0.696383 0.709234 0.936730 0.962147 0.825103 0.907202 0.605156 0.993110 0.643205 0.816038 0.955130 0.890067 0.882526 0.830710 0.965729 0.796579 0.740224 0.877191 0.832700 0.889229 0.952728 0.844797 0.914136 0.684349 0.989104 0.915237 0.963383 0.886707 0.486869 0.641604 0.626470 0.601932 0.815674 0.742129 0.950919 0.803601 0.689858 0.992487 0.853001 0.905094 0.922155 0.936039 0.920275 0.828380 0.904210 0.936863 0.734338 0.758729 0.710608 0.745748 0.615025 0.912700 0.689855 0.725757 0.692094 0.797469 0.948185 0.946586 0.979361 0.746421 0.773521 0.794052 0.894759 0.912598 0.951526 0.959860 0.885684 0.842802 0.987828 0.855692 0.875312 0.885987 0.859213 0.929764 0.874955 0.818507 0.881033 0.918072 0.762137 0.794334 0.988637 0.896706 0.757336 0.959963
0.905204 0.979187 0.802461 0.773891 0.860529 0.908050 0.703418 0.736998 0.863924 0.973206 0.915885 0.703874 0.411109 0.388313 0.000000 0.494410 0.880028 0.843596 0.821492 0.880431 0.971821 0.901221 0.525198 0.702623 0.934217 0.945278 0.928335 0.933286 0.812776 0.769191 0.787195 0.606912 0.667952 0.780212 0.866224 0.955013 0.967444 0.965861 0.743092 0.953678 0.724384 0.844994 0.989192 0.930157 0.826042 0.846517 0.863508 0.731003 0.753445 0.908456 0.867598 0.888129 0.926872 0.802044 0.933793 0.830010 0.930242 0.977825 0.976888 0.996213 0.533594 0.758480 0.777175 0.790049 0.721952 0.733464 0.898287 0.780328 0.699802 0.926556 0.821347 0.937817 0.894228 0.945935 0.902692 0.832017 0.948146 0.979000 0.788592 0.811136 0.825928 0.790566 0.614285 0.909202 0.621298 0.664739 0.660813 0.742176 0.903492 0.998346 0.894281 0.880583 0.887170 0.920436 0.956957 0.859126 0.915256 0.986013 0.863605 0.815175 0.977170 0.815541 0.987752 0.910822 0.819895 0.927666 0.877404 0.828072 0.851270 0.969724 0.856797 0.751247 0.993073 0.979998 0.754981 0.864805
0.982718 0.834876 0.977761 0.797215 0.916856 0.666427 0.858647 0.695329 0.942226 0.968022 0.867179 0.600672 0.520223 0.403783 0.494410 0.000000 0.952815 0.824471 0.837180 0.803499 0.960980 0.835548 0.537780 0.589678 0.874582 0.949058 0.960796 0.981818 0.810548 0.787812 0.795706 0.733654 0.760261 0.741236 0.950053 0.998933 0.931252 0.977093 0.767927 0.953542 0.779799 0.805305 0.968555 0.950121 0.861462 0.825560 0.933661 0.754445 0.786329 0.917007 0.861208 0.887490 0.967228 0.904197 0.994909 0.804526 0.939638 0.890055 0.925777 0.965574 0.595257 0.660390 0.701514 0.634461 0.799618 0.727562 0.918113 0.733570 0.706176 0.939708 0.956021 0.787966 0.829662 0.833761 0.930268 0.846783 0.887470 0.897501 0.734927 0.796673 0.754972 0.736620 0.574480 0.919565 0.663700 0.694304 0.648659 0.705516 0.921559 0.980929 0.913354 0.842477 0.904449 0.858081 0.955962 0.890837 0.967582 0.903674 0.831874 0.854959 0.874525 0.906166 0.869887 0.835370 0.807880 0.855597 0.939871 0.952548 0.961189 0.852896 0.761743 0.762947 0.941763 0.905112 0.755687 0.987112
0.553990 0.555528 0.975750 0.993517 0.972989 0.871802 0.982515 0.894690 0.741609 0.786817 0.576756 0.556185 0.854297 0.812976 0.880028 0.952815 0.000000 0.362020 0.524276 0.445778 0.965465 0.921940 0.864827 0.894158 0.991146 0.893457 0.953395 0.843321 0.415081 0.436947 0.790871 0.755653 0.570474 0.570541 0.994491 0.978343 0.945964 0.962386 0.927656 0.998310 0.981685 0.823980 0.752180 0.559765 0.772898 0.698356 0.661586 0.694631 0.839634 0.900483 0.825207 0.924877 0.953720 0.893397 0.884647 0.888559 0.450478 0.486535 0.627115 0.735350 0.774819 0.817964 0.511337 0.559351 0.933042 0.969414 0.923976 0.853261 0.801198 0.530072 0.821807 0.788469 0.591486 0.603943 0.930396 0.938082 0.762608 0.877229 0.654567 0.619206 0.513109 0.596214 0.834562 0.817620 0.992213 0.990666 0.864300 0.952888 0.764922 0.947277 0.646259 0.604688 0.670954 0.714633 0.848040 0.832817 0.788962 0.888646 0.959072 0.893108 0.907471 0.977809 0.681772 0.706993 0.970492 0.890890 0.949261 0.811322 0.978302 0.707785 0.744934 0.884008 0.974323 0.848713 0.863003 0.978767
0.510710 0.482811 0.916830 0.992505 0.911024 0.932443 0.978464 0.814347 0.710430 0.831497 0.613016 0.474800 0.831521 0.744172 0.843596 0.824471 0.362020 0.000000 0.556642 0.417471 0.995935 0.989824 0.925758 0.928371 0.903303 0.873765 0.930110 0.853451 0.430388 0.419871 0.802036 0.771782 0.599568 0.508876 0.981127 0.974906 0.984497 0.906525 0.991221 0.987804 0.927029 0.847762 0.782191 0.578715 0.804516 0.703953 0.717803 0.683533 0.927044 0.937159 0.894967 0.950545 0.871686 0.845795 0.887948 0.962496 0.409000 0.438267 0.653709 0.653199 0.744046 0.694485 0.456427 0.446322 0.931992 0.978904 0.929340 0.819727 0.777295 0.461212 0.714405 0.713713 0.545579 0.596564 0.891190 0.845129 0.687038 0.781153 0.551533 0.554436 0.428770 0.506562 0.729909 0.699986 0.966066 0.911306 0.936357 0.995740 0.718090 0.897146 0.665339 0.532859 0.622109 0.637907 0.789679 0.820973 0.699886 0.804487 0.895685 0.825257 0.865910 0.983548 0.625894 0.742199 0.901766 0.972270 0.998732 0.851879 0.924505 0.627772 0.667258 0.865664 0.973722 0.835814 0.796870 0.991548
0.555405 0.612165 0.647727 0.666183 0.910283 0.935108 0.677795 0.820171 0.932547 0.972079 0.729395 0.716969 0.740049 0.851101 0.821492 0.837180 0.524276 0.556642 0.000000 0.533374 0.804823 0.878247 0.799667 0.773299 0.710386 0.711751 0.868937 0.986608 0.651598 0.704444 0.648579 0.734763 0.509159 0.518006 0.863012 0.956147 0.914806 0.823442 0.962285 0.955804 0.913642 0.899625 0.582937 0.532295 0.808205 0.777773 0.536755 0.644457 0.966276 0.970337 0.810892 0.917045 0.917307 0.842993 0.878887 0.904255 0.551847 0.695090 0.629312 0.833836 0.701610 0.915856 0.654714 0.823470 0.674621 0.721879 0.610963 0.599824 0.813008 0.678858 0.771840 0.711536 0.754736 0.704307 0.990611 0.817302 0.689918 0.821343 0.749599 0.648880 0.626589 0.572489 0.752526 0.764396 0.732497 0.678412 0.838061 0.939626 0.924602 0.874396 0.916626 0.860911 0.892649 0.981759 0.979011 0.822400 0.820408 0.813650 0.942898 0.766676 0.711675 0.884213 0.799403 0.769433 0.789451 0.885300 0.953424 0.917492 0.884809 0.920042 0.673849 0.915335 0.965361 0.997322 0.825614 0.862977
0.569163 0.562685 0.958078 0.863754 0.921434 0.967409 0.898987 0.755439 0.768802 0.775469 0.637920 0.507704 0.785788 0.759008 0.880431 0.803499 0.445778 0.417471 0.533374 0.000000 0.983653 0.942363 0.958808 0.891742 0.985808 0.910620 0.974535 0.826737 0.479343 0.474768 0.791573 0.754411 0.561776 0.541669 0.921189 0.952197 0.949966 0.824239 0.916131 0.975825 0.964034 0.851881 0.705919 0.586972 0.871176 0.739796 0.742110 0.701328 0.947173 0.915399 0.844333 0.927388 0.857172 0.812071 0.980618 0.909368 0.504607 0.521980 0.666267 0.709327 0.711510 0.723804 0.529719 0.563339 0.971070 0.881467 0.789483 0.721605 0.837015 0.548335 0.764940 0.674090 0.661195 0.733782 0.966958 0.872007 0.668384 0.739390 0.626481 0.631271 0.494018 0.557181 0.837023 0.781135 0.891518 0.863259 0.797400 0.985191 0.698705 0.902253 0.754812 0.654343 0.760814 0.742167 0.818324 0.805719 0.768584 0.835090 0.958476 0.840783 0.719704 0.991023 0.633172 0.742357 0.770494 0.931471 0.898090 0.907218 0.949511 0.711864 0.587121 0.895642 0.984955 0.781383 0.769942 0.970682
0.862887 0.924091 0.678170 0.723825 0.799838 0.921825 0.724971 0.930792 0.921166 0.655110 0.841982 0.905725 0.874627 0.950457 0.971821 0.960980 0.965465 0.995935 0.804823 0.983653 0.000000 0.954236 0.928800 0.848394 0.748384 0.637715 0.888486 0.809669 0.913808 0.935915 0.952946 0.998348 0.946449 0.900699 0.879759 0.913318 0.918414 0.926164 0.712104 0.907895 0.970889 0.947063 0.984946 0.977911 0.762728 0.757534 0.909108 0.930966 0.685750 0.770103 0.805590 0.805347 0.708623 0.789032 0.967070 0.892070 0.995620 0.865479 0.953658 0.893954 0.936913 0.850160 0.973321 0.797216 0.773682 0.767129 0.808617 0.796688 0.942757 0.964597 0.964934 0.976433 0.928180 0.913364 0.847196 0.838423 0.935681 0.954395 0.996550 0.821784 0.985598 0.899892 0.989476 0.953604 0.813989 0.724224 0.907795 0.974738 0.969264 0.888744 0.926085 0.982682 0.998421 0.899907 0.841021 0.964254 0.867399 0.958713 0.763733 0.963974 0.939136 0.940954 0.808311 0.867031 0.946084 0.972013 0.919854 0.937377 0.977542 0.980039 0.996769 0.799679 0.952585 0.930419 0.939628 0.883349
0.939559 0.948948 0.882958 0.975078 0.766295 0.873136 0.981825 0.913003 0.998561 0.993236 0.970838 0.931230 0.874438 0.866347 0.901221 0.835548 0.921940 0.989824 0.878247 0.942363 0.954236 0.000000 0.871220 0.939755 0.879911 0.991647 0.931968 0.936469 0.855050 0.929187 0.898678 0.941170 0.897290 0.912851 0.958197 0.844033 0.834823 0.797135 0.874529 0.844729 0.901123 0.954126 0.801022 0.898546 0.976479 0.929222 0.771935 0.991637 0.940169 0.833150 0.878030 0.965196 0.841113 0.992245 0.992713 0.937256 0.973080 0.973393 0.882282 0.966481 0.848402 0.813257 0.996085 0.950435 0.958803 0.883657 0.968966 0.936297 0.976994 0.975180 0.968777 0.981288 0.966451 0.886696 0.929352 0.813902 0.957921 0.995920 0.982672 0.967560 0.996838 0.961488 0.915185 0.972813 0.824840 0.829696 0.747203 0.797123 0.928790 0.903797 0.895782 0.975442 0.951329 0.934249 0.930352 0.948432 0.902908 0.911402 0.910381 0.911901 0.983967 0.910387 0.929190 0.758728 0.865741 0.821954 0.868522 0.989566 0.951286 0.901585 0.908239 0.930251 0.907086 0.946547 0.966310 0.918558
0.876434 0.954361 0.641649 0.544542 0.742860 0.693863 0.576992 0.674960 0.725373 0.931493 0.805637 0.872452 0.504236 0.634575 0.525198 0.537780 0.864827 0.925758 0.799667 0.958808 0.928800 0.871220 0.000000 0.414131 0.875515 0.726278 0.748999 0.898591 0.870496 0.917311 0.772817 0.757904 0.722555 0.787612 0.789420 0.820311 0.831567 0.982993 0.867569 0.989543 0.769756 0.822492 0.975518 0.984878 0.851939 0.892983 0.902041 0.767175 0.802259 0.889139 0.833616 0.890867 0.891731 0.847933 0.935059 0.935036 0.858858 0.859903 0.898007 0.932208 0.565717 0.800225 0.935097 0.961736 0.501408 0.521214 0.714858 0.594034 0.705240 0.786599 0.929859 0.865695 0.735175 0.739751 0.861506 0.906491 0.972076 0.826431 0.971282 0.950440 0.872523 0.802172 0.586717 0.880609 0.421331 0.458416 0.743396 0.625452 0.870883 0.788222 0.629088 0.869448 0.852423 0.917760 0.889925 0.898346 0.920646 0.996093 0.831012 0.725672 0.737314 0.732973 0.965247 0.825244 0.630248 0.796562 0.909761 0.973210 0.975942 0.983501 0.873548 0.878005 0.995537 0.965978 0.728158 0.941958
0.986493 0.976056 0.624823 0.480255 0.816730 0.743794 0.640667 0.729844 0.895355 0.833071 0.807493 0.879534 0.637885 0.735355 0.702623 0.589678 0.894158 0.928371 0.773299 0.891742 0.848394 0.939755 0.414131 0.000000 0.782096 0.718218 0.720997 0.949327 0.841701 0.886236 0.803074 0.760703 0.808148 0.780498 0.917361 0.828357 0.854867 0.923208 0.994342 0.953225 0.913572 0.919703 0.923132 0.946782 0.959098 0.974067 0.812945 0.819597 0.762552 0.914522 0.845836 0.971795 0.953241 0.912267 0.932008 0.950759 0.998162 0.947823 0.973442 0.981054 0.702623 0.862421 0.955687 0.994869 0.535598 0.522004 0.728207 0.599985 0.855876 0.844360 0.983031 0.778421 0.730080 0.776986 0.962427 0.939448 0.959997 0.847260 0.953806 0.856198 0.855861 0.754854 0.708901 0.866543 0.473163 0.473629 0.784987 0.641685 0.862428 0.811129 0.705823 0.835718 0.817323 0.836699 0.852074 0.930126 0.967072 0.893277 0.960888 0.827391 0.661370 0.838064 0.943232 0.873059 0.677509 0.716583 0.985728 0.942694 0.888793 0.951633 0.860527 0.995330 0.901953 0.937100 0.827459 0.749284
0.823744 0.897151 0.479783 0.693862 0.957057 0.945689 0.714735 0.899710 0.932390 0.885142 0.938708 0.717890 0.997999 0.795957 0.934217 0.874582 0.991146 0.903303 0.710386 0.985808 0.748384 0.879911 0.875515 0.782096 0.000000 0.500089 0.828454 0.950128 0.826718 0.806181 0.685324 0.884831 0.839754 0.843393 0.774552 0.999943 0.728267 0.898955 0.724710 0.770370 0.856730 0.926865 0.592543 0.724915 0.948524 0.927652 0.640061 0.732067 0.957199 0.834103 0.910445 0.949975 0.983633 0.878032 0.793539 0.795277 0.871760 0.993765 0.746244 0.923561 0.972803 0.751035 0.787342 0.663737 0.595019 0.817605 0.669716 0.763206 0.839725 0.981912 0.801040 0.881540 0.942298 0.906007 0.891907 0.997129 0.937994 0.883550 0.937958 0.933407 0.976800 0.862529 0.919562 0.878532 0.778500 0.800387 0.778167 0.982767 0.916590 0.845568 0.944764 0.844171 0.857100 0.805625 0.951586 0.773704 0.916049 0.995024 0.891489 0.903687 0.831872 0.978878 0.957050 0.880729 0.887160 0.934935 0.994156 0.911917 0.911502 0.950522 0.972737 0.920268 0.995195 0.954118 0.960986 0.705258
0.872562 0.956942 0.509551 0.569970 0.898325 0.848854 0.661077 0.985494 0.810209 0.752307 0.997634 0.767790 0.951758 0.800578 0.945278 0.949058 0.893457 0.873765 0.711751 0.910620 0.637715 0.991647 0.726278 0.718218 0.500089 0.000000 0.783954 0.821856 0.729802 0.686004 0.704967 0.935362 0.818380 0.855526 0.859982 0.906729 0.718760 0.938137 0.739842 0.835233 0.889870 0.912210 0.766770 0.863279 0.980193 0.966051 0.725465 0.847477 0.995753 0.984655 0.992535 0.991960 0.932314 0.888743 0.804747 0.816260 0.944705 0.931534 0.907257 0.951815 0.981366 0.792736 0.800475 0.675325 0.539406 0.699041 0.631517 0.677882 0.921350 0.840546 0.807467 0.886835 0.968640 0.972271 0.889177 0.887975 0.940349 0.882702 0.889964 0.954070 0.975939 0.879353 0.953372 0.932689 0.675712 0.630893 0.796674 0.935860 0.887952 0.755923 0.824023 0.732937 0.798711 0.770836 0.834458 0.876357 0.919556 0.964742 0.969169 0.880490 0.849069 0.911780 0.737169 0.959611 0.844352 0.842447 0.809552 0.969052 0.876006 0.891544 0.952651 0.855629 0.925620 0.861555 0.843003 0.810258
0.997842 0.911824 0.839044 0.840580 0.895088 0.926043 0.884577 0.995741 0.906214 0.857386 0.914317 0.898446 0.948344 0.994868 0.928335 0.960796 0.953395 0.930110 0.868937 0.974535 0.888486 0.931968 0.748999 0.720997 0.828454 0.783954 0.000000 0.965261 0.805603 0.942546 0.918154 0.856423 0.952139 0.932646 0.922485 0.986970 0.958881 0.991360 0.867422 0.996945 0.955193 0.975844 0.949002 0.902602 0.938629 0.927014 0.923824 0.985744 0.884257 0.913986 0.924072 0.843843 0.905812 0.905527 0.992177 0.929241 0.980094 0.921358 0.887052 0.857211 0.993832 0.899268 0.936941 0.884107 0.853670 0.863908 0.997100 0.937364 0.981896 0.966665 0.971334 0.949598 0.835753 0.931224 0.977414 0.964795 0.923304 0.914042 0.974982 0.919149 0.986384 0.951757 0.962041 0.970219 0.810763 0.771793 0.970864 0.839235 0.969978 0.997618 0.894741 0.956964 0.968608 0.901129 0.962115 0.916655 0.871768 0.763010 0.937564 0.956266 0.840120 0.918042 0.968707 0.973118 0.836699 0.850987 0.874736 0.877553 0.965753 0.962506 0.995411 0.980117 0.907484 0.924100 0.991026 0.842111
0.875795 0.908398 0.883542 0.839442 0.979326 0.847376 0.973837 0.997006 0.948906 0.907653 0.786268 0.861062 0.977349 0.989231 0.933286 0.981818 0.843321 0.853451 0.986608 0.826737 0.809669 0.936469 0.898591 0.949327 0.950128 0.821856 0.965261 0.000000 0.889051 0.919118 0.908829 0.987099 0.974599 0.943940 0.847919 0.991153 0.869253 0.994641 0.918649 0.892803 0.954530 0.963471 0.942850 0.897262 0.978151 0.927443 0.947154 0.995299 0.964304 0.974915 0.996096 0.880212 0.989352 0.898192 0.870430 0.984983 0.868667 0.917353 0.849273 0.892938 0.934003 0.888387 0.970279 0.873130 0.851500 0.949665 0.934259 0.996348 0.774532 0.880549 0.995688 0.942260 0.840599 0.923195 0.955318 0.915357 0.993368 0.967937 0.897550 0.918561 0.837965 0.856662 0.977224 0.985273 0.996799 0.947469 0.978608 0.945725 0.789156 0.997115 0.889634 0.885598 0.853132 0.940595 0.989426 0.998194 0.976593 0.903083 0.919072 0.939768 0.911638 0.838663 0.903750 0.901801 0.958188 0.967751 0.936275 0.922095 0.978869 0.945353 0.897175 0.961521 0.890058 0.816497 0.994933 0.918879
0.644493 0.604610 0.852252 0.886275 0.921287 0.931815 0.962378 0.815033 0.790432 0.637657 0.609073 0.486894 0.814752 0.700637 0.812776 0.810548 0.415081 0.430388 0.651598 0.479343 0.913808 0.855050 0.870496 0.841701 0.826718 0.729802 0.805603 0.889051 0.000000 0.397348 0.785873 0.803881 0.601164 0.588622 0.961184 0.854992 0.963866 0.900478 0.744964 0.948178 0.865152 0.902436 0.798070 0.604403 0.690367 0.594275 0.761061 0.718989 0.793646 0.831285 0.758601 0.933196 0.952919 0.928421 0.966929 0.861378 0.576213 0.557599 0.714981 0.735622 0.749682 0.725853 0.469253 0.482147 0.833787 0.885930 0.971213 0.909694 0.926096 0.558898 0.932931 0.879027 0.635983 0.653707 0.887576 0.866284 0.736334 0.925732 0.653946 0.698978 0.557894 0.717371 0.849616 0.889995 0.893608 0.878664 0.944423 0.973853 0.772211 0.945408 0.646830 0.588495 0.698411 0.678161 0.819867 0.886952 0.796200 0.828594 0.894920 0.874914 0.896806 0.993464 0.629657 0.744074 0.988167 0.919939 0.892018 0.835219 0.914132 0.717451 0.716641 0.781500 0.974650 0.800961 0.850441 0.923231
0.786058 0.690714 0.825220 0.867321 0.989418 0.894275 0.881697 0.887711 0.658179 0.710178 0.701506 0.532102 0.795772 0.641982 0.769191 0.787812 0.436947 0.419871 0.704444 0.474768 0.935915 0.929187 0.917311 0.886236 0.806181 0.686004 0.942546 0.919118 0.397348 0.000000 0.776518 0.726250 0.647132 0.595306 0.928619 0.875237 0.898622 0.989053 0.835768 0.922707 0.930172 0.958941 0.922268 0.711794 0.845140 0.763261 0.854859 0.808507 0.980789 0.966700 0.895492 0.921484 0.963752 0.969314 0.971242 0.766974 0.636403 0.617153 0.854381 0.826900 0.808713 0.792429 0.508374 0.499790 0.758594 0.826748 0.863735 0.998642 0.973864 0.589822 0.938026 0.813327 0.718489 0.718658 0.957613 0.825714 0.841818 0.889659 0.659997 0.616892 0.583649 0.704559 0.779465 0.863004 0.868416 0.865555 0.989587 0.989468 0.732648 0.859769 0.610992 0.455388 0.574648 0.569088 0.779720 0.888182 0.843163 0.840864 0.970469 0.950340 0.969265 0.909623 0.569261 0.897678 0.992189 0.870260 0.941939 0.766142 0.835737 0.653353 0.697604 0.873887 0.983655 0.837261 0.889500 0.842022
0.880016 0.753084 0.723216 0.773875 0.998184 0.755273 0.875457 0.967739 0.973259 0.831715 0.909812 0.966633 0.825721 0.893996 0.787195 0.795706 0.790871 0.802036 0.648579 0.791573 0.952946 0.898678 0.772817 0.803074 0.685324 0.704967 0.918154 0.908829 0.785873 0.776518 0.000000 0.600566 0.589512 0.692322 0.874836 0.965200 0.745002 0.856503 0.979392 0.863601 0.930431 0.934551 0.678271 0.686034 0.736020 0.721446 0.629761 0.575254 0.863130 0.801668 0.763951 0.937182 0.889468 0.844071 0.716674 0.970213 0.722777 0.769597 0.957419 0.909177 0.917116 0.934441 0.898054 0.951101 0.859572 0.997556 0.906818 0.850909 0.935139 0.836649 0.792286 0.757663 0.900149 0.909599 0.978167 0.760621 0.958757 0.848619 0.878959 0.698762 0.766971 0.749983 0.792376 0.799018 0.878888 0.895478 0.901895 0.807672 0.915030 0.922168 0.904544 0.857115 0.878014 0.880028 0.941459 0.782455 0.943676 0.849955 0.891324 0.974023 0.901084 0.965004 0.931663 0.993637 0.997791 0.956147 0.987512 0.835042 0.879556 0.907934 0.893663 0.913329 0.928417 0.987567 0.880489 0.969164
0.992170 0.902924 0.819782 0.873834 0.908480 0.915880 0.962531 0.986397 0.800972 0.993999 0.894086 0.868278 0.768118 0.719106 0.606912 0.733654 0.755653 0.771782 0.734763 0.754411 0.998348 0.941170 0.757904 0.760703 0.884831 0.935362 0.856423 0.987099 0.803881 0.726250 0.600566 0.000000 0.598532 0.808197 0.923069 0.913652 0.928500 0.885026 0.895160 0.858312 0.954007 0.858661 0.869371 0.820386 0.878497 0.851799 0.743830 0.731798 0.930493 0.931610 0.833163 0.969402 0.973458 0.945625 0.768573 0.957545 0.844332 0.776795 0.942189 0.966611 0.900203 0.975951 0.841441 0.832307 0.917910 0.985042 0.982424 0.900835 0.986067 0.865507 0.912282 0.663567 0.947106 0.922375 0.975599 0.893056 0.996344 0.827032 0.784928 0.594597 0.736996 0.724913 0.685541 0.718040 0.886527 0.859358 0.957458 0.751567 0.886006 0.951653 0.895605 0.836567 0.734264 0.841005 0.941454 0.937901 0.964566 0.805490 0.963106 0.943655 0.978692 0.970428 0.854923 0.947650 0.887689 0.884214 0.911048 0.903394 0.883807 0.877075 0.857096 0.816612 0.869724 0.903527 0.903247 0.997882
0.723420 0.596984 0.679034 0.640406 0.960642 0.933809 0.664635 0.665259 0.981866 0.769331 0.833705 0.681667 0.666074 0.696383 0.667952 0.760261 0.570474 0.599568 0.509159 0.561776 0.946449 0.897290 0.722555 0.808148 0.839754 0.818380 0.952139 0.974599 0.601164 0.647132 0.589512 0.598532 0.000000 0.516860 0.770879 0.981513 0.882949 0.921895 0.902578 0.968670 0.887141 0.830971 0.620485 0.530144 0.680538 0.649802 0.543273 0.526924 0.907343 0.822599 0.620978 0.773800 0.862368 0.925516 0.829591 0.995776 0.640015 0.628618 0.612575 0.688312 0.602512 0.767266 0.612087 0.677780 0.695116 0.747093 0.655732 0.557345 0.998255 0.824325 0.883845 0.722669 0.891034 0.914941 0.993203 0.861014 0.714039 0.813832 0.761398 0.638771 0.535269 0.612751 0.694132 0.765352 0.699304 0.725264 0.863728 0.887593 0.956082 0.727912 0.975883 0.890039 0.931143 0.927272 0.831993 0.831983 0.933579 0.891791 0.689170 0.695546 0.774374 0.801114 0.787071 0.840794 0.686096 0.897503 0.881775 0.923067 0.979418 0.865689 0.746360 0.859924 0.976505 0.972075 0.660674 0.998108
0.535180 0.501024 0.741039 0.660226 0.863056 0.944725 0.681853 0.582872 0.887672 0.837183 0.755241 0.560491 0.708746 0.709234 0.780212 0.741236 0.570541 0.508876 0.518006 0.541669 0.900699 0.912851 0.787612 0.780498 0.843393 0.855526 0.932646 0.943940 0.588622 0.595306 0.692322 0.808197 0.516860 0.000000 0.829843 0.996422 0.849732 0.856415 0.979645 0.951733 0.914436 0.880458 0.609932 0.496886 0.754639 0.667228 0.568231 0.525898 0.941678 0.918021 0.682628 0.893826 0.978983 0.915680 0.899365 0.975929 0.557921 0.604360 0.579048 0.624762 0.595486 0.645897 0.586446 0.604612 0.712541 0.694526 0.632403 0.537195 0.943247 0.733807 0.785450 0.716747 0.769357 0.742578 0.906364 0.886686 0.674860 0.705742 0.707053 0.683968 0.493394 0.576365 0.730583 0.722602 0.697910 0.685077 0.899755 0.873385 0.914519 0.822024 0.977072 0.828743 0.911102 0.936402 0.818760 0.726027 0.745046 0.838115 0.726723 0.692241 0.662493 0.982831 0.663139 0.785322 0.693356 0.885231 0.926909 0.868583 0.885442 0.687240 0.691076 0.792018 0.796817 0.897245 0.663293 0.870229
0.851955 0.874368 0.707266 0.705934 0.945239 0.801661 0.701813 0.806519 0.817600 0.921461 0.935127 0.942837 0.802290 0.936730 0.866224 0.950053 0.994491 0.981127 0.863012 0.921189 0.879759 0.958197 0.789420 0.917361 0.774552 0.859982 0.922485 0.847919 0.961184 0.928619 0.874836 0.923069 0.770879 0.829843 0.000000 0.870889 0.756509 0.960604 0.940399 0.991711 0.924734 0.998802 0.711800 0.721576 0.776517 0.772368 0.844283 0.729268 0.860072 0.753810 0.776197 0.753187 0.796610 0.875945 0.884872 0.854935 0.929128 0.882682 0.767473 0.815015 0.729827 0.798209 0.990444 0.976440 0.650471 0.707378 0.671745 0.683627 0.980610 0.909096 0.929811 0.973696 0.936837 0.914744 0.990037 0.924820 0.746962 0.793689 0.946849 0.942456 0.900024 0.879172 0.875050 0.802861 0.708499 0.753156 0.999651 0.930751 0.861955 0.775420 0.783325 0.837563 0.832942 0.797949 0.964885 0.802026 0.927655 0.956979 0.859035 0.908551 0.906692 0.711893 0.986722 0.887787 0.818689 0.979151 0.872596 0.995672 0.946129 0.959226 0.997469 0.939042 0.819798 0.942046 0.735780 0.943025
0.929964 0.993956 0.900247 0.891124 0.819548 0.863497 0.898228 0.946680 0.817776 0.969310 0.967396 0.952799 0.922116 0.962147 0.955013 0.998933 0.978343 0.974906 0.956147 0.952197 0.913318 0.844033 0.820311 0.828357 0.999943 0.906729 0.986970 0.991153 0.854992 0.875237 0.965200 0.913652 0.981513 0.996422 0.870889 0.000000 0.935662 0.985372 0.983802 0.879866 0.941473 0.969634 0.993796 0.935346 0.852721 0.913790 0.973766 0.981513 0.948715 0.937780 0.963369 0.939785 0.971135 0.972951 0.902602 0.994682 0.972749 0.909454 0.983611 0.998805 0.882965 0.887006 0.898177 0.923597 0.838126 0.879982 0.925848 0.924688 0.919798 0.935325 0.978835 0.947364 0.953970 0.936477 0.979476 0.933098 0.943380 0.882440 0.812581 0.984949 0.966853 0.930814 0.794661 0.933232 0.775943 0.831522 0.877351 0.765741 0.858552 0.819228 0.894075 0.963521 0.884084 0.953987 0.987025 0.941778 0.865593 0.947940 0.906109 0.923721 0.854457 0.869991 0.926194 0.880484 0.901910 0.930067 0.816054 0.925052 0.934138 0.987482 0.965445 0.991709 0.955172 0.982072 0.936296 0.998249
0.909824 0.807422 0.862598 0.908098 0.998212 0.874719 0.971711 0.936071 0.943718 0.972953 0.925692 0.928347 0.990579 0.825103 0.967444 0.931252 0.945964 0.984497 0.914806 0.949966 0.918414 0.834823 0.831567 0.854867 0.728267 0.718760 0.958881 0.869253 0.963866 0.898622 0.745002 0.928500 0.882949 0.849732 0.756509 0.935662 0.000000 0.674341 0.777973 0.888259 0.833540 0.890219 0.781660 0.860068 0.795691 0.734998 0.742253 0.723453 0.783919 0.677445 0.859069 0.812917 0.876074 0.875473 0.727794 0.703483 0.843049 0.814709 0.994920 0.975604 0.930964 0.985804 0.953224 0.979556 0.875819 0.973492 0.880354 0.811492 0.958409 0.924408 0.659023 0.857514 0.999825 0.940333 0.930630 0.931048 0.982364 0.751187 0.955008 0.946894 0.918468 0.877254 0.915943 0.786965 0.919702 0.952430 0.870302 0.854290 0.786673 0.826635 0.995322 0.937885 0.883098 0.968193 0.985033 0.830084 0.959492 0.828211 0.793200 0.955898 0.824155 0.967516 0.927166 0.934251 0.890949 0.809088 0.951890 0.895748 0.909809 0.839057 0.898938 0.956203 0.978383 0.923408 0.767201 0.957886
0.857974 0.770797 0.968884 0.956187 0.895729 0.884003 0.921634 0.999141 0.982807 0.783447 0.960051 0.927494 0.873198 0.907202 0.965861 0.977093 0.962386 0.906525 0.823442 0.824239 0.926164 0.797135 0.982993 0.923208 0.898955 0.938137 0.991360 0.994641 0.900478 0.989053 0.856503 0.885026 0.921895 0.856415 0.960604 0.985372 0.674341 0.000000 0.935630 0.980513 0.980710 0.833436 0.655350 0.745005 0.722149 0.691408 0.709727 0.663473 0.714046 0.684289 0.879137 0.846181 0.856191 0.980230 0.831805 0.801889 0.806236 0.803669 0.912275 0.971843 0.901295 0.924539 0.924832 0.954037 0.956575 0.951176 0.891496 0.936085 0.718750 0.824343 0.751271 0.687189 0.853308 0.826777 0.953700 0.966699 0.990273 0.861376 0.876163 0.908453 0.954768 0.938888 0.948127 0.902197 0.928563 0.999847 0.881536 0.974762 0.799317 0.955259 0.941991 0.944262 0.889618 0.938281 0.963158 0.788858 0.712550 0.720314 0.840467 0.808188 0.761262 0.921512 0.802022 0.680771 0.923395 0.703086 0.889040 0.992409 0.939940 0.921633 0.793948 0.892957 0.924247 0.834231 0.878906 0.826009
