0.000000 0.340563 0.947622 0.855791 0.946429 0.910763 0.795967 0.762832 0.928811 0.666133 0.452389 0.380169 0.580271 0.609178 0.799476 0.759513 0.408754 0.395714 0.463803 0.392262 0.918765 0.942385 0.877740 0.853192 0.987492 0.854398 0.928836 0.812684 0.471623 0.448543 0.832359 0.807325 0.623379 0.591230 0.984627 0.948858 0.816501 0.644584 0.992205 0.764993 0.838463 0.697745 0.788957 0.640123 0.867657 0.736127 0.591129 0.620148 0.648999 0.615443 0.788342 0.670703 0.912183 0.965439 0.779431 0.767230 0.390898 0.343129 0.523259 0.530930 0.673421 0.821950 0.537041 0.426162 0.809064 0.803464 0.878461 0.945877 0.374391 0.440693 0.764561 0.838556 0.659153 0.558177 0.793210 0.952492 0.665166 0.707347 0.530455 0.625340 0.362484 0.395663 0.496159 0.467447 0.748194 0.990732 0.959161 0.992127 0.888074 0.800120 0.891292 0.886718 0.825772 0.866034 0.978402 0.825381 0.881938 0.789729 0.724139 0.775357 0.962864 0.877009 0.564207 0.685763 0.890060 0.708776 0.928010 0.849537 0.868895 0.747094 0.909499 0.849045 0.813323 0.830077 0.825756 0.877982
0.340563 0.000000 0.998828 0.852460 0.954471 0.772923 0.712736 0.716345 0.955966 0.630668 0.498081 0.399106 0.717744 0.724123 0.969969 0.834425 0.443655 0.402085 0.408164 0.422288 0.851845 0.966632 0.909501 0.785321 0.997188 0.818419 0.947431 0.704664 0.465339 0.545973 0.797247 0.792310 0.658800 0.553948 0.979660 0.957255 0.819130 0.570669 0.969149 0.860659 0.902637 0.778933 0.587252 0.494928 0.701154 0.577381 0.576650 0.589531 0.514988 0.472867 0.642527 0.560553 0.748551 0.807981 0.859530 0.753726 0.287104 0.262292 0.567567 0.551453 0.730596 0.825351 0.602627 0.458207 0.786568 0.737609 0.895025 0.927441 0.515444 0.455558 0.817483 0.783897 0.788572 0.674930 0.969770 0.905375 0.612722 0.683433 0.487109 0.610577 0.363643 0.416660 0.633238 0.455579 0.816776 0.885346 0.874220 0.869381 0.886716 0.829712 0.987266 0.959906 0.953695 0.962537 0.895596 0.926178 0.886400 0.752464 0.687997 0.644309 0.881682 0.823699 0.489525 0.730414 0.907787 0.850697 0.848887 0.769237 0.960330 0.702278 0.737681 0.802162 0.669895 0.650914 0.811684 0.944120
0.947622 0.998828 0.000000 0.436055 0.954114 0.702580 0.624872 0.619147 0.416384 0.897874 0.931436 0.972103 0.779257 0.821720 0.807223 0.718306 0.799785 0.794473 0.869270 0.920036 0.923704 0.956240 0.567033 0.629896 0.539566 0.457515 0.952227 0.962652 0.909910 0.942515 0.531422 0.624699 0.720963 0.758253 0.644026 0.976534 0.684615 0.898193 0.698661 0.997287 0.998370 0.983823 0.742746 0.808122 0.937456 0.938879 0.696355 0.779014 0.770766 0.950584 0.901457 0.934705 0.963961 0.977204 0.883206 0.838801 0.950345 0.850953 0.975841 0.958248 0.583672 0.497360 0.798650 0.847263 0.364454 0.392617 0.774413 0.576416 0.926070 0.869472 0.649650 0.641809 0.677678 0.742042 0.962763 0.976616 0.705188 0.813033 0.919525 0.907012 0.821503 0.955680 0.893492 0.969527 0.722739 0.598874 0.949633 0.866392 0.724459 0.905286 0.789804 0.936476 0.839677 0.955449 0.820537 0.944753 0.808443 0.983571 0.806971 0.783901 0.868306 0.962667 0.896341 0.981488 0.743393 0.863264 0.896118 0.834118 0.737629 0.949795 0.917105 0.949133 0.835024 0.927724 0.730321 0.976254
0.855791 0.852460 0.436055 0.000000 0.863535 0.776239 0.534107 0.369468 0.500117 0.626611 0.864179 0.690780 0.638542 0.671953 0.732749 0.588873 0.962488 0.964561 0.691414 0.833711 0.929060 0.975467 0.417571 0.625156 0.648523 0.568100 0.954804 0.966840 0.991842 0.955896 0.470127 0.522400 0.632097 0.627968 0.773670 0.965438 0.683948 0.890358 0.747724 0.963481 0.952905 0.880862 0.635368 0.621562 0.939320 0.866201 0.625645 0.678804 0.872620 0.998840 0.985845 0.966122 0.947333 0.978862 0.948242 0.882285 0.935813 0.990146 0.806125 0.811803 0.524469 0.421248 0.995777 0.894245 0.535201 0.472718 0.701142 0.580734 0.810801 0.987949 0.578204 0.519475 0.720562 0.772330 0.971959 0.960695 0.623503 0.755241 0.837181 0.922329 0.969551 0.983241 0.869608 0.937372 0.797560 0.689089 0.977719 0.825684 0.729671 0.756726 0.755423 0.960206 0.803091 0.915905 0.859157 0.988265 0.767646 0.897604 0.695115 0.630638 0.682230 0.941712 0.988878 0.849086 0.569913 0.667157 0.922813 0.683280 0.674153 0.866379 0.783892 0.963404 0.726888 0.896204 0.639526 0.982550
0.946429 0.954471 0.954114 0.863535 0.000000 0.900514 0.981458 0.988420 0.934540 0.945068 0.857826 0.914985 0.883807 0.905298 0.889658 0.951095 0.981807 0.957464 0.915316 0.991454 0.958316 0.866614 0.822244 0.893808 0.746931 0.897088 0.939558 0.798670 0.979908 0.953289 0.800984 0.901185 0.988559 0.977520 0.731974 0.937303 0.912696 0.964290 0.761459 0.937827 0.941291 0.975824 0.814640 0.852809 0.681043 0.722359 0.859256 0.876529 0.755852 0.739060 0.681155 0.723184 0.729273 0.695611 0.983088 0.850916 0.956977 0.968876 0.976778 0.992929 0.978289 0.948449 0.949942 0.961041 0.900092 0.892687 0.989105 0.994308 0.744705 0.995290 0.956117 0.908339 0.996851 0.940403 0.982924 0.911940 0.921539 0.927107 0.899927 0.986976 0.996939 0.959018 0.785652 0.914955 0.877328 0.747948 0.852162 0.917713 0.979782 0.949088 0.815113 0.775401 0.800122 0.913581 0.917272 0.987884 0.963830 0.874238 0.808060 0.822419 0.877865 0.886780 0.883259 0.978998 0.962151 0.761728 0.991518 0.908783 0.895106 0.944088 0.908669 0.926069 0.921964 0.853070 0.926386 0.931504
0.910763 0.772923 0.702580 0.776239 0.900514 0.000000 0.969066 0.917000 0.737680 0.877818 0.700555 0.873753 0.785442 0.791175 0.661168 0.635484 0.654571 0.622732 0.738429 0.854996 0.825472 0.998341 0.729215 0.581539 0.715546 0.565966 0.967170 0.706056 0.708496 0.770816 0.928537 0.959251 0.961369 0.810612 0.885543 0.899336 0.802460 0.818503 0.720542 0.930876 0.965692 0.931352 0.992862 0.875890 0.890587 0.810395 0.987287 0.898693 0.825564 0.869637 0.939990 0.976674 0.880774 0.982498 0.663319 0.910202 0.594912 0.678607 0.783681 0.866831 0.879422 0.721781 0.668070 0.713563 0.631149 0.565664 0.980259 0.891674 0.974659 0.851909 0.740634 0.851579 0.793761 0.919024 0.890769 0.996790 0.933426 0.914338 0.801723 0.933690 0.766660 0.991174 0.869301 0.842573 0.671770 0.620291 0.861825 0.965044 0.843811 0.890972 0.731140 0.824842 0.746073 0.773572 0.990266 0.996038 0.716160 0.790238 0.965003 0.933727 0.944958 0.929519 0.786299 0.865411 0.913435 0.966720 0.822326 0.927284 0.781143 0.848187 0.943173 0.955985 0.971316 0.957771 0.994784 0.893563
0.795967 0.712736 0.624872 0.534107 0.981458 0.969066 0.000000 0.335982 0.738360 0.578761 0.698819 0.694929 0.858032 0.822825 0.877818 0.988044 0.731423 0.802793 0.652734 0.835789 0.962979 0.953090 0.855238 0.899566 0.913348 0.883071 0.663482 0.640501 0.826505 0.827482 0.575820 0.716368 0.440888 0.408138 0.785775 0.809948 0.994802 0.932849 0.981808 0.853430 0.954479 0.969440 0.554156 0.535567 0.533157 0.529499 0.584342 0.565906 0.748479 0.660392 0.655244 0.685941 0.703863 0.793901 0.932115 0.932540 0.718713 0.756400 0.486982 0.571309 0.348111 0.607589 0.604826 0.612594 0.922642 0.821137 0.329975 0.368005 0.916142 0.961002 0.794018 0.710429 0.912136 0.916132 0.965924 0.862162 0.568910 0.843329 0.701648 0.823468 0.791129 0.995800 0.838107 0.937128 0.976653 0.955125 0.963425 0.766817 0.963312 0.967383 0.702256 0.822373 0.679300 0.843539 0.770100 0.925537 0.860423 0.705146 0.502909 0.569411 0.513827 0.746877 0.746675 0.595336 0.684560 0.772648 0.827432 0.614543 0.831134 0.794371 0.627417 0.739999 0.586320 0.714149 0.618468 0.855160
0.762832 0.716345 0.619147 0.369468 0.988420 0.917000 0.335982 0.000000 0.595749 0.375537 0.711214 0.573948 0.729141 0.687657 0.923057 0.725389 0.781216 0.834543 0.590760 0.783835 0.861952 0.936368 0.652258 0.944822 0.973588 0.856854 0.783822 0.786860 0.838930 0.821459 0.509706 0.636709 0.497542 0.424547 0.827009 0.914210 0.837828 0.952230 0.901779 0.858429 0.943826 0.893082 0.473913 0.434242 0.654899 0.579674 0.489418 0.505897 0.839247 0.712804 0.690349 0.693588 0.719966 0.748045 0.926179 0.949296 0.782087 0.805372 0.521022 0.590876 0.359885 0.396864 0.702502 0.606792 0.839460 0.684863 0.478811 0.422969 0.863669 0.900396 0.587051 0.540906 0.809307 0.869282 0.975391 0.931451 0.567899 0.786764 0.627134 0.831743 0.846653 0.988530 0.844609 0.939171 0.989635 0.981237 0.898158 0.687111 0.918871 0.947756 0.667373 0.846768 0.705492 0.894602 0.803721 0.891443 0.758659 0.700285 0.486545 0.453724 0.495868 0.865143 0.746189 0.627441 0.551380 0.726809 0.876033 0.551412 0.722736 0.732361 0.638384 0.719308 0.519329 0.738330 0.627778 0.905214
0.928811 0.955966 0.416384 0.500117 0.934540 0.737680 0.738360 0.595749 0.000000 0.752982 0.954660 0.894535 0.772062 0.735044 0.694844 0.596203 0.774485 0.756500 0.868511 0.949840 0.982178 0.999737 0.563123 0.666813 0.649592 0.487152 0.967132 0.971217 0.914070 0.840961 0.572735 0.707333 0.766569 0.809697 0.720412 0.954889 0.642189 0.845581 0.712008 0.946553 0.914275 0.961876 0.573518 0.695730 0.823145 0.844134 0.640574 0.775299 0.930438 0.956552 0.896913 0.894691 0.792767 0.743514 0.978425 0.936408 0.941636 0.857531 0.943365 0.998669 0.624785 0.404488 0.715221 0.858750 0.479674 0.431965 0.843676 0.703751 0.924557 0.846795 0.531373 0.507579 0.693809 0.857335 0.900962 0.996148 0.727694 0.841519 0.987265 0.933386 0.816433 0.981832 0.950887 0.940299 0.751431 0.703766 0.907752 0.815963 0.695640 0.847487 0.614900 0.729793 0.694592 0.806069 0.804640 0.923939 0.677749 0.928494 0.660357 0.641633 0.783969 0.896584 0.991794 0.997803 0.745451 0.861569 0.866148 0.708092 0.858498 0.847236 0.879476 0.961745 0.758173 0.824009 0.825059 0.753249
0.666133 0.630668 0.897874 0.626611 0.945068 0.877818 0.578761 0.375537 0.752982 0.000000 0.648930 0.558822 0.786961 0.754939 0.955747 0.835014 0.668817 0.691107 0.550494 0.713757 0.707591 0.885376 0.890750 0.820792 0.753568 0.897030 0.826565 0.789319 0.730087 0.781331 0.711863 0.779900 0.609161 0.547260 0.958882 0.938852 0.819377 0.819080 0.989958 0.991122 0.824975 0.792755 0.506944 0.428622 0.653083 0.507016 0.591432 0.527171 0.658417 0.581894 0.609612 0.586891 0.667666 0.619135 0.965913 0.899246 0.644901 0.662778 0.555067 0.663516 0.580510 0.562939 0.684610 0.549497 0.897733 0.994228 0.700973 0.712775 0.814968 0.747062 0.579979 0.599796 0.939055 0.826230 0.948206 0.986841 0.641656 0.843615 0.611258 0.852997 0.730564 0.948005 0.884286 0.871201 0.872251 0.743682 0.874545 0.651354 0.925657 0.984191 0.703321 0.778223 0.764696 0.870582 0.918860 0.813602 0.775525 0.684703 0.477447 0.470617 0.577391 0.787450 0.588336 0.622163 0.646552 0.845518 0.992428 0.535115 0.859432 0.651237 0.658911 0.633548 0.558202 0.742347 0.857205 0.978469
0.452389 0.498081 0.931436 0.864179 0.857826 0.700555 0.698819 0.711214 0.954660 0.648930 0.000000 0.475870 0.724815 0.748951 0.930022 0.883596 0.377082 0.340197 0.425248 0.412350 0.863551 0.914854 0.925733 0.789533 0.958342 0.813495 0.929852 0.760012 0.397078 0.394215 0.689623 0.724469 0.564603 0.437334 0.988960 0.973105 0.995458 0.765056 0.957150 0.922296 0.862136 0.740695 0.921573 0.732407 0.967057 0.828182 0.708820 0.688293 0.871247 0.817090 0.999384 0.894666 0.895127 0.884003 0.965472 0.965936 0.436177 0.474182 0.558510 0.554385 0.632711 0.886315 0.413295 0.389452 0.797860 0.835217 0.809728 0.826533 0.448809 0.577449 0.843979 0.985180 0.750610 0.618124 0.842736 0.932469 0.786455 0.685895 0.622081 0.833692 0.551812 0.723603 0.538571 0.572160 0.993153 0.920619 0.838764 0.831480 0.808502 0.915061 0.705187 0.668921 0.646618 0.672025 0.998488 0.826258 0.903047 0.702184 0.890583 0.872754 0.919475 0.934466 0.654414 0.603839 0.915226 0.697277 0.952603 0.926077 0.961675 0.738236 0.905913 0.996275 0.750696 0.871799 0.825141 0.868806
0.380169 0.399106 0.972103 0.690780 0.914985 0.873753 0.694929 0.573948 0.894535 0.558822 0.475870 0.000000 0.463222 0.482988 0.711628 0.575713 0.433847 0.394446 0.378540 0.408313 0.923233 0.935534 0.658339 0.957753 0.963279 0.855588 0.981309 0.681301 0.450843 0.395941 0.604551 0.610657 0.539721 0.511347 0.948120 0.969187 0.799948 0.684617 0.999231 0.916452 0.838612 0.741048 0.677208 0.558258 0.893984 0.754849 0.591195 0.634663 0.765922 0.735666 0.785640 0.726241 0.903406 0.887668 0.911886 0.834226 0.506187 0.429681 0.565695 0.559705 0.563352 0.651777 0.493042 0.348009 0.824260 0.898978 0.854589 0.859412 0.495535 0.572128 0.644810 0.641806 0.651121 0.647851 0.926683 0.941198 0.639768 0.666694 0.441368 0.718517 0.407069 0.505861 0.529844 0.491335 0.884980 0.975605 0.844526 0.787594 0.955664 0.841116 0.945792 0.862152 0.873489 0.819870 0.947099 0.800384 0.912072 0.685611 0.737467 0.694013 0.848241 0.871189 0.628299 0.625659 0.722935 0.679660 0.979393 0.792813 0.825040 0.705614 0.883267 0.897638 0.780212 0.772970 0.720493 0.880617
0.580271 0.717744 0.779257 0.638542 0.883807 0.785442 0.858032 0.729141 0.772062 0.786961 0.724815 0.463222 0.000000 0.410101 0.407916 0.457958 0.771635 0.745185 0.712355 0.572665 0.816022 0.957339 0.510597 0.759258 0.752595 0.847604 0.936766 0.862288 0.725389 0.661536 0.594271 0.676012 0.655628 0.814501 0.969667 0.852198 0.732377 0.834898 0.854430 0.843769 0.833076 0.750965 0.844812 0.837914 0.897682 0.980162 0.730494 0.791628 0.952148 0.988177 0.971987 0.892512 0.948285 0.937118 0.806821 0.865346 0.890173 0.779037 0.887257 0.849917 0.640748 0.588842 0.824026 0.699017 0.838697 0.822424 0.993404 0.937630 0.523226 0.700274 0.525290 0.600263 0.499839 0.635180 0.858160 0.950417 0.686602 0.822516 0.716851 0.804325 0.667633 0.542697 0.646917 0.657502 0.621955 0.733345 0.936213 0.886454 0.771103 0.723771 0.931387 0.957293 0.967100 0.980197 0.960823 0.748095 0.692698 0.849811 0.863086 0.905608 0.977802 0.902768 0.948519 0.794003 0.761003 0.708244 0.925313 0.850456 0.720726 0.917029 0.969598 0.979056 0.928259 0.918273 0.744647 0.926017
0.609178 0.724123 0.821720 0.671953 0.905298 0.791175 0.822825 0.687657 0.735044 0.754939 0.748951 0.482988 0.410101 0.000000 0.472812 0.399159 0.701382 0.706649 0.629645 0.587016 0.901744 0.978589 0.482441 0.726429 0.763423 0.841824 0.901224 0.945250 0.709158 0.629210 0.600012 0.565543 0.565620 0.772046 0.990936 0.961305 0.669224 0.791428 0.876412 0.818872 0.827898 0.729506 0.753304 0.751312 0.959808 0.962486 0.684737 0.860161 0.992616 0.991430 0.860272 0.847977 0.773713 0.774001 0.869056 0.915259 0.836129 0.795033 0.893506 0.904900 0.601529 0.537439 0.785603 0.649837 0.936332 0.824664 0.890128 0.877735 0.646036 0.761132 0.480278 0.534264 0.498780 0.741201 0.809548 0.990744 0.720429 0.792130 0.641727 0.837803 0.645063 0.678315 0.617704 0.732738 0.638440 0.715869 0.897816 0.786365 0.823760 0.759371 0.829787 0.987157 0.981891 0.971458 0.994566 0.858661 0.713762 0.833891 0.748500 0.828696 0.893304 0.829018 0.861544 0.632465 0.835617 0.666261 0.866975 0.804326 0.780932 0.809559 0.967643 0.959314 0.878316 0.885886 0.808904 0.998022
0.799476 0.969969 0.807223 0.732749 0.889658 0.661168 0.877818 0.923057 0.694844 0.955747 0.930022 0.711628 0.407916 0.472812 0.000000 0.386904 0.951780 0.977095 0.915218 0.741095 0.792602 0.906076 0.481130 0.637425 0.652969 0.796770 0.880624 0.866485 0.873370 0.780491 0.672998 0.674920 0.821874 0.971814 0.949880 0.869201 0.652074 0.854134 0.857600 0.769764 0.844248 0.882307 0.972232 0.987461 0.736588 0.780382 0.817218 0.924823 0.789315 0.832401 0.901503 0.993846 0.995075 0.978776 0.849183 0.965568 0.906570 0.983690 0.870454 0.946272 0.840012 0.677428 0.942202 0.933487 0.754500 0.741611 0.807628 0.893700 0.661943 0.877461 0.534529 0.682152 0.592435 0.768012 0.944188 0.847770 0.838399 0.843582 0.919036 0.864293 0.872496 0.751183 0.791770 0.866616 0.629464 0.640746 0.972052 0.928589 0.714673 0.833529 0.990604 0.908491 0.846420 0.927290 0.990592 0.932485 0.738234 0.969531 0.985942 0.942583 0.893576 0.995954 0.910590 0.960533 0.865616 0.746923 0.913797 0.936602 0.741132 0.930756 0.825256 0.868649 0.868435 0.925019 0.810529 0.964669
0.759513 0.834425 0.718306 0.588873 0.951095 0.635484 0.988044 0.725389 0.596203 0.835014 0.883596 0.575713 0.457958 0.399159 0.386904 0.000000 0.963040 0.947070 0.768887 0.680191 0.895240 0.921157 0.365334 0.528304 0.593508 0.732680 0.922055 0.920704 0.838912 0.730921 0.526850 0.522077 0.761177 0.881292 0.878642 0.940984 0.650655 0.751848 0.731688 0.851383 0.929954 0.814103 0.762632 0.800300 0.894753 0.958272 0.671448 0.832585 0.857461 0.914090 0.974755 0.914392 0.878472 0.874811 0.834490 0.989343 0.955212 0.988028 0.988972 0.905047 0.713472 0.451440 0.922499 0.866825 0.717425 0.602376 0.933523 0.879109 0.770417 0.841919 0.468229 0.618569 0.530471 0.723017 0.930743 0.893722 0.858902 0.733435 0.784924 0.848197 0.832889 0.702307 0.726965 0.765243 0.680419 0.585592 0.972022 0.837534 0.760749 0.761012 0.920864 0.930429 0.939637 0.896082 0.973032 0.872248 0.726688 0.886890 0.905657 0.861065 0.975027 0.983907 0.984336 0.926286 0.823428 0.743392 0.903821 0.902225 0.720876 0.889622 0.985036 0.909332 0.979247 0.983929 0.735430 0.874500
0.408754 0.443655 0.799785 0.962488 0.981807 0.654571 0.731423 0.781216 0.774485 0.668817 0.377082 0.433847 0.771635 0.701382 0.951780 0.963040 0.000000 0.266023 0.438023 0.420835 0.852226 0.999176 0.948910 0.635145 0.761700 0.579581 0.954370 0.710406 0.333349 0.323108 0.843262 0.828677 0.540043 0.501420 0.846515 0.921007 0.998622 0.795664 0.813532 0.918104 0.841434 0.768684 0.829119 0.649988 0.786992 0.693334 0.666649 0.676541 0.611135 0.616369 0.739085 0.658289 0.878396 0.912769 0.975207 0.841070 0.388349 0.343581 0.489654 0.573662 0.687180 0.998606 0.290266 0.265761 0.524354 0.568071 0.791399 0.940073 0.495893 0.511681 0.946057 0.968167 0.839779 0.753402 0.857487 0.961475 0.756838 0.748204 0.448303 0.724402 0.332330 0.649602 0.576590 0.563200 0.960359 0.745092 0.836619 0.844025 0.775955 0.942564 0.776025 0.766191 0.719573 0.734898 0.936079 0.784475 0.941636 0.642714 0.778315 0.833055 0.875750 0.940974 0.569409 0.520388 0.919693 0.799363 0.966120 0.851559 0.930955 0.679959 0.890136 0.857886 0.781132 0.824192 0.825775 0.769674
0.395714 0.402085 0.794473 0.964561 0.957464 0.622732 0.802793 0.834543 0.756500 0.691107 0.340197 0.394446 0.745185 0.706649 0.977095 0.947070 0.266023 0.000000 0.383487 0.406725 0.848143 0.947499 0.992580 0.707324 0.808145 0.617193 0.973753 0.715176 0.320432 0.337682 0.849224 0.802612 0.590936 0.527226 0.825967 0.962670 0.985813 0.712670 0.809847 0.898079 0.854194 0.717330 0.910273 0.702983 0.912808 0.798111 0.766188 0.738159 0.710420 0.719809 0.857395 0.795120 0.972932 0.988172 0.964721 0.897679 0.344775 0.318626 0.549547 0.599002 0.767332 0.956773 0.313291 0.281833 0.550262 0.561566 0.911799 0.977451 0.461074 0.505617 0.916410 0.978331 0.843712 0.740817 0.858080 0.970856 0.816576 0.746532 0.462893 0.828843 0.375057 0.602956 0.525990 0.491345 0.964020 0.746897 0.875944 0.879154 0.759198 0.997127 0.724245 0.718287 0.677189 0.718352 0.978368 0.837900 0.883779 0.676297 0.857595 0.887430 0.968561 0.918559 0.553027 0.579197 0.905521 0.796405 0.926863 0.898077 0.956143 0.750076 0.858377 0.927692 0.804127 0.771595 0.881837 0.789775
0.463803 0.408164 0.869270 0.691414 0.915316 0.738429 0.652734 0.590760 0.868511 0.550494 0.425248 0.378540 0.712355 0.629645 0.915218 0.768887 0.438023 0.383487 0.000000 0.391086 0.851596 0.946508 0.719233 0.939987 0.934043 0.903254 0.989768 0.747343 0.454823 0.488719 0.664813 0.606853 0.505951 0.439911 0.982516 0.931983 0.699144 0.622508 0.998433 0.884451 0.872600 0.677125 0.607023 0.497538 0.812921 0.678366 0.557925 0.594131 0.761686 0.709211 0.844005 0.789482 0.937156 0.945538 0.961061 0.989921 0.363371 0.416894 0.562778 0.601597 0.623494 0.731420 0.526154 0.408724 0.878067 0.901796 0.798793 0.805697 0.535066 0.603541 0.727546 0.713545 0.772701 0.659723 0.982504 0.943124 0.665650 0.680987 0.502963 0.799433 0.528742 0.685575 0.573986 0.511028 0.910463 0.972797 0.825568 0.824178 0.941584 0.908053 0.920476 0.813827 0.816732 0.781896 0.842276 0.887127 0.997575 0.675226 0.678776 0.648783 0.882416 0.844085 0.581430 0.592908 0.814008 0.780162 0.892976 0.797940 0.926935 0.566818 0.804485 0.847778 0.703842 0.647885 0.739296 0.839450
0.392262 0.422288 0.920036 0.833711 0.991454 0.854996 0.835789 0.783835 0.949840 0.713757 0.412350 0.408313 0.572665 0.587016 0.741095 0.680191 0.420835 0.406725 0.391086 0.000000 0.936205 0.998902 0.735403 0.978226 0.909671 0.891426 0.860935 0.724514 0.423202 0.432144 0.736931 0.698778 0.641172 0.589855 0.994271 0.933273 0.766554 0.618619 0.973800 0.740943 0.856008 0.694014 0.786320 0.694774 0.969467 0.839365 0.650802 0.703685 0.812635 0.777700 0.927643 0.816747 0.993578 0.967940 0.938865 0.974150 0.456989 0.430961 0.695408 0.638150 0.718010 0.775247 0.611603 0.487264 0.889636 0.887004 0.975538 0.991592 0.444213 0.468736 0.760788 0.851313 0.632178 0.599198 0.881266 0.951862 0.728150 0.742633 0.585621 0.730977 0.507087 0.521723 0.563901 0.425069 0.764662 0.931992 0.806989 0.822743 0.978188 0.860520 0.841776 0.742896 0.707783 0.768644 0.920319 0.849737 0.952788 0.729071 0.857319 0.838989 0.998442 0.883652 0.720470 0.737826 0.867287 0.809326 0.946515 0.877804 0.839701 0.673711 0.979965 0.979349 0.860977 0.867587 0.866006 0.784276
0.918765 0.851845 0.923704 0.929060 0.958316 0.825472 0.962979 0.861952 0.982178 0.707591 0.863551 0.923233 0.816022 0.901744 0.792602 0.895240 0.852226 0.848143 0.851596 0.936205 0.000000 0.947144 0.795038 0.728233 0.796427 0.862117 0.937280 0.970390 0.908533 0.944173 0.911313 0.813822 0.973207 0.849064 0.964432 0.914679 0.950738 0.811996 0.970629 0.957946 0.994039 0.943001 0.810128 0.839420 0.872527 0.836221 0.895296 0.805593 0.844907 0.782802 0.873718 0.836564 0.928546 0.880262 0.972131 0.956441 0.781915 0.847440 0.787671 0.799121 0.969758 0.912434 0.905249 0.852249 0.883898 0.864808 0.972459 0.957736 0.949410 0.863535 0.985163 0.996004 0.967264 0.921768 0.927672 0.945130 0.924311 0.940109 0.906350 0.948649 0.918727 0.936004 0.984071 0.877092 0.746650 0.701585 0.984793 0.883104 0.940867 0.824883 0.965456 0.953963 0.960851 0.896558 0.981779 0.936541 0.930082 0.826674 0.830473 0.793627 0.867640 0.939183 0.831417 0.936704 0.997254 0.977264 0.814547 0.970743 0.989892 0.945954 0.772575 0.726267 0.786472 0.795532 0.881881 0.859417
0.942385 0.966632 0.956240 0.975467 0.866614 0.998341 0.953090 0.936368 0.999737 0.885376 0.914854 0.935534 0.957339 0.978589 0.906076 0.921157 0.999176 0.947499 0.946508 0.998902 0.947144 0.000000 0.978132 0.991814 0.889263 0.939327 0.812050 0.982552 0.993159 0.962088 0.969069 0.947683 0.944150 0.896085 0.932417 0.973264 0.913844 0.887727 0.985859 0.760797 0.910533 0.942312 0.990518 0.910171 0.984404 0.958174 0.990339 0.996317 0.969358 0.895361 0.918337 0.920779 0.925542 0.907028 0.925723 0.834663 0.992722 0.986689 0.908520 0.924347 0.940240 0.961530 0.988083 0.995379 0.971544 0.900960 0.837475 0.841251 0.987082 0.862279 0.976406 0.878018 0.948018 0.722802 0.871652 0.914912 0.936229 0.828949 0.897958 0.924023 0.928528 0.967573 0.950553 0.930638 0.999944 0.896742 0.970437 0.890600 0.950912 0.998642 0.919921 0.903816 0.956018 0.974592 0.980733 0.958750 0.734982 0.968725 0.995683 0.963038 0.972293 0.973123 0.934744 0.841437 0.880083 0.976627 0.945771 0.928674 0.993071 0.976781 0.958607 0.778901 0.941822 0.976658 0.906004 0.959313
0.877740 0.909501 0.567033 0.417571 0.822244 0.729215 0.855238 0.652258 0.563123 0.890750 0.925733 0.658339 0.510597 0.482441 0.481130 0.365334 0.948910 0.992580 0.719233 0.735403 0.795038 0.978132 0.000000 0.452200 0.497856 0.616876 0.930708 0.945666 0.930875 0.851567 0.465926 0.449608 0.727987 0.856518 0.954560 0.913536 0.618624 0.753290 0.779391 0.923959 0.911463 0.832638 0.790508 0.808039 0.792280 0.847393 0.767936 0.886217 0.677827 0.755401 0.852852 0.875993 0.973101 0.935871 0.977232 0.865604 0.979416 0.985921 0.947260 0.963296 0.696002 0.518583 0.924625 0.919155 0.555191 0.519093 0.993986 0.847730 0.795687 0.923564 0.547912 0.548502 0.524682 0.825077 0.995974 0.970179 0.779328 0.770603 0.851769 0.916180 0.973396 0.834906 0.693979 0.797150 0.647571 0.536382 0.946575 0.908726 0.675562 0.683972 0.948911 0.834069 0.944100 0.970484 0.832698 0.982802 0.806067 0.965838 0.910040 0.867771 0.977289 0.999900 0.886634 0.972085 0.765982 0.727624 0.960645 0.824682 0.744713 0.922853 0.978878 0.882300 0.966247 0.982800 0.639140 0.982797
0.853192 0.785321 0.629896 0.625156 0.893808 0.581539 0.899566 0.944822 0.666813 0.820792 0.789533 0.957753 0.759258 0.726429 0.637425 0.528304 0.635145 0.707324 0.939987 0.978226 0.728233 0.991814 0.452200 0.000000 0.434308 0.475526 0.868109 0.837723 0.793054 0.856282 0.704402 0.698048 0.990936 0.852848 0.859628 0.986434 0.765997 0.984228 0.619326 0.872588 0.946681 0.915761 0.988030 0.933317 0.752761 0.713914 0.981131 0.891895 0.596652 0.621924 0.723456 0.708046 0.912377 0.809434 0.996130 0.834085 0.692493 0.688873 0.719380 0.839853 0.923490 0.680331 0.629962 0.692330 0.455892 0.430622 0.936374 0.886787 0.969065 0.810871 0.751399 0.808445 0.670714 0.846862 0.945066 0.954621 0.997055 0.921445 0.905336 0.961748 0.745950 0.939497 0.979382 0.947956 0.607361 0.404822 0.899104 0.842934 0.636113 0.672733 0.933151 0.866767 0.988393 0.952647 0.982591 0.878299 0.849412 0.825509 0.884829 0.940293 0.883897 0.909640 0.673221 0.870426 0.916499 0.897510 0.969415 0.922701 0.866622 0.809999 0.903774 0.699378 0.827577 0.901852 0.856997 0.875739
0.987492 0.997188 0.539566 0.648523 0.746931 0.715546 0.913348 0.973588 0.649592 0.753568 0.958342 0.963279 0.752595 0.763423 0.652969 0.593508 0.761700 0.808145 0.934043 0.909671 0.796427 0.889263 0.497856 0.434308 0.000000 0.455927 0.797076 0.766073 0.904099 0.933315 0.654000 0.658656 0.974454 0.952183 0.825474 0.940737 0.704886 0.750047 0.572126 0.846628 0.908541 0.972795 0.992945 0.914726 0.729437 0.721062 0.951129 0.950071 0.612328 0.694991 0.658902 0.692150 0.805173 0.725892 0.950787 0.887830 0.905225 0.840086 0.764844 0.927872 0.929137 0.755593 0.652023 0.736290 0.421279 0.507676 0.879753 0.919819 0.816553 0.940589 0.831152 0.808734 0.577644 0.691253 0.997929 0.997078 0.945757 0.800632 0.887154 0.907259 0.907481 0.782615 0.816750 0.866124 0.561974 0.357905 0.941542 0.839975 0.649775 0.693142 0.898552 0.784307 0.844697 0.851539 0.949220 0.908780 0.988881 0.835488 0.841542 0.877814 0.809206 0.862273 0.755738 0.852411 0.981457 0.877343 0.896930 0.860197 0.864773 0.910075 0.891238 0.717832 0.870111 0.877683 0.785058 0.920664
0.854398 0.818419 0.457515 0.568100 0.897088 0.565966 0.883071 0.856854 0.487152 0.897030 0.813495 0.855588 0.847604 0.841824 0.796770 0.732680 0.579581 0.617193 0.903254 0.891426 0.862117 0.939327 0.616876 0.475526 0.455927 0.000000 0.974013 0.794715 0.694073 0.678842 0.716592 0.817876 0.946497 0.951689 0.718676 0.882344 0.773478 0.938312 0.581450 0.997432 0.984448 0.926838 0.917582 0.942456 0.917898 0.844365 0.958413 0.957238 0.680159 0.741239 0.807476 0.783504 0.977638 0.917536 0.908623 0.911934 0.739518 0.656944 0.760166 0.807732 0.815608 0.652337 0.592748 0.616466 0.367410 0.394714 0.905282 0.772734 0.948536 0.783110 0.698298 0.702213 0.691854 0.834997 0.961321 0.960529 0.932228 0.984744 0.776277 0.993987 0.683653 0.969545 0.951921 0.877452 0.626839 0.484850 0.882972 0.857537 0.638025 0.740935 0.775074 0.878210 0.774077 0.790677 0.866889 0.936877 0.766276 0.879435 0.924411 0.986597 0.934101 0.916333 0.785938 0.899609 0.874786 0.862236 0.889673 0.951305 0.897980 0.888523 0.966322 0.816702 0.993040 0.997147 0.935213 0.819658
0.928836 0.947431 0.952227 0.954804 0.939558 0.967170 0.663482 0.783822 0.967132 0.826565 0.929852 0.981309 0.936766 0.901224 0.880624 0.922055 0.954370 0.973753 0.989768 0.860935 0.937280 0.812050 0.930708 0.868109 0.797076 0.974013 0.000000 0.826263 0.996795 0.961388 0.888387 0.933432 0.775335 0.873889 0.915671 0.831517 0.886611 0.715750 0.969881 0.902215 0.871103 0.847093 0.809795 0.867394 0.652545 0.715663 0.906274 0.861653 0.864956 0.881020 0.723984 0.793499 0.704033 0.662558 0.986370 0.974693 0.959953 0.922135 0.819668 0.900154 0.729149 0.814781 0.865456 0.879408 0.913468 0.929687 0.605280 0.650625 0.817850 0.887418 0.855383 0.901636 0.979411 0.946835 0.944546 0.954364 0.848994 0.962939 0.968364 0.923105 0.950953 0.779765 0.900209 0.721972 0.862330 0.846937 0.932303 0.678869 0.902599 0.683992 0.761517 0.810912 0.719375 0.882817 0.895750 0.970202 0.937735 0.974388 0.726143 0.852072 0.686664 0.830575 0.928391 0.812191 0.968247 0.963828 0.834320 0.771342 0.946427 0.950397 0.726372 0.861474 0.839497 0.867831 0.888739 0.914242
0.812684 0.704664 0.962652 0.966840 0.798670 0.706056 0.640501 0.786860 0.971217 0.789319 0.760012 0.681301 0.862288 0.945250 0.866485 0.920704 0.710406 0.715176 0.747343 0.724514 0.970390 0.982552 0.945666 0.837723 0.766073 0.794715 0.826263 0.000000 0.713401 0.735159 0.938081 0.946163 0.748612 0.730778 0.842270 0.897180 0.897228 0.957709 0.788770 0.906301 0.987326 0.898012 0.804809 0.725929 0.715256 0.679563 0.777788 0.757933 0.683102 0.724511 0.742263 0.751319 0.897186 0.889762 0.927174 0.886511 0.714248 0.663994 0.615184 0.633052 0.677188 0.857108 0.644566 0.661563 0.837827 0.892596 0.689553 0.779018 0.981736 0.883766 0.993825 0.966737 0.951415 0.952734 0.884664 0.929609 0.710065 0.938748 0.771518 0.785695 0.683079 0.766077 0.900614 0.817520 0.984040 0.868363 0.911661 0.833206 0.940768 0.940287 0.966046 0.979670 0.940900 0.904386 0.909634 0.961037 0.899691 0.668230 0.828548 0.752434 0.937564 0.722016 0.734291 0.743551 0.858546 0.966476 0.935247 0.820120 0.919595 0.828502 0.930048 0.890086 0.862174 0.826848 0.901248 0.864507
0.471623 0.465339 0.909910 0.991842 0.979908 0.708496 0.826505 0.838930 0.914070 0.730087 0.397078 0.450843 0.725389 0.709158 0.873370 0.838912 0.333349 0.320432 0.454823 0.423202 0.908533 0.993159 0.930875 0.793054 0.904099 0.694073 0.996795 0.713401 0.000000 0.293467 0.754942 0.704421 0.579719 0.534054 0.860797 0.966111 0.964049 0.705668 0.924242 0.807577 0.996657 0.821471 0.867471 0.702618 0.864998 0.740637 0.696779 0.660080 0.697618 0.660545 0.804691 0.684584 0.922539 0.946832 0.968106 0.925575 0.462834 0.405466 0.592463 0.526354 0.705257 0.926431 0.410588 0.344788 0.670289 0.715951 0.915438 0.955643 0.516000 0.582515 0.904196 0.975320 0.773932 0.700684 0.900450 0.960422 0.847045 0.762028 0.511474 0.780187 0.388772 0.607726 0.532320 0.544627 0.984615 0.851501 0.813799 0.814524 0.851557 0.961289 0.707535 0.668652 0.604225 0.630133 0.934465 0.841595 0.980684 0.712787 0.864836 0.882403 0.976561 0.948717 0.571983 0.619644 0.924044 0.836729 0.987438 0.908697 0.984053 0.746987 0.992059 0.964186 0.765107 0.792168 0.799283 0.842478
0.448543 0.545973 0.942515 0.955896 0.953289 0.770816 0.827482 0.821459 0.840961 0.781331 0.394215 0.395941 0.661536 0.629210 0.780491 0.730921 0.323108 0.337682 0.488719 0.432144 0.944173 0.962088 0.851567 0.856282 0.933315 0.678842 0.961388 0.735159 0.293467 0.000000 0.670628 0.622442 0.574034 0.535790 0.916257 0.966084 0.999233 0.798005 0.909975 0.807212 0.930951 0.830930 0.951262 0.760728 0.975736 0.846779 0.692733 0.698269 0.833040 0.790956 0.900382 0.773189 0.995835 0.980761 0.973500 0.973418 0.559622 0.490511 0.588215 0.563870 0.660590 0.888925 0.379797 0.315479 0.669991 0.756116 0.902783 0.902786 0.476425 0.585083 0.874295 0.998081 0.754073 0.668744 0.796852 0.975562 0.836893 0.657531 0.526463 0.727400 0.380999 0.638468 0.474854 0.557403 0.956877 0.889773 0.821951 0.805235 0.793595 0.882937 0.642215 0.577728 0.538564 0.549620 0.944042 0.793328 0.931048 0.695213 0.955632 0.956930 0.992910 0.995679 0.652068 0.610436 0.861014 0.706987 0.956386 0.966907 0.858305 0.750362 0.952162 0.997699 0.922043 0.919883 0.718772 0.760412
0.832359 0.797247 0.531422 0.470127 0.800984 0.928537 0.575820 0.509706 0.572735 0.711863 0.689623 0.604551 0.594271 0.600012 0.672998 0.526850 0.843262 0.849224 0.664813 0.736931 0.911313 0.969069 0.465926 0.704402 0.654000 0.716592 0.888387 0.938081 0.754942 0.670628 0.000000 0.411623 0.542472 0.549653 0.893692 0.870582 0.832650 0.841219 0.761926 0.978267 0.951003 0.883291 0.705697 0.704416 0.926563 0.861206 0.663035 0.674223 0.857041 0.985153 0.969713 0.948557 0.873008 0.916207 0.977331 0.895103 0.912754 0.948323 0.811462 0.769703 0.456526 0.468612 0.842423 0.714058 0.734542 0.602676 0.707203 0.543088 0.788231 0.929193 0.585599 0.644758 0.639572 0.688186 0.864599 0.955477 0.718459 0.609354 0.758012 0.885415 0.816072 0.876053 0.644977 0.877794 0.882962 0.755627 0.856437 0.775923 0.769022 0.933584 0.956545 0.871268 0.970885 0.882551 0.855668 0.804399 0.891732 0.718674 0.826833 0.794369 0.721752 0.967033 0.969911 0.764872 0.682832 0.664748 0.806249 0.712162 0.765550 0.894278 0.815343 0.959995 0.863534 0.925987 0.549755 0.994171
0.807325 0.792310 0.624699 0.522400 0.901185 0.959251 0.716368 0.636709 0.707333 0.779900 0.724469 0.610657 0.676012 0.565543 0.674920 0.522077 0.828677 0.802612 0.606853 0.698778 0.813822 0.947683 0.449608 0.698048 0.658656 0.817876 0.933432 0.946163 0.704421 0.622442 0.411623 0.000000 0.542478 0.635983 0.975065 0.946931 0.805372 0.728407 0.881686 0.839586 0.972912 0.872836 0.709972 0.661329 0.928622 0.843145 0.676546 0.764152 0.953508 0.986254 0.941314 0.915394 0.905777 0.918624 0.952965 0.896348 0.841520 0.925801 0.840241 0.836894 0.600824 0.594534 0.846190 0.730795 0.818257 0.698361 0.825118 0.691379 0.794229 0.961706 0.688726 0.701079 0.739725 0.724480 0.907035 0.999592 0.790804 0.600891 0.760281 0.855810 0.791934 0.904492 0.669236 0.735769 0.888227 0.741448 0.840427 0.761809 0.875229 0.997222 0.983217 0.782709 0.866934 0.860492 0.991058 0.868898 0.984951 0.836576 0.816137 0.840393 0.830399 0.875998 0.887735 0.794213 0.758372 0.716540 0.935373 0.768387 0.766720 0.832862 0.901020 0.984465 0.868312 0.889947 0.503616 0.956859
0.623379 0.658800 0.720963 0.632097 0.988559 0.961369 0.440888 0.497542 0.766569 0.609161 0.564603 0.539721 0.655628 0.565620 0.821874 0.761177 0.540043 0.590936 0.505951 0.641172 0.973207 0.944150 0.727987 0.990936 0.974454 0.946497 0.775335 0.748612 0.579719 0.574034 0.542472 0.542478 0.000000 0.431797 0.891263 0.839819 0.865768 0.872322 0.978084 0.951270 0.843335 0.744231 0.671405 0.535562 0.623899 0.606497 0.504189 0.613861 0.763716 0.718975 0.691453 0.677465 0.697774 0.771575 0.911531 0.929950 0.623347 0.659306 0.578504 0.710665 0.369238 0.626323 0.511091 0.490343 0.995483 0.921553 0.503841 0.584150 0.681726 0.828330 0.656024 0.635075 0.697555 0.749463 0.826051 0.995248 0.695882 0.699360 0.546863 0.754548 0.568255 0.773904 0.580061 0.735484 0.830733 0.930641 0.917215 0.790030 0.951826 0.954851 0.834497 0.987353 0.929824 0.966762 0.799953 0.824072 0.924410 0.625718 0.540310 0.676521 0.719609 0.820373 0.686160 0.452006 0.744629 0.737865 0.989699 0.689885 0.851427 0.731147 0.674595 0.820742 0.700370 0.684859 0.570232 0.985360
0.591230 0.553948 0.758253 0.627968 0.977520 0.810612 0.408138 0.424547 0.809697 0.547260 0.437334 0.511347 0.814501 0.772046 0.971814 0.881292 0.501420 0.527226 0.439911 0.589855 0.849064 0.896085 0.856518 0.852848 0.952183 0.951689 0.873889 0.730778 0.534054 0.535790 0.549653 0.635983 0.431797 0.000000 0.894034 0.864012 0.963269 0.864519 0.948281 0.958017 0.974017 0.887440 0.629874 0.494311 0.650126 0.547524 0.486729 0.447989 0.751662 0.672472 0.748816 0.706131 0.839991 0.899796 0.993121 0.966457 0.555399 0.596033 0.420708 0.461331 0.395547 0.645388 0.461310 0.428109 0.939401 0.942848 0.507747 0.495822 0.666129 0.812772 0.836702 0.820987 0.849843 0.742511 0.900874 0.924621 0.654943 0.639213 0.500220 0.760952 0.606094 0.895853 0.672029 0.759697 0.908133 0.897225 0.828638 0.718670 0.905468 0.925694 0.994234 0.895677 0.950762 0.810911 0.870036 0.884207 0.996603 0.545903 0.622541 0.603460 0.586064 0.922487 0.594822 0.508158 0.719767 0.671916 0.968392 0.701891 0.848440 0.680758 0.723290 0.812437 0.659625 0.696286 0.608269 0.828120
0.984627 0.979660 0.644026 0.773670 0.731974 0.885543 0.785775 0.827009 0.720412 0.958882 0.988960 0.948120 0.969667 0.990936 0.949880 0.878642 0.846515 0.825967 0.982516 0.994271 0.964432 0.932417 0.954560 0.859628 0.825474 0.718676 0.915671 0.842270 0.860797 0.916257 0.893692 0.975065 0.891263 0.894034 0.000000 0.984923 0.980244 0.957703 0.941865 0.888770 0.910685 0.946665 0.810320 0.889746 0.817576 0.829304 0.726168 0.769015 0.998222 0.851608 0.909097 0.885085 0.874160 0.894012 0.883693 0.985912 0.988276 0.912082 0.930444 0.865061 0.772621 0.688765 0.852248 0.876724 0.677814 0.700444 0.773149 0.671574 0.944225 0.930031 0.879165 0.889221 0.918940 0.839361 0.920880 0.891250 0.911826 0.916683 0.912610 0.910856 0.926930 0.946916 0.956467 0.908971 0.841737 0.830914 0.966602 0.953601 0.876405 0.944521 0.816820 0.840213 0.828087 0.923614 0.988727 0.966895 0.818760 0.927557 0.847704 0.857272 0.972643 0.869019 0.949527 0.971609 0.955813 0.991514 0.814215 0.900578 0.973981 0.971662 0.979494 0.955861 0.841392 0.945010 0.856331 0.957025
0.948858 0.957255 0.976534 0.965438 0.937303 0.899336 0.809948 0.914210 0.954889 0.938852 0.973105 0.969187 0.852198 0.961305 0.869201 0.940984 0.921007 0.962670 0.931983 0.933273 0.914679 0.973264 0.913536 0.986434 0.940737 0.882344 0.831517 0.897180 0.966111 0.966084 0.870582 0.946931 0.839819 0.864012 0.984923 0.000000 0.983012 0.848242 0.950560 0.948928 0.901926 0.969236 0.851345 0.837238 0.716796 0.772002 0.846301 0.891171 0.828633 0.818332 0.832468 0.859019 0.738866 0.852193 0.976166 0.926437 0.957940 0.945583 0.811005 0.915606 0.850414 0.931483 0.913038 0.909967 0.942677 0.994874 0.745714 0.766014 0.895173 0.917065 0.987371 0.953981 0.835021 0.943325 0.912739 0.890389 0.887038 0.903497 0.948267 0.949522 0.905546 0.935385 0.935612 0.866797 0.984313 0.990156 0.991419 0.976221 0.867626 0.904843 0.890312 0.843593 0.894679 0.978863 0.896453 0.980570 0.963393 0.885066 0.845893 0.781853 0.857060 0.957037 0.885998 0.808639 0.925212 0.989720 0.996354 0.976090 0.968459 0.938515 0.822517 0.835893 0.988585 0.947249 0.926351 0.885611
0.816501 0.819130 0.684615 0.683948 0.912696 0.802460 0.994802 0.837828 0.642189 0.819377 0.995458 0.799948 0.732377 0.669224 0.652074 0.650655 0.998622 0.985813 0.699144 0.766554 0.950738 0.913844 0.618624 0.765997 0.704886 0.773478 0.886611 0.897228 0.964049 0.999233 0.832650 0.805372 0.865768 0.963269 0.980244 0.983012 0.000000 0.754079 0.810632 0.885547 0.761342 0.872609 0.700617 0.763624 0.974558 0.962513 0.757341 0.858213 0.962580 0.989385 0.990028 0.954483 0.917598 0.870750 0.849628 0.930037 0.830431 0.872052 0.916223 0.901328 0.885833 0.678976 0.806125 0.971155 0.705194 0.781315 0.884032 0.997544 0.746260 0.779707 0.643337 0.561016 0.668859 0.755675 0.876693 0.959730 0.726014 0.826529 0.901712 0.829752 0.947751 0.817632 0.864318 0.827652 0.673554 0.717447 0.965493 0.902214 0.764060 0.758093 0.842934 0.878946 0.957832 0.896005 0.961770 0.835487 0.804368 0.990116 0.793807 0.701156 0.944518 0.803112 0.997701 0.979599 0.888058 0.964581 0.900835 0.824702 0.696055 0.863488 0.994391 0.862521 0.962915 0.937382 0.978351 0.984754
0.644584 0.570669 0.898193 0.890358 0.964290 0.818503 0.932849 0.952230 0.845581 0.819080 0.765056 0.684617 0.834898 0.791428 0.854134 0.751848 0.795664 0.712670 0.622508 0.618619 0.811996 0.887727 0.753290 0.984228 0.750047 0.938312 0.715750 0.957709 0.705668 0.798005 0.841219 0.728407 0.872322 0.864519 0.957703 0.848242 0.754079 0.000000 0.913750 0.711413 0.849731 0.766746 0.792216 0.748374 0.990588 0.904073 0.704721 0.752983 0.886888 0.851990 0.938814 0.888354 0.948444 0.970288 0.983952 0.875528 0.549492 0.653014 0.988025 0.901845 0.992927 0.883390 0.974857 0.852741 0.911901 0.959133 0.793660 0.853146 0.692931 0.700678 0.833707 0.746274 0.765178 0.761970 0.864732 0.951208 0.997337 0.772980 0.807422 0.920309 0.704492 0.623604 0.684276 0.480300 0.786866 0.912243 0.889582 0.959716 0.915232 0.766955 0.954622 0.938637 0.821103 0.960995 0.866528 0.872021 0.970034 0.830720 0.900536 0.876173 0.906088 0.985029 0.747016 0.998834 0.985035 0.936589 0.959998 0.918859 0.957258 0.834091 0.916521 0.859397 0.899761 0.764294 0.903132 0.984170
