0.000000 0.321158 0.953491 0.853022 0.912477 0.782878 0.947168 0.904878 0.827973 0.869862 0.526603 0.369544 0.477508 0.472968 0.741443 0.597948 0.437744 0.390933 0.422276 0.351043 0.919700 0.680617 0.889266 0.814974 0.847647 0.795270 0.774462 0.977711 0.710383 0.605467 0.810281 0.991002 0.898692 0.871234 0.941850 0.939564 0.760275 0.621502 0.869961 0.647727 0.772874 0.956598 0.868657 0.775017 0.929602 0.862583 0.626106 0.669140 0.757091 0.510788 0.751285 0.519778 0.864082 0.954446 0.708361 0.705671 0.392620 0.341834 0.644260 0.540352 0.901384 0.919401 0.677066 0.547845 0.942070 0.908314 0.845206 0.899108 0.371361 0.401658 0.999803 0.954428 0.921469 0.777579 0.755921 0.875875 0.806536 0.977119 0.655906 0.549431 0.340783 0.320593 0.520729 0.419244 0.622084 0.724326 0.767246 0.793158 0.908466 0.620604 0.952501 0.945764 0.887050 0.975989 0.965790 0.921567 0.852895 0.952631 0.841262 0.905540 0.805169 0.920156 0.670826 0.799496 0.966614 0.994250 0.964386 0.987434 0.937244 0.827469 0.969510 0.985551 0.992099 0.844251 0.867280 0.976756
0.321158 0.000000 0.996030 0.860847 0.917591 0.729708 0.965501 0.896998 0.890767 0.915054 0.567614 0.403576 0.584334 0.541836 0.836617 0.637271 0.409868 0.351158 0.392005 0.368716 0.893095 0.759533 0.859362 0.864440 0.830510 0.810758 0.794375 0.889197 0.649290 0.628610 0.855424 0.932332 0.861679 0.785989 0.934315 0.986518 0.838594 0.566651 0.941501 0.680039 0.864813 0.986157 0.713200 0.619875 0.904322 0.706183 0.584215 0.613995 0.624551 0.400404 0.593943 0.422338 0.710822 0.886115 0.798692 0.750038 0.268304 0.248380 0.616620 0.506582 0.889374 0.913617 0.648987 0.511189 0.931153 0.865893 0.901391 0.944806 0.497916 0.410897 0.895629 0.914996 0.979491 0.795939 0.866658 0.960539 0.812082 0.897163 0.623868 0.575420 0.347158 0.380833 0.546403 0.433381 0.624436 0.737253 0.887472 0.789076 0.940215 0.686516 0.932731 0.974241 0.904565 0.912093 0.941187 0.988091 0.986060 0.908672 0.838339 0.851418 0.884692 0.928847 0.600375 0.782828 0.972317 0.986756 0.983972 0.971306 0.985252 0.745652 0.818070 0.914797 0.869663 0.664397 0.809061 0.971520
0.953491 0.996030 0.000000 0.387124 0.872467 0.819223 0.413541 0.422342 0.445476 0.887060 0.954085 0.989400 0.796191 0.832276 0.921467 0.847916 0.850613 0.803702 0.828469 0.983422 0.940412 0.957282 0.598554 0.750081 0.631478 0.503862 0.897626 0.909792 0.876402 0.877132 0.650422 0.723436 0.589764 0.735148 0.763861 0.829353 0.752438 0.981978 0.940122 0.982166 0.960663 0.950425 0.708427 0.740124 0.774180 0.798886 0.728015 0.780295 0.850585 0.974272 0.950505 0.923803 0.819236 0.805734 0.923658 0.886590 0.983351 0.876687 0.927410 0.950405 0.473749 0.503608 0.879231 0.889705 0.425869 0.368140 0.551327 0.532102 0.970307 0.908502 0.705278 0.656741 0.773834 0.822413 0.949180 0.805330 0.794870 0.783657 0.931984 0.957500 0.810353 0.883107 0.977475 0.818877 0.816161 0.683678 0.975078 0.918765 0.936875 0.983459 0.581222 0.791989 0.608149 0.824778 0.867147 0.999442 0.862628 0.897044 0.624656 0.641807 0.646081 0.895235 0.998311 0.853805 0.635656 0.886744 0.856196 0.789093 0.705711 0.871254 0.727935 0.786565 0.772751 0.861312 0.735714 0.968132
0.853022 0.860847 0.387124 0.000000 0.877680 0.841293 0.579615 0.422949 0.532394 0.918510 0.940794 0.836420 0.641261 0.654405 0.764972 0.616091 0.924490 0.904531 0.697919 0.823072 0.929448 0.799897 0.436799 0.557382 0.607932 0.580625 0.951838 0.975558 0.902804 0.943807 0.788332 0.687406 0.741469 0.811312 0.790429 0.832868 0.718336 0.918781 0.885201 0.843033 0.921286 0.934774 0.695926 0.678168 0.874793 0.779841 0.675262 0.655360 0.939039 0.831181 0.834235 0.730879 0.728807 0.684024 0.858941 0.974266 0.924309 0.992717 0.887083 0.834007 0.615611 0.515040 0.837281 0.966948 0.430097 0.411750 0.669386 0.644526 0.880033 0.954462 0.686261 0.710545 0.857521 0.873857 0.919339 0.912461 0.740148 0.804277 0.966438 0.855341 0.999671 0.933990 0.891308 0.980418 0.717682 0.592717 0.820928 0.995137 0.738169 0.877239 0.568177 0.698631 0.607050 0.744079 0.868823 0.999469 0.722235 0.883432 0.597449 0.583400 0.667608 0.881016 0.999518 0.922209 0.607307 0.785173 0.907127 0.715236 0.658429 0.788375 0.748021 0.803966 0.807019 0.859626 0.715105 0.961088
0.912477 0.917591 0.872467 0.877680 0.000000 0.872083 0.902279 0.903483 0.876002 0.956110 0.984538 0.992389 0.970928 0.978820 0.913370 0.960363 0.924372 0.901068 0.997462 0.875575 0.949579 0.960275 0.838661 0.945620 0.905750 0.901469 0.847927 0.924070 0.999576 0.994516 0.883114 0.915589 0.958677 0.972783 0.876709 0.870824 0.950007 0.901835 0.995754 0.911012 0.917070 0.847277 0.940087 0.921372 0.893133 0.896373 0.970851 0.900273 0.836198 0.890588 0.879664 0.925668 0.996393 0.994196 0.909669 0.799333 0.884736 0.904153 0.999698 0.995073 0.861199 0.965805 0.950575 0.988230 0.879541 0.869840 0.875285 0.926819 0.943047 0.949890 0.890505 0.898643 0.984897 0.914156 0.937497 0.944737 0.894767 0.905587 0.811956 0.993673 0.951197 0.904128 0.934396 0.807032 0.972337 0.904775 0.914575 0.966276 0.825673 0.859890 0.994813 0.986630 0.999989 0.956264 0.887058 0.972228 0.934405 0.838886 0.994414 0.982337 0.975418 0.983817 0.887186 0.907286 0.896385 0.770150 0.914539 0.988533 0.896580 0.968663 0.977321 0.878377 0.984369 0.824968 0.930598 0.907761
0.782878 0.729708 0.819223 0.841293 0.872083 0.000000 0.942644 0.818218 0.775942 0.930499 0.693863 0.873494 0.943289 0.910906 0.825811 0.810389 0.643194 0.601524 0.718706 0.834195 0.873539 0.867859 0.817415 0.780324 0.795206 0.642131 0.882276 0.754611 0.733983 0.823329 0.884726 0.991274 0.914024 0.969772 0.918315 0.993661 0.846942 0.836406 0.869984 0.881818 0.944262 0.985833 0.948435 0.924515 0.947352 0.930657 0.976600 0.983604 0.936954 0.909051 0.963878 0.990525 0.773562 0.782468 0.788268 0.902980 0.596309 0.660564 0.807017 0.891032 0.863105 0.704135 0.687324 0.775669 0.805133 0.648129 0.834392 0.835099 0.885189 0.868797 0.723479 0.826213 0.765653 0.924432 0.906344 0.966103 0.981668 0.984323 0.844396 0.924689 0.756172 0.857308 0.775218 0.794324 0.873344 0.789816 0.945678 0.976410 0.968211 0.927772 0.687828 0.821067 0.716160 0.866346 0.977657 0.861221 0.703276 0.895061 0.885882 0.920423 0.838500 0.969508 0.796570 0.975155 0.865182 0.896492 0.821700 0.978539 0.954648 0.958593 0.966855 0.949092 0.891043 0.951758 0.983661 0.929790
0.947168 0.965501 0.413541 0.579615 0.902279 0.942644 0.000000 0.370037 0.528217 0.694942 0.805654 0.888427 0.975785 0.979074 0.862673 0.947813 0.959868 0.924235 0.802702 0.972015 0.935722 0.891268 0.811606 0.947658 0.910546 0.698741 0.701362 0.732111 0.857371 0.873272 0.496925 0.577182 0.420248 0.470784 0.723458 0.718497 0.882357 0.975031 0.958970 0.950924 0.877786 0.930914 0.545200 0.597981 0.482445 0.525488 0.633148 0.643647 0.831753 0.801884 0.741286 0.810373 0.766702 0.751431 0.981627 0.905171 0.978081 0.938357 0.643196 0.734936 0.366706 0.518848 0.801845 0.803558 0.751081 0.579620 0.323414 0.338967 0.882721 0.876367 0.837042 0.785729 0.785711 0.829693 0.995578 0.777921 0.689543 0.603587 0.999299 0.877649 0.972135 0.822582 0.936804 0.814197 0.947433 0.940434 0.828440 0.788981 0.835507 0.759255 0.775351 0.979589 0.820887 0.987780 0.853807 0.952010 0.932154 0.751815 0.527162 0.569220 0.512223 0.820545 0.783802 0.691185 0.693848 0.774125 0.846873 0.781926 0.784066 0.846300 0.680939 0.780045 0.680085 0.781896 0.626189 0.970275
0.904878 0.896998 0.422342 0.422949 0.903483 0.818218 0.370037 0.000000 0.512177 0.581584 0.730623 0.711234 0.851487 0.842279 0.980078 0.812434 0.935253 0.959962 0.685369 0.810702 0.938868 0.984315 0.730701 0.941233 0.882165 0.700024 0.829731 0.905962 0.858103 0.821984 0.563281 0.583162 0.481121 0.437732 0.815248 0.831925 0.690999 0.891813 0.948533 0.952144 0.919513 0.963049 0.491219 0.493420 0.576673 0.525208 0.484960 0.480423 0.815715 0.709901 0.690023 0.675915 0.763854 0.649059 0.882786 0.973715 0.953206 0.987234 0.630591 0.683420 0.401853 0.344643 0.878999 0.754424 0.746372 0.485342 0.466877 0.396687 0.923063 0.968098 0.672226 0.706596 0.755829 0.812149 0.933844 0.887092 0.671799 0.617517 0.960381 0.817083 0.976470 0.902314 0.992593 0.903731 0.969494 0.881175 0.905759 0.783122 0.918846 0.823604 0.723770 0.928239 0.849492 0.950374 0.891982 0.878348 0.757663 0.791844 0.485058 0.463874 0.487695 0.888342 0.729115 0.642641 0.594472 0.742970 0.944131 0.695211 0.728063 0.746927 0.720309 0.741670 0.646728 0.746191 0.660740 0.989773
0.827973 0.890767 0.445476 0.532394 0.876002 0.775942 0.528217 0.512177 0.000000 0.671356 0.994120 0.930966 0.991353 0.913849 0.872959 0.870635 0.852573 0.735710 0.917220 0.952604 0.997561 0.905642 0.674059 0.882037 0.758085 0.481408 0.851474 0.913675 0.973278 0.857679 0.567170 0.672492 0.578076 0.711145 0.654094 0.886738 0.763803 0.999759 0.852959 0.983907 0.928451 0.818833 0.586802 0.666460 0.603914 0.689029 0.679519 0.779014 0.937094 0.922193 0.789548 0.881346 0.714296 0.573041 0.905355 0.969906 0.923538 0.789007 0.920836 0.996260 0.529741 0.479666 0.857801 0.929306 0.610487 0.514733 0.477621 0.543103 0.862830 0.810133 0.603073 0.600732 0.649284 0.801082 0.961628 0.871477 0.742628 0.755557 0.996804 0.916130 0.748078 0.754401 0.964944 0.765278 0.877536 0.809053 0.917730 0.940856 0.913857 0.948982 0.535491 0.772961 0.621699 0.818386 0.817603 0.992686 0.730188 0.794702 0.505140 0.538839 0.611078 0.916840 0.877015 0.765971 0.680461 0.701106 0.795520 0.650717 0.762531 0.806789 0.722291 0.722436 0.664715 0.787148 0.828503 0.887048
0.869862 0.915054 0.887060 0.918510 0.956110 0.930499 0.694942 0.581584 0.671356 0.000000 0.757423 0.876888 0.691447 0.755194 0.818876 0.831144 0.943937 0.937862 0.953453 0.992694 0.894373 0.804024 0.889255 0.600598 0.780638 0.930268 0.718620 0.912889 0.677464 0.748868 0.518399 0.634019 0.608462 0.539049 0.809566 0.951685 0.770174 0.831210 0.940250 0.998939 0.991266 0.745964 0.543865 0.582804 0.498594 0.494783 0.703374 0.644121 0.615494 0.795923 0.744049 0.933053 0.878901 0.697248 0.968400 0.999060 0.933355 0.861491 0.724640 0.888590 0.677944 0.566656 0.841705 0.714220 0.800528 0.955435 0.676449 0.600494 0.994881 0.910444 0.728378 0.748287 0.687180 0.685031 0.960106 0.891920 0.748998 0.612580 0.944270 0.892197 0.930604 0.664744 0.855006 0.764446 0.648793 0.679035 0.629004 0.691050 0.832669 0.701918 0.992722 0.764151 0.832482 0.702583 0.991014 0.851154 0.886889 0.805004 0.601531 0.572073 0.643128 0.945870 0.637124 0.662681 0.777290 0.735498 0.997685 0.657801 0.888937 0.794662 0.811977 0.655199 0.665257 0.846377 0.937523 0.960286
0.526603 0.567614 0.954085 0.940794 0.984538 0.693863 0.805654 0.730623 0.994120 0.757423 0.000000 0.459994 0.864471 0.832635 0.963747 0.911951 0.420057 0.401924 0.478811 0.485434 0.878921 0.913792 0.937602 0.860505 0.888288 0.743803 0.903348 0.810457 0.458891 0.415165 0.851047 0.809765 0.691603 0.542648 0.959412 0.965164 0.910505 0.724006 0.927909 0.890812 0.930592 0.904540 0.858983 0.725046 0.905184 0.760654 0.682354 0.704217 0.796318 0.663977 0.919697 0.790589 0.936080 0.981320 0.910191 0.959693 0.537010 0.567080 0.548762 0.517249 0.740122 0.881989 0.408053 0.376357 0.793910 0.855572 0.892550 0.845344 0.564267 0.653971 0.950622 0.922136 0.779914 0.659698 0.847378 0.927302 0.772262 0.816228 0.685946 0.777433 0.553249 0.736720 0.730940 0.715562 0.962063 0.906720 0.909167 0.969669 0.813292 0.951154 0.767219 0.787921 0.666567 0.715417 0.946020 0.898950 0.978640 0.745811 0.820094 0.810904 0.954012 0.898864 0.578388 0.593435 0.986836 0.902836 0.892899 0.887863 0.978148 0.794056 0.997011 0.944052 0.777973 0.855807 0.867951 0.997333
0.369544 0.403576 0.989400 0.836420 0.992389 0.873494 0.888427 0.711234 0.930966 0.876888 0.459994 0.000000 0.588439 0.583889 0.828063 0.644681 0.421088 0.425386 0.454084 0.335545 0.878457 0.728144 0.944972 0.949671 0.942736 0.845794 0.853789 0.818472 0.552594 0.440445 0.958186 0.865039 0.747692 0.642016 0.934881 0.995517 0.721256 0.618207 0.827497 0.674750 0.792299 0.857400 0.753004 0.654823 0.881978 0.700277 0.569798 0.551467 0.636022 0.490479 0.666026 0.494639 0.839902 0.863102 0.759334 0.787792 0.498322 0.412678 0.609825 0.492755 0.755394 0.743997 0.563328 0.410656 0.852962 0.949693 0.992085 0.918026 0.425518 0.484282 0.913742 0.970357 0.896866 0.799461 0.872862 0.932614 0.757034 0.833816 0.690326 0.569077 0.361514 0.481386 0.617638 0.564141 0.805934 0.839225 0.915242 0.977813 0.962151 0.848229 0.885751 0.956762 0.804391 0.764871 0.994460 0.787323 0.832316 0.838230 0.812405 0.814785 0.974830 0.907059 0.598499 0.660869 0.871003 0.872651 0.915125 0.969738 0.887773 0.719005 0.949054 0.926482 0.952884 0.765632 0.881601 0.999274
0.477508 0.584334 0.796191 0.641261 0.970928 0.943289 0.975785 0.851487 0.991353 0.691447 0.864471 0.588439 0.000000 0.329131 0.436237 0.405641 0.784281 0.725478 0.621794 0.573182 0.933064 0.620225 0.560645 0.505374 0.701304 0.957909 0.729664 0.999984 0.998067 0.906034 0.809576 0.947897 0.958909 0.898763 0.865769 0.993347 0.831315 0.899314 0.884501 0.764247 0.811684 0.957256 0.998172 0.947129 0.773830 0.919998 0.763885 0.852601 0.903323 0.792903 0.890078 0.597592 0.854109 0.892386 0.775036 0.821963 0.706908 0.623479 0.940532 0.756118 0.849169 0.815511 0.990858 0.898319 0.654181 0.729063 0.863894 0.874267 0.627392 0.608097 0.840729 0.969338 0.971654 0.944927 0.785138 0.843987 0.865679 0.868345 0.903865 0.628032 0.658565 0.495123 0.639723 0.676465 0.450677 0.468710 0.646543 0.776935 0.741454 0.598822 0.796021 0.690621 0.794909 0.802630 0.950778 0.866266 0.767919 0.992876 0.972917 0.938339 0.852036 0.874405 0.939837 0.961126 0.876981 0.960891 0.915788 0.974206 0.805839 0.915304 0.999833 0.996654 0.899293 0.889288 0.870673 0.974826
0.472968 0.541836 0.832276 0.654405 0.978820 0.910906 0.979074 0.842279 0.913849 0.755194 0.832635 0.583889 0.329131 0.000000 0.418983 0.308657 0.700277 0.680149 0.593316 0.537557 0.976910 0.658753 0.538228 0.473554 0.650562 0.857920 0.808670 0.889602 0.928439 0.841530 0.881446 0.907282 0.865243 0.969233 0.909634 0.951200 0.769253 0.814390 0.796457 0.729571 0.836301 0.987341 0.876790 0.822437 0.896474 0.979844 0.667795 0.838227 0.965553 0.724314 0.755427 0.530803 0.637131 0.749183 0.756736 0.782823 0.637713 0.602932 0.925791 0.766792 0.822161 0.754967 0.991147 0.847559 0.720317 0.740973 0.917763 0.932483 0.616457 0.615795 0.822497 0.904456 0.930895 0.931439 0.776290 0.880390 0.836047 0.928792 0.761023 0.628043 0.594159 0.511758 0.545800 0.620685 0.420789 0.420086 0.645404 0.822664 0.735802 0.579876 0.786295 0.733978 0.832393 0.846101 0.944655 0.957096 0.732499 0.985660 0.905733 0.919662 0.860498 0.871230 0.949489 0.858677 0.928983 0.905224 0.874239 0.979966 0.870781 0.836095 0.965628 0.972960 0.981876 0.823820 0.859477 0.889301
0.741443 0.836617 0.921467 0.764972 0.913370 0.825811 0.862673 0.980078 0.872959 0.818876 0.963747 0.828063 0.436237 0.418983 0.000000 0.372232 0.856064 0.906020 0.847493 0.791583 0.983648 0.760115 0.498739 0.537194 0.685722 0.877614 0.741503 0.864729 0.993912 0.967727 0.945831 0.902555 0.984733 0.829425 0.959519 0.982758 0.861690 0.994333 0.847684 0.841459 0.820809 0.973124 0.996435 0.990295 0.777351 0.882733 0.810346 0.948771 0.857947 0.955085 0.930519 0.706672 0.792458 0.823005 0.826415 0.830905 0.886105 0.843849 0.981491 0.897873 0.910255 0.842224 0.909824 0.995986 0.658358 0.766137 0.855272 0.857556 0.717144 0.808723 0.774712 0.947776 0.951284 0.954062 0.890104 0.825920 0.916572 0.926772 0.819946 0.747895 0.839342 0.755388 0.646788 0.837277 0.485636 0.493793 0.766143 0.805020 0.661176 0.676238 0.850595 0.816510 0.893546 0.841170 0.899318 0.919481 0.776204 0.990728 0.996862 0.986665 0.795621 0.964251 0.883095 0.994577 0.813186 0.889283 0.792353 0.936911 0.750328 0.883543 0.980900 0.979909 0.904173 0.943755 0.920755 0.984083
0.597948 0.637271 0.847916 0.616091 0.960363 0.810389 0.947813 0.812434 0.870635 0.831144 0.911951 0.644681 0.405641 0.308657 0.372232 0.000000 0.784663 0.782359 0.717099 0.646878 0.963188 0.706872 0.458472 0.439485 0.653791 0.822635 0.803812 0.829733 0.945299 0.844851 0.982463 0.846380 0.876181 0.992180 0.981388 0.997400 0.843897 0.851310 0.792375 0.810655 0.877196 0.980413 0.842990 0.798858 0.904981 0.926702 0.650625 0.758613 0.993569 0.748513 0.729846 0.519843 0.650398 0.758856 0.755463 0.794337 0.741102 0.701342 0.902860 0.741186 0.825748 0.705087 0.961268 0.869528 0.669038 0.689216 0.937972 0.984518 0.699381 0.679998 0.826434 0.980264 0.973981 0.924785 0.840523 0.860498 0.912297 0.991175 0.728111 0.699969 0.690117 0.627260 0.540159 0.649179 0.468113 0.396640 0.741167 0.826720 0.660506 0.629865 0.823979 0.811906 0.888370 0.942622 0.933683 0.931087 0.775933 0.936306 0.945331 0.899060 0.894918 0.988870 0.988929 0.896014 0.836967 0.866155 0.863699 0.962848 0.809019 0.849368 0.897770 0.999282 0.994673 0.841121 0.777520 0.905725
0.437744 0.409868 0.850613 0.924490 0.924372 0.643194 0.959868 0.935253 0.852573 0.943937 0.420057 0.421088 0.784281 0.700277 0.856064 0.784663 0.000000 0.290290 0.484842 0.422274 0.842534 0.891692 0.955879 0.880890 0.956616 0.625506 0.911972 0.883208 0.408182 0.372660 0.992038 0.895105 0.773054 0.668699 0.887423 0.960981 0.936308 0.722247 0.965164 0.825422 0.959987 0.950633 0.816872 0.691881 0.914430 0.753766 0.662048 0.716408 0.654137 0.553226 0.752257 0.606461 0.938576 0.954446 0.893508 0.829059 0.400859 0.360255 0.522656 0.510557 0.863551 0.993550 0.380965 0.322679 0.709151 0.673148 0.944401 0.974690 0.488470 0.514658 0.892994 0.856250 0.914790 0.757941 0.893100 0.901648 0.795922 0.784123 0.499276 0.631504 0.345015 0.574082 0.555192 0.563734 0.899203 0.990607 0.933733 0.934449 0.896192 0.889511 0.645873 0.728098 0.586760 0.662327 0.900025 0.924891 0.916594 0.791854 0.909506 0.942116 0.880554 0.984399 0.583169 0.706522 0.974189 0.922301 0.970212 0.996002 0.925049 0.758101 0.941942 0.954855 0.895149 0.834359 0.784041 0.865196
0.390933 0.351158 0.803702 0.904531 0.901068 0.601524 0.924235 0.959962 0.735710 0.937862 0.401924 0.425386 0.725478 0.680149 0.906020 0.782359 0.290290 0.000000 0.438983 0.400399 0.836581 0.802530 0.967865 0.981879 0.905872 0.587343 0.842782 0.869727 0.477589 0.435350 0.858289 0.981081 0.893358 0.788890 0.870605 0.975157 0.992194 0.688525 0.984697 0.766889 0.911794 0.940421 0.951382 0.777578 0.932790 0.866685 0.766001 0.782557 0.747978 0.578653 0.839867 0.662496 0.986760 0.891026 0.901338 0.843406 0.337739 0.299842 0.623922 0.547005 0.987154 0.858204 0.430196 0.378064 0.726796 0.615770 0.808767 0.823532 0.466418 0.460481 0.887672 0.779551 0.974380 0.823968 0.832244 0.911325 0.881755 0.922752 0.560440 0.676216 0.353912 0.486388 0.533075 0.468880 0.842598 0.994031 0.956748 0.867986 0.929591 0.824335 0.673597 0.832310 0.639210 0.767496 0.978448 0.932959 0.939861 0.830556 0.982820 0.993740 0.772574 0.968025 0.610892 0.808351 0.956739 0.980227 0.931680 0.931655 0.927055 0.815238 0.986956 0.959083 0.931798 0.796509 0.904715 0.914005
0.422276 0.392005 0.828469 0.697919 0.997462 0.718706 0.802702 0.685369 0.917220 0.953453 0.478811 0.454084 0.621794 0.593316 0.847493 0.717099 0.484842 0.438983 0.000000 0.392086 0.827100 0.738104 0.791371 0.844139 0.845367 0.899198 0.803035 0.789501 0.638248 0.654373 0.980569 0.791458 0.717048 0.688146 0.974366 0.963929 0.716118 0.633657 0.931372 0.788506 0.773367 0.972837 0.725140 0.615156 0.910451 0.728386 0.599576 0.604365 0.758951 0.528797 0.777312 0.578164 0.874351 0.851078 0.875567 0.900012 0.396310 0.433203 0.667714 0.598900 0.788839 0.831883 0.667089 0.549930 0.954439 0.998942 0.958602 0.929882 0.533588 0.602076 0.882064 0.955941 0.965195 0.848368 0.896763 0.916946 0.750496 0.834449 0.675113 0.593403 0.510456 0.569535 0.609765 0.578344 0.748809 0.837513 0.913814 0.957761 0.963464 0.869726 0.994635 0.953977 0.944122 0.972552 0.878001 0.923385 0.887120 0.853819 0.711100 0.718623 0.995364 0.787174 0.598791 0.836283 0.898926 0.985316 0.891214 0.818155 0.962186 0.596728 0.841320 0.919571 0.842749 0.676895 0.852201 0.992138
0.351043 0.368716 0.983422 0.823072 0.875575 0.834195 0.972015 0.810702 0.952604 0.992694 0.485434 0.335545 0.573182 0.537557 0.791583 0.646878 0.422274 0.400399 0.392086 0.000000 0.891598 0.709915 0.900912 0.855662 0.921333 0.845395 0.769081 0.890854 0.632940 0.561349 0.884495 0.952196 0.832138 0.752458 0.913495 0.952791 0.709844 0.553768 0.876379 0.632543 0.749861 0.917654 0.813016 0.716706 0.998466 0.813036 0.627396 0.630622 0.708400 0.498008 0.749361 0.536101 0.846747 0.890566 0.735443 0.762130 0.431187 0.372444 0.738595 0.580800 0.909290 0.869504 0.680229 0.519740 0.907189 0.897219 0.885729 0.924812 0.432832 0.429342 0.930730 0.992033 0.930995 0.833441 0.840848 0.911520 0.786811 0.995030 0.648112 0.641261 0.411335 0.438918 0.618332 0.461545 0.714719 0.832311 0.890692 0.891296 0.952593 0.765826 0.988393 0.961148 0.898819 0.930247 0.940514 0.876333 0.820946 0.862222 0.825893 0.825293 0.993205 0.838600 0.648404 0.804303 0.908115 0.994752 0.908449 0.908032 0.949320 0.645805 0.974586 0.972212 0.982813 0.769910 0.903059 0.948978
0.919700 0.893095 0.940412 0.929448 0.949579 0.873539 0.935722 0.938868 0.997561 0.894373 0.878921 0.878457 0.933064 0.976910 0.983648 0.963188 0.842534 0.836581 0.827100 0.891598 0.000000 0.992532 0.942549 0.956590 0.981103 0.901147 0.974244 0.978124 0.901689 0.883791 0.865676 0.897118 0.905312 0.931646 0.996153 0.878993 0.820298 0.710916 0.968513 0.934109 0.899647 0.942095 0.989005 0.929021 0.904435 0.958486 0.945016 0.822918 0.984509 0.940561 0.941109 0.964677 0.941440 0.941276 0.973573 0.921901 0.810319 0.854940 0.922382 0.874299 0.892257 0.976513 0.966164 0.878680 0.995358 0.896165 0.906474 0.895016 0.810488 0.906847 0.985991 0.933106 0.947525 0.957403 0.986388 0.916561 0.905995 0.919701 0.909960 0.921394 0.924284 0.997889 0.922521 0.813062 0.920585 0.869635 0.967925 0.985586 0.964595 0.916175 0.855698 0.958906 0.845949 0.941194 0.888292 0.871880 0.938211 0.874096 0.953158 0.884301 0.976074 0.768926 0.908277 0.989510 0.958171 0.980329 0.816118 0.924735 0.981219 0.850233 0.874542 0.867836 0.989073 0.920081 0.963850 0.924817
0.680617 0.759533 0.957282 0.799897 0.960275 0.867859 0.891268 0.984315 0.905642 0.804024 0.913792 0.728144 0.620225 0.658753 0.760115 0.706872 0.891692 0.802530 0.738104 0.709915 0.992532 0.000000 0.759325 0.692522 0.892456 0.991642 0.721307 0.957389 0.961129 0.942493 0.885869 0.957502 0.994685 0.881709 0.889001 0.837924 0.893392 0.796087 0.842518 0.617978 0.896857 0.980251 0.979194 0.941200 0.805390 0.939360 0.906301 0.906437 0.942430 0.860174 0.927135 0.803021 0.911442 0.940528 0.869019 0.803166 0.792744 0.770193 0.923912 0.926931 0.984043 0.978735 0.955812 0.944890 0.875461 0.968036 0.780506 0.844720 0.730466 0.770732 0.905403 0.983239 0.886141 0.778841 0.694847 0.930523 0.949834 0.794013 0.944992 0.769594 0.757598 0.696973 0.675466 0.644016 0.766048 0.747214 0.694017 0.743010 0.798729 0.776915 0.942342 0.906055 0.987652 0.907239 0.962373 0.924599 0.793745 0.974356 0.946102 0.934430 0.936432 0.938170 0.953722 0.927958 0.965217 0.997501 0.831517 0.869435 0.932233 0.895965 0.986482 0.933385 0.817849 0.841166 0.897701 0.996652
0.889266 0.859362 0.598554 0.436799 0.838661 0.817415 0.811606 0.730701 0.674059 0.889255 0.937602 0.944972 0.560645 0.538228 0.498739 0.458472 0.955879 0.967865 0.791371 0.900912 0.942549 0.759325 0.000000 0.430210 0.642376 0.658259 0.835901 0.949134 0.944751 0.948421 0.959158 0.804065 0.863797 0.977294 0.912482 0.877882 0.865297 0.998480 0.996339 0.900382 0.990298 0.932997 0.879402 0.869011 0.923182 0.983267 0.843576 0.889133 0.794298 0.987751 0.913381 0.775719 0.691500 0.789747 0.936944 0.991331 0.928828 0.931405 0.930347 0.941573 0.755432 0.736144 0.843319 0.929704 0.391844 0.550056 0.859815 0.922171 0.929431 0.953492 0.758184 0.825920 0.903338 0.959540 0.925035 0.945770 0.877294 0.976757 0.916011 0.849634 0.995850 0.940967 0.761831 0.958081 0.512984 0.454790 0.842396 0.904449 0.687948 0.786770 0.684779 0.752794 0.705493 0.734250 0.809529 0.905014 0.809895 0.970034 0.857902 0.784186 0.976917 0.967641 0.861594 0.921377 0.752491 0.787521 0.819850 0.892368 0.755041 0.800984 0.842049 0.848470 0.943323 0.909852 0.815095 0.976470
0.814974 0.864440 0.750081 0.557382 0.945620 0.780324 0.947658 0.941233 0.882037 0.600598 0.860505 0.949671 0.505374 0.473554 0.537194 0.439485 0.880890 0.981879 0.844139 0.855662 0.956590 0.692522 0.430210 0.000000 0.559471 0.693854 0.677785 0.858905 0.771063 0.829028 0.852545 0.967347 0.965590 0.772572 0.992498 0.906436 0.921503 0.991406 0.801186 0.854983 0.844090 0.917915 0.927444 0.968453 0.722246 0.810718 0.944814 0.986293 0.731721 0.991955 0.976267 0.829726 0.777222 0.915343 0.847009 0.942191 0.932182 0.902614 0.785559 0.984695 0.992982 0.904001 0.713896 0.771409 0.474140 0.624403 0.913499 0.910481 0.875202 0.922347 0.851258 0.979100 0.957008 0.874412 0.837695 0.964821 0.947854 0.856028 0.912447 0.797534 0.931861 0.704928 0.723607 0.785258 0.442220 0.386283 0.627954 0.727805 0.532021 0.609856 0.699285 0.653097 0.665052 0.680449 0.904892 0.879571 0.751467 0.943276 0.977757 0.957585 0.894910 0.888387 0.744679 0.861444 0.835646 0.982954 0.930201 0.966003 0.943601 0.991298 0.984111 0.885597 0.896831 0.938882 0.923185 0.883967
0.847647 0.830510 0.631478 0.607932 0.905750 0.795206 0.910546 0.882165 0.758085 0.780638 0.888288 0.942736 0.701304 0.650562 0.685722 0.653791 0.956616 0.905872 0.845367 0.921333 0.981103 0.892456 0.642376 0.559471 0.000000 0.551910 0.794379 0.867227 0.824214 0.827912 0.915344 0.850342 0.866379 0.972394 0.861446 0.985821 0.758064 0.807604 0.743053 0.831483 0.842030 0.954011 0.910726 0.963965 0.967783 0.975006 0.852744 0.918317 0.893407 0.909942 0.971649 0.865471 0.813889 0.942567 0.771186 0.832122 0.874944 0.938867 0.931398 0.923718 0.845635 0.822160 0.750493 0.809784 0.531433 0.634368 0.911452 0.890415 0.790562 0.885658 0.934019 0.785488 0.871849 0.846311 0.960175 0.976969 0.952466 0.976699 0.854570 0.814377 0.899831 0.741846 0.787171 0.877481 0.526499 0.477663 0.782079 0.739123 0.688467 0.698998 0.784033 0.856638 0.733253 0.865761 0.907940 0.971273 0.927238 0.938078 0.884128 0.974343 0.961521 0.947349 0.906847 0.992183 0.861734 0.991335 0.783249 0.951008 0.851063 0.918856 0.916009 0.983362 0.978403 0.939967 0.889208 0.967915
0.795270 0.810758 0.503862 0.580625 0.901469 0.642131 0.698741 0.700024 0.481408 0.930268 0.743803 0.845794 0.957909 0.857920 0.877614 0.822635 0.625506 0.587343 0.899198 0.845395 0.901147 0.991642 0.658259 0.693854 0.551910 0.000000 0.901422 0.903458 0.703311 0.722686 0.674816 0.783376 0.740710 0.908801 0.698799 0.945846 0.746778 0.962735 0.762859 0.857165 0.898273 0.900989 0.786894 0.897564 0.791092 0.880692 0.835740 0.896895 0.896933 0.920354 0.904858 0.988518 0.706756 0.784004 0.862539 0.981080 0.776245 0.700375 0.842567 0.865016 0.663480 0.578559 0.623316 0.676525 0.514479 0.430581 0.623951 0.624959 0.828167 0.835132 0.731962 0.656375 0.728732 0.873844 0.961690 0.877497 0.994114 0.944551 0.874925 0.894109 0.736320 0.832361 0.990456 0.768953 0.762423 0.645831 0.888163 0.884737 0.834913 0.895086 0.609528 0.823045 0.621156 0.849139 0.923484 0.986611 0.818893 0.999761 0.724821 0.809838 0.747887 0.969952 0.855206 0.971069 0.763040 0.828770 0.849609 0.903427 0.841756 0.974856 0.815492 0.979365 0.968449 0.985084 0.937137 0.912352
0.774462 0.794375 0.897626 0.951838 0.847927 0.882276 0.701362 0.829731 0.851474 0.718620 0.903348 0.853789 0.729664 0.808670 0.741503 0.803812 0.911972 0.842782 0.803035 0.769081 0.974244 0.721307 0.835901 0.677785 0.794379 0.901422 0.000000 0.942740 0.955246 0.939047 0.704351 0.875957 0.724477 0.788394 0.857716 0.867642 0.996211 0.775001 0.939568 0.905180 0.780667 0.953359 0.789597 0.883187 0.633277 0.752521 0.959804 0.940851 0.852720 0.940808 0.858968 0.928326 0.906908 0.833740 0.949874 0.877561 0.803047 0.758095 0.845029 0.981726 0.751931 0.778166 0.984700 0.942324 0.901556 0.899612 0.644966 0.695964 0.765981 0.803911 0.880081 0.812317 0.845828 0.834387 0.984525 0.920816 0.983951 0.785773 0.880887 0.880748 0.838395 0.657343 0.811320 0.753768 0.736947 0.823233 0.809508 0.596896 0.832217 0.703049 0.952727 0.889946 0.999067 0.844767 0.880807 0.994663 0.923970 0.935938 0.859229 0.950515 0.755668 0.995622 0.979161 0.849976 0.950281 0.997495 0.867058 0.928880 0.892035 0.928258 0.915943 0.986315 0.823192 0.943579 0.876138 0.957839
0.977711 0.889197 0.909792 0.975558 0.924070 0.754611 0.732111 0.905962 0.913675 0.912889 0.810457 0.818472 0.999984 0.889602 0.864729 0.829733 0.883208 0.869727 0.789501 0.890854 0.978124 0.957389 0.949134 0.858905 0.867227 0.903458 0.942740 0.000000 0.740009 0.821645 0.914157 0.892875 0.821360 0.844160 0.882911 0.883897 0.936519 0.957281 0.920273 0.980053 0.976498 0.979798 0.918305 0.889029 0.779064 0.827522 0.936754 0.885060 0.812413 0.893018 0.886195 0.901936 0.988919 0.898346 0.971866 0.964124 0.903896 0.866906 0.784188 0.805600 0.806796 0.932423 0.723550 0.782598 0.936285 0.933883 0.743126 0.840132 0.950442 0.892150 0.946525 0.935285 0.941750 0.940335 0.828212 0.999278 0.913193 0.861763 0.963297 0.862853 0.875646 0.941349 0.982264 0.960357 0.932534 0.875834 0.875385 0.904178 0.900605 0.844934 0.969564 0.992008 0.982402 0.992151 0.935188 0.984585 0.928878 0.800554 0.865350 0.812464 0.858821 0.739934 0.762090 0.804606 0.916317 0.887079 0.917659 0.931071 0.890743 0.747960 0.932481 0.908570 0.962852 0.842685 0.952876 0.962506
0.710383 0.649290 0.876402 0.902804 0.999576 0.733983 0.857371 0.858103 0.973278 0.677464 0.458891 0.552594 0.998067 0.928439 0.993912 0.945299 0.408182 0.477589 0.638248 0.632940 0.901689 0.961129 0.944751 0.771063 0.824214 0.703311 0.955246 0.740009 0.000000 0.329426 0.772636 0.713778 0.669758 0.562263 0.897014 0.888165 0.916635 0.819207 0.964891 0.900092 0.846186 0.912920 0.825540 0.712776 0.765323 0.668731 0.719413 0.720533 0.651392 0.662608 0.797890 0.752705 0.993945 0.976099 0.945907 0.942979 0.630231 0.605989 0.555601 0.538880 0.750131 0.920153 0.382351 0.352846 0.687359 0.744897 0.891027 0.896713 0.672181 0.810194 0.925943 0.825370 0.788270 0.687242 0.949083 0.956278 0.882389 0.727005 0.639833 0.827981 0.566319 0.886653 0.715416 0.824362 0.921624 0.839247 0.794180 0.880563 0.759914 0.880278 0.620552 0.575837 0.506662 0.549993 0.987810 0.929090 0.902546 0.834101 0.908482 0.894807 0.980330 0.974847 0.589484 0.639411 0.937024 0.860829 0.975317 0.948873 0.977052 0.805304 0.911464 0.930979 0.819603 0.843551 0.813844 0.928271
0.605467 0.628610 0.877132 0.943807 0.994516 0.823329 0.873272 0.821984 0.857679 0.748868 0.415165 0.440445 0.906034 0.841530 0.967727 0.844851 0.372660 0.435350 0.654373 0.561349 0.883791 0.942493 0.948421 0.829028 0.827912 0.722686 0.939047 0.821645 0.329426 0.000000 0.763529 0.752300 0.701883 0.537336 0.938137 0.906274 0.979983 0.840671 0.964408 0.861863 0.922438 0.938359 0.869172 0.733688 0.844208 0.720891 0.677415 0.702381 0.691776 0.658502 0.812762 0.727939 0.983507 0.921956 0.955580 0.909019 0.661083 0.599641 0.511310 0.488962 0.735705 0.883032 0.351017 0.286110 0.663566 0.770671 0.898056 0.850356 0.584726 0.697722 0.946523 0.822297 0.810245 0.656171 0.840119 0.968994 0.910609 0.677806 0.595796 0.732535 0.471594 0.804140 0.656570 0.771955 0.905651 0.877267 0.843267 0.949973 0.736777 0.865907 0.594941 0.566733 0.470217 0.505012 0.918128 0.826889 0.932514 0.806398 0.965742 0.951093 0.978327 0.957891 0.606004 0.607728 0.907422 0.772478 0.964416 0.973827 0.885367 0.795271 0.998953 0.939420 0.952515 0.898608 0.741378 0.864152
0.810281 0.855424 0.650422 0.788332 0.883114 0.884726 0.496925 0.563281 0.567170 0.518399 0.851047 0.958186 0.809576 0.881446 0.945831 0.982463 0.992038 0.858289 0.980569 0.884495 0.865676 0.885869 0.959158 0.852545 0.915344 0.674816 0.704351 0.914157 0.772636 0.763529 0.000000 0.456183 0.463090 0.484428 0.757962 0.794125 0.917330 0.981787 0.802382 0.925381 0.887388 0.924166 0.602379 0.653439 0.494183 0.534143 0.680904 0.702784 0.816393 0.893950 0.789094 0.931669 0.823562 0.809653 0.926903 0.927420 0.872590 0.764350 0.710510 0.830269 0.456859 0.536025 0.843259 0.800779 0.960561 0.718753 0.471565 0.413565 0.923538 0.766468 0.888845 0.856755 0.726913 0.667185 0.970092 0.796349 0.796265 0.534924 0.910322 0.968827 0.914326 0.665955 0.981759 0.711166 0.806335 0.941620 0.732541 0.834038 0.874882 0.738921 0.986733 0.728009 0.890344 0.688748 0.967035 0.778852 0.970240 0.751176 0.711601 0.753273 0.544512 0.981731 0.884867 0.672557 0.691896 0.673579 0.804975 0.761839 0.751285 0.932012 0.782157 0.844519 0.777534 0.905402 0.721120 0.975940
0.991002 0.932332 0.723436 0.687406 0.915589 0.991274 0.577182 0.583162 0.672492 0.634019 0.809765 0.865039 0.947897 0.907282 0.902555 0.846380 0.895105 0.981081 0.791458 0.952196 0.897118 0.957502 0.804065 0.967347 0.850342 0.783376 0.875957 0.892875 0.713778 0.752300 0.456183 0.000000 0.525884 0.600233 0.802657 0.866352 0.902847 0.888952 0.822118 0.953218 0.917348 0.995616 0.540811 0.541269 0.574246 0.513375 0.611563 0.672553 0.743325 0.734367 0.671552 0.721780 0.695786 0.665784 0.973703 0.967887 0.908702 0.967699 0.686644 0.755050 0.602968 0.662286 0.832238 0.764240 0.928913 0.797048 0.624514 0.562223 0.959556 0.918052 0.882284 0.932701 0.875700 0.810632 0.941544 0.949391 0.771296 0.635305 0.779576 0.819528 0.912299 0.867992 0.791380 0.982837 0.983303 0.937785 0.922249 0.887707 0.955663 0.809067 0.926984 0.831673 0.948838 0.883699 0.983187 0.799746 0.872534 0.908399 0.645634 0.767646 0.670319 0.787349 0.741861 0.787817 0.665226 0.734998 0.803655 0.688235 0.764553 0.804461 0.801344 0.875569 0.688799 0.884297 0.650377 0.988419
0.898692 0.861679 0.589764 0.741469 0.958677 0.914024 0.420248 0.481121 0.578076 0.608462 0.691603 0.747692 0.958909 0.865243 0.984733 0.876181 0.773054 0.893358 0.717048 0.832138 0.905312 0.994685 0.863797 0.965590 0.866379 0.740710 0.724477 0.821360 0.669758 0.701883 0.463090 0.525884 0.000000 0.452284 0.751629 0.765536 0.738509 0.883621 0.900890 0.919918 0.994102 0.840035 0.488310 0.509251 0.445206 0.451455 0.484697 0.627726 0.658094 0.660661 0.635912 0.690065 0.707737 0.738784 0.847538 0.949726 0.836298 0.908287 0.600063 0.689136 0.390766 0.513641 0.710492 0.654144 0.883835 0.731086 0.474129 0.446482 0.908214 0.931463 0.835764 0.825634 0.656938 0.697744 0.888579 0.880884 0.742878 0.595119 0.806892 0.766788 0.817371 0.993632 0.795430 0.999692 0.917963 0.865548 0.849699 0.901300 0.933925 0.903726 0.915616 0.881086 0.953281 0.778178 0.843663 0.840583 0.842679 0.728824 0.544726 0.644814 0.718979 0.802846 0.701769 0.559613 0.780631 0.815193 0.943683 0.832150 0.823617 0.779980 0.680054 0.801539 0.647791 0.723732 0.609582 0.897902
0.871234 0.785989 0.735148 0.811312 0.972783 0.969772 0.470784 0.437732 0.711145 0.539049 0.542648 0.642016 0.898763 0.969233 0.829425 0.992180 0.668699 0.788890 0.688146 0.752458 0.931646 0.881709 0.977294 0.772572 0.972394 0.908801 0.788394 0.844160 0.562263 0.537336 0.484428 0.600233 0.452284 0.000000 0.853862 0.826734 0.862460 0.854858 0.977957 0.995544 0.982343 0.898513 0.515954 0.506971 0.487367 0.437103 0.482108 0.488588 0.661571 0.619709 0.671846 0.721723 0.869502 0.860829 0.994762 0.968410 0.789847 0.849590 0.454544 0.516887 0.448074 0.550755 0.560684 0.490642 0.898328 0.840014 0.491434 0.439528 0.875728 0.886067 0.969860 0.943338 0.763400 0.683894 0.930070 0.900941 0.797453 0.572177 0.775259 0.841365 0.798020 0.908538 0.886932 0.976766 0.819867 0.889537 0.732159 0.822043 0.776337 0.742149 0.866496 0.702857 0.753948 0.577581 0.955137 0.862962 0.978165 0.739706 0.654213 0.668009 0.575718 0.985185 0.616738 0.536184 0.729297 0.693081 0.992050 0.751293 0.941562 0.730092 0.784243 0.860536 0.666250 0.767055 0.675485 0.917445
0.941850 0.934315 0.763861 0.790429 0.876709 0.918315 0.723458 0.815248 0.654094 0.809566 0.959412 0.934881 0.865769 0.909634 0.959519 0.981388 0.887423 0.870605 0.974366 0.913495 0.996153 0.889001 0.912482 0.992498 0.861446 0.698799 0.857716 0.882911 0.897014 0.938137 0.757962 0.802657 0.751629 0.853862 0.000000 0.994527 0.972266 0.959678 0.867063 0.908280 0.965745 0.903904 0.761944 0.836777 0.742442 0.754270 0.793531 0.813772 0.904608 0.886139 0.890920 0.970497 0.821819 0.812209 0.808855 0.865269 0.942018 0.857967 0.905329 0.943478 0.792528 0.744267 0.943746 0.976272 0.802793 0.824187 0.630551 0.634393 0.937590 0.905765 0.837968 0.819083 0.839377 0.813994 0.884475 0.994130 0.912653 0.781125 0.965404 0.996518 0.923691 0.946952 0.922591 0.883882 0.955998 0.916823 0.905374 0.989442 0.839304 0.912012 0.800234 0.916302 0.803675 0.889304 0.915517 0.920972 0.820547 0.644499 0.701439 0.787349 0.915297 0.906145 0.804058 0.845337 0.830469 0.847381 0.749253 0.830873 0.839518 0.954729 0.887522 0.881737 0.668826 0.932072 0.809257 0.945330
0.939564 0.986518 0.829353 0.832868 0.870824 0.993661 0.718497 0.831925 0.886738 0.951685 0.965164 0.995517 0.993347 0.951200 0.982758 0.997400 0.960981 0.975157 0.963929 0.952791 0.878993 0.837924 0.877882 0.906436 0.985821 0.945846 0.867642 0.883897 0.888165 0.906274 0.794125 0.866352 0.765536 0.826734 0.994527 0.000000 0.947205 0.814962 0.834502 0.904906 0.946630 0.961419 0.843470 0.806635 0.796746 0.824325 0.873682 0.988231 0.896321 0.887278 0.918529 0.937708 0.781277 0.849490 0.899982 0.870578 0.982359 0.995248 0.833512 0.953738 0.793016 0.881871 0.926004 0.927258 0.912947 0.894573 0.698965 0.794844 0.886750 0.874844 0.895552 0.995161 0.992537 0.849191 0.921075 0.819638 0.839122 0.672755 0.962114 0.947560 0.949350 0.960930 0.954376 0.859467 0.980199 0.979430 0.832273 0.939578 0.881152 0.967590 0.884811 0.860081 0.954546 0.939264 0.942583 0.906633 0.988864 0.952704 0.887030 0.775271 0.828515 0.906398 0.944209 0.832331 0.874528 0.922874 0.987494 0.985724 0.967797 0.963414 0.883081 0.964224 0.962178 0.927368 0.824064 0.842853
0.760275 0.838594 0.752438 0.718336 0.950007 0.846942 0.882357 0.690999 0.763803 0.770174 0.910505 0.721256 0.831315 0.769253 0.861690 0.843897 0.936308 0.992194 0.716118 0.709844 0.820298 0.893392 0.865297 0.921503 0.758064 0.746778 0.996211 0.936519 0.916635 0.979983 0.917330 0.902847 0.738509 0.862460 0.972266 0.947205 0.000000 0.673667 0.849742 0.798037 0.593498 0.841824 0.672218 0.738296 0.829584 0.788910 0.715870 0.723517 0.797169 0.798819 0.802756 0.792149 0.771335 0.668857 0.708863 0.857046 0.836905 0.864601 0.991618 0.987091 0.845495 0.674082 0.829044 0.970015 0.894209 0.826936 0.927368 0.853111 0.672207 0.741335 0.713812 0.559487 0.797476 0.822520 0.959370 0.980767 0.737876 0.919430 0.955967 0.836410 0.879516 0.826685 0.893707 0.862626 0.818455 0.853797 0.880515 0.981371 0.924036 0.899602 0.762188 0.806228 0.842823 0.895412 0.957554 0.998315 0.694279 0.959607 0.635155 0.711158 0.876744 0.804527 0.876650 0.903131 0.878390 0.972706 0.885018 0.786035 0.841499 0.735352 0.859376 0.865295 0.992506 0.904248 0.933091 0.933127
0.621502 0.566651 0.981978 0.918781 0.901835 0.836406 0.975031 0.891813 0.999759 0.831210 0.724006 0.618207 0.899314 0.814390 0.994333 0.851310 0.722247 0.688525 0.633657 0.553768 0.710916 0.796087 0.998480 0.991406 0.807604 0.962735 0.775001 0.957281 0.819207 0.840671 0.981787 0.888952 0.883621 0.854858 0.959678 0.814962 0.673667 0.000000 0.785798 0.589255 0.763425 0.807528 0.774443 0.760741 0.915034 0.808046 0.692342 0.658702 0.690728 0.585775 0.766242 0.706068 0.801408 0.905339 0.734605 0.641147 0.555671 0.619698 0.920037 0.819085 0.958640 0.911544 0.945513 0.800620 0.917605 0.886661 0.849861 0.942538 0.613651 0.636418 0.948780 0.843565 0.989972 0.931859 0.864061 0.993032 0.917601 0.970651 0.802886 0.894895 0.624731 0.656796 0.763116 0.583228 0.841898 0.961792 0.937535 0.822345 0.986878 0.798388 0.979307 0.988405 0.942212 0.958061 0.903286 0.830046 0.860565 0.886691 0.815675 0.826932 0.976887 0.992247 0.633212 0.948107 0.917205 0.997645 0.992308 0.978877 0.915615 0.713827 0.828653 0.784629 0.965640 0.722328 0.981721 0.911735
