0.000000 0.356755 0.825065 0.981205 0.809537 0.865002 0.971803 0.699560 0.861142 0.740393 0.504763 0.364303 0.505973 0.502592 0.635303 0.709202 0.457421 0.386070 0.407707 0.338278 0.881708 0.942061 0.682900 0.798387 0.982019 0.667255 0.811369 0.820072 0.477765 0.564769 0.999076 0.925634 0.778572 0.893182 0.954669 0.808362 0.672106 0.915329 0.802455 0.812734 0.942762 0.799389 0.892716 0.856012 0.936635 0.753091 0.653441 0.684183 0.528844 0.599464 0.851951 0.895466 0.994550 0.743577 0.754729 0.999052 0.337037 0.445671 0.545214 0.672075 0.893051 0.706754 0.507015 0.396303 0.913774 0.784528 0.813491 0.754325 0.448630 0.503232 0.995796 0.872898 0.986226 0.906247 0.926887 0.898853 0.833809 0.894305 0.930759 0.782599 0.465222 0.434536 0.549262 0.611429 0.425727 0.749864 0.909062 0.720564 0.726004 0.493829 0.844609 0.713226 0.732180 0.652242 0.976781 0.992910 0.906967 0.993120 0.860054 0.859626 0.871096 0.739354 0.900029 0.956581 0.991785 0.882553 0.909261 0.788050 0.774425 0.915054 0.909584 0.790735 0.823862 0.928630 0.958241 0.915521
0.356755 0.000000 0.578297 0.868021 0.868219 0.713918 0.695570 0.797684 0.693931 0.805469 0.810682 0.392075 0.742517 0.510741 0.720468 0.658302 0.373243 0.365186 0.512780 0.363035 0.976633 0.936046 0.729570 0.776733 0.871907 0.605536 0.833046 0.715122 0.481926 0.528397 0.830695 0.995046 0.996544 0.982482 0.743662 0.807588 0.811197 0.837567 0.833106 0.726369 0.989688 0.871588 0.968371 0.850190 0.900844 0.670889 0.683676 0.764300 0.323853 0.491740 0.880098 0.916556 0.938133 0.648142 0.779450 0.977990 0.270495 0.270023 0.887151 0.826770 0.802616 0.754176 0.753960 0.525063 0.699468 0.659567 0.534100 0.601460 0.597857 0.454473 0.736865 0.578721 0.785224 0.714064 0.936343 0.977670 0.965055 0.807224 0.865647 0.758011 0.447013 0.360949 0.446210 0.482176 0.406715 0.672939 0.939585 0.617288 0.968140 0.689394 0.512039 0.468863 0.480925 0.405965 0.911443 0.994483 0.918042 0.947337 0.883194 0.905724 0.675023 0.509312 0.860378 0.793543 0.794563 0.835157 0.927580 0.613879 0.819846 0.962167 0.931191 0.958290 0.819922 0.984795 0.911964 0.861534
0.825065 0.578297 0.000000 0.442549 0.973827 0.562625 0.320523 0.583676 0.784071 0.821444 0.876303 0.847049 0.729628 0.912378 0.859120 0.995850 0.883651 0.833835 0.914455 0.849612 0.753726 0.908000 0.857331 0.928940 0.866362 0.505340 0.804531 0.832966 0.923855 0.964528 0.420758 0.471003 0.442889 0.502633 0.498954 0.810663 0.980643 0.789083 0.902073 0.930640 0.874810 0.878888 0.480795 0.582473 0.572072 0.753636 0.648043 0.603704 0.695200 0.997927 0.610512 0.637053 0.566192 0.412844 0.820560 0.983655 0.733720 0.576420 0.873751 0.985627 0.491561 0.954138 0.667688 0.908665 0.346088 0.512293 0.297496 0.357582 0.727942 0.782656 0.495844 0.479835 0.534836 0.536229 0.891170 0.923522 0.688158 0.562345 0.880643 0.953766 0.952287 0.785872 0.812172 0.849733 0.849227 0.973868 0.954221 0.977854 0.906206 0.954949 0.443681 0.596243 0.536601 0.630597 0.724135 0.858173 0.687598 0.920070 0.566868 0.492142 0.523864 0.541144 0.550058 0.557567 0.556007 0.501968 0.997514 0.729861 0.985854 0.715579 0.663199 0.685554 0.723711 0.716540 0.653301 0.984694
0.981205 0.868021 0.442549 0.000000 0.994088 0.730632 0.475722 0.436319 0.920209 0.720579 0.993528 0.930849 0.788870 0.670783 0.768288 0.736055 0.990891 0.989953 0.794851 0.886051 0.763612 0.850386 0.643820 0.657157 0.761845 0.532754 0.883876 0.951936 0.887172 0.812515 0.369409 0.444817 0.530303 0.528533 0.686087 0.876821 0.913718 0.875583 0.867632 0.881369 0.744742 0.885988 0.454878 0.545506 0.539290 0.621741 0.586507 0.576016 0.977503 0.779829 0.481647 0.468462 0.502138 0.490100 0.805746 0.923921 0.908056 0.822487 0.998142 0.954260 0.733436 0.861557 0.689534 0.897812 0.474324 0.491468 0.558121 0.529638 0.835882 0.878280 0.595238 0.554308 0.547940 0.656974 0.798813 0.919008 0.558779 0.532044 0.769587 0.837738 0.896186 0.948381 0.903159 0.967575 0.861018 0.689586 0.915211 0.818732 0.904120 0.903166 0.630569 0.806307 0.698112 0.897016 0.612988 0.848237 0.746047 0.839706 0.636944 0.616889 0.708560 0.703433 0.683829 0.760319 0.631858 0.498962 0.921120 0.859591 0.991059 0.860853 0.655376 0.752620 0.656992 0.782094 0.853647 0.902511
0.809537 0.868219 0.973827 0.994088 0.000000 0.968173 0.951279 0.912740 0.885905 0.980025 0.873006 0.817959 0.816985 0.752794 0.699499 0.714649 0.912367 0.913656 0.807137 0.813744 0.907308 0.927272 0.709737 0.626940 0.952000 0.864875 0.735590 0.752840 0.855539 0.892749 0.964551 0.983065 0.872005 0.996138 0.993150 0.909594 0.951002 0.846645 0.961828 0.943862 0.997426 0.910521 0.922223 0.906261 0.897086 0.925878 0.995380 0.873510 0.750890 0.790924 0.826232 0.861752 0.837249 0.993059 0.791356 0.965991 0.897191 0.996070 0.963031 0.996956 0.991211 0.731911 0.987350 0.933058 0.926397 0.959992 0.986631 0.906886 0.805375 0.821846 0.947858 0.932161 0.889696 0.938398 0.973189 0.984319 0.925803 0.794502 0.839479 0.975680 0.944087 0.946809 0.842133 0.881809 0.704262 0.757483 0.846930 0.670738 0.782248 0.875518 0.936315 0.953538 0.942656 0.978200 0.892217 0.990632 0.997973 0.950814 0.972586 0.895491 0.925332 0.952045 0.894227 0.998320 0.870325 0.927938 0.845491 0.972293 0.790627 0.811270 0.976451 0.878105 0.982093 0.950424 0.996170 0.822408
0.865002 0.713918 0.562625 0.730632 0.968173 0.000000 0.484829 0.689638 0.686381 0.774359 0.701927 0.915563 0.838972 0.940468 0.835350 0.862440 0.899834 0.913677 0.997692 0.834768 0.688770 0.993866 0.931216 0.975674 0.925519 0.675382 0.821167 0.905974 0.904068 0.995693 0.660149 0.662975 0.631356 0.699105 0.754769 0.972698 0.976616 0.861752 0.847169 0.994256 0.990894 0.960930 0.581240 0.663464 0.719732 0.827729 0.854456 0.747709 0.838012 0.977929 0.682528 0.722057 0.742358 0.603351 0.889411 0.766039 0.687708 0.573694 0.835153 0.889724 0.535077 0.851377 0.684898 0.869509 0.644005 0.534424 0.492137 0.549285 0.646492 0.768018 0.603365 0.566782 0.791650 0.606343 0.729452 0.755104 0.705880 0.712945 0.890781 0.801813 0.961061 0.840406 0.851266 0.836575 0.864025 0.864137 0.811333 0.896599 0.970001 0.880251 0.607605 0.641960 0.698917 0.678734 0.868919 0.899458 0.806002 0.878161 0.707245 0.583390 0.668594 0.693026 0.628415 0.722796 0.670335 0.689837 0.907035 0.812216 0.950690 0.930531 0.858429 0.696429 0.869352 0.917383 0.661710 0.986400
0.971803 0.695570 0.320523 0.475722 0.951279 0.484829 0.000000 0.443117 0.670561 0.625244 0.718626 0.981624 0.552364 0.783574 0.707657 0.782393 0.981751 0.990217 0.774360 0.880643 0.670697 0.921968 0.789377 0.899301 0.916804 0.592924 0.871144 0.932047 0.879117 0.785063 0.323109 0.412128 0.374486 0.404036 0.554562 0.880522 0.951636 0.757840 0.804806 0.922388 0.904658 0.905347 0.339648 0.431880 0.435746 0.607873 0.629665 0.499530 0.876643 0.859979 0.458259 0.482090 0.484457 0.341420 0.822570 0.866716 0.775471 0.614092 0.765243 0.941074 0.371872 0.852340 0.493953 0.723830 0.467575 0.495620 0.267230 0.335568 0.717399 0.814713 0.397791 0.381682 0.451076 0.418061 0.824596 0.814862 0.517788 0.451503 0.739022 0.788421 0.903475 0.839135 0.916354 0.900342 0.907099 0.970490 0.993654 0.984785 0.914389 0.926112 0.398804 0.527941 0.555306 0.634360 0.697045 0.685954 0.678130 0.787487 0.384215 0.339062 0.431275 0.446268 0.466287 0.447553 0.540775 0.467960 0.963031 0.697343 0.893510 0.759866 0.656044 0.576403 0.666644 0.688257 0.643533 0.989466
0.699560 0.797684 0.583676 0.436319 0.912740 0.689638 0.443117 0.000000 0.899209 0.493165 0.713892 0.560716 0.457749 0.393173 0.583465 0.527004 0.739390 0.763662 0.598442 0.707597 0.748318 0.968529 0.603563 0.677160 0.850676 0.772884 0.947183 0.827430 0.625571 0.635148 0.480618 0.443891 0.474513 0.469433 0.699085 0.927096 0.881694 0.875279 0.768236 0.925108 0.738323 0.970633 0.317235 0.373306 0.363500 0.379512 0.435936 0.395043 0.642220 0.470637 0.407008 0.410982 0.582823 0.634867 0.737399 0.929341 0.842119 0.934955 0.639584 0.704994 0.504424 0.504311 0.404780 0.476690 0.539458 0.539371 0.572410 0.558382 0.904407 0.832276 0.608949 0.677021 0.580411 0.653496 0.776529 0.843588 0.484377 0.639971 0.839469 0.785812 0.671934 0.831534 0.782969 0.900012 0.695047 0.630450 0.996345 0.732545 0.935053 0.667564 0.706193 0.881073 0.793059 0.990635 0.650850 0.757871 0.722017 0.827677 0.462656 0.392635 0.608988 0.797577 0.565725 0.708762 0.608310 0.617748 0.893019 0.870137 0.796541 0.803709 0.616415 0.519427 0.599171 0.691600 0.784566 0.852747
0.861142 0.693931 0.784071 0.920209 0.885905 0.686381 0.670561 0.899209 0.000000 0.837349 0.818195 0.884837 0.814433 0.864026 0.823958 0.945074 0.827195 0.747209 0.916798 0.712900 0.906154 0.994898 0.976957 0.886479 0.886861 0.886836 0.956947 0.996470 0.832014 0.879545 0.883932 0.930457 0.848859 0.994563 0.770817 0.977414 0.914892 0.724034 0.863583 0.834357 0.919354 0.913545 0.893481 0.925530 0.902078 0.988647 0.981284 0.917483 0.825737 0.953808 0.849345 0.782048 0.801264 0.717507 0.927103 0.940862 0.676691 0.608788 0.868413 0.999940 0.720762 0.821519 0.991861 0.951510 0.711271 0.774947 0.634679 0.785559 0.852456 0.915211 0.779963 0.594526 0.720327 0.591348 0.884276 0.932740 0.679986 0.871336 0.896962 0.929576 0.797901 0.663423 0.676546 0.667030 0.813940 0.912543 0.829412 0.757518 0.710347 0.989176 0.533279 0.469005 0.522494 0.521277 0.787915 0.864658 0.834145 0.858708 0.644375 0.666339 0.627200 0.713079 0.687250 0.619375 0.848621 0.837970 0.906748 0.701593 0.999239 0.803372 0.928636 0.689820 0.924492 0.860794 0.840537 0.826383
0.740393 0.805469 0.821444 0.720579 0.980025 0.774359 0.625244 0.493165 0.837349 0.000000 0.647473 0.647786 0.608451 0.617025 0.472997 0.496824 0.638072 0.636069 0.604432 0.696397 0.850213 0.905825 0.526820 0.675753 0.986055 0.975195 0.955616 0.923976 0.575056 0.509623 0.616129 0.568591 0.568964 0.616084 0.957600 0.748371 0.873454 0.990356 0.884125 0.842014 0.893932 0.908449 0.615208 0.633038 0.559059 0.525082 0.628600 0.562386 0.617505 0.491242 0.612184 0.593045 0.749606 0.836455 0.955705 0.923151 0.828593 0.924908 0.757680 0.984165 0.817234 0.681462 0.570734 0.524736 0.859862 0.960364 0.824909 0.899103 0.982750 0.781072 0.660583 0.777622 0.742127 0.722326 0.720076 0.885062 0.601735 0.700360 0.809634 0.623968 0.574008 0.754055 0.682670 0.776150 0.712826 0.747918 0.906719 0.918692 0.966183 0.778736 0.907120 0.934990 0.895052 0.940734 0.837347 0.897409 0.762067 0.996168 0.718245 0.599000 0.783905 0.988375 0.765292 0.704567 0.759466 0.729011 0.806861 0.941458 0.694247 0.994107 0.751465 0.703568 0.828020 0.787109 0.929563 0.716963
0.504763 0.810682 0.876303 0.993528 0.873006 0.701927 0.718626 0.713892 0.818195 0.647473 0.000000 0.620607 0.442475 0.724418 0.711626 0.826861 0.737198 0.648373 0.661546 0.694354 0.850886 0.962290 0.911055 0.955436 0.921778 0.998262 0.905182 0.951773 0.670969 0.710316 0.881877 0.841238 0.676993 0.815187 0.979052 0.835169 0.737568 0.853492 0.804879 0.947092 0.905733 0.861193 0.808745 0.792084 0.905177 0.853101 0.748138 0.708681 0.851439 0.753704 0.852634 0.864498 0.963947 0.967989 0.908117 0.817291 0.807052 0.947539 0.433803 0.651026 0.543736 0.676445 0.490737 0.457846 0.824148 0.914829 0.800467 0.931405 0.824583 0.741685 0.838762 0.869699 0.842294 0.810452 0.803202 0.931294 0.718713 0.937652 0.947767 0.723953 0.678009 0.771915 0.865972 0.874778 0.780409 0.898846 0.953185 0.967242 0.655769 0.635390 0.806230 0.937737 0.960729 0.943453 0.990079 0.980546 0.895671 0.934821 0.700095 0.651519 0.852408 0.929481 0.642704 0.749414 0.776796 0.829188 0.953125 0.944657 0.823879 0.780472 0.874937 0.663316 0.939249 0.931694 0.744766 0.991178
0.364303 0.392075 0.847049 0.930849 0.817959 0.915563 0.981624 0.560716 0.884837 0.647786 0.620607 0.000000 0.475331 0.355838 0.514365 0.476713 0.504788 0.509384 0.480349 0.390601 0.983259 0.929159 0.581279 0.613315 0.937429 0.697796 0.840056 0.699841 0.469955 0.571169 0.991133 0.885596 0.844046 0.871232 0.917057 0.691819 0.703086 0.932161 0.890531 0.803542 0.893869 0.865766 0.821441 0.814676 0.821635 0.662162 0.660338 0.674573 0.386738 0.468273 0.765557 0.811197 0.997341 0.763119 0.824300 0.993175 0.498659 0.561400 0.637523 0.714374 0.869558 0.440022 0.579212 0.423625 0.980676 0.973989 0.808846 0.799002 0.613946 0.517631 0.952436 0.869645 0.978325 0.953903 0.844073 0.977132 0.826357 0.864074 0.941271 0.840697 0.544427 0.551863 0.584677 0.722151 0.382005 0.546576 0.767937 0.613228 0.790289 0.519499 0.815948 0.717646 0.731226 0.656535 0.935750 0.878019 0.963888 0.978461 0.896276 0.810636 0.917974 0.725127 0.996548 0.973922 0.973844 0.993030 0.978694 0.817913 0.772777 0.944993 0.856040 0.790909 0.907180 0.989650 0.989559 0.758616
0.505973 0.742517 0.729628 0.788870 0.816985 0.838972 0.552364 0.457749 0.814433 0.608451 0.442475 0.475331 0.000000 0.454397 0.459204 0.556382 0.666445 0.680984 0.465146 0.604886 0.910166 0.980364 0.610432 0.808773 0.995462 0.947609 0.940135 0.924369 0.564178 0.583480 0.655344 0.618252 0.511408 0.627454 0.795404 0.913087 0.745021 0.795697 0.791918 0.998845 0.939622 0.898194 0.520649 0.549332 0.573175 0.572973 0.481060 0.470820 0.674661 0.544965 0.524405 0.556432 0.669526 0.774917 0.644607 0.857883 0.712350 0.877112 0.523136 0.750204 0.510904 0.538007 0.449929 0.414796 0.724420 0.818303 0.697265 0.795282 0.771854 0.760102 0.646933 0.795460 0.665985 0.666255 0.790238 0.935219 0.586588 0.762774 0.832876 0.847760 0.688612 0.806333 0.706270 0.893339 0.656147 0.826389 0.746293 0.821849 0.625788 0.603483 0.736202 0.884049 0.881104 0.989248 0.881648 0.805852 0.796986 0.784406 0.517173 0.441454 0.670764 0.867771 0.559908 0.663850 0.650926 0.706044 0.961321 0.983366 0.833376 0.667437 0.638170 0.497070 0.711782 0.713054 0.674949 0.913969
0.502592 0.510741 0.912378 0.670783 0.752794 0.940468 0.783574 0.393173 0.864026 0.617025 0.724418 0.355838 0.454397 0.000000 0.454270 0.355321 0.570564 0.538562 0.389026 0.415626 0.875880 0.893625 0.409581 0.455584 0.892355 0.836641 0.878632 0.825859 0.431651 0.461524 0.723006 0.553131 0.618465 0.631504 0.974043 0.886328 0.804823 0.925959 0.821708 0.743509 0.769923 0.985693 0.503441 0.537382 0.552623 0.491817 0.451050 0.499440 0.400809 0.405041 0.443692 0.544806 0.695994 0.906887 0.636822 0.913254 0.583236 0.699902 0.827860 0.851876 0.844650 0.532388 0.542911 0.496437 0.870058 0.775330 0.990964 0.975914 0.796536 0.637631 0.859489 0.977551 0.767550 0.850204 0.776444 0.857195 0.734119 0.918747 0.857143 0.731691 0.546245 0.549753 0.488444 0.727062 0.358901 0.380043 0.838034 0.494254 0.953518 0.601297 0.923450 0.731095 0.801484 0.617770 0.900112 0.850256 0.961461 0.973933 0.829525 0.667031 0.999042 0.892423 0.915014 0.956141 0.863239 0.877522 0.880539 0.872263 0.867698 0.889720 0.836580 0.704998 0.731966 0.839352 0.938059 0.776176
0.635303 0.720468 0.859120 0.768288 0.699499 0.835350 0.707657 0.583465 0.823958 0.472997 0.711626 0.514365 0.459204 0.454270 0.000000 0.361603 0.563191 0.586274 0.430781 0.562972 0.943712 0.995471 0.345123 0.545364 0.901585 0.879870 0.910547 0.893515 0.546298 0.485436 0.636719 0.577293 0.523139 0.602383 0.937742 0.872939 0.765839 0.783950 0.922411 0.982843 0.961604 0.881340 0.588449 0.619157 0.581412 0.532963 0.583175 0.506021 0.557743 0.460506 0.472056 0.468385 0.566724 0.749842 0.740049 0.922299 0.713858 0.894298 0.923205 0.844134 0.925874 0.669856 0.633663 0.587545 0.834904 0.951860 0.922056 0.958795 0.740046 0.773337 0.671868 0.856062 0.670007 0.619746 0.726613 0.929737 0.647486 0.825393 0.835855 0.682197 0.583541 0.693489 0.596689 0.809456 0.458866 0.623604 0.662965 0.722898 0.791623 0.714449 0.943835 0.943855 0.984946 0.895271 0.863141 0.912452 0.840703 0.892851 0.782687 0.608044 0.859141 0.958757 0.837247 0.666633 0.800885 0.812671 0.843468 0.953952 0.781260 0.864363 0.783441 0.651006 0.729527 0.728919 0.728804 0.866380
0.709202 0.658302 0.995850 0.736055 0.714649 0.862440 0.782393 0.527004 0.945074 0.496824 0.826861 0.476713 0.556382 0.355321 0.361603 0.000000 0.674081 0.642712 0.483552 0.586133 0.912030 0.874615 0.371649 0.415238 0.992440 0.791292 0.912474 0.792874 0.467881 0.486872 0.734101 0.615313 0.672017 0.734055 0.959780 0.747040 0.918646 0.976622 0.887699 0.915494 0.842838 0.930831 0.570421 0.588887 0.565635 0.508723 0.600257 0.589435 0.410740 0.458165 0.491340 0.531178 0.660174 0.828806 0.709782 0.827677 0.773938 0.848701 0.980142 0.892706 0.979947 0.589466 0.734621 0.683853 0.999049 0.852354 0.966372 0.973974 0.894400 0.754511 0.858689 0.908297 0.800867 0.755520 0.696531 0.895035 0.690070 0.858759 0.806064 0.739657 0.670099 0.741979 0.533541 0.803058 0.491604 0.466898 0.735139 0.582631 0.996089 0.766445 0.915199 0.896309 0.871314 0.723755 0.904234 0.798738 0.929990 0.816833 0.872232 0.704908 0.966253 0.896842 0.959117 0.931386 0.890647 0.957549 0.963511 0.899002 0.836273 0.990150 0.869244 0.785498 0.816733 0.835537 0.987288 0.795054
0.457421 0.373243 0.883651 0.990891 0.912367 0.899834 0.981751 0.739390 0.827195 0.638072 0.737198 0.504788 0.666445 0.570564 0.563191 0.674081 0.000000 0.327850 0.457471 0.384459 0.955122 0.958629 0.650526 0.736443 0.805444 0.760452 0.834234 0.922566 0.410051 0.360888 0.889878 0.758528 0.738273 0.751692 0.980778 0.808271 0.794903 0.901951 0.830217 0.758111 0.943900 0.904355 0.819480 0.760857 0.753122 0.575068 0.628579 0.612445 0.497580 0.473049 0.771755 0.848619 0.922855 0.866222 0.786091 0.927556 0.324839 0.437737 0.920357 0.928677 0.925858 0.866288 0.612420 0.442294 0.866268 0.692035 0.775567 0.779378 0.712813 0.480762 0.997268 0.791166 0.961028 0.871491 0.831149 0.997430 0.845660 0.983722 0.644583 0.638753 0.292762 0.363277 0.490368 0.412834 0.469852 0.742152 0.835367 0.674419 0.948521 0.756802 0.646353 0.605886 0.599449 0.555593 0.996441 0.941265 0.991612 0.856949 0.948008 0.931283 0.840957 0.632787 0.997574 0.914552 0.962111 0.998039 0.996060 0.638512 0.808913 0.988293 0.980106 0.918772 0.758981 0.827428 0.919106 0.795931
0.386070 0.365186 0.833835 0.989953 0.913656 0.913677 0.990217 0.763662 0.747209 0.636069 0.648373 0.509384 0.680984 0.538562 0.586274 0.642712 0.327850 0.000000 0.357162 0.372404 0.864824 0.997806 0.637450 0.714908 0.783628 0.733238 0.802567 0.871844 0.416709 0.322258 0.915400 0.779197 0.755024 0.764627 0.794397 0.826848 0.799635 0.940227 0.759610 0.837941 0.937275 0.866634 0.832235 0.747501 0.808862 0.619533 0.638694 0.626089 0.496385 0.527819 0.784968 0.823978 0.868641 0.889139 0.849401 0.896042 0.335003 0.461460 0.934088 0.976662 0.898873 0.979946 0.571568 0.459016 0.799130 0.682313 0.736505 0.730955 0.680343 0.598437 0.978997 0.860718 0.984828 0.948269 0.901780 0.998684 0.820952 0.973798 0.652292 0.514666 0.282575 0.312047 0.396889 0.438142 0.472008 0.742458 0.941374 0.679079 0.978613 0.770334 0.657457 0.625708 0.569783 0.544106 0.980042 0.891334 0.945069 0.942625 0.952369 0.966955 0.758675 0.665305 0.920585 0.976757 0.957148 0.993833 0.936835 0.699034 0.796523 0.999310 0.961908 0.952559 0.721202 0.837411 0.957752 0.893908
0.407707 0.512780 0.914455 0.794851 0.807137 0.997692 0.774360 0.598442 0.916798 0.604432 0.661546 0.480349 0.465146 0.389026 0.430781 0.483552 0.457471 0.357162 0.000000 0.395708 0.840449 0.943065 0.402332 0.555400 0.858864 0.740355 0.867480 0.952929 0.444191 0.390834 0.748913 0.605564 0.575540 0.685104 0.976989 0.862278 0.729716 0.955963 0.778325 0.876949 0.913356 0.949022 0.609831 0.610632 0.650668 0.556961 0.472120 0.513844 0.502245 0.505388 0.562638 0.659093 0.685699 0.899413 0.677733 0.921583 0.425706 0.619590 0.874855 0.982268 0.940877 0.833913 0.530086 0.488081 0.942244 0.893878 0.967273 0.918923 0.635281 0.649176 0.789893 0.940121 0.785253 0.873726 0.908384 0.883954 0.697976 0.886643 0.746995 0.622005 0.465611 0.479697 0.428659 0.586876 0.407866 0.631295 0.806660 0.609672 0.859776 0.664072 0.929408 0.839774 0.793833 0.721698 0.968660 0.777047 0.905215 0.905249 0.826994 0.712345 0.965804 0.839441 0.906764 0.827054 0.898805 0.763020 0.925732 0.765997 0.812405 0.912935 0.848590 0.737856 0.639016 0.734953 0.916648 0.912001
0.338278 0.363035 0.849612 0.886051 0.813744 0.834768 0.880643 0.707597 0.712900 0.696397 0.694354 0.390601 0.604886 0.415626 0.562972 0.586133 0.384459 0.372404 0.395708 0.000000 0.938371 0.962089 0.487618 0.561548 0.916930 0.727591 0.832128 0.879039 0.443212 0.479971 0.947292 0.878864 0.770945 0.878235 0.890456 0.801558 0.754978 0.996926 0.842450 0.741411 0.943302 0.835358 0.876431 0.854625 0.828346 0.644605 0.624565 0.665249 0.442552 0.445363 0.763469 0.846311 0.925261 0.778048 0.690502 0.917666 0.304884 0.403587 0.805120 0.833982 0.892652 0.736885 0.686056 0.517491 0.903779 0.769996 0.727021 0.724780 0.463000 0.487815 0.995458 0.726990 0.997983 0.822398 0.854579 0.981504 0.851097 0.901458 0.888932 0.809343 0.467588 0.348974 0.424668 0.459900 0.341857 0.601446 0.902932 0.567426 0.883607 0.554237 0.680907 0.571397 0.668512 0.524397 0.949336 0.991047 0.969586 0.972905 0.924432 0.994350 0.806169 0.622735 0.920164 0.918867 0.979191 0.945435 0.982737 0.702256 0.900585 0.997641 0.886818 0.926760 0.811153 0.883301 0.997105 0.833046
0.881708 0.976633 0.753726 0.763612 0.907308 0.688770 0.670697 0.748318 0.906154 0.850213 0.850886 0.983259 0.910166 0.875880 0.943712 0.912030 0.955122 0.864824 0.840449 0.938371 0.000000 0.829022 0.946870 0.911457 0.840341 0.768596 0.974367 0.905788 0.934255 0.923057 0.585637 0.683350 0.754720 0.758048 0.853590 0.899231 0.942954 0.976113 0.742930 0.871832 0.935555 0.980087 0.669263 0.725815 0.845894 0.863393 0.809906 0.839145 0.970994 0.925814 0.767702 0.746678 0.783132 0.691039 0.910390 0.884778 0.957059 0.887661 0.924203 0.937281 0.804173 0.869463 0.669309 0.846463 0.929799 0.843569 0.825221 0.783545 0.901392 0.914340 0.695153 0.776212 0.739167 0.652945 0.834651 0.760683 0.885180 0.812246 0.774028 0.749047 0.835125 0.894723 0.936134 0.999842 0.948394 0.975122 0.736408 0.919959 0.929639 0.868368 0.799618 0.916158 0.894363 0.951557 0.852025 0.841565 0.830971 0.941560 0.746136 0.855990 0.891182 0.826604 0.816177 0.781705 0.844742 0.793046 0.969376 0.862671 0.950026 0.978014 0.950239 0.928404 0.869228 0.949999 0.885178 0.894629
0.942061 0.936046 0.908000 0.850386 0.927272 0.993866 0.921968 0.968529 0.994898 0.905825 0.962290 0.929159 0.980364 0.893625 0.995471 0.874615 0.958629 0.997806 0.943065 0.962089 0.829022 0.000000 0.978473 0.964881 0.942740 0.739222 0.841581 0.925958 0.923041 0.938607 0.905464 0.977004 0.885055 0.843614 0.935556 0.745847 0.886222 0.799726 0.938024 0.953737 0.958750 0.968710 0.985397 0.993583 0.951576 0.989497 0.912330 0.870453 0.880324 0.943785 0.842483 0.889215 0.813315 0.834300 0.876726 0.884994 0.969505 0.953692 0.954456 0.999405 0.995347 0.949990 0.997234 0.955600 0.920571 0.954994 0.886925 0.903964 0.952798 0.915813 0.945273 0.990920 0.973207 0.989411 0.766265 0.952529 0.882791 0.890256 0.958236 0.938565 0.989670 0.983213 0.949892 0.896779 0.999404 0.906364 0.868042 0.999845 0.990906 0.991336 0.901989 0.916787 0.925250 0.931176 0.997851 0.971360 0.927948 0.945268 0.957228 0.979223 0.925411 0.975571 0.911563 0.976429 0.902008 0.754192 0.836935 0.906006 0.993036 0.823420 0.865986 0.940777 0.961944 0.926856 0.806161 0.895615
0.682900 0.729570 0.857331 0.643820 0.709737 0.931216 0.789377 0.603563 0.976957 0.526820 0.911055 0.581279 0.610432 0.409581 0.345123 0.371649 0.650526 0.637450 0.402332 0.487618 0.946870 0.978473 0.000000 0.367753 0.922077 0.863407 0.787560 0.994241 0.552203 0.517379 0.655566 0.615680 0.585055 0.707335 0.989447 0.869069 0.799421 0.925393 0.962265 0.926418 0.827301 0.925101 0.673829 0.726895 0.640915 0.611008 0.615219 0.606794 0.548774 0.468490 0.509662 0.556719 0.611040 0.807335 0.754234 0.880905 0.682011 0.825234 0.958855 0.806425 0.892325 0.765486 0.816507 0.757070 0.868550 0.982304 0.990021 0.909356 0.682008 0.736775 0.716194 0.927705 0.661309 0.776115 0.815552 0.904461 0.680988 0.874351 0.899566 0.816112 0.701103 0.638901 0.519430 0.737967 0.431750 0.505857 0.720175 0.540878 0.906909 0.745737 0.994490 0.945504 0.974257 0.771272 0.809965 0.834658 0.807072 0.947603 0.876509 0.760023 0.955077 0.911624 0.978428 0.811691 0.886967 0.804354 0.862346 0.944283 0.883242 0.981942 0.795604 0.837594 0.797671 0.814266 0.974572 0.857466
0.798387 0.776733 0.928940 0.657157 0.626940 0.975674 0.899301 0.677160 0.886479 0.675753 0.955436 0.613315 0.808773 0.455584 0.545364 0.415238 0.736443 0.714908 0.555400 0.561548 0.911457 0.964881 0.367753 0.000000 0.924246 0.919620 0.906763 0.971501 0.615184 0.615215 0.775425 0.716663 0.742504 0.814351 0.997790 0.752832 0.946382 0.967354 0.909323 0.795945 0.752316 0.892937 0.759662 0.785816 0.737119 0.694603 0.757746 0.753339 0.590930 0.597500 0.640799 0.730666 0.776610 0.923797 0.786985 0.923427 0.799184 0.879166 0.926246 0.906454 0.871587 0.767726 0.861072 0.826842 0.953847 0.906449 0.929405 0.925430 0.866288 0.768030 0.878972 0.982228 0.901401 0.943441 0.826008 0.882255 0.788852 0.972697 0.906925 0.836072 0.730468 0.691929 0.622740 0.708163 0.492818 0.426620 0.824996 0.489758 0.991863 0.741097 0.875702 0.808256 0.826008 0.674409 0.974497 0.888083 0.988146 0.979245 0.974262 0.907696 0.883313 0.872425 0.849465 0.953196 0.948085 0.928083 0.934759 0.909112 0.976795 0.867396 0.960267 0.931603 0.983540 0.979012 0.804917 0.808474
0.982019 0.871907 0.866362 0.761845 0.952000 0.925519 0.916804 0.850676 0.886861 0.986055 0.921778 0.937429 0.995462 0.892355 0.901585 0.992440 0.805444 0.783628 0.858864 0.916930 0.840341 0.942740 0.922077 0.924246 0.000000 0.715582 0.949793 0.932116 0.944099 0.853479 0.772602 0.723196 0.860551 0.772672 0.883793 0.855028 0.981401 0.902425 0.774670 0.910479 0.993524 0.813234 0.792928 0.736085 0.821793 0.794620 0.660572 0.760405 0.999204 0.879634 0.784955 0.673133 0.689002 0.783137 0.883323 0.822883 0.843804 0.915678 0.853507 0.961439 0.912565 0.792929 0.845939 0.907738 0.898058 0.985575 0.976719 0.954274 0.794319 0.987072 0.799527 0.962205 0.904478 0.883974 0.957756 0.854125 0.785361 0.853938 0.828305 0.711279 0.733502 0.688538 0.818309 0.895201 0.881183 0.834806 0.922254 0.861670 0.991653 0.890724 0.969098 0.871307 0.992092 0.854707 0.876788 0.990073 0.958858 0.905657 0.919696 0.979046 0.947663 0.915405 0.874313 0.983091 0.968451 0.936619 0.942949 0.919600 0.922198 0.943980 0.994468 0.861930 0.692472 0.795346 0.875017 0.885132
0.667255 0.605536 0.505340 0.532754 0.864875 0.675382 0.592924 0.772884 0.886836 0.975195 0.998262 0.697796 0.947609 0.836641 0.879870 0.791292 0.760452 0.733238 0.740355 0.727591 0.768596 0.739222 0.863407 0.919620 0.715582 0.000000 0.787872 0.904562 0.755257 0.842166 0.534056 0.721728 0.727313 0.657369 0.624248 0.690010 0.920694 0.859400 0.918507 0.869655 0.916085 0.864343 0.724410 0.763984 0.758993 0.886805 0.848420 0.803937 0.646754 0.875225 0.796419 0.714702 0.731076 0.543705 0.951245 0.974656 0.615549 0.614387 0.966308 0.901863 0.680751 0.921513 0.866302 0.908683 0.521520 0.578897 0.499316 0.449130 0.644947 0.721751 0.667875 0.689147 0.705174 0.701573 0.973342 0.879899 0.787265 0.656380 0.955887 0.898212 0.878425 0.803333 0.741489 0.857950 0.740082 0.902356 0.745162 0.816906 0.996135 0.848939 0.582776 0.699733 0.597617 0.696698 0.681356 0.965359 0.805854 0.884691 0.701120 0.749543 0.700613 0.573632 0.637928 0.792013 0.636247 0.681217 0.978102 0.741291 0.920127 0.895479 0.731927 0.772947 0.853038 0.880989 0.745234 0.910804
0.811369 0.833046 0.804531 0.883876 0.735590 0.821167 0.871144 0.947183 0.956947 0.955616 0.905182 0.840056 0.940135 0.878632 0.910547 0.912474 0.834234 0.802567 0.867480 0.832128 0.974367 0.841581 0.787560 0.906763 0.949793 0.787872 0.000000 0.920638 0.954337 0.904542 0.885386 0.893421 0.900397 0.811022 0.758640 0.890149 0.991620 0.964290 0.936748 0.962109 0.986685 0.974216 0.808892 0.796825 0.815969 0.864115 0.894136 0.822019 0.858173 0.882951 0.903370 0.932846 0.908008 0.814093 0.917853 0.820815 0.792683 0.875369 0.980518 0.979745 0.787834 0.992259 0.895968 0.989514 0.748438 0.798622 0.737264 0.639925 0.792630 0.825089 0.902319 0.911221 0.958010 0.956574 0.937622 0.958954 0.995783 0.858347 0.984493 0.935106 0.890572 0.799890 0.767069 0.896825 0.874798 0.890724 0.946498 0.830289 0.858223 0.970477 0.981561 0.941841 0.903313 0.918535 0.906767 0.998088 0.971589 0.961265 0.904871 0.868585 0.917772 0.935180 0.824683 0.997662 0.852382 0.874235 0.964211 0.891106 0.748053 0.876819 0.923649 0.926463 0.913724 0.764079 0.812972 0.932846
0.820072 0.715122 0.832966 0.951936 0.752840 0.905974 0.932047 0.827430 0.996470 0.923976 0.951773 0.699841 0.924369 0.825859 0.893515 0.792874 0.922566 0.871844 0.952929 0.879039 0.905788 0.925958 0.994241 0.971501 0.932116 0.904562 0.920638 0.000000 0.983683 0.961733 0.870297 0.867870 0.940605 0.936704 0.905482 0.804149 0.997232 0.986423 0.946084 0.999800 0.999499 0.975483 0.938119 0.914655 0.927296 0.892483 0.987918 0.888721 0.733681 0.848778 0.942335 0.897930 0.998022 0.898751 0.919674 0.921183 0.879734 0.874241 0.899046 0.881874 0.932215 0.779955 0.896386 0.878542 0.895419 0.949311 0.907507 0.891470 0.977503 0.898058 0.914422 0.936685 0.993392 0.922674 0.997992 0.938709 0.913830 0.877340 0.975513 0.909073 0.908816 0.996060 0.978413 0.957781 0.858836 0.852112 0.918185 0.950694 0.851604 0.934776 0.964573 0.999540 0.947377 0.961683 0.983231 0.919624 0.957070 0.790458 0.910387 0.902674 0.904102 0.945882 0.896838 0.829452 0.886326 0.845413 0.959130 0.958151 0.999641 0.994987 0.969597 0.871617 0.886710 0.942119 0.971569 0.979396
0.477765 0.481926 0.923855 0.887172 0.855539 0.904068 0.879117 0.625571 0.832014 0.575056 0.670969 0.469955 0.564178 0.431651 0.546298 0.467881 0.410051 0.416709 0.444191 0.443212 0.934255 0.923041 0.552203 0.615184 0.944099 0.755257 0.954337 0.983683 0.000000 0.316566 0.760162 0.667580 0.636531 0.652182 0.942772 0.848246 0.756393 0.951780 0.876410 0.821669 0.965438 0.936206 0.691615 0.615645 0.661886 0.507365 0.634057 0.548137 0.458870 0.486210 0.662960 0.752142 0.844233 0.975142 0.747447 0.837649 0.492473 0.575024 0.802543 0.895623 0.939607 0.702067 0.567986 0.431539 0.930182 0.891454 0.885523 0.920700 0.690201 0.507069 0.998459 0.920443 0.929032 0.953041 0.828245 0.925238 0.841886 0.901306 0.648492 0.679302 0.379513 0.463802 0.458779 0.493533 0.432738 0.665612 0.811464 0.608578 0.949162 0.757946 0.767910 0.663900 0.661165 0.572449 0.963070 0.895841 0.995240 0.928463 0.956940 0.799143 0.908341 0.823418 0.981442 0.940595 0.959924 0.966060 0.924917 0.764609 0.756798 0.999061 0.946719 0.889395 0.780823 0.831411 0.957749 0.761029
0.564769 0.528397 0.964528 0.812515 0.892749 0.995693 0.785063 0.635148 0.879545 0.509623 0.710316 0.571169 0.583480 0.461524 0.485436 0.486872 0.360888 0.322258 0.390834 0.479971 0.923057 0.938607 0.517379 0.615215 0.853479 0.842166 0.904542 0.961733 0.316566 0.000000 0.698479 0.554769 0.536290 0.533248 0.924889 0.935244 0.833262 0.973739 0.841179 0.811429 0.981757 0.940768 0.640434 0.570575 0.575868 0.484711 0.545543 0.485072 0.518141 0.484197 0.577389 0.678052 0.738742 0.896250 0.725406 0.830504 0.513288 0.648572 0.989345 0.933848 0.975309 0.867159 0.533078 0.437015 0.941841 0.870649 0.935975 0.966960 0.849272 0.615419 0.893008 0.976772 0.880139 0.893024 0.833115 0.976725 0.773321 0.780548 0.496643 0.497913 0.302807 0.427709 0.418082 0.449553 0.491772 0.668474 0.791756 0.639912 0.936682 0.859578 0.742795 0.682268 0.636179 0.573914 0.994471 0.869298 0.990444 0.933903 0.980135 0.829374 0.929582 0.795611 0.994801 0.871101 0.950013 0.913635 0.901687 0.755866 0.802362 0.939460 0.982267 0.868852 0.670794 0.735851 0.931442 0.786073
0.999076 0.830695 0.420758 0.369409 0.964551 0.660149 0.323109 0.480618 0.883932 0.616129 0.881877 0.991133 0.655344 0.723006 0.636719 0.734101 0.889878 0.915400 0.748913 0.947292 0.585637 0.905464 0.655566 0.775425 0.772602 0.534056 0.885386 0.870297 0.760162 0.698479 0.000000 0.349497 0.381335 0.341011 0.611198 0.867548 0.963834 0.833035 0.787414 0.967974 0.897164 0.927749 0.340831 0.443038 0.463476 0.553468 0.579852 0.472541 0.946604 0.802352 0.421265 0.399161 0.431470 0.360310 0.807223 0.938290 0.912387 0.778555 0.936534 0.966723 0.635089 0.978873 0.536021 0.756719 0.546652 0.626296 0.485338 0.471344 0.838237 0.842414 0.386745 0.525013 0.461007 0.456298 0.837115 0.838869 0.566746 0.404496 0.621590 0.675275 0.769114 0.936908 0.891924 0.932812 0.919527 0.848557 0.960556 0.884581 0.983779 0.977544 0.570481 0.758368 0.685883 0.894792 0.636381 0.812344 0.665580 0.802572 0.537393 0.499575 0.596177 0.569897 0.531732 0.544448 0.559701 0.532697 0.962838 0.812123 0.924781 0.895236 0.665284 0.722045 0.647758 0.673360 0.695579 0.856891
0.925634 0.995046 0.471003 0.444817 0.983065 0.662975 0.412128 0.443891 0.930457 0.568591 0.841238 0.885596 0.618252 0.553131 0.577293 0.615313 0.758528 0.779197 0.605564 0.878864 0.683350 0.977004 0.615680 0.716663 0.723196 0.721728 0.893421 0.867870 0.667580 0.554769 0.349497 0.000000 0.394498 0.329995 0.656791 0.860688 0.941751 0.899612 0.768747 0.903978 0.916748 0.956074 0.304943 0.351197 0.409909 0.468211 0.437900 0.409350 0.871518 0.684228 0.363830 0.396970 0.420911 0.462036 0.753990 0.798996 0.958671 0.885479 0.988730 0.891193 0.692630 0.864682 0.506990 0.645357 0.624085 0.673951 0.582480 0.571731 0.800568 0.989139 0.538289 0.649980 0.550156 0.533798 0.721563 0.831316 0.629747 0.448529 0.623695 0.614848 0.625451 0.804105 0.706252 0.867251 0.767852 0.704616 0.921674 0.786317 0.872503 0.948060 0.766449 0.922052 0.879788 0.985666 0.732103 0.760961 0.809217 0.914489 0.639558 0.482108 0.756447 0.734405 0.616023 0.600184 0.666547 0.590440 0.933925 0.927005 0.846653 0.844542 0.787827 0.641400 0.582933 0.665599 0.634257 0.763356
0.778572 0.996544 0.442889 0.530303 0.872005 0.631356 0.374486 0.474513 0.848859 0.568964 0.676993 0.844046 0.511408 0.618465 0.523139 0.672017 0.738273 0.755024 0.575540 0.770945 0.754720 0.885055 0.585055 0.742504 0.860551 0.727313 0.900397 0.940605 0.636531 0.536290 0.381335 0.394498 0.000000 0.368230 0.652647 0.855047 0.766135 0.770146 0.731115 0.931482 0.926959 0.997320 0.406152 0.424195 0.417095 0.460672 0.520203 0.389113 0.913976 0.645987 0.392075 0.466230 0.476251 0.511498 0.705897 0.909400 0.898512 0.931064 0.797142 0.975190 0.609691 0.825094 0.477855 0.568267 0.547351 0.758874 0.500600 0.544788 0.977984 0.858247 0.495907 0.599995 0.531928 0.600559 0.795666 0.914915 0.565326 0.494644 0.752280 0.689696 0.638998 0.812193 0.816097 0.775981 0.752652 0.808640 0.959110 0.796301 0.869110 0.812483 0.697645 0.826517 0.829786 0.954388 0.710505 0.843849 0.646190 0.813333 0.567066 0.500797 0.654512 0.717109 0.557421 0.532412 0.617673 0.476679 0.864965 0.909280 0.826356 0.809350 0.649127 0.529504 0.558788 0.685679 0.636786 0.908597
0.893182 0.982482 0.502633 0.528533 0.996138 0.699105 0.404036 0.469433 0.994563 0.616084 0.815187 0.871232 0.627454 0.631504 0.602383 0.734055 0.751692 0.764627 0.685104 0.878235 0.758048 0.843614 0.707335 0.814351 0.772672 0.657369 0.811022 0.936704 0.652182 0.533248 0.341011 0.329995 0.368230 0.000000 0.666207 0.756047 0.893238 0.811992 0.774557 0.913467 0.876652 0.901770 0.366262 0.371140 0.395926 0.440655 0.485573 0.393860 0.901372 0.700006 0.440738 0.479327 0.504485 0.523962 0.740774 0.843923 0.911948 0.971573 0.886564 0.970361 0.605807 0.862975 0.432969 0.567196 0.576836 0.693250 0.551215 0.488875 0.883600 0.987135 0.562362 0.682562 0.625123 0.609349 0.843080 0.901568 0.670402 0.500373 0.613397 0.654266 0.590210 0.783198 0.795078 0.736576 0.778142 0.792011 0.984509 0.775602 0.971950 0.934039 0.792547 0.971346 0.921990 0.966085 0.711758 0.847628 0.759114 0.880360 0.631711 0.562354 0.697828 0.762941 0.609029 0.625556 0.675457 0.610155 0.954580 0.969627 0.816719 0.800580 0.755732 0.671518 0.591265 0.693440 0.584959 0.818375
0.954669 0.743662 0.498954 0.686087 0.993150 0.754769 0.554562 0.699085 0.770817 0.957600 0.979052 0.917057 0.795404 0.974043 0.937742 0.959780 0.980778 0.794397 0.976989 0.890456 0.853590 0.935556 0.989447 0.997790 0.883793 0.624248 0.758640 0.905482 0.942772 0.924889 0.611198 0.656791 0.652647 0.666207 0.000000 0.850108 0.953726 0.824207 0.918785 0.930021 0.939790 0.826322 0.613984 0.718232 0.675194 0.776054 0.714577 0.710197 0.763297 0.953162 0.738419 0.782984 0.732212 0.652426 0.810463 0.952275 0.885000 0.833731 0.777783 0.793597 0.557819 0.904891 0.720148 0.897292 0.535386 0.638251 0.429342 0.457310 0.899094 0.915528 0.698105 0.664070 0.738208 0.784067 0.999365 0.912893 0.756601 0.779563 0.944044 0.875761 0.948842 0.808794 0.780600 0.873423 0.919821 0.978931 0.892676 0.984641 0.836936 0.944300 0.609757 0.732516 0.652061 0.757365 0.722183 0.847918 0.712107 0.749193 0.605165 0.600613 0.625284 0.626435 0.616559 0.650965 0.538682 0.650525 0.951182 0.818643 0.999673 0.902554 0.788925 0.702222 0.821344 0.746624 0.706728 0.861357
0.808362 0.807588 0.810663 0.876821 0.909594 0.972698 0.880522 0.927096 0.977414 0.748371 0.835169 0.691819 0.913087 0.886328 0.872939 0.747040 0.808271 0.826848 0.862278 0.801558 0.899231 0.745847 0.869069 0.752832 0.855028 0.690010 0.890149 0.804149 0.848246 0.935244 0.867548 0.860688 0.855047 0.756047 0.850108 0.000000 0.970882 0.801090 0.975134 0.975598 0.960860 0.926426 0.897348 0.905471 0.890748 0.990391 0.891621 0.967347 0.799046 0.839508 0.945197 0.926937 0.814667 0.759279 0.978247 0.941991 0.894196 0.897625 0.853257 0.906555 0.964344 0.834099 0.924643 0.825956 0.798878 0.890904 0.801960 0.741104 0.939145 0.825081 0.985505 0.934769 0.935874 0.901228 0.902927 0.917524 0.907960 0.736004 0.944410 0.995650 0.870899 0.926848 0.941848 0.949116 0.854264 0.831212 0.896547 0.963792 0.788984 0.827240 0.898731 0.980144 0.899340 0.922693 0.968875 0.884760 0.937932 0.998889 0.945091 0.966673 0.955170 0.814556 0.871236 0.932447 0.894950 0.866587 0.914845 0.985542 0.802226 0.850608 0.954129 0.922135 0.750597 0.871369 0.782142 0.924617
0.672106 0.811197 0.980643 0.913718 0.951002 0.976616 0.951636 0.881694 0.914892 0.873454 0.737568 0.703086 0.745021 0.804823 0.765839 0.918646 0.794903 0.799635 0.729716 0.754978 0.942954 0.886222 0.799421 0.946382 0.981401 0.920694 0.991620 0.997232 0.756393 0.833262 0.963834 0.941751 0.766135 0.893238 0.953726 0.970882 0.000000 0.787364 0.922748 0.855158 0.922647 0.960884 0.991969 0.931781 0.990656 0.901477 0.831887 0.850955 0.926752 0.833856 0.831757 0.894985 0.943576 0.938245 0.843234 0.873997 0.741374 0.843175 0.759607 0.867923 0.931531 0.806440 0.756179 0.716760 0.793970 0.985162 0.981715 0.904985 0.654138 0.718034 0.910394 0.969825 0.967137 0.964570 0.862550 0.914756 0.882829 0.977534 0.936032 0.935585 0.787086 0.722824 0.927209 0.955368 0.673370 0.794225 0.810148 0.927673 0.743438 0.625062 0.997125 0.977622 0.975865 0.964971 0.839821 0.951578 0.826862 0.891611 0.873954 0.867977 0.975649 0.859339 0.803699 0.863605 0.932627 0.803646 0.833432 0.947475 0.731677 0.796730 0.782948 0.743094 0.931005 0.952584 0.891020 0.865772
0.915329 0.837567 0.789083 0.875583 0.846645 0.861752 0.757840 0.875279 0.724034 0.990356 0.853492 0.932161 0.795697 0.925959 0.783950 0.976622 0.901951 0.940227 0.955963 0.996926 0.976113 0.799726 0.925393 0.967354 0.902425 0.859400 0.964290 0.986423 0.951780 0.973739 0.833035 0.899612 0.770146 0.811992 0.824207 0.801090 0.787364 0.000000 0.955375 0.977191 0.948719 0.702419 0.841289 0.884233 0.879363 0.949642 0.947822 0.794387 0.869496 0.968134 0.748430 0.810747 0.747522 0.730546 0.828918 0.927850 0.903655 0.765435 0.876250 0.924074 0.749499 0.811636 0.783510 0.932858 0.699012 0.783838 0.746791 0.815437 0.829832 0.928015 0.718495 0.782215 0.715116 0.689257 0.970383 0.898601 0.955664 0.809518 0.896026 0.903811 0.995431 0.914724 0.794228 0.837495 0.896748 0.943314 0.843401 0.881759 0.765927 0.891317 0.682715 0.723393 0.795634 0.704882 0.862377 0.862488 0.797371 0.877260 0.791471 0.721880 0.744581 0.767328 0.724185 0.789478 0.921856 0.777781 0.953453 0.821733 0.918186 0.783991 0.730311 0.745522 0.863326 0.751430 0.595801 0.950843
