0.000000 0.166274 0.323207 0.299756 0.625156 0.559712 0.245269 0.201568 0.394575 0.316112 0.145185 0.141361 0.134842 0.229968 0.215613 0.257136 0.157890 0.152313 0.151726 0.164957 0.514571 0.865878 0.327580 0.542076 0.758160 0.745553 0.898899 0.856018 0.204231 0.192137 0.286933 0.393185 0.156649 0.167646 0.501951 0.659599 0.368376 0.426290 0.733698 0.629837 0.624840 0.536084 0.238357 0.216867 0.265227 0.203106 0.235852 0.234856 0.719654 0.382469 0.465594 0.369868 0.515637 0.554391 0.486922 0.523846 0.179294 0.163810 0.182384 0.192730 0.128521 0.182701 0.129825 0.136351 0.389554 0.295843 0.280434 0.294660 0.313367 0.213350 0.272453 0.250051 0.438375 0.440252 0.628665 0.591507 0.362735 0.284180 0.194217 0.221177 0.149262 0.209183 0.461111 0.348594 0.270294 0.489020 0.973098 0.792309 0.419113 0.526432 0.570226 0.667944 0.582363 0.744030 0.490294 0.512684 0.324391 0.550436 0.238136 0.247909 0.521287 0.562789 0.249052 0.301758 0.287943 0.280493 0.706691 0.582538 0.643364 0.446706 0.611455 0.348661 0.352870 0.452784 0.404219 0.971047
0.166274 0.000000 0.485104 0.397669 0.647815 0.598300 0.360621 0.244887 0.443535 0.353881 0.233927 0.133040 0.160415 0.159441 0.194781 0.207716 0.146775 0.125706 0.179777 0.169500 0.536501 0.856958 0.322642 0.483708 0.724393 0.839478 0.928716 0.879027 0.158825 0.172742 0.342824 0.418068 0.217287 0.228821 0.583708 0.652228 0.377625 0.455636 0.820339 0.672886 0.648300 0.466613 0.254708 0.225460 0.278588 0.229941 0.299320 0.240907 0.695840 0.429028 0.518183 0.425569 0.594687 0.663540 0.630953 0.654943 0.110428 0.099849 0.265622 0.275927 0.216536 0.229007 0.156849 0.127487 0.538669 0.438289 0.410816 0.388372 0.359100 0.260842 0.249654 0.253498 0.539542 0.556155 0.679243 0.579184 0.307951 0.269756 0.252543 0.219072 0.156800 0.219680 0.387234 0.332050 0.330464 0.476874 0.895757 0.824392 0.517159 0.565274 0.653332 0.702506 0.664572 0.829355 0.457691 0.509525 0.369284 0.466961 0.278865 0.251442 0.564360 0.693084 0.288970 0.267526 0.336827 0.287853 0.759117 0.594980 0.611352 0.465888 0.554111 0.355307 0.438931 0.386995 0.449097 0.871529
0.323207 0.485104 0.000000 0.143239 0.618137 0.559314 0.142174 0.229471 0.425703 0.339450 0.312599 0.373711 0.329771 0.457670 0.411600 0.393437 0.412110 0.384896 0.257099 0.330778 0.461011 0.851554 0.280056 0.481776 0.557862 0.423954 0.973920 0.821015 0.434115 0.341256 0.220062 0.362271 0.231983 0.249675 0.399627 0.654082 0.410270 0.480991 0.589299 0.628745 0.742550 0.690845 0.298311 0.316005 0.515368 0.439827 0.383857 0.317324 0.935303 0.628716 0.715242 0.615011 0.646001 0.541419 0.493775 0.612122 0.506934 0.501934 0.304876 0.335287 0.245847 0.346922 0.320717 0.372036 0.196701 0.178084 0.189305 0.222573 0.473670 0.294639 0.369154 0.391240 0.452895 0.471871 0.513302 0.805298 0.482551 0.454348 0.322867 0.419450 0.322922 0.282096 0.586819 0.364866 0.320312 0.471581 0.944989 0.898997 0.414708 0.524627 0.556899 0.612010 0.557182 0.691610 0.608830 0.621131 0.459683 0.700430 0.469956 0.415358 0.561157 0.388998 0.417641 0.357228 0.397417 0.401587 0.752909 0.672797 0.628983 0.469763 0.674359 0.598302 0.475265 0.590387 0.535227 0.949363
0.299756 0.397669 0.143239 0.000000 0.642143 0.473082 0.153027 0.151683 0.424224 0.245593 0.343856 0.283060 0.263244 0.319470 0.298014 0.265884 0.348291 0.309109 0.222696 0.278202 0.425681 0.799896 0.183987 0.358494 0.538469 0.427909 0.975554 0.923452 0.345352 0.261663 0.187303 0.279835 0.183272 0.197556 0.373217 0.613276 0.335150 0.457865 0.545230 0.574010 0.730785 0.570790 0.236455 0.273131 0.450462 0.388770 0.328849 0.250486 0.994303 0.577615 0.677886 0.569711 0.616176 0.538593 0.482567 0.590582 0.433317 0.413322 0.301165 0.332741 0.242998 0.291888 0.261919 0.277025 0.212887 0.176454 0.187676 0.200178 0.518833 0.279817 0.280020 0.340956 0.509971 0.587851 0.498636 0.723489 0.393895 0.380366 0.272230 0.373201 0.230053 0.189724 0.458091 0.257517 0.256261 0.355994 0.936410 0.941559 0.384068 0.437527 0.517032 0.548862 0.493216 0.669766 0.546831 0.504626 0.401828 0.614962 0.401607 0.295729 0.493617 0.411108 0.320228 0.294695 0.316767 0.321138 0.808700 0.622693 0.632910 0.407403 0.627170 0.485284 0.427401 0.474108 0.520413 0.944534
0.625156 0.647815 0.618137 0.642143 0.000000 0.784647 0.598920 0.585660 0.727611 0.646595 0.739136 0.685184 0.615241 0.684722 0.633895 0.655262 0.708768 0.673302 0.586996 0.709355 0.675895 0.881746 0.629444 0.715640 0.890171 0.957573 0.914243 0.773488 0.650333 0.709779 0.740195 0.819680 0.587516 0.650243 0.679788 0.823185 0.725943 0.669592 0.869356 0.834948 0.929263 0.593780 0.526059 0.557250 0.530744 0.563895 0.653535 0.608288 0.742495 0.677068 0.635226 0.628209 0.705615 0.672699 0.736512 0.812703 0.639365 0.689903 0.617316 0.615833 0.547115 0.561663 0.624472 0.627846 0.594464 0.588753 0.603356 0.593737 0.709012 0.716959 0.603955 0.679603 0.867802 0.884845 0.867437 0.972290 0.745314 0.746712 0.755437 0.791882 0.669960 0.696164 0.680897 0.654168 0.613736 0.625703 0.985001 0.844451 0.848299 0.694353 0.671508 0.700034 0.692719 0.758106 0.892426 0.817436 0.695700 0.828227 0.608035 0.564367 0.658041 0.652433 0.563390 0.587049 0.529857 0.689413 0.757421 0.677592 0.820953 0.934881 0.630745 0.632453 0.705269 0.744394 0.686934 0.948181
0.559712 0.598300 0.559314 0.473082 0.784647 0.000000 0.451941 0.426187 0.579780 0.415586 0.594880 0.540482 0.542785 0.627637 0.584715 0.576087 0.610737 0.571739 0.541372 0.536449 0.722052 0.869572 0.523979 0.733313 0.867533 0.607097 0.981853 0.789599 0.616805 0.607648 0.551583 0.624257 0.528499 0.511661 0.585268 0.823904 0.556872 0.864644 0.785690 0.863076 0.825311 0.576436 0.461637 0.559785 0.538463 0.574199 0.503058 0.574638 0.921802 0.789002 0.763448 0.737180 0.775101 0.803538 0.750740 0.721575 0.615607 0.642570 0.616006 0.678259 0.554917 0.594949 0.538423 0.554999 0.577652 0.521969 0.463304 0.456568 0.788634 0.672123 0.414215 0.499237 0.790083 0.858660 0.767630 0.814329 0.597797 0.557942 0.563884 0.694241 0.505212 0.548569 0.792032 0.619050 0.572845 0.726511 0.886802 0.742395 0.748829 0.765668 0.410532 0.463227 0.371227 0.569808 0.744202 0.732662 0.502386 0.754761 0.438318 0.438226 0.539324 0.478767 0.600841 0.522698 0.547941 0.514457 0.944843 0.597163 0.853561 0.682456 0.713156 0.480265 0.500380 0.713290 0.625926 0.963536
0.245269 0.360621 0.142174 0.153027 0.598920 0.451941 0.000000 0.133572 0.382498 0.217300 0.274790 0.282666 0.263734 0.375840 0.348133 0.333826 0.300484 0.273376 0.172126 0.263374 0.488859 0.853074 0.262058 0.520887 0.701943 0.571177 0.887114 0.786388 0.344807 0.270462 0.246131 0.356217 0.181146 0.174328 0.401249 0.628489 0.385306 0.471664 0.594892 0.609593 0.701142 0.553380 0.205123 0.203591 0.337602 0.285917 0.316765 0.238528 0.973320 0.584982 0.619432 0.532120 0.594378 0.507786 0.488691 0.637730 0.355553 0.367929 0.226313 0.292262 0.168286 0.280607 0.218629 0.264436 0.253256 0.173101 0.135507 0.139919 0.450265 0.282354 0.279971 0.262152 0.451939 0.479166 0.506847 0.726583 0.405286 0.343953 0.284509 0.370051 0.223369 0.228477 0.553369 0.343688 0.309439 0.484811 0.983386 0.803929 0.406542 0.581580 0.467460 0.500306 0.452881 0.605050 0.572361 0.513589 0.356398 0.588012 0.309189 0.265079 0.468456 0.320830 0.328422 0.272567 0.313676 0.304256 0.744571 0.577409 0.556383 0.391928 0.547108 0.417058 0.329405 0.473745 0.477153 0.915593
0.201568 0.244887 0.229471 0.151683 0.585660 0.426187 0.133572 0.000000 0.355349 0.161822 0.275448 0.175837 0.179919 0.223716 0.228013 0.218725 0.220270 0.197214 0.166199 0.207219 0.469242 0.797668 0.209353 0.432375 0.695612 0.613513 0.884563 0.895319 0.249730 0.198262 0.246992 0.334524 0.149189 0.147257 0.391284 0.569269 0.356454 0.418751 0.670947 0.574561 0.626466 0.498287 0.173604 0.194846 0.259538 0.239637 0.276095 0.218688 0.828988 0.482674 0.524431 0.431238 0.528705 0.496993 0.511590 0.604396 0.276648 0.265447 0.242038 0.277091 0.166360 0.191084 0.172194 0.155313 0.304308 0.215665 0.175059 0.188094 0.469635 0.254083 0.235064 0.256450 0.488063 0.566092 0.560107 0.653452 0.315324 0.254647 0.215425 0.335666 0.157348 0.175439 0.417666 0.280156 0.252828 0.406288 0.969545 0.834197 0.425718 0.479709 0.385767 0.434110 0.381576 0.567153 0.471600 0.412587 0.285244 0.498811 0.218981 0.164981 0.380561 0.392114 0.247533 0.211736 0.234459 0.253665 0.726295 0.485588 0.576652 0.376666 0.525574 0.332840 0.303483 0.389811 0.448470 0.954052
0.394575 0.443535 0.425703 0.424224 0.727611 0.579780 0.382498 0.355349 0.000000 0.345290 0.404179 0.393174 0.410133 0.509331 0.491121 0.482128 0.453429 0.443225 0.425333 0.383706 0.699232 0.966763 0.496089 0.739222 0.745309 0.732425 0.901897 0.815669 0.444215 0.445510 0.441197 0.598197 0.388921 0.397216 0.563453 0.736124 0.485434 0.561098 0.840787 0.714954 0.749167 0.754095 0.426311 0.425574 0.448161 0.427812 0.440013 0.454792 0.884335 0.592755 0.622550 0.544920 0.648745 0.647472 0.649729 0.676278 0.464877 0.464114 0.432363 0.429338 0.350515 0.339880 0.431291 0.434341 0.444527 0.389935 0.418849 0.420926 0.426976 0.428890 0.444039 0.482577 0.389250 0.424931 0.718176 0.637054 0.460976 0.415802 0.519580 0.505582 0.437356 0.480293 0.715114 0.574469 0.537058 0.705161 0.892753 0.627355 0.657689 0.706931 0.538256 0.545448 0.541617 0.585972 0.614191 0.567187 0.584313 0.803232 0.374043 0.413614 0.530029 0.492743 0.514424 0.414384 0.474872 0.509714 0.775274 0.598241 0.726009 0.551996 0.533665 0.550346 0.419387 0.636124 0.552915 0.877667
0.316112 0.353881 0.339450 0.245593 0.646595 0.415586 0.217300 0.161822 0.345290 0.000000 0.343604 0.276486 0.304139 0.353857 0.335173 0.337214 0.299670 0.298829 0.277943 0.315752 0.585765 0.753588 0.332802 0.568812 0.801272 0.631421 0.856012 0.884617 0.345189 0.288765 0.348644 0.424998 0.255036 0.248483 0.383267 0.636658 0.426186 0.542083 0.696166 0.611139 0.743437 0.482186 0.296220 0.313811 0.347473 0.358178 0.446720 0.346868 0.919512 0.607372 0.632457 0.540286 0.611346 0.593807 0.606889 0.632272 0.379423 0.402620 0.376710 0.426297 0.280787 0.292788 0.307425 0.283943 0.390551 0.279356 0.271167 0.286037 0.494995 0.347761 0.310514 0.331064 0.433859 0.529669 0.616111 0.549208 0.390014 0.277379 0.335976 0.434092 0.245682 0.286087 0.540882 0.382519 0.427852 0.572107 0.991519 0.759817 0.552231 0.630511 0.391302 0.397800 0.366940 0.504439 0.560012 0.428667 0.380888 0.566247 0.237240 0.219035 0.439757 0.381253 0.368767 0.271598 0.355054 0.355502 0.723076 0.486533 0.699061 0.457804 0.530088 0.391012 0.351978 0.437482 0.521296 0.954254
0.145185 0.233927 0.312599 0.343856 0.739136 0.594880 0.274790 0.275448 0.404179 0.343604 0.000000 0.160954 0.179243 0.277826 0.265676 0.269538 0.167124 0.165888 0.177565 0.162538 0.542702 0.916594 0.364087 0.519797 0.727012 0.690596 0.927516 0.830283 0.209636 0.173967 0.293102 0.361226 0.210013 0.197294 0.545996 0.692286 0.434575 0.496866 0.750849 0.670626 0.587819 0.612261 0.325175 0.278972 0.429331 0.323389 0.340397 0.326874 0.933956 0.554065 0.637305 0.545876 0.636337 0.710527 0.591606 0.641965 0.213362 0.225791 0.265280 0.296002 0.163956 0.230413 0.169854 0.191266 0.421896 0.285891 0.325494 0.370979 0.266481 0.229670 0.340832 0.304297 0.350433 0.350045 0.682685 0.565962 0.383770 0.298467 0.219014 0.210246 0.190964 0.238504 0.482252 0.383550 0.375907 0.570169 0.990174 0.767546 0.477242 0.642162 0.690628 0.792521 0.721146 0.869566 0.579052 0.577997 0.431972 0.618301 0.361276 0.348070 0.599742 0.593559 0.361023 0.341741 0.404398 0.351173 0.758049 0.752358 0.673087 0.464272 0.686319 0.464532 0.445551 0.487976 0.463467 0.955952
0.141361 0.133040 0.373711 0.283060 0.685184 0.540482 0.282666 0.175837 0.393174 0.276486 0.160954 0.000000 0.109544 0.124158 0.139511 0.142620 0.116540 0.093861 0.145960 0.135072 0.519016 0.837074 0.256516 0.408560 0.700818 0.733544 0.932767 0.951160 0.125019 0.109801 0.272200 0.319987 0.149586 0.171366 0.554936 0.665496 0.358016 0.458352 0.760811 0.594826 0.589532 0.493594 0.257884 0.234302 0.324029 0.252521 0.280499 0.257999 0.778102 0.471518 0.557046 0.453581 0.590549 0.640275 0.578619 0.647701 0.148834 0.135290 0.262508 0.272745 0.164777 0.163014 0.114225 0.087965 0.451300 0.309632 0.345630 0.354597 0.349474 0.212999 0.255743 0.238249 0.464307 0.518833 0.652226 0.557081 0.288975 0.216770 0.172023 0.204874 0.120520 0.160460 0.329593 0.253378 0.278760 0.418100 0.984587 0.867126 0.443142 0.539852 0.617489 0.686431 0.624285 0.819311 0.447805 0.463417 0.360006 0.487202 0.275286 0.234014 0.522226 0.600386 0.267621 0.257062 0.291946 0.294994 0.763071 0.618245 0.645036 0.395131 0.617529 0.363672 0.385629 0.377794 0.443905 0.939761
0.134842 0.160415 0.329771 0.263244 0.615241 0.542785 0.263734 0.179919 0.410133 0.304139 0.179243 0.109544 0.000000 0.128181 0.114770 0.137851 0.156842 0.132066 0.161790 0.181063 0.454777 0.872332 0.205876 0.354058 0.645698 0.689286 0.956242 0.919014 0.165281 0.140217 0.240801 0.333660 0.157612 0.187731 0.535690 0.676842 0.313506 0.399913 0.711625 0.632006 0.600001 0.486028 0.242451 0.231547 0.322128 0.250953 0.258762 0.245764 0.775682 0.447235 0.530108 0.424079 0.585853 0.593650 0.557799 0.623728 0.181404 0.159961 0.252518 0.264352 0.138753 0.158232 0.104659 0.101227 0.358233 0.286079 0.327822 0.345510 0.411546 0.261160 0.261745 0.271056 0.491774 0.517270 0.644546 0.593641 0.357860 0.252654 0.190403 0.239022 0.135754 0.176188 0.323196 0.255619 0.201596 0.347539 0.995417 0.927949 0.411658 0.460878 0.621919 0.686310 0.623971 0.825210 0.449312 0.470149 0.351567 0.508224 0.305339 0.264128 0.565100 0.592367 0.259096 0.273704 0.299789 0.277437 0.729367 0.604913 0.612290 0.418945 0.643849 0.395994 0.403161 0.420085 0.423373 0.993230
0.229968 0.159441 0.457670 0.319470 0.684722 0.627637 0.375840 0.223716 0.509331 0.353857 0.277826 0.124158 0.128181 0.000000 0.117800 0.112997 0.184544 0.152540 0.222414 0.218049 0.486975 0.830557 0.214173 0.299579 0.632044 0.731230 0.957093 0.972561 0.146993 0.139083 0.272701 0.319631 0.193354 0.231878 0.560468 0.668912 0.377854 0.460324 0.748818 0.587912 0.635749 0.481974 0.298855 0.283297 0.378428 0.307737 0.309161 0.276187 0.749903 0.498264 0.580189 0.486808 0.593049 0.654524 0.603624 0.670689 0.198094 0.171994 0.323456 0.340482 0.231197 0.206006 0.152896 0.110983 0.466081 0.370032 0.412782 0.418468 0.472762 0.309276 0.306325 0.342512 0.582226 0.681086 0.721002 0.613640 0.327920 0.251395 0.223929 0.274008 0.167920 0.182444 0.235667 0.242774 0.236848 0.297298 0.972049 0.967624 0.465456 0.468595 0.704353 0.750455 0.708239 0.915526 0.443727 0.472338 0.403879 0.450907 0.383645 0.298421 0.592203 0.699121 0.279330 0.291770 0.336866 0.317769 0.795902 0.633957 0.641032 0.439832 0.660192 0.428680 0.460525 0.404507 0.487920 0.985465
0.215613 0.194781 0.411600 0.298014 0.633895 0.584715 0.348133 0.228013 0.491121 0.335173 0.265676 0.139511 0.114770 0.117800 0.000000 0.137183 0.204199 0.173996 0.229691 0.238776 0.430046 0.815252 0.212523 0.336337 0.604191 0.687538 0.964371 0.981185 0.191425 0.164935 0.271453 0.340133 0.202408 0.236786 0.544729 0.709379 0.329652 0.452903 0.751325 0.598448 0.637207 0.499647 0.299069 0.270592 0.376241 0.305023 0.317851 0.265899 0.758282 0.482080 0.572412 0.455370 0.604867 0.618176 0.556902 0.626535 0.223868 0.196017 0.320431 0.322833 0.214064 0.190755 0.163075 0.133240 0.394600 0.332881 0.405867 0.412403 0.482744 0.316884 0.302526 0.325676 0.560806 0.663081 0.715441 0.630029 0.358170 0.275020 0.211447 0.283711 0.172116 0.192438 0.309442 0.259336 0.223834 0.310136 0.930637 0.972373 0.431250 0.417726 0.663751 0.705769 0.661617 0.867741 0.449577 0.436926 0.385162 0.497400 0.351534 0.287446 0.606849 0.644192 0.282026 0.291870 0.314138 0.318698 0.744514 0.618122 0.659884 0.466119 0.667271 0.407621 0.449109 0.396257 0.471749 0.981585
0.257136 0.207716 0.393437 0.265884 0.655262 0.576087 0.333826 0.218725 0.482128 0.337214 0.269538 0.142620 0.137851 0.112997 0.137183 0.000000 0.191573 0.150676 0.204747 0.208144 0.473149 0.850016 0.162256 0.256554 0.585576 0.663941 0.996972 0.962477 0.160224 0.129140 0.245692 0.279960 0.189267 0.217389 0.572752 0.698633 0.328784 0.468951 0.683163 0.587608 0.651568 0.463509 0.269988 0.258085 0.434029 0.348693 0.327296 0.279041 0.873449 0.564664 0.656485 0.562706 0.666251 0.701928 0.660834 0.710190 0.213144 0.204157 0.347516 0.374311 0.224020 0.203231 0.161485 0.127431 0.401550 0.297173 0.379182 0.382297 0.468345 0.311718 0.273345 0.312127 0.561669 0.659653 0.691619 0.618236 0.346897 0.241214 0.213642 0.257124 0.157569 0.164301 0.242767 0.217457 0.243493 0.279734 0.965043 0.932034 0.465171 0.451855 0.692684 0.720652 0.700405 0.894324 0.489419 0.450549 0.441746 0.498634 0.403543 0.299529 0.609095 0.632194 0.271104 0.262974 0.327257 0.310101 0.788145 0.710302 0.629114 0.424390 0.688241 0.446721 0.467493 0.411938 0.500112 0.980221
0.157890 0.146775 0.412110 0.348291 0.708768 0.610737 0.300484 0.220270 0.453429 0.299670 0.167124 0.116540 0.156842 0.184544 0.204199 0.191573 0.000000 0.094874 0.155816 0.143922 0.543177 0.819763 0.327141 0.478054 0.753255 0.776924 0.936354 0.857367 0.132101 0.117503 0.319350 0.341393 0.188322 0.157528 0.567051 0.676140 0.383814 0.482245 0.771636 0.616716 0.583938 0.500100 0.280932 0.222770 0.349512 0.272545 0.312680 0.275670 0.842342 0.520351 0.631918 0.508325 0.667463 0.706737 0.644942 0.682573 0.134110 0.136586 0.258890 0.285197 0.189861 0.203286 0.136680 0.123242 0.497381 0.331853 0.359125 0.347260 0.316063 0.212126 0.297530 0.279709 0.423497 0.460706 0.665363 0.522028 0.321070 0.252040 0.170893 0.171350 0.118904 0.170481 0.397531 0.294936 0.353306 0.491976 0.965101 0.864167 0.497026 0.609493 0.686207 0.728595 0.690261 0.822743 0.446788 0.486598 0.379606 0.472643 0.315016 0.245708 0.606943 0.621503 0.285914 0.257370 0.343126 0.296397 0.781890 0.647711 0.657749 0.412386 0.573912 0.360583 0.437804 0.339120 0.514459 0.853134
0.152313 0.125706 0.384896 0.309109 0.673302 0.571739 0.273376 0.197214 0.443225 0.298829 0.165888 0.093861 0.132066 0.152540 0.173996 0.150676 0.094874 0.000000 0.127911 0.122034 0.500356 0.859071 0.277181 0.426840 0.718282 0.772955 0.929571 0.874972 0.116894 0.094492 0.299028 0.323470 0.161051 0.154568 0.552379 0.695059 0.372505 0.466108 0.762737 0.622300 0.615444 0.469543 0.246347 0.196211 0.342966 0.254519 0.302404 0.244896 0.852714 0.516014 0.626750 0.511229 0.636739 0.692542 0.614840 0.695721 0.111699 0.119138 0.267300 0.291248 0.174764 0.200042 0.111190 0.100167 0.470495 0.326042 0.347249 0.343664 0.323631 0.229232 0.257547 0.232068 0.457204 0.495905 0.632302 0.590623 0.298044 0.212496 0.161984 0.174975 0.101964 0.143974 0.339322 0.258433 0.313767 0.446751 0.984921 0.877234 0.486554 0.594157 0.651830 0.694807 0.655021 0.822224 0.472860 0.473718 0.381283 0.497233 0.310506 0.237593 0.588166 0.608019 0.269707 0.243807 0.306807 0.291747 0.764259 0.675923 0.631063 0.395538 0.582378 0.349757 0.393686 0.366764 0.461959 0.904500
0.151726 0.179777 0.257099 0.222696 0.586996 0.541372 0.172126 0.166199 0.425333 0.277943 0.177565 0.145960 0.161790 0.222414 0.229691 0.204747 0.155816 0.127911 0.000000 0.128830 0.485503 0.862854 0.237970 0.425160 0.642391 0.676847 0.910494 0.774096 0.174309 0.150657 0.221444 0.280299 0.135845 0.128904 0.466683 0.613739 0.363915 0.459348 0.643857 0.613700 0.690977 0.470059 0.204141 0.180209 0.347087 0.275836 0.293128 0.200624 0.918542 0.537051 0.646365 0.535181 0.653130 0.639214 0.579806 0.725882 0.180489 0.201725 0.228037 0.264402 0.142864 0.229297 0.120327 0.144867 0.373742 0.246108 0.251397 0.245272 0.328802 0.218777 0.203310 0.230065 0.464024 0.495524 0.577924 0.636544 0.334526 0.260964 0.198309 0.221373 0.125515 0.153786 0.384212 0.263658 0.298664 0.429090 0.989057 0.823230 0.466605 0.603312 0.623654 0.680218 0.627056 0.799411 0.509354 0.516619 0.353374 0.487381 0.319590 0.248521 0.573399 0.505960 0.289227 0.252675 0.317748 0.292527 0.713402 0.658117 0.585349 0.406635 0.546183 0.373903 0.418315 0.426289 0.432783 0.915170
0.164957 0.169500 0.330778 0.278202 0.709355 0.536449 0.263374 0.207219 0.383706 0.315752 0.162538 0.135072 0.181063 0.218049 0.238776 0.208144 0.143922 0.122034 0.128830 0.000000 0.481597 0.863346 0.290184 0.437051 0.647759 0.686492 0.931218 0.852701 0.173259 0.139891 0.246685 0.274411 0.177113 0.149909 0.532888 0.637731 0.379925 0.495166 0.747953 0.648360 0.601926 0.563175 0.251925 0.219464 0.397446 0.304177 0.312980 0.271136 0.937778 0.555747 0.692577 0.582009 0.693159 0.730817 0.625002 0.706885 0.174429 0.186101 0.281048 0.305770 0.202288 0.241603 0.157186 0.157357 0.464822 0.327072 0.322156 0.322352 0.298553 0.232000 0.224391 0.258824 0.411546 0.450844 0.656200 0.611641 0.338690 0.248421 0.185634 0.177550 0.137710 0.168364 0.431335 0.314446 0.372329 0.492098 0.971809 0.805941 0.480899 0.653544 0.653394 0.724502 0.666179 0.831647 0.479533 0.557919 0.411965 0.573565 0.349298 0.291473 0.587980 0.580102 0.327027 0.286450 0.365692 0.301433 0.767917 0.692708 0.621400 0.419529 0.566735 0.392933 0.446973 0.410578 0.451356 0.922111
0.514571 0.536501 0.461011 0.425681 0.675895 0.722052 0.488859 0.469242 0.699232 0.585765 0.542702 0.519016 0.454777 0.486975 0.430046 0.473149 0.543177 0.500356 0.485503 0.481597 0.000000 0.770140 0.426479 0.498840 0.482475 0.653887 0.986438 0.960790 0.543860 0.482161 0.456215 0.584821 0.485533 0.465017 0.656312 0.855949 0.521306 0.584904 0.666767 0.749856 0.719692 0.647319 0.510385 0.497311 0.661272 0.583776 0.531197 0.485913 0.931900 0.634087 0.775546 0.713117 0.813836 0.687342 0.537561 0.720882 0.579406 0.541008 0.531162 0.529768 0.511737 0.533607 0.478451 0.482806 0.492074 0.556230 0.544325 0.550179 0.680899 0.598304 0.523203 0.538744 0.640322 0.800402 0.769022 0.914623 0.575773 0.536936 0.460878 0.565012 0.482313 0.447496 0.603126 0.528579 0.461523 0.557484 0.940353 0.987294 0.672258 0.558417 0.713155 0.746714 0.691289 0.882280 0.652483 0.548606 0.610177 0.732352 0.657250 0.566495 0.785106 0.702609 0.497039 0.537275 0.504219 0.480008 0.861054 0.822272 0.542137 0.627293 0.754503 0.706611 0.568587 0.629259 0.633176 0.885137
0.865878 0.856958 0.851554 0.799896 0.881746 0.869572 0.853074 0.797668 0.966763 0.753588 0.916594 0.837074 0.872332 0.830557 0.815252 0.850016 0.819763 0.859071 0.862854 0.863346 0.770140 0.000000 0.813713 0.879565 0.983855 0.911496 0.838113 0.968989 0.806517 0.798722 0.824330 0.850898 0.827700 0.790119 0.865721 0.796228 0.781094 0.769440 0.879957 0.738358 0.828611 0.816140 0.778420 0.774593 0.850961 0.860610 0.901986 0.880672 0.876935 0.892987 0.922274 0.838445 0.847042 0.799488 0.862136 0.874160 0.889902 0.898778 0.824231 0.907741 0.913514 0.895109 0.879153 0.849007 0.907233 0.883122 0.840901 0.843829 0.964680 0.779880 0.784405 0.842379 0.864107 0.973575 0.835756 0.693098 0.888716 0.846318 0.795371 0.825081 0.817687 0.828312 0.806347 0.806512 0.876547 0.871575 0.858300 0.913956 0.769167 0.912454 0.940787 0.915239 0.923615 0.872072 0.865295 0.714543 0.908230 0.809718 0.808174 0.795716 0.835895 0.766430 0.799984 0.691189 0.810615 0.790739 0.986738 0.885471 0.870310 0.823195 0.897183 0.862286 0.890511 0.768481 0.857131 0.960909
0.327580 0.322642 0.280056 0.183987 0.629444 0.523979 0.262058 0.209353 0.496089 0.332802 0.364087 0.256516 0.205876 0.214173 0.212523 0.162256 0.327141 0.277181 0.237970 0.290184 0.426479 0.813713 0.000000 0.208460 0.494553 0.512840 0.978621 0.940738 0.288775 0.249328 0.179763 0.231426 0.207398 0.251173 0.498838 0.607744 0.297460 0.476183 0.622009 0.641876 0.767470 0.469688 0.278276 0.315031 0.500772 0.436514 0.378303 0.306017 0.989956 0.659665 0.743227 0.638634 0.689979 0.641715 0.609022 0.737584 0.359166 0.358764 0.395919 0.436975 0.267421 0.309213 0.225311 0.234500 0.267635 0.250774 0.325936 0.338029 0.595882 0.392039 0.238286 0.351739 0.612995 0.705814 0.663425 0.780682 0.402916 0.321016 0.303658 0.369863 0.213354 0.195640 0.326421 0.227860 0.190207 0.220772 0.948036 0.918127 0.415425 0.444282 0.636657 0.654048 0.614914 0.832841 0.535221 0.457290 0.441554 0.551263 0.456997 0.336221 0.586397 0.556336 0.339749 0.318413 0.405588 0.317852 0.851643 0.649338 0.633432 0.488631 0.709029 0.500938 0.489717 0.525796 0.484240 0.967406
0.542076 0.483708 0.481776 0.358494 0.715640 0.733313 0.520887 0.432375 0.739222 0.568812 0.519797 0.408560 0.354058 0.299579 0.336337 0.256554 0.478054 0.426840 0.425160 0.437051 0.498840 0.879565 0.208460 0.000000 0.406409 0.608502 0.989404 0.962305 0.386502 0.354501 0.348747 0.285922 0.389863 0.433334 0.676399 0.721591 0.460922 0.609496 0.660794 0.762846 0.860680 0.641145 0.515187 0.547821 0.774050 0.704387 0.576125 0.519873 0.878965 0.867749 0.946127 0.863122 0.904318 0.880100 0.781811 0.900968 0.510010 0.505886 0.641514 0.665940 0.491467 0.490939 0.389980 0.387525 0.470253 0.445948 0.569990 0.619336 0.733679 0.551865 0.438697 0.567651 0.739888 0.836912 0.814671 0.828353 0.570689 0.488672 0.446801 0.463071 0.377672 0.319067 0.340000 0.309354 0.345029 0.241738 0.880044 0.719216 0.540883 0.501358 0.892274 0.923676 0.875212 0.905850 0.679639 0.583284 0.682780 0.611705 0.742169 0.568985 0.735086 0.811651 0.547813 0.501837 0.574528 0.526293 0.998040 0.878007 0.683836 0.634675 0.855192 0.698086 0.756915 0.588886 0.697309 0.958032
0.758160 0.724393 0.557862 0.538469 0.890171 0.867533 0.701943 0.695612 0.745309 0.801272 0.727012 0.700818 0.645698 0.632044 0.604191 0.585576 0.753255 0.718282 0.642391 0.647759 0.482475 0.983855 0.494553 0.406409 0.000000 0.471062 0.827513 0.994678 0.666850 0.644740 0.462994 0.563268 0.653034 0.676614 0.720885 0.893397 0.664197 0.811586 0.651055 0.909643 0.880262 0.893546 0.715632 0.765051 0.990029 0.914766 0.683206 0.648018 0.790495 0.900081 0.903079 0.956793 0.940645 0.972833 0.784238 0.927451 0.801359 0.750452 0.793646 0.724099 0.740981 0.753789 0.705497 0.706863 0.578119 0.646959 0.757585 0.756104 0.772933 0.743642 0.654946 0.733164 0.662555 0.836631 0.861189 0.978860 0.736992 0.749812 0.676893 0.656136 0.658063 0.573880 0.697355 0.608573 0.617539 0.552269 0.991866 0.946117 0.780661 0.643857 0.992513 0.988488 0.939255 0.891030 0.792306 0.788827 0.845193 0.852937 0.941841 0.862553 0.969051 0.927584 0.854097 0.742884 0.762776 0.743250 0.988652 0.995137 0.716374 0.730579 0.873804 0.944832 0.971516 0.794461 0.812483 0.864241
0.745553 0.839478 0.423954 0.427909 0.957573 0.607097 0.571177 0.613513 0.732425 0.631421 0.690596 0.733544 0.689286 0.731230 0.687538 0.663941 0.776924 0.772955 0.676847 0.686492 0.653887 0.911496 0.512840 0.608502 0.471062 0.000000 0.716230 0.867599 0.735800 0.690349 0.422649 0.534991 0.601611 0.609325 0.462035 0.779748 0.630391 0.903436 0.610574 0.757897 0.935484 0.834116 0.642752 0.695260 0.879085 0.804120 0.588507 0.603989 0.879532 0.829898 0.969440 0.845923 0.819928 0.837967 0.655214 0.667705 0.896137 0.856363 0.650051 0.644023 0.663023 0.704644 0.723903 0.753746 0.422348 0.453475 0.528163 0.524873 0.794140 0.681355 0.680967 0.739443 0.677432 0.787306 0.631834 0.959630 0.775256 0.789072 0.670893 0.688551 0.644699 0.577603 0.766735 0.643397 0.558621 0.574730 0.991629 0.878508 0.566435 0.590466 0.879147 0.910815 0.798700 0.991592 0.748833 0.878942 0.724209 0.937518 0.856151 0.752709 0.859918 0.746591 0.761534 0.701161 0.804494 0.697083 0.882096 0.916939 0.902374 0.748354 0.949492 0.876281 0.848029 0.845565 0.665154 0.977982
0.898899 0.928716 0.973920 0.975554 0.914243 0.981853 0.887114 0.884563 0.901897 0.856012 0.927516 0.932767 0.956242 0.957093 0.964371 0.996972 0.936354 0.929571 0.910494 0.931218 0.986438 0.838113 0.978621 0.989404 0.827513 0.716230 0.000000 0.873206 0.993489 0.968855 0.908392 0.934753 0.939082 0.962248 0.905702 0.957162 0.943541 0.874942 0.924469 0.882740 0.928403 0.981828 0.985630 0.956023 0.916966 0.932530 0.948980 0.992194 0.978941 0.999235 0.886499 0.992952 0.963153 0.979763 0.944597 0.981926 0.948832 0.991090 0.971450 0.995104 0.892302 0.873878 0.912115 0.906616 0.986100 0.955994 0.934912 0.972519 0.905246 0.967466 0.933822 0.943815 0.979732 0.910136 0.973761 0.903506 0.997175 0.853118 0.969274 0.922303 0.945676 0.934274 0.975483 0.979514 0.981757 0.984408 0.862847 0.870552 0.855816 0.891611 0.773988 0.838237 0.796298 0.803477 0.951771 0.919256 0.916490 0.982148 0.843948 0.894912 0.886919 0.976551 0.910527 0.972100 0.815103 0.973005 0.938629 0.881395 0.856437 0.872489 0.885346 0.936695 0.822288 0.962648 0.976600 0.954082
0.856018 0.879027 0.821015 0.923452 0.773488 0.789599 0.786388 0.895319 0.815669 0.884617 0.830283 0.951160 0.919014 0.972561 0.981185 0.962477 0.857367 0.874972 0.774096 0.852701 0.960790 0.968989 0.940738 0.962305 0.994678 0.867599 0.873206 0.000000 0.905494 0.891057 0.922661 0.918347 0.908388 0.821597 0.908027 0.882273 0.840027 0.817617 0.753184 0.937967 0.916274 0.865679 0.809409 0.785870 0.839530 0.821033 0.978993 0.789209 0.930684 0.859796 0.945006 0.890663 0.960599 0.827954 0.965945 0.909343 0.830092 0.899416 0.885213 0.908540 0.803942 0.891572 0.903140 0.935158 0.856403 0.854837 0.812520 0.841918 0.847847 0.850147 0.856472 0.827760 0.713079 0.681227 0.950909 0.981226 0.911873 0.912432 0.946585 0.860861 0.904258 0.941865 0.971757 0.927363 0.974667 0.984581 0.988889 0.970288 0.970470 0.985137 0.907637 0.906158 0.961972 0.857947 0.886263 0.949113 0.948169 0.979660 0.854173 0.906240 0.817360 0.821734 0.862393 0.871283 0.894310 0.895739 0.840134 0.977831 0.946877 0.924810 0.693739 0.987066 0.942437 0.990346 0.915285 0.976078
0.204231 0.158825 0.434115 0.345352 0.650333 0.616805 0.344807 0.249730 0.444215 0.345189 0.209636 0.125019 0.165281 0.146993 0.191425 0.160224 0.132101 0.116894 0.174309 0.173259 0.543860 0.806517 0.288775 0.386502 0.666850 0.735800 0.993489 0.905494 0.000000 0.117331 0.291408 0.300893 0.171444 0.171043 0.568323 0.686957 0.401568 0.542943 0.729381 0.603594 0.682302 0.475400 0.304036 0.249394 0.393879 0.304070 0.293814 0.256920 0.824487 0.533240 0.637082 0.516464 0.642342 0.714812 0.602560 0.677841 0.153068 0.160363 0.288563 0.320201 0.207582 0.208825 0.141361 0.128691 0.486290 0.336276 0.368632 0.368488 0.326355 0.221440 0.312777 0.329571 0.473040 0.543788 0.676730 0.573871 0.354335 0.250278 0.189191 0.197376 0.125757 0.167081 0.319334 0.245400 0.306996 0.384424 0.951452 0.963004 0.509213 0.540743 0.748476 0.782370 0.734673 0.917638 0.478209 0.512427 0.441347 0.479140 0.382611 0.290725 0.599354 0.621874 0.288961 0.262303 0.338993 0.327900 0.799603 0.764761 0.726589 0.458355 0.588489 0.423308 0.494621 0.348025 0.496525 0.912731
0.192137 0.172742 0.341256 0.261663 0.709779 0.607648 0.270462 0.198262 0.445510 0.288765 0.173967 0.109801 0.140217 0.139083 0.164935 0.129140 0.117503 0.094492 0.150657 0.139891 0.482161 0.798722 0.249328 0.354501 0.644740 0.690349 0.968855 0.891057 0.117331 0.000000 0.250704 0.258535 0.160405 0.149186 0.530884 0.694879 0.352006 0.468666 0.738469 0.601858 0.631238 0.523422 0.255171 0.206241 0.400644 0.292911 0.319630 0.236242 0.903876 0.534678 0.649822 0.535541 0.636834 0.670973 0.606106 0.661056 0.164732 0.170258 0.277327 0.309655 0.184258 0.193707 0.132866 0.115938 0.425287 0.278782 0.332257 0.335411 0.343082 0.220938 0.303926 0.283311 0.418244 0.478749 0.605891 0.546743 0.337905 0.220246 0.153834 0.177361 0.116945 0.134789 0.321783 0.230946 0.310966 0.401869 0.958831 0.965867 0.453066 0.567531 0.707037 0.743583 0.719122 0.874187 0.472946 0.486505 0.429871 0.488796 0.372256 0.265666 0.593357 0.598400 0.289609 0.227986 0.323609 0.289240 0.765363 0.723247 0.632506 0.349700 0.611593 0.402129 0.436922 0.373068 0.499276 0.951801
0.286933 0.342824 0.220062 0.187303 0.740195 0.551583 0.246131 0.246992 0.441197 0.348644 0.293102 0.272200 0.240801 0.272701 0.271453 0.245692 0.319350 0.299028 0.221444 0.246685 0.456215 0.824330 0.179763 0.348747 0.462994 0.422649 0.908392 0.922661 0.291408 0.250704 0.000000 0.220765 0.192387 0.223249 0.459584 0.646917 0.347254 0.539653 0.560364 0.625888 0.741811 0.613191 0.299144 0.301045 0.507477 0.436262 0.356602 0.294763 0.980912 0.640845 0.751913 0.638080 0.668304 0.654637 0.540227 0.642244 0.380299 0.372684 0.325570 0.357725 0.249987 0.322058 0.253830 0.280635 0.298533 0.245411 0.283355 0.301940 0.450922 0.316663 0.292240 0.361123 0.465589 0.566381 0.616625 0.714397 0.442997 0.345076 0.297911 0.309918 0.241218 0.224547 0.418646 0.304012 0.273405 0.370120 0.929710 0.925285 0.374177 0.524870 0.730237 0.769952 0.713744 0.888342 0.539261 0.586062 0.404818 0.610541 0.493886 0.421205 0.662006 0.534029 0.414218 0.375777 0.464770 0.332608 0.732860 0.711007 0.679406 0.484976 0.698992 0.559697 0.544222 0.520772 0.514343 0.990288
0.393185 0.418068 0.362271 0.279835 0.819680 0.624257 0.356217 0.334524 0.598197 0.424998 0.361226 0.319987 0.333660 0.319631 0.340133 0.279960 0.341393 0.323470 0.280299 0.274411 0.584821 0.850898 0.231426 0.285922 0.563268 0.534991 0.934753 0.918347 0.300893 0.258535 0.220765 0.000000 0.284162 0.258825 0.618911 0.665842 0.464164 0.709708 0.655689 0.694728 0.849969 0.649370 0.398598 0.405885 0.642743 0.562145 0.492419 0.369852 0.835607 0.808430 0.911749 0.813940 0.801669 0.807833 0.686000 0.810291 0.409793 0.444120 0.461310 0.523504 0.364026 0.427746 0.291428 0.329221 0.442666 0.320723 0.385235 0.411708 0.547782 0.390338 0.408087 0.470195 0.555243 0.638461 0.654634 0.714409 0.532003 0.379890 0.289127 0.340098 0.255412 0.226087 0.398480 0.249864 0.357541 0.331994 0.879373 0.871069 0.443369 0.606837 0.858911 0.911972 0.834025 0.941396 0.642316 0.593142 0.562835 0.605543 0.626077 0.468089 0.713633 0.658374 0.505066 0.422755 0.576049 0.442541 0.848168 0.892553 0.730949 0.517943 0.753023 0.618182 0.679965 0.564195 0.606975 0.992898
0.156649 0.217287 0.231983 0.183272 0.587516 0.528499 0.181146 0.149189 0.388921 0.255036 0.210013 0.149586 0.157612 0.193354 0.202408 0.189267 0.188322 0.161051 0.135845 0.177113 0.485533 0.827700 0.207398 0.389863 0.653034 0.601611 0.939082 0.908388 0.171444 0.160405 0.192387 0.284162 0.000000 0.127113 0.410829 0.607823 0.330531 0.453250 0.644886 0.557886 0.715693 0.499955 0.229565 0.210925 0.337157 0.263311 0.280473 0.235702 0.843479 0.521974 0.595064 0.496152 0.598286 0.581408 0.479333 0.570222 0.234341 0.224409 0.203494 0.252397 0.136079 0.201046 0.131608 0.144690 0.302211 0.206691 0.222704 0.218040 0.361839 0.196693 0.242013 0.259739 0.458578 0.550158 0.567747 0.709081 0.329664 0.243911 0.178561 0.234217 0.126506 0.137782 0.377508 0.241767 0.216156 0.336983 0.940831 0.935966 0.371998 0.497361 0.590342 0.621370 0.575728 0.750989 0.465926 0.506463 0.378457 0.538128 0.302544 0.245711 0.536931 0.428958 0.256433 0.236413 0.289003 0.309329 0.758774 0.629153 0.669546 0.437049 0.591245 0.367279 0.422420 0.384307 0.454044 0.977199
0.167646 0.228821 0.249675 0.197556 0.650243 0.511661 0.174328 0.147257 0.397216 0.248483 0.197294 0.171366 0.187731 0.231878 0.236786 0.217389 0.157528 0.154568 0.128904 0.149909 0.465017 0.790119 0.251173 0.433334 0.676614 0.609325 0.962248 0.821597 0.171043 0.149186 0.223249 0.258825 0.127113 0.000000 0.379870 0.595689 0.337321 0.451152 0.603202 0.551185 0.701179 0.500963 0.212521 0.184270 0.329693 0.265631 0.274277 0.210314 0.888631 0.517333 0.619330 0.506415 0.585304 0.597159 0.486404 0.589127 0.219204 0.225613 0.196181 0.246550 0.142648 0.199293 0.131046 0.154727 0.306126 0.191975 0.176973 0.191859 0.355819 0.189957 0.268838 0.284271 0.434446 0.526064 0.610378 0.624010 0.333131 0.256661 0.165695 0.223044 0.114111 0.135039 0.395048 0.244238 0.257689 0.385528 0.993112 0.870933 0.407761 0.515004 0.573498 0.637498 0.572020 0.744597 0.467980 0.473410 0.357884 0.480418 0.310534 0.228929 0.516381 0.456285 0.236147 0.209069 0.292975 0.253855 0.770652 0.630653 0.669412 0.426323 0.539763 0.339051 0.388691 0.352779 0.451584 0.951956
0.501951 0.583708 0.399627 0.373217 0.679788 0.585268 0.401249 0.391284 0.563453 0.383267 0.545996 0.554936 0.535690 0.560468 0.544729 0.572752 0.567051 0.552379 0.466683 0.532888 0.656312 0.865721 0.498838 0.676399 0.720885 0.462035 0.905702 0.908027 0.568323 0.530884 0.459584 0.618911 0.410829 0.379870 0.000000 0.516038 0.531559 0.624662 0.703103 0.700772 0.884568 0.637051 0.468862 0.498752 0.526956 0.520375 0.547309 0.460292 0.914895 0.645816 0.720314 0.623179 0.603258 0.675354 0.560421 0.549619 0.608150 0.613288 0.444617 0.462207 0.436395 0.476851 0.511284 0.518861 0.368459 0.373310 0.335762 0.362083 0.581017 0.533168 0.503373 0.596243 0.583289 0.732112 0.678652 0.815789 0.556825 0.559193 0.537187 0.636342 0.447110 0.430653 0.612315 0.546157 0.459087 0.561275 0.977178 0.880556 0.603830 0.619747 0.578523 0.613330 0.545035 0.629380 0.754211 0.728966 0.480503 0.631550 0.486264 0.440742 0.600840 0.596298 0.464223 0.460930 0.467975 0.502797 0.766768 0.587375 0.913221 0.717232 0.668836 0.430167 0.602948 0.662569 0.569524 0.993377
0.659599 0.652228 0.654082 0.613276 0.823185 0.823904 0.628489 0.569269 0.736124 0.636658 0.692286 0.665496 0.676842 0.668912 0.709379 0.698633 0.676140 0.695059 0.613739 0.637731 0.855949 0.796228 0.607744 0.721591 0.893397 0.779748 0.957162 0.882273 0.686957 0.694879 0.646917 0.665842 0.607823 0.595689 0.516038 0.000000 0.660854 0.523257 0.865003 0.822690 0.971492 0.767255 0.619778 0.684966 0.705626 0.724639 0.775921 0.641015 0.981687 0.830032 0.822707 0.752809 0.820079 0.815389 0.926583 0.917535 0.672253 0.681348 0.655280 0.666635 0.632364 0.658707 0.631069 0.628339 0.698236 0.669229 0.580321 0.585171 0.812287 0.676235 0.626293 0.812830 0.861939 0.897743 0.825640 0.778512 0.729406 0.742800 0.700573 0.709893 0.625214 0.645695 0.707851 0.719190 0.638336 0.664148 0.875201 0.911296 0.684037 0.703986 0.786782 0.841256 0.803799 0.834190 0.815620 0.710757 0.622998 0.704435 0.655197 0.651271 0.630523 0.694488 0.633890 0.606868 0.738961 0.620718 0.727539 0.682274 0.879499 0.883908 0.694886 0.702488 0.790062 0.768266 0.614445 0.975192
0.368376 0.377625 0.410270 0.335150 0.725943 0.556872 0.385306 0.356454 0.485434 0.426186 0.434575 0.358016 0.313506 0.377854 0.329652 0.328784 0.383814 0.372505 0.363915 0.379925 0.521306 0.781094 0.297460 0.460922 0.664197 0.630391 0.943541 0.840027 0.401568 0.352006 0.347254 0.464164 0.330531 0.337321 0.531559 0.660854 0.000000 0.435081 0.690753 0.701127 0.741495 0.505048 0.374603 0.378530 0.463079 0.416825 0.449206 0.364205 0.817530 0.556177 0.638044 0.553550 0.715893 0.669017 0.617127 0.587600 0.398469 0.398590 0.387443 0.434840 0.346105 0.366931 0.337875 0.340603 0.385012 0.402450 0.395717 0.411386 0.618622 0.432490 0.321658 0.409897 0.704835 0.725405 0.666809 0.661893 0.425401 0.409363 0.391608 0.437846 0.327975 0.329357 0.503346 0.321164 0.305329 0.407411 0.986461 0.957357 0.477274 0.489344 0.628599 0.656363 0.612718 0.732777 0.461434 0.618955 0.413407 0.537997 0.418285 0.381968 0.598457 0.563147 0.317894 0.417051 0.392617 0.321125 0.864156 0.614497 0.705849 0.625647 0.720332 0.512583 0.542193 0.565909 0.449848 0.872813
0.426290 0.455636 0.480991 0.457865 0.669592 0.864644 0.471664 0.418751 0.561098 0.542083 0.496866 0.458352 0.399913 0.460324 0.452903 0.468951 0.482245 0.466108 0.459348 0.495166 0.584904 0.769440 0.476183 0.609496 0.811586 0.903436 0.874942 0.817617 0.542943 0.468666 0.539653 0.709708 0.453250 0.451152 0.624662 0.523257 0.435081 0.000000 0.714206 0.586897 0.788399 0.674365 0.384030 0.421377 0.478786 0.436917 0.522164 0.469851 0.729730 0.520307 0.528483 0.491389 0.636356 0.559449 0.655395 0.666161 0.475377 0.471712 0.445890 0.449101 0.391576 0.410599 0.408191 0.410951 0.449499 0.497462 0.474149 0.514093 0.675169 0.487413 0.498893 0.567314 0.734333 0.708888 0.875892 0.724478 0.504874 0.557541 0.507658 0.519321 0.473774 0.489507 0.542748 0.508981 0.430135 0.558437 0.893381 0.933432 0.505746 0.565205 0.617732 0.663230 0.707672 0.714797 0.558285 0.448197 0.511493 0.608820 0.462446 0.475707 0.600565 0.651212 0.376714 0.383278 0.449757 0.401111 0.688257 0.505046 0.575494 0.547419 0.697044 0.614848 0.544511 0.625733 0.469009 0.932166
