0.000000 0.275193 0.999467 0.785477 0.876597 0.852065 0.846080 0.593017 0.711236 0.650789 0.344295 0.345359 0.494678 0.453940 0.612490 0.726735 0.338105 0.295982 0.341973 0.306349 0.619391 0.974951 0.567430 0.718843 0.868670 0.688137 0.772843 0.876161 0.417580 0.436712 0.664250 0.709191 0.585131 0.610173 0.921243 0.830510 0.732941 0.948303 0.752705 0.799214 0.797194 0.832120 0.826076 0.754292 0.877796 0.709516 0.581649 0.666968 0.479506 0.615731 0.835940 0.915587 0.997707 0.741670 0.730952 0.975221 0.269072 0.375696 0.512191 0.645560 0.685856 0.782396 0.366911 0.375369 0.797345 0.772086 0.870736 0.790801 0.482562 0.538526 0.782443 0.916319 0.691499 0.885311 0.891140 0.988920 0.769968 0.902298 0.724940 0.562360 0.365467 0.301575 0.414429 0.564650 0.349741 0.572344 0.935130 0.621339 0.798080 0.548813 0.772839 0.604129 0.628037 0.500435 0.936381 0.974228 0.836705 0.808028 0.845105 0.869434 0.870463 0.737533 0.835033 0.879168 0.987886 0.935320 0.837709 0.659675 0.887041 0.907557 0.994124 0.896909 0.782306 0.988122 0.954552 0.789196
0.275193 0.000000 0.902003 0.849333 0.996635 0.756043 0.952888 0.580503 0.649401 0.687204 0.483882 0.394095 0.634358 0.514538 0.800097 0.816168 0.345349 0.335940 0.439011 0.353494 0.677157 0.942602 0.719767 0.839831 0.760957 0.774655 0.906256 0.806572 0.430229 0.485967 0.742934 0.722858 0.695521 0.614161 0.902107 0.943561 0.799927 0.982747 0.740813 0.738037 0.788367 0.875897 0.853368 0.724111 0.813715 0.654413 0.585187 0.716035 0.381107 0.584206 0.860902 0.951242 0.951182 0.684630 0.754286 0.912315 0.267651 0.262211 0.628262 0.648141 0.750295 0.726486 0.464281 0.406992 0.707082 0.790774 0.775048 0.848810 0.593976 0.507669 0.953087 0.964356 0.782677 0.975992 0.951645 0.981026 0.842069 0.919328 0.716105 0.553958 0.373813 0.314525 0.476239 0.523376 0.426732 0.582114 0.886897 0.602308 0.955937 0.627114 0.632150 0.488484 0.564091 0.420553 0.872356 0.952996 0.927442 0.795752 0.898491 0.953967 0.809384 0.663118 0.884486 0.983592 0.921791 0.905653 0.690426 0.610581 0.914231 0.959189 0.956085 0.956752 0.779162 0.957965 0.919132 0.767733
0.999467 0.902003 0.000000 0.482414 0.774845 0.710679 0.396627 0.610491 0.726262 0.739928 0.888737 0.974802 0.693734 0.861318 0.729331 0.850461 0.939544 0.993690 0.839050 0.955115 0.960412 0.949889 0.640040 0.849827 0.910424 0.657464 0.974026 0.940130 0.888008 0.878588 0.618979 0.624197 0.533193 0.728491 0.566416 0.888809 0.920032 0.837481 0.919642 0.860886 0.976663 0.956019 0.613635 0.640774 0.565079 0.663217 0.662266 0.577957 0.887788 0.626187 0.479459 0.528156 0.516661 0.454660 0.679734 0.884592 0.984329 0.815574 0.895666 0.799590 0.610693 0.751457 0.925000 0.977538 0.451883 0.769647 0.408065 0.589645 0.973156 0.819952 0.837686 0.853500 0.765587 0.624066 0.774581 0.943044 0.765279 0.667065 0.942592 0.996696 0.937780 0.939833 0.957750 0.960262 0.855928 0.977626 0.726290 0.893620 0.768167 0.987746 0.598480 0.660931 0.665782 0.721186 0.759832 0.950485 0.696764 0.939057 0.630462 0.536229 0.700707 0.724539 0.718799 0.583330 0.572586 0.563443 0.935678 0.915082 0.976452 0.729077 0.729019 0.736885 0.639791 0.693684 0.643412 0.945771
0.785477 0.849333 0.482414 0.000000 0.755158 0.771912 0.452817 0.415644 0.796981 0.642450 0.751968 0.641112 0.608816 0.607035 0.576928 0.604434 0.795012 0.812901 0.699810 0.675787 0.873397 0.955813 0.489217 0.593484 0.898405 0.821982 0.934016 0.918385 0.691518 0.751878 0.525574 0.635142 0.558997 0.699636 0.740534 0.860299 0.854698 0.843834 0.862182 0.960853 0.930003 0.976272 0.623822 0.610130 0.598661 0.576288 0.732216 0.647564 0.669459 0.465281 0.515495 0.493019 0.616510 0.659615 0.746064 0.975939 0.882530 0.982818 0.782139 0.997392 0.587559 0.520837 0.757260 0.820905 0.613525 0.645454 0.587913 0.734013 0.930894 0.772322 0.836619 0.775995 0.673862 0.628059 0.654391 0.936865 0.567220 0.714463 0.836459 0.899180 0.810940 0.862897 0.783353 0.894180 0.662820 0.679626 0.802675 0.724822 0.887662 0.736900 0.771087 0.834123 0.816918 0.915640 0.768985 0.925581 0.770532 0.937385 0.651789 0.615181 0.771465 0.778596 0.783027 0.727859 0.644087 0.657736 0.939465 0.992472 0.989061 0.831109 0.746389 0.759421 0.657552 0.896918 0.879507 0.839018
0.876597 0.996635 0.774845 0.755158 0.000000 0.826585 0.778457 0.849405 0.844416 0.995340 0.844928 0.860469 0.766006 0.779269 0.743602 0.779837 0.995396 0.992683 0.869488 0.929987 0.955789 0.880131 0.748406 0.673016 0.965682 0.969695 0.851590 0.779755 0.994068 0.931193 0.925917 0.987198 0.844577 0.970811 0.911309 0.940046 0.890907 0.927416 0.983771 0.974211 0.940537 0.920168 0.850469 0.875564 0.948305 0.994749 0.868200 0.846206 0.910839 0.897209 0.766547 0.799458 0.737767 0.858597 0.807697 0.905333 0.996219 0.841451 0.863510 0.844693 0.757083 0.812874 0.921934 0.963931 0.849725 0.812847 0.794630 0.911776 0.886721 0.982573 0.925306 0.951427 0.820450 0.858755 0.962413 0.876345 0.958750 0.887938 0.901958 0.980624 0.989869 0.986304 0.921876 0.989996 0.761333 0.824533 0.963561 0.783415 0.733819 0.989525 0.758572 0.814959 0.953198 0.894123 0.990097 0.993626 0.970616 0.979338 0.860710 0.797811 0.822151 0.830324 0.992733 0.944200 0.943023 0.831680 0.840380 0.913948 0.890322 0.699596 0.932891 0.894317 0.923613 0.960502 0.736517 0.836944
0.852065 0.756043 0.710679 0.771912 0.826585 0.000000 0.622756 0.730799 0.652517 0.807746 0.948148 0.963536 0.911827 0.961388 0.859099 0.767243 0.860503 0.801963 0.897896 0.823741 0.930987 0.895265 0.996727 0.944318 0.918157 0.862522 0.737515 0.822097 0.848969 0.921483 0.911479 0.840090 0.813856 0.993565 0.751891 0.953305 0.994841 0.890638 0.838804 0.964493 0.815617 0.982664 0.594764 0.718113 0.712868 0.797703 0.861251 0.774382 0.987130 0.845496 0.674560 0.721367 0.741048 0.626644 0.897475 0.915991 0.772027 0.606724 0.871790 0.998531 0.713450 0.768633 0.972618 0.967147 0.636408 0.592803 0.552469 0.595725 0.664095 0.895149 0.752956 0.696413 0.921130 0.865552 0.721971 0.918845 0.737331 0.877246 0.928584 0.967881 0.927987 0.760202 0.890126 0.858236 0.908219 0.988122 0.928812 0.830384 0.941581 0.902262 0.646405 0.631343 0.627996 0.643440 0.866967 0.860243 0.734648 0.721589 0.709848 0.591590 0.703261 0.802970 0.797995 0.838370 0.705683 0.671726 0.773834 0.765201 0.770368 0.971158 0.761687 0.672229 0.863372 0.796783 0.771074 0.864378
0.846080 0.952888 0.396627 0.452817 0.778457 0.622756 0.000000 0.430507 0.705269 0.477932 0.715561 0.775868 0.501659 0.651985 0.505213 0.582532 0.771021 0.777035 0.589993 0.856864 0.823156 0.995511 0.534494 0.772380 0.950883 0.851991 0.993540 0.943293 0.687944 0.604855 0.359429 0.440821 0.391057 0.501862 0.719448 0.983131 0.868903 0.786933 0.725085 0.909208 0.982960 0.981313 0.371801 0.411429 0.380393 0.459477 0.574823 0.442967 0.669281 0.483884 0.324464 0.353384 0.395420 0.391515 0.695166 0.815180 0.911016 0.871206 0.824671 0.818635 0.429346 0.682950 0.663390 0.737124 0.651793 0.748837 0.359744 0.523717 0.943115 0.852854 0.581632 0.561909 0.560350 0.471508 0.726574 0.827429 0.541681 0.517296 0.685953 0.719699 0.711745 0.947469 0.767221 0.836970 0.786735 0.917361 0.733570 0.884067 0.863977 0.881701 0.607253 0.662758 0.751950 0.803399 0.797587 0.714830 0.698466 0.800102 0.492829 0.365520 0.547868 0.598052 0.607230 0.463980 0.629888 0.527638 0.849576 0.890550 0.795589 0.831107 0.693947 0.605148 0.573578 0.669514 0.682102 0.908119
0.593017 0.580503 0.610491 0.415644 0.849405 0.730799 0.430507 0.000000 0.942757 0.449876 0.605479 0.426907 0.452604 0.372683 0.553314 0.510981 0.634178 0.666919 0.582402 0.625482 0.795358 0.932212 0.556755 0.688835 0.903314 0.917799 0.949967 0.752353 0.569237 0.597215 0.489126 0.501331 0.494002 0.515921 0.822804 0.874971 0.827244 0.876298 0.713280 0.972957 0.867072 0.960977 0.370776 0.384375 0.382762 0.345501 0.457783 0.412659 0.347354 0.278281 0.386251 0.392136 0.603652 0.727797 0.715791 0.862775 0.687095 0.787566 0.549158 0.771708 0.361499 0.354439 0.492410 0.515032 0.709256 0.639309 0.582039 0.610683 0.992675 0.659047 0.688403 0.739426 0.650434 0.637143 0.685504 0.881650 0.541521 0.674115 0.847121 0.737902 0.592277 0.733621 0.653230 0.804902 0.539271 0.637175 0.902116 0.739893 0.864490 0.629615 0.848791 0.980011 0.909982 0.882360 0.737682 0.831073 0.759029 0.909496 0.480046 0.405865 0.705327 0.884011 0.602211 0.692318 0.653479 0.706350 0.889425 0.985779 0.748982 0.816381 0.658087 0.548602 0.580275 0.743565 0.782850 0.814321
0.711236 0.649401 0.726262 0.796981 0.844416 0.652517 0.705269 0.942757 0.000000 0.833749 0.855304 0.772130 0.995112 0.839218 0.843624 0.936863 0.815994 0.737014 0.845328 0.718710 0.905967 0.974723 0.979920 0.917136 0.937813 0.761765 0.974586 0.944085 0.776249 0.884034 0.831859 0.882014 0.913231 0.937684 0.726000 0.907808 0.990869 0.801700 0.889071 0.866812 0.961408 0.934138 0.798219 0.898641 0.842200 0.973456 0.991433 0.843519 0.867912 0.915532 0.726702 0.622061 0.630980 0.565570 0.982651 0.916550 0.639589 0.530735 0.853690 0.761456 0.949027 0.908303 0.781140 0.783818 0.660140 0.757565 0.664070 0.811054 0.767537 0.791756 0.791131 0.654384 0.806679 0.658422 0.860291 0.904019 0.704769 0.789545 0.923300 0.969519 0.837447 0.701697 0.720035 0.718156 0.802126 0.880754 0.733121 0.776886 0.789656 0.826884 0.505441 0.460856 0.480468 0.543669 0.785035 0.964307 0.808930 0.771543 0.679847 0.671569 0.647748 0.701122 0.753054 0.736571 0.805928 0.795440 0.811700 0.703979 0.875785 0.913343 0.886891 0.753534 0.798149 0.836410 0.864376 0.846006
0.650789 0.687204 0.739928 0.642450 0.995340 0.807746 0.477932 0.449876 0.833749 0.000000 0.477444 0.544814 0.597025 0.609842 0.514295 0.545780 0.485547 0.531925 0.581216 0.704342 0.647931 0.994543 0.567101 0.755663 0.977544 0.947174 0.941766 0.977620 0.505772 0.440995 0.350748 0.472771 0.463444 0.487722 0.981213 0.914164 0.725791 0.838892 0.829776 0.911018 0.920447 0.912229 0.515911 0.494777 0.507493 0.450319 0.548268 0.468031 0.478923 0.497642 0.544984 0.571784 0.706392 0.836777 0.874750 0.879029 0.737232 0.858037 0.645645 0.975858 0.570033 0.604863 0.485329 0.441988 0.937720 0.955183 0.724574 0.759424 0.922575 0.759341 0.579933 0.561520 0.605952 0.566271 0.759352 0.900395 0.650887 0.552083 0.721017 0.502230 0.451365 0.630638 0.684422 0.728918 0.637664 0.727292 0.866103 0.928594 0.902083 0.757528 0.916326 0.993646 0.984766 0.857553 0.929552 0.930914 0.706965 0.914357 0.618021 0.533896 0.767966 0.927012 0.578280 0.585182 0.750933 0.721764 0.992334 0.973589 0.636313 0.996697 0.801808 0.692003 0.736940 0.829273 0.853036 0.767357
0.344295 0.483882 0.888737 0.751968 0.844928 0.948148 0.715561 0.605479 0.855304 0.477444 0.000000 0.384025 0.417217 0.456355 0.454926 0.493442 0.357014 0.338156 0.341826 0.459373 0.695491 0.936489 0.445305 0.595881 0.932970 0.783510 0.728228 0.991062 0.408383 0.341545 0.571434 0.661203 0.485860 0.606461 0.855347 0.910561 0.700370 0.945292 0.865948 0.892378 0.829714 0.813482 0.750409 0.710863 0.835895 0.679751 0.588629 0.669184 0.549431 0.620225 0.810049 0.874037 0.995452 0.834515 0.879220 0.943886 0.469973 0.585124 0.511680 0.766038 0.627855 0.772017 0.343691 0.342932 0.901939 0.835074 0.949737 0.887001 0.674105 0.660828 0.715535 0.752456 0.635701 0.742721 0.870932 0.935465 0.772645 0.763259 0.708062 0.547017 0.417449 0.395451 0.451610 0.613764 0.432504 0.548367 0.977243 0.658363 0.845391 0.594685 0.828540 0.698114 0.696036 0.577339 0.938741 0.899318 0.781998 0.725962 0.884593 0.804160 0.958607 0.836081 0.814908 0.705837 0.895495 0.841082 0.881046 0.680945 0.787531 0.878458 0.975183 0.853984 0.840319 0.952798 0.938808 0.804049
0.345359 0.394095 0.974802 0.641112 0.860469 0.963536 0.775868 0.426907 0.772130 0.544814 0.384025 0.000000 0.414076 0.271009 0.485940 0.447648 0.408305 0.413766 0.442970 0.434861 0.769104 0.940982 0.486839 0.509529 0.985881 0.691091 0.843233 0.809887 0.440111 0.426714 0.584748 0.661186 0.602487 0.543828 0.868705 0.748547 0.736248 0.988711 0.863676 0.786252 0.992668 0.908473 0.654537 0.625617 0.723812 0.564481 0.575513 0.611119 0.355670 0.501088 0.749722 0.806520 0.973264 0.790016 0.856557 0.958960 0.493954 0.522627 0.535283 0.596917 0.547883 0.486311 0.339314 0.322932 0.931974 0.867372 0.997970 0.993586 0.730221 0.646864 0.734345 0.784844 0.740876 0.841082 0.839840 0.985422 0.707030 0.849589 0.803815 0.672631 0.479962 0.454297 0.506463 0.701551 0.360253 0.374570 0.993517 0.545898 0.866694 0.527643 0.776871 0.601303 0.649646 0.485769 0.983031 0.855243 0.932386 0.769336 0.793993 0.778535 0.990350 0.776732 0.863349 0.881136 0.908804 0.972892 0.697987 0.721045 0.824165 0.830074 0.899925 0.838978 0.842723 0.937279 0.965750 0.733516
0.494678 0.634358 0.693734 0.608816 0.766006 0.911827 0.501659 0.452604 0.995112 0.597025 0.417217 0.414076 0.000000 0.351363 0.321780 0.387657 0.550946 0.555110 0.421109 0.601740 0.865279 0.981364 0.415897 0.624670 0.955491 0.787808 0.817074 0.906517 0.527157 0.435548 0.476674 0.561375 0.449845 0.532975 0.877800 0.923657 0.818408 0.997210 0.831639 0.958286 0.953443 0.910048 0.479451 0.490136 0.617986 0.542397 0.477204 0.504509 0.542505 0.484477 0.538989 0.565198 0.691568 0.822415 0.694789 0.974647 0.584566 0.737179 0.485267 0.720331 0.391396 0.637564 0.377616 0.417020 0.819302 0.912499 0.629260 0.795472 0.839657 0.808655 0.607506 0.739624 0.644811 0.706392 0.844084 0.842574 0.620724 0.621842 0.685412 0.757139 0.627549 0.655421 0.490125 0.806243 0.527501 0.646738 0.827758 0.663541 0.722528 0.655052 0.929198 0.917589 0.914101 0.747472 0.905487 0.762572 0.749907 0.967926 0.583755 0.543396 0.726385 0.956945 0.615752 0.649739 0.630844 0.688563 0.883242 0.857405 0.862764 0.636056 0.763577 0.677097 0.665207 0.785404 0.670153 0.831884
0.453940 0.514538 0.861318 0.607035 0.779269 0.961388 0.651985 0.372683 0.839218 0.609842 0.456355 0.271009 0.351363 0.000000 0.439978 0.377778 0.553497 0.543758 0.427725 0.487143 0.817949 0.973923 0.416529 0.447815 0.979277 0.681146 0.891629 0.844708 0.463298 0.450644 0.583907 0.585108 0.561348 0.523334 0.955898 0.835596 0.816879 0.980616 0.889002 0.788096 0.895573 0.906728 0.535575 0.553316 0.625587 0.527617 0.550654 0.568508 0.386056 0.456374 0.588345 0.687262 0.849335 0.966200 0.759555 0.989610 0.612647 0.667573 0.590679 0.702717 0.473286 0.456687 0.371183 0.411877 0.994232 0.747592 0.818786 0.880960 0.814510 0.722368 0.705444 0.815082 0.689060 0.753105 0.791893 0.873812 0.725931 0.837980 0.817431 0.754115 0.594045 0.581339 0.506367 0.773924 0.390747 0.381904 0.926878 0.538303 0.903538 0.545059 0.876172 0.696856 0.726948 0.561107 0.950400 0.828692 0.990143 0.845669 0.756648 0.637657 0.920199 0.940101 0.857679 0.831100 0.851827 0.886260 0.783578 0.787023 0.865237 0.790396 0.863130 0.750373 0.791385 0.930839 0.943090 0.782775
0.612490 0.800097 0.729331 0.576928 0.743602 0.859099 0.505213 0.553314 0.843624 0.514295 0.454926 0.485940 0.321780 0.439978 0.000000 0.332779 0.572725 0.587722 0.458473 0.644134 0.819911 0.943817 0.311319 0.512460 0.972322 0.799681 0.862194 0.960394 0.558553 0.431752 0.403293 0.564653 0.433180 0.467683 0.939269 0.843459 0.838465 0.933262 0.978482 0.992912 0.935335 0.824586 0.574421 0.590264 0.673522 0.584602 0.652028 0.566661 0.647198 0.572298 0.629379 0.612933 0.713083 0.826573 0.804084 0.903198 0.750858 0.878402 0.630720 0.912825 0.539002 0.666309 0.395944 0.473932 0.836848 0.922234 0.594535 0.858965 0.857674 0.909924 0.515466 0.603391 0.558336 0.638106 0.806786 0.851191 0.570793 0.654682 0.764691 0.696371 0.655375 0.711145 0.596686 0.823806 0.540438 0.577997 0.858194 0.677831 0.795050 0.702696 0.952847 0.997290 0.933836 0.802061 0.889609 0.797236 0.769779 0.928123 0.688533 0.608693 0.717595 0.913194 0.738258 0.552382 0.718863 0.724103 0.945132 0.922402 0.810284 0.749447 0.826431 0.764130 0.778048 0.821407 0.693402 0.802499
0.726735 0.816168 0.850461 0.604434 0.779837 0.767243 0.582532 0.510981 0.936863 0.545780 0.493442 0.447648 0.387657 0.377778 0.332779 0.000000 0.682707 0.687933 0.590257 0.810537 0.871795 0.965302 0.446683 0.465269 0.830029 0.730401 0.986547 0.862238 0.555198 0.475907 0.535302 0.625142 0.567646 0.615776 0.967349 0.909166 0.913279 0.886936 0.967966 0.966910 0.912405 0.932269 0.495366 0.516966 0.671471 0.576198 0.682364 0.609466 0.564619 0.637610 0.655028 0.666494 0.823720 0.879102 0.906919 0.911286 0.898902 0.940921 0.626876 0.818247 0.477958 0.584613 0.423432 0.474567 0.905783 0.746522 0.639863 0.761295 0.910042 0.995420 0.660262 0.587628 0.747335 0.702211 0.804274 0.874437 0.727094 0.652832 0.734048 0.758665 0.753968 0.816512 0.668358 0.937382 0.647906 0.503871 0.909672 0.684474 0.928872 0.706258 0.970389 0.896063 0.870243 0.726476 0.921818 0.764198 0.871095 0.938623 0.737919 0.643266 0.811047 0.915556 0.842626 0.719347 0.764711 0.818316 0.877521 0.913999 0.779898 0.829860 0.884110 0.820419 0.798551 0.883391 0.826049 0.841393
0.338105 0.345349 0.939544 0.795012 0.995396 0.860503 0.771021 0.634178 0.815994 0.485547 0.357014 0.408305 0.550946 0.553497 0.572725 0.682707 0.000000 0.234801 0.387594 0.392756 0.674036 0.832340 0.596428 0.778508 0.862548 0.746634 0.907297 0.979822 0.356134 0.284402 0.532443 0.576410 0.494642 0.463344 0.959043 0.994130 0.723117 0.908760 0.792767 0.772778 0.728101 0.816403 0.775435 0.655850 0.717577 0.532898 0.564946 0.576523 0.477874 0.587505 0.815071 0.949168 0.955214 0.789410 0.779143 0.938707 0.301866 0.381405 0.662579 0.807095 0.703834 0.787929 0.339669 0.286592 0.744169 0.701753 0.996019 0.958467 0.660814 0.566571 0.773757 0.762905 0.689558 0.882627 0.872397 0.953531 0.754927 0.730446 0.595481 0.490087 0.253505 0.310778 0.482396 0.448533 0.465090 0.631464 0.955080 0.647446 0.930858 0.671462 0.632285 0.563518 0.589254 0.482266 0.908747 0.910015 0.879700 0.704322 0.878794 0.861257 0.888786 0.759278 0.791034 0.725703 0.966049 0.961461 0.757874 0.633971 0.823178 0.897149 0.972824 0.929407 0.750219 0.960059 0.931469 0.820246
0.295982 0.335940 0.993690 0.812901 0.992683 0.801963 0.777035 0.666919 0.737014 0.531925 0.338156 0.413766 0.555110 0.543758 0.587722 0.687933 0.234801 0.000000 0.331851 0.374626 0.632209 0.857254 0.558935 0.733116 0.843683 0.725629 0.849969 0.988770 0.320856 0.279140 0.552727 0.627562 0.531042 0.507052 0.823216 0.905102 0.759404 0.940578 0.784714 0.837343 0.698567 0.780838 0.826176 0.690796 0.794675 0.615979 0.658145 0.629326 0.486032 0.628130 0.862513 0.968013 0.955553 0.807196 0.834553 0.910868 0.310301 0.391863 0.707234 0.848795 0.747259 0.899026 0.347979 0.328572 0.688726 0.674942 0.907131 0.847362 0.614778 0.617219 0.768610 0.758251 0.649441 0.812254 0.965271 0.972593 0.762685 0.741779 0.577286 0.437608 0.284643 0.291937 0.416192 0.487455 0.464480 0.626886 0.970187 0.634129 0.983632 0.716809 0.646138 0.576335 0.546529 0.478020 0.870108 0.893440 0.921884 0.719692 0.923746 0.888067 0.833154 0.761510 0.873640 0.799029 0.998004 0.971396 0.804210 0.662390 0.881564 0.949497 0.966642 0.988517 0.764040 0.961627 0.995630 0.855613
0.341973 0.439011 0.839050 0.699810 0.869488 0.897896 0.589993 0.582402 0.845328 0.581216 0.341826 0.442970 0.421109 0.427725 0.458473 0.590257 0.387594 0.331851 0.000000 0.345865 0.670001 0.935918 0.381682 0.594672 0.823851 0.693657 0.783951 0.993026 0.386620 0.346255 0.493418 0.524952 0.453984 0.488902 0.917954 0.894700 0.777370 0.870177 0.782658 0.883458 0.805715 0.800075 0.703830 0.656371 0.714354 0.613049 0.568154 0.594107 0.481842 0.557701 0.682445 0.797443 0.817609 0.989208 0.704325 0.848908 0.403637 0.540833 0.720505 0.974235 0.661460 0.790047 0.391540 0.428133 0.850424 0.810095 0.923195 0.927742 0.595194 0.629899 0.647026 0.821987 0.557741 0.680541 0.908674 0.878159 0.656512 0.776829 0.620464 0.502327 0.406521 0.408276 0.382416 0.558302 0.388321 0.570071 0.904451 0.553497 0.881938 0.582882 0.832569 0.730642 0.678469 0.617097 0.862618 0.772603 0.868974 0.842032 0.838321 0.762239 0.981227 0.898941 0.817408 0.709609 0.913050 0.883818 0.890788 0.645860 0.892667 0.851635 0.946962 0.873264 0.712480 0.839728 0.983805 0.770407
0.306349 0.353494 0.955115 0.675787 0.929987 0.823741 0.856864 0.625482 0.718710 0.704342 0.459373 0.434861 0.601740 0.487143 0.644134 0.810537 0.392756 0.374626 0.345865 0.000000 0.717562 0.911419 0.490493 0.647264 0.749981 0.829320 0.817651 0.981494 0.420008 0.480588 0.652988 0.669728 0.598220 0.596965 0.960215 0.826116 0.755670 0.784496 0.883255 0.767538 0.760681 0.725885 0.937517 0.858006 0.835809 0.690778 0.685587 0.709452 0.512916 0.553210 0.833630 0.938349 0.984890 0.771034 0.708632 0.948892 0.340373 0.399411 0.722790 0.861522 0.841542 0.709843 0.535873 0.523824 0.785027 0.818963 0.847734 0.802440 0.406603 0.480676 0.804931 0.942497 0.668903 0.855603 0.874177 0.940274 0.753751 0.999777 0.750104 0.660771 0.411381 0.311423 0.404990 0.486001 0.334243 0.533363 0.959281 0.528515 0.929095 0.524801 0.685715 0.570271 0.650231 0.528895 0.924176 0.989811 0.944212 0.805600 0.976575 0.975337 0.826219 0.704378 0.982708 0.935096 0.944003 0.952118 0.826708 0.625065 0.995769 0.928124 0.915432 0.951319 0.864609 0.961347 0.907637 0.779635
0.619391 0.677157 0.960412 0.873397 0.955789 0.930987 0.823156 0.795358 0.905967 0.647931 0.695491 0.769104 0.865279 0.817949 0.819911 0.871795 0.674036 0.632209 0.670001 0.717562 0.000000 0.897845 0.848717 0.960671 0.926819 0.896154 0.908998 0.917904 0.681709 0.776759 0.665895 0.735431 0.792195 0.788836 0.871835 0.941911 0.871948 0.986500 0.761699 0.832797 0.832599 0.786600 0.792042 0.737003 0.849692 0.749798 0.754848 0.750016 0.642492 0.883830 0.819751 0.836832 0.927008 0.999092 0.793658 0.852353 0.729549 0.793396 0.861593 0.994548 0.864440 0.899930 0.722474 0.731893 0.880159 0.889308 0.919319 0.964195 0.773837 0.851106 0.860984 0.754987 0.752684 0.759657 0.803296 0.929409 0.948400 0.881330 0.845972 0.709542 0.674965 0.708381 0.715186 0.825963 0.786862 0.947622 0.862515 0.905721 0.961415 0.794165 0.946972 0.944860 0.928655 0.815642 0.969722 0.920184 0.928040 0.983404 0.777184 0.859490 0.971706 0.969827 0.851902 0.803289 0.956461 0.930399 0.901234 0.914636 0.907263 0.809557 0.965375 0.965021 0.901563 0.961271 0.980776 0.883708
0.974951 0.942602 0.949889 0.955813 0.880131 0.895265 0.995511 0.932212 0.974723 0.994543 0.936489 0.940982 0.981364 0.973923 0.943817 0.965302 0.832340 0.857254 0.935918 0.911419 0.897845 0.000000 0.994577 0.980395 0.968938 0.925467 0.935637 0.991206 0.985769 0.858839 0.993483 0.972145 0.953581 0.859566 0.883790 0.707571 0.900265 0.682078 0.913187 0.906475 0.975555 0.997923 0.976057 0.997830 0.937067 0.976280 0.923128 0.885409 0.969414 0.998911 0.934841 0.973011 0.940213 0.976308 0.956376 0.887234 0.912782 0.952437 0.878328 0.983951 0.922546 0.973952 0.994615 0.908749 0.840536 0.956085 0.982505 0.992185 0.942635 0.976650 0.934409 0.933128 0.963743 0.991391 0.813233 0.899707 0.954145 0.999168 0.989903 0.947837 0.879654 0.891148 0.928547 0.875037 0.939252 0.984426 0.877804 0.969701 0.997635 0.890177 0.916315 0.916610 0.951696 0.962683 0.920481 0.907873 0.951596 0.865868 0.948008 0.881691 0.966228 0.780139 0.935135 0.892125 0.880468 0.982309 0.971476 0.867030 0.965018 0.816906 0.979496 0.959948 0.967892 0.922929 0.856765 0.951288
0.567430 0.719767 0.640040 0.489217 0.748406 0.996727 0.534494 0.556755 0.979920 0.567101 0.445305 0.486839 0.415897 0.416529 0.311319 0.446683 0.596428 0.558935 0.381682 0.490493 0.848717 0.994577 0.000000 0.403931 0.916120 0.847769 0.752884 0.939445 0.485065 0.470783 0.458350 0.576658 0.434131 0.535197 0.985534 0.874116 0.809866 0.903332 0.983569 0.999367 0.896144 0.744527 0.760250 0.749463 0.776967 0.696598 0.713609 0.688852 0.636309 0.558301 0.636977 0.680558 0.758699 0.886909 0.826664 0.902204 0.723181 0.815489 0.746491 0.930852 0.691158 0.701539 0.519148 0.586658 0.921289 0.981220 0.744477 0.965922 0.645891 0.781927 0.602694 0.793238 0.476727 0.531367 0.811060 0.858328 0.674384 0.723839 0.773549 0.713460 0.650904 0.602669 0.512678 0.798262 0.432375 0.464491 0.817474 0.513676 0.839404 0.709720 0.992380 0.936747 0.892618 0.755658 0.933721 0.849856 0.805463 0.821528 0.830504 0.738056 0.935694 0.978124 0.900048 0.632948 0.788979 0.776542 0.936231 0.870188 0.924346 0.824697 0.875852 0.912224 0.839738 0.860951 0.896054 0.765590
0.718843 0.839831 0.849827 0.593484 0.673016 0.944318 0.772380 0.688835 0.917136 0.755663 0.595881 0.509529 0.624670 0.447815 0.512460 0.465269 0.778508 0.733116 0.594672 0.647264 0.960671 0.980395 0.403931 0.000000 0.956386 0.808183 0.894976 0.973054 0.646221 0.633052 0.731451 0.755839 0.700307 0.750754 0.918423 0.769649 0.908975 0.982258 0.945892 0.820197 0.908798 0.901999 0.853223 0.846220 0.894523 0.796262 0.916399 0.857686 0.709500 0.703658 0.846429 0.891725 0.977773 0.954728 0.984183 0.932908 0.914199 0.904734 0.865240 0.954204 0.791216 0.679171 0.630415 0.697339 0.981210 0.851049 0.891865 0.936629 0.823079 0.846919 0.764621 0.859228 0.828502 0.797809 0.882423 0.901468 0.880871 0.939513 0.865300 0.855673 0.801958 0.750147 0.697398 0.846218 0.541916 0.430848 0.878330 0.537765 0.942311 0.689581 0.876243 0.819092 0.736461 0.712672 0.907175 0.902453 0.918805 0.773466 0.960871 0.910402 0.961960 0.923308 0.887094 0.920079 0.920567 0.930034 0.965757 0.847760 0.999002 0.963062 0.993404 0.965932 0.957503 0.967225 0.880236 0.806931
0.868670 0.760957 0.910424 0.898405 0.965682 0.918157 0.950883 0.903314 0.937813 0.977544 0.932970 0.985881 0.955491 0.979277 0.972322 0.830029 0.862548 0.843683 0.823851 0.749981 0.926819 0.968938 0.916120 0.956386 0.000000 0.682832 0.832060 0.945730 0.927319 0.943372 0.924552 0.868521 0.921766 0.926778 0.828313 0.968640 0.814156 0.938075 0.841237 0.933828 0.851045 0.955572 0.934793 0.961440 0.922057 0.908700 0.946651 0.903729 0.934349 0.807722 0.956036 0.858817 0.834657 0.986835 0.862524 0.788966 0.756760 0.775091 0.970244 0.910375 0.931915 0.992493 0.992551 0.987589 0.995403 0.850062 0.960785 0.865590 0.892752 0.722899 0.942885 0.826309 0.907377 0.962291 0.923324 0.995438 0.761997 0.998324 0.879527 0.822687 0.764171 0.730472 0.835889 0.748562 0.851560 0.962233 0.894005 0.819503 0.823389 0.973475 0.971873 0.942357 0.948947 0.974944 0.944294 0.985326 0.976779 0.940751 0.975946 0.972584 0.927559 0.918946 0.880636 0.984939 0.991187 0.972566 0.946066 0.973291 0.896673 0.949694 0.965876 0.939656 0.802500 0.795219 0.909616 0.846338
0.688137 0.774655 0.657464 0.821982 0.969695 0.862522 0.851991 0.917799 0.761765 0.947174 0.783510 0.691091 0.787808 0.681146 0.799681 0.730401 0.746634 0.725629 0.693657 0.829320 0.896154 0.925467 0.847769 0.808183 0.682832 0.000000 0.917695 0.982011 0.833774 0.713275 0.979622 0.976384 0.978035 0.956808 0.653432 0.879935 0.956419 0.812272 0.980256 0.787667 0.942039 0.956032 0.988232 0.971397 0.802226 0.918981 0.910379 0.931209 0.894572 0.889107 0.859343 0.732698 0.797347 0.687955 0.976958 0.926468 0.732138 0.753530 0.892967 0.771185 0.998999 0.885779 0.662062 0.679847 0.649803 0.809485 0.784385 0.760834 0.879579 0.900735 0.973876 0.910291 0.959736 0.908098 0.949586 0.991041 0.949158 0.917430 0.829910 0.942508 0.871098 0.757196 0.796250 0.994902 0.817156 0.736391 0.849425 0.815446 0.895765 0.791259 0.688352 0.648700 0.604848 0.611284 0.768405 0.851163 0.910771 0.735510 0.928197 0.863621 0.817105 0.745735 0.895141 0.961916 0.769717 0.870179 0.792988 0.821178 0.923080 0.909749 0.813998 0.789759 0.922358 0.868273 0.943849 0.924210
0.772843 0.906256 0.974026 0.934016 0.851590 0.737515 0.993540 0.949967 0.974586 0.941766 0.728228 0.843233 0.817074 0.891629 0.862194 0.986547 0.907297 0.849969 0.783951 0.817651 0.908998 0.935637 0.752884 0.894976 0.832060 0.917695 0.000000 0.951279 0.927258 0.921060 0.959297 0.928203 0.936710 0.922196 0.840229 0.868493 0.865708 0.981742 0.943910 0.954056 0.910296 0.905293 0.784748 0.732989 0.740960 0.774001 0.948344 0.765827 0.897181 0.985694 0.838957 0.920358 0.907680 0.837461 0.802800 0.767711 0.862229 0.900999 0.926610 0.973644 0.929332 0.880902 0.976706 0.990483 0.924284 0.878771 0.842058 0.627198 0.710484 0.874630 0.970131 0.977247 0.758892 0.860495 0.992918 0.977894 0.928187 0.987350 0.980860 0.880320 0.936774 0.806730 0.769550 0.951276 0.826831 0.841640 0.982761 0.767240 0.877936 0.963018 0.900426 0.995341 0.890787 0.973252 0.999253 0.951446 0.973820 0.857456 0.859733 0.934496 0.899811 0.957812 0.920124 0.906394 0.906074 0.952292 0.966333 0.857360 0.888092 0.824248 0.878517 0.932531 0.868765 0.902387 0.891615 0.889681
0.876161 0.806572 0.940130 0.918385 0.779755 0.822097 0.943293 0.752353 0.944085 0.977620 0.991062 0.809887 0.906517 0.844708 0.960394 0.862238 0.979822 0.988770 0.993026 0.981494 0.917904 0.991206 0.939445 0.973054 0.945730 0.982011 0.951279 0.000000 0.968346 0.946526 0.961001 0.957877 0.996793 0.992093 0.952660 0.861011 0.978430 0.991659 0.953061 0.996857 0.892540 0.905095 0.797206 0.823543 0.867189 0.902735 0.920007 0.796550 0.760791 0.828687 0.811752 0.780545 0.857781 0.931821 0.924937 0.936173 0.942416 0.967046 0.830266 0.731004 0.773088 0.783638 0.894056 0.929080 0.963815 0.768107 0.932339 0.901098 0.860303 0.962813 0.952920 0.938309 0.975073 0.916044 0.937960 0.936577 0.867209 0.950781 0.948246 0.896381 0.998328 0.906438 0.860649 0.869102 0.873969 0.854566 0.814193 0.967525 0.771744 0.881310 0.877317 0.963224 0.902631 0.992878 0.838133 0.876996 0.908131 0.831339 0.751745 0.784384 0.776418 0.967427 0.930026 0.886446 0.964755 0.912088 0.977844 0.969324 0.981651 0.960498 0.895758 0.844908 0.859047 0.951902 0.948638 0.970730
0.417580 0.430229 0.888008 0.691518 0.994068 0.848969 0.687944 0.569237 0.776249 0.505772 0.408383 0.440111 0.527157 0.463298 0.558553 0.555198 0.356134 0.320856 0.386620 0.420008 0.681709 0.985769 0.485065 0.646221 0.927319 0.833774 0.927258 0.968346 0.000000 0.283358 0.470156 0.482239 0.446224 0.404492 0.954795 0.961710 0.769033 0.920904 0.882813 0.819634 0.792233 0.840388 0.731361 0.625798 0.689940 0.528114 0.682518 0.583831 0.451793 0.576170 0.721285 0.844983 0.885385 0.906797 0.789342 0.830361 0.467102 0.500486 0.665885 0.901967 0.674089 0.701436 0.395041 0.364643 0.775384 0.852792 0.965170 0.990829 0.658550 0.547328 0.808959 0.786058 0.625416 0.752998 0.866313 0.975892 0.795765 0.669654 0.515920 0.482647 0.322185 0.376546 0.389442 0.492173 0.412557 0.557310 0.836119 0.537535 0.916801 0.734809 0.707383 0.592217 0.623715 0.493634 0.901577 0.876274 0.935194 0.797370 0.905189 0.825031 0.879485 0.900649 0.880426 0.791641 0.860627 0.966820 0.846150 0.690078 0.925369 0.965400 0.989387 0.986828 0.763670 0.941819 0.955807 0.711702
0.436712 0.485967 0.878588 0.751878 0.931193 0.921483 0.604855 0.597215 0.884034 0.440995 0.341545 0.426714 0.435548 0.450644 0.431752 0.475907 0.284402 0.279140 0.346255 0.480588 0.776759 0.858839 0.470783 0.633052 0.943372 0.713275 0.921060 0.946526 0.283358 0.000000 0.433764 0.508034 0.390679 0.378520 0.906346 0.996284 0.754380 0.938314 0.871175 0.851046 0.766560 0.861825 0.654954 0.544522 0.628715 0.497179 0.602588 0.525648 0.487795 0.577732 0.726160 0.848194 0.862379 0.943704 0.786785 0.903874 0.457497 0.538802 0.676029 0.903797 0.600248 0.765419 0.307447 0.278494 0.822883 0.811833 0.864661 0.919765 0.759122 0.632754 0.723472 0.666935 0.645759 0.745247 0.961976 0.954443 0.747348 0.642465 0.480276 0.477847 0.304981 0.392264 0.432744 0.463581 0.487947 0.591941 0.873880 0.604196 0.988928 0.728714 0.695561 0.610443 0.569553 0.486589 0.872638 0.883314 0.900862 0.730134 0.894504 0.796712 0.987660 0.893524 0.841021 0.696559 0.926518 0.924226 0.868249 0.719453 0.785685 0.862826 0.995194 0.905948 0.712898 0.866366 0.925821 0.802267
0.664250 0.742934 0.618979 0.525574 0.925917 0.911479 0.359429 0.489126 0.831859 0.350748 0.571434 0.584748 0.476674 0.583907 0.403293 0.535302 0.532443 0.552727 0.493418 0.652988 0.665895 0.993483 0.458350 0.731451 0.924552 0.979622 0.959297 0.961001 0.470156 0.433764 0.000000 0.400343 0.374812 0.361174 0.850136 0.908742 0.755943 0.764439 0.800026 0.990227 0.913643 0.859034 0.450965 0.420169 0.417389 0.383173 0.607931 0.431551 0.556773 0.502191 0.466536 0.465162 0.510264 0.641086 0.749235 0.841030 0.730105 0.853743 0.798776 0.873277 0.556894 0.663674 0.519579 0.519362 0.921494 0.949055 0.592106 0.683417 0.841184 0.787621 0.511175 0.507775 0.465804 0.470368 0.786612 0.948566 0.541571 0.467193 0.574105 0.591660 0.506786 0.696648 0.641726 0.670254 0.627712 0.768689 0.816231 0.769665 0.848496 0.817227 0.860529 0.947971 0.984680 0.886218 0.818347 0.764300 0.745214 0.961321 0.592151 0.525382 0.639643 0.739424 0.591783 0.498556 0.682540 0.731280 0.928115 0.958265 0.773732 0.880052 0.782122 0.735773 0.592701 0.797298 0.776665 0.830937
0.709191 0.722858 0.624197 0.635142 0.987198 0.840090 0.440821 0.501331 0.882014 0.472771 0.661203 0.661186 0.561375 0.585108 0.564653 0.625142 0.576410 0.627562 0.524952 0.669728 0.735431 0.972145 0.576658 0.755839 0.868521 0.976384 0.928203 0.957877 0.482239 0.508034 0.400343 0.000000 0.398231 0.409028 0.730320 0.890734 0.823582 0.755625 0.703012 0.903261 0.887277 0.859131 0.451733 0.438183 0.423490 0.426424 0.559834 0.446559 0.525559 0.519966 0.452103 0.546926 0.567460 0.688178 0.723718 0.692235 0.740598 0.881196 0.892791 0.808645 0.616065 0.616610 0.607733 0.573655 0.959340 0.923346 0.635809 0.704492 0.990938 0.674266 0.567977 0.661626 0.562738 0.583969 0.713430 0.952339 0.596328 0.525351 0.682329 0.580945 0.515590 0.705701 0.608201 0.738919 0.626492 0.722185 0.646895 0.726014 0.996689 0.781487 0.940146 0.953956 0.998366 0.884853 0.996248 0.694720 0.788619 0.970374 0.674041 0.497163 0.811809 0.805379 0.626234 0.596931 0.726328 0.841488 0.957198 0.964501 0.819914 0.926995 0.843536 0.630364 0.655992 0.712778 0.813852 0.739888
0.585131 0.695521 0.533193 0.558997 0.844577 0.813856 0.391057 0.494002 0.913231 0.463444 0.485860 0.602487 0.449845 0.561348 0.433180 0.567646 0.494642 0.531042 0.453984 0.598220 0.792195 0.953581 0.434131 0.700307 0.921766 0.978035 0.936710 0.996793 0.446224 0.390679 0.374812 0.398231 0.000000 0.385311 0.849698 0.893583 0.653229 0.763699 0.788770 0.878996 0.893363 0.824612 0.542461 0.462735 0.461897 0.417245 0.645202 0.455462 0.597966 0.479233 0.485444 0.582550 0.632176 0.719403 0.717732 0.928054 0.657048 0.807686 0.735798 0.903745 0.535712 0.670321 0.490810 0.478191 0.857193 0.995691 0.567471 0.708160 0.824328 0.577562 0.548064 0.620642 0.561744 0.626492 0.762900 0.992143 0.603880 0.506844 0.673112 0.601592 0.479509 0.620502 0.576214 0.586439 0.544119 0.725658 0.757484 0.666679 0.824587 0.722551 0.989174 0.962781 0.913146 0.836335 0.932128 0.826899 0.659305 0.994773 0.714132 0.594359 0.768115 0.879024 0.625525 0.498995 0.715649 0.652011 0.955525 0.866752 0.762488 0.820496 0.759924 0.619708 0.564211 0.789397 0.764439 0.833263
0.610173 0.614161 0.728491 0.699636 0.970811 0.993565 0.501862 0.515921 0.937684 0.487722 0.606461 0.543828 0.532975 0.523334 0.467683 0.615776 0.463344 0.507052 0.488902 0.596965 0.788836 0.859566 0.535197 0.750754 0.926778 0.956808 0.922196 0.992093 0.404492 0.378520 0.361174 0.409028 0.385311 0.000000 0.853919 0.913958 0.798992 0.764685 0.796981 0.884310 0.942741 0.936129 0.539947 0.446310 0.442099 0.366415 0.583304 0.464470 0.519436 0.494706 0.582712 0.668264 0.686846 0.862947 0.722531 0.821573 0.597738 0.671428 0.763899 0.969493 0.561236 0.625934 0.424868 0.427491 0.994886 0.997836 0.663605 0.666458 0.846648 0.664448 0.613956 0.693055 0.633573 0.700503 0.822659 0.992859 0.627785 0.621650 0.630825 0.600656 0.443918 0.591061 0.587412 0.494501 0.556714 0.708046 0.805752 0.649950 0.976496 0.744769 0.862190 0.779021 0.805561 0.708462 0.948522 0.766817 0.857290 0.946823 0.738129 0.657901 0.836274 0.928511 0.713737 0.620700 0.828696 0.846743 0.889362 0.830627 0.802013 0.879692 0.884375 0.744029 0.651828 0.844348 0.832229 0.756136
0.921243 0.902107 0.566416 0.740534 0.911309 0.751891 0.719448 0.822804 0.726000 0.981213 0.855347 0.868705 0.877800 0.955898 0.939269 0.967349 0.959043 0.823216 0.917954 0.960215 0.871835 0.883790 0.985534 0.918423 0.828313 0.653432 0.840229 0.952660 0.954795 0.906346 0.850136 0.730320 0.849698 0.853919 0.000000 0.954275 0.873628 0.864700 0.833879 0.978576 0.966715 0.932409 0.701822 0.761882 0.677554 0.766087 0.813568 0.693554 0.980756 0.759312 0.643593 0.641785 0.584859 0.639671 0.659925 0.766036 0.994346 0.910198 0.938487 0.954517 0.718394 0.772731 0.933455 0.895727 0.599748 0.762256 0.579407 0.638885 0.926819 0.858720 0.996983 0.966945 0.999517 0.979288 0.857090 0.834035 0.820689 0.829065 0.975281 0.879146 0.979148 0.832084 0.936760 0.961282 0.952481 0.894763 0.675617 0.954610 0.836480 0.930499 0.738480 0.793575 0.737183 0.751966 0.775080 0.991845 0.832353 0.705013 0.767201 0.677196 0.714494 0.778866 0.732575 0.827241 0.571573 0.770766 0.991197 0.912463 0.954366 0.910704 0.867006 0.769615 0.751300 0.775795 0.644759 0.961851
0.830510 0.943561 0.888809 0.860299 0.940046 0.953305 0.983131 0.874971 0.907808 0.914164 0.910561 0.748547 0.923657 0.835596 0.843459 0.909166 0.994130 0.905102 0.894700 0.826116 0.941911 0.707571 0.874116 0.769649 0.968640 0.879935 0.868493 0.861011 0.961710 0.996284 0.908742 0.890734 0.893583 0.913958 0.954275 0.000000 0.912600 0.920453 0.941865 0.948200 0.972898 0.989436 0.996005 0.941572 0.922220 0.961834 0.952151 0.998710 0.929760 0.880722 0.966418 0.946953 0.988826 0.921128 0.985638 0.930550 0.951663 0.973217 0.846319 0.852304 0.911979 0.925810 0.845983 0.941580 0.925621 0.891407 0.925491 0.876069 0.930452 0.971576 0.904925 0.993704 0.984541 0.996823 0.937231 0.861159 0.812145 0.863471 0.999078 0.967773 0.976566 0.953726 0.911073 0.967731 0.814647 0.807756 0.811410 0.984793 0.920120 0.873295 0.997283 0.990940 0.923795 0.958493 0.917058 0.957694 0.929530 0.980238 0.934092 0.940238 0.979848 0.987753 0.979383 0.940667 0.988559 0.995663 0.948203 0.912382 0.915416 0.859612 0.931882 0.906840 0.879758 0.869765 0.941651 0.886755
0.732941 0.799927 0.920032 0.854698 0.890907 0.994841 0.868903 0.827244 0.990869 0.725791 0.700370 0.736248 0.818408 0.816879 0.838465 0.913279 0.723117 0.759404 0.777370 0.755670 0.871948 0.900265 0.809866 0.908975 0.814156 0.956419 0.865708 0.978430 0.769033 0.754380 0.755943 0.823582 0.653229 0.798992 0.873628 0.912600 0.000000 0.772458 0.963949 0.773765 0.865796 0.903116 0.922022 0.883416 0.855831 0.832187 0.924020 0.912761 0.870098 0.871029 0.839290 0.914966 0.962308 0.952305 0.901117 0.916635 0.759387 0.818760 0.837366 0.961435 0.933987 0.804575 0.808904 0.707710 0.975358 0.991194 0.983888 0.908691 0.771200 0.615401 0.723081 0.819849 0.916494 0.972447 0.873085 0.884032 0.820617 0.772152 0.845452 0.847704 0.691652 0.671925 0.838523 0.821528 0.709922 0.795100 0.830931 0.866472 0.811056 0.723013 0.944397 0.902229 0.948583 0.877266 0.932163 0.977470 0.727979 0.829020 0.935075 0.896182 0.972973 0.850994 0.784990 0.814854 0.979607 0.815172 0.982628 0.904010 0.829202 0.830942 0.825121 0.742481 0.896894 0.946336 0.939267 0.803514
0.948303 0.982747 0.837481 0.843834 0.927416 0.890638 0.786933 0.876298 0.801700 0.838892 0.945292 0.988711 0.997210 0.980616 0.933262 0.886936 0.908760 0.940578 0.870177 0.784496 0.986500 0.682078 0.903332 0.982258 0.938075 0.812272 0.981742 0.991659 0.920904 0.938314 0.764439 0.755625 0.763699 0.764685 0.864700 0.920453 0.772458 0.000000 0.945488 0.969592 0.912708 0.814546 0.826567 0.881718 0.711676 0.818840 0.905831 0.811268 0.923196 0.788293 0.693507 0.775882 0.671047 0.744755 0.839750 0.907233 0.971250 0.897830 0.885399 0.733758 0.961202 0.788487 0.915987 0.992246 0.988152 0.857149 0.873436 0.861871 0.840265 0.857043 0.718917 0.762631 0.634187 0.679889 0.950980 0.943665 0.743659 0.891991 0.948833 0.944482 0.829995 0.940053 0.981032 0.837663 0.822989 0.964488 0.755680 0.992094 0.913428 0.795635 0.784607 0.869186 0.837780 0.812453 0.907310 0.844393 0.821632 0.936781 0.950443 0.808885 0.837380 0.912245 0.800618 0.886599 0.989217 0.949503 0.938785 0.949642 0.870111 0.935313 0.860618 0.704941 0.909832 0.854085 0.985405 0.966825
