0.000000 0.340270 0.787051 0.868560 0.773857 0.672487 0.740398 0.589168 0.742153 0.630502 0.449979 0.534955 0.704041 0.708140 0.964541 0.780815 0.343354 0.349447 0.478405 0.415582 0.926573 0.926827 0.691124 0.785916 0.742653 0.749947 0.913373 0.864050 0.512897 0.502208 0.906942 0.818764 0.585791 0.579061 0.866185 0.816832 0.890988 0.910833 0.958298 0.946682 0.846168 0.929157 0.616027 0.527008 0.517947 0.505838 0.733012 0.610262 0.542860 0.531776 0.659457 0.694342 0.792308 0.818830 0.882084 0.793689 0.312526 0.376423 0.556350 0.922636 0.543478 0.758614 0.477390 0.423117 0.677772 0.957050 0.763723 0.728340 0.717557 0.663998 0.847148 0.809473 0.847210 0.734092 0.918456 0.732234 0.647063 0.706663 0.770472 0.674914 0.439315 0.559796 0.854370 0.751248 0.847721 0.811886 0.955667 0.682130 0.820608 0.827527 0.630603 0.739176 0.793752 0.939443 0.844477 0.865110 0.659780 0.890538 0.467134 0.495582 0.666403 0.870786 0.467223 0.602407 0.881003 0.916546 0.883173 0.827236 0.914260 0.872719 0.701288 0.640802 0.712198 0.847681 0.812948 0.970763
0.340270 0.000000 0.716177 0.835361 0.779865 0.701736 0.801154 0.607698 0.866432 0.625747 0.515771 0.474319 0.831729 0.748608 0.943640 0.886029 0.370716 0.343142 0.507075 0.446459 0.917127 0.791438 0.680788 0.733181 0.755249 0.733552 0.951584 0.826165 0.523334 0.468873 0.936637 0.842854 0.546409 0.539210 0.883308 0.886169 0.914794 0.882091 0.982627 0.938355 0.814709 0.879477 0.650245 0.555045 0.513491 0.465786 0.796287 0.642026 0.548437 0.523708 0.696039 0.723412 0.870826 0.843924 0.853441 0.743313 0.276038 0.286387 0.604462 0.836777 0.612280 0.696223 0.570837 0.406299 0.673348 0.998773 0.712986 0.659855 0.754096 0.592733 0.767019 0.848606 0.814725 0.702242 0.877124 0.729104 0.650889 0.687850 0.690177 0.653191 0.430627 0.581945 0.902629 0.778442 0.802166 0.842752 0.855766 0.730689 0.746698 0.779400 0.662547 0.751732 0.806235 0.907798 0.807535 0.867847 0.665623 0.870108 0.522465 0.581195 0.660383 0.822849 0.476827 0.603872 0.945747 0.961117 0.962561 0.899494 0.899754 0.869025 0.696961 0.597672 0.685103 0.889515 0.857971 0.996270
0.787051 0.716177 0.000000 0.425411 0.926944 0.779812 0.668443 0.942313 0.759816 0.852482 0.812050 0.552264 0.973558 0.979054 0.744854 0.832963 0.791430 0.744340 0.883815 0.839214 0.959374 0.863050 0.477073 0.643972 0.590475 0.604939 0.886055 0.903305 0.874032 0.722888 0.548961 0.603189 0.791903 0.918655 0.743171 0.864914 0.859037 0.899538 0.767289 0.806609 0.966337 0.856130 0.777705 0.889023 0.931271 0.852181 0.736576 0.843933 0.776569 0.981775 0.966777 0.833225 0.955512 0.872697 0.814895 0.869150 0.745539 0.658278 0.926605 0.904476 0.980436 0.836611 0.813054 0.589362 0.375908 0.592892 0.713828 0.869966 0.850600 0.784492 0.935053 0.889020 0.952537 0.988130 0.945253 0.925477 0.827516 0.763629 0.957843 0.963453 0.712462 0.744057 0.986670 0.691461 0.668066 0.799929 0.974662 0.939543 0.851341 0.797178 0.945637 0.812856 0.973952 0.713831 0.969887 0.984749 0.777279 0.893402 0.960956 0.924900 0.826885 0.803781 0.854308 0.805917 0.793679 0.730013 0.887554 0.829984 0.937034 0.896723 0.983078 0.921187 0.941582 0.924927 0.931032 0.898956
0.868560 0.835361 0.425411 0.000000 0.903389 0.835194 0.831537 0.907760 0.759868 0.767450 0.760088 0.712057 0.984562 0.901496 0.811281 0.965446 0.805910 0.775051 0.933376 0.989121 0.998859 0.942817 0.526602 0.534748 0.545083 0.568520 0.836721 0.754824 0.907239 0.763648 0.576606 0.695324 0.860823 0.985443 0.697127 0.966199 0.687487 0.757389 0.796923 0.796508 0.912723 0.926021 0.882404 0.999143 0.775302 0.727709 0.833066 0.937095 0.653449 0.914602 0.958037 0.899841 0.975027 0.827841 0.731219 0.978127 0.835846 0.778514 0.852244 0.820855 0.994710 0.983605 0.847336 0.731490 0.440590 0.491233 0.771241 0.906602 0.992785 0.867652 0.887830 0.795220 0.864788 0.934747 0.931483 0.857794 0.831901 0.842430 0.860597 0.946040 0.884475 0.825192 0.972500 0.884895 0.724121 0.713133 0.919295 0.915562 0.831863 0.666747 0.933065 0.902830 0.897523 0.776750 0.889545 0.951237 0.907676 0.997901 0.911525 0.991329 0.930300 0.810373 0.911371 0.844479 0.789037 0.842164 0.895924 0.819089 0.833664 0.917972 0.997510 0.853536 0.839245 0.804060 0.998642 0.867931
0.773857 0.779865 0.926944 0.903389 0.000000 0.733922 0.905757 0.895246 0.966445 0.821348 0.726824 0.725102 0.843003 0.862746 0.933467 0.941102 0.864884 0.761709 0.754530 0.729929 0.881753 0.990825 0.982982 0.999347 0.900079 0.778497 0.977296 0.869309 0.836001 0.827552 0.986340 0.881861 0.790334 0.847909 0.944844 0.768762 0.976841 0.875981 0.868893 0.871188 0.922434 0.871540 0.990145 0.903791 0.848491 0.846050 0.916314 0.878404 0.974632 0.938833 0.986861 0.984164 0.954749 0.946808 0.823799 0.983354 0.810875 0.775464 0.977727 0.998045 0.863406 0.942296 0.815187 0.899493 0.833512 0.962297 0.797204 0.796916 0.969955 0.837987 0.917324 0.965027 0.829780 0.722739 0.991628 0.952779 0.914637 0.853125 0.883452 0.936370 0.758071 0.702808 0.975384 0.969450 0.942157 0.980449 0.947244 0.997422 0.884173 0.701171 0.926470 0.896280 0.969241 0.921330 0.975047 0.961132 0.897230 0.948929 0.881004 0.906315 0.948192 0.916598 0.936802 0.958340 0.964831 0.813913 0.813062 0.942702 0.957634 0.875218 0.831428 0.959270 0.909958 0.972033 0.958946 0.780856
0.672487 0.701736 0.779812 0.835194 0.733922 0.000000 0.752717 0.641677 0.739949 0.607860 0.646507 0.595687 0.736224 0.794233 0.973090 0.711486 0.727394 0.702381 0.757456 0.749820 0.976036 0.942197 0.749161 0.791444 0.736512 0.722707 0.783869 0.989227 0.754837 0.680882 0.948087 0.918776 0.882201 0.767187 0.781074 0.821828 0.966223 0.997739 0.962676 0.864733 0.969374 0.869350 0.832395 0.745910 0.706891 0.677609 0.908897 0.786232 0.754945 0.831142 0.896357 0.931107 0.876199 0.822436 0.798241 0.867485 0.689819 0.786342 0.824811 0.959214 0.694310 0.791498 0.725218 0.714267 0.659332 0.876563 0.916707 0.863744 0.975924 0.869118 0.880877 0.882367 0.916846 0.891539 0.893791 0.721235 0.835576 0.870639 0.850510 0.843840 0.868155 0.804285 0.960299 0.932973 0.772661 0.737984 0.996040 0.989394 0.901307 0.689001 0.762475 0.825707 0.813989 0.860204 0.911549 0.943916 0.681954 0.756784 0.608464 0.781529 0.689005 0.749402 0.791954 0.746847 0.875784 0.982070 0.666039 0.944774 0.901178 0.963370 0.814935 0.808867 0.788796 0.845818 0.992104 0.781414
0.740398 0.801154 0.668443 0.831537 0.905757 0.752717 0.000000 0.438224 0.591038 0.466337 0.554004 0.884028 0.702407 0.802499 0.869483 0.988902 0.706763 0.708558 0.449483 0.791074 0.886747 0.999667 0.977117 0.846980 0.752986 0.833594 0.708217 0.808234 0.705754 0.693728 0.839885 0.626653 0.612505 0.498321 0.873341 0.933163 0.941006 0.990864 0.917309 0.850223 0.943602 0.851491 0.491345 0.513269 0.439350 0.529967 0.590060 0.533197 0.639819 0.650411 0.623040 0.556656 0.724042 0.618690 0.890037 0.997976 0.767253 0.935090 0.547408 0.838423 0.516204 0.871733 0.626023 0.821918 0.951063 0.906678 0.533061 0.582789 0.947950 0.982704 0.771690 0.786960 0.990876 0.828151 0.979022 0.676871 0.600433 0.650428 0.790775 0.730868 0.950356 0.939054 0.899790 0.950078 0.965707 0.796595 0.875921 0.770540 0.954112 0.859027 0.478879 0.451196 0.672458 0.621553 0.781075 0.874173 0.802471 0.925401 0.500461 0.500363 0.723752 0.587064 0.755842 0.730795 0.887556 0.686563 0.702326 0.755700 0.958551 0.997193 0.698344 0.695661 0.602544 0.883282 0.916272 0.926458
0.589168 0.607698 0.942313 0.907760 0.895246 0.641677 0.438224 0.000000 0.604152 0.443124 0.482705 0.540302 0.588452 0.573204 0.984423 0.793717 0.613164 0.636399 0.435012 0.664135 0.760597 0.879894 0.746677 0.678692 0.624981 0.748084 0.670189 0.789127 0.588376 0.528678 0.984878 0.778326 0.661342 0.549010 0.766194 0.823636 0.892450 0.947804 0.973077 0.900270 0.938398 0.955645 0.552034 0.518456 0.492170 0.528936 0.759069 0.584807 0.594692 0.656850 0.589346 0.628952 0.693783 0.560753 0.826745 0.896306 0.628301 0.768320 0.565027 0.679141 0.415695 0.538492 0.605647 0.572192 0.763355 0.908887 0.784610 0.665969 0.941320 0.903326 0.783797 0.877175 0.898207 0.841219 0.989983 0.755177 0.648522 0.772728 0.827764 0.750153 0.870369 0.973073 0.860036 0.917413 0.607825 0.564041 0.857213 0.680371 0.884083 0.827756 0.409861 0.498907 0.693469 0.706661 0.726896 0.898802 0.711346 0.775992 0.459164 0.531626 0.551883 0.502157 0.632505 0.610649 0.976101 0.764257 0.782260 0.835066 0.913230 0.941037 0.734991 0.655148 0.605292 0.763668 0.874746 0.989614
0.742153 0.866432 0.759816 0.759868 0.966445 0.739949 0.591038 0.604152 0.000000 0.703755 0.796788 0.874187 0.847926 0.867809 0.885035 0.703040 0.746614 0.811642 0.700683 0.833992 0.902300 0.866099 0.966143 0.987193 0.987714 0.895068 0.928266 0.930633 0.846306 0.888389 0.821550 0.768189 0.824032 0.793251 0.950315 0.753194 0.662093 0.780555 0.887561 0.795895 0.905150 0.966734 0.644865 0.686411 0.743116 0.814079 0.662189 0.686698 0.769906 0.677972 0.599078 0.634587 0.625621 0.605635 0.957184 0.989386 0.779820 0.883752 0.630198 0.712876 0.629363 0.754035 0.896131 0.820620 0.873736 0.790554 0.872687 0.962648 0.853971 0.888199 0.778304 0.730634 0.936012 0.847398 0.873431 0.820003 0.698150 0.847345 0.890447 0.886197 0.915475 0.969524 0.929684 0.922520 0.909211 0.803200 0.870857 0.861437 0.925411 0.892538 0.631990 0.702228 0.750494 0.797666 0.875414 0.982433 0.809139 0.936607 0.649155 0.666197 0.781701 0.808308 0.704047 0.809928 0.913990 0.694935 0.722365 0.756685 0.958549 0.990426 0.859708 0.807290 0.867360 0.954939 0.820994 0.900374
0.630502 0.625747 0.852482 0.767450 0.821348 0.607860 0.466337 0.443124 0.703755 0.000000 0.455883 0.617669 0.665671 0.743683 0.987338 0.877401 0.556476 0.538201 0.484511 0.706501 0.782700 0.880836 0.650331 0.569740 0.470910 0.522192 0.670044 0.766950 0.578750 0.504948 0.883171 0.845167 0.838504 0.551882 0.701056 0.847839 0.945441 0.917571 0.885614 0.944382 0.919992 0.925860 0.546381 0.499553 0.387059 0.397667 0.759121 0.583384 0.434000 0.618946 0.623095 0.732344 0.817080 0.783497 0.728394 0.982794 0.597352 0.744071 0.693263 0.931816 0.589211 0.802957 0.556645 0.576148 0.537263 0.727193 0.821686 0.809921 0.946257 0.954254 0.755474 0.821981 0.953671 0.850835 0.938289 0.748539 0.650126 0.805468 0.861772 0.792526 0.816278 0.876670 0.854885 0.933890 0.630212 0.531906 0.901501 0.813702 0.759913 0.655002 0.445897 0.519276 0.705747 0.815167 0.751646 0.963207 0.750896 0.750460 0.436916 0.486592 0.601781 0.682407 0.567361 0.522219 0.955689 0.898329 0.823806 0.850776 0.986354 0.986555 0.724447 0.504981 0.571392 0.820616 0.937371 0.786971
0.449979 0.515771 0.812050 0.760088 0.726824 0.646507 0.554004 0.482705 0.796788 0.455883 0.000000 0.524902 0.565129 0.601254 0.929244 0.862702 0.433300 0.396949 0.450331 0.512115 0.844004 0.924574 0.612271 0.610654 0.498943 0.555971 0.745568 0.715918 0.420510 0.407617 0.913462 0.841130 0.679189 0.505315 0.728905 0.849036 0.955130 0.832055 0.951125 0.928315 0.896473 0.955881 0.629219 0.511267 0.392984 0.405298 0.758033 0.576236 0.461991 0.553225 0.641820 0.647091 0.778422 0.785882 0.790392 0.897932 0.482235 0.578332 0.632611 0.927348 0.495760 0.784130 0.455628 0.522338 0.550157 0.828512 0.794061 0.732626 0.886681 0.779429 0.871595 0.947375 0.906924 0.729368 0.996447 0.739620 0.770275 0.719483 0.901374 0.720763 0.651261 0.662820 0.989312 0.825690 0.750565 0.710077 0.884809 0.791099 0.786500 0.613339 0.543086 0.628431 0.817901 0.899970 0.834656 0.891477 0.757693 0.902119 0.457939 0.455807 0.642132 0.783522 0.680031 0.688701 0.917591 0.917265 0.795655 0.901193 0.989494 0.901537 0.720704 0.635113 0.509041 0.862474 0.899807 0.965260
0.534955 0.474319 0.552264 0.712057 0.725102 0.595687 0.884028 0.540302 0.874187 0.617669 0.524902 0.000000 0.715604 0.643886 0.862975 0.642073 0.554485 0.507756 0.706580 0.574762 0.856899 0.834022 0.510584 0.631123 0.540352 0.575175 0.741718 0.736970 0.587752 0.447748 0.718552 0.937569 0.824674 0.742192 0.692820 0.846639 0.884995 0.985435 0.959948 0.972890 0.852054 0.920316 0.889127 0.763692 0.638251 0.606116 0.952879 0.716272 0.572162 0.711044 0.705937 0.806254 0.787769 0.771720 0.738439 0.878867 0.515652 0.505407 0.704461 0.727381 0.553689 0.503336 0.600036 0.374088 0.480048 0.896989 0.958994 0.835482 0.726440 0.616028 0.998458 0.944437 0.831776 0.782643 0.929685 0.886962 0.885502 0.988025 0.862210 0.813050 0.612489 0.686469 0.997995 0.634432 0.586161 0.649925 0.906565 0.804431 0.886093 0.753468 0.736113 0.904025 0.948416 0.950256 0.714449 0.910862 0.719527 0.824004 0.657581 0.791485 0.646506 0.851514 0.704815 0.674467 0.812969 0.952562 0.841356 0.954865 0.971188 0.798815 0.768489 0.806991 0.761247 0.772846 0.887391 0.880201
0.704041 0.831729 0.973558 0.984562 0.843003 0.736224 0.702407 0.588452 0.847926 0.665671 0.565129 0.715604 0.000000 0.470168 0.732690 0.673419 0.789848 0.758082 0.684089 0.756044 0.867863 0.951955 0.793169 0.907606 0.703953 0.716221 0.782392 0.897581 0.722094 0.654945 0.917798 0.896651 0.887945 0.798757 0.699081 0.866980 0.890801 0.744865 0.844682 0.970498 0.773781 0.920126 0.708448 0.625963 0.777625 0.709740 0.748782 0.744192 0.838016 0.868041 0.897646 0.961195 0.936723 0.912912 0.786162 0.971075 0.793935 0.912456 0.813463 0.891943 0.707473 0.937303 0.570669 0.767423 0.749694 0.751666 0.967303 0.955443 0.962845 0.961974 0.793262 0.800720 0.958389 0.885637 0.944083 0.776215 0.823980 0.850097 0.984061 0.931443 0.967207 0.990523 0.998357 0.976370 0.832965 0.779451 0.981623 0.902686 0.993642 0.764877 0.545677 0.647273 0.742264 0.809513 0.846641 0.818459 0.821568 0.902573 0.619714 0.639305 0.701245 0.757985 0.774884 0.709543 0.885746 0.924642 0.894495 0.829478 0.861396 0.953824 0.762422 0.870361 0.746022 0.786843 0.964424 0.981701
0.708140 0.748608 0.979054 0.901496 0.862746 0.794233 0.802499 0.573204 0.867809 0.743683 0.601254 0.643886 0.470168 0.000000 0.782405 0.622223 0.719934 0.676388 0.589511 0.623067 0.745512 0.895320 0.874591 0.994724 0.822216 0.805527 0.906273 0.937205 0.543916 0.578433 0.918917 0.851193 0.784989 0.709239 0.803794 0.828600 0.937081 0.875281 0.994491 0.987872 0.855828 0.981403 0.660517 0.612771 0.771472 0.733632 0.814899 0.694258 0.845272 0.862331 0.913804 0.908668 0.946952 0.917613 0.830925 0.984740 0.751237 0.857727 0.911531 0.945076 0.855129 0.913838 0.674183 0.781107 0.841686 0.950672 0.991217 0.994061 0.960055 0.870911 0.908509 0.942236 0.954375 0.796262 0.982353 0.720986 0.829471 0.882026 0.899020 0.864777 0.887900 0.914851 0.996805 0.917940 0.790236 0.868363 0.966717 0.923945 0.871185 0.732550 0.624692 0.804010 0.939318 0.943847 0.894494 0.743412 0.930117 0.901744 0.684216 0.701297 0.663650 0.783919 0.813644 0.813168 0.876263 0.888188 0.893380 0.854522 0.827130 0.913906 0.868609 0.874977 0.688699 0.927008 0.894149 0.907239
0.964541 0.943640 0.744854 0.811281 0.933467 0.973090 0.869483 0.984423 0.885035 0.987338 0.929244 0.862975 0.732690 0.782405 0.000000 0.683333 0.959483 0.980048 0.903263 0.922396 0.785933 0.866001 0.784187 0.686809 0.822647 0.857294 0.805944 0.763383 0.837121 0.944602 0.849552 0.777891 0.969545 0.973974 0.883238 0.874017 0.929200 0.773866 0.859250 0.910994 0.944456 0.964834 0.688761 0.718538 0.985904 0.930847 0.638702 0.751619 0.963184 0.989207 0.956850 0.960068 0.981779 0.898084 0.941899 0.870016 0.968055 0.946160 0.975493 0.714533 0.906651 0.738432 0.945613 0.858532 0.769274 0.968174 0.941768 0.776390 0.929530 0.899429 0.938115 0.892398 0.823918 0.854249 0.934428 0.968219 0.885391 0.917013 0.960049 0.974865 0.962888 0.900234 0.846256 0.902784 0.807040 0.929303 0.893195 0.939819 0.936310 0.997850 0.922247 0.908464 0.983192 0.992440 0.934430 0.976027 0.941967 0.996649 0.876886 0.807742 0.905650 0.986278 0.964127 0.911100 0.976088 0.985022 0.864334 0.688230 0.984854 0.916131 0.840997 0.914968 0.973858 0.969159 0.963315 0.935176
0.780815 0.886029 0.832963 0.965446 0.941102 0.711486 0.988902 0.793717 0.703040 0.877401 0.862702 0.642073 0.673419 0.622223 0.683333 0.000000 0.873294 0.889097 0.946423 0.746726 0.868178 0.959473 0.894586 0.867657 0.959501 0.985297 0.988200 0.897329 0.817176 0.790109 0.973777 0.969459 0.898284 0.959694 0.790393 0.695421 0.772735 0.986996 0.948469 0.887007 0.955808 0.900337 0.853037 0.862984 0.964460 0.911613 0.839846 0.828730 0.832438 0.935820 0.813356 0.937264 0.784760 0.875174 0.889984 0.959961 0.873104 0.889538 0.900928 0.962127 0.897666 0.856062 0.875118 0.779116 0.859014 0.912907 0.693953 0.750648 0.852769 0.895172 0.979979 0.890665 0.879223 0.945413 0.924906 0.927176 0.966008 0.893732 0.960709 0.983922 0.833464 0.869506 0.823405 0.694382 0.909915 0.920664 0.987895 0.960343 0.876647 0.927335 0.858122 0.920452 0.991497 0.838497 0.906527 0.937298 0.932651 0.884598 0.853699 0.953528 0.824029 0.999320 0.862986 0.828439 0.863543 0.843756 0.764023 0.888186 0.960335 0.983895 0.972534 0.966796 0.985014 0.963261 0.939664 0.991444
0.343354 0.370716 0.791430 0.805910 0.864884 0.727394 0.706763 0.613164 0.746614 0.556476 0.433300 0.554485 0.789848 0.719934 0.959483 0.873294 0.000000 0.284657 0.461533 0.466454 0.967458 0.892166 0.709755 0.699329 0.705094 0.708299 0.891699 0.847460 0.368427 0.407917 0.978753 0.834490 0.586885 0.537279 0.810049 0.861562 0.869183 0.913569 0.955219 0.870220 0.834364 0.957109 0.569644 0.521560 0.469761 0.493080 0.746795 0.590528 0.482244 0.506814 0.604609 0.664181 0.817906 0.834741 0.777798 0.820184 0.300826 0.376439 0.616616 0.904263 0.620674 0.809685 0.541355 0.437509 0.648547 0.940722 0.790328 0.756078 0.702916 0.634507 0.837679 0.795470 0.820241 0.732922 0.873285 0.698487 0.682992 0.781280 0.712663 0.584760 0.426350 0.599599 0.924645 0.769637 0.798776 0.825442 0.814383 0.705120 0.730205 0.762501 0.644714 0.765597 0.826417 0.992945 0.803026 0.870058 0.733083 0.974941 0.500849 0.466555 0.670790 0.889385 0.516348 0.653592 0.970358 0.977113 0.891918 0.853105 0.939500 0.876475 0.654058 0.623617 0.648778 0.883945 0.803516 0.970788
0.349447 0.343142 0.744340 0.775051 0.761709 0.702381 0.708558 0.636399 0.811642 0.538201 0.396949 0.507756 0.758082 0.676388 0.980048 0.889097 0.284657 0.000000 0.449238 0.423711 0.920212 0.940588 0.677084 0.728400 0.655611 0.638412 0.909586 0.815820 0.382411 0.373385 0.955863 0.825202 0.585572 0.514027 0.794895 0.820550 0.910553 0.989491 0.978831 0.981277 0.863856 0.955703 0.586951 0.515058 0.443359 0.426834 0.752330 0.546811 0.461115 0.473704 0.650113 0.664217 0.857721 0.873761 0.745071 0.886486 0.283642 0.362736 0.666844 0.970122 0.638813 0.841963 0.499822 0.447275 0.598928 0.882790 0.767221 0.758210 0.736616 0.590655 0.839876 0.864354 0.868751 0.690224 0.911357 0.728162 0.683006 0.734586 0.695803 0.625002 0.431340 0.556316 0.963208 0.769177 0.797219 0.807795 0.842008 0.733678 0.676834 0.731209 0.650808 0.749928 0.836112 0.942817 0.795667 0.844593 0.739924 0.991253 0.501209 0.495696 0.669942 0.907577 0.497817 0.654743 0.995369 0.986418 0.902428 0.851761 0.921212 0.927434 0.707392 0.604961 0.613474 0.865893 0.820549 0.934712
0.478405 0.507075 0.883815 0.933376 0.754530 0.757456 0.449483 0.435012 0.700683 0.484511 0.450331 0.706580 0.684089 0.589511 0.903263 0.946423 0.461533 0.449238 0.000000 0.514952 0.871658 0.995476 0.906551 0.810337 0.768649 0.739343 0.819785 0.852333 0.507276 0.499341 0.881996 0.630745 0.482424 0.430882 0.896633 0.875465 0.943348 0.981910 0.949611 0.898699 0.995305 0.971015 0.437252 0.411922 0.425805 0.443977 0.724164 0.476614 0.580716 0.532014 0.673322 0.604901 0.806224 0.767400 0.888031 0.865447 0.493552 0.629718 0.590703 0.882518 0.577021 0.911084 0.530006 0.635010 0.844952 0.987669 0.562541 0.600912 0.914091 0.830037 0.733474 0.870010 0.910300 0.780741 0.946882 0.693678 0.595895 0.616248 0.672631 0.673738 0.684053 0.767495 0.953679 0.919353 0.871000 0.794342 0.866305 0.731998 0.831514 0.771911 0.482330 0.502374 0.712894 0.761632 0.868698 0.830969 0.739880 0.943522 0.427729 0.402682 0.616944 0.665021 0.588123 0.691724 0.901958 0.862052 0.759374 0.858007 0.929291 0.949264 0.753365 0.607313 0.605981 0.876241 0.829722 0.953834
0.415582 0.446459 0.839214 0.989121 0.729929 0.749820 0.791074 0.664135 0.833992 0.706501 0.512115 0.574762 0.756044 0.623067 0.922396 0.746726 0.466454 0.423711 0.514952 0.000000 0.876343 0.946011 0.813799 0.955275 0.841153 0.761468 0.971367 0.891460 0.499894 0.547903 0.988366 0.772219 0.541110 0.564532 0.975243 0.879226 0.737718 0.941294 0.949766 0.874155 0.812527 0.816746 0.678061 0.610253 0.616068 0.642059 0.717469 0.611510 0.697042 0.618697 0.770836 0.760126 0.850168 0.918377 0.950170 0.906393 0.447549 0.458750 0.599795 0.888428 0.675411 0.839966 0.564741 0.553760 0.757828 0.997828 0.773019 0.770182 0.676915 0.628044 0.867862 0.896421 0.700786 0.650744 0.979833 0.840618 0.746672 0.762428 0.743452 0.721781 0.468116 0.536426 0.840289 0.717847 0.948291 0.965194 0.973804 0.793876 0.819279 0.871061 0.699071 0.754814 0.825530 0.978369 0.817589 0.810156 0.848462 0.961023 0.609222 0.600951 0.765203 0.973568 0.660416 0.694499 0.934767 0.991971 0.872113 0.861243 0.936841 0.941187 0.792312 0.772089 0.776529 0.891510 0.924822 0.988168
0.926573 0.917127 0.959374 0.998859 0.881753 0.976036 0.886747 0.760597 0.902300 0.782700 0.844004 0.856899 0.867863 0.745512 0.785933 0.868178 0.967458 0.920212 0.871658 0.876343 0.000000 0.970509 0.840718 0.858501 0.878673 0.895150 0.934981 0.956834 0.793219 0.836440 0.963163 0.995730 0.949627 0.979364 0.791514 0.832188 0.962216 0.987494 0.997100 0.871207 0.930887 0.980265 0.847368 0.907639 0.900961 0.875415 0.795549 0.928762 0.828148 0.908671 0.998698 0.953048 0.967941 0.986243 0.952144 0.845178 0.945360 0.981982 0.939241 0.965127 0.902450 0.807819 0.981707 0.854109 0.945723 0.977836 0.818231 0.907070 0.988271 0.903649 0.986696 0.903007 0.699101 0.889716 0.802009 0.904430 0.888693 0.916358 0.980730 0.983474 0.903970 0.878972 0.976038 0.965937 0.720920 0.673990 0.884117 0.876329 0.995384 0.943729 0.909011 0.859191 0.985548 0.948013 0.845154 0.920487 0.985625 0.958490 0.855792 0.932117 0.975000 0.892281 0.827774 0.873086 0.957436 0.884537 0.984950 0.971375 0.899389 0.899601 0.981288 0.817483 0.867473 0.870798 0.922990 0.876158
0.926827 0.791438 0.863050 0.942817 0.990825 0.942197 0.999667 0.879894 0.866099 0.880836 0.924574 0.834022 0.951955 0.895320 0.866001 0.959473 0.892166 0.940588 0.995476 0.946011 0.970509 0.000000 0.818215 0.812421 0.838159 0.964591 0.954522 0.799120 0.995574 0.875730 0.854109 0.816235 0.940555 0.925219 0.938279 0.923138 0.915969 0.902961 0.992771 0.971008 0.906635 0.977610 0.948779 0.995581 0.930989 0.956481 0.963430 0.865683 0.897712 0.965411 0.895094 0.996966 0.967604 0.936269 0.960278 0.958931 0.897875 0.840550 0.920541 0.863465 0.889968 0.763308 0.998671 0.824347 0.873257 0.967245 0.939970 0.914914 0.901674 0.917990 0.971260 0.981064 0.848231 0.977818 0.934365 0.954620 0.926174 0.959052 0.935878 0.940338 0.860915 0.936345 0.969609 0.911129 0.903381 0.898374 0.844976 0.919742 0.864165 0.856926 0.960331 0.962589 0.910681 0.896979 0.917179 0.841709 0.874262 0.974104 0.975812 0.984139 0.929445 0.902032 0.881636 0.981273 0.845710 0.982485 0.880635 0.713435 0.898298 0.817496 0.981118 0.918305 0.938445 0.961202 0.858618 0.895118
0.691124 0.680788 0.477073 0.526602 0.982982 0.749161 0.977117 0.746677 0.966143 0.650331 0.612271 0.510584 0.793169 0.874591 0.784187 0.894586 0.709755 0.677084 0.906551 0.813799 0.840718 0.818215 0.000000 0.373667 0.395536 0.571063 0.702066 0.720293 0.792119 0.702226 0.544504 0.760332 0.868275 0.901211 0.612635 0.787581 0.898826 0.846635 0.743946 0.863516 0.849384 0.998743 0.978968 0.884660 0.773839 0.722473 0.920185 0.990003 0.656644 0.850745 0.932665 0.954818 0.957443 0.952786 0.817778 0.863375 0.681127 0.715155 0.923245 0.950219 0.691114 0.700786 0.744336 0.519437 0.414625 0.645011 0.772225 0.928926 0.947656 0.780374 0.968222 0.903314 0.863821 0.925224 0.880367 0.945395 0.959102 0.915263 0.884837 0.984501 0.873691 0.966151 0.814911 0.794828 0.404610 0.462439 0.985931 0.804669 0.823121 0.783781 0.799606 0.858860 0.942518 0.905308 0.823791 0.993578 0.809704 0.783423 0.665075 0.813387 0.629176 0.993241 0.788130 0.701080 0.822224 0.955675 0.923473 0.851454 0.949447 0.995163 0.882808 0.692314 0.708544 0.942857 0.975880 0.995786
0.785916 0.733181 0.643972 0.534748 0.999347 0.791444 0.846980 0.678692 0.987193 0.569740 0.610654 0.631123 0.907606 0.994724 0.686809 0.867657 0.699329 0.728400 0.810337 0.955275 0.858501 0.812421 0.373667 0.000000 0.408915 0.610125 0.673862 0.674210 0.814969 0.726588 0.598581 0.802900 0.945269 0.861982 0.665976 0.933156 0.855991 0.923703 0.740400 0.918482 0.831981 0.947283 0.935305 0.850139 0.664094 0.652694 0.875092 0.927984 0.593386 0.779926 0.836162 0.944598 0.933670 0.964121 0.785215 0.868673 0.728089 0.767488 0.855476 0.822198 0.634667 0.703245 0.778556 0.596174 0.478879 0.751605 0.946495 0.914922 0.976958 0.868112 0.979006 0.879824 0.858523 0.881691 0.914194 0.960280 0.962032 0.986516 0.982831 0.913645 0.937400 0.972197 0.809092 0.978583 0.399778 0.415880 0.960117 0.775059 0.790069 0.733024 0.744990 0.743339 0.872245 0.906184 0.762228 0.952081 0.803806 0.843162 0.645516 0.737514 0.750858 0.811810 0.808927 0.696840 0.899129 0.846183 0.976841 0.814455 0.927305 0.916531 0.875308 0.634403 0.593142 0.879712 0.931853 0.945081
0.742653 0.755249 0.590475 0.545083 0.900079 0.736512 0.752986 0.624981 0.987714 0.470910 0.498943 0.540352 0.703953 0.822216 0.822647 0.959501 0.705094 0.655611 0.768649 0.841153 0.878673 0.838159 0.395536 0.408915 0.000000 0.422462 0.578157 0.665033 0.727888 0.619776 0.562073 0.797091 0.945179 0.792447 0.594452 0.869739 0.822412 0.767834 0.779408 0.864482 0.815346 0.975595 0.922928 0.804760 0.569662 0.575970 0.974841 0.857011 0.541811 0.808503 0.761425 0.883964 0.861194 0.890091 0.817066 0.888062 0.717214 0.795381 0.823539 0.969194 0.616733 0.781882 0.530403 0.524194 0.339314 0.568493 0.987675 0.936044 0.988662 0.885563 0.984237 0.963171 0.886676 0.935599 0.937775 0.993846 0.945698 0.916990 0.965557 0.966226 0.895249 0.896700 0.802373 0.859500 0.469059 0.518526 0.899182 0.904492 0.798688 0.744517 0.645871 0.695682 0.814107 0.900599 0.722709 0.902182 0.754673 0.851606 0.614300 0.697960 0.608673 0.863855 0.758471 0.611329 0.913928 0.978157 0.972423 0.940839 0.989853 0.855101 0.846919 0.660909 0.603238 0.844489 0.987270 0.861350
0.749947 0.733552 0.604939 0.568520 0.778497 0.722707 0.833594 0.748084 0.895068 0.522192 0.555971 0.575175 0.716221 0.805527 0.857294 0.985297 0.708299 0.638412 0.739343 0.761468 0.895150 0.964591 0.571063 0.610125 0.422462 0.000000 0.700962 0.686777 0.689913 0.561722 0.712117 0.918862 0.962164 0.820569 0.806128 0.898049 0.776011 0.773657 0.715153 0.817740 0.869155 0.985026 0.954238 0.847468 0.627006 0.614362 0.918808 0.849285 0.670904 0.813513 0.894705 0.981107 0.964372 0.990519 0.733638 0.930584 0.720091 0.723593 0.887944 0.998556 0.767581 0.921540 0.567537 0.609615 0.403200 0.596394 0.921215 0.881444 0.998250 0.885625 0.858290 0.996702 0.972987 0.799675 0.887603 0.901329 0.787043 0.889733 0.969572 0.980836 0.846925 0.774156 0.884262 0.860851 0.672385 0.731299 0.894113 0.913513 0.765179 0.743196 0.686838 0.717618 0.820126 0.919193 0.758551 0.899103 0.757210 0.853764 0.658313 0.717649 0.777700 0.896756 0.821326 0.663824 0.879349 0.810636 0.996297 0.976748 0.935083 0.883054 0.798762 0.741440 0.735146 0.770012 0.964744 0.850579
0.913373 0.951584 0.886055 0.836721 0.977296 0.783869 0.708217 0.670189 0.928266 0.670044 0.745568 0.741718 0.782392 0.906273 0.805944 0.988200 0.891699 0.909586 0.819785 0.971367 0.934981 0.954522 0.702066 0.673862 0.578157 0.700962 0.000000 0.774695 0.908842 0.747663 0.846658 0.938750 0.909022 0.895572 0.684065 0.822656 0.886019 0.994825 0.907950 0.866591 0.843596 0.947004 0.833987 0.854472 0.782469 0.796200 0.837598 0.950704 0.757477 0.959947 0.881073 0.929033 0.823668 0.895926 0.869415 0.997862 0.963515 0.979485 0.839844 0.935888 0.693840 0.854106 0.720821 0.718413 0.667234 0.768284 0.970599 0.872575 0.911628 0.877396 0.939233 0.949695 0.906379 0.909370 0.864709 0.977937 0.995481 0.963152 0.956535 0.936442 0.979023 0.962953 0.694513 0.859921 0.711459 0.674550 0.964032 0.902413 0.958299 0.912609 0.753784 0.822422 0.888646 0.950522 0.885666 0.991346 0.854129 0.962550 0.766711 0.825118 0.717601 0.856116 0.892606 0.809616 0.872263 0.903796 0.898334 0.779982 0.944873 0.969309 0.969686 0.905219 0.840406 0.907797 0.928141 0.987951
0.864050 0.826165 0.903305 0.754824 0.869309 0.989227 0.808234 0.789127 0.930633 0.766950 0.715918 0.736970 0.897581 0.937205 0.763383 0.897329 0.847460 0.815820 0.852333 0.891460 0.956834 0.799120 0.720293 0.674210 0.665033 0.686777 0.774695 0.000000 0.838553 0.723378 0.790865 0.882675 0.865915 0.861003 0.745033 0.940164 0.944569 0.986578 0.963917 0.945370 0.956231 0.946059 0.969548 0.905901 0.717589 0.765375 0.954221 0.913777 0.737183 0.874098 0.864283 0.893599 0.926152 0.927078 0.836886 0.912239 0.927503 0.867775 0.908127 0.848250 0.755903 0.788568 0.787049 0.784413 0.739986 0.940693 0.949552 0.810971 0.963329 0.929830 0.972589 0.891454 0.979474 0.824874 0.897829 0.990165 0.975323 0.919705 0.985219 0.792847 0.902715 0.829298 0.800011 0.950894 0.828516 0.791560 0.823536 0.919939 0.917247 0.704147 0.890370 0.877313 0.964611 0.907173 0.887085 0.892798 0.976584 0.953837 0.858237 0.864298 0.906926 0.901684 0.985411 0.990358 0.972028 0.950464 0.955671 0.810799 0.979251 0.816585 0.910429 0.821311 0.800125 0.882367 0.991233 0.989278
0.512897 0.523334 0.874032 0.907239 0.836001 0.754837 0.705754 0.588376 0.846306 0.578750 0.420510 0.587752 0.722094 0.543916 0.837121 0.817176 0.368427 0.382411 0.507276 0.499894 0.793219 0.995574 0.792119 0.814969 0.727888 0.689913 0.908842 0.838553 0.000000 0.355555 0.928360 0.875200 0.709232 0.614661 0.761192 0.849517 0.951770 0.968820 0.939134 0.858747 0.958643 0.937321 0.591225 0.548397 0.515405 0.534232 0.734081 0.585373 0.542814 0.598565 0.679354 0.674187 0.825684 0.835952 0.826305 0.875742 0.476712 0.555916 0.783091 0.982930 0.731279 0.853981 0.589826 0.585168 0.679511 0.904501 0.912617 0.857406 0.775654 0.721841 0.942828 0.959610 0.842712 0.701054 0.921092 0.746482 0.763633 0.777222 0.777937 0.707543 0.570096 0.695278 0.894955 0.772862 0.815516 0.859271 0.886026 0.806925 0.785564 0.690600 0.700971 0.818116 0.912151 0.964211 0.813282 0.829039 0.883640 0.975412 0.594474 0.577372 0.722278 0.827777 0.639675 0.754545 0.976963 0.955907 0.834363 0.835997 0.995984 0.992924 0.687347 0.758443 0.625660 0.866889 0.817929 0.907842
0.502208 0.468873 0.722888 0.763648 0.827552 0.680882 0.693728 0.528678 0.888389 0.504948 0.407617 0.447748 0.654945 0.578433 0.944602 0.790109 0.407917 0.373385 0.499341 0.547903 0.836440 0.875730 0.702226 0.726588 0.619776 0.561722 0.747663 0.723378 0.355555 0.000000 0.953378 0.920718 0.671421 0.592362 0.649770 0.796828 0.934498 0.933624 0.973561 0.957928 0.995562 0.958567 0.629233 0.558252 0.479709 0.452195 0.834811 0.605779 0.473384 0.597477 0.644956 0.700314 0.796170 0.764146 0.697738 0.951966 0.460868 0.507075 0.750350 0.945399 0.649563 0.788969 0.511042 0.472405 0.532479 0.820228 0.927733 0.797235 0.803685 0.743896 0.904369 0.981273 0.882608 0.752631 0.932405 0.783455 0.801052 0.848612 0.752447 0.603122 0.538023 0.623135 0.967916 0.771694 0.728056 0.747275 0.881479 0.816311 0.726169 0.620848 0.668592 0.821210 0.935774 0.975124 0.820222 0.891956 0.791137 0.940533 0.586504 0.637412 0.671716 0.778333 0.615894 0.684944 0.848221 0.896512 0.825316 0.986202 0.980050 0.935610 0.784845 0.749294 0.670620 0.820268 0.901668 0.908934
0.906942 0.936637 0.548961 0.576606 0.986340 0.948087 0.839885 0.984878 0.821550 0.883171 0.913462 0.718552 0.917798 0.918917 0.849552 0.973777 0.978753 0.955863 0.881996 0.988366 0.963163 0.854109 0.544504 0.598581 0.562073 0.712117 0.846658 0.790865 0.928360 0.953378 0.000000 0.613620 0.780315 0.842969 0.711901 0.991213 0.840565 0.883089 0.656313 0.747760 0.890400 0.840859 0.793568 0.908963 0.978904 0.922750 0.873451 0.913428 0.842824 0.975628 0.981204 0.867685 0.994811 0.907619 0.861573 0.863904 0.919773 0.891456 0.943951 0.940273 0.839566 0.826106 0.769921 0.714923 0.559076 0.710705 0.849425 0.924653 0.966428 0.915327 0.741185 0.775915 0.902633 0.801222 0.863391 0.694694 0.811389 0.781402 0.876580 0.783780 0.997516 0.976055 0.839094 0.892682 0.657847 0.692055 0.787670 0.960593 0.900751 0.992079 0.975713 0.964580 0.992927 0.907161 0.804304 0.961580 0.951579 0.853245 0.944722 0.994851 0.953316 0.903326 0.937230 0.821662 0.916033 0.908454 0.965485 0.813938 0.989201 0.931132 0.858643 0.908201 0.932686 0.835537 0.951167 0.956472
0.818764 0.842854 0.603189 0.695324 0.881861 0.918776 0.626653 0.778326 0.768189 0.845167 0.841130 0.937569 0.896651 0.851193 0.777891 0.969459 0.834490 0.825202 0.630745 0.772219 0.995730 0.816235 0.760332 0.802900 0.797091 0.918862 0.938750 0.882675 0.875200 0.920718 0.613620 0.000000 0.604967 0.622184 0.837389 0.986032 0.778354 0.955056 0.698421 0.745244 0.896189 0.980190 0.651283 0.714450 0.722631 0.734164 0.647592 0.576618 0.842653 0.641524 0.752609 0.624798 0.835822 0.770202 0.881770 0.969313 0.804793 0.885800 0.693034 0.908280 0.814068 0.980335 0.865527 0.984011 0.767385 0.778128 0.616910 0.696232 0.887123 0.896936 0.812171 0.793581 0.991225 0.844037 0.972948 0.686580 0.647286 0.619930 0.772151 0.691890 0.939084 0.883040 0.822166 0.948995 0.780587 0.880121 0.995395 0.882622 0.937822 0.932380 0.754121 0.763815 0.905969 0.761249 0.924825 0.943917 0.976586 0.917846 0.839223 0.741589 0.992947 0.901213 0.891222 0.888597 0.881710 0.807557 0.918805 0.710598 0.972203 0.956721 0.850721 0.834694 0.886194 0.999125 0.935797 0.918494
0.585791 0.546409 0.791903 0.860823 0.790334 0.882201 0.612505 0.661342 0.824032 0.838504 0.679189 0.824674 0.887945 0.784989 0.969545 0.898284 0.586885 0.585572 0.482424 0.541110 0.949627 0.940555 0.868275 0.945269 0.945179 0.962164 0.909022 0.865915 0.709232 0.671421 0.780315 0.604967 0.000000 0.477338 0.925906 0.911020 0.826046 0.793802 0.839923 0.838342 0.838562 0.953600 0.596648 0.619316 0.580581 0.654146 0.710339 0.647402 0.822181 0.620310 0.760861 0.664164 0.824630 0.796190 0.963162 0.888447 0.577430 0.642943 0.576534 0.765914 0.660333 0.890259 0.671483 0.757791 0.946923 0.749095 0.485087 0.460482 0.858405 0.775737 0.797449 0.873795 0.783713 0.696359 0.934728 0.753901 0.690572 0.679609 0.657257 0.588953 0.653436 0.641349 0.914234 0.992899 0.857455 0.864755 0.918671 0.791904 0.797251 0.919946 0.748415 0.737808 0.874723 0.864011 0.847546 0.801787 0.865915 0.906048 0.700644 0.675769 0.821031 0.784190 0.716939 0.856798 0.811395 0.847993 0.937242 0.946084 0.935569 0.887756 0.836385 0.896363 0.816679 0.889537 0.941553 0.928636
0.579061 0.539210 0.918655 0.985443 0.847909 0.767187 0.498321 0.549010 0.793251 0.551882 0.505315 0.742192 0.798757 0.709239 0.973974 0.959694 0.537279 0.514027 0.430882 0.564532 0.979364 0.925219 0.901211 0.861982 0.792447 0.820569 0.895572 0.861003 0.614661 0.592362 0.842969 0.622184 0.477338 0.000000 0.929786 0.935985 0.866966 0.960186 0.874749 0.993042 0.983410 0.924595 0.611117 0.544801 0.415969 0.489020 0.687447 0.555539 0.602089 0.526989 0.613287 0.533565 0.835768 0.673011 0.959035 0.989907 0.546024 0.667977 0.580235 0.845895 0.579485 0.832664 0.593312 0.681692 0.864009 0.895148 0.533526 0.510238 0.823408 0.757384 0.814928 0.889437 0.783661 0.650660 0.937800 0.611132 0.661311 0.634733 0.759475 0.648267 0.712748 0.720557 0.984462 0.887074 0.986259 0.935178 0.922639 0.877168 0.787341 0.777561 0.592970 0.648699 0.814909 0.782079 0.856966 0.866989 0.819683 0.902556 0.562772 0.581164 0.691021 0.766765 0.730685 0.806075 0.910089 0.834042 0.809232 0.814299 0.977711 0.975719 0.826436 0.639270 0.570346 0.909478 0.934905 0.927941
0.866185 0.883308 0.743171 0.697127 0.944844 0.781074 0.873341 0.766194 0.950315 0.701056 0.728905 0.692820 0.699081 0.803794 0.883238 0.790393 0.810049 0.794895 0.896633 0.975243 0.791514 0.938279 0.612635 0.665976 0.594452 0.806128 0.684065 0.745033 0.761192 0.649770 0.711901 0.837389 0.925906 0.929786 0.000000 0.836310 0.860730 0.922757 0.994973 0.991375 0.917749 0.847008 0.841951 0.796009 0.766747 0.695452 0.874442 0.901892 0.672903 0.848205 0.826983 0.897688 0.795768 0.907116 0.690161 0.904086 0.857847 0.952657 0.993365 0.912818 0.826980 0.845960 0.800314 0.803205 0.636490 0.731575 0.773803 0.878893 0.946203 0.914357 0.923144 0.992886 0.875703 0.939864 0.994912 0.921454 0.933491 0.975085 0.912862 0.905168 0.998531 0.953797 0.904643 0.937585 0.648214 0.600743 0.980017 0.885199 0.903689 0.715990 0.873525 0.976091 0.940897 0.905781 0.896526 0.891059 0.919027 0.856278 0.730533 0.883772 0.675838 0.928300 0.841323 0.722982 0.877229 0.978393 0.901265 0.935606 0.968283 0.937101 0.964994 0.745132 0.649758 0.792841 0.944937 0.876429
0.816832 0.886169 0.864914 0.966199 0.768762 0.821828 0.933163 0.823636 0.753194 0.847839 0.849036 0.846639 0.866980 0.828600 0.874017 0.695421 0.861562 0.820550 0.875465 0.879226 0.832188 0.923138 0.787581 0.933156 0.869739 0.898049 0.822656 0.940164 0.849517 0.796828 0.991213 0.986032 0.911020 0.935985 0.836310 0.000000 0.988786 0.880571 0.961938 0.902204 0.820955 0.922510 0.780322 0.817225 0.948434 0.852622 0.928481 0.864262 0.822022 0.923054 0.934136 0.958053 0.977977 0.979796 0.802375 0.990182 0.838181 0.921069 0.996026 0.855847 0.989040 0.961339 0.935730 0.869226 0.861879 0.816035 0.752555 0.743418 0.917783 0.996367 0.844374 0.878919 0.916106 0.905274 0.893269 0.934408 0.991223 0.963072 0.845137 0.999809 0.935710 0.981668 0.857473 0.851997 0.791111 0.739701 0.994284 0.933009 0.973770 0.969807 0.799909 0.808546 0.877626 0.996864 0.994501 0.952687 0.857163 0.973957 0.755966 0.786009 0.738792 0.959079 0.771855 0.863216 0.829414 0.993007 0.885125 0.932306 0.999982 0.933489 0.972203 0.921343 0.961293 0.947430 0.941869 0.908498
0.890988 0.914794 0.859037 0.687487 0.976841 0.966223 0.941006 0.892450 0.662093 0.945441 0.955130 0.884995 0.890801 0.937081 0.929200 0.772735 0.869183 0.910553 0.943348 0.737718 0.962216 0.915969 0.898826 0.855991 0.822412 0.776011 0.886019 0.944569 0.951770 0.934498 0.840565 0.778354 0.826046 0.866966 0.860730 0.988786 0.000000 0.779281 0.883468 0.727770 0.717951 0.787235 0.945563 0.967694 0.970116 0.845824 0.861895 0.976663 0.989118 0.887406 0.760161 0.798983 0.787890 0.788806 0.818377 0.978844 0.872913 0.873544 0.707278 0.709302 0.882235 0.771753 0.915739 0.900491 0.812580 0.692260 0.949007 0.895067 0.755939 0.773931 0.988667 0.808516 0.756548 0.813250 0.932523 0.889487 0.916915 0.995073 0.850612 0.895929 0.791231 0.883309 0.862857 0.791870 0.957194 0.910391 0.834377 0.908208 0.848208 0.748450 0.975873 0.942781 0.948633 0.980179 0.777855 0.895274 0.995184 0.909507 0.993213 0.968135 0.972196 0.941284 0.946907 0.969485 0.968597 0.848308 0.972513 0.904536 0.789855 0.984070 0.988578 0.921268 0.952811 0.971880 0.977235 0.966820
0.910833 0.882091 0.899538 0.757389 0.875981 0.997739 0.990864 0.947804 0.780555 0.917571 0.832055 0.985435 0.744865 0.875281 0.773866 0.986996 0.913569 0.989491 0.981910 0.941294 0.987494 0.902961 0.846635 0.923703 0.767834 0.773657 0.994825 0.986578 0.968820 0.933624 0.883089 0.955056 0.793802 0.960186 0.922757 0.880571 0.779281 0.000000 0.878361 0.949305 0.695520 0.971332 0.978032 0.933152 0.970573 0.944794 0.936593 0.990542 0.975685 0.899485 0.869766 0.905417 0.834814 0.874139 0.952520 0.854072 0.940354 0.900851 0.791761 0.652820 0.897078 0.732875 0.893322 0.918185 0.826647 0.603793 0.889333 0.808758 0.786938 0.923041 0.969986 0.870666 0.801511 0.928952 0.818078 0.970975 0.892377 0.987284 0.855799 0.906738 0.856463 0.859558 0.960474 0.912425 0.915176 0.865350 0.981188 0.885951 0.957414 0.858450 0.905605 0.836928 0.993301 0.939685 0.990826 0.955366 0.965659 0.895645 0.968580 0.932201 0.957417 0.997504 0.860262 0.987163 0.770006 0.832476 0.984054 0.897944 0.964465 0.966069 0.888723 0.996720 0.949390 0.979207 0.891406 0.940387
