0.000000 0.315555 0.637800 0.915181 0.765789 0.821917 0.714905 0.822469 0.814400 0.910091 0.502567 0.412762 0.826333 0.708933 0.819306 0.916896 0.518906 0.563729 0.494532 0.375362 0.883405 0.938565 0.671578 0.983176 0.899105 0.821560 0.968791 0.983609 0.596678 0.786183 0.722018 0.717655 0.969937 0.740582 0.768197 0.708256 0.865858 0.901288 0.974833 0.899863 0.864725 0.906576 0.892400 0.749586 0.804829 0.698774 0.754690 0.688835 0.331075 0.391072 0.411275 0.472041 0.575087 0.780646 0.588487 0.445795 0.397038 0.354504 0.290639 0.300034 0.823251 0.497292 0.658288 0.524432 0.790513 0.980008 0.739778 0.818188 0.413079 0.438939 0.962273 0.963410 0.693337 0.709990 0.936284 0.859957 0.654467 0.864521 0.939320 0.789924 0.489680 0.489673 0.815528 0.771587 0.878688 0.941838 0.700221 0.923080 0.979001 0.642715 0.652101 0.523357 0.584803 0.570198 0.998504 0.853840 0.788342 0.934275 0.928879 0.946854 0.738014 0.838531 0.770777 0.712734 0.921036 0.962211 0.936924 0.954816 0.993914 0.892130 0.971759 0.997564 0.791170 0.987845 0.987622 0.887210
0.315555 0.000000 0.612447 0.825764 0.758639 0.749410 0.685650 0.682894 0.749825 0.761349 0.611029 0.343020 0.815604 0.626187 0.939747 0.757121 0.483476 0.489646 0.486589 0.348487 0.750901 0.964546 0.771972 0.942336 0.863423 0.824590 0.994141 0.995159 0.559457 0.683911 0.885307 0.878323 0.802603 0.612357 0.760741 0.683705 0.946278 0.900122 0.946230 0.939666 0.931226 0.947379 0.991311 0.630872 0.910735 0.545323 0.634438 0.539855 0.366150 0.356102 0.371771 0.418349 0.565543 0.721770 0.558491 0.474681 0.305616 0.252502 0.343952 0.320734 0.796864 0.418740 0.534889 0.369638 0.801606 0.967584 0.736718 0.914971 0.513401 0.395072 0.825741 0.728261 0.777481 0.780759 0.831382 0.902863 0.560790 0.738407 0.786211 0.648777 0.352865 0.408693 0.729432 0.689548 0.904865 0.913691 0.715038 0.965744 0.924376 0.664556 0.706370 0.533187 0.574495 0.578133 0.878569 0.813649 0.729289 0.967738 0.812683 0.899961 0.658435 0.894226 0.679948 0.746269 0.841069 0.812883 0.994501 0.990008 0.999050 0.847213 0.908087 0.908141 0.756659 0.875691 0.973726 0.875838
0.637800 0.612447 0.000000 0.633256 0.656452 0.906041 0.517334 0.906243 0.696156 0.714926 0.638735 0.614931 0.785910 0.927158 0.658931 0.992642 0.677856 0.699622 0.875023 0.652168 0.705224 0.968733 0.456413 0.584409 0.567347 0.483749 0.743719 0.897528 0.594503 0.643606 0.702637 0.731791 0.849443 0.903213 0.672558 0.713206 0.760126 0.910803 0.973084 0.898754 0.996505 0.895119 0.923085 0.811324 0.894544 0.742698 0.951024 0.926580 0.600657 0.655998 0.718132 0.798233 0.833411 0.945480 0.818478 0.721873 0.584109 0.609850 0.644656 0.609411 0.851977 0.706641 0.778584 0.636347 0.365189 0.566969 0.577529 0.627870 0.738711 0.589343 0.990369 0.866544 0.788833 0.790538 0.961263 0.991461 0.763780 0.935813 0.959507 0.991788 0.844583 0.953204 0.805343 0.874867 0.545254 0.501955 0.857501 0.638016 0.742362 0.884633 0.637922 0.624836 0.609573 0.673974 0.840483 0.928076 0.861619 0.869594 0.854606 0.921650 0.897282 0.786299 0.815586 0.913002 0.811946 0.831777 0.893212 0.917243 0.999628 0.829973 0.976829 0.948935 0.765373 0.968036 0.707985 0.911526
0.915181 0.825764 0.633256 0.000000 0.865638 0.761256 0.654751 0.599001 0.861671 0.976851 0.906236 0.796617 0.582451 0.598162 0.643269 0.632002 0.971477 0.983708 0.854002 0.887112 0.959379 0.999354 0.569011 0.493705 0.930998 0.777113 0.853251 0.828736 0.924582 0.913769 0.885758 0.884321 0.716607 0.812228 0.828469 0.965952 0.961587 0.885688 0.955313 0.952948 0.921605 0.991944 0.956527 0.939252 0.882086 0.824699 0.776008 0.688160 0.926638 0.850184 0.712512 0.688125 0.717230 0.700243 0.848900 0.879125 0.967060 0.871094 0.873490 0.884042 0.529190 0.677472 0.828064 0.757391 0.504928 0.385632 0.825225 0.634568 0.926957 0.954775 0.954144 0.881563 0.741430 0.720176 0.836139 0.934642 0.980789 0.831916 0.779432 0.816133 0.693749 0.682164 0.571462 0.704840 0.438678 0.422844 0.908391 0.620259 0.717986 0.641397 0.721105 0.925592 0.927515 0.982864 0.962582 0.936276 0.872664 0.974340 0.791972 0.692690 0.802223 0.697377 0.964739 0.991294 0.674226 0.704787 0.873275 0.940690 0.972444 0.987787 0.888215 0.918213 0.941598 0.918353 0.745992 0.901234
0.765789 0.758639 0.656452 0.865638 0.000000 0.984556 0.583647 0.892595 0.710099 0.945945 0.946724 0.885461 0.776564 0.997853 0.764028 0.965930 0.804637 0.958788 0.918574 0.878525 0.793402 0.909243 0.706214 0.843939 0.951063 0.922167 0.945245 0.918227 0.963018 0.988873 0.990382 0.893532 0.876686 0.861257 0.804008 0.829991 0.944442 0.988956 0.994248 0.950467 0.990602 0.943300 0.907307 0.949538 0.786208 0.923910 0.987708 0.888796 0.703090 0.674803 0.778119 0.759270 0.767340 0.851156 0.745614 0.747609 0.783595 0.757535 0.795843 0.792076 0.686464 0.988131 0.978982 0.904532 0.668409 0.639464 0.604815 0.619990 0.789617 0.755482 0.942069 0.919141 0.996300 0.957982 0.959585 0.938751 0.881813 0.961278 0.907725 0.998187 0.913740 0.869455 0.878833 0.871621 0.736296 0.685068 0.828953 0.783208 0.848310 0.929213 0.680935 0.746690 0.768527 0.762579 0.972811 0.979758 0.995989 0.833793 0.979195 0.831048 0.973270 0.783663 0.899082 0.952149 0.786630 0.888829 0.936312 0.940694 0.925619 0.880923 0.857045 0.992887 0.965958 0.908792 0.919197 0.941639
0.821917 0.749410 0.906041 0.761256 0.984556 0.000000 0.901359 0.552498 0.888309 0.649929 0.938883 0.706247 0.762415 0.665723 0.806038 0.627292 0.976614 0.903792 0.861585 0.831592 0.803646 0.985809 0.856686 0.902217 0.793930 0.935019 0.997491 0.851322 0.756886 0.865972 0.904037 0.921933 0.795126 0.760023 0.944248 0.944184 0.951973 0.920928 0.941531 0.896285 0.850701 0.791044 0.909372 0.726756 0.839755 0.640679 0.906399 0.718877 0.724551 0.755459 0.725419 0.689083 0.852947 0.700079 0.931298 0.866014 0.851539 0.810830 0.853935 0.721141 0.744330 0.614083 0.772323 0.704291 0.922214 0.744157 0.905082 0.814586 0.887827 0.943289 0.884717 0.841528 0.916406 0.776804 0.833075 0.900782 0.774153 0.750167 0.975263 0.980236 0.855730 0.881495 0.800912 0.959299 0.874263 0.859629 0.941559 0.955425 0.952815 0.950212 0.815232 0.999665 0.918677 0.995113 0.771809 0.910402 0.774497 0.996197 0.694091 0.787267 0.644249 0.914903 0.886929 0.940648 0.836270 0.868730 0.864318 0.861826 0.889092 0.854772 0.932521 0.882474 0.945883 0.926740 0.990162 0.976795
0.714905 0.685650 0.517334 0.654751 0.583647 0.901359 0.000000 0.622416 0.454323 0.863405 0.998093 0.927019 0.591023 0.893115 0.585226 0.796543 0.862371 0.876007 0.947884 0.790186 0.966027 0.854209 0.562098 0.790687 0.925012 0.852619 0.978281 0.856967 0.918768 0.949181 0.812153 0.751872 0.763424 0.857716 0.818692 0.783646 0.961639 0.878542 0.883959 0.902386 0.703449 0.872227 0.781069 0.899903 0.513021 0.874534 0.953223 0.974319 0.690936 0.650518 0.738252 0.773548 0.755553 0.895817 0.582259 0.664999 0.721833 0.638138 0.717811 0.702816 0.525857 0.952296 0.893500 0.914942 0.555703 0.437186 0.460071 0.454513 0.632832 0.577922 0.911578 0.886186 0.810271 0.789994 0.897107 0.993385 0.913126 0.990888 0.930364 0.933953 0.909971 0.914031 0.836762 0.994754 0.627431 0.604068 0.708911 0.665974 0.868655 0.887160 0.485274 0.533353 0.575913 0.525749 0.945881 0.995989 0.927981 0.851985 0.787589 0.620088 0.863115 0.578702 0.884995 0.973668 0.775199 0.854462 0.901789 0.921689 0.918891 0.923405 0.831952 0.778964 0.944580 0.984276 0.773546 0.955909
0.822469 0.682894 0.906243 0.599001 0.892595 0.552498 0.622416 0.000000 0.735507 0.454129 0.695621 0.488007 0.510146 0.537576 0.705425 0.553843 0.752829 0.735929 0.795676 0.689789 0.666581 0.869335 0.857443 0.902640 0.545483 0.728754 0.914299 0.935858 0.653190 0.649579 0.978478 0.916661 0.668341 0.578698 0.913333 0.835122 0.847475 0.950109 0.809631 0.788705 0.699760 0.902137 0.879350 0.659986 0.578611 0.437785 0.860036 0.604798 0.736603 0.759445 0.664941 0.658923 0.779867 0.725826 0.992239 0.899026 0.747952 0.740000 0.787117 0.722031 0.403941 0.357800 0.461161 0.457779 0.925463 0.564149 0.829497 0.622896 0.842230 0.962889 0.949357 0.788638 0.816219 0.778641 0.771542 0.961514 0.690096 0.781376 0.781861 0.921365 0.645470 0.791181 0.754755 0.930168 0.794394 0.805757 0.898643 0.878533 0.936299 0.980317 0.672602 0.907038 0.874801 0.881195 0.834133 0.819656 0.783066 0.912284 0.463835 0.574631 0.510418 0.697024 0.780970 0.844893 0.654420 0.757143 0.964310 0.796411 0.938449 0.898345 0.757165 0.671508 0.671286 0.911816 0.798222 0.808355
0.814400 0.749825 0.696156 0.861671 0.710099 0.888309 0.454323 0.735507 0.000000 0.916447 0.987721 0.874120 0.778317 0.943414 0.829052 0.998411 0.725871 0.717472 0.859097 0.766541 0.927153 0.898100 0.789565 0.991949 0.917659 0.863246 0.949696 0.881095 0.806161 0.788790 0.959102 0.986344 0.959928 0.911571 0.839793 0.964499 0.993456 0.873290 0.881980 0.932626 0.814747 0.793525 0.949580 0.929768 0.778771 0.983908 0.791205 0.873646 0.873794 0.859236 0.898495 0.989863 0.968238 0.922944 0.675198 0.924826 0.738034 0.713809 0.790268 0.890443 0.774276 0.983096 0.924859 0.793932 0.716319 0.662708 0.656736 0.697001 0.763662 0.545146 0.875459 0.720326 0.733658 0.768632 0.972488 0.936047 0.932209 0.933687 0.768528 0.687485 0.780400 0.814442 0.967018 0.918723 0.776891 0.783197 0.829204 0.847527 0.870750 0.957795 0.540318 0.514228 0.588134 0.564419 0.930038 0.840220 0.856146 0.905994 0.840066 0.817735 0.889903 0.821693 0.704458 0.974393 0.802315 0.827005 0.954775 0.919590 0.884938 0.727530 0.900512 0.994539 0.979566 0.834165 0.886131 0.955030
0.910091 0.761349 0.714926 0.976851 0.945945 0.649929 0.863405 0.454129 0.916447 0.000000 0.667445 0.629272 0.876397 0.808230 0.949394 0.769814 0.711907 0.704072 0.960202 0.735104 0.604494 0.988585 0.812492 0.772832 0.576632 0.597694 0.794542 0.860816 0.586185 0.546221 0.935854 0.893384 0.764975 0.718990 0.813130 0.810280 0.893965 0.990957 0.919504 0.897596 0.797755 0.989237 0.852965 0.587559 0.641122 0.461237 0.966807 0.753737 0.771785 0.796032 0.802043 0.824456 0.944706 0.874596 0.997607 0.924440 0.719564 0.783175 0.857393 0.796752 0.778779 0.604825 0.601507 0.581046 0.749828 0.975960 0.998007 0.911674 0.943663 0.826965 0.892928 0.700080 0.982631 0.916130 0.779484 0.962319 0.737783 0.814464 0.887282 0.900785 0.813771 0.970022 0.970275 0.946649 0.767481 0.794102 0.988035 0.920879 0.763942 0.835043 0.892828 0.954933 0.977508 0.878469 0.849904 0.870369 0.817035 0.840133 0.583148 0.669610 0.661625 0.800417 0.732069 0.777792 0.873535 0.968854 0.941049 0.790202 0.888326 0.909060 0.843254 0.705815 0.737257 0.853521 0.981120 0.772530
0.502567 0.611029 0.638735 0.906236 0.946724 0.938883 0.998093 0.695621 0.987721 0.667445 0.000000 0.471601 0.760646 0.787506 0.895321 0.977565 0.426065 0.527059 0.592837 0.452321 0.867910 0.974973 0.568669 0.696550 0.596269 0.646846 0.882570 0.863611 0.438935 0.548144 0.757250 0.889281 0.911147 0.700100 0.646445 0.597390 0.752874 0.967203 0.914155 0.975272 0.908270 0.926859 0.937252 0.734729 0.972529 0.642260 0.925751 0.853328 0.579008 0.633295 0.657988 0.745887 0.852095 0.895515 0.891542 0.725417 0.509509 0.596715 0.542918 0.567958 0.771814 0.612116 0.526276 0.576518 0.588627 0.880286 0.763436 0.872257 0.675803 0.624605 0.860734 0.958368 0.689384 0.659411 0.824578 0.932704 0.795190 0.898569 0.877772 0.774816 0.663418 0.736683 0.954850 0.955925 0.858660 0.844384 0.741992 0.808166 0.900725 0.961936 0.705715 0.690719 0.676197 0.775196 0.988701 0.819027 0.908515 0.951308 0.863796 0.835735 0.739962 0.988913 0.844420 0.663255 0.945275 0.980435 0.848388 0.967539 0.985590 0.891716 0.930799 0.900383 0.814328 0.867472 0.953580 0.823418
0.412762 0.343020 0.614931 0.796617 0.885461 0.706247 0.927019 0.488007 0.874120 0.629272 0.471601 0.000000 0.547731 0.411112 0.867994 0.580282 0.410998 0.444141 0.480478 0.335349 0.777533 0.992632 0.838213 0.973247 0.601197 0.658160 0.917174 0.949120 0.418460 0.500296 0.825715 0.934180 0.749705 0.518476 0.729196 0.669436 0.799570 0.976742 0.827263 0.889709 0.929330 0.948003 0.972005 0.617374 0.963576 0.488727 0.756744 0.621751 0.524317 0.506215 0.432573 0.538096 0.662277 0.770721 0.740487 0.657403 0.396264 0.398590 0.446577 0.424069 0.533131 0.303813 0.369313 0.279554 0.791112 0.834697 0.827549 0.955628 0.683268 0.521543 0.954132 0.734390 0.825577 0.849095 0.792918 0.824326 0.577311 0.724309 0.783204 0.675920 0.402836 0.468990 0.710270 0.820721 0.899032 0.904126 0.886334 0.993478 0.852404 0.869738 0.808571 0.543485 0.584184 0.628281 0.916054 0.779647 0.801290 0.976538 0.718979 0.811741 0.604351 0.981295 0.699635 0.806286 0.880580 0.932551 0.988267 0.918815 0.977492 0.800674 0.805574 0.787411 0.679780 0.858828 0.915415 0.795239
0.826333 0.815604 0.785910 0.582451 0.776564 0.762415 0.591023 0.510146 0.778317 0.876397 0.760646 0.547731 0.000000 0.361333 0.471325 0.489408 0.747561 0.805694 0.617108 0.703879 0.953134 0.944491 0.643319 0.628303 0.801267 0.957359 0.847335 0.959455 0.731028 0.768262 0.995591 0.900091 0.682798 0.648173 0.943470 0.905644 0.871217 0.816158 0.746679 0.893466 0.797270 0.864637 0.903438 0.903197 0.887741 0.811588 0.898549 0.831916 0.967901 0.881388 0.700356 0.763377 0.792060 0.733272 0.929402 0.964487 0.896336 0.892519 0.865051 0.821241 0.344544 0.569769 0.549996 0.638432 0.702084 0.478285 0.853164 0.647813 0.856346 0.996870 0.897192 0.944118 0.844685 0.878766 0.860098 0.887594 0.800423 0.858590 0.859516 0.867974 0.689616 0.700305 0.622777 0.907836 0.555519 0.584686 0.839410 0.777997 0.912150 0.921611 0.790193 0.880789 0.964479 0.912497 0.902047 0.993125 0.963746 0.966525 0.794926 0.787647 0.690135 0.799131 0.875216 0.941791 0.766951 0.869898 0.969800 0.975566 0.959734 0.956622 0.838142 0.791832 0.854302 0.937114 0.773229 0.830865
0.708933 0.626187 0.927158 0.598162 0.997853 0.665723 0.893115 0.537576 0.943414 0.808230 0.787506 0.411112 0.361333 0.000000 0.531964 0.392298 0.610759 0.638774 0.557956 0.554024 0.839604 0.992560 0.771273 0.660762 0.754769 0.797948 0.859125 0.891717 0.609087 0.638279 0.983650 0.919466 0.672927 0.606489 0.837007 0.850608 0.718299 0.884150 0.701853 0.927054 0.797193 0.798636 0.871382 0.817623 0.990664 0.704035 0.888663 0.710897 0.847847 0.727162 0.556934 0.676010 0.722479 0.693882 0.905623 0.950515 0.711654 0.685624 0.723637 0.677768 0.452794 0.504015 0.513843 0.469490 0.885563 0.634941 0.927000 0.867066 0.986981 0.757707 0.936794 0.803820 0.919685 0.918538 0.798224 0.824624 0.753431 0.788970 0.746518 0.730758 0.573340 0.602399 0.614640 0.900166 0.688605 0.697902 0.870187 0.868475 0.976131 0.919312 0.974880 0.613175 0.680693 0.666620 0.981958 0.965537 0.909163 0.981524 0.837824 0.841076 0.737904 0.939615 0.768880 0.944994 0.826953 0.915422 0.903519 0.947172 0.936478 0.928747 0.793191 0.812064 0.884026 0.950704 0.854424 0.865448
0.819306 0.939747 0.658931 0.643269 0.764028 0.806038 0.585226 0.705425 0.829052 0.949394 0.895321 0.867994 0.471325 0.531964 0.000000 0.470173 0.939830 0.906044 0.828181 0.948560 0.986684 0.900835 0.428484 0.552755 0.970918 0.885086 0.783458 0.998518 0.919497 0.898378 0.708523 0.616567 0.582785 0.751774 0.839156 0.911820 0.991126 0.869441 0.737542 0.852579 0.743242 0.771348 0.897630 0.905408 0.780853 0.935337 0.925111 0.856290 0.728104 0.814707 0.967499 0.925929 0.877717 0.960466 0.784565 0.714654 0.906369 0.916774 0.799097 0.847484 0.568076 0.866929 0.809817 0.877082 0.558127 0.486326 0.659804 0.558025 0.679169 0.836187 0.985848 0.808364 0.864508 0.803894 0.847940 0.944873 0.947955 0.956146 0.746489 0.889101 0.914862 0.859332 0.627464 0.928368 0.592956 0.548873 0.796869 0.704495 0.942649 0.949168 0.703637 0.953824 0.896577 0.908028 0.974617 0.952691 0.965336 0.937158 0.905242 0.701430 0.867513 0.868452 0.958327 0.865709 0.792926 0.889765 0.895118 0.909871 0.941910 0.954374 0.853764 0.762884 0.854922 0.957347 0.684230 0.899694
0.916896 0.757121 0.992642 0.632002 0.965930 0.627292 0.796543 0.553843 0.998411 0.769814 0.977565 0.580282 0.489408 0.392298 0.470173 0.000000 0.775131 0.718540 0.693089 0.707988 0.871518 0.938049 0.616772 0.627603 0.918387 0.991467 0.924763 0.982790 0.698124 0.732848 0.803131 0.761474 0.597176 0.605349 0.969834 0.941817 0.985655 0.987238 0.792115 0.982065 0.765042 0.791453 0.901325 0.730027 0.771131 0.645547 0.855177 0.675188 0.997346 0.936058 0.782264 0.853363 0.920098 0.852329 0.939975 0.865149 0.772561 0.849855 0.948462 0.901612 0.528245 0.587953 0.594319 0.541554 0.741070 0.558537 0.814062 0.632074 0.850253 0.841080 0.859808 0.689916 0.892364 0.817028 0.878904 0.826890 0.756432 0.744083 0.658277 0.803577 0.638352 0.649024 0.560154 0.916255 0.654049 0.639989 0.831039 0.723880 0.965317 0.956228 0.898250 0.850827 0.905435 0.898395 0.876992 0.910606 0.844123 0.810849 0.728851 0.751330 0.651613 0.854820 0.787907 0.992767 0.814184 0.810066 0.917500 0.942154 0.959844 0.876685 0.719302 0.776375 0.871245 0.885417 0.733148 0.912695
0.518906 0.483476 0.677856 0.971477 0.804637 0.976614 0.862371 0.752829 0.725871 0.711907 0.426065 0.410998 0.747561 0.610759 0.939830 0.775131 0.000000 0.299204 0.416372 0.333860 0.812938 0.961341 0.725000 0.881557 0.747799 0.717736 0.929666 0.897556 0.376466 0.401888 0.995462 0.874679 0.655301 0.541433 0.702584 0.669106 0.809649 0.984728 0.892512 0.898677 0.909984 0.852458 0.934926 0.589698 0.957319 0.600036 0.694506 0.628430 0.664603 0.657774 0.640141 0.780725 0.891178 0.957910 0.790826 0.791168 0.367919 0.442615 0.529661 0.616516 0.758350 0.615150 0.403504 0.395877 0.691834 0.949605 0.778180 0.951782 0.625967 0.398475 0.888114 0.705992 0.621651 0.602347 0.786023 0.887201 0.688573 0.852364 0.704579 0.537543 0.417972 0.479642 0.760439 0.774767 0.958306 0.981605 0.809834 0.932588 0.740630 0.934887 0.579696 0.465345 0.484514 0.564849 0.918167 0.833099 0.856283 0.950712 0.878828 0.892360 0.751512 0.992174 0.637682 0.670190 0.973427 0.998136 0.962252 0.901204 0.949162 0.712906 0.785659 0.765310 0.820498 0.804076 0.961343 0.768469
0.563729 0.489646 0.699622 0.983708 0.958788 0.903792 0.876007 0.735929 0.717472 0.704072 0.527059 0.444141 0.805694 0.638774 0.906044 0.718540 0.299204 0.000000 0.444281 0.360851 0.836302 0.953314 0.834904 0.908588 0.768943 0.747763 0.933805 0.802490 0.364494 0.379692 0.899351 0.760271 0.586103 0.449487 0.775394 0.768142 0.932210 0.868035 0.932448 0.948270 0.950531 0.848378 0.773877 0.500057 0.795831 0.505811 0.652861 0.543128 0.713616 0.742837 0.753247 0.872168 0.991643 0.914085 0.824470 0.825961 0.351079 0.441910 0.601801 0.671111 0.742895 0.608809 0.411465 0.373099 0.773120 0.998442 0.917752 0.910319 0.658002 0.373006 0.742114 0.615356 0.521074 0.552098 0.804551 0.809160 0.672409 0.735267 0.563309 0.501441 0.399430 0.496999 0.686261 0.728481 0.976160 0.969217 0.867905 0.958461 0.710927 0.960818 0.631508 0.498877 0.553660 0.584507 0.805083 0.799805 0.700521 0.766411 0.852270 0.852472 0.712855 0.971838 0.612235 0.635199 0.902584 0.928338 0.973844 0.858681 0.905045 0.657600 0.625183 0.763898 0.816258 0.747427 0.876015 0.851964
0.494532 0.486589 0.875023 0.854002 0.918574 0.861585 0.947884 0.795676 0.859097 0.960202 0.592837 0.480478 0.617108 0.557956 0.828181 0.693089 0.416372 0.444281 0.000000 0.411330 0.966350 0.931553 0.982918 0.833059 0.919766 0.967987 0.855838 0.963257 0.500496 0.588068 0.908954 0.829966 0.641578 0.526965 0.763581 0.779249 0.864921 0.985945 0.819893 0.893181 0.885770 0.962327 0.950432 0.670665 0.998894 0.709257 0.657608 0.626691 0.703727 0.623506 0.609944 0.683275 0.784662 0.797042 0.767522 0.838267 0.474710 0.519509 0.571807 0.585521 0.709092 0.657637 0.502883 0.531562 0.964421 0.868423 0.851186 0.967561 0.658440 0.513440 0.908296 0.810886 0.716587 0.708021 0.858485 0.888220 0.699791 0.824153 0.737639 0.570050 0.477794 0.505337 0.652357 0.772767 0.815068 0.788140 0.873635 0.928615 0.886983 0.857396 0.704720 0.538989 0.562774 0.610056 0.970712 0.917653 0.935574 0.948558 0.995942 0.937255 0.689516 0.976503 0.712957 0.790711 0.887661 0.900045 0.945657 0.825260 0.998053 0.905797 0.774390 0.928716 0.912433 0.921961 0.982563 0.949154
0.375362 0.348487 0.652168 0.887112 0.878525 0.831592 0.790186 0.689789 0.766541 0.735104 0.452321 0.335349 0.703879 0.554024 0.948560 0.707988 0.333860 0.360851 0.411330 0.000000 0.828591 0.980114 0.786962 0.982965 0.800747 0.734066 0.957915 0.941613 0.417219 0.521099 0.901268 0.959906 0.703692 0.567834 0.804129 0.643790 0.871045 0.973525 0.861954 0.952269 0.963384 0.921808 0.991617 0.643982 0.931589 0.607136 0.732441 0.620245 0.495040 0.479325 0.461550 0.568434 0.700750 0.771236 0.673461 0.656173 0.343562 0.341781 0.435091 0.423003 0.719521 0.486270 0.458856 0.385225 0.765153 0.980708 0.775111 0.984237 0.579662 0.364348 0.906992 0.734547 0.679146 0.727480 0.838372 0.835275 0.596595 0.734488 0.724258 0.601686 0.405359 0.475756 0.769662 0.796673 0.940474 0.947279 0.689753 0.875542 0.854471 0.823961 0.656564 0.478007 0.531020 0.526758 0.911583 0.853908 0.805348 0.994143 0.865577 0.921348 0.601983 0.906905 0.631850 0.763900 0.853115 0.997637 0.977384 0.996296 0.906756 0.825447 0.797316 0.879191 0.806973 0.844880 0.883145 0.791403
0.883405 0.750901 0.705224 0.959379 0.793402 0.803646 0.966027 0.666581 0.927153 0.604494 0.867910 0.777533 0.953134 0.839604 0.986684 0.871518 0.812938 0.836302 0.966350 0.828591 0.000000 0.982146 0.919608 0.871474 0.794614 0.708306 0.965252 0.851664 0.858274 0.827555 0.992684 0.996419 0.892424 0.855755 0.847231 0.955203 0.827511 0.941223 0.848474 0.950530 0.786376 0.880046 0.911984 0.805141 0.832534 0.677531 0.979886 0.735033 0.769730 0.762347 0.792850 0.795811 0.803837 0.846590 0.966860 0.958412 0.784257 0.764964 0.800160 0.790504 0.927341 0.734070 0.796604 0.721077 0.832767 0.950078 0.898034 0.988371 0.936536 0.855662 0.912929 0.811136 0.873429 0.833134 0.784854 0.817433 0.826072 0.920019 0.960165 0.988063 0.854522 0.972566 0.976503 0.974272 0.893849 0.828647 0.938576 0.881230 0.827934 0.966102 0.858104 0.985074 0.974715 0.982002 0.887305 0.804339 0.866726 0.964600 0.625685 0.847180 0.927254 0.848904 0.758838 0.883035 0.884614 0.902324 0.947062 0.913341 0.887416 0.932101 0.882409 0.761909 0.786450 0.907879 0.951684 0.932165
0.938565 0.964546 0.968733 0.999354 0.909243 0.985809 0.854209 0.869335 0.898100 0.988585 0.974973 0.992632 0.944491 0.992560 0.900835 0.938049 0.961341 0.953314 0.931553 0.980114 0.982146 0.000000 0.877658 0.982786 0.934734 0.968970 0.980645 0.932344 0.950814 0.985547 0.971022 0.990606 0.938109 0.960504 0.892590 0.949704 0.909993 0.698425 0.968155 0.693724 0.829931 0.942174 0.897800 0.896754 0.828852 0.938559 0.963704 0.869049 0.977386 0.928869 0.923561 0.953149 0.906081 0.995516 0.926194 0.947607 0.959579 0.921924 0.966529 0.966337 0.838606 0.889220 0.993863 0.990483 0.892529 0.813471 0.866548 0.911946 0.985906 0.953345 0.958629 0.984030 0.997770 0.963856 0.917978 0.862768 0.948450 0.947246 0.974983 0.917998 0.965626 0.912632 0.959027 0.943855 0.920290 0.915384 0.805975 0.980016 0.962734 0.990698 0.828857 0.907228 0.918448 0.949797 0.988987 0.971732 0.869213 0.956228 0.980628 0.907969 0.907963 0.860889 0.926584 0.936647 0.836457 0.878920 0.980276 0.971866 0.971655 0.956071 0.935436 0.918328 0.906730 0.986496 0.938539 0.981571
0.671578 0.771972 0.456413 0.569011 0.706214 0.856686 0.562098 0.857443 0.789565 0.812492 0.568669 0.838213 0.643319 0.771273 0.428484 0.616772 0.725000 0.834904 0.982918 0.786962 0.919608 0.877658 0.000000 0.400319 0.748760 0.600399 0.757703 0.923840 0.725931 0.758700 0.686012 0.692718 0.677526 0.923661 0.666573 0.628646 0.816096 0.979612 0.830059 0.946576 0.795664 0.853166 0.910467 0.902009 0.782389 0.907602 0.936555 0.908343 0.647906 0.712244 0.838810 0.904386 0.945130 0.918390 0.818206 0.700009 0.673435 0.716557 0.671839 0.722004 0.684993 0.963593 0.911557 0.873818 0.308915 0.406880 0.552906 0.466952 0.608993 0.666005 0.938845 0.951551 0.735181 0.679000 0.910401 0.964240 0.869843 0.908001 0.866895 0.990740 0.966048 0.999236 0.638596 0.993356 0.443725 0.439685 0.710032 0.572987 0.852597 0.870196 0.551298 0.737313 0.678993 0.806857 0.917658 0.915985 0.971958 0.879178 0.915936 0.768759 0.892707 0.755201 0.947828 0.759713 0.715429 0.783850 0.849019 0.928244 0.964619 0.954730 0.842119 0.880539 0.887301 0.993813 0.678576 0.921818
0.983176 0.942336 0.584409 0.493705 0.843939 0.902217 0.790687 0.902640 0.991949 0.772832 0.696550 0.973247 0.628303 0.660762 0.552755 0.627603 0.881557 0.908588 0.833059 0.982965 0.871474 0.982786 0.400319 0.000000 0.700020 0.705911 0.734326 0.812642 0.838579 0.779561 0.825991 0.897024 0.749296 0.920240 0.774661 0.710693 0.891968 0.953895 0.811669 0.971852 0.957913 0.925896 0.972165 0.937045 0.984671 0.927515 0.724947 0.827879 0.876962 0.986830 0.887286 0.855715 0.791759 0.817503 0.887699 0.942264 0.911423 0.969265 0.994690 0.997438 0.685951 0.893390 0.999057 0.976250 0.427039 0.492704 0.766949 0.680515 0.866318 0.888515 0.952254 0.964802 0.786061 0.765891 0.990066 0.994484 0.959727 0.986827 0.855939 0.859312 0.829817 0.771766 0.606264 0.847005 0.408320 0.423067 0.799294 0.567473 0.724315 0.694566 0.776391 0.967880 0.890848 0.988921 0.849698 0.987484 0.923589 0.860543 0.963501 0.878586 0.889383 0.846340 0.862006 0.831180 0.817588 0.784649 0.837600 0.930905 0.958964 0.995183 0.887030 0.961254 0.980674 0.920785 0.759341 0.840978
0.899105 0.863423 0.567347 0.930998 0.951063 0.793930 0.925012 0.545483 0.917659 0.576632 0.596269 0.601197 0.801267 0.754769 0.970918 0.918387 0.747799 0.768943 0.919766 0.800747 0.794614 0.934734 0.748760 0.700020 0.000000 0.441372 0.594095 0.868764 0.594072 0.546934 0.761689 0.900459 0.950114 0.801860 0.773551 0.794110 0.705424 0.803042 0.903767 0.796425 0.820826 0.885041 0.945777 0.860122 0.797025 0.685024 0.927612 0.965554 0.828932 0.883600 0.828563 0.894343 0.927698 0.900375 0.899763 0.929473 0.868071 0.871556 0.843266 0.807087 0.696506 0.603817 0.584201 0.621035 0.584195 0.942756 0.841352 0.952846 0.898961 0.956824 0.807376 0.967514 0.978141 0.947540 0.846529 0.890079 0.841560 0.934106 0.923561 0.998402 0.869908 0.968952 0.916893 0.917644 0.736513 0.713616 0.876918 0.788089 0.777819 0.783148 0.986185 0.897600 0.861874 0.950883 0.933961 0.898615 0.974392 0.964896 0.676755 0.840657 0.859642 0.914432 0.882924 0.917202 0.981264 0.923971 0.890341 0.837905 0.941894 0.893799 0.909124 0.863669 0.685671 0.992733 0.831309 0.813501
0.821560 0.824590 0.483749 0.777113 0.922167 0.935019 0.852619 0.728754 0.863246 0.597694 0.646846 0.658160 0.957359 0.797948 0.885086 0.991467 0.717736 0.747763 0.967987 0.734066 0.708306 0.968970 0.600399 0.705911 0.441372 0.000000 0.740342 0.834009 0.582920 0.538693 0.655991 0.849151 0.961031 0.890930 0.764652 0.792727 0.630086 0.886397 0.832017 0.892601 0.933238 0.988572 0.872623 0.890800 0.892016 0.718223 0.876658 0.974389 0.807718 0.856285 0.817270 0.967231 0.938687 0.987256 0.989631 0.959896 0.778828 0.792595 0.739650 0.790438 0.813184 0.672962 0.652348 0.654230 0.503474 0.744244 0.762662 0.785628 0.981456 0.803842 0.770662 0.983319 0.915065 0.917752 0.916116 0.947995 0.743934 0.933200 0.981217 0.977749 0.934619 0.934205 0.842002 0.874718 0.654593 0.562308 0.967494 0.773409 0.803052 0.738531 0.813625 0.749235 0.742975 0.852527 0.924875 0.962474 0.931353 0.904665 0.858062 0.948250 0.959163 0.926820 0.789895 0.877419 0.946450 0.727985 0.985932 0.877517 0.999177 0.865203 0.868968 0.911725 0.763770 0.921242 0.801419 0.863186
0.968791 0.994141 0.743719 0.853251 0.945245 0.997491 0.978281 0.914299 0.949696 0.794542 0.882570 0.917174 0.847335 0.859125 0.783458 0.924763 0.929666 0.933805 0.855838 0.957915 0.965252 0.980645 0.757703 0.734326 0.594095 0.740342 0.000000 0.791250 0.840795 0.915812 0.804788 0.967479 0.951856 0.967335 0.886594 0.975542 0.994026 0.848208 0.912554 0.955162 0.998520 0.939105 0.912580 0.902714 0.862401 0.857163 0.970186 0.922620 0.915688 0.956279 0.985144 0.953217 0.924781 0.887155 0.985880 0.965057 0.953367 0.987510 0.953826 0.967685 0.956976 0.870856 0.876743 0.885861 0.734801 0.905737 0.955090 0.985964 0.947530 0.978904 0.971472 0.898525 0.841666 0.877466 0.948198 0.961883 0.889248 0.941236 0.839333 0.956756 0.966480 0.936149 0.895557 0.971731 0.788645 0.769028 0.888632 0.766024 0.825399 0.938082 0.957156 0.933241 0.990106 0.976260 0.990832 0.948010 0.805803 0.928014 0.879975 0.985194 0.953402 0.953863 0.987264 0.904114 0.884224 0.884544 0.958514 0.731038 0.910934 0.897108 0.934851 0.899400 0.843028 0.979277 0.857933 0.985405
0.983609 0.995159 0.897528 0.828736 0.918227 0.851322 0.856967 0.935858 0.881095 0.860816 0.863611 0.949120 0.959455 0.891717 0.998518 0.982790 0.897556 0.802490 0.963257 0.941613 0.851664 0.932344 0.923840 0.812642 0.868764 0.834009 0.791250 0.000000 0.857472 0.871576 0.971315 0.820213 0.920987 0.905801 0.916971 0.920360 0.899155 0.984172 0.973849 0.858598 0.955713 0.931600 0.618383 0.755325 0.681926 0.756966 0.964537 0.914265 0.968980 0.911759 0.874296 0.819464 0.838705 0.711377 0.865164 0.918578 0.867890 0.959707 0.959508 0.971322 0.895788 0.937614 0.934331 0.936601 0.918381 0.982985 0.904421 0.857306 0.874178 0.897022 0.846622 0.900243 0.747611 0.874839 0.976839 0.982187 0.945594 0.963986 0.871857 0.991875 0.981506 0.981969 0.988296 0.919704 0.905893 0.896832 0.967251 0.905371 0.829885 0.854335 0.957900 0.955321 0.984550 0.905706 0.976903 0.992229 0.908607 0.913778 0.987242 0.922960 0.991247 0.963873 0.936030 0.787919 0.977373 0.989107 0.995155 0.990812 0.869860 0.978858 0.752320 0.923844 0.793680 0.791551 0.989744 0.948041
0.596678 0.559457 0.594503 0.924582 0.963018 0.756886 0.918768 0.653190 0.806161 0.586185 0.438935 0.418460 0.731028 0.609087 0.919497 0.698124 0.376466 0.364494 0.500496 0.417219 0.858274 0.950814 0.725931 0.838579 0.594072 0.582920 0.840795 0.857472 0.000000 0.345654 0.995665 0.828948 0.622549 0.526916 0.655698 0.659589 0.791779 0.988523 0.840849 0.935233 0.938674 0.922013 0.908547 0.587867 0.840027 0.509812 0.760678 0.704952 0.712758 0.715653 0.701643 0.828891 0.962047 0.957484 0.866107 0.874572 0.453112 0.529268 0.608080 0.628652 0.702401 0.575880 0.374671 0.403737 0.646156 0.934198 0.844681 0.978707 0.817352 0.511678 0.932094 0.747069 0.633467 0.695609 0.907131 0.874086 0.613273 0.878408 0.698038 0.632041 0.542895 0.689688 0.820950 0.924300 0.851812 0.859960 0.866454 0.907573 0.741593 0.886820 0.703983 0.583071 0.638032 0.691787 0.880545 0.865258 0.803737 0.878890 0.839836 0.903113 0.651790 0.978654 0.668871 0.700171 0.991188 0.956049 0.979874 0.954646 0.992468 0.800340 0.752247 0.753897 0.865900 0.787531 0.967051 0.852556
0.786183 0.683911 0.643606 0.913769 0.988873 0.865972 0.949181 0.649579 0.788790 0.546221 0.548144 0.500296 0.768262 0.638279 0.898378 0.732848 0.401888 0.379692 0.588068 0.521099 0.827555 0.985547 0.758700 0.779561 0.546934 0.538693 0.915812 0.871576 0.345654 0.000000 0.902485 0.768082 0.696899 0.482548 0.633713 0.680361 0.794873 0.967268 0.894208 0.920394 0.905532 0.961257 0.888609 0.593786 0.778428 0.540233 0.812914 0.750855 0.885323 0.851112 0.834920 0.968417 0.929682 0.972927 0.994384 0.964273 0.544249 0.641783 0.792903 0.813512 0.743366 0.669221 0.391716 0.438471 0.597289 0.875893 0.799454 0.984829 0.959015 0.579452 0.877448 0.682785 0.742164 0.736899 0.839112 0.891681 0.739391 0.831930 0.714519 0.651257 0.626026 0.770475 0.871046 0.923790 0.736946 0.786575 0.980188 0.907309 0.660130 0.737418 0.736329 0.585337 0.638801 0.721589 0.804329 0.809055 0.817706 0.825537 0.834284 0.981046 0.729769 0.986024 0.628648 0.764818 0.992866 0.915051 0.959070 0.932387 0.958886 0.677104 0.668514 0.753318 0.769562 0.789915 0.974160 0.785164
0.722018 0.885307 0.702637 0.885758 0.990382 0.904037 0.812153 0.978478 0.959102 0.935854 0.757250 0.825715 0.995591 0.983650 0.708523 0.803131 0.995462 0.899351 0.908954 0.901268 0.992684 0.971022 0.686012 0.825991 0.761689 0.655991 0.804788 0.971315 0.995665 0.902485 0.000000 0.475562 0.652076 0.772223 0.928910 0.899343 0.746701 0.894603 0.984505 0.996372 0.893409 0.954418 0.562517 0.717049 0.698100 0.872158 0.751891 0.713960 0.726011 0.788959 0.737860 0.819853 0.720219 0.930046 0.854002 0.673299 0.990310 0.928865 0.641814 0.731969 0.920863 0.791625 0.944813 0.974674 0.803649 0.890234 0.806340 0.653019 0.726533 0.918898 0.632257 0.717790 0.955697 0.955201 0.924320 0.993319 0.999323 0.820266 0.732259 0.763022 0.947516 0.973742 0.813748 0.961991 0.994156 0.854199 0.876935 0.817227 0.813222 0.938771 0.881563 0.852271 0.836760 0.870572 0.879502 0.913982 0.893400 0.743180 0.951499 0.916199 0.906473 0.854435 0.898315 0.996343 0.960358 0.721026 0.954440 0.864108 0.937027 0.922992 0.768600 0.866231 0.779463 0.952444 0.779925 0.900473
0.717655 0.878323 0.731791 0.884321 0.893532 0.921933 0.751872 0.916661 0.986344 0.893384 0.889281 0.934180 0.900091 0.919466 0.616567 0.761474 0.874679 0.760271 0.829966 0.959906 0.996419 0.990606 0.692718 0.897024 0.900459 0.849151 0.967479 0.820213 0.828948 0.768082 0.475562 0.000000 0.525146 0.708762 0.935300 0.960894 0.895331 0.980685 0.970053 0.906889 0.815837 0.970973 0.619014 0.735690 0.664063 0.831846 0.768553 0.749717 0.694295 0.779058 0.788895 0.767080 0.686340 0.883676 0.905576 0.684382 0.989414 0.958846 0.696910 0.747126 0.911254 0.867524 0.817856 0.935040 0.817196 0.857061 0.817047 0.632945 0.760401 0.971805 0.704418 0.683594 0.903058 0.981468 0.937142 0.991547 0.967730 0.869869 0.616705 0.699150 0.882497 0.934243 0.761420 0.933673 0.972446 0.859474 0.980900 0.880471 0.794164 0.779654 0.937837 0.922050 0.961283 0.945794 0.847117 0.962019 0.979705 0.815239 0.996858 0.974577 0.902190 0.820840 0.894033 0.921174 0.925433 0.881085 0.904866 0.845483 0.913165 0.911791 0.735584 0.856900 0.772956 0.889463 0.828236 0.962332
0.969937 0.802603 0.849443 0.716607 0.876686 0.795126 0.763424 0.668341 0.959928 0.764975 0.911147 0.749705 0.682798 0.672927 0.582785 0.597176 0.655301 0.586103 0.641578 0.703692 0.892424 0.938109 0.677526 0.749296 0.950114 0.961031 0.951856 0.920987 0.622549 0.696899 0.652076 0.525146 0.000000 0.548228 0.909958 0.962279 0.870198 0.991077 0.856203 0.898390 0.850772 0.857781 0.730623 0.675106 0.652048 0.676372 0.665301 0.663719 0.964270 0.991792 0.911536 0.932258 0.931372 0.936802 0.947642 0.900590 0.752973 0.783458 0.911385 0.921922 0.624961 0.768109 0.587724 0.630361 0.776676 0.661605 0.753522 0.560889 0.904222 0.832570 0.813061 0.719328 0.870795 0.991249 0.816717 0.905652 0.734762 0.818664 0.608828 0.625397 0.607484 0.738845 0.624824 0.826555 0.723705 0.691104 0.994165 0.726161 0.868360 0.877175 0.940982 0.935248 0.943932 0.923944 0.845508 0.986907 0.938055 0.762655 0.781695 0.669538 0.765693 0.800100 0.781595 0.844916 0.725025 0.825852 0.921721 0.915465 0.878016 0.852165 0.773436 0.758176 0.978113 0.808445 0.751276 0.910102
0.740582 0.612357 0.903213 0.812228 0.861257 0.760023 0.857716 0.578698 0.911571 0.718990 0.700100 0.518476 0.648173 0.606489 0.751774 0.605349 0.541433 0.449487 0.526965 0.567834 0.855755 0.960504 0.923661 0.920240 0.801860 0.890930 0.967335 0.905801 0.526916 0.482548 0.772223 0.708762 0.548228 0.000000 0.903972 0.871897 0.978456 0.933171 0.921501 0.869364 0.881582 0.956854 0.703102 0.508162 0.669989 0.554701 0.655392 0.580779 0.878273 0.892719 0.829040 0.912623 0.924033 0.945909 0.946356 0.994885 0.534781 0.654042 0.803507 0.791663 0.609555 0.590649 0.449975 0.470246 0.985758 0.742931 0.902531 0.666877 0.919763 0.687092 0.722462 0.604164 0.824416 0.820444 0.809026 0.914320 0.572848 0.704854 0.604339 0.681697 0.531402 0.650283 0.666693 0.812234 0.854762 0.777519 0.914246 0.836135 0.782525 0.951517 0.946145 0.756737 0.800813 0.843540 0.822026 0.848869 0.777104 0.718053 0.706741 0.771612 0.692928 0.965040 0.657742 0.795928 0.790494 0.800591 0.977460 0.927978 0.995141 0.732375 0.706935 0.641855 0.791313 0.780693 0.781063 0.986691
0.768197 0.760741 0.672558 0.828469 0.804008 0.944248 0.818692 0.913333 0.839793 0.813130 0.646445 0.729196 0.943470 0.837007 0.839156 0.969834 0.702584 0.775394 0.763581 0.804129 0.847231 0.892590 0.666573 0.774661 0.773551 0.764652 0.886594 0.916971 0.655698 0.633713 0.928910 0.935300 0.909958 0.903972 0.000000 0.742895 0.651968 0.937734 0.949487 0.911749 0.896928 0.962204 0.897161 0.908853 0.904606 0.828516 0.868725 0.904974 0.788719 0.727121 0.754679 0.808067 0.843032 0.865762 0.966779 0.846244 0.776930 0.760457 0.769309 0.757715 0.951118 0.906040 0.753835 0.760863 0.619449 0.671361 0.563400 0.704499 0.886556 0.730199 0.968465 0.917927 0.860117 0.885730 0.915758 0.944384 0.882360 0.972800 0.917388 0.817069 0.886413 0.946467 0.994186 0.916726 0.687431 0.657612 0.869279 0.822805 0.945965 0.852046 0.721412 0.662289 0.713329 0.684824 0.964247 0.831699 0.934830 0.934234 0.990849 0.888302 0.945305 0.881818 0.873254 0.985019 0.888183 0.968922 0.902462 0.901599 0.911217 0.986606 0.843265 0.957021 0.952232 0.943360 0.649319 0.907430
0.708256 0.683705 0.713206 0.965952 0.829991 0.944184 0.783646 0.835122 0.964499 0.810280 0.597390 0.669436 0.905644 0.850608 0.911820 0.941817 0.669106 0.768142 0.779249 0.643790 0.955203 0.949704 0.628646 0.710693 0.794110 0.792727 0.975542 0.920360 0.659589 0.680361 0.899343 0.960894 0.962279 0.871897 0.742895 0.000000 0.821505 0.999646 0.965943 0.929617 0.978268 0.949353 0.907530 0.957681 0.835926 0.764466 0.989562 0.927266 0.666501 0.592620 0.601832 0.666657 0.756815 0.703268 0.706516 0.777131 0.661174 0.628270 0.761470 0.647966 0.975315 0.737477 0.696476 0.681898 0.658566 0.815370 0.578870 0.767210 0.830233 0.726235 0.961475 0.910919 0.877561 0.882627 0.981328 0.859705 0.792654 0.947066 0.890591 0.954852 0.751841 0.799155 0.904400 0.925309 0.792128 0.811637 0.659069 0.722762 0.877139 0.971738 0.747659 0.698374 0.653094 0.745161 0.900101 0.930305 0.996031 0.807504 0.975921 0.854430 0.836043 0.906478 0.920139 0.796479 0.905037 0.967112 0.789515 0.937174 0.902221 0.981512 0.980668 0.923829 0.975280 0.919532 0.947684 0.855482
0.865858 0.946278 0.760126 0.961587 0.944442 0.951973 0.961639 0.847475 0.993456 0.893965 0.752874 0.799570 0.871217 0.718299 0.991126 0.985655 0.809649 0.932210 0.864921 0.871045 0.827511 0.909993 0.816096 0.891968 0.705424 0.630086 0.994026 0.899155 0.791779 0.794873 0.746701 0.895331 0.870198 0.978456 0.651968 0.821505 0.000000 0.796349 0.670485 0.884584 0.824314 0.765521 0.855512 0.986115 0.912047 0.942013 0.870151 0.974405 0.927781 0.873560 0.838215 0.917135 0.910795 0.871978 0.845783 0.977469 0.967848 0.932157 0.824200 0.838276 0.865502 0.880387 0.867866 0.906167 0.788792 0.947236 0.738869 0.739834 0.993159 0.953543 0.713198 0.915955 0.935063 0.982693 0.991426 0.949798 0.957148 0.837740 0.977309 0.954500 0.971450 0.942374 0.919068 0.771905 0.868260 0.844251 0.937906 0.748825 0.864298 0.801564 0.936028 0.780194 0.798734 0.908137 0.939060 0.973151 0.912191 0.683702 0.839084 0.932827 0.940641 0.929543 0.997682 0.917269 0.957095 0.775275 0.879243 0.943632 0.857222 0.872543 0.867119 0.992320 0.968046 0.919389 0.801546 0.996038
0.901288 0.900122 0.910803 0.885688 0.988956 0.920928 0.878542 0.950109 0.873290 0.990957 0.967203 0.976742 0.816158 0.884150 0.869441 0.987238 0.984728 0.868035 0.985945 0.973525 0.941223 0.698425 0.979612 0.953895 0.803042 0.886397 0.848208 0.984172 0.988523 0.967268 0.894603 0.980685 0.991077 0.933171 0.937734 0.999646 0.796349 0.000000 0.821789 0.904691 0.855328 0.767257 0.907311 0.980679 0.892637 0.885948 0.825668 0.801841 0.937980 0.999850 0.966650 0.999410 0.993088 0.826739 0.814517 0.915527 0.833916 0.817791 0.876813 0.998497 0.963558 0.952786 0.939760 0.912528 0.891946 0.990954 0.914523 0.945630 0.740544 0.831342 0.856890 0.792881 0.854098 0.916502 0.900560 0.950127 0.996289 0.878676 0.826870 0.873064 0.897174 0.807349 0.922857 0.718999 0.916285 0.843741 0.774096 0.825883 0.966337 0.819307 0.839397 0.970701 0.973507 0.981999 0.897254 0.824829 0.594811 0.707111 0.999354 0.850025 0.963371 0.887095 0.879924 0.629619 0.877745 0.705835 0.865898 0.975215 0.957292 0.969089 0.830427 0.931911 0.982026 0.912799 0.881015 0.918681
