0.000000 0.429390 0.909851 0.901931 0.697173 0.818288 0.803251 0.481515 0.813270 0.597536 0.395311 0.299737 0.416618 0.516709 0.547694 0.693728 0.452894 0.476981 0.415744 0.401523 0.888026 0.979150 0.533138 0.837239 0.636808 0.641339 0.941833 0.896654 0.399980 0.521622 0.928725 0.868983 0.650571 0.735069 0.863421 0.988048 0.698706 0.845296 0.761412 0.950488 0.758808 0.837704 0.945511 0.996295 0.854304 0.738023 0.775873 0.810486 0.580211 0.677921 0.780920 0.799773 0.862804 0.833931 0.804143 0.901493 0.406178 0.358959 0.489156 0.469293 0.605092 0.405341 0.416890 0.357568 0.866900 0.857605 0.955146 0.906553 0.375784 0.424750 0.841551 0.917716 0.855070 0.984838 0.823747 0.827186 0.807166 0.976064 0.885290 0.783431 0.459360 0.518704 0.736284 0.776307 0.701349 0.863308 0.863637 0.980320 0.676206 0.591068 0.954968 0.931888 0.926682 0.784124 0.944197 0.938210 0.975960 0.970432 0.636222 0.593799 0.900518 0.965562 0.760822 0.694483 0.764580 0.812424 0.953449 0.781802 0.958786 0.821011 0.826833 0.658575 0.613623 0.818213 0.940263 0.802115
0.429390 0.000000 0.611323 0.828321 0.742118 0.646509 0.838296 0.637899 0.957189 0.612058 0.678874 0.376465 0.750521 0.531313 0.593323 0.670638 0.344858 0.331602 0.438016 0.363864 0.774633 0.932709 0.630869 0.929511 0.717967 0.586764 0.964633 0.950121 0.390812 0.392277 0.899597 0.925255 0.856089 0.851035 0.674414 0.916458 0.733486 0.997312 0.776181 0.912946 0.868190 0.766674 0.840584 0.721060 0.662333 0.492068 0.706071 0.642837 0.335106 0.450221 0.603360 0.604390 0.741563 0.957145 0.823497 0.792874 0.297614 0.286514 0.837368 0.727683 0.913267 0.635180 0.675352 0.508291 0.739537 0.712694 0.674567 0.703152 0.556155 0.469543 0.919701 0.807125 0.983617 0.984768 0.861402 0.918799 0.745706 0.978334 0.778641 0.679510 0.440370 0.459947 0.510679 0.637686 0.703099 0.935113 0.952676 0.944702 0.889177 0.803309 0.734504 0.766013 0.732435 0.573308 0.963987 0.917401 0.890236 0.945396 0.826290 0.690739 0.847745 0.797369 0.901751 0.818110 0.987746 0.983996 0.895014 0.771492 0.908132 0.987253 0.893190 0.672950 0.606802 0.775609 0.948501 0.831840
0.909851 0.611323 0.000000 0.447926 0.960453 0.640112 0.422795 0.725535 0.937859 0.857453 0.948333 0.760634 0.871891 0.915691 0.914768 0.946089 0.753568 0.741329 0.996297 0.826302 0.623982 0.860673 0.850963 0.756557 0.630676 0.479857 0.997856 0.985961 0.798170 0.767488 0.609682 0.600466 0.619553 0.708027 0.552893 0.658143 0.920379 0.809245 0.731407 0.974967 0.990470 0.952713 0.837230 0.969745 0.954628 0.859050 0.735642 0.887345 0.614290 0.645088 0.934673 0.812814 0.950321 0.986136 0.781374 0.979967 0.708240 0.636463 0.936295 0.972047 0.617074 0.941051 0.891338 0.853698 0.456988 0.454420 0.368195 0.430778 0.938671 0.863540 0.679847 0.682320 0.671239 0.754750 0.923700 0.987880 0.975413 0.956948 0.960026 0.980163 0.942143 0.940058 0.861629 0.907411 0.806419 0.631237 0.953936 0.874792 0.816098 0.750899 0.669515 0.805634 0.585411 0.607147 0.876870 0.964845 0.674611 0.965781 0.941258 0.885367 0.715331 0.816595 0.914890 0.978622 0.748206 0.794685 0.747726 0.881805 0.860746 0.809087 0.931793 0.994485 0.971973 0.934017 0.939941 0.987782
0.901931 0.828321 0.447926 0.000000 0.981802 0.844984 0.673111 0.708947 0.812444 0.771030 0.894735 0.841627 0.976081 0.806653 0.929742 0.837031 0.863697 0.911376 0.936771 0.953313 0.663199 0.802729 0.779269 0.581836 0.480207 0.411199 0.778031 0.861830 0.880703 0.874142 0.699565 0.615309 0.775480 0.789205 0.609305 0.619142 0.865316 0.821316 0.653080 0.876014 0.847611 0.983051 0.731946 0.824447 0.864645 0.931138 0.592242 0.753355 0.827837 0.907084 0.886350 0.942317 0.877336 0.896406 0.753555 0.940219 0.859394 0.803406 0.883367 0.969961 0.984059 0.969495 0.933120 0.716637 0.444812 0.394833 0.513936 0.503838 0.979750 0.873609 0.755101 0.761335 0.735952 0.846129 0.979137 0.896366 0.841321 0.832596 0.924528 0.847060 0.992760 0.748255 0.858014 0.866440 0.662129 0.459410 0.985031 0.715516 0.954455 0.753757 0.814199 0.993708 0.702202 0.799147 0.904355 0.827132 0.808602 0.909688 0.937805 0.943346 0.879442 0.957356 0.907565 0.901861 0.749596 0.790642 0.793961 0.994312 0.903622 0.999445 0.896897 0.973511 0.900235 0.915084 0.942823 0.960310
0.697173 0.742118 0.960453 0.981802 0.000000 0.901954 0.986174 0.849919 0.946536 0.952818 0.822390 0.729338 0.753896 0.710058 0.740572 0.756376 0.772806 0.841325 0.769439 0.750449 0.936086 0.997102 0.699686 0.782760 0.999316 0.865983 0.727633 0.893174 0.816670 0.921851 0.918761 0.993227 0.961781 0.933260 0.924518 0.890664 0.991788 0.973555 0.946472 0.941506 0.968207 0.962642 0.982968 0.964939 0.970465 0.928463 0.934858 0.923236 0.775964 0.850867 0.957571 0.961198 0.945695 0.778918 0.849334 0.993191 0.726496 0.744502 0.845477 0.842569 0.957512 0.700055 0.922982 0.840868 0.953226 0.954064 0.951204 0.867256 0.730892 0.697482 0.970121 0.831398 0.982840 0.997679 0.905071 0.918481 0.971427 0.849867 0.945441 0.887857 0.820577 0.741769 0.731594 0.877995 0.734177 0.863591 0.784995 0.779227 0.821967 0.735758 0.939110 0.833518 0.955985 0.810030 0.840337 0.994892 0.936896 0.909936 0.950414 0.934933 0.880238 0.874899 0.939189 0.970480 0.967997 0.890842 0.957963 0.730769 0.905005 0.851625 0.969502 0.934446 0.945738 0.887001 0.858428 0.973075
0.818288 0.646509 0.640112 0.844984 0.901954 0.000000 0.673644 0.971005 0.824715 0.975346 0.969724 0.777686 0.886527 0.918659 0.978519 0.990837 0.725718 0.758131 0.896926 0.730047 0.653504 0.924757 0.995467 0.911021 0.866234 0.741464 0.932583 0.867985 0.764033 0.767368 0.830021 0.863820 0.830348 0.875001 0.874261 0.859952 0.908452 0.979532 0.781362 0.809660 0.874701 0.915408 0.863651 0.839371 0.804496 0.694519 0.941254 0.851093 0.699938 0.717146 0.825145 0.796098 0.865130 0.955250 0.884662 0.931007 0.671322 0.671247 0.956587 0.959898 0.762040 0.858538 0.971107 0.895763 0.883226 0.849161 0.722932 0.847684 0.784575 0.849575 0.801583 0.843789 0.987343 0.812972 0.859940 0.934562 0.903365 0.959900 0.956376 0.990675 0.891700 0.949369 0.782777 0.833712 0.973948 0.936888 0.869614 0.867245 0.984051 0.973108 0.813948 0.852989 0.877260 0.744299 0.983169 0.918145 0.924574 0.984135 0.870763 0.934028 0.978943 0.980811 0.966747 0.996225 0.826284 0.991492 0.639910 0.955986 0.963546 0.905399 0.983137 0.876865 0.848839 0.808058 0.959724 0.998294
0.803251 0.838296 0.422795 0.673111 0.986174 0.673644 0.000000 0.477214 0.717142 0.743505 0.734442 0.991171 0.657952 0.823907 0.912892 0.986850 0.972895 0.971486 0.747615 0.991042 0.658507 0.875434 0.638939 0.973682 0.993253 0.751264 0.858571 0.864175 0.832110 0.888896 0.397282 0.489090 0.399227 0.436167 0.673664 0.693722 0.874123 0.905130 0.966961 0.832524 0.901441 0.969752 0.852276 0.895449 0.794551 0.999204 0.764873 0.902243 0.848315 0.791534 0.921286 0.974296 0.980668 0.939049 0.908640 0.981970 0.910897 0.913737 0.633238 0.670148 0.388361 0.870627 0.514954 0.733535 0.805411 0.777520 0.464252 0.516096 0.909465 0.860352 0.603377 0.552523 0.543096 0.573597 0.896534 0.983291 0.848082 0.829259 0.843091 0.877650 0.830136 0.844797 0.893339 0.924057 0.916308 0.934789 0.867606 0.911756 0.787006 0.835961 0.569083 0.667527 0.659974 0.767584 0.836041 0.956335 0.687508 0.842426 0.596307 0.675592 0.623702 0.646996 0.657446 0.707558 0.679479 0.688802 0.822896 0.907617 0.902344 0.779525 0.882394 0.861046 0.880969 0.894760 0.975622 0.895863
0.481515 0.637899 0.725535 0.708947 0.849919 0.971005 0.477214 0.000000 0.910776 0.596224 0.626545 0.590020 0.597365 0.511576 0.769833 0.756222 0.568928 0.603282 0.431085 0.549938 0.917854 0.993890 0.455400 0.980257 0.862673 0.978483 0.984323 0.955870 0.460527 0.525973 0.565603 0.524628 0.450512 0.491635 0.882458 0.861891 0.790906 0.942112 0.886229 0.971414 0.920571 0.817416 0.689163 0.718094 0.570262 0.615883 0.567259 0.685863 0.690135 0.763906 0.627538 0.696161 0.738345 0.896475 0.774376 0.900696 0.588246 0.581711 0.641637 0.559849 0.618270 0.613724 0.418579 0.509400 0.956285 0.909832 0.741924 0.742424 0.625637 0.576931 0.639409 0.681571 0.531329 0.700978 0.878303 0.901584 0.649526 0.838790 0.750144 0.694264 0.530776 0.529078 0.721173 0.811952 0.749392 0.938120 0.936423 0.912065 0.782838 0.703903 0.760022 0.888055 0.829317 0.940923 0.822964 0.822675 0.721601 0.812046 0.550642 0.494168 0.698490 0.774922 0.714914 0.717307 0.662124 0.659146 0.946624 0.976724 0.962466 0.854748 0.722190 0.691423 0.547316 0.719644 0.966954 0.843285
0.813270 0.957189 0.937859 0.812444 0.946536 0.824715 0.717142 0.910776 0.000000 0.638634 0.664787 0.862756 0.620810 0.955078 0.932662 0.962401 0.951480 0.867555 0.929537 0.889531 0.940518 0.967063 0.974939 0.737007 0.704466 0.832452 0.835331 0.858078 0.896273 0.989475 0.968383 0.947807 0.902974 0.876290 0.935874 0.875189 0.852371 0.964323 0.855288 0.931997 0.954152 0.950007 0.743991 0.879561 0.861685 0.939213 0.913789 0.940993 0.983907 0.963621 0.980684 0.990765 0.984979 0.982673 0.956253 0.993460 0.854030 0.992960 0.532230 0.641808 0.516925 0.760326 0.696346 0.721845 0.861298 0.838516 0.973949 0.970038 0.814292 0.723047 0.972113 0.918267 0.980353 0.982790 0.887036 0.973394 0.998325 0.882269 0.987637 0.981899 0.999783 0.881857 0.696889 0.873138 0.852374 0.717585 0.917756 0.837559 0.740084 0.982679 0.937382 0.845716 0.926832 0.929361 0.879549 0.911351 0.991621 0.973860 0.799330 0.861928 0.894713 0.901028 0.741027 0.806582 0.967436 0.950611 0.886343 0.841164 0.852435 0.873201 0.983009 0.997023 0.887274 0.946071 0.961486 0.897357
0.597536 0.612058 0.857453 0.771030 0.952818 0.975346 0.743505 0.596224 0.638634 0.000000 0.616865 0.582843 0.590900 0.770848 0.688813 0.822608 0.655171 0.683196 0.575822 0.707379 0.917611 0.959601 0.649479 0.734066 0.498786 0.576076 0.800276 0.917687 0.508262 0.482738 0.831092 0.813788 0.673727 0.675253 0.651977 0.902153 0.985024 0.792117 0.700735 0.766979 0.968407 0.885336 0.983058 0.850609 0.721297 0.696455 0.858815 0.897418 0.544122 0.636204 0.650082 0.658273 0.742535 0.881203 0.959800 0.960009 0.716823 0.571231 0.563499 0.575645 0.702323 0.823396 0.431925 0.399790 0.520246 0.524050 0.786335 0.746735 0.722089 0.549753 0.928617 0.897076 0.829205 0.888281 0.797837 0.951230 0.786417 0.907301 0.618429 0.634766 0.595018 0.835768 0.910374 0.945763 0.875606 0.587686 0.853240 0.810247 0.858978 0.947451 0.983578 0.924146 0.819469 0.707010 0.966630 0.852577 0.936207 0.936173 0.642525 0.647864 0.962148 0.866010 0.694599 0.721996 0.929925 0.937319 0.889793 0.999716 0.835517 0.897335 0.914255 0.900170 0.729935 0.925668 0.929256 0.901229
0.395311 0.678874 0.948333 0.894735 0.822390 0.969724 0.734442 0.626545 0.664787 0.616865 0.000000 0.546392 0.453892 0.754921 0.764928 0.909910 0.600950 0.678797 0.667688 0.603846 0.880132 0.928514 0.767658 0.757141 0.678380 0.782482 0.878761 0.862919 0.587048 0.651742 0.908068 0.904503 0.662828 0.787213 0.875469 0.946073 0.759006 0.879545 0.903104 0.863600 0.751614 0.829491 0.776873 0.890417 0.982601 0.923433 0.971435 0.995727 0.824732 0.849239 0.938271 0.954474 0.928587 0.829344 0.903495 0.861367 0.666619 0.601155 0.482576 0.504076 0.484186 0.533727 0.462709 0.440234 0.892340 0.907051 0.921669 0.993951 0.522105 0.517546 0.765000 0.796125 0.852405 0.990690 0.759373 0.826107 0.812375 0.967401 0.920543 0.752745 0.552548 0.652238 0.986262 0.871151 0.905902 0.773882 0.956544 0.818054 0.633032 0.744551 0.923526 0.968975 0.951961 0.980377 0.953687 0.962996 0.933687 0.962521 0.677864 0.697106 0.831249 0.886895 0.639531 0.684978 0.779904 0.824466 0.904830 0.953263 0.949712 0.770381 0.923392 0.802390 0.762144 0.914585 0.915832 0.964423
0.299737 0.376465 0.760634 0.841627 0.729338 0.777686 0.991171 0.590020 0.862756 0.582843 0.546392 0.000000 0.444832 0.456591 0.484668 0.569326 0.454976 0.508030 0.449584 0.411859 0.883364 0.893693 0.522341 0.948779 0.632378 0.577170 0.994034 0.971017 0.428290 0.521898 0.935224 0.961835 0.821395 0.885959 0.764435 0.844302 0.782225 0.993601 0.789795 0.993726 0.876864 0.917378 0.908377 0.980099 0.930672 0.726759 0.825788 0.859817 0.490631 0.632115 0.782474 0.774981 0.864773 0.828000 0.846362 0.949932 0.439199 0.358233 0.622784 0.574192 0.782102 0.454843 0.538712 0.441230 0.787786 0.788213 0.737827 0.698067 0.415901 0.470613 0.993670 0.932447 0.957046 0.942399 0.822473 0.886577 0.859664 0.904366 0.841627 0.770733 0.507272 0.547106 0.654133 0.737642 0.680175 0.878960 0.813059 0.894978 0.759642 0.667250 0.796540 0.772342 0.748189 0.621505 0.987930 0.980025 0.910019 0.975698 0.839953 0.717258 0.956846 0.818988 0.946183 0.880085 0.934817 0.929126 0.951335 0.770162 0.900825 0.960739 0.866696 0.756421 0.686150 0.914581 0.923003 0.812728
0.416618 0.750521 0.871891 0.976081 0.753896 0.886527 0.657952 0.597365 0.620810 0.590900 0.453892 0.444832 0.000000 0.538009 0.565601 0.617255 0.767760 0.883158 0.571852 0.672849 0.903408 0.988511 0.518250 0.989208 0.685514 0.755412 0.942247 0.987719 0.634551 0.740570 0.856421 0.826651 0.674048 0.757935 0.877779 0.951730 0.784643 0.992069 0.925879 0.927474 0.931934 0.992742 0.859117 0.883895 0.956168 0.928843 0.854810 0.971671 0.788108 0.864056 0.860730 0.905287 0.901992 0.901560 0.844812 0.975264 0.791440 0.693141 0.489242 0.560801 0.448703 0.537424 0.484985 0.534612 0.925871 0.907578 0.967634 0.879618 0.512214 0.584886 0.825774 0.921677 0.827088 0.982318 0.847640 0.940859 0.939860 0.956408 0.922260 0.930920 0.735654 0.760141 0.932772 0.910465 0.780344 0.871383 0.900160 0.884095 0.616365 0.710927 0.996733 0.948896 0.883282 0.872253 0.958721 0.985098 0.935556 0.916224 0.753888 0.750569 0.871443 0.998828 0.791167 0.812474 0.886364 0.856759 0.863744 0.838645 0.911059 0.737927 0.918866 0.891515 0.837866 0.986635 0.899653 0.880019
0.516709 0.531313 0.915691 0.806653 0.710058 0.918659 0.823907 0.511576 0.955078 0.770848 0.754921 0.456591 0.538009 0.000000 0.488402 0.428268 0.647610 0.634269 0.417696 0.465382 0.879416 0.948598 0.370893 0.688381 0.983951 0.880118 0.903209 0.911071 0.580057 0.589659 0.839986 0.638452 0.711658 0.749010 0.904278 0.936567 0.799435 0.976860 0.930986 0.843091 0.993598 0.981327 0.718774 0.770778 0.773754 0.650076 0.580520 0.678521 0.593352 0.732939 0.684040 0.746620 0.752197 0.994342 0.702383 0.939289 0.624047 0.618784 0.920837 0.854184 0.864810 0.613795 0.704661 0.734436 0.909163 0.884872 0.880379 0.936924 0.623866 0.650172 0.997509 0.899830 0.772479 0.931354 0.861769 0.967747 0.780827 0.987617 0.897521 0.775481 0.620075 0.464786 0.508706 0.731213 0.485006 0.729712 0.913561 0.646595 0.919735 0.666047 0.796059 0.653189 0.796754 0.628568 0.882446 0.905151 0.975222 0.987727 0.958006 0.806212 0.899889 0.824351 0.963589 0.995688 0.889223 0.916228 0.805271 0.766476 0.944322 0.872353 0.966916 0.802487 0.714609 0.860862 0.931821 0.834979
0.547694 0.593323 0.914768 0.929742 0.740572 0.978519 0.912892 0.769833 0.932662 0.688813 0.764928 0.484668 0.565601 0.488402 0.000000 0.569472 0.649894 0.656276 0.521004 0.579265 0.945035 0.947861 0.579051 0.904718 0.839874 0.758168 0.917129 0.959331 0.619497 0.597651 0.893518 0.824963 0.806602 0.780275 0.810871 0.973882 0.827527 0.948356 0.965165 0.994120 0.866258 0.926571 0.940754 0.876568 0.909750 0.775918 0.764758 0.745428 0.629730 0.743168 0.773436 0.801486 0.879171 0.934501 0.877457 0.971017 0.709734 0.657520 0.772352 0.757027 0.828281 0.718559 0.683095 0.652963 0.915875 0.904620 0.803685 0.783231 0.520442 0.618766 0.948861 0.891884 0.882522 0.949815 0.816817 0.944040 0.921088 0.942206 0.741592 0.746883 0.631715 0.576610 0.640736 0.752080 0.649643 0.932867 0.815949 0.740264 0.759161 0.772088 0.716616 0.724243 0.630575 0.624164 0.938895 0.818862 0.960239 0.965028 0.975130 0.837056 0.872570 0.707487 0.978669 0.942027 0.913374 0.921756 0.997739 0.691836 0.935358 0.881441 0.946806 0.848194 0.861761 0.889710 0.934362 0.954276
0.693728 0.670638 0.946089 0.837031 0.756376 0.990837 0.986850 0.756222 0.962401 0.822608 0.909910 0.569326 0.617255 0.428268 0.569472 0.000000 0.819330 0.817835 0.586962 0.702546 0.852051 0.888711 0.488329 0.607036 0.948477 0.882406 0.829594 0.770856 0.751711 0.773963 0.977645 0.859305 0.961759 0.957783 0.762051 0.907689 0.925877 0.852538 0.891349 0.928129 0.907864 0.865557 0.972165 0.946016 0.986569 0.800904 0.745034 0.919650 0.646922 0.735000 0.812684 0.809590 0.885504 0.939771 0.798801 0.984344 0.865794 0.755780 0.945066 0.931229 0.981704 0.711265 0.928204 0.945255 0.961613 0.907334 0.745349 0.744956 0.770598 0.789852 0.848993 0.863995 0.975762 0.885524 0.910819 0.940736 0.995755 0.864536 0.906455 0.778122 0.839570 0.680525 0.642241 0.771530 0.608377 0.707018 0.913359 0.651958 0.981110 0.773403 0.605490 0.619283 0.622099 0.577118 0.919669 0.949929 0.896759 0.983621 0.868566 0.999162 0.780695 0.661776 0.713152 0.821855 0.983985 0.934870 0.853716 0.686625 0.957642 0.997813 0.904161 0.942549 0.935056 0.942800 0.908294 0.928250
0.452894 0.344858 0.753568 0.863697 0.772806 0.725718 0.972895 0.568928 0.951480 0.655171 0.600950 0.454976 0.767760 0.647610 0.649894 0.819330 0.000000 0.328095 0.496293 0.398191 0.787537 0.915214 0.705959 0.826714 0.756001 0.651906 0.979758 0.943631 0.376497 0.368971 0.893945 0.836470 0.744071 0.735808 0.804281 0.916961 0.790293 0.987444 0.737666 0.929428 0.779358 0.833032 0.829631 0.749614 0.642887 0.544618 0.737484 0.683144 0.471668 0.541996 0.634264 0.622872 0.740894 0.977803 0.841728 0.828111 0.352698 0.348879 0.793843 0.637408 0.955464 0.669327 0.555728 0.421154 0.776058 0.776635 0.823633 0.857412 0.614823 0.468178 0.856904 0.990654 0.888552 0.917806 0.801067 0.850828 0.724102 0.943002 0.637596 0.629551 0.361309 0.452791 0.620630 0.678236 0.792724 0.879325 0.974131 0.989110 0.800139 0.811740 0.885901 0.844771 0.836283 0.655569 0.984233 0.956313 0.935065 0.982549 0.767830 0.611039 0.970494 0.891871 0.811869 0.707563 0.925328 0.925438 0.909389 0.781983 0.945057 0.964550 0.863353 0.672318 0.554776 0.718492 0.832079 0.794479
0.476981 0.331602 0.741329 0.911376 0.841325 0.758131 0.971486 0.603282 0.867555 0.683196 0.678797 0.508030 0.883158 0.634269 0.656276 0.817835 0.328095 0.000000 0.462144 0.390810 0.853845 0.998378 0.678828 0.863767 0.821261 0.715057 0.982968 0.954451 0.406467 0.380112 0.923414 0.810828 0.731411 0.713692 0.802972 0.967107 0.745025 0.942788 0.814637 0.948118 0.750125 0.797671 0.780812 0.681367 0.577438 0.515888 0.692015 0.641363 0.464469 0.559292 0.648221 0.648322 0.741146 0.989641 0.838191 0.788670 0.317683 0.342440 0.864873 0.712565 0.952009 0.756825 0.603675 0.489224 0.804367 0.802546 0.861551 0.903032 0.619427 0.534875 0.920753 0.984432 0.883394 0.866218 0.842645 0.897029 0.721290 0.899183 0.689768 0.570317 0.349424 0.412479 0.537189 0.633973 0.738894 0.975693 0.979172 0.942462 0.876220 0.807543 0.881627 0.850774 0.894586 0.664392 0.917314 0.934879 0.904192 0.901375 0.802203 0.685283 0.902821 0.890260 0.896892 0.753439 0.879462 0.935397 0.920832 0.763174 0.971133 0.971802 0.859680 0.653135 0.521753 0.686947 0.902283 0.773698
0.415744 0.438016 0.996297 0.936771 0.769439 0.896926 0.747615 0.431085 0.929537 0.575822 0.667688 0.449584 0.571852 0.417696 0.521004 0.586962 0.496293 0.462144 0.000000 0.381012 0.977018 0.982594 0.404247 0.995424 0.822909 0.738188 0.963002 0.965501 0.420198 0.437778 0.765957 0.668928 0.550549 0.558921 0.906680 0.945377 0.734154 0.881106 0.867985 0.987820 0.995823 0.854312 0.705663 0.672797 0.619105 0.538885 0.548421 0.607673 0.492621 0.555523 0.553754 0.596446 0.706737 0.923221 0.821553 0.991475 0.444182 0.454994 0.668764 0.633522 0.812085 0.703101 0.503867 0.503453 0.879768 0.856162 0.954995 0.918475 0.520792 0.497517 0.871875 0.910813 0.710663 0.822316 0.915018 0.972421 0.776587 0.937050 0.771623 0.693254 0.538185 0.503163 0.619493 0.830674 0.690978 0.979720 0.954633 0.838143 0.842577 0.729833 0.996800 0.934322 0.895322 0.723173 0.995864 0.859224 0.952531 0.873311 0.666704 0.537931 0.947840 0.923971 0.790565 0.705073 0.838174 0.850754 0.976085 0.811805 0.930736 0.910832 0.825909 0.681138 0.537542 0.702614 0.993316 0.817095
0.401523 0.363864 0.826302 0.953313 0.750449 0.730047 0.991042 0.549938 0.889531 0.707379 0.603846 0.411859 0.672849 0.465382 0.579265 0.702546 0.398191 0.390810 0.381012 0.000000 0.812616 0.951383 0.555222 0.957855 0.742750 0.669716 0.928520 0.971706 0.436250 0.416724 0.907094 0.830585 0.705559 0.759709 0.824748 0.990333 0.744370 0.862087 0.884078 0.902596 0.936634 0.741833 0.753911 0.750298 0.667718 0.595207 0.702225 0.648587 0.501082 0.542366 0.631855 0.647273 0.697172 0.976021 0.830853 0.992311 0.333313 0.363473 0.753283 0.669325 0.945420 0.667073 0.627170 0.523805 0.818680 0.812218 0.851838 0.846146 0.476118 0.511353 0.910469 0.979665 0.809821 0.989334 0.852850 0.918051 0.702331 0.930163 0.799318 0.796438 0.510279 0.503962 0.628504 0.759617 0.752436 0.938341 0.998381 0.956237 0.891185 0.713118 0.917400 0.861055 0.920403 0.678065 0.951210 0.908054 0.996029 0.883790 0.727937 0.580569 0.995035 0.934042 0.815422 0.753080 0.845318 0.854981 0.968202 0.907477 0.958467 0.867449 0.754640 0.654548 0.565315 0.698935 0.952991 0.874094
0.888026 0.774633 0.623982 0.663199 0.936086 0.653504 0.658507 0.917854 0.940518 0.917611 0.880132 0.883364 0.903408 0.879416 0.945035 0.852051 0.787537 0.853845 0.977018 0.812616 0.000000 0.915429 0.784441 0.672695 0.646336 0.626917 0.800275 0.955959 0.819863 0.839931 0.707704 0.745956 0.858709 0.842428 0.747141 0.888322 0.873392 0.967824 0.757680 0.876348 0.890724 0.879808 0.953834 0.983022 0.978737 0.905084 0.831952 0.982879 0.801565 0.742496 0.980972 0.888408 0.978757 0.994627 0.933379 0.994461 0.787608 0.717417 0.894548 0.933375 0.884578 0.940089 0.987655 0.824984 0.722920 0.657722 0.736041 0.768238 0.838015 0.859603 0.796918 0.900113 0.768409 0.727977 0.975624 0.784475 0.879373 0.928521 0.981517 0.946170 0.991552 0.890826 0.956494 0.932699 0.813439 0.667704 0.970601 0.639457 0.933726 0.936567 0.892232 0.937040 0.868687 0.960241 0.914256 0.899773 0.960344 0.845049 0.880032 0.801176 0.919458 0.908928 0.812406 0.901744 0.986732 0.818871 0.703868 0.893746 0.833320 0.995094 0.888362 0.786660 0.889424 0.879148 0.943789 0.872824
0.979150 0.932709 0.860673 0.802729 0.997102 0.924757 0.875434 0.993890 0.967063 0.959601 0.928514 0.893693 0.988511 0.948598 0.947861 0.888711 0.915214 0.998378 0.982594 0.951383 0.915429 0.000000 0.949282 0.878737 0.939762 0.819041 0.811389 0.941623 0.978755 0.949005 0.727474 0.865803 0.768789 0.869597 0.827956 0.741670 0.745159 0.679512 0.845612 0.942694 0.986959 0.839104 0.854856 0.907666 0.883638 0.994726 0.880887 0.857434 0.885005 0.920913 0.882955 0.926283 0.870093 0.819963 0.861450 0.921033 0.962678 0.909472 0.924791 0.950143 0.965427 0.880983 0.936200 0.981492 0.990965 0.980354 0.832524 0.873984 0.915036 0.968810 0.776054 0.907718 0.917753 0.813750 0.932951 0.925799 0.872021 0.798238 0.920691 0.995886 0.947617 0.957254 0.947564 0.915165 0.942590 0.978772 0.967436 0.826801 0.971343 0.928990 0.731160 0.843647 0.796278 0.865554 0.937932 0.955945 0.974005 0.845760 0.862328 0.889473 0.869734 0.835673 0.658383 0.779869 0.824886 0.841942 0.980026 0.822841 0.983758 0.891431 0.865183 0.853182 0.948449 0.830372 0.898106 0.789859
0.533138 0.630869 0.850963 0.779269 0.699686 0.995467 0.638939 0.455400 0.974939 0.649479 0.767658 0.522341 0.518250 0.370893 0.579051 0.488329 0.705959 0.678828 0.404247 0.555222 0.784441 0.949282 0.000000 0.707174 0.902800 0.917056 0.924141 0.884886 0.587007 0.600802 0.696673 0.572332 0.603733 0.655134 0.943811 0.998813 0.888103 0.954956 0.942876 0.905831 0.936752 0.932993 0.801235 0.839023 0.743718 0.745401 0.649922 0.812502 0.615669 0.807548 0.749197 0.808768 0.860260 0.976924 0.864738 0.895894 0.658465 0.644468 0.805480 0.756322 0.761146 0.746681 0.605732 0.674584 0.997857 0.984345 0.999776 0.958082 0.681561 0.670930 0.839991 0.885517 0.711537 0.766568 0.908334 0.955510 0.859218 0.999313 0.831321 0.775474 0.647230 0.586266 0.634507 0.839740 0.603612 0.825178 0.953638 0.679281 0.959417 0.749613 0.984717 0.928536 0.946764 0.698478 0.964867 0.909248 0.932533 0.988532 0.806964 0.764551 0.999952 0.894749 0.996843 0.886481 0.905182 0.909515 0.896644 0.759597 0.988917 0.878813 0.886899 0.868418 0.674346 0.922492 0.891019 0.774141
0.837239 0.929511 0.756557 0.581836 0.782760 0.911021 0.973682 0.980257 0.737007 0.734066 0.757141 0.948779 0.989208 0.688381 0.904718 0.607036 0.826714 0.863767 0.995424 0.957855 0.672695 0.878737 0.707174 0.000000 0.553971 0.650097 0.672853 0.726140 0.764440 0.833727 0.977631 0.837291 0.949823 0.886775 0.838765 0.971627 0.925083 0.839748 0.606242 0.875283 0.852370 0.760972 0.863338 0.961579 0.972485 0.994338 0.815020 0.969057 0.998386 0.889296 0.940565 0.883010 0.895388 0.889616 0.895563 0.966495 0.837985 0.797750 0.664472 0.702709 0.807107 0.956442 0.678338 0.580436 0.593181 0.558190 0.916214 0.899273 0.867631 0.828352 0.871038 0.880716 0.983382 0.967442 0.981543 0.994802 0.977988 0.844902 0.912604 0.970921 0.837122 0.868009 0.753429 0.736353 0.575961 0.429436 0.857651 0.507811 0.960771 0.852959 0.888313 0.757239 0.967947 0.894887 0.936249 0.980978 0.947162 0.942578 0.712335 0.803127 0.819093 0.766137 0.554243 0.523278 0.914622 0.907528 0.757570 0.812511 0.926225 0.915869 0.901726 0.869756 0.839487 0.821339 0.780691 0.945441
0.636808 0.717967 0.630676 0.480207 0.999316 0.866234 0.993253 0.862673 0.704466 0.498786 0.678380 0.632378 0.685514 0.983951 0.839874 0.948477 0.756001 0.821261 0.822909 0.742750 0.646336 0.939762 0.902800 0.553971 0.000000 0.399194 0.717162 0.852680 0.595508 0.642005 0.939608 0.852197 0.984095 0.987578 0.615368 0.709929 0.940758 0.861799 0.555563 0.710632 0.886777 0.855296 0.799088 0.870025 0.952284 0.996350 0.748895 0.850861 0.746169 0.816347 0.958024 0.912010 0.982409 0.998391 0.793309 0.841019 0.726413 0.598877 0.596698 0.637869 0.733067 0.858022 0.621787 0.473036 0.408300 0.390626 0.681269 0.633987 0.748592 0.649151 0.979015 0.958357 0.982971 0.902628 0.910788 0.948172 0.918911 0.952037 0.869576 0.989692 0.840173 0.892348 0.911259 0.911503 0.650028 0.369804 0.925074 0.696870 0.871068 0.840541 0.990495 0.788011 0.856822 0.856193 0.930635 0.958939 0.981723 0.944367 0.660223 0.769471 0.941792 0.829756 0.672133 0.704055 0.927144 0.932371 0.798816 0.897323 0.843778 0.859465 0.904382 0.802891 0.876078 0.997478 0.968867 0.935156
0.641339 0.586764 0.479857 0.411199 0.865983 0.741464 0.751264 0.978483 0.832452 0.576076 0.782482 0.577170 0.755412 0.880118 0.758168 0.882406 0.651906 0.715057 0.738188 0.669716 0.626917 0.819041 0.917056 0.650097 0.399194 0.000000 0.821842 0.895848 0.643179 0.648525 0.742332 0.782722 0.875624 0.885871 0.517845 0.652845 0.990485 0.817040 0.544182 0.850579 0.991722 0.983413 0.823982 0.896595 0.953317 0.899581 0.804805 0.938397 0.633895 0.693230 0.922413 0.854865 0.940923 0.957297 0.854187 0.854134 0.636925 0.515138 0.772022 0.756098 0.979323 0.834980 0.761438 0.540219 0.398012 0.387046 0.454090 0.453400 0.790190 0.734654 0.854513 0.835692 0.855022 0.797018 0.939636 0.905830 0.993723 0.932745 0.946444 0.998674 0.820235 0.961662 0.936868 0.965061 0.770478 0.474456 0.997011 0.761270 0.972871 0.881129 0.753498 0.898090 0.668230 0.616081 0.870833 0.935327 0.782859 0.955570 0.830028 0.891220 0.947789 0.883817 0.900110 0.844760 0.821632 0.923577 0.793980 0.938601 0.818779 0.972341 0.982848 0.894578 0.897588 0.978291 0.966709 0.966264
0.941833 0.964633 0.997856 0.778031 0.727633 0.932583 0.858571 0.984323 0.835331 0.800276 0.878761 0.994034 0.942247 0.903209 0.917129 0.829594 0.979758 0.982968 0.963002 0.928520 0.800275 0.811389 0.924141 0.672853 0.717162 0.821842 0.000000 0.720722 0.884090 0.818355 0.817093 0.883879 0.870776 0.820051 0.990938 0.990832 0.837848 0.989497 0.760464 0.803495 0.932385 0.924173 0.999732 0.956115 0.996612 0.920830 0.926084 0.976919 0.825645 0.880149 0.989232 0.995402 0.951036 0.867885 0.872670 0.865371 0.997510 0.968830 0.866388 0.945583 0.797161 0.919676 0.782608 0.776701 0.772687 0.769029 0.993846 0.984958 0.955603 0.995003 0.853136 0.796023 0.829482 0.894830 0.982264 0.930481 0.966836 0.839509 0.985824 0.933287 0.958455 0.898583 0.809453 0.858770 0.719485 0.651318 0.847946 0.649706 0.953706 0.852516 0.877878 0.844400 0.991586 0.955669 0.864549 0.840755 0.876160 0.933996 0.764518 0.870088 0.922241 0.846910 0.633230 0.760725 0.919138 0.778700 0.829021 0.804658 0.796246 0.854334 0.925505 0.820592 0.927807 0.798527 0.944114 0.991672
0.896654 0.950121 0.985961 0.861830 0.893174 0.867985 0.864175 0.955870 0.858078 0.917687 0.862919 0.971017 0.987719 0.911071 0.959331 0.770856 0.943631 0.954451 0.965501 0.971706 0.955959 0.941623 0.884886 0.726140 0.852680 0.895848 0.720722 0.000000 0.912751 0.998295 0.917172 0.996592 0.955807 0.873527 0.982302 0.973768 0.992228 0.966555 0.725980 0.953843 0.873384 0.856974 0.992263 0.977146 0.981659 0.977563 0.881424 0.914404 0.857344 0.974720 0.997251 0.965156 0.926313 0.915015 0.959344 0.925371 0.931679 0.937311 0.919118 0.802712 0.811729 0.920195 0.846439 0.799356 0.966094 0.966387 0.963704 0.829221 0.993839 0.953041 0.870500 0.788932 0.947719 0.995312 0.878741 0.918679 0.902761 0.787164 0.982288 0.901195 0.910790 0.976921 0.870826 0.885841 0.880295 0.824126 0.915842 0.894297 0.958656 0.940007 0.886885 0.942753 0.893266 0.948549 0.706477 0.978239 0.949883 0.886245 0.835826 0.949311 0.942683 0.797019 0.740313 0.842423 0.873805 0.789142 0.855575 0.984454 0.913406 0.866187 0.947917 0.970511 0.981348 0.962692 0.961395 0.884908
0.399980 0.390812 0.798170 0.880703 0.816670 0.764033 0.832110 0.460527 0.896273 0.508262 0.587048 0.428290 0.634551 0.580057 0.619497 0.751711 0.376497 0.406467 0.420198 0.436250 0.819863 0.978755 0.587007 0.764440 0.595508 0.643179 0.884090 0.912751 0.000000 0.347204 0.767379 0.764331 0.641186 0.607299 0.815793 0.930580 0.678462 0.991018 0.725068 0.956994 0.812603 0.814536 0.819128 0.711166 0.644510 0.562291 0.761406 0.698365 0.492363 0.570464 0.618307 0.612220 0.747910 0.933475 0.820737 0.830845 0.424332 0.381195 0.618161 0.567621 0.785163 0.631599 0.436321 0.364141 0.692833 0.710071 0.852777 0.878735 0.552896 0.423744 0.871026 0.950398 0.773808 0.840239 0.886468 0.913227 0.715860 0.860452 0.663573 0.652992 0.406599 0.530212 0.668555 0.751028 0.846184 0.835277 0.956583 0.989270 0.803873 0.835312 0.944550 0.965873 0.820880 0.688995 0.901019 0.856773 0.978884 0.892131 0.634586 0.584233 0.968300 0.899394 0.696399 0.640650 0.889305 0.889584 0.890227 0.866393 0.877845 0.928325 0.827072 0.636460 0.544374 0.756968 0.880342 0.743690
0.521622 0.392277 0.767488 0.874142 0.921851 0.767368 0.888896 0.525973 0.989475 0.482738 0.651742 0.521898 0.740570 0.589659 0.597651 0.773963 0.368971 0.380112 0.437778 0.416724 0.839931 0.949005 0.600802 0.833727 0.642005 0.648525 0.818355 0.998295 0.347204 0.000000 0.729666 0.673986 0.650146 0.592160 0.700755 0.956567 0.783482 0.984092 0.773637 0.989060 0.904743 0.804604 0.751817 0.659898 0.598677 0.564138 0.742975 0.710456 0.483376 0.601005 0.572310 0.579579 0.691539 0.833671 0.918060 0.942127 0.472574 0.448271 0.829066 0.732777 0.912949 0.842995 0.493656 0.432720 0.620090 0.660814 0.753334 0.814095 0.661880 0.505810 0.888420 0.988223 0.758293 0.788937 0.825793 0.982821 0.752905 0.784713 0.526827 0.547032 0.406699 0.524769 0.621173 0.777862 0.921041 0.800575 0.909486 0.949165 0.918429 0.998008 0.876534 0.942550 0.739284 0.580302 0.929517 0.946005 0.974874 0.907892 0.708918 0.641565 0.985819 0.981521 0.737549 0.671547 0.992884 0.897914 0.862033 0.902715 0.877192 0.934721 0.876361 0.667986 0.533344 0.674775 0.949155 0.796165
0.928725 0.899597 0.609682 0.699565 0.918761 0.830021 0.397282 0.565603 0.968383 0.831092 0.908068 0.935224 0.856421 0.839986 0.893518 0.977645 0.893945 0.923414 0.765957 0.907094 0.707704 0.727474 0.696673 0.977631 0.939608 0.742332 0.817093 0.917172 0.767379 0.729666 0.000000 0.417152 0.421368 0.371486 0.739950 0.717855 0.909837 0.892760 0.940922 0.985981 0.953440 0.940200 0.601654 0.663853 0.609331 0.798812 0.710260 0.798842 0.970924 0.933347 0.717074 0.785609 0.770275 0.668192 0.901782 0.932552 0.949651 0.917868 0.856017 0.884161 0.690045 0.874992 0.580396 0.800649 0.951627 0.910089 0.663892 0.614939 0.992617 0.937362 0.545829 0.624630 0.466813 0.488611 0.952951 0.949146 0.821543 0.697260 0.733659 0.771722 0.786506 0.825963 0.939152 0.991260 0.975942 0.947587 0.788575 0.926231 0.963237 0.973196 0.652638 0.773090 0.814837 0.989794 0.823983 0.972014 0.828579 0.870586 0.628669 0.694792 0.803632 0.645923 0.657767 0.693276 0.801443 0.729672 0.875738 0.882162 0.858136 0.903843 0.790100 0.808421 0.718545 0.772443 0.874852 0.856346
0.868983 0.925255 0.600466 0.615309 0.993227 0.863820 0.489090 0.524628 0.947807 0.813788 0.904503 0.961835 0.826651 0.638452 0.824963 0.859305 0.836470 0.810828 0.668928 0.830585 0.745956 0.865803 0.572332 0.837291 0.852197 0.782722 0.883879 0.996592 0.764331 0.673986 0.417152 0.000000 0.487325 0.455993 0.810077 0.733930 0.805415 0.957439 0.973999 0.969096 0.952362 0.946001 0.596696 0.613478 0.621218 0.759078 0.535458 0.746331 0.960943 0.962973 0.698668 0.766907 0.730009 0.756462 0.776804 0.968446 0.921579 0.977459 0.980171 0.938383 0.768030 0.981596 0.611260 0.800446 0.859314 0.830430 0.741866 0.680739 0.985843 0.888803 0.660072 0.732848 0.548811 0.512676 0.994325 0.974629 0.873317 0.764786 0.694073 0.694203 0.639608 0.614592 0.778358 0.875590 0.778458 0.798965 0.847455 0.788750 0.982723 0.918746 0.802794 0.965662 0.909705 0.922225 0.928821 0.956687 0.838170 0.940353 0.794013 0.779015 0.894594 0.799546 0.777761 0.766770 0.830821 0.702618 0.795632 0.956805 0.926765 0.828845 0.860577 0.737241 0.667987 0.823566 0.841127 0.870708
0.650571 0.856089 0.619553 0.775480 0.961781 0.830348 0.399227 0.450512 0.902974 0.673727 0.662828 0.821395 0.674048 0.711658 0.806602 0.961759 0.744071 0.731411 0.550549 0.705559 0.858709 0.768789 0.603733 0.949823 0.984095 0.875624 0.870776 0.955807 0.641186 0.650146 0.421368 0.487325 0.000000 0.351486 0.772764 0.703753 0.749718 0.784098 0.918135 0.934469 0.934640 0.897490 0.656227 0.684953 0.543422 0.676853 0.548233 0.671390 0.834723 0.918870 0.657652 0.761121 0.772826 0.870571 0.744015 0.911558 0.788212 0.816156 0.634744 0.681063 0.564018 0.849423 0.410784 0.586051 0.894410 0.937220 0.619828 0.622810 0.731965 0.694402 0.639762 0.726922 0.553194 0.552123 0.850126 0.978073 0.764275 0.820062 0.780983 0.764832 0.622800 0.645554 0.904969 0.985741 0.767121 0.963333 0.890902 0.959427 0.733912 0.752085 0.672964 0.772317 0.792179 0.960192 0.933160 0.962149 0.766281 0.764152 0.539658 0.527693 0.759081 0.729417 0.604773 0.609299 0.642123 0.683198 0.962544 0.948654 0.909027 0.828013 0.721910 0.666139 0.622816 0.679204 0.851147 0.884515
0.735069 0.851035 0.708027 0.789205 0.933260 0.875001 0.436167 0.491635 0.876290 0.675253 0.787213 0.885959 0.757935 0.749010 0.780275 0.957783 0.735808 0.713692 0.558921 0.759709 0.842428 0.869597 0.655134 0.886775 0.987578 0.885871 0.820051 0.873527 0.607299 0.592160 0.371486 0.455993 0.351486 0.000000 0.861974 0.708859 0.744983 0.872499 0.981814 0.995421 0.930980 0.930670 0.601748 0.568027 0.531909 0.622420 0.569552 0.602841 0.832637 0.814088 0.570086 0.633282 0.711638 0.736027 0.767861 0.857604 0.811189 0.823074 0.695605 0.689944 0.652563 0.950660 0.453206 0.607691 0.974958 0.991661 0.711929 0.660412 0.830569 0.749909 0.673587 0.757006 0.599691 0.562051 0.901242 0.972741 0.819475 0.685394 0.672129 0.658369 0.612295 0.655529 0.831370 0.896801 0.848430 0.976246 0.805830 0.910260 0.842841 0.904466 0.778994 0.866068 0.950928 0.933896 0.813644 0.986598 0.894386 0.786196 0.576113 0.602404 0.825669 0.756303 0.592359 0.625145 0.744538 0.683184 0.909779 0.993541 0.953392 0.851238 0.823665 0.689039 0.551525 0.691681 0.830029 0.780168
0.863421 0.674414 0.552893 0.609305 0.924518 0.874261 0.673664 0.882458 0.935874 0.651977 0.875469 0.764435 0.877779 0.904278 0.810871 0.762051 0.804281 0.802972 0.906680 0.824748 0.747141 0.827956 0.943811 0.838765 0.615368 0.517845 0.990938 0.982302 0.815793 0.700755 0.739950 0.810077 0.772764 0.861974 0.000000 0.750648 0.824181 0.779035 0.850072 0.916506 0.992783 0.937767 0.809219 0.941128 0.914820 0.909417 0.822005 0.912910 0.651419 0.701492 0.919965 0.842179 0.913645 0.968957 0.878441 0.998779 0.845979 0.725582 0.994263 0.975637 0.854520 0.981322 0.966603 0.795659 0.538453 0.550365 0.404416 0.412023 0.955716 0.788349 0.782620 0.730093 0.778623 0.781599 0.798464 0.928253 0.884637 0.957070 0.842867 0.800642 0.870141 0.995974 0.839104 0.923344 0.875067 0.739988 0.918815 0.804424 0.915982 0.755955 0.486626 0.721120 0.508842 0.558254 0.862461 0.904747 0.715310 0.816198 0.842993 0.892423 0.725845 0.804924 0.889502 0.897557 0.650140 0.692822 0.966659 0.807424 0.896382 0.989700 0.860848 0.808180 0.957243 0.896422 0.982842 0.923156
0.988048 0.916458 0.658143 0.619142 0.890664 0.859952 0.693722 0.861891 0.875189 0.902153 0.946073 0.844302 0.951730 0.936567 0.973882 0.907689 0.916961 0.967107 0.945377 0.990333 0.888322 0.741670 0.998813 0.971627 0.709929 0.652845 0.990832 0.973768 0.930580 0.956567 0.717855 0.733930 0.703753 0.708859 0.750648 0.000000 0.830629 0.627566 0.776306 0.960417 0.909069 0.929920 0.796947 0.844003 0.788075 0.941354 0.762004 0.837767 0.879464 0.894224 0.938814 0.996264 0.877259 0.923925 0.886314 0.959144 0.945007 0.898476 0.995524 0.970451 0.905029 0.981446 0.920859 0.940713 0.693785 0.690719 0.587161 0.603003 0.938559 0.921933 0.779971 0.875069 0.841165 0.762517 0.955470 0.787540 0.849546 0.756182 0.969695 0.869194 0.927014 0.819173 0.976067 0.942566 0.885639 0.777457 0.879965 0.967998 0.976277 0.808963 0.796999 0.904740 0.700266 0.744328 0.961528 0.985359 0.876820 0.771270 0.849957 0.814201 0.958572 0.760508 0.865777 0.825406 0.754800 0.876455 0.766809 0.871370 0.831573 0.983676 0.972726 0.911111 0.817590 0.832281 0.899045 0.940098
0.698706 0.733486 0.920379 0.865316 0.991788 0.908452 0.874123 0.790906 0.852371 0.985024 0.759006 0.782225 0.784643 0.799435 0.827527 0.925877 0.790293 0.745025 0.734154 0.744370 0.873392 0.745159 0.888103 0.925083 0.940758 0.990485 0.837848 0.992228 0.678462 0.783482 0.909837 0.805415 0.749718 0.744983 0.824181 0.830629 0.000000 0.746369 0.988234 0.844195 0.829775 0.906109 0.865369 0.729290 0.820518 0.773301 0.707982 0.671373 0.885357 0.856187 0.796700 0.831531 0.873805 0.935333 0.665161 0.895319 0.737299 0.779680 0.765924 0.847685 0.835974 0.725565 0.767935 0.805707 0.869035 0.936051 0.853878 0.859734 0.623285 0.685771 0.935664 0.984554 0.955501 0.900985 0.981554 0.826313 0.886865 0.922651 0.913067 0.914023 0.780794 0.711663 0.942123 0.900212 0.743744 0.901022 0.879182 0.956486 0.703725 0.677622 0.958823 0.955144 0.973529 0.929120 0.900252 0.913264 0.966823 0.797642 0.748303 0.750938 0.996185 0.950201 0.686801 0.736327 0.866341 0.798247 0.934624 0.972864 0.871991 0.694850 0.744629 0.628916 0.816663 0.780459 0.730901 0.954272
0.845296 0.997312 0.809245 0.821316 0.973555 0.979532 0.905130 0.942112 0.964323 0.792117 0.879545 0.993601 0.992069 0.976860 0.948356 0.852538 0.987444 0.942788 0.881106 0.862087 0.967824 0.679512 0.954956 0.839748 0.861799 0.817040 0.989497 0.966555 0.991018 0.984092 0.892760 0.957439 0.784098 0.872499 0.779035 0.627566 0.746369 0.000000 0.820470 0.870792 0.870518 0.737018 0.910299 0.946635 0.964391 0.957715 0.887609 0.833606 0.873324 0.958444 0.985868 0.966873 0.967771 0.996761 0.856035 0.979029 0.900250 0.982309 0.919256 0.987812 0.913493 0.924249 0.913420 0.978058 0.810643 0.827266 0.756675 0.770126 0.709196 0.956812 0.772801 0.938893 0.783331 0.808135 0.979641 0.991200 0.944898 0.891240 0.894341 0.953366 0.928137 0.844589 0.900882 0.811517 0.892785 0.924429 0.965823 0.860341 0.907952 0.808706 0.861884 0.864704 0.798222 0.719663 0.967605 0.798041 0.898714 0.801843 0.916912 0.843669 0.825093 0.938263 0.811958 0.801165 0.869539 0.950426 0.943980 0.949266 0.954083 0.922583 0.911772 0.802092 0.840337 0.657541 0.897865 0.983408
