0.000000 0.283545 0.456343 0.433120 0.805538 0.775149 0.501091 0.409227 0.708856 0.715146 0.409233 0.316387 0.348894 0.507580 0.495968 0.537379 0.320974 0.312834 0.351192 0.341881 0.695397 0.757849 0.533813 0.528256 0.632301 0.600346 0.833166 0.934186 0.366169 0.330782 0.449103 0.548635 0.399912 0.407060 0.761796 0.698737 0.634569 0.727780 0.801312 0.915187 0.980543 0.802763 0.534158 0.515947 0.462121 0.409627 0.402843 0.440508 0.722329 0.432902 0.436126 0.526965 0.647531 0.641815 0.646365 0.805245 0.419174 0.363652 0.296009 0.340546 0.260799 0.356661 0.251636 0.290512 0.447907 0.384069 0.455559 0.344982 0.497861 0.390674 0.615959 0.588526 0.466822 0.478764 0.811034 0.771911 0.623394 0.535835 0.441096 0.492057 0.277304 0.303655 0.441137 0.512930 0.426454 0.350623 0.976044 0.696051 0.723861 0.635841 0.813109 0.910685 0.837959 0.940035 0.636026 0.631434 0.625286 0.667289 0.545952 0.531476 0.739199 0.804346 0.610810 0.647342 0.581860 0.705264 0.971370 0.845125 0.717118 0.721993 0.933379 0.570304 0.598578 0.733822 0.649160 0.852248
0.283545 0.000000 0.604771 0.546086 0.763607 0.967458 0.620309 0.468800 0.859814 0.793993 0.469506 0.367655 0.513557 0.549277 0.610484 0.622439 0.263567 0.309036 0.436648 0.397784 0.634880 0.819853 0.646288 0.671129 0.683603 0.710849 0.733575 0.942849 0.332536 0.347607 0.499465 0.631369 0.472345 0.465806 0.913009 0.687488 0.652674 0.701769 0.797883 0.889850 0.978076 0.609588 0.569903 0.554627 0.538333 0.517609 0.459678 0.489517 0.755723 0.604114 0.542839 0.648124 0.829874 0.777783 0.767689 0.936956 0.278406 0.251583 0.370275 0.424599 0.376428 0.409631 0.285700 0.195198 0.587235 0.509313 0.555860 0.413393 0.509502 0.352464 0.653460 0.617116 0.468352 0.518404 0.915654 0.808694 0.672065 0.483464 0.524555 0.657848 0.303246 0.413031 0.404486 0.467758 0.564926 0.505091 0.960779 0.959710 0.838552 0.703887 0.940595 0.993350 0.900171 0.997272 0.644009 0.736304 0.723440 0.569075 0.649390 0.585618 0.826224 0.874209 0.659074 0.632052 0.562807 0.744264 0.978130 0.874091 0.887525 0.754671 0.818737 0.584440 0.710011 0.749356 0.688614 0.864781
0.456343 0.604771 0.000000 0.180298 0.848942 0.635421 0.203628 0.221787 0.357038 0.415771 0.449733 0.432719 0.310120 0.543430 0.441284 0.482328 0.607264 0.468281 0.338283 0.426103 0.706728 0.727623 0.361211 0.355580 0.647208 0.415739 0.972075 0.932148 0.556449 0.451768 0.362572 0.401322 0.330056 0.349300 0.778898 0.830661 0.655935 0.900625 0.598143 0.761636 0.785331 0.907819 0.310598 0.320970 0.280131 0.326800 0.287605 0.369379 0.573411 0.388274 0.361708 0.359232 0.465531 0.421356 0.617723 0.671294 0.759246 0.788542 0.389790 0.504894 0.257761 0.385978 0.580925 0.633853 0.242000 0.216993 0.268378 0.263740 0.766995 0.624969 0.447305 0.542144 0.529865 0.469138 0.867321 0.729646 0.510194 0.619834 0.513376 0.487488 0.526165 0.411193 0.678051 0.725315 0.490506 0.375923 0.931464 0.802252 0.718551 0.622543 0.498545 0.585248 0.564387 0.612882 0.518970 0.615818 0.468943 0.639090 0.368962 0.322610 0.561312 0.570347 0.588291 0.539740 0.428969 0.508450 0.934546 0.724850 0.775672 0.838345 0.766205 0.459361 0.440430 0.743017 0.565383 0.809889
0.433120 0.546086 0.180298 0.000000 0.855990 0.618157 0.228375 0.195048 0.394902 0.435139 0.493822 0.373754 0.333982 0.446248 0.409455 0.394474 0.591186 0.435638 0.315575 0.417395 0.584501 0.657456 0.335409 0.316537 0.670801 0.402154 0.964001 0.979136 0.455989 0.417653 0.333100 0.376553 0.265293 0.292904 0.764447 0.804812 0.650261 0.908460 0.696453 0.844343 0.824113 0.846055 0.292669 0.303731 0.295162 0.324565 0.276169 0.368866 0.607423 0.420491 0.387959 0.341930 0.498315 0.402054 0.642085 0.687094 0.727967 0.757004 0.371714 0.467144 0.260983 0.343165 0.547482 0.576896 0.253257 0.188570 0.263240 0.257225 0.778013 0.568484 0.407410 0.459122 0.479318 0.444386 0.802434 0.685204 0.460705 0.575468 0.506058 0.475006 0.512415 0.378110 0.653207 0.601307 0.449446 0.322214 0.973385 0.854436 0.769642 0.571012 0.441892 0.554700 0.501032 0.584670 0.528760 0.635354 0.492777 0.598563 0.342015 0.293623 0.533385 0.573634 0.584265 0.475793 0.392257 0.528077 0.968155 0.785588 0.849472 0.854340 0.763177 0.424095 0.427003 0.658201 0.510809 0.823246
0.805538 0.763607 0.848942 0.855990 0.000000 0.837750 0.780514 0.772531 0.945884 0.996928 0.866754 0.811970 0.726169 0.900046 0.767343 0.774210 0.763754 0.803510 0.734754 0.884472 0.703239 0.748324 0.757688 0.817433 0.931548 0.999263 0.771910 0.811985 0.730297 0.746100 0.810307 0.959886 0.788469 0.764457 0.971334 0.974237 0.934775 0.892351 0.850483 0.941305 0.919817 0.911090 0.850360 0.848318 0.789441 0.757496 0.703010 0.745471 0.936230 0.848174 0.856977 0.851523 0.967489 0.793852 0.915300 0.817399 0.857717 0.882208 0.775342 0.809674 0.688089 0.763024 0.687910 0.776486 0.802943 0.767348 0.745755 0.787890 0.826100 0.887515 0.667625 0.836853 0.818151 0.909819 0.984423 0.749598 0.870391 0.966180 0.909088 0.942828 0.648881 0.709190 0.707465 0.791487 0.708191 0.731084 0.826605 0.856511 0.989482 0.906969 0.974861 0.941287 0.978360 0.989202 0.907690 0.909589 0.930420 0.823127 0.901859 0.796168 0.992871 0.967549 0.943819 0.888198 0.856857 0.857544 0.951213 0.981398 0.750799 0.949854 0.994217 0.835318 0.806816 0.836707 0.936241 0.990420
0.775149 0.967458 0.635421 0.618157 0.837750 0.000000 0.527096 0.617732 0.530960 0.643780 0.787545 0.851354 0.661861 0.901328 0.810016 0.690817 0.984548 0.913634 0.737149 0.847583 0.805702 0.999467 0.686660 0.721586 0.948410 0.818333 0.866298 0.880494 0.912426 0.932260 0.699240 0.815072 0.711487 0.693481 0.658572 0.894459 0.938498 0.747523 0.977883 0.921010 0.990447 0.934756 0.631495 0.632878 0.580765 0.627192 0.638090 0.658374 0.959030 0.731642 0.750599 0.631202 0.656909 0.605758 0.820412 0.809034 0.853963 0.855452 0.777042 0.761389 0.703120 0.776590 0.903813 0.964868 0.746747 0.635529 0.556101 0.672109 0.923082 0.861591 0.616145 0.591217 0.896979 0.869063 0.824559 0.883426 0.689760 0.918813 0.776437 0.724080 0.793139 0.677801 0.982134 0.850086 0.792739 0.692859 0.982097 0.871410 0.976110 0.853536 0.540098 0.615283 0.521512 0.570149 0.665319 0.746198 0.674167 0.953746 0.661945 0.701912 0.691785 0.615950 0.857202 0.700799 0.649448 0.841574 0.946595 0.918582 0.914285 0.913275 0.857981 0.738990 0.661437 0.749262 0.749341 0.784466
0.501091 0.620309 0.203628 0.228375 0.780514 0.527096 0.000000 0.189822 0.354338 0.318430 0.433282 0.520922 0.381567 0.628658 0.538986 0.530543 0.535938 0.412864 0.275699 0.438864 0.659693 0.660678 0.417540 0.469113 0.770599 0.528348 0.970076 0.953960 0.552816 0.470683 0.387425 0.413104 0.295963 0.272546 0.814459 0.751207 0.745709 0.958320 0.816489 0.802147 0.903184 0.851640 0.218726 0.208338 0.220379 0.271649 0.280708 0.317927 0.678245 0.454873 0.391052 0.381955 0.521102 0.374043 0.675760 0.750016 0.674875 0.773307 0.395257 0.585846 0.330902 0.518116 0.548896 0.652307 0.345794 0.288809 0.175668 0.241236 0.782913 0.657846 0.355327 0.383973 0.551802 0.454371 0.867390 0.683784 0.401747 0.579412 0.510212 0.462552 0.505076 0.406159 0.680451 0.718163 0.567371 0.472715 0.913556 0.892777 0.850317 0.806637 0.358921 0.407780 0.432473 0.423948 0.502359 0.613496 0.472084 0.621789 0.308629 0.271580 0.495485 0.413165 0.521489 0.405202 0.391715 0.477413 0.948698 0.708102 0.785406 0.896062 0.702282 0.394538 0.361378 0.640253 0.521105 0.785215
0.409227 0.468800 0.221787 0.195048 0.772531 0.617732 0.189822 0.000000 0.447358 0.334543 0.428824 0.367574 0.336405 0.485874 0.456210 0.443882 0.479197 0.353340 0.286180 0.351430 0.615053 0.660236 0.397586 0.412788 0.733862 0.512268 0.894896 0.978429 0.446596 0.395013 0.388215 0.416062 0.268092 0.263995 0.838768 0.791598 0.715663 0.904139 0.806123 0.864200 0.909175 0.773329 0.256124 0.256983 0.281160 0.287681 0.297357 0.323330 0.626854 0.421003 0.404103 0.373160 0.556396 0.405683 0.710584 0.792762 0.587527 0.619578 0.310325 0.450068 0.271847 0.346937 0.488020 0.494456 0.322584 0.222754 0.233315 0.241812 0.778590 0.514280 0.386670 0.419510 0.511859 0.463488 0.869086 0.641457 0.468537 0.501269 0.465239 0.531888 0.462296 0.372459 0.651976 0.639208 0.519301 0.390790 0.991065 0.894071 0.834338 0.675147 0.431970 0.497098 0.461671 0.539748 0.449816 0.574586 0.497589 0.569136 0.312584 0.244910 0.467175 0.498704 0.522387 0.427117 0.353439 0.473417 0.972705 0.746592 0.821397 0.803978 0.753066 0.372715 0.379441 0.635609 0.548761 0.711025
0.708856 0.859814 0.357038 0.394902 0.945884 0.530960 0.354338 0.447358 0.000000 0.466872 0.717915 0.690712 0.556168 0.690123 0.614821 0.567541 0.835943 0.746249 0.551798 0.656440 0.766212 0.743207 0.474926 0.468014 0.773995 0.508205 0.908300 0.939581 0.810292 0.719022 0.520412 0.482658 0.531067 0.523163 0.738652 0.859586 0.858482 0.993954 0.793409 0.753924 0.759257 0.867881 0.401841 0.434110 0.430947 0.476596 0.460831 0.524067 0.717219 0.532760 0.443693 0.446307 0.463413 0.379140 0.741742 0.709176 0.972716 0.944232 0.594182 0.741525 0.536559 0.697089 0.785680 0.900120 0.464301 0.439753 0.380856 0.508453 0.899730 0.780545 0.515666 0.583032 0.669943 0.581172 0.949594 0.756891 0.602109 0.673869 0.741892 0.577211 0.774131 0.655951 0.813915 0.873845 0.693291 0.581462 0.723172 0.834331 0.786532 0.788034 0.403849 0.493009 0.416735 0.488680 0.584252 0.767709 0.567505 0.678782 0.413228 0.441053 0.525833 0.517749 0.722996 0.605699 0.544364 0.585629 0.769744 0.658105 0.977140 0.975035 0.772793 0.512637 0.513977 0.958516 0.583433 0.779161
0.715146 0.793993 0.415771 0.435139 0.996928 0.643780 0.318430 0.334543 0.466872 0.000000 0.580467 0.638805 0.606903 0.720041 0.712005 0.653098 0.663390 0.595729 0.514562 0.545580 0.797184 0.847588 0.566346 0.638242 0.912098 0.627635 0.923167 0.854839 0.766630 0.631301 0.519340 0.456255 0.452392 0.422644 0.893046 0.772533 0.883568 0.885317 0.885856 0.896966 0.860582 0.773689 0.331876 0.313373 0.401007 0.420540 0.496009 0.463999 0.714383 0.526951 0.510857 0.446776 0.572080 0.513544 0.869050 0.949763 0.769261 0.882814 0.488250 0.684894 0.603475 0.639873 0.761463 0.776746 0.563638 0.477211 0.376423 0.462360 0.965804 0.729185 0.521081 0.463168 0.711865 0.575272 0.805286 0.750533 0.518548 0.606895 0.598781 0.558906 0.760848 0.699962 0.850716 0.885259 0.867340 0.739773 0.937712 0.970551 0.980099 0.939826 0.437317 0.440565 0.488922 0.473251 0.602317 0.586401 0.509596 0.665274 0.327617 0.362119 0.511031 0.357812 0.529704 0.493595 0.546022 0.501514 0.809232 0.671436 0.953499 0.940734 0.727120 0.472462 0.453843 0.834055 0.585970 0.664472
0.409233 0.469506 0.449733 0.493822 0.866754 0.787545 0.433282 0.428824 0.717915 0.580467 0.000000 0.427768 0.476954 0.622598 0.718736 0.697817 0.427814 0.298262 0.297573 0.302142 0.710066 0.763903 0.754386 0.664473 0.927363 0.737704 0.991183 0.925701 0.479757 0.363212 0.575907 0.604630 0.534523 0.441740 0.961270 0.815738 0.818610 0.812293 0.865461 0.813071 0.980943 0.962499 0.562301 0.508253 0.529713 0.523010 0.521305 0.541174 0.896717 0.599010 0.581516 0.660168 0.714698 0.585120 0.800994 0.992111 0.464998 0.494727 0.526891 0.610779 0.447690 0.606824 0.376655 0.478088 0.643772 0.554638 0.531765 0.406899 0.670168 0.701487 0.659088 0.622924 0.643053 0.549876 0.896445 0.739657 0.644005 0.552333 0.626623 0.523318 0.454723 0.441237 0.603502 0.712979 0.782340 0.664374 0.995932 0.824639 0.970236 0.915025 0.745163 0.749864 0.794693 0.741085 0.709866 0.702902 0.746198 0.870144 0.611806 0.546003 0.689664 0.600241 0.559414 0.515000 0.655166 0.787086 0.971860 0.867845 0.961286 0.865923 0.840100 0.615142 0.622893 0.752758 0.776895 0.962019
0.316387 0.367655 0.432719 0.373754 0.811970 0.851354 0.520922 0.367574 0.690712 0.638805 0.427768 0.000000 0.313687 0.325246 0.334887 0.365259 0.431370 0.370970 0.410931 0.363994 0.566739 0.748319 0.420242 0.407121 0.683235 0.604696 0.968227 0.955546 0.349216 0.340201 0.430466 0.489850 0.416399 0.441799 0.852318 0.843721 0.686226 0.741779 0.764018 0.940877 0.978983 0.835295 0.574217 0.555573 0.509114 0.501520 0.436900 0.432171 0.739759 0.491116 0.512189 0.521509 0.736367 0.650691 0.793535 0.925901 0.548036 0.525229 0.404475 0.436172 0.278327 0.297494 0.362256 0.334432 0.426966 0.350922 0.527767 0.402325 0.728152 0.531244 0.622905 0.629287 0.435406 0.469390 0.805951 0.701018 0.634875 0.464096 0.533179 0.630129 0.477956 0.442564 0.447118 0.616841 0.472774 0.393018 0.999031 0.836090 0.823050 0.612073 0.880009 0.951145 0.862007 0.989230 0.649279 0.694661 0.727704 0.629860 0.608434 0.503729 0.752110 0.827664 0.632322 0.685677 0.510517 0.602800 0.994896 0.904482 0.857998 0.716439 0.863001 0.612900 0.677037 0.696930 0.607985 0.918126
0.348894 0.513557 0.310120 0.333982 0.726169 0.661861 0.381567 0.336405 0.556168 0.606903 0.476954 0.313687 0.000000 0.352780 0.299263 0.326771 0.553751 0.515585 0.374223 0.453791 0.651527 0.758224 0.323733 0.330430 0.710592 0.582046 0.999652 0.959931 0.466452 0.454695 0.434939 0.550519 0.430454 0.462867 0.798330 0.819728 0.724547 0.828397 0.693029 0.842365 0.989146 0.975109 0.456812 0.468291 0.434769 0.429478 0.401702 0.397088 0.761363 0.363888 0.379206 0.395066 0.535249 0.458520 0.634343 0.763755 0.704280 0.692338 0.352259 0.424847 0.221089 0.328943 0.415283 0.498807 0.274574 0.286433 0.394651 0.355109 0.763422 0.608223 0.521901 0.527449 0.501472 0.530265 0.852906 0.624250 0.593707 0.634120 0.590662 0.609871 0.500120 0.439888 0.519362 0.734081 0.402689 0.330034 0.848440 0.734065 0.710787 0.625716 0.693657 0.762358 0.665568 0.820724 0.665842 0.747514 0.665189 0.720710 0.530645 0.481957 0.665737 0.737915 0.616617 0.707996 0.450880 0.577364 0.961137 0.807156 0.660780 0.799556 0.867581 0.590719 0.589646 0.631945 0.591705 0.838175
0.507580 0.549277 0.543430 0.446248 0.900046 0.901328 0.628658 0.485874 0.690123 0.720041 0.622598 0.325246 0.352780 0.000000 0.285903 0.260894 0.650283 0.566534 0.485288 0.547955 0.627854 0.731401 0.396914 0.341052 0.714547 0.632425 0.957869 0.961027 0.430642 0.464100 0.480488 0.601411 0.514552 0.542924 0.888171 0.930128 0.687479 0.738455 0.824173 0.846878 0.966380 0.809158 0.589723 0.593915 0.678265 0.643651 0.599285 0.593835 0.823503 0.568699 0.543949 0.514081 0.693713 0.590958 0.815255 0.985273 0.706999 0.701043 0.489806 0.571993 0.425857 0.452113 0.491638 0.481469 0.432359 0.436369 0.576668 0.526145 0.978136 0.615021 0.583926 0.632288 0.625798 0.554753 0.910293 0.634369 0.584394 0.580364 0.652051 0.728560 0.712723 0.702496 0.521553 0.739776 0.535328 0.439018 0.904499 0.859468 0.855392 0.675842 0.779640 0.847545 0.705314 0.913520 0.700328 0.792394 0.862711 0.639236 0.630696 0.586045 0.690145 0.854460 0.631840 0.852683 0.544355 0.575605 0.979617 0.765805 0.847698 0.794794 0.894594 0.676401 0.718601 0.728455 0.610794 0.951563
0.495968 0.610484 0.441284 0.409455 0.767343 0.810016 0.538986 0.456210 0.614821 0.712005 0.718736 0.334887 0.299263 0.285903 0.000000 0.225796 0.660902 0.638774 0.540328 0.601483 0.674658 0.742282 0.199265 0.265727 0.518804 0.548419 0.966674 0.999219 0.500836 0.488151 0.342583 0.447171 0.425363 0.495569 0.668731 0.956180 0.657157 0.812210 0.749392 0.953389 0.995727 0.955972 0.533072 0.563685 0.525037 0.533649 0.486693 0.486603 0.729296 0.502630 0.506420 0.462081 0.657853 0.611211 0.634476 0.791249 0.836048 0.829767 0.487369 0.561429 0.325693 0.396685 0.506786 0.543060 0.302792 0.361177 0.469436 0.454448 0.936131 0.639404 0.517276 0.638969 0.465223 0.520211 0.812650 0.698654 0.567037 0.654901 0.572471 0.740427 0.595477 0.579236 0.494606 0.746245 0.342165 0.323277 0.841282 0.770821 0.827914 0.641682 0.810492 0.932676 0.780114 0.995430 0.692082 0.798027 0.742510 0.655753 0.622563 0.581196 0.769756 0.895219 0.759622 0.901054 0.444939 0.524781 0.901206 0.813637 0.754982 0.783856 0.836757 0.630006 0.675440 0.770515 0.537647 0.924716
0.537379 0.622439 0.482328 0.394474 0.774210 0.690817 0.530543 0.443882 0.567541 0.653098 0.697817 0.365259 0.326771 0.260894 0.225796 0.000000 0.674716 0.640397 0.504715 0.602764 0.603359 0.745266 0.227566 0.233834 0.628656 0.627307 0.918270 0.965132 0.502810 0.516648 0.386501 0.493326 0.444095 0.506605 0.768575 0.885993 0.768565 0.804001 0.807923 0.953923 0.978091 0.910043 0.469962 0.505646 0.526292 0.498071 0.459220 0.452315 0.811971 0.499069 0.452062 0.394741 0.551364 0.459280 0.756023 0.830873 0.838670 0.867880 0.470966 0.586666 0.386709 0.454055 0.532851 0.557946 0.389034 0.387536 0.453970 0.495480 0.939564 0.677305 0.421273 0.520177 0.508376 0.541665 0.730013 0.681110 0.533139 0.648772 0.588177 0.683294 0.644269 0.626047 0.539466 0.747185 0.457392 0.365713 0.932834 0.903017 0.884490 0.773775 0.680311 0.760071 0.625306 0.874652 0.707610 0.761079 0.728824 0.664715 0.608047 0.549669 0.732589 0.730509 0.674007 0.865826 0.435762 0.544413 0.857700 0.823969 0.827569 0.892805 0.829199 0.654248 0.642726 0.663747 0.517534 0.821635
0.320974 0.263567 0.607264 0.591186 0.763754 0.984548 0.535938 0.479197 0.835943 0.663390 0.427814 0.431370 0.553751 0.650283 0.660902 0.674716 0.000000 0.226418 0.354224 0.403165 0.627177 0.738472 0.654789 0.716272 0.683124 0.752892 0.818707 0.961512 0.330510 0.316598 0.507237 0.489204 0.443944 0.434774 0.988181 0.659107 0.716424 0.705336 0.840112 0.825366 0.866321 0.635945 0.528831 0.484825 0.506193 0.518124 0.486788 0.438505 0.840720 0.660494 0.573973 0.710316 0.857980 0.792395 0.804385 0.954587 0.202999 0.301249 0.398023 0.575394 0.464399 0.602741 0.254217 0.257187 0.645955 0.618883 0.514115 0.427967 0.504193 0.511250 0.597087 0.547239 0.499354 0.505921 0.869987 0.780318 0.587229 0.446389 0.439924 0.603891 0.292412 0.473935 0.436415 0.592611 0.635991 0.618997 0.995612 0.990303 0.969108 0.891120 0.884576 0.916791 0.917386 0.954225 0.704823 0.736532 0.713791 0.575819 0.610808 0.528420 0.924344 0.783853 0.528948 0.500037 0.630662 0.685899 0.976387 0.842218 0.828016 0.676992 0.774367 0.574442 0.662664 0.704884 0.670492 0.875248
0.312834 0.309036 0.468281 0.435638 0.803510 0.913634 0.412864 0.353340 0.746249 0.595729 0.298262 0.370970 0.515585 0.566534 0.638774 0.640397 0.226418 0.000000 0.224569 0.262212 0.655145 0.668532 0.668816 0.672842 0.739958 0.658113 0.861017 0.941764 0.274986 0.244623 0.502984 0.463008 0.377005 0.333667 0.998241 0.803096 0.711696 0.787015 0.853708 0.816425 0.969901 0.671598 0.464989 0.415984 0.474950 0.465373 0.446701 0.440251 0.816093 0.619587 0.566741 0.660047 0.819525 0.688740 0.815001 0.999005 0.266955 0.301343 0.412370 0.582939 0.389563 0.555480 0.251012 0.290299 0.587232 0.502232 0.463438 0.375967 0.561191 0.551398 0.591931 0.593875 0.530957 0.451871 0.839180 0.711199 0.606804 0.474937 0.446544 0.527431 0.332669 0.346519 0.465428 0.532980 0.630515 0.538573 0.990014 0.920839 0.953837 0.834851 0.748726 0.780626 0.810991 0.793339 0.673073 0.628697 0.703794 0.638548 0.511559 0.443858 0.732145 0.664101 0.574695 0.450798 0.576139 0.690470 0.871366 0.858972 0.890559 0.742100 0.851121 0.493161 0.554927 0.652881 0.653023 0.881350
0.351192 0.436648 0.338283 0.315575 0.734754 0.737149 0.275699 0.286180 0.551798 0.514562 0.297573 0.410931 0.374223 0.485288 0.540328 0.504715 0.354224 0.224569 0.000000 0.295509 0.651882 0.630344 0.520927 0.509143 0.738657 0.588840 0.902539 0.966016 0.353223 0.270592 0.425355 0.455878 0.359858 0.274787 0.925863 0.746730 0.706358 0.885340 0.786883 0.762548 0.935028 0.759927 0.339212 0.303062 0.370423 0.367635 0.333806 0.374319 0.746625 0.456401 0.408654 0.471846 0.608395 0.452146 0.735206 0.899593 0.450922 0.514751 0.365378 0.568396 0.316988 0.524322 0.310217 0.421085 0.417999 0.386353 0.333102 0.326967 0.665129 0.578030 0.473845 0.486952 0.544092 0.444501 0.890341 0.586832 0.526649 0.561831 0.507175 0.440927 0.405637 0.377946 0.582341 0.634982 0.554591 0.476788 0.915464 0.869261 0.901030 0.830437 0.565734 0.614986 0.638048 0.628209 0.603759 0.646086 0.664401 0.622590 0.395757 0.374211 0.629493 0.580975 0.502623 0.453923 0.487638 0.633581 0.980714 0.798368 0.781730 0.849699 0.824408 0.416542 0.453864 0.636665 0.551101 0.839330
0.341881 0.397784 0.426103 0.417395 0.884472 0.847583 0.438864 0.351430 0.656440 0.545580 0.302142 0.363994 0.453791 0.547955 0.601483 0.602764 0.403165 0.262212 0.295509 0.000000 0.756138 0.675627 0.624497 0.601050 0.795544 0.623808 0.851875 0.914775 0.367494 0.294411 0.509693 0.467415 0.386262 0.348187 0.912586 0.845027 0.763795 0.790835 0.829188 0.849509 0.857219 0.857547 0.483630 0.422196 0.470079 0.455397 0.436559 0.428497 0.723097 0.514543 0.513551 0.570900 0.663058 0.642909 0.814563 0.901078 0.428560 0.412975 0.432904 0.547803 0.386451 0.482531 0.348231 0.384097 0.548040 0.475903 0.494309 0.414966 0.678416 0.538436 0.686532 0.644925 0.549743 0.471732 0.813316 0.672079 0.627996 0.599533 0.544008 0.526558 0.486644 0.404903 0.578909 0.675249 0.695819 0.575568 0.890238 0.886183 0.870655 0.729626 0.743575 0.784371 0.835308 0.841806 0.663085 0.663536 0.667007 0.692424 0.456451 0.440795 0.597204 0.649411 0.642898 0.520029 0.583721 0.682173 0.996736 0.794851 0.827709 0.808986 0.752395 0.542602 0.551305 0.771059 0.643129 0.801279
0.695397 0.634880 0.706728 0.584501 0.703239 0.805702 0.659693 0.615053 0.766212 0.797184 0.710066 0.566739 0.651527 0.627854 0.674658 0.603359 0.627177 0.655145 0.651882 0.756138 0.000000 0.768319 0.629539 0.583602 0.926268 0.837101 0.933863 0.989083 0.639123 0.688275 0.638880 0.752555 0.620808 0.576932 0.849957 0.980045 0.739588 0.907370 0.968087 0.937226 0.953235 0.865880 0.673853 0.696080 0.674086 0.678511 0.595063 0.674496 0.943128 0.758677 0.764966 0.777044 0.834885 0.726043 0.912673 0.969841 0.757091 0.777976 0.661612 0.713676 0.605681 0.654200 0.628755 0.642925 0.677134 0.584087 0.647490 0.620596 0.880618 0.783036 0.586887 0.623043 0.636997 0.697827 0.816097 0.701223 0.674341 0.550638 0.755457 0.740338 0.650152 0.676089 0.582528 0.661203 0.673388 0.650926 0.921945 0.946482 0.960905 0.834300 0.748232 0.816620 0.690563 0.852771 0.816352 0.822134 0.818659 0.773185 0.755526 0.622931 0.839996 0.797759 0.657599 0.635969 0.672996 0.740066 0.946520 0.776876 0.938292 0.998504 0.929331 0.767536 0.822401 0.756721 0.857285 0.890449
0.757849 0.819853 0.727623 0.657456 0.748324 0.999467 0.660678 0.660236 0.743207 0.847588 0.763903 0.748319 0.758224 0.731401 0.742282 0.745266 0.738472 0.668532 0.630344 0.675627 0.768319 0.000000 0.734890 0.735937 0.958836 0.825175 0.883125 0.816553 0.612770 0.676619 0.759862 0.628810 0.584009 0.660355 0.921073 0.982429 0.947677 0.868076 0.952953 0.857265 0.993762 0.962963 0.716110 0.675961 0.725787 0.729705 0.714436 0.796549 0.879675 0.829459 0.756786 0.797151 0.906783 0.700535 0.787472 0.888621 0.767587 0.795322 0.835317 0.819621 0.664036 0.810789 0.717083 0.745222 0.695565 0.673787 0.643881 0.640791 0.889895 0.858742 0.689139 0.773098 0.827686 0.689036 0.846630 0.953421 0.757076 0.758035 0.951839 0.737186 0.796973 0.729602 0.775607 0.875763 0.755935 0.701930 0.923370 0.926243 0.846745 0.835081 0.700797 0.811470 0.806331 0.813978 0.813993 0.941715 0.918326 0.827948 0.722983 0.671939 0.849761 0.901253 0.886404 0.759530 0.861619 0.664977 0.972403 0.899622 0.952642 0.901450 0.761531 0.737349 0.777863 0.763113 0.832461 0.936625
0.533813 0.646288 0.361211 0.335409 0.757688 0.686660 0.417540 0.397586 0.474926 0.566346 0.754386 0.420242 0.323733 0.396914 0.199265 0.227566 0.654789 0.668816 0.520927 0.624497 0.629539 0.734890 0.000000 0.235916 0.482894 0.489388 0.981774 0.925835 0.568322 0.536943 0.283517 0.413802 0.340761 0.444206 0.627634 0.838352 0.652351 0.891828 0.733571 0.913749 0.890673 0.926282 0.380608 0.433285 0.368343 0.388569 0.339760 0.397160 0.633861 0.432853 0.394745 0.331581 0.488948 0.505950 0.585767 0.698773 0.872297 0.904168 0.407311 0.527487 0.315455 0.394462 0.559623 0.592407 0.247076 0.308008 0.319025 0.373778 0.899858 0.598745 0.390013 0.476719 0.445866 0.475910 0.755824 0.719482 0.430956 0.668425 0.485012 0.650794 0.554480 0.556581 0.510617 0.687901 0.328449 0.308175 0.851055 0.865073 0.791435 0.665894 0.631135 0.774502 0.613034 0.884293 0.603291 0.715730 0.574071 0.599541 0.503340 0.461893 0.754352 0.758174 0.664387 0.806956 0.362947 0.430283 0.795907 0.795979 0.708969 0.859797 0.750084 0.560434 0.576254 0.735567 0.446710 0.827548
0.528256 0.671129 0.355580 0.316537 0.817433 0.721586 0.469113 0.412788 0.468014 0.638242 0.664473 0.407121 0.330430 0.341052 0.265727 0.233834 0.716272 0.672842 0.509143 0.601050 0.583602 0.735937 0.235916 0.000000 0.544263 0.493995 0.962129 0.934025 0.526953 0.533590 0.351367 0.443279 0.458691 0.473817 0.686765 0.932911 0.729296 0.865308 0.744359 0.853865 0.910163 0.971994 0.453996 0.512919 0.474535 0.451406 0.394644 0.463761 0.644785 0.473241 0.422362 0.391670 0.486014 0.466309 0.627047 0.714616 0.912138 0.946110 0.427745 0.555183 0.351617 0.447206 0.578934 0.661017 0.320560 0.323300 0.418841 0.449485 0.933047 0.680659 0.458034 0.601851 0.501015 0.544616 0.811589 0.699161 0.535586 0.664927 0.604866 0.604147 0.581921 0.563397 0.603848 0.718640 0.401682 0.349900 0.816459 0.768211 0.799786 0.662746 0.644473 0.751102 0.626864 0.837491 0.660271 0.808315 0.629438 0.692352 0.592110 0.514758 0.669004 0.811820 0.713193 0.820951 0.479819 0.604521 0.881694 0.768065 0.768720 0.900172 0.826781 0.645282 0.583943 0.743259 0.514130 0.878318
0.632301 0.683603 0.647208 0.670801 0.931548 0.948410 0.770599 0.733862 0.773995 0.912098 0.927363 0.683235 0.710592 0.714547 0.518804 0.628656 0.683124 0.739958 0.738657 0.795544 0.926268 0.958836 0.482894 0.544263 0.000000 0.513669 0.958567 0.911571 0.656370 0.668638 0.520982 0.546156 0.646764 0.752903 0.576168 0.958377 0.653012 0.898186 0.704363 0.979103 0.838041 0.808507 0.696430 0.769147 0.666841 0.687936 0.597646 0.695227 0.650240 0.736077 0.686292 0.691550 0.766128 0.953470 0.536641 0.746145 0.859081 0.832464 0.590893 0.659770 0.573826 0.628274 0.691787 0.661016 0.537379 0.637993 0.665129 0.691976 0.665278 0.614020 0.790678 0.910168 0.519422 0.727544 0.735991 0.983638 0.742019 0.896849 0.641692 0.759427 0.543191 0.698024 0.691152 0.733267 0.417654 0.470010 0.970979 0.842281 0.905501 0.688354 0.996373 0.860997 0.974595 0.850208 0.651984 0.864318 0.667206 0.659833 0.795192 0.774592 0.906807 0.916994 0.952956 0.987567 0.663289 0.786068 0.972141 0.979071 0.760183 0.821914 0.929420 0.730914 0.813820 0.990763 0.640217 0.981084
0.600346 0.710849 0.415739 0.402154 0.999263 0.818333 0.528348 0.512268 0.508205 0.627635 0.737704 0.604696 0.582046 0.632425 0.548419 0.627307 0.752892 0.658113 0.588840 0.623808 0.837101 0.825175 0.489388 0.493995 0.513669 0.000000 0.976268 0.889245 0.646084 0.597834 0.424789 0.465668 0.448875 0.512423 0.665984 0.775374 0.666142 0.947027 0.595046 0.684764 0.793002 0.832106 0.472449 0.483129 0.459146 0.468055 0.448683 0.514195 0.504303 0.476407 0.423265 0.451219 0.522256 0.605771 0.607997 0.645322 0.893433 0.820180 0.475234 0.578065 0.495776 0.531678 0.673492 0.696211 0.416356 0.421403 0.493669 0.464734 0.847481 0.656713 0.647562 0.596082 0.564317 0.518563 0.790306 0.855717 0.523854 0.809264 0.640495 0.572279 0.655814 0.553831 0.749793 0.639728 0.526527 0.437222 0.928631 0.776327 0.667024 0.551371 0.627899 0.785459 0.750736 0.740460 0.615812 0.785353 0.566818 0.610943 0.486502 0.430523 0.714742 0.759571 0.754919 0.638878 0.509930 0.769194 0.889884 0.747006 0.879573 0.867674 0.871027 0.604910 0.508452 0.922843 0.566776 0.839593
0.833166 0.733575 0.972075 0.964001 0.771910 0.866298 0.970076 0.894896 0.908300 0.923167 0.991183 0.968227 0.999652 0.957869 0.966674 0.918270 0.818707 0.861017 0.902539 0.851875 0.933863 0.883125 0.981774 0.962129 0.958567 0.976268 0.000000 0.948640 0.868170 0.838366 0.886236 0.983692 0.890668 0.813237 0.989405 0.786893 0.857815 0.933963 0.913642 0.977499 0.865436 0.912436 0.946258 0.900733 0.885831 0.880102 0.850131 0.906682 0.868630 0.936189 0.881215 0.946868 0.980711 0.977237 0.921092 0.988504 0.712571 0.706485 0.838963 0.818799 0.895852 0.885630 0.833390 0.757068 0.992792 0.976637 0.895900 0.885160 0.934282 0.720140 0.923549 0.899247 0.932050 0.879493 0.967131 0.959495 0.961669 0.953348 0.924703 0.994857 0.785804 0.849189 0.900451 0.806441 0.962213 0.991783 0.874023 0.983916 0.830864 0.888740 0.967881 0.901033 0.929432 0.894189 0.939787 0.938186 0.943249 0.840612 0.945301 0.959784 0.968933 0.863905 0.882230 0.825720 0.929401 0.991955 0.973203 0.992529 0.952486 0.922746 0.953509 0.822213 0.860397 0.995681 0.852386 0.886029
0.934186 0.942849 0.932148 0.979136 0.811985 0.880494 0.953960 0.978429 0.939581 0.854839 0.925701 0.955546 0.959931 0.961027 0.999219 0.965132 0.961512 0.941764 0.966016 0.914775 0.989083 0.816553 0.925835 0.934025 0.911571 0.889245 0.948640 0.000000 0.904668 0.982079 0.936255 0.974281 0.949485 0.984418 0.914367 0.924106 0.899990 0.988288 0.972836 0.995207 0.874664 0.955539 0.913621 0.981364 0.910149 0.914189 0.902659 0.876219 0.888598 0.852820 0.892873 0.857577 0.868608 0.953241 0.945776 0.901138 0.938107 0.881153 0.920950 0.958740 0.996111 0.977555 0.913463 0.892723 0.947959 0.930631 0.933354 0.979715 0.862610 0.997731 0.961432 0.992058 0.978256 0.954046 0.879103 0.879820 0.896001 0.977183 0.875339 0.995296 0.922547 0.911732 0.946371 0.953567 0.994423 0.920153 0.851634 0.978459 0.982716 0.955180 0.970210 0.959912 0.944279 0.959472 0.877975 0.972080 0.871449 0.851619 0.980732 0.989870 0.937288 0.991623 0.869113 0.877544 0.998982 0.884006 0.798144 0.817464 0.879184 0.934641 0.992898 0.944804 0.895545 0.988992 0.973434 0.979871
0.366169 0.332536 0.556449 0.455989 0.730297 0.912426 0.552816 0.446596 0.810292 0.766630 0.479757 0.349216 0.466452 0.430642 0.500836 0.502810 0.330510 0.274986 0.353223 0.367494 0.639123 0.612770 0.568322 0.526953 0.656370 0.646084 0.868170 0.904668 0.000000 0.272220 0.460892 0.529327 0.446471 0.412439 0.883591 0.866338 0.722406 0.754234 0.839177 0.828179 0.955321 0.777664 0.568798 0.527196 0.554271 0.544166 0.485216 0.462222 0.802370 0.610861 0.583278 0.609533 0.786646 0.699107 0.688066 0.878778 0.407207 0.433216 0.466365 0.507822 0.370632 0.484864 0.278411 0.311212 0.539042 0.474312 0.525532 0.449933 0.624350 0.535129 0.641510 0.634432 0.481394 0.488447 0.825194 0.769765 0.596575 0.545136 0.577761 0.585812 0.397735 0.423001 0.443677 0.496299 0.498456 0.461604 0.901362 0.904952 0.907654 0.636902 0.882926 0.929248 0.895867 0.981607 0.672749 0.789403 0.790918 0.645854 0.624681 0.533294 0.807761 0.882025 0.713206 0.609222 0.603373 0.663603 0.930329 0.924458 0.849771 0.709409 0.816593 0.592888 0.669042 0.636374 0.629387 0.909002
0.330782 0.347607 0.451768 0.417653 0.746100 0.932260 0.470683 0.395013 0.719022 0.631301 0.363212 0.340201 0.454695 0.464100 0.488151 0.516648 0.316598 0.244623 0.270592 0.294411 0.688275 0.676619 0.536943 0.533590 0.668638 0.597834 0.838366 0.982079 0.272220 0.000000 0.367830 0.438247 0.377919 0.307709 0.940175 0.740646 0.744771 0.738177 0.763831 0.881643 0.885351 0.839472 0.508203 0.429478 0.475428 0.459297 0.410724 0.422060 0.783140 0.518577 0.512843 0.551164 0.676134 0.616647 0.651160 0.913015 0.420790 0.432329 0.461302 0.562309 0.356240 0.490234 0.292321 0.320112 0.516815 0.467985 0.455519 0.403690 0.599020 0.486680 0.573991 0.590547 0.452391 0.388412 0.743039 0.672935 0.657291 0.577329 0.502686 0.534291 0.385895 0.371047 0.436622 0.493438 0.605159 0.504765 0.846629 0.799291 0.915691 0.739953 0.840410 0.928093 0.934688 0.958891 0.646104 0.775284 0.705003 0.602179 0.558228 0.504876 0.726681 0.721666 0.567369 0.589474 0.626032 0.681396 0.983587 0.888759 0.861770 0.814168 0.792997 0.577988 0.599326 0.734012 0.604611 0.896676
0.449103 0.499465 0.362572 0.333100 0.810307 0.699240 0.387425 0.388215 0.520412 0.519340 0.575907 0.430466 0.434939 0.480488 0.342583 0.386501 0.507237 0.502984 0.425355 0.509693 0.638880 0.759862 0.283517 0.351367 0.520982 0.424789 0.886236 0.936255 0.460892 0.367830 0.000000 0.306364 0.298650 0.320506 0.629105 0.681647 0.576065 0.745533 0.696868 0.927199 0.941915 0.794673 0.320160 0.315939 0.289959 0.321053 0.290603 0.314968 0.556594 0.429752 0.349400 0.340518 0.488116 0.528550 0.573290 0.732050 0.675853 0.708820 0.386360 0.485141 0.330127 0.440355 0.457796 0.465155 0.354508 0.345669 0.288545 0.319073 0.779380 0.511242 0.408450 0.427698 0.405987 0.316287 0.718446 0.804496 0.451792 0.552975 0.439345 0.543515 0.445652 0.489545 0.477931 0.576490 0.477613 0.413704 0.908731 0.848627 0.823964 0.659689 0.691651 0.838474 0.726053 0.862432 0.575036 0.763832 0.486597 0.589706 0.466174 0.450234 0.658091 0.682482 0.557646 0.617129 0.454557 0.518142 0.812927 0.755191 0.813025 0.803643 0.746327 0.510585 0.481961 0.682630 0.415976 0.888404
0.548635 0.631369 0.401322 0.376553 0.959886 0.815072 0.413104 0.416062 0.482658 0.456255 0.604630 0.489850 0.550519 0.601411 0.447171 0.493326 0.489204 0.463008 0.455878 0.467415 0.752555 0.628810 0.413802 0.443279 0.546156 0.465668 0.983692 0.974281 0.529327 0.438247 0.306364 0.000000 0.351224 0.394545 0.719946 0.843082 0.707867 0.807032 0.697430 0.905437 0.885760 0.811262 0.399690 0.381832 0.419842 0.490018 0.458740 0.414340 0.740167 0.616903 0.520265 0.546331 0.672713 0.654528 0.757268 0.917980 0.657150 0.750538 0.508978 0.694637 0.472336 0.631939 0.563579 0.578432 0.480152 0.473533 0.427137 0.440720 0.744562 0.678510 0.536438 0.570444 0.474513 0.427622 0.733878 0.860502 0.560898 0.577773 0.518188 0.552541 0.570465 0.576570 0.639892 0.754130 0.641696 0.536548 0.994710 0.890441 0.929774 0.810640 0.667425 0.815283 0.778221 0.795191 0.684619 0.788962 0.567677 0.670850 0.492096 0.484935 0.717723 0.659167 0.698269 0.560096 0.545941 0.592938 0.941058 0.811626 0.903804 0.874150 0.673250 0.531404 0.537952 0.771397 0.482246 0.771161
0.399912 0.472345 0.330056 0.265293 0.788469 0.711487 0.295963 0.268092 0.531067 0.452392 0.534523 0.416399 0.430454 0.514552 0.425363 0.444095 0.443944 0.377005 0.359858 0.386262 0.620808 0.584009 0.340761 0.458691 0.646764 0.448875 0.890668 0.949485 0.446471 0.377919 0.298650 0.351224 0.000000 0.286919 0.770204 0.694216 0.667536 0.869153 0.786421 0.874675 0.868517 0.779480 0.284894 0.266136 0.282187 0.283664 0.282596 0.343208 0.623695 0.469782 0.395689 0.383847 0.532761 0.507393 0.625945 0.719561 0.571464 0.574940 0.347946 0.479406 0.325300 0.384732 0.438196 0.461219 0.341750 0.300642 0.266351 0.249199 0.729673 0.494628 0.365470 0.414654 0.477774 0.381712 0.837639 0.732866 0.371837 0.558907 0.374963 0.528720 0.418788 0.376665 0.504413 0.536337 0.458170 0.363066 0.971688 0.917280 0.837041 0.666741 0.513206 0.639469 0.591349 0.713775 0.547567 0.604300 0.424141 0.479419 0.354003 0.290584 0.633007 0.606855 0.611179 0.472184 0.393653 0.453852 0.965303 0.734983 0.808938 0.777598 0.696039 0.463839 0.397635 0.667166 0.471814 0.858436
0.407060 0.465806 0.349300 0.292904 0.764457 0.693481 0.272546 0.263995 0.523163 0.422644 0.441740 0.441799 0.462867 0.542924 0.495569 0.506605 0.434774 0.333667 0.274787 0.348187 0.576932 0.660355 0.444206 0.473817 0.752903 0.512423 0.813237 0.984418 0.412439 0.307709 0.320506 0.394545 0.286919 0.000000 0.755492 0.746969 0.635150 0.785596 0.825116 0.842716 0.914325 0.829437 0.301524 0.250265 0.284690 0.290388 0.291575 0.362254 0.674521 0.434022 0.411075 0.389926 0.553016 0.493632 0.707637 0.773178 0.525102 0.576821 0.367450 0.535291 0.335430 0.467013 0.407714 0.446765 0.403592 0.334172 0.269845 0.268786 0.807873 0.554459 0.458517 0.444176 0.512600 0.442563 0.765910 0.681849 0.440787 0.523242 0.459737 0.448853 0.461467 0.395850 0.565118 0.561438 0.550301 0.487957 0.926125 0.911822 0.916448 0.790336 0.558607 0.638067 0.644218 0.644212 0.553545 0.655568 0.602556 0.561157 0.328291 0.325257 0.601246 0.576805 0.518967 0.395285 0.448149 0.583847 0.835028 0.674857 0.848807 0.874913 0.702727 0.357938 0.423864 0.657568 0.428916 0.764790
0.761796 0.913009 0.778898 0.764447 0.971334 0.658572 0.814459 0.838768 0.738652 0.893046 0.961270 0.852318 0.798330 0.888171 0.668731 0.768575 0.988181 0.998241 0.925863 0.912586 0.849957 0.921073 0.627634 0.686765 0.576168 0.665984 0.989405 0.914367 0.883591 0.940175 0.629105 0.719946 0.770204 0.755492 0.000000 0.931505 0.745592 0.927313 0.906714 0.906342 0.976851 0.930122 0.725815 0.810781 0.668006 0.691388 0.707195 0.806388 0.665410 0.671397 0.737220 0.689611 0.762344 0.913697 0.587870 0.643212 0.884435 0.988170 0.736897 0.678745 0.711934 0.763727 0.837763 0.873274 0.637683 0.696657 0.704074 0.746058 0.949973 0.709289 0.887099 0.856081 0.777034 0.813591 0.763431 0.989398 0.796349 0.897007 0.770290 0.823792 0.751618 0.780464 0.881235 0.871528 0.570289 0.621613 0.999601 0.878019 0.823223 0.709869 0.920366 0.929884 0.917572 0.992720 0.745179 0.923726 0.795664 0.844163 0.782632 0.878407 0.964656 0.917794 0.929011 0.997415 0.758303 0.815044 0.937085 0.948452 0.705988 0.969920 0.746115 0.745124 0.872107 0.893598 0.808066 0.908669
0.698737 0.687488 0.830661 0.804812 0.974237 0.894459 0.751207 0.791598 0.859586 0.772533 0.815738 0.843721 0.819728 0.930128 0.956180 0.885993 0.659107 0.803096 0.746730 0.845027 0.980045 0.982429 0.838352 0.932911 0.958377 0.775374 0.786893 0.924106 0.866338 0.740646 0.681647 0.843082 0.694216 0.746969 0.931505 0.000000 0.971317 0.754710 0.837997 0.940338 0.837437 0.831050 0.652146 0.613022 0.605286 0.635295 0.661817 0.617998 0.743273 0.690225 0.594691 0.634942 0.720054 0.726651 0.791506 0.848563 0.737661 0.735287 0.649454 0.711400 0.812559 0.819180 0.721778 0.729854 0.806648 0.818754 0.639642 0.635583 0.810724 0.619317 0.706837 0.495570 0.882017 0.710572 0.988881 0.988851 0.726146 0.774148 0.641682 0.768683 0.712960 0.794292 0.726590 0.723632 0.880987 0.849822 0.984497 0.909067 0.967786 0.911153 0.859022 0.862243 0.926887 0.861835 0.849473 0.897313 0.718005 0.692744 0.777695 0.771603 0.880174 0.733518 0.681801 0.819629 0.846216 0.887052 0.772311 0.912749 0.814919 0.950888 0.690707 0.784771 0.713722 0.841121 0.764217 0.919135
0.634569 0.652674 0.655935 0.650261 0.934775 0.938498 0.745709 0.715663 0.858482 0.883568 0.818610 0.686226 0.724547 0.687479 0.657157 0.768565 0.716424 0.711696 0.706358 0.763795 0.739588 0.947677 0.652351 0.729296 0.653012 0.666142 0.857815 0.899990 0.722406 0.744771 0.576065 0.707867 0.667536 0.635150 0.745592 0.971317 0.000000 0.872062 0.738150 0.893942 0.872161 0.765794 0.718463 0.716338 0.658117 0.708893 0.639691 0.680582 0.711182 0.727009 0.681178 0.723594 0.800264 0.985745 0.878107 0.898979 0.748369 0.709757 0.632715 0.664512 0.605285 0.608118 0.719937 0.659280 0.562747 0.604402 0.711474 0.628763 0.866261 0.699470 0.928201 0.834230 0.683464 0.674521 0.812506 0.971894 0.707353 0.744764 0.641139 0.902419 0.737313 0.795488 0.804742 0.794581 0.591753 0.638285 0.855086 0.994742 0.754367 0.750374 0.967640 0.927693 0.880497 0.951563 0.690123 0.726575 0.822796 0.845466 0.714967 0.742423 0.907196 0.955636 0.700543 0.756608 0.545774 0.770212 0.994875 0.792564 0.804611 0.731854 0.998399 0.622955 0.839898 0.994848 0.720453 0.849272
0.727780 0.701769 0.900625 0.908460 0.892351 0.747523 0.958320 0.904139 0.993954 0.885317 0.812293 0.741779 0.828397 0.738455 0.812210 0.804001 0.705336 0.787015 0.885340 0.790835 0.907370 0.868076 0.891828 0.865308 0.898186 0.947027 0.933963 0.988288 0.754234 0.738177 0.745533 0.807032 0.869153 0.785596 0.927313 0.754710 0.872062 0.000000 0.917021 0.970989 0.760043 0.965004 0.846561 0.826278 0.852415 0.840192 0.889806 0.845903 0.873816 0.806201 0.740777 0.826937 0.966177 0.968728 0.982518 0.982984 0.639473 0.652647 0.794262 0.787057 0.833087 0.819601 0.734593 0.624222 0.826182 0.884698 0.870397 0.799398 0.892007 0.848415 0.951822 0.890702 0.755168 0.770814 0.866492 0.893582 0.877150 0.653567 0.896410 0.918970 0.907268 0.955675 0.765259 0.975026 0.949253 0.948097 0.836855 0.975439 0.979631 0.975417 0.895244 0.926224 0.924823 0.907708 0.972346 0.936895 0.942190 0.807699 0.843508 0.941702 0.897005 0.915821 0.778899 0.942261 0.936402 0.884147 0.884944 0.909669 0.965327 0.809533 0.858880 0.883698 0.958535 0.878382 0.805054 0.889059
