0.000000 0.436028 0.782660 0.539713 0.911720 0.753810 0.657047 0.560551 0.941432 0.667748 0.518276 0.595716 0.961672 0.932654 0.971880 0.969760 0.451196 0.322653 0.484873 0.457933 0.910637 0.955783 0.938172 0.828924 0.906505 0.997675 0.932369 0.998110 0.654607 0.671430 0.819844 0.881101 0.476182 0.506812 0.737840 0.994417 0.589952 0.700484 0.920540 0.982110 0.698799 0.676067 0.912024 0.877454 0.865329 0.749565 0.595347 0.622850 0.747355 0.649763 0.761499 0.678132 0.783219 0.901755 0.556788 0.535688 0.362284 0.370383 0.350357 0.402888 0.607669 0.618444 0.451995 0.391321 0.907325 0.873377 0.652477 0.727990 0.561007 0.548169 0.820751 0.852094 0.802879 0.855202 0.963731 0.972233 0.968671 0.724841 0.797404 0.900989 0.398450 0.357905 0.724082 0.423759 0.614477 0.811657 0.989479 0.954140 0.771270 0.417282 0.766175 0.966040 0.857411 0.922323 0.738027 0.899962 0.604059 0.846285 0.631420 0.600998 0.855518 0.983998 0.440513 0.649823 0.666287 0.581588 0.974445 0.818384 0.979082 0.811404 0.953064 0.687171 0.730400 0.881880 0.802785 0.928541
0.436028 0.000000 0.691587 0.475773 0.902123 0.813730 0.640486 0.549842 0.876935 0.701123 0.690480 0.609202 0.973849 0.808689 0.968938 0.959047 0.560180 0.454550 0.480018 0.430048 0.885867 0.918427 0.881289 0.998911 0.988672 0.961629 0.891971 0.864572 0.730744 0.677771 0.719940 0.785098 0.567743 0.552018 0.814191 0.955376 0.719402 0.679504 0.975348 0.967918 0.711800 0.732068 0.737358 0.644383 0.740449 0.638438 0.609399 0.588529 0.663049 0.580433 0.656160 0.577777 0.664295 0.872559 0.650591 0.652849 0.378997 0.363671 0.463888 0.433223 0.723216 0.670266 0.686466 0.551414 0.978767 0.822275 0.638751 0.616575 0.578315 0.473439 0.694348 0.620993 0.681603 0.737005 0.928952 0.913358 0.748725 0.595747 0.891887 0.830011 0.619862 0.518968 0.711878 0.575275 0.720813 0.827984 0.960126 0.984332 0.780212 0.517407 0.675220 0.797842 0.729590 0.840763 0.692241 0.858644 0.527685 0.836928 0.619815 0.474843 0.741492 0.796511 0.505080 0.603443 0.607573 0.583190 0.825458 0.728669 0.983165 0.685719 0.965586 0.580638 0.623964 0.764101 0.757043 0.990039
0.782660 0.691587 0.000000 0.686442 0.932967 0.873336 0.609158 0.907800 0.677999 0.905790 0.951118 0.921497 0.983626 0.951235 0.914992 0.865803 0.915233 0.797322 0.854424 0.813923 0.902213 0.891185 0.863915 0.968626 0.819281 0.794998 0.929079 0.971587 0.984501 0.973467 0.783508 0.930771 0.713756 0.893126 0.729012 0.935421 0.592259 0.661870 0.966081 0.937592 0.777853 0.726864 0.833482 0.746955 0.760051 0.769296 0.812283 0.803131 0.777902 0.696311 0.621657 0.631174 0.636232 0.604510 0.840603 0.818785 0.677268 0.583106 0.668484 0.844356 0.876827 0.956135 0.939144 0.847917 0.703498 0.852415 0.595979 0.815542 0.719191 0.711554 0.888179 0.655599 0.920997 0.917721 0.851358 0.992694 0.822742 0.749549 0.858521 0.869031 0.886303 0.931401 0.764274 0.692345 0.815222 0.995667 0.872786 0.862762 0.786661 0.844755 0.725721 0.706010 0.661883 0.646759 0.821150 0.983507 0.726595 0.888452 0.749189 0.777761 0.837733 0.802616 0.773237 0.860754 0.729824 0.668533 0.806482 0.671932 0.967461 0.748630 0.891554 0.825844 0.747286 0.965008 0.806526 0.789824
0.539713 0.475773 0.686442 0.000000 0.932296 0.790092 0.694797 0.560978 0.951380 0.722678 0.692122 0.693000 0.937545 0.758920 0.922652 0.897354 0.682872 0.562750 0.491098 0.428882 0.981908 0.990004 0.759857 0.841498 0.896183 0.838388 0.994117 0.899971 0.659508 0.642397 0.658736 0.677248 0.580123 0.625484 0.859255 0.896741 0.716899 0.785000 0.977635 0.990258 0.791212 0.739310 0.826879 0.734647 0.839904 0.799947 0.731649 0.600943 0.824673 0.683638 0.766647 0.644773 0.716873 0.913512 0.735549 0.635399 0.500796 0.498646 0.602063 0.527818 0.820977 0.705677 0.696599 0.635147 0.972258 0.866611 0.700355 0.656986 0.699915 0.621298 0.655227 0.649767 0.764628 0.688855 0.984623 0.982098 0.691257 0.656038 0.935230 0.789335 0.749748 0.680552 0.661181 0.666582 0.695462 0.842831 0.930265 0.849665 0.821838 0.596034 0.619497 0.866553 0.673019 0.901294 0.772220 0.881159 0.596286 0.847712 0.670639 0.576026 0.698200 0.932566 0.549805 0.634129 0.555538 0.532395 0.968189 0.816616 0.892555 0.732491 0.926611 0.620585 0.686858 0.840956 0.681162 0.925755
0.911720 0.902123 0.932967 0.932296 0.000000 0.985628 0.932758 0.908272 0.878514 0.902625 0.891785 0.900324 0.750449 0.875675 0.795114 0.749577 0.944940 0.983468 0.939991 0.968692 0.711536 0.981068 0.717562 0.723613 0.926188 0.844927 0.814555 0.928387 0.956280 0.905029 0.867855 0.942966 0.955977 0.987017 0.987018 0.888360 0.934510 0.716687 0.956806 0.953524 0.894171 0.913344 0.800140 0.789713 0.993294 0.976618 0.783212 0.974195 0.916656 0.896026 0.832615 0.822954 0.927124 0.852546 0.919534 0.955442 0.900820 0.925682 0.835206 0.873946 0.897723 0.954625 0.960154 0.959811 0.933537 0.939605 0.919645 0.838535 0.982974 0.940952 0.937540 0.967194 0.988376 0.911835 0.866013 0.889377 0.859271 0.932873 0.697204 0.926699 0.904689 0.973000 0.821354 0.979786 0.747396 0.882059 0.875914 0.713111 0.997642 0.964589 0.913481 0.965754 0.848827 0.941042 0.891031 0.867484 0.964691 0.963394 0.991220 0.933634 0.975936 0.884804 0.996361 0.897120 0.906559 0.987715 0.907008 0.931775 0.912602 0.939394 0.997751 0.986335 0.909842 0.949954 0.954621 0.921705
0.753810 0.813730 0.873336 0.790092 0.985628 0.000000 0.782058 0.671512 0.952157 0.664074 0.846240 0.758119 0.907259 0.804884 0.847934 0.852138 0.844443 0.816128 0.832232 0.922550 0.961833 0.905255 0.960813 0.883113 0.850870 0.943536 0.973631 0.977526 0.851432 0.863796 0.866821 0.949647 0.796771 0.793447 0.971654 0.984228 0.993336 0.915053 0.955903 0.990667 0.882421 0.977982 0.725982 0.735848 0.728324 0.645232 0.616858 0.737699 0.749251 0.913033 0.698407 0.786893 0.904162 0.951361 0.720634 0.712439 0.885664 0.860542 0.771802 0.680655 0.622037 0.575381 0.709465 0.723603 0.839801 0.643788 0.665899 0.664192 0.853915 0.907410 0.891899 0.997329 0.771660 0.801733 0.921047 0.787283 0.877920 0.837642 0.863346 0.968521 0.684314 0.687407 0.956718 0.835869 0.922673 0.843410 0.929122 0.913372 0.967955 0.874835 0.776467 0.937325 0.845766 0.931795 0.955414 0.969781 0.774778 0.790257 0.688307 0.694273 0.758638 0.963925 0.780422 0.784054 0.740836 0.828099 0.969168 0.931411 0.988340 0.854416 0.880227 0.707704 0.843045 0.769559 0.800568 0.990501
0.657047 0.640486 0.609158 0.694797 0.932758 0.782058 0.000000 0.398123 0.664226 0.363779 0.631556 0.743355 0.928516 0.888205 0.753768 0.846670 0.620748 0.590812 0.631279 0.693611 0.895970 0.960638 0.940217 0.783578 0.625994 0.744054 0.703654 0.628361 0.665076 0.686024 0.727849 0.858563 0.595013 0.474581 0.903261 0.940692 0.806407 0.837937 0.860716 0.997144 0.770405 0.912242 0.803409 0.773380 0.436080 0.467377 0.740851 0.646692 0.608880 0.699170 0.652757 0.733098 0.636528 0.780581 0.821243 0.797508 0.759810 0.664070 0.593895 0.646173 0.442182 0.576545 0.574434 0.485807 0.687352 0.981934 0.516871 0.573738 0.854012 0.670394 0.743410 0.666543 0.819002 0.742016 0.770952 0.883725 0.847552 0.653189 0.842381 0.961539 0.651466 0.695529 0.932018 0.677973 0.938030 0.777434 0.860674 0.791840 0.885416 0.925765 0.447027 0.620923 0.506905 0.750197 0.777594 0.969990 0.634641 0.829717 0.385738 0.495653 0.634650 0.799368 0.560532 0.614642 0.702217 0.665127 0.799809 0.836683 0.902635 0.706945 0.990224 0.644515 0.582000 0.677302 0.983517 0.994870
0.560551 0.549842 0.907800 0.560978 0.908272 0.671512 0.398123 0.000000 0.774932 0.301412 0.432786 0.421233 0.972548 0.870729 0.734466 0.977406 0.520644 0.477501 0.551389 0.527886 0.863706 0.933387 0.982733 0.895370 0.550087 0.691211 0.692472 0.611212 0.484120 0.443417 0.735200 0.801721 0.602566 0.327748 0.888898 0.970448 0.970399 0.995313 0.856905 0.933661 0.772861 0.968536 0.934110 0.863594 0.636360 0.613418 0.751841 0.677579 0.752484 0.870872 0.888534 0.909879 0.936923 0.867715 0.752412 0.745568 0.680902 0.648840 0.604820 0.508645 0.368617 0.312176 0.421123 0.328907 0.569144 0.704696 0.633884 0.514453 0.948400 0.692743 0.762749 0.787367 0.725209 0.627822 0.875811 0.920050 0.891727 0.739299 0.928387 0.994431 0.573427 0.609938 0.958946 0.646623 0.955072 0.951029 0.820563 0.840899 0.959180 0.772130 0.585241 0.935469 0.721038 0.928495 0.745978 0.991348 0.634751 0.867857 0.467307 0.524716 0.588165 0.948460 0.514450 0.629316 0.739710 0.686657 0.975362 0.965191 0.877623 0.724374 0.877137 0.590431 0.647708 0.647080 0.972367 0.814868
0.941432 0.876935 0.677999 0.951380 0.878514 0.952157 0.664226 0.774932 0.000000 0.735167 0.925667 0.942889 0.947814 0.989743 0.933704 0.956109 0.937303 0.901687 0.925916 0.953050 0.992092 0.853902 0.908472 0.965081 0.920452 0.933923 0.959544 0.914988 0.957701 0.926722 0.969942 0.946034 0.821632 0.890169 0.896899 0.941208 0.994701 0.981230 0.969136 0.969059 0.913154 0.974430 0.977371 0.931902 0.759407 0.814796 0.919282 0.976011 0.889364 0.959232 0.811579 0.897818 0.855882 0.741077 0.910601 0.929116 0.936362 0.808387 0.893734 0.966349 0.758027 0.874500 0.967119 0.890170 0.908358 0.935832 0.695657 0.832304 0.979383 0.897270 0.988039 0.882514 0.901665 0.935343 0.844235 0.829406 0.741416 0.894566 0.929897 0.982637 0.947294 0.923950 0.908557 0.821276 0.999410 0.927658 0.968599 0.861824 0.951716 0.956340 0.731797 0.745317 0.771603 0.768723 0.947319 0.901603 0.741686 0.985423 0.821407 0.841239 0.931080 0.838115 0.939432 0.954400 0.888984 0.944306 0.965680 0.825381 0.828409 0.887633 0.991349 0.801058 0.835130 0.815132 0.981829 0.962821
0.667748 0.701123 0.905790 0.722678 0.902625 0.664074 0.363779 0.301412 0.735167 0.000000 0.534688 0.552456 0.927714 0.968436 0.648602 0.894247 0.586117 0.549721 0.624385 0.690580 0.909404 0.976419 0.897683 0.750646 0.420560 0.532871 0.667575 0.595005 0.584733 0.533723 0.871333 0.897322 0.684972 0.459196 0.948454 0.918236 0.965585 0.911844 0.772651 0.997662 0.804734 0.991781 0.994415 0.956646 0.587104 0.602809 0.787509 0.741896 0.718833 0.897697 0.880253 0.968834 0.911420 0.909433 0.826249 0.740779 0.821568 0.747206 0.623497 0.600497 0.399898 0.405271 0.495731 0.435834 0.473571 0.813309 0.647639 0.608366 0.979489 0.686756 0.773217 0.789766 0.857844 0.729034 0.767727 0.932591 0.906687 0.828802 0.877861 0.904416 0.605741 0.691156 0.880450 0.737479 0.964265 0.774822 0.753377 0.780773 0.816281 0.896932 0.621093 0.879991 0.741490 0.962335 0.812151 0.994083 0.717315 0.845848 0.473037 0.559032 0.673738 0.975172 0.583589 0.650293 0.807835 0.701755 0.968980 0.936884 0.945998 0.768276 0.880277 0.661137 0.704538 0.612314 0.979439 0.892488
0.518276 0.690480 0.951118 0.692122 0.891785 0.846240 0.631556 0.432786 0.925667 0.534688 0.000000 0.481751 0.944151 0.979573 0.754665 0.917704 0.441016 0.495732 0.615458 0.506555 0.941424 0.779668 0.888820 0.853905 0.748675 0.772864 0.854631 0.782416 0.534539 0.493572 0.810730 0.908450 0.643647 0.441290 0.813528 0.989858 0.875568 0.973785 0.862693 0.976380 0.759845 0.897741 0.869084 0.885238 0.862637 0.818915 0.889092 0.839714 0.851399 0.909357 0.970792 0.989130 0.927181 0.732521 0.823875 0.760210 0.671730 0.716946 0.612831 0.581436 0.512070 0.464115 0.399572 0.385570 0.643118 0.812418 0.752407 0.681297 0.896623 0.683602 0.944646 0.934479 0.843914 0.826228 0.974681 0.917833 0.912527 0.939978 0.907546 0.993719 0.533926 0.546095 0.889654 0.602341 0.869861 0.975452 0.905398 0.871558 0.993129 0.722221 0.778321 0.852286 0.934521 0.751855 0.745266 0.965486 0.753546 0.967099 0.718481 0.710380 0.752184 0.965371 0.556462 0.744455 0.871158 0.761490 0.768585 0.933448 0.840274 0.765355 0.941513 0.767141 0.788098 0.883703 0.999264 0.833701
0.595716 0.609202 0.921497 0.693000 0.900324 0.758119 0.743355 0.421233 0.942889 0.552456 0.481751 0.000000 0.720884 0.627860 0.945841 0.720918 0.525160 0.516122 0.549353 0.548287 0.930308 0.888901 0.971001 0.928205 0.670108 0.672410 0.899968 0.785396 0.489224 0.447997 0.956546 0.865880 0.686655 0.413525 0.832660 0.888929 0.927584 0.895781 0.940168 0.941724 0.776172 0.991012 0.954007 0.999350 0.912896 0.854644 0.738469 0.839872 0.954523 0.905224 0.907417 0.904943 0.803023 0.635696 0.648395 0.698390 0.648436 0.728497 0.755771 0.659027 0.461720 0.389575 0.404427 0.405087 0.746212 0.580130 0.811411 0.730476 0.911046 0.734731 0.923068 0.977412 0.723368 0.716401 0.983820 0.988523 0.980521 0.862947 0.976507 0.956704 0.533635 0.533681 0.823683 0.651316 0.754773 0.690681 0.927211 0.965769 0.819700 0.708931 0.972512 0.760953 0.953696 0.640251 0.739621 0.951115 0.761783 0.999176 0.783790 0.821181 0.753915 0.921941 0.627402 0.795573 0.887007 0.813246 0.817849 0.975630 0.840143 0.847293 0.895642 0.749362 0.831643 0.866655 0.972351 0.741187
0.961672 0.973849 0.983626 0.937545 0.750449 0.907259 0.928516 0.972548 0.947814 0.927714 0.944151 0.720884 0.000000 0.521856 0.488537 0.449593 0.931688 0.884185 0.969810 0.956759 0.816063 0.889233 0.720395 0.671447 0.961625 0.897194 0.728875 0.855600 0.989746 0.932905 0.719059 0.879592 0.931063 0.979303 0.915084 0.889961 0.951369 0.922069 0.858210 0.949326 0.825815 0.981605 0.947512 0.997016 0.970506 0.955659 0.897878 0.960043 0.957744 0.824953 0.971970 0.870046 0.858462 0.850534 0.680262 0.849137 0.881038 0.845846 0.745869 0.686111 0.812714 0.954204 0.818150 0.958291 0.764158 0.912243 0.946505 0.779546 0.991031 0.898952 0.834376 0.844707 0.995105 0.989504 0.905697 0.874528 0.979114 0.967708 0.844108 0.870343 0.906013 0.898375 0.800690 0.897462 0.538571 0.496589 0.986968 0.679720 0.705336 0.995838 0.890455 0.910948 0.978372 0.866767 0.862553 0.940945 0.907540 0.917042 0.968725 0.787243 0.931568 0.957311 0.973494 0.932377 0.978488 0.899018 0.794797 0.962372 0.984708 0.934553 0.869648 0.955386 0.856495 0.943705 0.942891 0.883944
0.932654 0.808689 0.951235 0.758920 0.875675 0.804884 0.888205 0.870729 0.989743 0.968436 0.979573 0.627860 0.521856 0.000000 0.525998 0.414585 0.981292 0.921963 0.690332 0.730993 0.915718 0.919584 0.639839 0.526551 0.962499 0.992855 0.690488 0.873022 0.750030 0.749063 0.942403 0.738321 0.923310 0.896964 0.892703 0.984474 0.816777 0.924129 0.964366 0.941961 0.857563 0.925556 0.866301 0.878052 0.960268 0.917616 0.784493 0.827010 0.940474 0.972031 0.972396 0.970254 0.990043 0.922913 0.843101 0.738664 0.887795 0.972121 0.840191 0.959923 0.910574 0.841609 0.790663 0.895898 0.855836 0.782075 0.993460 0.982542 0.979915 0.993141 0.927347 0.915493 0.821476 0.801553 0.924070 0.975459 0.751811 0.959031 0.877910 0.916611 0.843256 0.844831 0.770602 0.875638 0.619538 0.511321 0.929045 0.634030 0.827813 0.810950 0.998965 0.919819 0.995403 0.834917 0.813534 0.922194 0.904088 0.825647 0.969778 0.967141 0.849090 0.974528 0.931555 0.940709 0.930341 0.922506 0.764568 0.951243 0.929084 0.965087 0.840626 0.815345 0.945086 0.942791 0.876083 0.857519
0.971880 0.968938 0.914992 0.922652 0.795114 0.847934 0.753768 0.734466 0.933704 0.648602 0.754665 0.945841 0.488537 0.525998 0.000000 0.454428 0.834288 0.923522 0.869169 0.938960 0.985493 0.895469 0.535830 0.529540 0.721854 0.830026 0.561669 0.785142 0.935165 0.867580 0.853963 0.925992 0.973942 0.861772 0.915244 0.977593 0.947523 0.957226 0.766517 0.978898 0.920542 0.866816 0.928616 0.982443 0.880635 0.901649 0.935613 0.920594 0.932157 0.999297 0.987356 0.946647 0.913011 0.935190 0.846433 0.879762 0.956143 0.964994 0.750771 0.701448 0.853749 0.719545 0.977624 0.856470 0.532241 0.879889 0.882876 0.658950 0.787755 0.912476 0.943333 0.940267 0.958420 0.982761 0.994680 0.888285 0.864828 0.985602 0.805321 0.951085 0.999633 0.901044 0.605290 0.894443 0.461138 0.481704 0.834637 0.588862 0.662281 0.869466 0.861974 0.994447 0.997554 0.983353 0.867614 0.974860 0.987161 0.841387 0.863776 0.793824 0.880366 0.966116 0.962227 0.936798 0.949002 0.971530 0.924914 0.966912 0.989456 0.873016 0.964815 0.961183 0.876568 0.777488 0.820206 0.969603
0.969760 0.959047 0.865803 0.897354 0.749577 0.852138 0.846670 0.977406 0.956109 0.894247 0.917704 0.720918 0.449593 0.414585 0.454428 0.000000 0.904523 0.956746 0.867795 0.903252 0.948190 0.982614 0.466085 0.432453 0.898680 0.997505 0.640875 0.845541 0.880532 0.843334 0.983649 0.787954 0.923011 0.986065 0.972114 0.969665 0.807017 0.880608 0.849595 0.912376 0.971564 0.885442 0.999511 0.955849 0.863029 0.903961 0.950841 0.950323 0.803178 0.836937 0.890022 0.927334 0.946619 0.922576 0.905827 0.914844 0.997425 0.909097 0.695606 0.834643 0.933968 0.949172 0.913986 0.958703 0.712937 0.790877 0.912301 0.854323 0.999945 0.918533 0.973425 0.923484 0.827209 0.836274 0.966240 0.948144 0.852160 0.925107 0.833673 0.966484 0.997033 0.900541 0.627044 0.892014 0.553015 0.453264 0.906684 0.498706 0.798000 0.982775 0.920525 0.917303 0.936159 0.850152 0.875172 0.969547 0.995206 0.884563 0.859918 0.823941 0.938598 0.903054 0.939461 0.897217 0.937945 0.855485 0.828362 0.999245 0.986913 0.955819 0.782723 0.958884 0.992129 0.987289 0.850388 0.953788
0.451196 0.560180 0.915233 0.682872 0.944940 0.844443 0.620748 0.520644 0.937303 0.586117 0.441016 0.525160 0.931688 0.981292 0.834288 0.904523 0.000000 0.392951 0.587765 0.531733 0.925507 0.920888 0.861528 0.789917 0.798799 0.867108 0.810779 0.847679 0.622863 0.603928 0.848268 0.920637 0.597321 0.497392 0.810688 0.944532 0.815465 0.904722 0.885772 0.944533 0.717658 0.865964 0.979394 0.950720 0.865024 0.823038 0.774530 0.747791 0.828154 0.810355 0.908499 0.855210 0.967175 0.858408 0.658048 0.636564 0.520622 0.538558 0.467445 0.480734 0.577981 0.555843 0.460650 0.405970 0.761178 0.769919 0.696128 0.712739 0.706364 0.626278 0.835092 0.967834 0.791659 0.900170 0.876066 0.990056 0.971707 0.734717 0.840289 0.933274 0.473243 0.494636 0.872892 0.597881 0.818727 0.909704 0.969248 0.976658 0.776115 0.589794 0.834910 0.901330 0.922153 0.866531 0.742394 0.919199 0.688786 0.899863 0.649220 0.665030 0.770533 0.930066 0.494454 0.616986 0.796166 0.652244 0.989948 0.853448 0.922976 0.742267 0.985856 0.731151 0.798687 0.885152 0.852992 0.999352
0.322653 0.454550 0.797322 0.562750 0.983468 0.816128 0.590812 0.477501 0.901687 0.549721 0.495732 0.516122 0.884185 0.921963 0.923522 0.956746 0.392951 0.000000 0.505364 0.461427 0.901125 0.946558 0.931112 0.812463 0.790244 0.883773 0.931891 0.849989 0.554175 0.500421 0.778464 0.808143 0.471314 0.445060 0.774994 0.989676 0.704745 0.829043 0.983751 0.974282 0.762073 0.721684 0.961328 0.896150 0.863113 0.780767 0.662552 0.647315 0.807103 0.725552 0.846639 0.755058 0.827621 0.936449 0.670528 0.599788 0.354213 0.385934 0.387373 0.406416 0.587883 0.593962 0.444834 0.358931 0.767221 0.871933 0.634869 0.691249 0.575677 0.489731 0.790078 0.851873 0.815393 0.844243 0.910468 0.949758 0.962531 0.685286 0.783405 0.951950 0.373394 0.397426 0.737909 0.417341 0.711462 0.907330 0.994762 0.905366 0.841410 0.504629 0.830891 0.918362 0.857360 0.865991 0.705480 0.874198 0.693733 0.840003 0.618556 0.606860 0.811878 0.969337 0.406263 0.591613 0.759770 0.606991 0.938513 0.879984 0.926363 0.796065 0.968929 0.632841 0.720353 0.881577 0.857586 0.936182
0.484873 0.480018 0.854424 0.491098 0.939991 0.832232 0.631279 0.551389 0.925916 0.624385 0.615458 0.549353 0.969810 0.690332 0.869169 0.867795 0.587765 0.505364 0.000000 0.415403 0.905061 0.879027 0.744783 0.893890 0.870992 0.860289 0.909261 0.775525 0.592221 0.598208 0.736067 0.581116 0.614252 0.526758 0.860933 0.867171 0.919712 0.891102 0.808728 0.882547 0.722512 0.777082 0.858750 0.846348 0.704814 0.642596 0.651484 0.634704 0.667245 0.637505 0.810830 0.742988 0.673142 0.960493 0.683675 0.614013 0.575027 0.603144 0.660487 0.598947 0.687025 0.685420 0.531819 0.529976 0.846821 0.961516 0.795522 0.767530 0.717120 0.581816 0.615191 0.656395 0.723577 0.649934 0.981495 0.967260 0.768947 0.739120 0.979479 0.806753 0.593682 0.493367 0.679292 0.678293 0.614099 0.870488 0.978915 0.877197 0.906703 0.639951 0.658721 0.855582 0.675290 0.995543 0.630792 0.937665 0.725048 0.993023 0.600419 0.534537 0.769061 0.969922 0.540881 0.646510 0.688571 0.573536 0.967115 0.883405 0.994306 0.837325 0.900362 0.636294 0.622188 0.886472 0.861572 0.875088
0.457933 0.430048 0.813923 0.428882 0.968692 0.922550 0.693611 0.527886 0.953050 0.690580 0.506555 0.548287 0.956759 0.730993 0.938960 0.903252 0.531733 0.461427 0.415403 0.000000 0.973881 0.915380 0.845152 0.870598 0.953685 0.982928 0.984447 0.791729 0.502795 0.512057 0.661962 0.673841 0.528756 0.526865 0.850891 0.945872 0.788545 0.792227 0.973732 0.977482 0.684964 0.850580 0.897677 0.883989 0.857033 0.770965 0.700028 0.668021 0.786625 0.686999 0.849213 0.729497 0.791930 0.935525 0.837054 0.688609 0.485272 0.571652 0.574035 0.500233 0.745076 0.611357 0.573386 0.545491 0.859501 0.807761 0.761680 0.685982 0.717757 0.642824 0.670502 0.684279 0.740690 0.688689 0.927442 0.987615 0.854703 0.790433 0.924808 0.768278 0.650277 0.517965 0.670222 0.605155 0.692792 0.834177 0.949800 0.875740 0.905505 0.564609 0.763755 0.987623 0.852129 0.911287 0.696470 0.868552 0.687508 0.958221 0.677844 0.636368 0.698631 0.979073 0.578111 0.643029 0.723189 0.619283 0.931738 0.905055 0.926158 0.762953 0.948682 0.635823 0.645776 0.824084 0.829425 0.879291
0.910637 0.885867 0.902213 0.981908 0.711536 0.961833 0.895970 0.863706 0.992092 0.909404 0.941424 0.930308 0.816063 0.915718 0.985493 0.948190 0.925507 0.901125 0.905061 0.973881 0.000000 0.911960 0.768110 0.765129 0.865440 0.763946 0.979817 0.809795 0.958822 0.979011 0.915743 0.954383 0.829141 0.993732 0.914205 0.994532 0.934843 0.847070 0.794400 0.977596 0.924459 0.893212 0.855477 0.889521 0.878772 0.950962 0.767202 0.975838 0.934634 0.965828 0.861658 0.811674 0.984191 0.933329 0.888329 0.973804 0.750810 0.787627 0.732615 0.805379 0.986621 0.965889 0.957413 0.970385 0.870170 0.845497 0.784921 0.817438 0.867663 0.890636 0.966484 0.996578 0.814576 0.906211 0.935388 0.809186 0.994997 0.993511 0.827456 0.871343 0.884807 0.944285 0.996952 0.899019 0.911065 0.887928 0.952047 0.881141 0.814656 0.917849 0.824004 0.933150 0.749244 0.958630 0.865857 0.779912 0.956121 0.879739 0.873959 0.952633 0.904863 0.980040 0.929197 0.924453 0.892084 0.954952 0.861825 0.990945 0.925446 0.986082 0.975000 0.914811 0.967387 0.958594 0.860750 0.763302
0.955783 0.918427 0.891185 0.990004 0.981068 0.905255 0.960638 0.933387 0.853902 0.976419 0.779668 0.888901 0.889233 0.919584 0.895469 0.982614 0.920888 0.946558 0.879027 0.915380 0.911960 0.000000 0.937687 0.990318 0.992259 0.985839 0.999699 0.805042 0.786934 0.817394 0.860635 0.722655 0.989083 0.868375 0.977313 0.826907 0.824615 0.785124 0.937939 0.759895 0.936817 0.965010 0.838739 0.808026 0.931517 0.880022 0.855102 0.826817 0.857411 0.919015 0.773025 0.837633 0.894481 0.855656 0.901229 0.881237 0.942346 0.941122 0.876794 0.978066 0.981091 0.969343 0.851943 0.881771 0.846035 0.930767 0.880419 0.985145 0.930009 0.944689 0.907456 0.979648 0.926172 0.812830 0.935015 0.906699 0.810778 0.868462 0.920063 0.811000 0.957258 0.956195 0.911046 0.948812 0.984767 0.971070 0.996842 0.922656 0.852521 0.965365 0.957867 0.899269 0.925629 0.927574 0.880552 0.803941 0.860242 0.880765 0.941271 0.981466 0.989729 0.957719 0.990973 0.969835 0.819699 0.964491 0.765560 0.634468 0.987094 0.973215 0.913415 0.930152 0.949525 0.882411 0.869945 0.939552
0.938172 0.881289 0.863915 0.759857 0.717562 0.960813 0.940217 0.982733 0.908472 0.897683 0.888820 0.971001 0.720395 0.639839 0.535830 0.466085 0.861528 0.931112 0.744783 0.845152 0.768110 0.937687 0.000000 0.411879 0.787335 0.865924 0.728111 0.960592 0.873273 0.904802 0.784448 0.556928 0.840179 0.968730 0.975077 0.860867 0.906847 0.950834 0.975200 0.839512 0.980076 0.899062 0.917665 0.932198 0.894750 0.919743 0.952213 0.907281 0.992170 0.871489 0.924554 0.851537 0.702152 0.699139 0.984773 0.954114 0.979190 0.962955 0.718005 0.832589 0.944427 0.868136 0.960840 0.895032 0.675039 0.902450 0.994823 0.900493 0.915931 0.997189 0.741820 0.744891 0.755830 0.642500 0.940022 0.988934 0.756499 0.731817 0.757512 0.780464 0.830548 0.986731 0.571248 0.973728 0.598288 0.755995 0.749437 0.522815 0.995563 0.955822 0.750333 0.709096 0.725369 0.795820 0.810587 0.959541 0.985605 0.841485 0.936519 0.912147 0.963105 0.852527 0.976880 0.972835 0.809457 0.941591 0.991079 0.942511 0.915424 0.922253 0.837775 0.864546 0.814458 0.985096 0.857998 0.975640
0.828924 0.998911 0.968626 0.841498 0.723613 0.883113 0.783578 0.895370 0.965081 0.750646 0.853905 0.928205 0.671447 0.526551 0.529540 0.432453 0.789917 0.812463 0.893890 0.870598 0.765129 0.990318 0.411879 0.000000 0.704291 0.860070 0.656317 0.939370 0.954501 0.925481 0.872833 0.669808 0.998232 0.904550 0.955506 0.963920 0.885094 0.959019 0.900885 0.930889 0.900509 0.995101 0.994241 0.998686 0.855513 0.871673 0.882280 0.945895 0.792534 0.924970 0.866675 0.974817 0.986171 0.935424 0.966993 0.989017 0.948413 0.836891 0.602897 0.810956 0.847261 0.919661 0.837677 0.760794 0.645794 0.845807 0.799990 0.862587 0.936676 0.840608 0.902150 0.897084 0.863972 0.728758 0.885908 0.916219 0.808352 0.932414 0.734562 0.925631 0.751191 0.874702 0.711360 0.878330 0.681847 0.628842 0.844145 0.523940 0.846953 0.997351 0.987032 0.971042 0.943925 0.936793 0.845479 0.967394 0.949520 0.869188 0.796654 0.847134 0.980131 0.925243 0.835941 0.789494 0.915378 0.894759 0.930561 0.968065 0.967975 0.983500 0.832285 0.971173 0.956458 0.959255 0.845847 0.952270
0.906505 0.988672 0.819281 0.896183 0.926188 0.850870 0.625994 0.550087 0.920452 0.420560 0.748675 0.670108 0.961625 0.962499 0.721854 0.898680 0.798799 0.790244 0.870992 0.953685 0.865440 0.992259 0.787335 0.704291 0.000000 0.375936 0.670530 0.626710 0.718750 0.716489 0.854396 0.939325 0.936302 0.674445 0.920926 0.820545 0.787045 0.723934 0.808607 0.965641 0.965193 0.892858 0.821400 0.778209 0.813622 0.842657 0.991778 0.948865 0.917626 0.851794 0.831155 0.698033 0.821000 0.739106 0.965501 0.985289 0.865298 0.946141 0.929317 0.909373 0.536940 0.585102 0.663459 0.632517 0.425391 0.952064 0.999673 0.908305 0.940687 0.933455 0.930012 0.977392 0.990401 0.952358 0.787256 0.992162 0.881853 0.929859 0.964428 0.750543 0.770956 0.815499 0.758799 0.906461 0.838922 0.746507 0.760303 0.757218 0.734309 0.875954 0.901114 0.903833 0.980374 0.753569 0.995280 0.893180 0.961532 0.971534 0.744759 0.906120 0.893286 0.883637 0.840472 0.871059 0.874528 0.975055 0.970376 0.833452 0.905202 0.999740 0.972888 0.907775 0.950003 0.728353 0.733170 0.757868
0.997675 0.961629 0.794998 0.838388 0.844927 0.943536 0.744054 0.691211 0.933923 0.532871 0.772864 0.672410 0.897194 0.992855 0.830026 0.997505 0.867108 0.883773 0.860289 0.982928 0.763946 0.985839 0.865924 0.860070 0.375936 0.000000 0.718441 0.686770 0.808758 0.741268 0.721798 0.929772 0.988634 0.788269 0.874488 0.789665 0.787809 0.655709 0.832546 0.994382 0.997904 0.945364 0.709175 0.711178 0.905685 0.964989 0.930291 0.933064 0.991708 0.760843 0.705555 0.598771 0.788574 0.684243 0.973137 0.975200 0.863603 0.867761 0.948851 0.932338 0.687769 0.752926 0.746595 0.756623 0.522997 0.957157 0.853086 0.904056 0.987541 0.873416 0.915165 0.984166 0.888960 0.980172 0.919973 0.918904 0.911288 0.820552 0.971753 0.656893 0.867190 0.887410 0.860902 0.966987 0.950370 0.799002 0.819476 0.862413 0.747786 0.884752 0.964445 0.896788 0.999591 0.706498 0.979216 0.940048 0.998587 0.980223 0.893380 0.968927 0.990323 0.769982 0.921453 0.976139 0.870221 0.967725 0.866607 0.878770 0.949797 0.988628 0.986643 0.986210 0.989349 0.811455 0.790424 0.790856
0.932369 0.891971 0.929079 0.994117 0.814555 0.973631 0.703654 0.692472 0.959544 0.667575 0.854631 0.899968 0.728875 0.690488 0.561669 0.640875 0.810779 0.931891 0.909261 0.984447 0.979817 0.999699 0.728111 0.656317 0.670530 0.718441 0.000000 0.661310 0.936727 0.882805 0.988470 0.989933 0.951853 0.734495 0.931174 0.962011 0.891216 0.996386 0.898841 0.961989 0.948532 0.971288 0.898767 0.918536 0.735881 0.780281 0.985844 0.858482 0.819007 0.875034 0.957121 0.974909 0.998045 0.960374 0.977953 0.902956 0.985427 0.969344 0.826666 0.795059 0.830103 0.757569 0.939888 0.845082 0.614945 0.933935 0.998182 0.734869 0.951210 0.865568 0.914091 0.907094 0.955249 0.984392 0.955593 0.840191 0.948037 0.901954 0.924578 0.988874 0.967188 0.977157 0.712925 0.930396 0.714698 0.685418 0.889422 0.666193 0.916051 0.895233 0.808305 0.912562 0.928164 0.990909 0.870610 0.960090 0.794836 0.848840 0.754398 0.765431 0.860170 0.892234 0.908963 0.951130 0.982599 0.881849 0.797240 0.995093 0.954714 0.922792 0.996728 0.980212 0.853066 0.745964 0.903692 0.837171
0.998110 0.864572 0.971587 0.899971 0.928387 0.977526 0.628361 0.611212 0.914988 0.595005 0.782416 0.785396 0.855600 0.873022 0.785142 0.845541 0.847679 0.849989 0.775525 0.791729 0.809795 0.805042 0.960592 0.939370 0.626710 0.686770 0.661310 0.000000 0.784311 0.775069 0.901000 0.861353 0.942246 0.701150 0.985658 0.983664 0.811666 0.791285 0.820466 0.916367 0.987489 0.994906 0.967148 0.965526 0.703575 0.724673 0.987148 0.938168 0.840765 0.906304 0.986648 0.996609 0.921604 0.955143 0.886542 0.893909 0.901975 0.979683 0.917909 0.799980 0.705861 0.676103 0.856024 0.770113 0.650560 0.923969 0.918438 0.696128 0.830625 0.896802 0.916276 0.758164 0.852270 0.707251 0.892610 0.896599 0.985820 0.900408 0.976609 0.999667 0.987330 0.925486 0.928018 0.984283 0.821412 0.741360 0.918921 0.835616 0.741659 0.871875 0.809920 0.858771 0.866739 0.994360 0.868446 0.931876 0.905715 0.960485 0.712662 0.740588 0.730055 0.973708 0.939844 0.890038 0.968745 0.933359 0.822916 0.785951 0.982657 0.898479 0.988640 0.767869 0.742858 0.816866 0.820115 0.905471
0.654607 0.730744 0.984501 0.659508 0.956280 0.851432 0.665076 0.484120 0.957701 0.584733 0.534539 0.489224 0.989746 0.750030 0.935165 0.880532 0.622863 0.554175 0.592221 0.502795 0.958822 0.786934 0.873273 0.954501 0.718750 0.808758 0.936727 0.784311 0.000000 0.354668 0.663896 0.624686 0.638247 0.427751 0.925306 0.888786 0.900996 0.981106 0.875376 0.777396 0.934783 0.963531 0.964284 0.966038 0.889584 0.890516 0.863873 0.802328 0.978999 0.998294 0.953086 0.996377 0.999839 0.841130 0.904855 0.862903 0.711905 0.833070 0.807859 0.699253 0.606314 0.538019 0.512478 0.543359 0.668178 0.786033 0.763022 0.711216 0.967516 0.837531 0.792183 0.796114 0.731198 0.618364 0.855711 0.906588 0.969141 0.799571 0.900637 0.897773 0.696182 0.709693 0.883388 0.742654 0.895728 0.917891 0.926316 0.998606 0.933850 0.850219 0.837827 0.865817 0.949904 0.772938 0.688940 0.942229 0.854852 0.950164 0.736617 0.738612 0.623321 0.858680 0.666562 0.766672 0.971593 0.821675 0.951581 0.864279 0.955065 0.774513 0.800923 0.714775 0.745458 0.782461 0.988448 0.855242
0.671430 0.677771 0.973467 0.642397 0.905029 0.863796 0.686024 0.443417 0.926722 0.533723 0.493572 0.447997 0.932905 0.749063 0.867580 0.843334 0.603928 0.500421 0.598208 0.512057 0.979011 0.817394 0.904802 0.925481 0.716489 0.741268 0.882805 0.775069 0.354668 0.000000 0.645811 0.605265 0.568188 0.393410 0.880918 0.990896 0.858486 0.887746 0.964293 0.864861 0.907141 0.995150 0.864889 0.920530 0.948211 0.948853 0.957776 0.870741 0.932752 0.949099 0.848613 0.914993 0.916163 0.782732 0.944154 0.854177 0.660846 0.801687 0.804583 0.626362 0.613604 0.507793 0.527593 0.510584 0.633549 0.732913 0.798922 0.676492 0.933023 0.754311 0.800810 0.820436 0.701365 0.633251 0.981253 0.895019 0.989840 0.758143 0.920246 0.955285 0.685405 0.721722 0.781451 0.755325 0.940101 0.934998 0.973948 0.982938 0.929275 0.849788 0.857067 0.808428 0.967101 0.700584 0.722986 0.933749 0.856912 0.994645 0.799792 0.726883 0.715158 0.860780 0.692260 0.775038 0.921439 0.844059 0.968392 0.899429 0.937373 0.815002 0.876494 0.722298 0.770831 0.881229 0.935885 0.896107
0.819844 0.719940 0.783508 0.658736 0.867855 0.866821 0.727849 0.735200 0.969942 0.871333 0.810730 0.956546 0.719059 0.942403 0.853963 0.983649 0.848268 0.778464 0.736067 0.661962 0.915743 0.860635 0.784448 0.872833 0.854396 0.721798 0.988470 0.901000 0.663896 0.645811 0.000000 0.480150 0.670233 0.647621 0.929819 0.703317 0.947049 0.708114 0.924366 0.795259 0.910218 0.969109 0.819124 0.752234 0.839641 0.812880 0.875654 0.825538 0.963565 0.788106 0.789921 0.639851 0.718025 0.659939 0.861821 0.988511 0.734526 0.773400 0.839397 0.665353 0.862388 0.794621 0.845609 0.797243 0.959689 0.832359 0.656442 0.553870 0.969905 0.962225 0.651505 0.682239 0.612205 0.546389 0.870885 0.769178 0.885949 0.692138 0.855132 0.701289 0.902364 0.951301 0.838232 0.910932 0.908460 0.944161 0.979298 0.973266 0.906207 0.989418 0.655657 0.820058 0.734198 0.792434 0.714701 0.898108 0.949560 0.995415 0.737298 0.629129 0.689039 0.920670 0.793816 0.808552 0.769791 0.808860 0.803020 0.867213 0.996209 0.838546 0.901808 0.748016 0.703768 0.914353 0.761490 0.973663
0.881101 0.785098 0.930771 0.677248 0.942966 0.949647 0.858563 0.801721 0.946034 0.897322 0.908450 0.865880 0.879592 0.738321 0.925992 0.787954 0.920637 0.808143 0.581116 0.673841 0.954383 0.722655 0.556928 0.669808 0.939325 0.929772 0.989933 0.861353 0.624686 0.605265 0.480150 0.000000 0.695328 0.761611 0.890314 0.717018 0.814704 0.970394 0.901105 0.706009 0.938995 0.921595 0.912122 0.848778 0.845613 0.867568 0.959485 0.800297 0.973692 0.800789 0.931323 0.807195 0.717974 0.762503 0.955977 0.947160 0.816849 0.911290 0.946007 0.824854 0.981371 0.917296 0.894526 0.901989 0.978953 0.940494 0.933987 0.773604 0.992493 0.955121 0.557055 0.668732 0.639379 0.494298 0.974318 0.857149 0.793639 0.761351 0.985643 0.664688 0.999314 0.970471 0.765113 0.951631 0.894229 0.965219 0.910467 0.856186 0.828481 0.955712 0.737050 0.868039 0.775864 0.888325 0.791285 0.869799 0.993090 0.883691 0.815387 0.696428 0.752279 0.955651 0.826866 0.854100 0.845904 0.847989 0.931511 0.967390 0.957999 0.934025 0.849190 0.841993 0.704479 0.962454 0.796566 0.985989
0.476182 0.567743 0.713756 0.580123 0.955977 0.796771 0.595013 0.602566 0.821632 0.684972 0.643647 0.686655 0.931063 0.923310 0.973942 0.923011 0.597321 0.471314 0.614252 0.528756 0.829141 0.989083 0.840179 0.998232 0.936302 0.988634 0.951853 0.942246 0.638247 0.568188 0.670233 0.695328 0.000000 0.524691 0.794547 0.989447 0.725474 0.714556 0.991824 0.933458 0.790605 0.820959 0.887663 0.785100 0.792514 0.742575 0.645170 0.671353 0.823269 0.731280 0.729079 0.636853 0.737458 0.855382 0.729721 0.768273 0.463985 0.543868 0.530481 0.492828 0.626059 0.662002 0.593322 0.547727 0.950446 0.801789 0.564050 0.627656 0.722381 0.662073 0.818169 0.786377 0.618555 0.673493 0.942560 0.865721 0.852172 0.697570 0.725713 0.807806 0.563682 0.573519 0.708935 0.589933 0.749490 0.836447 0.989049 0.986508 0.923046 0.613433 0.632734 0.880204 0.788710 0.937889 0.925098 0.892452 0.593484 0.936042 0.647247 0.622427 0.734660 0.927447 0.589942 0.662457 0.639180 0.666497 0.965786 0.780002 0.810166 0.642144 0.942610 0.638793 0.659609 0.845866 0.733935 0.978705
0.506812 0.552018 0.893126 0.625484 0.987017 0.793447 0.474581 0.327748 0.890169 0.459196 0.441290 0.413525 0.979303 0.896964 0.861772 0.986065 0.497392 0.445060 0.526758 0.526865 0.993732 0.868375 0.968730 0.904550 0.674445 0.788269 0.734495 0.701150 0.427751 0.393410 0.647621 0.761611 0.524691 0.000000 0.794748 0.998135 0.934006 0.895790 0.955583 0.891931 0.770857 0.905318 0.926438 0.898050 0.728933 0.707946 0.782909 0.698813 0.833743 0.896446 0.947291 0.903427 0.947635 0.875604 0.724947 0.764311 0.588844 0.636592 0.602398 0.536452 0.421199 0.413289 0.385813 0.341405 0.666704 0.755556 0.623651 0.567165 0.835614 0.666769 0.812147 0.799425 0.689572 0.649977 0.990490 0.856559 0.964605 0.674356 0.924756 0.936710 0.539284 0.569311 0.814533 0.612707 0.883416 0.955889 0.993795 0.861051 0.971449 0.747694 0.679514 0.990283 0.801166 0.853199 0.684005 0.994062 0.748376 0.937174 0.570691 0.562690 0.656176 0.976188 0.513345 0.644781 0.781917 0.667874 0.960699 0.954487 0.878898 0.755997 0.887310 0.592144 0.729514 0.782165 0.935584 0.821592
0.737840 0.814191 0.729012 0.859255 0.987018 0.971654 0.903261 0.888898 0.896899 0.948454 0.813528 0.832660 0.915084 0.892703 0.915244 0.972114 0.810688 0.774994 0.860933 0.850891 0.914205 0.977313 0.975077 0.955506 0.920926 0.874488 0.931174 0.985658 0.925306 0.880918 0.929819 0.890314 0.794547 0.794748 0.000000 0.972962 0.887930 0.850432 0.924584 0.987204 0.722938 0.734840 0.944267 0.869058 0.890360 0.864083 0.874082 0.833468 0.860043 0.881071 0.872389 0.876827 0.963296 0.980873 0.875912 0.821958 0.764578 0.761023 0.793718 0.854810 0.879112 0.941109 0.756264 0.743326 0.837691 0.997521 0.767415 0.852766 0.862600 0.855269 0.986153 0.906345 0.916100 0.891889 0.926391 0.846672 0.998679 0.896406 0.995294 0.862247 0.786555 0.874134 0.809748 0.793115 0.894806 0.877353 0.841515 0.910085 0.864143 0.728717 0.988271 0.960976 0.909637 0.985462 0.840606 0.988137 0.974741 0.938771 0.858707 0.846739 0.870210 0.899213 0.830028 0.937916 0.843635 0.730879 0.913558 0.860330 0.962720 0.999336 0.858479 0.912060 0.985879 0.913564 0.977925 0.982603
0.994417 0.955376 0.935421 0.896741 0.888360 0.984228 0.940692 0.970448 0.941208 0.918236 0.989858 0.888929 0.889961 0.984474 0.977593 0.969665 0.944532 0.989676 0.867171 0.945872 0.994532 0.826907 0.860867 0.963920 0.820545 0.789665 0.962011 0.983664 0.888786 0.990896 0.703317 0.717018 0.989447 0.998135 0.972962 0.000000 0.971871 0.930514 0.843601 0.739729 0.964361 0.932591 0.740972 0.780855 0.764897 0.766460 0.911703 0.815800 0.801513 0.692052 0.778677 0.709694 0.657025 0.654290 0.919600 0.972927 0.980004 0.978805 0.998323 0.919094 0.906875 0.894976 0.973282 0.945225 0.923351 0.903964 0.868402 0.798224 0.861909 0.949694 0.810475 0.837221 0.928142 0.801354 0.938995 0.858257 0.830335 0.886254 0.894998 0.820695 0.927758 0.932241 0.925213 0.938162 0.993086 0.913043 0.914839 0.988694 0.794044 0.990761 0.760109 0.773081 0.766007 0.711003 0.839275 0.964991 0.937514 0.809581 0.812543 0.791938 0.864259 0.959363 0.908139 0.860377 0.977665 0.983680 0.930331 0.907388 0.991852 0.928600 0.954741 0.919292 0.829711 0.998284 0.916332 0.981595
0.589952 0.719402 0.592259 0.716899 0.934510 0.993336 0.806407 0.970399 0.994701 0.965585 0.875568 0.927584 0.951369 0.816777 0.947523 0.807017 0.815465 0.704745 0.919712 0.788545 0.934843 0.824615 0.906847 0.885094 0.787045 0.787809 0.891216 0.811666 0.900996 0.858486 0.947049 0.814704 0.725474 0.934006 0.887930 0.971871 0.000000 0.487793 0.806627 0.717607 0.742165 0.642202 0.759233 0.768863 0.916189 0.856188 0.740538 0.760897 0.770052 0.675341 0.640237 0.572333 0.710206 0.810218 0.714164 0.626185 0.588955 0.547596 0.569533 0.723725 0.991938 0.956036 0.903956 0.844374 0.842060 0.894953 0.725366 0.927327 0.596435 0.671299 0.918800 0.826318 0.973180 0.889928 0.981461 0.877829 0.969586 0.765691 0.816495 0.881374 0.728316 0.672398 0.804578 0.619606 0.696720 0.921164 0.967417 0.924898 0.802837 0.577687 0.781584 0.822558 0.758227 0.795738 0.888226 0.871080 0.653400 0.745415 0.786930 0.846310 0.953684 0.889366 0.648312 0.736479 0.646432 0.668228 0.844207 0.645069 0.902911 0.781444 0.942435 0.926008 0.892697 0.946896 0.785318 0.824397
0.700484 0.679504 0.661870 0.785000 0.716687 0.915053 0.837937 0.995313 0.981230 0.911844 0.973785 0.895781 0.922069 0.924129 0.957226 0.880608 0.904722 0.829043 0.891102 0.792227 0.847070 0.785124 0.950834 0.959019 0.723934 0.655709 0.996386 0.791285 0.981106 0.887746 0.708114 0.970394 0.714556 0.895790 0.850432 0.930514 0.487793 0.000000 0.918175 0.818617 0.765935 0.724909 0.696569 0.678656 0.858878 0.815713 0.740331 0.751740 0.781802 0.677608 0.595264 0.524785 0.652554 0.680771 0.851810 0.819377 0.613292 0.649889 0.672200 0.746314 0.991880 0.965865 0.994630 0.962645 0.788934 0.995037 0.674505 0.810984 0.759448 0.836789 0.841240 0.719463 0.919122 0.900983 0.899378 0.975108 0.975268 0.799368 0.825341 0.679897 0.851984 0.825636 0.918394 0.766900 0.860796 0.895014 0.981402 0.955814 0.817324 0.746765 0.797893 0.753166 0.696447 0.713342 0.880730 0.820342 0.684880 0.863108 0.789466 0.798297 0.902200 0.827396 0.812449 0.797635 0.663759 0.666970 0.726327 0.622695 0.964623 0.675574 0.959423 0.920111 0.885752 0.840099 0.749685 0.881855
