0.000000 0.386333 0.796478 0.919203 0.888747 0.645958 0.721550 0.516224 0.736022 0.691912 0.521651 0.424820 0.708225 0.640009 0.944345 0.786487 0.402545 0.416750 0.480707 0.451918 0.854080 0.880376 0.611612 0.725781 0.715426 0.773615 0.794379 0.999893 0.589257 0.537143 0.936351 0.775913 0.626885 0.588021 0.982381 0.819629 0.930619 0.993778 0.935461 0.984421 0.927119 0.824420 0.566107 0.501626 0.569713 0.550347 0.701190 0.601702 0.600240 0.569860 0.755899 0.728963 0.820242 0.823570 0.949402 0.881954 0.346216 0.486751 0.559843 0.941313 0.618447 0.737005 0.497951 0.426866 0.681468 0.873875 0.806522 0.798197 0.762407 0.673096 0.853397 0.827510 0.859111 0.714565 0.978272 0.819843 0.720396 0.843979 0.795288 0.760349 0.544595 0.635292 0.857697 0.778366 0.725782 0.731798 0.910138 0.690854 0.903252 0.920230 0.564629 0.707411 0.683926 0.842835 0.813912 0.883509 0.771469 0.803842 0.492705 0.523656 0.629362 0.697685 0.474226 0.555765 0.870214 0.760710 0.865418 0.910607 0.938296 0.929892 0.883049 0.720772 0.700833 0.822499 0.813373 0.881574
0.386333 0.000000 0.649033 0.806457 0.904613 0.754644 0.892224 0.658258 0.911002 0.732468 0.716587 0.433683 0.903683 0.730247 0.901166 0.745832 0.353489 0.327060 0.622139 0.598985 0.907249 0.822798 0.668198 0.784393 0.821058 0.770630 0.902963 0.897433 0.615481 0.403791 0.900153 0.785280 0.663052 0.662750 0.826524 0.908200 0.937027 0.883823 0.970451 0.867620 0.892483 0.810632 0.655178 0.586131 0.621767 0.533609 0.853312 0.662988 0.624563 0.589539 0.791073 0.732104 0.937510 0.871694 0.961074 0.794996 0.275471 0.296111 0.740484 0.855890 0.788038 0.665504 0.653940 0.366302 0.659782 0.918618 0.863596 0.834089 0.763307 0.661457 0.900311 0.945560 0.941119 0.830682 0.905828 0.835431 0.798235 0.819008 0.630031 0.591771 0.384116 0.550029 0.799746 0.729063 0.665048 0.835818 0.784548 0.764780 0.864614 0.949418 0.715277 0.873995 0.823976 0.943640 0.755126 0.897592 0.710824 0.891053 0.605938 0.708164 0.730209 0.779056 0.554119 0.663314 0.958877 0.881980 0.862772 0.955168 0.868052 0.908620 0.828153 0.675664 0.741655 0.898053 0.833537 0.853536
0.796478 0.649033 0.000000 0.371946 0.876907 0.916996 0.636443 0.803457 0.749627 0.907028 0.937468 0.667225 0.778111 0.905487 0.732151 0.779751 0.651988 0.602508 0.813061 0.991487 0.975204 0.970366 0.542727 0.725751 0.763304 0.681510 0.866828 0.886284 0.900569 0.649432 0.528046 0.694782 0.739984 0.814885 0.695860 0.797657 0.916745 0.945440 0.837277 0.998236 0.956396 0.731815 0.834714 0.901244 0.947538 0.830298 0.770679 0.853775 0.766978 0.935234 0.991439 0.950708 0.852121 0.763353 0.870012 0.901859 0.670330 0.555477 0.822117 0.786024 0.746390 0.955658 0.898498 0.539648 0.418837 0.516365 0.637661 0.729230 0.820304 0.848801 0.797370 0.850051 0.862168 0.858659 0.984412 0.845202 0.731598 0.737367 0.757869 0.773002 0.528456 0.557077 0.842971 0.608959 0.674883 0.851310 0.894451 0.961613 0.915022 0.998926 0.897726 0.691366 0.978155 0.655885 0.966800 0.986951 0.800036 0.971713 0.984016 0.876246 0.977576 0.783392 0.903124 0.909495 0.896703 0.835704 0.992619 0.693520 0.890376 0.947148 0.925098 0.936371 0.960327 0.957663 0.996352 0.805225
0.919203 0.806457 0.371946 0.000000 0.974577 0.925659 0.766220 0.800246 0.846130 0.764153 0.993635 0.772710 0.793433 0.767501 0.797796 0.909872 0.748927 0.728093 0.789465 0.880678 0.984763 0.984259 0.519945 0.557987 0.641249 0.643527 0.789210 0.710442 0.937552 0.731468 0.488043 0.641061 0.729014 0.833341 0.633312 0.840920 0.810521 0.973576 0.794311 0.989664 0.906870 0.838573 0.838222 0.888925 0.829447 0.740881 0.813094 0.877156 0.636103 0.901118 0.938178 0.962791 0.915320 0.789799 0.761836 0.983655 0.800924 0.690659 0.821051 0.848752 0.883195 0.946541 0.919046 0.619757 0.457524 0.496798 0.666513 0.750227 0.937271 0.915361 0.799669 0.782291 0.721543 0.761253 0.917715 0.816043 0.767297 0.813759 0.928064 0.855616 0.730592 0.748670 0.997693 0.770205 0.690373 0.713994 0.980673 0.977759 0.903205 0.836842 0.928781 0.793154 0.938185 0.718172 0.899256 0.879172 0.814493 0.949063 0.938600 0.958193 0.908447 0.757110 0.933195 0.996221 0.832947 0.826497 0.946067 0.780090 0.824147 0.913150 0.975405 0.812726 0.906494 0.813857 0.971396 0.768790
0.888747 0.904613 0.876907 0.974577 0.000000 0.751869 0.774704 0.812196 0.920191 0.774016 0.764001 0.775581 0.805811 0.806100 0.951867 0.978948 0.976080 0.910863 0.732248 0.727213 0.879377 0.927623 0.894913 0.990828 0.915558 0.815449 0.870027 0.920557 0.946751 0.907417 0.893499 0.805225 0.728898 0.803688 0.831640 0.847246 0.983475 0.891676 0.869426 0.852616 0.965238 0.897498 0.870656 0.903230 0.841842 0.847144 0.928133 0.809612 0.961055 0.957212 0.926874 0.970203 0.879352 0.893053 0.858908 0.930166 0.928282 0.924351 0.857562 0.881016 0.786571 0.929938 0.824570 0.959481 0.982430 0.944942 0.730011 0.742489 0.980189 0.996745 0.836605 0.945206 0.905191 0.807896 0.941083 0.895207 0.881896 0.810637 0.937259 0.986061 0.948884 0.857922 0.991965 0.941624 0.910923 0.978012 0.903407 0.925149 0.993756 0.785288 0.823874 0.767822 0.850738 0.799562 0.962365 0.999818 0.960118 0.969508 0.851574 0.861354 0.941991 0.874825 0.911681 0.931171 0.957897 0.995274 0.856463 0.992592 0.985737 0.919463 0.829283 0.951378 0.919556 0.909482 0.846538 0.856245
0.645958 0.754644 0.916996 0.925659 0.751869 0.000000 0.655386 0.614184 0.642448 0.547913 0.606796 0.605627 0.765749 0.832565 0.992650 0.849325 0.695821 0.672586 0.653509 0.719594 0.925279 0.954674 0.773967 0.790670 0.724603 0.715543 0.749459 0.963915 0.732095 0.721830 0.916526 0.848580 0.823688 0.655204 0.867311 0.820927 0.976313 0.970786 0.991752 0.849023 0.945829 0.905100 0.671180 0.646256 0.631252 0.638977 0.925819 0.732927 0.751565 0.822835 0.910682 0.899614 0.884638 0.818173 0.745246 0.976668 0.646454 0.861300 0.813997 0.976508 0.710584 0.855783 0.731422 0.757924 0.711601 0.863189 0.828702 0.797707 0.967510 0.904507 0.822544 0.763985 0.844865 0.731512 0.925934 0.717636 0.717409 0.795876 0.765543 0.870108 0.925480 0.828732 0.916711 0.982750 0.763167 0.734154 0.907021 0.918688 0.931891 0.703782 0.678738 0.740486 0.683745 0.776749 0.983233 0.926082 0.726265 0.830280 0.570843 0.674989 0.702704 0.696173 0.697684 0.702401 0.946214 0.892939 0.621822 0.924855 0.898790 0.985332 0.898545 0.773570 0.797253 0.766673 0.996014 0.718085
0.721550 0.892224 0.636443 0.766220 0.774704 0.655386 0.000000 0.335300 0.587312 0.463059 0.398021 0.747768 0.529570 0.706646 0.906716 0.900927 0.838991 0.835329 0.429591 0.689299 0.837209 0.905229 0.928282 0.780927 0.604489 0.730534 0.652015 0.847305 0.675364 0.801239 0.843449 0.721106 0.562288 0.438992 0.951622 0.982224 0.964199 0.823060 0.996215 0.928956 0.982723 0.770878 0.531000 0.541642 0.423220 0.552930 0.649492 0.537296 0.678779 0.704212 0.661657 0.657575 0.632195 0.535226 0.856948 0.954728 0.839488 0.937782 0.494811 0.784440 0.353395 0.742495 0.569684 0.888738 0.914633 0.871385 0.486675 0.501273 0.826605 0.957207 0.667141 0.753615 0.848900 0.710447 0.994377 0.696525 0.523042 0.642783 0.932205 0.998500 0.838239 0.854392 0.804260 0.827387 0.898857 0.731020 0.971410 0.739405 0.940529 0.703320 0.465664 0.386901 0.690884 0.538425 0.799129 0.846812 0.811667 0.805260 0.490626 0.441834 0.570154 0.525399 0.735349 0.686301 0.960651 0.724773 0.803222 0.687048 0.883377 0.970080 0.712562 0.721472 0.574070 0.864159 0.976085 0.985987
0.516224 0.658258 0.803457 0.800246 0.812196 0.614184 0.335300 0.000000 0.548372 0.442773 0.348350 0.523151 0.546406 0.529417 0.959579 0.943540 0.606478 0.611806 0.309938 0.529737 0.741373 0.886173 0.815094 0.737072 0.604261 0.721330 0.648873 0.900247 0.497636 0.589878 0.870663 0.681281 0.513972 0.401450 0.909706 0.865039 0.948930 0.894327 0.972521 0.941951 0.994139 0.923881 0.400988 0.414422 0.391982 0.476092 0.658353 0.449077 0.565385 0.597332 0.605479 0.603213 0.615509 0.558821 0.818611 0.889306 0.604700 0.843058 0.507574 0.764759 0.413161 0.636794 0.520521 0.687412 0.813956 0.915929 0.634383 0.562674 0.963529 0.844611 0.688687 0.746849 0.792618 0.678659 0.985211 0.704027 0.540832 0.696022 0.921332 0.850968 0.958348 0.977509 0.847348 0.941148 0.681965 0.634850 0.870378 0.658554 0.826964 0.770720 0.389552 0.424353 0.668473 0.620726 0.758223 0.820009 0.787908 0.739152 0.412271 0.381719 0.486097 0.464415 0.538757 0.544348 0.982623 0.704616 0.830171 0.719751 0.919804 0.971972 0.761376 0.649809 0.565080 0.802008 0.876055 0.973652
0.736022 0.911002 0.749627 0.846130 0.920191 0.642448 0.587312 0.548372 0.000000 0.674518 0.643395 0.791147 0.762842 0.799714 0.937732 0.842905 0.850870 0.862879 0.698340 0.777707 0.795274 0.944889 0.887832 0.846562 0.872815 0.945826 0.874868 0.953672 0.780573 0.916234 0.794721 0.836044 0.731438 0.679709 0.950984 0.774393 0.770480 0.896346 0.961535 0.959721 0.997613 0.936040 0.646846 0.687685 0.630132 0.709797 0.707637 0.713292 0.720122 0.615868 0.646905 0.630539 0.589827 0.563312 0.826620 0.939185 0.829630 0.964793 0.692990 0.707310 0.552290 0.629357 0.941734 0.909743 0.903034 0.807807 0.881076 0.880632 0.962773 0.838104 0.790737 0.826310 0.896572 0.797483 0.966083 0.858481 0.628708 0.800981 0.905745 0.983383 0.850829 0.806325 0.855603 0.932005 0.853303 0.687448 0.965689 0.869579 0.973799 0.838269 0.651340 0.699717 0.815057 0.736659 0.917089 0.993514 0.908829 0.886877 0.623928 0.659419 0.742184 0.768031 0.730048 0.892335 0.992303 0.691988 0.793362 0.806069 0.896378 0.969339 0.893916 0.842345 0.776026 0.884921 0.866636 0.986012
0.691912 0.732468 0.907028 0.764153 0.774016 0.547913 0.463059 0.442773 0.674518 0.000000 0.437593 0.573202 0.668926 0.732706 0.971904 0.891160 0.630983 0.601791 0.535002 0.749989 0.752430 0.895171 0.583803 0.519164 0.407280 0.466849 0.579821 0.757079 0.546056 0.565803 0.858236 0.909221 0.824744 0.581194 0.672574 0.823758 0.866660 0.835965 0.885915 0.851486 0.909718 0.887739 0.554501 0.552177 0.334497 0.344107 0.856050 0.572488 0.413937 0.636020 0.654408 0.760119 0.745831 0.736859 0.647755 0.941244 0.650483 0.836041 0.737844 0.922686 0.531606 0.712634 0.576046 0.626131 0.528517 0.757886 0.827399 0.783098 0.810852 0.989982 0.762990 0.831256 0.959656 0.872074 0.910233 0.808332 0.638397 0.802913 0.943698 0.916267 0.988632 0.970371 0.778848 0.996313 0.558434 0.484016 0.993012 0.830540 0.764401 0.524906 0.474055 0.534598 0.730848 0.768629 0.810527 0.970335 0.726955 0.759587 0.451922 0.457386 0.574794 0.681833 0.608147 0.642284 0.891621 0.922506 0.844033 0.849157 0.983598 0.942262 0.684054 0.532780 0.562028 0.770464 0.936706 0.860626
0.521651 0.716587 0.937468 0.993635 0.764001 0.606796 0.398021 0.348350 0.643395 0.437593 0.000000 0.523715 0.481895 0.558735 0.965807 0.949325 0.596383 0.604231 0.381111 0.521436 0.767226 0.889941 0.681294 0.633660 0.459721 0.607029 0.576395 0.858489 0.475174 0.607254 0.944103 0.799083 0.633958 0.467204 0.918453 0.835064 0.993361 0.758515 0.966686 0.971638 0.977798 0.953364 0.532305 0.494384 0.429799 0.478572 0.689692 0.546831 0.520811 0.634434 0.655491 0.719081 0.680642 0.701566 0.850983 0.909532 0.628620 0.838075 0.502916 0.886596 0.401815 0.762661 0.428765 0.630965 0.665756 0.884742 0.685408 0.642051 0.969649 0.904230 0.697897 0.764642 0.854232 0.702348 0.972385 0.701956 0.690101 0.721142 0.949066 0.930532 0.918654 0.898721 0.875216 0.970917 0.711185 0.653222 0.900614 0.788612 0.877484 0.671068 0.455626 0.485175 0.702014 0.719491 0.811256 0.877672 0.766008 0.819707 0.447187 0.393976 0.500976 0.635638 0.583454 0.560631 0.945939 0.790550 0.876281 0.761936 0.925193 0.962282 0.811047 0.670706 0.547022 0.862711 0.922619 0.975834
0.424820 0.433683 0.667225 0.772710 0.775581 0.605627 0.747768 0.523151 0.791147 0.573202 0.523715 0.000000 0.809979 0.631746 0.816824 0.727272 0.437399 0.372637 0.582778 0.513327 0.788609 0.871869 0.563916 0.650084 0.566821 0.598904 0.631581 0.849235 0.493896 0.415869 0.874826 0.916953 0.696910 0.627407 0.805316 0.824679 0.836445 0.985528 0.958761 0.972458 0.853070 0.845446 0.674359 0.619481 0.522672 0.498680 0.798434 0.573314 0.483278 0.601896 0.708960 0.695983 0.776346 0.819419 0.771357 0.883474 0.419742 0.496880 0.648758 0.844162 0.677596 0.604671 0.537122 0.381844 0.508573 0.809609 0.934434 0.812588 0.785779 0.565498 0.953629 0.918943 0.858137 0.725571 0.965974 0.841470 0.814271 0.968957 0.736606 0.736240 0.565365 0.616460 0.949873 0.674673 0.594197 0.654313 0.818870 0.758774 0.841923 0.822688 0.650840 0.828512 0.809918 0.941125 0.672830 0.848795 0.754111 0.829574 0.567049 0.684623 0.626719 0.735559 0.573704 0.596366 0.918614 0.880957 0.852252 0.968424 0.947948 0.878079 0.825594 0.785224 0.683786 0.788099 0.848231 0.813042
0.708225 0.903683 0.778111 0.793433 0.805811 0.765749 0.529570 0.546406 0.762842 0.668926 0.481895 0.809979 0.000000 0.447047 0.637665 0.783374 0.858932 0.828156 0.524999 0.615241 0.899901 0.948814 0.991176 0.942396 0.758547 0.780587 0.857448 0.967775 0.728500 0.798101 0.911706 0.743443 0.725526 0.623132 0.912644 0.902013 0.887278 0.693927 0.916827 0.980191 0.861274 0.817562 0.530746 0.520674 0.726774 0.727588 0.581926 0.630115 0.828499 0.846917 0.807160 0.938609 0.854900 0.837633 0.860598 0.990571 0.848061 0.934325 0.658201 0.919134 0.632768 0.897007 0.523227 0.936891 0.916573 0.909945 0.760767 0.872458 0.938048 0.989754 0.675066 0.673495 0.871554 0.820817 0.923770 0.615903 0.711028 0.776761 0.904899 0.980420 0.921364 0.929756 0.980301 0.900190 0.984464 0.965666 0.941358 0.968557 0.989769 0.778320 0.567615 0.543459 0.776907 0.750209 0.826086 0.773277 0.943415 0.873628 0.599258 0.524055 0.665189 0.755879 0.688763 0.639624 0.948876 0.960259 0.889324 0.719442 0.864439 0.959438 0.826582 0.827447 0.740368 0.792683 0.993197 0.913481
0.640009 0.730247 0.905487 0.767501 0.806100 0.832565 0.706646 0.529417 0.799714 0.732706 0.558735 0.631746 0.447047 0.000000 0.745099 0.650038 0.714131 0.684715 0.493301 0.467561 0.825410 0.911736 0.929877 0.946024 0.843624 0.790585 0.868556 0.956220 0.572318 0.646396 0.848016 0.746843 0.673318 0.585531 0.938071 0.898150 0.887415 0.852319 0.992849 0.979768 0.923478 0.997036 0.512417 0.530346 0.756499 0.742606 0.692985 0.575545 0.846067 0.825219 0.836596 0.877367 0.876225 0.857448 0.893779 0.966751 0.720188 0.892685 0.742843 0.981020 0.761601 0.950844 0.592414 0.816663 0.928074 0.980745 0.847160 0.888888 0.944434 0.821640 0.785661 0.777874 0.858027 0.739651 0.966084 0.619504 0.719926 0.879716 0.938818 0.965071 0.892310 0.944692 0.963419 0.935970 0.868253 0.985568 0.972861 0.917547 0.956237 0.839260 0.557310 0.675251 0.818560 0.880061 0.826252 0.718671 0.954948 0.855618 0.607844 0.583035 0.629954 0.749333 0.706546 0.731073 0.993109 0.950864 0.922454 0.777107 0.825815 0.895320 0.867106 0.808156 0.699672 0.901805 0.888499 0.939232
0.944345 0.901166 0.732151 0.797796 0.951867 0.992650 0.906716 0.959579 0.937732 0.971904 0.965807 0.816824 0.637665 0.745099 0.000000 0.670009 0.873474 0.862226 0.995084 0.895382 0.845596 0.953492 0.851339 0.753826 0.846064 0.850452 0.748670 0.764949 0.963528 0.926493 0.886579 0.832527 0.934289 0.978939 0.910070 0.956203 0.887977 0.784964 0.943048 0.939419 0.888276 0.889759 0.728970 0.794631 0.934806 0.968001 0.717579 0.881600 0.954214 0.912744 0.984242 0.913908 0.929419 0.935627 0.965785 0.774910 0.948214 0.852294 0.999045 0.834468 0.952302 0.853134 0.995982 0.816797 0.712390 0.903417 0.931450 0.835554 0.881979 0.845624 0.893888 0.925992 0.805583 0.819188 0.943133 0.858324 0.839128 0.901071 0.825103 0.835866 0.807192 0.751276 0.875982 0.835089 0.788380 0.854950 0.754032 0.996501 0.931287 0.977924 0.952933 0.912182 0.934404 0.988294 0.978422 0.960460 0.881149 0.917774 0.915648 0.888854 0.928409 0.968287 0.962469 0.957553 0.994452 0.962546 0.978451 0.723959 0.952575 0.934455 0.873089 0.853565 0.999224 0.907066 0.982272 0.840499
0.786487 0.745832 0.779751 0.909872 0.978948 0.849325 0.900927 0.943540 0.842905 0.891160 0.949325 0.727272 0.783374 0.650038 0.670009 0.000000 0.786070 0.756670 0.964583 0.735758 0.969665 0.967513 0.884803 0.865563 0.950682 0.995029 0.929444 0.964964 0.874748 0.741500 0.968892 0.898991 0.953258 0.994651 0.728805 0.795094 0.791033 0.952602 0.991119 0.830537 0.962331 0.897509 0.801634 0.845503 0.950636 0.882390 0.855497 0.844081 0.830819 0.898618 0.792609 0.897601 0.934232 0.965949 0.857841 0.911865 0.784785 0.753518 0.973385 0.948839 0.994000 0.888801 0.942836 0.781165 0.901796 0.952637 0.679654 0.746485 0.875959 0.841536 0.912027 0.940261 0.962635 0.976685 0.979577 0.810174 0.981243 0.888071 0.984047 0.911089 0.753873 0.782781 0.740144 0.677431 0.996818 0.896000 0.977546 0.924996 0.977495 0.966168 0.966068 0.833276 0.941369 0.751234 0.825293 0.905370 0.990376 0.923774 0.859046 0.954946 0.972522 0.885411 0.889958 0.977901 0.832045 0.870769 0.867829 0.943092 0.970727 0.988705 0.949252 0.926257 0.987352 0.912445 0.932108 0.932433
0.402545 0.353489 0.651988 0.748927 0.976080 0.695821 0.838991 0.606478 0.850870 0.630983 0.596383 0.437399 0.858932 0.714131 0.873474 0.786070 0.000000 0.286106 0.613121 0.620863 0.879057 0.821347 0.549895 0.633116 0.695870 0.685768 0.735590 0.883102 0.451242 0.351030 0.920996 0.857962 0.739977 0.644318 0.742783 0.861923 0.925194 0.914569 0.980081 0.859971 0.922241 0.871183 0.657315 0.590263 0.590062 0.561794 0.876939 0.709768 0.572476 0.603940 0.757103 0.742846 0.915256 0.877265 0.828624 0.877143 0.312173 0.381158 0.805321 0.909120 0.739401 0.658466 0.640065 0.338573 0.551717 0.840465 0.994414 0.904918 0.725322 0.665117 0.935712 0.902322 0.899616 0.825823 0.937111 0.834520 0.822727 0.956252 0.687307 0.609961 0.449710 0.635161 0.945074 0.692386 0.548146 0.712806 0.762239 0.694113 0.750269 0.899193 0.686657 0.859539 0.813397 0.972300 0.729321 0.934891 0.746672 0.912586 0.599886 0.609097 0.685443 0.805201 0.590969 0.692847 0.966994 0.954900 0.880216 0.961635 0.917257 0.949409 0.800048 0.721456 0.725247 0.875796 0.873011 0.858207
0.416750 0.327060 0.602508 0.728093 0.910863 0.672586 0.835329 0.611806 0.862879 0.601791 0.604231 0.372637 0.828156 0.684715 0.862226 0.756670 0.286106 0.000000 0.609615 0.584512 0.862856 0.943384 0.511235 0.676435 0.640298 0.598783 0.729237 0.839162 0.481484 0.327527 0.873863 0.841678 0.730665 0.669151 0.705076 0.777611 0.958247 0.981600 0.953536 0.961431 0.966148 0.853841 0.671797 0.599194 0.568130 0.500715 0.900358 0.631197 0.564634 0.601558 0.798057 0.733603 0.934506 0.904846 0.818000 0.893046 0.283382 0.356480 0.821501 0.946719 0.741299 0.664193 0.597249 0.317559 0.501694 0.783433 0.982772 0.929196 0.711328 0.634917 0.920982 0.927953 0.962944 0.810453 0.928838 0.925874 0.829242 0.878615 0.629790 0.611624 0.441184 0.595359 0.959572 0.674911 0.517033 0.675596 0.778446 0.704961 0.779196 0.874655 0.669763 0.833868 0.804120 0.975441 0.766313 0.897099 0.691729 0.966575 0.580521 0.616335 0.665977 0.828179 0.580321 0.682860 0.957408 0.965121 0.874800 0.924110 0.920601 0.957457 0.842341 0.698873 0.694292 0.840073 0.855539 0.853670
0.480707 0.622139 0.813061 0.789465 0.732248 0.653509 0.429591 0.309938 0.698340 0.535002 0.381111 0.582778 0.524999 0.493301 0.995084 0.964583 0.613121 0.609615 0.000000 0.457081 0.818832 0.915639 0.824953 0.784639 0.669238 0.698603 0.741090 0.971879 0.540717 0.623024 0.854408 0.661249 0.489496 0.399188 0.974204 0.930474 0.999725 0.820826 0.968314 0.908389 0.962698 0.985437 0.437758 0.406538 0.487182 0.540227 0.755552 0.503246 0.688958 0.623209 0.770993 0.746027 0.736189 0.725007 0.966798 0.849966 0.564912 0.805034 0.522751 0.864166 0.483064 0.828192 0.494800 0.702606 0.843607 0.986917 0.543654 0.556002 0.998096 0.822358 0.638740 0.793852 0.766575 0.632719 0.985743 0.712767 0.579378 0.654109 0.879989 0.932834 0.892095 0.957215 0.885295 0.929106 0.751282 0.731410 0.914341 0.727093 0.895582 0.787017 0.423851 0.419833 0.656119 0.638654 0.830390 0.814250 0.821398 0.776180 0.434102 0.398755 0.466349 0.509938 0.511869 0.553080 0.875964 0.774957 0.830544 0.819825 0.979072 0.970692 0.880390 0.677175 0.636550 0.864503 0.896381 0.951618
0.451918 0.598985 0.991487 0.880678 0.727213 0.719594 0.689299 0.529737 0.777707 0.749989 0.521436 0.513327 0.615241 0.467561 0.895382 0.735758 0.620863 0.584512 0.457081 0.000000 0.867675 0.960143 0.816257 0.927885 0.809864 0.793298 0.836465 0.939652 0.595631 0.658772 0.952066 0.671867 0.490166 0.575566 0.955008 0.963836 0.764580 0.885320 0.995536 0.986261 0.837191 0.821557 0.570088 0.570458 0.667391 0.708492 0.678547 0.550710 0.773807 0.684322 0.816108 0.817106 0.744287 0.839049 0.993504 0.973303 0.550158 0.673955 0.517422 0.859757 0.614587 0.808490 0.564803 0.645960 0.857887 0.985695 0.732783 0.732961 0.827786 0.718002 0.812288 0.829801 0.716512 0.664454 0.953813 0.852311 0.738496 0.837459 0.921458 0.886533 0.698685 0.728728 0.886822 0.913182 0.888038 0.916830 0.985806 0.808313 0.952539 0.906090 0.604554 0.689783 0.761006 0.870182 0.788311 0.758966 0.968946 0.874356 0.591476 0.582572 0.651468 0.794369 0.637318 0.615075 0.938754 0.806333 0.896797 0.876076 0.873106 0.948383 0.930836 0.851321 0.747899 0.866139 0.938300 0.961169
0.854080 0.907249 0.975204 0.984763 0.879377 0.925279 0.837209 0.741373 0.795274 0.752430 0.767226 0.788609 0.899901 0.825410 0.845596 0.969665 0.879057 0.862856 0.818832 0.867675 0.000000 0.938603 0.783267 0.772974 0.803076 0.900107 0.963460 0.959590 0.707259 0.876048 0.900283 0.990797 0.998933 0.946137 0.857412 0.799078 0.931650 0.944233 0.966040 0.795434 0.962037 0.916833 0.827937 0.869307 0.822348 0.839676 0.816237 0.876526 0.795907 0.854589 0.996105 0.954055 0.960724 0.969601 0.917166 0.952525 0.829700 0.925897 0.874420 0.974506 0.852117 0.793186 0.876913 0.809062 0.918689 0.952960 0.891383 0.983474 0.998373 0.971037 0.992483 0.972246 0.737508 0.962906 0.879376 0.856547 0.880167 0.934392 0.989335 0.991933 0.906143 0.868173 0.880291 0.930415 0.699710 0.626777 0.951123 0.709984 0.948177 0.963790 0.861387 0.820952 0.985170 0.989490 0.859928 0.945164 0.996529 0.845654 0.812298 0.778214 0.911941 0.885169 0.749218 0.825029 0.972016 0.898799 0.907997 0.858596 0.878893 0.906731 0.902721 0.794160 0.855857 0.917643 0.971428 0.862053
0.880376 0.822798 0.970366 0.984259 0.927623 0.954674 0.905229 0.886173 0.944889 0.895171 0.889941 0.871869 0.948814 0.911736 0.953492 0.967513 0.821347 0.943384 0.915639 0.960143 0.938603 0.000000 0.943898 0.851855 0.858702 0.960442 0.980164 0.871297 0.932537 0.892200 0.879766 0.845946 0.911773 0.962676 0.976424 0.964137 0.843313 0.943115 0.904277 0.909962 0.775784 0.937789 0.999768 0.955162 0.907517 0.927333 0.973554 0.930643 0.841385 0.892303 0.821228 0.956965 0.905460 0.895476 0.958659 0.854973 0.900013 0.863581 0.868381 0.894563 0.878267 0.836088 0.918848 0.859281 0.917191 0.946615 0.973914 0.884711 0.939335 0.908791 0.960439 0.994085 0.866744 0.965307 0.870836 0.980566 0.931132 0.951771 0.995818 0.944235 0.835052 0.897929 0.956689 0.963861 0.984054 0.936530 0.923914 0.962841 0.840628 0.926141 0.941745 0.976536 0.895150 0.935738 0.820261 0.909867 0.895411 0.983400 0.968053 0.981733 0.875629 0.920804 0.837117 0.957876 0.828037 0.958462 0.985623 0.867508 0.943768 0.847015 0.937170 0.960496 0.923554 0.939804 0.898353 0.905516
0.611612 0.668198 0.542727 0.519945 0.894913 0.773967 0.928282 0.815094 0.887832 0.583803 0.681294 0.563916 0.991176 0.929877 0.851339 0.884803 0.549895 0.511235 0.824953 0.816257 0.783267 0.943898 0.000000 0.396607 0.427835 0.594879 0.614317 0.752329 0.622923 0.641009 0.611754 0.816760 0.887035 0.912811 0.610754 0.643069 0.959621 0.960782 0.820037 0.999331 0.873058 0.888739 0.815687 0.782976 0.618904 0.551461 0.991654 0.845531 0.500338 0.684930 0.909245 0.893556 0.976493 0.918403 0.765097 0.876551 0.567513 0.671707 0.914579 0.874650 0.837310 0.820601 0.727291 0.489629 0.418998 0.535845 0.815675 0.864541 0.989532 0.786180 0.921450 0.996911 0.793696 0.946895 0.831743 0.909916 0.998954 0.980662 0.863241 0.925750 0.762676 0.842575 0.866074 0.771566 0.392251 0.437902 0.928939 0.766448 0.790437 0.768263 0.713469 0.873427 0.842699 0.959328 0.885337 0.981055 0.795617 0.935627 0.580489 0.719394 0.688231 0.972005 0.689435 0.742934 0.989247 0.974305 0.943351 0.895656 0.957455 0.951196 0.927099 0.651669 0.662103 0.936969 0.984823 0.817857
0.725781 0.784393 0.725751 0.557987 0.990828 0.790670 0.780927 0.737072 0.846562 0.519164 0.633660 0.650084 0.942396 0.946024 0.753826 0.865563 0.633116 0.676435 0.784639 0.927885 0.772974 0.851855 0.396607 0.000000 0.432478 0.660092 0.573312 0.709802 0.657490 0.722028 0.677938 0.795684 0.975847 0.891150 0.692612 0.854832 0.917865 0.955318 0.754102 0.955470 0.901316 0.976169 0.846099 0.860053 0.555104 0.528742 0.942748 0.829173 0.467631 0.639207 0.796597 0.835259 0.841063 0.954816 0.704839 0.878376 0.694631 0.751914 0.834813 0.940062 0.699977 0.712522 0.748473 0.607206 0.519144 0.704895 0.999353 0.932342 0.873737 0.823066 0.964080 0.962182 0.829634 0.911450 0.888343 0.921653 0.879996 0.920418 0.906533 0.967888 0.903016 0.991893 0.750813 0.985167 0.465864 0.394100 0.941291 0.697960 0.718429 0.688254 0.696520 0.796283 0.827827 0.864739 0.830347 0.960731 0.767065 0.898482 0.611118 0.656400 0.774660 0.820873 0.749396 0.811496 0.934119 0.884749 0.996353 0.948511 0.914822 0.982881 0.857227 0.641750 0.581502 0.919590 0.942587 0.841107
0.715426 0.821058 0.763304 0.641249 0.915558 0.724603 0.604489 0.604261 0.872815 0.407280 0.459721 0.566821 0.758547 0.843624 0.846064 0.950682 0.695870 0.640298 0.669238 0.809864 0.803076 0.858702 0.427835 0.432478 0.000000 0.458340 0.476451 0.735014 0.597981 0.656000 0.661535 0.851172 0.935077 0.718836 0.688826 0.777834 0.839997 0.783846 0.792572 0.871239 0.830698 0.997856 0.776823 0.728931 0.429083 0.442577 0.922027 0.728239 0.431072 0.710977 0.738798 0.807288 0.793897 0.882238 0.803473 0.830827 0.714089 0.875402 0.729614 0.938231 0.632338 0.859549 0.479919 0.585953 0.381226 0.545134 0.902547 0.887027 0.906695 0.900189 0.951729 0.928740 0.904572 0.913889 0.896798 0.991149 0.875542 0.833999 0.950395 0.954805 0.958992 0.948078 0.770063 0.934912 0.501989 0.477663 0.937458 0.865514 0.756892 0.639037 0.577706 0.637039 0.774093 0.808685 0.770364 0.889045 0.767371 0.875245 0.551892 0.577141 0.585180 0.806936 0.671991 0.651226 0.942358 0.915170 0.960642 0.955526 0.946811 0.906391 0.850022 0.667247 0.553885 0.832048 0.982547 0.843091
0.773615 0.770630 0.681510 0.643527 0.815449 0.715543 0.730534 0.721330 0.945826 0.466849 0.607029 0.598904 0.780587 0.790585 0.850452 0.995029 0.685768 0.598783 0.698603 0.793298 0.900107 0.960442 0.594879 0.660092 0.458340 0.000000 0.581568 0.732029 0.678323 0.575899 0.784778 0.952513 0.907135 0.775607 0.824653 0.928483 0.813288 0.768972 0.773051 0.825843 0.875519 0.967631 0.849221 0.781624 0.562593 0.552955 0.960848 0.758587 0.630303 0.802122 0.897335 0.932423 0.942040 0.989038 0.777977 0.882320 0.725154 0.788787 0.862157 0.915758 0.834412 0.999372 0.558038 0.626148 0.397941 0.532612 0.883538 0.898079 0.934267 0.946532 0.809029 0.891563 0.942303 0.863137 0.880431 0.889217 0.794647 0.919582 0.863163 0.901539 0.863430 0.790097 0.914950 0.898812 0.638285 0.705147 0.911075 0.935522 0.795475 0.714290 0.641678 0.690119 0.764549 0.895286 0.814156 0.893630 0.702105 0.879535 0.620278 0.679965 0.750611 0.804617 0.803322 0.668492 0.884404 0.901763 0.991373 0.952494 0.969280 0.883412 0.813556 0.728132 0.665920 0.814875 0.917000 0.817116
0.794379 0.902963 0.866828 0.789210 0.870027 0.749459 0.652015 0.648873 0.874868 0.579821 0.576395 0.631581 0.857448 0.868556 0.748670 0.929444 0.735590 0.729237 0.741090 0.836465 0.963460 0.980164 0.614317 0.573312 0.476451 0.581568 0.000000 0.650710 0.705993 0.682108 0.875343 0.862283 0.813741 0.733281 0.744544 0.922893 0.953077 0.955065 0.892969 0.959459 0.883771 0.983832 0.762759 0.771950 0.583559 0.649923 0.825353 0.827591 0.615263 0.831081 0.816599 0.838293 0.766982 0.880549 0.772805 0.925649 0.827091 0.919225 0.793670 0.972433 0.674326 0.869003 0.592330 0.657436 0.559063 0.715836 0.903454 0.812102 0.949850 0.892832 0.859297 0.909503 0.947714 0.895342 0.933048 0.965336 0.968376 0.987958 0.981352 0.918544 0.927887 0.893028 0.707306 0.819102 0.633935 0.632050 0.855753 0.928675 0.833275 0.755927 0.682269 0.734653 0.745240 0.934297 0.944756 0.909031 0.788734 0.995782 0.669519 0.724072 0.652443 0.770054 0.840559 0.777681 0.965135 0.875376 0.934871 0.981135 0.872254 0.945673 0.880904 0.839360 0.647509 0.901117 0.993914 0.993162
0.999893 0.897433 0.886284 0.710442 0.920557 0.963915 0.847305 0.900247 0.953672 0.757079 0.858489 0.849235 0.967775 0.956220 0.764949 0.964964 0.883102 0.839162 0.971879 0.939652 0.959590 0.871297 0.752329 0.709802 0.735014 0.732029 0.650710 0.000000 0.956936 0.768555 0.700052 0.895586 0.958763 0.955148 0.683308 0.927924 0.994864 0.969853 0.974907 0.962990 0.997784 0.999311 0.998260 0.992624 0.773493 0.786964 0.979793 0.962429 0.729366 0.882737 0.850356 0.880972 0.940589 0.929258 0.795009 0.976013 0.990333 0.921385 0.999618 0.801799 0.803809 0.749402 0.836796 0.774302 0.757557 0.955690 0.986704 0.872342 0.881499 0.966024 0.922271 0.876880 0.799115 0.904722 0.856877 0.997761 0.907684 0.993986 0.992118 0.776565 0.918541 0.875317 0.754490 0.916835 0.806908 0.812346 0.827963 0.892401 0.895282 0.866300 0.960843 0.973064 0.924269 0.826383 0.797494 0.897093 0.947673 0.998801 0.922422 0.930639 0.985937 0.959340 0.947887 0.928451 0.911301 0.889255 0.966524 0.809860 0.995389 0.895742 0.853435 0.794338 0.878513 0.972780 0.947584 0.991231
0.589257 0.615481 0.900569 0.937552 0.946751 0.732095 0.675364 0.497636 0.780573 0.546056 0.475174 0.493896 0.728500 0.572318 0.963528 0.874748 0.451242 0.481484 0.540717 0.595631 0.707259 0.932537 0.622923 0.657490 0.597981 0.678323 0.705993 0.956936 0.000000 0.456811 0.995573 0.925396 0.736183 0.685716 0.817017 0.813910 0.948032 0.946694 0.987339 0.876969 0.962063 0.964574 0.564210 0.572872 0.540433 0.540651 0.796099 0.590308 0.582435 0.644946 0.740508 0.748127 0.818540 0.821306 0.810036 0.848947 0.513980 0.682921 0.721581 0.899107 0.655703 0.691129 0.596990 0.533579 0.661116 0.860518 0.927246 0.885057 0.900926 0.720419 0.920555 0.886479 0.830055 0.769976 0.977703 0.863186 0.751667 0.877238 0.801117 0.874550 0.748834 0.908258 0.895973 0.841900 0.600996 0.662143 0.909614 0.706216 0.781136 0.729878 0.575629 0.745171 0.785561 0.913491 0.761310 0.811022 0.876281 0.884942 0.574250 0.529952 0.629516 0.728568 0.564777 0.717878 0.984570 0.941848 0.901057 0.811546 0.897839 0.937866 0.734892 0.799134 0.661302 0.754740 0.888335 0.941201
0.537143 0.403791 0.649432 0.731468 0.907417 0.721830 0.801239 0.589878 0.916234 0.565803 0.607254 0.415869 0.798101 0.646396 0.926493 0.741500 0.351030 0.327527 0.623024 0.658772 0.876048 0.892200 0.641009 0.722028 0.656000 0.575899 0.682108 0.768555 0.456811 0.000000 0.904230 0.907338 0.728971 0.679744 0.622940 0.796957 0.970029 0.993253 0.990405 0.909087 0.998514 0.943554 0.661575 0.606882 0.575397 0.521606 0.933772 0.668773 0.564926 0.688068 0.714901 0.742913 0.911628 0.850796 0.799059 0.851305 0.396762 0.446141 0.831775 0.860391 0.745012 0.698545 0.554098 0.381158 0.512565 0.804857 0.989817 0.897313 0.736844 0.711701 0.943046 0.929428 0.929788 0.842021 0.961380 0.823599 0.878627 0.964797 0.656867 0.542642 0.477944 0.616775 0.935340 0.682626 0.586311 0.773847 0.830498 0.818636 0.806204 0.860012 0.693983 0.847152 0.817083 0.953129 0.745594 0.889181 0.703032 0.902044 0.607337 0.681221 0.706400 0.777761 0.618895 0.715386 0.884654 0.988228 0.881224 0.963152 0.921347 0.887777 0.765008 0.740768 0.775414 0.757931 0.904290 0.900331
0.936351 0.900153 0.528046 0.488043 0.893499 0.916526 0.843449 0.870663 0.794721 0.858236 0.944103 0.874826 0.911706 0.848016 0.886579 0.968892 0.920996 0.873863 0.854408 0.952066 0.900283 0.879766 0.611754 0.677938 0.661535 0.784778 0.875343 0.700052 0.995573 0.904230 0.000000 0.657351 0.735278 0.812561 0.712183 0.949809 0.854590 0.991368 0.745059 0.963734 0.853848 0.794136 0.856744 0.904103 0.910471 0.849326 0.985945 0.936452 0.743466 0.903768 0.945595 0.982930 0.935792 0.844222 0.871472 0.963049 0.928043 0.843847 0.972250 0.906441 0.944346 0.967870 0.825369 0.738891 0.591339 0.623391 0.793953 0.800946 0.975401 0.962561 0.627099 0.659031 0.705669 0.622687 0.786831 0.685332 0.770415 0.877865 0.985786 0.984003 0.901183 0.866706 0.975193 0.913455 0.757622 0.746259 0.836658 0.981240 0.842602 0.988795 0.932034 0.860041 0.820882 0.816537 0.813697 0.976445 0.962683 0.977271 0.961854 0.945507 0.873760 0.793545 0.970140 0.953184 0.936633 0.862039 0.951350 0.750833 0.999554 0.974554 0.977929 0.850122 0.922879 0.900381 0.954688 0.883453
0.775913 0.785280 0.694782 0.641061 0.805225 0.848580 0.721106 0.681281 0.836044 0.909221 0.799083 0.916953 0.743443 0.746843 0.832527 0.898991 0.857962 0.841678 0.661249 0.671867 0.990797 0.845946 0.816760 0.795684 0.851172 0.952513 0.862283 0.895586 0.925396 0.907338 0.657351 0.000000 0.647453 0.632611 0.874366 0.902225 0.823806 0.855356 0.746631 0.889871 0.842067 0.990663 0.755979 0.746034 0.834063 0.861496 0.752646 0.636942 0.984093 0.754534 0.789562 0.717564 0.834562 0.717459 0.810530 0.949431 0.773412 0.843254 0.714098 0.776233 0.716498 0.842708 0.839134 0.953540 0.820158 0.700631 0.645289 0.689951 0.994122 0.963611 0.743325 0.792940 0.824213 0.702294 0.966350 0.668830 0.608149 0.590111 0.898695 0.806719 0.933897 0.904334 0.831685 0.973800 0.913787 0.836750 0.995483 0.917625 0.980163 0.826533 0.773664 0.729562 0.877361 0.744872 0.841969 0.926884 0.944586 0.816145 0.850744 0.776990 0.894011 0.830266 0.889695 0.764072 0.890256 0.798503 0.914438 0.735177 0.939987 0.973468 0.881861 0.833955 0.930372 0.918400 0.961402 0.985881
0.626885 0.663052 0.739984 0.729014 0.728898 0.823688 0.562288 0.513972 0.731438 0.824744 0.633958 0.696910 0.725526 0.673318 0.934289 0.953258 0.739977 0.730665 0.489496 0.490166 0.998933 0.911773 0.887035 0.975847 0.935077 0.907135 0.813741 0.958763 0.736183 0.728971 0.735278 0.647453 0.000000 0.496117 0.860380 0.870476 0.839326 0.906167 0.864556 0.976761 0.817497 0.991296 0.607877 0.665280 0.635094 0.733982 0.714221 0.613900 0.889779 0.721087 0.761893 0.746677 0.717212 0.661818 0.971048 0.911122 0.679387 0.794817 0.470384 0.640102 0.523383 0.722583 0.641545 0.765761 0.957536 0.712443 0.472296 0.487586 0.859981 0.781707 0.689310 0.823623 0.689407 0.635364 0.899128 0.796346 0.662506 0.713315 0.842648 0.817997 0.795358 0.841443 0.993108 0.925025 0.994688 0.979066 0.938063 0.811907 0.858511 0.865552 0.648310 0.631299 0.802035 0.712070 0.835041 0.843264 0.827906 0.971255 0.703158 0.677817 0.665488 0.638780 0.697907 0.769141 0.895545 0.811784 0.973196 0.857178 0.854436 0.876638 0.910701 0.943284 0.783713 0.853626 0.963154 0.940404
0.588021 0.662750 0.814885 0.833341 0.803688 0.655204 0.438992 0.401450 0.679709 0.581194 0.467204 0.627407 0.623132 0.585531 0.978939 0.994651 0.644318 0.669151 0.399188 0.575566 0.946137 0.962676 0.912811 0.891150 0.718836 0.775607 0.733281 0.955148 0.685716 0.679744 0.812561 0.632611 0.496117 0.000000 0.979741 0.947530 0.899308 0.962691 0.832927 0.927743 0.941246 0.869169 0.589275 0.551920 0.477975 0.575754 0.685992 0.550645 0.676118 0.626397 0.647094 0.594831 0.680062 0.540654 0.993377 0.994358 0.638057 0.836564 0.518881 0.734622 0.441576 0.719387 0.548936 0.704225 0.895217 0.831475 0.514640 0.454203 0.878827 0.872636 0.699078 0.816698 0.768861 0.618426 0.858393 0.574588 0.647136 0.634845 0.928486 0.844811 0.910382 0.884698 0.974524 0.947240 0.882396 0.878957 0.907380 0.877003 0.968181 0.846140 0.535178 0.557930 0.732662 0.665781 0.823200 0.848303 0.780954 0.819126 0.556488 0.568002 0.549349 0.653100 0.708372 0.659739 0.885343 0.772897 0.782354 0.786636 0.944026 0.949595 0.884200 0.682855 0.616293 0.913487 0.897444 0.953066
0.982381 0.826524 0.695860 0.633312 0.831640 0.867311 0.951622 0.909706 0.950984 0.672574 0.918453 0.805316 0.912644 0.938071 0.910070 0.728805 0.742783 0.705076 0.974204 0.955008 0.857412 0.976424 0.610754 0.692612 0.688826 0.824653 0.744544 0.683308 0.817017 0.622940 0.712183 0.874366 0.860380 0.979741 0.000000 0.801176 0.885355 0.991989 0.977262 0.927839 0.856083 0.974717 0.854320 0.859025 0.767746 0.703073 0.962550 0.906863 0.686328 0.846796 0.790829 0.868178 0.940376 0.986758 0.732552 0.903228 0.793985 0.837718 0.891594 0.947721 0.916168 0.805151 0.866448 0.737859 0.657638 0.786537 0.708400 0.788448 0.969803 0.882856 0.852859 0.984765 0.789110 0.819906 0.992246 0.965324 0.889517 0.973039 0.822084 0.789770 0.901167 0.997258 0.951046 0.813085 0.632841 0.729863 0.978889 0.908079 0.847870 0.881239 0.942093 0.962209 0.978140 0.820257 0.829649 0.903723 0.872275 0.927951 0.793403 0.888899 0.831208 0.913576 0.893169 0.908332 0.856243 0.942425 0.936756 0.943574 0.996770 0.961195 0.907103 0.657811 0.749577 0.781642 0.983716 0.900348
0.819629 0.908200 0.797657 0.840920 0.847246 0.820927 0.982224 0.865039 0.774393 0.823758 0.835064 0.824679 0.902013 0.898150 0.956203 0.795094 0.861923 0.777611 0.930474 0.963836 0.799078 0.964137 0.643069 0.854832 0.777834 0.928483 0.922893 0.927924 0.813910 0.796957 0.949809 0.902225 0.870476 0.947530 0.801176 0.000000 0.991606 0.826663 0.982264 0.962193 0.789199 0.974757 0.805277 0.826542 0.937974 0.858553 0.879747 0.961556 0.851064 0.996026 0.977808 0.960351 0.875924 0.942094 0.783512 0.953777 0.792323 0.961210 0.907692 0.778821 0.947516 0.947199 0.998751 0.891097 0.769345 0.701468 0.660746 0.693480 0.970925 0.946692 0.902718 0.911846 0.909988 0.947763 0.829394 0.997282 0.939339 0.963858 0.956785 0.926551 0.963775 0.966293 0.864721 0.935766 0.632187 0.630160 0.951360 0.862755 0.996690 0.910503 0.825018 0.878875 0.883407 0.980922 0.894008 0.959309 0.844836 0.987633 0.750858 0.839702 0.742964 0.950209 0.736086 0.898259 0.887317 0.936053 0.997414 0.916008 0.939939 0.929118 0.962468 0.904399 0.923461 0.915073 0.994400 0.911668
0.930619 0.937027 0.916745 0.810521 0.983475 0.976313 0.964199 0.948930 0.770480 0.866660 0.993361 0.836445 0.887278 0.887415 0.887977 0.791033 0.925194 0.958247 0.999725 0.764580 0.931650 0.843313 0.959621 0.917865 0.839997 0.813288 0.953077 0.994864 0.948032 0.970029 0.854590 0.823806 0.839326 0.899308 0.885355 0.991606 0.000000 0.875801 0.838273 0.739850 0.708097 0.765453 0.968937 0.904332 0.955225 0.859625 0.913008 0.984226 0.990308 0.837405 0.814906 0.802486 0.752830 0.767766 0.898722 0.973345 0.936067 0.877227 0.827857 0.695005 0.895469 0.707435 0.851876 0.956846 0.821672 0.699733 0.979818 0.882136 0.863440 0.798085 0.928155 0.976619 0.788972 0.860828 0.941304 0.902184 0.964704 0.964148 0.961274 0.925595 0.902717 0.913829 0.890864 0.822464 0.965012 0.961379 0.896816 0.991762 0.864270 0.842705 0.948372 0.868557 0.959235 0.974992 0.743812 0.961808 0.943121 0.863066 0.955649 0.873600 0.933429 0.913011 0.949751 0.866364 0.924848 0.898079 0.996852 0.970751 0.800171 0.983318 0.991715 0.853716 0.925451 0.965850 0.971446 0.953155
0.993778 0.883823 0.945440 0.973576 0.891676 0.970786 0.823060 0.894327 0.896346 0.835965 0.758515 0.985528 0.693927 0.852319 0.784964 0.952602 0.914569 0.981600 0.820826 0.885320 0.944233 0.943115 0.960782 0.955318 0.783846 0.768972 0.955065 0.969853 0.946694 0.993253 0.991368 0.855356 0.906167 0.962691 0.991989 0.826663 0.875801 0.000000 0.856956 0.871587 0.890633 0.971489 0.928517 0.871910 0.975474 0.979012 0.977592 0.943100 0.996204 0.894672 0.969161 0.924247 0.922405 0.950904 0.978520 0.890777 0.955929 0.873194 0.994134 0.676222 0.971740 0.748376 0.794196 0.919220 0.902458 0.722149 0.962699 0.954283 0.838551 0.913540 0.782539 0.884709 0.975146 0.941407 0.837574 0.928798 0.913362 0.862425 0.912857 0.883941 0.862540 0.854135 0.896132 0.870967 0.962273 0.923717 0.962123 0.933060 0.894162 0.996090 0.820308 0.700187 0.888011 0.874038 0.934747 0.961206 0.885242 0.957047 0.853336 0.771366 0.915018 0.887771 0.965335 0.848607 0.804979 0.957780 0.953132 0.816184 0.996951 0.996977 0.915074 0.923467 0.951865 0.951006 0.851565 0.915086
