0.000000 0.325895 0.905732 0.930995 0.759307 0.687829 0.703420 0.573047 0.735765 0.577914 0.469055 0.489990 0.843448 0.836651 0.935924 0.872781 0.346525 0.381657 0.496098 0.457815 0.884322 0.940689 0.730807 0.738753 0.728477 0.792279 0.845063 0.754959 0.548685 0.545815 0.932673 0.861715 0.597980 0.579473 0.918891 0.895063 0.882072 0.833257 0.988401 0.981049 0.729828 0.932037 0.609209 0.529274 0.498854 0.474022 0.776671 0.544721 0.495348 0.538216 0.634049 0.691188 0.808824 0.834680 0.879578 0.836280 0.315096 0.354314 0.497347 0.776182 0.494312 0.646965 0.542720 0.416135 0.678873 0.958010 0.715366 0.638521 0.688632 0.624624 0.797255 0.816002 0.848678 0.699825 0.909935 0.800615 0.615095 0.697749 0.791422 0.684694 0.417035 0.558062 0.928370 0.799424 0.820661 0.723502 0.913045 0.623516 0.787005 0.798271 0.591763 0.634074 0.720861 0.830648 0.825792 0.875610 0.607607 0.853057 0.403777 0.455625 0.594741 0.777655 0.510505 0.572454 0.853847 0.833718 0.844517 0.814657 0.927558 0.919505 0.658583 0.596477 0.662896 0.902698 0.835097 0.969469
0.325895 0.000000 0.768990 0.852424 0.803995 0.738814 0.848371 0.628210 0.886341 0.598826 0.560336 0.490673 0.951026 0.847007 0.865143 0.996803 0.398407 0.383221 0.556974 0.460665 0.858525 0.868354 0.659510 0.665805 0.733053 0.738167 0.923072 0.773460 0.553924 0.538968 0.912114 0.852085 0.627329 0.571756 0.935933 0.983036 0.887165 0.836827 0.948989 0.973340 0.769011 0.839687 0.634206 0.504107 0.502372 0.432251 0.841864 0.593471 0.499967 0.517522 0.691715 0.715262 0.966770 0.949061 0.865817 0.741050 0.272057 0.275700 0.586833 0.697623 0.601863 0.618190 0.682231 0.428214 0.653430 0.943662 0.724051 0.618606 0.736329 0.631480 0.716969 0.871173 0.922655 0.749896 0.915674 0.790651 0.619422 0.633969 0.755884 0.715088 0.457080 0.656495 0.897804 0.832779 0.722790 0.718393 0.873640 0.711238 0.719087 0.787113 0.615677 0.651973 0.748821 0.801625 0.774680 0.899123 0.581704 0.784400 0.441236 0.508648 0.583215 0.796412 0.563475 0.589263 0.956519 0.897897 0.936732 0.817029 0.988723 0.942048 0.630442 0.570555 0.625108 0.898288 0.927663 0.947939
0.905732 0.768990 0.000000 0.355242 0.953524 0.886188 0.523622 0.793234 0.691119 0.953322 0.911104 0.710038 0.940370 0.919096 0.748237 0.937905 0.909019 0.795858 0.736248 0.855253 0.969730 0.972334 0.380375 0.519441 0.580108 0.591335 0.981109 0.856460 0.926054 0.787576 0.442159 0.563804 0.643020 0.826131 0.676342 0.997195 0.797445 0.889341 0.639627 0.822448 0.923203 0.922805 0.791615 0.987768 0.937222 0.833319 0.704025 0.898080 0.720341 0.891863 0.932295 0.904249 0.727183 0.681445 0.763607 0.794307 0.809054 0.730548 0.832218 0.943457 0.920131 0.878700 0.923803 0.709475 0.432816 0.642433 0.621127 0.851854 0.922209 0.934965 0.883182 0.732457 0.707317 0.775808 0.956971 0.826594 0.731012 0.822413 0.864949 0.897485 0.848776 0.920021 0.870932 0.758494 0.575386 0.688070 0.972282 0.924597 0.995261 0.819116 0.890645 0.800769 0.847569 0.711952 0.947633 0.952928 0.873920 0.763936 0.936804 0.930628 0.845169 0.704948 0.999810 0.894581 0.781752 0.685834 0.969162 0.801712 0.997993 0.995465 0.999497 0.912100 0.925614 0.919048 0.893843 0.902528
0.930995 0.852424 0.355242 0.000000 0.919235 0.902227 0.656358 0.781302 0.690894 0.894912 0.825177 0.801739 0.965043 0.929790 0.847698 0.867240 0.857580 0.750140 0.831098 0.934844 0.989935 0.989063 0.456810 0.482967 0.548082 0.550816 0.950450 0.769592 0.883965 0.743406 0.496120 0.683140 0.761918 0.939714 0.640062 0.983057 0.668150 0.736706 0.678141 0.869570 0.820219 0.979282 0.899658 0.909713 0.793543 0.732093 0.824653 0.964710 0.650805 0.839734 0.977235 0.958280 0.817640 0.691389 0.719244 0.885028 0.841732 0.804299 0.761236 0.893633 0.908131 0.923872 0.993931 0.797008 0.482316 0.517794 0.672366 0.869489 0.984896 0.970584 0.796778 0.670256 0.663237 0.767650 0.899112 0.828140 0.734824 0.894357 0.828138 0.973279 0.930660 0.906865 0.873491 0.878528 0.682667 0.684588 0.864814 0.870651 0.953596 0.737241 0.857902 0.814112 0.778988 0.704296 0.899777 0.968129 0.985321 0.900631 0.914393 0.985569 0.936722 0.690602 0.985834 0.944273 0.760555 0.768836 0.940833 0.770467 0.907501 0.967348 0.997080 0.869542 0.841350 0.801586 0.995428 0.887994
0.759307 0.803995 0.953524 0.919235 0.000000 0.715542 0.937231 0.929212 0.981024 0.835136 0.747193 0.737538 0.861283 0.870625 0.944253 0.994645 0.855455 0.783929 0.798497 0.779129 0.955841 0.960242 0.990327 0.939004 0.927837 0.785211 0.962829 0.899235 0.858823 0.868509 0.961719 0.904905 0.792456 0.855476 0.934042 0.754987 0.933236 0.947786 0.861251 0.910018 0.914312 0.911662 0.971827 0.898239 0.835181 0.841904 0.918008 0.845527 0.972217 0.945398 0.996794 0.998739 0.980103 0.987312 0.823249 0.988932 0.819271 0.793458 0.980125 0.973105 0.873484 0.922724 0.844409 0.936214 0.863355 0.991168 0.813075 0.776382 0.959630 0.898510 0.945975 0.969484 0.902381 0.806172 0.990743 0.958714 0.855392 0.839146 0.939601 0.983258 0.775752 0.715344 0.977075 0.987967 0.944411 0.999279 0.992642 0.985407 0.871920 0.714929 0.939758 0.902088 0.974419 0.938165 0.966250 0.956130 0.878981 0.974870 0.871554 0.872856 0.950689 0.950686 0.975227 0.961450 0.923438 0.823393 0.817424 0.930076 0.988943 0.868293 0.792398 0.930376 0.894152 0.939506 0.976682 0.731459
0.687829 0.738814 0.886188 0.902227 0.715542 0.000000 0.718229 0.644356 0.763452 0.602802 0.615671 0.561361 0.710885 0.762315 0.940887 0.730215 0.727255 0.716312 0.726917 0.809588 0.971539 0.915853 0.795789 0.779005 0.724303 0.731855 0.722691 0.938143 0.765216 0.685578 0.987509 0.959262 0.903624 0.748963 0.814422 0.828282 0.955314 0.938420 0.994730 0.877148 0.954463 0.835076 0.844057 0.762357 0.705508 0.684704 0.937281 0.780249 0.751445 0.848306 0.895558 0.950255 0.851141 0.813346 0.816806 0.918768 0.700801 0.789560 0.813810 0.944706 0.671597 0.795704 0.707569 0.719725 0.683434 0.873195 0.881308 0.845019 0.992750 0.857532 0.842135 0.901517 0.891626 0.850490 0.862852 0.777337 0.809724 0.862801 0.805206 0.805302 0.877347 0.799228 0.935926 0.942331 0.816582 0.705171 0.900191 0.993688 0.913199 0.677851 0.716521 0.753993 0.733743 0.775392 0.943422 0.986730 0.692584 0.800485 0.570985 0.727023 0.653332 0.723620 0.805862 0.736115 0.933665 0.937983 0.646124 0.988017 0.888857 0.971565 0.793238 0.768807 0.714132 0.969359 0.953902 0.772668
0.703420 0.848371 0.523622 0.656358 0.937231 0.718229 0.000000 0.402067 0.559014 0.483183 0.555440 0.821441 0.644487 0.724797 0.865366 0.823658 0.693680 0.765109 0.394947 0.812297 0.896680 0.956685 0.779025 0.934554 0.850756 0.939791 0.645206 0.860659 0.747871 0.716794 0.689437 0.598772 0.536627 0.487991 0.978181 0.838471 0.889441 0.973052 0.772250 0.916375 0.994007 0.892716 0.544178 0.646692 0.553977 0.662737 0.604744 0.616482 0.806329 0.822789 0.624187 0.702794 0.578211 0.507633 0.983629 0.888589 0.793860 0.954166 0.516031 0.975562 0.516514 0.895467 0.485361 0.799099 0.997149 0.928568 0.476352 0.624457 0.976120 0.911211 0.749829 0.667353 0.687780 0.640867 0.954499 0.646500 0.564210 0.723109 0.738221 0.730818 0.892085 0.825312 0.812009 0.952797 0.891205 0.927293 0.878036 0.776782 0.861115 0.893741 0.481881 0.445114 0.588549 0.585201 0.862617 0.884403 0.781918 0.928415 0.565947 0.536119 0.750352 0.491345 0.687547 0.722706 0.858788 0.650761 0.807222 0.699381 0.995320 0.975744 0.780164 0.751655 0.683894 0.945087 0.933875 0.962892
0.573047 0.628210 0.793234 0.781302 0.929212 0.644356 0.402067 0.000000 0.582149 0.403831 0.502482 0.512340 0.634136 0.602606 0.940673 0.770493 0.628802 0.716851 0.417394 0.716422 0.747050 0.904928 0.893424 0.788723 0.676332 0.827773 0.613532 0.754675 0.655673 0.582626 0.904717 0.761756 0.657720 0.546924 0.894618 0.853877 0.845541 0.946510 0.856591 0.992345 0.980591 0.997027 0.580487 0.571432 0.539282 0.567882 0.773550 0.585829 0.633181 0.732358 0.558262 0.684881 0.627594 0.516397 0.879023 0.969426 0.647973 0.770998 0.495006 0.660557 0.393800 0.507743 0.580257 0.572904 0.781935 0.883646 0.697052 0.642743 0.928731 0.841376 0.664029 0.779854 0.759622 0.704764 0.985710 0.795474 0.598388 0.786689 0.822226 0.777544 0.873442 0.956812 0.806626 0.957062 0.691387 0.577047 0.819419 0.658550 0.816190 0.826228 0.358236 0.390399 0.575284 0.563952 0.733607 0.906352 0.634882 0.832389 0.446259 0.508735 0.534188 0.419023 0.633514 0.560682 0.972188 0.682858 0.784190 0.743809 0.928199 0.962782 0.735913 0.674592 0.593360 0.828812 0.929538 0.974770
0.735765 0.886341 0.691119 0.690894 0.981024 0.763452 0.559014 0.582149 0.000000 0.679887 0.775338 0.862347 0.832147 0.876465 0.924159 0.677966 0.747954 0.830544 0.661492 0.834706 0.920000 0.892647 0.907789 0.960534 0.977139 0.839746 0.881617 0.960000 0.866623 0.908514 0.776483 0.778861 0.785671 0.790109 0.996836 0.761198 0.610544 0.805349 0.848781 0.815620 0.878752 0.966462 0.637989 0.705901 0.763020 0.848782 0.646090 0.671238 0.816542 0.720349 0.608275 0.693959 0.574613 0.567375 0.993782 0.945644 0.795313 0.910501 0.600119 0.742365 0.618039 0.753926 0.845020 0.804244 0.860395 0.794170 0.800747 0.915954 0.855331 0.817440 0.758713 0.683454 0.841666 0.770257 0.895246 0.834302 0.723641 0.878131 0.851908 0.875610 0.894720 0.991122 0.858020 0.924360 0.939977 0.811144 0.787241 0.825006 0.935843 0.903711 0.596766 0.656779 0.686668 0.755498 0.853875 0.949369 0.808588 0.956833 0.652556 0.660780 0.773108 0.744180 0.657784 0.792833 0.903996 0.656211 0.744995 0.763305 0.936797 0.996466 0.889544 0.823129 0.872721 0.959688 0.811270 0.915711
0.577914 0.598826 0.953322 0.894912 0.835136 0.602802 0.483183 0.403831 0.679887 0.000000 0.436406 0.547193 0.640498 0.687963 0.959900 0.813375 0.543978 0.551199 0.464518 0.663876 0.784936 0.873246 0.742935 0.668381 0.483893 0.577286 0.631691 0.730470 0.592594 0.474780 0.961581 0.849525 0.805184 0.549976 0.757573 0.848445 0.990952 0.914969 0.957608 0.885037 0.944559 0.961557 0.545353 0.510475 0.417570 0.429234 0.771602 0.584600 0.480688 0.674926 0.583287 0.760903 0.761531 0.724358 0.753903 0.990347 0.575217 0.719169 0.636344 0.907962 0.561395 0.754290 0.517741 0.528082 0.532436 0.740691 0.779924 0.788381 0.978532 0.863963 0.689956 0.748760 0.905604 0.722194 0.954307 0.772578 0.637514 0.812880 0.839268 0.821859 0.771109 0.826729 0.807851 0.918227 0.658287 0.548426 0.849887 0.789504 0.740051 0.644456 0.387563 0.449501 0.623848 0.731879 0.750633 0.962253 0.682125 0.828195 0.405676 0.461382 0.552263 0.618811 0.521989 0.485621 0.968610 0.867091 0.825437 0.763436 0.969302 0.971891 0.753080 0.525120 0.578866 0.817126 0.964347 0.823821
0.469055 0.560336 0.911104 0.825177 0.747193 0.615671 0.555440 0.502482 0.775338 0.436406 0.000000 0.483236 0.566456 0.614892 0.941163 0.887058 0.448349 0.426650 0.478045 0.534661 0.839881 0.913982 0.682806 0.624965 0.497766 0.569508 0.731410 0.637970 0.466369 0.401195 0.923627 0.870176 0.686779 0.538307 0.772894 0.851171 0.952818 0.818578 0.977305 0.967035 0.926422 0.939755 0.648054 0.554574 0.412634 0.442562 0.798622 0.564584 0.475537 0.590832 0.650419 0.681625 0.780517 0.765371 0.763760 0.995129 0.514920 0.596522 0.591834 0.860100 0.471919 0.734250 0.470122 0.503705 0.567026 0.840743 0.776087 0.724290 0.915090 0.770622 0.867249 0.950255 0.900963 0.737516 0.995362 0.754386 0.753230 0.774245 0.892720 0.683061 0.666457 0.649215 0.959223 0.881672 0.766144 0.648464 0.815832 0.776113 0.791403 0.611521 0.547421 0.586244 0.803644 0.851970 0.853344 0.965844 0.776833 0.938920 0.458584 0.466875 0.635837 0.707825 0.705137 0.694968 0.912413 0.886545 0.813436 0.879382 0.996393 0.921404 0.757295 0.614374 0.556571 0.888991 0.951618 0.937273
0.489990 0.490673 0.710038 0.801739 0.737538 0.561361 0.821441 0.512340 0.862347 0.547193 0.483236 0.000000 0.685986 0.612623 0.856109 0.710363 0.575765 0.567016 0.665557 0.599674 0.771954 0.935080 0.524188 0.568497 0.516849 0.542938 0.705464 0.694367 0.623992 0.523330 0.737807 0.937914 0.886017 0.737401 0.753105 0.890760 0.923463 0.995575 0.950270 0.892843 0.902509 0.909868 0.855432 0.699582 0.627779 0.574868 0.986906 0.641438 0.553976 0.750330 0.750082 0.852789 0.879915 0.862031 0.757812 0.912264 0.527248 0.525988 0.646585 0.653368 0.494840 0.487982 0.606941 0.392259 0.479130 0.899313 0.982174 0.809235 0.761610 0.688918 0.905190 0.956195 0.913074 0.790112 0.956915 0.923536 0.794189 0.929328 0.931843 0.870700 0.702751 0.760726 0.974854 0.706763 0.557950 0.512191 0.925081 0.781568 0.865667 0.701721 0.607520 0.677765 0.796685 0.833859 0.743021 0.928510 0.619545 0.741399 0.509240 0.629588 0.550462 0.758309 0.778762 0.593905 0.893636 0.959602 0.800526 0.922663 0.958732 0.896611 0.683798 0.705944 0.656185 0.828230 0.967090 0.864167
0.843448 0.951026 0.940370 0.965043 0.861283 0.710885 0.644487 0.634136 0.832147 0.640498 0.566456 0.685986 0.000000 0.553235 0.777484 0.688112 0.823698 0.819477 0.746718 0.920312 0.917082 0.896266 0.855067 0.840292 0.664101 0.740857 0.744263 0.744824 0.798859 0.678551 0.916969 0.997101 0.916887 0.861221 0.678481 0.876744 0.817312 0.824300 0.970685 0.949242 0.790224 0.818486 0.776014 0.769858 0.784582 0.782971 0.828921 0.789445 0.849894 0.957738 0.922709 0.998497 0.905070 0.867932 0.724021 0.915659 0.922601 0.966721 0.838897 0.917518 0.688280 0.877941 0.631017 0.807069 0.769434 0.777470 0.993488 0.951291 0.864169 0.957854 0.912864 0.869165 0.979560 0.927999 0.932740 0.799783 0.865571 0.944830 0.974262 0.871725 0.939065 0.963914 0.856323 0.871633 0.860975 0.698086 0.879992 0.899428 0.974544 0.686705 0.672483 0.725224 0.840626 0.848793 0.863678 0.953575 0.947196 0.976616 0.711547 0.734444 0.722016 0.684151 0.846062 0.819000 0.850848 0.971921 0.938889 0.945572 0.961093 0.943533 0.816159 0.822072 0.779829 0.912751 0.923966 0.982495
0.836651 0.847007 0.919096 0.929790 0.870625 0.762315 0.724797 0.602606 0.876465 0.687963 0.614892 0.612623 0.553235 0.000000 0.837910 0.740712 0.757676 0.733039 0.624380 0.773520 0.700784 0.969009 0.903083 0.878815 0.803694 0.783811 0.884110 0.729485 0.597191 0.616623 0.943155 0.914946 0.834446 0.771699 0.792016 0.884071 0.964636 0.930798 0.904312 0.914932 0.926058 0.982062 0.701430 0.687489 0.763122 0.754061 0.893324 0.673433 0.798346 0.920144 0.970956 0.932352 0.992891 0.937388 0.767437 0.946768 0.880340 0.957975 0.915477 0.955098 0.832379 0.835054 0.769874 0.849315 0.864618 0.990707 0.988465 0.953596 0.925904 0.967831 0.985272 0.963832 0.923064 0.866447 0.939607 0.756705 0.792230 0.934145 0.945788 0.826258 0.967653 0.990094 0.879040 0.888351 0.775640 0.724119 0.885917 0.870797 0.848923 0.636087 0.716984 0.779326 0.983187 0.900296 0.859400 0.874813 0.993959 0.882797 0.700875 0.725633 0.686300 0.684978 0.956896 0.868185 0.854381 0.947426 0.890013 0.938005 0.967809 0.911404 0.831760 0.772882 0.678237 0.952466 0.939749 0.979362
0.935924 0.865143 0.748237 0.847698 0.944253 0.940887 0.865366 0.940673 0.924159 0.959900 0.941163 0.856109 0.777484 0.837910 0.000000 0.677910 0.960708 0.972290 0.942290 0.990250 0.835874 0.961415 0.758504 0.730761 0.833291 0.808468 0.823664 0.800510 0.817077 0.966693 0.856309 0.851447 0.990754 0.914952 0.874758 0.870290 0.960986 0.827388 0.794746 0.882018 0.960610 0.938306 0.754977 0.858423 0.981654 0.977912 0.674512 0.832030 0.983320 0.953134 0.924347 0.995014 0.967139 0.904777 0.959688 0.831942 0.951159 0.884706 0.926079 0.697229 0.881890 0.743580 0.961394 0.826823 0.734933 0.993043 0.913793 0.807193 0.944844 0.871689 0.872139 0.958423 0.878786 0.855828 0.944538 0.954967 0.993543 0.986546 0.915964 0.869429 0.977914 0.929012 0.915646 0.838947 0.762557 0.908391 0.955896 0.962546 0.936296 0.995936 0.906213 0.920933 0.897981 0.867015 0.925646 0.907742 0.771489 0.843822 0.984382 0.915770 0.847750 0.999089 0.991017 0.958447 0.953670 0.989141 0.980170 0.852939 0.944836 0.991837 0.901040 0.902734 0.944467 0.968623 0.925686 0.950223
0.872781 0.996803 0.937905 0.867240 0.994645 0.730215 0.823658 0.770493 0.677966 0.813375 0.887058 0.710363 0.688112 0.740712 0.677910 0.000000 0.934637 0.992872 0.874480 0.900964 0.886449 0.938109 0.982899 0.857386 0.988052 0.937177 0.929468 0.960407 0.895973 0.897222 0.941013 0.922203 0.858997 0.950361 0.903668 0.739433 0.776723 0.977203 0.881588 0.918288 0.935638 0.957727 0.860444 0.902476 0.984341 0.953328 0.811911 0.783706 0.855631 0.997279 0.873558 0.994992 0.753141 0.913315 0.964882 0.870967 0.986801 0.993704 0.844703 0.994698 0.848647 0.880328 0.883959 0.859624 0.944257 0.916681 0.822071 0.780065 0.961418 0.982832 0.958546 0.903470 0.908035 0.951447 0.975166 0.946983 0.962250 0.895103 0.974207 0.976711 0.941513 0.961039 0.900622 0.827601 0.984012 0.843986 0.988708 0.994448 0.917728 0.954304 0.845637 0.968337 0.902452 0.989493 0.902714 0.981978 0.939019 0.955589 0.852530 0.927883 0.846041 0.849901 0.931279 0.855613 0.923158 0.993484 0.736420 0.884061 0.936818 0.987691 0.959708 0.994447 0.954329 0.881917 0.986227 0.936275
0.346525 0.398407 0.909019 0.857580 0.855455 0.727255 0.693680 0.628802 0.747954 0.543978 0.448349 0.575765 0.823698 0.757676 0.960708 0.934637 0.000000 0.285877 0.444991 0.484953 0.948112 0.973034 0.748739 0.685365 0.705356 0.729817 0.844541 0.770057 0.388495 0.416100 0.977527 0.821189 0.592761 0.512434 0.862917 0.895011 0.890685 0.934839 0.974183 0.893885 0.845528 0.999628 0.495753 0.453423 0.446500 0.474959 0.727542 0.489700 0.481015 0.519843 0.652423 0.686291 0.894729 0.911931 0.792593 0.853974 0.306666 0.413176 0.586863 0.864799 0.613160 0.824939 0.578576 0.470622 0.691228 0.959636 0.733838 0.704125 0.748864 0.652541 0.861483 0.842492 0.889973 0.782616 0.900660 0.726351 0.672365 0.741337 0.720351 0.607182 0.435564 0.620533 0.933446 0.828692 0.809811 0.760273 0.816054 0.666567 0.732724 0.787597 0.614496 0.676164 0.788595 0.911909 0.809622 0.878082 0.698844 0.952543 0.407452 0.377249 0.626284 0.809086 0.536842 0.675669 0.941528 0.930050 0.840088 0.831297 0.947808 0.948791 0.628261 0.581855 0.595958 0.931757 0.828989 0.941411
0.381657 0.383221 0.795858 0.750140 0.783929 0.716312 0.765109 0.716851 0.830544 0.551199 0.426650 0.567016 0.819477 0.733039 0.972290 0.992872 0.285877 0.000000 0.494929 0.445231 0.906463 0.984918 0.668998 0.653042 0.646364 0.626399 0.924607 0.754080 0.398798 0.385910 0.914745 0.831248 0.641744 0.531428 0.806206 0.866530 0.977053 0.960939 0.932280 0.984477 0.903231 0.990405 0.549858 0.463188 0.425647 0.420387 0.776758 0.484223 0.458819 0.494611 0.710190 0.671388 0.973823 0.986531 0.741136 0.884646 0.310093 0.412574 0.707691 0.935273 0.669522 0.871084 0.600139 0.507647 0.630273 0.907150 0.782797 0.742911 0.791787 0.677623 0.918578 0.955059 0.982649 0.812272 0.951697 0.747124 0.680877 0.679299 0.755730 0.668992 0.470088 0.608452 0.961389 0.865647 0.782276 0.729048 0.893436 0.718908 0.670090 0.732477 0.702959 0.734459 0.885032 0.923249 0.816485 0.917763 0.755436 0.923387 0.443954 0.424340 0.656561 0.891500 0.573962 0.721917 0.993486 0.985954 0.887451 0.841984 0.905926 0.983400 0.682904 0.531296 0.570896 0.918927 0.861729 0.912753
0.496098 0.556974 0.736248 0.831098 0.798497 0.726917 0.394947 0.417394 0.661492 0.464518 0.478045 0.665557 0.746718 0.624380 0.942290 0.874480 0.444991 0.494929 0.000000 0.594980 0.869155 0.972710 0.937522 0.901447 0.827703 0.820045 0.736664 0.820292 0.541102 0.512372 0.782150 0.599948 0.446609 0.407920 0.988627 0.861791 0.912874 0.949310 0.816780 0.951972 0.902815 0.973685 0.459514 0.501066 0.453831 0.502191 0.727417 0.492041 0.640438 0.629243 0.623960 0.640888 0.700731 0.688702 0.937711 0.955984 0.530490 0.658182 0.544957 0.884545 0.542248 0.862355 0.501448 0.643608 0.892312 0.933778 0.511045 0.575486 0.908195 0.805572 0.735313 0.829057 0.760697 0.695802 0.996016 0.677179 0.552189 0.638925 0.652490 0.649689 0.659845 0.722951 0.896556 0.982081 0.972970 0.823670 0.874901 0.725879 0.737981 0.810215 0.518122 0.503029 0.675630 0.708169 0.898071 0.884354 0.726020 0.993602 0.458917 0.415808 0.620129 0.555672 0.596741 0.724044 0.884676 0.765316 0.795763 0.828029 0.871502 0.932917 0.771901 0.612464 0.611897 0.971434 0.856735 0.894951
0.457815 0.460665 0.855253 0.934844 0.779129 0.809588 0.812297 0.716422 0.834706 0.663876 0.534661 0.599674 0.920312 0.773520 0.990250 0.900964 0.484953 0.445231 0.594980 0.000000 0.890402 0.908021 0.763073 0.849232 0.782753 0.735833 0.988860 0.774008 0.540496 0.591826 0.979160 0.821189 0.625683 0.635970 0.976037 0.961908 0.734619 0.880498 0.939385 0.986589 0.743034 0.849178 0.719909 0.625442 0.604940 0.636363 0.816376 0.613349 0.639440 0.616604 0.787608 0.746657 0.900937 0.971065 0.918044 0.939720 0.484462 0.457207 0.623813 0.780865 0.670817 0.760740 0.702544 0.556343 0.740884 0.952197 0.801476 0.752768 0.702899 0.644867 0.848583 0.932389 0.834868 0.730910 0.930709 0.888111 0.718935 0.776326 0.781998 0.724045 0.479394 0.595884 0.937271 0.794328 0.860687 0.836554 0.889494 0.725302 0.794789 0.828153 0.727067 0.714587 0.855609 0.974940 0.780665 0.906874 0.856624 0.906594 0.592772 0.601156 0.763857 0.946170 0.762860 0.714907 0.969083 0.963544 0.899085 0.854638 0.976198 0.995657 0.755333 0.707007 0.772770 0.951700 0.961107 0.979493
0.884322 0.858525 0.969730 0.989935 0.955841 0.971539 0.896680 0.747050 0.920000 0.784936 0.839881 0.771954 0.917082 0.700784 0.835874 0.886449 0.948112 0.906463 0.869155 0.890402 0.000000 0.987148 0.842374 0.834452 0.867997 0.893707 0.869894 0.884392 0.775048 0.814584 0.980052 0.950734 0.981280 0.970456 0.795182 0.853279 0.937120 0.993939 0.978567 0.890949 0.982365 0.962910 0.845829 0.919369 0.875356 0.836027 0.824227 0.943304 0.797240 0.900308 0.938325 0.927010 0.950015 0.958284 0.946363 0.865673 0.910943 0.908388 0.917330 0.933581 0.878775 0.738902 0.977333 0.810030 0.926346 0.982961 0.843337 0.972657 0.933282 0.986362 0.964505 0.942133 0.742365 0.961504 0.830404 0.868492 0.828848 0.894429 0.955611 0.958875 0.940206 0.898759 0.943932 0.969868 0.731812 0.674593 0.992494 0.842936 0.990932 0.932197 0.854358 0.824540 0.928885 0.976334 0.811805 0.985369 0.905139 0.931566 0.792272 0.907692 0.929378 0.895695 0.824851 0.834002 0.960654 0.902070 0.995441 0.988528 0.902645 0.879448 0.942605 0.799221 0.829382 0.872651 0.979019 0.875435
0.940689 0.868354 0.972334 0.989063 0.960242 0.915853 0.956685 0.904928 0.892647 0.873246 0.913982 0.935080 0.896266 0.969009 0.961415 0.938109 0.973034 0.984918 0.972710 0.908021 0.987148 0.000000 0.851981 0.884064 0.868504 0.918266 0.970947 0.858083 0.919528 0.918347 0.891536 0.878025 0.957805 0.960666 0.932296 0.988761 0.975855 0.958959 0.938204 0.957002 0.905404 0.921523 0.994864 0.935327 0.979276 0.993253 0.954075 0.880642 0.994831 0.934202 0.955912 0.912108 0.924849 0.989004 0.989756 0.977040 0.972232 0.948861 0.972576 0.982164 0.914034 0.923582 0.968375 0.889325 0.948383 0.956249 0.972317 0.989133 0.958695 0.982681 0.969121 0.991215 0.949829 0.963891 0.834151 0.999231 0.991797 0.966977 0.863033 0.990119 0.979598 0.987395 0.866729 0.813632 0.930279 0.902199 0.985548 0.906774 0.917172 0.818357 0.993334 0.930773 0.900761 0.971647 0.983532 0.750003 0.872750 0.968726 0.942412 0.967526 0.971371 0.911252 0.894257 0.979746 0.894601 0.984454 0.888245 0.834328 0.882428 0.925131 0.980657 0.881624 0.871921 0.999232 0.804352 0.950989
0.730807 0.659510 0.380375 0.456810 0.990327 0.795789 0.779025 0.893424 0.907789 0.742935 0.682806 0.524188 0.855067 0.903083 0.758504 0.982899 0.748739 0.668998 0.937522 0.763073 0.842374 0.851981 0.000000 0.325791 0.407614 0.553045 0.839004 0.699751 0.791816 0.672794 0.463739 0.698874 0.789422 0.992779 0.561712 0.884822 0.908744 0.897811 0.699916 0.850613 0.874676 0.974226 0.946446 0.855448 0.787461 0.707581 0.866373 0.980912 0.598546 0.760641 0.925185 0.966630 0.838397 0.874058 0.738661 0.803024 0.671296 0.669722 0.983988 0.800953 0.780852 0.666858 0.920786 0.527204 0.406078 0.700933 0.671757 0.921708 0.903516 0.810006 0.942336 0.815572 0.712972 0.818311 0.876075 0.889892 0.891582 0.906401 0.843602 0.979701 0.880507 0.992253 0.955406 0.776364 0.376951 0.426669 0.975454 0.851784 0.923670 0.791595 0.890167 0.958592 0.930761 0.827447 0.793339 0.971260 0.879444 0.696594 0.706311 0.869224 0.660511 0.882549 0.867543 0.756071 0.771563 0.868409 0.957229 0.835517 0.882797 0.981889 0.900421 0.726008 0.774998 0.862209 0.946921 0.966372
0.738753 0.665805 0.519441 0.482967 0.939004 0.779005 0.934554 0.788723 0.960534 0.668381 0.624965 0.568497 0.840292 0.878815 0.730761 0.857386 0.685365 0.653042 0.901447 0.849232 0.834452 0.884064 0.325791 0.000000 0.407982 0.558784 0.754393 0.688825 0.757496 0.624774 0.517000 0.761813 0.930681 0.886362 0.598450 0.932946 0.850826 0.916657 0.642084 0.952382 0.802850 0.981731 0.902982 0.770296 0.651471 0.613802 0.868687 0.898058 0.565116 0.702214 0.817250 0.887159 0.949679 0.972560 0.722691 0.814209 0.652623 0.683549 0.912963 0.787056 0.703531 0.702804 0.839820 0.550180 0.455738 0.756343 0.841964 0.939008 0.958487 0.849558 0.925988 0.809963 0.758909 0.804858 0.938734 0.948919 0.986906 0.997920 0.970023 0.932905 0.894541 0.989038 0.956348 0.880152 0.393228 0.414574 0.991811 0.831269 0.884248 0.765857 0.783742 0.842918 0.967204 0.966807 0.765455 0.991527 0.809277 0.757112 0.616338 0.734207 0.723082 0.964348 0.809657 0.735028 0.851415 0.978735 0.986761 0.812843 0.948518 0.946114 0.879957 0.660691 0.633894 0.766689 0.910688 0.951360
0.728477 0.733053 0.580108 0.548082 0.927837 0.724303 0.850756 0.676332 0.977139 0.483893 0.497766 0.516849 0.664101 0.803694 0.833291 0.988052 0.705356 0.646364 0.827703 0.782753 0.867997 0.868504 0.407614 0.407982 0.000000 0.395456 0.652463 0.638440 0.725247 0.558488 0.537552 0.784994 0.918146 0.825775 0.578448 0.893788 0.793555 0.759190 0.763549 0.816301 0.799911 0.978322 0.928650 0.770783 0.579130 0.565578 0.966601 0.829294 0.521191 0.766677 0.758271 0.863336 0.904845 0.904653 0.762413 0.878535 0.695103 0.761907 0.814620 0.885638 0.636569 0.755594 0.580295 0.479654 0.324858 0.565586 0.955247 0.950938 0.975027 0.871320 0.960666 0.951341 0.832999 0.985195 0.918205 0.994110 0.961517 0.936718 0.933902 0.964778 0.898816 0.902490 0.868096 0.857446 0.462530 0.476964 0.890246 0.893068 0.832504 0.754620 0.661591 0.704397 0.866995 0.920722 0.702704 0.941882 0.775540 0.781592 0.599899 0.699330 0.620935 0.878867 0.764875 0.612536 0.891592 0.980371 0.965141 0.981010 0.961018 0.864011 0.871742 0.658323 0.644316 0.776708 0.961218 0.838947
0.792279 0.738167 0.591335 0.550816 0.785211 0.731855 0.939791 0.827773 0.839746 0.577286 0.569508 0.542938 0.740857 0.783811 0.808468 0.937177 0.729817 0.626399 0.820045 0.735833 0.893707 0.918266 0.553045 0.558784 0.395456 0.000000 0.723874 0.625314 0.679209 0.536155 0.672947 0.842693 0.989441 0.859232 0.758383 0.919456 0.753888 0.829750 0.725659 0.803067 0.861422 0.954115 0.990483 0.875692 0.646432 0.631972 0.844086 0.870749 0.669273 0.830493 0.913908 0.977869 0.978441 0.966600 0.705290 0.905996 0.739824 0.729755 0.938516 0.952763 0.804754 0.910931 0.647358 0.619416 0.384288 0.611122 0.997473 0.887546 0.975842 0.912830 0.971751 0.909644 0.954212 0.827885 0.913180 0.945109 0.861254 0.892125 0.995950 0.982505 0.855391 0.755006 0.912074 0.879265 0.652963 0.703620 0.925940 0.947715 0.806813 0.703973 0.773964 0.780273 0.901476 0.975459 0.791800 0.942232 0.847092 0.845704 0.673100 0.735959 0.745023 0.940729 0.878119 0.717546 0.848648 0.785947 0.986067 0.932444 0.964836 0.935902 0.834424 0.718060 0.757296 0.796753 0.941760 0.866733
0.845063 0.923072 0.981109 0.950450 0.962829 0.722691 0.645206 0.613532 0.881617 0.631691 0.731410 0.705464 0.744263 0.884110 0.823664 0.929468 0.844541 0.924607 0.736664 0.988860 0.869894 0.970947 0.839004 0.754393 0.652463 0.723874 0.000000 0.787109 0.881506 0.735032 0.946712 0.965552 0.853546 0.815376 0.798917 0.817181 0.905373 0.995106 0.969735 0.869612 0.927315 0.998603 0.808357 0.838706 0.776628 0.765408 0.781426 0.912375 0.763671 0.961740 0.815992 0.919233 0.747954 0.846095 0.916991 0.994554 0.928950 0.972859 0.747585 0.911218 0.645626 0.834941 0.644156 0.699414 0.704107 0.801171 0.925979 0.827167 0.963045 0.903840 0.845169 0.882607 0.968408 0.988350 0.931012 0.926660 0.885657 0.902077 0.953461 0.921259 0.995769 0.924106 0.775639 0.870594 0.820228 0.708950 0.992412 0.876360 0.877338 0.965455 0.697054 0.725155 0.783856 0.926518 0.886571 0.972581 0.772637 0.880519 0.698221 0.735323 0.714478 0.755157 0.881366 0.754646 0.929366 0.839349 0.891929 0.877004 0.997723 0.942761 0.954768 0.880500 0.790245 0.935520 0.895828 0.902772
0.754959 0.773460 0.856460 0.769592 0.899235 0.938143 0.860659 0.754675 0.960000 0.730470 0.637970 0.694367 0.744824 0.729485 0.800510 0.960407 0.770057 0.754080 0.820292 0.774008 0.884392 0.858083 0.699751 0.688825 0.638440 0.625314 0.787109 0.000000 0.767088 0.616179 0.788767 0.946405 0.873317 0.771450 0.738196 0.997809 0.939788 0.969130 0.972229 0.936819 0.871693 0.933917 0.919055 0.790222 0.671922 0.702502 0.930081 0.860565 0.701178 0.822235 0.797784 0.858054 0.914031 0.906118 0.815842 0.896322 0.833204 0.808185 0.900614 0.863759 0.737663 0.812294 0.720511 0.734865 0.684855 0.907954 0.972902 0.862236 0.916035 0.951708 0.967657 0.924500 0.998054 0.808960 0.933088 0.949116 0.951135 0.863662 0.976269 0.783975 0.859484 0.780143 0.898046 0.894737 0.817206 0.779817 0.933528 0.960182 0.880795 0.687846 0.813716 0.817804 0.986872 0.951985 0.927593 0.821402 0.982390 0.838083 0.790043 0.743058 0.850527 0.930273 0.974655 0.926133 0.995449 0.924367 0.938077 0.891441 0.910181 0.802174 0.882196 0.802617 0.724084 0.858985 0.988370 0.995008
0.548685 0.553924 0.926054 0.883965 0.858823 0.765216 0.747871 0.655673 0.866623 0.592594 0.466369 0.623992 0.798859 0.597191 0.817077 0.895973 0.388495 0.398798 0.541102 0.540496 0.775048 0.919528 0.791816 0.757496 0.725247 0.679209 0.881506 0.767088 0.000000 0.375747 0.965062 0.863013 0.744684 0.634678 0.821173 0.897373 0.965555 0.977604 0.995830 0.926509 0.921763 0.909363 0.560987 0.527827 0.500426 0.522462 0.753405 0.546879 0.529341 0.603678 0.712210 0.671453 0.913033 0.939906 0.836291 0.911198 0.512908 0.583606 0.772194 0.903794 0.732473 0.830162 0.681636 0.624546 0.715901 0.946459 0.909024 0.818656 0.794644 0.792543 0.997310 0.960524 0.970546 0.820476 0.961957 0.734552 0.748632 0.733353 0.808025 0.697498 0.615790 0.758594 0.864442 0.854977 0.808894 0.765626 0.893576 0.788408 0.763230 0.765020 0.736318 0.804448 0.917266 0.983704 0.815173 0.902917 0.860887 0.910570 0.537692 0.542037 0.700402 0.781319 0.740741 0.825693 0.931717 0.999420 0.852736 0.812656 0.986176 0.933259 0.645668 0.716998 0.611101 0.909678 0.858163 0.971439
0.545815 0.538968 0.787576 0.743406 0.868509 0.685578 0.716794 0.582626 0.908514 0.474780 0.401195 0.523330 0.678551 0.616623 0.966693 0.897222 0.416100 0.385910 0.512372 0.591826 0.814584 0.918347 0.672794 0.624774 0.558488 0.536155 0.735032 0.616179 0.375747 0.000000 0.896988 0.932127 0.754999 0.603981 0.665925 0.839468 0.859764 0.916306 0.992633 0.982342 0.877410 0.887444 0.568742 0.482656 0.438128 0.444100 0.859128 0.523425 0.451066 0.620353 0.735136 0.736285 0.927469 0.900981 0.689981 0.977644 0.505887 0.613980 0.773586 0.913435 0.668993 0.829509 0.599265 0.543393 0.532354 0.799611 0.930654 0.783473 0.911614 0.903188 0.983013 0.933302 0.925512 0.887705 0.975390 0.820075 0.834189 0.796915 0.797221 0.635702 0.626940 0.713516 0.976300 0.899826 0.674394 0.592960 0.892584 0.807488 0.705951 0.592732 0.674041 0.755521 0.949740 0.954886 0.825689 0.983049 0.808116 0.934950 0.512094 0.543115 0.624512 0.726486 0.688586 0.744864 0.840205 0.941703 0.805014 0.977831 0.994460 0.959888 0.760508 0.677393 0.588553 0.894847 0.992011 0.882437
0.932673 0.912114 0.442159 0.496120 0.961719 0.987509 0.689437 0.904717 0.776483 0.961581 0.923627 0.737807 0.916969 0.943155 0.856309 0.941013 0.977527 0.914745 0.782150 0.979160 0.980052 0.891536 0.463739 0.517000 0.537552 0.672947 0.946712 0.788767 0.965062 0.896988 0.000000 0.544967 0.710227 0.807936 0.627187 0.966091 0.786792 0.889040 0.586169 0.814781 0.833155 0.872442 0.787554 0.960377 0.957566 0.892734 0.831167 0.914821 0.790382 0.932542 0.979465 0.939840 0.898239 0.842005 0.795454 0.808580 0.889934 0.851615 0.944961 0.898322 0.923774 0.842057 0.904805 0.716246 0.554876 0.727137 0.735578 0.889110 0.952307 0.943479 0.744767 0.707457 0.740089 0.701743 0.860721 0.664018 0.762304 0.798622 0.862386 0.788317 0.990190 0.934770 0.943545 0.831054 0.617257 0.668121 0.853287 0.995711 0.990383 0.964214 0.975866 0.931217 0.896342 0.813644 0.809191 0.903578 0.989149 0.788882 0.952219 0.984347 0.949930 0.762399 0.973499 0.877268 0.903311 0.812731 0.997573 0.743845 0.962589 0.944106 0.872439 0.903702 0.908087 0.831233 0.996766 0.975162
0.861715 0.852085 0.563804 0.683140 0.904905 0.959262 0.598772 0.761756 0.778861 0.849525 0.870176 0.937914 0.997101 0.914946 0.851447 0.922203 0.821189 0.831248 0.599948 0.821189 0.950734 0.878025 0.698874 0.761813 0.784994 0.842693 0.965552 0.946405 0.863013 0.932127 0.544967 0.000000 0.578265 0.590797 0.798685 0.965952 0.742827 0.991838 0.646879 0.725232 0.820763 0.985466 0.664610 0.775001 0.728120 0.764592 0.650958 0.608350 0.886098 0.715082 0.709207 0.622202 0.730181 0.716361 0.816032 0.953803 0.835916 0.912199 0.716656 0.963809 0.818166 0.981579 0.869103 0.954565 0.742692 0.732879 0.591108 0.648531 0.898529 0.933974 0.859048 0.797761 0.858265 0.754044 0.998900 0.696404 0.684944 0.589629 0.735999 0.698107 0.899842 0.844991 0.899815 0.916210 0.738884 0.818464 0.981101 0.855345 0.869246 0.921234 0.804626 0.804657 0.879524 0.765482 0.923610 0.943929 0.970126 0.997515 0.854544 0.753733 0.993571 0.833161 0.896714 0.942712 0.888005 0.740651 0.937935 0.752098 0.859987 0.949420 0.855488 0.833320 0.837660 0.874566 0.890374 0.927450
0.597980 0.627329 0.643020 0.761918 0.792456 0.903624 0.536627 0.657720 0.785671 0.805184 0.686779 0.886017 0.916887 0.834446 0.990754 0.858997 0.592761 0.641744 0.446609 0.625683 0.981280 0.957805 0.789422 0.930681 0.918146 0.989441 0.853546 0.873317 0.744684 0.754999 0.710227 0.578265 0.000000 0.463382 0.827165 0.909129 0.853677 0.763771 0.826223 0.851118 0.810766 0.976679 0.571293 0.638676 0.591679 0.692965 0.702124 0.623023 0.888051 0.703441 0.802332 0.743160 0.810976 0.813384 0.961110 0.974640 0.635925 0.718276 0.571909 0.821441 0.644464 0.912132 0.646564 0.815007 0.866588 0.713996 0.418242 0.427282 0.881898 0.817734 0.798339 0.829681 0.770590 0.703297 0.955184 0.727615 0.618530 0.661501 0.670907 0.601618 0.684272 0.662647 0.989247 0.926299 0.800065 0.873527 0.928077 0.763890 0.732569 0.950686 0.727224 0.675850 0.788964 0.792560 0.879639 0.781607 0.845979 0.895443 0.684285 0.618819 0.825341 0.713858 0.752326 0.874829 0.763462 0.751743 0.978162 0.937404 0.936503 0.880127 0.798163 0.858350 0.777618 0.954464 0.944307 0.951869
0.579473 0.571756 0.826131 0.939714 0.855476 0.748963 0.487991 0.546924 0.790109 0.549976 0.538307 0.737401 0.861221 0.771699 0.914952 0.950361 0.512434 0.531428 0.407920 0.635970 0.970456 0.960666 0.992779 0.886362 0.825775 0.859232 0.815376 0.771450 0.634678 0.603981 0.807936 0.590797 0.463382 0.000000 0.981967 0.904896 0.821319 0.990074 0.858018 0.982513 0.901503 0.972517 0.604684 0.569205 0.414402 0.506776 0.653231 0.552307 0.623851 0.567047 0.583090 0.549554 0.790893 0.661819 0.991538 0.990708 0.559725 0.681212 0.553751 0.849127 0.576781 0.816141 0.588050 0.695745 0.901273 0.869346 0.482892 0.451234 0.840638 0.731556 0.809843 0.867559 0.744902 0.651482 0.940011 0.620476 0.620239 0.604298 0.739700 0.665817 0.695887 0.712752 0.987552 0.919407 0.960445 0.932817 0.854989 0.836470 0.736243 0.855211 0.598990 0.624878 0.756656 0.735266 0.807027 0.874636 0.747746 0.914224 0.527105 0.539944 0.711234 0.684506 0.746724 0.827781 0.905945 0.777652 0.819860 0.815521 0.937999 0.951853 0.772193 0.628799 0.534279 0.962736 0.947662 0.851920
0.918891 0.935933 0.676342 0.640062 0.934042 0.814422 0.978181 0.894618 0.996836 0.757573 0.772894 0.753105 0.678481 0.792016 0.874758 0.903668 0.862917 0.806206 0.988627 0.976037 0.795182 0.932296 0.561712 0.598450 0.578448 0.758383 0.798917 0.738196 0.821173 0.665925 0.627187 0.798685 0.827165 0.981967 0.000000 0.856547 0.833909 0.909263 0.936484 0.961914 0.830526 0.828198 0.866984 0.769685 0.787719 0.730785 0.942964 0.911193 0.674729 0.841475 0.898354 0.913337 0.941567 0.997553 0.658527 0.896346 0.896006 0.992651 0.918564 0.939774 0.903790 0.887477 0.917651 0.854203 0.636102 0.711642 0.697361 0.820488 0.881524 0.970800 0.860037 0.913670 0.683713 0.800571 0.936450 0.972794 0.910766 0.993141 0.973693 0.948261 0.905348 0.861540 0.927065 0.973791 0.607822 0.530605 0.935498 0.923574 0.979857 0.701816 0.949579 0.982648 0.931666 0.867941 0.899498 0.960103 0.992944 0.821910 0.771263 0.904882 0.724580 0.954739 0.907911 0.794518 0.850432 0.925660 0.905901 0.916697 0.923998 0.981318 0.978808 0.745075 0.708545 0.750367 0.900398 0.906432
0.895063 0.983036 0.997195 0.983057 0.754987 0.828282 0.838471 0.853877 0.761198 0.848445 0.851171 0.890760 0.876744 0.884071 0.870290 0.739433 0.895011 0.866530 0.861791 0.961908 0.853279 0.988761 0.884822 0.932946 0.893788 0.919456 0.817181 0.997809 0.897373 0.839468 0.966091 0.965952 0.909129 0.904896 0.856547 0.000000 0.944894 0.865418 0.907291 0.894726 0.828487 0.969992 0.825682 0.890234 0.997164 0.918989 0.943096 0.889702 0.884555 0.997650 0.991302 0.975146 0.952048 0.968817 0.835365 0.962553 0.934135 0.995434 0.992502 0.827117 0.988938 0.905331 0.921645 0.924844 0.926681 0.802790 0.819499 0.766357 0.979291 0.970231 0.902034 0.899956 0.952375 0.930919 0.878952 0.943637 0.970118 0.985965 0.851350 0.975571 0.993430 0.992877 0.787152 0.941017 0.883801 0.749773 0.977997 0.902692 0.957798 0.996647 0.866385 0.791384 0.885800 0.959538 0.969316 0.898037 0.948944 0.982335 0.791774 0.787154 0.812174 0.897602 0.811374 0.894290 0.871317 0.954526 0.915216 0.998644 0.879704 0.933290 0.957365 0.869745 0.989641 0.971354 0.945743 0.900970
0.882072 0.887165 0.797445 0.668150 0.933236 0.955314 0.889441 0.845541 0.610544 0.990952 0.952818 0.923463 0.817312 0.964636 0.960986 0.776723 0.890685 0.977053 0.912874 0.734619 0.937120 0.975855 0.908744 0.850826 0.793555 0.753888 0.905373 0.939788 0.965555 0.859764 0.786792 0.742827 0.853677 0.821319 0.833909 0.944894 0.000000 0.722580 0.885528 0.765518 0.716628 0.829642 0.917238 0.984313 0.969941 0.894571 0.872400 0.929216 0.984953 0.896866 0.733387 0.759636 0.784446 0.782010 0.808521 0.975314 0.879242 0.856789 0.669340 0.660715 0.839723 0.759596 0.873660 0.926249 0.783174 0.634013 0.905109 0.884524 0.751299 0.751924 0.856824 0.796370 0.762087 0.783420 0.914910 0.900200 0.834618 0.921259 0.892634 0.953028 0.822180 0.926338 0.874974 0.817682 0.970410 0.921083 0.830546 0.852981 0.868983 0.776073 0.870803 0.897360 0.844955 0.868641 0.816065 0.866214 0.900859 0.947912 0.869287 0.940189 0.972334 0.968166 0.997828 0.947914 0.874768 0.800210 0.904269 0.791102 0.838572 0.898588 0.930952 0.981918 0.947777 0.864091 0.957403 0.945954
0.833257 0.836827 0.889341 0.736706 0.947786 0.938420 0.973052 0.946510 0.805349 0.914969 0.818578 0.995575 0.824300 0.930798 0.827388 0.977203 0.934839 0.960939 0.949310 0.880498 0.993939 0.958959 0.897811 0.916657 0.759190 0.829750 0.995106 0.969130 0.977604 0.916306 0.889040 0.991838 0.763771 0.990074 0.909263 0.865418 0.722580 0.000000 0.948531 0.939553 0.718077 0.928135 0.886146 0.956714 0.993936 0.969296 0.890527 0.961986 0.953780 0.885859 0.911728 0.921248 0.944973 0.979210 0.881068 0.839478 0.907052 0.875718 0.808679 0.714137 0.885677 0.765317 0.926438 0.902564 0.796819 0.618260 0.848490 0.793435 0.815372 0.933814 0.978960 0.866835 0.926413 0.975798 0.907113 0.954301 0.818550 0.928731 0.858976 0.938915 0.855734 0.911014 0.998463 0.861286 0.959450 0.902609 0.959769 0.870020 0.997144 0.818103 0.985801 0.897713 0.945474 0.981105 0.973783 0.895551 0.885401 0.947641 0.957437 0.992461 0.922390 0.926459 0.835701 0.982577 0.773548 0.799313 0.945509 0.983245 0.899723 0.994095 0.936336 0.985138 0.948967 0.885053 0.843101 0.857143
