0.000000 0.251280 0.508103 0.601575 0.934906 0.820638 0.521054 0.456216 0.965814 0.687753 0.287752 0.263121 0.366749 0.410594 0.490565 0.465314 0.302648 0.217806 0.347932 0.268777 0.698970 0.847007 0.495078 0.624624 0.761482 0.716299 0.964621 0.957175 0.252345 0.252823 0.469109 0.475970 0.411736 0.348764 0.713578 0.833246 0.545254 0.700212 0.760527 0.708223 0.766792 0.810597 0.534094 0.475487 0.589265 0.495211 0.476461 0.421128 0.744675 0.656320 0.699154 0.730943 0.754613 0.903552 0.649867 0.801424 0.334971 0.324652 0.480717 0.400041 0.300628 0.356107 0.255671 0.288179 0.531797 0.463555 0.545579 0.397030 0.400723 0.331816 0.529857 0.582921 0.456526 0.532384 0.762370 0.768220 0.505264 0.555730 0.492396 0.361705 0.255985 0.275694 0.394435 0.462405 0.501729 0.497527 0.791266 0.952250 0.875852 0.562667 0.975767 0.955570 0.890238 0.955680 0.521920 0.622889 0.603146 0.825194 0.572040 0.584731 0.731611 0.668955 0.540698 0.641731 0.523807 0.561002 0.882098 0.906006 0.999403 0.739655 0.866673 0.637495 0.667485 0.680854 0.765398 0.945905
0.251280 0.000000 0.705676 0.746922 0.965213 0.924896 0.627402 0.524727 0.964763 0.644261 0.373735 0.330194 0.588058 0.546118 0.641684 0.572533 0.194236 0.198979 0.426956 0.324983 0.768535 0.833670 0.615114 0.771518 0.925540 0.867547 0.872058 0.953323 0.296851 0.272070 0.562897 0.598623 0.467738 0.415396 0.810899 0.733095 0.709078 0.645189 0.903697 0.828680 0.857237 0.634075 0.515814 0.475255 0.571718 0.512798 0.559704 0.467248 0.629836 0.656128 0.666667 0.716460 0.774241 0.857879 0.842218 0.935182 0.175932 0.179547 0.480403 0.443615 0.462015 0.481766 0.219534 0.195492 0.795209 0.683741 0.598972 0.444912 0.512215 0.343716 0.481040 0.494410 0.508353 0.528114 0.837670 0.691050 0.528430 0.357433 0.478700 0.487730 0.242238 0.413343 0.388307 0.474684 0.676458 0.721312 0.710249 0.836509 0.998489 0.740082 0.883459 0.883085 0.810082 0.936416 0.537719 0.708995 0.657754 0.665025 0.527076 0.509656 0.716905 0.662677 0.444879 0.561054 0.499044 0.501569 0.760578 0.799449 0.962494 0.800019 0.786611 0.596727 0.724741 0.773416 0.764605 0.976179
0.508103 0.705676 0.000000 0.212092 0.945113 0.570946 0.183986 0.283283 0.596134 0.463897 0.491040 0.588324 0.404633 0.564581 0.519658 0.524248 0.741204 0.576516 0.367480 0.457590 0.678751 0.813185 0.331338 0.374856 0.612694 0.375587 0.882765 0.896119 0.671704 0.548978 0.304598 0.405244 0.366905 0.311673 0.561611 0.708860 0.637908 0.744851 0.540626 0.750639 0.967299 0.972915 0.325105 0.341515 0.364806 0.372080 0.349615 0.377586 0.620623 0.523655 0.563518 0.532684 0.579752 0.751252 0.657384 0.592356 0.828756 0.842863 0.484608 0.499541 0.405996 0.474921 0.673076 0.760724 0.276322 0.258942 0.252295 0.310154 0.779376 0.622480 0.475161 0.458548 0.569086 0.536211 0.794113 0.772048 0.477607 0.726607 0.537766 0.434143 0.657705 0.509021 0.805683 0.785076 0.617938 0.480838 0.919019 0.959426 0.841649 0.609991 0.587968 0.618103 0.596550 0.558081 0.615213 0.620385 0.372616 0.839617 0.422866 0.423419 0.533375 0.502223 0.564624 0.583136 0.450904 0.525628 0.657869 0.712054 0.891251 0.879156 0.790618 0.585350 0.467306 0.631478 0.696944 0.922626
0.601575 0.746922 0.212092 0.000000 0.999488 0.581956 0.243582 0.287793 0.611735 0.453361 0.560176 0.649016 0.471341 0.504482 0.513438 0.485639 0.812318 0.631277 0.362087 0.471183 0.610344 0.751811 0.357502 0.348676 0.693240 0.402607 0.857914 0.965167 0.675177 0.593756 0.365716 0.434724 0.384804 0.330184 0.626162 0.681642 0.664924 0.805433 0.645860 0.805701 0.948829 0.901971 0.342434 0.367008 0.457488 0.446506 0.390877 0.432555 0.626940 0.538109 0.618296 0.558986 0.636995 0.747935 0.717849 0.679468 0.873497 0.878286 0.481735 0.565375 0.535652 0.548840 0.755291 0.839161 0.360129 0.280922 0.321570 0.381854 0.881710 0.687942 0.465505 0.451924 0.656850 0.581212 0.885058 0.702440 0.454090 0.667298 0.542947 0.501181 0.748428 0.562588 0.861682 0.785060 0.687402 0.480690 0.983315 0.909030 0.873004 0.615495 0.523821 0.525292 0.552056 0.473471 0.711262 0.581706 0.436653 0.751480 0.439312 0.390009 0.510279 0.556890 0.580011 0.538670 0.494609 0.598125 0.702931 0.720291 0.921484 0.863678 0.850643 0.579305 0.469379 0.548802 0.744520 0.858282
0.934906 0.965213 0.945113 0.999488 0.000000 0.956343 0.939138 0.919388 0.999712 0.904939 0.970573 0.945098 0.936984 0.886878 0.989200 0.935493 0.922619 0.942943 0.967284 0.957717 0.922691 0.937992 0.921676 0.981427 0.840270 0.894618 0.969521 0.949936 0.945983 0.955565 0.997194 0.922863 0.983490 0.993374 0.949616 0.948183 0.760740 0.940407 0.874404 0.919836 0.881530 0.909841 0.894794 0.906584 0.876807 0.840901 0.953902 0.890659 0.727863 0.789498 0.864730 0.823540 0.848495 0.751746 0.982797 0.920701 0.941772 0.904605 0.883518 0.874805 0.887346 0.902400 0.847580 0.887729 0.940285 0.959410 0.969176 0.952595 0.933793 0.946342 0.875067 0.880423 0.986327 0.983956 0.954548 0.941784 0.932459 0.999567 0.860588 0.944180 0.865321 0.946853 0.911221 0.945105 0.983606 0.976635 0.966142 0.952928 0.964711 0.893100 0.891209 0.906547 0.927049 0.997377 0.934065 0.996751 0.950218 0.849390 0.896311 0.768886 0.893428 0.962514 0.983389 0.816085 0.956056 0.949969 0.832709 0.978310 0.745254 0.888388 0.970463 0.764159 0.769674 0.938243 0.901034 0.949976
0.820638 0.924896 0.570946 0.581956 0.956343 0.000000 0.562906 0.737641 0.800116 0.724800 0.820407 0.751670 0.627319 0.797862 0.674076 0.529041 0.971775 0.832256 0.639730 0.733606 0.821659 0.800745 0.600873 0.601128 0.750614 0.495945 0.768628 0.658560 0.885634 0.823866 0.691213 0.729230 0.631137 0.570395 0.698149 0.907472 0.948122 0.977769 0.770120 0.896469 0.982526 0.922420 0.642593 0.589002 0.751374 0.796495 0.779705 0.672448 0.936046 0.756396 0.846732 0.741889 0.786970 0.852827 0.856063 0.832617 0.950858 0.959623 0.864328 0.832158 0.796156 0.888646 0.917006 0.998436 0.595093 0.624196 0.639114 0.715726 0.916688 0.764218 0.784060 0.686372 0.804623 0.669207 0.774908 0.818882 0.784506 0.841253 0.801473 0.578210 0.843351 0.681641 0.992802 0.940737 0.698957 0.576653 0.847774 0.754037 0.933937 0.791051 0.699661 0.691608 0.713660 0.658869 0.766505 0.611428 0.679868 0.884063 0.724321 0.693068 0.903845 0.741609 0.872595 0.729338 0.660695 0.782344 0.871442 0.905980 0.991196 0.878423 0.990287 0.804099 0.680424 0.878941 0.923218 0.956325
0.521054 0.627402 0.183986 0.243582 0.939138 0.562906 0.000000 0.202468 0.531633 0.308121 0.528677 0.598633 0.458285 0.651263 0.585890 0.549287 0.665881 0.545209 0.360994 0.439096 0.716280 0.822143 0.286103 0.460250 0.749438 0.474687 0.988231 0.892478 0.662481 0.538368 0.312425 0.450791 0.303048 0.248119 0.523176 0.603693 0.658496 0.771044 0.700844 0.791103 0.997090 0.908343 0.212031 0.228339 0.232307 0.252224 0.330161 0.309047 0.452773 0.402286 0.434418 0.395423 0.458646 0.616517 0.667357 0.589808 0.717751 0.730328 0.360401 0.407837 0.378110 0.422097 0.575971 0.649159 0.345543 0.303193 0.169234 0.234100 0.859334 0.588323 0.333896 0.327320 0.644059 0.523475 0.824861 0.711958 0.371103 0.655498 0.477339 0.451447 0.604254 0.541695 0.794153 0.788781 0.673006 0.582617 0.989296 0.944361 0.842221 0.707610 0.424747 0.462309 0.438797 0.437885 0.586791 0.560342 0.312230 0.717891 0.269851 0.282132 0.402323 0.422447 0.461968 0.476561 0.339845 0.392081 0.537839 0.603921 0.815525 0.878163 0.690731 0.467445 0.410245 0.593347 0.590415 0.870596
0.456216 0.524727 0.283283 0.287793 0.919388 0.737641 0.202468 0.000000 0.529617 0.271904 0.431206 0.525427 0.470340 0.562884 0.626942 0.579490 0.578043 0.471629 0.373438 0.359267 0.773639 0.817452 0.383402 0.528352 0.923512 0.637184 0.880362 0.821238 0.549631 0.486657 0.420675 0.478581 0.361249 0.295607 0.653840 0.631605 0.696664 0.806432 0.855390 0.840419 0.932900 0.796056 0.290498 0.340846 0.331570 0.338330 0.434032 0.405841 0.487338 0.469691 0.521000 0.489512 0.564885 0.661409 0.773040 0.686351 0.597150 0.589199 0.337240 0.398620 0.378222 0.338855 0.499924 0.524368 0.496057 0.357531 0.277055 0.297723 0.835609 0.545569 0.351594 0.375383 0.686822 0.620621 0.888416 0.759478 0.397107 0.593844 0.504814 0.539085 0.563445 0.537410 0.759988 0.755083 0.772781 0.671251 0.971630 0.929046 0.816721 0.689967 0.427580 0.466442 0.428812 0.455713 0.531234 0.601851 0.355850 0.648791 0.252479 0.255307 0.349720 0.447632 0.385115 0.430915 0.356514 0.394859 0.552001 0.619837 0.837313 0.810531 0.702615 0.431411 0.389314 0.559123 0.620435 0.895422
0.965814 0.964763 0.596134 0.611735 0.999712 0.800116 0.531633 0.529617 0.000000 0.409279 0.917817 0.993276 0.863836 0.939323 0.981009 0.949875 0.918094 0.912205 0.919037 0.955558 0.961531 0.910655 0.803794 0.918190 0.957028 0.843308 0.894268 0.870092 0.889497 0.895885 0.756902 0.922921 0.858787 0.744388 0.806299 0.762600 0.945700 0.927311 0.976279 0.862202 0.768298 0.994698 0.603993 0.653327 0.572452 0.581146 0.750554 0.789717 0.525139 0.501205 0.512459 0.494257 0.478497 0.534792 0.991668 0.847550 0.856868 0.900380 0.536017 0.660869 0.748297 0.681241 0.982847 0.984558 0.811349 0.712954 0.602626 0.714178 0.807048 0.946261 0.704408 0.711028 0.918601 0.982761 0.971742 0.973989 0.789281 0.879310 0.892018 0.855359 0.865522 0.824405 0.797026 0.774561 0.771482 0.934066 0.974508 0.868294 0.764004 0.855433 0.507073 0.601371 0.613464 0.501786 0.790512 0.843587 0.628584 0.827393 0.532269 0.551607 0.651504 0.597160 0.695560 0.671438 0.658211 0.679672 0.574286 0.605076 0.955224 0.864924 0.766357 0.671690 0.611103 0.886615 0.637610 0.844427
0.687753 0.644261 0.463897 0.453361 0.904939 0.724800 0.308121 0.271904 0.409279 0.000000 0.634573 0.664538 0.614749 0.826111 0.757379 0.704792 0.677979 0.668710 0.555248 0.555317 0.912999 0.885719 0.504823 0.705731 0.890900 0.823283 0.910135 0.802752 0.718866 0.650261 0.617467 0.642659 0.543090 0.457296 0.754527 0.571440 0.870961 0.920229 0.935874 0.983640 0.876219 0.851550 0.373911 0.411017 0.379132 0.411072 0.541452 0.490236 0.391812 0.428913 0.509323 0.481811 0.542368 0.622706 0.846229 0.764706 0.735803 0.739927 0.422244 0.508210 0.554936 0.494331 0.655337 0.648927 0.721408 0.564167 0.423341 0.493888 0.918429 0.649467 0.422972 0.426188 0.847690 0.754489 0.901961 0.768698 0.535289 0.584393 0.593767 0.609077 0.694416 0.736179 0.907533 0.829504 0.986732 0.915950 0.924719 0.947042 0.824003 0.808357 0.405593 0.450409 0.462205 0.475100 0.575895 0.629499 0.360472 0.653209 0.292758 0.280090 0.401663 0.434353 0.445241 0.497292 0.488858 0.444928 0.533638 0.613191 0.839399 0.954059 0.716630 0.513840 0.481628 0.781673 0.658475 0.801748
0.287752 0.373735 0.491040 0.560176 0.970573 0.820407 0.528677 0.431206 0.917817 0.634573 0.000000 0.341655 0.356800 0.497232 0.574383 0.556251 0.488964 0.367594 0.389317 0.312577 0.796475 0.897364 0.614266 0.671654 0.901249 0.824094 0.956772 0.968059 0.392962 0.366639 0.571843 0.609389 0.542202 0.475566 0.816176 0.865048 0.666747 0.804363 0.851607 0.803667 0.830426 0.954809 0.604788 0.581521 0.633693 0.555199 0.588721 0.582439 0.799574 0.685969 0.782898 0.772934 0.793209 0.902979 0.756452 0.802204 0.500918 0.457328 0.550648 0.478616 0.360289 0.367542 0.392432 0.437367 0.614323 0.507817 0.625209 0.460346 0.529601 0.532460 0.632946 0.600647 0.534063 0.665694 0.788510 0.776305 0.516353 0.576737 0.584562 0.467777 0.426215 0.387722 0.592654 0.597902 0.719052 0.666004 0.844374 0.923420 0.891560 0.651224 0.926269 0.942285 0.893998 0.931213 0.633133 0.637561 0.639773 0.934959 0.599704 0.582941 0.724390 0.601711 0.549666 0.654033 0.543420 0.619478 0.858961 0.945992 0.953462 0.839885 0.858492 0.656368 0.685514 0.674371 0.792075 0.957001
0.263121 0.330194 0.588324 0.649016 0.945098 0.751670 0.598633 0.525427 0.993276 0.664538 0.341655 0.000000 0.306514 0.395112 0.390573 0.307293 0.361006 0.268402 0.404158 0.378918 0.758272 0.829539 0.443022 0.562045 0.811865 0.760932 0.988249 0.950054 0.263091 0.256267 0.546454 0.505490 0.461133 0.410907 0.853488 0.988802 0.705509 0.863171 0.871825 0.866792 0.915319 0.877519 0.576470 0.520967 0.686905 0.552389 0.590134 0.467278 0.790023 0.629520 0.711643 0.672200 0.760343 0.770915 0.792195 0.876136 0.476948 0.441327 0.584334 0.481829 0.308925 0.363900 0.271158 0.320377 0.595986 0.485246 0.678087 0.526895 0.591959 0.417511 0.623112 0.601119 0.385272 0.463856 0.682776 0.673073 0.585234 0.477919 0.534349 0.394967 0.324503 0.322215 0.449903 0.525003 0.502574 0.493104 0.754387 0.944677 0.914891 0.626056 0.967479 0.998173 0.949219 0.923817 0.593202 0.671635 0.651400 0.849944 0.648888 0.582120 0.785547 0.701963 0.638305 0.758742 0.494100 0.559666 0.894698 0.996757 0.944464 0.755352 0.933811 0.624096 0.649569 0.763655 0.740269 0.983335
0.366749 0.588058 0.404633 0.471341 0.936984 0.627319 0.458285 0.470340 0.863836 0.614749 0.356800 0.306514 0.000000 0.421555 0.394788 0.338734 0.678970 0.517977 0.412460 0.488662 0.755269 0.916903 0.432624 0.468222 0.750020 0.591087 0.834857 0.981828 0.473253 0.418022 0.571279 0.573564 0.521993 0.469112 0.815835 0.950092 0.717056 0.894291 0.710853 0.774171 0.974344 0.934492 0.553510 0.501825 0.662751 0.515220 0.510150 0.476707 0.771313 0.502370 0.649369 0.590263 0.667081 0.733097 0.669703 0.687505 0.769204 0.686191 0.536509 0.443166 0.273050 0.344405 0.480867 0.575548 0.388175 0.337729 0.600802 0.505554 0.609442 0.563764 0.684935 0.640356 0.457375 0.568073 0.801330 0.753346 0.650941 0.690089 0.572200 0.412350 0.545912 0.365997 0.663272 0.655590 0.531361 0.405722 0.860543 0.762843 0.732127 0.561060 0.920070 0.928761 0.943374 0.899199 0.650127 0.635803 0.562360 0.954347 0.668813 0.579961 0.702984 0.618921 0.679141 0.797988 0.562247 0.652540 0.922623 0.965757 0.840766 0.782345 0.985254 0.732928 0.606611 0.697787 0.823759 0.947516
0.410594 0.546118 0.564581 0.504482 0.886878 0.797862 0.651263 0.562884 0.939323 0.826111 0.497232 0.395112 0.421555 0.000000 0.308444 0.328524 0.657009 0.446378 0.377412 0.408951 0.669703 0.754620 0.467419 0.441974 0.676961 0.603825 0.933879 0.922852 0.372406 0.381787 0.544492 0.507552 0.501007 0.482002 0.909010 0.960316 0.725020 0.916797 0.773346 0.767721 0.941186 0.792491 0.657589 0.644794 0.886324 0.753571 0.564757 0.636356 0.992951 0.895198 0.973623 0.897245 0.942023 0.949695 0.689134 0.844951 0.683919 0.684284 0.733022 0.718357 0.540163 0.558913 0.595974 0.624829 0.479334 0.420696 0.701160 0.644176 0.622395 0.511489 0.710703 0.729316 0.490689 0.613092 0.846684 0.723385 0.612452 0.672777 0.635134 0.482752 0.553637 0.353418 0.504853 0.420100 0.440357 0.328980 0.931486 0.810426 0.869374 0.491792 0.971509 0.967474 0.921116 0.972792 0.661217 0.700438 0.757285 0.767576 0.788673 0.693018 0.727348 0.772413 0.772521 0.848145 0.662283 0.714872 0.948591 0.911826 0.940601 0.784190 0.943093 0.785317 0.719755 0.729645 0.899488 0.877740
0.490565 0.641684 0.519658 0.513438 0.989200 0.674076 0.585890 0.626942 0.981009 0.757379 0.574383 0.390573 0.394788 0.308444 0.000000 0.304093 0.676279 0.492263 0.432234 0.501695 0.704098 0.728973 0.337316 0.365719 0.612162 0.557099 0.790979 0.858232 0.474147 0.409187 0.445879 0.385751 0.445048 0.460763 0.802679 0.977196 0.777340 0.979233 0.725753 0.878772 0.960819 0.988063 0.604127 0.589586 0.794655 0.677660 0.532984 0.556182 0.897945 0.837896 0.943788 0.846279 0.929757 0.962962 0.710341 0.791470 0.809230 0.821741 0.770220 0.771627 0.530810 0.651626 0.630384 0.717881 0.479819 0.463982 0.665935 0.632483 0.687427 0.647516 0.685926 0.757004 0.461552 0.561705 0.772011 0.740073 0.628873 0.699838 0.522307 0.505424 0.547359 0.395146 0.508114 0.502458 0.440585 0.345783 0.963318 0.780090 0.983829 0.654742 0.982035 0.951132 0.968933 0.953018 0.750083 0.718230 0.694025 0.872780 0.813244 0.696207 0.841224 0.837991 0.891962 0.929553 0.662973 0.748315 0.954749 0.849489 0.984111 0.821537 0.948649 0.808212 0.695233 0.829225 0.866424 0.882885
0.465314 0.572533 0.524248 0.485639 0.935493 0.529041 0.549287 0.579490 0.949875 0.704792 0.556251 0.307293 0.338734 0.328524 0.304093 0.000000 0.614598 0.470116 0.357079 0.477270 0.684711 0.682274 0.323393 0.349113 0.584970 0.527007 0.842653 0.795980 0.419514 0.374060 0.499313 0.451147 0.409527 0.368534 0.827448 0.962876 0.740406 0.908609 0.762149 0.830884 0.961107 0.914822 0.519900 0.448686 0.737053 0.589267 0.528023 0.471749 0.828438 0.632152 0.742727 0.640704 0.747298 0.785396 0.661896 0.797335 0.749935 0.721687 0.615085 0.639795 0.473197 0.556576 0.533443 0.611365 0.445049 0.404075 0.613863 0.596326 0.700455 0.491833 0.611085 0.614902 0.445849 0.468309 0.699229 0.706091 0.594412 0.648702 0.558486 0.414309 0.540978 0.388304 0.642519 0.580204 0.427173 0.315554 0.757157 0.843089 0.988964 0.614806 0.897198 0.886036 0.917355 0.957806 0.688761 0.613448 0.642416 0.766614 0.699425 0.570346 0.837245 0.694809 0.740561 0.825291 0.543923 0.639899 0.957542 0.986036 0.942774 0.716867 0.950453 0.709625 0.585178 0.745316 0.843366 0.990573
0.302648 0.194236 0.741204 0.812318 0.922619 0.971775 0.665881 0.578043 0.918094 0.677979 0.488964 0.361006 0.678970 0.657009 0.676279 0.614598 0.000000 0.200050 0.463402 0.374705 0.770424 0.813116 0.614903 0.800395 0.862027 0.889182 0.900562 0.937429 0.320763 0.296073 0.582375 0.563415 0.485279 0.443130 0.839321 0.763010 0.744388 0.671377 0.937565 0.862323 0.824328 0.641037 0.545149 0.529133 0.599518 0.559922 0.605696 0.469029 0.664482 0.706071 0.715066 0.770504 0.819670 0.895400 0.873668 0.974677 0.201550 0.247360 0.527106 0.553081 0.528578 0.562021 0.249845 0.245306 0.829723 0.748442 0.643406 0.519739 0.503036 0.381047 0.531802 0.551634 0.523551 0.548166 0.781941 0.680799 0.562769 0.457810 0.468006 0.540353 0.227299 0.444189 0.396488 0.532189 0.656226 0.764716 0.748101 0.780419 0.937806 0.837485 0.955370 0.946363 0.891129 0.970788 0.591478 0.734884 0.664793 0.682684 0.606091 0.583917 0.806651 0.728332 0.486702 0.619765 0.528211 0.533170 0.806957 0.861626 0.993894 0.761691 0.824731 0.644674 0.764681 0.755747 0.754299 0.966994
0.217806 0.198979 0.576516 0.631277 0.942943 0.832256 0.545209 0.471629 0.912205 0.668710 0.367594 0.268402 0.517977 0.446378 0.492263 0.470116 0.200050 0.000000 0.327271 0.226940 0.706440 0.762689 0.461086 0.605671 0.777259 0.737842 0.981449 0.893319 0.235576 0.191313 0.473874 0.470815 0.373727 0.317098 0.726511 0.827734 0.662119 0.685136 0.796530 0.838251 0.779488 0.732833 0.481901 0.446149 0.573186 0.517376 0.551413 0.402147 0.699413 0.691176 0.744660 0.762529 0.803011 0.908441 0.781639 0.912399 0.241833 0.260235 0.534884 0.506484 0.426598 0.479713 0.234946 0.247562 0.655662 0.570992 0.555030 0.406929 0.508988 0.388353 0.474215 0.515671 0.459474 0.469506 0.783149 0.599231 0.470406 0.437943 0.456547 0.407436 0.212764 0.278702 0.354928 0.452170 0.508442 0.566194 0.793266 0.903328 0.958013 0.671138 0.875276 0.870171 0.795148 0.942414 0.521164 0.713431 0.645081 0.682712 0.557968 0.521672 0.730494 0.658901 0.502697 0.602537 0.454313 0.498629 0.801934 0.896009 0.983157 0.759136 0.864032 0.559608 0.676321 0.670781 0.756462 0.952565
0.347932 0.426956 0.367480 0.362087 0.967284 0.639730 0.360994 0.373438 0.919037 0.555248 0.389317 0.404158 0.412460 0.377412 0.432234 0.357079 0.463402 0.327271 0.000000 0.265560 0.576445 0.723219 0.355181 0.414896 0.624226 0.567775 0.925246 0.895938 0.364032 0.318568 0.395224 0.383254 0.309510 0.265813 0.728519 0.679250 0.642954 0.802084 0.700833 0.830879 0.975152 0.787632 0.397538 0.386335 0.527680 0.481509 0.399922 0.376742 0.680202 0.637193 0.755539 0.723607 0.796831 0.945204 0.788737 0.816739 0.508210 0.537320 0.486055 0.530249 0.479929 0.555017 0.448827 0.548808 0.463133 0.427189 0.426265 0.445291 0.595388 0.450112 0.459723 0.476141 0.555838 0.537705 0.748058 0.679039 0.439202 0.524290 0.499900 0.412742 0.458458 0.362642 0.630884 0.564952 0.565181 0.475349 0.869477 0.930916 0.951120 0.655568 0.765012 0.750998 0.727070 0.764998 0.662150 0.541438 0.545057 0.690176 0.520673 0.421425 0.589594 0.584560 0.532823 0.564202 0.484155 0.556113 0.866135 0.878189 0.962050 0.848885 0.849316 0.621924 0.568144 0.609276 0.788265 0.976439
0.268777 0.324983 0.457590 0.471183 0.957717 0.733606 0.439096 0.359267 0.955558 0.555317 0.312577 0.378918 0.488662 0.408951 0.501695 0.477270 0.374705 0.226940 0.265560 0.000000 0.660472 0.726117 0.434650 0.536031 0.776651 0.670712 0.941480 0.888839 0.321777 0.275835 0.436471 0.406745 0.369267 0.293629 0.658862 0.746694 0.633043 0.722870 0.751471 0.875497 0.797314 0.787028 0.457910 0.430999 0.547199 0.533999 0.477443 0.430259 0.732000 0.716192 0.818464 0.813532 0.829674 0.993591 0.794334 0.847789 0.378813 0.406081 0.522065 0.547707 0.481870 0.517970 0.389456 0.413709 0.592733 0.507792 0.482470 0.427268 0.562550 0.418744 0.480096 0.486169 0.542976 0.537816 0.722781 0.686489 0.428822 0.527420 0.539943 0.405562 0.371663 0.305896 0.515264 0.546729 0.618149 0.566405 0.804284 0.967275 0.943243 0.598117 0.773611 0.742557 0.712736 0.791364 0.535722 0.599691 0.574539 0.679217 0.482570 0.467156 0.616504 0.566904 0.458788 0.531705 0.470782 0.529125 0.839758 0.886906 0.969392 0.811577 0.773426 0.611578 0.620450 0.653061 0.770368 0.986707
0.698970 0.768535 0.678751 0.610344 0.922691 0.821659 0.716280 0.773639 0.961531 0.912999 0.796475 0.758272 0.755269 0.669703 0.704098 0.684711 0.770424 0.706440 0.576445 0.660472 0.000000 0.832685 0.654905 0.625572 0.659687 0.692235 0.799337 0.851502 0.807947 0.691782 0.642004 0.651229 0.670208 0.598458 0.826117 0.903624 0.716182 0.855838 0.665188 0.853168 0.939004 0.905265 0.715965 0.718231 0.812865 0.781833 0.599360 0.667529 0.906545 0.894023 0.916133 0.913305 0.944017 0.924265 0.909521 0.899790 0.769468 0.828569 0.744771 0.748617 0.769661 0.852562 0.728933 0.847474 0.639473 0.677335 0.693571 0.717016 0.843946 0.696066 0.837285 0.827911 0.700894 0.767779 0.765148 0.770892 0.817286 0.826830 0.747112 0.700216 0.791709 0.677557 0.740873 0.673539 0.728504 0.631284 0.919750 0.956948 0.919055 0.799773 0.995527 0.956843 0.930222 0.964668 0.983210 0.652894 0.823473 0.958682 0.888145 0.740753 0.938364 0.973851 0.756171 0.799643 0.925794 0.859677 0.959720 0.975543 0.922967 0.915567 0.876206 0.908661 0.896085 0.781859 0.880680 0.899692
0.847007 0.833670 0.813185 0.751811 0.937992 0.800745 0.822143 0.817452 0.910655 0.885719 0.897364 0.829539 0.916903 0.754620 0.728973 0.682274 0.813116 0.762689 0.723219 0.726117 0.832685 0.000000 0.776085 0.721551 0.815945 0.846225 0.844933 0.817279 0.811193 0.778039 0.703020 0.694793 0.726384 0.723735 0.722569 0.817917 0.948146 0.657844 0.953988 0.992044 0.941187 0.996046 0.757357 0.770340 0.845219 0.846280 0.882159 0.793008 0.919119 0.915081 0.979564 0.917161 0.944516 0.966150 0.932635 0.951516 0.907328 0.897901 0.867869 0.951900 0.951679 0.988608 0.889246 0.928377 0.843296 0.799176 0.798131 0.821883 0.973069 0.829988 0.755337 0.785379 0.830491 0.787449 0.937236 0.946831 0.883432 0.811737 0.917330 0.778782 0.855690 0.840462 0.872337 0.931836 0.912233 0.821100 0.929552 0.985562 0.973314 0.955836 0.821634 0.890577 0.855892 0.870121 0.877357 0.854437 0.965736 0.772529 0.839034 0.803061 0.868064 0.846864 0.810328 0.696578 0.807395 0.850699 0.971500 0.983111 0.924625 0.842399 0.985876 0.890175 0.865405 0.788990 0.955851 0.898087
0.495078 0.615114 0.331338 0.357502 0.921676 0.600873 0.286103 0.383402 0.803794 0.504823 0.614266 0.443022 0.432624 0.467419 0.337316 0.323393 0.614903 0.461086 0.355181 0.434650 0.654905 0.776085 0.000000 0.313661 0.592180 0.438537 0.929744 0.998185 0.521124 0.373225 0.276153 0.298293 0.257568 0.248359 0.589668 0.816902 0.638161 0.900769 0.667402 0.842247 0.961873 0.911880 0.303056 0.291162 0.421021 0.370011 0.349824 0.324566 0.601787 0.577486 0.617191 0.532730 0.624342 0.763325 0.597515 0.659965 0.720119 0.742077 0.528439 0.552640 0.400337 0.518866 0.539013 0.600645 0.359001 0.359073 0.332690 0.372663 0.793586 0.522947 0.410703 0.429481 0.483617 0.409477 0.735539 0.701031 0.403773 0.647890 0.459175 0.440814 0.518629 0.422718 0.590011 0.609139 0.464638 0.412547 0.997715 0.937951 0.961658 0.697503 0.664630 0.716113 0.683573 0.790712 0.564628 0.603736 0.404486 0.711823 0.482203 0.418680 0.632764 0.613590 0.589183 0.649601 0.394411 0.449166 0.679036 0.865992 0.871268 0.796062 0.744492 0.552577 0.482214 0.715542 0.656147 0.952161
0.624624 0.771518 0.374856 0.348676 0.981427 0.601128 0.460250 0.528352 0.918190 0.705731 0.671654 0.562045 0.468222 0.441974 0.365719 0.349113 0.800395 0.605671 0.414896 0.536031 0.625572 0.721551 0.313661 0.000000 0.535692 0.428223 0.866567 0.981108 0.650856 0.485774 0.425573 0.401687 0.436988 0.407258 0.737201 0.943120 0.755925 0.874459 0.586076 0.828775 0.997633 0.938634 0.522532 0.517409 0.699133 0.649474 0.512929 0.522691 0.838923 0.769120 0.845529 0.762433 0.867305 0.931294 0.763422 0.698267 0.898335 0.942546 0.753366 0.767678 0.596264 0.725472 0.780759 0.840716 0.399571 0.376579 0.516975 0.574598 0.847555 0.688122 0.619411 0.635569 0.506591 0.515028 0.819948 0.764424 0.612012 0.739105 0.592706 0.517706 0.673919 0.474286 0.762421 0.667770 0.505183 0.379530 0.990482 0.787973 0.952868 0.723806 0.765780 0.758774 0.785879 0.825479 0.719381 0.744884 0.597065 0.724526 0.709733 0.601280 0.712502 0.808630 0.765135 0.862413 0.695336 0.717982 0.862918 0.966269 0.924513 0.806744 0.923677 0.747069 0.630017 0.673772 0.931510 0.985323
0.761482 0.925540 0.612694 0.693240 0.840270 0.750614 0.749438 0.923512 0.957028 0.890900 0.901249 0.811865 0.750020 0.676961 0.612162 0.584970 0.862027 0.777259 0.624226 0.776651 0.659687 0.815945 0.592180 0.535692 0.000000 0.431206 0.687618 0.807911 0.794489 0.724388 0.502481 0.519274 0.635162 0.663219 0.613275 0.992473 0.693916 0.782225 0.552177 0.728023 0.991572 0.922794 0.732921 0.705570 0.827139 0.787892 0.652106 0.647353 0.974039 0.950887 0.911735 0.906094 0.967208 0.905220 0.774251 0.860717 0.969422 0.991253 0.855635 0.882689 0.793456 0.946307 0.867214 0.975716 0.499353 0.637767 0.677204 0.765618 0.768052 0.773472 0.942226 0.928148 0.526780 0.636825 0.733775 0.966335 0.805324 0.949193 0.762007 0.660613 0.827699 0.705821 0.722745 0.857568 0.527317 0.472996 0.895656 0.924930 0.911626 0.812289 0.809595 0.791305 0.845086 0.882974 0.997019 0.872782 0.800275 0.998419 0.980209 0.995512 0.902808 0.970089 0.988612 0.917814 0.849811 0.906832 0.934079 0.984678 0.965800 0.920343 0.956362 0.997532 0.972966 0.847842 0.883305 0.937755
0.716299 0.867547 0.375587 0.402607 0.894618 0.495945 0.474687 0.637184 0.843308 0.823283 0.824094 0.760932 0.591087 0.603825 0.557099 0.527007 0.889182 0.737842 0.567775 0.670712 0.692235 0.846225 0.438537 0.428223 0.431206 0.000000 0.701033 0.839375 0.828562 0.691198 0.390553 0.456589 0.466041 0.490572 0.616279 0.820851 0.729197 0.813213 0.499751 0.645222 0.968421 0.841167 0.513285 0.472436 0.658025 0.655714 0.555078 0.526787 0.865981 0.734309 0.708049 0.677835 0.721484 0.836522 0.697762 0.714159 0.990317 0.987855 0.716033 0.752687 0.684322 0.809743 0.849810 0.952082 0.354619 0.418054 0.446475 0.525217 0.885340 0.716008 0.680149 0.541447 0.562211 0.491943 0.808252 0.881450 0.641434 0.862190 0.647099 0.551046 0.820994 0.581209 0.784397 0.815710 0.538323 0.374877 0.935325 0.800201 0.864533 0.664520 0.772675 0.766467 0.787982 0.655947 0.792807 0.781878 0.601356 0.828721 0.713769 0.693559 0.813762 0.655647 0.788770 0.784257 0.564196 0.746256 0.779763 0.897166 0.944922 0.778879 0.959811 0.850168 0.658838 0.785166 0.859101 0.910377
0.964621 0.872058 0.882765 0.857914 0.969521 0.768628 0.988231 0.880362 0.894268 0.910135 0.956772 0.988249 0.834857 0.933879 0.790979 0.842653 0.900562 0.981449 0.925246 0.941480 0.799337 0.844933 0.929744 0.866567 0.687618 0.701033 0.000000 0.782787 0.983624 0.954168 0.923100 0.947671 0.984898 0.991590 0.975327 0.784279 0.899074 0.920999 0.834707 0.873406 0.868000 0.961572 0.994622 0.992130 0.903929 0.941480 0.945877 0.970267 0.970947 0.995931 0.963868 0.980697 0.982299 0.926867 0.902042 0.879229 0.813958 0.797976 0.959910 0.956272 0.985369 0.906727 0.894371 0.804005 0.738080 0.827004 0.984162 0.918653 0.967954 0.982552 0.796857 0.860565 0.932874 0.964884 0.851052 0.927523 0.970959 0.877708 0.913065 0.870504 0.937805 0.851902 0.957089 0.968928 0.666055 0.655950 0.992598 0.711378 0.875725 0.858912 0.858946 0.970035 0.874453 0.947248 0.845796 0.972027 0.890160 0.705666 0.810633 0.883061 0.830135 0.972887 0.736564 0.840649 0.919276 0.752529 0.867336 0.788971 0.860314 0.939597 0.765313 0.899655 0.886902 0.969143 0.886999 0.942995
0.957175 0.953323 0.896119 0.965167 0.949936 0.658560 0.892478 0.821238 0.870092 0.802752 0.968059 0.950054 0.981828 0.922852 0.858232 0.795980 0.937429 0.893319 0.895938 0.888839 0.851502 0.817279 0.998185 0.981108 0.807911 0.839375 0.782787 0.000000 0.933535 0.931252 0.986185 0.977462 0.958244 0.925215 0.869964 0.903806 0.944153 0.979750 0.972614 0.967883 0.961213 0.992987 0.957543 0.963621 0.854948 0.914052 0.924632 0.976689 0.882038 0.967831 0.917991 0.959138 0.966539 0.959121 0.936276 0.803437 0.924047 0.928865 0.999632 0.952425 0.890409 0.798274 0.944948 0.997582 0.938879 0.849670 0.920591 0.899300 0.901972 0.936655 0.976081 0.906324 0.937235 0.896807 0.841618 0.907899 0.936620 0.947054 0.992349 0.910259 0.960668 0.945541 0.962383 0.986627 0.920520 0.851711 0.765733 0.897757 0.718858 0.897247 0.857422 0.885389 0.834550 0.910310 0.916461 0.797912 0.922987 0.971890 0.942082 0.956909 0.677614 0.889554 0.957615 0.923548 0.993703 0.912264 0.844649 0.692443 0.815297 0.975545 0.892365 0.879441 0.898118 0.946727 0.920826 0.962560
0.252345 0.296851 0.671704 0.675177 0.945983 0.885634 0.662481 0.549631 0.889497 0.718866 0.392962 0.263091 0.473253 0.372406 0.474147 0.419514 0.320763 0.235576 0.364032 0.321777 0.807947 0.811193 0.521124 0.650856 0.794489 0.828562 0.983624 0.933535 0.000000 0.225941 0.574156 0.498945 0.487943 0.419274 0.818534 0.896887 0.651722 0.778415 0.878731 0.889521 0.805974 0.785930 0.618173 0.589712 0.739860 0.632952 0.614617 0.511915 0.766680 0.779890 0.857463 0.849632 0.896574 0.976647 0.709871 0.853822 0.374867 0.376076 0.638546 0.561613 0.460609 0.485315 0.313478 0.324286 0.697931 0.591853 0.701014 0.584473 0.480072 0.390182 0.574120 0.648168 0.495074 0.605665 0.737212 0.763580 0.520702 0.460162 0.619769 0.466390 0.269400 0.316670 0.437722 0.442570 0.513389 0.553067 0.765610 0.983650 0.973180 0.565759 0.985835 0.967037 0.948774 0.976580 0.585240 0.730051 0.708942 0.790178 0.690190 0.633773 0.757310 0.720770 0.672900 0.702424 0.577874 0.617315 0.994390 0.981724 0.954120 0.672768 0.871209 0.626934 0.733295 0.683796 0.817636 0.921668
0.252823 0.272070 0.548978 0.593756 0.955565 0.823866 0.538368 0.486657 0.895885 0.650261 0.366639 0.256267 0.418022 0.381787 0.409187 0.374060 0.296073 0.191313 0.318568 0.275835 0.691782 0.778039 0.373225 0.485774 0.724388 0.691198 0.954168 0.931252 0.225941 0.000000 0.426729 0.399458 0.334480 0.326263 0.728722 0.811355 0.623979 0.739614 0.697606 0.882705 0.809534 0.773968 0.480289 0.435832 0.606332 0.528437 0.526929 0.409894 0.742472 0.696027 0.784042 0.760001 0.824368 0.929515 0.709263 0.824662 0.357206 0.359099 0.618260 0.542417 0.407773 0.463523 0.296748 0.299363 0.606757 0.524457 0.567157 0.442909 0.468394 0.375504 0.461779 0.508246 0.379411 0.394980 0.775598 0.624978 0.468128 0.460799 0.492028 0.408640 0.259796 0.258789 0.399599 0.379154 0.514667 0.524581 0.840004 0.971244 0.974204 0.643745 0.908658 0.928990 0.884932 0.979200 0.508265 0.659930 0.545201 0.671999 0.588833 0.516220 0.702696 0.635125 0.544757 0.691613 0.524233 0.508084 0.871307 0.958579 0.969815 0.707495 0.813379 0.590601 0.643954 0.671284 0.802753 0.953006
0.469109 0.562897 0.304598 0.365716 0.997194 0.691213 0.312425 0.420675 0.756902 0.617467 0.571843 0.546454 0.571279 0.544492 0.445879 0.499313 0.582375 0.473874 0.395224 0.436471 0.642004 0.703020 0.276153 0.425573 0.502481 0.390553 0.923100 0.986185 0.574156 0.426729 0.000000 0.280855 0.235184 0.280023 0.495177 0.677481 0.587684 0.686528 0.580750 0.748792 0.935346 0.853397 0.295560 0.276512 0.345341 0.342341 0.338656 0.321232 0.592185 0.615511 0.577022 0.558360 0.613287 0.806855 0.651446 0.711218 0.662578 0.689133 0.521806 0.528162 0.440109 0.540435 0.537462 0.604810 0.391306 0.396724 0.276816 0.309277 0.792184 0.543278 0.393449 0.405503 0.431021 0.382486 0.696344 0.749034 0.403414 0.633530 0.473289 0.429509 0.540020 0.527908 0.548515 0.642030 0.613695 0.519275 0.936200 0.904374 0.957226 0.661197 0.736439 0.829564 0.752643 0.795261 0.647956 0.661330 0.415156 0.734630 0.471361 0.483101 0.628738 0.598564 0.580232 0.586173 0.435946 0.494916 0.669860 0.731705 0.935540 0.821479 0.679063 0.611941 0.513658 0.638951 0.555623 0.950781
0.475970 0.598623 0.405244 0.434724 0.922863 0.729230 0.450791 0.478581 0.922921 0.642659 0.609389 0.505490 0.573564 0.507552 0.385751 0.451147 0.563415 0.470815 0.383254 0.406745 0.651229 0.694793 0.298293 0.401687 0.519274 0.456589 0.947671 0.977462 0.498945 0.399458 0.280855 0.000000 0.328855 0.366855 0.569098 0.782999 0.620075 0.815797 0.598144 0.861609 0.927003 0.796142 0.469156 0.467158 0.552619 0.583126 0.484382 0.466141 0.770059 0.851155 0.858719 0.840667 0.911722 0.936880 0.718861 0.768275 0.668203 0.748594 0.677962 0.744529 0.571648 0.689379 0.605173 0.663303 0.503781 0.506596 0.470523 0.528769 0.681725 0.543094 0.550042 0.551882 0.458625 0.480317 0.693769 0.861669 0.568342 0.640053 0.580534 0.519029 0.531971 0.460972 0.628341 0.676575 0.591672 0.533689 0.989207 0.920209 0.989636 0.739057 0.860546 0.906238 0.848536 0.895003 0.705692 0.700850 0.478178 0.744300 0.619748 0.605036 0.725136 0.724451 0.618410 0.644531 0.587736 0.648982 0.847643 0.880756 0.981402 0.764240 0.759595 0.709422 0.629632 0.721685 0.706422 0.920294
0.411736 0.467738 0.366905 0.384804 0.983490 0.631137 0.303048 0.361249 0.858787 0.543090 0.542202 0.461133 0.521993 0.501007 0.445048 0.409527 0.485279 0.373727 0.309510 0.369267 0.670208 0.726384 0.257568 0.436988 0.635162 0.466041 0.984898 0.958244 0.487943 0.334480 0.235184 0.328855 0.000000 0.216195 0.586132 0.639021 0.585665 0.719389 0.696522 0.831685 0.952004 0.794921 0.266856 0.230434 0.336649 0.332146 0.333304 0.300195 0.580710 0.556505 0.558696 0.513190 0.606252 0.745184 0.653930 0.669808 0.565605 0.567299 0.477685 0.480970 0.411093 0.458344 0.443022 0.516962 0.399647 0.376319 0.267979 0.288223 0.756645 0.444819 0.325508 0.345214 0.469766 0.355998 0.780203 0.664575 0.343327 0.599492 0.436356 0.425493 0.468048 0.427368 0.556164 0.585548 0.524124 0.476961 0.926468 0.923354 0.972591 0.703017 0.617114 0.683099 0.619894 0.721416 0.603243 0.602845 0.402289 0.635792 0.385053 0.380633 0.524361 0.508193 0.516220 0.553311 0.332329 0.392266 0.679425 0.713479 0.974651 0.770183 0.686447 0.565493 0.451838 0.644407 0.579170 0.903334
0.348764 0.415396 0.311673 0.330184 0.993374 0.570395 0.248119 0.295607 0.744388 0.457296 0.475566 0.410907 0.469112 0.482002 0.460763 0.368534 0.443130 0.317098 0.265813 0.293629 0.598458 0.723735 0.248359 0.407258 0.663219 0.490572 0.991590 0.925215 0.419274 0.326263 0.280023 0.366855 0.216195 0.000000 0.549693 0.686520 0.593876 0.698302 0.704070 0.820720 0.920139 0.825183 0.257896 0.224306 0.351796 0.321629 0.340352 0.295927 0.529001 0.500378 0.543651 0.516753 0.588697 0.751245 0.646213 0.686594 0.514410 0.528810 0.400110 0.436597 0.381556 0.449029 0.395125 0.464045 0.405821 0.362858 0.272917 0.263938 0.727955 0.419484 0.342766 0.373191 0.536546 0.455052 0.777222 0.668864 0.356175 0.531945 0.406079 0.345219 0.402282 0.378975 0.562608 0.561984 0.520678 0.459264 0.812322 0.898533 0.988845 0.681374 0.624322 0.614462 0.608220 0.663645 0.510559 0.561764 0.447955 0.619586 0.376154 0.351429 0.580618 0.525989 0.488675 0.504402 0.329751 0.393117 0.682092 0.706739 0.948879 0.746965 0.707740 0.489666 0.465373 0.573348 0.610859 0.957340
0.713578 0.810899 0.561611 0.626162 0.949616 0.698149 0.523176 0.653840 0.806299 0.754527 0.816176 0.853488 0.815835 0.909010 0.802679 0.827448 0.839321 0.726511 0.728519 0.658862 0.826117 0.722569 0.589668 0.737201 0.613275 0.616279 0.975327 0.869964 0.818534 0.728722 0.495177 0.569098 0.586132 0.549693 0.000000 0.778695 0.619763 0.705787 0.714334 0.827828 0.990734 0.954454 0.533032 0.541733 0.483647 0.571281 0.669384 0.565611 0.743659 0.701933 0.679202 0.662494 0.728968 0.817601 0.755963 0.778913 0.809571 0.801970 0.673088 0.651345 0.688488 0.786047 0.718213 0.755993 0.697992 0.708859 0.486224 0.511391 0.856295 0.791184 0.612746 0.607799 0.754111 0.628210 0.917311 0.906265 0.683741 0.757087 0.698368 0.665783 0.728982 0.773329 0.914072 0.987105 0.825190 0.809791 0.861949 0.793694 0.963698 0.853890 0.705725 0.807687 0.700124 0.698483 0.681883 0.832481 0.644405 0.815173 0.556635 0.687513 0.763048 0.793429 0.730147 0.649476 0.600784 0.605722 0.735594 0.702548 0.768786 0.833126 0.648001 0.649880 0.775909 0.792118 0.799428 0.749056
0.833246 0.733095 0.708860 0.681642 0.948183 0.907472 0.603693 0.631605 0.762600 0.571440 0.865048 0.988802 0.950092 0.960316 0.977196 0.962876 0.763010 0.827734 0.679250 0.746694 0.903624 0.817917 0.816902 0.943120 0.992473 0.820851 0.784279 0.903806 0.896887 0.811355 0.677481 0.782999 0.639021 0.686520 0.778695 0.000000 0.831821 0.569515 0.897717 0.978954 0.949656 0.874303 0.586874 0.583113 0.524247 0.649560 0.658542 0.658241 0.673573 0.671272 0.703524 0.721974 0.805489 0.842513 0.874824 0.950829 0.732382 0.723800 0.640709 0.740589 0.900021 0.811008 0.815685 0.788372 0.854462 0.834732 0.515967 0.580094 0.913489 0.751723 0.489910 0.482650 0.942266 0.801686 0.989204 0.987137 0.596851 0.686290 0.714612 0.886122 0.811278 0.903627 0.949020 0.855192 0.892617 0.984622 0.848586 0.899682 0.957177 0.926829 0.585969 0.620266 0.595525 0.603693 0.853854 0.665111 0.672721 0.626362 0.508785 0.522627 0.596640 0.562554 0.605887 0.588733 0.694598 0.669747 0.661288 0.640010 0.918356 0.926189 0.685256 0.728836 0.682519 0.706624 0.693002 0.782076
0.545254 0.709078 0.637908 0.664924 0.760740 0.948122 0.658496 0.696664 0.945700 0.870961 0.666747 0.705509 0.717056 0.725020 0.777340 0.740406 0.744388 0.662119 0.642954 0.633043 0.716182 0.948146 0.638161 0.755925 0.693916 0.729197 0.899074 0.944153 0.651722 0.623979 0.587684 0.620075 0.585665 0.593876 0.619763 0.831821 0.000000 0.760523 0.683744 0.816091 0.907933 0.929740 0.707942 0.661419 0.686989 0.680786 0.626330 0.613693 0.874803 0.791293 0.801279 0.834837 0.866332 0.971404 0.792556 0.879365 0.721747 0.736898 0.676085 0.681410 0.640590 0.669894 0.660939 0.713969 0.668888 0.673772 0.625869 0.578085 0.786276 0.711721 0.663105 0.742855 0.701626 0.688585 0.864808 0.894842 0.567537 0.770595 0.733119 0.765410 0.685988 0.707471 0.833039 0.840106 0.775049 0.755901 0.935045 0.767416 0.961890 0.739259 0.951969 0.897196 0.876864 0.899879 0.771491 0.732545 0.757232 0.915036 0.713237 0.733445 0.942102 0.817596 0.631351 0.736288 0.607230 0.669048 0.962201 0.818525 0.965469 0.783826 0.839538 0.700941 0.768878 0.862629 0.771176 0.775396
0.700212 0.645189 0.744851 0.805433 0.940407 0.977769 0.771044 0.806432 0.927311 0.920229 0.804363 0.863171 0.894291 0.916797 0.979233 0.908609 0.671377 0.685136 0.802084 0.722870 0.855838 0.657844 0.900769 0.874459 0.782225 0.813213 0.920999 0.979750 0.778415 0.739614 0.686528 0.815797 0.719389 0.698302 0.705787 0.569515 0.760523 0.000000 0.734699 0.858328 0.807308 0.996992 0.688358 0.650391 0.620379 0.657586 0.701238 0.685988 0.767645 0.660065 0.639148 0.703888 0.732780 0.774433 0.801593 0.821409 0.642923 0.633585 0.726476 0.700748 0.771174 0.800493 0.656053 0.691221 0.790870 0.776963 0.638279 0.562047 0.829482 0.700588 0.636729 0.693630 0.720053 0.669122 0.984526 0.984593 0.807870 0.709174 0.815224 0.827281 0.722229 0.815791 0.776179 0.896454 0.862385 0.853838 0.854392 0.920536 0.977047 0.954365 0.888595 0.859050 0.858099 0.838476 0.855258 0.786637 0.866059 0.810156 0.757158 0.778863 0.828009 0.714519 0.706697 0.781410 0.783843 0.692542 0.827317 0.791778 0.911531 0.913556 0.728349 0.798767 0.877005 0.717670 0.779367 0.772146
