0.000000 0.649170 0.983656 0.999672 0.962589 0.948236 0.930380 0.960161 0.901627 0.927372 0.635878 0.764229 0.851362 0.923481 0.989636 0.933936 0.705142 0.657601 0.797279 0.868139 0.876649 0.975476 0.910382 0.922804 0.964264 0.921371 0.851052 0.891076 0.862155 0.743734 0.921884 0.757175 0.780871 0.664350 0.963181 0.862774 0.949296 0.964303 0.936588 0.906352 0.938187 0.754265 0.798777 0.762002 0.801623 0.719527 0.802390 0.746168 0.745398 0.760520 0.689995 0.656734 0.786152 0.968897 0.836443 0.718966 0.556209 0.625877 0.667442 0.655786 0.686520 0.834464 0.654115 0.609716 0.885254 0.991535 0.749143 0.796548 0.803091 0.784798 0.918247 0.992934 0.917730 0.961772 0.914003 0.903528 0.987486 0.947469 0.741507 0.914654 0.491120 0.603635 0.885056 0.735661 0.929719 0.941619 0.958176 0.966534 0.890728 0.844531 0.914135 0.887492 0.944799 0.903549 0.929595 0.864006 0.742725 0.705796 0.704415 0.831513 0.840777 0.878431 0.719703 0.735604 0.999436 0.782310 0.932054 0.854461 0.948519 0.852945 0.873747 0.907788 0.914447 0.934348 0.874978 0.934331
0.649170 0.000000 0.958149 0.892243 0.818871 0.850116 0.853989 0.977957 0.695968 0.625558 0.987467 0.770623 0.956252 0.943881 0.883570 0.963707 0.736964 0.698506 0.905407 0.985549 0.848594 0.993317 0.789005 0.959009 0.769131 0.669647 0.948135 0.725874 0.868425 0.931271 0.992006 0.986368 0.931774 0.879400 0.790986 0.820944 0.764252 0.938099 0.824259 0.680825 0.798184 0.818586 0.665908 0.677713 0.940838 0.807558 0.603882 0.858453 0.936345 0.917073 0.676236 0.672291 0.952760 0.933469 0.722260 0.702949 0.618271 0.523430 0.749575 0.751680 0.986952 0.931915 0.865003 0.811492 0.988421 0.819856 0.716462 0.683363 0.706904 0.714673 0.860773 0.935025 0.905555 0.915604 0.908718 0.829816 0.903143 0.814454 0.845626 0.761264 0.719060 0.614733 0.847897 0.660577 0.926614 0.768405 0.954303 0.961116 0.965069 0.842380 0.945937 0.852271 0.874765 0.914940 0.928527 0.929535 0.889226 0.827040 0.980897 0.954302 0.935065 0.946630 0.935209 0.848009 0.925528 0.754648 0.975525 0.969592 0.856751 0.858649 0.990223 0.938306 0.999462 0.958704 0.824527 0.900428
0.983656 0.958149 0.000000 0.420041 0.963957 0.676728 0.482577 0.442593 0.788142 0.924597 0.892756 0.688814 0.722211 0.676606 0.875701 0.710884 0.811374 0.768754 0.710828 0.779875 0.964600 0.972139 0.773045 0.557419 0.583060 0.713609 0.927929 0.992280 0.983522 0.983193 0.914675 0.903876 0.831466 0.776979 0.981948 0.865196 0.862249 0.819652 0.757936 0.887263 0.937286 0.927194 0.768497 0.971546 0.816690 0.847187 0.900172 0.782655 0.691457 0.744315 0.732320 0.844560 0.725479 0.666625 0.946710 0.980470 0.867161 0.770131 0.880408 0.874909 0.732743 0.583627 0.734968 0.647526 0.501472 0.520943 0.735696 0.852388 0.948988 0.936463 0.906193 0.894458 0.842935 0.940870 0.906587 0.863638 0.907466 0.915209 0.956248 0.952931 0.838652 0.850070 0.941768 0.959817 0.729258 0.519492 0.891772 0.910563 0.657953 0.940353 0.570294 0.542191 0.552201 0.496707 0.949458 0.706087 0.886903 0.983834 0.987076 0.805197 0.739179 0.833784 0.777775 0.965019 0.759465 0.838033 0.891230 0.826042 0.936884 0.791608 0.760840 0.944351 0.882720 0.996646 0.961361 0.996440
0.999672 0.892243 0.420041 0.000000 0.898309 0.737742 0.611136 0.348115 0.907087 0.958025 0.862078 0.710392 0.903779 0.815910 0.857632 0.866781 0.826924 0.814941 0.838044 0.773031 0.975845 0.966689 0.937180 0.669519 0.564782 0.571649 0.946474 0.930198 0.807762 0.908513 0.994033 0.976973 0.980666 0.840991 0.909440 0.914942 0.830229 0.772402 0.673042 0.715194 0.918077 0.990038 0.712829 0.885391 0.691193 0.832600 0.829871 0.724365 0.638886 0.727360 0.788855 0.862742 0.611147 0.571298 0.902164 0.850005 0.925924 0.860274 0.998684 0.971906 0.910837 0.707998 0.695949 0.590135 0.645006 0.452007 0.670061 0.718097 0.907642 0.954492 0.819306 0.923015 0.906028 0.987222 0.958303 0.950236 0.817547 0.841299 0.979625 0.950598 0.812583 0.816698 0.924669 0.985790 0.942589 0.535471 0.959212 0.738260 0.723890 0.948026 0.622118 0.621324 0.525347 0.536937 0.997485 0.799075 0.861702 0.900806 0.848874 0.976941 0.757908 0.881995 0.836183 0.976769 0.743797 0.757544 0.853854 0.820915 0.847766 0.828007 0.845241 0.844375 0.872789 0.910230 0.966442 0.919012
0.962589 0.818871 0.963957 0.898309 0.000000 0.939868 0.832089 0.894522 0.674025 0.817633 0.963841 0.936419 0.668946 0.691711 0.687265 0.637785 0.978065 0.926705 0.818971 0.957435 0.843395 0.938556 0.558378 0.705451 0.927889 0.816242 0.867935 0.896601 0.887436 0.974400 0.990458 0.951188 0.895464 0.952824 0.858151 0.968381 0.811611 0.934614 0.830344 0.777914 0.923108 0.790683 0.992649 0.848840 0.826756 0.980494 0.910190 0.957825 0.969409 0.975424 0.938406 0.938991 0.889511 0.768226 0.805547 0.981157 0.798386 0.781455 0.892911 0.747753 0.782946 0.804123 0.936167 0.997312 0.691704 0.967097 0.926226 0.828952 0.798833 0.752816 0.848435 0.908254 0.958138 0.978256 0.913668 0.872396 0.916525 0.934325 0.960929 0.899540 0.771575 0.888419 0.769078 0.884121 0.577972 0.944497 0.801042 0.778261 0.946132 0.853225 0.804756 0.722431 0.981089 0.780845 0.891499 0.924171 0.864575 0.670234 0.863567 0.689165 0.944025 0.829876 0.938144 0.964710 0.903850 0.905594 0.982236 0.828578 0.977003 0.834786 0.837089 0.906980 0.917904 0.996122 0.950762 0.821739
0.948236 0.850116 0.676728 0.737742 0.939868 0.000000 0.851832 0.799216 0.964457 0.838374 0.870417 0.763929 0.846693 0.798127 0.885451 0.778083 0.874745 0.977347 0.943656 0.947790 0.774527 0.964867 0.937199 0.765882 0.559801 0.519681 0.896191 0.687465 0.945901 0.856350 0.904427 0.879556 0.807952 0.758211 0.683718 0.889113 0.857698 0.895481 0.743037 0.666458 0.774715 0.976764 0.751467 0.939234 0.963188 0.954418 0.806762 0.911228 0.809921 0.767075 0.986419 0.933966 0.874725 0.771715 0.868491 0.777266 0.953856 0.975094 0.873952 0.988554 0.786519 0.721517 0.879874 0.872121 0.560502 0.547052 0.577841 0.640733 0.942524 0.959634 0.913213 0.760455 0.981504 0.991013 0.747130 0.976198 0.950256 0.768985 0.860510 0.978846 0.910283 0.761882 0.827174 0.897163 0.700236 0.530591 0.762251 0.929447 0.850111 0.769501 0.681421 0.796950 0.604262 0.732114 0.884194 0.701365 0.855516 0.988091 0.925445 0.831884 0.739762 0.953122 0.924093 0.968279 0.761052 0.771512 0.816790 0.997005 0.966052 0.915011 0.932615 0.869460 0.868378 0.935535 0.893859 0.852481
0.930380 0.853989 0.482577 0.611136 0.832089 0.851832 0.000000 0.465243 0.578738 0.602387 0.693629 0.751527 0.451455 0.507784 0.622891 0.584602 0.975848 0.995288 0.400079 0.598905 0.877056 0.877979 0.569716 0.642103 0.889127 0.944338 0.954579 0.902235 0.687686 0.630315 0.736174 0.625176 0.633061 0.645360 0.911225 0.850080 0.881961 0.988586 0.931056 0.902198 0.966890 0.960393 0.817865 0.863590 0.909367 0.918965 0.984132 0.719239 0.944556 0.984290 0.815422 0.904064 0.948453 0.919728 0.989073 0.973778 0.878823 0.676476 0.915185 0.810814 0.547430 0.603843 0.996693 0.855375 0.657960 0.812537 0.845033 0.981425 0.780062 0.828221 0.751218 0.709035 0.705193 0.791534 0.964662 0.834925 0.755232 0.835662 0.976711 0.969959 0.923541 0.960941 0.935069 0.976568 0.683074 0.761423 0.966357 0.871225 0.677076 0.913937 0.460395 0.456327 0.594740 0.540331 0.987827 0.929736 0.898772 0.890275 0.749018 0.567283 0.769326 0.579854 0.956134 0.907087 0.869338 0.993139 0.901197 0.732736 0.926280 0.896331 0.762934 0.918820 0.823317 0.921065 0.923952 0.783193
0.960161 0.977957 0.442593 0.348115 0.894522 0.799216 0.465243 0.000000 0.808847 0.832660 0.704876 0.669397 0.792418 0.745896 0.971427 0.825690 0.906099 0.860485 0.658342 0.680312 0.998483 0.995885 0.992102 0.721176 0.694215 0.697332 0.967391 0.998198 0.972769 0.862423 0.916871 0.790501 0.879584 0.688147 0.833413 0.860967 0.919049 0.848860 0.804422 0.848448 0.960254 0.991380 0.753227 0.829362 0.790780 0.945542 0.895355 0.682822 0.775894 0.882353 0.826252 0.875107 0.694875 0.648573 0.852382 0.820844 0.899163 0.785968 0.951619 0.953496 0.780602 0.628488 0.835804 0.691184 0.732063 0.567234 0.689767 0.803792 0.994708 0.978124 0.848993 0.770525 0.792264 0.927839 0.989071 0.975987 0.759587 0.834903 0.950462 0.943517 0.895576 0.856434 0.898759 0.928581 0.982755 0.648637 0.890282 0.780539 0.785439 0.927203 0.509446 0.587559 0.483022 0.548548 0.924296 0.849639 0.833485 0.924992 0.974310 0.846227 0.656906 0.749514 0.971767 0.904632 0.828933 0.815790 0.882165 0.734054 0.927598 0.881670 0.761908 0.941299 0.899619 0.884047 0.943902 0.888223
0.901627 0.695968 0.788142 0.907087 0.674025 0.964457 0.578738 0.808847 0.000000 0.480098 0.826351 0.983368 0.602738 0.667742 0.597730 0.554421 0.987347 0.899922 0.552833 0.849964 0.875051 0.974515 0.496385 0.636864 0.900684 0.771731 0.902019 0.833551 0.755392 0.707028 0.748222 0.784723 0.877798 0.886782 0.970073 0.843734 0.766605 0.841532 0.746189 0.749331 0.925264 0.912060 0.941316 0.938644 0.878714 0.973610 0.823568 0.984989 0.933992 0.874004 0.813811 0.957412 0.831005 0.770033 0.768655 0.860938 0.705405 0.676004 0.799463 0.726952 0.808743 0.790740 0.989035 0.940905 0.767181 0.911715 0.878062 0.731967 0.601879 0.765483 0.794628 0.884509 0.851278 0.984241 0.825749 0.974637 0.939093 0.926886 0.968719 0.897441 0.886106 0.856005 0.927045 0.789350 0.738842 0.977278 0.906694 0.724903 0.937469 0.950825 0.671885 0.529180 0.977447 0.683669 0.971420 0.975816 0.898048 0.748655 0.859926 0.695157 0.940834 0.684016 0.939294 0.991175 0.872962 0.931216 0.970896 0.888473 0.997283 0.916911 0.925155 0.912564 0.806948 0.903913 0.905007 0.989112
0.927372 0.625558 0.924597 0.958025 0.817633 0.838374 0.602387 0.832660 0.480098 0.000000 0.773883 0.917456 0.701474 0.792323 0.678771 0.763163 0.908070 0.949592 0.552467 0.804017 0.792468 0.974063 0.587079 0.888458 0.716974 0.603135 0.999933 0.682168 0.625602 0.530222 0.681710 0.626931 0.900699 0.871354 0.723435 0.836612 0.791416 0.845164 0.692464 0.563837 0.872915 0.871704 0.759562 0.902049 0.895728 0.960023 0.648524 0.960577 0.827352 0.763965 0.782711 0.867995 0.796439 0.752741 0.867033 0.773319 0.803192 0.699521 0.791615 0.853320 0.849217 0.886536 0.946848 0.919314 0.963903 0.678468 0.715252 0.568081 0.712706 0.816608 0.928774 0.731634 0.763623 0.914975 0.977145 0.994007 0.880887 0.974833 0.978529 0.935851 0.950245 0.856800 0.975128 0.721424 0.937673 0.695498 0.957330 0.723308 0.928711 0.950996 0.839733 0.677525 0.917111 0.778489 0.967181 0.916325 0.848962 0.848481 0.891392 0.738936 0.942294 0.724572 0.978565 0.937795 0.841357 0.777018 0.964845 0.857348 0.890591 0.894684 0.933063 0.989117 0.883562 0.920720 0.758639 0.871618
0.635878 0.987467 0.892756 0.862078 0.963841 0.870417 0.693629 0.704876 0.826351 0.773883 0.000000 0.701117 0.679104 0.698684 0.834411 0.829618 0.746495 0.717262 0.629214 0.670356 0.871388 0.970350 0.940388 0.932597 0.977416 0.946945 0.846535 0.998336 0.686427 0.619034 0.781676 0.676448 0.647310 0.582823 0.917764 0.974201 0.937378 0.919119 0.871972 0.944275 0.959055 0.781748 0.886569 0.794388 0.894015 0.792210 0.965147 0.788121 0.833148 0.831064 0.869438 0.819599 0.878601 0.972067 0.998688 0.711376 0.879950 0.920442 0.725391 0.811644 0.654755 0.725918 0.734884 0.720387 0.992658 0.973595 0.722377 0.846547 0.913376 0.959652 0.874238 0.885656 0.935251 0.995184 0.941369 0.985914 0.904097 0.914043 0.846019 0.914215 0.777125 0.778210 0.989798 0.842861 0.992821 0.937081 0.817036 0.983764 0.925197 0.839708 0.730492 0.915883 0.764821 0.971872 0.910607 0.961901 0.814485 0.908325 0.803789 0.791285 0.729502 0.842992 0.748215 0.853725 0.999812 0.872521 0.967874 0.935338 0.941917 0.886982 0.874241 0.997969 0.892573 0.805474 0.944036 0.939926
0.764229 0.770623 0.688814 0.710392 0.936419 0.763929 0.751527 0.669397 0.983368 0.917456 0.701117 0.000000 0.757328 0.631550 0.956529 0.779297 0.885264 0.912551 0.831011 0.799099 0.947180 0.966309 0.962007 0.741025 0.700675 0.702666 0.918491 0.990915 0.887219 0.943617 0.883345 0.915314 0.680025 0.693688 0.801627 0.830563 0.782953 0.875482 0.945015 0.834352 0.940339 0.941098 0.779924 0.858074 0.994207 0.975171 0.823225 0.844711 0.891706 0.997771 0.846935 0.803587 0.948358 0.865021 0.815271 0.660890 0.880982 0.932170 0.763588 0.863938 0.670668 0.535610 0.907156 0.899426 0.789044 0.627687 0.543211 0.655545 0.978133 0.972943 0.893039 0.965666 0.897078 0.909660 0.905706 0.816089 0.945251 0.859351 0.942543 0.913853 0.969100 0.685586 0.824717 0.828902 0.812403 0.641336 0.961088 0.988579 0.890121 0.792191 0.693175 0.916888 0.624605 0.832435 0.916210 0.866286 0.736588 0.944099 0.911388 0.831743 0.680185 0.803741 0.873204 0.934018 0.860247 0.731464 0.968318 0.875576 0.918028 0.976537 0.981620 0.950037 0.980262 0.903998 0.870770 0.986655
0.851362 0.956252 0.722211 0.903779 0.668946 0.846693 0.451455 0.792418 0.602738 0.701474 0.679104 0.757328 0.000000 0.439430 0.402876 0.409528 0.852336 0.796819 0.437668 0.622128 0.921529 0.886065 0.436621 0.575686 0.932549 0.855793 0.989392 0.945120 0.609120 0.650069 0.712658 0.658034 0.566325 0.661584 0.912253 0.979686 0.844138 0.995619 0.877475 0.870773 0.969187 0.984909 0.796769 0.832326 0.680708 0.794373 0.924811 0.829532 0.900853 0.924783 0.990069 0.899666 0.811913 0.878700 0.850525 0.934077 0.968223 0.822460 0.955919 0.700710 0.457364 0.663656 0.826712 0.895244 0.604838 0.925854 0.890895 0.976926 0.727378 0.770522 0.738047 0.864859 0.805959 0.781570 0.961373 0.812147 0.760695 0.804990 0.928314 0.988533 0.955701 0.984118 0.739466 0.879140 0.505680 0.780304 0.839247 0.707574 0.750495 0.866675 0.621636 0.608154 0.744190 0.732059 0.988818 0.998746 0.981437 0.814856 0.668874 0.508854 0.857452 0.607315 0.932951 0.891852 0.809608 0.984953 0.996475 0.846974 0.911177 0.947464 0.940141 0.808703 0.744504 0.882772 0.942638 0.837635
0.923481 0.943881 0.676606 0.815910 0.691711 0.798127 0.507784 0.745896 0.667742 0.792323 0.698684 0.631550 0.439430 0.000000 0.610304 0.520261 0.948420 0.952248 0.551846 0.662668 0.933476 0.817908 0.579271 0.550002 0.887213 0.996646 0.965628 0.984938 0.704717 0.855259 0.826069 0.773622 0.607958 0.647848 0.771249 0.925349 0.904283 0.963429 0.975194 0.982659 0.958683 0.990008 0.824072 0.842754 0.767731 0.831789 0.856183 0.739810 0.992867 0.952023 0.980491 0.859470 0.909766 0.906762 0.978121 0.872636 0.991467 0.818584 0.925128 0.814441 0.477131 0.550623 0.840358 0.929849 0.634700 0.782675 0.753215 0.852500 0.741006 0.823533 0.784070 0.869057 0.959219 0.829148 0.983972 0.756279 0.804356 0.847925 0.959520 0.948935 0.895557 0.885333 0.718171 0.862825 0.537983 0.664158 0.919808 0.723607 0.694579 0.746421 0.602630 0.675013 0.685135 0.745747 0.934879 0.990071 0.961073 0.862404 0.765960 0.632879 0.850203 0.739640 0.980094 0.998702 0.861084 0.970954 0.923451 0.916695 0.949870 0.894306 0.968366 0.922098 0.875699 0.863925 0.997610 0.962817
0.989636 0.883570 0.875701 0.857632 0.687265 0.885451 0.622891 0.971427 0.597730 0.678771 0.834411 0.956529 0.402876 0.610304 0.000000 0.422659 0.872020 0.806520 0.615515 0.822167 0.945732 0.925227 0.396613 0.695464 0.968656 0.778391 0.907176 0.982998 0.558374 0.658764 0.677034 0.718273 0.627633 0.814499 0.874802 0.958175 0.824113 0.843740 0.756105 0.772130 0.967761 0.980839 0.920382 0.928679 0.671305 0.828217 0.966911 0.980158 0.847004 0.927175 0.925809 0.999154 0.767492 0.769165 0.833662 0.881478 0.862919 0.835893 0.825951 0.583927 0.632060 0.845334 0.856059 0.870111 0.656544 0.875647 0.925633 0.786026 0.581916 0.701816 0.837140 0.932979 0.819899 0.868793 0.975181 0.835300 0.823930 0.836069 0.971528 0.978257 0.948600 0.849654 0.687261 0.927646 0.566510 0.919935 0.799698 0.691212 0.889172 0.960650 0.794919 0.694614 0.968302 0.834266 0.977027 0.915373 0.836585 0.721322 0.711714 0.616138 0.916333 0.769959 0.887473 0.979248 0.966049 0.860971 0.901851 0.925260 0.961771 0.917627 0.975161 0.730812 0.804515 0.918191 0.982939 0.847484
0.933936 0.963707 0.710884 0.866781 0.637785 0.778083 0.584602 0.825690 0.554421 0.763163 0.829618 0.779297 0.409528 0.520261 0.422659 0.000000 0.965455 0.895006 0.618536 0.745519 0.974967 0.938867 0.441028 0.486992 0.801690 0.987064 0.823249 0.948892 0.699394 0.813686 0.729704 0.823298 0.712234 0.854361 0.881115 0.986305 0.938934 0.978435 0.962383 0.934298 0.953575 0.991016 0.806615 0.913813 0.852244 0.949813 0.944755 0.943590 0.970728 0.911740 0.852804 0.969775 0.919884 0.930601 0.857738 0.996084 0.848560 0.807348 0.799321 0.585832 0.695736 0.722779 0.979490 0.939491 0.474263 0.861564 0.979052 0.888416 0.634632 0.735574 0.764284 0.959959 0.875248 0.840273 0.933799 0.828737 0.832721 0.827573 0.968490 0.981832 0.802504 0.987224 0.667949 0.905026 0.504266 0.705084 0.806883 0.782977 0.836443 0.840792 0.671095 0.557377 0.789880 0.620817 0.971081 0.949318 0.848190 0.659537 0.833201 0.649418 0.971195 0.733841 0.782411 0.970447 0.844835 0.984703 0.866752 0.931588 0.909844 0.915878 0.916519 0.797957 0.780563 0.823416 0.919871 0.987074
0.705142 0.736964 0.811374 0.826924 0.978065 0.874745 0.975848 0.906099 0.987347 0.908070 0.746495 0.885264 0.852336 0.948420 0.872020 0.965455 0.000000 0.506527 0.844434 0.932944 0.999393 0.996548 0.987006 0.817181 0.807328 0.865594 0.858455 0.956698 0.705644 0.610765 0.767538 0.754871 0.732551 0.723870 0.913233 0.903692 0.988488 0.978587 0.772578 0.982805 0.987252 0.845515 0.963935 0.713778 0.729927 0.660074 0.926830 0.962417 0.746023 0.696256 0.724251 0.751879 0.698983 0.776499 0.958957 0.870560 0.663936 0.702006 0.821502 0.942066 0.841338 0.931117 0.546674 0.556045 0.769358 0.762985 0.993224 0.943394 0.987094 0.934587 0.898093 0.935963 0.952368 0.917767 0.933592 0.794102 0.885432 0.914203 0.692446 0.707081 0.626072 0.923595 0.937569 0.852129 0.937003 0.857304 0.911004 0.894473 0.991604 0.907691 0.996811 0.892572 0.865714 0.789806 0.916115 0.891320 0.899890 0.868594 0.822164 0.896030 0.968626 0.864198 0.698768 0.719756 0.951470 0.986860 0.951492 0.995193 0.995509 0.955413 0.868978 0.835617 0.928531 0.822996 0.905965 0.883675
0.657601 0.698506 0.768754 0.814941 0.926705 0.977347 0.995288 0.860485 0.899922 0.949592 0.717262 0.912551 0.796819 0.952248 0.806520 0.895006 0.506527 0.000000 0.867578 0.849162 0.965673 0.856260 0.948404 0.871778 0.962191 0.896122 0.927137 0.812065 0.684642 0.708993 0.791722 0.828353 0.677265 0.811562 0.870157 0.823401 0.941270 0.921232 0.855741 0.991747 0.916536 0.736356 0.910578 0.725652 0.772799 0.723881 0.857740 0.922662 0.758806 0.783606 0.776008 0.800154 0.782404 0.858265 0.988191 0.811392 0.648525 0.658328 0.810609 0.932736 0.865939 0.896769 0.566796 0.565155 0.880662 0.784761 0.934721 0.915888 0.937865 0.990271 0.900855 0.962616 0.931599 0.866632 0.942374 0.939284 0.838274 0.877083 0.705746 0.775579 0.691706 0.827713 0.875486 0.671358 0.959866 0.942818 0.955831 0.863831 0.991314 0.912237 0.930851 0.889565 0.932189 0.812645 0.952875 0.835397 0.875512 0.914005 0.793135 0.908320 0.937091 0.917255 0.843941 0.780739 0.949078 0.982683 0.889628 0.968869 0.973438 0.968426 0.969606 0.844322 0.979872 0.812387 0.858635 0.928539
0.797279 0.905407 0.710828 0.838044 0.818971 0.943656 0.400079 0.658342 0.552833 0.552467 0.629214 0.831011 0.437668 0.551846 0.615515 0.618536 0.844434 0.867578 0.000000 0.608506 0.901937 0.874808 0.550182 0.715944 0.902026 0.782599 0.944168 0.830081 0.626000 0.538969 0.703425 0.639834 0.676067 0.607261 0.876970 0.917576 0.772124 0.947627 0.784422 0.827717 0.984585 0.992057 0.890625 0.846680 0.795799 0.814850 0.936082 0.764569 0.845054 0.748789 0.966807 0.909558 0.835868 0.885805 0.913035 0.970765 0.988269 0.821703 0.995658 0.944590 0.542087 0.668196 0.829425 0.919169 0.816398 0.985744 0.929898 0.890130 0.888610 0.849390 0.743269 0.802612 0.708459 0.786588 0.960550 0.909561 0.777079 0.940346 0.933713 0.982296 0.911228 0.890094 0.912429 0.942745 0.684680 0.926676 0.937750 0.742110 0.740663 0.879727 0.547231 0.557001 0.733078 0.706272 0.965841 0.948636 0.900916 0.911228 0.728729 0.561777 0.816185 0.583131 0.975674 0.878891 0.969421 0.991927 0.970301 0.731507 0.956273 0.971038 0.820830 0.803384 0.781728 0.906939 0.955736 0.834166
0.868139 0.985549 0.779875 0.773031 0.957435 0.947790 0.598905 0.680312 0.849964 0.804017 0.670356 0.799099 0.622128 0.662668 0.822167 0.745519 0.932944 0.849162 0.608506 0.000000 0.816270 0.749749 0.786992 0.779079 0.906248 0.998645 0.965605 0.901773 0.839202 0.702575 0.908555 0.771501 0.845183 0.758948 0.826114 0.980723 0.912003 0.838624 0.963993 0.965074 0.962601 0.953947 0.902822 0.849309 0.955913 0.971549 0.997428 0.854938 0.926731 0.954458 0.920229 0.933599 0.855767 0.895790 0.963372 0.785298 0.947856 0.914431 0.994602 0.983115 0.756182 0.793850 0.980767 0.945187 0.820376 0.873858 0.907305 0.983917 0.909461 0.919725 0.693303 0.762623 0.836660 0.808588 0.791885 0.969538 0.747515 0.974277 0.921595 0.908372 0.990727 0.860458 0.911218 0.843954 0.830180 0.865996 0.957440 0.846344 0.689042 0.867863 0.781000 0.749592 0.729669 0.773293 0.980417 0.974251 0.926332 0.987922 0.849136 0.782157 0.831479 0.729437 0.945941 0.931730 0.911218 0.914341 0.868598 0.810793 0.966077 0.898518 0.876200 0.992512 0.866863 0.984647 0.978557 0.930486
0.876649 0.848594 0.964600 0.975845 0.843395 0.774527 0.877056 0.998483 0.875051 0.792468 0.871388 0.947180 0.921529 0.933476 0.945732 0.974967 0.999393 0.965673 0.901937 0.816270 0.000000 0.883648 0.752239 0.958675 0.825919 0.783437 0.970059 0.819949 0.957422 0.909851 0.910370 0.812922 0.991531 0.869236 0.957063 0.980119 0.856935 0.836693 0.829825 0.664162 0.894086 0.785244 0.743201 0.763784 0.856152 0.762903 0.792790 0.868783 0.860849 0.990724 0.800160 0.856866 0.995141 0.912633 0.903438 0.892595 0.795830 0.724834 0.815539 0.913000 0.998965 0.896956 0.843329 0.924798 0.977046 0.928659 0.813200 0.747879 0.913780 0.721219 0.902674 0.877612 0.843186 0.839794 0.920596 0.984919 0.987543 0.939361 0.923746 0.976703 0.839252 0.917867 0.952580 0.823903 0.902520 0.833877 0.960777 0.820599 0.998822 0.991219 0.944672 0.874161 0.869008 0.909468 0.922763 0.814947 0.904204 0.948813 0.939386 0.979135 0.815220 0.831064 0.950438 0.803089 0.936251 0.939449 0.873210 0.979394 0.962711 0.901246 0.985583 0.911070 0.899434 0.874426 0.884335 0.961596
0.975476 0.993317 0.972139 0.966689 0.938556 0.964867 0.877979 0.995885 0.974515 0.974063 0.970350 0.966309 0.886065 0.817908 0.925227 0.938867 0.996548 0.856260 0.874808 0.749749 0.883648 0.000000 0.924026 0.912069 0.984275 0.923810 0.983122 0.990984 0.890124 0.971824 0.983920 0.954135 0.843503 0.924336 0.983586 0.985338 0.984085 0.819138 0.981721 0.945744 0.991341 0.867686 0.982009 0.973781 0.989716 0.986526 0.995822 0.922744 0.953161 0.981814 0.934700 0.905238 0.857609 0.969724 0.957316 0.968602 0.954629 0.947990 0.919732 0.949801 0.982713 0.938671 0.978461 0.938855 0.954153 0.972750 0.995997 0.932009 0.968351 0.912828 0.825174 0.972567 0.946267 0.966618 0.919705 0.898712 0.899709 0.963296 0.979362 0.879038 0.922904 0.974593 0.981370 0.921892 0.867125 0.981538 0.907328 0.789017 0.743954 0.812398 0.999824 0.928602 0.985095 0.851478 0.824255 0.760632 0.996333 0.949541 0.960270 0.940171 0.944370 0.874382 0.935830 0.920389 0.916138 0.973320 0.933696 0.957825 0.983662 0.949940 0.986254 0.999250 0.909581 0.970899 0.976556 0.893984
0.910382 0.789005 0.773045 0.937180 0.558378 0.937199 0.569716 0.992102 0.496385 0.587079 0.940388 0.962007 0.436621 0.579271 0.396613 0.441028 0.987006 0.948404 0.550182 0.786992 0.752239 0.924026 0.000000 0.568595 0.978531 0.691577 0.833034 0.886290 0.659608 0.729174 0.739204 0.785022 0.717963 0.935657 0.920433 0.930160 0.803113 0.887725 0.766068 0.657137 0.930183 0.859276 0.977979 0.898477 0.783165 0.991817 0.870174 0.962720 0.932989 0.957565 0.809585 0.977061 0.813017 0.752880 0.775307 0.830527 0.783053 0.736568 0.739160 0.627543 0.659627 0.761729 0.984254 0.983165 0.581437 0.928856 0.864243 0.693256 0.694419 0.672258 0.835034 0.888159 0.811427 0.834461 0.961899 0.862584 0.875243 0.914787 0.987372 0.917354 0.878630 0.905220 0.677001 0.984091 0.455777 0.912016 0.793641 0.583911 0.805461 0.892400 0.758850 0.558013 0.950744 0.694999 0.998075 0.996848 0.854621 0.705156 0.816759 0.607333 0.929311 0.701342 0.771161 0.914532 0.953478 0.857324 0.956968 0.954394 0.977865 0.934003 0.979524 0.833634 0.813828 0.990118 0.990831 0.964618
0.922804 0.959009 0.557419 0.669519 0.705451 0.765882 0.642103 0.721176 0.636864 0.888458 0.932597 0.741025 0.575686 0.550002 0.695464 0.486992 0.817181 0.871778 0.715944 0.779079 0.958675 0.912069 0.568595 0.000000 0.651579 0.886588 0.785964 0.982749 0.936274 0.969950 0.924568 0.961873 0.830269 0.882079 0.849075 0.977145 0.986741 0.789669 0.905153 0.990523 0.879785 0.925326 0.833092 0.953850 0.966166 0.863754 0.936892 0.932872 0.770736 0.772267 0.814976 0.981087 0.884630 0.935362 0.890525 0.965415 0.795206 0.803166 0.857764 0.754753 0.737586 0.609775 0.839953 0.791145 0.433152 0.627693 0.826546 0.939863 0.846986 0.815067 0.777519 0.997947 0.962803 0.984386 0.894835 0.873787 0.916067 0.788401 0.945274 0.834895 0.699425 0.982960 0.739452 0.920711 0.511389 0.555641 0.730829 0.837194 0.704210 0.882352 0.701771 0.630611 0.722016 0.596020 0.930709 0.808393 0.906951 0.878926 0.986299 0.756122 0.902220 0.801829 0.614264 0.954084 0.751402 0.799040 0.919801 0.925819 0.882294 0.964932 0.989854 0.979813 0.812673 0.973701 0.918840 0.866334
0.964264 0.769131 0.583060 0.564782 0.927889 0.559801 0.889127 0.694215 0.900684 0.716974 0.977416 0.700675 0.932549 0.887213 0.968656 0.801690 0.807328 0.962191 0.902026 0.906248 0.825919 0.984275 0.978531 0.651579 0.000000 0.493035 0.748443 0.772119 0.815335 0.768212 0.960739 0.770980 0.884832 0.902384 0.813061 0.905135 0.719956 0.663026 0.574315 0.634961 0.851337 0.922162 0.746539 0.973779 0.751448 0.810304 0.756583 0.938881 0.635313 0.577390 0.872339 0.958764 0.648428 0.579527 0.791960 0.821865 0.975765 0.948425 0.995623 0.973374 0.932304 0.710558 0.758695 0.760863 0.523452 0.428469 0.623430 0.630196 0.934928 0.957828 0.971632 0.904216 0.939767 0.924386 0.966945 0.987138 0.930748 0.758777 0.910293 0.978887 0.874279 0.762041 0.899854 0.712774 0.795759 0.441105 0.710830 0.772368 0.749327 0.889282 0.837368 0.887186 0.626899 0.712361 0.893899 0.728145 0.895375 0.948410 0.876037 0.986877 0.720105 0.961045 0.762218 0.911951 0.671824 0.654279 0.969407 0.964099 0.906071 0.837853 0.956715 0.905328 0.980966 0.917858 0.825615 0.783885
0.921371 0.669647 0.713609 0.571649 0.816242 0.519681 0.944338 0.697332 0.771731 0.603135 0.946945 0.702666 0.855793 0.996646 0.778391 0.987064 0.865594 0.896122 0.782599 0.998645 0.783437 0.923810 0.691577 0.886588 0.493035 0.000000 0.935622 0.622133 0.749284 0.672511 0.886749 0.851394 0.980874 0.848724 0.827026 0.913475 0.710436 0.803990 0.568434 0.524648 0.840643 0.924312 0.668451 0.850114 0.760447 0.899098 0.686152 0.876532 0.722959 0.705942 0.949961 0.926203 0.707089 0.622402 0.721742 0.689143 0.922052 0.817269 0.772394 0.844880 0.999304 0.807509 0.801268 0.808374 0.712461 0.430264 0.527404 0.515327 0.872429 0.897480 0.998565 0.822766 0.929350 0.965287 0.857854 0.949798 0.942748 0.801430 0.959520 0.919241 0.972905 0.703807 0.925597 0.819969 0.985530 0.495699 0.951834 0.635984 0.949411 0.815152 0.864345 0.988855 0.662364 0.822423 0.963107 0.737066 0.832341 0.815848 0.876135 0.862141 0.756275 0.859736 0.984008 0.983859 0.766114 0.668248 0.969586 0.976773 0.955517 0.855406 0.964096 0.974508 0.999943 0.944811 0.888077 0.809941
0.851052 0.948135 0.927929 0.946474 0.867935 0.896191 0.954579 0.967391 0.902019 0.999933 0.846535 0.918491 0.989392 0.965628 0.907176 0.823249 0.858455 0.927137 0.944168 0.965605 0.970059 0.983122 0.833034 0.785964 0.748443 0.935622 0.000000 0.940199 0.940692 0.826137 0.974713 0.804026 0.913510 0.839332 0.970242 0.821442 0.912856 0.856385 0.881930 0.985962 0.981714 0.898256 0.895017 0.793236 0.810869 0.752697 0.969093 0.876093 0.749031 0.710024 0.765402 0.838703 0.886092 0.922311 0.936026 0.858823 0.815849 0.905864 0.791605 0.800350 0.890640 0.982641 0.811938 0.786925 0.715813 0.860597 0.902501 0.915733 0.987324 0.914458 0.981644 0.907201 0.944929 0.856384 0.911445 0.999805 0.930617 0.990862 0.891236 0.936505 0.860647 0.927647 0.832812 0.922505 0.801267 0.835275 0.758990 0.916535 0.856737 0.997549 0.966330 0.853679 0.982642 0.884099 0.997101 0.945725 0.989569 0.967259 0.876276 0.951598 0.879258 0.916618 0.646633 0.765963 0.999320 0.872919 0.894828 0.938428 0.978990 0.981619 0.939126 0.976373 0.957618 0.968201 0.843253 0.746257
0.891076 0.725874 0.992280 0.930198 0.896601 0.687465 0.902235 0.998198 0.833551 0.682168 0.998336 0.990915 0.945120 0.984938 0.982998 0.948892 0.956698 0.812065 0.830081 0.901773 0.819949 0.990984 0.886290 0.982749 0.772119 0.622133 0.940199 0.000000 0.924298 0.798865 0.995886 0.999261 0.871801 0.952060 0.711546 0.896583 0.930050 0.982141 0.753738 0.729528 0.862468 0.825154 0.745706 0.834019 0.972608 0.965121 0.789344 0.915604 0.958501 0.889533 0.868465 0.869012 0.936790 0.865863 0.774694 0.823676 0.947433 0.811185 0.829397 0.988032 0.963148 0.977558 0.974998 0.943362 0.821984 0.787056 0.736367 0.713590 0.985062 0.984406 0.945746 0.830963 0.863351 0.981210 0.840182 0.984753 0.876475 0.861329 0.877838 0.843281 0.933169 0.929100 0.892632 0.799965 0.939393 0.730363 0.973031 0.811089 0.839137 0.873520 0.959509 0.919332 0.857100 0.961483 0.990023 0.944086 0.946447 0.927263 0.916821 0.944538 0.993432 0.902646 0.936143 0.990468 0.807077 0.793256 0.907440 0.944154 0.962910 0.925622 0.998121 0.977633 0.976240 0.934386 0.929610 0.970740
0.862155 0.868425 0.983522 0.807762 0.887436 0.945901 0.687686 0.972769 0.755392 0.625602 0.686427 0.887219 0.609120 0.704717 0.558374 0.699394 0.705644 0.684642 0.626000 0.839202 0.957422 0.890124 0.659608 0.936274 0.815335 0.749284 0.940692 0.924298 0.000000 0.501735 0.708695 0.629871 0.578980 0.690971 0.986546 0.927265 0.895622 0.812617 0.703964 0.704179 0.924666 0.884206 0.963993 0.857842 0.712880 0.739094 0.906232 0.935541 0.735763 0.742896 0.979810 0.995514 0.715315 0.791519 0.942060 0.899497 0.926403 0.896267 0.948415 0.821182 0.729834 0.916907 0.646703 0.690615 0.969707 0.701929 0.920995 0.809116 0.728365 0.754961 0.980096 0.754410 0.821026 0.871830 0.897725 0.857611 0.941874 0.920490 0.827926 0.925328 0.781723 0.973110 0.830641 0.994237 0.859069 0.856054 0.844267 0.725799 0.970426 0.897413 0.859885 0.872817 0.982260 0.932130 0.997128 0.813554 0.960980 0.769965 0.679972 0.756050 0.997530 0.816296 0.889283 0.897534 0.828477 0.731472 0.965310 0.906057 0.756228 0.877591 0.898946 0.790790 0.919308 0.817032 0.953338 0.772765
0.743734 0.931271 0.983193 0.908513 0.974400 0.856350 0.630315 0.862423 0.707028 0.530222 0.619034 0.943617 0.650069 0.855259 0.658764 0.813686 0.610765 0.708993 0.538969 0.702575 0.909851 0.971824 0.729174 0.969950 0.768212 0.672511 0.826137 0.798865 0.501735 0.000000 0.668792 0.560502 0.719807 0.704853 0.771400 0.921048 0.908209 0.871584 0.609671 0.697706 0.953536 0.912358 0.964617 0.856258 0.782932 0.758855 0.846171 0.924772 0.707917 0.685681 0.990026 0.983814 0.759691 0.844968 0.937501 0.985861 0.873082 0.999820 0.996051 0.967952 0.751271 0.969986 0.737400 0.719893 0.859315 0.687835 0.911031 0.763130 0.879829 0.991203 0.851800 0.719433 0.680745 0.792719 0.960106 0.853345 0.919973 0.997325 0.788077 0.853629 0.680523 0.945003 0.953452 0.970046 0.973213 0.781586 0.896068 0.805536 0.902457 0.951986 0.794662 0.830156 0.996987 0.951714 0.940494 0.920224 0.975830 0.961350 0.692486 0.702930 0.952004 0.602373 0.779982 0.732777 0.895380 0.856011 0.978757 0.877993 0.950419 0.989918 0.791075 0.830928 0.868763 0.857179 0.919416 0.744103
0.921884 0.992006 0.914675 0.994033 0.990458 0.904427 0.736174 0.916871 0.748222 0.681710 0.781676 0.883345 0.712658 0.826069 0.677034 0.729704 0.767538 0.791722 0.703425 0.908555 0.910370 0.983920 0.739204 0.924568 0.960739 0.886749 0.974713 0.995886 0.708695 0.668792 0.000000 0.782879 0.717461 0.744491 0.958395 0.843855 0.991832 0.991934 0.909169 0.917877 0.992425 0.869375 0.988354 0.966500 0.808082 0.846808 0.882040 0.979333 0.852967 0.804902 0.997718 0.930978 0.833869 0.885706 0.891088 0.929812 0.994002 0.984486 0.935282 0.881163 0.841511 0.920994 0.792078 0.831042 0.934309 0.836968 0.967398 0.893211 0.775699 0.857957 0.902487 0.976835 0.887326 0.948924 0.888710 0.954579 0.763342 0.964757 0.923347 0.737556 0.800900 0.943680 0.835143 0.952239 0.881786 0.986552 0.975061 0.898953 0.924004 0.889921 0.877784 0.818661 0.950687 0.828007 0.942018 0.990302 0.939893 0.983613 0.897447 0.757453 0.902591 0.767925 0.981267 0.992875 0.985649 0.966921 0.787477 0.925160 0.973608 0.918633 0.975603 0.925110 0.963200 0.872793 0.990012 0.868421
0.757175 0.986368 0.903876 0.976973 0.951188 0.879556 0.625176 0.790501 0.784723 0.626931 0.676448 0.915314 0.658034 0.773622 0.718273 0.823298 0.754871 0.828353 0.639834 0.771501 0.812922 0.954135 0.785022 0.961873 0.770980 0.851394 0.804026 0.999261 0.629871 0.560502 0.782879 0.000000 0.683962 0.728993 0.892829 0.979646 0.876127 0.851625 0.825588 0.765782 0.902380 0.908068 0.970275 0.858981 0.811900 0.814424 0.977337 0.812247 0.839893 0.760978 0.965613 0.970016 0.753916 0.866522 0.980498 0.919214 0.995290 0.847751 0.976211 0.978241 0.692782 0.888239 0.764009 0.818889 0.953020 0.823862 0.983946 0.865525 0.799284 0.920706 0.842727 0.700577 0.750534 0.775205 0.906582 0.834402 0.878474 0.895737 0.875986 0.859044 0.805347 0.976848 0.951702 0.992579 0.929339 0.872232 0.820389 0.843129 0.961262 0.999137 0.813249 0.840789 0.928586 0.941184 0.987806 0.906428 0.948064 0.941747 0.676651 0.710219 0.998429 0.719468 0.794172 0.862641 0.973581 0.957236 0.898674 0.829153 0.990804 0.930014 0.848716 0.926288 0.910970 0.946497 0.861153 0.730440
0.780871 0.931774 0.831466 0.980666 0.895464 0.807952 0.633061 0.879584 0.877798 0.900699 0.647310 0.680025 0.566325 0.607958 0.627633 0.712234 0.732551 0.677265 0.676067 0.845183 0.991531 0.843503 0.717963 0.830269 0.884832 0.980874 0.913510 0.871801 0.578980 0.719807 0.717461 0.683962 0.000000 0.593899 0.735071 0.929264 0.966232 0.994332 0.894393 0.966832 0.890706 0.881736 0.837416 0.777211 0.694942 0.767154 0.847091 0.852048 0.903533 0.866166 0.822889 0.792753 0.778889 0.916423 0.966037 0.792101 0.865279 0.999227 0.813778 0.982439 0.513675 0.685743 0.646822 0.683741 0.831759 0.946852 0.703704 0.824368 0.799008 0.864177 0.919311 0.872579 0.871692 0.923371 0.984475 0.805877 0.925924 0.867957 0.901452 0.868764 0.815330 0.828796 0.861844 0.744619 0.704878 0.819270 0.992731 0.801975 0.897379 0.893009 0.714786 0.900698 0.762707 0.979129 0.978919 0.971025 0.724454 0.979259 0.664661 0.606201 0.732607 0.800604 0.822776 0.877242 0.872323 0.891153 0.928580 0.984423 0.949739 0.912940 0.763839 0.885192 0.941437 0.857587 0.888389 0.793652
0.664350 0.879400 0.776979 0.840991 0.952824 0.758211 0.645360 0.688147 0.886782 0.871354 0.582823 0.693688 0.661584 0.647848 0.814499 0.854361 0.723870 0.811562 0.607261 0.758948 0.869236 0.924336 0.935657 0.882079 0.902384 0.848724 0.839332 0.952060 0.690971 0.704853 0.744491 0.728993 0.593899 0.000000 0.861706 0.924984 0.993498 0.926214 0.967576 0.934424 0.879333 0.856142 0.685248 0.628317 0.706481 0.620073 0.753454 0.635336 0.794563 0.779424 0.728299 0.707411 0.833196 0.966861 0.789135 0.736179 0.816415 0.933151 0.662479 0.825411 0.503387 0.645744 0.679938 0.779605 0.935338 0.846188 0.618855 0.685589 0.875929 0.948332 0.844840 0.793615 0.928619 0.871078 0.860683 0.854751 0.739023 0.818063 0.891964 0.717930 0.735158 0.807580 0.962302 0.900395 0.871787 0.764695 0.886501 0.990990 0.857370 0.810513 0.586421 0.858660 0.623437 0.899843 0.966957 0.903229 0.821368 0.835836 0.663963 0.666600 0.624960 0.739114 0.732475 0.788163 0.939795 0.811272 0.990841 0.815593 0.958889 0.919417 0.654835 0.712998 0.830409 0.701274 0.895967 0.886586
0.963181 0.790986 0.981948 0.909440 0.858151 0.683718 0.911225 0.833413 0.970073 0.723435 0.917764 0.801627 0.912253 0.771249 0.874802 0.881115 0.913233 0.870157 0.876970 0.826114 0.957063 0.983586 0.920433 0.849075 0.813061 0.827026 0.970242 0.711546 0.986546 0.771400 0.958395 0.892829 0.735071 0.861706 0.000000 0.766392 0.845479 0.967077 0.794751 0.863182 0.850350 0.995366 0.793095 0.892783 0.760756 0.880936 0.712753 0.910178 0.981977 0.980431 0.747339 0.702929 0.811402 0.837738 0.841872 0.791646 0.976801 0.895794 0.812319 0.984223 0.788810 0.844924 0.803979 0.824622 0.801496 0.793459 0.653025 0.635458 0.898266 0.932384 0.924511 0.855026 0.858475 0.989010 0.859147 0.873136 0.990927 0.695810 0.931193 0.859208 0.931975 0.942363 0.825365 0.876732 0.752014 0.724061 0.853470 0.914794 0.963139 0.916882 0.903424 0.904061 0.888770 0.908162 0.881119 0.946714 0.920196 0.991792 0.836609 0.906883 0.997585 0.985946 0.913867 0.939819 0.875018 0.840604 0.893535 0.964659 0.825744 0.974622 0.955038 0.930062 0.977070 0.879277 0.829473 0.942520
0.862774 0.820944 0.865196 0.914942 0.968381 0.889113 0.850080 0.860967 0.843734 0.836612 0.974201 0.830563 0.979686 0.925349 0.958175 0.986305 0.903692 0.823401 0.917576 0.980723 0.980119 0.985338 0.930160 0.977145 0.905135 0.913475 0.821442 0.896583 0.927265 0.921048 0.843855 0.979646 0.929264 0.924984 0.766392 0.000000 0.848832 0.922640 0.869715 0.927689 0.813169 0.954076 0.978162 0.997267 0.919087 0.991503 0.880809 0.931800 0.967356 0.991541 0.800085 0.820426 0.945385 0.972374 0.876841 0.798165 0.955780 0.867961 0.797312 0.864608 0.890079 0.944242 0.841527 0.822331 0.997227 0.923711 0.807970 0.759396 0.974466 0.921329 0.912903 0.829490 0.909757 0.896844 0.995533 0.964812 0.882168 0.998506 0.923612 0.772319 0.960509 0.943162 0.785009 0.881625 0.922332 0.898988 0.926338 0.961095 0.921603 0.986930 0.960679 0.836880 0.939878 0.874173 0.976395 0.981692 0.876801 0.853120 0.913451 0.957638 0.993066 0.952807 0.942318 0.853883 0.861454 0.799561 0.990422 0.929509 0.874391 0.992412 0.862585 0.923086 0.998031 0.892097 0.843574 0.880139
0.949296 0.764252 0.862249 0.830229 0.811611 0.857698 0.881961 0.919049 0.766605 0.791416 0.937378 0.782953 0.844138 0.904283 0.824113 0.938934 0.988488 0.941270 0.772124 0.912003 0.856935 0.984085 0.803113 0.986741 0.719956 0.710436 0.912856 0.930050 0.895622 0.908209 0.991832 0.876127 0.966232 0.993498 0.845479 0.848832 0.000000 0.873309 0.655492 0.844217 0.844588 0.940158 0.809934 0.871434 0.939025 0.990183 0.747612 0.857652 0.986056 0.915420 0.896913 0.940018 0.919849 0.834800 0.756155 0.882496 0.768988 0.728848 0.888716 0.830007 0.915044 0.937557 0.990572 0.977010 0.993787 0.830096 0.773589 0.767605 0.783715 0.833571 0.952944 0.924062 0.847960 0.976878 0.972821 0.871309 0.923759 0.941707 0.867360 0.903850 0.956628 0.760417 0.884941 0.906922 0.932134 0.820434 0.876948 0.874185 0.983431 0.968608 0.989585 0.933597 0.882784 0.924827 0.937858 0.880720 0.919751 0.850219 0.914340 0.974999 0.888743 0.877082 0.984630 0.996492 0.789673 0.876145 0.921769 0.946575 0.981496 0.948862 0.982407 0.953586 0.993383 0.918130 0.793244 0.891334
0.964303 0.938099 0.819652 0.772402 0.934614 0.895481 0.988586 0.848860 0.841532 0.845164 0.919119 0.875482 0.995619 0.963429 0.843740 0.978435 0.978587 0.921232 0.947627 0.838624 0.836693 0.819138 0.887725 0.789669 0.663026 0.803990 0.856385 0.982141 0.812617 0.871584 0.991934 0.851625 0.994332 0.926214 0.967077 0.922640 0.873309 0.000000 0.790759 0.733373 0.955448 0.986927 0.863740 0.959208 0.858235 0.940410 0.859730 0.964300 0.793463 0.757202 0.997094 0.977636 0.784803 0.811860 0.958329 0.883092 0.954171 0.932217 0.980251 0.905674 0.992197 0.884594 0.933749 0.869770 0.822659 0.721105 0.792251 0.818410 0.880984 0.837242 0.898958 0.968339 0.891897 0.922961 0.985630 0.898545 0.955218 0.888555 0.952797 0.919815 0.953075 0.931613 0.908473 0.824397 0.936482 0.734810 0.829470 0.972420 0.678051 0.858415 0.957202 0.982182 0.829938 0.829481 0.904395 0.839163 0.890340 0.842060 0.869495 0.984002 0.722031 0.966584 0.912131 0.996848 0.715696 0.702984 0.944444 0.982666 0.948558 0.874521 0.884076 0.954071 0.942129 0.997136 0.886531 0.860238
