0.000000 0.617053 0.715349 0.605121 0.861494 0.969111 0.674537 0.648940 0.967078 0.768438 0.579811 0.747295 0.996387 0.915149 0.828936 0.736890 0.499215 0.472391 0.573923 0.542465 0.804567 0.921263 0.804948 0.700855 0.940260 0.850446 0.888536 0.943422 0.904203 0.949474 0.930332 0.868827 0.557171 0.586747 0.675176 0.984106 0.791338 0.829264 0.948655 0.984402 0.699861 0.733310 0.824164 0.810111 0.807991 0.664945 0.632630 0.616970 0.742320 0.740978 0.840947 0.873466 0.995876 0.893671 0.615297 0.598727 0.451986 0.576848 0.468221 0.621210 0.631203 0.738906 0.536233 0.507446 0.938038 0.895089 0.601974 0.726056 0.692930 0.705989 0.988321 0.857449 0.982439 0.902538 0.964871 0.918771 0.985759 0.876458 0.710150 0.941538 0.491116 0.506037 0.949742 0.683296 0.781770 0.853590 0.872680 0.872499 0.766591 0.587647 0.768355 0.987066 0.819356 0.931224 0.756345 0.878538 0.709372 0.877392 0.614581 0.651628 0.871392 0.945490 0.559127 0.671211 0.895982 0.656071 0.863667 0.790589 0.971722 0.983400 0.921699 0.721147 0.878063 0.994770 0.999498 0.954517
0.617053 0.000000 0.817367 0.721493 0.698759 0.964466 0.903926 0.838852 0.997743 0.988026 0.849324 0.842111 0.998963 0.924855 0.927743 0.934266 0.708732 0.735274 0.685746 0.666033 0.846880 0.869472 0.879765 0.878048 0.900328 0.797172 0.940117 0.955524 0.892445 0.928668 0.995494 0.911471 0.728602 0.875373 0.792374 0.966612 0.837444 0.804743 0.805091 0.875028 0.811578 0.764874 0.736548 0.665779 0.757321 0.660260 0.784417 0.642447 0.643276 0.597332 0.681904 0.728973 0.790220 0.842239 0.741960 0.890263 0.591596 0.550467 0.607144 0.655527 0.944764 0.928234 0.923750 0.828310 0.908916 0.965307 0.800804 0.785557 0.669216 0.608778 0.869230 0.928007 0.925588 0.992859 0.896869 0.943491 0.838995 0.760048 0.824434 0.985985 0.811975 0.821313 0.957843 0.899993 0.979818 0.994444 0.942766 0.854534 0.915904 0.773291 0.808824 0.821619 0.832399 0.805671 0.915171 0.925405 0.690343 0.891417 0.695364 0.672419 0.954305 0.745890 0.659292 0.667475 0.830391 0.709193 0.945794 0.687439 0.925731 0.844140 0.931165 0.712191 0.736724 0.917786 0.934986 0.998354
0.715349 0.817367 0.000000 0.496858 0.960869 0.738376 0.471636 0.897923 0.637111 0.924577 0.894143 0.796701 0.974892 0.824609 0.999830 0.671857 0.845996 0.750902 0.784777 0.832283 0.791601 0.964565 0.858008 0.967782 0.747491 0.744506 0.880725 0.914676 0.957775 0.789381 0.862048 0.977800 0.607008 0.882600 0.628658 0.987520 0.764416 0.854325 0.936239 0.994315 0.774741 0.716192 0.840386 0.783958 0.733700 0.725483 0.867249 0.875213 0.882650 0.782167 0.808622 0.821285 0.797090 0.693494 0.910529 0.756902 0.694653 0.787703 0.841764 0.931099 0.789973 0.867968 0.877291 0.925963 0.544589 0.925721 0.522157 0.853944 0.698518 0.749550 0.931610 0.857030 0.936120 0.884027 0.858846 0.851856 0.814740 0.859886 0.762584 0.949673 0.731174 0.748017 0.845960 0.726704 0.621240 0.777840 0.984367 0.996951 0.837095 0.798304 0.541304 0.565454 0.528183 0.560015 0.880913 0.688269 0.693900 0.863783 0.725137 0.678657 0.927887 0.865057 0.740725 0.757529 0.831066 0.769783 0.961731 0.750824 0.964352 0.939295 0.884921 0.756494 0.804568 0.974111 0.978859 0.919323
0.605121 0.721493 0.496858 0.000000 0.955920 0.974137 0.579650 0.759926 0.791991 0.934967 0.791624 0.998250 0.854074 0.985409 0.972634 0.803078 0.831909 0.740417 0.612038 0.732281 0.845905 0.963402 0.887678 0.985602 0.729860 0.691761 0.951800 0.909820 0.975783 0.833942 0.829010 0.997625 0.610859 0.800664 0.624981 0.974643 0.902687 0.948636 0.986435 0.920579 0.725480 0.734885 0.742685 0.671247 0.725600 0.651033 0.757194 0.688054 0.850032 0.735182 0.826950 0.798724 0.831800 0.802692 0.850080 0.674019 0.703350 0.781962 0.843126 0.908212 0.750500 0.957948 0.796328 0.828986 0.605199 0.916780 0.561473 0.779946 0.763498 0.784736 0.890606 0.944002 0.933264 0.979439 0.948667 0.887723 0.762914 0.872494 0.852624 0.953746 0.687541 0.715968 0.903912 0.847461 0.648266 0.689078 0.955054 0.972599 0.866515 0.707998 0.469861 0.623251 0.482844 0.597692 0.884423 0.678032 0.640310 0.828617 0.604442 0.586578 0.979523 0.850865 0.625167 0.600896 0.764455 0.704345 0.978503 0.794866 0.990686 0.975138 0.827445 0.633960 0.849433 0.945284 0.972637 0.985803
0.861494 0.698759 0.960869 0.955920 0.000000 0.938327 0.841832 0.960178 0.742047 0.870091 0.952313 0.916251 0.930800 0.959902 0.791383 0.917403 0.952970 0.997597 0.910715 0.983869 0.800572 0.955599 0.624277 0.712313 0.925250 0.828651 0.858890 0.794498 0.877368 0.882407 0.905617 0.771618 0.951372 0.986526 0.940571 0.957942 0.907037 0.724359 0.991287 0.883640 0.837707 0.911186 0.674889 0.690526 0.970180 0.910112 0.758769 0.837118 0.852994 0.935169 0.933415 0.986298 0.874546 0.910797 0.996762 0.990297 0.828591 0.974537 0.820087 0.912526 0.862223 0.999767 0.910403 0.943726 0.792608 0.999605 0.973381 0.860108 0.804124 0.847751 0.946513 0.981491 0.854836 0.774354 0.997149 0.912588 0.975062 0.845957 0.900589 0.978385 0.967090 0.940362 0.724080 0.907452 0.676093 0.768380 0.797512 0.740838 0.962452 0.965547 0.881524 0.945358 0.915901 0.995161 0.989506 0.843230 0.953507 0.778669 0.977866 0.988693 0.898769 0.866801 0.864577 0.782764 0.855751 0.908904 0.973708 0.916822 0.853341 0.907601 0.967736 0.962883 0.884393 0.931229 0.951810 0.906977
0.969111 0.964466 0.738376 0.974137 0.938327 0.000000 0.864430 0.887675 0.912601 0.892595 0.907923 0.763641 0.900769 0.792641 0.942073 0.797142 0.986345 0.957427 0.961377 0.919640 0.975471 0.888630 0.846566 0.912443 0.922168 0.999112 0.981062 0.873094 0.992012 0.945035 0.969445 0.886998 0.924989 0.954912 0.826442 0.951094 0.837219 0.862357 0.968859 0.980802 0.969563 0.825863 0.945998 0.961740 0.839138 0.951164 0.957440 0.975585 0.883428 0.866822 0.877591 0.879395 0.842247 0.790627 0.943354 0.930795 0.920801 0.951160 0.998403 0.825408 0.907062 0.723697 0.970120 0.972782 0.851341 0.726044 0.945335 0.949626 0.838781 0.934082 0.997852 0.927540 0.984226 0.990702 0.975558 0.859087 0.976142 0.984958 0.995171 0.932158 0.971643 0.992972 0.766183 0.858122 0.796738 0.985543 0.898056 0.886235 0.965728 0.944231 0.939150 0.831451 0.957465 0.870515 0.991302 0.996383 0.967918 0.889166 0.981309 0.935595 0.873976 0.968053 0.946262 0.955402 0.929206 0.989990 0.875213 0.925746 0.937939 0.975146 0.872013 0.943488 0.912646 0.990423 0.786272 0.916382
0.674537 0.903926 0.471636 0.579650 0.841832 0.864430 0.000000 0.525565 0.606603 0.527329 0.761794 0.969369 0.999842 0.729889 0.769064 0.630445 0.697687 0.588193 0.730592 0.880180 0.989333 0.989335 0.903112 0.857751 0.888469 0.896373 0.861934 0.820150 0.829517 0.880005 0.902664 0.978194 0.560466 0.585068 0.720579 0.966473 0.997113 0.894215 0.962141 0.989765 0.804060 0.841566 0.943988 0.912083 0.580071 0.590085 0.882590 0.838359 0.836226 0.947978 0.977463 0.870246 0.978348 0.983125 0.839053 0.727081 0.823768 0.931251 0.851026 0.960527 0.468577 0.769693 0.609605 0.633747 0.784844 0.947348 0.540324 0.700592 0.943123 0.854216 0.997779 0.936353 0.925972 0.956968 0.838351 0.890707 0.910146 0.959526 0.780122 0.796484 0.571831 0.599978 0.896419 0.662599 0.637941 0.865907 0.885152 0.980632 0.975133 0.855463 0.554188 0.717370 0.589613 0.781016 0.792226 0.788484 0.751941 0.870812 0.563116 0.650593 0.987281 0.971371 0.784487 0.745337 0.948136 0.850360 0.919730 0.903050 0.932042 0.997482 0.859067 0.738816 0.829627 0.838686 0.794708 0.925648
0.648940 0.838852 0.897923 0.759926 0.960178 0.887675 0.525565 0.000000 0.837994 0.396828 0.499530 0.519933 0.957535 0.944849 0.601084 0.767226 0.584146 0.598218 0.722791 0.798605 0.898262 0.858535 0.789894 0.724428 0.626405 0.713166 0.712404 0.707226 0.682305 0.654677 0.917310 0.905571 0.718453 0.441495 0.887556 0.959306 0.810585 0.706485 0.944849 0.987606 0.822367 0.974226 0.968814 0.934874 0.645706 0.603685 0.848139 0.774889 0.782659 0.912716 0.779980 0.648359 0.689678 0.611730 0.729578 0.748184 0.924041 0.960687 0.770033 0.823761 0.390623 0.419563 0.475785 0.408645 0.797430 0.783211 0.747296 0.628683 0.874657 0.899358 0.898697 0.760532 0.938214 0.997841 0.831414 0.948739 0.965848 0.986627 0.872287 0.736277 0.588569 0.658838 0.922091 0.737486 0.971530 0.995422 0.731995 0.830304 0.981027 0.841538 0.789727 0.927792 0.870279 0.856434 0.811340 0.963099 0.817711 0.866988 0.574059 0.741945 0.766386 0.861670 0.705110 0.763672 0.910066 0.931617 0.731441 0.912944 0.884344 0.995886 0.839072 0.727354 0.867874 0.789652 0.761807 0.808347
0.967078 0.997743 0.637111 0.791991 0.742047 0.912601 0.606603 0.837994 0.000000 0.804049 0.944410 0.921203 0.869230 0.933055 0.971332 0.943679 0.925529 0.862819 0.948405 0.995726 0.954832 0.919380 0.756121 0.893588 0.995008 0.991577 0.937914 0.960916 0.926914 0.947235 0.924505 0.984383 0.834526 0.898115 0.850526 0.910733 0.976274 0.889973 0.898483 0.927877 0.889836 0.964360 0.867270 0.909755 0.921523 0.918251 0.936634 0.873361 0.946705 0.971810 0.962121 0.952499 0.856993 0.746366 0.987646 0.861978 0.997195 0.938731 0.908071 0.913584 0.750175 0.933263 0.914844 0.935699 0.665886 0.886394 0.804476 0.960746 0.988479 0.945467 0.994500 0.956380 0.919322 0.978951 0.954372 0.977010 0.825330 0.956547 0.831251 0.912611 0.866039 0.897822 0.810237 0.822805 0.727583 0.777268 0.989459 0.982614 0.922793 0.954279 0.692154 0.711864 0.759580 0.747104 0.975206 0.817279 0.791782 0.981035 0.860297 0.770561 0.854755 0.876697 0.958545 0.924900 0.848478 0.995948 0.962342 0.945956 0.903818 0.989008 0.881080 0.866179 0.842361 0.905924 0.852169 0.959205
0.768438 0.988026 0.924577 0.934967 0.870091 0.892595 0.527329 0.396828 0.804049 0.000000 0.676383 0.709436 0.874151 0.814177 0.609262 0.747069 0.653789 0.596731 0.808316 0.950438 0.902573 0.980405 0.888792 0.716068 0.514693 0.553851 0.727565 0.634612 0.691267 0.612306 0.949780 0.947647 0.804162 0.542015 0.977061 0.983284 0.828615 0.682427 0.907848 0.931847 0.923008 0.981135 0.862486 0.892596 0.662227 0.693679 0.877399 0.892542 0.780188 0.893765 0.819433 0.673320 0.772446 0.686168 0.802314 0.763405 0.990164 0.969528 0.777162 0.831586 0.462309 0.515364 0.547089 0.487474 0.769153 0.868408 0.770427 0.660549 0.809848 0.895600 0.935787 0.872057 0.868932 0.956909 0.835808 0.947658 0.960411 0.888847 0.843735 0.722989 0.620637 0.673703 0.895256 0.722525 0.926314 0.890677 0.768904 0.926938 0.867108 0.871927 0.862247 0.923723 0.958364 0.819002 0.805402 0.991362 0.944239 0.953212 0.658839 0.759030 0.838801 0.766432 0.822515 0.867520 0.924871 0.900973 0.822154 0.881810 0.938910 0.991992 0.972653 0.838308 0.909140 0.791884 0.768533 0.840533
0.579811 0.849324 0.894143 0.791624 0.952313 0.907923 0.761794 0.499530 0.944410 0.676383 0.000000 0.495635 0.863092 0.968984 0.638831 0.809116 0.559090 0.652274 0.809362 0.729059 0.972822 0.801757 0.642182 0.656418 0.874735 0.911454 0.853707 0.980976 0.805906 0.819680 0.823586 0.755684 0.758988 0.530597 0.801349 0.935319 0.955737 0.912248 0.978979 0.956295 0.718576 0.851352 0.969857 0.944870 0.852829 0.760692 0.810153 0.846635 0.886035 0.916072 0.740087 0.699022 0.635273 0.580912 0.728789 0.721955 0.820889 0.919283 0.695152 0.807396 0.547065 0.551594 0.529799 0.476150 0.827699 0.850192 0.752394 0.790079 0.932493 0.770236 0.796392 0.747293 0.855601 0.902513 0.902202 0.874516 0.979942 0.989544 0.833522 0.884432 0.630834 0.722456 0.938890 0.777903 0.950343 0.977806 0.800042 0.728905 0.910250 0.799730 0.863370 0.803779 0.914108 0.842218 0.776327 0.968008 0.856719 0.872690 0.758292 0.857433 0.824277 0.922503 0.592244 0.817684 0.960271 0.859521 0.657319 0.923144 0.850066 0.934982 0.926324 0.790552 0.928643 0.921346 0.912443 0.946528
0.747295 0.842111 0.796701 0.998250 0.916251 0.763641 0.969369 0.519933 0.921203 0.709436 0.495635 0.000000 0.685451 0.691021 0.800148 0.870108 0.704086 0.779171 0.767618 0.777103 0.919654 0.804596 0.667119 0.835503 0.708865 0.766625 0.895627 0.887360 0.741763 0.694129 0.748396 0.846437 0.975116 0.616137 0.986623 0.944554 0.808110 0.727797 0.963926 0.909567 0.871479 0.882745 0.923329 0.934081 0.907457 0.821868 0.805250 0.891966 0.961537 0.803787 0.773824 0.684067 0.613683 0.570390 0.744676 0.848801 0.965998 0.977957 0.860698 0.850110 0.585963 0.456293 0.581667 0.551788 0.680079 0.700706 0.989886 0.840131 0.892561 0.900122 0.772140 0.678344 0.956550 0.963846 0.896144 0.986626 0.998691 0.910126 0.918391 0.857762 0.743423 0.843511 0.859200 0.938342 0.807701 0.989308 0.732173 0.782333 0.975844 0.968721 0.896813 0.678323 0.862484 0.649634 0.868340 0.830636 0.967835 0.997480 0.873786 0.972936 0.737933 0.832414 0.776214 0.942190 0.845887 0.962007 0.720461 0.871408 0.881056 0.990096 0.942884 0.879252 0.966651 0.946306 0.834391 0.824637
0.996387 0.998963 0.974892 0.854074 0.930800 0.900769 0.999842 0.957535 0.869230 0.874151 0.863092 0.685451 0.000000 0.523349 0.766960 0.593990 0.950863 0.904087 0.849529 0.937685 0.924257 0.945768 0.919912 0.774354 0.985548 0.922447 0.788199 0.826607 0.925773 0.983353 0.982571 0.986169 0.956487 0.930164 0.902957 0.942058 0.841017 0.927063 0.962042 0.715226 0.835351 0.859145 0.910223 0.923117 0.935892 0.998902 0.976501 0.926171 0.801650 0.868492 0.957703 0.973357 0.943007 0.893484 0.929957 0.961506 0.889129 0.833188 0.729131 0.775096 0.822251 0.890341 0.879994 0.972994 0.895968 0.839126 0.978885 0.829217 0.925309 0.956768 0.945236 0.922043 0.831141 0.868840 0.957090 0.917948 0.898331 0.836385 0.988877 0.996387 0.986104 0.901641 0.980390 0.888183 0.950267 0.746057 0.957334 0.983089 0.933230 0.797018 0.869990 0.962804 0.845747 0.928865 0.902878 0.999281 0.939069 0.945888 0.963418 0.957223 0.944572 0.937553 0.874614 0.919360 0.907300 0.906051 0.928982 0.927725 0.984855 0.995576 0.788213 0.952820 0.989639 0.894902 0.983672 0.927935
0.915149 0.924855 0.824609 0.985409 0.959902 0.792641 0.729889 0.944849 0.933055 0.814177 0.968984 0.691021 0.523349 0.000000 0.653103 0.513219 0.849714 0.882562 0.787235 0.845414 0.949766 0.946549 0.930871 0.706781 0.971776 0.916903 0.681865 0.837045 0.874493 0.901626 0.929024 0.805911 0.842456 0.932114 0.997301 0.968609 0.729099 0.871131 0.945317 0.722157 0.998655 0.787626 0.871694 0.893720 0.914609 0.975504 0.929109 0.958938 0.924156 0.947326 0.976053 0.940196 0.963992 0.931764 0.983347 0.974238 0.912275 0.858029 0.765511 0.903884 0.942664 0.967351 0.966286 0.947604 0.998563 0.868483 0.853170 0.864455 0.961976 0.933762 0.944520 0.995982 0.807400 0.828654 0.958411 0.844541 0.805675 0.897441 0.970634 0.910541 0.953362 0.864034 0.991015 0.858550 0.950455 0.786474 0.863879 0.946268 0.972546 0.922757 0.929283 0.933163 0.966700 0.928565 0.998395 0.913504 0.888865 0.842244 0.922719 0.968750 0.871570 0.989334 0.934384 0.978313 0.995575 0.908646 0.901222 0.966362 0.888925 0.889228 0.887564 0.906333 0.986987 0.932474 0.961913 0.905751
0.828936 0.927743 0.999830 0.972634 0.791383 0.942073 0.769064 0.601084 0.971332 0.609262 0.638831 0.800148 0.766960 0.653103 0.000000 0.560884 0.734914 0.824497 0.871033 0.902914 0.956612 0.957895 0.517457 0.494063 0.788464 0.771987 0.562470 0.862428 0.994430 0.896709 0.723385 0.698898 0.916243 0.710527 0.973405 0.944545 0.969177 0.951706 0.952994 0.727804 0.916052 0.934184 0.864893 0.846038 0.720588 0.717025 0.896530 0.900208 0.756283 0.882731 0.851876 0.664398 0.620682 0.587036 0.864366 0.860059 0.919812 0.995563 0.685815 0.794383 0.733577 0.642535 0.863667 0.744804 0.644700 0.876932 0.841254 0.643139 0.922624 0.809272 0.836099 0.791709 0.737696 0.784302 0.886457 0.942136 0.976843 0.997697 0.899971 0.901242 0.872193 0.939120 0.687105 0.981930 0.720231 0.673248 0.802493 0.746434 0.952098 0.980612 0.992053 0.855675 0.990926 0.881165 0.995169 0.938853 0.842942 0.709742 0.852402 0.894871 0.772949 0.874580 0.862578 0.888002 0.815088 0.989048 0.914666 0.991875 0.946534 0.902167 0.977405 0.959892 0.959361 0.720021 0.881498 0.954090
0.736890 0.934266 0.671857 0.803078 0.917403 0.797142 0.630445 0.767226 0.943679 0.747069 0.809116 0.870108 0.593990 0.513219 0.560884 0.000000 0.758238 0.720919 0.993955 0.973459 0.938846 0.975257 0.766121 0.581182 0.985390 0.964019 0.739147 0.892721 0.974400 0.938401 0.870661 0.779624 0.835284 0.839483 0.814969 0.972905 0.839930 0.916403 0.986462 0.744109 0.933391 0.718323 0.918556 0.895147 0.722167 0.730214 0.882695 0.837911 0.700061 0.903174 0.996429 0.921883 0.890013 0.843464 0.896686 0.758842 0.776862 0.850935 0.649970 0.872818 0.857055 0.940787 0.866428 0.796700 0.987437 0.886518 0.755473 0.776817 0.904537 0.805559 0.948495 0.964406 0.712923 0.759430 0.894347 0.815023 0.989739 0.940644 0.909099 0.924287 0.739959 0.727178 0.922099 0.780110 0.942605 0.879907 0.888009 0.816874 0.934225 0.732321 0.859370 0.911024 0.832628 0.907669 0.945348 0.826208 0.813916 0.769754 0.776482 0.771834 0.936793 0.986409 0.871808 0.824450 0.937281 0.784390 0.999574 0.944419 0.945665 0.986086 0.983790 0.898041 0.964046 0.935351 0.902627 0.935184
0.499215 0.708732 0.845996 0.831909 0.952970 0.986345 0.697687 0.584146 0.925529 0.653789 0.559090 0.704086 0.950863 0.849714 0.734914 0.758238 0.000000 0.478615 0.759256 0.646210 0.959449 0.947042 0.844575 0.747879 0.864857 0.928220 0.859496 0.921867 0.795336 0.803169 0.935317 0.920123 0.666638 0.618881 0.767561 0.970916 0.826540 0.983975 0.851710 0.938131 0.827292 0.866818 0.989782 0.940493 0.821474 0.791577 0.802214 0.747605 0.803730 0.904742 0.967054 0.989785 0.883256 0.796407 0.583626 0.697673 0.610455 0.667688 0.526312 0.630449 0.575687 0.623091 0.526142 0.452224 0.996774 0.808407 0.687081 0.690838 0.876260 0.753403 0.947146 0.731363 0.996977 0.954412 0.898647 0.905622 0.955146 0.993439 0.798805 0.905526 0.508171 0.540625 0.957467 0.623937 0.799825 0.880092 0.858874 0.999733 0.797667 0.682576 0.898837 0.869375 0.983032 0.903426 0.799519 0.891656 0.776118 0.935557 0.679650 0.738035 0.882858 0.951799 0.617905 0.772108 0.931318 0.759045 0.808433 0.852188 0.980738 0.955221 0.971889 0.827851 0.907493 0.960294 0.955210 0.918379
0.472391 0.735274 0.750902 0.740417 0.997597 0.957427 0.588193 0.598218 0.862819 0.596731 0.652274 0.779171 0.904087 0.882562 0.824497 0.720919 0.478615 0.000000 0.644729 0.649699 0.892867 0.997665 0.909760 0.727826 0.908673 0.959602 0.954225 0.884339 0.685934 0.679229 0.925806 0.967208 0.623090 0.573408 0.779747 0.842545 0.833094 0.967854 0.971141 0.996205 0.782407 0.810665 0.919448 0.916870 0.766806 0.706868 0.618743 0.674268 0.705989 0.846159 0.898924 0.976804 0.991990 0.874394 0.603101 0.579999 0.531756 0.657393 0.528919 0.676760 0.562304 0.677773 0.457781 0.444538 0.948816 0.894587 0.636383 0.690319 0.920483 0.745471 0.897554 0.766081 0.965183 0.876973 0.886920 0.957988 0.996659 0.987552 0.733931 0.947460 0.365012 0.423256 0.824172 0.477460 0.694224 0.853859 0.899632 0.969898 0.785690 0.598801 0.900459 0.873451 0.973084 0.896577 0.746287 0.882693 0.878578 0.932723 0.664832 0.721977 0.938488 0.848630 0.678061 0.781387 0.915712 0.690598 0.843670 0.970482 0.931801 0.984893 0.999532 0.775825 0.857187 0.963828 0.920042 0.823194
0.573923 0.685746 0.784777 0.612038 0.910715 0.961377 0.730592 0.722791 0.948405 0.808316 0.809362 0.767618 0.849529 0.787235 0.871033 0.993955 0.759256 0.644729 0.000000 0.615645 0.898743 0.891741 0.848231 0.903523 0.987747 0.997853 0.927100 0.956411 0.835877 0.875779 0.877450 0.719305 0.727747 0.724089 0.737313 0.903779 0.941293 0.889985 0.850382 0.753294 0.774736 0.797452 0.960391 0.923670 0.809232 0.750144 0.795812 0.735498 0.834460 0.818483 0.953762 0.912255 0.823907 0.912989 0.659094 0.696936 0.739801 0.790779 0.873548 0.892539 0.703362 0.875523 0.628479 0.672519 0.824649 0.996192 0.875042 0.971293 0.806736 0.777334 0.927797 0.959669 0.813643 0.860010 0.996667 0.985321 0.865828 0.843484 0.847147 0.997913 0.660321 0.632184 0.818307 0.838370 0.658577 0.780080 0.991117 0.930596 0.956477 0.741208 0.754657 0.874000 0.747483 0.930236 0.783637 0.972666 0.869582 0.910253 0.688760 0.616380 0.980281 0.891350 0.710158 0.856798 0.829258 0.667219 0.877956 0.864921 0.924489 0.919769 0.917626 0.746823 0.861073 0.981021 0.972106 0.749896
0.542465 0.666033 0.832283 0.732281 0.983869 0.919640 0.880180 0.798605 0.995726 0.950438 0.729059 0.777103 0.937685 0.845414 0.902914 0.973459 0.646210 0.649699 0.615645 0.000000 0.887144 0.895573 0.988166 0.976311 0.969613 0.916465 0.977299 0.895866 0.821944 0.911447 0.835783 0.902435 0.726263 0.793961 0.727615 0.977194 0.866123 0.904686 0.957956 0.914196 0.798762 0.921945 0.919874 0.910559 0.868517 0.753569 0.689171 0.689628 0.765316 0.677353 0.781454 0.743481 0.812004 0.981864 0.813557 0.768584 0.649446 0.660946 0.642641 0.652977 0.825093 0.845978 0.697466 0.671608 0.875120 0.897737 0.791973 0.839140 0.849864 0.828453 0.912558 0.979548 0.871943 0.856825 0.982206 0.982139 0.932770 0.968006 0.753281 0.976914 0.697953 0.675354 0.790097 0.763655 0.787035 0.768557 0.897357 0.997526 0.860682 0.642077 0.873031 0.994215 0.911767 0.958704 0.952157 0.979620 0.861692 0.829745 0.742385 0.736911 0.838812 0.974809 0.716227 0.799397 0.910743 0.781686 0.877069 0.886143 0.917384 0.939958 0.932521 0.708243 0.813975 0.957404 0.968938 0.807556
0.804567 0.846880 0.791601 0.845905 0.800572 0.975471 0.989333 0.898262 0.954832 0.902573 0.972822 0.919654 0.924257 0.949766 0.956612 0.938846 0.959449 0.892867 0.898743 0.887144 0.000000 0.885989 0.824749 0.788262 0.782924 0.753838 0.971181 0.762863 0.876555 0.784518 0.985998 0.832550 0.784830 0.977799 0.867719 0.957285 0.774890 0.784530 0.809983 0.960683 0.887551 0.959956 0.701208 0.749658 0.977018 0.933472 0.773547 0.886518 0.973814 0.872149 0.752066 0.806933 0.999963 0.941095 0.924819 0.974122 0.661941 0.802996 0.727287 0.879541 0.961652 0.921795 0.951529 0.916514 0.864182 0.894936 0.758678 0.811847 0.823989 0.825007 0.966393 0.992955 0.972000 0.754740 0.961134 0.913205 0.975721 0.994624 0.847925 0.924426 0.927059 0.938450 0.853190 0.971349 0.985586 0.948632 0.984032 0.865413 0.837735 0.833314 0.917548 0.940445 0.966202 0.855920 0.860333 0.729164 0.810069 0.903638 0.958602 0.952362 0.927982 0.941500 0.788788 0.841047 0.988350 0.950889 0.925542 0.845721 0.953296 0.872655 0.978673 0.832831 0.925839 0.958283 0.889801 0.819786
0.921263 0.869472 0.964565 0.963402 0.955599 0.888630 0.989335 0.858535 0.919380 0.980405 0.801757 0.804596 0.945768 0.946549 0.957895 0.975257 0.947042 0.997665 0.891741 0.895573 0.885989 0.000000 0.987313 0.964779 0.992681 0.942306 0.961892 0.848573 0.808527 0.852737 0.976113 0.812478 0.922181 0.881467 0.916168 0.989509 0.845415 0.801830 0.978205 0.949489 0.918078 0.865589 0.990112 0.954802 0.924426 0.980837 0.985767 0.946452 0.931823 0.868254 0.802867 0.815018 0.826176 0.797299 0.907862 0.987035 0.967135 0.895527 0.919163 0.879690 0.873768 0.909413 0.767230 0.835643 0.938720 0.948443 0.945373 0.987434 0.905319 0.928478 0.845657 0.835027 0.852740 0.838863 0.969016 0.880543 0.972958 0.896454 0.943983 0.885146 0.964176 0.915450 0.830507 0.966780 0.916959 0.928146 0.951784 0.991612 0.949190 0.997273 0.958197 0.884471 0.912839 0.849855 0.924400 0.945128 0.962497 0.925175 0.948386 0.932927 0.949348 0.859146 0.971284 0.991531 0.799359 0.920448 0.690063 0.859065 0.983588 0.987491 0.856820 0.956250 0.974185 0.897200 0.889797 0.844423
0.804948 0.879765 0.858008 0.887678 0.624277 0.846566 0.903112 0.789894 0.756121 0.888792 0.642182 0.667119 0.919912 0.930871 0.517457 0.766121 0.844575 0.909760 0.848231 0.988166 0.824749 0.987313 0.000000 0.426199 0.841753 0.912607 0.737478 0.949206 0.959332 0.958669 0.586275 0.545591 0.927590 0.871740 0.871855 0.876826 0.900986 0.949169 0.870502 0.798984 0.895112 0.922851 0.770923 0.778061 0.957082 0.881787 0.833641 0.870530 0.853504 0.896369 0.882066 0.752080 0.642905 0.566592 0.887375 0.899106 0.878024 0.901643 0.638011 0.757107 0.944255 0.746932 0.955498 0.836450 0.515723 0.961919 0.996353 0.876577 0.885996 0.803736 0.803627 0.845996 0.655278 0.675010 0.898069 0.961248 0.935426 0.920750 0.949866 0.923891 0.935471 0.940739 0.594059 0.890126 0.484320 0.625887 0.720876 0.505305 0.941466 0.996724 0.827009 0.708921 0.869718 0.810803 0.978287 0.988689 0.910815 0.698709 0.953370 0.908634 0.686249 0.915681 0.756438 0.849770 0.823159 0.992898 0.989724 0.976833 0.983864 0.915274 0.961195 0.990636 0.999382 0.857745 0.998465 0.830252
0.700855 0.878048 0.967782 0.985602 0.712313 0.912443 0.857751 0.724428 0.893588 0.716068 0.656418 0.835503 0.774354 0.706781 0.494063 0.581182 0.747879 0.727826 0.903523 0.976311 0.788262 0.964779 0.426199 0.000000 0.781311 0.845800 0.640551 0.944957 0.973526 0.982227 0.660652 0.554762 0.958874 0.767708 0.992568 0.941685 0.819867 0.936114 0.952723 0.713960 0.859270 0.890594 0.870643 0.877632 0.826700 0.782782 0.789936 0.805967 0.725359 0.992122 0.943053 0.793125 0.770730 0.639820 0.899445 0.860296 0.801319 0.810132 0.536981 0.762013 0.859028 0.804699 0.835002 0.710569 0.618000 0.872425 0.836807 0.828586 0.845659 0.714705 0.865629 0.911128 0.583955 0.620150 0.911146 0.926136 0.995885 0.981744 0.883778 0.855099 0.774077 0.867982 0.772623 0.883471 0.690252 0.622166 0.776417 0.611408 0.951438 0.920648 0.991242 0.835356 0.975429 0.910919 0.999188 0.904509 0.873935 0.760538 0.805366 0.909748 0.782853 0.981163 0.716297 0.789684 0.886815 0.884915 0.945571 0.985426 0.960204 0.913184 0.886398 0.889764 0.973487 0.868821 0.912235 0.892827
0.940260 0.900328 0.747491 0.729860 0.925250 0.922168 0.888469 0.626405 0.995008 0.514693 0.874735 0.708865 0.985548 0.971776 0.788464 0.985390 0.864857 0.908673 0.987747 0.969613 0.782924 0.992681 0.841753 0.781311 0.000000 0.403516 0.734749 0.603434 0.726226 0.681894 0.790478 0.928571 0.875531 0.761582 0.833994 0.854589 0.772736 0.691823 0.860491 0.997972 0.960073 0.834162 0.714008 0.683515 0.933795 0.981141 0.905142 0.955114 0.962243 0.758391 0.718747 0.621155 0.747900 0.664789 0.986504 0.952555 0.711057 0.896046 0.983370 0.906080 0.688119 0.600581 0.789158 0.679624 0.554241 0.973898 0.823984 0.973786 0.818714 0.953031 0.883505 0.921402 0.915294 0.987984 0.855683 0.948215 0.864681 0.842529 0.931266 0.758089 0.928772 0.935837 0.826381 0.940712 0.802141 0.750534 0.832592 0.889760 0.767099 0.842651 0.864422 0.745122 0.817895 0.651676 0.989064 0.780435 0.890600 0.929004 0.898640 0.939473 0.879107 0.787867 0.975055 0.965284 0.823131 0.888173 0.953679 0.783427 0.932933 0.954036 0.903223 0.926980 0.995758 0.792607 0.743838 0.787897
0.850446 0.797172 0.744506 0.691761 0.828651 0.999112 0.896373 0.713166 0.991577 0.553851 0.911454 0.766625 0.922447 0.916903 0.771987 0.964019 0.928220 0.959602 0.997853 0.916465 0.753838 0.942306 0.912607 0.845800 0.403516 0.000000 0.734118 0.583468 0.761218 0.646528 0.776482 0.982712 0.865113 0.811735 0.841845 0.894556 0.727464 0.651925 0.811912 0.993106 0.888840 0.862182 0.694535 0.689511 0.870830 0.995470 0.923230 0.873070 0.973443 0.756749 0.727660 0.643719 0.815720 0.708695 0.933914 0.936265 0.731502 0.836481 0.971792 0.977447 0.773820 0.740772 0.823925 0.766295 0.573968 0.947294 0.822860 0.995566 0.778739 0.992895 0.884776 0.972780 0.932349 0.913124 0.929066 0.997866 0.887452 0.786852 0.943287 0.726788 0.990583 0.985176 0.887374 0.986602 0.851936 0.727368 0.896620 0.943436 0.697877 0.824013 0.861516 0.798689 0.825811 0.686679 0.963030 0.786314 0.881972 0.876262 0.950356 0.955890 0.892781 0.741030 0.884913 0.842804 0.858666 0.880585 0.921273 0.821689 0.945298 0.957140 0.960447 0.902810 0.938232 0.849698 0.765937 0.823354
0.888536 0.940117 0.880725 0.951800 0.858890 0.981062 0.861934 0.712404 0.937914 0.727565 0.853707 0.895627 0.788199 0.681865 0.562470 0.739147 0.859496 0.954225 0.927100 0.977299 0.971181 0.961892 0.737478 0.640551 0.734749 0.734118 0.000000 0.736820 0.880008 0.998218 0.844263 0.811624 0.955676 0.765346 0.950228 0.934633 0.988815 0.951840 0.975133 0.870578 0.983039 0.972527 0.857792 0.910252 0.717313 0.734953 0.967961 0.811324 0.752902 0.898083 0.972370 0.853535 0.830498 0.786229 0.998447 0.944301 0.969382 0.985514 0.804488 0.832983 0.900092 0.827719 0.998130 0.863161 0.712336 0.993103 0.993920 0.698972 0.997474 0.882905 0.958773 0.962301 0.886469 0.851257 0.946859 0.954131 0.962434 0.949934 0.981890 0.883527 0.995045 0.999505 0.748331 0.937848 0.812128 0.724253 0.904346 0.810194 0.883153 0.969325 0.890055 0.999071 0.943620 0.959721 0.914363 0.974685 0.852574 0.883156 0.807634 0.836693 0.841940 0.999973 0.897297 0.955413 0.800720 0.988867 0.950576 0.974277 0.899166 0.982646 0.954935 0.981832 0.998090 0.734065 0.792387 0.954175
0.943422 0.955524 0.914676 0.909820 0.794498 0.873094 0.820150 0.707226 0.960916 0.634612 0.980976 0.887360 0.826607 0.837045 0.862428 0.892721 0.921867 0.884339 0.956411 0.895866 0.762863 0.848573 0.949206 0.944957 0.603434 0.583468 0.736820 0.000000 0.876507 0.819852 0.944558 0.933826 0.968448 0.849633 0.936979 0.954703 0.775647 0.677913 0.925041 0.951925 0.856538 0.987672 0.898336 0.844037 0.744275 0.806546 0.988519 0.965391 0.821203 0.960936 0.946999 0.884918 0.964822 0.882684 0.996706 0.949074 0.818475 0.991864 0.933526 0.876854 0.800319 0.785477 0.901764 0.806044 0.820899 0.992517 0.966225 0.826832 0.752109 0.973933 0.958721 0.949855 0.982024 0.861785 0.860685 0.997938 0.989071 0.891748 0.909568 0.817619 0.979994 0.892981 0.973099 0.885571 0.991267 0.877641 0.975883 0.948019 0.807672 0.956264 0.978280 0.977097 0.912955 0.828462 0.989511 0.812144 0.849622 0.872040 0.854551 0.929932 0.901931 0.858476 0.827528 0.913042 0.822998 0.952923 0.970191 0.778981 0.969679 0.971737 0.997182 0.951398 0.902559 0.860474 0.782552 0.786988
0.904203 0.892445 0.957775 0.975783 0.877368 0.992012 0.829517 0.682305 0.926914 0.691267 0.805906 0.741763 0.925773 0.874493 0.994430 0.974400 0.795336 0.685934 0.835877 0.821944 0.876555 0.808527 0.959332 0.973526 0.726226 0.761218 0.880008 0.876507 0.000000 0.449340 0.945139 0.801445 0.880323 0.637693 0.898184 0.843899 0.805135 0.716850 0.896393 0.825726 0.934161 0.898860 0.810247 0.800204 0.957589 0.963658 0.881891 0.962243 0.952652 0.758056 0.697073 0.717633 0.815254 0.679437 0.859500 0.807535 0.947201 0.853433 0.981900 0.963967 0.639406 0.637380 0.557598 0.639663 0.928064 0.845273 0.998636 0.947360 0.707182 0.871980 0.776659 0.734125 0.928976 0.797521 0.889885 0.900932 0.909349 0.887737 0.831236 0.959908 0.712706 0.744549 0.782467 0.691749 0.832070 0.819296 0.943726 0.858808 0.958405 0.840840 0.832817 0.641487 0.752911 0.607905 0.813127 0.993400 0.864021 0.870566 0.961233 0.970910 0.940486 0.614378 0.950626 0.956007 0.871452 0.925910 0.743562 0.695048 0.967987 0.968623 0.821414 0.937838 0.929442 0.955145 0.854142 0.670777
0.949474 0.928668 0.789381 0.833942 0.882407 0.945035 0.880005 0.654677 0.947235 0.612306 0.819680 0.694129 0.983353 0.901626 0.896709 0.938401 0.803169 0.679229 0.875779 0.911447 0.784518 0.852737 0.958669 0.982227 0.681894 0.646528 0.998218 0.819852 0.449340 0.000000 0.893430 0.796953 0.854941 0.601769 0.910537 0.852672 0.750622 0.740547 0.945430 0.916633 0.993090 0.860936 0.829625 0.802815 0.906528 0.931301 0.886101 0.952721 0.884122 0.841794 0.815039 0.738106 0.807567 0.669544 0.805917 0.823269 0.988802 0.887535 0.980117 0.910059 0.685677 0.609042 0.561746 0.585317 0.758887 0.862706 0.959320 0.831281 0.650997 0.886195 0.824496 0.754011 0.886446 0.831582 0.995075 0.910909 0.845764 0.842384 0.938135 0.993172 0.739765 0.731581 0.772873 0.706124 0.885045 0.923796 0.982910 0.874102 0.952952 0.906622 0.782813 0.623072 0.713811 0.549744 0.846327 0.835602 0.854318 0.822678 0.956220 0.991876 0.943199 0.693670 0.893295 0.932168 0.926152 0.956562 0.681698 0.765670 0.924553 0.984029 0.926470 0.998459 0.961314 0.966557 0.835318 0.687434
0.930332 0.995494 0.862048 0.829010 0.905617 0.969445 0.902664 0.917310 0.924505 0.949780 0.823586 0.748396 0.982571 0.929024 0.723385 0.870661 0.935317 0.925806 0.877450 0.835783 0.985998 0.976113 0.586275 0.660652 0.790478 0.776482 0.844263 0.944558 0.945139 0.893430 0.000000 0.653420 0.747651 0.989466 0.853959 0.850621 0.939453 0.766490 0.986570 0.929619 0.892984 0.937166 0.994907 0.987612 0.947134 0.916413 0.934759 0.896718 0.906098 0.753554 0.765009 0.709030 0.768237 0.713632 0.952955 0.936044 0.891968 0.950535 0.919193 0.997777 0.980970 0.870172 0.931022 0.993265 0.687799 0.970639 0.850693 0.856367 0.891470 0.786839 0.698769 0.930256 0.777048 0.829502 0.888539 0.924842 0.978899 0.908252 0.926996 0.903716 0.878987 0.837742 0.733931 0.847432 0.585368 0.702148 0.867328 0.676039 0.999582 0.896635 0.861097 0.850312 0.870171 0.844959 0.894099 0.887488 0.990210 0.878439 0.906551 0.886871 0.844014 0.971676 0.916318 0.903139 0.901135 0.932206 0.998363 0.870405 0.950045 0.887399 0.883840 0.978403 0.993148 0.997455 0.861080 0.895679
0.868827 0.911471 0.977800 0.997625 0.771618 0.886998 0.978194 0.905571 0.984383 0.947647 0.755684 0.846437 0.986169 0.805911 0.698898 0.779624 0.920123 0.967208 0.719305 0.902435 0.832550 0.812478 0.545591 0.554762 0.928571 0.982712 0.811624 0.933826 0.801445 0.796953 0.653420 0.000000 0.918217 0.949852 0.962120 0.722773 0.763609 0.869539 0.902101 0.732619 0.873306 0.987541 0.917351 0.917190 0.950659 0.977861 0.939793 0.939893 0.988377 0.919322 0.979035 0.892305 0.748306 0.815753 0.998220 0.955934 0.919378 0.861587 0.701251 0.849894 0.917434 0.847049 0.979396 0.903800 0.818601 0.974859 0.842567 0.977399 0.838994 0.783355 0.774099 0.927708 0.701939 0.647443 0.890434 0.919199 0.922431 0.925378 0.960162 0.796846 0.929418 0.959331 0.666828 0.998066 0.660145 0.792152 0.811334 0.554228 0.831743 0.972731 0.988843 0.939459 0.979770 0.985906 0.940589 0.986438 0.854373 0.726648 0.959265 0.873275 0.939665 0.870392 0.840063 0.862107 0.933944 0.965252 0.865244 0.943547 0.903029 0.830056 0.825615 0.924809 0.953285 0.891344 0.945967 0.805322
0.557171 0.728602 0.607008 0.610859 0.951372 0.924989 0.560466 0.718453 0.834526 0.804162 0.758988 0.975116 0.956487 0.842456 0.916243 0.835284 0.666638 0.623090 0.727747 0.726263 0.784830 0.922181 0.927590 0.958874 0.875531 0.865113 0.955676 0.968448 0.880323 0.854941 0.747651 0.918217 0.000000 0.633278 0.727629 0.906646 0.897347 0.883342 0.968843 0.989929 0.787872 0.760074 0.868610 0.805186 0.750073 0.695799 0.786888 0.736832 0.848912 0.830137 0.897747 0.950197 0.986053 0.967016 0.784461 0.808486 0.599219 0.820755 0.748060 0.871288 0.639527 0.829506 0.682145 0.715380 0.773795 0.845233 0.528189 0.630224 0.870027 0.890041 0.983427 0.892322 0.903467 0.948438 0.971387 0.964169 0.865374 0.984287 0.747818 0.918226 0.612376 0.608481 0.880831 0.738529 0.662560 0.765284 0.901383 0.959039 0.925834 0.768861 0.652386 0.842185 0.753675 0.832929 0.856817 0.701821 0.652704 0.905920 0.713542 0.750253 0.949205 0.964868 0.784672 0.719083 0.915357 0.781000 0.818722 0.792355 0.862967 0.855141 0.917762 0.753970 0.807689 0.972342 0.998391 0.999200
0.586747 0.875373 0.882600 0.800664 0.986526 0.954912 0.585068 0.441495 0.898115 0.542015 0.530597 0.616137 0.930164 0.932114 0.710527 0.839483 0.618881 0.573408 0.724089 0.793961 0.977799 0.881467 0.871740 0.767708 0.761582 0.811735 0.765346 0.849633 0.637693 0.601769 0.989466 0.949852 0.633278 0.000000 0.826387 0.954670 0.937815 0.893918 0.942914 0.946414 0.787094 0.897119 0.940499 0.963153 0.739705 0.687502 0.838031 0.769976 0.810462 0.904858 0.810629 0.708600 0.699924 0.660639 0.684190 0.757923 0.825129 0.984591 0.791954 0.896203 0.457543 0.534256 0.448410 0.437568 0.874102 0.844945 0.719030 0.684650 0.984872 0.873845 0.805623 0.741854 0.999361 0.943510 0.976553 0.974183 0.930989 0.973109 0.868177 0.845515 0.566955 0.609007 0.936767 0.681495 0.832568 0.909692 0.948115 0.981849 0.988002 0.789328 0.839163 0.867166 0.922142 0.808325 0.766606 0.968950 0.918624 0.955492 0.665581 0.740464 0.913752 0.803707 0.741475 0.815425 0.937957 0.860623 0.715940 0.928829 0.884249 0.932575 0.786100 0.719570 0.874087 0.848496 0.770252 0.761720
0.675176 0.792374 0.628658 0.624981 0.940571 0.826442 0.720579 0.887556 0.850526 0.977061 0.801349 0.986623 0.902957 0.997301 0.973405 0.814969 0.767561 0.779747 0.737313 0.727615 0.867719 0.916168 0.871855 0.992568 0.833994 0.841845 0.950228 0.936979 0.898184 0.910537 0.853959 0.962120 0.727629 0.826387 0.000000 0.989628 0.897046 0.903223 0.947834 0.927436 0.734744 0.778946 0.852804 0.862462 0.755417 0.722480 0.881871 0.801048 0.824243 0.770827 0.792085 0.789385 0.877015 0.826014 0.970051 0.788808 0.725986 0.806293 0.832119 0.940158 0.842165 0.961234 0.784354 0.804090 0.695921 0.991123 0.689449 0.869812 0.734517 0.759901 0.833115 0.952284 0.968243 0.994068 0.982294 0.881222 0.980354 0.970442 0.890051 0.972620 0.745209 0.752210 0.838946 0.776680 0.692268 0.773825 0.989338 0.978508 0.948472 0.768042 0.734255 0.747256 0.684049 0.768181 0.845710 0.874190 0.836135 0.853488 0.747075 0.677635 0.929981 0.867201 0.750309 0.779776 0.852330 0.739662 0.988832 0.686484 0.881650 0.886101 0.903732 0.836196 0.993993 0.897360 0.878148 0.908195
0.984106 0.966612 0.987520 0.974643 0.957942 0.951094 0.966473 0.959306 0.910733 0.983284 0.935319 0.944554 0.942058 0.968609 0.944545 0.972905 0.970916 0.842545 0.903779 0.977194 0.957285 0.989509 0.876826 0.941685 0.854589 0.894556 0.934633 0.954703 0.843899 0.852672 0.850621 0.722773 0.906646 0.954670 0.989628 0.000000 0.979105 0.994263 0.929361 0.930842 0.953237 0.982495 0.856142 0.933856 0.854228 0.876637 0.890543 0.775267 0.847866 0.893538 0.966674 0.972715 0.896159 0.929933 0.888306 0.907801 0.914349 0.960923 0.959503 0.923804 0.959479 0.900265 0.916838 0.997880 0.904701 0.943559 0.953299 0.906205 0.874131 0.892293 0.996462 0.971810 0.957527 0.983750 0.994108 0.995252 0.978792 0.930620 0.901466 0.923756 0.911492 0.928985 0.780691 0.872331 0.819339 0.919076 0.987698 0.790698 0.947377 0.931525 0.966703 0.983999 0.990519 0.978396 0.822206 0.971694 0.941500 0.846427 0.915338 0.928250 0.995175 0.886820 0.955704 0.940667 0.896353 0.975577 0.873312 0.885948 0.973331 0.973958 0.966602 0.973481 0.964501 0.997594 0.952130 0.958812
0.791338 0.837444 0.764416 0.902687 0.907037 0.837219 0.997113 0.810585 0.976274 0.828615 0.955737 0.808110 0.841017 0.729099 0.969177 0.839930 0.826540 0.833094 0.941293 0.866123 0.774890 0.845415 0.900986 0.819867 0.772736 0.727464 0.988815 0.775647 0.805135 0.750622 0.939453 0.763609 0.897347 0.937815 0.897046 0.979105 0.000000 0.635880 0.934574 0.843160 0.848245 0.749961 0.959668 0.934702 0.868454 0.880534 0.952866 0.958996 0.996157 0.851363 0.803427 0.738639 0.838674 0.852383 0.842300 0.823818 0.663128 0.627054 0.700414 0.796469 0.881156 0.839244 0.933527 0.987513 0.824416 0.900391 0.832273 0.994286 0.668934 0.790453 0.972065 0.944214 0.941509 0.819571 0.891810 0.835987 0.926538 0.888598 0.787321 0.889879 0.866553 0.920591 0.930989 0.856965 0.926127 0.999625 0.950164 0.866091 0.806359 0.719501 0.916877 0.943466 0.926136 0.831790 0.978074 0.870401 0.809783 0.903453 0.985829 0.998235 0.956119 0.842011 0.734496 0.894812 0.775756 0.748547 0.852369 0.740410 0.977502 0.839784 0.897576 0.999759 0.989608 0.943117 0.755177 0.782395
0.829264 0.804743 0.854325 0.948636 0.724359 0.862357 0.894215 0.706485 0.889973 0.682427 0.912248 0.727797 0.927063 0.871131 0.951706 0.916403 0.983975 0.967854 0.889985 0.904686 0.784530 0.801830 0.949169 0.936114 0.691823 0.651925 0.951840 0.677913 0.716850 0.740547 0.766490 0.869539 0.883342 0.893918 0.903223 0.994263 0.635880 0.000000 0.940985 0.890254 0.866508 0.762050 0.829620 0.838871 0.927291 0.995579 0.924503 0.894955 0.893271 0.721013 0.647418 0.653653 0.845400 0.742554 0.973805 0.973223 0.659641 0.756214 0.790187 0.868082 0.734968 0.733767 0.794124 0.808969 0.877907 0.899402 0.850290 0.951342 0.715810 0.922115 0.841315 0.864027 0.963606 0.913420 0.800699 0.975991 0.892093 0.879883 0.936386 0.866700 0.957970 0.963389 0.953693 0.989646 0.995528 0.988419 0.915025 0.979743 0.826736 0.883907 0.949844 0.856081 0.835902 0.741764 0.982419 0.896851 0.798484 0.870621 0.987149 0.964127 0.933843 0.852987 0.893848 0.804280 0.849023 0.783033 0.766863 0.671107 0.980552 0.841384 0.985843 0.936495 0.993082 0.988284 0.757610 0.779209
