0.000000 0.452044 0.954496 0.804180 0.904068 0.866348 0.787419 0.663597 0.897153 0.721789 0.549325 0.508708 0.838434 0.750033 0.878679 0.759887 0.539638 0.593041 0.586093 0.579133 0.939529 0.820108 0.978227 0.967952 0.975328 0.913245 0.904033 0.843214 0.702694 0.677428 0.791013 0.819164 0.550851 0.609314 0.987131 0.991046 0.799762 0.766027 0.938896 0.936514 0.791884 0.946916 0.785872 0.668086 0.780759 0.768025 0.848667 0.779912 0.846727 0.936670 0.812626 0.938020 0.944897 0.951122 0.884304 0.793660 0.431842 0.443108 0.635922 0.761762 0.659863 0.800041 0.482197 0.525711 0.823124 0.992644 0.795234 0.755517 0.487379 0.651362 0.675573 0.657555 0.698566 0.746573 0.950412 0.911712 0.817826 0.771770 0.798051 0.726683 0.563107 0.598953 0.911388 0.754586 0.965774 0.990931 0.909126 0.860502 0.883183 0.897996 0.746158 0.843198 0.864144 0.875717 0.995460 0.938338 0.710629 0.916438 0.524377 0.716946 0.791453 0.860097 0.710690 0.584971 0.821877 0.871224 0.785389 0.912485 0.925320 0.832843 0.714935 0.908109 0.815459 0.951763 0.891138 0.987203
0.452044 0.000000 0.833099 0.892637 0.942932 0.882602 0.923956 0.515218 0.950775 0.637929 0.633552 0.359471 0.777513 0.552738 0.837247 0.582614 0.448183 0.421497 0.574729 0.445723 0.892579 0.879685 0.926342 0.899133 0.992750 0.773126 0.901447 0.775354 0.583886 0.509393 0.873359 0.787447 0.633096 0.617818 0.924626 0.941652 0.816627 0.756342 0.919671 0.925701 0.802804 0.742797 0.812802 0.633273 0.819529 0.784205 0.996274 0.834046 0.929103 0.994946 0.939661 0.999668 0.880909 0.802727 0.817828 0.995719 0.330664 0.300044 0.895877 0.845910 0.760885 0.666135 0.539554 0.368208 0.715522 0.998569 0.962632 0.888177 0.553067 0.669245 0.506759 0.603038 0.692681 0.773130 0.950343 0.946633 0.697427 0.637411 0.803696 0.688426 0.479646 0.553698 0.788044 0.670721 0.817111 0.991169 0.933052 0.878560 0.751975 0.828572 0.707461 0.727569 0.817682 0.832657 0.967923 0.835810 0.764394 0.829838 0.501309 0.596308 0.711669 0.973370 0.754421 0.557458 0.840628 0.834865 0.803801 0.923994 0.890367 0.807078 0.674420 0.796157 0.775074 0.793608 0.906592 0.906698
0.954496 0.833099 0.000000 0.457926 0.801615 0.956952 0.348402 0.834324 0.701938 0.814384 0.821535 0.827742 0.721733 0.923280 0.718613 0.866988 0.913073 0.960056 0.690140 0.982896 0.844023 0.773102 0.533644 0.708396 0.470945 0.468782 0.834476 0.824663 0.967290 0.889884 0.502220 0.755464 0.612951 0.631298 0.621234 0.988914 0.826699 0.932279 0.638227 0.884856 0.889618 0.939886 0.510489 0.630176 0.786988 0.850857 0.573378 0.632355 0.819149 0.938665 0.960589 0.990334 0.869389 0.944805 0.809159 0.991725 0.936176 0.846875 0.636049 0.964848 0.678131 0.791410 0.795402 0.859840 0.381533 0.596521 0.363094 0.541140 0.957073 0.958100 0.902084 0.889358 0.913519 0.967406 0.696465 0.818209 0.712749 0.951114 0.787168 0.853724 0.981551 0.867633 0.985123 0.959228 0.515187 0.629632 0.913319 0.972855 0.798029 0.872549 0.926819 0.884502 0.871848 0.756872 0.980912 0.859438 0.967427 0.853979 0.998291 0.867069 0.798841 0.827449 0.881383 0.965250 0.794801 0.612938 0.946584 0.964772 0.987689 0.922178 0.930591 0.971507 0.982672 0.973613 0.865087 0.853961
0.804180 0.892637 0.457926 0.000000 0.864700 0.843551 0.346807 0.494179 0.775351 0.534376 0.837660 0.844246 0.737453 0.821233 0.727425 0.585027 0.754790 0.792257 0.557018 0.764011 0.833973 0.812643 0.453496 0.500524 0.655764 0.638677 0.936196 0.934509 0.870757 0.714972 0.478557 0.645062 0.567455 0.599939 0.736713 0.956899 0.622799 0.776098 0.687853 0.868260 0.845742 0.874277 0.453782 0.570084 0.962125 0.954138 0.690868 0.639243 0.736423 0.886979 0.939246 0.858469 0.850655 0.833811 0.887804 0.917788 0.809314 0.907069 0.722940 0.910073 0.736805 0.996640 0.601760 0.818328 0.643994 0.671369 0.518644 0.682184 0.856845 0.875218 0.624118 0.607508 0.683763 0.791377 0.733570 0.818119 0.593321 0.907284 0.691402 0.791647 0.711656 0.665810 0.962706 0.802514 0.682003 0.620549 0.942533 0.970111 0.983843 0.913664 0.706940 0.635005 0.728890 0.695749 0.957104 0.824880 0.849074 0.993596 0.864690 0.655313 0.921905 0.607881 0.648015 0.674796 0.749600 0.607917 0.910556 0.878699 0.924135 0.835624 0.935304 0.807336 0.911667 0.943362 0.992378 0.929068
0.904068 0.942932 0.801615 0.864700 0.000000 0.896776 0.879656 0.943442 0.843624 0.986256 0.880637 0.938921 0.746045 0.997027 0.728850 0.992839 0.971346 0.912184 0.871000 0.999120 0.842391 0.800221 0.878594 0.956531 0.759083 0.869254 0.824322 0.938857 0.879291 0.941578 0.914429 0.901841 0.821013 0.802456 0.922215 0.880203 0.965292 0.958489 0.820906 0.870140 0.897033 0.960332 0.836569 0.739766 0.677978 0.785285 0.920201 0.772687 0.996288 0.879169 0.920252 0.953818 0.933330 0.905898 0.966384 0.914523 0.999361 0.969941 0.875316 0.890295 0.770623 0.959690 0.988245 0.923902 0.720418 0.704837 0.781217 0.665335 0.845032 0.987674 0.991287 0.942567 0.903859 0.742604 0.928493 0.859251 0.877891 0.976274 0.985181 0.968480 0.943176 0.962610 0.962581 0.997244 0.871931 0.806522 0.860403 0.955155 0.868414 0.840722 0.941059 0.991192 0.909054 0.886469 0.906413 0.920207 0.974473 0.947860 0.907992 0.890149 0.962004 0.976718 0.973517 0.882738 0.771736 0.855054 0.915696 0.948648 0.947924 0.946118 0.862023 0.904955 0.939122 0.932742 0.876859 0.668954
0.866348 0.882602 0.956952 0.843551 0.896776 0.000000 0.871640 0.740773 0.909719 0.822255 0.905426 0.822298 0.785101 0.940570 0.934111 0.770738 0.973949 0.958003 0.930604 0.945805 0.847269 0.755817 0.932691 0.953046 0.906196 0.838232 0.986490 0.798257 0.949035 0.923533 0.841308 0.933181 0.884982 0.851156 0.761803 0.868624 0.847171 0.829553 0.884451 0.962822 0.987516 0.940345 0.976049 0.852381 0.898904 0.828415 0.916192 0.942694 0.952335 0.973468 0.944363 0.953702 0.973443 0.805566 0.994132 0.915912 0.929532 0.914506 0.815243 0.925984 0.729966 0.802222 0.864795 0.854759 0.991140 0.785657 0.862846 0.744506 0.967211 0.943093 0.868451 0.988792 0.955275 0.872048 0.937325 0.986938 0.926957 0.953019 0.987195 0.925073 0.852493 0.836226 0.928067 0.998129 0.961950 0.976197 0.966115 0.870674 0.965199 0.977789 0.753886 0.801063 0.705464 0.823682 0.961204 0.920323 0.852225 0.842037 0.819356 0.927922 0.728704 0.773241 0.807430 0.917018 0.967552 0.805341 0.979642 0.973685 0.953311 0.956260 0.850909 0.794585 0.983774 0.901376 0.989738 0.834428
0.787419 0.923956 0.348402 0.346807 0.879656 0.871640 0.000000 0.562061 0.701879 0.568876 0.713981 0.940086 0.708556 0.816011 0.655457 0.654213 0.694181 0.740813 0.460169 0.778469 0.836560 0.814759 0.429840 0.538299 0.554801 0.614671 0.970752 0.966841 0.803091 0.703245 0.427750 0.572049 0.504638 0.489692 0.673946 0.971825 0.761473 0.946287 0.662061 0.967482 0.895895 0.930517 0.424296 0.566853 0.820861 0.861508 0.577107 0.589064 0.757310 0.927724 0.933289 0.890564 0.885502 0.873972 0.897317 0.888045 0.784365 0.914931 0.688139 0.880280 0.692672 0.864058 0.541513 0.878753 0.583495 0.703151 0.405601 0.618484 0.825310 0.889428 0.686358 0.681148 0.661625 0.756461 0.779172 0.766623 0.629365 0.838615 0.637889 0.695995 0.708143 0.639344 0.945444 0.886586 0.543070 0.598266 0.935991 0.952122 0.999804 0.982335 0.726836 0.657244 0.750026 0.673810 0.930062 0.828220 0.867224 0.894276 0.816463 0.640240 0.931610 0.610014 0.728473 0.734737 0.780204 0.627803 0.991765 0.860726 0.958898 0.859546 0.840159 0.858270 0.857948 0.976938 0.896067 0.885257
0.663597 0.515218 0.834324 0.494179 0.943442 0.740773 0.562061 0.000000 0.824481 0.413756 0.798200 0.483115 0.673637 0.522594 0.782692 0.412864 0.575724 0.591526 0.524156 0.560392 0.875342 0.791682 0.631794 0.614624 0.868634 0.914250 0.895092 0.945154 0.652653 0.562432 0.630425 0.668680 0.613945 0.587816 0.835341 0.973713 0.694521 0.858011 0.919558 0.999625 0.861845 0.723914 0.610845 0.562928 0.904719 0.850339 0.833188 0.737336 0.854563 0.848751 0.984226 0.917776 0.919407 0.959523 0.918944 0.853644 0.523860 0.546799 0.786013 0.924861 0.706439 0.665304 0.513108 0.446819 0.924252 0.838974 0.760421 0.794904 0.699071 0.708436 0.487229 0.562117 0.591766 0.733242 0.884644 0.882417 0.571736 0.719191 0.712006 0.735269 0.525183 0.554876 0.818527 0.671072 0.964970 0.838994 0.909298 0.990546 0.802665 0.994101 0.512609 0.499569 0.597800 0.668295 0.879696 0.746393 0.683005 0.881525 0.581471 0.520038 0.656874 0.599718 0.606296 0.464028 0.745898 0.686067 0.947637 0.787456 0.824143 0.784714 0.775005 0.745863 0.776329 0.828005 0.982921 0.899529
0.897153 0.950775 0.701938 0.775351 0.843624 0.909719 0.701879 0.824481 0.000000 0.716249 0.882108 0.991600 0.795469 0.993852 0.765943 0.845572 0.837365 0.938055 0.829297 0.921435 0.920807 0.816472 0.835543 0.969640 0.821130 0.857332 0.911129 0.815112 0.874101 0.984193 0.817485 0.937463 0.912925 0.850671 0.758829 0.887372 0.890549 0.959827 0.865282 0.858942 0.791957 0.963351 0.725150 0.797864 0.737514 0.836238 0.656195 0.747253 0.967855 0.883409 0.875329 0.880789 0.844309 0.998928 0.951948 0.961458 0.922535 0.984448 0.624956 0.813355 0.672796 0.924356 0.860620 0.886957 0.745782 0.781639 0.678639 0.773057 0.801145 0.991304 0.839701 0.809785 0.990161 0.933761 0.969043 0.841146 0.746645 0.902482 0.872591 0.951244 0.892117 0.997398 0.928884 0.956656 0.942305 0.960943 0.798133 0.693007 0.868140 0.899320 0.673874 0.745917 0.712416 0.722576 0.849398 0.880311 0.861468 0.988202 0.778111 0.760307 0.990814 0.995702 0.794271 0.881721 0.749983 0.753673 0.949098 0.802328 0.936979 0.913580 0.800392 0.887309 0.976144 0.949793 0.795179 0.759023
0.721789 0.637929 0.814384 0.534376 0.986256 0.822255 0.568876 0.413756 0.716249 0.000000 0.775703 0.681223 0.837961 0.682549 0.779186 0.567225 0.642532 0.653482 0.550029 0.575858 0.889063 0.918202 0.643382 0.722672 0.906526 0.873125 0.889451 0.997181 0.762878 0.643085 0.608769 0.650840 0.701928 0.626032 0.791033 0.991132 0.657871 0.883884 0.943949 0.984952 0.913801 0.772793 0.581051 0.630361 0.870739 0.854774 0.791124 0.713773 0.951693 0.907635 0.928907 0.927781 0.948401 0.931786 0.931770 0.777290 0.603793 0.709212 0.821488 0.968308 0.798014 0.814026 0.608155 0.595009 0.970470 0.911914 0.776654 0.863780 0.754297 0.939968 0.481377 0.559235 0.652292 0.729429 0.890947 0.790888 0.614054 0.695923 0.732020 0.777332 0.575349 0.661758 0.869663 0.799637 0.997076 0.938974 0.893030 0.929628 0.741327 0.901860 0.491107 0.523642 0.603891 0.636678 0.925831 0.863842 0.741413 0.934447 0.621688 0.576630 0.847123 0.732256 0.617926 0.566716 0.875070 0.715738 0.933742 0.721951 0.850043 0.928000 0.874850 0.734429 0.837046 0.910534 0.928082 0.870697
0.549325 0.633552 0.821535 0.837660 0.880637 0.905426 0.713981 0.798200 0.882108 0.775703 0.000000 0.615346 0.687394 0.769514 0.768886 0.763270 0.518483 0.533604 0.553341 0.524145 0.840303 0.890180 0.947599 0.909749 0.939424 0.996922 0.993729 0.834689 0.619431 0.572153 0.798993 0.727296 0.635462 0.537238 0.933488 0.973532 0.983824 0.921566 0.889200 0.932646 0.891728 0.970848 0.794992 0.699316 0.853826 0.856595 0.788090 0.747573 0.907346 0.987325 0.905722 0.872384 0.887568 0.738654 0.958054 0.882094 0.557749 0.612727 0.790211 0.895380 0.702165 0.980615 0.559290 0.661298 0.954541 0.963749 0.728452 0.722073 0.575303 0.683529 0.774509 0.826617 0.645327 0.735947 0.979498 0.767656 0.853356 0.805266 0.668235 0.538900 0.575993 0.550925 0.932185 0.858580 0.934435 0.953883 0.791950 0.895516 0.951579 0.802726 0.891630 0.956004 0.952072 0.931407 0.843209 0.908884 0.816455 0.978808 0.642918 0.758981 0.969387 0.893276 0.766529 0.762659 0.815489 0.876773 0.847816 0.880028 0.983318 0.833360 0.855497 0.977805 0.965159 0.907322 0.824532 0.814072
0.508708 0.359471 0.827742 0.844246 0.938921 0.822298 0.940086 0.483115 0.991600 0.681223 0.615346 0.000000 0.685679 0.505927 0.823518 0.525120 0.482817 0.478712 0.615282 0.486392 0.893858 0.900598 0.961972 0.876915 0.930081 0.750719 0.889876 0.790197 0.577809 0.514911 0.940547 0.819017 0.673931 0.682576 0.839387 0.978628 0.820394 0.854593 0.870553 0.935624 0.782893 0.791453 0.899439 0.700746 0.979798 0.888023 0.979340 0.874313 0.954885 0.884042 0.995588 0.917381 0.913566 0.858200 0.831549 0.988176 0.394142 0.381072 0.909397 0.831156 0.756744 0.623503 0.506074 0.324050 0.640808 0.975086 0.970689 0.939923 0.613681 0.634941 0.586600 0.652922 0.624375 0.767378 0.986340 0.955266 0.749286 0.703244 0.773403 0.725821 0.473561 0.532000 0.770577 0.603126 0.778331 0.961041 0.874430 0.949735 0.845518 0.828829 0.722053 0.734200 0.803455 0.906376 0.976234 0.798789 0.746122 0.726179 0.538028 0.627365 0.664357 0.844580 0.741600 0.529046 0.764349 0.884232 0.889373 0.958906 0.836881 0.755053 0.757021 0.819776 0.851075 0.848329 0.965476 0.895886
0.838434 0.777513 0.721733 0.737453 0.746045 0.785101 0.708556 0.673637 0.795469 0.837961 0.687394 0.685679 0.000000 0.638470 0.543677 0.583057 0.742935 0.652436 0.727255 0.806791 0.742468 0.852924 0.747858 0.775965 0.794588 0.902017 0.929878 0.918361 0.677590 0.657367 0.746611 0.840641 0.621576 0.639218 0.892327 0.967498 0.888024 0.978609 0.915724 0.844387 0.920771 0.980787 0.738799 0.668164 0.813320 0.912425 0.819433 0.776974 0.817993 0.975408 0.858280 0.958631 0.991453 0.791079 0.979577 0.960102 0.793891 0.792268 0.823379 0.897083 0.625821 0.902588 0.640123 0.683580 0.798193 0.826372 0.745740 0.722010 0.894649 0.927878 0.800819 0.853845 0.901877 0.928201 0.931327 0.774404 0.784522 0.661639 0.778428 0.702205 0.717694 0.652854 0.797127 0.880378 0.829446 0.793007 0.864010 0.941834 0.823927 0.952136 0.872679 0.857728 0.815838 0.877693 0.931419 0.826288 0.829896 0.940754 0.774074 0.848396 0.950074 0.851063 0.798959 0.810918 0.662595 0.758856 0.984137 0.987913 0.900635 0.779918 0.920077 0.848706 0.957616 0.929211 0.933494 0.823977
0.750033 0.552738 0.923280 0.821233 0.997027 0.940570 0.816011 0.522594 0.993852 0.682549 0.769514 0.505927 0.638470 0.000000 0.587474 0.480892 0.534026 0.458600 0.581346 0.545108 0.882474 0.887042 0.708102 0.677795 0.946163 0.841467 0.964523 0.818044 0.543557 0.503260 0.784015 0.626271 0.687432 0.706413 0.830937 0.953880 0.957583 0.951828 0.906005 0.942833 0.979741 0.865126 0.704078 0.701900 0.932018 0.968089 0.924619 0.817354 0.872366 0.772345 0.900147 0.866903 0.996594 0.975751 0.850208 0.851477 0.516801 0.561286 0.880256 0.849250 0.969906 0.949325 0.528832 0.507144 0.813740 0.849207 0.953633 0.946996 0.835433 0.907055 0.651046 0.710599 0.688669 0.815389 0.947604 0.819841 0.714274 0.573340 0.699152 0.621142 0.518261 0.498362 0.585265 0.704602 0.920234 0.849673 0.957656 0.824929 0.853883 0.795804 0.814354 0.738061 0.914437 0.891788 0.971820 0.726184 0.842131 0.869448 0.640605 0.586351 0.799964 0.797042 0.687619 0.583622 0.867217 0.940891 0.933697 0.827837 0.857359 0.765577 0.853620 0.743818 0.858904 0.806196 0.966912 0.956858
0.878679 0.837247 0.718613 0.727425 0.728850 0.934111 0.655457 0.782692 0.765943 0.779186 0.768886 0.823518 0.543677 0.587474 0.000000 0.587499 0.647838 0.586024 0.600112 0.735534 0.687959 0.762688 0.552075 0.636304 0.617841 0.872879 0.802052 0.926878 0.553963 0.615774 0.723757 0.703242 0.603905 0.636626 0.949160 0.954976 0.867223 0.948835 0.910975 0.753730 0.941180 0.974785 0.523204 0.561749 0.709185 0.829796 0.679927 0.591591 0.951967 0.938849 0.913017 0.975572 0.938275 0.996924 0.932597 0.900502 0.755949 0.866158 0.966331 0.844624 0.895029 0.839555 0.653999 0.806912 0.692576 0.843662 0.755230 0.818198 0.909506 0.973088 0.813015 0.838803 0.859955 0.919267 0.972271 0.710676 0.683704 0.569353 0.608405 0.682796 0.649997 0.625183 0.704295 0.792526 0.579727 0.582581 0.975600 0.933074 0.894499 0.929304 0.901932 0.857151 0.913712 0.952688 0.936498 0.678804 0.987094 0.939646 0.714334 0.638547 0.888014 0.944271 0.810983 0.879994 0.738430 0.770655 0.945043 0.902443 0.906986 0.826282 0.831683 0.757107 0.932610 0.868276 0.868638 0.841500
0.759887 0.582614 0.866988 0.585027 0.992839 0.770738 0.654213 0.412864 0.845572 0.567225 0.763270 0.525120 0.583057 0.480892 0.587499 0.000000 0.528708 0.488901 0.537418 0.531443 0.780255 0.780078 0.550810 0.516018 0.793213 0.940825 0.967962 0.960208 0.543671 0.433355 0.723974 0.588090 0.646053 0.627159 0.989999 0.981301 0.734769 0.889588 0.969157 0.895703 0.844193 0.846070 0.633769 0.589779 0.993342 0.972998 0.854337 0.708277 0.776323 0.829126 0.885507 0.842191 0.995815 0.946633 0.828911 0.849045 0.537905 0.580981 0.970267 0.901962 0.823599 0.850578 0.495054 0.483943 0.964643 0.882349 0.898374 0.919671 0.807882 0.839737 0.539863 0.652835 0.676915 0.822706 0.900767 0.810328 0.663887 0.603964 0.681012 0.673357 0.481713 0.488505 0.682631 0.606018 0.886127 0.723795 0.937235 0.846831 0.894538 0.995488 0.728113 0.685822 0.793317 0.852186 0.932745 0.676810 0.812921 0.833883 0.674507 0.572332 0.829838 0.823779 0.658673 0.519227 0.686507 0.814026 0.985703 0.935442 0.885996 0.747251 0.833527 0.845662 0.824167 0.876294 0.945274 0.891079
0.539638 0.448183 0.913073 0.754790 0.971346 0.973949 0.694181 0.575724 0.837365 0.642532 0.518483 0.482817 0.742935 0.534026 0.647838 0.528708 0.000000 0.322691 0.424653 0.427216 0.810712 0.866505 0.719772 0.713365 0.865367 0.906355 0.987093 0.759072 0.462277 0.399024 0.748863 0.590230 0.538258 0.520550 0.946081 0.952261 0.834181 0.878852 0.979257 0.943116 0.761582 0.851732 0.640220 0.552718 0.861508 0.848719 0.816812 0.739864 0.900269 0.898429 0.917900 0.865008 0.858567 0.871755 0.827935 0.955053 0.325072 0.422410 0.917305 0.967228 0.827905 0.939828 0.423415 0.453543 0.896994 0.998839 0.824433 0.853420 0.596850 0.705234 0.543841 0.598420 0.622764 0.707200 0.904753 0.806325 0.716853 0.650674 0.586182 0.530212 0.368115 0.414238 0.677379 0.637509 0.888418 0.833541 0.922096 0.955836 0.891568 0.832406 0.797957 0.783034 0.887146 0.869783 0.964772 0.768264 0.794556 0.918080 0.651803 0.553874 0.878735 0.889572 0.733863 0.583014 0.798489 0.906498 0.805001 0.945713 0.971777 0.720023 0.674224 0.851088 0.785826 0.816586 0.853052 0.832679
0.593041 0.421497 0.960056 0.792257 0.912184 0.958003 0.740813 0.591526 0.938055 0.653482 0.533604 0.478712 0.652436 0.458600 0.586024 0.488901 0.322691 0.000000 0.422329 0.391459 0.829497 0.905021 0.692419 0.686969 0.857456 0.851745 0.939247 0.756435 0.388127 0.320978 0.780642 0.568285 0.532091 0.494430 0.910272 0.944314 0.871767 0.904268 0.959273 0.968988 0.862106 0.825562 0.637533 0.532018 0.838108 0.829336 0.883252 0.689370 0.880512 0.897878 0.859541 0.870587 0.846552 0.812599 0.816285 0.889463 0.323042 0.400551 0.983971 0.917778 0.860617 0.951872 0.430355 0.450793 0.908047 0.977060 0.871783 0.878100 0.619509 0.737170 0.580959 0.673053 0.647870 0.733787 0.936910 0.813654 0.709384 0.596586 0.577361 0.514623 0.326108 0.353324 0.568671 0.587017 0.866446 0.768769 0.988971 0.879902 0.846411 0.812865 0.866102 0.806581 0.947094 0.926378 0.984458 0.765720 0.835824 0.917398 0.658001 0.540519 0.894057 0.928206 0.725625 0.600269 0.823886 0.877203 0.819475 0.960790 0.977231 0.742147 0.686995 0.770177 0.797912 0.784704 0.861767 0.869904
0.586093 0.574729 0.690140 0.557018 0.871000 0.930604 0.460169 0.524156 0.829297 0.550029 0.553341 0.615282 0.727255 0.581346 0.600112 0.537418 0.424653 0.422329 0.000000 0.405366 0.876526 0.886795 0.497784 0.545582 0.715286 0.978817 0.965320 0.757514 0.541962 0.494070 0.605861 0.453111 0.464448 0.448514 0.956503 0.944818 0.803994 0.942368 0.880037 0.985810 0.888556 0.916966 0.551258 0.592750 0.918922 0.960755 0.764658 0.666975 0.729043 0.762201 0.795529 0.723960 0.861178 0.954193 0.883824 0.827270 0.450414 0.591108 0.963111 0.767829 0.859886 0.889727 0.387872 0.622705 0.911641 0.960140 0.678082 0.831301 0.669998 0.807267 0.471010 0.560041 0.548646 0.669461 0.907637 0.771875 0.619641 0.640839 0.575486 0.561702 0.433015 0.417704 0.696485 0.682335 0.677784 0.680003 0.882724 0.918918 0.775913 0.781929 0.706965 0.644076 0.791607 0.742737 0.875216 0.789278 0.790143 0.968381 0.630003 0.483517 0.991804 0.713084 0.676486 0.626968 0.818421 0.761605 0.910719 0.957888 0.983156 0.861852 0.769190 0.806000 0.854987 0.914045 0.891110 0.889056
0.579133 0.445723 0.982896 0.764011 0.999120 0.945805 0.778469 0.560392 0.921435 0.575858 0.524145 0.486392 0.806791 0.545108 0.735534 0.531443 0.427216 0.391459 0.405366 0.000000 0.941279 0.965073 0.772337 0.735643 0.994279 0.804260 0.966876 0.675496 0.492293 0.449181 0.813994 0.577655 0.660618 0.567695 0.865441 0.889459 0.836864 0.914025 0.990421 0.954143 0.893991 0.909294 0.738681 0.646886 0.976874 0.993027 0.963374 0.766405 0.808200 0.759729 0.801286 0.723022 0.811997 0.870445 0.773014 0.856823 0.402923 0.464424 0.931633 0.871979 0.930265 0.918028 0.478763 0.484947 0.802737 0.935445 0.932729 0.953134 0.574994 0.716374 0.484957 0.664830 0.577189 0.674274 0.973460 0.813930 0.737231 0.670762 0.634059 0.603954 0.406602 0.455790 0.718791 0.600691 0.965032 0.944208 0.973603 0.974657 0.704771 0.751457 0.758901 0.747977 0.908816 0.892061 0.982814 0.884794 0.840608 0.938420 0.634845 0.582767 0.868724 0.853231 0.719974 0.570191 0.902082 0.897935 0.894253 0.990073 0.951682 0.877331 0.771125 0.826992 0.920754 0.781957 0.918847 0.965941
0.939529 0.892579 0.844023 0.833973 0.842391 0.847269 0.836560 0.875342 0.920807 0.889063 0.840303 0.893858 0.742468 0.882474 0.687959 0.780255 0.810712 0.829497 0.876526 0.941279 0.000000 0.836897 0.847339 0.857848 0.763014 0.838821 0.803571 0.989910 0.916845 0.777873 0.923521 0.898958 0.773684 0.840851 0.946721 0.986571 0.906755 0.983540 0.915856 0.949145 0.945457 0.889389 0.819790 0.703960 0.900056 0.927036 0.858354 0.745623 0.942080 0.910845 0.996642 0.977245 0.992453 0.917468 0.848781 0.840445 0.860061 0.943140 0.864580 0.957394 0.772458 0.987540 0.844495 0.887877 0.793782 0.791452 0.828258 0.798879 0.935517 0.979322 0.935021 0.965001 0.919287 0.857995 0.847920 0.991281 0.958613 0.898909 0.955972 0.880026 0.857982 0.860462 0.996445 0.954006 0.871839 0.819231 0.985705 0.974217 0.923251 0.992383 0.963776 0.958488 0.926451 0.944409 0.921835 0.702185 0.829759 0.982840 0.930602 0.896125 0.995086 0.920472 0.807008 0.987817 0.909947 0.814493 0.978258 0.992657 0.897260 0.946405 0.785210 0.919427 0.970842 0.966724 0.908055 0.901886
0.820108 0.879685 0.773102 0.812643 0.800221 0.755817 0.814759 0.791682 0.816472 0.918202 0.890180 0.900598 0.852924 0.887042 0.762688 0.780078 0.866505 0.905021 0.886795 0.965073 0.836897 0.000000 0.784721 0.864958 0.745034 0.737206 0.787647 0.811667 0.834182 0.860727 0.789630 0.959493 0.818278 0.837094 0.886172 0.994656 0.878276 0.885177 0.872218 0.796677 0.933336 0.881635 0.754585 0.684749 0.699922 0.768644 0.808687 0.895994 0.838190 0.794925 0.842234 0.772490 0.769348 0.911254 0.843728 0.757724 0.900717 0.906544 0.765366 0.898599 0.857158 0.951373 0.914034 0.921002 0.821647 0.764641 0.791799 0.824106 0.864119 0.858723 0.844662 0.911712 0.936782 0.859082 0.788843 0.949974 0.798500 0.845383 0.832155 0.900315 0.892990 0.910661 0.838007 0.964520 0.866708 0.863757 0.988007 0.995406 0.826171 0.901244 0.869607 0.923958 0.878877 0.884340 0.851338 0.682383 0.928914 0.989142 0.736670 0.807813 0.883243 0.978571 0.831128 0.873427 0.827890 0.783027 0.891698 0.998746 0.920979 0.996042 0.811203 0.988534 0.878240 0.975321 0.869387 0.817972
0.978227 0.926342 0.533644 0.453496 0.878594 0.932691 0.429840 0.631794 0.835543 0.643382 0.947599 0.961972 0.747858 0.708102 0.552075 0.550810 0.719772 0.692419 0.497784 0.772337 0.847339 0.784721 0.000000 0.360413 0.562037 0.745576 0.875751 0.985843 0.762936 0.677866 0.508207 0.506382 0.595562 0.679113 0.904280 0.953444 0.772192 0.927704 0.778281 0.963081 0.985626 0.872495 0.456781 0.637630 0.897260 0.999993 0.781933 0.731184 0.716614 0.852101 0.804173 0.817537 0.983351 0.868796 0.905434 0.741949 0.817570 0.957686 0.923094 0.608745 0.997625 0.744215 0.678278 0.931205 0.599399 0.784962 0.697061 0.884903 0.926729 0.917149 0.573518 0.652945 0.862503 0.896532 0.820790 0.862629 0.582754 0.710142 0.744192 0.752985 0.727190 0.665816 0.744678 0.836416 0.499665 0.442701 0.786338 0.841834 0.998378 0.948722 0.815117 0.669594 0.834347 0.752724 0.912187 0.687446 0.998252 0.916537 0.875075 0.601943 0.891010 0.789701 0.856916 0.819581 0.860329 0.720046 0.968134 0.923883 0.988184 0.901129 0.924861 0.841342 0.863529 0.956009 0.932525 0.915545
0.967952 0.899133 0.708396 0.500524 0.956531 0.953046 0.538299 0.614624 0.969640 0.722672 0.909749 0.876915 0.775965 0.677795 0.636304 0.516018 0.713365 0.686969 0.545582 0.735643 0.857848 0.864958 0.360413 0.000000 0.640135 0.911907 0.988323 0.944695 0.708688 0.637048 0.651120 0.485674 0.679907 0.739358 0.926068 0.978508 0.810584 0.916867 0.780004 0.986697 0.996235 0.946116 0.588070 0.754039 0.928184 0.895229 0.887583 0.818238 0.700684 0.767264 0.783461 0.780988 0.970845 0.824557 0.893191 0.702767 0.786938 0.887805 0.833526 0.581408 0.918321 0.825819 0.667796 0.854872 0.831044 0.922192 0.863554 0.951135 0.944363 0.967913 0.647712 0.655307 0.762332 0.769949 0.909564 0.881349 0.678855 0.794025 0.727705 0.711997 0.682749 0.594612 0.773144 0.797685 0.606466 0.476112 0.855686 0.799628 0.967655 0.960965 0.851993 0.735622 0.918658 0.884410 0.841732 0.747978 0.989468 0.927248 0.903834 0.643448 0.962877 0.705960 0.810689 0.743697 0.784266 0.849431 0.895886 0.950956 0.986466 0.951931 0.999401 0.903033 0.901661 0.940497 0.884451 0.963791
0.975328 0.992750 0.470945 0.655764 0.759083 0.906196 0.554801 0.868634 0.821130 0.906526 0.939424 0.930081 0.794588 0.946163 0.617841 0.793213 0.865367 0.857456 0.715286 0.994279 0.763014 0.745034 0.562037 0.640135 0.000000 0.597475 0.797573 0.831603 0.865545 0.767754 0.614679 0.732711 0.669399 0.668901 0.773600 0.990638 0.862017 0.858909 0.715214 0.849616 0.880530 0.980384 0.574381 0.661751 0.768395 0.789620 0.674341 0.634545 0.940337 0.883782 0.997203 0.867613 0.956372 0.996728 0.954459 0.888344 0.981079 0.939754 0.851974 0.828166 0.799575 0.820389 0.828374 0.933148 0.513213 0.667471 0.660675 0.724719 0.961609 0.992076 0.933533 0.920963 0.984358 0.929821 0.848763 0.944426 0.677322 0.845110 0.783365 0.943880 0.943564 0.861496 0.900585 0.969907 0.560284 0.561019 0.802873 0.933817 0.900978 0.944055 0.962683 0.972619 0.991494 0.915014 0.915243 0.790775 0.890571 0.993635 0.973737 0.822452 0.887228 0.978855 0.967447 0.960589 0.767108 0.725334 0.952869 0.998267 0.984202 0.996155 0.831475 0.993462 0.925663 0.949147 0.922708 0.767624
0.913245 0.773126 0.468782 0.638677 0.869254 0.838232 0.614671 0.914250 0.857332 0.873125 0.996922 0.750719 0.902017 0.841467 0.872879 0.940825 0.906355 0.851745 0.978817 0.804260 0.838821 0.737206 0.745576 0.911907 0.597475 0.000000 0.750951 0.664587 0.853179 0.946346 0.647274 0.898280 0.808078 0.829996 0.577087 0.841290 0.794113 0.982569 0.716653 0.872554 0.895395 0.936428 0.723138 0.751698 0.828622 0.845746 0.670218 0.732171 0.932380 0.875874 0.970043 0.889210 0.871984 0.979917 0.837525 0.894170 0.821588 0.761996 0.679239 0.944200 0.744990 0.914157 0.961170 0.805945 0.510313 0.607312 0.562598 0.567522 0.939862 0.991314 0.986976 0.975160 0.890343 0.848332 0.750343 0.921625 0.914169 0.922529 0.935079 0.973613 0.890315 0.956206 0.907327 0.883809 0.701141 0.749478 0.949005 0.940034 0.817538 0.811859 0.967803 0.968817 0.927435 0.933640 0.967856 0.933560 0.930643 0.966462 0.881915 0.961135 0.855533 0.950090 0.890465 0.886142 0.936255 0.749543 0.995866 0.977097 0.973559 0.954436 0.980882 0.884252 0.970863 0.908247 0.962047 0.829025
0.904033 0.901447 0.834476 0.936196 0.824322 0.986490 0.970752 0.895092 0.911129 0.889451 0.993729 0.889876 0.929878 0.964523 0.802052 0.967962 0.987093 0.939247 0.965320 0.966876 0.803571 0.787647 0.875751 0.988323 0.797573 0.750951 0.000000 0.878258 0.990144 0.874544 0.810185 0.936806 0.942940 0.929529 0.980538 0.861901 0.910054 0.893478 0.824257 0.956423 0.950996 0.927256 0.893701 0.741183 0.849077 0.915832 0.997503 0.865270 0.921260 0.817985 0.990055 0.874131 0.994056 0.933328 0.999085 0.915518 0.963246 0.948952 0.999957 0.979459 0.998305 0.852349 0.935720 0.899827 0.725633 0.788556 0.893438 0.923354 0.952380 0.857334 0.966295 0.923033 0.909140 0.857504 0.860648 0.970135 0.961906 0.830516 0.932730 0.996418 0.977257 0.986754 0.902168 0.970743 0.911584 0.752070 0.899026 0.813067 0.807457 0.980023 0.767508 0.836049 0.777395 0.921641 0.992735 0.923043 0.809451 0.994320 0.761748 0.870663 0.979756 0.927294 0.911116 0.844133 0.956983 0.923912 0.885290 0.965666 0.950965 0.969771 0.975899 0.982308 0.910642 0.932842 0.889744 0.946914
0.843214 0.775354 0.824663 0.934509 0.938857 0.798257 0.966841 0.945154 0.815112 0.997181 0.834689 0.790197 0.918361 0.818044 0.926878 0.960208 0.759072 0.756435 0.757514 0.675496 0.989910 0.811667 0.985843 0.944695 0.831603 0.664587 0.878258 0.000000 0.767123 0.778042 0.884037 0.933809 0.980257 0.868329 0.850473 0.912719 0.962018 0.921464 0.901636 0.817908 0.986070 0.918791 0.971208 0.973930 0.983771 0.949817 0.856623 0.889495 0.903143 0.888775 0.852231 0.790555 0.809862 0.943648 0.957942 0.961323 0.734299 0.743337 0.803325 0.870263 0.923119 0.952540 0.895416 0.922907 0.820510 0.938458 0.903724 0.939199 0.743566 0.915457 0.888800 0.930537 0.697695 0.703718 0.975295 0.890892 0.981574 0.957217 0.951004 0.774528 0.805025 0.799505 0.846775 0.838068 0.996747 0.980837 0.936778 0.833308 0.829046 0.670363 0.981999 0.948171 0.884818 0.998824 0.897806 0.913572 0.981172 0.970262 0.923546 0.811206 0.886223 0.899405 0.971695 0.900458 0.984823 0.828620 0.999659 0.903878 0.976315 0.944573 0.892827 0.905794 0.957727 0.915011 0.932324 0.902787
0.702694 0.583886 0.967290 0.870757 0.879291 0.949035 0.803091 0.652653 0.874101 0.762878 0.619431 0.577809 0.677590 0.543557 0.553963 0.543671 0.462277 0.388127 0.541962 0.492293 0.916845 0.834182 0.762936 0.708688 0.865545 0.853179 0.990144 0.767123 0.000000 0.406950 0.803341 0.644812 0.626509 0.562702 0.972885 0.985737 0.935098 0.987172 0.987898 0.957266 0.798825 0.896381 0.651215 0.581676 0.779013 0.737184 0.809122 0.650978 0.964658 0.960361 0.941208 0.995287 0.979507 0.913994 0.955366 0.909866 0.503081 0.516286 0.985251 0.949223 0.858257 0.897537 0.569100 0.563383 0.926579 0.928216 0.861912 0.872580 0.672258 0.720496 0.764982 0.858933 0.690580 0.776506 0.944813 0.749637 0.768644 0.574616 0.620131 0.551031 0.434485 0.467352 0.580325 0.619453 0.849468 0.815593 0.904071 0.853600 0.897848 0.892855 0.904368 0.882937 0.984908 0.983095 0.960100 0.769690 0.865077 0.913316 0.694313 0.641378 0.828743 0.849827 0.839931 0.732297 0.829478 0.902486 0.896053 0.951588 0.937768 0.794280 0.697379 0.845042 0.810370 0.838723 0.914159 0.884716
0.677428 0.509393 0.889884 0.714972 0.941578 0.923533 0.703245 0.562432 0.984193 0.643085 0.572153 0.514911 0.657367 0.503260 0.615774 0.433355 0.399024 0.320978 0.494070 0.449181 0.777873 0.860727 0.677866 0.637048 0.767754 0.946346 0.874544 0.778042 0.406950 0.000000 0.701206 0.592734 0.593911 0.492046 0.931912 0.963979 0.855066 0.823399 0.993826 0.953896 0.872563 0.853923 0.560468 0.441861 0.847593 0.768258 0.784504 0.588877 0.895649 0.988951 0.911014 0.940922 0.970737 0.934777 0.826760 0.909682 0.413476 0.479936 0.987240 0.916345 0.808118 0.860651 0.517273 0.500619 0.976977 0.849705 0.863023 0.848283 0.704621 0.736261 0.629245 0.749687 0.610309 0.689344 0.907646 0.813722 0.728349 0.618618 0.612966 0.578417 0.421279 0.425028 0.577391 0.632384 0.883837 0.794081 0.971651 0.821512 0.925120 0.844065 0.921121 0.894398 0.930589 0.974164 0.980679 0.758153 0.913036 0.849304 0.736201 0.621871 0.877407 0.900045 0.767618 0.593688 0.785509 0.830029 0.863823 0.960856 0.879828 0.735394 0.744039 0.862932 0.748519 0.840124 0.905227 0.831541
0.791013 0.873359 0.502220 0.478557 0.914429 0.841308 0.427750 0.630425 0.817485 0.608769 0.798993 0.940547 0.746611 0.784015 0.723757 0.723974 0.748863 0.780642 0.605861 0.813994 0.923521 0.789630 0.508207 0.651120 0.614679 0.647274 0.810185 0.884037 0.803341 0.701206 0.000000 0.628149 0.534914 0.528861 0.712014 0.977431 0.787283 0.870957 0.684482 0.903637 0.893421 0.871428 0.478462 0.549285 0.737495 0.762339 0.645109 0.702732 0.924990 0.954402 0.957984 0.957495 0.820249 0.915691 0.875861 0.995123 0.844654 0.924053 0.771116 0.906074 0.741754 0.896302 0.692253 0.877529 0.648808 0.774877 0.580118 0.697972 0.942795 0.949746 0.694967 0.757451 0.859846 0.920098 0.844199 0.817790 0.690039 0.797524 0.779796 0.766856 0.793498 0.756252 0.864937 0.959087 0.662802 0.710996 0.929262 0.991576 0.906847 0.961048 0.840364 0.820346 0.913065 0.759022 0.976071 0.965726 0.884187 0.976940 0.865481 0.815530 0.911647 0.670027 0.852653 0.874788 0.969713 0.685219 0.957615 0.841856 0.984533 0.950867 0.949744 0.880450 0.820666 0.977217 0.897381 0.899599
0.819164 0.787447 0.755464 0.645062 0.901841 0.933181 0.572049 0.668680 0.937463 0.650840 0.727296 0.819017 0.840641 0.626271 0.703242 0.588090 0.590230 0.568285 0.453111 0.577655 0.898958 0.959493 0.506382 0.485674 0.732711 0.898280 0.936806 0.933809 0.644812 0.592734 0.628149 0.000000 0.575758 0.579276 0.993329 0.878706 0.872958 0.955787 0.919220 0.948940 0.971978 0.972591 0.572746 0.728363 0.997363 0.995749 0.820125 0.758195 0.724431 0.729599 0.800545 0.752641 0.972405 0.997318 0.923025 0.808328 0.629974 0.775605 0.873517 0.653131 0.975615 0.762507 0.542253 0.757825 0.895279 0.974941 0.811271 0.936180 0.923557 0.967055 0.635683 0.707647 0.750085 0.786816 0.995071 0.817967 0.735454 0.698370 0.639397 0.641117 0.589370 0.533737 0.735394 0.800680 0.633101 0.624638 0.887711 0.806818 0.818739 0.933398 0.878112 0.787375 0.922318 0.907299 0.889705 0.762775 0.882746 0.952429 0.838555 0.614123 0.956357 0.761304 0.796568 0.734219 0.973110 0.876026 0.997973 0.974088 0.966748 0.936811 0.829237 0.939353 0.951597 0.966828 0.920103 0.971745
0.550851 0.633096 0.612951 0.567455 0.821013 0.884982 0.504638 0.613945 0.912925 0.701928 0.635462 0.673931 0.621576 0.687432 0.603905 0.646053 0.538258 0.532091 0.464448 0.660618 0.773684 0.818278 0.595562 0.679907 0.669399 0.808078 0.942940 0.980257 0.626509 0.593911 0.534914 0.575758 0.000000 0.388295 0.806634 0.938436 0.762757 0.855157 0.820062 0.884810 0.840166 0.831243 0.539319 0.522036 0.760689 0.770494 0.763071 0.652235 0.860982 0.968459 0.900715 0.948111 0.982255 0.870561 0.922647 0.988012 0.580669 0.653120 0.782867 0.994625 0.684887 0.925683 0.466327 0.661762 0.799457 0.848394 0.570612 0.605669 0.765002 0.779439 0.642470 0.647339 0.780498 0.976607 0.907708 0.909594 0.688973 0.695189 0.649495 0.621844 0.563445 0.491559 0.802913 0.695064 0.649966 0.602024 0.974228 0.967064 0.983059 0.923449 0.830845 0.755574 0.807891 0.811652 0.982943 0.809635 0.926626 0.986806 0.740465 0.707586 0.998905 0.786602 0.788321 0.733999 0.779382 0.698532 0.941072 0.996231 0.940851 0.859622 0.753895 0.857029 0.885480 0.888969 0.862875 0.975934
0.609314 0.617818 0.631298 0.599939 0.802456 0.851156 0.489692 0.587816 0.850671 0.626032 0.537238 0.682576 0.639218 0.706413 0.636626 0.627159 0.520550 0.494430 0.448514 0.567695 0.840851 0.837094 0.679113 0.739358 0.668901 0.829996 0.929529 0.868329 0.562702 0.492046 0.528861 0.579276 0.388295 0.000000 0.730090 0.894639 0.735553 0.930658 0.780261 0.905152 0.863224 0.893545 0.524921 0.454434 0.706946 0.717154 0.670865 0.549989 0.882021 0.999993 0.911730 0.939228 0.938175 0.845906 0.954840 0.991531 0.539131 0.635058 0.745870 0.962630 0.642078 0.988422 0.482249 0.660826 0.810416 0.792016 0.541517 0.570963 0.649976 0.705122 0.642539 0.769295 0.666982 0.857241 0.938927 0.817450 0.710678 0.716875 0.568630 0.596780 0.507379 0.496711 0.793825 0.708613 0.728523 0.716780 0.970502 0.984098 0.930839 0.909014 0.793348 0.771681 0.856878 0.772124 0.991580 0.865125 0.866757 0.915541 0.697301 0.685301 0.997787 0.715982 0.779084 0.707218 0.760854 0.696317 0.926188 0.988235 0.972594 0.844586 0.674998 0.821105 0.745911 0.873531 0.886652 0.830127
0.987131 0.924626 0.621234 0.736713 0.922215 0.761803 0.673946 0.835341 0.758829 0.791033 0.933488 0.839387 0.892327 0.830937 0.949160 0.989999 0.946081 0.910272 0.956503 0.865441 0.946721 0.886172 0.904280 0.926068 0.773600 0.577087 0.980538 0.850473 0.972885 0.931912 0.712014 0.993329 0.806634 0.730090 0.000000 0.990860 0.761333 0.953928 0.721628 0.998301 0.959688 0.930196 0.763906 0.779725 0.710819 0.745649 0.771724 0.744870 0.990289 0.839452 0.880205 0.853929 0.825821 0.958334 0.697029 0.882424 0.937639 0.918508 0.559025 0.771200 0.595110 0.885132 0.932818 0.969554 0.622994 0.617485 0.532904 0.524951 0.893802 0.935522 0.966868 0.954264 0.982474 0.858415 0.858750 0.913699 0.943265 0.963761 0.937817 0.979780 0.994128 0.989085 0.979944 0.986016 0.819905 0.830311 0.956704 0.880827 0.885698 0.705557 0.832087 0.835103 0.711517 0.765489 0.835885 0.921810 0.774975 0.978143 0.965668 0.914679 0.931449 0.802730 0.845036 0.960622 0.863288 0.659734 0.950368 0.860821 0.983960 0.953628 0.864425 0.780807 0.977993 0.981420 0.852938 0.928328
0.991046 0.941652 0.988914 0.956899 0.880203 0.868624 0.971825 0.973713 0.887372 0.991132 0.973532 0.978628 0.967498 0.953880 0.954976 0.981301 0.952261 0.944314 0.944818 0.889459 0.986571 0.994656 0.953444 0.978508 0.990638 0.841290 0.861901 0.912719 0.985737 0.963979 0.977431 0.878706 0.938436 0.894639 0.990860 0.000000 0.933050 0.946763 0.961053 0.851494 0.934954 0.924919 0.969274 0.930900 0.975271 0.981229 0.818372 0.976499 0.905700 0.869491 0.940298 0.951967 0.915582 0.995872 0.907678 0.978478 0.911594 0.965299 0.903453 0.994564 0.981781 0.962870 0.959546 0.997143 0.975705 0.953431 0.951293 0.885410 0.951535 0.933626 0.852449 0.978698 0.949245 0.981593 0.937126 0.928551 0.917205 0.968253 0.795468 0.987661 0.954452 0.970461 0.837381 0.992368 0.917930 0.954410 0.863791 0.949356 0.994191 0.855642 0.886202 0.823517 0.880942 0.927624 0.920976 0.882463 0.991588 0.933451 0.943128 0.977203 0.967304 0.958672 0.840897 0.981478 0.969737 0.994858 0.881442 0.973628 0.915770 0.989385 0.932428 0.952777 0.956640 0.904451 0.957319 0.917348
0.799762 0.816627 0.826699 0.622799 0.965292 0.847171 0.761473 0.694521 0.890549 0.657871 0.983824 0.820394 0.888024 0.957583 0.867223 0.734769 0.834181 0.871767 0.803994 0.836864 0.906755 0.878276 0.772192 0.810584 0.862017 0.794113 0.910054 0.962018 0.935098 0.855066 0.787283 0.872958 0.762757 0.735553 0.761333 0.933050 0.000000 0.728016 0.929011 0.998294 0.778553 0.868252 0.763261 0.768627 0.970809 0.970728 0.985563 0.842380 0.975444 0.990069 0.894828 0.994636 0.982952 0.974035 0.974397 0.931855 0.772818 0.820870 0.815637 0.974008 0.788753 0.818210 0.776935 0.745422 0.902786 0.773382 0.855904 0.874137 0.843087 0.886102 0.644612 0.698198 0.822205 0.907976 0.824926 0.982643 0.779406 0.859692 0.800330 0.941070 0.797808 0.869550 0.896017 0.697408 0.981650 0.851075 0.989138 0.923481 0.978557 0.965285 0.783166 0.711261 0.755601 0.765638 0.849024 0.980918 0.822529 0.809740 0.819504 0.794546 0.936427 0.856530 0.904793 0.768482 0.712638 0.769545 0.906579 0.754446 0.910200 0.970919 0.833620 0.662372 0.938777 0.951155 0.972121 0.887621
0.766027 0.756342 0.932279 0.776098 0.958489 0.829553 0.946287 0.858011 0.959827 0.883884 0.921566 0.854593 0.978609 0.951828 0.948835 0.889588 0.878852 0.904268 0.942368 0.914025 0.983540 0.885177 0.927704 0.916867 0.858909 0.982569 0.893478 0.921464 0.987172 0.823399 0.870957 0.955787 0.855157 0.930658 0.953928 0.946763 0.728016 0.000000 0.994335 0.768111 0.909881 0.968599 0.776008 0.765405 0.920315 0.899542 0.975558 0.934450 0.815769 0.814636 0.748343 0.758860 0.805649 0.797110 0.922609 0.956516 0.823316 0.801041 0.836128 0.875897 0.836461 0.781218 0.889818 0.790562 0.918179 0.848459 0.994058 0.989309 0.829665 0.825117 0.772243 0.729165 0.932417 0.868568 0.834590 0.995471 0.829601 0.950249 0.964273 0.980838 0.971041 0.984706 0.947576 0.845387 0.955311 0.886595 0.930711 0.999770 0.877146 0.803738 0.940655 0.944089 0.900051 0.972481 0.998457 0.977507 0.971514 0.963484 0.925127 0.944115 0.913778 0.859588 0.998296 0.742218 0.841473 0.777222 0.874390 0.826455 0.869009 0.905213 0.930781 0.954954 0.916594 0.843500 0.909991 0.879191
