0.000000 0.389875 0.876160 0.901335 0.586234 0.838356 0.847717 0.551985 0.922254 0.599018 0.411130 0.301083 0.390745 0.478787 0.510789 0.622954 0.423833 0.432167 0.353111 0.361049 0.921697 0.997398 0.451047 0.997863 0.713326 0.601267 0.985943 0.927412 0.388743 0.473547 0.925545 0.861419 0.616333 0.721834 0.852770 0.941666 0.752949 0.884137 0.953333 0.997329 0.822475 0.866583 0.905432 0.997636 0.898168 0.755373 0.727475 0.796409 0.544609 0.624439 0.770892 0.835686 0.875234 0.769046 0.717702 0.883002 0.366821 0.322761 0.470789 0.480829 0.655255 0.487531 0.409525 0.356160 0.776520 0.754627 0.862341 0.779764 0.339138 0.382779 0.858753 0.997337 0.904989 0.912822 0.806780 0.881179 0.857473 0.894315 0.792789 0.716902 0.406141 0.450532 0.619455 0.634845 0.617533 0.920431 0.824975 0.821339 0.655388 0.593508 0.815581 0.777962 0.732739 0.609205 0.988677 0.922348 0.992705 0.941620 0.751107 0.740276 0.950212 0.831789 0.853481 0.788758 0.885748 0.851955 0.959237 0.663119 0.909814 0.891820 0.927801 0.772518 0.621182 0.851578 0.968869 0.828356
0.389875 0.000000 0.596210 0.839722 0.640563 0.672866 0.831323 0.665688 0.901581 0.619941 0.681810 0.360883 0.688737 0.483829 0.551142 0.605313 0.320170 0.290045 0.384112 0.334455 0.792737 0.974446 0.550032 0.950987 0.789552 0.556354 0.908527 0.920851 0.367056 0.360889 0.927905 0.903909 0.798902 0.819357 0.694285 0.892986 0.769320 0.997919 0.926552 0.866787 0.900699 0.806286 0.879122 0.727736 0.693725 0.515889 0.660832 0.638512 0.315234 0.390450 0.592466 0.627328 0.745635 0.896547 0.730338 0.777106 0.269525 0.260671 0.810754 0.724196 0.903115 0.666007 0.638388 0.482615 0.681375 0.649813 0.623397 0.628517 0.514185 0.436108 0.929141 0.751365 0.965761 0.919069 0.860693 0.963565 0.773218 0.946456 0.708066 0.629653 0.388980 0.416297 0.441296 0.556985 0.615764 0.996854 0.910031 0.818706 0.844931 0.787730 0.652118 0.660799 0.610888 0.466547 0.904446 0.913248 0.864041 0.911614 0.900343 0.793131 0.786523 0.707412 0.962358 0.882270 0.924759 0.963478 0.916223 0.671967 0.892467 0.962531 0.960690 0.743999 0.597398 0.786153 0.996462 0.852581
0.876160 0.596210 0.000000 0.418174 0.975281 0.583864 0.424590 0.740338 0.876059 0.879028 0.968506 0.756102 0.850069 0.931620 0.936696 0.995866 0.731628 0.689039 0.992778 0.816011 0.630542 0.854585 0.866755 0.751713 0.612830 0.467730 0.964241 0.951797 0.752886 0.746906 0.616886 0.615359 0.643051 0.715578 0.572269 0.690192 0.938649 0.787940 0.739980 0.978880 0.893177 0.926490 0.829684 0.948984 0.956536 0.893952 0.728514 0.875750 0.629271 0.703846 0.993076 0.902171 0.983564 0.898665 0.800342 0.959268 0.678321 0.620811 0.904204 0.940252 0.618883 0.972336 0.909820 0.816496 0.460909 0.468460 0.372999 0.449664 0.920431 0.852984 0.684622 0.680002 0.687318 0.768595 0.932805 0.984430 0.979277 0.937669 0.982719 0.977600 0.887725 0.990412 0.816583 0.864323 0.855219 0.648050 0.938177 0.895861 0.841163 0.768148 0.683290 0.805370 0.640765 0.645589 0.890460 0.947611 0.670691 0.977353 0.941650 0.862272 0.755096 0.828160 0.897441 0.995168 0.741380 0.786855 0.739906 0.879799 0.872811 0.824061 0.910936 0.976244 0.978228 0.926903 0.950984 0.974952
0.901335 0.839722 0.418174 0.000000 0.961061 0.809478 0.621122 0.645807 0.911466 0.797134 0.895972 0.866416 0.990777 0.804774 0.968754 0.818959 0.889429 0.907729 0.946220 0.961756 0.689866 0.812671 0.810561 0.571719 0.457687 0.404851 0.771488 0.826867 0.860573 0.884904 0.676225 0.615646 0.775553 0.776010 0.593923 0.627472 0.872947 0.797982 0.683692 0.850138 0.799670 0.969453 0.708970 0.793481 0.814281 0.883300 0.588478 0.729626 0.839371 0.947260 0.831716 0.883777 0.838192 0.847786 0.761112 0.946552 0.868939 0.799046 0.890235 0.991943 0.949465 0.921555 0.957282 0.724804 0.418971 0.360462 0.461428 0.464112 0.950336 0.861666 0.750620 0.728369 0.717939 0.813348 0.982285 0.914149 0.803655 0.823292 0.905016 0.845750 0.996141 0.811082 0.909327 0.899775 0.690477 0.448458 0.973296 0.765192 0.986232 0.740341 0.776931 0.968091 0.695870 0.793471 0.895620 0.822820 0.785887 0.884465 0.980915 0.880172 0.832923 0.943147 0.947840 0.903681 0.728809 0.768198 0.801133 0.996386 0.885793 0.990359 0.849492 0.991063 0.889671 0.876542 0.948212 0.953694
0.586234 0.640563 0.975281 0.961061 0.000000 0.896478 0.965173 0.786670 0.938679 0.911829 0.763532 0.662760 0.663837 0.617248 0.694283 0.677320 0.670789 0.733391 0.658568 0.629586 0.963316 0.956021 0.613136 0.699197 0.957883 0.816381 0.721458 0.935202 0.727203 0.768118 0.940567 0.964650 0.864622 0.982507 0.933801 0.915653 0.940266 0.997558 0.880675 0.997944 0.905829 0.950628 0.949504 0.985682 0.939059 0.902359 0.854239 0.904420 0.750755 0.814531 0.931987 0.998965 0.942211 0.719681 0.707820 0.973766 0.614020 0.639805 0.792920 0.807039 0.920055 0.649702 0.817457 0.748261 0.990343 0.988429 0.935856 0.815239 0.666849 0.646187 0.978566 0.829137 0.994821 0.941042 0.966248 0.885387 0.963605 0.805023 0.983928 0.980935 0.677586 0.609764 0.650203 0.684682 0.665475 0.830467 0.752670 0.689909 0.752396 0.656275 0.851089 0.732084 0.812166 0.699818 0.808745 0.986288 0.936666 0.982913 0.978831 0.995258 0.985372 0.813522 0.926696 0.969017 0.996288 0.953628 0.974648 0.700169 0.897629 0.784232 0.912053 0.935127 0.895907 0.900472 0.822352 0.931492
0.838356 0.672866 0.583864 0.809478 0.896478 0.000000 0.595487 0.929510 0.786013 0.982127 0.921356 0.799317 0.877419 0.946601 0.992778 0.992738 0.774316 0.774992 0.884525 0.776008 0.649568 0.953321 0.986282 0.904070 0.865700 0.703149 0.994432 0.860481 0.747735 0.773931 0.791665 0.832419 0.836402 0.867867 0.792343 0.859090 0.928348 0.947899 0.797417 0.798742 0.849665 0.948527 0.943591 0.882812 0.892546 0.762517 0.983211 0.916414 0.700834 0.686570 0.843036 0.798376 0.867421 0.977316 0.954739 0.958935 0.701352 0.677038 0.955812 0.963885 0.703471 0.927415 0.937984 0.898662 0.836286 0.777652 0.630494 0.758109 0.780827 0.826495 0.750355 0.767770 0.956645 0.765533 0.768106 0.890306 0.961155 0.929043 0.931283 0.983159 0.917302 0.930198 0.782058 0.853497 0.968872 0.917968 0.889870 0.925762 0.955975 0.963587 0.740688 0.791771 0.779330 0.708673 0.884645 0.956817 0.845846 0.946922 0.940964 0.969963 0.901049 0.961392 0.894231 0.971066 0.753701 0.942288 0.649753 0.923107 0.977921 0.916342 0.978407 0.968414 0.841192 0.880935 0.917681 0.997815
0.847717 0.831323 0.424590 0.621122 0.965173 0.595487 0.000000 0.466469 0.644843 0.703570 0.754898 0.994143 0.619463 0.807995 0.858683 0.918381 0.973414 0.937755 0.760651 0.995630 0.684336 0.838395 0.659617 0.943612 0.962206 0.740908 0.898937 0.962269 0.884774 0.916392 0.375273 0.498578 0.422893 0.436518 0.662923 0.746431 0.912538 0.838399 0.918934 0.849533 0.978392 0.989655 0.798102 0.835999 0.757090 0.927866 0.723013 0.845372 0.887514 0.899727 0.814317 0.904497 0.885556 0.838794 0.869542 0.983464 0.887479 0.895795 0.595903 0.634840 0.380141 0.885438 0.521387 0.766597 0.824386 0.786710 0.460626 0.520872 0.943186 0.880860 0.584298 0.535976 0.553142 0.567304 0.888166 0.918390 0.805053 0.820085 0.795740 0.873116 0.873244 0.922624 0.867134 0.893044 0.936366 0.934123 0.878152 0.919149 0.784924 0.847575 0.576163 0.677400 0.698542 0.807562 0.836011 0.910966 0.691577 0.818035 0.588880 0.642554 0.650821 0.662799 0.622324 0.662693 0.659019 0.675155 0.795346 0.921224 0.913967 0.806890 0.868277 0.850649 0.854542 0.831354 0.975718 0.948406
0.551985 0.665688 0.740338 0.645807 0.786670 0.929510 0.466469 0.000000 0.822475 0.563508 0.660774 0.576509 0.541922 0.491434 0.677599 0.673387 0.575408 0.637075 0.463513 0.582437 0.950766 0.938031 0.475429 0.921956 0.918407 0.998883 0.954751 0.899835 0.525697 0.571312 0.519514 0.528649 0.473672 0.497373 0.841105 0.942062 0.870551 0.849422 0.964927 0.999660 0.968959 0.864698 0.611096 0.635986 0.513739 0.537034 0.510123 0.603285 0.636411 0.600442 0.495483 0.540933 0.619446 0.788521 0.717538 0.885058 0.636657 0.630451 0.617122 0.525091 0.615554 0.621274 0.427891 0.547524 0.976078 0.907690 0.738266 0.738243 0.682350 0.612890 0.602366 0.676891 0.531616 0.679164 0.877329 0.950353 0.579834 0.848529 0.680073 0.690327 0.582931 0.647807 0.757036 0.889112 0.744008 0.908471 0.970012 0.906462 0.765378 0.732605 0.750679 0.878471 0.848049 0.912534 0.824909 0.788844 0.754211 0.765228 0.555828 0.458824 0.686765 0.803023 0.684321 0.698870 0.636328 0.664764 0.889312 0.927271 0.985986 0.904139 0.709351 0.672569 0.521389 0.621472 0.950813 0.897736
0.922254 0.901581 0.876059 0.911466 0.938679 0.786013 0.644843 0.822475 0.000000 0.680018 0.697742 0.888350 0.684879 0.966437 0.912063 0.979622 0.949047 0.855573 0.957304 0.847024 0.991731 0.952289 0.933645 0.718968 0.745945 0.933945 0.822263 0.925952 0.975070 0.941744 0.896781 0.959998 0.933697 0.896178 0.966374 0.900364 0.860715 0.884388 0.837987 0.946908 0.876975 0.956719 0.912377 0.973245 0.990848 0.996135 0.937939 0.993499 0.950137 0.972365 0.960422 0.959465 0.972743 0.915971 0.979882 0.971897 0.813966 0.916011 0.608185 0.686421 0.487911 0.682285 0.734242 0.781740 0.979750 0.995735 0.828083 0.848872 0.955065 0.841675 0.962501 0.805996 0.928275 0.823759 0.881757 0.886957 0.853914 0.908926 0.986030 0.929529 0.962165 0.807102 0.666794 0.797798 0.847193 0.774627 0.952698 0.774927 0.735300 0.971639 0.770065 0.711616 0.843353 0.780407 0.806662 0.961329 0.980406 0.977428 0.742492 0.763585 0.748187 0.808534 0.676380 0.744621 0.915277 0.904594 0.829779 0.780676 0.944221 0.843242 0.942277 0.852780 0.917809 0.906589 0.870916 0.882997
0.599018 0.619941 0.879028 0.797134 0.911829 0.982127 0.703570 0.563508 0.680018 0.000000 0.594608 0.575532 0.603982 0.741681 0.642656 0.816334 0.620892 0.630248 0.600793 0.689910 0.935997 0.979875 0.645570 0.754720 0.530657 0.610707 0.783935 0.972398 0.503602 0.509937 0.752749 0.767419 0.626991 0.662089 0.719019 0.906258 0.998218 0.873202 0.769680 0.783945 0.955614 0.879882 0.922817 0.819793 0.677413 0.685306 0.820072 0.860417 0.536530 0.639631 0.660214 0.675041 0.743292 0.908230 0.963817 0.943611 0.704454 0.592205 0.566857 0.595841 0.676430 0.799486 0.406826 0.390345 0.536422 0.554490 0.832837 0.806190 0.734085 0.571440 0.859349 0.893439 0.770284 0.820603 0.751263 0.878113 0.726906 0.951249 0.630269 0.640936 0.577626 0.831191 0.867231 0.948067 0.945548 0.642183 0.876790 0.845188 0.823961 0.990061 0.997660 0.917533 0.888260 0.734302 0.996846 0.875079 0.971589 0.898834 0.655289 0.651038 0.944983 0.863382 0.697640 0.691042 0.979735 0.936566 0.932552 0.965511 0.888438 0.934043 0.913058 0.831337 0.720452 0.844968 0.995674 0.868212
0.411130 0.681810 0.968506 0.895972 0.763532 0.921356 0.754898 0.660774 0.697742 0.594608 0.000000 0.539667 0.450284 0.751306 0.723503 0.855791 0.590797 0.665742 0.647735 0.594586 0.910657 0.929955 0.728870 0.831565 0.716206 0.772727 0.910991 0.918435 0.604203 0.668525 0.895380 0.914990 0.642195 0.786975 0.871526 0.995638 0.798634 0.866186 0.982995 0.884621 0.755675 0.848411 0.781967 0.898179 0.991200 0.913492 0.939059 0.979185 0.791591 0.790388 0.908090 0.930354 0.911150 0.829301 0.879682 0.878407 0.667079 0.607813 0.447230 0.482235 0.502959 0.564364 0.462190 0.448084 0.839854 0.847482 0.961948 0.932282 0.519718 0.516285 0.764495 0.855802 0.857517 0.970317 0.735789 0.863588 0.841711 0.978783 0.897324 0.732777 0.573877 0.675426 0.949237 0.860637 0.877688 0.779994 0.972041 0.881373 0.639228 0.734311 0.985935 0.970169 0.969154 0.894404 0.979450 0.969269 0.966614 0.966962 0.734929 0.739995 0.910600 0.965367 0.695697 0.704365 0.813702 0.844411 0.901907 0.900053 0.926965 0.838183 0.934923 0.833156 0.763381 0.901594 0.936040 0.950825
0.301083 0.360883 0.756102 0.866416 0.662760 0.799317 0.994143 0.576509 0.888350 0.575532 0.539667 0.000000 0.417516 0.425534 0.446633 0.533152 0.425546 0.469077 0.436802 0.403397 0.879238 0.933508 0.498573 0.967162 0.678587 0.569517 0.968645 0.933588 0.417791 0.498220 0.971172 0.941044 0.788935 0.865616 0.796500 0.821063 0.809641 0.980800 0.894361 0.958808 0.874638 0.933982 0.936688 0.984924 0.897974 0.709199 0.778271 0.819418 0.465021 0.577162 0.757486 0.774883 0.850573 0.802807 0.774827 0.921591 0.419099 0.353603 0.609653 0.566346 0.773499 0.438493 0.512598 0.422829 0.764649 0.775426 0.728880 0.679949 0.422009 0.458663 0.972503 0.922098 0.960132 0.930203 0.813924 0.945796 0.828678 0.860524 0.780664 0.738441 0.468933 0.534417 0.608173 0.692559 0.619306 0.932118 0.772116 0.828297 0.717826 0.659149 0.781086 0.741860 0.717692 0.583502 0.993224 0.960992 0.896357 0.980501 0.868403 0.754513 0.948587 0.774616 0.959910 0.915853 0.960706 0.935734 0.979685 0.702785 0.893927 0.978359 0.905797 0.769335 0.669142 0.879849 0.942185 0.827693
0.390745 0.688737 0.850069 0.990777 0.663837 0.877419 0.619463 0.541922 0.684879 0.603982 0.450284 0.417516 0.000000 0.463803 0.491892 0.576680 0.684607 0.788336 0.530972 0.598767 0.926068 0.935578 0.475459 0.879211 0.778670 0.760367 0.949671 0.965881 0.611589 0.667006 0.775627 0.776218 0.614085 0.716406 0.965008 0.946011 0.833077 0.941271 0.970888 0.975248 0.886338 0.965547 0.937247 0.961557 0.936040 0.866143 0.766981 0.875697 0.764789 0.845689 0.838473 0.935993 0.898419 0.848982 0.708648 0.975859 0.710827 0.649071 0.498963 0.573501 0.426782 0.489989 0.438374 0.500842 0.931724 0.934560 0.993278 0.914597 0.514874 0.583806 0.777154 0.947427 0.789541 0.962117 0.815783 0.964689 0.879560 0.888520 0.863538 0.870312 0.633273 0.689137 0.798396 0.794730 0.662905 0.978212 0.828828 0.812131 0.543697 0.684942 0.957398 0.883878 0.851714 0.780643 0.958376 0.990715 0.957364 0.978251 0.782545 0.766564 0.859568 0.952994 0.815944 0.876915 0.882503 0.866775 0.820013 0.756442 0.910297 0.759495 0.947710 0.858670 0.816966 0.922796 0.881284 0.880683
0.478787 0.483829 0.931620 0.804774 0.617248 0.946601 0.807995 0.491434 0.966437 0.741681 0.751306 0.425534 0.463803 0.000000 0.433551 0.363992 0.588684 0.587869 0.374272 0.425390 0.913606 0.966561 0.341623 0.590880 0.950010 0.841094 0.868322 0.867038 0.561135 0.530653 0.806557 0.627315 0.669647 0.710347 0.945352 0.982561 0.859386 0.986517 0.840051 0.802814 0.927015 0.977825 0.733056 0.736898 0.734791 0.611619 0.525190 0.629053 0.555814 0.640967 0.622045 0.717282 0.723439 0.975613 0.609026 0.909421 0.565572 0.569054 0.879065 0.818492 0.845546 0.601267 0.646089 0.685816 0.969567 0.938097 0.861663 0.887887 0.599767 0.620479 0.979948 0.866770 0.786188 0.985134 0.850618 0.969179 0.776623 0.960058 0.799243 0.706756 0.548972 0.455362 0.464636 0.644630 0.434264 0.685544 0.861987 0.596255 0.839999 0.666946 0.749586 0.601357 0.701142 0.537042 0.936384 0.914692 0.980177 0.908732 0.977711 0.827750 0.908646 0.759917 0.956629 0.936520 0.930295 0.931235 0.799614 0.674542 0.991302 0.888749 0.991644 0.840835 0.700641 0.834404 0.969548 0.870400
0.510789 0.551142 0.936696 0.968754 0.694283 0.992778 0.858683 0.677599 0.912063 0.642656 0.723503 0.446633 0.491892 0.433551 0.000000 0.485050 0.586965 0.608981 0.493133 0.521441 0.975345 0.958345 0.542168 0.845504 0.894035 0.754322 0.885655 0.932519 0.589258 0.553964 0.843856 0.776722 0.751623 0.725714 0.905595 0.960929 0.828607 0.939724 0.994231 0.981097 0.891842 0.904442 0.889174 0.817374 0.813463 0.705335 0.679699 0.675285 0.600320 0.670603 0.702940 0.757593 0.844754 0.933987 0.721712 0.930757 0.653062 0.613442 0.730715 0.715791 0.777867 0.628637 0.611451 0.600574 0.900935 0.912255 0.839753 0.807144 0.525231 0.632464 0.997978 0.879062 0.855867 0.954367 0.798510 0.997874 0.905658 0.923932 0.731899 0.674563 0.570177 0.582387 0.604174 0.717180 0.599871 0.887872 0.771897 0.739307 0.686060 0.730994 0.722245 0.710209 0.643536 0.593207 0.925866 0.814983 0.970787 0.856064 0.954762 0.815722 0.935671 0.709563 0.954925 0.947544 0.982164 0.953929 0.982760 0.673668 0.880341 0.848487 0.961603 0.792668 0.841248 0.825686 0.897228 0.981902
0.622954 0.605313 0.995866 0.818959 0.677320 0.992738 0.918381 0.673387 0.979622 0.816334 0.855791 0.533152 0.576680 0.363992 0.485050 0.000000 0.723024 0.714614 0.552836 0.610574 0.839635 0.902420 0.444529 0.492035 0.887613 0.898449 0.854460 0.762362 0.716672 0.694313 0.940121 0.794190 0.895879 0.923573 0.865254 0.908449 0.961627 0.864678 0.825150 0.914018 0.979544 0.892195 0.928848 0.915528 0.932464 0.775091 0.680819 0.839646 0.634171 0.773979 0.835903 0.892218 0.932547 0.841154 0.674383 0.957578 0.771662 0.707216 0.964240 0.952785 0.970492 0.654433 0.861282 0.895443 0.937728 0.857626 0.806426 0.796905 0.731865 0.768885 0.913092 0.868707 0.980192 0.919836 0.819824 0.997217 0.943041 0.800139 0.878950 0.720388 0.711469 0.600804 0.533287 0.664938 0.496221 0.601865 0.833109 0.609785 0.874060 0.705352 0.630051 0.620693 0.665790 0.550877 0.975713 0.956044 0.913649 0.913135 0.854434 0.987729 0.848189 0.631300 0.702094 0.726271 0.996116 0.940745 0.818461 0.612427 0.928198 0.965200 0.859376 0.998274 0.944187 0.980012 0.918006 0.897551
0.423833 0.320170 0.731628 0.889429 0.670789 0.774316 0.973414 0.575408 0.949047 0.620892 0.590797 0.425546 0.684607 0.588684 0.586965 0.723024 0.000000 0.308483 0.443306 0.369927 0.801263 0.939178 0.627631 0.946271 0.807786 0.625255 0.961000 0.994080 0.367533 0.353835 0.884791 0.825742 0.713309 0.715874 0.817450 0.866866 0.818508 0.995419 0.878907 0.887852 0.851738 0.858554 0.851686 0.739527 0.662467 0.536265 0.677933 0.660128 0.428168 0.436078 0.577827 0.583585 0.709193 0.988972 0.750348 0.811680 0.332653 0.329770 0.746878 0.607398 0.957191 0.688548 0.522821 0.404372 0.708617 0.710445 0.772548 0.776130 0.579092 0.440147 0.857044 0.955130 0.924730 0.988781 0.785280 0.900060 0.739704 0.988770 0.567940 0.578727 0.338863 0.444801 0.578817 0.620860 0.734648 0.914041 0.939233 0.901476 0.759963 0.783004 0.819201 0.766474 0.725178 0.565994 0.971655 0.935088 0.931547 0.975273 0.817781 0.680389 0.957859 0.811538 0.839636 0.732915 0.971050 0.929507 0.918918 0.694147 0.909666 0.940521 0.910375 0.725927 0.545428 0.723854 0.884788 0.836012
0.432167 0.290045 0.689039 0.907729 0.733391 0.774992 0.937755 0.637075 0.855573 0.630248 0.665742 0.469077 0.788336 0.587869 0.608981 0.714614 0.308483 0.000000 0.390703 0.359740 0.860162 0.998750 0.593600 0.977602 0.845650 0.650432 0.942593 0.978254 0.372903 0.345183 0.949665 0.816556 0.705445 0.692156 0.765295 0.975947 0.765593 0.998376 0.933856 0.913967 0.847375 0.819023 0.851228 0.698449 0.643950 0.523888 0.653363 0.645366 0.402977 0.430526 0.584288 0.596087 0.707821 0.976260 0.781692 0.780383 0.290112 0.297672 0.799412 0.659163 0.930771 0.803049 0.570923 0.454922 0.696297 0.684209 0.756205 0.759434 0.558139 0.471033 0.953721 0.954474 0.945984 0.983240 0.850498 0.901554 0.774626 0.938026 0.598119 0.507738 0.325402 0.391630 0.501138 0.566957 0.699249 0.975284 0.959290 0.828544 0.853475 0.797746 0.774146 0.737132 0.714893 0.538644 0.996619 0.928359 0.900355 0.895030 0.862531 0.775673 0.806160 0.785161 0.938910 0.786956 0.970031 0.950576 0.907889 0.666769 0.906490 0.951904 0.918949 0.753143 0.508379 0.740520 0.994968 0.817241
0.353111 0.384112 0.992778 0.946220 0.658568 0.884525 0.760651 0.463513 0.957304 0.600793 0.647735 0.436802 0.530972 0.374272 0.493133 0.552836 0.443306 0.390703 0.000000 0.331364 0.969214 0.937443 0.351667 0.858827 0.895013 0.708179 0.999762 0.974572 0.383206 0.382028 0.748135 0.641756 0.503721 0.544372 0.934765 0.948040 0.758806 0.907358 0.971726 0.943938 0.999248 0.867520 0.778348 0.706786 0.666941 0.585655 0.525343 0.617839 0.493211 0.568852 0.600138 0.699770 0.763843 0.948915 0.693370 0.939187 0.377048 0.397844 0.662297 0.657263 0.813412 0.720991 0.467947 0.468070 0.836852 0.811270 0.917903 0.857438 0.467621 0.456974 0.858953 0.971663 0.739002 0.914242 0.879765 0.993606 0.801599 0.978484 0.708579 0.633888 0.431339 0.407308 0.495109 0.646611 0.576609 0.894218 0.980491 0.704495 0.768769 0.698292 0.874009 0.791616 0.749011 0.589301 0.967671 0.863298 0.958310 0.824733 0.759324 0.693296 0.956567 0.833158 0.860808 0.794364 0.918800 0.875148 0.997086 0.696863 0.913269 0.934477 0.927965 0.752572 0.557139 0.733972 0.957883 0.838976
0.361049 0.334455 0.816011 0.961756 0.629586 0.776008 0.995630 0.582437 0.847024 0.689910 0.594586 0.403397 0.598767 0.425390 0.521441 0.610574 0.369927 0.359740 0.331364 0.000000 0.850527 0.935953 0.470989 0.887576 0.822250 0.647323 0.982802 0.942667 0.423984 0.384282 0.895705 0.811582 0.661581 0.739298 0.851733 0.964162 0.789482 0.907631 0.968704 0.867492 0.988207 0.771216 0.819199 0.767706 0.710347 0.614212 0.645395 0.642869 0.479041 0.491572 0.619135 0.674053 0.715751 0.957765 0.712008 0.978670 0.305377 0.336844 0.716401 0.660038 0.950527 0.709843 0.589987 0.504292 0.746185 0.736309 0.796146 0.751888 0.437936 0.481069 0.911010 0.910346 0.852064 0.921029 0.820377 0.952255 0.762285 0.990692 0.731600 0.715825 0.448857 0.450246 0.538907 0.629123 0.666268 0.995312 0.949544 0.815707 0.831167 0.681677 0.799469 0.736458 0.750957 0.543220 0.997680 0.915858 0.994018 0.840240 0.823429 0.708340 0.906311 0.820785 0.887938 0.828118 0.920255 0.877728 0.975160 0.784301 0.986067 0.913010 0.840928 0.737013 0.589209 0.733919 0.984187 0.905168
0.921697 0.792737 0.630542 0.689866 0.963316 0.649568 0.684336 0.950766 0.991731 0.935997 0.910657 0.879238 0.926068 0.913606 0.975345 0.839635 0.801263 0.860162 0.969214 0.850527 0.000000 0.954308 0.796540 0.686820 0.666491 0.640467 0.816698 0.970370 0.828170 0.829508 0.739097 0.745247 0.866939 0.857547 0.767518 0.895585 0.908462 0.996955 0.748254 0.892456 0.824168 0.907166 0.995978 0.943710 0.922367 0.883290 0.849286 0.957533 0.808411 0.708473 0.957006 0.863471 0.950703 0.988576 0.924285 0.998459 0.810115 0.750017 0.917000 0.921280 0.902236 0.906320 0.988368 0.817075 0.746768 0.705650 0.767785 0.813753 0.890990 0.882907 0.796656 0.912053 0.788961 0.787413 0.915774 0.808079 0.831263 0.938866 0.984974 0.943740 0.985277 0.897757 0.967790 0.939280 0.838988 0.686241 0.948132 0.666012 0.928057 0.902812 0.933607 0.927254 0.912802 0.980913 0.888999 0.879156 0.916735 0.841681 0.868258 0.797888 0.990126 0.899893 0.815294 0.914658 0.990886 0.831383 0.743672 0.897029 0.849117 0.957174 0.881899 0.771522 0.869098 0.843010 0.933879 0.861770
0.997398 0.974446 0.854585 0.812671 0.956021 0.953321 0.838395 0.938031 0.952289 0.979875 0.929955 0.933508 0.935578 0.966561 0.958345 0.902420 0.939178 0.998750 0.937443 0.935953 0.954308 0.000000 0.967230 0.929582 0.935423 0.869511 0.802491 0.977550 0.961309 0.885441 0.728219 0.888960 0.738177 0.814009 0.866725 0.738567 0.750187 0.737921 0.873828 0.916270 0.933571 0.862012 0.888722 0.894320 0.860374 0.956488 0.877867 0.841650 0.907917 0.984931 0.805881 0.862797 0.835345 0.791159 0.909141 0.890143 0.996108 0.946170 0.889541 0.988656 0.942810 0.907592 0.894957 0.965308 0.960309 0.983861 0.835699 0.914400 0.918337 0.993361 0.837483 0.917003 0.921286 0.821271 0.912008 0.987326 0.890415 0.788844 0.852599 0.956242 0.922288 0.938264 0.945710 0.997709 0.921598 0.936464 0.949551 0.832562 0.989057 0.943082 0.758257 0.896753 0.880953 0.926232 0.866964 0.914083 0.947999 0.832828 0.824274 0.880179 0.848214 0.866454 0.658005 0.819224 0.887489 0.826624 0.967157 0.804058 0.967943 0.832266 0.823728 0.890104 0.922824 0.851892 0.975661 0.772260
0.451047 0.550032 0.866755 0.810561 0.613136 0.986282 0.659617 0.475429 0.933645 0.645570 0.728870 0.498573 0.475459 0.341623 0.542168 0.444529 0.627631 0.593600 0.351667 0.470989 0.796540 0.967230 0.000000 0.608767 0.959706 0.867561 0.909426 0.903406 0.531681 0.522882 0.694863 0.554145 0.553455 0.629345 0.969522 0.990256 0.900281 0.912676 0.933640 0.949935 0.910767 0.936684 0.863556 0.853351 0.771226 0.755868 0.608717 0.791487 0.599997 0.800510 0.763635 0.877433 0.897470 0.875752 0.731976 0.948601 0.562592 0.560233 0.773334 0.752116 0.759841 0.749918 0.553776 0.617462 0.941509 0.947943 0.956432 0.885160 0.601588 0.613585 0.836471 0.957721 0.740279 0.873994 0.868301 0.950865 0.896097 0.934031 0.774442 0.696791 0.534596 0.487549 0.522832 0.666282 0.518098 0.770843 0.904715 0.590129 0.873591 0.708543 0.856033 0.789115 0.787559 0.572317 0.999119 0.924533 0.929558 0.942702 0.876491 0.866652 0.919618 0.810176 0.954424 0.959829 0.964966 0.923811 0.901711 0.659505 0.945619 0.899282 0.962676 0.917566 0.689099 0.939883 0.855174 0.796890
0.997863 0.950987 0.751713 0.571719 0.699197 0.904070 0.943612 0.921956 0.718968 0.754720 0.831565 0.967162 0.879211 0.590880 0.845504 0.492035 0.946271 0.977602 0.858827 0.887576 0.686820 0.929582 0.608767 0.000000 0.518575 0.699131 0.655258 0.723029 0.883025 0.962943 0.958731 0.769811 0.955023 0.951805 0.821996 0.944144 0.989144 0.843252 0.573966 0.823381 0.779465 0.747568 0.888951 0.944884 0.997579 0.969592 0.728877 0.949243 0.963036 0.915283 0.962282 0.860859 0.902624 0.836655 0.720340 0.999719 0.982435 0.937977 0.737557 0.733483 0.849769 0.975630 0.795241 0.679003 0.618604 0.606548 0.934415 0.942779 0.991339 0.917517 0.911312 0.858502 0.988567 0.893172 0.971371 0.987068 0.968050 0.818250 0.945123 0.939906 0.990229 0.735973 0.671538 0.638644 0.497656 0.373834 0.842441 0.447635 0.957996 0.749553 0.800653 0.670245 0.845584 0.792611 0.909190 0.959008 0.940514 0.998157 0.708110 0.787596 0.757039 0.737409 0.583168 0.560096 0.952049 0.949636 0.756539 0.744886 0.882927 0.976358 0.878508 0.892222 0.889975 0.822849 0.803834 0.987618
0.713326 0.789552 0.612830 0.457687 0.957883 0.865700 0.962206 0.918407 0.745945 0.530657 0.716206 0.678587 0.778670 0.950010 0.894035 0.887613 0.807786 0.845650 0.895013 0.822250 0.666491 0.935423 0.959706 0.518575 0.000000 0.415295 0.701089 0.857030 0.631902 0.728917 0.944684 0.824607 0.995037 0.988144 0.605857 0.706272 0.961965 0.886977 0.571559 0.704853 0.788860 0.867265 0.805072 0.853132 0.930236 0.956848 0.709647 0.823627 0.773925 0.851161 0.994192 0.941388 0.991211 0.990398 0.728400 0.797542 0.789200 0.670325 0.624650 0.666960 0.764407 0.888301 0.671385 0.509083 0.406322 0.386767 0.675322 0.645527 0.803320 0.698984 0.987864 0.989317 0.990829 0.947403 0.939520 0.948019 0.933909 0.976488 0.916940 0.933726 0.913273 0.853345 0.888341 0.858347 0.640502 0.348187 0.908376 0.686853 0.924765 0.805970 0.983058 0.788994 0.911905 0.906195 0.938698 0.947884 0.932038 0.988442 0.686273 0.808024 0.952055 0.828714 0.719659 0.698264 0.917618 0.962117 0.796681 0.868941 0.882974 0.892187 0.883355 0.804505 0.890377 0.999628 0.941682 0.880445
0.601267 0.556354 0.467730 0.404851 0.816381 0.703149 0.740908 0.998883 0.933945 0.610707 0.772727 0.569517 0.760367 0.841094 0.754322 0.898449 0.625255 0.650432 0.708179 0.647323 0.640467 0.869511 0.867561 0.699131 0.415295 0.000000 0.854333 0.872310 0.590349 0.611874 0.758219 0.806976 0.921755 0.897157 0.520188 0.674534 0.992948 0.817788 0.649760 0.885159 0.929226 0.976546 0.804080 0.882769 0.935894 0.939027 0.824573 0.924859 0.639722 0.730012 0.985824 0.949086 0.988140 0.862645 0.895519 0.874233 0.591351 0.489178 0.781044 0.778401 0.982706 0.843370 0.742509 0.506654 0.384347 0.371292 0.429067 0.430400 0.749095 0.688784 0.862505 0.816353 0.852568 0.772418 0.952957 0.921814 0.979416 0.882878 0.907932 0.989510 0.747208 0.917174 0.841711 0.917601 0.866020 0.522334 0.983782 0.874737 0.946967 0.902104 0.714453 0.836272 0.639224 0.596393 0.832676 0.946136 0.753306 0.948305 0.876880 0.971209 0.902027 0.845981 0.942493 0.870614 0.772971 0.902779 0.815196 0.864080 0.863394 0.970376 0.922064 0.929540 0.885008 0.958361 0.986794 0.955446
0.985943 0.908527 0.964241 0.771488 0.721458 0.994432 0.898937 0.954751 0.822263 0.783935 0.910991 0.968645 0.949671 0.868322 0.885655 0.854460 0.961000 0.942593 0.999762 0.982802 0.816698 0.802491 0.909426 0.655258 0.701089 0.854333 0.000000 0.804871 0.941046 0.909855 0.817040 0.895833 0.921316 0.871523 0.994702 0.918452 0.888144 0.979815 0.774779 0.790588 0.941352 0.910435 0.969708 0.945341 0.987714 0.933513 0.930686 0.990631 0.830337 0.919827 0.970082 0.912574 0.890056 0.772051 0.817909 0.834339 0.925663 0.958475 0.853941 0.932703 0.813533 0.835320 0.834103 0.832069 0.746885 0.741205 0.962941 0.995939 0.984070 0.968520 0.833625 0.814078 0.832845 0.909716 0.995028 0.890910 0.957658 0.808584 0.971456 0.977575 0.946113 0.811829 0.771616 0.758622 0.682214 0.610707 0.810158 0.646234 0.911997 0.804684 0.869779 0.809894 0.969573 0.988926 0.863813 0.833169 0.899961 0.966626 0.777803 0.827001 0.911394 0.847691 0.617725 0.720739 0.903025 0.819927 0.843942 0.858428 0.749913 0.935749 0.883581 0.845136 0.962211 0.799337 0.918646 0.993884
0.927412 0.920851 0.951797 0.826867 0.935202 0.860481 0.962269 0.899835 0.925952 0.972398 0.918435 0.933588 0.965881 0.867038 0.932519 0.762362 0.994080 0.978254 0.974572 0.942667 0.970370 0.977550 0.903406 0.723029 0.857030 0.872310 0.804871 0.000000 0.922554 0.973605 0.964011 0.952765 0.967515 0.911533 0.913445 0.952849 0.961952 0.957788 0.778576 0.916486 0.865402 0.821512 0.912393 0.924290 0.876013 0.906979 0.837074 0.995165 0.848688 0.981681 0.963930 0.973784 0.925838 0.919266 0.951594 0.975562 0.961875 0.954525 0.921056 0.809492 0.891244 0.954415 0.908377 0.836790 0.915196 0.875844 0.931729 0.931949 0.979942 0.979405 0.922962 0.865820 0.995243 0.947608 0.814963 0.966309 0.844928 0.823997 0.997580 0.937884 0.969879 0.986682 0.879039 0.915950 0.871322 0.795321 0.947690 0.961993 0.954913 0.898169 0.983712 0.880427 0.988013 0.899486 0.800082 0.979111 0.959564 0.779124 0.932629 0.946682 0.918404 0.872229 0.828243 0.833332 0.963916 0.835184 0.851309 0.964533 0.966665 0.904919 0.901541 0.863032 0.981175 0.961764 0.909001 0.874929
0.388743 0.367056 0.752886 0.860573 0.727203 0.747735 0.884774 0.525697 0.975070 0.503602 0.604203 0.417791 0.611589 0.561135 0.589258 0.716672 0.367533 0.372903 0.383206 0.423984 0.828170 0.961309 0.531681 0.883025 0.631902 0.590349 0.941046 0.922554 0.000000 0.321601 0.769804 0.777227 0.615578 0.594385 0.778714 0.888847 0.739152 0.954496 0.842548 0.974876 0.830375 0.839188 0.879407 0.733112 0.704509 0.593286 0.750284 0.698575 0.452092 0.505252 0.605721 0.622408 0.755181 0.995313 0.798936 0.820593 0.402886 0.350646 0.605505 0.557379 0.832182 0.701626 0.438166 0.350139 0.606306 0.619466 0.760622 0.767404 0.518335 0.384631 0.903177 0.965730 0.803491 0.904032 0.912327 0.944436 0.760885 0.934610 0.592543 0.610700 0.381947 0.493839 0.585765 0.668251 0.778069 0.858812 0.996553 0.901077 0.801911 0.862312 0.832256 0.843131 0.680909 0.559786 0.968994 0.872277 0.934845 0.890146 0.725374 0.708239 0.937258 0.981981 0.791914 0.728626 0.998126 0.935059 0.899931 0.778443 0.813190 0.978124 0.909410 0.730190 0.539585 0.780273 0.964678 0.740169
0.473547 0.360889 0.746906 0.884904 0.768118 0.773931 0.916392 0.571312 0.941744 0.509937 0.668525 0.498220 0.667006 0.530653 0.553964 0.694313 0.353835 0.345183 0.382028 0.384282 0.829508 0.885441 0.522882 0.962943 0.728917 0.611874 0.909855 0.973605 0.321601 0.000000 0.733494 0.676919 0.598897 0.574399 0.703922 0.942057 0.821610 0.969747 0.906070 0.942816 0.934206 0.859332 0.821886 0.679760 0.645490 0.592771 0.699612 0.718282 0.469601 0.539959 0.565667 0.604215 0.694914 0.909152 0.823819 0.930600 0.425531 0.406162 0.797387 0.714181 0.926784 0.867757 0.474954 0.406247 0.569563 0.601275 0.695885 0.725996 0.612720 0.470527 0.912524 0.928143 0.796035 0.880641 0.874370 0.987463 0.787775 0.881565 0.469900 0.510037 0.363867 0.461449 0.537248 0.653471 0.811512 0.867315 0.959856 0.894121 0.877619 0.967230 0.756983 0.792733 0.592086 0.471943 0.961601 0.963496 0.913154 0.894231 0.806571 0.774695 0.922671 0.903424 0.827010 0.729561 0.934581 0.926913 0.894460 0.785140 0.889574 0.920938 0.949692 0.755914 0.526979 0.716268 0.994988 0.837174
0.925545 0.927905 0.616886 0.676225 0.940567 0.791665 0.375273 0.519514 0.896781 0.752749 0.895380 0.971172 0.775627 0.806557 0.843856 0.940121 0.884791 0.949665 0.748135 0.895705 0.739097 0.728219 0.694863 0.958731 0.944684 0.758219 0.817040 0.964011 0.769804 0.733494 0.000000 0.398840 0.434106 0.346618 0.722036 0.760635 0.927590 0.901577 0.934595 0.992996 0.933592 0.952527 0.581198 0.621472 0.587122 0.729970 0.665404 0.744083 0.978509 0.952270 0.599984 0.647992 0.680356 0.582435 0.857501 0.953240 0.954213 0.938815 0.797566 0.819019 0.653975 0.888217 0.551773 0.784571 0.988190 0.931559 0.672257 0.631649 0.984451 0.927079 0.528787 0.610719 0.467743 0.525346 0.954746 0.892899 0.801842 0.648619 0.678314 0.737985 0.795364 0.876505 0.956423 0.977252 0.989552 0.966185 0.789372 0.938600 0.932131 0.959309 0.674123 0.790404 0.861603 0.961478 0.819273 0.965679 0.789696 0.826397 0.586331 0.651441 0.783746 0.642072 0.597227 0.654406 0.777616 0.719976 0.867437 0.910113 0.930985 0.900723 0.757844 0.810592 0.703495 0.751909 0.877165 0.905199
0.861419 0.903909 0.615359 0.615646 0.964650 0.832419 0.498578 0.528649 0.959998 0.767419 0.914990 0.941044 0.776218 0.627315 0.776722 0.794190 0.825742 0.816556 0.641756 0.811582 0.745247 0.888960 0.554145 0.769811 0.824607 0.806976 0.895833 0.952765 0.777227 0.676919 0.398840 0.000000 0.487445 0.438526 0.803992 0.787302 0.863597 0.978658 0.917817 0.971131 0.844285 0.968507 0.603589 0.595657 0.628896 0.720656 0.508703 0.698914 0.911675 0.956356 0.618702 0.684816 0.678538 0.723770 0.749753 0.958163 0.912586 0.954108 0.953913 0.911353 0.775370 0.979251 0.599474 0.799435 0.911200 0.879152 0.780740 0.732057 0.959757 0.871071 0.654286 0.772206 0.547527 0.553375 0.978924 0.903150 0.885568 0.771029 0.639068 0.660246 0.647364 0.658766 0.759288 0.870699 0.762464 0.789785 0.864994 0.774400 0.964176 0.944843 0.861958 0.983756 0.993779 0.837678 0.939789 0.958523 0.825212 0.903546 0.808404 0.777446 0.914662 0.852777 0.788149 0.810512 0.862174 0.726626 0.787959 0.900498 0.984382 0.886775 0.861700 0.778130 0.668453 0.808931 0.869695 0.878499
0.616333 0.798902 0.643051 0.775553 0.864622 0.836402 0.422893 0.473672 0.933697 0.626991 0.642195 0.788935 0.614085 0.669647 0.751623 0.895879 0.713309 0.705445 0.503721 0.661581 0.866939 0.738177 0.553455 0.955023 0.995037 0.921755 0.921316 0.967515 0.615578 0.598897 0.434106 0.487445 0.000000 0.336267 0.811133 0.736847 0.769324 0.817947 0.855870 0.940932 0.973777 0.895585 0.713329 0.697179 0.597724 0.679627 0.532021 0.666290 0.784800 0.846199 0.610327 0.729999 0.750721 0.889918 0.703771 0.887423 0.746102 0.760209 0.588181 0.639380 0.573086 0.896533 0.394122 0.561359 0.967408 0.985730 0.686692 0.717553 0.684585 0.640435 0.660364 0.762126 0.595407 0.627966 0.857557 0.993033 0.789695 0.847106 0.704639 0.707753 0.583435 0.609299 0.836015 0.879900 0.733986 0.961581 0.918027 0.873040 0.717425 0.750131 0.782122 0.878676 0.946833 0.912962 0.972640 0.971116 0.768891 0.755008 0.591206 0.617572 0.860047 0.813968 0.640156 0.626329 0.715802 0.689463 0.957260 0.975676 0.972179 0.844126 0.789770 0.728617 0.611935 0.704096 0.927947 0.925185
0.721834 0.819357 0.715578 0.776010 0.982507 0.867867 0.436518 0.497373 0.896178 0.662089 0.786975 0.865616 0.716406 0.710347 0.725714 0.923573 0.715874 0.692156 0.544372 0.739298 0.857547 0.814009 0.629345 0.951805 0.988144 0.897157 0.871523 0.911533 0.594385 0.574399 0.346618 0.438526 0.336267 0.000000 0.867809 0.723185 0.769461 0.854785 0.951015 0.978042 0.941932 0.931484 0.617465 0.561448 0.552256 0.618747 0.551677 0.591856 0.803046 0.758654 0.534187 0.599895 0.680545 0.740331 0.742676 0.831028 0.786811 0.802711 0.675918 0.669622 0.645437 0.983999 0.442153 0.594591 0.998418 0.969880 0.730660 0.686058 0.809956 0.716097 0.662046 0.764159 0.607698 0.589501 0.909938 0.934298 0.787051 0.703036 0.599531 0.641733 0.588587 0.644948 0.787503 0.854102 0.802922 0.943740 0.825831 0.847929 0.818792 0.908460 0.828618 0.916255 0.983946 0.877939 0.840841 0.969502 0.912019 0.778811 0.604207 0.644877 0.861964 0.800867 0.601196 0.623940 0.782996 0.696741 0.875605 0.911318 0.955198 0.872123 0.861952 0.719917 0.536071 0.683516 0.857688 0.799406
0.852770 0.694285 0.572269 0.593923 0.933801 0.792343 0.662923 0.841105 0.966374 0.719019 0.871526 0.796500 0.965008 0.945352 0.905595 0.865254 0.817450 0.765295 0.934765 0.851733 0.767518 0.866725 0.969522 0.821996 0.605857 0.520188 0.994702 0.913445 0.778714 0.703922 0.722036 0.803992 0.811133 0.867809 0.000000 0.836964 0.882979 0.768185 0.849924 0.926822 0.892639 0.918430 0.741091 0.870609 0.848067 0.982031 0.761872 0.823093 0.712914 0.819676 0.949332 0.997003 0.980880 0.848897 0.840395 0.988163 0.832199 0.726871 0.950964 0.973304 0.831547 0.992657 0.982878 0.784974 0.564057 0.563528 0.407365 0.420170 0.944758 0.780704 0.749847 0.736314 0.777246 0.801570 0.851618 0.964937 0.857178 0.917011 0.891856 0.830585 0.847804 0.912729 0.829735 0.865593 0.901655 0.751870 0.915570 0.861704 0.889774 0.789747 0.515665 0.722887 0.563028 0.632694 0.836030 0.907426 0.688961 0.763817 0.804538 0.786578 0.688142 0.803527 0.828243 0.889971 0.608137 0.711218 0.954459 0.852516 0.989958 0.954773 0.796201 0.797104 0.952166 0.843265 0.952720 0.890518
0.941666 0.892986 0.690192 0.627472 0.915653 0.859090 0.746431 0.942062 0.900364 0.906258 0.995638 0.821063 0.946011 0.982561 0.960929 0.908449 0.866866 0.975947 0.948040 0.964162 0.895585 0.738567 0.990256 0.944144 0.706272 0.674534 0.918452 0.952849 0.888847 0.942057 0.760635 0.787302 0.736847 0.723185 0.836964 0.000000 0.874658 0.646827 0.777444 0.958185 0.992528 0.949206 0.855538 0.867196 0.860835 0.961276 0.802992 0.869175 0.896659 0.956853 0.895287 0.941696 0.835441 0.874314 0.985120 0.992616 0.902609 0.881011 0.997026 0.991106 0.960432 0.877406 0.970493 0.901706 0.741105 0.754244 0.652819 0.686765 0.952144 0.936984 0.842986 0.907885 0.893046 0.803614 0.987707 0.763614 0.890114 0.747475 0.915833 0.875349 0.990306 0.870797 0.985233 0.934204 0.939116 0.821275 0.857077 0.983436 0.961568 0.872280 0.844065 0.938261 0.806541 0.807193 0.888664 0.989597 0.898074 0.829977 0.887280 0.861218 0.978752 0.814312 0.906797 0.846422 0.844166 0.904001 0.772092 0.880301 0.857584 0.983390 0.998398 0.992184 0.811758 0.881299 0.986021 0.913364
0.752949 0.769320 0.938649 0.872947 0.940266 0.928348 0.912538 0.870551 0.860715 0.998218 0.798634 0.809641 0.833077 0.859386 0.828607 0.961627 0.818508 0.765593 0.758806 0.789482 0.908462 0.750187 0.900281 0.989144 0.961965 0.992948 0.888144 0.961952 0.739152 0.821610 0.927590 0.863597 0.769324 0.769461 0.882979 0.874658 0.000000 0.739445 0.938477 0.814363 0.834775 0.910367 0.915166 0.760805 0.889486 0.810878 0.749640 0.691048 0.872512 0.824471 0.790107 0.823139 0.880645 0.932458 0.766637 0.935056 0.776419 0.823442 0.781200 0.866371 0.900889 0.829493 0.821751 0.860452 0.905387 0.988267 0.896716 0.926915 0.647973 0.678971 0.991913 0.951009 0.995048 0.895580 0.954413 0.824803 0.915532 0.974840 0.873384 0.934887 0.837693 0.752167 0.962264 0.895786 0.764817 0.911263 0.859774 0.925882 0.745025 0.695867 0.974087 0.975623 0.931036 0.975339 0.930887 0.889152 0.989023 0.846216 0.809302 0.805780 0.922544 0.959231 0.760858 0.802160 0.981557 0.819759 0.901700 0.954148 0.836866 0.779263 0.765629 0.692835 0.828427 0.791258 0.813120 0.981515
0.884137 0.997919 0.787940 0.797982 0.997558 0.947899 0.838399 0.849422 0.884388 0.873202 0.866186 0.980800 0.941271 0.986517 0.939724 0.864678 0.995419 0.998376 0.907358 0.907631 0.996955 0.737921 0.912676 0.843252 0.886977 0.817788 0.979815 0.957788 0.954496 0.969747 0.901577 0.978658 0.817947 0.854785 0.768185 0.646827 0.739445 0.000000 0.860156 0.864365 0.929142 0.721106 0.876532 0.906030 0.911713 0.969643 0.877853 0.794800 0.895697 0.944311 0.880008 0.908279 0.893435 0.886792 0.912578 0.984478 0.931754 0.952633 0.878100 0.918389 0.855303 0.855088 0.889655 0.987891 0.808262 0.800934 0.708608 0.742906 0.766669 0.971101 0.789139 0.859330 0.783013 0.798695 0.956382 0.986498 0.984516 0.814088 0.946963 0.960231 0.965541 0.936948 0.810057 0.801350 0.972743 0.977393 0.972649 0.800476 0.880237 0.822660 0.774351 0.800506 0.760920 0.679610 0.977039 0.788602 0.804463 0.777033 0.814859 0.739092 0.735409 0.893669 0.718404 0.775558 0.860691 0.919226 0.985749 0.913577 0.988556 0.895527 0.829888 0.793276 0.828880 0.646039 0.934103 0.954627
