0.000000 0.342536 0.884895 0.675474 0.928920 0.811411 0.974836 0.877745 0.560557 0.726550 0.431552 0.458070 0.566843 0.470546 0.826905 0.853267 0.489255 0.358114 0.544285 0.383425 0.729872 0.950990 0.811966 0.649590 0.808072 0.875996 0.862316 0.889869 0.819190 0.707985 0.967356 0.838635 0.641093 0.712473 0.944675 0.930928 0.926508 0.895831 0.773559 0.907663 0.888218 0.839545 0.765804 0.946868 0.896095 0.985826 0.877401 0.738047 0.950522 0.885753 0.941856 0.987556 0.803409 0.658231 0.746777 0.766328 0.293402 0.319360 0.608695 0.591098 0.856871 0.866547 0.532009 0.541178 0.908067 0.980442 0.788411 0.869054 0.401547 0.555990 0.774122 0.803860 0.758248 0.670926 0.853801 0.764622 0.962645 0.807706 0.767949 0.606233 0.420618 0.428625 0.509153 0.393546 0.478520 0.517177 0.840951 0.748405 0.796719 0.487579 0.701439 0.603966 0.803864 0.701212 0.931199 0.925985 0.941396 0.950297 0.886286 0.884074 0.915073 0.835440 0.915369 0.778066 0.954401 0.758115 0.856574 0.884789 0.865675 0.745765 0.914190 0.837008 0.917058 0.788236 0.925340 0.759797
0.342536 0.000000 0.829281 0.562491 0.906260 0.829991 0.898032 0.737794 0.724736 0.857408 0.566821 0.512308 0.688620 0.572530 0.846852 0.786409 0.538098 0.463714 0.594183 0.450872 0.851307 0.936948 0.866151 0.716553 0.823485 0.820759 0.883575 0.885062 0.811534 0.749050 0.928737 0.890116 0.696024 0.651432 0.917215 0.967088 0.860169 0.860881 0.680914 0.989340 0.957550 0.827334 0.883516 0.916249 0.883927 0.980840 0.874971 0.764932 0.956432 0.875351 0.989425 0.926062 0.870425 0.735099 0.840400 0.775121 0.293040 0.267282 0.620667 0.637685 0.863169 0.958653 0.623046 0.584601 0.861163 0.979968 0.824077 0.856527 0.448355 0.483089 0.912292 0.858111 0.772919 0.654345 0.853696 0.737006 0.851822 0.809909 0.720675 0.629199 0.446258 0.527442 0.607388 0.493364 0.634980 0.647805 0.893964 0.928105 0.857550 0.574866 0.734056 0.661631 0.844416 0.756881 0.902570 0.996850 0.985825 0.966124 0.861819 0.925649 0.813868 0.805472 0.997040 0.865376 0.977872 0.826051 0.946406 0.976532 0.965096 0.752920 0.885958 0.892392 0.999276 0.826132 0.974151 0.757768
0.884895 0.829281 0.000000 0.494233 0.969307 0.840569 0.859118 0.782124 0.723122 0.908142 0.994945 0.903967 0.629332 0.899360 0.654588 0.543457 0.834769 0.906858 0.917369 0.863335 0.750418 0.978631 0.713946 0.664681 0.502098 0.533732 0.795247 0.901903 0.972284 0.973680 0.730310 0.717460 0.984983 0.943913 0.758378 0.820461 0.660404 0.826164 0.845502 0.780562 0.839959 0.853487 0.972920 0.997439 0.804701 0.837981 0.987105 0.959796 0.781372 0.886054 0.851009 0.948274 0.809176 0.828907 0.995488 0.822274 0.888422 0.864065 0.979990 0.874993 0.844882 0.690523 0.815793 0.877172 0.454283 0.533617 0.972929 0.945928 0.762454 0.856334 0.791181 0.852719 0.860313 0.886154 0.974246 0.961643 0.761701 0.857400 0.894474 0.837451 0.898856 0.960720 0.954964 0.998876 0.946324 0.755887 0.875105 0.707661 0.797352 0.899099 0.842656 0.890770 0.848139 0.901457 0.860102 0.813722 0.815063 0.927296 0.952789 0.944078 0.622075 0.958566 0.813481 0.797061 0.951399 0.919167 0.819109 0.930864 0.845897 0.989747 0.981982 0.821104 0.964033 0.900428 0.699257 0.989270
0.675474 0.562491 0.494233 0.000000 0.988473 0.987855 0.825521 0.508953 0.962254 0.972894 0.822398 0.578214 0.693864 0.636062 0.742820 0.533836 0.872378 0.778998 0.737931 0.757067 0.670945 0.838713 0.749640 0.539379 0.527709 0.537805 0.738690 0.983213 0.974333 0.867554 0.786312 0.728806 0.836994 0.808399 0.862349 0.896938 0.594405 0.725015 0.670972 0.865352 0.920595 0.739248 0.913626 0.930999 0.722465 0.808087 0.942200 0.969776 0.753190 0.863100 0.808588 0.878459 0.744420 0.735442 0.990363 0.976328 0.583333 0.550319 0.911459 0.836513 0.876086 0.714814 0.927679 0.811624 0.612751 0.650401 0.992827 0.994889 0.596941 0.701631 0.894068 0.887869 0.982529 0.991867 0.992033 0.976966 0.778594 0.943925 0.851018 0.933435 0.957347 0.910694 0.835784 0.830236 0.963734 0.685202 0.957888 0.812183 0.827020 0.709835 0.736725 0.657278 0.861389 0.797453 0.895321 0.815459 0.995217 0.827778 0.863349 0.987686 0.711578 0.831218 0.819451 0.985451 0.860514 0.778681 0.870705 0.975283 0.950596 0.869819 0.966644 0.763911 0.927374 0.814552 0.757114 0.862104
0.928920 0.906260 0.969307 0.988473 0.000000 0.897020 0.737228 0.863553 0.914384 0.840880 0.952390 0.837753 0.777375 0.880354 0.827163 0.869848 0.981960 0.948655 0.828785 0.962947 0.957782 0.980549 0.691789 0.926817 0.982218 0.997167 0.969319 0.940858 0.843154 0.874309 0.693876 0.884962 0.828380 0.770614 0.991436 0.765712 0.992634 0.927376 0.991631 0.974699 0.896091 0.896054 0.795085 0.764491 0.809668 0.830091 0.828710 0.832240 0.870123 0.887219 0.843925 0.849928 0.764369 0.756289 0.758474 0.859684 0.757505 0.860267 0.897761 0.960011 0.749057 0.767154 0.873446 0.904168 0.922908 0.844747 0.769667 0.696412 0.885891 0.794285 0.734703 0.770149 0.780153 0.742949 0.960829 0.938788 0.938918 0.742291 0.980186 0.993031 0.927431 0.875510 0.968072 0.972427 0.873255 0.905049 0.981077 0.839750 0.748386 0.905878 0.884924 0.848125 0.972048 0.857418 0.932233 0.858876 0.907837 0.950674 0.788186 0.677789 0.767534 0.719342 0.781220 0.861822 0.717524 0.689950 0.984434 0.952879 0.942831 0.984987 0.811950 0.845208 0.934821 0.913000 0.749319 0.866170
0.811411 0.829991 0.840569 0.987855 0.897020 0.000000 0.867891 0.885426 0.671040 0.807260 0.892217 0.908586 0.991375 0.813309 0.863419 0.852285 0.775945 0.784949 0.793482 0.865874 0.912101 0.834534 0.998184 0.934659 0.969270 0.851340 0.889697 0.720636 0.963075 0.977705 0.853954 0.970864 0.894049 0.964280 0.958247 0.945714 0.881744 0.896117 0.957284 0.769020 0.718949 0.798703 0.792912 0.842320 0.981047 0.972304 0.919165 0.931279 0.958086 0.934350 0.959025 0.971589 0.903642 0.962390 0.997531 0.824010 0.737266 0.782430 0.858662 0.950418 0.940665 0.727658 0.800997 0.878396 0.913812 0.796364 0.902922 0.990072 0.861173 0.902771 0.714860 0.714243 0.648083 0.733682 0.880480 0.783509 0.868203 0.725821 0.935643 0.929552 0.783479 0.794370 0.821298 0.751238 0.794844 0.810066 0.702175 0.918583 0.960769 0.756296 0.877584 0.893333 0.983898 0.819854 0.997516 0.976636 0.799143 0.911603 0.946943 0.898983 0.967142 0.888874 0.898824 0.881289 0.963870 0.900312 0.947168 0.826897 0.883803 0.849159 0.931827 0.995371 0.957120 0.910463 0.855089 0.766748
0.974836 0.898032 0.859118 0.825521 0.737228 0.867891 0.000000 0.311841 0.749053 0.398099 0.958629 0.644758 0.648926 0.847620 0.751349 0.906130 0.758835 0.815493 0.636522 0.981403 0.901182 0.992095 0.639403 0.800730 0.647537 0.833396 0.808855 0.688168 0.620157 0.700943 0.535612 0.808370 0.519975 0.440521 0.826923 0.872537 0.904956 0.824987 0.796264 0.859459 0.840309 0.917817 0.365940 0.368960 0.448161 0.477150 0.579943 0.591163 0.515101 0.502891 0.434631 0.464408 0.473923 0.474536 0.773214 0.686282 0.954104 0.853598 0.509295 0.664716 0.294787 0.426134 0.541756 0.496816 0.889106 0.960529 0.382211 0.415612 0.890627 0.946486 0.478737 0.526892 0.746234 0.706200 0.890780 0.716867 0.483773 0.779225 0.577415 0.873356 0.883174 0.787111 0.957594 0.854053 0.978415 0.779602 0.989762 0.793635 0.890397 0.982969 0.496148 0.560342 0.603249 0.703698 0.673989 0.774197 0.605207 0.727921 0.346441 0.372746 0.641857 0.590336 0.634010 0.618363 0.612225 0.653589 0.743767 0.645240 0.803944 0.800692 0.603410 0.557603 0.432728 0.683291 0.555633 0.926992
0.877745 0.737794 0.782124 0.508953 0.863553 0.885426 0.311841 0.000000 0.823142 0.500810 0.951375 0.537733 0.661053 0.727435 0.784475 0.715055 0.765861 0.778766 0.665049 0.933835 0.965696 0.886119 0.694581 0.983065 0.887472 0.974340 0.971532 0.797834 0.779149 0.778090 0.593018 0.808292 0.607288 0.502301 0.865784 0.917060 0.933468 0.974119 0.983899 0.913803 0.811391 0.826942 0.541509 0.479878 0.697594 0.694167 0.748341 0.751576 0.748474 0.701625 0.647692 0.665971 0.678939 0.682418 0.902339 0.802260 0.783507 0.709197 0.580338 0.706224 0.406423 0.406026 0.626036 0.519968 0.962977 0.859045 0.529138 0.565656 0.998854 0.881051 0.554575 0.584751 0.827677 0.814689 0.910163 0.801052 0.555482 0.818364 0.592270 0.920520 0.933770 0.840313 0.937533 0.913077 0.917305 0.927497 0.921040 0.714140 0.798141 0.937682 0.709439 0.836894 0.721289 0.871078 0.771879 0.858309 0.719307 0.718098 0.581996 0.532866 0.830154 0.826293 0.839509 0.696662 0.631524 0.732411 0.721362 0.684014 0.861824 0.779122 0.671654 0.790006 0.532188 0.674556 0.599683 0.974031
0.560557 0.724736 0.723122 0.962254 0.914384 0.671040 0.749053 0.823142 0.000000 0.628493 0.681825 0.783062 0.974146 0.612946 0.762673 0.881884 0.585920 0.572612 0.832915 0.664505 0.967098 0.847438 0.866108 0.747761 0.987486 0.897584 0.887523 0.997545 0.980328 0.819039 0.683435 0.916798 0.977540 0.973134 0.809458 0.812927 0.980222 0.916830 0.856990 0.934026 0.858932 0.974362 0.597988 0.821220 0.877609 0.964310 0.984219 0.916026 0.984287 0.973409 0.914285 0.931269 0.824638 0.782078 0.784848 0.772327 0.618122 0.642612 0.836024 0.892111 0.843633 0.662335 0.730910 0.769002 0.797356 0.828627 0.960433 0.972168 0.718052 0.600514 0.508875 0.580082 0.652717 0.678306 0.901928 0.782131 0.778763 0.623444 0.925832 0.868475 0.603038 0.603921 0.641396 0.542934 0.683737 0.629568 0.697791 0.597932 0.879446 0.617096 0.660765 0.683503 0.809231 0.738862 0.993961 0.820742 0.845126 0.914886 0.745701 0.684347 0.985558 0.809656 0.977819 0.846584 0.905027 0.945301 0.711387 0.812231 0.845481 0.887416 0.956374 0.966502 0.726209 0.870106 0.700307 0.711566
0.726550 0.857408 0.908142 0.972894 0.840880 0.807260 0.398099 0.500810 0.628493 0.000000 0.842947 0.916249 0.977829 0.851543 0.866879 0.981390 0.954659 0.899075 0.907892 0.763999 0.848876 0.976756 0.808325 0.635743 0.564348 0.761099 0.709459 0.789046 0.717429 0.878440 0.519396 0.793068 0.661398 0.604948 0.913411 0.966922 0.781487 0.761436 0.766004 0.826231 0.899744 0.900359 0.343187 0.416391 0.431186 0.461957 0.591622 0.707991 0.494387 0.557328 0.438517 0.480596 0.423196 0.452662 0.927632 0.827524 0.826484 0.883982 0.712592 0.910325 0.495206 0.510196 0.760804 0.700517 0.781658 0.788298 0.601500 0.623313 0.649257 0.745705 0.508452 0.556324 0.752528 0.677726 0.970131 0.646226 0.538710 0.734804 0.691786 0.958484 0.879317 0.476773 0.781788 0.575147 0.678651 0.500920 0.770453 0.593617 0.891957 0.696408 0.565284 0.583001 0.713992 0.777406 0.854452 0.897098 0.700289 0.819546 0.404454 0.502335 0.678195 0.712103 0.673478 0.742459 0.720671 0.828102 0.828155 0.726367 0.792451 0.884210 0.711723 0.626202 0.473120 0.812827 0.719321 0.847418
0.431552 0.566821 0.994945 0.822398 0.952390 0.892217 0.958629 0.951375 0.681825 0.842947 0.000000 0.545462 0.622863 0.514020 0.901644 0.928829 0.503842 0.414653 0.681624 0.449234 0.811473 0.913475 0.898471 0.875645 0.899256 0.922160 0.926819 0.908906 0.772975 0.599386 0.903439 0.828347 0.670257 0.767596 0.917385 0.946129 0.959763 0.923387 0.897023 0.942787 0.797544 0.774170 0.760774 0.951844 0.828732 0.897432 0.988928 0.896988 0.958234 0.960965 0.857278 0.872969 0.787611 0.699988 0.840317 0.881033 0.543696 0.537267 0.857842 0.840191 0.904379 0.952956 0.578961 0.561446 0.895591 0.925153 0.964648 0.982384 0.471530 0.618335 0.869210 0.959310 0.989683 0.941798 0.957668 0.835543 0.966354 0.915585 0.759172 0.784095 0.517187 0.598529 0.603899 0.493066 0.707144 0.761278 0.869590 0.826588 0.874667 0.714294 0.779199 0.691430 0.779693 0.869448 0.947239 0.853606 0.958235 0.980011 0.831053 0.829353 0.964796 0.923273 0.970930 0.799630 0.896339 0.697614 0.922672 0.949527 0.886896 0.885461 0.927107 0.875780 0.922505 0.923083 0.993614 0.758492
0.458070 0.512308 0.903967 0.578214 0.837753 0.908586 0.644758 0.537733 0.783062 0.916249 0.545462 0.000000 0.453603 0.377627 0.636017 0.623324 0.458250 0.363756 0.408708 0.469038 0.796263 0.883152 0.548214 0.740681 0.953552 0.998398 0.899324 0.789271 0.612235 0.503396 0.674416 0.622964 0.495633 0.489935 0.991791 0.981036 0.865308 0.871156 0.924060 0.998086 0.928530 0.879145 0.912471 0.684852 0.928379 0.842711 0.717343 0.661209 0.853206 0.864836 0.894902 0.880814 0.968010 0.901345 0.705604 0.701362 0.495516 0.477033 0.588273 0.700880 0.574756 0.752929 0.399267 0.359389 0.999352 0.964901 0.649227 0.693600 0.576536 0.739598 0.895629 0.834404 0.946618 0.992677 0.856829 0.940896 0.762387 0.923404 0.540463 0.734271 0.516057 0.678809 0.565498 0.575995 0.656146 0.730250 0.921870 0.917149 0.765479 0.665099 0.886072 0.711326 0.871503 0.764075 0.871141 0.849285 0.983002 0.870914 0.914368 0.880638 0.927313 0.955804 0.892702 0.633639 0.659412 0.586819 0.952798 0.920374 0.969384 0.707338 0.854694 0.989960 0.839320 0.794467 0.684413 0.773357
0.566843 0.688620 0.629332 0.693864 0.777375 0.991375 0.648926 0.661053 0.974146 0.977829 0.622863 0.453603 0.000000 0.495044 0.491400 0.566888 0.721210 0.584541 0.495362 0.603123 0.791150 0.880326 0.477013 0.703530 0.815413 0.866876 0.919259 0.712325 0.702379 0.634711 0.629381 0.612177 0.570476 0.579906 0.761424 0.966592 0.961259 0.968605 0.954912 0.961815 0.869468 0.971457 0.816733 0.705934 0.876150 0.822030 0.678816 0.639985 0.865180 0.814111 0.853331 0.791805 0.961553 0.993821 0.781769 0.815880 0.673534 0.656885 0.586470 0.587733 0.480116 0.676070 0.569475 0.582920 0.749744 0.777269 0.615543 0.580061 0.698270 0.827007 0.828416 0.816474 0.888805 0.933245 0.990241 0.979719 0.780482 0.827907 0.751899 0.623968 0.699345 0.758673 0.743587 0.673667 0.596400 0.628196 0.848923 0.995995 0.675137 0.673477 0.910616 0.880314 0.876350 0.854686 0.851822 0.856519 0.736345 0.887125 0.820455 0.771566 0.986734 0.824941 0.799180 0.730276 0.744249 0.653075 0.948157 0.960627 0.899618 0.786485 0.762256 0.970435 0.803583 0.722867 0.579445 0.996362
0.470546 0.572530 0.899360 0.636062 0.880354 0.813309 0.847620 0.727435 0.612946 0.851543 0.514020 0.377627 0.495044 0.000000 0.664009 0.599456 0.482587 0.356880 0.452907 0.436406 0.812531 0.967519 0.629817 0.613426 0.831884 0.929208 0.936364 0.788345 0.669840 0.423837 0.826687 0.697108 0.562650 0.599949 0.939714 0.885500 0.824567 0.800211 0.809163 0.900031 0.998745 0.910228 0.903658 0.866045 0.962494 0.970398 0.868757 0.768307 0.996929 0.968610 0.975274 0.998617 0.822067 0.834468 0.779159 0.742531 0.523030 0.516319 0.732518 0.818340 0.711283 0.816337 0.504498 0.486765 0.931573 0.832725 0.773253 0.803239 0.589797 0.669363 0.953114 0.944960 0.930296 0.980876 0.916309 0.894233 0.952582 0.947082 0.728234 0.712195 0.500506 0.582892 0.450104 0.431145 0.613129 0.529740 0.774732 0.776002 0.624309 0.595844 0.701608 0.571015 0.714932 0.643706 0.894810 0.871033 0.927220 0.897076 0.885880 0.945742 0.896084 0.896477 0.930058 0.690164 0.830725 0.735672 0.897939 0.947896 0.983738 0.877446 0.939384 0.983424 0.959514 0.859585 0.840944 0.764597
0.826905 0.846852 0.654588 0.742820 0.827163 0.863419 0.751349 0.784475 0.762673 0.866879 0.901644 0.636017 0.491400 0.664009 0.000000 0.426693 0.869378 0.810720 0.588165 0.738952 0.776168 0.975915 0.403465 0.710625 0.861049 0.949302 0.934035 0.857098 0.575062 0.557942 0.477683 0.553970 0.587790 0.612268 0.720863 0.909893 0.802555 0.978858 0.959562 0.862312 0.927267 0.934820 0.689734 0.618826 0.814811 0.790552 0.643258 0.587794 0.849187 0.857744 0.835769 0.754670 0.949095 0.961030 0.817915 0.834095 0.888966 0.894796 0.834512 0.884343 0.586529 0.656155 0.749832 0.738359 0.703277 0.766137 0.777379 0.703372 0.904937 0.933901 0.687566 0.734645 0.712411 0.842265 0.927962 0.929267 0.717610 0.655687 0.779477 0.721986 0.806987 0.930933 0.770060 0.875698 0.695993 0.770015 0.976372 0.941946 0.828739 0.902738 0.883615 0.824769 0.693070 0.746065 0.854477 0.968616 0.965958 0.964263 0.864155 0.779813 0.845014 0.924847 0.922282 0.846001 0.868145 0.578069 0.959249 0.926334 0.825221 0.850507 0.906401 0.953748 0.906085 0.771552 0.497250 0.923390
0.853267 0.786409 0.543457 0.533836 0.869848 0.852285 0.906130 0.715055 0.881884 0.981390 0.928829 0.623324 0.566888 0.599456 0.426693 0.000000 0.914319 0.860193 0.723553 0.745953 0.766413 0.965353 0.500030 0.560838 0.604694 0.757546 0.869104 0.903249 0.790361 0.656334 0.546924 0.577385 0.791901 0.738027 0.865619 0.981122 0.646643 0.757614 0.715227 0.831330 0.786924 0.890423 0.887380 0.834193 0.887403 0.937027 0.873790 0.882967 0.839528 0.851421 0.899539 0.984809 0.849826 0.857241 0.993051 0.908222 0.856368 0.872773 0.939677 0.975669 0.726079 0.602561 0.966227 0.874236 0.563212 0.533718 0.960271 0.853098 0.852891 0.874513 0.710989 0.817956 0.669315 0.882405 0.990832 0.988429 0.852789 0.733417 0.883209 0.780291 0.946114 0.948353 0.736376 0.867370 0.867521 0.666143 0.936588 0.848039 0.773474 0.845718 0.638940 0.578170 0.580659 0.590330 0.953020 0.916487 0.926179 0.984097 0.882861 0.957502 0.652777 0.921157 0.771500 0.963604 0.975657 0.773254 0.940326 0.895576 0.842138 0.920653 0.925628 0.807362 0.982588 0.942316 0.647027 0.986246
0.489255 0.538098 0.834769 0.872378 0.981960 0.775945 0.758835 0.765861 0.585920 0.954659 0.503842 0.458250 0.721210 0.482587 0.869378 0.914319 0.000000 0.282510 0.522443 0.465841 0.916971 0.862646 0.838734 0.991309 0.797620 0.736116 0.940861 0.814642 0.505327 0.393760 0.830002 0.814742 0.456634 0.525855 0.899816 0.930784 0.941112 0.925523 0.964444 0.913079 0.815013 0.794895 0.998398 0.706366 0.833818 0.729865 0.720416 0.618920 0.706807 0.704126 0.758518 0.751074 0.886925 0.963181 0.762574 0.611898 0.454096 0.443141 0.609815 0.833579 0.712557 0.965762 0.327914 0.316662 0.690732 0.681628 0.640838 0.773783 0.612600 0.649886 0.977305 0.965582 0.975515 0.915222 0.809113 0.975478 0.868885 0.959131 0.521978 0.775357 0.343023 0.674703 0.530194 0.595423 0.695362 0.847840 0.903101 0.818812 0.925456 0.742510 0.927712 0.779415 0.860552 0.798659 0.864833 0.715705 0.928032 0.865857 0.899975 0.946528 0.879585 0.917919 0.811659 0.567662 0.819179 0.729708 0.972033 0.894039 0.985526 0.817350 0.971620 0.820015 0.902625 0.898279 0.966938 0.745310
0.358114 0.463714 0.906858 0.778998 0.948655 0.784949 0.815493 0.778766 0.572612 0.899075 0.414653 0.363756 0.584541 0.356880 0.810720 0.860193 0.282510 0.000000 0.433173 0.379534 0.900389 0.879757 0.776268 0.815932 0.940769 0.891155 0.994816 0.883946 0.571369 0.437330 0.917671 0.785110 0.478374 0.526706 0.935168 0.950138 0.951502 0.891270 0.920867 0.908332 0.858386 0.769806 0.902315 0.818685 0.953711 0.865397 0.810767 0.691910 0.831740 0.840243 0.921091 0.911001 0.953921 0.871588 0.772307 0.636623 0.387814 0.383254 0.589288 0.742508 0.727128 0.991740 0.341630 0.342056 0.846858 0.865630 0.694154 0.769968 0.489916 0.576116 0.920639 0.925607 0.979376 0.880461 0.820642 0.893777 0.996387 0.953865 0.535070 0.702705 0.306807 0.500378 0.494747 0.406163 0.575734 0.685548 0.802172 0.717255 0.843949 0.618120 0.841963 0.666494 0.806146 0.739453 0.849318 0.815237 0.921048 0.838071 0.992985 0.980922 0.972880 0.886112 0.895417 0.601949 0.796916 0.664921 0.887350 0.958619 0.908224 0.817563 0.943659 0.933019 0.975000 0.810118 0.920628 0.747492
0.544285 0.594183 0.917369 0.737931 0.828785 0.793482 0.636522 0.665049 0.832915 0.907892 0.681624 0.408708 0.495362 0.452907 0.588165 0.723553 0.522443 0.433173 0.000000 0.482435 0.858210 0.915177 0.424370 0.741074 0.960194 0.865347 0.977136 0.701312 0.536107 0.508559 0.609680 0.617355 0.390502 0.455043 0.905038 0.928332 0.921651 0.908893 0.961356 0.930182 0.956324 0.950188 0.722002 0.576806 0.719519 0.625660 0.524776 0.464443 0.661401 0.659257 0.711564 0.666782 0.897146 0.950021 0.768173 0.614375 0.575889 0.564049 0.485315 0.593227 0.509205 0.794406 0.392378 0.411447 0.944123 0.999088 0.512850 0.500412 0.715084 0.826399 0.894702 0.921387 0.963037 0.975004 0.851300 0.996852 0.823043 0.988739 0.594008 0.750180 0.521796 0.708148 0.548426 0.576940 0.496258 0.661568 0.768272 0.810707 0.770122 0.612075 0.962613 0.847756 0.883269 0.773045 0.710526 0.781787 0.950299 0.854071 0.762422 0.733538 0.957182 0.996041 0.823018 0.615209 0.732934 0.559008 0.962454 0.985949 0.897970 0.785762 0.818640 0.814255 0.786848 0.727551 0.738200 0.906505
0.383425 0.450872 0.863335 0.757067 0.962947 0.865874 0.981403 0.933835 0.664505 0.763999 0.449234 0.469038 0.603123 0.436406 0.738952 0.745953 0.465841 0.379534 0.482435 0.000000 0.800759 0.878615 0.694198 0.625137 0.821542 0.905480 0.772444 0.854863 0.642462 0.534909 0.847013 0.776484 0.631082 0.681946 0.992433 0.988349 0.818471 0.765597 0.785257 0.852612 0.880459 0.806969 0.830834 0.951292 0.896217 0.989490 0.845086 0.743829 0.978308 0.945143 0.906590 0.954472 0.758797 0.648348 0.781255 0.799030 0.435398 0.443857 0.768932 0.759207 0.874246 0.993782 0.583486 0.573973 0.860371 0.949031 0.860991 0.849526 0.427526 0.540974 0.853764 0.803475 0.963534 0.913864 0.794445 0.786330 0.939645 0.928025 0.773696 0.705047 0.433957 0.452375 0.496847 0.385722 0.488934 0.533324 0.898598 0.738349 0.824020 0.557032 0.669254 0.561336 0.660099 0.616306 0.854944 0.845634 0.887396 0.999224 0.810760 0.844488 0.789996 0.777894 0.950041 0.825847 0.947300 0.723250 0.859805 0.870587 0.926820 0.836708 0.979787 0.880727 0.905106 0.918251 0.991292 0.760984
0.729872 0.851307 0.750418 0.670945 0.957782 0.912101 0.901182 0.965696 0.967098 0.848876 0.811473 0.796263 0.791150 0.812531 0.776168 0.766413 0.916971 0.900389 0.858210 0.800759 0.000000 0.969951 0.770105 0.725490 0.672936 0.802212 0.912668 0.918331 0.932054 0.937075 0.917640 0.731075 0.893619 0.910301 0.974933 0.813438 0.812982 0.788138 0.788489 0.808662 0.889405 0.789430 0.865832 0.953355 0.853703 0.901992 0.967129 0.911367 0.880945 0.926260 0.848765 0.891251 0.812184 0.734222 0.947463 0.896354 0.747246 0.801337 0.945053 0.925229 0.976517 0.995446 0.929982 0.928952 0.710574 0.831507 0.954415 0.856155 0.696039 0.924558 0.888011 0.923308 0.922688 0.964389 0.888763 0.923558 0.913554 0.815037 0.937400 0.906847 0.933491 0.871267 0.762400 0.880835 0.808256 0.719673 0.882471 0.984433 0.853315 0.839291 0.764494 0.659826 0.780927 0.764752 0.934773 0.921433 0.989594 0.893373 0.894184 0.908647 0.755779 0.754781 0.919268 0.997458 0.984154 0.879498 0.959724 0.849188 0.930410 0.881268 0.871376 0.679448 0.849009 0.803380 0.716756 0.870037
0.950990 0.936948 0.978631 0.838713 0.980549 0.834534 0.992095 0.886119 0.847438 0.976756 0.913475 0.883152 0.880326 0.967519 0.975915 0.965353 0.862646 0.879757 0.915177 0.878615 0.969951 0.000000 0.863379 0.957300 0.989335 0.975373 0.960967 0.888886 0.739361 0.857841 0.973025 0.927544 0.953276 0.862049 0.834029 0.850160 0.943671 0.989489 0.862235 0.878689 0.827213 0.994108 0.990708 0.973323 0.993121 0.967145 0.869190 0.925160 0.989583 0.961890 0.979598 0.979074 0.974767 0.916377 0.949886 0.959904 0.968126 0.939472 0.983052 0.980381 0.976283 0.979067 0.931825 0.919857 0.961242 0.971382 0.914605 0.973230 0.918851 0.944458 0.911178 0.999625 0.902503 0.851336 0.969587 0.999514 0.989050 0.947547 0.996519 0.960206 0.890516 0.982869 0.882764 0.984351 0.979258 0.989135 0.946026 0.934728 0.972807 0.973331 0.924066 0.992284 0.866967 0.953819 0.993171 0.906953 0.922689 0.934058 0.956013 0.884172 0.957128 0.934761 0.968219 0.977662 0.987591 0.996545 0.950025 0.917961 0.982868 0.938871 0.994480 0.936769 0.925120 0.926655 0.944206 0.962557
0.811966 0.866151 0.713946 0.749640 0.691789 0.998184 0.639403 0.694581 0.866108 0.808325 0.898471 0.548214 0.477013 0.629817 0.403465 0.500030 0.838734 0.776268 0.424370 0.694198 0.770105 0.863379 0.000000 0.643178 0.861014 0.981366 0.945164 0.715641 0.575413 0.610704 0.416709 0.422612 0.539154 0.582181 0.857911 0.995416 0.899542 0.941891 0.963137 0.971553 0.855665 0.985134 0.625555 0.550419 0.735577 0.667778 0.484123 0.532773 0.754626 0.780185 0.788039 0.713665 0.930601 0.924270 0.800515 0.787566 0.916220 0.901911 0.689520 0.745516 0.512357 0.603985 0.687946 0.672860 0.681582 0.768202 0.595180 0.527241 0.895845 0.970321 0.679917 0.782788 0.725044 0.826480 0.927648 0.936650 0.683665 0.767855 0.801508 0.796587 0.868279 0.954729 0.666342 0.836538 0.575657 0.672438 0.962594 0.901556 0.808115 0.685395 0.913690 0.869426 0.800489 0.796102 0.754687 0.970366 0.919010 0.913242 0.754588 0.659165 0.993183 0.874451 0.885158 0.790644 0.786883 0.565879 0.931954 0.961649 0.866989 0.839119 0.836818 0.918813 0.748150 0.836434 0.501019 0.957038
0.649590 0.716553 0.664681 0.539379 0.926817 0.934659 0.800730 0.983065 0.747761 0.635743 0.875645 0.740681 0.703530 0.613426 0.710625 0.560838 0.991309 0.815932 0.741074 0.625137 0.725490 0.957300 0.643178 0.000000 0.413262 0.590436 0.643351 0.982978 0.975258 0.918585 0.975397 0.731167 0.997060 0.993511 0.847610 0.965793 0.749017 0.730859 0.602561 0.765318 0.883673 0.917168 0.736366 0.883273 0.682981 0.778307 0.972873 0.970630 0.724728 0.794914 0.675341 0.775226 0.583262 0.558693 0.953553 0.984209 0.729065 0.755717 0.997216 0.827804 0.908778 0.946933 0.946683 0.955324 0.490382 0.531087 0.946783 0.976827 0.643904 0.730678 0.842478 0.771377 0.888434 0.911034 0.954858 0.815123 0.961910 0.920071 0.897336 0.876926 0.950192 0.693400 0.685160 0.642747 0.613905 0.330989 0.876139 0.774734 0.724639 0.481247 0.502811 0.473155 0.610251 0.583090 0.944043 0.871276 0.845838 0.967822 0.662262 0.785287 0.593778 0.719112 0.765426 0.915576 0.941929 0.873254 0.756152 0.669286 0.966977 0.859891 0.971880 0.636344 0.773649 0.977210 0.885634 0.839762
0.808072 0.823485 0.502098 0.527709 0.982218 0.969270 0.647537 0.887472 0.987486 0.564348 0.899256 0.953552 0.815413 0.831884 0.861049 0.604694 0.797620 0.940769 0.960194 0.821542 0.672936 0.989335 0.861014 0.413262 0.000000 0.372181 0.612761 0.835467 0.713894 0.863349 0.993200 0.794898 0.761416 0.761798 0.944024 0.837014 0.690385 0.684815 0.605098 0.759186 0.916777 0.887311 0.584354 0.648559 0.435235 0.509645 0.745168 0.762757 0.439542 0.541494 0.453568 0.550405 0.458380 0.439277 0.829470 0.701435 0.845318 0.882442 0.743266 0.971767 0.719024 0.978776 0.653977 0.708548 0.417951 0.498876 0.673880 0.756046 0.634209 0.837922 0.886489 0.814340 0.954457 0.923892 0.965865 0.758835 0.926530 0.997501 0.659352 0.989336 0.809620 0.842666 0.888269 0.815275 0.879576 0.482174 0.964822 0.972900 0.810391 0.695260 0.452477 0.492919 0.577325 0.706669 0.939383 0.754255 0.887119 0.862450 0.518879 0.669948 0.504548 0.723580 0.681832 0.708735 0.802411 0.987808 0.939034 0.678438 0.996020 0.974075 0.888303 0.445109 0.723175 0.878224 0.938300 0.914770
0.875996 0.820759 0.533732 0.537805 0.997167 0.851340 0.833396 0.974340 0.897584 0.761099 0.922160 0.998398 0.866876 0.929208 0.949302 0.757546 0.736116 0.891155 0.865347 0.905480 0.802212 0.975373 0.981366 0.590436 0.372181 0.000000 0.711117 0.848537 0.749206 0.795021 0.971871 0.964445 0.744175 0.810066 0.920249 0.810776 0.755378 0.673284 0.632472 0.986221 0.992746 0.767224 0.729891 0.711116 0.552985 0.579490 0.719517 0.703856 0.564825 0.673993 0.555498 0.625569 0.614391 0.582982 0.856594 0.766670 0.927311 0.875372 0.733942 0.980010 0.781908 0.902122 0.658260 0.725568 0.482155 0.562261 0.685012 0.755190 0.676914 0.830944 0.995107 0.926235 0.999429 0.984666 0.965426 0.896197 0.985956 0.994670 0.719336 0.934016 0.804235 0.920750 0.944819 0.902836 0.994981 0.683578 0.945836 0.941646 0.797412 0.791750 0.688068 0.744198 0.834357 0.931024 0.992792 0.804497 0.936514 0.897710 0.715416 0.725582 0.634996 0.914686 0.772834 0.745208 0.981556 0.980195 0.982092 0.884917 0.928726 0.972494 0.973967 0.633445 0.920891 0.913323 0.960700 0.969463
0.862316 0.883575 0.795247 0.738690 0.969319 0.889697 0.808855 0.971532 0.887523 0.709459 0.926819 0.899324 0.919259 0.936364 0.934035 0.869104 0.940861 0.994816 0.977136 0.772444 0.912668 0.960967 0.945164 0.643351 0.612761 0.711117 0.000000 0.716030 0.879303 0.948169 0.950355 0.964113 0.830664 0.889871 0.997831 0.995437 0.676658 0.773733 0.784473 0.813147 0.954056 0.978400 0.749114 0.876497 0.718449 0.781627 0.915631 0.981866 0.778772 0.845446 0.711364 0.795671 0.691900 0.683549 0.956021 0.912048 0.888128 0.886875 0.878380 0.938351 0.834976 0.931294 0.846930 0.911203 0.729636 0.770562 0.857108 0.873531 0.827726 0.832085 0.858822 0.896188 0.902194 0.978894 0.856153 0.850806 0.979906 0.991747 0.804472 0.902322 0.859539 0.879654 0.886623 0.788673 0.893037 0.644991 0.909742 0.898671 0.871028 0.697364 0.709286 0.792284 0.764561 0.885235 0.918438 0.907473 0.961827 0.994405 0.722839 0.821145 0.791509 0.825254 0.961953 0.874362 0.966831 0.959079 0.858176 0.813374 0.889415 0.884052 0.915737 0.719249 0.900716 0.867521 0.989747 0.971563
0.889869 0.885062 0.901903 0.983213 0.940858 0.720636 0.688168 0.797834 0.997545 0.789046 0.908906 0.789271 0.712325 0.788345 0.857098 0.903249 0.814642 0.883946 0.701312 0.854863 0.918331 0.888886 0.715641 0.982978 0.835467 0.848537 0.716030 0.000000 0.823539 0.822399 0.778260 0.829752 0.679047 0.731548 0.858007 0.985682 0.861687 0.756941 0.884794 0.743060 0.931636 0.836646 0.751864 0.765446 0.729389 0.683782 0.655162 0.726641 0.696068 0.655659 0.680727 0.657176 0.810468 0.810140 0.808810 0.764986 0.884477 0.899613 0.631589 0.698445 0.612859 0.830747 0.681900 0.764671 0.996382 0.932902 0.624332 0.673896 0.998085 0.912145 0.958320 0.977704 0.970260 0.927729 0.911268 0.872879 0.762546 0.977881 0.874125 0.763855 0.830684 0.990622 0.857099 0.908458 0.825199 0.997054 0.870451 0.909421 0.991893 0.963129 0.872393 0.879851 0.844670 0.966019 0.944666 0.978855 0.846421 0.931600 0.729547 0.768334 0.920215 0.860440 0.974802 0.873891 0.914244 0.988843 0.949220 0.984652 0.882348 0.976197 0.916889 0.809968 0.783521 0.999911 0.922592 0.850578
0.819190 0.811534 0.972284 0.974333 0.843154 0.963075 0.620157 0.779149 0.980328 0.717429 0.772975 0.612235 0.702379 0.669840 0.575062 0.790361 0.505327 0.571369 0.536107 0.642462 0.932054 0.739361 0.575413 0.975258 0.713894 0.749206 0.879303 0.823539 0.000000 0.327420 0.563697 0.659755 0.429058 0.377831 0.926334 0.948090 0.959654 0.915937 0.911937 0.954336 0.960452 0.880273 0.623213 0.486623 0.578707 0.540938 0.523175 0.461362 0.539591 0.595904 0.555832 0.562064 0.670569 0.707168 0.743510 0.676304 0.813273 0.808144 0.723430 0.946976 0.552495 0.728298 0.489042 0.463039 0.860673 0.844932 0.622475 0.644015 0.896311 0.933019 0.690122 0.827562 0.707760 0.726718 0.863151 0.925947 0.704251 0.737824 0.550370 0.767600 0.553076 0.969672 0.628291 0.883351 0.790551 0.979881 0.972233 0.919410 0.866169 0.949900 0.956889 0.980345 0.837347 0.862892 0.758391 0.759702 0.910710 0.927655 0.689738 0.747737 0.854434 0.900555 0.737323 0.696796 0.758863 0.572032 0.921795 0.874552 0.881854 0.854343 0.955568 0.684837 0.722427 0.739843 0.747632 0.974203
0.707985 0.749050 0.973680 0.867554 0.874309 0.977705 0.700943 0.778090 0.819039 0.878440 0.599386 0.503396 0.634711 0.423837 0.557942 0.656334 0.393760 0.437330 0.508559 0.534909 0.937075 0.857841 0.610704 0.918585 0.863349 0.795021 0.948169 0.822399 0.327420 0.000000 0.612565 0.643379 0.433485 0.446198 0.968430 0.870281 0.815395 0.864381 0.953515 0.859879 0.946750 0.844412 0.843807 0.628476 0.794726 0.736243 0.679035 0.606556 0.749264 0.782702 0.761911 0.736527 0.885748 0.870906 0.742879 0.668401 0.716353 0.705366 0.778573 0.995710 0.590553 0.745644 0.464262 0.412083 0.834108 0.931793 0.709739 0.746650 0.767245 0.829866 0.812207 0.874440 0.693464 0.757452 0.855037 0.940463 0.771833 0.770532 0.574199 0.743282 0.493141 0.853454 0.559569 0.675154 0.803493 0.891232 0.925590 0.888705 0.843667 0.876254 0.871413 0.779593 0.712706 0.758441 0.840806 0.800074 0.972733 0.865168 0.896428 0.883258 0.946854 0.997617 0.903165 0.688480 0.793746 0.590197 0.964724 0.946630 0.920432 0.892772 0.959935 0.793329 0.877925 0.878353 0.785783 0.906613
0.967356 0.928737 0.730310 0.786312 0.693876 0.853954 0.535612 0.593018 0.683435 0.519396 0.903439 0.674416 0.629381 0.826687 0.477683 0.546924 0.830002 0.917671 0.609680 0.847013 0.917640 0.973025 0.416709 0.975397 0.993200 0.971871 0.950355 0.778260 0.563697 0.612565 0.000000 0.485903 0.499870 0.519521 0.875708 0.952561 0.915008 0.935523 0.933284 0.975449 0.889603 0.895349 0.487714 0.467472 0.673579 0.622365 0.532626 0.566451 0.723684 0.742802 0.646990 0.625369 0.715039 0.739249 0.892631 0.836195 0.999943 0.971339 0.754876 0.866016 0.464876 0.486265 0.714776 0.651968 0.864639 0.898933 0.643859 0.545204 0.935423 0.911787 0.520493 0.615771 0.632248 0.722714 0.937096 0.816992 0.592744 0.599165 0.687843 0.903378 0.954903 0.759495 0.868572 0.888660 0.934528 0.979589 0.814792 0.735660 0.895136 0.993349 0.952247 0.950669 0.889731 0.954938 0.760888 0.871007 0.834856 0.885228 0.644387 0.569443 0.930295 0.796471 0.793955 0.831819 0.829033 0.611380 0.802833 0.865805 0.738057 0.929250 0.742744 0.806192 0.651523 0.829776 0.536036 0.912838
0.838635 0.890116 0.717460 0.728806 0.884962 0.970864 0.808370 0.808292 0.916798 0.793068 0.828347 0.622964 0.612177 0.697108 0.553970 0.577385 0.814742 0.785110 0.617355 0.776484 0.731075 0.927544 0.422612 0.731167 0.794898 0.964445 0.964113 0.829752 0.659755 0.643379 0.485903 0.000000 0.542418 0.686622 0.988343 0.871158 0.955149 0.934056 0.983959 0.899610 0.964564 0.812513 0.799613 0.686460 0.864540 0.792359 0.557358 0.694112 0.845116 0.907097 0.855113 0.813537 0.990975 0.981088 0.909770 0.877359 0.818757 0.868157 0.784467 0.850820 0.683242 0.721787 0.729309 0.702522 0.848519 0.927663 0.786884 0.773749 0.783932 0.958356 0.803226 0.764632 0.796873 0.852442 0.968307 0.989589 0.740185 0.746816 0.773336 0.871004 0.853900 0.961134 0.711407 0.905453 0.814429 0.836079 0.796809 0.873712 0.934464 0.820112 0.806527 0.739271 0.680521 0.759722 0.877779 0.993285 0.905803 0.860484 0.866860 0.867694 0.910517 0.972211 0.917984 0.807752 0.917710 0.642492 0.864068 0.965559 0.930856 0.924017 0.934890 0.939696 0.782359 0.871987 0.622119 0.921910
0.641093 0.696024 0.984983 0.836994 0.828380 0.894049 0.519975 0.607288 0.977540 0.661398 0.670257 0.495633 0.570476 0.562650 0.587790 0.791901 0.456634 0.478374 0.390502 0.631082 0.893619 0.953276 0.539154 0.997060 0.761416 0.744175 0.830664 0.679047 0.429058 0.433485 0.499870 0.542418 0.000000 0.363933 0.870794 0.957988 0.907441 0.903142 0.868331 0.977997 0.992616 0.831406 0.646279 0.451665 0.561613 0.491491 0.507326 0.467455 0.527085 0.531900 0.510546 0.506674 0.671688 0.711016 0.776361 0.594580 0.623081 0.633555 0.490051 0.731274 0.414287 0.726267 0.329237 0.350978 0.863810 0.815306 0.459409 0.537825 0.809355 0.899047 0.759287 0.792498 0.879693 0.915068 0.821735 0.996191 0.751262 0.789064 0.499904 0.741620 0.539211 0.907955 0.606038 0.759687 0.730078 0.926663 0.966271 0.994933 0.899619 0.818934 0.906977 0.991745 0.967711 0.880165 0.767427 0.807583 0.930899 0.787760 0.600285 0.615665 0.849111 0.931759 0.725507 0.557443 0.730321 0.568746 0.998981 0.858357 0.930830 0.854947 0.753562 0.733643 0.690165 0.626616 0.672393 0.978175
0.712473 0.651432 0.943913 0.808399 0.770614 0.964280 0.440521 0.502301 0.973134 0.604948 0.767596 0.489935 0.579906 0.599949 0.612268 0.738027 0.525855 0.526706 0.455043 0.681946 0.910301 0.862049 0.582181 0.993511 0.761798 0.810066 0.889871 0.731548 0.377831 0.446198 0.519521 0.686622 0.363933 0.000000 0.898655 0.814893 0.961107 0.983977 0.983827 0.959902 0.887739 0.840662 0.552143 0.365603 0.530384 0.472526 0.486055 0.398561 0.507229 0.525368 0.495382 0.480144 0.612246 0.665905 0.688951 0.561269 0.704585 0.671768 0.481979 0.712206 0.379080 0.585478 0.402399 0.382777 0.955386 0.937165 0.453230 0.462234 0.914582 0.887009 0.729518 0.785309 0.854745 0.830242 0.876834 0.895836 0.624128 0.726949 0.475370 0.691708 0.618633 0.972212 0.675744 0.852754 0.843923 0.953743 0.961301 0.919426 0.825815 0.856832 0.901433 0.960432 0.999694 0.874835 0.730104 0.737270 0.846191 0.770288 0.587671 0.567528 0.847487 0.835992 0.690332 0.642615 0.738483 0.565179 0.823981 0.890259 0.899054 0.773461 0.788987 0.712204 0.685319 0.639633 0.608625 0.971125
0.944675 0.917215 0.758378 0.862349 0.991436 0.958247 0.826923 0.865784 0.809458 0.913411 0.917385 0.991791 0.761424 0.939714 0.720863 0.865619 0.899816 0.935168 0.905038 0.992433 0.974933 0.834029 0.857911 0.847610 0.944024 0.920249 0.997831 0.858007 0.926334 0.968430 0.875708 0.988343 0.870794 0.898655 0.000000 0.943411 0.890196 0.796465 0.962032 0.809935 0.688555 0.944183 0.820803 0.848321 0.819731 0.824669 0.844036 0.790932 0.883133 0.766847 0.791636 0.768925 0.838178 0.878051 0.866461 0.814035 0.949192 0.945489 0.851914 0.768745 0.753193 0.756902 0.956307 0.979610 0.784375 0.866836 0.819298 0.784270 0.905539 0.894071 0.853014 0.945309 0.897824 0.937789 0.917392 0.901704 0.665052 0.979842 0.995463 0.870647 0.974462 0.962467 0.949604 0.981169 0.879784 0.882584 0.832889 0.913385 0.913940 0.863973 0.981443 0.949607 0.971385 0.857593 0.947114 0.870099 0.877663 0.945779 0.880979 0.840708 0.820931 0.961940 0.943347 0.977765 0.984461 0.973920 0.968738 0.887024 0.998200 0.979014 0.911993 0.892093 0.797265 0.862775 0.812455 0.952479
0.930928 0.967088 0.820461 0.896938 0.765712 0.945714 0.872537 0.917060 0.812927 0.966922 0.946129 0.981036 0.966592 0.885500 0.909893 0.981122 0.930784 0.950138 0.928332 0.988349 0.813438 0.850160 0.995416 0.965793 0.837014 0.810776 0.995437 0.985682 0.948090 0.870281 0.952561 0.871158 0.957988 0.814893 0.943411 0.000000 0.931359 0.983560 0.930448 0.932510 0.738223 0.953458 0.927835 0.900684 0.798461 0.854286 0.904835 0.805531 0.882263 0.856178 0.801907 0.840266 0.765121 0.742365 0.862415 0.803855 0.879486 0.958234 0.840549 0.995364 0.856941 0.933994 0.870626 0.894840 0.865201 0.989202 0.786732 0.744616 0.805000 0.996361 0.969588 0.982190 0.984566 0.945267 0.884052 0.962305 0.985383 0.965275 0.936949 0.972485 0.988366 0.893330 0.943045 0.944112 0.979337 0.929115 0.850951 0.828088 0.964581 0.859243 0.895622 0.855683 0.868505 0.994666 0.978002 0.832715 0.967759 0.772190 0.867520 0.775592 0.823246 0.942598 0.851925 0.786759 0.949203 0.960861 0.938689 0.946414 0.950453 0.953778 0.887805 0.746020 0.998642 0.995178 0.972695 0.889490
0.926508 0.860169 0.660404 0.594405 0.992634 0.881744 0.904956 0.933468 0.980222 0.781487 0.959763 0.865308 0.961259 0.824567 0.802555 0.646643 0.941112 0.951502 0.921651 0.818471 0.812982 0.943671 0.899542 0.749017 0.690385 0.755378 0.676658 0.861687 0.959654 0.815395 0.915008 0.955149 0.907441 0.961107 0.890196 0.931359 0.000000 0.690376 0.697189 0.792873 0.980716 0.963186 0.852678 0.933280 0.703336 0.748935 0.855269 0.956715 0.699927 0.744667 0.720043 0.804563 0.724487 0.766345 0.935955 0.924367 0.900223 0.893058 0.772682 0.796909 0.898481 0.941066 0.846555 0.951784 0.694201 0.686725 0.755896 0.874415 0.815358 0.900735 0.917735 0.907296 0.845504 0.976351 0.959054 0.946124 0.999469 0.957507 0.997916 0.989058 0.989856 0.959208 0.864801 0.910249 0.989885 0.758631 0.974963 0.973660 0.828049 0.911526 0.739059 0.708389 0.685600 0.777905 0.967485 0.838670 0.811355 0.968709 0.723082 0.888464 0.728719 0.842602 0.818414 0.934145 0.885122 0.855226 0.908269 0.940725 0.806818 0.908461 0.739146 0.851170 0.850635 0.982081 0.898277 0.945994
0.895831 0.860881 0.826164 0.725015 0.927376 0.896117 0.824987 0.974119 0.916830 0.761436 0.923387 0.871156 0.968605 0.800211 0.978858 0.757614 0.925523 0.891270 0.908893 0.765597 0.788138 0.989489 0.941891 0.730859 0.684815 0.673284 0.773733 0.756941 0.915937 0.864381 0.935523 0.934056 0.903142 0.983977 0.796465 0.983560 0.690376 0.000000 0.736490 0.916405 0.890999 0.707156 0.736769 0.823516 0.656528 0.651976 0.722915 0.747293 0.686179 0.646180 0.677448 0.641761 0.701213 0.710780 0.859411 0.784517 0.835325 0.848293 0.677611 0.782250 0.793924 0.914284 0.886625 0.978527 0.787215 0.706829 0.661538 0.715868 0.671887 0.703478 0.950715 0.880296 0.841149 0.871397 0.895422 0.839134 0.920617 0.873941 0.945822 0.990660 0.963839 0.787498 0.782907 0.818334 0.952980 0.810976 0.819185 0.976830 0.770497 0.877159 0.720883 0.630333 0.731410 0.793561 0.957611 0.981148 0.846632 0.995468 0.688537 0.686186 0.768399 0.763985 0.711653 0.910168 0.908212 0.979718 0.975022 0.892925 0.861045 0.997931 0.780144 0.674145 0.763459 0.952544 0.893131 0.822439
