0.000000 0.237319 0.934565 0.906944 0.747978 0.848816 0.768735 0.692491 0.951529 0.910616 0.293471 0.262288 0.442588 0.489358 0.818261 0.913832 0.278211 0.254281 0.395678 0.301778 0.886253 0.928351 0.921356 0.951594 0.717712 0.624077 0.858985 0.828499 0.395590 0.303027 0.833948 0.951951 0.461863 0.441293 0.974661 0.828023 0.855511 0.875170 0.919719 0.977867 0.941435 0.851470 0.883664 0.992649 0.939463 0.814712 0.635424 0.623408 0.569121 0.556602 0.566716 0.547461 0.975823 0.749444 0.563793 0.613585 0.245452 0.242757 0.373290 0.371449 0.316269 0.306755 0.261830 0.239963 0.957979 0.846369 0.869920 0.954986 0.421950 0.347664 0.991925 0.784405 0.724002 0.847270 0.772554 0.800297 0.987123 0.908203 0.480355 0.507539 0.223140 0.271510 0.436878 0.324516 0.452729 0.646676 0.663868 0.596127 0.565884 0.578828 0.558226 0.449408 0.496252 0.415194 0.769745 0.991158 0.533188 0.991164 0.842394 0.999505 0.813235 0.852618 0.724301 0.715227 0.928916 0.818374 0.906160 0.846653 0.833015 0.703022 0.940915 0.813929 0.984036 0.857656 0.818513 0.613404
0.237319 0.000000 0.934549 0.974401 0.818459 0.883751 0.853293 0.667727 0.857207 0.817886 0.368981 0.243137 0.519607 0.514913 0.900720 0.922610 0.293534 0.266490 0.481106 0.318477 0.897904 0.938202 0.992733 0.963339 0.782308 0.703410 0.885334 0.863547 0.462762 0.382548 0.792911 0.954221 0.514478 0.505213 0.969600 0.829616 0.779672 0.834072 0.978113 0.902070 0.903248 0.875030 0.919797 0.975435 0.953403 0.863008 0.577774 0.653948 0.667876 0.617639 0.563359 0.560151 0.951308 0.707973 0.526254 0.631859 0.258144 0.231277 0.403172 0.381373 0.385933 0.334095 0.303307 0.272931 0.985058 0.773849 0.878152 0.914893 0.398900 0.330027 0.998753 0.770658 0.742652 0.820202 0.792537 0.795918 0.951132 0.831234 0.510683 0.470763 0.271125 0.290888 0.476803 0.325004 0.488620 0.602529 0.668781 0.655663 0.603247 0.588145 0.490754 0.423499 0.499717 0.407734 0.828276 0.975299 0.561235 0.965219 0.965110 0.924099 0.770967 0.732797 0.819029 0.785377 0.904293 0.800519 0.912988 0.840137 0.827857 0.681977 0.961858 0.840210 0.989276 0.879745 0.778538 0.683428
0.934565 0.934549 0.000000 0.373262 0.994189 0.662069 0.471552 0.425660 0.795094 0.999952 0.945540 0.854670 0.777346 0.672559 0.869728 0.645672 0.964162 0.961558 0.780399 0.900146 0.906291 0.922529 0.822863 0.505498 0.605844 0.650831 0.813231 0.915975 0.992434 0.980764 0.819782 0.880299 0.845236 0.712745 0.895946 0.971238 0.761063 0.732970 0.668471 0.835572 0.987661 0.889180 0.547772 0.745297 0.973225 0.883806 0.650296 0.669343 0.905919 0.987342 0.875339 0.789780 0.944448 0.886263 0.756632 0.868285 0.956443 0.992014 0.824967 0.902353 0.782225 0.718435 0.943896 0.919715 0.429185 0.408042 0.533243 0.626691 0.962838 0.905034 0.846167 0.880254 0.833990 0.858401 0.734290 0.820098 0.683693 0.752941 0.936957 0.953098 0.965324 0.966602 0.769131 0.956817 0.738951 0.384060 0.827757 0.856086 0.743033 0.827211 0.591593 0.640121 0.640656 0.661080 0.958510 0.589242 0.778423 0.868727 0.846146 0.698145 0.683740 0.811071 0.952103 0.862353 0.669015 0.651502 0.825721 0.758461 0.983419 0.695338 0.757677 0.752061 0.734303 0.826067 0.773443 0.993144
0.906944 0.974401 0.373262 0.000000 0.833365 0.695184 0.606011 0.371108 0.889618 0.964707 0.931695 0.996389 0.988711 0.862289 0.856227 0.765369 0.798414 0.813479 0.975504 0.978530 0.814291 0.968637 0.878608 0.611261 0.549851 0.489892 0.907143 0.855329 0.760468 0.786395 0.825767 0.875116 0.925343 0.837174 0.996803 0.950627 0.722626 0.720283 0.566599 0.649958 0.935896 0.998182 0.380064 0.598442 0.876239 0.857402 0.629673 0.610460 0.809632 0.929562 0.845634 0.817531 0.908550 0.920659 0.865412 0.827344 0.827400 0.844291 0.878902 0.892143 0.992707 0.916247 0.774409 0.748924 0.600326 0.417621 0.512064 0.530676 0.947833 0.983120 0.716099 0.825508 0.886152 0.847410 0.830530 0.903466 0.587466 0.680795 0.976686 0.928885 0.773174 0.844015 0.942174 0.847106 0.943137 0.516543 0.974752 0.623856 0.909343 0.972363 0.559621 0.581102 0.508863 0.555745 0.920585 0.706104 0.861525 0.810342 0.933736 0.800508 0.670257 0.816016 0.976858 0.820261 0.653599 0.598078 0.761149 0.647960 0.927340 0.836095 0.792749 0.881389 0.609319 0.765857 0.774575 0.892435
0.747978 0.818459 0.994189 0.833365 0.000000 0.990526 0.799091 0.976748 0.680767 0.802941 0.723087 0.729997 0.588325 0.651074 0.641673 0.681219 0.757254 0.804508 0.668266 0.795023 0.853991 0.907390 0.575587 0.828158 0.772235 0.719214 0.915888 0.831906 0.667323 0.683754 0.923112 0.917365 0.789743 0.843430 0.921230 0.908923 0.772860 0.991543 0.809110 0.788719 0.895634 0.774974 0.852656 0.771657 0.844740 0.998414 0.956206 0.973788 0.864890 0.846632 0.927136 0.843246 0.824286 0.881213 0.991289 0.962360 0.825901 0.872413 0.827733 0.933454 0.658000 0.675056 0.760953 0.722391 0.793928 0.969106 0.908885 0.814350 0.898262 0.902912 0.941513 0.751822 0.982668 0.968640 0.829346 0.902846 0.874985 0.929479 0.831803 0.975353 0.792365 0.803117 0.688530 0.876774 0.546730 0.880219 0.740440 0.680804 0.792805 0.792226 0.895199 0.988665 0.735990 0.892348 0.921570 0.938184 0.990230 0.597082 0.933158 0.854079 0.772957 0.933478 0.995380 0.949701 0.934120 0.977808 0.915962 0.818119 0.924932 0.956782 0.876664 0.804713 0.868806 0.924050 0.908690 0.988821
0.848816 0.883751 0.662069 0.695184 0.990526 0.000000 0.910543 0.877252 0.999530 0.826718 0.954289 0.943118 0.984810 0.931559 0.983536 0.815472 0.791642 0.833493 0.877310 0.871641 0.717653 0.960767 0.996071 0.730770 0.483331 0.480026 0.862475 0.600781 0.774079 0.723787 0.927863 0.847800 0.974132 0.930122 0.636435 0.793627 0.902686 0.908864 0.705562 0.644445 0.758097 0.977989 0.740008 0.906402 0.949878 0.937413 0.896602 0.950765 0.702912 0.690767 0.929940 0.999621 0.867896 0.858298 0.941587 0.822413 0.813427 0.855629 0.997557 0.889568 0.988887 0.965608 0.774222 0.781974 0.518122 0.547221 0.576627 0.577372 0.825069 0.880912 0.917100 0.836957 0.904140 0.978293 0.814803 0.929241 0.932467 0.783432 0.799893 0.915673 0.791384 0.937756 0.999596 0.925507 0.886584 0.626130 0.844694 0.833053 0.995088 0.845142 0.615260 0.731655 0.590470 0.682339 0.904170 0.663639 0.959084 0.899783 0.936745 0.820933 0.682910 0.916665 0.908032 0.930535 0.808221 0.764184 0.850224 0.967867 0.973626 0.936960 0.978910 0.867755 0.875051 0.962108 0.902820 0.745582
0.768735 0.853293 0.471552 0.606011 0.799091 0.910543 0.000000 0.382211 0.552968 0.592154 0.684067 0.729541 0.442078 0.439396 0.558014 0.506816 0.816073 0.818256 0.416388 0.665159 0.997984 0.971592 0.561819 0.628113 0.945448 0.918960 0.976115 0.895177 0.643768 0.655608 0.683073 0.572663 0.593230 0.502641 0.938135 0.898490 0.985028 0.952042 0.929878 0.902408 0.943279 0.949646 0.622169 0.651619 0.666541 0.587665 0.669110 0.514779 0.714835 0.636586 0.686931 0.653396 0.765648 0.806627 0.807777 0.838267 0.889031 0.951745 0.656681 0.803879 0.520663 0.579805 0.759175 0.820080 0.707283 0.745338 0.671294 0.845421 0.975956 0.862765 0.663221 0.745345 0.598366 0.642905 0.778554 0.734770 0.553719 0.682077 0.784951 0.917530 0.866012 0.912773 0.722300 0.914726 0.657291 0.612142 0.873549 0.882886 0.730749 0.797997 0.639145 0.702539 0.825945 0.846934 0.990306 0.833540 0.727984 0.960467 0.518317 0.457586 0.831155 0.607003 0.793893 0.636002 0.788049 0.833819 0.850076 0.683341 0.997549 0.756777 0.686566 0.577513 0.606647 0.702234 0.859280 0.711563
0.692491 0.667727 0.425660 0.371108 0.976748 0.877252 0.382211 0.000000 0.790331 0.863350 0.651644 0.589172 0.612314 0.519092 0.905221 0.638001 0.806729 0.788568 0.550923 0.618762 0.886510 0.932365 0.937168 0.675674 0.871870 0.843248 0.952170 0.941318 0.779230 0.732442 0.817268 0.733328 0.710786 0.502858 0.947142 0.930468 0.708016 0.749452 0.756299 0.811811 0.974409 0.970603 0.472892 0.548488 0.920883 0.644787 0.484622 0.408803 0.790178 0.678619 0.543713 0.529092 0.941680 0.960588 0.625460 0.647375 0.810480 0.797222 0.522489 0.563591 0.588223 0.527088 0.772258 0.798378 0.731241 0.498140 0.524723 0.631935 0.842716 0.679651 0.737132 0.807891 0.647753 0.651537 0.764411 0.791959 0.518238 0.594584 0.724506 0.813670 0.829051 0.827878 0.789627 0.869535 0.804184 0.458697 0.952968 0.865263 0.790773 0.778870 0.760085 0.849590 0.796268 0.914880 0.930671 0.776780 0.624091 0.902436 0.701416 0.668852 0.748333 0.808919 0.776230 0.640559 0.679649 0.600241 0.821096 0.669376 0.885448 0.755896 0.721359 0.653651 0.588823 0.680787 0.724874 0.748931
0.951529 0.857207 0.795094 0.889618 0.680767 0.999530 0.552968 0.790331 0.000000 0.391526 0.929005 0.966064 0.703889 0.728802 0.549263 0.510779 0.968139 0.919297 0.661370 0.968915 0.905099 0.898237 0.446006 0.635628 0.857023 0.821465 0.856713 0.811686 0.830491 0.850065 0.694026 0.728712 0.931153 0.876581 0.994340 0.848706 0.797651 0.816464 0.760877 0.717843 0.854232 0.919843 0.967548 0.973238 0.796185 0.863848 0.911501 0.963436 0.832964 0.793958 0.970933 0.922175 0.666430 0.621486 0.831265 0.833136 0.831101 0.804769 0.933888 0.861995 0.881861 0.875449 0.996938 0.979743 0.799018 0.902797 0.911286 0.772790 0.693436 0.822820 0.791696 0.864606 0.826939 0.986357 0.779380 0.954605 0.855971 0.838526 0.988045 0.822966 0.914082 0.858216 0.954912 0.803552 0.851049 0.973797 0.949163 0.832220 0.981265 0.976702 0.734800 0.614697 0.971845 0.763708 0.910489 0.950882 0.914719 0.743936 0.779140 0.666311 0.894593 0.669609 0.994095 0.950949 0.893369 0.990601 0.916757 0.795121 0.898876 0.947923 0.893928 0.831791 0.690056 0.803360 0.960518 0.996603
0.910616 0.817886 0.999952 0.964707 0.802941 0.826718 0.592154 0.863350 0.391526 0.000000 0.971522 0.907396 0.786874 0.835715 0.597052 0.645432 0.946736 0.902858 0.701191 0.992094 0.872270 0.924750 0.486314 0.849610 0.688661 0.723347 0.988303 0.706109 0.778067 0.801264 0.547149 0.557498 0.950815 0.885610 0.773123 0.939729 0.860071 0.807713 0.652961 0.539911 0.839339 0.875143 0.967711 0.878739 0.640809 0.726172 0.834068 0.943569 0.626060 0.623059 0.930484 0.880998 0.528961 0.432351 0.848175 0.789558 0.846789 0.803464 0.941809 0.953613 0.917317 0.976908 0.990892 0.979374 0.913969 0.645328 0.807963 0.644365 0.711609 0.850828 0.804922 0.696416 0.682182 0.782333 0.892826 0.937240 0.753191 0.923627 0.982701 0.856582 0.922717 0.790312 0.989542 0.736245 0.986966 0.726588 0.902750 0.850052 0.940751 0.985122 0.796825 0.668973 0.985394 0.785530 0.926546 0.994180 0.885786 0.847271 0.703141 0.575580 0.960886 0.644463 0.887991 0.914960 0.901367 0.861717 0.973646 0.734085 0.818390 0.888881 0.825253 0.806252 0.690752 0.820882 0.871543 0.915983
0.293471 0.368981 0.945540 0.931695 0.723087 0.954289 0.684067 0.651644 0.929005 0.971522 0.000000 0.311120 0.385308 0.461489 0.723696 0.784649 0.336631 0.307441 0.380998 0.307388 0.962784 0.957360 0.865068 0.996085 0.730214 0.672564 0.827268 0.877710 0.371726 0.313673 0.906175 0.895069 0.439719 0.417101 0.935153 0.849730 0.949489 0.928753 0.869377 0.976106 0.909088 0.783235 0.918361 0.945965 0.885557 0.764509 0.736540 0.613441 0.553851 0.563864 0.593170 0.579392 0.966108 0.814578 0.668049 0.567659 0.358703 0.357676 0.381728 0.451249 0.340480 0.349359 0.310420 0.304146 0.995810 0.877672 0.809727 0.942813 0.601905 0.453005 0.950628 0.831003 0.716313 0.870585 0.765142 0.880758 0.937802 0.913385 0.514631 0.516961 0.322944 0.344300 0.496530 0.405288 0.520619 0.669803 0.785638 0.642385 0.691377 0.579117 0.726835 0.569572 0.636876 0.519375 0.724886 0.931409 0.588656 0.909744 0.802335 0.942691 0.921695 0.933479 0.702380 0.723473 0.986675 0.857538 0.848829 0.818081 0.922509 0.769302 0.949992 0.805114 0.983146 0.808947 0.799819 0.648688
0.262288 0.243137 0.854670 0.996389 0.729997 0.943118 0.729541 0.589172 0.966064 0.907396 0.311120 0.000000 0.434702 0.412226 0.815302 0.812106 0.326947 0.309765 0.412083 0.312657 0.880233 0.995238 0.900886 0.947805 0.803043 0.709651 0.870147 0.821025 0.405232 0.349891 0.883668 0.979677 0.459914 0.435296 0.914595 0.873697 0.777412 0.816548 0.990957 0.938767 0.972482 0.903429 0.947045 0.981664 0.967679 0.836067 0.602239 0.623996 0.651864 0.580328 0.524781 0.509635 0.999472 0.767703 0.571169 0.595442 0.310028 0.295220 0.362516 0.388245 0.318445 0.259748 0.298617 0.279991 0.968238 0.728760 0.768340 0.869375 0.487123 0.371517 0.980236 0.779099 0.709747 0.809636 0.738748 0.775189 0.931129 0.806773 0.517309 0.495186 0.312931 0.328031 0.451254 0.390703 0.468757 0.556593 0.708472 0.649680 0.640763 0.577765 0.613851 0.498161 0.593329 0.477891 0.811593 0.990296 0.521601 0.924562 0.901829 0.976221 0.860080 0.870396 0.771830 0.732310 0.905187 0.781570 0.850824 0.910958 0.866694 0.713073 0.930748 0.785333 0.966412 0.847025 0.737465 0.642901
0.442588 0.519607 0.777346 0.988711 0.588325 0.984810 0.442078 0.612314 0.703889 0.786874 0.385308 0.434702 0.000000 0.293969 0.428216 0.478119 0.451196 0.432782 0.303384 0.375688 0.900401 0.911859 0.514954 0.698081 0.768859 0.638905 0.962036 0.832667 0.383409 0.399438 0.923363 0.753473 0.413273 0.409344 0.959119 0.902999 0.923928 0.910952 0.864773 0.869610 0.969252 0.979392 0.960277 0.882200 0.683103 0.677596 0.688310 0.625770 0.605604 0.592241 0.630767 0.585824 0.788208 0.943657 0.780224 0.756817 0.530378 0.572524 0.525098 0.695143 0.288147 0.357198 0.408870 0.427792 0.739015 0.831621 0.841438 0.963337 0.768367 0.648183 0.833999 0.946783 0.729160 0.724180 0.822358 0.779576 0.725327 0.753725 0.584361 0.677863 0.508583 0.556540 0.464783 0.534211 0.366728 0.590575 0.665458 0.568615 0.619296 0.634488 0.891957 0.820774 0.736320 0.693607 0.842878 0.982277 0.710904 0.839349 0.647430 0.660232 0.917025 0.849097 0.836532 0.706731 0.816275 0.859078 0.911312 0.960278 0.960817 0.836152 0.920698 0.639266 0.751088 0.747385 0.797192 0.641048
0.489358 0.514913 0.672559 0.862289 0.651074 0.931559 0.439396 0.519092 0.728802 0.835715 0.461489 0.412226 0.293969 0.000000 0.531982 0.461851 0.554938 0.520030 0.362918 0.439065 0.983670 0.896187 0.590883 0.643504 0.866085 0.808156 0.953014 0.885251 0.430517 0.525206 0.860036 0.741476 0.425563 0.399409 0.807859 0.992421 0.948537 0.849426 0.985395 0.991346 0.961333 0.961666 0.806796 0.759005 0.663942 0.592610 0.525369 0.520400 0.611219 0.538218 0.506263 0.441165 0.746868 0.889458 0.697645 0.702033 0.581284 0.612966 0.463283 0.628714 0.318157 0.351016 0.453165 0.475052 0.727462 0.716137 0.688345 0.798912 0.823863 0.640818 0.820493 0.995611 0.795872 0.678359 0.766116 0.664089 0.706656 0.697609 0.598691 0.667836 0.583193 0.622171 0.470434 0.586648 0.421328 0.495393 0.767104 0.635651 0.616714 0.554396 0.956426 0.870963 0.845565 0.758126 0.961658 0.927111 0.648169 0.873754 0.629862 0.621211 0.963927 0.936624 0.794693 0.746053 0.811809 0.813355 0.990620 0.965984 0.996577 0.715606 0.848072 0.672404 0.731382 0.716887 0.741614 0.717257
0.818261 0.900720 0.869728 0.856227 0.641673 0.983536 0.558014 0.905221 0.549263 0.597052 0.723696 0.815302 0.428216 0.531982 0.000000 0.408997 0.739535 0.732139 0.593973 0.764214 0.917685 0.949092 0.352512 0.701988 0.836417 0.717934 0.877466 0.908726 0.540294 0.639478 0.703782 0.690915 0.566457 0.706069 0.913932 0.919200 0.821299 0.864828 0.672373 0.677684 0.907995 0.903716 0.963713 0.960319 0.650361 0.790034 0.965382 0.929296 0.744807 0.798517 0.937678 0.885502 0.710739 0.761416 0.999020 0.922058 0.895211 0.912549 0.894828 0.887001 0.600587 0.698391 0.726427 0.724980 0.693602 0.918708 0.960895 0.835305 0.852265 0.994126 0.890477 0.972659 0.843243 0.878479 0.875919 0.815728 0.817695 0.824523 0.838170 0.917327 0.828557 0.923673 0.612038 0.792839 0.577369 0.847639 0.716778 0.675322 0.811279 0.864261 0.972755 0.942876 0.826349 0.901477 0.908519 0.961873 0.991906 0.769959 0.686423 0.635520 0.815348 0.840935 0.960939 0.895553 0.924878 0.931352 0.939189 0.993036 0.961131 0.950403 0.959142 0.665767 0.815370 0.763011 0.998089 0.800347
0.913832 0.922610 0.645672 0.765369 0.681219 0.815472 0.506816 0.638001 0.510779 0.645432 0.784649 0.812106 0.478119 0.461851 0.408997 0.000000 0.887931 0.866051 0.635264 0.787904 0.881718 0.971733 0.451040 0.440883 0.902768 0.992409 0.791965 0.979619 0.701010 0.821332 0.649050 0.746382 0.713489 0.720849 0.877110 0.972386 0.987663 0.872070 0.995767 0.914099 0.992442 0.924697 0.740665 0.784653 0.793839 0.766897 0.803657 0.806836 0.872658 0.880925 0.857853 0.774830 0.715435 0.757879 0.995472 0.985837 0.997043 0.994217 0.886176 0.947321 0.694930 0.685113 0.874542 0.875372 0.508798 0.797128 0.870395 0.972814 0.819573 0.999230 0.749176 0.939236 0.901599 0.762459 0.779854 0.740713 0.663453 0.706439 0.825229 0.977398 0.995007 0.973423 0.686727 0.914074 0.650263 0.635218 0.810867 0.872802 0.869889 0.795491 0.798544 0.753888 0.948429 0.855963 0.931607 0.858867 0.997392 0.710945 0.734320 0.596929 0.961185 0.816390 0.961639 0.869244 0.772434 0.871046 0.910962 0.883616 0.951950 0.945173 0.959485 0.680905 0.584286 0.614647 0.768622 0.971947
0.278211 0.293534 0.964162 0.798414 0.757254 0.791642 0.816073 0.806729 0.968139 0.946736 0.336631 0.326947 0.451196 0.554938 0.739535 0.887931 0.000000 0.228964 0.435358 0.342293 0.816161 0.906174 0.886304 0.889213 0.635401 0.532552 0.882560 0.808851 0.385484 0.293972 0.854851 0.968577 0.461719 0.487844 0.975979 0.791991 0.909457 0.963260 0.854600 0.943334 0.933640 0.811644 0.793827 0.973372 0.923847 0.820889 0.715566 0.729740 0.608713 0.581908 0.645499 0.655235 0.980524 0.799615 0.637531 0.696359 0.275627 0.286190 0.486037 0.536440 0.387914 0.405446 0.264600 0.262949 0.922698 0.965121 0.999090 0.953465 0.529972 0.454462 0.952354 0.804002 0.752153 0.851837 0.816387 0.799643 0.976640 0.927299 0.460995 0.437356 0.253867 0.308761 0.464654 0.347297 0.479307 0.740292 0.678606 0.551911 0.614064 0.613476 0.542132 0.458914 0.460340 0.398731 0.802782 0.865302 0.630129 0.931459 0.889449 0.932721 0.714610 0.870426 0.754407 0.764979 0.991523 0.938921 0.811635 0.776593 0.851717 0.844584 0.997459 0.784230 0.960553 0.806621 0.833112 0.595389
0.254281 0.266490 0.961558 0.813479 0.804508 0.833493 0.818256 0.788568 0.919297 0.902858 0.307441 0.309765 0.432782 0.520030 0.732139 0.866051 0.228964 0.000000 0.430551 0.298118 0.856196 0.844589 0.864162 0.934682 0.690135 0.549372 0.912671 0.861656 0.358737 0.304840 0.836573 0.998592 0.440976 0.509655 0.979919 0.839396 0.889421 0.937580 0.886892 0.967473 0.888741 0.813954 0.794437 0.969641 0.964343 0.852618 0.702571 0.701498 0.617673 0.607116 0.654730 0.659124 0.970712 0.759881 0.644020 0.669846 0.267585 0.262495 0.459834 0.489656 0.381190 0.389035 0.251530 0.243882 0.959313 0.946346 0.960855 0.979090 0.479159 0.416813 0.980678 0.792802 0.755110 0.813348 0.857926 0.824941 0.992894 0.913708 0.469704 0.448998 0.249981 0.289910 0.439260 0.290017 0.460424 0.697331 0.646118 0.550159 0.605156 0.614341 0.508687 0.435184 0.449664 0.375921 0.772780 0.863861 0.594412 0.931301 0.886371 0.929634 0.709672 0.815710 0.814296 0.769371 0.951447 0.931179 0.828052 0.766192 0.861294 0.805282 0.991355 0.804649 0.941312 0.834455 0.835457 0.626265
0.395678 0.481106 0.780399 0.975504 0.668266 0.877310 0.416388 0.550923 0.661370 0.701191 0.380998 0.412083 0.303384 0.362918 0.593973 0.635264 0.435358 0.430551 0.000000 0.362880 0.854257 0.916216 0.580598 0.805397 0.641585 0.563149 0.940578 0.733578 0.373424 0.321215 0.905798 0.766595 0.484791 0.411034 0.864925 0.845322 0.941117 0.995773 0.762577 0.827240 0.969668 0.982350 0.996703 0.891576 0.760517 0.699381 0.735955 0.579682 0.519355 0.448128 0.614778 0.561108 0.806308 0.964526 0.725221 0.756330 0.482080 0.529800 0.477335 0.551882 0.314642 0.346775 0.392252 0.409679 0.931087 0.907661 0.883489 0.936074 0.660618 0.580647 0.812047 0.972737 0.595094 0.713695 0.730379 0.773803 0.789429 0.856529 0.575065 0.659748 0.446272 0.495527 0.519849 0.584882 0.447253 0.696955 0.785249 0.582995 0.621798 0.655830 0.899077 0.830939 0.720866 0.692267 0.894736 0.963964 0.633349 0.871919 0.687578 0.688887 0.903846 0.846918 0.769893 0.692732 0.917652 0.900508 0.978907 0.950497 0.914230 0.767367 0.844316 0.630703 0.811778 0.758466 0.844550 0.615446
0.301778 0.318477 0.900146 0.978530 0.795023 0.871641 0.665159 0.618762 0.968915 0.992094 0.307388 0.312657 0.375688 0.439065 0.764214 0.787904 0.342293 0.298118 0.362880 0.000000 0.810888 0.839842 0.817588 0.943853 0.729514 0.617969 0.906853 0.780907 0.424035 0.322989 0.853171 0.974713 0.535221 0.475322 0.885221 0.848556 0.919903 0.840075 0.946743 0.966235 0.936897 0.909225 0.912528 0.967388 0.985869 0.838198 0.682165 0.649688 0.646349 0.617067 0.634429 0.637759 0.934989 0.787310 0.643235 0.612960 0.342134 0.341510 0.446811 0.466456 0.363762 0.354173 0.336141 0.340552 0.947206 0.822373 0.911442 0.992538 0.540763 0.435720 0.873659 0.879231 0.704293 0.749184 0.878283 0.880258 0.821247 0.896545 0.501036 0.515551 0.336952 0.346013 0.452421 0.389102 0.447848 0.627474 0.653249 0.583744 0.565155 0.583229 0.631693 0.591373 0.595526 0.532071 0.783601 0.929313 0.600931 0.917654 0.857963 0.955330 0.821312 0.928925 0.844434 0.753949 0.921929 0.855340 0.896246 0.912548 0.894864 0.712766 0.935758 0.778745 0.927502 0.858595 0.809630 0.639212
0.886253 0.897904 0.906291 0.814291 0.853991 0.717653 0.997984 0.886510 0.905099 0.872270 0.962784 0.880233 0.900401 0.983670 0.917685 0.881718 0.816161 0.856196 0.854257 0.810888 0.000000 0.938964 0.771805 0.878044 0.690903 0.650425 0.867539 0.725048 0.867422 0.773044 0.883249 0.910131 0.982579 0.974788 0.992857 0.949976 0.943950 0.804322 0.801532 0.588723 0.941612 0.844085 0.658341 0.676803 0.868254 0.760527 0.801785 0.812984 0.987556 0.897466 0.881464 0.936915 0.959548 0.983488 0.900184 0.921803 0.912052 0.930994 0.962048 0.945592 0.929622 0.905271 0.897322 0.865349 0.896481 0.833134 0.760283 0.717385 0.896902 0.953811 0.901639 0.949310 0.754867 0.877094 0.978369 0.908493 0.914928 0.864547 0.927855 0.921853 0.863785 0.862445 0.866064 0.984873 0.838650 0.832384 0.925540 0.728227 0.917461 0.972310 0.760663 0.931572 0.751063 0.880702 0.912008 0.797862 0.938037 0.936291 0.851663 0.859884 0.654608 0.879711 0.990637 0.900837 0.894044 0.834975 0.993667 0.937779 0.923634 0.957438 0.965594 0.946547 0.888197 0.919386 0.850464 0.892825
0.928351 0.938202 0.922529 0.968637 0.907390 0.960767 0.971592 0.932365 0.898237 0.924750 0.957360 0.995238 0.911859 0.896187 0.949092 0.971733 0.906174 0.844589 0.916216 0.839842 0.938964 0.000000 0.985668 0.939278 0.932358 0.887609 0.932077 0.988963 0.908422 0.966356 0.939199 0.987462 0.891280 0.904915 0.983503 0.890366 0.986144 0.865754 0.998370 0.951320 0.838613 0.913978 0.961635 0.995463 0.986357 0.933717 0.987718 0.939780 0.955662 0.934632 0.987101 0.937541 0.857831 0.977107 0.929295 0.882163 0.917785 0.948014 0.997741 0.996279 0.990638 0.954228 0.910591 0.954493 0.985562 0.956993 0.980478 0.950334 0.984510 0.957472 0.817981 0.999518 0.925962 0.980703 0.994553 0.885670 0.961317 0.910795 0.878872 0.834576 0.926495 0.902523 0.871087 0.890704 0.834499 0.988430 0.818008 0.765158 0.776412 0.809886 0.951523 0.952996 0.942072 0.994956 0.891668 0.887456 0.962643 0.961794 0.995570 0.971076 0.865066 0.796618 0.994642 0.991191 0.948035 0.967603 0.954334 0.979549 0.928804 0.977699 0.968269 0.919542 0.959261 0.906615 0.943451 0.895605
0.921356 0.992733 0.822863 0.878608 0.575587 0.996071 0.561819 0.937168 0.446006 0.486314 0.865068 0.900886 0.514954 0.590883 0.352512 0.451040 0.886304 0.864162 0.580598 0.817588 0.771805 0.985668 0.000000 0.596426 0.831060 0.658703 0.794485 0.860813 0.651341 0.726696 0.729779 0.766606 0.725330 0.862304 0.951306 0.935579 0.750702 0.905863 0.686263 0.535623 0.865576 0.793726 0.893939 0.902387 0.729348 0.919889 0.930092 0.978412 0.800480 0.805396 0.966602 0.890626 0.672317 0.645212 0.880827 0.797105 0.994686 0.976893 0.982514 0.884637 0.683709 0.744409 0.856282 0.828828 0.665766 0.893990 0.862787 0.694086 0.883404 0.932229 0.870412 0.921445 0.827626 0.829345 0.871886 0.860081 0.834287 0.869992 0.880194 0.955982 0.918884 0.984201 0.665594 0.933560 0.544308 0.910747 0.784657 0.602903 0.819444 0.856852 0.923124 0.785001 0.858006 0.939277 0.952346 0.954401 0.968212 0.745476 0.777688 0.616530 0.806527 0.760187 0.866578 0.993681 0.990511 0.890875 0.946218 0.978605 0.890103 0.927490 0.895769 0.743382 0.750642 0.911688 0.960549 0.942168
0.951594 0.963339 0.505498 0.611261 0.828158 0.730770 0.628113 0.675674 0.635628 0.849610 0.996085 0.947805 0.698081 0.643504 0.701988 0.440883 0.889213 0.934682 0.805397 0.943853 0.878044 0.939278 0.596426 0.000000 0.651779 0.815221 0.682025 0.923296 0.958650 0.935096 0.806731 0.898448 0.902270 0.846541 0.852947 0.934480 0.995717 0.748438 0.842387 0.988700 0.904328 0.881275 0.732289 0.917252 0.974456 0.972796 0.845120 0.891303 0.863673 0.920626 0.986734 0.861176 0.972641 0.915512 0.983048 0.975551 0.838970 0.874661 0.998933 0.900696 0.865751 0.810877 0.917031 0.910530 0.421712 0.600214 0.718276 0.833247 0.862644 0.912930 0.753594 0.957052 0.989962 0.993899 0.775549 0.836074 0.780266 0.699842 0.898441 0.826133 0.851772 0.899778 0.776496 0.976353 0.688583 0.566443 0.756433 0.953905 0.852660 0.889274 0.719595 0.699822 0.768545 0.679801 0.930798 0.683348 0.939966 0.951308 0.900828 0.703577 0.880714 0.839581 0.694201 0.917905 0.724197 0.746567 0.892689 0.869764 0.936089 0.907139 0.901021 0.844903 0.726284 0.845417 0.837399 0.839160
0.717712 0.782308 0.605844 0.549851 0.772235 0.483331 0.945448 0.871870 0.857023 0.688661 0.730214 0.803043 0.768859 0.866085 0.836417 0.902768 0.635401 0.690135 0.641585 0.729514 0.690903 0.932358 0.831060 0.651779 0.000000 0.369570 0.686949 0.677336 0.577917 0.547341 0.903043 0.784193 0.846802 0.883209 0.754388 0.780312 0.760995 0.625850 0.510420 0.629292 0.881218 0.927475 0.647245 0.881914 0.768828 0.849558 0.843176 0.962924 0.536491 0.526242 0.864246 0.934007 0.746449 0.792270 0.950061 0.933306 0.692891 0.759375 0.868721 0.827013 0.757758 0.875935 0.607354 0.610012 0.520883 0.488339 0.610111 0.537984 0.850435 0.848292 0.958175 0.980779 0.810459 0.866120 0.989342 0.964822 0.907230 0.766680 0.760792 0.758970 0.655751 0.779334 0.902311 0.890207 0.911110 0.609538 0.866802 0.644810 0.974996 0.994191 0.658563 0.716653 0.511285 0.603429 0.983332 0.660957 0.938388 0.751667 0.901592 0.928766 0.622608 0.973355 0.774685 0.910899 0.737682 0.672601 0.949627 0.885356 0.958352 0.905426 0.999169 0.928117 0.904993 0.944420 0.814157 0.625603
0.624077 0.703410 0.650831 0.489892 0.719214 0.480026 0.918960 0.843248 0.821465 0.723347 0.672564 0.709651 0.638905 0.808156 0.717934 0.992409 0.532552 0.549372 0.563149 0.617969 0.650425 0.887609 0.658703 0.815221 0.369570 0.000000 0.886104 0.551434 0.526947 0.455455 0.917930 0.970591 0.756225 0.882748 0.769947 0.772568 0.779989 0.821209 0.518531 0.556113 0.904424 0.996508 0.516807 0.732221 0.824558 0.933710 0.834908 0.987008 0.595442 0.600611 0.928347 0.960781 0.841356 0.866455 0.926281 0.870193 0.614454 0.670277 0.906620 0.856755 0.679598 0.751644 0.512355 0.524663 0.667947 0.531227 0.539482 0.483411 0.801420 0.731571 0.944087 0.956128 0.790487 0.973294 0.973403 0.928815 0.874557 0.783173 0.742185 0.785523 0.554608 0.671340 0.731016 0.721457 0.711801 0.725822 0.847949 0.465034 0.873505 0.946594 0.572475 0.646416 0.421309 0.536406 0.857222 0.712767 0.950875 0.733590 0.929177 0.994588 0.596047 0.992657 0.916218 0.867826 0.762040 0.694152 0.874880 0.870773 0.948316 0.999553 0.985091 0.908704 0.862014 0.961512 0.885439 0.629432
0.858985 0.885334 0.813231 0.907143 0.915888 0.862475 0.976115 0.952170 0.856713 0.988303 0.827268 0.870147 0.962036 0.953014 0.877466 0.791965 0.882560 0.912671 0.940578 0.906853 0.867539 0.932077 0.794485 0.682025 0.686949 0.886104 0.000000 0.956124 0.915084 0.846815 0.895713 0.836769 0.895157 0.870516 0.983764 0.792792 0.917811 0.814279 0.888458 0.979014 0.977523 0.901300 0.936770 0.801956 0.767408 0.732570 0.966512 0.842319 0.688848 0.706524 0.736464 0.801929 0.843411 0.893776 0.958792 0.820900 0.824204 0.868934 0.783254 0.785668 0.858233 0.917314 0.818094 0.822704 0.627119 0.833087 0.984896 0.926442 0.985560 0.852218 0.997681 0.995911 0.904755 0.789643 0.927486 0.931165 0.974211 0.991978 0.842075 0.932385 0.890073 0.935169 0.846997 0.930551 0.842937 0.835667 0.739837 0.926229 0.832972 0.970439 0.939682 0.811491 0.905671 0.835017 0.974277 0.859199 0.924806 0.991821 0.873741 0.941553 0.981879 0.917973 0.653501 0.737635 0.899505 0.922221 0.983579 0.937781 0.969588 0.949518 0.892868 0.951094 0.981411 0.899545 0.932498 0.692346
0.828499 0.863547 0.915975 0.855329 0.831906 0.600781 0.895177 0.941318 0.811686 0.706109 0.877710 0.821025 0.832667 0.885251 0.908726 0.979619 0.808851 0.861656 0.733578 0.780907 0.725048 0.988963 0.860813 0.923296 0.677336 0.551434 0.956124 0.000000 0.766379 0.686779 0.948406 0.987800 0.976039 0.890558 0.730035 0.883112 0.961308 0.968975 0.722840 0.689058 0.809560 0.821668 0.754469 0.878965 0.952263 0.924429 0.931662 0.973688 0.753622 0.705891 0.926231 0.943137 0.873878 0.878249 0.965399 0.916963 0.829948 0.867303 0.962060 0.830362 0.874903 0.856210 0.799854 0.804315 0.764567 0.779770 0.751577 0.701768 0.866619 0.861042 0.945996 0.891331 0.753378 0.988414 0.950961 0.963277 0.958682 0.918788 0.988491 0.949964 0.811202 0.864729 0.871662 0.964316 0.911160 0.816023 0.940824 0.744780 0.807947 0.981669 0.826446 0.906162 0.744249 0.817901 0.980806 0.926480 0.937923 0.854107 0.954875 0.913366 0.959557 0.895107 0.932529 0.883222 0.836294 0.817444 0.974033 0.964178 0.891428 0.997826 0.999821 0.879645 0.969586 0.997186 0.961225 0.808836
0.395590 0.462762 0.992434 0.760468 0.667323 0.774079 0.643768 0.779230 0.830491 0.778067 0.371726 0.405232 0.383409 0.430517 0.540294 0.701010 0.385484 0.358737 0.373424 0.424035 0.867422 0.908422 0.651341 0.958650 0.577917 0.526947 0.915084 0.766379 0.000000 0.284707 0.972584 0.782879 0.402914 0.455744 0.997745 0.800935 0.973435 0.952200 0.689828 0.776499 0.963363 0.940569 0.879428 0.932928 0.687505 0.683707 0.775462 0.686745 0.441095 0.468392 0.613615 0.635990 0.758832 0.924522 0.725398 0.776092 0.427254 0.460910 0.504556 0.591214 0.383061 0.434099 0.301731 0.314215 0.923781 0.891818 0.991710 0.877460 0.679969 0.577774 0.949064 0.982748 0.690719 0.773791 0.850684 0.741575 0.930755 0.946311 0.515250 0.604444 0.381450 0.480707 0.456861 0.526891 0.510283 0.821054 0.817795 0.535334 0.694263 0.644971 0.702414 0.636357 0.541133 0.526392 0.904472 0.881896 0.725047 0.782243 0.707354 0.836461 0.779087 0.964775 0.736207 0.696771 0.967671 0.940638 0.915483 0.897849 0.938150 0.848951 0.902818 0.677796 0.953936 0.754773 0.892791 0.593990
0.303027 0.382548 0.980764 0.786395 0.683754 0.723787 0.655608 0.732442 0.850065 0.801264 0.313673 0.349891 0.399438 0.525206 0.639478 0.821332 0.293972 0.304840 0.321215 0.322989 0.773044 0.966356 0.726696 0.935096 0.547341 0.455455 0.846815 0.686779 0.284707 0.000000 0.938756 0.836767 0.482581 0.485716 0.818457 0.736698 0.959689 0.960829 0.659935 0.778604 0.969464 0.892934 0.799932 0.981999 0.845491 0.782853 0.796308 0.704201 0.484086 0.487035 0.659018 0.670476 0.886035 0.922369 0.698040 0.734106 0.334038 0.365862 0.475799 0.495893 0.363043 0.399662 0.296487 0.286884 0.858578 0.924391 0.951982 0.810993 0.563042 0.458772 0.952970 0.916486 0.576420 0.790274 0.818146 0.795788 0.971725 0.939591 0.493203 0.553750 0.295670 0.370739 0.482351 0.469401 0.509463 0.841234 0.735569 0.541253 0.641343 0.686169 0.640997 0.585126 0.491463 0.479252 0.835492 0.892324 0.661982 0.873822 0.772855 0.901767 0.755696 0.965325 0.717156 0.671186 0.968681 0.998569 0.909817 0.891697 0.923623 0.802163 0.904535 0.714032 0.979409 0.827148 0.901883 0.556405
0.833948 0.792911 0.819782 0.825767 0.923112 0.927863 0.683073 0.817268 0.694026 0.547149 0.906175 0.883668 0.923363 0.860036 0.703782 0.649050 0.854851 0.836573 0.905798 0.853171 0.883249 0.939199 0.729779 0.806731 0.903043 0.917930 0.895713 0.948406 0.972584 0.938756 0.000000 0.643639 0.875889 0.859929 0.998921 0.737273 0.890538 0.939167 0.945443 0.962603 0.932944 0.945324 0.692944 0.735397 0.694024 0.695232 0.987934 0.857678 0.826164 0.801419 0.818366 0.790210 0.588483 0.563764 0.906951 0.918070 0.762720 0.759817 0.998000 0.929073 0.992588 0.988269 0.916808 0.904174 0.921529 0.900672 0.863585 0.971903 0.642096 0.745841 0.804242 0.778290 0.893921 0.873344 0.839922 0.799137 0.607302 0.794195 0.965689 0.900208 0.786891 0.665742 0.992368 0.755119 0.890947 0.977174 0.896896 0.847195 0.956541 0.986907 0.718092 0.670353 0.779422 0.725265 0.917901 0.890789 0.995386 0.893572 0.738953 0.598943 0.828459 0.737839 0.908997 0.954864 0.839493 0.844982 0.906436 0.679733 0.937702 0.925897 0.895573 0.785825 0.752880 0.765629 0.920767 0.950343
0.951951 0.954221 0.880299 0.875116 0.917365 0.847800 0.572663 0.733328 0.728712 0.557498 0.895069 0.979677 0.753473 0.741476 0.690915 0.746382 0.968577 0.998592 0.766595 0.974713 0.910131 0.987462 0.766606 0.898448 0.784193 0.970591 0.836769 0.987800 0.782879 0.836767 0.643639 0.000000 0.756893 0.727343 0.960075 0.883957 0.987671 0.886708 0.845939 0.745492 0.979747 0.932370 0.728720 0.658977 0.617010 0.609842 0.856251 0.716264 0.693170 0.641980 0.695809 0.728174 0.535234 0.604245 0.897501 0.925175 0.916315 0.867771 0.828485 0.901138 0.817944 0.956196 0.916310 0.937699 0.940485 0.877097 0.864666 0.976487 0.837349 0.914683 0.763008 0.609770 0.727336 0.698974 0.974944 0.741904 0.692127 0.759744 0.877050 0.970101 0.962234 0.831265 0.948502 0.895280 0.973634 0.944786 0.818514 0.983976 0.973317 0.995005 0.755106 0.807794 0.849451 0.924099 0.914180 0.992436 0.986228 0.878558 0.517716 0.579336 0.917237 0.683538 0.621647 0.763705 0.868856 0.899207 0.697669 0.699056 0.911422 0.915669 0.837242 0.754730 0.713787 0.778082 0.931307 0.813206
0.461863 0.514478 0.845236 0.925343 0.789743 0.974132 0.593230 0.710786 0.931153 0.950815 0.439719 0.459914 0.413273 0.425563 0.566457 0.713489 0.461719 0.440976 0.484791 0.535221 0.982579 0.891280 0.725330 0.902270 0.846802 0.756225 0.895157 0.976039 0.402914 0.482581 0.875889 0.756893 0.000000 0.407629 0.746784 0.973218 0.901368 0.915649 0.911853 0.982061 0.858065 0.874584 0.915851 0.802141 0.648967 0.646149 0.613997 0.662917 0.605305 0.583215 0.506432 0.501908 0.723837 0.980125 0.666395 0.616260 0.510496 0.544097 0.423714 0.574548 0.346069 0.415279 0.384598 0.399180 0.896070 0.849601 0.674257 0.787114 0.768175 0.660428 0.955263 0.958602 0.759445 0.812530 0.854118 0.753553 0.866223 0.794134 0.598345 0.645901 0.493867 0.559825 0.553825 0.505628 0.503320 0.624070 0.775684 0.687057 0.688333 0.700753 0.885028 0.695908 0.805675 0.597773 0.892861 0.967035 0.502668 0.997434 0.608750 0.709137 0.956685 0.983613 0.660433 0.750601 0.829428 0.772393 0.907171 0.902459 0.918712 0.742051 0.796161 0.722699 0.874873 0.728905 0.726046 0.621998
0.441293 0.505213 0.712745 0.837174 0.843430 0.930122 0.502641 0.502858 0.876581 0.885610 0.417101 0.435296 0.409344 0.399409 0.706069 0.720849 0.487844 0.509655 0.411034 0.475322 0.974788 0.904915 0.862304 0.846541 0.883209 0.882748 0.870516 0.890558 0.455744 0.485716 0.859929 0.727343 0.407629 0.000000 0.894718 0.998007 0.873913 0.889492 0.973883 0.913992 0.853894 0.877512 0.742157 0.675519 0.660713 0.507858 0.545957 0.448610 0.536766 0.511071 0.425952 0.444702 0.789640 0.991321 0.573320 0.551075 0.534357 0.556514 0.364864 0.490775 0.331129 0.360979 0.441862 0.468957 0.904796 0.720052 0.600307 0.674154 0.788415 0.647135 0.849973 0.953161 0.782218 0.723113 0.685241 0.760753 0.699439 0.768888 0.579168 0.551761 0.507109 0.586769 0.611875 0.608132 0.593113 0.551823 0.864783 0.814741 0.697621 0.617213 0.999349 0.788485 0.923603 0.716493 0.895497 0.891914 0.614094 0.928441 0.585506 0.681818 0.839866 0.877550 0.601209 0.631975 0.817927 0.679867 0.999051 0.964615 0.976307 0.802394 0.706957 0.570630 0.786843 0.588568 0.722829 0.686344
0.974661 0.969600 0.895946 0.996803 0.921230 0.636435 0.938135 0.947142 0.994340 0.773123 0.935153 0.914595 0.959119 0.807859 0.913932 0.877110 0.975979 0.979919 0.864925 0.885221 0.992857 0.983503 0.951306 0.852947 0.754388 0.769947 0.983764 0.730035 0.997745 0.818457 0.998921 0.960075 0.746784 0.894718 0.000000 0.740759 0.872148 0.929887 0.742251 0.795164 0.851342 0.961263 0.876028 0.935391 0.847413 0.967222 0.822331 0.994867 0.821667 0.899874 0.870272 0.822670 0.821486 0.913174 0.880224 0.857468 0.942373 0.971151 0.932741 0.954580 0.895338 0.884966 0.953982 0.981771 0.779681 0.764700 0.696295 0.591612 0.880143 0.887118 0.971088 0.881614 0.782470 0.986023 0.953291 0.952536 0.998083 0.718243 0.980039 0.959183 0.906599 0.941957 0.981465 0.986022 0.900583 0.779618 0.982374 0.988496 0.997437 0.923390 0.916482 0.959912 0.889618 0.971242 0.873108 0.974546 0.896082 0.999180 0.899490 0.920947 0.940685 0.979373 0.918396 0.981207 0.881326 0.786160 0.936834 0.979448 0.896832 0.949566 0.883094 0.981571 0.967082 0.946323 0.872648 0.930831
0.828023 0.829616 0.971238 0.950627 0.908923 0.793627 0.898490 0.930468 0.848706 0.939729 0.849730 0.873697 0.902999 0.992421 0.919200 0.972386 0.791991 0.839396 0.845322 0.848556 0.949976 0.890366 0.935579 0.934480 0.780312 0.772568 0.792792 0.883112 0.800935 0.736698 0.737273 0.883957 0.973218 0.998007 0.740759 0.000000 0.882718 0.772629 0.821270 0.874648 0.855340 0.973521 0.889970 0.943647 0.984978 0.971679 0.987173 0.953863 0.801536 0.865433 0.943921 0.942537 0.955420 0.899023 0.988293 0.920878 0.754020 0.791398 0.963528 0.973264 0.913830 0.895680 0.855511 0.844957 0.943551 0.914424 0.780797 0.763148 0.828988 0.802722 0.855600 0.985864 0.867339 0.935831 0.937106 0.907813 0.794872 0.907407 0.832500 0.964727 0.750703 0.762371 0.952753 0.822612 0.866266 0.998261 0.883866 0.910091 0.990689 0.904340 0.857148 0.926717 0.742673 0.860062 0.877134 0.973648 0.985611 0.811544 0.906934 0.866132 0.829696 0.950251 0.978359 0.792466 0.804519 0.771657 0.928195 0.921586 0.932611 0.940256 0.986615 0.975803 0.967903 0.977837 0.958701 0.786083
0.855511 0.779672 0.761063 0.722626 0.772860 0.902686 0.985028 0.708016 0.797651 0.860071 0.949489 0.777412 0.923928 0.948537 0.821299 0.987663 0.909457 0.889421 0.941117 0.919903 0.943950 0.986144 0.750702 0.995717 0.760995 0.779989 0.917811 0.961308 0.973435 0.959689 0.890538 0.987671 0.901368 0.873913 0.872148 0.882718 0.000000 0.701521 0.629237 0.788212 0.869642 0.993218 0.772309 0.816805 0.880974 0.925263 0.676449 0.769289 0.973437 0.982910 0.778647 0.819510 0.994701 0.817491 0.664389 0.817058 0.828484 0.784990 0.798321 0.732939 0.938843 0.866528 0.895106 0.901922 0.985749 0.755611 0.737572 0.713352 0.822267 0.806412 0.974722 0.972120 0.827958 0.900825 0.899440 0.834061 0.827123 0.821608 0.826649 0.934621 0.907731 0.886293 0.850779 0.909325 0.959913 0.771290 0.906301 0.840640 0.914414 0.941410 0.922758 0.892885 0.977318 0.984347 0.948582 0.854848 0.808592 0.808645 0.941128 0.960961 0.878417 0.842500 0.868201 0.923836 0.689809 0.740382 0.983712 0.837941 0.998750 0.795270 0.888594 0.912569 0.931136 0.850504 0.733279 0.936029
0.875170 0.834072 0.732970 0.720283 0.991543 0.908864 0.952042 0.749452 0.816464 0.807713 0.928753 0.816548 0.910952 0.849426 0.864828 0.872070 0.963260 0.937580 0.995773 0.840075 0.804322 0.865754 0.905863 0.748438 0.625850 0.821209 0.814279 0.968975 0.952200 0.960829 0.939167 0.886708 0.915649 0.889492 0.929887 0.772629 0.701521 0.000000 0.661969 0.741155 0.947488 0.948445 0.726908 0.896729 0.941140 0.935013 0.679201 0.877935 0.929124 0.904642 0.798242 0.797457 0.874422 0.850434 0.781593 0.774430 0.901524 0.876143 0.855711 0.828188 0.902547 0.837075 0.958052 0.958772 0.747382 0.643151 0.749909 0.743467 0.871887 0.803009 0.895191 0.930038 0.933426 0.981660 0.973690 0.827642 0.854086 0.768926 0.915372 0.987250 0.969010 0.943777 0.843906 0.848856 0.867863 0.655876 0.789000 0.944669 0.682528 0.811486 0.974421 0.983502 0.873717 0.892564 0.876488 0.735243 0.820368 0.825895 0.998389 0.854628 0.733020 0.965633 0.973067 0.992581 0.651461 0.640425 0.888198 0.939649 0.935259 0.867987 0.930309 0.988028 0.845449 0.925059 0.644016 0.897061
