0.000000 0.290617 0.759676 0.641235 0.832174 0.801304 0.985090 0.618283 0.845602 0.803209 0.649618 0.342297 0.688179 0.583912 0.950566 0.782000 0.477931 0.382672 0.492210 0.391394 0.783339 0.993807 0.763227 0.694788 0.643367 0.804427 0.670654 0.980103 0.691141 0.484221 0.774276 0.726375 0.614489 0.651784 0.964178 0.809742 0.650046 0.559263 0.755978 0.759175 0.783871 0.758578 0.903539 0.970015 0.688142 0.848618 0.792985 0.870909 0.956118 0.826522 0.933714 0.806210 0.956658 0.760557 0.697481 0.857008 0.309982 0.297312 0.482201 0.357642 0.774793 0.595366 0.508059 0.310120 0.672192 0.730589 0.907240 0.887423 0.374510 0.504085 0.738839 0.896558 0.998817 0.914480 0.993196 0.877370 0.808766 0.996073 0.852314 0.824516 0.545891 0.536415 0.647810 0.577841 0.494864 0.492314 0.941809 0.875078 0.619165 0.416730 0.657644 0.688648 0.667537 0.736731 0.876670 0.980861 0.956162 0.953079 0.806245 0.762536 0.823656 0.726840 0.991890 0.994349 0.940348 0.944508 0.828830 0.984954 0.976379 0.729680 0.991254 0.949052 0.821057 0.984788 0.955199 0.886540
0.290617 0.000000 0.596282 0.529495 0.796731 0.723095 0.965785 0.606266 0.806938 0.672901 0.791538 0.403314 0.765798 0.682653 0.972215 0.785282 0.390173 0.311280 0.499250 0.419105 0.639102 0.962573 0.722254 0.646048 0.477133 0.660163 0.556348 0.979833 0.724337 0.424043 0.631703 0.649668 0.556279 0.583636 0.848147 0.723337 0.490396 0.464436 0.644584 0.778945 0.771105 0.703723 0.963011 0.846215 0.699848 0.853346 0.679807 0.775714 0.859682 0.824660 0.920082 0.732771 0.960436 0.860158 0.660942 0.800912 0.235897 0.246151 0.492449 0.378423 0.855764 0.619697 0.672160 0.391241 0.535392 0.587812 0.753101 0.745696 0.341031 0.421252 0.708953 0.852906 0.904206 0.960167 0.941067 0.963198 0.909852 0.960713 0.746993 0.683156 0.501757 0.564439 0.529000 0.509520 0.541643 0.446657 0.829812 0.889975 0.761499 0.420752 0.563387 0.604967 0.599798 0.710672 0.869788 0.987411 0.896757 0.913824 0.676256 0.771359 0.755832 0.639066 0.893038 0.933276 0.880831 0.875365 0.781709 0.968273 0.990548 0.671802 0.970191 0.885185 0.817255 0.977274 0.897094 0.857893
0.759676 0.596282 0.000000 0.314597 0.962424 0.863810 0.528726 0.488491 0.827716 0.760481 0.899153 0.841110 0.894792 0.780973 0.736969 0.606340 0.642215 0.622510 0.593326 0.658135 0.544231 0.908519 0.502072 0.500747 0.291109 0.327659 0.565477 0.956811 0.944883 0.630071 0.407720 0.514003 0.493445 0.632236 0.570590 0.658289 0.565391 0.601954 0.586678 0.945805 0.963903 0.740730 0.835248 0.774490 0.639574 0.633471 0.710660 0.772361 0.500017 0.811661 0.909206 0.958776 0.893685 0.932158 0.846791 0.997089 0.572125 0.575843 0.766843 0.693399 0.643370 0.697578 0.975690 0.829575 0.292275 0.350991 0.415756 0.501548 0.702578 0.695248 0.589901 0.762999 0.677251 0.755102 0.725394 0.934998 0.781265 0.755908 0.791814 0.899672 0.962748 0.946794 0.618412 0.863999 0.677721 0.513740 0.880937 0.999209 0.938058 0.765265 0.821283 0.742221 0.943544 0.955376 0.932445 0.892081 0.867493 0.993407 0.738602 0.900283 0.950064 0.836828 0.791822 0.889649 0.695122 0.697371 0.690572 0.839844 0.951687 0.723171 0.908208 0.830965 0.857532 0.971006 0.679375 0.933877
0.641235 0.529495 0.314597 0.000000 0.977674 0.922216 0.625476 0.386364 0.761642 0.849693 0.894919 0.669362 0.733690 0.582604 0.618529 0.433567 0.635004 0.585079 0.486917 0.590168 0.547726 0.984426 0.357578 0.383672 0.311977 0.379854 0.508329 0.968387 0.946784 0.582391 0.358400 0.455259 0.421400 0.662871 0.599361 0.615448 0.570016 0.565765 0.704903 0.995333 0.923904 0.814653 0.754412 0.709461 0.692973 0.683476 0.756827 0.736721 0.562045 0.961977 0.925536 0.741754 0.750097 0.792999 0.807701 0.966332 0.529312 0.494636 0.806924 0.550178 0.674762 0.525555 0.998304 0.695400 0.275304 0.279461 0.445958 0.522870 0.658537 0.634322 0.444260 0.604180 0.633893 0.743681 0.773793 0.961699 0.822869 0.679531 0.735498 0.798684 0.931268 0.932017 0.542508 0.814796 0.566387 0.392697 0.888876 0.929541 0.937165 0.596010 0.921532 0.847595 0.994855 0.941975 0.967256 0.849714 0.900367 0.919006 0.824991 0.963691 0.945903 0.914172 0.797720 0.856321 0.645010 0.615445 0.693756 0.777123 0.958957 0.728484 0.902557 0.929977 0.892441 0.907799 0.606854 0.895324
0.832174 0.796731 0.962424 0.977674 0.000000 0.582514 0.715890 0.782726 0.451694 0.551793 0.822327 0.963778 0.699008 0.867722 0.648933 0.773407 0.826652 0.745679 0.810670 0.987072 0.983244 0.979799 0.757733 0.883187 0.845348 0.927985 0.987495 0.942091 0.909319 0.988494 0.891591 0.861009 0.926928 0.946643 0.910390 0.949797 0.850816 0.835647 0.804419 0.754631 0.745843 0.867928 0.936785 0.962412 0.800134 0.932139 0.884851 0.984377 0.975566 0.944301 0.804945 0.903575 0.738187 0.702188 0.988988 0.899548 0.773060 0.847667 0.906870 0.937242 0.658113 0.649171 0.921728 0.972142 0.918164 0.957673 0.896072 0.970351 0.898049 0.900200 0.711788 0.934646 0.918863 0.798314 0.967335 0.965651 0.768154 0.861566 0.768545 0.992266 0.910450 0.980330 0.939164 0.781241 0.872724 0.956196 0.956202 0.917337 0.914000 0.921349 0.543149 0.575016 0.538713 0.630174 0.869373 0.895372 0.861990 0.761477 0.659336 0.722747 0.684335 0.624910 0.936661 0.890400 0.831155 0.885639 0.859152 0.926956 0.901452 0.898967 0.885094 0.843811 0.802122 0.990799 0.844841 0.953793
0.801304 0.723095 0.863810 0.922216 0.582514 0.000000 0.762021 0.877291 0.559906 0.573423 0.790067 0.911417 0.939644 0.988991 0.805448 0.843998 0.915005 0.774393 0.966536 0.861736 0.765532 0.914602 0.811390 0.883020 0.833999 0.881978 0.824162 0.900386 0.921088 0.864195 0.969388 0.906166 0.943121 0.962928 0.898180 0.996525 0.772465 0.846083 0.777014 0.798168 0.751847 0.930363 0.866147 0.913394 0.576949 0.710197 0.994562 0.847366 0.742428 0.818416 0.727225 0.844102 0.712641 0.654331 0.957319 0.809091 0.734975 0.779505 0.934842 0.876614 0.808184 0.904711 0.979410 0.997102 0.815139 0.925869 0.891501 0.910782 0.736059 0.849055 0.888224 0.885240 0.949972 0.864753 0.869530 0.885724 0.744390 0.843605 0.806228 0.894600 0.992274 0.940490 0.933598 0.787162 0.905980 0.948447 0.981438 0.990086 0.939061 0.895628 0.487539 0.564566 0.530516 0.710393 0.888107 0.977090 0.881094 0.878732 0.554460 0.646343 0.743941 0.727511 0.738296 0.885864 0.872784 0.920137 0.937571 0.870251 0.958170 0.801178 0.969145 0.676093 0.766397 0.958022 0.802158 0.821185
0.985090 0.965785 0.528726 0.625476 0.715890 0.762021 0.000000 0.442190 0.531627 0.675160 0.941900 0.945421 0.851124 0.922804 0.767046 0.823055 0.859264 0.978299 0.617148 0.899436 0.877968 0.838109 0.685431 0.862170 0.731548 0.694376 0.892914 0.897417 0.734479 0.891244 0.606917 0.684971 0.772091 0.723637 0.697118 0.880827 0.921096 0.963801 0.954604 0.944484 0.778088 0.793742 0.850508 0.840063 0.929176 0.881770 0.835371 0.820352 0.784454 0.852997 0.947271 0.960918 0.878284 0.902699 0.926128 0.978617 0.931525 0.923414 0.768345 0.820284 0.369926 0.673660 0.762384 0.895008 0.686120 0.665404 0.668193 0.711421 0.971415 0.990986 0.687678 0.939934 0.780333 0.840118 0.886756 0.984717 0.733025 0.820136 0.976978 0.919733 0.917115 0.945412 0.896501 0.836161 0.789014 0.864549 0.978575 0.861028 0.892734 0.990539 0.728559 0.818803 0.674160 0.817653 0.946523 0.822338 0.808975 0.789097 0.869382 0.844518 0.704859 0.905692 0.990130 0.973814 0.722625 0.855442 0.755643 0.851704 0.977999 0.883235 0.831964 0.973295 0.913321 0.980694 0.749654 0.919882
0.618283 0.606266 0.488491 0.386364 0.782726 0.877291 0.442190 0.000000 0.569048 0.768793 0.979430 0.595781 0.545276 0.518407 0.550895 0.516332 0.673870 0.663013 0.406332 0.571544 0.721959 0.880080 0.436575 0.544070 0.566281 0.612948 0.772186 0.962006 0.658186 0.608479 0.424318 0.484971 0.509726 0.647547 0.686495 0.733995 0.756319 0.729970 0.954310 0.972034 0.931625 0.773080 0.706936 0.683060 0.888594 0.903468 0.741522 0.714433 0.844920 0.930411 0.717049 0.697408 0.683369 0.746949 0.809084 0.978686 0.629499 0.579670 0.699040 0.497390 0.454205 0.334420 0.752888 0.553737 0.530098 0.460285 0.621744 0.625253 0.720654 0.699973 0.421282 0.618255 0.614841 0.678348 0.866952 0.950133 0.752450 0.766669 0.833705 0.812102 0.816942 0.737483 0.696286 0.935208 0.519845 0.522802 0.988717 0.990172 0.834662 0.623818 0.794411 0.836320 0.761827 0.772597 0.931651 0.807914 0.754092 0.827297 0.847663 0.781227 0.784652 0.916337 0.989053 0.927139 0.648061 0.667550 0.677840 0.700011 0.961936 0.785309 0.833694 0.942450 0.943738 0.964111 0.677567 0.901082
0.845602 0.806938 0.827716 0.761642 0.451694 0.559906 0.531627 0.569048 0.000000 0.503618 0.788564 0.939915 0.634501 0.724006 0.538576 0.601527 0.838655 0.779026 0.765222 0.994553 0.940547 0.992234 0.589080 0.734163 0.987539 0.916875 0.962321 0.950998 0.946432 0.955223 0.684103 0.824875 0.925279 0.997354 0.866219 0.993296 0.805696 0.882145 0.798418 0.724772 0.732241 0.928606 0.824375 0.923573 0.861670 0.990618 0.920520 0.928014 0.922263 0.880247 0.805744 0.888109 0.672513 0.610382 0.977512 0.853431 0.783612 0.875959 0.847627 0.944563 0.576305 0.610060 0.978483 0.979408 0.938385 0.804835 0.810412 0.894788 0.845586 0.923386 0.587978 0.715513 0.630318 0.565697 0.934716 0.994620 0.650643 0.726398 0.836540 0.934055 0.823550 0.874501 0.994795 0.656650 0.912868 0.970984 0.871183 0.971955 0.979063 0.945719 0.410900 0.487927 0.399147 0.473611 0.822035 0.795559 0.791658 0.797873 0.572979 0.619605 0.655656 0.625124 0.900150 0.825115 0.724401 0.804946 0.920955 0.684749 0.992057 0.963933 0.859092 0.819713 0.755049 0.975726 0.703601 0.886066
0.803209 0.672901 0.760481 0.849693 0.551793 0.573423 0.675160 0.768793 0.503618 0.000000 0.949595 0.932537 0.714001 0.899820 0.775183 0.985253 0.755765 0.692656 0.963356 0.835240 0.730778 0.904004 0.981656 0.830815 0.604284 0.675208 0.640712 0.995132 0.747652 0.877117 0.987542 0.978950 0.866291 0.952745 0.954164 0.820304 0.589683 0.674972 0.514092 0.805040 0.768249 0.878673 0.899080 0.976865 0.653013 0.716980 0.896843 0.965669 0.694605 0.916566 0.739095 0.924966 0.800461 0.752754 0.922101 0.885786 0.629465 0.687618 0.894908 0.936025 0.673398 0.783991 0.873111 0.975689 0.661057 0.760552 0.829316 0.808506 0.683228 0.770244 0.850633 0.828672 0.951049 0.838184 0.801192 0.902217 0.783012 0.993247 0.789580 0.843281 0.836759 0.909179 0.702191 0.560207 0.891165 0.708829 0.749746 0.781113 0.982738 0.798167 0.360983 0.368087 0.403627 0.528644 0.888327 0.819182 0.860410 0.821841 0.455584 0.531642 0.552805 0.592550 0.749903 0.786687 0.990782 0.972792 0.997216 0.790326 0.936620 0.872121 0.894826 0.751863 0.764209 0.961797 0.922994 0.950083
0.649618 0.791538 0.899153 0.894919 0.822327 0.790067 0.941900 0.979430 0.788564 0.949595 0.000000 0.711621 0.820688 0.872069 0.811821 0.745891 0.812374 0.770278 0.799001 0.703049 0.927335 0.992147 0.702982 0.759339 0.926034 0.818755 0.913875 0.902249 0.757959 0.830657 0.759615 0.837676 0.906007 0.800992 0.733233 0.791939 0.863353 0.941945 0.960025 0.716077 0.738122 0.933557 0.649037 0.785710 0.680159 0.790615 0.849804 0.768862 0.936337 0.811837 0.728973 0.702007 0.560022 0.529827 0.950196 0.943441 0.809264 0.807098 0.739534 0.805823 0.846912 0.980184 0.560218 0.745555 0.890671 0.836879 0.670180 0.752730 0.673951 0.943288 0.883919 0.790582 0.746878 0.690790 0.951046 0.913511 0.642636 0.810226 0.934993 0.901873 0.942134 0.808011 0.907465 0.827007 0.985281 0.915739 0.932670 0.990088 0.844148 0.921630 0.767991 0.805355 0.709333 0.765262 0.763279 0.855059 0.981912 0.944750 0.811618 0.684109 0.949694 0.835474 0.972756 0.973769 0.741748 0.745310 0.871931 0.810961 0.944966 0.959701 0.917136 0.884554 0.831909 0.823159 0.850353 0.750889
0.342297 0.403314 0.841110 0.669362 0.963778 0.911417 0.945421 0.595781 0.939915 0.932537 0.711621 0.000000 0.585156 0.451252 0.785817 0.679091 0.565468 0.431262 0.505170 0.403969 0.766430 0.929766 0.715561 0.658695 0.725337 0.860864 0.785947 0.967979 0.707972 0.476249 0.762192 0.717360 0.644390 0.735095 0.893264 0.894626 0.719043 0.652677 0.889433 0.959713 0.833616 0.778200 0.997490 0.915160 0.790292 0.922484 0.875386 0.875326 0.980226 0.820431 0.849412 0.742865 0.926910 0.950361 0.747901 0.946360 0.451567 0.402526 0.625332 0.455092 0.831002 0.493999 0.646591 0.368505 0.740941 0.738738 0.947033 0.915398 0.425498 0.567570 0.702548 0.739862 0.915583 0.918352 0.988099 0.945826 0.934667 0.982666 0.838952 0.714400 0.559129 0.535989 0.678693 0.639778 0.534162 0.521568 0.936690 0.856203 0.599604 0.499754 0.836684 0.871169 0.829830 0.937701 0.882187 0.947102 0.934865 0.985570 0.936292 0.915365 0.886596 0.911206 0.996320 0.949325 0.874273 0.889054 0.808394 0.932007 0.992096 0.796655 0.982594 0.917751 0.885421 0.919659 0.941437 0.952599
0.688179 0.765798 0.894792 0.733690 0.699008 0.939644 0.851124 0.545276 0.634501 0.714001 0.820688 0.585156 0.000000 0.384918 0.485864 0.645662 0.921728 0.889451 0.589668 0.635928 0.935979 0.945495 0.674517 0.754949 0.952042 0.968622 0.965790 0.967788 0.696043 0.664999 0.710838 0.654119 0.799561 0.840907 0.976089 0.981420 0.879934 0.926644 0.868439 0.960451 0.999552 0.963257 0.947415 0.970106 0.867712 0.900342 0.950392 0.920281 0.913209 0.986719 0.873727 0.817580 0.883065 0.847363 0.991232 0.901382 0.864417 0.759913 0.918982 0.690892 0.584699 0.509554 0.730223 0.626457 0.914889 0.832857 0.954303 0.978196 0.763816 0.790610 0.549892 0.594225 0.686778 0.699424 0.946701 0.912499 0.932908 0.791219 0.952805 0.969943 0.936886 0.915048 0.878851 0.881056 0.818512 0.848004 0.835329 0.947218 0.814173 0.814135 0.719337 0.702821 0.755506 0.656510 0.974175 0.856140 0.680055 0.807816 0.748888 0.830243 0.793325 0.689019 0.956602 0.804814 0.911813 0.800792 0.901055 0.770041 0.979644 0.891917 0.994107 0.876040 0.857952 0.981628 0.835331 0.917539
0.583912 0.682653 0.780973 0.582604 0.867722 0.988991 0.922804 0.518407 0.724006 0.899820 0.872069 0.451252 0.384918 0.000000 0.490145 0.454871 0.829599 0.682810 0.535298 0.491150 0.771504 0.924147 0.518147 0.526690 0.786782 0.789414 0.834644 0.914053 0.806108 0.628063 0.642705 0.619330 0.698612 0.869679 0.851514 0.921154 0.849382 0.814688 0.989116 0.937125 0.957169 0.814072 0.965412 0.957980 0.772931 0.808962 0.996612 0.987791 0.839317 0.990254 0.870578 0.770659 0.860062 0.844405 0.919374 0.863290 0.747608 0.613779 0.956464 0.644161 0.733896 0.448337 0.798724 0.543733 0.749047 0.676573 0.904005 0.944104 0.714783 0.741310 0.504216 0.538369 0.646710 0.597022 0.836581 0.999985 0.954844 0.893111 0.894666 0.897448 0.887473 0.813575 0.777418 0.985709 0.634595 0.610280 0.967802 0.956091 0.732802 0.615738 0.852166 0.839849 0.837835 0.710655 0.963030 0.767597 0.856209 0.917187 0.863199 0.884200 0.872962 0.802880 0.977388 0.824626 0.783255 0.660565 0.882813 0.754661 0.966562 0.848975 0.966760 0.920069 0.961392 0.971165 0.791966 0.939991
0.950566 0.972215 0.736969 0.618529 0.648933 0.805448 0.767046 0.550895 0.538576 0.775183 0.811821 0.785817 0.485864 0.490145 0.000000 0.424788 0.977884 0.978554 0.744902 0.805619 0.762513 0.946919 0.423138 0.551975 0.851107 0.798247 0.952482 0.954861 0.847593 0.792351 0.612047 0.639200 0.708405 0.928296 0.750785 0.807796 0.903297 0.951936 0.859534 0.815735 0.894210 0.933055 0.813982 0.876607 0.999773 0.918412 0.990975 0.972679 0.856775 0.990529 0.850197 0.760109 0.663114 0.587774 0.994082 0.823186 0.950748 0.907306 0.851623 0.886779 0.669710 0.599863 0.996650 0.845276 0.764189 0.695714 0.745466 0.817136 0.972839 0.822141 0.428379 0.481019 0.572581 0.544949 0.728928 0.998349 0.669208 0.748367 0.940443 0.978923 0.938721 0.918656 0.749419 0.820947 0.765269 0.750459 0.904195 0.988326 0.867822 0.911382 0.609017 0.615063 0.589456 0.458924 0.844474 0.878730 0.852553 0.941962 0.665801 0.664349 0.808702 0.605385 0.941395 0.849667 0.685812 0.637733 0.854085 0.769792 0.845679 0.997615 0.925974 0.818465 0.884636 0.976519 0.719473 0.855096
0.782000 0.785282 0.606340 0.433567 0.773407 0.843998 0.823055 0.516332 0.601527 0.985253 0.745891 0.679091 0.645662 0.454871 0.424788 0.000000 0.881231 0.812743 0.626402 0.707545 0.687395 0.921567 0.256299 0.310016 0.605588 0.599463 0.662095 0.981574 0.935541 0.630971 0.500476 0.559578 0.571188 0.876625 0.591536 0.674310 0.823173 0.795822 0.928453 0.949034 0.966020 0.993189 0.736104 0.744106 0.989263 0.920112 0.873667 0.781812 0.849157 0.848000 0.725910 0.588306 0.547630 0.562053 0.792667 0.957579 0.807298 0.703242 0.941990 0.696828 0.746743 0.508575 0.939929 0.719451 0.530653 0.477095 0.483630 0.609239 0.813299 0.721178 0.390084 0.517513 0.593231 0.605635 0.774598 0.926832 0.672797 0.717628 0.873113 0.859243 0.957401 0.957595 0.584033 0.963310 0.523503 0.479232 0.956745 0.765224 0.730354 0.610950 0.773377 0.821948 0.710086 0.656603 0.860483 0.789913 0.891910 0.993421 0.798515 0.747226 0.964862 0.800162 0.954725 0.989028 0.548623 0.532890 0.775933 0.727926 0.922419 0.906499 0.860244 0.773000 0.893359 0.914663 0.603866 0.785404
0.477931 0.390173 0.642215 0.635004 0.826652 0.915005 0.859264 0.673870 0.838655 0.755765 0.812374 0.565468 0.921728 0.829599 0.977884 0.881231 0.000000 0.369884 0.603135 0.576553 0.741799 0.946089 0.781457 0.770377 0.531466 0.707660 0.687832 0.950026 0.588718 0.474189 0.702932 0.731477 0.654516 0.535498 0.773235 0.801142 0.635836 0.577525 0.692562 0.795914 0.890816 0.644298 0.908432 0.765767 0.878303 0.993410 0.594903 0.679616 0.948066 0.818589 0.959264 0.822413 0.959176 0.912954 0.616240 0.626976 0.411475 0.424858 0.555055 0.537771 0.852678 0.756900 0.648511 0.497200 0.612246 0.681406 0.720164 0.693540 0.516549 0.584111 0.787387 0.977280 0.999357 0.896831 0.979210 0.919505 0.959636 0.938752 0.798720 0.712712 0.515702 0.522720 0.619662 0.517406 0.580677 0.557769 0.741731 0.941245 0.868736 0.541161 0.679116 0.685509 0.709284 0.724645 0.826895 0.900491 0.888908 0.900636 0.739165 0.842189 0.881206 0.689619 0.893873 0.905355 0.916609 0.841577 0.857124 0.984096 0.987741 0.645763 0.963700 0.939849 0.879333 0.924736 0.876064 0.991329
0.382672 0.311280 0.622510 0.585079 0.745679 0.774393 0.978299 0.663013 0.779026 0.692656 0.770278 0.431262 0.889451 0.682810 0.978554 0.812743 0.369884 0.000000 0.568580 0.465556 0.661923 0.964564 0.762590 0.673839 0.501304 0.612867 0.650916 0.956697 0.704759 0.436404 0.666432 0.693519 0.583725 0.659307 0.811512 0.742422 0.555217 0.476517 0.681321 0.802288 0.829659 0.641337 0.939356 0.800288 0.740620 0.915370 0.711341 0.701777 0.898351 0.853128 0.931614 0.761247 0.987159 0.889736 0.627532 0.770455 0.319758 0.297264 0.581231 0.487262 0.958937 0.687450 0.729083 0.429440 0.575090 0.625355 0.761882 0.764909 0.422961 0.463045 0.746220 0.909383 0.992094 0.967328 0.957828 0.956451 0.940281 0.974928 0.711034 0.651418 0.487912 0.540530 0.604190 0.470411 0.595319 0.474983 0.757929 0.975899 0.782235 0.485367 0.583446 0.616866 0.641836 0.712947 0.903342 0.897716 0.965667 0.981645 0.688411 0.822741 0.799483 0.654727 0.899092 0.922503 0.866939 0.839486 0.778218 0.965179 0.931117 0.682892 0.945336 0.835024 0.764083 0.953956 0.894258 0.950053
0.492210 0.499250 0.593326 0.486917 0.810670 0.966536 0.617148 0.406332 0.765222 0.963356 0.799001 0.505170 0.589668 0.535298 0.744902 0.626402 0.603135 0.568580 0.000000 0.445954 0.777498 0.962218 0.564620 0.612010 0.601899 0.664278 0.690910 0.991739 0.743620 0.536809 0.584228 0.634356 0.602898 0.653208 0.779631 0.775944 0.642477 0.634774 0.882413 0.832985 0.845936 0.743202 0.991286 0.900128 0.739937 0.765407 0.818503 0.862257 0.743006 0.961439 0.939605 0.842357 0.914240 0.974809 0.691543 0.971655 0.519475 0.457381 0.648218 0.502576 0.534447 0.428739 0.659012 0.471978 0.564097 0.552614 0.719667 0.833693 0.556885 0.622618 0.639817 0.805536 0.788739 0.853081 0.885860 0.883451 0.993730 0.887892 0.988459 0.896250 0.760869 0.692871 0.659693 0.764101 0.492099 0.495607 0.905957 0.926596 0.821745 0.545493 0.971667 0.951799 0.980961 0.996085 0.973357 0.898313 0.779126 0.835932 0.988665 0.925168 0.841947 0.944724 0.962537 0.982835 0.725503 0.794269 0.827413 0.905297 0.975890 0.720173 0.819830 0.990963 0.861390 0.934407 0.734600 0.933526
0.391394 0.419105 0.658135 0.590168 0.987072 0.861736 0.899436 0.571544 0.994553 0.835240 0.703049 0.403969 0.635928 0.491150 0.805619 0.707545 0.576553 0.465556 0.445954 0.000000 0.727408 0.887482 0.697266 0.626980 0.606487 0.720632 0.653164 0.980602 0.772309 0.513426 0.700722 0.707085 0.603688 0.704122 0.878674 0.810640 0.606546 0.603735 0.801209 0.892976 0.831593 0.756304 0.827330 0.934609 0.608521 0.702348 0.889337 0.954158 0.772578 0.928638 0.916324 0.937146 0.903418 0.813171 0.848585 0.953364 0.449992 0.376322 0.676555 0.496840 0.750663 0.538275 0.643731 0.413485 0.645135 0.668986 0.876506 0.868059 0.395751 0.541073 0.708489 0.836543 0.866466 0.964000 0.902847 0.918475 0.911764 0.997871 0.827542 0.768512 0.690243 0.607840 0.648119 0.670057 0.558793 0.559181 0.958022 0.896158 0.696737 0.558783 0.740184 0.783833 0.782362 0.885563 0.913060 0.979064 0.845500 0.988772 0.793650 0.752299 0.914042 0.790721 0.897599 0.958695 0.886373 0.821400 0.904260 0.949186 0.899139 0.771720 0.987757 0.903036 0.820482 0.939257 0.942938 0.945481
0.783339 0.639102 0.544231 0.547726 0.983244 0.765532 0.877968 0.721959 0.940547 0.730778 0.927335 0.766430 0.935979 0.771504 0.762513 0.687395 0.741799 0.661923 0.777498 0.727408 0.000000 0.986302 0.670661 0.644628 0.509697 0.514574 0.714024 0.994967 0.995251 0.732618 0.562836 0.719946 0.650929 0.804256 0.739672 0.807959 0.681897 0.819900 0.764019 0.990701 0.837734 0.826128 0.927949 0.946614 0.693387 0.673899 0.917014 0.892213 0.644995 0.902976 0.921496 0.943315 0.983339 0.968476 0.859721 0.955922 0.672055 0.686135 0.907259 0.864522 0.966645 0.802786 0.988687 0.881429 0.520327 0.571268 0.635037 0.762283 0.715064 0.829583 0.708665 0.806444 0.698934 0.751649 0.722527 0.953265 0.898456 0.906099 0.748991 0.781932 0.907093 0.912984 0.739246 0.860218 0.793485 0.641094 0.886411 0.959986 0.984562 0.800808 0.766518 0.741644 0.830076 0.985979 0.927789 0.933442 0.959408 0.849403 0.737361 0.906576 0.822853 0.853885 0.791811 0.970840 0.791706 0.805900 0.888512 0.978052 0.899883 0.831303 0.942858 0.776758 0.929964 0.949426 0.753218 0.999490
0.993807 0.962573 0.908519 0.984426 0.979799 0.914602 0.838109 0.880080 0.992234 0.904004 0.992147 0.929766 0.945495 0.924147 0.946919 0.921567 0.946089 0.964564 0.962218 0.887482 0.986302 0.000000 0.960544 0.956910 0.917711 0.949909 0.875987 0.937502 0.944719 0.936122 0.899776 0.930359 0.959332 0.710217 0.896109 0.966079 0.993548 0.926920 0.934396 0.841493 0.935592 0.856831 0.856057 0.867272 0.919667 0.924815 0.866155 0.948770 0.897956 0.921394 0.893257 0.999311 0.986284 0.944980 0.987404 0.909615 0.982974 0.939225 0.863592 0.964040 0.839792 0.991659 0.948153 0.991638 0.991781 0.997797 0.877365 0.903304 0.972077 0.894890 0.979378 0.852875 0.961471 0.903769 0.894833 0.979124 0.964583 0.954463 0.974318 0.882940 0.979479 0.983690 0.926715 0.963432 0.914901 0.965207 0.956545 0.834214 0.810698 0.911105 0.918084 0.936427 0.946947 0.959307 0.937924 0.964989 0.963677 0.957808 0.879592 0.882808 0.888912 0.974310 0.850378 0.882250 0.966533 0.978119 0.823836 0.988336 0.984371 0.784646 0.809293 0.898630 0.804767 0.928469 0.770087 0.914516
0.763227 0.722254 0.502072 0.357578 0.757733 0.811390 0.685431 0.436575 0.589080 0.981656 0.702982 0.715561 0.674517 0.518147 0.423138 0.256299 0.781457 0.762590 0.564620 0.697266 0.670661 0.960544 0.000000 0.294776 0.519295 0.532734 0.606828 0.973503 0.883634 0.590455 0.400294 0.485090 0.487999 0.810367 0.576237 0.621689 0.759702 0.714386 0.885844 0.942551 0.991484 0.893107 0.719589 0.726046 0.979469 0.903497 0.795133 0.756563 0.798688 0.853657 0.736733 0.592291 0.539063 0.572442 0.775344 0.984497 0.726123 0.643304 0.893550 0.656819 0.672614 0.509416 0.982377 0.691080 0.457132 0.414883 0.396951 0.530939 0.818173 0.658962 0.343460 0.536098 0.576597 0.625540 0.773146 0.957486 0.654817 0.703969 0.852247 0.809831 0.918454 0.943518 0.524532 0.961379 0.479239 0.425729 0.943475 0.778085 0.817801 0.587357 0.807340 0.863837 0.720336 0.690626 0.923687 0.814065 0.853675 0.915024 0.851110 0.763016 0.932689 0.837864 0.981018 0.975706 0.519914 0.508422 0.807433 0.730804 0.974490 0.865462 0.836573 0.826924 0.969319 0.945368 0.601790 0.821256
0.694788 0.646048 0.500747 0.383672 0.883187 0.883020 0.862170 0.544070 0.734163 0.830815 0.759339 0.658695 0.754949 0.526690 0.551975 0.310016 0.770377 0.673839 0.612010 0.626980 0.644628 0.956910 0.294776 0.000000 0.468261 0.484026 0.549655 0.987117 0.996451 0.612686 0.493902 0.581270 0.469033 0.847895 0.604785 0.653996 0.674543 0.648982 0.762657 0.985578 0.943553 0.862341 0.782904 0.796005 0.890210 0.839882 0.763925 0.754352 0.762395 0.871865 0.774677 0.612988 0.627149 0.642333 0.763619 0.990799 0.653767 0.593099 0.909886 0.698928 0.860863 0.596947 0.926253 0.706636 0.444323 0.410446 0.418495 0.553268 0.748204 0.650988 0.469361 0.565521 0.656657 0.615737 0.739760 0.862989 0.757360 0.724869 0.827750 0.766585 0.861109 0.866803 0.519581 0.831609 0.506994 0.366080 0.842474 0.711986 0.762777 0.571939 0.981015 0.947731 0.900020 0.859491 0.912483 0.884998 0.885318 0.986031 0.971627 0.914166 0.962457 0.984223 0.970878 0.975826 0.561098 0.536287 0.855953 0.830250 0.962569 0.855930 0.934227 0.868735 0.979345 0.932018 0.669768 0.815832
0.643367 0.477133 0.291109 0.311977 0.845348 0.833999 0.731548 0.566281 0.987539 0.604284 0.926034 0.725337 0.952042 0.786782 0.851107 0.605588 0.531466 0.501304 0.601899 0.606487 0.509697 0.917711 0.519295 0.468261 0.000000 0.302046 0.489061 0.987611 0.998729 0.580702 0.448628 0.577258 0.467476 0.648284 0.605569 0.649658 0.491363 0.538199 0.539565 0.880638 0.862028 0.735194 0.814093 0.721156 0.653932 0.673272 0.689414 0.721954 0.565740 0.927070 0.955089 0.874213 0.899258 0.953757 0.792723 0.888030 0.452134 0.462097 0.724681 0.622293 0.828434 0.707431 0.977049 0.741574 0.266003 0.330047 0.428477 0.483708 0.584362 0.666836 0.631414 0.798259 0.744529 0.868154 0.764662 0.948492 0.904575 0.745891 0.740390 0.769792 0.835845 0.832801 0.528214 0.641465 0.606740 0.415101 0.795979 0.887116 0.979308 0.625247 0.663475 0.601368 0.753460 0.802573 0.904527 0.856707 0.904291 0.995377 0.627539 0.795719 0.760075 0.683136 0.757423 0.761180 0.706862 0.668973 0.715404 0.935901 0.969516 0.671869 0.970774 0.850221 0.830567 0.919696 0.642511 0.911753
0.804427 0.660163 0.327659 0.379854 0.927985 0.881978 0.694376 0.612948 0.916875 0.675208 0.818755 0.860864 0.968622 0.789414 0.798247 0.599463 0.707660 0.612867 0.664278 0.720632 0.514574 0.949909 0.532734 0.484026 0.302046 0.000000 0.612299 0.992548 0.954502 0.703169 0.499765 0.611964 0.509247 0.735913 0.543916 0.656814 0.592262 0.616304 0.621285 0.911490 0.929581 0.805115 0.763582 0.730311 0.705741 0.693279 0.713535 0.758878 0.554790 0.884908 0.993997 0.873343 0.899989 0.876615 0.771508 0.916390 0.618905 0.616373 0.857360 0.760934 0.854403 0.764351 0.908277 0.867348 0.320278 0.342708 0.417115 0.479299 0.767514 0.754469 0.650522 0.781359 0.692462 0.758347 0.728671 0.879737 0.836111 0.701507 0.754028 0.862543 0.923278 0.929649 0.584168 0.767732 0.684526 0.470350 0.767367 0.999455 0.967793 0.774057 0.797859 0.702838 0.894779 0.889499 0.967640 0.795207 0.893715 0.932354 0.726403 0.861305 0.862412 0.811180 0.750415 0.841275 0.636222 0.596155 0.726648 0.893024 0.986633 0.707768 0.994411 0.766563 0.935092 0.978058 0.662863 0.931031
0.670654 0.556348 0.565477 0.508329 0.987495 0.824162 0.892914 0.772186 0.962321 0.640712 0.913875 0.785947 0.965790 0.834644 0.952482 0.662095 0.687832 0.650916 0.690910 0.653164 0.714024 0.875987 0.606828 0.549655 0.489061 0.612299 0.000000 0.966447 0.979877 0.671946 0.656853 0.690828 0.566939 0.822101 0.773756 0.698765 0.504131 0.524269 0.688095 0.966225 0.868131 0.737318 0.946415 0.999773 0.687864 0.714920 0.969956 0.995790 0.696026 0.993691 0.958961 0.853045 0.872688 0.927441 0.845125 0.968329 0.528338 0.521439 0.723583 0.644651 0.912889 0.756717 0.990789 0.750833 0.503483 0.599392 0.599716 0.781952 0.631599 0.610435 0.712622 0.944166 0.934833 0.895473 0.753876 0.958870 0.969784 0.909466 0.876781 0.825525 0.979871 0.998170 0.591198 0.713212 0.633299 0.564540 0.744107 0.755873 0.894291 0.621335 0.677102 0.710375 0.766881 0.853071 0.869631 0.970521 0.971934 0.964278 0.639069 0.748631 0.663747 0.793878 0.815370 0.874745 0.808472 0.786580 0.930409 0.981513 0.969439 0.837182 0.979259 0.939098 0.808527 0.936489 0.915417 0.956521
0.980103 0.979833 0.956811 0.968387 0.942091 0.900386 0.897417 0.962006 0.950998 0.995132 0.902249 0.967979 0.967788 0.914053 0.954861 0.981574 0.950026 0.956697 0.991739 0.980602 0.994967 0.937502 0.973503 0.987117 0.987611 0.992548 0.966447 0.000000 0.898058 0.972272 0.997625 0.991709 0.975755 0.997723 0.886023 0.855537 0.914792 0.991552 0.744615 0.884852 0.857819 0.972753 0.873290 0.906654 0.864659 0.875078 0.896303 0.998745 0.886353 0.828554 0.895601 0.866259 0.876029 0.897963 0.871173 0.904263 0.956610 0.921142 0.918824 0.982418 0.814854 0.995470 0.865082 0.930535 0.963040 0.960375 0.940750 0.996009 0.989858 0.948525 0.978466 0.923850 0.967526 0.971303 0.993123 0.925971 0.940623 0.883438 0.930616 0.949891 0.973031 0.946801 0.999371 0.863195 0.919848 0.960508 0.900462 0.935800 0.885373 0.968866 0.969552 0.927993 0.994069 0.989206 0.910077 0.932118 0.912192 0.981874 0.941167 0.928755 0.982470 0.829941 0.862019 0.999231 0.904722 0.801000 0.992088 0.887078 0.887697 0.856516 0.901860 0.884640 0.993373 0.824590 0.997386 0.982893
0.691141 0.724337 0.944883 0.946784 0.909319 0.921088 0.734479 0.658186 0.946432 0.747652 0.757959 0.707972 0.696043 0.806108 0.847593 0.935541 0.588718 0.704759 0.743620 0.772309 0.995251 0.944719 0.883634 0.996451 0.998729 0.954502 0.979877 0.898058 0.000000 0.530907 0.849620 0.829463 0.871620 0.735931 0.867949 0.961226 0.865602 0.908054 0.938957 0.803640 0.970187 0.845678 0.887452 0.817959 0.882366 0.764867 0.775264 0.870435 0.743180 0.693995 0.773914 0.788404 0.915998 0.968090 0.832571 0.742483 0.763780 0.739178 0.635462 0.651645 0.679789 0.774191 0.513059 0.550788 0.997175 0.975207 0.951992 0.895309 0.769965 0.736966 0.730291 0.927618 0.946398 0.973132 0.970393 0.984801 0.839705 0.952087 0.912104 0.878993 0.663631 0.653482 0.910216 0.934029 0.735076 0.918831 0.928607 0.960451 0.825672 0.764921 0.918240 0.837817 0.914672 0.919312 0.955687 0.873564 0.751943 0.828045 0.845786 0.805386 0.838086 0.916959 0.818884 0.761519 0.968890 0.999104 0.946429 0.947056 0.908751 0.863173 0.887273 0.886542 0.889135 0.923373 0.997520 0.964916
0.484221 0.424043 0.630071 0.582391 0.988494 0.864195 0.891244 0.608479 0.955223 0.877117 0.830657 0.476249 0.664999 0.628063 0.792351 0.630971 0.474189 0.436404 0.536809 0.513426 0.732618 0.936122 0.590455 0.612686 0.580702 0.703169 0.671946 0.972272 0.530907 0.000000 0.612290 0.611441 0.576628 0.652987 0.729214 0.777087 0.602999 0.652058 0.721014 0.762206 0.836990 0.884591 0.912372 0.807320 0.871829 0.960690 0.656776 0.769574 0.935369 0.765950 0.861594 0.695248 0.893057 0.960525 0.629727 0.850239 0.426444 0.407616 0.536222 0.445528 0.737400 0.632705 0.679598 0.443274 0.587066 0.639257 0.650172 0.692747 0.454068 0.433854 0.578871 0.816312 0.911138 0.937297 0.959247 0.981615 0.907319 0.907550 0.827651 0.728571 0.584816 0.636528 0.589266 0.680725 0.533898 0.541926 0.902490 0.816328 0.720078 0.491417 0.789395 0.800644 0.846739 0.895032 0.840872 0.930166 0.770405 0.901123 0.872197 0.984424 0.922073 0.846448 0.993708 0.967789 0.854530 0.804588 0.862878 0.934140 0.969765 0.758787 0.816956 0.947524 0.891202 0.949983 0.786674 0.949896
0.774276 0.631703 0.407720 0.358400 0.891591 0.969388 0.606917 0.424318 0.684103 0.987542 0.759615 0.762192 0.710838 0.642705 0.612047 0.500476 0.702932 0.666432 0.584228 0.700722 0.562836 0.899776 0.400294 0.493902 0.448628 0.499765 0.656853 0.997625 0.849620 0.612290 0.000000 0.410143 0.499911 0.661397 0.619644 0.659541 0.761403 0.715436 0.878138 0.940210 0.965948 0.796833 0.684037 0.670089 0.885978 0.875682 0.779808 0.741502 0.743791 0.927277 0.850046 0.697193 0.690079 0.692736 0.827636 0.950172 0.631521 0.621238 0.867163 0.691720 0.709432 0.581216 0.986021 0.749761 0.464032 0.476002 0.462471 0.533588 0.783614 0.694301 0.449940 0.520239 0.548766 0.651081 0.892217 0.974098 0.647857 0.625818 0.753927 0.738591 0.883288 0.958983 0.719316 0.990962 0.710827 0.587682 0.959078 0.885903 0.971039 0.681178 0.908961 0.940635 0.790832 0.730059 0.985639 0.768088 0.829720 0.861193 0.969865 0.769687 0.950523 0.920110 0.985835 0.958831 0.638695 0.617581 0.669114 0.684007 0.916559 0.726926 0.839319 0.986035 0.947931 0.986751 0.627315 0.839261
0.726375 0.649668 0.514003 0.455259 0.861009 0.906166 0.684971 0.484971 0.824875 0.978950 0.837676 0.717360 0.654119 0.619330 0.639200 0.559578 0.731477 0.693519 0.634356 0.707085 0.719946 0.930359 0.485090 0.581270 0.577258 0.611964 0.690828 0.991709 0.829463 0.611441 0.410143 0.000000 0.533975 0.761507 0.700479 0.736995 0.783335 0.752705 0.831732 0.934732 0.955788 0.856912 0.644062 0.646945 0.870511 0.918907 0.728366 0.704518 0.788034 0.868510 0.804673 0.690233 0.710206 0.753197 0.911775 0.993931 0.676853 0.642133 0.762647 0.629532 0.637939 0.572327 0.879989 0.664890 0.501608 0.476175 0.567784 0.575188 0.761698 0.768144 0.499883 0.697353 0.706611 0.756021 0.880723 0.915893 0.796501 0.802404 0.767940 0.750133 0.812323 0.827069 0.644121 0.901065 0.623208 0.558833 0.995252 0.987974 0.897708 0.668686 0.982072 0.972179 0.912824 0.886381 0.929383 0.852791 0.898983 0.759638 0.991452 0.902509 0.966891 0.907840 0.976032 0.893259 0.584924 0.594141 0.715042 0.808383 0.977381 0.777861 0.813842 0.874876 0.920692 0.981284 0.801048 0.937493
0.614489 0.556279 0.493445 0.421400 0.926928 0.943121 0.772091 0.509726 0.925279 0.866291 0.906007 0.644390 0.799561 0.698612 0.708405 0.571188 0.654516 0.583725 0.602898 0.603688 0.650929 0.959332 0.487999 0.469033 0.467476 0.509247 0.566939 0.975755 0.871620 0.576628 0.499911 0.533975 0.000000 0.678553 0.608629 0.643826 0.718862 0.584079 0.763779 0.944126 0.948269 0.874189 0.883638 0.834433 0.801947 0.787616 0.769138 0.786021 0.754260 0.958886 0.894764 0.774114 0.868786 0.890843 0.798444 0.887017 0.546250 0.528228 0.717038 0.578484 0.793183 0.568968 0.891654 0.620699 0.468711 0.482913 0.487879 0.596861 0.616461 0.579877 0.588416 0.705177 0.748891 0.856043 0.827709 0.919814 0.855229 0.865964 0.852974 0.683691 0.797523 0.774570 0.574996 0.732300 0.543898 0.430406 0.905693 0.866359 0.865311 0.614527 0.872653 0.797727 0.939116 0.990987 0.939582 0.927580 0.827728 0.992029 0.912155 0.960265 0.905979 0.883510 0.819241 0.900301 0.688181 0.716771 0.782228 0.900491 0.987000 0.809197 0.929199 0.992712 0.869124 0.982193 0.756766 0.993510
0.651784 0.583636 0.632236 0.662871 0.946643 0.962928 0.723637 0.647547 0.997354 0.952745 0.800992 0.735095 0.840907 0.869679 0.928296 0.876625 0.535498 0.659307 0.653208 0.704122 0.804256 0.710217 0.810367 0.847895 0.648284 0.735913 0.822101 0.997723 0.735931 0.652987 0.661397 0.761507 0.678553 0.000000 0.755905 0.886882 0.839090 0.746927 0.747778 0.765791 0.843074 0.778794 0.909209 0.772219 0.947579 0.994514 0.640809 0.870657 0.939793 0.921192 0.982161 0.913112 0.966460 0.948700 0.734201 0.715585 0.634188 0.688389 0.637318 0.627536 0.715145 0.785904 0.721265 0.690863 0.695457 0.750907 0.689990 0.653940 0.624080 0.726031 0.776621 0.850251 0.897490 0.976422 0.986356 0.906969 0.911783 0.804152 0.887064 0.956157 0.738877 0.733417 0.755987 0.766951 0.772354 0.724457 0.932573 0.933771 0.943779 0.773794 0.932335 0.888555 0.959141 0.958781 0.838050 0.891199 0.883902 0.980821 0.945505 0.992801 0.949724 0.984728 0.953700 0.933864 0.939533 0.912370 0.658937 0.985164 0.904249 0.835803 0.930612 0.961433 0.995276 0.876699 0.868684 0.952858
0.964178 0.848147 0.570590 0.599361 0.910390 0.898180 0.697118 0.686495 0.866219 0.954164 0.733233 0.893264 0.976089 0.851514 0.750785 0.591536 0.773235 0.811512 0.779631 0.878674 0.739672 0.896109 0.576237 0.604785 0.605569 0.543916 0.773756 0.886023 0.867949 0.729214 0.619644 0.700479 0.608629 0.755905 0.000000 0.777679 0.836258 0.816909 0.760129 0.968522 0.941391 0.881164 0.755521 0.760741 0.977669 0.984809 0.720659 0.699697 0.865983 0.891725 0.845944 0.836065 0.765609 0.754963 0.731112 0.887542 0.841786 0.834773 0.881491 0.842938 0.824910 0.759078 0.864732 0.910611 0.557078 0.567091 0.467483 0.552207 0.865318 0.836166 0.772866 0.742988 0.760848 0.775700 0.706817 0.904079 0.690296 0.803944 0.781726 0.920319 0.946297 0.906712 0.615518 0.887475 0.703882 0.584500 0.808563 0.854676 0.983399 0.832801 0.952865 0.979822 0.888232 0.918489 0.963331 0.778475 0.962908 0.971047 0.992165 0.922213 0.994730 0.950651 0.896422 0.934751 0.700965 0.784678 0.707308 0.949879 0.999558 0.752958 0.972867 0.932253 0.864334 0.917239 0.743410 0.840227
0.809742 0.723337 0.658289 0.615448 0.949797 0.996525 0.880827 0.733995 0.993296 0.820304 0.791939 0.894626 0.981420 0.921154 0.807796 0.674310 0.801142 0.742422 0.775944 0.810640 0.807959 0.966079 0.621689 0.653996 0.649658 0.656814 0.698765 0.855537 0.961226 0.777087 0.659541 0.736995 0.643826 0.886882 0.777679 0.000000 0.766980 0.596847 0.917215 0.972382 0.922748 0.944981 0.838694 0.774461 0.993176 0.968223 0.833521 0.762894 0.911524 0.840043 0.857934 0.709990 0.754041 0.814740 0.719635 0.879809 0.701003 0.678024 0.847395 0.683913 0.961074 0.772072 0.905718 0.815575 0.628081 0.646105 0.600771 0.627152 0.863669 0.671227 0.625090 0.796385 0.823196 0.995930 0.863115 0.967172 0.879461 0.814638 0.923656 0.834985 0.873305 0.963941 0.683152 0.831741 0.666247 0.619411 0.946229 0.964624 0.844585 0.702862 0.941552 0.913233 0.974012 0.994530 0.843071 0.992732 0.995652 0.970124 0.968392 0.951580 0.847106 0.824840 0.947899 0.862303 0.798562 0.724305 0.848828 0.828391 0.766742 0.832665 0.917628 0.884417 0.973253 0.884545 0.806392 0.889297
0.650046 0.490396 0.565391 0.570016 0.850816 0.772465 0.921096 0.756319 0.805696 0.589683 0.863353 0.719043 0.879934 0.849382 0.903297 0.823173 0.635836 0.555217 0.642477 0.606546 0.681897 0.993548 0.759702 0.674543 0.491363 0.592262 0.504131 0.914792 0.865602 0.602999 0.761403 0.783335 0.718862 0.839090 0.836258 0.766980 0.000000 0.561873 0.678128 0.799464 0.749263 0.760835 0.978955 0.915554 0.615301 0.689899 0.853542 0.939687 0.654974 0.959786 0.935187 0.902509 0.997947 0.911355 0.868443 0.903722 0.516724 0.502094 0.711320 0.644848 0.929746 0.825766 0.920404 0.740800 0.529402 0.576513 0.739931 0.808590 0.607568 0.635310 0.779666 0.964162 0.950045 0.922258 0.750266 0.916969 0.957917 0.950774 0.768229 0.795186 0.838414 0.876392 0.617276 0.623809 0.712321 0.607642 0.729433 0.869539 0.988589 0.700084 0.581725 0.652342 0.632485 0.730335 0.941731 0.900746 0.928640 0.980157 0.566883 0.728427 0.767293 0.668877 0.752217 0.939276 0.820239 0.787533 0.997852 0.963343 0.997881 0.808387 0.927498 0.834141 0.773384 0.944564 0.931316 0.934852
0.559263 0.464436 0.601954 0.565765 0.835647 0.846083 0.963801 0.729970 0.882145 0.674972 0.941945 0.652677 0.926644 0.814688 0.951936 0.795822 0.577525 0.476517 0.634774 0.603735 0.819900 0.926920 0.714386 0.648982 0.538199 0.616304 0.524269 0.991552 0.908054 0.652058 0.715436 0.752705 0.584079 0.746927 0.816909 0.596847 0.561873 0.000000 0.671232 0.860643 0.829528 0.799397 0.962196 0.874627 0.738718 0.852964 0.827462 0.866946 0.802614 0.967776 0.954202 0.790202 0.921190 0.929327 0.762956 0.831896 0.443799 0.440769 0.741819 0.586607 0.946684 0.738666 0.928731 0.657592 0.552764 0.629727 0.728125 0.798704 0.554643 0.492684 0.717114 0.852105 0.964624 0.926008 0.854868 0.991676 0.918806 0.851185 0.863662 0.798574 0.701630 0.842800 0.686158 0.643575 0.697085 0.515699 0.803563 0.984596 0.817746 0.614870 0.696454 0.684795 0.731546 0.768983 0.876611 0.970681 0.873946 0.993958 0.695295 0.739905 0.701032 0.654352 0.910387 0.919581 0.926985 0.963426 0.786315 0.991265 0.908223 0.771012 0.969217 0.861189 0.783883 0.897724 0.985218 0.841571
