0.000000 0.186859 0.478009 0.622775 0.676183 0.905430 0.407767 0.520836 0.910754 0.762873 0.380961 0.316771 0.286637 0.432147 0.606968 0.695102 0.320016 0.362458 0.256505 0.282956 0.699335 0.998908 0.613293 0.731627 0.773550 0.965574 0.917084 0.955296 0.512393 0.456810 0.818989 0.917880 0.322788 0.293274 0.681766 0.935480 0.495319 0.717583 0.725534 0.760413 0.755185 0.923467 0.817593 0.749443 0.913433 0.812043 0.444472 0.479477 0.747718 0.538944 0.626260 0.557598 0.969156 0.776540 0.405258 0.488808 0.279354 0.205707 0.279894 0.332280 0.245231 0.356050 0.229080 0.221394 0.563266 0.398420 0.348918 0.537007 0.292394 0.276185 0.690111 0.954919 0.527450 0.698839 0.694818 0.780406 0.678569 0.779534 0.509819 0.464178 0.247253 0.260873 0.350421 0.344435 0.271183 0.377026 0.567342 0.601957 0.461511 0.465451 0.596309 0.531981 0.490237 0.491649 0.986685 0.885274 0.377378 0.970092 0.861875 0.925047 0.796650 0.905884 0.754257 0.767573 0.635718 0.543212 0.992159 0.945448 0.844805 0.662026 0.993996 0.707304 0.910924 0.891094 0.707705 0.757976
0.186859 0.000000 0.509910 0.581795 0.714534 0.910061 0.414684 0.461121 0.916068 0.829606 0.411042 0.275935 0.311843 0.401011 0.604011 0.668360 0.287515 0.306978 0.244104 0.244487 0.736477 0.951477 0.558696 0.687685 0.819866 0.960766 0.934749 0.967664 0.451495 0.405797 0.796418 0.853725 0.301757 0.287807 0.713510 0.997077 0.523630 0.646842 0.745046 0.787173 0.754416 0.798627 0.674343 0.642093 0.824587 0.734459 0.371324 0.426633 0.685004 0.496122 0.569263 0.505578 0.946385 0.838044 0.450747 0.495788 0.254752 0.179578 0.286799 0.334452 0.280104 0.370055 0.211831 0.180371 0.626907 0.438920 0.343805 0.478790 0.332581 0.292235 0.598909 0.848817 0.549770 0.673054 0.741011 0.731431 0.568008 0.652193 0.396672 0.404632 0.236382 0.279741 0.389001 0.395659 0.330205 0.405519 0.628084 0.636791 0.520904 0.484876 0.679030 0.636177 0.610808 0.533545 0.954212 0.853315 0.370749 0.895383 0.760173 0.821982 0.841825 0.942086 0.676818 0.716424 0.561684 0.485685 0.976876 0.945928 0.899843 0.647719 0.906433 0.651884 0.845549 0.882219 0.665996 0.761109
0.478009 0.509910 0.000000 0.308055 0.722551 0.923504 0.510280 0.655862 0.745661 0.679537 0.771406 0.682174 0.361752 0.636462 0.521148 0.554133 0.745220 0.829099 0.628664 0.634609 0.605051 0.833195 0.441350 0.418297 0.411651 0.477533 0.700704 0.824245 0.937120 0.948847 0.691617 0.912027 0.600049 0.618502 0.535903 0.963317 0.425493 0.640757 0.516682 0.781780 0.740956 0.926800 0.935056 0.983545 0.824463 0.979731 0.708034 0.645255 0.942158 0.679581 0.784268 0.663607 0.953340 0.887040 0.357811 0.568510 0.766454 0.585945 0.474181 0.429725 0.422290 0.484371 0.653812 0.646559 0.231348 0.331115 0.470617 0.603262 0.438527 0.453444 0.873718 0.978251 0.540413 0.686405 0.748821 0.848723 0.819362 0.974433 0.744075 0.788979 0.707069 0.642988 0.633384 0.559683 0.338804 0.303102 0.553268 0.767620 0.359149 0.459600 0.565508 0.566300 0.533337 0.664340 0.900303 0.998681 0.684810 0.856388 0.763378 0.704072 0.725183 0.793216 0.896237 0.885734 0.728588 0.703646 0.880329 0.962394 0.948921 0.917074 0.943957 0.997386 0.874421 0.917157 0.786683 0.935545
0.622775 0.581795 0.308055 0.000000 0.779261 0.912623 0.506597 0.481229 0.704423 0.849822 0.910527 0.665660 0.433491 0.566522 0.453144 0.444766 0.841962 0.869626 0.707585 0.687827 0.723891 0.935893 0.410144 0.348668 0.474027 0.597200 0.708233 0.873718 0.908493 0.958762 0.636068 0.886119 0.676747 0.632398 0.641516 0.930996 0.512698 0.625832 0.514089 0.784589 0.810105 0.931924 0.891762 0.856161 0.893005 0.869044 0.649957 0.555142 0.997624 0.652005 0.689324 0.629635 0.892614 0.963763 0.477537 0.641036 0.844978 0.668851 0.557717 0.514583 0.511992 0.483875 0.719533 0.663657 0.350069 0.400301 0.549561 0.585915 0.674199 0.593053 0.891112 0.995084 0.734410 0.787772 0.776559 0.852143 0.713205 0.858438 0.744672 0.856520 0.806327 0.809313 0.681656 0.635705 0.478581 0.339847 0.621770 0.865882 0.483541 0.485514 0.757008 0.717416 0.735269 0.768209 0.928845 0.863988 0.700629 0.817253 0.897411 0.869903 0.815877 0.791576 0.965777 0.997477 0.648762 0.625575 0.807028 0.822343 0.910393 0.873052 0.938574 0.920140 0.982330 0.980286 0.788481 0.922659
0.676183 0.714534 0.722551 0.779261 0.000000 0.976205 0.736579 0.801812 0.956569 0.902590 0.749243 0.754093 0.615532 0.748630 0.747352 0.687610 0.765670 0.814402 0.692623 0.782133 0.856294 0.845530 0.705143 0.752226 0.712560 0.811991 0.940526 0.878134 0.809455 0.818551 0.904808 0.974812 0.771059 0.698168 0.823399 0.938014 0.803993 0.851022 0.882973 0.705592 0.872823 0.961031 0.969738 0.934094 0.937532 0.967471 0.772784 0.733827 0.986267 0.912298 0.894222 0.888952 0.904302 0.793455 0.746862 0.881070 0.716106 0.745627 0.713295 0.724085 0.698902 0.750744 0.755697 0.724488 0.740295 0.705464 0.795682 0.844373 0.660931 0.666669 0.963433 0.975238 0.788338 0.926659 0.855744 0.977884 0.988755 0.925739 0.828840 0.821091 0.732730 0.745566 0.766684 0.759291 0.660801 0.670460 0.845984 0.815670 0.728662 0.778854 0.860415 0.879089 0.906511 0.813451 0.865872 0.970139 0.816305 0.928640 0.967309 0.960942 0.910475 0.997656 0.912485 0.829114 0.902713 0.747931 0.905487 0.892256 0.903146 0.926651 0.875927 0.974618 0.950120 0.897764 0.760273 0.974385
0.905430 0.910061 0.923504 0.912623 0.976205 0.000000 0.914481 0.869521 0.891043 0.841418 0.856897 0.823613 0.944894 0.886330 0.976790 0.912407 0.844531 0.841340 0.892175 0.934933 0.824449 0.948865 0.833750 0.890447 0.822762 0.870592 0.815893 0.792540 0.808909 0.802282 0.829309 0.919744 0.980318 0.896932 0.796018 0.846045 0.893677 0.926234 0.940296 0.743415 0.891161 0.915799 0.850456 0.815763 0.877529 0.865791 0.951675 0.996134 0.895177 0.939093 0.985986 0.945755 0.994083 0.870566 0.966394 0.913454 0.824020 0.904153 0.982402 0.987881 0.897091 0.857549 0.917561 0.908498 0.835609 0.946388 0.967360 0.992279 0.997225 0.920907 0.974310 0.862135 0.931606 0.929226 0.839199 0.989845 0.973575 0.945225 0.977705 0.822531 0.868415 0.839908 0.984653 0.948755 0.943713 0.982605 0.881293 0.976794 0.846859 0.980078 0.826633 0.942281 0.984561 0.959714 0.899275 0.880886 0.817252 0.711582 0.744537 0.719481 0.709851 0.932798 0.798032 0.827984 0.911817 0.981978 0.993389 0.999838 0.945511 0.904197 0.918238 0.841065 0.941785 0.980392 0.944684 0.893627
0.407767 0.414684 0.510280 0.506597 0.736579 0.914481 0.000000 0.291793 0.534983 0.837892 0.448740 0.444258 0.317902 0.306667 0.426362 0.505944 0.464491 0.487210 0.335586 0.420065 0.828708 0.987713 0.730879 0.741568 0.966635 0.986141 0.931302 0.957572 0.449013 0.505629 0.737696 0.707510 0.354611 0.285563 0.768073 0.902722 0.654856 0.675218 0.816429 0.783670 0.838651 0.846662 0.535989 0.464077 0.605069 0.482253 0.414755 0.347272 0.617869 0.524953 0.480383 0.504707 0.728220 0.922098 0.528057 0.492077 0.509980 0.470602 0.381005 0.516984 0.294740 0.370637 0.384881 0.388616 0.680303 0.403952 0.304331 0.314622 0.651163 0.546997 0.588583 0.816888 0.555103 0.547674 0.686763 0.652939 0.516341 0.593709 0.517243 0.579826 0.517763 0.568399 0.558317 0.540804 0.545421 0.509287 0.700532 0.856131 0.648233 0.764783 0.967973 0.921414 0.827726 0.818907 0.896369 0.831247 0.462550 0.952165 0.645038 0.692110 0.938133 0.773740 0.657395 0.566019 0.550583 0.559046 0.843064 0.842004 0.824732 0.691453 0.787614 0.561823 0.756395 0.667961 0.625309 0.691628
0.520836 0.461121 0.655862 0.481229 0.801812 0.869521 0.291793 0.000000 0.638174 0.754623 0.529294 0.394921 0.459805 0.302730 0.573324 0.517763 0.589143 0.575921 0.463827 0.511712 0.919525 0.985493 0.836984 0.765796 0.954388 0.941700 0.893790 0.877910 0.476521 0.526861 0.852469 0.714424 0.533036 0.380482 0.925532 0.987839 0.731744 0.664959 0.812768 0.791807 0.992376 0.830377 0.516778 0.493851 0.623811 0.442149 0.381550 0.349261 0.561547 0.526905 0.428773 0.484532 0.735393 0.937054 0.556911 0.553327 0.587553 0.533919 0.438827 0.533058 0.355874 0.292307 0.456145 0.407960 0.815012 0.410424 0.458805 0.393189 0.770942 0.600083 0.797483 0.905777 0.737535 0.706649 0.742815 0.706394 0.544719 0.625229 0.605866 0.635345 0.599297 0.679492 0.577109 0.643080 0.692357 0.541448 0.799445 0.934275 0.725825 0.732982 0.906998 0.942046 0.932065 0.770330 0.957842 0.774542 0.522657 0.932867 0.584161 0.616427 0.780779 0.891253 0.642683 0.606232 0.615012 0.566468 0.847115 0.739035 0.893182 0.748305 0.754379 0.518635 0.684137 0.699467 0.691449 0.652526
0.910754 0.916068 0.745661 0.704423 0.956569 0.891043 0.534983 0.638174 0.000000 0.687331 0.923021 0.940566 0.699754 0.703961 0.740490 0.799567 0.902910 0.998681 0.812563 0.912486 0.999110 0.985582 0.921881 0.867065 0.985121 0.894207 0.922272 0.922795 0.842020 0.929862 0.825527 0.895395 0.785820 0.764963 0.741030 0.835745 0.840123 0.822349 0.855162 0.912498 0.925144 0.869098 0.726692 0.676328 0.620908 0.581645 0.695170 0.714191 0.767178 0.714464 0.631148 0.670935 0.630759 0.672791 0.811585 0.741419 0.974364 0.979731 0.722571 0.896461 0.704566 0.761868 0.879080 0.911075 0.833464 0.735807 0.610115 0.551365 0.999629 0.995617 0.796654 0.848491 0.780601 0.736526 0.802057 0.817188 0.708476 0.765351 0.890113 0.946091 0.948454 0.915648 0.932057 0.922589 0.933091 0.845694 0.964875 0.992627 0.791563 0.932706 0.855275 0.828733 0.965080 0.861511 0.708630 0.990383 0.848205 0.959393 0.798675 0.823987 0.967129 0.792185 0.855294 0.743179 0.792034 0.788297 0.768321 0.887540 0.966100 0.905471 0.824140 0.810885 0.839102 0.848849 0.747814 0.783793
0.762873 0.829606 0.679537 0.849822 0.902590 0.841418 0.837892 0.754623 0.687331 0.000000 0.965202 0.959863 0.779377 0.974612 0.917666 0.939171 0.907629 0.982160 0.928658 0.873431 0.752666 0.891812 0.600690 0.611869 0.479635 0.714831 0.543614 0.749731 0.799329 0.893849 0.958664 0.734336 0.929333 0.933810 0.686198 0.933044 0.715888 0.981770 0.697621 0.897808 0.819908 0.802483 0.475026 0.542333 0.340239 0.404930 0.866784 0.821665 0.497375 0.819791 0.648502 0.798716 0.590046 0.525772 0.761661 0.961133 0.900650 0.795600 0.978898 0.879215 0.937910 0.968421 0.910438 0.942941 0.527026 0.795160 0.931307 0.727942 0.638677 0.768614 0.911589 0.735455 0.936726 0.751498 0.924686 0.841002 0.765075 0.699823 0.955051 0.995478 0.805909 0.672059 0.683591 0.644848 0.489604 0.580714 0.756568 0.646458 0.668471 0.537684 0.387155 0.427423 0.479136 0.524776 0.850994 0.757421 0.956215 0.724329 0.438236 0.386298 0.448490 0.633672 0.532264 0.589859 0.822972 0.851176 0.840491 0.702416 0.946954 0.937572 0.650759 0.719581 0.575665 0.732607 0.896640 0.953340
0.380961 0.411042 0.771406 0.910527 0.749243 0.856897 0.448740 0.529294 0.923021 0.965202 0.000000 0.306044 0.474816 0.468768 0.761883 0.816795 0.381976 0.366410 0.361707 0.340933 0.897255 0.918439 0.999886 0.956791 0.823170 0.733481 0.770820 0.819729 0.436764 0.342946 0.927827 0.871845 0.479409 0.352485 0.990988 0.840218 0.823652 0.809200 0.975515 0.887217 0.844162 0.854885 0.767518 0.751472 0.742526 0.727779 0.599972 0.580558 0.666783 0.718825 0.733781 0.759148 0.918560 0.787835 0.716639 0.629384 0.384923 0.412304 0.523937 0.634403 0.372426 0.451384 0.335012 0.350685 0.914688 0.553166 0.563175 0.539913 0.573152 0.521591 0.764409 0.910123 0.571506 0.611930 0.680711 0.814001 0.718707 0.752336 0.588639 0.483201 0.354569 0.385768 0.568511 0.537500 0.616321 0.674385 0.736548 0.819401 0.758761 0.788475 0.903097 0.785905 0.811403 0.679121 0.907120 0.936418 0.577633 0.930700 0.694209 0.797921 0.908304 0.855067 0.629449 0.662835 0.750172 0.710730 0.834625 0.924257 0.763427 0.718025 0.896643 0.691594 0.848166 0.804708 0.785598 0.724189
0.316771 0.275935 0.682174 0.665660 0.754093 0.823613 0.444258 0.394921 0.940566 0.959863 0.306044 0.000000 0.418001 0.339723 0.671401 0.654459 0.397611 0.332671 0.302311 0.294152 0.795299 0.900935 0.758492 0.795531 0.994253 0.777543 0.973555 0.905536 0.387722 0.320502 0.992524 0.819038 0.437427 0.333017 0.906008 0.981091 0.695211 0.687637 0.922469 0.771375 0.929917 0.829978 0.702016 0.708852 0.816360 0.741818 0.476700 0.520946 0.702973 0.640024 0.659563 0.668181 0.905191 0.734062 0.627223 0.585856 0.317413 0.319043 0.437742 0.514992 0.307096 0.306039 0.289090 0.244727 0.814567 0.440819 0.511731 0.506104 0.511760 0.422896 0.759354 0.911292 0.591430 0.705817 0.748788 0.760908 0.696873 0.652134 0.505956 0.447875 0.324583 0.378559 0.503727 0.515607 0.505551 0.489261 0.742670 0.785113 0.649463 0.607513 0.825714 0.681620 0.753987 0.547444 0.925105 0.750297 0.478052 0.872598 0.721654 0.766550 0.982803 0.996321 0.621758 0.670406 0.646005 0.575939 0.930237 0.901225 0.850134 0.634169 0.825642 0.640101 0.786869 0.807642 0.703128 0.718591
0.286637 0.311843 0.361752 0.433491 0.615532 0.944894 0.317902 0.459805 0.699754 0.779377 0.474816 0.418001 0.000000 0.389451 0.427508 0.453446 0.424382 0.507317 0.345273 0.365998 0.619191 0.982062 0.484055 0.548843 0.654496 0.840006 0.863869 0.854516 0.583576 0.576123 0.702788 0.896428 0.375213 0.350427 0.702923 0.911221 0.494357 0.662037 0.621751 0.689378 0.673505 0.947820 0.798977 0.704492 0.966631 0.780615 0.492458 0.449070 0.863899 0.580513 0.637459 0.579305 0.999891 0.853309 0.453325 0.537754 0.464702 0.363989 0.354858 0.410322 0.257684 0.350152 0.350129 0.353318 0.413479 0.290927 0.384041 0.514108 0.407537 0.350053 0.693394 0.947411 0.533223 0.654624 0.707833 0.745755 0.607557 0.742701 0.568841 0.518972 0.439245 0.431210 0.447951 0.422280 0.295377 0.286811 0.542314 0.698724 0.452583 0.488929 0.683572 0.644509 0.551786 0.619358 0.928522 0.984330 0.518800 0.874440 0.953858 0.986526 0.792930 0.928441 0.853250 0.765908 0.673554 0.533104 0.917399 0.947818 0.956442 0.795082 0.990101 0.763495 0.903669 0.895932 0.671961 0.752013
0.432147 0.401011 0.636462 0.566522 0.748630 0.886330 0.306667 0.302730 0.703961 0.974612 0.468768 0.339723 0.389451 0.000000 0.545127 0.496165 0.458159 0.419959 0.315606 0.353942 0.840817 0.899670 0.673668 0.632703 0.971998 0.949450 0.941751 0.930766 0.410646 0.409150 0.810696 0.663207 0.413183 0.350060 0.800748 0.994993 0.743801 0.589057 0.806173 0.705070 0.965890 0.770117 0.640381 0.593556 0.774759 0.628839 0.452307 0.494479 0.755620 0.676436 0.631788 0.659992 0.964443 0.867711 0.629991 0.590545 0.437892 0.472207 0.523099 0.637187 0.387285 0.372710 0.423824 0.365814 0.756739 0.417825 0.495950 0.480019 0.670007 0.599456 0.695978 0.782900 0.680466 0.704247 0.771418 0.729549 0.658947 0.560356 0.525897 0.542404 0.462059 0.508019 0.523089 0.520948 0.537605 0.449208 0.780830 0.752230 0.690934 0.662000 0.951318 0.819467 0.783687 0.689711 0.927133 0.764673 0.497104 0.994143 0.732945 0.713202 0.996178 0.852535 0.673365 0.662173 0.633250 0.650532 0.950363 0.961814 0.874413 0.699759 0.806934 0.657178 0.795086 0.726432 0.747091 0.699800
0.606968 0.604011 0.521148 0.453144 0.747352 0.976790 0.426362 0.573324 0.740490 0.917666 0.761883 0.671401 0.427508 0.545127 0.000000 0.323034 0.673366 0.655912 0.614196 0.612032 0.683056 0.970061 0.494795 0.507445 0.643242 0.771164 0.754138 0.815035 0.706019 0.740172 0.542518 0.650143 0.529379 0.591734 0.797664 0.951977 0.660991 0.706650 0.708462 0.921124 0.736304 0.818062 0.778384 0.724479 0.980142 0.899160 0.631509 0.630205 0.939663 0.850507 0.868711 0.818868 0.986271 0.857958 0.670054 0.796549 0.707971 0.655469 0.670595 0.745712 0.581342 0.626726 0.635191 0.631285 0.520729 0.492607 0.595156 0.656754 0.724325 0.645086 0.686086 0.832203 0.783398 0.818677 0.915956 0.706271 0.730820 0.678693 0.685077 0.663616 0.691631 0.719773 0.620369 0.580667 0.560993 0.464355 0.609907 0.873066 0.638196 0.670880 0.927891 0.893226 0.847541 0.848612 0.869510 0.911673 0.679178 0.837539 0.925330 0.932099 0.867000 0.906591 0.886024 0.828103 0.709621 0.722413 0.843940 0.883113 0.881583 0.994662 0.913482 0.859044 0.952949 0.803446 0.847327 0.909004
0.695102 0.668360 0.554133 0.444766 0.687610 0.912407 0.505944 0.517763 0.799567 0.939171 0.816795 0.654459 0.453446 0.496165 0.323034 0.000000 0.802547 0.765031 0.683590 0.694429 0.642705 0.914030 0.506936 0.448405 0.602754 0.728039 0.794703 0.812428 0.788554 0.842475 0.580754 0.683963 0.629940 0.616617 0.800699 0.845984 0.678009 0.725945 0.695805 0.738094 0.741498 0.944555 0.775887 0.707753 0.909118 0.903155 0.630227 0.663084 0.893130 0.935734 0.895019 0.865118 0.963299 0.833067 0.701964 0.855659 0.790995 0.742298 0.711162 0.731992 0.599390 0.590705 0.748837 0.697777 0.564936 0.472455 0.709677 0.725115 0.764314 0.630251 0.846011 0.874455 0.808723 0.768603 0.897650 0.687234 0.798222 0.751204 0.798143 0.746459 0.819998 0.827556 0.733392 0.668949 0.647462 0.429874 0.760697 0.964123 0.673726 0.644270 0.919519 0.840935 0.901649 0.806193 0.979523 0.959926 0.799029 0.810796 0.957551 0.961079 0.910009 0.951932 0.894652 0.879043 0.810077 0.706232 0.847975 0.924299 0.993334 0.939923 0.943571 0.829142 0.868612 0.848386 0.854269 0.921488
0.320016 0.287515 0.745220 0.841962 0.765670 0.844531 0.464491 0.589143 0.902910 0.907629 0.381976 0.397611 0.424382 0.458159 0.673366 0.802547 0.000000 0.232464 0.248112 0.264740 0.904274 0.911860 0.744505 0.874989 0.956056 0.794849 0.986488 0.945442 0.348666 0.297736 0.826555 0.696460 0.301656 0.328704 0.912345 0.940458 0.694744 0.792002 0.980443 0.799597 0.734273 0.713510 0.584386 0.554139 0.737135 0.704287 0.470167 0.547627 0.696801 0.666859 0.689086 0.683081 0.998124 0.844595 0.661127 0.612764 0.226190 0.270378 0.484128 0.580464 0.446103 0.562165 0.261394 0.263839 0.839893 0.598239 0.453998 0.533697 0.488006 0.510584 0.522480 0.725795 0.638458 0.732031 0.766543 0.719019 0.608135 0.562142 0.376176 0.366139 0.226983 0.286954 0.423446 0.438275 0.483657 0.600855 0.779502 0.628133 0.706181 0.704681 0.878645 0.853088 0.770790 0.679774 0.993113 0.945518 0.482412 0.899739 0.665224 0.743145 0.932286 0.809335 0.562471 0.572653 0.663633 0.647832 0.973101 0.950677 0.862990 0.658447 0.895050 0.636476 0.837781 0.782737 0.709881 0.799884
0.362458 0.306978 0.829099 0.869626 0.814402 0.841340 0.487210 0.575921 0.998681 0.982160 0.366410 0.332671 0.507317 0.419959 0.655912 0.765031 0.232464 0.000000 0.273576 0.212010 0.855750 0.877711 0.774269 0.859322 0.899095 0.698549 0.992157 0.933805 0.293538 0.238344 0.853038 0.629544 0.328450 0.312225 0.918925 0.971211 0.750083 0.667299 0.984933 0.892026 0.743564 0.687558 0.582506 0.566984 0.711702 0.732786 0.538900 0.600718 0.724361 0.749170 0.785489 0.808280 0.878466 0.740317 0.748498 0.677145 0.212367 0.281677 0.565607 0.682997 0.512721 0.590907 0.300964 0.263117 0.923703 0.660112 0.510628 0.558937 0.524851 0.527251 0.538966 0.642557 0.657331 0.666275 0.824031 0.729690 0.657061 0.487421 0.363652 0.319410 0.228719 0.286692 0.473959 0.489016 0.553899 0.640777 0.803084 0.681064 0.766637 0.759191 0.952795 0.865158 0.886475 0.750420 0.911549 0.794000 0.454716 0.897232 0.622990 0.659604 0.977119 0.818007 0.495769 0.562192 0.567643 0.669743 0.944673 0.947874 0.856748 0.647045 0.830922 0.603501 0.858576 0.745992 0.776478 0.773132
0.256505 0.244104 0.628664 0.707585 0.692623 0.892175 0.335586 0.463827 0.812563 0.928658 0.361707 0.302311 0.345273 0.315606 0.614196 0.683590 0.248112 0.273576 0.000000 0.244972 0.805652 0.889059 0.683904 0.773757 0.997249 0.845909 0.930717 0.983745 0.324176 0.307228 0.799860 0.713730 0.306442 0.261596 0.784473 0.989425 0.687181 0.693672 0.895675 0.723711 0.862291 0.820555 0.625752 0.577651 0.748189 0.677710 0.444742 0.470318 0.704731 0.600409 0.603112 0.594521 0.993506 0.860600 0.566978 0.563258 0.249347 0.283440 0.380456 0.504471 0.331292 0.439772 0.237623 0.236739 0.776943 0.497737 0.359494 0.473334 0.456938 0.449818 0.533449 0.795661 0.558931 0.684613 0.729019 0.724940 0.621007 0.595489 0.418119 0.426885 0.265261 0.324018 0.441674 0.445406 0.443219 0.515117 0.756362 0.688000 0.677096 0.683751 0.836585 0.754584 0.672295 0.594309 0.962719 0.821999 0.409188 0.963639 0.691081 0.716679 0.890294 0.864360 0.624071 0.556612 0.566717 0.562737 0.999874 0.984779 0.829966 0.588313 0.841362 0.595668 0.839913 0.782773 0.655282 0.758349
0.282956 0.244487 0.634609 0.687827 0.782133 0.934933 0.420065 0.511712 0.912486 0.873431 0.340933 0.294152 0.365998 0.353942 0.612032 0.694429 0.264740 0.212010 0.244972 0.000000 0.802440 0.855516 0.654169 0.735113 0.947596 0.857407 0.936609 0.942090 0.372900 0.272210 0.771556 0.724590 0.317047 0.292322 0.801154 0.999979 0.644713 0.558757 0.867916 0.835636 0.768725 0.711429 0.666351 0.641029 0.812195 0.792317 0.528080 0.559444 0.781038 0.678969 0.732688 0.722378 0.887885 0.744889 0.639281 0.625459 0.226720 0.243393 0.464684 0.552360 0.385326 0.476341 0.272918 0.236244 0.735426 0.511878 0.433963 0.523552 0.430976 0.427686 0.521620 0.698105 0.573768 0.636998 0.733439 0.719558 0.601956 0.547049 0.385021 0.343673 0.240616 0.271384 0.444401 0.449829 0.420015 0.497665 0.703645 0.684419 0.648309 0.632533 0.778832 0.740308 0.717514 0.692612 0.935505 0.862924 0.423123 0.989355 0.778306 0.804738 0.884129 0.903032 0.591616 0.655290 0.549854 0.606560 0.953747 0.952061 0.863651 0.672369 0.857363 0.660030 0.915386 0.816312 0.734752 0.758833
0.699335 0.736477 0.605051 0.723891 0.856294 0.824449 0.828708 0.919525 0.999110 0.752666 0.897255 0.795299 0.619191 0.840817 0.683056 0.642705 0.904274 0.855750 0.805652 0.802440 0.000000 0.912701 0.645521 0.617644 0.631684 0.655725 0.733394 0.595185 0.998384 0.975500 0.815047 0.972343 0.833118 0.832487 0.739793 0.689331 0.694131 0.786408 0.696103 0.861919 0.762010 0.858806 0.873251 0.999547 0.805954 0.878865 0.884969 0.993559 0.802605 0.984671 0.962195 0.977410 0.821629 0.759603 0.749444 0.958447 0.836470 0.778754 0.786927 0.755282 0.709107 0.754993 0.881679 0.840585 0.566551 0.636952 0.805148 0.970220 0.637340 0.640410 0.930541 0.990232 0.759848 0.805569 0.966099 0.909783 0.933993 0.954663 0.996861 0.786246 0.873706 0.777252 0.830837 0.817440 0.643499 0.566034 0.768896 0.931148 0.749491 0.686209 0.701716 0.648196 0.688917 0.748183 0.913679 0.919159 0.837382 0.856643 0.860962 0.817167 0.848585 0.820456 0.999036 0.852103 0.934758 0.891954 0.893865 0.790730 0.970775 0.922906 0.891830 0.909897 0.897680 0.862870 0.997956 0.958937
0.998908 0.951477 0.833195 0.935893 0.845530 0.948865 0.987713 0.985493 0.985582 0.891812 0.918439 0.900935 0.982062 0.899670 0.970061 0.914030 0.911860 0.877711 0.889059 0.855516 0.912701 0.000000 0.966606 0.981664 0.950473 0.944956 0.812928 0.996150 0.892889 0.827873 0.795131 0.748538 0.977004 0.953969 0.919275 0.775112 0.934255 0.969757 0.861158 0.859570 0.968287 0.947629 0.793656 0.829437 0.921043 0.986085 0.910198 0.971158 0.969902 0.917332 0.929637 0.952329 0.906375 0.972249 0.807135 0.913293 0.856721 0.950487 0.996769 0.906778 0.967460 0.912515 0.990809 0.943659 0.893796 0.908039 0.953773 0.943061 0.935109 0.917898 0.890373 0.963161 0.919750 0.968635 0.901455 0.961752 0.838628 0.651805 0.972865 0.950748 0.947464 0.996165 0.863307 0.989429 0.908934 0.923266 0.974242 0.852737 0.869121 0.941131 0.953012 0.878337 0.864887 0.898221 0.965749 0.963956 0.960535 0.972489 0.923718 0.858384 0.991497 0.856151 0.825644 0.907610 0.896693 0.790563 0.980798 0.929789 0.720375 0.962010 0.991732 0.950293 0.873764 0.962538 0.912176 0.978851
0.613293 0.558696 0.441350 0.410144 0.705143 0.833750 0.730879 0.836984 0.921881 0.600690 0.999886 0.758492 0.484055 0.673668 0.494795 0.506936 0.744505 0.774269 0.683904 0.654169 0.645521 0.966606 0.000000 0.272511 0.377159 0.620223 0.538553 0.763103 0.900486 0.909517 0.522016 0.872077 0.612866 0.770073 0.596903 0.926875 0.507621 0.674375 0.617017 0.855066 0.760660 0.899225 0.991170 0.942139 0.725919 0.839524 0.706633 0.780089 0.781607 0.810371 0.950240 0.805500 0.907857 0.848893 0.641973 0.866591 0.720659 0.630846 0.700685 0.645694 0.700386 0.766425 0.709935 0.659997 0.403347 0.612145 0.661414 0.851113 0.558220 0.593048 0.703659 0.817209 0.829315 0.904337 0.857169 0.829811 0.855034 0.864860 0.668092 0.745962 0.705623 0.713601 0.673774 0.626051 0.401309 0.381806 0.623787 0.659719 0.524875 0.467091 0.633614 0.693176 0.648120 0.735818 0.848899 0.985247 0.749178 0.791537 0.792453 0.792707 0.516528 0.743804 0.938691 0.957064 0.744942 0.719211 0.905513 0.939111 0.923419 0.922497 0.943563 0.905175 0.898878 0.899810 0.799567 0.976815
0.731627 0.687685 0.418297 0.348668 0.752226 0.890447 0.741568 0.765796 0.867065 0.611869 0.956791 0.795531 0.548843 0.632703 0.507445 0.448405 0.874989 0.859322 0.773757 0.735113 0.617644 0.981664 0.272511 0.000000 0.345506 0.546236 0.504142 0.768591 0.951124 0.978495 0.628937 0.886285 0.766855 0.784554 0.608267 0.818996 0.567520 0.623720 0.575844 0.819844 0.810794 0.943489 0.901144 0.977539 0.667659 0.809073 0.809281 0.840725 0.708647 0.966785 0.924852 0.975637 0.782872 0.711661 0.609483 0.800351 0.831688 0.731952 0.816500 0.776285 0.741383 0.714364 0.874694 0.790724 0.379345 0.533711 0.780397 0.901521 0.657029 0.692666 0.884239 0.916889 0.940042 0.978789 0.891224 0.919958 0.966501 0.920149 0.803611 0.855154 0.807953 0.756725 0.654895 0.602906 0.453875 0.333441 0.661281 0.714671 0.514503 0.463517 0.669087 0.623074 0.719642 0.743068 0.980186 0.908665 0.860654 0.751322 0.753027 0.726247 0.640632 0.741394 0.821689 0.885164 0.814081 0.879884 0.907089 0.879373 0.841799 0.949091 0.902557 0.929087 0.800927 0.862203 0.975248 0.957421
0.773550 0.819866 0.411651 0.474027 0.712560 0.822762 0.966635 0.954388 0.985121 0.479635 0.823170 0.994253 0.654496 0.971998 0.643242 0.602754 0.956056 0.899095 0.997249 0.947596 0.631684 0.950473 0.377159 0.345506 0.000000 0.372353 0.537881 0.652978 0.725858 0.733716 0.628351 0.856492 0.910509 0.982073 0.521948 0.870975 0.510369 0.809915 0.472158 0.822474 0.725964 0.923668 0.668343 0.762559 0.484181 0.604770 0.996011 0.956289 0.587984 0.952154 0.823810 0.978292 0.820608 0.722766 0.582821 0.860358 0.994655 0.849158 0.846928 0.716789 0.829297 0.851208 0.973163 0.980124 0.283953 0.629552 0.899739 0.936355 0.622954 0.621942 0.941930 0.897260 0.874714 0.989913 0.961243 0.988002 0.885427 0.827209 0.986034 0.985307 0.947180 0.856440 0.774462 0.664683 0.468502 0.434297 0.613923 0.767001 0.459073 0.458940 0.506318 0.543395 0.633459 0.726311 0.968053 0.912305 0.960459 0.752626 0.512027 0.489880 0.539217 0.608565 0.635319 0.644559 0.979277 0.959938 0.918364 0.880918 0.916061 0.843017 0.643320 0.744427 0.700260 0.685164 0.932813 0.949098
0.965574 0.960766 0.477533 0.597200 0.811991 0.870592 0.986141 0.941700 0.894207 0.714831 0.733481 0.777543 0.840006 0.949450 0.771164 0.728039 0.794849 0.698549 0.845909 0.857407 0.655725 0.944956 0.620223 0.546236 0.372353 0.000000 0.704696 0.667195 0.643289 0.607448 0.633856 0.967179 0.967408 0.889388 0.606293 0.892034 0.634503 0.898938 0.585804 0.813233 0.855695 0.790970 0.720777 0.824243 0.658219 0.739022 0.949676 0.938367 0.667695 0.959061 0.905832 0.978157 0.933489 0.993156 0.619539 0.884351 0.825514 0.920594 0.913492 0.810343 0.936489 0.969828 0.808727 0.820811 0.412372 0.721134 0.907686 0.930299 0.778930 0.874882 0.866506 0.920667 0.848436 0.978825 0.970706 0.917547 0.887474 0.808035 0.852616 0.887792 0.823762 0.922712 0.963264 0.875349 0.717245 0.619332 0.834313 0.946219 0.613125 0.717515 0.675794 0.752273 0.719805 0.932981 0.866165 0.809394 0.949860 0.755430 0.562732 0.567282 0.753125 0.784523 0.661979 0.573620 0.889328 0.942286 0.895679 0.776282 0.891542 0.799242 0.738345 0.743045 0.745673 0.741690 0.873748 0.797457
0.917084 0.934749 0.700704 0.708233 0.940526 0.815893 0.931302 0.893790 0.922272 0.543614 0.770820 0.973555 0.863869 0.941751 0.754138 0.794703 0.986488 0.992157 0.930717 0.936609 0.733394 0.812928 0.538553 0.504142 0.537881 0.704696 0.000000 0.793677 0.909798 0.923806 0.734796 0.960275 0.948188 0.950515 0.768543 0.865138 0.844801 0.812120 0.830139 0.962835 0.934958 0.988111 0.757135 0.733316 0.553741 0.607115 0.892463 0.816598 0.564070 0.833831 0.770940 0.823092 0.710273 0.717694 0.853652 0.923830 0.995890 0.972584 0.926527 0.989475 0.952067 0.988242 0.950000 0.993287 0.610874 0.812500 0.935048 0.864764 0.810260 0.941647 0.959108 0.954870 0.955663 0.834116 0.967509 0.927292 0.839879 0.939885 0.967316 0.984650 0.956788 0.912263 0.784217 0.887496 0.687768 0.657537 0.844518 0.800160 0.739759 0.734691 0.722473 0.724205 0.787881 0.804096 0.920148 0.968706 0.909916 0.929223 0.691174 0.691673 0.658544 0.780120 0.786268 0.792866 0.919561 0.902634 0.938211 0.876046 0.882708 0.891781 0.794006 0.806977 0.729452 0.882245 0.899353 0.803193
0.955296 0.967664 0.824245 0.873718 0.878134 0.792540 0.957572 0.877910 0.922795 0.749731 0.819729 0.905536 0.854516 0.930766 0.815035 0.812428 0.945442 0.933805 0.983745 0.942090 0.595185 0.996150 0.763103 0.768591 0.652978 0.667195 0.793677 0.000000 0.935110 0.841494 0.830454 0.938446 0.994533 0.908545 0.916311 0.774961 0.879440 0.797907 0.914387 0.789133 0.817801 0.952304 0.971214 0.982067 0.763135 0.871157 0.951869 0.928683 0.819657 0.926521 0.918447 0.974815 0.964141 0.926493 0.901722 0.971555 0.995144 0.972488 0.921939 0.851315 0.982788 0.995765 0.956117 0.943227 0.726494 0.892924 0.984486 0.809148 0.906168 0.809530 0.923480 0.863293 0.944420 0.891353 0.833999 0.981962 0.913216 0.986503 0.957478 0.939618 0.975925 0.969479 0.992230 0.957715 0.854021 0.807855 0.944462 0.985987 0.938018 0.823140 0.850032 0.923408 0.807673 0.924209 0.891844 0.725525 0.958808 0.845461 0.799177 0.751482 0.816916 0.859399 0.786366 0.806039 0.796593 0.897722 0.913683 0.846992 0.969637 0.858841 0.803785 0.776001 0.978189 0.893486 0.921681 0.803988
0.512393 0.451495 0.937120 0.908493 0.809455 0.808909 0.449013 0.476521 0.842020 0.799329 0.436764 0.387722 0.583576 0.410646 0.706019 0.788554 0.348666 0.293538 0.324176 0.372900 0.998384 0.892889 0.900486 0.951124 0.725858 0.643289 0.909798 0.935110 0.000000 0.236374 0.890300 0.568731 0.422410 0.368217 0.932415 0.956814 0.874641 0.784712 0.854383 0.842902 0.939967 0.769500 0.428512 0.435126 0.549803 0.553090 0.511909 0.537576 0.591683 0.679335 0.635385 0.712291 0.944888 0.949764 0.824866 0.680773 0.336962 0.454366 0.587828 0.732422 0.549970 0.572039 0.362651 0.348770 0.905507 0.695155 0.546429 0.526156 0.693972 0.686384 0.525731 0.699100 0.745003 0.784547 0.855598 0.711293 0.579282 0.480452 0.424187 0.426989 0.378004 0.487965 0.582259 0.694573 0.758869 0.760601 0.904653 0.851789 0.885659 0.943795 0.825304 0.909416 0.993246 0.841788 0.954017 0.773949 0.509344 0.911551 0.520562 0.501108 0.818386 0.725096 0.496653 0.405069 0.633587 0.688095 0.943165 0.945753 0.899619 0.618726 0.729117 0.542123 0.698504 0.677533 0.748007 0.800063
0.456810 0.405797 0.948847 0.958762 0.818551 0.802282 0.505629 0.526861 0.929862 0.893849 0.342946 0.320502 0.576123 0.409150 0.740172 0.842475 0.297736 0.238344 0.307228 0.272210 0.975500 0.827873 0.909517 0.978495 0.733716 0.607448 0.923806 0.841494 0.236374 0.000000 0.911999 0.626757 0.416896 0.401290 0.919992 0.979720 0.876695 0.712925 0.838292 0.888022 0.958690 0.697029 0.565454 0.577604 0.668210 0.701076 0.584507 0.643521 0.693513 0.773267 0.758382 0.824360 0.924572 0.793168 0.862453 0.762482 0.258290 0.388475 0.630681 0.770064 0.533999 0.564028 0.340111 0.314715 0.906400 0.680713 0.596600 0.588657 0.633690 0.648777 0.555375 0.709814 0.683871 0.771797 0.791824 0.693417 0.659398 0.501863 0.444437 0.387697 0.301165 0.377012 0.532757 0.616182 0.692026 0.744110 0.866439 0.754547 0.875548 0.869033 0.953379 0.970602 0.932073 0.787464 0.960093 0.821306 0.517061 0.861860 0.597428 0.589188 0.889473 0.760482 0.470721 0.470721 0.634841 0.667675 0.910819 0.998233 0.851948 0.641972 0.759386 0.602184 0.809781 0.722228 0.792213 0.736493
0.818989 0.796418 0.691617 0.636068 0.904808 0.829309 0.737696 0.852469 0.825527 0.958664 0.927827 0.992524 0.702788 0.810696 0.542518 0.580754 0.826555 0.853038 0.799860 0.771556 0.815047 0.795131 0.522016 0.628937 0.628351 0.633856 0.734796 0.830454 0.890300 0.911999 0.000000 0.541278 0.692352 0.833418 0.804404 0.772386 0.573466 0.738198 0.785620 0.892724 0.825874 0.883450 0.728472 0.689514 0.979911 0.971054 0.829129 0.832472 0.876326 0.888134 0.891696 0.843879 0.829021 0.884798 0.776453 0.982343 0.846161 0.833188 0.840503 0.805690 0.888561 0.966223 0.896226 0.841655 0.663789 0.787748 0.739666 0.839308 0.800215 0.815521 0.594659 0.665168 0.754514 0.766058 0.845370 0.724559 0.653236 0.674201 0.747491 0.758266 0.881701 0.945589 0.872823 0.893661 0.776654 0.723427 0.869023 0.937217 0.818870 0.891862 0.840391 0.994698 0.887560 0.996951 0.823929 0.918742 0.889389 0.754507 0.962928 0.992143 0.752395 0.984417 0.860655 0.875291 0.701131 0.774252 0.781345 0.905573 0.987985 0.950315 0.980314 0.912337 0.998872 0.944661 0.994991 0.997797
0.917880 0.853725 0.912027 0.886119 0.974812 0.919744 0.707510 0.714424 0.895395 0.734336 0.871845 0.819038 0.896428 0.663207 0.650143 0.683963 0.696460 0.629544 0.713730 0.724590 0.972343 0.748538 0.872077 0.886285 0.856492 0.967179 0.960275 0.938446 0.568731 0.626757 0.541278 0.000000 0.671517 0.686810 0.896924 0.753816 0.930517 0.845597 0.889215 0.908070 0.976902 0.738407 0.506737 0.497896 0.717563 0.733578 0.756233 0.858015 0.911498 0.966789 0.898797 0.959012 0.897236 0.929913 0.941805 0.985538 0.700032 0.845357 0.997796 0.927161 0.987436 0.993669 0.830412 0.781062 0.861877 0.958217 0.848804 0.756196 0.994275 0.909947 0.651308 0.607359 0.994642 0.867203 0.960284 0.762876 0.748358 0.490435 0.695314 0.725123 0.751237 0.882328 0.846955 0.852813 0.972336 0.947969 0.882712 0.994954 0.928095 0.948906 0.687807 0.759345 0.736189 0.921805 0.887215 0.835326 0.869312 0.923154 0.624892 0.528700 0.830455 0.707706 0.552456 0.633603 0.751720 0.777584 0.903265 0.916376 0.941749 0.835990 0.806182 0.667672 0.842032 0.752818 0.972557 0.968110
0.322788 0.301757 0.600049 0.676747 0.771059 0.980318 0.354611 0.533036 0.785820 0.929333 0.479409 0.437427 0.375213 0.413183 0.529379 0.629940 0.301656 0.328450 0.306442 0.317047 0.833118 0.977004 0.612866 0.766855 0.910509 0.967408 0.948188 0.994533 0.422410 0.416896 0.692352 0.671517 0.000000 0.288865 0.734318 0.920406 0.590633 0.746990 0.813260 0.793902 0.647641 0.815946 0.562259 0.494281 0.738657 0.673416 0.423966 0.513913 0.710432 0.590262 0.628709 0.594465 0.859129 0.938769 0.584938 0.549135 0.306631 0.317259 0.428211 0.516295 0.411073 0.520306 0.276439 0.294084 0.711433 0.539291 0.351057 0.442665 0.490681 0.494734 0.470955 0.737874 0.581713 0.644418 0.702372 0.634448 0.533102 0.571828 0.351962 0.444175 0.317984 0.384887 0.477092 0.455926 0.440074 0.500127 0.745888 0.700978 0.598340 0.723704 0.899774 0.836313 0.773890 0.707933 0.950606 0.932459 0.422282 0.998198 0.701111 0.759602 0.912709 0.831072 0.633114 0.608902 0.573899 0.574046 0.994244 0.971643 0.916399 0.625872 0.830294 0.612145 0.825193 0.722572 0.668712 0.810568
0.293274 0.287807 0.618502 0.632398 0.698168 0.896932 0.285563 0.380482 0.764963 0.933810 0.352485 0.333017 0.350427 0.350060 0.591734 0.616617 0.328704 0.312225 0.261596 0.292322 0.832487 0.953969 0.770073 0.784554 0.982073 0.889388 0.950515 0.908545 0.368217 0.401290 0.833418 0.686810 0.288865 0.000000 0.809834 0.987126 0.625069 0.683728 0.835886 0.736981 0.729331 0.811216 0.549967 0.508071 0.648242 0.549306 0.402863 0.414780 0.580124 0.549405 0.541159 0.575520 0.902478 0.901317 0.519904 0.445222 0.303119 0.293502 0.360441 0.467833 0.297093 0.368427 0.283689 0.260986 0.749987 0.455738 0.334998 0.387178 0.488808 0.434067 0.618726 0.818368 0.593049 0.604341 0.679145 0.736069 0.554602 0.595860 0.450496 0.462111 0.305585 0.371734 0.425238 0.437044 0.475738 0.493580 0.726036 0.751530 0.600052 0.683016 0.902617 0.768978 0.814148 0.685866 0.994326 0.761800 0.424369 0.958061 0.605006 0.678671 0.927042 0.837747 0.592481 0.570224 0.556592 0.561974 0.964405 0.975333 0.926257 0.625201 0.801478 0.505657 0.794184 0.725461 0.689959 0.754442
0.681766 0.713510 0.535903 0.641516 0.823399 0.796018 0.768073 0.925532 0.741030 0.686198 0.990988 0.906008 0.702923 0.800748 0.797664 0.800699 0.912345 0.918925 0.784473 0.801154 0.739793 0.919275 0.596903 0.608267 0.521948 0.606293 0.768543 0.916311 0.932415 0.919992 0.804404 0.896924 0.734318 0.809834 0.000000 0.957270 0.613421 0.704846 0.571329 0.796163 0.847803 0.966233 0.840370 0.953225 0.845939 0.831742 0.899404 0.885107 0.781303 0.961475 0.993675 0.900609 0.981738 0.878017 0.608245 0.663671 0.871636 0.780743 0.733473 0.745883 0.752683 0.858159 0.872238 0.863462 0.479914 0.703598 0.629745 0.756320 0.674304 0.759175 0.825253 0.882063 0.784911 0.785372 0.997401 0.977506 0.976020 0.998931 0.816105 0.882975 0.866602 0.800779 0.785818 0.681314 0.570185 0.597788 0.871354 0.759506 0.607404 0.713913 0.628865 0.641874 0.687936 0.787946 0.885943 0.918434 0.801035 0.849796 0.746237 0.756954 0.538884 0.889995 0.849073 0.866622 0.789067 0.829231 0.969030 0.857136 0.972148 0.999864 0.795843 0.869540 0.740081 0.826309 0.863207 0.851293
0.935480 0.997077 0.963317 0.930996 0.938014 0.846045 0.902722 0.987839 0.835745 0.933044 0.840218 0.981091 0.911221 0.994993 0.951977 0.845984 0.940458 0.971211 0.989425 0.999979 0.689331 0.775112 0.926875 0.818996 0.870975 0.892034 0.865138 0.774961 0.956814 0.979720 0.772386 0.753816 0.920406 0.987126 0.957270 0.000000 0.978062 0.827162 0.931132 0.878609 0.959390 0.874337 0.912752 0.908675 0.942034 0.928167 0.980504 0.864132 0.908740 0.809491 0.867941 0.854604 0.921747 0.892677 0.984895 0.853978 0.980242 0.969951 0.891947 0.972871 0.878463 0.883178 0.807482 0.903454 0.998821 0.934247 0.931975 0.910576 0.911052 0.964486 0.899943 0.846151 0.963352 0.962231 0.783302 0.864783 0.918899 0.793194 0.939532 0.916814 0.933897 0.910793 0.903999 0.909513 0.895012 0.969086 0.913495 0.840085 0.874979 0.995807 0.924538 0.986465 0.882249 0.996631 0.990720 0.924767 0.969033 0.992228 0.949300 0.872021 0.978485 0.955203 0.882762 0.941378 0.904547 0.834094 0.980305 0.972378 0.899858 0.941381 0.920000 0.968608 0.986414 0.826346 0.822926 0.843785
0.495319 0.523630 0.425493 0.512698 0.803993 0.893677 0.654856 0.731744 0.840123 0.715888 0.823652 0.695211 0.494357 0.743801 0.660991 0.678009 0.694744 0.750083 0.687181 0.644713 0.694131 0.934255 0.507621 0.567520 0.510369 0.634503 0.844801 0.879440 0.874641 0.876695 0.573466 0.930517 0.590633 0.625069 0.613421 0.978062 0.000000 0.733533 0.723909 0.868814 0.685800 0.823649 0.944096 0.849312 0.903835 0.982047 0.704842 0.657096 0.994809 0.689169 0.814153 0.711012 0.907312 0.932259 0.454158 0.639134 0.663066 0.538906 0.556763 0.526544 0.543845 0.626834 0.646899 0.606644 0.442464 0.532589 0.589694 0.759644 0.471150 0.496754 0.783183 0.897569 0.659941 0.723817 0.754136 0.806616 0.795957 0.869844 0.677847 0.711730 0.638256 0.623090 0.572990 0.616819 0.437624 0.435802 0.703730 0.704290 0.483189 0.557268 0.503409 0.612169 0.566576 0.740174 0.913624 0.958326 0.709274 0.801821 0.824065 0.802867 0.645065 0.737765 0.952585 0.969541 0.795714 0.763612 0.923530 0.976846 0.915428 0.810566 0.895120 0.970005 0.913243 0.997417 0.785308 0.836274
0.717583 0.646842 0.640757 0.625832 0.851022 0.926234 0.675218 0.664959 0.822349 0.981770 0.809200 0.687637 0.662037 0.589057 0.706650 0.725945 0.792002 0.667299 0.693672 0.558757 0.786408 0.969757 0.674375 0.623720 0.809915 0.898938 0.812120 0.797907 0.784712 0.712925 0.738198 0.845597 0.746990 0.683728 0.704846 0.827162 0.733533 0.000000 0.729737 0.931500 0.942244 0.705731 0.898628 0.835001 0.920229 0.936381 0.827522 0.849998 0.988976 0.915974 0.911951 0.905551 0.829948 0.822187 0.763536 0.822497 0.708104 0.670982 0.835565 0.831990 0.725769 0.718168 0.796656 0.684243 0.715792 0.681832 0.707084 0.688369 0.723432 0.757260 0.757098 0.540362 0.760166 0.724163 0.973034 0.806947 0.843998 0.714361 0.766420 0.652365 0.735461 0.724309 0.812122 0.803017 0.698841 0.672517 0.900222 0.848078 0.700804 0.783808 0.878686 0.890720 0.963030 0.973547 0.888687 0.823621 0.746202 0.972996 0.949302 0.914918 0.926108 0.867478 0.787845 0.948269 0.641602 0.774205 0.754249 0.986753 0.926490 0.977805 0.900300 0.959376 0.943495 0.897500 0.843792 0.859015
