0.000000 0.328358 0.752657 0.877131 0.775263 0.661076 0.791464 0.602309 0.790195 0.698890 0.486395 0.513705 0.707675 0.671685 0.959207 0.770349 0.329200 0.344294 0.461205 0.401254 0.980572 0.943621 0.672958 0.821931 0.786984 0.757613 0.940946 0.877392 0.528120 0.500334 0.918984 0.778490 0.589168 0.577050 0.880073 0.862109 0.911308 0.901423 0.980327 0.921092 0.855929 0.877456 0.598245 0.497636 0.539651 0.525579 0.720207 0.617324 0.581208 0.532407 0.706678 0.702948 0.811890 0.867377 0.927938 0.787733 0.301738 0.361265 0.598766 0.953280 0.603122 0.790015 0.484643 0.411114 0.685752 0.929983 0.773888 0.735148 0.684697 0.638288 0.869422 0.811970 0.832467 0.681815 0.874263 0.721875 0.676062 0.715759 0.744415 0.662358 0.417221 0.517957 0.791744 0.740408 0.860139 0.882419 0.936015 0.716831 0.838547 0.907637 0.630967 0.772444 0.775375 0.962970 0.829749 0.820205 0.725009 0.867445 0.477396 0.538258 0.659565 0.852442 0.467573 0.562180 0.783210 0.882479 0.849690 0.880911 0.889928 0.883202 0.756379 0.665694 0.755858 0.860602 0.829633 0.953930
0.328358 0.000000 0.686249 0.853820 0.773510 0.687002 0.847152 0.615989 0.904217 0.687534 0.546224 0.450679 0.825789 0.708474 0.952265 0.864045 0.357703 0.336666 0.490571 0.426733 0.973184 0.817436 0.666014 0.780534 0.795422 0.735962 0.971829 0.846286 0.536472 0.459443 0.953451 0.801209 0.545369 0.539178 0.890989 0.918530 0.931250 0.870275 0.998612 0.912379 0.821840 0.840385 0.630578 0.525281 0.537415 0.484692 0.778825 0.640438 0.584564 0.531880 0.735951 0.731492 0.886660 0.885072 0.910395 0.734950 0.269156 0.278438 0.632087 0.861924 0.662845 0.719357 0.572727 0.390191 0.675853 0.973350 0.724485 0.671825 0.705591 0.574787 0.784494 0.842704 0.790119 0.641613 0.841125 0.715943 0.674834 0.693718 0.655790 0.636503 0.403158 0.541073 0.834713 0.762861 0.805974 0.908887 0.845834 0.769772 0.771104 0.853258 0.652534 0.772403 0.774806 0.924767 0.798032 0.841996 0.713160 0.857022 0.525476 0.619672 0.648013 0.799217 0.471095 0.561394 0.849225 0.923598 0.925345 0.945805 0.870685 0.873908 0.743343 0.618297 0.725876 0.892636 0.873625 0.933988
0.752657 0.686249 0.000000 0.392160 0.938165 0.788011 0.661993 0.919871 0.703862 0.899168 0.817460 0.563295 0.985036 0.958902 0.764892 0.872022 0.750797 0.719161 0.935087 0.824935 0.988294 0.877861 0.476003 0.658927 0.634907 0.629048 0.896291 0.912963 0.876066 0.732370 0.561242 0.664107 0.829665 0.952249 0.757695 0.907461 0.827002 0.898289 0.801956 0.837053 0.994484 0.820245 0.824415 0.949460 0.905315 0.821898 0.764169 0.861866 0.773255 0.936051 0.991662 0.855380 0.933317 0.823110 0.809356 0.851053 0.720374 0.640453 0.886285 0.856252 0.970017 0.909091 0.810733 0.604887 0.395454 0.566649 0.731118 0.903175 0.887690 0.770155 0.890010 0.880045 0.981080 0.996909 0.941444 0.926344 0.820136 0.769810 0.987069 0.990070 0.714146 0.698277 0.939206 0.687407 0.717824 0.860805 0.966554 0.938437 0.845492 0.852654 0.915271 0.776117 0.949858 0.674567 0.948379 0.938970 0.858664 0.890537 0.952385 0.926519 0.841095 0.773152 0.858850 0.799857 0.898215 0.777465 0.911161 0.767685 0.914289 0.920438 0.952503 0.949631 0.967271 0.921428 0.921473 0.889560
0.877131 0.853820 0.392160 0.000000 0.910831 0.812624 0.830899 0.922136 0.781968 0.752471 0.753402 0.685104 0.991007 0.887253 0.797864 0.984891 0.823695 0.788272 0.921395 0.980011 0.952312 0.931405 0.506188 0.519374 0.519661 0.549639 0.819415 0.746440 0.899828 0.779206 0.549660 0.643322 0.808505 0.970802 0.688889 0.937159 0.696872 0.760529 0.753268 0.781736 0.933920 0.933329 0.850998 0.972016 0.782532 0.727961 0.819978 0.907910 0.643628 0.911535 0.953804 0.893768 0.999976 0.847046 0.708586 0.981449 0.846610 0.786076 0.853490 0.826660 0.972684 0.970525 0.840987 0.696132 0.399460 0.494604 0.750464 0.887724 0.999929 0.857604 0.900050 0.794787 0.873861 0.928609 0.933715 0.847849 0.832473 0.834624 0.865254 0.995956 0.881212 0.853944 0.923813 0.865870 0.682631 0.681375 0.932713 0.950539 0.819611 0.697928 0.940574 0.904839 0.902754 0.769003 0.888655 0.938188 0.889343 0.971882 0.917284 0.987377 0.935304 0.811250 0.904543 0.845676 0.803516 0.806797 0.907052 0.825588 0.840655 0.924016 0.986852 0.852402 0.839921 0.815897 0.980273 0.849121
0.775263 0.773510 0.938165 0.910831 0.000000 0.739305 0.910425 0.900115 0.951093 0.835104 0.731081 0.725706 0.835951 0.848942 0.941405 0.939202 0.857281 0.754810 0.745189 0.728746 0.846380 0.977763 0.973775 0.972916 0.914999 0.778777 0.974088 0.879604 0.839287 0.811977 0.987985 0.846172 0.752519 0.837586 0.946334 0.753212 0.969577 0.880299 0.888185 0.886513 0.932001 0.872782 0.967543 0.882278 0.846014 0.838244 0.928786 0.855007 0.979495 0.945103 0.989332 0.981428 0.970178 0.958988 0.861107 0.954489 0.807357 0.774583 0.969856 0.999341 0.877999 0.965060 0.817406 0.906051 0.839610 0.960669 0.786833 0.788718 0.952977 0.845424 0.920522 0.973145 0.820476 0.709358 0.985605 0.942094 0.913287 0.845178 0.873620 0.894822 0.753721 0.704637 0.936194 0.970988 0.929968 0.953540 0.960626 0.968110 0.896621 0.709214 0.920239 0.889530 0.954677 0.913974 0.974779 0.967224 0.898566 0.927943 0.872294 0.912668 0.937614 0.908353 0.932000 0.949202 0.956879 0.843170 0.811737 0.932774 0.941599 0.868365 0.825194 0.956432 0.912515 0.956529 0.950882 0.792720
0.661076 0.687002 0.788011 0.812624 0.739305 0.000000 0.757051 0.652570 0.773049 0.640543 0.650047 0.602545 0.735919 0.777692 0.986467 0.733076 0.701858 0.688142 0.726185 0.748892 0.986982 0.933397 0.750236 0.802794 0.764089 0.737585 0.796046 0.988567 0.756524 0.687403 0.961044 0.867299 0.840439 0.741563 0.792540 0.858549 0.945785 0.997118 0.998899 0.882408 0.993371 0.898136 0.794778 0.706728 0.684745 0.655222 0.891591 0.770328 0.756490 0.806737 0.912897 0.917957 0.895379 0.855471 0.808011 0.842427 0.674899 0.773289 0.850131 0.988553 0.725862 0.836807 0.723801 0.728045 0.677219 0.860667 0.898859 0.835322 0.998620 0.863064 0.907912 0.889882 0.939446 0.899773 0.879595 0.714374 0.841043 0.865924 0.835507 0.796260 0.871778 0.775644 0.992934 0.942954 0.803093 0.782832 0.997507 0.999806 0.902483 0.722464 0.779088 0.850279 0.832958 0.877035 0.899299 0.998430 0.734023 0.761464 0.602122 0.781247 0.690929 0.760084 0.797539 0.746209 0.940388 0.946545 0.657175 0.974665 0.892010 0.972955 0.829350 0.821225 0.801621 0.844484 0.983139 0.783895
0.791464 0.847152 0.661993 0.830899 0.910425 0.757051 0.000000 0.430179 0.561680 0.448254 0.553734 0.883645 0.697130 0.823641 0.885290 0.995158 0.745452 0.742309 0.488918 0.822788 0.876666 0.981561 0.976692 0.832532 0.720501 0.821352 0.709104 0.779730 0.708511 0.717082 0.851623 0.667187 0.625484 0.518061 0.872436 0.925519 0.924147 0.978840 0.929461 0.876727 0.950084 0.844554 0.520550 0.561513 0.444104 0.539196 0.617723 0.555431 0.642238 0.677102 0.613496 0.570031 0.715776 0.595243 0.891726 0.995898 0.798658 0.957381 0.539900 0.817952 0.490150 0.824458 0.632607 0.813986 0.937497 0.890665 0.539978 0.590864 0.942606 0.967296 0.752007 0.795898 0.997525 0.850556 0.989388 0.682196 0.603701 0.662808 0.820830 0.751740 0.974908 0.989051 0.875569 0.932373 0.932227 0.762976 0.860541 0.770472 0.956292 0.832474 0.474295 0.447964 0.686676 0.601263 0.795997 0.895846 0.769893 0.927167 0.517268 0.501194 0.721061 0.579073 0.767807 0.761249 0.954743 0.721146 0.735930 0.708519 0.926696 0.989281 0.684802 0.679543 0.587635 0.897147 0.893332 0.949247
0.602309 0.615989 0.919871 0.922136 0.900115 0.652570 0.430179 0.000000 0.619947 0.458524 0.480127 0.550578 0.586377 0.573482 0.973766 0.814798 0.609476 0.636263 0.415181 0.674352 0.781004 0.883548 0.755896 0.688410 0.637520 0.759220 0.668831 0.781966 0.589132 0.542517 0.997585 0.739014 0.610570 0.526859 0.772187 0.841939 0.903649 0.954074 0.943969 0.889367 0.916616 0.966116 0.520007 0.499727 0.467736 0.501001 0.744834 0.571991 0.588459 0.642140 0.593891 0.610468 0.704900 0.575493 0.830997 0.875324 0.632301 0.772009 0.577703 0.692611 0.428631 0.547943 0.607088 0.582438 0.779655 0.913911 0.765610 0.636138 0.969224 0.910486 0.798705 0.883134 0.918953 0.863816 0.985910 0.753195 0.645496 0.767036 0.814259 0.708338 0.886664 0.961959 0.888260 0.929958 0.616519 0.590099 0.861740 0.695172 0.884452 0.833781 0.417538 0.509871 0.711655 0.712065 0.721751 0.868287 0.739530 0.790481 0.454630 0.524310 0.554277 0.508657 0.640084 0.629433 0.992524 0.738800 0.785441 0.846285 0.913689 0.945572 0.736868 0.659029 0.607417 0.757334 0.859122 0.972319
0.790195 0.904217 0.703862 0.781968 0.951093 0.773049 0.561680 0.619947 0.000000 0.700019 0.793212 0.923511 0.858557 0.897411 0.871948 0.742178 0.772437 0.836291 0.700719 0.874132 0.899529 0.865615 0.931375 0.980768 0.995787 0.867441 0.923887 0.934657 0.856378 0.923551 0.811795 0.743161 0.770971 0.780730 0.958359 0.753183 0.667374 0.794930 0.858929 0.796373 0.927373 0.982483 0.625496 0.692887 0.716365 0.786164 0.654235 0.681089 0.754910 0.668641 0.591543 0.612756 0.634884 0.607421 0.932823 0.996297 0.815821 0.919994 0.641883 0.721202 0.632361 0.777732 0.912503 0.864629 0.835049 0.782462 0.849836 0.933729 0.921646 0.923339 0.793398 0.742583 0.979412 0.924317 0.900703 0.834455 0.689262 0.844323 0.888508 0.851883 0.972249 0.937950 0.919573 0.950058 0.945041 0.803955 0.891170 0.866772 0.930679 0.929571 0.662075 0.711547 0.795780 0.799435 0.881665 0.967499 0.826525 0.969427 0.656548 0.648463 0.805721 0.843561 0.731905 0.869938 0.967638 0.683389 0.746473 0.749836 0.945099 0.982721 0.844328 0.814581 0.858025 0.947276 0.796802 0.966220
0.698890 0.687534 0.899168 0.752471 0.835104 0.640543 0.448254 0.458524 0.700019 0.000000 0.458004 0.656443 0.673524 0.779546 0.985378 0.909259 0.603479 0.580913 0.508632 0.756007 0.781694 0.874840 0.682611 0.574487 0.464634 0.534589 0.665054 0.751532 0.592372 0.550667 0.894169 0.846872 0.807231 0.554989 0.707524 0.847184 0.945773 0.900609 0.898439 0.933067 0.903409 0.907096 0.548948 0.531897 0.373848 0.379463 0.770674 0.589678 0.428101 0.631826 0.616202 0.728954 0.827363 0.777361 0.723096 0.970595 0.648706 0.789642 0.698192 0.927970 0.584912 0.807152 0.577271 0.606899 0.550734 0.746643 0.809068 0.793464 0.894744 0.991488 0.760324 0.836168 0.919022 0.916705 0.913344 0.763708 0.648217 0.809556 0.879952 0.772469 0.874773 0.933460 0.842449 0.963912 0.631378 0.526956 0.916360 0.824531 0.761103 0.629397 0.471233 0.526505 0.747124 0.805810 0.767700 0.967943 0.747901 0.787203 0.455493 0.479688 0.621809 0.707902 0.598785 0.594181 0.898572 0.904664 0.862188 0.826673 0.991456 0.984207 0.705951 0.506176 0.561221 0.818768 0.911224 0.856547
0.486395 0.546224 0.817460 0.753402 0.731081 0.650047 0.553734 0.480127 0.793212 0.458004 0.000000 0.521822 0.561006 0.610430 0.932146 0.864593 0.453468 0.415881 0.459012 0.530061 0.851595 0.918276 0.612888 0.613884 0.489180 0.550451 0.748327 0.698274 0.421224 0.427770 0.915217 0.844246 0.666554 0.504588 0.731102 0.853983 0.956768 0.823942 0.955318 0.934731 0.890261 0.961020 0.629577 0.524176 0.385190 0.395462 0.764935 0.581528 0.461242 0.559129 0.641883 0.646855 0.780137 0.784241 0.798868 0.891952 0.501613 0.593135 0.635457 0.925380 0.491760 0.769935 0.457980 0.514337 0.540830 0.833053 0.791299 0.726828 0.895399 0.788790 0.869960 0.953548 0.915649 0.747341 0.988459 0.739433 0.772974 0.722830 0.917285 0.712571 0.670286 0.694780 0.987418 0.835031 0.735067 0.709765 0.877394 0.797767 0.788850 0.620115 0.543263 0.632698 0.829235 0.893316 0.838342 0.886485 0.756723 0.906139 0.463657 0.455185 0.640342 0.782447 0.686969 0.706004 0.915884 0.921698 0.810089 0.886972 0.998111 0.896913 0.718526 0.629340 0.505978 0.867828 0.883725 0.976377
0.513705 0.450679 0.563295 0.685104 0.725706 0.602545 0.883645 0.550578 0.923511 0.656443 0.521822 0.000000 0.717301 0.623822 0.885494 0.667252 0.519793 0.481556 0.652726 0.561011 0.895741 0.852111 0.514915 0.655463 0.579183 0.592135 0.740604 0.745316 0.585121 0.447705 0.741173 0.984600 0.750263 0.699867 0.699555 0.880148 0.912481 0.984695 0.993123 0.993701 0.879140 0.895609 0.829978 0.702706 0.603572 0.560743 0.915505 0.684562 0.561188 0.671322 0.722067 0.774279 0.810126 0.813563 0.746636 0.844893 0.495956 0.490911 0.729677 0.761555 0.593226 0.551189 0.595190 0.381573 0.499098 0.874654 0.984498 0.792293 0.751783 0.609954 0.958584 0.940394 0.850839 0.795484 0.936030 0.880947 0.884039 0.999376 0.815368 0.741062 0.613260 0.646714 0.943900 0.628327 0.624768 0.711695 0.923021 0.824861 0.885310 0.789052 0.754207 0.927549 0.963793 0.922290 0.694923 0.851974 0.782717 0.839101 0.640623 0.786297 0.650571 0.871209 0.704743 0.672807 0.896700 0.990936 0.818912 0.898743 0.943487 0.811974 0.785225 0.826430 0.778715 0.754207 0.883920 0.884672
0.707675 0.825789 0.985036 0.991007 0.835951 0.735919 0.697130 0.586377 0.858557 0.673524 0.561006 0.717301 0.000000 0.477145 0.717337 0.664592 0.789501 0.751756 0.665647 0.746302 0.873782 0.935618 0.805267 0.930391 0.718077 0.717229 0.762125 0.918877 0.721805 0.650041 0.935420 0.862420 0.851515 0.783439 0.692436 0.849357 0.881341 0.752014 0.850158 0.954296 0.764575 0.904828 0.682537 0.612535 0.769260 0.684212 0.721725 0.727961 0.830065 0.862058 0.897580 0.947040 0.942662 0.920053 0.798760 0.959469 0.796893 0.913958 0.808575 0.889441 0.716447 0.956866 0.571216 0.770118 0.751356 0.749790 0.956427 0.964198 0.968369 0.966702 0.795635 0.789343 0.949086 0.884307 0.967975 0.775459 0.812672 0.836892 0.982543 0.904423 0.960348 0.977779 0.984207 0.967124 0.841751 0.800903 0.995203 0.920227 0.995509 0.775295 0.538707 0.638839 0.728444 0.814113 0.845716 0.830563 0.821618 0.923216 0.609105 0.635828 0.702065 0.758534 0.768574 0.716563 0.904916 0.948327 0.877838 0.850279 0.884591 0.956654 0.764600 0.874726 0.751520 0.765162 0.953082 0.975127
0.671685 0.708474 0.958902 0.887253 0.848942 0.777692 0.823641 0.573482 0.897411 0.779546 0.610430 0.623822 0.477145 0.000000 0.769298 0.600923 0.693357 0.648766 0.555621 0.586491 0.775183 0.871111 0.868738 0.959697 0.858260 0.806514 0.897080 0.973618 0.546774 0.557707 0.903536 0.798306 0.755452 0.690555 0.801735 0.823281 0.953087 0.899414 0.994124 0.955058 0.856246 0.973510 0.626618 0.577747 0.774242 0.718596 0.776847 0.678172 0.849380 0.847839 0.930243 0.893877 0.954489 0.943991 0.866208 0.971744 0.724750 0.828401 0.912843 0.933213 0.885188 0.942192 0.669668 0.766199 0.841846 0.932576 0.984997 0.988986 0.916327 0.849853 0.918164 0.923049 0.922546 0.751961 0.976882 0.713521 0.826303 0.867014 0.831378 0.836301 0.841204 0.856925 0.948547 0.888612 0.801189 0.920552 0.980948 0.947412 0.880043 0.790271 0.611138 0.803821 0.898405 0.961521 0.882928 0.745683 0.949950 0.905063 0.668443 0.715545 0.657706 0.771425 0.790548 0.775158 0.964434 0.932836 0.847719 0.908027 0.876942 0.921435 0.894030 0.886509 0.718562 0.907259 0.921224 0.953936
0.959207 0.952265 0.764892 0.797864 0.941405 0.986467 0.885290 0.973766 0.871948 0.985378 0.932146 0.885494 0.717337 0.769298 0.000000 0.643764 0.955851 0.976878 0.916577 0.916459 0.797165 0.872404 0.800459 0.691830 0.834330 0.871002 0.785862 0.769693 0.831772 0.931085 0.854202 0.794279 0.937316 0.960610 0.880150 0.873241 0.938396 0.772233 0.863871 0.918862 0.953703 0.979671 0.699132 0.728207 0.999520 0.951974 0.646471 0.757325 0.975755 0.994112 0.955409 0.977248 0.985774 0.903907 0.966479 0.869445 0.956968 0.961270 0.984729 0.724581 0.914359 0.749405 0.938556 0.878411 0.780535 0.969671 0.927421 0.750599 0.964275 0.912259 0.922127 0.889658 0.838069 0.898769 0.962382 0.956693 0.892479 0.923175 0.987326 0.988986 0.984069 0.911985 0.839047 0.902706 0.828219 0.936095 0.912160 0.944023 0.927860 0.996362 0.902309 0.903123 0.999847 0.978236 0.932493 0.968133 0.958624 0.981971 0.877294 0.817308 0.924221 0.960836 0.954123 0.888757 0.969961 0.971918 0.867991 0.664495 0.993373 0.928340 0.840825 0.900662 0.971051 0.980349 0.954430 0.961936
0.770349 0.864045 0.872022 0.984891 0.939202 0.733076 0.995158 0.814798 0.742178 0.909259 0.864593 0.667252 0.664592 0.600923 0.643764 0.000000 0.845432 0.869487 0.907649 0.749933 0.922360 0.936742 0.920841 0.836056 0.995673 0.952977 0.999808 0.879029 0.821627 0.785140 0.987081 0.882699 0.973010 0.992048 0.796006 0.718125 0.793045 0.992882 0.884146 0.853072 0.994422 0.883666 0.788612 0.805015 0.935842 0.877726 0.802544 0.783533 0.826536 0.913976 0.820834 0.912522 0.814008 0.913142 0.908374 0.989598 0.860749 0.884388 0.917285 0.932038 0.939672 0.937305 0.880554 0.817990 0.900617 0.898885 0.714429 0.777930 0.885702 0.907191 0.941624 0.891394 0.904882 0.959982 0.939086 0.918931 0.964369 0.903591 0.952182 0.927238 0.847402 0.836980 0.756914 0.701390 0.970331 0.981206 0.957774 0.923125 0.864919 0.924695 0.880533 0.901404 0.986175 0.823445 0.897174 0.891500 0.986289 0.922640 0.839494 0.950288 0.826477 0.975689 0.872523 0.839960 0.908699 0.900376 0.758169 0.922086 0.979290 0.976454 0.965633 0.949676 0.975280 0.940855 0.918301 0.958098
0.329200 0.357703 0.750797 0.823695 0.857281 0.701858 0.745452 0.609476 0.772437 0.603479 0.453468 0.519793 0.789501 0.693357 0.955851 0.845432 0.000000 0.279282 0.443101 0.436221 0.988783 0.908718 0.688008 0.732571 0.733930 0.704939 0.897964 0.867700 0.376058 0.403595 0.979148 0.809484 0.592692 0.534791 0.813631 0.870885 0.880635 0.896756 0.955677 0.851380 0.828561 0.927810 0.558060 0.502646 0.488133 0.499683 0.727646 0.598926 0.504194 0.504130 0.637746 0.665404 0.820199 0.862023 0.814257 0.826741 0.292243 0.362057 0.636674 0.921998 0.653023 0.812705 0.537247 0.405879 0.638033 0.920200 0.800852 0.765226 0.658579 0.609128 0.845059 0.787784 0.790956 0.684000 0.846274 0.691474 0.695094 0.780566 0.653917 0.590352 0.395846 0.567387 0.886787 0.742614 0.793361 0.870223 0.804048 0.724042 0.742616 0.837085 0.630001 0.778974 0.792593 0.988516 0.791550 0.853250 0.763667 0.947342 0.499847 0.495218 0.661683 0.867388 0.501107 0.611338 0.885401 0.954362 0.849412 0.897285 0.909611 0.885153 0.703216 0.639781 0.684743 0.886834 0.830378 0.903769
0.344294 0.336666 0.719161 0.788272 0.754810 0.688142 0.742309 0.636263 0.836291 0.580913 0.415881 0.481556 0.751756 0.648766 0.976878 0.869487 0.279282 0.000000 0.436100 0.407682 0.961931 0.953004 0.662864 0.761840 0.680671 0.635655 0.924589 0.825661 0.389458 0.368168 0.967790 0.794919 0.576309 0.509817 0.800390 0.840592 0.920144 0.999030 0.992144 0.962444 0.865614 0.924584 0.570298 0.494117 0.455720 0.432749 0.739407 0.545587 0.483772 0.478756 0.676350 0.668179 0.868019 0.899635 0.793970 0.872807 0.277340 0.351494 0.679519 0.981238 0.668687 0.853081 0.498354 0.424087 0.593295 0.869002 0.771497 0.762469 0.697177 0.576460 0.846656 0.858213 0.847208 0.645581 0.881560 0.715020 0.695934 0.734963 0.664305 0.607440 0.409603 0.534913 0.909846 0.756293 0.791518 0.854218 0.831710 0.762365 0.694708 0.784919 0.637974 0.761130 0.810225 0.950148 0.788494 0.827607 0.765579 0.977710 0.499529 0.521245 0.655214 0.885139 0.487762 0.620898 0.931749 0.986321 0.879190 0.880607 0.900605 0.926088 0.736194 0.612758 0.640293 0.867791 0.826601 0.888945
0.461205 0.490571 0.935087 0.921395 0.745189 0.726185 0.488918 0.415181 0.700719 0.508632 0.459012 0.652726 0.665647 0.555621 0.916577 0.907649 0.443101 0.436100 0.000000 0.491641 0.905118 0.998304 0.866057 0.817408 0.763209 0.715714 0.844801 0.835341 0.498364 0.482169 0.891295 0.636168 0.504602 0.434941 0.899309 0.898616 0.937149 0.988104 0.953204 0.898683 0.992836 0.982479 0.440282 0.406633 0.439595 0.463687 0.732505 0.487170 0.602557 0.539913 0.690983 0.620549 0.802064 0.776883 0.929899 0.863713 0.465874 0.594546 0.594426 0.882355 0.582222 0.882052 0.513671 0.582036 0.816910 0.999933 0.576786 0.616797 0.854739 0.794568 0.721036 0.867522 0.881954 0.713192 0.993218 0.672051 0.611991 0.624200 0.670639 0.684190 0.640524 0.736006 0.996168 0.906883 0.830001 0.812790 0.824194 0.741304 0.843264 0.818604 0.451311 0.511522 0.684172 0.758089 0.859759 0.811868 0.744604 0.906542 0.425446 0.423990 0.585214 0.623009 0.566398 0.640324 0.847641 0.865255 0.747218 0.854687 0.930438 0.937880 0.776022 0.595533 0.618878 0.897255 0.823240 0.887851
0.401254 0.426733 0.824935 0.980011 0.728746 0.748892 0.822788 0.674352 0.874132 0.756007 0.530061 0.561011 0.746302 0.586491 0.916459 0.749933 0.436221 0.407682 0.491641 0.000000 0.945471 0.953820 0.798889 0.975100 0.871981 0.768061 0.991511 0.883883 0.504731 0.540620 0.972127 0.722607 0.510158 0.548710 0.990010 0.937645 0.755342 0.942545 0.988381 0.854949 0.830926 0.763045 0.645695 0.567967 0.612523 0.646213 0.707622 0.598743 0.720212 0.610844 0.799355 0.762079 0.874374 0.959664 0.992757 0.872962 0.422563 0.434927 0.626855 0.914614 0.717425 0.880551 0.561411 0.546619 0.770304 0.976870 0.766072 0.758471 0.662363 0.611800 0.889422 0.901889 0.704350 0.618423 0.934988 0.820348 0.766210 0.764483 0.746796 0.674733 0.455115 0.503284 0.766935 0.723413 0.967883 0.976925 0.955474 0.823663 0.834772 0.912656 0.700769 0.782463 0.824706 0.970750 0.805192 0.754403 0.902302 0.951451 0.606016 0.621815 0.748915 0.960978 0.657095 0.662984 0.856683 0.969118 0.865566 0.888451 0.947345 0.939910 0.814178 0.778594 0.797698 0.900615 0.909083 0.951224
0.980572 0.973184 0.988294 0.952312 0.846380 0.986982 0.876666 0.781004 0.899529 0.781694 0.851595 0.895741 0.873782 0.775183 0.797165 0.922360 0.988783 0.961931 0.905118 0.945471 0.000000 0.933971 0.844550 0.809290 0.858808 0.914768 0.976943 0.892423 0.804323 0.903185 0.940856 0.967583 0.930995 0.993131 0.817245 0.888018 0.959118 0.972826 0.983270 0.838219 0.906321 0.984564 0.871208 0.939354 0.884853 0.889953 0.841574 0.959088 0.834740 0.907417 0.999400 0.968058 0.977225 0.988921 0.917953 0.844527 0.974018 0.990599 0.975624 0.981420 0.899479 0.805433 0.996407 0.887056 0.970471 0.986675 0.818169 0.919314 0.920626 0.884216 0.967509 0.858581 0.619561 0.810237 0.832228 0.890659 0.911290 0.943605 0.919648 0.973845 0.832852 0.839806 0.954464 0.908558 0.721861 0.652122 0.916129 0.851892 0.987617 0.922927 0.957180 0.902646 0.897744 0.950198 0.850527 0.987493 0.944854 0.946639 0.889445 0.924988 0.996748 0.926182 0.874599 0.931247 0.926351 0.916462 0.918659 0.925569 0.831134 0.896244 0.989535 0.818486 0.853444 0.913671 0.971638 0.833578
0.943621 0.817436 0.877861 0.931405 0.977763 0.933397 0.981561 0.883548 0.865615 0.874840 0.918276 0.852111 0.935618 0.871111 0.872404 0.936742 0.908718 0.953004 0.998304 0.953820 0.933971 0.000000 0.830712 0.803866 0.840745 0.977280 0.934971 0.803752 0.993877 0.902087 0.845834 0.812923 0.926698 0.918850 0.937961 0.936229 0.919767 0.903827 0.999026 0.970877 0.906989 0.997139 0.949921 0.987372 0.918686 0.935296 0.972111 0.857806 0.880469 0.948063 0.891214 0.980868 0.960993 0.933037 0.922164 0.976991 0.919340 0.863759 0.930723 0.872779 0.887456 0.757717 0.992985 0.836123 0.880374 0.966510 0.945560 0.899773 0.940321 0.929470 0.961701 0.977462 0.863760 0.970601 0.902599 0.937397 0.935196 0.961979 0.965010 0.950626 0.888462 0.959783 0.934475 0.911513 0.920908 0.888013 0.857534 0.902609 0.850383 0.865171 0.941831 0.957548 0.890672 0.880559 0.916552 0.845245 0.863863 0.977528 0.979277 0.998494 0.953252 0.927752 0.891744 0.989279 0.844128 0.978097 0.886157 0.699317 0.899289 0.832971 0.988300 0.931074 0.937650 0.965713 0.841238 0.919756
0.672958 0.666014 0.476003 0.506188 0.973775 0.750236 0.976692 0.755896 0.931375 0.682611 0.612888 0.514915 0.805267 0.868738 0.800459 0.920841 0.688008 0.662864 0.866057 0.798889 0.844550 0.830712 0.000000 0.390749 0.425707 0.587226 0.694146 0.730424 0.791862 0.714082 0.550743 0.802781 0.893888 0.874748 0.619658 0.800630 0.876654 0.849494 0.758316 0.886819 0.830871 0.982200 0.986763 0.847113 0.753272 0.691400 0.947719 0.982128 0.647836 0.812833 0.949220 0.977312 0.947730 0.921322 0.804525 0.861405 0.670318 0.706698 0.952120 0.984809 0.722213 0.736337 0.742197 0.523141 0.423508 0.627159 0.783905 0.953280 0.975646 0.770175 0.937491 0.900052 0.844845 0.911489 0.868311 0.941740 0.959583 0.922896 0.917524 0.992806 0.872537 0.926729 0.840923 0.785127 0.422847 0.506074 0.995182 0.802996 0.814753 0.833097 0.817820 0.882981 0.956394 0.871779 0.807803 0.944943 0.865656 0.780310 0.658122 0.807864 0.644076 0.983884 0.789054 0.703497 0.899243 0.987465 0.950205 0.800970 0.970185 0.982450 0.912369 0.714850 0.730097 0.937904 0.958669 0.993375
0.821931 0.780534 0.658927 0.519374 0.972916 0.802794 0.832532 0.688410 0.980768 0.574487 0.613884 0.655463 0.930391 0.959697 0.691830 0.836056 0.732571 0.761840 0.817408 0.975100 0.809290 0.803866 0.390749 0.000000 0.412779 0.629713 0.664627 0.665982 0.820493 0.783148 0.583296 0.780417 0.932716 0.865567 0.678941 0.927520 0.857589 0.915611 0.726091 0.908527 0.832836 0.941548 0.949983 0.878194 0.656138 0.640081 0.870051 0.959401 0.584527 0.762003 0.838593 0.933863 0.921754 0.959268 0.735744 0.906068 0.764933 0.800998 0.883011 0.842201 0.634959 0.690240 0.789546 0.609641 0.486773 0.759465 0.947254 0.903174 0.916862 0.879668 0.967225 0.866443 0.826045 0.815534 0.900241 0.937435 0.960193 0.979624 0.999875 0.950485 0.978385 0.944275 0.763001 0.984445 0.403274 0.410117 0.957750 0.744704 0.774118 0.761160 0.777632 0.770341 0.917351 0.932060 0.765864 0.977912 0.829540 0.832436 0.668482 0.726378 0.788025 0.849444 0.832577 0.750118 0.892342 0.873338 0.974249 0.815611 0.947225 0.939660 0.896515 0.657356 0.605323 0.896236 0.942257 0.966820
0.786984 0.795422 0.634907 0.519661 0.914999 0.764089 0.720501 0.637520 0.995787 0.464634 0.489180 0.579183 0.718077 0.858260 0.834330 0.995673 0.733930 0.680671 0.763209 0.871981 0.858808 0.840745 0.425707 0.412779 0.000000 0.436100 0.549342 0.662723 0.734898 0.658648 0.572015 0.811909 0.987492 0.777595 0.594090 0.858239 0.809927 0.754935 0.788411 0.865523 0.792032 0.947702 0.907260 0.810992 0.539842 0.532593 0.984143 0.852475 0.516935 0.794258 0.752463 0.861056 0.867909 0.890926 0.785761 0.883114 0.756570 0.835040 0.833290 0.979222 0.617298 0.804022 0.543228 0.554401 0.348479 0.575212 0.992278 0.906267 0.945060 0.919034 0.998088 0.954138 0.847349 0.987026 0.889442 0.986807 0.933642 0.910376 0.979628 0.988766 0.947920 0.936564 0.782763 0.874676 0.480858 0.518177 0.927948 0.903517 0.787609 0.729066 0.673548 0.700259 0.852166 0.909315 0.727258 0.896916 0.767100 0.884161 0.618241 0.676844 0.636009 0.902571 0.781991 0.676092 0.878581 0.968913 0.986271 0.933660 0.986500 0.866860 0.837194 0.670557 0.596523 0.829482 0.982345 0.924851
0.757613 0.735962 0.629048 0.549639 0.778777 0.737585 0.821352 0.759220 0.867441 0.534589 0.550451 0.592135 0.717229 0.806514 0.871002 0.952977 0.704939 0.635655 0.715714 0.768061 0.914768 0.977280 0.587226 0.629713 0.436100 0.000000 0.688366 0.689028 0.691907 0.569829 0.733321 0.962745 0.909828 0.797287 0.808165 0.907452 0.755706 0.767089 0.735026 0.832177 0.843441 0.981269 0.921260 0.821693 0.601160 0.577487 0.936119 0.826976 0.659247 0.798601 0.897312 0.964181 0.982417 0.990140 0.739085 0.905465 0.726079 0.732629 0.896193 0.983605 0.786068 0.967995 0.569637 0.627194 0.408901 0.589622 0.899050 0.852796 0.969490 0.899175 0.875360 0.995289 0.953526 0.826418 0.859326 0.901878 0.778471 0.878410 0.952498 0.933174 0.863965 0.775220 0.911750 0.867537 0.692453 0.760561 0.914933 0.932097 0.764022 0.745847 0.698445 0.721500 0.832817 0.926148 0.754391 0.881125 0.780244 0.881064 0.649571 0.708454 0.785108 0.914388 0.828803 0.686149 0.898072 0.840714 0.995785 0.953894 0.921070 0.887979 0.795132 0.747901 0.737080 0.750483 0.969227 0.880496
0.940946 0.971829 0.896291 0.819415 0.974088 0.796046 0.709104 0.668831 0.923887 0.665054 0.748327 0.740604 0.762125 0.897080 0.785862 0.999808 0.897964 0.924589 0.844801 0.991511 0.976943 0.934971 0.694146 0.664627 0.549342 0.688366 0.000000 0.724584 0.913779 0.757150 0.852157 0.920339 0.910507 0.905514 0.687533 0.856110 0.889021 0.983671 0.925285 0.881694 0.823303 0.973306 0.841561 0.864258 0.777178 0.812739 0.867114 0.949206 0.769226 0.983771 0.878805 0.950700 0.833782 0.894171 0.896498 0.970541 0.968576 0.975256 0.838792 0.927026 0.683681 0.840233 0.720512 0.715412 0.657221 0.773554 0.968717 0.870870 0.897404 0.863927 0.935583 0.966729 0.879195 0.913052 0.895465 0.967510 0.985600 0.977689 0.952570 0.915185 0.956075 0.981726 0.723523 0.892268 0.675642 0.668017 0.938818 0.917170 0.970433 0.882740 0.754001 0.829232 0.913024 0.976163 0.892377 0.971782 0.851278 0.968273 0.775790 0.830100 0.697652 0.844246 0.908342 0.821708 0.864288 0.911016 0.945674 0.816547 0.905718 0.949318 0.993380 0.886687 0.822762 0.925893 0.972743 0.992053
0.877392 0.846286 0.912963 0.746440 0.879604 0.988567 0.779730 0.781966 0.934657 0.751532 0.698274 0.745316 0.918877 0.973618 0.769693 0.879029 0.867700 0.825661 0.835341 0.883883 0.892423 0.803752 0.730424 0.665982 0.662723 0.689028 0.724584 0.000000 0.833911 0.746551 0.775600 0.878970 0.845297 0.848657 0.731548 0.981992 0.938745 0.994870 0.940960 0.949691 0.961820 0.985056 0.965649 0.916704 0.698409 0.722862 0.929162 0.924758 0.703271 0.847113 0.854404 0.863437 0.907972 0.916051 0.784549 0.944406 0.951329 0.892235 0.911640 0.853454 0.743743 0.773644 0.787442 0.785632 0.733066 0.940265 0.942634 0.790954 0.996332 0.938558 0.966033 0.895205 0.974005 0.885501 0.840090 0.985931 0.995354 0.907863 0.935498 0.811049 0.921096 0.859532 0.745817 0.930145 0.840533 0.772810 0.846109 0.893581 0.895380 0.722765 0.900396 0.871475 0.957111 0.880206 0.883443 0.907254 0.976315 0.956776 0.854126 0.841401 0.936071 0.929120 0.982596 0.979896 0.951248 0.944307 0.927651 0.780034 0.995671 0.836535 0.924459 0.835873 0.802406 0.864459 0.972568 0.992092
0.528120 0.536472 0.876066 0.899828 0.839287 0.756524 0.708511 0.589132 0.856378 0.592372 0.421224 0.585121 0.721805 0.546774 0.831772 0.821627 0.376058 0.389458 0.498364 0.504731 0.804323 0.993877 0.791862 0.820493 0.734898 0.691907 0.913779 0.833911 0.000000 0.371806 0.925929 0.858734 0.686974 0.604909 0.764887 0.858836 0.957332 0.966505 0.925932 0.853594 0.965628 0.947916 0.576560 0.542876 0.504946 0.519499 0.726366 0.585185 0.541414 0.591375 0.686114 0.665768 0.830611 0.846450 0.832723 0.868546 0.484578 0.561133 0.792745 0.992320 0.741025 0.862743 0.589727 0.580421 0.679839 0.900136 0.907027 0.847175 0.783360 0.723521 0.951269 0.962951 0.849080 0.714981 0.913586 0.745254 0.765019 0.775985 0.756928 0.690255 0.580607 0.703185 0.884061 0.773694 0.818912 0.874126 0.883168 0.813967 0.786316 0.712012 0.704741 0.827354 0.919460 0.959021 0.810138 0.811143 0.901116 0.975639 0.594393 0.577233 0.723029 0.830561 0.641944 0.759737 0.995929 0.965898 0.832930 0.843309 0.997136 0.989966 0.697398 0.761608 0.631504 0.867781 0.810135 0.911190
0.500334 0.459443 0.732370 0.779206 0.811977 0.687403 0.717082 0.542517 0.923551 0.550667 0.427770 0.447705 0.650041 0.557707 0.931085 0.785140 0.403595 0.368168 0.482169 0.540620 0.903185 0.902087 0.714082 0.783148 0.658648 0.569829 0.757150 0.746551 0.371806 0.000000 0.992828 0.857704 0.620881 0.578260 0.657393 0.816072 0.920134 0.944867 0.937418 0.929826 0.988453 0.974157 0.592181 0.524909 0.484621 0.445281 0.809820 0.578917 0.494131 0.607875 0.667187 0.697234 0.824425 0.798363 0.765773 0.908583 0.457528 0.503444 0.752353 0.953653 0.688789 0.829513 0.519550 0.477577 0.546221 0.813998 0.914352 0.788622 0.772571 0.746224 0.916331 0.968249 0.866253 0.711246 0.930205 0.767880 0.805681 0.837679 0.726193 0.542484 0.526276 0.602260 0.893288 0.770077 0.740826 0.813032 0.898111 0.869540 0.751236 0.655329 0.662105 0.820760 0.908456 0.980052 0.819397 0.888387 0.812236 0.966268 0.578621 0.658700 0.659312 0.765415 0.610836 0.667943 0.920001 0.950371 0.813334 0.983557 0.947730 0.929007 0.789976 0.754283 0.691400 0.802601 0.896826 0.899597
0.918984 0.953451 0.561242 0.549660 0.987985 0.961044 0.851623 0.997585 0.811795 0.894169 0.915217 0.741173 0.935420 0.903536 0.854202 0.987081 0.979148 0.967790 0.891295 0.972127 0.940856 0.845834 0.550743 0.583296 0.572015 0.733321 0.852157 0.775600 0.925929 0.992828 0.000000 0.609760 0.774387 0.849834 0.728207 0.985892 0.833237 0.871934 0.657975 0.747217 0.878677 0.828072 0.794634 0.910217 0.962851 0.911860 0.869949 0.896360 0.836620 0.996229 0.988765 0.877849 0.995714 0.897259 0.822147 0.883084 0.930389 0.904312 0.977727 0.967727 0.850895 0.840506 0.777540 0.731978 0.573254 0.709528 0.855182 0.943113 0.972346 0.917770 0.718560 0.758800 0.861965 0.751865 0.862980 0.683654 0.807530 0.776121 0.868441 0.770907 0.970483 0.971698 0.822517 0.905107 0.677805 0.696598 0.795028 0.931942 0.886460 0.988973 0.990775 0.996218 0.946766 0.882979 0.799765 0.912175 0.997234 0.840652 0.957407 0.993966 0.980279 0.869988 0.958160 0.854869 0.935753 0.902817 0.961151 0.804022 0.994112 0.952546 0.882506 0.927499 0.940137 0.854042 0.950041 0.969777
0.778490 0.801209 0.664107 0.643322 0.846172 0.867299 0.667187 0.739014 0.743161 0.846872 0.844246 0.984600 0.862420 0.798306 0.794279 0.882699 0.809484 0.794919 0.636168 0.722607 0.967583 0.812923 0.802781 0.780417 0.811909 0.962745 0.920339 0.878970 0.858734 0.857704 0.609760 0.000000 0.641959 0.632790 0.847602 0.993160 0.753560 0.974665 0.711094 0.742532 0.860195 0.953216 0.662504 0.710040 0.754473 0.768597 0.648736 0.570173 0.867420 0.670666 0.755406 0.645836 0.819860 0.755071 0.810401 0.964920 0.761303 0.835910 0.655905 0.875918 0.797112 0.955824 0.840054 0.942557 0.810714 0.779542 0.636558 0.733908 0.991923 0.938172 0.768066 0.766725 0.917734 0.714733 0.969464 0.647526 0.650460 0.615718 0.771096 0.706721 0.855064 0.844381 0.780495 0.977891 0.843338 0.875078 0.968325 0.904262 0.959483 0.913404 0.683756 0.734078 0.826062 0.729576 0.922573 0.981565 0.927002 0.886665 0.823110 0.767690 0.951459 0.824486 0.844809 0.803823 0.843968 0.814115 0.897287 0.685849 0.959124 0.985901 0.853917 0.801660 0.888351 0.992664 0.937916 0.834078
0.589168 0.545369 0.829665 0.808505 0.752519 0.840439 0.625484 0.610570 0.770971 0.807231 0.666554 0.750263 0.851515 0.755452 0.937316 0.973010 0.592692 0.576309 0.504602 0.510158 0.930995 0.926698 0.893888 0.932716 0.987492 0.909828 0.910507 0.845297 0.686974 0.620881 0.774387 0.641959 0.000000 0.487157 0.940587 0.932007 0.785684 0.773651 0.866343 0.853653 0.793032 0.952223 0.620274 0.643506 0.600233 0.680184 0.726758 0.641831 0.835922 0.661095 0.740427 0.686262 0.798858 0.751091 0.976073 0.884797 0.562141 0.619600 0.513270 0.704673 0.606539 0.785933 0.644775 0.676780 0.998889 0.724847 0.490672 0.481939 0.747489 0.756325 0.733801 0.850026 0.708471 0.597639 0.887660 0.719806 0.682534 0.674136 0.659021 0.603755 0.596851 0.661851 0.906123 0.977234 0.939238 0.892765 0.883716 0.806497 0.810656 0.898632 0.675852 0.688127 0.805672 0.810701 0.856142 0.865672 0.775146 0.917512 0.686267 0.685469 0.764066 0.705344 0.674880 0.806617 0.847502 0.877249 0.944716 0.888443 0.923131 0.844031 0.810243 0.851166 0.794047 0.892853 0.927840 0.972060
0.577050 0.539178 0.952249 0.970802 0.837586 0.741563 0.518061 0.526859 0.780730 0.554989 0.504588 0.699867 0.783439 0.690555 0.960610 0.992048 0.534791 0.509817 0.434941 0.548710 0.993131 0.918850 0.874748 0.865567 0.777595 0.797287 0.905514 0.848657 0.604909 0.578260 0.849834 0.632790 0.487157 0.000000 0.926356 0.928179 0.855505 0.954328 0.883088 0.998063 0.968876 0.943848 0.618691 0.550543 0.422896 0.497021 0.692688 0.562502 0.610931 0.537217 0.616883 0.540278 0.826594 0.666032 0.986258 0.992608 0.535228 0.650606 0.570858 0.834500 0.568857 0.789001 0.579850 0.636706 0.835627 0.897558 0.541070 0.519111 0.774647 0.738634 0.796018 0.883721 0.754204 0.610323 0.899580 0.595419 0.665810 0.636933 0.754321 0.659367 0.684208 0.719376 0.969237 0.874951 0.949968 0.933811 0.896067 0.881044 0.794214 0.800122 0.562232 0.642800 0.787878 0.771013 0.854737 0.872231 0.802757 0.881132 0.558613 0.591324 0.665397 0.732243 0.712403 0.773625 0.894909 0.843605 0.802349 0.799870 0.974729 0.963745 0.833722 0.622897 0.571403 0.920580 0.931920 0.888767
0.880073 0.890989 0.757695 0.688889 0.946334 0.792540 0.872436 0.772187 0.958359 0.707524 0.731102 0.699555 0.692436 0.801735 0.880150 0.796006 0.813631 0.800390 0.899309 0.990010 0.817245 0.937961 0.619658 0.678941 0.594090 0.808165 0.687533 0.731548 0.764887 0.657393 0.728207 0.847602 0.940587 0.926356 0.000000 0.848791 0.855998 0.914606 0.985256 0.990591 0.903323 0.852927 0.831364 0.791464 0.758994 0.688201 0.876569 0.890991 0.675069 0.854579 0.827806 0.898896 0.806965 0.913758 0.712881 0.882032 0.863010 0.956557 0.994050 0.912057 0.833241 0.854520 0.804530 0.812793 0.637959 0.734720 0.778248 0.882822 0.936566 0.925470 0.916508 0.987920 0.862141 0.941124 0.990859 0.916685 0.928390 0.975693 0.932732 0.875742 0.987525 0.956026 0.929894 0.952965 0.637271 0.616073 0.977375 0.903545 0.910565 0.712284 0.878828 0.978926 0.951321 0.915197 0.899849 0.882790 0.924903 0.873218 0.731805 0.885659 0.671111 0.929330 0.849129 0.738273 0.885249 0.989111 0.918136 0.942532 0.961823 0.930274 0.952641 0.739884 0.646098 0.790371 0.963213 0.896761
0.862109 0.918530 0.907461 0.937159 0.753212 0.858549 0.925519 0.841939 0.753183 0.847184 0.853983 0.880148 0.849357 0.823281 0.873241 0.718125 0.870885 0.840592 0.898616 0.937645 0.888018 0.936229 0.800630 0.927520 0.858239 0.907452 0.856110 0.981992 0.858836 0.816072 0.985892 0.993160 0.932007 0.928179 0.848791 0.000000 0.986134 0.842516 0.910860 0.913730 0.776269 0.893720 0.766939 0.816067 0.934001 0.858436 0.959293 0.846207 0.831050 0.943610 0.930506 0.974222 0.990218 0.989605 0.826517 0.960332 0.853816 0.939287 0.987236 0.850515 0.997656 0.922322 0.949968 0.905934 0.884992 0.822708 0.754985 0.742889 0.962560 0.970536 0.849065 0.900767 0.860979 0.876892 0.910436 0.925066 0.971561 0.975275 0.937429 0.944330 0.987306 0.990345 0.896397 0.904099 0.785952 0.741629 0.996256 0.960346 0.957443 0.975285 0.819297 0.818999 0.926138 0.967063 0.981540 0.984482 0.868512 0.995077 0.764318 0.781643 0.724852 0.969039 0.798872 0.900559 0.805072 0.998913 0.951006 0.884300 0.956127 0.949682 0.989821 0.905624 0.940041 0.959704 0.870588 0.848809
0.911308 0.931250 0.827002 0.696872 0.969577 0.945785 0.924147 0.903649 0.667374 0.945773 0.956768 0.912481 0.881341 0.953087 0.938396 0.793045 0.880635 0.920144 0.937149 0.755342 0.959118 0.919767 0.876654 0.857589 0.809927 0.755706 0.889021 0.938745 0.957332 0.920134 0.833237 0.753560 0.785684 0.855505 0.855998 0.986134 0.000000 0.783305 0.865010 0.722260 0.725900 0.798367 0.931036 0.971878 0.983942 0.859291 0.850861 0.969415 0.998315 0.878328 0.756971 0.782062 0.793679 0.792799 0.837920 0.986879 0.891398 0.893807 0.714213 0.715990 0.888303 0.785424 0.906231 0.926577 0.785389 0.690201 0.934234 0.873838 0.791649 0.794480 0.998460 0.811964 0.774680 0.859537 0.955446 0.898280 0.910146 0.999505 0.824393 0.871989 0.822475 0.903612 0.871696 0.799355 0.925634 0.906297 0.849999 0.912927 0.851766 0.773283 0.995312 0.938318 0.970495 0.974731 0.779615 0.888153 0.991492 0.889820 0.994899 0.977536 0.955833 0.917095 0.960859 0.940942 0.991462 0.835957 0.979897 0.910635 0.788738 0.991079 0.981736 0.912189 0.955161 0.980978 0.981047 0.932902
0.901423 0.870275 0.898289 0.760529 0.880299 0.997118 0.978840 0.954074 0.794930 0.900609 0.823942 0.984695 0.752014 0.899414 0.772233 0.992882 0.896756 0.999030 0.988104 0.942545 0.972826 0.903827 0.849494 0.915611 0.754935 0.767089 0.983671 0.994870 0.966505 0.944867 0.871934 0.974665 0.773651 0.954328 0.914606 0.842516 0.783305 0.000000 0.852168 0.942923 0.701626 0.946055 0.964525 0.954898 0.971818 0.935863 0.937187 0.996799 0.963010 0.900874 0.879218 0.909021 0.847748 0.890493 0.928497 0.830403 0.924746 0.887570 0.798677 0.659293 0.912799 0.737901 0.894289 0.920512 0.812156 0.610968 0.883352 0.800240 0.779987 0.918443 0.961135 0.874151 0.803910 0.909346 0.789683 0.959113 0.901425 0.988818 0.869802 0.876768 0.851637 0.844251 0.920526 0.921641 0.903113 0.842130 0.972463 0.904903 0.966723 0.861346 0.902973 0.827711 0.990914 0.943836 0.994205 0.931457 0.945952 0.898986 0.970376 0.923112 0.946425 0.995703 0.860556 0.972849 0.767776 0.814709 0.991697 0.894503 0.965522 0.960074 0.892288 0.998555 0.946203 0.975008 0.871965 0.949261
