0.000000 0.170585 0.407309 0.505543 0.695104 0.817699 0.317044 0.464169 0.838566 0.673250 0.372067 0.314415 0.235828 0.395732 0.513182 0.620866 0.348902 0.339457 0.239883 0.262415 0.613853 0.932488 0.501199 0.605236 0.630155 0.779004 0.819223 0.861625 0.624001 0.592965 0.796514 0.932462 0.269752 0.277263 0.511937 0.933495 0.441156 0.634837 0.606205 0.690764 0.649843 0.863392 0.772431 0.719836 0.870586 0.802837 0.420923 0.454282 0.768985 0.544182 0.691590 0.590492 0.951438 0.683821 0.371381 0.476313 0.261270 0.187575 0.258724 0.316582 0.208772 0.327441 0.302900 0.324227 0.454213 0.326826 0.295028 0.440954 0.246495 0.260030 0.637250 0.890671 0.628121 0.746962 0.740233 0.884569 0.655230 0.862990 0.505835 0.494633 0.268022 0.247812 0.334022 0.323298 0.250189 0.337718 0.514387 0.590408 0.419621 0.417616 0.702121 0.585335 0.821307 0.723769 0.827922 0.898697 0.397139 0.910293 0.876625 0.955983 0.602023 0.862670 0.864977 0.847564 0.597672 0.504255 0.981145 0.908651 0.855008 0.657067 0.999416 0.752021 0.956057 0.899770 0.699514 0.897652
0.170585 0.000000 0.455822 0.494750 0.732649 0.823582 0.333141 0.392847 0.861412 0.746350 0.383342 0.259781 0.269703 0.353227 0.537442 0.618105 0.306974 0.290244 0.220873 0.224735 0.637989 0.894708 0.494171 0.600229 0.705722 0.882841 0.854264 0.898359 0.527313 0.502992 0.789116 0.841577 0.250106 0.262760 0.563325 0.929464 0.474577 0.598074 0.640080 0.709707 0.675362 0.759925 0.640450 0.619333 0.784050 0.721529 0.357756 0.403791 0.692240 0.490018 0.619560 0.533164 0.983364 0.747922 0.418397 0.503630 0.227759 0.161354 0.261012 0.313199 0.235456 0.329101 0.264054 0.264775 0.544794 0.375459 0.299142 0.413014 0.307840 0.297822 0.556148 0.802835 0.633129 0.732960 0.772252 0.819940 0.542618 0.720798 0.397622 0.438227 0.242276 0.254335 0.357566 0.373395 0.318351 0.385080 0.582657 0.612768 0.479160 0.457590 0.750098 0.671850 0.878983 0.731801 0.801898 0.864358 0.373674 0.860933 0.774889 0.843096 0.686941 0.901699 0.755806 0.770267 0.558950 0.479242 0.967898 0.980520 0.899010 0.626512 0.941723 0.694178 0.886349 0.874586 0.630665 0.854462
0.407309 0.455822 0.000000 0.248253 0.761691 0.900471 0.413615 0.619520 0.657479 0.586266 0.789404 0.690793 0.342763 0.646298 0.477484 0.539468 0.790531 0.788741 0.602186 0.591638 0.534498 0.914251 0.364052 0.345438 0.295179 0.346826 0.617225 0.705327 0.893676 0.892718 0.674335 0.848143 0.510211 0.617393 0.377404 0.912278 0.344191 0.507327 0.390121 0.648271 0.642182 0.921250 0.992311 0.950645 0.919405 0.996410 0.621862 0.616535 0.950331 0.664643 0.865751 0.694435 0.954345 0.744186 0.263768 0.539659 0.686427 0.513677 0.451642 0.411639 0.380367 0.465307 0.762233 0.768334 0.185965 0.220331 0.371238 0.476122 0.306904 0.386585 0.829483 0.958113 0.681940 0.750133 0.816087 0.985803 0.767242 0.889295 0.780893 0.853064 0.715090 0.588637 0.651341 0.508514 0.265321 0.234841 0.553971 0.698413 0.277579 0.323106 0.717138 0.640505 0.936338 0.922298 0.750252 0.976717 0.661125 0.992692 0.765613 0.710801 0.557371 0.755643 0.773862 0.791882 0.680316 0.646275 0.890729 0.924613 0.984140 0.881794 0.943871 0.905711 0.850417 0.903921 0.784783 0.907100
0.505543 0.494750 0.248253 0.000000 0.774197 0.889296 0.449771 0.483426 0.662906 0.706855 0.937740 0.678928 0.419886 0.580229 0.477828 0.474453 0.877627 0.816005 0.659557 0.631058 0.572263 0.972229 0.325806 0.286956 0.322301 0.414501 0.605520 0.756129 0.894260 0.872690 0.673415 0.999087 0.570206 0.640358 0.435055 0.816511 0.416469 0.479223 0.382719 0.622166 0.722312 0.829450 0.875145 0.849575 0.968288 0.886716 0.595076 0.546173 0.984043 0.631104 0.786799 0.657138 0.994877 0.792514 0.338656 0.603488 0.733272 0.559017 0.515424 0.457279 0.470132 0.485774 0.831655 0.787827 0.259306 0.280516 0.415319 0.476772 0.449571 0.470364 0.855215 0.947122 0.841015 0.861761 0.836857 0.987589 0.696433 0.967081 0.788473 0.908988 0.782744 0.706306 0.700090 0.566841 0.351951 0.254584 0.582268 0.745460 0.356295 0.304902 0.866156 0.748236 0.922788 0.993418 0.755468 0.840474 0.683353 0.993717 0.886237 0.850561 0.623597 0.712093 0.833194 0.870277 0.658189 0.557176 0.843183 0.913246 0.901462 0.832629 0.963472 0.970408 0.895140 0.946583 0.775587 0.902701
0.695104 0.732649 0.761691 0.774197 0.000000 0.951391 0.766722 0.811332 0.914169 0.869977 0.820234 0.773327 0.619619 0.819793 0.711639 0.721348 0.817785 0.843600 0.769083 0.766153 0.812889 0.755413 0.661729 0.749634 0.661625 0.760777 0.900943 0.827055 0.905729 0.923417 0.806156 0.980761 0.748970 0.758129 0.817507 0.955981 0.762616 0.834903 0.876134 0.732825 0.942593 0.988926 0.951385 0.956216 0.933011 0.973568 0.828032 0.753953 0.953757 0.926513 0.920661 0.906464 0.938002 0.800048 0.734508 0.872317 0.742270 0.754277 0.738658 0.764472 0.716017 0.744991 0.820711 0.782510 0.733862 0.714957 0.804782 0.822423 0.643637 0.633750 0.939156 0.907448 0.859506 0.972129 0.886828 0.916003 0.944760 0.981177 0.890436 0.812560 0.756674 0.784784 0.756227 0.767533 0.679442 0.697774 0.855050 0.808488 0.754868 0.733452 0.859916 0.851467 0.989414 0.854190 0.847314 0.981349 0.894278 0.877159 0.965372 0.946648 0.824713 0.931143 0.969086 0.928724 0.961142 0.763884 0.956608 0.961980 0.931799 0.964503 0.835034 0.963305 0.979512 0.877101 0.792235 0.995451
0.817699 0.823582 0.900471 0.889296 0.951391 0.000000 0.828048 0.852047 0.925945 0.970667 0.820769 0.827468 0.897102 0.861858 0.943058 0.858728 0.847124 0.762858 0.851134 0.877332 0.711494 0.926984 0.976496 0.942355 0.980505 0.962607 0.942830 0.719042 0.852291 0.868589 0.804120 0.918280 0.895841 0.840550 0.989435 0.727719 0.985261 0.927224 0.912591 0.694711 0.754424 0.872745 0.785955 0.782386 0.825887 0.837834 0.872974 0.962830 0.883840 0.950596 0.958630 0.922551 0.891552 0.764012 0.899623 0.885505 0.788259 0.843702 0.918994 0.932307 0.898301 0.926037 0.964269 0.984069 0.918311 0.817798 0.813631 0.828910 0.887452 0.883401 0.986920 0.951717 0.913321 0.983605 0.776643 0.955595 0.929822 0.986755 0.954892 0.822597 0.862637 0.814573 0.995279 0.884359 0.924930 0.861284 0.806161 0.958898 0.982318 0.869883 0.740425 0.887057 0.754909 0.790855 0.944989 0.910794 0.786547 0.681041 0.765544 0.754177 0.946339 0.994159 0.929464 0.881187 0.990692 0.892286 0.930499 0.961871 0.968726 0.905461 0.870245 0.868221 0.939724 0.983825 0.969222 0.700155
0.317044 0.333141 0.413615 0.449771 0.766722 0.828048 0.000000 0.287588 0.572481 0.981937 0.511666 0.463857 0.322846 0.365597 0.429863 0.534274 0.496949 0.463187 0.335059 0.383933 0.722236 0.947693 0.562304 0.623257 0.717222 0.716349 0.957613 0.926553 0.642493 0.704886 0.621578 0.760468 0.293410 0.287001 0.570040 0.898356 0.482276 0.532513 0.655063 0.756907 0.729154 0.778747 0.507683 0.449335 0.571652 0.503320 0.364519 0.346781 0.615529 0.450038 0.518789 0.465833 0.760592 0.996022 0.384347 0.475140 0.426004 0.368544 0.336455 0.407193 0.276063 0.378250 0.473683 0.450405 0.528772 0.374225 0.255330 0.289504 0.427649 0.426597 0.525720 0.679950 0.630631 0.541053 0.728298 0.797198 0.482164 0.715821 0.527995 0.605171 0.482729 0.498666 0.573702 0.486566 0.434596 0.448742 0.697852 0.761185 0.539995 0.571881 0.982511 0.908489 0.968704 0.984861 0.781040 0.809484 0.430090 0.939912 0.690410 0.731487 0.833192 0.875602 0.790773 0.710823 0.461239 0.505950 0.830154 0.897656 0.854803 0.720622 0.807624 0.640998 0.792099 0.753433 0.606264 0.950707
0.464169 0.392847 0.619520 0.483426 0.811332 0.852047 0.287588 0.000000 0.666233 0.827740 0.638585 0.427670 0.491607 0.327490 0.561449 0.518935 0.594686 0.546685 0.456920 0.485883 0.813944 0.914492 0.646571 0.692249 0.866549 0.875490 0.968332 0.945212 0.615407 0.681615 0.700032 0.673586 0.437793 0.384399 0.699281 0.812698 0.602280 0.600872 0.727207 0.796371 0.923217 0.772162 0.443205 0.420060 0.570496 0.444659 0.319682 0.365138 0.559501 0.441001 0.417573 0.397955 0.646015 0.898011 0.489059 0.586980 0.518872 0.459688 0.401102 0.438022 0.376677 0.338672 0.505550 0.421804 0.740740 0.506862 0.418725 0.377223 0.642589 0.527060 0.654073 0.716017 0.785541 0.670398 0.793577 0.728354 0.490370 0.660183 0.566904 0.641688 0.571976 0.662201 0.632923 0.617923 0.634140 0.571797 0.814458 0.841891 0.689632 0.653061 0.920385 0.950280 0.979663 0.884888 0.895835 0.750123 0.449357 0.867869 0.552555 0.563137 0.984634 0.952784 0.642240 0.692150 0.533192 0.490644 0.833384 0.732383 0.879860 0.732364 0.771634 0.561516 0.681934 0.754871 0.588961 0.863273
0.838566 0.861412 0.657479 0.662906 0.914169 0.925945 0.572481 0.666233 0.000000 0.828351 0.910507 0.971356 0.701372 0.838505 0.699502 0.841401 0.958314 0.990445 0.837641 0.905208 0.939299 0.962734 0.770074 0.732009 0.766129 0.670481 0.927388 0.978249 0.983053 0.888441 0.666985 0.984503 0.737774 0.818020 0.692920 0.970560 0.676473 0.669608 0.793967 0.920942 0.992072 0.819090 0.731604 0.740751 0.632430 0.657132 0.719862 0.700499 0.776688 0.667729 0.668584 0.660547 0.641777 0.760063 0.645464 0.684548 0.935786 0.902885 0.728503 0.834923 0.695964 0.751735 0.967314 0.958261 0.698256 0.694626 0.618981 0.569309 0.760668 0.866739 0.779827 0.775763 0.817526 0.711772 0.827208 0.959823 0.667631 0.906543 0.943225 0.971298 0.958504 0.953502 0.958687 0.868645 0.809514 0.758261 0.960489 0.853255 0.706794 0.829145 0.919334 0.912120 0.942481 0.867046 0.723889 0.942943 0.883933 0.912818 0.837384 0.851193 0.924624 0.910296 0.980637 0.840651 0.730493 0.705870 0.833922 0.876565 0.828032 0.992187 0.885134 0.832463 0.883548 0.921611 0.807886 0.959240
0.673250 0.746350 0.586266 0.706855 0.869977 0.970667 0.981937 0.827740 0.828351 0.000000 0.936991 0.917620 0.670812 0.946557 0.849064 0.883106 0.896236 0.919064 0.841259 0.791010 0.737571 0.997638 0.596004 0.558712 0.483421 0.655369 0.530553 0.721227 0.770805 0.891300 0.965798 0.703928 0.839261 0.991286 0.624361 0.943088 0.661571 0.924561 0.562668 0.806211 0.769352 0.915689 0.539163 0.594520 0.433393 0.457760 0.985541 0.910091 0.539175 0.847460 0.648094 0.807010 0.553362 0.451397 0.664842 0.860245 0.825117 0.717431 0.884654 0.827521 0.830272 0.918204 0.914801 0.970431 0.492390 0.625541 0.880861 0.949117 0.569819 0.702525 0.940829 0.710007 0.896724 0.749933 0.998283 0.780796 0.806002 0.682087 0.929776 0.997605 0.771642 0.601915 0.617786 0.597615 0.441360 0.501323 0.679702 0.652491 0.575150 0.470544 0.458291 0.464515 0.741449 0.717319 0.975406 0.811306 0.996772 0.783501 0.446971 0.395356 0.434452 0.586311 0.513871 0.544309 0.853698 0.965179 0.870030 0.681547 0.903645 0.988649 0.629188 0.696688 0.579757 0.736721 0.862902 0.921792
0.372067 0.383342 0.789404 0.937740 0.820234 0.820769 0.511666 0.638585 0.910507 0.936991 0.000000 0.349199 0.545586 0.522188 0.811985 0.874430 0.379961 0.317733 0.364837 0.358006 0.793010 0.848317 0.936062 0.975181 0.911296 0.817449 0.813896 0.860407 0.472147 0.386199 0.955703 0.803819 0.455519 0.354288 0.845424 0.997633 0.804263 0.877758 0.946615 0.929824 0.740714 0.895997 0.732951 0.714356 0.713564 0.761431 0.615844 0.653507 0.673577 0.711079 0.796054 0.779199 0.905706 0.785885 0.735984 0.719009 0.353167 0.396723 0.522307 0.597304 0.456961 0.594039 0.360298 0.394777 0.897276 0.686345 0.535734 0.562065 0.548545 0.556372 0.701431 0.802174 0.657791 0.615495 0.741057 0.848168 0.753302 0.792194 0.534430 0.465724 0.323631 0.370930 0.595568 0.554370 0.649338 0.761387 0.734141 0.820320 0.804381 0.826975 0.886010 0.819180 0.942510 0.818172 0.936562 0.982488 0.533867 0.897046 0.675640 0.799482 0.896697 0.902309 0.660722 0.698980 0.709486 0.686199 0.814979 0.885616 0.689498 0.741244 0.929337 0.714958 0.845872 0.857125 0.769658 0.897245
0.314415 0.259781 0.690793 0.678928 0.773327 0.827468 0.463857 0.427670 0.971356 0.917620 0.349199 0.000000 0.425643 0.335869 0.609483 0.611254 0.374324 0.296513 0.289088 0.284354 0.729021 0.855393 0.626980 0.737097 0.900480 0.893922 0.955664 0.937583 0.440099 0.398999 0.891776 0.743620 0.383469 0.324478 0.761444 0.891779 0.653131 0.693655 0.890973 0.774877 0.843582 0.825088 0.654294 0.677410 0.789292 0.763400 0.495772 0.544299 0.725291 0.627298 0.690853 0.665522 0.943303 0.752724 0.647323 0.628529 0.293117 0.302268 0.439909 0.486035 0.331686 0.330368 0.305941 0.251128 0.775810 0.547522 0.525504 0.524972 0.502384 0.427746 0.657001 0.781813 0.615532 0.678213 0.786429 0.794705 0.672619 0.652872 0.453468 0.418263 0.299051 0.370423 0.526805 0.507109 0.522600 0.565651 0.705933 0.734740 0.689857 0.630593 0.803146 0.674809 0.859664 0.627587 0.946692 0.749995 0.477227 0.830797 0.695394 0.743426 0.835734 0.964135 0.607808 0.706004 0.587315 0.526803 0.906389 0.930998 0.857304 0.646354 0.870718 0.645250 0.790261 0.817300 0.651454 0.870289
0.235828 0.269703 0.342763 0.419886 0.619619 0.897102 0.322846 0.491607 0.701372 0.670812 0.545586 0.425643 0.000000 0.418797 0.392860 0.448856 0.441971 0.488317 0.337499 0.349709 0.570787 0.921298 0.331174 0.463947 0.517535 0.678799 0.769575 0.772368 0.728272 0.727471 0.616038 0.942289 0.310130 0.361825 0.534910 0.965943 0.389708 0.592633 0.549484 0.654593 0.603087 0.912976 0.788067 0.703778 0.945751 0.823140 0.476354 0.445776 0.874004 0.538515 0.685259 0.562700 0.998348 0.803754 0.395577 0.514464 0.406910 0.300955 0.331182 0.330990 0.232243 0.333792 0.404269 0.395789 0.376459 0.310738 0.371863 0.502360 0.276571 0.289056 0.626594 0.856655 0.577667 0.651995 0.749126 0.835670 0.600127 0.828759 0.559139 0.523302 0.408956 0.376619 0.445648 0.387007 0.253363 0.303438 0.524817 0.584805 0.409736 0.396360 0.657995 0.623413 0.734562 0.750962 0.828091 0.978944 0.505757 0.953576 0.989021 0.951073 0.592126 0.823217 0.945931 0.880276 0.640160 0.477307 0.928636 0.862118 0.982086 0.821418 0.981699 0.837687 0.945371 0.988458 0.656870 0.947609
0.395732 0.353227 0.646298 0.580229 0.819793 0.861858 0.365597 0.327490 0.838505 0.946557 0.522188 0.335869 0.418797 0.000000 0.534603 0.480184 0.449498 0.370688 0.302218 0.347394 0.767874 0.802555 0.550259 0.576573 0.854208 0.943627 0.834785 0.947984 0.494809 0.476067 0.738074 0.602757 0.396375 0.352689 0.653781 0.845873 0.674288 0.546719 0.758841 0.749013 0.900129 0.786878 0.624309 0.576998 0.778665 0.677549 0.484128 0.522187 0.775283 0.686913 0.695472 0.677338 0.991672 0.832719 0.627038 0.639901 0.383967 0.417481 0.527480 0.576845 0.429757 0.429584 0.463367 0.384372 0.723273 0.512722 0.493400 0.540534 0.592832 0.569122 0.624563 0.664546 0.707176 0.722618 0.805584 0.732398 0.651600 0.599061 0.483364 0.505464 0.410494 0.459949 0.513899 0.495897 0.539944 0.514110 0.719598 0.684368 0.685838 0.642323 0.881845 0.788634 0.875452 0.810878 0.983676 0.730429 0.500178 0.897552 0.734844 0.708090 0.817242 0.924269 0.715883 0.714285 0.604494 0.579395 0.962963 0.972336 0.922417 0.732870 0.860873 0.645548 0.780225 0.817719 0.741739 0.890044
0.513182 0.537442 0.477484 0.477828 0.711639 0.943058 0.429863 0.561449 0.699502 0.849064 0.811985 0.609483 0.392860 0.534603 0.000000 0.349011 0.659577 0.640769 0.554400 0.576865 0.689810 0.999276 0.375351 0.450869 0.570801 0.701603 0.752520 0.812782 0.795455 0.825714 0.529145 0.762905 0.471980 0.554146 0.740986 0.966290 0.553213 0.575105 0.696153 0.871105 0.680342 0.794680 0.794847 0.735977 0.948654 0.881000 0.607340 0.586783 0.953885 0.731620 0.851026 0.741845 0.932026 0.816551 0.545359 0.703206 0.598723 0.540913 0.625059 0.604008 0.473910 0.472403 0.637913 0.578107 0.502367 0.463856 0.623954 0.648599 0.513343 0.546463 0.705783 0.815626 0.751273 0.768496 0.931302 0.803576 0.788202 0.802268 0.711238 0.669970 0.596422 0.587975 0.635816 0.509172 0.461557 0.455914 0.585764 0.618592 0.537817 0.495425 0.855165 0.827799 0.877180 0.872915 0.844031 0.885374 0.603319 0.919543 0.956665 0.938526 0.799820 0.987371 0.970066 0.936158 0.709764 0.704662 0.891070 0.957407 0.960256 0.966871 0.950218 0.911592 0.945553 0.886139 0.819555 0.887622
0.620866 0.618105 0.539468 0.474453 0.721348 0.858728 0.534274 0.518935 0.841401 0.883106 0.874430 0.611254 0.448856 0.480184 0.349011 0.000000 0.800887 0.749692 0.651389 0.673463 0.649240 0.964412 0.405822 0.418375 0.542399 0.676946 0.751485 0.843909 0.880066 0.916455 0.568967 0.750286 0.594603 0.596684 0.708615 0.863757 0.573791 0.631581 0.679956 0.679950 0.695159 0.962343 0.800945 0.716537 0.934166 0.908299 0.596199 0.634671 0.942287 0.873889 0.907365 0.824791 0.990078 0.801348 0.627523 0.799024 0.705069 0.652687 0.681170 0.603692 0.534141 0.492544 0.768492 0.668243 0.565904 0.473626 0.706157 0.748586 0.611533 0.562360 0.858334 0.831667 0.793629 0.746710 0.921608 0.694363 0.834201 0.799975 0.795968 0.756190 0.753792 0.721589 0.725632 0.612188 0.570014 0.439851 0.722463 0.764974 0.578344 0.531889 0.847237 0.797930 0.931052 0.858017 0.954025 0.899323 0.729693 0.942250 0.992463 0.976600 0.839530 0.856047 0.950476 0.954691 0.798953 0.641687 0.853626 0.932773 0.916051 0.936069 0.974436 0.886648 0.843431 0.959818 0.772207 0.890332
0.348902 0.306974 0.790531 0.877627 0.817785 0.847124 0.496949 0.594686 0.958314 0.896236 0.379961 0.374324 0.441971 0.449498 0.659577 0.800887 0.000000 0.232136 0.252888 0.282939 0.885711 0.891856 0.715540 0.875415 0.985945 0.840884 0.988539 0.943340 0.358993 0.322369 0.794304 0.661748 0.311372 0.325078 0.869082 0.966502 0.700177 0.818325 0.978324 0.819533 0.710022 0.732613 0.579639 0.543067 0.726155 0.709414 0.500963 0.556670 0.686136 0.662482 0.707818 0.688453 0.989781 0.852524 0.712228 0.644529 0.212400 0.274537 0.496072 0.561160 0.444829 0.540000 0.250170 0.255239 0.866617 0.677687 0.538512 0.603323 0.520754 0.544478 0.490519 0.676648 0.644239 0.727174 0.800152 0.728543 0.616553 0.559571 0.371606 0.343657 0.200075 0.267787 0.405007 0.449872 0.548570 0.687505 0.778171 0.599761 0.747480 0.751475 0.841088 0.851060 0.816552 0.731646 0.970045 0.965458 0.475941 0.880259 0.661699 0.740665 0.859501 0.827603 0.574482 0.578735 0.669885 0.669295 0.949584 0.902992 0.859078 0.682068 0.917777 0.637167 0.816256 0.803054 0.691167 0.877390
0.339457 0.290244 0.788741 0.816005 0.843600 0.762858 0.463187 0.546685 0.990445 0.919064 0.317733 0.296513 0.488317 0.370688 0.640769 0.749692 0.232136 0.000000 0.250600 0.205895 0.795098 0.817961 0.735360 0.813383 0.995129 0.848591 0.955919 0.960579 0.336130 0.281610 0.864078 0.612932 0.316561 0.287983 0.826765 0.911063 0.726262 0.660736 0.931572 0.853096 0.695620 0.688567 0.566664 0.557506 0.688629 0.721153 0.542290 0.585708 0.705470 0.745993 0.818533 0.823530 0.838547 0.687512 0.729473 0.676525 0.173941 0.258248 0.540211 0.644149 0.485396 0.581637 0.312176 0.293685 0.853058 0.648229 0.500700 0.548935 0.503069 0.522706 0.514179 0.612652 0.690019 0.692096 0.824557 0.775594 0.679405 0.548698 0.352452 0.311479 0.201902 0.246982 0.442859 0.480098 0.554779 0.647605 0.735091 0.656950 0.744276 0.728429 0.963905 0.876126 0.991847 0.862596 0.988083 0.788669 0.433733 0.841063 0.626542 0.668923 0.893671 0.874149 0.537265 0.592765 0.580440 0.633734 0.940522 0.892824 0.858864 0.627429 0.835967 0.611717 0.886596 0.786347 0.778422 0.864171
0.239883 0.220873 0.602186 0.659557 0.769083 0.851134 0.335059 0.456920 0.837641 0.841259 0.364837 0.289088 0.337499 0.302218 0.554400 0.651389 0.252888 0.250600 0.000000 0.240309 0.721525 0.846230 0.598284 0.700192 0.878040 0.983768 0.872007 0.965101 0.407325 0.390405 0.752129 0.698839 0.280198 0.243183 0.644876 0.935992 0.628375 0.645136 0.794062 0.701751 0.753574 0.767235 0.610896 0.574090 0.725363 0.694525 0.431812 0.461146 0.693542 0.594299 0.654431 0.610625 0.965100 0.796862 0.544356 0.563351 0.218012 0.247992 0.363026 0.450013 0.318670 0.442862 0.267542 0.278545 0.702352 0.508576 0.359807 0.485387 0.420170 0.451624 0.466147 0.721439 0.626306 0.713222 0.777344 0.760001 0.591571 0.626880 0.417013 0.413709 0.239111 0.287077 0.420299 0.429511 0.441663 0.528398 0.709380 0.618372 0.644927 0.649617 0.803837 0.757014 0.832078 0.746826 0.896400 0.825100 0.404140 0.902482 0.716531 0.737811 0.718989 0.948639 0.697902 0.624923 0.559409 0.529216 0.986202 0.942594 0.870395 0.617407 0.897172 0.629174 0.842717 0.820184 0.631091 0.915226
0.262415 0.224735 0.591638 0.631058 0.766153 0.877332 0.383933 0.485883 0.905208 0.791010 0.358006 0.284354 0.349709 0.347394 0.576865 0.673463 0.282939 0.205895 0.240309 0.000000 0.697057 0.794293 0.570153 0.665336 0.802669 0.947834 0.861762 0.986540 0.462443 0.395575 0.706246 0.722505 0.259863 0.288640 0.653058 0.908085 0.575677 0.556393 0.767144 0.779755 0.709218 0.693522 0.639369 0.618912 0.793865 0.811681 0.513625 0.559436 0.802634 0.662228 0.769379 0.727859 0.873293 0.704361 0.586891 0.620777 0.192137 0.215507 0.443184 0.520635 0.366370 0.462668 0.317570 0.293768 0.654559 0.486650 0.405771 0.496466 0.364087 0.400817 0.455054 0.619105 0.632595 0.668427 0.778736 0.805992 0.563259 0.606686 0.394954 0.361769 0.232987 0.242088 0.410229 0.434196 0.399358 0.485022 0.692430 0.662400 0.614268 0.583497 0.810177 0.751775 0.911926 0.820082 0.942882 0.855875 0.422762 0.958133 0.790803 0.825730 0.740138 0.958845 0.650329 0.713653 0.528285 0.570245 0.953068 0.939540 0.864110 0.672602 0.903677 0.711561 0.969395 0.833014 0.723287 0.853375
0.613853 0.637989 0.534498 0.572263 0.812889 0.711494 0.722236 0.813944 0.939299 0.737571 0.793010 0.729021 0.570787 0.767874 0.689810 0.649240 0.885711 0.795098 0.721525 0.697057 0.000000 0.911771 0.660175 0.586727 0.612746 0.661325 0.753082 0.635774 0.985328 0.988127 0.940113 0.936471 0.753105 0.729330 0.622365 0.741389 0.644355 0.647573 0.631657 0.725865 0.722192 0.960936 0.949805 0.951124 0.923942 0.963726 0.815460 0.918277 0.931320 0.918422 0.986037 0.955406 0.761131 0.661576 0.613065 0.891186 0.750536 0.677227 0.703973 0.686963 0.620114 0.668319 0.897980 0.883814 0.510492 0.472115 0.632011 0.805703 0.541884 0.611082 0.921959 0.958710 0.871648 0.950941 0.960711 0.969227 0.831061 0.950053 0.971922 0.803674 0.815430 0.693096 0.758336 0.752566 0.564894 0.487561 0.723733 0.817932 0.629271 0.607601 0.818517 0.700501 0.998784 0.952269 0.809495 0.939452 0.801231 0.906178 0.873419 0.837234 0.724757 0.784364 0.917149 0.822633 0.971261 0.833227 0.968967 0.808002 0.925592 0.950021 0.939218 0.874338 0.862905 0.917040 0.862505 0.939012
0.932488 0.894708 0.914251 0.972229 0.755413 0.926984 0.947693 0.914492 0.962734 0.997638 0.848317 0.855393 0.921298 0.802555 0.999276 0.964412 0.891856 0.817961 0.846230 0.794293 0.911771 0.000000 0.970276 0.965037 0.984210 0.941762 0.913052 0.964964 0.804229 0.778403 0.881085 0.761998 0.889951 0.889882 0.944244 0.850086 0.995780 0.954737 0.959475 0.802409 0.918341 0.972761 0.755945 0.818391 0.883051 0.940712 0.855733 0.902578 0.963536 0.986566 0.955849 0.974113 0.862946 0.900920 0.912416 0.974895 0.810068 0.902573 0.928228 0.964728 0.982047 0.945105 0.978668 0.939460 0.977686 0.959209 0.907178 0.922327 0.891033 0.903155 0.935460 0.993827 0.993435 0.931772 0.998633 0.962737 0.853252 0.757021 0.880706 0.978940 0.895759 0.935664 0.959603 0.979670 0.996092 0.971045 0.967522 0.908874 0.969318 0.954215 0.949488 0.876706 0.818711 0.858278 0.872592 0.926636 0.964677 0.931034 0.924081 0.876134 0.971031 0.966388 0.847547 0.924161 0.945311 0.820288 0.945234 0.994490 0.809496 0.931161 0.952574 0.932061 0.881421 0.916140 0.966550 0.886163
0.501199 0.494171 0.364052 0.325806 0.661729 0.976496 0.562304 0.646571 0.770074 0.596004 0.936062 0.626980 0.331174 0.550259 0.375351 0.405822 0.715540 0.735360 0.598284 0.570153 0.660175 0.970276 0.000000 0.224376 0.335014 0.537036 0.478217 0.761452 0.944396 0.946889 0.516824 0.949829 0.537648 0.676180 0.594690 0.934778 0.428075 0.536385 0.555400 0.720567 0.740925 0.851453 0.964085 0.924942 0.795068 0.914945 0.660677 0.647703 0.848242 0.744538 0.921282 0.773911 0.871717 0.734421 0.506954 0.717327 0.635070 0.532917 0.622330 0.565029 0.508099 0.501251 0.701488 0.637352 0.344569 0.384818 0.598760 0.708807 0.429263 0.464516 0.740842 0.870123 0.786594 0.903272 0.795147 0.927317 0.817843 0.945821 0.693273 0.754090 0.643089 0.596250 0.566245 0.532958 0.308784 0.279476 0.512386 0.585471 0.404338 0.332551 0.697985 0.659986 0.848110 0.814278 0.825384 0.901904 0.735303 0.926376 0.803398 0.794626 0.533016 0.725924 0.877786 0.941046 0.705483 0.664146 0.931125 0.893542 0.858583 0.895641 0.953635 0.943717 0.896079 0.916668 0.825866 0.982466
0.605236 0.600229 0.345438 0.286956 0.749634 0.942355 0.623257 0.692249 0.732009 0.558712 0.975181 0.737097 0.463947 0.576573 0.450869 0.418375 0.875415 0.813383 0.700192 0.665336 0.586727 0.965037 0.224376 0.000000 0.273844 0.432746 0.443110 0.708243 0.920850 0.925296 0.639845 0.977947 0.658050 0.746043 0.505304 0.801089 0.472499 0.478111 0.485874 0.662914 0.754028 0.839392 0.935954 0.986588 0.761263 0.846612 0.735729 0.746261 0.765220 0.916767 0.900195 0.957566 0.749261 0.600690 0.469360 0.698412 0.728316 0.623399 0.738753 0.693301 0.616484 0.607974 0.912349 0.833502 0.317038 0.373637 0.643066 0.743759 0.493698 0.565098 0.867445 0.914194 0.955574 0.979693 0.873675 0.970936 0.918278 0.976873 0.817668 0.878864 0.767778 0.653370 0.631510 0.525876 0.350493 0.259761 0.581001 0.599611 0.391059 0.307734 0.747074 0.627844 0.968234 0.894357 0.871201 0.856087 0.817187 0.930680 0.760335 0.736831 0.566992 0.689342 0.750431 0.818181 0.797551 0.762798 0.944845 0.817242 0.825520 0.989934 0.911640 0.884526 0.777819 0.825872 0.960041 0.953276
0.630155 0.705722 0.295179 0.322301 0.661625 0.980505 0.717222 0.866549 0.766129 0.483421 0.911296 0.900480 0.517535 0.854208 0.570801 0.542399 0.985945 0.995129 0.878040 0.802669 0.612746 0.984210 0.335014 0.273844 0.000000 0.268053 0.470207 0.619383 0.670336 0.665718 0.682578 0.778508 0.750106 0.888347 0.446576 0.859238 0.410024 0.590836 0.415678 0.639455 0.707130 0.958927 0.785337 0.842234 0.646706 0.734282 0.851239 0.806670 0.668040 0.970963 0.850444 0.985434 0.767941 0.603397 0.423156 0.716370 0.872743 0.723763 0.743275 0.668163 0.649409 0.683685 0.949183 0.984530 0.209655 0.353354 0.673155 0.774553 0.448331 0.491395 0.969455 0.924774 0.913828 0.993013 0.925525 0.866198 0.999208 0.760279 0.981469 0.976148 0.911591 0.746646 0.709562 0.569337 0.336778 0.272193 0.570713 0.698425 0.326318 0.290554 0.740007 0.614638 0.977195 0.923165 0.817660 0.999536 0.919486 0.920765 0.572105 0.547917 0.509264 0.641994 0.592642 0.640852 0.890600 0.821238 0.910719 0.870221 0.912695 0.975398 0.759299 0.736067 0.688973 0.745093 0.999152 0.916396
0.779004 0.882841 0.346826 0.414501 0.760777 0.962607 0.716349 0.875490 0.670481 0.655369 0.817449 0.893922 0.678799 0.943627 0.701603 0.676946 0.840884 0.848591 0.983768 0.947834 0.661325 0.941762 0.537036 0.432746 0.268053 0.000000 0.561107 0.609571 0.584075 0.537326 0.695450 0.818430 0.836953 0.996938 0.531086 0.812739 0.511625 0.618121 0.463909 0.639303 0.824387 0.998965 0.844024 0.882925 0.778795 0.836724 0.863449 0.905685 0.729439 0.958457 0.917956 0.944018 0.928191 0.821070 0.431299 0.735147 0.984727 0.900957 0.798427 0.755816 0.763520 0.822552 0.792923 0.797400 0.291731 0.416786 0.664082 0.745517 0.554678 0.657861 0.931371 0.988330 0.954544 0.975612 0.925759 0.820497 0.984177 0.685182 0.891950 0.841138 0.880846 0.944878 0.889123 0.771380 0.506312 0.385059 0.771256 0.887899 0.427856 0.454668 0.922212 0.810167 0.873772 0.897362 0.747725 0.951706 0.994616 0.931171 0.630316 0.624037 0.668501 0.776435 0.603222 0.583739 0.952864 0.874324 0.852047 0.860422 0.895485 0.949299 0.861897 0.753546 0.725404 0.822337 0.978450 0.787626
0.819223 0.854264 0.617225 0.605520 0.900943 0.942830 0.957613 0.968332 0.927388 0.530553 0.813896 0.955664 0.769575 0.834785 0.752520 0.751485 0.988539 0.955919 0.872007 0.861762 0.753082 0.913052 0.478217 0.443110 0.470207 0.561107 0.000000 0.695990 0.798821 0.841439 0.822334 0.906988 0.874528 0.959229 0.691226 0.856271 0.786156 0.640711 0.713541 0.885709 0.963900 0.882021 0.752953 0.740370 0.581466 0.622606 0.969014 0.898685 0.558866 0.835919 0.736332 0.835762 0.618456 0.597522 0.758742 0.987585 0.897630 0.875383 0.993897 0.941811 0.929139 0.927415 0.923202 0.962198 0.533088 0.628003 0.833414 0.987432 0.682504 0.770866 0.962477 0.987387 0.990874 0.821109 0.883049 0.944436 0.865825 0.823707 0.960104 0.997984 0.936761 0.816898 0.783053 0.797152 0.585283 0.527791 0.779834 0.787488 0.610478 0.555475 0.812207 0.707322 0.953548 0.909084 0.979719 0.991818 0.904787 0.956030 0.685427 0.649582 0.608794 0.747269 0.718324 0.715462 0.936825 0.956208 0.950709 0.783624 0.831723 0.987144 0.843657 0.744322 0.650859 0.818251 0.871263 0.802957
0.861625 0.898359 0.705327 0.756129 0.827055 0.719042 0.926553 0.945212 0.978249 0.721227 0.860407 0.937583 0.772368 0.947984 0.812782 0.843909 0.943340 0.960579 0.965101 0.986540 0.635774 0.964964 0.761452 0.708243 0.619383 0.609571 0.695990 0.000000 0.902973 0.805209 0.873310 0.864946 0.943231 0.967188 0.899233 0.745637 0.772173 0.986020 0.823578 0.748334 0.866740 0.980183 0.987471 0.993394 0.783073 0.885121 0.908526 0.908227 0.838291 0.977832 0.940367 0.992981 0.899339 0.850419 0.755136 0.927152 0.929407 0.887123 0.859140 0.793546 0.901631 0.945420 0.929548 0.920432 0.661040 0.731909 0.886950 0.944610 0.772631 0.714484 0.910386 0.838042 0.932501 0.819508 0.918499 0.962755 0.884588 0.875291 0.973026 0.989012 0.992793 0.897374 0.942352 0.934968 0.746913 0.699156 0.906879 0.995536 0.799631 0.714887 0.897031 0.894044 0.935400 0.990593 0.846374 0.807107 0.941321 0.870208 0.778682 0.743444 0.805712 0.820585 0.749354 0.786794 0.838026 0.920499 0.846461 0.874149 0.899034 0.925284 0.825979 0.799801 0.942220 0.931453 0.940376 0.778655
0.624001 0.527313 0.893676 0.894260 0.905729 0.852291 0.642493 0.615407 0.983053 0.770805 0.472147 0.440099 0.728272 0.494809 0.795455 0.880066 0.358993 0.336130 0.407325 0.462443 0.985328 0.804229 0.944396 0.920850 0.670336 0.584075 0.798821 0.902973 0.000000 0.205248 0.817870 0.444371 0.523339 0.442510 0.891295 0.988305 0.963676 0.950349 0.765366 0.966101 0.934037 0.838050 0.436218 0.449281 0.554399 0.593348 0.632442 0.636014 0.597935 0.719066 0.664751 0.743813 0.865080 0.959406 0.999944 0.828520 0.374230 0.532385 0.669091 0.774637 0.677854 0.712555 0.354976 0.335457 0.755931 0.999827 0.744691 0.733678 0.842533 0.817023 0.501564 0.619340 0.747925 0.721299 0.892751 0.713320 0.649646 0.421188 0.418354 0.365010 0.377824 0.548711 0.672332 0.763391 0.940670 0.975292 0.953170 0.857297 0.927459 0.900712 0.954938 0.911732 0.897932 0.795349 0.928233 0.842069 0.495814 0.936917 0.505127 0.467065 0.832399 0.728602 0.432224 0.399316 0.701610 0.750770 0.959700 0.971117 0.821782 0.697271 0.759367 0.569544 0.667048 0.750740 0.758360 0.904130
0.592965 0.502992 0.892718 0.872690 0.923417 0.868589 0.704886 0.681615 0.888441 0.891300 0.386199 0.398999 0.727471 0.476067 0.825714 0.916455 0.322369 0.281610 0.390405 0.395575 0.988127 0.778403 0.946889 0.925296 0.665718 0.537326 0.841439 0.805209 0.205248 0.000000 0.904029 0.508974 0.524880 0.474953 0.921777 0.993329 0.990752 0.922118 0.770394 0.991431 0.915299 0.814599 0.579485 0.589021 0.671877 0.736156 0.707348 0.744874 0.697293 0.822496 0.804197 0.873158 0.982422 0.885133 0.948397 0.903817 0.335340 0.499415 0.716001 0.813896 0.690561 0.732763 0.350433 0.335239 0.776775 0.980096 0.767103 0.781339 0.810939 0.827692 0.554498 0.657619 0.727652 0.741134 0.844544 0.692161 0.759530 0.464980 0.413311 0.351363 0.327416 0.457946 0.617323 0.704213 0.890219 0.996741 0.903332 0.776384 0.928564 0.937347 0.946597 0.996144 0.868895 0.784969 0.990048 0.911283 0.540247 0.903810 0.588260 0.585480 0.947476 0.784628 0.442456 0.470755 0.703134 0.740399 0.853810 0.924410 0.828904 0.730251 0.797985 0.616829 0.778488 0.781517 0.809083 0.844698
0.796514 0.789116 0.674335 0.673415 0.806156 0.804120 0.621578 0.700032 0.666985 0.965798 0.955703 0.891776 0.616038 0.738074 0.529145 0.568967 0.794304 0.864078 0.752129 0.706246 0.940113 0.881085 0.516824 0.639845 0.682578 0.695450 0.822334 0.873310 0.817870 0.904029 0.000000 0.650027 0.624017 0.779915 0.886547 0.955724 0.530338 0.718078 0.844854 0.856844 0.857061 0.883269 0.731720 0.669515 0.979445 0.911028 0.750227 0.759728 0.924161 0.791240 0.801521 0.761005 0.757198 0.872992 0.742550 0.869062 0.775538 0.785486 0.789000 0.756209 0.719908 0.707725 0.821799 0.742241 0.734712 0.699516 0.811543 0.793064 0.722640 0.767093 0.612477 0.678259 0.687671 0.706683 0.812638 0.766141 0.675445 0.683299 0.759100 0.794812 0.843706 0.870047 0.851864 0.837724 0.724542 0.694604 0.953748 0.968172 0.747505 0.823604 0.849570 0.985288 0.850074 0.905026 0.844307 0.935012 0.793846 0.670257 0.929169 0.995039 0.852203 0.964171 0.861957 0.848793 0.690932 0.843803 0.787643 0.916840 0.941165 0.896577 0.918582 0.951252 0.954891 0.893425 0.903652 0.935912
0.932462 0.841577 0.848143 0.999087 0.980761 0.918280 0.760468 0.673586 0.984503 0.703928 0.803819 0.743620 0.942289 0.602757 0.762905 0.750286 0.661748 0.612932 0.698839 0.722505 0.936471 0.761998 0.949829 0.977947 0.778508 0.818430 0.906988 0.864946 0.444371 0.508974 0.650027 0.000000 0.693713 0.660774 0.818006 0.900854 0.982869 0.879887 0.834391 0.921983 0.985048 0.805916 0.518804 0.470534 0.673018 0.681167 0.779386 0.854746 0.827182 0.934159 0.874084 0.941254 0.891233 0.937150 0.992692 0.972791 0.637498 0.820931 0.983574 0.960925 0.959378 0.942026 0.759150 0.698144 0.767119 0.984846 0.932262 0.845654 0.968889 0.890129 0.727856 0.621293 0.970901 0.855436 0.948119 0.776025 0.809110 0.503503 0.680660 0.695918 0.687560 0.814068 0.879218 0.825324 0.924230 0.972047 0.853198 0.947609 0.916359 0.921262 0.744029 0.773675 0.857278 0.993199 0.894347 0.864443 0.792490 0.902066 0.598172 0.503404 0.763475 0.691021 0.535179 0.570090 0.833238 0.901962 0.982544 0.993897 0.919303 0.840287 0.742680 0.659297 0.752388 0.755143 0.893110 0.970938
0.269752 0.250106 0.510211 0.570206 0.748970 0.895841 0.293410 0.437793 0.737774 0.839261 0.455519 0.383469 0.310130 0.396375 0.471980 0.594603 0.311372 0.316561 0.280198 0.259863 0.753105 0.889951 0.537648 0.658050 0.750106 0.836953 0.874528 0.943231 0.523339 0.524880 0.624017 0.693713 0.000000 0.257750 0.669514 0.992780 0.488144 0.613312 0.718907 0.755672 0.597817 0.759734 0.539254 0.510588 0.720230 0.670141 0.409942 0.455597 0.697236 0.559072 0.646414 0.597992 0.925554 0.833680 0.477922 0.503996 0.254897 0.250670 0.391105 0.461850 0.324341 0.421460 0.314740 0.331907 0.592923 0.440305 0.344889 0.400083 0.373706 0.423701 0.460657 0.686761 0.627098 0.668448 0.704207 0.752758 0.490533 0.664857 0.389873 0.446953 0.287597 0.326840 0.415326 0.407954 0.386278 0.443590 0.700855 0.635416 0.526771 0.581048 0.896841 0.802464 0.972232 0.820685 0.887736 0.915010 0.440904 0.966063 0.743989 0.789248 0.813552 0.906065 0.728817 0.696313 0.555499 0.523699 0.990272 0.967465 0.986195 0.654256 0.867427 0.637049 0.874198 0.747985 0.672451 0.919207
0.277263 0.262760 0.617393 0.640358 0.758129 0.840550 0.287001 0.384399 0.818020 0.991286 0.354288 0.324478 0.361825 0.352689 0.554146 0.596684 0.325078 0.287983 0.243183 0.288640 0.729330 0.889882 0.676180 0.746043 0.888347 0.996938 0.959229 0.967188 0.442510 0.474953 0.779915 0.660774 0.257750 0.000000 0.659541 0.905024 0.593112 0.679933 0.786413 0.725977 0.627664 0.784233 0.527970 0.476176 0.616372 0.560623 0.396657 0.431071 0.571929 0.535322 0.584569 0.578474 0.910178 0.873527 0.527044 0.474074 0.257487 0.259366 0.349072 0.422870 0.289812 0.365663 0.295825 0.285514 0.720767 0.519966 0.363311 0.413217 0.443695 0.435171 0.541722 0.729827 0.634261 0.597668 0.768982 0.768884 0.551933 0.612845 0.453421 0.438200 0.275459 0.339949 0.435746 0.421794 0.485367 0.548579 0.717480 0.686554 0.605940 0.679452 0.895562 0.784361 0.931568 0.809655 0.904572 0.797639 0.370243 0.913352 0.606429 0.676114 0.911602 0.873795 0.645194 0.620321 0.542558 0.540371 0.982102 0.983972 0.880697 0.634006 0.810341 0.546579 0.797831 0.773506 0.658922 0.925814
0.511937 0.563325 0.377404 0.435055 0.817507 0.989435 0.570040 0.699281 0.692920 0.624361 0.845424 0.761444 0.534910 0.653781 0.740986 0.708615 0.869082 0.826765 0.644876 0.653058 0.622365 0.944244 0.594690 0.505304 0.446576 0.531086 0.691226 0.899233 0.891295 0.921777 0.886547 0.818006 0.669514 0.659541 0.000000 0.931400 0.507308 0.488961 0.413679 0.637210 0.772357 0.941063 0.878051 0.987522 0.909100 0.921545 0.780443 0.744490 0.878937 0.885694 0.985573 0.876530 0.823182 0.682068 0.403008 0.547775 0.739119 0.610191 0.603110 0.614085 0.541254 0.619690 0.868858 0.864486 0.350949 0.375728 0.472361 0.573368 0.480663 0.590394 0.883925 0.934758 0.808050 0.885743 0.961673 0.914488 0.898057 0.886808 0.863897 0.894080 0.769331 0.631224 0.630168 0.570733 0.410697 0.386838 0.723576 0.705813 0.399942 0.498388 0.705298 0.622476 0.980439 0.975360 0.840623 0.998740 0.761726 0.979545 0.728830 0.738265 0.498489 0.843117 0.742266 0.818167 0.761508 0.743118 0.921843 0.844880 0.917136 0.952454 0.799857 0.900249 0.742747 0.842533 0.835249 0.860391
0.933495 0.929464 0.912278 0.816511 0.955981 0.727719 0.898356 0.812698 0.970560 0.943088 0.997633 0.891779 0.965943 0.845873 0.966290 0.863757 0.966502 0.911063 0.935992 0.908085 0.741389 0.850086 0.934778 0.801089 0.859238 0.812739 0.856271 0.745637 0.988305 0.993329 0.955724 0.900854 0.992780 0.905024 0.931400 0.000000 0.974694 0.730562 0.848136 0.766410 0.904339 0.826915 0.882706 0.859749 0.996391 0.971121 0.929157 0.920693 0.991727 0.890278 0.929824 0.929415 0.837171 0.807512 0.896531 0.971531 0.913125 0.936909 0.993211 0.956196 0.977634 0.939072 0.841285 0.923410 0.877495 0.819231 0.916122 0.906610 0.938027 0.821156 0.921968 0.910917 0.971857 0.961407 0.861396 0.907446 0.954946 0.973621 0.953116 0.942339 0.989702 0.993514 0.979332 0.944496 0.953581 0.851542 0.978727 0.815718 0.965762 0.877954 0.754960 0.979842 0.796768 0.902514 0.951012 0.873359 0.954888 0.941594 0.919375 0.888427 0.966321 0.971398 0.942762 0.943313 0.894161 0.896806 0.878502 0.994799 0.928516 0.930301 0.898480 0.999648 0.925203 0.854543 0.819666 0.860536
0.441156 0.474577 0.344191 0.416469 0.762616 0.985261 0.482276 0.602280 0.676473 0.661571 0.804263 0.653131 0.389708 0.674288 0.553213 0.573791 0.700177 0.726262 0.628375 0.575677 0.644355 0.995780 0.428075 0.472499 0.410024 0.511625 0.786156 0.772173 0.963676 0.990752 0.530338 0.982869 0.488144 0.593112 0.507308 0.974694 0.000000 0.634232 0.603828 0.721889 0.628298 0.934126 0.899827 0.807424 0.964220 0.942501 0.626655 0.581773 0.973335 0.660692 0.836932 0.708395 0.960570 0.830759 0.375864 0.580456 0.608815 0.487059 0.504128 0.514395 0.421789 0.488683 0.684764 0.662833 0.369496 0.369761 0.516966 0.601895 0.386314 0.412465 0.755226 0.874827 0.694503 0.724435 0.768854 0.959778 0.739167 0.928674 0.702047 0.761237 0.650640 0.574309 0.563439 0.536631 0.360271 0.340236 0.681049 0.697956 0.403570 0.439089 0.646470 0.646014 0.867122 0.863644 0.772864 0.960460 0.688694 0.868174 0.832606 0.796455 0.555418 0.771085 0.972930 0.925464 0.728897 0.725175 0.959041 0.992194 0.973180 0.760760 0.892802 0.974100 0.878486 0.957809 0.771040 0.843162
0.634837 0.598074 0.507327 0.479223 0.834903 0.927224 0.532513 0.600872 0.669608 0.924561 0.877758 0.693655 0.592633 0.546719 0.575105 0.631581 0.818325 0.660736 0.645136 0.556393 0.647573 0.954737 0.536385 0.478111 0.590836 0.618121 0.640711 0.986020 0.950349 0.922118 0.718078 0.879887 0.613312 0.679933 0.488961 0.730562 0.634232 0.000000 0.605371 0.739295 0.849742 0.635263 0.861446 0.810857 0.886733 0.932797 0.776709 0.800389 0.980011 0.894325 0.968990 0.903469 0.783042 0.727347 0.608145 0.773355 0.668866 0.623762 0.788633 0.798496 0.679207 0.705620 0.884714 0.803486 0.512472 0.507887 0.563596 0.586870 0.576879 0.652140 0.671994 0.535090 0.791271 0.788974 0.987562 0.949030 0.744036 0.832017 0.781786 0.735460 0.767211 0.691523 0.812702 0.739958 0.562314 0.507075 0.826405 0.804446 0.584477 0.620336 0.959131 0.916418 0.796548 0.841863 0.965397 0.804499 0.782242 0.877505 0.926071 0.930738 0.751185 0.899325 0.888361 0.980573 0.586364 0.706678 0.767749 0.955652 0.903857 0.932624 0.945365 0.976075 0.846256 0.942836 0.864590 0.957989
