0.000000 0.257284 0.956826 0.731386 0.846321 0.941903 0.762221 0.461738 0.925629 0.442837 0.302116 0.314975 0.537013 0.497270 0.689494 0.853559 0.300021 0.265632 0.453401 0.373073 0.879311 0.934466 0.986444 0.833460 0.827729 0.971058 0.830496 0.905788 0.338065 0.379969 0.691117 0.767549 0.535502 0.493769 0.968583 0.867278 0.802869 0.909805 0.974624 0.840312 0.607038 0.690556 0.659229 0.610598 0.738624 0.552314 0.567501 0.535451 0.370785 0.417120 0.565168 0.533243 0.652479 0.764937 0.771550 0.741165 0.389622 0.391054 0.423910 0.439549 0.529685 0.560562 0.305769 0.291864 0.749994 0.890619 0.965211 0.925708 0.757103 0.805810 0.882067 0.800942 0.627829 0.666091 0.875721 0.927943 0.598175 0.736064 0.567512 0.427302 0.312964 0.341905 0.625027 0.667547 0.622141 0.817185 0.720015 0.897169 0.964856 0.658399 0.837040 0.825374 0.935219 0.662323 0.973218 0.919756 0.766568 0.934482 0.590681 0.668559 0.754176 0.812916 0.577406 0.635008 0.834423 0.875600 0.930229 0.955522 0.717872 0.961549 0.928629 0.765784 0.596930 0.967296 0.756065 0.894035
0.257284 0.000000 0.935568 0.838631 0.743618 0.972603 0.925499 0.495187 0.774888 0.544739 0.425667 0.368104 0.691310 0.565420 0.902884 0.938832 0.317244 0.315741 0.533543 0.367402 0.899246 0.874426 0.867070 0.765799 0.929101 0.954030 0.728010 0.861028 0.372481 0.448654 0.792870 0.820976 0.644830 0.542230 0.965769 0.977355 0.828933 0.931623 0.962660 0.757061 0.589276 0.728077 0.748823 0.651866 0.756090 0.572012 0.587222 0.610653 0.344355 0.454464 0.643585 0.634013 0.752523 0.876136 0.753220 0.756839 0.325049 0.268049 0.531384 0.473348 0.644251 0.568616 0.423126 0.348703 0.648267 0.843538 0.896077 0.938686 0.769933 0.689791 0.965604 0.955078 0.707464 0.777897 0.888143 0.955451 0.685525 0.780562 0.611943 0.476379 0.333316 0.325832 0.721557 0.596132 0.654731 0.839868 0.696651 0.996944 0.883414 0.718306 0.983291 0.674612 0.839169 0.563727 0.920431 0.919917 0.828490 0.882523 0.695955 0.792435 0.843425 0.948205 0.648674 0.773361 0.880517 0.977693 0.856022 0.942370 0.757200 0.984931 0.926137 0.848242 0.635851 0.943744 0.883994 0.837741
0.956826 0.935568 0.000000 0.422899 0.777882 0.771206 0.370678 0.621814 0.651132 0.762956 0.925634 0.985579 0.670174 0.914417 0.689291 0.824923 0.951623 0.963798 0.895370 0.976178 0.949066 0.985776 0.643927 0.902154 0.911282 0.517205 0.994424 0.895989 0.816124 0.841136 0.531816 0.589729 0.542390 0.693469 0.576620 0.892157 0.949322 0.921930 0.825797 0.829329 0.979535 0.902008 0.604123 0.610152 0.527431 0.604966 0.718101 0.600574 0.805256 0.641398 0.542448 0.585059 0.569804 0.535976 0.784618 0.787987 0.946018 0.850981 0.916368 0.991823 0.638831 0.761751 0.899405 0.938473 0.462936 0.697059 0.447940 0.545526 0.901060 0.898777 0.878686 0.866198 0.809637 0.683394 0.766944 0.972018 0.781772 0.650169 0.871453 0.913263 0.899540 0.908540 0.893931 0.933363 0.836463 0.989169 0.701294 0.968253 0.737678 0.971032 0.607220 0.612012 0.618753 0.707432 0.714728 0.931518 0.821036 0.845160 0.685827 0.621736 0.664203 0.614500 0.741781 0.614639 0.552069 0.552451 0.893132 0.837339 0.929489 0.937841 0.776355 0.781943 0.612970 0.787132 0.649448 0.943575
0.731386 0.838631 0.422899 0.000000 0.836945 0.777526 0.474164 0.494361 0.800975 0.654387 0.723442 0.692209 0.620682 0.668358 0.619252 0.735011 0.779825 0.785896 0.723794 0.702134 0.968891 0.945009 0.616042 0.824070 0.978069 0.720246 0.905319 0.938298 0.672928 0.741737 0.649312 0.665670 0.503044 0.631250 0.762934 0.912895 0.908784 0.866204 0.838044 0.996003 0.974580 0.878677 0.637727 0.602885 0.577740 0.566927 0.699899 0.605015 0.646754 0.514408 0.563140 0.571239 0.608065 0.645500 0.760760 0.830193 0.878042 0.929099 0.716886 0.862150 0.607286 0.543363 0.725399 0.748123 0.623232 0.672978 0.577241 0.655837 0.947543 0.784754 0.864240 0.861065 0.706667 0.717787 0.733935 0.996114 0.639868 0.741327 0.771411 0.876302 0.780100 0.821676 0.744798 0.816666 0.654626 0.741364 0.846382 0.853268 0.864765 0.786881 0.702708 0.788910 0.697241 0.865148 0.775909 0.993616 0.716692 0.861156 0.653541 0.676937 0.755320 0.697325 0.718932 0.729115 0.608403 0.681065 0.953005 0.865166 0.838002 0.932638 0.803828 0.808518 0.615126 0.973264 0.804417 0.891816
0.846321 0.743618 0.777882 0.836945 0.000000 0.793843 0.935513 0.930129 0.735173 0.873815 0.865452 0.858985 0.945473 0.936490 0.834584 0.849694 0.782507 0.778107 0.778608 0.793935 0.941210 0.942501 0.804034 0.792700 0.990544 0.823262 0.797540 0.804329 0.818173 0.886568 0.936612 0.920972 0.982926 0.909255 0.972322 0.997853 0.889671 0.970666 0.962326 0.915299 0.870190 0.849217 0.978152 0.999571 0.945307 0.933949 0.959478 0.996269 0.927993 0.985133 0.961403 0.921639 0.883698 0.943061 0.831325 0.838065 0.758230 0.708012 0.914368 0.916876 0.987080 0.990167 0.874639 0.835637 0.751696 0.782923 0.890658 0.943206 0.921329 0.865110 0.937091 0.905917 0.989342 0.996664 0.994445 0.869699 0.896795 0.920814 0.775113 0.914147 0.796941 0.728537 0.853118 0.764663 0.868013 0.822551 0.890944 0.966208 0.836846 0.815655 0.828255 0.716757 0.793969 0.716117 0.961645 0.950472 0.889434 0.989118 0.984901 0.988624 0.871907 0.800497 0.886219 0.960114 0.964365 0.912719 0.810511 0.828984 0.943906 0.891929 0.934756 0.908391 0.984575 0.949081 0.773272 0.776919
0.941903 0.972603 0.771206 0.777526 0.793843 0.000000 0.642120 0.632728 0.691330 0.770025 0.849934 0.827613 0.778459 0.775204 0.829259 0.716808 0.999828 0.995430 0.985199 0.947594 0.830297 0.949135 0.895967 0.984288 0.787498 0.856438 0.728265 0.893361 0.877696 0.863304 0.839022 0.770046 0.707773 0.849312 0.783720 0.994262 0.982500 0.915870 0.904164 0.899827 0.920408 0.973183 0.531390 0.615431 0.701499 0.711228 0.812203 0.756952 0.817263 0.689777 0.600031 0.603776 0.656063 0.581494 0.870299 0.835643 0.791379 0.743260 0.795040 0.829477 0.663930 0.661502 0.805174 0.808756 0.865649 0.602760 0.627011 0.601329 0.571221 0.906209 0.828156 0.769216 0.919914 0.714278 0.706045 0.894742 0.646622 0.754632 0.907541 0.854502 0.882168 0.902245 0.899076 0.891156 0.906223 0.993870 0.981879 0.808172 0.923546 0.924729 0.629421 0.658795 0.637933 0.705006 0.979485 0.840793 0.817673 0.801749 0.648599 0.582517 0.582666 0.611974 0.733271 0.732199 0.726229 0.685421 0.730027 0.669211 0.747768 0.919759 0.747124 0.628924 0.752039 0.894120 0.695940 0.974626
0.762221 0.925499 0.370678 0.474164 0.935513 0.642120 0.000000 0.441443 0.637673 0.431416 0.629097 0.754806 0.466812 0.725807 0.560272 0.741063 0.689460 0.698062 0.614497 0.871720 0.958151 0.985142 0.771756 0.938929 0.889127 0.752120 0.803458 0.993117 0.615237 0.569719 0.469910 0.490009 0.358511 0.454304 0.687461 0.980016 0.859529 0.769256 0.813854 0.928233 0.880453 0.888395 0.355448 0.391867 0.346670 0.442335 0.580323 0.411400 0.652034 0.543694 0.361271 0.433116 0.403634 0.390789 0.650064 0.646308 0.941130 0.915920 0.693148 0.972676 0.403251 0.623981 0.611789 0.635064 0.696364 0.757298 0.296091 0.421975 0.874942 0.940732 0.593084 0.542065 0.574356 0.518192 0.779628 0.903732 0.530234 0.517309 0.568655 0.706315 0.651888 0.909747 0.778117 0.778486 0.912745 0.875365 0.848068 0.908439 0.851104 0.856767 0.501999 0.560504 0.613185 0.702163 0.757011 0.749247 0.615904 0.710573 0.442281 0.345394 0.447917 0.474077 0.505817 0.405954 0.589102 0.503024 0.880509 0.714263 0.738570 0.897530 0.689827 0.542708 0.511870 0.737818 0.587745 0.963039
0.461738 0.495187 0.621814 0.494361 0.930129 0.632728 0.441443 0.000000 0.883468 0.349088 0.434975 0.382750 0.462033 0.401232 0.660040 0.693649 0.500430 0.520221 0.628663 0.590847 0.995381 0.980707 0.965095 0.892403 0.830171 0.756992 0.650591 0.867021 0.433734 0.490109 0.616092 0.593494 0.431642 0.413042 0.767519 0.958427 0.837643 0.846037 0.839774 0.893506 0.875838 0.812651 0.347853 0.343580 0.375757 0.321466 0.459318 0.370460 0.315489 0.300033 0.329933 0.348714 0.463151 0.509923 0.636354 0.615662 0.719667 0.716467 0.408091 0.587996 0.318845 0.296130 0.393558 0.363357 0.888332 0.686377 0.513027 0.478740 0.875528 0.788131 0.749200 0.707465 0.596639 0.551645 0.672631 0.920366 0.457373 0.578138 0.648935 0.633208 0.446234 0.619793 0.738411 0.734604 0.734231 0.905490 0.896516 0.976136 0.983465 0.653601 0.639945 0.864944 0.761552 0.966181 0.738976 0.794125 0.657706 0.836373 0.373668 0.358118 0.509511 0.605033 0.419567 0.509633 0.593710 0.664331 0.981279 0.746168 0.643965 0.861312 0.628450 0.466251 0.451741 0.834348 0.611422 0.872679
0.925629 0.774888 0.651132 0.800975 0.735173 0.691330 0.637673 0.883468 0.000000 0.815957 0.969434 0.880606 0.857816 0.927673 0.747877 0.893589 0.918253 0.891371 0.970540 0.805669 0.998794 0.981993 0.883334 0.950869 0.928633 0.766503 0.958044 0.926176 0.977681 0.983379 0.750816 0.720554 0.795997 0.982307 0.727974 0.896780 0.902148 0.866552 0.991357 0.951005 0.994811 0.897622 0.723132 0.813169 0.804636 0.900385 0.923274 0.794044 0.997645 0.904009 0.692901 0.671687 0.614100 0.618654 0.914146 0.782834 0.701035 0.615645 0.965494 0.872207 0.847143 0.868106 0.926902 0.937712 0.688924 0.749062 0.663721 0.834745 0.804426 0.845446 0.772391 0.720036 0.798376 0.711567 0.830624 0.986786 0.694577 0.757313 0.955249 0.945181 0.954631 0.810158 0.888801 0.736284 0.947227 0.959315 0.669568 0.836747 0.710591 0.958550 0.551722 0.486645 0.520205 0.573105 0.806472 0.907575 0.803877 0.781775 0.658079 0.618895 0.704207 0.675255 0.761152 0.715354 0.831011 0.750245 0.844037 0.705062 0.882423 0.925297 0.918716 0.723360 0.722405 0.912468 0.787381 0.894565
0.442837 0.544739 0.762956 0.654387 0.873815 0.770025 0.431416 0.349088 0.815957 0.000000 0.357858 0.404388 0.424615 0.477414 0.553347 0.674342 0.364482 0.381332 0.462018 0.559231 0.800195 0.937468 0.826299 0.955095 0.814719 0.952508 0.725753 0.998425 0.351732 0.336457 0.475852 0.538246 0.408770 0.407207 0.968564 0.974973 0.716119 0.753010 0.952790 0.915513 0.778344 0.745850 0.426437 0.421732 0.450805 0.406870 0.483744 0.403905 0.400442 0.487733 0.431254 0.503862 0.540698 0.638238 0.688801 0.656924 0.649197 0.744939 0.464165 0.781874 0.421935 0.476651 0.372196 0.316272 0.932330 0.953069 0.629561 0.658524 0.925354 0.822286 0.590415 0.502526 0.518239 0.502927 0.798459 0.916070 0.532872 0.539011 0.528303 0.478828 0.326066 0.465033 0.587969 0.621325 0.682387 0.925265 0.998541 0.984724 0.947190 0.641225 0.730671 0.953427 0.909666 0.867622 0.917726 0.812609 0.599104 0.970457 0.464777 0.415681 0.589140 0.737247 0.440681 0.450234 0.694923 0.689908 0.955503 0.813266 0.649697 0.929687 0.784512 0.580391 0.598208 0.878276 0.696556 0.796347
0.302116 0.425667 0.925634 0.723442 0.865452 0.849934 0.629097 0.434975 0.969434 0.357858 0.000000 0.293396 0.373056 0.416661 0.568928 0.675127 0.312207 0.287625 0.389928 0.460973 0.970640 0.959536 0.970000 0.857019 0.699348 0.974017 0.819551 0.986748 0.320571 0.316517 0.717777 0.772786 0.470612 0.503628 0.958758 0.974492 0.831564 0.861214 0.920648 0.833019 0.660175 0.714316 0.573542 0.569280 0.688704 0.551684 0.574278 0.537468 0.436102 0.450298 0.527396 0.518656 0.620615 0.672756 0.731447 0.731327 0.576560 0.584174 0.390429 0.570801 0.428330 0.508155 0.278258 0.260864 0.776435 0.984854 0.768996 0.810749 0.876953 0.890318 0.789386 0.632430 0.511424 0.547514 0.879660 0.847463 0.565721 0.644756 0.476330 0.499072 0.357468 0.417501 0.627303 0.681978 0.744770 0.877232 0.822045 0.957005 0.980174 0.669315 0.752996 0.940675 0.981622 0.743284 0.960244 0.832513 0.686008 0.949839 0.543572 0.565561 0.646156 0.737732 0.581052 0.521603 0.765809 0.835677 0.935908 0.912797 0.722464 0.846598 0.918384 0.702202 0.645862 0.939290 0.738981 0.869565
0.314975 0.368104 0.985579 0.692209 0.858985 0.827613 0.754806 0.382750 0.880606 0.404388 0.293396 0.000000 0.445680 0.281940 0.613869 0.626385 0.332679 0.322641 0.489148 0.416464 0.990140 0.922431 0.967056 0.997824 0.701180 0.902562 0.745855 0.896743 0.370064 0.378240 0.778277 0.811190 0.554549 0.469626 0.923624 0.874590 0.816916 0.900477 0.953506 0.763586 0.769750 0.784856 0.586346 0.562178 0.674295 0.518104 0.572677 0.523387 0.344189 0.435258 0.579838 0.582871 0.714247 0.803650 0.781865 0.743735 0.566541 0.519814 0.420825 0.501251 0.465137 0.394107 0.281088 0.243758 0.769926 0.886155 0.860666 0.801976 0.911961 0.842880 0.804968 0.703216 0.637220 0.656473 0.830012 0.932217 0.570284 0.708292 0.607939 0.531886 0.372347 0.391289 0.664262 0.689620 0.631837 0.684420 0.804671 0.865927 0.940846 0.623278 0.897385 0.763657 0.863664 0.612191 0.951159 0.774658 0.838649 0.912956 0.584146 0.630436 0.740046 0.842093 0.623330 0.665176 0.789286 0.926347 0.821765 0.945348 0.673047 0.883041 0.888623 0.760527 0.683537 0.919811 0.775914 0.777097
0.537013 0.691310 0.670174 0.620682 0.945473 0.778459 0.466812 0.462033 0.857816 0.424615 0.373056 0.445680 0.000000 0.452929 0.386996 0.488818 0.497037 0.493331 0.520749 0.728192 0.943497 0.993429 0.762257 0.978817 0.795125 0.992560 0.895668 0.974400 0.464550 0.391913 0.583064 0.659341 0.404400 0.486242 0.939719 0.991222 0.873540 0.959118 0.979017 0.957005 0.875231 0.801508 0.460994 0.454814 0.595508 0.511071 0.523206 0.496224 0.567923 0.501174 0.533251 0.524731 0.601116 0.621516 0.788551 0.821362 0.720667 0.786730 0.418197 0.658435 0.393381 0.603968 0.346377 0.364651 0.896421 0.944480 0.500956 0.632478 0.896672 0.987140 0.659948 0.591117 0.623429 0.598627 0.825517 0.888755 0.546826 0.489511 0.537010 0.637868 0.564789 0.647567 0.623078 0.806717 0.834350 0.920154 0.975241 0.980076 0.875818 0.745645 0.701781 0.924652 0.862673 0.881006 0.876569 0.731715 0.633963 0.946420 0.485985 0.484486 0.561963 0.681827 0.470131 0.479943 0.551561 0.643415 0.958360 0.841077 0.716457 0.783875 0.817035 0.669233 0.581311 0.854354 0.589739 0.841188
0.497270 0.565420 0.914417 0.668358 0.936490 0.775204 0.725807 0.401232 0.927673 0.477414 0.416661 0.281940 0.452929 0.000000 0.519393 0.458633 0.500221 0.500591 0.570473 0.545310 0.943505 0.981638 0.798935 0.803230 0.687475 0.881332 0.770364 0.993145 0.419729 0.418648 0.719297 0.741637 0.536236 0.468121 0.992313 0.867631 0.837685 0.966195 0.887012 0.791992 0.907287 0.774017 0.581182 0.571099 0.656442 0.511255 0.630967 0.566136 0.453820 0.447798 0.583714 0.599841 0.749148 0.793997 0.839235 0.851330 0.758222 0.694651 0.508775 0.603779 0.506045 0.401155 0.344872 0.344676 0.859620 0.774429 0.736153 0.739291 0.991081 0.877874 0.755856 0.726564 0.668679 0.650263 0.693280 0.876940 0.646011 0.716664 0.714603 0.673267 0.515969 0.529448 0.738148 0.778958 0.630145 0.589933 0.869348 0.815572 0.894238 0.679570 0.927741 0.800028 0.869519 0.631396 0.889942 0.824961 0.927291 0.837810 0.666635 0.625176 0.741264 0.801554 0.698738 0.638273 0.717208 0.872387 0.928362 0.929817 0.681375 0.882924 0.808439 0.750030 0.720763 0.967069 0.826258 0.811444
0.689494 0.902884 0.689291 0.619252 0.834584 0.829259 0.560272 0.660040 0.747877 0.553347 0.568928 0.613869 0.386996 0.519393 0.000000 0.380918 0.637800 0.639633 0.549678 0.767304 0.925663 0.965989 0.462997 0.742970 0.869544 0.993434 0.903467 0.938232 0.591263 0.468476 0.447393 0.583520 0.452878 0.495275 0.972582 0.945933 0.826353 0.954624 0.965315 0.955968 0.861880 0.773497 0.639649 0.624869 0.725135 0.616950 0.772281 0.624763 0.754311 0.648818 0.710169 0.681715 0.706868 0.782418 0.967238 0.993476 0.841332 0.914437 0.690698 0.879354 0.655058 0.716470 0.466027 0.547784 0.826812 0.954673 0.578376 0.794299 0.998120 0.973547 0.579123 0.630487 0.651172 0.680148 0.840427 0.895112 0.594128 0.601282 0.713067 0.675591 0.653830 0.724583 0.670879 0.870842 0.627388 0.650147 0.887912 0.841417 0.837478 0.752759 0.865976 0.925674 0.973976 0.882971 0.839044 0.775129 0.784070 0.873950 0.726127 0.679135 0.683077 0.745197 0.708940 0.509607 0.746727 0.690363 0.964530 0.899107 0.784759 0.861505 0.909318 0.849157 0.757549 0.846975 0.639687 0.876465
0.853559 0.938832 0.824923 0.735011 0.849694 0.716808 0.741063 0.693649 0.893589 0.674342 0.675127 0.626385 0.488818 0.458633 0.380918 0.000000 0.775461 0.792627 0.700012 0.923747 0.986754 0.930741 0.595244 0.619896 0.772723 0.845606 0.921103 0.970584 0.683805 0.551102 0.623188 0.727558 0.596225 0.660345 0.992704 0.948917 0.873592 0.912581 0.989760 0.993644 0.995221 0.927321 0.636970 0.629274 0.803706 0.703908 0.800561 0.686844 0.787702 0.756400 0.807234 0.824302 0.918167 0.936881 0.999018 0.868627 0.967995 0.981204 0.718647 0.831063 0.710190 0.712734 0.559876 0.589657 0.907663 0.857103 0.675411 0.746166 0.838250 0.988287 0.682954 0.681400 0.852912 0.740979 0.801421 0.915467 0.776852 0.617153 0.802352 0.802463 0.781605 0.829086 0.872949 0.949263 0.732546 0.590029 0.927859 0.804951 0.971560 0.847722 0.974087 0.909805 0.920558 0.797167 0.885691 0.782131 0.872941 0.839848 0.875043 0.803420 0.775034 0.845773 0.779870 0.680590 0.767546 0.745908 0.962243 0.992099 0.769006 0.834050 0.878873 0.894619 0.805595 0.869103 0.787306 0.922358
0.300021 0.317244 0.951623 0.779825 0.782507 0.999828 0.689460 0.500430 0.918253 0.364482 0.312207 0.332679 0.497037 0.500221 0.637800 0.775461 0.000000 0.199815 0.361301 0.366596 0.839316 0.871773 0.936654 0.834764 0.805614 0.871298 0.759944 0.992486 0.291140 0.250681 0.663397 0.657225 0.452664 0.400459 0.979063 0.949382 0.759136 0.841770 0.980576 0.746134 0.598981 0.737671 0.622743 0.555343 0.633486 0.487298 0.532914 0.489275 0.386463 0.535923 0.622674 0.690091 0.732849 0.850519 0.712635 0.717762 0.332689 0.388384 0.529380 0.673700 0.559757 0.620024 0.301158 0.251547 0.681174 0.792015 0.870566 0.836495 0.782947 0.747443 0.806614 0.643449 0.563807 0.685747 0.898956 0.999953 0.615918 0.614477 0.454032 0.416142 0.238491 0.306690 0.551415 0.493504 0.651185 0.854663 0.866509 0.930896 0.872024 0.703648 0.962715 0.733757 0.796345 0.586234 0.898257 0.813204 0.799999 0.857517 0.629460 0.661412 0.829641 0.908627 0.620075 0.584229 0.843671 0.923069 0.796869 0.944183 0.734964 0.878279 0.919875 0.791930 0.617062 0.953520 0.799925 0.826961
0.265632 0.315741 0.963798 0.785896 0.778107 0.995430 0.698062 0.520221 0.891371 0.381332 0.287625 0.322641 0.493331 0.500591 0.639633 0.792627 0.199815 0.000000 0.320486 0.342875 0.846272 0.858636 0.948930 0.873798 0.829480 0.903144 0.752886 0.994359 0.280310 0.265457 0.660387 0.707894 0.474976 0.435393 0.976203 0.953977 0.788308 0.831207 0.976897 0.804047 0.554282 0.726804 0.654968 0.580061 0.689552 0.530519 0.612046 0.493866 0.417339 0.525592 0.616454 0.647937 0.698006 0.793371 0.700482 0.717133 0.349446 0.402248 0.541907 0.668890 0.568983 0.657504 0.297800 0.264414 0.649741 0.775149 0.906014 0.903514 0.741464 0.804058 0.786107 0.641266 0.542026 0.613235 0.943222 0.909186 0.580589 0.615705 0.447959 0.384728 0.253383 0.293439 0.567272 0.549608 0.672095 0.888160 0.839725 0.950222 0.881363 0.757533 0.972391 0.773027 0.806724 0.612008 0.894122 0.812426 0.801554 0.885062 0.626390 0.645401 0.812182 0.870560 0.606227 0.587605 0.809342 0.932595 0.856610 0.998627 0.782166 0.938530 0.902461 0.822197 0.611374 0.935672 0.793236 0.885542
0.453401 0.533543 0.895370 0.723794 0.778608 0.985199 0.614497 0.628663 0.970540 0.462018 0.389928 0.489148 0.520749 0.570473 0.549678 0.700012 0.361301 0.320486 0.000000 0.394134 0.849719 0.880721 0.734062 0.948849 0.923080 0.848793 0.906762 0.861235 0.397298 0.355044 0.602967 0.691741 0.444007 0.487529 0.946107 0.975488 0.808123 0.791460 0.976749 0.982190 0.603457 0.749602 0.753858 0.699958 0.740360 0.646151 0.690329 0.586535 0.614596 0.627022 0.711645 0.756776 0.797451 0.853972 0.725231 0.787624 0.472043 0.587873 0.692890 0.922702 0.716703 0.768726 0.436191 0.435170 0.736906 0.712361 0.845338 0.952394 0.682550 0.766378 0.659530 0.654665 0.518734 0.557217 0.906951 0.896986 0.553735 0.665993 0.491285 0.398702 0.362770 0.395086 0.599714 0.522221 0.654549 0.861639 0.926022 0.841467 0.928438 0.772141 0.982666 0.859031 0.863210 0.745361 0.889210 0.734083 0.800645 0.855091 0.772333 0.735849 0.824470 0.860512 0.676513 0.536496 0.828408 0.843089 0.990054 0.882906 0.806707 0.960714 0.960032 0.866996 0.698167 0.866236 0.935262 0.785751
0.373073 0.367402 0.976178 0.702134 0.793935 0.947594 0.871720 0.590847 0.805669 0.559231 0.460973 0.416464 0.728192 0.545310 0.767304 0.923747 0.366596 0.342875 0.394134 0.000000 0.870113 0.920444 0.840964 0.996054 0.957176 0.956694 0.888736 0.945479 0.395443 0.440075 0.787230 0.788133 0.611907 0.551615 0.905248 0.903495 0.842660 0.725741 0.979137 0.805075 0.575013 0.681583 0.907611 0.816930 0.837046 0.674249 0.754691 0.675726 0.494672 0.546261 0.770673 0.788531 0.873099 0.968930 0.774296 0.797515 0.429884 0.413784 0.693464 0.789544 0.825916 0.647942 0.523096 0.480393 0.639939 0.792885 0.888143 0.933511 0.572861 0.617971 0.898017 0.933422 0.580750 0.680859 0.908301 0.991674 0.631154 0.839041 0.632071 0.502355 0.348257 0.281623 0.501875 0.492242 0.555390 0.722072 0.827365 0.786300 0.784466 0.758769 0.879562 0.679122 0.789240 0.599235 0.869413 0.915456 0.933987 0.849073 0.860576 0.893753 0.986485 0.988074 0.837172 0.811621 0.909302 0.934302 0.934049 0.884211 0.876338 0.987830 0.900856 0.920646 0.785196 0.975660 0.987633 0.784969
0.879311 0.899246 0.949066 0.968891 0.941210 0.830297 0.958151 0.995381 0.998794 0.800195 0.970640 0.990140 0.943497 0.943505 0.925663 0.986754 0.839316 0.846272 0.849719 0.870113 0.000000 0.938114 0.903177 0.979974 0.981536 0.925588 0.958728 0.890493 0.910334 0.925436 0.750599 0.871318 0.912546 0.913306 0.858726 0.932311 0.807182 0.936254 0.811983 0.877067 0.866451 0.947903 0.939813 0.865312 0.924130 0.887453 0.896249 0.855742 0.917438 0.929074 0.993428 0.941570 0.895931 0.857467 0.913018 0.927311 0.794890 0.890071 0.969717 0.920638 0.930021 0.929175 0.946168 0.942086 0.993600 0.819383 0.898722 0.944525 0.816459 0.880817 0.888704 0.812629 0.933120 0.895748 0.870119 0.999755 0.992900 0.890120 0.961506 0.779098 0.811556 0.827493 0.824890 0.850069 0.828160 0.940262 0.949570 0.982068 0.996696 0.953742 0.850277 0.952925 0.946953 0.924720 0.981837 0.973049 0.959912 0.946300 0.955594 0.994794 0.980068 0.944131 0.852859 0.900878 0.931052 0.877539 0.908717 0.891492 0.981926 0.790470 0.923474 0.974783 0.972277 0.995966 0.918532 0.973015
0.934466 0.874426 0.985776 0.945009 0.942501 0.949135 0.985142 0.980707 0.981993 0.937468 0.959536 0.922431 0.993429 0.981638 0.965989 0.930741 0.871773 0.858636 0.880721 0.920444 0.938114 0.000000 0.936741 0.887264 0.934044 0.995798 0.894610 0.944533 0.956429 0.884699 0.928315 0.985648 0.978796 0.886524 0.899722 0.762280 0.944872 0.744228 0.906582 0.984085 0.964616 0.867916 0.978733 0.974082 0.949579 0.965351 0.925035 0.895649 0.889971 0.975746 0.937140 0.990232 0.982670 0.979334 0.958300 0.929110 0.963564 0.950949 0.853967 0.967312 0.951071 0.994419 0.980537 0.943107 0.874134 0.965002 0.948605 0.974507 0.991666 0.898857 0.921425 0.902052 0.923471 0.885750 0.977542 0.989432 0.943962 0.950277 0.901082 0.917310 0.875375 0.892948 0.958278 0.883667 0.903101 0.949180 0.984352 0.922725 0.983403 0.927945 0.936369 0.895169 0.924215 0.937794 0.909447 0.888031 0.950534 0.858795 0.948805 0.943401 0.955908 0.870962 0.982499 0.898965 0.901319 0.992310 0.921678 0.834945 0.888914 0.949041 0.932136 0.975330 0.954449 0.895378 0.940095 0.976559
0.986444 0.867070 0.643927 0.616042 0.804034 0.895967 0.771756 0.965095 0.883334 0.826299 0.970000 0.967056 0.762257 0.798935 0.462997 0.595244 0.936654 0.948930 0.734062 0.840964 0.903177 0.936741 0.000000 0.428625 0.811854 0.995199 0.685739 0.771854 0.862999 0.793936 0.576139 0.736712 0.693375 0.803438 0.931125 0.953811 0.808528 0.959414 0.962799 0.845557 0.983825 0.804398 0.907451 0.961311 0.994701 0.952248 0.981192 0.979854 0.926284 0.948342 0.974320 0.943308 0.954430 0.892192 0.816719 0.758426 0.974674 0.941590 0.930725 0.750010 0.883910 0.941723 0.936635 0.997154 0.780580 0.892087 0.850612 0.871377 0.752699 0.848208 0.683533 0.915881 0.786918 0.802120 0.881019 0.965927 0.917176 0.832494 0.971660 0.928810 0.940883 0.843428 0.722061 0.902741 0.534532 0.541861 0.737160 0.608684 0.827187 0.954344 0.875995 0.989086 0.978419 0.917424 0.844025 0.985519 0.909501 0.730993 0.845835 0.925292 0.925963 0.940704 0.943241 0.803691 0.876812 0.805098 0.960969 0.872063 0.971670 0.988212 0.953444 0.863086 0.944192 0.937524 0.976118 0.874138
0.833460 0.765799 0.902154 0.824070 0.792700 0.984288 0.938929 0.892403 0.950869 0.955095 0.857019 0.997824 0.978817 0.803230 0.742970 0.619896 0.834764 0.873798 0.948849 0.996054 0.979974 0.887264 0.428625 0.000000 0.912449 0.884166 0.884936 0.761001 0.945100 0.994543 0.879203 0.970001 0.992105 0.970973 0.904200 0.826000 0.968798 0.965638 0.843867 0.988783 0.854333 0.855811 0.829321 0.845544 0.879289 0.927223 0.793378 0.869190 0.864255 0.936593 0.817014 0.786988 0.776180 0.757338 0.664394 0.731017 0.801302 0.838895 0.801594 0.825302 0.773064 0.946148 0.918082 0.891312 0.875636 0.980561 0.940072 0.795853 0.929848 0.948461 0.854660 0.987514 0.877455 0.985758 0.964504 0.977920 0.868653 0.902721 0.776936 0.893480 0.881416 0.996617 0.923252 0.986169 0.669508 0.514455 0.842918 0.597114 0.998665 0.986395 0.728539 0.826718 0.789419 0.859793 0.993465 0.978498 0.810321 0.685737 0.638628 0.763775 0.824482 0.793375 0.747604 0.931927 0.979665 0.992344 0.962209 0.790084 0.998079 0.836919 0.915990 0.797796 0.763202 0.963407 0.803389 0.936562
0.827729 0.929101 0.911282 0.978069 0.990544 0.787498 0.889127 0.830171 0.928633 0.814719 0.699348 0.701180 0.795125 0.687475 0.869544 0.772723 0.805614 0.829480 0.923080 0.957176 0.981536 0.934044 0.811854 0.912449 0.000000 0.664299 0.712426 0.964846 0.807883 0.771332 0.947114 0.994201 0.863267 0.852083 0.931464 0.952696 0.810482 0.989159 0.899108 0.872929 0.994001 0.905214 0.733640 0.804452 0.933907 0.914384 0.787695 0.841815 0.847831 0.923888 0.799855 0.880154 0.922425 0.839023 0.742274 0.950253 0.965082 0.975260 0.764338 0.801644 0.693559 0.771251 0.691984 0.695923 0.782589 0.860801 0.833141 0.765350 0.913742 0.779205 0.999660 0.749105 0.880282 0.850004 0.912042 0.862752 0.999814 0.867243 0.800286 0.916971 0.912063 0.979666 0.959582 0.912030 0.871210 0.991713 0.789860 0.830319 0.784881 0.863603 0.881152 0.978236 0.891593 0.894598 0.960913 0.933474 0.880784 0.975163 0.778280 0.797612 0.806255 0.801573 0.928272 0.837324 0.946754 0.947468 0.908346 0.904559 0.855138 0.894447 0.973684 0.880328 0.998939 0.887698 0.754970 0.803272
0.971058 0.954030 0.517205 0.720246 0.823262 0.856438 0.752120 0.756992 0.766503 0.952508 0.974017 0.902562 0.992560 0.881332 0.993434 0.845606 0.871298 0.903144 0.848793 0.956694 0.925588 0.995798 0.995199 0.884166 0.664299 0.000000 0.943640 0.971660 0.922143 0.933856 0.720866 0.751568 0.817735 0.880568 0.622429 0.919456 0.928145 0.880874 0.820089 0.880754 0.989661 0.934177 0.800549 0.789692 0.680004 0.712070 0.943761 0.788583 0.802446 0.635459 0.659848 0.583947 0.601601 0.634751 0.936872 0.852716 0.903818 0.983780 0.995206 0.875470 0.799800 0.716672 0.930650 0.946287 0.585552 0.656511 0.802486 0.732061 0.912574 0.814315 0.941965 0.782451 0.970917 0.904545 0.946109 0.960908 0.875610 0.913050 0.943099 0.971523 0.965868 0.897182 0.999831 0.990482 0.864564 0.978907 0.781912 0.848186 0.724107 0.981299 0.639490 0.706968 0.622524 0.720400 0.773924 0.897805 0.944886 0.755781 0.833262 0.804869 0.736540 0.685058 0.834399 0.882377 0.701748 0.789727 0.833205 0.779371 0.969081 0.888185 0.781342 0.785861 0.725490 0.841168 0.808768 0.798985
0.830496 0.728010 0.994424 0.905319 0.797540 0.728265 0.803458 0.650591 0.958044 0.725753 0.819551 0.745855 0.895668 0.770364 0.903467 0.921103 0.759944 0.752886 0.906762 0.888736 0.958728 0.894610 0.685739 0.884936 0.712426 0.943640 0.000000 0.958197 0.703292 0.767736 0.987303 0.842757 0.860345 0.744993 0.805047 0.968699 0.882495 0.970468 0.863358 0.838830 0.899869 0.991725 0.605083 0.559873 0.650241 0.658053 0.756076 0.605239 0.629000 0.804202 0.610163 0.703117 0.710474 0.673032 0.570338 0.588092 0.950400 0.902410 0.782485 0.825065 0.655872 0.661069 0.719446 0.668311 0.810840 0.865103 0.789851 0.609530 0.740234 0.868232 0.965127 0.750425 0.940385 0.853145 0.971475 0.980693 0.812766 0.910761 0.714409 0.859010 0.780147 0.922100 0.908298 0.863969 0.826249 0.827674 0.762211 0.880272 0.815265 0.879692 0.918203 0.983793 0.949579 0.885995 0.906415 0.945626 0.945881 0.824652 0.638245 0.680134 0.782981 0.804819 0.774950 0.903560 0.827035 0.989022 0.976079 0.802652 0.807257 0.919164 0.861054 0.777438 0.686563 0.973476 0.853010 0.969833
0.905788 0.861028 0.895989 0.938298 0.804329 0.893361 0.993117 0.867021 0.926176 0.998425 0.986748 0.896743 0.974400 0.993145 0.938232 0.970584 0.992486 0.994359 0.861235 0.945479 0.890493 0.944533 0.771854 0.761001 0.964846 0.971660 0.958197 0.000000 0.967261 0.934256 0.931510 0.861580 0.990985 0.942983 0.952899 0.925001 0.877995 0.985255 0.933839 0.850452 0.904986 0.885629 0.885067 0.867365 0.900789 0.949710 0.986396 0.892330 0.856745 0.915166 0.878683 0.878506 0.895765 0.940890 0.992391 0.913138 0.999111 0.973497 0.845744 0.803676 0.834287 0.874565 0.910303 0.917666 0.986440 0.854729 0.917704 0.885497 0.821281 0.970479 0.956535 0.973604 0.976901 0.909069 0.928812 0.986484 0.923139 0.955779 0.981968 0.925138 0.967683 0.956654 0.805273 0.929157 0.972918 0.982314 0.866208 0.913037 0.853614 0.830561 0.874541 0.972931 0.939362 0.937688 0.898853 0.776037 0.952415 0.794024 0.773068 0.890622 0.799726 0.940881 0.907149 0.924864 0.856024 0.950682 0.940572 0.915763 0.995915 0.934132 0.975815 0.874644 0.818290 0.852827 0.958788 0.938897
0.338065 0.372481 0.816124 0.672928 0.818173 0.877696 0.615237 0.433734 0.977681 0.351732 0.320571 0.370064 0.464550 0.419729 0.591263 0.683805 0.291140 0.280310 0.397298 0.395443 0.910334 0.956429 0.862999 0.945100 0.807883 0.922143 0.703292 0.967261 0.000000 0.257184 0.550323 0.552616 0.388572 0.339670 0.888499 0.940519 0.795309 0.803723 0.915514 0.764354 0.658758 0.673477 0.563930 0.515970 0.577137 0.422362 0.587315 0.464204 0.363671 0.420048 0.488583 0.537884 0.606690 0.686824 0.667176 0.647013 0.491997 0.488550 0.506094 0.665077 0.486106 0.503440 0.306448 0.280017 0.758551 0.944471 0.773337 0.761026 0.817549 0.739466 0.820839 0.709013 0.537066 0.568516 0.776215 0.891272 0.621785 0.563746 0.441374 0.420822 0.275649 0.358973 0.565382 0.546868 0.580626 0.807028 0.968106 0.879735 0.856718 0.695602 0.890760 0.801147 0.917687 0.645809 0.948902 0.827013 0.763265 0.930735 0.621207 0.597013 0.755009 0.762640 0.589467 0.552246 0.648875 0.869525 0.901622 0.973770 0.806836 0.985656 0.854240 0.809381 0.579514 0.883759 0.817119 0.777419
0.379969 0.448654 0.841136 0.741737 0.886568 0.863304 0.569719 0.490109 0.983379 0.336457 0.316517 0.378240 0.391913 0.418648 0.468476 0.551102 0.250681 0.265457 0.355044 0.440075 0.925436 0.884699 0.793936 0.994543 0.771332 0.933856 0.767736 0.934256 0.257184 0.000000 0.497386 0.560256 0.361374 0.332519 0.957225 0.974685 0.770118 0.859178 0.971711 0.805631 0.629209 0.712286 0.529082 0.473140 0.577099 0.438502 0.551011 0.437881 0.417636 0.485634 0.561302 0.610906 0.654370 0.744480 0.710845 0.780044 0.476691 0.519880 0.553666 0.711500 0.513270 0.600398 0.281197 0.252022 0.772670 0.871190 0.748511 0.747397 0.886057 0.768793 0.755785 0.609366 0.560282 0.592235 0.915449 0.938063 0.615686 0.544743 0.421331 0.428237 0.269988 0.383996 0.559424 0.527541 0.643899 0.794096 0.936977 0.912490 0.871589 0.767600 0.993154 0.784294 0.821827 0.600441 0.943882 0.803948 0.760953 0.829457 0.676672 0.629002 0.728536 0.802970 0.623762 0.512621 0.755736 0.873921 0.929536 0.992734 0.704367 0.892749 0.878362 0.772347 0.601626 0.825915 0.725094 0.834288
0.691117 0.792870 0.531816 0.649312 0.936612 0.839022 0.469910 0.616092 0.750816 0.475852 0.717777 0.778277 0.583064 0.719297 0.447393 0.623188 0.663397 0.660387 0.602967 0.787230 0.750599 0.928315 0.576139 0.879203 0.947114 0.720866 0.987303 0.931510 0.550323 0.497386 0.000000 0.392860 0.425941 0.467020 0.809629 0.954433 0.749893 0.842332 0.824860 0.954373 0.832694 0.753674 0.526825 0.498805 0.502408 0.452032 0.676625 0.525618 0.653004 0.598500 0.575859 0.588857 0.573857 0.661027 0.821738 0.854034 0.765840 0.858284 0.858143 0.957190 0.673468 0.735914 0.624490 0.628408 0.834544 0.947637 0.634120 0.677091 0.962754 0.852336 0.618325 0.678761 0.677179 0.586068 0.767407 0.961367 0.620258 0.526931 0.696490 0.606593 0.575537 0.747023 0.753582 0.747590 0.630376 0.828263 0.879480 0.987620 0.792969 0.791169 0.808504 0.900195 0.899649 0.965162 0.738855 0.880242 0.742152 0.943146 0.721345 0.630551 0.609605 0.683450 0.611396 0.475295 0.656327 0.669210 0.982268 0.897033 0.805514 0.960205 0.776894 0.773194 0.573001 0.796527 0.712551 0.985433
0.767549 0.820976 0.589729 0.665670 0.920972 0.770046 0.490009 0.593494 0.720554 0.538246 0.772786 0.811190 0.659341 0.741637 0.583520 0.727558 0.657225 0.707894 0.691741 0.788133 0.871318 0.985648 0.736712 0.970001 0.994201 0.751568 0.842757 0.861580 0.552616 0.560256 0.392860 0.000000 0.424153 0.469059 0.637878 0.956533 0.806712 0.769508 0.727009 0.950981 0.800755 0.754094 0.514813 0.498248 0.464981 0.446592 0.641336 0.479943 0.630978 0.594411 0.547145 0.605736 0.594846 0.647395 0.792887 0.691886 0.812259 0.911672 0.898534 0.992821 0.685259 0.655675 0.689792 0.656716 0.889943 0.899722 0.616196 0.625861 0.901576 0.752039 0.604936 0.687010 0.686550 0.673664 0.670736 0.902238 0.608194 0.533624 0.716349 0.626541 0.581977 0.790079 0.747556 0.803571 0.721806 0.840734 0.687719 0.998993 0.948828 0.806935 0.835021 0.901499 0.856956 0.986973 0.850544 0.860588 0.774562 0.931411 0.707432 0.575262 0.711060 0.719231 0.610282 0.541408 0.579982 0.796909 0.931562 0.841469 0.823430 0.981174 0.741905 0.638182 0.609316 0.676346 0.740777 0.922565
0.535502 0.644830 0.542390 0.503044 0.982926 0.707773 0.358511 0.431642 0.795997 0.408770 0.470612 0.554549 0.404400 0.536236 0.452878 0.596225 0.452664 0.474976 0.444007 0.611907 0.912546 0.978796 0.693375 0.992105 0.863267 0.817735 0.860345 0.990985 0.388572 0.361374 0.425941 0.424153 0.000000 0.362821 0.797561 0.885682 0.713329 0.770352 0.877285 0.890688 0.783602 0.769001 0.455108 0.401709 0.430454 0.389534 0.627312 0.396629 0.535779 0.478407 0.464247 0.517402 0.569217 0.605987 0.693485 0.804456 0.667015 0.757070 0.656410 0.864459 0.495852 0.569093 0.442844 0.436229 0.936385 0.925418 0.515451 0.582371 0.940771 0.716286 0.613424 0.546861 0.537991 0.537901 0.772358 0.941169 0.536835 0.456238 0.521816 0.477258 0.434131 0.624465 0.654244 0.616809 0.669564 0.835281 0.912184 0.923542 0.942519 0.768634 0.782986 0.923578 0.900184 0.899987 0.896636 0.784604 0.649951 0.903348 0.597982 0.525952 0.608383 0.653482 0.541033 0.426286 0.615431 0.649945 0.955133 0.874512 0.700455 0.957969 0.770767 0.614586 0.509865 0.778233 0.698530 0.900684
0.493769 0.542230 0.693469 0.631250 0.909255 0.849312 0.454304 0.413042 0.982307 0.407207 0.503628 0.469626 0.486242 0.468121 0.495275 0.660345 0.400459 0.435393 0.487529 0.551615 0.913306 0.886524 0.803438 0.970973 0.852083 0.880568 0.744993 0.942983 0.339670 0.332519 0.467020 0.469059 0.362821 0.000000 0.782553 0.930902 0.802443 0.751590 0.891926 0.867135 0.799918 0.772428 0.449095 0.385365 0.404875 0.340452 0.538795 0.403754 0.420364 0.441034 0.483231 0.529167 0.550263 0.642826 0.722095 0.701931 0.605959 0.618212 0.627764 0.767978 0.480561 0.500169 0.371246 0.378716 0.927693 0.924821 0.591697 0.557910 0.964045 0.786383 0.692651 0.634016 0.590413 0.608844 0.791643 0.966177 0.542455 0.582788 0.509805 0.500277 0.393342 0.562396 0.607408 0.526936 0.668940 0.845477 0.978839 0.916433 0.921030 0.752260 0.891435 0.915811 0.970216 0.800952 0.922760 0.709209 0.776314 0.932985 0.594519 0.543938 0.671900 0.694222 0.581022 0.521749 0.710737 0.830645 0.938612 0.937458 0.709920 0.907779 0.811336 0.669555 0.563846 0.842171 0.718441 0.827270
0.968583 0.965769 0.576620 0.762934 0.972322 0.783720 0.687461 0.767519 0.727974 0.968564 0.958758 0.923624 0.939719 0.992313 0.972582 0.992704 0.979063 0.976203 0.946107 0.905248 0.858726 0.899722 0.931125 0.904200 0.931464 0.622429 0.805047 0.952899 0.888499 0.957225 0.809629 0.637878 0.797561 0.782553 0.000000 0.922302 0.891208 0.938171 0.847021 0.916215 0.903816 0.970173 0.679470 0.711454 0.677907 0.743536 0.841114 0.731130 0.874951 0.751058 0.643399 0.659941 0.640433 0.628220 0.818879 0.687707 0.956606 0.949560 0.932722 0.940551 0.726412 0.778970 0.995631 0.991795 0.732684 0.725881 0.676140 0.611578 0.818663 0.938092 0.868778 0.999279 0.984781 0.883873 0.848651 0.930984 0.791706 0.795839 0.900586 0.940421 0.979729 0.848611 0.919983 0.982455 0.985114 0.929634 0.802245 0.856142 0.967796 0.925641 0.745495 0.782676 0.840404 0.761331 0.835135 0.977847 0.948036 0.820227 0.794116 0.682288 0.781420 0.689991 0.786230 0.791847 0.568457 0.745197 0.847139 0.840416 0.977699 0.977200 0.929638 0.772058 0.609608 0.880474 0.726480 0.905450
0.867278 0.977355 0.892157 0.912895 0.997853 0.994262 0.980016 0.958427 0.896780 0.974973 0.974492 0.874590 0.991222 0.867631 0.945933 0.948917 0.949382 0.953977 0.975488 0.903495 0.932311 0.762280 0.953811 0.826000 0.952696 0.919456 0.968699 0.925001 0.940519 0.974685 0.954433 0.956533 0.885682 0.930902 0.922302 0.000000 0.886384 0.934569 0.976996 0.908063 0.953981 0.955828 0.970002 0.948411 0.921255 0.976924 0.987839 0.965334 0.990165 0.921298 0.975728 0.916370 0.929328 0.970179 0.979406 0.923771 0.982582 0.985341 0.868425 0.885773 0.962809 0.941621 0.932663 0.965358 0.992256 0.950567 0.896678 0.912580 0.992511 0.926103 0.971765 0.949332 0.935975 0.935959 0.893630 0.915558 0.884395 0.801246 0.974790 0.952671 0.965255 0.990064 0.972650 0.928272 0.901513 0.835420 0.768833 0.911588 0.883651 0.937347 0.977597 0.985152 0.936305 0.957711 0.868163 0.915403 0.927752 0.944518 0.962820 0.973569 0.989249 0.999083 0.994071 0.975918 0.952707 0.985074 0.996648 0.891510 0.860926 0.826431 0.956323 0.931843 0.953295 0.799702 0.943738 0.996964
0.802869 0.828933 0.949322 0.908784 0.889671 0.982500 0.859529 0.837643 0.902148 0.716119 0.831564 0.816916 0.873540 0.837685 0.826353 0.873592 0.759136 0.788308 0.808123 0.842660 0.807182 0.944872 0.808528 0.968798 0.810482 0.928145 0.882495 0.877995 0.795309 0.770118 0.749893 0.806712 0.713329 0.802443 0.891208 0.886384 0.000000 0.789741 0.915933 0.762523 0.873623 0.862037 0.898641 0.856820 0.830984 0.840404 0.954264 0.951725 0.873085 0.934002 0.878308 0.940159 0.994453 0.972001 0.970058 0.994517 0.816552 0.842890 0.911810 0.977753 0.938497 0.861071 0.841636 0.782883 0.972571 0.954977 0.986293 0.957733 0.843715 0.746432 0.719631 0.766845 0.930726 0.917042 0.856614 0.988629 0.850668 0.714269 0.855478 0.740939 0.714263 0.698084 0.741252 0.873587 0.700969 0.753323 0.873133 0.907665 0.911289 0.754894 0.929675 0.920322 0.895230 0.879312 0.955879 0.877230 0.813123 0.914915 0.935718 0.890421 0.977114 0.893449 0.822062 0.860467 0.950283 0.847999 0.899213 0.907904 0.789293 0.918099 0.814842 0.791076 0.887382 0.922701 0.895627 0.870551
0.909805 0.931623 0.921930 0.866204 0.970666 0.915870 0.769256 0.846037 0.866552 0.753010 0.861214 0.900477 0.959118 0.966195 0.954624 0.912581 0.841770 0.831207 0.791460 0.725741 0.936254 0.744228 0.959414 0.965638 0.989159 0.880874 0.970468 0.985255 0.803723 0.859178 0.842332 0.769508 0.770352 0.751590 0.938171 0.934569 0.789741 0.000000 0.974796 0.993600 0.800877 0.836835 0.841688 0.866856 0.723953 0.837589 0.954008 0.843805 0.861208 0.881277 0.766092 0.846126 0.767325 0.786863 0.852891 0.803374 0.981666 0.909474 0.935491 0.778591 0.952775 0.802639 0.979278 0.919475 0.828633 0.872885 0.899230 0.899520 0.854852 0.892192 0.744616 0.676175 0.590516 0.651003 0.951478 0.968545 0.710995 0.854176 0.918466 0.775700 0.744519 0.860724 0.895514 0.767889 0.835034 0.980415 0.836336 0.979744 0.912688 0.853647 0.845130 0.893108 0.935437 0.845273 0.974644 0.760966 0.869121 0.899209 0.920790 0.791216 0.908363 0.868476 0.838715 0.909311 0.934579 0.997761 0.919862 0.942325 0.779234 0.957035 0.896504 0.721257 0.925716 0.962897 0.991860 0.901463
