0.000000 0.305851 0.910345 0.746241 0.963053 0.746382 0.972230 0.898142 0.749164 0.726746 0.495110 0.384508 0.518200 0.508728 0.780275 0.693721 0.420785 0.338392 0.473426 0.369113 0.905991 0.724272 0.870374 0.748839 0.741133 0.883523 0.714391 0.906523 0.784279 0.605302 0.729804 0.962157 0.907196 0.825015 0.946177 0.950128 0.812510 0.577301 0.877923 0.667297 0.817676 0.966331 0.948162 0.840104 0.930720 0.870770 0.742494 0.719135 0.812368 0.541133 0.802703 0.640950 0.940608 0.713911 0.652422 0.766480 0.347379 0.323935 0.546170 0.500890 0.887511 0.995048 0.575423 0.509093 0.846452 0.964555 0.966908 0.977675 0.362676 0.432822 0.795173 0.761191 0.791867 0.963269 0.822121 0.770811 0.946917 0.903130 0.777245 0.595848 0.355471 0.317786 0.538434 0.399515 0.588014 0.646845 0.655665 0.718171 0.745270 0.553029 0.833738 0.854871 0.910140 0.999859 0.884965 0.997013 0.931781 0.976720 0.999093 0.891736 0.755066 0.876127 0.928559 0.981263 0.972146 0.975013 0.905478 0.833447 0.963008 0.850648 0.997725 0.887727 0.917102 0.902633 0.903230 0.911875
0.305851 0.000000 0.831653 0.685455 0.942585 0.813094 0.910010 0.869280 0.775378 0.734078 0.573660 0.392495 0.502859 0.498547 0.738648 0.605634 0.405834 0.330240 0.457181 0.360592 0.881631 0.751469 0.756154 0.686805 0.653174 0.937577 0.655316 0.927461 0.717200 0.570042 0.792274 0.969648 0.880501 0.790238 0.903015 0.979548 0.856063 0.577767 0.841953 0.658965 0.896228 0.862663 0.857518 0.761814 0.982897 0.820465 0.684566 0.665610 0.785830 0.482208 0.743426 0.569546 0.935001 0.714704 0.654543 0.774538 0.285421 0.245797 0.514378 0.399964 0.814629 0.936304 0.553936 0.466075 0.773523 0.910947 0.956815 0.967757 0.427480 0.446055 0.785479 0.752111 0.799312 0.981044 0.862194 0.875645 0.933922 0.962266 0.692541 0.630875 0.357531 0.337974 0.486501 0.426353 0.494645 0.559725 0.698427 0.620409 0.740815 0.556539 0.785665 0.790159 0.932648 0.907655 0.824261 0.970769 0.977981 0.986695 0.959990 0.925622 0.764330 0.820320 0.914232 0.964305 0.919467 0.962165 0.999287 0.866110 0.896126 0.803484 0.901203 0.957504 0.996732 0.836327 0.758428 0.866279
0.910345 0.831653 0.000000 0.320503 0.704503 0.863021 0.335366 0.402400 0.542200 0.973491 0.940911 0.867975 0.639562 0.804069 0.774050 0.745905 0.839807 0.928048 0.746197 0.865437 0.837792 0.980743 0.471906 0.540847 0.461163 0.455498 0.886616 0.935770 0.861414 0.861181 0.658286 0.790360 0.552958 0.679753 0.642098 0.728549 0.633515 0.818915 0.785202 0.965493 0.971308 0.939946 0.764572 0.787748 0.775437 0.820553 0.778280 0.815760 0.789125 0.992213 0.946887 0.990464 0.932928 0.951403 0.796717 0.882647 0.893141 0.950769 0.786070 0.867498 0.378169 0.497155 0.886427 0.963766 0.317310 0.301953 0.427842 0.460578 0.872394 0.984045 0.674775 0.700463 0.849517 0.869595 0.978884 0.857125 0.845252 0.812603 0.978646 0.997012 0.891671 0.962857 0.858262 0.971465 0.563580 0.473713 0.809108 0.934975 0.764398 0.760416 0.652106 0.978932 0.535431 0.853732 0.752517 0.986136 0.833588 0.884131 0.794347 0.768048 0.796383 0.909875 0.782776 0.888896 0.600823 0.821807 0.951213 0.839172 0.694800 0.797982 0.766212 0.865547 0.868178 0.946563 0.757910 0.970072
0.746241 0.685455 0.320503 0.000000 0.682499 0.926205 0.458938 0.389856 0.639907 0.938375 0.904293 0.682739 0.507508 0.615060 0.633573 0.532974 0.986342 0.917054 0.589358 0.678691 0.889920 0.867879 0.358173 0.397217 0.462423 0.565035 0.752509 0.923488 0.954927 0.997392 0.783910 0.777239 0.649406 0.730196 0.656047 0.747401 0.618441 0.766423 0.741387 0.891375 0.952418 0.943530 0.778768 0.748882 0.859205 0.810281 0.742614 0.706734 0.878707 0.897046 0.973065 0.859985 0.889542 0.993482 0.747401 0.939695 0.785669 0.784890 0.700095 0.732418 0.446328 0.496197 0.944833 0.876784 0.312941 0.345868 0.493819 0.555453 0.746439 0.876897 0.634672 0.758979 0.942430 0.966922 0.978933 0.880313 0.786448 0.842544 0.878156 0.891345 0.917913 0.878129 0.737372 0.850294 0.471618 0.403587 0.679190 0.846157 0.652222 0.657253 0.720452 0.984067 0.601564 0.847193 0.759587 0.989161 0.764354 0.881062 0.790105 0.741548 0.874868 0.891123 0.838198 0.813241 0.594143 0.685785 0.972658 0.826435 0.684867 0.714577 0.815127 0.831653 0.892506 0.941628 0.729253 0.989165
0.963053 0.942585 0.704503 0.682499 0.000000 0.862864 0.770114 0.793644 0.764412 0.944269 0.895670 0.942722 0.783230 0.966801 0.769074 0.876293 0.847858 0.904068 0.921973 0.927235 0.944892 0.984055 0.598587 0.671998 0.672576 0.694761 0.702175 0.852401 0.880720 0.833825 0.859704 0.991024 0.892434 0.990434 0.949211 0.916638 0.813477 0.964738 0.957269 0.898581 0.909171 0.855301 0.982209 0.968840 0.953708 0.901530 0.943002 0.939191 0.814292 0.902400 0.916857 0.975361 0.866122 0.995340 0.984532 0.943610 0.979440 0.984915 0.927299 0.968287 0.789930 0.838709 0.905817 0.944878 0.643035 0.719953 0.770914 0.855479 0.889238 0.952605 0.762532 0.963670 0.952938 0.990306 0.990551 0.955452 0.948082 0.990108 0.847442 0.995483 0.894482 0.918027 0.905793 0.946374 0.725325 0.699487 0.869470 0.829967 0.879537 0.884172 0.884723 0.989814 0.791921 0.890662 0.916380 0.992215 0.916766 0.853814 0.993119 0.972237 0.984776 0.895004 0.798336 0.821447 0.909522 0.751754 0.992107 0.911173 0.999027 0.897231 0.914595 0.989559 0.959830 0.962857 0.976966 0.878227
0.746382 0.813094 0.863021 0.926205 0.862864 0.000000 0.795313 0.725297 0.772296 0.748983 0.895522 0.906644 0.861687 0.883389 0.917098 0.998298 0.668790 0.699149 0.839925 0.787041 0.951062 0.739203 0.972247 0.994728 0.966752 0.818994 0.771447 0.939894 0.943751 0.998595 0.783518 0.909169 0.819409 0.734748 0.960913 0.852518 0.961023 0.861160 0.990936 0.800028 0.926419 0.947606 0.795419 0.840523 0.697874 0.840557 0.945538 0.921316 0.851695 0.979037 0.856506 0.981933 0.798721 0.779284 0.932993 0.969249 0.680253 0.712134 0.969696 0.996112 0.792644 0.703221 0.866602 0.957383 0.973906 0.774999 0.689638 0.728903 0.767800 0.784539 0.772974 0.870269 0.773420 0.885942 0.943335 0.921948 0.971202 0.734673 0.880389 0.949652 0.804681 0.747635 0.696616 0.772457 0.893110 0.977945 0.844165 0.886573 0.792382 0.676380 0.742300 0.887422 0.784310 0.996987 0.955308 0.938483 0.719377 0.990640 0.817934 0.763193 0.701781 0.965787 0.947078 0.827768 0.887769 0.842295 0.930768 0.924053 0.965552 0.969482 0.871287 0.879489 0.778482 0.868723 0.972459 0.822668
0.972230 0.910010 0.335366 0.458938 0.770114 0.795313 0.000000 0.359340 0.533148 0.844565 0.936605 0.824294 0.760181 0.868825 0.850077 0.819620 0.919147 0.871841 0.804080 0.909450 0.845432 0.994710 0.586753 0.705927 0.622613 0.517211 0.946720 0.923381 0.985708 0.980577 0.503288 0.616662 0.409797 0.517645 0.601247 0.678881 0.707965 0.892738 0.851858 0.955873 0.949522 0.940120 0.564101 0.627385 0.513116 0.587484 0.649054 0.685402 0.946464 0.848245 0.817505 0.840303 0.700703 0.820755 0.827755 0.970318 0.982767 0.979595 0.668276 0.763403 0.311528 0.428977 0.941570 0.865236 0.510061 0.406597 0.334725 0.321391 0.991309 0.935284 0.710456 0.676912 0.669623 0.774212 0.991842 0.784133 0.755036 0.652695 0.948120 0.882724 0.992156 0.948901 0.900016 0.916131 0.707831 0.626479 0.930299 0.960964 0.914747 0.929745 0.633544 0.943349 0.611850 0.923952 0.757670 0.898011 0.731134 0.810432 0.606195 0.612912 0.602496 0.947079 0.979663 0.912415 0.560091 0.746824 0.857660 0.782138 0.682613 0.843614 0.703679 0.829755 0.751761 0.884912 0.649318 0.940066
0.898142 0.869280 0.402400 0.389856 0.793644 0.725297 0.359340 0.000000 0.521175 0.701349 0.872577 0.697034 0.707738 0.755169 0.823719 0.680143 0.924956 0.876496 0.688992 0.791073 0.966305 0.922217 0.615874 0.719642 0.689737 0.580662 0.994273 0.963734 0.992357 0.954505 0.579566 0.605304 0.487944 0.482291 0.732732 0.802068 0.555423 0.801194 0.839338 0.928760 0.906937 0.968664 0.482030 0.489627 0.586709 0.550788 0.515154 0.506966 0.880706 0.729715 0.719931 0.695133 0.707739 0.681961 0.755972 0.979914 0.965170 0.991229 0.628936 0.706167 0.384233 0.304651 0.958635 0.810482 0.588835 0.381521 0.474754 0.385849 0.901265 0.957408 0.600129 0.614800 0.733379 0.852629 0.987715 0.862224 0.693303 0.657956 0.969534 0.838060 0.981907 0.959083 0.931808 0.968956 0.801763 0.680782 0.918370 0.954092 0.896142 0.969154 0.587485 0.889535 0.674293 0.971853 0.823792 0.860479 0.678722 0.869406 0.540693 0.495661 0.558736 0.957644 0.890774 0.863440 0.519762 0.743873 0.962994 0.698126 0.682916 0.749418 0.735475 0.753928 0.700127 0.771237 0.664314 0.944908
0.749164 0.775378 0.542200 0.639907 0.764412 0.772296 0.533148 0.521175 0.000000 0.684334 0.900532 0.823862 0.962247 0.918484 0.922177 0.973003 0.696821 0.616978 0.946663 0.802133 0.967119 0.881158 0.759715 0.896519 0.770723 0.471395 0.895602 0.984326 0.908357 0.784822 0.481177 0.657493 0.545926 0.713576 0.701215 0.872504 0.805076 0.941384 0.931247 0.985179 0.931242 0.871127 0.653448 0.725276 0.645292 0.735614 0.792991 0.818662 0.943624 0.964075 0.886870 0.990872 0.783335 0.730700 0.943609 0.978282 0.762458 0.661065 0.909066 0.921179 0.541131 0.530394 0.797735 0.865222 0.689340 0.552079 0.539295 0.489622 0.862107 0.790514 0.685327 0.642601 0.635822 0.797088 0.999054 0.939810 0.861019 0.790099 0.975617 0.849506 0.645953 0.579785 0.938077 0.683287 0.968702 0.871574 0.944174 0.966028 0.960756 0.947031 0.566441 0.934771 0.673402 0.924058 0.850670 0.942580 0.856720 0.862400 0.622058 0.654200 0.596616 0.953205 0.994495 0.842830 0.681699 0.747033 0.862602 0.713328 0.778936 0.922828 0.741207 0.726559 0.750792 0.852650 0.800644 0.964163
0.726746 0.734078 0.973491 0.938375 0.944269 0.748983 0.844565 0.701349 0.684334 0.000000 0.972103 0.972325 0.661563 0.686177 0.815248 0.816889 0.856114 0.691158 0.843236 0.842590 0.883345 0.921579 0.842444 0.605954 0.772217 0.931986 0.728240 0.940530 0.827586 0.911437 0.621769 0.651184 0.782146 0.672687 0.862885 0.922057 0.823700 0.874473 0.937374 0.995365 0.941662 0.795677 0.507628 0.585903 0.530405 0.527628 0.750860 0.676899 0.614187 0.797227 0.688920 0.896483 0.757168 0.559184 0.932588 0.900106 0.745774 0.677767 0.911440 0.982337 0.861161 0.627240 0.931732 0.884182 0.783462 0.997137 0.888294 0.739717 0.828763 0.859632 0.779913 0.672543 0.568121 0.685265 0.975188 0.882886 0.747295 0.714477 0.936298 0.871419 0.796730 0.619247 0.772657 0.716738 0.608247 0.656153 0.668382 0.746083 0.852486 0.669764 0.779944 0.969054 0.942543 0.819329 0.919574 0.851411 0.834470 0.845670 0.507474 0.538206 0.582104 0.880163 0.658811 0.664820 0.776944 0.854470 0.926716 0.643371 0.861963 0.918271 0.775622 0.649593 0.654283 0.829161 0.898678 0.919502
0.495110 0.573660 0.940911 0.904293 0.895670 0.895522 0.936605 0.872577 0.900532 0.972103 0.000000 0.591478 0.867980 0.799116 0.919213 0.990778 0.558404 0.503489 0.589332 0.556117 0.909143 0.886583 0.865489 0.980635 0.991551 0.820013 0.864110 0.999121 0.675662 0.554685 0.875807 0.891705 0.844661 0.649346 0.841916 0.969747 0.912935 0.701404 0.863683 0.799294 0.768780 0.993384 0.875248 0.773937 0.945074 0.794763 0.752199 0.781401 0.790740 0.607507 0.897727 0.829820 0.900899 0.786858 0.801426 0.847320 0.552497 0.620156 0.641411 0.569126 0.959086 0.964594 0.538210 0.608463 0.950494 0.940316 0.945658 0.919073 0.592959 0.701181 0.835900 0.834826 0.964759 0.908656 0.882124 0.795565 0.886645 0.968610 0.874538 0.775425 0.558815 0.567144 0.754385 0.659384 0.925179 0.971425 0.872197 0.831934 0.850860 0.889315 0.902136 0.974423 0.924527 0.988533 0.864795 0.952538 0.823006 0.840172 0.868308 0.952207 0.990167 0.974209 0.853534 0.768325 0.968849 0.913514 0.895626 0.948977 0.981561 0.896886 0.973869 0.951042 0.866124 0.873160 0.935927 0.985888
0.384508 0.392495 0.867975 0.682739 0.942722 0.906644 0.824294 0.697034 0.823862 0.972325 0.591478 0.000000 0.517455 0.552133 0.742261 0.609252 0.488802 0.454042 0.491618 0.348613 0.951053 0.655036 0.803578 0.752002 0.773572 0.929090 0.736504 0.933851 0.653171 0.483720 0.929420 0.898658 0.801588 0.641428 0.951774 0.979952 0.700300 0.514335 0.856347 0.654327 0.879955 0.995638 0.776863 0.703571 0.876961 0.691866 0.653242 0.535564 0.666250 0.484598 0.674172 0.552911 0.868968 0.925255 0.682179 0.761216 0.474161 0.401534 0.547670 0.437220 0.744153 0.751299 0.550248 0.381849 0.856613 0.877527 0.924862 0.863656 0.489146 0.533871 0.948361 0.914774 0.897420 0.979322 0.955021 0.941016 0.873382 0.954826 0.772746 0.566098 0.360444 0.404222 0.608559 0.476085 0.672525 0.688471 0.671247 0.744102 0.860898 0.731173 0.853961 0.886331 0.882455 0.805367 0.893989 0.878778 0.805573 0.867806 0.900726 0.912125 0.985542 0.930436 0.825303 0.885322 0.808759 0.893660 0.857703 0.916607 0.868060 0.751691 0.887444 0.941482 0.992473 0.764924 0.842933 0.921866
0.518200 0.502859 0.639562 0.507508 0.783230 0.861687 0.760181 0.707738 0.962247 0.661563 0.867980 0.517455 0.000000 0.341624 0.411698 0.395473 0.727725 0.611279 0.472833 0.533280 0.923783 0.656839 0.456144 0.430371 0.660216 0.943301 0.651461 0.978772 0.921706 0.862540 0.860840 0.949865 0.893368 0.956758 0.972095 0.935399 0.857538 0.794196 0.934008 0.855612 0.926664 0.878805 0.967848 0.894164 0.871430 0.998133 0.813593 0.789036 0.896891 0.810737 0.920809 0.656529 0.899517 0.954927 0.853349 0.891370 0.572439 0.508617 0.741456 0.624066 0.666402 0.752008 0.839842 0.703835 0.532251 0.635797 0.897834 0.948353 0.708583 0.685580 0.842503 0.947539 0.874731 0.943808 0.936208 0.962840 0.926308 0.955592 0.863830 0.657961 0.636383 0.553452 0.624081 0.622712 0.414059 0.472789 0.565186 0.673098 0.792359 0.602306 0.917247 0.840180 0.803313 0.866814 0.840459 0.926670 0.810991 0.952364 0.979827 0.904888 0.876274 0.978051 0.873244 0.842168 0.798593 0.899599 0.960277 0.944667 0.836167 0.856794 0.917194 0.967744 0.986167 0.831203 0.833323 0.985085
0.508728 0.498547 0.804069 0.615060 0.966801 0.883389 0.868825 0.755169 0.918484 0.686177 0.799116 0.552133 0.341624 0.000000 0.458014 0.331979 0.620809 0.564016 0.468082 0.571864 0.963212 0.650720 0.580798 0.490636 0.813327 0.964159 0.714549 0.948801 0.831672 0.724606 0.821295 0.936035 0.912831 0.875616 0.952207 0.883434 0.956305 0.849475 0.961823 0.840790 0.997968 0.813004 0.893909 0.767777 0.924836 0.889347 0.685251 0.730470 0.978807 0.700352 0.787328 0.551283 0.816017 0.979958 0.900704 0.896737 0.539222 0.503478 0.645616 0.517565 0.711915 0.786814 0.750908 0.633624 0.701903 0.708303 0.939487 0.961485 0.783653 0.712277 0.964194 0.789583 0.831956 0.877989 0.911703 0.981407 0.959177 0.996815 0.768831 0.570120 0.560672 0.514011 0.541489 0.590950 0.527035 0.533232 0.614479 0.678195 0.770767 0.673690 0.990748 0.900997 0.976058 0.932355 0.885641 0.926307 0.839858 0.946085 0.980031 0.903683 0.892986 0.938616 0.998071 0.986592 0.884670 0.886715 0.952092 0.853919 0.885496 0.841088 0.909190 0.981211 0.973686 0.810455 0.739868 0.996659
0.780275 0.738648 0.774050 0.633573 0.769074 0.917098 0.850077 0.823719 0.922177 0.815248 0.919213 0.742261 0.411698 0.458014 0.000000 0.354528 0.785573 0.779626 0.659555 0.788699 0.997179 0.779772 0.423688 0.490100 0.759707 0.978120 0.682747 0.954320 0.827906 0.918297 0.971356 0.891045 0.930366 0.968626 0.969733 0.958299 0.941552 0.852040 0.985544 0.961683 0.964160 0.883210 0.904114 0.882387 0.965241 0.948377 0.830835 0.852736 0.923901 0.919370 0.897205 0.710859 0.773255 0.903205 0.986812 0.901727 0.716742 0.700149 0.785566 0.767954 0.711149 0.749750 0.874161 0.752306 0.581752 0.706601 0.931109 0.969076 0.909576 0.907956 0.809900 0.903921 0.927638 0.987706 0.899181 0.999848 0.991807 0.955973 0.760904 0.750234 0.796867 0.787140 0.635819 0.744555 0.486284 0.552853 0.684215 0.653490 0.784933 0.708827 0.986415 0.955804 0.988180 0.930741 0.857308 0.908902 0.800752 0.924312 0.974975 0.860669 0.875340 0.890779 0.897968 0.852207 0.754207 0.816499 0.963942 0.960171 0.804935 0.856325 0.889254 0.883920 0.901649 0.930277 0.876026 0.961991
0.693721 0.605634 0.745905 0.532974 0.876293 0.998298 0.819620 0.680143 0.973003 0.816889 0.990778 0.609252 0.395473 0.331979 0.354528 0.000000 0.727740 0.708847 0.594011 0.673120 0.966551 0.706137 0.426065 0.424194 0.741328 0.951244 0.741923 0.897493 0.840247 0.787818 0.979330 0.845633 0.887677 0.852795 0.972762 0.903253 0.911631 0.842001 0.887325 0.947073 0.970383 0.862367 0.776235 0.709243 0.998534 0.809030 0.667583 0.668065 0.976738 0.735272 0.734715 0.550941 0.665146 0.866187 0.926725 0.898962 0.651377 0.603973 0.644657 0.573473 0.658324 0.653934 0.862730 0.644555 0.616388 0.643494 0.871453 0.878327 0.875690 0.810752 0.859024 0.900106 0.842918 0.967467 0.976169 0.927454 0.923342 0.865145 0.694395 0.689387 0.678062 0.694303 0.574547 0.636742 0.498880 0.490482 0.689194 0.718622 0.702369 0.696363 0.978296 0.930728 0.956667 0.968598 0.862422 0.985334 0.803585 0.877938 0.955160 0.795251 0.977232 0.879861 0.977916 0.936564 0.693546 0.749981 0.990930 0.998605 0.779645 0.794281 0.824498 0.873920 0.866830 0.780021 0.682123 0.998702
0.420785 0.405834 0.839807 0.986342 0.847858 0.668790 0.919147 0.924956 0.696821 0.856114 0.558404 0.488802 0.727725 0.620809 0.785573 0.727740 0.000000 0.329260 0.555129 0.449938 0.948170 0.770611 0.994831 0.943179 0.946951 0.662598 0.788781 0.988160 0.545857 0.446898 0.770720 0.963872 0.945027 0.810197 0.993054 0.896136 0.974997 0.662892 0.976237 0.709722 0.924186 0.883253 0.834390 0.733675 0.987940 0.762783 0.708187 0.670195 0.632616 0.467369 0.689298 0.572230 0.913364 0.828368 0.820026 0.636924 0.347281 0.346015 0.581678 0.469893 0.940635 0.863412 0.413346 0.389600 0.883516 0.728187 0.833980 0.878870 0.561500 0.507551 0.637605 0.677835 0.870932 0.955781 0.939099 0.860182 0.932836 0.970872 0.567603 0.614416 0.289690 0.363715 0.507432 0.427100 0.780942 0.898278 0.830754 0.624721 0.893106 0.723128 0.668484 0.831708 0.668141 0.819957 0.839704 0.935763 0.969071 0.839012 0.955704 0.965388 0.793496 0.897295 0.749701 0.887578 0.953522 0.924927 0.970660 0.879276 0.947215 0.920893 0.917477 0.972481 0.976667 0.877696 0.772370 0.827576
0.338392 0.330240 0.928048 0.917054 0.904068 0.699149 0.871841 0.876496 0.616978 0.691158 0.503489 0.454042 0.611279 0.564016 0.779626 0.708847 0.329260 0.000000 0.493455 0.402951 0.975709 0.738538 0.923492 0.778174 0.867941 0.721612 0.693407 0.949683 0.640463 0.508720 0.640568 0.912901 0.996532 0.903209 0.966998 0.989887 0.997739 0.618612 0.901876 0.700285 0.861288 0.940472 0.956408 0.916600 0.823904 0.960895 0.833530 0.810252 0.816884 0.567626 0.891538 0.725332 0.915091 0.617773 0.738752 0.709382 0.299872 0.276093 0.644533 0.504102 0.918644 0.780584 0.445718 0.446630 0.961912 0.801770 0.830637 0.797373 0.456831 0.463270 0.737966 0.609311 0.742951 0.961158 0.826058 0.840724 0.977025 0.859324 0.643433 0.666008 0.330445 0.293837 0.475198 0.365904 0.627310 0.760222 0.672541 0.592313 0.753751 0.604382 0.643528 0.836709 0.758135 0.912990 0.857341 0.998822 0.976418 0.893148 0.868561 0.825110 0.658126 0.828624 0.882012 0.962857 0.975095 0.942822 0.940274 0.760669 0.938771 0.889301 0.999150 0.856449 0.958337 0.909321 0.925663 0.871701
0.473426 0.457181 0.746197 0.589358 0.921973 0.839925 0.804080 0.688992 0.946663 0.843236 0.589332 0.491618 0.472833 0.468082 0.659555 0.594011 0.555129 0.493455 0.000000 0.441050 0.998491 0.610614 0.681520 0.616251 0.785917 0.913941 0.665429 0.951093 0.719492 0.645081 0.876211 0.812831 0.832752 0.739528 0.948182 0.945114 0.776057 0.699309 0.856221 0.796355 0.739980 0.842193 0.835920 0.734989 0.964809 0.846901 0.684904 0.619123 0.915413 0.621305 0.922597 0.699836 0.982004 0.881800 0.841506 0.825464 0.478325 0.488785 0.671270 0.532262 0.780926 0.851234 0.647834 0.582425 0.757355 0.832525 0.935558 0.919597 0.601081 0.737123 0.934616 0.926078 0.925066 0.993280 0.898158 0.994390 0.907597 0.952627 0.718441 0.587758 0.534458 0.497139 0.582207 0.577878 0.638607 0.712877 0.654871 0.671405 0.810528 0.799480 0.950170 0.993317 0.988534 0.948442 0.804070 0.912516 0.754851 0.946330 0.829829 0.825256 0.957221 0.982115 0.856269 0.913789 0.776365 0.940775 0.882350 0.972600 0.879373 0.676385 0.906023 0.948031 0.901805 0.840211 0.817695 0.943026
0.369113 0.360592 0.865437 0.678691 0.927235 0.787041 0.909450 0.791073 0.802133 0.842590 0.556117 0.348613 0.533280 0.571864 0.788699 0.673120 0.449938 0.402951 0.441050 0.000000 0.957152 0.708062 0.818687 0.736779 0.757642 0.927251 0.663834 0.990407 0.713389 0.586423 0.803484 0.990846 0.877314 0.766173 0.993892 0.979824 0.706110 0.509355 0.834282 0.606906 0.862310 0.928400 0.887325 0.804681 0.924710 0.869245 0.697609 0.648343 0.788521 0.503085 0.815525 0.615491 0.964889 0.845440 0.641752 0.761543 0.416335 0.344541 0.618606 0.497814 0.878942 0.911897 0.636776 0.468352 0.837105 0.939226 0.994500 0.999550 0.432754 0.461419 0.932120 0.838922 0.793060 0.943218 0.921443 0.879249 0.866184 0.888342 0.738078 0.695979 0.390033 0.392705 0.578624 0.432952 0.606151 0.691894 0.698299 0.726572 0.794646 0.648107 0.886327 0.907138 0.935234 0.942152 0.872278 0.907104 0.849833 0.950954 0.973527 0.973055 0.925129 0.948886 0.872665 0.934351 0.868713 0.981471 0.857313 0.994548 0.889663 0.726066 0.991617 0.964135 0.921762 0.886885 0.844424 0.824937
0.905991 0.881631 0.837792 0.889920 0.944892 0.951062 0.845432 0.966305 0.967119 0.883345 0.909143 0.951053 0.923783 0.963212 0.997179 0.966551 0.948170 0.975709 0.998491 0.957152 0.000000 0.936224 0.987206 0.917130 0.887225 0.908372 0.990853 0.960875 0.969726 0.976968 0.917194 0.907510 0.781956 0.874573 0.790964 0.789393 0.827623 0.962799 0.948357 0.983736 0.914164 0.929603 0.987190 0.996599 0.797662 0.886258 0.987690 0.867449 0.905479 0.989180 0.934513 0.969056 0.947614 0.826928 0.858752 0.851472 0.976428 0.935792 0.821723 0.979189 0.734677 0.914236 0.846026 0.979077 0.829805 0.804781 0.706330 0.802187 0.952344 0.983521 0.996329 0.903446 0.977256 0.931371 0.895831 0.955121 0.904179 0.986910 0.916318 0.950764 0.890847 0.885266 0.933622 0.978790 0.796463 0.756894 0.934170 0.922713 0.901901 0.869197 0.989652 0.819405 0.883625 0.973880 0.974555 0.974253 0.979268 0.922976 0.959025 0.890914 0.903714 0.951422 0.944683 0.993766 0.896570 0.926687 0.917408 0.976573 0.972050 0.940767 0.909505 0.881260 0.980263 0.982852 0.899441 0.943365
0.724272 0.751469 0.980743 0.867879 0.984055 0.739203 0.994710 0.922217 0.881158 0.921579 0.886583 0.655036 0.656839 0.650720 0.779772 0.706137 0.770611 0.738538 0.610614 0.708062 0.936224 0.000000 0.821219 0.831106 0.999222 0.875932 0.783810 0.820577 0.877570 0.861640 0.912419 0.961425 0.983951 0.991157 0.834997 0.902375 0.913823 0.823562 0.932822 0.737053 0.992606 0.894203 0.915374 0.848358 0.895897 0.941224 0.856738 0.835710 0.951950 0.752732 0.860786 0.708643 0.877094 0.951873 0.956417 0.861292 0.691390 0.696054 0.910281 0.761300 0.908624 0.946721 0.769762 0.721897 0.952562 0.994347 0.856727 0.902748 0.845657 0.820571 0.927427 0.955878 0.967987 0.903802 0.814778 0.930021 0.877425 0.930749 0.890072 0.710645 0.713257 0.686397 0.750100 0.679552 0.837001 0.871825 0.706378 0.799603 0.864823 0.920089 0.992442 0.885917 0.905744 0.980916 0.935227 0.905100 0.778684 0.903841 0.921835 0.882075 0.991095 0.858967 0.900633 0.973132 0.885777 0.937535 0.812618 0.928327 0.868733 0.779063 0.874174 0.845886 0.968827 0.750990 0.813468 0.915875
0.870374 0.756154 0.471906 0.358173 0.598587 0.972247 0.586753 0.615874 0.759715 0.842444 0.865489 0.803578 0.456144 0.580798 0.423688 0.426065 0.994831 0.923492 0.681520 0.818687 0.987206 0.821219 0.000000 0.332583 0.512685 0.666103 0.670370 0.916102 0.980333 0.944235 0.877622 0.880779 0.809444 0.930139 0.813346 0.821639 0.769091 0.862961 0.896600 0.987287 0.942049 0.851770 0.881028 0.885245 0.994839 0.950235 0.906635 0.857823 0.792136 0.983230 0.975243 0.876943 0.772800 0.964888 0.924311 0.999879 0.825174 0.779052 0.887269 0.831578 0.550300 0.637569 0.940221 0.884179 0.320519 0.479794 0.653523 0.757083 0.902894 0.929384 0.683888 0.857537 0.945581 0.999507 0.914367 0.820616 0.887534 0.915478 0.817596 0.915855 0.955504 0.941675 0.697689 0.851555 0.377708 0.394318 0.690146 0.753539 0.688980 0.637833 0.816360 0.964188 0.703504 0.851009 0.756750 0.964104 0.825673 0.909958 0.932338 0.797725 0.957731 0.864534 0.773200 0.684227 0.670063 0.676364 0.983082 0.913981 0.754246 0.746223 0.855387 0.820116 0.897508 0.985358 0.787245 0.969046
0.748839 0.686805 0.540847 0.397217 0.671998 0.994728 0.705927 0.719642 0.896519 0.605954 0.980635 0.752002 0.430371 0.490636 0.490100 0.424194 0.943179 0.778174 0.616251 0.736779 0.917130 0.831106 0.332583 0.000000 0.501435 0.739515 0.598344 0.865331 0.983327 0.997892 0.996303 0.951101 0.841197 0.982539 0.890279 0.771451 0.885197 0.906375 0.775179 0.985317 0.989876 0.838480 0.942218 0.991782 0.855244 0.916586 0.966147 0.916720 0.724915 0.990124 0.874401 0.923461 0.944290 0.827270 0.874930 0.918505 0.748815 0.694752 0.880770 0.789635 0.658428 0.790397 0.979782 0.906563 0.379426 0.528750 0.745280 0.832041 0.804440 0.900244 0.811485 0.889577 0.849930 0.828339 0.997241 0.948038 0.950888 0.996374 0.771432 0.810368 0.852038 0.766917 0.648503 0.715930 0.376393 0.359233 0.582036 0.708816 0.622221 0.590547 0.980072 0.970211 0.782172 0.925119 0.774881 0.887733 0.873375 0.945548 0.900061 0.996251 0.850555 0.880411 0.708753 0.703455 0.761853 0.798308 0.893367 0.967895 0.917236 0.825678 0.944794 0.959797 0.990594 0.963799 0.844793 0.956461
0.741133 0.653174 0.461163 0.462423 0.672576 0.966752 0.622613 0.689737 0.770723 0.772217 0.991551 0.773572 0.660216 0.813327 0.759707 0.741328 0.946951 0.867941 0.785917 0.757642 0.887225 0.999222 0.512685 0.501435 0.000000 0.477929 0.618058 0.871647 0.883537 0.876145 0.808813 0.927356 0.692245 0.841499 0.744641 0.766572 0.668568 0.697996 0.768096 0.929986 0.992166 0.895184 0.945489 0.957096 0.947751 0.956385 0.912384 0.890573 0.829679 0.944342 0.937050 0.984850 0.951573 0.726333 0.758411 0.984553 0.731445 0.737208 0.802788 0.827856 0.604044 0.754999 0.945069 0.960647 0.385126 0.540854 0.626322 0.677488 0.638129 0.741136 0.959605 0.873292 0.943371 0.980651 0.978000 0.942439 0.963990 0.980850 0.804142 0.932668 0.926678 0.864360 0.686417 0.806019 0.434272 0.389475 0.789792 0.793163 0.695933 0.518267 0.996924 0.707897 0.794822 0.948479 0.766849 0.947408 0.906688 0.962520 0.934561 0.907982 0.889502 0.755542 0.756537 0.767755 0.792532 0.850813 0.965151 0.999306 0.873340 0.826202 0.855336 0.951272 0.942436 0.944043 0.825968 0.966126
0.883523 0.937577 0.455498 0.565035 0.694761 0.818994 0.517211 0.580662 0.471395 0.931986 0.820013 0.929090 0.943301 0.964159 0.978120 0.951244 0.662598 0.721612 0.913941 0.927251 0.908372 0.875932 0.666103 0.739515 0.477929 0.000000 0.961527 0.859763 0.703045 0.701640 0.534151 0.836830 0.591299 0.768784 0.735426 0.665629 0.682758 0.923448 0.764096 0.953144 0.932213 0.908774 0.803595 0.886112 0.746413 0.839519 0.853929 0.910158 0.846383 0.924109 0.968112 0.972557 0.901439 0.991478 0.833220 0.891229 0.851961 0.836673 0.926999 0.945421 0.522939 0.585192 0.702409 0.799668 0.503646 0.441553 0.490246 0.479401 0.964922 0.984502 0.786738 0.717784 0.823572 0.923003 0.977365 0.971528 0.975563 0.960688 0.929276 0.836759 0.706740 0.691863 0.937594 0.764347 0.719678 0.604470 0.978080 0.964403 0.838375 0.789268 0.753370 0.825691 0.680350 0.948655 0.840639 0.924662 0.965012 0.946797 0.867384 0.959595 0.794339 0.837938 0.750375 0.889539 0.720388 0.779613 0.924349 0.883451 0.846270 0.859501 0.745025 0.965001 0.938493 0.985316 0.840467 0.967748
0.714391 0.655316 0.886616 0.752509 0.702175 0.771447 0.946720 0.994273 0.895602 0.728240 0.864110 0.736504 0.651461 0.714549 0.682747 0.741923 0.788781 0.693407 0.665429 0.663834 0.990853 0.783810 0.670370 0.598344 0.618058 0.961527 0.000000 0.896489 0.997135 0.979307 0.794441 0.940659 0.853931 0.877256 0.904147 0.997961 0.905368 0.661751 0.880858 0.920686 0.976966 0.859373 0.782385 0.864867 0.643818 0.762160 0.981882 0.963347 0.794736 0.957233 0.811405 0.952975 0.862454 0.795025 0.944055 0.965337 0.679817 0.640120 0.967627 0.867948 0.965920 0.892350 0.913993 0.911308 0.724446 0.936070 0.888234 0.862307 0.653560 0.738147 0.977095 0.831836 0.793232 0.825095 0.999411 0.992119 0.919579 0.765487 0.755495 0.965115 0.806387 0.700921 0.751019 0.748390 0.600848 0.676032 0.683131 0.676192 0.869950 0.624765 0.885421 0.958315 0.996704 0.886570 0.889912 0.927966 0.960097 0.969084 0.802434 0.866854 0.742129 0.929094 0.883728 0.753776 0.952349 0.871902 0.955918 0.942420 0.956378 0.779855 0.957205 0.988933 0.880186 0.905288 0.941631 0.982238
0.906523 0.927461 0.935770 0.923488 0.852401 0.939894 0.923381 0.963734 0.984326 0.940530 0.999121 0.933851 0.978772 0.948801 0.954320 0.897493 0.988160 0.949683 0.951093 0.990407 0.960875 0.820577 0.916102 0.865331 0.871647 0.859763 0.896489 0.000000 0.809896 0.831994 0.996672 0.835969 0.974443 0.984963 0.979071 0.944734 0.857069 0.821105 0.872990 0.976826 0.999114 0.843037 0.989643 0.965838 0.888854 0.945163 0.990630 0.958108 0.896674 0.998135 0.934546 0.959478 0.893494 0.821882 0.918474 0.928494 0.882409 0.925246 0.984584 0.915109 0.935706 0.962433 0.839776 0.904088 0.871604 0.925073 0.959442 0.950168 0.836625 0.776285 0.983697 0.890052 0.802669 0.862565 0.937327 0.970237 0.993211 0.903980 0.960180 0.831692 0.926513 0.923012 0.931449 0.941421 0.884303 0.836746 0.956371 0.987220 0.951091 0.785802 0.934753 0.813884 0.917236 0.909114 0.990934 0.857655 0.821185 0.898873 0.904220 0.865427 0.744551 0.720098 0.873402 0.798193 0.904089 0.908804 0.989513 0.978762 0.763571 0.888033 0.953297 0.945759 0.902256 0.996221 0.901923 0.999437
0.784279 0.717200 0.861414 0.954927 0.880720 0.943751 0.985708 0.992357 0.908357 0.827586 0.675662 0.653171 0.921706 0.831672 0.827906 0.840247 0.545857 0.640463 0.719492 0.713389 0.969726 0.877570 0.980333 0.983327 0.883537 0.703045 0.997135 0.809896 0.000000 0.379058 0.969610 0.654476 0.773996 0.720514 0.984436 0.968574 0.935827 0.833444 0.927562 0.804919 0.995714 0.975578 0.728056 0.691365 0.719299 0.617461 0.713253 0.682552 0.554905 0.560620 0.679183 0.716516 0.789097 0.974741 0.994225 0.727039 0.667075 0.689387 0.689323 0.617203 0.918009 0.995224 0.472185 0.487249 0.822625 0.796738 0.992805 0.999771 0.860767 0.968300 0.808241 0.785534 0.914208 0.799465 0.961195 0.999038 0.960600 0.806756 0.680106 0.732027 0.556201 0.724835 0.738074 0.683276 0.939954 0.934276 0.975690 0.800811 0.980714 0.971810 0.757747 0.816261 0.657846 0.720530 0.857968 0.899515 0.828674 0.992032 0.844148 0.873060 0.990922 0.997917 0.656392 0.714963 0.886500 0.985096 0.982241 0.998760 0.940341 0.944196 0.870889 0.876265 0.791190 0.771091 0.780897 0.936991
0.605302 0.570042 0.861181 0.997392 0.833825 0.998595 0.980577 0.954505 0.784822 0.911437 0.554685 0.483720 0.862540 0.724606 0.918297 0.787818 0.446898 0.508720 0.645081 0.586423 0.976968 0.861640 0.944235 0.997892 0.876145 0.701640 0.979307 0.831994 0.379058 0.000000 0.975255 0.743098 0.824092 0.614980 0.959196 0.974354 0.995541 0.788788 0.992981 0.743146 0.888086 0.945217 0.705309 0.632455 0.712766 0.581882 0.646580 0.601999 0.463217 0.453998 0.604806 0.620333 0.784788 0.948434 0.908960 0.686405 0.586827 0.576983 0.561296 0.475016 0.921147 0.957302 0.423220 0.368772 0.796474 0.805220 0.966982 0.939345 0.773757 0.795525 0.772287 0.763582 0.980191 0.792524 0.950477 0.961334 0.984750 0.732083 0.633870 0.615368 0.389028 0.547544 0.678143 0.584095 0.958681 0.964503 0.927153 0.732836 0.997707 0.995662 0.752950 0.853058 0.691029 0.738733 0.916172 0.986311 0.840790 0.888273 0.854674 0.873484 0.961884 0.982135 0.659204 0.690715 0.916793 0.881427 0.919957 0.874821 0.916524 0.850668 0.893215 0.908988 0.911259 0.766981 0.710089 0.946966
0.729804 0.792274 0.658286 0.783910 0.859704 0.783518 0.503288 0.579566 0.481177 0.621769 0.875807 0.929420 0.860840 0.821295 0.971356 0.979330 0.770720 0.640568 0.876211 0.803484 0.917194 0.912419 0.877622 0.996303 0.808813 0.534151 0.794441 0.996672 0.969610 0.975255 0.000000 0.499362 0.474909 0.599464 0.659591 0.840404 0.807518 0.988482 0.787829 0.892896 0.884527 0.943223 0.492965 0.608218 0.416891 0.488304 0.686662 0.706118 0.793991 0.843041 0.707805 0.879882 0.634733 0.703012 0.964175 0.983709 0.796368 0.695345 0.812357 0.961448 0.520818 0.514523 0.899028 0.990281 0.858090 0.680363 0.539299 0.408594 0.818017 0.760116 0.871266 0.744132 0.705923 0.715882 0.994009 0.833916 0.820771 0.569156 0.972185 0.969501 0.794433 0.629804 0.986954 0.754903 0.945853 0.951963 0.766226 0.910142 0.987133 0.896393 0.863523 0.832423 0.941200 0.762622 0.931903 0.816322 0.906770 0.844994 0.658307 0.712766 0.547547 0.963169 0.918542 0.847882 0.681488 0.753480 0.853939 0.750044 0.800467 0.948654 0.732424 0.823617 0.746807 0.758462 0.702043 0.932049
0.962157 0.969648 0.790360 0.777239 0.991024 0.909169 0.616662 0.605304 0.657493 0.651184 0.891705 0.898658 0.949865 0.936035 0.891045 0.845633 0.963872 0.912901 0.812831 0.990846 0.907510 0.961425 0.880779 0.951101 0.927356 0.836830 0.940659 0.835969 0.654476 0.743098 0.499362 0.000000 0.558107 0.574390 0.733674 0.938554 0.888662 0.937057 0.875297 0.989233 0.956299 0.959756 0.445514 0.454909 0.491380 0.429375 0.555374 0.570558 0.681525 0.643440 0.628612 0.685883 0.646309 0.700785 0.961474 0.929787 0.946454 0.948065 0.588778 0.682144 0.591243 0.626495 0.828887 0.753166 0.944679 0.788097 0.643475 0.564886 0.910695 0.837185 0.908785 0.930120 0.766212 0.729923 0.958607 0.887617 0.757288 0.566392 0.790016 0.741002 0.942282 0.925122 0.823450 0.994215 0.995621 0.965635 0.937327 0.954735 0.949060 0.848779 0.895348 0.869846 0.975727 0.907241 0.942884 0.847743 0.765552 0.932300 0.526024 0.624131 0.623415 0.780739 0.674787 0.761775 0.579942 0.775381 0.880855 0.786711 0.714080 0.813827 0.805410 0.840643 0.586570 0.828320 0.583680 0.993520
0.907196 0.880501 0.552958 0.649406 0.892434 0.819409 0.409797 0.487944 0.545926 0.782146 0.844661 0.801588 0.893368 0.912831 0.930366 0.887677 0.945027 0.996532 0.832752 0.877314 0.781956 0.983951 0.809444 0.841197 0.692245 0.591299 0.853931 0.974443 0.773996 0.824092 0.474909 0.558107 0.000000 0.439738 0.670429 0.731079 0.718977 0.822421 0.862038 0.932911 0.955421 0.855760 0.508112 0.561673 0.415508 0.471876 0.535421 0.637043 0.743661 0.690297 0.664216 0.790255 0.756336 0.944395 0.739802 0.895938 0.906415 0.961017 0.584113 0.737463 0.390409 0.537858 0.776197 0.736979 0.718461 0.599819 0.467742 0.410637 0.917438 0.970865 0.931866 0.875000 0.740397 0.786903 0.854773 0.949477 0.812103 0.729906 0.880726 0.824284 0.882737 0.997936 0.800039 0.947030 0.786691 0.720234 0.983088 0.886209 0.891144 0.901530 0.889599 0.786379 0.961689 0.784844 0.735158 0.915541 0.842042 0.848917 0.653044 0.765254 0.706188 0.976993 0.943876 0.790595 0.696542 0.855727 0.958622 0.952626 0.821645 0.912385 0.728350 0.897483 0.740129 0.738339 0.676486 0.964397
0.825015 0.790238 0.679753 0.730196 0.990434 0.734748 0.517645 0.482291 0.713576 0.672687 0.649346 0.641428 0.956758 0.875616 0.968626 0.852795 0.810197 0.903209 0.739528 0.766173 0.874573 0.991157 0.930139 0.982539 0.841499 0.768784 0.877256 0.984963 0.720514 0.614980 0.599464 0.574390 0.439738 0.000000 0.672822 0.817295 0.723745 0.751355 0.928572 0.951120 0.864576 0.918119 0.440115 0.469904 0.425371 0.397346 0.453995 0.496452 0.632192 0.566434 0.597660 0.708436 0.733834 0.885163 0.805262 0.870988 0.819427 0.890746 0.492698 0.562340 0.486141 0.516373 0.684556 0.595192 0.879539 0.683785 0.532843 0.436970 0.877034 0.895788 0.977458 0.883285 0.775906 0.742144 0.935696 0.970090 0.891052 0.657067 0.834985 0.767281 0.761655 0.921504 0.800119 0.925777 0.933624 0.859674 0.998279 0.939823 0.925260 0.933831 0.965356 0.827396 0.966207 0.734288 0.853108 0.913856 0.745979 0.836160 0.628886 0.719050 0.609528 0.920542 0.813091 0.647352 0.681542 0.751085 0.959432 0.797129 0.883296 0.751190 0.763665 0.895047 0.693883 0.789545 0.700771 0.998159
0.946177 0.903015 0.642098 0.656047 0.949211 0.960913 0.601247 0.732732 0.701215 0.862885 0.841916 0.951774 0.972095 0.952207 0.969733 0.972762 0.993054 0.966998 0.948182 0.993892 0.790964 0.834997 0.813346 0.890279 0.744641 0.735426 0.904147 0.979071 0.984436 0.959196 0.659591 0.733674 0.670429 0.672822 0.000000 0.747607 0.949492 0.882704 0.717279 0.981931 0.923831 0.965264 0.752186 0.789995 0.638608 0.684035 0.806270 0.850294 0.898043 0.884617 0.917483 0.969735 0.906459 0.986654 0.783388 0.950628 0.962561 0.977463 0.705615 0.857184 0.654724 0.695668 0.931038 0.885928 0.687886 0.719024 0.493511 0.546072 0.907936 0.954145 0.843835 0.849302 0.863058 0.831748 0.952740 0.942691 0.874367 0.724591 0.893292 0.997300 0.980077 0.993700 0.809008 0.910803 0.843251 0.762109 0.996463 0.993195 0.692618 0.800272 0.916468 0.861302 0.766445 0.939772 0.807046 0.923447 0.835741 0.613319 0.802966 0.901657 0.871884 0.858051 0.986364 0.982799 0.732091 0.787845 0.651296 0.828172 0.768424 0.810571 0.896201 0.910028 0.705005 0.988135 0.802046 0.958521
0.950128 0.979548 0.728549 0.747401 0.916638 0.852518 0.678881 0.802068 0.872504 0.922057 0.969747 0.979952 0.935399 0.883434 0.958299 0.903253 0.896136 0.989887 0.945114 0.979824 0.789393 0.902375 0.821639 0.771451 0.766572 0.665629 0.997961 0.944734 0.968574 0.974354 0.840404 0.938554 0.731079 0.817295 0.747607 0.000000 0.892609 0.989843 0.947231 0.883842 0.786751 0.978453 0.994383 0.959756 0.857165 0.910231 0.903397 0.880479 0.940724 0.960222 0.985188 0.995486 0.951721 0.979460 0.866894 0.901715 0.955185 0.983714 0.898643 0.950219 0.780801 0.869246 0.987460 0.963166 0.712352 0.722017 0.697004 0.744909 0.975374 0.963521 0.948333 0.901725 0.977398 0.950177 0.905233 0.911559 0.911115 0.948568 0.952282 0.954009 0.988483 0.994490 0.932072 0.909478 0.781797 0.720155 0.977206 0.935281 0.827954 0.911654 0.826546 0.967815 0.917598 0.927048 0.966045 0.907084 0.980926 0.935278 0.949274 0.951468 0.994772 0.921259 0.837494 0.993167 0.852485 0.960462 0.825494 0.906857 0.946274 0.970202 0.817885 0.872648 0.969145 0.998973 0.888223 0.750825
0.812510 0.856063 0.633515 0.618441 0.813477 0.961023 0.707965 0.555423 0.805076 0.823700 0.912935 0.700300 0.857538 0.956305 0.941552 0.911631 0.974997 0.997739 0.776057 0.706110 0.827623 0.913823 0.769091 0.885197 0.668568 0.682758 0.905368 0.857069 0.935827 0.995541 0.807518 0.888662 0.718977 0.723745 0.949492 0.892609 0.000000 0.604447 0.844588 0.876818 0.764203 0.905470 0.741228 0.791882 0.826406 0.812698 0.764952 0.695966 0.940870 0.882282 0.920323 0.918453 0.988579 0.957735 0.677433 0.962162 0.861497 0.878485 0.846529 0.932084 0.701289 0.656414 0.897040 0.844482 0.743176 0.704732 0.787391 0.707071 0.677315 0.774950 0.840291 0.664647 0.873903 0.923272 0.924900 0.961458 0.813303 0.930630 0.989562 0.974336 0.954831 0.969382 0.904852 0.830920 0.847182 0.816683 0.875089 0.980438 0.987388 0.911948 0.939297 0.852064 0.944919 0.924180 0.890511 0.991591 0.799534 0.955950 0.777482 0.820307 0.818823 0.930073 0.973483 0.886003 0.762771 0.899516 0.802533 0.858099 0.761173 0.769229 0.877387 0.942354 0.990479 0.994703 0.998850 0.885972
0.577301 0.577767 0.818915 0.766423 0.964738 0.861160 0.892738 0.801194 0.941384 0.874473 0.701404 0.514335 0.794196 0.849475 0.852040 0.842001 0.662892 0.618612 0.699309 0.509355 0.962799 0.823562 0.862961 0.906375 0.697996 0.923448 0.661751 0.821105 0.833444 0.788788 0.988482 0.937057 0.822421 0.751355 0.882704 0.989843 0.604447 0.000000 0.791181 0.695576 0.941559 0.870836 0.872099 0.883311 0.951111 0.840338 0.747204 0.686796 0.809726 0.629230 0.886855 0.810711 0.956857 0.798909 0.630073 0.744256 0.575646 0.576561 0.756590 0.718986 0.852455 0.861566 0.803489 0.630730 0.824809 0.919321 0.982852 0.931736 0.499905 0.555434 0.997667 0.990495 0.898884 0.992550 0.887140 0.945498 0.834798 0.896133 0.869171 0.942749 0.651862 0.676605 0.718458 0.633268 0.740923 0.773899 0.830999 0.808689 0.827517 0.676494 0.876955 0.710102 0.868540 0.888678 0.946740 0.836112 0.991667 0.862285 0.894975 0.966969 0.919555 0.794432 0.873399 0.918297 0.839854 0.992695 0.961307 0.954222 0.973655 0.707902 0.894235 0.818789 0.926856 0.910029 0.989600 0.970427
