0.000000 0.542932 0.691195 0.764329 0.789761 0.958367 0.612647 0.599940 0.834939 0.826638 0.780880 0.781203 0.720140 0.867786 0.798908 0.937255 0.536088 0.512764 0.598901 0.740469 0.893844 0.956329 0.810339 0.997305 0.856596 0.807847 0.993526 0.959439 0.694289 0.630049 0.879696 0.957592 0.651989 0.603440 0.792503 0.935336 0.933773 0.734991 0.869009 0.834893 0.963476 0.974688 0.842014 0.780962 0.954479 0.858626 0.679545 0.831914 0.878787 0.879975 0.852792 0.900005 0.886720 0.985358 0.869760 0.943163 0.506957 0.590541 0.647375 0.822100 0.528822 0.635708 0.535945 0.517445 0.669815 0.738910 0.829873 0.810138 0.982094 0.910931 0.886237 0.949663 0.852217 0.876329 0.966418 0.994422 0.787715 0.812117 0.854573 0.891822 0.537706 0.591355 0.841655 0.642396 0.627311 0.716698 0.929592 0.902200 0.832871 0.659832 0.884945 0.950699 0.961478 0.965540 0.916319 0.819539 0.904864 0.860558 0.772266 0.720246 0.963201 0.975076 0.951916 0.834049 0.968353 0.934379 0.844424 0.940966 0.757534 0.904973 0.939606 0.938000 0.866143 0.952111 0.862064 0.924086
0.542932 0.000000 0.875363 0.896815 0.859173 0.877944 0.858564 0.737453 0.908641 0.847826 0.881006 0.676442 0.725426 0.713054 0.725063 0.812510 0.519397 0.546797 0.677553 0.788525 0.934209 0.988461 0.893551 0.948632 0.820560 0.898116 0.998332 0.898071 0.627216 0.584702 0.894360 0.932371 0.621281 0.718613 0.797068 0.939814 0.912598 0.950179 0.929296 0.828275 0.948408 0.946159 0.750303 0.627927 0.779897 0.715153 0.697613 0.722827 0.768755 0.780999 0.885310 0.818206 0.755575 0.800022 0.860303 0.946390 0.568968 0.526240 0.747829 0.901954 0.660445 0.668570 0.600346 0.515147 0.802865 0.896345 0.968280 0.920476 0.970674 0.797322 0.881672 0.969121 0.829539 0.853388 0.998099 0.990445 0.909233 0.929023 0.756196 0.849370 0.527976 0.661404 0.851543 0.671275 0.831351 0.819825 0.981803 0.960468 0.879293 0.796046 0.896037 0.855849 0.894584 0.877001 0.825862 0.798192 0.974630 0.926821 0.800863 0.860420 0.987656 0.921240 0.938366 0.878895 0.960269 0.928301 0.958388 0.838021 0.915456 0.970950 0.982306 0.976138 0.982303 0.974859 0.762328 0.964172
0.691195 0.875363 0.000000 0.497418 0.821991 0.951568 0.372420 0.449321 0.793342 0.736502 0.875931 0.875211 0.844570 0.938293 0.991528 0.841322 0.885955 0.739585 0.737622 0.718472 0.855064 0.856061 0.648557 0.874604 0.710983 0.915458 0.926194 0.830166 0.940602 0.867718 0.787547 0.876704 0.599093 0.595815 0.781269 0.888973 0.930044 0.997056 0.872181 0.731772 0.931919 0.899785 0.649345 0.757292 0.968576 0.924160 0.683600 0.735262 0.935181 0.869204 0.692227 0.727687 0.967022 0.918027 0.890339 0.862582 0.822073 0.938402 0.497288 0.659500 0.526892 0.752024 0.764780 0.803975 0.459830 0.601048 0.523984 0.523460 0.836812 0.959826 0.891769 0.841409 0.820580 0.886752 0.961171 0.983291 0.740206 0.956683 0.966290 0.887268 0.644385 0.647831 0.968986 0.765012 0.527526 0.706448 0.808758 0.973534 0.817535 0.658345 0.652564 0.731199 0.686990 0.640363 0.792245 0.740997 0.767673 0.931036 0.559607 0.567525 0.732290 0.857906 0.863762 0.764090 0.662762 0.648696 0.917816 0.884677 0.774036 0.838655 0.716633 0.856078 0.930079 0.883327 0.827903 0.885518
0.764329 0.896815 0.497418 0.000000 0.988332 0.960493 0.603846 0.421838 0.998464 0.976507 0.964013 0.993378 0.903231 0.980610 0.823292 0.871215 0.959783 0.820636 0.929783 0.755618 0.792684 0.872581 0.719986 0.716580 0.660076 0.791168 0.890553 0.965617 0.851564 0.986974 0.905227 0.917926 0.741255 0.612355 0.755520 0.795536 0.933551 0.882062 0.751268 0.640592 0.986372 0.850617 0.734743 0.779524 0.919132 0.952896 0.813483 0.792978 0.826235 0.940376 0.821519 0.847970 0.865258 0.813611 0.995090 0.864022 0.973723 0.955754 0.688367 0.668271 0.786597 0.737325 0.932332 0.907427 0.475805 0.419919 0.484138 0.423438 0.701862 0.998187 0.697356 0.632549 0.942551 0.950982 0.943397 0.863768 0.727684 0.896538 0.921530 0.854129 0.730126 0.722393 0.946873 0.882646 0.679556 0.634212 0.860355 0.808330 0.995859 0.595225 0.739670 0.800159 0.653794 0.676436 0.788048 0.697175 0.780564 0.909413 0.641287 0.686716 0.764819 0.890158 0.868896 0.767006 0.613609 0.597731 0.919278 0.832846 0.767477 0.840148 0.716655 0.953822 0.945006 0.928361 0.831049 0.801605
0.789761 0.859173 0.821991 0.988332 0.000000 0.758087 0.733083 0.925264 0.758641 0.761214 0.828043 0.876830 0.814715 0.958154 0.815507 0.958549 0.692818 0.706531 0.741349 0.893670 0.816299 0.852252 0.664683 0.895814 0.790529 0.809266 0.921059 0.869055 0.919318 0.715205 0.676268 0.916364 0.781335 0.862734 0.960742 0.778494 0.808668 0.892292 0.911917 0.973270 0.911378 0.976358 0.942434 0.953546 0.741035 0.779737 0.803842 0.842574 0.710949 0.766972 0.828889 0.916332 0.812837 0.789597 0.862469 0.867586 0.659893 0.807547 0.970260 0.887942 0.721242 0.907534 0.691770 0.842164 0.846847 0.971201 0.954029 0.970811 0.910805 0.901173 0.825823 0.998241 0.728024 0.928766 0.937436 0.948302 0.954419 0.939845 0.877354 0.875196 0.662077 0.637227 0.761104 0.669830 0.615430 0.670541 0.915244 0.611784 0.766508 0.806523 0.863143 0.968397 0.936362 0.999690 0.817748 0.950352 0.945247 0.954935 0.861874 0.856306 0.881902 0.882903 0.924284 0.976180 0.997610 0.914407 0.921045 0.844335 0.909728 0.919384 0.960216 0.935653 0.966275 0.957504 0.909211 0.963787
0.958367 0.877944 0.951568 0.960493 0.758087 0.000000 0.975161 0.865203 0.878931 0.951138 0.987744 0.911211 0.967391 0.912780 0.896898 0.770594 0.943585 0.998886 0.983624 0.829960 0.812903 0.991039 0.908231 0.911343 0.929195 0.845681 0.738784 0.895923 0.996610 0.931232 0.892954 0.926300 0.926261 0.863312 0.981912 0.865272 0.810352 0.917526 0.864994 0.980045 0.728345 0.987468 0.861566 0.785322 0.981548 0.904708 0.884636 0.957516 0.928468 0.962658 0.994510 0.811248 0.807300 0.780884 0.890080 0.839567 0.962847 0.884395 0.705460 0.695770 0.956000 0.896735 0.960310 0.811187 0.984386 0.935588 0.861696 0.906132 0.893625 0.767294 0.852096 0.886312 0.976228 0.841599 0.949151 0.843124 0.954704 0.856022 0.982036 0.877941 0.990953 0.954136 0.914380 0.922921 0.917746 0.789039 0.863768 0.838075 0.906081 0.997507 0.913902 0.921362 0.844963 0.929285 0.965258 0.858658 0.811911 0.988219 0.945885 0.982545 0.958241 0.967717 0.861315 0.916903 0.961616 0.987284 0.899340 0.845587 0.948438 0.911075 0.874438 0.950849 0.931624 0.868108 0.973572 0.983099
0.612647 0.858564 0.372420 0.603846 0.733083 0.975161 0.000000 0.514326 0.676382 0.636269 0.877118 0.888727 0.751584 0.950381 0.888816 0.846413 0.787853 0.666010 0.628883 0.686136 0.911779 0.928030 0.589772 0.913133 0.786017 0.889713 0.931463 0.761539 0.868404 0.739264 0.744839 0.948367 0.535300 0.577863 0.788843 0.926376 0.944654 0.908392 0.895398 0.832826 0.981478 0.967686 0.695384 0.769791 0.919553 0.838744 0.697893 0.731288 0.954217 0.773907 0.689327 0.716732 0.946056 0.951975 0.870572 0.897405 0.743853 0.843134 0.508656 0.702991 0.399227 0.725006 0.592533 0.698659 0.498437 0.678462 0.573778 0.618878 0.848920 0.981445 0.957076 0.970563 0.799783 0.869814 0.950896 0.973729 0.804709 0.970992 0.951026 0.923818 0.557218 0.549423 0.867769 0.689616 0.426302 0.709852 0.888242 0.890848 0.760130 0.670128 0.647385 0.685861 0.765224 0.753272 0.778130 0.791850 0.818437 0.879976 0.571080 0.583106 0.818846 0.832504 0.974766 0.775582 0.734254 0.754155 0.952866 0.989158 0.697389 0.867410 0.718471 0.917783 0.932300 0.944647 0.870567 0.896502
0.599940 0.737453 0.449321 0.421838 0.925264 0.865203 0.514326 0.000000 0.902743 0.754615 0.843431 0.846672 0.925308 0.961462 0.900023 0.856646 0.871312 0.703313 0.772257 0.629918 0.938631 0.970829 0.732193 0.931736 0.786614 0.942944 0.970965 0.855566 0.915707 0.870507 0.880473 0.932257 0.680025 0.511849 0.743450 0.853981 0.972814 0.951783 0.896614 0.655181 0.933568 0.914487 0.749976 0.776025 0.901128 0.991806 0.747384 0.814417 0.840363 0.948528 0.885861 0.822586 0.893815 0.796568 0.926321 0.927549 0.862553 0.868021 0.528852 0.519947 0.563957 0.482362 0.778820 0.652905 0.533785 0.455080 0.554527 0.483747 0.796608 0.909502 0.761472 0.750336 0.829273 0.846569 0.902455 0.949664 0.654650 0.883950 0.867789 0.902821 0.617914 0.701516 0.905716 0.819809 0.682386 0.753762 0.772872 0.819348 0.875372 0.519593 0.737207 0.875823 0.738026 0.836663 0.807207 0.686417 0.699661 0.906751 0.590609 0.608681 0.807997 0.945886 0.802841 0.798082 0.648353 0.616845 0.986689 0.873741 0.729147 0.812370 0.654053 0.930167 0.984912 0.937398 0.841786 0.870502
0.834939 0.908641 0.793342 0.998464 0.758641 0.878931 0.676382 0.902743 0.000000 0.599822 0.886292 0.933714 0.784947 0.871092 0.792448 0.988303 0.826048 0.813966 0.867770 0.972425 0.981034 0.954932 0.635275 0.936453 0.949284 0.983943 0.878350 0.870231 0.810967 0.796094 0.820526 0.987274 0.748530 0.894581 0.968675 0.976255 0.851120 0.921054 0.924164 0.868011 0.989407 0.938214 0.957447 0.976326 0.827733 0.855103 0.891002 0.899885 0.772829 0.821462 0.854939 0.878389 0.765695 0.843885 0.905447 0.958412 0.707131 0.820344 0.831604 0.992017 0.626861 0.900458 0.664699 0.703243 0.801331 0.933331 0.944768 0.925333 0.877965 0.994526 0.911725 0.776587 0.880343 0.967265 0.908854 0.964742 0.993447 0.950608 0.837014 0.988774 0.789949 0.775722 0.729274 0.768737 0.663285 0.867585 0.780435 0.749148 0.856032 0.797184 0.959246 0.956002 0.902957 0.994895 0.888902 0.921048 0.853101 0.987088 0.873623 0.774782 0.962422 0.909265 0.956716 0.904584 0.925096 0.991326 0.867471 0.929078 0.894084 0.829589 0.938586 0.937057 0.966582 0.848846 0.964197 0.921971
0.826638 0.847826 0.736502 0.976507 0.761214 0.951138 0.636269 0.754615 0.599822 0.000000 0.718592 0.962198 0.912221 0.803451 0.951559 0.756377 0.702544 0.715847 0.624716 0.757501 0.992375 0.961179 0.670691 0.858788 0.920631 0.896289 0.734866 0.780898 0.610690 0.687446 0.659988 0.930632 0.622396 0.668888 0.836326 0.927054 0.904947 0.972291 0.875085 0.996556 0.853746 0.971192 0.817346 0.835832 0.721671 0.704658 0.714987 0.837059 0.671222 0.705264 0.719204 0.707736 0.814405 0.919900 0.806475 0.936966 0.716764 0.766036 0.719316 0.858935 0.636776 0.821253 0.579414 0.576846 0.956831 0.924103 0.780277 0.854131 0.949081 0.892169 0.965900 0.866437 0.746936 0.742224 0.839285 0.954654 0.996401 0.968428 0.990231 0.951489 0.683146 0.734312 0.909391 0.712049 0.749215 0.967076 0.923054 0.772502 0.843775 0.734747 0.846067 0.885259 0.837482 0.932482 0.959995 0.701275 0.719025 0.984784 0.693948 0.765099 0.822737 0.950855 0.825003 0.784524 0.851173 0.979129 0.892518 0.960371 0.818506 0.885300 0.800518 0.972816 0.959742 0.894821 0.956872 0.885905
0.780880 0.881006 0.875931 0.964013 0.828043 0.987744 0.877118 0.843431 0.886292 0.718592 0.000000 0.797629 0.787407 0.987667 0.928949 0.959331 0.723613 0.753377 0.753566 0.711988 0.871527 0.970327 0.990263 0.891315 0.967901 0.916631 0.871446 0.825273 0.745438 0.748896 0.854395 0.996918 0.851316 0.679061 0.874669 0.805218 0.946524 0.827853 0.975489 0.962094 0.945214 0.877401 0.896027 0.952611 0.956989 0.963454 0.948117 0.957730 0.958338 0.951985 0.967094 0.895522 0.976984 0.981544 0.944059 0.989518 0.840803 0.879838 0.912004 0.927793 0.774226 0.823362 0.705715 0.715976 0.912221 0.969524 0.973254 0.919130 0.986287 0.958985 0.935901 0.804764 0.728364 0.933179 0.940487 0.875364 0.894030 0.826382 0.921157 0.872604 0.754782 0.804550 0.973546 0.859517 0.941540 0.961575 0.788047 0.852409 0.975547 0.861116 0.825280 0.746055 0.857440 0.809410 0.992102 0.781562 0.893809 0.837626 0.967643 0.938971 0.986978 0.976143 0.894074 0.956940 0.984577 0.804673 0.990641 0.839067 0.962265 0.900734 0.986250 0.890293 0.927654 0.894049 0.999137 0.943948
0.781203 0.676442 0.875211 0.993378 0.876830 0.911211 0.888727 0.846672 0.933714 0.962198 0.797629 0.000000 0.761429 0.646412 0.893999 0.768602 0.780113 0.802884 0.884451 0.765428 0.843906 0.834330 0.884094 0.896160 0.998521 0.923924 0.981308 0.972473 0.828075 0.799584 0.849079 0.977208 0.988538 0.852279 0.824870 0.931031 0.965375 0.873804 0.956319 0.952551 0.918842 0.994549 0.944650 0.881104 0.854054 0.999265 0.949602 0.986492 0.935504 0.890368 0.844669 0.961635 0.984086 0.970971 0.896499 0.964628 0.853627 0.689395 0.920218 0.823616 0.874916 0.666965 0.866236 0.689490 0.988967 0.930007 0.828721 0.920478 0.905735 0.928751 0.956069 0.930386 0.973524 0.970548 0.965450 0.866916 0.791091 0.763135 0.811348 0.956351 0.822146 0.940646 0.983171 0.913274 0.919948 0.906524 0.941460 0.911897 0.952500 0.889066 0.822488 0.763756 0.833171 0.745394 0.948861 0.859755 0.961835 0.969452 0.960211 0.957712 0.862615 0.993125 0.891488 0.894507 0.952640 0.997748 0.865171 0.898237 0.998421 0.996118 0.956115 0.898807 0.975838 0.976820 0.906376 0.963385
0.720140 0.725426 0.844570 0.903231 0.814715 0.967391 0.751584 0.925308 0.784947 0.912221 0.787407 0.761429 0.000000 0.604975 0.549941 0.638866 0.732442 0.691133 0.774134 0.744514 0.986727 0.866760 0.855109 0.936143 0.926888 0.924262 0.850812 0.908771 0.724132 0.666441 0.916966 0.929906 0.845156 0.854718 0.923342 0.963451 0.909673 0.788362 0.942849 0.952484 0.962156 0.798389 0.998463 0.917906 0.953828 0.905858 0.863264 0.865602 0.963414 0.873062 0.944390 0.995439 0.918348 0.908984 0.886107 0.951891 0.770401 0.707052 0.859711 0.886370 0.550941 0.745145 0.713243 0.713701 0.884740 0.960973 0.784028 0.836877 0.952195 0.937413 0.819395 0.857178 0.840627 0.961063 0.933168 0.734663 0.976615 0.947060 0.811913 0.860671 0.708797 0.728290 0.822532 0.792415 0.734902 0.970892 0.883447 0.805427 0.790405 0.999028 0.847866 0.777024 0.703515 0.778768 0.948648 0.899353 0.911589 0.771855 0.960921 0.974379 0.825995 0.968486 0.915724 0.759135 0.978959 0.954796 0.941508 0.666184 0.952381 0.930603 0.971443 0.972926 0.962812 0.950231 0.809226 0.974860
0.867786 0.713054 0.938293 0.980610 0.958154 0.912780 0.950381 0.961462 0.871092 0.803451 0.987667 0.646412 0.604975 0.000000 0.611531 0.495759 0.869036 0.843204 0.973881 0.845030 0.945356 0.885462 0.957596 0.978126 0.799977 0.966132 0.948979 0.917105 0.869540 0.752970 0.955095 0.797970 0.940443 0.876993 0.813214 0.971495 0.935727 0.991811 0.993246 0.893370 0.946056 0.921208 0.893475 0.757413 0.980765 0.900639 0.830024 0.786505 0.925465 0.967780 0.886872 0.984829 0.949503 0.897138 0.905255 0.896163 0.976565 0.861890 0.959161 0.957084 0.843094 0.763339 0.956875 0.871724 0.916073 0.888274 0.877271 0.936757 0.877986 0.922056 0.960510 0.846285 0.972087 0.967519 0.906918 0.805688 0.986440 0.896811 0.837348 0.825842 0.869361 0.861608 0.793175 0.875308 0.949003 0.903653 0.884686 0.989293 0.967317 0.956436 0.780198 0.744818 0.696460 0.792765 0.960161 0.871730 0.823110 0.800702 0.959664 0.918676 0.820758 0.965560 0.920086 0.804074 0.920105 0.985476 0.962533 0.772541 0.845254 0.983182 0.907302 0.903532 0.985660 0.990325 0.820239 0.897600
0.798908 0.725063 0.991528 0.823292 0.815507 0.896898 0.888816 0.900023 0.792448 0.951559 0.928949 0.893999 0.549941 0.611531 0.000000 0.576927 0.704095 0.652756 0.772980 0.974054 0.993943 0.899757 0.700935 0.922479 0.867299 0.999195 0.928812 0.962446 0.664577 0.562489 0.723164 0.663696 0.723652 0.934584 0.924482 0.917346 0.859597 0.969459 0.993684 0.972733 0.973999 0.905021 0.867537 0.784711 0.756981 0.678551 0.722099 0.702024 0.777513 0.719669 0.982147 0.921177 0.750468 0.694282 0.813896 0.875908 0.658370 0.721692 0.969999 0.827532 0.727435 0.903900 0.698393 0.780354 0.859592 0.936152 0.825923 0.836807 0.988163 0.920547 0.906119 0.950537 0.835181 0.889952 0.962099 0.778435 0.953373 0.955460 0.779703 0.930173 0.701749 0.665178 0.610077 0.630304 0.696857 0.768233 0.634120 0.632623 0.842611 0.992589 0.812394 0.841765 0.709286 0.771073 0.967075 0.936147 0.860236 0.967057 0.983231 0.989099 0.863314 0.896251 0.812267 0.882255 0.860265 0.877957 0.973691 0.715909 0.954906 0.915933 0.913989 0.849401 0.819683 0.901956 0.891707 0.872776
0.937255 0.812510 0.841322 0.871215 0.958549 0.770594 0.846413 0.856646 0.988303 0.756377 0.959331 0.768602 0.638866 0.495759 0.576927 0.000000 0.954121 0.897531 0.993047 0.979420 0.998529 0.873598 0.942299 0.814217 0.852482 0.876304 0.873867 0.785170 0.911281 0.816566 0.941629 0.768736 0.968135 0.976786 0.967204 0.894937 0.844465 0.948537 0.943767 0.984676 0.869522 0.840214 0.951602 0.967661 0.996087 0.923885 0.929583 0.862465 0.994514 0.962772 0.860860 0.820324 0.892836 0.800457 0.959181 0.913078 0.917594 0.877211 0.719017 0.790051 0.999529 0.943162 0.970454 0.991885 0.983965 0.987489 0.736547 0.807250 0.907718 0.977910 0.975185 0.864644 0.996738 0.886896 0.939191 0.848311 0.945794 0.877143 0.848214 0.759074 0.947156 0.883903 0.727403 0.819038 0.912569 0.815802 0.764700 0.841256 0.957096 0.918171 0.797720 0.754194 0.697745 0.793338 0.867489 0.975001 0.691366 0.902183 0.851924 0.835230 0.831977 0.795289 0.815776 0.705859 0.925321 0.985744 0.947473 0.704468 0.887935 0.966729 0.753618 0.960872 0.949743 0.921534 0.852189 0.976089
0.536088 0.519397 0.885955 0.959783 0.692818 0.943585 0.787853 0.871312 0.826048 0.702544 0.723613 0.780113 0.732442 0.869036 0.704095 0.954121 0.000000 0.516691 0.587780 0.746621 0.966313 0.957569 0.827335 0.939866 0.885159 0.920400 0.989340 0.894812 0.559031 0.487884 0.762260 0.912062 0.631739 0.745425 0.795543 0.923216 0.824592 0.894729 0.999756 0.986629 0.885373 0.996491 0.835169 0.654267 0.712269 0.607449 0.677017 0.701327 0.626748 0.650112 0.742561 0.801022 0.683505 0.749196 0.738696 0.924035 0.497769 0.560250 0.800037 0.953708 0.639904 0.775958 0.496614 0.523387 0.868198 0.989448 0.968112 0.966201 0.949657 0.838852 0.928058 0.893323 0.792779 0.777879 0.986670 0.906042 0.926532 0.949607 0.819063 0.903933 0.476542 0.591433 0.737218 0.595480 0.718432 0.822211 0.944332 0.687916 0.860318 0.817272 0.999953 0.945843 0.879878 0.878678 0.924824 0.815222 0.897234 0.920435 0.862417 0.939861 0.955175 0.908107 0.943449 0.910005 0.886573 0.821972 0.993177 0.815572 0.882335 0.957020 0.986533 0.969985 0.827135 0.971439 0.866466 0.970139
0.512764 0.546797 0.739585 0.820636 0.706531 0.998886 0.666010 0.703313 0.813966 0.715847 0.753377 0.802884 0.691133 0.843204 0.652756 0.897531 0.516691 0.000000 0.555412 0.727280 0.947948 0.948978 0.694851 0.950897 0.810162 0.884905 0.967025 0.972098 0.613809 0.466709 0.698621 0.814717 0.528522 0.630902 0.845745 0.822405 0.894389 0.853847 0.839139 0.811579 0.964323 0.915102 0.833405 0.675279 0.791710 0.705735 0.626938 0.728112 0.780272 0.757220 0.852974 0.870240 0.803645 0.835336 0.704467 0.870880 0.460765 0.608525 0.768094 0.929613 0.534058 0.688941 0.453191 0.509434 0.737327 0.830785 0.864021 0.813203 0.921824 0.857213 0.830478 0.984782 0.704887 0.845930 0.978848 0.946822 0.924685 0.963824 0.786119 0.825056 0.414314 0.449460 0.746913 0.557318 0.627769 0.685069 0.915741 0.739291 0.855740 0.660744 0.970012 0.911431 0.902013 0.873130 0.864021 0.814031 0.894460 0.912660 0.824847 0.834364 0.992980 0.912580 0.968923 0.974588 0.917203 0.983844 0.984140 0.775602 0.824973 0.842826 0.968471 0.994761 0.918995 0.967128 0.855618 0.961839
0.598901 0.677553 0.737622 0.929783 0.741349 0.983624 0.628883 0.772257 0.867770 0.624716 0.753566 0.884451 0.774134 0.973881 0.772980 0.993047 0.587780 0.555412 0.000000 0.653518 0.975274 0.975493 0.746611 0.961275 0.965587 0.872490 0.901273 0.929951 0.586325 0.552101 0.729931 0.923550 0.566613 0.667528 0.844130 0.980086 0.841967 0.871368 0.902197 0.977795 0.933002 0.974239 0.823761 0.775721 0.867330 0.726598 0.639072 0.779373 0.789022 0.753443 0.844966 0.839843 0.914282 0.962330 0.754851 0.865447 0.592637 0.667578 0.736836 0.936450 0.623219 0.774630 0.457154 0.604507 0.865508 0.919321 0.806972 0.834644 0.896810 0.899215 0.953116 0.986563 0.752460 0.724523 0.992268 0.934021 0.834319 0.934237 0.893352 0.885383 0.532127 0.598310 0.822459 0.631616 0.695277 0.840840 0.852549 0.820201 0.730311 0.780170 0.845711 0.947718 0.993615 0.901983 0.903334 0.811394 0.835794 0.986905 0.729205 0.834485 0.842277 0.966398 0.856553 0.880295 0.916060 0.926242 0.930356 0.894912 0.834440 0.965226 0.902428 0.994692 0.851630 0.988093 0.883363 0.932350
0.740469 0.788525 0.718472 0.755618 0.893670 0.829960 0.686136 0.629918 0.972425 0.757501 0.711988 0.765428 0.744514 0.845030 0.974054 0.979420 0.746621 0.727280 0.653518 0.000000 0.951139 0.945972 0.805965 0.993186 0.973363 0.892121 0.914713 0.719926 0.872935 0.797893 0.944395 0.998665 0.716036 0.667181 0.770269 0.990988 0.948026 0.871100 0.959168 0.861015 0.895955 0.920886 0.909292 0.818159 0.856596 0.973028 0.918641 0.836748 0.898037 0.917574 0.997958 0.905385 0.825130 0.742863 0.970145 0.933334 0.835549 0.701444 0.661445 0.615652 0.674578 0.653291 0.739805 0.641720 0.912249 0.775537 0.828229 0.778021 0.951704 0.915631 0.968457 0.971091 0.870538 0.961985 0.846951 0.997663 0.797500 0.950202 0.874191 0.887065 0.633837 0.691797 0.956004 0.817867 0.816520 0.992175 0.828632 0.979577 0.923801 0.735520 0.925127 0.974469 0.969451 0.890530 0.930983 0.738358 0.798034 0.807794 0.812931 0.857236 0.876459 0.894806 0.799929 0.945511 0.724480 0.833102 0.943486 0.920755 0.826178 0.863186 0.692044 0.924668 0.910118 0.811204 0.882365 0.878009
0.893844 0.934209 0.855064 0.792684 0.816299 0.812903 0.911779 0.938631 0.981034 0.992375 0.871527 0.843906 0.986727 0.945356 0.993943 0.998529 0.966313 0.947948 0.975274 0.951139 0.000000 0.928026 0.840402 0.816688 0.878195 0.831564 0.930543 0.987429 0.913018 0.966659 0.919161 0.924204 0.940925 0.934314 0.862022 0.962318 0.895375 0.979924 0.827834 0.973034 0.923699 0.929176 0.987035 0.995559 0.944564 0.859766 0.882668 0.943984 0.922694 0.896920 0.992702 0.933821 0.858803 0.899560 0.982704 0.925413 0.966843 0.893791 0.930938 0.925352 0.988694 0.946413 0.988699 0.920395 0.860553 0.816878 0.813791 0.810869 0.925915 0.989067 0.942152 0.931810 0.958543 0.951762 0.989078 0.972805 0.905762 0.936691 0.949104 0.808793 0.975420 0.961802 0.952345 0.996556 0.861611 0.799915 0.965720 0.958942 0.941924 0.877485 0.947153 0.930268 0.991441 0.909034 0.899921 0.850859 0.948608 0.941410 0.988900 0.984478 0.903738 0.899616 0.977282 0.983626 0.777937 0.915091 0.981056 0.960591 0.825952 0.949404 0.945212 0.852507 0.965701 0.998411 0.946823 0.955766
0.956329 0.988461 0.856061 0.872581 0.852252 0.991039 0.928030 0.970829 0.954932 0.961179 0.970327 0.834330 0.866760 0.885462 0.899757 0.873598 0.957569 0.948978 0.975493 0.945972 0.928026 0.000000 0.976142 0.934079 0.877472 0.990621 0.983216 0.887698 0.869767 0.968680 0.983021 0.975926 0.893970 0.900069 0.898631 0.914534 0.957029 0.901013 0.914420 0.956006 0.937629 0.957348 0.755842 0.875085 0.902273 0.922026 0.805736 0.910633 0.888283 0.845220 0.775714 0.821381 0.850019 0.955045 0.867708 0.844628 0.903312 0.951028 0.870333 0.998428 0.971763 0.917874 0.976268 0.960761 0.877843 0.937135 0.819654 0.826618 0.989397 0.986008 0.954549 0.980072 0.905037 0.855550 0.967707 0.908445 0.943538 0.976795 0.982594 0.921899 0.993228 0.996883 0.986816 0.990538 0.995099 0.973513 0.779645 0.852067 0.989244 0.975544 0.854682 0.949791 0.793341 0.774346 0.942364 0.949723 0.899428 0.896685 0.835068 0.889532 0.892540 0.776227 0.932879 0.726513 0.974555 0.927558 0.835057 0.942242 0.980743 0.909339 0.985126 0.887114 0.880342 0.927317 0.994035 0.891210
0.810339 0.893551 0.648557 0.719986 0.664683 0.908231 0.589772 0.732193 0.635275 0.670691 0.990263 0.884094 0.855109 0.957596 0.700935 0.942299 0.827335 0.694851 0.746611 0.805965 0.840402 0.976142 0.000000 0.618108 0.755471 0.877530 0.983240 0.893286 0.883230 0.705356 0.530837 0.729014 0.602732 0.713653 0.819150 0.927754 0.690803 0.902443 0.923209 0.922716 0.982620 0.971499 0.755762 0.849065 0.730441 0.692154 0.681953 0.693523 0.767936 0.692861 0.779920 0.801618 0.930081 0.898272 0.842102 0.757161 0.697422 0.817572 0.862252 0.968061 0.672962 0.876026 0.624300 0.728520 0.642603 0.779710 0.753839 0.732414 0.878460 0.874977 0.872723 0.885358 0.792941 0.879563 0.890153 0.998330 0.973328 0.951299 0.820598 0.960233 0.591950 0.481531 0.645506 0.573264 0.421018 0.568362 0.842906 0.664615 0.847261 0.658498 0.877419 0.915223 0.846519 0.947936 0.866435 0.728826 0.813425 0.982996 0.714639 0.740882 0.846124 0.922329 0.951644 0.967613 0.779329 0.835104 0.924196 0.959180 0.775038 0.910497 0.848675 0.922683 0.971813 0.847953 0.888775 0.894225
0.997305 0.948632 0.874604 0.716580 0.895814 0.911343 0.913133 0.931736 0.936453 0.858788 0.891315 0.896160 0.936143 0.978126 0.922479 0.814217 0.939866 0.950897 0.961275 0.993186 0.816688 0.934079 0.618108 0.000000 0.734799 0.711037 0.743528 0.937497 0.847123 0.996517 0.794814 0.784693 0.940241 0.851481 0.998195 0.905994 0.792290 0.782446 0.857712 0.882258 0.940832 0.866360 0.920568 0.977363 0.973233 0.938700 0.872529 0.821104 0.975579 0.988291 0.936017 0.926733 0.848036 0.967521 0.870409 0.810765 0.989572 0.852638 0.836785 0.872120 0.895114 0.936323 0.945449 0.891020 0.728328 0.708917 0.806666 0.739490 0.846895 0.979840 0.894546 0.775047 0.999448 0.968483 0.960242 0.902438 0.936797 0.981205 0.884290 0.868232 0.851785 0.755103 0.831646 0.882803 0.672100 0.557865 0.909881 0.804257 0.937458 0.916064 0.941756 0.958718 0.911705 0.914082 0.981507 0.913213 0.971568 0.980103 0.992450 0.989334 0.835742 0.788122 0.889543 0.899735 0.829482 0.793842 0.904146 0.952024 0.893719 0.927957 0.897716 0.996566 0.974112 0.969689 0.933793 0.859177
0.856596 0.820560 0.710983 0.660076 0.790529 0.929195 0.786017 0.786614 0.949284 0.920631 0.967901 0.998521 0.926888 0.799977 0.867299 0.852482 0.885159 0.810162 0.965587 0.973363 0.878195 0.877472 0.755471 0.734799 0.000000 0.726314 0.826411 0.906485 0.993608 0.822577 0.725346 0.813319 0.787385 0.740728 0.748241 0.939908 0.861788 0.845824 0.818217 0.820910 0.916145 0.960572 0.541764 0.646973 0.801790 0.758874 0.670315 0.590739 0.878022 0.816564 0.713672 0.856094 0.815445 0.786579 0.991829 0.750164 0.893461 0.996442 0.900601 0.982224 0.850371 0.911905 0.928990 0.963176 0.576116 0.656554 0.707795 0.693808 0.707075 0.853326 0.754241 0.673314 0.795142 0.897441 0.894605 0.996398 0.884492 0.869179 0.819841 0.873978 0.683581 0.696329 0.845281 0.792960 0.679013 0.533606 0.987505 0.996480 0.929200 0.817679 0.866278 0.949195 0.879450 0.786347 0.801342 0.784038 0.930656 0.897454 0.892527 0.850676 0.800604 0.998736 0.979393 0.853919 0.874389 0.912412 0.884121 0.960392 0.931581 0.988051 0.954402 0.952102 0.896047 0.992405 0.826337 0.913611
0.807847 0.898116 0.915458 0.791168 0.809266 0.845681 0.889713 0.942944 0.983943 0.896289 0.916631 0.923924 0.924262 0.966132 0.999195 0.876304 0.920400 0.884905 0.872490 0.892121 0.831564 0.990621 0.877530 0.711037 0.726314 0.000000 0.803690 0.812972 0.973078 0.840127 0.754044 0.913311 0.827971 0.836539 0.959018 0.888607 0.797319 0.966153 0.739368 0.894233 0.892091 0.823188 0.851400 0.850081 0.894023 0.915000 0.849511 0.839080 0.831393 0.954206 0.832154 0.891299 0.856319 0.785531 0.850457 0.872751 0.859847 0.925740 0.877949 0.741134 0.988133 0.917350 0.872000 0.920909 0.759281 0.862862 0.772214 0.843353 0.850725 0.950718 0.769278 0.746627 0.804198 0.880629 0.804608 0.948669 0.902438 0.844860 0.981400 0.902283 0.872649 0.826293 0.825067 0.849389 0.811013 0.582948 0.911529 0.906675 0.944650 0.855530 0.934298 0.882990 0.948850 0.840604 0.889967 0.997898 0.914181 0.863865 0.899532 0.963477 0.925746 0.984695 0.899478 0.981142 0.941441 0.990828 0.940475 0.976249 0.999644 0.956981 0.931934 0.903290 0.974029 0.935568 0.842478 0.929534
0.993526 0.998332 0.926194 0.890553 0.921059 0.738784 0.931463 0.970965 0.878350 0.734866 0.871446 0.981308 0.850812 0.948979 0.928812 0.873867 0.989340 0.967025 0.901273 0.914713 0.930543 0.983216 0.983240 0.743528 0.826411 0.803690 0.000000 0.900247 0.813920 0.933183 0.956006 0.936551 0.919639 0.901416 0.900156 0.863488 0.951999 0.962522 0.680251 0.944789 0.721653 0.913140 0.882514 0.955336 0.934102 0.925350 0.888386 0.960292 0.915579 0.883128 0.903411 0.782188 0.911983 0.971176 0.883584 0.834572 0.952643 0.858921 0.804380 0.838920 0.871121 0.994931 0.903887 0.817607 0.907386 0.811999 0.984393 0.945861 0.868469 0.981644 0.838154 0.839188 0.971592 0.913194 0.946040 0.868659 0.998849 0.927966 0.990760 0.815482 0.942484 0.938657 0.978723 0.985186 0.960438 0.740971 0.952394 0.908680 0.784600 0.966017 0.956846 0.986857 0.952841 0.913382 0.933363 0.816456 0.964268 0.981608 0.921480 0.861404 0.915275 0.791838 0.889905 0.883561 0.901874 0.978144 0.932811 0.955288 0.895200 0.983280 0.842196 0.815766 0.993454 0.993198 0.911251 0.969309
0.959439 0.898071 0.830166 0.965617 0.869055 0.895923 0.761539 0.855566 0.870231 0.780898 0.825273 0.972473 0.908771 0.917105 0.962446 0.785170 0.894812 0.972098 0.929951 0.719926 0.987429 0.887698 0.893286 0.937497 0.906485 0.812972 0.900247 0.000000 0.968440 0.955661 0.912038 0.942017 0.871453 0.903803 0.991980 0.983294 0.952964 0.916831 0.995270 0.976151 0.921170 0.988847 0.895518 0.947725 0.926489 0.986330 0.939001 0.976559 0.973291 0.947660 0.962177 0.908754 0.856727 0.849726 0.972758 0.929085 0.996789 0.928574 0.784157 0.803717 0.750945 0.902748 0.903567 0.834953 0.959391 0.987264 0.967157 0.907767 0.970082 0.899593 0.915609 0.801486 0.942288 0.975381 0.913535 0.957950 0.958515 0.921486 0.965528 0.877739 0.865402 0.881017 0.941857 0.956780 0.888093 0.849570 0.921184 0.915828 0.964619 0.926859 0.913942 0.897579 0.922764 0.985473 0.961548 0.906363 0.835356 0.894423 0.938560 0.931477 0.981149 0.898277 0.986907 0.947875 0.911635 0.968301 0.977020 0.940473 0.805464 0.944772 0.865013 0.997330 0.915542 0.957138 0.940391 0.966170
0.694289 0.627216 0.940602 0.851564 0.919318 0.996610 0.868404 0.915707 0.810967 0.610690 0.745438 0.828075 0.724132 0.869540 0.664577 0.911281 0.559031 0.613809 0.586325 0.872935 0.913018 0.869767 0.883230 0.847123 0.993608 0.973078 0.813920 0.968440 0.000000 0.459194 0.718379 0.865219 0.661715 0.695270 0.874728 0.901770 0.827698 0.961754 0.902927 0.957434 0.935304 0.948086 0.827684 0.699925 0.735779 0.636630 0.645571 0.755017 0.670009 0.761554 0.849686 0.877365 0.650685 0.691736 0.813493 0.876204 0.679105 0.762369 0.921211 0.899053 0.708157 0.764124 0.582135 0.596603 0.991838 0.879766 0.993761 0.991375 0.990170 0.867071 0.901396 0.842976 0.652684 0.718212 0.908537 0.839486 0.980506 0.952535 0.874451 0.981939 0.649322 0.772717 0.850129 0.709721 0.909611 0.979321 0.977426 0.818357 0.934031 0.928840 0.892770 0.832212 0.803700 0.759371 0.969263 0.799991 0.974270 0.878454 0.867583 0.941297 0.897633 0.972101 0.911355 0.931971 0.902462 0.825564 0.888002 0.712628 0.976243 0.951451 0.993026 0.914258 0.756682 0.951645 0.896974 0.878909
0.630049 0.584702 0.867718 0.986974 0.715205 0.931232 0.739264 0.870507 0.796094 0.687446 0.748896 0.799584 0.666441 0.752970 0.562489 0.816566 0.487884 0.466709 0.552101 0.797893 0.966659 0.968680 0.705356 0.996517 0.822577 0.840127 0.933183 0.955661 0.459194 0.000000 0.559636 0.742848 0.522419 0.679314 0.760236 0.928266 0.780227 0.933344 0.945481 0.927153 0.971240 0.903319 0.772122 0.647814 0.683614 0.593912 0.608896 0.651569 0.619078 0.694494 0.811103 0.887810 0.688056 0.671679 0.711954 0.850511 0.571547 0.665471 0.933969 0.883860 0.592788 0.772148 0.458451 0.556834 0.851910 0.989420 0.957821 0.952997 0.897216 0.943881 0.972856 0.985063 0.710213 0.789227 0.992492 0.834559 0.982909 0.914206 0.693015 0.797283 0.466435 0.493760 0.632137 0.501075 0.667873 0.736675 0.908185 0.651782 0.888364 0.821335 0.933629 0.865710 0.815525 0.794118 0.882857 0.832089 0.976338 0.857961 0.816011 0.978995 0.836514 0.965190 0.979308 0.945527 0.923957 0.887190 0.909146 0.665116 0.946469 0.987282 0.977867 0.997992 0.845446 0.951595 0.931066 0.911468
0.879696 0.894360 0.787547 0.905227 0.676268 0.892954 0.744839 0.880473 0.820526 0.659988 0.854395 0.849079 0.916966 0.955095 0.723164 0.941629 0.762260 0.698621 0.729931 0.944395 0.919161 0.983021 0.530837 0.794814 0.725346 0.754044 0.956006 0.912038 0.718379 0.559636 0.000000 0.617774 0.537738 0.701309 0.775391 0.885150 0.754766 0.882025 0.919359 0.839754 0.986733 0.947381 0.668377 0.713269 0.530832 0.561406 0.604977 0.571665 0.577557 0.681583 0.659467 0.804962 0.740269 0.647938 0.791062 0.773406 0.738968 0.881013 0.958124 0.841578 0.768853 0.988178 0.645936 0.828153 0.865412 0.987978 0.769020 0.793810 0.759326 0.847960 0.812574 0.873379 0.683642 0.699351 0.984385 0.920117 0.914603 0.967665 0.898823 0.927818 0.646726 0.585803 0.662054 0.572897 0.625630 0.644602 0.968912 0.656295 0.945985 0.891238 0.963060 0.965101 0.950119 0.935644 0.942198 0.833446 0.931125 0.958372 0.699483 0.877553 0.954845 0.958258 0.922533 0.970883 0.983119 0.945022 0.847692 0.904205 0.923664 0.938540 0.944030 0.834898 0.921285 0.874943 0.986356 0.816344
0.957592 0.932371 0.876704 0.917926 0.916364 0.926300 0.948367 0.932257 0.987274 0.930632 0.996918 0.977208 0.929906 0.797970 0.663696 0.768736 0.912062 0.814717 0.923550 0.998665 0.924204 0.975926 0.729014 0.784693 0.813319 0.913311 0.936551 0.942017 0.865219 0.742848 0.617774 0.000000 0.746530 0.791922 0.858784 0.897400 0.891070 0.848466 0.872752 0.681826 0.945940 0.938880 0.817536 0.814666 0.767810 0.795765 0.690572 0.716254 0.894739 0.963359 0.971555 0.955996 0.920689 0.914588 0.786122 0.734920 0.890122 0.953221 0.842421 0.906079 0.970945 0.987572 0.869948 0.906638 0.867749 0.873142 0.817209 0.791083 0.842145 0.965045 0.936027 0.773645 0.926217 0.838002 0.928845 0.891812 0.999691 0.954283 0.792444 0.845264 0.838401 0.729527 0.740126 0.681804 0.790917 0.693501 0.840215 0.750475 0.962428 0.852119 0.951065 0.915344 0.900039 0.993130 0.880943 0.845064 0.993591 0.924094 0.835888 0.978638 0.952383 0.891060 0.938434 0.946715 0.901970 0.979311 0.979888 0.989149 0.999166 0.947361 0.966344 0.825103 0.916677 0.989033 0.934883 0.838340
0.651989 0.621281 0.599093 0.741255 0.781335 0.926261 0.535300 0.680025 0.748530 0.622396 0.851316 0.988538 0.845156 0.940443 0.723652 0.968135 0.631739 0.528522 0.566613 0.716036 0.940925 0.893970 0.602732 0.940241 0.787385 0.827971 0.919639 0.871453 0.661715 0.522419 0.537738 0.746530 0.000000 0.559922 0.719535 0.978292 0.876023 0.973463 0.885980 0.828917 0.997720 0.984049 0.646275 0.592202 0.660899 0.600812 0.641940 0.571311 0.698975 0.675131 0.714299 0.709076 0.783273 0.856111 0.844075 0.915306 0.589781 0.635125 0.675432 0.891081 0.563604 0.813515 0.493737 0.597382 0.712008 0.868076 0.673779 0.679656 0.917915 0.934902 0.873765 0.966828 0.760983 0.755463 0.899044 0.989964 0.891740 0.970541 0.904232 0.940366 0.481883 0.501877 0.730426 0.556897 0.588193 0.703596 0.932975 0.798036 0.856841 0.752589 0.916884 0.921696 0.910277 0.983782 0.771802 0.748088 0.878140 0.919595 0.582374 0.718601 0.887383 0.947409 0.996005 0.801484 0.883055 0.924226 0.825704 0.923650 0.832942 0.909658 0.842698 0.946063 0.919966 0.996973 0.823763 0.836381
0.603440 0.718613 0.595815 0.612355 0.862734 0.863312 0.577863 0.511849 0.894581 0.668888 0.679061 0.852279 0.854718 0.876993 0.934584 0.976786 0.745425 0.630902 0.667528 0.667181 0.934314 0.900069 0.713653 0.851481 0.740728 0.836539 0.901416 0.903803 0.695270 0.679314 0.701309 0.791922 0.559922 0.000000 0.720429 0.867944 0.819094 0.960205 0.919133 0.675152 0.939684 0.987226 0.682456 0.636890 0.869982 0.734484 0.646565 0.629586 0.902576 0.823301 0.767824 0.736331 0.936157 0.979715 0.940556 0.790212 0.782666 0.788083 0.684707 0.701938 0.632727 0.620522 0.628894 0.590027 0.688608 0.661002 0.558376 0.510872 0.845261 0.867146 0.914276 0.881128 0.700857 0.706114 0.942820 0.991616 0.874201 0.828760 0.877438 0.883218 0.581799 0.627275 0.952284 0.715307 0.659549 0.746473 0.849018 0.953276 0.892736 0.658101 0.857696 0.984346 0.892443 0.947792 0.841636 0.642634 0.817041 0.830807 0.591126 0.663354 0.785850 0.987355 0.816559 0.824812 0.747935 0.892915 0.972264 0.992141 0.820369 0.863099 0.798578 0.891414 0.886950 0.882503 0.812783 0.950637
0.792503 0.797068 0.781269 0.755520 0.960742 0.981912 0.788843 0.743450 0.968675 0.836326 0.874669 0.824870 0.923342 0.813214 0.924482 0.967204 0.795543 0.845745 0.844130 0.770269 0.862022 0.898631 0.819150 0.998195 0.748241 0.959018 0.900156 0.991980 0.874728 0.760236 0.775391 0.858784 0.719535 0.720429 0.000000 0.915707 0.810078 0.895867 0.936263 0.797408 0.878706 0.898212 0.654457 0.723851 0.797705 0.737507 0.779722 0.702946 0.859632 0.783635 0.752626 0.719727 0.871847 0.909983 0.872778 0.765397 0.906541 0.823606 0.799892 0.840429 0.788978 0.781693 0.836622 0.788018 0.803965 0.846957 0.759142 0.717996 0.919291 0.863476 0.780635 0.788501 0.863826 0.847923 0.928802 0.946366 0.872207 0.813558 0.789362 0.999788 0.762006 0.774972 0.861072 0.758925 0.813203 0.844535 0.871056 0.964556 0.944147 0.834353 0.932279 0.952497 0.851967 0.950083 0.801112 0.679771 0.906834 0.914193 0.712976 0.883704 0.982394 0.752210 0.861037 0.784088 0.972890 0.905428 0.853423 0.969419 0.868615 0.959798 0.901143 0.872706 0.943582 0.942985 0.969673 0.969271
0.935336 0.939814 0.888973 0.795536 0.778494 0.865272 0.926376 0.853981 0.976255 0.927054 0.805218 0.931031 0.963451 0.971495 0.917346 0.894937 0.923216 0.822405 0.980086 0.990988 0.962318 0.914534 0.927754 0.905994 0.939908 0.888607 0.863488 0.983294 0.901770 0.928266 0.885150 0.897400 0.978292 0.867944 0.915707 0.000000 0.824378 0.917386 0.871557 0.788846 0.916807 0.961134 0.943819 0.984373 0.963861 0.971655 0.961953 0.975932 0.996590 0.971538 0.961387 0.976434 0.967107 0.916587 0.833396 0.830406 0.923850 0.985056 0.920161 0.991171 0.921956 0.883237 0.941023 0.995570 0.839584 0.865575 0.939785 0.853054 0.802466 0.994473 0.728877 0.900304 0.840979 0.940118 0.851622 0.985783 0.981184 0.855175 0.950917 0.952939 0.915652 0.847756 0.989699 0.955313 0.890598 0.803857 0.969138 0.948562 0.927052 0.788972 0.945842 0.936889 0.876303 0.965033 0.761588 0.954176 0.880333 0.996606 0.884820 0.970244 0.971192 0.849812 0.995474 0.937357 0.985680 0.936544 0.955119 0.997942 0.957195 0.933994 0.987306 0.915386 0.943294 0.924770 0.972656 0.950861
0.933773 0.912598 0.930044 0.933551 0.808668 0.810352 0.944654 0.972814 0.851120 0.904947 0.946524 0.965375 0.909673 0.935727 0.859597 0.844465 0.824592 0.894389 0.841967 0.948026 0.895375 0.957029 0.690803 0.792290 0.861788 0.797319 0.951999 0.952964 0.827698 0.780227 0.754766 0.891070 0.876023 0.819094 0.810078 0.824378 0.000000 0.743457 0.936538 0.973470 0.955824 0.923200 0.822556 0.810252 0.801941 0.755129 0.825804 0.755028 0.776486 0.785526 0.812808 0.832116 0.789054 0.719427 0.825371 0.767280 0.850247 0.900946 0.939263 0.868842 0.938174 0.998779 0.840737 0.911517 0.861414 0.996771 0.938540 0.888234 0.927118 0.947378 0.826944 0.859655 0.941414 0.788241 0.834825 0.971788 0.986179 0.788888 0.819373 0.918587 0.871480 0.837650 0.792827 0.754591 0.825657 0.785089 0.952849 0.809832 0.988123 0.910231 0.971155 0.951174 0.874112 0.945703 0.980217 0.941534 0.900800 0.982816 0.858868 0.834376 0.968631 0.970991 0.851318 0.999255 0.915305 0.947598 0.795689 0.873397 0.982411 0.968484 0.967046 0.859877 0.907483 0.843625 0.785266 0.933887
0.734991 0.950179 0.997056 0.882062 0.892292 0.917526 0.908392 0.951783 0.921054 0.972291 0.827853 0.873804 0.788362 0.991811 0.969459 0.948537 0.894729 0.853847 0.871368 0.871100 0.979924 0.901013 0.902443 0.782446 0.845824 0.966153 0.962522 0.916831 0.961754 0.933344 0.882025 0.848466 0.973463 0.960205 0.895867 0.917386 0.743457 0.000000 0.965518 0.973917 0.981598 0.821828 0.686168 0.720700 0.692192 0.688856 0.781062 0.740819 0.808610 0.803980 0.716426 0.741423 0.844539 0.795008 0.997641 0.899865 0.833651 0.795879 0.891500 0.839752 0.779714 0.841173 0.870488 0.830146 0.932923 0.973375 0.780304 0.762832 0.805143 0.872686 0.839113 0.749957 0.925546 0.792098 0.986442 0.905993 0.891618 0.910186 0.896158 0.942090 0.898574 0.943153 0.938766 0.917484 0.977509 0.920894 0.982986 0.942415 0.816121 0.875562 0.915970 0.869486 0.802626 0.842770 0.887734 0.921468 0.941754 0.898191 0.879694 0.952590 0.848390 0.922917 0.908263 0.862564 0.941164 0.888289 0.911906 0.956445 0.918207 0.912767 0.973902 0.848384 0.975827 0.863252 0.957783 0.946772
