0.000000 0.299341 0.710710 0.693520 0.830254 0.601781 0.367933 0.387516 0.513184 0.511511 0.336923 0.244048 0.360441 0.360814 0.581911 0.667564 0.393999 0.389576 0.387587 0.434877 0.891552 0.985741 0.835576 0.983737 0.772633 0.914630 0.679871 0.819271 0.404060 0.459247 0.959207 0.953771 0.450147 0.393448 0.738704 0.834615 0.948722 0.946362 0.789083 0.992324 0.912996 0.782315 0.558542 0.563261 0.558712 0.520980 0.482089 0.476713 0.748736 0.646416 0.630230 0.519997 0.723992 0.857722 0.665415 0.561830 0.351438 0.308216 0.211653 0.260679 0.218503 0.309930 0.333659 0.307828 0.807421 0.669386 0.595112 0.538067 0.687949 0.718835 0.659571 0.807706 0.870719 0.882912 0.918070 0.979613 0.553861 0.795679 0.532730 0.807707 0.415745 0.612028 0.846211 0.641843 0.668075 0.804652 0.997232 0.930929 0.608764 0.544299 0.751966 0.703105 0.836448 0.815859 0.894845 0.800780 0.615416 0.836753 0.435326 0.402800 0.662477 0.688684 0.569884 0.637691 0.489863 0.443687 0.789164 0.615169 0.681050 0.679459 0.654780 0.705410 0.483028 0.837092 0.613002 0.852997
0.299341 0.000000 0.569699 0.495607 0.950384 0.635574 0.332115 0.325969 0.638089 0.681859 0.541626 0.386103 0.591435 0.384913 0.787591 0.773305 0.534388 0.529691 0.377594 0.351655 0.864903 0.891088 0.709457 0.779436 0.951883 0.842293 0.761251 0.827151 0.600400 0.548285 0.693743 0.674622 0.353227 0.302275 0.651006 0.959726 0.822055 0.880109 0.965300 0.897623 0.832186 0.825794 0.379195 0.396563 0.524593 0.521358 0.428802 0.369883 0.874104 0.629441 0.549478 0.452239 0.661885 0.771890 0.660491 0.529565 0.352264 0.335630 0.325128 0.267042 0.294015 0.267951 0.535079 0.487210 0.703020 0.483893 0.434536 0.360990 0.700103 0.627200 0.556894 0.637473 0.650329 0.714786 0.862725 0.892386 0.577053 0.659678 0.663092 0.767855 0.473651 0.626172 0.724818 0.700654 0.632108 0.590341 0.985892 0.964252 0.649402 0.462330 0.700187 0.845254 0.761167 0.886434 0.908197 0.785594 0.585396 0.875030 0.483211 0.497585 0.609571 0.693005 0.612981 0.760944 0.395727 0.394150 0.822685 0.606695 0.701160 0.654013 0.629978 0.708790 0.566273 0.756009 0.557911 0.964191
0.710710 0.569699 0.000000 0.208078 0.880686 0.799001 0.406938 0.517944 0.628963 0.975308 0.939212 0.850399 0.824261 0.793734 0.792617 0.638455 0.979608 0.973420 0.544915 0.485611 0.452844 0.721361 0.293853 0.413610 0.391507 0.310054 0.937523 0.819796 0.980238 0.935999 0.353518 0.567235 0.412034 0.434892 0.414177 0.727090 0.406338 0.656596 0.809848 0.695809 0.736802 0.968956 0.448534 0.657449 0.830193 0.946381 0.535017 0.528203 0.696141 0.978554 0.800732 0.882606 0.887883 0.850611 0.741964 0.844631 0.896657 0.850856 0.767190 0.707097 0.613024 0.562859 0.944145 0.977958 0.237535 0.283853 0.288464 0.330976 0.642693 0.736226 0.343263 0.424157 0.522592 0.620112 0.846971 0.831490 0.617383 0.503792 0.968581 0.782340 0.891609 0.739039 0.841235 0.985353 0.512590 0.441668 0.975587 0.745624 0.594274 0.702291 0.587444 0.757526 0.582835 0.620259 0.645642 0.707007 0.625580 0.891257 0.714207 0.676171 0.726687 0.882789 0.863612 0.988413 0.586182 0.500670 0.743009 0.781386 0.744848 0.804766 0.625708 0.888384 0.854061 0.828899 0.791158 0.905969
0.693520 0.495607 0.208078 0.000000 0.959855 0.739933 0.374960 0.440166 0.687611 0.978063 0.943348 0.770562 0.910552 0.731464 0.922788 0.697884 0.957487 0.988145 0.536560 0.425995 0.450224 0.763219 0.348995 0.380728 0.423108 0.321319 0.992437 0.875830 0.925344 0.956258 0.370881 0.531249 0.419467 0.409314 0.455083 0.688552 0.480569 0.613990 0.756108 0.754118 0.678077 0.933154 0.376291 0.554691 0.771896 0.890937 0.423856 0.464796 0.713598 0.955460 0.710898 0.780110 0.822072 0.768691 0.745509 0.786488 0.839566 0.833803 0.716739 0.630153 0.607553 0.472232 0.932168 0.975463 0.307284 0.210860 0.244557 0.245853 0.681859 0.757572 0.302328 0.351941 0.466300 0.577306 0.726800 0.771033 0.574244 0.475233 0.914791 0.742898 0.903374 0.793761 0.824548 0.988701 0.555339 0.429598 0.932706 0.818968 0.637874 0.689752 0.531813 0.757135 0.528515 0.651362 0.681097 0.628985 0.538392 0.827267 0.638819 0.640402 0.634527 0.822903 0.816330 0.959129 0.490019 0.488419 0.731224 0.719824 0.696374 0.748100 0.626627 0.834626 0.838674 0.796415 0.673550 0.832044
0.830254 0.950384 0.880686 0.959855 0.000000 0.988417 0.933046 0.969477 0.693493 0.757809 0.817835 0.864312 0.561467 0.814885 0.627529 0.680344 0.799272 0.820363 0.735152 0.979684 0.926602 0.908047 0.802090 0.951798 0.926655 0.895244 0.839230 0.998662 0.776911 0.795000 0.921323 0.830639 0.882655 0.925859 0.896421 0.829050 0.977766 0.867209 0.922232 0.672194 0.838989 0.938677 0.999800 0.970247 0.915146 0.909534 0.993893 0.992812 0.740186 0.945693 0.903209 0.909858 0.999360 0.817019 0.794413 0.990680 0.892838 0.739519 0.844106 0.981187 0.755408 0.927263 0.704415 0.751245 0.764632 0.961856 0.966634 0.911812 0.974784 0.941325 0.996559 0.777949 0.751687 0.787548 0.891134 0.881297 0.989717 0.924068 0.941990 0.869561 0.770392 0.841152 0.916269 0.726330 0.665942 0.954290 0.882759 0.879821 0.766546 0.832351 0.881805 0.954726 0.862304 0.938496 0.985323 0.959098 0.817061 0.846566 0.988728 0.960032 0.788456 0.909355 0.980194 0.923648 0.934390 0.870036 0.947133 0.865510 0.949646 0.829107 0.919409 0.854537 0.872923 0.938817 0.799801 0.885604
0.601781 0.635574 0.799001 0.739933 0.988417 0.000000 0.523947 0.456158 0.625146 0.547690 0.684886 0.610953 0.824640 0.789008 0.976229 0.925267 0.796457 0.784168 0.726133 0.676759 0.925617 0.844550 0.977460 0.896511 0.856593 0.981265 0.557070 0.963763 0.774987 0.866575 0.927914 0.991728 0.637334 0.628242 0.793089 0.988283 0.997148 0.936621 0.874533 0.990913 0.778539 0.919683 0.655864 0.616277 0.710216 0.717563 0.687308 0.710667 0.924207 0.770801 0.700169 0.665455 0.731512 0.765742 0.772956 0.734675 0.783001 0.748293 0.595122 0.476686 0.560934 0.481470 0.794894 0.745716 0.963263 0.699458 0.620728 0.562313 0.855945 0.606289 0.736452 0.712110 0.839878 0.897850 0.838480 0.885916 0.729015 0.768767 0.990331 0.903500 0.857955 0.976792 0.847175 0.989154 0.997295 0.972369 0.887265 0.825231 0.868997 0.890877 0.600947 0.619714 0.590414 0.680721 0.994478 0.710397 0.711329 0.713716 0.527561 0.582976 0.563586 0.642460 0.750476 0.652264 0.629031 0.695165 0.774175 0.712341 0.828351 0.810411 0.615785 0.660078 0.620398 0.837351 0.568498 0.829320
0.367933 0.332115 0.406938 0.374960 0.933046 0.523947 0.000000 0.183350 0.360525 0.467506 0.598256 0.414703 0.646686 0.571586 0.817115 0.733429 0.585119 0.585547 0.415027 0.388975 0.820185 0.761473 0.644935 0.837894 0.904742 0.736566 0.634750 0.880221 0.596469 0.580695 0.603084 0.749653 0.352741 0.251845 0.430053 0.908222 0.756774 0.843612 0.960848 0.903407 0.704077 0.826111 0.289720 0.334566 0.410585 0.465713 0.457278 0.382617 0.853574 0.588404 0.422687 0.429303 0.474980 0.518193 0.592506 0.615119 0.614120 0.547805 0.367914 0.371766 0.320799 0.279776 0.631771 0.529948 0.637117 0.453149 0.226067 0.258260 0.728518 0.696379 0.326346 0.452162 0.550560 0.654860 0.838917 0.902537 0.380465 0.567286 0.759080 0.854261 0.617823 0.763349 0.917581 0.912759 0.770554 0.773987 0.868703 0.703802 0.644114 0.664834 0.361147 0.470847 0.408143 0.503080 0.699623 0.625448 0.357898 0.677395 0.267307 0.324429 0.441049 0.537510 0.502897 0.639420 0.344607 0.324906 0.614408 0.499205 0.574423 0.582277 0.443316 0.605571 0.525304 0.645728 0.483076 0.840408
0.387516 0.325969 0.517944 0.440166 0.969477 0.456158 0.183350 0.000000 0.441145 0.448173 0.595106 0.371353 0.685943 0.536238 0.925943 0.846066 0.654944 0.646939 0.506442 0.404558 0.866383 0.803544 0.762438 0.903164 0.996933 0.792547 0.546480 0.819100 0.613925 0.636644 0.650570 0.736367 0.404038 0.301111 0.511822 0.942506 0.892972 0.874615 0.930294 0.942492 0.685517 0.810498 0.273887 0.311061 0.449337 0.464331 0.455919 0.424391 0.861777 0.577692 0.452377 0.418058 0.505096 0.534933 0.666377 0.590118 0.587967 0.567764 0.383111 0.323773 0.317853 0.207909 0.656793 0.539609 0.737351 0.434140 0.268460 0.259203 0.783036 0.679209 0.410758 0.452378 0.581994 0.650885 0.835313 0.867360 0.445290 0.634930 0.841151 0.856156 0.676802 0.853549 0.977035 0.986037 0.844211 0.828577 0.946866 0.710738 0.690126 0.690431 0.358228 0.515130 0.411625 0.556028 0.760545 0.646101 0.402698 0.648723 0.280936 0.327505 0.395579 0.496181 0.523985 0.673515 0.326318 0.339161 0.561616 0.511224 0.604728 0.557358 0.444234 0.563845 0.477717 0.662987 0.423086 0.832633
0.513184 0.638089 0.628963 0.687611 0.693493 0.625146 0.360525 0.441145 0.000000 0.410461 0.498467 0.533233 0.596192 0.755495 0.704987 0.697272 0.647795 0.639029 0.635291 0.654565 0.982070 0.839795 0.784302 0.916501 0.894638 0.952076 0.728864 0.794685 0.538323 0.640970 0.855362 0.989532 0.570714 0.485935 0.583158 0.988989 0.850216 0.976609 0.876711 0.891578 0.722423 0.849853 0.619610 0.618399 0.588623 0.637322 0.785596 0.734758 0.765351 0.828890 0.692537 0.728211 0.642464 0.757748 0.587169 0.794190 0.838727 0.674399 0.523704 0.626735 0.454009 0.488176 0.631475 0.557280 0.768674 0.748281 0.508474 0.596380 0.751415 0.717159 0.523958 0.702474 0.806492 0.873646 0.865870 0.952495 0.567845 0.825079 0.731075 0.999707 0.690416 0.818863 0.982662 0.827611 0.823256 0.967994 0.849466 0.788070 0.564299 0.852694 0.529458 0.450220 0.546561 0.472414 0.718465 0.822959 0.609060 0.725553 0.409436 0.469941 0.642559 0.695934 0.630095 0.796902 0.604568 0.544428 0.709912 0.550531 0.709813 0.779706 0.596217 0.726275 0.621136 0.746504 0.671811 0.943759
0.511511 0.681859 0.975308 0.978063 0.757809 0.547690 0.467506 0.448173 0.410461 0.000000 0.397309 0.407712 0.637167 0.748607 0.799196 0.889535 0.506584 0.474565 0.662748 0.735726 0.705961 0.955367 0.812650 0.534758 0.554460 0.703981 0.525643 0.766708 0.378514 0.484255 0.843405 0.795369 0.768984 0.621727 0.799529 0.835491 0.805830 0.891437 0.727490 0.989201 0.934609 0.747238 0.690073 0.556387 0.428254 0.411390 0.775625 0.744918 0.441987 0.546917 0.538125 0.511803 0.531061 0.646064 0.735824 0.636812 0.744600 0.657605 0.449799 0.599791 0.520961 0.529664 0.483008 0.377875 0.853091 0.974009 0.701330 0.775579 0.938344 0.844045 0.674088 0.832725 0.930298 0.909168 0.970310 0.914567 0.551032 0.911438 0.780252 0.962342 0.585475 0.872939 0.943766 0.821471 0.875166 0.701975 0.758205 0.743167 0.806854 0.918805 0.527229 0.436739 0.598339 0.558932 0.914797 0.797118 0.643371 0.709951 0.341251 0.419727 0.621000 0.569660 0.460030 0.610873 0.637548 0.659490 0.736315 0.659392 0.784807 0.720548 0.585847 0.632562 0.407179 0.715311 0.688902 0.920635
0.336923 0.541626 0.939212 0.943348 0.817835 0.684886 0.598256 0.595106 0.498467 0.397309 0.000000 0.305911 0.408109 0.501017 0.668968 0.808376 0.371498 0.367763 0.633588 0.651749 0.682256 0.892433 0.817321 0.627940 0.512477 0.622833 0.679641 0.656923 0.312663 0.404434 0.790491 0.835539 0.709707 0.628052 0.991585 0.703356 0.817975 0.873373 0.795353 0.993537 0.988470 0.715318 0.859458 0.717705 0.653976 0.585979 0.751795 0.800032 0.609303 0.712979 0.766443 0.690218 0.825262 0.992825 0.704994 0.710431 0.521897 0.428593 0.360115 0.479269 0.390164 0.495492 0.293127 0.265649 0.866188 0.976564 0.900165 0.875574 0.862018 0.840383 0.900154 0.928623 0.925270 0.924184 0.868427 0.987255 0.752883 0.925253 0.525849 0.922189 0.392090 0.625209 0.881100 0.601133 0.892126 0.912788 0.883018 0.989038 0.766267 0.757953 0.909381 0.751409 0.976546 0.916500 0.947062 0.928374 0.811776 0.881467 0.564106 0.587753 0.788243 0.766314 0.614618 0.705964 0.689545 0.644604 0.892556 0.733890 0.768850 0.752473 0.813293 0.844077 0.544354 0.953996 0.668831 0.893924
0.244048 0.386103 0.850399 0.770562 0.864312 0.610953 0.414703 0.371353 0.533233 0.407712 0.305911 0.000000 0.388864 0.348710 0.690235 0.718197 0.441524 0.409434 0.507245 0.495713 0.846356 0.915566 0.970137 0.876815 0.683458 0.813334 0.662760 0.691945 0.354185 0.409904 0.936064 0.991999 0.540047 0.441422 0.844387 0.829431 0.845777 0.927972 0.825623 0.991459 0.956245 0.817612 0.587605 0.535679 0.566983 0.513873 0.480437 0.556979 0.693821 0.639522 0.652352 0.536971 0.735518 0.872924 0.722052 0.573012 0.433322 0.422169 0.246283 0.337732 0.264387 0.285710 0.333671 0.281753 0.926665 0.707493 0.651736 0.592697 0.916562 0.838987 0.709208 0.844368 0.885155 0.887608 0.816805 0.958364 0.524769 0.835920 0.609347 0.829552 0.434203 0.678959 0.836897 0.626281 0.757696 0.891566 0.942686 0.914372 0.669592 0.664306 0.744676 0.689061 0.809736 0.830944 0.898093 0.741495 0.639864 0.777792 0.412913 0.437167 0.640782 0.680943 0.549645 0.651460 0.476942 0.449633 0.774245 0.686592 0.772259 0.671956 0.739185 0.669430 0.464235 0.865178 0.587205 0.871288
0.360441 0.591435 0.824261 0.910552 0.561467 0.824640 0.646686 0.685943 0.596192 0.637167 0.408109 0.388864 0.000000 0.389235 0.383465 0.457568 0.558932 0.563604 0.539086 0.686789 0.850633 0.898769 0.758421 0.964907 0.719489 0.802272 0.879506 0.859885 0.453976 0.498181 0.900775 0.853978 0.625613 0.672175 0.970269 0.666785 0.982233 0.837094 0.820355 0.892957 0.831454 0.940946 0.810727 0.849472 0.823313 0.758952 0.676370 0.699365 0.796081 0.921321 0.993857 0.871430 0.995701 0.805773 0.776188 0.837118 0.531605 0.463464 0.401145 0.536834 0.326221 0.542084 0.356903 0.399492 0.746055 0.838652 0.893170 0.873944 0.949182 0.847581 0.924726 0.877959 0.866481 0.812516 0.878290 0.933006 0.767555 0.943448 0.682239 0.782676 0.543981 0.667635 0.837970 0.655444 0.580964 0.856538 0.914067 0.854654 0.726146 0.739386 0.963161 0.854588 0.868043 0.985560 0.924390 0.878189 0.958070 0.951364 0.711352 0.618448 0.962236 0.866653 0.791684 0.843961 0.745427 0.532850 0.955343 0.909850 0.880925 0.879349 0.847915 0.844413 0.643414 0.978362 0.791714 0.951371
0.360814 0.384913 0.793734 0.731464 0.814885 0.789008 0.571586 0.536238 0.755495 0.748607 0.501017 0.348710 0.389235 0.000000 0.676201 0.569330 0.544892 0.517689 0.448713 0.531400 0.970079 0.924706 0.732782 0.817263 0.866394 0.944089 0.749971 0.868025 0.493411 0.424785 0.853341 0.767071 0.455673 0.503754 0.870478 0.793174 0.917889 0.964962 0.939572 0.928933 0.969202 0.906963 0.529522 0.505000 0.608961 0.535798 0.420412 0.517439 0.784033 0.633216 0.682380 0.565790 0.789545 0.936543 0.607784 0.626299 0.364805 0.421278 0.347614 0.371904 0.324606 0.410205 0.439949 0.423014 0.821237 0.667254 0.732271 0.608483 0.995044 0.874371 0.860243 0.869933 0.804560 0.842973 0.822152 0.895378 0.702583 0.721461 0.644632 0.620631 0.530993 0.667446 0.609373 0.589380 0.597482 0.661719 0.822970 0.911482 0.743093 0.524105 0.968800 0.968035 0.875693 0.843596 0.977603 0.836982 0.791391 0.977101 0.672632 0.634100 0.786632 0.913580 0.772217 0.863809 0.580264 0.551058 0.909627 0.864364 0.787033 0.691409 0.878141 0.832912 0.693334 0.896003 0.651382 0.988639
0.581911 0.787591 0.792617 0.922788 0.627529 0.976229 0.817115 0.925943 0.704987 0.799196 0.668968 0.690235 0.383465 0.676201 0.000000 0.445176 0.709525 0.706861 0.616058 0.828936 0.856494 0.977918 0.623259 0.939859 0.966940 0.976228 0.881853 0.964717 0.611135 0.672284 0.992612 0.874040 0.653282 0.788707 0.852867 0.886452 0.816085 0.916465 0.797821 0.828968 0.957046 0.918970 0.960515 0.952739 0.911359 0.930427 0.765129 0.773550 0.873077 0.932900 0.944338 0.984483 0.942333 0.770273 0.764535 0.830221 0.700886 0.665154 0.595487 0.774980 0.558990 0.781665 0.611837 0.654711 0.636849 0.905555 0.926165 0.973039 0.809433 0.696781 0.836665 0.940292 0.953924 0.933959 0.848716 0.998887 0.874957 0.996733 0.799028 0.912496 0.696557 0.710270 0.670839 0.685303 0.496027 0.764003 0.798442 0.996174 0.699772 0.731807 0.940585 0.946519 0.818855 0.969380 0.875673 0.772329 0.999027 0.916659 0.867441 0.794452 0.821341 0.973570 0.988194 0.976080 0.895957 0.688334 0.985429 0.982397 0.954144 0.952286 0.846094 0.946672 0.767891 0.959125 0.965776 0.984000
0.667564 0.773305 0.638455 0.697884 0.680344 0.925267 0.733429 0.846066 0.697272 0.889535 0.808376 0.718197 0.457568 0.569330 0.445176 0.000000 0.848248 0.813363 0.606091 0.749488 0.842134 0.985037 0.437739 0.669050 0.891413 0.878693 0.935018 0.924512 0.733033 0.719179 0.805661 0.940165 0.583771 0.708459 0.824092 0.901564 0.615409 0.940318 0.942876 0.799459 0.981897 0.881458 0.789956 0.878621 0.839949 0.870302 0.578465 0.670883 0.944870 0.993404 0.984305 0.937914 0.973615 0.879712 0.694251 0.932760 0.805167 0.782617 0.662184 0.778325 0.569716 0.739002 0.702033 0.726833 0.526935 0.737428 0.788037 0.814335 0.961805 0.857734 0.780251 0.890164 0.966200 0.954700 0.825451 0.897829 0.781171 0.739750 0.785237 0.831385 0.822702 0.756713 0.720730 0.751489 0.494194 0.658805 0.902564 0.998451 0.696941 0.728550 0.966167 0.958327 0.892777 0.972268 0.757566 0.798370 0.961660 0.946760 0.890138 0.766151 0.917478 0.922594 0.976067 0.982950 0.754304 0.729083 0.963359 0.972904 0.866765 0.984094 0.937140 0.916033 0.841058 0.920121 0.936009 0.998542
0.393999 0.534388 0.979608 0.957487 0.799272 0.796457 0.585119 0.654944 0.647795 0.506584 0.371498 0.441524 0.558932 0.544892 0.709525 0.848248 0.000000 0.277136 0.482021 0.593030 0.738753 0.982543 0.927511 0.811983 0.689442 0.743322 0.781041 0.884626 0.371942 0.325706 0.943787 0.932973 0.656113 0.622983 0.875910 0.841684 0.972150 0.943019 0.832765 0.975689 0.932346 0.776170 0.788615 0.653799 0.492381 0.468761 0.692799 0.663741 0.526046 0.537083 0.606560 0.577733 0.664003 0.839165 0.598924 0.561848 0.432951 0.357639 0.387170 0.551866 0.477421 0.616392 0.290142 0.275755 0.920937 0.939920 0.832376 0.802677 0.840311 0.858936 0.831643 0.920995 0.979539 0.905347 0.945080 0.999553 0.728655 0.942336 0.559169 0.819321 0.292045 0.490024 0.700057 0.497469 0.833006 0.988574 0.814490 0.972975 0.798264 0.552848 0.926477 0.881853 0.954623 0.996375 0.940237 0.952514 0.680459 0.965625 0.578713 0.675854 0.855186 0.866173 0.635400 0.638519 0.772214 0.719631 0.989898 0.866713 0.752714 0.789271 0.792158 0.861831 0.648865 0.801668 0.837891 0.947722
0.389576 0.529691 0.973420 0.988145 0.820363 0.784168 0.585547 0.646939 0.639029 0.474565 0.367763 0.409434 0.563604 0.517689 0.706861 0.813363 0.277136 0.000000 0.514035 0.606216 0.766388 0.980579 0.884292 0.760220 0.699668 0.732819 0.772424 0.858330 0.281220 0.277670 0.937053 0.995494 0.631765 0.588364 0.922818 0.741498 0.969038 0.955980 0.819925 0.993949 0.961966 0.714245 0.773676 0.623533 0.478500 0.424254 0.646841 0.650465 0.498901 0.466049 0.561120 0.528788 0.673738 0.820681 0.544390 0.501482 0.438343 0.365107 0.374493 0.566244 0.482660 0.609025 0.281919 0.241624 0.872524 0.909894 0.849339 0.820096 0.827964 0.875806 0.863805 0.937940 0.906911 0.887190 0.933692 0.971257 0.721960 0.874818 0.480323 0.841638 0.256083 0.411646 0.738866 0.404413 0.850140 0.973019 0.801068 0.972362 0.766122 0.615970 0.968687 0.858799 0.972305 0.992799 0.990699 0.808557 0.688923 0.932205 0.553926 0.648897 0.831859 0.824728 0.559029 0.535987 0.656297 0.691403 0.892040 0.849564 0.850546 0.728687 0.811712 0.847246 0.554803 0.736843 0.819569 0.990159
0.387587 0.377594 0.544915 0.536560 0.735152 0.726133 0.415027 0.506442 0.635291 0.662748 0.633588 0.507245 0.539086 0.448713 0.616058 0.606091 0.482021 0.514035 0.000000 0.460605 0.919351 0.915056 0.593043 0.787673 0.948288 0.902711 0.867854 0.976660 0.615835 0.586533 0.739189 0.852692 0.381244 0.389632 0.584333 0.938978 0.740279 0.966028 0.977729 0.899929 0.977262 0.845528 0.531495 0.555899 0.490778 0.514243 0.445679 0.435234 0.745205 0.641920 0.560176 0.564184 0.658178 0.753777 0.595456 0.540047 0.447563 0.375295 0.355298 0.409157 0.365983 0.480285 0.479698 0.523831 0.597144 0.644918 0.511952 0.495042 0.693872 0.777302 0.554068 0.710598 0.766374 0.849607 0.902561 0.906038 0.592492 0.592102 0.762264 0.739951 0.531537 0.664152 0.673138 0.680501 0.575867 0.691831 0.932165 0.915590 0.683936 0.536628 0.750322 0.779955 0.840006 0.812578 0.854212 0.723641 0.590627 0.912267 0.524746 0.532247 0.766128 0.865871 0.620871 0.744775 0.607539 0.452016 0.861633 0.718693 0.648964 0.679509 0.625217 0.739165 0.652294 0.778891 0.793998 0.919079
0.434877 0.351655 0.485611 0.425995 0.979684 0.676759 0.388975 0.404558 0.654565 0.735726 0.651749 0.495713 0.686789 0.531400 0.828936 0.749488 0.593030 0.606216 0.460605 0.000000 0.773593 0.879244 0.638661 0.668133 0.818198 0.720831 0.850317 0.921569 0.666189 0.647090 0.642086 0.592265 0.385401 0.388659 0.589323 0.879860 0.720844 0.810796 0.939567 0.928471 0.715702 0.858884 0.436220 0.482088 0.639171 0.648151 0.450031 0.355997 0.963198 0.697783 0.668960 0.644844 0.776644 0.789374 0.563576 0.544917 0.559512 0.548834 0.504347 0.409033 0.427733 0.364678 0.634307 0.610868 0.611731 0.451263 0.414157 0.370515 0.692514 0.690674 0.555192 0.632069 0.616420 0.674969 0.702351 0.818505 0.650734 0.750183 0.775103 0.785852 0.531406 0.557866 0.765642 0.756317 0.605763 0.590552 0.930940 0.912810 0.737124 0.542345 0.690538 0.867090 0.718606 0.856236 0.787098 0.794077 0.545665 0.819752 0.575494 0.580070 0.677210 0.743432 0.623344 0.871380 0.433441 0.520190 0.719373 0.750723 0.729472 0.693632 0.704394 0.874000 0.634199 0.687300 0.576869 0.969435
0.891552 0.864903 0.452844 0.450224 0.926602 0.925617 0.820185 0.866383 0.982070 0.705961 0.682256 0.846356 0.850633 0.970079 0.856494 0.842134 0.738753 0.766388 0.919351 0.773593 0.000000 0.740559 0.419741 0.412654 0.338082 0.351317 0.754287 0.875137 0.751909 0.873758 0.423225 0.569034 0.669372 0.731583 0.643142 0.734819 0.617934 0.719908 0.761952 0.807509 0.722283 0.683682 0.714617 0.874428 0.911430 0.809644 0.779063 0.808623 0.571621 0.816228 0.964244 0.887362 0.949746 0.980254 0.966233 0.994361 0.909954 0.843932 0.884403 0.992293 0.980370 0.860502 0.666100 0.695541 0.439815 0.477795 0.580773 0.598741 0.857904 0.839967 0.636224 0.588313 0.612260 0.682360 0.767490 0.727834 0.958790 0.760771 0.788239 0.876789 0.834273 0.905546 0.727673 0.901460 0.625771 0.517988 0.706251 0.937708 0.870128 0.868662 0.819912 0.910126 0.841003 0.885022 0.765234 0.766522 0.901410 0.933142 0.949393 0.971233 0.960519 0.957306 0.746914 0.712631 0.719733 0.776312 0.846116 0.984108 0.900956 0.956488 0.935664 0.933352 0.956668 0.954104 0.860658 0.996880
0.985741 0.891088 0.721361 0.763219 0.908047 0.844550 0.761473 0.803544 0.839795 0.955367 0.892433 0.915566 0.898769 0.924706 0.977918 0.985037 0.982543 0.980579 0.915056 0.879244 0.740559 0.000000 0.779489 0.858508 0.804326 0.819624 0.992020 0.824418 0.938617 0.997994 0.743928 0.924221 0.842512 0.843990 0.717281 0.952130 0.771055 0.862307 0.998820 0.850857 0.758347 0.897098 0.792668 0.832510 0.793316 0.902028 0.968416 0.739636 0.995283 0.842993 0.833248 0.859751 0.703829 0.686130 0.891499 0.826736 0.922059 0.928228 0.945802 0.939530 0.967161 0.944090 0.896603 0.982782 0.860803 0.895830 0.687378 0.798724 0.814398 0.831129 0.732269 0.703068 0.877566 0.734114 0.852118 0.776519 0.846409 0.745645 0.920292 0.874740 0.914650 0.995370 0.992828 0.938805 0.982743 0.926206 0.960434 0.898728 0.916785 0.816583 0.675445 0.810531 0.710308 0.726503 0.770073 0.816245 0.727946 0.899435 0.802196 0.853989 0.818256 0.873431 0.929754 0.856937 0.799665 0.797565 0.807966 0.862437 0.875604 0.848800 0.796286 0.916150 0.981739 0.695045 0.845011 0.999577
0.835576 0.709457 0.293853 0.348995 0.802090 0.977460 0.644935 0.762438 0.784302 0.812650 0.817321 0.970137 0.758421 0.732782 0.623259 0.437739 0.927511 0.884292 0.593043 0.638661 0.419741 0.779489 0.000000 0.272030 0.400921 0.387660 0.772721 0.765210 0.918059 0.996746 0.372165 0.561664 0.435440 0.585266 0.528251 0.795204 0.400865 0.707420 0.817400 0.742996 0.805218 0.831294 0.577033 0.798637 0.926090 0.988657 0.582140 0.595657 0.714843 0.874671 0.964437 0.993574 0.998570 0.983629 0.719805 0.907875 0.916811 0.906868 0.870655 0.829156 0.665512 0.713875 0.936338 0.909379 0.216513 0.393219 0.507170 0.521099 0.802857 0.786146 0.568818 0.589061 0.639456 0.738250 0.734818 0.793953 0.792474 0.548502 0.935140 0.727354 0.991005 0.827853 0.698394 0.976280 0.365610 0.364785 0.773329 0.961290 0.669042 0.663295 0.877538 0.972270 0.896104 0.893722 0.663320 0.728738 0.842483 0.974217 0.920718 0.844223 0.990799 0.929911 0.914351 0.787568 0.708158 0.593618 0.927701 0.938286 0.891442 0.945909 0.815899 0.968458 0.982515 0.864354 0.883049 0.924173
0.983737 0.779436 0.413610 0.380728 0.951798 0.896511 0.837894 0.903164 0.916501 0.534758 0.627940 0.876815 0.964907 0.817263 0.939859 0.669050 0.811983 0.760220 0.787673 0.668133 0.412654 0.858508 0.272030 0.000000 0.306660 0.354563 0.688887 0.749489 0.664523 0.845854 0.372456 0.411289 0.596523 0.735301 0.641215 0.709993 0.480828 0.668977 0.702348 0.814579 0.830813 0.768822 0.663272 0.872423 0.904159 0.832384 0.649517 0.674481 0.503942 0.825017 0.956883 0.911072 0.890850 0.940080 0.867339 0.950742 0.946013 0.964646 0.930234 0.943139 0.888789 0.837934 0.761719 0.719275 0.349650 0.407822 0.618028 0.573261 0.846492 0.891047 0.731538 0.647831 0.654394 0.727431 0.775808 0.759972 0.966018 0.670160 0.891964 0.682303 0.896393 0.871431 0.736749 0.959641 0.484749 0.337559 0.761273 0.925590 0.859553 0.680465 0.965992 0.744454 0.977488 0.885986 0.762443 0.867946 0.873723 0.957655 0.854452 0.941038 0.928233 0.830416 0.781106 0.706794 0.814790 0.773722 0.943805 0.968807 0.983265 0.963492 0.979736 0.839144 0.784407 0.969530 0.939268 0.966181
0.772633 0.951883 0.391507 0.423108 0.926655 0.856593 0.904742 0.996933 0.894638 0.554460 0.512477 0.683458 0.719489 0.866394 0.966940 0.891413 0.689442 0.699668 0.948288 0.818198 0.338082 0.804326 0.400921 0.306660 0.000000 0.222991 0.607392 0.716346 0.608739 0.778912 0.337081 0.489698 0.708465 0.814703 0.620284 0.617436 0.422978 0.505574 0.620945 0.696578 0.793319 0.830041 0.793405 0.992984 0.856635 0.714615 0.806099 0.858404 0.513177 0.745307 0.949309 0.795750 0.827324 0.950697 0.912004 0.992016 0.824210 0.783406 0.741392 0.816514 0.878146 0.987949 0.564213 0.560581 0.381794 0.492364 0.650682 0.652698 0.772345 0.898097 0.625276 0.617165 0.554348 0.613423 0.839215 0.838113 0.950997 0.653744 0.743345 0.814296 0.870504 0.836587 0.747435 0.950751 0.569126 0.366772 0.839156 0.957270 0.860824 0.797750 0.968230 0.802012 0.873057 0.995184 0.766868 0.802602 0.925994 0.932943 0.805663 0.812661 0.916180 0.767615 0.796204 0.730228 0.929655 0.921235 0.936472 0.892011 0.946285 0.969222 0.981997 0.774580 0.714237 0.993001 0.953660 0.999373
0.914630 0.842293 0.310054 0.321319 0.895244 0.981265 0.736566 0.792547 0.952076 0.703981 0.622833 0.813334 0.802272 0.944089 0.976228 0.878693 0.743322 0.732819 0.902711 0.720831 0.351317 0.819624 0.387660 0.354563 0.222991 0.000000 0.804201 0.772043 0.682698 0.796773 0.286018 0.454584 0.626117 0.700871 0.611604 0.570557 0.387299 0.516797 0.649346 0.721045 0.715375 0.841710 0.628377 0.866515 0.930476 0.813942 0.704074 0.790104 0.530141 0.788473 0.942966 0.906868 0.919824 0.955112 0.883822 0.996114 0.828607 0.819790 0.850415 0.960832 0.969418 0.808123 0.580789 0.624056 0.354809 0.366563 0.498631 0.514192 0.812659 0.850847 0.508307 0.478081 0.487482 0.555713 0.860035 0.771676 0.849832 0.641379 0.714654 0.812243 0.884937 0.878289 0.851606 0.864224 0.606057 0.417686 0.844749 0.942098 0.774305 0.823927 0.754916 0.998743 0.693488 0.822766 0.754100 0.768497 0.827260 0.961142 0.998409 0.984161 0.857667 0.942212 0.901347 0.764569 0.776138 0.801455 0.802791 0.924361 0.907399 0.953253 0.829679 0.924283 0.891953 0.913198 0.939390 0.926473
0.679871 0.761251 0.937523 0.992437 0.839230 0.557070 0.634750 0.546480 0.728864 0.525643 0.679641 0.662760 0.879506 0.749971 0.881853 0.935018 0.781041 0.772424 0.867854 0.850317 0.754287 0.992020 0.772721 0.688887 0.607392 0.804201 0.000000 0.836770 0.684518 0.728010 0.977087 0.975422 0.866561 0.704256 0.928871 0.891647 0.777099 0.931162 0.766562 0.673123 0.998353 0.789694 0.673862 0.538060 0.575612 0.538592 0.797469 0.774800 0.761127 0.594631 0.600191 0.527631 0.570460 0.593845 0.837054 0.766662 0.863760 0.842569 0.643048 0.547195 0.659087 0.637266 0.766090 0.656691 0.699286 0.981189 0.769904 0.718342 0.878380 0.900009 0.863857 0.843625 0.815614 0.900437 0.899963 0.911818 0.774613 0.941290 0.906561 0.858526 0.929103 0.929997 0.835349 0.917987 0.627158 0.663310 0.855456 0.890171 0.982028 0.930561 0.628796 0.657975 0.671665 0.766750 0.848138 0.966150 0.702329 0.754399 0.563377 0.598841 0.426778 0.540354 0.651485 0.715513 0.789933 0.860543 0.732494 0.547772 0.682122 0.764018 0.750526 0.625031 0.688742 0.709324 0.662944 0.985442
0.819271 0.827151 0.819796 0.875830 0.998662 0.963763 0.880221 0.819100 0.794685 0.766708 0.656923 0.691945 0.859885 0.868025 0.964717 0.924512 0.884626 0.858330 0.976660 0.921569 0.875137 0.824418 0.765210 0.749489 0.716346 0.772043 0.836770 0.000000 0.775185 0.794457 0.835578 0.949493 0.996170 0.876204 0.941757 0.990482 0.723627 0.943683 0.922186 0.829020 0.902674 0.916072 0.953374 0.858595 0.813423 0.812906 0.955265 0.912402 0.750356 0.830274 0.834366 0.795977 0.815212 0.886846 0.904952 0.915941 0.940177 0.866352 0.819548 0.894639 0.821494 0.821568 0.777552 0.684728 0.791256 0.912740 0.998678 0.991988 0.858445 0.841174 0.991370 0.862489 0.946464 0.935110 0.984258 0.924617 0.841079 0.960517 0.706064 0.832591 0.887537 0.935969 0.887129 0.924172 0.841008 0.821118 0.978383 0.990664 0.926975 0.839454 0.893789 0.790908 0.903051 0.879465 0.997077 0.953496 0.939379 0.839984 0.759227 0.840451 0.830770 0.778744 0.830089 0.841704 0.882506 0.809457 0.994645 0.740225 0.837262 0.918791 0.926392 0.845359 0.795881 0.966818 0.763324 0.966381
0.404060 0.600400 0.980238 0.925344 0.776911 0.774987 0.596469 0.613925 0.538323 0.378514 0.312663 0.354185 0.453976 0.493411 0.611135 0.733033 0.371942 0.281220 0.615835 0.666189 0.751909 0.938617 0.918059 0.664523 0.608739 0.682698 0.684518 0.775185 0.000000 0.257501 0.917199 0.906711 0.624672 0.627298 0.918221 0.701953 0.901588 0.912380 0.736324 0.930990 0.984535 0.737555 0.796311 0.664801 0.479512 0.422756 0.720859 0.710650 0.479288 0.545182 0.643587 0.579263 0.693771 0.843868 0.634779 0.524922 0.555777 0.483908 0.415857 0.575874 0.428995 0.563683 0.268292 0.217246 0.868174 0.912775 0.875892 0.883901 0.955861 0.848720 0.891066 0.958599 0.899208 0.864448 0.951252 0.913193 0.664592 0.947506 0.490914 0.935320 0.363723 0.560664 0.750550 0.485889 0.860922 0.955923 0.897519 0.998320 0.754474 0.692709 0.918070 0.822539 0.996978 0.942332 0.964586 0.846368 0.792114 0.902764 0.530389 0.600904 0.851396 0.811010 0.587280 0.720768 0.650694 0.687409 0.802406 0.802645 0.877811 0.651676 0.865618 0.807069 0.563381 0.718852 0.723015 0.944037
0.459247 0.548285 0.935999 0.956258 0.795000 0.866575 0.580695 0.636644 0.640970 0.484255 0.404434 0.409904 0.498181 0.424785 0.672284 0.719179 0.325706 0.277670 0.586533 0.647090 0.873758 0.997994 0.996746 0.845854 0.778912 0.796773 0.728010 0.794457 0.257501 0.000000 0.954162 0.921752 0.604807 0.578382 0.918475 0.736591 0.975847 0.913108 0.830804 0.975282 0.980275 0.805362 0.697213 0.573187 0.444228 0.430201 0.636544 0.664710 0.521084 0.494759 0.578273 0.540993 0.659289 0.826606 0.570813 0.530074 0.507823 0.478709 0.419757 0.623781 0.472065 0.580252 0.310215 0.248004 0.923237 0.973188 0.823383 0.804678 0.978828 0.927206 0.837061 0.974608 0.797022 0.758981 0.951130 0.936710 0.631780 0.828832 0.564665 0.822298 0.316554 0.477768 0.575924 0.446408 0.817440 0.925022 0.872721 0.976755 0.778540 0.613447 0.989469 0.922134 0.937318 0.951207 0.956195 0.893291 0.750628 0.962370 0.595645 0.680627 0.821553 0.893122 0.629578 0.703933 0.658579 0.716145 0.922909 0.883929 0.905344 0.771066 0.928928 0.917844 0.629912 0.771906 0.763315 0.892682
0.959207 0.693743 0.353518 0.370881 0.921323 0.927914 0.603084 0.650570 0.855362 0.843405 0.790491 0.936064 0.900775 0.853341 0.992612 0.805661 0.943787 0.937053 0.739189 0.642086 0.423225 0.743928 0.372165 0.372456 0.337081 0.286018 0.977087 0.835578 0.917199 0.954162 0.000000 0.333963 0.429825 0.549834 0.506869 0.704313 0.449285 0.537493 0.806247 0.883299 0.652445 0.995895 0.477405 0.657026 0.781164 0.874367 0.651590 0.654175 0.711030 0.949412 0.728049 0.853038 0.844830 0.761722 0.694924 0.804388 0.981287 0.966530 0.990414 0.876988 0.764307 0.678421 0.841728 0.896575 0.473615 0.427000 0.428394 0.447846 0.751797 0.786114 0.528871 0.456671 0.389232 0.523391 0.839540 0.697736 0.832797 0.588063 0.902586 0.753232 0.983589 0.798644 0.686896 0.915314 0.638969 0.475512 0.915099 0.987876 0.777664 0.704945 0.764075 0.916550 0.747133 0.917966 0.726102 0.775377 0.671737 0.898570 0.883506 0.899646 0.818393 0.948138 0.990411 0.902584 0.709673 0.660003 0.747795 0.850809 0.845920 0.802040 0.792928 0.963990 0.923604 0.727824 0.772082 0.943504
0.953771 0.674622 0.567235 0.531249 0.830639 0.991728 0.749653 0.736367 0.989532 0.795369 0.835539 0.991999 0.853978 0.767071 0.874040 0.940165 0.932973 0.995494 0.852692 0.592265 0.569034 0.924221 0.561664 0.411289 0.489698 0.454584 0.975422 0.949493 0.906711 0.921752 0.333963 0.000000 0.551732 0.632336 0.718364 0.788859 0.664648 0.611849 0.747635 0.973573 0.788328 0.950387 0.535746 0.599988 0.855686 0.854270 0.637915 0.642426 0.719466 0.894866 0.749695 0.808972 0.899710 0.857679 0.722248 0.773042 0.931770 0.982572 0.973166 0.837723 0.827378 0.714407 0.845905 0.926217 0.667586 0.523925 0.599338 0.521968 0.940198 0.944715 0.724687 0.608522 0.449934 0.493631 0.899067 0.699981 0.928040 0.665780 0.966025 0.728838 0.944539 0.788602 0.746394 0.993044 0.758566 0.523507 0.917008 0.882631 0.892669 0.760655 0.954090 0.775323 0.902524 0.900671 0.832852 0.898956 0.742605 0.927249 0.958245 0.981382 0.808599 0.935859 0.993328 0.847070 0.680342 0.762931 0.867899 0.851880 0.972264 0.939695 0.952525 0.886577 0.998997 0.732509 0.800392 0.957533
0.450147 0.353227 0.412034 0.419467 0.882655 0.637334 0.352741 0.404038 0.570714 0.768984 0.709707 0.540047 0.625613 0.455673 0.653282 0.583771 0.656113 0.631765 0.381244 0.385401 0.669372 0.842512 0.435440 0.596523 0.708465 0.626117 0.866561 0.996170 0.624672 0.604807 0.429825 0.551732 0.000000 0.280952 0.441776 0.882038 0.639496 0.857345 0.977996 0.904670 0.706450 0.922983 0.399325 0.478463 0.541674 0.582689 0.448923 0.449348 0.989031 0.711779 0.606164 0.632681 0.730401 0.798536 0.498282 0.541870 0.555331 0.528216 0.476486 0.415611 0.323705 0.358570 0.639205 0.614093 0.503655 0.441551 0.378513 0.349930 0.714540 0.677280 0.488878 0.561272 0.544845 0.652355 0.774615 0.718248 0.632386 0.576921 0.782759 0.673650 0.592407 0.568257 0.656981 0.725875 0.472294 0.475279 0.913059 0.996500 0.638395 0.534792 0.739699 0.930047 0.761823 0.866575 0.772681 0.620903 0.617308 0.872966 0.559400 0.597112 0.700995 0.777551 0.742398 0.825602 0.466949 0.412315 0.772015 0.750299 0.725969 0.642883 0.722134 0.840342 0.676039 0.722470 0.540952 0.989369
0.393448 0.302275 0.434892 0.409314 0.925859 0.628242 0.251845 0.301111 0.485935 0.621727 0.628052 0.441422 0.672175 0.503754 0.788707 0.708459 0.622983 0.588364 0.389632 0.388659 0.731583 0.843990 0.585266 0.735301 0.814703 0.700871 0.704256 0.876204 0.627298 0.578382 0.549834 0.632336 0.280952 0.000000 0.485968 0.858669 0.791314 0.825306 0.984690 0.878906 0.787514 0.827449 0.344728 0.382129 0.476875 0.516815 0.447465 0.411846 0.894053 0.624880 0.517154 0.510262 0.600704 0.636829 0.583209 0.569763 0.580698 0.528167 0.412245 0.389130 0.328293 0.310222 0.626020 0.555046 0.611731 0.454690 0.300810 0.296263 0.726571 0.713505 0.398547 0.497320 0.565887 0.617124 0.840891 0.822067 0.498033 0.575175 0.706020 0.738263 0.589906 0.656422 0.761161 0.793143 0.661679 0.641092 0.972224 0.989025 0.631696 0.575015 0.561504 0.703504 0.561611 0.701446 0.755482 0.729602 0.502656 0.837386 0.424668 0.460535 0.519315 0.637543 0.603255 0.735411 0.448160 0.393886 0.602447 0.554165 0.674849 0.625426 0.608319 0.766460 0.546581 0.714576 0.574783 0.955676
0.738704 0.651006 0.414177 0.455083 0.896421 0.793089 0.430053 0.511822 0.583158 0.799529 0.991585 0.844387 0.970269 0.870478 0.852867 0.824092 0.875910 0.922818 0.584333 0.589323 0.643142 0.717281 0.528251 0.641215 0.620284 0.611604 0.928871 0.941757 0.918221 0.918475 0.506869 0.718364 0.441776 0.485968 0.000000 0.745648 0.687731 0.795734 0.954292 0.841628 0.644214 0.895428 0.520284 0.612120 0.637111 0.755889 0.739807 0.574063 0.941693 0.843648 0.675294 0.770917 0.638290 0.660298 0.680159 0.696758 0.838609 0.851574 0.766559 0.671704 0.678496 0.656902 0.966808 0.928789 0.513951 0.544547 0.343886 0.437907 0.651844 0.726991 0.407928 0.493639 0.605097 0.644196 0.915477 0.799577 0.602187 0.670535 0.977681 0.870553 0.886967 0.875378 0.869768 0.992896 0.709895 0.657641 0.950032 0.920013 0.815418 0.701243 0.502944 0.718729 0.541465 0.581432 0.610925 0.717192 0.589367 0.760993 0.654833 0.660942 0.768686 0.806910 0.789732 0.959028 0.686039 0.535120 0.854911 0.746844 0.692880 0.681616 0.639846 0.901187 0.879093 0.815791 0.676356 0.985613
0.834615 0.959726 0.727090 0.688552 0.829050 0.988283 0.908222 0.942506 0.988989 0.835491 0.703356 0.829431 0.666785 0.793174 0.886452 0.901564 0.841684 0.741498 0.938978 0.879860 0.734819 0.952130 0.795204 0.709993 0.617436 0.570557 0.891647 0.990482 0.701953 0.736591 0.704313 0.788859 0.882038 0.858669 0.745648 0.000000 0.732482 0.852933 0.825397 0.886692 0.848108 0.855335 0.840099 0.934213 0.988333 0.883502 0.981077 0.931865 0.790836 0.895777 0.910185 0.967425 0.896796 0.833270 0.929482 0.979161 0.821187 0.834278 0.794861 0.887758 0.871331 0.969431 0.699980 0.687706 0.775461 0.745092 0.724115 0.772650 0.937170 0.889919 0.699011 0.708621 0.692907 0.818911 0.947418 0.912552 0.893386 0.972481 0.849603 0.919262 0.876219 0.907923 0.973291 0.855198 0.950206 0.762679 0.923334 0.915281 0.917623 0.974237 0.765626 0.955757 0.694851 0.795407 0.988471 0.968137 0.803209 0.952625 0.991225 0.906012 0.862066 0.929511 0.986740 0.819935 0.977308 0.957267 0.962981 0.916851 0.848590 0.928508 0.838797 0.982764 0.796816 0.991750 0.980486 0.991231
0.948722 0.822055 0.406338 0.480569 0.977766 0.997148 0.756774 0.892972 0.850216 0.805830 0.817975 0.845777 0.982233 0.917889 0.816085 0.615409 0.972150 0.969038 0.740279 0.720844 0.617934 0.771055 0.400865 0.480828 0.422978 0.387299 0.777099 0.723627 0.901588 0.975847 0.449285 0.664648 0.639496 0.791314 0.687731 0.732482 0.000000 0.510579 0.724348 0.702502 0.693250 0.984195 0.686690 0.900419 0.906211 0.974295 0.681921 0.764514 0.845209 0.995520 0.867085 0.960633 0.978717 0.942553 0.670607 0.936187 0.977660 0.984201 0.989415 0.965407 0.900026 0.887981 0.862934 0.873832 0.435715 0.617052 0.636503 0.648424 0.705487 0.779922 0.627939 0.639289 0.601880 0.706661 0.895979 0.829232 0.803364 0.596488 0.997165 0.881788 0.896921 0.753593 0.713379 0.954892 0.527022 0.443728 0.949073 0.999614 0.712440 0.632649 0.929934 0.995295 0.894683 0.930088 0.780135 0.759032 0.915127 0.932725 0.951572 0.938953 0.989468 0.798650 0.912680 0.914244 0.837741 0.855283 0.976616 0.958317 0.757273 0.991737 0.809802 0.929728 0.876115 0.811905 0.987114 0.998724
0.946362 0.880109 0.656596 0.613990 0.867209 0.936621 0.843612 0.874615 0.976609 0.891437 0.873373 0.927972 0.837094 0.964962 0.916465 0.940318 0.943019 0.955980 0.966028 0.810796 0.719908 0.862307 0.707420 0.668977 0.505574 0.516797 0.931162 0.943683 0.912380 0.913108 0.537493 0.611849 0.857345 0.825306 0.795734 0.852933 0.510579 0.000000 0.664657 0.779948 0.828509 0.922946 0.791962 0.876008 0.933371 0.989977 0.707984 0.830779 0.885854 0.979001 0.840521 0.942557 0.964744 0.916120 0.852819 0.945615 0.910766 0.922003 0.947640 0.912433 0.991538 0.878212 0.837625 0.906288 0.699275 0.695400 0.751368 0.735843 0.773680 0.914310 0.699354 0.720920 0.475788 0.593981 0.860128 0.992445 0.852411 0.718655 0.860428 0.887294 0.926871 0.852588 0.737336 0.907429 0.730186 0.552183 0.970359 0.887628 0.825611 0.737419 0.949433 0.927263 0.879788 0.974782 0.718742 0.843094 0.846165 0.831613 0.952808 0.930516 0.909648 0.813411 0.925490 0.881157 0.891659 0.977808 0.838327 0.916911 0.889494 0.992126 0.961374 0.838697 0.872707 0.800588 0.937986 0.915930
