0.000000 0.610981 0.789407 0.872086 0.877796 0.937085 0.644746 0.810610 0.986385 0.925186 0.699843 0.765136 0.737087 0.877621 0.912350 0.918906 0.572882 0.588599 0.489854 0.658857 0.853820 0.918309 0.997730 0.993343 0.833475 0.885570 0.946825 0.962985 0.685317 0.720722 0.877612 0.991686 0.674932 0.596279 0.885749 0.953863 0.940817 0.813435 0.919494 0.915776 0.948803 0.865613 0.823686 0.669607 0.980685 0.890127 0.744138 0.826793 0.936474 0.868374 0.818794 0.951684 0.982319 0.944527 0.857839 0.893224 0.504537 0.600119 0.608359 0.789985 0.626987 0.860907 0.620520 0.753792 0.803927 0.861759 0.828051 0.839637 0.845290 0.732004 0.980439 0.996114 0.790349 0.810699 0.999860 0.971010 0.746521 0.807650 0.917665 0.776053 0.613856 0.626721 0.824610 0.703029 0.694213 0.792342 0.884911 0.930001 0.946601 0.830632 0.924131 0.972923 0.872158 0.997671 0.943028 0.935521 0.896168 0.958608 0.911744 0.771997 0.860628 0.941528 0.820053 0.742316 0.946334 0.996088 0.912895 0.949208 0.815488 0.800611 0.853314 0.951353 0.935374 0.988237 0.866559 0.836785
0.610981 0.000000 0.955315 0.897430 0.828561 0.946609 0.808367 0.672633 0.952777 0.747838 0.836728 0.538012 0.614563 0.615689 0.693576 0.653135 0.565146 0.546252 0.610224 0.650261 0.885620 0.942691 0.848122 0.946918 0.986012 0.916738 0.891124 0.950333 0.569147 0.622753 0.805077 0.904240 0.512750 0.559584 0.912592 0.862537 0.895765 0.966386 0.855529 0.874749 0.967961 0.910506 0.794290 0.610432 0.726813 0.663008 0.645945 0.637822 0.814829 0.732106 0.679987 0.631381 0.788701 0.871827 0.841111 0.880571 0.523718 0.441917 0.681935 0.855852 0.512477 0.616341 0.474868 0.496379 0.889009 0.889042 0.848619 0.783708 0.881082 0.668582 0.877510 0.906653 0.934329 0.914374 0.930828 0.943268 0.718029 0.910480 0.647685 0.777145 0.456282 0.559207 0.694150 0.627382 0.723381 0.780093 0.970023 0.876809 0.995729 0.858674 0.934407 0.851059 0.909410 0.867240 0.855266 0.819498 0.858919 0.922241 0.691909 0.746819 0.870675 0.956485 0.763143 0.821497 0.876636 0.969101 0.891166 0.935017 0.870077 0.869711 0.843832 0.920532 0.918345 0.866375 0.694744 0.945591
0.789407 0.955315 0.000000 0.449582 0.998021 0.989618 0.371561 0.597480 0.722802 0.992863 0.898810 0.775318 0.801401 0.840961 0.871582 0.828067 0.847943 0.825892 0.786828 0.911923 0.756337 0.878965 0.801595 0.810279 0.504221 0.606993 0.963987 0.918364 0.798027 0.705964 0.908559 0.991368 0.786133 0.770432 0.672493 0.889845 0.833947 0.976034 0.834195 0.774451 0.998534 0.793950 0.634131 0.817982 0.819318 0.843911 0.682463 0.847588 0.780430 0.994935 0.868659 0.795639 0.979253 0.812163 0.848912 0.777980 0.965564 0.899331 0.560826 0.647963 0.742832 0.945247 0.841090 0.759403 0.386898 0.535557 0.504959 0.551606 0.985137 0.794650 0.956949 0.896187 0.881367 0.892300 0.921778 0.942981 0.761964 0.875654 0.866400 0.989979 0.982112 0.989640 0.836080 0.956775 0.636020 0.759143 0.694631 0.814475 0.748722 0.645286 0.641944 0.627638 0.579383 0.523717 0.942661 0.811430 0.914114 0.933675 0.766333 0.694550 0.655543 0.817378 0.995344 0.930062 0.597697 0.663050 0.977251 0.812029 0.810199 0.986408 0.964067 0.953585 0.989919 0.802201 0.780995 0.694585
0.872086 0.897430 0.449582 0.000000 0.848792 0.976691 0.541139 0.471150 0.931641 0.833005 0.985027 0.948650 0.942298 0.954518 0.782586 0.933614 0.754441 0.799215 0.918911 0.910493 0.754576 0.889029 0.794786 0.649608 0.623773 0.613367 0.962418 0.836221 0.714598 0.652915 0.990636 0.993796 0.849817 0.694873 0.642891 0.848175 0.824257 0.892604 0.717665 0.690880 0.985346 0.833531 0.751731 0.860533 0.765214 0.809366 0.767753 0.836997 0.683638 0.854103 0.903862 0.764983 0.851306 0.715405 0.945077 0.750132 0.878616 0.893582 0.706785 0.633670 0.839866 0.802974 0.875998 0.866239 0.416627 0.355073 0.399661 0.380522 0.761781 0.768786 0.795887 0.707707 0.731868 0.803441 0.945193 0.876431 0.670032 0.747104 0.987746 0.969999 0.981734 0.994007 0.828808 0.926057 0.688018 0.659151 0.730588 0.762720 0.965664 0.589971 0.645246 0.679701 0.565397 0.589195 0.980079 0.736722 0.857423 0.908707 0.682676 0.748735 0.663326 0.808153 0.959435 0.966866 0.504883 0.606181 0.926651 0.692400 0.816193 0.979674 0.906018 0.981245 0.971583 0.786640 0.804566 0.691161
0.877796 0.828561 0.998021 0.848792 0.000000 0.775590 0.929373 0.960696 0.892563 0.869088 0.785767 0.904031 0.732761 0.910823 0.775005 0.863807 0.719064 0.732352 0.829587 0.854264 0.859141 0.749016 0.827432 0.934329 0.950794 0.969006 0.940818 0.993134 0.868424 0.747657 0.796479 0.952366 0.853537 0.915032 0.945348 0.884864 0.835095 0.922830 0.979915 0.890511 0.869135 0.919685 0.940831 0.979135 0.759102 0.827906 0.897317 0.910324 0.778103 0.815922 0.844448 0.959787 0.835255 0.791729 0.882352 0.962737 0.708539 0.782628 0.921115 0.805757 0.765515 0.907229 0.731095 0.836517 0.979860 0.907910 0.920644 0.946309 0.933347 0.828740 0.790183 0.986207 0.809474 0.951854 0.911970 0.894802 0.896895 0.979126 0.886766 0.841110 0.742360 0.723442 0.805507 0.750430 0.748165 0.728856 0.959855 0.720230 0.940418 0.968262 0.985650 0.896359 0.939295 0.850554 0.841749 0.963704 0.983781 0.944669 0.992981 0.970371 0.871372 0.821977 0.981069 0.909400 0.998819 0.801907 0.988978 0.896240 0.984389 0.971134 0.978149 0.949937 0.999345 0.824379 0.864085 0.921212
0.937085 0.946609 0.989618 0.976691 0.775590 0.000000 0.952515 0.910830 0.906082 0.956588 0.963839 0.901983 0.955437 0.907154 0.938325 0.792497 0.907137 0.873016 0.970377 0.847533 0.850333 0.971734 0.849867 0.835087 0.959502 0.847016 0.856025 0.845833 0.943073 0.956940 0.862383 0.985753 0.928805 0.896386 0.911071 0.908020 0.738831 0.986870 0.917293 0.965964 0.777528 0.986638 0.872570 0.778203 0.928814 0.951730 0.927021 0.971238 0.901792 0.963939 0.861016 0.958476 0.807625 0.801274 0.905540 0.828197 0.987545 0.915079 0.750085 0.741556 0.997452 0.924724 0.975685 0.924684 0.937020 0.979672 0.997125 0.972940 0.819738 0.797120 0.875832 0.943141 0.871037 0.790335 0.930195 0.929469 0.995849 0.898636 0.993010 0.961000 0.966013 0.996388 0.927886 0.934475 0.823150 0.771987 0.882045 0.785333 0.909934 0.976439 0.772951 0.787748 0.746037 0.846065 0.929883 0.897225 0.835645 0.964000 0.906349 0.978118 0.953894 0.925322 0.943962 0.956468 0.925524 0.992642 0.954291 0.979182 0.928159 0.888371 0.904086 0.964736 0.879739 0.982121 0.914360 0.946690
0.644746 0.808367 0.371561 0.541139 0.929373 0.952515 0.000000 0.577235 0.673389 0.922128 0.886234 0.926243 0.635495 0.999152 0.940540 0.978607 0.997672 0.979420 0.707364 0.833516 0.834122 0.951487 0.730899 0.873143 0.610553 0.675469 0.943518 0.994309 0.921897 0.876741 0.890002 0.913188 0.685799 0.709663 0.717292 0.990703 0.832391 0.898513 0.884339 0.889530 0.982906 0.899482 0.650922 0.750855 0.893998 0.968763 0.703361 0.801404 0.881431 0.884251 0.780166 0.734885 0.919039 0.902246 0.866573 0.916617 0.860798 0.907718 0.483071 0.671375 0.531497 0.827724 0.930295 0.953189 0.432362 0.606018 0.609105 0.659908 0.957682 0.871806 0.998359 0.959641 0.906804 0.884508 0.920745 0.985173 0.730909 0.859105 0.945549 0.996263 0.824190 0.833592 0.986612 0.885134 0.500920 0.727484 0.799384 0.965795 0.707138 0.645959 0.693346 0.664197 0.716300 0.669793 0.942573 0.840059 0.926110 0.927763 0.724715 0.626327 0.721200 0.810912 0.980906 0.918353 0.654825 0.741987 0.900545 0.913577 0.728103 0.929480 0.842106 0.938472 0.956098 0.891072 0.739460 0.712934
0.810610 0.672633 0.597480 0.471150 0.960696 0.910830 0.577235 0.000000 0.988220 0.850237 0.935346 0.720425 0.737600 0.795319 0.953839 0.915237 0.962122 0.952569 0.878759 0.723767 0.954135 0.977309 0.774548 0.799356 0.920194 0.976528 0.916393 0.983295 0.993677 0.937622 0.991979 0.986318 0.753627 0.549850 0.755956 0.966951 0.916669 0.988362 0.987538 0.783496 0.896611 0.857572 0.786518 0.823012 0.878106 0.962397 0.737797 0.785512 0.758841 0.947716 0.768388 0.586388 0.986076 0.816494 0.912849 0.994269 0.958826 0.825465 0.551482 0.525515 0.543280 0.427098 0.828266 0.733613 0.607178 0.473687 0.558037 0.466915 0.715182 0.980224 0.828168 0.714712 0.789298 0.818100 0.930892 0.900640 0.600419 0.748938 0.850298 0.938144 0.728953 0.889947 0.929715 0.945690 0.706887 0.788570 0.774002 0.825126 0.935493 0.585324 0.669080 0.833993 0.706849 0.819372 0.855957 0.718376 0.686573 0.971472 0.512565 0.601204 0.653437 0.871216 0.702012 0.901333 0.494555 0.603297 0.945442 0.743769 0.798803 0.810707 0.677997 0.851314 0.928296 0.999449 0.705881 0.807273
0.986385 0.952777 0.722802 0.931641 0.892563 0.906082 0.673389 0.988220 0.000000 0.722323 0.984241 0.758260 0.885766 0.734906 0.975591 0.859355 0.868126 0.781629 0.968099 0.819153 0.926944 0.960297 0.741514 0.970644 0.850675 0.827004 0.931756 0.954616 0.825171 0.797720 0.931133 0.794683 0.947563 0.880866 0.904855 0.986800 0.801258 0.987800 0.970808 0.827199 0.987673 0.922402 0.888669 0.950224 0.895218 0.962746 0.963195 0.979129 0.804684 0.772189 0.851846 0.819828 0.765947 0.872357 0.919150 0.974590 0.957827 0.992572 0.826991 0.992354 0.857881 0.865406 0.915643 0.837177 0.759430 0.925997 0.986945 0.909431 0.869938 0.797538 0.877650 0.716891 0.832417 0.851087 0.978356 0.975793 0.953427 0.964914 0.821380 0.819538 0.864225 0.932348 0.999424 0.950753 0.757343 0.971017 0.893019 0.920411 0.760278 0.883021 0.832290 0.726232 0.716198 0.794572 0.983439 0.989296 0.892392 0.938421 0.903342 0.894008 0.871740 0.875125 0.887396 0.983318 0.956886 0.932991 0.981338 0.929277 0.901651 0.988351 0.880388 0.902337 0.976447 0.929029 0.958905 0.984047
0.925186 0.747838 0.992863 0.833005 0.869088 0.956588 0.922128 0.850237 0.722323 0.000000 0.819524 0.830824 0.852093 0.974281 0.845604 0.997574 0.731328 0.789516 0.801998 0.823517 0.815270 0.998048 0.775912 0.895520 0.870002 0.773022 0.795964 0.851486 0.643659 0.714860 0.747896 0.965917 0.685628 0.805339 0.974329 0.927198 0.889108 0.970673 0.605276 0.876827 0.832007 0.992453 0.841615 0.775386 0.644744 0.647973 0.834610 0.840876 0.608532 0.634060 0.653694 0.707303 0.668376 0.743852 0.872990 0.810261 0.687776 0.673554 0.780027 0.967585 0.716837 0.785800 0.676046 0.672295 0.865312 0.759602 0.922472 0.900662 0.881952 0.847222 0.893101 0.870909 0.894131 0.922828 0.848803 0.988231 0.999794 0.922747 0.943425 0.959800 0.709060 0.835815 0.874165 0.754372 0.929472 0.864667 0.965873 0.762795 0.888115 0.775555 0.937166 0.901027 0.995965 0.816357 0.920232 0.789911 0.734630 0.823383 0.822804 0.857720 0.805890 0.955370 0.666638 0.803957 0.907165 0.974251 0.811978 0.877531 0.929792 0.800532 0.778703 0.870560 0.936527 0.676431 0.908676 0.910856
0.699843 0.836728 0.898810 0.985027 0.785767 0.963839 0.886234 0.935346 0.984241 0.819524 0.000000 0.806197 0.843107 0.993938 0.917329 0.906135 0.625277 0.621654 0.643818 0.629722 0.770034 0.975524 0.934224 0.834528 0.995939 0.932770 0.937670 0.884009 0.685031 0.710517 0.813745 0.990061 0.775471 0.653736 0.986877 0.910773 0.977995 0.840389 0.960558 0.972688 0.959771 0.966220 0.894804 0.864149 0.998940 0.999109 0.987041 0.965632 0.998125 0.917669 0.946277 0.817895 0.934658 0.967889 0.987027 0.889227 0.730731 0.838528 0.859714 0.929842 0.806530 0.972537 0.721869 0.836065 0.915107 0.942795 0.974425 0.925831 0.905029 0.776771 0.921728 0.862386 0.591031 0.770198 0.976518 0.792723 0.914101 0.869521 0.863710 0.783919 0.728157 0.743440 0.958906 0.904777 0.997879 0.999162 0.743971 0.977859 0.899010 0.980798 0.665851 0.666386 0.803275 0.776930 0.957585 0.831740 0.948753 0.926180 0.894582 0.949902 0.981575 0.884995 0.877801 0.961857 0.977578 0.774067 0.972928 0.817401 0.977613 0.802891 0.928367 0.967370 0.840779 0.980539 0.944868 0.990705
0.765136 0.538012 0.775318 0.948650 0.904031 0.901983 0.926243 0.720425 0.758260 0.830824 0.806197 0.000000 0.662752 0.502262 0.705588 0.636450 0.567775 0.493681 0.788033 0.539665 0.818022 0.961051 0.921513 0.998667 0.679470 0.653998 0.890077 0.907823 0.526584 0.503615 0.971381 0.835328 0.691597 0.632257 0.990077 0.903661 0.983875 0.953813 0.767009 0.960641 0.897513 0.897698 0.943853 0.813348 0.854138 0.755629 0.921922 0.818229 0.949947 0.926806 0.796383 0.787449 0.954971 0.927355 0.967493 0.829003 0.628592 0.486629 0.863934 0.874434 0.596025 0.517388 0.451890 0.367179 0.859381 0.989930 0.923382 0.921033 0.870591 0.648425 0.893442 0.781264 0.873856 0.887790 0.946947 0.912363 0.756264 0.796626 0.559594 0.779810 0.469373 0.598979 0.683671 0.708521 0.894639 0.935225 0.900470 0.871351 0.784839 0.990193 0.823746 0.687714 0.747845 0.635648 0.720055 0.857524 0.856546 0.851642 0.823127 0.843508 0.996434 0.988863 0.658165 0.916191 0.881081 0.992532 0.997415 0.947057 0.987043 0.769340 0.744529 0.857113 0.919325 0.737146 0.841332 0.882301
0.737087 0.614563 0.801401 0.942298 0.732761 0.955437 0.635495 0.737600 0.885766 0.852093 0.843107 0.662752 0.000000 0.574605 0.523582 0.593307 0.712277 0.677723 0.742910 0.638623 0.959083 0.939774 0.667723 0.894683 0.972486 0.927912 0.864921 0.916982 0.720415 0.705059 0.799524 0.858661 0.632582 0.719534 0.879572 0.918682 0.798705 0.913571 0.859971 0.921146 0.963931 0.997444 0.898998 0.802117 0.890683 0.792511 0.767253 0.714931 0.991271 0.730559 0.773679 0.712390 0.841611 0.851802 0.829533 0.956589 0.693680 0.586135 0.757811 0.828094 0.398885 0.641552 0.619173 0.652063 0.808277 0.938020 0.951561 0.935512 0.782097 0.879725 0.998663 0.958273 0.980103 0.946848 0.974005 0.842456 0.842568 0.915611 0.713413 0.799188 0.566151 0.577049 0.699796 0.704282 0.553168 0.817788 0.916287 0.772463 0.890568 0.975314 0.981075 0.896453 0.881823 0.879712 0.885222 0.877510 0.970995 0.994418 0.764013 0.796658 0.940510 0.938510 0.910605 0.910981 0.868793 0.915795 0.978005 0.822475 0.964814 0.830405 0.877953 0.826404 0.990639 0.875119 0.655135 0.998317
0.877621 0.615689 0.840961 0.954518 0.910823 0.907154 0.999152 0.795319 0.734906 0.974281 0.993938 0.502262 0.574605 0.000000 0.510005 0.433375 0.698104 0.593275 0.939363 0.692480 0.803508 0.971446 0.863991 0.880880 0.870344 0.719875 0.904485 0.990159 0.640807 0.529275 0.826153 0.700045 0.688014 0.670720 0.953030 0.928620 0.971191 0.918128 0.805603 0.946744 0.925993 0.990420 0.900032 0.712306 0.773094 0.661653 0.778174 0.639643 0.960719 0.831305 0.783603 0.750763 0.876822 0.808092 0.959614 0.947222 0.794665 0.651517 0.962079 0.952143 0.603666 0.583335 0.584500 0.513104 0.965200 0.947584 0.952639 0.930223 0.692438 0.722555 0.958348 0.762070 0.909958 0.916194 0.919178 0.872687 0.927510 0.926555 0.639677 0.694170 0.563110 0.580098 0.599069 0.711778 0.771840 0.790395 0.811118 0.821961 0.869030 0.889554 0.836515 0.717288 0.703677 0.717241 0.778278 0.863339 0.992113 0.992673 0.799209 0.915573 0.949637 0.987738 0.817849 0.989639 0.983362 0.992525 0.920826 0.790103 0.868809 0.777197 0.836515 0.727782 0.891011 0.796053 0.770694 0.981602
0.912350 0.693576 0.871582 0.782586 0.775005 0.938325 0.940540 0.953839 0.975591 0.845604 0.917329 0.705588 0.523582 0.510005 0.000000 0.491699 0.668848 0.609347 0.830863 0.867855 0.877915 0.946245 0.644617 0.876813 0.906157 0.790384 0.898590 0.974090 0.616225 0.544322 0.704460 0.660072 0.638065 0.852550 0.970518 0.809974 0.861241 0.917158 0.813663 0.871000 0.924524 0.994199 0.856089 0.727117 0.611225 0.552054 0.713602 0.625687 0.734166 0.578805 0.738704 0.716186 0.688435 0.639422 0.854495 0.957380 0.653184 0.628562 0.988375 0.824644 0.632851 0.804950 0.584475 0.616152 0.990942 0.856885 0.819186 0.868088 0.861581 0.776203 0.895378 0.946467 0.899759 0.918724 0.919047 0.858939 0.986026 0.901514 0.692904 0.829071 0.588852 0.557626 0.489531 0.580025 0.651490 0.765571 0.584741 0.590793 0.951692 0.861805 0.847917 0.842339 0.718087 0.768680 0.881586 0.928647 0.977829 0.866999 0.848092 0.912187 0.983766 0.951861 0.934995 0.987142 0.917418 0.902662 0.944921 0.732396 0.923499 0.926080 0.904575 0.721936 0.760016 0.726108 0.790867 0.846604
0.918906 0.653135 0.828067 0.933614 0.863807 0.792497 0.978607 0.915237 0.859355 0.997574 0.906135 0.636450 0.593307 0.433375 0.491699 0.000000 0.815593 0.716189 0.930612 0.822426 0.840631 0.947757 0.679788 0.691072 0.896014 0.850931 0.935454 0.950911 0.727446 0.653963 0.750780 0.684958 0.746434 0.804531 0.945500 0.834110 0.849055 0.850896 0.885727 0.981755 0.948125 0.911086 0.981689 0.878639 0.710626 0.640940 0.823302 0.628635 0.854739 0.788587 0.751300 0.790352 0.811781 0.726813 0.956672 0.963058 0.768383 0.676839 0.850004 0.854455 0.696401 0.721584 0.619947 0.597481 0.984028 0.982824 0.913583 0.968278 0.675866 0.793566 0.952684 0.784671 0.979128 0.922776 0.961750 0.954966 0.945032 0.959478 0.657010 0.728175 0.631720 0.584969 0.520453 0.629890 0.658534 0.674410 0.728326 0.653429 0.838998 0.891745 0.928166 0.856090 0.783486 0.811047 0.907161 0.939634 0.875233 0.886836 0.799352 0.941509 0.974543 0.912675 0.925614 0.935756 0.989792 0.958420 0.923796 0.818104 0.934316 0.867581 0.965585 0.779599 0.877323 0.770572 0.830443 0.959544
0.572882 0.565146 0.847943 0.754441 0.719064 0.907137 0.997672 0.962122 0.868126 0.731328 0.625277 0.567775 0.712277 0.698104 0.668848 0.815593 0.000000 0.363324 0.544015 0.580579 0.958187 0.949265 0.998861 0.887290 0.872699 0.804603 0.964157 0.878199 0.399339 0.384959 0.762954 0.805411 0.578548 0.676127 0.953199 0.920168 0.989121 0.921540 0.801074 0.885122 0.942044 0.813231 0.926000 0.622149 0.688484 0.625125 0.738330 0.734648 0.695099 0.703950 0.707199 0.944044 0.812920 0.780870 0.840310 0.872394 0.423987 0.502291 0.850332 0.917022 0.675812 0.832566 0.427730 0.509678 0.826292 0.807645 0.851267 0.911111 0.861489 0.552884 0.972216 0.984343 0.616462 0.643341 0.993936 0.905839 0.892941 0.940671 0.674548 0.661728 0.415383 0.507067 0.604299 0.630603 0.864613 0.896809 0.972068 0.738958 0.915052 0.945132 0.694071 0.661839 0.633594 0.684181 0.875495 0.921969 0.920167 0.940629 0.960142 0.945749 0.995431 0.878574 0.793590 0.820207 0.879374 0.736718 0.924700 0.754767 0.948784 0.759399 0.885971 0.907897 0.897267 0.779636 0.849698 0.918777
0.588599 0.546252 0.825892 0.799215 0.732352 0.873016 0.979420 0.952569 0.781629 0.789516 0.621654 0.493681 0.677723 0.593275 0.609347 0.716189 0.363324 0.000000 0.569918 0.531872 0.979051 0.926254 0.983619 0.915233 0.786466 0.749992 0.928205 0.940481 0.412487 0.350189 0.817124 0.772234 0.584133 0.619095 0.896534 0.919707 0.953173 0.910738 0.874184 0.983422 0.885895 0.898938 0.988865 0.662041 0.761566 0.685749 0.784347 0.792993 0.831042 0.799120 0.806179 0.984355 0.908384 0.845819 0.909894 0.824988 0.415181 0.484952 0.856466 0.969662 0.636418 0.763992 0.386322 0.441370 0.805577 0.860455 0.878517 0.953806 0.915721 0.494795 0.923641 0.923650 0.589464 0.670658 0.983147 0.907295 0.840225 0.940832 0.606803 0.617880 0.409668 0.457976 0.597833 0.609474 0.888407 0.865592 0.890479 0.767845 0.854714 0.944070 0.658972 0.571330 0.567838 0.610583 0.810553 0.938201 0.893752 0.886693 0.979054 0.927286 0.959491 0.821462 0.748909 0.879267 0.933502 0.819229 0.951612 0.766080 0.981050 0.709397 0.820426 0.865195 0.957177 0.800476 0.846071 0.956115
0.489854 0.610224 0.786828 0.918911 0.829587 0.970377 0.707364 0.878759 0.968099 0.801998 0.643818 0.788033 0.742910 0.939363 0.830863 0.930612 0.544015 0.569918 0.000000 0.557289 0.864030 0.934524 0.840978 0.953714 0.841297 0.859295 0.953479 0.964132 0.600654 0.670730 0.708070 0.878958 0.529301 0.609239 0.865754 0.940584 0.787412 0.988552 0.991833 0.982700 0.945777 0.766426 0.761311 0.625565 0.860078 0.767966 0.624560 0.759601 0.836580 0.740973 0.806892 0.900303 0.954953 0.978655 0.801674 0.978375 0.490588 0.628359 0.694155 0.918719 0.691160 0.913400 0.590663 0.779557 0.890043 0.918283 0.803215 0.798360 0.792971 0.697333 0.868206 0.891183 0.742234 0.694561 0.979643 0.991272 0.762923 0.874741 0.823474 0.766517 0.571571 0.595509 0.801861 0.683002 0.758565 0.789711 0.818547 0.876427 0.927327 0.863210 0.937624 0.951393 0.932493 0.912301 0.976106 0.881263 0.879039 0.868584 0.905399 0.770397 0.787417 0.967183 0.818104 0.758378 0.898549 0.994899 0.919210 0.903063 0.816209 0.940368 0.845812 0.950605 0.934799 0.877538 0.820076 0.916979
0.658857 0.650261 0.911923 0.910493 0.854264 0.847533 0.833516 0.723767 0.819153 0.823517 0.629722 0.539665 0.638623 0.692480 0.867855 0.822426 0.580579 0.531872 0.557289 0.000000 0.945104 0.961323 0.911532 0.955533 0.934944 0.809261 0.949856 0.846051 0.608170 0.602926 0.930460 0.875918 0.579875 0.589692 0.951496 0.913354 0.969379 0.913051 0.895494 0.997231 0.993710 0.869081 0.985289 0.739114 0.907700 0.926734 0.896945 0.856025 0.867315 0.937953 0.954505 0.999416 0.823905 0.809087 0.968842 0.868087 0.646671 0.557280 0.710517 0.704137 0.621074 0.663827 0.574053 0.588377 0.950412 0.880658 0.927835 0.813238 0.935538 0.667450 0.880764 0.857798 0.757412 0.826227 0.915678 0.955852 0.718105 0.792521 0.732609 0.625934 0.512499 0.597796 0.853671 0.794720 0.872969 0.964179 0.818836 0.998649 0.867330 0.888556 0.815579 0.720145 0.826679 0.710941 0.893740 0.872067 0.863448 0.951801 0.981446 0.874808 0.843638 0.868106 0.703890 0.901455 0.728752 0.938374 0.902141 0.898265 0.928556 0.748933 0.678506 0.981223 0.906320 0.834787 0.772344 0.946145
0.853820 0.885620 0.756337 0.754576 0.859141 0.850333 0.834122 0.954135 0.926944 0.815270 0.770034 0.818022 0.959083 0.803508 0.877915 0.840631 0.958187 0.979051 0.864030 0.945104 0.000000 0.911159 0.961643 0.896252 0.784946 0.666600 0.944075 0.891211 0.916975 0.880240 0.927226 0.976527 0.931673 0.939030 0.849443 0.960225 0.861292 0.962886 0.798568 0.935451 0.981637 0.873575 0.999162 0.993596 0.826879 0.757674 0.946675 0.891597 0.801639 0.794717 0.844669 0.803450 0.715048 0.789015 0.952352 0.878745 0.970581 0.845174 0.951827 0.969052 0.919264 0.799147 0.897325 0.786835 0.798544 0.789876 0.745015 0.772713 0.941380 0.984468 0.946687 0.997543 0.876822 0.882080 0.969769 0.868467 0.906277 0.882802 0.932373 0.831360 0.920999 0.932786 0.843329 0.863382 0.924013 0.790285 0.785562 0.872719 0.932073 0.999277 0.882604 0.941719 0.967234 0.905620 0.896491 0.941960 0.975620 0.934715 0.875532 0.972919 0.867188 0.894286 0.849535 0.925026 0.824937 0.955634 0.937891 0.997704 0.909935 0.950612 0.974418 0.861902 0.919030 0.900320 0.990467 0.957682
0.918309 0.942691 0.878965 0.889029 0.749016 0.971734 0.951487 0.977309 0.960297 0.998048 0.975524 0.961051 0.939774 0.971446 0.946245 0.947757 0.949265 0.926254 0.934524 0.961323 0.911159 0.000000 0.985966 0.988578 0.873268 0.881223 0.864827 0.839364 0.870974 0.995768 0.964585 0.931891 0.919338 0.892598 0.853910 0.868973 0.910082 0.851920 0.925907 0.960301 0.970719 0.906306 0.770096 0.903233 0.943886 0.950728 0.794678 0.905511 0.925912 0.922728 0.863002 0.905864 0.878497 0.978372 0.957005 0.750395 0.893246 0.931325 0.956918 0.965058 0.977785 0.956857 0.999585 0.984385 0.871525 0.929354 0.859109 0.837710 0.999469 0.960222 0.892401 0.954245 0.908544 0.894846 0.992105 0.938081 0.992159 0.933315 0.988647 0.922587 0.983619 0.986366 0.977888 0.976896 0.976766 0.947900 0.760624 0.891726 0.914773 0.976189 0.943522 0.953210 0.864447 0.825715 0.985955 0.907484 0.891925 0.994271 0.855521 0.987142 0.857244 0.767009 0.906650 0.723189 0.972674 0.891074 0.909124 0.945224 0.999184 0.809265 0.958897 0.860912 0.957066 0.870844 0.985194 0.952673
0.997730 0.848122 0.801595 0.794786 0.827432 0.849867 0.730899 0.774548 0.741514 0.775912 0.934224 0.921513 0.667723 0.863991 0.644617 0.679788 0.998861 0.983619 0.840978 0.911532 0.961643 0.985966 0.000000 0.501637 0.845843 0.889693 0.985101 0.950864 0.984114 0.958518 0.645168 0.774517 0.704477 0.796524 0.858892 0.976281 0.574208 0.783917 0.948244 0.901459 0.896849 0.965110 0.786973 0.889547 0.738352 0.704471 0.675119 0.695684 0.819724 0.657170 0.711258 0.650746 0.807446 0.849002 0.838125 0.866219 0.821771 0.809180 0.953086 0.981359 0.708542 0.819565 0.763634 0.817087 0.728895 0.824399 0.864563 0.802027 0.859559 0.996429 0.974528 0.816319 0.814128 0.803943 0.933277 0.981730 0.930436 0.878111 0.845289 0.962230 0.721437 0.672689 0.653162 0.688904 0.448992 0.600982 0.860137 0.647511 0.903293 0.746867 0.877478 0.897532 0.862658 0.994938 0.992881 0.766170 0.825221 0.828891 0.680671 0.719262 0.657155 0.995053 0.922264 0.961006 0.690044 0.777545 0.970211 0.970135 0.868919 0.900594 0.927430 0.842271 0.913237 0.740572 0.728315 0.982545
0.993343 0.946918 0.810279 0.649608 0.934329 0.835087 0.873143 0.799356 0.970644 0.895520 0.834528 0.998667 0.894683 0.880880 0.876813 0.691072 0.887290 0.915233 0.953714 0.955533 0.896252 0.988578 0.501637 0.000000 0.733841 0.776336 0.761239 0.902005 0.877262 0.900897 0.764720 0.745792 0.876970 0.838118 0.919784 0.873561 0.669279 0.732035 0.896092 0.916373 0.966724 0.867356 0.865057 0.931671 0.933188 0.874341 0.723837 0.752589 0.994984 0.881997 0.796227 0.827638 0.996618 0.997406 0.808344 0.817614 0.994219 0.966066 0.902912 0.949146 0.956619 0.908473 0.953430 0.992614 0.671522 0.638899 0.710433 0.642893 0.781741 0.908767 0.885401 0.704549 0.730407 0.777344 0.996361 0.820905 0.922809 0.890086 0.882385 0.881245 0.839329 0.788657 0.797795 0.863913 0.552668 0.486837 0.955247 0.724459 0.967798 0.786006 0.811472 0.838270 0.809229 0.815289 0.889896 0.883717 0.922801 0.878512 0.865904 0.893463 0.646944 0.942609 0.963815 0.930046 0.685194 0.722862 0.999029 0.881190 0.890638 0.937985 0.939011 0.923496 0.912606 0.891196 0.825343 0.744753
0.833475 0.986012 0.504221 0.623773 0.950794 0.959502 0.610553 0.920194 0.850675 0.870002 0.995939 0.679470 0.972486 0.870344 0.906157 0.896014 0.872699 0.786466 0.841297 0.934944 0.784946 0.873268 0.845843 0.733841 0.000000 0.530416 0.831183 0.842930 0.785632 0.762708 0.751183 0.934762 0.894549 0.853137 0.666942 0.884312 0.797154 0.848202 0.728667 0.784325 0.942057 0.939668 0.557726 0.734607 0.981389 0.949618 0.671797 0.714362 0.990810 0.868438 0.878010 0.908550 0.980603 0.987845 0.901388 0.664611 0.920144 0.810665 0.834654 0.893377 0.993166 0.841862 0.767944 0.612600 0.481425 0.628685 0.550638 0.657954 0.945414 0.878081 0.948946 0.923761 0.974306 0.989205 0.889820 0.991513 0.915969 0.936295 0.898917 0.997902 0.933607 0.971342 0.910534 0.999600 0.673485 0.653894 0.791138 0.940693 0.817197 0.761467 0.773014 0.716212 0.714157 0.600095 0.860763 0.840789 0.870088 0.920909 0.991532 0.932895 0.750540 0.905678 0.889258 0.916278 0.827166 0.888759 0.921262 0.938853 0.910617 0.841517 0.863000 0.927929 0.974692 0.815572 0.952964 0.742314
0.885570 0.916738 0.606993 0.613367 0.969006 0.847016 0.675469 0.976528 0.827004 0.773022 0.932770 0.653998 0.927912 0.719875 0.790384 0.850931 0.804603 0.749992 0.859295 0.809261 0.666600 0.881223 0.889693 0.776336 0.530416 0.000000 0.845227 0.730636 0.751887 0.688481 0.802808 0.952421 0.920279 0.914767 0.834479 0.873577 0.759346 0.915296 0.641408 0.809109 0.889031 0.876291 0.786450 0.928955 0.979754 0.913966 0.786941 0.928706 0.969670 0.941477 0.929289 0.998316 0.978121 0.994079 0.862800 0.733410 0.910301 0.733504 0.988712 0.924696 0.907376 0.725446 0.760539 0.587849 0.570561 0.722050 0.567683 0.694838 0.926299 0.728521 0.750385 0.853706 0.926793 0.984068 0.826888 0.975394 0.992594 0.882142 0.779216 0.906095 0.810781 0.899073 0.868664 0.895793 0.795724 0.659553 0.721150 0.919690 0.947607 0.844671 0.760990 0.601244 0.679971 0.600737 0.818198 0.980815 0.851037 0.869188 0.921479 0.870216 0.821708 0.898810 0.730687 0.935217 0.892515 0.879487 0.919832 0.889303 0.903894 0.887874 0.791951 0.888784 0.947507 0.820568 0.921642 0.809963
0.946825 0.891124 0.963987 0.962418 0.940818 0.856025 0.943518 0.916393 0.931756 0.795964 0.937670 0.890077 0.864921 0.904485 0.898590 0.935454 0.964157 0.928205 0.953479 0.949856 0.944075 0.864827 0.985101 0.761239 0.831183 0.845227 0.000000 0.969351 0.843002 0.914260 0.957034 0.887928 0.867789 0.927941 0.938519 0.912716 0.947097 0.849283 0.737412 0.909727 0.871111 0.942415 0.943070 0.964740 0.984214 0.996970 0.927658 0.979536 0.995509 0.972252 0.958486 0.869648 0.958608 0.976289 0.907338 0.875044 0.901314 0.844691 0.819026 0.880302 0.828816 0.942819 0.863487 0.848078 0.947293 0.881008 0.990021 0.948787 0.994804 0.998218 0.932487 0.886670 0.928444 0.977475 0.945130 0.823230 0.929918 0.981450 0.976958 0.847030 0.974650 0.965987 0.990635 0.997491 0.936102 0.779845 0.909197 0.935185 0.788420 0.978136 0.902284 0.877115 0.937594 0.818933 0.854864 0.836635 0.979645 0.862949 0.988904 0.956028 0.808519 0.861947 0.987458 0.962001 0.964335 0.907842 0.993749 0.998363 0.938278 0.997995 0.909030 0.918258 0.995612 0.953140 0.859681 0.826230
0.962985 0.950333 0.918364 0.836221 0.993134 0.845833 0.994309 0.983295 0.954616 0.851486 0.884009 0.907823 0.916982 0.990159 0.974090 0.950911 0.878199 0.940481 0.964132 0.846051 0.891211 0.839364 0.950864 0.902005 0.842930 0.730636 0.969351 0.000000 0.961573 0.908695 0.938716 0.910609 0.998650 0.960046 0.815103 0.929234 0.916937 0.862523 0.865813 0.930522 0.894408 0.972022 0.803552 0.966764 0.892940 0.946602 0.771273 0.872703 0.935493 0.976137 0.929112 0.890235 0.898404 0.932223 0.902920 0.751342 0.966308 0.954942 0.867607 0.914234 0.900317 0.933393 0.949112 0.902072 0.794384 0.872357 0.719209 0.822944 0.878683 0.974361 0.838196 0.790992 0.976460 0.986962 0.936151 0.995467 0.961618 0.962617 0.920593 0.980854 0.900242 0.956374 0.939038 0.983544 0.922285 0.732055 0.990448 0.918461 0.953924 0.880082 0.868872 0.869314 0.846862 0.870329 0.962547 0.990961 0.955810 0.883455 0.840671 0.978972 0.791220 0.806823 0.948547 0.933268 0.992320 0.901006 0.989910 0.896109 0.940124 0.975035 0.943596 0.966406 0.966942 0.913599 0.993661 0.999320
0.685317 0.569147 0.798027 0.714598 0.868424 0.943073 0.921897 0.993677 0.825171 0.643659 0.685031 0.526584 0.720415 0.640807 0.616225 0.727446 0.399339 0.412487 0.600654 0.608170 0.916975 0.870974 0.984114 0.877262 0.785632 0.751887 0.843002 0.961573 0.000000 0.350591 0.696322 0.753961 0.576885 0.635517 0.911692 0.803283 0.954269 0.993261 0.682264 0.887955 0.914357 0.872392 0.883154 0.618724 0.630101 0.565245 0.738150 0.732377 0.682759 0.718663 0.690837 0.891220 0.755250 0.691606 0.938732 0.843115 0.505202 0.555441 0.908866 0.889555 0.695029 0.798299 0.444849 0.472616 0.749581 0.740073 0.872815 0.934469 0.967562 0.518956 0.989230 0.973930 0.577608 0.620713 0.940062 0.866617 0.886845 0.930135 0.702953 0.714392 0.472027 0.602938 0.646691 0.657375 0.987305 0.997550 0.930529 0.778603 0.833116 0.862537 0.643931 0.611590 0.614860 0.606375 0.857976 0.938063 0.948124 0.851644 0.949148 0.931801 0.975390 0.927234 0.676701 0.798281 0.876142 0.795091 0.828025 0.726559 0.926043 0.716459 0.786223 0.770018 0.850369 0.716120 0.845995 0.841783
0.720722 0.622753 0.705964 0.652915 0.747657 0.956940 0.876741 0.937622 0.797720 0.714860 0.710517 0.503615 0.705059 0.529275 0.544322 0.653963 0.384959 0.350189 0.670730 0.602926 0.880240 0.995768 0.958518 0.900897 0.762708 0.688481 0.914260 0.908695 0.350591 0.000000 0.718024 0.705386 0.600212 0.701522 0.911170 0.869588 0.990877 0.996258 0.764335 0.886163 0.917557 0.928269 0.937297 0.659600 0.632155 0.570524 0.798363 0.742636 0.674296 0.718299 0.736637 0.979158 0.786784 0.687873 0.926638 0.816405 0.503857 0.550279 0.999403 0.821585 0.694069 0.801730 0.405449 0.445042 0.692575 0.703763 0.771798 0.832759 0.973676 0.546597 0.981785 0.917189 0.614949 0.677216 0.984627 0.839282 0.990884 0.934209 0.608030 0.616528 0.430394 0.478584 0.523494 0.561042 0.923216 0.909291 0.833622 0.677697 0.817619 0.836174 0.610251 0.560663 0.521785 0.553335 0.796329 0.964858 0.981409 0.879103 0.999462 0.984715 0.932581 0.878061 0.711991 0.837060 0.834505 0.770946 0.841897 0.665031 0.936642 0.777114 0.829131 0.857588 0.912906 0.681216 0.913859 0.858991
0.877612 0.805077 0.908559 0.990636 0.796479 0.862383 0.890002 0.991979 0.931133 0.747896 0.813745 0.971381 0.799524 0.826153 0.704460 0.750780 0.762954 0.817124 0.708070 0.930460 0.927226 0.964585 0.645168 0.764720 0.751183 0.802808 0.957034 0.938716 0.696322 0.718024 0.000000 0.615756 0.589284 0.741601 0.845712 0.998145 0.690640 0.851372 0.959238 0.943170 0.988940 0.971278 0.681432 0.643761 0.539982 0.583577 0.573556 0.582665 0.631720 0.712317 0.655464 0.846157 0.728878 0.650789 0.801870 0.873506 0.732540 0.846362 0.903918 0.803827 0.825184 0.980915 0.733132 0.879764 0.959808 0.959093 0.863600 0.891549 0.842451 0.805427 0.869401 0.858027 0.840281 0.821711 0.940955 0.900565 0.990222 0.888674 0.907699 0.795489 0.697757 0.674219 0.643188 0.645919 0.704453 0.671311 0.996040 0.638908 0.950030 0.983850 0.894688 0.925649 0.923135 0.903304 0.927173 0.880838 0.999663 0.906057 0.837231 0.964309 0.879854 0.959714 0.924071 0.969955 0.986785 0.880756 0.846349 0.855491 0.989068 0.879599 0.983674 0.791452 0.928337 0.822357 0.941658 0.925142
0.991686 0.904240 0.991368 0.993796 0.952366 0.985753 0.913188 0.986318 0.794683 0.965917 0.990061 0.835328 0.858661 0.700045 0.660072 0.684958 0.805411 0.772234 0.878958 0.875918 0.976527 0.931891 0.774517 0.745792 0.934762 0.952421 0.887928 0.910609 0.753961 0.705386 0.615756 0.000000 0.692156 0.798580 0.968827 0.998052 0.922271 0.751072 0.912379 0.812385 0.994352 0.764653 0.770871 0.710186 0.673783 0.730698 0.676629 0.684525 0.879140 0.879939 0.828853 0.899584 0.891318 0.850446 0.845207 0.931394 0.821204 0.856942 0.830327 0.883049 0.942170 0.973362 0.785190 0.790731 0.995029 0.981279 0.903042 0.855014 0.896289 0.827314 0.977016 0.674582 0.935699 0.845152 0.819193 0.930348 0.993684 0.930208 0.758274 0.633857 0.717425 0.682007 0.638420 0.694624 0.833862 0.710859 0.832712 0.708083 0.810733 0.971995 0.842490 0.844688 0.794352 0.964376 0.969535 0.909199 0.994508 0.755703 0.867934 0.952259 0.816070 0.931643 0.846520 0.914835 0.884272 0.946201 0.869302 0.950315 0.908263 0.883408 0.878038 0.699517 0.932501 0.810414 0.958341 0.912265
0.674932 0.512750 0.786133 0.849817 0.853537 0.928805 0.685799 0.753627 0.947563 0.685628 0.775471 0.691597 0.632582 0.688014 0.638065 0.746434 0.578548 0.584133 0.529301 0.579875 0.931673 0.919338 0.704477 0.876970 0.894549 0.920279 0.867789 0.998650 0.576885 0.600212 0.589284 0.692156 0.000000 0.542089 0.828371 0.909239 0.857203 0.965925 0.931736 0.973772 0.944945 0.792888 0.674488 0.495830 0.679406 0.619025 0.562109 0.540893 0.771186 0.709979 0.673606 0.708608 0.782256 0.849982 0.847427 0.960798 0.517551 0.537648 0.691790 0.916365 0.533502 0.750661 0.510321 0.607360 0.852154 0.911840 0.778749 0.762863 0.985008 0.791323 0.909966 0.831951 0.887846 0.907194 0.889191 0.974956 0.782911 0.815267 0.773626 0.711180 0.471627 0.535617 0.633206 0.593397 0.662947 0.728642 0.962251 0.793204 0.999488 0.805760 0.909412 0.895149 0.900019 0.898067 0.876155 0.795574 0.937176 0.921224 0.739548 0.758323 0.781146 0.965889 0.797182 0.809162 0.778865 0.989051 0.800720 0.883777 0.925537 0.792292 0.828285 0.876378 0.900706 0.825829 0.680596 0.969094
0.596279 0.559584 0.770432 0.694873 0.915032 0.896386 0.709663 0.549850 0.880866 0.805339 0.653736 0.632257 0.719534 0.670720 0.852550 0.804531 0.676127 0.619095 0.609239 0.589692 0.939030 0.892598 0.796524 0.838118 0.853137 0.914767 0.927941 0.960046 0.635517 0.701522 0.741601 0.798580 0.542089 0.000000 0.800076 0.996839 0.834972 0.941150 0.993735 0.802559 0.918717 0.831858 0.711976 0.559129 0.855468 0.761956 0.624503 0.597862 0.963783 0.853114 0.702246 0.723992 0.915985 0.988212 0.973343 0.948051 0.665199 0.662519 0.683267 0.742623 0.610804 0.619852 0.619858 0.630275 0.791874 0.708702 0.644823 0.582366 0.882125 0.753686 0.847043 0.772532 0.815770 0.816044 0.938578 0.983671 0.755539 0.724004 0.757447 0.761676 0.548182 0.637759 0.851408 0.763016 0.742450 0.718504 0.860729 0.999018 0.966349 0.755310 0.945341 0.861894 0.968281 0.954681 0.852401 0.661681 0.844878 0.988540 0.697333 0.686740 0.696606 0.944470 0.675341 0.787319 0.708315 0.947265 0.993400 0.989263 0.853657 0.741367 0.777172 0.791483 0.914902 0.924813 0.639315 0.892657
0.885749 0.912592 0.672493 0.642891 0.945348 0.911071 0.717292 0.755956 0.904855 0.974329 0.986877 0.990077 0.879572 0.953030 0.970518 0.945500 0.953199 0.896534 0.865754 0.951496 0.849443 0.853910 0.858892 0.919784 0.666942 0.834479 0.938519 0.815103 0.911692 0.911170 0.845712 0.968827 0.828371 0.800076 0.000000 0.884347 0.703075 0.915125 0.832998 0.879042 0.959943 0.932575 0.636714 0.750336 0.925693 0.897962 0.751296 0.749423 0.967224 0.801570 0.784492 0.697938 0.887885 0.968514 0.833810 0.712648 0.985050 0.947883 0.793570 0.808362 0.847822 0.840066 0.975455 0.925699 0.672631 0.722114 0.677181 0.684903 0.915753 0.887570 0.799574 0.856390 0.875275 0.933614 0.985302 0.971655 0.775559 0.716693 0.933391 0.998182 0.965375 0.962215 0.985666 0.896574 0.789730 0.830260 0.829766 0.932444 0.899753 0.792113 0.790087 0.843692 0.740923 0.799078 0.879682 0.745948 0.953281 0.879520 0.755169 0.947102 0.952886 0.754357 0.946055 0.894543 0.808709 0.878927 0.886228 0.942290 0.860650 0.953098 0.965464 0.911195 0.897810 0.878215 0.919520 0.903213
0.953863 0.862537 0.889845 0.848175 0.884864 0.908020 0.990703 0.966951 0.986800 0.927198 0.910773 0.903661 0.918682 0.928620 0.809974 0.834110 0.920168 0.919707 0.940584 0.913354 0.960225 0.868973 0.976281 0.873561 0.884312 0.873577 0.912716 0.929234 0.803283 0.869588 0.998145 0.998052 0.909239 0.996839 0.884347 0.000000 0.844386 0.993221 0.884034 0.883491 0.918930 0.942491 0.972043 0.992907 0.978859 0.997391 0.955554 0.951907 0.990338 0.988806 0.976346 0.988373 0.970722 0.949173 0.833557 0.841472 0.960593 0.835360 0.918885 0.994556 0.944670 0.994983 0.867536 0.841024 0.899846 0.937468 0.950031 0.920306 0.930707 0.895106 0.818562 0.980463 0.940512 0.931936 0.829672 0.969769 0.883575 0.911281 0.863570 0.994510 0.910252 0.961211 0.910713 0.935121 0.967821 0.920985 0.972200 0.958475 0.873738 0.800270 0.886560 0.948780 0.841680 0.885139 0.913555 0.944421 0.956843 0.963026 0.994999 0.993957 0.949380 0.825176 0.954163 0.946347 0.965883 0.934524 0.914189 0.963418 0.971974 0.921997 0.863256 0.984396 0.944912 0.989332 0.963451 0.829161
0.940817 0.895765 0.833947 0.824257 0.835095 0.738831 0.832391 0.916669 0.801258 0.889108 0.977995 0.983875 0.798705 0.971191 0.861241 0.849055 0.989121 0.953173 0.787412 0.969379 0.861292 0.910082 0.574208 0.669279 0.797154 0.759346 0.947097 0.916937 0.954269 0.990877 0.690640 0.922271 0.857203 0.834972 0.703075 0.844386 0.000000 0.687889 0.949554 0.979923 0.908427 0.887762 0.737650 0.851862 0.723861 0.725623 0.721907 0.723112 0.756967 0.653463 0.694480 0.696118 0.768341 0.717804 0.766596 0.730397 0.917166 0.934286 0.949448 0.886640 0.867610 0.972298 0.915722 0.994782 0.772610 0.925305 0.817681 0.777834 0.857697 0.951798 0.741344 0.835124 0.868561 0.980742 0.891988 0.944360 0.990019 0.748712 0.927124 0.969023 0.932864 0.873399 0.879454 0.816453 0.736051 0.752304 0.967506 0.831277 0.959406 0.932362 0.837602 0.842999 0.755797 0.921160 0.961378 0.964408 0.930573 0.869814 0.715219 0.784897 0.818181 0.885638 0.893489 0.988815 0.847608 0.866802 0.829393 0.924184 0.942654 0.964050 0.940441 0.851163 0.964284 0.830435 0.758907 0.959156
0.813435 0.966386 0.976034 0.892604 0.922830 0.986870 0.898513 0.988362 0.987800 0.970673 0.840389 0.953813 0.913571 0.918128 0.917158 0.850896 0.921540 0.910738 0.988552 0.913051 0.962886 0.851920 0.783917 0.732035 0.848202 0.915296 0.849283 0.862523 0.993261 0.996258 0.851372 0.751072 0.965925 0.941150 0.915125 0.993221 0.687889 0.000000 0.974478 0.985549 0.904679 0.798875 0.711285 0.775186 0.704106 0.708292 0.726364 0.712328 0.808598 0.800351 0.765940 0.808888 0.801692 0.759010 0.936364 0.864874 0.877135 0.848993 0.815930 0.807043 0.872128 0.972346 0.931988 0.932439 0.850398 0.912595 0.835940 0.811900 0.849493 0.974223 0.884400 0.724841 0.929425 0.921244 0.935737 0.995372 0.902121 0.987214 0.813540 0.976263 0.960758 0.986302 0.889262 0.880954 0.974089 0.807136 0.972770 0.884784 0.807763 0.961340 0.980681 0.929638 0.885799 0.881250 0.824419 0.901687 0.948942 0.846376 0.856803 0.970114 0.848432 0.949707 0.871623 0.849272 0.901467 0.823551 0.858803 0.936542 0.887746 0.977938 0.987463 0.812336 0.988004 0.868753 0.851018 0.856056
