0.000000 0.233765 0.948724 0.904476 0.735661 0.844858 0.751795 0.674278 0.970686 0.940492 0.287492 0.266217 0.395103 0.456136 0.792754 0.893673 0.280169 0.250315 0.368590 0.295607 0.879822 0.918518 0.919367 0.939848 0.694969 0.610619 0.856938 0.822554 0.386735 0.294374 0.815959 0.957065 0.452255 0.426923 0.958688 0.843974 0.864155 0.882750 0.910169 0.980203 0.955413 0.845192 0.933356 0.969060 0.897500 0.789156 0.626673 0.606684 0.568417 0.554916 0.569064 0.559500 0.939288 0.795719 0.552409 0.635784 0.239944 0.233725 0.380328 0.369865 0.311876 0.316202 0.255738 0.237261 0.941739 0.840050 0.857012 0.946648 0.411388 0.345305 0.992667 0.766451 0.716213 0.846722 0.780103 0.785004 0.986921 0.897887 0.454359 0.508161 0.217249 0.275373 0.431132 0.338665 0.429589 0.644297 0.663310 0.600499 0.556580 0.577603 0.542460 0.435808 0.476038 0.402968 0.771430 0.985547 0.518190 0.989083 0.808164 0.954283 0.841700 0.834812 0.708220 0.697780 0.926217 0.800017 0.921214 0.873980 0.824500 0.687501 0.927403 0.780334 0.982070 0.835818 0.796192 0.610208
0.233765 0.000000 0.960770 0.963956 0.808765 0.895886 0.829862 0.636535 0.894534 0.877740 0.362992 0.232907 0.461224 0.470480 0.865264 0.884261 0.285752 0.262368 0.448808 0.316078 0.881276 0.934606 0.990801 0.945799 0.727249 0.666122 0.868563 0.865982 0.430182 0.368373 0.758004 0.946694 0.502452 0.474655 0.976315 0.848748 0.806330 0.865601 0.984363 0.895657 0.926668 0.870030 0.982124 0.900399 0.943783 0.793435 0.540588 0.626029 0.611874 0.574136 0.530150 0.526797 0.966539 0.794653 0.522714 0.634102 0.250105 0.218206 0.384806 0.361625 0.352931 0.313322 0.290816 0.258382 0.971143 0.758003 0.863473 0.901074 0.394751 0.312645 0.995587 0.731757 0.727816 0.821653 0.812499 0.762510 0.894890 0.795653 0.481119 0.466406 0.271925 0.308322 0.479921 0.360284 0.471197 0.604070 0.664405 0.672634 0.598514 0.595031 0.490887 0.423787 0.484373 0.390401 0.835743 0.968346 0.551656 0.994701 0.869853 0.974454 0.836652 0.716644 0.772144 0.756380 0.914831 0.781157 0.946969 0.895748 0.820995 0.650409 0.923033 0.771310 0.938892 0.838712 0.737059 0.700614
0.948724 0.960770 0.000000 0.366143 0.982770 0.682402 0.488610 0.470596 0.828992 0.965164 0.957257 0.891990 0.814900 0.703256 0.901046 0.665634 0.943205 0.946818 0.806351 0.911666 0.901471 0.923131 0.839426 0.495996 0.592483 0.618185 0.806010 0.909674 0.968699 0.960119 0.803314 0.873467 0.865539 0.754917 0.870397 0.964798 0.699452 0.731651 0.627917 0.835099 0.966793 0.886116 0.658100 0.807253 0.900775 0.957772 0.734474 0.695213 0.859657 0.940176 0.946453 0.888523 0.892148 0.846654 0.744767 0.883501 0.938878 0.978171 0.874606 0.935665 0.843493 0.793904 0.925126 0.896770 0.408280 0.424318 0.545889 0.630096 0.961949 0.943956 0.857077 0.867666 0.840541 0.858610 0.721527 0.862253 0.732339 0.803893 0.928238 0.945916 0.963073 0.959870 0.778578 0.947595 0.751763 0.385870 0.850708 0.851380 0.754055 0.830131 0.601391 0.652713 0.642726 0.651910 0.976847 0.591017 0.764126 0.860859 0.943418 0.799570 0.734650 0.827260 0.924413 0.894601 0.662000 0.657255 0.863666 0.801857 0.988432 0.738702 0.792323 0.818279 0.788407 0.860463 0.812661 0.962029
0.904476 0.963956 0.366143 0.000000 0.833134 0.702260 0.595068 0.390291 0.885378 0.960081 0.927658 0.988128 0.993200 0.862358 0.845560 0.745996 0.788257 0.803247 0.974721 0.975711 0.808584 0.986006 0.872450 0.584692 0.558079 0.489497 0.897421 0.859761 0.755551 0.780578 0.821692 0.870571 0.919195 0.846638 0.975883 0.945080 0.705202 0.712563 0.550414 0.661979 0.940835 0.998948 0.456579 0.628275 0.869560 0.887284 0.677036 0.621492 0.818216 0.923979 0.877007 0.860463 0.898949 0.911585 0.860278 0.856558 0.819042 0.837810 0.897851 0.911393 0.979574 0.939802 0.769000 0.747075 0.565606 0.416026 0.512242 0.534374 0.946322 0.976208 0.706247 0.819489 0.892287 0.842728 0.822868 0.916887 0.603213 0.709379 0.972264 0.913419 0.766449 0.839790 0.941568 0.843894 0.939620 0.507817 0.957128 0.624413 0.904763 0.972710 0.538931 0.569092 0.503239 0.550018 0.911657 0.707487 0.863813 0.817283 0.959712 0.827244 0.704465 0.816842 0.965783 0.825218 0.641943 0.589583 0.757382 0.671758 0.921418 0.852094 0.815975 0.891955 0.623882 0.772236 0.779699 0.901779
0.735661 0.808765 0.982770 0.833134 0.000000 0.943347 0.835677 0.979380 0.710681 0.816851 0.727739 0.741826 0.625044 0.688086 0.680397 0.729539 0.762970 0.797790 0.691889 0.804733 0.846954 0.897047 0.606294 0.875900 0.766636 0.735936 0.907631 0.818188 0.690411 0.689465 0.918852 0.922407 0.802768 0.864552 0.909464 0.918671 0.820347 0.993108 0.855674 0.786775 0.917049 0.780970 0.814572 0.751317 0.896208 0.974306 0.980027 0.953989 0.886000 0.854406 0.933266 0.875710 0.854435 0.899418 0.979391 0.974291 0.817713 0.846914 0.815954 0.900291 0.694859 0.713540 0.748787 0.713394 0.857563 0.997532 0.915783 0.825937 0.871661 0.902676 0.962652 0.736363 0.973371 0.954620 0.824426 0.939081 0.834935 0.967588 0.804945 0.962831 0.772164 0.788413 0.693919 0.872614 0.572570 0.909841 0.767973 0.692479 0.807703 0.787994 0.827163 0.943977 0.684551 0.866288 0.876391 0.946766 0.948514 0.631987 0.983868 0.927514 0.760248 0.984487 0.992071 0.959102 0.922178 0.991135 0.861398 0.806885 0.937188 0.971062 0.869687 0.840987 0.908946 0.940292 0.938252 0.968863
0.844858 0.895886 0.682402 0.702260 0.943347 0.000000 0.948815 0.886762 0.958998 0.823548 0.953949 0.956275 0.935589 0.968050 0.964623 0.858969 0.809205 0.843097 0.842621 0.862031 0.734267 0.988872 0.939451 0.773542 0.525998 0.484147 0.887490 0.575409 0.778698 0.719668 0.945494 0.841850 0.986231 0.944007 0.687007 0.803874 0.842455 0.949972 0.694759 0.609703 0.722603 0.980703 0.761231 0.909010 0.942631 0.935816 0.902477 0.942014 0.748998 0.735448 0.945695 0.996219 0.875924 0.868367 0.924177 0.779748 0.823410 0.879744 0.977688 0.925846 0.979315 0.971416 0.787375 0.799779 0.537533 0.552046 0.582178 0.553958 0.835991 0.889260 0.957703 0.802115 0.921889 0.969506 0.819604 0.906527 0.939685 0.784671 0.823076 0.949149 0.803048 0.947537 0.976212 0.921688 0.927407 0.641160 0.855339 0.801275 0.977272 0.851301 0.633379 0.756595 0.604505 0.706040 0.865142 0.665800 0.923265 0.826200 0.964719 0.864575 0.673627 0.949446 0.934102 0.911644 0.826850 0.768637 0.802704 0.963483 0.965280 0.944877 0.958028 0.891536 0.883866 0.972994 0.921222 0.756346
0.751795 0.829862 0.488610 0.595068 0.835677 0.948815 0.000000 0.367251 0.565602 0.583050 0.677117 0.720411 0.454759 0.451991 0.578954 0.528630 0.804426 0.802797 0.415765 0.664102 0.980904 0.980052 0.596660 0.674568 0.903097 0.920304 0.964624 0.894065 0.641055 0.647575 0.699984 0.563600 0.593305 0.502375 0.922245 0.906614 0.951323 0.976956 0.963184 0.917137 0.963135 0.961433 0.656155 0.651702 0.696106 0.608569 0.680776 0.474900 0.706466 0.622231 0.681455 0.670459 0.769365 0.800225 0.763692 0.824777 0.871192 0.910959 0.623043 0.748465 0.533249 0.595474 0.731616 0.790760 0.773736 0.764100 0.651630 0.815253 0.996745 0.842055 0.685784 0.780454 0.563168 0.638777 0.776660 0.757059 0.559750 0.701640 0.730152 0.889700 0.841731 0.902006 0.734097 0.923104 0.698123 0.632469 0.913325 0.912637 0.745026 0.797317 0.669527 0.732407 0.867279 0.881494 0.935038 0.845349 0.663028 0.954492 0.566669 0.506510 0.825377 0.644323 0.764466 0.633008 0.780561 0.807694 0.887313 0.675978 0.981363 0.757944 0.671866 0.588974 0.611826 0.699000 0.873408 0.654571
0.674278 0.636535 0.470596 0.390291 0.979380 0.886762 0.367251 0.000000 0.766206 0.822017 0.650902 0.569449 0.585691 0.498496 0.901043 0.611077 0.788456 0.773090 0.536119 0.621926 0.903828 0.936588 0.958007 0.707284 0.944662 0.899640 0.943328 0.929067 0.745261 0.718520 0.864278 0.753202 0.703332 0.480742 0.911873 0.957161 0.712772 0.770964 0.776844 0.815761 0.989931 0.956055 0.458068 0.516703 0.843881 0.603370 0.459883 0.384197 0.723324 0.627635 0.510805 0.503813 0.875121 0.974469 0.612657 0.668118 0.785765 0.758365 0.485193 0.516777 0.556820 0.499830 0.741119 0.756878 0.761492 0.499031 0.512692 0.615645 0.823884 0.638847 0.746874 0.859626 0.635962 0.663901 0.787656 0.769165 0.496258 0.580518 0.702554 0.800674 0.818267 0.837152 0.793549 0.895177 0.819157 0.474139 0.962607 0.847525 0.791570 0.782669 0.763573 0.855066 0.829028 0.958703 0.948352 0.785423 0.601699 0.849423 0.646429 0.612485 0.721542 0.831817 0.734200 0.614946 0.690803 0.581505 0.798759 0.639939 0.874766 0.721900 0.699275 0.607902 0.554432 0.652442 0.696047 0.753893
0.970686 0.894534 0.828992 0.885378 0.710681 0.958998 0.565602 0.766206 0.000000 0.377587 0.934139 0.986569 0.742209 0.761412 0.581927 0.535582 0.981494 0.937332 0.678965 0.981178 0.889251 0.872302 0.478411 0.694819 0.816115 0.805963 0.860825 0.794347 0.826302 0.846517 0.715059 0.737525 0.938852 0.873300 0.972667 0.863280 0.842579 0.801732 0.787755 0.724636 0.873499 0.938921 0.963184 0.961772 0.797348 0.846969 0.946240 0.916835 0.803681 0.754859 0.970184 0.884248 0.657964 0.607263 0.859925 0.846143 0.854033 0.852953 0.995987 0.948741 0.880271 0.860948 0.969515 0.981539 0.886263 0.872992 0.929812 0.801182 0.716864 0.861892 0.814263 0.900526 0.798147 0.995389 0.787429 0.968299 0.865666 0.839190 0.990413 0.853346 0.935270 0.861394 0.971747 0.789604 0.911890 0.933388 0.977712 0.863778 0.993411 0.978036 0.778443 0.637048 0.979425 0.807011 0.862347 0.956191 0.968227 0.821371 0.783059 0.691342 0.918050 0.704686 0.955318 0.939842 0.889590 0.971385 0.949204 0.771890 0.911146 0.964794 0.868256 0.833154 0.699517 0.796626 0.947581 0.971938
0.940492 0.877740 0.965164 0.960081 0.816851 0.823548 0.583050 0.822017 0.377587 0.000000 0.964278 0.960916 0.776689 0.827153 0.592320 0.632195 0.981634 0.934075 0.695365 0.994961 0.857913 0.909218 0.500621 0.898640 0.643564 0.685678 0.971789 0.702226 0.744997 0.785081 0.602844 0.582751 0.938649 0.850552 0.739415 0.959692 0.856414 0.795685 0.644679 0.564750 0.838793 0.894411 0.894059 0.826270 0.598066 0.672590 0.930095 0.892843 0.583764 0.577484 0.842262 0.796850 0.498390 0.409930 0.868548 0.825727 0.887967 0.862480 0.965667 0.953229 0.866596 0.907336 0.947008 0.926077 0.852165 0.654106 0.837804 0.682362 0.740886 0.922247 0.820988 0.753978 0.663236 0.796392 0.917101 0.908208 0.724339 0.882859 0.966128 0.894014 0.943959 0.793260 0.985969 0.724236 0.957511 0.712264 0.903083 0.878668 0.935529 0.984256 0.810140 0.677858 0.955131 0.838518 0.909338 0.994329 0.920320 0.914770 0.648299 0.529029 0.981842 0.660423 0.834284 0.881962 0.893269 0.885506 0.960305 0.693820 0.829363 0.942386 0.785818 0.760304 0.659112 0.791558 0.904827 0.921853
0.287492 0.362992 0.957257 0.927658 0.727739 0.953949 0.677117 0.650902 0.934139 0.964278 0.000000 0.312365 0.354451 0.442207 0.716264 0.778175 0.331510 0.295051 0.370485 0.300741 0.954709 0.973004 0.874784 0.979757 0.721580 0.667165 0.817786 0.880009 0.374627 0.307537 0.895430 0.899978 0.432218 0.416386 0.916286 0.849701 0.934832 0.941303 0.863326 0.964739 0.899062 0.776992 0.946337 0.935271 0.877741 0.762872 0.729926 0.608673 0.581800 0.582756 0.617637 0.614831 0.950249 0.839324 0.658011 0.568197 0.348813 0.345964 0.403209 0.448903 0.350878 0.368303 0.304262 0.305503 0.971275 0.875200 0.807094 0.930092 0.590228 0.460450 0.961888 0.816276 0.705178 0.874474 0.772348 0.872058 0.930864 0.896862 0.494117 0.498965 0.308560 0.334975 0.494003 0.402587 0.508914 0.668450 0.775135 0.649889 0.694068 0.575895 0.701383 0.546467 0.620936 0.504531 0.721159 0.931545 0.561668 0.936724 0.802074 0.933198 0.945500 0.923019 0.694451 0.721467 0.976198 0.859391 0.839347 0.838599 0.920981 0.758385 0.932145 0.805266 0.976328 0.805637 0.797016 0.642669
0.266217 0.232907 0.891990 0.988128 0.741826 0.956275 0.720411 0.569449 0.986569 0.960916 0.312365 0.000000 0.396397 0.385076 0.799356 0.791151 0.314571 0.303331 0.399032 0.319221 0.857408 0.979132 0.916965 0.987506 0.741057 0.673182 0.842946 0.835178 0.379936 0.342576 0.841647 0.969118 0.456649 0.416997 0.992068 0.884835 0.784705 0.865996 0.952061 0.916149 0.980076 0.897651 0.952512 0.907568 0.876598 0.769289 0.559416 0.599562 0.597992 0.539900 0.498926 0.487174 0.920618 0.855158 0.568395 0.578125 0.300570 0.277222 0.347396 0.359610 0.297615 0.248854 0.287105 0.266656 0.997804 0.718804 0.763237 0.848756 0.482173 0.356663 0.996988 0.730257 0.690219 0.818080 0.767489 0.745872 0.878551 0.763152 0.487469 0.476026 0.312476 0.345337 0.467910 0.427894 0.472817 0.570116 0.703234 0.681434 0.651272 0.591233 0.605904 0.492245 0.576328 0.453643 0.827770 0.996422 0.501746 0.992053 0.819700 0.891837 0.935116 0.852327 0.720459 0.714874 0.930117 0.774519 0.870535 0.970073 0.861934 0.681021 0.880254 0.732577 0.901964 0.814073 0.707573 0.662374
0.395103 0.461224 0.814900 0.993200 0.625044 0.935589 0.454759 0.585691 0.742209 0.776689 0.354451 0.396397 0.000000 0.296790 0.457443 0.517210 0.407932 0.376600 0.298403 0.351951 0.871623 0.942921 0.567169 0.780194 0.712023 0.620024 0.941038 0.824033 0.363093 0.368286 0.951127 0.755490 0.393130 0.393568 0.994863 0.907659 0.991213 0.938839 0.897204 0.892987 0.924345 0.956185 0.965341 0.875807 0.699565 0.674300 0.670176 0.566297 0.587840 0.556293 0.605696 0.587053 0.776476 0.924774 0.721534 0.720403 0.477043 0.492426 0.465186 0.600507 0.283191 0.352072 0.345935 0.368678 0.842542 0.855492 0.819534 0.918945 0.713116 0.611011 0.876099 0.891477 0.681177 0.727799 0.827789 0.795334 0.733648 0.751702 0.508791 0.609732 0.445689 0.512981 0.458293 0.511658 0.392360 0.610746 0.677843 0.590040 0.632969 0.617706 0.794026 0.738563 0.654099 0.618723 0.889102 0.966610 0.611951 0.949988 0.673726 0.706202 0.942318 0.912244 0.787994 0.697344 0.818082 0.837680 0.840346 0.979118 0.938268 0.821261 0.886002 0.650574 0.763500 0.742255 0.812321 0.569034
0.456136 0.470480 0.703256 0.862358 0.688086 0.968050 0.451991 0.498496 0.761412 0.827153 0.442207 0.385076 0.296790 0.000000 0.564124 0.487744 0.525225 0.481227 0.363604 0.425954 0.961435 0.919743 0.642148 0.708949 0.815581 0.797726 0.932939 0.883962 0.417635 0.507498 0.885965 0.743715 0.413387 0.390151 0.844624 0.999430 0.866136 0.876762 0.953194 0.981837 0.992701 0.942086 0.815181 0.751310 0.681459 0.597249 0.519560 0.471102 0.599158 0.515527 0.500912 0.465563 0.738591 0.871522 0.644455 0.672596 0.542103 0.549581 0.420893 0.553014 0.320730 0.355731 0.406279 0.430552 0.812795 0.730619 0.666052 0.754675 0.781459 0.611969 0.858413 0.955140 0.759199 0.679955 0.769803 0.673245 0.711882 0.697557 0.532161 0.612981 0.537453 0.592748 0.470034 0.576662 0.448762 0.509591 0.789120 0.661103 0.630368 0.540281 0.881125 0.805485 0.782321 0.698730 0.986476 0.937930 0.562669 0.973528 0.657627 0.661066 0.988287 0.999170 0.752413 0.741981 0.815035 0.792346 0.937861 0.947619 0.977867 0.701991 0.817627 0.682100 0.738037 0.711694 0.751282 0.662820
0.792754 0.865264 0.901046 0.845560 0.680397 0.964623 0.578954 0.901043 0.581927 0.592320 0.716264 0.799356 0.457443 0.564124 0.000000 0.440309 0.714716 0.691265 0.619966 0.766659 0.897313 0.989850 0.374023 0.776740 0.806638 0.711590 0.877938 0.897193 0.538794 0.625315 0.697533 0.682244 0.552703 0.714135 0.927420 0.918833 0.907229 0.839347 0.702827 0.679125 0.954515 0.917657 0.927499 0.985725 0.697158 0.807011 0.963622 0.892330 0.752983 0.781727 0.922859 0.893320 0.722043 0.760794 0.958186 0.943160 0.865741 0.857209 0.849894 0.960394 0.618731 0.709458 0.682552 0.685641 0.784243 0.868091 0.967649 0.862029 0.876748 0.994238 0.930270 0.996945 0.805392 0.893466 0.878191 0.839131 0.851391 0.831168 0.799359 0.862920 0.784112 0.898241 0.606401 0.769371 0.621044 0.884441 0.722590 0.693362 0.838840 0.857041 0.935139 0.995144 0.753653 0.844985 0.951383 0.951752 0.932313 0.856158 0.738662 0.708899 0.818587 0.893016 0.935277 0.903068 0.928887 0.928081 0.855530 0.986781 0.971855 0.949112 0.936846 0.702904 0.859547 0.771189 0.952064 0.731435
0.893673 0.884261 0.665634 0.745996 0.729539 0.858969 0.528630 0.611077 0.535582 0.632195 0.778175 0.791151 0.517210 0.487744 0.440309 0.000000 0.868078 0.834741 0.662638 0.791331 0.892178 0.930786 0.495866 0.490136 0.942027 0.999976 0.790207 0.976632 0.698063 0.817619 0.647231 0.739020 0.713861 0.726120 0.896874 0.960737 0.894709 0.892224 0.934333 0.937763 0.954894 0.940696 0.775074 0.790999 0.829697 0.778892 0.800669 0.750696 0.854251 0.843553 0.831257 0.775967 0.717338 0.747007 0.944917 0.984660 0.979283 0.947297 0.824586 0.965817 0.710852 0.691593 0.833451 0.832965 0.583155 0.825060 0.848054 0.927203 0.845168 0.977994 0.784360 0.984427 0.861475 0.763488 0.771868 0.764974 0.678434 0.713475 0.761175 0.925210 0.973240 0.988525 0.692329 0.909779 0.714582 0.657319 0.844405 0.915763 0.906075 0.784362 0.874538 0.802946 0.986753 0.902333 0.995832 0.861933 0.919388 0.810946 0.782565 0.668612 0.971489 0.885644 0.996379 0.874602 0.760373 0.846011 0.815604 0.869705 0.970570 0.948055 0.934581 0.706349 0.599233 0.604027 0.792036 0.909108
0.280169 0.285752 0.943205 0.788257 0.762970 0.809205 0.804426 0.788456 0.981494 0.981634 0.331510 0.314571 0.407932 0.525225 0.714716 0.868078 0.000000 0.220805 0.419291 0.340447 0.799042 0.926332 0.890165 0.859900 0.604230 0.513844 0.858071 0.823264 0.368388 0.285873 0.826836 0.976259 0.453990 0.473003 0.920866 0.795385 0.916754 0.998795 0.821126 0.967319 0.935730 0.810172 0.887068 0.971836 0.863913 0.777068 0.678631 0.714389 0.589525 0.567030 0.630055 0.637673 0.924951 0.862038 0.636413 0.670863 0.267285 0.274998 0.480455 0.516344 0.372186 0.394173 0.257944 0.258588 0.900006 0.950829 0.994108 0.970520 0.525533 0.447343 0.934822 0.768955 0.735743 0.856064 0.835566 0.771908 0.980739 0.883174 0.436216 0.418476 0.249658 0.315286 0.471691 0.367624 0.467111 0.742191 0.661119 0.571818 0.619412 0.619929 0.531036 0.450154 0.450554 0.383588 0.805875 0.864540 0.612888 0.976626 0.833813 0.999334 0.783072 0.863876 0.720751 0.754171 0.986192 0.937925 0.824193 0.826631 0.851464 0.816041 0.954369 0.751341 0.990449 0.785870 0.809248 0.611945
0.250315 0.262368 0.946818 0.803247 0.797790 0.843097 0.802797 0.773090 0.937332 0.934075 0.295051 0.303331 0.376600 0.481227 0.691265 0.834741 0.220805 0.000000 0.401430 0.287515 0.841882 0.845002 0.853363 0.922341 0.661269 0.535157 0.895564 0.870648 0.341764 0.291112 0.813638 0.996151 0.428851 0.492903 0.943659 0.843207 0.902048 0.964388 0.859778 0.980056 0.898309 0.812739 0.866052 0.983753 0.913802 0.820323 0.684436 0.689502 0.605846 0.598553 0.648537 0.653499 0.983812 0.810098 0.638647 0.660795 0.259596 0.253450 0.463652 0.485584 0.367567 0.387270 0.244729 0.240040 0.951650 0.934762 0.956748 0.985693 0.472357 0.413017 0.971106 0.765131 0.742921 0.810529 0.867165 0.804756 0.957172 0.889596 0.435952 0.439485 0.242273 0.290647 0.436392 0.303258 0.432062 0.692987 0.634710 0.555709 0.599102 0.615797 0.496296 0.421771 0.434158 0.363519 0.773136 0.855954 0.582612 0.956578 0.845116 0.985307 0.755672 0.803084 0.787848 0.758105 0.961906 0.922264 0.840522 0.799563 0.855987 0.788283 0.982545 0.770775 0.986557 0.813150 0.810920 0.631496
0.368590 0.448808 0.806351 0.974721 0.691889 0.842621 0.415765 0.536119 0.678965 0.695365 0.370485 0.399032 0.298403 0.363604 0.619966 0.662638 0.419291 0.401430 0.000000 0.354713 0.839979 0.936415 0.612369 0.862319 0.615586 0.553465 0.932702 0.720126 0.373143 0.307682 0.924251 0.774558 0.477743 0.406254 0.849741 0.854361 0.989299 0.985574 0.782791 0.837325 0.992241 0.964967 0.998402 0.887633 0.770582 0.699470 0.723098 0.545354 0.533419 0.451123 0.612044 0.581898 0.799100 0.948661 0.688853 0.751074 0.452501 0.484114 0.454657 0.498773 0.324450 0.358292 0.360548 0.382802 0.988686 0.924294 0.866894 0.963750 0.624021 0.562931 0.832018 0.942907 0.566538 0.720441 0.736205 0.777841 0.798463 0.854538 0.537372 0.622936 0.410776 0.473264 0.518826 0.577620 0.463972 0.714198 0.795958 0.600392 0.630653 0.647516 0.839973 0.785032 0.671755 0.648554 0.921183 0.958259 0.568697 0.939327 0.704233 0.713723 0.924946 0.881587 0.743744 0.683411 0.920932 0.887616 0.945983 0.932086 0.900421 0.751207 0.822963 0.641235 0.823631 0.755379 0.853107 0.575595
0.295607 0.316078 0.911666 0.975711 0.804733 0.862031 0.664102 0.621926 0.981178 0.994961 0.300741 0.319221 0.351951 0.425954 0.766659 0.791331 0.340447 0.287515 0.354713 0.000000 0.802636 0.849494 0.829245 0.967695 0.723174 0.620633 0.899629 0.782400 0.430972 0.318678 0.845011 0.978891 0.531836 0.479174 0.876615 0.849243 0.895279 0.851228 0.950411 0.975966 0.925598 0.903644 0.926048 0.963414 0.982020 0.842479 0.691107 0.644669 0.671091 0.636706 0.661333 0.674912 0.947211 0.804866 0.628525 0.615897 0.334105 0.329956 0.466835 0.466389 0.381344 0.382578 0.331047 0.342773 0.973308 0.824584 0.909027 0.997015 0.526199 0.447169 0.885052 0.865407 0.693764 0.750733 0.882656 0.881444 0.823304 0.893034 0.474898 0.499932 0.321444 0.334502 0.450039 0.384612 0.436369 0.628295 0.647213 0.589721 0.566447 0.579826 0.594370 0.562454 0.573573 0.517196 0.787501 0.925451 0.571751 0.945764 0.867363 0.962140 0.839425 0.909916 0.835862 0.755537 0.928065 0.853947 0.880286 0.922679 0.889856 0.710071 0.925366 0.787311 0.929259 0.859185 0.812625 0.623757
0.879822 0.881276 0.901471 0.808584 0.846954 0.734267 0.980904 0.903828 0.889251 0.857913 0.954709 0.857408 0.871623 0.961435 0.897313 0.892178 0.799042 0.841882 0.839979 0.802636 0.000000 0.955800 0.748679 0.868889 0.685038 0.633794 0.855077 0.728999 0.847208 0.760748 0.872331 0.914756 0.969988 0.995524 0.961585 0.946436 0.924279 0.794491 0.772854 0.601906 0.939446 0.844427 0.735809 0.720515 0.923729 0.819399 0.857658 0.826167 0.978655 0.879153 0.927145 0.985284 0.928222 0.956574 0.892899 0.950418 0.898044 0.919614 0.986891 0.925623 0.901068 0.873289 0.884652 0.852839 0.895523 0.847060 0.763606 0.724598 0.895629 0.974784 0.902221 0.936626 0.746262 0.878066 0.989066 0.936266 0.941977 0.906828 0.930419 0.904577 0.857653 0.860966 0.860840 0.986087 0.820543 0.836892 0.898197 0.729552 0.914522 0.970420 0.760770 0.939357 0.753246 0.871000 0.920941 0.803564 0.939085 0.945047 0.912413 0.914352 0.702495 0.857489 0.969186 0.914947 0.878278 0.828255 0.975617 0.912919 0.916494 0.931581 0.993597 0.973818 0.916017 0.935335 0.869068 0.912391
0.918518 0.934606 0.923131 0.986006 0.897047 0.988872 0.980052 0.936588 0.872302 0.909218 0.973004 0.979132 0.942921 0.919743 0.989850 0.930786 0.926332 0.845002 0.936415 0.849494 0.955800 0.000000 0.956732 0.953145 0.962173 0.899410 0.905097 0.957760 0.939645 0.980439 0.956470 0.997041 0.896729 0.917268 0.977094 0.873809 0.956595 0.822206 0.955787 0.973488 0.823517 0.926528 0.924869 0.962182 0.981739 0.955207 0.996753 0.931620 0.990763 0.957075 0.996957 0.928430 0.845328 0.958448 0.916426 0.933860 0.917697 0.943735 0.999040 0.982878 0.984071 0.939207 0.911481 0.960169 0.982669 0.940026 0.964179 0.961129 0.995391 0.963262 0.800874 0.975622 0.919466 0.991308 0.995445 0.894721 0.997982 0.892654 0.901499 0.840513 0.922347 0.898867 0.864598 0.878223 0.847324 0.995750 0.820995 0.763288 0.775434 0.799895 0.920893 0.940887 0.930630 0.998065 0.889205 0.895781 0.979612 0.964976 0.982070 0.992390 0.846869 0.776636 0.987288 0.998371 0.930644 0.973367 0.967640 0.972302 0.928146 0.980727 0.953296 0.948580 0.995056 0.919584 0.924009 0.911189
0.919367 0.990801 0.839426 0.872450 0.606294 0.939451 0.596660 0.958007 0.478411 0.500621 0.874784 0.916965 0.567169 0.642148 0.374023 0.495866 0.890165 0.853363 0.612369 0.829245 0.748679 0.956732 0.000000 0.639608 0.826349 0.681687 0.784754 0.855704 0.680107 0.733542 0.714145 0.757441 0.738844 0.902523 0.940891 0.931090 0.829554 0.887659 0.733216 0.527882 0.906541 0.792292 0.819809 0.849615 0.819266 0.979480 0.885344 0.987328 0.847541 0.830415 0.941824 0.947823 0.723664 0.676186 0.906919 0.805717 0.992572 0.999714 0.988525 0.915442 0.737516 0.798135 0.844948 0.822140 0.733742 0.836282 0.852296 0.695115 0.901550 0.914736 0.906440 0.932926 0.803246 0.834926 0.862964 0.911732 0.888064 0.913872 0.844597 0.980702 0.894261 0.965968 0.671327 0.920762 0.580168 0.952972 0.814022 0.608679 0.847744 0.854103 0.997901 0.830313 0.799440 0.962941 0.997603 0.964628 0.975965 0.805235 0.877493 0.733454 0.781882 0.804981 0.860689 0.959984 0.989565 0.884148 0.855920 0.998684 0.897226 0.956066 0.898876 0.810712 0.810357 0.946554 0.982706 0.879621
0.939848 0.945799 0.495996 0.584692 0.875900 0.773542 0.674568 0.707284 0.694819 0.898640 0.979757 0.987506 0.780194 0.708949 0.776740 0.490136 0.859900 0.922341 0.862319 0.967695 0.868889 0.953145 0.639608 0.000000 0.621612 0.758966 0.659066 0.921851 0.980440 0.899160 0.781258 0.896229 0.934365 0.901586 0.816049 0.933729 0.898836 0.732648 0.756728 0.994617 0.849841 0.884994 0.853381 0.994578 0.913751 0.940096 0.922682 0.896411 0.801935 0.873778 0.951352 0.960434 0.950765 0.975893 0.989032 0.987885 0.821190 0.875206 0.973792 0.901652 0.947710 0.894320 0.902108 0.888890 0.443856 0.628636 0.713635 0.813743 0.874031 0.875841 0.772132 0.946555 0.989963 0.978638 0.756765 0.898083 0.853212 0.759475 0.881222 0.828704 0.854798 0.910459 0.790450 0.990551 0.735933 0.580607 0.788912 0.974344 0.880895 0.889193 0.773654 0.735907 0.789553 0.676377 0.969532 0.675655 0.980371 0.996413 0.973089 0.851860 0.927057 0.885793 0.664827 0.955862 0.704172 0.740813 0.969628 0.911066 0.944615 0.951456 0.928687 0.936996 0.810855 0.891651 0.899514 0.888904
0.694969 0.727249 0.592483 0.558079 0.766636 0.525998 0.903097 0.944662 0.816115 0.643564 0.721580 0.741057 0.712023 0.815581 0.806638 0.942027 0.604230 0.661269 0.615586 0.723174 0.685038 0.962173 0.826349 0.621612 0.000000 0.327952 0.676985 0.677734 0.533709 0.528908 0.861938 0.812604 0.818234 0.821299 0.700646 0.804722 0.714579 0.626467 0.472082 0.658825 0.869609 0.944999 0.825506 0.984109 0.660780 0.738437 0.989905 0.909855 0.484609 0.477107 0.758604 0.801479 0.661626 0.718227 0.953060 0.974564 0.658327 0.717529 0.783948 0.744035 0.679646 0.771168 0.574103 0.570457 0.487412 0.535300 0.654435 0.587320 0.838230 0.781438 0.960042 0.934913 0.789957 0.879325 0.978788 0.891769 0.984440 0.873427 0.766550 0.727987 0.648037 0.790170 0.894463 0.909664 0.903657 0.625456 0.910587 0.673506 0.983635 0.987842 0.672010 0.736570 0.514269 0.574851 0.998427 0.685329 0.918656 0.802974 0.762769 0.919539 0.739683 0.990454 0.717080 0.859033 0.724021 0.696176 0.997687 0.974683 0.955190 0.993219 0.928885 0.840131 0.988500 0.996692 0.881118 0.675352
0.610619 0.666122 0.618185 0.489497 0.735936 0.484147 0.920304 0.899640 0.805963 0.685678 0.667165 0.673182 0.620024 0.797726 0.711590 0.999976 0.513844 0.535157 0.553465 0.620633 0.633794 0.899410 0.681687 0.758966 0.327952 0.000000 0.863474 0.565776 0.496982 0.445800 0.870898 0.984895 0.749655 0.846214 0.725084 0.796198 0.770718 0.789286 0.507595 0.590936 0.898414 0.990053 0.656527 0.828157 0.752941 0.857011 0.928236 0.957204 0.542065 0.547894 0.833409 0.854945 0.776661 0.806490 0.948319 0.915773 0.591302 0.628071 0.823098 0.777991 0.637960 0.699466 0.486155 0.490584 0.593304 0.543010 0.574605 0.522975 0.781151 0.683578 0.920927 0.895441 0.766261 0.980573 0.995082 0.905813 0.929262 0.829420 0.704819 0.758179 0.544736 0.680497 0.744655 0.753562 0.735461 0.708312 0.858247 0.504438 0.882200 0.951580 0.549642 0.630092 0.391829 0.501450 0.885232 0.705112 0.919083 0.814619 0.846410 0.918603 0.683283 0.958167 0.851317 0.840864 0.757752 0.730119 0.887252 0.930875 0.963672 0.957439 0.963474 0.845706 0.929672 0.996485 0.924451 0.635530
0.856938 0.868563 0.806010 0.897421 0.907631 0.887490 0.964624 0.943328 0.860825 0.971789 0.817786 0.842946 0.941038 0.932939 0.877938 0.790207 0.858071 0.895564 0.932702 0.899629 0.855077 0.905097 0.784754 0.659066 0.676985 0.863474 0.000000 0.943137 0.890294 0.834151 0.880934 0.842136 0.883920 0.854794 0.968479 0.785073 0.904468 0.790800 0.853448 0.957032 0.972334 0.902764 0.887961 0.782925 0.747381 0.715878 0.923734 0.840685 0.690902 0.706602 0.739048 0.792140 0.818923 0.869252 0.965495 0.785771 0.810080 0.856419 0.778395 0.772740 0.832205 0.883059 0.806296 0.810825 0.603433 0.849517 0.988786 0.916145 0.984901 0.841442 0.989354 0.973055 0.892323 0.792650 0.941208 0.959653 0.995542 0.959992 0.836638 0.905502 0.882375 0.931974 0.845492 0.932368 0.841306 0.839267 0.763868 0.917133 0.828579 0.971528 0.945600 0.812932 0.910645 0.823440 0.965948 0.865819 0.917106 0.984389 0.841665 0.991234 0.940276 0.900099 0.642297 0.736574 0.875062 0.909564 0.994885 0.910587 0.962489 0.925149 0.861249 0.975827 0.988633 0.914973 0.949658 0.713270
0.822554 0.865982 0.909674 0.859761 0.818188 0.575409 0.894065 0.929067 0.794347 0.702226 0.880009 0.835178 0.824033 0.883962 0.897193 0.976632 0.823264 0.870648 0.720126 0.782400 0.728999 0.957760 0.855704 0.921851 0.677734 0.565776 0.943137 0.000000 0.771163 0.688787 0.955191 0.988124 0.979018 0.887238 0.765211 0.904219 0.966196 0.958302 0.742360 0.675015 0.790256 0.826312 0.767376 0.895479 0.950900 0.928872 0.927983 0.991266 0.765482 0.719823 0.916727 0.936326 0.879327 0.880589 0.977681 0.887391 0.834455 0.864149 0.947655 0.831147 0.878029 0.868052 0.800330 0.802550 0.734467 0.768020 0.767028 0.698703 0.859541 0.854406 0.937093 0.896821 0.756767 0.991308 0.956023 0.975637 0.959890 0.890526 0.974199 0.969544 0.813738 0.872031 0.869815 0.977210 0.913769 0.804249 0.970457 0.742330 0.799039 0.981256 0.815933 0.899563 0.723939 0.815655 0.996371 0.912588 0.938024 0.851846 0.964640 0.915374 0.945035 0.915412 0.932613 0.873585 0.861547 0.847641 0.968619 0.970355 0.904330 0.992866 0.984849 0.865716 0.978666 0.986736 0.969038 0.788922
0.386735 0.430182 0.968699 0.755551 0.690411 0.778698 0.641055 0.745261 0.826302 0.744997 0.374627 0.379936 0.363093 0.417635 0.538794 0.698063 0.368388 0.341764 0.373143 0.430972 0.847208 0.939645 0.680107 0.980440 0.533709 0.496982 0.890294 0.771163 0.000000 0.280465 0.981681 0.805440 0.400723 0.437726 0.930629 0.817956 0.964722 0.921788 0.672811 0.807437 0.969243 0.926066 0.979818 0.872690 0.636220 0.631061 0.707391 0.649808 0.420062 0.438266 0.568692 0.589533 0.703457 0.862775 0.711846 0.749263 0.404669 0.423767 0.463577 0.526100 0.361942 0.404937 0.281038 0.291799 0.857440 0.900912 0.972408 0.915312 0.660910 0.543438 0.974387 0.927587 0.667372 0.790050 0.879785 0.712825 0.891066 0.893553 0.493180 0.570266 0.370245 0.487986 0.472438 0.552642 0.530978 0.838092 0.810321 0.574901 0.709595 0.652583 0.675217 0.619298 0.515380 0.489187 0.922050 0.883681 0.685798 0.864257 0.650966 0.773545 0.860828 0.941517 0.685044 0.676716 0.946579 0.954721 0.923445 0.961869 0.945809 0.802935 0.849042 0.643051 0.908383 0.729714 0.866796 0.606278
0.294374 0.368373 0.960119 0.780578 0.689465 0.719668 0.647575 0.718520 0.846517 0.785081 0.307537 0.342576 0.368286 0.507498 0.625315 0.817619 0.285873 0.291112 0.307682 0.318678 0.760748 0.980439 0.733542 0.899160 0.528908 0.445800 0.834151 0.688787 0.280465 0.000000 0.916769 0.845005 0.475090 0.476154 0.795087 0.744310 0.950245 0.943138 0.650241 0.793566 0.972775 0.884879 0.858415 0.985342 0.819266 0.760780 0.769261 0.685609 0.496143 0.491727 0.651828 0.667180 0.857124 0.958918 0.685246 0.725167 0.320196 0.345693 0.471323 0.474410 0.360712 0.401465 0.284035 0.278783 0.812883 0.925486 0.961511 0.828068 0.548021 0.452520 0.967071 0.888351 0.561428 0.795206 0.830656 0.781035 0.952401 0.916403 0.466754 0.533554 0.281405 0.366769 0.483205 0.476902 0.504663 0.848470 0.728709 0.555218 0.644619 0.686106 0.612030 0.563125 0.467313 0.456812 0.842685 0.889372 0.633545 0.915123 0.753310 0.873930 0.799016 0.978885 0.694793 0.661972 0.958308 0.991579 0.908495 0.922714 0.918612 0.781855 0.878790 0.700287 0.957129 0.813669 0.889588 0.551314
0.815959 0.758004 0.803314 0.821692 0.918852 0.945494 0.699984 0.864278 0.715059 0.602844 0.895430 0.841647 0.951127 0.885965 0.697533 0.647231 0.826836 0.813638 0.924251 0.845011 0.872331 0.956470 0.714145 0.781258 0.861938 0.870898 0.880934 0.955191 0.981681 0.916769 0.000000 0.634207 0.896780 0.905456 0.951705 0.751252 0.861016 0.926624 0.981884 0.953528 0.941722 0.954816 0.807800 0.810789 0.812939 0.803061 0.931149 0.897697 0.925942 0.894990 0.921768 0.913430 0.692033 0.649226 0.905343 0.898251 0.737596 0.731677 0.939143 0.872131 0.933325 0.917105 0.885529 0.867114 0.904770 0.880443 0.882429 0.993112 0.633902 0.710708 0.802557 0.752522 0.913683 0.868724 0.822579 0.843891 0.664382 0.857130 0.963375 0.875645 0.776525 0.670645 0.987348 0.768509 0.884745 0.973032 0.871786 0.860488 0.952650 0.983884 0.717739 0.674034 0.772264 0.701100 0.909897 0.898917 0.981812 0.925516 0.859817 0.709434 0.892749 0.738040 0.961950 0.989728 0.826541 0.854560 0.935835 0.743542 0.939687 0.877944 0.945066 0.856050 0.810914 0.806675 0.958760 0.925348
0.957065 0.946694 0.873467 0.870571 0.922407 0.841850 0.563600 0.753202 0.737525 0.582751 0.899978 0.969118 0.755490 0.743715 0.682244 0.739020 0.976259 0.996151 0.774558 0.978891 0.914756 0.997041 0.757441 0.896229 0.812604 0.984895 0.842136 0.988124 0.805440 0.845005 0.634207 0.000000 0.759780 0.744853 0.974018 0.890127 0.995425 0.895220 0.857192 0.746387 0.992165 0.932186 0.776915 0.700306 0.682164 0.662970 0.882405 0.733380 0.758927 0.701926 0.758300 0.797488 0.588433 0.642009 0.897593 0.930771 0.911208 0.861064 0.860524 0.918191 0.844974 0.978681 0.925409 0.952003 0.932021 0.869228 0.869866 0.976554 0.833861 0.900803 0.760125 0.600236 0.730281 0.698130 0.972326 0.746760 0.715434 0.768152 0.884268 0.968876 0.961633 0.834041 0.949066 0.904608 0.966734 0.942695 0.816352 0.982830 0.967282 0.993956 0.752073 0.805640 0.841827 0.917758 0.914668 0.997598 0.989186 0.881155 0.590993 0.625614 0.931669 0.664740 0.650688 0.776579 0.870981 0.910605 0.702001 0.717510 0.905914 0.925572 0.848686 0.791949 0.744088 0.795398 0.914284 0.804579
0.452255 0.502452 0.865539 0.919195 0.802768 0.986231 0.593305 0.703332 0.938852 0.938649 0.432218 0.456649 0.393130 0.413387 0.552703 0.713861 0.453990 0.428851 0.477743 0.531836 0.969988 0.896729 0.738844 0.934365 0.818234 0.749655 0.883920 0.979018 0.400723 0.475090 0.896780 0.759780 0.000000 0.405953 0.781904 0.978852 0.874951 0.935700 0.914887 0.969867 0.848950 0.866426 0.905324 0.790823 0.661103 0.653355 0.619325 0.646107 0.612533 0.586147 0.528611 0.538406 0.720872 0.961146 0.645473 0.615765 0.497674 0.521391 0.427377 0.554486 0.355127 0.431124 0.371530 0.389080 0.931818 0.854689 0.667521 0.770772 0.751138 0.651032 0.973926 0.930210 0.743962 0.814979 0.860298 0.754267 0.859552 0.793449 0.562056 0.627958 0.477404 0.552455 0.556729 0.510250 0.503638 0.631589 0.784513 0.700622 0.693298 0.700894 0.856742 0.665208 0.777615 0.573515 0.912568 0.957105 0.465150 0.955322 0.628072 0.715255 0.940505 0.987973 0.645060 0.747492 0.834110 0.760801 0.891651 0.918991 0.907869 0.736243 0.783523 0.719311 0.864672 0.722529 0.722643 0.601378
0.426923 0.474655 0.754917 0.846638 0.864552 0.944007 0.502375 0.480742 0.873300 0.850552 0.416386 0.416997 0.393568 0.390151 0.714135 0.726120 0.473003 0.492903 0.406254 0.479174 0.995524 0.917268 0.902523 0.901586 0.821299 0.846214 0.854794 0.887238 0.437726 0.476154 0.905456 0.744853 0.405953 0.000000 0.950226 0.984405 0.855103 0.918323 0.967250 0.900559 0.853238 0.862775 0.705254 0.639650 0.627301 0.486964 0.517670 0.416710 0.506663 0.478815 0.411545 0.438750 0.743923 0.935868 0.550598 0.555238 0.511298 0.515380 0.336443 0.436754 0.319919 0.350245 0.415657 0.438062 0.967939 0.722999 0.586552 0.647266 0.763548 0.609561 0.873174 0.993009 0.758478 0.734773 0.708213 0.747329 0.676497 0.748781 0.543498 0.528020 0.491483 0.590095 0.623359 0.632061 0.617983 0.571926 0.878136 0.846054 0.708686 0.622811 0.972350 0.763369 0.884949 0.673983 0.923743 0.900646 0.572812 0.849875 0.560290 0.648140 0.802000 0.913085 0.562967 0.614117 0.830036 0.661373 0.999739 0.921783 0.962219 0.771253 0.677178 0.543781 0.753915 0.568970 0.704556 0.678993
0.958688 0.976315 0.870397 0.975883 0.909464 0.687007 0.922245 0.911873 0.972667 0.739415 0.916286 0.992068 0.994863 0.844624 0.927420 0.896874 0.920866 0.943659 0.849741 0.876615 0.961585 0.977094 0.940891 0.816049 0.700646 0.725084 0.968479 0.765211 0.930629 0.795087 0.951705 0.974018 0.781904 0.950226 0.000000 0.749501 0.851907 0.878111 0.691985 0.847167 0.857212 0.958818 0.986089 0.974690 0.980147 0.929038 0.944696 0.968274 0.743215 0.819329 0.988994 0.970133 0.935263 0.999118 0.885440 0.951501 0.905212 0.926243 0.981219 0.881910 0.983167 0.991007 0.998584 0.962060 0.754770 0.802312 0.719470 0.638697 0.874280 0.838542 0.944507 0.952376 0.761899 0.992007 0.928124 0.992688 0.933160 0.821457 0.957256 0.985808 0.891532 0.942373 0.976866 0.970586 0.897004 0.786931 0.983230 0.963479 0.995899 0.923785 0.925601 0.958593 0.885069 0.984170 0.878673 0.979248 0.920947 0.932335 0.975247 0.964230 0.965867 0.974137 0.999850 0.955942 0.847348 0.794399 0.912524 0.951840 0.899226 0.990551 0.965927 0.914033 0.954961 0.990337 0.923184 0.968515
0.843974 0.848748 0.964798 0.945080 0.918671 0.803874 0.906614 0.957161 0.863280 0.959692 0.849701 0.884835 0.907659 0.999430 0.918833 0.960737 0.795385 0.843207 0.854361 0.849243 0.946436 0.873809 0.931090 0.933729 0.804722 0.796198 0.785073 0.904219 0.817956 0.744310 0.751252 0.890127 0.978852 0.984405 0.749501 0.000000 0.891352 0.759415 0.816211 0.892697 0.869619 0.965145 0.883954 0.927059 0.957000 0.999005 0.966562 0.931993 0.855869 0.909199 0.914314 0.914034 0.936314 0.886415 0.996764 0.953711 0.765203 0.808344 0.996879 0.999927 0.936310 0.923754 0.870528 0.866576 0.949141 0.913604 0.765181 0.757798 0.837591 0.836791 0.841725 0.989664 0.869577 0.936999 0.934814 0.898843 0.789543 0.910465 0.828522 0.973476 0.752510 0.756466 0.959079 0.814214 0.859016 0.996715 0.871689 0.909678 0.981662 0.908239 0.850600 0.921399 0.751993 0.871970 0.871649 0.974633 0.982432 0.807643 0.881380 0.841485 0.836481 0.957484 0.967495 0.819596 0.793048 0.752636 0.910185 0.911739 0.926000 0.957954 0.986350 0.946998 0.953987 0.960477 0.942748 0.786605
0.864155 0.806330 0.699452 0.705202 0.820347 0.842455 0.951323 0.712772 0.842579 0.856414 0.934832 0.784705 0.991213 0.866136 0.907229 0.894709 0.916754 0.902048 0.989299 0.895279 0.924279 0.956595 0.829554 0.898836 0.714579 0.770718 0.904468 0.966196 0.964722 0.950245 0.861016 0.995425 0.874951 0.855103 0.851907 0.891352 0.000000 0.667649 0.656973 0.797726 0.899046 0.984398 0.763787 0.813472 0.897900 0.931497 0.694200 0.806414 0.992713 0.970714 0.837202 0.866028 0.988095 0.805462 0.684130 0.832512 0.844321 0.829736 0.865572 0.816968 0.921907 0.867801 0.922389 0.934963 0.847679 0.699439 0.740208 0.734247 0.849704 0.832238 0.981788 0.986621 0.844798 0.872275 0.880523 0.788004 0.792406 0.794493 0.843309 0.971929 0.929615 0.891582 0.812114 0.897902 0.949671 0.700944 0.852788 0.876236 0.870640 0.932154 0.999157 0.945982 0.915032 0.963348 0.998316 0.830849 0.863110 0.903688 0.962143 0.902328 0.891716 0.903863 0.902485 0.917880 0.671906 0.744046 0.921396 0.847118 0.981204 0.790812 0.907636 0.890888 0.898301 0.835310 0.689972 0.977788
0.882750 0.865601 0.731651 0.712563 0.993108 0.949972 0.976956 0.770964 0.801732 0.795685 0.941303 0.865996 0.938839 0.876762 0.839347 0.892224 0.998795 0.964388 0.985574 0.851228 0.794491 0.822206 0.887659 0.732648 0.626467 0.789286 0.790800 0.958302 0.921788 0.943138 0.926624 0.895220 0.935700 0.918323 0.878111 0.759415 0.667649 0.000000 0.613516 0.769399 0.955914 0.948009 0.826672 0.935542 0.889076 0.997131 0.770565 0.885124 0.902293 0.883500 0.858641 0.875999 0.837174 0.821761 0.764874 0.841379 0.926035 0.893431 0.889523 0.866967 0.950449 0.904437 0.977752 0.978943 0.746446 0.670165 0.749309 0.759101 0.869433 0.832903 0.888060 0.915480 0.920273 0.976451 0.992502 0.876710 0.893403 0.850170 0.897047 0.975776 0.978763 0.949439 0.848703 0.855869 0.879677 0.668254 0.840496 0.950875 0.679512 0.815018 0.990845 0.966370 0.891842 0.881193 0.900882 0.754781 0.822757 0.837513 0.936669 0.931111 0.803716 0.925063 0.944976 0.979988 0.619818 0.617266 0.908975 0.983544 0.917649 0.912940 0.980638 0.987145 0.880275 0.941824 0.669333 0.937224
