0.000000 0.135258 0.351265 0.402682 0.646875 0.633353 0.716034 0.570265 0.481039 0.604894 0.324045 0.244350 0.284995 0.315096 0.528801 0.619501 0.239452 0.211058 0.240346 0.188272 0.475849 0.941866 0.562007 0.364361 0.373091 0.601706 0.392763 0.756424 0.465750 0.431169 0.828030 0.640871 0.327632 0.432219 0.793048 0.943691 0.615358 0.615729 0.817156 0.718073 0.606156 0.686399 0.911418 0.855393 0.729011 0.958175 0.585939 0.671964 0.932275 0.780327 0.916079 0.823166 0.846508 0.522673 0.365307 0.502215 0.137991 0.141913 0.382030 0.318743 0.341063 0.482921 0.245331 0.247588 0.258663 0.375693 0.686140 0.823281 0.243056 0.289062 0.616338 0.448811 0.926533 0.786440 0.773386 0.947845 0.890911 0.823883 0.476905 0.408130 0.242484 0.283885 0.342335 0.221889 0.222855 0.183253 0.893649 0.577404 0.464146 0.248166 0.304937 0.383188 0.340508 0.391514 0.879496 0.961474 0.975982 0.867138 0.721588 0.817304 0.610907 0.660537 0.956552 0.771286 0.924499 0.857124 0.925658 0.841979 0.692061 0.766223 0.826299 0.922943 0.762328 0.992000 0.742830 0.532599
0.135258 0.000000 0.315703 0.343038 0.671168 0.638489 0.682155 0.517207 0.501473 0.656129 0.379506 0.258162 0.311728 0.310589 0.506466 0.579498 0.243114 0.228650 0.236556 0.195520 0.493929 0.948861 0.506591 0.340045 0.364866 0.587752 0.381853 0.769392 0.475291 0.439437 0.743251 0.594568 0.323029 0.374153 0.753345 0.959005 0.601091 0.605774 0.746104 0.744641 0.643971 0.653348 0.970149 0.795610 0.754594 0.998531 0.555562 0.639109 0.901980 0.741856 0.863989 0.764345 0.890692 0.574767 0.394146 0.485009 0.135175 0.137307 0.355187 0.308571 0.345366 0.465655 0.266333 0.248037 0.264930 0.388901 0.655845 0.803382 0.265530 0.286817 0.682584 0.462253 0.952329 0.817801 0.741202 0.960489 0.974985 0.842758 0.454663 0.401797 0.257454 0.325659 0.369562 0.252895 0.260914 0.191629 0.934553 0.621742 0.477436 0.258737 0.294476 0.373704 0.335875 0.370152 0.905270 0.999769 0.997231 0.891073 0.741287 0.862029 0.546976 0.678418 0.958390 0.810772 0.932252 0.820202 0.833683 0.830533 0.740486 0.743332 0.815324 0.935581 0.809832 0.984616 0.715500 0.541026
0.351265 0.315703 0.000000 0.214975 0.675519 0.757618 0.616918 0.432960 0.704071 0.790899 0.603650 0.458244 0.433819 0.468855 0.637195 0.584305 0.476328 0.458055 0.382453 0.404383 0.461429 0.976963 0.552928 0.413753 0.339811 0.468245 0.483642 0.879506 0.649688 0.632594 0.670127 0.554518 0.462161 0.471964 0.741810 0.914639 0.527327 0.574390 0.703492 0.628150 0.771765 0.596523 0.937098 0.751781 0.809791 0.998801 0.639414 0.708401 0.968355 0.769438 0.865457 0.788835 0.947358 0.729218 0.502752 0.638363 0.301706 0.314840 0.483890 0.425572 0.479065 0.468358 0.501488 0.460302 0.352022 0.407932 0.656580 0.792095 0.401745 0.371695 0.912520 0.707267 0.901001 0.999849 0.869911 0.895598 0.890138 0.938832 0.541347 0.544437 0.515728 0.558565 0.567032 0.524895 0.523322 0.360587 0.979078 0.923368 0.542260 0.444127 0.493098 0.552905 0.546644 0.527850 0.967966 0.997991 0.849846 0.902605 0.926655 0.987374 0.586693 0.789793 0.958631 0.859166 0.864803 0.763340 0.678553 0.905412 0.880386 0.771123 0.786361 0.969709 0.997160 0.869409 0.615336 0.667829
0.402682 0.343038 0.214975 0.000000 0.719129 0.835620 0.505240 0.271633 0.786264 0.969321 0.752335 0.534905 0.537647 0.502733 0.733712 0.540344 0.566214 0.565062 0.454195 0.534239 0.563423 0.938340 0.503011 0.396607 0.424912 0.464299 0.549131 0.917855 0.767949 0.709738 0.553035 0.514840 0.438516 0.447361 0.664764 0.970478 0.476415 0.565004 0.694106 0.607857 0.830817 0.594429 0.840951 0.673635 0.911290 0.894920 0.612583 0.668646 0.863368 0.665936 0.693146 0.600437 0.860741 0.930080 0.539645 0.605754 0.331883 0.352293 0.372601 0.319109 0.491202 0.410078 0.515351 0.453115 0.496242 0.445074 0.564365 0.639679 0.534458 0.324404 0.975019 0.753466 0.849400 0.980420 0.818193 0.888884 0.791048 0.894784 0.498482 0.582762 0.595535 0.714894 0.649833 0.589300 0.616551 0.394264 0.842579 0.973323 0.528845 0.452754 0.535907 0.606619 0.580175 0.540105 0.922182 0.975845 0.819732 0.825402 0.972495 0.893490 0.641630 0.878800 0.989621 0.784817 0.853282 0.695964 0.607238 0.948369 0.913684 0.720633 0.804547 0.938166 0.910722 0.785842 0.541184 0.742327
0.646875 0.671168 0.675519 0.719129 0.000000 0.680931 0.953524 0.899640 0.672452 0.689671 0.822857 0.793861 0.849228 0.893320 0.935730 0.915210 0.804926 0.796132 0.724066 0.684133 0.758581 0.949476 0.982984 0.878788 0.686112 0.787416 0.812779 0.949873 0.998169 0.948503 0.966931 0.946552 0.816120 0.919662 0.836607 0.843600 0.812211 0.792615 0.822057 0.954752 0.894619 0.898697 0.950362 0.952423 0.798473 0.929311 0.852709 0.886487 0.937086 0.984087 0.916914 0.952447 0.710352 0.602558 0.874993 0.899126 0.655489 0.688244 0.750034 0.711131 0.891554 0.958362 0.847566 0.804563 0.689477 0.891860 0.871168 0.958916 0.590449 0.651677 0.759054 0.741168 0.700863 0.653475 0.943378 0.947631 0.959569 0.878306 0.848227 0.879515 0.808805 0.806705 0.839402 0.763074 0.799894 0.710705 0.962209 0.975961 0.783929 0.730791 0.729297 0.728792 0.843931 0.692004 0.973148 0.909271 0.787899 0.949469 0.873598 0.909722 0.740365 0.658588 0.893756 0.937887 0.987643 0.950740 0.981830 0.994155 0.863966 0.733036 0.969413 0.807510 0.916776 0.935466 0.940231 0.743545
0.633353 0.638489 0.757618 0.835620 0.680931 0.000000 0.842692 0.920818 0.567827 0.633652 0.621032 0.659919 0.854951 0.787602 0.951065 0.953877 0.690609 0.669784 0.695444 0.626981 0.847948 0.853725 0.977016 0.812918 0.749757 0.981116 0.705218 0.939125 0.825841 0.754244 0.901084 0.905262 0.820893 0.931969 0.951522 0.983486 0.917907 0.984109 0.917077 0.973857 0.682526 0.856016 0.723399 0.811608 0.701231 0.858333 0.987815 0.992785 0.907430 0.920104 0.806855 0.817544 0.648061 0.506869 0.896731 0.862310 0.626019 0.628642 0.797599 0.768519 0.837558 0.961310 0.770633 0.748437 0.627010 0.908209 0.938790 0.928952 0.587869 0.755366 0.688793 0.684993 0.583238 0.586207 0.978139 0.828666 0.702005 0.726009 0.915468 0.918157 0.796357 0.730902 0.766183 0.646644 0.726031 0.731544 0.826149 0.869150 0.914429 0.740906 0.529029 0.634348 0.639514 0.665230 0.885371 0.849593 0.905595 0.930839 0.688442 0.683415 0.710742 0.719394 0.914623 0.967676 0.791204 0.824266 0.878420 0.738409 0.736509 0.928199 0.866167 0.888652 0.733957 0.813926 0.853141 0.743486
0.716034 0.682155 0.616918 0.505240 0.953524 0.842692 0.000000 0.228945 0.917214 0.537735 0.989113 0.753911 0.715943 0.713015 0.739432 0.677792 0.737173 0.763075 0.564600 0.785454 0.799350 0.953906 0.360335 0.746056 0.968122 0.863580 0.926892 0.965735 0.607969 0.751539 0.414019 0.461252 0.421367 0.383864 0.754703 0.948346 0.720513 0.733433 0.861853 0.820263 0.838265 0.701956 0.439561 0.378736 0.505149 0.440171 0.468057 0.503751 0.409230 0.338374 0.280703 0.286798 0.384539 0.561425 0.551827 0.509210 0.628281 0.666113 0.395676 0.443370 0.447730 0.384729 0.490424 0.487838 0.848340 0.700499 0.357308 0.363354 0.967873 0.658406 0.621700 0.887279 0.424731 0.533728 0.799967 0.555016 0.579842 0.556860 0.447557 0.613376 0.683097 0.939135 0.742758 0.885663 0.723281 0.730798 0.691692 0.996778 0.687576 0.728382 0.990848 0.928068 0.877671 0.887945 0.671539 0.784776 0.663694 0.759021 0.529776 0.491598 0.915338 0.660464 0.749401 0.627286 0.542666 0.452701 0.543583 0.665324 0.920273 0.883997 0.705605 0.539770 0.538796 0.596271 0.378512 0.991796
0.570265 0.517207 0.432960 0.271633 0.899640 0.920818 0.228945 0.000000 0.952978 0.670056 0.879854 0.610825 0.593039 0.575111 0.704338 0.481338 0.668867 0.679064 0.551825 0.700422 0.708451 0.966513 0.408555 0.542202 0.743578 0.688034 0.759717 0.915968 0.666560 0.701764 0.457056 0.497659 0.417788 0.386164 0.710975 0.937332 0.588793 0.580357 0.920773 0.714772 0.837340 0.637225 0.642748 0.533665 0.791918 0.681080 0.577738 0.651319 0.643091 0.508039 0.439958 0.393472 0.557425 0.743221 0.562653 0.610523 0.479144 0.502499 0.391527 0.374989 0.379378 0.270826 0.467975 0.413588 0.686306 0.501116 0.482717 0.483186 0.820861 0.481009 0.747288 0.976836 0.579032 0.720561 0.745140 0.702715 0.692234 0.698669 0.461529 0.630592 0.676349 0.898927 0.720738 0.785185 0.714420 0.587814 0.745650 0.964213 0.565692 0.650170 0.759176 0.786871 0.683161 0.655330 0.844169 0.954285 0.796441 0.846253 0.774166 0.712775 0.848331 0.891326 0.935232 0.744892 0.700383 0.623012 0.552647 0.789911 0.979968 0.802190 0.803272 0.786929 0.729937 0.676919 0.453196 0.832040
0.481039 0.501473 0.704071 0.786264 0.672452 0.567827 0.917214 0.952978 0.000000 0.526500 0.572657 0.577320 0.707064 0.569548 0.848948 0.985018 0.482802 0.459801 0.510897 0.456609 0.733315 0.946910 0.878937 0.606170 0.509675 0.641399 0.558498 0.934301 0.730578 0.649143 0.995036 0.862508 0.655521 0.712044 0.854563 0.816031 0.732542 0.810048 0.859797 0.985206 0.814437 0.962854 0.940537 0.887898 0.818756 0.990572 0.712406 0.700873 0.945307 0.868308 0.938312 0.994245 0.811868 0.602061 0.612278 0.563245 0.504904 0.513772 0.615718 0.633085 0.840089 0.931199 0.649242 0.634154 0.628347 0.772320 0.797477 0.932943 0.455027 0.600457 0.618811 0.614164 0.784373 0.776947 0.885423 0.951412 0.915248 0.761808 0.718637 0.609298 0.503041 0.437520 0.551746 0.363784 0.526652 0.486686 0.802081 0.573523 0.638261 0.420919 0.541471 0.681278 0.637757 0.691307 0.939934 0.815343 0.989857 0.945352 0.789546 0.954178 0.818183 0.740426 0.855564 0.751399 0.931675 0.862483 0.987717 0.895498 0.709819 0.721989 0.795274 0.946959 0.760618 0.977548 0.998854 0.761287
0.604894 0.656129 0.790899 0.969321 0.689671 0.633652 0.537735 0.670056 0.526500 0.000000 0.531785 0.720173 0.718497 0.763329 0.905544 0.892268 0.714447 0.644288 0.833100 0.595348 0.766588 0.933180 0.773927 0.720342 0.577787 0.805675 0.629804 0.766629 0.967376 0.862831 0.540921 0.759832 0.929244 0.851749 0.929420 0.971810 0.956604 0.820515 0.807618 0.956909 0.778344 0.949884 0.472045 0.572668 0.331634 0.414528 0.808072 0.794717 0.493342 0.556055 0.416005 0.483788 0.356710 0.281835 0.906121 0.968163 0.700082 0.669351 0.927920 0.964054 0.999624 0.836920 0.940105 0.927830 0.564184 0.693559 0.691011 0.548413 0.462142 0.745083 0.381808 0.534785 0.560780 0.535782 0.886364 0.667713 0.548525 0.525623 0.920338 0.885259 0.686560 0.458120 0.730489 0.522568 0.621415 0.568036 0.638477 0.576277 0.809031 0.644967 0.587075 0.584547 0.785579 0.798988 0.674175 0.954317 0.773670 0.722389 0.429830 0.509087 0.672989 0.547379 0.741451 0.810617 0.748621 0.752043 0.778390 0.652323 0.674138 0.985797 0.913839 0.589893 0.409207 0.713412 0.697111 0.654594
0.324045 0.379506 0.603650 0.752335 0.822857 0.621032 0.989113 0.879854 0.572657 0.531785 0.000000 0.250560 0.286244 0.316699 0.445864 0.603986 0.283864 0.216476 0.450203 0.296088 0.651307 0.855924 0.862282 0.558744 0.555040 0.845385 0.482152 0.724228 0.406033 0.311379 0.875839 0.914567 0.610342 0.651743 0.966257 0.981347 0.798270 0.743500 0.912251 0.837857 0.568272 0.979846 0.603175 0.780164 0.555573 0.681851 0.921505 0.967261 0.767380 0.878467 0.725779 0.789315 0.619772 0.384737 0.543935 0.730569 0.364163 0.334536 0.825023 0.751104 0.372763 0.529404 0.408749 0.388815 0.240721 0.366553 0.928481 0.852650 0.404521 0.635520 0.503293 0.524288 0.834149 0.761187 0.762453 0.860696 0.553717 0.711743 0.749975 0.617349 0.378942 0.331545 0.411634 0.318466 0.352014 0.384952 0.540636 0.611319 0.612738 0.544673 0.322732 0.340741 0.298703 0.441447 0.736106 0.936544 0.697250 0.632048 0.420211 0.523532 0.578553 0.576770 0.768696 0.929118 0.790432 0.845727 0.796168 0.654684 0.671733 0.999389 0.956161 0.730073 0.542682 0.711890 0.986900 0.530212
0.244350 0.258162 0.458244 0.534905 0.793861 0.659919 0.753911 0.610825 0.577320 0.720173 0.250560 0.000000 0.201150 0.195951 0.345257 0.413418 0.195221 0.181714 0.298425 0.243928 0.548103 0.895788 0.565305 0.416578 0.437033 0.696299 0.393935 0.777653 0.352541 0.264446 0.817928 0.652777 0.396610 0.414582 0.794674 0.982696 0.628701 0.626109 0.797037 0.703892 0.576425 0.813529 0.804673 0.964866 0.721534 0.893468 0.690884 0.805049 0.963401 0.882191 0.998056 0.920148 0.850211 0.568055 0.379972 0.572944 0.251732 0.212044 0.597760 0.539045 0.235384 0.349195 0.233475 0.198539 0.247161 0.314047 0.860970 0.938509 0.353363 0.445348 0.676092 0.575651 0.977574 0.888226 0.645768 0.935650 0.802245 0.821610 0.560602 0.439620 0.287569 0.333914 0.306508 0.281568 0.288186 0.278159 0.719002 0.612987 0.465576 0.428270 0.270403 0.324422 0.236121 0.306802 0.800882 0.927384 0.788563 0.719406 0.592363 0.687861 0.583377 0.679235 0.941093 0.890598 0.979159 0.967526 0.991102 0.692390 0.661576 0.794281 0.889614 0.830204 0.678847 0.815619 0.752115 0.527242
0.284995 0.311728 0.433819 0.537647 0.849228 0.854951 0.715943 0.593039 0.707064 0.718497 0.286244 0.201150 0.000000 0.209328 0.308505 0.371221 0.284507 0.236202 0.351401 0.319690 0.576132 0.949689 0.560635 0.380122 0.472610 0.648912 0.461377 0.768114 0.410553 0.379326 0.882355 0.612449 0.469393 0.466191 0.843293 0.905908 0.740222 0.689110 0.883894 0.748768 0.580685 0.793610 0.831441 0.998416 0.708300 0.844624 0.719256 0.862597 0.929264 0.902145 0.988601 0.901301 0.887971 0.641274 0.377020 0.595096 0.296335 0.268728 0.642405 0.572785 0.249392 0.382565 0.270042 0.275182 0.270386 0.253639 0.896276 0.953246 0.410425 0.471334 0.656790 0.591449 0.958617 0.961884 0.711681 0.978924 0.832036 0.815657 0.580582 0.398827 0.271387 0.296810 0.359701 0.321651 0.272183 0.258581 0.664510 0.605734 0.477848 0.463520 0.402083 0.439657 0.353094 0.434266 0.820066 0.910584 0.868143 0.734701 0.661460 0.749243 0.601664 0.797141 0.882265 0.942837 0.990979 0.963284 0.975179 0.758747 0.711982 0.944583 0.902398 0.789232 0.703355 0.841668 0.728446 0.524057
0.315096 0.310589 0.468855 0.502733 0.893320 0.787602 0.713015 0.575111 0.569548 0.763329 0.316699 0.195951 0.209328 0.000000 0.312960 0.324236 0.225709 0.199662 0.317900 0.309449 0.584904 0.869514 0.521106 0.311415 0.440620 0.589011 0.435341 0.835755 0.406485 0.281586 0.772869 0.571724 0.413849 0.385118 0.815534 0.970614 0.643594 0.669168 0.801576 0.737819 0.671385 0.845508 0.897111 0.910448 0.789657 0.944334 0.663425 0.749903 0.998818 0.816709 0.926542 0.832608 0.974406 0.732692 0.345328 0.489436 0.297970 0.265389 0.590176 0.548639 0.283920 0.344574 0.270240 0.243975 0.345241 0.253979 0.810023 0.856405 0.444310 0.467468 0.741475 0.628145 0.905510 0.959658 0.684142 0.951633 0.888186 0.882973 0.537601 0.404477 0.272466 0.316044 0.296432 0.252696 0.326571 0.261833 0.699610 0.549172 0.448560 0.446155 0.360579 0.418754 0.325640 0.413969 0.916274 0.921640 0.841037 0.801006 0.684324 0.833080 0.602617 0.793356 0.975488 0.861159 0.997158 0.879174 0.896765 0.786126 0.675274 0.890986 0.833319 0.875380 0.752934 0.875148 0.713388 0.578229
0.528801 0.506466 0.637195 0.733712 0.935730 0.951065 0.739432 0.704338 0.848948 0.905544 0.445864 0.345257 0.308505 0.312960 0.000000 0.359552 0.388901 0.372210 0.500797 0.468535 0.684932 0.868136 0.563091 0.469082 0.701213 0.820156 0.641096 0.781412 0.397981 0.393045 0.840295 0.680124 0.589561 0.485255 0.916858 0.863873 0.882528 0.920293 0.895976 0.816513 0.699898 0.908374 0.985583 0.920390 0.938334 0.998260 0.729426 0.806296 0.925811 0.844916 0.883742 0.839279 0.968500 0.846001 0.441048 0.580848 0.507316 0.484824 0.778334 0.791811 0.354287 0.471738 0.414250 0.421809 0.448136 0.421953 0.937817 0.993664 0.660055 0.752061 0.744963 0.721939 0.865012 0.903395 0.705691 0.916749 0.949982 0.902237 0.615928 0.522039 0.374813 0.438825 0.472345 0.474453 0.420440 0.497270 0.741403 0.678325 0.690330 0.669834 0.592434 0.599560 0.456132 0.573941 0.950696 0.922318 0.741544 0.752935 0.797166 0.862101 0.633115 0.859967 0.968135 0.923652 0.934424 0.938830 0.915140 0.724785 0.753100 0.954885 0.934652 0.872297 0.857331 0.882813 0.738985 0.665435
0.619501 0.579498 0.584305 0.540344 0.915210 0.953877 0.677792 0.481338 0.985018 0.892268 0.603986 0.413418 0.371221 0.324236 0.359552 0.000000 0.495632 0.521494 0.627794 0.641424 0.682912 0.869703 0.568618 0.439632 0.644725 0.695483 0.682624 0.890762 0.541059 0.449670 0.686098 0.580700 0.609101 0.487833 0.889889 0.981239 0.743434 0.720674 0.875703 0.680104 0.832246 0.845086 0.960127 0.937374 0.893580 0.968552 0.819695 0.887999 0.992079 0.843682 0.822977 0.737839 0.816936 0.966316 0.548187 0.758498 0.551851 0.525241 0.743636 0.734416 0.384291 0.341984 0.480776 0.439144 0.581599 0.377414 0.932920 0.854462 0.804421 0.661910 0.960361 0.872206 0.803253 0.872252 0.593966 0.862666 0.986107 0.999431 0.671124 0.595459 0.593450 0.692137 0.556769 0.653295 0.672280 0.567725 0.824776 0.921752 0.677452 0.760646 0.562554 0.552257 0.461986 0.495665 0.903548 0.819531 0.739992 0.825345 0.805242 0.900747 0.694353 0.900529 0.930605 0.967028 0.873015 0.981355 0.825442 0.798516 0.871343 0.980718 0.982346 0.863193 0.895774 0.928495 0.715528 0.700075
0.239452 0.243114 0.476328 0.566214 0.804926 0.690609 0.737173 0.668867 0.482802 0.714447 0.283864 0.195221 0.284507 0.225709 0.388901 0.495632 0.000000 0.158090 0.237173 0.207850 0.569756 0.955233 0.540188 0.418398 0.437676 0.677561 0.443105 0.760749 0.289218 0.251239 0.755592 0.617012 0.336919 0.358898 0.802651 0.965312 0.636534 0.698168 0.849350 0.736507 0.660630 0.784958 0.951779 0.816586 0.846015 0.956594 0.535732 0.622777 0.888207 0.738684 0.892977 0.821884 0.927761 0.629970 0.342085 0.444177 0.239278 0.216209 0.513477 0.493123 0.318417 0.442800 0.242939 0.228719 0.290244 0.386843 0.733341 0.806369 0.352809 0.454078 0.709222 0.536407 0.970783 0.944679 0.704413 0.940754 0.926948 0.922633 0.478376 0.408140 0.214075 0.284697 0.270182 0.248269 0.249343 0.254556 0.791408 0.524371 0.502617 0.358783 0.344671 0.424465 0.299747 0.396044 0.936612 0.991275 0.886563 0.797153 0.720427 0.846193 0.667213 0.706351 0.932654 0.772086 0.950108 0.835405 0.919799 0.811510 0.699712 0.811447 0.837599 0.982095 0.798120 0.880804 0.755049 0.590151
0.211058 0.228650 0.458055 0.565062 0.796132 0.669784 0.763075 0.679064 0.459801 0.644288 0.216476 0.181714 0.236202 0.199662 0.372210 0.521494 0.158090 0.000000 0.239561 0.187718 0.549546 0.894393 0.580062 0.384516 0.434949 0.665488 0.440966 0.727752 0.322544 0.275206 0.851717 0.631234 0.368525 0.397553 0.836305 0.962209 0.665353 0.675730 0.850307 0.748755 0.619527 0.807961 0.872015 0.900928 0.769045 0.949296 0.626923 0.716103 0.965916 0.812423 0.984333 0.906944 0.856017 0.551604 0.331653 0.467739 0.221470 0.199129 0.541027 0.511832 0.307110 0.438115 0.234997 0.226254 0.252921 0.340256 0.777772 0.876523 0.328109 0.445451 0.643257 0.514267 0.977110 0.905687 0.737251 0.999894 0.821894 0.838218 0.498343 0.412705 0.201577 0.240762 0.287459 0.204976 0.222672 0.233957 0.729412 0.514416 0.519888 0.348175 0.315891 0.374349 0.285700 0.391156 0.929186 0.988043 0.851490 0.800666 0.652904 0.795587 0.601256 0.662061 0.999235 0.844128 0.970068 0.888002 0.990186 0.771110 0.665002 0.844504 0.857728 0.902611 0.740711 0.895002 0.761934 0.538923
0.240346 0.236556 0.382453 0.454195 0.724066 0.695444 0.564600 0.551825 0.510897 0.833100 0.450203 0.298425 0.351401 0.317900 0.500797 0.627794 0.237173 0.239561 0.000000 0.220491 0.499305 0.958723 0.341352 0.425646 0.440712 0.639292 0.481616 0.877435 0.369545 0.406418 0.582139 0.433989 0.222448 0.295639 0.684254 0.973815 0.601414 0.704448 0.826734 0.739147 0.626841 0.712151 0.827948 0.602932 0.963251 0.742029 0.369209 0.442380 0.695413 0.533364 0.715810 0.641306 0.943475 0.750222 0.308344 0.343566 0.229841 0.234966 0.354535 0.364158 0.346075 0.471183 0.215719 0.219850 0.380554 0.499783 0.500421 0.630577 0.351136 0.368694 0.858388 0.639792 0.880497 0.968537 0.799693 0.881629 0.865765 0.984473 0.368023 0.333724 0.225008 0.339591 0.304099 0.293520 0.255305 0.259277 0.902194 0.622553 0.513541 0.302875 0.467008 0.562011 0.436465 0.482934 0.853622 0.870457 0.881301 0.956510 0.975953 0.928122 0.773608 0.807813 0.782241 0.649634 0.746994 0.624524 0.801910 0.911434 0.783208 0.703954 0.684642 0.908927 0.984991 0.881405 0.568495 0.590968
0.188272 0.195520 0.404383 0.534239 0.684133 0.626981 0.785454 0.700422 0.456609 0.595348 0.296088 0.243928 0.319690 0.309449 0.468535 0.641424 0.207850 0.187718 0.220491 0.000000 0.489067 0.973686 0.547750 0.435483 0.416518 0.662208 0.393711 0.795873 0.399340 0.356893 0.775869 0.672692 0.355900 0.408457 0.842415 0.976037 0.661642 0.636012 0.803269 0.756958 0.602040 0.798208 0.921370 0.850994 0.779887 0.983426 0.575918 0.660180 0.942975 0.793107 0.972511 0.893207 0.812496 0.510126 0.375791 0.494336 0.213385 0.207361 0.509700 0.467039 0.382861 0.531151 0.283747 0.270363 0.268771 0.436719 0.730013 0.875540 0.265205 0.376760 0.654465 0.525275 0.973012 0.870089 0.782089 0.990500 0.899876 0.847434 0.499504 0.444678 0.231321 0.265855 0.346397 0.238873 0.250928 0.250699 0.817157 0.564107 0.537646 0.306197 0.332847 0.410287 0.357739 0.406049 0.947727 0.915386 0.944374 0.853315 0.697205 0.800227 0.620218 0.629246 0.997120 0.809141 0.936290 0.878718 0.924273 0.761787 0.795032 0.782433 0.840326 0.920998 0.742420 0.936502 0.780471 0.564474
0.475849 0.493929 0.461429 0.563423 0.758581 0.847948 0.799350 0.708451 0.733315 0.766588 0.651307 0.548103 0.576132 0.584904 0.684932 0.682912 0.569756 0.549546 0.499305 0.489067 0.000000 0.985317 0.669289 0.605022 0.496418 0.596857 0.601237 0.973536 0.696297 0.680792 0.745987 0.592898 0.503770 0.578561 0.992660 0.895630 0.683214 0.707853 0.824526 0.708868 0.892095 0.750797 0.947252 0.782149 0.932731 0.929095 0.673362 0.648865 0.919855 0.768290 0.914906 0.838410 0.989004 0.753018 0.524897 0.704803 0.474784 0.499414 0.596608 0.574450 0.608226 0.665693 0.542249 0.556488 0.544005 0.625741 0.725160 0.860598 0.497177 0.603419 0.882931 0.683129 0.998348 0.977023 0.871057 0.898988 0.946607 0.988307 0.652770 0.481319 0.554282 0.572006 0.519494 0.584114 0.579701 0.515729 0.933015 0.925771 0.671680 0.588090 0.609843 0.647246 0.702284 0.722374 0.981135 0.898995 0.901519 0.979912 0.952922 0.998745 0.752795 0.805354 0.957961 0.716211 0.910843 0.779400 0.873305 0.864762 0.767986 0.740243 0.854303 0.919797 0.924546 0.699399 0.672225 0.680115
0.941866 0.948861 0.976963 0.938340 0.949476 0.853725 0.953906 0.966513 0.946910 0.933180 0.855924 0.895788 0.949689 0.869514 0.868136 0.869703 0.955233 0.894393 0.958723 0.973686 0.985317 0.000000 0.828492 0.943506 0.995842 0.928080 0.905976 0.907063 0.946152 0.868008 0.849276 0.915977 0.965844 0.921379 0.962040 0.995749 0.916825 0.928210 0.986489 0.897434 0.962509 0.855251 0.756560 0.779431 0.825252 0.796782 0.778076 0.796803 0.767328 0.814816 0.808276 0.824287 0.881221 0.887857 0.985569 0.971322 0.905588 0.904483 0.959790 0.963314 0.869041 0.856864 0.966630 0.962463 0.870727 0.782945 0.833304 0.971600 0.966395 0.955805 0.872400 0.981234 0.929795 0.888205 0.951280 0.964920 0.711213 0.991078 0.916759 0.895483 0.967949 0.969278 0.956352 0.912382 0.991059 0.967490 0.924172 0.947050 0.960816 0.952909 0.853294 0.743470 0.834160 0.821346 0.816523 0.814835 0.825386 0.903493 0.725107 0.891298 0.882123 0.888129 0.841647 0.822043 0.799403 0.785734 0.905356 0.920944 0.837875 0.733576 0.938087 0.839821 0.844209 0.805867 0.991900 0.802085
0.562007 0.506591 0.552928 0.503011 0.982984 0.977016 0.360335 0.408555 0.878937 0.773927 0.862282 0.565305 0.560635 0.521106 0.563091 0.568618 0.540188 0.580062 0.341352 0.547750 0.669289 0.828492 0.000000 0.528914 0.702817 0.721567 0.750017 0.975028 0.554414 0.647623 0.341971 0.311189 0.321310 0.316127 0.636642 0.961353 0.681061 0.792662 0.912204 0.815375 0.807637 0.686926 0.507185 0.378877 0.617895 0.463710 0.288231 0.363389 0.448296 0.334242 0.385252 0.329036 0.549735 0.750131 0.384782 0.371978 0.525873 0.520861 0.386908 0.436239 0.483552 0.525683 0.365800 0.368168 0.737921 0.721617 0.400756 0.470208 0.698936 0.509192 0.791767 0.962591 0.565626 0.669618 0.748741 0.676933 0.558023 0.811112 0.381817 0.428743 0.451015 0.663371 0.567049 0.628910 0.489334 0.524123 0.879985 0.749872 0.666474 0.516028 0.804945 0.866722 0.710090 0.681301 0.770557 0.927139 0.855337 0.799051 0.687685 0.630816 0.990857 0.854111 0.641179 0.574038 0.621856 0.450875 0.652096 0.920265 0.908494 0.694165 0.704568 0.736909 0.711602 0.731469 0.423795 0.784356
0.364361 0.340045 0.413753 0.396607 0.878788 0.812918 0.746056 0.542202 0.606170 0.720342 0.558744 0.416578 0.380122 0.311415 0.469082 0.439632 0.418398 0.384516 0.425646 0.435483 0.605022 0.943506 0.528914 0.000000 0.442816 0.527313 0.553063 0.834022 0.648539 0.551049 0.828861 0.595843 0.483395 0.500381 0.801418 0.931918 0.690090 0.707057 0.758162 0.787076 0.754861 0.722544 0.951067 0.890553 0.766967 0.936182 0.645002 0.744677 0.976852 0.784693 0.865907 0.748590 0.979547 0.812896 0.429510 0.560604 0.331063 0.323555 0.498284 0.475822 0.478667 0.522054 0.420935 0.418063 0.457248 0.379829 0.737420 0.843635 0.440893 0.383648 0.738091 0.663764 0.999349 0.921426 0.843234 0.982848 0.973876 0.805575 0.584342 0.513986 0.383430 0.409701 0.457663 0.348014 0.414910 0.289111 0.855159 0.584049 0.490941 0.408362 0.462043 0.486646 0.453364 0.514373 0.929590 0.899445 0.926022 0.989094 0.807866 0.923103 0.617231 0.799172 0.965783 0.834755 0.996628 0.841993 0.897795 0.787173 0.627295 0.864518 0.813634 0.841642 0.797789 0.977016 0.831802 0.653717
0.373091 0.364866 0.339811 0.424912 0.686112 0.749757 0.968122 0.743578 0.509675 0.577787 0.555040 0.437033 0.472610 0.440620 0.701213 0.644725 0.437676 0.434949 0.440712 0.416518 0.496418 0.995842 0.702817 0.442816 0.000000 0.278315 0.388108 0.860586 0.770748 0.645012 0.822030 0.655118 0.545399 0.596444 0.637021 0.985960 0.495720 0.591326 0.533763 0.685801 0.853358 0.658177 0.887691 0.888841 0.653782 0.851987 0.689373 0.757087 0.857787 0.909914 0.905169 0.982418 0.771524 0.589591 0.578605 0.667265 0.383666 0.349236 0.624071 0.552041 0.662950 0.676116 0.592934 0.528213 0.386006 0.477283 0.833495 0.949739 0.325302 0.422831 0.775865 0.609160 0.887133 0.853677 0.812591 0.909793 0.987586 0.875213 0.689375 0.571705 0.517075 0.457734 0.541331 0.377587 0.509432 0.328555 0.870388 0.787197 0.501729 0.380893 0.383825 0.464449 0.502254 0.498365 0.871458 0.984437 0.997148 0.944017 0.731561 0.874366 0.591733 0.653022 0.958921 0.806843 0.918523 0.836444 0.883309 0.698078 0.775838 0.723421 0.872022 0.791336 0.797219 0.997734 0.766227 0.620632
0.601706 0.587752 0.468245 0.464299 0.787416 0.981116 0.863580 0.688034 0.641399 0.805675 0.845385 0.696299 0.648912 0.589011 0.820156 0.695483 0.677561 0.665488 0.639292 0.662208 0.596857 0.928080 0.721567 0.527313 0.278315 0.000000 0.543435 0.903206 0.940123 0.825118 0.718239 0.658979 0.649588 0.624945 0.630552 0.899309 0.534022 0.605614 0.596277 0.756786 0.994917 0.564230 0.897576 0.731880 0.871103 0.987054 0.685113 0.719220 0.986842 0.795070 0.908845 0.809254 0.980558 0.907378 0.613181 0.611543 0.592439 0.565165 0.652076 0.594719 0.825565 0.721632 0.748658 0.698372 0.643810 0.587089 0.753870 0.806991 0.560896 0.514632 0.987685 0.775072 0.981453 0.963858 0.904863 0.920837 0.851068 0.961370 0.715496 0.651813 0.685821 0.664927 0.742176 0.558660 0.695617 0.479608 0.974200 0.882473 0.545887 0.481812 0.660547 0.750964 0.776338 0.695033 0.988947 0.852551 0.822953 0.894585 0.962283 0.892737 0.719968 0.916710 0.912335 0.738171 0.750106 0.751794 0.769253 0.909903 0.882224 0.749317 0.920194 0.945635 0.996314 0.835547 0.691972 0.791711
0.392763 0.381853 0.483642 0.549131 0.812779 0.705218 0.926892 0.759717 0.558498 0.629804 0.482152 0.393935 0.461377 0.435341 0.641096 0.682624 0.443105 0.440966 0.481616 0.393711 0.601237 0.905976 0.750017 0.553063 0.388108 0.543435 0.000000 0.787385 0.674309 0.569143 0.853849 0.781166 0.629942 0.592894 0.839589 0.850606 0.534147 0.679605 0.669021 0.715091 0.744906 0.841318 0.841634 0.972269 0.681789 0.842335 0.779591 0.836710 0.881052 0.974248 0.928652 0.971046 0.803049 0.600014 0.562203 0.720384 0.411438 0.390554 0.688362 0.577767 0.560341 0.598925 0.549147 0.489865 0.407530 0.468332 0.867657 0.984145 0.453793 0.563904 0.742180 0.654303 0.935296 0.873040 0.666051 0.840237 0.919761 0.821501 0.725124 0.613304 0.543486 0.470739 0.551913 0.449060 0.469006 0.367820 0.791518 0.741678 0.533755 0.474630 0.397198 0.521690 0.471886 0.566586 0.847502 0.995980 0.901204 0.829364 0.702857 0.740577 0.537224 0.708862 0.960388 0.846855 0.990951 0.857428 0.999191 0.730429 0.885746 0.855350 0.787244 0.849048 0.722676 0.919112 0.781302 0.746521
0.756424 0.769392 0.879506 0.917855 0.949873 0.939125 0.965735 0.915968 0.934301 0.766629 0.724228 0.777653 0.768114 0.835755 0.781412 0.890762 0.760749 0.727752 0.877435 0.795873 0.973536 0.907063 0.975028 0.834022 0.860586 0.903206 0.787385 0.000000 0.852371 0.855286 0.783166 0.908321 0.975382 0.928704 0.912471 0.969786 0.852036 0.815143 0.928251 0.930743 0.919773 0.806825 0.880652 0.939446 0.784172 0.793774 0.939130 0.945822 0.846036 0.839926 0.877612 0.887660 0.926208 0.780854 0.892777 0.993317 0.767735 0.734739 0.966679 0.960687 0.780535 0.804634 0.853366 0.808974 0.670447 0.633637 0.898254 0.855005 0.826303 0.812146 0.896061 0.879086 0.984564 0.973219 0.828017 0.884569 0.769245 0.870617 0.911244 0.929357 0.789076 0.717861 0.891208 0.788215 0.746094 0.728604 0.936477 0.876085 0.920093 0.770339 0.799620 0.781246 0.765459 0.876267 0.889589 0.924813 0.788983 0.857382 0.791806 0.852950 0.783845 0.849955 0.990943 0.975460 0.914606 0.906514 0.826025 0.947625 0.942963 0.851834 0.969934 0.829187 0.855943 0.888107 0.992964 0.784436
0.465750 0.475291 0.649688 0.767949 0.998169 0.825841 0.607969 0.666560 0.730578 0.967376 0.406033 0.352541 0.410553 0.406485 0.397981 0.541059 0.289218 0.322544 0.369545 0.399340 0.696297 0.946152 0.554414 0.648539 0.770748 0.940123 0.674309 0.852371 0.000000 0.240649 0.723485 0.654005 0.396536 0.361700 0.925429 0.975369 0.801737 0.777494 0.982884 0.776124 0.699757 0.823469 0.902718 0.738935 0.897857 0.784397 0.570760 0.644755 0.723835 0.668948 0.769287 0.765491 0.912203 0.863099 0.416194 0.505634 0.461952 0.451434 0.642092 0.678968 0.327083 0.433404 0.321985 0.322873 0.486138 0.561295 0.698448 0.752453 0.645514 0.654030 0.946729 0.834636 0.797347 0.827496 0.737149 0.853950 0.982847 0.895655 0.535068 0.505173 0.374308 0.530728 0.381866 0.521030 0.452931 0.560905 0.834328 0.694883 0.656919 0.611052 0.601333 0.650611 0.421377 0.549578 0.982092 0.919325 0.934432 0.857866 0.892684 0.959587 0.900194 0.894483 0.864763 0.804682 0.914806 0.806005 0.851570 0.960626 0.793281 0.824899 0.866769 0.904100 0.969423 0.996597 0.711751 0.731042
0.431169 0.439437 0.632594 0.709738 0.948503 0.754244 0.751539 0.701764 0.649143 0.862831 0.311379 0.264446 0.379326 0.281586 0.393045 0.449670 0.251239 0.275206 0.406418 0.356893 0.680792 0.868008 0.647623 0.551049 0.645012 0.825118 0.569143 0.855286 0.240649 0.000000 0.744090 0.696453 0.461916 0.399824 0.954742 0.844013 0.670002 0.640523 0.841460 0.778639 0.692231 0.863568 0.850349 0.931392 0.863955 0.996054 0.691513 0.776804 0.976828 0.851851 0.971006 0.922772 0.933326 0.729208 0.448903 0.572388 0.437111 0.396663 0.713048 0.715881 0.304294 0.364266 0.342488 0.305587 0.414779 0.421520 0.859161 0.864931 0.568228 0.605162 0.808939 0.767394 0.884374 0.953107 0.736797 0.936268 0.817317 0.964061 0.587895 0.517788 0.395544 0.522338 0.357655 0.435196 0.488032 0.497784 0.709931 0.654622 0.571423 0.592266 0.404382 0.424665 0.309697 0.406167 0.873416 0.998895 0.806226 0.773294 0.648576 0.747963 0.794265 0.726907 0.997138 0.939070 0.932434 0.934754 0.940821 0.771670 0.742700 0.887209 0.929764 0.956334 0.780072 0.854002 0.833251 0.738483
0.828030 0.743251 0.670127 0.553035 0.966931 0.901084 0.414019 0.457056 0.995036 0.540921 0.875839 0.817928 0.882355 0.772869 0.840295 0.686098 0.755592 0.851717 0.582139 0.775869 0.745987 0.849276 0.341971 0.828861 0.822030 0.718239 0.853849 0.783166 0.723485 0.744090 0.000000 0.360093 0.436676 0.351932 0.649784 0.881981 0.565417 0.767757 0.854994 0.804259 0.971856 0.741023 0.446109 0.335093 0.500006 0.372697 0.335617 0.372385 0.461257 0.340927 0.355886 0.321005 0.460922 0.572806 0.597760 0.515697 0.754370 0.764591 0.497084 0.573955 0.688510 0.587502 0.614011 0.579319 0.981290 0.952186 0.400502 0.367343 0.976959 0.700266 0.568011 0.852999 0.541231 0.602007 0.859915 0.624672 0.435928 0.616773 0.448729 0.641857 0.760637 0.936220 0.833179 0.935485 0.877240 0.823625 0.682428 0.944313 0.803039 0.746900 0.911711 0.995674 0.876696 0.784188 0.664694 0.885279 0.724142 0.738737 0.544090 0.523127 0.942749 0.832462 0.606672 0.629655 0.647052 0.446736 0.575161 0.815510 0.790304 0.727512 0.745725 0.572196 0.543921 0.650423 0.437221 0.911948
0.640871 0.594568 0.554518 0.514840 0.946552 0.905262 0.461252 0.497659 0.862508 0.759832 0.914567 0.652777 0.612449 0.571724 0.680124 0.580700 0.617012 0.631234 0.433989 0.672692 0.592898 0.915977 0.311189 0.595843 0.655118 0.658979 0.781166 0.908321 0.654005 0.696453 0.360093 0.000000 0.381141 0.358906 0.702764 0.987207 0.660091 0.767834 0.888943 0.754901 0.996325 0.722179 0.619581 0.468956 0.666372 0.514747 0.353691 0.383783 0.559296 0.417850 0.475278 0.406294 0.579575 0.773344 0.474099 0.483873 0.567331 0.579144 0.422627 0.497141 0.576465 0.576828 0.463966 0.481097 0.811764 0.761182 0.464997 0.441205 0.749002 0.598596 0.836626 0.948580 0.656206 0.736159 0.765997 0.735164 0.644095 0.872848 0.463212 0.435192 0.542351 0.758640 0.563368 0.705240 0.640631 0.598857 0.819961 0.951123 0.750203 0.601511 0.800752 0.838538 0.758548 0.725742 0.761138 0.976481 0.786371 0.806617 0.700493 0.611358 0.942130 0.905722 0.640095 0.597200 0.757222 0.457128 0.709260 0.940708 0.970963 0.746254 0.648647 0.779917 0.653237 0.683093 0.468851 0.934337
0.327632 0.323029 0.462161 0.438516 0.816120 0.820893 0.421367 0.417788 0.655521 0.929244 0.610342 0.396610 0.469393 0.413849 0.589561 0.609101 0.336919 0.368525 0.222448 0.355900 0.503770 0.965844 0.321310 0.483395 0.545399 0.649588 0.629942 0.975382 0.396536 0.461916 0.436676 0.381141 0.000000 0.245228 0.661556 0.941562 0.585096 0.695605 0.907273 0.731961 0.762211 0.661570 0.673478 0.468054 0.791124 0.578619 0.309065 0.381184 0.544608 0.405440 0.514200 0.452722 0.732392 0.988612 0.339058 0.331727 0.292800 0.310738 0.286636 0.311930 0.360663 0.410769 0.246079 0.241009 0.514883 0.583336 0.407845 0.497168 0.493006 0.381630 0.987535 0.748950 0.745090 0.843450 0.796611 0.748049 0.778287 0.853368 0.305246 0.370488 0.324964 0.531887 0.392280 0.414906 0.384054 0.373273 0.872830 0.702318 0.546151 0.384437 0.545741 0.672104 0.513263 0.545291 0.819313 0.874568 0.808082 0.932259 0.865432 0.785907 0.861650 0.947695 0.735868 0.568190 0.649832 0.538478 0.753488 0.970934 0.812268 0.677501 0.716673 0.759359 0.851121 0.735812 0.529921 0.743514
0.432219 0.374153 0.471964 0.447361 0.919662 0.931969 0.383864 0.386164 0.712044 0.851749 0.651743 0.414582 0.466191 0.385118 0.485255 0.487833 0.358898 0.397553 0.295639 0.408457 0.578561 0.921379 0.316127 0.500381 0.596444 0.624945 0.592894 0.928704 0.361700 0.399824 0.351932 0.358906 0.245228 0.000000 0.645510 0.882550 0.536646 0.636438 0.821835 0.779333 0.826896 0.631979 0.637897 0.442743 0.755836 0.586199 0.313400 0.402385 0.577016 0.432190 0.504629 0.450338 0.654118 0.908341 0.370617 0.338037 0.381638 0.397705 0.378946 0.440333 0.349908 0.349189 0.280382 0.253642 0.566355 0.539601 0.439570 0.511690 0.630506 0.471634 0.881685 0.875986 0.661459 0.724751 0.757745 0.713985 0.703346 0.747225 0.332199 0.375169 0.371270 0.605219 0.440281 0.510653 0.482557 0.454125 0.883114 0.768579 0.538017 0.455798 0.589894 0.672616 0.529864 0.538038 0.831884 0.869594 0.860493 0.913088 0.840894 0.749258 0.825322 0.986218 0.764832 0.632534 0.714406 0.556617 0.611128 0.961885 0.924239 0.717660 0.748176 0.753153 0.835572 0.777186 0.435135 0.846380
0.793048 0.753345 0.741810 0.664764 0.836607 0.951522 0.754703 0.710975 0.854563 0.929420 0.966257 0.794674 0.843293 0.815534 0.916858 0.889889 0.802651 0.836305 0.684254 0.842415 0.992660 0.962040 0.636642 0.801418 0.637021 0.630552 0.839589 0.912471 0.925429 0.954742 0.649784 0.702764 0.661556 0.645510 0.000000 0.992163 0.627177 0.899708 0.745936 0.822180 0.843323 0.710280 0.677722 0.567228 0.823429 0.734129 0.586512 0.655324 0.779979 0.636839 0.703549 0.695980 0.780178 0.886148 0.708608 0.596928 0.767352 0.763213 0.674556 0.697284 0.863088 0.811596 0.753990 0.707967 0.856125 0.884726 0.640696 0.691700 0.850192 0.725194 0.860322 0.954287 0.861488 0.814256 0.990304 0.804246 0.672532 0.754572 0.768428 0.772066 0.776141 0.865632 0.894288 0.779178 0.786973 0.727206 0.892756 0.977022 0.588373 0.681830 0.882873 0.916623 0.863004 0.775959 0.832580 0.974530 0.799250 0.906543 0.816254 0.706483 0.922708 0.968584 0.621934 0.650101 0.633473 0.717687 0.755926 0.974523 0.905984 0.669807 0.721190 0.803020 0.837813 0.907527 0.548520 0.930390
0.943691 0.959005 0.914639 0.970478 0.843600 0.983486 0.948346 0.937332 0.816031 0.971810 0.981347 0.982696 0.905908 0.970614 0.863873 0.981239 0.965312 0.962209 0.973815 0.976037 0.895630 0.995749 0.961353 0.931918 0.985960 0.899309 0.850606 0.969786 0.975369 0.844013 0.881981 0.987207 0.941562 0.882550 0.992163 0.000000 0.706373 0.780026 0.888073 0.966295 0.881870 0.837086 0.942588 0.969603 0.991208 0.980572 0.979564 0.927050 0.875274 0.929254 0.916114 0.937155 0.997000 0.933391 0.999539 0.892912 0.918884 0.942604 0.942536 0.901772 0.929758 0.972293 0.958181 0.983824 0.884456 0.987520 0.980409 0.900950 0.870513 0.960689 0.895275 0.764363 0.817206 0.946466 0.949404 0.962081 0.908440 0.912747 0.983489 0.990215 0.933467 0.918004 0.984999 0.988077 0.902382 0.998083 0.966125 0.999034 0.927421 0.958569 0.944723 0.955040 0.991235 0.980972 0.874692 0.749066 0.821490 0.725762 0.972522 0.990520 0.823317 0.912459 0.842636 0.824785 0.984709 0.905520 0.904557 0.928292 0.918791 0.935344 0.971186 0.946661 0.958296 0.990843 0.917045 0.818804
0.615358 0.601091 0.527327 0.476415 0.812211 0.917907 0.720513 0.588793 0.732542 0.956604 0.798270 0.628701 0.740222 0.643594 0.882528 0.743434 0.636534 0.665353 0.601414 0.661642 0.683214 0.916825 0.681061 0.690090 0.495720 0.534022 0.534147 0.852036 0.801737 0.670002 0.565417 0.660091 0.585096 0.536646 0.627177 0.706373 0.000000 0.549791 0.619225 0.697567 0.872463 0.697396 0.940253 0.724701 0.916510 0.933513 0.698241 0.690208 0.988780 0.808433 0.870858 0.812952 0.956021 0.948484 0.646064 0.684287 0.620074 0.594670 0.643128 0.646058 0.681325 0.586813 0.633621 0.567445 0.692879 0.646552 0.686087 0.734873 0.711830 0.603963 0.869329 0.980995 0.766149 0.870717 0.812555 0.987028 0.878699 0.950624 0.712615 0.793352 0.771968 0.845919 0.686725 0.706203 0.760494 0.585061 0.910037 0.927376 0.573491 0.604770 0.584898 0.655066 0.613901 0.618326 0.932936 0.829678 0.985787 0.920852 0.961206 0.946662 0.837973 0.880236 0.802649 0.684173 0.785824 0.695107 0.790432 0.952465 0.976837 0.795515 0.895587 0.966809 0.995489 0.913699 0.638241 0.937907
0.615729 0.605774 0.574390 0.565004 0.792615 0.984109 0.733433 0.580357 0.810048 0.820515 0.743500 0.626109 0.689110 0.669168 0.920293 0.720674 0.698168 0.675730 0.704448 0.636012 0.707853 0.928210 0.792662 0.707057 0.591326 0.605614 0.679605 0.815143 0.777494 0.640523 0.767757 0.767834 0.695605 0.636438 0.899708 0.780026 0.549791 0.000000 0.750430 0.835560 0.823499 0.657377 0.864229 0.955482 0.751177 0.850442 0.921897 0.960253 0.823019 0.970098 0.939222 0.995926 0.935358 0.822341 0.776397 0.860799 0.619907 0.572667 0.784940 0.723433 0.618227 0.526814 0.681648 0.572072 0.649235 0.533494 0.925834 0.893521 0.662759 0.478843 0.926259 0.891728 0.898171 0.959720 0.745857 0.964451 0.924871 0.949108 0.758657 0.826822 0.784047 0.819935 0.671395 0.735002 0.809237 0.638868 0.981721 0.932617 0.591949 0.648165 0.592902 0.566023 0.670500 0.544247 0.857870 0.893425 0.923578 0.976840 0.800162 0.884096 0.902800 0.840734 0.924923 0.969998 0.958524 0.883376 0.820712 0.941746 0.918216 0.802683 0.892656 0.804191 0.768791 0.939752 0.822014 0.696514
