0.000000 0.401634 0.864038 0.764807 0.935029 0.859523 0.766955 0.759782 0.997873 0.818540 0.438801 0.432178 0.647935 0.599933 0.852590 0.838141 0.454376 0.402066 0.529252 0.427741 0.965163 0.963733 0.877325 0.962848 0.908654 0.958087 0.963064 0.839914 0.534064 0.526347 0.842848 0.885954 0.571696 0.609524 0.921706 0.986770 0.773120 0.715428 0.908181 0.891543 0.798796 0.686086 0.959618 0.787345 0.949713 0.893450 0.719754 0.756747 0.848648 0.780517 0.978923 0.905853 0.981907 0.939475 0.824117 0.845665 0.421393 0.386953 0.683771 0.682745 0.687160 0.845224 0.604116 0.523672 0.977647 0.914251 0.830119 0.899522 0.404106 0.544708 0.763788 0.836551 0.646020 0.545624 0.720501 0.908829 0.743983 0.828740 0.600477 0.724515 0.418050 0.462140 0.519786 0.544087 0.626056 0.822978 0.923397 0.929264 0.984712 0.733568 0.936861 0.912146 0.897953 0.898727 0.954190 0.899515 0.953168 0.805093 0.798152 0.844537 0.991251 0.904145 0.744130 0.709595 0.888158 0.672505 0.946749 0.847360 0.934826 0.862035 0.939470 0.880683 0.877175 0.834902 0.902835 0.929153
0.401634 0.000000 0.763976 0.679096 0.933711 0.759689 0.678529 0.653854 0.845255 0.779595 0.523016 0.460848 0.825571 0.697720 0.963284 0.915691 0.520173 0.443834 0.465444 0.456807 0.929442 0.986319 0.922042 0.925814 0.890598 0.926931 0.960136 0.770923 0.575542 0.658986 0.817420 0.859170 0.622823 0.589156 0.923296 0.913830 0.709949 0.615363 0.885794 0.961708 0.854838 0.730994 0.722832 0.612532 0.820851 0.741495 0.696986 0.721613 0.732466 0.646716 0.850093 0.823265 0.861378 0.921759 0.885270 0.819903 0.300331 0.286348 0.745737 0.746012 0.753282 0.803521 0.701977 0.577125 0.994213 0.871717 0.871722 0.887168 0.528229 0.534307 0.782455 0.761243 0.749830 0.677059 0.915712 0.859726 0.651616 0.828410 0.528972 0.700895 0.422606 0.488903 0.630344 0.519571 0.711928 0.954363 0.994719 0.973395 0.997787 0.761958 0.933825 0.938448 0.925872 0.985039 0.911559 0.972605 0.958043 0.798610 0.755724 0.731733 0.907485 0.890708 0.680758 0.771059 0.895805 0.813730 0.893621 0.708667 0.962049 0.734264 0.729364 0.789524 0.735727 0.673676 0.934789 0.966534
0.864038 0.763976 0.000000 0.570949 0.966634 0.839988 0.737419 0.748959 0.514810 0.993939 0.820529 0.752431 0.704248 0.801715 0.741684 0.661325 0.983289 0.956746 0.791544 0.720112 0.943378 0.993971 0.559282 0.706781 0.597621 0.620824 0.933536 0.897912 0.824625 0.779421 0.543137 0.603137 0.793308 0.820064 0.700583 0.957114 0.741042 0.832009 0.860167 0.867177 0.945862 0.952308 0.807543 0.869245 0.950468 0.982159 0.794417 0.797993 0.827516 0.991202 0.883149 0.974954 0.988196 0.933025 0.948171 0.910432 0.917919 0.884337 0.986362 0.817364 0.712064 0.577875 0.943465 0.947884 0.497791 0.558977 0.993770 0.788037 0.811154 0.854324 0.699199 0.716326 0.690876 0.744709 0.944907 0.941761 0.694938 0.817932 0.964566 0.761258 0.919596 0.817988 0.748878 0.819013 0.773797 0.740482 0.901725 0.821370 0.835587 0.892684 0.979224 0.919124 0.944068 0.928334 0.829707 0.938852 0.851125 0.939509 0.900077 0.904583 0.890740 0.908692 0.972579 0.892828 0.840827 0.911942 0.853204 0.903993 0.829265 0.911033 0.934972 0.974617 0.883451 0.944425 0.654811 0.926916
0.764807 0.679096 0.570949 0.000000 0.964496 0.925058 0.761760 0.517976 0.660046 0.895975 0.797705 0.534381 0.772972 0.633870 0.792720 0.622790 0.918744 0.824731 0.731355 0.710190 0.881353 0.932755 0.548595 0.614806 0.649512 0.600824 0.893777 0.943231 0.901170 0.804772 0.592904 0.626440 0.771350 0.828636 0.923486 0.965681 0.688272 0.762653 0.798721 0.992052 0.928158 0.809101 0.930367 0.882487 0.754557 0.810647 0.955414 0.943087 0.696792 0.819835 0.791816 0.790178 0.887428 0.820780 0.946705 0.895171 0.832306 0.770780 0.979086 0.880826 0.831732 0.609956 0.948694 0.770007 0.658049 0.638887 0.943031 0.929236 0.681837 0.752419 0.689593 0.641701 0.772911 0.877643 0.973325 0.935694 0.703322 0.896053 0.762920 0.959225 0.823913 0.770662 0.732949 0.745843 0.890787 0.809768 0.993130 0.915847 0.857245 0.721883 0.993537 0.839053 0.961046 0.997101 0.923882 0.903554 0.964298 0.933863 0.989467 0.974371 0.935482 0.918155 0.921064 0.987198 0.719874 0.730898 0.906258 0.786171 0.913716 0.918403 0.860934 0.887118 0.915305 0.962597 0.787591 0.883316
0.935029 0.933711 0.966634 0.964496 0.000000 0.950753 0.850078 0.942151 0.891445 0.899913 0.931141 0.922383 0.769219 0.991861 0.824225 0.957620 0.930300 0.935047 0.838623 0.886069 0.998411 0.864456 0.771194 0.931725 0.978455 0.848055 0.929621 0.940645 0.946354 0.903375 0.786298 0.920611 0.950377 0.842241 0.747673 0.928161 0.984784 0.771986 0.950202 0.857130 0.907406 0.766983 0.922970 0.914660 0.975499 0.976944 0.890604 0.898412 0.962250 0.957542 0.996715 0.924831 0.979290 0.979502 0.897609 0.920955 0.934236 0.957718 0.756618 0.871803 0.791279 0.945489 0.817160 0.866183 0.999043 0.944708 0.799770 0.800420 0.926204 0.863370 0.948456 0.998808 0.966035 0.967332 0.959006 0.907250 0.959718 0.858934 0.998647 0.933765 0.975880 0.927255 0.923250 0.969541 0.853224 0.863866 0.875218 0.976706 0.878284 0.943832 0.871568 0.939954 0.830330 0.989091 0.951017 0.920529 0.931031 0.924801 0.978547 0.923233 0.966444 0.885920 0.917593 0.857563 0.937746 0.681195 0.944321 0.941851 0.836459 0.944276 0.947775 0.983800 0.977062 0.837845 0.777721 0.941543
0.859523 0.759689 0.839988 0.925058 0.950753 0.000000 0.886348 0.942012 0.823363 0.903465 0.721247 0.875596 0.843968 0.921984 0.670457 0.697533 0.679596 0.661243 0.694458 0.854941 0.880924 0.947492 0.851820 0.718283 0.824042 0.704845 0.902866 0.705241 0.705512 0.836569 0.944678 0.973423 0.808416 0.714239 0.956438 0.840665 0.864845 0.767356 0.875409 0.930583 0.906538 0.982300 0.953149 0.820627 0.835602 0.771004 0.888914 0.799859 0.831087 0.828319 0.891297 0.952876 0.939328 0.992230 0.789007 0.992323 0.584872 0.695436 0.794049 0.887325 0.978236 0.820585 0.717755 0.766117 0.800411 0.720643 0.897935 0.945072 0.958204 0.943426 0.776416 0.869497 0.819840 0.948621 0.938206 0.901346 0.978685 0.908333 0.806209 0.952194 0.748303 0.920960 0.826409 0.752838 0.853084 0.845189 0.931822 0.963116 0.957189 0.988296 0.838450 0.862154 0.851432 0.765952 0.986852 0.981550 0.722861 0.834053 0.947112 0.854422 0.949169 0.926011 0.916311 0.838218 0.998625 0.963010 0.793637 0.974843 0.803890 0.967167 0.948786 0.886374 0.932264 0.856886 0.984592 0.917520
0.766955 0.678529 0.737419 0.761760 0.850078 0.886348 0.000000 0.357469 0.850677 0.555598 0.722108 0.642797 0.755082 0.895143 0.970939 0.959484 0.636421 0.687874 0.612029 0.873031 0.893582 0.939538 0.818331 0.734293 0.743434 0.870527 0.687139 0.540980 0.681655 0.698864 0.592017 0.765787 0.486031 0.413279 0.804746 0.788795 0.856803 0.798341 0.809164 0.828909 0.830773 0.915593 0.494039 0.494859 0.498243 0.466444 0.544373 0.468241 0.600428 0.546175 0.565047 0.541653 0.663724 0.712259 0.953999 0.843259 0.716043 0.673637 0.402158 0.453803 0.354273 0.683725 0.469068 0.468236 0.878487 0.997531 0.348971 0.372910 0.996354 0.939549 0.811229 0.753997 0.935601 0.943122 0.984520 0.843104 0.621286 0.864367 0.655927 0.761964 0.698540 0.990129 0.838267 0.939044 0.986681 0.832555 0.996153 0.777677 0.944665 0.938769 0.778426 0.798656 0.752444 0.855935 0.787402 0.895689 0.869198 0.684238 0.458991 0.531805 0.603098 0.628590 0.624513 0.586331 0.747206 0.764979 0.844455 0.648918 0.867649 0.824240 0.561534 0.694618 0.569452 0.751924 0.547269 0.850407
0.759782 0.653854 0.748959 0.517976 0.942151 0.942012 0.357469 0.000000 0.728756 0.477213 0.697641 0.481227 0.735743 0.706092 0.939842 0.802632 0.663078 0.650527 0.573374 0.787697 0.863300 0.921069 0.692468 0.958645 0.826935 0.974311 0.819768 0.701779 0.707521 0.693668 0.553479 0.733132 0.516549 0.475612 0.925788 0.850429 0.973055 0.940949 0.959999 0.792413 0.953529 0.931235 0.580195 0.519869 0.733172 0.673441 0.610298 0.608025 0.830125 0.732117 0.732119 0.737938 0.746011 0.781037 0.991386 0.899568 0.742309 0.672562 0.545429 0.559636 0.433492 0.517011 0.541009 0.438973 0.980696 0.851116 0.550262 0.516373 0.914283 0.831771 0.627691 0.613200 0.843120 0.977154 0.973761 0.885721 0.631807 0.923255 0.531624 0.865755 0.720272 0.939638 0.786544 0.897437 0.999666 0.882687 0.952636 0.741123 0.951509 0.940098 0.776255 0.891870 0.763747 0.916630 0.801724 0.906679 0.822104 0.680981 0.563505 0.588223 0.618985 0.812941 0.730433 0.638911 0.651723 0.745455 0.897563 0.578177 0.910575 0.794054 0.597968 0.763114 0.582241 0.792730 0.669023 0.895918
0.997873 0.845255 0.514810 0.660046 0.891445 0.823363 0.850677 0.728756 0.000000 0.792001 0.999181 0.800230 0.759511 0.786613 0.655246 0.578696 0.855463 0.873862 0.879968 0.904924 0.976346 0.975583 0.613901 0.756038 0.742111 0.597436 0.988870 0.948569 0.959790 0.962082 0.605979 0.779370 0.846837 0.918597 0.797787 0.873016 0.698117 0.868988 0.849795 0.975524 0.971726 0.954637 0.633343 0.750285 0.926195 0.928090 0.756153 0.827721 0.977128 0.942510 0.910250 0.881124 0.822440 0.802849 0.952426 0.938752 0.987990 0.991284 0.895586 0.954175 0.767627 0.474725 0.796679 0.961825 0.610862 0.570062 0.977790 0.897684 0.941017 0.937528 0.561978 0.533576 0.697681 0.924458 0.881222 0.942553 0.702814 0.819308 0.902777 0.870440 0.943347 0.957780 0.966412 0.985240 0.828120 0.873371 0.901325 0.784157 0.873541 0.886223 0.725285 0.793977 0.802020 0.872106 0.833431 0.877806 0.786175 0.962200 0.739572 0.747453 0.962700 0.855087 0.932831 0.943506 0.828091 0.898429 0.820812 0.780828 0.908620 0.810029 0.885916 0.937746 0.843895 0.830027 0.852283 0.759929
0.818540 0.779595 0.993939 0.895975 0.899913 0.903465 0.555598 0.477213 0.792001 0.000000 0.727838 0.691540 0.803719 0.909748 0.968758 0.974940 0.720437 0.735265 0.698131 0.952058 0.747955 0.904366 0.915155 0.719993 0.648115 0.804806 0.792003 0.710076 0.751665 0.845337 0.735916 0.867033 0.652721 0.648921 0.939128 0.909364 0.974087 0.949790 0.836888 0.920969 0.942402 0.861776 0.550544 0.496051 0.647432 0.569921 0.662784 0.654744 0.654763 0.630504 0.632868 0.623169 0.642071 0.649648 0.970295 0.903778 0.739070 0.732531 0.618286 0.689231 0.593202 0.699839 0.635483 0.556069 0.766876 0.848133 0.660597 0.752564 0.977529 0.920567 0.616506 0.583698 0.918818 0.932556 0.935210 0.898182 0.630407 0.910655 0.650776 0.977132 0.828091 0.838229 0.994810 0.891523 0.860114 0.623195 0.922236 0.674837 0.986053 0.960570 0.689114 0.691028 0.729788 0.781276 0.845285 0.864303 0.771816 0.754376 0.450916 0.530736 0.651910 0.659160 0.559800 0.644850 0.748752 0.875455 0.917113 0.636170 0.959471 0.730505 0.569070 0.664455 0.653994 0.804616 0.889520 0.954950
0.438801 0.523016 0.820529 0.797705 0.931141 0.721247 0.722108 0.697641 0.999181 0.727838 0.000000 0.487763 0.767735 0.754435 0.976235 0.932926 0.398871 0.354285 0.505918 0.438662 0.938690 0.970896 0.938365 0.859866 0.976283 0.946971 0.978086 0.815105 0.410779 0.410740 0.711073 0.744747 0.553801 0.482598 0.985070 0.955844 0.945679 0.801488 0.966536 0.922217 0.827641 0.666224 0.984395 0.800012 0.979854 0.927520 0.809502 0.756863 0.976675 0.913910 0.906650 0.967179 0.839530 0.822620 0.967609 0.930539 0.455663 0.472017 0.698957 0.622642 0.683839 0.878253 0.478093 0.413639 0.856589 0.864126 0.854090 0.851377 0.467639 0.608924 0.884392 0.970071 0.732465 0.636794 0.854195 0.963709 0.768044 0.710808 0.615913 0.881034 0.555616 0.771046 0.583617 0.624194 0.974229 0.983131 0.889740 0.852770 0.847712 0.972932 0.718166 0.678749 0.679230 0.678248 0.988888 0.879707 0.906174 0.728099 0.914809 0.917555 0.954387 0.951503 0.742103 0.656933 0.886627 0.700123 0.915927 0.949191 0.995765 0.777817 0.905789 0.992079 0.825913 0.842811 0.892827 0.843929
0.432178 0.460848 0.752431 0.534381 0.922383 0.875596 0.642797 0.481227 0.800230 0.691540 0.487763 0.000000 0.545655 0.448903 0.747146 0.608163 0.477686 0.403405 0.427279 0.462541 0.993451 0.989242 0.630021 0.899823 0.886076 0.952357 0.976773 0.754633 0.523307 0.455525 0.586658 0.615659 0.471749 0.513805 0.995110 0.966344 0.734162 0.746240 0.937418 0.982452 0.811887 0.721332 0.784309 0.650105 0.962270 0.892527 0.671588 0.737659 0.967192 0.909998 0.957062 0.939281 0.984148 0.964717 0.918714 0.874835 0.533810 0.483275 0.693193 0.705995 0.556652 0.594323 0.543857 0.404282 0.992735 0.928595 0.798870 0.787702 0.525314 0.657999 0.603269 0.607864 0.602062 0.639935 0.841753 0.879424 0.686810 0.768206 0.456206 0.819890 0.465534 0.576694 0.541565 0.570768 0.777624 0.868658 0.983855 0.874170 0.918896 0.776204 0.994771 0.883961 0.964781 0.877925 0.932221 0.862865 0.951729 0.678644 0.759164 0.748509 0.861351 0.889407 0.784724 0.651151 0.702772 0.639080 0.997308 0.744625 0.895482 0.769145 0.869504 0.898943 0.803576 0.810429 0.770049 0.934367
0.647935 0.825571 0.704248 0.772972 0.769219 0.843968 0.755082 0.735743 0.759511 0.803719 0.767735 0.545655 0.000000 0.519769 0.414392 0.514689 0.803407 0.758997 0.703521 0.694243 0.809908 0.988974 0.457487 0.831809 0.878690 0.920246 0.984817 0.787839 0.721825 0.688817 0.580708 0.704164 0.621793 0.761767 0.893123 0.957368 0.856196 0.974301 0.977155 0.965977 0.986350 0.864349 0.784946 0.830300 0.932985 0.927478 0.686472 0.742976 0.977236 0.957600 0.910733 0.817838 0.904283 0.858907 0.820201 0.826455 0.950353 0.854018 0.801196 0.836002 0.543231 0.608372 0.754118 0.720783 0.804635 0.771110 0.820862 0.797624 0.709567 0.818357 0.550071 0.618212 0.537310 0.672565 0.879355 0.995482 0.745599 0.854466 0.774755 0.822427 0.741278 0.693433 0.731390 0.784735 0.553814 0.686147 0.844980 0.907983 0.749941 0.737120 0.901213 0.952147 0.991857 0.992357 0.926405 0.753046 0.708304 0.856823 0.765317 0.782948 0.971075 0.754462 0.908497 0.767715 0.791633 0.697639 0.933428 0.868760 0.728838 0.998288 0.958665 0.918490 0.872107 0.909253 0.683796 0.994849
0.599933 0.697720 0.801715 0.633870 0.991861 0.921984 0.895143 0.706092 0.786613 0.909748 0.754435 0.448903 0.519769 0.000000 0.565725 0.432160 0.686002 0.647489 0.640854 0.554160 0.867049 0.974686 0.556472 0.704442 0.777633 0.800074 0.905266 0.977218 0.704619 0.600735 0.671008 0.633834 0.590829 0.818335 0.977853 0.930210 0.674999 0.761922 0.833677 0.888988 0.855815 0.753592 0.905192 0.885321 0.949740 0.926752 0.812133 0.946795 0.906963 0.906905 0.963946 0.988598 0.876526 0.863748 0.897246 0.929139 0.818440 0.756401 0.984083 0.990508 0.711639 0.534959 0.794498 0.652005 0.901637 0.787265 0.966844 0.930867 0.644729 0.721037 0.527498 0.614937 0.557776 0.779603 0.793545 0.919406 0.801112 0.878646 0.663803 0.876689 0.572985 0.604358 0.570714 0.652219 0.623729 0.661726 0.847836 0.877321 0.820598 0.739396 0.901332 0.943174 0.992382 0.958691 0.966402 0.863192 0.840373 0.852303 0.886811 0.962139 0.966363 0.947502 0.990891 0.694390 0.887623 0.701307 0.892866 0.819871 0.858478 0.891502 0.984167 0.976692 0.939883 0.881752 0.938317 0.979113
0.852590 0.963284 0.741684 0.792720 0.824225 0.670457 0.970939 0.939842 0.655246 0.968758 0.976235 0.747146 0.414392 0.565725 0.000000 0.405413 0.983926 0.991749 0.884252 0.828323 0.808652 0.909582 0.458263 0.658416 0.746901 0.824311 0.934568 0.987493 0.869313 0.778613 0.646163 0.744913 0.777175 0.993072 0.909722 0.915166 0.717536 0.990166 0.937860 0.856310 0.969199 0.964227 0.933873 0.979811 0.874433 0.856444 0.815511 0.882932 0.842091 0.836015 0.959305 0.948194 0.972375 0.944612 0.871836 0.971205 0.858263 0.926404 0.924710 0.939969 0.770353 0.699906 0.998697 0.952535 0.716814 0.690316 0.949367 0.997119 0.788765 0.983307 0.530325 0.673112 0.591411 0.828919 0.909201 0.920527 0.864373 0.858354 0.927902 0.858844 0.908068 0.849324 0.827362 0.935683 0.594304 0.626660 0.921702 0.972759 0.758450 0.873919 0.987805 0.980173 0.867454 0.947278 0.978407 0.953043 0.818268 0.942208 0.974773 0.971556 0.831567 0.926566 0.917691 0.938814 0.880600 0.730071 0.918965 0.963786 0.713235 0.956271 0.898726 0.924867 0.873984 0.963033 0.805202 0.921563
0.838141 0.915691 0.661325 0.622790 0.957620 0.697533 0.959484 0.802632 0.578696 0.974940 0.932926 0.608163 0.514689 0.432160 0.405413 0.000000 0.984533 0.960643 0.814823 0.731752 0.858355 0.937155 0.388931 0.477529 0.619432 0.677751 0.916918 0.963629 0.890632 0.739893 0.562748 0.601346 0.794517 0.975645 0.879513 0.951487 0.667253 0.863975 0.763037 0.915511 0.984124 0.832825 0.886264 0.947593 0.840801 0.832116 0.797760 0.985626 0.739884 0.759011 0.902047 0.944964 0.963643 0.949410 0.889486 0.967342 0.893383 0.939467 0.888651 0.958573 0.774025 0.472639 0.917556 0.927944 0.632534 0.498307 0.919594 0.926995 0.834845 0.880124 0.451658 0.632571 0.510533 0.777281 0.927767 0.953986 0.915680 0.840195 0.815867 0.890614 0.875411 0.746636 0.720914 0.827092 0.649993 0.534673 0.945521 0.890716 0.794931 0.746829 0.954945 0.922241 0.928885 0.898312 0.995085 0.934369 0.810706 0.943799 0.996924 0.956068 0.887112 0.999244 0.887543 0.974976 0.896364 0.736078 0.940121 0.934249 0.787903 0.928547 0.965608 0.872983 0.915253 0.942623 0.829373 0.848657
0.454376 0.520173 0.983289 0.918744 0.930300 0.679596 0.636421 0.663078 0.855463 0.720437 0.398871 0.477686 0.803407 0.686002 0.983926 0.984533 0.000000 0.294818 0.461168 0.480253 0.903419 0.956736 0.986221 0.718851 0.825728 0.710589 0.913758 0.736788 0.377430 0.371002 0.811712 0.836520 0.442489 0.454872 0.887398 0.856762 0.943784 0.886142 0.912468 0.977488 0.831683 0.777642 0.865863 0.653080 0.792253 0.731315 0.667906 0.681863 0.722798 0.693499 0.826390 0.780063 0.914724 0.938636 0.975157 0.871166 0.423785 0.401486 0.562121 0.673066 0.617614 0.959764 0.336286 0.302384 0.635322 0.661196 0.668422 0.798306 0.554832 0.630024 0.901973 0.920046 0.795124 0.728608 0.811341 0.996377 0.779102 0.812332 0.453089 0.778930 0.376555 0.741022 0.607312 0.643745 0.927781 0.893546 0.929500 0.902322 0.895459 0.980724 0.867056 0.822095 0.809370 0.785034 0.932436 0.806742 0.936549 0.644781 0.750905 0.799595 0.817325 0.951072 0.699078 0.495844 0.871131 0.746393 0.933974 0.800811 0.941830 0.731428 0.888383 0.823808 0.778139 0.829614 0.855168 0.798621
0.402066 0.443834 0.956746 0.824731 0.935047 0.661243 0.687874 0.650527 0.873862 0.735265 0.354285 0.403405 0.758997 0.647489 0.991749 0.960643 0.294818 0.000000 0.355265 0.403968 0.887794 0.926433 0.914429 0.825611 0.893842 0.793264 0.979738 0.766131 0.368527 0.384534 0.807109 0.788681 0.465224 0.424532 0.896317 0.892997 0.906942 0.766080 0.967197 0.984271 0.847468 0.698000 0.917854 0.677875 0.890925 0.803667 0.744842 0.683370 0.826479 0.791858 0.935332 0.905155 0.988069 0.977241 0.984180 0.920837 0.357085 0.358254 0.589533 0.687956 0.657198 0.936011 0.364728 0.321171 0.740858 0.735799 0.756584 0.830843 0.482367 0.579476 0.864432 0.921397 0.786057 0.707925 0.782054 0.956759 0.849035 0.804766 0.452198 0.853185 0.416373 0.652352 0.524536 0.510940 0.885387 0.968156 0.988542 0.941498 0.909129 0.942013 0.835315 0.765302 0.777792 0.743327 0.957753 0.862880 0.888680 0.680640 0.810970 0.807099 0.905504 0.958415 0.687344 0.558621 0.811426 0.710330 0.897391 0.803437 0.975317 0.763577 0.862009 0.828522 0.790619 0.743476 0.899229 0.806542
0.529252 0.465444 0.791544 0.731355 0.838623 0.694458 0.612029 0.573374 0.879968 0.698131 0.505918 0.427279 0.703521 0.640854 0.884252 0.814823 0.461168 0.355265 0.000000 0.475158 0.877622 0.940888 0.674389 0.944844 0.987678 0.867641 0.949534 0.699609 0.443188 0.498108 0.679178 0.711224 0.461218 0.432576 0.957587 0.814454 0.773832 0.793251 0.989177 0.959017 0.981835 0.825247 0.654405 0.550233 0.783172 0.701494 0.605546 0.578026 0.785236 0.742838 0.856508 0.811419 0.939296 0.913069 0.954796 0.979514 0.428892 0.442848 0.596701 0.668338 0.577512 0.794426 0.495217 0.430463 0.922883 0.935351 0.701887 0.687618 0.667987 0.710286 0.750611 0.771185 0.791794 0.739897 0.887278 0.947481 0.794645 0.782937 0.518013 0.832037 0.533949 0.697920 0.596834 0.534027 0.775797 0.926146 0.987329 0.942317 0.945191 0.895655 0.928033 0.861488 0.840421 0.789628 0.882764 0.913625 0.917719 0.717176 0.713469 0.646230 0.961284 0.838800 0.705177 0.589434 0.843295 0.755255 0.932898 0.814974 0.996050 0.721218 0.815915 0.784751 0.715310 0.667605 0.766202 0.912082
0.427741 0.456807 0.720112 0.710190 0.886069 0.854941 0.873031 0.787697 0.904924 0.952058 0.438662 0.462541 0.694243 0.554160 0.828323 0.731752 0.480253 0.403968 0.475158 0.000000 0.986206 0.960020 0.768894 0.856140 0.805553 0.872513 0.851917 0.877917 0.524633 0.509902 0.786117 0.807648 0.634905 0.658446 0.974298 0.990147 0.683433 0.612351 0.864784 0.831795 0.818217 0.617287 0.998247 0.893651 0.886614 0.945850 0.830845 0.853698 0.936979 0.988424 0.842600 0.897195 0.857549 0.823703 0.950613 0.983814 0.472429 0.448557 0.902403 0.842860 0.808414 0.789089 0.712468 0.596869 0.926854 0.985521 0.984548 0.990867 0.428020 0.465023 0.797381 0.902029 0.611256 0.620213 0.754403 0.956779 0.790138 0.870498 0.638463 0.816210 0.548771 0.504905 0.552900 0.400721 0.683021 0.756189 0.947757 0.975650 0.975641 0.766092 0.837592 0.721603 0.757276 0.761197 0.901265 0.944280 0.924621 0.774153 0.987284 0.979871 0.902509 0.964570 0.966149 0.841065 0.905962 0.830184 0.927779 0.899688 0.954518 0.790141 0.995176 0.992684 0.961919 0.859342 0.971895 0.829792
0.965163 0.929442 0.943378 0.881353 0.998411 0.880924 0.893582 0.863300 0.976346 0.747955 0.938690 0.993451 0.809908 0.867049 0.808652 0.858355 0.903419 0.887794 0.877622 0.986206 0.000000 0.987387 0.851147 0.786294 0.771260 0.863301 0.988000 0.956309 0.949532 0.986171 0.906926 0.805536 0.992454 0.882927 0.993736 0.971763 0.994708 0.959583 0.957223 0.909420 0.899922 0.990119 0.808603 0.842402 0.870838 0.832447 0.896274 0.842096 0.840780 0.810018 0.879508 0.844063 0.931573 0.895719 0.970728 0.998543 0.844399 0.888204 0.795736 0.830446 0.922791 0.993013 0.894093 0.877762 0.915581 0.860897 0.912757 0.905691 0.918590 0.955583 0.927845 0.977789 0.992900 0.858271 0.968046 0.992141 0.941122 0.944974 0.881519 0.968771 0.981640 0.883369 0.971610 0.944066 0.848690 0.731966 0.952885 0.965599 0.948983 0.822010 0.976424 0.928842 0.982108 0.952028 0.922123 0.935756 0.968942 0.909549 0.817927 0.813785 0.873404 0.978760 0.894704 0.940051 0.926821 0.989168 0.767732 0.936160 0.994053 0.879204 0.806072 0.769382 0.772048 0.882861 0.868444 0.932348
0.963733 0.986319 0.993971 0.932755 0.864456 0.947492 0.939538 0.921069 0.975583 0.904366 0.970896 0.989242 0.988974 0.974686 0.909582 0.937155 0.956736 0.926433 0.940888 0.960020 0.987387 0.000000 0.985738 0.953168 0.887154 0.967127 0.812249 0.872764 0.922958 0.997793 0.954962 0.988362 0.951845 0.894206 0.961515 0.960932 0.932313 0.870398 0.958187 0.795411 0.928657 0.913815 0.997607 0.938056 0.954509 0.997002 0.934304 0.995531 0.963331 0.965212 0.970012 0.995748 0.957622 0.925699 0.966557 0.933544 0.984268 0.971106 0.887219 0.889903 0.927751 0.955863 0.972745 0.959193 0.973907 0.904362 0.832877 0.862765 0.978124 0.894980 0.994859 0.900655 0.926776 0.746572 0.873499 0.986332 0.997101 0.910655 0.982693 0.946990 0.998802 0.995803 0.982275 0.983671 0.985212 0.882535 0.962491 0.866883 0.987743 0.973626 0.934189 0.942386 0.956834 0.985843 0.983073 0.936116 0.825281 0.949865 0.955003 0.994407 0.970046 0.917017 0.977127 0.906253 0.905705 0.995650 0.922357 0.870587 0.982791 0.990334 0.958622 0.763607 0.982133 0.951064 0.846039 0.888431
0.877325 0.922042 0.559282 0.548595 0.771194 0.851820 0.818331 0.692468 0.613901 0.915155 0.938365 0.630021 0.457487 0.556472 0.458263 0.388931 0.986221 0.914429 0.674389 0.768894 0.851147 0.985738 0.000000 0.534705 0.655771 0.747844 0.963804 0.914315 0.848879 0.773178 0.476847 0.520579 0.726838 0.850346 0.894022 0.972941 0.745496 0.907790 0.912890 0.994404 0.953204 0.949516 0.781424 0.827516 0.920315 0.918539 0.766193 0.838554 0.774984 0.798285 0.920549 0.975196 0.980113 0.995067 0.968053 0.923286 0.969928 0.993507 0.964959 0.936902 0.666274 0.558205 0.962238 0.873950 0.593197 0.520330 0.912009 0.792173 0.878613 0.929712 0.556195 0.602771 0.568786 0.836431 0.950870 0.991957 0.840038 0.806515 0.859524 0.871462 0.956987 0.837552 0.686230 0.794643 0.639640 0.568703 0.959248 0.944746 0.718181 0.709097 0.989854 0.880512 0.897930 0.952399 0.883079 0.989715 0.881229 0.940235 0.894272 0.817018 0.916055 0.892857 0.933651 0.944352 0.825516 0.734220 0.967132 0.863888 0.769976 0.989171 0.909100 0.929489 0.930738 0.972466 0.601920 0.996338
0.962848 0.925814 0.706781 0.614806 0.931725 0.718283 0.734293 0.958645 0.756038 0.719993 0.859866 0.899823 0.831809 0.704442 0.658416 0.477529 0.718851 0.825611 0.944844 0.856140 0.786294 0.953168 0.534705 0.000000 0.437931 0.508517 0.778024 0.771878 0.853263 0.980320 0.780497 0.752025 0.864413 0.761716 0.851187 0.899402 0.720303 0.802091 0.670324 0.823304 0.948718 0.903320 0.848313 0.780429 0.600720 0.564155 0.887507 0.803974 0.491544 0.520125 0.613554 0.607473 0.800946 0.728203 0.917955 0.840591 0.778196 0.810769 0.653705 0.817839 0.877561 0.701266 0.644317 0.755998 0.488481 0.456913 0.704707 0.894879 0.874913 0.966996 0.791930 0.855412 0.726675 0.838269 0.905456 0.983532 0.940224 0.964047 0.907323 0.976078 0.873765 0.795089 0.845586 0.910461 0.747976 0.471974 0.960123 0.865801 0.756149 0.679703 0.876012 0.740969 0.858346 0.885231 0.969960 0.873315 0.975582 0.859592 0.690608 0.775103 0.742068 0.789945 0.700115 0.775376 0.999096 0.910465 0.987195 0.902623 0.901327 0.881082 0.847542 0.658233 0.747386 0.874559 0.921469 0.994084
0.908654 0.890598 0.597621 0.649512 0.978455 0.824042 0.743434 0.826935 0.742111 0.648115 0.976283 0.886076 0.878690 0.777633 0.746901 0.619432 0.825728 0.893842 0.987678 0.805553 0.771260 0.887154 0.655771 0.437931 0.000000 0.441917 0.725508 0.709237 0.933062 0.996368 0.763487 0.698221 0.891489 0.820875 0.884624 0.840031 0.681778 0.640001 0.623481 0.766235 0.955661 0.888957 0.828379 0.759037 0.572952 0.553409 0.872494 0.780071 0.513456 0.587084 0.538465 0.556707 0.704477 0.628582 0.977102 0.845571 0.973325 0.951454 0.648184 0.874627 0.841716 0.835555 0.638963 0.768473 0.450144 0.565953 0.644118 0.826295 0.707761 0.894779 0.901536 0.872857 0.640495 0.704274 0.994926 0.997740 0.948334 0.846634 0.913471 0.906575 0.985475 0.706633 0.786054 0.806658 0.704292 0.462788 0.981276 0.870928 0.762894 0.706653 0.741251 0.676773 0.741643 0.815166 0.985869 0.882282 0.914300 0.853634 0.670025 0.681856 0.699647 0.805651 0.751052 0.763520 0.909767 0.927182 0.884301 0.836648 0.937475 0.972734 0.807616 0.585867 0.779115 0.827453 0.894597 0.993245
0.958087 0.926931 0.620824 0.600824 0.848055 0.704845 0.870527 0.974311 0.597436 0.804806 0.946971 0.952357 0.920246 0.800074 0.824311 0.677751 0.710589 0.793264 0.867641 0.872513 0.863301 0.967127 0.747844 0.508517 0.441917 0.000000 0.852006 0.753821 0.857001 0.855714 0.831785 0.853754 0.860813 0.801098 0.789264 0.741592 0.769747 0.699718 0.618672 0.883512 0.914733 0.847872 0.908670 0.764644 0.677205 0.645159 0.853554 0.813736 0.635439 0.694013 0.696665 0.691771 0.871731 0.780941 0.986380 0.910839 0.870366 0.908234 0.638232 0.859374 0.888558 0.714900 0.616610 0.744472 0.488063 0.555393 0.710736 0.859247 0.841504 0.927708 0.809860 0.799993 0.749663 0.853131 0.982479 0.990620 0.907681 0.985775 0.857711 0.935315 0.930847 0.813635 0.935922 0.914662 0.789255 0.638850 0.986429 0.916740 0.804798 0.717739 0.999045 0.933388 0.959083 0.903790 0.930457 0.885029 0.896100 0.861233 0.839051 0.757293 0.889705 0.951375 0.846151 0.804238 0.973669 0.903156 0.838809 0.984119 0.954626 0.970924 0.927699 0.689860 0.902236 0.995914 0.977115 0.940711
0.963064 0.960136 0.933536 0.893777 0.929621 0.902866 0.687139 0.819768 0.988870 0.792003 0.978086 0.976773 0.984817 0.905266 0.934568 0.916918 0.913758 0.979738 0.949534 0.851917 0.988000 0.812249 0.963804 0.778024 0.725508 0.852006 0.000000 0.707302 0.891241 0.914715 0.911112 0.914473 0.766195 0.844930 0.951061 0.816358 0.802738 0.705005 0.937491 0.799747 0.808940 0.784133 0.768331 0.846200 0.636492 0.681680 0.875560 0.823702 0.749514 0.794674 0.649555 0.693419 0.655791 0.646739 0.942211 0.997554 0.969692 0.959714 0.778576 0.819690 0.707400 0.836688 0.796394 0.828094 0.829786 0.994105 0.641652 0.661409 0.782449 0.819298 0.906177 0.946792 0.963787 0.986331 0.947949 0.975773 0.859789 0.998348 0.963954 0.923834 0.891506 0.812164 0.876944 0.768690 0.934188 0.842519 0.928167 0.681448 0.936077 0.710343 0.776546 0.832380 0.765169 0.931622 0.841872 0.961123 0.987802 0.955193 0.704043 0.818129 0.715142 0.789298 0.884772 0.757150 0.944620 0.981411 0.830262 0.869696 0.926475 0.911955 0.792287 0.857530 0.832447 0.853370 0.881221 0.924287
0.839914 0.770923 0.897912 0.943231 0.940645 0.705241 0.540980 0.701779 0.948569 0.710076 0.815105 0.754633 0.787839 0.977218 0.987493 0.963629 0.736788 0.766131 0.699609 0.877917 0.956309 0.872764 0.914315 0.771878 0.709237 0.753821 0.707302 0.000000 0.704764 0.778443 0.869474 0.938353 0.664537 0.650993 0.749680 0.872107 0.868046 0.871681 0.744464 0.904365 0.910292 0.905225 0.645792 0.634281 0.583084 0.564194 0.612156 0.587146 0.610496 0.637491 0.631083 0.605357 0.794311 0.783700 0.852055 0.798935 0.760711 0.750056 0.532426 0.593468 0.534087 0.796022 0.621498 0.682153 0.877203 0.967799 0.541147 0.595728 0.897540 0.928497 0.906478 0.923455 0.925612 0.942203 0.918375 0.938964 0.754787 0.868268 0.867817 0.750095 0.738370 0.914726 0.941251 0.904686 0.906610 0.941204 0.967074 0.877782 0.928488 0.904272 0.882610 0.875396 0.877356 0.953153 0.941100 0.993739 0.949475 0.715921 0.650691 0.585347 0.910306 0.722696 0.742260 0.727950 0.830523 0.965741 0.942517 0.895513 0.848357 0.959707 0.794740 0.766445 0.760611 0.796258 0.804266 0.943150
0.534064 0.575542 0.824625 0.901170 0.946354 0.705512 0.681655 0.707521 0.959790 0.751665 0.410779 0.523307 0.721825 0.704619 0.869313 0.890632 0.377430 0.368527 0.443188 0.524633 0.949532 0.922958 0.848879 0.853263 0.933062 0.857001 0.891241 0.704764 0.000000 0.327306 0.674278 0.703001 0.443959 0.440616 0.979660 0.926972 0.967334 0.815276 0.993695 0.956517 0.952661 0.851346 0.865807 0.706230 0.800231 0.742794 0.664626 0.583651 0.822071 0.761675 0.861223 0.780158 0.944940 0.940918 0.997861 0.992101 0.500979 0.504998 0.620894 0.616884 0.563799 0.834296 0.423461 0.397935 0.836032 0.889390 0.733534 0.732485 0.587683 0.746351 0.817900 0.940131 0.691167 0.661318 0.862862 0.981999 0.853410 0.771542 0.561703 0.841904 0.481299 0.764954 0.538934 0.671181 0.883382 0.986009 0.969265 0.878885 0.959531 0.976445 0.769884 0.746547 0.710346 0.684591 0.891270 0.867413 0.926840 0.702218 0.793982 0.798283 0.929728 0.923086 0.664876 0.579637 0.843368 0.743788 0.923918 0.857838 0.931620 0.804474 0.926586 0.873906 0.742296 0.757575 0.812082 0.827550
0.526347 0.658986 0.779421 0.804772 0.903375 0.836569 0.698864 0.693668 0.962082 0.845337 0.410740 0.455525 0.688817 0.600735 0.778613 0.739893 0.371002 0.384534 0.498108 0.509902 0.986171 0.997793 0.773178 0.980320 0.996368 0.855714 0.914715 0.778443 0.327306 0.000000 0.586594 0.585618 0.442305 0.466469 0.976214 0.872290 0.947735 0.889434 0.991620 0.907006 0.947943 0.828552 0.979659 0.787891 0.943858 0.880926 0.677331 0.687974 0.979607 0.912637 0.993426 0.900710 0.966257 0.955679 0.959002 0.974961 0.613076 0.599796 0.644866 0.655492 0.549410 0.800551 0.409962 0.366894 0.843733 0.955321 0.740236 0.721558 0.539749 0.728148 0.804901 0.958019 0.682665 0.639833 0.713372 0.983135 0.868900 0.697504 0.566126 0.807982 0.461299 0.761316 0.487258 0.661574 0.926170 0.923714 0.966734 0.879020 0.903974 0.922088 0.707831 0.630029 0.611094 0.597773 0.974465 0.823305 0.904488 0.688598 0.917967 0.912945 0.961159 0.999399 0.782144 0.579530 0.813393 0.641229 0.910806 0.927542 0.840523 0.798999 0.993217 0.919007 0.910424 0.906181 0.744534 0.809452
0.842848 0.817420 0.543137 0.592904 0.786298 0.944678 0.592017 0.553479 0.605979 0.735916 0.711073 0.586658 0.580708 0.671008 0.646163 0.562748 0.811712 0.807109 0.679178 0.786117 0.906926 0.954962 0.476847 0.780497 0.763487 0.831785 0.911112 0.869474 0.674278 0.586594 0.000000 0.417837 0.559804 0.595094 0.931472 0.876607 0.924326 0.977041 0.917689 0.949987 0.923446 0.906322 0.701461 0.703544 0.901419 0.856830 0.722827 0.668541 0.921180 0.999520 0.935595 0.901634 0.870849 0.900316 0.943447 0.933815 0.931612 0.929574 0.800633 0.718794 0.490744 0.509011 0.760305 0.640710 0.821658 0.643422 0.723044 0.589317 0.881427 0.933500 0.617388 0.654741 0.643204 0.750975 0.906205 0.880332 0.735699 0.609284 0.710737 0.873434 0.771809 0.920670 0.681363 0.931789 0.886707 0.820866 0.919800 0.767040 0.848441 0.960979 0.998583 0.882688 0.917259 0.884177 0.859753 0.821230 0.898480 0.734367 0.814550 0.785472 0.818593 0.837408 0.893545 0.768128 0.737544 0.672555 0.821874 0.743596 0.796870 0.900960 0.795450 0.984850 0.900944 0.946595 0.567436 0.984695
0.885954 0.859170 0.603137 0.626440 0.920611 0.973423 0.765787 0.733132 0.779370 0.867033 0.744747 0.615659 0.704164 0.633834 0.744913 0.601346 0.836520 0.788681 0.711224 0.807648 0.805536 0.988362 0.520579 0.752025 0.698221 0.853754 0.914473 0.938353 0.703001 0.585618 0.417837 0.000000 0.608250 0.739595 0.970458 0.950479 0.899941 0.802045 0.982945 0.883596 0.965944 0.892581 0.839837 0.783264 0.986381 0.972765 0.775886 0.897276 0.860893 0.858912 0.972033 0.955879 0.965604 0.968840 0.882063 0.899181 0.875036 0.971988 0.949926 0.914739 0.696476 0.656870 0.819847 0.721219 0.891900 0.747086 0.896789 0.784061 0.858805 0.983912 0.736686 0.675109 0.758566 0.729241 0.963432 0.983603 0.778193 0.619255 0.807254 0.959479 0.807357 0.972686 0.670778 0.843585 0.984249 0.831687 0.833941 0.752132 0.936642 0.961734 0.921430 0.798518 0.844717 0.884772 0.989476 0.859056 0.957958 0.791843 0.922691 0.966130 0.897862 0.856690 0.887198 0.800331 0.859213 0.740768 0.999624 0.834375 0.886025 0.961622 0.844760 0.943785 0.938629 0.907875 0.592284 0.907955
0.571696 0.622823 0.793308 0.771350 0.950377 0.808416 0.486031 0.516549 0.846837 0.652721 0.553801 0.471749 0.621793 0.590829 0.777175 0.794517 0.442489 0.465224 0.461218 0.634905 0.992454 0.951845 0.726838 0.864413 0.891489 0.860813 0.766195 0.664537 0.443959 0.442305 0.559804 0.608250 0.000000 0.431175 0.862204 0.822214 0.954794 0.954242 0.869207 0.985983 0.977026 0.867183 0.691990 0.549258 0.646639 0.615869 0.566024 0.540913 0.715927 0.675275 0.670804 0.638113 0.721277 0.744959 0.952800 0.878977 0.599030 0.579330 0.565322 0.668814 0.412086 0.676643 0.417266 0.376129 0.864482 0.951264 0.545169 0.580096 0.747208 0.811357 0.683848 0.679857 0.736996 0.790136 0.811214 0.999613 0.799453 0.678321 0.519122 0.704876 0.439735 0.732818 0.562720 0.694832 0.825399 0.974676 0.980782 0.793141 0.994753 0.991965 0.913339 0.990422 0.998272 0.904457 0.881994 0.830937 0.980665 0.613239 0.585297 0.671139 0.819320 0.780852 0.678755 0.454618 0.791265 0.733989 0.977841 0.723913 0.879162 0.831577 0.693891 0.779103 0.724608 0.690590 0.597350 0.961407
0.609524 0.589156 0.820064 0.828636 0.842241 0.714239 0.413279 0.475612 0.918597 0.648921 0.482598 0.513805 0.761767 0.818335 0.993072 0.975645 0.454872 0.424532 0.432576 0.658446 0.882927 0.894206 0.850346 0.761716 0.820875 0.801098 0.844930 0.650993 0.440616 0.466469 0.595094 0.739595 0.431175 0.000000 0.967174 0.786426 0.918908 0.968290 0.877265 0.870662 0.912570 0.958439 0.688147 0.547783 0.634100 0.563051 0.571662 0.446092 0.709411 0.663973 0.736780 0.689328 0.837393 0.868374 0.998761 0.927095 0.577382 0.561443 0.417285 0.450298 0.399720 0.760310 0.365170 0.362261 0.833896 0.948541 0.478589 0.460458 0.785790 0.837371 0.900308 0.897065 0.865187 0.818432 0.896631 0.913104 0.770130 0.729950 0.487983 0.773940 0.561289 0.878911 0.683487 0.739852 0.987258 0.895833 0.947654 0.816768 0.939070 0.925907 0.924550 0.916440 0.903584 0.801606 0.867808 0.906543 0.949830 0.571350 0.643477 0.622383 0.694914 0.837606 0.610357 0.526132 0.781615 0.668571 0.990548 0.779639 0.957021 0.829535 0.723362 0.808667 0.740733 0.719353 0.610750 0.845736
0.921706 0.923296 0.700583 0.923486 0.747673 0.956438 0.804746 0.925788 0.797787 0.939128 0.985070 0.995110 0.893123 0.977853 0.909722 0.879513 0.887398 0.896317 0.957587 0.974298 0.993736 0.961515 0.894022 0.851187 0.884624 0.789264 0.951061 0.749680 0.979660 0.976214 0.931472 0.970458 0.862204 0.967174 0.000000 0.994743 0.924411 0.999117 0.941764 0.872298 0.784588 0.972887 0.845000 0.948469 0.842001 0.849492 0.804983 0.768262 0.913699 0.807524 0.863996 0.835471 0.903467 0.927205 0.881035 0.846445 0.980039 0.982196 0.929730 0.795909 0.778512 0.798235 0.969884 0.940125 0.752978 0.790339 0.812367 0.746367 0.912177 0.978124 0.892085 0.968714 0.930943 0.905958 0.967933 0.905949 0.862257 0.968327 0.961849 0.840038 0.952518 0.838537 0.904972 0.946678 0.782638 0.814792 0.894447 0.953210 0.989343 0.887274 0.902894 0.902327 0.889239 0.990776 0.983556 0.960078 0.933205 0.987788 0.866296 0.891025 0.798677 0.848078 0.907522 0.983165 0.930117 0.947295 0.915887 0.967045 0.962609 0.937515 0.976746 0.990862 0.847416 0.893292 0.857441 0.970657
0.986770 0.913830 0.957114 0.965681 0.928161 0.840665 0.788795 0.850429 0.873016 0.909364 0.955844 0.966344 0.957368 0.930210 0.915166 0.951487 0.856762 0.892997 0.814454 0.990147 0.971763 0.960932 0.972941 0.899402 0.840031 0.741592 0.816358 0.872107 0.926972 0.872290 0.876607 0.950479 0.822214 0.786426 0.994743 0.000000 0.977523 0.840447 0.962774 0.946407 0.826337 0.973176 0.773091 0.765380 0.678318 0.679187 0.784804 0.724681 0.734533 0.729245 0.743475 0.753179 0.727356 0.790073 0.913470 0.974871 0.913073 0.870972 0.689941 0.848682 0.778416 0.883771 0.813193 0.813050 0.875189 0.959952 0.704785 0.685332 0.890379 0.954351 0.964987 0.955064 0.859255 0.945138 0.967134 0.961773 0.881724 0.880251 0.910078 0.831693 0.807115 0.972057 0.844634 0.993459 0.987797 0.959706 0.967303 0.991470 0.938587 0.915452 0.940686 0.866312 0.921429 0.953583 0.854133 0.955511 0.965268 0.894860 0.798390 0.710294 0.878067 0.937571 0.821528 0.806289 0.928567 0.963941 0.944167 0.945488 0.922759 0.904017 0.829087 0.702232 0.997005 0.936227 0.905849 0.966677
0.773120 0.709949 0.741042 0.688272 0.984784 0.864845 0.856803 0.973055 0.698117 0.974087 0.945679 0.734162 0.856196 0.674999 0.717536 0.667253 0.943784 0.906942 0.773832 0.683433 0.994708 0.932313 0.745496 0.720303 0.681778 0.769747 0.802738 0.868046 0.967334 0.947735 0.924326 0.899941 0.954794 0.918908 0.924411 0.977523 0.000000 0.691591 0.808657 0.862168 0.748637 0.857669 0.894579 0.914416 0.798512 0.851636 0.950680 0.948892 0.869593 0.901697 0.849975 0.897463 0.995618 0.997258 0.938189 0.877871 0.787526 0.747592 0.772328 0.837922 0.915410 0.793293 0.795102 0.995437 0.743129 0.881862 0.700316 0.790528 0.670508 0.711565 0.752701 0.662570 0.725283 0.822263 0.970338 0.992017 0.810979 0.937460 0.850394 0.874948 0.833846 0.727945 0.857056 0.751981 0.718709 0.783085 0.983352 0.927666 0.782524 0.764371 0.931246 0.979258 0.947287 0.938376 0.970960 0.757482 0.909784 0.971012 0.988613 0.920479 0.811845 0.926482 0.929136 0.956455 0.961689 0.987015 0.966137 0.879704 0.823480 0.878691 0.910935 0.998764 0.930681 0.969972 0.898843 0.999382
0.715428 0.615363 0.832009 0.762653 0.771986 0.767356 0.798341 0.940949 0.868988 0.949790 0.801488 0.746240 0.974301 0.761922 0.990166 0.863975 0.886142 0.766080 0.793251 0.612351 0.959583 0.870398 0.907790 0.802091 0.640001 0.699718 0.705005 0.871681 0.815276 0.889434 0.977041 0.802045 0.954242 0.968290 0.999117 0.840447 0.691591 0.000000 0.782079 0.687767 0.733281 0.663660 0.902143 0.987406 0.761968 0.811010 0.995240 0.951697 0.841839 0.888478 0.795281 0.763113 0.868885 0.831480 0.972164 0.993675 0.588931 0.676446 0.750869 0.861908 0.799586 0.937182 0.884492 0.995522 0.772762 0.976546 0.641071 0.697008 0.650045 0.691591 0.914071 0.837944 0.800387 0.828437 0.884282 0.976375 0.965743 0.942461 0.852562 0.943720 0.746340 0.611173 0.676062 0.499350 0.806019 0.836911 0.932078 0.879156 0.872646 0.712990 0.907207 0.842575 0.854352 0.945620 0.910814 0.996933 0.949143 0.896907 0.870973 0.839793 0.837007 0.870927 0.981448 0.893214 0.976616 0.978887 0.944580 0.928542 0.844616 0.888904 0.959638 0.987543 0.924994 0.844806 0.882408 0.957619
