0.000000 0.189080 0.741994 0.719164 0.715087 0.720977 0.807407 0.235578 0.991441 0.362709 0.237086 0.203704 0.349108 0.272507 0.531631 0.589979 0.265066 0.237071 0.293240 0.265623 0.965966 0.923438 0.935154 0.872202 0.641510 0.848489 0.946326 0.935912 0.270550 0.278742 0.617074 0.685997 0.529370 0.364595 0.714228 0.620505 0.946851 0.988210 0.971058 0.951983 0.766417 0.839800 0.608603 0.405871 0.690892 0.374452 0.507944 0.418054 0.194166 0.233380 0.319677 0.296655 0.402410 0.496920 0.688881 0.529414 0.328757 0.300958 0.342661 0.275244 0.523429 0.262371 0.249624 0.210184 0.481960 0.835548 0.868477 0.964210 0.614755 0.494381 0.646982 0.717566 0.473609 0.451358 0.779956 0.889455 0.382736 0.552126 0.539865 0.361241 0.273288 0.305341 0.535505 0.753436 0.809290 0.841765 0.711043 0.875768 0.917049 0.675113 0.806493 0.792366 0.798998 0.544430 0.995614 0.815043 0.829552 0.653100 0.513080 0.594627 0.595448 0.835490 0.456328 0.566681 0.728212 0.799427 0.987273 0.946856 0.718931 0.985667 0.990761 0.732043 0.533554 0.990894 0.784673 0.853712
0.189080 0.000000 0.660460 0.819229 0.683126 0.803447 0.947663 0.308814 0.870743 0.420674 0.306691 0.246626 0.457156 0.336809 0.642678 0.656941 0.269677 0.241046 0.287767 0.235233 0.969823 0.854367 0.938042 0.871457 0.717070 0.829338 0.935177 0.936097 0.274740 0.303394 0.658697 0.717233 0.587692 0.412816 0.693886 0.664317 0.950785 0.974566 0.925961 0.953765 0.702936 0.842545 0.736917 0.489548 0.762406 0.432003 0.557076 0.501741 0.214294 0.252132 0.373228 0.353225 0.451760 0.561965 0.703529 0.565893 0.262574 0.216729 0.462473 0.331593 0.678685 0.336143 0.333329 0.258306 0.389669 0.692929 0.736467 0.855773 0.566774 0.441313 0.725047 0.798874 0.453452 0.499010 0.805541 0.922597 0.419013 0.565025 0.564771 0.342595 0.270028 0.283830 0.598195 0.707248 0.824799 0.851463 0.736531 0.944154 0.826485 0.747964 0.940045 0.686174 0.716884 0.492120 0.952649 0.812286 0.884225 0.597521 0.619693 0.720565 0.679316 0.927853 0.518243 0.640172 0.776483 0.920215 0.991449 0.949741 0.755060 0.988645 0.984182 0.824355 0.566272 0.969487 0.912915 0.870951
0.741994 0.660460 0.000000 0.597212 0.766701 0.912881 0.466733 0.940293 0.774390 0.946579 0.805549 0.613315 0.937961 0.608406 0.939954 0.763022 0.831394 0.818295 0.729958 0.656939 0.874499 0.958623 0.762480 0.937099 0.697300 0.427082 0.849645 0.852931 0.842106 0.811000 0.755758 0.814154 0.758753 0.946378 0.437607 0.634676 0.877157 0.917580 0.728386 0.971672 0.824144 0.865849 0.750315 0.944039 0.649751 0.919818 0.941058 0.909154 0.788037 0.691682 0.863242 0.782877 0.892341 0.952101 0.972489 0.908801 0.778672 0.660942 0.894596 0.690759 0.740443 0.786201 0.813313 0.746400 0.330279 0.693126 0.466873 0.465859 0.710376 0.650896 0.786389 0.914819 0.838405 0.926108 0.940374 0.993940 0.808179 0.978091 0.995155 0.854220 0.861287 0.759969 0.914895 0.919664 0.816272 0.906599 0.785027 0.900358 0.694468 0.961138 0.732449 0.613286 0.495490 0.590185 0.853101 0.894554 0.813665 0.561690 0.866385 0.818891 0.962150 0.720062 0.983641 0.835949 0.765655 0.720482 0.995064 0.908804 0.975917 0.988021 0.755340 0.909653 0.845312 0.918831 0.737271 0.939399
0.719164 0.819229 0.597212 0.000000 0.994848 0.875879 0.592292 0.654137 0.928050 0.756505 0.761833 0.813356 0.773141 0.835342 0.818766 0.917070 0.775016 0.780689 0.818599 0.761122 0.958792 0.930226 0.783246 0.968961 0.960949 0.715275 0.878357 0.933073 0.769727 0.825458 0.766579 0.800910 0.624763 0.751585 0.864381 0.879473 0.971272 0.889554 0.813029 0.845656 0.914472 0.943270 0.752873 0.739878 0.703438 0.687298 0.888774 0.676810 0.747249 0.809192 0.762143 0.810937 0.796772 0.842350 0.780984 0.872599 0.769572 0.829577 0.676425 0.825988 0.646353 0.697248 0.797721 0.799734 0.776043 0.764561 0.756024 0.748070 0.802399 0.837974 0.983498 0.935127 0.916410 0.945515 0.824444 0.991317 0.819175 0.878777 0.762813 0.878503 0.791891 0.774726 0.766902 0.716085 0.694061 0.795646 0.900173 0.935726 0.860626 0.750025 0.809676 0.909786 0.757409 0.927962 0.860664 0.887231 0.737468 0.884514 0.725212 0.793981 0.895906 0.756383 0.855282 0.799633 0.666556 0.727888 0.894277 0.959821 0.904222 0.986400 0.908207 0.962698 0.736068 0.872115 0.946523 0.865260
0.715087 0.683126 0.766701 0.994848 0.000000 0.916338 0.974834 0.763085 0.917764 0.774232 0.751286 0.727450 0.792584 0.758915 0.989312 0.946740 0.664625 0.688502 0.608534 0.688881 0.989828 0.953946 0.898431 0.927392 0.987303 0.817055 0.915975 0.938886 0.770780 0.771252 0.925063 0.799268 0.899948 0.778672 0.916364 0.897928 0.881882 0.956554 0.973549 0.964171 0.867561 0.825757 0.971994 0.882328 0.874051 0.818300 0.946373 0.879221 0.816024 0.813580 0.857510 0.854705 0.877275 0.889015 0.773671 0.752237 0.675437 0.722035 0.883641 0.975475 0.972638 0.855895 0.782031 0.737688 0.687367 0.718861 0.910283 0.827255 0.782882 0.749538 0.686942 0.824942 0.834503 0.767345 0.903695 0.933078 0.652326 0.757202 0.792180 0.787837 0.702742 0.631549 0.779491 0.734963 0.927986 0.940920 0.958153 0.901115 0.762994 0.814879 0.849767 0.750880 0.754039 0.710145 0.999341 0.894131 0.879573 0.857864 0.893271 0.880313 0.967880 0.895087 0.751344 0.769960 0.950658 0.989232 0.894834 0.875849 0.995838 0.906580 0.891692 0.862186 0.876965 0.936997 0.896303 0.691114
0.720977 0.803447 0.912881 0.875879 0.916338 0.000000 0.770481 0.601142 0.755069 0.724826 0.725417 0.691684 0.704466 0.649172 0.749160 0.656379 0.870335 0.830720 0.804383 0.833137 0.862080 0.951864 0.799501 0.937907 0.608533 0.914010 0.884774 0.938940 0.710301 0.709567 0.829468 0.776052 0.713419 0.800236 0.879815 0.758347 0.913401 0.911827 0.971094 0.935996 0.944679 0.902688 0.606685 0.608430 0.821234 0.713526 0.820624 0.767148 0.689479 0.570241 0.528931 0.532414 0.599989 0.506052 0.850663 0.750514 0.997830 0.968840 0.704646 0.641628 0.727216 0.616534 0.700125 0.692282 0.769142 0.782050 0.894364 0.815648 0.825571 0.847077 0.719285 0.793624 0.773088 0.636706 0.779004 0.905473 0.601432 0.732566 0.805750 0.686089 0.762915 0.911317 0.919003 0.937826 0.851597 0.956621 0.888811 0.715231 0.899832 0.962211 0.654325 0.763841 0.839566 0.892050 0.980993 0.864623 0.876786 0.878234 0.691062 0.656470 0.575049 0.689801 0.765231 0.676085 0.754601 0.663679 0.693363 0.757206 0.744480 0.909724 0.922059 0.760434 0.853637 0.941778 0.839027 0.984833
0.807407 0.947663 0.466733 0.592292 0.974834 0.770481 0.000000 0.561581 0.682249 0.532519 0.675996 0.899689 0.590781 0.931041 0.745659 0.949584 0.707111 0.725910 0.758441 0.956743 0.915590 0.918110 0.979448 0.710241 0.867275 0.746798 0.675936 0.954979 0.730821 0.689906 0.566028 0.580868 0.421665 0.586307 0.673943 0.922915 0.874458 0.831655 0.751187 0.953338 0.764363 0.910644 0.307042 0.440488 0.293936 0.497615 0.607479 0.490676 0.768122 0.852808 0.628910 0.732365 0.640073 0.597000 0.684152 0.715028 0.931561 0.928884 0.678166 0.971368 0.314008 0.743680 0.673837 0.722923 0.761633 0.759055 0.339473 0.299398 0.806735 0.894465 0.728686 0.650402 0.705314 0.665545 0.847460 0.842172 0.684617 0.639216 0.560051 0.746161 0.692043 0.900117 0.823127 0.723554 0.973289 0.721880 0.987011 0.663424 0.881103 0.845788 0.488636 0.553798 0.585391 0.703854 0.883256 0.832072 0.564567 0.638692 0.430446 0.357860 0.515375 0.502293 0.528388 0.439690 0.661000 0.519209 0.936204 0.713819 0.739305 0.951195 0.735606 0.539492 0.550600 0.824294 0.561435 0.938348
0.235578 0.308814 0.940293 0.654137 0.763085 0.601142 0.561581 0.000000 0.898459 0.293313 0.265290 0.293485 0.357938 0.340313 0.556607 0.631772 0.333575 0.313829 0.371682 0.377380 0.961369 0.997034 0.920889 0.796384 0.608742 0.952860 0.823423 0.935342 0.315823 0.336283 0.575792 0.635453 0.455817 0.375565 0.846583 0.679132 0.926620 0.907767 0.956555 0.973428 0.769790 0.844566 0.433127 0.335373 0.526742 0.334380 0.497957 0.384689 0.249658 0.284409 0.280188 0.290040 0.362506 0.402425 0.669021 0.539419 0.482410 0.484661 0.325213 0.391689 0.391043 0.268213 0.272259 0.259814 0.622079 0.990424 0.876158 0.814516 0.807434 0.622560 0.566501 0.651944 0.396674 0.377503 0.713195 0.848943 0.332433 0.499236 0.526077 0.403350 0.285770 0.400068 0.600529 0.742164 0.859677 0.987032 0.736101 0.746239 0.958629 0.685667 0.611547 0.924470 0.939363 0.796517 0.888315 0.779296 0.703475 0.835618 0.355064 0.396290 0.464184 0.665015 0.360140 0.415593 0.659905 0.604030 0.892345 0.808771 0.618084 0.954799 0.825242 0.563484 0.475612 0.867023 0.667675 0.877792
0.991441 0.870743 0.774390 0.928050 0.917764 0.755069 0.682249 0.898459 0.000000 0.850940 0.982918 0.939095 0.958310 0.933903 0.947661 0.992331 0.958875 0.905244 0.906386 0.840688 0.943530 0.923096 0.772329 0.776598 0.907422 0.827772 0.878475 0.890480 0.998817 0.990373 0.830234 0.832714 0.917930 0.981374 0.767298 0.922253 0.946414 0.967989 0.951855 0.962276 0.874703 0.945397 0.670553 0.796941 0.749587 0.871109 0.900154 0.750318 0.920036 0.938168 0.725023 0.758834 0.693481 0.659439 0.823887 0.670931 0.750371 0.734293 0.965802 0.997593 0.748847 0.824389 0.983653 0.981958 0.829918 0.633104 0.741479 0.729885 0.803361 0.921059 0.992287 0.832512 0.994123 0.854047 0.963278 0.981516 0.872399 0.860666 0.932237 0.955480 0.996901 0.835947 0.827258 0.799601 0.889681 0.826999 0.732422 0.727279 0.774539 0.907125 0.591251 0.582034 0.656618 0.712013 0.930781 0.985632 0.935551 0.842119 0.659719 0.650218 0.735340 0.739079 0.813719 0.793990 0.809919 0.768430 0.897421 0.646884 0.928795 0.973504 0.987570 0.758556 0.724736 0.989897 0.791055 0.895824
0.362709 0.420674 0.946579 0.756505 0.774232 0.724826 0.532519 0.293313 0.850940 0.000000 0.305833 0.372836 0.393011 0.435149 0.528969 0.653671 0.298021 0.297628 0.400432 0.480316 0.840026 0.944345 0.974054 0.869605 0.673132 0.885069 0.741669 0.984414 0.317310 0.294490 0.484440 0.560435 0.407084 0.392026 0.878143 0.814868 0.787558 0.819249 0.954374 0.905873 0.737998 0.802372 0.420115 0.346180 0.453440 0.328256 0.507742 0.373273 0.347655 0.487210 0.407476 0.482869 0.489190 0.584508 0.660878 0.562464 0.502430 0.570884 0.380245 0.594337 0.384647 0.374531 0.318960 0.268440 0.691098 0.908323 0.816022 0.755152 0.805719 0.713273 0.565576 0.482394 0.471132 0.466005 0.790903 0.908469 0.473042 0.504018 0.466156 0.389789 0.256260 0.389457 0.562363 0.614224 0.823718 0.986979 0.896750 0.847407 0.942981 0.632453 0.752030 0.936813 0.926744 0.740597 0.979156 0.797579 0.625738 0.868060 0.442980 0.401693 0.568721 0.745978 0.406972 0.435196 0.705147 0.709220 0.988645 0.859962 0.624750 0.955860 0.901457 0.568223 0.561613 0.916950 0.734165 0.826433
0.237086 0.306691 0.805549 0.761833 0.751286 0.725417 0.675996 0.265290 0.982918 0.305833 0.000000 0.225180 0.275456 0.279397 0.467481 0.522644 0.253804 0.228543 0.277733 0.348188 0.941508 0.964608 0.939689 0.838236 0.549254 0.807930 0.866947 0.983723 0.258511 0.237588 0.664678 0.727311 0.458438 0.374527 0.735096 0.749387 0.936112 0.950414 0.876179 0.872650 0.699823 0.803323 0.522497 0.402875 0.658558 0.404095 0.523202 0.438287 0.287815 0.343415 0.369055 0.369914 0.454585 0.497912 0.677336 0.580185 0.463391 0.440622 0.321820 0.393565 0.392997 0.295003 0.213056 0.198727 0.535226 0.902989 0.948463 0.893655 0.747678 0.642241 0.646770 0.593193 0.403454 0.403033 0.811614 0.826915 0.422418 0.522573 0.427796 0.420604 0.277376 0.344816 0.598530 0.734061 0.874967 0.920761 0.720056 0.894782 0.878647 0.678798 0.744894 0.863587 0.833407 0.588860 0.940154 0.759591 0.746681 0.734455 0.485440 0.531521 0.556072 0.769442 0.488362 0.492524 0.743321 0.784903 0.991880 0.922018 0.684559 0.883498 0.992147 0.698377 0.582927 0.908605 0.736000 0.841398
0.203704 0.246626 0.613315 0.813356 0.727450 0.691684 0.899689 0.293485 0.939095 0.372836 0.225180 0.000000 0.329795 0.201160 0.484593 0.477085 0.286241 0.256818 0.297682 0.275133 0.964773 0.904198 0.967486 0.984135 0.513245 0.674120 0.937370 0.951513 0.314779 0.296980 0.751592 0.815364 0.601488 0.432416 0.613253 0.588514 0.951981 0.988892 0.844320 0.934637 0.835263 0.894099 0.661976 0.482983 0.803895 0.479862 0.605562 0.519717 0.254352 0.278380 0.376241 0.351487 0.462835 0.547600 0.764047 0.591169 0.420077 0.366202 0.390067 0.315126 0.580589 0.260747 0.247205 0.206781 0.395877 0.871860 0.834147 0.884537 0.641562 0.556994 0.592255 0.634328 0.457408 0.451208 0.788585 0.881311 0.377273 0.546973 0.569070 0.399810 0.310453 0.319184 0.601730 0.807426 0.868839 0.791016 0.732839 0.961069 0.837414 0.692784 0.860261 0.748147 0.700384 0.517599 0.904183 0.726666 0.906295 0.619374 0.560241 0.643146 0.634078 0.872435 0.522453 0.613356 0.791134 0.850157 0.982096 0.979934 0.701329 0.905976 0.939723 0.802571 0.641163 0.951155 0.809880 0.833831
0.349108 0.457156 0.937961 0.773141 0.792584 0.704466 0.590781 0.357938 0.958310 0.393011 0.275456 0.329795 0.000000 0.363986 0.350806 0.442118 0.358601 0.342619 0.385740 0.539429 0.930981 0.994074 0.936131 0.877952 0.580387 0.773656 0.924050 0.979375 0.365461 0.292133 0.611478 0.709631 0.443838 0.424850 0.813423 0.778359 0.956572 0.867642 0.950020 0.968089 0.823806 0.879211 0.448663 0.353423 0.645210 0.425645 0.511671 0.457131 0.415150 0.414863 0.438123 0.430687 0.489359 0.514077 0.766405 0.684576 0.509636 0.536998 0.323462 0.409827 0.365643 0.456073 0.229190 0.260774 0.698984 0.876646 0.783479 0.779751 0.933512 0.781224 0.607922 0.593948 0.564340 0.536493 0.843214 0.825161 0.454375 0.430138 0.446113 0.492417 0.415176 0.488338 0.592317 0.799996 0.979467 0.974673 0.780023 0.843465 0.953689 0.762727 0.723238 0.934317 0.905800 0.671751 0.970396 0.712246 0.698198 0.791509 0.465915 0.501576 0.516785 0.747169 0.409080 0.478786 0.622813 0.633932 0.982511 0.879708 0.640705 0.839533 0.973975 0.716286 0.557969 0.861015 0.583207 0.820547
0.272507 0.336809 0.608406 0.835342 0.758915 0.649172 0.931041 0.340313 0.933903 0.435149 0.279397 0.201160 0.363986 0.000000 0.439190 0.383220 0.368243 0.344526 0.354894 0.360815 0.951913 0.950720 0.957082 0.917600 0.485289 0.626011 0.937238 0.987075 0.338527 0.319147 0.760767 0.821454 0.604024 0.448069 0.656551 0.594527 0.940795 0.972638 0.801502 0.882102 0.899568 0.872892 0.678613 0.530135 0.852937 0.516551 0.675136 0.599149 0.343109 0.325328 0.424548 0.404448 0.540184 0.596100 0.828106 0.700383 0.511993 0.440037 0.412383 0.345784 0.613641 0.301996 0.260715 0.247246 0.428168 0.923445 0.881441 0.885810 0.701019 0.614168 0.602202 0.656853 0.518286 0.491535 0.699803 0.814594 0.457230 0.597426 0.603645 0.494444 0.387707 0.368376 0.633602 0.841357 0.849887 0.716716 0.715003 0.967968 0.801380 0.709823 0.913988 0.736298 0.674553 0.500489 0.995093 0.812275 0.968612 0.574614 0.633386 0.654598 0.674733 0.862258 0.589074 0.605250 0.766086 0.812156 0.958135 0.997155 0.704809 0.944798 0.978230 0.829245 0.715154 0.924507 0.857514 0.830870
0.531631 0.642678 0.939954 0.818766 0.989312 0.749160 0.745659 0.556607 0.947661 0.528969 0.467481 0.484593 0.350806 0.439190 0.000000 0.378042 0.507608 0.514776 0.536055 0.666700 0.960881 0.939293 0.701163 0.902531 0.585628 0.812320 0.950431 0.915817 0.479283 0.392682 0.575633 0.666533 0.496173 0.483768 0.905524 0.793552 0.928676 0.852023 0.981808 0.927269 0.887953 0.918258 0.559316 0.509755 0.734362 0.503006 0.704348 0.575734 0.577143 0.583486 0.654239 0.640255 0.696200 0.759419 0.902986 0.862493 0.643625 0.632063 0.476258 0.541001 0.505879 0.517629 0.318283 0.392455 0.883630 0.995050 0.777100 0.793289 0.995228 0.852288 0.690457 0.690165 0.731531 0.811776 0.885851 0.846391 0.615352 0.642318 0.604472 0.614903 0.525951 0.594788 0.610037 0.828235 0.781510 0.736101 0.894530 0.982325 0.989099 0.691535 0.916027 0.821478 0.776846 0.639315 0.988623 0.812026 0.871153 0.766843 0.683620 0.692835 0.680308 0.836068 0.649557 0.569747 0.773426 0.736371 0.962986 0.972673 0.705824 0.959274 0.925275 0.869741 0.727841 0.911416 0.679332 0.858325
0.589979 0.656941 0.763022 0.917070 0.946740 0.656379 0.949584 0.631772 0.992331 0.653671 0.522644 0.477085 0.442118 0.383220 0.378042 0.000000 0.608285 0.621929 0.564929 0.715235 0.979908 0.929628 0.788048 0.773798 0.532870 0.642786 0.950094 0.982206 0.580513 0.462344 0.721776 0.838953 0.673324 0.641827 0.796171 0.807402 0.962872 0.815147 0.915494 0.974019 0.999056 0.969668 0.676583 0.603085 0.968720 0.703381 0.805041 0.707394 0.636287 0.616792 0.690666 0.681085 0.812858 0.836364 0.963654 0.990218 0.721623 0.699531 0.568056 0.538433 0.715600 0.600497 0.427899 0.448982 0.691339 0.949842 0.993230 0.980809 0.946999 0.794882 0.669566 0.695875 0.818967 0.731115 0.828157 0.861502 0.715046 0.587800 0.716230 0.647059 0.620212 0.632800 0.802019 0.924598 0.866723 0.668152 0.858837 0.994431 0.901290 0.849236 0.943562 0.728378 0.663093 0.590754 0.997662 0.809209 0.947034 0.662007 0.855293 0.853075 0.758860 0.920738 0.721352 0.679413 0.820680 0.722219 0.938091 0.917623 0.767624 0.885048 0.911948 0.988466 0.796898 0.981501 0.801808 0.913152
0.265066 0.269677 0.831394 0.775016 0.664625 0.870335 0.707111 0.333575 0.958875 0.298021 0.253804 0.286241 0.358601 0.368243 0.507608 0.608285 0.000000 0.175695 0.259544 0.302257 0.844975 0.895785 0.950505 0.824890 0.658417 0.772101 0.800574 0.993294 0.263264 0.209785 0.585613 0.609606 0.403648 0.300843 0.800475 0.860689 0.837249 0.911589 0.966520 0.834432 0.669856 0.779881 0.560573 0.389026 0.574584 0.346214 0.468266 0.407627 0.284303 0.435503 0.464754 0.510803 0.559433 0.659132 0.641088 0.589989 0.293672 0.347476 0.444869 0.531518 0.522972 0.411733 0.254800 0.211420 0.526414 0.715107 0.981891 0.912211 0.667188 0.605971 0.643013 0.592779 0.423669 0.483040 0.824849 0.950305 0.447079 0.485692 0.430857 0.363131 0.204474 0.258896 0.512114 0.552411 0.759367 0.869834 0.802193 0.998725 0.811785 0.679025 0.988104 0.704744 0.713287 0.487891 0.917675 0.757615 0.802353 0.730227 0.530001 0.593046 0.704319 0.899889 0.483114 0.510389 0.781404 0.850426 0.855281 0.967079 0.736088 0.867999 0.972047 0.736510 0.530556 0.956787 0.774551 0.815426
0.237071 0.241046 0.818295 0.780689 0.688502 0.830720 0.725910 0.313829 0.905244 0.297628 0.228543 0.256818 0.342619 0.344526 0.514776 0.621929 0.175695 0.000000 0.244998 0.285002 0.892900 0.874967 0.985930 0.840672 0.666898 0.800016 0.778753 0.990725 0.231381 0.214287 0.600304 0.640561 0.415401 0.327290 0.797101 0.777582 0.879421 0.904296 0.943145 0.850959 0.621194 0.810960 0.558387 0.381324 0.606044 0.350721 0.520221 0.392338 0.275256 0.399459 0.438749 0.462796 0.521203 0.599418 0.624483 0.566674 0.297721 0.321834 0.425695 0.481872 0.490323 0.392700 0.241145 0.201373 0.511919 0.734450 0.989258 0.929834 0.677824 0.625784 0.643337 0.592254 0.409039 0.446505 0.830941 0.877315 0.406987 0.479905 0.416051 0.332426 0.216692 0.258985 0.522355 0.612523 0.812411 0.907292 0.751625 0.980757 0.796475 0.727803 0.915154 0.723538 0.719513 0.504732 0.918580 0.742842 0.786818 0.750245 0.517926 0.557510 0.679004 0.853199 0.465374 0.532524 0.720909 0.875008 0.894447 0.996456 0.759956 0.932805 0.939660 0.740529 0.515816 0.932670 0.776261 0.861198
0.293240 0.287767 0.729958 0.818599 0.608534 0.804383 0.758441 0.371682 0.906386 0.400432 0.277733 0.297682 0.385740 0.354894 0.536055 0.564929 0.259544 0.244998 0.000000 0.282204 0.918095 0.948968 0.995526 0.919349 0.627618 0.677827 0.880142 0.946194 0.290472 0.261745 0.657358 0.709068 0.452004 0.376737 0.734071 0.755208 0.968450 0.949912 0.913872 0.944751 0.672828 0.876804 0.664248 0.479331 0.697570 0.463324 0.570182 0.474476 0.362759 0.400235 0.482621 0.497691 0.594462 0.642492 0.611023 0.583016 0.335789 0.364475 0.483561 0.527218 0.608199 0.422929 0.301002 0.275677 0.468294 0.674825 0.933853 0.994223 0.627167 0.542407 0.626380 0.665200 0.473574 0.465920 0.804002 0.881120 0.397420 0.585662 0.414522 0.350932 0.277250 0.295125 0.541796 0.545190 0.866211 0.927746 0.750083 0.931861 0.762135 0.728167 0.975737 0.687831 0.663331 0.513856 0.828514 0.691191 0.821214 0.673764 0.663317 0.691183 0.686412 0.908835 0.538627 0.559911 0.782707 0.823319 0.996993 0.890103 0.744043 0.995901 0.908629 0.815538 0.619089 0.919816 0.904184 0.723618
0.265623 0.235233 0.656939 0.761122 0.688881 0.833137 0.956743 0.377380 0.840688 0.480316 0.348188 0.275133 0.539429 0.360815 0.666700 0.715235 0.302257 0.285002 0.282204 0.000000 0.954186 0.917224 0.979469 0.945674 0.717870 0.783681 0.971212 0.965694 0.325478 0.344195 0.770352 0.762505 0.626774 0.433082 0.663943 0.660519 0.957651 0.865755 0.905018 0.859620 0.685052 0.839045 0.847296 0.626990 0.849001 0.528221 0.683267 0.577963 0.313081 0.350812 0.499625 0.490162 0.596434 0.688905 0.706457 0.603860 0.327219 0.284450 0.551268 0.475225 0.791635 0.375512 0.404560 0.349105 0.409345 0.703062 0.692719 0.799743 0.483018 0.418534 0.737495 0.829418 0.478392 0.534630 0.800721 0.956255 0.430382 0.661104 0.576492 0.415316 0.280948 0.248476 0.484543 0.606716 0.781421 0.795030 0.728897 0.888701 0.700007 0.757278 0.944644 0.633870 0.666895 0.486350 0.872420 0.808733 0.950519 0.643891 0.742503 0.821243 0.826646 0.992270 0.670869 0.779522 0.841925 0.970002 0.995413 0.872421 0.841652 0.958300 0.985242 0.863514 0.680959 0.955787 0.974295 0.788923
0.965966 0.969823 0.874499 0.958792 0.989828 0.862080 0.915590 0.961369 0.943530 0.840026 0.941508 0.964773 0.930981 0.951913 0.960881 0.979908 0.844975 0.892900 0.918095 0.954186 0.000000 0.949686 0.922157 0.978927 0.952052 0.980557 0.891988 0.970345 0.953233 0.950988 0.762155 0.814540 0.902277 0.893442 0.988624 0.867570 0.776680 0.938346 0.783989 0.812671 0.848292 0.955968 0.877674 0.830768 0.829799 0.838842 0.816075 0.840586 0.926603 0.912991 0.946455 0.896319 0.842805 0.815015 0.860381 0.916826 0.856383 0.984471 0.971833 0.895015 0.987818 0.967902 0.962713 0.959788 0.901379 0.921479 0.978302 0.957672 0.951503 0.939780 0.933742 0.897605 0.986004 0.936840 0.838473 0.957679 0.970988 0.936244 0.986455 0.822880 0.824812 0.829307 0.792405 0.782516 0.725976 0.979056 0.992983 0.935253 0.984662 0.952895 0.816549 0.928819 0.950263 0.950195 0.957546 0.943814 0.934070 0.901863 0.930306 0.944708 0.981428 0.926037 0.872115 0.880436 0.929428 0.883097 0.823323 0.899108 0.974836 0.830348 0.926156 0.980052 0.952577 0.982456 0.970221 0.948232
0.923438 0.854367 0.958623 0.930226 0.953946 0.951864 0.918110 0.997034 0.923096 0.944345 0.964608 0.904198 0.994074 0.950720 0.939293 0.929628 0.895785 0.874967 0.948968 0.917224 0.949686 0.000000 0.929209 0.999326 0.979169 0.984676 0.835832 0.893579 0.953744 0.921817 0.963556 0.990808 0.987592 0.943438 0.969163 0.836318 0.961613 0.676148 0.937737 0.960079 0.928765 0.861929 0.978832 0.951586 0.964982 0.951075 0.939168 0.947457 0.850972 0.942876 0.915425 0.964505 0.997884 0.976741 0.993537 0.966933 0.946658 0.907007 0.920599 0.911998 0.978991 0.927031 0.991134 0.918303 0.875745 0.978430 0.920939 0.983229 0.988991 0.970350 0.990804 0.983597 0.945710 0.933080 0.989693 0.938974 0.983059 0.913216 0.869968 0.900222 0.883651 0.871233 0.945245 0.869186 0.922764 0.913171 0.855307 0.998454 0.944470 0.914328 0.933961 0.829906 0.846336 0.919945 0.948650 0.866931 0.938068 0.881073 0.958590 0.962751 0.950063 0.944814 0.931819 0.904501 0.901332 0.992138 0.936953 0.784301 0.928906 0.897726 0.999608 0.970080 0.959516 0.750529 0.921210 0.939747
0.935154 0.938042 0.762480 0.783246 0.898431 0.799501 0.979448 0.920889 0.772329 0.974054 0.939689 0.967486 0.936131 0.957082 0.701163 0.788048 0.950505 0.985930 0.995526 0.979469 0.922157 0.929209 0.000000 0.462505 0.891021 0.989048 0.868495 0.739286 0.941289 0.925850 0.842053 0.942243 0.828095 0.994914 0.930981 0.946110 0.765646 0.806945 0.991396 0.876579 0.995680 0.918202 0.841841 0.818789 0.894606 0.963838 0.937145 0.849272 0.879549 0.844101 0.713995 0.676973 0.639019 0.569502 0.734271 0.668592 0.900826 0.921580 0.987933 0.919102 0.925446 0.895962 0.956333 0.973088 0.727174 0.904382 0.998141 0.901859 0.964047 0.993773 0.916694 0.803226 0.815526 0.726286 0.947403 0.987443 0.779699 0.933773 0.921050 0.929080 0.974062 0.826452 0.727887 0.788556 0.535227 0.509553 0.897828 0.621356 0.990407 0.868195 0.626142 0.629476 0.789210 0.727389 0.981408 0.863451 0.967411 0.865926 0.695106 0.711007 0.675531 0.733601 0.829241 0.901671 0.982771 0.928541 0.816148 0.619218 0.979631 0.904206 0.989617 0.753801 0.827815 0.907869 0.888927 0.777934
0.872202 0.871457 0.937099 0.968961 0.927392 0.937907 0.710241 0.796384 0.776598 0.869605 0.838236 0.984135 0.877952 0.917600 0.902531 0.773798 0.824890 0.840672 0.919349 0.945674 0.978927 0.999326 0.462505 0.000000 0.977377 0.866178 0.961534 0.815105 0.894977 0.908867 0.942058 0.827637 0.863777 0.809988 0.940685 0.874332 0.993749 0.798586 0.801199 0.937164 0.774628 0.920585 0.746526 0.723974 0.711437 0.801342 0.713760 0.757201 0.824721 0.857251 0.728113 0.732459 0.679384 0.645548 0.626985 0.692051 0.859984 0.931679 0.850221 0.963396 0.734347 0.894736 0.897555 0.879412 0.928868 0.998246 0.786384 0.670109 0.945999 0.942122 0.952437 0.864955 0.663449 0.768094 0.908450 0.961668 0.722621 0.740646 0.710190 0.857813 0.851032 0.999415 0.960959 0.952701 0.765127 0.547162 0.925525 0.636496 0.897076 0.990111 0.639017 0.645822 0.687451 0.776492 0.870252 0.927725 0.768697 0.797425 0.566004 0.628175 0.733005 0.724414 0.707002 0.768822 0.932193 0.929262 0.982976 0.647613 0.949235 0.845101 0.836307 0.750413 0.688762 0.821787 0.707376 0.908419
0.641510 0.717070 0.697300 0.960949 0.987303 0.608533 0.867275 0.608742 0.907422 0.673132 0.549254 0.513245 0.580387 0.485289 0.585628 0.532870 0.658417 0.666898 0.627618 0.717870 0.952052 0.979169 0.891021 0.977377 0.000000 0.530152 0.825168 0.937895 0.625479 0.579204 0.956097 0.865644 0.765321 0.688609 0.756040 0.731570 0.816261 0.963054 0.833624 0.956915 0.999961 0.880872 0.664608 0.630231 0.932072 0.780380 0.667227 0.746975 0.637402 0.587957 0.553691 0.578054 0.635869 0.582279 0.704308 0.776691 0.876623 0.851419 0.695838 0.604299 0.693441 0.544305 0.546470 0.547191 0.551377 0.950192 0.932162 0.923546 0.940477 0.911370 0.693612 0.662662 0.593010 0.560842 0.817524 0.829684 0.684556 0.661208 0.743752 0.724154 0.726671 0.829615 0.895225 0.838308 0.862598 0.967287 0.785740 0.762672 0.726895 0.910936 0.780675 0.912761 0.840523 0.852131 0.993038 0.788523 0.892620 0.775589 0.659794 0.679661 0.659064 0.792148 0.741987 0.685693 0.953830 0.845842 0.959905 0.912420 0.841872 0.859852 0.908436 0.813268 0.872762 0.969402 0.728570 0.844530
0.848489 0.829338 0.427082 0.715275 0.817055 0.914010 0.746798 0.952860 0.827772 0.885069 0.807930 0.674120 0.773656 0.626011 0.812320 0.642786 0.772101 0.800016 0.677827 0.783681 0.980557 0.984676 0.989048 0.866178 0.530152 0.000000 0.968915 0.969779 0.866083 0.763461 0.783963 0.837030 0.932817 0.939350 0.562411 0.800707 0.892421 0.855500 0.746806 0.997071 0.906426 0.918307 0.908171 0.984936 0.749098 0.908434 0.859836 0.925696 0.913226 0.876401 0.962124 0.963106 0.950363 0.976090 0.955825 0.937141 0.824080 0.830167 0.859115 0.859308 0.890609 0.945804 0.763324 0.757337 0.512088 0.653079 0.777431 0.713634 0.893475 0.901574 0.815214 0.706988 0.816845 0.871276 0.915381 0.957009 0.860954 0.913544 0.854931 0.912188 0.907673 0.830715 0.868577 0.937593 0.779337 0.968660 0.760210 0.819694 0.688581 0.978764 0.731150 0.697645 0.545191 0.644515 0.825026 0.800048 0.952825 0.652448 0.971765 0.928832 0.926951 0.744116 0.965381 0.948653 0.874679 0.871114 0.876003 0.797648 0.916708 0.903639 0.801531 0.928930 0.876326 0.899780 0.879615 0.810753
0.946326 0.935177 0.849645 0.878357 0.915975 0.884774 0.675936 0.823423 0.878475 0.741669 0.866947 0.937370 0.924050 0.937238 0.950431 0.950094 0.800574 0.778753 0.880142 0.971212 0.891988 0.835832 0.868495 0.961534 0.825168 0.968915 0.000000 0.966374 0.825789 0.847079 0.932078 0.791943 0.796666 0.801079 0.680203 0.973490 0.986908 0.905661 0.841298 0.982132 0.839109 0.966045 0.649770 0.709314 0.696049 0.785168 0.843061 0.695755 0.885455 0.951643 0.815611 0.915511 0.837433 0.809659 0.618503 0.771970 0.990547 0.894537 0.915821 0.917292 0.733117 0.893369 0.820371 0.818996 0.943898 0.940889 0.665186 0.712164 0.862361 0.726923 0.819668 0.707083 0.798592 0.747394 0.988133 0.956144 0.830828 0.932652 0.829609 0.789814 0.815793 0.903442 0.906998 0.835978 0.990885 0.920747 0.877706 0.842774 0.887101 0.978632 0.820087 0.847359 0.825042 0.931706 0.925243 0.979167 0.832144 0.765098 0.652814 0.631382 0.804159 0.730192 0.818846 0.726820 0.891255 0.944421 0.949687 0.772397 0.909289 0.917485 0.936747 0.794727 0.660465 0.990683 0.817121 0.863277
0.935912 0.936097 0.852931 0.933073 0.938886 0.938940 0.954979 0.935342 0.890480 0.984414 0.983723 0.951513 0.979375 0.987075 0.915817 0.982206 0.993294 0.990725 0.946194 0.965694 0.970345 0.893579 0.739286 0.815105 0.937895 0.969779 0.966374 0.000000 0.948648 0.930897 0.946357 0.771163 0.947368 0.990815 0.875821 0.894805 0.838474 0.947388 0.984871 0.982363 0.862315 0.989311 0.982346 0.931087 0.956502 0.974240 0.959532 0.968977 0.898097 0.979346 0.931006 0.929021 0.918479 0.947971 0.999089 0.889102 0.995661 0.985773 0.862705 0.918615 0.917122 0.946600 0.941824 0.943488 0.964416 0.940896 0.953905 0.989257 0.952358 0.956538 0.959876 0.980003 0.958601 0.977916 0.879379 0.974565 0.921661 0.954667 0.964453 0.921881 0.987733 0.997049 0.884561 0.937423 0.932321 0.971931 0.993057 0.937508 0.814717 0.727280 0.946010 0.947157 0.952052 0.927912 0.946245 0.835994 0.980182 0.846685 0.767434 0.917546 0.824451 0.956222 0.909146 0.947677 0.927992 0.951503 0.945889 0.909786 0.911007 0.967680 0.968628 0.913303 0.904306 0.828894 0.986168 0.956407
0.270550 0.274740 0.842106 0.769727 0.770780 0.710301 0.730821 0.315823 0.998817 0.317310 0.258511 0.314779 0.365461 0.338527 0.479283 0.580513 0.263264 0.231381 0.290472 0.325478 0.953233 0.953744 0.941289 0.894977 0.625479 0.866083 0.825789 0.948648 0.000000 0.211841 0.537457 0.537737 0.389518 0.302847 0.832135 0.820533 0.898571 0.880437 0.856839 0.838518 0.665533 0.772658 0.554731 0.396311 0.610921 0.337292 0.543425 0.438590 0.278607 0.343448 0.376115 0.407063 0.466372 0.528047 0.650800 0.526887 0.395151 0.361440 0.416561 0.456315 0.495594 0.337365 0.264791 0.237249 0.519163 0.808531 0.991431 0.912377 0.709381 0.592532 0.687028 0.661874 0.399920 0.439379 0.723369 0.875525 0.458436 0.483685 0.397346 0.334206 0.246417 0.315557 0.496443 0.629621 0.775641 0.880184 0.847204 0.985936 0.793951 0.723499 0.838647 0.759594 0.802227 0.552340 0.912533 0.765663 0.759523 0.712171 0.567427 0.573825 0.663224 0.789262 0.497990 0.522171 0.632620 0.828102 0.970120 0.994744 0.767234 0.968687 0.954683 0.768328 0.556941 0.872486 0.855749 0.807819
0.278742 0.303394 0.811000 0.825458 0.771252 0.709567 0.689906 0.336283 0.990373 0.294490 0.237588 0.296980 0.292133 0.319147 0.392682 0.462344 0.209785 0.214287 0.261745 0.344195 0.950988 0.921817 0.925850 0.908867 0.579204 0.763461 0.847079 0.930897 0.211841 0.000000 0.492908 0.562579 0.373455 0.280937 0.787968 0.807705 0.875219 0.954950 0.923391 0.865273 0.666761 0.806682 0.487737 0.324671 0.585148 0.327165 0.482338 0.396520 0.288963 0.377549 0.417840 0.446250 0.502002 0.574452 0.668246 0.625922 0.362952 0.365506 0.422069 0.461951 0.484420 0.384444 0.224491 0.192153 0.525823 0.755650 0.969122 0.862480 0.760346 0.601036 0.651176 0.582079 0.454206 0.474499 0.838618 0.897560 0.459998 0.455889 0.384656 0.342259 0.227840 0.320146 0.506151 0.597844 0.835236 0.879442 0.783088 0.935586 0.787802 0.761335 0.935659 0.718438 0.693568 0.475154 0.911215 0.754990 0.750380 0.656737 0.590848 0.591130 0.631282 0.824858 0.495091 0.490145 0.711574 0.821620 0.977520 0.979281 0.681111 0.923815 0.964034 0.709232 0.553619 0.849418 0.742345 0.824828
0.617074 0.658697 0.755758 0.766579 0.925063 0.829468 0.566028 0.575792 0.830234 0.484440 0.664678 0.751592 0.611478 0.760767 0.575633 0.721776 0.585613 0.600304 0.657358 0.770352 0.762155 0.963556 0.842053 0.942058 0.956097 0.783963 0.932078 0.946357 0.537457 0.492908 0.000000 0.397954 0.467687 0.503982 0.882286 0.924617 0.790536 0.948386 0.800323 0.904090 0.732497 0.798082 0.433066 0.395742 0.411225 0.339906 0.638628 0.487782 0.575317 0.685783 0.644653 0.681064 0.635736 0.725676 0.796352 0.756154 0.628597 0.685617 0.733796 0.753709 0.557277 0.646159 0.572843 0.564232 0.992387 0.981748 0.788006 0.581347 0.990187 0.859911 0.750973 0.750553 0.829242 0.726618 0.750643 0.975479 0.653551 0.557782 0.626988 0.568721 0.513643 0.680465 0.729834 0.676923 0.746723 0.937669 0.997528 0.778309 0.892418 0.705491 0.863972 0.939038 0.985160 0.831926 0.870349 0.899913 0.760337 0.919532 0.676395 0.622282 0.616308 0.714942 0.557045 0.516199 0.636363 0.713741 0.931271 0.949005 0.762873 0.897861 0.812342 0.720132 0.534646 0.837081 0.714083 0.943963
0.685997 0.717233 0.814154 0.800910 0.799268 0.776052 0.580868 0.635453 0.832714 0.560435 0.727311 0.815364 0.709631 0.821454 0.666533 0.838953 0.609606 0.640561 0.709068 0.762505 0.814540 0.990808 0.942243 0.827637 0.865644 0.837030 0.791943 0.771163 0.537737 0.562579 0.397954 0.000000 0.455321 0.500683 0.794772 0.954973 0.850862 0.814078 0.721535 0.819671 0.723230 0.821287 0.495061 0.485983 0.467467 0.424973 0.660318 0.503599 0.628029 0.714165 0.634578 0.706559 0.682517 0.707151 0.795243 0.670439 0.697989 0.750274 0.824147 0.851013 0.673935 0.680041 0.656796 0.638727 0.929905 0.975765 0.812799 0.644149 0.948199 0.781169 0.663038 0.719181 0.742195 0.771415 0.718532 0.948315 0.666818 0.576902 0.622969 0.569277 0.537330 0.723090 0.722907 0.755880 0.834864 0.974285 0.863807 0.774047 0.998726 0.779597 0.860111 0.981086 0.947511 0.889832 0.962985 0.929295 0.731992 0.985684 0.720041 0.636006 0.757219 0.792577 0.600005 0.585711 0.592977 0.809814 0.967927 0.892527 0.772329 0.855132 0.803879 0.655374 0.646536 0.717377 0.799036 0.924491
0.529370 0.587692 0.758753 0.624763 0.899948 0.713419 0.421665 0.455817 0.917930 0.407084 0.458438 0.601488 0.443838 0.604024 0.496173 0.673324 0.403648 0.415401 0.452004 0.626774 0.902277 0.987592 0.828095 0.863777 0.765321 0.932817 0.796666 0.947368 0.389518 0.373455 0.467687 0.455321 0.000000 0.392394 0.899377 0.937004 0.727706 0.837766 0.889204 0.811465 0.699704 0.835334 0.431141 0.398938 0.410081 0.358299 0.624352 0.429844 0.534996 0.643643 0.586156 0.655759 0.672149 0.683903 0.697307 0.768387 0.552150 0.640568 0.568964 0.749932 0.423068 0.559832 0.419717 0.423662 0.916299 0.969521 0.642786 0.572223 0.922898 0.767501 0.701105 0.624194 0.594475 0.627502 0.782614 0.911879 0.592154 0.512124 0.462851 0.431983 0.386594 0.538035 0.601405 0.547220 0.731068 0.910396 0.980471 0.965284 0.969828 0.712171 0.834103 0.942301 0.984874 0.795761 0.953694 0.862698 0.670307 0.943969 0.592686 0.541899 0.663589 0.711080 0.536515 0.432280 0.601247 0.689756 0.999739 0.952989 0.704448 0.956001 0.846382 0.649089 0.560165 0.809009 0.735000 0.859103
0.364595 0.412816 0.946378 0.751585 0.778672 0.800236 0.586307 0.375565 0.981374 0.392026 0.374527 0.432416 0.424850 0.448069 0.483768 0.641827 0.300843 0.327290 0.376737 0.433082 0.893442 0.943438 0.994914 0.809988 0.688609 0.939350 0.801079 0.990815 0.302847 0.280937 0.503982 0.500683 0.392394 0.000000 0.980809 0.878679 0.901276 0.799635 0.953435 0.876025 0.718781 0.796223 0.467777 0.326105 0.454470 0.309480 0.515945 0.416342 0.360942 0.457791 0.461455 0.501348 0.514917 0.591563 0.710128 0.610125 0.456844 0.458859 0.503812 0.586581 0.478913 0.422935 0.308687 0.307476 0.637296 0.877148 0.839747 0.704264 0.803163 0.699219 0.641791 0.603858 0.509310 0.546915 0.770766 0.942700 0.437370 0.531241 0.409398 0.399818 0.313554 0.436381 0.534005 0.533522 0.800551 0.933305 0.888881 0.854656 0.895542 0.714504 0.898708 0.817196 0.821836 0.664339 0.994319 0.708882 0.808128 0.916225 0.529416 0.554579 0.663101 0.751692 0.491867 0.478853 0.691159 0.816516 0.932579 0.966730 0.717303 0.989258 0.944312 0.673790 0.548848 0.889539 0.734882 0.848319
0.714228 0.693886 0.437607 0.864381 0.916364 0.879815 0.673943 0.846583 0.767298 0.878143 0.735096 0.613253 0.813423 0.656551 0.905524 0.796171 0.800475 0.797101 0.734071 0.663943 0.988624 0.969163 0.930981 0.940685 0.756040 0.562411 0.680203 0.875821 0.832135 0.787968 0.882286 0.794772 0.899377 0.980809 0.000000 0.794890 0.953203 0.907345 0.878765 0.918153 0.885712 0.879215 0.848984 0.959892 0.794268 0.973646 0.977659 0.992925 0.739970 0.690957 0.876848 0.820160 0.921490 0.965452 0.957619 0.985359 0.764065 0.666118 0.845778 0.656518 0.872987 0.794597 0.778510 0.725304 0.537405 0.737374 0.564797 0.619292 0.791057 0.683294 0.701798 0.878956 0.851362 0.963363 0.996785 0.951260 0.880746 0.969466 0.945908 0.863700 0.843386 0.769449 0.800047 0.975335 0.845425 0.968547 0.726301 0.899643 0.870511 0.933247 0.836441 0.709794 0.703943 0.609152 0.901085 0.873990 0.944765 0.578677 0.949658 0.826425 0.984312 0.765655 0.997399 0.882731 0.721258 0.848509 0.897978 0.861507 0.904999 0.985464 0.932621 0.925489 0.794238 0.964891 0.784065 0.837575
0.620505 0.664317 0.634676 0.879473 0.897928 0.758347 0.922915 0.679132 0.922253 0.814868 0.749387 0.588514 0.778359 0.594527 0.793552 0.807402 0.860689 0.777582 0.755208 0.660519 0.867570 0.836318 0.946110 0.874332 0.731570 0.800707 0.973490 0.894805 0.820533 0.807705 0.924617 0.954973 0.937004 0.878679 0.794890 0.000000 0.790867 0.876193 0.995785 0.897097 0.955023 0.869688 0.931627 0.840765 0.930536 0.844202 0.905013 0.817461 0.680892 0.562789 0.646424 0.579800 0.649211 0.699733 0.919495 0.727024 0.769448 0.716499 0.686465 0.545127 0.902034 0.616034 0.737471 0.717089 0.683922 0.995158 0.746738 0.815873 0.816389 0.708397 0.770915 0.922334 0.893553 0.907552 0.944468 0.877415 0.629292 0.951446 0.920144 0.861485 0.847128 0.822681 0.880276 0.890918 0.950035 0.863209 0.700776 0.839117 0.978856 0.928630 0.911039 0.955089 0.821371 0.809644 0.825656 0.983252 0.964077 0.726987 0.836425 0.884243 0.852003 0.996612 0.808428 0.941631 0.879517 0.931636 0.962967 0.918506 0.843350 0.896334 0.960402 0.977273 0.928075 0.875224 0.938031 0.952526
0.946851 0.950785 0.877157 0.971272 0.881882 0.913401 0.874458 0.926620 0.946414 0.787558 0.936112 0.951981 0.956572 0.940795 0.928676 0.962872 0.837249 0.879421 0.968450 0.957651 0.776680 0.961613 0.765646 0.993749 0.816261 0.892421 0.986908 0.838474 0.898571 0.875219 0.790536 0.850862 0.727706 0.901276 0.953203 0.790867 0.000000 0.797089 0.903527 0.709091 0.839648 0.799772 0.926025 0.920497 0.798485 0.884600 0.977867 0.972205 0.971295 0.906960 0.972061 0.907113 0.870532 0.859231 0.960819 0.931452 0.915991 0.962098 0.962069 0.911576 0.929059 0.936354 0.928110 0.889442 0.890735 0.879183 0.940958 0.983951 0.933770 0.938896 0.843821 0.898507 0.968836 0.988814 0.891742 0.946502 0.998292 0.814449 0.933087 0.823250 0.799540 0.740753 0.794950 0.823352 0.662320 0.728259 0.870808 0.888627 0.940836 0.735957 0.890327 0.861639 0.883119 0.884024 0.967971 0.900180 0.811375 0.969544 0.981892 0.930727 0.988564 0.889939 0.926020 0.902085 0.993562 0.902888 0.850434 0.932026 0.796367 0.940395 0.857443 0.794107 0.922937 0.989824 0.924089 0.901941
0.988210 0.974566 0.917580 0.889554 0.956554 0.911827 0.831655 0.907767 0.967989 0.819249 0.950414 0.988892 0.867642 0.972638 0.852023 0.815147 0.911589 0.904296 0.949912 0.865755 0.938346 0.676148 0.806945 0.798586 0.963054 0.855500 0.905661 0.947388 0.880437 0.954950 0.948386 0.814078 0.837766 0.799635 0.907345 0.876193 0.797089 0.000000 0.917932 0.836021 0.769547 0.869258 0.858257 0.917121 0.711689 0.867154 0.986820 0.918334 0.903630 0.971226 0.899083 0.995147 0.942576 0.924067 0.856722 0.835626 0.970633 0.940717 0.979806 0.824338 0.924797 0.838149 0.920447 0.964793 0.952182 0.808114 0.923384 0.802803 0.924660 0.933890 0.917276 0.782617 0.749829 0.822543 0.943943 0.969665 0.876169 0.951690 0.932707 0.856342 0.814626 0.892298 0.913807 0.712600 0.838740 0.992062 0.922608 0.939005 0.936425 0.807773 0.907584 0.965914 0.956606 0.859735 0.963965 0.815808 0.856164 0.858191 0.962590 0.817499 0.993107 0.886504 0.958492 0.999098 0.968746 0.972995 0.999249 0.987574 0.817636 0.938741 0.892751 0.743535 0.970083 0.909796 0.954018 0.864600
