0.000000 0.205551 0.440888 0.593505 0.692859 0.932278 0.485766 0.530238 0.954383 0.756746 0.381881 0.318386 0.326504 0.473967 0.673396 0.698455 0.318190 0.371241 0.282711 0.303024 0.737111 0.960433 0.662090 0.730216 0.761149 0.989166 0.909671 0.993486 0.516955 0.441157 0.895305 0.975053 0.363754 0.343790 0.686872 0.915433 0.506735 0.710495 0.745045 0.751000 0.772628 0.950253 0.835873 0.811101 0.966189 0.854901 0.471127 0.506912 0.730683 0.531885 0.593789 0.533534 0.992065 0.729422 0.395465 0.511375 0.292250 0.221034 0.294222 0.344173 0.262451 0.346937 0.222630 0.219729 0.510251 0.360929 0.398669 0.570888 0.308702 0.268436 0.724671 0.980197 0.530714 0.731401 0.715815 0.790473 0.720135 0.784050 0.511975 0.479371 0.251740 0.276282 0.387899 0.352269 0.280806 0.303559 0.603421 0.663145 0.456420 0.459843 0.633654 0.505310 0.569896 0.482516 0.961761 0.839870 0.386772 0.924564 0.888691 0.927987 0.793167 0.894664 0.754415 0.753049 0.618278 0.518374 0.968993 0.958748 0.849067 0.594259 0.991344 0.741286 0.942276 0.847618 0.658466 0.787923
0.205551 0.000000 0.521521 0.579010 0.735397 0.948624 0.557141 0.496339 0.986196 0.759037 0.435300 0.260479 0.368115 0.457191 0.715626 0.673542 0.287648 0.316195 0.308903 0.267726 0.818106 0.936497 0.654932 0.676767 0.837196 0.870859 0.910918 0.997944 0.476214 0.400942 0.944683 0.967095 0.393714 0.403386 0.751542 0.992917 0.538912 0.651389 0.735039 0.768256 0.790348 0.870274 0.748969 0.760896 0.980316 0.875280 0.422614 0.524873 0.752953 0.566415 0.590571 0.536137 0.949830 0.718281 0.460465 0.549692 0.269512 0.191562 0.341218 0.357139 0.317176 0.348950 0.233533 0.192410 0.578736 0.355884 0.475998 0.596873 0.318151 0.275684 0.665554 0.959624 0.548069 0.728368 0.794735 0.751418 0.651033 0.666764 0.437747 0.425068 0.255165 0.282559 0.412983 0.395528 0.327959 0.332140 0.620915 0.681032 0.492717 0.504279 0.603117 0.537863 0.572919 0.453612 0.995283 0.836462 0.401269 0.910253 0.859929 0.897211 0.781483 0.870496 0.771894 0.753749 0.578244 0.503199 0.997564 0.976347 0.878059 0.568566 0.956546 0.727924 0.906287 0.894195 0.651858 0.803564
0.440888 0.521521 0.000000 0.372854 0.911502 0.914693 0.480965 0.662219 0.760548 0.777771 0.703913 0.698913 0.397637 0.688859 0.584849 0.671596 0.688782 0.803981 0.539237 0.644156 0.653423 0.904917 0.515420 0.557585 0.513509 0.624161 0.842035 0.871402 0.833522 0.852669 0.709995 0.970547 0.507424 0.577913 0.617807 0.880194 0.452591 0.798845 0.718420 0.936530 0.828415 0.893686 0.926313 0.882267 0.975721 0.828413 0.640029 0.530586 0.822260 0.480562 0.561595 0.467913 0.764798 0.907781 0.397029 0.625338 0.752311 0.597041 0.380184 0.414278 0.419640 0.575099 0.510098 0.582810 0.293847 0.513872 0.385204 0.562874 0.538401 0.476406 0.746993 0.935873 0.538663 0.730466 0.744150 0.813450 0.661898 0.991727 0.623021 0.787180 0.662902 0.691308 0.653393 0.627533 0.424500 0.375314 0.671736 0.848925 0.506339 0.568717 0.757345 0.691743 0.704293 0.728320 0.977196 0.994596 0.632410 0.955576 0.953278 0.881336 0.793173 0.868146 0.962023 0.973891 0.695038 0.551404 0.858302 0.874732 0.945163 0.726609 0.982188 0.865028 0.967841 0.835448 0.691112 0.871814
0.593505 0.579010 0.372854 0.000000 0.974858 0.924620 0.481331 0.456535 0.748098 0.936077 0.853002 0.667719 0.459553 0.608299 0.531468 0.509901 0.769510 0.832907 0.624013 0.681909 0.775470 0.982448 0.489282 0.448764 0.576000 0.766487 0.839405 0.931661 0.809804 0.861357 0.649527 0.848321 0.593760 0.603281 0.759024 0.957978 0.526487 0.748668 0.685869 0.929606 0.905954 0.951344 0.725570 0.726999 0.940230 0.698606 0.554036 0.452953 0.797449 0.491400 0.473071 0.452287 0.740794 0.862184 0.546719 0.679931 0.824836 0.662425 0.481027 0.489348 0.517161 0.553046 0.586542 0.597036 0.436911 0.548433 0.480667 0.559760 0.767381 0.625087 0.738110 0.954395 0.758117 0.844187 0.807762 0.823799 0.541754 0.806326 0.637667 0.858506 0.767760 0.850928 0.673254 0.685128 0.568493 0.398867 0.715021 0.948800 0.619504 0.587545 0.910758 0.830424 0.865880 0.816063 0.980590 0.905959 0.638328 0.951625 0.907175 0.964562 0.871662 0.856029 0.910559 0.861252 0.585158 0.496724 0.758336 0.647690 0.927329 0.706143 0.871021 0.768618 0.826182 0.754394 0.717471 0.825252
0.692859 0.735397 0.911502 0.974858 0.000000 0.985868 0.823087 0.877291 0.967017 0.943285 0.753119 0.775982 0.656641 0.780638 0.838782 0.741510 0.710720 0.789715 0.707827 0.816912 0.940651 0.868364 0.814220 0.943709 0.954523 0.969008 0.952462 0.927185 0.749535 0.796182 0.987842 0.965713 0.833012 0.760229 0.905515 0.870990 0.919092 0.999993 0.968284 0.753952 0.963426 0.828877 0.940498 0.928242 0.973567 0.914335 0.768570 0.756355 0.911455 0.871150 0.843113 0.861864 0.980865 0.891244 0.864613 0.944268 0.697332 0.758467 0.741898 0.807094 0.745857 0.826555 0.703762 0.700993 0.872811 0.853656 0.911442 0.967862 0.716131 0.720049 0.948609 0.947725 0.923368 0.929866 0.908034 0.993577 0.976605 0.909349 0.802474 0.818048 0.725437 0.762515 0.767564 0.813999 0.715204 0.795820 0.908350 0.805199 0.827162 0.834076 0.858707 0.930418 0.817400 0.809274 0.843912 0.985914 0.815977 0.851930 0.963625 0.981988 0.866657 0.978165 0.927848 0.788070 0.939258 0.814822 0.946784 0.875569 0.823292 0.965051 0.808825 0.924991 0.831876 0.996716 0.756926 0.918633
0.932278 0.948624 0.914693 0.924620 0.985868 0.000000 0.916027 0.881936 0.980293 0.782961 0.843054 0.858087 0.998454 0.924797 0.992843 0.975543 0.902866 0.858729 0.903540 0.964353 0.821142 0.918453 0.833972 0.820517 0.816073 0.909787 0.787175 0.773374 0.806801 0.810249 0.867138 0.928507 0.979052 0.916452 0.844319 0.860168 0.851012 0.832408 0.839199 0.742456 0.856084 0.787326 0.801037 0.786617 0.811765 0.802458 0.950876 0.913519 0.824226 0.981594 0.951912 0.978375 0.976716 0.934210 0.916010 0.892260 0.873439 0.942461 0.975248 0.996307 0.941086 0.902450 0.917899 0.918657 0.785577 0.996919 0.949861 0.861179 0.932799 0.930151 0.947921 0.906099 0.904182 0.938969 0.920806 0.951004 0.989676 0.878246 0.927692 0.874651 0.898292 0.891609 0.881941 0.980067 0.871895 0.924991 0.936408 0.930633 0.741640 0.977667 0.736777 0.871437 0.886905 0.935709 0.977250 0.757652 0.776289 0.723460 0.680792 0.665047 0.710664 0.860982 0.747844 0.772394 0.897705 0.925219 0.992541 0.924925 0.981475 0.987954 0.845201 0.831535 0.926769 0.990422 0.881835 0.840589
0.485766 0.557141 0.480965 0.481331 0.823087 0.916027 0.000000 0.342575 0.569475 0.746843 0.502199 0.553316 0.343349 0.342396 0.386100 0.446481 0.551757 0.567794 0.335977 0.495013 0.716096 0.994553 0.682998 0.724797 0.952167 0.990389 0.913367 0.944444 0.453405 0.544074 0.666959 0.651175 0.353882 0.294391 0.748506 0.984124 0.682519 0.726790 0.917617 0.852719 0.900327 0.857762 0.492915 0.420483 0.496896 0.397682 0.442932 0.318630 0.533610 0.472008 0.435266 0.490778 0.673022 0.817207 0.595642 0.579428 0.588235 0.596197 0.407894 0.590525 0.323035 0.478267 0.390555 0.467408 0.691729 0.550867 0.320397 0.324756 0.801199 0.626300 0.570058 0.715576 0.581120 0.620269 0.810373 0.673703 0.481722 0.635291 0.556002 0.622446 0.594501 0.686891 0.620830 0.656986 0.609404 0.509825 0.849272 0.900584 0.728641 0.763134 0.823082 0.942577 0.966012 0.923540 0.937005 0.873043 0.511452 0.908589 0.548749 0.580951 0.877221 0.725051 0.601492 0.518811 0.543930 0.585172 0.887471 0.723432 0.930309 0.671143 0.742334 0.535430 0.704182 0.575597 0.642989 0.639996
0.530238 0.496339 0.662219 0.456535 0.877291 0.881936 0.342575 0.000000 0.701117 0.736714 0.514490 0.406053 0.494531 0.348743 0.631754 0.501198 0.592515 0.587426 0.461917 0.530992 0.915726 0.923781 0.892094 0.795297 0.919245 0.883842 0.855602 0.853414 0.457022 0.495621 0.873889 0.739274 0.538267 0.407828 0.985666 0.964630 0.720103 0.684541 0.868296 0.824667 0.989182 0.857148 0.481143 0.481545 0.637453 0.445360 0.375398 0.357769 0.500573 0.519192 0.370963 0.453978 0.746968 0.945449 0.574345 0.590032 0.600777 0.556520 0.445903 0.533413 0.367816 0.305833 0.446126 0.416042 0.846074 0.405575 0.479427 0.422605 0.811800 0.597994 0.794189 0.905717 0.726897 0.751842 0.801406 0.713813 0.546072 0.618906 0.613461 0.646777 0.607797 0.709120 0.603654 0.673307 0.740034 0.516883 0.843615 0.997153 0.779483 0.777783 0.880560 0.951210 0.985368 0.767469 0.887598 0.773414 0.527579 0.864932 0.544605 0.568436 0.770667 0.882484 0.620636 0.576224 0.603274 0.535260 0.856855 0.689610 0.896662 0.668376 0.733537 0.502013 0.644914 0.631005 0.679388 0.641924
0.954383 0.986196 0.760548 0.748098 0.967017 0.980293 0.569475 0.701117 0.000000 0.681908 0.946235 0.988192 0.726352 0.726125 0.694975 0.743025 0.995515 0.936121 0.840968 0.998332 0.877112 0.962454 0.908633 0.891591 0.945982 0.930400 0.860863 0.937725 0.870858 0.960992 0.829777 0.886334 0.810855 0.784145 0.689946 0.870136 0.891712 0.949190 0.979411 0.892940 0.902730 0.946503 0.758896 0.686140 0.599268 0.570487 0.742020 0.729272 0.748478 0.722028 0.655195 0.719467 0.621410 0.653030 0.901370 0.810822 0.954291 0.937499 0.750089 0.953934 0.716763 0.826782 0.903315 0.961614 0.846430 0.849220 0.672388 0.609610 0.894064 0.990213 0.887717 0.874869 0.836071 0.817761 0.859948 0.802362 0.779768 0.816661 0.954918 0.997162 0.885818 0.839917 0.996276 0.988711 0.990614 0.877653 0.945141 0.969626 0.887850 0.924631 0.825261 0.812427 0.992171 0.886796 0.776440 0.954197 0.900870 0.957772 0.764663 0.821769 0.961782 0.794677 0.846008 0.748572 0.886238 0.791874 0.760979 0.877204 0.897417 0.946601 0.860981 0.797026 0.860422 0.786052 0.826632 0.702126
0.756746 0.759037 0.777771 0.936077 0.943285 0.782961 0.746843 0.736714 0.681908 0.000000 0.983323 0.940160 0.886597 0.873375 0.884662 0.811704 0.805503 0.908768 0.945753 0.837038 0.971418 0.984461 0.764661 0.755144 0.573929 0.831064 0.594899 0.805778 0.828668 0.960710 0.884935 0.664612 0.940616 0.869589 0.803822 0.779212 0.850980 0.931254 0.748224 0.912583 0.824589 0.929874 0.524530 0.511087 0.347402 0.408878 0.861994 0.806006 0.537148 0.858992 0.726390 0.880732 0.602840 0.559952 0.795895 0.955242 0.866663 0.758429 0.973902 0.874283 0.973075 0.999983 0.862036 0.899416 0.581854 0.822461 0.947860 0.770897 0.609835 0.805188 0.993175 0.724055 0.962161 0.754996 0.942126 0.822614 0.822666 0.776444 0.918920 0.976130 0.763491 0.658674 0.754223 0.644568 0.565258 0.660546 0.757551 0.692360 0.710140 0.682186 0.454960 0.469754 0.528131 0.536288 0.888023 0.840050 0.987350 0.780496 0.473850 0.409422 0.473744 0.659860 0.590469 0.673802 0.860610 0.952434 0.846716 0.707802 0.952799 0.912926 0.731175 0.741925 0.596268 0.721266 0.969949 0.928298
0.381881 0.435300 0.703913 0.853002 0.753119 0.843054 0.502199 0.514490 0.946235 0.983323 0.000000 0.316274 0.500316 0.503706 0.787671 0.776114 0.403987 0.388201 0.390172 0.364859 0.833708 0.923705 0.982540 0.968962 0.873707 0.772016 0.814898 0.853117 0.466324 0.362264 0.909855 0.928644 0.519683 0.383362 0.961977 0.857906 0.784953 0.774972 0.994493 0.843548 0.840726 0.868539 0.799470 0.807187 0.837363 0.792952 0.641492 0.598011 0.692902 0.748426 0.748537 0.777887 0.837531 0.678907 0.660609 0.607053 0.411249 0.422424 0.525503 0.620666 0.376470 0.418519 0.358621 0.365559 0.865970 0.464268 0.571289 0.544476 0.577356 0.505595 0.809819 0.940167 0.585977 0.641138 0.696526 0.860148 0.800537 0.779132 0.625758 0.506130 0.367847 0.385938 0.599781 0.527641 0.619926 0.582215 0.787991 0.875804 0.752439 0.744789 0.910975 0.736262 0.863944 0.654722 0.852887 0.897873 0.562432 0.933954 0.731951 0.837626 0.920554 0.906414 0.643076 0.690964 0.752572 0.709573 0.807977 0.926891 0.800614 0.706666 0.908458 0.735567 0.903409 0.799626 0.734085 0.750141
0.318386 0.260479 0.698913 0.667719 0.775982 0.858087 0.553316 0.406053 0.988192 0.940160 0.316274 0.000000 0.466062 0.398036 0.797740 0.684692 0.346853 0.324493 0.350178 0.306373 0.897061 0.893102 0.844133 0.813022 0.928522 0.692822 0.973429 0.852704 0.385984 0.299550 0.908817 0.910296 0.496343 0.408524 0.962784 0.941258 0.691197 0.670472 0.909828 0.782312 0.911388 0.847719 0.717026 0.765996 0.892920 0.813482 0.475132 0.582630 0.691444 0.664619 0.632767 0.651882 0.863744 0.674881 0.624981 0.588657 0.306257 0.300065 0.468193 0.513746 0.339792 0.285348 0.292153 0.233473 0.826994 0.365905 0.588152 0.579695 0.478618 0.417839 0.775011 0.980378 0.608397 0.715577 0.759489 0.769876 0.735153 0.645567 0.499718 0.472862 0.310168 0.357973 0.498689 0.488684 0.510087 0.440997 0.698371 0.805297 0.635266 0.643138 0.785805 0.632957 0.728199 0.531293 0.891175 0.759394 0.495448 0.875819 0.746582 0.779414 0.978357 0.984367 0.664707 0.659012 0.623573 0.585277 0.913163 0.928435 0.819837 0.570139 0.832344 0.671626 0.800303 0.788000 0.672970 0.749860
0.326504 0.368115 0.397637 0.459553 0.656641 0.998454 0.343349 0.494531 0.726352 0.886597 0.500316 0.466062 0.000000 0.388903 0.451670 0.447795 0.415022 0.512209 0.324796 0.381233 0.683826 0.992324 0.503782 0.577361 0.759456 0.998318 0.892342 0.933808 0.519861 0.557224 0.755986 0.883123 0.379279 0.375301 0.735417 0.898312 0.576019 0.725000 0.687354 0.781750 0.747369 0.995961 0.738663 0.674549 0.843650 0.691665 0.480656 0.408197 0.753832 0.485039 0.535768 0.508438 0.921660 0.993031 0.535487 0.619525 0.475592 0.425070 0.365905 0.486663 0.278542 0.424995 0.277423 0.352830 0.424907 0.408603 0.433243 0.546394 0.506624 0.423730 0.633151 0.880307 0.557067 0.668601 0.804465 0.734385 0.508490 0.726421 0.543431 0.522073 0.464298 0.501037 0.466983 0.504004 0.320260 0.296162 0.641420 0.683498 0.495282 0.509866 0.778825 0.766740 0.673183 0.696117 0.910607 0.992696 0.531976 0.964117 0.860879 0.893382 0.806322 0.968838 0.839635 0.678974 0.611404 0.560080 0.968853 0.958001 0.977460 0.729257 0.951870 0.731051 0.814630 0.775500 0.627740 0.734490
0.473967 0.457191 0.688859 0.608299 0.780638 0.924797 0.342396 0.348743 0.726125 0.873375 0.503706 0.398036 0.388903 0.000000 0.554446 0.477112 0.451850 0.438661 0.311528 0.381021 0.863776 0.932514 0.681408 0.637480 0.903760 0.801859 0.971268 0.865625 0.358242 0.401451 0.844486 0.656902 0.425877 0.382703 0.841403 0.973418 0.787731 0.644449 0.848278 0.795903 0.996988 0.805007 0.603258 0.562480 0.677756 0.561883 0.422261 0.477403 0.659733 0.621851 0.566006 0.627976 0.912806 0.966915 0.715824 0.678570 0.448894 0.529468 0.549439 0.703446 0.401127 0.439942 0.377726 0.381602 0.810232 0.517386 0.561998 0.539747 0.742340 0.646112 0.655724 0.756639 0.704512 0.724828 0.888330 0.700227 0.588579 0.553992 0.533821 0.562502 0.486490 0.565701 0.519092 0.585911 0.553602 0.462532 0.827470 0.713241 0.739930 0.678822 0.989807 0.908524 0.846609 0.745462 0.941886 0.812068 0.526946 0.924646 0.649052 0.607641 0.996184 0.829430 0.680270 0.607475 0.595245 0.695859 0.997920 0.879093 0.902395 0.655348 0.786921 0.637727 0.713830 0.650183 0.758729 0.656437
0.673396 0.715626 0.584849 0.531468 0.838782 0.992843 0.386100 0.631754 0.694975 0.884662 0.787671 0.797740 0.451670 0.554446 0.000000 0.343742 0.677925 0.689902 0.572632 0.670658 0.652915 0.994759 0.485729 0.567239 0.785628 0.910773 0.864443 0.875179 0.641724 0.736473 0.530969 0.556009 0.465918 0.554691 0.818386 0.956354 0.786811 0.849225 0.875295 0.966772 0.831337 0.810878 0.642122 0.578159 0.731864 0.672407 0.590934 0.542078 0.858213 0.694856 0.744631 0.736531 0.806861 0.897465 0.791863 0.865546 0.741163 0.753828 0.659272 0.828338 0.608380 0.785244 0.556635 0.658274 0.625037 0.782740 0.582790 0.637761 0.898154 0.759329 0.598582 0.703465 0.833290 0.865764 0.952456 0.668325 0.579162 0.680993 0.683346 0.700318 0.731663 0.830342 0.660104 0.708517 0.647017 0.571865 0.791110 0.848165 0.756534 0.732684 0.869537 0.870388 0.955852 0.992762 0.873438 0.941427 0.692283 0.986017 0.676509 0.722592 0.956519 0.783096 0.790311 0.679792 0.663683 0.734458 0.879340 0.746769 0.969130 0.919545 0.987883 0.719364 0.809754 0.670418 0.852921 0.822537
0.698455 0.673542 0.671596 0.509901 0.741510 0.975543 0.446481 0.501198 0.743025 0.811704 0.776114 0.684692 0.447795 0.477112 0.343742 0.000000 0.690210 0.699212 0.572158 0.664671 0.753264 0.882950 0.535890 0.575280 0.839357 0.967691 0.920623 0.916487 0.618245 0.734445 0.594769 0.604514 0.528763 0.559365 0.929976 0.907604 0.809982 0.839179 0.831281 0.871065 0.805860 0.900033 0.523397 0.509707 0.775462 0.621089 0.503991 0.506305 0.809410 0.706981 0.645388 0.665360 0.814622 0.853197 0.841340 0.945108 0.737480 0.754458 0.647079 0.767429 0.607223 0.699528 0.576328 0.620252 0.734563 0.714679 0.641539 0.665325 0.886750 0.705756 0.652757 0.742484 0.839148 0.751887 0.888647 0.605734 0.546287 0.634773 0.688230 0.705042 0.785555 0.903728 0.739966 0.766360 0.745513 0.556195 0.876085 0.942485 0.828563 0.770228 0.875777 0.877050 0.967708 0.962538 0.944426 0.943205 0.722793 0.983099 0.657287 0.659368 0.968499 0.897220 0.736825 0.615714 0.654539 0.630005 0.916864 0.733679 0.965033 0.913159 0.913844 0.646367 0.598017 0.627917 0.735563 0.895968
0.318190 0.287648 0.688782 0.769510 0.710720 0.902866 0.551757 0.592515 0.995515 0.805503 0.403987 0.346853 0.415022 0.451850 0.677925 0.690210 0.000000 0.234426 0.278496 0.256939 0.908809 0.904485 0.737639 0.780820 0.986664 0.746253 0.896334 0.976882 0.380706 0.297341 0.893696 0.813251 0.381051 0.401775 0.878960 0.950008 0.676367 0.706469 0.939205 0.717893 0.778057 0.794360 0.679440 0.696216 0.913122 0.862843 0.546958 0.625994 0.817066 0.748632 0.758152 0.748421 0.848968 0.678688 0.656569 0.656828 0.227852 0.271857 0.523947 0.593920 0.431102 0.491246 0.283986 0.264460 0.727214 0.458506 0.552974 0.618815 0.460430 0.463576 0.608981 0.826201 0.621858 0.772580 0.841339 0.743402 0.721275 0.578161 0.383662 0.344709 0.235705 0.270401 0.427445 0.417003 0.423308 0.452761 0.772943 0.667742 0.637494 0.626691 0.777711 0.742415 0.720267 0.598487 0.956053 0.920135 0.509170 0.910868 0.824424 0.844326 0.862158 0.902539 0.646275 0.619741 0.662624 0.675604 0.931535 0.908300 0.857638 0.660459 0.970165 0.750671 0.944509 0.773865 0.663036 0.818517
0.371241 0.316195 0.803981 0.832907 0.789715 0.858729 0.567794 0.587426 0.936121 0.908768 0.388201 0.324493 0.512209 0.438661 0.689902 0.699212 0.234426 0.000000 0.313182 0.216896 0.849866 0.874936 0.786990 0.795575 0.929329 0.658592 0.926567 0.925857 0.319741 0.252000 0.923755 0.736240 0.392547 0.380860 0.896565 0.948884 0.738329 0.613417 0.980504 0.851084 0.750055 0.718881 0.644711 0.656392 0.844590 0.854012 0.585482 0.664232 0.810043 0.826520 0.844767 0.870546 0.753619 0.602585 0.753134 0.700547 0.225653 0.293612 0.602990 0.696232 0.519779 0.554263 0.323000 0.280464 0.864029 0.562156 0.589208 0.618209 0.500802 0.506000 0.578802 0.733107 0.652957 0.692731 0.891650 0.759462 0.737423 0.498888 0.403325 0.327947 0.245190 0.279299 0.485571 0.475940 0.521426 0.539248 0.796652 0.704418 0.724664 0.716559 0.876687 0.787439 0.852661 0.694708 0.880310 0.797966 0.475469 0.921517 0.704461 0.724015 0.927537 0.886703 0.566642 0.602638 0.559557 0.706980 0.920642 0.920220 0.869285 0.649397 0.872024 0.676792 0.930133 0.762463 0.769998 0.784589
0.282711 0.308903 0.539237 0.624013 0.707827 0.903540 0.335977 0.461917 0.840968 0.945753 0.390172 0.350178 0.324796 0.311528 0.572632 0.572158 0.278496 0.313182 0.000000 0.271644 0.722593 0.894174 0.631439 0.670173 0.922572 0.868884 0.885430 0.969515 0.336196 0.336426 0.760616 0.710314 0.313582 0.265107 0.728817 0.950723 0.659468 0.646372 0.893505 0.726397 0.881652 0.843741 0.624833 0.580546 0.746198 0.679052 0.458004 0.464703 0.706491 0.594901 0.598669 0.597198 0.984405 0.844871 0.545506 0.569818 0.284995 0.337056 0.394293 0.531512 0.320099 0.445447 0.244148 0.271549 0.700112 0.477200 0.381147 0.476824 0.504407 0.472833 0.539239 0.763763 0.560160 0.700922 0.814658 0.741716 0.628178 0.617248 0.435451 0.444776 0.298812 0.361149 0.456989 0.461122 0.421453 0.403797 0.812657 0.725613 0.643957 0.610885 0.898688 0.772427 0.804339 0.632580 0.991203 0.850959 0.441431 0.922783 0.689281 0.691577 0.916170 0.864160 0.622289 0.560778 0.541885 0.593621 0.984998 0.946288 0.894197 0.599071 0.838962 0.613219 0.852942 0.740923 0.650431 0.736406
0.303024 0.267726 0.644156 0.681909 0.816912 0.964353 0.495013 0.530992 0.998332 0.837038 0.364859 0.306373 0.381233 0.381021 0.670658 0.664671 0.256939 0.216896 0.271644 0.000000 0.837160 0.865106 0.693884 0.708654 0.955348 0.782139 0.896682 0.913781 0.371373 0.275711 0.848544 0.796431 0.368419 0.359912 0.817019 0.973791 0.643654 0.539753 0.858897 0.863529 0.797597 0.749791 0.693680 0.695635 0.886704 0.867598 0.553037 0.606105 0.826584 0.725604 0.747379 0.747958 0.818184 0.679173 0.663068 0.669467 0.239426 0.271358 0.501242 0.584443 0.408420 0.478681 0.269431 0.254137 0.706593 0.466780 0.511932 0.588524 0.438643 0.449592 0.507945 0.746530 0.575208 0.658706 0.840864 0.752546 0.617983 0.552958 0.404672 0.354197 0.259949 0.282408 0.447984 0.458296 0.408939 0.431980 0.720672 0.704365 0.630032 0.622269 0.752757 0.711014 0.740735 0.674893 0.915999 0.916344 0.449140 0.984213 0.815177 0.817204 0.856498 0.951571 0.649606 0.677184 0.534517 0.649241 0.933064 0.964045 0.876611 0.643066 0.884384 0.703767 0.929452 0.790564 0.725601 0.763412
0.737111 0.818106 0.653423 0.775470 0.940651 0.821142 0.716096 0.915726 0.877112 0.971418 0.833708 0.897061 0.683826 0.863776 0.652915 0.753264 0.908809 0.849866 0.722593 0.837160 0.000000 0.947571 0.658733 0.782622 0.774934 0.719021 0.900040 0.727885 0.924053 0.922096 0.705002 0.867912 0.698554 0.738584 0.759254 0.749261 0.847942 0.887711 0.922875 0.974747 0.864872 0.952928 0.866696 0.798192 0.803212 0.783251 0.820352 0.794502 0.877658 0.687188 0.803154 0.761541 0.926412 0.885464 0.840428 0.931420 0.865969 0.842180 0.711246 0.799396 0.755979 0.910190 0.765734 0.804875 0.714648 0.955779 0.619093 0.771767 0.851715 0.758548 0.820806 0.794692 0.773922 0.810739 0.853436 0.871798 0.726638 0.839431 0.907351 0.802979 0.880379 0.891552 0.959995 0.955285 0.816059 0.737056 0.998111 0.965312 0.956976 0.776042 0.901668 0.974733 0.950362 0.991829 0.900804 0.944120 0.766175 0.957022 0.824288 0.874553 0.980353 0.993881 0.751556 0.942427 0.842306 0.729657 0.943403 0.995491 0.978283 0.968091 0.927560 0.917881 0.900717 0.887053 0.913971 0.978077
0.960433 0.936497 0.904917 0.982448 0.868364 0.918453 0.994553 0.923781 0.962454 0.984461 0.923705 0.893102 0.992324 0.932514 0.994759 0.882950 0.904485 0.874936 0.894174 0.865106 0.947571 0.000000 0.950222 0.935671 0.913838 0.894261 0.877916 0.831038 0.913293 0.840464 0.819530 0.789869 0.993371 0.918512 0.963981 0.840083 0.979263 0.962323 0.858124 0.767059 0.962222 0.863181 0.791968 0.828999 0.981857 0.987392 0.925294 0.961883 0.928449 0.888906 0.910960 0.938846 0.884402 0.867632 0.905223 0.985145 0.848125 0.912120 0.952393 0.977599 0.980826 0.956462 0.979439 0.935489 0.913911 0.984270 0.972542 0.999105 0.893554 0.891249 0.899940 0.968739 0.959174 0.977317 0.994954 0.949615 0.933272 0.692193 0.985771 0.975249 0.921193 0.946774 0.876476 0.965232 0.907008 0.990846 0.969868 0.834084 0.848318 0.972316 0.935243 0.913767 0.849789 0.914746 0.986037 0.979215 0.902339 0.965436 0.904310 0.880014 0.998048 0.842074 0.787656 0.880691 0.915798 0.796093 0.962509 0.957123 0.796085 0.944690 0.989493 0.927589 0.939356 0.995245 0.974145 0.961923
0.662090 0.654932 0.515420 0.489282 0.814220 0.833972 0.682998 0.892094 0.908633 0.764661 0.982540 0.844133 0.503782 0.681408 0.485729 0.535890 0.737639 0.786990 0.631439 0.693884 0.658733 0.950222 0.000000 0.287510 0.469781 0.778396 0.634819 0.797941 0.809379 0.879864 0.509227 0.775863 0.558962 0.741224 0.645971 0.947458 0.613029 0.823337 0.799604 0.996712 0.863543 0.927430 0.868090 0.807662 0.985705 0.955393 0.673722 0.693130 0.949673 0.671864 0.838859 0.721296 0.915945 0.926439 0.770017 0.974706 0.734028 0.718746 0.694630 0.734172 0.727584 0.914284 0.631029 0.672749 0.482987 0.878837 0.666323 0.849567 0.719112 0.705768 0.597213 0.704460 0.872029 0.936020 0.918243 0.811197 0.702185 0.852351 0.615477 0.746949 0.728584 0.813000 0.703594 0.744764 0.465366 0.462627 0.775163 0.684718 0.631919 0.537340 0.839599 0.884313 0.836216 0.847002 0.835584 0.968970 0.766448 0.931530 0.984069 0.978286 0.617080 0.881541 0.977912 0.901721 0.711100 0.730516 0.950963 0.939587 0.897973 0.859915 0.980573 0.967166 0.951216 0.942896 0.802111 0.947408
0.730216 0.676767 0.557585 0.448764 0.943709 0.820517 0.724797 0.795297 0.891591 0.755144 0.968962 0.813022 0.577361 0.637480 0.567239 0.575280 0.780820 0.795575 0.670173 0.708654 0.782622 0.935671 0.287510 0.000000 0.518763 0.825109 0.600703 0.885005 0.787919 0.844799 0.666592 0.788109 0.665142 0.770974 0.757168 0.877455 0.656783 0.792189 0.774295 0.956945 0.894973 0.912737 0.938961 0.899843 0.901741 0.993413 0.695662 0.737660 0.917440 0.778154 0.876464 0.812769 0.952441 0.954345 0.772905 0.945824 0.782112 0.741940 0.775851 0.819353 0.784584 0.862732 0.701651 0.711433 0.529373 0.809438 0.738938 0.912826 0.768012 0.757374 0.687055 0.793270 0.951882 0.950859 0.921817 0.842495 0.738101 0.834558 0.659574 0.844906 0.756122 0.814399 0.618688 0.673692 0.518460 0.442458 0.709919 0.683883 0.672664 0.614355 0.820762 0.802503 0.830346 0.832981 0.993050 0.938962 0.837251 0.955248 0.985939 0.959566 0.650273 0.851744 0.915788 0.905091 0.724597 0.753971 0.906557 0.939411 0.837496 0.808685 0.990417 0.922585 0.985045 0.922438 0.937869 0.897251
0.761149 0.837196 0.513509 0.576000 0.954523 0.816073 0.952167 0.919245 0.945982 0.573929 0.873707 0.928522 0.759456 0.903760 0.785628 0.839357 0.986664 0.929329 0.922572 0.955348 0.774934 0.913838 0.469781 0.518763 0.000000 0.446259 0.648244 0.696565 0.794045 0.809179 0.629491 0.924359 0.792432 0.953370 0.617965 0.943108 0.570558 0.997103 0.669178 0.989135 0.775159 0.992797 0.848629 0.883259 0.685233 0.786194 0.939111 0.839030 0.784356 0.858295 0.969697 0.824074 0.990278 0.962397 0.650433 0.891645 0.993253 0.863554 0.761493 0.691467 0.917946 0.970846 0.892294 0.934488 0.408675 0.909519 0.737259 0.967746 0.741449 0.701302 0.858784 0.945909 0.862451 0.964795 0.912662 0.998985 0.923226 0.875462 0.907794 0.999372 0.914514 0.921926 0.827689 0.734648 0.611136 0.590531 0.740180 0.862398 0.625141 0.624319 0.767545 0.747058 0.881055 0.862489 0.970064 0.883304 0.893906 0.953552 0.738805 0.688168 0.620269 0.722950 0.801922 0.802859 0.919761 0.771390 0.874495 0.929953 0.917225 0.924498 0.748216 0.893228 0.864364 0.871913 0.980311 0.914530
0.989166 0.870859 0.624161 0.766487 0.969008 0.909787 0.990389 0.883842 0.930400 0.831064 0.772016 0.692822 0.998318 0.801859 0.910773 0.967691 0.746253 0.658592 0.868884 0.782139 0.719021 0.894261 0.778396 0.825109 0.446259 0.000000 0.852452 0.690045 0.657069 0.642105 0.664086 0.993034 0.988596 0.864228 0.707032 0.916671 0.713304 0.901120 0.822877 0.983024 0.932939 0.786021 0.861739 0.908291 0.828563 0.899529 0.952954 0.980068 0.849250 0.907990 0.932661 0.839103 0.786138 0.756961 0.751209 0.959422 0.752637 0.842404 0.871689 0.830241 0.944902 0.837614 0.868465 0.802187 0.594383 0.985839 0.777588 0.998826 0.953589 0.970603 0.994795 0.985636 0.889745 0.935810 0.989900 0.894618 0.985545 0.834070 0.883797 0.818628 0.779818 0.793139 0.908429 0.969902 0.957104 0.864858 0.955032 0.905266 0.911455 0.911045 0.941703 0.959454 0.977376 0.927558 0.962818 0.822670 0.999769 0.927758 0.745303 0.727628 0.851447 0.861751 0.836088 0.646758 0.884194 0.899021 0.829231 0.966781 0.891284 0.900947 0.809465 0.829940 0.897981 0.943428 0.948054 0.775986
0.909671 0.910918 0.842035 0.839405 0.952462 0.787175 0.913367 0.855602 0.860863 0.594899 0.814898 0.973429 0.892342 0.971268 0.864443 0.920623 0.896334 0.926567 0.885430 0.896682 0.900040 0.877916 0.634819 0.600703 0.648244 0.852452 0.000000 0.862564 0.996512 0.996951 0.797745 0.937114 0.903660 0.939016 0.918031 0.853240 0.902448 0.897345 0.906506 0.802018 0.949656 0.975974 0.838955 0.789999 0.638194 0.664023 0.952347 0.827840 0.614753 0.865955 0.833547 0.876498 0.759025 0.814316 0.948770 0.864147 0.955551 0.965528 0.920700 0.978570 0.895238 0.901213 0.964544 0.968781 0.700761 0.919957 0.928209 0.856090 0.828418 0.998989 0.814075 0.915023 0.967381 0.860564 0.962260 0.906232 0.974829 0.981111 0.900721 0.959912 0.918308 0.913835 0.768379 0.910708 0.732692 0.757986 0.843111 0.807838 0.804313 0.845167 0.778988 0.792687 0.826344 0.838515 0.945030 0.898972 0.905408 0.962980 0.785185 0.792304 0.678098 0.816042 0.829580 0.835805 0.887108 0.945417 0.894088 0.927831 0.950819 0.966150 0.812415 0.863402 0.847389 0.981243 0.870878 0.769542
0.993486 0.997944 0.871402 0.931661 0.927185 0.773374 0.944444 0.853414 0.937725 0.805778 0.853117 0.852704 0.933808 0.865625 0.875179 0.916487 0.976882 0.925857 0.969515 0.913781 0.727885 0.831038 0.797941 0.885005 0.696565 0.690045 0.862564 0.000000 0.923325 0.854501 0.880487 0.969042 0.965534 0.917842 0.953202 0.861332 0.958601 0.708529 0.965567 0.790558 0.772546 0.924200 0.940446 0.983616 0.844969 0.936722 0.966639 0.900197 0.902491 0.999407 0.994380 0.945342 0.965073 0.937137 0.989142 0.985403 0.935258 0.965835 0.903377 0.884981 0.944588 0.907416 0.993729 0.934912 0.792745 0.956702 0.928084 0.906567 0.998071 0.846598 0.892380 0.962061 0.967734 0.884764 0.895570 0.947758 0.834783 0.938041 0.922107 0.966730 0.944964 0.947953 0.862881 0.958627 0.987028 0.921095 0.980961 0.927996 0.893234 0.898256 0.999704 0.912929 0.970647 0.953564 0.917845 0.799506 0.998251 0.959271 0.923550 0.871075 0.887298 0.902957 0.922717 0.864492 0.771625 0.936370 0.807877 0.883963 0.961393 0.966020 0.890940 0.778120 0.977079 0.984895 0.953370 0.692470
0.516955 0.476214 0.833522 0.809804 0.749535 0.806801 0.453405 0.457022 0.870858 0.828668 0.466324 0.385984 0.519861 0.358242 0.641724 0.618245 0.380706 0.319741 0.336196 0.371373 0.924053 0.913293 0.809379 0.787919 0.794045 0.657069 0.996512 0.923325 0.000000 0.257854 0.888179 0.610596 0.443872 0.364973 0.990207 0.977327 0.826267 0.687791 0.914491 0.801082 0.880954 0.812603 0.481428 0.484696 0.634406 0.635193 0.529283 0.565665 0.657208 0.740316 0.692026 0.777805 0.956275 0.842253 0.812922 0.692876 0.354164 0.478592 0.610650 0.746167 0.502004 0.513843 0.377884 0.368795 0.996037 0.587175 0.593746 0.550912 0.677369 0.648020 0.572374 0.707488 0.725346 0.771884 0.959200 0.700565 0.641382 0.512002 0.447379 0.435828 0.400620 0.489286 0.564393 0.681297 0.683325 0.608942 0.876508 0.825424 0.819867 0.837383 0.896100 0.960493 0.996660 0.821979 0.987969 0.800057 0.570563 0.914453 0.573672 0.527398 0.849485 0.753731 0.545908 0.436015 0.601543 0.737545 0.960502 0.974859 0.992750 0.648116 0.749439 0.610400 0.787995 0.676157 0.759569 0.776580
0.441157 0.400942 0.852669 0.861357 0.796182 0.810249 0.544074 0.495621 0.960992 0.960710 0.362264 0.299550 0.557224 0.401451 0.736473 0.734445 0.297341 0.252000 0.336426 0.275711 0.922096 0.840464 0.879864 0.844799 0.809179 0.642105 0.996951 0.854501 0.257854 0.000000 0.932878 0.691940 0.455604 0.424235 0.970455 0.999447 0.794639 0.621613 0.890568 0.836039 0.924640 0.719714 0.623963 0.641974 0.794372 0.804274 0.605538 0.684545 0.769335 0.836154 0.809383 0.872997 0.825417 0.638466 0.800503 0.746907 0.256638 0.372993 0.643996 0.742807 0.502332 0.484643 0.373178 0.316052 0.983748 0.526050 0.639111 0.622996 0.587346 0.598459 0.621454 0.774431 0.667324 0.780755 0.813823 0.714518 0.755555 0.526519 0.456528 0.400313 0.294726 0.341722 0.507399 0.562069 0.626663 0.586703 0.818998 0.779552 0.802522 0.801407 0.974897 0.867162 0.908099 0.735864 0.911436 0.820348 0.539379 0.875930 0.684255 0.651595 0.922293 0.800284 0.531865 0.500715 0.625917 0.692274 0.889657 0.957938 0.883742 0.644084 0.786174 0.663114 0.903407 0.732706 0.778701 0.737058
0.895305 0.944683 0.709995 0.649527 0.987842 0.867138 0.666959 0.873889 0.829777 0.884935 0.909855 0.908817 0.755986 0.844486 0.530969 0.594769 0.893696 0.923755 0.760616 0.848544 0.705002 0.819530 0.509227 0.666592 0.629491 0.664086 0.797745 0.880487 0.888179 0.932878 0.000000 0.524747 0.660994 0.785496 0.787839 0.786652 0.661935 0.784613 0.967745 0.978099 0.958402 0.888756 0.618641 0.592040 0.780403 0.774641 0.858027 0.744019 0.965529 0.762775 0.805368 0.785539 0.707173 0.693252 0.882618 0.975281 0.914080 0.941294 0.825773 0.864910 0.913691 0.911418 0.876270 0.897398 0.762904 0.957098 0.667121 0.771841 0.999068 0.945485 0.538080 0.565883 0.836320 0.853446 0.892918 0.775323 0.592954 0.729683 0.735134 0.808249 0.944949 0.935830 0.935664 0.966151 0.897698 0.819873 0.913223 0.879486 0.963220 0.925331 0.869916 0.765643 0.820745 0.819521 0.905733 0.896738 0.882366 0.969815 0.862348 0.828463 0.910695 0.838650 0.732948 0.749117 0.642179 0.797807 0.852748 0.752008 0.911288 0.954785 0.915632 0.812732 0.891475 0.807180 0.911786 0.901436
0.975053 0.967095 0.970547 0.848321 0.965713 0.928507 0.651175 0.739274 0.886334 0.664612 0.928644 0.910296 0.883123 0.656902 0.556009 0.604514 0.813251 0.736240 0.710314 0.796431 0.867912 0.789869 0.775863 0.788109 0.924359 0.993034 0.937114 0.969042 0.610596 0.691940 0.524747 0.000000 0.637412 0.656752 0.981623 0.703285 0.926746 0.854444 0.832388 0.972490 0.985825 0.765085 0.500119 0.461710 0.644238 0.665319 0.780151 0.798331 0.876180 0.933432 0.901508 0.982900 0.887427 0.887810 0.986820 0.936933 0.790683 0.948187 0.987101 0.897336 0.966082 0.930867 0.842752 0.854893 0.837966 0.914271 0.808340 0.729583 0.874432 0.891062 0.656240 0.538021 0.998462 0.943919 0.962860 0.741032 0.738879 0.579360 0.751363 0.799205 0.833009 0.987166 0.887493 0.945150 0.944829 0.954755 0.763899 0.980436 0.832082 0.991050 0.618454 0.671811 0.606226 0.850410 0.976819 0.848859 0.911058 0.921453 0.538382 0.463881 0.780642 0.692003 0.547153 0.626788 0.721136 0.791736 0.903524 0.798687 0.881911 0.818907 0.758699 0.664786 0.859728 0.707115 0.951280 0.955979
0.363754 0.393714 0.507424 0.593760 0.833012 0.979052 0.353882 0.538267 0.810855 0.940616 0.519683 0.496343 0.379279 0.425877 0.465918 0.528763 0.381051 0.392547 0.313582 0.368419 0.698554 0.993371 0.558962 0.665142 0.792432 0.988596 0.903660 0.965534 0.443872 0.455604 0.660994 0.637412 0.000000 0.296125 0.660627 0.984516 0.552323 0.750778 0.844133 0.805280 0.693506 0.804496 0.566372 0.501758 0.735520 0.658400 0.453088 0.495181 0.711228 0.577129 0.619913 0.599946 0.870614 0.926930 0.564849 0.602087 0.370285 0.404202 0.434922 0.548399 0.407742 0.551677 0.290103 0.350913 0.638133 0.560071 0.354390 0.436959 0.576064 0.516918 0.486259 0.694013 0.574754 0.711515 0.791460 0.660067 0.549484 0.615209 0.399793 0.479329 0.369846 0.453305 0.516006 0.505463 0.449336 0.398820 0.845183 0.745546 0.608206 0.667370 0.984826 0.874417 0.931705 0.745486 0.997563 0.942631 0.444827 0.898876 0.683311 0.718822 0.947352 0.851000 0.611582 0.613694 0.592006 0.575035 0.977059 0.935462 0.973422 0.589200 0.818992 0.631621 0.843705 0.672432 0.664605 0.781629
0.343790 0.403386 0.577913 0.603281 0.760229 0.916452 0.294391 0.407828 0.784145 0.869589 0.383362 0.408524 0.375301 0.382703 0.554691 0.559365 0.401775 0.380860 0.265107 0.359912 0.738584 0.918512 0.741224 0.770974 0.953370 0.864228 0.939016 0.917842 0.364973 0.424235 0.785496 0.656752 0.296125 0.000000 0.789716 0.963672 0.628591 0.712805 0.914639 0.787223 0.770853 0.840272 0.515109 0.485263 0.585832 0.486472 0.432878 0.380597 0.492269 0.504784 0.496642 0.555467 0.874523 0.947089 0.547118 0.518154 0.368868 0.393603 0.372722 0.522924 0.310912 0.433576 0.292075 0.317434 0.752555 0.543917 0.344337 0.389924 0.610544 0.477589 0.622491 0.748672 0.623101 0.655584 0.770050 0.749463 0.547588 0.627894 0.464013 0.494842 0.358931 0.467312 0.494174 0.520406 0.527930 0.465427 0.860528 0.826927 0.683449 0.664394 0.964202 0.848952 0.986200 0.757766 0.949577 0.751490 0.460822 0.841129 0.534865 0.585769 0.872186 0.819638 0.535306 0.540857 0.553132 0.554233 0.998622 0.882975 0.993985 0.602799 0.768682 0.496433 0.767403 0.612181 0.663266 0.729126
0.686872 0.751542 0.617807 0.759024 0.905515 0.844319 0.748506 0.985666 0.689946 0.803822 0.961977 0.962784 0.735417 0.841403 0.818386 0.929976 0.878960 0.896565 0.728817 0.817019 0.759254 0.963981 0.645971 0.757168 0.617965 0.707032 0.918031 0.953202 0.990207 0.970455 0.787839 0.981623 0.660627 0.789716 0.000000 0.943828 0.697172 0.877666 0.719339 0.871916 0.895740 0.980112 0.946252 0.932901 0.951512 0.999623 0.843251 0.811854 0.936941 0.840989 0.893908 0.805158 0.881192 0.938545 0.692867 0.696113 0.869043 0.825242 0.703814 0.783116 0.785181 0.991411 0.784227 0.854018 0.540348 0.922235 0.589151 0.712154 0.768614 0.804308 0.728191 0.819090 0.776721 0.806643 0.985183 0.992528 0.846990 0.936718 0.803681 0.875186 0.856692 0.858942 0.840283 0.755287 0.651261 0.713798 0.963586 0.795919 0.709442 0.821491 0.802525 0.771654 0.816895 0.839853 0.847634 0.936946 0.769163 0.929385 0.908476 0.899865 0.590906 0.979158 0.967870 0.969481 0.803890 0.745197 0.964674 0.956342 0.995916 0.917924 0.844529 0.979750 0.864488 0.895937 0.926187 0.808599
0.915433 0.992917 0.880194 0.957978 0.870990 0.860168 0.984124 0.964630 0.870136 0.779212 0.857906 0.941258 0.898312 0.973418 0.956354 0.907604 0.950008 0.948884 0.950723 0.973791 0.749261 0.840083 0.947458 0.877455 0.943108 0.916671 0.853240 0.861332 0.977327 0.999447 0.786652 0.703285 0.984516 0.963672 0.943828 0.000000 0.971991 0.817379 0.948897 0.956589 0.955489 0.803284 0.756696 0.796079 0.868721 0.912545 0.932523 0.995471 0.947484 0.947568 0.996585 0.966990 0.967487 0.906005 0.951356 0.892178 0.978228 0.963617 0.936218 0.952140 0.848817 0.815216 0.904557 0.941465 0.861286 0.801136 0.933081 0.957039 0.823542 0.936726 0.742991 0.722890 0.948297 0.909070 0.729770 0.875846 0.766222 0.722592 0.990297 0.953931 0.934230 0.880341 0.917247 0.856994 0.817992 0.836042 0.824718 0.901907 0.750387 0.988285 0.777762 0.810288 0.714267 0.824364 0.951449 0.974623 0.965282 0.924036 0.758710 0.663926 0.929300 0.908963 0.805310 0.995874 0.777262 0.831138 0.928231 0.791103 0.942218 0.926766 0.994175 0.983593 0.870797 0.951468 0.915825 0.826593
0.506735 0.538912 0.452591 0.526487 0.919092 0.851012 0.682519 0.720103 0.891712 0.850980 0.784953 0.691197 0.576019 0.787731 0.786811 0.809982 0.676367 0.738329 0.659468 0.643654 0.847942 0.979263 0.613029 0.656783 0.570558 0.713304 0.902448 0.958601 0.826267 0.794639 0.661935 0.926746 0.552323 0.628591 0.697172 0.971991 0.000000 0.750123 0.817530 0.979780 0.703342 0.796303 0.844935 0.819243 0.982982 0.911806 0.680408 0.612642 0.872181 0.578094 0.676903 0.592795 0.851987 0.954691 0.504281 0.665805 0.662229 0.538572 0.534956 0.512319 0.582258 0.678335 0.574902 0.563825 0.504512 0.628725 0.530612 0.717742 0.547799 0.520452 0.735176 0.822326 0.615532 0.737202 0.761294 0.775747 0.730152 0.817145 0.617001 0.736492 0.631525 0.670027 0.617242 0.678644 0.532119 0.500093 0.769424 0.784210 0.575770 0.672620 0.664829 0.719845 0.750024 0.841464 0.998225 0.983914 0.696906 0.962799 0.900544 0.917255 0.702288 0.837668 0.868506 0.922730 0.679792 0.642751 0.925288 0.901578 0.916019 0.609611 0.999518 0.946950 0.954192 0.865634 0.672393 0.908054
0.710495 0.651389 0.798845 0.748668 0.999993 0.832408 0.726790 0.684541 0.949190 0.931254 0.774972 0.670472 0.725000 0.644449 0.849225 0.839179 0.706469 0.613417 0.646372 0.539753 0.887711 0.962323 0.823337 0.792189 0.997103 0.901120 0.897345 0.708529 0.687791 0.621613 0.784613 0.854444 0.750778 0.712805 0.877666 0.817379 0.750123 0.000000 0.802778 0.944291 0.915426 0.791197 0.803296 0.781799 0.849444 0.873734 0.815626 0.861458 0.876345 0.870887 0.808274 0.826751 0.887490 0.899163 0.825828 0.904979 0.653513 0.655525 0.832589 0.842757 0.766582 0.784386 0.735166 0.643988 0.871794 0.792615 0.737668 0.777737 0.774096 0.817921 0.647431 0.566560 0.794880 0.745487 0.961047 0.826243 0.736145 0.664297 0.679214 0.592766 0.695638 0.731254 0.793145 0.846286 0.781700 0.788055 0.976699 0.935601 0.787396 0.923942 0.932521 0.961932 0.959309 0.933822 0.835345 0.887181 0.705655 0.959775 0.879305 0.796325 0.943411 0.868549 0.750130 0.878371 0.598690 0.751881 0.799098 0.947726 0.968583 0.879694 0.896166 0.890558 0.898730 0.982634 0.747501 0.852001
