0.000000 0.414522 0.965956 0.824549 0.863299 0.877245 0.804226 0.723847 0.980873 0.723164 0.553405 0.541193 0.933260 0.836346 0.949354 0.872578 0.493452 0.532178 0.592372 0.533863 0.929788 0.860106 0.984095 0.979114 0.983543 0.891913 0.998354 0.850144 0.684704 0.702847 0.841087 0.845965 0.500150 0.569100 0.914589 0.958353 0.734294 0.695826 0.963490 0.937744 0.769054 0.938817 0.799409 0.668592 0.719004 0.756805 0.824812 0.807968 0.823263 0.863135 0.850715 0.948213 0.952733 0.859827 0.853138 0.766757 0.409153 0.410458 0.584299 0.756239 0.720873 0.868800 0.474735 0.503452 0.824799 0.982651 0.713409 0.691885 0.483271 0.587911 0.676882 0.654559 0.727560 0.731307 0.906030 0.899116 0.719705 0.728902 0.732280 0.722274 0.496410 0.508723 0.905860 0.732806 0.984721 0.871545 0.914817 0.851883 0.817145 0.957704 0.761646 0.807196 0.826825 0.874929 0.947721 0.870715 0.710885 0.930791 0.454739 0.679302 0.840502 0.906593 0.635941 0.582055 0.736066 0.939674 0.909691 0.900561 0.926655 0.843921 0.694502 0.815751 0.804534 0.967382 0.953419 0.996914
0.414522 0.000000 0.833129 0.919276 0.943558 0.895059 0.937868 0.643936 0.886308 0.664629 0.652803 0.448247 0.964072 0.686253 0.983009 0.766171 0.432747 0.400259 0.595380 0.439062 0.940228 0.946739 0.987783 0.974900 0.938112 0.774300 0.940713 0.803694 0.610567 0.557492 0.903829 0.817243 0.567150 0.571280 0.963678 0.895248 0.776933 0.686964 0.879263 0.955524 0.793631 0.727207 0.802898 0.626706 0.766574 0.746211 0.941284 0.811688 0.879533 0.911645 0.998829 0.959985 0.760579 0.707501 0.919009 0.873894 0.324961 0.291450 0.791398 0.813361 0.841790 0.812003 0.530865 0.392130 0.727526 0.996901 0.899382 0.765911 0.546836 0.604472 0.564415 0.628477 0.763500 0.745113 0.995629 0.950304 0.672938 0.689296 0.742803 0.663955 0.422342 0.448800 0.852164 0.654385 0.871754 0.871684 0.933477 0.900778 0.672867 0.915067 0.774076 0.734452 0.837444 0.871408 0.928987 0.799170 0.768261 0.864641 0.498784 0.622024 0.764593 0.993878 0.646858 0.544762 0.838065 0.940561 0.943053 0.935915 0.920226 0.805377 0.681665 0.715786 0.719545 0.850028 0.979196 0.983858
0.965956 0.833129 0.000000 0.442121 0.790570 0.935699 0.351300 0.764164 0.613724 0.856061 0.810272 0.860441 0.632756 0.949299 0.658901 0.813776 0.964774 0.983226 0.706140 0.983178 0.838684 0.788989 0.510692 0.665291 0.445104 0.460200 0.875622 0.870553 0.970860 0.905413 0.496129 0.734510 0.650319 0.652782 0.662849 0.982677 0.822335 0.945175 0.640278 0.909472 0.878463 0.874318 0.638838 0.731213 0.809206 0.903956 0.629214 0.695392 0.772226 0.967247 0.998552 0.948734 0.782227 0.828949 0.815620 0.946160 0.910812 0.841180 0.663709 0.972392 0.611824 0.892507 0.788835 0.874252 0.386352 0.582436 0.422966 0.570544 0.953481 0.987361 0.869167 0.899120 0.855206 0.968697 0.707326 0.811543 0.722720 0.886882 0.797919 0.865428 0.979263 0.910895 0.984192 0.935760 0.517178 0.637530 0.892995 0.985917 0.744638 0.909380 0.909181 0.874506 0.872026 0.726033 0.994484 0.909142 0.966942 0.858906 0.993290 0.896005 0.783737 0.805574 0.959971 0.983763 0.756511 0.544123 0.979895 0.963318 0.942312 0.945802 0.923156 0.889312 0.995653 0.997356 0.869997 0.862657
0.824549 0.919276 0.442121 0.000000 0.884871 0.855983 0.350695 0.471882 0.688922 0.603219 0.843791 0.836186 0.670513 0.834726 0.718469 0.578876 0.832185 0.888602 0.588780 0.805353 0.877565 0.904930 0.463770 0.498871 0.607979 0.630467 0.952087 0.996029 0.929092 0.771230 0.489040 0.667519 0.635882 0.642745 0.754804 0.943856 0.608233 0.771504 0.702822 0.931128 0.814100 0.976340 0.599962 0.697602 0.963157 0.981138 0.724127 0.713766 0.730239 0.928734 0.996309 0.912359 0.783575 0.730680 0.904938 0.854333 0.881267 0.950930 0.714661 0.929800 0.662005 0.915871 0.611775 0.835739 0.613441 0.640549 0.559550 0.703230 0.902652 0.922875 0.610874 0.642047 0.639476 0.766881 0.743145 0.816813 0.592865 0.856341 0.728498 0.850299 0.800008 0.740914 0.964826 0.832168 0.653350 0.621076 0.917020 0.966108 0.926297 0.956668 0.703851 0.656782 0.752140 0.691460 0.925953 0.878552 0.866726 0.989143 0.870331 0.737680 0.994668 0.638878 0.771016 0.782935 0.759881 0.609215 0.976654 0.875459 0.843205 0.851640 0.915411 0.942949 0.948723 0.974408 0.998428 0.922173
0.863299 0.943558 0.790570 0.884871 0.000000 0.817078 0.848263 0.986603 0.790737 0.956518 0.771838 0.914013 0.756862 0.954407 0.751217 0.961793 0.945335 0.887492 0.872921 0.954123 0.929068 0.883623 0.889791 0.997740 0.769390 0.837464 0.828511 0.930306 0.864928 0.940126 0.892614 0.913684 0.762559 0.773973 0.835488 0.865082 0.903005 0.934846 0.845693 0.894783 0.850542 0.982071 0.936940 0.849313 0.738590 0.887227 0.873831 0.776724 0.899665 0.914586 0.865212 0.984674 0.967161 0.924489 0.959974 0.948552 0.963131 0.997163 0.832425 0.873588 0.698107 0.939642 0.956506 0.937384 0.693086 0.665831 0.746811 0.632424 0.812814 0.941855 0.987072 0.906292 0.958484 0.835606 0.957233 0.890491 0.908823 0.917764 0.898189 0.992559 0.899715 0.879821 0.976179 0.984729 0.772875 0.760265 0.864794 0.956533 0.862924 0.803849 0.960411 0.982716 0.937260 0.887791 0.928471 0.972492 0.918360 0.921772 0.917126 0.950642 0.855678 0.926011 0.967500 0.822188 0.741958 0.866211 0.902873 0.948655 0.886653 0.955216 0.856353 0.957488 0.974639 0.993239 0.937502 0.702137
0.877245 0.895059 0.935699 0.855983 0.817078 0.000000 0.868452 0.766293 0.869008 0.894653 0.892585 0.838754 0.805572 0.996385 0.994173 0.818921 0.989938 0.987720 0.938124 0.971841 0.903890 0.828891 0.946502 0.972534 0.868723 0.869188 0.941360 0.863470 0.962243 0.971642 0.872581 0.984561 0.880929 0.859236 0.735970 0.862493 0.821595 0.839309 0.874398 0.881148 0.989387 0.981357 0.936500 0.959644 0.938379 0.907739 0.971207 0.992033 0.908513 0.972255 0.940721 0.967421 0.970940 0.860366 0.968775 0.991001 0.950700 0.921779 0.796486 0.901074 0.691584 0.785852 0.872455 0.878654 0.956014 0.778552 0.867565 0.745103 0.951110 0.928538 0.879857 0.942555 0.954993 0.904920 0.971320 0.969115 0.938002 0.949529 0.981338 0.984812 0.875423 0.835901 0.931055 0.968685 0.992034 0.943719 0.955890 0.865008 0.987607 0.953673 0.798866 0.803282 0.714816 0.818564 0.995767 0.972688 0.865480 0.926758 0.853690 0.994873 0.841053 0.768101 0.870960 0.981831 0.938961 0.869936 0.969696 0.952068 0.986519 0.905002 0.857526 0.908208 0.955297 0.884714 0.929699 0.865206
0.804226 0.937868 0.351300 0.350695 0.848263 0.868452 0.000000 0.536093 0.653766 0.617842 0.703872 0.935695 0.660307 0.835609 0.630839 0.651216 0.744100 0.793318 0.491771 0.784666 0.832824 0.837941 0.425700 0.496129 0.525559 0.592216 0.984743 0.999387 0.815214 0.740400 0.447447 0.574067 0.530872 0.517106 0.691612 0.974699 0.742758 0.937256 0.677712 0.974060 0.881438 0.979624 0.547502 0.655433 0.831781 0.909880 0.604015 0.656755 0.725482 0.923812 0.955821 0.923870 0.842469 0.814598 0.898090 0.840996 0.829431 0.932649 0.685937 0.890719 0.653605 0.912180 0.541076 0.884268 0.569912 0.693238 0.442568 0.639344 0.832761 0.883570 0.666775 0.705194 0.636316 0.751229 0.762847 0.782983 0.627215 0.790858 0.638669 0.714713 0.743924 0.663824 0.925658 0.891493 0.512627 0.559000 0.908766 0.969143 0.950634 0.985787 0.739000 0.651461 0.741857 0.661646 0.929447 0.854243 0.877051 0.885301 0.818440 0.673469 0.885043 0.626580 0.793469 0.803110 0.742599 0.611851 0.987160 0.859163 0.917401 0.899100 0.816298 0.956253 0.911289 0.957896 0.917588 0.888870
0.723847 0.643936 0.764164 0.471882 0.986603 0.766293 0.536093 0.000000 0.861741 0.503313 0.844378 0.549919 0.691949 0.594378 0.867844 0.463687 0.706824 0.747758 0.582159 0.673072 0.948020 0.879705 0.660793 0.650125 0.860229 0.816056 0.921465 0.902801 0.757464 0.650250 0.641988 0.695086 0.665722 0.622707 0.825442 0.988165 0.676412 0.856730 0.841522 0.926528 0.892335 0.756714 0.702809 0.665047 0.975856 0.887878 0.839893 0.768202 0.836671 0.850910 0.985594 0.898807 0.931628 0.904908 0.969876 0.875523 0.662166 0.676839 0.725353 0.906809 0.702709 0.699157 0.524997 0.539261 0.999192 0.835802 0.762904 0.773308 0.759618 0.767584 0.530119 0.626453 0.614383 0.713499 0.815022 0.952392 0.639607 0.818264 0.711279 0.771232 0.621664 0.602869 0.889202 0.651354 0.978593 0.802380 0.953823 0.947666 0.869075 0.979501 0.569630 0.523843 0.641123 0.669111 0.921225 0.813925 0.737570 0.884964 0.718754 0.687241 0.738752 0.573608 0.682518 0.552225 0.848299 0.722094 0.960315 0.832899 0.796502 0.806159 0.780816 0.903072 0.807980 0.830118 0.967584 0.951735
0.980873 0.886308 0.613724 0.688922 0.790737 0.869008 0.653766 0.861741 0.000000 0.769555 0.927877 0.874501 0.782135 0.885805 0.785441 0.879181 0.997654 0.911029 0.929130 0.948812 0.908414 0.791337 0.793699 0.920159 0.763692 0.690591 0.998467 0.793144 0.980729 0.887913 0.800996 0.999176 0.934439 0.932001 0.714868 0.900059 0.869368 0.997087 0.789271 0.786710 0.877206 0.969479 0.834536 0.886208 0.800960 0.922454 0.651724 0.855777 0.979836 0.893745 0.856027 0.847640 0.718002 0.825505 0.860730 0.960803 0.898156 0.878244 0.612987 0.783754 0.678823 0.959369 0.938733 0.955415 0.626018 0.735589 0.679272 0.787839 0.884045 0.985339 0.867672 0.863871 0.998954 0.922610 0.903069 0.905267 0.795605 0.993602 0.940675 0.988701 0.996112 0.963123 0.839172 0.954408 0.795673 0.912307 0.844231 0.860040 0.741956 0.837272 0.749566 0.785196 0.722366 0.733125 0.941478 0.902619 0.942930 0.916703 0.941931 0.891563 0.925929 0.960726 0.906525 0.982239 0.834636 0.761258 0.860909 0.862363 0.923032 0.974110 0.857750 0.920336 0.814375 0.966663 0.870804 0.796612
0.723164 0.664629 0.856061 0.603219 0.956518 0.894653 0.617842 0.503313 0.769555 0.000000 0.815020 0.776083 0.908670 0.734471 0.894137 0.646031 0.651349 0.665917 0.544044 0.596730 0.975539 0.996935 0.717946 0.736865 0.910780 0.943128 0.942800 0.913607 0.738301 0.679215 0.650402 0.685731 0.718633 0.612577 0.812421 0.959347 0.610960 0.854720 0.942699 0.980687 0.937813 0.765786 0.575775 0.644010 0.864080 0.841532 0.791347 0.757432 0.980677 0.954982 0.942183 0.904054 0.921462 0.993886 0.995044 0.813906 0.638544 0.718025 0.817217 0.955878 0.898070 0.936693 0.607576 0.646254 0.948028 0.990704 0.826811 0.924742 0.814784 0.909961 0.490011 0.580308 0.693875 0.688704 0.891513 0.826287 0.642381 0.797566 0.747431 0.794964 0.575487 0.643672 0.917882 0.737560 0.967837 0.845992 0.890056 0.994810 0.725930 0.910511 0.551381 0.555455 0.645128 0.778312 0.951692 0.880172 0.836182 0.903406 0.672458 0.629805 0.871616 0.775944 0.596090 0.619613 0.927758 0.863826 0.976416 0.788186 0.854141 0.956833 0.847452 0.759764 0.847090 0.897401 0.994340 0.953157
0.553405 0.652803 0.810272 0.843791 0.771838 0.892585 0.703872 0.844378 0.927877 0.815020 0.000000 0.654706 0.748707 0.837439 0.836260 0.857996 0.559149 0.574573 0.573621 0.565762 0.865488 0.879238 0.963374 0.903477 0.916066 0.985232 0.903725 0.825627 0.632979 0.606696 0.803964 0.800789 0.604730 0.533554 0.965086 0.978712 0.959365 0.993763 0.893678 0.933490 0.932176 0.990929 0.800978 0.694409 0.796384 0.841244 0.775770 0.784475 0.969000 0.951269 0.904432 0.900600 0.850568 0.771407 0.981963 0.864006 0.600691 0.620027 0.732828 0.853977 0.744917 0.944509 0.568561 0.701652 0.980097 0.970055 0.701701 0.695040 0.572270 0.657387 0.788130 0.849033 0.701335 0.734407 0.937201 0.800960 0.842481 0.850979 0.677359 0.569177 0.596910 0.523875 0.975196 0.845331 0.887073 0.949958 0.789953 0.952006 0.928260 0.796292 0.941578 0.942496 0.964387 0.935477 0.856964 0.896703 0.862242 0.936437 0.656802 0.784773 0.988296 0.871193 0.778803 0.801728 0.796010 0.937104 0.902739 0.870596 0.962221 0.877405 0.857068 0.976104 0.927725 0.903208 0.925201 0.842943
0.541193 0.448247 0.860441 0.836186 0.914013 0.838754 0.935695 0.549919 0.874501 0.776083 0.654706 0.000000 0.798569 0.594271 0.962540 0.623338 0.593414 0.584936 0.669102 0.582024 0.984635 0.975181 0.971890 0.947085 0.878245 0.790793 0.954528 0.778337 0.684751 0.571367 0.980667 0.903502 0.678047 0.729850 0.892245 0.982725 0.824279 0.821575 0.947882 0.981319 0.830953 0.743991 0.946744 0.743185 0.965589 0.894812 0.990124 0.848699 0.968346 0.912387 0.959722 0.866247 0.848142 0.843999 0.951003 0.932079 0.492789 0.455056 0.810342 0.752900 0.781924 0.695095 0.520054 0.377275 0.690693 0.976296 0.984033 0.865434 0.609106 0.669425 0.679194 0.739274 0.723520 0.767099 0.921537 0.914050 0.848648 0.860227 0.799520 0.767375 0.531430 0.517064 0.871827 0.561276 0.791404 0.999825 0.878159 0.963227 0.822590 0.876456 0.813652 0.767358 0.880081 0.908637 0.987664 0.841405 0.803595 0.815821 0.701153 0.773887 0.724704 0.840251 0.771335 0.586469 0.887411 0.993079 0.949592 0.960923 0.811449 0.734279 0.783395 0.900807 0.843321 0.887484 0.953947 0.943408
0.933260 0.964072 0.632756 0.670513 0.756862 0.805572 0.660307 0.691949 0.782135 0.908670 0.748707 0.798569 0.000000 0.730356 0.609673 0.617670 0.941868 0.872891 0.835832 0.967553 0.762681 0.916254 0.766244 0.802252 0.789908 0.721533 0.912203 0.958766 0.842172 0.769291 0.774576 0.925911 0.710768 0.748439 0.886634 0.927165 0.885211 0.980875 0.836591 0.886585 0.991511 0.936800 0.805783 0.736401 0.887572 0.940059 0.786037 0.783645 0.785808 0.969444 0.869099 0.933194 0.970151 0.867257 0.894751 0.972833 0.987344 0.975388 0.755277 0.856479 0.625892 0.913528 0.728017 0.839489 0.690333 0.800733 0.747491 0.688922 0.943908 0.965424 0.915382 0.948841 0.943948 0.895800 0.828325 0.887978 0.911993 0.831376 0.882346 0.782744 0.875643 0.776275 0.928935 0.882484 0.792801 0.827798 0.891086 0.947305 0.762676 0.996615 0.931729 0.896004 0.880735 0.854785 0.993305 0.910211 0.951489 0.994440 0.999555 0.976572 0.978447 0.850566 0.896996 0.918441 0.821352 0.737170 0.985650 0.931228 0.823538 0.787215 0.930567 0.947560 0.999792 0.962617 0.934716 0.846171
0.836346 0.686253 0.949299 0.834726 0.954407 0.996385 0.835609 0.594378 0.885805 0.734471 0.837439 0.594271 0.730356 0.000000 0.691791 0.538319 0.660000 0.600619 0.634857 0.683078 0.989278 0.980889 0.775619 0.744434 0.988840 0.898003 0.998187 0.779442 0.650180 0.558943 0.830963 0.703115 0.774733 0.797606 0.833188 0.989205 0.982088 0.948939 0.978203 0.979649 0.920656 0.815263 0.716860 0.733371 0.998764 0.963945 0.933808 0.803016 0.905596 0.786669 0.857750 0.791911 0.893680 0.950551 0.948253 0.903269 0.658358 0.691936 0.931078 0.874549 0.885020 0.933619 0.593329 0.621668 0.855696 0.799515 0.926066 0.955568 0.889147 0.999884 0.771883 0.803509 0.806603 0.827783 0.970538 0.931438 0.857094 0.764269 0.750360 0.672722 0.622406 0.545064 0.675243 0.678480 0.951320 0.850434 0.954830 0.695921 0.840073 0.818597 0.900057 0.806829 0.993944 0.969466 0.898457 0.764874 0.945129 0.918243 0.831242 0.741195 0.845878 0.822468 0.730962 0.658186 0.938251 0.914307 0.972393 0.938071 0.828138 0.742857 0.903377 0.856938 0.868961 0.845455 0.990478 0.913286
0.949354 0.983009 0.658901 0.718469 0.751217 0.994173 0.630839 0.867844 0.785441 0.894137 0.836260 0.962540 0.609673 0.691791 0.000000 0.663459 0.814263 0.762319 0.668020 0.872641 0.711469 0.799348 0.568411 0.684188 0.635517 0.759181 0.796759 0.928797 0.673862 0.702696 0.727203 0.738770 0.697396 0.725801 0.934890 0.940174 0.960436 0.994775 0.779560 0.828589 0.963248 0.992674 0.565833 0.626236 0.742705 0.829570 0.673469 0.529047 0.937450 0.900593 0.927632 0.979981 0.918683 0.948501 0.959638 0.925882 0.898996 0.997696 0.915171 0.856085 0.874116 0.763499 0.708398 0.963764 0.596317 0.839010 0.747371 0.780924 0.962052 0.895004 0.929350 0.941468 0.921651 0.906563 0.953438 0.841975 0.804546 0.705510 0.704941 0.728609 0.782505 0.750449 0.786924 0.836702 0.569943 0.601993 0.935264 0.912623 0.870352 0.975828 0.966720 0.899569 0.986217 0.918923 0.842048 0.776192 0.941903 0.962162 0.921898 0.769909 0.822203 0.975147 0.904670 0.969798 0.893338 0.790679 0.950367 0.932774 0.889120 0.824969 0.817159 0.901044 0.944706 0.911165 0.834622 0.841611
0.872578 0.766171 0.813776 0.578876 0.961793 0.818921 0.651216 0.463687 0.879181 0.646031 0.857996 0.623338 0.617670 0.538319 0.663459 0.000000 0.733437 0.716640 0.628401 0.718679 0.871768 0.833376 0.578949 0.548111 0.801244 0.837793 0.991072 0.940482 0.708521 0.529237 0.732500 0.673073 0.785533 0.765069 0.996896 0.933605 0.782400 0.897282 0.852970 0.954121 0.926934 0.831347 0.685657 0.659855 0.953301 0.967376 0.856852 0.723592 0.815731 0.878047 0.924061 0.843048 0.964915 0.966611 0.896736 0.872906 0.758180 0.772030 0.939194 0.933947 0.853852 0.912101 0.586671 0.639853 0.948258 0.898965 0.952333 0.948917 0.919354 0.969267 0.633075 0.752516 0.753698 0.831107 0.835231 0.922683 0.810465 0.782753 0.820629 0.768430 0.672069 0.626857 0.797458 0.611058 0.870562 0.722752 0.960391 0.736972 0.951714 0.977217 0.802653 0.774128 0.890785 0.911880 0.957826 0.744598 0.927662 0.876591 0.896917 0.763271 0.884670 0.849351 0.799665 0.657763 0.910897 0.906958 0.933112 0.999193 0.839355 0.767330 0.877403 0.983540 0.861795 0.937085 0.965691 0.908613
0.493452 0.432747 0.964774 0.832185 0.945335 0.989938 0.744100 0.706824 0.997654 0.651349 0.559149 0.593414 0.941868 0.660000 0.814263 0.733437 0.000000 0.325514 0.441045 0.422405 0.876085 0.895120 0.826954 0.810437 0.942545 0.858552 0.891584 0.780484 0.464725 0.446421 0.769551 0.634038 0.515743 0.511473 0.980979 0.889038 0.853368 0.827212 0.996988 0.986604 0.762996 0.819836 0.588565 0.522517 0.759291 0.764485 0.798839 0.728529 0.994097 0.970023 0.911220 0.867194 0.763747 0.785021 0.921436 0.940129 0.323261 0.399528 0.837243 0.999484 0.907192 0.911149 0.454437 0.488464 0.871975 0.942593 0.752889 0.778118 0.601096 0.653184 0.600885 0.636840 0.712521 0.667616 0.848571 0.857078 0.719070 0.738429 0.608567 0.541353 0.350258 0.395417 0.739485 0.680540 0.912906 0.753874 0.936386 0.967403 0.792110 0.884828 0.855908 0.798611 0.908454 0.952182 0.963751 0.765669 0.815762 0.974348 0.640450 0.554870 0.875196 0.934212 0.645279 0.588540 0.842313 0.972941 0.914165 0.956507 0.995557 0.786005 0.656908 0.763781 0.709281 0.878981 0.906647 0.925623
0.532178 0.400259 0.983226 0.888602 0.887492 0.987720 0.793318 0.747758 0.911029 0.665917 0.574573 0.584936 0.872891 0.600619 0.762319 0.716640 0.325514 0.000000 0.460064 0.399063 0.903189 0.949477 0.815543 0.802939 0.945820 0.806396 0.803307 0.792070 0.420061 0.381286 0.812528 0.646679 0.516189 0.501503 0.996992 0.895818 0.869365 0.835251 0.902049 0.986660 0.840516 0.782499 0.594605 0.499402 0.714030 0.728364 0.825395 0.660888 0.985145 0.938830 0.863394 0.880922 0.742047 0.709430 0.881427 0.990144 0.317647 0.374583 0.906407 0.964220 0.938241 0.906663 0.462698 0.488728 0.879558 0.978041 0.783979 0.790920 0.628647 0.668559 0.655296 0.711030 0.748463 0.693149 0.897906 0.848926 0.705392 0.666205 0.609925 0.547884 0.323959 0.341288 0.649606 0.624956 0.884514 0.703139 0.996901 0.911841 0.717440 0.860961 0.923593 0.821056 0.972444 0.988732 0.977373 0.744813 0.842610 0.956892 0.631970 0.544052 0.899875 0.987069 0.642917 0.601142 0.866396 0.994191 0.955658 0.996005 0.971281 0.757715 0.663372 0.672930 0.704255 0.879720 0.922281 0.928286
0.592372 0.595380 0.706140 0.588780 0.872921 0.938124 0.491771 0.582159 0.929130 0.544044 0.573621 0.669102 0.835832 0.634857 0.668020 0.628401 0.441045 0.460064 0.000000 0.431820 0.931242 0.904131 0.551059 0.587874 0.743306 0.975160 0.945775 0.780606 0.563206 0.514802 0.603666 0.474462 0.478921 0.467743 0.913952 0.930700 0.782582 0.901531 0.896515 0.999892 0.905053 0.900152 0.550524 0.595073 0.877460 0.922919 0.766703 0.679061 0.782097 0.827385 0.770558 0.703071 0.795021 0.901200 0.935748 0.881158 0.487586 0.609704 0.908756 0.787607 0.917602 0.791543 0.418514 0.652431 0.913702 0.988363 0.656866 0.789528 0.689326 0.805548 0.495679 0.587410 0.616378 0.652063 0.866404 0.805171 0.638316 0.698557 0.570107 0.569836 0.450350 0.407592 0.741205 0.685139 0.695952 0.617303 0.881454 0.897934 0.747848 0.793362 0.744312 0.662857 0.808386 0.807116 0.872699 0.785394 0.811299 0.950715 0.637267 0.504080 0.987871 0.741089 0.666763 0.650010 0.860973 0.837541 0.957123 0.981229 0.982441 0.880788 0.787682 0.799715 0.830488 0.969864 0.927583 0.909120
0.533863 0.439062 0.983178 0.805353 0.954123 0.971841 0.784666 0.673072 0.948812 0.596730 0.565762 0.582024 0.967553 0.683078 0.872641 0.718679 0.422405 0.399063 0.431820 0.000000 0.976966 0.995942 0.851085 0.804420 0.974474 0.804622 0.885146 0.700797 0.533880 0.501197 0.846498 0.650550 0.611091 0.565733 0.948464 0.858047 0.788619 0.820931 0.934080 0.929405 0.876324 0.857441 0.704738 0.611826 0.923095 0.917559 0.898634 0.766237 0.902595 0.894679 0.782409 0.716124 0.699841 0.794658 0.838560 0.941369 0.405183 0.441139 0.948330 0.914609 0.983167 0.952638 0.497831 0.525323 0.819364 0.923708 0.835471 0.862881 0.590355 0.662168 0.527071 0.697419 0.655458 0.638898 0.956416 0.885065 0.689318 0.736750 0.641809 0.650000 0.392978 0.424601 0.792341 0.594730 0.998290 0.858208 0.961193 0.971668 0.633504 0.798493 0.807780 0.734900 0.913824 0.913303 0.958685 0.864500 0.870930 0.977007 0.634600 0.596061 0.900433 0.910695 0.664701 0.576661 0.930706 0.987653 0.983850 0.986709 0.917463 0.911488 0.725732 0.769660 0.871406 0.851084 0.973812 0.938123
0.929788 0.940228 0.838684 0.877565 0.929068 0.903890 0.832824 0.948020 0.908414 0.975539 0.865488 0.984635 0.762681 0.989278 0.711469 0.871768 0.876085 0.903189 0.931242 0.976966 0.000000 0.880314 0.874153 0.895933 0.771902 0.801886 0.773792 0.998578 0.976861 0.871977 0.937222 0.893653 0.845838 0.843335 0.958075 0.993490 0.973863 0.949388 0.898854 0.942212 0.985918 0.952229 0.872231 0.767400 0.873273 0.918505 0.825894 0.762692 0.961673 0.859847 0.919097 0.906717 0.949684 0.973564 0.843541 0.812050 0.907208 0.977032 0.861386 0.970281 0.756621 0.998290 0.835799 0.975313 0.774901 0.790553 0.820683 0.814576 0.993640 0.975444 0.942914 0.967303 0.853770 0.915313 0.875670 0.949804 0.933825 0.876567 0.999223 0.884173 0.907083 0.933628 0.991507 0.987298 0.805867 0.797376 0.935445 0.905585 0.904771 0.978192 0.977237 0.967782 0.925299 0.924837 0.903084 0.743951 0.860117 0.963276 0.938093 0.936442 0.949988 0.914959 0.853153 0.968882 0.916849 0.807484 0.999214 0.906314 0.910766 0.965758 0.735127 0.937676 0.956424 0.976589 0.859972 0.922491
0.860106 0.946739 0.788989 0.904930 0.883623 0.828891 0.837941 0.879705 0.791337 0.996935 0.879238 0.975181 0.916254 0.980889 0.799348 0.833376 0.895120 0.949477 0.904131 0.995942 0.880314 0.000000 0.849909 0.957581 0.781310 0.708305 0.879472 0.805277 0.849290 0.889451 0.839172 0.966545 0.925297 0.864686 0.888845 0.939956 0.978985 0.957662 0.811813 0.836381 0.879607 0.913225 0.779464 0.742651 0.754724 0.804896 0.791108 0.814108 0.866573 0.804217 0.857276 0.800922 0.845465 0.986258 0.859478 0.759036 0.910425 0.937823 0.737427 0.881784 0.846151 0.968135 0.910886 0.981549 0.818008 0.798225 0.816048 0.824187 0.843031 0.878329 0.928013 0.984866 0.916899 0.898816 0.802817 0.968829 0.918472 0.915037 0.832661 0.915207 0.924848 0.978285 0.852820 0.968161 0.919428 0.957950 0.991744 0.923136 0.878203 0.875008 0.918876 0.957129 0.912504 0.940587 0.873351 0.770725 0.895272 0.990118 0.800213 0.846495 0.965688 0.983310 0.847060 0.905551 0.827836 0.854450 0.909493 0.993978 0.937567 0.931893 0.777304 0.961507 0.849171 0.949288 0.830875 0.759007
0.984095 0.987783 0.510692 0.463770 0.889791 0.946502 0.425700 0.660793 0.793699 0.717946 0.963374 0.971890 0.766244 0.775619 0.568411 0.578949 0.826954 0.815543 0.551059 0.851085 0.874153 0.849909 0.000000 0.366665 0.560179 0.683638 0.899647 0.996076 0.846462 0.745304 0.509663 0.519656 0.683790 0.735854 0.884415 0.968800 0.808757 0.983352 0.731550 0.993021 0.977135 0.925581 0.570378 0.741157 0.941441 0.953627 0.786995 0.736615 0.672403 0.845855 0.819796 0.826318 0.939414 0.810520 0.899509 0.714447 0.908279 0.971146 0.948278 0.630458 0.944649 0.754502 0.706733 0.983434 0.551352 0.755636 0.706081 0.873377 0.904386 0.898109 0.612954 0.713487 0.856782 0.875497 0.809494 0.885604 0.666310 0.738902 0.791034 0.793934 0.820602 0.741273 0.777875 0.884615 0.489919 0.438101 0.772167 0.855384 0.971342 0.947419 0.853451 0.696225 0.865641 0.748147 0.865927 0.762645 0.998617 0.882972 0.962955 0.682292 0.803381 0.793437 0.946917 0.912591 0.897652 0.730375 0.991597 0.930712 0.970889 0.881686 0.930225 0.960160 0.884538 0.994468 0.942941 0.911207
0.979114 0.974900 0.665291 0.498871 0.997740 0.972534 0.496129 0.650125 0.920159 0.736865 0.903477 0.947085 0.802252 0.744434 0.684188 0.548111 0.810437 0.802939 0.587874 0.804420 0.895933 0.957581 0.366665 0.000000 0.649143 0.805336 0.994625 0.925062 0.820585 0.692158 0.627013 0.499383 0.773804 0.819203 0.958009 0.969898 0.849916 0.951994 0.748354 0.921156 0.972790 0.952272 0.621831 0.794907 0.932034 0.918993 0.815885 0.767049 0.695147 0.827054 0.841463 0.789143 0.906468 0.782923 0.867245 0.715156 0.875212 0.973831 0.891111 0.590286 0.982784 0.829591 0.699839 0.950635 0.757960 0.873435 0.842175 0.982200 0.894803 0.985170 0.701090 0.704003 0.737566 0.697265 0.886266 0.901522 0.753388 0.832167 0.828458 0.762300 0.788179 0.697882 0.850023 0.852459 0.570744 0.507231 0.835574 0.812572 0.967011 0.945361 0.877945 0.772843 0.969496 0.888035 0.764377 0.800534 0.998332 0.902504 0.990160 0.714907 0.985391 0.746226 0.896271 0.836392 0.914744 0.860322 0.960579 0.905183 0.911675 0.893937 0.962295 0.969195 0.906175 0.936251 0.917968 0.938284
0.983543 0.938112 0.445104 0.607979 0.769390 0.868723 0.525559 0.860229 0.763692 0.910780 0.916066 0.878245 0.789908 0.988840 0.635517 0.801244 0.942545 0.945820 0.743306 0.974474 0.771902 0.781310 0.560179 0.649143 0.000000 0.509769 0.786827 0.855347 0.915830 0.817461 0.567874 0.706457 0.705045 0.692666 0.726584 0.959558 0.881235 0.886933 0.679657 0.868952 0.884171 0.962247 0.664316 0.752830 0.794978 0.834642 0.688787 0.671867 0.873155 0.888605 0.965768 0.844703 0.837284 0.879216 0.901304 0.906000 0.959778 0.891214 0.836126 0.854255 0.727954 0.859448 0.855390 0.880640 0.468941 0.626439 0.637779 0.685105 0.958924 0.984552 0.941042 0.943368 0.917276 0.971797 0.830230 0.932385 0.729975 0.854812 0.824994 0.944793 0.986268 0.901127 0.942649 0.972437 0.531525 0.535746 0.784745 0.924787 0.832113 0.941727 0.946543 0.993040 0.998425 0.911373 0.838898 0.858279 0.892468 0.952966 0.980044 0.876045 0.860644 0.984944 0.989352 0.885471 0.808024 0.669941 0.835800 0.971143 0.954194 0.961233 0.850276 0.881511 0.969982 0.891883 0.923988 0.833197
0.891913 0.774300 0.460200 0.630467 0.837464 0.869188 0.592216 0.816056 0.690591 0.943128 0.985232 0.790793 0.721533 0.898003 0.759181 0.837793 0.858552 0.806396 0.975160 0.804622 0.801886 0.708305 0.683638 0.805336 0.509769 0.000000 0.828077 0.737447 0.886348 0.939514 0.650069 0.876207 0.841594 0.834297 0.685301 0.872217 0.795990 0.989951 0.690699 0.882053 0.862069 0.875233 0.800576 0.811233 0.826301 0.882456 0.697536 0.784840 0.910085 0.907174 0.897644 0.806184 0.790734 0.876253 0.893258 0.994393 0.793216 0.759650 0.739392 0.963662 0.664347 0.963730 0.994765 0.823620 0.504575 0.614092 0.656416 0.667320 0.917585 0.982074 0.952281 0.971939 0.964245 0.826547 0.789720 0.926597 0.888268 0.994894 0.982233 0.936709 0.835141 0.869995 0.975402 0.879860 0.675190 0.766206 0.916396 0.998166 0.743168 0.855349 0.996605 0.995830 0.922647 0.886065 0.964097 0.985048 0.965450 0.996672 0.885495 0.956137 0.860143 0.943519 0.986644 0.845799 0.863954 0.669429 0.946920 0.937216 0.918097 0.978566 0.952347 0.824760 0.956066 0.990803 0.945838 0.798093
0.998354 0.940713 0.875622 0.952087 0.828511 0.941360 0.984743 0.921465 0.998467 0.942800 0.903725 0.954528 0.912203 0.998187 0.796759 0.991072 0.891584 0.803307 0.945775 0.885146 0.773792 0.879472 0.899647 0.994625 0.786827 0.828077 0.000000 0.999978 0.870844 0.795187 0.838920 0.972768 0.915878 0.849727 0.967861 0.851364 0.873866 0.889311 0.912762 0.942915 0.958504 0.966023 0.896840 0.743409 0.809678 0.894686 0.989068 0.818808 0.955743 0.778107 0.970538 0.884169 0.932362 0.945559 0.922998 0.943852 0.896561 0.932693 0.992916 0.994356 0.932955 0.928909 0.992941 0.982436 0.777439 0.775480 0.866324 0.892490 0.966064 0.810652 0.991149 0.973604 0.992831 0.915477 0.852695 0.972556 0.955491 0.945593 0.889443 0.960380 0.914901 0.929545 0.809621 0.942734 0.955595 0.784478 0.928114 0.925568 0.891303 0.958462 0.831057 0.866784 0.803526 0.946438 0.997496 0.899478 0.846667 0.994054 0.874963 0.963083 0.989933 0.847339 0.994819 0.875130 0.953074 0.916731 0.913434 0.963407 0.911646 0.905531 0.932532 0.936836 0.891001 0.947709 0.844151 0.916968
0.850144 0.803694 0.870553 0.996029 0.930306 0.863470 0.999387 0.902801 0.793144 0.913607 0.825627 0.778337 0.958766 0.779442 0.928797 0.940482 0.780484 0.792070 0.780606 0.700797 0.998578 0.805277 0.996076 0.925062 0.855347 0.737447 0.999978 0.000000 0.802414 0.788502 0.896614 0.972131 0.965341 0.870521 0.874162 0.915913 0.956842 0.980925 0.954141 0.889000 0.915027 0.899386 0.996491 0.918179 0.967949 0.996837 0.916583 0.931594 0.962589 0.926513 0.871995 0.802549 0.833706 0.938373 0.960023 0.953501 0.792973 0.794668 0.845727 0.903264 0.888829 0.952458 0.921901 0.943175 0.850491 0.971876 0.945165 0.979529 0.754899 0.931810 0.880548 0.964209 0.695745 0.723158 0.951729 0.980841 0.996719 0.953336 0.937837 0.772354 0.824333 0.765911 0.879948 0.806541 0.960930 0.904485 0.948732 0.733773 0.861318 0.664304 0.994870 0.962646 0.894871 0.956479 0.909633 0.999607 0.956376 0.961192 0.877238 0.820338 0.913306 0.867658 0.996756 0.895394 0.989456 0.844748 0.931488 0.908749 0.980197 0.913732 0.944644 0.911819 0.936121 0.926526 0.967826 0.874299
0.684704 0.610567 0.970860 0.929092 0.864928 0.962243 0.815214 0.757464 0.980729 0.738301 0.632979 0.684751 0.842172 0.650180 0.673862 0.708521 0.464725 0.420061 0.563206 0.533880 0.976861 0.849290 0.846462 0.820585 0.915830 0.886348 0.870844 0.802414 0.000000 0.434203 0.811306 0.715824 0.637815 0.581291 0.967890 0.973517 0.933274 0.979698 0.990742 0.949196 0.833335 0.848049 0.576039 0.525093 0.687203 0.651918 0.765459 0.626355 0.922631 0.830497 0.939330 0.996186 0.924095 0.805767 0.970059 0.991690 0.518280 0.534604 0.910640 0.991467 0.940447 0.962844 0.616975 0.634126 0.933450 0.979860 0.804185 0.791650 0.672569 0.701736 0.842824 0.902508 0.777015 0.726043 0.862717 0.778832 0.808476 0.671566 0.623480 0.584072 0.443923 0.466521 0.647153 0.655263 0.875318 0.776952 0.907624 0.814066 0.816653 0.907448 0.969361 0.906198 0.998292 0.899594 0.970613 0.755043 0.876433 0.933818 0.700287 0.661740 0.851409 0.865165 0.787065 0.740103 0.907078 0.984410 0.945225 0.943957 0.915680 0.782343 0.696804 0.809502 0.735109 0.918523 0.944183 0.903479
0.702847 0.557492 0.905413 0.771230 0.940126 0.971642 0.740400 0.650250 0.887913 0.679215 0.606696 0.571367 0.769291 0.558943 0.702696 0.529237 0.446421 0.381286 0.514802 0.501197 0.871977 0.889451 0.745304 0.692158 0.817461 0.939514 0.795187 0.788502 0.434203 0.000000 0.728353 0.640093 0.622896 0.538242 0.948181 0.961716 0.891016 0.807779 0.953561 0.996278 0.911297 0.819832 0.550352 0.444504 0.829199 0.729492 0.789383 0.578184 0.969426 0.912665 0.882755 0.919226 0.884736 0.862399 0.877630 0.944315 0.471997 0.522903 0.936230 0.944353 0.883746 0.974144 0.550551 0.549117 0.977216 0.922256 0.864457 0.830907 0.725071 0.757269 0.699152 0.816309 0.716846 0.676656 0.842687 0.898760 0.803142 0.733269 0.627902 0.604102 0.459785 0.432857 0.616113 0.637903 0.916668 0.751145 0.985063 0.771695 0.874908 0.869461 0.998117 0.943869 0.872936 0.944732 0.958528 0.770311 0.956394 0.902681 0.816844 0.695170 0.908580 0.930742 0.760954 0.629779 0.887393 0.964992 0.918883 0.909073 0.882598 0.755408 0.759477 0.878497 0.726718 0.868459 0.951291 0.853313
0.841087 0.903829 0.496129 0.489040 0.892614 0.872581 0.447447 0.641988 0.800996 0.650402 0.803964 0.980667 0.774576 0.830963 0.727203 0.732500 0.769551 0.812528 0.603666 0.846498 0.937222 0.839172 0.509663 0.627013 0.567874 0.650069 0.838920 0.896614 0.811306 0.728353 0.000000 0.636378 0.590812 0.548131 0.694933 0.983880 0.775596 0.907432 0.671989 0.921791 0.887317 0.933748 0.574668 0.646359 0.784919 0.839181 0.708501 0.750002 0.872012 0.973451 0.986269 0.970216 0.869371 0.943545 0.884208 0.907454 0.874019 0.937955 0.769775 0.910516 0.748507 0.879594 0.702909 0.905703 0.633881 0.781222 0.607388 0.714949 0.945680 0.947721 0.694016 0.782426 0.872632 0.909779 0.824449 0.839752 0.699063 0.796668 0.753657 0.794608 0.809624 0.753689 0.841924 0.973835 0.671033 0.660943 0.933376 0.998324 0.909712 0.972005 0.853691 0.814933 0.889234 0.773605 0.947464 0.994518 0.879617 0.941307 0.890106 0.834682 0.979656 0.696694 0.892497 0.934622 0.908131 0.758205 0.986112 0.902224 0.982384 0.960245 0.969040 0.922315 0.876513 0.978023 0.947500 0.852726
0.845965 0.817243 0.734510 0.667519 0.913684 0.984561 0.574067 0.695086 0.999176 0.685731 0.800789 0.903502 0.925911 0.703115 0.738770 0.673073 0.634038 0.646679 0.474462 0.650550 0.893653 0.966545 0.519656 0.499383 0.706457 0.876207 0.972768 0.972131 0.715824 0.640093 0.636378 0.000000 0.637227 0.629217 0.987527 0.886521 0.888675 0.974740 0.930046 0.918858 0.967104 0.972444 0.570679 0.727465 0.936847 0.954086 0.832812 0.767878 0.790184 0.811626 0.825424 0.775024 0.922828 0.996264 0.921594 0.792826 0.679126 0.802355 0.924199 0.658714 0.949313 0.690271 0.587709 0.824101 0.871591 0.967347 0.793784 0.906824 0.966522 0.985733 0.658866 0.732572 0.809386 0.785576 0.943652 0.879237 0.712059 0.731205 0.682978 0.718078 0.657705 0.608002 0.755215 0.859483 0.669538 0.613089 0.863205 0.850527 0.782386 0.939256 0.863966 0.769706 0.907214 0.885621 0.874245 0.766300 0.893484 0.970697 0.848628 0.612565 0.997997 0.808469 0.843261 0.751016 0.998302 0.936342 0.952124 0.942500 0.990197 0.922121 0.815930 0.893266 0.895694 0.990051 0.913489 0.894278
0.500150 0.567150 0.650319 0.635882 0.762559 0.880929 0.530872 0.665722 0.934439 0.718633 0.604730 0.678047 0.710768 0.774733 0.697396 0.785533 0.515743 0.516189 0.478921 0.611091 0.845838 0.925297 0.683790 0.773804 0.705045 0.841594 0.915878 0.965341 0.637815 0.622896 0.590812 0.637227 0.000000 0.409347 0.743306 0.885783 0.743260 0.811103 0.923465 0.967265 0.783476 0.877780 0.605140 0.570548 0.679394 0.747236 0.744219 0.669831 0.907164 0.915776 0.913943 0.967481 0.933962 0.813155 0.933440 0.997662 0.529379 0.586741 0.677695 0.926843 0.647845 0.949479 0.473476 0.619318 0.822180 0.831738 0.510554 0.518768 0.709864 0.735088 0.679329 0.699894 0.796500 0.906192 0.864399 0.921487 0.662670 0.645107 0.631982 0.683571 0.542193 0.481223 0.815450 0.767744 0.691631 0.603262 0.969292 0.932302 0.894934 0.916235 0.851184 0.745987 0.809833 0.827047 0.981628 0.822851 0.880740 0.936960 0.655147 0.709958 0.947524 0.839617 0.754088 0.765014 0.742422 0.775799 0.979394 0.984247 0.948357 0.835879 0.709555 0.868256 0.842060 0.979477 0.918107 0.983124
0.569100 0.571280 0.652782 0.642745 0.773973 0.859236 0.517106 0.622707 0.932001 0.612577 0.533554 0.729850 0.748439 0.797606 0.725801 0.765069 0.511473 0.501503 0.467743 0.565733 0.843335 0.864686 0.735854 0.819203 0.692666 0.834297 0.849727 0.870521 0.581291 0.538242 0.548131 0.629217 0.409347 0.000000 0.698618 0.859776 0.718277 0.863536 0.861090 0.931524 0.849161 0.920892 0.539782 0.462917 0.591274 0.652444 0.684233 0.583787 0.974268 0.867268 0.968494 0.997346 0.909153 0.822800 0.929162 0.965021 0.523888 0.610513 0.668332 0.934029 0.671603 0.970053 0.503543 0.674798 0.827809 0.804389 0.492895 0.501178 0.636256 0.663512 0.649105 0.761353 0.689420 0.812302 0.869426 0.790620 0.654473 0.670675 0.561139 0.631110 0.506998 0.499977 0.794078 0.773548 0.750482 0.674930 0.990453 0.920590 0.865270 0.912179 0.781004 0.754242 0.820279 0.778066 0.990657 0.818431 0.830823 0.925599 0.593116 0.660567 0.968199 0.748503 0.744339 0.710898 0.733542 0.734588 0.964009 0.943706 0.987909 0.822576 0.657634 0.754719 0.677430 0.923092 0.900832 0.834545
0.914589 0.963678 0.662849 0.754804 0.835488 0.735970 0.691612 0.825442 0.714868 0.812421 0.965086 0.892245 0.886634 0.833188 0.934890 0.996896 0.980979 0.996992 0.913952 0.948464 0.958075 0.888845 0.884415 0.958009 0.726584 0.685301 0.967861 0.874162 0.967890 0.948181 0.694933 0.987527 0.743306 0.698618 0.000000 0.940984 0.709398 0.900872 0.796023 0.970772 0.886139 0.987036 0.849999 0.855590 0.662870 0.788988 0.826771 0.830142 0.974525 0.796920 0.862290 0.798180 0.780991 0.956602 0.713901 0.987424 0.978648 0.969936 0.584244 0.771341 0.556897 0.841885 0.894429 0.948166 0.656941 0.610483 0.542527 0.548652 0.884652 0.870186 0.949118 0.985098 0.962797 0.909454 0.889631 0.908298 0.822296 0.901226 0.910770 0.986976 0.933165 0.946311 0.956718 0.989600 0.780294 0.748761 0.961112 0.808357 0.894917 0.752857 0.819228 0.801550 0.685912 0.742525 0.829202 0.933085 0.747413 0.937999 0.858385 0.863416 0.883832 0.826902 0.877987 0.932129 0.749900 0.680842 0.956006 0.858260 0.997083 0.977639 0.846216 0.803901 0.936230 0.953596 0.924055 0.932103
0.958353 0.895248 0.982677 0.943856 0.865082 0.862493 0.974699 0.988165 0.900059 0.959347 0.978712 0.982725 0.927165 0.989205 0.940174 0.933605 0.889038 0.895818 0.930700 0.858047 0.993490 0.939956 0.968800 0.969898 0.959558 0.872217 0.851364 0.915913 0.973517 0.961716 0.983880 0.886521 0.885783 0.859776 0.940984 0.000000 0.841676 0.922620 0.956197 0.815351 0.985962 0.905495 0.978398 0.982466 0.979801 0.938160 0.826653 0.961912 0.859074 0.872430 0.875934 0.913921 0.811587 0.932095 0.888603 0.931188 0.855374 0.898208 0.946462 0.994541 0.958316 0.963015 0.988808 0.959821 0.974136 0.919507 0.907128 0.849153 0.944310 0.893635 0.835164 0.978006 0.950461 0.969019 0.940971 0.890929 0.976405 0.983899 0.856065 0.963136 0.900344 0.975432 0.818221 0.968453 0.944700 0.933456 0.878484 0.976447 0.957596 0.858265 0.887591 0.881008 0.915341 0.994555 0.976373 0.898531 0.970605 0.933996 0.974509 0.999849 0.898051 0.918629 0.869806 0.968978 0.914307 0.968497 0.994892 0.959336 0.880819 0.996119 0.896659 0.921465 0.974729 0.932726 0.933209 0.984530
0.734294 0.776933 0.822335 0.608233 0.903005 0.821595 0.742758 0.676412 0.869368 0.610960 0.959365 0.824279 0.885211 0.982088 0.960436 0.782400 0.853368 0.869365 0.782582 0.788619 0.973863 0.978985 0.808757 0.849916 0.881235 0.795990 0.873866 0.956842 0.933274 0.891016 0.775596 0.888675 0.743260 0.718277 0.709398 0.841676 0.000000 0.688721 0.921105 0.932839 0.796552 0.947778 0.792432 0.792956 0.917151 0.944041 0.988968 0.892298 0.945129 0.931908 0.814946 0.948249 0.925446 0.912742 0.991739 0.939230 0.767075 0.797689 0.766863 0.905224 0.724571 0.772103 0.776540 0.728440 0.890366 0.763372 0.801878 0.810275 0.790395 0.864980 0.634004 0.712589 0.770017 0.831375 0.770760 0.928043 0.808687 0.835667 0.824523 0.910997 0.785827 0.848281 0.899615 0.774306 0.969005 0.780626 0.965730 0.929467 0.986372 0.974951 0.795628 0.753011 0.772659 0.865413 0.928222 0.978594 0.819141 0.874549 0.763661 0.829966 0.955462 0.836933 0.872462 0.850237 0.751341 0.811144 0.968006 0.833786 0.854332 0.964953 0.830335 0.790062 0.936321 0.995722 0.961235 0.964721
0.695826 0.686964 0.945175 0.771504 0.934846 0.839309 0.937256 0.856730 0.997087 0.854720 0.993763 0.821575 0.980875 0.948939 0.994775 0.897282 0.827212 0.835251 0.901531 0.820931 0.949388 0.957662 0.983352 0.951994 0.886933 0.989951 0.889311 0.980925 0.979698 0.807779 0.907432 0.974740 0.811103 0.863536 0.900872 0.922620 0.688721 0.000000 0.934111 0.857092 0.865140 0.995753 0.830977 0.798356 0.909769 0.888258 0.940323 0.909069 0.841797 0.782305 0.761272 0.799055 0.863232 0.896702 0.919800 0.911533 0.756568 0.741668 0.783261 0.843213 0.794779 0.730239 0.831958 0.713654 0.942509 0.819814 0.924362 0.899962 0.769684 0.812229 0.780073 0.725482 0.875702 0.822670 0.839306 0.923319 0.808299 0.891555 0.915634 0.982220 0.889819 0.895373 0.951589 0.821263 0.967218 0.866100 0.960249 0.957707 0.947720 0.795022 0.960133 0.946516 0.887404 0.958668 0.992268 0.965600 0.955977 0.947783 0.858975 0.944683 0.923451 0.843242 0.909948 0.748386 0.815502 0.798475 0.879516 0.868457 0.808326 0.851119 0.896985 0.961813 0.884779 0.890925 0.892889 0.813953
