0.000000 0.376981 0.539207 0.487164 0.751312 0.674094 0.356144 0.303181 0.597811 0.685476 0.348895 0.263105 0.329208 0.377985 0.610779 0.551285 0.384179 0.399347 0.384303 0.334247 0.944853 0.978087 0.601608 0.771290 0.960566 0.888715 0.916735 0.982173 0.367255 0.455712 0.717210 0.768698 0.332707 0.287627 0.529085 0.856673 0.724207 0.913892 0.890875 0.993769 0.820870 0.905421 0.571250 0.605041 0.599353 0.616356 0.433936 0.506837 0.879141 0.857882 0.799095 0.796723 0.916020 0.967535 0.720453 0.688544 0.404272 0.458635 0.289462 0.408318 0.288036 0.346934 0.306254 0.370525 0.542703 0.429075 0.394493 0.413863 0.649605 0.694826 0.536185 0.660501 0.830116 0.696151 0.829326 0.857867 0.542866 0.716370 0.653067 0.811654 0.378603 0.509945 0.633945 0.618485 0.417207 0.616702 0.906879 0.953786 0.665035 0.631753 0.658185 0.804335 0.706595 0.788907 0.716382 0.752575 0.634521 0.681269 0.448867 0.439935 0.596798 0.671074 0.557934 0.649069 0.473432 0.557467 0.962055 0.635680 0.663359 0.807659 0.820104 0.732837 0.669380 0.978527 0.779326 0.970012
0.376981 0.000000 0.746452 0.667428 0.895895 0.837268 0.606578 0.456119 0.802422 0.778818 0.673122 0.455222 0.653233 0.604864 0.818662 0.660756 0.339043 0.407403 0.561725 0.416521 0.961053 0.936712 0.763477 0.794048 0.952072 0.849821 0.979002 0.891417 0.451463 0.527611 0.763301 0.809705 0.459428 0.470163 0.741483 0.822507 0.770173 0.978162 0.975536 0.977790 0.736148 0.901270 0.590415 0.604238 0.524018 0.473276 0.532701 0.547778 0.672333 0.685501 0.584377 0.656263 0.873837 0.988578 0.640301 0.680383 0.283160 0.215981 0.486439 0.390728 0.509845 0.334227 0.542102 0.491427 0.678688 0.466296 0.571212 0.520624 0.476168 0.557497 0.720738 0.807877 0.754381 0.729117 0.690040 0.770069 0.698962 0.770022 0.640179 0.677166 0.370939 0.448663 0.562294 0.526296 0.558957 0.579357 0.933815 0.924567 0.759315 0.609334 0.832325 0.994937 0.863034 0.968354 0.604606 0.923012 0.529049 0.682669 0.542802 0.522881 0.812328 0.902903 0.635026 0.838219 0.571507 0.653122 0.894932 0.664821 0.658521 0.694361 0.685304 0.576057 0.772753 0.821082 0.671482 0.949921
0.539207 0.746452 0.000000 0.215361 0.863646 0.811268 0.265079 0.390432 0.510194 0.853204 0.607162 0.725932 0.446423 0.524315 0.445659 0.409556 0.819125 0.735037 0.382225 0.561589 0.707919 0.924324 0.291808 0.420496 0.516082 0.405690 0.939331 0.846840 0.665028 0.742253 0.327356 0.469759 0.380643 0.345382 0.398292 0.737079 0.475482 0.703294 0.912894 0.928340 0.855965 0.988623 0.486960 0.556667 0.563143 0.647743 0.542051 0.460758 0.984124 0.856755 0.705237 0.755092 0.714944 0.719781 0.551553 0.650511 0.899970 0.897761 0.599450 0.844237 0.470701 0.711038 0.653847 0.822865 0.265409 0.452799 0.341471 0.406179 0.730354 0.928437 0.461824 0.475452 0.707801 0.669904 0.860931 0.982455 0.553869 0.593364 0.739132 0.788211 0.730530 0.652037 0.586872 0.760520 0.368130 0.445460 0.827197 0.826209 0.694728 0.621537 0.554533 0.693155 0.636804 0.660881 0.670100 0.825550 0.668428 0.865924 0.645067 0.573259 0.699952 0.740005 0.732053 0.765422 0.587257 0.612624 0.867668 0.701230 0.676159 0.999099 0.868947 0.932790 0.819414 0.884380 0.876977 0.913807
0.487164 0.667428 0.215361 0.000000 0.916605 0.722709 0.236677 0.313746 0.561892 0.859943 0.532760 0.624485 0.421540 0.423769 0.487257 0.445863 0.758157 0.662321 0.284409 0.435446 0.768426 0.962400 0.302638 0.350430 0.555683 0.450951 0.931202 0.803637 0.637296 0.706059 0.345290 0.450666 0.303616 0.299690 0.402687 0.687492 0.551814 0.784411 0.890131 0.888171 0.815604 0.923931 0.456849 0.516151 0.549712 0.637604 0.479191 0.449739 0.988234 0.864613 0.698607 0.779753 0.731435 0.773657 0.591901 0.648274 0.790033 0.853401 0.563173 0.766416 0.454214 0.648151 0.610875 0.798992 0.305087 0.350261 0.295899 0.312965 0.751477 0.914185 0.433505 0.453570 0.676287 0.650522 0.748616 0.931268 0.546764 0.582442 0.707297 0.777016 0.706312 0.623300 0.548962 0.768088 0.350030 0.406641 0.791512 0.752858 0.658502 0.571627 0.536795 0.713760 0.639837 0.701943 0.719639 0.757748 0.678865 0.800169 0.589593 0.486332 0.635796 0.649691 0.696375 0.691016 0.568097 0.602102 0.934166 0.726428 0.652053 0.995660 0.823573 0.869752 0.803896 0.935324 0.825466 0.891585
0.751312 0.895895 0.863646 0.916605 0.000000 0.863119 0.806905 0.783428 0.678541 0.670654 0.833264 0.791400 0.734861 0.826439 0.723066 0.895571 0.786167 0.856966 0.863717 0.944191 0.998763 0.985517 0.842394 0.898289 0.929977 0.881852 0.949925 0.909083 0.798170 0.825005 0.957360 0.910414 0.816841 0.786231 0.683670 0.998299 0.903364 0.830874 0.958618 0.863312 0.962487 0.908051 0.848412 0.832713 0.898302 0.930396 0.903893 0.908974 0.973450 0.914437 0.907432 0.834665 0.896915 0.906129 0.989275 0.881568 0.878373 0.816449 0.640095 0.735748 0.699903 0.837383 0.641159 0.703166 0.812518 0.898983 0.749166 0.794522 0.935912 0.944409 0.789123 0.776070 0.951156 0.987936 0.931187 0.953240 0.865555 0.905882 0.988469 0.992063 0.790504 0.966998 0.912704 0.869063 0.835116 0.987309 0.916163 0.670079 0.729204 0.965483 0.741318 0.740580 0.754175 0.693159 0.993336 0.995171 0.791108 0.899065 0.707752 0.837838 0.966692 0.904401 0.693500 0.793348 0.820359 0.637465 0.879892 0.689881 0.824175 0.910563 0.845263 0.903256 0.782654 0.924316 0.889128 0.910354
0.674094 0.837268 0.811268 0.722709 0.863119 0.000000 0.618730 0.611651 0.725103 0.788688 0.656733 0.675188 0.733971 0.822411 0.911505 0.842093 0.773175 0.709293 0.629536 0.682350 0.892338 0.945705 0.877583 0.907732 0.909319 0.912624 0.963359 0.792396 0.764822 0.857774 0.914876 0.890818 0.711004 0.659866 0.784668 0.935291 0.894792 0.990396 0.923762 0.944880 0.919231 0.941431 0.638775 0.689117 0.692938 0.687842 0.668700 0.745813 0.897103 0.857525 0.864123 0.860218 0.884426 0.906412 0.825135 0.876131 0.757463 0.891302 0.705876 0.822572 0.695544 0.709293 0.765164 0.823026 0.818375 0.677940 0.644804 0.590139 0.936087 0.927084 0.783999 0.860432 0.857864 0.704877 0.965810 0.959404 0.734398 0.715857 0.807929 0.956433 0.743356 0.825553 0.936442 0.922534 0.833225 0.875485 0.995136 0.996571 0.868171 0.869672 0.688102 0.758094 0.746482 0.774649 0.932253 0.866441 0.811732 0.961708 0.645332 0.715398 0.806099 0.774669 0.687290 0.650025 0.797966 0.865690 0.996049 0.911757 0.985161 0.960576 0.900549 0.830247 0.857350 0.926656 0.914706 0.949611
0.356144 0.606578 0.265079 0.236677 0.806905 0.618730 0.000000 0.191087 0.413861 0.579103 0.398357 0.464923 0.344924 0.427697 0.494445 0.473963 0.607631 0.507543 0.276578 0.400979 0.848475 0.977307 0.423678 0.602368 0.817532 0.636585 0.930366 0.896140 0.450196 0.584054 0.498444 0.594681 0.316001 0.260391 0.390996 0.761910 0.623989 0.813131 0.991913 0.961710 0.799731 0.951846 0.376217 0.416396 0.427376 0.494572 0.428865 0.406110 0.847342 0.774167 0.632020 0.670165 0.637621 0.710111 0.593466 0.634818 0.702458 0.753673 0.374657 0.708598 0.381772 0.573510 0.465006 0.614678 0.386015 0.438892 0.241044 0.310441 0.767535 0.855211 0.348392 0.422660 0.623237 0.557357 0.803095 0.978647 0.409208 0.534207 0.635338 0.857892 0.571888 0.618623 0.644604 0.751546 0.431946 0.583058 0.905997 0.955949 0.721658 0.682279 0.390801 0.520768 0.476288 0.527809 0.667665 0.678958 0.556085 0.692478 0.375418 0.338031 0.515315 0.521762 0.518051 0.528711 0.439777 0.481247 0.881580 0.620716 0.634937 0.878376 0.776204 0.747985 0.655437 0.862339 0.805249 0.994465
0.303181 0.456119 0.390432 0.313746 0.783428 0.611651 0.191087 0.000000 0.497720 0.541081 0.362575 0.345346 0.362540 0.386586 0.605944 0.555567 0.476460 0.410007 0.266871 0.330481 0.970598 0.979484 0.523132 0.654988 0.928968 0.767135 0.875436 0.958075 0.354328 0.511661 0.565452 0.650463 0.294868 0.255457 0.440483 0.795537 0.713288 0.915387 0.963490 0.998958 0.766106 0.922908 0.390923 0.424783 0.443189 0.475072 0.416621 0.439818 0.779750 0.759371 0.654049 0.699189 0.708781 0.835414 0.639182 0.617926 0.518117 0.576545 0.341846 0.597145 0.352884 0.438070 0.382799 0.501755 0.487289 0.420761 0.291586 0.300890 0.714864 0.756173 0.421454 0.477877 0.654318 0.527907 0.763963 0.913482 0.459744 0.577256 0.623320 0.815807 0.482270 0.556020 0.615732 0.711231 0.461490 0.616824 0.897546 0.979552 0.713211 0.642476 0.470855 0.620254 0.534483 0.662435 0.685483 0.688111 0.502158 0.634227 0.358744 0.314050 0.522603 0.546787 0.478540 0.518600 0.423279 0.474495 0.946186 0.646549 0.622074 0.765769 0.670022 0.685336 0.614327 0.905191 0.776288 0.978283
0.597811 0.802422 0.510194 0.561892 0.678541 0.725103 0.413861 0.497720 0.000000 0.454372 0.593053 0.620187 0.578607 0.794435 0.612011 0.640524 0.661572 0.672316 0.697985 0.711648 0.892412 0.970925 0.673832 0.962036 0.983867 0.832874 0.921669 0.961827 0.532398 0.606947 0.797014 0.971007 0.648524 0.554765 0.623429 0.958592 0.748899 0.778749 0.856207 0.985986 0.898032 0.769040 0.631716 0.608690 0.582367 0.610582 0.720985 0.648701 0.846269 0.857334 0.670145 0.638542 0.589115 0.653587 0.691309 0.692384 0.970427 0.851537 0.442982 0.689194 0.499177 0.658604 0.576215 0.602793 0.563655 0.770232 0.520854 0.621381 0.852891 0.907753 0.484189 0.611143 0.697272 0.760127 0.867201 0.797486 0.466153 0.649709 0.688194 0.979093 0.629401 0.843989 0.908216 0.775909 0.739643 0.935813 0.905732 0.809777 0.708615 0.810261 0.496388 0.466657 0.513010 0.456889 0.730654 0.996843 0.548171 0.770164 0.479699 0.483868 0.704457 0.665219 0.591439 0.668028 0.528931 0.464418 0.698894 0.619591 0.754546 0.824571 0.755767 0.751243 0.618293 0.760702 0.814311 0.874687
0.685476 0.778818 0.853204 0.859943 0.670654 0.788688 0.579103 0.541081 0.454372 0.000000 0.633205 0.598495 0.771775 0.890038 0.789742 0.890572 0.555188 0.556763 0.781906 0.794845 0.836519 0.980281 0.975502 0.679437 0.658110 0.769381 0.838523 0.890083 0.494378 0.599910 0.899155 0.793294 0.867209 0.696271 0.732190 0.945201 0.994248 0.995200 0.890510 0.939875 0.819435 0.741422 0.673605 0.620969 0.587613 0.590373 0.852956 0.833274 0.728634 0.789220 0.651395 0.635711 0.646803 0.709659 0.992109 0.850786 0.800156 0.759078 0.502177 0.823342 0.727567 0.759591 0.601681 0.533791 0.981922 0.975560 0.652853 0.765564 0.910227 0.912263 0.492907 0.628601 0.753452 0.685458 0.989976 0.878661 0.495967 0.653085 0.742067 0.873502 0.647063 0.950463 0.961812 0.840080 0.960619 0.741648 0.885492 0.592743 0.990310 0.874427 0.437591 0.408622 0.425423 0.444797 0.804621 0.870952 0.578263 0.677877 0.386803 0.484654 0.616904 0.611333 0.383369 0.546493 0.563317 0.555008 0.847123 0.546689 0.781538 0.743875 0.687282 0.708272 0.532284 0.816067 0.804282 0.774935
0.348895 0.673122 0.607162 0.532760 0.833264 0.656733 0.398357 0.362575 0.593053 0.633205 0.000000 0.291335 0.299170 0.392305 0.755605 0.695576 0.510525 0.490954 0.398566 0.435445 0.919548 0.844006 0.719893 0.820945 0.821825 0.964479 0.835170 0.933128 0.415806 0.463296 0.812061 0.782431 0.458708 0.369553 0.622855 0.973217 0.945221 0.950643 0.944287 0.942132 0.927324 0.919347 0.763982 0.716511 0.771023 0.777428 0.591138 0.668182 0.993923 0.987881 0.968193 0.937600 0.969639 0.845318 0.795950 0.821094 0.660483 0.721084 0.432658 0.592879 0.355331 0.475032 0.279211 0.402587 0.670327 0.575622 0.507882 0.506920 0.909903 0.975329 0.654674 0.809499 0.986696 0.828601 0.817564 0.934443 0.688069 0.840242 0.736998 0.853205 0.467469 0.560096 0.906948 0.738619 0.587286 0.784403 0.996657 0.952040 0.752642 0.779141 0.769902 0.821212 0.810890 0.826767 0.835676 0.742868 0.818870 0.818611 0.582088 0.569938 0.569604 0.675739 0.656841 0.649777 0.557459 0.670528 0.984241 0.861774 0.781227 0.908748 0.886362 0.888623 0.743659 0.788512 0.905824 0.857730
0.263105 0.455222 0.725932 0.624485 0.791400 0.675188 0.464923 0.345346 0.620187 0.598495 0.291335 0.000000 0.376373 0.406064 0.733040 0.682232 0.334367 0.339186 0.490871 0.404028 0.962100 0.990148 0.788035 0.909821 0.724579 0.907756 0.878656 0.895949 0.311204 0.347217 0.901564 0.929998 0.443151 0.395742 0.682134 0.991860 0.930243 0.979686 0.905467 0.927978 0.838789 0.860054 0.734963 0.700978 0.647623 0.660138 0.607873 0.615856 0.866249 0.899783 0.914716 0.887573 0.958044 0.907523 0.822610 0.769969 0.443060 0.485796 0.334474 0.423859 0.310681 0.285409 0.259936 0.255290 0.718810 0.512957 0.514500 0.493181 0.766603 0.727773 0.678715 0.765434 0.929886 0.754185 0.815746 0.904236 0.634102 0.775335 0.642094 0.815744 0.358268 0.548446 0.783398 0.637213 0.619985 0.784556 0.935155 0.914819 0.747460 0.703399 0.722376 0.840238 0.774925 0.823889 0.791075 0.826980 0.698168 0.734856 0.478689 0.491638 0.626423 0.719401 0.568558 0.629640 0.526154 0.591498 0.998862 0.768634 0.687292 0.790952 0.745109 0.699327 0.729248 0.914745 0.782980 0.975124
0.329208 0.653233 0.446423 0.421540 0.734861 0.733971 0.344924 0.362540 0.578607 0.771775 0.299170 0.376373 0.000000 0.273108 0.472606 0.486397 0.619417 0.573371 0.380007 0.422622 0.791118 0.953546 0.427256 0.588099 0.968839 0.851650 0.990014 0.965136 0.489052 0.504546 0.631513 0.653594 0.327470 0.302382 0.524354 0.885621 0.807391 0.871455 0.984651 0.964311 0.864917 0.962785 0.672292 0.692150 0.830916 0.870434 0.558697 0.595083 0.801756 0.872627 0.956810 0.998998 0.984614 0.947407 0.752246 0.835989 0.675573 0.742092 0.375859 0.529165 0.248302 0.485132 0.272412 0.461754 0.446578 0.415920 0.427498 0.444368 0.843407 0.893886 0.578258 0.706340 0.927696 0.874254 0.806462 0.835931 0.697390 0.737822 0.808993 0.774493 0.533243 0.631524 0.688015 0.849018 0.365471 0.554845 0.815666 0.975351 0.663486 0.704503 0.740738 0.845582 0.859404 0.779983 0.847583 0.743246 0.826201 0.835886 0.617233 0.614382 0.616447 0.705222 0.723430 0.690829 0.553251 0.556837 0.922119 0.780576 0.718785 0.938346 0.979213 0.877213 0.811800 0.925191 0.841044 0.897438
0.377985 0.604864 0.524315 0.423769 0.826439 0.822411 0.427697 0.386586 0.794435 0.890038 0.392305 0.406064 0.273108 0.000000 0.520410 0.496195 0.703623 0.571031 0.353733 0.426127 0.857990 0.987902 0.412629 0.504405 0.927991 0.838545 0.976220 0.907546 0.569558 0.528576 0.570721 0.564953 0.266154 0.327979 0.532282 0.749935 0.729244 0.951458 0.861448 0.949538 0.878315 0.921941 0.742349 0.790151 0.881079 0.924857 0.655412 0.678715 0.739855 0.810184 0.927504 0.922809 0.919456 0.844568 0.911931 0.911360 0.583527 0.675322 0.463939 0.543011 0.320687 0.493673 0.342215 0.524899 0.494466 0.339003 0.445076 0.366915 0.966970 0.864349 0.659465 0.626170 0.984725 0.862812 0.749126 0.807061 0.800099 0.780943 0.767130 0.680674 0.601595 0.691783 0.573078 0.847719 0.355829 0.481334 0.749339 0.890621 0.659507 0.629184 0.789731 0.997969 0.870628 0.935425 0.915112 0.708249 0.872876 0.880559 0.696404 0.670202 0.580709 0.758716 0.801680 0.836117 0.590013 0.652022 0.933091 0.867549 0.707943 0.940589 0.888258 0.924368 0.938831 0.819829 0.864284 0.903408
0.610779 0.818662 0.445659 0.487257 0.723066 0.911505 0.494445 0.605944 0.612011 0.789742 0.755605 0.733040 0.472606 0.520410 0.000000 0.404941 0.853108 0.764860 0.650180 0.714697 0.617443 0.888354 0.347452 0.614031 0.723910 0.676601 0.843984 0.819506 0.730039 0.717820 0.536954 0.721188 0.478183 0.514325 0.518543 0.747995 0.536911 0.708203 0.908725 0.978868 0.798972 0.960456 0.715243 0.838852 0.771763 0.866573 0.765056 0.691025 0.771266 0.931351 0.827223 0.770495 0.767594 0.738399 0.852460 0.845648 0.880896 0.878479 0.530906 0.696960 0.450393 0.732890 0.593227 0.691240 0.398382 0.550278 0.473042 0.529249 0.853215 0.852655 0.506107 0.482919 0.844213 0.895415 0.907344 0.953916 0.707378 0.718103 0.753010 0.865263 0.782202 0.934470 0.566643 0.829023 0.414610 0.569687 0.681518 0.975475 0.770143 0.722305 0.637543 0.731292 0.729746 0.636169 0.786085 0.815556 0.797981 0.847446 0.674357 0.721696 0.829361 0.866970 0.747376 0.831222 0.611668 0.534695 0.709773 0.634948 0.678337 0.999608 0.864741 0.853350 0.969897 0.823225 0.792829 0.982370
0.551285 0.660756 0.409556 0.445863 0.895571 0.842093 0.473963 0.555567 0.640524 0.890572 0.695576 0.682232 0.486397 0.496195 0.404941 0.000000 0.749417 0.575660 0.555598 0.556186 0.594411 0.995896 0.350433 0.502142 0.613385 0.471709 0.849920 0.909513 0.573042 0.532291 0.419748 0.499745 0.393602 0.463939 0.544339 0.619568 0.428728 0.684665 0.995371 0.925614 0.840250 0.995514 0.706083 0.759322 0.710877 0.736466 0.682901 0.673144 0.877199 0.937272 0.765915 0.765045 0.808444 0.792005 0.714309 0.841005 0.752696 0.738830 0.640961 0.765553 0.478221 0.606812 0.616059 0.689407 0.409663 0.438988 0.490908 0.508559 0.809015 0.840920 0.568126 0.556610 0.797592 0.729130 0.762474 0.946608 0.721026 0.764140 0.611779 0.619639 0.550927 0.663362 0.574955 0.771884 0.383983 0.442559 0.810633 0.908710 0.747990 0.702689 0.637404 0.872904 0.720969 0.730542 0.676927 0.851869 0.679680 0.837928 0.699016 0.736727 0.762536 0.850089 0.801871 0.930484 0.613455 0.726793 0.837798 0.773524 0.753673 0.918927 0.882749 0.861308 0.961375 0.922775 0.854237 0.933149
0.384179 0.339043 0.819125 0.758157 0.786167 0.773175 0.607631 0.476460 0.661572 0.555188 0.510525 0.334367 0.619417 0.703623 0.853108 0.749417 0.000000 0.287400 0.644799 0.491122 0.955601 0.995564 0.903724 0.970742 0.830110 0.927015 0.930844 0.795543 0.333302 0.371540 0.922221 0.979423 0.586422 0.507745 0.780508 0.958377 0.856931 0.929423 0.975151 0.844333 0.725024 0.829555 0.720243 0.644049 0.569395 0.532999 0.660342 0.698190 0.697291 0.750878 0.704735 0.736125 0.872941 0.990200 0.774687 0.713587 0.378630 0.309849 0.471202 0.498405 0.516014 0.367348 0.424944 0.315228 0.828083 0.647529 0.600550 0.586965 0.613599 0.733915 0.689659 0.839852 0.858224 0.721274 0.833075 0.856184 0.668938 0.787244 0.673362 0.909378 0.287555 0.496977 0.803683 0.479071 0.733748 0.838026 0.957274 0.860996 0.827020 0.753109 0.750826 0.823467 0.752584 0.846984 0.558708 0.962143 0.572462 0.578331 0.510652 0.514014 0.715348 0.810307 0.538436 0.632931 0.515757 0.654907 0.991262 0.646265 0.788729 0.784401 0.730521 0.601829 0.696011 0.882284 0.721244 0.934266
0.399347 0.407403 0.735037 0.662321 0.856966 0.709293 0.507543 0.410007 0.672316 0.556763 0.490954 0.339186 0.573371 0.571031 0.764860 0.575660 0.287400 0.000000 0.548042 0.425285 0.989451 0.906876 0.803241 0.917206 0.932676 0.908548 0.980484 0.895470 0.311833 0.299344 0.779602 0.781283 0.494703 0.458092 0.718862 0.794340 0.723199 0.860168 0.977767 0.888286 0.779160 0.817147 0.682134 0.631734 0.522685 0.515950 0.665438 0.676919 0.795399 0.777657 0.687433 0.733688 0.830784 0.918532 0.746623 0.823651 0.365510 0.367740 0.526982 0.631916 0.514044 0.415207 0.428150 0.333728 0.761686 0.552791 0.505331 0.500690 0.638515 0.730702 0.627086 0.703407 0.777029 0.625783 0.861728 0.854595 0.642092 0.722016 0.541854 0.749947 0.248807 0.447813 0.670025 0.558157 0.690312 0.722675 0.998488 0.889202 0.787885 0.780439 0.631205 0.781918 0.618258 0.804258 0.671581 0.893432 0.546049 0.679706 0.479527 0.498784 0.594723 0.739124 0.490598 0.652227 0.474982 0.673762 0.953106 0.704102 0.772525 0.758457 0.777264 0.650930 0.781102 0.896538 0.777526 0.988918
0.384303 0.561725 0.382225 0.284409 0.863717 0.629536 0.276578 0.266871 0.697985 0.781906 0.398566 0.490871 0.380007 0.353733 0.650180 0.555598 0.644799 0.548042 0.000000 0.339629 0.912624 0.926909 0.443254 0.511238 0.820851 0.683772 0.942151 0.849123 0.540279 0.664035 0.484965 0.530451 0.273034 0.259888 0.426011 0.712412 0.672595 0.915902 0.891725 0.918478 0.794977 0.950401 0.467843 0.511505 0.576753 0.626767 0.439950 0.483696 0.945438 0.896147 0.807336 0.862043 0.855594 0.948408 0.657870 0.732277 0.580517 0.698396 0.509198 0.693422 0.456801 0.584835 0.493813 0.687819 0.486120 0.389913 0.331150 0.314516 0.791007 0.825478 0.485668 0.562123 0.768541 0.654905 0.721625 0.827608 0.590688 0.639704 0.741477 0.781524 0.615367 0.591305 0.639387 0.822628 0.418016 0.519760 0.843762 0.838216 0.687185 0.695769 0.580738 0.767995 0.676859 0.787214 0.832380 0.697137 0.699195 0.810588 0.503773 0.459574 0.568053 0.616465 0.642088 0.638836 0.561099 0.641576 0.966350 0.694217 0.685010 0.986955 0.885942 0.759534 0.689160 0.999328 0.934944 0.899089
0.334247 0.416521 0.561589 0.435446 0.944191 0.682350 0.400979 0.330481 0.711648 0.794845 0.435445 0.404028 0.422622 0.426127 0.714697 0.556186 0.491122 0.425285 0.339629 0.000000 0.883908 0.957545 0.618749 0.607130 0.895607 0.769709 0.931543 0.902595 0.396555 0.567625 0.645336 0.581332 0.328732 0.356124 0.650907 0.778467 0.734823 0.985609 0.934451 0.951168 0.814565 0.954736 0.546180 0.569335 0.597776 0.598169 0.477078 0.513995 0.851204 0.791218 0.790752 0.831655 0.921354 0.990887 0.676267 0.684678 0.465934 0.516567 0.497843 0.609672 0.482463 0.465093 0.472817 0.576436 0.590715 0.436435 0.484728 0.443599 0.632430 0.716519 0.588544 0.729433 0.756145 0.645617 0.747724 0.721019 0.613575 0.741669 0.666606 0.747050 0.454713 0.407014 0.584386 0.722068 0.466538 0.557466 0.814472 0.814192 0.786769 0.675633 0.704662 0.885918 0.786257 0.893946 0.724798 0.960094 0.684266 0.740504 0.549072 0.470568 0.657513 0.655792 0.564133 0.667753 0.499599 0.685781 0.973313 0.792433 0.715303 0.934907 0.899642 0.715450 0.718580 0.968338 0.819990 0.942269
0.944853 0.961053 0.707919 0.768426 0.998763 0.892338 0.848475 0.970598 0.892412 0.836519 0.919548 0.962100 0.791118 0.857990 0.617443 0.594411 0.955601 0.989451 0.912624 0.883908 0.000000 0.922290 0.623472 0.682293 0.651683 0.594233 0.759186 0.925612 0.955928 0.960127 0.724784 0.842053 0.769606 0.859776 0.865526 0.782729 0.598646 0.633558 0.971200 0.883993 0.796903 0.959907 0.891835 0.994942 0.939715 0.995656 0.874487 0.935376 0.813470 0.944236 0.934922 0.946659 0.939805 0.770851 0.871008 0.904650 0.980376 0.990053 0.901239 0.895523 0.814278 0.919709 0.977376 0.948846 0.605908 0.713641 0.770561 0.799580 0.808737 0.992769 0.761020 0.792765 0.964527 0.979461 0.985171 0.893669 0.935798 0.768210 0.971573 0.784933 0.949859 0.993007 0.721762 0.972110 0.692672 0.672347 0.616669 0.715979 0.887565 0.847021 0.873872 0.946666 0.983452 0.823101 0.881284 0.926569 0.955974 0.992934 0.950501 0.989482 0.978029 0.904746 0.983521 0.942359 0.935294 0.837317 0.878753 0.914007 0.941534 0.911593 0.851563 0.932246 0.812111 0.890660 0.836130 0.940388
0.978087 0.936712 0.924324 0.962400 0.985517 0.945705 0.977307 0.979484 0.970925 0.980281 0.844006 0.990148 0.953546 0.987902 0.888354 0.995896 0.995564 0.906876 0.926909 0.957545 0.922290 0.000000 0.938954 0.944972 0.884300 0.970901 0.761110 0.910979 0.991372 0.945497 0.928844 0.935644 0.981032 0.993936 0.946244 0.967230 0.913139 0.931356 0.991632 0.912738 0.800820 0.935665 0.977736 0.991157 0.880568 0.958479 0.967016 0.969722 0.968511 0.967211 0.782102 0.821477 0.900076 0.820345 0.982085 0.965948 0.902512 0.931875 0.962769 0.925615 0.960299 0.964181 0.987561 0.923794 0.962805 0.948847 0.969844 0.962786 0.814130 0.853656 0.912083 0.931748 0.923084 0.917852 0.911452 0.919458 0.890846 0.780446 0.903937 0.939546 0.957748 0.977823 0.742875 0.974762 0.985783 0.865617 0.960112 0.964657 0.827382 0.801327 0.936433 0.924610 0.922374 0.991834 0.808500 0.909398 0.905955 0.972591 0.908019 0.883669 0.993172 0.855012 0.868707 0.995344 0.798989 0.898370 0.936183 0.974526 0.965556 0.938554 0.811210 0.920167 0.949451 0.932806 0.826000 0.928503
0.601608 0.763477 0.291808 0.302638 0.842394 0.877583 0.423678 0.523132 0.673832 0.975502 0.719893 0.788035 0.427256 0.412629 0.347452 0.350433 0.903724 0.803241 0.443254 0.618749 0.623472 0.938954 0.000000 0.300966 0.475547 0.465622 0.825962 0.821106 0.828724 0.744963 0.282838 0.395052 0.336175 0.383598 0.457526 0.658018 0.496030 0.770754 0.902175 0.939602 0.855871 0.868169 0.635203 0.730813 0.829863 0.880556 0.656058 0.612078 0.693715 0.867365 0.886225 0.861811 0.869846 0.819509 0.714902 0.824654 0.870909 0.868218 0.677130 0.768742 0.446101 0.709543 0.629327 0.823243 0.267037 0.361847 0.432874 0.418938 0.813544 0.899300 0.547339 0.505489 0.860875 0.850642 0.773154 0.874964 0.769644 0.632058 0.819610 0.726536 0.771796 0.808017 0.527791 0.904185 0.279327 0.341584 0.779669 0.791809 0.623344 0.509990 0.710671 0.877971 0.799713 0.793934 0.776083 0.763755 0.797686 0.902539 0.773916 0.717396 0.791632 0.816494 0.934570 0.907153 0.684164 0.613416 0.918100 0.740703 0.826149 0.914921 0.920557 0.988137 0.993085 0.940610 0.855592 0.966421
0.771290 0.794048 0.420496 0.350430 0.898289 0.907732 0.602368 0.654988 0.962036 0.679437 0.820945 0.909821 0.588099 0.504405 0.614031 0.502142 0.970742 0.917206 0.511238 0.607130 0.682293 0.944972 0.300966 0.000000 0.393394 0.418207 0.786791 0.763328 0.965997 0.887735 0.325372 0.317548 0.446729 0.538176 0.659358 0.670910 0.624796 0.825529 0.831834 0.912616 0.967095 0.761623 0.736044 0.838222 0.913801 0.963452 0.708815 0.687664 0.739161 0.896632 0.971835 0.955341 0.949075 0.984963 0.689264 0.860469 0.878266 0.948986 0.934243 0.912563 0.641942 0.773858 0.837359 0.973715 0.401016 0.356620 0.619364 0.516491 0.829898 0.991705 0.797815 0.757178 0.950064 0.919821 0.744390 0.829460 0.982624 0.811669 0.847954 0.660444 0.880710 0.697533 0.507773 0.923679 0.357258 0.270821 0.732877 0.526713 0.676105 0.534896 0.967764 0.847051 0.931757 0.879272 0.818637 0.857835 0.944751 0.974850 0.982327 0.888555 0.939409 0.991947 0.871057 0.939435 0.846103 0.884934 0.916397 0.919382 0.885935 0.847529 0.991967 0.948495 0.863971 0.958273 0.898401 0.849698
0.960566 0.952072 0.516082 0.555683 0.929977 0.909319 0.817532 0.928968 0.983867 0.658110 0.821825 0.724579 0.968839 0.927991 0.723910 0.613385 0.830110 0.932676 0.820851 0.895607 0.651683 0.884300 0.475547 0.393394 0.000000 0.292769 0.690055 0.856183 0.820892 0.960002 0.369544 0.481085 0.722727 0.813036 0.730272 0.653571 0.482738 0.645668 0.775720 0.977554 0.946257 0.857059 0.867764 0.966696 0.928017 0.986980 0.860534 0.867656 0.846900 0.994777 0.803964 0.967934 0.956176 0.842118 0.697497 0.863677 0.924051 0.975277 0.804290 0.835001 0.973141 0.943328 0.856848 0.768133 0.500535 0.648566 0.785872 0.769285 0.721907 0.931053 0.820807 0.813404 0.907130 0.985670 0.930605 0.980149 0.969626 0.808810 0.970051 0.791523 0.981295 0.779684 0.562964 0.885574 0.573519 0.412383 0.893372 0.646215 0.757454 0.597812 0.991371 0.861252 0.991555 0.892996 0.799111 0.917435 0.846820 0.993244 0.885485 0.951505 0.842840 0.855473 0.841147 0.791015 0.990390 0.964579 0.931751 0.994003 0.990476 0.928876 0.969943 0.871035 0.752266 0.922171 0.954634 0.789903
0.888715 0.849821 0.405690 0.450951 0.881852 0.912624 0.636585 0.767135 0.832874 0.769381 0.964479 0.907756 0.851650 0.838545 0.676601 0.471709 0.927015 0.908548 0.683772 0.769709 0.594233 0.970901 0.465622 0.418207 0.292769 0.000000 0.837240 0.851309 0.987579 0.967113 0.361372 0.441409 0.620942 0.725585 0.713586 0.559565 0.421967 0.625670 0.943041 0.944721 0.931854 0.924652 0.655242 0.778767 0.705335 0.735764 0.709475 0.675180 0.960223 0.811484 0.677689 0.790212 0.769407 0.709454 0.548776 0.831160 0.983192 0.991695 0.978836 0.905398 0.851226 0.939716 0.909853 0.819058 0.431345 0.579935 0.652806 0.669888 0.727475 0.991856 0.731065 0.693033 0.720246 0.792114 0.969793 0.985168 0.803168 0.746779 0.830957 0.765423 0.903195 0.732067 0.592823 0.840430 0.543554 0.433057 0.839707 0.718068 0.805580 0.697541 0.788763 0.957115 0.824400 0.891331 0.789940 0.888956 0.740106 0.964715 0.943313 0.906456 0.965955 0.983033 0.960327 0.948237 0.890676 0.923827 0.895705 0.914162 0.864356 0.978284 0.985809 0.974194 0.923002 0.879869 0.951396 0.891309
0.916735 0.979002 0.939331 0.931202 0.949925 0.963359 0.930366 0.875436 0.921669 0.838523 0.835170 0.878656 0.990014 0.976220 0.843984 0.849920 0.930844 0.980484 0.942151 0.931543 0.759186 0.761110 0.825962 0.786791 0.690055 0.837240 0.000000 0.820337 0.791839 0.941192 0.833456 0.910699 0.937201 0.996876 0.984592 0.780745 0.827981 0.817594 0.861657 0.966624 0.789054 0.974419 0.895881 0.885120 0.881051 0.800972 0.896644 0.828299 0.720288 0.817771 0.956150 0.932959 0.831599 0.938314 0.983063 0.893699 0.980149 0.990461 0.921131 0.968203 0.989010 0.934765 0.985118 0.971913 0.863432 0.826641 0.929765 0.894999 0.934287 0.944431 0.997483 0.957579 0.784597 0.842211 0.936733 0.932691 0.967273 0.901372 0.984740 0.961904 0.955830 0.984191 0.812000 0.817918 0.857950 0.754592 0.936748 0.993847 0.815120 0.847421 0.927942 0.878550 0.940399 0.952729 0.845552 0.985414 0.968990 0.897562 0.976046 0.936736 0.813158 0.826809 0.933080 0.923828 0.966269 0.980443 0.941645 0.962867 0.943278 0.802356 0.888931 0.939615 0.817890 0.896569 0.852715 0.892121
0.982173 0.891417 0.846840 0.803637 0.909083 0.792396 0.896140 0.958075 0.961827 0.890083 0.933128 0.895949 0.965136 0.907546 0.819506 0.909513 0.795543 0.895470 0.849123 0.902595 0.925612 0.910979 0.821106 0.763328 0.856183 0.851309 0.820337 0.000000 0.859782 0.810333 0.761195 0.865726 0.863331 0.966959 0.856365 0.922287 0.860004 0.936208 0.917541 0.932240 0.995305 0.876375 0.904417 0.931427 0.997322 0.935855 0.950051 0.992344 0.825323 0.902057 0.984381 0.961573 0.979125 0.942440 0.981143 0.914976 0.933716 0.802005 0.999615 0.887898 0.986263 0.848958 0.904174 0.769948 0.865885 0.854169 0.848636 0.829590 0.929749 0.903775 0.947664 0.837788 0.933475 0.955132 0.972409 0.886954 0.991682 0.997949 0.972971 0.945291 0.858002 0.927273 0.977289 0.787468 0.867019 0.808065 0.969699 0.900726 0.953882 0.903021 0.850467 0.881235 0.902427 0.927567 0.861758 0.869295 0.926205 0.967058 0.980242 0.984539 0.986351 0.877184 0.987371 0.965613 0.957294 0.988257 0.977396 0.985271 0.942618 0.715973 0.920270 0.895924 0.984481 0.915659 0.859402 0.924273
0.367255 0.451463 0.665028 0.637296 0.798170 0.764822 0.450196 0.354328 0.532398 0.494378 0.415806 0.311204 0.489052 0.569558 0.730039 0.573042 0.333302 0.311833 0.540279 0.396555 0.955928 0.991372 0.828724 0.965997 0.820892 0.987579 0.791839 0.859782 0.000000 0.373670 0.845003 0.907927 0.494911 0.464645 0.681137 0.984592 0.825661 0.955578 0.907738 0.907445 0.821696 0.850855 0.643167 0.597195 0.526828 0.484539 0.627198 0.572061 0.667355 0.683983 0.723486 0.712338 0.775363 0.913269 0.737975 0.653235 0.492321 0.474644 0.399319 0.562335 0.432074 0.383347 0.389046 0.355871 0.737441 0.640915 0.555169 0.584602 0.732141 0.693934 0.614523 0.714445 0.712173 0.605557 0.802222 0.837786 0.593800 0.794588 0.556203 0.852913 0.366201 0.501303 0.760601 0.571773 0.657792 0.841689 0.893881 0.879409 0.827121 0.873744 0.634383 0.756505 0.704302 0.756152 0.693820 0.921826 0.513753 0.770632 0.469573 0.480902 0.589059 0.747498 0.496855 0.657567 0.461425 0.627580 0.867511 0.713939 0.585373 0.689545 0.701809 0.682891 0.602349 0.858755 0.835500 0.956644
0.455712 0.527611 0.742253 0.706059 0.825005 0.857774 0.584054 0.511661 0.606947 0.599910 0.463296 0.347217 0.504546 0.528576 0.717820 0.532291 0.371540 0.299344 0.664035 0.567625 0.960127 0.945497 0.744963 0.887735 0.960002 0.967113 0.941192 0.810333 0.373670 0.000000 0.832072 0.879675 0.550791 0.498775 0.773008 0.968883 0.791952 0.816481 0.986345 0.820284 0.896834 0.860577 0.926347 0.838617 0.759939 0.755783 0.827736 0.802773 0.984615 0.985003 0.886834 0.903484 0.968679 0.944028 0.879115 0.906291 0.534250 0.487042 0.560028 0.608891 0.451957 0.385461 0.342553 0.260927 0.742269 0.597515 0.640527 0.606410 0.773955 0.905177 0.708176 0.849529 0.989456 0.869988 0.819054 0.979068 0.741159 0.787876 0.622252 0.711414 0.276912 0.516246 0.711470 0.520056 0.654298 0.730553 0.919556 0.872673 0.759902 0.722177 0.779095 0.933265 0.780586 0.877944 0.733057 0.878744 0.673273 0.818044 0.636153 0.694219 0.705303 0.906198 0.706273 0.854157 0.584078 0.734172 0.969908 0.855207 0.865841 0.794932 0.780200 0.732544 0.911677 0.969924 0.786398 0.995740
0.717210 0.763301 0.327356 0.345290 0.957360 0.914876 0.498444 0.565452 0.797014 0.899155 0.812061 0.901564 0.631513 0.570721 0.536954 0.419748 0.922221 0.779602 0.484965 0.645336 0.724784 0.928844 0.282838 0.325372 0.369544 0.361372 0.833456 0.761195 0.845003 0.832072 0.000000 0.322937 0.400759 0.511050 0.506204 0.691708 0.470557 0.714247 0.933683 0.926563 0.826563 0.972003 0.659699 0.733325 0.752723 0.794857 0.736226 0.707207 0.834470 0.981780 0.858234 0.929157 0.899989 0.895019 0.702620 0.811108 0.803517 0.815662 0.845162 0.946362 0.608623 0.778910 0.800378 0.946875 0.379044 0.458359 0.526271 0.506891 0.731253 0.845908 0.651014 0.535310 0.751251 0.737414 0.800171 0.912537 0.868334 0.768872 0.756191 0.642628 0.802273 0.702179 0.551789 0.861628 0.402154 0.386774 0.806816 0.764186 0.726720 0.575047 0.764096 0.964397 0.812140 0.928874 0.702561 0.838531 0.699701 0.855297 0.892723 0.770826 0.842272 0.817818 0.978844 0.995900 0.684679 0.738803 0.946529 0.832918 0.863809 0.976179 0.922450 0.959670 0.953061 0.954297 0.907049 0.878691
0.768698 0.809705 0.469759 0.450666 0.910414 0.890818 0.594681 0.650463 0.971007 0.793294 0.782431 0.929998 0.653594 0.564953 0.721188 0.499745 0.979423 0.781283 0.530451 0.581332 0.842053 0.935644 0.395052 0.317548 0.481085 0.441409 0.910699 0.865726 0.907927 0.879675 0.322937 0.000000 0.481608 0.556604 0.694314 0.651723 0.635054 0.918173 0.793155 0.894083 0.955558 0.814603 0.724141 0.735610 0.871772 0.868303 0.746049 0.723933 0.826738 0.950082 0.948881 0.973504 0.968229 0.983632 0.731078 0.968858 0.817067 0.878958 0.965518 0.953523 0.723661 0.851892 0.849409 0.979573 0.512014 0.484309 0.638710 0.562651 0.862082 0.998391 0.841096 0.739085 0.799724 0.777992 0.829062 0.817841 0.985489 0.812718 0.808316 0.633395 0.822842 0.670583 0.627346 0.949253 0.482123 0.398077 0.843860 0.695703 0.870516 0.739669 0.896853 0.901427 0.935626 0.953300 0.791413 0.849668 0.930916 0.974081 0.969957 0.874780 0.810343 0.822404 0.973654 0.987619 0.821763 0.939394 0.943392 0.988634 0.933234 0.895204 0.938314 0.927274 0.906335 0.944244 0.921646 0.827289
0.332707 0.459428 0.380643 0.303616 0.816841 0.711004 0.316001 0.294868 0.648524 0.867209 0.458708 0.443151 0.327470 0.266154 0.478183 0.393602 0.586422 0.494703 0.273034 0.328732 0.769606 0.981032 0.336175 0.446729 0.722727 0.620942 0.937201 0.863331 0.494911 0.550791 0.400759 0.481608 0.000000 0.267600 0.456279 0.699043 0.549948 0.812100 0.887200 0.980583 0.796664 0.947660 0.555124 0.618111 0.638939 0.680259 0.504634 0.538100 0.925190 0.987638 0.844295 0.880339 0.933451 0.999410 0.740137 0.709056 0.515184 0.552808 0.447847 0.546576 0.298990 0.435325 0.390484 0.550209 0.331502 0.263721 0.325878 0.287377 0.737797 0.750931 0.535164 0.535751 0.801112 0.723861 0.711387 0.809125 0.637548 0.661027 0.653319 0.685573 0.500216 0.546734 0.514432 0.722295 0.277401 0.366799 0.821377 0.846078 0.654197 0.547030 0.666277 0.905190 0.749232 0.864189 0.763952 0.717477 0.681782 0.758094 0.560826 0.522108 0.676663 0.696024 0.707814 0.770763 0.507400 0.573215 0.940419 0.729763 0.692189 0.909944 0.837304 0.788839 0.815991 0.953322 0.859038 0.892386
0.287627 0.470163 0.345382 0.299690 0.786231 0.659866 0.260391 0.255457 0.554765 0.696271 0.369553 0.395742 0.302382 0.327979 0.514325 0.463939 0.507745 0.458092 0.259888 0.356124 0.859776 0.993936 0.383598 0.538176 0.813036 0.725585 0.996876 0.966959 0.464645 0.498775 0.511050 0.556604 0.267600 0.000000 0.420221 0.781874 0.618275 0.844506 0.854710 0.974568 0.808654 0.994418 0.493074 0.503890 0.574459 0.610484 0.447251 0.475552 0.966233 0.898608 0.753084 0.767140 0.827009 0.892150 0.654696 0.763963 0.541471 0.586566 0.401223 0.548031 0.314430 0.463794 0.365339 0.494097 0.407151 0.330117 0.291030 0.262693 0.663710 0.810033 0.446467 0.546186 0.809628 0.685770 0.733845 0.826820 0.597448 0.578202 0.664778 0.741052 0.466245 0.527306 0.532734 0.688222 0.359771 0.466763 0.874648 0.891020 0.548397 0.588699 0.579134 0.750429 0.641992 0.736135 0.711070 0.775803 0.651966 0.796245 0.448117 0.438553 0.598328 0.649926 0.569191 0.593766 0.458708 0.539023 0.948731 0.621826 0.656963 0.877644 0.788880 0.704939 0.738827 0.969788 0.778552 0.895305
0.529085 0.741483 0.398292 0.402687 0.683670 0.784668 0.390996 0.440483 0.623429 0.732190 0.622855 0.682134 0.524354 0.532282 0.518543 0.544339 0.780508 0.718862 0.426011 0.650907 0.865526 0.946244 0.457526 0.659358 0.730272 0.713586 0.984592 0.856365 0.681137 0.773008 0.506204 0.694314 0.456279 0.420221 0.000000 0.782535 0.628640 0.778858 0.928454 0.979024 0.807865 0.806457 0.519927 0.599651 0.594717 0.680806 0.538410 0.564655 0.995259 0.879116 0.686827 0.733597 0.687588 0.750753 0.666941 0.689001 0.812476 0.849585 0.546659 0.760354 0.505859 0.724315 0.637257 0.749929 0.398998 0.491599 0.322244 0.421784 0.828830 0.905647 0.438201 0.507392 0.734530 0.700973 0.988894 0.884684 0.609076 0.589899 0.768882 0.896443 0.722159 0.760648 0.691487 0.842861 0.471315 0.574566 0.800668 0.995874 0.683637 0.700644 0.460403 0.646349 0.565472 0.573633 0.733003 0.689453 0.629946 0.700049 0.550945 0.545071 0.657421 0.679101 0.637829 0.728214 0.648834 0.508779 0.973041 0.569629 0.606302 0.806635 0.754334 0.876649 0.783384 0.884774 0.879104 0.891299
0.856673 0.822507 0.737079 0.687492 0.998299 0.935291 0.761910 0.795537 0.958592 0.945201 0.973217 0.991860 0.885621 0.749935 0.747995 0.619568 0.958377 0.794340 0.712412 0.778467 0.782729 0.967230 0.658018 0.670910 0.653571 0.559565 0.780745 0.922287 0.984592 0.968883 0.691708 0.651723 0.699043 0.781874 0.782535 0.000000 0.504765 0.768958 0.883464 0.928665 0.739638 0.956353 0.711845 0.851995 0.774835 0.858581 0.795064 0.804111 0.946104 0.919810 0.697464 0.775860 0.799122 0.744493 0.800274 0.922990 0.854279 0.872853 0.949021 0.947240 0.925541 0.957526 0.959593 0.975123 0.703606 0.657099 0.640632 0.611523 0.969223 0.850021 0.708189 0.649408 0.840797 0.840880 0.992904 0.988036 0.729542 0.877429 0.938950 0.986615 0.851063 0.904758 0.652389 0.959027 0.663901 0.615566 0.942763 0.871420 0.857243 0.783047 0.728328 0.882093 0.710246 0.823472 0.870068 0.737221 0.860960 0.707408 0.808409 0.852123 0.817996 0.852811 0.810760 0.895289 0.842722 0.931739 0.937830 0.779221 0.854713 0.936402 0.916987 0.859726 0.967067 0.958689 0.900883 0.955897
0.724207 0.770173 0.475482 0.551814 0.903364 0.894792 0.623989 0.713288 0.748899 0.994248 0.945221 0.930243 0.807391 0.729244 0.536911 0.428728 0.856931 0.723199 0.672595 0.734823 0.598646 0.913139 0.496030 0.624796 0.482738 0.421967 0.827981 0.860004 0.825661 0.791952 0.470557 0.635054 0.549948 0.618275 0.628640 0.504765 0.000000 0.540819 0.820145 0.932167 0.711365 0.960453 0.721773 0.817867 0.720001 0.770380 0.698425 0.732397 0.944923 0.864148 0.687336 0.736401 0.760604 0.727105 0.743641 0.764675 0.842250 0.791257 0.813323 0.932949 0.736338 0.849734 0.842343 0.900200 0.494590 0.602782 0.549112 0.530239 0.821614 0.874664 0.605970 0.543359 0.772143 0.776834 0.995741 0.959421 0.729550 0.798028 0.696909 0.851263 0.736860 0.811733 0.576018 0.774220 0.539484 0.535678 0.913306 0.908446 0.734909 0.624288 0.666227 0.806963 0.640259 0.777030 0.756258 0.909559 0.669687 0.837760 0.739193 0.762341 0.876505 0.922769 0.817906 0.971057 0.629131 0.797176 0.817555 0.630835 0.843829 0.983241 0.862939 0.813764 0.975543 0.849833 0.954755 0.908708
0.913892 0.978162 0.703294 0.784411 0.830874 0.990396 0.813131 0.915387 0.778749 0.995200 0.950643 0.979686 0.871455 0.951458 0.708203 0.684665 0.929423 0.860168 0.915902 0.985609 0.633558 0.931356 0.770754 0.825529 0.645668 0.625670 0.817594 0.936208 0.955578 0.816481 0.714247 0.918173 0.812100 0.844506 0.778858 0.768958 0.540819 0.000000 0.954805 0.896022 0.889069 0.908035 0.876174 0.939888 0.820621 0.902445 0.943660 0.939734 0.905285 0.994637 0.876202 0.922866 0.883347 0.850401 0.805899 0.934280 0.988183 0.956735 0.927899 0.963923 0.875097 0.975380 0.931630 0.931228 0.722450 0.812126 0.722687 0.788520 0.955591 0.995864 0.762537 0.786961 0.879645 0.998722 0.891972 0.893226 0.935934 0.978610 0.985171 0.970258 0.879017 0.913998 0.759456 0.840876 0.816393 0.778186 0.928669 0.939124 0.869353 0.971686 0.747470 0.854684 0.723614 0.801909 0.908466 0.955053 0.768680 0.908977 0.918486 0.968815 0.948899 0.979729 0.957091 0.965889 0.889407 0.911832 0.766966 0.799456 0.856704 0.941263 0.965925 0.894266 0.992057 0.688680 0.850947 0.863989
