0.000000 0.512583 0.853583 0.617575 0.906490 0.793786 0.674584 0.609182 0.823781 0.690830 0.536698 0.649975 0.940010 0.991219 0.904344 0.898861 0.464175 0.355174 0.541526 0.513206 0.962670 0.919216 0.863871 0.785901 0.909686 0.977043 0.916550 0.977550 0.721622 0.739189 0.959178 0.981020 0.522656 0.556761 0.836793 0.984775 0.581812 0.757814 0.913607 0.906158 0.704696 0.708389 0.856017 0.893496 0.799288 0.648799 0.593520 0.562401 0.609297 0.648733 0.784981 0.791573 0.867206 0.844993 0.558214 0.556043 0.394543 0.446756 0.387371 0.483783 0.654463 0.676649 0.471291 0.430008 0.829827 0.955011 0.707120 0.803538 0.621765 0.603476 0.880526 0.949298 0.980429 0.977099 0.896222 0.874645 0.954448 0.742989 0.801544 0.945793 0.437175 0.373653 0.810906 0.500461 0.676041 0.908977 0.936999 0.968385 0.819202 0.435891 0.797549 0.934916 0.890648 0.870675 0.735393 0.868019 0.654979 0.857369 0.611588 0.647952 0.861852 0.938598 0.452190 0.666815 0.767598 0.628957 0.889906 0.866392 0.982645 0.832428 0.957438 0.725519 0.754704 0.898636 0.861994 0.940369
0.512583 0.000000 0.792798 0.559659 0.870055 0.865643 0.714317 0.666031 0.977474 0.777588 0.754354 0.727507 0.959227 0.820464 0.987654 0.961810 0.579239 0.527680 0.531484 0.465503 0.982834 0.890777 0.905399 0.993012 0.998983 0.970287 0.909450 0.912569 0.825921 0.747993 0.845665 0.864603 0.643457 0.691911 0.921978 0.929032 0.722187 0.716027 0.866162 0.975088 0.727578 0.799426 0.694936 0.686407 0.658725 0.543558 0.705066 0.573661 0.488265 0.496342 0.595793 0.630641 0.673931 0.883009 0.706091 0.713021 0.437626 0.452767 0.538621 0.532919 0.888488 0.790680 0.769941 0.675877 0.945548 0.935435 0.765278 0.740255 0.614340 0.527141 0.660612 0.683966 0.857399 0.888098 0.851098 0.994109 0.824428 0.654149 0.940309 0.865757 0.700229 0.567569 0.828825 0.663936 0.749711 0.927418 0.963522 0.910208 0.899096 0.593923 0.700971 0.751408 0.762886 0.855782 0.790407 0.821638 0.572329 0.850667 0.595379 0.514495 0.842957 0.750415 0.556556 0.561321 0.674272 0.601169 0.925924 0.756462 0.966077 0.702122 0.985964 0.690359 0.631151 0.795351 0.807782 0.986884
0.853583 0.792798 0.000000 0.714662 0.997917 0.756844 0.666333 0.996232 0.739533 0.972382 0.981026 0.838584 0.901298 0.909686 0.966892 0.836757 0.928972 0.880539 0.872535 0.820416 0.926861 0.964155 0.905986 0.986242 0.810326 0.827416 0.903974 0.991429 0.966512 0.875662 0.857959 0.944234 0.803379 0.969277 0.798054 0.994700 0.641991 0.797774 0.972116 0.937126 0.835973 0.787792 0.953537 0.897724 0.891189 0.933607 0.970211 0.937703 0.891631 0.765639 0.744164 0.765479 0.736810 0.712483 0.968391 0.914691 0.745445 0.644458 0.769585 0.949754 0.985635 0.821191 0.976170 0.981117 0.723125 0.790505 0.721429 0.980170 0.730263 0.747216 0.897595 0.742541 0.921573 0.931810 0.812750 0.860512 0.906206 0.795279 0.845304 0.945849 0.988003 0.985628 0.829316 0.780815 0.867294 0.955451 0.884023 0.920568 0.876387 0.884313 0.765787 0.724598 0.715355 0.715551 0.870123 0.930193 0.816884 0.926032 0.864174 0.840579 0.936391 0.912602 0.881567 0.951284 0.852833 0.761508 0.837300 0.725959 0.896187 0.832772 0.916168 0.907182 0.814916 0.976911 0.884573 0.804940
0.617575 0.559659 0.714662 0.000000 0.844034 0.745323 0.713246 0.664128 0.956448 0.776653 0.777882 0.802085 0.959384 0.778501 0.911822 0.943246 0.743805 0.667057 0.520510 0.477847 0.929345 0.963810 0.754722 0.849955 0.885459 0.849158 0.984648 0.931992 0.781609 0.800794 0.724610 0.761783 0.688250 0.788330 0.897635 0.949414 0.717191 0.868689 0.989724 0.994210 0.775663 0.830099 0.797382 0.772337 0.773732 0.745881 0.792415 0.608521 0.731125 0.624955 0.679961 0.623919 0.684170 0.851215 0.802277 0.674899 0.583829 0.553205 0.689428 0.626281 0.906019 0.832289 0.758060 0.731997 0.928540 0.950428 0.747782 0.793547 0.748392 0.676014 0.654489 0.690912 0.819184 0.788246 0.900245 0.924739 0.785051 0.698507 0.986138 0.827594 0.811836 0.725363 0.768200 0.737547 0.694810 0.848645 0.982205 0.877460 0.961223 0.612602 0.559020 0.743764 0.622066 0.813856 0.818037 0.898449 0.615854 0.872514 0.599538 0.564059 0.781150 0.864828 0.584771 0.640681 0.614504 0.532223 0.973752 0.812464 0.902506 0.796485 0.903594 0.682344 0.789453 0.865555 0.739616 0.968660
0.906490 0.870055 0.997917 0.844034 0.000000 0.972783 0.913967 0.950336 0.771201 0.925656 0.964392 0.925689 0.739824 0.874928 0.741484 0.748690 0.956636 0.948475 0.875561 0.901954 0.783070 0.964124 0.661827 0.677404 0.954692 0.872517 0.842835 0.901398 0.972772 0.976837 0.950136 0.907957 0.915931 0.952407 0.949706 0.984154 0.953107 0.735266 0.954972 0.909912 0.927449 0.980554 0.709233 0.704203 0.949574 0.885815 0.734945 0.903378 0.819459 0.931188 0.876808 0.960828 0.952655 0.987137 0.931220 0.966588 0.878963 0.984555 0.821885 0.908532 0.897911 0.999108 0.970160 0.991908 0.803432 0.982849 0.919845 0.782386 0.997671 0.973378 0.881281 0.953986 0.932798 0.820511 0.919852 0.895859 0.881442 0.913898 0.817832 0.986822 0.871822 0.988548 0.784876 0.951861 0.700813 0.780983 0.839570 0.765250 0.990313 0.997848 0.828826 0.939459 0.789919 0.948128 0.953245 0.841793 0.924137 0.883639 0.993094 0.965962 0.984803 0.906983 0.998626 0.859135 0.830730 0.999481 0.955596 0.983735 0.895377 0.928035 0.980049 0.952268 0.878787 0.956902 0.931501 0.985721
0.793786 0.865643 0.756844 0.745323 0.972783 0.000000 0.914202 0.730962 0.969794 0.730744 0.843124 0.768651 0.993933 0.823160 0.858323 0.867722 0.871320 0.870337 0.865794 0.900523 0.998305 0.873739 0.969576 0.963851 0.874748 0.938477 0.992265 0.907942 0.844519 0.789761 0.887030 0.974675 0.839810 0.889468 0.900657 0.911111 0.932389 0.988600 0.969606 0.977928 0.968795 0.903470 0.952951 0.945506 0.947390 0.823369 0.809620 0.880608 0.937616 0.995718 0.903658 0.943069 0.982944 0.864497 0.911901 0.798606 0.913116 0.919954 0.853484 0.698092 0.767416 0.623466 0.804372 0.825928 0.835994 0.657615 0.851928 0.759803 0.878731 0.934214 0.860980 0.991473 0.919737 0.839365 0.973509 0.840748 0.939407 0.884102 0.924532 0.961903 0.803171 0.788339 0.938359 0.910504 0.992986 0.910649 0.917442 0.930505 0.938701 0.916179 0.871981 0.939438 0.935652 0.901787 0.979140 0.929264 0.863130 0.812426 0.839831 0.849184 0.841031 0.946633 0.846816 0.836868 0.837820 0.920966 0.906061 0.983452 0.956637 0.941127 0.954537 0.777540 0.937232 0.883368 0.838007 0.909270
0.674584 0.714317 0.666333 0.713246 0.913967 0.914202 0.000000 0.406743 0.761024 0.377556 0.592349 0.759299 0.777224 0.827772 0.639867 0.787605 0.608196 0.581038 0.662134 0.683689 0.854012 0.936708 0.956683 0.783289 0.615982 0.687760 0.709519 0.640153 0.645990 0.640725 0.813850 0.881073 0.649972 0.502404 0.998557 0.960524 0.848287 0.981842 0.847162 0.991670 0.862904 0.940383 0.939807 0.939161 0.473596 0.528839 0.933293 0.761362 0.693220 0.812567 0.872761 0.958868 0.826130 0.967189 0.954098 0.869327 0.799041 0.720444 0.653058 0.693292 0.499001 0.617474 0.628998 0.529624 0.652654 0.959784 0.628223 0.655822 0.872083 0.681088 0.787484 0.766401 0.978408 0.881914 0.726626 0.998822 0.911288 0.673346 0.856759 0.971466 0.741301 0.754055 0.991559 0.714601 0.960953 0.664383 0.841406 0.825891 0.798776 0.940840 0.525086 0.747415 0.601473 0.919315 0.756164 0.961179 0.751652 0.842732 0.471628 0.574718 0.694003 0.978370 0.645941 0.709960 0.866679 0.766931 0.882819 0.926172 0.967549 0.759408 0.980479 0.715921 0.624095 0.700863 0.913161 0.983712
0.609182 0.666031 0.996232 0.664128 0.950336 0.730962 0.406743 0.000000 0.910078 0.305571 0.412352 0.437936 0.913162 0.948619 0.629514 0.870396 0.525983 0.520035 0.629287 0.607525 0.793156 0.867925 0.831707 0.803382 0.529443 0.628666 0.679162 0.639320 0.507230 0.452485 0.917663 0.909574 0.661606 0.364652 0.975938 0.983469 0.984659 0.877546 0.875810 0.989597 0.795756 0.994549 0.903214 0.906020 0.529925 0.515411 0.817463 0.687889 0.656884 0.931680 0.965068 0.892816 0.914526 0.728154 0.791190 0.763590 0.801997 0.816104 0.665121 0.617715 0.386657 0.347814 0.437357 0.365035 0.490542 0.791874 0.730539 0.575812 0.955994 0.758901 0.857117 0.928734 0.956112 0.811689 0.767407 0.982258 0.961176 0.785265 0.943377 0.941031 0.622558 0.630359 0.931397 0.698220 0.944926 0.826706 0.728267 0.833287 0.871411 0.792103 0.656289 0.984257 0.819117 0.800090 0.742097 0.965075 0.739450 0.850934 0.460941 0.602623 0.616010 0.965173 0.563336 0.658376 0.908034 0.772182 0.855355 0.939678 0.907278 0.777405 0.848242 0.666975 0.698906 0.662852 0.911533 0.823198
0.823781 0.977474 0.739533 0.956448 0.771201 0.969794 0.761024 0.910078 0.000000 0.837256 0.989958 0.934459 0.960024 0.980353 0.992516 0.936875 0.994551 0.969297 0.894592 0.987513 0.955495 0.852918 0.844816 0.906943 0.922451 0.913326 0.971593 0.906572 0.903003 0.997973 0.965663 0.939856 0.929914 0.928644 0.927092 0.803577 0.984633 0.923557 0.943774 0.972943 0.994586 0.916379 0.818150 0.851876 0.883462 0.988619 0.859204 0.838407 0.970512 0.959014 0.848091 0.890406 0.818025 0.713227 0.877540 0.938536 0.944775 0.858977 0.982428 0.974769 0.902156 0.991235 0.896310 0.951730 0.847175 0.979881 0.846259 0.988553 0.994614 0.926317 0.924997 0.877712 0.964352 0.974053 0.884934 0.964006 0.802527 0.976705 0.925651 0.880496 0.894182 0.818260 0.956708 0.958484 0.981175 0.925392 0.972679 0.862349 0.954575 0.871431 0.725990 0.689289 0.773454 0.732936 0.897510 0.989536 0.831097 0.964937 0.882285 0.903201 0.935624 0.829764 0.981168 0.989451 0.913357 0.979929 0.942617 0.862000 0.882788 0.975403 0.950023 0.896719 0.905985 0.858451 0.877214 0.942087
0.690830 0.777588 0.972382 0.776653 0.925656 0.730744 0.377556 0.305571 0.837256 0.000000 0.511431 0.549520 0.861084 0.976227 0.582894 0.814810 0.590286 0.561655 0.690675 0.735819 0.868790 0.968959 0.788398 0.715057 0.432767 0.502696 0.675843 0.622776 0.588806 0.515215 0.980907 0.979228 0.736044 0.460467 0.959766 0.923951 0.946394 0.822528 0.815812 0.922189 0.848112 0.990231 0.991410 0.991861 0.517656 0.537330 0.829484 0.751591 0.685726 0.975105 0.963041 0.861568 0.938918 0.779517 0.872434 0.748027 0.886314 0.841967 0.662351 0.655556 0.403371 0.415732 0.516456 0.449538 0.459157 0.859192 0.702623 0.636982 0.967164 0.718761 0.870352 0.896269 0.966891 0.861151 0.734277 0.981163 0.932336 0.841917 0.892587 0.842301 0.644843 0.712559 0.823939 0.775923 0.872869 0.689195 0.712530 0.786416 0.804994 0.890288 0.684841 0.982377 0.820398 0.835003 0.766742 0.976686 0.803468 0.848165 0.500293 0.630932 0.664458 0.917262 0.621796 0.703552 0.937914 0.780637 0.950421 0.989047 0.964281 0.799474 0.908619 0.704329 0.743447 0.641015 0.904502 0.916425
0.536698 0.754354 0.981026 0.777882 0.964392 0.843124 0.592349 0.412352 0.989958 0.511431 0.000000 0.464926 0.923424 0.939772 0.674260 0.805873 0.454367 0.487890 0.701556 0.624024 0.932711 0.723965 0.749591 0.722188 0.740414 0.758478 0.817804 0.793033 0.560860 0.513275 0.950262 0.993627 0.653351 0.408140 0.901827 0.956134 0.891689 0.961159 0.946456 0.938718 0.740767 0.885368 0.989299 0.953387 0.721578 0.661207 0.814807 0.775732 0.715552 0.959672 0.873490 0.853054 0.813252 0.643659 0.768139 0.728638 0.719927 0.809271 0.613425 0.651187 0.449913 0.462498 0.379125 0.355822 0.601372 0.861980 0.713429 0.678237 0.983387 0.719317 0.980817 0.955621 0.997549 0.941709 0.870412 0.897070 0.886355 0.908035 0.882953 0.989122 0.519281 0.537320 0.951441 0.598462 0.946591 0.951124 0.818882 0.815105 0.967408 0.707233 0.838240 0.781205 0.982178 0.682246 0.682619 0.974437 0.827306 0.888440 0.665852 0.765444 0.735238 0.913671 0.536004 0.740873 0.996424 0.819474 0.714478 0.852265 0.795172 0.827020 0.935707 0.790475 0.826880 0.892453 0.936029 0.864302
0.649975 0.727507 0.838584 0.802085 0.925689 0.768651 0.759299 0.437936 0.934459 0.549520 0.464926 0.000000 0.705897 0.664995 0.946120 0.831683 0.569081 0.574098 0.633038 0.644850 0.839380 0.833865 0.893726 0.976551 0.670302 0.641400 0.887128 0.806108 0.554866 0.508213 0.844622 0.987463 0.795005 0.476272 0.947313 0.951909 0.912908 0.791880 0.972397 0.968357 0.774429 0.964961 0.931484 0.978058 0.798798 0.712377 0.717790 0.806686 0.800797 0.897191 0.831472 0.775057 0.708508 0.560874 0.669240 0.705279 0.796946 0.927200 0.821146 0.799808 0.465216 0.409450 0.409530 0.440156 0.655403 0.662303 0.904667 0.800798 0.944822 0.793544 0.991596 0.848111 0.937958 0.905404 0.835122 0.900800 0.941093 0.903169 0.993240 0.917942 0.558616 0.529836 0.957883 0.685803 0.831494 0.809716 0.802286 0.960402 0.910517 0.732856 0.972408 0.694913 0.894488 0.549047 0.714522 0.969792 0.817983 0.963738 0.774953 0.903550 0.761807 0.872019 0.684873 0.810241 0.993900 0.879452 0.683303 0.906564 0.828005 0.881295 0.861296 0.811343 0.858252 0.872299 0.916667 0.754696
0.940010 0.959227 0.901298 0.959384 0.739824 0.993933 0.777224 0.913162 0.960024 0.861084 0.923424 0.705897 0.000000 0.496544 0.521457 0.423208 0.918411 0.913672 0.975968 0.986327 0.785581 0.963277 0.707380 0.606600 0.970047 0.868202 0.689994 0.821827 0.960471 0.967113 0.759106 0.945781 0.855343 0.923784 0.913814 0.859692 0.902890 0.848174 0.910830 0.928753 0.900362 0.955305 0.838599 0.786643 0.729300 0.752003 0.953546 0.855206 0.802572 0.746313 0.812040 0.811180 0.807892 0.839472 0.735131 0.885485 0.895033 0.865122 0.670677 0.664942 0.914150 0.998815 0.882450 0.997026 0.778784 0.905658 0.754929 0.597495 0.961144 0.906654 0.878011 0.842856 0.984938 0.988291 0.955867 0.864262 0.932439 0.913831 0.808009 0.876818 0.977973 0.958896 0.737141 0.872281 0.554016 0.498571 0.872311 0.659466 0.753195 0.997456 0.766337 0.763007 0.879914 0.742681 0.866625 0.932309 0.966699 0.908475 0.799178 0.692766 0.765341 0.845011 0.932167 0.844092 0.988412 0.879745 0.787423 0.965185 0.988016 0.894082 0.851327 0.872814 0.808114 0.982592 0.952690 0.846007
0.991219 0.820464 0.909686 0.778501 0.874928 0.823160 0.827772 0.948619 0.980353 0.976227 0.939772 0.664995 0.496544 0.000000 0.534531 0.434251 0.972148 0.934475 0.707869 0.741669 0.911150 0.942707 0.648361 0.529091 0.958090 0.983631 0.669428 0.867349 0.780903 0.747780 0.939273 0.725713 0.964256 0.968665 0.906664 0.992526 0.826507 0.894212 0.989669 0.903978 0.876143 0.896081 0.892139 0.929966 0.989515 0.976853 0.842671 0.849268 0.968191 0.995295 0.961052 0.943983 0.969815 0.990153 0.862382 0.803910 0.917180 0.932184 0.785827 0.901037 0.987149 0.926049 0.825733 0.955432 0.856391 0.807159 0.932487 0.897161 0.987187 0.992680 0.851694 0.932671 0.823885 0.788710 0.914436 0.948039 0.841900 0.994134 0.905241 0.932088 0.886749 0.890374 0.787778 0.902112 0.622120 0.519168 0.951455 0.636746 0.897690 0.857679 0.961655 0.929187 0.986801 0.840248 0.867119 0.907272 0.937497 0.858688 0.978088 0.999021 0.972625 0.987804 0.950478 0.915679 0.924129 0.925149 0.795557 0.953166 0.948096 0.986364 0.827062 0.874620 0.978548 0.994892 0.871793 0.848754
0.904344 0.987654 0.966892 0.911822 0.741484 0.858323 0.639867 0.629514 0.992516 0.582894 0.674260 0.946120 0.521457 0.534531 0.000000 0.445234 0.777427 0.849967 0.877499 0.897046 0.960581 0.891638 0.493930 0.467204 0.732215 0.832017 0.545501 0.786725 0.893345 0.829702 0.958709 0.893976 0.876297 0.711137 0.921446 0.941212 0.955734 0.962579 0.868506 0.899438 0.977163 0.946899 0.875262 0.825796 0.650583 0.670618 0.910580 0.931253 0.774745 0.949824 0.972639 0.850065 0.811759 0.808428 0.984221 0.975668 0.982753 0.997369 0.675279 0.700314 0.701617 0.626563 0.864551 0.746909 0.531263 0.867659 0.736794 0.496783 0.752143 0.901344 0.918494 0.872250 0.907295 0.936271 0.902530 0.851830 0.933910 0.898626 0.807507 0.983496 0.895863 0.998633 0.629003 0.969448 0.493684 0.498921 0.782218 0.644541 0.751974 0.946871 0.883494 0.930984 0.982881 0.929495 0.934940 0.996453 0.957517 0.805033 0.802113 0.785049 0.741270 0.968435 0.887538 0.902767 0.898017 0.988844 0.988280 0.941538 0.952538 0.844752 0.978997 0.915041 0.857057 0.764495 0.840483 0.995319
0.898861 0.961810 0.836757 0.943246 0.748690 0.867722 0.787605 0.870396 0.936875 0.814810 0.805873 0.831683 0.423208 0.434251 0.445234 0.000000 0.884271 0.889601 0.873932 0.901047 0.918050 0.950665 0.474054 0.412526 0.904161 0.998857 0.630612 0.850284 0.948245 0.908356 0.954658 0.774996 0.984315 0.924612 0.986096 0.970813 0.871071 0.927927 0.939738 0.839677 0.962599 0.857507 0.955488 0.878312 0.799452 0.831603 0.992574 0.923611 0.772035 0.930637 0.987513 0.938587 0.916742 0.905807 0.919683 0.968894 0.952611 0.897227 0.635535 0.801303 0.983012 0.959399 0.985854 0.878196 0.713372 0.817123 0.840936 0.753654 0.969478 0.896437 0.876732 0.969509 0.767051 0.787477 0.951284 0.986256 0.924255 0.998193 0.846635 0.994959 0.944283 0.957635 0.660435 0.973043 0.549603 0.476081 0.858301 0.516107 0.851317 0.946754 0.962959 0.965560 0.992556 0.977522 0.935621 0.965993 0.991536 0.863282 0.870771 0.866384 0.848125 0.995909 0.918746 0.907568 0.871547 0.902256 0.889419 0.949150 0.967776 0.955699 0.797302 0.995930 0.969224 0.990111 0.852238 0.903958
0.464175 0.579239 0.928972 0.743805 0.956636 0.871320 0.608196 0.525983 0.994551 0.590286 0.454367 0.569081 0.918411 0.972148 0.777427 0.884271 0.000000 0.414182 0.613281 0.560378 0.960497 0.893408 0.828570 0.776258 0.799782 0.870611 0.820238 0.836132 0.655026 0.649006 0.939714 0.972192 0.627201 0.522497 0.863288 0.968903 0.804035 0.922852 0.810175 0.967660 0.698536 0.867163 0.948084 0.918144 0.752269 0.691239 0.752592 0.699901 0.675195 0.786044 0.884933 0.904472 0.989377 0.834845 0.671765 0.668087 0.534341 0.567717 0.471498 0.506583 0.548511 0.555102 0.476421 0.403534 0.741884 0.812002 0.657132 0.684565 0.779902 0.655051 0.850053 0.980749 0.886836 0.968801 0.806836 0.920294 0.992449 0.779091 0.883258 0.939699 0.483657 0.490528 0.960194 0.623226 0.844544 0.978888 0.900834 0.987759 0.838630 0.651744 0.843651 0.897099 0.938707 0.862937 0.721285 0.835124 0.713069 0.878017 0.596488 0.670765 0.787552 0.947947 0.519999 0.623399 0.850977 0.692692 0.933158 0.906773 0.952943 0.765377 0.964092 0.777287 0.767098 0.832490 0.936066 0.984845
0.355174 0.527680 0.880539 0.667057 0.948475 0.870337 0.581038 0.520035 0.969297 0.561655 0.487890 0.574098 0.913672 0.934475 0.849967 0.889601 0.414182 0.000000 0.564254 0.515611 0.983137 0.946337 0.833286 0.751508 0.788894 0.856938 0.921148 0.839305 0.612160 0.581801 0.952359 0.971623 0.551403 0.484087 0.870267 0.918870 0.670079 0.843021 0.907654 0.859290 0.721605 0.732596 0.767266 0.819817 0.634419 0.527859 0.560847 0.533574 0.506262 0.653531 0.774626 0.824700 0.863608 0.883659 0.637752 0.567682 0.416405 0.496451 0.399935 0.490306 0.601205 0.622813 0.436828 0.383390 0.677675 0.977065 0.618106 0.719635 0.695009 0.521782 0.879187 0.955633 0.999965 0.964628 0.815174 0.907531 0.971252 0.776391 0.809822 0.965765 0.339755 0.362420 0.837089 0.447644 0.755416 0.984370 0.884952 0.953099 0.888164 0.537551 0.827777 0.928416 0.883841 0.833029 0.694236 0.832004 0.730863 0.840664 0.542696 0.635240 0.799437 0.975957 0.415639 0.586734 0.818293 0.636622 0.952438 0.933376 0.924103 0.769017 0.952180 0.682195 0.696215 0.830971 0.968040 0.904082
0.541526 0.531484 0.872535 0.520510 0.875561 0.865794 0.662134 0.629287 0.894592 0.690675 0.701556 0.633038 0.975968 0.707869 0.877499 0.873932 0.613281 0.564254 0.000000 0.454870 0.859516 0.846648 0.744350 0.853011 0.896421 0.856977 0.932603 0.819035 0.685734 0.664692 0.782297 0.585476 0.673236 0.619165 0.874432 0.897323 0.916400 0.972722 0.766597 0.869908 0.743626 0.835050 0.885697 0.912197 0.665996 0.607741 0.746480 0.623183 0.627012 0.631772 0.792939 0.758530 0.696406 0.924561 0.744825 0.690191 0.609827 0.648678 0.746490 0.677192 0.751140 0.782428 0.595422 0.593442 0.895815 0.988450 0.892013 0.869464 0.730290 0.634319 0.633503 0.708182 0.760163 0.741618 0.922792 0.946338 0.852253 0.707698 0.970281 0.855502 0.678671 0.550787 0.755727 0.770409 0.618044 0.893344 0.973090 0.815917 0.987811 0.674873 0.659081 0.816809 0.656666 0.976623 0.679555 0.934866 0.734033 0.982699 0.585656 0.528006 0.832567 0.990318 0.590800 0.660928 0.740259 0.593412 0.946359 0.853878 0.986349 0.870759 0.871377 0.714609 0.683668 0.931674 0.875182 0.864961
0.513206 0.465503 0.820416 0.477847 0.901954 0.900523 0.683689 0.607525 0.987513 0.735819 0.624024 0.644850 0.986327 0.741669 0.897046 0.901047 0.560378 0.515611 0.454870 0.000000 0.999169 0.918625 0.817563 0.877485 0.966294 0.990167 0.995806 0.793610 0.591299 0.618447 0.684570 0.737395 0.584964 0.607200 0.897698 0.975224 0.747176 0.811717 0.933617 0.977180 0.648938 0.901982 0.845086 0.888664 0.732912 0.648875 0.694749 0.618842 0.647306 0.603269 0.701998 0.656461 0.718354 0.938036 0.838578 0.721175 0.514753 0.584589 0.620591 0.546453 0.782512 0.693703 0.605594 0.590085 0.913515 0.857093 0.726038 0.747244 0.750101 0.679801 0.653794 0.709106 0.740308 0.706894 0.906023 0.985428 0.905307 0.820098 0.875141 0.803329 0.676411 0.555274 0.741877 0.696881 0.689098 0.835326 0.917490 0.873190 0.941492 0.595410 0.683894 0.888349 0.785168 0.959122 0.742460 0.878416 0.688592 0.963663 0.569342 0.592285 0.710028 0.927017 0.584509 0.617797 0.723054 0.591200 0.975875 0.887795 0.910634 0.735768 0.944502 0.644293 0.662492 0.839386 0.803662 0.836118
0.962670 0.982834 0.926861 0.929345 0.783070 0.998305 0.854012 0.793156 0.955495 0.868790 0.932711 0.839380 0.785581 0.911150 0.960581 0.918050 0.960497 0.983137 0.859516 0.999169 0.000000 0.910522 0.786667 0.781318 0.835048 0.754848 0.986625 0.794946 0.860828 0.835234 0.999849 0.853729 0.938940 0.902407 0.968758 0.999191 0.904335 0.911076 0.830011 0.913074 0.953828 0.846508 0.827532 0.928748 0.808259 0.910023 0.822181 0.993665 0.927471 0.967438 0.868700 0.870304 0.970029 0.954461 0.805484 0.938308 0.836697 0.894036 0.802799 0.901754 0.888938 0.887941 0.902213 0.861934 0.888681 0.896672 0.850192 0.891882 0.918632 0.926303 0.908616 0.934340 0.922045 0.724502 0.965429 0.879685 0.961310 0.976333 0.814438 0.940562 0.933152 0.985779 0.900679 0.980793 0.874946 0.943148 0.987585 0.936985 0.831036 0.922650 0.847485 0.955118 0.767889 0.961373 0.838062 0.764384 0.990343 0.955499 0.785261 0.918905 0.947028 0.999133 0.995853 0.991421 0.824569 0.909948 0.900217 0.990646 0.943177 0.986394 0.949457 0.920868 0.960058 0.937354 0.888276 0.770933
0.919216 0.890777 0.964155 0.963810 0.964124 0.873739 0.936708 0.867925 0.852918 0.968959 0.723965 0.833865 0.963277 0.942707 0.891638 0.950665 0.893408 0.946337 0.846648 0.918625 0.910522 0.000000 0.992844 0.972179 0.983031 0.978943 0.980564 0.769956 0.757990 0.832501 0.914703 0.753493 0.979971 0.784687 0.935940 0.852730 0.825395 0.797409 0.984862 0.873271 0.858385 0.914493 0.995815 0.955793 0.880678 0.962738 0.985299 0.939474 0.970181 0.930256 0.815226 0.866451 0.905106 0.846936 0.978189 0.967333 0.923867 0.900078 0.921925 0.988700 0.857948 0.899707 0.767406 0.808675 0.865554 0.951898 0.961514 0.895820 0.870286 0.964135 0.945503 0.955421 0.883706 0.860487 0.985064 0.908972 0.915935 0.914254 0.913686 0.760219 0.974767 0.875236 0.867951 0.968908 0.954844 0.994600 0.974391 0.973061 0.919622 0.981731 0.975568 0.930358 0.945119 0.934166 0.860538 0.811092 0.949364 0.867048 0.990701 0.924872 0.880338 0.935278 0.972166 0.950937 0.872461 0.967892 0.782566 0.691234 0.991873 0.953578 0.904529 0.965370 0.931598 0.926902 0.869632 0.901938
0.863871 0.905399 0.905986 0.754722 0.661827 0.969576 0.956683 0.831707 0.844816 0.788398 0.749591 0.893726 0.707380 0.648361 0.493930 0.474054 0.828570 0.833286 0.744350 0.817563 0.786667 0.992844 0.000000 0.351967 0.791539 0.870704 0.722900 0.996125 0.993453 0.990003 0.694572 0.581280 0.958388 0.865998 0.900363 0.986971 0.962386 0.933661 0.871034 0.757895 0.954871 0.982397 0.907691 0.891136 0.981935 0.922545 0.803422 0.987024 0.877498 0.798230 0.780896 0.681493 0.581257 0.542005 0.902148 0.866839 0.985806 0.993680 0.657032 0.836004 0.816659 0.753969 0.853619 0.784872 0.603546 0.915839 0.898990 0.767045 0.859459 0.976765 0.672537 0.691009 0.642125 0.605899 0.940678 0.968769 0.896048 0.843666 0.822475 0.850319 0.751046 0.895232 0.647217 0.917598 0.592464 0.717901 0.695331 0.566095 0.927539 0.903892 0.714429 0.588738 0.677556 0.671727 0.957986 0.948040 0.944470 0.793631 0.962167 0.886766 0.891258 0.772364 0.928022 0.947578 0.727941 0.905249 0.893502 0.834476 0.909026 0.962372 0.896185 0.942837 0.908263 0.980290 0.860774 0.965216
0.785901 0.993012 0.986242 0.849955 0.677404 0.963851 0.783289 0.803382 0.906943 0.715057 0.722188 0.976551 0.606600 0.529091 0.467204 0.412526 0.776258 0.751508 0.853011 0.877485 0.781318 0.972179 0.351967 0.000000 0.729088 0.865564 0.651005 0.924124 0.968339 0.991129 0.787249 0.607307 0.988816 0.793748 0.968793 0.966363 0.896311 0.987457 0.989893 0.794762 0.961150 0.943727 0.957268 0.966299 0.845660 0.821043 0.830799 0.908221 0.767251 0.958199 0.911527 0.793357 0.774593 0.706882 0.975737 0.943251 0.928422 0.887611 0.579396 0.804696 0.820602 0.827462 0.808886 0.718427 0.583845 0.855517 0.804204 0.784949 0.984625 0.821257 0.802877 0.824902 0.673351 0.625494 0.894858 0.988133 0.893719 0.956669 0.792314 0.900137 0.725752 0.850393 0.734601 0.848294 0.601868 0.557234 0.773132 0.561379 0.959473 0.957061 0.929658 0.776568 0.861022 0.849597 0.973532 0.973796 0.967268 0.836204 0.885771 0.957478 0.890308 0.918109 0.823122 0.850086 0.803559 0.996130 0.958261 0.857883 0.962417 0.998287 0.771456 0.939277 0.999827 0.956956 0.794778 0.954596
0.909686 0.998983 0.810326 0.885459 0.954692 0.874748 0.615982 0.529443 0.922451 0.432767 0.740414 0.670302 0.970047 0.958090 0.732215 0.904161 0.799782 0.788894 0.896421 0.966294 0.835048 0.983031 0.791539 0.729088 0.000000 0.396725 0.684473 0.633974 0.703949 0.682794 0.844967 0.927086 0.941284 0.636225 0.916286 0.856305 0.800255 0.736155 0.812701 0.975231 0.959830 0.914489 0.812468 0.754458 0.733374 0.770913 0.990863 0.921743 0.878053 0.853978 0.792632 0.697226 0.814783 0.751019 0.964553 0.986053 0.822801 0.921234 0.930059 0.889703 0.486017 0.547613 0.670681 0.601943 0.486206 0.947975 0.982256 0.872770 0.923171 0.936072 0.929659 0.974764 0.942602 0.959976 0.800581 0.987590 0.926688 0.933662 0.992842 0.750188 0.772151 0.814921 0.748671 0.910579 0.833107 0.736012 0.757227 0.778759 0.749985 0.876052 0.903556 0.877735 0.990679 0.737223 0.979779 0.894012 0.976297 0.986430 0.707877 0.916329 0.875369 0.879257 0.837889 0.860929 0.881305 0.965000 0.943080 0.820481 0.914495 0.990489 0.971112 0.936701 0.922396 0.719056 0.708051 0.770994
0.977043 0.970287 0.827416 0.849158 0.872517 0.938477 0.687760 0.628666 0.913326 0.502696 0.758478 0.641400 0.868202 0.983631 0.832017 0.998857 0.870611 0.856938 0.856977 0.990167 0.754848 0.978943 0.870704 0.865564 0.396725 0.000000 0.722972 0.674594 0.789709 0.697566 0.716614 0.934922 0.970078 0.717577 0.896480 0.838427 0.805009 0.683788 0.821646 0.978886 0.965958 0.983064 0.759513 0.769704 0.761299 0.837318 0.973548 0.989017 0.927375 0.779498 0.714178 0.643772 0.812240 0.720466 0.922314 0.935949 0.845494 0.861228 0.983340 0.957569 0.586804 0.682069 0.708540 0.687377 0.566683 0.978614 0.889994 0.977211 0.976414 0.860896 0.896657 0.997922 0.889438 0.991048 0.897821 0.960914 0.985154 0.858712 0.998551 0.695694 0.842537 0.854748 0.875512 0.944709 0.965460 0.804510 0.823405 0.892057 0.783517 0.900282 0.953005 0.873647 0.989639 0.711997 0.941923 0.939395 0.942942 0.972637 0.830951 0.952737 0.939675 0.752672 0.904167 0.997588 0.927757 0.981465 0.860370 0.895903 0.926087 0.956531 0.993219 0.966228 0.947930 0.783205 0.806425 0.801987
0.916550 0.909450 0.903974 0.984648 0.842835 0.992265 0.709519 0.679162 0.971593 0.675843 0.817804 0.887128 0.689994 0.669428 0.545501 0.630612 0.820238 0.921148 0.932603 0.995806 0.986625 0.980564 0.722900 0.651005 0.684473 0.722972 0.000000 0.700862 0.964742 0.886113 0.945030 0.957492 0.962013 0.699913 0.938946 0.990272 0.937353 0.970566 0.958825 0.978074 0.988009 0.968072 0.919538 0.947647 0.708189 0.745111 0.955616 0.838561 0.822887 0.952963 0.939635 0.873596 0.889298 0.882709 0.991084 0.900403 0.988175 0.992422 0.848021 0.812155 0.810780 0.745442 0.956883 0.836008 0.652591 0.942378 0.929398 0.713097 0.959047 0.890052 0.982459 0.951324 0.984810 0.924116 0.953574 0.871193 0.900604 0.862855 0.956882 0.964377 0.975641 0.979046 0.672627 0.920615 0.701851 0.659883 0.871662 0.671665 0.903037 0.939886 0.840610 0.974028 0.924930 0.931848 0.945298 0.970079 0.854563 0.832840 0.778778 0.791002 0.807725 0.956438 0.883407 0.988924 0.884310 0.930894 0.868741 0.975013 0.941830 0.945523 0.956180 0.973008 0.891839 0.735857 0.851866 0.895480
0.977550 0.912569 0.991429 0.931992 0.901398 0.907942 0.640153 0.639320 0.906572 0.622776 0.793033 0.806108 0.821827 0.867349 0.786725 0.850284 0.836132 0.839305 0.819035 0.793610 0.794946 0.769956 0.996125 0.924124 0.633974 0.674594 0.700862 0.000000 0.774097 0.779877 0.923318 0.894931 0.998223 0.705107 0.952628 0.989705 0.824598 0.748175 0.833985 0.916809 0.993745 0.994023 0.976989 0.987679 0.644411 0.697235 0.952515 0.983046 0.831663 0.922819 0.982289 0.975637 0.954497 0.980542 0.886578 0.924576 0.848173 0.999857 0.937690 0.796769 0.712863 0.696123 0.868174 0.776145 0.702949 0.941705 0.941904 0.722517 0.813379 0.889718 0.953864 0.818938 0.882063 0.750320 0.888630 0.919607 0.983646 0.937365 0.990083 0.988852 0.983608 0.931623 0.922394 0.983101 0.809503 0.749580 0.923813 0.854584 0.750249 0.901329 0.805581 0.873981 0.900091 0.993474 0.860835 0.920346 0.850527 0.917296 0.703112 0.737483 0.743776 0.994064 0.980841 0.913969 0.945799 0.939198 0.816930 0.772358 0.970504 0.859437 0.994278 0.808573 0.752775 0.816293 0.806992 0.840447
0.721622 0.825921 0.966512 0.781609 0.972772 0.844519 0.645990 0.507230 0.903003 0.588806 0.560860 0.554866 0.960471 0.780903 0.893345 0.948245 0.655026 0.612160 0.685734 0.591299 0.860828 0.757990 0.993453 0.968339 0.703949 0.789709 0.964742 0.774097 0.000000 0.398600 0.780373 0.736100 0.709341 0.473155 0.965747 0.863530 0.895606 0.971473 0.841966 0.823232 0.890409 0.976535 0.878818 0.968125 0.682747 0.696878 0.798017 0.713115 0.773608 0.937748 0.992036 0.973971 0.999727 0.832877 0.894076 0.840233 0.847738 0.986503 0.848721 0.790064 0.602821 0.559645 0.511297 0.564217 0.612369 0.865523 0.739720 0.735293 0.906047 0.885937 0.834699 0.889356 0.858443 0.703988 0.742297 0.939406 0.944498 0.837758 0.932079 0.924205 0.703335 0.696461 0.986411 0.779502 0.949853 0.998655 0.829296 0.996626 0.874216 0.894310 0.827847 0.890240 0.976215 0.790820 0.662668 0.920583 0.891442 0.968006 0.627292 0.744830 0.626259 0.901110 0.704446 0.706475 0.991434 0.830006 0.880333 0.815414 0.953075 0.765423 0.750526 0.777170 0.721504 0.776066 0.922720 0.819026
0.739189 0.747993 0.875662 0.800794 0.976837 0.789761 0.640725 0.452485 0.997973 0.515215 0.513275 0.508213 0.967113 0.747780 0.829702 0.908356 0.649006 0.581801 0.664692 0.618447 0.835234 0.832501 0.990003 0.991129 0.682794 0.697566 0.886113 0.779877 0.398600 0.000000 0.771566 0.745723 0.622861 0.410455 0.993936 0.900152 0.871793 0.909818 0.858643 0.919384 0.803403 0.990517 0.866761 0.929163 0.575739 0.580874 0.780160 0.694670 0.684719 0.907036 0.979874 0.948861 0.982887 0.817181 0.866305 0.785689 0.821141 0.999644 0.838925 0.733741 0.576373 0.493359 0.488871 0.510385 0.501548 0.825512 0.733841 0.637566 0.897591 0.838909 0.851755 0.879803 0.800605 0.693762 0.886544 0.930916 0.977344 0.823491 0.997524 0.956018 0.660038 0.668836 0.891078 0.794132 0.974492 0.955107 0.861043 0.991001 0.860230 0.915451 0.813357 0.890896 0.963013 0.759059 0.682331 0.938354 0.831742 0.980005 0.618949 0.694812 0.690255 0.976537 0.692908 0.693254 0.901203 0.806579 0.845858 0.884498 0.916602 0.786707 0.830774 0.752799 0.709075 0.817554 0.978863 0.839460
0.959178 0.845665 0.857959 0.724610 0.950136 0.887030 0.813850 0.917663 0.965663 0.980907 0.950262 0.844622 0.759106 0.939273 0.958709 0.954658 0.939714 0.952359 0.782297 0.684570 0.999849 0.914703 0.694572 0.787249 0.844967 0.716614 0.945030 0.923318 0.780373 0.771566 0.000000 0.520451 0.784453 0.858327 0.974278 0.801067 0.951486 0.709832 0.831827 0.756187 0.917136 0.931196 0.857406 0.854441 0.787664 0.806862 0.986267 0.877313 0.912867 0.668154 0.617625 0.536406 0.585290 0.540505 0.722678 0.899525 0.895087 0.890329 0.971512 0.754237 0.966492 0.951811 0.970883 0.971761 0.986494 0.921087 0.742490 0.666229 0.923965 0.950352 0.585509 0.667972 0.626662 0.563123 0.888800 0.792988 0.962445 0.818820 0.878020 0.709801 0.968369 0.955343 0.937825 0.938798 0.943871 0.941801 0.996720 0.987763 0.769971 0.909317 0.595718 0.654295 0.702067 0.647562 0.857467 0.880208 0.982873 0.916912 0.674933 0.635877 0.816543 0.782206 0.879467 0.782175 0.737054 0.804248 0.803822 0.843927 0.949293 0.854242 0.865767 0.859527 0.754615 0.934778 0.800997 0.978818
0.981020 0.864603 0.944234 0.761783 0.907957 0.974675 0.881073 0.909574 0.939856 0.979228 0.993627 0.987463 0.945781 0.725713 0.893976 0.774996 0.972192 0.971623 0.585476 0.737395 0.853729 0.753493 0.581280 0.607307 0.927086 0.934922 0.957492 0.894931 0.736100 0.745723 0.520451 0.000000 0.779594 0.887129 0.898274 0.723505 0.834687 0.968375 0.789663 0.679485 0.989270 0.967022 0.829038 0.829382 0.686959 0.752224 0.988135 0.742751 0.837055 0.701758 0.768829 0.721350 0.626876 0.678545 0.937981 0.924910 0.957755 0.961283 0.836509 0.928641 0.937291 0.983318 0.964282 0.983024 0.997739 0.995175 0.985601 0.816056 0.948831 0.955803 0.586094 0.683477 0.637815 0.534844 0.995303 0.885849 0.803332 0.797420 0.935770 0.682410 0.903327 0.994296 0.846517 0.840930 0.855657 0.977014 0.897762 0.762323 0.741004 0.965221 0.668011 0.708065 0.727472 0.763964 0.858432 0.874234 0.964978 0.848507 0.759970 0.635278 0.808754 0.885503 0.902718 0.862738 0.800487 0.835940 0.963768 0.956298 0.897301 0.946093 0.799793 0.928190 0.698259 0.938003 0.847292 0.936820
0.522656 0.643457 0.803379 0.688250 0.915931 0.839810 0.649972 0.661606 0.929914 0.736044 0.653351 0.795005 0.855343 0.964256 0.876297 0.984315 0.627201 0.551403 0.673236 0.584964 0.938940 0.979971 0.958388 0.988816 0.941284 0.970078 0.962013 0.998223 0.709341 0.622861 0.784453 0.779594 0.000000 0.613364 0.927859 0.931020 0.711855 0.765287 0.898714 0.915067 0.812615 0.858110 0.869137 0.838037 0.761203 0.678369 0.692240 0.662818 0.713078 0.707060 0.764214 0.766061 0.822686 0.949446 0.788158 0.803645 0.538320 0.669119 0.608716 0.589878 0.736643 0.728769 0.662391 0.643436 0.831087 0.891057 0.658103 0.699411 0.793502 0.741057 0.838501 0.873012 0.832138 0.806807 0.913927 0.983696 0.889935 0.744653 0.803135 0.873078 0.653944 0.610359 0.825827 0.669024 0.833973 0.988081 0.926882 0.960015 0.992345 0.674958 0.658121 0.902065 0.834071 0.998232 0.919083 0.828697 0.645912 0.937880 0.675735 0.669741 0.775776 0.980431 0.669784 0.711151 0.739854 0.716383 0.881678 0.825673 0.863964 0.675567 0.925739 0.708332 0.623759 0.843399 0.829695 0.966212
0.556761 0.691911 0.969277 0.788330 0.952407 0.889468 0.502404 0.364652 0.928644 0.460467 0.408140 0.476272 0.923784 0.968665 0.711137 0.924612 0.522497 0.484087 0.619165 0.607200 0.902407 0.784687 0.865998 0.793748 0.636225 0.717577 0.699913 0.705107 0.473155 0.410455 0.858327 0.887129 0.613364 0.000000 0.943854 0.907577 0.929918 0.984100 0.899000 0.957338 0.779786 0.927643 0.841000 0.937049 0.590148 0.573738 0.834810 0.672400 0.660014 0.918845 0.968564 0.911214 0.915136 0.743896 0.749963 0.787975 0.736232 0.849350 0.676443 0.667702 0.456416 0.445829 0.410507 0.384708 0.516248 0.879188 0.737362 0.631554 0.963655 0.754000 0.915113 0.954989 0.935132 0.881973 0.870217 0.970065 0.946499 0.753484 0.965888 0.975079 0.585345 0.572655 0.964806 0.679647 0.978174 0.866829 0.886428 0.882649 0.896499 0.786485 0.747107 0.910391 0.892351 0.748198 0.651048 0.952724 0.872833 0.931929 0.550780 0.615840 0.671440 0.954419 0.575042 0.680766 0.945623 0.732139 0.868686 0.948100 0.914731 0.750821 0.823817 0.677506 0.720612 0.726605 0.915920 0.798569
0.836793 0.921978 0.798054 0.897635 0.949706 0.900657 0.998557 0.975938 0.927092 0.959766 0.901827 0.947313 0.913814 0.906664 0.921446 0.986096 0.863288 0.870267 0.874432 0.897698 0.968758 0.935940 0.900363 0.968793 0.916286 0.896480 0.938946 0.952628 0.965747 0.993936 0.974278 0.898274 0.927859 0.943854 0.000000 0.968952 0.897658 0.930173 0.850264 0.922675 0.738049 0.842462 0.975615 0.981737 0.973206 0.974812 0.975786 0.941191 0.896614 0.875099 0.878469 0.878878 0.945974 0.923037 0.954960 0.880640 0.868279 0.840189 0.918146 0.957615 0.994607 0.921601 0.858374 0.868575 0.803783 0.944160 0.921896 0.962635 0.887845 0.909066 0.953597 0.933201 0.977510 0.984593 0.967422 0.800115 0.856107 0.963560 0.974562 0.857817 0.890822 0.949162 0.890661 0.852178 0.862574 0.876031 0.819982 0.971082 0.956675 0.771234 0.966484 0.998577 0.908812 0.999699 0.917854 0.952892 0.970602 0.952758 0.905638 0.882399 0.957820 0.911809 0.915223 0.992896 0.880700 0.766712 0.941481 0.850107 0.971504 0.913984 0.914998 0.954889 0.930204 0.908061 0.921490 0.944997
0.984775 0.929032 0.994700 0.949414 0.984154 0.911111 0.960524 0.983469 0.803577 0.923951 0.956134 0.951909 0.859692 0.992526 0.941212 0.970813 0.968903 0.918870 0.897323 0.975224 0.999191 0.852730 0.986971 0.966363 0.856305 0.838427 0.990272 0.989705 0.863530 0.900152 0.801067 0.723505 0.931020 0.907577 0.968952 0.000000 0.964265 0.942670 0.885271 0.813707 0.925832 0.966489 0.709912 0.771389 0.739135 0.748082 0.957404 0.769545 0.793299 0.794275 0.891774 0.894098 0.848012 0.852775 0.982239 0.971679 0.925466 0.962606 0.989084 0.951609 0.895072 0.912800 0.998045 0.970216 0.956190 0.891720 0.912481 0.782547 0.905021 0.953801 0.901598 0.943088 0.998759 0.929579 0.967610 0.871323 0.912075 0.836521 0.911017 0.851357 0.974284 0.956091 0.926620 0.965749 0.968634 0.852252 0.914157 0.941245 0.800255 0.998671 0.884113 0.900964 0.857905 0.894020 0.873665 0.981777 0.995006 0.893185 0.870750 0.839984 0.852380 0.958584 0.872227 0.851022 0.918525 0.955215 0.977383 0.890173 0.995826 0.967324 0.978733 0.973736 0.830133 0.986536 0.926774 0.994684
0.581812 0.722187 0.641991 0.717191 0.953107 0.932389 0.848287 0.984659 0.984633 0.946394 0.891689 0.912908 0.902890 0.826507 0.955734 0.871071 0.804035 0.670079 0.916400 0.747176 0.904335 0.825395 0.962386 0.896311 0.800255 0.805009 0.937353 0.824598 0.895606 0.871793 0.951486 0.834687 0.711855 0.929918 0.897658 0.964265 0.000000 0.494629 0.832801 0.746650 0.781274 0.701972 0.844470 0.863765 0.998807 0.941766 0.816851 0.818836 0.810796 0.717414 0.643255 0.637668 0.765238 0.832253 0.719650 0.665850 0.495641 0.480483 0.585543 0.704767 0.955455 0.927404 0.935403 0.863978 0.859183 0.884766 0.730761 0.966181 0.558917 0.692921 0.929667 0.836418 0.975028 0.848178 0.931766 0.846336 0.957522 0.805117 0.792698 0.872381 0.736322 0.715984 0.800830 0.672873 0.705474 0.933038 0.950424 0.950732 0.808851 0.585365 0.795647 0.842288 0.776186 0.814316 0.943999 0.881422 0.709631 0.848697 0.826432 0.856213 0.948989 0.907715 0.648405 0.796833 0.713281 0.680691 0.841054 0.677082 0.928112 0.736638 0.940973 0.921835 0.902421 0.923696 0.766496 0.853605
0.757814 0.716027 0.797774 0.868689 0.735266 0.988600 0.981842 0.877546 0.923557 0.822528 0.961159 0.791880 0.848174 0.894212 0.962579 0.927927 0.922852 0.843021 0.972722 0.811717 0.911076 0.797409 0.933661 0.987457 0.736155 0.683788 0.970566 0.748175 0.971473 0.909818 0.709832 0.968375 0.765287 0.984100 0.930173 0.942670 0.494629 0.000000 0.963621 0.886166 0.839898 0.766522 0.822615 0.829987 0.987066 0.964266 0.879403 0.824142 0.850344 0.690040 0.601218 0.596556 0.710733 0.712562 0.916189 0.878039 0.584641 0.650934 0.751858 0.780363 0.800576 0.865905 0.896634 0.937831 0.879237 0.940730 0.798217 0.944950 0.715243 0.899907 0.821446 0.760111 0.983625 0.976435 0.834028 0.985223 0.890676 0.849317 0.868843 0.729354 0.945384 0.907302 0.957947 0.858385 0.913294 0.978070 0.928600 0.983950 0.871770 0.788407 0.878130 0.804227 0.758137 0.747110 0.917941 0.814305 0.779339 0.926216 0.856859 0.845456 0.992172 0.827742 0.874103 0.821742 0.726690 0.657176 0.779187 0.643342 0.992133 0.653056 0.953319 0.998918 0.895692 0.879385 0.732818 0.908749
