0.000000 0.151089 0.400028 0.484582 0.672851 0.802357 0.805442 0.715673 0.497519 0.588877 0.375554 0.280618 0.293526 0.329089 0.475083 0.645779 0.254070 0.233730 0.259373 0.213217 0.505847 0.956738 0.590246 0.395136 0.396631 0.585613 0.473472 0.706023 0.517547 0.500639 0.906627 0.628002 0.382465 0.476308 0.776857 0.860269 0.718146 0.737162 0.874777 0.800275 0.666481 0.688021 0.994192 0.821702 0.803272 0.985980 0.569785 0.638866 0.924709 0.801504 0.937050 0.844640 0.872208 0.580947 0.374494 0.489501 0.153245 0.159607 0.447508 0.400439 0.448420 0.623590 0.288871 0.296231 0.294479 0.413124 0.749985 0.880232 0.272386 0.330256 0.578445 0.480949 0.975019 0.884509 0.860775 0.981375 0.976859 0.854213 0.491896 0.349103 0.206881 0.230858 0.347525 0.231605 0.203146 0.178879 0.859979 0.556026 0.518753 0.268214 0.382644 0.487926 0.424805 0.492186 0.891047 0.934319 0.932078 0.893603 0.810697 0.921883 0.668648 0.789468 0.978238 0.750951 0.858002 0.811728 0.924212 0.902999 0.676238 0.865512 0.840586 0.927937 0.793151 0.994022 0.715597 0.547333
0.151089 0.000000 0.364750 0.411113 0.685635 0.801367 0.780923 0.658238 0.518215 0.638840 0.439927 0.299275 0.333282 0.324512 0.458323 0.603016 0.258701 0.250268 0.257204 0.219023 0.531531 0.961677 0.539150 0.375271 0.389366 0.564522 0.461871 0.719448 0.527840 0.510944 0.814679 0.586368 0.376491 0.413701 0.735920 0.887089 0.696087 0.710998 0.792164 0.828845 0.716645 0.647196 0.936677 0.762064 0.822585 0.977418 0.548024 0.609024 0.898453 0.768104 0.888500 0.789500 0.909171 0.629783 0.411073 0.476980 0.148722 0.151156 0.421962 0.392649 0.464598 0.609595 0.317297 0.298436 0.306892 0.432823 0.726691 0.862649 0.295066 0.317628 0.651815 0.489739 0.995084 0.912072 0.814854 0.969141 0.944276 0.879785 0.464220 0.345912 0.221776 0.273021 0.376533 0.262482 0.249068 0.190678 0.901609 0.609713 0.543824 0.285586 0.361794 0.467177 0.410657 0.450294 0.919537 0.979117 0.970170 0.917462 0.822697 0.963086 0.585607 0.798012 0.969577 0.798533 0.876051 0.775997 0.823123 0.898169 0.733461 0.836225 0.840181 0.935318 0.832752 0.978524 0.699186 0.550470
0.400028 0.364750 0.000000 0.236830 0.726142 0.919222 0.662132 0.503748 0.755932 0.819020 0.684067 0.518790 0.448689 0.506115 0.608905 0.612317 0.532262 0.520025 0.425811 0.478391 0.504893 0.985601 0.576274 0.449391 0.368306 0.446908 0.553169 0.847161 0.707737 0.722174 0.718548 0.541397 0.525370 0.518278 0.708954 0.867281 0.586918 0.664865 0.765618 0.696995 0.851307 0.607730 0.839143 0.706299 0.895861 0.955232 0.641862 0.695642 0.946969 0.774846 0.857997 0.787203 0.991046 0.811354 0.517382 0.626985 0.345828 0.357731 0.538429 0.487819 0.558640 0.547274 0.562482 0.519625 0.397686 0.439750 0.693816 0.816921 0.470143 0.446696 0.914728 0.766285 0.871535 0.893542 0.945687 0.823556 0.793585 0.895810 0.577680 0.543513 0.542837 0.570923 0.607333 0.582741 0.545353 0.382940 0.973761 0.950525 0.583365 0.479476 0.599409 0.684563 0.659699 0.638959 0.951993 0.948032 0.807237 0.860059 0.961233 0.871585 0.664390 0.934926 0.984011 0.831988 0.798430 0.712402 0.667680 0.959369 0.890492 0.837708 0.795940 0.978888 0.934542 0.860927 0.578892 0.681322
0.484582 0.411113 0.236830 0.000000 0.770016 0.949944 0.560441 0.343555 0.850789 0.999375 0.889044 0.629682 0.564449 0.547680 0.697735 0.565499 0.643393 0.651816 0.506038 0.639933 0.611961 0.950019 0.520007 0.435564 0.460053 0.438593 0.646517 0.881557 0.863567 0.839462 0.595892 0.494210 0.508458 0.493957 0.623814 0.901245 0.531709 0.682507 0.759032 0.685686 0.935461 0.576687 0.717513 0.616960 0.992356 0.848554 0.611068 0.642182 0.842818 0.669707 0.685597 0.595384 0.804407 0.962329 0.569658 0.600394 0.398038 0.421804 0.424890 0.385476 0.597078 0.508848 0.596261 0.539035 0.577898 0.489566 0.606327 0.671675 0.619615 0.406710 0.961222 0.812921 0.795892 0.848889 0.883824 0.811603 0.668056 0.842169 0.534667 0.558505 0.615030 0.710028 0.701368 0.653562 0.650523 0.424722 0.835783 0.994757 0.590589 0.506868 0.685176 0.771618 0.726244 0.680857 0.887160 0.984962 0.767718 0.763805 0.841312 0.746460 0.713479 0.954283 0.973813 0.764579 0.769606 0.628612 0.575314 0.879870 0.926374 0.808318 0.810211 0.921846 0.847750 0.763797 0.498061 0.778046
0.672851 0.685635 0.726142 0.770016 0.000000 0.702144 0.807810 0.943281 0.661480 0.635322 0.887018 0.855731 0.938295 0.909753 0.934541 0.912263 0.811402 0.794896 0.764377 0.679049 0.748008 0.981271 0.949483 0.926623 0.708638 0.818395 0.906823 0.995185 0.929774 0.980045 0.948105 0.985814 0.881501 0.976745 0.923046 0.732736 0.785689 0.818438 0.762811 0.976914 0.913001 0.855807 0.908745 0.979976 0.742642 0.862799 0.921602 0.913653 0.858634 0.906315 0.811235 0.849752 0.653252 0.563663 0.949004 0.978820 0.678259 0.718237 0.857776 0.832538 0.950153 0.873567 0.934738 0.890512 0.763189 0.964026 0.993228 0.923961 0.563956 0.626074 0.765019 0.726955 0.776724 0.666443 0.912714 0.930225 0.989117 0.825268 0.852628 0.816561 0.744818 0.720658 0.840151 0.740763 0.842368 0.758382 0.891146 0.957339 0.894235 0.798245 0.711065 0.676948 0.833875 0.681609 0.966623 0.986628 0.808396 0.960274 0.821249 0.857643 0.679308 0.642381 0.789673 0.979325 0.962672 0.899285 0.957607 0.992720 0.886521 0.855354 0.903825 0.765131 0.838633 0.959911 0.964175 0.793183
0.802357 0.801367 0.919222 0.949944 0.702144 0.000000 0.712412 0.676438 0.609509 0.623454 0.749818 0.822178 0.960276 0.896717 0.967646 0.852057 0.800615 0.786911 0.806250 0.763828 0.941720 0.908147 0.892719 0.945913 0.859943 0.919278 0.870229 0.968356 0.943336 0.925403 0.768632 0.844551 0.987012 0.922513 0.997777 0.916677 0.878631 0.785989 0.984323 0.846593 0.773320 0.775237 0.773766 0.779818 0.755147 0.857578 0.958254 0.997279 0.881952 0.849667 0.752694 0.750350 0.647242 0.571001 0.999646 0.931163 0.787630 0.794812 0.961206 0.990264 0.964555 0.779067 0.940726 0.942704 0.759450 0.959236 0.943531 0.819723 0.696658 0.884724 0.679883 0.723308 0.610662 0.652145 0.932069 0.871944 0.733836 0.715431 0.980761 0.944011 0.818059 0.719217 0.837428 0.725985 0.793536 0.835336 0.764878 0.881392 0.918727 0.889207 0.679665 0.807574 0.810260 0.853012 0.954984 0.838627 0.922095 0.965155 0.755348 0.756532 0.764445 0.852799 0.900011 0.921205 0.821417 0.793396 0.870701 0.771658 0.728875 0.908467 0.898053 0.885807 0.755156 0.781090 0.821311 0.793737
0.805442 0.780923 0.662132 0.560441 0.807810 0.712412 0.000000 0.215527 0.806882 0.481699 0.931864 0.820325 0.707731 0.796396 0.729964 0.743058 0.843339 0.886130 0.625565 0.908563 0.858250 0.971375 0.360107 0.777306 0.962278 0.921860 0.963414 0.980897 0.653368 0.844979 0.426423 0.486829 0.474777 0.422411 0.729962 0.977285 0.847576 0.890940 0.743884 0.923891 0.911142 0.793672 0.367156 0.365657 0.409843 0.400222 0.458149 0.508807 0.384382 0.321106 0.264318 0.274050 0.329695 0.449915 0.575728 0.517608 0.723108 0.761910 0.411570 0.444704 0.425526 0.361498 0.518655 0.524203 0.890696 0.726182 0.348494 0.351266 0.896893 0.832751 0.612264 0.823882 0.479316 0.447597 0.847153 0.523325 0.493277 0.533614 0.540798 0.719473 0.818059 0.948860 0.838288 0.993789 0.769454 0.789190 0.656023 0.974196 0.705028 0.780305 0.809892 0.722146 0.953949 0.919500 0.687553 0.725743 0.633625 0.735647 0.418443 0.384048 0.761646 0.527975 0.661131 0.632785 0.489608 0.442657 0.549390 0.688036 0.901928 0.899643 0.653234 0.510800 0.462136 0.614230 0.359668 0.943388
0.715673 0.658238 0.503748 0.343555 0.943281 0.676438 0.215527 0.000000 0.816516 0.570157 0.966171 0.726198 0.607446 0.671943 0.675371 0.538781 0.802993 0.837198 0.633945 0.873834 0.787572 0.966238 0.392142 0.602583 0.849247 0.740016 0.866544 0.917528 0.743599 0.851386 0.464117 0.488330 0.494134 0.427740 0.675222 0.918982 0.743418 0.780594 0.920226 0.847292 0.943934 0.698235 0.486524 0.465166 0.625066 0.590336 0.544126 0.619877 0.575175 0.459437 0.378407 0.342142 0.436657 0.552139 0.598964 0.609259 0.613641 0.642159 0.429627 0.427891 0.405494 0.291582 0.532726 0.494031 0.782541 0.549988 0.473581 0.466170 0.997276 0.669930 0.701956 0.912984 0.545029 0.550351 0.808141 0.609204 0.537721 0.619298 0.542724 0.687908 0.786391 0.991812 0.823932 0.933214 0.774129 0.669518 0.701514 0.922522 0.616826 0.746468 0.990176 0.942374 0.906466 0.897941 0.815053 0.876556 0.730732 0.791340 0.588683 0.518636 0.972453 0.672612 0.833802 0.734715 0.588532 0.556538 0.518874 0.744637 0.952365 0.870705 0.749018 0.721338 0.605631 0.657695 0.383426 0.916956
0.497519 0.518215 0.755932 0.850789 0.661480 0.609509 0.806882 0.816516 0.000000 0.506488 0.616342 0.637080 0.777809 0.590676 0.856286 0.985528 0.498590 0.477134 0.569586 0.469206 0.730465 0.882464 0.932790 0.637400 0.543396 0.646835 0.663470 0.888150 0.793826 0.702218 0.921937 0.859328 0.729548 0.774119 0.939439 0.953395 0.760251 0.849154 0.812601 0.985531 0.844390 0.994571 0.938049 0.930486 0.812651 0.957636 0.744505 0.713319 0.994000 0.959713 0.872567 0.926910 0.779076 0.600797 0.660096 0.625542 0.531415 0.540843 0.707895 0.746340 0.976973 0.907018 0.726695 0.702995 0.703074 0.822992 0.902630 0.986434 0.449699 0.559519 0.623458 0.647151 0.858864 0.818066 0.992151 0.973524 0.902285 0.726662 0.707398 0.581400 0.462823 0.403795 0.551755 0.376075 0.560108 0.518376 0.778549 0.580001 0.700974 0.467490 0.536753 0.676277 0.646495 0.731228 0.988141 0.867161 0.954289 0.927322 0.794388 0.934959 0.783509 0.806726 0.894149 0.747587 0.930508 0.906104 0.980215 0.942830 0.745599 0.829954 0.855261 0.987345 0.742324 0.948880 0.967292 0.723326
0.588877 0.638840 0.819020 0.999375 0.635322 0.623454 0.481699 0.570157 0.506488 0.000000 0.537886 0.731252 0.779149 0.760655 0.920530 0.896567 0.701650 0.618794 0.848930 0.571790 0.772538 0.959955 0.727550 0.755246 0.579477 0.796288 0.661281 0.744868 0.939247 0.860733 0.498580 0.749884 0.896589 0.816675 0.905641 0.972246 0.916661 0.792598 0.761546 0.976483 0.784632 0.998549 0.455368 0.562351 0.307433 0.401672 0.763712 0.780193 0.472814 0.516209 0.391823 0.452211 0.340738 0.256507 0.941925 0.937715 0.687290 0.653448 0.867876 0.965076 0.898449 0.732093 0.985695 0.967465 0.592356 0.736885 0.632892 0.495767 0.436211 0.706619 0.392283 0.527599 0.604524 0.522114 0.887011 0.656531 0.531723 0.511410 0.927655 0.844232 0.651736 0.433740 0.721073 0.499914 0.641855 0.583299 0.614599 0.585645 0.872135 0.667974 0.517462 0.517668 0.743945 0.745979 0.699095 0.915653 0.756178 0.726725 0.404541 0.483426 0.622682 0.521689 0.692579 0.803850 0.730249 0.742500 0.769001 0.684066 0.676118 0.934011 0.855012 0.566055 0.392935 0.718744 0.663311 0.671574
0.375554 0.439927 0.684067 0.889044 0.887018 0.749818 0.931864 0.966171 0.616342 0.537886 0.000000 0.281297 0.309082 0.344725 0.404355 0.631094 0.321516 0.255764 0.505960 0.338111 0.684027 0.863319 0.909476 0.611353 0.611544 0.874724 0.565371 0.690062 0.451519 0.364359 0.794642 0.920126 0.700139 0.719498 0.929155 0.961886 0.920657 0.867059 0.965423 0.930071 0.620833 0.978712 0.645580 0.771193 0.605499 0.683159 0.936613 0.961071 0.755099 0.834660 0.702963 0.751573 0.644553 0.437730 0.587153 0.764620 0.427189 0.390980 0.943654 0.904968 0.463052 0.648609 0.467115 0.457243 0.269504 0.401524 0.842947 0.768130 0.460553 0.725223 0.479147 0.572291 0.871587 0.841209 0.829874 0.891511 0.600738 0.723737 0.794097 0.597639 0.385314 0.323907 0.434767 0.360817 0.364210 0.422203 0.527264 0.610633 0.674662 0.619403 0.375819 0.419737 0.350847 0.543723 0.747807 0.944441 0.714849 0.633897 0.475752 0.582920 0.635432 0.678057 0.793005 0.921318 0.826082 0.848899 0.770294 0.700890 0.675696 0.881817 0.944267 0.712376 0.564301 0.686002 0.985150 0.545319
0.280618 0.299275 0.518790 0.629682 0.855731 0.822178 0.820325 0.726198 0.637080 0.731252 0.281297 0.000000 0.201475 0.202400 0.279056 0.416901 0.216710 0.211276 0.328517 0.276754 0.582960 0.902438 0.580342 0.445344 0.480531 0.698455 0.471399 0.735831 0.382120 0.306237 0.872268 0.637232 0.453541 0.447504 0.794083 0.930442 0.746797 0.734102 0.855205 0.783686 0.650034 0.859073 0.883911 0.943063 0.803138 0.922373 0.679481 0.783965 0.971744 0.904223 0.991934 0.933546 0.888474 0.643096 0.384669 0.571237 0.292994 0.242330 0.691597 0.654296 0.306183 0.441251 0.262811 0.223784 0.279028 0.332280 0.926841 0.986601 0.402887 0.503024 0.660806 0.625064 0.969282 0.994481 0.717516 0.994982 0.876317 0.867080 0.571878 0.407375 0.274145 0.312292 0.317602 0.313783 0.283873 0.290767 0.704585 0.610096 0.510856 0.478117 0.335078 0.419803 0.296093 0.392432 0.812900 0.932896 0.821772 0.739558 0.681325 0.779200 0.651715 0.811037 0.985229 0.867781 0.963648 0.943795 0.992078 0.750409 0.672759 0.882763 0.894019 0.824701 0.719142 0.803702 0.728944 0.537037
0.293526 0.333282 0.448689 0.564449 0.938295 0.960276 0.707731 0.607446 0.777809 0.779149 0.309082 0.201475 0.000000 0.245617 0.298813 0.399509 0.329953 0.291018 0.381831 0.366473 0.609611 0.945873 0.558254 0.388379 0.510390 0.672366 0.481737 0.771938 0.435120 0.408698 0.889947 0.607319 0.501140 0.483055 0.821377 0.901171 0.818216 0.777463 0.955463 0.808797 0.618948 0.842232 0.907173 0.959661 0.798285 0.901173 0.698319 0.848961 0.971035 0.875783 0.949290 0.870530 0.957510 0.735314 0.384546 0.586542 0.313604 0.281872 0.664085 0.587475 0.254812 0.380544 0.276694 0.270775 0.275545 0.264933 0.885467 0.938953 0.485442 0.550867 0.675387 0.655884 0.955008 0.959466 0.775817 0.976685 0.920470 0.851068 0.614813 0.442459 0.346341 0.380505 0.412470 0.394858 0.296076 0.281069 0.705201 0.627479 0.489299 0.483434 0.442272 0.534027 0.410400 0.517868 0.819716 0.941734 0.909487 0.765931 0.763602 0.842852 0.720628 0.905127 0.964270 0.919170 0.938708 0.929179 0.966276 0.784463 0.727925 0.972579 0.873731 0.821293 0.793304 0.850075 0.691438 0.579389
0.329089 0.324512 0.506115 0.547680 0.909753 0.896717 0.796396 0.671943 0.590676 0.760655 0.344725 0.202400 0.245617 0.000000 0.297646 0.333767 0.239969 0.215630 0.349281 0.327633 0.609833 0.883170 0.561613 0.332530 0.465602 0.589070 0.490629 0.816997 0.445126 0.295138 0.823241 0.577751 0.458631 0.418161 0.824301 0.971149 0.681416 0.724548 0.813992 0.778793 0.710225 0.852722 0.939902 0.906203 0.828532 0.950907 0.677447 0.750691 0.988917 0.853359 0.956858 0.866479 0.980690 0.769813 0.371684 0.506927 0.310924 0.273155 0.657539 0.624312 0.370295 0.420016 0.304320 0.262704 0.380303 0.284507 0.870181 0.904679 0.471452 0.495740 0.735299 0.670416 0.866712 0.892000 0.751016 0.910761 0.931330 0.900114 0.550039 0.385518 0.276043 0.313103 0.312606 0.274996 0.345010 0.281011 0.688218 0.552684 0.495021 0.480228 0.370481 0.454130 0.340777 0.448806 0.927340 0.913800 0.860323 0.818251 0.731073 0.880352 0.637764 0.870023 0.980218 0.854301 0.973331 0.865714 0.908158 0.829184 0.681723 0.963687 0.858276 0.868085 0.768855 0.871897 0.723356 0.600341
0.475083 0.458323 0.608905 0.697735 0.934541 0.967646 0.729964 0.675371 0.856286 0.920530 0.404355 0.279056 0.298813 0.297646 0.000000 0.357932 0.367110 0.350707 0.478945 0.437856 0.698461 0.844972 0.562080 0.445331 0.687405 0.803918 0.601255 0.798275 0.368162 0.333047 0.824629 0.682179 0.560253 0.459162 0.871426 0.904045 0.885045 0.904689 0.914406 0.819157 0.689700 0.912833 0.984543 0.891181 0.970281 0.972697 0.714410 0.801469 0.903019 0.817789 0.866451 0.819098 0.949165 0.867084 0.417289 0.552144 0.450117 0.424378 0.753372 0.748063 0.326284 0.412720 0.374198 0.353281 0.400773 0.402194 0.908773 0.970343 0.663446 0.750905 0.742973 0.742631 0.879866 0.891722 0.725088 0.884778 0.981810 0.941153 0.607455 0.542637 0.409975 0.485607 0.480499 0.480722 0.411363 0.475967 0.755220 0.685181 0.667744 0.635263 0.543174 0.589398 0.413121 0.532334 0.912246 0.942084 0.747139 0.759782 0.827279 0.892559 0.684430 0.868748 0.998652 0.906738 0.939905 0.908751 0.905315 0.739755 0.743677 0.988633 0.928021 0.896146 0.892844 0.903246 0.721886 0.690293
0.645779 0.603016 0.612317 0.565499 0.912263 0.852057 0.743058 0.538781 0.985528 0.896567 0.631094 0.416901 0.399509 0.333767 0.357932 0.000000 0.513784 0.543247 0.667638 0.680181 0.705471 0.882693 0.608489 0.460917 0.666856 0.690129 0.732760 0.873855 0.569958 0.465623 0.728457 0.582938 0.651003 0.520855 0.893592 0.936219 0.755970 0.755660 0.880313 0.710030 0.855882 0.846569 0.990024 0.931548 0.921619 0.974177 0.838288 0.897622 0.987650 0.873146 0.847155 0.766460 0.820080 0.941782 0.571789 0.771375 0.573370 0.540682 0.789755 0.795215 0.444880 0.377902 0.507628 0.451492 0.616035 0.400841 0.978772 0.893687 0.836310 0.694960 0.953368 0.913342 0.784768 0.829255 0.652471 0.838585 0.954283 0.999041 0.692035 0.590977 0.605536 0.693209 0.568942 0.679487 0.690936 0.588633 0.828105 0.933710 0.703484 0.791450 0.570019 0.576947 0.460920 0.510079 0.910147 0.837735 0.749743 0.831153 0.840908 0.932610 0.717804 0.972523 0.950202 0.955425 0.893270 0.966100 0.849288 0.833598 0.869930 0.965100 0.993208 0.851971 0.908188 0.918764 0.717431 0.690695
0.254070 0.258701 0.532262 0.643393 0.811402 0.800615 0.843339 0.802993 0.498590 0.701650 0.321516 0.216710 0.329953 0.239969 0.367110 0.513784 0.000000 0.169020 0.270466 0.226960 0.596583 0.991699 0.590153 0.459839 0.469706 0.681974 0.521087 0.711491 0.326790 0.275951 0.831154 0.627388 0.389923 0.404838 0.824248 0.943511 0.673794 0.774836 0.859162 0.780464 0.711626 0.784820 0.992495 0.819971 0.877317 0.959328 0.562359 0.622662 0.910611 0.795650 0.940790 0.872565 0.921271 0.657711 0.373929 0.468998 0.257348 0.228775 0.596619 0.593173 0.431353 0.560170 0.288487 0.261954 0.338987 0.434441 0.817944 0.877746 0.378935 0.489680 0.701264 0.561682 0.923452 0.983846 0.773861 0.902396 0.963692 0.917561 0.496206 0.382800 0.202039 0.261633 0.280255 0.263859 0.265023 0.276777 0.764431 0.521978 0.575588 0.401559 0.360365 0.467122 0.316496 0.440707 0.972993 0.999038 0.900910 0.815965 0.763580 0.890895 0.685628 0.792407 0.945507 0.768542 0.920048 0.830450 0.935762 0.850769 0.704692 0.913860 0.878932 0.998873 0.803456 0.865349 0.775664 0.607076
0.233730 0.250268 0.520025 0.651816 0.794896 0.786911 0.886130 0.837198 0.477134 0.618794 0.255764 0.211276 0.291018 0.215630 0.350707 0.543247 0.169020 0.000000 0.270838 0.196502 0.579516 0.920022 0.637043 0.428963 0.467805 0.673127 0.527405 0.690096 0.370041 0.299992 0.930487 0.652397 0.428755 0.445575 0.857202 0.955055 0.723972 0.753258 0.860200 0.795904 0.671671 0.803179 0.913351 0.908317 0.799337 0.942155 0.653413 0.715577 0.994323 0.871518 0.957880 0.966347 0.846121 0.577189 0.371755 0.497604 0.242775 0.218704 0.641122 0.629566 0.440181 0.577376 0.293574 0.275246 0.301374 0.395846 0.868492 0.954326 0.347012 0.475610 0.629461 0.540935 0.967287 0.978213 0.805485 0.953599 0.856392 0.854225 0.511935 0.371705 0.178639 0.203119 0.302707 0.214286 0.241049 0.261930 0.684229 0.505084 0.605541 0.398186 0.341589 0.412709 0.312563 0.436437 0.953649 0.983693 0.863552 0.821672 0.689632 0.841880 0.620927 0.727036 0.968700 0.853093 0.948717 0.883572 0.999169 0.815396 0.670670 0.948864 0.899416 0.889704 0.736409 0.891735 0.793409 0.582322
0.259373 0.257204 0.425811 0.506038 0.764377 0.806250 0.625565 0.633945 0.569586 0.848930 0.505960 0.328517 0.381831 0.349281 0.478945 0.667638 0.270466 0.270838 0.000000 0.247401 0.537336 0.952532 0.363630 0.467143 0.478521 0.650318 0.532190 0.853041 0.399443 0.448194 0.621672 0.454382 0.243037 0.319620 0.665666 0.947195 0.660408 0.792519 0.886038 0.805903 0.696707 0.714431 0.755036 0.579122 0.897309 0.715279 0.377819 0.427428 0.688295 0.547250 0.728100 0.657656 0.918272 0.812190 0.324682 0.346435 0.247518 0.251284 0.400338 0.408503 0.419731 0.548131 0.239471 0.237165 0.423790 0.547021 0.540513 0.656603 0.404798 0.432223 0.864773 0.663587 0.852791 0.883144 0.829530 0.829578 0.802638 0.944151 0.390778 0.339375 0.251461 0.355082 0.338439 0.329041 0.270142 0.281780 0.892628 0.630902 0.585823 0.337652 0.534638 0.662885 0.505783 0.555781 0.833256 0.852010 0.861390 0.921134 0.944618 0.836770 0.835494 0.892901 0.779495 0.648027 0.700465 0.594512 0.787190 0.947605 0.794754 0.758963 0.694983 0.897685 0.981643 0.867872 0.577564 0.653267
0.213217 0.219023 0.478391 0.639933 0.679049 0.763828 0.908563 0.873834 0.469206 0.571790 0.338111 0.276754 0.366473 0.327633 0.437856 0.680181 0.226960 0.196502 0.247401 0.000000 0.531899 0.975586 0.616727 0.506096 0.450595 0.646535 0.467312 0.747110 0.445579 0.408546 0.863735 0.695823 0.412061 0.468602 0.840713 0.977748 0.714013 0.699583 0.825422 0.837973 0.677293 0.768804 0.973627 0.842215 0.814465 0.979572 0.617782 0.663414 0.964605 0.849588 0.979066 0.951795 0.801322 0.529115 0.410788 0.511639 0.241675 0.228724 0.608526 0.586876 0.526597 0.688412 0.338115 0.325272 0.323959 0.502574 0.830752 0.965731 0.290424 0.426047 0.625031 0.539457 0.989126 0.937312 0.813046 0.973178 0.941989 0.871056 0.525127 0.403539 0.212712 0.222296 0.354532 0.242581 0.253451 0.271390 0.788343 0.564344 0.631315 0.353642 0.378225 0.477764 0.403225 0.448796 0.957119 0.884330 0.941060 0.864497 0.744084 0.866050 0.627003 0.703801 0.983804 0.810382 0.903468 0.850621 0.937765 0.827104 0.794159 0.875986 0.893297 0.892608 0.731285 0.934122 0.808442 0.575304
0.505847 0.531531 0.504893 0.611961 0.748008 0.941720 0.858250 0.787572 0.730465 0.772538 0.684027 0.582960 0.609611 0.609833 0.698461 0.705471 0.596583 0.579516 0.537336 0.531899 0.000000 0.989327 0.714666 0.657314 0.518654 0.554866 0.650954 0.972964 0.723703 0.735242 0.787296 0.599443 0.541064 0.623186 0.973007 0.891736 0.748668 0.752863 0.868912 0.752617 0.940981 0.772594 0.884473 0.755268 0.990848 0.903127 0.682137 0.644945 0.908257 0.775712 0.920970 0.847422 0.997954 0.800566 0.533118 0.701518 0.499685 0.526271 0.638260 0.625136 0.690309 0.742158 0.590698 0.595727 0.580160 0.662079 0.767939 0.875524 0.543664 0.623321 0.869263 0.730940 0.973824 0.977485 0.927479 0.825685 0.908093 0.958684 0.677141 0.492806 0.567239 0.581483 0.528644 0.616048 0.590921 0.530556 0.955692 0.945910 0.712687 0.616693 0.668064 0.722111 0.772410 0.774570 0.986282 0.833163 0.889648 0.985433 0.991783 0.935059 0.781680 0.887592 0.935072 0.708069 0.892732 0.743978 0.873226 0.929810 0.742566 0.754182 0.893228 0.930149 0.950748 0.679998 0.651211 0.655829
0.956738 0.961677 0.985601 0.950019 0.981271 0.908147 0.971375 0.966238 0.882464 0.959955 0.863319 0.902438 0.945873 0.883170 0.844972 0.882693 0.991699 0.920022 0.952532 0.975586 0.989327 0.000000 0.836207 0.948773 0.974458 0.924999 0.885734 0.912574 0.927983 0.900181 0.872693 0.933685 0.968881 0.919559 0.954138 0.933024 0.902280 0.897212 0.996888 0.950821 0.970048 0.869541 0.774904 0.800388 0.851047 0.812041 0.782357 0.804550 0.791922 0.825971 0.849933 0.843592 0.912558 0.906837 0.980946 0.967813 0.926486 0.914252 0.943388 0.944206 0.873652 0.867313 0.950727 0.972104 0.885856 0.790154 0.836774 0.964731 0.961359 0.990329 0.879650 0.983911 0.921818 0.913354 0.908031 0.945690 0.748047 0.963211 0.937700 0.917956 0.950364 0.982359 0.969788 0.931682 0.991128 0.979604 0.994493 0.921808 0.972938 0.933734 0.882951 0.769161 0.852603 0.838861 0.801548 0.826549 0.850119 0.916019 0.775281 0.929482 0.902475 0.901443 0.891408 0.863989 0.827414 0.812632 0.904998 0.976631 0.890742 0.736377 0.968698 0.818725 0.854684 0.826716 0.976917 0.805280
0.590246 0.539150 0.576274 0.520007 0.949483 0.892719 0.360107 0.392142 0.932790 0.727550 0.909476 0.580342 0.558254 0.561613 0.562080 0.608489 0.590153 0.637043 0.363630 0.616727 0.714666 0.836207 0.000000 0.552939 0.741497 0.742011 0.760278 0.977233 0.565228 0.689342 0.355265 0.333962 0.331490 0.329726 0.599318 0.966148 0.732575 0.889597 0.992875 0.876881 0.843051 0.721299 0.442688 0.354581 0.547405 0.428814 0.289205 0.365246 0.425269 0.318555 0.372878 0.318144 0.510730 0.671348 0.387755 0.365597 0.555298 0.547328 0.375293 0.411091 0.470045 0.498654 0.363655 0.353692 0.760967 0.738529 0.394262 0.454732 0.792394 0.606937 0.779888 0.996398 0.586857 0.606734 0.775647 0.639529 0.498289 0.795952 0.440390 0.504851 0.541598 0.746863 0.618544 0.699923 0.509988 0.547337 0.864431 0.771467 0.688993 0.534462 0.886685 0.991578 0.788670 0.767462 0.771388 0.859913 0.844943 0.784110 0.609324 0.546934 0.900014 0.752741 0.604577 0.580602 0.578371 0.424751 0.647968 0.923900 0.896945 0.699618 0.690658 0.706236 0.652803 0.734414 0.401476 0.829395
0.395136 0.375271 0.449391 0.435564 0.926623 0.945913 0.777306 0.602583 0.637400 0.755246 0.611353 0.445344 0.388379 0.332530 0.445331 0.460917 0.459839 0.428963 0.467143 0.506096 0.657314 0.948773 0.552939 0.000000 0.473119 0.514824 0.603740 0.807042 0.691578 0.609904 0.880408 0.589016 0.535051 0.543586 0.768436 0.895009 0.745081 0.796594 0.821453 0.858923 0.806700 0.734049 0.973824 0.854171 0.839118 0.974407 0.651985 0.742403 0.954508 0.785483 0.855393 0.744617 0.937753 0.887918 0.438704 0.547702 0.361939 0.348932 0.532518 0.518527 0.533727 0.574079 0.454116 0.447573 0.498088 0.403572 0.768022 0.867279 0.511755 0.460389 0.732598 0.716792 0.992115 0.995387 0.902915 0.977436 0.946316 0.812663 0.632877 0.528323 0.424324 0.443078 0.487704 0.395451 0.427201 0.301649 0.863207 0.595805 0.520850 0.430109 0.520708 0.585099 0.517205 0.595747 0.932136 0.957501 0.941524 0.967006 0.896261 0.984090 0.692275 0.926527 0.978255 0.815554 0.944589 0.796917 0.906119 0.821423 0.604136 0.921347 0.824419 0.845812 0.856786 0.980476 0.795943 0.662810
0.396631 0.389366 0.368306 0.460053 0.708638 0.859943 0.962278 0.849247 0.543396 0.579477 0.611544 0.480531 0.510390 0.465602 0.687405 0.666856 0.469706 0.467805 0.478521 0.450595 0.518654 0.974458 0.741497 0.473119 0.000000 0.263154 0.440846 0.825689 0.832987 0.706026 0.879828 0.661625 0.602731 0.644882 0.639336 0.953819 0.520564 0.646775 0.559127 0.726418 0.922468 0.665299 0.932540 0.882332 0.690628 0.860436 0.709757 0.756261 0.848574 0.948312 0.881817 0.987985 0.780185 0.625470 0.607596 0.682818 0.412523 0.370310 0.697835 0.630777 0.767233 0.788930 0.656468 0.584636 0.431083 0.516888 0.895363 0.999166 0.351500 0.452156 0.774289 0.637631 0.918666 0.919434 0.874962 0.942405 0.967718 0.886769 0.710269 0.558472 0.517654 0.449051 0.566767 0.402275 0.533321 0.347901 0.859216 0.798148 0.556700 0.411086 0.405827 0.515794 0.553840 0.553283 0.893435 0.980752 0.972168 0.972828 0.787670 0.929580 0.628245 0.732053 0.950729 0.792826 0.885765 0.824972 0.888191 0.737466 0.793566 0.792006 0.899401 0.775344 0.818647 0.995560 0.776757 0.640924
0.585613 0.564522 0.446908 0.438593 0.818395 0.919278 0.921860 0.740016 0.646835 0.796288 0.874724 0.698455 0.672366 0.589070 0.803918 0.690129 0.681974 0.673127 0.650318 0.646535 0.554866 0.924999 0.742011 0.514824 0.263154 0.000000 0.552187 0.901156 0.986001 0.842005 0.732763 0.653871 0.662170 0.630214 0.667696 0.955747 0.490907 0.612511 0.576115 0.765349 0.996032 0.543912 0.897811 0.752055 0.865385 0.992258 0.686727 0.720112 0.963509 0.836037 0.944189 0.849833 0.987930 0.904540 0.643022 0.646096 0.580507 0.550440 0.677608 0.613866 0.879345 0.772499 0.765772 0.717347 0.652024 0.603184 0.795866 0.858185 0.540864 0.502383 0.984734 0.796142 0.955223 0.938673 0.936411 0.932245 0.840371 0.974401 0.704128 0.611065 0.674533 0.647753 0.743979 0.561415 0.707920 0.487108 0.982672 0.880415 0.558572 0.488657 0.631373 0.733180 0.769349 0.701825 0.999191 0.887496 0.799832 0.888363 0.959764 0.894253 0.721848 0.932444 0.935789 0.739517 0.741589 0.758707 0.795212 0.923753 0.902857 0.790129 0.919014 0.923998 0.978762 0.845239 0.722590 0.804633
0.473472 0.461871 0.553169 0.646517 0.906823 0.870229 0.963414 0.866544 0.663470 0.661281 0.565371 0.471399 0.481737 0.490629 0.601255 0.732760 0.521087 0.527405 0.532190 0.467312 0.650954 0.885734 0.760278 0.603740 0.440846 0.552187 0.000000 0.746219 0.745461 0.679422 0.898735 0.790179 0.718390 0.643596 0.838598 0.874119 0.662622 0.826354 0.767628 0.810603 0.867383 0.904985 0.934494 0.945952 0.775289 0.881819 0.774305 0.811901 0.897992 0.982070 0.943010 0.966724 0.860817 0.704299 0.584326 0.731387 0.499130 0.472330 0.788013 0.684776 0.643731 0.711658 0.625709 0.575730 0.467378 0.504367 0.911507 0.983815 0.544915 0.673670 0.752419 0.696602 0.973917 0.998914 0.711522 0.896466 0.987892 0.876082 0.772154 0.628444 0.577767 0.489340 0.613388 0.519605 0.493592 0.401166 0.792732 0.756046 0.604845 0.543221 0.519372 0.691476 0.616574 0.738047 0.876182 0.991148 0.946463 0.873891 0.822900 0.861240 0.639946 0.844744 0.986277 0.831241 0.918871 0.828750 0.974651 0.774373 0.934932 0.947292 0.762753 0.860413 0.791109 0.924670 0.761678 0.813629
0.706023 0.719448 0.847161 0.881557 0.995185 0.968356 0.980897 0.917528 0.888150 0.744868 0.690062 0.735831 0.771938 0.816997 0.798275 0.873855 0.711491 0.690096 0.853041 0.747110 0.972964 0.912574 0.977233 0.807042 0.825689 0.901156 0.746219 0.000000 0.836307 0.788120 0.789710 0.899818 0.966030 0.904333 0.888978 0.993865 0.835212 0.806072 0.939597 0.886518 0.855186 0.797992 0.878689 0.939709 0.775603 0.796334 0.963883 0.953898 0.842956 0.855338 0.860192 0.886422 0.918237 0.769374 0.891078 0.983818 0.705510 0.681113 0.951141 0.933617 0.774745 0.777345 0.853271 0.778941 0.611121 0.616680 0.918363 0.871245 0.793548 0.757877 0.887315 0.893288 0.996390 0.989909 0.864920 0.907319 0.767007 0.883303 0.899823 0.908711 0.769410 0.709527 0.885682 0.765482 0.740483 0.708739 0.876208 0.848021 0.907211 0.731966 0.729568 0.716955 0.712195 0.826408 0.861209 0.960825 0.780137 0.850961 0.760405 0.830585 0.795541 0.799150 0.955385 0.950940 0.940758 0.907254 0.838218 0.919716 0.914229 0.867610 0.972244 0.864738 0.854560 0.902175 0.984663 0.837185
0.517547 0.527840 0.707737 0.863567 0.929774 0.943336 0.653368 0.743599 0.793826 0.939247 0.451519 0.382120 0.435120 0.445126 0.368162 0.569958 0.326790 0.370041 0.399443 0.445579 0.723703 0.927983 0.565228 0.691578 0.832987 0.986001 0.745461 0.836307 0.000000 0.264039 0.755242 0.661454 0.433636 0.381282 0.941318 0.977232 0.895064 0.898214 0.919943 0.843268 0.753167 0.848978 0.835815 0.725192 0.825581 0.757883 0.563561 0.627897 0.713245 0.678897 0.772994 0.775048 0.871952 0.941438 0.442131 0.524755 0.515866 0.505039 0.703246 0.764636 0.375102 0.487873 0.348138 0.350957 0.528255 0.602805 0.733537 0.784618 0.719656 0.746184 0.962778 0.882787 0.757963 0.727289 0.781964 0.808605 0.917831 0.867553 0.567761 0.512372 0.407370 0.555487 0.417815 0.579261 0.478234 0.608329 0.835887 0.700117 0.716937 0.674484 0.689385 0.760218 0.480906 0.651949 0.950339 0.910626 0.962175 0.882149 0.969425 0.959222 0.974334 0.995570 0.848972 0.810457 0.865269 0.790412 0.844619 0.985212 0.807178 0.897573 0.855889 0.886000 0.989995 0.993972 0.707294 0.789660
0.500639 0.510944 0.722174 0.839462 0.980045 0.925403 0.844979 0.851386 0.702218 0.860733 0.364359 0.306237 0.408698 0.295138 0.333047 0.465623 0.275951 0.299992 0.448194 0.408546 0.735242 0.900181 0.689342 0.609904 0.706026 0.842005 0.679422 0.788120 0.264039 0.000000 0.825832 0.703364 0.533970 0.445285 0.970486 0.932491 0.732769 0.737184 0.876402 0.850573 0.783887 0.866131 0.908413 0.921156 0.920126 0.991137 0.724065 0.771977 0.989916 0.902840 0.993375 0.964951 0.942012 0.779959 0.472294 0.580198 0.512187 0.459613 0.833846 0.876540 0.409680 0.477726 0.396246 0.356201 0.492027 0.468543 0.948264 0.938565 0.626452 0.700590 0.805665 0.795530 0.830784 0.833411 0.794015 0.882760 0.874653 0.972377 0.619236 0.484979 0.379549 0.485623 0.373047 0.461070 0.511080 0.540321 0.681129 0.653848 0.656807 0.665439 0.480298 0.511175 0.363178 0.487807 0.909911 0.997655 0.814857 0.801398 0.717727 0.822510 0.836981 0.845400 0.995282 0.928188 0.980571 0.919419 0.944465 0.807931 0.755406 0.981265 0.967091 0.936004 0.802060 0.836340 0.846395 0.772708
0.906627 0.814679 0.718548 0.595892 0.948105 0.768632 0.426423 0.464117 0.921937 0.498580 0.794642 0.872268 0.889947 0.823241 0.824629 0.728457 0.831154 0.930487 0.621672 0.863735 0.787296 0.872693 0.355265 0.880408 0.879828 0.732763 0.898735 0.789710 0.755242 0.825832 0.000000 0.370173 0.455821 0.375064 0.632248 0.863848 0.603650 0.844616 0.933158 0.893351 0.946735 0.759055 0.378833 0.310957 0.427806 0.345713 0.345550 0.372867 0.440047 0.339285 0.340749 0.318254 0.423732 0.494781 0.613625 0.521367 0.831846 0.834350 0.510871 0.595118 0.707444 0.599524 0.627850 0.603522 0.950392 0.990246 0.418088 0.374001 0.925861 0.813358 0.555532 0.812549 0.548654 0.523525 0.856086 0.597846 0.376801 0.582858 0.491842 0.689072 0.834091 0.887042 0.880348 0.990852 0.902420 0.866400 0.637122 0.909107 0.835834 0.797619 0.962208 0.855415 0.983634 0.889175 0.657037 0.809968 0.706755 0.722313 0.454966 0.428266 0.876428 0.719984 0.568047 0.620360 0.593257 0.413314 0.580153 0.778605 0.770074 0.749308 0.732380 0.566373 0.510466 0.651346 0.430391 0.910709
0.628002 0.586368 0.541397 0.494210 0.985814 0.844551 0.486829 0.488330 0.859328 0.749884 0.920126 0.637232 0.607319 0.577751 0.682179 0.582938 0.627388 0.652397 0.454382 0.695823 0.599443 0.933685 0.333962 0.589016 0.661625 0.653871 0.790179 0.899818 0.661454 0.703364 0.370173 0.000000 0.382631 0.365093 0.692830 0.999773 0.657489 0.783140 0.900890 0.778141 0.987517 0.751656 0.591568 0.463519 0.633561 0.508856 0.348796 0.398140 0.555584 0.429422 0.486861 0.418853 0.574889 0.747277 0.475007 0.480875 0.556405 0.566304 0.403835 0.465734 0.570769 0.554691 0.450240 0.450839 0.813575 0.759280 0.474750 0.441695 0.775586 0.617882 0.849073 0.994697 0.670474 0.711177 0.830785 0.715124 0.614564 0.869465 0.474855 0.465929 0.586402 0.797438 0.575169 0.740136 0.645192 0.600329 0.800672 0.963904 0.712731 0.587476 0.813567 0.871440 0.768292 0.748800 0.783595 0.929622 0.765348 0.812659 0.666600 0.589085 0.980550 0.834164 0.610901 0.580555 0.740628 0.444678 0.741604 0.919600 0.965626 0.739016 0.653366 0.776462 0.642896 0.700227 0.452408 0.890757
0.382465 0.376491 0.525370 0.508458 0.881501 0.987012 0.474777 0.494134 0.729548 0.896589 0.700139 0.453541 0.501140 0.458631 0.560253 0.651003 0.389923 0.428755 0.243037 0.412061 0.541064 0.968881 0.331490 0.535051 0.602731 0.662170 0.718390 0.966030 0.433636 0.533970 0.455821 0.382631 0.000000 0.262695 0.639841 0.923158 0.672893 0.807465 0.983573 0.822920 0.857825 0.669097 0.564350 0.422714 0.687603 0.529017 0.291807 0.345571 0.515715 0.399569 0.506711 0.451206 0.681336 0.911893 0.356473 0.327882 0.340968 0.360310 0.327033 0.361213 0.437051 0.491200 0.274733 0.274075 0.584243 0.642621 0.438388 0.511100 0.570981 0.461268 0.999440 0.797647 0.697246 0.723091 0.831008 0.668265 0.688092 0.780804 0.318531 0.364955 0.352559 0.546290 0.430892 0.468995 0.402374 0.410114 0.864256 0.715145 0.616012 0.437095 0.671794 0.825976 0.625815 0.662986 0.792865 0.839239 0.766873 0.891627 0.751100 0.656428 0.941916 0.927352 0.711871 0.554424 0.578152 0.486107 0.733174 0.908924 0.829120 0.732844 0.710086 0.729440 0.803961 0.708945 0.519546 0.798698
0.476308 0.413701 0.518278 0.493957 0.976745 0.922513 0.422411 0.427740 0.774119 0.816675 0.719498 0.447504 0.483055 0.418161 0.459162 0.520855 0.404838 0.445575 0.319620 0.468602 0.623186 0.919559 0.329726 0.543586 0.644882 0.630214 0.643596 0.904333 0.381282 0.445285 0.375064 0.365093 0.262695 0.000000 0.616432 0.903820 0.580171 0.723507 0.893492 0.858014 0.907188 0.636620 0.550898 0.404922 0.672927 0.546566 0.315452 0.387095 0.554675 0.431529 0.498182 0.449483 0.614930 0.825579 0.380296 0.330560 0.421971 0.435501 0.407467 0.477957 0.395158 0.381166 0.293853 0.259872 0.621824 0.577197 0.465407 0.523497 0.713536 0.561974 0.867260 0.916939 0.639981 0.623707 0.783210 0.657205 0.626823 0.705146 0.362482 0.396882 0.417358 0.637927 0.477794 0.565392 0.501903 0.484184 0.869602 0.788836 0.591412 0.494683 0.680647 0.799047 0.610899 0.624490 0.812520 0.815498 0.839754 0.882657 0.743724 0.642094 0.897248 0.894826 0.733542 0.620516 0.655112 0.513973 0.599423 0.923264 0.934447 0.763875 0.750976 0.736312 0.788307 0.768086 0.423193 0.880780
0.776857 0.735920 0.708954 0.623814 0.923046 0.997777 0.729962 0.675222 0.939439 0.905641 0.929155 0.794083 0.821377 0.824301 0.871426 0.893592 0.824248 0.857202 0.665666 0.840713 0.973007 0.954138 0.599318 0.768436 0.639336 0.667696 0.838598 0.888978 0.941318 0.970486 0.632248 0.692830 0.639841 0.616432 0.000000 0.987989 0.603158 0.928501 0.769003 0.835566 0.883735 0.719522 0.654771 0.563162 0.798090 0.721285 0.572234 0.637740 0.772044 0.636974 0.693524 0.686880 0.755896 0.858541 0.696202 0.593204 0.761447 0.753968 0.663592 0.664809 0.832402 0.792266 0.724085 0.679994 0.859773 0.875458 0.623158 0.682833 0.857875 0.766011 0.835876 0.965266 0.865439 0.753391 0.988585 0.806617 0.635194 0.759561 0.757265 0.774074 0.797394 0.883736 0.921782 0.798381 0.792327 0.726921 0.851282 0.982125 0.587240 0.674341 0.907270 0.953733 0.894705 0.822637 0.807144 0.985532 0.762592 0.867756 0.764584 0.666899 0.978324 0.997936 0.612939 0.625551 0.594278 0.721280 0.744490 0.996129 0.958038 0.686309 0.680598 0.807991 0.810187 0.906880 0.566661 0.987487
0.860269 0.887089 0.867281 0.901245 0.732736 0.916677 0.977285 0.918982 0.953395 0.972246 0.961886 0.930442 0.901171 0.971149 0.904045 0.936219 0.943511 0.955055 0.947195 0.977748 0.891736 0.933024 0.966148 0.895009 0.953819 0.955747 0.874119 0.993865 0.977232 0.932491 0.863848 0.999773 0.923158 0.903820 0.987989 0.000000 0.773156 0.833162 0.953549 0.860650 0.778951 0.851904 0.976056 0.964877 0.962753 0.992397 0.976629 0.928963 0.904093 0.946692 0.966844 0.954918 0.940417 0.876141 0.959904 0.936680 0.828729 0.862320 0.904161 0.847553 0.921182 0.992766 0.949315 0.956065 0.839606 0.953098 0.988330 0.929868 0.813203 0.923152 0.883941 0.766186 0.839360 0.898158 0.869503 0.991926 0.960682 0.848916 0.994651 0.980219 0.870114 0.877562 0.931958 0.924548 0.881547 0.943873 0.936751 0.964611 0.898678 0.965467 0.942447 0.931119 0.909878 0.914204 0.866084 0.747549 0.851198 0.729117 0.958540 0.914072 0.783966 0.891863 0.834644 0.841631 0.946717 0.892970 0.902593 0.981867 0.862796 0.948372 0.966596 0.960581 0.974613 0.989518 0.951111 0.782848
0.718146 0.696087 0.586918 0.531709 0.785689 0.878631 0.847576 0.743418 0.760251 0.916661 0.920657 0.746797 0.818216 0.681416 0.885045 0.755970 0.673794 0.723972 0.660408 0.714013 0.748668 0.902280 0.732575 0.745081 0.520564 0.490907 0.662622 0.835212 0.895064 0.732769 0.603650 0.657489 0.672893 0.580171 0.603158 0.773156 0.000000 0.575876 0.603024 0.719418 0.961493 0.719538 0.847392 0.694333 0.991300 0.907796 0.691028 0.661925 0.974668 0.848881 0.921510 0.852312 0.958058 0.991982 0.680467 0.681623 0.711136 0.688577 0.764669 0.792470 0.866006 0.770937 0.757856 0.675422 0.806452 0.719507 0.754481 0.755882 0.733001 0.595088 0.865076 0.889028 0.663752 0.743372 0.943433 0.863938 0.809619 0.842261 0.693138 0.727063 0.719131 0.772085 0.718769 0.731148 0.809985 0.628524 0.969357 0.935326 0.623752 0.650747 0.724773 0.743114 0.734878 0.702532 0.924666 0.865309 0.929266 0.859143 0.956320 0.861434 0.871510 0.980221 0.805564 0.641995 0.756500 0.658526 0.764693 0.950887 0.967906 0.868919 0.942790 0.946778 0.988094 0.877001 0.638506 0.970371
0.737162 0.710998 0.664865 0.682507 0.818438 0.785989 0.890940 0.780594 0.849154 0.792598 0.867059 0.734102 0.777463 0.724548 0.904689 0.755660 0.774836 0.753258 0.792519 0.699583 0.752863 0.897212 0.889597 0.796594 0.646775 0.612511 0.826354 0.806072 0.898214 0.737184 0.844616 0.783140 0.807465 0.723507 0.928501 0.833162 0.575876 0.000000 0.720394 0.925711 0.919033 0.607387 0.907683 0.962785 0.783739 0.830574 0.973660 0.982252 0.786030 0.890130 0.875361 0.923722 0.925714 0.848760 0.873633 0.918435 0.738486 0.682510 0.936352 0.912815 0.819814 0.729220 0.801693 0.709681 0.773747 0.635756 0.953215 0.990795 0.690316 0.543817 0.943307 0.959138 0.844026 0.877149 0.796126 0.983085 0.977797 0.996338 0.780190 0.739848 0.768609 0.756533 0.709432 0.773446 0.868170 0.722288 0.981727 0.957151 0.670222 0.744072 0.725561 0.640087 0.778246 0.621698 0.838388 0.913313 0.944575 0.996777 0.851905 0.944851 0.903488 0.915279 0.898306 0.964434 0.937785 0.856078 0.855512 0.959142 0.867098 0.905252 0.851208 0.762508 0.736403 0.928842 0.874974 0.722049
