0.000000 0.288726 0.971345 0.802074 0.894358 0.897151 0.806838 0.584698 0.894700 0.507685 0.343004 0.378397 0.623378 0.598325 0.727459 0.953292 0.325227 0.290091 0.503588 0.414472 0.774566 0.987156 0.928718 0.858404 0.900490 0.984294 0.976573 0.886899 0.382149 0.432386 0.722552 0.758194 0.579163 0.550922 0.922049 0.881806 0.711108 0.952488 0.854607 0.808316 0.679489 0.732968 0.777663 0.698755 0.822383 0.638386 0.647856 0.627381 0.448898 0.564600 0.716600 0.704355 0.779160 0.914602 0.859488 0.750078 0.385362 0.411924 0.464687 0.549294 0.615032 0.702909 0.350394 0.345201 0.839064 0.815492 0.989046 0.998649 0.697702 0.771252 0.857681 0.811800 0.728717 0.825069 0.913491 0.940616 0.715891 0.773830 0.615268 0.490415 0.345920 0.353875 0.547775 0.649145 0.599944 0.806586 0.775084 0.985144 0.882975 0.571737 0.945699 0.785834 0.837522 0.652910 0.986704 0.952261 0.782071 0.902682 0.663488 0.776525 0.951933 0.958053 0.697752 0.720028 0.965664 0.889160 0.835327 0.981727 0.816511 0.905856 0.982160 0.833017 0.661168 0.917837 0.846909 0.904134
0.288726 0.000000 0.912088 0.914110 0.759722 0.776898 0.978029 0.610460 0.771007 0.598897 0.494490 0.447031 0.797087 0.695383 0.947652 0.935351 0.332810 0.348959 0.613450 0.412878 0.804384 0.952085 0.936861 0.762565 0.983983 0.987755 0.857907 0.812971 0.426611 0.515840 0.815241 0.806240 0.705319 0.601871 0.941125 0.998044 0.729763 0.966500 0.853237 0.716610 0.654638 0.784766 0.863358 0.733669 0.817209 0.638357 0.667082 0.695767 0.411278 0.607678 0.799548 0.816769 0.886484 0.958260 0.835919 0.759992 0.307375 0.263422 0.576624 0.583143 0.727846 0.698705 0.485204 0.408208 0.749866 0.778275 0.878556 0.996066 0.712418 0.649342 0.987467 0.970598 0.832616 0.975737 0.947865 0.918281 0.806590 0.816885 0.659652 0.563954 0.366664 0.342799 0.645928 0.583129 0.629728 0.832984 0.750920 0.938449 0.972492 0.623168 0.860430 0.631125 0.750544 0.549223 0.980513 0.969820 0.840696 0.858533 0.762341 0.895473 0.977800 0.880823 0.762988 0.874574 0.994928 0.952554 0.713176 0.866779 0.873480 0.927389 0.997333 0.904683 0.699596 0.906918 0.975207 0.855085
0.971345 0.912088 0.000000 0.410291 0.770663 0.745357 0.369493 0.593737 0.648359 0.750145 0.923390 0.986228 0.656057 0.908037 0.680066 0.815979 0.948929 0.972527 0.910597 0.972335 0.966652 0.978625 0.649674 0.905363 0.908741 0.508740 0.991917 0.916383 0.819348 0.837466 0.525305 0.601806 0.536525 0.689793 0.573147 0.895882 0.948067 0.910130 0.859488 0.828501 0.987303 0.901570 0.599071 0.605118 0.532737 0.600138 0.705502 0.592707 0.790754 0.589387 0.513145 0.548711 0.554315 0.514814 0.770544 0.798465 0.934361 0.832596 0.914175 0.999485 0.628547 0.744027 0.898683 0.940631 0.421957 0.695505 0.449521 0.550532 0.886906 0.922654 0.880303 0.858146 0.802234 0.644925 0.762746 0.965757 0.769784 0.657159 0.879938 0.914798 0.906090 0.890456 0.932096 0.949374 0.860803 0.996905 0.683715 0.991194 0.723400 0.989026 0.597662 0.608384 0.621755 0.694296 0.694335 0.938504 0.826156 0.837043 0.686901 0.615577 0.674496 0.603571 0.735674 0.589507 0.548213 0.546452 0.897522 0.827867 0.937569 0.925582 0.773196 0.764944 0.606731 0.777799 0.642765 0.931863
0.802074 0.914110 0.410291 0.000000 0.846975 0.761725 0.461175 0.478860 0.708797 0.636183 0.755899 0.727833 0.638276 0.699516 0.595656 0.743570 0.814913 0.839767 0.794125 0.750902 0.987727 0.938699 0.627401 0.832249 0.959100 0.664421 0.917962 0.972761 0.736369 0.783204 0.612784 0.675776 0.533067 0.669754 0.712778 0.874989 0.914715 0.843069 0.902665 0.956583 0.996595 0.888558 0.634479 0.615000 0.564616 0.565084 0.723821 0.605423 0.674204 0.496208 0.548557 0.553494 0.602742 0.628739 0.733434 0.866828 0.941305 0.997832 0.734471 0.880911 0.598797 0.531101 0.763756 0.786879 0.517131 0.638522 0.534852 0.633491 0.998724 0.856001 0.853490 0.837699 0.756397 0.718708 0.763258 0.990800 0.633751 0.774302 0.814166 0.939121 0.834742 0.909903 0.835985 0.889062 0.726834 0.784667 0.820667 0.935024 0.789704 0.766841 0.679773 0.739061 0.666858 0.805776 0.682282 0.970216 0.719092 0.849057 0.667623 0.653914 0.744045 0.706418 0.726998 0.688689 0.597977 0.645182 0.913628 0.846583 0.913982 0.944239 0.798265 0.750374 0.629161 0.923735 0.773078 0.960979
0.894358 0.759722 0.770663 0.846975 0.000000 0.740917 0.923691 0.949602 0.772656 0.897295 0.911591 0.865373 0.944668 0.958417 0.823281 0.815768 0.795204 0.816608 0.820717 0.817876 0.957532 0.930933 0.817050 0.761658 0.990228 0.790729 0.797272 0.850904 0.833069 0.916607 0.906537 0.931339 0.958392 0.911168 0.957736 0.959671 0.879445 0.967571 0.959103 0.892274 0.909314 0.917584 0.977920 0.998401 0.933781 0.936051 0.962389 0.985915 0.941844 0.966297 0.940832 0.898531 0.867580 0.919320 0.882900 0.819178 0.781729 0.712441 0.937643 0.890834 0.996104 0.974339 0.894704 0.852374 0.777753 0.811506 0.900364 0.956312 0.928097 0.867077 0.921670 0.914054 0.976405 0.962633 0.974363 0.897246 0.911647 0.900535 0.774583 0.957186 0.822714 0.774068 0.855495 0.796937 0.883036 0.819128 0.937331 0.978250 0.829969 0.862247 0.819961 0.743627 0.841778 0.749967 0.937738 0.974874 0.903290 0.949289 0.969477 0.977296 0.908479 0.786775 0.879764 0.975046 0.950567 0.872915 0.757769 0.816671 0.906421 0.930401 0.972630 0.942990 0.994598 0.937349 0.750169 0.752541
0.897151 0.776898 0.745357 0.761725 0.740917 0.000000 0.635651 0.688910 0.613048 0.798750 0.963147 0.953215 0.836948 0.888903 0.819002 0.765148 0.917912 0.858474 0.828025 0.824611 0.836917 0.908020 0.931314 0.987099 0.835568 0.827250 0.798898 0.823426 0.982695 0.975811 0.851563 0.784318 0.766103 0.928977 0.793114 0.985305 0.939603 0.904271 0.905876 0.894030 0.804284 0.900717 0.571672 0.661030 0.704588 0.747799 0.874535 0.812328 0.929204 0.783318 0.660263 0.672444 0.709154 0.626957 0.924456 0.864367 0.703900 0.619734 0.854245 0.919664 0.704253 0.723263 0.906346 0.927361 0.708807 0.583802 0.574146 0.595385 0.541514 0.859878 0.802951 0.751135 0.978474 0.791582 0.731171 0.970705 0.702277 0.786951 0.984764 0.987714 0.998203 0.780447 0.858899 0.832908 0.850657 0.953353 0.889443 0.793510 0.998681 0.863764 0.643251 0.608327 0.617311 0.622439 0.904860 0.889790 0.839971 0.760535 0.682268 0.610935 0.647131 0.674758 0.794424 0.766036 0.739301 0.660462 0.802792 0.670231 0.833600 0.911727 0.752582 0.614204 0.808194 0.861351 0.722781 0.924150
0.806838 0.978029 0.369493 0.461175 0.923691 0.635651 0.000000 0.426221 0.613166 0.429985 0.642389 0.763399 0.462363 0.734054 0.555526 0.749083 0.700992 0.728497 0.655397 0.900079 0.980412 0.988523 0.768543 0.932807 0.901400 0.736894 0.812317 0.969573 0.639004 0.580569 0.466955 0.506443 0.369211 0.462191 0.680298 0.978466 0.852632 0.758727 0.851562 0.926241 0.908843 0.914570 0.360339 0.396259 0.355864 0.445875 0.580218 0.413803 0.654096 0.510612 0.344034 0.410270 0.399527 0.382218 0.651236 0.661231 0.975812 0.874756 0.705318 0.987626 0.403114 0.619438 0.622371 0.644028 0.628213 0.740977 0.292152 0.426314 0.854393 0.972775 0.590370 0.538754 0.573061 0.495092 0.792746 0.918737 0.528399 0.529032 0.589574 0.729800 0.677667 0.963531 0.830658 0.820255 0.942918 0.855991 0.810366 0.883847 0.819907 0.848777 0.499896 0.545794 0.603945 0.669406 0.722607 0.774460 0.627795 0.689023 0.450542 0.349166 0.475737 0.475250 0.509594 0.395584 0.583289 0.502407 0.911530 0.710935 0.753620 0.880883 0.683967 0.534616 0.520254 0.720529 0.587379 0.983730
0.584698 0.610460 0.593737 0.478860 0.949602 0.688910 0.426221 0.000000 0.776386 0.354250 0.516292 0.436631 0.491711 0.461003 0.646457 0.748449 0.553492 0.623828 0.765142 0.687117 0.988621 0.933578 0.926417 0.870090 0.871522 0.733298 0.701814 0.783258 0.524359 0.570080 0.604674 0.592064 0.477706 0.454410 0.758113 0.967563 0.796789 0.827927 0.854944 0.898149 0.974924 0.899427 0.360270 0.359294 0.356675 0.326022 0.492254 0.388717 0.355719 0.320422 0.354732 0.378531 0.492000 0.542179 0.676895 0.624653 0.804159 0.810773 0.442965 0.650970 0.328618 0.316078 0.452646 0.421749 0.706183 0.643683 0.447275 0.450604 0.837411 0.835228 0.706014 0.684725 0.657659 0.615774 0.723667 0.962178 0.488145 0.589425 0.704991 0.756125 0.530006 0.749141 0.784128 0.813844 0.776239 0.944071 0.988065 0.931897 0.885174 0.624958 0.648139 0.801012 0.718119 0.943275 0.634400 0.854619 0.665118 0.770182 0.377105 0.359717 0.540250 0.653194 0.444623 0.537706 0.594304 0.651305 0.867753 0.749128 0.706042 0.845223 0.610002 0.444869 0.485550 0.787448 0.617889 0.920257
0.894700 0.771007 0.648359 0.708797 0.772656 0.613048 0.613166 0.776386 0.000000 0.754758 0.953283 0.942206 0.789477 0.983831 0.707481 0.855029 0.953529 0.882478 0.929215 0.826632 0.891077 0.969452 0.938742 0.909661 0.969537 0.725335 0.956530 0.857928 0.976242 0.964910 0.735670 0.763300 0.793953 0.950257 0.656569 0.910066 0.941844 0.815527 0.861658 0.947534 0.996539 0.924892 0.649385 0.759112 0.723017 0.825460 0.862775 0.733782 0.939471 0.761056 0.585735 0.540912 0.544120 0.536838 0.880454 0.799603 0.688013 0.620702 0.998019 0.972733 0.781923 0.759863 0.959140 0.975738 0.670164 0.671070 0.618324 0.762097 0.746440 0.789686 0.783904 0.709339 0.741514 0.607022 0.840592 0.916383 0.625200 0.749949 0.946477 0.938473 0.952585 0.759060 0.786611 0.696820 0.903525 0.921221 0.670255 0.739405 0.726334 0.990469 0.494289 0.454944 0.440417 0.536276 0.796558 0.939678 0.819049 0.712013 0.618098 0.558030 0.577120 0.611628 0.682066 0.670982 0.708693 0.746464 0.871519 0.677363 0.934574 0.855038 0.821204 0.666192 0.705341 0.831269 0.733320 0.881221
0.507685 0.598897 0.750145 0.636183 0.897295 0.798750 0.429985 0.354250 0.754758 0.000000 0.387710 0.408058 0.433128 0.497066 0.548310 0.702847 0.382924 0.428360 0.533990 0.601711 0.822110 0.956084 0.803168 0.942197 0.840040 0.938530 0.757087 0.942883 0.389051 0.362302 0.477689 0.551971 0.436071 0.428945 0.966708 0.988609 0.690505 0.740423 0.972572 0.909797 0.836002 0.800659 0.441650 0.437096 0.450973 0.418354 0.496441 0.420159 0.412257 0.488763 0.443033 0.517487 0.559062 0.659012 0.719203 0.669118 0.702703 0.803316 0.488980 0.819639 0.435584 0.492308 0.395830 0.330887 0.974487 0.921072 0.596894 0.649389 0.953727 0.860401 0.571875 0.493163 0.533198 0.514418 0.825954 0.945660 0.553185 0.549379 0.561921 0.523602 0.363502 0.549464 0.645186 0.678561 0.718385 0.955043 0.934680 0.955509 0.897262 0.632881 0.734720 0.908584 0.867102 0.934082 0.874245 0.852013 0.614278 0.921358 0.475315 0.427850 0.615110 0.769178 0.458057 0.465675 0.689758 0.688257 0.888275 0.815619 0.675607 0.907376 0.771099 0.577132 0.626319 0.847900 0.710376 0.817979
0.343004 0.494490 0.923390 0.755899 0.911591 0.963147 0.642389 0.516292 0.953283 0.387710 0.000000 0.331269 0.415570 0.481660 0.574794 0.737199 0.328516 0.317237 0.442721 0.509669 0.964477 0.976059 0.897244 0.872291 0.750102 0.953608 0.938143 0.952197 0.363081 0.351233 0.737968 0.769361 0.501113 0.552939 0.880049 0.993689 0.752993 0.878984 0.994356 0.805059 0.735254 0.759273 0.653359 0.632196 0.736617 0.610878 0.635340 0.605258 0.506949 0.559821 0.633269 0.640926 0.712137 0.775395 0.796120 0.741783 0.601219 0.635385 0.416426 0.670278 0.477496 0.605792 0.308380 0.296010 0.878452 0.948837 0.754154 0.848425 0.851429 0.886644 0.756015 0.616973 0.577119 0.647728 0.912447 0.955733 0.650234 0.668661 0.512564 0.571618 0.397669 0.456725 0.592124 0.686464 0.750644 0.885766 0.892450 0.993981 0.942943 0.585844 0.820349 0.938186 0.934884 0.766696 0.989682 0.864081 0.693289 0.944539 0.591756 0.632920 0.789819 0.847459 0.671652 0.566009 0.847869 0.831203 0.839828 0.952035 0.812676 0.862377 0.975365 0.732258 0.703344 0.954486 0.802993 0.887982
0.378397 0.447031 0.986228 0.727833 0.865373 0.953215 0.763399 0.436631 0.942206 0.408058 0.331269 0.000000 0.488279 0.323121 0.599592 0.683240 0.353673 0.367423 0.576334 0.483104 0.974828 0.993858 0.897574 0.992342 0.739966 0.886024 0.843534 0.838731 0.432087 0.428817 0.767468 0.794461 0.600883 0.512173 0.874572 0.859038 0.741508 0.908329 0.999879 0.751221 0.855290 0.851637 0.637440 0.605276 0.686887 0.544535 0.636557 0.562691 0.396632 0.538321 0.675601 0.700543 0.802332 0.910758 0.840634 0.750740 0.609706 0.575844 0.439083 0.587687 0.488380 0.447495 0.307631 0.267639 0.917158 0.882506 0.819819 0.806237 0.905349 0.854846 0.746154 0.671425 0.738712 0.790615 0.895360 0.984728 0.633373 0.730563 0.653191 0.637949 0.420643 0.454456 0.633110 0.727284 0.629970 0.674966 0.872694 0.853111 0.941075 0.541767 0.964337 0.767744 0.830774 0.635164 0.952474 0.818095 0.843066 0.917130 0.610990 0.665878 0.841278 0.957734 0.695956 0.712175 0.857884 0.923833 0.669368 0.983204 0.771299 0.911708 0.925759 0.764127 0.741707 0.918572 0.807652 0.812680
0.623378 0.797087 0.656057 0.638276 0.944668 0.836948 0.462363 0.491711 0.789477 0.433128 0.415570 0.488279 0.000000 0.497009 0.377599 0.517441 0.540421 0.557739 0.599100 0.817399 0.934966 0.965687 0.726429 0.967816 0.825196 0.978882 0.950808 0.985135 0.525547 0.432916 0.558823 0.652523 0.436907 0.523523 0.931229 0.995975 0.851029 0.961703 0.983755 0.928913 0.935020 0.855701 0.478555 0.474468 0.594383 0.525701 0.559037 0.515331 0.624363 0.543025 0.568034 0.563981 0.632288 0.653336 0.816986 0.839880 0.785490 0.862036 0.442306 0.716516 0.403304 0.641182 0.377908 0.394839 0.757440 0.918186 0.462505 0.620540 0.873388 0.949949 0.623682 0.573352 0.680223 0.654254 0.880291 0.916532 0.573520 0.500920 0.571530 0.723337 0.629830 0.743338 0.654426 0.870610 0.868144 0.945145 0.964947 0.985771 0.780317 0.731526 0.717862 0.886606 0.850168 0.937422 0.790451 0.774847 0.630804 0.917565 0.499523 0.490091 0.602269 0.722876 0.495658 0.487883 0.573243 0.632668 0.874846 0.850080 0.780946 0.790102 0.820117 0.658021 0.611863 0.827294 0.585318 0.886932
0.598325 0.695383 0.908037 0.699516 0.958417 0.888903 0.734054 0.461003 0.983831 0.497066 0.481660 0.323121 0.497009 0.000000 0.500715 0.490038 0.549746 0.580663 0.670998 0.633829 0.977505 0.900732 0.708914 0.779080 0.725485 0.860433 0.871054 0.947360 0.490443 0.477241 0.708123 0.720645 0.579334 0.510170 0.946504 0.857834 0.766348 0.982173 0.931359 0.779701 0.980552 0.839690 0.634951 0.617431 0.672101 0.541212 0.702506 0.615313 0.530697 0.551060 0.680703 0.719953 0.842612 0.899077 0.911433 0.870965 0.823300 0.775079 0.543635 0.709713 0.540161 0.459569 0.385620 0.393340 0.985277 0.768555 0.690557 0.742649 0.990586 0.890633 0.696541 0.702426 0.770128 0.778262 0.737720 0.955631 0.723560 0.739619 0.775132 0.807439 0.591906 0.607630 0.713034 0.821124 0.628528 0.572347 0.949078 0.796416 0.994383 0.607543 0.997838 0.806732 0.838903 0.657385 0.779784 0.872671 0.946065 0.837483 0.705518 0.665489 0.844591 0.908579 0.782513 0.685721 0.779281 0.867375 0.800021 0.966011 0.773888 0.906848 0.838464 0.759107 0.784822 0.968049 0.870183 0.845983
0.727459 0.947652 0.680066 0.595656 0.823281 0.819002 0.555526 0.646457 0.707481 0.548310 0.574794 0.599592 0.377599 0.500715 0.000000 0.380434 0.644765 0.665268 0.588367 0.785247 0.954716 0.965197 0.466679 0.761504 0.880240 0.978632 0.894485 0.979944 0.612305 0.471151 0.446009 0.602545 0.464821 0.503385 0.952644 0.946683 0.821837 0.935848 0.999282 0.955712 0.888110 0.797539 0.638272 0.628177 0.713339 0.615978 0.773310 0.626218 0.760103 0.618734 0.698983 0.664000 0.702675 0.774697 0.975700 0.982668 0.876879 0.951901 0.700661 0.880243 0.653140 0.707967 0.465783 0.546570 0.768440 0.921083 0.559926 0.779495 0.969025 0.992087 0.579788 0.625123 0.650736 0.662304 0.849071 0.909108 0.589846 0.612907 0.735270 0.693103 0.678478 0.781326 0.739060 0.910492 0.669423 0.683114 0.852602 0.889519 0.809872 0.750271 0.849271 0.887922 0.923072 0.936123 0.808371 0.800381 0.796058 0.914199 0.727960 0.674222 0.683752 0.748363 0.708897 0.498503 0.726263 0.683585 0.994422 0.889338 0.799264 0.840577 0.889082 0.827929 0.767807 0.821196 0.637535 0.896986
0.953292 0.935351 0.815979 0.743570 0.815768 0.765148 0.749083 0.748449 0.855029 0.702847 0.737199 0.683240 0.517441 0.490038 0.380434 0.000000 0.823756 0.869657 0.777889 0.995183 0.970731 0.963594 0.545957 0.614353 0.807154 0.847643 0.988235 0.992199 0.755123 0.597644 0.626525 0.732012 0.630728 0.704009 0.984009 0.936106 0.836939 0.908380 0.991588 0.992379 0.926995 0.978064 0.678261 0.666228 0.820627 0.738749 0.849628 0.729362 0.864784 0.839240 0.875775 0.904259 0.979235 0.999617 0.945369 0.843861 0.981063 0.948790 0.758964 0.904678 0.748738 0.770496 0.605420 0.643705 0.800629 0.856709 0.654281 0.755285 0.831266 0.968590 0.660194 0.673649 0.921121 0.807628 0.827777 0.971313 0.831352 0.634551 0.849729 0.888355 0.854040 0.900595 0.885741 0.982842 0.755641 0.603371 0.859590 0.810510 0.912874 0.812773 0.941784 0.933728 0.929832 0.841213 0.832922 0.812842 0.889162 0.858664 0.910226 0.840794 0.838279 0.908746 0.833584 0.712474 0.798549 0.740210 0.975583 0.990417 0.825992 0.833149 0.894871 0.904736 0.850638 0.859923 0.817438 0.947994
0.325227 0.332810 0.948929 0.814913 0.795204 0.917912 0.700992 0.553492 0.953529 0.382924 0.328516 0.353673 0.540421 0.549746 0.644765 0.823756 0.000000 0.208655 0.394878 0.395735 0.809670 0.911482 0.895173 0.846451 0.846816 0.871780 0.829053 0.990115 0.315538 0.263031 0.657150 0.648459 0.478726 0.431592 0.950338 0.949576 0.716015 0.851428 0.944701 0.743794 0.630136 0.764619 0.675157 0.597405 0.664594 0.523166 0.576109 0.527424 0.420874 0.608717 0.692402 0.778377 0.795757 0.922248 0.736758 0.735116 0.355194 0.421667 0.558729 0.747950 0.596262 0.685893 0.321213 0.262932 0.751225 0.783889 0.856957 0.856138 0.777839 0.758052 0.785060 0.634282 0.622077 0.763814 0.934035 0.932860 0.668367 0.639603 0.484035 0.450069 0.252991 0.349359 0.553872 0.517273 0.668649 0.865949 0.908137 0.920019 0.933310 0.660134 0.914448 0.743295 0.780047 0.611966 0.952216 0.841391 0.806632 0.848554 0.670205 0.701761 0.917980 0.989332 0.681424 0.602283 0.900974 0.915247 0.722509 0.917465 0.812293 0.905204 0.958710 0.801757 0.652717 0.955953 0.829916 0.858223
0.290091 0.348959 0.972527 0.839767 0.816608 0.858474 0.728497 0.623828 0.882478 0.428360 0.317237 0.367423 0.557739 0.580663 0.665268 0.869657 0.208655 0.000000 0.351880 0.372205 0.765964 0.916724 0.874076 0.894909 0.891424 0.866245 0.865938 0.987264 0.308973 0.291512 0.683484 0.699515 0.507246 0.477249 0.887711 0.974089 0.710473 0.858273 0.932479 0.773856 0.610764 0.769981 0.751003 0.650034 0.753381 0.598931 0.681665 0.565516 0.484846 0.658109 0.743458 0.798930 0.805090 0.917258 0.765492 0.725428 0.350834 0.426503 0.588005 0.788227 0.641552 0.782040 0.331745 0.299942 0.718664 0.721395 0.915661 0.957980 0.699913 0.783772 0.758737 0.638526 0.611913 0.731179 0.979667 0.981019 0.674388 0.639645 0.480678 0.429442 0.274495 0.312251 0.517331 0.539522 0.664434 0.889234 0.903882 0.884015 0.936776 0.688145 0.934942 0.750001 0.742070 0.615184 0.924122 0.836588 0.819259 0.865438 0.688468 0.731189 0.971316 0.996447 0.706812 0.650886 0.910238 0.944160 0.765085 0.946681 0.873346 0.970946 0.969828 0.876033 0.667054 0.966046 0.870044 0.896829
0.503588 0.613450 0.910597 0.794125 0.820717 0.828025 0.655397 0.765142 0.929215 0.533990 0.442721 0.576334 0.599100 0.670998 0.588367 0.777889 0.394878 0.351880 0.000000 0.434504 0.753429 0.948208 0.636952 0.918207 0.994886 0.790229 0.954507 0.863119 0.441952 0.399329 0.635100 0.682339 0.477838 0.538443 0.835749 0.993385 0.728020 0.829397 0.909839 0.960712 0.671917 0.800244 0.872055 0.789765 0.823789 0.737016 0.776608 0.679749 0.723470 0.799514 0.869940 0.944438 0.929380 0.997623 0.808208 0.796606 0.476423 0.623400 0.760343 0.907272 0.816469 0.923775 0.495391 0.505765 0.809000 0.640446 0.872361 0.975993 0.625269 0.729265 0.627576 0.664054 0.588573 0.684431 0.944083 0.988523 0.661156 0.694117 0.528275 0.448585 0.399589 0.411307 0.527904 0.501007 0.633365 0.852817 0.999695 0.753820 0.981719 0.709890 0.905585 0.820351 0.773187 0.738514 0.904647 0.750288 0.821130 0.826891 0.852099 0.846011 0.991962 0.996075 0.796332 0.616511 0.952116 0.864652 0.934130 0.813382 0.895878 0.999471 0.958373 0.946071 0.769072 0.912073 0.961990 0.777794
0.414472 0.412878 0.972335 0.750902 0.817876 0.824611 0.900079 0.687117 0.826632 0.601711 0.509669 0.483104 0.817399 0.633829 0.785247 0.995183 0.395735 0.372205 0.434504 0.000000 0.806354 0.979749 0.770004 0.965910 0.972841 0.949009 0.994319 0.954450 0.447324 0.489162 0.795749 0.779834 0.657301 0.610374 0.842862 0.894114 0.780510 0.739238 0.950821 0.797477 0.616779 0.702928 0.991737 0.901380 0.893166 0.741321 0.841719 0.750880 0.574483 0.673509 0.898545 0.940861 0.982822 0.909288 0.819260 0.822003 0.446248 0.449990 0.748054 0.919422 0.905148 0.754403 0.588034 0.548712 0.716513 0.755114 0.887400 0.887046 0.538888 0.607726 0.876633 0.938184 0.668744 0.798378 0.945980 0.884776 0.714221 0.887305 0.684323 0.565901 0.381563 0.308888 0.472622 0.494302 0.558828 0.720186 0.875256 0.744781 0.848577 0.683307 0.795341 0.666764 0.735342 0.609641 0.927656 0.949692 0.952160 0.817901 0.935604 0.973935 0.874006 0.883806 0.948198 0.866177 0.996405 0.936066 0.854354 0.836564 0.997765 0.961011 0.967412 0.949904 0.850479 0.994409 0.918948 0.812925
0.774566 0.804384 0.966652 0.987727 0.957532 0.836917 0.980412 0.988621 0.891077 0.822110 0.964477 0.974828 0.934966 0.977505 0.954716 0.970731 0.809670 0.765964 0.753429 0.806354 0.000000 0.940858 0.897705 0.934756 0.977807 0.908305 0.977202 0.826113 0.843276 0.871387 0.769441 0.865480 0.880784 0.897182 0.814548 0.943449 0.805218 0.974772 0.757616 0.868508 0.825746 0.881805 0.979920 0.885421 0.990962 0.922302 0.895944 0.877130 0.888917 0.910794 0.968382 0.910809 0.875727 0.836555 0.891219 0.931159 0.740123 0.840657 0.991359 0.917430 0.915486 0.902542 0.905573 0.898734 0.919833 0.759622 0.846272 0.890582 0.777341 0.837437 0.918194 0.840497 0.927154 0.883772 0.833923 0.955200 0.977290 0.905764 0.944535 0.693114 0.746292 0.734894 0.778077 0.783578 0.805613 0.976324 0.898755 0.932026 0.963816 0.925186 0.820732 0.886723 0.854975 0.854923 0.980863 0.928587 0.967603 0.966036 0.990776 0.965589 0.886317 0.927774 0.891489 0.886009 0.868563 0.880401 0.973554 0.880682 0.983425 0.753875 0.998110 0.944340 0.959372 0.932728 0.894148 0.946313
0.987156 0.952085 0.978625 0.938699 0.930933 0.908020 0.988523 0.933578 0.969452 0.956084 0.976059 0.993858 0.965687 0.900732 0.965197 0.963594 0.911482 0.916724 0.948208 0.979749 0.940858 0.000000 0.918262 0.889469 0.905750 0.983234 0.932318 0.917489 0.970123 0.940278 0.929240 0.991876 0.980736 0.928197 0.900431 0.757258 0.928631 0.742690 0.910005 0.974010 0.990442 0.898954 0.994636 0.994372 0.952361 0.987635 0.964123 0.924666 0.948735 0.950980 0.980614 0.955164 0.981485 0.985823 0.928064 0.910981 0.994097 0.996367 0.811153 0.977202 0.922247 0.963116 0.958327 0.990983 0.940724 0.980698 0.974480 0.979099 0.994848 0.877506 0.908647 0.896720 0.977313 0.936457 0.950784 0.960378 0.979767 0.971355 0.858290 0.987402 0.932005 0.953597 0.942639 0.919708 0.929311 0.967356 0.976906 0.941763 0.969348 0.908110 0.923818 0.922832 0.943065 0.975610 0.949984 0.916193 0.939842 0.876070 0.926610 0.926202 0.979345 0.822743 0.946394 0.869252 0.892219 0.984975 0.964568 0.827514 0.940206 0.940663 0.938614 0.970528 0.988185 0.914018 0.952398 0.945120
0.928718 0.936861 0.649674 0.627401 0.817050 0.931314 0.768543 0.926417 0.938742 0.803168 0.897244 0.897574 0.726429 0.708914 0.466679 0.545957 0.895173 0.874076 0.636952 0.770004 0.897705 0.918262 0.000000 0.422121 0.827495 0.993226 0.703947 0.729064 0.782884 0.715877 0.551562 0.723988 0.644829 0.760089 0.936384 0.934954 0.822319 0.966815 0.972072 0.836558 0.927788 0.745194 0.922775 0.981489 0.996474 0.937718 0.991467 0.954360 0.974240 0.886810 0.990802 0.980042 0.980682 0.918586 0.850754 0.761848 0.933614 0.984242 0.963521 0.773104 0.905101 0.971471 0.876690 0.933544 0.836476 0.875890 0.879190 0.864121 0.743164 0.832112 0.697268 0.918766 0.736240 0.730101 0.853399 0.979052 0.881936 0.824633 0.998813 0.845132 0.873807 0.778075 0.719144 0.869561 0.522650 0.525848 0.777008 0.612803 0.850692 0.959121 0.885131 0.961067 0.949307 0.877653 0.858650 0.954453 0.893982 0.695165 0.852215 0.939231 0.929143 0.969258 0.962340 0.752853 0.886023 0.797570 0.907689 0.879140 0.944539 0.970585 0.970646 0.870722 0.974920 0.960249 0.993477 0.858884
0.858404 0.762565 0.905363 0.832249 0.761658 0.987099 0.932807 0.870090 0.909661 0.942197 0.872291 0.992342 0.967816 0.779080 0.761504 0.614353 0.846451 0.894909 0.918207 0.965910 0.934756 0.889469 0.422121 0.000000 0.898899 0.883183 0.855159 0.747769 0.956081 0.980547 0.902663 0.975156 0.995584 0.968879 0.864553 0.832242 0.947369 0.951323 0.898978 0.987602 0.844339 0.827409 0.798331 0.825389 0.849680 0.901829 0.785801 0.844484 0.850876 0.906211 0.783109 0.744889 0.749288 0.730038 0.653170 0.731676 0.835706 0.853312 0.803319 0.804235 0.753339 0.914721 0.920784 0.884637 0.905804 0.975375 0.919578 0.771290 0.907180 0.927489 0.874102 0.980719 0.864690 0.980193 0.997456 0.966255 0.842377 0.892349 0.772789 0.910854 0.893446 0.957538 0.904658 0.941252 0.673732 0.520923 0.847264 0.575907 0.977915 0.967773 0.715795 0.808538 0.769181 0.841733 0.970412 0.956700 0.805330 0.663696 0.620453 0.734552 0.772216 0.763225 0.715836 0.930679 0.985890 0.982941 0.936161 0.787532 0.985328 0.828633 0.881957 0.787646 0.758294 0.934195 0.772875 0.918479
0.900490 0.983983 0.908741 0.959100 0.990228 0.835568 0.901400 0.871522 0.969537 0.840040 0.750102 0.739966 0.825196 0.725485 0.880240 0.807154 0.846816 0.891424 0.994886 0.972841 0.977807 0.905750 0.827495 0.898899 0.000000 0.660390 0.737006 0.993799 0.862378 0.820239 0.938410 0.990476 0.902820 0.886973 0.928029 0.960488 0.819533 0.990127 0.905860 0.878048 0.944855 0.849273 0.754120 0.827254 0.936075 0.934542 0.819336 0.867175 0.899471 0.989221 0.837380 0.927872 0.956272 0.873035 0.770019 0.956548 0.920477 0.926778 0.796277 0.844817 0.715441 0.804137 0.729590 0.733664 0.844049 0.853594 0.821455 0.766256 0.906790 0.768387 0.982722 0.750210 0.920065 0.905797 0.954281 0.873423 0.961129 0.876814 0.826240 0.992498 0.972056 0.913914 0.958489 0.875525 0.860327 0.979267 0.823831 0.824267 0.819350 0.873400 0.901869 0.960532 0.909389 0.927806 0.991819 0.966224 0.888269 0.948341 0.790795 0.814910 0.829620 0.830394 0.955308 0.876101 0.962593 0.961010 0.850661 0.918379 0.883802 0.894480 0.978039 0.893069 0.962045 0.903986 0.766018 0.819520
0.984294 0.987755 0.508740 0.664421 0.790729 0.827250 0.736894 0.733298 0.725335 0.938530 0.953608 0.886024 0.978882 0.860433 0.978632 0.847643 0.871780 0.866245 0.790229 0.949009 0.908305 0.983234 0.993226 0.883183 0.660390 0.000000 0.939770 0.919717 0.953533 0.909876 0.735395 0.778495 0.823376 0.886433 0.625949 0.905196 0.914515 0.859160 0.869210 0.902834 0.950115 0.956509 0.794417 0.788294 0.667950 0.707020 0.931403 0.789197 0.795867 0.581922 0.637844 0.549404 0.591567 0.619754 0.949242 0.863166 0.883287 0.954805 0.998859 0.857794 0.795564 0.700760 0.910779 0.918832 0.536038 0.644515 0.770793 0.721520 0.886465 0.854616 0.944784 0.805047 0.966552 0.881160 0.929062 0.983481 0.872201 0.914953 0.923470 0.996414 0.995663 0.858785 0.946232 0.987915 0.900120 0.952747 0.738005 0.832760 0.718659 0.952632 0.621977 0.678568 0.591218 0.680550 0.765868 0.885569 0.963245 0.720753 0.828813 0.800111 0.729782 0.684320 0.828821 0.877730 0.667279 0.777920 0.854753 0.767643 0.963809 0.933693 0.759521 0.767771 0.731545 0.814232 0.815793 0.796616
0.976573 0.857907 0.991917 0.917962 0.797272 0.798898 0.812317 0.701814 0.956530 0.757087 0.938143 0.843534 0.950808 0.871054 0.894485 0.988235 0.829053 0.865938 0.954507 0.994319 0.977202 0.932318 0.703947 0.855159 0.737006 0.939770 0.000000 0.892412 0.802506 0.864736 0.973718 0.849576 0.930489 0.800353 0.801708 0.984657 0.899666 0.962739 0.855993 0.842386 0.982725 0.893735 0.625491 0.583225 0.641159 0.676945 0.806515 0.633134 0.697103 0.894207 0.654932 0.761811 0.750609 0.714642 0.609569 0.589274 0.967463 0.986923 0.840041 0.903771 0.685786 0.704773 0.801216 0.750094 0.935176 0.831089 0.749244 0.592201 0.713888 0.831447 0.932774 0.741254 0.982612 0.949591 0.959271 0.995139 0.862741 0.926318 0.758717 0.992757 0.881233 0.954107 0.887727 0.938691 0.793570 0.794547 0.830545 0.845233 0.881018 0.884568 0.940115 0.969008 0.912909 0.955620 0.960548 0.993776 0.962780 0.762754 0.646981 0.695877 0.795572 0.853259 0.808515 0.972418 0.835292 0.994452 0.874441 0.815420 0.856395 0.923817 0.843248 0.784007 0.731804 0.938446 0.870252 0.928744
0.886899 0.812971 0.916383 0.972761 0.850904 0.823426 0.969573 0.783258 0.857928 0.942883 0.952197 0.838731 0.985135 0.947360 0.979944 0.992199 0.990115 0.987264 0.863119 0.954450 0.826113 0.917489 0.729064 0.747769 0.993799 0.919717 0.892412 0.000000 0.982544 0.959506 0.986152 0.870124 0.993287 0.918872 0.959389 0.962893 0.919223 0.952405 0.981283 0.889227 0.948643 0.907021 0.816590 0.818546 0.845086 0.892125 0.980488 0.830396 0.795581 0.814127 0.785918 0.772981 0.823023 0.858915 0.928368 0.919220 0.980098 0.977955 0.811592 0.725009 0.771149 0.786640 0.871557 0.865812 0.981808 0.799881 0.877477 0.834104 0.781068 0.926753 0.951847 0.949855 0.999200 0.972969 0.921895 0.950200 0.849940 0.946877 0.998415 0.892480 0.946164 0.931956 0.753466 0.887677 0.996093 0.999339 0.831798 0.835453 0.831613 0.865693 0.812344 0.928438 0.876888 0.910982 0.855505 0.785129 0.931524 0.781752 0.733958 0.815073 0.709688 0.874277 0.840662 0.995256 0.931095 0.981400 0.950400 0.879774 0.994651 0.928358 0.930240 0.808072 0.779139 0.907513 0.885274 0.901703
0.382149 0.426611 0.819348 0.736369 0.833069 0.982695 0.639004 0.524359 0.976242 0.389051 0.363081 0.432087 0.525547 0.490443 0.612305 0.755123 0.315538 0.308973 0.441952 0.447324 0.843276 0.970123 0.782884 0.956081 0.862378 0.953533 0.802506 0.982544 0.000000 0.283454 0.544223 0.519994 0.414581 0.367407 0.953885 0.917101 0.724973 0.826737 0.996250 0.745337 0.719859 0.720265 0.640927 0.571464 0.624795 0.470770 0.658388 0.520864 0.422363 0.531918 0.593632 0.669002 0.697929 0.795658 0.723289 0.644247 0.511062 0.522647 0.548176 0.789151 0.541902 0.603123 0.341558 0.315017 0.858146 0.901674 0.772507 0.798535 0.781034 0.717993 0.783890 0.706268 0.609376 0.688252 0.825746 0.975878 0.712034 0.576433 0.465239 0.481802 0.299859 0.392977 0.507206 0.550163 0.561687 0.800578 0.954951 0.829948 0.927267 0.643299 0.979512 0.779645 0.849586 0.647581 0.998576 0.861086 0.767867 0.917295 0.672474 0.664910 0.895906 0.870130 0.677401 0.610719 0.743293 0.883945 0.798049 0.973266 0.904155 0.967888 0.912449 0.858664 0.629094 0.904775 0.880294 0.789499
0.432386 0.515840 0.837466 0.783204 0.916607 0.975811 0.580569 0.570080 0.964910 0.362302 0.351233 0.428817 0.432916 0.477241 0.471151 0.597644 0.263031 0.291512 0.399329 0.489162 0.871387 0.940278 0.715877 0.980547 0.820239 0.909876 0.864736 0.959506 0.283454 0.000000 0.488525 0.537585 0.381130 0.356885 0.984162 0.955180 0.700182 0.875581 0.964693 0.786588 0.687987 0.759740 0.593219 0.518161 0.613356 0.480288 0.605842 0.485371 0.476380 0.588326 0.658261 0.731215 0.737800 0.843070 0.765948 0.791348 0.498152 0.561357 0.595786 0.824290 0.562955 0.695706 0.307915 0.277729 0.871989 0.842044 0.734403 0.774623 0.865944 0.761763 0.718558 0.594841 0.626585 0.693655 0.962019 0.974257 0.693947 0.556465 0.446328 0.484681 0.294292 0.426549 0.526631 0.535874 0.642059 0.795911 0.987637 0.876458 0.937230 0.710919 0.930224 0.778941 0.782127 0.616494 0.994344 0.835916 0.769514 0.822764 0.725884 0.689259 0.850246 0.904817 0.704497 0.553897 0.831361 0.878234 0.834764 0.964516 0.781661 0.915311 0.924504 0.804446 0.648932 0.832838 0.774563 0.852928
0.722552 0.815241 0.525305 0.612784 0.906537 0.851563 0.466955 0.604674 0.735670 0.477689 0.737968 0.767468 0.558823 0.708123 0.446009 0.626525 0.657150 0.683484 0.635100 0.795749 0.769441 0.929240 0.551562 0.902663 0.938410 0.735395 0.973718 0.986152 0.544223 0.488525 0.000000 0.403148 0.420014 0.447062 0.824502 0.991877 0.725895 0.830241 0.844028 0.983365 0.875583 0.803221 0.521787 0.487559 0.495673 0.445159 0.658233 0.522573 0.634741 0.552032 0.563139 0.568728 0.567732 0.662292 0.862295 0.843189 0.785244 0.873875 0.874019 0.966293 0.677846 0.734952 0.620809 0.623210 0.780604 0.927322 0.620445 0.669746 0.976456 0.864245 0.604709 0.675382 0.641737 0.559678 0.772301 0.957635 0.620051 0.506825 0.700270 0.608988 0.583497 0.788764 0.781113 0.771944 0.634887 0.842882 0.816782 0.977892 0.784992 0.801410 0.806309 0.874505 0.858306 0.993635 0.743249 0.899554 0.758132 0.996064 0.708875 0.637846 0.613224 0.681345 0.601241 0.495687 0.634761 0.687392 0.976441 0.899135 0.772428 0.992511 0.746754 0.788586 0.575614 0.779421 0.730536 0.968719
0.758194 0.806240 0.601806 0.675776 0.931339 0.784318 0.506443 0.592064 0.763300 0.551971 0.769361 0.794461 0.652523 0.720645 0.602545 0.732012 0.648459 0.699515 0.682339 0.779834 0.865480 0.991876 0.723988 0.975156 0.990476 0.778495 0.849576 0.870124 0.519994 0.537585 0.403148 0.000000 0.413774 0.450474 0.667505 0.936568 0.796265 0.779806 0.725313 0.935148 0.807097 0.769257 0.527061 0.498107 0.493836 0.457143 0.631431 0.483166 0.603521 0.559563 0.544975 0.601114 0.599642 0.657202 0.809583 0.685063 0.809895 0.906346 0.905309 0.978915 0.695279 0.661278 0.676174 0.634890 0.881525 0.915947 0.639958 0.648235 0.914491 0.746533 0.605455 0.697490 0.661375 0.661373 0.676168 0.900289 0.611902 0.527682 0.711959 0.601005 0.563574 0.790582 0.745248 0.803201 0.714286 0.838680 0.660870 0.984081 0.955415 0.821344 0.852694 0.913983 0.876941 0.990490 0.864453 0.862404 0.781305 0.923295 0.711976 0.595613 0.747783 0.722086 0.615395 0.555080 0.605299 0.817180 0.940114 0.853167 0.801508 0.990554 0.751689 0.668433 0.608727 0.696966 0.758942 0.905443
0.579163 0.705319 0.536525 0.533067 0.958392 0.766103 0.369211 0.477706 0.793953 0.436071 0.501113 0.600883 0.436907 0.579334 0.464821 0.630728 0.478726 0.507246 0.477838 0.657301 0.880784 0.980736 0.644829 0.995584 0.902820 0.823376 0.930489 0.993287 0.414581 0.381130 0.420014 0.413774 0.000000 0.386115 0.831155 0.874824 0.671742 0.782544 0.840569 0.888723 0.831425 0.799411 0.502818 0.435213 0.468241 0.425104 0.671389 0.431632 0.581070 0.530928 0.518628 0.583337 0.620495 0.661216 0.722149 0.820028 0.696623 0.803952 0.692197 0.950874 0.531825 0.629542 0.472488 0.465753 0.847335 0.944177 0.513892 0.608141 0.932598 0.720696 0.592195 0.543262 0.580228 0.588983 0.798461 0.997649 0.583635 0.472589 0.551668 0.509810 0.462587 0.669660 0.650839 0.635901 0.681261 0.842879 0.857210 0.905256 0.883921 0.734900 0.826985 0.922982 0.933646 0.921753 0.847989 0.807374 0.654886 0.907497 0.636320 0.567899 0.706410 0.711165 0.596093 0.442767 0.673252 0.646647 0.994149 0.897298 0.756558 0.981237 0.807926 0.633466 0.537824 0.788054 0.730679 0.922793
0.550922 0.601871 0.689793 0.669754 0.911168 0.928977 0.462191 0.454410 0.950257 0.428945 0.552939 0.512173 0.523523 0.510170 0.503385 0.704009 0.431592 0.477249 0.538443 0.610374 0.897182 0.928197 0.760089 0.968879 0.886973 0.886433 0.800353 0.918872 0.367407 0.356885 0.447062 0.450474 0.386115 0.000000 0.797762 0.925157 0.770217 0.757852 0.866588 0.876961 0.848520 0.817551 0.482607 0.408741 0.426002 0.361978 0.579346 0.428055 0.454221 0.487409 0.532002 0.589911 0.592734 0.694343 0.752782 0.710490 0.647000 0.664799 0.665404 0.848977 0.507547 0.547508 0.398532 0.404162 0.972571 0.927850 0.577568 0.567120 0.964195 0.797602 0.661147 0.627148 0.641174 0.677102 0.840090 0.994681 0.581769 0.596782 0.535785 0.551944 0.426043 0.626257 0.606196 0.563761 0.679954 0.854793 0.923232 0.919136 0.987672 0.736974 0.933798 0.927519 0.953692 0.830181 0.858920 0.739683 0.778749 0.923800 0.621608 0.571405 0.742352 0.746642 0.626138 0.545999 0.760571 0.835169 0.864561 0.961823 0.767059 0.930875 0.835149 0.682208 0.594183 0.839111 0.736594 0.856274
0.922049 0.941125 0.573147 0.712778 0.957736 0.793114 0.680298 0.758113 0.656569 0.966708 0.880049 0.874572 0.931229 0.946504 0.952644 0.984009 0.950338 0.887711 0.835749 0.842862 0.814548 0.900431 0.936384 0.864553 0.928029 0.625949 0.801708 0.959389 0.953885 0.984162 0.824502 0.667505 0.831155 0.797762 0.000000 0.953800 0.901218 0.906945 0.916142 0.930236 0.966100 0.947832 0.662910 0.705973 0.642193 0.729928 0.838306 0.729593 0.898027 0.724478 0.626285 0.633783 0.631445 0.619575 0.862153 0.690286 0.898121 0.896990 0.961184 0.945269 0.726094 0.765861 0.956894 0.936713 0.634669 0.677373 0.635166 0.583100 0.781117 0.985362 0.893307 0.984421 0.984568 0.891536 0.881416 0.913572 0.791422 0.786329 0.925361 0.980921 0.949306 0.752262 0.866174 0.951051 0.956498 0.896817 0.724799 0.803780 0.942216 0.913038 0.724504 0.726300 0.754076 0.691062 0.817209 0.976916 0.968314 0.731411 0.772127 0.671038 0.725178 0.685460 0.767301 0.827496 0.524379 0.763870 0.916449 0.833525 0.967784 0.914417 0.864441 0.764737 0.630284 0.827902 0.728526 0.896430
0.881806 0.998044 0.895882 0.874989 0.959671 0.985305 0.978466 0.967563 0.910066 0.988609 0.993689 0.859038 0.995975 0.857834 0.946683 0.936106 0.949576 0.974089 0.993385 0.894114 0.943449 0.757258 0.934954 0.832242 0.960488 0.905196 0.984657 0.962893 0.917101 0.955180 0.991877 0.936568 0.874824 0.925157 0.953800 0.000000 0.908915 0.939319 0.971640 0.945553 0.996350 0.988083 0.956444 0.938431 0.923440 0.966683 0.993467 0.981881 0.998570 0.916627 0.991323 0.925485 0.941637 0.988073 0.934255 0.914627 0.983644 0.979601 0.874526 0.880777 0.979245 0.955619 0.940144 0.982910 0.980618 0.951618 0.904691 0.910431 0.992220 0.929752 0.972009 0.946801 0.943874 0.921215 0.908096 0.941314 0.899258 0.805152 0.964206 0.927457 0.941765 0.998096 0.978500 0.935473 0.898973 0.842083 0.798661 0.931867 0.898587 0.924345 0.981805 0.974521 0.966754 0.980229 0.894144 0.908995 0.904268 0.982281 0.962159 0.995677 0.982668 0.983502 0.996501 0.936309 0.937513 0.972762 0.984255 0.894337 0.829231 0.863667 0.940710 0.911104 0.936173 0.808069 0.977310 0.975186
0.711108 0.729763 0.948067 0.914715 0.879445 0.939603 0.852632 0.796789 0.941844 0.690505 0.752993 0.741508 0.851029 0.766348 0.821837 0.836939 0.716015 0.710473 0.728020 0.780510 0.805218 0.928631 0.822319 0.947369 0.819533 0.914515 0.899666 0.919223 0.724973 0.700182 0.725895 0.796265 0.671742 0.770217 0.901218 0.908915 0.000000 0.796803 0.925128 0.767081 0.815988 0.800688 0.887255 0.839798 0.845229 0.829192 0.932011 0.931055 0.817047 0.883787 0.841670 0.902952 0.971675 0.998531 0.983705 0.998172 0.781580 0.805925 0.877626 0.940307 0.915811 0.828805 0.784841 0.709894 0.971732 0.975192 0.997279 0.949262 0.837573 0.741351 0.734274 0.766435 0.907662 0.863288 0.827688 0.987919 0.818223 0.715013 0.831952 0.648610 0.642313 0.641504 0.748116 0.846115 0.699747 0.742770 0.916491 0.899327 0.927427 0.752055 0.940456 0.901823 0.876073 0.849021 0.959732 0.848962 0.798196 0.871455 0.936244 0.877188 0.987928 0.911627 0.807464 0.804899 0.958527 0.829002 0.945358 0.917906 0.771755 0.939632 0.841456 0.777513 0.855885 0.941809 0.912769 0.867158
0.952488 0.966500 0.910130 0.843069 0.967571 0.904271 0.758727 0.827927 0.815527 0.740423 0.878984 0.908329 0.961703 0.982173 0.935848 0.908380 0.851428 0.858273 0.829397 0.739238 0.974772 0.742690 0.966815 0.951323 0.990127 0.859160 0.962739 0.952405 0.826737 0.875581 0.830241 0.779806 0.782544 0.757852 0.906945 0.939319 0.796803 0.000000 0.982614 0.996157 0.808981 0.858170 0.825050 0.860178 0.705937 0.823947 0.954160 0.833780 0.863540 0.861159 0.742592 0.820578 0.751646 0.767279 0.847899 0.813777 0.949046 0.876908 0.926791 0.767478 0.941019 0.782010 0.958336 0.934154 0.866590 0.839974 0.866981 0.873455 0.892088 0.929739 0.740051 0.670018 0.578237 0.621934 0.966315 0.957743 0.695619 0.857363 0.932100 0.792328 0.763664 0.913137 0.946043 0.817120 0.866577 0.998508 0.811474 0.972555 0.935701 0.863389 0.824098 0.858719 0.888635 0.810009 0.995888 0.786039 0.872985 0.868844 0.909834 0.771837 0.871113 0.859111 0.824718 0.899510 0.974834 0.986020 0.945622 0.929842 0.783769 0.940338 0.871370 0.700973 0.929950 0.929404 0.989527 0.924445
