0.000000 0.547697 0.683360 0.721416 0.930715 0.916748 0.576858 0.541530 0.852258 0.733306 0.733164 0.720211 0.719681 0.874436 0.910967 0.999392 0.519746 0.498502 0.591001 0.713667 0.900647 0.976083 0.908935 0.950872 0.798876 0.786659 0.946587 0.981816 0.702118 0.614780 0.819639 0.953269 0.578584 0.559384 0.828790 0.901244 0.942813 0.836325 0.825553 0.862556 0.941841 0.892556 0.705253 0.659986 0.857839 0.722379 0.652975 0.723696 0.812514 0.854029 0.816816 0.975732 0.950043 0.964968 0.791875 0.878564 0.478609 0.650034 0.652244 0.817339 0.500199 0.590898 0.482012 0.484902 0.722703 0.713054 0.746346 0.780957 0.879816 0.847525 0.895447 0.956612 0.903510 0.889427 0.930130 0.967840 0.739386 0.800031 0.857022 0.957533 0.528769 0.573729 0.857700 0.688790 0.667652 0.762885 0.912940 0.929230 0.774414 0.710861 0.816483 0.886114 0.940273 0.908273 0.904953 0.780212 0.859525 0.961879 0.714187 0.660382 0.836324 0.990462 0.884644 0.754651 0.985821 0.826638 0.852935 0.922107 0.771063 0.904906 0.841367 0.950518 0.806005 0.945547 0.963696 0.912365
0.547697 0.000000 0.890759 0.835045 0.954537 0.904946 0.868897 0.661386 0.979237 0.896922 0.894516 0.642628 0.807933 0.768680 0.854183 0.802657 0.578385 0.562536 0.736971 0.780845 0.973292 0.965185 0.995705 0.934853 0.830569 0.869838 0.975907 0.864531 0.703307 0.637220 0.947033 0.957247 0.619920 0.713467 0.919082 0.986628 0.921931 0.913904 0.973153 0.841866 0.942498 0.847412 0.718164 0.651427 0.812951 0.755924 0.727848 0.720441 0.816840 0.868742 0.981977 0.968034 0.922659 0.984668 0.848881 0.968212 0.560514 0.555918 0.729154 0.815062 0.695148 0.603776 0.646131 0.554751 0.859202 0.790184 0.905700 0.862632 0.869761 0.721508 0.860711 0.903516 0.990290 0.892424 0.961270 0.998990 0.807523 0.914201 0.791376 0.892819 0.613920 0.707512 0.895914 0.758812 0.909478 0.892502 0.984992 0.940882 0.842752 0.803744 0.976504 0.868800 0.925122 0.887862 0.822719 0.807725 0.938848 0.954701 0.786539 0.863289 0.857987 0.909782 0.882554 0.852200 0.968695 0.791225 0.958516 0.994663 0.891548 0.880003 0.965014 0.919456 0.925811 0.946000 0.803192 0.982339
0.683360 0.890759 0.000000 0.464991 0.886838 0.875638 0.360091 0.487616 0.747454 0.701920 0.871682 0.871362 0.906851 0.901657 0.948853 0.759560 0.866760 0.725599 0.720143 0.743962 0.830034 0.905234 0.691628 0.918060 0.690463 0.841087 0.959850 0.885386 0.925734 0.903396 0.763101 0.866623 0.559123 0.616652 0.766946 0.920832 0.973346 0.941650 0.927623 0.811229 0.967500 0.835771 0.717667 0.767016 0.930884 0.896682 0.724814 0.782186 0.908869 0.942071 0.768571 0.830883 0.982321 0.888566 0.872069 0.847423 0.794888 0.973319 0.598295 0.728379 0.493261 0.747439 0.692074 0.762111 0.472725 0.583026 0.511235 0.576805 0.908606 0.936328 0.948434 0.876907 0.904225 0.891642 0.934435 0.995338 0.705413 0.993843 0.967849 0.941108 0.604719 0.597725 0.910772 0.761899 0.522893 0.682633 0.815261 0.998780 0.768297 0.672763 0.615350 0.641024 0.635159 0.596357 0.834909 0.699492 0.755510 0.995625 0.593539 0.534180 0.800254 0.874715 0.875438 0.752877 0.685991 0.577600 0.947737 0.800568 0.824117 0.871011 0.699391 0.782462 0.813205 0.964214 0.903611 0.967088
0.721416 0.835045 0.464991 0.000000 0.975490 0.914895 0.527193 0.436748 0.915288 0.827583 0.841567 0.986320 0.943890 0.950128 0.811279 0.820822 0.942523 0.730882 0.839730 0.768109 0.809212 0.895079 0.730901 0.804799 0.616545 0.710431 0.928773 0.996145 0.997026 0.881117 0.715265 0.904615 0.605210 0.542920 0.709441 0.786531 0.942731 0.874059 0.799610 0.722168 0.915913 0.827187 0.678653 0.662963 0.905253 0.848579 0.705933 0.668543 0.962397 0.997918 0.749331 0.882515 0.928904 0.896322 0.926180 0.827150 0.879017 0.975312 0.709852 0.734832 0.647265 0.689254 0.780945 0.811129 0.496144 0.452776 0.444420 0.451820 0.691684 0.926406 0.744071 0.700971 0.870106 0.827194 0.981370 0.995813 0.736246 0.931481 0.921715 0.897628 0.644979 0.630175 0.951352 0.816675 0.644125 0.647132 0.844286 0.892894 0.948675 0.599126 0.751280 0.791394 0.692888 0.704460 0.822527 0.645813 0.758893 0.949841 0.599407 0.685004 0.796689 0.894844 0.849446 0.737748 0.663932 0.636876 0.915714 0.829078 0.780052 0.830449 0.687292 0.862857 0.966135 0.990845 0.885726 0.903053
0.930715 0.954537 0.886838 0.975490 0.000000 0.908887 0.858723 0.958775 0.747656 0.936292 0.837576 0.817252 0.926292 0.993042 0.722977 0.955395 0.847830 0.866397 0.791967 0.926648 0.879886 0.849995 0.579193 0.688148 0.858705 0.958550 0.886953 0.883484 0.968482 0.907146 0.807961 0.849776 0.988750 0.978946 0.949478 0.946975 0.921863 0.831586 0.985595 0.978286 0.996612 0.887927 0.781882 0.771796 0.988418 0.959188 0.996943 0.905648 0.954786 0.917221 0.947080 0.806164 0.821727 0.785193 0.960131 0.920096 0.797333 0.820993 0.895694 0.897840 0.860814 0.976164 0.852973 0.961991 0.737592 0.909769 0.909249 0.921484 0.907964 0.993165 0.936171 0.934533 0.747917 0.932142 0.937096 0.931556 0.927248 0.871421 0.880159 0.915455 0.836226 0.766864 0.757703 0.760774 0.615730 0.644288 0.753260 0.640419 0.839174 0.773659 0.910076 0.897435 0.942223 0.968108 0.985435 0.952502 0.942483 0.901433 0.950178 0.885743 0.989155 0.792838 0.767789 0.868469 0.985213 0.963659 0.996164 0.970435 0.929655 0.825905 0.944785 0.934670 0.979631 0.973044 0.989642 0.916771
0.916748 0.904946 0.875638 0.914895 0.908887 0.000000 0.882242 0.886823 0.980711 0.953634 0.902768 0.985000 0.969546 0.959175 0.846787 0.709026 0.891494 0.951172 0.907017 0.802802 0.861645 0.937884 0.993396 0.955911 0.974170 0.939197 0.816890 0.881895 0.990531 0.927429 0.932451 0.987827 0.871560 0.850847 0.874986 0.884854 0.789082 0.977352 0.922620 0.947903 0.833907 0.937829 0.908853 0.819212 0.977218 0.858439 0.957191 0.997978 0.920165 0.995389 0.970353 0.837792 0.791198 0.806724 0.892954 0.948835 0.969181 0.886637 0.786603 0.775860 0.881541 0.907861 0.836043 0.763197 0.986727 0.953286 0.854247 0.938088 0.846185 0.786346 0.862136 0.826515 0.980551 0.871568 0.989446 0.881746 0.957613 0.908940 0.938227 0.896520 0.886040 0.916837 0.957738 0.927686 0.951284 0.944692 0.802706 0.953241 0.917040 0.951171 0.982081 0.995774 0.936421 0.981090 0.975918 0.855809 0.827250 0.937886 0.920619 0.923504 0.996906 0.919343 0.818326 0.902905 0.996155 0.936158 0.864600 0.814828 0.968618 0.997049 0.821164 0.983695 0.885556 0.877018 0.945495 0.894722
0.576858 0.868897 0.360091 0.527193 0.858723 0.882242 0.000000 0.510591 0.672639 0.644972 0.867680 0.924373 0.812016 0.914621 0.994850 0.767123 0.788144 0.633228 0.623218 0.694191 0.871571 0.976750 0.688240 0.944421 0.769126 0.851803 0.946041 0.812995 0.888695 0.812793 0.784979 0.949944 0.518636 0.589748 0.781115 0.924509 0.956458 0.899264 0.913228 0.902225 0.925930 0.864285 0.726564 0.759605 0.910109 0.816984 0.748335 0.782984 0.988506 0.852769 0.759863 0.822073 0.962688 0.887036 0.862628 0.844260 0.710041 0.892272 0.588034 0.752525 0.389126 0.700219 0.543511 0.655509 0.504730 0.623631 0.558030 0.634985 0.960647 0.948487 0.998299 0.999669 0.914816 0.900947 0.937765 0.995904 0.726468 0.959128 0.928401 0.965492 0.539479 0.525772 0.842046 0.705519 0.460639 0.697708 0.888569 0.927156 0.740068 0.696338 0.584842 0.607021 0.667030 0.660921 0.802464 0.757777 0.760204 0.999729 0.583578 0.528225 0.835579 0.855613 0.925007 0.733341 0.744391 0.637517 0.972336 0.842332 0.748316 0.874393 0.676697 0.817838 0.833152 0.994226 0.954057 0.930393
0.541530 0.661386 0.487616 0.436748 0.958775 0.886823 0.510591 0.000000 0.915615 0.666195 0.721034 0.756504 0.897131 0.950101 0.854660 0.881645 0.795301 0.619775 0.736041 0.614970 0.898000 0.975155 0.860070 0.964082 0.785819 0.875808 0.978256 0.859391 0.814081 0.716076 0.785673 0.925426 0.565968 0.451026 0.791861 0.806438 0.992177 0.974003 0.800269 0.690013 0.967410 0.846497 0.651434 0.664523 0.985743 0.869914 0.676308 0.691783 0.941343 0.972142 0.855451 0.942366 0.830356 0.715640 0.833884 0.880949 0.744352 0.832073 0.500978 0.539485 0.501603 0.439203 0.685678 0.597772 0.625752 0.446371 0.528832 0.467166 0.860497 0.842286 0.785331 0.807035 0.864644 0.778266 0.907528 0.958784 0.577759 0.858530 0.896362 0.914428 0.616752 0.666852 0.952025 0.837827 0.745351 0.826366 0.770832 0.802629 0.827957 0.600350 0.848839 0.936355 0.826427 0.907383 0.833552 0.691052 0.731027 0.975317 0.569499 0.661288 0.714804 0.959662 0.794643 0.757656 0.712241 0.612846 0.992585 0.845071 0.753016 0.800691 0.647111 0.924203 0.887752 0.985896 0.875266 0.921834
0.852258 0.979237 0.747454 0.915288 0.747656 0.980711 0.672639 0.915615 0.000000 0.668245 0.979014 0.864159 0.838631 0.848130 0.862427 0.911222 0.910001 0.865554 0.866353 0.957608 0.994422 0.988692 0.612836 0.942269 0.939951 0.999964 0.966103 0.899475 0.861702 0.949629 0.895185 0.960662 0.836559 0.937838 0.963991 0.927452 0.971270 0.879745 0.896292 0.833589 0.909056 0.981471 0.909142 0.860567 0.949389 0.981784 0.978627 0.926737 0.918974 0.973722 0.972400 0.926463 0.834059 0.884981 0.972249 0.906508 0.776816 0.887982 0.963484 0.965756 0.658998 0.934779 0.673933 0.724682 0.742402 0.992040 0.949530 0.890037 0.828192 0.941603 0.871615 0.801309 0.977053 0.849208 0.901307 0.981013 0.999672 0.952175 0.826011 0.964903 0.779559 0.751493 0.697596 0.748725 0.619547 0.762810 0.802536 0.703993 0.877619 0.743433 0.841060 0.838771 0.809176 0.894970 0.950563 0.942724 0.843463 0.934746 0.940699 0.701087 0.967051 0.990942 0.932478 0.956899 0.851497 0.918524 0.957357 0.966456 0.888408 0.876760 0.879981 0.993948 0.989140 0.868942 0.972621 0.867156
0.733306 0.896922 0.701920 0.827583 0.936292 0.953634 0.644972 0.666195 0.668245 0.000000 0.762010 0.962459 0.960038 0.739117 0.890487 0.748787 0.803509 0.738253 0.631675 0.710245 0.890563 0.965658 0.751963 0.912346 0.868677 0.896728 0.802235 0.785628 0.776811 0.860812 0.804740 0.929093 0.648361 0.675312 0.858681 0.963500 0.970033 0.966438 0.991420 0.977481 0.933272 0.882500 0.899202 0.935812 0.882697 0.868638 0.824984 0.982986 0.848868 0.865784 0.868955 0.836870 0.930587 0.797016 0.821735 0.914800 0.710473 0.785817 0.698018 0.759829 0.679204 0.756770 0.614881 0.551948 0.934998 0.897970 0.731463 0.762286 0.765345 0.918896 0.959709 0.932652 0.982308 0.920586 0.839355 0.940764 0.861778 0.987203 0.963680 0.933881 0.732899 0.748802 0.969210 0.789706 0.768136 0.998346 0.913537 0.880071 0.842657 0.696163 0.759305 0.810287 0.722902 0.955047 0.932675 0.702145 0.615510 0.879227 0.702149 0.681715 0.750451 0.997281 0.741797 0.758359 0.720656 0.724576 0.973435 0.815187 0.765954 0.831528 0.789014 0.961624 0.913370 0.917515 0.909110 0.894591
0.733164 0.894516 0.871682 0.841567 0.837576 0.902768 0.867680 0.721034 0.979014 0.762010 0.000000 0.680924 0.829576 0.943822 0.800187 0.941590 0.789746 0.804645 0.859560 0.677817 0.887195 0.940116 0.857343 0.845666 0.987032 0.948605 0.853771 0.890146 0.851951 0.896325 0.955290 0.938681 0.885104 0.643166 0.875833 0.791298 0.985992 0.905493 0.993734 0.981051 0.968982 0.942293 0.934139 0.870278 0.855694 0.966209 0.923025 0.979923 0.936043 0.911470 0.947161 0.790921 0.809103 0.730133 0.879036 0.896353 0.877309 0.944735 0.845148 0.793654 0.817214 0.670178 0.812770 0.705515 0.939455 0.867588 0.881313 0.850939 0.866788 0.951105 0.952114 0.892557 0.941606 0.998660 0.918912 0.954071 0.721343 0.762385 0.922838 0.955644 0.791898 0.879076 0.904664 0.981016 0.999184 0.915269 0.785253 0.938489 0.900569 0.835584 0.982832 0.866521 0.969927 0.956874 0.998263 0.695250 0.827052 0.963990 0.916947 0.946134 0.879507 0.976789 0.772928 0.843857 0.914077 0.939710 0.923840 0.990095 0.931108 0.837287 0.887161 0.989740 0.892615 0.984292 0.979242 0.827500
0.720211 0.642628 0.871362 0.986320 0.817252 0.985000 0.924373 0.756504 0.864159 0.962459 0.680924 0.000000 0.715498 0.659490 0.978878 0.762429 0.745827 0.731778 0.873871 0.733386 0.866917 0.822788 0.787577 0.821315 0.952174 0.940260 0.974595 0.957411 0.806809 0.650364 0.909984 0.990903 0.933426 0.796394 0.948045 0.815673 0.992407 0.916717 0.879310 0.903000 0.933122 0.997344 0.884895 0.805156 0.919525 0.942014 0.959148 0.886871 0.977207 0.922009 0.929081 0.866752 0.903512 0.852855 0.770387 0.979364 0.767052 0.690413 0.825130 0.781813 0.837779 0.617738 0.812066 0.678276 0.906399 0.898974 0.895817 0.995323 0.893591 0.830974 0.982060 0.929093 0.997319 0.994169 0.912825 0.826178 0.748658 0.741008 0.849861 0.982489 0.845912 0.933266 0.997513 0.935151 0.873437 0.864215 0.997393 0.856705 0.887565 0.940604 0.767103 0.694172 0.753752 0.698734 0.964472 0.948088 0.970290 0.998960 0.958232 0.936984 0.931212 0.977028 0.899452 0.940376 0.959542 0.969438 0.892436 0.930781 0.988022 0.953022 0.976704 0.878986 0.978914 0.975998 0.916664 0.912041
0.719681 0.807933 0.906851 0.943890 0.926292 0.969546 0.812016 0.897131 0.838631 0.960038 0.829576 0.715498 0.000000 0.589092 0.603371 0.663226 0.843059 0.748046 0.834511 0.772709 0.972333 0.816678 0.930050 0.946175 0.985938 0.891507 0.873936 0.947550 0.863781 0.731077 0.979110 0.981324 0.935564 0.908731 0.970563 0.979490 0.936753 0.775941 0.978241 0.949266 0.972127 0.817923 0.978635 0.991440 0.823485 0.987761 0.923162 0.951319 0.841370 0.976284 0.830813 0.906726 0.903416 0.912899 0.902353 0.892690 0.783481 0.742414 0.862771 0.810782 0.615071 0.708145 0.776412 0.747195 0.919166 0.942883 0.781024 0.845411 0.959478 0.959281 0.821137 0.913978 0.958212 0.858407 0.958448 0.702923 0.903546 0.932891 0.866157 0.847548 0.804052 0.760233 0.842521 0.853169 0.782362 0.972386 0.843874 0.908672 0.766109 0.984907 0.904947 0.821909 0.774785 0.810000 0.971555 0.967569 0.915380 0.885795 0.995706 0.951801 0.880231 0.977712 0.916408 0.827101 0.999088 0.943732 0.862528 0.795302 0.962795 0.980565 0.993955 0.970459 0.980575 0.978242 0.894712 0.970012
0.874436 0.768680 0.901657 0.950128 0.993042 0.959175 0.914621 0.950101 0.848130 0.739117 0.943822 0.659490 0.589092 0.000000 0.630478 0.503081 0.909674 0.833551 0.968374 0.838713 0.913288 0.859070 0.944397 0.945062 0.892477 0.958520 0.990123 0.932757 0.904971 0.704085 0.900358 0.782347 0.994186 0.907905 0.889118 0.950906 0.984542 0.978969 0.854894 0.861641 0.990834 0.857428 0.935983 0.854362 0.927087 0.963631 0.847600 0.828562 0.900684 0.911202 0.850849 0.904612 0.972693 0.974938 0.871576 0.881422 0.954051 0.856759 0.952467 0.922073 0.874815 0.773508 0.951286 0.896861 0.982776 0.876165 0.841670 0.930802 0.890005 0.882992 0.982008 0.811488 0.981155 0.993704 0.907611 0.772781 0.996094 0.882830 0.863637 0.770338 0.916623 0.857187 0.784258 0.839472 0.981825 0.905707 0.911607 0.963564 0.925786 0.965904 0.749688 0.703673 0.655158 0.728905 0.939091 0.997058 0.803213 0.844567 0.925284 0.885819 0.930359 0.918806 0.897925 0.775335 0.873210 0.946667 0.882438 0.804062 0.878090 0.979109 0.921044 0.995314 0.954853 0.971609 0.892561 0.931344
0.910967 0.854183 0.948853 0.811279 0.722977 0.846787 0.994850 0.854660 0.862427 0.890487 0.800187 0.978878 0.603371 0.630478 0.000000 0.565155 0.850917 0.779646 0.852683 0.999376 0.989635 0.848041 0.685354 0.793346 0.969607 0.962244 0.996404 0.948139 0.804713 0.699414 0.786226 0.654128 0.920546 0.922430 0.986788 0.905918 0.933817 0.876607 0.991787 0.983282 0.962183 0.838362 0.885172 0.948813 0.959371 0.954342 0.888752 0.910287 0.952324 0.903694 0.869364 0.983077 0.826695 0.785496 0.939607 0.943758 0.792703 0.769632 0.873736 0.855451 0.850740 0.993358 0.819181 0.907442 0.863099 0.988708 0.745366 0.787954 0.985828 0.998950 0.917179 0.970548 0.888066 0.949413 0.979767 0.789710 0.868599 0.957564 0.801664 0.905299 0.854939 0.756258 0.632891 0.649857 0.745081 0.749728 0.623148 0.598358 0.894400 0.943261 0.843455 0.849915 0.710556 0.778685 0.943085 0.930068 0.839615 0.975995 0.878791 0.957459 0.818416 0.812725 0.708378 0.751223 0.898254 0.893664 0.841636 0.752750 0.975021 0.885585 0.877065 0.926842 0.977742 0.983018 0.900475 0.890375
0.999392 0.802657 0.759560 0.820822 0.955395 0.709026 0.767123 0.881645 0.911222 0.748787 0.941590 0.762429 0.663226 0.503081 0.565155 0.000000 0.996751 0.949159 0.934895 0.951916 0.989622 0.907774 0.983980 0.872864 0.946431 0.939819 0.907405 0.817979 0.963979 0.791331 0.913547 0.824119 0.912593 0.936917 0.872319 0.964094 0.870957 0.965640 0.894658 0.934173 0.921306 0.811110 0.942158 0.986201 0.943971 0.977212 0.938795 0.856085 0.993972 0.959273 0.874470 0.833217 0.909068 0.869231 0.960929 0.985098 0.954946 0.852715 0.828372 0.899164 0.940159 0.949259 0.917852 0.935222 0.968629 0.970694 0.726971 0.844285 0.876280 0.910151 0.962171 0.829884 0.965148 0.901628 0.959969 0.817923 0.934564 0.881869 0.888875 0.761816 0.921119 0.978787 0.836276 0.900858 0.973059 0.935391 0.748491 0.896844 0.934422 0.903247 0.712744 0.666892 0.623292 0.706602 0.863271 0.876275 0.712771 0.907342 0.841752 0.755036 0.917333 0.843515 0.772373 0.728631 0.853884 0.947763 0.923275 0.685146 0.922492 0.990323 0.740651 0.908026 0.993934 0.933429 0.871258 0.932060
0.519746 0.578385 0.866760 0.942523 0.847830 0.891494 0.788144 0.795301 0.910001 0.803509 0.789746 0.745827 0.843059 0.909674 0.850917 0.996751 0.000000 0.521748 0.629626 0.706186 0.981593 0.965326 0.892139 0.991672 0.888483 0.917598 0.950368 0.928475 0.691761 0.637571 0.923273 0.919068 0.705367 0.788835 0.860424 0.865614 0.895457 0.813844 0.983698 0.990672 0.997251 0.905586 0.875513 0.767406 0.833747 0.738750 0.785524 0.822668 0.774440 0.795874 0.890738 0.977452 0.869490 0.960427 0.743112 0.863276 0.511343 0.620180 0.841253 0.984810 0.692238 0.728174 0.515855 0.533559 0.844462 0.861454 0.937186 0.950753 0.793721 0.805237 0.923873 0.970900 0.973959 0.926593 0.976257 0.974021 0.827949 0.936492 0.805297 0.923806 0.497612 0.585069 0.764332 0.622869 0.733937 0.792146 0.918775 0.775154 0.814003 0.779572 0.840875 0.942132 0.989577 0.990476 0.899425 0.811329 0.858518 0.957417 0.878709 0.840286 0.975195 0.868094 0.890692 0.901872 0.930558 0.972682 0.919397 0.983106 0.883893 0.935447 0.918174 0.961848 0.806313 0.958822 0.911854 0.964568
0.498502 0.562536 0.725599 0.730882 0.866397 0.951172 0.633228 0.619775 0.865554 0.738253 0.804645 0.731778 0.748046 0.833551 0.779646 0.949159 0.521748 0.000000 0.590243 0.690459 0.968561 0.882755 0.785454 0.946100 0.772700 0.858533 0.928943 0.976848 0.679244 0.522795 0.792155 0.820893 0.550318 0.619898 0.828810 0.789399 0.975865 0.836329 0.826299 0.837567 0.907226 0.970333 0.779182 0.692742 0.827064 0.727411 0.663030 0.729599 0.853419 0.847033 0.940774 0.986670 0.940309 0.994682 0.666388 0.786221 0.478482 0.660207 0.764303 0.856230 0.521963 0.586527 0.452063 0.494737 0.701368 0.681397 0.787781 0.790312 0.967931 0.851155 0.828650 0.924426 0.869092 0.912749 0.966453 0.970699 0.832997 0.923299 0.773108 0.867989 0.428702 0.443498 0.773424 0.589066 0.639839 0.677547 0.952704 0.842422 0.780896 0.628195 0.848494 0.970820 0.975217 0.978600 0.823053 0.771062 0.905719 0.974246 0.794154 0.748038 0.922966 0.899589 0.980253 0.885033 0.857683 0.797198 0.928969 0.903358 0.823404 0.878835 0.865621 0.956492 0.858575 0.972614 0.900727 0.950333
0.591001 0.736971 0.720143 0.839730 0.791967 0.907017 0.623218 0.736041 0.866353 0.631675 0.859560 0.873871 0.834511 0.968374 0.852683 0.934895 0.629626 0.590243 0.000000 0.630666 0.961413 0.967835 0.753704 0.886418 0.940763 0.891086 0.956091 0.977474 0.624402 0.637123 0.793952 0.856315 0.608718 0.701210 0.821106 0.977452 0.997864 0.823316 0.885557 0.996584 0.997931 0.904271 0.919984 0.860245 0.968633 0.843971 0.755469 0.868909 0.938960 0.903708 0.932644 0.896332 0.985374 0.947263 0.773060 0.836015 0.625009 0.724411 0.800918 0.916686 0.620567 0.750523 0.461062 0.600659 0.791777 0.801268 0.796556 0.850701 0.800123 0.890545 0.892590 0.978812 0.850916 0.810274 0.968968 0.970462 0.832022 0.921651 0.854745 0.927436 0.556921 0.603721 0.795154 0.670328 0.658807 0.770148 0.887884 0.840655 0.726502 0.753882 0.811915 0.877697 0.938739 0.993453 0.949804 0.818365 0.805063 0.960521 0.773981 0.753532 0.837074 0.882885 0.896708 0.926818 0.897249 0.763026 0.989122 0.941054 0.850021 0.935603 0.842460 0.944340 0.867707 0.968804 0.966690 0.903413
0.713667 0.780845 0.743962 0.768109 0.926648 0.802802 0.694191 0.614970 0.957608 0.710245 0.677817 0.733386 0.772709 0.838713 0.999376 0.951916 0.706186 0.690459 0.630666 0.000000 0.940047 0.919046 0.875072 0.933417 0.983613 0.872903 0.888817 0.750373 0.838819 0.757813 0.917089 0.986098 0.714201 0.704719 0.787965 0.965365 0.985934 0.856648 0.915447 0.892585 0.893798 0.926126 0.873885 0.803104 0.876125 0.947293 0.910939 0.809104 0.896023 0.930024 0.993068 0.938415 0.772546 0.676490 0.985551 0.899715 0.777490 0.705385 0.635281 0.611893 0.634706 0.607705 0.701932 0.643470 0.915472 0.724972 0.835751 0.781620 0.936552 0.830383 0.962399 0.998120 0.891995 0.862471 0.855493 0.937065 0.732934 0.938327 0.867921 0.898939 0.678759 0.709928 0.911591 0.837396 0.838196 0.992819 0.839026 0.970039 0.852800 0.755453 0.949637 0.968735 0.997270 0.888875 0.972788 0.777394 0.762454 0.860007 0.828638 0.862043 0.792771 0.908505 0.813130 0.909510 0.831518 0.850769 0.996681 0.991189 0.871385 0.932518 0.678920 0.949799 0.971371 0.848829 0.934808 0.879913
0.900647 0.973292 0.830034 0.809212 0.879886 0.861645 0.871571 0.898000 0.994422 0.890563 0.887195 0.866917 0.972333 0.913288 0.989635 0.989622 0.981593 0.968561 0.961413 0.940047 0.000000 0.961817 0.889576 0.855646 0.808478 0.835480 0.942401 0.987300 0.919439 0.898370 0.852179 0.946434 0.895063 0.898373 0.927019 0.912333 0.842742 0.944055 0.976601 0.999597 0.963424 0.929884 0.875659 0.859373 0.943475 0.994817 0.830265 0.959996 0.998639 0.985599 0.907780 0.957159 0.920851 0.964390 0.982929 0.988445 0.953661 0.908015 0.923197 0.909307 0.980282 0.962909 0.990320 0.941377 0.865248 0.858003 0.760133 0.811867 0.924861 0.920117 0.910981 0.934848 0.993277 0.926000 0.906826 0.986458 0.900328 0.987715 0.992449 0.926394 0.968763 0.998891 0.891618 0.943219 0.892911 0.885676 0.979147 0.940225 0.992437 0.920442 0.904414 0.961487 0.897909 0.847559 0.859632 0.776830 0.847989 0.922719 0.930395 0.963888 0.860022 0.912328 0.959169 0.910592 0.851787 0.899920 0.997633 0.980893 0.821655 0.982537 0.895619 0.931986 0.910139 0.966495 0.974063 0.863366
0.976083 0.965185 0.905234 0.895079 0.849995 0.937884 0.976750 0.975155 0.988692 0.965658 0.940116 0.822788 0.816678 0.859070 0.848041 0.907774 0.965326 0.882755 0.967835 0.919046 0.961817 0.000000 0.977184 0.953557 0.922590 0.994044 0.921413 0.851832 0.928700 0.992984 0.983958 0.971405 0.957401 0.947782 0.983957 0.953390 0.974810 0.960534 0.920010 0.917259 0.868503 0.940353 0.862185 0.974169 0.969653 0.951361 0.832903 0.966457 0.928621 0.940565 0.851099 0.926648 0.908084 0.948085 0.870102 0.893715 0.828892 0.901707 0.913966 0.960329 0.917791 0.916980 0.960610 0.903827 0.916843 0.911944 0.840063 0.853413 0.996893 0.999761 0.966781 0.913224 0.836379 0.937997 0.994868 0.934026 0.996965 0.998553 0.936756 0.922327 0.959939 0.969691 0.967286 0.963250 0.965868 0.987942 0.765877 0.871631 0.993907 0.998203 0.915848 0.989566 0.869566 0.831135 0.939906 0.991987 0.932016 0.902515 0.902114 0.921677 0.892902 0.798431 0.985208 0.844201 0.955277 0.873334 0.900051 0.937039 0.965758 0.880786 0.964711 0.923598 0.915877 0.943268 0.987107 0.898093
0.908935 0.995705 0.691628 0.730901 0.579193 0.993396 0.688240 0.860070 0.612836 0.751963 0.857343 0.787577 0.930050 0.944397 0.685354 0.983980 0.892139 0.785454 0.753704 0.875072 0.889576 0.977184 0.000000 0.542497 0.832437 0.944428 0.958315 0.962455 0.926204 0.853900 0.604203 0.711428 0.786961 0.884720 0.748374 0.977022 0.823385 0.987145 0.990896 0.964893 0.990368 0.933617 0.936412 0.922662 0.890497 0.916517 0.836917 0.916147 0.955754 0.856710 0.892937 0.734410 0.900757 0.842412 0.943633 0.815551 0.835505 0.883108 0.998898 0.980425 0.734811 0.961124 0.709980 0.818190 0.558478 0.748540 0.876899 0.859900 0.875497 0.926631 0.959619 0.878948 0.801351 0.936642 0.897049 0.977997 0.927156 0.903185 0.780633 0.953787 0.692487 0.568401 0.627553 0.583384 0.436455 0.523749 0.805323 0.646812 0.893363 0.631250 0.874463 0.862396 0.849858 0.965726 0.929821 0.817987 0.787308 0.981087 0.871355 0.756473 0.973849 0.875552 0.867636 0.913908 0.773939 0.804905 0.985809 0.983321 0.825293 0.974311 0.916805 0.944728 0.943790 0.907346 0.956555 0.820861
0.950872 0.934853 0.918060 0.804799 0.688148 0.955911 0.944421 0.964082 0.942269 0.912346 0.845666 0.821315 0.946175 0.945062 0.793346 0.872864 0.991672 0.946100 0.886418 0.933417 0.855646 0.953557 0.542497 0.000000 0.785924 0.755555 0.771120 0.893808 0.941019 0.929202 0.676087 0.758771 0.990847 0.948647 0.894570 0.928884 0.871173 0.858357 0.926030 0.915199 0.979611 0.991508 0.903188 0.925420 0.955201 0.982551 0.877374 0.873720 0.983258 0.998771 0.894833 0.917023 0.998651 0.835219 0.879275 0.851276 0.967833 0.863515 0.792894 0.799308 0.953923 0.894888 0.906991 0.893381 0.650588 0.740158 0.906495 0.849082 0.744853 0.990147 0.966651 0.829605 0.848162 0.945108 0.953944 0.984505 0.810489 0.947879 0.850130 0.837261 0.865673 0.759607 0.736062 0.814440 0.617010 0.515494 0.856739 0.716429 0.928631 0.892124 0.952494 0.990338 0.977137 0.959021 0.952382 0.974655 0.975231 0.907014 0.934177 0.951517 0.998233 0.793152 0.750643 0.817849 0.937003 0.911343 0.934764 0.959418 0.960783 0.936143 0.856365 0.931912 0.963893 0.983553 0.970612 0.977929
0.798876 0.830569 0.690463 0.616545 0.858705 0.974170 0.769126 0.785819 0.939951 0.868677 0.987032 0.952174 0.985938 0.892477 0.969607 0.946431 0.888483 0.772700 0.940763 0.983613 0.808478 0.922590 0.832437 0.785924 0.000000 0.672809 0.852215 0.842467 0.912278 0.909544 0.734377 0.820373 0.775663 0.788699 0.776075 0.937429 0.945348 0.909765 0.870853 0.884322 0.810281 0.908571 0.652925 0.684323 0.773322 0.767995 0.704131 0.692880 0.919185 0.876284 0.748527 0.944973 0.845206 0.780893 0.993393 0.791093 0.851210 0.965249 0.974439 0.901611 0.826903 0.924190 0.862641 0.980750 0.588773 0.634222 0.698763 0.704768 0.771140 0.807440 0.796417 0.694292 0.888700 0.953156 0.908767 0.961761 0.850944 0.951206 0.778059 0.876974 0.672659 0.677951 0.835096 0.808966 0.678434 0.543062 0.978686 0.980374 0.915742 0.854506 0.748452 0.846280 0.793608 0.668687 0.844441 0.800482 0.954342 0.967871 0.864428 0.809521 0.902916 0.991488 0.998321 0.843114 0.929006 0.801563 0.852594 0.913382 0.975157 0.937009 0.936182 0.829930 0.862717 0.974026 0.880866 0.912956
0.786659 0.869838 0.841087 0.710431 0.958550 0.939197 0.851803 0.875808 0.999964 0.896728 0.948605 0.940260 0.891507 0.958520 0.962244 0.939819 0.917598 0.858533 0.891086 0.872903 0.835480 0.994044 0.944428 0.755555 0.672809 0.000000 0.860725 0.757563 0.999412 0.958238 0.789897 0.981498 0.813704 0.814168 0.941009 0.841943 0.808181 0.891861 0.813192 0.912704 0.859313 0.723271 0.787240 0.762364 0.877234 0.853837 0.792412 0.776495 0.843045 0.973193 0.839699 0.883061 0.871666 0.763645 0.816576 0.842148 0.896199 0.846302 0.914702 0.769361 0.966237 0.991736 0.901659 0.954251 0.679816 0.788827 0.718673 0.815618 0.893491 0.965695 0.774607 0.717740 0.848291 0.909645 0.818049 0.879563 0.856367 0.845819 0.940385 0.983257 0.837142 0.850354 0.893694 0.890675 0.827389 0.617758 0.902856 0.967127 0.979321 0.846474 0.776238 0.796853 0.805236 0.713471 0.849510 0.904606 0.991768 0.949523 0.859435 0.842043 0.900007 0.946791 0.986212 0.862048 0.934524 0.851767 0.921494 0.908711 0.982526 0.870750 0.962771 0.945084 0.849994 0.981426 0.845821 0.853106
0.946587 0.975907 0.959850 0.928773 0.886953 0.816890 0.946041 0.978256 0.966103 0.802235 0.853771 0.974595 0.873936 0.990123 0.996404 0.907405 0.950368 0.928943 0.956091 0.888817 0.942401 0.921413 0.958315 0.771120 0.852215 0.860725 0.000000 0.885719 0.963513 0.930397 0.939746 0.953528 0.891583 0.961458 0.861319 0.876200 0.986213 0.948251 0.816844 0.912484 0.849545 0.956030 0.829410 0.907427 0.921586 0.892469 0.966221 0.967511 0.919461 0.801788 0.893725 0.798662 0.982585 0.947932 0.894155 0.841132 0.896907 0.838792 0.804115 0.831514 0.948665 0.967512 0.956321 0.846323 0.849980 0.789847 0.979161 0.985549 0.756891 0.991755 0.956676 0.862617 0.923425 0.980639 0.993160 0.921800 0.930400 0.979721 0.945943 0.810190 0.933749 0.903218 0.981289 0.985202 0.953372 0.761042 0.984346 0.938760 0.853807 0.947286 0.923609 0.967700 0.940953 0.990746 0.909905 0.861592 0.873655 0.908228 0.877288 0.873886 0.990454 0.802207 0.761428 0.777215 0.922186 0.999194 0.990662 0.875149 0.999760 0.959927 0.848697 0.883402 0.930093 0.990092 0.984656 0.975252
0.981816 0.864531 0.885386 0.996145 0.883484 0.881895 0.812995 0.859391 0.899475 0.785628 0.890146 0.957411 0.947550 0.932757 0.948139 0.817979 0.928475 0.976848 0.977474 0.750373 0.987300 0.851832 0.962455 0.893808 0.842467 0.757563 0.885719 0.000000 0.877749 0.977148 0.929188 0.923511 0.946571 0.965247 0.998385 0.993360 0.894493 0.915552 0.991604 0.957287 0.945032 0.985164 0.927208 0.928200 0.879739 0.944364 0.898140 0.934920 0.936765 0.950560 0.968600 0.895721 0.789728 0.772953 0.995055 0.934924 0.997177 0.921872 0.766678 0.771934 0.781495 0.879059 0.970357 0.878929 0.961198 0.957902 0.996814 0.932745 0.976233 0.966018 0.964977 0.821585 0.892432 0.957732 0.895746 0.954064 0.928476 0.920563 0.952844 0.856688 0.945219 0.974900 0.912334 0.998394 0.926594 0.851606 0.941624 0.964682 0.928147 0.930598 0.933918 0.900926 0.937855 0.987762 0.970000 0.994137 0.785498 0.852313 0.954787 0.964190 0.978126 0.916351 0.996782 0.997230 0.990753 0.950560 0.925640 0.871011 0.802801 0.975153 0.836472 0.964074 0.925627 0.956009 0.878496 0.938687
0.702118 0.703307 0.925734 0.997026 0.968482 0.990531 0.888695 0.814081 0.861702 0.776811 0.851951 0.806809 0.863781 0.904971 0.804713 0.963979 0.691761 0.679244 0.624402 0.838819 0.919439 0.928700 0.926204 0.941019 0.912278 0.999412 0.963513 0.877749 0.000000 0.562763 0.941785 0.824142 0.796502 0.737668 0.910745 0.960875 0.960141 0.816012 0.978441 0.971929 0.889279 0.905841 0.993551 0.926472 0.988693 0.946978 0.851078 0.978543 0.942530 0.884302 0.860380 0.879684 0.884737 0.980739 0.868800 0.791918 0.732354 0.820398 0.962078 0.969258 0.782058 0.642913 0.658918 0.656410 0.953819 0.894289 0.974678 0.996414 0.831161 0.885694 0.887593 0.950376 0.806040 0.797588 0.896890 0.882953 0.885592 0.844948 0.902473 0.975101 0.744494 0.818073 0.817043 0.706341 0.930316 0.904293 0.999056 0.895256 0.867829 0.796255 0.974755 0.869280 0.893998 0.805975 0.975765 0.877026 0.989993 0.927600 0.947516 0.884079 0.999440 0.881944 0.899185 0.964364 0.951925 0.971643 0.883336 0.933549 0.996940 0.994242 0.900403 0.963184 0.736473 0.939298 0.970548 0.839890
0.614780 0.637220 0.903396 0.881117 0.907146 0.927429 0.812793 0.716076 0.949629 0.860812 0.896325 0.650364 0.731077 0.704085 0.699414 0.791331 0.637571 0.522795 0.637123 0.757813 0.898370 0.992984 0.853900 0.929202 0.909544 0.958238 0.930397 0.977148 0.562763 0.000000 0.790267 0.745715 0.698030 0.686232 0.879006 0.828967 0.918557 0.920743 0.820912 0.843927 0.976098 0.983583 0.832826 0.807200 0.940897 0.846758 0.680056 0.749739 0.833316 0.944484 0.960701 0.954041 0.947277 0.973504 0.704191 0.758552 0.629551 0.704649 0.872396 0.918078 0.677897 0.603577 0.590256 0.618534 0.819353 0.729111 0.967619 0.884165 0.999587 0.962608 0.972076 0.842077 0.886396 0.854400 0.919571 0.885238 0.901170 0.828550 0.732825 0.745343 0.651592 0.600489 0.700677 0.603089 0.779942 0.774746 0.844472 0.876880 0.808693 0.745165 0.907463 0.839433 0.838967 0.825910 0.853232 0.955822 0.981536 0.997651 0.854322 0.966699 0.988233 0.907181 0.964331 0.965130 0.967791 0.850502 0.949474 0.880325 0.916552 0.999231 0.918233 0.962351 0.846035 0.982263 0.955398 0.994045
0.819639 0.947033 0.763101 0.715265 0.807961 0.932451 0.784979 0.785673 0.895185 0.804740 0.955290 0.909984 0.979110 0.900358 0.786226 0.913547 0.923273 0.792155 0.793952 0.917089 0.852179 0.983958 0.604203 0.676087 0.734377 0.789897 0.939746 0.929188 0.941785 0.790267 0.000000 0.609382 0.621571 0.736998 0.679236 0.892543 0.893154 0.803950 0.851727 0.772205 0.906443 0.892252 0.737950 0.773350 0.668930 0.677724 0.672321 0.595990 0.723204 0.757225 0.711500 0.741996 0.887775 0.797115 0.877749 0.742629 0.804613 0.912099 0.998571 0.964047 0.850929 0.919137 0.790290 0.851139 0.741121 0.752550 0.728946 0.683615 0.824100 0.911102 0.744880 0.734493 0.832269 0.823598 0.960938 0.979633 0.975062 0.844409 0.825205 0.982870 0.763750 0.696653 0.737592 0.674747 0.639563 0.604196 0.923483 0.779552 0.966856 0.836474 0.803268 0.848430 0.767658 0.870726 0.935098 0.858691 0.796247 0.879808 0.720690 0.766159 0.911768 0.916603 0.961213 0.904396 0.930004 0.828242 0.995661 0.858325 0.832045 0.931695 0.885701 0.825373 0.882998 0.854594 0.927431 0.887813
0.953269 0.957247 0.866623 0.904615 0.849776 0.987827 0.949944 0.925426 0.960662 0.929093 0.938681 0.990903 0.981324 0.782347 0.654128 0.824119 0.919068 0.820893 0.856315 0.986098 0.946434 0.971405 0.711428 0.758771 0.820373 0.981498 0.953528 0.923511 0.824142 0.745715 0.609382 0.000000 0.802103 0.824479 0.843899 0.884649 0.956798 0.902779 0.910430 0.704921 0.997601 0.996947 0.943377 0.913581 0.808637 0.869637 0.746563 0.768614 0.976067 0.938346 0.997823 0.921734 0.898270 0.881490 0.852569 0.745129 0.904063 0.970057 0.841504 0.910191 0.930679 0.962907 0.837802 0.899014 0.790712 0.796578 0.849779 0.823084 0.845446 0.938085 0.989796 0.785877 0.880971 0.789614 0.949215 0.859185 0.971343 0.974220 0.780957 0.857089 0.868178 0.735719 0.699495 0.672117 0.763290 0.671930 0.795104 0.762714 0.968518 0.830432 0.952240 0.937070 0.898642 0.991018 0.869702 0.860425 0.978907 0.928297 0.889990 0.958254 0.976931 0.874312 0.881171 0.894327 0.936302 0.983889 0.996015 0.962342 0.938000 0.888925 0.944571 0.818359 0.952002 0.952249 0.905403 0.812834
0.578584 0.619920 0.559123 0.605210 0.988750 0.871560 0.518636 0.565968 0.836559 0.648361 0.885104 0.933426 0.935564 0.994186 0.920546 0.912593 0.705367 0.550318 0.608718 0.714201 0.895063 0.957401 0.786961 0.990847 0.775663 0.813704 0.891583 0.946571 0.796502 0.698030 0.621571 0.802103 0.000000 0.557868 0.776373 0.938898 0.979232 0.944211 0.916790 0.859268 0.829921 0.806784 0.619076 0.555097 0.680709 0.599762 0.682610 0.588811 0.778373 0.758629 0.786463 0.855876 0.942317 0.968655 0.837750 0.900949 0.595915 0.707286 0.676391 0.847151 0.566173 0.714200 0.519166 0.577496 0.706735 0.731785 0.588600 0.619086 0.939867 0.883802 0.871397 0.924212 0.952914 0.831741 0.960354 0.961181 0.778235 0.960886 0.865192 0.970515 0.535819 0.563069 0.811755 0.672734 0.655092 0.749802 0.921126 0.918377 0.815856 0.767531 0.700738 0.787086 0.729059 0.798118 0.767833 0.716577 0.714488 0.906876 0.546834 0.625369 0.821195 0.957562 0.877353 0.687161 0.873421 0.684057 0.906019 0.820088 0.820939 0.809091 0.764166 0.760647 0.821144 0.968430 0.895502 0.938099
0.559384 0.713467 0.616652 0.542920 0.978946 0.850847 0.589748 0.451026 0.937838 0.675312 0.643166 0.796394 0.908731 0.907905 0.922430 0.936917 0.788835 0.619898 0.701210 0.704719 0.898373 0.947782 0.884720 0.948647 0.788699 0.814168 0.961458 0.965247 0.737668 0.686232 0.736998 0.824479 0.557868 0.000000 0.801639 0.790230 0.987878 0.976064 0.853499 0.699296 0.939461 0.892051 0.685979 0.646286 0.893764 0.759056 0.669658 0.668394 0.943978 0.946581 0.847491 0.916469 0.880897 0.784598 0.861398 0.762814 0.733995 0.816531 0.677734 0.670370 0.620321 0.537049 0.626211 0.573073 0.739413 0.557009 0.538052 0.498522 0.960285 0.779376 0.927353 0.860096 0.818986 0.757854 0.910366 0.966651 0.771776 0.845183 0.913502 0.901148 0.632762 0.654473 0.969656 0.776587 0.727971 0.784080 0.867859 0.961651 0.829906 0.677981 0.844881 0.954901 0.853411 0.916105 0.873799 0.710433 0.745900 0.999331 0.578174 0.661373 0.743768 0.991074 0.799310 0.769275 0.772017 0.749870 0.994286 0.856099 0.827663 0.808348 0.736367 0.878692 0.776648 0.937355 0.914984 0.974605
0.828790 0.919082 0.766946 0.709441 0.949478 0.874986 0.781115 0.791861 0.963991 0.858681 0.875833 0.948045 0.970563 0.889118 0.986788 0.872319 0.860424 0.828810 0.821106 0.787965 0.927019 0.983957 0.748374 0.894570 0.776075 0.941009 0.861319 0.998385 0.910745 0.879006 0.679236 0.843899 0.776373 0.801639 0.000000 0.946108 0.933411 0.933075 0.983150 0.878984 0.992765 0.932950 0.789250 0.834289 0.802387 0.768634 0.850098 0.822888 0.908638 0.825821 0.801776 0.744138 0.872858 0.855939 0.944652 0.724653 0.920690 0.902967 0.966834 0.897995 0.808658 0.864984 0.783238 0.780803 0.788957 0.869138 0.789869 0.814204 0.976278 0.825405 0.814346 0.798318 0.884299 0.923927 0.933633 0.941276 0.897955 0.894624 0.777912 0.987728 0.691672 0.696739 0.769262 0.676348 0.734272 0.759880 0.894447 0.876417 0.995285 0.812580 0.770507 0.818261 0.755729 0.857652 0.836883 0.708299 0.866727 0.966452 0.774205 0.780663 0.935696 0.796433 0.870013 0.837680 0.994657 0.825106 0.925147 0.789646 0.855183 0.969825 0.857885 0.825685 0.987540 0.979290 0.830559 0.913267
0.901244 0.986628 0.920832 0.786531 0.946975 0.884854 0.924509 0.806438 0.927452 0.963500 0.791298 0.815673 0.979490 0.950906 0.905918 0.964094 0.865614 0.789399 0.977452 0.965365 0.912333 0.953390 0.977022 0.928884 0.937429 0.841943 0.876200 0.993360 0.960875 0.828967 0.892543 0.884649 0.938898 0.790230 0.946108 0.000000 0.825477 0.907261 0.894909 0.742405 0.942290 0.959520 0.979484 0.980302 0.943219 0.961904 0.972538 0.925706 0.979386 0.962290 0.964838 0.938849 0.997279 0.976710 0.789961 0.843080 0.922503 0.981755 0.960342 0.953386 0.883264 0.822915 0.908045 0.923510 0.832432 0.799084 0.869386 0.816183 0.792824 0.980872 0.760414 0.883844 0.916861 0.954699 0.846925 0.968034 0.920509 0.890803 0.956967 0.948548 0.874255 0.816491 0.963606 0.993897 0.913238 0.853562 0.979851 0.980212 0.928888 0.835777 0.985025 0.942556 0.947716 0.992525 0.760981 0.983861 0.990428 0.950692 0.861504 0.964248 0.956045 0.861257 0.918475 0.940032 0.988614 0.932216 0.936248 0.920800 0.970373 0.911442 0.998395 0.936196 0.945738 0.978032 0.919705 0.979830
0.942813 0.921931 0.973346 0.942731 0.921863 0.789082 0.956458 0.992177 0.971270 0.970033 0.985992 0.992407 0.936753 0.984542 0.933817 0.870957 0.895457 0.975865 0.997864 0.985934 0.842742 0.974810 0.823385 0.871173 0.945348 0.808181 0.986213 0.894493 0.960141 0.918557 0.893154 0.956798 0.979232 0.987878 0.933411 0.825477 0.000000 0.902671 0.941954 0.978545 0.993441 0.870638 0.951032 0.951670 0.893427 0.970937 0.951383 0.902716 0.894388 0.916773 0.971316 0.965267 0.852697 0.871457 0.894355 0.913770 0.952423 0.950899 0.919162 0.915575 0.941533 0.976837 0.998714 0.947183 0.904303 0.956854 0.983095 0.926091 0.939577 0.925895 0.812137 0.828819 0.896574 0.793788 0.898412 0.972231 0.945481 0.852560 0.849700 0.913723 0.998046 0.983634 0.869551 0.861615 0.954533 0.897372 0.922684 0.945861 0.978808 0.953265 0.940584 0.971957 0.883755 0.984554 0.971815 0.967204 0.875995 0.927781 0.925955 0.924895 0.973033 0.892221 0.898986 0.991982 0.936189 0.866255 0.870497 0.953432 0.968517 0.966646 0.959549 0.898220 0.876862 0.817509 0.785149 0.985637
0.836325 0.913904 0.941650 0.874059 0.831586 0.977352 0.899264 0.974003 0.879745 0.966438 0.905493 0.916717 0.775941 0.978969 0.876607 0.965640 0.813844 0.836329 0.823316 0.856648 0.944055 0.960534 0.987145 0.858357 0.909765 0.891861 0.948251 0.915552 0.816012 0.920743 0.803950 0.902779 0.944211 0.976064 0.933075 0.907261 0.902671 0.000000 0.905637 0.977196 0.918969 0.786639 0.692109 0.718288 0.648512 0.638643 0.781579 0.747442 0.725636 0.799551 0.722990 0.843109 0.962817 0.899415 0.980500 0.883157 0.914385 0.802732 0.910067 0.861107 0.744379 0.859905 0.883300 0.866855 0.926122 0.996203 0.782907 0.737516 0.864912 0.921011 0.800858 0.757235 0.822549 0.902456 0.954857 0.991791 0.984628 0.948911 0.981009 0.965556 0.879560 0.950596 0.948090 0.967577 0.936137 0.962302 0.984919 0.973526 0.793891 0.854014 0.911304 0.877358 0.797799 0.848690 0.879020 0.998328 0.927489 0.814059 0.879613 0.955235 0.836933 0.918567 0.898131 0.783944 0.962531 0.896475 0.949341 0.869701 0.964620 0.925188 0.946252 0.934069 0.946241 0.819021 0.982793 0.935328
