0.000000 0.170009 0.664825 0.667876 0.673811 0.771601 0.981185 0.382702 0.745015 0.512775 0.260614 0.213087 0.331843 0.231091 0.592440 0.566855 0.269540 0.230969 0.260803 0.233026 0.901864 0.859779 0.874420 0.982756 0.679132 0.734785 0.896143 0.959526 0.269749 0.299249 0.809403 0.815438 0.547450 0.389381 0.674664 0.599515 0.992769 0.913143 0.946603 0.863669 0.628204 0.628035 0.784571 0.484408 0.796050 0.383188 0.531219 0.455742 0.173854 0.195897 0.197580 0.204392 0.247875 0.316940 0.530290 0.359412 0.248297 0.207466 0.306543 0.232622 0.562366 0.262336 0.301268 0.232719 0.452948 0.630342 0.713585 0.767206 0.434573 0.374395 0.809754 0.838535 0.426865 0.369485 0.802533 0.757955 0.384598 0.513205 0.503714 0.334684 0.247714 0.240810 0.442381 0.543534 0.695877 0.786096 0.712718 0.972267 0.951364 0.584175 0.993475 0.548851 0.580566 0.391903 0.934098 0.764705 0.814652 0.636417 0.563828 0.594677 0.699044 0.896720 0.425707 0.461584 0.681367 0.882768 0.903639 0.960043 0.818023 0.950594 0.873805 0.888195 0.483205 0.813091 0.816224 0.758769
0.170009 0.000000 0.602004 0.701126 0.657718 0.752482 0.973277 0.354889 0.764240 0.474634 0.270787 0.196007 0.404486 0.252427 0.638705 0.562012 0.249789 0.226026 0.247852 0.200214 0.945321 0.829374 0.845704 0.978486 0.641762 0.716335 0.967862 0.961192 0.238447 0.281634 0.805062 0.797358 0.553579 0.400953 0.666887 0.588669 0.986524 0.877523 0.998542 0.860952 0.675892 0.699430 0.827732 0.503432 0.821364 0.412521 0.557071 0.486972 0.179507 0.195712 0.200350 0.220875 0.279513 0.334897 0.522218 0.368082 0.212866 0.171269 0.383457 0.263935 0.624350 0.229841 0.327316 0.229190 0.378769 0.651951 0.645940 0.757314 0.428508 0.354622 0.823847 0.810458 0.380674 0.375035 0.723325 0.780821 0.382357 0.520076 0.506424 0.303549 0.230763 0.227009 0.505263 0.545010 0.732557 0.768523 0.705109 0.918321 0.943168 0.638605 0.974918 0.535873 0.557782 0.420661 0.919178 0.737893 0.845583 0.609062 0.592662 0.632123 0.682269 0.908219 0.464321 0.501757 0.695010 0.933205 0.935849 0.901185 0.826978 0.928843 0.866282 0.896878 0.511006 0.822655 0.921500 0.716015
0.664825 0.602004 0.000000 0.700215 0.697830 0.980001 0.437022 0.945504 0.589371 0.985011 0.722799 0.567407 0.908320 0.556438 0.976668 0.767110 0.731079 0.732177 0.625980 0.566518 0.954527 0.962188 0.688169 0.885290 0.578033 0.380103 0.833892 0.953113 0.734118 0.712919 0.699822 0.799229 0.808859 0.918519 0.427203 0.641351 0.772053 0.945627 0.794535 0.886545 0.985599 0.970188 0.643235 0.920121 0.665667 0.978591 0.968734 0.935287 0.706901 0.603322 0.753466 0.713365 0.762920 0.853474 0.849185 0.787884 0.648248 0.537131 0.805490 0.626190 0.792131 0.739602 0.773216 0.683942 0.280415 0.434227 0.370668 0.406956 0.583423 0.562928 0.979159 0.970094 0.778430 0.813011 0.953101 0.981091 0.816036 0.931300 0.898608 0.737782 0.753611 0.690660 0.869033 0.875015 0.766901 0.986985 0.768974 0.758715 0.737406 0.868907 0.535770 0.452665 0.322406 0.484678 0.787104 0.821886 0.819198 0.510750 0.810391 0.789990 0.924777 0.722215 0.935902 0.991586 0.850625 0.681256 0.963126 0.657748 0.977174 0.846919 0.676087 0.790289 0.931775 0.996241 0.698334 0.911475
0.667876 0.701126 0.700215 0.000000 0.994883 0.887289 0.661353 0.635969 0.983552 0.730052 0.711001 0.743724 0.683752 0.773305 0.823112 0.845004 0.699745 0.712730 0.798600 0.713872 0.997779 0.985284 0.939502 0.996969 0.942655 0.825905 0.921344 0.972083 0.735379 0.782993 0.884922 0.877514 0.613680 0.718981 0.939505 0.829272 0.999551 0.841708 0.729323 0.889282 0.854491 0.815250 0.809930 0.686056 0.741381 0.660614 0.828184 0.603425 0.668037 0.722670 0.618807 0.670130 0.636875 0.674381 0.703969 0.712633 0.668017 0.711189 0.644815 0.750938 0.579305 0.627731 0.765947 0.711966 0.870812 0.765543 0.832245 0.821095 0.716128 0.690396 0.988868 0.882145 0.802758 0.876538 0.831766 0.797958 0.783836 0.845567 0.692858 0.745353 0.730157 0.681531 0.632318 0.628289 0.637383 0.759572 0.956731 0.866554 0.765920 0.777474 0.817700 0.978123 0.894094 0.967341 0.892349 0.947644 0.695995 0.862640 0.656610 0.658806 0.900840 0.697679 0.750721 0.696328 0.645670 0.750630 0.930171 0.795347 0.913763 0.942348 0.916172 0.891612 0.661726 0.948479 0.943206 0.829874
0.673811 0.657718 0.697830 0.994883 0.000000 0.986112 0.990468 0.735689 0.906684 0.743000 0.669621 0.637573 0.766632 0.679688 0.935321 0.870934 0.641146 0.668438 0.572030 0.653548 0.958615 0.956753 0.813542 0.993057 0.901296 0.821894 0.961705 0.918391 0.722232 0.725178 0.969353 0.927781 0.865359 0.724323 0.855936 0.844400 0.934909 0.838206 0.847410 0.987338 0.906234 0.818905 0.984598 0.861220 0.876167 0.805719 0.984191 0.833386 0.736251 0.755935 0.769491 0.778838 0.792284 0.813729 0.749421 0.723187 0.690751 0.723606 0.792762 0.909645 0.931111 0.706807 0.737912 0.686502 0.625662 0.720679 0.829747 0.792925 0.715097 0.765095 0.703818 0.734468 0.803174 0.685571 0.922277 0.933846 0.636427 0.758482 0.855833 0.716819 0.658812 0.605149 0.829941 0.650288 0.970512 0.965069 0.993576 0.842110 0.897410 0.758393 0.836308 0.638004 0.703375 0.681297 0.912301 0.901208 0.921982 0.800256 0.873605 0.842316 0.909117 0.880224 0.783441 0.741920 0.981250 0.916990 0.962745 0.793741 0.975810 0.913303 0.841386 0.832838 0.955205 0.985625 0.919802 0.717806
0.771601 0.752482 0.980001 0.887289 0.986112 0.000000 0.849740 0.605693 0.905258 0.723850 0.806413 0.745057 0.720069 0.729222 0.772561 0.738014 0.846423 0.814663 0.842527 0.809870 0.919291 0.972383 0.904162 0.919787 0.836480 0.987035 0.983540 0.964267 0.713829 0.713447 0.742950 0.701829 0.719943 0.755786 0.926674 0.861240 0.951820 0.994314 0.839507 0.991895 0.997705 0.995885 0.668578 0.598702 0.857040 0.669922 0.741691 0.809232 0.735230 0.652558 0.704765 0.654992 0.777046 0.620024 0.964343 0.863165 0.804403 0.819940 0.779143 0.702416 0.833677 0.738238 0.723031 0.732684 0.840579 0.976971 0.964610 0.878261 0.879610 0.841828 0.733568 0.864304 0.880315 0.778979 0.779994 0.989735 0.652787 0.704611 0.829848 0.755087 0.742764 0.797540 0.805579 0.951690 0.921132 0.975748 0.940509 0.832493 0.815629 0.929878 0.780359 0.905023 0.873689 0.966714 0.875190 0.917354 0.847759 0.903114 0.743689 0.740190 0.701285 0.837577 0.791097 0.716557 0.693997 0.765101 0.826482 0.721878 0.743268 0.881739 0.876137 0.846271 0.842732 0.772385 0.877628 0.990854
0.981185 0.973277 0.437022 0.661353 0.990468 0.849740 0.000000 0.508114 0.552269 0.469426 0.754612 0.961247 0.700419 0.940677 0.827960 0.975517 0.775892 0.803397 0.906327 0.958637 0.927439 0.850321 0.995395 0.602391 0.989628 0.721527 0.671537 0.915183 0.806994 0.767253 0.520357 0.533663 0.476200 0.607973 0.690324 0.889807 0.861498 0.972958 0.816595 0.978475 0.982924 0.959298 0.300181 0.449289 0.304625 0.559310 0.601315 0.516429 0.936697 0.955226 0.903711 0.954955 0.970931 0.836071 0.964497 0.930881 0.913382 0.867896 0.787145 0.915402 0.383857 0.820878 0.710067 0.815826 0.662237 0.638213 0.357033 0.296052 0.667457 0.817785 0.715585 0.654086 0.899237 0.864999 0.901898 0.971585 0.794618 0.801639 0.644023 0.865986 0.792069 0.922047 0.839908 0.804947 0.920977 0.741474 0.952867 0.657948 0.948991 0.944278 0.419924 0.525663 0.486668 0.633360 0.813826 0.880827 0.617756 0.552100 0.398620 0.407883 0.542191 0.548894 0.634714 0.617811 0.711835 0.558225 0.958852 0.557507 0.728821 0.995321 0.600953 0.469693 0.618201 0.834357 0.625620 0.952024
0.382702 0.354889 0.945504 0.635969 0.735689 0.605693 0.508114 0.000000 0.861748 0.248275 0.263665 0.316059 0.382018 0.428450 0.661737 0.644624 0.294907 0.313818 0.394793 0.414341 0.902282 0.981236 0.778709 0.674983 0.556101 0.836141 0.816512 0.927670 0.284910 0.265507 0.613947 0.599539 0.403590 0.318938 0.812683 0.711241 0.993997 0.956463 0.951394 0.911983 0.870689 0.826034 0.473894 0.288105 0.462572 0.266075 0.461935 0.349686 0.349915 0.388553 0.343099 0.375562 0.475135 0.395002 0.709504 0.539104 0.364289 0.443353 0.400211 0.466915 0.337791 0.255530 0.264029 0.273685 0.636002 0.945029 0.918027 0.787683 0.818099 0.614406 0.669203 0.663540 0.508087 0.441182 0.637163 0.857388 0.414949 0.510295 0.438485 0.423345 0.307427 0.382039 0.538667 0.590214 0.906079 0.927422 0.774753 0.836121 0.881334 0.874771 0.703619 0.954881 0.940204 0.805768 0.888337 0.672677 0.700190 0.939088 0.339480 0.394583 0.468841 0.635817 0.418919 0.377892 0.618886 0.637012 0.934262 0.841039 0.717800 0.878440 0.780114 0.573543 0.409179 0.730082 0.722723 0.784124
0.745015 0.764240 0.589371 0.983552 0.906684 0.905258 0.552269 0.861748 0.000000 0.790047 0.872406 0.775798 0.896753 0.690472 0.987791 0.844259 0.911699 0.853428 0.794577 0.750729 0.925488 0.875813 0.938943 0.659837 0.913209 0.673384 0.768916 0.883633 0.927263 0.971888 0.611688 0.626392 0.927877 0.997811 0.717234 0.914439 0.873186 0.998554 0.932284 0.966891 0.772393 0.961533 0.637257 0.794936 0.618233 0.833211 0.928824 0.817513 0.848523 0.811473 0.911732 0.911292 0.893842 0.989277 0.831934 0.978586 0.832417 0.723205 0.809510 0.762247 0.835185 0.985605 0.942306 0.874440 0.650505 0.624132 0.623591 0.599094 0.658998 0.748315 0.892258 0.875981 0.815346 0.864354 0.988280 0.902126 0.986307 0.988713 0.977148 0.839937 0.930400 0.848093 0.841567 0.889859 0.896301 0.793533 0.711485 0.698776 0.988570 0.837277 0.667368 0.516864 0.555658 0.567546 0.769810 0.985775 0.929842 0.788395 0.754680 0.796968 0.724991 0.797885 0.979483 0.903208 0.798668 0.714101 0.926899 0.620881 0.919713 0.900313 0.699718 0.824011 0.861706 0.861137 0.791690 0.935429
0.512775 0.474634 0.985011 0.730052 0.743000 0.723850 0.469426 0.248275 0.790047 0.000000 0.338210 0.402954 0.416334 0.528645 0.642569 0.691024 0.305261 0.330764 0.477336 0.552791 0.995908 0.926637 0.833177 0.710254 0.654919 0.843155 0.755756 0.923201 0.347830 0.295766 0.550816 0.566830 0.401074 0.376790 0.838895 0.859869 0.870282 0.886243 0.994621 0.870037 0.884683 0.849024 0.431268 0.279895 0.403441 0.290535 0.467564 0.344118 0.463433 0.576984 0.473886 0.544833 0.586709 0.564591 0.721099 0.572234 0.426005 0.570139 0.457988 0.654642 0.335316 0.386612 0.329200 0.310055 0.745108 0.945260 0.801539 0.703776 0.886770 0.734227 0.626696 0.455911 0.554042 0.539318 0.731696 0.898474 0.523797 0.518984 0.443306 0.446090 0.326263 0.421701 0.567594 0.552777 0.935914 0.902986 0.893828 0.901593 0.905900 0.828184 0.738072 0.942042 0.929234 0.848758 0.979407 0.705436 0.621733 0.976435 0.345536 0.331879 0.514354 0.677986 0.430169 0.405586 0.680707 0.728055 0.933007 0.795245 0.661003 0.895600 0.839533 0.497816 0.474832 0.783177 0.746995 0.778259
0.260614 0.270787 0.722799 0.711001 0.669621 0.806413 0.754612 0.263665 0.872406 0.338210 0.000000 0.217275 0.294249 0.283153 0.562816 0.547016 0.197832 0.198438 0.257367 0.301201 0.914283 0.946531 0.801545 0.805965 0.524708 0.675705 0.943685 0.947776 0.217031 0.197493 0.778752 0.747424 0.426169 0.341380 0.677422 0.714971 0.991515 0.951413 0.929755 0.772986 0.746374 0.686398 0.643353 0.413295 0.657134 0.330164 0.513074 0.417104 0.290065 0.333757 0.327250 0.347956 0.415749 0.413042 0.583809 0.522175 0.294065 0.315910 0.295919 0.380866 0.397158 0.263636 0.198993 0.185994 0.476648 0.684372 0.916210 0.980909 0.644801 0.534073 0.799114 0.692097 0.409133 0.382999 0.755542 0.836029 0.441821 0.476770 0.380044 0.362722 0.236463 0.273808 0.527493 0.533194 0.858208 0.952608 0.695498 0.985536 0.916477 0.695260 0.905895 0.678450 0.665121 0.512811 0.954623 0.672128 0.713836 0.742627 0.462029 0.522268 0.590936 0.776520 0.427695 0.392270 0.708540 0.813820 0.963750 0.974450 0.727214 0.774960 0.977755 0.768782 0.473952 0.727962 0.747408 0.733259
0.213087 0.196007 0.567407 0.743724 0.637573 0.745057 0.961247 0.316059 0.775798 0.402954 0.217275 0.000000 0.305299 0.187487 0.563737 0.470753 0.211218 0.206259 0.254008 0.229571 0.969339 0.844172 0.840835 0.969740 0.513888 0.582873 0.985724 0.987148 0.248093 0.221875 0.857847 0.850775 0.547669 0.373891 0.559443 0.609012 0.990546 0.955893 0.951278 0.815895 0.754604 0.745311 0.782310 0.470586 0.793936 0.382768 0.570803 0.486271 0.236614 0.255957 0.292212 0.300052 0.374681 0.425534 0.626241 0.479350 0.236554 0.215762 0.354744 0.302402 0.548467 0.231727 0.226350 0.174665 0.367742 0.655175 0.730296 0.795034 0.510935 0.431934 0.721400 0.702907 0.428879 0.427201 0.725405 0.797862 0.391861 0.472248 0.482238 0.331843 0.247884 0.226459 0.487234 0.559187 0.833812 0.817703 0.714244 0.854594 0.888445 0.688260 0.950890 0.516445 0.507336 0.418808 0.915545 0.649762 0.839204 0.674769 0.542681 0.623409 0.682855 0.887226 0.472390 0.483502 0.764922 0.926898 0.990731 0.925632 0.759199 0.826725 0.891941 0.839185 0.497736 0.797213 0.842718 0.729461
0.331843 0.404486 0.908320 0.683752 0.766632 0.720069 0.700419 0.382018 0.896753 0.416334 0.294249 0.305299 0.000000 0.313833 0.371490 0.413881 0.323636 0.312663 0.355079 0.471166 0.979396 0.937596 0.890648 0.995254 0.701324 0.798346 0.950393 0.999938 0.343558 0.292164 0.658803 0.761459 0.423997 0.380062 0.753667 0.741432 0.939574 0.892780 0.950971 0.965088 0.772286 0.758582 0.553246 0.375395 0.707455 0.403904 0.495406 0.446661 0.393890 0.403943 0.420692 0.409714 0.475934 0.480919 0.741987 0.623829 0.378927 0.437251 0.302736 0.396246 0.409966 0.429051 0.225072 0.263328 0.725295 0.779764 0.912956 0.930913 0.786998 0.652036 0.653498 0.651883 0.563606 0.551578 0.875707 0.782942 0.447532 0.424462 0.460027 0.461013 0.352395 0.357247 0.473718 0.598155 0.770598 0.848997 0.777685 0.998904 0.952214 0.670118 0.856448 0.699343 0.775887 0.543294 0.937383 0.725893 0.688632 0.810894 0.457159 0.530400 0.577814 0.830937 0.398333 0.466699 0.635353 0.670744 0.988929 0.902461 0.633877 0.911273 0.948815 0.773946 0.495642 0.751574 0.629767 0.724858
0.231091 0.252427 0.556438 0.773305 0.679688 0.729222 0.940677 0.428450 0.690472 0.528645 0.283153 0.187487 0.313833 0.000000 0.506133 0.382384 0.298674 0.271214 0.283456 0.293260 0.983693 0.825466 0.961776 0.861006 0.610230 0.618324 0.927346 0.991700 0.312957 0.297367 0.872586 0.934453 0.599341 0.418502 0.590552 0.621862 0.976465 0.975934 0.922662 0.836379 0.731590 0.695264 0.815968 0.531008 0.900870 0.449648 0.617945 0.558206 0.283382 0.268543 0.330916 0.308582 0.397186 0.433778 0.696409 0.561510 0.325129 0.272434 0.382426 0.304097 0.627846 0.325742 0.275755 0.234304 0.413038 0.662392 0.737316 0.755067 0.541806 0.486297 0.739035 0.760162 0.478328 0.444859 0.775255 0.761982 0.445826 0.485986 0.502887 0.397026 0.318420 0.266528 0.506921 0.604990 0.783545 0.714004 0.685928 0.863792 0.918914 0.651662 0.890489 0.470191 0.468963 0.341217 0.912533 0.749595 0.958088 0.606785 0.625818 0.673367 0.755010 0.938803 0.529626 0.521757 0.754491 0.896899 0.951175 0.867986 0.756518 0.867282 0.864615 0.932667 0.552447 0.843052 0.864876 0.798232
0.592440 0.638705 0.976668 0.823112 0.935321 0.772561 0.827960 0.661737 0.987791 0.642569 0.562816 0.563737 0.371490 0.506133 0.000000 0.365401 0.577626 0.552365 0.583199 0.686082 0.903184 0.975553 0.621176 0.857878 0.923843 0.971439 0.921115 0.993108 0.594307 0.540193 0.605691 0.733298 0.520035 0.544456 0.969645 0.835255 0.852178 0.831451 0.991257 0.959659 0.885346 0.919865 0.585304 0.489021 0.816466 0.557136 0.694097 0.599777 0.623969 0.624815 0.667381 0.616652 0.695556 0.671034 0.909695 0.843990 0.607225 0.629081 0.580982 0.576350 0.625303 0.636282 0.441911 0.503030 0.992692 0.969912 0.769533 0.814216 0.974803 0.882491 0.671962 0.642381 0.724769 0.821208 0.981986 0.857472 0.571200 0.589332 0.575357 0.661638 0.598884 0.578063 0.590886 0.898468 0.702143 0.642137 0.821608 0.980999 0.888033 0.723155 0.892734 0.820025 0.832366 0.698041 0.963201 0.845358 0.849333 0.773702 0.651353 0.623172 0.662785 0.908780 0.697235 0.650894 0.763830 0.772783 0.933230 0.909239 0.751682 0.991197 0.883493 0.862620 0.744484 0.831982 0.585475 0.878704
0.566855 0.562012 0.767110 0.845004 0.870934 0.738014 0.975517 0.644624 0.844259 0.691024 0.547016 0.470753 0.413881 0.382384 0.365401 0.000000 0.555225 0.558467 0.547726 0.635414 0.911623 0.855096 0.756275 0.747455 0.799009 0.783203 0.919140 0.983611 0.592326 0.506595 0.763353 0.865985 0.657821 0.640361 0.791271 0.784281 0.931062 0.818747 0.964478 0.939778 0.923785 0.940958 0.748639 0.580848 0.986191 0.666578 0.740055 0.668347 0.613209 0.577046 0.649451 0.621488 0.752892 0.762119 0.900813 0.954710 0.548608 0.566578 0.574775 0.517254 0.762864 0.641066 0.457283 0.450825 0.772910 0.867491 0.967402 0.957391 0.830594 0.699529 0.670686 0.711310 0.738778 0.738528 0.886099 0.796853 0.657449 0.503884 0.629833 0.587364 0.566192 0.504612 0.674920 0.815332 0.735144 0.573160 0.750534 0.868997 0.943029 0.790152 0.844198 0.632181 0.616589 0.570289 0.961941 0.797212 0.893978 0.681341 0.802692 0.804083 0.729110 0.967071 0.675812 0.631790 0.787926 0.725326 0.981659 0.904268 0.754593 0.876020 0.892572 0.973141 0.718207 0.840072 0.721127 0.837640
0.269540 0.249789 0.731079 0.699745 0.641146 0.846423 0.775892 0.294907 0.911699 0.305261 0.197832 0.211218 0.323636 0.298674 0.577626 0.555225 0.000000 0.161629 0.252580 0.283384 0.943075 0.886299 0.849414 0.815496 0.566608 0.685435 0.859983 0.987096 0.225773 0.192985 0.729992 0.713682 0.406097 0.293923 0.693172 0.732617 0.882528 0.855946 0.981095 0.774676 0.749411 0.721734 0.627778 0.376407 0.621964 0.329342 0.472105 0.367617 0.274093 0.383803 0.336867 0.395165 0.433146 0.482152 0.527280 0.460315 0.238908 0.313668 0.354420 0.447709 0.453316 0.284090 0.220632 0.172839 0.484384 0.718499 0.899062 0.984459 0.602189 0.543536 0.709413 0.595142 0.381812 0.384601 0.757382 0.860294 0.404470 0.483660 0.410582 0.322727 0.191939 0.222210 0.488250 0.460999 0.747260 0.857235 0.737702 0.934931 0.907643 0.645392 0.995488 0.600466 0.631034 0.472115 0.881745 0.674478 0.786930 0.766965 0.427841 0.496430 0.660522 0.829688 0.402702 0.433267 0.753848 0.861505 0.908405 0.983949 0.751531 0.801869 0.987808 0.715537 0.459592 0.826956 0.804663 0.702544
0.230969 0.226026 0.732177 0.712730 0.668438 0.814663 0.803397 0.313818 0.853428 0.330764 0.198438 0.206259 0.312663 0.271214 0.552365 0.558467 0.161629 0.000000 0.224084 0.254595 0.909702 0.860114 0.873425 0.864192 0.593158 0.692889 0.858500 0.951112 0.191394 0.197752 0.741392 0.684559 0.382597 0.310994 0.729418 0.701806 0.907080 0.872473 0.975359 0.769559 0.646314 0.709451 0.633306 0.390789 0.642296 0.329985 0.503749 0.366820 0.247834 0.347712 0.308896 0.356314 0.402264 0.433318 0.502694 0.435778 0.240800 0.279918 0.347742 0.409731 0.448968 0.288505 0.221743 0.179473 0.481113 0.681087 0.878236 0.958650 0.577006 0.518520 0.737726 0.635403 0.341975 0.353412 0.794075 0.771986 0.374834 0.459679 0.385328 0.288620 0.190765 0.216762 0.458730 0.504948 0.741417 0.868033 0.732500 0.926001 0.919720 0.675310 0.980730 0.585899 0.613630 0.446159 0.878440 0.702929 0.784834 0.756939 0.449430 0.490974 0.648902 0.830297 0.403516 0.420851 0.683927 0.885667 0.987493 0.995780 0.792819 0.871312 0.997171 0.765359 0.445932 0.824000 0.800300 0.741670
0.260803 0.247852 0.625980 0.798600 0.572030 0.842527 0.906327 0.394793 0.794577 0.477336 0.257367 0.254008 0.355079 0.283456 0.583199 0.547726 0.252580 0.224084 0.000000 0.251562 0.911673 0.937637 0.910673 0.925862 0.646163 0.668605 0.978104 0.977518 0.264114 0.276040 0.798332 0.790591 0.457171 0.364085 0.691186 0.685862 0.971358 0.904847 0.961003 0.944247 0.670474 0.768953 0.747933 0.517449 0.779727 0.468969 0.543552 0.465791 0.313795 0.341485 0.367586 0.375140 0.452591 0.471286 0.496852 0.490868 0.265115 0.298681 0.381682 0.427213 0.604289 0.352463 0.296405 0.264894 0.435439 0.569014 0.794127 0.846264 0.528804 0.494904 0.711013 0.732116 0.369616 0.368295 0.822191 0.825955 0.330431 0.562708 0.435743 0.337721 0.250989 0.245850 0.528363 0.473044 0.792987 0.904872 0.711073 0.877091 0.895259 0.654573 0.974824 0.546307 0.595552 0.429762 0.822993 0.704003 0.829937 0.637381 0.596443 0.647513 0.675859 0.916124 0.447898 0.489043 0.763856 0.873223 0.945309 0.885454 0.768612 0.936500 0.852067 0.864186 0.553986 0.829635 0.915052 0.690309
0.233026 0.200214 0.566518 0.713872 0.653548 0.809870 0.958637 0.414341 0.750729 0.552791 0.301201 0.229571 0.471166 0.293260 0.686082 0.635414 0.283384 0.254595 0.251562 0.000000 0.948182 0.871596 0.836253 0.951393 0.678697 0.689221 0.955445 0.965364 0.301250 0.340308 0.948749 0.830180 0.609088 0.436318 0.647368 0.598951 0.986353 0.824763 0.997011 0.785933 0.678558 0.720196 0.908182 0.610440 0.896372 0.506789 0.657112 0.527216 0.254267 0.262697 0.295417 0.309749 0.368964 0.412406 0.505761 0.397764 0.271059 0.230488 0.468040 0.377356 0.729639 0.299527 0.398389 0.313056 0.375689 0.621701 0.613375 0.717939 0.406564 0.349319 0.838130 0.831463 0.361858 0.397164 0.786053 0.791798 0.359119 0.586074 0.504219 0.334431 0.261253 0.230688 0.450854 0.519310 0.781005 0.813484 0.676534 0.825643 0.876624 0.700296 0.902227 0.556998 0.560285 0.444219 0.843553 0.732253 0.922646 0.655457 0.654853 0.707986 0.777429 0.934403 0.553109 0.618012 0.772358 0.990115 0.894221 0.888094 0.894091 0.882788 0.907768 0.886847 0.583720 0.786691 0.921610 0.717658
0.901864 0.945321 0.954527 0.997779 0.958615 0.919291 0.927439 0.902282 0.925488 0.995908 0.914283 0.969339 0.979396 0.983693 0.903184 0.911623 0.943075 0.909702 0.911673 0.948182 0.000000 0.887654 0.866277 0.897123 0.897985 0.964482 0.928257 0.949409 0.978096 0.994845 0.888156 0.900469 0.956082 0.971796 0.955354 0.927750 0.707941 0.850541 0.761746 0.862817 0.661737 0.876430 0.906665 0.907857 0.951249 0.930246 0.803851 0.876554 0.860210 0.986135 0.909336 0.946191 0.948433 0.983373 0.811872 0.803159 0.946701 0.974973 0.998163 0.990862 0.957800 0.965150 0.963899 0.985190 0.937294 0.929237 0.947102 0.964842 0.838691 0.917040 0.940901 0.926676 0.825706 0.832063 0.999352 0.851883 0.955681 0.880187 0.981902 0.874312 0.860343 0.846564 0.825845 0.898511 0.692894 0.919938 0.934711 0.971683 0.889232 0.822548 0.835942 0.937685 0.947442 0.887523 0.983520 0.948490 0.951198 0.988209 0.935794 0.920421 0.982798 0.877625 0.907009 0.876556 0.992222 0.957318 0.882110 0.937393 0.938245 0.784562 0.924747 0.929693 0.977997 0.886572 0.965176 0.993576
0.859779 0.829374 0.962188 0.985284 0.956753 0.972383 0.850321 0.981236 0.875813 0.926637 0.946531 0.844172 0.937596 0.825466 0.975553 0.855096 0.886299 0.860114 0.937637 0.871596 0.887654 0.000000 0.967582 0.862139 0.975464 0.860610 0.943140 0.987025 0.904480 0.911575 0.942946 0.985684 0.966171 0.989751 0.873510 0.891882 0.926562 0.658985 0.865096 0.788378 0.800391 0.790028 0.940361 0.984676 0.963602 0.960363 0.956296 0.982048 0.835372 0.914741 0.880154 0.942602 0.993479 0.984480 0.965926 0.933189 0.925586 0.871699 0.992854 0.860488 0.973874 0.878291 0.959752 0.882266 0.897282 0.992556 0.833927 0.872825 0.931505 0.951063 0.972847 0.940555 0.926237 0.879012 0.897546 0.960095 0.982730 0.934067 0.882334 0.887613 0.872086 0.785958 0.894388 0.898940 0.792171 0.787332 0.884499 0.872038 0.970708 0.846483 0.885989 0.676244 0.806101 0.835144 0.850648 0.907001 0.957697 0.864814 0.900770 0.954667 0.971523 0.888405 0.955362 0.920648 0.893808 0.952767 0.904215 0.735613 0.888716 0.830694 0.993592 0.926333 0.997318 0.790959 0.984690 0.979317
0.874420 0.845704 0.688169 0.939502 0.813542 0.904162 0.995395 0.778709 0.938943 0.833177 0.801545 0.840835 0.890648 0.961776 0.621176 0.756275 0.849414 0.873425 0.910673 0.836253 0.866277 0.967582 0.000000 0.517887 0.651685 0.739827 0.925354 0.963983 0.840362 0.825006 0.874483 0.965704 0.885866 0.912541 0.774534 0.818872 0.766722 0.747759 0.990853 0.825594 0.987726 0.873337 0.934263 0.946636 0.861562 0.833756 0.971088 0.871550 0.863394 0.853551 0.834877 0.867412 0.864679 0.891390 0.820485 0.750104 0.829487 0.848151 0.897635 0.925679 0.885559 0.732459 0.892506 0.829812 0.629275 0.873379 0.746047 0.897047 0.824564 0.753066 0.901187 0.985962 0.946583 0.845039 0.788431 0.936444 0.918765 0.975900 0.933821 0.863546 0.821293 0.897059 0.930232 0.812876 0.732252 0.660303 0.955752 0.903105 0.850272 0.934657 0.991338 0.989405 0.888438 0.966477 0.931538 0.808981 0.971242 0.934813 0.890047 0.927840 0.881326 0.836910 0.880428 0.825309 0.982207 0.861255 0.904834 0.845403 0.955354 0.922092 0.921232 0.912613 0.858696 0.950772 0.853778 0.974258
0.982756 0.978486 0.885290 0.996969 0.993057 0.919787 0.602391 0.674983 0.659837 0.710254 0.805965 0.969740 0.995254 0.861006 0.857878 0.747455 0.815496 0.864192 0.925862 0.951393 0.897123 0.862139 0.517887 0.000000 0.776929 0.966254 0.786733 0.977768 0.819191 0.801936 0.809148 0.664657 0.792871 0.750400 0.969960 0.994476 0.975398 0.810708 0.866946 0.904122 0.978823 0.870036 0.756058 0.755883 0.608625 0.755760 0.817903 0.777051 0.952707 0.991232 0.942647 0.986796 0.990390 0.937662 0.856105 0.867186 0.853027 0.991718 0.908345 0.905439 0.712073 0.810564 0.819353 0.874496 0.960503 0.947152 0.830208 0.631769 0.879550 0.993735 0.975107 0.902794 0.887954 0.900004 0.754746 0.872573 0.863953 0.928673 0.787910 0.933505 0.838461 0.974809 0.920907 0.909814 0.831736 0.584414 0.997821 0.706831 0.933170 0.923743 0.742393 0.732370 0.745779 0.761751 0.869884 0.902609 0.841630 0.787428 0.652189 0.794483 0.743625 0.706630 0.877238 0.823607 0.921012 0.941288 0.959972 0.720898 0.964549 0.966828 0.733007 0.786030 0.848408 0.977921 0.899323 0.936761
0.679132 0.641762 0.578033 0.942655 0.901296 0.836480 0.989628 0.556101 0.913209 0.654919 0.524708 0.513888 0.701324 0.610230 0.923843 0.799009 0.566608 0.593158 0.646163 0.678697 0.897985 0.975464 0.651685 0.776929 0.000000 0.409414 0.744105 0.874058 0.581473 0.484708 0.912565 0.971871 0.853678 0.732174 0.579618 0.781955 0.778448 0.821786 0.932432 0.939814 0.954946 0.993742 0.912074 0.748486 0.928496 0.700763 0.664146 0.774650 0.658501 0.663625 0.738111 0.734900 0.802808 0.807229 0.870525 0.819827 0.622212 0.620257 0.617163 0.614153 0.664008 0.585759 0.483940 0.516922 0.443794 0.640357 0.791953 0.857231 0.899274 0.763191 0.995848 0.994745 0.748537 0.700607 0.788046 0.878073 0.819161 0.797968 0.847853 0.681641 0.661505 0.716707 0.891894 0.908397 0.702264 0.810640 0.880903 0.879034 0.641211 0.981498 0.893402 0.788782 0.694366 0.704668 0.966251 0.745166 0.987590 0.849568 0.737642 0.907421 0.840017 0.951131 0.748150 0.693653 0.992373 0.978018 0.967496 0.934687 0.924500 0.733600 0.992591 0.931189 0.749667 0.916756 0.960727 0.894651
0.734785 0.716335 0.380103 0.825905 0.821894 0.987035 0.721527 0.836141 0.673384 0.843155 0.675705 0.582873 0.798346 0.618324 0.971439 0.783203 0.685435 0.692889 0.668605 0.689221 0.964482 0.860610 0.739827 0.966254 0.409414 0.000000 0.986696 0.971019 0.751093 0.650858 0.634029 0.751677 0.909038 0.900632 0.458933 0.767415 0.741229 0.922291 0.745224 0.889584 0.977153 0.891992 0.772369 0.996504 0.830768 0.960831 0.857842 0.997752 0.784807 0.779554 0.869305 0.898323 0.942351 0.980515 0.854249 0.852904 0.667173 0.665194 0.676528 0.726159 0.944374 0.782341 0.680289 0.657262 0.430024 0.449555 0.627296 0.597693 0.764402 0.745095 0.942265 0.907768 0.786564 0.816785 0.884909 0.989817 0.886956 0.938164 0.841475 0.800283 0.798055 0.754783 0.861790 0.872264 0.718371 0.834332 0.772186 0.790590 0.775033 0.985206 0.563472 0.536034 0.443439 0.595893 0.839773 0.723087 0.966648 0.669681 0.971482 0.916674 0.884254 0.741618 0.912555 0.901540 0.892100 0.798017 0.976451 0.694789 0.963984 0.713965 0.900324 0.865116 0.972770 0.936181 0.843728 0.864334
0.896143 0.967862 0.833892 0.921344 0.961705 0.983540 0.671537 0.816512 0.768916 0.755756 0.943685 0.985724 0.950393 0.927346 0.921115 0.919140 0.859983 0.858500 0.978104 0.955445 0.928257 0.943140 0.925354 0.786733 0.744105 0.986696 0.000000 0.773620 0.873826 0.882085 0.898031 0.695948 0.781209 0.868577 0.711076 0.923519 0.943351 0.962851 0.914935 0.997930 0.978953 0.966893 0.706874 0.824508 0.673821 0.837685 0.851468 0.768495 0.992662 0.819563 0.969346 0.883245 0.900507 0.960831 0.863881 0.974329 0.973488 0.864418 0.990685 0.827630 0.737472 0.958390 0.868712 0.908047 0.995178 0.926315 0.726287 0.668021 0.803839 0.766374 0.946893 0.874214 0.886945 0.897827 0.916613 0.975343 0.960735 0.942726 0.952684 0.906467 0.893762 0.974152 0.908020 0.918375 0.925345 0.823710 0.968307 0.855565 0.772275 0.876749 0.858618 0.817187 0.820365 0.902938 0.952337 0.922126 0.979750 0.773734 0.712420 0.777232 0.838565 0.771312 0.899557 0.805096 0.879661 0.974589 0.965466 0.865741 0.958459 0.892770 0.775222 0.830286 0.782514 0.801789 0.979543 0.819818
0.959526 0.961192 0.953113 0.972083 0.918391 0.964267 0.915183 0.927670 0.883633 0.923201 0.947776 0.987148 0.999938 0.991700 0.993108 0.983611 0.987096 0.951112 0.977518 0.965364 0.949409 0.987025 0.963983 0.977768 0.874058 0.971019 0.773620 0.000000 0.946191 0.898237 0.950303 0.849847 0.972807 0.955918 0.942765 0.759170 0.822541 0.965506 0.901593 0.938456 0.951182 0.873481 0.977850 0.955874 0.977455 0.962900 0.953527 0.903544 0.935972 0.987844 0.947456 0.969893 0.910957 0.942039 0.962634 0.821477 0.994615 0.984567 0.966103 0.994643 0.950482 0.940272 0.988105 0.994413 0.996334 0.971810 0.908053 0.984322 0.974666 0.972047 0.992506 0.979710 0.910936 0.992335 0.952243 0.939685 0.964436 0.837386 0.992382 0.972804 0.980970 0.981574 0.951338 0.985382 0.791389 0.872701 0.930645 0.871090 0.895895 0.689310 0.981488 0.998981 0.950469 0.990295 0.952272 0.764922 0.973705 0.932631 0.842147 0.865333 0.939603 0.956552 0.899471 0.997063 0.920313 0.959888 0.798354 0.952481 0.833151 0.913370 0.887126 0.961143 0.936783 0.971689 0.999728 0.959327
0.269749 0.238447 0.734118 0.735379 0.722232 0.713829 0.806994 0.284910 0.927263 0.347830 0.217031 0.248093 0.343558 0.312957 0.594307 0.592326 0.225773 0.191394 0.264114 0.301250 0.978096 0.904480 0.840362 0.819191 0.581473 0.751093 0.873826 0.946191 0.000000 0.201164 0.719052 0.618415 0.393937 0.312722 0.728065 0.720270 0.957299 0.890555 0.945834 0.772777 0.697170 0.706674 0.626018 0.398824 0.635232 0.300318 0.506714 0.386096 0.261577 0.296079 0.271271 0.301023 0.356436 0.350862 0.559305 0.431611 0.296366 0.293399 0.335092 0.384529 0.438884 0.257288 0.232764 0.205788 0.473644 0.710107 0.883310 0.971495 0.665853 0.532000 0.758666 0.722398 0.345654 0.388071 0.744330 0.780720 0.372330 0.464972 0.390192 0.286902 0.232120 0.281449 0.498869 0.535782 0.806909 0.941695 0.769128 0.969955 0.898420 0.708688 0.861846 0.676929 0.714875 0.531973 0.874397 0.669918 0.762596 0.763092 0.439024 0.529344 0.577498 0.742404 0.403365 0.403031 0.622104 0.837155 0.996237 0.987163 0.759243 0.959382 0.996230 0.774538 0.417868 0.761714 0.876731 0.755019
0.299249 0.281634 0.712919 0.782993 0.725178 0.713447 0.767253 0.265507 0.971888 0.295766 0.197493 0.221875 0.292164 0.297367 0.540193 0.506595 0.192985 0.197752 0.276040 0.340308 0.994845 0.911575 0.825006 0.801936 0.484708 0.650858 0.882085 0.898237 0.201164 0.000000 0.670986 0.670859 0.410286 0.303624 0.654280 0.688014 0.929981 0.943613 0.963057 0.812332 0.726975 0.744838 0.574888 0.340935 0.613513 0.299667 0.467165 0.367460 0.293329 0.355117 0.350605 0.376442 0.444478 0.464606 0.629528 0.553512 0.276941 0.313698 0.326881 0.392615 0.409600 0.268176 0.185883 0.160579 0.478216 0.692803 0.890192 0.993565 0.714733 0.568065 0.732867 0.639044 0.443166 0.436430 0.778604 0.822463 0.422232 0.469777 0.420973 0.338042 0.229748 0.291580 0.543084 0.527275 0.894433 0.956290 0.740889 0.977896 0.870368 0.752813 0.976352 0.619721 0.641618 0.487077 0.910516 0.663030 0.749624 0.724064 0.472877 0.554372 0.564061 0.783145 0.420433 0.386536 0.698864 0.840510 0.998047 0.965732 0.671646 0.832362 0.968630 0.708560 0.458144 0.757842 0.799803 0.743384
0.809403 0.805062 0.699822 0.884922 0.969353 0.742950 0.520357 0.613947 0.611688 0.550816 0.778752 0.857847 0.658803 0.872586 0.605691 0.763353 0.729992 0.741392 0.798332 0.948749 0.888156 0.942946 0.874483 0.809148 0.912565 0.634029 0.898031 0.950303 0.719052 0.670986 0.000000 0.432144 0.513546 0.554064 0.803795 0.961401 0.743865 0.997870 0.830756 0.929281 0.926956 0.984619 0.306571 0.351178 0.431511 0.453601 0.623751 0.497958 0.720285 0.817725 0.733205 0.718210 0.737534 0.669512 0.958822 0.882718 0.780364 0.878861 0.874529 0.846195 0.601330 0.739081 0.671399 0.707730 0.868613 0.741879 0.671512 0.462862 0.782875 0.913471 0.637681 0.661051 0.887325 0.786106 0.824819 0.972277 0.619005 0.602446 0.747132 0.714707 0.685779 0.824621 0.906651 0.915345 0.816830 0.950418 0.967322 0.578221 0.871609 0.832475 0.616147 0.830640 0.776898 0.959954 0.845855 0.957045 0.821564 0.997081 0.540956 0.524363 0.449795 0.610634 0.589436 0.626647 0.674233 0.662230 0.899240 0.704630 0.720418 0.824025 0.762451 0.591342 0.600725 0.939520 0.641652 0.919865
0.815438 0.797358 0.799229 0.877514 0.927781 0.701829 0.533663 0.599539 0.626392 0.566830 0.747424 0.850775 0.761459 0.934453 0.733298 0.865985 0.713682 0.684559 0.790591 0.830180 0.900469 0.985684 0.965704 0.664657 0.971871 0.751677 0.695948 0.849847 0.618415 0.670859 0.432144 0.000000 0.457527 0.548139 0.816279 0.916413 0.774912 0.909822 0.763876 0.914821 0.945870 0.974073 0.400733 0.433847 0.451147 0.492209 0.632795 0.449373 0.731553 0.813711 0.734228 0.752024 0.811087 0.686323 0.856581 0.784538 0.757373 0.888925 0.874701 0.876376 0.663477 0.721282 0.695659 0.723237 0.962572 0.846835 0.784171 0.545369 0.805630 0.931136 0.579395 0.680726 0.785716 0.835241 0.903933 0.916168 0.622508 0.689602 0.664832 0.636842 0.656236 0.815611 0.822937 0.916206 0.887393 0.985136 0.958308 0.618601 0.910541 0.940945 0.664860 0.835103 0.759789 0.948357 0.960599 0.999153 0.807225 0.904184 0.583974 0.635768 0.550502 0.741308 0.636179 0.702438 0.659963 0.842098 0.941711 0.756649 0.767642 0.795317 0.691069 0.568664 0.676889 0.860750 0.765972 0.988912
0.547450 0.553579 0.808859 0.613680 0.865359 0.719943 0.476200 0.403590 0.927877 0.401074 0.426169 0.547669 0.423997 0.599341 0.520035 0.657821 0.406097 0.382597 0.457171 0.609088 0.956082 0.966171 0.885866 0.792871 0.853678 0.909038 0.781209 0.972807 0.393937 0.410286 0.513546 0.457527 0.000000 0.353947 0.896743 0.983730 0.685388 0.903923 0.878242 0.893911 0.815992 0.879156 0.382277 0.335861 0.440911 0.361326 0.555868 0.387842 0.539864 0.647228 0.573943 0.599458 0.662373 0.578263 0.694916 0.723110 0.494200 0.620597 0.516628 0.692035 0.394448 0.517524 0.386658 0.419357 0.930385 0.961376 0.681416 0.621436 0.959633 0.810009 0.670385 0.627511 0.585324 0.581229 0.802775 0.911755 0.485789 0.550000 0.428726 0.452134 0.408971 0.513048 0.616681 0.590772 0.677796 0.909715 0.930025 0.931218 0.986129 0.757281 0.740268 0.935527 0.955227 0.818554 0.974463 0.837126 0.708595 0.942928 0.437853 0.437896 0.580321 0.677206 0.489041 0.459401 0.567319 0.686797 0.979616 0.792261 0.714285 0.989345 0.854765 0.612083 0.499789 0.693084 0.736116 0.821301
0.389381 0.400953 0.918519 0.718981 0.724323 0.755786 0.607973 0.318938 0.997811 0.376790 0.341380 0.373891 0.380062 0.418502 0.544456 0.640361 0.293923 0.310994 0.364085 0.436318 0.971796 0.989751 0.912541 0.750400 0.732174 0.900632 0.868577 0.955918 0.312722 0.303624 0.554064 0.548139 0.353947 0.000000 0.895738 0.810303 0.834371 0.863216 0.913563 0.851019 0.807941 0.801621 0.456741 0.290565 0.479673 0.302803 0.487146 0.375200 0.381307 0.465052 0.439525 0.456619 0.525441 0.508100 0.727569 0.587982 0.400380 0.461983 0.462256 0.547578 0.436836 0.360489 0.281332 0.304803 0.670970 0.930412 0.919148 0.759157 0.840675 0.724797 0.613366 0.579667 0.524600 0.543901 0.743901 0.916973 0.342951 0.529039 0.428674 0.411487 0.333109 0.402975 0.529440 0.561100 0.763398 0.887956 0.834472 0.853551 0.936866 0.731050 0.837831 0.769415 0.835410 0.664034 0.953838 0.663991 0.832845 0.967211 0.389494 0.508618 0.614716 0.729031 0.411972 0.472478 0.694863 0.829549 0.880538 0.907046 0.679522 0.986034 0.931383 0.607813 0.490791 0.841303 0.780307 0.844830
0.674664 0.666887 0.427203 0.939505 0.855936 0.926674 0.690324 0.812683 0.717234 0.838895 0.677422 0.559443 0.753667 0.590552 0.969645 0.791271 0.693172 0.729418 0.691186 0.647368 0.955354 0.873510 0.774534 0.969960 0.579618 0.458933 0.711076 0.942765 0.728065 0.654280 0.803795 0.816279 0.896743 0.895738 0.000000 0.816875 0.733643 0.929462 0.941448 0.809159 0.965705 0.934873 0.789380 0.956051 0.846694 0.877711 0.904299 0.936837 0.686519 0.641569 0.779364 0.766065 0.818470 0.914383 0.957506 0.843822 0.670398 0.578520 0.779558 0.628732 0.987154 0.705323 0.714459 0.649583 0.493231 0.603150 0.516095 0.571263 0.718416 0.593928 0.877295 0.934284 0.789824 0.889517 0.914298 0.979436 0.929230 0.893960 0.844603 0.792943 0.755279 0.725520 0.740953 0.857027 0.792629 0.935403 0.843089 0.801501 0.867746 0.921650 0.656073 0.510275 0.546729 0.523347 0.824799 0.793476 0.953890 0.648193 0.931950 0.815836 0.929890 0.797389 0.932208 0.944790 0.787924 0.829007 0.926207 0.778018 0.919867 0.909524 0.886740 0.904796 0.938451 0.883325 0.731169 0.796326
0.599515 0.588669 0.641351 0.829272 0.844400 0.861240 0.889807 0.711241 0.914439 0.859869 0.714971 0.609012 0.741432 0.621862 0.835255 0.784281 0.732617 0.701806 0.685862 0.598951 0.927750 0.891882 0.818872 0.994476 0.781955 0.767415 0.923519 0.759170 0.720270 0.688014 0.961401 0.916413 0.983730 0.810303 0.816875 0.000000 0.730899 0.984212 0.926762 0.919948 0.921394 0.997889 0.984684 0.860105 0.991736 0.734876 0.810370 0.755650 0.642406 0.531181 0.571512 0.527795 0.561495 0.580131 0.687541 0.667898 0.568132 0.534603 0.669865 0.540353 0.848886 0.601846 0.718100 0.655115 0.668984 0.821432 0.688504 0.803490 0.630435 0.570087 0.902252 0.983285 0.756706 0.832716 0.896225 0.876386 0.625109 0.898372 0.793639 0.793245 0.738884 0.699310 0.761212 0.837722 0.983003 0.869341 0.655502 0.934104 0.938579 0.886118 0.887680 0.765520 0.641856 0.686768 0.784873 0.989878 0.950241 0.686089 0.876456 0.929389 0.850407 0.975272 0.764441 0.740396 0.826666 0.953511 0.964586 0.937672 0.956192 0.988735 0.979038 0.886272 0.809616 0.977294 0.890379 0.858663
0.992769 0.986524 0.772053 0.999551 0.934909 0.951820 0.861498 0.993997 0.873186 0.870282 0.991515 0.990546 0.939574 0.976465 0.852178 0.931062 0.882528 0.907080 0.971358 0.986353 0.707941 0.926562 0.766722 0.975398 0.778448 0.741229 0.943351 0.822541 0.957299 0.929981 0.743865 0.774912 0.685388 0.834371 0.733643 0.730899 0.000000 0.792466 0.897056 0.804369 0.905690 0.824269 0.810796 0.819782 0.756001 0.894073 0.956680 0.978437 0.951972 0.913195 0.997844 0.963126 0.968971 0.987134 0.947255 0.934448 0.996958 0.979281 0.901149 0.847446 0.956905 0.993380 0.989978 0.952854 0.860894 0.837906 0.838912 0.840103 0.977181 0.996793 0.844738 0.751885 0.998063 0.911695 0.979558 0.961435 0.997155 0.744574 0.953675 0.846124 0.845089 0.853122 0.876995 0.805500 0.681026 0.788677 0.812674 0.898554 0.899031 0.769706 0.953647 0.960109 0.943186 0.946832 0.908967 0.911963 0.938138 0.921453 0.919696 0.877514 0.945512 0.924698 0.923010 0.861860 0.896203 0.965652 0.839869 0.969708 0.824493 0.983200 0.944156 0.813358 0.894826 0.921412 0.967880 0.913213
0.913143 0.877523 0.945627 0.841708 0.838206 0.994314 0.972958 0.956463 0.998554 0.886243 0.951413 0.955893 0.892780 0.975934 0.831451 0.818747 0.855946 0.872473 0.904847 0.824763 0.850541 0.658985 0.747759 0.810708 0.821786 0.922291 0.962851 0.965506 0.890555 0.943613 0.997870 0.909822 0.903923 0.863216 0.929462 0.984212 0.792466 0.000000 0.857835 0.784173 0.644903 0.819752 0.982575 0.994530 0.790774 0.854352 0.942248 0.927933 0.872264 0.968490 0.879229 0.946685 0.895994 0.923304 0.821454 0.753629 0.908755 0.901875 0.972360 0.891109 0.955239 0.836728 0.927310 0.927157 0.948251 0.913664 0.943838 0.950434 0.832545 0.845912 0.990261 0.852874 0.744008 0.800738 0.929216 0.977130 0.795646 0.987912 0.943173 0.849823 0.794041 0.779908 0.832814 0.611991 0.763891 0.901623 0.977497 0.842266 0.977880 0.710186 0.964085 0.864060 0.939795 0.976630 0.904246 0.812096 0.864179 0.920533 0.985709 0.892414 0.939479 0.978920 0.957399 0.923336 0.998894 0.949970 0.934170 0.915128 0.857230 0.914560 0.968293 0.827731 0.968920 0.966883 0.905779 0.838051
