0.000000 0.160939 0.335877 0.320886 0.629825 0.564915 0.259313 0.210470 0.411485 0.329005 0.157217 0.144714 0.131670 0.229555 0.215707 0.256644 0.171474 0.157961 0.161328 0.178790 0.532196 0.874317 0.342317 0.536167 0.745122 0.753854 0.900183 0.865189 0.214054 0.210559 0.291817 0.409585 0.154970 0.174417 0.525275 0.636041 0.382021 0.419860 0.718682 0.658447 0.637570 0.545164 0.264433 0.234713 0.262396 0.218498 0.242903 0.254365 0.758706 0.407167 0.494369 0.405688 0.567756 0.627494 0.508577 0.537912 0.185514 0.161641 0.191370 0.215324 0.122359 0.184604 0.126632 0.134812 0.394115 0.290659 0.284799 0.301081 0.321463 0.216965 0.293073 0.261445 0.460036 0.486115 0.668724 0.595566 0.389776 0.296040 0.207642 0.232215 0.153469 0.215768 0.447411 0.355839 0.259307 0.455707 0.986715 0.788376 0.448193 0.535535 0.585940 0.684516 0.601957 0.767234 0.505708 0.530181 0.360063 0.547119 0.243187 0.249526 0.545672 0.565675 0.257094 0.315558 0.303340 0.284871 0.710076 0.613678 0.654802 0.444488 0.645980 0.364156 0.363369 0.487771 0.411850 0.990688
0.160939 0.000000 0.486359 0.399451 0.616506 0.574689 0.367491 0.246856 0.439356 0.376721 0.225348 0.131648 0.141982 0.155810 0.183541 0.198008 0.160637 0.127725 0.188337 0.175168 0.529737 0.874344 0.324866 0.469530 0.693192 0.818088 0.949342 0.894613 0.174617 0.195868 0.340706 0.423714 0.219331 0.226202 0.602825 0.665427 0.395046 0.452116 0.797485 0.699385 0.607787 0.503669 0.267706 0.230974 0.275540 0.248000 0.273420 0.263092 0.753367 0.464733 0.561823 0.473000 0.653400 0.767293 0.637633 0.674998 0.111557 0.101562 0.276009 0.292860 0.197499 0.214332 0.145442 0.122556 0.505927 0.399170 0.408293 0.384053 0.372340 0.286184 0.248577 0.269794 0.557883 0.609994 0.740551 0.623217 0.322837 0.279603 0.264477 0.230116 0.161935 0.224292 0.365588 0.342122 0.306103 0.434800 0.913270 0.815005 0.542224 0.577190 0.654878 0.715058 0.669020 0.843646 0.494271 0.526158 0.383644 0.510133 0.282374 0.241051 0.578680 0.708870 0.280817 0.296949 0.324840 0.288003 0.796699 0.619748 0.634495 0.465916 0.578221 0.363679 0.430456 0.436366 0.427464 0.914165
0.335877 0.486359 0.000000 0.143643 0.630836 0.582738 0.141424 0.225195 0.450335 0.340288 0.345291 0.372383 0.335574 0.458199 0.397373 0.377580 0.408788 0.385966 0.252179 0.325885 0.473076 0.824856 0.265727 0.455852 0.544741 0.432236 0.993727 0.823725 0.428944 0.324496 0.233516 0.364669 0.240952 0.255112 0.428025 0.591408 0.396385 0.476015 0.576333 0.657285 0.709493 0.683889 0.291172 0.298742 0.504845 0.429591 0.381226 0.308976 0.913482 0.594240 0.719198 0.618133 0.623433 0.506033 0.540433 0.638538 0.516841 0.497883 0.327423 0.382903 0.253023 0.344449 0.326810 0.375377 0.184260 0.169572 0.199126 0.251563 0.490137 0.297402 0.369376 0.405634 0.444262 0.462145 0.494970 0.794607 0.473040 0.468965 0.322236 0.466774 0.337507 0.297083 0.563882 0.382964 0.302816 0.430348 0.850426 0.935034 0.449009 0.535994 0.565023 0.627336 0.577794 0.707830 0.600135 0.612230 0.506677 0.665615 0.479571 0.397239 0.592775 0.405949 0.445552 0.359166 0.392747 0.395537 0.763407 0.692668 0.636792 0.487545 0.660935 0.601568 0.455885 0.607644 0.559524 0.943367
0.320886 0.399451 0.143643 0.000000 0.673062 0.495211 0.156190 0.152119 0.468806 0.249038 0.381982 0.289708 0.276721 0.323185 0.293228 0.257166 0.356998 0.316140 0.224688 0.278238 0.435863 0.767866 0.176667 0.329851 0.506699 0.424698 0.987658 0.935940 0.343727 0.249477 0.195154 0.285941 0.195205 0.211468 0.404641 0.542723 0.320297 0.444900 0.527192 0.623373 0.728177 0.552362 0.234369 0.267634 0.452375 0.389944 0.346071 0.245746 0.981092 0.553675 0.688039 0.579532 0.603041 0.512761 0.530557 0.634300 0.450257 0.412750 0.332991 0.393939 0.257248 0.293258 0.272572 0.286328 0.199192 0.167879 0.205091 0.237838 0.537643 0.278112 0.293795 0.366327 0.506423 0.580931 0.471978 0.709548 0.386417 0.399853 0.273701 0.427759 0.249052 0.208591 0.438295 0.272336 0.243886 0.315138 0.839304 0.972798 0.435352 0.447379 0.537442 0.571693 0.524560 0.700339 0.536449 0.502609 0.468925 0.581578 0.421978 0.288512 0.527757 0.419575 0.360285 0.309438 0.333058 0.325620 0.819003 0.658267 0.624534 0.428161 0.616445 0.498588 0.420140 0.497497 0.548265 0.953050
0.629825 0.616506 0.630836 0.673062 0.000000 0.791444 0.620245 0.615433 0.760269 0.697020 0.719919 0.683559 0.633814 0.715248 0.662719 0.685191 0.707425 0.670461 0.574512 0.692590 0.708359 0.813072 0.673300 0.753110 0.881398 0.977714 0.965434 0.792768 0.677154 0.726505 0.776527 0.855392 0.604406 0.664904 0.709333 0.758722 0.754302 0.708088 0.918142 0.811579 0.849625 0.621821 0.589196 0.584301 0.575484 0.643752 0.720434 0.658353 0.850989 0.761518 0.766028 0.738949 0.850841 0.800770 0.855444 0.851612 0.643086 0.672964 0.655090 0.659566 0.591324 0.634210 0.640769 0.648957 0.648244 0.637403 0.641578 0.619100 0.686357 0.698972 0.606525 0.649620 0.899810 0.935190 0.911201 0.963521 0.748232 0.767013 0.767456 0.837858 0.690005 0.705814 0.743434 0.718757 0.677271 0.672075 0.950258 0.940833 0.902064 0.819337 0.689674 0.692616 0.703100 0.721031 0.918536 0.877722 0.720061 0.826963 0.633295 0.584822 0.725248 0.657201 0.587525 0.615332 0.515433 0.710091 0.747992 0.726544 0.861804 0.933571 0.687065 0.680855 0.720800 0.815622 0.656027 0.817408
0.564915 0.574689 0.582738 0.495211 0.791444 0.000000 0.459451 0.425011 0.595793 0.408065 0.606114 0.537800 0.538309 0.612086 0.581419 0.573243 0.608298 0.572285 0.545472 0.549744 0.736215 0.831120 0.537928 0.732068 0.882798 0.623518 0.975895 0.780215 0.611035 0.609393 0.555683 0.624970 0.519330 0.512381 0.595104 0.779404 0.540317 0.856212 0.793949 0.853304 0.877306 0.543467 0.476750 0.568845 0.511658 0.571244 0.517214 0.581320 0.920507 0.807970 0.754482 0.740738 0.789034 0.820837 0.761302 0.713851 0.609212 0.628400 0.610853 0.696182 0.547726 0.592789 0.529442 0.544413 0.603024 0.538475 0.468111 0.455164 0.776538 0.655255 0.430086 0.501660 0.792369 0.879271 0.768010 0.789952 0.617866 0.558723 0.560892 0.697521 0.496395 0.547078 0.785442 0.617477 0.563063 0.697668 0.889666 0.754003 0.748920 0.744139 0.425179 0.478430 0.381769 0.599687 0.729794 0.733666 0.501577 0.709997 0.417722 0.419837 0.528091 0.466585 0.589567 0.510908 0.571176 0.498294 0.913377 0.592069 0.850880 0.688874 0.712371 0.473920 0.520571 0.698310 0.644681 0.938414
0.259313 0.367491 0.141424 0.156190 0.620245 0.459451 0.000000 0.138106 0.400945 0.221556 0.299632 0.291687 0.270808 0.379969 0.344868 0.329711 0.305085 0.279668 0.177270 0.270162 0.490470 0.846217 0.257251 0.494012 0.667767 0.553007 0.913706 0.794417 0.346589 0.269143 0.240305 0.353386 0.184338 0.179778 0.426277 0.583792 0.379474 0.463051 0.568365 0.648056 0.698264 0.547171 0.199162 0.197227 0.329703 0.283992 0.307438 0.240759 0.996452 0.573194 0.634054 0.546393 0.600313 0.514893 0.523521 0.663540 0.368423 0.374417 0.246765 0.330045 0.173104 0.281511 0.227907 0.273450 0.234234 0.157433 0.142420 0.156236 0.468006 0.287044 0.283677 0.280053 0.446920 0.482276 0.520281 0.734546 0.409091 0.354362 0.286607 0.395244 0.232742 0.240153 0.537541 0.362489 0.293520 0.448771 0.939144 0.825173 0.422505 0.586317 0.477960 0.518470 0.470326 0.629017 0.578100 0.517150 0.393404 0.571852 0.318497 0.256376 0.493351 0.330367 0.352187 0.287126 0.321429 0.309264 0.755650 0.594539 0.566806 0.409659 0.548104 0.434130 0.322018 0.485705 0.489441 0.915978
0.210470 0.246856 0.225195 0.152119 0.615433 0.425011 0.138106 0.000000 0.379667 0.164835 0.297685 0.183882 0.185715 0.227860 0.228703 0.219037 0.232033 0.203027 0.173049 0.211049 0.462752 0.793409 0.210276 0.413264 0.650469 0.583445 0.921009 0.907612 0.251102 0.204076 0.234716 0.338728 0.147188 0.152014 0.405449 0.515200 0.345583 0.400551 0.643992 0.619313 0.643683 0.488726 0.170879 0.193697 0.253967 0.241891 0.269885 0.219067 0.855089 0.473312 0.537599 0.440843 0.545786 0.525997 0.529246 0.629623 0.288432 0.269701 0.255030 0.304831 0.168682 0.189737 0.176827 0.162413 0.286186 0.195334 0.177679 0.196428 0.479207 0.251505 0.238471 0.277346 0.479864 0.572597 0.564780 0.662145 0.316926 0.267544 0.215859 0.350756 0.160420 0.181470 0.404352 0.285849 0.237270 0.371586 0.997075 0.844255 0.449689 0.478445 0.399284 0.453679 0.398122 0.600052 0.472686 0.418763 0.321519 0.493428 0.222421 0.155618 0.392852 0.394063 0.261532 0.228043 0.251314 0.252604 0.739839 0.507825 0.574714 0.391288 0.527690 0.344217 0.301086 0.405018 0.462134 0.969371
0.411485 0.439356 0.450335 0.468806 0.760269 0.595793 0.400945 0.379667 0.000000 0.361124 0.403064 0.400036 0.422031 0.523663 0.507562 0.495636 0.451442 0.442933 0.431358 0.396688 0.727244 0.977783 0.535184 0.762681 0.783397 0.785974 0.838021 0.845902 0.461563 0.458413 0.474620 0.613969 0.398508 0.413936 0.622702 0.711372 0.544959 0.600209 0.900240 0.701495 0.732817 0.750239 0.460374 0.451306 0.460547 0.453286 0.459649 0.484805 0.942321 0.631799 0.690673 0.603307 0.714557 0.719991 0.730604 0.694059 0.471098 0.458969 0.458309 0.440432 0.371469 0.382941 0.451417 0.444686 0.502872 0.438953 0.448395 0.443686 0.446057 0.465374 0.453643 0.482805 0.447401 0.481513 0.771203 0.647543 0.465356 0.411391 0.534624 0.513070 0.452191 0.490029 0.742870 0.635563 0.575561 0.747710 0.868283 0.564853 0.673206 0.773889 0.540077 0.537959 0.546449 0.561468 0.640792 0.589610 0.623100 0.786225 0.384989 0.431695 0.603294 0.525731 0.558981 0.403195 0.472386 0.550696 0.786023 0.649306 0.768203 0.556766 0.573044 0.596148 0.433756 0.654380 0.540659 0.829387
0.329005 0.376721 0.340288 0.249038 0.697020 0.408065 0.221556 0.164835 0.361124 0.000000 0.364775 0.285748 0.307839 0.356588 0.330434 0.334994 0.315116 0.305768 0.291513 0.325909 0.576989 0.787632 0.332849 0.553913 0.771034 0.619827 0.865226 0.919358 0.353149 0.297243 0.347076 0.435128 0.263406 0.260217 0.403176 0.600045 0.445379 0.533762 0.697647 0.661311 0.738227 0.485355 0.297392 0.320218 0.353527 0.360758 0.436312 0.353142 0.959334 0.616954 0.653629 0.555154 0.616978 0.622940 0.624651 0.676473 0.396288 0.414564 0.398106 0.452556 0.281955 0.286874 0.313394 0.289573 0.378320 0.262513 0.279667 0.303274 0.524981 0.379349 0.317306 0.368872 0.441575 0.545145 0.621819 0.573048 0.387804 0.292389 0.339722 0.458690 0.255500 0.298584 0.515632 0.393887 0.416151 0.557822 0.975077 0.750426 0.573249 0.635701 0.395369 0.411477 0.375919 0.526202 0.571740 0.430982 0.420652 0.578640 0.248720 0.218936 0.470595 0.402009 0.402749 0.288227 0.367551 0.374744 0.766899 0.514378 0.700926 0.465029 0.526314 0.399398 0.336882 0.459712 0.533459 0.996650
0.157217 0.225348 0.345291 0.381982 0.719919 0.606114 0.299632 0.297685 0.403064 0.364775 0.000000 0.171640 0.184073 0.288925 0.282823 0.282657 0.175708 0.176080 0.194247 0.183059 0.560814 0.888080 0.403012 0.542205 0.757839 0.711580 0.911615 0.832422 0.232470 0.203650 0.321854 0.371468 0.217490 0.206016 0.594169 0.690304 0.458310 0.524531 0.765276 0.643572 0.593554 0.615469 0.358531 0.298655 0.422767 0.347100 0.348648 0.358858 0.975364 0.590263 0.680554 0.593057 0.700310 0.800557 0.629014 0.622567 0.217888 0.224915 0.275046 0.305403 0.170884 0.255257 0.182628 0.201325 0.454488 0.307701 0.342821 0.374519 0.266118 0.253261 0.350600 0.310631 0.384300 0.411104 0.741730 0.579715 0.405034 0.300928 0.238677 0.207200 0.203523 0.247816 0.511955 0.430039 0.391474 0.569254 0.967310 0.757266 0.499292 0.668021 0.705715 0.804286 0.734614 0.874590 0.606843 0.594851 0.444789 0.620664 0.355228 0.344557 0.621659 0.617025 0.355137 0.344265 0.407395 0.356609 0.753068 0.779849 0.713584 0.487925 0.713283 0.494676 0.476110 0.503969 0.454144 0.914054
0.144714 0.131648 0.372383 0.289708 0.683559 0.537800 0.291687 0.183882 0.400036 0.285748 0.171640 0.000000 0.108907 0.131958 0.141202 0.141664 0.127947 0.098050 0.152048 0.139005 0.524411 0.847251 0.263291 0.400100 0.672455 0.716903 0.946561 0.955507 0.132261 0.125190 0.268651 0.328344 0.145831 0.172825 0.577300 0.646981 0.361134 0.450758 0.729497 0.623495 0.589750 0.503941 0.268108 0.239638 0.323256 0.264912 0.272680 0.269485 0.816033 0.483555 0.588114 0.485110 0.634304 0.701383 0.596774 0.660352 0.156821 0.138361 0.273380 0.290645 0.161785 0.165693 0.116605 0.092894 0.436550 0.290321 0.345250 0.356351 0.359127 0.218457 0.255423 0.245393 0.472878 0.549809 0.688007 0.568540 0.299623 0.224143 0.182462 0.207027 0.123809 0.163826 0.324110 0.265525 0.265566 0.384293 0.978649 0.872795 0.467900 0.551738 0.626247 0.698872 0.637277 0.837508 0.464304 0.474409 0.395845 0.494438 0.277551 0.227273 0.542215 0.608595 0.273581 0.268911 0.296638 0.292954 0.779504 0.649427 0.659967 0.402673 0.645688 0.381435 0.389348 0.407929 0.444393 0.958728
0.131670 0.141982 0.335574 0.276721 0.633814 0.538309 0.270808 0.185715 0.422031 0.307839 0.184073 0.108907 0.000000 0.133480 0.123285 0.147092 0.153964 0.124729 0.161309 0.177542 0.454004 0.859798 0.232824 0.367902 0.638415 0.679706 0.959697 0.928756 0.166947 0.147449 0.242605 0.343238 0.152291 0.186040 0.553858 0.645995 0.315249 0.405489 0.707258 0.640356 0.604670 0.474324 0.242347 0.227940 0.303380 0.247842 0.244122 0.244162 0.791688 0.428045 0.546484 0.431792 0.616654 0.638523 0.579964 0.616277 0.177643 0.146770 0.250605 0.262969 0.142412 0.170150 0.109517 0.103527 0.370743 0.287711 0.329676 0.343886 0.403919 0.255938 0.257696 0.270896 0.498198 0.534076 0.665081 0.589220 0.351247 0.251018 0.189754 0.229852 0.132244 0.171185 0.338352 0.280319 0.208398 0.343876 0.994550 0.911937 0.436944 0.478834 0.626855 0.690830 0.627195 0.831806 0.451862 0.482662 0.362202 0.495280 0.291105 0.246045 0.574397 0.596358 0.250517 0.273997 0.298177 0.271823 0.725939 0.626554 0.622606 0.428200 0.652668 0.406567 0.400062 0.423446 0.424539 0.972673
0.229555 0.155810 0.458199 0.323185 0.715248 0.612086 0.379969 0.227860 0.523663 0.356588 0.288925 0.131958 0.133480 0.000000 0.125718 0.126878 0.187557 0.150675 0.231555 0.222903 0.469186 0.835846 0.235556 0.305951 0.602010 0.691648 0.976758 0.954617 0.148623 0.149588 0.256367 0.323811 0.189766 0.230882 0.561986 0.647776 0.372559 0.454598 0.731074 0.621402 0.654686 0.472203 0.284722 0.277291 0.359388 0.296050 0.275982 0.270660 0.750150 0.467595 0.576018 0.476124 0.602145 0.682901 0.599371 0.669551 0.199052 0.170478 0.320556 0.339839 0.230633 0.204684 0.158278 0.116339 0.455857 0.353543 0.411407 0.414347 0.471019 0.305462 0.307065 0.359861 0.571918 0.681612 0.734625 0.621477 0.324464 0.254282 0.219804 0.262015 0.162765 0.179746 0.239372 0.257663 0.231668 0.284244 0.989666 0.964140 0.473497 0.461186 0.713296 0.764816 0.713887 0.939094 0.446308 0.484055 0.399562 0.450501 0.374308 0.282072 0.581863 0.694486 0.266137 0.309174 0.345444 0.315944 0.800645 0.633781 0.638738 0.451621 0.652251 0.431931 0.452596 0.395635 0.494461 0.977971
0.215707 0.183541 0.397373 0.293228 0.662719 0.581419 0.344868 0.228703 0.507562 0.330434 0.282823 0.141202 0.123285 0.125718 0.000000 0.141417 0.199076 0.167044 0.224196 0.230067 0.424916 0.817669 0.216942 0.326898 0.564192 0.655190 0.946196 0.987201 0.183703 0.159004 0.253748 0.340745 0.193920 0.233220 0.552924 0.667343 0.314889 0.441767 0.721346 0.637016 0.641635 0.484474 0.279945 0.255008 0.361006 0.292566 0.297150 0.251695 0.764118 0.436907 0.576792 0.449801 0.611035 0.616894 0.579610 0.631985 0.225934 0.189924 0.326106 0.335574 0.219680 0.196517 0.170921 0.139779 0.377907 0.317019 0.403269 0.416756 0.484876 0.299903 0.293321 0.325143 0.547772 0.650780 0.715919 0.619041 0.346107 0.274802 0.205474 0.281879 0.167632 0.188806 0.310088 0.273967 0.216538 0.288415 0.909779 0.962691 0.446136 0.428089 0.667333 0.711671 0.668661 0.879715 0.443982 0.444379 0.408846 0.473170 0.346477 0.269508 0.618962 0.637388 0.288382 0.297176 0.314745 0.313479 0.743814 0.632203 0.657592 0.474501 0.670032 0.418342 0.435023 0.394966 0.481266 0.991341
0.256644 0.198008 0.377580 0.257166 0.685191 0.573243 0.329711 0.219037 0.495636 0.334994 0.282657 0.141664 0.147092 0.126878 0.141417 0.000000 0.187944 0.142624 0.196436 0.189028 0.460277 0.833666 0.167638 0.257382 0.553102 0.637773 0.969523 0.972960 0.155243 0.123196 0.241189 0.284837 0.185641 0.215187 0.589300 0.644029 0.316441 0.463663 0.669890 0.612016 0.637116 0.447329 0.252188 0.238775 0.428059 0.341534 0.308257 0.263150 0.892736 0.526368 0.674965 0.563217 0.670503 0.704175 0.690976 0.724113 0.216414 0.195544 0.356012 0.383852 0.235013 0.213386 0.172093 0.136822 0.389227 0.284287 0.381534 0.389988 0.468324 0.308948 0.249623 0.316197 0.549693 0.646622 0.675106 0.618884 0.315678 0.243886 0.205788 0.260447 0.158104 0.162270 0.255131 0.241973 0.244507 0.273395 0.944253 0.934776 0.496075 0.476607 0.696906 0.724610 0.708169 0.898975 0.484034 0.450050 0.475166 0.488512 0.399144 0.280364 0.630645 0.642405 0.282227 0.261797 0.319957 0.302094 0.808430 0.737727 0.632829 0.444214 0.677776 0.456746 0.451345 0.419497 0.503215 0.965733
0.171474 0.160637 0.408788 0.356998 0.707425 0.608298 0.305085 0.232033 0.451442 0.315116 0.175708 0.127947 0.153964 0.187557 0.199076 0.187944 0.000000 0.101496 0.166596 0.163677 0.549253 0.853511 0.321743 0.447228 0.710189 0.758030 0.937261 0.877097 0.142264 0.129936 0.303117 0.334213 0.188055 0.161254 0.597348 0.666155 0.406164 0.477432 0.747755 0.661038 0.565837 0.518030 0.292120 0.234082 0.361743 0.293239 0.300032 0.305792 0.909529 0.560372 0.685297 0.566517 0.722326 0.770249 0.688558 0.725284 0.145946 0.150095 0.288929 0.326270 0.183820 0.204365 0.141336 0.129970 0.466507 0.308081 0.369633 0.359989 0.345953 0.231565 0.308611 0.296012 0.438345 0.498614 0.733395 0.552542 0.350192 0.257409 0.180730 0.183474 0.125645 0.181631 0.375778 0.322794 0.332199 0.450755 0.979935 0.878060 0.485667 0.627468 0.701203 0.747514 0.713100 0.840176 0.481938 0.506398 0.411889 0.474299 0.341073 0.256173 0.653874 0.626633 0.316742 0.285240 0.349393 0.322857 0.805074 0.662221 0.685721 0.416170 0.604509 0.396871 0.446645 0.364559 0.501220 0.863016
0.157961 0.127725 0.385966 0.316140 0.670461 0.572285 0.279668 0.203027 0.442933 0.305768 0.176080 0.098050 0.124729 0.150675 0.167044 0.142624 0.101496 0.000000 0.136260 0.134621 0.505117 0.876492 0.274719 0.405355 0.688087 0.758899 0.938555 0.879226 0.120356 0.106790 0.287246 0.320757 0.154016 0.153443 0.575027 0.682574 0.376043 0.453357 0.729981 0.653677 0.622605 0.478244 0.255227 0.201235 0.340042 0.262970 0.289864 0.260663 0.895689 0.539849 0.654870 0.546467 0.676112 0.749661 0.630866 0.717569 0.116912 0.123803 0.279439 0.315928 0.162202 0.192566 0.107970 0.099557 0.447312 0.301592 0.347587 0.345234 0.338187 0.238037 0.262999 0.243873 0.463063 0.528882 0.679080 0.608753 0.321004 0.216530 0.169557 0.174094 0.101016 0.147378 0.318175 0.267375 0.286959 0.396909 0.983403 0.903349 0.488088 0.591535 0.667148 0.715196 0.676007 0.850600 0.492542 0.481421 0.410496 0.498178 0.317964 0.233100 0.610219 0.613097 0.276874 0.256625 0.315979 0.293334 0.778264 0.692389 0.648811 0.400879 0.607541 0.367345 0.403092 0.386640 0.461492 0.929655
0.161328 0.188337 0.252179 0.224688 0.574512 0.545472 0.177270 0.173049 0.431358 0.291513 0.194247 0.152048 0.161309 0.231555 0.224196 0.196436 0.166596 0.136260 0.000000 0.134647 0.496172 0.870919 0.230206 0.400758 0.607458 0.662891 0.934692 0.772766 0.183703 0.160977 0.220011 0.284230 0.137825 0.131557 0.495173 0.587997 0.367873 0.451986 0.601880 0.649094 0.666616 0.490372 0.212976 0.180529 0.352108 0.292144 0.286385 0.215731 0.976204 0.557658 0.688257 0.581042 0.692092 0.684707 0.615175 0.760740 0.194493 0.211898 0.251738 0.304023 0.140276 0.230060 0.124434 0.152734 0.343854 0.219372 0.253437 0.255766 0.350461 0.231415 0.202345 0.240052 0.471333 0.524320 0.617680 0.656824 0.350767 0.274428 0.211538 0.245828 0.137034 0.165707 0.367032 0.281747 0.276638 0.380120 0.944183 0.842835 0.487301 0.621285 0.632411 0.695271 0.645346 0.815377 0.532934 0.526686 0.399039 0.490290 0.335717 0.244031 0.609544 0.518171 0.310266 0.270925 0.316469 0.295165 0.735401 0.686764 0.609384 0.416640 0.573719 0.395943 0.417467 0.467909 0.433411 0.931938
0.178790 0.175168 0.325885 0.278238 0.692590 0.549744 0.270162 0.211049 0.396688 0.325909 0.183059 0.139005 0.177542 0.222903 0.230067 0.189028 0.163677 0.134621 0.134647 0.000000 0.497236 0.855251 0.273590 0.402209 0.614401 0.682345 0.955431 0.847176 0.181535 0.148982 0.250647 0.276164 0.179324 0.155427 0.570788 0.609463 0.375757 0.478385 0.707048 0.682228 0.595539 0.577136 0.270368 0.226669 0.410583 0.327109 0.328291 0.287873 0.996812 0.589807 0.734566 0.634154 0.729647 0.776706 0.655064 0.746019 0.191395 0.194513 0.308478 0.356238 0.196973 0.235426 0.156915 0.161839 0.432123 0.297702 0.326729 0.339214 0.319946 0.245848 0.229528 0.274993 0.422657 0.487032 0.675338 0.624128 0.356001 0.263826 0.201368 0.208237 0.152695 0.182438 0.406516 0.317263 0.343057 0.427911 0.914917 0.839221 0.522049 0.660400 0.672454 0.747102 0.698106 0.861555 0.496196 0.556730 0.485678 0.580484 0.370216 0.292365 0.626182 0.594977 0.355410 0.299760 0.377919 0.298232 0.793592 0.742554 0.635593 0.432338 0.596138 0.415302 0.460816 0.462768 0.457933 0.952757
0.532196 0.529737 0.473076 0.435863 0.708359 0.736215 0.490470 0.462752 0.727244 0.576989 0.560814 0.524411 0.454004 0.469186 0.424916 0.460277 0.549253 0.505117 0.496172 0.497236 0.000000 0.738930 0.430628 0.474283 0.485374 0.656871 0.973099 0.971031 0.541658 0.472928 0.456903 0.566111 0.489355 0.471227 0.688153 0.849169 0.509899 0.577962 0.654043 0.767029 0.766546 0.609951 0.505463 0.499887 0.642996 0.571997 0.544095 0.480915 0.920048 0.610464 0.753865 0.705809 0.787861 0.672000 0.544053 0.727131 0.583509 0.534376 0.541936 0.563578 0.506143 0.517595 0.477706 0.477165 0.486404 0.549893 0.554877 0.569860 0.690768 0.601176 0.552829 0.565519 0.651197 0.810783 0.750803 0.901016 0.579742 0.533329 0.458311 0.587573 0.490506 0.454553 0.585251 0.530134 0.443903 0.517450 0.987796 0.942567 0.697096 0.526633 0.731463 0.769038 0.714597 0.919506 0.641586 0.537366 0.643530 0.698969 0.661778 0.557430 0.785659 0.700499 0.504867 0.541368 0.527743 0.482808 0.844987 0.844458 0.530004 0.640828 0.738188 0.715891 0.579356 0.617416 0.650565 0.886145
0.874317 0.874344 0.824856 0.767866 0.813072 0.831120 0.846217 0.793409 0.977783 0.787632 0.888080 0.847251 0.859798 0.835846 0.817669 0.833666 0.853511 0.876492 0.870919 0.855251 0.738930 0.000000 0.795780 0.829750 0.919672 0.833987 0.785783 0.962248 0.839563 0.813624 0.823390 0.819509 0.850745 0.792269 0.901817 0.852527 0.771753 0.777250 0.838922 0.757987 0.887176 0.842152 0.776655 0.776113 0.874824 0.906123 0.912243 0.902397 0.938506 0.935540 0.977283 0.896916 0.887210 0.887834 0.868661 0.888890 0.905519 0.915157 0.860604 0.956678 0.906605 0.875323 0.876748 0.862028 0.821122 0.809412 0.847164 0.852997 0.969015 0.812160 0.781427 0.873771 0.874264 0.997210 0.853850 0.757933 0.870284 0.855695 0.804521 0.882132 0.852163 0.845586 0.816938 0.821486 0.859994 0.832920 0.948228 0.916039 0.850895 0.922216 0.939256 0.926505 0.923016 0.884734 0.908647 0.727588 0.940180 0.905213 0.829173 0.791523 0.829230 0.788728 0.798682 0.758006 0.795076 0.799326 0.946748 0.942130 0.888113 0.862086 0.881754 0.889565 0.886943 0.839199 0.804283 0.948577
0.342317 0.324866 0.265727 0.176667 0.673300 0.537928 0.257251 0.210276 0.535184 0.332849 0.403012 0.263291 0.232824 0.235556 0.216942 0.167638 0.321743 0.274719 0.230206 0.273590 0.430628 0.795780 0.000000 0.199148 0.460171 0.497445 0.943467 0.951590 0.283373 0.226583 0.187056 0.242754 0.223114 0.260831 0.522050 0.538911 0.284374 0.475173 0.605301 0.695685 0.727048 0.455972 0.248913 0.287358 0.492649 0.418169 0.368079 0.283213 0.984779 0.586116 0.743724 0.625105 0.650691 0.569133 0.664349 0.776282 0.373907 0.356249 0.426924 0.485060 0.295109 0.321955 0.250532 0.254651 0.249332 0.243040 0.339698 0.376922 0.613593 0.385688 0.231667 0.364335 0.594985 0.661533 0.619917 0.760369 0.368524 0.335960 0.298983 0.418576 0.233534 0.213168 0.328862 0.264207 0.195801 0.211646 0.834392 0.901793 0.463217 0.477603 0.636051 0.659652 0.626779 0.834052 0.521874 0.459946 0.497119 0.512576 0.469237 0.316523 0.622130 0.565785 0.381861 0.331684 0.398220 0.323104 0.866122 0.677775 0.628980 0.510895 0.685376 0.511522 0.450942 0.536673 0.512379 0.946623
0.536167 0.469530 0.455852 0.329851 0.753110 0.732068 0.494012 0.413264 0.762681 0.553913 0.542205 0.400100 0.367902 0.305951 0.326898 0.257382 0.447228 0.405355 0.400758 0.402209 0.474283 0.829750 0.199148 0.000000 0.373462 0.574749 0.943236 0.948556 0.363614 0.313382 0.338641 0.283418 0.392662 0.424326 0.668802 0.635243 0.421572 0.600263 0.661680 0.793397 0.804273 0.607681 0.457774 0.492768 0.745880 0.659855 0.536136 0.475482 0.897033 0.764974 0.918254 0.812816 0.828099 0.765096 0.816888 0.926560 0.503615 0.484603 0.649130 0.690249 0.504830 0.485800 0.400180 0.393201 0.438013 0.427201 0.573610 0.640473 0.724249 0.525867 0.409040 0.571608 0.685901 0.755631 0.737304 0.804403 0.511164 0.491595 0.414711 0.495023 0.377755 0.321033 0.343322 0.341036 0.341436 0.238278 0.786186 0.703167 0.558617 0.517558 0.887785 0.923925 0.876861 0.911996 0.646018 0.573254 0.684468 0.564352 0.732234 0.526587 0.738230 0.802251 0.558962 0.504868 0.549057 0.511414 0.993899 0.856858 0.670072 0.657486 0.783398 0.680303 0.700219 0.562859 0.710557 0.992043
0.745122 0.693192 0.544741 0.506699 0.881398 0.882798 0.667767 0.650469 0.783397 0.771034 0.757839 0.672455 0.638415 0.602010 0.564192 0.553102 0.710189 0.688087 0.607458 0.614401 0.485374 0.919672 0.460171 0.373462 0.000000 0.469492 0.780389 0.990578 0.626177 0.578382 0.459497 0.547214 0.651824 0.656207 0.698864 0.841087 0.599264 0.792693 0.618811 0.934082 0.822685 0.863248 0.651299 0.697710 0.924381 0.840321 0.644934 0.584131 0.852862 0.762455 0.991164 0.873445 0.930103 0.787810 0.787805 0.930550 0.779877 0.711258 0.785230 0.761130 0.729482 0.713238 0.688461 0.682629 0.537695 0.618637 0.742027 0.776542 0.759201 0.689057 0.651680 0.723208 0.606986 0.750690 0.767167 0.940975 0.695928 0.746951 0.643767 0.707023 0.651776 0.568897 0.650448 0.593136 0.577879 0.488112 0.806259 0.877410 0.797623 0.607738 0.992120 0.988208 0.935775 0.885845 0.734253 0.762965 0.832240 0.758186 0.918072 0.792575 0.934929 0.898357 0.835501 0.732334 0.728557 0.698701 0.947652 0.954520 0.682258 0.726114 0.807087 0.890020 0.898131 0.759062 0.855802 0.852439
0.753854 0.818088 0.432236 0.424698 0.977714 0.623518 0.553007 0.583445 0.785974 0.619827 0.711580 0.716903 0.679706 0.691648 0.655190 0.637773 0.758030 0.758899 0.662891 0.682345 0.656871 0.833987 0.497445 0.574749 0.469492 0.000000 0.688226 0.826919 0.715819 0.648449 0.427723 0.526661 0.606749 0.610527 0.458746 0.693900 0.605887 0.892782 0.641929 0.774323 0.923604 0.792002 0.636290 0.682219 0.863497 0.784720 0.604578 0.584544 0.874361 0.805339 0.947582 0.828592 0.766562 0.761045 0.688760 0.703876 0.889349 0.824532 0.659664 0.699583 0.656160 0.679901 0.705217 0.729622 0.422902 0.454812 0.541909 0.557349 0.787552 0.655169 0.716810 0.762534 0.666028 0.768184 0.563269 0.916373 0.764958 0.800256 0.645194 0.755743 0.646440 0.580234 0.720780 0.635961 0.535841 0.527970 0.870468 0.844436 0.596081 0.566064 0.907660 0.934645 0.829036 0.978087 0.707444 0.871814 0.733966 0.863369 0.869699 0.733927 0.868853 0.724390 0.778664 0.703654 0.817188 0.695555 0.850907 0.906648 0.867678 0.741916 0.997957 0.855234 0.832275 0.835149 0.694937 0.943218
0.900183 0.949342 0.993727 0.987658 0.965434 0.975895 0.913706 0.921009 0.838021 0.865226 0.911615 0.946561 0.959697 0.976758 0.946196 0.969523 0.937261 0.938555 0.934692 0.955431 0.973099 0.785783 0.943467 0.943236 0.780389 0.688226 0.000000 0.892411 0.994971 0.989737 0.900244 0.924767 0.929528 0.968461 0.922572 0.943976 0.993391 0.904373 0.992162 0.947172 0.965127 0.979368 0.954630 0.929210 0.935180 0.945455 0.978566 0.963479 0.997121 0.952344 0.920637 0.993765 0.914929 0.923669 0.944868 0.989792 0.949907 0.992255 0.952118 0.931640 0.897520 0.907371 0.928289 0.919026 0.917874 0.992055 0.950315 0.946815 0.908503 0.909369 0.902477 0.954349 0.993050 0.946992 0.918090 0.971834 0.983957 0.849162 0.964607 0.994668 0.929642 0.928947 0.983203 0.980705 0.988663 0.912273 0.887963 0.835550 0.939626 0.876544 0.791167 0.848125 0.800635 0.805009 0.927828 0.918616 0.879213 0.979986 0.831734 0.924630 0.915027 0.975375 0.909469 0.991030 0.827362 0.988267 0.980310 0.864406 0.921848 0.897437 0.897774 0.954618 0.872721 0.999741 0.994595 0.959314
0.865189 0.894613 0.823725 0.935940 0.792768 0.780215 0.794417 0.907612 0.845902 0.919358 0.832422 0.955507 0.928756 0.954617 0.987201 0.972960 0.877097 0.879226 0.772766 0.847176 0.971031 0.962248 0.951590 0.948556 0.990578 0.826919 0.892411 0.000000 0.928610 0.906113 0.955319 0.964173 0.934735 0.845544 0.918730 0.830811 0.888422 0.826921 0.798409 0.908262 0.845537 0.895798 0.852873 0.812167 0.899649 0.872052 0.922950 0.817505 0.831018 0.936055 0.965155 0.962140 0.972445 0.899410 0.970108 0.802467 0.845067 0.901957 0.924381 0.948262 0.825220 0.917321 0.909382 0.946016 0.880472 0.873693 0.840665 0.876476 0.865615 0.879949 0.870170 0.847657 0.743943 0.715120 0.949369 0.979342 0.908413 0.947501 0.961073 0.920664 0.929970 0.964020 0.973672 0.946881 0.992557 0.944823 0.964104 0.889407 0.971082 0.910229 0.920875 0.903381 0.979813 0.837719 0.906885 0.980033 0.999768 0.941329 0.899829 0.949991 0.884043 0.838575 0.919398 0.899558 0.897100 0.937133 0.888194 0.975227 0.955091 0.933199 0.706770 0.964945 0.937670 0.929945 0.908128 0.984223
0.214054 0.174617 0.428944 0.343727 0.677154 0.611035 0.346589 0.251102 0.461563 0.353149 0.232470 0.132261 0.166947 0.148623 0.183703 0.155243 0.142264 0.120356 0.183703 0.181535 0.541658 0.839563 0.283373 0.363614 0.626177 0.715819 0.994971 0.928610 0.000000 0.121985 0.282181 0.306912 0.177299 0.177078 0.583920 0.670428 0.412426 0.532057 0.704171 0.663085 0.666586 0.487660 0.299363 0.248578 0.396175 0.302741 0.270795 0.260201 0.856832 0.528617 0.653639 0.533047 0.648384 0.731163 0.618876 0.719872 0.165710 0.168461 0.309625 0.353786 0.204616 0.198821 0.145129 0.132939 0.455323 0.307315 0.372118 0.385460 0.353951 0.237866 0.323540 0.357931 0.477713 0.556658 0.693635 0.589322 0.360400 0.263445 0.194522 0.220350 0.134480 0.177791 0.289554 0.255435 0.285206 0.346853 0.995746 0.981244 0.528422 0.542753 0.757790 0.799420 0.752065 0.940411 0.492208 0.519938 0.479678 0.481857 0.401877 0.288214 0.626408 0.630086 0.313243 0.287058 0.344762 0.342083 0.832380 0.784626 0.727714 0.460301 0.595379 0.433805 0.479322 0.372978 0.507692 0.960523
0.210559 0.195868 0.324496 0.249477 0.726505 0.609393 0.269143 0.204076 0.458413 0.297243 0.203650 0.125190 0.147449 0.149588 0.159004 0.123196 0.129936 0.106790 0.160977 0.148982 0.472928 0.813624 0.226583 0.313382 0.578382 0.648449 0.989737 0.906113 0.121985 0.000000 0.230305 0.250908 0.164991 0.156189 0.552348 0.659117 0.345721 0.448446 0.700250 0.663847 0.618985 0.530266 0.246191 0.201222 0.413888 0.300261 0.302067 0.244570 0.949454 0.529550 0.677588 0.561547 0.645991 0.680457 0.637406 0.708633 0.186939 0.190267 0.310622 0.359973 0.186814 0.188279 0.144502 0.131491 0.372704 0.240026 0.341355 0.356781 0.375103 0.237039 0.303109 0.313791 0.405092 0.479671 0.621316 0.573749 0.345054 0.236974 0.157894 0.204902 0.129627 0.151688 0.295662 0.247853 0.280787 0.349954 0.912599 0.992885 0.458967 0.569902 0.726709 0.770229 0.749693 0.906702 0.489949 0.488881 0.480586 0.494405 0.400617 0.269037 0.629234 0.606804 0.327884 0.257704 0.335445 0.302294 0.802127 0.738281 0.642100 0.371676 0.611845 0.427017 0.433443 0.397470 0.505707 0.977024
0.291817 0.340706 0.233516 0.195154 0.776527 0.555683 0.240305 0.234716 0.474620 0.347076 0.321854 0.268651 0.242605 0.256367 0.253748 0.241189 0.303117 0.287246 0.220011 0.250647 0.456903 0.823390 0.187056 0.338641 0.459497 0.427723 0.900244 0.955319 0.282181 0.230305 0.000000 0.228953 0.202292 0.226215 0.463015 0.599150 0.348484 0.540572 0.570616 0.669316 0.709364 0.602257 0.277723 0.281421 0.476520 0.402429 0.326116 0.278896 0.981609 0.590771 0.727286 0.614084 0.622403 0.599380 0.565586 0.672593 0.377096 0.357375 0.335103 0.391526 0.248443 0.307418 0.252621 0.271984 0.295992 0.241701 0.291501 0.327590 0.463487 0.314148 0.312385 0.385650 0.457560 0.548142 0.599677 0.693978 0.435648 0.354393 0.285894 0.348666 0.245147 0.232431 0.384897 0.322379 0.259313 0.344735 0.844431 0.941257 0.388243 0.516977 0.735091 0.784129 0.724776 0.903945 0.525136 0.590715 0.401800 0.560619 0.496551 0.396481 0.671649 0.531220 0.424970 0.389969 0.460947 0.338316 0.727963 0.693876 0.669905 0.482130 0.664610 0.543665 0.503745 0.507765 0.544514 0.993917
0.409585 0.423714 0.364669 0.285941 0.855392 0.624970 0.353386 0.338728 0.613969 0.435128 0.371468 0.328344 0.343238 0.323811 0.340745 0.284837 0.334213 0.320757 0.284230 0.276164 0.566111 0.819509 0.242754 0.283418 0.547214 0.526661 0.924767 0.964173 0.306912 0.250908 0.228953 0.000000 0.298960 0.269689 0.653898 0.611133 0.479527 0.718632 0.697345 0.711117 0.816756 0.626351 0.389726 0.399952 0.652038 0.566319 0.483696 0.376390 0.790364 0.809134 0.948090 0.835628 0.800035 0.806691 0.747621 0.857788 0.416952 0.440234 0.493089 0.559911 0.379672 0.437830 0.308194 0.340234 0.438875 0.324851 0.416169 0.444420 0.563852 0.418124 0.405792 0.501118 0.561046 0.637825 0.649709 0.741391 0.507448 0.384841 0.279194 0.373191 0.270939 0.240480 0.406506 0.308123 0.367735 0.343356 0.864526 0.879896 0.461684 0.637487 0.876524 0.925264 0.854607 0.939648 0.651125 0.596480 0.584727 0.593450 0.646018 0.469257 0.757293 0.677117 0.544459 0.439841 0.573595 0.472632 0.875981 0.902247 0.741866 0.547196 0.714625 0.642290 0.674282 0.561645 0.596264 0.956250
0.154970 0.219331 0.240952 0.195205 0.604406 0.519330 0.184338 0.147188 0.398508 0.263406 0.217490 0.145831 0.152291 0.189766 0.193920 0.185641 0.188055 0.154016 0.137825 0.179324 0.489355 0.850745 0.223114 0.392662 0.651824 0.606749 0.929528 0.934735 0.177299 0.164991 0.202292 0.298960 0.000000 0.127512 0.430779 0.591966 0.354080 0.462394 0.644523 0.585349 0.679438 0.514381 0.229928 0.207178 0.321557 0.255655 0.253733 0.237900 0.875807 0.519064 0.613320 0.512509 0.612730 0.617377 0.500327 0.584070 0.234895 0.217064 0.209615 0.264203 0.129632 0.196306 0.129510 0.139378 0.302316 0.195458 0.221849 0.224508 0.377216 0.215193 0.248098 0.274311 0.478138 0.577440 0.596919 0.724078 0.327659 0.249260 0.182080 0.251076 0.131283 0.140361 0.361042 0.263947 0.208836 0.320900 0.912776 0.926208 0.401145 0.514480 0.583353 0.623421 0.572967 0.751574 0.479257 0.517763 0.393748 0.536415 0.300937 0.227422 0.559778 0.445001 0.260173 0.245523 0.274567 0.316986 0.781135 0.650920 0.682496 0.431668 0.599171 0.367000 0.395893 0.406109 0.457763 0.998106
0.174417 0.226202 0.255112 0.211468 0.664904 0.512381 0.179778 0.152014 0.413936 0.260217 0.206016 0.172825 0.186040 0.230882 0.233220 0.215187 0.161254 0.153443 0.131557 0.155427 0.471227 0.792269 0.260831 0.424326 0.656207 0.610527 0.968461 0.845544 0.177078 0.156189 0.226215 0.269689 0.127512 0.000000 0.405637 0.549399 0.354367 0.449600 0.601839 0.579885 0.689904 0.502523 0.228630 0.192690 0.335109 0.281551 0.277123 0.225887 0.947587 0.548276 0.664905 0.549925 0.630826 0.655825 0.529247 0.623977 0.224472 0.220925 0.213428 0.276377 0.141901 0.204426 0.130568 0.154363 0.307193 0.186464 0.186118 0.203905 0.367353 0.198871 0.280170 0.299518 0.452554 0.561687 0.639382 0.638265 0.341964 0.265956 0.168957 0.243529 0.118735 0.140215 0.382764 0.266589 0.251920 0.362963 0.970886 0.857746 0.432861 0.538934 0.588289 0.650869 0.590585 0.758307 0.482202 0.489477 0.391986 0.469267 0.324306 0.229188 0.554852 0.463220 0.256267 0.221463 0.298417 0.266526 0.787236 0.658641 0.682421 0.428258 0.555432 0.357144 0.389725 0.379586 0.450394 0.949751
0.525275 0.602825 0.428025 0.404641 0.709333 0.595104 0.426277 0.405449 0.622702 0.403176 0.594169 0.577300 0.553858 0.561986 0.552924 0.589300 0.597348 0.575027 0.495173 0.570788 0.688153 0.901817 0.522050 0.668802 0.698864 0.458746 0.922572 0.918730 0.583920 0.552348 0.463015 0.653898 0.430779 0.405637 0.000000 0.496548 0.542436 0.612895 0.665142 0.783314 0.920397 0.658363 0.491459 0.526508 0.528185 0.529008 0.569416 0.477527 0.920355 0.656661 0.705943 0.630581 0.613140 0.679993 0.558429 0.580622 0.630937 0.631710 0.464427 0.514216 0.444682 0.475496 0.518550 0.528102 0.377005 0.374074 0.343098 0.387121 0.605550 0.521532 0.568799 0.628596 0.595688 0.751701 0.701620 0.794456 0.608889 0.594707 0.562453 0.683411 0.465459 0.455357 0.577900 0.532566 0.450283 0.520661 0.941821 0.904443 0.635730 0.601131 0.595362 0.638538 0.565343 0.672734 0.758336 0.762020 0.507580 0.610580 0.511631 0.451582 0.599264 0.575890 0.479496 0.507962 0.510633 0.521103 0.748498 0.591547 0.888191 0.700369 0.700162 0.429869 0.601385 0.693302 0.623289 0.934654
0.636041 0.665427 0.591408 0.542723 0.758722 0.779404 0.583792 0.515200 0.711372 0.600045 0.690304 0.646981 0.645995 0.647776 0.667343 0.644029 0.666155 0.682574 0.587997 0.609463 0.849169 0.852527 0.538911 0.635243 0.841087 0.693900 0.943976 0.830811 0.670428 0.659117 0.599150 0.611133 0.591966 0.549399 0.496548 0.000000 0.616001 0.485251 0.702778 0.883023 0.906559 0.806275 0.521483 0.617139 0.632280 0.657035 0.688320 0.579879 0.943013 0.721609 0.747770 0.698510 0.723668 0.718675 0.866111 0.883600 0.665773 0.689003 0.641145 0.671728 0.581469 0.583862 0.607355 0.606025 0.556074 0.541984 0.498585 0.548790 0.852200 0.666146 0.596312 0.802706 0.846285 0.866434 0.840904 0.750324 0.707859 0.716770 0.698517 0.722846 0.621108 0.631213 0.637051 0.678962 0.549681 0.546206 0.958565 0.994802 0.694703 0.642279 0.701382 0.812014 0.743571 0.813251 0.826394 0.674022 0.623888 0.709653 0.621092 0.569859 0.565549 0.679616 0.589046 0.610940 0.673537 0.572400 0.722900 0.685174 0.861219 0.864653 0.695317 0.668727 0.695024 0.785553 0.597608 0.866111
0.382021 0.395046 0.396385 0.320297 0.754302 0.540317 0.379474 0.345583 0.544959 0.445379 0.458310 0.361134 0.315249 0.372559 0.314889 0.316441 0.406164 0.376043 0.367873 0.375757 0.509899 0.771753 0.284374 0.421572 0.599264 0.605887 0.993391 0.888422 0.412426 0.345721 0.348484 0.479527 0.354080 0.354367 0.542436 0.616001 0.000000 0.418650 0.688885 0.782729 0.689419 0.515675 0.375954 0.382137 0.488326 0.434452 0.464331 0.368032 0.875403 0.567052 0.673578 0.584748 0.720159 0.681397 0.652103 0.672901 0.417533 0.399850 0.428766 0.506195 0.352128 0.351507 0.335546 0.342503 0.344418 0.364928 0.411702 0.453603 0.650559 0.448318 0.346240 0.456174 0.719457 0.737896 0.637558 0.678252 0.410120 0.440904 0.391607 0.523190 0.353681 0.350152 0.458765 0.321013 0.289185 0.371174 0.873588 0.969480 0.555293 0.507946 0.639561 0.672122 0.632405 0.753656 0.466397 0.632753 0.475371 0.550825 0.457272 0.387508 0.635634 0.564704 0.361397 0.468966 0.398804 0.344300 0.913547 0.660226 0.679299 0.621978 0.703588 0.516495 0.505950 0.631063 0.461264 0.919294
0.419860 0.452116 0.476015 0.444900 0.708088 0.856212 0.463051 0.400551 0.600209 0.533762 0.524531 0.450758 0.405489 0.454598 0.441767 0.463663 0.477432 0.453357 0.451986 0.478385 0.577962 0.777250 0.475173 0.600263 0.792693 0.892782 0.904373 0.826921 0.532057 0.448446 0.540572 0.718632 0.462394 0.449600 0.612895 0.485251 0.418650 0.000000 0.694077 0.640942 0.757401 0.670461 0.346616 0.389403 0.438129 0.391688 0.488709 0.431430 0.691781 0.420266 0.479049 0.435743 0.573521 0.495828 0.644675 0.672507 0.473511 0.457016 0.441796 0.460763 0.393293 0.392591 0.407422 0.405990 0.433317 0.475057 0.463112 0.527500 0.679616 0.473867 0.503289 0.582371 0.716445 0.671422 0.820623 0.690708 0.473346 0.567827 0.497639 0.550387 0.477589 0.491036 0.518112 0.500522 0.419018 0.540022 0.989433 0.939238 0.555864 0.553918 0.599589 0.662478 0.697378 0.723353 0.533552 0.448302 0.520691 0.583755 0.446062 0.434714 0.583206 0.649189 0.366660 0.392955 0.435932 0.383478 0.691994 0.516298 0.552336 0.542623 0.667666 0.582335 0.481429 0.627822 0.509077 0.894889
