0.000000 0.289318 0.632596 0.634053 0.765910 0.745772 0.444856 0.429612 0.573672 0.499047 0.302486 0.288563 0.337664 0.537282 0.494426 0.580685 0.363964 0.343853 0.347940 0.392895 0.799542 0.985570 0.729299 0.963562 0.913955 0.962534 0.924643 0.729121 0.520988 0.449634 0.565051 0.796504 0.322035 0.377521 0.821867 0.911667 0.599867 0.543498 0.979033 0.899271 0.728235 0.829949 0.462939 0.377652 0.407139 0.419650 0.485985 0.512922 0.800724 0.689348 0.573869 0.610624 0.763515 0.794852 0.646145 0.694166 0.311494 0.299368 0.375822 0.453605 0.310569 0.479779 0.260781 0.278136 0.782956 0.645668 0.570102 0.546018 0.350502 0.444419 0.461392 0.366592 0.599876 0.566612 0.788978 0.813407 0.662217 0.582330 0.541361 0.466083 0.368306 0.482319 0.893354 0.718475 0.635079 0.930827 0.885658 0.666022 0.751113 0.975404 0.614596 0.647971 0.697013 0.669747 0.828767 0.816898 0.560109 0.823280 0.305270 0.436840 0.658801 0.646148 0.504578 0.503346 0.523201 0.555703 0.802911 0.743909 0.673572 0.668164 0.686374 0.565045 0.501946 0.775358 0.568250 0.946029
0.289318 0.000000 0.867979 0.756312 0.794720 0.817282 0.634633 0.466536 0.601460 0.505255 0.379860 0.224038 0.376053 0.372501 0.451072 0.409684 0.273888 0.244475 0.374676 0.323646 0.787526 0.968236 0.684443 0.866081 0.986880 0.847724 0.977574 0.775782 0.398051 0.346759 0.653742 0.751556 0.427064 0.442809 0.946505 0.886758 0.619074 0.565264 0.838147 0.883100 0.713552 0.702533 0.526258 0.422225 0.526221 0.532370 0.652487 0.610190 0.862007 0.809762 0.715851 0.722457 0.911643 0.996858 0.933176 0.891627 0.205837 0.191457 0.586593 0.595306 0.452577 0.459461 0.318705 0.225596 0.956427 0.754003 0.814925 0.732081 0.400534 0.508239 0.373563 0.369762 0.611795 0.612213 0.919571 0.810835 0.539747 0.475489 0.606370 0.439275 0.334789 0.466844 0.729753 0.664018 0.830911 0.929554 0.896475 0.687910 0.951340 0.937372 0.716197 0.692196 0.803166 0.738633 0.844794 0.769758 0.652073 0.813282 0.380907 0.408716 0.680079 0.827792 0.538481 0.452694 0.603252 0.606088 0.802885 0.739913 0.747820 0.724139 0.644016 0.554573 0.575849 0.693770 0.638026 0.867154
0.632596 0.867979 0.000000 0.294988 0.618464 0.647701 0.233752 0.425324 0.554712 0.552866 0.593405 0.760757 0.546312 0.923181 0.685835 0.775419 0.733293 0.706822 0.512338 0.679272 0.682480 0.794117 0.489372 0.865119 0.661664 0.486225 0.854105 0.901480 0.814897 0.628837 0.405975 0.711545 0.418341 0.398032 0.549995 0.802539 0.713322 0.765632 0.682729 0.870384 0.812983 0.981894 0.385328 0.409483 0.527048 0.555205 0.481622 0.438714 0.836602 0.793465 0.901466 0.829637 0.801389 0.733330 0.661081 0.777859 0.856565 0.864110 0.428606 0.623317 0.426384 0.766696 0.589328 0.742909 0.268669 0.334007 0.231927 0.276776 0.715205 0.565014 0.668407 0.683726 0.747747 0.774880 0.510455 0.943305 0.660728 0.828375 0.591958 0.746899 0.642257 0.568847 0.967310 0.750106 0.410774 0.681957 0.992597 0.838179 0.529218 0.856004 0.567561 0.566478 0.576711 0.556688 0.843589 0.744075 0.678800 0.881121 0.618226 0.580016 0.815242 0.513290 0.728797 0.670275 0.561785 0.530958 0.999060 0.876434 0.690102 0.626019 0.690183 0.775990 0.688656 0.801661 0.687955 0.813805
0.634053 0.756312 0.294988 0.000000 0.717421 0.618136 0.245779 0.292975 0.677986 0.379746 0.679904 0.615373 0.589121 0.720801 0.612871 0.589587 0.666133 0.622611 0.445648 0.564699 0.643113 0.833944 0.362851 0.637802 0.702345 0.587263 0.888351 0.859774 0.751705 0.520971 0.362094 0.542478 0.373098 0.373976 0.638265 0.815913 0.576608 0.693764 0.665502 0.815677 0.845798 0.823446 0.339841 0.394899 0.616960 0.637424 0.594405 0.427054 0.768576 0.897966 0.941449 0.912750 0.826093 0.674899 0.717246 0.851639 0.769801 0.774062 0.555260 0.725547 0.533414 0.721944 0.534533 0.618916 0.428412 0.382170 0.346306 0.353868 0.784853 0.561356 0.533986 0.559570 0.682256 0.785960 0.555115 0.922374 0.589188 0.765931 0.541509 0.710645 0.510832 0.429870 0.855788 0.553253 0.482539 0.580075 0.911564 0.857815 0.663957 0.834578 0.528297 0.466818 0.542562 0.549357 0.884525 0.672551 0.703459 0.820110 0.596692 0.450413 0.687307 0.426386 0.642847 0.577356 0.534774 0.529126 0.937620 0.828016 0.646975 0.589286 0.681707 0.639296 0.646934 0.674362 0.766838 0.981041
0.765910 0.794720 0.618464 0.717421 0.000000 0.795142 0.641738 0.733502 0.696305 0.845631 0.745096 0.799372 0.636059 0.877196 0.680545 0.867334 0.855983 0.790275 0.666384 0.852517 0.795000 0.825709 0.740468 0.923201 0.886110 0.929317 0.900619 0.841427 0.766338 0.831412 0.752480 0.981950 0.645964 0.667277 0.796204 0.985276 0.901350 0.957013 0.826243 0.819669 0.961448 0.806559 0.646290 0.610426 0.579151 0.666540 0.720301 0.645938 0.991313 0.862689 0.974986 0.896851 0.949517 0.972656 0.916858 0.921823 0.833433 0.887390 0.641175 0.739037 0.602968 0.795067 0.751938 0.840556 0.571532 0.605553 0.609456 0.587151 0.707776 0.834140 0.818293 0.858678 0.990145 0.885460 0.906762 0.905694 0.764131 0.891682 0.834972 0.894224 0.828325 0.832839 0.947079 0.907039 0.690742 0.723876 0.940716 0.885745 0.798696 0.895311 0.786672 0.777047 0.796444 0.714758 0.956043 0.982140 0.871169 0.994888 0.738724 0.698256 0.947834 0.666261 0.745499 0.894845 0.645490 0.709747 0.909701 0.938913 0.907034 0.995454 0.812620 0.789614 0.882773 0.880189 0.709440 0.713185
0.745772 0.817282 0.647701 0.618136 0.795142 0.000000 0.610546 0.578410 0.626358 0.617268 0.832813 0.772876 0.670748 0.965463 0.834482 0.824092 0.886846 0.852931 0.785652 0.819733 0.750593 0.824028 0.730470 0.981913 0.812374 0.614646 0.950971 0.703388 0.906859 0.886484 0.639251 0.879198 0.675379 0.678979 0.641969 0.980276 0.698273 0.942938 0.801489 0.992588 0.918842 0.828210 0.649248 0.705154 0.612104 0.642475 0.600764 0.741399 0.974882 0.859063 0.870493 0.802554 0.861840 0.985547 0.846009 0.801124 0.935235 0.897656 0.679098 0.776809 0.650043 0.752332 0.779917 0.791977 0.672944 0.609007 0.600877 0.536222 0.940930 0.839422 0.681388 0.738709 0.979234 0.942634 0.907131 0.933519 0.746280 0.880664 0.850334 0.902953 0.740152 0.749236 0.845080 0.950543 0.725907 0.876598 0.832558 0.643530 0.812399 0.879842 0.502720 0.548539 0.445459 0.593007 0.873461 0.869138 0.727876 0.896564 0.618725 0.672154 0.657188 0.627249 0.771008 0.847855 0.739518 0.585931 0.912617 0.753580 0.844677 0.891103 0.824738 0.657071 0.794069 0.920264 0.803547 0.725270
0.444856 0.634633 0.233752 0.245779 0.641738 0.610546 0.000000 0.238150 0.513263 0.354542 0.483289 0.532218 0.428141 0.661496 0.539260 0.594270 0.526104 0.489225 0.314041 0.490239 0.670152 0.890362 0.381941 0.786139 0.783984 0.673298 0.977320 0.750138 0.625236 0.465068 0.346408 0.589864 0.277437 0.280920 0.605979 0.785760 0.621140 0.681909 0.721849 0.855734 0.817364 0.811901 0.264256 0.304179 0.445437 0.469004 0.422529 0.344884 0.845805 0.828142 0.821926 0.792471 0.777184 0.624709 0.639214 0.811687 0.614516 0.642106 0.393942 0.574777 0.335181 0.610064 0.373176 0.490948 0.394270 0.325599 0.250869 0.260586 0.603700 0.514595 0.481975 0.465170 0.600867 0.634563 0.583296 0.898631 0.601261 0.635580 0.489250 0.602275 0.401359 0.388540 0.873403 0.626267 0.377455 0.650076 0.986169 0.776431 0.589639 0.914360 0.454932 0.424981 0.492379 0.501633 0.852596 0.643898 0.545136 0.802466 0.408058 0.365196 0.666358 0.371386 0.549392 0.495374 0.458151 0.469670 0.918167 0.748700 0.587529 0.542824 0.596080 0.580641 0.505609 0.687837 0.615626 0.847778
0.429612 0.466536 0.425324 0.292975 0.733502 0.578410 0.238150 0.000000 0.505003 0.257473 0.546017 0.383192 0.419048 0.501367 0.508898 0.466020 0.465955 0.412213 0.330252 0.398582 0.648727 0.854911 0.414864 0.740373 0.846195 0.777473 0.932380 0.804430 0.530165 0.405917 0.396363 0.563124 0.299641 0.302935 0.636781 0.777206 0.579184 0.644239 0.854675 0.856881 0.793285 0.752543 0.290282 0.302217 0.423840 0.452255 0.501867 0.403243 0.955122 0.825875 0.730646 0.706279 0.733684 0.675276 0.706123 0.874244 0.521116 0.511400 0.456008 0.557267 0.384831 0.471170 0.364440 0.342791 0.620077 0.424622 0.389247 0.363479 0.601044 0.474180 0.410846 0.410776 0.593259 0.666345 0.638168 0.875182 0.534549 0.518890 0.484433 0.596213 0.334765 0.356740 0.772706 0.551918 0.550383 0.699738 0.934948 0.740838 0.722730 0.877032 0.381652 0.364896 0.437335 0.489979 0.771376 0.611242 0.517250 0.751518 0.328830 0.275698 0.488497 0.415438 0.512108 0.432145 0.441835 0.463072 0.871409 0.643961 0.577841 0.542073 0.573063 0.495080 0.464194 0.632911 0.638067 0.872222
0.573672 0.601460 0.554712 0.677986 0.696305 0.626358 0.513263 0.505003 0.000000 0.519683 0.549216 0.593702 0.492462 0.770860 0.677392 0.749555 0.603977 0.630264 0.595068 0.590049 0.871400 0.941436 0.775082 0.916397 0.801248 0.856524 0.904461 0.900891 0.659861 0.662072 0.604757 0.854762 0.563921 0.546901 0.704565 0.935709 0.897742 0.978511 0.930177 0.934577 0.737634 0.960962 0.536447 0.531099 0.431262 0.485216 0.495146 0.610913 0.991291 0.773020 0.837198 0.738676 0.861471 0.948946 0.825445 0.784539 0.686479 0.626809 0.494978 0.529229 0.471956 0.617280 0.631705 0.635577 0.659024 0.592198 0.543293 0.500257 0.615910 0.662473 0.674432 0.672489 0.677613 0.704256 0.878189 0.850225 0.598729 0.731712 0.793878 0.655887 0.638876 0.697786 0.960276 0.953666 0.794935 0.889680 0.779884 0.542489 0.743681 0.925873 0.610832 0.592058 0.628218 0.554326 0.769175 0.797509 0.708383 0.907071 0.471973 0.567518 0.746077 0.712541 0.805374 0.675505 0.618383 0.633780 0.981554 0.778812 0.779468 0.696314 0.566612 0.697681 0.730674 0.747601 0.674123 0.668106
0.499047 0.505255 0.552866 0.379746 0.845631 0.617268 0.354542 0.257473 0.519683 0.000000 0.576839 0.469457 0.517477 0.552434 0.546153 0.519356 0.486618 0.472223 0.385712 0.439546 0.655746 0.903033 0.473086 0.809272 0.831016 0.778473 0.892426 0.815883 0.607233 0.451201 0.433965 0.579099 0.425878 0.417746 0.653641 0.816882 0.608704 0.703490 0.888909 0.866490 0.842631 0.759543 0.395370 0.413270 0.536532 0.572506 0.586201 0.480612 0.897755 0.904112 0.837801 0.824435 0.853592 0.789561 0.797542 0.903896 0.553161 0.578227 0.590827 0.688077 0.516044 0.589374 0.469511 0.443794 0.710887 0.548916 0.514346 0.495798 0.619373 0.666509 0.406162 0.481798 0.532388 0.625285 0.695295 0.727234 0.573395 0.499696 0.585010 0.633461 0.384853 0.421521 0.779246 0.626552 0.684834 0.864009 0.960152 0.695599 0.895556 0.986817 0.464074 0.425631 0.484984 0.513427 0.817350 0.589140 0.548897 0.755467 0.376003 0.354958 0.649451 0.559875 0.624814 0.495933 0.592062 0.519269 0.887391 0.678730 0.652903 0.600478 0.605211 0.578087 0.552508 0.659804 0.669371 0.917584
0.302486 0.379860 0.593405 0.679904 0.745096 0.832813 0.483289 0.546017 0.549216 0.576839 0.000000 0.346033 0.330990 0.544217 0.484012 0.557289 0.334495 0.332685 0.353510 0.361152 0.749120 0.986253 0.719755 0.938438 0.987340 0.988675 0.937924 0.729232 0.473607 0.398911 0.612118 0.722767 0.407745 0.392439 0.879480 0.901087 0.754067 0.708195 0.960160 0.852776 0.711089 0.852630 0.498769 0.432058 0.565683 0.548615 0.518246 0.549368 0.940517 0.836851 0.836411 0.840109 0.910736 0.988842 0.789579 0.724669 0.358059 0.370069 0.472973 0.550120 0.363348 0.594670 0.320338 0.363248 0.742466 0.631720 0.577318 0.569241 0.349299 0.485437 0.527569 0.462899 0.529380 0.537186 0.854777 0.715350 0.628599 0.581281 0.506018 0.373185 0.393960 0.460228 0.871325 0.774340 0.659913 0.999720 0.818704 0.673180 0.764567 0.930418 0.773064 0.796516 0.840358 0.795784 0.958634 0.774618 0.598578 0.855578 0.405933 0.471950 0.776164 0.726020 0.530153 0.546553 0.579405 0.564470 0.869693 0.924752 0.738144 0.683881 0.755451 0.680266 0.665526 0.736862 0.509622 0.827325
0.288563 0.224038 0.760757 0.615373 0.799372 0.772876 0.532218 0.383192 0.593702 0.469457 0.346033 0.000000 0.316688 0.322655 0.349075 0.333527 0.257716 0.231499 0.328310 0.293118 0.759960 0.977371 0.616194 0.795124 0.983699 0.903930 0.965456 0.797328 0.353314 0.295133 0.585558 0.662883 0.334620 0.397523 0.986333 0.926094 0.592030 0.625982 0.886926 0.846594 0.643054 0.747918 0.461474 0.372178 0.524129 0.495080 0.582066 0.546715 0.916832 0.813473 0.725283 0.726277 0.849971 0.910973 0.868507 0.872355 0.257176 0.237243 0.549714 0.570863 0.424785 0.449026 0.269063 0.179652 0.928635 0.694064 0.713965 0.654817 0.463039 0.458523 0.410354 0.324463 0.584193 0.647007 0.886232 0.776917 0.527659 0.449604 0.489122 0.414167 0.287601 0.376148 0.688827 0.575622 0.737259 0.849739 0.916283 0.741528 0.832728 0.947370 0.677085 0.651842 0.757811 0.756735 0.832363 0.698975 0.641340 0.738911 0.354425 0.367950 0.633063 0.673433 0.494874 0.454112 0.516047 0.576217 0.880075 0.761395 0.652392 0.630147 0.692898 0.536553 0.580545 0.680298 0.625894 0.868793
0.337664 0.376053 0.546312 0.589121 0.636059 0.670748 0.428141 0.419048 0.492462 0.517477 0.330990 0.316688 0.000000 0.467957 0.301565 0.442998 0.396324 0.326174 0.399266 0.458392 0.733144 0.950286 0.580862 0.849174 0.925959 0.942239 0.970640 0.871620 0.437339 0.389715 0.543631 0.771516 0.351498 0.404966 0.844644 0.969282 0.623037 0.723019 0.991815 0.884072 0.686650 0.779923 0.411741 0.351102 0.408048 0.420679 0.480160 0.472293 0.963319 0.716257 0.754828 0.669288 0.824631 0.896360 0.810548 0.846978 0.419596 0.373430 0.456380 0.501617 0.312281 0.485838 0.322385 0.332961 0.638278 0.547353 0.568293 0.521667 0.497965 0.505027 0.514632 0.449168 0.625098 0.634471 0.778658 0.704031 0.602418 0.492471 0.479056 0.428811 0.375556 0.438070 0.823774 0.696394 0.562797 0.825828 0.836607 0.700737 0.631586 0.998066 0.677165 0.625095 0.693392 0.695520 0.752901 0.689241 0.560288 0.823523 0.377705 0.447836 0.765747 0.631663 0.563448 0.551214 0.498829 0.530924 0.874850 0.804696 0.640940 0.598726 0.713131 0.576667 0.593325 0.666343 0.598243 0.807768
0.537282 0.372501 0.923181 0.720801 0.877196 0.965463 0.661496 0.501367 0.770860 0.552434 0.544217 0.322655 0.467957 0.000000 0.356787 0.330955 0.370261 0.313049 0.440686 0.401588 0.812559 0.988836 0.557628 0.624435 0.971619 0.817926 0.918837 0.790253 0.391693 0.346545 0.679112 0.568323 0.490068 0.549451 0.933499 0.912278 0.765610 0.740028 0.790945 0.841052 0.854674 0.744118 0.524020 0.512697 0.707260 0.707585 0.715800 0.613624 0.934137 0.943547 0.900797 0.929522 0.902407 0.868666 0.995450 0.954177 0.343406 0.375778 0.780817 0.821790 0.684347 0.658778 0.374910 0.318679 0.979786 0.863156 0.873853 0.839311 0.616370 0.679666 0.524835 0.517991 0.602019 0.706536 0.978892 0.778766 0.561716 0.427469 0.537972 0.486840 0.358966 0.387490 0.518879 0.545447 0.734439 0.772322 0.974983 0.991184 0.935794 0.904402 0.808641 0.723146 0.910313 0.902078 0.893388 0.659463 0.708966 0.786841 0.533212 0.421642 0.780910 0.738952 0.489462 0.458805 0.688447 0.744388 0.909304 0.747770 0.679704 0.670120 0.721326 0.583311 0.713291 0.597279 0.772271 0.991994
0.494426 0.451072 0.685835 0.612871 0.680545 0.834482 0.539260 0.508898 0.677392 0.546153 0.484012 0.349075 0.301565 0.356787 0.000000 0.394326 0.415249 0.357494 0.427261 0.460601 0.637193 0.937082 0.511313 0.687611 0.848203 0.973667 0.908675 0.836723 0.424250 0.354384 0.595108 0.691571 0.450665 0.475302 0.986446 0.955232 0.661890 0.742646 0.915839 0.830327 0.785091 0.808131 0.482145 0.394086 0.584786 0.583183 0.590184 0.476951 0.955284 0.830332 0.921063 0.845995 0.914306 0.845948 0.880827 0.960741 0.446083 0.445987 0.671018 0.728799 0.538869 0.618459 0.403849 0.408190 0.709942 0.666342 0.728573 0.692213 0.628785 0.638847 0.546491 0.512127 0.606857 0.725949 0.931459 0.708010 0.557479 0.464578 0.473082 0.464451 0.394412 0.425611 0.730499 0.622098 0.583629 0.721119 0.956482 0.878079 0.731431 0.935580 0.759482 0.671633 0.821219 0.789817 0.834885 0.537257 0.687164 0.781515 0.496669 0.450124 0.921599 0.688346 0.596231 0.564370 0.580474 0.629732 0.959588 0.814443 0.627630 0.653524 0.706730 0.552069 0.685686 0.598539 0.754285 0.867559
0.580685 0.409684 0.775419 0.589587 0.867334 0.824092 0.594270 0.466020 0.749555 0.519356 0.557289 0.333527 0.442998 0.330955 0.394326 0.000000 0.385089 0.316369 0.423578 0.380713 0.758056 0.914909 0.434184 0.534599 0.891872 0.989465 0.997895 0.823508 0.386553 0.271216 0.623680 0.528736 0.469968 0.508297 0.970317 0.919086 0.607716 0.727121 0.965456 0.823176 0.756312 0.711600 0.455185 0.407592 0.748094 0.686710 0.700945 0.562929 0.855825 0.994762 0.974162 0.969844 0.993237 0.988984 0.919968 0.907202 0.387716 0.390958 0.743476 0.805889 0.603203 0.578783 0.404822 0.332051 0.899099 0.661425 0.807118 0.727259 0.666203 0.663318 0.449642 0.507493 0.681798 0.747468 0.886218 0.764114 0.559130 0.442500 0.552529 0.498205 0.381849 0.394154 0.580413 0.507028 0.755472 0.656106 0.970348 0.944036 0.914955 0.987127 0.837383 0.737918 0.913987 0.896493 0.835173 0.647189 0.778467 0.731161 0.588750 0.445438 0.823119 0.762187 0.536037 0.411751 0.595882 0.648965 0.994573 0.934210 0.684105 0.624619 0.732663 0.662704 0.696423 0.647210 0.731273 0.900270
0.363964 0.273888 0.733293 0.666133 0.855983 0.886846 0.526104 0.465955 0.603977 0.486618 0.334495 0.257716 0.396324 0.370261 0.415249 0.385089 0.000000 0.190062 0.297359 0.286261 0.773885 0.993521 0.586069 0.778815 0.950384 0.918444 0.993617 0.710342 0.328364 0.259184 0.561077 0.603688 0.389844 0.390040 0.976092 0.894586 0.665682 0.641334 0.895393 0.934022 0.676086 0.783509 0.473390 0.386462 0.630980 0.595479 0.584712 0.599236 0.933827 0.949822 0.896406 0.902662 0.989361 0.955848 0.917510 0.933926 0.227352 0.259935 0.624483 0.672288 0.484858 0.565158 0.276544 0.249408 0.885108 0.729255 0.722397 0.686711 0.405756 0.508919 0.413224 0.390420 0.529088 0.547922 0.842648 0.740504 0.596253 0.520388 0.469072 0.337372 0.257079 0.348467 0.661818 0.590248 0.706248 0.853456 0.945184 0.844767 0.863515 0.888978 0.781689 0.710137 0.849899 0.785018 0.781848 0.714252 0.628609 0.794791 0.488634 0.412231 0.798508 0.728545 0.564367 0.423389 0.630038 0.654335 0.833942 0.823810 0.730535 0.622988 0.651081 0.612844 0.598615 0.625137 0.653088 0.818564
0.343853 0.244475 0.706822 0.622611 0.790275 0.852931 0.489225 0.412213 0.630264 0.472223 0.332685 0.231499 0.326174 0.313049 0.357494 0.316369 0.190062 0.000000 0.254675 0.249055 0.760078 0.988549 0.515700 0.718602 0.969412 0.887900 0.995279 0.697843 0.286454 0.210492 0.570387 0.569967 0.339842 0.349983 0.946385 0.892367 0.633636 0.636614 0.898375 0.921652 0.715829 0.697967 0.425837 0.347088 0.585581 0.551327 0.599631 0.518967 0.931757 0.925512 0.877672 0.877319 0.951469 0.936804 0.895714 0.951132 0.199961 0.227149 0.615185 0.671862 0.452723 0.543450 0.236425 0.210313 0.841561 0.688972 0.685623 0.660145 0.407013 0.500621 0.380346 0.346371 0.537197 0.557825 0.804660 0.778041 0.550565 0.447663 0.408111 0.322659 0.201624 0.281880 0.575218 0.513867 0.633601 0.770488 0.990718 0.883668 0.858865 0.924116 0.725000 0.649173 0.803681 0.754702 0.832175 0.665895 0.606368 0.804035 0.432707 0.348201 0.725855 0.693432 0.479869 0.394241 0.576622 0.592492 0.842266 0.865393 0.714504 0.605698 0.650710 0.523231 0.589488 0.619886 0.626606 0.865947
0.347940 0.374676 0.512338 0.445648 0.666384 0.785652 0.314041 0.330252 0.595068 0.385712 0.353510 0.328310 0.399266 0.440686 0.427261 0.423578 0.297359 0.254675 0.000000 0.257866 0.769542 0.984882 0.399390 0.705839 0.933473 0.994369 0.975837 0.575887 0.395955 0.315685 0.486642 0.482716 0.293455 0.287940 0.845502 0.753224 0.625282 0.657645 0.947338 0.886637 0.839566 0.761693 0.330417 0.319845 0.575390 0.601174 0.536621 0.410498 0.821321 0.991269 0.932491 0.953894 0.976881 0.814866 0.866535 0.991039 0.312583 0.394894 0.560945 0.704626 0.421016 0.621151 0.237090 0.314744 0.677765 0.541869 0.501550 0.503304 0.471739 0.497285 0.311441 0.357363 0.565327 0.577518 0.729541 0.791697 0.572080 0.498610 0.444271 0.432489 0.246261 0.305676 0.626703 0.524463 0.504450 0.696385 0.953200 0.826562 0.844657 0.871678 0.608180 0.558158 0.703243 0.655577 0.918331 0.667424 0.556239 0.755018 0.395642 0.280875 0.732956 0.530854 0.449786 0.397864 0.559387 0.557222 0.860044 0.819254 0.649008 0.661485 0.608991 0.532859 0.577597 0.683553 0.575495 0.888924
0.392895 0.323646 0.679272 0.564699 0.852517 0.819733 0.490239 0.398582 0.590049 0.439546 0.361152 0.293118 0.458392 0.401588 0.460601 0.380713 0.286261 0.249055 0.257866 0.000000 0.764257 0.997860 0.519571 0.721371 0.983086 0.918926 0.948912 0.655383 0.396654 0.297474 0.585164 0.476825 0.397002 0.359433 0.957305 0.751193 0.617856 0.676568 0.904762 0.957031 0.719679 0.837481 0.428828 0.403853 0.683978 0.663673 0.654616 0.563508 0.829600 0.949930 0.959490 0.984769 0.974846 0.935538 0.928727 0.982216 0.290734 0.333659 0.676564 0.771214 0.542808 0.623458 0.293074 0.302332 0.868361 0.720056 0.657868 0.657126 0.443659 0.516689 0.337329 0.394483 0.500447 0.538293 0.819876 0.758345 0.592834 0.475714 0.433086 0.415700 0.281861 0.347141 0.658969 0.543767 0.707832 0.828218 0.962096 0.847282 0.995970 0.841971 0.675024 0.639089 0.780459 0.726760 0.839052 0.728537 0.663135 0.854482 0.448618 0.359716 0.714459 0.632782 0.516361 0.413790 0.627802 0.583791 0.903011 0.848905 0.700972 0.663152 0.638243 0.562876 0.638155 0.636003 0.610060 0.949136
0.799542 0.787526 0.682480 0.643113 0.795000 0.750593 0.670152 0.648727 0.871400 0.655746 0.749120 0.759960 0.733144 0.812559 0.637193 0.758056 0.773885 0.760078 0.769542 0.764257 0.000000 0.702264 0.694632 0.820214 0.694055 0.770181 0.904421 0.985689 0.853318 0.660555 0.709728 0.811207 0.711574 0.639516 0.874399 0.977856 0.752784 0.836335 0.979564 0.961823 0.856735 0.841042 0.713858 0.657757 0.815501 0.753980 0.784599 0.718107 0.953875 0.836951 0.902652 0.881430 0.941958 0.891505 0.674990 0.811004 0.853101 0.855999 0.754056 0.825729 0.701967 0.755240 0.769623 0.765904 0.686408 0.676471 0.718045 0.698601 0.801397 0.870956 0.799831 0.801502 0.726554 0.990304 0.834823 0.947785 0.813568 0.728235 0.745836 0.838338 0.721818 0.697759 0.991590 0.802252 0.788090 0.821230 0.974505 0.906461 0.867390 0.975020 0.756769 0.728158 0.730190 0.790051 0.960144 0.587630 0.943843 0.948755 0.792284 0.748947 0.891080 0.855153 0.743022 0.836368 0.778264 0.634907 0.988209 0.922277 0.700136 0.863271 0.776533 0.830551 0.748621 0.836970 0.858369 0.849537
0.985570 0.968236 0.794117 0.833944 0.825709 0.824028 0.890362 0.854911 0.941436 0.903033 0.986253 0.977371 0.950286 0.988836 0.937082 0.914909 0.993521 0.988549 0.984882 0.997860 0.702264 0.000000 0.839513 0.922144 0.768890 0.752064 0.690217 0.941646 0.962633 0.931734 0.767923 0.962614 0.964120 0.889860 0.952177 0.916664 0.945286 0.872149 0.848942 0.825432 0.930073 0.893230 0.838015 0.813686 0.871773 0.948489 0.928826 0.994261 0.969187 0.916462 0.977884 0.875281 0.916107 0.927926 0.860891 0.851594 0.968752 0.959476 0.896279 0.995507 0.975921 0.983396 0.961460 0.987395 0.842508 0.856128 0.840278 0.895072 0.952545 0.905018 0.857568 0.987605 0.948952 0.878674 0.841512 0.949293 0.927207 0.953756 0.915030 0.981325 0.999376 0.992958 0.940030 0.984023 0.958430 0.947099 0.974903 0.987316 0.838376 0.994046 0.903915 0.920839 0.927435 0.901970 0.919050 0.756692 0.975481 0.951016 0.934360 0.917251 0.925132 0.897782 0.941270 0.856424 0.869478 0.798917 0.963304 0.932318 0.942913 0.982187 0.841227 0.960608 0.961089 0.964254 0.926750 0.866971
0.729299 0.684443 0.489372 0.362851 0.740468 0.730470 0.381941 0.414864 0.775082 0.473086 0.719755 0.616194 0.580862 0.557628 0.511313 0.434184 0.586069 0.515700 0.399390 0.519571 0.694632 0.839513 0.000000 0.377842 0.727622 0.795641 0.898712 0.791818 0.630825 0.461673 0.447378 0.450311 0.465852 0.508858 0.877476 0.769945 0.640628 0.775836 0.846380 0.959595 0.955849 0.705772 0.393969 0.466114 0.754145 0.787439 0.717101 0.579626 0.638819 0.915559 0.860721 0.888474 0.995170 0.750196 0.981194 0.872104 0.642845 0.709737 0.831517 0.999162 0.684929 0.855416 0.529256 0.614704 0.519055 0.524325 0.597066 0.619376 0.872348 0.769602 0.390297 0.529237 0.739470 0.772817 0.709754 0.952597 0.580368 0.614533 0.627159 0.649000 0.484244 0.440239 0.669032 0.583895 0.446162 0.458302 0.804810 0.955624 0.798234 0.918902 0.649520 0.525968 0.704599 0.695268 0.957562 0.544636 0.784202 0.821867 0.657115 0.425728 0.866359 0.578436 0.723091 0.543346 0.712409 0.621705 0.929018 0.885419 0.695452 0.671257 0.722198 0.638037 0.678788 0.734479 0.807872 0.873991
0.963562 0.866081 0.865119 0.637802 0.923201 0.981913 0.786139 0.740373 0.916397 0.809272 0.938438 0.795124 0.849174 0.624435 0.687611 0.534599 0.778815 0.718602 0.705839 0.721371 0.820214 0.922144 0.377842 0.000000 0.716349 0.985432 0.975386 0.851454 0.719362 0.600320 0.799663 0.478939 0.785502 0.806128 0.886126 0.833691 0.766417 0.839081 0.979362 0.974562 0.957096 0.867798 0.732925 0.803285 0.859780 0.861883 0.947770 0.873652 0.563332 0.703593 0.692461 0.705914 0.847598 0.931971 0.796365 0.705195 0.779981 0.859623 0.812350 0.739686 0.968696 0.994652 0.780542 0.800155 0.840173 0.807980 0.985061 0.973083 0.955409 0.929524 0.665731 0.820762 0.846216 0.880781 0.908158 0.983815 0.788246 0.799631 0.767682 0.781507 0.714709 0.606567 0.641481 0.632460 0.724283 0.467359 0.821315 0.706585 0.931552 0.979698 0.996715 0.896335 0.951721 0.926637 0.898509 0.661473 0.973199 0.849948 0.986359 0.703670 0.963035 0.854219 0.910784 0.724837 0.852806 0.903944 0.777499 0.944046 0.795167 0.900376 0.878780 0.868235 0.946245 0.762033 0.874840 0.971207
0.913955 0.986880 0.661664 0.702345 0.886110 0.812374 0.783984 0.846195 0.801248 0.831016 0.987340 0.983699 0.925959 0.971619 0.848203 0.891872 0.950384 0.969412 0.933473 0.983086 0.694055 0.768890 0.727622 0.716349 0.000000 0.535342 0.644935 0.860289 0.969899 0.805718 0.719105 0.896070 0.887293 0.796783 0.777507 0.899967 0.877501 0.949193 0.733515 0.967781 0.857312 0.945668 0.820783 0.851255 0.937573 0.944975 0.884616 0.797593 0.786865 0.927465 0.845172 0.972962 0.909644 0.959651 0.993007 0.944550 0.952070 0.973776 0.941883 0.977197 0.920329 0.982827 0.985769 0.967785 0.585073 0.696074 0.796884 0.798506 0.997529 0.884049 0.940890 0.965204 0.821231 0.987616 0.822286 0.973174 0.777169 0.996991 0.932621 0.956126 0.946597 0.872036 0.978392 0.913720 0.896019 0.750626 0.923384 0.905859 0.861086 0.914885 0.937401 0.889808 0.835691 0.852560 0.987181 0.719824 0.904636 0.885104 0.979374 0.916175 0.987678 0.973436 0.865609 0.952775 0.856536 0.822776 0.831663 0.984423 0.844693 0.889238 0.710232 0.976247 0.984351 0.855055 0.974917 0.680319
0.962534 0.847724 0.486225 0.587263 0.929317 0.614646 0.673298 0.777473 0.856524 0.778473 0.988675 0.903930 0.942239 0.817926 0.973667 0.989465 0.918444 0.887900 0.994369 0.918926 0.770181 0.752064 0.795641 0.985432 0.535342 0.000000 0.666792 0.702829 0.869975 0.987046 0.646410 0.922435 0.842051 0.785264 0.521071 0.808346 0.863258 0.945731 0.691363 0.918422 0.908993 0.971144 0.778242 0.802681 0.827852 0.835230 0.686599 0.730407 0.880844 0.839265 0.993600 0.869834 0.870312 0.959321 0.777723 0.770882 0.791171 0.854306 0.713776 0.809707 0.802480 0.962282 0.965321 0.900914 0.471466 0.554203 0.573190 0.530437 0.996213 0.857761 0.981679 0.951043 0.975745 0.940648 0.624623 0.997193 0.892286 0.899492 0.941160 0.946461 0.994744 0.892894 0.888633 0.992641 0.734860 0.781120 0.929247 0.951573 0.726442 0.709930 0.858274 0.863240 0.748221 0.830238 0.882371 0.967273 0.876955 0.985240 0.991990 0.921393 0.981454 0.840095 0.983296 0.992160 0.921755 0.762950 0.929853 0.963938 0.922187 0.845909 0.923895 0.996234 0.998718 0.967328 0.890845 0.742547
0.924643 0.977574 0.854105 0.888351 0.900619 0.950971 0.977320 0.932380 0.904461 0.892426 0.937924 0.965456 0.970640 0.918837 0.908675 0.997895 0.993617 0.995279 0.975837 0.948912 0.904421 0.690217 0.898712 0.975386 0.644935 0.666792 0.000000 0.786390 0.998525 0.913004 0.733339 0.967167 0.980761 0.932918 0.986751 0.975211 0.977939 0.956244 0.870115 0.944440 0.959054 0.879863 0.919242 0.862763 0.977877 0.958243 0.928593 0.947055 0.922342 0.814597 0.955266 0.916240 0.978917 0.951061 0.990849 0.932194 0.964204 0.960095 0.969864 0.975727 0.975622 0.920760 0.929459 0.916797 0.720971 0.881600 0.966370 0.966570 0.982985 0.804057 0.982974 0.999951 0.983157 0.945997 0.819945 0.972830 0.886581 0.788416 0.901015 0.952257 0.938626 0.965945 0.934806 0.975730 0.938683 0.822509 0.874339 0.941095 0.889215 0.870366 0.806825 0.892926 0.846832 0.943102 0.928540 0.991817 0.842657 0.974995 0.828653 0.913563 0.974462 0.948010 0.884047 0.980739 0.871355 0.962022 0.992078 0.855274 0.885272 0.991432 0.975867 0.998196 0.948143 0.957840 0.993094 0.910396
0.729121 0.775782 0.901480 0.859774 0.841427 0.703388 0.750138 0.804430 0.900891 0.815883 0.729232 0.797328 0.871620 0.790253 0.836723 0.823508 0.710342 0.697843 0.575887 0.655383 0.985689 0.941646 0.791818 0.851454 0.860289 0.702829 0.786390 0.000000 0.719971 0.745183 0.953771 0.798152 0.787219 0.763768 0.988857 0.835917 0.916984 0.850894 0.869499 0.888253 0.994342 0.965873 0.759616 0.782696 0.930182 0.947620 0.998665 0.730173 0.806056 0.907607 0.902472 0.864035 0.913107 0.812809 0.958779 0.845224 0.663632 0.763701 0.938684 0.973826 0.818381 0.864665 0.742983 0.804210 0.982975 0.868310 0.872947 0.900597 0.716136 0.852960 0.736023 0.771522 0.610044 0.645050 0.929994 0.933758 0.941722 0.839323 0.772669 0.684830 0.743589 0.831626 0.837705 0.835644 0.847196 0.969137 0.815317 0.990688 0.919577 0.734696 0.934515 0.889293 0.981033 0.916593 0.960351 0.935396 0.914443 0.951510 0.792118 0.720542 0.977378 0.769080 0.800466 0.745976 0.813272 0.990839 0.946712 0.980784 0.947142 0.925327 0.772126 0.834305 0.871399 0.919882 0.875438 0.837119
0.520988 0.398051 0.814897 0.751705 0.766338 0.906859 0.625236 0.530165 0.659861 0.607233 0.473607 0.353314 0.437339 0.391693 0.424250 0.386553 0.328364 0.286454 0.395955 0.396654 0.853318 0.962633 0.630825 0.719362 0.969899 0.869975 0.998525 0.719971 0.000000 0.309551 0.697362 0.619812 0.461984 0.432844 0.953637 0.933632 0.783759 0.837470 0.961226 0.962951 0.785322 0.751151 0.488971 0.419733 0.633325 0.572882 0.579844 0.498414 0.971166 0.874914 0.884792 0.835686 0.875926 0.924561 0.885042 0.976602 0.336556 0.363266 0.680642 0.703424 0.532072 0.535289 0.375325 0.335790 0.888565 0.691034 0.716726 0.702317 0.509426 0.498730 0.574934 0.590407 0.602970 0.638012 0.872319 0.708978 0.651294 0.498791 0.498135 0.428892 0.326001 0.408535 0.578735 0.523025 0.694675 0.762932 0.870673 0.953885 0.881707 0.987763 0.847611 0.755532 0.909566 0.903564 0.759000 0.708646 0.703379 0.778419 0.556923 0.467496 0.768359 0.668842 0.560359 0.463566 0.623584 0.680846 0.925889 0.968995 0.803306 0.663673 0.596527 0.668528 0.704569 0.655752 0.767141 0.869489
0.449634 0.346759 0.628837 0.520971 0.831412 0.886484 0.465068 0.405917 0.662072 0.451201 0.398911 0.295133 0.389715 0.346545 0.354384 0.271216 0.259184 0.210492 0.315685 0.297474 0.660555 0.931734 0.461673 0.600320 0.805718 0.987046 0.913004 0.745183 0.309551 0.000000 0.494690 0.493548 0.374032 0.344290 0.928919 0.890391 0.601466 0.579159 0.948983 0.897161 0.681160 0.763467 0.365513 0.287709 0.634447 0.540722 0.585112 0.439430 0.887951 0.862934 0.875550 0.856750 0.889247 0.859033 0.920495 0.928475 0.291492 0.322571 0.627273 0.708183 0.467301 0.510041 0.315966 0.273521 0.753357 0.573589 0.658695 0.634465 0.495047 0.490166 0.452148 0.441644 0.484824 0.532959 0.743410 0.748159 0.570745 0.463035 0.394482 0.401949 0.278912 0.317389 0.556286 0.503759 0.652403 0.721310 0.984435 0.970254 0.791640 0.966014 0.807901 0.727424 0.905383 0.836701 0.853319 0.622784 0.718289 0.736694 0.530591 0.398319 0.753375 0.701537 0.559673 0.385599 0.565996 0.555222 0.895107 0.882184 0.636302 0.545292 0.611024 0.613889 0.606729 0.625651 0.682584 0.858708
0.565051 0.653742 0.405975 0.362094 0.752480 0.639251 0.346408 0.396363 0.604757 0.433965 0.612118 0.585558 0.543631 0.679112 0.595108 0.623680 0.561077 0.570387 0.486642 0.585164 0.709728 0.767923 0.447378 0.799663 0.719105 0.646410 0.733339 0.953771 0.697362 0.494690 0.000000 0.600003 0.389924 0.383809 0.668415 0.816696 0.643739 0.716305 0.740107 0.884171 0.813551 0.773777 0.377339 0.364829 0.550519 0.558111 0.573263 0.508119 0.873174 0.839021 0.880740 0.824279 0.813290 0.789931 0.752559 0.776895 0.644704 0.674600 0.532021 0.657373 0.472447 0.702276 0.526492 0.569168 0.502215 0.461380 0.438816 0.431133 0.734756 0.596928 0.536255 0.602785 0.690318 0.781741 0.670908 0.889714 0.659404 0.749912 0.644439 0.660047 0.532444 0.538665 0.812139 0.699150 0.605038 0.744097 0.914571 0.761456 0.569763 0.913224 0.668174 0.618385 0.702336 0.625969 0.841899 0.727707 0.616880 0.781178 0.585960 0.561961 0.695801 0.482359 0.740511 0.631206 0.733802 0.556147 0.885460 0.752891 0.764146 0.651108 0.592435 0.697440 0.607195 0.719272 0.706149 0.848616
0.796504 0.751556 0.711545 0.542478 0.981950 0.879198 0.589864 0.563124 0.854762 0.579099 0.722767 0.662883 0.771516 0.568323 0.691571 0.528736 0.603688 0.569967 0.482716 0.476825 0.811207 0.962614 0.450311 0.478939 0.896070 0.922435 0.967167 0.798152 0.619812 0.493548 0.600003 0.000000 0.593370 0.566137 0.989686 0.683613 0.797175 0.921644 0.952639 0.961634 0.995266 0.940165 0.568604 0.651666 0.995189 0.973215 0.871168 0.683111 0.572894 0.696686 0.799646 0.758457 0.911237 0.902485 0.966895 0.854499 0.630998 0.736795 0.957361 0.957301 0.833646 0.928502 0.555271 0.615224 0.865526 0.760126 0.764532 0.765077 0.873229 0.786182 0.573905 0.715238 0.739604 0.750863 0.819156 0.914513 0.823038 0.656875 0.559107 0.683439 0.505572 0.438820 0.619940 0.558617 0.706265 0.624727 0.941247 0.807278 0.964951 0.994926 0.878873 0.789021 0.910208 0.939086 0.994213 0.655701 0.788489 0.848091 0.844863 0.578055 0.843443 0.649648 0.765646 0.526095 0.845815 0.859087 0.979684 0.951068 0.762434 0.736830 0.693616 0.858585 0.911633 0.752663 0.839746 0.973175
0.322035 0.427064 0.418341 0.373098 0.645964 0.675379 0.277437 0.299641 0.563921 0.425878 0.407745 0.334620 0.351498 0.490068 0.450665 0.469968 0.389844 0.339842 0.293455 0.397002 0.711574 0.964120 0.465852 0.785502 0.887293 0.842051 0.980761 0.787219 0.461984 0.374032 0.389924 0.593370 0.000000 0.236544 0.688720 0.832478 0.553237 0.636149 0.885395 0.814297 0.733103 0.725867 0.345314 0.296567 0.444963 0.443945 0.518282 0.423154 0.952230 0.828925 0.800599 0.771024 0.804084 0.787146 0.671888 0.783823 0.421787 0.425575 0.400370 0.505951 0.311691 0.551738 0.268443 0.314426 0.586267 0.468544 0.387642 0.361757 0.510106 0.432023 0.432714 0.378051 0.642840 0.729783 0.688137 0.967140 0.513256 0.519736 0.470469 0.506416 0.307447 0.303139 0.763186 0.505521 0.474573 0.621249 0.983194 0.800497 0.636330 0.965602 0.557989 0.490651 0.593096 0.584025 0.811055 0.772362 0.635333 0.816260 0.399542 0.419770 0.678202 0.456574 0.486530 0.442156 0.446801 0.537774 0.920745 0.781687 0.751885 0.628739 0.595967 0.531622 0.597529 0.676150 0.617492 0.896129
0.377521 0.442809 0.398032 0.373976 0.667277 0.678979 0.280920 0.302935 0.546901 0.417746 0.392439 0.397523 0.404966 0.549451 0.475302 0.508297 0.390040 0.349983 0.287940 0.359433 0.639516 0.889860 0.508858 0.806128 0.796783 0.785264 0.932918 0.763768 0.432844 0.344290 0.383809 0.566137 0.236544 0.000000 0.598288 0.769718 0.579983 0.642404 0.801382 0.805300 0.750894 0.784323 0.329827 0.282289 0.479318 0.483272 0.472917 0.350856 0.897720 0.826180 0.855086 0.814326 0.822419 0.832404 0.647904 0.766303 0.436620 0.458360 0.402040 0.516857 0.324319 0.543307 0.291774 0.355363 0.529964 0.414418 0.333865 0.321720 0.456134 0.411866 0.452154 0.479827 0.595715 0.720132 0.727260 0.860182 0.582722 0.542713 0.399850 0.489219 0.288140 0.297239 0.746486 0.528288 0.506825 0.647572 0.961623 0.741053 0.671083 0.923073 0.558039 0.536725 0.610676 0.588709 0.803856 0.715963 0.569880 0.724916 0.433129 0.396935 0.661163 0.459737 0.506238 0.389740 0.458196 0.472936 0.922176 0.773603 0.727894 0.596288 0.515275 0.528411 0.548361 0.607519 0.559567 0.845755
0.821867 0.946505 0.549995 0.638265 0.796204 0.641969 0.605979 0.636781 0.704565 0.653641 0.879480 0.986333 0.844644 0.933499 0.986446 0.970317 0.976092 0.946385 0.845502 0.957305 0.874399 0.952177 0.877476 0.886126 0.777507 0.521071 0.986751 0.988857 0.953637 0.928919 0.668415 0.989686 0.688720 0.598288 0.000000 0.742660 0.797530 0.867943 0.648597 0.984567 0.939381 0.986821 0.698070 0.683185 0.571061 0.626695 0.771939 0.666974 0.999676 0.776484 0.859670 0.780255 0.700157 0.938432 0.658885 0.746163 0.990116 0.983136 0.552981 0.640353 0.603210 0.760696 0.863375 0.907541 0.532983 0.518035 0.435836 0.435983 0.832489 0.784561 0.935996 0.973286 0.904073 0.973335 0.802125 0.992630 0.800049 0.949766 0.921299 0.962165 0.824766 0.809416 0.994754 0.924928 0.738564 0.828652 0.918320 0.702958 0.767444 0.810310 0.640956 0.692788 0.586281 0.636802 0.902687 0.954836 0.662783 0.808103 0.738103 0.763543 0.758566 0.708243 0.792308 0.898806 0.761212 0.651889 0.939080 0.775750 0.976661 0.852871 0.752062 0.637403 0.847451 0.904629 0.810116 0.917963
0.911667 0.886758 0.802539 0.815913 0.985276 0.980276 0.785760 0.777206 0.935709 0.816882 0.901087 0.926094 0.969282 0.912278 0.955232 0.919086 0.894586 0.892367 0.753224 0.751193 0.977856 0.916664 0.769945 0.833691 0.899967 0.808346 0.975211 0.835917 0.933632 0.890391 0.816696 0.683613 0.832478 0.769718 0.742660 0.000000 0.868621 0.816952 0.843387 0.908116 0.926801 0.983206 0.775788 0.849002 0.907791 0.967520 0.979028 0.884826 0.866662 0.858224 0.998438 0.981626 0.927843 0.923591 0.938281 0.907422 0.838004 0.915670 0.910691 0.957206 0.876281 0.961872 0.859029 0.889417 0.886489 0.823838 0.742828 0.794712 0.850223 0.866384 0.717976 0.921048 0.921127 0.896412 0.895049 0.992093 0.969391 0.862237 0.999339 0.966384 0.846332 0.880911 0.744196 0.852435 0.924384 0.830002 0.847885 0.991379 0.982007 0.970590 0.943038 0.981186 0.968268 0.949871 0.841324 0.908094 0.852351 0.998175 0.891622 0.823059 0.866651 0.899179 0.985802 0.815889 0.948207 0.895961 0.689822 0.851144 0.967442 0.955458 0.759647 0.834424 0.960327 0.886700 0.847382 0.841357
0.599867 0.619074 0.713322 0.576608 0.901350 0.698273 0.621140 0.579184 0.897742 0.608704 0.754067 0.592030 0.623037 0.765610 0.661890 0.607716 0.665682 0.633636 0.625282 0.617856 0.752784 0.945286 0.640628 0.766417 0.877501 0.863258 0.977939 0.916984 0.783759 0.601466 0.643739 0.797175 0.553237 0.579983 0.797530 0.868621 0.000000 0.560364 0.995070 0.984238 0.719218 0.818077 0.615166 0.596296 0.752501 0.736613 0.830557 0.715618 0.983458 0.918112 0.866355 0.907960 0.982736 0.963901 0.937040 0.970862 0.617729 0.629662 0.721430 0.835141 0.641007 0.666852 0.600474 0.583337 0.787276 0.672479 0.746318 0.717002 0.780347 0.733443 0.501703 0.584722 0.784099 0.823376 0.887496 0.941567 0.733495 0.652022 0.652124 0.839539 0.629905 0.650485 0.843201 0.612316 0.776618 0.806292 0.885622 0.895533 0.926093 0.982635 0.739165 0.696695 0.750891 0.695705 0.772682 0.940931 0.690776 0.728255 0.654332 0.669672 0.834043 0.690268 0.751465 0.723770 0.582273 0.634297 0.931503 0.721699 0.679328 0.809898 0.768131 0.560589 0.711025 0.799902 0.789322 0.915543
0.543498 0.565264 0.765632 0.693764 0.957013 0.942938 0.681909 0.644239 0.978511 0.703490 0.708195 0.625982 0.723019 0.740028 0.742646 0.727121 0.641334 0.636614 0.657645 0.676568 0.836335 0.872149 0.775836 0.839081 0.949193 0.945731 0.956244 0.850894 0.837470 0.579159 0.716305 0.921644 0.636149 0.642404 0.867943 0.816952 0.560364 0.000000 0.985684 0.797167 0.813089 0.922055 0.615649 0.565265 0.706244 0.674043 0.856221 0.778171 0.783673 0.743948 0.643083 0.680553 0.740099 0.701848 0.829095 0.925764 0.585459 0.595785 0.652902 0.732762 0.616185 0.624214 0.602373 0.573131 0.843434 0.749447 0.813609 0.819385 0.643025 0.562253 0.608237 0.595102 0.778991 0.666116 0.820593 0.943554 0.752479 0.798368 0.765233 0.739032 0.716826 0.731181 0.819513 0.726156 0.835562 0.831655 0.936342 0.924477 0.828265 0.870404 0.877838 0.893833 0.986675 0.865311 0.990901 0.864020 0.789636 0.764327 0.683158 0.709926 0.804858 0.874146 0.764819 0.613730 0.692458 0.625015 0.774472 0.708873 0.680945 0.780963 0.790746 0.776852 0.622641 0.790194 0.826717 0.842410
