0.000000 0.332904 0.973530 0.787432 0.942713 0.841784 0.934248 0.590645 0.964363 0.825348 0.709843 0.306166 0.585519 0.526002 0.815115 0.726246 0.543923 0.427605 0.569350 0.488318 0.997236 0.981063 0.772391 0.736568 0.941191 0.937637 0.924963 0.885187 0.593579 0.510384 0.836915 0.702297 0.748200 0.712240 0.994785 0.916565 0.981063 0.773922 0.942658 0.930040 0.861844 0.879546 0.725912 0.659214 0.754843 0.594488 0.676107 0.704873 0.577205 0.458302 0.475428 0.515496 0.710980 0.759076 0.743933 0.782395 0.388539 0.352793 0.526789 0.375041 0.715945 0.573434 0.503236 0.320602 0.926630 0.859153 0.903133 0.818465 0.499983 0.586720 0.738155 0.745551 0.824700 0.814486 0.836761 0.940061 0.928251 0.864007 0.750166 0.670806 0.379023 0.408814 0.770912 0.788739 0.540441 0.546084 0.918030 0.916454 0.659044 0.453227 0.792042 0.828661 0.833346 0.949487 0.839883 0.842168 0.827833 0.822635 0.598428 0.688616 0.918529 0.888931 0.664368 0.811043 0.785687 0.905701 0.881893 0.929702 0.968798 0.847053 0.900502 0.748319 0.771705 0.858325 0.932539 0.991883
0.332904 0.000000 0.864565 0.662044 0.866275 0.975985 0.950700 0.571152 0.903595 0.957173 0.856592 0.392138 0.661034 0.603537 0.856764 0.740404 0.464566 0.376554 0.607293 0.527955 0.858505 0.936253 0.746895 0.698839 0.745350 0.929407 0.948957 0.903847 0.607160 0.463040 0.689627 0.648904 0.721336 0.666302 0.896801 0.855351 0.793356 0.685521 0.884436 0.941902 0.865276 0.847629 0.546233 0.505783 0.741654 0.558064 0.553326 0.615811 0.668804 0.432930 0.431600 0.425101 0.619891 0.645818 0.707528 0.742669 0.290075 0.286849 0.534813 0.367584 0.827880 0.602905 0.689155 0.413285 0.787106 0.709423 0.784741 0.684083 0.493146 0.500516 0.713315 0.700803 0.771076 0.781187 0.872935 0.812522 0.813020 0.844163 0.632769 0.550633 0.386128 0.493560 0.678416 0.742475 0.648439 0.522893 0.974624 0.933244 0.804346 0.450352 0.900520 0.907787 0.911271 0.962128 0.844912 0.789699 0.777901 0.749523 0.743124 0.647255 0.992155 0.994083 0.794694 0.829490 0.745953 0.833419 0.810542 0.787140 0.989615 0.782202 0.949012 0.771943 0.775855 0.814112 0.945178 0.996107
0.973530 0.864565 0.000000 0.395534 0.963212 0.917495 0.474099 0.504287 0.627470 0.939603 0.742903 0.986454 0.878211 0.799545 0.640170 0.621266 0.821975 0.812280 0.724936 0.887487 0.690004 0.875337 0.547121 0.582146 0.350016 0.354153 0.822435 0.934875 0.864929 0.758012 0.417740 0.550470 0.648162 0.702402 0.569409 0.778394 0.788328 0.852838 0.681294 0.949218 0.862306 0.867653 0.531947 0.574736 0.892911 0.880450 0.659873 0.730992 0.636076 0.943913 0.856658 0.860143 0.723735 0.614759 0.908907 0.990793 0.830712 0.835411 0.908039 0.860506 0.646926 0.732353 0.967174 0.982613 0.367989 0.388867 0.426150 0.466200 0.994761 0.890286 0.621248 0.662259 0.595739 0.539492 0.803723 0.827936 0.551149 0.739572 0.757945 0.916941 0.971896 0.999768 0.765987 0.835684 0.807723 0.641598 0.955055 0.946392 0.783947 0.936713 0.777277 0.928106 0.751348 0.771463 0.953006 0.799690 0.825558 0.933705 0.902210 0.691684 0.828129 0.833330 0.990707 0.973293 0.599385 0.638235 0.680800 0.704565 0.978215 0.776651 0.861802 0.996136 0.847090 0.874203 0.671808 0.785792
0.787432 0.662044 0.395534 0.000000 0.857470 0.799247 0.605698 0.366191 0.606736 0.869371 0.756829 0.728729 0.685170 0.561836 0.492949 0.390862 0.757670 0.703577 0.570306 0.755536 0.652093 0.964476 0.340093 0.394575 0.360056 0.439300 0.687180 0.876408 0.914348 0.660368 0.368813 0.456590 0.482882 0.751738 0.588108 0.706491 0.744111 0.723277 0.890822 0.861826 0.990925 0.915415 0.405588 0.458734 0.940839 0.997964 0.714358 0.627325 0.763634 0.794100 0.585743 0.534815 0.474620 0.365457 0.867889 0.978130 0.693470 0.614221 0.885567 0.605728 0.656253 0.523088 0.966662 0.775610 0.319846 0.298362 0.434367 0.449181 0.847942 0.778426 0.406578 0.483862 0.509691 0.501016 0.808231 0.799906 0.593974 0.562817 0.714018 0.718573 0.922881 0.941830 0.641826 0.950539 0.624761 0.431365 0.975526 0.977371 0.985718 0.680878 0.598205 0.723944 0.594326 0.611726 0.805712 0.683884 0.816947 0.849291 0.736604 0.573266 0.849951 0.769886 0.964634 0.990887 0.526967 0.564459 0.747554 0.666694 0.929306 0.850077 0.821373 0.855578 0.822525 0.996986 0.589038 0.762895
0.942713 0.866275 0.963212 0.857470 0.000000 0.662086 0.723000 0.738229 0.509717 0.582250 0.933623 0.982201 0.691038 0.796193 0.685300 0.760177 0.894472 0.819415 0.692498 0.849315 0.959678 0.931746 0.713340 0.830813 0.927366 0.989993 0.839286 0.849893 0.918191 0.939349 0.874314 0.874279 0.842676 0.935179 0.882506 0.976955 0.891343 0.931426 0.832637 0.779205 0.823425 0.890618 0.938766 0.892662 0.936523 0.918108 0.797161 0.890415 0.895270 0.888034 0.901181 0.949489 0.822045 0.805896 0.982997 0.867401 0.841234 0.983061 0.993391 0.932086 0.632731 0.608426 0.900744 0.886301 0.969216 0.897777 0.860224 0.975943 0.977577 0.970643 0.704372 0.958266 0.979953 0.886734 0.979914 0.943354 0.848957 0.857318 0.779421 0.950198 0.861592 0.937341 0.880340 0.784168 0.778912 0.930909 0.976613 0.895119 0.877296 0.964008 0.563767 0.567158 0.602328 0.686166 0.938604 0.852765 0.892512 0.784129 0.748697 0.815139 0.725097 0.689841 0.953045 0.916089 0.890591 0.903081 0.820047 0.939934 0.934908 0.942745 0.908856 0.872876 0.906883 0.994218 0.863053 0.874972
0.841784 0.975985 0.917495 0.799247 0.662086 0.000000 0.658683 0.692091 0.656190 0.658372 0.996846 0.894693 0.934947 0.899905 0.822421 0.745478 0.805785 0.910674 0.692928 0.845598 0.879173 0.997096 0.686409 0.706034 0.920824 0.946018 0.936597 0.795355 0.833171 0.917777 0.820773 0.992458 0.836503 0.841563 0.801149 0.924866 0.914229 0.914520 0.957207 0.856508 0.981881 0.994253 0.953750 0.916801 0.638649 0.814433 0.962167 0.875566 0.835302 0.752972 0.720832 0.763532 0.710120 0.672314 0.848139 0.748651 0.967990 0.880417 0.789495 0.765646 0.637788 0.811803 0.765392 0.741208 0.943746 0.927594 0.694637 0.797139 0.993902 0.930961 0.826362 0.851192 0.898566 0.940764 0.995262 0.844530 0.760611 0.827355 0.945088 0.819005 0.874779 0.833951 0.974809 0.902251 0.693681 0.766741 0.979374 0.997849 0.903515 0.867900 0.498128 0.607502 0.541968 0.794351 0.907250 0.914397 0.815459 0.917821 0.603084 0.707925 0.805769 0.781094 0.734144 0.896840 0.858366 0.937195 0.869774 0.965578 0.998251 0.926029 0.951441 0.681803 0.797894 0.958433 0.729272 0.888019
0.934248 0.950700 0.474099 0.605698 0.723000 0.658683 0.000000 0.426432 0.513329 0.501668 0.965846 0.972819 0.834371 0.915139 0.753159 0.837266 0.775759 0.881015 0.550120 0.843033 0.923213 0.877687 0.732572 0.865960 0.730691 0.666748 0.977439 0.896891 0.625438 0.812163 0.584001 0.678452 0.743005 0.645610 0.684891 0.866863 0.998145 0.996459 0.885848 0.866496 0.808459 0.793133 0.714537 0.721378 0.921641 0.951274 0.744740 0.785282 0.873665 0.989109 0.807770 0.942302 0.815916 0.785885 0.871220 0.928700 0.895157 0.917818 0.679943 0.746893 0.337431 0.659658 0.649489 0.791204 0.684198 0.644474 0.591036 0.650606 0.990290 0.960417 0.739246 0.878806 0.746707 0.760961 0.940847 0.986980 0.614837 0.814058 0.827660 0.983004 0.944208 0.846885 0.912673 0.753114 0.773777 0.828465 0.916130 0.861186 0.852558 0.984040 0.520416 0.697707 0.567889 0.752655 0.887168 0.782366 0.756831 0.754794 0.656927 0.646457 0.634688 0.751637 0.853357 0.901975 0.649781 0.826503 0.792662 0.843758 0.996968 0.817273 0.848792 0.905511 0.728627 0.929508 0.750146 0.891201
0.590645 0.571152 0.504287 0.366191 0.738229 0.692091 0.426432 0.000000 0.531291 0.558700 0.981988 0.568677 0.537781 0.513627 0.518177 0.538822 0.649474 0.626269 0.383229 0.550335 0.781191 0.941135 0.468851 0.564454 0.588910 0.643972 0.903031 0.867165 0.622026 0.585764 0.432941 0.508145 0.519712 0.648798 0.688680 0.774521 0.883331 0.785217 0.999623 0.855668 0.946765 0.804364 0.526406 0.545048 0.890821 0.878308 0.691385 0.671975 0.978982 0.766710 0.528052 0.595700 0.556040 0.525024 0.826316 0.935971 0.599709 0.526877 0.654348 0.460755 0.401261 0.344453 0.691805 0.525646 0.548190 0.469412 0.576416 0.573572 0.733558 0.717952 0.464047 0.561869 0.570007 0.562566 0.920267 0.892262 0.604137 0.712204 0.756298 0.733313 0.730875 0.691635 0.764338 0.923176 0.531298 0.498911 0.916427 0.979286 0.899778 0.647574 0.464650 0.570628 0.519318 0.610849 0.812321 0.688481 0.677688 0.786581 0.545275 0.484455 0.651870 0.709286 0.854905 0.848302 0.580598 0.665843 0.762995 0.671824 0.949372 0.812062 0.809087 0.788173 0.736900 0.956793 0.692747 0.844457
0.964363 0.903595 0.627470 0.606736 0.509717 0.656190 0.513329 0.531291 0.000000 0.520559 0.847998 0.963801 0.644358 0.709470 0.602239 0.621505 0.942740 0.894783 0.603533 0.890925 0.873639 0.950728 0.580510 0.709007 0.770453 0.748609 0.802229 0.994112 0.902386 0.915815 0.601160 0.800141 0.809246 0.917399 0.812374 0.922116 0.948143 0.974850 0.903611 0.790954 0.825290 0.962910 0.886235 0.964413 0.954497 0.817735 0.906456 0.986473 0.763099 0.812345 0.919579 0.967576 0.773252 0.752754 0.925106 0.872514 0.926397 0.968486 0.976622 0.965775 0.557197 0.534781 0.965589 0.932275 0.752316 0.703964 0.759217 0.874271 0.999225 0.986654 0.555885 0.710241 0.675699 0.621274 0.845946 0.925351 0.706011 0.754436 0.817128 0.897729 0.797446 0.865433 0.913047 0.692614 0.786113 0.866095 0.888940 0.999581 0.969939 0.977268 0.484605 0.549700 0.577295 0.539478 0.987146 0.821072 0.846541 0.885934 0.695984 0.694271 0.710086 0.717271 0.953386 0.904157 0.752310 0.739433 0.901033 0.697046 0.917570 0.885295 0.893413 0.878975 0.859811 0.981794 0.649405 0.924435
0.825348 0.957173 0.939603 0.869371 0.582250 0.658372 0.501668 0.558700 0.520559 0.000000 0.875557 0.814779 0.652383 0.822156 0.793428 0.952309 0.901188 0.936760 0.583732 0.780011 0.889324 0.963061 0.886908 0.952105 0.832397 0.902352 0.880342 0.957237 0.616366 0.816939 0.780915 0.868248 0.831245 0.782788 0.925163 0.969026 0.783522 0.981955 0.752020 0.840639 0.908241 0.946512 0.987678 0.974246 0.829575 0.885242 0.985160 0.976640 0.864818 0.987242 0.853656 0.971623 0.915125 0.951048 0.886503 0.997442 0.978508 0.922039 0.784991 0.777961 0.448326 0.606425 0.615187 0.694214 0.903224 0.975227 0.971476 0.941074 0.920045 0.887554 0.777622 0.827084 0.944918 0.903079 0.879386 0.764524 0.830056 0.985696 0.919105 0.899396 0.951871 0.913944 0.884318 0.719806 0.854905 0.969870 0.806884 0.781492 0.948113 0.973790 0.470211 0.525056 0.550098 0.681032 0.971020 0.837363 0.801959 0.804631 0.566230 0.668334 0.595207 0.717412 0.785585 0.855455 0.951627 0.958149 0.954959 0.853060 0.918766 0.917535 0.927970 0.820401 0.861491 0.982216 0.830509 0.925204
0.709843 0.856592 0.742903 0.756829 0.933623 0.996846 0.965846 0.981988 0.847998 0.875557 0.000000 0.713272 0.780761 0.892916 0.891784 0.752180 0.819575 0.795357 0.866902 0.754707 0.867581 0.980668 0.684645 0.727180 0.703787 0.669998 0.586150 0.885687 0.725159 0.849263 0.724617 0.856788 0.820210 0.804637 0.726707 0.729110 0.954774 0.904520 0.995033 0.825691 0.825107 0.978374 0.801979 0.932196 0.914017 0.949810 0.942970 0.898744 0.866137 0.963950 0.924735 0.854392 0.721034 0.757675 0.938582 0.875506 0.931658 0.931510 0.791465 0.870738 0.836732 0.990022 0.567731 0.768541 0.688694 0.761161 0.700162 0.798181 0.744382 0.971803 0.867457 0.855579 0.860310 0.824360 0.857236 0.984420 0.791596 0.881855 0.989305 0.963911 0.785605 0.682426 0.844647 0.890231 0.939247 0.830251 0.883973 0.952464 0.876659 0.990015 0.990263 0.991218 0.939868 0.889186 0.947339 0.923031 0.852667 0.969382 0.928767 0.889221 0.802470 0.988167 0.877721 0.906397 0.844748 0.745059 0.828793 0.798031 0.905832 0.967123 0.943350 0.979150 0.953266 0.867051 0.882730 0.786410
0.306166 0.392138 0.986454 0.728729 0.982201 0.894693 0.972819 0.568677 0.963801 0.814779 0.713272 0.000000 0.542976 0.432684 0.708226 0.649483 0.611351 0.432991 0.525604 0.417110 0.883462 0.974370 0.721396 0.687221 0.896528 0.970114 0.970237 0.890993 0.632643 0.480630 0.806076 0.703833 0.703963 0.762299 0.930988 0.964909 0.949688 0.766632 0.985779 0.948088 0.865915 0.874449 0.770108 0.724804 0.870992 0.731424 0.810391 0.804592 0.716984 0.600544 0.559007 0.579567 0.734865 0.751558 0.788992 0.913755 0.458906 0.386086 0.650441 0.464898 0.765438 0.498449 0.635393 0.377233 0.880650 0.813605 0.912224 0.857499 0.454715 0.581977 0.707626 0.656164 0.796578 0.723651 0.919786 0.906087 0.908444 0.913086 0.753348 0.650789 0.482272 0.487567 0.762700 0.782952 0.549806 0.538831 0.939988 0.873315 0.657761 0.514566 0.800354 0.806157 0.843371 0.841786 0.919468 0.877334 0.840766 0.922633 0.666776 0.717370 0.959578 0.844736 0.759998 0.805325 0.789684 0.897270 0.864429 0.894196 0.973062 0.871709 0.911070 0.719545 0.853990 0.974846 0.921275 0.968051
0.585519 0.661034 0.878211 0.685170 0.691038 0.934947 0.834371 0.537781 0.644358 0.652383 0.780761 0.542976 0.000000 0.379537 0.477363 0.634283 0.894040 0.834077 0.538601 0.559850 0.912166 0.902168 0.653510 0.731349 0.930509 0.977204 0.945431 0.952500 0.691713 0.602718 0.709701 0.658628 0.754963 0.856039 0.964880 0.980882 0.887777 0.910324 0.879878 0.967313 0.951822 0.941967 0.884949 0.909592 0.882157 0.949274 0.972413 0.927054 0.964430 0.911996 0.806894 0.777508 0.839907 0.779144 0.957874 0.909341 0.794349 0.645673 0.888561 0.662322 0.591740 0.496922 0.745707 0.608592 0.874857 0.822797 0.985878 0.981138 0.706101 0.736076 0.545749 0.561706 0.673373 0.653486 0.973935 0.955817 0.912928 0.768339 0.992905 0.937292 0.914703 0.897727 0.844176 0.832952 0.768763 0.802071 0.804651 0.975422 0.811528 0.752481 0.618779 0.580514 0.706797 0.590467 0.973541 0.869114 0.669755 0.794067 0.657541 0.735876 0.770382 0.672068 0.917474 0.778082 0.901889 0.809798 0.934239 0.787073 0.971630 0.892378 0.955528 0.837270 0.835568 0.962667 0.824370 0.924453
0.526002 0.603537 0.799545 0.561836 0.796193 0.899905 0.915139 0.513627 0.709470 0.822156 0.892916 0.432684 0.379537 0.000000 0.444001 0.441742 0.809983 0.639762 0.524607 0.437763 0.744826 0.967753 0.494337 0.494212 0.777696 0.800060 0.896829 0.877866 0.782832 0.604396 0.639797 0.617056 0.696878 0.871046 0.851610 0.939175 0.925254 0.852025 0.928675 0.914802 0.934429 0.823386 0.830140 0.836291 0.891197 0.947624 0.937922 0.943363 0.956450 0.847935 0.703344 0.657893 0.728634 0.650745 0.943311 0.887156 0.723441 0.516111 0.973732 0.643231 0.751203 0.446764 0.820993 0.558620 0.731907 0.677146 0.836507 0.888601 0.741450 0.734167 0.499758 0.475191 0.593414 0.503496 0.891429 0.934053 0.854990 0.827804 0.860147 0.801150 0.824352 0.748755 0.745066 0.958556 0.612811 0.565563 0.952795 0.927560 0.732252 0.559126 0.657118 0.635012 0.699559 0.573608 0.819141 0.757428 0.793971 0.897794 0.696958 0.690174 0.823251 0.708784 0.947834 0.783238 0.729934 0.713574 0.940163 0.742961 0.984672 0.890645 0.935158 0.867467 0.826670 0.963401 0.770508 0.888199
0.815115 0.856764 0.640170 0.492949 0.685300 0.822421 0.753159 0.518177 0.602239 0.793428 0.891784 0.708226 0.477363 0.444001 0.000000 0.393137 0.947854 0.860085 0.651443 0.686292 0.710462 0.931108 0.376196 0.479264 0.719677 0.706661 0.830075 0.925680 0.830738 0.711501 0.572630 0.635377 0.624469 0.929002 0.687973 0.728648 0.858286 0.872968 0.907824 0.837972 0.985573 0.901666 0.785725 0.837990 0.963990 0.890813 0.977836 0.981137 0.821943 0.939308 0.810848 0.714755 0.640477 0.529519 0.974540 0.830743 0.976511 0.746752 0.923965 0.770496 0.665832 0.578625 0.974716 0.792554 0.600114 0.637161 0.669979 0.775056 0.915209 0.702290 0.440213 0.439953 0.576094 0.565178 0.712292 0.968653 0.685587 0.728517 0.899614 0.947855 0.949134 0.936500 0.666279 0.810227 0.667216 0.625679 0.927428 0.991623 0.826396 0.787500 0.532654 0.514778 0.550561 0.414885 0.832766 0.868859 0.879148 0.937852 0.632010 0.601969 0.820588 0.592444 0.941574 0.840459 0.704905 0.639398 0.873502 0.792777 0.820008 0.969167 0.916567 0.786042 0.895577 0.949655 0.690539 0.885710
0.726246 0.740404 0.621266 0.390862 0.760177 0.745478 0.837266 0.538822 0.621505 0.952309 0.752180 0.649483 0.634283 0.441742 0.393137 0.000000 0.894012 0.775293 0.618115 0.710790 0.714721 0.948838 0.253288 0.293387 0.551689 0.616679 0.632321 0.892779 0.965817 0.650979 0.530352 0.558198 0.586369 0.924865 0.611482 0.709661 0.873044 0.785987 0.979256 0.914034 0.867811 0.981631 0.650635 0.672994 0.881553 0.994271 0.906801 0.748011 0.914063 0.741265 0.599138 0.510424 0.447369 0.393132 0.878017 0.938565 0.805946 0.614373 0.966387 0.659349 0.752534 0.542749 0.943370 0.743097 0.452756 0.488376 0.499627 0.629917 0.830986 0.718682 0.418097 0.484067 0.547375 0.560171 0.766572 0.857735 0.663900 0.702321 0.870298 0.781327 0.937683 0.925992 0.551107 0.977008 0.483210 0.413904 0.960333 0.777995 0.717780 0.552311 0.586563 0.621883 0.559547 0.533228 0.747262 0.770671 0.908755 0.985273 0.661145 0.567890 0.955194 0.688677 0.896558 0.993058 0.562023 0.606105 0.832672 0.754788 0.904558 0.997963 0.838220 0.737142 0.833061 0.924675 0.575341 0.819303
0.543923 0.464566 0.821975 0.757670 0.894472 0.805785 0.775759 0.649474 0.942740 0.901188 0.819575 0.611351 0.894040 0.809983 0.947854 0.894012 0.000000 0.425728 0.667157 0.637078 0.955246 0.968225 0.857291 0.853682 0.770673 0.927379 0.937999 0.837185 0.468547 0.542409 0.761954 0.748937 0.805514 0.540309 0.833934 0.956321 0.894825 0.795114 0.864742 0.963495 0.967160 0.757172 0.660386 0.560106 0.692904 0.572276 0.507542 0.601713 0.720209 0.588962 0.646170 0.668159 0.758862 0.768264 0.624410 0.567615 0.506412 0.525355 0.558750 0.535726 0.748550 0.790857 0.573970 0.505609 0.842383 0.796407 0.732745 0.675476 0.652240 0.704392 0.863928 0.927738 0.942615 0.947172 0.897310 0.990341 0.706702 0.898192 0.673857 0.657689 0.461532 0.480036 0.808480 0.722019 0.704546 0.659342 0.888706 0.994965 0.956553 0.655111 0.863598 0.962928 0.883635 0.965434 0.941881 0.711529 0.799031 0.784126 0.785007 0.724575 0.892966 0.955823 0.848769 0.892599 0.794772 0.838610 0.929592 0.860483 0.961449 0.721373 0.921749 0.780560 0.759323 0.887459 0.945650 0.836501
0.427605 0.376554 0.812280 0.703577 0.819415 0.910674 0.881015 0.626269 0.894783 0.936760 0.795357 0.432991 0.834077 0.639762 0.860085 0.775293 0.425728 0.000000 0.643238 0.537295 0.842278 0.974454 0.790457 0.729034 0.747627 0.838502 0.949277 0.872841 0.585828 0.456344 0.705414 0.669375 0.713329 0.676669 0.860421 0.898821 0.885909 0.688389 0.827436 0.960468 0.899634 0.758241 0.580952 0.515184 0.755056 0.548945 0.581060 0.559511 0.678232 0.521196 0.507912 0.513567 0.689025 0.653212 0.675660 0.723133 0.409201 0.375141 0.601252 0.479936 0.856382 0.691951 0.674103 0.448199 0.790943 0.739407 0.732746 0.710661 0.551041 0.536758 0.791385 0.791658 0.853691 0.787828 0.884202 0.876125 0.779960 0.891186 0.566966 0.516883 0.376415 0.461364 0.778968 0.684769 0.708045 0.555147 0.924022 0.974946 0.865448 0.556674 0.904768 0.959582 0.867762 0.979288 0.810541 0.745784 0.833300 0.837026 0.759711 0.640810 0.928026 0.970664 0.761789 0.870508 0.708081 0.817100 0.840056 0.867295 0.930938 0.776153 0.828411 0.861764 0.835098 0.848459 0.905356 0.869313
0.569350 0.607293 0.724936 0.570306 0.692498 0.692928 0.550120 0.383229 0.603533 0.583732 0.866902 0.525604 0.538601 0.524607 0.651443 0.618115 0.667157 0.643238 0.000000 0.515992 0.956669 0.944489 0.609398 0.658590 0.789228 0.806527 0.993463 0.930084 0.611886 0.569384 0.613622 0.652734 0.710877 0.662267 0.802901 0.862473 0.885497 0.835759 0.977760 0.968511 0.913463 0.839043 0.717906 0.656250 0.849648 0.853341 0.717343 0.783965 0.965817 0.797340 0.607577 0.662227 0.694454 0.680573 0.707861 0.920251 0.640100 0.558782 0.688456 0.546399 0.493537 0.422058 0.636458 0.494176 0.729121 0.628110 0.688606 0.786845 0.695893 0.737232 0.649124 0.676923 0.690224 0.622438 0.999788 0.993896 0.747664 0.830515 0.878245 0.816642 0.689811 0.636935 0.782333 0.998608 0.544924 0.558749 0.924967 0.950514 0.897704 0.617191 0.536551 0.633058 0.625549 0.713194 0.837718 0.773645 0.678205 0.758476 0.522233 0.606294 0.622497 0.719850 0.775687 0.815415 0.614707 0.776278 0.878528 0.811877 0.937865 0.756408 0.773026 0.745486 0.796593 0.919561 0.721678 0.944521
0.488318 0.527955 0.887487 0.755536 0.849315 0.845598 0.843033 0.550335 0.890925 0.780011 0.754707 0.417110 0.559850 0.437763 0.686292 0.710790 0.637078 0.537295 0.515992 0.000000 0.904034 0.906043 0.756701 0.693285 0.877324 0.913946 0.950489 0.917216 0.607244 0.565063 0.775967 0.720509 0.742456 0.775279 0.905654 0.908128 0.849672 0.852120 0.995471 0.906791 0.946279 0.826752 0.878430 0.803460 0.966680 0.856933 0.806462 0.862438 0.855521 0.803449 0.712743 0.737580 0.865440 0.811836 0.896613 0.887282 0.615320 0.489369 0.718943 0.560901 0.716416 0.523590 0.603539 0.411111 0.917884 0.789123 0.873578 0.825817 0.566987 0.684980 0.738664 0.718172 0.785477 0.716765 0.971850 0.934144 0.820222 0.950999 0.742800 0.675847 0.589053 0.503465 0.773969 0.902698 0.629685 0.656314 0.903574 0.933625 0.770236 0.644908 0.746734 0.768695 0.797035 0.820868 0.833800 0.798073 0.720993 0.869673 0.666982 0.743796 0.856627 0.858300 0.825202 0.738133 0.739524 0.758508 0.989158 0.853963 0.871084 0.876064 0.987511 0.824948 0.814658 0.887473 0.959248 0.904694
0.997236 0.858505 0.690004 0.652093 0.959678 0.879173 0.923213 0.781191 0.873639 0.889324 0.867581 0.883462 0.912166 0.744826 0.710462 0.714721 0.955246 0.842278 0.956669 0.904034 0.000000 0.988232 0.715501 0.746429 0.649319 0.576068 0.941541 0.934206 0.963726 0.884898 0.649999 0.797312 0.799019 0.999073 0.769482 0.913357 0.903414 0.937447 0.999946 0.890836 0.967449 0.939887 0.784310 0.864011 0.790716 0.817787 0.973176 0.910512 0.735986 0.976851 0.951492 0.893683 0.893397 0.763871 0.952035 0.901220 0.917142 0.899439 0.949440 0.986484 0.983842 0.842066 0.868037 0.957881 0.635841 0.649859 0.735384 0.786527 0.966842 0.976539 0.780525 0.809957 0.690722 0.649884 0.832376 0.849311 0.785893 0.824648 0.779988 0.834204 0.940928 0.951258 0.888124 0.908380 0.965596 0.774678 0.953792 0.910862 0.946957 0.941638 0.967470 0.985162 0.914664 0.773995 0.768957 0.797565 0.977534 0.928381 0.968564 0.868652 0.978791 0.937404 0.878584 0.891308 0.738644 0.785123 0.912936 0.865420 0.835308 0.950110 0.977395 0.891893 0.888792 0.926835 0.865680 0.918974
0.981063 0.936253 0.875337 0.964476 0.931746 0.997096 0.877687 0.941135 0.950728 0.963061 0.980668 0.974370 0.902168 0.967753 0.931108 0.948838 0.968225 0.974454 0.944489 0.906043 0.988232 0.000000 0.981751 0.951116 0.862686 0.942695 0.886665 0.997956 0.920952 0.936961 0.925366 0.887625 0.962935 0.809973 0.935162 0.980103 0.973474 0.999358 0.965610 0.881792 0.907823 0.804630 0.942008 0.949877 0.945720 0.967868 0.933495 0.939425 0.998411 0.953123 0.964307 0.904057 0.912347 0.944053 0.856461 0.999531 0.983603 0.962093 0.924399 0.970716 0.843274 0.991920 0.976182 0.955354 0.910396 0.965862 0.938896 0.982623 0.995318 0.910720 0.928991 0.872414 0.968071 0.946683 0.974786 0.969968 0.835163 0.954816 0.943030 0.876412 0.910023 0.968534 0.991549 0.951488 0.916371 0.988553 0.952768 0.875451 0.882126 0.939835 0.995772 0.980318 0.998205 0.973908 0.987644 0.903705 0.932416 0.953567 0.995136 0.986468 0.941625 0.907045 0.995502 0.979979 0.934674 0.980282 0.755975 0.995726 0.948605 0.819389 0.817612 0.956919 0.945348 0.843555 0.759007 0.987941
0.772391 0.746895 0.547121 0.340093 0.713340 0.686409 0.732572 0.468851 0.580510 0.886908 0.684645 0.721396 0.653510 0.494337 0.376196 0.253288 0.857291 0.790457 0.609398 0.756701 0.715501 0.981751 0.000000 0.296596 0.500442 0.558008 0.608066 0.865500 0.926542 0.642677 0.447471 0.523912 0.520931 0.916807 0.586828 0.687617 0.852770 0.761079 0.995315 0.895847 0.975562 0.936380 0.602700 0.643146 0.851308 0.969628 0.854062 0.739896 0.888268 0.736556 0.583942 0.510516 0.422918 0.364304 0.863126 0.950884 0.786328 0.616368 0.952321 0.656793 0.704316 0.534720 0.945757 0.755699 0.417737 0.443263 0.434298 0.552608 0.920285 0.706293 0.375369 0.501245 0.543127 0.569922 0.789807 0.886295 0.606061 0.671837 0.871214 0.768010 0.958092 0.970478 0.537898 0.926315 0.482572 0.405429 0.976191 0.799188 0.816850 0.568400 0.565173 0.596632 0.529988 0.518303 0.775845 0.749354 0.862999 0.906443 0.660319 0.548373 0.869402 0.687984 0.904351 0.975119 0.516409 0.555840 0.867824 0.697133 0.928657 0.971706 0.799458 0.759807 0.874088 0.916296 0.620026 0.808887
0.736568 0.698839 0.582146 0.394575 0.830813 0.706034 0.865960 0.564454 0.709007 0.952105 0.727180 0.687221 0.731349 0.494212 0.479264 0.293387 0.853682 0.729034 0.658590 0.693285 0.746429 0.951116 0.296596 0.000000 0.501828 0.548339 0.609554 0.884357 0.993269 0.700080 0.542943 0.621387 0.550166 0.949811 0.605019 0.703765 0.791277 0.747678 0.885116 0.894431 0.902568 0.945545 0.636910 0.686054 0.890331 0.989152 0.817989 0.729100 0.876892 0.717119 0.577403 0.503260 0.469507 0.371751 0.853723 0.966228 0.756828 0.604340 0.964374 0.704623 0.851648 0.642707 0.915199 0.767967 0.454416 0.457589 0.447288 0.568246 0.889891 0.722337 0.502548 0.510486 0.623306 0.526420 0.743403 0.777876 0.658363 0.705237 0.811947 0.728848 0.878823 0.877861 0.572005 0.985148 0.522802 0.353965 0.875475 0.754491 0.786216 0.588461 0.658841 0.749334 0.606234 0.649911 0.760945 0.769302 0.894422 0.956084 0.694755 0.627774 0.930261 0.756159 0.909511 0.889390 0.543194 0.557995 0.930992 0.810228 0.954670 0.995224 0.896572 0.720097 0.866317 0.862648 0.683771 0.784729
0.941191 0.745350 0.350016 0.360056 0.927366 0.920824 0.730691 0.588910 0.770453 0.832397 0.703787 0.896528 0.930509 0.777696 0.719677 0.551689 0.770673 0.747627 0.789228 0.877324 0.649319 0.862686 0.500442 0.501828 0.000000 0.343794 0.733706 0.900042 0.956817 0.765766 0.458938 0.591442 0.635982 0.785395 0.621344 0.810552 0.697048 0.794556 0.729898 0.979605 0.968153 0.905994 0.460865 0.484214 0.945255 0.931940 0.662426 0.620906 0.711474 0.926074 0.770720 0.730970 0.651513 0.546540 0.904018 0.938048 0.720498 0.701259 0.944676 0.809567 0.871796 0.749324 0.800732 0.969403 0.315149 0.339729 0.472783 0.432909 0.897158 0.922281 0.612155 0.698135 0.622135 0.619956 0.830487 0.776214 0.684950 0.655257 0.740263 0.760921 0.957356 0.930525 0.664608 0.896875 0.751841 0.526221 0.906706 0.921538 0.843166 0.788974 0.937132 0.952595 0.898540 0.883185 0.917333 0.726111 0.877406 0.946260 0.978730 0.797043 0.950185 0.989310 0.937799 0.856997 0.590004 0.598488 0.673285 0.757457 0.938860 0.807214 0.882360 0.965087 0.893752 0.960729 0.630997 0.711758
0.937637 0.929407 0.354153 0.439300 0.989993 0.946018 0.666748 0.643972 0.748609 0.902352 0.669998 0.970114 0.977204 0.800060 0.706661 0.616679 0.927379 0.838502 0.806527 0.913946 0.576068 0.942695 0.558008 0.548339 0.343794 0.000000 0.852087 0.959235 0.935117 0.863854 0.520721 0.648932 0.642084 0.826265 0.577138 0.832975 0.774725 0.855481 0.721549 0.994720 0.924213 0.944874 0.534012 0.619886 0.863256 0.843014 0.683931 0.730138 0.621227 0.964771 0.830894 0.823229 0.759177 0.602767 0.865385 0.996109 0.887384 0.876898 0.989243 0.903515 0.834993 0.821838 0.854196 0.960110 0.368605 0.364030 0.453051 0.485593 0.946437 0.986041 0.701717 0.734235 0.632450 0.583759 0.776859 0.775988 0.667369 0.696253 0.746535 0.905755 0.957685 0.964099 0.763756 0.965538 0.842369 0.594769 0.887462 0.932394 0.835465 0.957760 0.870054 0.946750 0.821006 0.868369 0.840945 0.696727 0.839804 0.993766 0.977758 0.847504 0.927781 0.924034 0.890819 0.955680 0.549824 0.535649 0.742695 0.797352 0.998613 0.812918 0.914711 0.910343 0.859400 0.852077 0.696043 0.744737
0.924963 0.948957 0.822435 0.687180 0.839286 0.936597 0.977439 0.903031 0.802229 0.880342 0.586150 0.970237 0.945431 0.896829 0.830075 0.632321 0.937999 0.949277 0.993463 0.950489 0.941541 0.886665 0.608066 0.609554 0.733706 0.852087 0.000000 0.960089 0.851237 0.943919 0.766531 0.782977 0.780589 0.904522 0.815298 0.807472 0.752266 0.780561 0.902089 0.874120 0.898801 0.924753 0.784208 0.865749 0.883076 0.967123 0.931225 0.944651 0.918238 0.854409 0.774954 0.713882 0.604797 0.683618 0.994239 0.946251 0.934845 0.877050 0.973592 0.943318 0.955787 0.855454 0.752556 0.949957 0.734264 0.741513 0.730241 0.826530 0.990828 0.841049 0.680962 0.878594 0.855175 0.892478 0.807315 0.866243 0.806549 0.872399 0.931489 0.835760 0.880036 0.824625 0.755587 0.988683 0.790893 0.780684 0.829148 0.793567 0.982811 0.831586 0.919313 0.863998 0.878709 0.783589 0.977514 0.903942 0.966460 0.871018 0.987298 0.863946 0.817680 0.878671 0.997210 0.988368 0.776975 0.723967 0.924200 0.914325 0.894464 0.904469 0.865766 0.847166 0.994938 0.967296 0.973986 0.933718
0.885187 0.903847 0.934875 0.876408 0.849893 0.795355 0.896891 0.867165 0.994112 0.957237 0.885687 0.890993 0.952500 0.877866 0.925680 0.892779 0.837185 0.872841 0.930084 0.917216 0.934206 0.997956 0.865500 0.884357 0.900042 0.959235 0.960089 0.000000 0.844444 0.852590 0.929886 0.956064 0.912719 0.931985 0.778481 0.913543 0.934047 0.975446 0.860152 0.947950 0.978141 0.985337 0.955734 0.908253 0.945474 0.971720 0.978073 0.880772 0.969776 0.908699 0.878551 0.884083 0.902534 0.851470 0.920286 0.983625 0.864007 0.800317 0.983853 0.884426 0.826199 0.935439 0.883396 0.871976 0.875598 0.943010 0.903318 0.820229 0.908900 0.990693 0.835946 0.992287 0.861676 0.948719 0.932791 0.803624 0.912385 0.913003 0.901520 0.787270 0.934377 0.850399 0.939074 0.892081 0.832796 0.879660 0.955210 0.987907 0.956643 0.934331 0.909549 0.914285 0.851747 0.870679 0.924155 0.891153 0.991775 0.974538 0.945624 0.933405 0.972569 0.846406 0.966152 0.915492 0.985468 0.802475 0.940195 0.862095 0.941736 0.854219 0.811350 0.977575 0.881883 0.901234 0.966891 0.921914
0.593579 0.607160 0.864929 0.914348 0.918191 0.833171 0.625438 0.622026 0.902386 0.616366 0.725159 0.632643 0.691713 0.782832 0.830738 0.965817 0.468547 0.585828 0.611886 0.607244 0.963726 0.920952 0.926542 0.993269 0.956817 0.935117 0.851237 0.844444 0.000000 0.460300 0.793113 0.797884 0.886474 0.594078 0.899798 0.982950 0.928575 0.918403 0.936353 0.918948 0.983360 0.868878 0.870756 0.797565 0.829146 0.675805 0.686487 0.874989 0.735493 0.711808 0.775184 0.830394 0.929290 0.960783 0.798447 0.716908 0.613514 0.611992 0.549731 0.601443 0.533927 0.758436 0.405091 0.460054 0.985823 0.975687 0.867447 0.865937 0.655639 0.636891 0.815266 0.890982 0.930845 0.971789 0.885498 0.898808 0.734447 0.926452 0.742078 0.822054 0.538778 0.562830 0.930368 0.988096 0.735801 0.865200 0.926600 0.959273 0.918707 0.799857 0.785744 0.824570 0.834547 0.908320 0.935489 0.857917 0.712188 0.802519 0.719302 0.699614 0.764236 0.758932 0.769348 0.773302 0.879833 0.990134 0.958615 0.948244 0.991390 0.791154 0.918455 0.800566 0.727580 0.834517 0.997994 0.994943
0.510384 0.463040 0.758012 0.660368 0.939349 0.917777 0.812163 0.585764 0.915815 0.816939 0.849263 0.480630 0.602718 0.604396 0.711501 0.650979 0.542409 0.456344 0.569384 0.565063 0.884898 0.936961 0.642677 0.700080 0.765766 0.863854 0.943919 0.852590 0.460300 0.000000 0.676318 0.598288 0.653952 0.685013 0.806437 0.903053 0.782496 0.792400 0.857194 0.890324 0.931435 0.979096 0.703812 0.636009 0.803661 0.696973 0.620305 0.729272 0.796939 0.603488 0.605513 0.589090 0.739993 0.709879 0.646795 0.820850 0.446027 0.421365 0.543554 0.468236 0.629271 0.623450 0.616427 0.433500 0.753940 0.707503 0.672230 0.668250 0.485409 0.467838 0.609317 0.787497 0.828542 0.745895 0.929079 0.936137 0.720778 0.858470 0.752913 0.686180 0.536953 0.612707 0.696509 0.868603 0.595410 0.601636 0.916787 0.847604 0.821595 0.584446 0.844211 0.890830 0.837496 0.885332 0.947583 0.802843 0.684876 0.803276 0.717060 0.639910 0.900527 0.858701 0.743972 0.885337 0.722965 0.805021 0.925474 0.831359 0.974521 0.847284 0.754397 0.763956 0.820595 0.840116 0.837573 0.969341
0.836915 0.689627 0.417740 0.368813 0.874314 0.820773 0.584001 0.432941 0.601160 0.780915 0.724617 0.806076 0.709701 0.639797 0.572630 0.530352 0.761954 0.705414 0.613622 0.775967 0.649999 0.925366 0.447471 0.542943 0.458938 0.520721 0.766531 0.929886 0.793113 0.676318 0.000000 0.448812 0.569054 0.699171 0.630057 0.754614 0.871926 0.819997 0.930147 0.851522 0.994955 0.863707 0.534693 0.578581 0.966299 0.981835 0.801654 0.751704 0.829243 0.832026 0.696825 0.647524 0.604438 0.512368 0.851872 0.953786 0.687893 0.657907 0.892276 0.718551 0.683030 0.609605 0.971378 0.783777 0.493504 0.506679 0.488659 0.554589 0.910838 0.769527 0.508921 0.476950 0.538118 0.569894 0.893267 0.937276 0.540517 0.660622 0.738384 0.748658 0.901418 0.976609 0.827269 0.803701 0.758684 0.620282 0.856970 0.834847 0.888224 0.739393 0.622892 0.699551 0.589346 0.550789 0.943640 0.663173 0.824126 0.847895 0.714123 0.475236 0.837080 0.670629 0.836989 0.955652 0.602675 0.597695 0.709783 0.623715 0.906354 0.763077 0.841760 0.892060 0.779064 0.935142 0.627011 0.788547
0.702297 0.648904 0.550470 0.456590 0.874279 0.992458 0.678452 0.508145 0.800141 0.868248 0.856788 0.703833 0.658628 0.617056 0.635377 0.558198 0.748937 0.669375 0.652734 0.720509 0.797312 0.887625 0.523912 0.621387 0.591442 0.648932 0.782977 0.956064 0.797884 0.598288 0.448812 0.000000 0.540559 0.776307 0.758871 0.849682 0.885330 0.751323 0.918017 0.993682 0.990302 0.879844 0.494279 0.539641 0.985723 0.905091 0.690342 0.665834 0.950467 0.749559 0.633935 0.613000 0.619297 0.603374 0.966218 0.989257 0.660085 0.638007 0.773074 0.581980 0.630752 0.580189 0.863517 0.679511 0.489611 0.505917 0.576950 0.593407 0.783208 0.803248 0.572251 0.662219 0.631412 0.685467 0.945278 0.793500 0.751523 0.742038 0.775570 0.705214 0.833760 0.827302 0.666061 0.999401 0.646243 0.559400 0.940542 0.965356 0.882151 0.634657 0.772727 0.855820 0.755918 0.783807 0.925885 0.807275 0.885640 0.771921 0.811056 0.672783 0.935542 0.769770 0.858325 0.913808 0.547829 0.629562 0.744528 0.742135 0.926034 0.789304 0.815667 0.967493 0.789623 0.981344 0.738946 0.900841
0.748200 0.721336 0.648162 0.482882 0.842676 0.836503 0.743005 0.519712 0.809246 0.831245 0.820210 0.703963 0.754963 0.696878 0.624469 0.586369 0.805514 0.713329 0.710877 0.742456 0.799019 0.962935 0.520931 0.550166 0.635982 0.642084 0.780589 0.912719 0.886474 0.653952 0.569054 0.540559 0.000000 0.811214 0.637507 0.735889 0.978013 0.704184 0.939231 0.744651 0.839878 0.974895 0.649521 0.673154 0.861881 0.914173 0.780129 0.717114 0.968633 0.788856 0.643627 0.657880 0.687648 0.586933 0.892991 0.889581 0.702622 0.671125 0.751748 0.615707 0.721236 0.581593 0.895288 0.680808 0.606973 0.546865 0.534406 0.571637 0.736358 0.685680 0.624003 0.668389 0.670636 0.663636 0.907948 0.753177 0.701056 0.773686 0.835299 0.656612 0.813604 0.827913 0.721730 0.965856 0.629372 0.504764 0.974211 0.937164 0.942392 0.744431 0.701449 0.858402 0.677358 0.747988 0.866037 0.748045 0.758494 0.875000 0.635389 0.652559 0.883485 0.833355 0.969449 0.967121 0.592307 0.649071 0.828982 0.797191 0.915867 0.954940 0.837657 0.758720 0.923847 0.928013 0.802513 0.903393
0.712240 0.666302 0.702402 0.751738 0.935179 0.841563 0.645610 0.648798 0.917399 0.782788 0.804637 0.762299 0.856039 0.871046 0.929002 0.924865 0.540309 0.676669 0.662267 0.775279 0.999073 0.809973 0.916807 0.949811 0.785395 0.826265 0.904522 0.931985 0.594078 0.685013 0.699171 0.776307 0.811214 0.000000 0.811604 0.999270 0.977059 0.885543 0.809857 0.888768 0.894709 0.860722 0.757100 0.638712 0.800351 0.757083 0.600774 0.908578 0.870212 0.800738 0.807851 0.844638 0.884653 0.894420 0.715805 0.663236 0.693225 0.791779 0.620447 0.650030 0.643025 0.806256 0.636080 0.668624 0.853928 0.828376 0.696010 0.658737 0.706598 0.821917 0.852314 0.803250 0.866240 0.912797 0.962579 0.936632 0.737067 0.833115 0.808665 0.947504 0.697034 0.698142 0.894392 0.943383 0.843268 0.781581 0.914328 0.910054 0.916471 0.871835 0.748780 0.895392 0.827476 0.916039 0.889240 0.755995 0.846221 0.980218 0.747341 0.684337 0.822615 0.718192 0.750815 0.989274 0.852009 0.891182 0.736220 0.930281 0.907434 0.806326 0.981641 0.873952 0.713283 0.979307 0.851914 0.886890
0.994785 0.896801 0.569409 0.588108 0.882506 0.801149 0.684891 0.688680 0.812374 0.925163 0.726707 0.930988 0.964880 0.851610 0.687973 0.611482 0.833934 0.860421 0.802901 0.905654 0.769482 0.935162 0.586828 0.605019 0.621344 0.577138 0.815298 0.778481 0.899798 0.806437 0.630057 0.758871 0.637507 0.811604 0.000000 0.826474 0.931891 0.899728 0.714032 0.884849 0.958182 0.965534 0.718292 0.773215 0.883542 0.955623 0.768076 0.696843 0.861561 0.855602 0.778865 0.820078 0.717131 0.635622 0.778956 0.941547 0.924764 0.877424 0.897841 0.839448 0.766817 0.814786 0.933087 0.933774 0.545745 0.575703 0.501505 0.596546 0.924240 0.871026 0.824509 0.733163 0.765743 0.740738 0.685968 0.906741 0.656872 0.886016 0.733835 0.932869 0.943092 0.934299 0.706892 0.996768 0.732020 0.587679 0.903106 0.940839 0.942916 0.892641 0.767268 0.893890 0.708067 0.795736 0.896151 0.737220 0.944795 0.910303 0.832707 0.798304 0.906165 0.775487 0.980176 0.969932 0.723483 0.793785 0.742869 0.984333 0.948768 0.845105 0.931673 0.825121 0.814600 0.902112 0.792312 0.828461
0.916565 0.855351 0.778394 0.706491 0.976955 0.924866 0.866863 0.774521 0.922116 0.969026 0.729110 0.964909 0.980882 0.939175 0.728648 0.709661 0.956321 0.898821 0.862473 0.908128 0.913357 0.980103 0.687617 0.703765 0.810552 0.832975 0.807472 0.913543 0.982950 0.903053 0.754614 0.849682 0.735889 0.999270 0.826474 0.000000 0.902503 0.769309 0.994018 0.927750 0.956842 0.978954 0.734823 0.723135 0.735291 0.838593 0.880927 0.775821 0.945953 0.767821 0.739968 0.716421 0.688385 0.677392 0.821289 0.930555 0.857745 0.808694 0.896886 0.775332 0.933410 0.838278 0.935075 0.881963 0.762024 0.744689 0.664658 0.684224 0.989688 0.796629 0.656945 0.779558 0.885395 0.901551 0.923343 0.963763 0.775236 0.896660 0.854050 0.865530 0.938504 0.962121 0.814283 0.958981 0.750092 0.741258 0.768675 0.997836 0.881906 0.844996 0.807077 0.861370 0.768547 0.803581 0.726311 0.952631 0.984125 0.867039 0.745479 0.718611 0.964012 0.978905 0.841561 0.958722 0.809542 0.736643 0.902916 0.802367 0.860913 0.978661 0.835875 0.928256 0.935237 0.813584 0.954276 0.795298
0.981063 0.793356 0.788328 0.744111 0.891343 0.914229 0.998145 0.883331 0.948143 0.783522 0.954774 0.949688 0.887777 0.925254 0.858286 0.873044 0.894825 0.885909 0.885497 0.849672 0.903414 0.973474 0.852770 0.791277 0.697048 0.774725 0.752266 0.934047 0.928575 0.782496 0.871926 0.885330 0.978013 0.977059 0.931891 0.902503 0.000000 0.755889 0.893388 0.920664 0.916778 0.987039 0.718369 0.785577 0.883730 0.938675 0.806782 0.863619 0.818497 0.940112 0.883166 0.827804 0.853667 0.823150 0.991286 0.957349 0.803637 0.800620 0.956970 0.862500 0.947454 0.955743 0.851638 0.995717 0.741058 0.686525 0.896561 0.853047 0.896608 0.804373 0.826867 0.902418 0.910255 0.915177 0.882121 0.870890 0.939549 0.864601 0.782014 0.832449 0.948907 0.967371 0.825275 0.863442 0.946563 0.839048 0.780455 0.910967 0.955636 0.896379 0.873721 0.908674 0.867497 0.929541 0.999813 0.939036 0.892296 0.915179 0.826917 0.954469 0.921021 0.865844 0.829691 0.954853 0.838159 0.725413 0.959593 0.864187 0.956707 0.916851 0.944650 0.953219 0.939254 0.997545 0.968003 0.918140
0.773922 0.685521 0.852838 0.723277 0.931426 0.914520 0.996459 0.785217 0.974850 0.981955 0.904520 0.766632 0.910324 0.852025 0.872968 0.785987 0.795114 0.688389 0.835759 0.852120 0.937447 0.999358 0.761079 0.747678 0.794556 0.855481 0.780561 0.975446 0.918403 0.792400 0.819997 0.751323 0.704184 0.885543 0.899728 0.769309 0.755889 0.000000 0.947651 0.986448 0.937481 0.907988 0.626999 0.642190 0.794828 0.703775 0.777629 0.757260 0.810109 0.720432 0.580107 0.593322 0.639335 0.683273 0.863163 0.828339 0.660939 0.678417 0.873893 0.694139 0.985971 0.765294 0.964576 0.821478 0.783558 0.781579 0.823608 0.819965 0.758183 0.657970 0.710759 0.780201 0.853867 0.866996 0.926205 0.780972 0.904086 0.722505 0.910255 0.749954 0.764569 0.931933 0.891139 0.873149 0.871986 0.693244 0.873678 0.966979 0.848598 0.762987 0.871846 0.914666 0.905407 0.928690 0.881049 0.835890 0.795172 0.928488 0.852244 0.832576 0.866337 0.889150 0.817308 0.917105 0.833076 0.935912 0.796475 0.846830 0.795219 0.927724 0.926474 0.913737 0.978304 0.963236 0.937001 0.996291
