0.000000 0.242314 0.678741 0.389451 0.764242 0.723962 0.767498 0.632317 0.902335 0.820627 0.341489 0.328441 0.311244 0.364600 0.508951 0.437085 0.309375 0.351425 0.421282 0.383109 0.692022 0.898621 0.733996 0.630700 0.702597 0.838538 0.783631 0.923531 0.442783 0.502428 0.953726 0.939163 0.490697 0.562600 0.962623 0.656926 0.553567 0.613905 0.582744 0.633412 0.751706 0.726598 0.736737 0.676692 0.764881 0.646047 0.371347 0.409731 0.402118 0.393167 0.626276 0.559537 0.903403 0.822323 0.488594 0.465863 0.280647 0.207240 0.293574 0.297321 0.339514 0.410389 0.295773 0.306355 0.530335 0.287110 0.878193 0.856026 0.404785 0.370176 0.823849 0.865833 0.832543 0.725602 0.722669 0.786668 0.655300 0.729898 0.393598 0.520828 0.270169 0.302219 0.534416 0.374813 0.466045 0.442476 0.954035 0.985981 0.513451 0.428225 0.970403 0.999739 0.866539 0.986725 0.783856 0.783155 0.795283 0.895395 0.667135 0.755065 0.998369 0.978723 0.822248 0.824215 0.573227 0.590451 0.883079 0.957073 0.905954 0.891876 0.975795 0.596297 0.795903 0.963847 0.756263 0.949521
0.242314 0.000000 0.667427 0.349530 0.848502 0.657455 0.621473 0.537858 0.789645 0.745375 0.326948 0.327591 0.405045 0.337801 0.586105 0.398969 0.259840 0.285182 0.383304 0.298232 0.626648 0.928786 0.705420 0.554467 0.751820 0.799691 0.860160 0.910953 0.335374 0.375223 0.752118 0.679836 0.397644 0.426232 0.976968 0.700490 0.551707 0.626285 0.645805 0.642865 0.779721 0.646685 0.535607 0.498103 0.595364 0.507913 0.399131 0.385994 0.365351 0.351383 0.460413 0.427722 0.709998 0.987412 0.585192 0.436584 0.232017 0.211490 0.356869 0.356883 0.325290 0.402233 0.276249 0.268941 0.622397 0.348906 0.755019 0.685185 0.501391 0.421849 0.666788 0.695631 0.670267 0.567175 0.750250 0.811474 0.589347 0.620197 0.389330 0.461818 0.290176 0.389895 0.466211 0.438998 0.570200 0.471537 0.945555 0.951596 0.626495 0.454143 0.891707 0.937764 0.806700 0.968324 0.760007 0.780409 0.817045 0.898805 0.575698 0.630243 0.914944 0.978566 0.721146 0.789585 0.539604 0.549783 0.905076 0.930466 0.844574 0.920936 0.911207 0.562712 0.717194 0.851174 0.734304 0.918030
0.678741 0.667427 0.000000 0.476070 0.532684 0.767465 0.506782 0.680309 0.640119 0.714190 0.792288 0.810556 0.606266 0.793544 0.614357 0.598839 0.736763 0.663670 0.472512 0.606912 0.570944 0.853843 0.459701 0.637378 0.542822 0.529082 0.994313 0.974394 0.608030 0.666061 0.637461 0.715425 0.475503 0.547192 0.697265 0.885643 0.565733 0.889100 0.656616 0.775348 0.771054 0.804786 0.604001 0.665082 0.623229 0.655903 0.670967 0.679458 0.680850 0.726972 0.764319 0.776743 0.751092 0.969257 0.700150 0.822831 0.707782 0.665794 0.710024 0.689240 0.472116 0.770557 0.715280 0.709655 0.476822 0.625945 0.550497 0.639588 0.841092 0.610107 0.699370 0.766644 0.734108 0.700927 0.984295 0.794893 0.651693 0.675672 0.787890 0.684841 0.748628 0.735904 0.823474 0.854958 0.706197 0.803064 0.998889 0.873317 0.848305 0.715811 0.717032 0.726457 0.715202 0.761883 0.862116 0.627859 0.883279 0.787656 0.648530 0.562657 0.858923 0.760694 0.833451 0.850035 0.732080 0.634302 0.845007 0.759932 0.951193 0.963669 0.784859 0.669639 0.516265 0.777054 0.833457 0.930233
0.389451 0.349530 0.476070 0.000000 0.733372 0.520871 0.399223 0.307136 0.593046 0.524641 0.468896 0.342145 0.460277 0.345507 0.646700 0.405710 0.416104 0.384138 0.339227 0.303395 0.604438 0.928586 0.558682 0.484736 0.786249 0.683075 0.942641 0.993154 0.385945 0.380963 0.598793 0.650400 0.366921 0.354969 0.764228 0.780102 0.627190 0.717172 0.699252 0.799809 0.767895 0.822481 0.485501 0.531261 0.488337 0.491793 0.466077 0.454148 0.508427 0.466700 0.499054 0.494368 0.602624 0.803685 0.600075 0.602078 0.462008 0.410799 0.511648 0.466786 0.277007 0.338077 0.327489 0.292231 0.686227 0.297878 0.522064 0.562124 0.682308 0.464950 0.603650 0.665329 0.667497 0.612736 0.756460 0.594848 0.536793 0.581109 0.514135 0.540930 0.519277 0.518643 0.693382 0.717230 0.760277 0.689728 0.872856 0.879885 0.774446 0.564466 0.585183 0.751918 0.573880 0.805320 0.663192 0.574111 0.666924 0.780913 0.427950 0.457764 0.625248 0.703418 0.644269 0.693688 0.504285 0.549790 0.949570 0.856683 0.747906 0.863017 0.767974 0.530476 0.562423 0.748877 0.593595 0.863311
0.764242 0.848502 0.532684 0.733372 0.000000 0.828667 0.844548 0.880913 0.928329 0.940351 0.939922 0.892490 0.567465 0.842602 0.548487 0.614325 0.918108 0.878973 0.780413 0.927301 0.783066 0.960667 0.529318 0.631135 0.639489 0.807563 0.659264 0.875075 0.883499 0.854947 0.978007 0.946357 0.751557 0.951458 0.853737 0.802246 0.871558 0.952002 0.942808 0.689076 0.815894 0.902963 0.879206 0.916221 0.929520 0.866836 0.744999 0.786249 0.640660 0.806287 0.946077 0.903176 0.911237 0.806371 0.680846 0.837977 0.933279 0.776899 0.800213 0.746025 0.662025 0.825833 0.836625 0.826823 0.474348 0.660926 0.970703 0.968609 0.778064 0.667764 0.883476 0.802172 0.816759 0.972760 0.906376 0.988197 0.870244 0.919274 0.951937 0.747630 0.815885 0.726735 0.809352 0.751436 0.526216 0.674123 0.633684 0.906813 0.619826 0.674780 0.957305 0.922416 0.941313 0.980604 0.898987 0.973638 0.989089 0.973420 0.989045 0.893670 0.782741 0.993305 0.916094 0.911969 0.998015 0.881385 0.797920 0.942164 0.973267 0.898052 0.860598 0.969791 0.714838 0.966357 0.937226 0.959418
0.723962 0.657455 0.767465 0.520871 0.828667 0.000000 0.594702 0.525660 0.705989 0.667671 0.732401 0.595002 0.795231 0.586148 0.883710 0.587582 0.709340 0.664815 0.677868 0.611307 0.751010 0.927827 0.797882 0.729691 0.964641 0.922688 0.856713 0.999255 0.684926 0.636881 0.645052 0.708750 0.570850 0.652169 0.801483 0.693039 0.850035 0.909039 0.959263 0.941694 0.738938 0.965600 0.656182 0.665113 0.716544 0.711386 0.811209 0.720591 0.778244 0.666224 0.624939 0.628897 0.628721 0.719741 0.804260 0.862355 0.722776 0.766780 0.834033 0.712267 0.655960 0.616569 0.697421 0.568931 0.976396 0.601329 0.784991 0.661563 0.918103 0.746105 0.762238 0.790346 0.711706 0.770647 0.985338 0.705901 0.756668 0.643202 0.797989 0.776761 0.851983 0.845900 0.941148 0.969169 0.994752 0.946191 0.882575 0.803228 0.936985 0.863245 0.650588 0.830475 0.735930 0.761813 0.787987 0.839680 0.935888 0.774440 0.602467 0.759074 0.694018 0.813027 0.910348 0.753355 0.773273 0.935915 0.993728 0.973349 0.873604 0.998437 0.753718 0.745937 0.839420 0.830197 0.761152 0.817001
0.767498 0.621473 0.506782 0.399223 0.844548 0.594702 0.000000 0.299472 0.429211 0.379202 0.679514 0.616823 0.841683 0.650656 0.879273 0.595934 0.614860 0.527384 0.418096 0.507993 0.644563 0.857461 0.588372 0.665942 0.973282 0.799795 0.664674 0.840307 0.441015 0.355222 0.304454 0.384466 0.338800 0.282064 0.608822 0.992670 0.821629 0.834231 0.808209 0.937287 0.815637 0.857871 0.280438 0.349083 0.246034 0.366082 0.759748 0.574134 0.669849 0.605224 0.437542 0.466981 0.373735 0.433441 0.881471 0.860383 0.635784 0.759122 0.771268 0.818685 0.410272 0.585119 0.534368 0.494475 0.953112 0.647275 0.232673 0.287066 0.970433 0.771011 0.472731 0.430085 0.412973 0.389156 0.959111 0.651390 0.481113 0.438999 0.708894 0.689319 0.823905 0.952868 0.849546 0.894780 0.905567 0.970258 0.839776 0.801477 0.901553 0.929257 0.359717 0.535105 0.468003 0.662253 0.743697 0.597697 0.567758 0.659271 0.269487 0.289718 0.461687 0.479604 0.519599 0.636612 0.453707 0.664097 0.672990 0.680088 0.672410 0.814685 0.590985 0.485251 0.359751 0.664069 0.583745 0.875127
0.632317 0.537858 0.680309 0.307136 0.880913 0.525660 0.299472 0.000000 0.485627 0.287341 0.530783 0.345208 0.730368 0.414813 0.949277 0.656990 0.588473 0.523639 0.544976 0.448554 0.794165 0.988482 0.794427 0.748187 0.918557 0.900062 0.657025 0.846612 0.415196 0.369169 0.547000 0.583136 0.467702 0.362326 0.658389 0.889631 0.864954 0.824516 0.880629 0.997326 0.799545 0.942418 0.434177 0.481499 0.347404 0.365693 0.652661 0.513034 0.568062 0.491925 0.399303 0.418006 0.421935 0.521005 0.742733 0.627008 0.684202 0.678252 0.644871 0.599685 0.350661 0.268357 0.405871 0.301463 0.978585 0.426890 0.400479 0.360615 0.942986 0.617580 0.611816 0.597054 0.543942 0.551248 0.822521 0.624372 0.499897 0.592724 0.668478 0.752889 0.705960 0.800016 0.893023 0.958928 0.945459 0.968951 0.868655 0.826984 0.921376 0.730120 0.431840 0.699114 0.487647 0.764530 0.768671 0.691310 0.585461 0.711653 0.333129 0.419793 0.414626 0.626158 0.609992 0.689427 0.465652 0.653448 0.811938 0.849201 0.716586 0.729097 0.669758 0.545698 0.506532 0.734634 0.601841 0.835469
0.902335 0.789645 0.640119 0.593046 0.928329 0.705989 0.429211 0.485627 0.000000 0.381273 0.681836 0.657549 0.914702 0.842147 0.938849 0.704493 0.721870 0.592790 0.690443 0.632240 0.639500 0.821607 0.829060 0.945295 0.926419 0.718683 0.750844 0.833737 0.476799 0.554579 0.492075 0.640452 0.582278 0.461545 0.694929 0.958901 0.673715 0.879477 0.766809 0.871981 0.741708 0.857159 0.504935 0.582378 0.520517 0.666911 0.980047 0.840124 0.805301 0.849058 0.722623 0.785135 0.588585 0.655473 0.966392 0.933172 0.722695 0.872794 0.998752 0.923994 0.640125 0.656062 0.677473 0.626264 0.922769 0.779549 0.478628 0.570094 0.923451 0.752689 0.439668 0.489693 0.528633 0.552708 0.970154 0.687819 0.634956 0.609260 0.759658 0.701169 0.951137 0.921265 0.963384 0.893331 0.852213 0.827015 0.815904 0.759357 0.801493 0.936161 0.434479 0.472293 0.537369 0.493558 0.637877 0.733358 0.841758 0.691070 0.489288 0.488383 0.544944 0.629828 0.670293 0.774247 0.667990 0.815585 0.799346 0.775882 0.848374 0.997551 0.727782 0.641623 0.679738 0.758095 0.760383 0.837869
0.820627 0.745375 0.714190 0.524641 0.940351 0.667671 0.379202 0.287341 0.381273 0.000000 0.639608 0.523878 0.928555 0.719947 0.984461 0.752702 0.667327 0.554149 0.627625 0.550889 0.823141 0.979144 0.924475 0.983661 0.847475 0.905921 0.649690 0.818409 0.449068 0.453862 0.497268 0.626442 0.591628 0.422835 0.617450 0.952989 0.821952 0.805065 0.956668 0.958942 0.885059 0.912425 0.501771 0.556594 0.429613 0.530159 0.917192 0.722620 0.764430 0.781529 0.630825 0.671987 0.565306 0.580136 0.973688 0.886825 0.776222 0.885051 0.881534 0.933447 0.571258 0.482744 0.557690 0.459396 0.899233 0.696994 0.432836 0.477302 0.964428 0.736406 0.457929 0.464718 0.572933 0.514985 0.959603 0.692823 0.608922 0.593879 0.730283 0.789501 0.847220 0.974942 0.928265 0.808750 0.739239 0.756251 0.753781 0.652299 0.905251 0.959568 0.337175 0.486324 0.423108 0.534202 0.799783 0.746117 0.659049 0.676208 0.350174 0.440257 0.442357 0.524148 0.604317 0.736966 0.587319 0.767509 0.872476 0.857848 0.794672 0.850957 0.570444 0.553520 0.549320 0.841564 0.740058 0.785551
0.341489 0.326948 0.792288 0.468896 0.939922 0.732401 0.679514 0.530783 0.681836 0.639608 0.000000 0.287850 0.491940 0.359978 0.660662 0.522727 0.321256 0.310471 0.455582 0.412171 0.713612 0.888651 0.921133 0.764536 0.973150 0.910941 0.951856 0.993051 0.333846 0.360203 0.842823 0.839073 0.499687 0.479253 0.953957 0.650267 0.555680 0.567536 0.584968 0.600780 0.765755 0.728488 0.611500 0.583734 0.690324 0.615651 0.550171 0.579221 0.486160 0.545467 0.576290 0.583023 0.810732 0.990955 0.669858 0.583424 0.340932 0.332063 0.460927 0.519941 0.407622 0.380258 0.316456 0.278466 0.776538 0.396187 0.840696 0.735535 0.621004 0.507236 0.703298 0.722654 0.629655 0.630650 0.736678 0.697600 0.563765 0.729620 0.386317 0.549437 0.356548 0.417417 0.647483 0.518863 0.725191 0.634729 0.993485 0.943058 0.701390 0.544057 0.887736 0.962472 0.883829 0.951196 0.715531 0.771076 0.852461 0.883621 0.638672 0.798614 0.890341 0.950984 0.712928 0.833765 0.627328 0.711345 0.793600 0.931168 0.836126 0.856743 0.956398 0.616868 0.674653 0.988297 0.725518 0.779948
0.328441 0.327591 0.810556 0.342145 0.892490 0.595002 0.616823 0.345208 0.657549 0.523878 0.287850 0.000000 0.437283 0.246548 0.692162 0.462185 0.379263 0.354455 0.492472 0.373171 0.743896 0.900435 0.862535 0.705518 0.981211 0.968768 0.953093 0.991546 0.350075 0.383940 0.865028 0.852775 0.502791 0.474616 0.951278 0.727170 0.740692 0.697261 0.728629 0.776237 0.823918 0.856342 0.650429 0.617572 0.631908 0.535095 0.472849 0.470650 0.450852 0.408269 0.501227 0.465803 0.674411 0.875612 0.602362 0.520549 0.443948 0.364886 0.448818 0.416691 0.327867 0.190682 0.263305 0.200121 0.812277 0.247887 0.781031 0.664710 0.641099 0.445603 0.749977 0.758699 0.715340 0.686248 0.726362 0.720768 0.596720 0.723775 0.461988 0.617062 0.402145 0.439974 0.674622 0.543619 0.738200 0.657338 0.997378 0.990925 0.636989 0.566511 0.748938 0.921804 0.740700 0.942711 0.741266 0.765699 0.762472 0.793101 0.571870 0.686432 0.719648 0.900922 0.766998 0.786696 0.515497 0.639862 0.880972 0.974050 0.827523 0.845615 0.913066 0.576881 0.740492 0.939996 0.708386 0.825237
0.311244 0.405045 0.606266 0.460277 0.567465 0.795231 0.841683 0.730368 0.914702 0.928555 0.491940 0.437283 0.000000 0.405839 0.296991 0.329459 0.524425 0.558363 0.493407 0.546517 0.714925 0.961972 0.476453 0.476588 0.726958 0.894874 0.646646 0.732787 0.582486 0.659989 0.882866 0.874294 0.595263 0.701145 0.973357 0.714320 0.628933 0.863110 0.697002 0.626712 0.886432 0.830119 0.832319 0.842629 0.862789 0.739685 0.404157 0.458718 0.401857 0.503045 0.740071 0.666623 0.929715 0.758483 0.558528 0.551858 0.534819 0.318264 0.386868 0.326029 0.369470 0.465507 0.477693 0.482153 0.334536 0.276805 0.989692 0.970241 0.559656 0.372234 0.971356 0.916042 0.888860 0.952289 0.700708 0.810910 0.762589 0.887635 0.616884 0.579478 0.473126 0.323655 0.554039 0.404595 0.348646 0.402217 0.865397 0.868497 0.463413 0.494291 0.959911 0.904395 0.994306 0.928485 0.772696 0.786533 0.940772 0.946526 0.824135 0.829525 0.864030 0.946083 0.968845 0.986413 0.785928 0.652634 0.846681 0.960280 0.924723 0.975272 0.959019 0.733226 0.831864 0.975792 0.788186 0.894166
0.364600 0.337801 0.793544 0.345507 0.842602 0.586148 0.650656 0.414813 0.842147 0.719947 0.359978 0.246548 0.405839 0.000000 0.620801 0.450060 0.429475 0.427989 0.474581 0.418476 0.804892 0.982880 0.720305 0.481793 0.987170 0.987495 0.961049 0.940777 0.439769 0.383972 0.891255 0.773010 0.490357 0.545711 0.947320 0.718485 0.789990 0.751738 0.802548 0.775183 0.801673 0.934785 0.631107 0.574930 0.629479 0.498145 0.435708 0.433958 0.461961 0.357685 0.429921 0.404104 0.643543 0.844677 0.536343 0.447882 0.503260 0.352093 0.406373 0.344680 0.364997 0.283611 0.342638 0.277774 0.818942 0.262684 0.831511 0.703628 0.743662 0.520925 0.914486 0.846568 0.788970 0.799310 0.753296 0.696188 0.639985 0.819152 0.515622 0.593115 0.433683 0.388781 0.595062 0.483514 0.703982 0.540762 0.973570 0.852576 0.596025 0.472206 0.877092 0.868326 0.887626 0.859564 0.765789 0.771665 0.738797 0.883946 0.638947 0.792773 0.787110 0.904773 0.804748 0.824623 0.633713 0.680108 0.924974 0.985222 0.804110 0.832404 0.994933 0.701897 0.737498 0.885868 0.592705 0.862642
0.508951 0.586105 0.614357 0.646700 0.548487 0.883710 0.879273 0.949277 0.938849 0.984461 0.660662 0.692162 0.296991 0.620801 0.000000 0.311586 0.616299 0.604597 0.518398 0.651634 0.594100 0.922285 0.345083 0.428332 0.617097 0.762565 0.554275 0.729145 0.687933 0.706638 0.973157 0.976476 0.598512 0.793508 0.981462 0.840562 0.684178 0.914023 0.783657 0.641693 0.855777 0.868933 0.871552 0.883505 0.973821 0.929311 0.656792 0.675320 0.656061 0.757041 0.947295 0.902461 0.966483 0.701007 0.697648 0.773692 0.583932 0.464480 0.621622 0.615351 0.584583 0.773156 0.678467 0.717563 0.344658 0.505467 0.970386 0.933029 0.546547 0.528499 0.963508 0.980189 0.879886 0.915163 0.805929 0.784259 0.883907 0.923189 0.802015 0.572584 0.570738 0.452011 0.568542 0.540613 0.388927 0.435435 0.818358 0.831503 0.553048 0.650824 0.960258 0.919667 0.945519 0.943111 0.716878 0.766814 0.997315 0.987042 0.875497 0.879360 0.753807 0.981406 0.938718 0.972655 0.878333 0.799765 0.954040 0.934190 0.962549 0.848121 0.922285 0.825883 0.801848 0.955445 0.820229 0.922872
0.437085 0.398969 0.598839 0.405710 0.614325 0.587582 0.595934 0.656990 0.704493 0.752702 0.522727 0.462185 0.329459 0.450060 0.311586 0.000000 0.441770 0.421772 0.357504 0.434408 0.602714 0.891264 0.369682 0.365177 0.812219 0.835729 0.773278 0.850136 0.495219 0.482695 0.739928 0.818071 0.414794 0.545135 0.948674 0.733435 0.585920 0.773441 0.723550 0.730442 0.775964 0.792440 0.587174 0.590565 0.679662 0.653814 0.558806 0.514141 0.487505 0.548105 0.633445 0.592144 0.712858 0.961033 0.718459 0.799431 0.433515 0.388621 0.594264 0.589672 0.432985 0.570661 0.485390 0.472703 0.482132 0.400176 0.796341 0.826199 0.606388 0.525963 0.733978 0.710934 0.865413 0.741431 0.810343 0.733197 0.710264 0.657518 0.597145 0.504456 0.564122 0.537543 0.609946 0.628748 0.591073 0.586952 0.947139 0.987074 0.646711 0.715683 0.747622 0.810179 0.789178 0.860848 0.636060 0.682722 0.907100 0.784067 0.626354 0.603404 0.954057 0.843351 0.835942 0.837889 0.680162 0.728963 0.984716 0.921237 0.814005 0.887277 0.881746 0.549635 0.661684 0.916756 0.742147 0.899478
0.309375 0.259840 0.736763 0.416104 0.918108 0.709340 0.614860 0.588473 0.721870 0.667327 0.321256 0.379263 0.524425 0.429475 0.616299 0.441770 0.000000 0.209234 0.400249 0.340242 0.592894 0.942152 0.800184 0.657185 0.837722 0.782394 0.931595 0.905156 0.325363 0.303224 0.661246 0.651771 0.417913 0.416057 0.994115 0.709741 0.554070 0.599856 0.736261 0.672792 0.775090 0.632773 0.502891 0.483732 0.633117 0.616904 0.519629 0.486622 0.493331 0.499789 0.558956 0.566718 0.815850 0.971477 0.633126 0.584820 0.224143 0.302078 0.485943 0.588816 0.431302 0.506897 0.286803 0.280222 0.734408 0.485025 0.740317 0.711138 0.517331 0.477727 0.551678 0.582547 0.606802 0.454540 0.725333 0.743624 0.609709 0.608671 0.394373 0.408400 0.308028 0.413335 0.505086 0.563287 0.700745 0.607948 0.881474 0.953637 0.713848 0.581012 0.805848 0.853368 0.798700 0.925932 0.707603 0.731963 0.749110 0.875358 0.552803 0.628457 0.880231 0.859821 0.755005 0.699557 0.534388 0.628384 0.958036 0.917664 0.769711 0.894482 0.776352 0.596315 0.680696 0.927321 0.741405 0.900183
0.351425 0.285182 0.663670 0.384138 0.878973 0.664815 0.527384 0.523639 0.592790 0.554149 0.310471 0.354455 0.558363 0.427989 0.604597 0.421772 0.209234 0.000000 0.320888 0.318007 0.575719 0.969302 0.789426 0.633679 0.840585 0.769220 0.944192 0.989286 0.263503 0.251522 0.596633 0.563711 0.336658 0.343146 0.913333 0.763033 0.589957 0.613565 0.687337 0.705568 0.788836 0.607269 0.424792 0.419559 0.548274 0.542175 0.537010 0.487194 0.522789 0.524725 0.519324 0.555247 0.744561 0.975848 0.662458 0.589844 0.227876 0.315237 0.500986 0.628530 0.394120 0.482556 0.250915 0.257718 0.756918 0.483760 0.685716 0.630761 0.568359 0.527736 0.514591 0.520081 0.565016 0.473508 0.819093 0.705772 0.563796 0.519409 0.360611 0.366381 0.329810 0.461285 0.538255 0.554485 0.746006 0.654927 0.910863 0.967733 0.783132 0.611999 0.754308 0.803157 0.765760 0.890438 0.705677 0.641850 0.693247 0.789596 0.460679 0.546935 0.810888 0.762669 0.652745 0.627449 0.515199 0.607736 0.975455 0.901093 0.847807 0.913137 0.811459 0.500134 0.588077 0.871146 0.677030 0.879654
0.421282 0.383304 0.472512 0.339227 0.780413 0.677868 0.418096 0.544976 0.690443 0.627625 0.455582 0.492472 0.493407 0.474581 0.518398 0.357504 0.400249 0.320888 0.000000 0.370812 0.584775 0.884034 0.518675 0.472296 0.768545 0.780721 0.990576 0.973312 0.397856 0.370492 0.563169 0.563772 0.341124 0.308591 0.899638 0.829194 0.634527 0.687083 0.698897 0.786948 0.870147 0.681572 0.486768 0.524833 0.534994 0.555572 0.573958 0.487645 0.583524 0.570550 0.581370 0.597837 0.693178 0.838340 0.777915 0.715334 0.371203 0.396815 0.540769 0.597033 0.385673 0.602021 0.426903 0.441339 0.673807 0.485131 0.567693 0.643598 0.666535 0.609348 0.576267 0.527400 0.568881 0.488649 0.910018 0.674679 0.529286 0.494070 0.556233 0.502384 0.519382 0.550022 0.673194 0.689103 0.773907 0.732909 0.915080 0.931974 0.799583 0.748563 0.638072 0.712955 0.655401 0.749397 0.708616 0.587919 0.670439 0.826543 0.448032 0.470143 0.764474 0.684618 0.674679 0.679666 0.611465 0.636150 0.947916 0.846762 0.754201 0.964818 0.805696 0.434170 0.429278 0.815377 0.664193 0.894511
0.383109 0.298232 0.606912 0.303395 0.927301 0.611307 0.507993 0.448554 0.632240 0.550889 0.412171 0.373171 0.546517 0.418476 0.651634 0.434408 0.340242 0.318007 0.370812 0.000000 0.668648 0.929611 0.687942 0.606556 0.823715 0.750452 0.928902 0.962482 0.325507 0.368340 0.600287 0.624994 0.426948 0.344404 0.925732 0.801539 0.585434 0.672609 0.636411 0.804752 0.689297 0.725098 0.530138 0.529276 0.600925 0.584118 0.600559 0.489886 0.606732 0.524638 0.562518 0.587131 0.707145 0.849095 0.677004 0.608159 0.363680 0.390564 0.580239 0.555092 0.408567 0.455940 0.354930 0.354836 0.778170 0.434307 0.645337 0.668331 0.636392 0.480691 0.494105 0.532092 0.541958 0.510450 0.728461 0.755429 0.520869 0.587679 0.511569 0.560810 0.468096 0.558292 0.652205 0.692674 0.817648 0.746154 0.797389 0.853372 0.788265 0.662599 0.630548 0.713180 0.575183 0.796991 0.775254 0.640452 0.714289 0.770450 0.456631 0.516428 0.749221 0.758826 0.661079 0.736842 0.541063 0.628058 0.957162 0.879108 0.791848 0.905486 0.834645 0.504267 0.635471 0.821258 0.719535 0.792340
0.692022 0.626648 0.570944 0.604438 0.783066 0.751010 0.644563 0.794165 0.639500 0.823141 0.713612 0.743896 0.714925 0.804892 0.594100 0.602714 0.592894 0.575719 0.584775 0.668648 0.000000 0.769816 0.615838 0.733647 0.761534 0.641612 0.870564 0.940396 0.613620 0.615417 0.563827 0.667939 0.590397 0.610725 0.987581 0.930407 0.711863 0.954443 0.828363 0.743497 0.792389 0.925778 0.695762 0.728802 0.794120 0.854412 0.849973 0.864837 0.802553 0.812362 0.847434 0.874480 0.852501 0.999738 0.785007 0.890552 0.586002 0.677332 0.881568 0.905264 0.697947 0.836353 0.715581 0.702606 0.686681 0.755193 0.745313 0.792977 0.708175 0.610409 0.676678 0.763174 0.688404 0.669133 0.992963 0.745012 0.799539 0.669469 0.745799 0.615011 0.698040 0.677114 0.736688 0.806158 0.785732 0.772355 0.755379 0.991700 0.951343 0.899098 0.807226 0.882760 0.831859 0.836985 0.636656 0.839146 0.912927 0.931613 0.717771 0.688606 0.970860 0.742704 0.893155 0.846630 0.641661 0.788710 0.966351 0.989398 0.818645 0.867685 0.781685 0.752257 0.770638 0.989751 0.852005 0.952541
0.898621 0.928786 0.853843 0.928586 0.960667 0.927827 0.857461 0.988482 0.821607 0.979144 0.888651 0.900435 0.961972 0.982880 0.922285 0.891264 0.942152 0.969302 0.884034 0.929611 0.769816 0.000000 0.762237 0.780597 0.949430 0.874808 0.944016 0.978317 0.946978 0.985753 0.729766 0.706487 0.874716 0.900450 0.889459 0.989023 0.906357 0.983876 0.962818 0.953448 0.986818 0.999221 0.836818 0.864718 0.920362 0.992172 0.877011 0.886409 0.920463 0.990803 0.963711 0.987632 0.834285 0.823425 0.922856 0.899607 0.966855 0.962877 0.803666 0.848904 0.923164 0.827683 0.806615 0.916190 0.998975 0.892379 0.838290 0.975652 0.996348 0.964488 0.811021 0.715604 0.902777 0.819139 0.971964 0.802577 0.893499 0.804221 0.939515 0.967373 0.907252 0.930673 0.999613 0.939552 0.949471 0.989560 0.953780 0.895535 0.945468 0.839643 0.800704 0.811915 0.861834 0.792466 0.906139 0.849126 0.937767 0.982369 0.871556 0.806200 0.874162 0.915433 0.925250 0.833242 0.836422 0.835431 0.890695 0.868690 0.777716 0.807524 0.903421 0.968497 0.986759 0.676257 0.892485 0.928930
0.733996 0.705420 0.459701 0.558682 0.529318 0.797882 0.588372 0.794427 0.829060 0.924475 0.921133 0.862535 0.476453 0.720305 0.345083 0.369682 0.800184 0.789426 0.518675 0.687942 0.615838 0.762237 0.000000 0.317429 0.643502 0.667637 0.781513 0.826311 0.749503 0.730159 0.684377 0.795327 0.512716 0.687633 0.827010 0.985423 0.749944 0.986657 0.825408 0.891308 0.840043 0.931451 0.670719 0.722446 0.683776 0.715488 0.711903 0.653062 0.663645 0.694461 0.778812 0.738635 0.733500 0.910277 0.785696 0.898058 0.779496 0.695658 0.800184 0.729341 0.550134 0.842612 0.814747 0.828028 0.437866 0.606541 0.694803 0.802024 0.839007 0.684601 0.899305 0.847609 0.980351 0.823065 0.821784 0.762095 0.834245 0.743284 0.909849 0.682990 0.841415 0.747303 0.745443 0.853188 0.596315 0.631567 0.939799 0.951669 0.761368 0.829613 0.747995 0.828517 0.797560 0.884282 0.738878 0.706259 0.859061 0.867658 0.672583 0.588258 0.996754 0.771270 0.890689 0.934008 0.771622 0.731692 0.782758 0.764903 0.824984 0.890486 0.881146 0.773994 0.631781 0.818452 0.692657 0.993775
0.630700 0.554467 0.637378 0.484736 0.631135 0.729691 0.665942 0.748187 0.945295 0.983661 0.764536 0.705518 0.476588 0.481793 0.428332 0.365177 0.657185 0.633679 0.472296 0.606556 0.733647 0.780597 0.317429 0.000000 0.732852 0.823443 0.827825 0.859920 0.713512 0.615433 0.786618 0.725389 0.509364 0.666860 0.997108 0.837084 0.844059 0.946529 0.776690 0.908255 0.878511 0.889104 0.660647 0.652628 0.747617 0.714709 0.613971 0.629339 0.667076 0.617786 0.662167 0.631834 0.740546 0.918908 0.756834 0.721135 0.647121 0.561011 0.686771 0.622848 0.572868 0.743024 0.670097 0.685972 0.627208 0.521290 0.831285 0.835448 0.836535 0.731242 0.999363 0.893562 0.914108 0.863813 0.824211 0.775443 0.799432 0.812263 0.718038 0.542700 0.693582 0.581749 0.618929 0.621100 0.611127 0.510779 0.947542 0.779971 0.688692 0.649167 0.937401 0.960885 0.993641 0.881451 0.822965 0.751507 0.850461 0.881068 0.761699 0.706728 0.972558 0.887802 0.911607 0.913502 0.864850 0.856951 0.909113 0.885137 0.797889 0.957140 0.979949 0.745496 0.691731 0.870251 0.722985 0.987644
0.702597 0.751820 0.542822 0.786249 0.639489 0.964641 0.973282 0.918557 0.926419 0.847475 0.973150 0.981211 0.726958 0.987170 0.617097 0.812219 0.837722 0.840585 0.768545 0.823715 0.761534 0.949430 0.643502 0.732852 0.000000 0.515056 0.665882 0.967334 0.875158 0.977093 0.923998 0.972014 0.715283 0.852398 0.947570 0.979425 0.692372 0.937797 0.721636 0.781269 0.793066 0.787902 0.987878 0.983088 0.970402 0.949752 0.784648 0.918400 0.858811 0.920600 0.913528 0.907509 0.792907 0.600872 0.737541 0.800221 0.735571 0.706189 0.764770 0.756141 0.736130 0.996108 0.880825 0.952469 0.484251 0.778791 0.987545 0.981405 0.579520 0.683570 0.900183 0.975937 0.953254 0.851195 0.786706 0.938138 0.981556 0.860614 0.916253 0.722890 0.666435 0.701489 0.764588 0.697353 0.463904 0.571377 0.897728 0.970969 0.774521 0.674367 0.883622 0.992885 0.949308 0.972574 0.959595 0.746976 0.993205 0.959998 0.965485 0.921379 0.790757 0.882143 0.959353 0.956614 0.887839 0.809635 0.988145 0.993234 0.880371 0.987418 0.927953 0.930329 0.861441 0.979121 0.976120 0.890392
0.838538 0.799691 0.529082 0.683075 0.807563 0.922688 0.799795 0.900062 0.718683 0.905921 0.910941 0.968768 0.894874 0.987495 0.762565 0.835729 0.782394 0.769220 0.780721 0.750452 0.641612 0.874808 0.667637 0.823443 0.515056 0.000000 0.942662 0.993638 0.725784 0.854237 0.638275 0.789359 0.650304 0.737028 0.788889 0.972782 0.624122 0.889949 0.741156 0.808091 0.763968 0.820237 0.767870 0.838048 0.819211 0.881662 0.880813 0.948316 0.868513 0.915305 0.936877 0.997008 0.927353 0.891518 0.898502 0.946103 0.784006 0.831357 0.971969 0.959326 0.745655 0.927292 0.849144 0.880439 0.633624 0.833018 0.761513 0.814813 0.833660 0.805746 0.665147 0.782074 0.829685 0.677479 0.869406 0.777478 0.878058 0.843042 0.910657 0.760236 0.766364 0.817792 0.834318 0.942142 0.754694 0.831496 0.994867 0.875524 0.955396 0.798903 0.800676 0.763008 0.777649 0.834288 0.826202 0.837388 0.958456 0.998841 0.765898 0.744819 0.927484 0.916444 0.843229 0.954805 0.816997 0.819689 0.864618 0.861405 0.951199 0.989779 0.876279 0.925399 0.819787 0.878408 0.920874 0.964232
0.783631 0.860160 0.994313 0.942641 0.659264 0.856713 0.664674 0.657025 0.750844 0.649690 0.951856 0.953093 0.646646 0.961049 0.554275 0.773278 0.931595 0.944192 0.990576 0.928902 0.870564 0.944016 0.781513 0.827825 0.665882 0.942662 0.000000 0.713488 0.940821 0.848741 0.695135 0.689373 0.922974 0.740419 0.849567 0.861577 0.878216 0.961695 0.959564 0.679046 0.913266 0.805725 0.802160 0.752821 0.639376 0.732793 0.865825 0.984349 0.857162 0.924396 0.743066 0.805619 0.681278 0.434291 0.893120 0.915978 0.849427 0.764835 0.916154 0.864756 0.970114 0.907981 0.981308 0.929391 0.535879 0.885827 0.587065 0.596072 0.609061 0.758783 0.770573 0.732104 0.625578 0.822167 0.804292 0.882275 0.742488 0.806300 0.888293 0.805278 0.756465 0.705305 0.799075 0.642582 0.427541 0.496879 0.723204 0.720728 0.584611 0.769958 0.615462 0.737655 0.671152 0.788388 0.856538 0.975900 0.791715 0.830770 0.725459 0.787205 0.503311 0.675473 0.738852 0.840808 0.892765 0.930702 0.901889 0.813272 0.768263 0.862481 0.800567 0.855134 0.835853 0.836238 0.961235 0.912451
0.923531 0.910953 0.974394 0.993154 0.875075 0.999255 0.840307 0.846612 0.833737 0.818409 0.993051 0.991546 0.732787 0.940777 0.729145 0.850136 0.905156 0.989286 0.973312 0.962482 0.940396 0.978317 0.826311 0.859920 0.967334 0.993638 0.713488 0.000000 0.946868 0.940685 0.803923 0.833148 0.886651 0.855699 0.931550 0.787281 0.920225 0.755569 0.947253 0.752109 0.933727 0.812903 0.968367 0.910097 0.859505 0.891728 0.885890 0.939473 0.889719 0.959768 0.927849 0.947673 0.888932 0.752897 0.859211 0.816965 0.957884 0.875236 0.923022 0.863254 0.987555 0.966459 0.967296 0.980412 0.724698 0.905919 0.785627 0.863672 0.913841 0.814265 0.920148 0.849390 0.734686 0.886215 0.841803 0.877795 0.954261 0.800244 0.958047 0.898756 0.976399 0.816374 0.961705 0.890379 0.776362 0.764662 0.998110 0.946121 0.763238 0.772894 0.760012 0.895172 0.765673 0.818914 0.948586 0.904673 0.918867 0.849359 0.882682 0.916202 0.684080 0.881977 0.797272 0.889790 0.908146 0.926621 0.915910 0.843067 0.931913 0.827048 0.898859 0.903223 0.854046 0.966070 0.830059 0.938226
0.442783 0.335374 0.608030 0.385945 0.883499 0.684926 0.441015 0.415196 0.476799 0.449068 0.333846 0.350075 0.582486 0.439769 0.687933 0.495219 0.325363 0.263503 0.397856 0.325507 0.613620 0.946978 0.749503 0.713512 0.875158 0.725784 0.940821 0.946868 0.000000 0.291013 0.569683 0.592720 0.347832 0.303344 0.820188 0.836989 0.599177 0.658532 0.679498 0.779477 0.755823 0.679064 0.443473 0.461101 0.465471 0.482941 0.585754 0.536035 0.516541 0.521680 0.488490 0.546135 0.647742 0.818783 0.754904 0.604792 0.371483 0.436235 0.575111 0.608410 0.359189 0.434845 0.319344 0.297350 0.779087 0.455543 0.588668 0.563485 0.713848 0.495286 0.479208 0.499868 0.491263 0.421833 0.778391 0.710579 0.504129 0.552140 0.463002 0.490746 0.474063 0.584853 0.664699 0.683446 0.820151 0.765585 0.909717 0.866596 0.843039 0.703041 0.644024 0.719910 0.639326 0.763102 0.707496 0.661119 0.732452 0.700089 0.419636 0.532898 0.701764 0.727400 0.624231 0.706911 0.466484 0.591759 0.975756 0.823725 0.827721 0.878975 0.861875 0.506933 0.562091 0.826943 0.663727 0.826047
0.502428 0.375223 0.666061 0.380963 0.854947 0.636881 0.355222 0.369169 0.554579 0.453862 0.360203 0.383940 0.659989 0.383972 0.706638 0.482695 0.303224 0.251522 0.370492 0.368340 0.615417 0.985753 0.730159 0.615433 0.977093 0.854237 0.848741 0.940685 0.291013 0.000000 0.463823 0.458529 0.328846 0.318839 0.817107 0.870098 0.699459 0.647032 0.788921 0.765069 0.747642 0.696403 0.337874 0.304759 0.369080 0.388713 0.601468 0.513897 0.510205 0.468825 0.378094 0.412893 0.512626 0.700998 0.658378 0.586889 0.363908 0.447869 0.525886 0.659270 0.356667 0.426072 0.277138 0.258619 0.898516 0.500980 0.511962 0.431817 0.780501 0.576215 0.541804 0.493497 0.470313 0.379731 0.823027 0.635970 0.541544 0.533104 0.490269 0.445301 0.438090 0.585814 0.529311 0.714748 0.895144 0.757312 0.925488 0.989738 0.840888 0.659063 0.651385 0.828550 0.740549 0.900020 0.716336 0.749785 0.625377 0.825673 0.418494 0.508732 0.689682 0.706814 0.588456 0.673290 0.487773 0.644875 0.894883 0.910838 0.802289 0.839769 0.733551 0.554786 0.468687 0.806350 0.620160 0.837614
0.953726 0.752118 0.637461 0.598793 0.978007 0.645052 0.304454 0.547000 0.492075 0.497268 0.842823 0.865028 0.882866 0.891255 0.973157 0.739928 0.661246 0.596633 0.563169 0.600287 0.563827 0.729766 0.684377 0.786618 0.923998 0.638275 0.695135 0.803923 0.569683 0.463823 0.000000 0.273100 0.434143 0.392093 0.676003 0.917325 0.829671 0.780409 0.951946 0.889761 0.777035 0.769398 0.342111 0.391904 0.389102 0.558036 0.983727 0.839751 0.873735 0.796127 0.585051 0.675344 0.484145 0.471997 0.967852 0.991226 0.672135 0.921236 0.976471 0.879973 0.708077 0.869842 0.756344 0.699026 0.910809 0.942394 0.348991 0.412538 0.968723 0.988405 0.363285 0.342186 0.392837 0.336752 0.972477 0.701600 0.606830 0.380533 0.835584 0.708050 0.905057 0.927770 0.896737 0.764412 0.755217 0.854105 0.829369 0.744834 0.755867 0.902085 0.425533 0.510668 0.489553 0.586246 0.740095 0.727208 0.694521 0.861150 0.347509 0.422347 0.515350 0.472530 0.539653 0.639585 0.590504 0.805321 0.682032 0.687530 0.735865 0.982812 0.581980 0.658683 0.503622 0.712020 0.702079 0.921014
0.939163 0.679836 0.715425 0.650400 0.946357 0.708750 0.384466 0.583136 0.640452 0.626442 0.839073 0.852775 0.874294 0.773010 0.976476 0.818071 0.651771 0.563711 0.563772 0.624994 0.667939 0.706487 0.795327 0.725389 0.972014 0.789359 0.689373 0.833148 0.592720 0.458529 0.273100 0.000000 0.492542 0.420024 0.753566 0.907883 0.923023 0.832883 0.941519 0.941705 0.863503 0.792062 0.373861 0.376196 0.435840 0.529465 0.908474 0.742608 0.896716 0.762848 0.534898 0.604028 0.516427 0.521490 0.989077 0.825522 0.672153 0.880476 0.948246 0.993293 0.731041 0.879724 0.726974 0.700569 0.806046 0.963902 0.439023 0.447764 0.941796 0.986035 0.470729 0.434033 0.391063 0.397205 0.955884 0.813417 0.657913 0.462174 0.796334 0.667222 0.857928 0.987599 0.834457 0.930484 0.755621 0.951788 0.812972 0.991303 0.772526 0.994034 0.585769 0.730911 0.674806 0.812735 0.826430 0.760783 0.676298 0.894326 0.468575 0.518827 0.551934 0.523901 0.583261 0.689250 0.652828 0.809925 0.766426 0.747075 0.819373 0.931141 0.632360 0.715426 0.535021 0.647043 0.691716 0.980952
0.490697 0.397644 0.475503 0.366921 0.751557 0.570850 0.338800 0.467702 0.582278 0.591628 0.499687 0.502791 0.595263 0.490357 0.598512 0.414794 0.417913 0.336658 0.341124 0.426948 0.590397 0.874716 0.512716 0.509364 0.715283 0.650304 0.922974 0.886651 0.347832 0.328846 0.434143 0.492542 0.000000 0.328974 0.679582 0.911521 0.664394 0.695455 0.690765 0.830631 0.736660 0.691432 0.327606 0.319430 0.370511 0.390035 0.544189 0.512928 0.470957 0.430523 0.408080 0.448407 0.564399 0.754618 0.615430 0.636229 0.379726 0.444002 0.539245 0.606955 0.313247 0.540561 0.403428 0.380338 0.660367 0.477866 0.479446 0.440344 0.742653 0.627739 0.558927 0.550310 0.533760 0.466585 0.752217 0.677215 0.516072 0.471633 0.532366 0.486517 0.485272 0.580628 0.620537 0.700707 0.708759 0.644455 0.935854 0.930323 0.846837 0.692522 0.651630 0.746702 0.679466 0.861282 0.736079 0.556192 0.647200 0.745168 0.371221 0.469240 0.701137 0.684999 0.632607 0.678168 0.481218 0.565027 0.828215 0.747490 0.759205 0.870679 0.781357 0.564022 0.407649 0.746691 0.541308 0.834699
0.562600 0.426232 0.547192 0.354969 0.951458 0.652169 0.282064 0.362326 0.461545 0.422835 0.479253 0.474616 0.701145 0.545711 0.793508 0.545135 0.416057 0.343146 0.308591 0.344404 0.610725 0.900450 0.687633 0.666860 0.852398 0.737028 0.740419 0.855699 0.303344 0.318839 0.392093 0.420024 0.328974 0.000000 0.715668 0.948796 0.661438 0.728080 0.739205 0.894012 0.817417 0.719962 0.349357 0.413964 0.340598 0.402861 0.646612 0.544581 0.591211 0.541492 0.443206 0.514071 0.519496 0.625904 0.858492 0.717195 0.443960 0.546001 0.613512 0.700603 0.366230 0.518494 0.408118 0.384445 0.862911 0.571682 0.428075 0.420632 0.813244 0.649893 0.379883 0.409236 0.406906 0.338815 0.914501 0.722050 0.436322 0.421481 0.552256 0.501468 0.615243 0.739921 0.750343 0.859717 0.977398 0.927639 0.838115 0.824369 0.976427 0.821603 0.515447 0.594588 0.532192 0.698596 0.706566 0.559890 0.661167 0.760480 0.295956 0.351512 0.557451 0.563913 0.561437 0.668671 0.490820 0.620086 0.877937 0.719316 0.738568 0.906148 0.728252 0.458510 0.422233 0.706350 0.633613 0.873428
0.962623 0.976968 0.697265 0.764228 0.853737 0.801483 0.608822 0.658389 0.694929 0.617450 0.953957 0.951278 0.973357 0.947320 0.981462 0.948674 0.994115 0.913333 0.899638 0.925732 0.987581 0.889459 0.827010 0.997108 0.947570 0.788889 0.849567 0.931550 0.820188 0.817107 0.676003 0.753566 0.679582 0.715668 0.000000 0.908273 0.944356 0.827987 0.999419 0.994491 0.964677 0.983206 0.649658 0.710235 0.584031 0.642697 0.900350 0.865649 0.824820 0.920571 0.786917 0.808231 0.697694 0.788286 0.907239 0.951596 0.989945 0.988788 0.907364 0.909741 0.714277 0.821681 0.868120 0.827850 0.870972 0.883753 0.615656 0.546648 0.929581 0.864413 0.674592 0.815024 0.929584 0.792526 0.882534 0.937091 0.745645 0.776115 0.920921 0.919185 0.943141 0.891422 0.977073 0.799433 0.971933 0.990164 0.830359 0.855741 0.894493 0.880253 0.730384 0.766306 0.774171 0.864641 0.826625 0.729969 0.887559 0.921634 0.704837 0.763545 0.742726 0.798196 0.805784 0.963510 0.882456 0.844232 0.907512 0.869701 0.971957 0.917686 0.907836 0.967859 0.705849 0.820076 0.687873 0.830755
0.656926 0.700490 0.885643 0.780102 0.802246 0.693039 0.992670 0.889631 0.958901 0.952989 0.650267 0.727170 0.714320 0.718485 0.840562 0.733435 0.709741 0.763033 0.829194 0.801539 0.930407 0.989023 0.985423 0.837084 0.979425 0.972782 0.861577 0.787281 0.836989 0.870098 0.917325 0.907883 0.911521 0.948796 0.908273 0.000000 0.767557 0.929242 0.751316 0.789850 0.756511 0.904381 0.913720 0.900291 0.917814 0.968376 0.795518 0.763485 0.787613 0.808558 0.875997 0.816218 0.958129 0.886092 0.727202 0.787143 0.703476 0.656629 0.780158 0.692560 0.839074 0.782651 0.762078 0.688272 0.855302 0.688771 0.890326 0.965673 0.821344 0.820261 0.995446 0.917858 0.900681 0.985785 0.970886 0.951727 0.806887 0.922979 0.736810 0.911922 0.814963 0.692593 0.888843 0.677763 0.806253 0.805000 0.969481 0.968286 0.801470 0.714911 0.906709 0.956851 0.915301 0.995882 0.934274 0.934191 0.842058 0.950579 0.987471 0.954958 0.876600 0.873504 0.845966 0.983408 0.944342 0.944993 0.993067 0.987022 0.953729 0.996003 0.951519 0.797170 0.987253 0.965507 0.918838 0.898441
0.553567 0.551707 0.565733 0.627190 0.871558 0.850035 0.821629 0.864954 0.673715 0.821952 0.555680 0.740692 0.628933 0.789990 0.684178 0.585920 0.554070 0.589957 0.634527 0.585434 0.711863 0.906357 0.749944 0.844059 0.692372 0.624122 0.878216 0.920225 0.599177 0.699459 0.829671 0.923023 0.664394 0.661438 0.944356 0.767557 0.000000 0.627914 0.592993 0.486071 0.543233 0.645888 0.717961 0.714797 0.775807 0.798128 0.692617 0.727823 0.612192 0.754357 0.835797 0.828358 0.927738 0.849552 0.744364 0.896985 0.493414 0.547533 0.678435 0.753374 0.615045 0.753166 0.664338 0.655517 0.528806 0.666299 0.792989 0.869689 0.521549 0.611015 0.613620 0.673373 0.798505 0.741675 0.781255 0.820442 0.820874 0.706532 0.667520 0.629713 0.568456 0.722623 0.746722 0.708807 0.709445 0.735529 0.832121 0.830339 0.814710 0.663296 0.863678 0.740170 0.790434 0.773579 0.720238 0.701699 0.937782 0.998729 0.701729 0.740136 0.944177 0.850525 0.739296 0.862309 0.735444 0.716708 0.857663 0.955498 0.924537 0.923776 0.885285 0.728285 0.881746 0.882535 0.896498 0.961083
0.613905 0.626285 0.889100 0.717172 0.952002 0.909039 0.834231 0.824516 0.879477 0.805065 0.567536 0.697261 0.863110 0.751738 0.914023 0.773441 0.599856 0.613565 0.687083 0.672609 0.954443 0.983876 0.986657 0.946529 0.937797 0.889949 0.961695 0.755569 0.658532 0.647032 0.780409 0.832883 0.695455 0.728080 0.827987 0.929242 0.627914 0.000000 0.819478 0.791923 0.721890 0.583243 0.785729 0.726120 0.801262 0.755234 0.804796 0.856963 0.687308 0.774392 0.783793 0.769331 0.863209 0.953328 0.776794 0.927775 0.565435 0.589663 0.710776 0.844486 0.724649 0.743784 0.662149 0.640584 0.863717 0.697872 0.820662 0.857767 0.562161 0.731894 0.728294 0.671556 0.772512 0.665531 0.804828 0.936289 0.803268 0.687891 0.625305 0.785047 0.560380 0.785238 0.721508 0.773880 0.842118 0.740138 0.996246 0.975620 0.718007 0.698114 0.919592 0.916035 0.833982 0.892812 0.773170 0.856296 0.966338 0.950987 0.791443 0.923581 0.914851 0.977763 0.625522 0.922417 0.819319 0.825303 0.947703 0.942453 0.918964 0.964402 0.976915 0.834019 0.809560 0.967956 0.804878 0.902645
