0.000000 0.348413 0.823947 0.710893 0.937746 0.958214 0.899593 0.763375 0.818926 0.998351 0.452430 0.390127 0.625273 0.500508 0.779497 0.704939 0.421345 0.363715 0.499245 0.367028 0.850220 0.947976 0.851452 0.802680 0.817782 0.907334 0.942887 0.917676 0.562187 0.500946 0.891769 0.845530 0.515767 0.544298 0.908708 0.942872 0.702292 0.649117 0.772598 0.829422 0.844629 0.645354 0.950555 0.792727 0.977298 0.915460 0.750385 0.758426 0.873749 0.823961 0.987867 0.918272 0.937189 0.838921 0.722094 0.805893 0.361392 0.333826 0.706338 0.714817 0.731423 0.845128 0.602098 0.490541 0.958651 0.981620 0.862523 0.927484 0.353655 0.458116 0.882366 0.942189 0.773824 0.772539 0.759666 0.999181 0.827038 0.949786 0.525089 0.601127 0.402286 0.444212 0.457012 0.469220 0.513201 0.631206 0.972623 0.927996 0.861691 0.616625 0.812203 0.717065 0.786660 0.697508 0.951853 0.948601 0.972416 0.842239 0.976693 0.991336 0.820688 0.947349 0.845901 0.673385 0.968400 0.751171 0.979575 0.944231 0.942709 0.781133 0.966555 0.962560 0.988760 0.786188 0.961868 0.900572
0.348413 0.000000 0.791046 0.663190 0.879057 0.849380 0.810681 0.682879 0.977782 0.923764 0.578562 0.433582 0.754134 0.580326 0.895616 0.778321 0.493504 0.431784 0.458284 0.402465 0.920216 0.975537 0.897784 0.872609 0.825927 0.879641 0.907133 0.852854 0.636516 0.685253 0.892949 0.867862 0.593252 0.559870 0.917117 0.992414 0.661304 0.556647 0.788997 0.856037 0.878783 0.659823 0.816126 0.634721 0.878634 0.769761 0.718471 0.735186 0.721470 0.679505 0.850225 0.808072 0.908194 0.992197 0.799280 0.736375 0.265560 0.254860 0.769073 0.798593 0.813681 0.823700 0.713973 0.582520 0.957703 0.921001 0.885247 0.959650 0.476710 0.457393 0.839459 0.867329 0.891539 0.878124 0.911804 0.951234 0.714818 0.939905 0.505263 0.633884 0.428064 0.477118 0.572641 0.472027 0.547771 0.722205 0.981319 0.989847 0.872390 0.616253 0.996098 0.925915 0.992765 0.892242 0.899878 0.939551 0.977818 0.871660 0.900070 0.868235 0.871229 0.981426 0.801652 0.743268 0.983741 0.853149 0.881163 0.813060 0.998117 0.677348 0.832593 0.912107 0.871929 0.647145 0.993131 0.961744
0.823947 0.791046 0.000000 0.504599 0.970660 0.687206 0.853259 0.729884 0.617805 0.956769 0.992481 0.769428 0.556738 0.683197 0.548320 0.503643 0.906718 0.940744 0.868690 0.768808 0.775468 0.883524 0.503381 0.577184 0.500803 0.516679 0.751150 0.965447 0.971869 0.929814 0.601328 0.661074 0.856533 0.926503 0.672917 0.871228 0.616313 0.813950 0.753743 0.714901 0.887686 0.847619 0.878682 0.869670 0.890382 0.941245 0.811274 0.857066 0.846350 0.984384 0.968013 0.912776 0.986419 0.995210 0.834493 0.964359 0.939405 0.877208 0.914198 0.921092 0.762772 0.534449 0.816794 0.924591 0.441178 0.495316 0.996246 0.887264 0.796293 0.854773 0.624152 0.740243 0.778025 0.858258 0.945567 0.956187 0.659238 0.909864 0.927696 0.811435 0.948509 0.911466 0.849874 0.862415 0.665168 0.545986 0.993627 0.746755 0.707381 0.705145 0.995849 0.966250 0.952670 0.956642 0.826895 0.850290 0.713213 0.974510 0.951796 0.908594 0.684593 0.965075 0.936099 0.885808 0.907313 0.861286 0.800597 0.959253 0.763464 0.934184 0.987554 0.920384 0.905865 0.895873 0.670625 0.941025
0.710893 0.663190 0.504599 0.000000 0.958757 0.835682 0.879948 0.496924 0.840907 0.990295 0.968852 0.581481 0.648103 0.552591 0.670921 0.516093 0.961894 0.896046 0.790296 0.745498 0.642419 0.817347 0.572274 0.459797 0.501472 0.493574 0.729175 0.895002 0.907999 0.949111 0.664076 0.666075 0.775903 0.872179 0.832585 0.874870 0.584405 0.720983 0.598945 0.776978 0.964668 0.724966 0.965166 0.865123 0.730448 0.835727 0.993159 0.959849 0.739793 0.909189 0.885027 0.945539 0.921842 0.882139 0.896141 0.941213 0.771356 0.706730 0.926214 0.949504 0.873712 0.598073 0.952101 0.877099 0.548991 0.592795 0.968832 0.996897 0.678433 0.742462 0.745026 0.771184 0.945937 0.994499 0.922429 0.954808 0.698965 0.997845 0.888013 0.958299 0.966163 0.882559 0.775121 0.784708 0.784456 0.536281 0.958022 0.798755 0.708561 0.563241 0.925581 0.779326 0.991624 0.892716 0.883142 0.844296 0.897863 0.956125 0.917724 0.986473 0.765166 0.849105 0.850366 0.979794 0.816652 0.791771 0.853211 0.995329 0.880776 0.904051 0.939603 0.776544 0.912337 0.843828 0.796831 0.939707
0.937746 0.879057 0.970660 0.958757 0.000000 0.971364 0.733248 0.915951 0.905079 0.833957 0.885982 0.969674 0.850896 0.935207 0.914750 0.950406 0.990974 0.982821 0.892112 0.853827 0.965158 0.991343 0.819839 0.887779 0.984130 0.878604 0.880739 0.823205 0.933159 0.895638 0.721205 0.909311 0.923593 0.843343 0.846261 0.818354 0.920592 0.751837 0.984243 0.856571 0.870883 0.753036 0.880886 0.909049 0.930359 0.966175 0.943890 0.970796 0.988815 0.997916 0.994383 0.959082 0.980727 0.953033 0.885214 0.901885 0.862538 0.898922 0.773188 0.825163 0.765954 0.985693 0.826230 0.900911 0.999884 0.936184 0.765336 0.712052 0.991759 0.758158 0.903532 0.927752 0.883582 0.790769 0.960794 0.886371 0.983924 0.695336 0.900071 0.974950 0.932367 0.849873 0.943884 0.913717 0.984289 0.967014 0.986595 0.997128 0.898733 0.844477 0.945468 0.968121 0.912941 0.932626 0.892790 0.952396 0.937143 0.958071 0.895768 0.809015 0.921913 0.815712 0.881488 0.874941 0.882488 0.673581 0.948337 0.970884 0.900914 0.875117 0.912787 0.925322 0.920056 0.810639 0.698115 0.946564
0.958214 0.849380 0.687206 0.835682 0.971364 0.000000 0.956248 0.949638 0.777028 0.990500 0.839448 0.987151 0.803053 0.913610 0.668005 0.702491 0.753066 0.742114 0.785845 0.977223 0.923743 0.820385 0.806579 0.752588 0.792810 0.708694 0.851878 0.702885 0.797851 0.929716 0.803730 0.918553 0.928726 0.813031 0.931479 0.873635 0.811847 0.909952 0.885845 0.862270 0.853236 0.972801 0.993667 0.907325 0.825729 0.819823 0.943353 0.887043 0.776412 0.868304 0.859906 0.942326 0.963226 0.949938 0.828397 0.967181 0.695084 0.789757 0.817131 0.996081 0.954852 0.741635 0.783676 0.849497 0.732081 0.678684 0.874827 0.987745 0.958620 0.959476 0.772600 0.784463 0.757878 0.899255 0.846838 0.900319 0.894839 0.955609 0.885790 0.915289 0.837206 0.952748 0.909177 0.855887 0.904252 0.904601 0.959566 0.932065 0.893823 0.969625 0.901921 0.946716 0.919989 0.833317 0.995063 0.977085 0.781667 0.925901 0.986618 0.909477 0.974968 0.933233 0.953211 0.844463 0.987854 0.925006 0.860071 0.992119 0.799780 0.916458 0.980865 0.934255 0.949952 0.893312 0.927658 0.922630
0.899593 0.810681 0.853259 0.879948 0.733248 0.956248 0.000000 0.373724 0.793832 0.417172 0.812448 0.747581 0.753205 0.976674 0.956602 0.921161 0.737361 0.773010 0.614125 0.973681 0.814911 0.986811 0.801772 0.702165 0.678776 0.802034 0.752939 0.556120 0.750207 0.812429 0.665294 0.906524 0.580749 0.452037 0.863932 0.830544 0.860187 0.727088 0.731912 0.777478 0.848367 0.955865 0.478914 0.487986 0.501211 0.486808 0.573149 0.537353 0.552439 0.539628 0.507107 0.499415 0.639585 0.634323 0.924380 0.800084 0.820712 0.764881 0.419583 0.497309 0.379833 0.736134 0.513169 0.520146 0.801180 0.907430 0.324293 0.398432 0.939436 0.962748 0.676436 0.744297 0.977373 0.974718 0.998010 0.874709 0.585644 0.935225 0.702232 0.947570 0.910006 0.848925 0.970981 0.949246 0.969961 0.778157 0.997856 0.727166 0.949347 0.930236 0.646886 0.641974 0.661852 0.708757 0.785978 0.909017 0.759522 0.691963 0.413123 0.460475 0.654144 0.622032 0.589940 0.602849 0.727531 0.733160 0.790799 0.643493 0.860757 0.812359 0.541083 0.602510 0.481305 0.728046 0.592065 0.964526
0.763375 0.682879 0.729884 0.496924 0.915951 0.949638 0.373724 0.000000 0.797373 0.485554 0.870569 0.540569 0.618841 0.686187 0.816978 0.745022 0.761051 0.764868 0.621282 0.837214 0.976418 0.865760 0.665346 0.908871 0.954763 0.918877 0.931538 0.724174 0.877229 0.855985 0.583744 0.793448 0.558557 0.524549 0.854402 0.913717 0.911175 0.942662 0.932539 0.895845 0.883089 0.847666 0.620905 0.525065 0.747964 0.677658 0.649837 0.645279 0.787701 0.688495 0.654789 0.634826 0.710349 0.729140 0.891034 0.786297 0.752966 0.673696 0.588688 0.605026 0.438608 0.508227 0.645728 0.538370 0.931860 0.832759 0.500559 0.540586 0.927757 0.843465 0.594288 0.682224 0.980049 0.972012 0.914593 0.967940 0.570242 0.995165 0.666453 0.956766 0.914401 0.953303 0.883418 0.966025 0.912701 0.917367 0.981444 0.660197 0.852558 0.812533 0.739626 0.852050 0.703960 0.871586 0.791316 0.931558 0.702519 0.702998 0.590358 0.601575 0.824171 0.850257 0.789181 0.664353 0.676157 0.767154 0.783316 0.701137 0.838260 0.778484 0.620183 0.824990 0.559544 0.725458 0.675775 0.952722
0.818926 0.977782 0.617805 0.840907 0.905079 0.777028 0.793832 0.797373 0.000000 0.717613 0.856487 0.986023 0.834996 0.985058 0.677058 0.776433 0.732131 0.736295 0.963750 0.920685 0.991735 0.876016 0.682077 0.931195 0.852828 0.721632 0.999620 0.898338 0.949465 0.838525 0.651492 0.888965 0.928911 0.961429 0.772755 0.933270 0.831219 0.986698 0.993403 0.944484 0.983582 0.982256 0.600489 0.766303 0.861970 0.930535 0.803620 0.916062 0.959354 0.911610 0.848043 0.834668 0.790268 0.723390 0.990775 0.998387 0.831909 0.862671 0.875127 0.963139 0.803117 0.554246 0.751679 0.840348 0.723460 0.671326 0.966657 0.921520 0.810378 0.739749 0.495252 0.558605 0.758428 0.804280 0.916492 0.936770 0.676715 0.730487 0.918830 0.930617 0.763076 0.851827 0.762180 0.819121 0.938854 0.984594 0.867115 0.748173 0.948917 0.995799 0.569330 0.612590 0.669684 0.677092 0.850244 0.870474 0.741721 0.986888 0.666819 0.640448 0.943427 0.784851 0.910145 0.897384 0.809357 0.875971 0.719785 0.816303 0.853695 0.923699 0.816445 0.958132 0.764476 0.864376 0.814592 0.656407
0.998351 0.923764 0.956769 0.990295 0.833957 0.990500 0.417172 0.485554 0.717613 0.000000 0.898979 0.838222 0.850980 0.968578 0.986849 0.953939 0.860325 0.942220 0.799508 0.876910 0.846167 0.963146 0.940198 0.725410 0.682786 0.844178 0.739981 0.649396 0.861139 0.971297 0.667064 0.901214 0.683991 0.660836 0.973330 0.813448 0.884328 0.749943 0.776531 0.809274 0.960996 0.944045 0.468764 0.488084 0.512538 0.515159 0.622307 0.680948 0.546490 0.584018 0.500231 0.522886 0.513419 0.540944 0.972835 0.902372 0.922256 0.892887 0.585283 0.668442 0.507079 0.677633 0.694486 0.641974 0.734094 0.840296 0.490242 0.612257 0.804535 0.880710 0.593568 0.614264 0.997627 0.893058 0.946047 0.864041 0.585217 0.813883 0.761560 0.965144 0.981559 0.694439 0.828191 0.685170 0.799145 0.659715 0.863089 0.606204 0.916708 0.858288 0.557218 0.545490 0.570405 0.642750 0.867517 0.848290 0.686037 0.732261 0.395858 0.485225 0.588878 0.615146 0.515238 0.625797 0.731089 0.856879 0.890783 0.657867 0.879861 0.728314 0.526420 0.706889 0.591448 0.811099 0.811106 0.859047
0.452430 0.578562 0.992481 0.968852 0.885982 0.839448 0.812448 0.870569 0.856487 0.898979 0.000000 0.530823 0.757809 0.725308 0.913686 0.920364 0.393251 0.366494 0.569799 0.439800 0.973960 0.895829 0.987420 0.891238 0.949567 0.906598 0.958741 0.819830 0.441866 0.405188 0.806000 0.824477 0.578721 0.537993 0.942059 0.965708 0.974206 0.855471 0.984854 0.956238 0.798728 0.665377 0.892944 0.914649 0.958555 0.995120 0.835592 0.842712 0.917518 0.981999 0.910705 0.950994 0.826736 0.794690 0.858985 0.996649 0.527092 0.523262 0.724993 0.724674 0.750800 0.978916 0.479642 0.437262 0.755855 0.815521 0.859118 0.911088 0.469003 0.618642 0.942643 0.964725 0.741207 0.701752 0.883702 0.914488 0.887343 0.759118 0.629763 0.861992 0.543785 0.692001 0.632353 0.613666 0.815753 0.935331 0.923936 0.993132 0.847233 0.968640 0.772382 0.724316 0.686795 0.730582 0.948596 0.855398 0.903379 0.791937 0.981497 0.982112 0.979575 0.945744 0.797808 0.615496 0.939322 0.644818 0.932850 0.949149 0.985931 0.843672 0.976040 0.965724 0.955645 0.892044 0.977950 0.868356
0.390127 0.433582 0.769428 0.581481 0.969674 0.987151 0.747581 0.540569 0.986023 0.838222 0.530823 0.000000 0.465388 0.380120 0.647037 0.533687 0.466203 0.399677 0.433770 0.416720 0.835389 0.951276 0.625427 0.763901 0.824260 0.886847 0.948815 0.790183 0.580906 0.494571 0.656166 0.635979 0.467522 0.519422 0.974181 0.981483 0.685564 0.692511 0.815917 0.960691 0.835006 0.667269 0.886371 0.706102 0.980611 0.936134 0.715988 0.780569 0.944628 0.930659 0.957341 0.928513 0.997412 0.979330 0.792387 0.786842 0.497951 0.441462 0.740299 0.782685 0.597831 0.636119 0.569125 0.422335 0.967183 0.918847 0.805173 0.853023 0.471726 0.578989 0.667957 0.696230 0.689770 0.767701 0.844173 0.982398 0.726845 0.891277 0.459384 0.745348 0.496154 0.567831 0.526432 0.542102 0.594342 0.687094 0.988995 0.914873 0.809061 0.642788 0.964982 0.802402 0.930499 0.800359 0.957658 0.894929 0.922538 0.760684 0.884418 0.883913 0.950617 0.970429 0.877465 0.623592 0.766795 0.700736 0.958386 0.802012 0.877366 0.734993 0.964125 0.973283 0.888599 0.805542 0.842416 0.903235
0.625273 0.754134 0.556738 0.648103 0.850896 0.803053 0.753205 0.618841 0.834996 0.850980 0.757809 0.465388 0.000000 0.465291 0.409332 0.421462 0.754656 0.717498 0.660401 0.635546 0.778114 0.978352 0.438015 0.683775 0.740674 0.801013 0.954298 0.821859 0.722782 0.622856 0.489604 0.630972 0.560368 0.637752 0.830775 0.987533 0.771969 0.938795 0.816332 0.944754 0.923249 0.852660 0.824881 0.783759 0.973649 0.916547 0.683918 0.728882 0.978541 0.930126 0.915057 0.810802 0.894498 0.899829 0.785217 0.847415 0.871108 0.769529 0.798869 0.786763 0.491750 0.521559 0.746272 0.661467 0.715699 0.692876 0.798285 0.718872 0.657000 0.770389 0.585820 0.693471 0.630157 0.745666 0.881155 0.988706 0.734598 0.858401 0.702770 0.721090 0.765226 0.764026 0.735085 0.759676 0.586323 0.605047 0.898341 0.841403 0.657821 0.679882 0.971007 0.900513 0.914267 0.824334 0.948261 0.825644 0.717405 0.820598 0.839168 0.846506 0.914515 0.855037 0.925113 0.711596 0.774554 0.746818 0.927718 0.954694 0.671376 0.888895 0.944969 0.979504 0.887629 0.877184 0.648173 0.998526
0.500508 0.580326 0.683197 0.552591 0.935207 0.913610 0.976674 0.686187 0.985058 0.968578 0.725308 0.380120 0.465291 0.000000 0.544723 0.380666 0.623477 0.563468 0.618432 0.468926 0.767159 0.950056 0.579314 0.567627 0.674843 0.729563 0.953387 0.984661 0.722426 0.569265 0.701304 0.587887 0.544455 0.772180 0.920178 0.984644 0.594126 0.627098 0.642692 0.755441 0.902333 0.686316 0.977799 0.896826 0.871812 0.918489 0.878240 0.944374 0.869607 0.930322 0.983166 0.998076 0.950788 0.982526 0.792523 0.874619 0.669671 0.614051 0.990982 0.991010 0.746820 0.550160 0.795920 0.631696 0.787042 0.740443 0.997849 0.977839 0.541210 0.590356 0.646078 0.720167 0.652155 0.876289 0.777878 0.856187 0.834399 0.957062 0.675742 0.766720 0.552427 0.564069 0.503645 0.541974 0.533764 0.519084 0.850791 0.905124 0.681190 0.613636 0.942858 0.742595 0.883603 0.754704 0.995073 0.914139 0.887763 0.886753 0.978279 0.919182 0.816997 0.976279 0.918550 0.700809 0.918329 0.806172 0.945137 0.933875 0.848933 0.862738 0.958114 0.940454 0.981560 0.840874 0.954422 0.898565
0.779497 0.895616 0.548320 0.670921 0.914750 0.668005 0.956602 0.816978 0.677058 0.986849 0.913686 0.647037 0.409332 0.544723 0.000000 0.377354 0.903315 0.896338 0.776388 0.740322 0.717759 0.859995 0.422727 0.597418 0.668587 0.769929 0.937987 0.994350 0.798060 0.662385 0.491179 0.598271 0.640088 0.854352 0.812546 0.916384 0.673650 0.927500 0.834694 0.806461 0.988010 0.921502 0.902394 0.880436 0.885261 0.911732 0.793486 0.805268 0.823467 0.894131 0.948038 0.933550 0.984841 0.999471 0.841345 0.932080 0.987999 0.945515 0.976388 0.935559 0.670961 0.600226 0.931302 0.853068 0.626550 0.606265 0.996550 0.893311 0.728921 0.915165 0.552388 0.695729 0.629557 0.835599 0.857370 0.917053 0.808291 0.778000 0.837506 0.756821 0.832728 0.806917 0.730917 0.852681 0.572923 0.584249 0.994106 0.919428 0.707844 0.827277 0.940351 0.838823 0.810017 0.802134 0.939590 0.958667 0.869373 0.958371 0.982982 0.967749 0.780642 0.970221 0.923223 0.898295 0.850072 0.727039 0.895109 0.971163 0.668952 0.885237 0.917620 0.863503 0.895424 0.958422 0.695084 0.997484
0.704939 0.778321 0.503643 0.516093 0.950406 0.702491 0.921161 0.745022 0.776433 0.953939 0.920364 0.533687 0.421462 0.380666 0.377354 0.000000 0.950150 0.887428 0.777265 0.644725 0.701596 0.912408 0.396483 0.401362 0.510912 0.577785 0.851782 0.969739 0.908155 0.748236 0.551850 0.540410 0.718775 0.945705 0.804786 0.878938 0.573735 0.709851 0.571517 0.750134 0.975571 0.758894 0.981789 0.947760 0.787191 0.838436 0.846338 0.957346 0.719397 0.813734 0.879276 0.970385 0.997316 0.983879 0.794538 0.951991 0.924675 0.886458 0.856555 0.958972 0.764711 0.464911 0.918156 0.915321 0.504872 0.466141 0.904584 0.963891 0.720600 0.741455 0.553185 0.697492 0.572711 0.846326 0.858003 0.863074 0.883430 0.931202 0.852003 0.802629 0.854042 0.732601 0.627046 0.727880 0.531566 0.409691 0.917138 0.882051 0.669307 0.610276 0.914539 0.758133 0.842810 0.743345 0.953468 0.976528 0.822354 0.970837 0.923369 0.945208 0.687435 0.953710 0.816394 0.965521 0.934330 0.851967 0.946613 0.972225 0.783434 0.894628 0.923176 0.769115 0.908630 0.978531 0.816107 0.960709
0.421345 0.493504 0.906718 0.961894 0.990974 0.753066 0.737361 0.761051 0.732131 0.860325 0.393251 0.466203 0.754656 0.623477 0.903315 0.950150 0.000000 0.253965 0.457244 0.445995 0.988442 0.913390 0.981264 0.835379 0.831320 0.719784 0.908792 0.779848 0.376707 0.341857 0.896642 0.865793 0.467030 0.461708 0.869617 0.910982 0.919585 0.859799 0.973367 0.971113 0.765790 0.734435 0.957754 0.712408 0.835056 0.772300 0.710717 0.724204 0.698655 0.732425 0.846072 0.809444 0.954003 0.989975 0.883615 0.752010 0.406459 0.392126 0.577487 0.732441 0.666719 0.985717 0.337420 0.290211 0.638084 0.667305 0.684931 0.833748 0.509974 0.585881 0.935870 0.990194 0.842515 0.827141 0.824256 0.983573 0.857298 0.910357 0.442021 0.732873 0.355990 0.627066 0.587610 0.587945 0.747035 0.952647 0.972294 0.970054 0.942134 0.897136 0.874565 0.795346 0.799908 0.771817 0.942393 0.751636 0.951935 0.736594 0.865097 0.909542 0.958497 0.995055 0.723209 0.479788 0.891562 0.727684 0.967379 0.821835 0.941023 0.740643 0.972986 0.854130 0.867773 0.823376 0.951249 0.786555
0.363715 0.431784 0.940744 0.896046 0.982821 0.742114 0.773010 0.764868 0.736295 0.942220 0.366494 0.399677 0.717498 0.563468 0.896338 0.887428 0.253965 0.000000 0.383270 0.372451 0.990259 0.888645 0.930885 0.949426 0.914930 0.814861 0.947798 0.803913 0.386307 0.359124 0.894217 0.823424 0.456455 0.414520 0.898627 0.957464 0.890205 0.771492 0.974021 0.920530 0.820613 0.683969 0.996401 0.740046 0.903868 0.826636 0.774660 0.727610 0.777613 0.837437 0.929845 0.914304 0.957276 0.903570 0.912812 0.796535 0.361611 0.360087 0.598468 0.743260 0.697018 0.989760 0.368586 0.322433 0.728327 0.756361 0.727159 0.836831 0.461295 0.553715 0.945353 0.994661 0.818775 0.829534 0.813481 0.985499 0.930918 0.893103 0.449354 0.748219 0.345574 0.522894 0.511170 0.456728 0.679867 0.848262 0.976872 0.912369 0.970073 0.814386 0.832612 0.722227 0.753292 0.714735 0.963614 0.868166 0.870724 0.755505 0.935026 0.942795 0.973852 0.999178 0.784878 0.513421 0.891234 0.695217 0.940912 0.843680 0.990011 0.807931 0.960856 0.892628 0.931059 0.767669 0.955414 0.819665
0.499245 0.458284 0.868690 0.790296 0.892112 0.785845 0.614125 0.621282 0.963750 0.799508 0.569799 0.433770 0.660401 0.618432 0.776388 0.777265 0.457244 0.383270 0.000000 0.485552 0.995358 0.948908 0.662772 0.982198 0.989163 0.858126 0.936606 0.714957 0.471997 0.500340 0.703705 0.712942 0.427632 0.393375 0.932477 0.855209 0.780420 0.835019 0.980210 0.996300 0.971908 0.790576 0.648489 0.525995 0.728271 0.661892 0.558730 0.551100 0.678160 0.733300 0.775611 0.730469 0.918365 0.931799 0.961728 0.855157 0.429494 0.439830 0.540594 0.647581 0.550329 0.807040 0.483790 0.420216 0.894250 0.940815 0.612631 0.627137 0.667128 0.718507 0.773189 0.822101 0.862884 0.827450 0.893404 0.982719 0.804277 0.812684 0.507908 0.777560 0.527847 0.668147 0.622884 0.562892 0.624840 0.798528 0.982932 0.971627 0.934320 0.804728 0.985674 0.885299 0.873448 0.818075 0.893699 0.888199 0.930574 0.742725 0.746114 0.675089 0.959168 0.879779 0.730259 0.543467 0.894520 0.677275 0.990259 0.843777 0.923773 0.731525 0.851677 0.830133 0.778464 0.637153 0.775941 0.979024
0.367028 0.402465 0.768808 0.745498 0.853827 0.977223 0.973681 0.837214 0.920685 0.876910 0.439800 0.416720 0.635546 0.468926 0.740322 0.644725 0.445995 0.372451 0.485552 0.000000 0.844407 0.971139 0.779737 0.743314 0.793900 0.878096 0.864105 0.890809 0.548126 0.484061 0.823529 0.786372 0.599059 0.626750 0.954031 0.983110 0.670650 0.589528 0.804880 0.785587 0.821477 0.588540 0.939815 0.882484 0.884500 0.955761 0.829701 0.858972 0.985988 0.997715 0.883095 0.923291 0.850344 0.764782 0.846199 0.879477 0.442683 0.417735 0.878018 0.856967 0.831826 0.798966 0.680189 0.568016 0.937427 0.938770 0.994309 0.981735 0.396015 0.443341 0.889539 0.965723 0.674089 0.780694 0.778115 0.899109 0.850951 0.932605 0.591406 0.675579 0.455736 0.428144 0.525187 0.376114 0.512425 0.608042 0.916525 0.924771 0.883061 0.654865 0.808347 0.658231 0.728015 0.684060 0.950413 0.919699 0.916778 0.837812 0.893190 0.937135 0.781698 0.890312 0.996535 0.763763 0.973519 0.795502 0.958491 0.927911 0.906918 0.776869 0.948126 0.916656 0.923285 0.812909 0.964057 0.840652
0.850220 0.920216 0.775468 0.642419 0.965158 0.923743 0.814911 0.976418 0.991735 0.846167 0.973960 0.835389 0.778114 0.767159 0.717759 0.701596 0.988442 0.990259 0.995358 0.844407 0.000000 0.861732 0.753680 0.638456 0.662355 0.784324 0.905177 0.872435 0.971871 0.952343 0.838419 0.701621 0.933101 0.982974 0.923906 0.867704 0.767000 0.877565 0.785503 0.838599 0.891612 0.908270 0.792526 0.916975 0.731522 0.778242 0.876969 0.910015 0.701955 0.778243 0.792331 0.813408 0.840145 0.835387 0.922725 0.900782 0.970067 0.924046 0.783295 0.868282 0.899119 0.920694 0.905627 0.961683 0.764438 0.788111 0.777652 0.763418 0.749349 0.871307 0.970239 0.972148 0.994537 0.940746 0.955898 0.933253 0.877062 0.965000 0.993610 0.959921 0.987534 0.904472 0.849705 0.902350 0.873821 0.676331 0.963248 0.913298 0.838250 0.750991 0.860589 0.730698 0.850020 0.837864 0.994105 0.923458 0.923583 0.937357 0.786460 0.823495 0.762959 0.845067 0.769183 0.904651 0.913082 0.947102 0.935705 0.907376 0.896025 0.948942 0.814695 0.681718 0.707431 0.958032 0.875104 0.915930
0.947976 0.975537 0.883524 0.817347 0.991343 0.820385 0.986811 0.865760 0.876016 0.963146 0.895829 0.951276 0.978352 0.950056 0.859995 0.912408 0.913390 0.888645 0.948908 0.971139 0.861732 0.000000 0.999107 0.921445 0.990319 0.928471 0.855734 0.910121 0.830016 0.948620 0.878708 0.952010 0.973980 0.922635 0.840756 0.921083 0.897315 0.941568 0.850513 0.788178 0.876844 0.932034 0.963603 0.878303 0.989261 0.977558 0.943254 0.980697 0.998056 0.916591 0.906863 0.925989 0.900663 0.892485 0.844482 0.859444 0.974095 0.997738 0.914606 0.947434 0.969229 0.975000 0.964799 0.927838 0.922528 0.989415 0.931769 0.946118 0.934296 0.963116 0.997929 0.919766 0.887442 0.822479 0.898801 0.970056 0.945750 0.960241 0.987381 0.948917 0.919318 0.951598 0.996536 0.977880 0.966098 0.962503 0.917980 0.989253 0.962472 0.999367 0.897017 0.960586 0.900438 0.988441 0.998212 0.980556 0.821166 0.975761 0.974461 0.914458 0.957876 0.945813 0.985628 0.911337 0.912039 0.952411 0.840421 0.853316 0.950849 0.941425 0.978850 0.871572 0.986940 0.928775 0.929395 0.978030
0.851452 0.897784 0.503381 0.572274 0.819839 0.806579 0.801772 0.665346 0.682077 0.940198 0.987420 0.625427 0.438015 0.579314 0.422727 0.396483 0.981264 0.930885 0.662772 0.779737 0.753680 0.999107 0.000000 0.534394 0.632344 0.729572 0.931001 0.917823 0.876223 0.782211 0.427569 0.477862 0.684756 0.827908 0.845689 0.940017 0.735521 0.894290 0.874074 0.937889 0.906606 0.920090 0.790886 0.808353 0.924354 0.935695 0.757416 0.824437 0.791531 0.826692 0.943509 0.972680 0.990151 0.996445 0.983394 0.962736 0.996372 0.969940 0.961654 0.923225 0.627526 0.531901 0.972667 0.879436 0.580788 0.505999 0.876391 0.760571 0.862792 0.928042 0.574330 0.635023 0.622773 0.868756 0.916394 0.968733 0.820465 0.817182 0.892587 0.860103 0.979006 0.877730 0.718251 0.810582 0.612373 0.560672 0.955910 0.910535 0.707939 0.681967 0.976993 0.858007 0.890895 0.920843 0.869154 0.972393 0.881625 0.913596 0.913104 0.837183 0.853307 0.916452 0.904679 0.930700 0.832541 0.736319 0.934959 0.939178 0.741232 0.975685 0.922406 0.884657 0.925931 0.927217 0.549837 0.965676
0.802680 0.872609 0.577184 0.459797 0.887779 0.752588 0.702165 0.908871 0.931195 0.725410 0.891238 0.763901 0.683775 0.567627 0.597418 0.401362 0.835379 0.949426 0.982198 0.743314 0.638456 0.921445 0.534394 0.000000 0.380167 0.461405 0.687385 0.789506 0.829896 0.984580 0.799520 0.690270 0.989477 0.841028 0.788120 0.827271 0.627690 0.639845 0.521551 0.621657 0.970095 0.759381 0.807620 0.873562 0.586502 0.651232 0.888627 0.887271 0.533351 0.657158 0.669914 0.735136 0.799631 0.728380 0.961284 0.953311 0.974757 0.955709 0.698354 0.864753 0.901899 0.664474 0.706517 0.822521 0.410097 0.440791 0.722455 0.842548 0.741868 0.774382 0.850459 0.912739 0.839639 0.952070 0.856147 0.915597 0.991263 0.962988 0.908135 0.901980 0.959581 0.773620 0.715629 0.769104 0.658548 0.365674 0.943050 0.964140 0.605530 0.517178 0.763076 0.614697 0.774648 0.735235 0.986054 0.842577 0.970577 0.880208 0.685685 0.776343 0.570031 0.734763 0.655030 0.830489 0.961466 0.958842 0.929873 0.785341 0.939962 0.984532 0.847159 0.614211 0.748937 0.983072 0.915650 0.929852
0.817782 0.825927 0.500803 0.501472 0.984130 0.792810 0.678776 0.954763 0.852828 0.682786 0.949567 0.824260 0.740674 0.674843 0.668587 0.510912 0.831320 0.914930 0.989163 0.793900 0.662355 0.990319 0.632344 0.380167 0.000000 0.390246 0.606730 0.698258 0.822095 0.949586 0.785324 0.680565 0.906583 0.803175 0.829802 0.810907 0.592728 0.570381 0.521546 0.627738 0.961330 0.787568 0.782873 0.820329 0.534061 0.585051 0.868872 0.811585 0.521446 0.679165 0.605626 0.683450 0.739091 0.699095 0.923919 0.922675 0.927640 0.936630 0.641718 0.859332 0.826586 0.772344 0.615184 0.752401 0.384764 0.520561 0.632664 0.741763 0.665325 0.809476 0.859818 0.918020 0.760035 0.778039 0.980033 0.967353 0.907948 0.900491 0.862302 0.937782 0.938645 0.833990 0.808883 0.810018 0.698526 0.397606 0.959350 0.971813 0.646366 0.589842 0.705313 0.659876 0.731385 0.760513 0.984690 0.850168 0.997775 0.860545 0.664599 0.734101 0.551075 0.768738 0.732321 0.765481 0.926003 0.933582 0.908985 0.727822 0.900872 0.994527 0.847968 0.582761 0.812925 0.903127 0.901752 0.981210
0.907334 0.879641 0.516679 0.493574 0.878604 0.708694 0.802034 0.918877 0.721632 0.844178 0.906598 0.886847 0.801013 0.729563 0.769929 0.577785 0.719784 0.814861 0.858126 0.878096 0.784324 0.928471 0.729572 0.461405 0.390246 0.000000 0.737887 0.779567 0.769848 0.814142 0.838674 0.838634 0.863496 0.767248 0.757647 0.736784 0.673507 0.608176 0.520964 0.785002 0.970617 0.742527 0.856154 0.811299 0.613559 0.641111 0.819263 0.795467 0.597641 0.750506 0.720309 0.757373 0.866047 0.825237 0.933183 0.950514 0.952198 0.993365 0.608035 0.841065 0.861319 0.659291 0.583513 0.725011 0.414794 0.520779 0.667567 0.760527 0.791657 0.862606 0.770500 0.827297 0.818612 0.894787 0.918434 0.955363 0.868026 0.970146 0.805162 0.950599 0.874305 0.910537 0.945847 0.905178 0.811768 0.567978 0.954046 0.942759 0.677570 0.645368 0.927975 0.876611 0.986094 0.991643 0.911028 0.828673 0.837912 0.881002 0.814914 0.785756 0.729508 0.934759 0.815097 0.804770 0.961857 0.950331 0.879006 0.875650 0.902183 0.997145 0.961307 0.697209 0.933912 0.912685 0.989675 0.937286
0.942887 0.907133 0.751150 0.729175 0.880739 0.851878 0.752939 0.931538 0.999620 0.739981 0.958741 0.948815 0.954298 0.953387 0.937987 0.851782 0.908792 0.947798 0.936606 0.864105 0.905177 0.855734 0.931001 0.687385 0.606730 0.737887 0.000000 0.744002 0.825954 0.910702 0.980284 0.995129 0.825858 0.867084 0.917732 0.898508 0.764307 0.729216 0.828254 0.803668 0.917665 0.795355 0.817319 0.917728 0.665246 0.732539 0.925865 0.900884 0.757722 0.853867 0.688205 0.774454 0.703133 0.682762 0.965924 0.987117 0.932028 0.894653 0.819390 0.910473 0.760209 0.931693 0.778145 0.828233 0.698869 0.901487 0.694384 0.724759 0.804521 0.794657 0.899065 0.923473 0.977577 0.945791 0.963978 0.978253 0.915910 0.926359 0.955428 0.996811 0.863846 0.910587 0.892187 0.833702 0.953756 0.731660 0.904496 0.858665 0.884607 0.689594 0.737793 0.793258 0.793424 0.870808 0.862884 0.974485 0.994654 0.935775 0.733025 0.886956 0.715631 0.789374 0.891189 0.746956 0.962760 0.973309 0.867200 0.814787 0.948891 0.951736 0.900155 0.772078 0.878801 0.863589 0.982622 0.940020
0.917676 0.852854 0.965447 0.895002 0.823205 0.702885 0.556120 0.724174 0.898338 0.649396 0.819830 0.790183 0.821859 0.984661 0.994350 0.969739 0.779848 0.803913 0.714957 0.890809 0.872435 0.910121 0.917823 0.789506 0.698258 0.779567 0.744002 0.000000 0.726468 0.828236 0.900806 0.978373 0.715511 0.637266 0.792273 0.860094 0.857627 0.883471 0.764392 0.856684 0.916912 0.893877 0.668636 0.683044 0.609738 0.608358 0.650010 0.658530 0.619996 0.657560 0.631866 0.639224 0.782198 0.763216 0.883028 0.850782 0.830027 0.821346 0.563518 0.646257 0.553376 0.825246 0.640550 0.712435 0.846188 0.933285 0.549693 0.612086 0.875775 0.901619 0.862218 0.944800 0.981027 0.988144 0.885588 0.961553 0.774519 0.884448 0.873760 0.838286 0.867160 0.986644 0.990090 0.942524 0.943416 0.883981 0.989768 0.898624 0.958600 0.894162 0.857398 0.838137 0.875290 0.987801 0.990075 0.941262 0.898535 0.740341 0.655442 0.609888 0.905557 0.762381 0.770415 0.722782 0.821323 0.985399 0.912223 0.880206 0.907879 0.892189 0.822035 0.768241 0.800704 0.859820 0.862563 0.919604
0.562187 0.636516 0.971869 0.907999 0.933159 0.797851 0.750207 0.877229 0.949465 0.861139 0.441866 0.580906 0.722782 0.722426 0.798060 0.908155 0.376707 0.386307 0.471997 0.548126 0.971871 0.830016 0.876223 0.829896 0.822095 0.769848 0.825954 0.726468 0.000000 0.313930 0.763511 0.791185 0.507015 0.469795 0.923353 0.962262 0.982086 0.900718 0.890774 0.963078 0.896693 0.847639 0.889037 0.776850 0.781845 0.769102 0.677766 0.633630 0.731687 0.814521 0.827954 0.775722 0.946132 0.957131 0.955660 0.917972 0.579737 0.575749 0.613498 0.675785 0.598574 0.933137 0.420966 0.406996 0.698826 0.813597 0.703311 0.759029 0.613308 0.770812 0.828456 0.995366 0.712444 0.725177 0.905763 0.940047 0.926499 0.833226 0.551324 0.848094 0.475356 0.706535 0.618112 0.692296 0.749978 0.975260 0.988240 0.994603 0.921019 0.995499 0.865303 0.833335 0.754110 0.779559 0.935261 0.827099 0.965841 0.760741 0.846193 0.863809 0.945602 0.926872 0.705036 0.551892 0.885364 0.677257 0.981488 0.812191 0.888757 0.840715 0.992040 0.869142 0.835554 0.807964 0.910625 0.871353
0.500946 0.685253 0.929814 0.949111 0.895638 0.929716 0.812429 0.855985 0.838525 0.971297 0.405188 0.494571 0.622856 0.569265 0.662385 0.748236 0.341857 0.359124 0.500340 0.484061 0.952343 0.948620 0.782211 0.984580 0.949586 0.814142 0.910702 0.828236 0.313930 0.000000 0.720973 0.685761 0.486616 0.527000 0.971456 0.955974 0.902978 0.894207 0.989926 0.869340 0.873491 0.794368 0.928265 0.875378 0.991969 0.942693 0.737546 0.753444 0.931184 0.970664 0.994293 0.918058 0.922087 0.913533 0.826708 0.875143 0.619005 0.604845 0.691504 0.749003 0.610713 0.921286 0.411938 0.381001 0.778121 0.883363 0.753518 0.803185 0.498668 0.709953 0.833277 0.993889 0.658288 0.698369 0.742279 0.888510 0.918843 0.850162 0.580541 0.806134 0.464176 0.683666 0.541413 0.620544 0.718401 0.844788 0.974771 0.959034 0.929877 0.949662 0.741664 0.667350 0.608345 0.653988 0.941490 0.833884 0.938986 0.787822 0.991167 0.998817 0.937234 0.978053 0.847326 0.551587 0.894079 0.621641 0.942991 0.917442 0.854979 0.883014 0.881458 0.945990 0.971595 0.954080 0.867597 0.819895
0.891769 0.892949 0.601328 0.664076 0.721205 0.803730 0.665294 0.583744 0.651492 0.667064 0.806000 0.656166 0.489604 0.701304 0.491179 0.551850 0.896642 0.894217 0.703705 0.823529 0.838419 0.878708 0.427569 0.799520 0.785324 0.838674 0.980284 0.900806 0.763511 0.720973 0.000000 0.486252 0.606206 0.702538 0.993844 0.883107 0.841527 0.989018 0.928157 0.928719 0.925300 0.866069 0.714129 0.707663 0.937263 0.907717 0.717234 0.690239 0.945847 0.978047 0.880277 0.844579 0.855526 0.837624 0.965625 0.970693 0.982588 0.958304 0.859736 0.806687 0.530946 0.533909 0.827296 0.721590 0.809779 0.668666 0.761753 0.662733 0.895503 0.957801 0.507079 0.619692 0.639268 0.786266 0.907872 0.996232 0.703359 0.696664 0.766182 0.997296 0.946339 0.960513 0.845831 0.995351 0.799503 0.776498 0.897812 0.734666 0.808058 0.884319 0.915555 0.990536 0.976378 0.993905 0.865972 0.844854 0.798282 0.803226 0.797614 0.722169 0.947464 0.851948 0.896655 0.790835 0.768976 0.663717 0.768934 0.754967 0.686072 0.952859 0.771810 0.979576 0.867137 0.916037 0.614383 0.937437
0.845530 0.867862 0.661074 0.666075 0.909311 0.918553 0.906524 0.793448 0.888965 0.901214 0.824477 0.635979 0.630972 0.587887 0.598271 0.540410 0.865793 0.823424 0.712942 0.786372 0.701621 0.952010 0.477862 0.690270 0.680565 0.838634 0.995129 0.978373 0.791185 0.685761 0.486252 0.000000 0.640691 0.822966 0.970673 0.922282 0.804555 0.765133 0.922415 0.804876 0.992370 0.823264 0.918153 0.820981 0.939895 0.959040 0.789748 0.929124 0.872954 0.805445 0.986940 0.991464 0.988018 0.978499 0.967129 0.940656 0.859565 0.948713 0.972799 0.953045 0.775856 0.718234 0.881228 0.788503 0.885122 0.777551 0.955791 0.940968 0.806456 0.917416 0.722486 0.680347 0.807502 0.839377 0.993768 0.845421 0.780668 0.744890 0.824944 0.997238 0.888460 0.977564 0.690838 0.840359 0.847720 0.725210 0.861383 0.724567 0.855894 0.847984 0.918062 0.785417 0.807538 0.879982 0.992963 0.894594 0.990448 0.856324 0.998088 0.975690 0.917609 0.936514 0.985826 0.824678 0.953497 0.750089 0.990905 0.855074 0.851461 0.974473 0.912719 0.850973 0.982912 0.912205 0.664870 0.930651
0.515767 0.593252 0.856533 0.775903 0.923593 0.928726 0.580749 0.558557 0.928911 0.683991 0.578721 0.467522 0.560368 0.544455 0.640088 0.718775 0.467030 0.456455 0.427632 0.599059 0.933101 0.973980 0.684756 0.989477 0.906583 0.863496 0.825858 0.715511 0.507015 0.486616 0.606206 0.640691 0.000000 0.420721 0.880954 0.907250 0.868938 0.923032 0.919827 0.966051 0.956922 0.741887 0.734152 0.544206 0.690321 0.636119 0.606379 0.562325 0.681349 0.687510 0.638284 0.602463 0.731302 0.755451 0.847119 0.767513 0.566435 0.551252 0.568268 0.722134 0.438228 0.696343 0.428207 0.372909 0.864756 0.945213 0.554473 0.634097 0.698774 0.746176 0.668567 0.717936 0.810827 0.914271 0.808734 0.872379 0.802311 0.764319 0.501770 0.768978 0.522664 0.737854 0.587122 0.662641 0.691172 0.858073 0.996049 0.828214 0.920256 0.853950 0.891386 0.990738 0.995051 0.923723 0.934835 0.811305 0.970448 0.643921 0.635343 0.677059 0.965657 0.868891 0.725173 0.439233 0.846031 0.665176 0.988312 0.746740 0.907375 0.805277 0.752839 0.818494 0.776757 0.623271 0.680870 0.955840
0.544298 0.559870 0.926503 0.872179 0.843343 0.813031 0.452037 0.524549 0.961429 0.660836 0.537993 0.519422 0.637752 0.772180 0.854352 0.945705 0.461708 0.414520 0.393375 0.626750 0.982974 0.922635 0.827908 0.841028 0.803175 0.767248 0.867084 0.637266 0.469795 0.527000 0.702538 0.822966 0.420721 0.000000 0.986008 0.843987 0.955122 0.974279 0.909568 0.931909 0.925015 0.864386 0.713478 0.534523 0.612431 0.546247 0.553452 0.426809 0.591342 0.634464 0.656206 0.592879 0.835042 0.868549 0.855520 0.752973 0.524937 0.501608 0.371600 0.452574 0.402435 0.826639 0.344144 0.359640 0.820033 0.890631 0.430551 0.482583 0.729998 0.794934 0.871728 0.955785 0.950891 0.897757 0.866572 0.999713 0.763518 0.845770 0.525087 0.807482 0.617829 0.839229 0.718174 0.714501 0.813224 0.941635 0.968885 0.848383 0.999179 0.921625 0.997158 0.980743 0.948267 0.866473 0.872760 0.894220 0.984715 0.624654 0.654845 0.616057 0.874651 0.870969 0.611090 0.490419 0.815065 0.644782 0.962347 0.826527 0.868915 0.815745 0.733284 0.812118 0.763042 0.640166 0.684561 0.879531
0.908708 0.917117 0.672917 0.832585 0.846261 0.931479 0.863932 0.854402 0.772755 0.973330 0.942059 0.974181 0.830775 0.920178 0.812546 0.804786 0.869617 0.898627 0.932477 0.954031 0.923906 0.840756 0.845689 0.788120 0.829802 0.757647 0.917732 0.792273 0.923353 0.971456 0.993844 0.970673 0.880954 0.986008 0.000000 0.928357 0.969839 0.933145 0.980007 0.786767 0.763885 0.953349 0.861821 0.909599 0.900542 0.873410 0.825695 0.787172 0.942135 0.792508 0.851450 0.802857 0.920368 0.909761 0.843791 0.825454 0.939914 0.935700 0.960359 0.800608 0.812454 0.768983 0.932177 0.910320 0.708030 0.779528 0.852543 0.819208 0.965781 0.967005 0.797518 0.977296 0.986712 0.945494 0.973830 0.830933 0.816882 0.977503 0.924939 0.918829 0.951117 0.941534 0.969337 0.928209 0.803231 0.787253 0.891283 0.969936 0.915263 0.813054 0.922915 0.905507 0.918189 0.986766 0.995984 0.854753 0.880931 0.984464 0.863124 0.850208 0.705498 0.914178 0.950468 0.993234 0.912574 0.918998 0.959198 0.881409 0.997225 0.979883 0.957145 0.981586 0.837399 0.863738 0.906902 0.973731
0.942872 0.992414 0.871228 0.874870 0.818354 0.873635 0.830544 0.913717 0.933270 0.813448 0.965708 0.981483 0.987533 0.984644 0.916384 0.878938 0.910982 0.957464 0.855209 0.983110 0.867704 0.921083 0.940017 0.827271 0.810907 0.736784 0.898508 0.860094 0.962262 0.955974 0.883107 0.922282 0.907250 0.843987 0.928357 0.000000 0.944680 0.896640 0.989054 0.932857 0.846397 0.987631 0.783174 0.799781 0.706515 0.729213 0.827708 0.799016 0.750031 0.761402 0.724313 0.782669 0.722849 0.751458 0.964802 0.979625 0.974216 0.928702 0.754625 0.907215 0.824391 0.947614 0.853430 0.859846 0.843590 0.871890 0.764003 0.750071 0.888867 0.966258 0.983936 0.988654 0.921754 0.963954 0.917135 0.961089 0.835666 0.929996 0.922766 0.925338 0.958346 0.895158 0.959783 0.935423 0.969980 0.922051 0.979580 0.957074 0.930947 0.964433 0.919641 0.774443 0.903749 0.967399 0.926821 0.983595 0.896294 0.846789 0.766719 0.690199 0.834098 0.921439 0.803146 0.792621 0.968160 0.961433 0.922165 0.864188 0.842854 0.928672 0.824958 0.660432 0.964604 0.896136 0.992389 0.948425
0.702292 0.661304 0.616313 0.584405 0.920592 0.811847 0.860187 0.911175 0.831219 0.884328 0.974206 0.685564 0.771969 0.594126 0.673650 0.573735 0.919585 0.890205 0.780420 0.670650 0.767000 0.897315 0.735521 0.627690 0.592728 0.673507 0.764307 0.857627 0.982086 0.902978 0.841527 0.804555 0.868938 0.955122 0.969839 0.944680 0.000000 0.641116 0.704498 0.735682 0.792203 0.833557 0.954694 0.883735 0.807889 0.894633 0.917050 0.980926 0.880504 0.954504 0.891871 0.956309 0.972588 0.988995 0.836556 0.975975 0.746516 0.703411 0.776429 0.847202 0.953991 0.701370 0.799284 0.990583 0.657063 0.755065 0.747398 0.879837 0.666524 0.696289 0.802002 0.697063 0.782714 0.859591 0.987725 0.964429 0.833525 0.910679 0.826457 0.787779 0.807335 0.724930 0.819570 0.745978 0.637187 0.604110 0.971387 0.919719 0.734269 0.636253 0.975434 0.951494 0.938945 0.995090 0.972585 0.808480 0.928872 0.973192 0.957527 0.948737 0.714840 0.932293 0.984512 0.993372 0.946759 0.927543 0.969542 0.971402 0.836287 0.907791 0.897284 0.962171 0.936533 0.899006 0.996872 0.955376
0.649117 0.556647 0.813950 0.720983 0.751837 0.909952 0.727088 0.942662 0.986698 0.749943 0.855471 0.692511 0.938795 0.627098 0.927500 0.709851 0.859799 0.771492 0.835019 0.589528 0.877565 0.941568 0.894290 0.639845 0.570381 0.608176 0.729216 0.883471 0.900718 0.894207 0.989018 0.765133 0.923032 0.974279 0.933145 0.896640 0.641116 0.000000 0.661466 0.740805 0.762513 0.625643 0.878316 0.991097 0.768109 0.812481 0.994465 0.931872 0.893561 0.884683 0.862172 0.820469 0.914681 0.817641 0.903977 0.903724 0.580540 0.629888 0.764516 0.858568 0.798104 0.882253 0.887248 0.984666 0.737678 0.886757 0.688176 0.700999 0.632851 0.665646 0.991678 0.913511 0.845876 0.944617 0.922147 0.953735 0.947156 0.942799 0.787299 0.852077 0.694225 0.578391 0.648367 0.504153 0.647831 0.626124 0.935131 0.883176 0.770763 0.598843 0.868367 0.768642 0.845062 0.833363 0.995976 0.901505 0.990947 0.954306 0.790998 0.782213 0.790594 0.809076 0.958727 0.998677 0.899781 0.980337 0.991963 0.945168 0.925189 0.862260 0.919310 0.817966 0.835099 0.806432 0.848657 0.907811
