0.000000 0.226451 0.640727 0.725922 0.782917 0.870834 0.901118 0.455916 0.807557 0.692563 0.343244 0.272243 0.455128 0.313576 0.778471 0.723653 0.351703 0.328736 0.362413 0.283826 0.982692 0.828039 0.817594 0.985614 0.682645 0.730487 0.928059 0.981440 0.349728 0.404288 0.923381 0.954484 0.756539 0.517780 0.696509 0.667661 0.868135 0.936651 0.934999 0.977007 0.739873 0.792465 0.930040 0.668282 0.943268 0.525271 0.714239 0.645393 0.247163 0.280378 0.260618 0.279723 0.323229 0.406941 0.648937 0.413214 0.341075 0.273733 0.382169 0.288710 0.683681 0.325888 0.401029 0.295645 0.553807 0.884779 0.608433 0.691627 0.442793 0.452329 0.904382 0.943261 0.531991 0.513287 0.821484 0.826701 0.479190 0.742287 0.736586 0.560846 0.370650 0.371026 0.648336 0.796754 0.737091 0.758263 0.746479 0.981185 0.926746 0.716337 0.954935 0.507778 0.592660 0.442867 0.958761 0.869699 0.929430 0.636395 0.689999 0.754292 0.794041 0.980151 0.611561 0.649318 0.850991 0.861372 0.982138 0.907080 0.962942 0.952906 0.889185 0.985525 0.546870 0.996403 0.977640 0.752864
0.226451 0.000000 0.632662 0.744522 0.743843 0.839482 0.860550 0.438123 0.798426 0.617910 0.372689 0.277932 0.542088 0.340283 0.800733 0.710783 0.313524 0.278195 0.312033 0.246502 0.980568 0.786685 0.843332 0.991943 0.723322 0.781014 0.955896 0.987183 0.321933 0.342619 0.972040 0.927181 0.698994 0.498789 0.700361 0.645771 0.938199 0.877198 0.934585 0.921315 0.744159 0.798055 0.953449 0.627510 0.934392 0.507522 0.675582 0.603680 0.246013 0.248880 0.249265 0.266079 0.331786 0.378249 0.601876 0.404197 0.274146 0.227109 0.481480 0.342822 0.788366 0.356399 0.403780 0.274017 0.493079 0.838834 0.547951 0.689371 0.436496 0.406777 0.979745 0.962211 0.464775 0.464449 0.740505 0.848774 0.454674 0.674906 0.670308 0.436016 0.275654 0.296774 0.642288 0.701293 0.785274 0.745495 0.728271 0.904775 0.958881 0.755428 0.942125 0.530389 0.573857 0.459540 0.957635 0.825501 0.960920 0.622268 0.708001 0.762343 0.789855 0.982000 0.595157 0.660160 0.824513 0.882582 0.955432 0.826390 0.978783 0.996031 0.885428 0.971139 0.578665 0.944854 0.963276 0.743461
0.640727 0.632662 0.000000 0.673385 0.744459 0.861925 0.495724 0.861944 0.664518 0.924258 0.669603 0.555256 0.932801 0.605644 0.878686 0.840604 0.755513 0.784571 0.696508 0.592539 0.925228 0.988974 0.576863 0.955261 0.525300 0.386591 0.975872 0.971753 0.704193 0.694875 0.607260 0.708143 0.717618 0.943337 0.503424 0.614436 0.709638 0.935442 0.841879 0.940346 0.973523 0.943681 0.555607 0.907807 0.698351 0.983032 0.946755 0.838454 0.701443 0.613512 0.749853 0.731412 0.796739 0.860776 0.901394 0.793546 0.628732 0.606996 0.746848 0.617288 0.858646 0.701252 0.762764 0.665010 0.337607 0.559813 0.413924 0.448821 0.641817 0.613956 0.879811 0.912356 0.805419 0.811311 0.953209 0.985821 0.750788 0.983000 0.986665 0.853772 0.790558 0.765786 0.983116 0.984396 0.708276 0.829414 0.778004 0.975336 0.828712 0.983164 0.568222 0.501947 0.418386 0.597749 0.820342 0.886317 0.810671 0.532346 0.827063 0.791670 0.952421 0.693118 0.972027 0.993849 0.785028 0.613538 0.859743 0.770576 0.967385 0.901694 0.709768 0.897871 0.971818 0.981020 0.661489 0.914466
0.725922 0.744522 0.673385 0.000000 0.998263 0.993900 0.718717 0.738642 0.932665 0.880517 0.831632 0.809860 0.692530 0.776404 0.772289 0.869551 0.732726 0.736235 0.781895 0.746131 0.966668 0.912574 0.763872 0.826993 0.845257 0.768875 0.962506 0.940106 0.835624 0.863122 0.932879 0.888147 0.625193 0.769018 0.938972 0.985540 0.993266 0.838371 0.887176 0.891778 0.934462 0.862725 0.927961 0.808045 0.850563 0.767524 0.893764 0.584601 0.766479 0.789185 0.683090 0.711235 0.663067 0.730486 0.779331 0.730634 0.759820 0.744724 0.684950 0.820873 0.683241 0.755880 0.850890 0.769325 0.753913 0.680055 0.863741 0.840929 0.741497 0.723087 0.969398 0.933273 0.903001 0.993583 0.852347 0.885651 0.906930 0.912900 0.748447 0.761560 0.758349 0.691264 0.618913 0.704103 0.569318 0.594100 0.900890 0.710566 0.790458 0.758482 0.846776 0.970979 0.909982 0.909711 0.902825 0.936161 0.715590 0.868853 0.750483 0.730167 0.959753 0.787513 0.754312 0.830913 0.658545 0.794801 0.834447 0.894534 0.938219 0.973619 0.884163 0.979523 0.745063 0.981324 0.957520 0.791541
0.782917 0.743843 0.744459 0.998263 0.000000 0.979282 0.881323 0.854559 0.804315 0.870557 0.788770 0.772839 0.970431 0.791735 0.933125 0.977544 0.725648 0.745652 0.664840 0.741209 0.919567 0.957971 0.867345 0.982471 0.979094 0.930500 0.956885 0.909726 0.823427 0.874708 0.985938 0.983541 0.952079 0.925326 0.861223 0.926758 0.974017 0.807398 0.884175 0.947395 0.950036 0.900571 0.872975 0.947169 0.929552 0.884331 0.894777 0.885956 0.806338 0.822932 0.856567 0.839622 0.865842 0.855859 0.752766 0.816726 0.793136 0.790541 0.938557 0.977325 0.907349 0.851499 0.869693 0.799183 0.711076 0.815091 0.820055 0.767771 0.715171 0.796517 0.790315 0.809538 0.781793 0.747353 0.855693 0.944105 0.715549 0.895488 0.953323 0.805410 0.741744 0.640221 0.861930 0.753260 0.943910 0.971353 0.932961 0.853332 0.932062 0.823600 0.809345 0.727595 0.771313 0.771004 0.923981 0.969549 0.993217 0.837257 0.995520 0.927998 0.958865 0.944240 0.942070 0.869318 0.869881 0.818513 0.936429 0.773300 0.937620 0.943322 0.853177 0.878213 0.954732 0.941833 0.864808 0.877469
0.870834 0.839482 0.861925 0.993900 0.979282 0.000000 0.997845 0.711103 0.877929 0.839823 0.881448 0.778752 0.821228 0.781597 0.852353 0.760177 0.971114 0.977083 0.949983 0.882147 0.804745 0.939732 0.905541 0.932949 0.776267 0.949280 0.932778 0.921159 0.763580 0.838822 0.995955 0.888740 0.862381 0.890005 0.896149 0.983560 0.863361 0.966864 0.999413 0.954399 0.833192 0.881752 0.909639 0.780239 0.947715 0.849272 0.991118 0.960055 0.859359 0.776667 0.828057 0.789284 0.948980 0.801493 0.848298 0.999966 0.972943 0.898878 0.925766 0.748869 0.901720 0.744321 0.851130 0.835129 0.874871 0.837736 0.931721 0.971599 0.870537 0.939010 0.984592 0.946109 0.970605 0.976306 0.810594 0.958449 0.774187 0.881286 0.932252 0.947388 0.937061 0.923068 0.936182 0.814733 0.960955 0.973904 0.995929 0.897721 0.810754 0.872572 0.892130 0.984017 0.924383 0.945051 0.986910 0.988227 0.954121 0.893316 0.932868 0.930550 0.793454 0.925897 0.983117 0.925209 0.860974 0.988108 0.976577 0.743895 0.775226 0.770192 0.925611 0.953313 0.970883 0.985309 0.942240 0.929533
0.901118 0.860550 0.495724 0.718717 0.881323 0.997845 0.000000 0.601971 0.466012 0.588319 0.830174 0.984108 0.746898 0.862569 0.845399 0.881194 0.841932 0.914701 0.965719 0.895483 0.797657 0.910859 0.963590 0.702968 0.972882 0.789091 0.682875 0.828997 0.888244 0.886023 0.746907 0.712914 0.568110 0.710209 0.697629 0.792902 0.960491 0.983861 0.989109 0.941546 0.871660 0.848182 0.395221 0.576456 0.407068 0.704857 0.811524 0.626042 0.935678 0.765342 0.947863 0.862556 0.874973 0.965453 0.930029 0.943265 0.917788 0.781031 0.933062 0.842951 0.435145 0.822138 0.815317 0.930949 0.614511 0.478730 0.395147 0.330575 0.654398 0.692752 0.953552 0.779267 0.986644 0.923314 0.964698 0.990962 0.965472 0.980350 0.818527 0.893388 0.984584 0.920600 0.982761 0.993212 0.834426 0.925962 0.909835 0.774508 0.982864 0.847395 0.480671 0.585362 0.517774 0.609009 0.869539 0.957908 0.701939 0.555229 0.490993 0.490691 0.622294 0.582479 0.797484 0.819657 0.837335 0.729133 0.799869 0.614073 0.896303 0.932534 0.576203 0.568927 0.727029 0.981356 0.706868 0.913759
0.455916 0.438123 0.861944 0.738642 0.854559 0.711103 0.601971 0.000000 0.759754 0.356733 0.298315 0.342650 0.455251 0.501858 0.800631 0.764001 0.344710 0.416880 0.519858 0.466850 0.749108 0.938376 0.744096 0.699548 0.526498 0.764437 0.771067 0.858154 0.324913 0.318983 0.935510 0.873111 0.587905 0.426050 0.813086 0.795932 0.837147 0.986321 0.860806 0.970009 0.974948 0.999583 0.704620 0.431906 0.605560 0.395519 0.707186 0.529515 0.447401 0.529948 0.446333 0.515602 0.619460 0.557675 0.852903 0.649997 0.487317 0.526810 0.488052 0.520098 0.420803 0.276360 0.309381 0.313443 0.711078 0.815865 0.985879 0.859219 0.846121 0.739654 0.994949 0.875478 0.632549 0.634425 0.692594 0.902195 0.530180 0.762365 0.685577 0.711967 0.460313 0.539444 0.761881 0.877979 0.889611 0.996024 0.828898 0.866065 0.888553 0.958494 0.782778 0.875164 0.921674 0.858457 0.932437 0.775473 0.820592 0.924718 0.440361 0.521844 0.545450 0.710627 0.618728 0.583015 0.810523 0.904094 0.946593 0.879381 0.912597 0.974536 0.754076 0.651494 0.493598 0.962806 0.874025 0.746234
0.807557 0.798426 0.664518 0.932665 0.804315 0.877929 0.466012 0.759754 0.000000 0.690310 0.983194 0.875665 0.963366 0.758094 0.897195 0.910276 0.986491 0.873990 0.820713 0.814185 0.973166 0.887366 0.965606 0.694152 0.975434 0.820188 0.761168 0.810626 0.991865 0.968781 0.688943 0.741553 0.890074 0.936296 0.741710 0.908154 0.962819 0.983055 0.903563 0.865458 0.769699 0.834549 0.563541 0.705232 0.593517 0.780708 0.935002 0.810912 0.884147 0.798086 0.945817 0.914812 0.902117 0.973094 0.813287 0.951434 0.854768 0.762926 0.907234 0.859510 0.689513 0.875151 0.997223 0.936888 0.696724 0.593306 0.596094 0.528801 0.705833 0.736061 0.987226 0.882516 0.831572 0.857531 0.979776 0.912524 0.983369 0.961340 0.978914 0.762254 0.916664 0.848379 0.863185 0.859376 0.998415 0.866335 0.789969 0.695388 0.993611 0.851367 0.657215 0.589182 0.591355 0.576658 0.846895 0.918843 0.851411 0.802519 0.696160 0.723871 0.640785 0.729321 0.989284 0.863505 0.790889 0.694178 0.835418 0.626535 0.991527 0.864539 0.675816 0.786754 0.822753 0.852584 0.760306 0.994750
0.692563 0.617910 0.924258 0.880517 0.870557 0.839823 0.588319 0.356733 0.690310 0.000000 0.446526 0.515714 0.706343 0.748325 0.945781 0.974264 0.437508 0.493015 0.723701 0.663299 0.870070 0.863380 0.647487 0.606676 0.613671 0.797920 0.652319 0.851361 0.446394 0.421757 0.828190 0.786881 0.642011 0.552405 0.879245 0.890524 0.996705 0.879945 0.907052 0.910881 0.997856 0.969986 0.619171 0.405918 0.478659 0.410083 0.727450 0.570322 0.599501 0.771569 0.640327 0.753593 0.788595 0.757835 0.835636 0.690688 0.582002 0.708163 0.731264 0.808203 0.545545 0.462079 0.486340 0.452237 0.728344 0.893796 0.928435 0.824925 0.902605 0.879468 0.894752 0.616233 0.656474 0.722843 0.779403 0.923935 0.658779 0.735900 0.728909 0.726529 0.551833 0.648384 0.876462 0.826286 0.925253 0.847892 0.916745 0.862606 0.831435 0.907599 0.800878 0.980237 0.955150 0.977660 0.965966 0.833602 0.820265 0.910165 0.443421 0.429134 0.679133 0.717515 0.724611 0.584160 0.949876 0.962596 0.806878 0.826753 0.836271 0.980897 0.820198 0.585534 0.598774 0.989833 0.956834 0.797394
0.343244 0.372689 0.669603 0.831632 0.788770 0.881448 0.830174 0.298315 0.983194 0.446526 0.000000 0.290943 0.491566 0.439402 0.848749 0.813656 0.303400 0.334770 0.437788 0.364291 0.783182 0.943629 0.589449 0.700986 0.482659 0.624578 0.866766 0.905897 0.281715 0.306052 0.914865 0.995734 0.673775 0.486205 0.729570 0.700509 0.814094 0.969533 0.855521 0.927937 0.870420 0.853793 0.880192 0.573107 0.741657 0.445704 0.743494 0.636880 0.365562 0.452491 0.430553 0.478849 0.547752 0.531766 0.721336 0.592271 0.395357 0.415632 0.424938 0.474470 0.546993 0.301907 0.287094 0.280325 0.499977 0.904887 0.806044 0.880127 0.655048 0.641567 0.897924 0.923400 0.523268 0.517066 0.765648 0.914605 0.509059 0.719931 0.630596 0.651717 0.417754 0.479776 0.858264 0.826866 0.980760 0.965549 0.712178 0.893484 0.932661 0.934906 0.933336 0.720459 0.736471 0.683625 0.985950 0.794920 0.864067 0.788473 0.537122 0.620565 0.688878 0.819720 0.685584 0.529601 0.923385 0.892828 0.981648 0.996512 0.952779 0.910830 0.977452 0.821907 0.535318 0.892129 0.935557 0.740704
0.272243 0.277932 0.555256 0.809860 0.772839 0.778752 0.984108 0.342650 0.875665 0.515714 0.290943 0.000000 0.387927 0.266119 0.758117 0.608834 0.298587 0.322304 0.367239 0.290126 0.844074 0.846361 0.763989 0.927103 0.498888 0.578893 0.933411 0.948281 0.316278 0.309737 0.846366 0.922502 0.729270 0.488777 0.619309 0.683070 0.827856 0.994242 0.832849 0.972735 0.880416 0.945546 0.965042 0.620173 0.901876 0.500497 0.764166 0.686435 0.335591 0.362083 0.357482 0.393869 0.478628 0.526087 0.756300 0.542436 0.355271 0.329997 0.416178 0.350474 0.603971 0.264698 0.302776 0.221021 0.498687 0.957248 0.678593 0.777338 0.542082 0.522899 0.979717 0.899871 0.532746 0.572372 0.724085 0.830539 0.453520 0.691186 0.767712 0.585236 0.384666 0.378262 0.682395 0.829690 0.855040 0.858281 0.756520 0.924417 0.899031 0.850046 0.951800 0.504496 0.549818 0.514800 0.933989 0.765859 0.981168 0.697850 0.612426 0.733516 0.718422 0.945460 0.663574 0.697685 0.905825 0.849320 0.971355 0.935103 0.924181 0.936120 0.940477 0.855141 0.534945 0.991262 0.993254 0.704742
0.455128 0.542088 0.932801 0.692530 0.970431 0.821228 0.746898 0.455251 0.963366 0.706343 0.491566 0.387927 0.000000 0.399037 0.546253 0.565953 0.504019 0.540388 0.538998 0.567698 0.759859 0.945185 0.922752 0.958954 0.681120 0.802947 0.998974 0.992284 0.512517 0.535793 0.931911 0.921025 0.665307 0.567676 0.831697 0.874285 0.831812 0.790946 0.823875 0.850347 0.976048 0.954652 0.897246 0.655325 0.901991 0.669618 0.782104 0.750700 0.577613 0.588980 0.542241 0.571782 0.634417 0.642521 0.916107 0.747319 0.623512 0.602692 0.467098 0.466737 0.436118 0.413148 0.422331 0.432931 0.944440 0.711597 0.954911 0.912211 0.827653 0.768869 0.936705 0.942973 0.758392 0.826221 0.825389 0.809792 0.618296 0.765713 0.858923 0.843569 0.648887 0.602690 0.693370 0.993598 0.643040 0.735096 0.880153 0.995445 0.952315 0.844696 0.807716 0.673156 0.853316 0.651216 0.943247 0.885740 0.879910 0.824872 0.555703 0.743267 0.590809 0.899581 0.681976 0.898969 0.743104 0.967765 0.899492 0.929566 0.953703 0.966223 0.972341 0.811856 0.565756 0.895890 0.778862 0.650926
0.313576 0.340283 0.605644 0.776404 0.791735 0.781597 0.862569 0.501858 0.758094 0.748325 0.439402 0.266119 0.399037 0.000000 0.643621 0.486416 0.408315 0.398882 0.382607 0.359871 0.874757 0.825262 0.996117 0.834879 0.664429 0.678518 0.943028 0.995511 0.446358 0.453096 0.860033 0.870099 0.781000 0.564203 0.650509 0.735164 0.827538 0.936848 0.784738 0.987850 0.879924 0.896813 0.892600 0.737209 0.940618 0.623385 0.795124 0.752345 0.404617 0.371677 0.404608 0.393358 0.492599 0.521858 0.808007 0.642549 0.478851 0.376947 0.493185 0.380227 0.710980 0.391910 0.403140 0.327087 0.618240 0.978986 0.682565 0.749998 0.561363 0.549319 0.998910 0.962170 0.608209 0.601203 0.721212 0.807651 0.561384 0.723086 0.764919 0.620220 0.467038 0.390228 0.638853 0.863503 0.717103 0.643807 0.748023 0.869172 0.938025 0.766877 0.890879 0.446634 0.508726 0.388316 0.918738 0.893900 0.900388 0.605429 0.736128 0.835976 0.828009 0.996630 0.738022 0.802367 0.839723 0.867175 0.956666 0.819995 0.964766 0.958597 0.922216 0.962491 0.641960 0.924763 0.976352 0.779263
0.778471 0.800733 0.878686 0.772289 0.933125 0.852353 0.845399 0.800631 0.897195 0.945781 0.848749 0.758117 0.546253 0.643621 0.000000 0.519622 0.805945 0.783828 0.754004 0.815435 0.961134 0.970274 0.605702 0.787325 0.972147 0.893098 0.892134 0.994942 0.840521 0.874199 0.810436 0.844760 0.657403 0.768159 0.913048 0.991801 0.994171 0.836607 0.877051 0.905632 0.969737 0.865445 0.787488 0.699674 0.937558 0.776075 0.861896 0.790678 0.817358 0.788326 0.816299 0.754333 0.839163 0.788581 0.956496 0.947932 0.863777 0.787241 0.840422 0.720210 0.739900 0.738948 0.705636 0.754520 0.759997 0.580673 0.740776 0.767745 0.988390 0.954470 0.887581 0.825628 0.883316 0.940963 0.860393 0.907314 0.750776 0.868409 0.854429 0.895472 0.870785 0.775218 0.724112 0.811407 0.599613 0.525962 0.867581 0.996831 0.891129 0.820736 0.803194 0.942358 0.977298 0.863257 0.901125 0.991012 0.993537 0.817758 0.778079 0.758367 0.714523 0.924626 0.993431 0.979348 0.797034 0.911305 0.815300 0.988625 0.993170 0.871921 0.943665 0.890429 0.890512 0.975341 0.677441 0.875484
0.723653 0.710783 0.840604 0.869551 0.977544 0.760177 0.881194 0.764001 0.910276 0.974264 0.813656 0.608834 0.565953 0.486416 0.519622 0.000000 0.793151 0.801658 0.734579 0.751719 0.964262 0.852454 0.795354 0.724519 0.856804 0.887369 0.933731 0.980391 0.815654 0.763768 0.978977 0.971474 0.854558 0.851389 0.894656 0.895269 0.946731 0.766642 0.925574 0.921672 0.941474 0.878216 0.966674 0.813582 0.801943 0.920866 0.945651 0.899456 0.812702 0.719931 0.790115 0.761670 0.924098 0.894855 0.976028 0.901483 0.766874 0.750197 0.829379 0.627456 0.897148 0.720923 0.699898 0.659634 0.960757 0.794265 0.918025 0.940283 0.868821 0.759884 0.884599 0.910389 0.930331 0.943309 0.820942 0.820405 0.815131 0.736206 0.960465 0.818758 0.811002 0.679021 0.798577 0.901898 0.704570 0.542054 0.834262 0.898935 0.903177 0.951217 0.862336 0.667159 0.704304 0.684274 0.911103 0.935513 0.893426 0.689826 0.979409 0.971188 0.801262 0.920887 0.989491 0.973902 0.882176 0.884858 0.925825 0.855576 0.994085 0.951302 0.947519 0.967030 0.826539 0.926851 0.823173 0.836965
0.351703 0.313524 0.755513 0.732726 0.725648 0.971114 0.841932 0.344710 0.986491 0.437508 0.303400 0.298587 0.504019 0.408315 0.805945 0.793151 0.000000 0.232286 0.345281 0.318596 0.948924 0.860747 0.792594 0.794870 0.617286 0.728826 0.857145 0.997016 0.313742 0.302237 0.962525 0.871271 0.566992 0.402358 0.741478 0.785120 0.970971 0.847506 0.901449 0.877064 0.880162 0.869395 0.842312 0.508323 0.698377 0.425029 0.621994 0.492307 0.341254 0.475552 0.405788 0.487587 0.529272 0.569246 0.612121 0.491155 0.328331 0.376957 0.508648 0.560270 0.607611 0.354281 0.312044 0.246321 0.587337 0.986712 0.799276 0.922845 0.578548 0.591465 0.913248 0.781000 0.466150 0.484944 0.691799 0.913812 0.482414 0.698074 0.610263 0.502831 0.280903 0.321905 0.688524 0.664108 0.765337 0.828620 0.761352 0.964818 0.896622 0.789590 0.986905 0.628483 0.690795 0.580788 0.905363 0.793776 0.935072 0.815228 0.479063 0.582922 0.754900 0.853957 0.568383 0.610668 0.878601 0.886148 0.800941 0.926214 0.999379 0.919165 0.959014 0.735976 0.527302 0.999994 0.947869 0.697965
0.328736 0.278195 0.784571 0.736235 0.745652 0.977083 0.914701 0.416880 0.873990 0.493015 0.334770 0.322304 0.540388 0.398882 0.783828 0.801658 0.232286 0.000000 0.297671 0.298513 0.996031 0.796790 0.856114 0.873487 0.695547 0.780988 0.887208 0.930960 0.303106 0.303680 0.923763 0.803219 0.530507 0.424486 0.770191 0.763038 0.987081 0.836703 0.906635 0.799460 0.716615 0.809946 0.855182 0.535964 0.738897 0.440094 0.632039 0.499657 0.326405 0.428613 0.390708 0.441443 0.491437 0.507523 0.564977 0.473026 0.321979 0.328721 0.543570 0.543683 0.676148 0.421172 0.331231 0.268857 0.577552 0.892299 0.742912 0.862470 0.541871 0.558014 0.898925 0.802866 0.413497 0.438389 0.761516 0.833206 0.478863 0.636901 0.540785 0.407564 0.263124 0.295441 0.633954 0.669609 0.780502 0.810237 0.747750 0.905551 0.903518 0.808436 0.991591 0.609051 0.644590 0.520782 0.920559 0.804205 0.934643 0.806039 0.548350 0.628061 0.793405 0.878579 0.578416 0.572199 0.823278 0.872775 0.895404 0.866478 0.946376 0.971816 0.978608 0.852664 0.540122 0.981177 0.956766 0.763173
0.362413 0.312033 0.696508 0.781895 0.664840 0.949983 0.965719 0.519858 0.820713 0.723701 0.437788 0.367239 0.538998 0.382607 0.754004 0.734579 0.345281 0.297671 0.000000 0.295219 0.972504 0.882158 0.970453 0.993899 0.765576 0.774388 0.990195 0.950095 0.412968 0.412424 0.988167 0.929877 0.610745 0.512843 0.736654 0.770229 0.928832 0.882065 0.847291 0.987798 0.734789 0.903827 0.988307 0.722577 0.925191 0.654277 0.668789 0.604467 0.428389 0.437389 0.463910 0.458628 0.528116 0.539091 0.547402 0.545603 0.370465 0.367941 0.571787 0.551789 0.808905 0.489531 0.450506 0.385487 0.595945 0.846768 0.685263 0.778072 0.506778 0.539535 0.891886 0.887810 0.451002 0.482283 0.802097 0.924241 0.430355 0.779085 0.630653 0.483254 0.349339 0.334335 0.656565 0.662347 0.760350 0.775348 0.722053 0.812173 0.896386 0.794605 0.949301 0.545073 0.619448 0.454370 0.883785 0.826143 0.975025 0.631281 0.750528 0.844537 0.830233 0.993399 0.645753 0.741056 0.902934 0.890264 0.941376 0.770527 0.966365 0.994101 0.896659 0.981220 0.657620 0.985597 0.960749 0.715387
0.283826 0.246502 0.592539 0.746131 0.741209 0.882147 0.895483 0.466850 0.814185 0.663299 0.364291 0.290126 0.567698 0.359871 0.815435 0.751719 0.318596 0.298513 0.295219 0.000000 0.979985 0.849622 0.844477 0.962361 0.718158 0.713119 0.968785 0.948641 0.364463 0.389780 0.888553 0.971109 0.743303 0.509023 0.684930 0.662908 0.903345 0.835353 0.930238 0.865579 0.772315 0.842728 0.902586 0.731807 0.993518 0.599518 0.772104 0.644723 0.317488 0.325139 0.341355 0.364617 0.426152 0.470396 0.597234 0.430586 0.329001 0.282834 0.525648 0.444521 0.823306 0.394161 0.453593 0.342697 0.498765 0.824919 0.556925 0.691121 0.434321 0.409598 0.991305 0.962681 0.433610 0.482742 0.796052 0.844602 0.405384 0.712552 0.640898 0.468503 0.303330 0.307361 0.599692 0.680932 0.807769 0.797808 0.709186 0.828507 0.873448 0.798836 0.875779 0.548926 0.582587 0.491012 0.860934 0.809334 0.989291 0.671697 0.720355 0.807963 0.837029 0.985598 0.647093 0.729009 0.865630 0.815895 0.988150 0.849553 0.962501 0.956457 0.932169 0.951597 0.638785 0.907797 0.979615 0.707671
0.982692 0.980568 0.925228 0.966668 0.919567 0.804745 0.797657 0.749108 0.973166 0.870070 0.783182 0.844074 0.759859 0.874757 0.961134 0.964262 0.948924 0.996031 0.972504 0.979985 0.000000 0.801377 0.904533 0.885344 0.841350 0.919181 0.977744 0.965877 0.884063 0.897235 0.905544 0.962510 0.906919 0.925753 0.957750 0.915874 0.668265 0.820562 0.767717 0.819861 0.657584 0.848495 0.992323 0.968132 0.955259 0.935252 0.835281 0.992304 0.950422 0.934142 0.968362 0.949366 0.961981 0.890786 0.844914 0.885774 0.998431 0.966599 0.782458 0.896201 0.755435 0.834618 0.796765 0.863667 0.970414 0.870847 0.849539 0.867308 0.870023 0.968169 0.957437 0.970304 0.913501 0.891674 0.915547 0.909284 0.906892 0.947013 0.910541 0.919817 0.947996 0.917188 0.914216 0.927243 0.850713 0.905944 0.925560 0.904345 0.913270 0.911976 0.746907 0.950920 0.949432 0.911419 0.983943 0.908556 0.915436 0.991043 0.912497 0.896181 0.855345 0.750916 0.954632 0.972203 0.867488 0.961999 0.893728 0.841282 0.853556 0.827329 0.873971 0.820294 0.916476 0.868459 0.919267 0.940532
0.828039 0.786685 0.988974 0.912574 0.957971 0.939732 0.910859 0.938376 0.887366 0.863380 0.943629 0.846361 0.945185 0.825262 0.970274 0.852454 0.860747 0.796790 0.882158 0.849622 0.801377 0.000000 0.972799 0.875665 0.932950 0.918095 0.994494 0.957272 0.901295 0.865767 0.890141 0.922850 0.993522 0.910503 0.915826 0.943813 0.914235 0.627833 0.984486 0.755999 0.774763 0.786820 0.916350 0.866133 0.942219 0.857706 0.844378 0.883388 0.790456 0.849245 0.822133 0.855731 0.896393 0.918744 0.951054 0.850189 0.853266 0.826371 0.979114 0.867572 0.953322 0.929234 0.916148 0.837289 0.889948 0.933479 0.863189 0.921939 0.923621 0.919533 0.879060 0.861363 0.891309 0.788294 0.892875 0.971278 0.888649 0.764359 0.981724 0.762387 0.787103 0.744123 0.883032 0.833231 0.858242 0.838020 0.847186 0.885697 0.977744 0.833461 0.969162 0.758169 0.875954 0.891541 0.983920 0.858873 0.936441 0.972454 0.993090 0.925451 0.956741 0.964478 0.886665 0.928333 0.953193 0.962969 0.982589 0.762991 0.872225 0.827727 0.929370 0.949382 0.906682 0.909394 0.945254 0.976876
0.817594 0.843332 0.576863 0.763872 0.867345 0.905541 0.963590 0.744096 0.965606 0.647487 0.589449 0.763989 0.922752 0.996117 0.605702 0.795354 0.792594 0.856114 0.970453 0.844477 0.904533 0.972799 0.000000 0.457426 0.555431 0.595638 0.797545 0.955639 0.700897 0.673377 0.808831 0.889480 0.839949 0.865263 0.760981 0.708675 0.822179 0.857766 0.932439 0.930422 0.953289 0.878635 0.946314 0.865498 0.858574 0.775239 0.965493 0.986571 0.789108 0.867975 0.867722 0.935719 0.951454 0.991327 0.901081 0.842620 0.729457 0.842202 0.791106 0.863072 0.902314 0.705333 0.744215 0.723194 0.487308 0.688747 0.730177 0.796799 0.869815 0.882547 0.801324 0.992068 0.913525 0.834578 0.991728 0.979854 0.842405 0.966806 0.942261 0.991514 0.829162 0.946407 0.753845 0.867514 0.559844 0.530434 0.905572 0.761540 0.913191 0.863184 0.863419 0.903955 0.819295 0.958642 0.989454 0.834260 0.983378 0.996399 0.906902 0.923474 0.951700 0.914859 0.969261 0.640896 0.817540 0.817044 0.815173 0.845152 0.876244 0.974965 0.932937 0.935411 0.876395 0.908043 0.786568 0.986673
0.985614 0.991943 0.955261 0.826993 0.982471 0.932949 0.702968 0.699548 0.694152 0.606676 0.700986 0.927103 0.958954 0.834879 0.787325 0.724519 0.794870 0.873487 0.993899 0.962361 0.885344 0.875665 0.457426 0.000000 0.685589 0.873835 0.699798 0.936876 0.733951 0.724558 0.953991 0.795033 0.855868 0.759793 0.992034 0.901680 0.972069 0.892470 0.879589 0.909570 0.980411 0.950334 0.779177 0.727982 0.641711 0.721980 0.926245 0.875711 0.920068 0.970403 0.964855 0.945329 0.906751 0.983926 0.880257 0.913949 0.834994 0.995669 0.902444 0.940719 0.776799 0.789163 0.739230 0.826316 0.801484 0.916309 0.924549 0.800961 0.899811 0.948961 0.938610 0.945440 0.869524 0.902980 0.865847 0.984991 0.834438 0.939311 0.844262 0.971738 0.863321 0.974453 0.783352 0.944525 0.699735 0.509563 0.995918 0.654859 0.874314 0.858144 0.871995 0.816294 0.861956 0.780758 0.980527 0.912213 0.971452 0.867891 0.651120 0.803905 0.826684 0.762506 0.969425 0.739724 0.959228 0.961232 0.975192 0.727082 0.888885 0.997455 0.870691 0.814685 0.910818 0.989969 0.996248 0.940239
0.682645 0.723322 0.525300 0.845257 0.979094 0.776267 0.972882 0.526498 0.975434 0.613671 0.482659 0.498888 0.681120 0.664429 0.972147 0.856804 0.617286 0.695547 0.765576 0.718158 0.841350 0.932950 0.555431 0.685589 0.000000 0.385338 0.648589 0.838884 0.552239 0.495960 0.701843 0.841067 0.968093 0.777989 0.675716 0.787321 0.670215 0.797359 0.896896 0.878812 0.946774 0.875672 0.981381 0.793561 0.954312 0.742866 0.838356 0.916115 0.703870 0.759215 0.778440 0.825270 0.898415 0.909863 0.967555 0.873976 0.691257 0.730768 0.563539 0.610488 0.623617 0.527421 0.471930 0.516355 0.517739 0.838396 0.815607 0.876880 0.936242 0.871866 0.772935 0.890556 0.810751 0.794538 0.854985 0.872718 0.780585 0.936634 0.933704 0.925108 0.788190 0.861918 0.951561 0.892361 0.734648 0.709713 0.911221 0.747217 0.740682 0.859053 0.891431 0.760643 0.742634 0.806757 0.984915 0.855486 0.931173 0.868811 0.736720 0.894810 0.822088 0.981150 0.867943 0.782227 0.903753 0.826122 0.999709 0.936692 0.903152 0.870237 0.968897 0.868494 0.756142 0.967875 0.889117 0.853226
0.730487 0.781014 0.386591 0.768875 0.930500 0.949280 0.789091 0.764437 0.820188 0.797920 0.624578 0.578893 0.802947 0.678518 0.893098 0.887369 0.728826 0.780988 0.774388 0.713119 0.919181 0.918095 0.595638 0.873835 0.385338 0.000000 0.866104 0.920580 0.719624 0.673036 0.481393 0.631658 0.792621 0.937936 0.564429 0.745014 0.629555 0.895805 0.761226 0.920581 0.940672 0.968643 0.672464 0.936938 0.846566 0.992787 0.993954 0.875333 0.795464 0.839521 0.886399 0.962144 0.987037 0.914354 0.950766 0.878076 0.713109 0.752479 0.623864 0.712925 0.857205 0.688621 0.681109 0.669229 0.494658 0.677722 0.674706 0.661038 0.813193 0.826156 0.771626 0.967895 0.844432 0.864819 0.898175 0.977868 0.842652 0.924908 0.970155 0.989240 0.914939 0.887980 0.966868 0.962498 0.733174 0.708782 0.796514 0.990312 0.813968 0.879634 0.614394 0.575549 0.539809 0.735736 0.830705 0.833304 0.924585 0.714673 0.984497 0.937434 0.944443 0.745446 0.979738 0.975266 0.842669 0.692834 0.919560 0.822555 0.970752 0.846410 0.958549 0.972238 0.994563 0.896879 0.803870 0.838924
0.928059 0.955896 0.975872 0.962506 0.956885 0.932778 0.682875 0.771067 0.761168 0.652319 0.866766 0.933411 0.998974 0.943028 0.892134 0.933731 0.857145 0.887208 0.990195 0.968785 0.977744 0.994494 0.797545 0.699798 0.648589 0.866104 0.000000 0.763896 0.802121 0.849467 0.967599 0.810969 0.798711 0.842229 0.726835 0.963768 0.978789 0.907907 0.918669 0.925377 0.958875 0.920583 0.722961 0.794472 0.682619 0.815171 0.950873 0.824887 0.997894 0.796511 0.971714 0.847917 0.848751 0.898103 0.902030 0.999763 0.963857 0.846202 0.970427 0.890557 0.696397 0.847869 0.818358 0.868205 0.920697 0.926002 0.772219 0.721800 0.829972 0.746548 0.942753 0.926485 0.884027 0.918281 0.950576 0.928873 0.891302 0.909540 0.940552 0.998483 0.936096 0.982190 0.862285 0.997999 0.875748 0.733367 0.958020 0.768297 0.812766 0.845617 0.890498 0.894379 0.866267 0.890836 0.905264 0.898919 0.923861 0.779785 0.673606 0.721074 0.832893 0.776161 0.942372 0.794315 0.953966 0.926819 0.983695 0.793479 0.867652 0.972582 0.799443 0.785046 0.806996 0.748858 0.922817 0.896667
0.981440 0.987183 0.971753 0.940106 0.909726 0.921159 0.828997 0.858154 0.810626 0.851361 0.905897 0.948281 0.992284 0.995511 0.994942 0.980391 0.997016 0.930960 0.950095 0.948641 0.965877 0.957272 0.955639 0.936876 0.838884 0.920580 0.763896 0.000000 0.898977 0.886359 0.988660 0.819440 0.964267 0.989293 0.971413 0.717564 0.774624 0.989868 0.936777 0.960509 0.961867 0.842264 0.878631 0.991595 0.889615 0.885312 0.934605 0.861711 0.975410 0.993022 0.991376 0.990582 0.965590 0.976181 0.974378 0.889734 0.982413 0.975979 0.998977 0.980757 0.875251 0.890051 0.957785 0.962810 0.985817 0.938513 0.956719 0.938362 0.997985 0.965600 0.984902 0.942343 0.845109 0.966063 0.996659 0.977560 0.951884 0.914802 0.968113 0.991412 0.964594 0.935136 0.964999 0.956472 0.846590 0.857702 0.899582 0.812735 0.861995 0.685594 0.912867 0.939397 0.919355 0.947709 0.932946 0.806435 0.930149 0.994729 0.934995 0.972979 0.973607 0.927848 0.951382 0.818999 0.979239 0.934831 0.961719 0.888844 0.824058 0.847203 0.824244 0.989045 0.998565 0.938105 0.961640 0.993445
0.349728 0.321933 0.704193 0.835624 0.823427 0.763580 0.888244 0.324913 0.991865 0.446394 0.281715 0.316278 0.512517 0.446358 0.840521 0.815654 0.313742 0.303106 0.412968 0.364463 0.884063 0.901295 0.700897 0.733951 0.552239 0.719624 0.802121 0.898977 0.000000 0.286808 0.998956 0.839138 0.583350 0.434370 0.775113 0.741030 0.887272 0.917183 0.872087 0.933222 0.812166 0.875976 0.860393 0.530757 0.727914 0.403435 0.687417 0.586058 0.337446 0.400279 0.355040 0.414841 0.480670 0.458393 0.668774 0.509986 0.388681 0.382077 0.446694 0.470964 0.581607 0.303197 0.314560 0.280341 0.525885 0.929349 0.772168 0.884971 0.672515 0.626222 0.947582 0.935749 0.438444 0.512112 0.743532 0.838355 0.435607 0.704979 0.625265 0.526657 0.374267 0.440215 0.750905 0.792557 0.909231 0.989073 0.796815 0.926093 0.924603 0.900429 0.894502 0.681851 0.768014 0.657747 0.880546 0.807012 0.910811 0.784855 0.514420 0.651668 0.692453 0.783921 0.639780 0.543295 0.810984 0.879523 0.937180 0.966210 0.917763 0.910898 0.988826 0.805259 0.506366 0.951337 0.940384 0.760842
0.404288 0.342619 0.694875 0.863122 0.874708 0.838822 0.886023 0.318983 0.968781 0.421757 0.306052 0.309737 0.535793 0.453096 0.874199 0.763768 0.302237 0.303680 0.412424 0.389780 0.897235 0.865767 0.673377 0.724558 0.495960 0.673036 0.849467 0.886359 0.286808 0.000000 0.901666 0.865254 0.630431 0.390710 0.687439 0.691336 0.952304 0.944341 0.906856 0.832699 0.801497 0.866806 0.788235 0.460082 0.693548 0.384171 0.643778 0.567638 0.375695 0.435963 0.431943 0.471916 0.554256 0.543517 0.723717 0.625594 0.362611 0.388228 0.540630 0.493489 0.612600 0.332437 0.279322 0.240983 0.492707 0.904857 0.719270 0.905275 0.716387 0.636085 0.945174 0.851348 0.541070 0.540642 0.774641 0.856792 0.502468 0.662216 0.651834 0.532535 0.365172 0.447081 0.801743 0.743396 0.989010 0.998753 0.759660 0.937192 0.827219 0.983597 0.985875 0.647201 0.685506 0.619984 0.970031 0.745485 0.936738 0.784034 0.555884 0.737242 0.635638 0.815003 0.635855 0.568638 0.894318 0.876558 0.990814 0.943715 0.933819 0.916496 0.928960 0.764090 0.481486 0.941162 0.992902 0.760584
0.923381 0.972040 0.607260 0.932879 0.985938 0.995955 0.746907 0.935510 0.688943 0.828190 0.914865 0.846366 0.931911 0.860033 0.810436 0.978977 0.962525 0.923763 0.988167 0.888553 0.905544 0.890141 0.808831 0.953991 0.701843 0.481393 0.967599 0.988660 0.998956 0.901666 0.000000 0.476783 0.677456 0.778288 0.798145 0.900846 0.670889 0.889731 0.892415 0.923522 0.924727 0.957595 0.422626 0.527543 0.583910 0.650829 0.735325 0.632485 0.930641 0.981929 0.971963 0.900010 0.908557 0.815998 0.978665 0.967167 0.979801 0.991286 0.669483 0.901369 0.970467 0.933130 0.965773 0.997863 0.822787 0.802276 0.822071 0.641602 0.785324 0.838438 0.653213 0.770670 0.956729 0.955246 0.898555 0.913145 0.899900 0.743752 0.889278 0.783558 0.872755 0.964729 0.968653 0.987399 0.910084 0.834652 0.947070 0.769827 0.931612 0.940527 0.713496 0.740371 0.742875 0.882108 0.837106 0.963886 0.961819 0.966592 0.821293 0.798673 0.718418 0.737177 0.812534 0.856897 0.875515 0.745260 0.872310 0.930295 0.927753 0.819309 0.838770 0.795829 0.821545 0.991311 0.765507 0.818106
0.954484 0.927181 0.708143 0.888147 0.983541 0.888740 0.712914 0.873111 0.741553 0.786881 0.995734 0.922502 0.921025 0.870099 0.844760 0.971474 0.871271 0.803219 0.929877 0.971109 0.962510 0.922850 0.889480 0.795033 0.841067 0.631658 0.810969 0.819440 0.839138 0.865254 0.476783 0.000000 0.543815 0.746091 0.825108 0.972631 0.731792 0.846266 0.804056 0.800266 0.931354 0.997084 0.493587 0.551183 0.573575 0.637147 0.712599 0.554107 0.898898 0.959153 0.917169 0.904616 0.954285 0.819564 0.871679 0.927806 0.925994 0.973546 0.782697 0.924726 0.980697 0.985756 0.918557 0.933355 0.884058 0.844775 0.886063 0.668228 0.847921 0.990733 0.618821 0.738666 0.849648 0.971119 0.925153 0.886522 0.854061 0.810289 0.758298 0.693004 0.793858 0.912047 0.896667 0.956699 0.921916 0.867818 0.985296 0.778877 0.997918 0.989522 0.754987 0.776283 0.790233 0.926459 0.949006 0.910010 0.954270 0.883982 0.803203 0.860648 0.815556 0.763888 0.845843 0.847358 0.801939 0.938976 0.915629 0.942858 0.888196 0.788228 0.771283 0.770832 0.917064 0.940068 0.872912 0.888043
0.756539 0.698994 0.717618 0.625193 0.952079 0.862381 0.568110 0.587905 0.890074 0.642011 0.673775 0.729270 0.665307 0.781000 0.657403 0.854558 0.566992 0.530507 0.610745 0.743303 0.906919 0.993522 0.839949 0.855868 0.968093 0.792621 0.798711 0.964267 0.583350 0.630431 0.677456 0.543815 0.000000 0.516562 0.810623 0.874788 0.733779 0.903704 0.986400 0.894966 0.919666 0.996122 0.539249 0.493487 0.540370 0.532282 0.746016 0.536663 0.730654 0.844896 0.756525 0.780067 0.834471 0.730025 0.767120 0.864330 0.695760 0.752349 0.828141 0.889381 0.614096 0.674669 0.598440 0.619075 0.911322 0.705941 0.742152 0.660965 0.976337 0.918705 0.849233 0.773307 0.704466 0.784932 0.783945 0.990778 0.666599 0.757356 0.616211 0.619097 0.602047 0.683044 0.774339 0.804108 0.660564 0.761246 0.999169 0.988405 0.999931 0.876277 0.754323 0.979323 0.894802 0.910337 0.976216 0.958300 0.885716 0.866773 0.575621 0.599490 0.761978 0.690227 0.750159 0.697606 0.698096 0.919183 0.793618 0.886024 0.961030 0.918731 0.815400 0.733946 0.666995 0.913975 0.886095 0.853687
0.517780 0.498789 0.943337 0.769018 0.925326 0.890005 0.710209 0.426050 0.936296 0.552405 0.486205 0.488777 0.567676 0.564203 0.768159 0.851389 0.402358 0.424486 0.512843 0.509023 0.925753 0.910503 0.865263 0.759793 0.777989 0.937936 0.842229 0.989293 0.434370 0.390710 0.778288 0.746091 0.516562 0.000000 0.956551 0.869930 0.910916 0.870122 0.978000 0.859706 0.866415 0.918275 0.612718 0.396274 0.571032 0.411096 0.669299 0.562427 0.510162 0.601792 0.553190 0.589096 0.652195 0.613859 0.825801 0.690396 0.542142 0.583890 0.687067 0.655785 0.607159 0.455867 0.397794 0.416352 0.750738 0.845037 0.983005 0.799318 0.880363 0.836742 0.827857 0.736426 0.644192 0.699407 0.795493 0.941057 0.445955 0.734493 0.672790 0.640599 0.488998 0.573451 0.714254 0.766671 0.804794 0.849195 0.869529 0.892002 0.863714 0.934841 0.847696 0.775319 0.859495 0.744191 0.967525 0.763290 0.977837 0.999062 0.472400 0.693942 0.714594 0.792857 0.594506 0.749570 0.867552 0.942933 0.867062 0.978294 0.923862 0.940151 0.899022 0.677382 0.532537 0.960741 0.902302 0.870754
0.696509 0.700361 0.503424 0.938972 0.861223 0.896149 0.697629 0.813086 0.741710 0.879245 0.729570 0.619309 0.831697 0.650509 0.913048 0.894656 0.741478 0.770191 0.736654 0.684930 0.957750 0.915826 0.760981 0.992034 0.675716 0.564429 0.726835 0.971413 0.775113 0.687439 0.798145 0.825108 0.810623 0.956551 0.000000 0.791842 0.707091 0.945451 0.999403 0.888741 0.969535 0.967334 0.719178 0.982277 0.861697 0.887277 0.893585 0.956065 0.694810 0.635444 0.795951 0.766880 0.825030 0.901242 0.986935 0.831764 0.673627 0.614078 0.812048 0.682904 0.924686 0.779711 0.737200 0.673790 0.574785 0.687765 0.524546 0.575393 0.736822 0.600256 0.893170 0.973034 0.824068 0.899169 0.877325 0.958961 0.935117 0.953827 0.863006 0.827962 0.770331 0.767160 0.813673 0.900581 0.790849 0.885872 0.847204 0.900398 0.944798 0.981366 0.688203 0.598654 0.635723 0.609338 0.921767 0.812215 0.929831 0.694811 0.907332 0.773245 0.903243 0.796058 0.993077 0.966505 0.765119 0.794589 0.987908 0.778652 0.996842 0.943487 0.923436 0.931755 0.930468 0.865016 0.692721 0.859054
0.667661 0.645771 0.614436 0.985540 0.926758 0.983560 0.792902 0.795932 0.908154 0.890524 0.700509 0.683070 0.874285 0.735164 0.991801 0.895269 0.785120 0.763038 0.770229 0.662908 0.915874 0.943813 0.708675 0.901680 0.787321 0.745014 0.963768 0.717564 0.741030 0.691336 0.900846 0.972631 0.874788 0.869930 0.791842 0.000000 0.770568 0.997216 0.936616 0.963490 0.929349 0.979756 0.833615 0.968460 0.914272 0.788518 0.949499 0.922330 0.676219 0.591120 0.648217 0.629785 0.690515 0.694605 0.765562 0.763119 0.597796 0.583002 0.732390 0.599636 0.962901 0.680166 0.733507 0.681659 0.627301 0.789935 0.605064 0.709543 0.665072 0.654415 0.998104 0.895832 0.815769 0.885543 0.978162 0.833168 0.703466 0.961458 0.880247 0.935865 0.814082 0.776005 0.949390 0.864422 0.846772 0.988011 0.676132 0.908704 0.989744 0.965199 0.786223 0.743967 0.586660 0.724721 0.888033 0.959205 0.938936 0.674455 0.987935 0.904589 0.947439 0.957409 0.907041 0.758039 0.966709 0.966745 0.849447 0.856576 0.989366 0.956323 0.859240 0.843032 0.909609 0.959150 0.992388 0.898320
0.868135 0.938199 0.709638 0.993266 0.974017 0.863361 0.960491 0.837147 0.962819 0.996705 0.814094 0.827856 0.831812 0.827538 0.994171 0.946731 0.970971 0.987081 0.928832 0.903345 0.668265 0.914235 0.822179 0.972069 0.670215 0.629555 0.978789 0.774624 0.887272 0.952304 0.670889 0.731792 0.733779 0.910916 0.707091 0.770568 0.000000 0.786049 0.794434 0.668256 0.849568 0.779828 0.781530 0.838144 0.765053 0.924910 0.998413 0.971188 0.958332 0.870479 0.925700 0.926098 0.940875 0.998122 0.981902 0.980721 0.914505 0.908689 0.632652 0.730299 0.840641 0.829748 0.850793 0.893167 0.872050 0.907362 0.888902 0.873027 0.991235 0.979902 0.720708 0.761229 0.984321 0.916321 0.999509 0.961865 0.922014 0.712473 0.970215 0.834886 0.903797 0.906354 0.889276 0.766507 0.827619 0.837288 0.850450 0.835973 0.968386 0.839050 0.999681 0.904439 0.992293 0.968729 0.981091 0.920995 0.959160 0.821076 0.995044 0.958646 0.970378 0.974767 0.977441 0.954424 0.941856 0.947176 0.923214 0.911394 0.962018 0.972896 0.967064 0.903724 0.911065 0.906167 0.981964 0.944848
0.936651 0.877198 0.935442 0.838371 0.807398 0.966864 0.983861 0.986321 0.983055 0.879945 0.969533 0.994242 0.790946 0.936848 0.836607 0.766642 0.847506 0.836703 0.882065 0.835353 0.820562 0.627833 0.857766 0.892470 0.797359 0.895805 0.907907 0.989868 0.917183 0.944341 0.889731 0.846266 0.903704 0.870122 0.945451 0.997216 0.786049 0.000000 0.833408 0.753602 0.664415 0.796096 0.940697 0.989286 0.784708 0.836316 0.903393 0.869023 0.876087 0.961995 0.911767 0.936276 0.870390 0.919273 0.837211 0.736503 0.883325 0.866350 0.982892 0.848029 0.921932 0.958138 0.893953 0.942444 0.926202 0.966188 0.915548 0.991737 0.817627 0.854396 0.894470 0.805979 0.734120 0.792550 0.966319 0.941885 0.796599 0.898858 0.876565 0.759717 0.754206 0.757464 0.854143 0.602563 0.868874 0.877971 0.965623 0.795306 0.989844 0.722984 0.928227 0.896587 0.941911 0.975789 0.983112 0.806816 0.810795 0.870472 0.939450 0.864303 0.861779 0.981112 0.911098 0.813657 0.955412 0.963365 0.803883 0.879633 0.842461 0.890118 0.986820 0.948985 0.995063 0.938334 0.899800 0.873058
