0.000000 0.142714 0.248496 0.188109 0.730683 0.502432 0.212921 0.153363 0.454380 0.345710 0.208486 0.137276 0.144529 0.192140 0.208299 0.218764 0.150244 0.147059 0.149754 0.143371 0.413513 0.755183 0.222344 0.264678 0.474953 0.455895 0.923100 0.901274 0.170804 0.144986 0.214351 0.268860 0.161109 0.159984 0.418103 0.577168 0.370131 0.487417 0.569447 0.655158 0.815792 0.620152 0.240312 0.219072 0.238968 0.184459 0.176807 0.179930 0.514266 0.267349 0.342044 0.282812 0.407803 0.443129 0.365301 0.474608 0.187562 0.166097 0.138680 0.183033 0.143165 0.217990 0.134985 0.143642 0.356467 0.270190 0.198517 0.164589 0.359263 0.211676 0.270691 0.309964 0.402452 0.448794 0.645509 0.617736 0.340807 0.279776 0.167757 0.229994 0.119070 0.144313 0.289806 0.246977 0.205072 0.249736 0.889032 0.756925 0.420966 0.428116 0.592018 0.734254 0.510652 0.907935 0.365268 0.509423 0.326109 0.467829 0.293697 0.272086 0.584925 0.739449 0.319741 0.386514 0.313041 0.321884 0.818686 0.677524 0.534609 0.406141 0.725608 0.388031 0.313642 0.484991 0.414840 0.973182
0.142714 0.000000 0.299197 0.235492 0.727664 0.545649 0.240505 0.160125 0.516610 0.344184 0.247802 0.151697 0.173020 0.191366 0.239255 0.231188 0.152423 0.151789 0.161841 0.164605 0.416843 0.780948 0.256253 0.308759 0.509130 0.515031 0.878937 0.904075 0.161173 0.163140 0.249082 0.306729 0.188001 0.181142 0.468627 0.576740 0.355123 0.525050 0.587448 0.595381 0.891934 0.473946 0.244005 0.218100 0.237941 0.213161 0.226995 0.180513 0.490346 0.307275 0.348524 0.288107 0.456966 0.439491 0.433260 0.511653 0.153292 0.130104 0.139092 0.192057 0.172296 0.236552 0.154584 0.130507 0.416970 0.334341 0.230062 0.200453 0.362523 0.170097 0.303001 0.302274 0.459597 0.517169 0.690747 0.595921 0.353117 0.285084 0.219817 0.295167 0.137541 0.173208 0.306506 0.248011 0.244493 0.294310 0.963123 0.894405 0.466192 0.443393 0.635822 0.733626 0.515581 0.898946 0.310000 0.541890 0.350421 0.346548 0.303216 0.280289 0.614152 0.757658 0.320397 0.346044 0.285651 0.299774 0.798856 0.681830 0.577055 0.438884 0.706596 0.376056 0.375026 0.459261 0.432841 0.879263
0.248496 0.299197 0.000000 0.124666 0.724325 0.513227 0.169954 0.217792 0.386590 0.412634 0.268811 0.286953 0.238100 0.354565 0.308621 0.324760 0.339930 0.279552 0.237742 0.238375 0.406984 0.768958 0.226877 0.241586 0.332655 0.295544 0.981032 0.880483 0.321750 0.285910 0.185724 0.276303 0.209460 0.260581 0.481640 0.675564 0.397421 0.586075 0.484910 0.675693 0.927324 0.718996 0.266943 0.252904 0.326503 0.310760 0.246028 0.274246 0.679054 0.388299 0.481677 0.415325 0.499750 0.461884 0.410571 0.555003 0.396792 0.379504 0.349046 0.352917 0.213852 0.291474 0.340920 0.354331 0.211235 0.187788 0.215295 0.208047 0.380720 0.322959 0.292967 0.374930 0.343105 0.332013 0.767071 0.670276 0.378120 0.337477 0.312423 0.335836 0.270391 0.224492 0.378828 0.335265 0.280382 0.235259 0.862769 0.761880 0.474860 0.426525 0.538054 0.677394 0.491137 0.777477 0.384644 0.579785 0.390443 0.571495 0.414989 0.383222 0.582554 0.624259 0.504180 0.432335 0.371267 0.416760 0.890966 0.744314 0.616935 0.557598 0.735681 0.512570 0.412724 0.650128 0.500667 0.958294
0.188109 0.235492 0.124666 0.000000 0.696993 0.467323 0.145654 0.151402 0.368642 0.351262 0.252943 0.215462 0.179047 0.273545 0.241145 0.248130 0.263622 0.220781 0.187289 0.204958 0.340131 0.720216 0.181426 0.217768 0.374565 0.318419 0.950449 0.873763 0.246092 0.222278 0.169227 0.241676 0.160998 0.181825 0.398992 0.642650 0.346069 0.526635 0.508849 0.700781 0.868025 0.643142 0.207894 0.192901 0.251668 0.241874 0.192406 0.231610 0.602837 0.338189 0.408495 0.335526 0.455644 0.435219 0.387899 0.533107 0.302912 0.296755 0.260563 0.286644 0.159252 0.229271 0.256744 0.257345 0.211256 0.179016 0.171910 0.152222 0.362875 0.291110 0.235882 0.320033 0.329761 0.376735 0.670792 0.646053 0.343773 0.302614 0.255726 0.298566 0.199984 0.176331 0.319596 0.257910 0.220012 0.199233 0.920945 0.777252 0.470284 0.397669 0.488561 0.633452 0.425885 0.744327 0.364962 0.540796 0.363184 0.514945 0.323295 0.295348 0.546578 0.617971 0.392617 0.334665 0.297857 0.343634 0.887756 0.735288 0.639035 0.537993 0.689713 0.412219 0.351301 0.542356 0.435728 0.952049
0.730683 0.727664 0.724325 0.696993 0.000000 0.671093 0.691641 0.685626 0.823771 0.783180 0.817296 0.737118 0.653332 0.764140 0.678957 0.677147 0.805261 0.807934 0.733895 0.814824 0.665897 0.761947 0.672699 0.689874 0.894566 0.858522 0.742405 0.786962 0.741407 0.781295 0.757847 0.921793 0.724896 0.733998 0.798353 0.906033 0.898930 0.897916 0.749432 0.989320 0.815866 0.958922 0.735882 0.734165 0.666667 0.673310 0.614423 0.676734 0.789149 0.659509 0.621211 0.621876 0.731347 0.548941 0.702889 0.662868 0.829455 0.830550 0.763403 0.727904 0.647564 0.644765 0.721221 0.733923 0.684812 0.657427 0.660920 0.686419 0.906095 0.791684 0.591902 0.690322 0.768517 0.844129 0.951052 0.811212 0.803760 0.846821 0.898457 0.829453 0.708932 0.707449 0.659565 0.728103 0.615465 0.627180 0.870326 0.856248 0.818308 0.685256 0.711723 0.736377 0.697943 0.851305 0.855186 0.795468 0.784193 0.788911 0.725967 0.702762 0.783379 0.898383 0.747935 0.760078 0.636751 0.755992 0.867015 0.790607 0.815942 0.912901 0.893476 0.773769 0.717127 0.774886 0.709953 0.986750
0.502432 0.545649 0.513227 0.467323 0.671093 0.000000 0.406512 0.428439 0.517803 0.453645 0.470027 0.495416 0.446746 0.568452 0.511185 0.470769 0.537771 0.508656 0.501210 0.551032 0.546136 0.993924 0.495202 0.535049 0.759373 0.679000 0.888867 0.814841 0.510595 0.517418 0.481178 0.574420 0.497817 0.506342 0.530052 0.779557 0.675542 0.897555 0.854856 0.958203 0.735539 0.796933 0.473155 0.487333 0.456963 0.457054 0.451906 0.434090 0.855335 0.624038 0.639634 0.570206 0.642262 0.596429 0.681201 0.758626 0.620810 0.638663 0.552974 0.559486 0.465365 0.511398 0.485252 0.532717 0.612853 0.497394 0.399788 0.472834 0.619079 0.573035 0.474304 0.434886 0.627887 0.723961 0.747806 0.776893 0.505349 0.474494 0.484293 0.618805 0.458450 0.445829 0.609345 0.478041 0.526336 0.543574 0.883986 0.850304 0.794750 0.660648 0.506385 0.639855 0.459973 0.731185 0.604627 0.718515 0.495971 0.754811 0.546757 0.514966 0.607774 0.578306 0.574130 0.565297 0.489049 0.588311 0.885266 0.939714 0.886286 0.791561 0.736399 0.588722 0.523260 0.593781 0.590315 0.941938
0.212921 0.240505 0.169954 0.145654 0.691641 0.406512 0.000000 0.137416 0.345178 0.266667 0.197072 0.238687 0.209381 0.314747 0.306837 0.306324 0.208609 0.174350 0.158199 0.202942 0.392323 0.682286 0.271034 0.316220 0.531691 0.447506 0.935266 0.849388 0.241777 0.223380 0.234830 0.251435 0.174323 0.169083 0.514118 0.629081 0.451528 0.608283 0.612398 0.677098 0.832645 0.599951 0.185676 0.145059 0.219521 0.226546 0.211417 0.222882 0.666622 0.413311 0.446834 0.416210 0.533037 0.422471 0.450535 0.624698 0.250677 0.291532 0.272817 0.361450 0.186484 0.312958 0.243917 0.273219 0.320360 0.230923 0.128743 0.157644 0.353459 0.308729 0.235739 0.271693 0.380304 0.393470 0.722189 0.603705 0.300520 0.249668 0.274039 0.292569 0.198601 0.178578 0.338894 0.291730 0.295645 0.285688 0.874472 0.791436 0.517279 0.518371 0.431463 0.542947 0.394429 0.622657 0.320394 0.524858 0.332081 0.475253 0.313845 0.266275 0.505746 0.481796 0.386465 0.287849 0.332745 0.356737 0.949247 0.716594 0.637255 0.533897 0.635936 0.389835 0.287098 0.501068 0.464468 0.936972
0.153363 0.160125 0.217792 0.151402 0.685626 0.428439 0.137416 0.000000 0.401911 0.234523 0.210992 0.149451 0.141289 0.201615 0.205631 0.219830 0.169923 0.148832 0.168776 0.177828 0.383354 0.752506 0.224237 0.280988 0.531786 0.476341 0.885312 0.851637 0.179305 0.170051 0.240825 0.280062 0.147437 0.153983 0.442908 0.599264 0.379798 0.484998 0.598140 0.636526 0.800957 0.547086 0.187883 0.171263 0.197003 0.191480 0.193271 0.184050 0.520323 0.328585 0.359598 0.318547 0.468210 0.428078 0.419303 0.542723 0.187532 0.192289 0.189825 0.259174 0.136714 0.200271 0.172999 0.151411 0.318049 0.243237 0.153628 0.152293 0.416144 0.246510 0.250470 0.309652 0.440340 0.499543 0.710653 0.599183 0.326957 0.234205 0.208090 0.320809 0.153424 0.174529 0.309542 0.262749 0.228991 0.256664 0.945273 0.838227 0.474095 0.403470 0.444094 0.551199 0.363491 0.710213 0.270122 0.448347 0.306566 0.409627 0.247012 0.208228 0.462321 0.581369 0.287528 0.266020 0.253072 0.288504 0.882184 0.641496 0.589104 0.446750 0.621143 0.350927 0.288435 0.461392 0.412831 0.942757
0.454380 0.516610 0.386590 0.368642 0.823771 0.517803 0.345178 0.401911 0.000000 0.454390 0.449782 0.466764 0.422770 0.515490 0.501798 0.446597 0.501146 0.476408 0.442590 0.442500 0.614786 0.833815 0.408434 0.497519 0.658975 0.566567 0.907451 0.890805 0.480300 0.474276 0.444439 0.460728 0.419926 0.431184 0.616785 0.686328 0.543018 0.593732 0.755034 0.707370 0.998449 0.755069 0.411789 0.391195 0.434862 0.423900 0.378109 0.406930 0.735667 0.502495 0.469486 0.484513 0.507614 0.474909 0.596232 0.622566 0.528488 0.576671 0.491764 0.570618 0.403641 0.491954 0.474225 0.524356 0.400355 0.422456 0.345644 0.381929 0.484380 0.542424 0.441640 0.574981 0.498534 0.493629 0.804838 0.613880 0.469162 0.443805 0.495019 0.513638 0.467188 0.450236 0.552856 0.550275 0.466077 0.443764 0.802926 0.857178 0.655303 0.637074 0.468317 0.520116 0.405243 0.581100 0.536794 0.547090 0.523271 0.693723 0.419272 0.424995 0.494162 0.492695 0.524873 0.474068 0.469381 0.529084 0.841859 0.735311 0.779036 0.729341 0.641705 0.579484 0.455694 0.779210 0.514061 0.965592
0.345710 0.344184 0.412634 0.351262 0.783180 0.453645 0.266667 0.234523 0.454390 0.000000 0.318956 0.303346 0.333752 0.366991 0.390960 0.415094 0.291676 0.291414 0.341798 0.348144 0.567454 0.832468 0.422093 0.493247 0.779572 0.635033 0.974487 0.881077 0.325193 0.314144 0.429683 0.387370 0.277090 0.293944 0.519008 0.663513 0.543456 0.570597 0.734751 0.724976 0.932318 0.551408 0.319773 0.312469 0.318546 0.329002 0.380479 0.337870 0.576315 0.490836 0.489032 0.479034 0.626263 0.586565 0.566415 0.679680 0.316088 0.382164 0.318411 0.448792 0.323033 0.364594 0.332792 0.313459 0.492501 0.405276 0.301737 0.305504 0.507975 0.370616 0.399656 0.424040 0.587170 0.639312 0.727870 0.658405 0.421291 0.314493 0.351062 0.417562 0.309679 0.357523 0.488288 0.384810 0.443630 0.464023 0.989921 0.880549 0.618115 0.599038 0.463667 0.534207 0.411198 0.663062 0.399506 0.495864 0.381869 0.424553 0.286760 0.275735 0.443383 0.454664 0.365831 0.318192 0.428101 0.390053 0.952102 0.672698 0.736458 0.552473 0.580281 0.410601 0.388865 0.559730 0.473641 0.964604
0.208486 0.247802 0.268811 0.252943 0.817296 0.470027 0.197072 0.210992 0.449782 0.318956 0.000000 0.199285 0.244179 0.293570 0.344986 0.346253 0.203115 0.159798 0.173533 0.166911 0.457672 0.754696 0.366379 0.362328 0.599269 0.483235 0.976292 0.831921 0.226344 0.178054 0.259480 0.274074 0.232358 0.200772 0.603335 0.667353 0.502994 0.656240 0.617364 0.616856 0.881873 0.671652 0.333016 0.279141 0.349507 0.322771 0.288168 0.291405 0.726044 0.480706 0.533225 0.502732 0.582455 0.551584 0.478853 0.708815 0.251662 0.270422 0.289849 0.364443 0.230659 0.350103 0.211346 0.255940 0.461059 0.325440 0.257424 0.237624 0.377312 0.331230 0.358494 0.379507 0.457258 0.450998 0.709524 0.656687 0.393282 0.267787 0.278142 0.278442 0.191558 0.210903 0.337513 0.311814 0.396383 0.402548 0.856416 0.822070 0.546516 0.614937 0.611092 0.734711 0.564084 0.822424 0.382515 0.593824 0.402700 0.589943 0.426399 0.365017 0.596854 0.616456 0.428372 0.369560 0.450124 0.456398 0.938516 0.770130 0.747856 0.506914 0.738121 0.469685 0.368531 0.546639 0.527153 0.908142
0.137276 0.151697 0.286953 0.215462 0.737118 0.495416 0.238687 0.149451 0.466764 0.303346 0.199285 0.000000 0.128619 0.140389 0.171279 0.179765 0.159684 0.155003 0.184824 0.169157 0.392729 0.763523 0.217217 0.270534 0.554587 0.516593 0.934816 0.845923 0.146183 0.131058 0.233993 0.283741 0.172020 0.185750 0.433740 0.605806 0.399775 0.462491 0.559194 0.638165 0.816944 0.599558 0.309014 0.275353 0.265742 0.245572 0.235275 0.206103 0.538556 0.343857 0.396876 0.335102 0.501930 0.509938 0.427710 0.551038 0.200988 0.191961 0.183513 0.228454 0.145075 0.197859 0.135585 0.122254 0.384258 0.298242 0.244123 0.206191 0.404066 0.239025 0.301600 0.355407 0.440372 0.490988 0.671002 0.629067 0.355036 0.248788 0.200171 0.306950 0.152030 0.196450 0.262735 0.265779 0.243626 0.299676 0.922437 0.885828 0.461978 0.448960 0.649353 0.769795 0.535313 0.971004 0.357522 0.531610 0.381257 0.432716 0.328257 0.279755 0.608994 0.755769 0.317305 0.370707 0.319900 0.285919 0.820837 0.696413 0.614336 0.393291 0.665297 0.436346 0.376132 0.463370 0.434173 0.958141
0.144529 0.173020 0.238100 0.179047 0.653332 0.446746 0.209381 0.141289 0.422770 0.333752 0.244179 0.128619 0.000000 0.130566 0.111601 0.125346 0.193959 0.198674 0.197053 0.214351 0.361271 0.753405 0.137505 0.184157 0.479774 0.471538 0.939633 0.901494 0.176685 0.171160 0.195647 0.281703 0.172944 0.192803 0.411129 0.594091 0.358777 0.443997 0.523611 0.639286 0.754030 0.621683 0.254189 0.241617 0.239868 0.223255 0.205223 0.187299 0.555493 0.317565 0.337272 0.290876 0.433891 0.443236 0.373192 0.519689 0.237554 0.234069 0.194340 0.252106 0.114973 0.186072 0.141455 0.143199 0.272566 0.244994 0.186178 0.175520 0.468775 0.269809 0.264102 0.313183 0.441531 0.511131 0.703973 0.597652 0.337646 0.261535 0.221763 0.344030 0.159777 0.203130 0.204477 0.280996 0.163607 0.207533 0.856611 0.781834 0.443611 0.379435 0.567207 0.692312 0.443906 0.896760 0.371751 0.533988 0.363581 0.446983 0.324846 0.292125 0.568094 0.718908 0.312949 0.399505 0.274574 0.279762 0.802796 0.624032 0.566734 0.449147 0.671083 0.434863 0.367794 0.486910 0.381536 0.982220
0.192140 0.191366 0.354565 0.273545 0.764140 0.568452 0.314747 0.201615 0.515490 0.366991 0.293570 0.140389 0.130566 0.000000 0.130514 0.138116 0.210827 0.223851 0.241168 0.261884 0.395870 0.756383 0.195409 0.222865 0.532520 0.538202 0.968765 0.857292 0.182167 0.189806 0.257332 0.325457 0.235506 0.244083 0.433205 0.653584 0.372838 0.413077 0.582632 0.614596 0.797943 0.550517 0.324246 0.308639 0.320317 0.311158 0.293280 0.257205 0.531534 0.382184 0.371714 0.336808 0.511121 0.524093 0.466791 0.615818 0.229893 0.224468 0.203903 0.295019 0.186631 0.257600 0.155696 0.135450 0.369733 0.361856 0.271342 0.248570 0.544980 0.299261 0.319849 0.376933 0.538394 0.589209 0.705499 0.632708 0.357015 0.270181 0.243669 0.398602 0.213646 0.304190 0.225813 0.364632 0.233717 0.295531 0.929008 0.863200 0.498969 0.451024 0.654571 0.754611 0.504279 0.948225 0.399469 0.550303 0.468967 0.408822 0.355489 0.330542 0.612788 0.808187 0.287926 0.443401 0.305920 0.290994 0.829408 0.604634 0.573773 0.426768 0.671766 0.479591 0.455252 0.500816 0.404437 0.980872
0.208299 0.239255 0.308621 0.241145 0.678957 0.511185 0.306837 0.205631 0.501798 0.390960 0.344986 0.171279 0.111601 0.130514 0.000000 0.126700 0.273764 0.287759 0.287074 0.303750 0.406738 0.767990 0.136308 0.194974 0.474742 0.481246 0.989723 0.889711 0.234627 0.231322 0.231137 0.322159 0.234939 0.272881 0.381411 0.659116 0.359926 0.437433 0.536659 0.653095 0.730471 0.655753 0.317611 0.310759 0.286779 0.280366 0.264618 0.229577 0.513569 0.331702 0.340169 0.295227 0.439360 0.474029 0.388906 0.506969 0.313084 0.299520 0.242382 0.290321 0.163417 0.218303 0.199674 0.184244 0.277608 0.300087 0.255168 0.243317 0.564806 0.334910 0.310965 0.388234 0.478632 0.577907 0.697479 0.656890 0.376102 0.314015 0.280422 0.422545 0.230558 0.281494 0.239261 0.359243 0.174610 0.229619 0.890788 0.744786 0.444631 0.351421 0.620162 0.738554 0.480637 0.966571 0.420097 0.573076 0.415975 0.449986 0.345346 0.325541 0.596743 0.787170 0.318257 0.472036 0.291784 0.271855 0.763707 0.604828 0.587587 0.491037 0.697432 0.479922 0.454787 0.554840 0.395224 0.949444
0.218764 0.231188 0.324760 0.248130 0.677147 0.470769 0.306324 0.219830 0.446597 0.415094 0.346253 0.179765 0.125346 0.138116 0.126700 0.000000 0.272953 0.284579 0.269936 0.312237 0.368422 0.812587 0.130140 0.173968 0.461987 0.504033 0.985688 0.857569 0.228874 0.239234 0.216767 0.313005 0.239838 0.280304 0.419878 0.658371 0.399311 0.437214 0.549665 0.647763 0.723125 0.611255 0.300038 0.306310 0.316164 0.292254 0.265121 0.237808 0.600582 0.355876 0.353025 0.308501 0.433830 0.430043 0.443413 0.545781 0.310616 0.303760 0.240903 0.305135 0.179034 0.258775 0.192607 0.184345 0.319353 0.319653 0.245711 0.259636 0.502178 0.332318 0.251999 0.317901 0.450373 0.562060 0.658500 0.646191 0.372024 0.292928 0.269671 0.394364 0.223090 0.286761 0.226587 0.346177 0.196586 0.225737 0.910852 0.816880 0.479474 0.441221 0.601660 0.712807 0.442840 0.935147 0.438150 0.560849 0.468396 0.463240 0.398224 0.374724 0.626977 0.745829 0.347295 0.488312 0.292924 0.297421 0.761275 0.685506 0.592543 0.516149 0.757074 0.527157 0.468298 0.500051 0.407602 0.974259
0.150244 0.152423 0.339930 0.263622 0.805261 0.537771 0.208609 0.169923 0.501146 0.291676 0.203115 0.159684 0.193959 0.210827 0.273764 0.272953 0.000000 0.117233 0.139056 0.165593 0.445057 0.695311 0.301754 0.364889 0.605599 0.556431 0.898015 0.878589 0.143700 0.137686 0.283955 0.251148 0.171280 0.153536 0.525294 0.563821 0.427573 0.565815 0.608858 0.569117 0.808189 0.517870 0.263260 0.201388 0.262810 0.249522 0.254679 0.227365 0.600492 0.396228 0.433976 0.391485 0.520749 0.512486 0.438801 0.618483 0.122962 0.159194 0.163122 0.279321 0.206249 0.317476 0.142337 0.151105 0.469905 0.371796 0.222996 0.206457 0.360154 0.229721 0.285048 0.283165 0.474933 0.501750 0.688309 0.592596 0.329000 0.255749 0.189590 0.239121 0.134854 0.198300 0.316856 0.274278 0.304930 0.360176 0.913206 0.877430 0.478757 0.557058 0.618951 0.729872 0.541196 0.867922 0.331516 0.558641 0.370782 0.371758 0.314861 0.258730 0.664203 0.707735 0.317978 0.306800 0.363315 0.314674 0.892377 0.692174 0.615027 0.382518 0.650417 0.372713 0.348526 0.432010 0.473320 0.965536
0.147059 0.151789 0.279552 0.220781 0.807934 0.508656 0.174350 0.148832 0.476408 0.291414 0.159798 0.155003 0.198674 0.223851 0.287759 0.284579 0.117233 0.000000 0.113645 0.128465 0.431046 0.705211 0.318630 0.361802 0.573420 0.502838 0.888996 0.845696 0.134990 0.123750 0.266545 0.248560 0.162370 0.144050 0.524094 0.626248 0.412039 0.563387 0.614919 0.554378 0.883416 0.503757 0.241692 0.185468 0.259906 0.237777 0.225967 0.211894 0.592042 0.402256 0.437549 0.399720 0.536742 0.507260 0.450499 0.604033 0.127973 0.140722 0.188380 0.283139 0.189444 0.313964 0.132419 0.145067 0.450269 0.344752 0.209381 0.202350 0.350329 0.249769 0.298414 0.308756 0.471753 0.464657 0.663222 0.613243 0.337863 0.243900 0.193925 0.249850 0.134582 0.164752 0.306216 0.248480 0.309120 0.353297 0.922144 0.903241 0.508894 0.529322 0.570667 0.686790 0.505843 0.818176 0.340089 0.510547 0.367652 0.419632 0.300176 0.260182 0.602266 0.678568 0.327361 0.286317 0.332866 0.332489 0.935866 0.705289 0.638618 0.405536 0.701937 0.364967 0.301934 0.445473 0.439807 0.980618
0.149754 0.161841 0.237742 0.187289 0.733895 0.501210 0.158199 0.168776 0.442590 0.341798 0.173533 0.184824 0.197053 0.241168 0.287074 0.269936 0.139056 0.113645 0.000000 0.136046 0.393155 0.686196 0.283096 0.312067 0.486253 0.458551 0.893787 0.858697 0.170812 0.135813 0.221284 0.251938 0.177930 0.141902 0.484285 0.597231 0.410711 0.570367 0.562065 0.595105 0.867454 0.514780 0.232411 0.182191 0.271455 0.250446 0.217375 0.221355 0.627207 0.370282 0.427927 0.388089 0.524445 0.446019 0.425726 0.613592 0.181872 0.194362 0.214324 0.303198 0.192052 0.334906 0.161565 0.187230 0.394068 0.323898 0.197404 0.205179 0.310698 0.241632 0.249737 0.263543 0.398674 0.406484 0.682769 0.566208 0.341331 0.265397 0.233958 0.222019 0.140313 0.160132 0.324312 0.267203 0.287743 0.324803 0.886787 0.850015 0.519387 0.550647 0.565756 0.688468 0.509952 0.793281 0.334688 0.539020 0.399154 0.443661 0.324013 0.310451 0.638005 0.680945 0.355045 0.317649 0.339505 0.358630 0.839368 0.723887 0.609765 0.447969 0.718906 0.384423 0.349937 0.484805 0.455545 0.955253
0.143371 0.164605 0.238375 0.204958 0.814824 0.551032 0.202942 0.177828 0.442500 0.348144 0.166911 0.169157 0.214351 0.261884 0.303750 0.312237 0.165593 0.128465 0.136046 0.000000 0.460020 0.731198 0.306086 0.335265 0.512101 0.429891 0.912393 0.872722 0.173815 0.137036 0.241167 0.237115 0.172011 0.157204 0.505198 0.651747 0.417347 0.570893 0.576322 0.591307 0.942631 0.595657 0.288397 0.234838 0.309132 0.270600 0.241908 0.223066 0.607026 0.371959 0.469183 0.411076 0.532921 0.536226 0.449724 0.585087 0.193536 0.182353 0.218121 0.273456 0.204005 0.294540 0.186161 0.197650 0.421686 0.324478 0.252068 0.215366 0.313294 0.232927 0.323969 0.364544 0.388835 0.409383 0.691913 0.600877 0.373911 0.295395 0.227876 0.260283 0.161688 0.160508 0.355219 0.281018 0.327404 0.362884 0.817723 0.887069 0.468419 0.513830 0.652941 0.789310 0.598722 0.918734 0.358384 0.575059 0.385937 0.498951 0.351396 0.314761 0.592115 0.741964 0.419237 0.358949 0.388891 0.372281 0.855604 0.721686 0.623235 0.431854 0.702319 0.415637 0.364657 0.534061 0.463736 0.950490
0.413513 0.416843 0.406984 0.340131 0.665897 0.546136 0.392323 0.383354 0.614786 0.567454 0.457672 0.392729 0.361271 0.395870 0.406738 0.368422 0.445057 0.431046 0.393155 0.460020 0.000000 0.790402 0.373759 0.357256 0.578476 0.558078 0.959221 0.873280 0.447516 0.450388 0.375060 0.530052 0.393570 0.371750 0.517257 0.798267 0.475330 0.586207 0.633152 0.746892 0.730040 0.671337 0.415301 0.395355 0.447029 0.445524 0.396763 0.415766 0.745064 0.470487 0.565085 0.493096 0.600733 0.508058 0.584428 0.735435 0.486120 0.456771 0.446016 0.447042 0.399759 0.465702 0.418277 0.416680 0.457064 0.442786 0.407135 0.407610 0.645872 0.531730 0.348333 0.381174 0.562388 0.597348 0.698806 0.697657 0.424893 0.376646 0.469230 0.488895 0.414046 0.419807 0.389619 0.430991 0.410482 0.452670 0.994097 0.912403 0.718418 0.569560 0.576544 0.704528 0.477987 0.797886 0.529640 0.635021 0.497690 0.616744 0.533211 0.498096 0.692863 0.698638 0.435620 0.443855 0.413980 0.469651 0.862992 0.656824 0.687745 0.725336 0.782037 0.662415 0.593270 0.587112 0.612566 0.976614
0.755183 0.780948 0.768958 0.720216 0.761947 0.993924 0.682286 0.752506 0.833815 0.832468 0.754696 0.763523 0.753405 0.756383 0.767990 0.812587 0.695311 0.705211 0.686196 0.731198 0.790402 0.000000 0.793532 0.803917 0.988824 0.846870 0.858448 0.750908 0.687243 0.739204 0.829112 0.684826 0.676531 0.718939 0.900103 0.915796 0.842548 0.888287 0.859570 0.787884 0.996247 0.929683 0.730367 0.669434 0.734446 0.733132 0.770670 0.783444 0.835521 0.824874 0.777301 0.819278 0.913115 0.763899 0.758825 0.874036 0.702509 0.748426 0.791478 0.818447 0.705096 0.819233 0.736386 0.759832 0.758719 0.728855 0.714042 0.652272 0.850445 0.853563 0.761558 0.777993 0.785602 0.712048 0.971503 0.815709 0.758446 0.772685 0.891439 0.705959 0.744478 0.733029 0.763713 0.800959 0.780716 0.723576 0.933599 0.858352 0.739749 0.813060 0.840413 0.906542 0.899787 0.866700 0.814671 0.922477 0.947502 0.816443 0.744521 0.674970 0.896195 0.934589 0.793383 0.705847 0.845165 0.727156 0.824300 0.837157 0.873280 0.788953 0.826095 0.742659 0.795943 0.706131 0.720577 0.920376
0.222344 0.256253 0.226877 0.181426 0.672699 0.495202 0.271034 0.224237 0.408434 0.422093 0.366379 0.217217 0.137505 0.195409 0.136308 0.130140 0.301754 0.318630 0.283096 0.306086 0.373759 0.793532 0.000000 0.151180 0.352134 0.375016 0.942060 0.907432 0.262128 0.271618 0.161308 0.270923 0.209045 0.272648 0.385392 0.622588 0.347602 0.451925 0.491222 0.680306 0.782467 0.656970 0.281841 0.288457 0.300143 0.282027 0.242946 0.242015 0.596257 0.333968 0.376177 0.303538 0.407057 0.442874 0.380830 0.497970 0.355228 0.346816 0.259711 0.292391 0.172728 0.229065 0.241650 0.241385 0.212073 0.249601 0.215658 0.220119 0.475976 0.309168 0.240548 0.327502 0.381891 0.482343 0.707385 0.653734 0.337329 0.328770 0.277190 0.378193 0.226512 0.259829 0.251571 0.310446 0.145238 0.163974 0.904934 0.741568 0.412312 0.352674 0.598341 0.738216 0.465909 0.936993 0.405118 0.560367 0.415689 0.479508 0.386630 0.369577 0.642769 0.757892 0.386851 0.481526 0.314846 0.295208 0.757598 0.681621 0.577300 0.539180 0.721845 0.523879 0.458064 0.575109 0.379309 0.967690
0.264678 0.308759 0.241586 0.217768 0.689874 0.535049 0.316220 0.280988 0.497519 0.493247 0.362328 0.270534 0.184157 0.222865 0.194974 0.173968 0.364889 0.361802 0.312067 0.335265 0.357256 0.803917 0.151180 0.000000 0.340621 0.338424 0.982566 0.887498 0.300152 0.298981 0.186398 0.304986 0.274728 0.307131 0.406258 0.716209 0.421602 0.520452 0.506104 0.699225 0.827870 0.697762 0.341664 0.352140 0.386051 0.345658 0.309338 0.321499 0.649193 0.398014 0.433929 0.388411 0.443070 0.476937 0.403454 0.583884 0.432420 0.403733 0.326056 0.367867 0.221154 0.297584 0.283293 0.306576 0.262214 0.265178 0.277615 0.275185 0.540003 0.360095 0.300939 0.372848 0.404807 0.466433 0.748795 0.661865 0.409874 0.365625 0.337156 0.386632 0.265616 0.297548 0.260110 0.334767 0.213206 0.196563 0.807266 0.661149 0.479979 0.418488 0.656815 0.791237 0.532222 0.951315 0.467550 0.653814 0.518989 0.566805 0.514289 0.463425 0.638896 0.783018 0.498030 0.554843 0.388889 0.430589 0.823650 0.709933 0.568652 0.590538 0.830746 0.621689 0.504032 0.631805 0.436632 0.982835
0.474953 0.509130 0.332655 0.374565 0.894566 0.759373 0.531691 0.531786 0.658975 0.779572 0.599269 0.554587 0.479774 0.532520 0.474742 0.461987 0.605599 0.573420 0.486253 0.512101 0.578476 0.988824 0.352134 0.340621 0.000000 0.267136 0.902828 0.888744 0.571840 0.537532 0.322510 0.473099 0.476583 0.558268 0.491759 0.787914 0.477945 0.672105 0.512536 0.773458 0.890147 0.770269 0.508508 0.526842 0.636742 0.567616 0.469739 0.531376 0.792107 0.544569 0.647437 0.548428 0.563151 0.651845 0.468841 0.634680 0.645447 0.573973 0.550514 0.506064 0.498771 0.528112 0.576886 0.565736 0.367563 0.471189 0.510443 0.512827 0.534084 0.508692 0.494914 0.533397 0.453762 0.513114 0.782579 0.859022 0.558674 0.624972 0.501868 0.519416 0.495297 0.479507 0.578714 0.538441 0.390107 0.354461 0.958921 0.812722 0.625553 0.489212 0.802276 0.912826 0.691339 0.999522 0.562734 0.806389 0.643891 0.714025 0.702079 0.694521 0.960724 0.935598 0.751125 0.740165 0.531645 0.615920 0.741799 0.905931 0.691938 0.662166 0.981351 0.733497 0.672910 0.913271 0.631254 0.942879
0.455895 0.515031 0.295544 0.318419 0.858522 0.679000 0.447506 0.476341 0.566567 0.635033 0.483235 0.516593 0.471538 0.538202 0.481246 0.504033 0.556431 0.502838 0.458551 0.429891 0.558078 0.846870 0.375016 0.338424 0.267136 0.000000 0.916112 0.814834 0.486880 0.478902 0.306488 0.375207 0.397153 0.435907 0.459666 0.783226 0.425589 0.719825 0.520157 0.625797 0.945728 0.783669 0.441367 0.432140 0.520194 0.457054 0.413411 0.467494 0.685486 0.501907 0.581149 0.518543 0.509572 0.623767 0.502588 0.546192 0.590003 0.554238 0.486702 0.499629 0.431244 0.481513 0.527705 0.549065 0.320050 0.357662 0.428872 0.410626 0.516492 0.499542 0.498443 0.494634 0.380663 0.432362 0.801416 0.792905 0.454858 0.529034 0.528120 0.458293 0.445633 0.415865 0.574575 0.438609 0.403286 0.359009 0.856645 0.754587 0.472259 0.480907 0.708153 0.853387 0.667450 0.931621 0.540944 0.743638 0.572980 0.677655 0.561888 0.529592 0.761246 0.843093 0.668428 0.563866 0.547429 0.628827 0.816265 0.803191 0.761838 0.728326 0.938818 0.635641 0.581826 0.877073 0.503678 0.992782
0.923100 0.878937 0.981032 0.950449 0.742405 0.888867 0.935266 0.885312 0.907451 0.974487 0.976292 0.934816 0.939633 0.968765 0.989723 0.985688 0.898015 0.888996 0.893787 0.912393 0.959221 0.858448 0.942060 0.982566 0.902828 0.916112 0.000000 0.978694 0.899881 0.887846 0.964868 0.933513 0.931390 0.873248 0.986155 0.944695 0.975042 0.870619 0.842163 0.954545 0.903730 0.987199 0.961343 0.960662 0.926946 0.924836 0.978406 0.955075 0.863943 0.913525 0.893384 0.933282 0.959918 0.876788 0.827744 0.877237 0.876424 0.864007 0.923378 0.902922 0.906798 0.879241 0.895894 0.892020 0.971438 0.930517 0.957012 0.951333 0.965063 0.889610 0.954830 0.976966 0.964894 0.967147 0.926530 0.826658 0.960375 0.945649 0.969229 0.991776 0.927747 0.881514 0.944989 0.889838 0.954666 0.950202 0.849017 0.995498 0.935312 0.981093 0.962994 0.945798 0.965326 0.915671 0.972561 0.952029 0.956525 0.918904 0.925437 0.902130 0.973530 0.998018 0.942787 0.836040 0.826947 0.895369 0.902001 0.992307 0.942125 0.730042 0.992601 0.799749 0.835310 0.923444 0.951988 0.816662
0.901274 0.904075 0.880483 0.873763 0.786962 0.814841 0.849388 0.851637 0.890805 0.881077 0.831921 0.845923 0.901494 0.857292 0.889711 0.857569 0.878589 0.845696 0.858697 0.872722 0.873280 0.750908 0.907432 0.887498 0.888744 0.814834 0.978694 0.000000 0.832810 0.881507 0.908151 0.898996 0.804129 0.907561 0.946434 0.988603 0.953639 0.966315 0.961598 0.803731 0.896401 0.928418 0.876520 0.828963 0.962958 0.919763 0.855109 0.930867 0.993216 0.938361 0.976502 0.993378 0.989084 0.951620 0.979543 0.955987 0.870070 0.872802 0.919293 0.932755 0.874794 0.915986 0.833502 0.839272 0.935051 0.884637 0.880482 0.870794 0.900892 0.951266 0.864116 0.828163 0.851036 0.958659 0.871470 0.879999 0.753742 0.826369 0.942810 0.911233 0.872191 0.889713 0.960377 0.949081 0.925502 0.897974 0.991871 0.843573 0.912649 0.933772 0.806412 0.870468 0.867276 0.838596 0.911207 0.975832 0.951882 0.813039 0.887118 0.794702 0.957738 0.860796 0.989154 0.795917 0.805449 0.992526 0.874130 0.934909 0.858848 0.871800 0.953524 0.796688 0.905721 0.925152 0.823908 0.997612
0.170804 0.161173 0.321750 0.246092 0.741407 0.510595 0.241777 0.179305 0.480300 0.325193 0.226344 0.146183 0.176685 0.182167 0.234627 0.228874 0.143700 0.134990 0.170812 0.173815 0.447516 0.687243 0.262128 0.300152 0.571840 0.486880 0.899881 0.832810 0.000000 0.125063 0.237921 0.268936 0.174068 0.169828 0.465788 0.649504 0.386807 0.567327 0.594151 0.563867 0.853268 0.545675 0.300568 0.238945 0.282188 0.261996 0.243209 0.217952 0.544375 0.387906 0.414742 0.365291 0.496054 0.512640 0.404416 0.539664 0.173888 0.189942 0.188943 0.267015 0.175936 0.278645 0.130073 0.141994 0.422744 0.338001 0.227220 0.213978 0.380022 0.232601 0.309841 0.333101 0.449223 0.478835 0.662854 0.628513 0.339786 0.267583 0.210553 0.272921 0.141886 0.196893 0.294459 0.246259 0.262663 0.323904 0.870588 0.891326 0.474609 0.455659 0.657145 0.769874 0.552573 0.947518 0.356222 0.581881 0.416523 0.425189 0.337342 0.273705 0.617547 0.762253 0.336698 0.336202 0.345649 0.307562 0.876948 0.732034 0.608883 0.414316 0.675805 0.418909 0.349349 0.428043 0.403626 0.957365
0.144986 0.163140 0.285910 0.222278 0.781295 0.517418 0.223380 0.170051 0.474276 0.314144 0.178054 0.131058 0.171160 0.189806 0.231322 0.239234 0.137686 0.123750 0.135813 0.137036 0.450388 0.739204 0.271618 0.298981 0.537532 0.478902 0.887846 0.881507 0.125063 0.000000 0.224132 0.243916 0.179056 0.140763 0.476554 0.628114 0.392273 0.545246 0.565133 0.603776 0.890558 0.610196 0.332201 0.252085 0.303858 0.274972 0.254784 0.228710 0.609607 0.382404 0.450433 0.393925 0.510321 0.507378 0.399453 0.579906 0.187372 0.187833 0.215987 0.299685 0.182750 0.293827 0.141348 0.147729 0.432765 0.356805 0.247149 0.234020 0.346110 0.227745 0.303436 0.338499 0.436769 0.450907 0.608575 0.592260 0.399906 0.272485 0.208783 0.247953 0.136828 0.165886 0.297489 0.242698 0.296986 0.336124 0.817534 0.811829 0.475645 0.504910 0.659900 0.790280 0.581292 0.935998 0.361033 0.601945 0.415886 0.450201 0.356546 0.319764 0.625082 0.726802 0.340286 0.353617 0.393151 0.339534 0.826615 0.739332 0.657432 0.417354 0.706279 0.452887 0.389304 0.505148 0.455315 0.969335
0.214351 0.249082 0.185724 0.169227 0.757847 0.481178 0.234830 0.240825 0.444439 0.429683 0.259480 0.233993 0.195647 0.257332 0.231137 0.216767 0.283955 0.266545 0.221284 0.241167 0.375060 0.829112 0.161308 0.186398 0.322510 0.306488 0.964868 0.908151 0.237921 0.224132 0.000000 0.217153 0.201820 0.215336 0.404805 0.674617 0.337074 0.548981 0.495370 0.732319 0.811429 0.687779 0.308584 0.263640 0.336726 0.301008 0.258317 0.260014 0.670911 0.386756 0.470225 0.389060 0.452084 0.481805 0.367899 0.550112 0.350875 0.330201 0.281425 0.307981 0.192169 0.285652 0.261749 0.283302 0.259403 0.235169 0.219295 0.225096 0.331565 0.271920 0.271646 0.306044 0.315965 0.361440 0.621266 0.733106 0.367080 0.297276 0.277375 0.311473 0.208395 0.204077 0.298258 0.256691 0.224007 0.215615 0.881944 0.738155 0.447841 0.429529 0.680888 0.831799 0.564162 0.958169 0.394488 0.646989 0.410091 0.571796 0.460703 0.426713 0.665824 0.697892 0.463645 0.458899 0.405274 0.391609 0.806257 0.826558 0.620658 0.504371 0.842900 0.526200 0.455393 0.546273 0.461930 0.979436
0.268860 0.306729 0.276303 0.241676 0.921793 0.574420 0.251435 0.280062 0.460728 0.387370 0.274074 0.283741 0.281703 0.325457 0.322159 0.313005 0.251148 0.248560 0.251938 0.237115 0.530052 0.684826 0.270923 0.304986 0.473099 0.375207 0.933513 0.898996 0.268936 0.243916 0.217153 0.000000 0.221687 0.227771 0.550574 0.740003 0.429338 0.646566 0.500751 0.659038 0.909274 0.693018 0.325784 0.254402 0.369232 0.361508 0.339887 0.312629 0.753537 0.515758 0.572132 0.527905 0.553824 0.609704 0.488462 0.671271 0.306755 0.338210 0.311602 0.411487 0.271969 0.407393 0.297873 0.323989 0.388553 0.331481 0.272581 0.257152 0.361277 0.350601 0.354060 0.349117 0.407625 0.426902 0.671526 0.706108 0.404110 0.322307 0.297697 0.276662 0.254992 0.262466 0.394427 0.305024 0.353976 0.317377 0.900024 0.788025 0.458845 0.545138 0.683890 0.864249 0.638160 0.943451 0.464633 0.679988 0.495084 0.572276 0.452235 0.406858 0.691390 0.714703 0.537080 0.429581 0.504296 0.410016 0.948782 0.871093 0.701077 0.563607 0.769342 0.503738 0.459092 0.576213 0.458761 0.962289
0.161109 0.188001 0.209460 0.160998 0.724896 0.497817 0.174323 0.147437 0.419926 0.277090 0.232358 0.172020 0.172944 0.235506 0.234939 0.239838 0.171280 0.162370 0.177930 0.172011 0.393570 0.676531 0.209045 0.274728 0.476583 0.397153 0.931390 0.804129 0.174068 0.179056 0.201820 0.221687 0.000000 0.176283 0.444663 0.595261 0.402959 0.534930 0.558394 0.619972 0.883489 0.605747 0.228814 0.196933 0.257632 0.231856 0.216870 0.228316 0.568614 0.375216 0.414338 0.372814 0.491635 0.477024 0.393277 0.508986 0.212877 0.214474 0.197684 0.277809 0.163960 0.250123 0.183841 0.188152 0.320759 0.259095 0.190933 0.159549 0.331158 0.239565 0.241024 0.288268 0.372314 0.437734 0.676880 0.635795 0.316774 0.240223 0.193527 0.258818 0.141393 0.163737 0.300086 0.255641 0.234089 0.245273 0.907393 0.844596 0.446061 0.432238 0.534271 0.658486 0.470945 0.830865 0.362713 0.503322 0.321064 0.408949 0.290603 0.239368 0.604910 0.619605 0.379337 0.285022 0.330599 0.317637 0.874688 0.678073 0.604666 0.418179 0.682768 0.391751 0.351471 0.467803 0.428745 0.988768
0.159984 0.181142 0.260581 0.181825 0.733998 0.506342 0.169083 0.153983 0.431184 0.293944 0.200772 0.185750 0.192803 0.244083 0.272881 0.280304 0.153536 0.144050 0.141902 0.157204 0.371750 0.718939 0.272648 0.307131 0.558268 0.435907 0.873248 0.907561 0.169828 0.140763 0.215336 0.227771 0.176283 0.000000 0.466238 0.642167 0.351692 0.522553 0.559133 0.626954 0.885757 0.590309 0.249608 0.176770 0.242696 0.224400 0.207553 0.231652 0.606961 0.358853 0.427784 0.379994 0.509773 0.493742 0.438925 0.583080 0.179156 0.195915 0.199955 0.294813 0.167893 0.275556 0.172714 0.182440 0.364214 0.267683 0.183859 0.173043 0.374042 0.248739 0.289463 0.294924 0.384718 0.449874 0.611424 0.578262 0.355128 0.236446 0.239110 0.237733 0.159624 0.166158 0.306974 0.227996 0.268778 0.299931 0.882903 0.767614 0.465018 0.488108 0.591997 0.735643 0.532079 0.823121 0.336848 0.533481 0.394928 0.446699 0.296532 0.270371 0.572349 0.652699 0.323385 0.277533 0.367946 0.357677 0.840184 0.686965 0.627708 0.494692 0.714076 0.366198 0.350940 0.477949 0.419611 0.936894
0.418103 0.468627 0.481640 0.398992 0.798353 0.530052 0.514118 0.442908 0.616785 0.519008 0.603335 0.433740 0.411129 0.433205 0.381411 0.419878 0.525294 0.524094 0.484285 0.505198 0.517257 0.900103 0.385392 0.406258 0.491759 0.459666 0.986155 0.946434 0.465788 0.476554 0.404805 0.550574 0.444663 0.466238 0.000000 0.678605 0.462544 0.602836 0.665643 0.907386 0.761589 0.686065 0.465339 0.507483 0.455506 0.400152 0.431993 0.449492 0.504271 0.361529 0.470389 0.390119 0.508648 0.584700 0.425976 0.521204 0.602601 0.513956 0.433694 0.391611 0.409385 0.403314 0.467837 0.456606 0.423121 0.437615 0.469379 0.434942 0.588492 0.422754 0.520760 0.535988 0.482545 0.603945 0.645577 0.737765 0.528347 0.517351 0.450484 0.537286 0.423561 0.409262 0.548650 0.473813 0.333180 0.383737 0.999360 0.765758 0.569389 0.467008 0.742744 0.850046 0.645716 0.943082 0.589598 0.717244 0.497048 0.644720 0.500813 0.488697 0.729135 0.881035 0.549589 0.639632 0.459146 0.503743 0.779377 0.732446 0.620781 0.710326 0.692655 0.508838 0.626647 0.804230 0.566476 0.941867
0.577168 0.576740 0.675564 0.642650 0.906033 0.779557 0.629081 0.599264 0.686328 0.663513 0.667353 0.605806 0.594091 0.653584 0.659116 0.658371 0.563821 0.626248 0.597231 0.651747 0.798267 0.915796 0.622588 0.716209 0.787914 0.783226 0.944695 0.988603 0.649504 0.628114 0.674617 0.740003 0.595261 0.642167 0.678605 0.000000 0.706297 0.575180 0.887904 0.799097 0.798514 0.737921 0.616157 0.630677 0.624285 0.613970 0.664670 0.584795 0.741897 0.664421 0.672832 0.608045 0.695912 0.670306 0.765821 0.690955 0.615916 0.615178 0.585374 0.636196 0.635435 0.674248 0.582105 0.600994 0.720855 0.743401 0.617334 0.608504 0.712031 0.563233 0.655998 0.627352 0.809351 0.827992 0.977427 0.760787 0.695133 0.707908 0.575753 0.673043 0.565773 0.617700 0.679130 0.621087 0.617912 0.665065 0.999596 0.931073 0.709263 0.715645 0.787418 0.726352 0.760962 0.823583 0.537206 0.733295 0.644002 0.576824 0.653039 0.680758 0.836665 0.743880 0.614012 0.633198 0.746714 0.715707 0.847582 0.783940 0.674698 0.699169 0.690089 0.690587 0.653861 0.813832 0.640701 0.978627
0.370131 0.355123 0.397421 0.346069 0.898930 0.675542 0.451528 0.379798 0.543018 0.543456 0.502994 0.399775 0.358777 0.372838 0.359926 0.399311 0.427573 0.412039 0.410711 0.417347 0.475330 0.842548 0.347602 0.421602 0.477945 0.425589 0.975042 0.953639 0.386807 0.392273 0.337074 0.429338 0.402959 0.351692 0.462544 0.706297 0.000000 0.457805 0.481293 0.677759 0.904428 0.528629 0.425977 0.383146 0.385014 0.399000 0.402051 0.325058 0.491939 0.398379 0.446228 0.376098 0.491825 0.596497 0.561058 0.533516 0.414103 0.364616 0.344803 0.372636 0.358214 0.381116 0.411166 0.369291 0.356455 0.431088 0.402240 0.358338 0.594316 0.428322 0.519289 0.493093 0.595972 0.588955 0.639519 0.736851 0.464773 0.431059 0.426240 0.501614 0.397994 0.416362 0.514767 0.422212 0.317449 0.345093 0.872292 0.797731 0.469673 0.388262 0.695045 0.808354 0.572319 0.890732 0.439326 0.583487 0.506887 0.516766 0.397297 0.435298 0.609852 0.808958 0.350609 0.456197 0.410641 0.376495 0.797867 0.642805 0.761583 0.594752 0.867595 0.517373 0.593855 0.715220 0.529916 0.890724
0.487417 0.525050 0.586075 0.526635 0.897916 0.897555 0.608283 0.484998 0.593732 0.570597 0.656240 0.462491 0.443997 0.413077 0.437433 0.437214 0.565815 0.563387 0.570367 0.570893 0.586207 0.888287 0.451925 0.520452 0.672105 0.719825 0.870619 0.966315 0.567327 0.545246 0.548981 0.646566 0.534930 0.522553 0.602836 0.575180 0.457805 0.000000 0.660468 0.779886 0.834332 0.702991 0.543849 0.584156 0.579994 0.552785 0.589690 0.506161 0.600490 0.505907 0.513689 0.504889 0.724997 0.655347 0.693174 0.678686 0.534755 0.522830 0.525623 0.538935 0.487132 0.493921 0.490103 0.445062 0.504118 0.590676 0.568900 0.551298 0.844448 0.620771 0.621263 0.708167 0.726519 0.784678 0.836493 0.820821 0.605084 0.588815 0.576135 0.688979 0.578056 0.630449 0.544726 0.637209 0.468238 0.537251 0.858676 0.947318 0.639521 0.600849 0.692430 0.708048 0.596684 0.892804 0.510074 0.546757 0.684589 0.607079 0.501397 0.593579 0.655179 0.785546 0.432495 0.593315 0.517382 0.515940 0.801323 0.645305 0.631113 0.504380 0.849538 0.739767 0.691670 0.763205 0.488893 0.981937
