0.000000 0.407703 0.895527 0.927706 0.585621 0.853345 0.819882 0.655568 0.933502 0.622552 0.426500 0.345105 0.422907 0.537828 0.517633 0.653650 0.430693 0.431038 0.319793 0.352962 0.956107 0.959134 0.421216 0.947500 0.756995 0.613550 0.931906 0.963628 0.407370 0.483652 0.900984 0.847936 0.569933 0.722844 0.892107 0.970172 0.712733 0.838593 0.993344 0.953616 0.809235 0.816266 0.882594 0.970636 0.937165 0.840115 0.750146 0.829469 0.583920 0.686725 0.827410 0.908460 0.938105 0.699055 0.744571 0.916183 0.360440 0.332430 0.488015 0.523491 0.709872 0.626223 0.436500 0.378565 0.796788 0.760792 0.893452 0.783269 0.362226 0.388223 0.859717 0.980260 0.883943 0.970560 0.840102 0.887257 0.897362 0.876077 0.813964 0.717569 0.408654 0.433128 0.622331 0.634011 0.549659 0.957539 0.802301 0.782340 0.647680 0.602893 0.859413 0.834968 0.771909 0.656588 0.927126 0.942699 0.978154 0.922464 0.793229 0.793472 0.954502 0.827468 0.875084 0.770764 0.911604 0.861592 0.944237 0.662171 0.930622 0.899214 0.946286 0.830812 0.698729 0.855322 0.907876 0.863960
0.407703 0.000000 0.620837 0.876412 0.652814 0.708082 0.865035 0.681512 0.869891 0.643751 0.701591 0.358866 0.696828 0.489391 0.575465 0.600179 0.330104 0.303784 0.387359 0.349035 0.804167 0.982360 0.574466 0.905540 0.827464 0.578077 0.896200 0.880361 0.364030 0.365065 0.940465 0.872232 0.765566 0.787575 0.733101 0.924571 0.749069 0.984220 0.982403 0.864936 0.919357 0.797506 0.855680 0.729173 0.687373 0.553235 0.639959 0.619276 0.314781 0.397757 0.609310 0.658575 0.785786 0.865883 0.721216 0.765929 0.280481 0.266803 0.810257 0.728917 0.919760 0.693870 0.643838 0.482960 0.723961 0.718006 0.679599 0.733000 0.582913 0.436380 0.918128 0.756500 0.957375 0.948093 0.860256 0.964078 0.816524 0.951196 0.724549 0.643796 0.389893 0.423748 0.436021 0.556897 0.565873 0.943485 0.892648 0.746293 0.855174 0.769434 0.678482 0.686295 0.635966 0.481172 0.875305 0.903826 0.865659 0.889626 0.905173 0.795807 0.793852 0.714255 0.967716 0.898283 0.933571 0.948310 0.932544 0.668452 0.889067 0.975856 0.962142 0.764641 0.630340 0.785624 0.970693 0.835572
0.895527 0.620837 0.000000 0.426471 0.977326 0.609194 0.432299 0.684622 0.837694 0.918564 0.902810 0.829679 0.806327 0.879615 0.941362 0.978342 0.757293 0.681571 0.961245 0.825824 0.675441 0.858518 0.903538 0.805328 0.645754 0.487534 0.969866 0.957202 0.783467 0.763752 0.619563 0.595541 0.650797 0.717078 0.566424 0.713815 0.935724 0.815249 0.755643 0.965220 0.835976 0.920335 0.793198 0.907369 0.911124 0.993801 0.711385 0.860481 0.665614 0.776624 0.924050 0.994275 0.875113 0.787451 0.778727 0.992840 0.677460 0.636054 0.863579 0.894898 0.572588 0.859616 0.862963 0.880466 0.472877 0.483118 0.384336 0.485138 0.908664 0.873642 0.681563 0.688241 0.689930 0.793592 0.876152 0.979454 0.889591 0.915511 0.967037 0.986335 0.892900 0.956787 0.807381 0.849433 0.907303 0.688619 0.919739 0.960157 0.872745 0.768200 0.672380 0.837717 0.676350 0.693685 0.828816 0.943963 0.676470 0.998129 0.870937 0.794806 0.716193 0.778825 0.835110 0.978835 0.690927 0.738940 0.720039 0.848100 0.895625 0.813411 0.839469 0.942521 0.933694 0.895554 0.840976 0.957286
0.927706 0.876412 0.426471 0.000000 0.946631 0.831130 0.632827 0.578552 0.974181 0.832437 0.964219 0.952365 0.939086 0.744694 0.969810 0.769784 0.927301 0.904285 0.970649 0.979383 0.754922 0.848611 0.848835 0.612050 0.478479 0.410379 0.844380 0.840169 0.900465 0.907476 0.688924 0.600167 0.781913 0.777536 0.605417 0.659901 0.884858 0.821197 0.694314 0.783193 0.776568 0.979412 0.670705 0.750918 0.777481 0.793451 0.583479 0.712734 0.877818 0.954270 0.752319 0.759094 0.693954 0.723180 0.736712 0.898829 0.873920 0.828289 0.918115 0.961638 0.893990 0.801658 0.998100 0.790027 0.427842 0.376019 0.476655 0.498771 0.926261 0.892064 0.736885 0.716463 0.718558 0.832551 0.922403 0.906010 0.693544 0.777506 0.918690 0.845237 0.994916 0.856405 0.915431 0.934261 0.738519 0.473610 0.996590 0.834575 0.951394 0.745025 0.773166 0.978668 0.726488 0.842377 0.787484 0.784099 0.772058 0.901502 0.935689 0.794642 0.790692 0.875397 0.972010 0.925614 0.663761 0.708515 0.775658 0.957581 0.910019 0.967434 0.772100 0.900026 0.766176 0.839100 0.948661 0.953976
0.585621 0.652814 0.977326 0.946631 0.000000 0.910107 0.963386 0.805565 0.990338 0.916641 0.742810 0.673041 0.687433 0.648081 0.693989 0.680529 0.673561 0.754055 0.662394 0.625274 0.995986 0.956905 0.631988 0.689232 0.924849 0.804365 0.717376 0.886000 0.754581 0.791735 0.955165 0.937307 0.832337 0.987990 0.976019 0.918093 0.902870 0.957375 0.845383 0.987295 0.940183 0.984103 0.973615 0.981605 0.929888 0.893751 0.865196 0.907659 0.774734 0.793461 0.921893 0.972869 0.996957 0.754529 0.729353 0.979387 0.627832 0.665818 0.795348 0.836835 0.924700 0.683796 0.840307 0.754654 0.997922 0.993664 0.957366 0.839704 0.709213 0.659884 0.950086 0.873163 0.970159 0.965731 0.988844 0.888896 0.967364 0.845424 0.964882 0.954941 0.705128 0.655049 0.694567 0.713058 0.669427 0.824374 0.756135 0.741128 0.782055 0.701279 0.907444 0.804288 0.821394 0.738575 0.837487 0.974177 0.922824 0.977240 0.945075 0.941843 0.958674 0.891983 0.974510 0.967618 0.991915 0.976429 0.966714 0.758031 0.870689 0.750415 0.928960 0.890687 0.864666 0.920431 0.861784 0.863263
0.853345 0.708082 0.609194 0.831130 0.910107 0.000000 0.597435 0.815716 0.715716 0.933717 0.845736 0.899696 0.817859 0.977223 0.977335 0.959336 0.793759 0.756384 0.840261 0.774190 0.674662 0.998699 0.951152 0.987122 0.932602 0.762062 0.909689 0.837011 0.779300 0.789335 0.797490 0.769644 0.840656 0.875828 0.795484 0.910386 0.903284 0.982722 0.838972 0.859718 0.956635 0.970870 0.962462 0.998191 0.992998 0.926070 0.974485 0.952475 0.752788 0.778040 0.963594 0.954949 0.972437 0.853473 0.991967 0.977156 0.687757 0.691527 0.905808 0.893568 0.622720 0.903017 0.872789 0.998194 0.860282 0.772541 0.630496 0.733267 0.727947 0.839259 0.714145 0.756436 0.938917 0.748248 0.700901 0.879395 0.868719 0.864315 0.946385 0.996480 0.927590 0.866231 0.765566 0.796899 0.878993 0.990247 0.837559 0.978887 0.999740 0.960880 0.715956 0.807079 0.780448 0.756942 0.787189 0.968677 0.833058 0.962394 0.934319 0.858937 0.826779 0.887154 0.788307 0.940166 0.720254 0.905101 0.634676 0.866613 0.994004 0.922626 0.875837 0.881017 0.986484 0.913764 0.731816 0.968985
0.819882 0.865035 0.432299 0.632827 0.963386 0.597435 0.000000 0.431914 0.601947 0.645128 0.686119 0.907115 0.556996 0.758897 0.832129 0.875086 0.999858 0.927807 0.793450 0.992710 0.725039 0.837186 0.697753 0.992154 0.972062 0.782573 0.831982 0.951679 0.834595 0.893793 0.376392 0.484134 0.418565 0.435102 0.665594 0.762384 0.895836 0.858328 0.936944 0.898641 0.928518 0.973876 0.755265 0.795453 0.724749 0.840960 0.704658 0.819927 0.931852 0.987691 0.735483 0.785727 0.763929 0.714422 0.842259 0.989861 0.881128 0.917965 0.551671 0.585712 0.345794 0.773852 0.471576 0.681930 0.845391 0.788291 0.471009 0.544638 0.962625 0.857730 0.571282 0.538977 0.549761 0.573517 0.824403 0.901990 0.718529 0.781815 0.792313 0.875666 0.863947 0.960670 0.859258 0.873305 0.995082 0.996274 0.855704 0.979715 0.794806 0.840856 0.562317 0.698737 0.716570 0.847553 0.750112 0.894536 0.683666 0.819801 0.517496 0.581118 0.615200 0.612970 0.559787 0.662795 0.621070 0.617835 0.792202 0.896281 0.949189 0.792546 0.786878 0.773051 0.754361 0.804562 0.925925 0.939098
0.655568 0.681512 0.684622 0.578552 0.805565 0.815716 0.431914 0.000000 0.872934 0.628703 0.689546 0.557008 0.546921 0.465944 0.727680 0.614731 0.679859 0.745739 0.579129 0.682414 0.910243 0.955302 0.620178 0.893775 0.983923 0.905781 0.990854 0.819838 0.578060 0.649327 0.557546 0.481711 0.462916 0.464989 0.742181 0.858297 0.860516 0.858034 0.920513 0.940436 0.837285 0.907891 0.505070 0.507871 0.418266 0.448904 0.444387 0.523589 0.611695 0.546282 0.457632 0.499380 0.607657 0.728624 0.669612 0.799320 0.738871 0.719115 0.605063 0.530194 0.562096 0.508007 0.462360 0.566659 0.855218 0.757105 0.595848 0.578353 0.888588 0.667621 0.663526 0.711953 0.618133 0.658781 0.797480 0.953260 0.579774 0.785537 0.745898 0.758603 0.670979 0.769796 0.793489 0.928786 0.769381 0.815315 0.952667 0.829576 0.847703 0.697929 0.731551 0.904545 0.839614 0.928489 0.795499 0.754146 0.786599 0.746301 0.508062 0.407039 0.656436 0.769464 0.642259 0.765545 0.612723 0.708991 0.824265 0.982350 0.986062 0.846381 0.677544 0.576001 0.491357 0.649543 0.886597 0.873064
0.933502 0.869891 0.837694 0.974181 0.990338 0.715716 0.601947 0.872934 0.000000 0.689157 0.755528 0.971372 0.711024 0.917299 0.838240 0.978389 0.906141 0.840289 0.994903 0.838942 0.926619 0.954704 0.937253 0.765597 0.815403 0.995635 0.913180 0.971333 0.983667 0.904474 0.844964 0.987431 0.829341 0.892653 0.915728 0.933540 0.822130 0.830727 0.880397 0.845528 0.850723 0.879295 0.930069 0.993831 0.997018 0.965197 0.928497 0.997816 0.906902 0.975164 0.953842 0.947577 0.942348 0.910416 0.957894 0.982049 0.808308 0.859773 0.675551 0.766068 0.584377 0.805553 0.797576 0.845742 0.972455 0.986172 0.773496 0.911546 0.936059 0.881172 0.879493 0.725677 0.816522 0.653281 0.887786 0.859341 0.799374 0.995460 0.994245 0.907474 0.938371 0.821124 0.663155 0.758143 0.895661 0.803830 0.952400 0.779334 0.687175 0.998948 0.675151 0.588279 0.731583 0.660349 0.753139 0.983158 0.891769 0.929860 0.743175 0.780331 0.705752 0.768386 0.661618 0.692268 0.973108 0.863435 0.944331 0.784299 0.951107 0.835622 0.906648 0.824157 0.938525 0.922701 0.885174 0.863404
0.622552 0.643751 0.918564 0.832437 0.916641 0.933717 0.645128 0.628703 0.689157 0.000000 0.624480 0.623021 0.619985 0.783050 0.624823 0.824697 0.654802 0.655199 0.582331 0.706475 0.986042 0.930429 0.589934 0.780490 0.554893 0.642251 0.830150 0.989096 0.522123 0.531559 0.696906 0.741694 0.558084 0.628399 0.740733 0.950343 0.961521 0.898321 0.812344 0.737632 0.982968 0.830573 0.928483 0.845887 0.715266 0.751566 0.816381 0.876006 0.572699 0.696153 0.692461 0.709781 0.777134 0.934926 0.984214 0.977649 0.718572 0.625216 0.580282 0.637909 0.718313 0.873518 0.435281 0.418077 0.572998 0.589404 0.885825 0.833400 0.739431 0.585238 0.841489 0.857669 0.735142 0.719259 0.750678 0.857269 0.752934 0.954791 0.656382 0.657162 0.604815 0.822901 0.872709 0.964876 0.986982 0.659051 0.863278 0.890117 0.815818 0.991763 0.914915 0.848581 0.964647 0.794507 0.975803 0.864218 0.900033 0.862585 0.670626 0.682884 0.907534 0.855404 0.695256 0.676070 0.986866 0.912820 0.907949 0.965569 0.895075 0.933008 0.893799 0.852946 0.786507 0.856539 0.950828 0.870648
0.426500 0.701591 0.902810 0.964219 0.742810 0.845736 0.686119 0.689546 0.755528 0.624480 0.000000 0.571916 0.455479 0.766815 0.723592 0.864093 0.619386 0.671807 0.625305 0.604885 0.982287 0.909072 0.695764 0.887508 0.767486 0.852112 0.977441 0.956499 0.622671 0.687714 0.868675 0.871962 0.572161 0.755695 0.942939 0.938363 0.781627 0.823430 0.957148 0.829222 0.807218 0.819622 0.833224 0.943857 0.945866 0.919277 0.899358 0.953239 0.804558 0.832676 0.928100 0.981415 0.975864 0.769103 0.866763 0.863998 0.674565 0.635298 0.448342 0.498265 0.518196 0.635198 0.458525 0.460625 0.910875 0.909128 0.858525 0.997642 0.574375 0.520053 0.787315 0.835496 0.841562 0.945315 0.765568 0.867436 0.859834 0.996176 0.909475 0.737729 0.582969 0.673524 0.937816 0.847543 0.810933 0.854959 0.999665 0.958844 0.634080 0.713087 0.945957 0.997946 0.991088 0.950036 0.982404 0.956811 0.926552 0.996360 0.762785 0.772083 0.878567 0.980543 0.703330 0.695997 0.803015 0.872087 0.891543 0.915818 0.922919 0.804397 0.950006 0.822477 0.795061 0.913224 0.964472 0.957635
0.345105 0.358866 0.829679 0.952365 0.673041 0.899696 0.907115 0.557008 0.971372 0.623021 0.571916 0.000000 0.423375 0.408205 0.487812 0.508282 0.467754 0.498764 0.436922 0.428083 0.937287 0.953110 0.523093 0.876755 0.762756 0.658877 0.948084 0.843543 0.432496 0.517783 0.996993 0.865063 0.707778 0.784451 0.902845 0.888367 0.776214 0.946007 0.984294 0.949975 0.941654 0.920973 0.967482 0.886222 0.804968 0.685739 0.701469 0.746481 0.447487 0.586854 0.763716 0.813568 0.932803 0.741774 0.743992 0.869197 0.441234 0.388267 0.595169 0.568872 0.744446 0.459141 0.515905 0.438686 0.871115 0.902196 0.867918 0.851863 0.537774 0.462635 0.994345 0.927966 0.980876 0.996876 0.799585 0.945322 0.885356 0.872213 0.827107 0.755512 0.489451 0.542537 0.598905 0.688433 0.528177 0.943576 0.738835 0.681834 0.752706 0.608635 0.836051 0.759976 0.756491 0.615773 0.932355 0.944279 0.900267 0.933125 0.862631 0.731400 0.979020 0.778207 0.953103 0.937384 0.922034 0.964262 0.970019 0.701668 0.898672 0.947647 0.897934 0.758662 0.719189 0.879190 0.996415 0.811132
0.422907 0.696828 0.806327 0.939086 0.687433 0.817859 0.556996 0.546921 0.711024 0.619985 0.455479 0.423375 0.000000 0.473860 0.510634 0.563587 0.725275 0.824820 0.540998 0.621715 0.878828 0.887192 0.481551 0.835811 0.823322 0.807498 0.946247 0.906591 0.629748 0.685603 0.738663 0.721238 0.542042 0.677743 0.963807 0.980290 0.792407 0.920028 0.897693 0.988169 0.974888 0.998012 0.992657 0.956312 0.872290 0.838134 0.729921 0.848153 0.763318 0.858071 0.824797 0.925329 0.913232 0.856827 0.694264 0.949137 0.741224 0.684434 0.490895 0.587087 0.434036 0.519531 0.446041 0.506256 0.994617 0.998536 0.906633 0.999375 0.597055 0.598668 0.780447 0.917058 0.775592 0.855168 0.807489 0.940346 0.865526 0.915034 0.887628 0.903391 0.665136 0.713421 0.804261 0.825674 0.623950 0.972906 0.827465 0.758643 0.568787 0.652994 0.970789 0.934266 0.914377 0.814706 0.985813 0.987854 0.917452 0.930020 0.748845 0.746817 0.808189 0.976417 0.772889 0.882437 0.858328 0.856504 0.805046 0.778081 0.908928 0.765870 0.895203 0.821302 0.837155 0.913870 0.888716 0.916656
0.537828 0.489391 0.879615 0.744694 0.648081 0.977223 0.758897 0.465944 0.917299 0.783050 0.766815 0.408205 0.473860 0.000000 0.503462 0.351985 0.633123 0.639410 0.433322 0.475745 0.893338 0.968910 0.448013 0.545575 0.887744 0.907490 0.901765 0.800844 0.577838 0.559350 0.807231 0.575271 0.639353 0.661361 0.962852 0.931567 0.845919 0.978184 0.745739 0.761188 0.855082 0.959328 0.659631 0.662862 0.651823 0.566615 0.474971 0.569588 0.535096 0.610838 0.607236 0.709262 0.746606 0.988240 0.582546 0.844145 0.613516 0.611601 0.855438 0.802538 0.789874 0.554754 0.645305 0.686515 0.888189 0.829589 0.974185 0.949022 0.739169 0.638141 0.990524 0.864076 0.833104 0.964907 0.815287 0.971294 0.800451 0.987042 0.847218 0.734375 0.582787 0.515921 0.485212 0.662277 0.415495 0.598338 0.851812 0.514777 0.898579 0.638059 0.792457 0.617490 0.719563 0.547449 0.953276 0.892334 0.993727 0.885653 0.932520 0.769041 0.941952 0.799963 0.991871 0.915529 0.884764 0.949755 0.746975 0.704154 0.994254 0.860260 0.962381 0.793583 0.701038 0.826627 0.960958 0.862334
0.517633 0.575465 0.941362 0.969810 0.693989 0.977335 0.832129 0.727680 0.838240 0.624823 0.723592 0.487812 0.510634 0.503462 0.000000 0.503532 0.600736 0.638931 0.480173 0.522849 0.990386 0.997595 0.482252 0.842789 0.914569 0.753551 0.909451 0.907400 0.610971 0.576382 0.786898 0.765890 0.679849 0.720445 0.906009 0.951286 0.779567 0.905083 0.974806 0.982330 0.893022 0.994095 0.908165 0.851017 0.857468 0.770693 0.725653 0.737200 0.656029 0.710192 0.723029 0.743790 0.803591 0.961634 0.770268 0.973556 0.661667 0.639479 0.756303 0.775753 0.830676 0.719907 0.655882 0.623881 0.906428 0.888565 0.845834 0.785406 0.530662 0.640831 0.948171 0.959649 0.786865 0.829294 0.780643 0.972085 0.850549 0.947043 0.789035 0.693902 0.617051 0.604053 0.636006 0.778403 0.581501 0.909326 0.796642 0.769132 0.694205 0.768412 0.844638 0.854132 0.736866 0.657765 0.898998 0.816800 0.905282 0.831680 0.923788 0.805761 0.997856 0.790111 0.893936 0.883550 0.988288 0.968104 0.978454 0.711901 0.878124 0.849647 0.973648 0.795894 0.862823 0.819611 0.902745 0.966047
0.653650 0.600179 0.978342 0.769784 0.680529 0.959336 0.875086 0.614731 0.978389 0.824697 0.864093 0.508282 0.563587 0.351985 0.503532 0.000000 0.746121 0.744352 0.592548 0.642507 0.832809 0.897717 0.471043 0.456014 0.847125 0.941379 0.869214 0.717202 0.707769 0.699506 0.919698 0.721428 0.823332 0.889070 0.940625 0.891185 0.946995 0.867306 0.760411 0.897379 0.890294 0.917765 0.828749 0.819421 0.826058 0.710288 0.638912 0.779479 0.609472 0.749802 0.780562 0.830340 0.898861 0.902269 0.644630 0.895384 0.799524 0.732461 0.966706 0.947178 0.923706 0.608388 0.850952 0.880881 0.879720 0.795946 0.884435 0.924401 0.819715 0.777668 0.922602 0.906670 0.943075 0.957796 0.804609 0.963724 0.882083 0.885716 0.891268 0.769199 0.722734 0.642133 0.532061 0.704561 0.470279 0.550131 0.798009 0.563844 0.897582 0.680498 0.712102 0.693767 0.727825 0.577926 0.985435 0.944887 0.981295 0.868958 0.928716 0.922212 0.919656 0.693117 0.788913 0.741365 0.969551 0.972095 0.839832 0.639405 0.864784 0.987298 0.953649 0.891958 0.888762 0.960514 0.954912 0.908634
0.430693 0.330104 0.757293 0.927301 0.673561 0.793759 0.999858 0.679859 0.906141 0.654802 0.619386 0.467754 0.725275 0.633123 0.600736 0.746121 0.000000 0.299516 0.408656 0.362302 0.846176 0.974118 0.617558 0.991308 0.870057 0.649966 0.901613 0.960941 0.383861 0.358796 0.869410 0.815492 0.687692 0.704467 0.860452 0.920980 0.784410 0.957250 0.921858 0.924496 0.836605 0.845037 0.900306 0.809172 0.721543 0.640198 0.681725 0.682453 0.454606 0.489542 0.647110 0.685799 0.802127 0.914572 0.766418 0.844194 0.323414 0.336272 0.755393 0.637595 0.993109 0.801594 0.544160 0.432299 0.737454 0.737319 0.814448 0.802384 0.597860 0.445590 0.877670 0.947430 0.936907 0.983291 0.817807 0.891082 0.826326 0.965934 0.577954 0.564128 0.328624 0.416733 0.571864 0.590189 0.662743 0.979761 0.919279 0.830688 0.755536 0.779941 0.830068 0.781720 0.737164 0.594486 0.877890 0.955020 0.905257 0.965440 0.876436 0.744688 0.935508 0.780284 0.893441 0.736256 0.997640 0.973413 0.931241 0.680345 0.949165 0.941660 0.967968 0.809599 0.641949 0.731913 0.952283 0.849010
0.431038 0.303784 0.681571 0.904285 0.754055 0.756384 0.927807 0.745739 0.840289 0.655199 0.671807 0.498764 0.824820 0.639410 0.638931 0.744352 0.299516 0.000000 0.374766 0.350879 0.865851 0.964848 0.611069 0.997629 0.864239 0.633968 0.918595 0.987292 0.385357 0.347598 0.954162 0.842572 0.719818 0.715712 0.762015 0.995340 0.747071 0.979583 0.941351 0.924963 0.823289 0.807094 0.922148 0.800704 0.737043 0.640088 0.693425 0.700860 0.440569 0.475853 0.657833 0.683789 0.769669 0.908999 0.808109 0.820440 0.286397 0.289944 0.808816 0.687319 0.897147 0.897674 0.592626 0.469089 0.686015 0.686029 0.744477 0.757324 0.570341 0.475394 0.974614 0.943326 0.967712 0.985292 0.888506 0.893436 0.842992 0.992731 0.613441 0.502606 0.325221 0.384544 0.506123 0.553259 0.668643 0.991926 0.956026 0.815528 0.861723 0.808299 0.764561 0.742949 0.707245 0.541953 0.931818 0.952335 0.873471 0.902454 0.916389 0.841051 0.778407 0.763181 0.982306 0.798901 0.989696 0.979876 0.930159 0.667684 0.936739 0.940543 0.967451 0.846971 0.592633 0.745288 0.951956 0.842610
0.319793 0.387359 0.961245 0.970649 0.662394 0.840261 0.793450 0.579129 0.994903 0.582331 0.625305 0.436922 0.540998 0.433322 0.480173 0.592548 0.408656 0.374766 0.000000 0.314530 0.997814 0.895942 0.356404 0.867657 0.869430 0.642490 0.976961 0.989329 0.364978 0.367149 0.751193 0.673427 0.508478 0.595743 0.926573 0.972434 0.720270 0.879693 0.992067 0.968065 0.968048 0.857119 0.856031 0.820048 0.759315 0.684155 0.587889 0.680656 0.521655 0.589689 0.639530 0.726866 0.757478 0.947489 0.720936 0.986307 0.365048 0.374582 0.675449 0.682750 0.856516 0.801264 0.474724 0.450713 0.790446 0.768564 0.862844 0.808338 0.449215 0.454747 0.853423 0.966375 0.717341 0.913792 0.902598 0.970088 0.808682 0.966423 0.705695 0.624816 0.409758 0.400750 0.499053 0.635696 0.566909 0.933321 0.949591 0.746967 0.747425 0.724204 0.886834 0.828984 0.746633 0.595178 0.955670 0.898589 0.948291 0.830389 0.788986 0.748406 0.944086 0.841691 0.872062 0.783162 0.947784 0.853997 0.960560 0.699549 0.884124 0.941063 0.920745 0.803047 0.583019 0.727894 0.954501 0.877312
0.352962 0.349035 0.825824 0.979383 0.625274 0.774190 0.992710 0.682414 0.838942 0.706475 0.604885 0.428083 0.621715 0.475745 0.522849 0.642507 0.362302 0.350879 0.314530 0.000000 0.865217 0.914698 0.468118 0.848861 0.842129 0.643259 0.963413 0.932100 0.427966 0.387177 0.893957 0.819669 0.653754 0.756320 0.872472 0.984229 0.770387 0.875664 0.954648 0.913011 0.986754 0.764030 0.876049 0.849476 0.775148 0.708262 0.671951 0.678752 0.509541 0.534506 0.674501 0.745526 0.766415 0.901793 0.730829 0.993630 0.299308 0.334071 0.732475 0.687199 0.981325 0.805841 0.602974 0.516848 0.750043 0.741426 0.803476 0.760718 0.453946 0.486123 0.923610 0.910055 0.848793 0.925130 0.856233 0.955277 0.812466 0.974360 0.734210 0.704644 0.436870 0.438221 0.534299 0.605943 0.621057 0.976041 0.915250 0.784820 0.814682 0.696425 0.805516 0.764263 0.755915 0.567908 0.956933 0.938276 0.989347 0.841495 0.876171 0.773880 0.890616 0.805510 0.927853 0.823563 0.949145 0.899655 0.962726 0.780690 0.991405 0.904907 0.878866 0.800045 0.643208 0.743571 0.949372 0.915178
0.956107 0.804167 0.675441 0.754922 0.995986 0.674662 0.725039 0.910243 0.926619 0.986042 0.982287 0.937287 0.878828 0.893338 0.990386 0.832809 0.846176 0.865851 0.997814 0.865217 0.000000 0.944412 0.818795 0.744017 0.728118 0.690715 0.894306 0.952328 0.866482 0.861360 0.743164 0.774081 0.886055 0.895673 0.817084 0.976221 0.888702 0.975950 0.777155 0.801291 0.820646 0.919294 0.995693 0.934160 0.908064 0.914416 0.899924 0.922432 0.811061 0.743068 0.994009 0.955498 0.938009 0.903366 0.923505 0.984672 0.809616 0.781157 0.910820 0.935027 0.887554 0.973713 0.984608 0.872550 0.818307 0.759122 0.869843 0.879847 0.925349 0.907694 0.779048 0.890140 0.762917 0.781778 0.904329 0.759134 0.904607 0.955276 0.978978 0.955261 0.996221 0.909679 0.970732 0.971912 0.898773 0.782768 0.932291 0.757384 0.903074 0.905955 0.934542 0.924361 0.941702 0.953032 0.792453 0.871559 0.876406 0.816377 0.912805 0.824071 0.996566 0.937872 0.875217 0.904102 0.931260 0.908110 0.735745 0.899446 0.913094 0.926336 0.975472 0.801986 0.940035 0.867392 0.979146 0.869537
0.959134 0.982360 0.858518 0.848611 0.956905 0.998699 0.837186 0.955302 0.954704 0.930429 0.909072 0.953110 0.887192 0.968910 0.997595 0.897717 0.974118 0.964848 0.895942 0.914698 0.944412 0.000000 0.948849 0.877437 0.984053 0.883577 0.821230 0.925903 0.904165 0.849422 0.714614 0.935475 0.756574 0.813407 0.981424 0.761620 0.806922 0.782126 0.958208 0.963900 0.938959 0.833829 0.940904 0.976160 0.933653 0.998446 0.910434 0.896470 0.892560 0.957201 0.814091 0.850207 0.801074 0.775882 0.933864 0.869825 0.961112 0.998105 0.898901 0.972224 0.963447 0.876627 0.856041 0.919025 0.915250 0.918645 0.895892 0.996973 0.851582 0.959290 0.836497 0.909154 0.907730 0.817445 0.892094 0.996849 0.875402 0.785993 0.817026 0.954549 0.901805 0.912859 0.985927 0.999021 0.910991 0.876862 0.964048 0.831196 0.969200 0.969644 0.776737 0.887203 0.867034 0.950756 0.928010 0.910782 0.860170 0.854086 0.863599 0.946020 0.828399 0.894984 0.676265 0.799849 0.844014 0.791639 0.926923 0.812323 0.927766 0.840335 0.828017 0.930817 0.906883 0.870408 0.959277 0.856908
0.421216 0.574466 0.903538 0.848835 0.631988 0.951152 0.697753 0.620178 0.937253 0.589934 0.695764 0.523093 0.481551 0.448013 0.482252 0.471043 0.617558 0.611069 0.356404 0.468118 0.818795 0.948849 0.000000 0.643967 0.921786 0.791982 0.887928 0.927059 0.542635 0.541607 0.667843 0.629036 0.557941 0.682354 0.917282 0.989823 0.820946 0.959991 0.962504 0.911767 0.967458 0.926217 0.961072 0.961817 0.896527 0.862830 0.701799 0.886038 0.664016 0.816603 0.792014 0.858870 0.834853 0.925036 0.788167 0.847663 0.576642 0.564237 0.782300 0.804497 0.839311 0.848063 0.599377 0.637478 0.881485 0.862589 0.876063 0.783921 0.539445 0.633589 0.779065 0.918089 0.686790 0.851171 0.847464 0.917303 0.862439 0.928465 0.786295 0.685207 0.559891 0.506910 0.566810 0.690711 0.550682 0.857147 0.926135 0.694836 0.833112 0.758026 0.915124 0.899557 0.828935 0.612408 0.973894 0.953802 0.859091 0.940496 0.868746 0.880903 0.925221 0.865015 0.988702 0.919332 0.988722 0.851560 0.953075 0.691357 0.950765 0.902712 0.936822 0.945998 0.716084 0.944570 0.861482 0.843032
0.947500 0.905540 0.805328 0.612050 0.689232 0.987122 0.992154 0.893775 0.765597 0.780490 0.887508 0.876755 0.835811 0.545575 0.842789 0.456014 0.991308 0.997629 0.867657 0.848861 0.744017 0.877437 0.643967 0.000000 0.556828 0.772063 0.704507 0.750022 0.928545 0.996779 0.998308 0.785220 0.986673 0.906191 0.877149 0.971456 0.979857 0.782408 0.613529 0.761072 0.781652 0.716408 0.897180 0.954734 0.995093 0.925989 0.750582 0.963428 0.930143 0.983494 0.992819 0.936960 0.999302 0.914422 0.705852 0.979855 0.990697 0.997408 0.745783 0.764953 0.878231 0.905102 0.826397 0.735918 0.671132 0.654430 0.973231 0.985676 0.997896 0.949689 0.914719 0.836933 0.998012 0.811639 0.952468 0.975559 0.957587 0.826818 0.955569 0.928275 0.978664 0.746750 0.651780 0.635014 0.522673 0.400951 0.842226 0.498459 0.971260 0.761854 0.749581 0.637192 0.782981 0.701425 0.966963 0.950864 0.965930 0.954741 0.744759 0.827855 0.745058 0.760331 0.608742 0.562370 0.966732 0.972323 0.743033 0.752407 0.895146 0.965169 0.903604 0.930691 0.975272 0.838356 0.878657 0.990370
0.756995 0.827464 0.645754 0.478479 0.924849 0.932602 0.972062 0.983923 0.815403 0.554893 0.767486 0.762756 0.823322 0.887744 0.914569 0.847125 0.870057 0.864239 0.869430 0.842129 0.728118 0.984053 0.921786 0.556828 0.000000 0.452460 0.749555 0.902036 0.671182 0.754337 0.987803 0.833772 0.931061 0.972821 0.645417 0.758835 0.915524 0.931672 0.615283 0.640281 0.817834 0.827981 0.798475 0.855421 0.931079 0.890922 0.720055 0.815343 0.805617 0.946450 0.917902 0.941499 0.839410 0.869370 0.700851 0.769705 0.806673 0.712534 0.623565 0.707035 0.806978 0.998978 0.703016 0.563570 0.435855 0.425587 0.749634 0.705356 0.817350 0.721698 0.987649 0.973401 0.988733 0.963629 0.983181 0.926719 0.966073 0.984649 0.936131 0.915506 0.953432 0.869647 0.877664 0.862245 0.681529 0.370485 0.910530 0.763328 0.927329 0.827208 0.931820 0.755260 0.971249 0.977784 0.940855 0.911432 0.947761 0.934220 0.733513 0.871842 0.947736 0.870811 0.748037 0.708769 0.901046 0.999719 0.801907 0.873533 0.908695 0.899490 0.911830 0.872362 0.974728 0.974545 0.938729 0.905216
0.613550 0.578077 0.487534 0.410379 0.804365 0.762062 0.782573 0.905781 0.995635 0.642251 0.852112 0.658877 0.807498 0.907490 0.753551 0.941379 0.649966 0.633968 0.642490 0.643259 0.690715 0.883577 0.791982 0.772063 0.452460 0.000000 0.948515 0.903298 0.615535 0.620408 0.779805 0.807184 0.977360 0.922603 0.529423 0.704704 0.989588 0.859177 0.691047 0.787315 0.863195 0.940999 0.762038 0.838101 0.889881 0.939387 0.803376 0.906615 0.680065 0.838244 0.913503 0.905824 0.850357 0.694543 0.850909 0.828885 0.568724 0.502572 0.819523 0.836897 0.948823 0.990946 0.788397 0.563144 0.397293 0.374494 0.458095 0.450611 0.730319 0.696836 0.846909 0.829145 0.861767 0.837567 0.990212 0.914339 0.893345 0.842593 0.923986 0.996117 0.747679 0.860754 0.829077 0.897986 0.959069 0.569354 0.950967 0.986595 0.910185 0.891989 0.740736 0.891685 0.687074 0.665640 0.724330 0.932317 0.765928 0.980426 0.967455 0.942136 0.875861 0.791939 0.984355 0.861694 0.716242 0.857386 0.771528 0.813617 0.880617 0.974481 0.846008 0.967882 0.974670 0.919647 0.862121 0.940509
0.931906 0.896200 0.969866 0.844380 0.717376 0.909689 0.831982 0.990854 0.913180 0.830150 0.977441 0.948084 0.946247 0.901765 0.909451 0.869214 0.901613 0.918595 0.976961 0.963413 0.894306 0.821230 0.887928 0.704507 0.749555 0.948515 0.000000 0.835862 0.952443 0.927180 0.823814 0.836703 0.884013 0.826435 0.919538 0.972408 0.904327 0.980969 0.827181 0.789494 0.989304 0.937169 0.896133 0.868058 0.922532 0.983747 0.999350 0.923779 0.861206 0.906408 0.950729 0.934611 0.960450 0.805482 0.865907 0.900309 0.888387 0.914107 0.861722 0.914177 0.782884 0.884868 0.828054 0.849637 0.831719 0.846867 0.920677 0.880460 0.930588 0.941675 0.860606 0.826897 0.856669 0.854144 0.980697 0.884780 0.988798 0.774594 0.929358 0.970672 0.949071 0.811701 0.788475 0.758930 0.716926 0.692307 0.832043 0.754153 0.927522 0.860515 0.876790 0.835325 0.925273 0.973196 0.875155 0.859271 0.942454 0.920314 0.787437 0.840671 0.911588 0.886256 0.649735 0.784016 0.931331 0.871027 0.837081 0.890927 0.717012 0.941342 0.887765 0.833381 0.968198 0.810391 0.957082 0.933691
0.963628 0.880361 0.957202 0.840169 0.886000 0.837011 0.951679 0.819838 0.971333 0.989096 0.956499 0.843543 0.906591 0.800844 0.907400 0.717202 0.960941 0.987292 0.989329 0.932100 0.952328 0.925903 0.927059 0.750022 0.902036 0.903298 0.835862 0.000000 0.977302 0.948719 0.944251 0.937572 0.956259 0.930008 0.940004 0.993455 0.992351 0.980076 0.783372 0.929131 0.923278 0.836995 0.862317 0.882966 0.844768 0.840440 0.823994 0.951570 0.807121 0.890184 0.896663 0.929368 0.971640 0.996619 0.933216 0.986271 0.979907 0.987928 0.939777 0.857237 0.957211 0.849613 0.950050 0.902776 0.930317 0.871471 0.949304 0.962188 0.968098 0.936410 0.944922 0.864745 0.997695 0.998481 0.753646 0.945035 0.790795 0.886599 0.986575 0.955700 0.998039 0.993318 0.877172 0.910322 0.895801 0.814748 0.950203 0.982342 0.939551 0.922138 0.973011 0.899745 0.974899 0.927751 0.923898 0.919190 0.955614 0.807662 0.979642 0.868711 0.907681 0.933699 0.861488 0.863328 0.999782 0.874521 0.864369 0.965096 0.987138 0.962498 0.872319 0.810899 0.901603 0.949099 0.823869 0.955696
0.407370 0.364030 0.783467 0.900465 0.754581 0.779300 0.834595 0.578060 0.983667 0.522123 0.622671 0.432496 0.629748 0.577838 0.610971 0.707769 0.383861 0.385357 0.364978 0.427966 0.866482 0.904165 0.542635 0.928545 0.671182 0.615535 0.952443 0.977302 0.000000 0.323320 0.738122 0.747874 0.570187 0.550432 0.821296 0.952060 0.687262 0.978904 0.905668 0.979824 0.862591 0.820293 0.876079 0.743932 0.711698 0.639427 0.723586 0.691840 0.455590 0.527389 0.638255 0.675089 0.821261 0.950299 0.796957 0.827952 0.411036 0.361185 0.588512 0.568331 0.842583 0.752954 0.448281 0.359176 0.644971 0.679661 0.822546 0.842211 0.570816 0.383931 0.917618 0.964422 0.823509 0.873846 0.907483 0.943378 0.825672 0.970024 0.612031 0.612682 0.389519 0.485241 0.582383 0.660348 0.724842 0.916040 0.984596 0.825059 0.821412 0.834682 0.864101 0.856013 0.708420 0.571976 0.952320 0.875592 0.921519 0.858465 0.737897 0.723170 0.937906 0.969677 0.805885 0.748286 0.998238 0.957330 0.935677 0.772181 0.839630 0.983741 0.922337 0.777208 0.616409 0.779216 0.974898 0.740116
0.483652 0.365065 0.763752 0.907476 0.791735 0.789335 0.893793 0.649327 0.904474 0.531559 0.687714 0.517783 0.685603 0.559350 0.576382 0.699506 0.358796 0.347598 0.367149 0.387177 0.861360 0.849422 0.541607 0.996779 0.754337 0.620408 0.927180 0.948719 0.323320 0.000000 0.728716 0.677455 0.589538 0.564804 0.714118 0.987528 0.800759 0.986925 0.937141 0.947242 0.933006 0.860117 0.856417 0.738466 0.695409 0.667805 0.702252 0.731890 0.484253 0.571077 0.614408 0.672599 0.759958 0.969319 0.829366 0.944616 0.429814 0.407726 0.797869 0.727634 0.946179 0.924662 0.485448 0.414710 0.585078 0.638964 0.721669 0.773684 0.644979 0.473523 0.931999 0.917677 0.824461 0.888208 0.896129 0.992441 0.860458 0.920599 0.468819 0.514461 0.360388 0.451432 0.531219 0.639765 0.771914 0.906942 0.956342 0.838593 0.879957 0.953066 0.754415 0.795185 0.605570 0.476650 0.896178 0.971161 0.886976 0.881358 0.844175 0.818395 0.901232 0.875530 0.866171 0.757263 0.920499 0.959353 0.917568 0.773260 0.915632 0.933030 0.987351 0.825607 0.598986 0.721968 0.935373 0.831251
0.900984 0.940465 0.619563 0.688924 0.955165 0.797490 0.376392 0.557546 0.844964 0.696906 0.868675 0.996993 0.738663 0.807231 0.786898 0.919698 0.869410 0.954162 0.751193 0.893957 0.743164 0.714614 0.667843 0.998308 0.987803 0.779805 0.823814 0.944251 0.738122 0.728716 0.000000 0.423553 0.430841 0.357112 0.756264 0.752501 0.905770 0.909786 0.955913 0.984653 0.926506 0.954901 0.629287 0.691691 0.648443 0.751698 0.683508 0.770238 0.976230 0.929842 0.588174 0.602833 0.613526 0.526634 0.869781 0.924838 0.961029 0.952447 0.786896 0.815028 0.669354 0.932855 0.543010 0.754721 0.992572 0.962121 0.700441 0.711143 0.944063 0.913053 0.518037 0.610451 0.457129 0.518714 0.905189 0.880195 0.766405 0.650252 0.686445 0.736137 0.796207 0.883801 0.955626 0.971324 0.989047 0.985118 0.771982 0.961224 0.907698 0.946695 0.646946 0.766390 0.847097 0.960168 0.757211 0.963751 0.734821 0.831651 0.578482 0.653177 0.760705 0.625137 0.585646 0.643386 0.761513 0.667182 0.904757 0.907575 0.954869 0.884120 0.721000 0.800354 0.678824 0.759407 0.829421 0.863499
0.847936 0.872232 0.595541 0.600167 0.937307 0.769644 0.484134 0.481711 0.987431 0.741694 0.871962 0.865063 0.721238 0.575271 0.765890 0.721428 0.815492 0.842572 0.673427 0.819669 0.774081 0.935475 0.629036 0.785220 0.833772 0.807184 0.836703 0.937572 0.747874 0.677455 0.423553 0.000000 0.487426 0.418833 0.795993 0.761529 0.853750 0.974942 0.884735 0.925084 0.877460 0.992484 0.568824 0.562682 0.603050 0.656118 0.494000 0.648296 0.870401 0.847935 0.559362 0.594281 0.578772 0.642913 0.722503 0.921510 0.929288 0.951018 0.914276 0.867117 0.719460 0.885074 0.576385 0.746637 0.895114 0.836937 0.754872 0.699020 0.988110 0.852544 0.645574 0.776521 0.581632 0.607645 0.888237 0.918322 0.835808 0.732665 0.664932 0.662099 0.654065 0.713294 0.782709 0.892122 0.795532 0.786210 0.832446 0.787099 0.971878 0.940381 0.864668 0.978990 0.983848 0.816939 0.837458 0.889513 0.850855 0.910203 0.742149 0.680452 0.905200 0.790618 0.747741 0.816030 0.824880 0.697196 0.756977 0.920968 0.976613 0.834203 0.830965 0.723694 0.575453 0.795141 0.805198 0.813390
0.569933 0.765566 0.650797 0.781913 0.832337 0.840656 0.418565 0.462916 0.829341 0.558084 0.572161 0.707778 0.542042 0.639353 0.679849 0.823332 0.687692 0.719818 0.508478 0.653754 0.886055 0.756574 0.557941 0.986673 0.931061 0.977360 0.884013 0.956259 0.570187 0.589538 0.430841 0.487426 0.000000 0.344758 0.852924 0.719644 0.749196 0.826943 0.887487 0.948795 0.962739 0.903094 0.702734 0.684521 0.613025 0.639892 0.534932 0.667936 0.761779 0.755347 0.534969 0.607585 0.596346 0.761548 0.689899 0.898253 0.750868 0.733029 0.549064 0.602722 0.556115 0.810902 0.360422 0.482896 0.988527 0.974398 0.703183 0.755247 0.706126 0.618122 0.608993 0.738822 0.572352 0.629130 0.783472 0.994445 0.674726 0.789428 0.686189 0.707846 0.583177 0.661097 0.849182 0.915123 0.787539 0.979502 0.863107 0.946929 0.696802 0.764573 0.767989 0.846461 0.934186 0.895623 0.850973 0.988980 0.729570 0.762867 0.519048 0.554854 0.823246 0.748980 0.578929 0.603975 0.704275 0.637606 0.964954 0.983399 0.967964 0.812000 0.740867 0.658292 0.497577 0.693956 0.816167 0.889390
0.722844 0.787575 0.717078 0.777536 0.987990 0.875828 0.435102 0.464989 0.892653 0.628399 0.755695 0.784451 0.677743 0.661361 0.720445 0.889070 0.704467 0.715712 0.595743 0.756320 0.895673 0.813407 0.682354 0.906191 0.972821 0.922603 0.826435 0.930008 0.550432 0.564804 0.357112 0.418833 0.344758 0.000000 0.857536 0.713816 0.753607 0.889297 0.941880 0.936373 0.974949 0.956768 0.585558 0.564533 0.532437 0.567969 0.520052 0.567198 0.758145 0.693519 0.488245 0.528152 0.614042 0.653776 0.721834 0.809544 0.798617 0.789637 0.639297 0.630002 0.599269 0.855931 0.408574 0.527990 0.991376 0.985922 0.718113 0.659182 0.860042 0.701403 0.678757 0.793024 0.632505 0.611997 0.836514 0.926111 0.752575 0.698375 0.625854 0.653617 0.585053 0.684885 0.786751 0.858942 0.833127 0.966369 0.824553 0.840375 0.847361 0.895013 0.804404 0.941938 0.973654 0.837137 0.798329 0.962147 0.900590 0.786569 0.559934 0.596322 0.827423 0.768622 0.574615 0.645062 0.741950 0.667289 0.870678 0.924537 0.995222 0.854295 0.796492 0.673383 0.494375 0.674235 0.771605 0.760380
0.892107 0.733101 0.566424 0.605417 0.976019 0.795484 0.665594 0.742181 0.915728 0.740733 0.942939 0.902845 0.963807 0.962852 0.906009 0.940625 0.860452 0.762015 0.926573 0.872472 0.817084 0.981424 0.917282 0.877149 0.645417 0.529423 0.919538 0.940004 0.821296 0.714118 0.756264 0.795993 0.852924 0.857536 0.000000 0.868325 0.941324 0.807292 0.892119 0.864991 0.922289 0.892277 0.696149 0.804997 0.811009 0.869570 0.739980 0.784931 0.753702 0.941747 0.860988 0.877238 0.828884 0.735363 0.808232 0.926216 0.847185 0.766029 0.900510 0.892715 0.754307 0.862050 0.956277 0.873887 0.567718 0.557340 0.404077 0.443951 0.903684 0.824948 0.733863 0.740789 0.813263 0.903514 0.927019 0.983691 0.751231 0.868761 0.876670 0.845462 0.849154 0.857810 0.814615 0.833547 0.966086 0.776073 0.968974 0.915504 0.908360 0.805344 0.557170 0.781224 0.619052 0.690500 0.687521 0.825023 0.722648 0.808168 0.734783 0.690684 0.662589 0.740660 0.779922 0.862858 0.535533 0.679958 0.899340 0.809591 0.981911 0.999623 0.778682 0.730493 0.895594 0.813357 0.826453 0.959290
0.970172 0.924571 0.713815 0.659901 0.918093 0.910386 0.762384 0.858297 0.933540 0.950343 0.938363 0.888367 0.980290 0.931567 0.951286 0.891185 0.920980 0.995340 0.972434 0.984229 0.976221 0.761620 0.989823 0.971456 0.758835 0.704704 0.972408 0.993455 0.952060 0.987528 0.752501 0.761529 0.719644 0.713816 0.868325 0.000000 0.895052 0.664968 0.798916 0.914058 0.985196 0.899352 0.812935 0.859320 0.834589 0.894195 0.805106 0.858995 0.924633 0.989430 0.832651 0.832771 0.708826 0.758218 0.985808 0.947551 0.929907 0.926563 0.992406 0.973490 0.913189 0.980273 0.917273 0.988876 0.775785 0.778752 0.692531 0.718214 0.939046 0.984564 0.836298 0.894991 0.864875 0.780648 0.973631 0.753103 0.796313 0.702261 0.938454 0.872970 0.961788 0.876013 0.995291 0.902943 0.978181 0.898145 0.854556 0.915299 0.931882 0.890742 0.804254 0.937871 0.821817 0.846584 0.978001 0.983887 0.835372 0.841519 0.832554 0.810554 0.969336 0.747793 0.837977 0.803803 0.759008 0.811561 0.794328 0.865885 0.939355 0.987697 0.892366 0.942916 0.709091 0.836180 0.889102 0.919467
0.712733 0.749069 0.935724 0.884858 0.902870 0.903284 0.895836 0.860516 0.822130 0.961521 0.781627 0.776214 0.792407 0.845919 0.779567 0.946995 0.784410 0.747071 0.720270 0.770387 0.888702 0.806922 0.820946 0.979857 0.915524 0.989588 0.904327 0.992351 0.687262 0.800759 0.905770 0.853750 0.749196 0.753607 0.941324 0.895052 0.000000 0.764659 0.981938 0.859897 0.812911 0.859577 0.921498 0.801642 0.916779 0.826638 0.764432 0.715939 0.877464 0.821183 0.768008 0.776965 0.810889 0.892860 0.786396 0.945388 0.739031 0.785012 0.784096 0.852598 0.902266 0.846550 0.795821 0.812250 0.915569 0.972810 0.915564 0.981946 0.630292 0.629353 0.955558 0.981618 0.954824 0.857619 0.931206 0.802581 0.857963 0.939946 0.867604 0.935109 0.822103 0.745405 0.946784 0.923147 0.749046 0.936109 0.873142 0.920538 0.706152 0.731821 0.944828 0.925597 0.966814 0.967313 0.837767 0.859926 0.903557 0.860981 0.803027 0.807230 0.964156 0.989733 0.745249 0.747226 0.958209 0.773439 0.846493 0.955919 0.804354 0.768304 0.742022 0.696807 0.781723 0.793242 0.755986 0.940499
0.838593 0.984220 0.815249 0.821197 0.957375 0.982722 0.858328 0.858034 0.830727 0.898321 0.823430 0.946007 0.920028 0.978184 0.905083 0.867306 0.957250 0.979583 0.879693 0.875664 0.975950 0.782126 0.959991 0.782408 0.931672 0.859177 0.980969 0.980076 0.978904 0.986925 0.909786 0.974942 0.826943 0.889297 0.807292 0.664968 0.764659 0.000000 0.928162 0.888146 0.934834 0.653911 0.899739 0.928374 0.936251 0.954976 0.899959 0.832928 0.893484 0.924441 0.849935 0.858004 0.800624 0.827396 0.923023 0.983918 0.898510 0.988238 0.875358 0.902775 0.859952 0.860416 0.860322 0.959714 0.842261 0.859455 0.744168 0.828410 0.757780 0.944322 0.763981 0.838485 0.753660 0.790163 0.955490 0.973380 0.911941 0.784758 0.963819 0.965245 0.950029 0.951014 0.810582 0.774543 0.997726 0.970122 0.996060 0.714865 0.872940 0.860365 0.774643 0.787989 0.760215 0.683818 0.958692 0.781120 0.771929 0.804051 0.796847 0.745650 0.697471 0.867199 0.692295 0.718981 0.863401 0.903680 0.983699 0.878347 0.991211 0.893686 0.814187 0.765404 0.755750 0.627204 0.841207 0.946619
