0.000000 0.404552 0.842504 0.699116 0.838538 0.547384 0.561687 0.440895 0.766562 0.773059 0.402874 0.350444 0.542129 0.464165 0.897556 0.581767 0.400037 0.377699 0.420893 0.401035 0.971395 0.908223 0.910466 0.865268 0.981156 0.861148 0.969456 0.950061 0.543667 0.468989 0.701637 0.593281 0.467426 0.468909 0.817011 0.938511 0.729647 0.829798 0.974699 0.907789 0.898656 0.921621 0.506325 0.469494 0.495513 0.497456 0.560547 0.565114 0.716045 0.612833 0.774656 0.809323 0.907550 0.892883 0.924716 0.787659 0.339532 0.510983 0.504642 0.906708 0.500662 0.637378 0.414789 0.446162 0.994991 0.729752 0.570485 0.614016 0.812670 0.686804 0.705917 0.662917 0.802419 0.664940 0.930484 0.731248 0.618513 0.785558 0.744361 0.635481 0.455460 0.534719 0.667776 0.756867 0.848416 0.861284 0.971763 0.908207 0.927362 0.938799 0.577789 0.808493 0.667834 0.848581 0.786982 0.744207 0.747138 0.780915 0.447182 0.471147 0.610505 0.631226 0.542638 0.585668 0.736216 0.823421 0.897211 0.899360 0.934414 0.935827 0.917997 0.701652 0.707822 0.877584 0.820945 0.996826
0.404552 0.000000 0.868033 0.963378 0.965583 0.742811 0.830231 0.628130 0.946657 0.797558 0.715792 0.438603 0.905111 0.716597 0.886009 0.723086 0.321378 0.322571 0.694779 0.598356 0.985477 0.871565 0.848987 0.967796 0.970910 0.955280 0.965426 0.890029 0.550328 0.357185 0.914676 0.736047 0.686098 0.678463 0.815899 0.969047 0.835913 0.887441 0.886657 0.746588 0.902996 0.904758 0.661402 0.587001 0.542163 0.434382 0.788802 0.682557 0.501965 0.543124 0.665899 0.753806 0.939414 0.924534 0.985595 0.792866 0.245617 0.258571 0.772791 0.841406 0.817473 0.547695 0.698773 0.401282 0.735562 0.854602 0.844990 0.797463 0.700678 0.645307 0.926262 0.872219 0.814396 0.763051 0.791143 0.766291 0.816687 0.856944 0.622879 0.537737 0.314646 0.487752 0.654660 0.605623 0.921467 0.935271 0.800094 0.958203 0.976835 0.942247 0.840529 0.938511 0.879946 0.893763 0.721947 0.865172 0.654475 0.885386 0.615447 0.679291 0.797153 0.851743 0.657164 0.768863 0.888305 0.997682 0.945832 0.924866 0.993023 0.849065 0.772355 0.641869 0.816098 0.868210 0.755920 0.902397
0.842504 0.868033 0.000000 0.284639 0.848661 0.869378 0.296157 0.431459 0.694452 0.737755 0.540792 0.889757 0.393765 0.461354 0.481134 0.590051 0.871903 0.999107 0.422140 0.610138 0.908583 0.990365 0.347120 0.511404 0.712986 0.505695 0.964289 0.923403 0.825090 0.955556 0.375662 0.443001 0.477817 0.460168 0.609366 0.721679 0.783823 0.999744 0.783048 0.939781 0.943884 0.712649 0.544116 0.625905 0.732083 0.842299 0.601822 0.580873 0.873665 0.960482 0.936431 0.951292 0.945916 0.866383 0.776282 0.989473 0.902379 0.737523 0.618878 0.931312 0.463108 0.965449 0.636705 0.798598 0.349901 0.501138 0.389716 0.458535 0.719615 0.836712 0.568349 0.544178 0.982745 0.833324 0.960792 0.822431 0.628083 0.651101 0.919797 0.900781 0.792805 0.965499 0.831686 0.785438 0.521591 0.650355 0.673324 0.821821 0.912791 0.977514 0.536573 0.563907 0.647867 0.636863 0.873704 0.901688 0.977158 0.956966 0.671910 0.575098 0.630711 0.577608 0.874776 0.812393 0.739627 0.776184 0.957851 0.712267 0.823083 0.822116 0.933013 0.917845 0.791090 0.997572 0.994520 0.807916
0.699116 0.963378 0.284639 0.000000 0.928605 0.749502 0.276941 0.328722 0.761983 0.790332 0.438493 0.719526 0.371903 0.335624 0.559638 0.545977 0.995481 0.827972 0.324371 0.442268 0.997124 0.966936 0.349769 0.361974 0.645485 0.520754 0.943409 0.812304 0.740877 0.814044 0.335780 0.354023 0.382390 0.384045 0.578512 0.711037 0.777643 0.994875 0.750285 0.941085 0.937643 0.730823 0.485954 0.558147 0.707448 0.795582 0.527806 0.511294 0.853103 0.990905 0.930992 0.955301 0.966793 0.904935 0.742795 0.888160 0.923531 0.858802 0.611089 0.929889 0.457549 0.933340 0.519320 0.929853 0.440573 0.419278 0.341874 0.363864 0.787904 0.839497 0.558101 0.556198 0.915732 0.759875 0.879022 0.791114 0.610641 0.643435 0.883202 0.839884 0.995299 0.818907 0.720384 0.896632 0.489708 0.538245 0.765518 0.768034 0.833068 0.830944 0.529756 0.619524 0.616219 0.703472 0.901178 0.792469 0.950469 0.880497 0.626387 0.503048 0.546588 0.491195 0.818064 0.693413 0.648316 0.758243 0.955489 0.801228 0.785638 0.824500 0.915529 0.933906 0.772082 0.921678 0.998311 0.787679
0.838538 0.965583 0.848661 0.928605 0.000000 0.876906 0.842063 0.881240 0.808788 0.800057 0.883569 0.811677 0.748775 0.814913 0.744877 0.678369 0.963333 0.926333 0.848049 0.810939 0.796950 0.942705 0.773921 0.940669 0.998144 0.941392 0.950127 0.963706 0.998016 0.897170 0.844072 0.825583 0.812031 0.798586 0.862965 0.826946 0.827899 0.911474 0.980872 0.902584 0.865745 0.973189 0.813181 0.823720 0.812058 0.825073 0.865309 0.805098 0.982473 0.964066 0.811686 0.750628 0.739313 0.730225 0.909167 0.982129 0.988619 0.978140 0.723115 0.941316 0.749514 0.979190 0.774002 0.864281 0.842013 0.913011 0.749376 0.797585 0.872102 0.878384 0.816469 0.773946 0.888132 0.864194 0.885790 0.892911 0.877566 0.925538 0.976876 0.890198 0.852016 0.896070 0.818956 0.997669 0.850105 0.924443 0.975840 0.935388 0.847218 0.852333 0.695413 0.710675 0.708851 0.701694 0.989610 0.996880 0.916586 0.968873 0.796090 0.926545 0.935389 0.920778 0.755583 0.714532 0.909176 0.694730 0.754055 0.799358 0.953792 0.991382 0.992744 0.883500 0.862998 0.839751 0.834257 0.958197
0.547384 0.742811 0.869378 0.749502 0.876906 0.000000 0.647528 0.587200 0.668928 0.680326 0.562991 0.549365 0.647079 0.666969 0.846679 0.568488 0.680915 0.595454 0.576591 0.624403 0.871162 0.865840 0.840940 0.803722 0.959868 0.803126 0.999886 0.811892 0.793499 0.644284 0.731456 0.654992 0.643678 0.560723 0.891321 0.976901 0.852026 0.881555 0.884859 0.954428 0.908810 0.946279 0.592104 0.621092 0.669717 0.648473 0.749698 0.676482 0.941974 0.863138 0.953625 0.938650 0.979385 0.868056 0.902921 0.960821 0.613872 0.866467 0.788172 0.990344 0.620819 0.759762 0.666532 0.716486 0.940739 0.729242 0.655415 0.621387 0.985080 0.986108 0.768141 0.701790 0.847869 0.727424 0.955831 0.793086 0.709723 0.735354 0.645334 0.732711 0.709980 0.704469 0.971352 0.943001 0.876420 0.899062 0.972291 0.882917 0.935457 0.972894 0.650224 0.806194 0.676794 0.739942 0.942327 0.975420 0.762551 0.787083 0.572405 0.707238 0.615560 0.629106 0.682299 0.623926 0.913917 0.887515 0.747874 0.954030 0.910705 0.898566 0.984744 0.793851 0.926652 0.858451 0.963931 0.811643
0.561687 0.830231 0.296157 0.276941 0.842063 0.647528 0.000000 0.228932 0.602947 0.529361 0.350410 0.572461 0.329635 0.306478 0.508198 0.427095 0.814927 0.639013 0.266152 0.423763 0.916503 0.868696 0.383059 0.534985 0.851329 0.568338 0.953753 0.940383 0.612908 0.619323 0.386959 0.347694 0.317136 0.296500 0.705018 0.719355 0.676445 0.920921 0.791080 0.998012 0.992489 0.821697 0.399194 0.481365 0.459349 0.577667 0.520667 0.442379 0.969582 0.825037 0.755981 0.738429 0.798172 0.689342 0.837952 0.881665 0.787349 0.980110 0.501007 0.873167 0.305079 0.790050 0.446085 0.849752 0.513460 0.419418 0.290399 0.324044 0.809718 0.980572 0.464814 0.453432 0.880452 0.727371 0.957658 0.783887 0.494173 0.570688 0.820093 0.710357 0.889822 0.807158 0.748331 0.980812 0.564854 0.661870 0.802101 0.876415 0.940831 0.937738 0.373667 0.496686 0.503559 0.569943 0.778732 0.752697 0.846517 0.889561 0.445186 0.398269 0.479733 0.452226 0.698872 0.651111 0.714380 0.668404 0.923540 0.775416 0.839768 0.879542 0.874406 0.776998 0.645866 0.937910 0.898876 0.898727
0.440895 0.628130 0.431459 0.328722 0.881240 0.587200 0.228932 0.000000 0.580033 0.533716 0.312789 0.430541 0.409236 0.299053 0.672777 0.481415 0.629509 0.496804 0.245554 0.324230 0.970507 0.861484 0.543891 0.603247 0.883239 0.602864 0.870804 0.943434 0.486420 0.495867 0.430788 0.363289 0.282743 0.293293 0.806877 0.820938 0.643735 0.918175 0.793389 0.966953 0.991498 0.860502 0.350344 0.420594 0.387102 0.478921 0.515621 0.431999 0.795573 0.701677 0.689858 0.722708 0.772542 0.711653 0.892742 0.826968 0.587843 0.779832 0.495850 0.822148 0.338713 0.639021 0.423611 0.705804 0.667802 0.451429 0.378547 0.346996 0.934305 0.913338 0.540129 0.485503 0.802477 0.653657 0.862584 0.734773 0.478961 0.582369 0.727551 0.654253 0.753239 0.705316 0.725021 0.917241 0.719544 0.747332 0.920024 0.905643 0.955925 0.887604 0.414267 0.589765 0.527967 0.688055 0.774506 0.754398 0.758510 0.846817 0.393890 0.356538 0.455498 0.436493 0.604740 0.573478 0.714394 0.702878 0.944546 0.810351 0.790603 0.908749 0.840025 0.727812 0.628552 0.894770 0.869748 0.929852
0.766562 0.946657 0.694452 0.761983 0.808788 0.668928 0.602947 0.580033 0.000000 0.416002 0.659442 0.753973 0.673027 0.720365 0.739341 0.647902 0.784462 0.763978 0.698337 0.729978 0.983459 0.908934 0.856335 0.936204 0.803710 0.878255 0.940384 0.839684 0.661836 0.731359 0.771949 0.833156 0.702735 0.651958 0.982118 0.821698 0.778347 0.781724 0.968564 0.896504 0.974117 0.963314 0.542923 0.576564 0.598734 0.639530 0.847751 0.685802 0.845035 0.757621 0.750545 0.658210 0.617904 0.555840 0.820274 0.976909 0.872276 0.994634 0.614166 0.842240 0.592839 0.882913 0.770016 0.873827 0.847676 0.879099 0.764684 0.816126 0.906905 0.862655 0.655813 0.597949 0.840475 0.801904 0.940315 0.886161 0.529998 0.725413 0.888422 0.893231 0.962991 0.835806 0.938469 0.797187 0.895329 0.750722 0.885027 0.815861 0.878907 0.762506 0.487902 0.479541 0.593876 0.486293 0.949955 0.875810 0.779310 0.878822 0.511368 0.534500 0.591058 0.549948 0.587702 0.651872 0.915988 0.568837 0.769291 0.708341 0.921446 0.952268 0.948864 0.731869 0.565036 0.717584 0.812818 0.891272
0.773059 0.797558 0.737755 0.790332 0.800057 0.680326 0.529361 0.533716 0.416002 0.000000 0.685556 0.698430 0.730941 0.690551 0.624463 0.601510 0.703975 0.620464 0.678169 0.760065 0.958233 0.848945 0.823493 0.934152 0.759288 0.938413 0.864449 0.934820 0.642677 0.580803 0.788404 0.720384 0.750793 0.622303 0.844194 0.942909 0.763695 0.913074 0.909442 0.906318 0.889637 0.968354 0.542254 0.565718 0.426933 0.465787 0.861740 0.624470 0.718460 0.660471 0.621192 0.558642 0.541609 0.477636 0.781941 0.979891 0.750908 0.844683 0.675234 0.904493 0.579256 0.786238 0.766689 0.732284 0.943547 0.860952 0.717387 0.734300 0.893289 0.905297 0.595382 0.527617 0.850143 0.812949 0.959219 0.910958 0.526460 0.610917 0.708849 0.738356 0.931919 0.920762 0.974788 0.996727 0.892250 0.776660 0.878645 0.889404 0.764757 0.729137 0.432378 0.463831 0.525633 0.500379 0.822134 0.941343 0.730953 0.893291 0.503390 0.516857 0.638875 0.576646 0.583639 0.676763 0.926426 0.578409 0.760075 0.688981 0.910920 0.990135 0.779406 0.590090 0.621383 0.738149 0.744079 0.818318
0.402874 0.715792 0.540792 0.438493 0.883569 0.562991 0.350410 0.312789 0.659442 0.685556 0.000000 0.452031 0.357176 0.321646 0.777287 0.595441 0.628734 0.565055 0.266283 0.376056 0.989918 0.827862 0.649345 0.703678 0.995064 0.709461 0.875556 0.947057 0.538613 0.560587 0.511317 0.480592 0.370223 0.325698 0.716144 0.880762 0.689595 0.953319 0.823162 0.903977 0.926834 0.978471 0.459010 0.497260 0.537011 0.610279 0.481546 0.487886 0.919142 0.769026 0.803587 0.861491 0.857378 0.815148 0.844552 0.815080 0.616349 0.848270 0.545914 0.869065 0.320967 0.691700 0.345468 0.661262 0.735915 0.524531 0.409980 0.424051 0.993736 0.970080 0.572496 0.631705 0.815343 0.717502 0.917789 0.697559 0.575922 0.607947 0.863625 0.755486 0.699429 0.691934 0.885840 0.902197 0.718361 0.754582 0.940691 0.914370 0.883551 0.919700 0.503726 0.675416 0.645838 0.738805 0.870617 0.665232 0.865019 0.898313 0.490099 0.425732 0.507257 0.559303 0.652944 0.606264 0.818724 0.769715 0.970000 0.799011 0.874478 0.924972 0.924168 0.797780 0.622465 0.982338 0.891568 0.849052
0.350444 0.438603 0.889757 0.719526 0.811677 0.549365 0.572461 0.430541 0.753973 0.698430 0.452031 0.000000 0.683535 0.528550 0.981887 0.621800 0.435839 0.355480 0.494917 0.429591 0.956154 0.816091 0.903470 0.879120 0.909781 0.901219 0.901434 0.943292 0.507733 0.395590 0.721260 0.644273 0.467421 0.458955 0.913113 0.916930 0.593792 0.814332 0.877381 0.929958 0.782139 0.930491 0.603570 0.569890 0.435554 0.470779 0.654311 0.540596 0.638357 0.581996 0.722615 0.723885 0.818879 0.765097 0.984584 0.805757 0.402597 0.498881 0.542283 0.728471 0.485917 0.440645 0.471034 0.391015 0.961031 0.642251 0.592136 0.539969 0.814450 0.598651 0.799492 0.712370 0.732165 0.629401 0.909785 0.763265 0.674188 0.784254 0.663138 0.629143 0.437911 0.528529 0.749537 0.663327 0.912099 0.892224 0.891201 0.982516 0.928996 0.909055 0.630724 0.854779 0.696953 0.860564 0.742195 0.768252 0.746435 0.794003 0.523176 0.569739 0.601952 0.629936 0.620715 0.633528 0.837329 0.823171 0.884797 0.918226 0.940337 0.914992 0.891572 0.791969 0.770366 0.925604 0.794165 0.903649
0.542129 0.905111 0.393765 0.371903 0.748775 0.647079 0.329635 0.409236 0.673027 0.730941 0.357176 0.683535 0.000000 0.318027 0.475150 0.477783 0.900375 0.760100 0.345555 0.463924 0.833400 0.957220 0.419858 0.510911 0.819724 0.673018 0.898907 0.853111 0.741849 0.736885 0.501875 0.454066 0.421886 0.375805 0.640326 0.788902 0.840911 0.999563 0.853961 0.969869 0.969730 0.837087 0.464874 0.514149 0.707270 0.778432 0.461513 0.532518 0.837942 0.976454 0.921082 0.913256 0.925969 0.786942 0.711081 0.895897 0.834857 0.936158 0.533268 0.996979 0.365373 0.980798 0.344953 0.877516 0.513409 0.581023 0.359160 0.507154 0.873383 0.932972 0.462388 0.547364 0.935010 0.850857 0.946617 0.698649 0.560763 0.561827 0.974854 0.836545 0.897884 0.830332 0.755394 0.879817 0.526227 0.619282 0.777243 0.858364 0.792040 0.936845 0.487316 0.554358 0.636382 0.593899 0.903725 0.704458 0.913563 0.914697 0.527637 0.484422 0.599200 0.587619 0.692288 0.617661 0.770517 0.719176 0.882218 0.722363 0.848974 0.898726 0.988564 0.867374 0.762839 0.933695 0.956709 0.823324
0.464165 0.716597 0.461354 0.335624 0.814913 0.666969 0.306478 0.299053 0.720365 0.690551 0.321646 0.528550 0.318027 0.000000 0.575147 0.434484 0.771159 0.591893 0.289531 0.310624 0.950701 0.981164 0.527609 0.519919 0.857388 0.680545 0.967301 0.865548 0.602306 0.590084 0.456863 0.373473 0.336416 0.289546 0.702790 0.771964 0.662787 0.948353 0.790486 0.977781 0.924196 0.843315 0.404027 0.452228 0.543926 0.601773 0.453466 0.421617 0.978086 0.806091 0.758873 0.772773 0.824755 0.746180 0.807113 0.873415 0.679424 0.888925 0.525332 0.921100 0.363759 0.811086 0.356315 0.759645 0.591335 0.460639 0.358951 0.407863 0.943591 0.953221 0.574131 0.558845 0.873816 0.729098 0.893102 0.614657 0.533462 0.589409 0.808358 0.759186 0.765969 0.682855 0.668364 0.892264 0.589303 0.583228 0.862342 0.823043 0.818192 0.831984 0.454550 0.631872 0.618314 0.709960 0.824152 0.653635 0.856452 0.868456 0.447842 0.422976 0.499877 0.552301 0.696540 0.667035 0.690193 0.720597 0.944695 0.779535 0.757844 0.924633 0.890698 0.808327 0.710169 0.985765 0.896774 0.877846
0.897556 0.886009 0.481134 0.559638 0.744877 0.846679 0.508198 0.672777 0.739341 0.624463 0.777287 0.981887 0.475150 0.575147 0.000000 0.528368 0.836342 0.974037 0.685702 0.784175 0.882847 0.976189 0.467452 0.661483 0.809698 0.732920 0.768885 0.770084 0.960074 0.964524 0.659740 0.650662 0.725614 0.676169 0.812943 0.807244 0.971561 0.960146 0.951219 0.871311 0.855346 0.794077 0.572479 0.667749 0.802065 0.847353 0.732244 0.722541 0.798386 0.933648 0.927148 0.849181 0.861154 0.722184 0.980140 0.876672 0.910932 0.786644 0.711156 0.883731 0.626235 0.778697 0.733949 0.882403 0.462941 0.745199 0.574418 0.715856 0.671760 0.811102 0.525893 0.571327 0.896052 0.968618 0.905513 0.851536 0.567428 0.679633 0.997793 0.993792 0.814448 0.839338 0.797980 0.764475 0.614962 0.766498 0.661484 0.927460 0.992671 0.933903 0.531725 0.477767 0.646717 0.522369 0.914704 0.945032 0.976271 0.869386 0.646782 0.667344 0.843428 0.654037 0.806671 0.745524 0.778350 0.710648 0.737805 0.667612 0.882929 0.750038 0.969377 0.801536 0.848208 0.931640 0.981801 0.923879
0.581767 0.723086 0.590051 0.545977 0.678369 0.568488 0.427095 0.481415 0.647902 0.601510 0.595441 0.621800 0.477783 0.434484 0.528368 0.000000 0.818764 0.633980 0.540806 0.502104 0.770781 0.869840 0.544822 0.608216 0.844562 0.632667 0.923662 0.888236 0.722111 0.613325 0.567378 0.462086 0.472927 0.467517 0.791625 0.745185 0.687114 0.889256 0.939261 0.983147 0.927387 0.939471 0.513151 0.579161 0.546818 0.559204 0.659693 0.576444 0.913561 0.800727 0.703583 0.696965 0.788593 0.659803 0.956535 0.931306 0.734663 0.852491 0.578465 0.921163 0.494200 0.827717 0.602324 0.798482 0.684455 0.592533 0.473202 0.522012 0.806141 0.955936 0.610060 0.536126 0.873628 0.762593 0.915258 0.753150 0.576310 0.731964 0.741393 0.651057 0.711353 0.695768 0.671502 0.905386 0.595536 0.652923 0.867322 0.884879 0.948894 0.932556 0.448526 0.631427 0.578203 0.598793 0.792135 0.874506 0.731825 0.861320 0.542937 0.607124 0.590512 0.612068 0.701541 0.734575 0.789036 0.832374 0.765769 0.828283 0.858404 0.950224 0.879274 0.749490 0.759225 0.976931 0.918968 0.965100
0.400037 0.321378 0.871903 0.995481 0.963333 0.680915 0.814927 0.629509 0.784462 0.703975 0.628734 0.435839 0.900375 0.771159 0.836342 0.818764 0.000000 0.313386 0.711599 0.674402 0.993401 0.861951 0.798367 0.871288 0.846446 0.872812 0.862661 0.871772 0.487198 0.351681 0.920179 0.824315 0.727819 0.644672 0.812957 0.906936 0.793608 0.760734 0.920604 0.754589 0.839814 0.861353 0.688570 0.575842 0.499046 0.483981 0.823726 0.713436 0.513176 0.517078 0.662130 0.673019 0.849378 0.789688 0.893853 0.786039 0.300590 0.344562 0.752175 0.755175 0.709580 0.495288 0.666473 0.332425 0.685072 0.886659 0.880943 0.799861 0.674554 0.607321 0.922309 0.830386 0.791335 0.698737 0.878760 0.748426 0.769942 0.852958 0.705563 0.607675 0.405073 0.640155 0.879078 0.613084 0.788015 0.903264 0.796566 0.830928 0.895312 0.981652 0.767702 0.956075 0.820768 0.997033 0.696772 0.867712 0.693162 0.834180 0.618063 0.600098 0.768147 0.788431 0.678202 0.727846 0.933209 0.953923 0.854036 0.968136 0.975471 0.890935 0.809493 0.666253 0.726255 0.839417 0.782368 0.874388
0.377699 0.322571 0.999107 0.827972 0.926333 0.595454 0.639013 0.496804 0.763978 0.620464 0.565055 0.355480 0.760100 0.591893 0.974037 0.633980 0.313386 0.000000 0.565948 0.578376 0.947934 0.950372 0.983399 0.961741 0.881236 0.966054 0.868710 0.875445 0.488345 0.297276 0.760125 0.621480 0.563139 0.544292 0.903351 0.984919 0.725089 0.841580 0.959194 0.828970 0.933361 0.935625 0.570349 0.505731 0.391192 0.345020 0.748472 0.558629 0.586171 0.507807 0.654793 0.602970 0.804925 0.745059 0.983097 0.801598 0.282870 0.375482 0.710425 0.830315 0.596090 0.529937 0.564038 0.320325 0.813840 0.769475 0.678159 0.669544 0.779828 0.625131 0.797215 0.694862 0.767429 0.648908 0.860997 0.748574 0.666216 0.725754 0.508774 0.502901 0.359513 0.551020 0.767855 0.623009 0.930050 0.967991 0.822880 0.888257 0.994670 0.954459 0.606770 0.833650 0.657666 0.860839 0.794300 0.784852 0.606979 0.918229 0.515863 0.517714 0.609045 0.671520 0.611990 0.705909 0.819034 0.830615 0.808717 0.993518 0.997398 0.905679 0.855769 0.683448 0.694842 0.859100 0.772818 0.891029
0.420893 0.694779 0.422140 0.324371 0.848049 0.576591 0.266152 0.245554 0.698337 0.678169 0.266283 0.494917 0.345555 0.289531 0.685702 0.540806 0.711599 0.565948 0.000000 0.334831 0.994272 0.880919 0.543513 0.549313 0.832982 0.639830 0.926966 0.891119 0.601091 0.583786 0.416261 0.346728 0.312086 0.290808 0.717513 0.849638 0.725087 0.990182 0.787987 0.970444 0.998256 0.887323 0.422527 0.455832 0.524353 0.598776 0.495696 0.447803 0.951070 0.817692 0.852031 0.887596 0.926080 0.896840 0.806627 0.831644 0.614809 0.863285 0.565097 0.937994 0.362318 0.782636 0.385136 0.760657 0.647248 0.485960 0.350877 0.370455 0.923077 0.963755 0.553414 0.603367 0.869599 0.744289 0.884283 0.727272 0.571319 0.606291 0.784089 0.708929 0.761224 0.663693 0.763516 0.944554 0.640819 0.675092 0.888301 0.860826 0.822151 0.848257 0.486626 0.646680 0.615273 0.753252 0.860938 0.708366 0.861091 0.893696 0.430607 0.405333 0.489555 0.511543 0.650159 0.608587 0.688586 0.757192 0.958748 0.848639 0.893889 0.877929 0.945038 0.728207 0.657055 0.958292 0.941909 0.905099
0.401035 0.598356 0.610138 0.442268 0.810939 0.624403 0.423763 0.324230 0.729978 0.760065 0.376056 0.429591 0.463924 0.310624 0.784175 0.502104 0.674402 0.578376 0.334831 0.000000 0.952809 0.921100 0.658247 0.587727 0.799962 0.699858 0.915232 0.900896 0.547635 0.592314 0.543463 0.433664 0.318545 0.360722 0.781544 0.833537 0.635941 0.952440 0.820973 0.936338 0.974465 0.946743 0.504247 0.528580 0.582509 0.622271 0.546519 0.519410 0.821730 0.740258 0.795504 0.875607 0.875521 0.880193 0.892004 0.782266 0.579011 0.715061 0.526546 0.864533 0.473265 0.683115 0.425197 0.722999 0.758113 0.569192 0.494367 0.461256 0.916574 0.857139 0.646443 0.644560 0.775550 0.651512 0.840176 0.699560 0.605285 0.676576 0.836745 0.707695 0.643764 0.538659 0.635481 0.822270 0.648873 0.672468 0.845587 0.806260 0.841035 0.827582 0.595349 0.808617 0.714348 0.873770 0.815726 0.767422 0.857557 0.852492 0.531707 0.476095 0.569565 0.634667 0.687269 0.647840 0.709219 0.810392 0.908111 0.937658 0.774875 0.971584 0.918572 0.804742 0.688529 0.977562 0.955272 0.981801
0.971395 0.985477 0.908583 0.997124 0.796950 0.871162 0.916503 0.970507 0.983459 0.958233 0.989918 0.956154 0.833400 0.950701 0.882847 0.770781 0.993401 0.947934 0.994272 0.952809 0.000000 0.956647 0.790793 0.815344 0.902282 0.984391 0.908561 0.913955 0.872636 0.991177 0.847932 0.930565 0.853425 0.848166 0.878432 0.762868 0.917212 0.872828 0.956704 0.804691 0.897442 0.981932 0.969944 0.935911 0.994037 0.975567 0.974987 0.991916 0.831457 0.870510 0.998119 0.978183 0.971079 0.870689 0.832650 0.935380 0.913019 0.988044 0.850651 0.958602 0.860701 0.907160 0.926969 0.981265 0.886386 0.929971 0.784495 0.843699 0.962790 0.909260 0.750196 0.846177 0.905307 0.826867 0.937360 0.835114 0.981137 0.875223 0.922070 0.896105 0.828231 0.833452 0.899433 0.877973 0.718584 0.732000 0.923483 0.724814 0.842322 0.952364 0.899378 0.915220 0.874317 0.805478 0.951694 0.921208 0.883248 0.870899 0.960206 0.950287 0.882546 0.951012 0.941473 0.993016 0.944665 0.919501 0.913294 0.990784 0.934944 0.977483 0.799218 0.951883 0.963107 0.964666 0.982221 0.855810
0.908223 0.871565 0.990365 0.966936 0.942705 0.865840 0.868696 0.861484 0.908934 0.848945 0.827862 0.816091 0.957220 0.981164 0.976189 0.869840 0.861951 0.950372 0.880919 0.921100 0.956647 0.000000 0.981516 0.944679 0.859616 0.798124 0.876032 0.882387 0.882121 0.871060 0.927921 0.996150 0.893058 0.911694 0.999283 0.941502 0.837597 0.867185 0.967914 0.894648 0.881155 0.874653 0.878731 0.925213 0.874335 0.888665 0.930356 0.992448 0.846026 0.838631 0.928042 0.989949 0.911721 0.946424 0.953213 0.862308 0.929116 0.906629 0.915599 0.940951 0.882669 0.786835 0.941936 0.929821 0.962946 0.902758 0.926473 0.847716 0.988897 0.998216 0.952340 0.989583 0.821182 0.959388 0.874879 0.931208 0.946191 0.954657 0.890203 0.956401 0.869438 0.976281 0.892920 0.970982 0.984491 0.914854 0.982768 0.948187 0.892359 0.878046 0.965157 0.967087 0.972822 0.947853 0.877019 0.949378 0.998365 0.985690 0.897741 0.981176 0.934171 0.889610 0.882286 0.917809 0.792006 0.966652 0.920227 0.931520 0.959816 0.836949 0.984656 0.830057 0.912205 0.904521 0.945640 0.920513
0.910466 0.848987 0.347120 0.349769 0.773921 0.840940 0.383059 0.543891 0.856335 0.823493 0.649345 0.903470 0.419858 0.527609 0.467452 0.544822 0.798367 0.983399 0.543513 0.658247 0.790793 0.981516 0.000000 0.352185 0.592211 0.600115 0.809201 0.880720 0.972997 0.942367 0.455535 0.437653 0.500662 0.509662 0.543178 0.601114 0.881939 0.985581 0.778568 0.874977 0.971728 0.743389 0.707078 0.796450 0.852689 0.934568 0.663059 0.687841 0.678088 0.832601 0.919143 0.918808 0.941071 0.786161 0.726293 0.963477 0.824596 0.760925 0.715606 0.983294 0.536920 0.917165 0.603980 0.882029 0.407373 0.479947 0.375250 0.413810 0.720799 0.699846 0.552126 0.596996 0.989973 0.914452 0.893914 0.839435 0.721317 0.689206 0.976294 0.847044 0.936543 0.839035 0.695096 0.864147 0.344025 0.437374 0.705663 0.693979 0.763778 0.765269 0.612652 0.631824 0.660468 0.653584 0.928251 0.891022 0.984934 0.973574 0.817196 0.709832 0.761185 0.671558 0.940211 0.790330 0.783967 0.734785 0.995331 0.808057 0.950115 0.795494 0.997424 0.926373 0.945767 0.990287 0.994059 0.860419
0.865268 0.967796 0.511404 0.361974 0.940669 0.803722 0.534985 0.603247 0.936204 0.934152 0.703678 0.879120 0.510911 0.519919 0.661483 0.608216 0.871288 0.961741 0.549313 0.587727 0.815344 0.944679 0.352185 0.000000 0.463951 0.670905 0.812709 0.801877 0.967559 0.912881 0.478353 0.423710 0.518227 0.514954 0.615237 0.686605 0.943074 0.934749 0.721078 0.985582 0.902717 0.703271 0.756364 0.804005 0.933996 0.978808 0.646540 0.747488 0.718613 0.802042 0.990331 0.896611 0.845868 0.947480 0.663752 0.951073 0.998837 0.883754 0.848734 0.970764 0.727929 0.926007 0.649909 0.887594 0.563767 0.516477 0.486232 0.479194 0.874718 0.715720 0.700174 0.748564 0.988207 0.887727 0.817374 0.777878 0.867503 0.780809 0.908059 0.841716 0.930480 0.650389 0.586070 0.966552 0.370483 0.319015 0.806499 0.511816 0.663654 0.687036 0.818874 0.903140 0.851107 0.969463 0.959253 0.848478 0.952539 0.998585 0.871540 0.802164 0.801760 0.820930 0.978485 0.838282 0.735279 0.993470 0.914875 0.989176 0.878836 0.870101 0.974773 0.926231 0.941871 0.926123 0.931008 0.848383
0.981156 0.970910 0.712986 0.645485 0.998144 0.959868 0.851329 0.883239 0.803710 0.759288 0.995064 0.909781 0.819724 0.857388 0.809698 0.844562 0.846446 0.881236 0.832982 0.799962 0.902282 0.859616 0.592211 0.463951 0.000000 0.670017 0.704827 0.987194 0.809189 0.923333 0.644283 0.617607 0.774501 0.841119 0.746875 0.707556 0.886689 0.982784 0.783859 0.965313 0.997743 0.693532 0.918549 0.959586 0.815804 0.867722 0.812886 0.918891 0.791667 0.770161 0.862541 0.708886 0.658782 0.717611 0.845538 0.895086 0.945509 0.959011 0.941591 0.954290 0.950528 0.976756 0.974979 0.784404 0.617043 0.641614 0.795588 0.743652 0.930387 0.704660 0.928231 0.992083 0.846790 0.891768 0.816521 0.771822 0.990302 0.961849 0.879931 0.869112 0.988128 0.730860 0.610502 0.944452 0.511113 0.494277 0.785275 0.754535 0.706359 0.715734 0.847835 0.816052 0.877803 0.765116 0.921903 0.966940 0.995170 0.914658 0.922210 0.977987 0.930710 0.994934 0.821955 0.956550 0.861233 0.858059 0.839507 0.975495 0.940017 0.896030 0.936290 0.934738 0.797039 0.853012 0.835019 0.824623
0.861148 0.955280 0.505695 0.520754 0.941392 0.803126 0.568338 0.602864 0.878255 0.938413 0.709461 0.901219 0.673018 0.680545 0.732920 0.632667 0.872812 0.966054 0.639830 0.699858 0.984391 0.798124 0.600115 0.670905 0.670017 0.000000 0.889008 0.959135 0.883994 0.999094 0.617767 0.638672 0.630882 0.699533 0.797688 0.666796 0.899893 0.882880 0.956059 0.999086 0.904865 0.849593 0.651826 0.822368 0.837210 0.814216 0.717857 0.789570 0.952854 0.997945 0.947296 0.908588 0.947965 0.933609 0.768714 0.963442 0.971328 0.900336 0.777186 0.906962 0.665178 0.886992 0.846899 0.825188 0.533514 0.549848 0.614302 0.616534 0.805440 0.788157 0.844986 0.778812 0.992208 0.918077 0.822520 0.961361 0.830386 0.813187 0.963253 0.887662 0.983225 0.883104 0.830476 0.832802 0.615534 0.711828 0.825854 0.857176 0.871811 0.945370 0.800373 0.902479 0.826702 0.888730 0.941514 0.894735 0.952237 0.887215 0.845209 0.795712 0.721026 0.812633 0.924750 0.955857 0.803865 0.966728 0.943203 0.932861 0.842944 0.914983 0.960676 0.921280 0.916637 0.925532 0.952643 0.878383
0.969456 0.965426 0.964289 0.943409 0.950127 0.999886 0.953753 0.870804 0.940384 0.864449 0.875556 0.901434 0.898907 0.967301 0.768885 0.923662 0.862661 0.868710 0.926966 0.915232 0.908561 0.876032 0.809201 0.812709 0.704827 0.889008 0.000000 0.732857 0.843408 0.863172 0.999555 0.995478 0.890887 0.956660 0.827189 0.893630 0.912539 0.980391 0.973336 0.963960 0.978331 0.948616 0.896349 0.965333 0.803305 0.874089 0.962747 0.951597 0.737974 0.773577 0.946167 0.864782 0.799568 0.924760 0.818329 0.971431 0.942382 0.932431 0.944428 0.939919 0.986101 0.881780 0.995660 0.897968 0.828817 0.869813 0.924609 0.992490 0.975139 0.861457 0.923421 0.893167 0.830059 0.801413 0.932593 0.943390 0.970217 0.861543 0.922052 0.927905 0.978524 0.985272 0.711408 0.728081 0.729965 0.756761 0.818365 0.953165 0.684551 0.868597 0.890238 0.941262 0.859671 0.947179 0.937726 0.846009 0.929672 0.782547 0.929169 0.995736 0.866386 0.918796 0.986329 0.996372 0.911831 0.973277 0.929603 0.846559 0.885291 0.899162 0.936201 0.949218 0.754435 0.931534 0.958052 0.962590
0.950061 0.890029 0.923403 0.812304 0.963706 0.811892 0.940383 0.943434 0.839684 0.934820 0.947057 0.943292 0.853111 0.865548 0.770084 0.888236 0.871772 0.875445 0.891119 0.900896 0.913955 0.882387 0.880720 0.801877 0.987194 0.959135 0.732857 0.000000 0.967785 0.880378 0.817358 0.946209 0.956323 0.951299 0.737146 0.831308 0.930942 0.918117 0.983983 0.857105 0.899431 0.962790 0.885362 0.845128 0.964037 0.997176 0.960040 0.947586 0.844911 0.897910 0.938061 0.871042 0.963332 0.988017 0.974863 0.957072 0.973751 0.773886 0.914436 0.744756 0.948432 0.703075 0.991301 0.758870 0.916778 0.954502 0.903701 0.995261 0.883347 0.903344 0.862682 0.837026 0.905146 0.885402 0.835134 0.983798 0.785831 0.990975 0.904418 0.824355 0.850805 0.908151 0.951339 0.814325 0.871659 0.922109 0.916345 0.900729 0.985954 0.932226 0.831743 0.821990 0.839236 0.770441 0.834060 0.965095 0.971140 0.766380 0.889216 0.904752 0.868085 0.824990 0.826584 0.740030 0.870656 0.941211 0.967467 0.806098 0.980453 0.738925 0.918407 0.889329 0.929762 0.907937 0.845767 0.997921
0.543667 0.550328 0.825090 0.740877 0.998016 0.793499 0.612908 0.486420 0.661836 0.642677 0.538613 0.507733 0.741849 0.602306 0.960074 0.722111 0.487198 0.488345 0.601091 0.547635 0.872636 0.882121 0.972997 0.967559 0.809189 0.883994 0.843408 0.967785 0.000000 0.461817 0.769429 0.761883 0.603071 0.626781 0.973932 0.957877 0.702690 0.885445 0.943825 0.787877 0.932334 0.990526 0.594147 0.555910 0.462455 0.468517 0.766469 0.591404 0.531257 0.510929 0.623827 0.635039 0.702000 0.688376 0.968190 0.740496 0.497515 0.603677 0.566879 0.746349 0.577307 0.553623 0.614573 0.592121 0.970493 0.790506 0.737749 0.723782 0.933701 0.616280 0.861914 0.706827 0.620186 0.635349 0.874193 0.736590 0.634686 0.793564 0.703548 0.755325 0.680858 0.829539 0.870820 0.760606 0.941154 0.950153 0.983180 0.847324 0.912254 0.878593 0.618561 0.844153 0.738881 0.837942 0.777261 0.801282 0.711902 0.937385 0.587869 0.550511 0.628321 0.696305 0.635197 0.767841 0.817316 0.942870 0.853514 0.805417 0.714108 0.992633 0.745442 0.830255 0.653373 0.791287 0.893996 0.930810
0.468989 0.357185 0.955556 0.814044 0.897170 0.644284 0.619323 0.495867 0.731359 0.580803 0.560587 0.395590 0.736885 0.590084 0.964524 0.613325 0.351681 0.297276 0.583786 0.592314 0.991177 0.871060 0.942367 0.912881 0.923333 0.999094 0.863172 0.880378 0.461817 0.000000 0.766724 0.638329 0.567712 0.522680 0.834392 0.985426 0.776162 0.853304 0.835477 0.795905 0.896997 0.956962 0.596004 0.539236 0.418585 0.397389 0.737908 0.558334 0.600415 0.504261 0.536463 0.517894 0.744690 0.632336 0.973218 0.787738 0.373289 0.418729 0.681774 0.696306 0.560967 0.499674 0.537184 0.360467 0.879988 0.705776 0.702469 0.639709 0.770105 0.717662 0.801610 0.769118 0.751699 0.707205 0.897285 0.738894 0.699224 0.739144 0.562668 0.464088 0.404877 0.570106 0.767274 0.615683 0.991089 0.888776 0.841461 0.948905 0.974596 0.889561 0.628003 0.827910 0.685325 0.879378 0.705957 0.817021 0.640182 0.930603 0.527752 0.601348 0.695808 0.682422 0.646656 0.758038 0.897612 0.829420 0.794045 0.937670 0.969506 0.867146 0.742925 0.676733 0.764792 0.780083 0.748019 0.968362
0.701637 0.914676 0.375662 0.335780 0.844072 0.731456 0.386959 0.430788 0.771949 0.788404 0.511317 0.721260 0.501875 0.456863 0.659740 0.567378 0.920179 0.760125 0.416261 0.543463 0.847932 0.927921 0.455535 0.478353 0.644283 0.617767 0.999555 0.817358 0.769429 0.766724 0.000000 0.380126 0.413497 0.439332 0.630956 0.810212 0.766702 0.998699 0.799083 0.988034 0.988127 0.719694 0.574323 0.608565 0.675199 0.729394 0.712045 0.619730 0.974787 0.967592 0.882403 0.965270 0.962447 0.921126 0.880317 0.924662 0.835196 0.992596 0.706811 0.947757 0.533473 0.919354 0.658016 0.994774 0.588991 0.533996 0.484374 0.456054 0.902832 0.971183 0.528339 0.498498 0.851548 0.626989 0.792681 0.638086 0.642869 0.757607 0.803514 0.775335 0.905698 0.785387 0.710544 0.933533 0.571931 0.597214 0.862477 0.814539 0.845489 0.913243 0.606789 0.714175 0.633022 0.789352 0.942444 0.850344 0.778028 0.957012 0.696986 0.582336 0.508329 0.601303 0.842915 0.773189 0.707070 0.884597 0.895329 0.752237 0.900525 0.894799 0.934471 0.997716 0.829171 0.914757 0.965027 0.896571
0.593281 0.736047 0.443001 0.354023 0.825583 0.654992 0.347694 0.363289 0.833156 0.720384 0.480592 0.644273 0.454066 0.373473 0.650662 0.462086 0.824315 0.621480 0.346728 0.433664 0.930565 0.996150 0.437653 0.423710 0.617607 0.638672 0.995478 0.946209 0.761883 0.638329 0.380126 0.000000 0.378897 0.373519 0.669559 0.708029 0.770024 0.882402 0.731396 0.937257 0.940050 0.795438 0.514266 0.521277 0.579298 0.624113 0.572454 0.471300 0.966352 0.831429 0.780109 0.836376 0.930933 0.868235 0.772753 0.980442 0.712678 0.863654 0.669066 0.910767 0.498917 0.832150 0.522493 0.853515 0.629429 0.481412 0.381946 0.378100 0.878748 0.908847 0.624216 0.577571 0.860869 0.715780 0.852496 0.644129 0.608335 0.619238 0.728546 0.596641 0.748180 0.577867 0.589875 0.849228 0.550236 0.522531 0.802859 0.753134 0.875355 0.776633 0.553560 0.723901 0.669048 0.797693 0.836922 0.798580 0.858987 0.905371 0.636457 0.555030 0.611890 0.595582 0.798230 0.685903 0.737188 0.820117 0.992464 0.858255 0.897050 0.977668 0.852723 0.874849 0.860301 0.998662 0.993127 0.922950
0.467426 0.686098 0.477817 0.382390 0.812031 0.643678 0.317136 0.282743 0.702735 0.750793 0.370223 0.467421 0.421886 0.336416 0.725614 0.472927 0.727819 0.563139 0.312086 0.318545 0.853425 0.893058 0.500662 0.518227 0.774501 0.630882 0.890887 0.956323 0.603071 0.567712 0.413497 0.378897 0.000000 0.340667 0.711479 0.753520 0.620004 0.863023 0.759757 0.869997 0.986258 0.834607 0.455102 0.525886 0.490230 0.566766 0.496016 0.524264 0.888149 0.770870 0.738217 0.818031 0.852939 0.803878 0.871058 0.779129 0.671698 0.813072 0.512529 0.802523 0.347290 0.667868 0.422346 0.726928 0.624541 0.401172 0.366772 0.329506 0.961768 0.945396 0.571609 0.556397 0.783000 0.665217 0.848282 0.692462 0.572407 0.699962 0.772683 0.638885 0.676764 0.569644 0.671159 0.865749 0.560446 0.573078 0.901913 0.821968 0.880372 0.837081 0.515376 0.721215 0.630064 0.804882 0.875415 0.755270 0.804246 0.949632 0.511302 0.493785 0.536973 0.563900 0.691641 0.672297 0.739310 0.820310 0.960321 0.895257 0.804354 0.965235 0.993548 0.841650 0.721146 0.884562 0.975576 0.863742
0.468909 0.678463 0.460168 0.384045 0.798586 0.560723 0.296500 0.293293 0.651958 0.622303 0.325698 0.458955 0.375805 0.289546 0.676169 0.467517 0.644672 0.544292 0.290808 0.360722 0.848166 0.911694 0.509662 0.514954 0.841119 0.699533 0.956660 0.951299 0.626781 0.522680 0.439332 0.373519 0.340667 0.000000 0.735930 0.809463 0.651974 0.867495 0.648095 0.992621 0.972374 0.817674 0.476763 0.463652 0.490393 0.586197 0.504242 0.456459 0.919868 0.789405 0.728212 0.736386 0.827106 0.721783 0.839676 0.998451 0.641295 0.829685 0.550103 0.817808 0.337453 0.720215 0.389283 0.687383 0.658742 0.434184 0.361581 0.335720 0.959249 0.930662 0.572321 0.577859 0.805262 0.685195 0.829034 0.651289 0.640130 0.585271 0.803733 0.637110 0.707044 0.606935 0.699205 0.828007 0.602043 0.607180 0.873135 0.819169 0.817058 0.855997 0.487749 0.680112 0.622251 0.732063 0.807639 0.745790 0.850917 0.894858 0.477829 0.455553 0.528010 0.597223 0.729206 0.647820 0.727052 0.758568 0.910659 0.824275 0.827392 0.932261 0.956165 0.741760 0.697933 0.973957 0.848673 0.920199
0.817011 0.815899 0.609366 0.578512 0.862965 0.891321 0.705018 0.806877 0.982118 0.844194 0.716144 0.913113 0.640326 0.702790 0.812943 0.791625 0.812957 0.903351 0.717513 0.781544 0.878432 0.999283 0.543178 0.615237 0.746875 0.797688 0.827189 0.737146 0.973932 0.834392 0.630956 0.669559 0.711479 0.735930 0.000000 0.783281 0.786258 0.990871 0.926378 0.994158 0.958385 0.969675 0.839763 0.833980 0.991036 0.966349 0.725072 0.851349 0.713277 0.896791 0.881242 0.892333 0.975632 0.967980 0.739678 0.997411 0.844576 0.759248 0.729913 0.855492 0.767579 0.881529 0.755446 0.862281 0.603899 0.720275 0.528496 0.621143 0.774608 0.833820 0.796416 0.734915 0.881412 0.812484 0.999273 0.842603 0.823463 0.937071 0.976700 0.974383 0.971394 0.864180 0.832782 0.865437 0.533523 0.632254 0.850134 0.951501 0.806158 0.855259 0.712498 0.824377 0.742352 0.730233 0.961369 0.831798 0.937538 0.930462 0.940866 0.885598 0.858788 0.740772 0.988367 0.844270 0.764860 0.866627 0.878228 0.780833 0.914288 0.880994 0.948151 0.690039 0.991700 0.925258 0.859332 0.818664
0.938511 0.969047 0.721679 0.711037 0.826946 0.976901 0.719355 0.820938 0.821698 0.942909 0.880762 0.916930 0.788902 0.771964 0.807244 0.745185 0.906936 0.984919 0.849638 0.833537 0.762868 0.941502 0.601114 0.686605 0.707556 0.666796 0.893630 0.831308 0.957877 0.985426 0.810212 0.708029 0.753520 0.809463 0.783281 0.000000 0.928217 0.906238 0.984819 0.989853 0.883916 0.893650 0.959828 0.996994 0.877538 0.940504 0.645076 0.855563 0.936658 0.981649 0.840659 0.885704 0.856537 0.904913 0.709487 0.954159 0.880128 0.966432 0.873653 0.859689 0.727897 0.880818 0.768689 0.991711 0.643241 0.596694 0.599509 0.617367 0.923061 0.860562 0.921369 0.806273 0.967347 0.852450 0.887483 0.970967 0.883815 0.931657 0.948876 0.924808 0.926253 0.762353 0.725466 0.975158 0.501239 0.526019 0.918755 0.730892 0.892033 0.862380 0.873198 0.974157 0.842800 0.962675 0.920746 0.822419 0.875726 0.905138 0.975931 0.963102 0.985159 0.912116 0.894994 0.910403 0.871364 0.877443 0.975239 0.941027 0.956496 0.975068 0.993197 0.990065 0.900600 0.895308 0.986129 0.984158
0.729647 0.835913 0.783823 0.777643 0.827899 0.852026 0.676445 0.643735 0.778347 0.763695 0.689595 0.593792 0.840911 0.662787 0.971561 0.687114 0.793608 0.725089 0.725087 0.635941 0.917212 0.837597 0.881939 0.943074 0.886689 0.899893 0.912539 0.930942 0.702690 0.776162 0.766702 0.770024 0.620004 0.651974 0.786258 0.928217 0.000000 0.900449 0.911680 0.820346 0.775638 0.826758 0.774785 0.770990 0.628970 0.740748 0.817519 0.812097 0.768083 0.769991 0.692611 0.766667 0.750806 0.736592 0.993294 0.939924 0.818215 0.837709 0.598692 0.714799 0.646613 0.698159 0.787991 0.810851 0.932808 0.733233 0.699517 0.597579 0.987851 0.863653 0.855963 0.720789 0.753120 0.708650 0.923895 0.733549 0.750961 0.982038 0.864694 0.770232 0.817116 0.827562 0.857247 0.823751 0.914970 0.956802 0.992948 0.989964 0.938954 0.970992 0.710344 0.820552 0.776590 0.825471 0.615874 0.907889 0.861457 0.969147 0.753397 0.796092 0.722724 0.811866 0.850739 0.873083 0.972528 0.864762 0.962585 0.807900 0.698762 0.898244 0.890502 0.941227 0.863034 0.878153 0.958014 0.985120
0.829798 0.887441 0.999744 0.994875 0.911474 0.881555 0.920921 0.918175 0.781724 0.913074 0.953319 0.814332 0.999563 0.948353 0.960146 0.889256 0.760734 0.841580 0.990182 0.952440 0.872828 0.867185 0.985581 0.934749 0.982784 0.882880 0.980391 0.918117 0.885445 0.853304 0.998699 0.882402 0.863023 0.867495 0.990871 0.906238 0.900449 0.000000 0.941663 0.904490 0.891509 0.974474 0.908563 0.965169 0.751711 0.795912 0.908049 0.936236 0.849552 0.877347 0.888667 0.856938 0.872745 0.895738 0.996484 0.924736 0.881187 0.875551 0.788234 0.701469 0.784013 0.729022 0.939246 0.785528 0.993787 0.823885 0.864174 0.845916 0.932562 0.912169 0.994704 0.894893 0.939564 0.972200 0.940924 0.934113 0.955108 0.838722 0.980305 0.915484 0.868863 0.905569 0.921269 0.976880 0.993275 0.953652 0.977050 0.839606 0.912968 0.754396 0.884293 0.952533 0.843309 0.908346 0.977125 0.950623 0.923733 0.860706 0.870480 0.956383 0.950790 0.929883 0.935006 0.928270 0.829080 0.857759 0.853328 0.970341 0.910341 0.990192 0.873976 0.823740 0.836795 0.886488 0.874501 0.972316
