0.000000 0.390319 0.966062 0.988586 0.999504 0.661391 0.589888 0.551104 0.834617 0.664167 0.563168 0.396909 0.522842 0.523278 0.612819 0.579647 0.440369 0.435610 0.565186 0.684661 0.860399 0.807689 0.650987 0.834794 0.696226 0.739636 0.840752 0.979732 0.542085 0.525076 0.673433 0.873160 0.524499 0.572206 0.927252 0.806659 0.777097 0.894390 0.810797 0.944354 0.924808 0.988347 0.493492 0.465585 0.488274 0.491706 0.542624 0.535359 0.452563 0.465141 0.509331 0.601963 0.678550 0.806071 0.578942 0.661103 0.517413 0.437186 0.467400 0.490301 0.474432 0.548368 0.484442 0.389752 0.917569 0.941884 0.614590 0.680222 0.663931 0.544919 0.819604 0.706889 0.905236 0.955721 0.947998 0.933634 0.605278 0.695264 0.668831 0.711443 0.374638 0.493268 0.609469 0.703250 0.397348 0.569238 0.779674 0.985459 0.648483 0.772301 0.654328 0.953054 0.780394 0.886718 0.766924 0.887277 0.804902 0.957009 0.448609 0.510603 0.692183 0.659619 0.466540 0.803957 0.639689 0.831507 0.922243 0.803672 0.865313 0.753976 0.778555 0.741406 0.653582 0.757442 0.814617 0.883447
0.390319 0.000000 0.902747 0.840492 0.963271 0.776771 0.758837 0.650575 0.876827 0.765701 0.765558 0.627206 0.744766 0.703282 0.783116 0.793637 0.541902 0.600375 0.702409 0.632471 0.982632 0.780342 0.761408 0.807865 0.992424 0.900730 0.956762 0.866027 0.681530 0.665127 0.771782 0.999913 0.735154 0.676414 0.915133 0.807811 0.902757 0.973919 0.779730 0.936260 0.839666 0.957835 0.553208 0.573481 0.644406 0.632832 0.613217 0.661339 0.524373 0.465732 0.513808 0.536516 0.669672 0.695544 0.643600 0.655368 0.416552 0.352354 0.563303 0.451632 0.703510 0.666605 0.694024 0.608444 0.971470 0.904885 0.639572 0.739712 0.522689 0.462553 0.887044 0.660289 0.919063 0.930400 0.981577 0.987708 0.709056 0.773156 0.729165 0.736948 0.592316 0.629571 0.662010 0.851141 0.578130 0.695271 0.815781 0.923045 0.713450 0.772008 0.673200 0.892987 0.737267 0.962332 0.895169 0.831737 0.665389 0.859936 0.555029 0.515547 0.814054 0.736316 0.653150 0.820172 0.692585 0.889861 0.930903 0.865441 0.959402 0.731722 0.920465 0.753093 0.718778 0.687112 0.823169 0.842802
0.966062 0.902747 0.000000 0.684395 0.878295 0.933182 0.654017 0.687007 0.847731 0.917667 0.901563 0.925504 0.995747 0.847698 0.923054 0.789730 0.808117 0.855481 0.849626 0.844131 0.950767 0.904783 0.856467 0.945886 0.636274 0.756167 0.883525 0.959118 0.831414 0.897761 0.738948 0.746536 0.857106 0.661579 0.759891 0.987006 0.845777 0.998713 0.858124 0.973873 0.894164 0.731980 0.907393 0.940339 0.834244 0.905785 0.693158 0.977322 0.823858 0.876578 0.924456 0.731585 0.811612 0.727400 0.850008 0.879262 0.705631 0.881213 0.717198 0.936723 0.816001 0.965184 0.784118 0.884288 0.631910 0.618579 0.687486 0.677860 0.981453 0.835036 0.988615 0.929054 0.857420 0.841339 0.928455 0.903499 0.879627 0.828419 0.791625 0.984234 0.866670 0.721969 0.931148 0.850123 0.964884 0.754845 0.739698 0.988916 0.783432 0.870717 0.808512 0.769843 0.763881 0.849951 0.920890 0.991098 0.946832 0.966689 0.851648 0.929708 0.996484 0.904440 0.973153 0.911927 0.857157 0.952568 0.747593 0.945352 0.990401 0.860575 0.897707 0.767829 0.840489 0.962222 0.942424 0.959755
0.988586 0.840492 0.684395 0.000000 0.878006 0.760573 0.954784 0.810643 0.947793 0.922564 0.878253 0.894355 0.743375 0.737432 0.819144 0.994099 0.903828 0.951196 0.889217 0.863807 0.933978 0.885285 0.861596 0.720366 0.613618 0.762553 0.942320 0.963411 0.949582 0.963715 0.904485 0.749581 0.931830 0.801407 0.794147 0.927642 0.986480 0.775023 0.854899 0.947290 0.886695 0.941135 0.857777 0.849075 0.996572 0.955361 0.841173 0.951288 0.989133 0.771802 0.795537 0.772449 0.815946 0.786829 0.814716 0.819453 0.742332 0.798475 0.795004 0.662364 0.968927 0.968225 0.979249 0.995040 0.655086 0.528355 0.517128 0.550684 0.828780 0.772918 0.751611 0.758110 0.732933 0.736499 0.925221 0.867751 0.883476 0.888173 0.971387 0.984053 0.985598 0.949619 0.906657 0.991875 0.948213 0.614870 0.866097 0.960704 0.829768 0.812896 0.749155 0.738070 0.696119 0.717792 0.966098 0.961994 0.941066 0.924115 0.909872 0.873640 0.886795 0.976314 0.891173 0.997430 0.769059 0.949091 0.992520 0.903706 0.943321 0.970674 0.953434 0.991274 0.917452 0.897440 0.873798 0.987762
0.999504 0.963271 0.878295 0.878006 0.000000 0.693092 0.799188 0.832964 0.726069 0.739067 0.803073 0.820442 0.640230 0.774763 0.630498 0.811466 0.863455 0.946397 0.781095 0.911125 0.874023 0.969526 0.764249 0.999463 0.643562 0.619038 0.975792 0.761978 0.761587 0.768754 0.944883 0.981363 0.855356 0.896023 0.969556 0.964999 0.931304 0.863726 0.987912 0.986754 0.949644 0.917431 0.917377 0.843262 0.703411 0.756786 0.989267 0.903312 0.788449 0.954675 0.804651 0.866723 0.708057 0.837844 0.991887 0.820920 0.862803 0.984265 0.965818 0.955800 0.755998 0.748623 0.828097 0.782703 0.697763 0.738023 0.944491 0.904545 0.965433 0.972690 0.806168 0.840466 0.874919 0.957946 0.875840 0.965261 0.787220 0.779066 0.849782 0.915378 0.829987 0.924547 0.838237 0.780368 0.788070 0.980230 0.873332 0.852311 0.872918 0.933051 0.780019 0.797619 0.855366 0.964574 0.930715 0.867266 0.871653 0.826125 0.823589 0.829264 0.813472 0.865235 0.925466 0.981321 0.812925 0.959715 0.788834 0.923114 0.785819 0.853073 0.779340 0.706886 0.892169 0.939069 0.972074 0.978341
0.661391 0.776771 0.933182 0.760573 0.693092 0.000000 0.564158 0.483415 0.707118 0.521333 0.725024 0.679604 0.724824 0.781223 0.668277 0.683819 0.610872 0.624122 0.553825 0.730590 0.809139 0.988773 0.625552 0.801021 0.770896 0.886377 0.841433 0.896698 0.612183 0.678986 0.633401 0.831083 0.593473 0.588108 0.797109 0.986982 0.829551 0.976388 0.949902 0.935237 0.973129 0.913411 0.567227 0.537949 0.457956 0.471468 0.657511 0.565093 0.533201 0.548662 0.484660 0.634851 0.581657 0.684466 0.714314 0.559263 0.857411 0.775294 0.677367 0.626266 0.543309 0.575222 0.656699 0.574089 0.896251 0.869172 0.601612 0.630122 0.922333 0.755817 0.731120 0.835999 0.893732 0.957519 0.898847 0.990062 0.577259 0.709317 0.788388 0.594032 0.540693 0.585333 0.834753 0.817157 0.585804 0.631358 0.901938 0.937135 0.824781 0.898144 0.525647 0.707623 0.564411 0.969849 0.861178 0.923460 0.845379 0.871401 0.491208 0.610935 0.677868 0.658355 0.591832 0.855762 0.800128 0.950289 0.974990 0.882197 0.834582 0.937468 0.832603 0.699646 0.779979 0.848440 0.876418 0.862313
0.589888 0.758837 0.654017 0.954784 0.799188 0.564158 0.000000 0.249628 0.646136 0.330323 0.421021 0.491457 0.445634 0.641268 0.573690 0.866511 0.416749 0.493942 0.418649 0.632569 0.881385 0.875210 0.959735 0.758730 0.609320 0.763059 0.555391 0.956628 0.366388 0.466862 0.509724 0.716654 0.396953 0.354528 0.912436 0.965677 0.858415 0.742361 0.878577 0.963117 0.870963 0.943124 0.424825 0.390622 0.483160 0.432843 0.446875 0.485839 0.584656 0.789742 0.639099 0.990849 0.917430 0.871280 0.707556 0.638112 0.744123 0.826803 0.448090 0.720525 0.236380 0.435736 0.335846 0.367426 0.793202 0.867572 0.654750 0.583884 0.952232 0.785689 0.893422 0.967947 0.883338 0.988778 0.969660 0.988228 0.516056 0.871642 0.600907 0.647826 0.388539 0.428669 0.804928 0.758927 0.585830 0.816569 0.842274 0.822204 0.992001 0.817937 0.743052 0.949624 0.890160 0.625669 0.882316 0.900530 0.803313 0.914891 0.563064 0.629816 0.541283 0.825709 0.562687 0.774421 0.656845 0.915754 0.835595 0.909681 0.763661 0.731700 0.781774 0.874602 0.752111 0.838566 0.901230 0.913881
0.551104 0.650575 0.687007 0.810643 0.832964 0.483415 0.249628 0.000000 0.581199 0.312567 0.481627 0.457991 0.485142 0.599608 0.566421 0.781916 0.452551 0.483394 0.385860 0.593867 0.882710 0.904556 0.814278 0.941511 0.678931 0.807074 0.612851 0.943343 0.388810 0.467520 0.501372 0.726138 0.368619 0.355435 0.830299 0.920067 0.859952 0.848715 0.958410 0.984729 0.908607 0.935409 0.408965 0.352912 0.405417 0.361354 0.448578 0.478731 0.467972 0.639519 0.560687 0.840354 0.761066 0.997890 0.593611 0.596293 0.653761 0.708373 0.437740 0.594266 0.273353 0.357494 0.381872 0.360732 0.806108 0.784509 0.558437 0.484817 0.958496 0.643360 0.729820 0.799056 0.894337 0.952187 0.887918 0.947858 0.496709 0.834740 0.663258 0.612368 0.380927 0.481567 0.760302 0.733595 0.545269 0.723412 0.823232 0.888020 0.902347 0.946857 0.658862 0.885546 0.767301 0.780018 0.832664 0.949103 0.770169 0.928506 0.448130 0.582887 0.548140 0.741391 0.521308 0.675897 0.582283 0.936272 0.863612 0.910856 0.823555 0.763652 0.755948 0.880671 0.766500 0.776162 0.891900 0.875566
0.834617 0.876827 0.847731 0.947793 0.726069 0.707118 0.646136 0.581199 0.000000 0.507408 0.754887 0.740374 0.639747 0.779583 0.788772 0.845161 0.882222 0.911060 0.678411 0.902309 0.684348 0.958219 0.865503 0.875726 0.891991 0.868187 0.932884 0.922257 0.751645 0.795118 0.777133 0.963264 0.799384 0.773949 0.933757 0.954487 0.909962 0.943066 0.900421 0.883975 0.781613 0.981796 0.755922 0.773047 0.712865 0.751075 0.830221 0.819045 0.736244 0.951448 0.915741 0.964650 0.855849 0.946536 0.703932 0.794955 0.949568 0.870540 0.893281 0.923445 0.654746 0.464467 0.853151 0.769898 0.902002 0.874609 0.939864 0.985395 0.789040 0.744211 0.702823 0.849185 0.997577 0.969666 0.891349 0.908440 0.796298 0.842871 0.914686 0.934533 0.805733 0.902798 0.813932 0.903228 0.723451 0.989762 0.851403 0.951015 0.856038 0.990590 0.782228 0.812028 0.905258 0.962066 0.945641 0.968091 0.910511 0.820672 0.750847 0.861100 0.792618 0.809602 0.941512 0.919578 0.954151 0.980770 0.842355 0.794784 0.914492 0.788231 0.870755 0.939405 0.891535 0.921844 0.815805 0.981650
0.664167 0.765701 0.917667 0.922564 0.739067 0.521333 0.330323 0.312567 0.507408 0.000000 0.590605 0.540619 0.481612 0.580445 0.535967 0.778840 0.586849 0.583990 0.431992 0.620788 0.832203 0.973916 0.797789 0.782899 0.587078 0.815567 0.662017 0.888311 0.442159 0.542492 0.494630 0.846771 0.464985 0.461696 0.945526 0.976696 0.751388 0.865846 0.977173 0.886791 0.858657 0.948743 0.424673 0.388217 0.339136 0.346079 0.521920 0.536997 0.416356 0.680484 0.606731 0.862489 0.749834 0.951052 0.711692 0.653717 0.862216 0.853480 0.643587 0.733525 0.359966 0.343496 0.544923 0.488458 0.656114 0.963735 0.784232 0.687921 0.983538 0.741161 0.714889 0.825184 0.971471 0.988575 0.987743 0.907163 0.539943 0.859811 0.812795 0.703168 0.518760 0.658550 0.801972 0.857822 0.616644 0.936689 0.887248 0.820434 0.958499 0.908348 0.554876 0.768385 0.664776 0.900703 0.909028 0.837221 0.844810 0.816337 0.429447 0.522332 0.575472 0.711959 0.586566 0.758401 0.757676 0.967439 0.837494 0.964045 0.788823 0.743954 0.706370 0.763246 0.759083 0.788256 0.844048 0.895479
0.563168 0.765558 0.901563 0.878253 0.803073 0.725024 0.421021 0.481627 0.754887 0.590605 0.000000 0.388739 0.372612 0.490178 0.526792 0.706805 0.540963 0.538323 0.506909 0.707414 0.947868 0.832281 0.913407 0.894975 0.516961 0.659118 0.641356 0.845443 0.445118 0.427082 0.715188 0.805742 0.444862 0.446983 0.979396 0.956685 0.890557 0.720668 0.761853 0.840062 0.947464 0.926809 0.596807 0.516236 0.577477 0.517363 0.608167 0.563887 0.633593 0.837427 0.689449 0.974814 0.993078 0.863745 0.760024 0.785314 0.805622 0.856699 0.542958 0.836343 0.319827 0.502487 0.368225 0.396973 0.686264 0.950223 0.794969 0.763496 0.990919 0.821821 0.949829 0.992386 0.986110 0.862395 0.869834 0.898167 0.687947 0.792559 0.678373 0.647879 0.412690 0.459289 0.662442 0.627315 0.570906 0.777539 0.827387 0.965534 0.767774 0.930096 0.918180 0.739502 0.951395 0.538377 0.899907 0.982408 0.853955 0.966994 0.666213 0.861259 0.534861 0.916707 0.617368 0.771859 0.723695 0.957541 0.956356 0.752251 0.758249 0.795369 0.841141 0.937882 0.786879 0.853905 0.955035 0.985447
0.396909 0.627206 0.925504 0.894355 0.820442 0.679604 0.491457 0.457991 0.740374 0.540619 0.388739 0.000000 0.320553 0.332689 0.423957 0.461285 0.491227 0.424233 0.429907 0.617468 0.799490 0.867976 0.646134 0.881230 0.505374 0.654456 0.773177 0.858437 0.410528 0.374350 0.553135 0.733165 0.395270 0.468586 0.956751 0.915334 0.845435 0.877179 0.817579 0.936343 0.968509 0.955517 0.589290 0.466924 0.426461 0.423617 0.619784 0.602314 0.454633 0.645203 0.675876 0.837848 0.810176 0.947921 0.710621 0.745089 0.711270 0.701746 0.605567 0.782589 0.361743 0.409371 0.443231 0.341850 0.705611 0.981144 0.752053 0.753550 0.869846 0.607947 0.768490 0.783777 0.975581 0.957435 0.901836 0.991514 0.630856 0.822401 0.692096 0.575613 0.341020 0.443643 0.515530 0.631798 0.399084 0.666611 0.825830 0.934085 0.645629 0.900063 0.825419 0.904098 0.964384 0.761287 0.903373 0.951604 0.878954 0.959316 0.520144 0.609199 0.607717 0.730327 0.480756 0.664011 0.715358 0.927427 0.948824 0.885758 0.815525 0.793848 0.783669 0.752915 0.742688 0.692276 0.943902 0.967108
0.522842 0.744766 0.995747 0.743375 0.640230 0.724824 0.445634 0.485142 0.639747 0.481612 0.372612 0.320553 0.000000 0.304859 0.329113 0.531728 0.553805 0.551497 0.484619 0.678244 0.798628 0.906451 0.691136 0.932943 0.408216 0.507104 0.724740 0.897462 0.373518 0.347399 0.611414 0.795375 0.397746 0.506969 0.974026 0.947189 0.885090 0.711019 0.822070 0.877376 0.902440 0.904554 0.623793 0.524784 0.449634 0.432221 0.649641 0.584302 0.515302 0.801194 0.736660 0.969242 0.895742 0.852964 0.814995 0.746902 0.873588 0.789463 0.660957 0.899841 0.298421 0.386962 0.434421 0.342095 0.620107 0.873592 0.902266 0.832897 0.962043 0.722103 0.765156 0.861055 0.995120 0.923880 0.955589 0.900542 0.633330 0.824653 0.780428 0.677977 0.400762 0.536092 0.503176 0.629615 0.448448 0.823499 0.890191 0.937154 0.718549 0.965881 0.924693 0.877448 0.915964 0.646703 0.941178 0.913700 0.830486 0.936035 0.587053 0.681070 0.573435 0.794285 0.570444 0.705448 0.882757 0.882890 0.949455 0.892447 0.742270 0.835933 0.737535 0.804078 0.768952 0.763820 0.911298 0.996494
0.523278 0.703282 0.847698 0.737432 0.774763 0.781223 0.641268 0.599608 0.779583 0.580445 0.490178 0.332689 0.304859 0.000000 0.323095 0.430765 0.631604 0.530306 0.572234 0.594969 0.879389 0.939390 0.583797 0.914823 0.447552 0.638937 0.767676 0.963386 0.463205 0.432926 0.697399 0.807936 0.493115 0.609670 0.942091 0.978850 0.831781 0.825209 0.912393 0.909053 0.951235 0.827433 0.676622 0.530591 0.440920 0.436649 0.673586 0.660629 0.441713 0.713114 0.730813 0.829803 0.838500 0.979382 0.817051 0.820498 0.912812 0.723410 0.836790 0.889949 0.458342 0.421448 0.569919 0.434015 0.667195 0.865500 0.914924 0.895643 0.929436 0.677129 0.725461 0.752612 0.940999 0.933437 0.930374 0.979451 0.676940 0.894781 0.802810 0.614798 0.472222 0.571697 0.454919 0.686231 0.419238 0.810697 0.976850 0.907553 0.631655 0.846886 0.864627 0.981632 0.962246 0.796762 0.876252 0.973914 0.842159 0.946295 0.542654 0.673286 0.610986 0.730390 0.580135 0.703550 0.808228 0.962591 0.988221 0.888047 0.778068 0.857417 0.730683 0.826540 0.758889 0.698266 0.942038 0.908536
0.612819 0.783116 0.923054 0.819144 0.630498 0.668277 0.573690 0.566421 0.788772 0.535967 0.526792 0.423957 0.329113 0.323095 0.000000 0.429063 0.632538 0.545227 0.602193 0.635076 0.899222 0.903652 0.486608 0.881904 0.443331 0.544831 0.780339 0.893362 0.425965 0.404133 0.696017 0.788790 0.443831 0.581192 0.992185 0.983850 0.836928 0.805542 0.920487 0.871150 0.982847 0.901004 0.682069 0.586948 0.420066 0.418688 0.688664 0.624227 0.441355 0.678745 0.646377 0.785923 0.757302 0.945885 0.884482 0.782201 0.994514 0.772807 0.818095 0.926946 0.452392 0.534904 0.522100 0.436123 0.644974 0.741449 0.887788 0.879016 0.940124 0.701511 0.694356 0.743493 0.992071 0.988421 0.880814 0.927005 0.657833 0.987270 0.811681 0.666713 0.494480 0.607088 0.466106 0.583318 0.408769 0.758941 0.963925 0.865011 0.666967 0.872745 0.866675 0.978442 0.931252 0.788659 0.946640 0.956395 0.938293 0.922895 0.538356 0.642922 0.626329 0.818719 0.576628 0.705126 0.893471 0.877946 0.931568 0.864524 0.936357 0.963212 0.768877 0.671444 0.855365 0.781698 0.911357 0.936882
0.579647 0.793637 0.789730 0.994099 0.811466 0.683819 0.866511 0.781916 0.845161 0.778840 0.706805 0.461285 0.531728 0.430765 0.429063 0.000000 0.740651 0.614924 0.698235 0.738185 0.829433 0.930147 0.331351 0.581475 0.643431 0.623296 0.992449 0.878090 0.673514 0.507872 0.771706 0.728301 0.637886 0.744022 0.960169 0.927497 0.876630 0.948002 0.990329 0.892462 0.807691 0.817429 0.875355 0.709232 0.559381 0.590240 0.908170 0.712042 0.566453 0.613648 0.672844 0.634200 0.677390 0.823850 0.833567 0.816396 0.986337 0.766766 0.910165 0.863072 0.672266 0.700619 0.708417 0.567521 0.876421 0.834837 0.830004 0.927933 0.944279 0.714026 0.655953 0.715548 0.891208 0.918089 0.870575 0.968701 0.848084 0.932505 0.891075 0.691229 0.613656 0.682429 0.402093 0.684544 0.402415 0.544216 0.931320 0.730969 0.509736 0.608327 0.838722 0.867582 0.845746 0.971298 0.886154 0.987978 0.939042 0.986188 0.632541 0.674412 0.876477 0.782136 0.615610 0.937703 0.848306 0.818337 0.943974 0.872990 0.962720 0.958236 0.820524 0.763248 0.834574 0.804086 0.856744 0.966885
0.440369 0.541902 0.808117 0.903828 0.863455 0.610872 0.416749 0.452551 0.882222 0.586849 0.540963 0.491227 0.553805 0.631604 0.632538 0.740651 0.000000 0.367055 0.506839 0.632146 0.923556 0.813272 0.847018 0.996918 0.669943 0.705599 0.707234 0.902774 0.372402 0.426963 0.559514 0.688422 0.470429 0.422157 0.851418 0.934517 0.861429 0.795233 0.868234 0.957781 0.986556 0.807656 0.542246 0.490219 0.563221 0.513135 0.453336 0.493599 0.619310 0.667879 0.573595 0.833893 0.848579 0.985952 0.616675 0.631579 0.566148 0.607695 0.403596 0.534836 0.397809 0.606045 0.333178 0.335021 0.810571 0.935222 0.523763 0.567772 0.895283 0.692625 0.923999 0.869003 0.808994 0.987493 0.968725 0.974699 0.528820 0.741053 0.513160 0.750396 0.362216 0.415507 0.699785 0.709434 0.590486 0.706941 0.860585 0.949819 0.866528 0.991621 0.698597 0.909648 0.849276 0.745979 0.919748 0.853062 0.766298 0.906247 0.552837 0.556637 0.569221 0.754799 0.527286 0.792854 0.694901 0.696747 0.985052 0.917289 0.805560 0.669645 0.848595 0.746138 0.634611 0.718859 0.887603 0.794696
0.435610 0.600375 0.855481 0.951196 0.946397 0.624122 0.493942 0.483394 0.911060 0.583990 0.538323 0.424233 0.551497 0.530306 0.545227 0.614924 0.367055 0.000000 0.471068 0.489982 0.942994 0.919863 0.713486 0.856910 0.672215 0.832511 0.725806 0.994333 0.366495 0.351750 0.518525 0.588774 0.428272 0.463845 0.956451 0.842678 0.885506 0.912417 0.863052 0.924036 0.924772 0.891875 0.500051 0.481729 0.523220 0.419449 0.493387 0.498329 0.507892 0.560772 0.497447 0.752158 0.842294 0.930966 0.693520 0.645391 0.619197 0.622549 0.477740 0.591030 0.447713 0.610984 0.363234 0.343442 0.782222 0.958486 0.510121 0.563212 0.896554 0.645247 0.856225 0.826993 0.775711 0.912748 0.997788 0.933442 0.695496 0.852635 0.467121 0.577623 0.311911 0.403444 0.651117 0.640114 0.531449 0.633061 0.846220 0.940705 0.837384 0.966568 0.769316 0.855896 0.839900 0.702099 0.783847 0.973037 0.843965 0.918531 0.524021 0.560898 0.638081 0.800986 0.397588 0.738009 0.631624 0.749834 0.922374 0.779859 0.864018 0.764309 0.767154 0.759991 0.685567 0.740448 0.984516 0.881714
0.565186 0.702409 0.849626 0.889217 0.781095 0.553825 0.418649 0.385860 0.678411 0.431992 0.506909 0.429907 0.484619 0.572234 0.602193 0.698235 0.506839 0.471068 0.000000 0.486538 0.740038 0.875179 0.784617 0.989211 0.616159 0.821986 0.674491 0.915842 0.409652 0.470737 0.533330 0.657444 0.469722 0.414664 0.917317 0.946064 0.830326 0.882685 0.926410 0.897212 0.944310 0.919605 0.425349 0.351851 0.420561 0.388907 0.541944 0.516650 0.545997 0.654693 0.632248 0.858073 0.832366 0.988421 0.695947 0.665024 0.717277 0.797922 0.557739 0.688942 0.386244 0.405398 0.480320 0.439793 0.774159 0.784345 0.599461 0.580391 0.877700 0.756085 0.738850 0.748511 0.772847 0.838443 0.929385 0.984347 0.624503 0.747579 0.694036 0.639951 0.440426 0.475851 0.685046 0.656911 0.582700 0.772545 0.830020 0.959641 0.794886 0.978479 0.635074 0.998071 0.797561 0.806485 0.869067 0.978188 0.895622 0.975222 0.499808 0.606949 0.673878 0.740639 0.449718 0.724530 0.737449 0.974347 0.984571 0.840908 0.706378 0.785506 0.796964 0.744351 0.718181 0.728667 0.823539 0.882246
0.684661 0.632471 0.844131 0.863807 0.911125 0.730590 0.632569 0.593867 0.902309 0.620788 0.707414 0.617468 0.678244 0.594969 0.635076 0.738185 0.632146 0.489982 0.486538 0.000000 0.985095 0.901183 0.756155 0.861725 0.805721 0.978966 0.834314 0.875650 0.539066 0.558511 0.653919 0.695029 0.555122 0.576814 0.990916 0.884302 0.946596 0.999556 0.986921 0.918536 0.985755 0.963725 0.614642 0.532943 0.572010 0.516850 0.546063 0.640737 0.595543 0.633650 0.606009 0.768952 0.889435 0.945682 0.701198 0.708414 0.723145 0.672099 0.660355 0.711277 0.604524 0.603293 0.585946 0.528605 0.887906 0.813756 0.594046 0.606253 0.792380 0.662164 0.795208 0.791460 0.912524 0.730228 0.899239 0.950872 0.724744 0.998368 0.627657 0.536056 0.577398 0.563957 0.736692 0.662245 0.616565 0.722044 0.900834 0.873022 0.793072 0.983593 0.781049 0.944420 0.872175 0.830350 0.763015 0.935100 0.886848 0.876749 0.645872 0.641917 0.865727 0.928095 0.654956 0.640724 0.683510 0.970753 0.987802 0.864290 0.817812 0.861778 0.886578 0.793511 0.940411 0.825435 0.963382 0.882621
0.860399 0.982632 0.950767 0.933978 0.874023 0.809139 0.881385 0.882710 0.684348 0.832203 0.947868 0.799490 0.798628 0.879389 0.899222 0.829433 0.923556 0.942994 0.740038 0.985095 0.000000 0.963206 0.862916 0.924326 0.858960 0.851630 0.812776 0.991172 0.908523 0.950257 0.969579 0.998429 0.973562 0.887543 0.976646 0.990705 0.857498 0.845775 0.741277 0.999864 0.995532 0.991049 0.883019 0.867623 0.822152 0.833632 0.986725 0.814294 0.879396 0.925424 0.887213 0.911578 0.828311 0.861386 0.971859 0.871659 0.917535 0.967850 0.972443 0.915962 0.862907 0.780707 0.952586 0.886385 0.946796 0.994181 0.971256 0.937676 0.910285 0.819148 0.825006 0.797910 0.981811 0.992058 0.858403 0.940736 0.988244 0.907571 0.978534 0.927634 0.910757 0.904873 0.837086 0.905419 0.840774 0.963840 0.940641 0.904400 0.857470 0.890054 0.774197 0.855948 0.888868 0.964850 0.972127 0.886719 0.958260 0.906035 0.908376 0.853556 0.941533 0.767479 0.890134 0.928422 0.991687 0.883279 0.939903 0.983760 0.858266 0.879260 0.930127 0.914536 0.924541 0.873268 0.799688 0.902635
0.807689 0.780342 0.904783 0.885285 0.969526 0.988773 0.875210 0.904556 0.958219 0.973916 0.832281 0.867976 0.906451 0.939390 0.903652 0.930147 0.813272 0.919863 0.875179 0.901183 0.963206 0.000000 0.934139 0.797587 0.989670 0.935376 0.908489 0.943685 0.877277 0.944659 0.963842 0.979817 0.864015 0.895906 0.837191 0.796904 0.875951 0.995524 0.847759 0.853385 0.887347 0.884179 0.875363 0.902457 0.986155 0.958174 0.828191 0.905612 0.887017 0.995571 0.993602 0.932939 0.963801 0.940994 0.959243 0.989553 0.768136 0.858243 0.902630 0.898673 0.889215 0.900815 0.922618 0.931540 0.987082 0.967062 0.972020 0.927393 0.886480 0.953207 0.881133 0.893620 0.907691 0.961406 0.997448 0.916491 0.982457 0.903309 0.998771 0.979392 0.959206 0.904830 0.908122 0.944243 0.958064 0.921691 0.873844 0.787476 0.898761 0.910655 0.939873 0.849007 0.946315 0.880874 0.868612 0.924886 0.898839 0.904630 0.952396 0.988900 0.903799 0.957073 0.987145 0.982855 0.960173 0.953574 0.819104 0.954636 0.895518 0.892905 0.926956 0.941846 0.917003 0.989016 0.832716 0.858065
0.650987 0.761408 0.856467 0.861596 0.764249 0.625552 0.959735 0.814278 0.865503 0.797789 0.913407 0.646134 0.691136 0.583797 0.486608 0.331351 0.847018 0.713486 0.784617 0.756155 0.862916 0.934139 0.000000 0.497321 0.794792 0.755059 0.842463 0.928313 0.761214 0.649571 0.803377 0.758087 0.692918 0.858159 0.907304 0.946611 0.839385 0.922964 0.867823 0.928418 0.836326 0.899297 0.843106 0.751519 0.572767 0.609429 0.902384 0.806850 0.555777 0.529504 0.667786 0.541033 0.574307 0.695642 0.870952 0.792182 0.990514 0.721884 0.998379 0.846493 0.810761 0.781145 0.888603 0.736897 0.957089 0.888673 0.795669 0.899051 0.943401 0.620424 0.562342 0.616829 0.875638 0.962986 0.977462 0.997177 0.783789 0.929446 0.985632 0.695133 0.734419 0.796686 0.479421 0.718771 0.447311 0.497711 0.940553 0.676831 0.569345 0.471437 0.765630 0.683875 0.697880 0.825743 0.849165 0.994932 0.981755 0.981463 0.670130 0.650497 0.935173 0.766637 0.664051 0.895565 0.949366 0.893851 0.900270 0.870215 0.946812 0.837160 0.762445 0.723335 0.952044 0.876236 0.902857 0.991529
0.834794 0.807865 0.945886 0.720366 0.999463 0.801021 0.758730 0.941511 0.875726 0.782899 0.894975 0.881230 0.932943 0.914823 0.881904 0.581475 0.996918 0.856910 0.989211 0.861725 0.924326 0.797587 0.497321 0.000000 0.921621 0.940126 0.714334 0.958781 0.931046 0.932965 0.979279 0.811484 0.949264 0.959070 0.859419 0.799882 0.931574 0.795101 0.948894 0.947713 0.741238 0.980094 0.882736 0.976034 0.920958 0.933341 0.932762 0.943246 0.903583 0.653841 0.807835 0.614260 0.740440 0.698400 0.897413 0.856815 0.918349 0.766405 0.980871 0.831199 0.863865 0.895251 0.937435 0.943608 0.773253 0.882157 0.656480 0.836796 0.896870 0.613851 0.780066 0.725770 0.994571 0.916231 0.803797 0.888662 0.984026 0.986293 0.938768 0.811352 0.893234 0.866078 0.728642 0.847122 0.762543 0.466261 0.911001 0.635684 0.673102 0.568606 0.877383 0.848903 0.817239 0.788828 0.860581 0.898162 0.887347 0.964872 0.888579 0.832847 0.826662 0.863457 0.829017 0.881877 0.875220 0.882950 0.748829 0.766371 0.953888 0.792912 0.964604 0.861281 0.962227 0.876953 0.978738 0.909615
0.696226 0.992424 0.636274 0.613618 0.643562 0.770896 0.609320 0.678931 0.891991 0.587078 0.516961 0.505374 0.408216 0.447552 0.443331 0.643431 0.669943 0.672215 0.616159 0.805721 0.858960 0.989670 0.794792 0.921621 0.000000 0.510154 0.699693 0.925235 0.550167 0.564671 0.789777 0.908261 0.550632 0.734870 0.829209 0.981318 0.789862 0.744418 0.984182 0.845078 0.913563 0.842451 0.739365 0.623954 0.433037 0.469947 0.790596 0.679967 0.547262 0.816770 0.759369 0.912258 0.876285 0.959190 0.889695 0.899424 0.928449 0.959907 0.839409 0.985460 0.482522 0.555967 0.587614 0.506013 0.448692 0.723354 0.994959 0.959953 0.816726 0.906524 0.887113 0.969473 0.888511 0.863704 0.939050 0.886127 0.652027 0.835883 0.850883 0.694994 0.537220 0.715892 0.696095 0.784279 0.639880 0.966240 0.943650 0.949248 0.727856 0.953982 0.779179 0.976262 0.895843 0.721148 0.920426 0.994331 0.907573 0.968115 0.538977 0.701378 0.581862 0.770327 0.580692 0.772110 0.886067 0.856252 0.882693 0.960138 0.756084 0.954851 0.673785 0.697786 0.668879 0.781626 0.996828 0.949331
0.739636 0.900730 0.756167 0.762553 0.619038 0.886377 0.763059 0.807074 0.868187 0.815567 0.659118 0.654456 0.507104 0.638937 0.544831 0.623296 0.705599 0.832511 0.821986 0.978966 0.851630 0.935376 0.755059 0.940126 0.510154 0.000000 0.930005 0.805161 0.742986 0.663272 0.902491 0.939990 0.748647 0.864139 0.879857 0.932685 0.921946 0.814678 0.928902 0.940712 0.990257 0.891964 0.924490 0.838013 0.720125 0.723778 0.996263 0.817785 0.744428 0.863904 0.814389 0.877427 0.809183 0.964233 0.964293 0.908239 0.952245 0.908700 0.887523 0.997356 0.655489 0.739082 0.674457 0.614092 0.629013 0.638166 0.947610 0.936217 0.847347 0.977313 0.897857 0.992345 0.885766 0.818390 0.876766 0.923364 0.831790 0.822167 0.940546 0.919565 0.748871 0.880119 0.657418 0.774727 0.691107 0.896234 0.976895 0.920947 0.745157 0.897376 0.921997 0.980411 0.946592 0.800793 0.865473 0.929050 0.990645 0.928625 0.797654 0.760084 0.802282 0.962970 0.760058 0.870056 0.951541 0.852384 0.907486 0.998178 0.975325 0.959929 0.883576 0.766622 0.948843 0.978441 0.842166 0.988534
0.840752 0.956762 0.883525 0.942320 0.975792 0.841433 0.555391 0.612851 0.932884 0.662017 0.641356 0.773177 0.724740 0.767676 0.780339 0.992449 0.707234 0.725806 0.674491 0.834314 0.812776 0.908489 0.842463 0.714334 0.699693 0.930005 0.000000 0.927448 0.650286 0.712456 0.715713 0.863766 0.720102 0.613920 0.942182 0.890859 0.833380 0.687966 0.989691 0.915386 0.990821 0.861384 0.717426 0.678670 0.707070 0.688100 0.613073 0.737137 0.774060 0.879530 0.876022 0.887683 0.832842 0.817483 0.846496 0.924035 0.984216 0.934756 0.726016 0.915496 0.578325 0.742571 0.633480 0.676010 0.770872 0.988569 0.793047 0.681597 0.703883 0.868812 0.907823 0.969525 0.987072 0.996736 0.933529 0.993041 0.835799 0.993031 0.790064 0.857650 0.662907 0.721578 0.953627 0.973428 0.935869 0.951840 0.862318 0.767527 0.908749 0.745707 0.946909 0.849222 0.997848 0.681448 0.889730 0.968184 0.987200 0.956544 0.750492 0.870752 0.732881 0.992623 0.765692 0.903650 0.811845 0.934669 0.855293 0.948742 0.942087 0.763498 0.901484 0.985854 0.751811 0.874476 0.999922 0.868137
0.979732 0.866027 0.959118 0.963411 0.761978 0.896698 0.956628 0.943343 0.922257 0.888311 0.845443 0.858437 0.897462 0.963386 0.893362 0.878090 0.902774 0.994333 0.915842 0.875650 0.991172 0.943685 0.928313 0.958781 0.925235 0.805161 0.927448 0.000000 0.977348 0.941343 0.954165 0.976224 0.978462 0.960883 0.933852 0.848793 0.840195 0.800429 0.911140 0.976097 0.830705 0.979111 0.841295 0.902028 0.989837 0.922450 0.971300 0.934717 0.961268 0.937567 0.921533 0.906189 0.932559 0.942473 0.848792 0.994297 0.888655 0.899729 0.913006 0.834641 0.917883 0.923431 0.943842 0.927693 0.974288 0.871124 0.983245 0.952357 0.934211 0.813284 0.956103 0.886373 0.892318 0.862452 0.972896 0.904986 0.983101 0.892690 0.932302 0.902259 0.914042 0.872652 0.933644 0.986851 0.860109 0.809745 0.991518 0.945865 0.957030 0.911995 0.932799 0.931524 0.922726 0.943982 0.939504 0.969740 0.843753 0.940570 0.936000 0.900838 0.945085 0.998925 0.907720 0.958128 0.799820 0.904008 0.842609 0.990394 0.927410 0.973849 0.952926 0.946575 0.977611 0.835672 0.912001 0.997164
0.542085 0.681530 0.831414 0.949582 0.761587 0.612183 0.366388 0.388810 0.751645 0.442159 0.445118 0.410528 0.373518 0.463205 0.425965 0.673514 0.372402 0.366495 0.409652 0.539066 0.908523 0.877277 0.761214 0.931046 0.550167 0.742986 0.650286 0.977348 0.000000 0.309462 0.434788 0.646814 0.379772 0.350583 0.894299 0.998078 0.883749 0.763553 0.855465 0.826206 0.946919 0.975205 0.519482 0.443243 0.449267 0.361274 0.465918 0.491155 0.507705 0.670948 0.603294 0.906001 0.874199 0.943455 0.708610 0.603999 0.713600 0.741932 0.515819 0.735030 0.330852 0.493497 0.323134 0.323738 0.601680 0.955942 0.649590 0.635019 0.952806 0.732794 0.788966 0.797869 0.842335 0.955600 0.991745 0.897592 0.546452 0.911792 0.514936 0.590121 0.288661 0.369945 0.660530 0.610422 0.530237 0.787560 0.919195 0.944147 0.889449 0.978565 0.815803 0.851898 0.948972 0.638611 0.945146 0.936840 0.788570 0.900656 0.544763 0.625642 0.487607 0.741620 0.514184 0.668100 0.748046 0.834619 0.948479 0.787401 0.734518 0.741549 0.784806 0.723457 0.702168 0.663889 0.976532 0.810647
0.525076 0.665127 0.897761 0.963715 0.768754 0.678986 0.466862 0.467520 0.795118 0.542492 0.427082 0.374350 0.347399 0.432926 0.404133 0.507872 0.426963 0.351750 0.470737 0.558511 0.950257 0.944659 0.649571 0.932965 0.564671 0.663272 0.712456 0.941343 0.309462 0.000000 0.539082 0.591265 0.350489 0.366611 0.941254 0.969249 0.893912 0.827190 0.829146 0.794118 0.915154 0.944246 0.588763 0.504434 0.499898 0.414781 0.568466 0.558353 0.545486 0.674650 0.591370 0.861879 0.929310 0.911354 0.683126 0.622880 0.706853 0.729187 0.511718 0.745814 0.352969 0.534769 0.334259 0.293380 0.681938 0.945243 0.647615 0.609956 0.935891 0.696592 0.738021 0.884223 0.829168 0.862894 0.931979 0.928525 0.685773 0.850588 0.590897 0.583292 0.354008 0.449706 0.531350 0.582783 0.498627 0.681300 0.882528 0.826929 0.743821 0.956936 0.938390 0.770817 0.959462 0.585646 0.937064 0.924196 0.788400 0.986404 0.597340 0.653833 0.635113 0.847583 0.482612 0.767760 0.740666 0.734892 0.979905 0.853192 0.838011 0.791868 0.816610 0.789688 0.745981 0.712799 0.975093 0.919783
0.673433 0.771782 0.738948 0.904485 0.944883 0.633401 0.509724 0.501372 0.777133 0.494630 0.715188 0.553135 0.611414 0.697399 0.696017 0.771706 0.559514 0.518525 0.533330 0.653919 0.969579 0.963842 0.803377 0.979279 0.789777 0.902491 0.715713 0.954165 0.434788 0.539082 0.000000 0.597137 0.500312 0.492690 0.903274 0.998945 0.952485 0.871226 0.990003 0.929745 0.876949 0.986249 0.614594 0.573084 0.589833 0.551485 0.604558 0.638776 0.631673 0.713212 0.767404 0.951082 0.908208 0.906847 0.798898 0.674460 0.692106 0.801280 0.641239 0.857565 0.532134 0.624917 0.566898 0.507211 0.766998 0.997943 0.681864 0.667941 0.985627 0.814399 0.866321 0.737543 0.923788 0.984569 0.912121 0.799460 0.653956 0.979515 0.715488 0.662218 0.468039 0.596607 0.880504 0.805920 0.665258 0.801462 0.733258 0.871188 0.996563 0.990177 0.873633 0.910123 0.915126 0.813665 0.881471 0.891590 0.970463 0.960529 0.676669 0.604007 0.684459 0.737575 0.583508 0.807269 0.815350 0.867258 0.862341 0.993478 0.893169 0.806525 0.813229 0.853497 0.841511 0.767748 0.891205 0.848092
0.873160 0.999913 0.746536 0.749581 0.981363 0.831083 0.716654 0.726138 0.963264 0.846771 0.805742 0.733165 0.795375 0.807936 0.788790 0.728301 0.688422 0.588774 0.657444 0.695029 0.998429 0.979817 0.758087 0.811484 0.908261 0.939990 0.863766 0.976224 0.646814 0.591265 0.597137 0.000000 0.588835 0.622082 0.905222 0.814578 0.979994 0.951573 0.937340 0.779569 0.983514 0.924508 0.805015 0.732852 0.878388 0.730966 0.730102 0.753958 0.923577 0.879898 0.899239 0.953745 0.898589 0.800328 0.950484 0.795327 0.884560 0.972474 0.790491 0.920905 0.723524 0.889510 0.681161 0.685450 0.930002 0.794275 0.598610 0.601960 0.942881 0.905679 0.873451 0.866875 0.647743 0.837690 0.940720 0.952854 0.872272 0.959651 0.730229 0.767353 0.669670 0.596819 0.754405 0.669327 0.815947 0.639109 0.981917 0.786401 0.967813 0.809180 0.970691 0.819416 0.966550 0.789582 0.991224 0.884624 0.948416 0.990399 0.889161 0.857465 0.968745 0.995391 0.605007 0.956865 0.795056 0.827610 0.916610 0.770520 0.956942 0.961245 0.885264 0.985345 0.984631 0.995171 0.848390 0.980370
0.524499 0.735154 0.857106 0.931830 0.855356 0.593473 0.396953 0.368619 0.799384 0.464985 0.444862 0.395270 0.397746 0.493115 0.443831 0.637886 0.470429 0.428272 0.469722 0.555122 0.973562 0.864015 0.692918 0.949264 0.550632 0.748647 0.720102 0.978462 0.379772 0.350489 0.500312 0.588835 0.000000 0.403882 0.905073 0.964237 0.914376 0.863696 0.973094 0.932687 0.933409 0.985146 0.522618 0.427630 0.420984 0.364339 0.507582 0.516396 0.513601 0.676869 0.631707 0.882132 0.894106 0.886550 0.730704 0.691073 0.702473 0.727753 0.498877 0.749026 0.314934 0.476415 0.367912 0.312874 0.733186 0.904412 0.605715 0.517582 0.953905 0.636923 0.776527 0.853900 0.840419 0.865018 0.935698 0.853967 0.566634 0.828685 0.670093 0.544387 0.348677 0.467697 0.680051 0.619455 0.542088 0.672606 0.932398 0.967554 0.797134 0.938041 0.867759 0.865962 0.959942 0.646293 0.875800 0.962181 0.837163 0.976287 0.517378 0.636656 0.602062 0.842186 0.472120 0.614684 0.666328 0.842775 0.902536 0.870650 0.877467 0.869970 0.742262 0.794937 0.849055 0.856667 0.995804 0.985124
0.572206 0.676414 0.661579 0.801407 0.896023 0.588108 0.354528 0.355435 0.773949 0.461696 0.446983 0.468586 0.506969 0.609670 0.581192 0.744022 0.422157 0.463845 0.414664 0.576814 0.887543 0.895906 0.858159 0.959070 0.734870 0.864139 0.613920 0.960883 0.350583 0.366611 0.492690 0.622082 0.403882 0.000000 0.918208 0.925186 0.821565 0.856509 0.821992 0.818140 0.998265 0.948808 0.510940 0.393338 0.514798 0.422612 0.437001 0.555664 0.585677 0.676658 0.580211 0.896026 0.899390 0.934499 0.627769 0.617078 0.673005 0.797196 0.442698 0.687598 0.335666 0.535184 0.331665 0.359347 0.802392 0.859424 0.550863 0.476911 0.986279 0.735452 0.768066 0.808905 0.918061 0.927198 0.906900 0.992495 0.582990 0.877534 0.639245 0.665996 0.399193 0.407723 0.767038 0.647758 0.575033 0.656576 0.832562 0.964232 0.957311 0.923487 0.822207 0.853455 0.961095 0.598799 0.986172 0.932035 0.866450 0.971336 0.602269 0.677762 0.653892 0.794317 0.524998 0.811704 0.660090 0.857698 0.832250 0.764076 0.768338 0.761434 0.796533 0.864578 0.826524 0.801754 0.849222 0.900914
0.927252 0.915133 0.759891 0.794147 0.969556 0.797109 0.912436 0.830299 0.933757 0.945526 0.979396 0.956751 0.974026 0.942091 0.992185 0.960169 0.851418 0.956451 0.917317 0.990916 0.976646 0.837191 0.907304 0.859419 0.829209 0.879857 0.942182 0.933852 0.894299 0.941254 0.903274 0.905222 0.905073 0.918208 0.000000 0.896651 0.997022 0.905463 0.876238 0.966505 0.881732 0.803218 0.981014 0.999400 0.972447 0.960919 0.859949 0.941771 0.997287 0.887355 0.979210 0.963450 0.998255 0.974043 0.732208 0.863960 0.865186 0.834550 0.839315 0.789554 0.910169 0.973389 0.921863 0.935227 0.829547 0.769256 0.716280 0.787189 0.926234 0.923281 0.967559 0.785331 0.900760 0.956631 0.825642 0.787037 0.855588 0.898033 0.783554 0.891520 0.882761 0.878410 0.982076 0.899588 0.991461 0.797888 0.985514 0.987547 0.984710 0.990076 0.925628 0.943152 0.901883 0.917137 0.963425 0.927669 0.957507 0.865285 0.944708 0.873178 0.930662 0.861815 0.988542 0.920548 0.967909 0.919256 0.898905 0.971877 0.962941 0.788522 0.793163 0.980328 0.947904 0.957266 0.862087 0.956916
0.806659 0.807811 0.987006 0.927642 0.964999 0.986982 0.965677 0.920067 0.954487 0.976696 0.956685 0.915334 0.947189 0.978850 0.983850 0.927497 0.934517 0.842678 0.946064 0.884302 0.990705 0.796904 0.946611 0.799882 0.981318 0.932685 0.890859 0.848793 0.998078 0.969249 0.998945 0.814578 0.964237 0.925186 0.896651 0.000000 0.907092 0.902532 0.953308 0.989905 0.818227 0.975854 0.976414 0.977007 0.924819 0.979582 0.881521 0.916087 0.850058 0.835088 0.841637 0.788237 0.802401 0.830132 0.779177 0.855898 0.735646 0.645076 0.861953 0.721834 0.934721 0.949517 0.986259 0.930619 0.977817 0.951720 0.867606 0.940116 0.833131 0.643843 0.884775 0.852974 0.961933 0.952131 0.955387 0.877119 0.997532 0.963638 0.938136 0.935206 0.905321 0.945219 0.976710 0.989922 0.935759 0.965155 0.803317 0.888597 0.753811 0.954745 0.857819 0.871818 0.836207 0.767133 0.748120 0.941310 0.967524 0.892243 0.825280 0.800097 0.905048 0.955645 0.937106 0.881658 0.790885 0.898629 0.922068 0.916391 0.920926 0.995792 0.834473 0.988500 0.970198 0.802889 0.962726 0.826275
0.777097 0.902757 0.845777 0.986480 0.931304 0.829551 0.858415 0.859952 0.909962 0.751388 0.890557 0.845435 0.885090 0.831781 0.836928 0.876630 0.861429 0.885506 0.830326 0.946596 0.857498 0.875951 0.839385 0.931574 0.789862 0.921946 0.833380 0.840195 0.883749 0.893912 0.952485 0.979994 0.914376 0.821565 0.997022 0.907092 0.000000 0.889574 0.808879 0.870637 0.961794 0.819093 0.770623 0.765677 0.678247 0.712366 0.896447 0.895401 0.702317 0.790418 0.849149 0.817104 0.863797 0.793773 0.974116 0.923485 0.887191 0.933730 0.987803 0.946858 0.841541 0.819574 0.915852 0.860871 0.808859 0.807814 0.936312 0.968603 0.888869 0.931791 0.932409 0.868356 0.964986 0.981950 0.950821 0.976480 0.794544 0.923963 0.880284 0.926547 0.872998 0.910033 0.962094 0.969421 0.871696 0.984404 0.961763 0.780382 0.967067 0.994993 0.683040 0.788362 0.702454 0.968643 0.942273 0.928421 0.963311 0.937103 0.704545 0.865784 0.917183 0.811708 0.820413 0.968974 0.984195 0.952791 0.936727 0.891122 0.881865 0.845061 0.791139 0.845043 0.636505 0.867199 0.911306 0.881392
0.894390 0.973919 0.998713 0.775023 0.863726 0.976388 0.742361 0.848715 0.943066 0.865846 0.720668 0.877179 0.711019 0.825209 0.805542 0.948002 0.795233 0.912417 0.882685 0.999556 0.845775 0.995524 0.922964 0.795101 0.744418 0.814678 0.687966 0.800429 0.763553 0.827190 0.871226 0.951573 0.863696 0.856509 0.905463 0.902532 0.889574 0.000000 0.873970 0.857614 0.932116 0.874563 0.974409 0.889973 0.892525 0.913070 0.890814 0.899530 0.978697 0.956672 0.914963 0.823501 0.821628 0.801939 0.945806 0.870382 0.934073 0.936537 0.864194 0.943042 0.693521 0.882827 0.708038 0.757661 0.856955 0.939031 0.932481 0.920829 0.813312 0.851035 0.836644 0.994488 0.998234 0.781538 0.812225 0.954484 0.791134 0.898177 0.869183 0.933817 0.738267 0.808091 0.960505 0.985744 0.868931 0.985822 0.940642 0.937330 0.850973 0.956385 0.963970 0.899901 0.921343 0.760986 0.962954 0.874387 0.894841 0.905944 0.907375 0.930627 0.824658 0.872109 0.980877 0.995166 0.884266 0.949740 0.849395 0.918948 0.811729 0.896555 0.990343 0.982043 0.725386 0.969180 0.904414 0.988563
