0.000000 0.508353 0.894969 0.865224 0.979781 0.989245 0.816043 0.806915 0.919447 0.928894 0.643077 0.679356 0.989048 0.947603 0.868496 0.968042 0.561537 0.524215 0.560258 0.550272 0.893369 0.909576 0.852005 0.987911 0.849941 0.906379 0.988710 0.807006 0.627296 0.788138 0.885869 0.991740 0.709669 0.569360 0.848176 0.940021 0.941986 0.856446 0.877451 0.975881 0.951940 0.832414 0.615631 0.531604 0.849192 0.748833 0.652838 0.702406 0.770821 0.909559 0.923788 0.963305 0.864651 0.659498 0.864806 0.881436 0.445369 0.546055 0.469675 0.564975 0.794901 0.757881 0.690388 0.723974 0.865159 0.802802 0.616157 0.645891 0.606290 0.637121 0.843612 0.903868 0.596202 0.659074 0.987586 0.964178 0.637219 0.830353 0.794656 0.786464 0.573672 0.592421 0.908085 0.762487 0.824343 0.805560 0.753038 0.998702 0.910546 0.762787 0.853467 0.899335 0.928822 0.958624 0.879527 0.792633 0.668472 0.747899 0.891466 0.770740 0.766208 0.946211 0.750035 0.582745 0.853772 0.918756 0.989279 0.945419 0.876223 0.726795 0.752762 0.957465 0.783289 0.975900 0.833713 0.819524
0.508353 0.000000 0.974168 0.820900 0.991116 0.952603 0.964395 0.763341 0.774730 0.833675 0.872326 0.609647 0.957640 0.864560 0.972283 0.822288 0.576777 0.498301 0.612896 0.572174 0.918705 0.936411 0.968955 0.950900 0.873530 0.940736 0.937466 0.887578 0.638656 0.732951 0.729124 0.870141 0.593579 0.538006 0.878428 0.989074 0.820568 0.765957 0.960753 0.906215 0.917887 0.837694 0.589320 0.513630 0.697022 0.618560 0.546908 0.521847 0.726742 0.752942 0.739300 0.815625 0.925372 0.862515 0.733329 0.884056 0.411761 0.370811 0.566895 0.618232 0.790564 0.695505 0.616726 0.542139 0.886218 0.875108 0.741348 0.691387 0.764502 0.556798 0.562815 0.661597 0.739784 0.725174 0.977753 0.972997 0.604922 0.740291 0.599951 0.671111 0.452056 0.544936 0.804352 0.659414 0.874731 0.830954 0.841233 0.983655 0.877038 0.780426 0.860756 0.811243 0.914943 0.883628 0.749384 0.774580 0.654811 0.702859 0.760833 0.788656 0.822024 0.894740 0.680355 0.685496 0.831629 0.823978 0.911533 0.973022 0.926955 0.736751 0.716039 0.871470 0.810431 0.827367 0.765333 0.890137
0.894969 0.974168 0.000000 0.444872 0.847289 0.999158 0.437284 0.767179 0.734794 0.931325 0.957567 0.848607 0.716623 0.991761 0.878769 0.917989 0.992095 0.932904 0.632725 0.932024 0.719378 0.822793 0.646513 0.660068 0.521746 0.534590 0.794757 0.862342 0.884903 0.839802 0.759087 0.908078 0.684566 0.759625 0.718077 0.878799 0.849969 0.947982 0.912841 0.887395 0.927554 0.938847 0.702662 0.788134 0.962754 0.986857 0.647434 0.767772 0.908288 0.948152 0.721572 0.885058 0.887528 0.957783 0.954980 0.966009 0.956306 0.886031 0.697172 0.956984 0.712797 0.977305 0.990406 0.795626 0.393987 0.547762 0.534748 0.565925 0.926057 0.832556 0.974233 0.984403 0.899876 0.932827 0.997651 0.985697 0.937710 0.924616 0.996735 0.913231 0.865069 0.826703 0.941446 0.857318 0.553521 0.564468 0.741123 0.938717 0.773064 0.718611 0.729203 0.779882 0.766788 0.706977 0.886650 0.828335 0.979291 0.906093 0.964469 0.874263 0.736252 0.839607 0.973197 0.939103 0.710229 0.851901 0.956027 0.918923 0.859553 0.940791 0.922338 0.936073 0.923290 0.818000 0.748494 0.799584
0.865224 0.820900 0.444872 0.000000 0.902588 0.813191 0.473051 0.569975 0.834409 0.967896 0.967977 0.910097 0.749970 0.871264 0.838694 0.870389 0.983383 0.992901 0.671089 0.854200 0.790076 0.912278 0.564750 0.514301 0.735610 0.614369 0.799484 0.858081 0.909350 0.885190 0.792115 0.930554 0.645810 0.689627 0.744159 0.873152 0.929153 0.932894 0.924973 0.999962 0.899878 0.962167 0.739003 0.765024 0.989807 0.949928 0.684951 0.726658 0.892288 0.965015 0.672974 0.803391 0.901396 0.957263 0.940828 0.955190 0.941680 0.972170 0.731553 0.911170 0.656621 0.813145 0.899942 0.976564 0.389954 0.394908 0.518885 0.438501 0.851966 0.856331 0.968655 0.800913 0.783503 0.795187 0.999240 0.921404 0.808279 0.814305 0.912036 0.927433 0.769516 0.798436 0.848317 0.890933 0.505701 0.481862 0.922387 0.916372 0.859621 0.685587 0.632602 0.754306 0.700361 0.724932 0.966172 0.821052 0.821811 0.966058 0.793927 0.714460 0.634904 0.737939 0.999224 0.974280 0.625954 0.764699 0.991715 0.928852 0.834953 0.961647 0.783724 0.954759 0.887995 0.870644 0.735714 0.820616
0.979781 0.991116 0.847289 0.902588 0.000000 0.883111 0.713565 0.803210 0.659680 0.995006 0.782293 0.862562 0.635664 0.860947 0.861315 0.899172 0.984326 0.928977 0.926864 0.904572 0.800600 0.760306 0.794258 0.871099 0.916613 0.947146 0.959556 0.980846 0.961990 0.966663 0.970279 0.904766 0.952477 0.869717 0.916448 0.871680 0.987103 0.876104 0.993524 0.945784 0.954745 0.988311 0.882354 0.933397 0.895939 0.973424 0.877451 0.930137 0.891951 0.773292 0.986166 0.971030 0.972630 0.947990 0.858755 0.882624 0.962005 0.904310 0.954499 0.976350 0.649798 0.785814 0.823947 0.920615 0.851989 0.741701 0.851129 0.814083 0.901977 0.849835 0.975130 0.861496 0.962737 0.994113 0.978648 0.944538 0.955618 0.924589 0.941923 0.966381 0.900276 0.890545 0.878246 0.795597 0.682530 0.655740 0.931465 0.770494 0.861613 0.912881 0.820313 0.995514 0.928527 0.980819 0.967201 0.962839 0.917704 0.980840 0.950730 0.868688 0.835743 0.905498 0.952069 0.864599 0.798923 0.991478 0.994761 0.981804 0.974760 0.947476 0.919183 0.937783 0.917395 0.937936 0.882790 0.952308
0.989245 0.952603 0.999158 0.813191 0.883111 0.000000 0.907817 0.831064 0.886287 0.818090 0.957366 0.908478 0.938933 0.983465 0.970997 0.710206 0.909073 0.939877 0.957432 0.959352 0.986386 0.897698 0.760822 0.833440 0.955336 0.938023 0.952001 0.875856 0.997166 0.960824 0.806936 0.986165 0.946478 0.923878 0.835400 0.899728 0.890640 0.895126 0.961261 0.920750 0.979146 0.868078 0.966869 0.954095 0.816045 0.902104 0.896850 0.863568 0.915738 0.930988 0.936342 0.989494 0.989581 0.973712 0.977872 0.953493 0.968516 0.992192 0.838166 0.888016 0.893010 0.844750 0.979867 0.944091 0.913274 0.834064 0.864833 0.816946 0.850362 0.922434 0.896480 0.874967 0.892661 0.767334 0.871786 0.858648 0.928781 0.783945 0.965219 0.921170 0.972287 0.971320 0.920946 0.965895 0.864884 0.862061 0.880870 0.845842 0.936893 0.992907 0.817526 0.929074 0.741065 0.943177 0.911656 0.929175 0.919154 0.893779 0.859849 0.910258 0.775146 0.913356 0.944122 0.993865 0.801424 0.999197 0.982276 0.922398 0.904422 0.984692 0.916634 0.930654 0.965370 0.932034 0.987903 0.997060
0.816043 0.964395 0.437284 0.473051 0.713565 0.907817 0.000000 0.493525 0.597921 0.883400 0.776491 0.881644 0.555093 0.823190 0.775814 0.929425 0.938663 0.988148 0.697651 0.890220 0.810776 0.975832 0.666270 0.753407 0.853829 0.786276 0.914839 0.977402 0.950068 0.974416 0.941017 0.939668 0.672768 0.660062 0.747411 0.931488 0.937761 0.917994 0.935098 0.979685 0.819859 0.941912 0.764391 0.746270 0.864983 0.873965 0.809042 0.825189 0.903544 0.876192 0.763398 0.941170 0.942335 0.975992 0.839142 0.898034 0.946552 0.857924 0.641731 0.850572 0.447658 0.716250 0.820841 0.998847 0.464083 0.426980 0.442668 0.470402 0.817259 0.752959 0.783662 0.904587 0.908739 0.899254 0.921327 0.996334 0.843582 0.960083 0.955632 0.941146 0.850345 0.888205 0.972527 0.962252 0.495715 0.561001 0.889085 0.894207 0.762201 0.772505 0.628214 0.751681 0.767666 0.645442 0.926636 0.840433 0.992987 0.874173 0.769456 0.634488 0.692063 0.723580 0.933408 0.912553 0.663870 0.904097 0.979677 0.987567 0.777381 0.955223 0.799071 0.914710 0.931093 0.858035 0.769162 0.871337
0.806915 0.763341 0.767179 0.569975 0.803210 0.831064 0.493525 0.000000 0.847470 0.647218 0.821581 0.581888 0.601936 0.648357 0.771184 0.716896 0.876170 0.818514 0.842157 0.769347 0.869724 0.940343 0.767801 0.826059 0.812562 0.887915 0.959406 0.957006 0.770200 0.812795 0.997733 0.944626 0.674193 0.572871 0.841835 0.978859 0.893820 0.996019 0.826731 0.929881 0.784906 0.985716 0.813940 0.728301 0.754551 0.742619 0.843484 0.737596 0.985729 0.985103 0.599715 0.733297 0.846490 0.979886 0.959670 0.889734 0.911777 0.896640 0.645571 0.676139 0.410285 0.395597 0.584430 0.597180 0.660180 0.491831 0.564189 0.493006 0.708085 0.894592 0.956669 0.854193 0.834650 0.799251 0.886035 0.978936 0.683534 0.838446 0.845302 0.972710 0.694330 0.890813 0.911242 0.950656 0.649232 0.709266 0.987257 0.917406 0.928720 0.808290 0.583917 0.809079 0.771347 0.733410 0.829741 0.829196 0.758814 0.938544 0.533323 0.499932 0.617673 0.709655 0.811711 0.859237 0.645152 0.816777 0.975231 0.838033 0.822032 0.855839 0.682512 0.751670 0.760649 0.983597 0.706185 0.910337
0.919447 0.774730 0.734794 0.834409 0.659680 0.886287 0.597921 0.847470 0.000000 0.948710 0.942918 0.851344 0.756126 0.981831 0.843953 0.961304 0.751122 0.724132 0.935567 0.779722 0.890921 0.963706 0.751898 0.920340 0.964076 0.832201 0.953243 0.966501 0.821899 0.698787 0.951387 0.781347 0.982769 0.922795 0.794797 0.856308 0.920581 0.959868 0.937489 0.988858 0.889840 0.825751 0.975328 0.927692 0.829992 0.941428 0.903767 0.954938 0.933435 0.996191 0.928222 0.868851 0.783623 0.756798 0.815811 0.895712 0.734268 0.682492 0.970243 0.946056 0.774857 0.952361 0.824913 0.727152 0.711084 0.756583 0.766774 0.796901 0.820846 0.601949 0.773291 0.632949 0.807851 0.861767 0.976430 0.963927 0.890080 0.879499 0.690534 0.735966 0.791150 0.824211 0.927756 0.919980 0.688564 0.782418 0.918618 0.865259 0.775379 0.908047 0.594075 0.633147 0.649960 0.685459 0.867905 0.878956 0.880503 0.889719 0.848627 0.821320 0.901346 0.861033 0.749644 0.913480 0.874370 0.939326 0.926223 0.978109 0.940295 0.705395 0.835319 0.976401 0.985415 0.914121 0.914639 0.999718
0.928894 0.833675 0.931325 0.967896 0.995006 0.818090 0.883400 0.647218 0.948710 0.000000 0.787083 0.773405 0.913517 0.907581 0.962361 0.946028 0.794154 0.843454 0.982286 0.812181 0.689859 0.960274 0.870256 0.790081 0.808646 0.688801 0.758644 0.875603 0.628832 0.650020 0.846045 0.949197 0.761649 0.754464 0.913203 0.957621 0.991609 0.840419 0.810113 0.996702 0.908596 0.978425 0.760591 0.651058 0.544816 0.547311 0.904580 0.761535 0.633246 0.751809 0.673910 0.838943 0.779352 0.787704 0.903185 0.935679 0.847061 0.859075 0.822655 0.763640 0.805572 0.677259 0.810422 0.759187 0.872045 0.920804 0.931891 0.947682 0.864450 0.949423 0.973842 0.833653 0.944051 0.986640 0.894454 0.940545 0.863653 0.901496 0.965273 0.976178 0.934456 0.865099 0.789856 0.933557 0.816848 0.715105 0.968359 0.953201 0.888624 0.953031 0.913271 0.972064 0.941940 0.917480 0.837361 0.885365 0.889670 0.870277 0.651241 0.741063 0.797235 0.853508 0.742459 0.831341 0.974168 0.947885 0.882742 0.957981 0.996516 0.911479 0.795021 0.729363 0.881478 0.857969 0.964048 0.985093
0.643077 0.872326 0.957567 0.967977 0.782293 0.957366 0.776491 0.821581 0.942918 0.787083 0.000000 0.723285 0.801978 0.997178 0.942102 0.912976 0.588790 0.632701 0.755518 0.675847 0.851699 0.997626 0.761668 0.766398 0.860051 0.923868 0.842286 0.755171 0.590917 0.660128 0.929572 0.905728 0.831341 0.699690 0.929701 0.973430 0.909118 0.932415 0.918524 0.992967 0.957278 0.953384 0.938076 0.787971 0.877849 0.889557 0.993339 0.992152 0.938905 0.846419 0.956224 0.776415 0.807764 0.841640 0.900726 0.876952 0.707917 0.874774 0.751686 0.841982 0.748621 0.844286 0.661313 0.833298 0.872366 0.988555 0.891647 0.885734 0.927278 0.875407 0.949477 0.919981 0.634490 0.745578 0.964670 0.838367 0.869336 0.952914 0.899550 0.920024 0.840485 0.876399 0.867479 0.979335 0.963827 0.938311 0.789767 0.956604 0.851389 0.881047 0.751367 0.780226 0.838564 0.925869 0.947987 0.873049 0.940787 0.985420 0.942035 0.845941 0.948639 0.980773 0.976758 0.827463 0.936458 0.819924 0.872912 0.845345 0.974004 0.918309 0.901546 0.962775 0.961869 0.920058 0.971547 0.992518
0.679356 0.609647 0.848607 0.910097 0.862562 0.908478 0.881644 0.581888 0.851344 0.773405 0.723285 0.000000 0.653477 0.522735 0.688345 0.573480 0.561700 0.502727 0.743809 0.560154 0.881585 0.921773 0.943550 0.936741 0.667517 0.713105 0.850435 0.809193 0.479470 0.509526 0.969460 0.849819 0.685883 0.521382 0.983182 0.999018 0.898212 0.953720 0.794373 0.924119 0.858319 0.977688 0.852034 0.663239 0.698783 0.640148 0.877826 0.752472 0.994709 0.889911 0.866346 0.982734 0.899955 0.830506 0.981649 0.834552 0.615353 0.620708 0.771130 0.741419 0.517466 0.449315 0.426391 0.363259 0.986572 0.786508 0.829746 0.706017 0.992131 0.774221 0.906859 0.738829 0.814135 0.845317 0.904861 0.881187 0.676925 0.756155 0.657663 0.770522 0.564438 0.650035 0.700147 0.825909 0.857615 0.847962 0.825155 0.848472 0.787912 0.966164 0.932733 0.739838 0.797336 0.815279 0.792924 0.797561 0.785535 0.781557 0.782459 0.692733 0.854625 0.830553 0.708066 0.812578 0.886303 0.987708 0.991103 0.965445 0.998195 0.709835 0.650219 0.763962 0.785705 0.763299 0.790181 0.954389
0.989048 0.957640 0.716623 0.749970 0.635664 0.938933 0.555093 0.601936 0.756126 0.913517 0.801978 0.653477 0.000000 0.452604 0.435860 0.552415 0.812280 0.833649 0.766713 0.777762 0.950195 0.906508 0.561836 0.715155 0.908262 0.968405 0.956994 0.951002 0.742742 0.758173 0.864176 0.805661 0.670458 0.696367 0.851908 0.958723 0.983094 0.858899 0.732298 0.966551 0.708003 0.829591 0.973166 0.904458 0.818676 0.836784 0.919314 0.841154 0.807177 0.851108 0.776333 0.946713 0.886791 0.790561 0.860353 0.727704 0.948890 0.956383 0.945522 0.994636 0.374164 0.667023 0.620238 0.730925 0.696649 0.655261 0.801658 0.674564 0.635025 0.876001 0.814514 0.926322 0.901855 0.923342 0.864134 0.881034 0.925040 0.937254 0.785997 0.864586 0.725357 0.758115 0.697988 0.889766 0.549385 0.631394 0.837802 0.710722 0.912850 0.992737 0.862121 0.875863 0.936173 0.969027 0.909207 0.949231 0.912733 0.940668 0.867811 0.823093 0.883457 0.806264 0.943986 0.904497 0.813892 0.971733 0.898797 0.810129 0.957537 0.947147 0.858037 0.848690 0.951591 0.986429 0.734067 0.958692
0.947603 0.864560 0.991761 0.871264 0.860947 0.983465 0.823190 0.648357 0.981831 0.907581 0.997178 0.522735 0.452604 0.000000 0.406370 0.432547 0.776341 0.731411 0.866580 0.753593 0.885997 0.897661 0.665422 0.781803 0.754761 0.765527 0.985235 0.982668 0.662366 0.634369 0.921978 0.754155 0.707530 0.707965 0.983214 0.956822 0.809002 0.910539 0.577811 0.955729 0.646380 0.826120 0.932630 0.894737 0.849282 0.799150 0.993058 0.813681 0.788608 0.894996 0.806803 0.903172 0.924845 0.814638 0.881713 0.652962 0.993620 0.900971 0.971283 0.915311 0.503540 0.631194 0.587992 0.546786 0.874063 0.774737 0.979985 0.831564 0.699670 0.977332 0.845956 0.941609 0.928100 0.949395 0.868126 0.850970 0.917463 0.930895 0.729501 0.778639 0.691397 0.760574 0.638102 0.911584 0.735496 0.768665 0.712482 0.813067 0.982353 0.948322 0.998423 0.716163 0.764205 0.753436 0.915250 0.948346 0.984086 0.971972 0.889659 0.846353 0.991711 0.863968 0.826713 0.936498 0.875886 0.973742 0.861787 0.798715 0.893346 0.893311 0.765456 0.814768 0.989063 0.878855 0.758737 0.941122
0.868496 0.972283 0.878769 0.838694 0.861315 0.970997 0.775814 0.771184 0.843953 0.962361 0.942102 0.688345 0.435860 0.406370 0.000000 0.531276 0.850827 0.835480 0.835358 0.853310 0.965419 0.936511 0.548812 0.755127 0.883683 0.906299 0.912675 0.960801 0.756899 0.762616 0.828126 0.641989 0.671817 0.802717 0.886192 0.944260 0.959651 0.964729 0.704727 0.862211 0.731595 0.839974 0.970441 0.954119 0.802818 0.820823 0.906989 0.770270 0.824836 0.941190 0.828264 0.881832 0.863464 0.735557 0.889219 0.808982 0.918531 0.964463 0.958252 0.966082 0.559109 0.750144 0.739367 0.732274 0.787839 0.786696 0.948920 0.821443 0.720551 0.953904 0.797885 0.990319 0.903068 0.949887 0.874289 0.864160 0.960516 0.958919 0.753550 0.849425 0.790054 0.794418 0.615439 0.910582 0.670862 0.708956 0.690590 0.764945 0.924746 0.978373 0.937374 0.821638 0.878039 0.835412 0.951669 0.923639 0.942409 0.993580 0.903309 0.854951 0.986272 0.825021 0.933553 0.956916 0.825100 0.969935 0.846925 0.797276 0.842220 0.983740 0.873856 0.809375 0.958426 0.983438 0.754306 0.810710
0.968042 0.822288 0.917989 0.870389 0.899172 0.710206 0.929425 0.716896 0.961304 0.946028 0.912976 0.573480 0.552415 0.432547 0.531276 0.000000 0.926433 0.817382 0.854598 0.778585 0.898104 0.853207 0.581924 0.655496 0.804636 0.899962 0.964797 0.979869 0.738481 0.771721 0.846994 0.786974 0.769819 0.746370 0.980347 0.973515 0.927640 0.990813 0.742720 0.968314 0.803745 0.804037 0.931233 0.960798 0.822579 0.790173 0.986546 0.806786 0.864286 0.932941 0.829103 0.899934 0.916632 0.853429 0.940826 0.774925 0.938268 0.885751 0.903241 0.993038 0.612056 0.638123 0.657320 0.563059 0.884291 0.780721 0.958491 0.771309 0.727446 0.919213 0.990956 0.846541 0.852550 0.843730 0.918656 0.879781 0.886114 0.908952 0.718989 0.851997 0.726958 0.758237 0.593477 0.925059 0.730541 0.751194 0.680174 0.740912 0.908799 0.992695 0.951668 0.792276 0.892475 0.782794 0.955652 0.949935 0.984202 0.885845 0.863076 0.882754 0.868002 0.921849 0.822612 0.895003 0.826003 0.901053 0.940458 0.939590 0.964183 0.840156 0.781927 0.822708 0.970357 0.906188 0.773933 0.959108
0.561537 0.576777 0.992095 0.983383 0.984326 0.909073 0.938663 0.876170 0.751122 0.794154 0.588790 0.561700 0.812280 0.776341 0.850827 0.926433 0.000000 0.359902 0.524409 0.448739 0.969552 0.921880 0.864550 0.891343 0.985629 0.877977 0.932222 0.831783 0.437254 0.450916 0.781099 0.720920 0.561461 0.568555 0.986774 0.975393 0.924625 0.959237 0.929498 0.974651 0.960214 0.831833 0.730004 0.556089 0.779094 0.700331 0.662948 0.688121 0.862845 0.928056 0.840308 0.904331 0.913547 0.860190 0.874727 0.885010 0.452881 0.502891 0.619793 0.737671 0.758490 0.815190 0.514387 0.570470 0.947764 0.993400 0.907812 0.828873 0.825447 0.563961 0.812386 0.756495 0.616191 0.616353 0.929552 0.910872 0.754665 0.868061 0.657591 0.622300 0.541911 0.611922 0.854437 0.830357 0.997642 0.997154 0.892373 0.962449 0.755121 0.993883 0.668348 0.606992 0.675088 0.746332 0.859747 0.811773 0.814261 0.892841 0.929853 0.874581 0.921024 0.948686 0.700958 0.725562 0.967347 0.897722 0.939015 0.833944 0.987493 0.705306 0.734275 0.838724 0.962256 0.852387 0.861801 0.999915
0.524215 0.498301 0.932904 0.992901 0.928977 0.939877 0.988148 0.818514 0.724132 0.843454 0.632701 0.502727 0.833649 0.731411 0.835480 0.817382 0.359902 0.000000 0.568369 0.425150 0.968225 0.988037 0.919604 0.925361 0.905101 0.858329 0.936704 0.797101 0.444246 0.446133 0.781924 0.729599 0.592680 0.522418 0.961435 0.972196 0.981704 0.901973 0.983669 0.974888 0.937781 0.842490 0.778687 0.587516 0.811757 0.714711 0.711999 0.676510 0.931020 0.953116 0.890640 0.941628 0.873856 0.833714 0.887491 0.958992 0.419101 0.459657 0.658518 0.675132 0.749402 0.711363 0.473077 0.447128 0.927132 0.971604 0.929764 0.809845 0.784450 0.477380 0.728883 0.707237 0.561722 0.605568 0.895984 0.867161 0.705727 0.789347 0.551231 0.558143 0.442348 0.531277 0.741462 0.713421 0.968906 0.919246 0.938378 0.999655 0.722303 0.939586 0.678315 0.532372 0.626359 0.657104 0.792061 0.826207 0.700051 0.770415 0.890585 0.826013 0.881288 0.979785 0.634253 0.739523 0.914179 0.984157 0.976168 0.870414 0.933358 0.610612 0.667047 0.837801 0.953748 0.841670 0.808270 0.973719
0.560258 0.612896 0.632725 0.671089 0.926864 0.957432 0.697651 0.842157 0.935567 0.982286 0.755518 0.743809 0.766713 0.866580 0.835358 0.854598 0.524409 0.568369 0.000000 0.544456 0.833756 0.852024 0.809429 0.776608 0.725724 0.730157 0.849577 0.979733 0.660999 0.731843 0.636398 0.716420 0.513006 0.544913 0.896157 0.949252 0.931464 0.818439 0.978974 0.961885 0.942126 0.894536 0.603343 0.561502 0.818238 0.795019 0.531859 0.645303 0.947912 0.963448 0.802589 0.934947 0.953372 0.859409 0.890721 0.907433 0.562034 0.702561 0.639564 0.856283 0.727431 0.933994 0.672715 0.818024 0.677666 0.726929 0.621855 0.606703 0.804698 0.678392 0.793889 0.725994 0.760991 0.713762 0.984619 0.870180 0.724094 0.840882 0.742184 0.655581 0.623158 0.590683 0.756321 0.772208 0.741396 0.686152 0.816852 0.946005 0.942811 0.879070 0.913866 0.858675 0.897297 0.977338 0.959756 0.838220 0.798957 0.779115 0.965654 0.787855 0.720013 0.902423 0.793987 0.753780 0.811172 0.895722 0.942163 0.915606 0.892797 0.903769 0.682979 0.930593 0.957885 0.998497 0.844470 0.858266
0.550272 0.572174 0.932024 0.854200 0.904572 0.959352 0.890220 0.769347 0.779722 0.812181 0.675847 0.560154 0.777762 0.753593 0.853310 0.778585 0.448739 0.425150 0.544456 0.000000 0.964877 0.957824 0.950791 0.884290 0.972572 0.929113 0.970672 0.802557 0.498363 0.529950 0.777373 0.706086 0.565709 0.545340 0.919176 0.936855 0.942902 0.841928 0.943322 0.993705 0.963785 0.834756 0.699686 0.601430 0.894692 0.769086 0.726955 0.694274 0.955264 0.923445 0.833285 0.931020 0.855404 0.814908 0.964168 0.923033 0.507933 0.535722 0.681779 0.696977 0.728767 0.742195 0.558834 0.576319 0.955997 0.863535 0.779335 0.712002 0.838683 0.551481 0.773950 0.665642 0.656051 0.712932 0.994759 0.859702 0.675332 0.732118 0.653347 0.636728 0.504213 0.572817 0.834299 0.770978 0.872467 0.846143 0.805376 0.978041 0.714452 0.908620 0.763774 0.668762 0.764114 0.756289 0.861307 0.839101 0.785656 0.829802 0.945418 0.827139 0.705229 0.979263 0.636063 0.740877 0.765037 0.941140 0.901384 0.918170 0.969853 0.730372 0.601796 0.877856 0.975310 0.805514 0.768468 0.981433
0.893369 0.918705 0.719378 0.790076 0.800600 0.986386 0.810776 0.869724 0.890921 0.689859 0.851699 0.881585 0.950195 0.885997 0.965419 0.898104 0.969552 0.968225 0.833756 0.964877 0.000000 0.920342 0.944245 0.883925 0.775746 0.662593 0.875608 0.859040 0.945182 0.912291 0.981800 0.972273 0.961230 0.950901 0.893211 0.894732 0.924627 0.916632 0.717198 0.983047 0.937935 0.937844 0.972202 0.980269 0.755362 0.749844 0.940631 0.881685 0.737022 0.804225 0.846737 0.839470 0.789204 0.853895 0.941465 0.879730 0.974635 0.849998 0.987564 0.850990 0.990111 0.828669 0.958272 0.805985 0.824839 0.816812 0.858894 0.838185 0.901955 0.997844 0.928415 0.889380 0.911092 0.906346 0.824760 0.887448 0.959663 0.991136 0.978038 0.863012 0.986791 0.911400 0.989518 0.957819 0.855005 0.749109 0.856871 0.932818 0.969037 0.911371 0.879416 0.945513 0.995344 0.965315 0.839517 0.941272 0.885421 0.983257 0.709969 0.899324 0.945469 0.888866 0.834332 0.891807 0.946432 0.986934 0.958401 0.927171 0.982038 0.981301 0.958874 0.732281 0.916669 0.894470 0.945659 0.941561
0.909576 0.936411 0.822793 0.912278 0.760306 0.897698 0.975832 0.940343 0.963706 0.960274 0.997626 0.921773 0.906508 0.897661 0.936511 0.853207 0.921880 0.988037 0.852024 0.957824 0.920342 0.000000 0.911785 0.990619 0.842925 0.953168 0.959997 0.874229 0.900994 0.942717 0.864548 0.916758 0.893914 0.894264 0.955070 0.884637 0.817876 0.782945 0.872217 0.780954 0.935237 0.952526 0.783136 0.892932 0.965579 0.943436 0.730253 0.940790 0.984781 0.831859 0.896816 0.954256 0.875978 0.985395 0.975711 0.935784 0.952603 0.942154 0.860810 0.993719 0.866401 0.814985 0.994059 0.934618 0.985254 0.918852 0.940909 0.910039 0.995324 0.980263 0.988817 0.928687 0.950672 0.886087 0.971069 0.845166 0.963394 0.969430 0.979454 0.917440 0.998434 0.991501 0.925598 0.953615 0.872821 0.873315 0.771024 0.840235 0.941201 0.926150 0.916361 0.952758 0.949685 0.902878 0.945864 0.901557 0.894034 0.931106 0.887325 0.945931 0.976157 0.928160 0.927373 0.781395 0.880896 0.788482 0.880297 0.993165 0.954451 0.903652 0.935869 0.963711 0.901747 0.920431 0.944715 0.959602
0.852005 0.968955 0.646513 0.564750 0.794258 0.760822 0.666270 0.767801 0.751898 0.870256 0.761668 0.943550 0.561836 0.665422 0.548812 0.581924 0.864550 0.919604 0.809429 0.950791 0.944245 0.911785 0.000000 0.413458 0.825651 0.700106 0.702957 0.894121 0.841767 0.865886 0.766011 0.758667 0.745423 0.862436 0.801048 0.794332 0.832596 0.958470 0.851759 0.950023 0.785601 0.826062 0.984517 0.955370 0.918411 0.951282 0.891471 0.766596 0.826720 0.960917 0.809400 0.830222 0.820159 0.789723 0.955351 0.979108 0.842056 0.897901 0.890411 0.916661 0.657504 0.868466 0.973830 0.975498 0.494102 0.553159 0.769596 0.634052 0.749186 0.846385 0.951128 0.912759 0.732746 0.733083 0.859062 0.953866 0.924550 0.863161 0.924021 0.927935 0.837700 0.772989 0.565958 0.869742 0.416849 0.454040 0.785528 0.631212 0.857069 0.741705 0.679344 0.902981 0.846860 0.985655 0.893081 0.957977 0.970747 0.992319 0.905708 0.801374 0.759548 0.780245 0.990703 0.807137 0.629902 0.796177 0.856007 0.930493 0.993182 0.987978 0.890208 0.937977 0.953919 0.953210 0.719748 0.962375
0.987911 0.950900 0.660068 0.514301 0.871099 0.833440 0.753407 0.826059 0.920340 0.790081 0.766398 0.936741 0.715155 0.781803 0.755127 0.655496 0.891343 0.925361 0.776608 0.884290 0.883925 0.990619 0.413458 0.000000 0.748279 0.691115 0.658260 0.940507 0.823054 0.839249 0.805771 0.791296 0.829641 0.865098 0.941708 0.786375 0.851631 0.893985 0.951593 0.983022 0.940462 0.911744 0.985449 0.981039 0.919061 0.978852 0.813623 0.827741 0.808509 0.996959 0.823210 0.888749 0.936745 0.999035 0.938607 0.989426 0.978761 0.992532 0.964875 0.958690 0.790231 0.925547 0.985227 0.990013 0.544919 0.573471 0.794246 0.653385 0.903796 0.903627 0.989691 0.842164 0.729017 0.755738 0.938738 0.864734 0.977031 0.898501 0.887425 0.846395 0.808751 0.725753 0.678543 0.860855 0.484059 0.476233 0.846831 0.645421 0.824492 0.740288 0.766788 0.885881 0.812609 0.932810 0.891783 0.979307 0.903152 0.883055 0.944680 0.920274 0.687683 0.875348 0.892098 0.867782 0.688207 0.713583 0.935878 0.997297 0.943082 0.941816 0.879323 0.901744 0.962023 0.942360 0.828525 0.779322
0.849941 0.873530 0.521746 0.735610 0.916613 0.955336 0.853829 0.812562 0.964076 0.808646 0.860051 0.667517 0.908262 0.754761 0.883683 0.804636 0.985629 0.905101 0.725724 0.972572 0.775746 0.842925 0.825651 0.748279 0.000000 0.477244 0.745426 0.930228 0.798566 0.743125 0.694023 0.914283 0.871949 0.941141 0.800674 0.941117 0.721426 0.874287 0.775551 0.840766 0.860244 0.933238 0.683652 0.835664 0.884424 0.996615 0.644312 0.741810 0.901944 0.750579 0.874264 0.934817 0.893997 0.991021 0.793244 0.760848 0.900369 0.936789 0.779358 0.939206 0.885104 0.703185 0.760750 0.676328 0.603131 0.876193 0.755106 0.826780 0.799796 0.911224 0.797304 0.955352 0.955944 0.926774 0.927029 0.936136 0.988159 0.933330 0.990064 0.908755 0.912864 0.814155 0.999664 0.859150 0.770793 0.771997 0.734201 0.999612 0.873247 0.749506 0.989041 0.900816 0.853077 0.924574 0.955554 0.867713 0.993396 0.994872 0.803333 0.817666 0.851214 0.965994 0.971803 0.903905 0.869816 0.927585 0.930316 0.846009 0.966263 0.953614 0.956355 0.825474 0.929016 0.944224 0.932937 0.761483
0.906379 0.940736 0.534590 0.614369 0.947146 0.938023 0.786276 0.887915 0.832201 0.688801 0.923868 0.713105 0.968405 0.765527 0.906299 0.899962 0.877977 0.858329 0.730157 0.929113 0.662593 0.953168 0.700106 0.691115 0.477244 0.000000 0.725747 0.829307 0.710163 0.636800 0.704444 0.938030 0.840886 0.956405 0.870870 0.870401 0.723353 0.918259 0.782757 0.901770 0.866719 0.925698 0.840422 0.956418 0.908770 0.894638 0.725740 0.858920 0.957708 0.936593 0.957349 0.894796 0.944473 0.985723 0.806455 0.770009 0.982197 0.962666 0.934092 0.935830 0.932840 0.736483 0.754696 0.671920 0.540680 0.749934 0.709286 0.733725 0.878303 0.911101 0.825552 0.959497 0.962423 0.998966 0.882113 0.977130 0.881577 0.948093 0.961473 0.940942 0.970218 0.844975 0.888147 0.924748 0.670907 0.614577 0.752737 0.936026 0.836253 0.691327 0.886782 0.784835 0.794933 0.871852 0.875237 0.954297 0.977549 0.983102 0.923789 0.987783 0.871701 0.971034 0.787000 0.933952 0.837987 0.834573 0.883271 0.923307 0.935348 0.895790 0.930544 0.770548 0.877579 0.843094 0.845716 0.852990
0.988710 0.937466 0.794757 0.799484 0.959556 0.952001 0.914839 0.959406 0.953243 0.758644 0.842286 0.850435 0.956994 0.985235 0.912675 0.964797 0.932222 0.936704 0.849577 0.970672 0.875608 0.959997 0.702957 0.658260 0.745426 0.725747 0.000000 0.917216 0.741872 0.888478 0.872086 0.830500 0.957654 0.990200 0.931890 0.912981 0.955815 0.947732 0.904751 0.989448 0.964566 0.959397 0.930863 0.863655 0.880507 0.870962 0.977146 0.962625 0.847322 0.975446 0.925986 0.944303 0.962225 0.941472 0.968792 0.985327 0.969777 0.969343 0.907966 0.869058 0.966060 0.848364 0.894397 0.854705 0.785580 0.853296 0.988238 0.937366 0.992353 0.995166 0.934630 0.940940 0.811551 0.894355 0.955648 0.927024 0.877689 0.945200 0.917810 0.859681 0.984086 0.896005 0.911142 0.957363 0.753614 0.720869 0.963146 0.800598 0.968642 0.938327 0.911850 0.970234 0.954797 0.932558 0.995563 0.946161 0.836085 0.777224 0.891384 0.994794 0.867214 0.920855 0.956973 0.963475 0.830471 0.804362 0.927525 0.842446 0.982539 0.958749 0.980073 0.991361 0.888690 0.939216 0.968380 0.819526
0.807006 0.887578 0.862342 0.858081 0.980846 0.875856 0.977402 0.957006 0.966501 0.875603 0.755171 0.809193 0.951002 0.982668 0.960801 0.979869 0.831783 0.797101 0.979733 0.802557 0.859040 0.874229 0.894121 0.940507 0.930228 0.829307 0.917216 0.000000 0.868550 0.890575 0.873903 0.952389 0.969417 0.886669 0.889362 0.999793 0.911735 0.978008 0.939731 0.864505 0.912303 0.951950 0.908926 0.857891 0.952450 0.897105 0.936549 0.997287 0.981551 0.959316 0.964165 0.856750 0.943102 0.864367 0.868385 0.999194 0.817269 0.882794 0.815705 0.820045 0.889210 0.839324 0.924190 0.851430 0.855054 0.967431 0.967286 0.976241 0.782199 0.895651 0.973262 0.987717 0.815368 0.892991 0.962891 0.992656 0.950215 0.923540 0.908700 0.920889 0.841802 0.836810 0.949961 0.967247 0.992538 0.945258 0.989914 0.927924 0.785332 0.984477 0.885989 0.874158 0.832523 0.938467 0.969224 0.954444 0.985085 0.963583 0.957334 0.886969 0.936400 0.876604 0.899472 0.896036 0.941002 0.992644 0.994299 0.913405 0.972530 0.976421 0.877140 0.951988 0.894077 0.794358 0.985321 0.924583
0.627296 0.638656 0.884903 0.909350 0.961990 0.997166 0.950068 0.770200 0.821899 0.628832 0.590917 0.479470 0.742742 0.662366 0.756899 0.738481 0.437254 0.444246 0.660999 0.498363 0.945182 0.900994 0.841767 0.823054 0.798566 0.710163 0.741872 0.868550 0.000000 0.404849 0.789426 0.755732 0.592162 0.552374 0.987203 0.816378 0.955609 0.935377 0.786783 0.992323 0.873700 0.903721 0.758385 0.572283 0.681182 0.592350 0.772200 0.734315 0.835504 0.910430 0.793432 0.991963 0.964575 0.999275 0.970509 0.848648 0.576034 0.617022 0.717752 0.718935 0.706874 0.700912 0.478312 0.499472 0.842814 0.928480 0.921588 0.870417 0.960732 0.625042 0.957107 0.832571 0.635898 0.648864 0.945159 0.826173 0.697832 0.905979 0.710394 0.736032 0.619075 0.770239 0.898666 0.910123 0.894701 0.866912 0.987077 0.959491 0.768581 0.876516 0.696575 0.626852 0.699318 0.756048 0.831356 0.852206 0.866293 0.830756 0.840700 0.820826 0.887251 0.980724 0.694550 0.746299 0.977102 0.920751 0.944283 0.897837 0.948292 0.740456 0.721344 0.723119 0.918801 0.818010 0.883236 0.940144
0.788138 0.732951 0.839802 0.885190 0.966663 0.960824 0.974416 0.812795 0.698787 0.650020 0.660128 0.509526 0.758173 0.634369 0.762616 0.771721 0.450916 0.446133 0.731843 0.529950 0.912291 0.942717 0.865886 0.839249 0.743125 0.636800 0.888478 0.890575 0.404849 0.000000 0.801294 0.731517 0.660835 0.556453 0.905687 0.849720 0.873412 0.974860 0.853974 0.974026 0.926492 0.951105 0.885392 0.669365 0.783401 0.713033 0.883036 0.824773 0.998001 0.958229 0.930103 0.839608 0.879477 0.951062 0.998730 0.722451 0.636766 0.678279 0.850031 0.847885 0.755321 0.748580 0.492947 0.502151 0.735385 0.857985 0.914748 0.970017 0.936059 0.679381 0.955934 0.775760 0.737697 0.722435 0.932653 0.806692 0.815405 0.857875 0.736539 0.670754 0.661894 0.784536 0.870664 0.895713 0.836383 0.821048 0.974945 0.998203 0.707341 0.779370 0.684853 0.517646 0.592083 0.675408 0.806621 0.840367 0.885628 0.836232 0.888105 0.967398 0.970517 0.960650 0.626953 0.862351 0.956906 0.848742 0.989568 0.830609 0.893511 0.656730 0.699640 0.801831 0.928348 0.817702 0.924416 0.890344
0.885869 0.729124 0.759087 0.792115 0.970279 0.806936 0.941017 0.997733 0.951387 0.846045 0.929572 0.969460 0.864176 0.921978 0.828126 0.846994 0.781099 0.781924 0.636398 0.777373 0.981800 0.864548 0.766011 0.805771 0.694023 0.704444 0.872086 0.873903 0.789426 0.801294 0.000000 0.635778 0.600815 0.728484 0.887519 0.996047 0.731219 0.834064 0.983929 0.907350 0.936105 0.924280 0.713871 0.727257 0.750429 0.734314 0.638592 0.582339 0.801348 0.754190 0.751957 0.897556 0.836295 0.794306 0.730729 0.968975 0.716322 0.722338 0.952456 0.917374 0.950899 0.922735 0.883582 0.925712 0.880402 0.957421 0.945462 0.883653 0.959312 0.809703 0.777509 0.786033 0.907638 0.921203 0.927265 0.802022 0.986830 0.863860 0.830827 0.697739 0.732314 0.724441 0.783836 0.790542 0.896349 0.904575 0.866660 0.797614 0.936908 0.868893 0.863068 0.808562 0.879200 0.804138 0.931212 0.803661 0.899263 0.857411 0.942634 0.980959 0.910981 0.962383 0.880247 0.996033 0.995970 0.953246 0.987699 0.788048 0.850377 0.896164 0.894043 0.978006 0.877165 0.995054 0.872990 0.982694
0.991740 0.870141 0.908078 0.930554 0.904766 0.986165 0.939668 0.944626 0.781347 0.949197 0.905728 0.849819 0.805661 0.754155 0.641989 0.786974 0.720920 0.729599 0.716420 0.706086 0.972273 0.916758 0.758667 0.791296 0.914283 0.938030 0.830500 0.952389 0.755732 0.731517 0.635778 0.000000 0.597937 0.826892 0.918896 0.921850 0.891994 0.876336 0.864012 0.937856 0.960726 0.854312 0.905855 0.848262 0.865166 0.833338 0.772433 0.762328 0.979041 0.870250 0.798333 0.935710 0.909988 0.868111 0.788641 0.949357 0.823241 0.712242 0.933871 0.965617 0.934454 0.981507 0.794976 0.771964 0.980614 0.939458 0.925701 0.951517 0.946650 0.818942 0.900093 0.700360 0.926525 0.904698 0.934160 0.903846 0.998341 0.827197 0.730793 0.610486 0.679019 0.691454 0.673369 0.688051 0.932737 0.889196 0.998776 0.753019 0.888267 0.879846 0.822127 0.754992 0.712981 0.714596 0.952717 0.992108 0.994794 0.821726 0.984277 0.991193 0.974259 0.974652 0.772063 0.903568 0.875010 0.896753 0.894814 0.845674 0.857445 0.875773 0.867135 0.904348 0.784345 0.896632 0.887971 0.941747
0.709669 0.593579 0.684566 0.645810 0.952477 0.946478 0.672768 0.674193 0.982769 0.761649 0.831341 0.685883 0.670458 0.707530 0.671817 0.769819 0.561461 0.592680 0.513006 0.565709 0.961230 0.893914 0.745423 0.829641 0.871949 0.840886 0.957654 0.969417 0.592162 0.660835 0.600815 0.597937 0.000000 0.517977 0.788180 0.987492 0.878404 0.927215 0.900037 0.976739 0.896862 0.823569 0.630143 0.542916 0.678254 0.651716 0.551827 0.538842 0.877249 0.826695 0.620478 0.796217 0.859797 0.919727 0.846584 0.980839 0.631919 0.625468 0.617708 0.686415 0.615586 0.764726 0.603994 0.657085 0.710649 0.754291 0.657630 0.563807 0.996749 0.825861 0.893909 0.727286 0.882648 0.904548 0.991826 0.874347 0.721474 0.811074 0.769177 0.658202 0.537129 0.630981 0.717549 0.765245 0.718005 0.745126 0.853223 0.897098 0.955313 0.734880 0.981193 0.885351 0.927760 0.917604 0.842744 0.843559 0.926350 0.886825 0.700419 0.693766 0.768282 0.807046 0.773620 0.812661 0.704878 0.911889 0.896606 0.919093 0.985055 0.863805 0.752981 0.874031 0.978146 0.962892 0.679781 0.994965
0.569360 0.538006 0.759625 0.689627 0.869717 0.923878 0.660062 0.572871 0.922795 0.754464 0.699690 0.521382 0.696367 0.707965 0.802717 0.746370 0.568555 0.522418 0.544913 0.545340 0.950901 0.894264 0.862436 0.865098 0.941141 0.956405 0.990200 0.886669 0.552374 0.556453 0.728484 0.826892 0.517977 0.000000 0.840240 0.968870 0.896247 0.870267 0.963487 0.970529 0.925364 0.891156 0.606862 0.487596 0.712432 0.627757 0.624035 0.576249 0.917883 0.967551 0.701163 0.968029 0.986997 0.883147 0.941272 0.932159 0.569804 0.651879 0.586202 0.664329 0.577922 0.623264 0.557871 0.582092 0.768470 0.705343 0.636402 0.539001 0.960377 0.780463 0.820499 0.722698 0.780673 0.759318 0.905078 0.891116 0.663001 0.714948 0.719353 0.742020 0.537116 0.640989 0.795107 0.766943 0.763194 0.768481 0.907583 0.904652 0.874115 0.914359 0.990019 0.820869 0.906118 0.960949 0.807528 0.722546 0.777099 0.819525 0.714534 0.688889 0.690863 0.944066 0.687447 0.756494 0.737297 0.917923 0.929166 0.910576 0.872781 0.670314 0.697638 0.770578 0.780608 0.895084 0.710127 0.871971
0.848176 0.878428 0.718077 0.744159 0.916448 0.835400 0.747411 0.841835 0.794797 0.913203 0.929701 0.983182 0.851908 0.983214 0.886192 0.980347 0.986774 0.961435 0.896157 0.919176 0.893211 0.955070 0.801048 0.941708 0.800674 0.870870 0.931890 0.889362 0.987203 0.905687 0.887519 0.918896 0.788180 0.840240 0.000000 0.911614 0.744047 0.984752 0.915890 0.963460 0.937166 0.965817 0.726912 0.745217 0.794154 0.789851 0.851278 0.748064 0.795728 0.744000 0.730832 0.764601 0.763794 0.834718 0.888993 0.856251 0.939299 0.893481 0.801436 0.823805 0.771130 0.812580 0.978275 0.985195 0.676887 0.725318 0.689877 0.705427 0.995079 0.943122 0.953313 0.921125 0.964722 0.955093 0.987883 0.927664 0.759409 0.790430 0.977540 0.918794 0.884587 0.897289 0.866450 0.785890 0.725607 0.761294 0.977423 0.967099 0.891416 0.770014 0.798571 0.829077 0.833580 0.815381 0.976214 0.897326 0.933374 0.971553 0.867549 0.914707 0.886797 0.776138 0.956923 0.845762 0.812471 0.969862 0.861075 0.997079 0.916102 0.948075 0.966313 0.956030 0.833154 0.913506 0.730608 0.892765
0.940021 0.989074 0.878799 0.873152 0.871680 0.899728 0.931488 0.978859 0.856308 0.957621 0.973430 0.999018 0.958723 0.956822 0.944260 0.973515 0.975393 0.972196 0.949252 0.936855 0.894732 0.884637 0.794332 0.786375 0.941117 0.870401 0.912981 0.999793 0.816378 0.849720 0.996047 0.921850 0.987492 0.968870 0.911614 0.000000 0.944498 0.951973 0.986206 0.891797 0.955972 0.970876 0.968784 0.974443 0.896171 0.956850 0.989474 0.944203 0.953063 0.981675 0.971309 0.999486 0.977320 0.999036 0.893338 0.975533 0.981684 0.941677 0.980719 0.986585 0.924196 0.937350 0.875379 0.915646 0.810788 0.883305 0.944884 0.935537 0.912979 0.961060 0.964398 0.943704 0.978989 0.915391 0.942346 0.882554 0.894148 0.906270 0.851403 0.968000 0.992608 0.906380 0.779003 0.927194 0.754446 0.803928 0.903088 0.749228 0.837046 0.792753 0.903341 0.964552 0.879044 0.969272 0.989395 0.954694 0.819616 0.928105 0.949141 0.956554 0.873057 0.892342 0.908974 0.867033 0.911524 0.950897 0.799179 0.963006 0.964938 0.967519 0.976741 0.971244 0.965598 0.963591 0.949887 0.970028
0.941986 0.820568 0.849969 0.929153 0.987103 0.890640 0.937761 0.893820 0.920581 0.991609 0.909118 0.898212 0.983094 0.809002 0.959651 0.927640 0.924625 0.981704 0.931464 0.942902 0.924627 0.817876 0.832596 0.851631 0.721426 0.723353 0.955815 0.911735 0.955609 0.873412 0.731219 0.891994 0.878404 0.896247 0.744047 0.944498 0.000000 0.681310 0.780300 0.911386 0.805596 0.895374 0.799135 0.892761 0.839334 0.780854 0.742854 0.739181 0.765906 0.679139 0.842936 0.803603 0.835849 0.854507 0.726572 0.679352 0.876111 0.842762 0.984827 0.998207 0.902370 0.952419 0.911188 0.956419 0.870008 0.961429 0.900910 0.816576 0.942639 0.913852 0.691743 0.888841 0.996829 0.959601 0.988225 0.970796 0.998067 0.790526 0.935791 0.960227 0.914189 0.884702 0.893194 0.799507 0.915782 0.944993 0.852174 0.872873 0.822129 0.836764 0.993525 0.945090 0.873950 0.951526 0.964890 0.873381 0.962716 0.796914 0.841050 0.996371 0.837428 0.996080 0.941674 0.952502 0.890468 0.808048 0.984332 0.908988 0.897044 0.842278 0.878661 0.977852 0.979225 0.962129 0.785199 0.973898
0.856446 0.765957 0.947982 0.932894 0.876104 0.895126 0.917994 0.996019 0.959868 0.840419 0.932415 0.953720 0.858899 0.910539 0.964729 0.990813 0.959237 0.901973 0.818439 0.841928 0.916632 0.782945 0.958470 0.893985 0.874287 0.918259 0.947732 0.978008 0.935377 0.974860 0.834064 0.876336 0.927215 0.870267 0.984752 0.951973 0.681310 0.000000 0.953040 0.999090 0.974125 0.832834 0.671400 0.770419 0.752937 0.725111 0.689573 0.639890 0.711423 0.679751 0.882121 0.834709 0.849211 0.974277 0.823612 0.809255 0.806272 0.784391 0.906775 0.976406 0.895859 0.946425 0.919940 0.958775 0.934067 0.956975 0.895147 0.936166 0.727422 0.822242 0.740391 0.676537 0.874225 0.838695 0.916658 0.986804 0.981889 0.862642 0.866780 0.876827 0.944988 0.922012 0.965126 0.894939 0.950527 0.977377 0.880259 0.951136 0.828517 0.937390 0.946817 0.938461 0.887891 0.936278 0.964132 0.784846 0.692077 0.716958 0.854356 0.814550 0.770733 0.925805 0.789199 0.691696 0.926691 0.697004 0.879548 0.970399 0.932965 0.910054 0.787472 0.893879 0.930477 0.821041 0.872833 0.807469
