0.000000 0.168153 0.395073 0.487485 0.678710 0.802933 0.291644 0.426521 0.839476 0.664335 0.368492 0.309661 0.227655 0.376198 0.498833 0.593916 0.346791 0.334601 0.236018 0.259468 0.601725 0.930197 0.491698 0.590773 0.620266 0.766360 0.807887 0.855718 0.619637 0.593432 0.790531 0.929895 0.263696 0.272967 0.503091 0.908313 0.437004 0.633111 0.592381 0.722213 0.670715 0.867019 0.764505 0.705786 0.857601 0.788620 0.401674 0.444220 0.774621 0.542532 0.692686 0.590751 0.952170 0.678595 0.353503 0.470460 0.257169 0.184500 0.250867 0.311673 0.201197 0.323859 0.300019 0.324988 0.442713 0.310674 0.284711 0.419356 0.243840 0.262345 0.635647 0.901251 0.631059 0.740653 0.746891 0.883914 0.671937 0.861795 0.494654 0.486173 0.264015 0.242565 0.327163 0.319230 0.246139 0.327375 0.508047 0.577913 0.426648 0.413666 0.691525 0.579256 0.818127 0.715075 0.809859 0.916812 0.382252 0.908476 0.886323 0.969925 0.594201 0.848725 0.867989 0.849276 0.587610 0.500810 0.988806 0.890519 0.837243 0.644523 0.999944 0.754861 0.944092 0.898101 0.691834 0.903669
0.168153 0.000000 0.444058 0.479014 0.718082 0.810796 0.308105 0.348789 0.860229 0.740707 0.378357 0.256064 0.261991 0.335342 0.527303 0.593762 0.304702 0.286624 0.218772 0.221232 0.626859 0.890081 0.486844 0.590763 0.697116 0.870915 0.846630 0.892437 0.523447 0.502762 0.782608 0.837934 0.245419 0.259793 0.557859 0.912508 0.470063 0.595681 0.625655 0.733427 0.690997 0.762819 0.629322 0.602897 0.772438 0.706220 0.336126 0.390132 0.694812 0.486040 0.616357 0.528105 0.985825 0.744589 0.400210 0.498689 0.224232 0.158573 0.252138 0.306154 0.227129 0.322657 0.261323 0.263851 0.534124 0.359948 0.289675 0.391848 0.304826 0.296446 0.554938 0.811034 0.634774 0.724749 0.776877 0.816322 0.552938 0.719024 0.392102 0.434700 0.238670 0.250702 0.353960 0.369434 0.314730 0.375856 0.574698 0.605790 0.483007 0.452922 0.744412 0.668970 0.877401 0.726439 0.791799 0.879147 0.357227 0.860251 0.781480 0.853700 0.681931 0.890517 0.757992 0.771482 0.552388 0.473821 0.973135 0.995642 0.880658 0.619940 0.941129 0.692682 0.874593 0.871177 0.613174 0.858058
0.395073 0.444058 0.000000 0.244910 0.753917 0.892873 0.407761 0.622145 0.668171 0.561473 0.787849 0.678890 0.337499 0.639403 0.471485 0.532449 0.778342 0.774851 0.586451 0.584681 0.529581 0.899407 0.356294 0.340116 0.288502 0.345996 0.596263 0.706601 0.901504 0.897780 0.676824 0.841792 0.500799 0.602375 0.361177 0.874043 0.339721 0.506322 0.390300 0.687080 0.662881 0.902975 0.981252 0.958009 0.923387 0.991211 0.623293 0.624461 0.937216 0.670311 0.883283 0.713998 0.940988 0.726698 0.260433 0.528974 0.668216 0.498577 0.449159 0.413501 0.376735 0.470367 0.748242 0.765101 0.182742 0.216813 0.366186 0.471452 0.296958 0.394445 0.815800 0.969166 0.681074 0.758405 0.820639 0.970461 0.800891 0.887690 0.764233 0.825452 0.696959 0.566864 0.623477 0.498239 0.255035 0.231345 0.558092 0.662445 0.284219 0.320052 0.679443 0.611448 0.922843 0.897789 0.703823 0.989201 0.662147 0.983139 0.750645 0.692466 0.533331 0.742729 0.773151 0.793327 0.664439 0.650055 0.903664 0.899856 0.960037 0.850839 0.943669 0.885185 0.847314 0.893301 0.817199 0.895679
0.487485 0.479014 0.244910 0.000000 0.763738 0.879240 0.445626 0.490947 0.679673 0.672075 0.935392 0.662729 0.411232 0.572386 0.463916 0.467065 0.860590 0.796393 0.636194 0.621945 0.566131 0.992395 0.315046 0.276235 0.312824 0.417101 0.576382 0.759062 0.905459 0.880350 0.678618 0.990169 0.555678 0.619084 0.407421 0.766121 0.411275 0.479701 0.387682 0.675032 0.749575 0.803107 0.890300 0.860069 0.973513 0.893878 0.600734 0.560450 0.997230 0.640859 0.812442 0.687063 0.976196 0.768520 0.338513 0.588361 0.708395 0.538569 0.513393 0.462423 0.465765 0.495654 0.812154 0.783934 0.252677 0.276514 0.407902 0.473409 0.435891 0.483563 0.836630 0.962731 0.839867 0.875656 0.843574 0.965915 0.744949 0.964674 0.764117 0.868619 0.757942 0.675222 0.659926 0.552576 0.336319 0.248191 0.590664 0.693602 0.367257 0.302741 0.817096 0.711934 0.942288 0.971573 0.690348 0.859746 0.687441 0.992739 0.864523 0.822790 0.590818 0.694723 0.832610 0.872571 0.635896 0.564611 0.862025 0.952315 0.864010 0.789988 0.964200 0.941985 0.891325 0.931944 0.825662 0.886958
0.678710 0.718082 0.753917 0.763738 0.000000 0.960840 0.762186 0.824613 0.926362 0.841398 0.818596 0.759420 0.610121 0.810999 0.694143 0.713051 0.804387 0.827750 0.749233 0.757619 0.805682 0.769679 0.648530 0.728816 0.650071 0.761386 0.874672 0.828573 0.898079 0.918293 0.809225 0.973851 0.735043 0.739944 0.787709 0.911728 0.755682 0.832984 0.880197 0.772744 0.961262 0.970001 0.963176 0.964590 0.937378 0.967584 0.832578 0.764718 0.939289 0.932952 0.940498 0.930168 0.923225 0.780786 0.732909 0.857708 0.722210 0.736471 0.735122 0.766737 0.710178 0.751339 0.805160 0.779070 0.721751 0.707346 0.794082 0.818215 0.630961 0.642592 0.924274 0.920033 0.858273 0.982956 0.891677 0.898717 0.980688 0.979223 0.869181 0.782704 0.736810 0.759482 0.723974 0.754266 0.663178 0.685909 0.860679 0.766945 0.760769 0.728444 0.820719 0.823116 0.974461 0.827506 0.795208 0.995041 0.897043 0.887999 0.947630 0.923630 0.797606 0.914487 0.970574 0.927841 0.938878 0.768369 0.970561 0.933733 0.954783 0.997506 0.835216 0.940945 0.976656 0.865419 0.829518 0.991573
0.802933 0.810796 0.892873 0.879240 0.960840 0.000000 0.823854 0.863079 0.915692 0.995152 0.819151 0.815358 0.886115 0.854026 0.920857 0.850899 0.835686 0.750240 0.833651 0.869521 0.705843 0.913320 0.992073 0.919729 0.967772 0.963190 0.966206 0.719999 0.845985 0.864299 0.801471 0.923891 0.882466 0.824584 0.960961 0.699778 0.978372 0.925240 0.915811 0.729826 0.772320 0.854909 0.793905 0.786968 0.822629 0.840964 0.876581 0.973091 0.896180 0.945263 0.941614 0.901607 0.878882 0.747726 0.898242 0.873151 0.771149 0.828284 0.915244 0.933868 0.892302 0.931198 0.950733 0.980576 0.905845 0.810539 0.804550 0.824932 0.875538 0.890207 0.974529 0.942021 0.914795 0.992576 0.773516 0.941266 0.959858 0.985113 0.935873 0.797734 0.845699 0.793175 0.965719 0.872427 0.908930 0.849163 0.810345 0.922356 0.978255 0.864973 0.767895 0.907223 0.767374 0.814479 0.900796 0.922999 0.787822 0.672358 0.781685 0.776372 0.969517 0.991036 0.930752 0.880443 0.990008 0.895719 0.942234 0.938314 0.945822 0.876498 0.870751 0.886039 0.941661 0.974252 0.994439 0.690112
0.291644 0.308105 0.407761 0.445626 0.762186 0.823854 0.000000 0.295227 0.587204 0.976872 0.508122 0.444183 0.312680 0.363683 0.421895 0.535797 0.472396 0.441341 0.308494 0.369238 0.717498 0.974643 0.545384 0.602537 0.701527 0.723121 0.921317 0.932373 0.631091 0.693945 0.626650 0.771137 0.277791 0.260649 0.533344 0.844110 0.470572 0.526664 0.665511 0.798964 0.748099 0.736673 0.522552 0.459759 0.570704 0.512226 0.370929 0.358987 0.633126 0.456152 0.543266 0.494433 0.781912 0.967261 0.386073 0.454766 0.390822 0.338202 0.331732 0.408499 0.268612 0.384024 0.446732 0.440099 0.517661 0.371060 0.247106 0.289140 0.404826 0.434048 0.495905 0.691371 0.623302 0.555056 0.729561 0.822307 0.529430 0.717758 0.510331 0.564970 0.447605 0.459119 0.526213 0.466233 0.410404 0.438601 0.707856 0.700946 0.541412 0.563438 0.960096 0.862363 0.990924 0.946104 0.704688 0.819770 0.435194 0.923021 0.712497 0.761378 0.791984 0.893784 0.789477 0.705518 0.437244 0.510569 0.846645 0.932943 0.898694 0.676610 0.806980 0.670146 0.802193 0.770348 0.659768 0.968118
0.426521 0.348789 0.622145 0.490947 0.824613 0.863079 0.295227 0.000000 0.674144 0.859604 0.630496 0.395647 0.483103 0.332585 0.571495 0.542300 0.554944 0.516609 0.420305 0.458783 0.821807 0.948976 0.633085 0.686694 0.860211 0.899825 0.996713 0.925265 0.594642 0.656625 0.705580 0.678102 0.417268 0.343195 0.664576 0.773146 0.583410 0.583674 0.749487 0.811420 0.923364 0.701408 0.450802 0.429141 0.571668 0.453461 0.323143 0.368393 0.559413 0.431905 0.424586 0.409769 0.660568 0.922347 0.498332 0.559373 0.465339 0.411407 0.388956 0.428273 0.362016 0.327172 0.460611 0.389407 0.742061 0.514500 0.411033 0.385290 0.611294 0.520504 0.606770 0.707408 0.767784 0.687546 0.781006 0.750845 0.514711 0.651839 0.555987 0.598241 0.519379 0.613394 0.577383 0.590736 0.606075 0.569716 0.831323 0.781336 0.675903 0.639640 0.981977 0.890223 0.996473 0.842447 0.818135 0.731014 0.454608 0.842562 0.551866 0.567209 0.976441 0.953283 0.622265 0.672058 0.505029 0.483811 0.838724 0.742516 0.952564 0.690935 0.762786 0.578266 0.697911 0.770673 0.643479 0.872830
0.839476 0.860229 0.668171 0.679673 0.926362 0.915692 0.587204 0.674144 0.000000 0.833151 0.905444 0.973861 0.711950 0.855569 0.724730 0.862306 0.955077 0.988735 0.840101 0.907004 0.948573 0.972243 0.777540 0.748632 0.771653 0.678833 0.925382 0.984447 0.981223 0.889564 0.671331 0.990428 0.745398 0.819268 0.699196 0.970241 0.678019 0.669455 0.804280 0.918778 0.997174 0.799277 0.738996 0.750581 0.640427 0.665934 0.730471 0.707262 0.778663 0.670411 0.672836 0.665288 0.645624 0.763134 0.656422 0.686019 0.930855 0.900068 0.735270 0.840359 0.703197 0.756280 0.964439 0.957782 0.709926 0.709301 0.630629 0.582653 0.759211 0.869690 0.771384 0.772743 0.814091 0.717967 0.823719 0.968363 0.673140 0.908550 0.952783 0.970718 0.963372 0.957303 0.954911 0.869660 0.811690 0.771014 0.968627 0.848047 0.703991 0.831780 0.930829 0.923285 0.946627 0.871518 0.713537 0.934750 0.895661 0.908507 0.838381 0.851770 0.918202 0.905407 0.979020 0.838068 0.735780 0.709501 0.833696 0.875027 0.794574 0.992752 0.885218 0.838820 0.894414 0.928211 0.819424 0.960847
0.664335 0.740707 0.561473 0.672075 0.841398 0.995152 0.976872 0.859604 0.833151 0.000000 0.926863 0.905441 0.648013 0.907648 0.809061 0.835847 0.895356 0.907810 0.828464 0.782462 0.715618 0.985164 0.579285 0.537535 0.469739 0.630165 0.524810 0.708456 0.778367 0.890098 0.952655 0.711413 0.819984 0.979624 0.612880 0.969572 0.652653 0.919879 0.533975 0.833376 0.790039 0.892901 0.551531 0.613952 0.454963 0.477516 0.985873 0.926829 0.538276 0.854818 0.652743 0.813594 0.559647 0.450251 0.632374 0.850121 0.823932 0.713536 0.866287 0.814485 0.810908 0.907116 0.912371 0.968862 0.470501 0.592458 0.854390 0.985788 0.564807 0.697821 0.935212 0.700079 0.892865 0.762979 0.994484 0.788763 0.801729 0.685814 0.902479 0.988126 0.771623 0.597933 0.612032 0.589515 0.432531 0.477531 0.663632 0.647045 0.579848 0.461194 0.457483 0.468394 0.742685 0.714388 0.980841 0.789755 0.978405 0.780769 0.442463 0.388922 0.432440 0.571256 0.509776 0.541118 0.873081 0.975173 0.864362 0.667137 0.934723 0.994296 0.630149 0.700540 0.599644 0.744412 0.876476 0.924382
0.368492 0.378357 0.787849 0.935392 0.818596 0.819151 0.508122 0.630496 0.905444 0.926863 0.000000 0.346758 0.545060 0.521556 0.810574 0.873330 0.373511 0.314977 0.362700 0.355104 0.791436 0.852623 0.931327 0.984333 0.916294 0.814577 0.823959 0.858776 0.469301 0.382501 0.953768 0.805566 0.455000 0.351063 0.837342 0.982858 0.801792 0.876831 0.948892 0.941588 0.748012 0.886054 0.734336 0.714008 0.712508 0.761466 0.613351 0.653882 0.677739 0.712218 0.801443 0.785300 0.899220 0.778280 0.735020 0.714861 0.344183 0.390119 0.520808 0.596719 0.455559 0.594277 0.353697 0.391941 0.893969 0.685321 0.535317 0.559609 0.543714 0.557595 0.694044 0.806074 0.656016 0.615717 0.741769 0.852961 0.765877 0.792473 0.535897 0.461664 0.313865 0.362587 0.586583 0.550504 0.645037 0.759538 0.734917 0.806907 0.805486 0.825092 0.870373 0.805733 0.936933 0.808605 0.918323 0.986137 0.531414 0.892842 0.681845 0.808353 0.886814 0.908240 0.660177 0.697627 0.705395 0.686602 0.810491 0.878348 0.684954 0.733739 0.929349 0.720346 0.846614 0.860490 0.776287 0.901477
0.309661 0.256064 0.678890 0.662729 0.759420 0.815358 0.444183 0.395647 0.973861 0.905441 0.346758 0.000000 0.417225 0.321439 0.595364 0.590262 0.370920 0.292208 0.284524 0.281511 0.718473 0.855630 0.616993 0.720692 0.888567 0.902905 0.941881 0.942150 0.437071 0.399432 0.887719 0.742942 0.377138 0.319447 0.746230 0.868251 0.648191 0.692028 0.882334 0.803127 0.860336 0.823607 0.648908 0.667164 0.779427 0.753052 0.481633 0.538316 0.732074 0.627005 0.694474 0.669248 0.941467 0.745682 0.633945 0.621421 0.287172 0.297333 0.433213 0.482544 0.325221 0.328569 0.301890 0.251835 0.761822 0.533422 0.515045 0.508172 0.497481 0.430608 0.653366 0.792565 0.617720 0.674531 0.792078 0.796349 0.691084 0.653079 0.445660 0.410571 0.293068 0.362648 0.515675 0.501457 0.515295 0.554215 0.702104 0.717768 0.695140 0.626170 0.789591 0.665795 0.854913 0.617686 0.924153 0.767600 0.466250 0.828020 0.706873 0.760175 0.824973 0.950085 0.611353 0.707708 0.578057 0.524930 0.899242 0.952147 0.846690 0.633515 0.870788 0.650272 0.781350 0.817695 0.648102 0.877019
0.227655 0.261991 0.337499 0.411232 0.610121 0.886115 0.312680 0.483103 0.711950 0.648013 0.545060 0.417225 0.000000 0.409713 0.386185 0.436844 0.433683 0.478177 0.326780 0.345865 0.564011 0.932409 0.324066 0.452551 0.508421 0.676166 0.747854 0.772475 0.722355 0.724867 0.617845 0.946896 0.303632 0.351252 0.515208 0.923556 0.386569 0.592585 0.548323 0.697294 0.628540 0.899541 0.794305 0.704759 0.938620 0.822606 0.473264 0.450909 0.887440 0.544599 0.701060 0.580578 0.987604 0.787943 0.390173 0.505033 0.392850 0.290208 0.329148 0.333667 0.229820 0.339576 0.394534 0.396206 0.369332 0.304117 0.365452 0.493715 0.269779 0.299208 0.615956 0.870366 0.579686 0.658006 0.756122 0.848218 0.635934 0.830836 0.545560 0.502723 0.394904 0.359352 0.422841 0.379407 0.245262 0.297572 0.528299 0.552756 0.419323 0.394375 0.624305 0.599476 0.723458 0.729022 0.783370 0.994920 0.503700 0.962521 0.994419 0.929587 0.570915 0.807765 0.948146 0.880602 0.624476 0.481487 0.942120 0.837103 0.965470 0.791381 0.981753 0.855672 0.943675 0.996648 0.680458 0.959610
0.376198 0.335342 0.639403 0.572386 0.810999 0.854026 0.363683 0.332585 0.855569 0.907648 0.521556 0.321439 0.409713 0.000000 0.519946 0.475870 0.431688 0.354168 0.281868 0.338240 0.760962 0.824192 0.534697 0.555615 0.837353 0.948164 0.800650 0.944574 0.486758 0.469477 0.743739 0.612903 0.383459 0.332469 0.618272 0.793213 0.665817 0.544958 0.767123 0.796273 0.922799 0.754641 0.639809 0.587593 0.776738 0.686198 0.490895 0.537412 0.795356 0.696478 0.722160 0.708830 0.987233 0.806164 0.628728 0.622827 0.356928 0.394592 0.525187 0.581228 0.425097 0.438802 0.443161 0.380162 0.709243 0.507595 0.485053 0.539432 0.575461 0.580885 0.602945 0.681022 0.704828 0.737812 0.810958 0.755051 0.701015 0.602946 0.466825 0.470960 0.383203 0.427449 0.472957 0.480123 0.519470 0.502991 0.728741 0.629919 0.692561 0.636419 0.828309 0.747830 0.854945 0.774926 0.944719 0.747991 0.505240 0.882984 0.759652 0.741431 0.780330 0.946184 0.717770 0.712874 0.581966 0.586392 0.980784 0.936525 0.959267 0.691046 0.861822 0.674755 0.786370 0.833977 0.795465 0.907493
0.498833 0.527303 0.471485 0.463916 0.694143 0.920857 0.421895 0.571495 0.724730 0.809061 0.810574 0.595364 0.386185 0.519946 0.000000 0.336862 0.649708 0.623915 0.533086 0.573472 0.678674 0.982406 0.366915 0.426640 0.557932 0.701651 0.717649 0.815429 0.787280 0.823984 0.542655 0.776880 0.459987 0.536081 0.695002 0.888534 0.552840 0.583864 0.700373 0.937615 0.729503 0.778739 0.809919 0.743537 0.934447 0.880840 0.612444 0.607632 0.977600 0.746240 0.882071 0.780918 0.951526 0.792721 0.543583 0.686445 0.580406 0.526756 0.623094 0.614176 0.473187 0.493486 0.624904 0.585526 0.488667 0.454494 0.608229 0.636829 0.506301 0.571828 0.694654 0.845299 0.758791 0.784146 0.943463 0.829833 0.851958 0.810090 0.678237 0.629575 0.579177 0.560820 0.594207 0.501092 0.448394 0.442876 0.600516 0.564898 0.563387 0.499598 0.805104 0.797079 0.859444 0.834706 0.767250 0.920549 0.607813 0.937150 0.987877 0.981507 0.764268 0.953169 0.974765 0.937803 0.681021 0.716020 0.918273 0.906942 0.936350 0.967954 0.951956 0.944786 0.941154 0.902622 0.878050 0.870880
0.593916 0.593762 0.532449 0.467065 0.713051 0.850899 0.535797 0.542300 0.862306 0.835847 0.873330 0.590262 0.436844 0.475870 0.336862 0.000000 0.777823 0.725618 0.620653 0.660060 0.642339 0.993390 0.387783 0.396521 0.524976 0.682955 0.710487 0.848784 0.868767 0.907235 0.575754 0.763037 0.575489 0.568243 0.663299 0.799519 0.563271 0.628437 0.691210 0.734889 0.722395 0.924957 0.823477 0.733808 0.934893 0.923891 0.608553 0.656015 0.918226 0.886105 0.941871 0.865315 0.963339 0.768459 0.631647 0.776935 0.670590 0.622688 0.678486 0.609111 0.527865 0.503678 0.742254 0.661466 0.551470 0.468675 0.694390 0.750644 0.589326 0.575792 0.831733 0.848848 0.789617 0.766534 0.926832 0.722142 0.891902 0.804141 0.768453 0.708627 0.719539 0.679546 0.672133 0.591304 0.543748 0.427058 0.734328 0.696820 0.584996 0.524401 0.780686 0.747225 0.905683 0.813796 0.867654 0.916014 0.739412 0.960155 0.964436 0.987240 0.794137 0.833524 0.951719 0.952091 0.768451 0.650247 0.874824 0.891544 0.859551 0.993924 0.973434 0.924084 0.853140 0.980987 0.842205 0.869695
0.346791 0.304702 0.778342 0.860590 0.804387 0.835686 0.472396 0.554944 0.955077 0.895356 0.373511 0.370920 0.433683 0.431688 0.649708 0.777823 0.000000 0.229810 0.252467 0.278877 0.874969 0.884086 0.708250 0.862930 0.994106 0.851006 0.984923 0.937199 0.355051 0.320966 0.786745 0.655373 0.307255 0.323414 0.862990 0.978499 0.695693 0.815687 0.966104 0.833710 0.720846 0.737320 0.564422 0.522773 0.714707 0.692263 0.478717 0.541137 0.684997 0.656682 0.700644 0.679514 0.984543 0.852385 0.695110 0.640633 0.210205 0.272684 0.486310 0.552880 0.435603 0.531674 0.248082 0.252713 0.854868 0.661763 0.528132 0.582718 0.518312 0.540422 0.490119 0.682060 0.644996 0.716179 0.803206 0.720350 0.618685 0.556057 0.369375 0.345869 0.197603 0.266753 0.405655 0.446648 0.545298 0.676610 0.769430 0.599970 0.749221 0.746640 0.843096 0.855348 0.817045 0.730519 0.968779 0.976509 0.458221 0.881129 0.664244 0.746859 0.859080 0.837646 0.575108 0.578829 0.665204 0.662515 0.947035 0.895433 0.834017 0.680374 0.916877 0.630099 0.803231 0.796664 0.667001 0.878137
0.334601 0.286624 0.774851 0.796393 0.827750 0.750240 0.441341 0.516609 0.988735 0.907810 0.314977 0.292208 0.478177 0.354168 0.623915 0.725618 0.229810 0.000000 0.246698 0.203491 0.783089 0.816697 0.723234 0.793579 0.991317 0.858894 0.942659 0.965831 0.333623 0.282766 0.859205 0.611618 0.310727 0.283549 0.810101 0.887090 0.720674 0.659099 0.921587 0.879255 0.714847 0.686853 0.559131 0.544293 0.678063 0.708782 0.526753 0.578588 0.711813 0.744885 0.821439 0.826886 0.837506 0.681429 0.714567 0.668977 0.169226 0.254117 0.532208 0.639639 0.477079 0.578993 0.308620 0.294344 0.836933 0.631700 0.489510 0.530222 0.498428 0.524859 0.511434 0.624919 0.692249 0.687211 0.830292 0.775971 0.696785 0.548965 0.346394 0.306323 0.197014 0.240916 0.433723 0.474735 0.547129 0.633744 0.730285 0.642355 0.749425 0.723176 0.954182 0.871531 0.996242 0.852230 0.966869 0.806628 0.421087 0.838796 0.638182 0.686326 0.883660 0.890858 0.541272 0.595099 0.571180 0.631017 0.933342 0.875629 0.845318 0.615508 0.836088 0.615473 0.876536 0.785752 0.777037 0.870602
0.236018 0.218772 0.586451 0.636194 0.749233 0.833651 0.308494 0.420305 0.840101 0.828464 0.362700 0.284524 0.326780 0.281868 0.533086 0.620653 0.252467 0.246698 0.000000 0.238631 0.706806 0.844833 0.585070 0.677587 0.862464 0.998100 0.856758 0.958227 0.405061 0.393522 0.746444 0.697767 0.273102 0.238933 0.628551 0.903791 0.622771 0.644091 0.780505 0.739543 0.777442 0.769929 0.603185 0.559209 0.711780 0.679221 0.413259 0.453245 0.702331 0.594229 0.658401 0.614558 0.965180 0.789796 0.525906 0.555723 0.214724 0.244953 0.355111 0.446194 0.310486 0.441259 0.265677 0.281728 0.684032 0.488779 0.347462 0.462323 0.416454 0.456183 0.465466 0.736700 0.630833 0.707847 0.785770 0.760884 0.614780 0.627890 0.405225 0.404182 0.235927 0.280871 0.409758 0.424250 0.434082 0.512264 0.703818 0.601176 0.653191 0.644176 0.791708 0.752257 0.828010 0.735648 0.871666 0.848185 0.389956 0.900069 0.730995 0.759018 0.708569 0.968972 0.703256 0.629077 0.547691 0.527230 0.995898 0.918990 0.853799 0.601759 0.897289 0.635120 0.829529 0.819658 0.625851 0.923149
0.259468 0.221232 0.584681 0.621945 0.757619 0.869521 0.369238 0.458783 0.907004 0.782462 0.355104 0.281511 0.345865 0.338240 0.573472 0.660060 0.278877 0.203491 0.238631 0.000000 0.690440 0.793804 0.565018 0.659134 0.795826 0.942338 0.853046 0.984002 0.459439 0.394173 0.703167 0.721531 0.258092 0.285693 0.646373 0.892780 0.572137 0.554738 0.760609 0.799616 0.721640 0.687259 0.634279 0.610019 0.787449 0.804872 0.502048 0.553559 0.806758 0.661281 0.771512 0.729795 0.870683 0.698579 0.577143 0.615893 0.186014 0.211030 0.438040 0.517209 0.361518 0.459966 0.313126 0.292398 0.647605 0.478144 0.400674 0.484528 0.360325 0.401276 0.450089 0.626562 0.632902 0.664894 0.781882 0.806803 0.576246 0.606076 0.393860 0.358905 0.226452 0.236284 0.403957 0.430353 0.395734 0.479988 0.689211 0.651751 0.617092 0.580134 0.798659 0.743407 0.908046 0.811976 0.926936 0.866294 0.413287 0.955651 0.797890 0.836399 0.732042 0.968670 0.651633 0.713933 0.523797 0.567968 0.947954 0.927739 0.856509 0.664881 0.903457 0.714335 0.964489 0.833143 0.719908 0.857775
0.601725 0.626859 0.529581 0.566131 0.805682 0.705843 0.717498 0.821807 0.948573 0.715618 0.791436 0.718473 0.564011 0.760962 0.678674 0.642339 0.874969 0.783089 0.706806 0.690440 0.000000 0.898911 0.650171 0.576712 0.604214 0.660627 0.733961 0.636433 0.991745 0.983990 0.942204 0.931054 0.742337 0.715477 0.604168 0.715393 0.639086 0.646082 0.632253 0.758232 0.739360 0.974582 0.939970 0.957147 0.927415 0.959088 0.817828 0.927223 0.920047 0.923189 0.970379 0.973810 0.748545 0.646382 0.610333 0.879617 0.734579 0.663430 0.700822 0.688079 0.615614 0.672369 0.885512 0.880687 0.504067 0.467267 0.625239 0.801676 0.532095 0.617226 0.910272 0.968237 0.870493 0.958953 0.957341 0.982034 0.859537 0.948561 0.991257 0.780934 0.799609 0.673758 0.733414 0.742191 0.553404 0.481570 0.727119 0.785752 0.633796 0.603704 0.786865 0.675440 0.987190 0.931106 0.769255 0.929385 0.802217 0.914352 0.859991 0.820355 0.703576 0.773003 0.916151 0.823643 0.953772 0.836236 0.958418 0.789145 0.902345 0.980036 0.939010 0.856426 0.860184 0.907892 0.891834 0.929072
0.930197 0.890081 0.899407 0.992395 0.769679 0.913320 0.974643 0.948976 0.972243 0.985164 0.852623 0.855630 0.932409 0.824192 0.982406 0.993390 0.884086 0.816697 0.844833 0.793804 0.898911 0.000000 0.976287 0.975654 0.979339 0.923538 0.919940 0.955181 0.803454 0.772175 0.890167 0.768083 0.896144 0.887434 0.948055 0.848530 0.998357 0.956277 0.938678 0.804694 0.922661 0.947311 0.769331 0.836454 0.895553 0.961323 0.875946 0.919570 0.970170 0.977460 0.939380 0.955003 0.845925 0.889903 0.889494 0.974828 0.797987 0.895102 0.938348 0.954208 0.992294 0.933281 0.972017 0.937737 0.965990 0.978867 0.920103 0.945698 0.886723 0.908741 0.923143 0.991926 0.996863 0.913619 0.998341 0.977620 0.866291 0.757968 0.890503 0.972619 0.883792 0.925384 0.970640 0.978865 0.996735 0.984213 0.980126 0.924415 0.970008 0.957563 0.972840 0.896025 0.825063 0.868237 0.848865 0.916529 0.983538 0.937007 0.928246 0.879639 0.957848 0.961516 0.843754 0.920757 0.946659 0.827075 0.947308 0.994518 0.836871 0.925339 0.950822 0.946389 0.897249 0.927144 0.928162 0.889475
0.491698 0.486844 0.356294 0.315046 0.648530 0.992073 0.545384 0.633085 0.777540 0.579285 0.931327 0.616993 0.324066 0.534697 0.366915 0.387783 0.708250 0.723234 0.585070 0.565018 0.650171 0.976287 0.000000 0.221791 0.329239 0.530859 0.464891 0.759488 0.936710 0.944100 0.516855 0.951549 0.527035 0.663014 0.576464 0.897415 0.425298 0.537146 0.549471 0.760278 0.764892 0.845016 0.965442 0.921013 0.807956 0.920718 0.652634 0.648658 0.839517 0.747493 0.932203 0.786800 0.865770 0.723069 0.496570 0.706652 0.623698 0.523497 0.615966 0.564589 0.501352 0.504157 0.692421 0.637171 0.336799 0.373511 0.586604 0.693619 0.423603 0.472461 0.734049 0.883882 0.788656 0.904912 0.802783 0.935100 0.846103 0.946057 0.675298 0.732064 0.632147 0.581217 0.546831 0.525385 0.302184 0.272609 0.512969 0.560393 0.415119 0.331594 0.673618 0.644451 0.839767 0.796460 0.789626 0.921259 0.728481 0.933265 0.791431 0.778043 0.517798 0.712122 0.876575 0.941321 0.689730 0.665370 0.943384 0.869229 0.848994 0.867191 0.954300 0.931094 0.903049 0.912692 0.843614 0.972882
0.590773 0.590763 0.340116 0.276235 0.728816 0.919729 0.602537 0.686694 0.748632 0.537535 0.984333 0.720692 0.452551 0.555615 0.426640 0.396521 0.862930 0.793579 0.677587 0.659134 0.576712 0.975654 0.221791 0.000000 0.272169 0.432916 0.427107 0.709979 0.936499 0.932595 0.644263 0.980942 0.639392 0.724969 0.480022 0.748542 0.473456 0.487017 0.486279 0.729397 0.793912 0.832530 0.934345 0.992160 0.785483 0.858445 0.729353 0.753817 0.755313 0.921175 0.884524 0.979919 0.744228 0.589413 0.461957 0.684567 0.712113 0.610872 0.730134 0.695831 0.608000 0.618030 0.895402 0.832531 0.309572 0.362317 0.625236 0.723376 0.489140 0.583013 0.857371 0.936381 0.957151 0.982971 0.886338 0.958799 0.962859 0.977779 0.783022 0.838804 0.751704 0.631553 0.600645 0.518666 0.343839 0.253246 0.588517 0.560764 0.416407 0.315067 0.713808 0.610893 0.953708 0.865333 0.813379 0.889585 0.809636 0.942816 0.744462 0.713700 0.547491 0.670385 0.753607 0.822786 0.769967 0.767427 0.965055 0.781641 0.814896 0.939515 0.914457 0.866132 0.793081 0.822666 0.997764 0.938787
0.620266 0.697116 0.288502 0.312824 0.650071 0.967772 0.701527 0.860211 0.771653 0.469739 0.916294 0.888567 0.508421 0.837353 0.557932 0.524976 0.994106 0.991317 0.862464 0.795826 0.604214 0.979339 0.329239 0.272169 0.000000 0.261509 0.458919 0.617603 0.679637 0.670060 0.680853 0.777947 0.737652 0.874359 0.436050 0.831593 0.406899 0.590242 0.408402 0.675550 0.727648 0.954631 0.783045 0.844159 0.658043 0.737995 0.844289 0.806841 0.661458 0.972065 0.841322 0.996152 0.762612 0.594116 0.412760 0.707169 0.861405 0.713773 0.736371 0.666313 0.641728 0.684362 0.959419 0.987469 0.205295 0.343241 0.661579 0.760683 0.442627 0.496632 0.976093 0.915349 0.914527 0.991844 0.930758 0.859600 0.977787 0.761677 0.959380 0.999882 0.900724 0.732312 0.691192 0.562101 0.330496 0.266573 0.569631 0.675770 0.334696 0.288866 0.719040 0.599814 0.985027 0.907354 0.788014 0.984638 0.913101 0.926284 0.563876 0.537367 0.495932 0.631620 0.592914 0.642480 0.874115 0.820882 0.920971 0.850620 0.906062 0.997781 0.760808 0.725251 0.694478 0.741732 0.980119 0.908842
0.766360 0.870915 0.345996 0.417101 0.761386 0.963190 0.723121 0.899825 0.678833 0.630165 0.814577 0.902905 0.676166 0.948164 0.701651 0.682955 0.851006 0.858894 0.998100 0.942338 0.660627 0.923538 0.530859 0.432916 0.261509 0.000000 0.541498 0.611001 0.585949 0.538452 0.699095 0.807835 0.830055 0.989705 0.515808 0.788481 0.505351 0.614799 0.467068 0.664633 0.833403 0.976353 0.824799 0.864493 0.773087 0.819931 0.875437 0.920492 0.715321 0.965972 0.897477 0.966104 0.911797 0.803289 0.433152 0.725190 0.998434 0.885988 0.799406 0.759265 0.762748 0.829457 0.804246 0.798866 0.290581 0.418563 0.662845 0.751593 0.542169 0.662806 0.944660 0.982079 0.951562 0.960906 0.926438 0.800348 0.988158 0.679554 0.903441 0.865204 0.896806 0.924183 0.863122 0.761422 0.494527 0.384631 0.777994 0.854723 0.426345 0.449459 0.886579 0.779132 0.885632 0.918406 0.704777 0.948301 0.994432 0.940061 0.615770 0.608427 0.643540 0.768801 0.600322 0.582304 0.940123 0.879997 0.860656 0.844751 0.856263 0.975010 0.860078 0.729469 0.711437 0.807434 0.933529 0.776374
0.807887 0.846630 0.596263 0.576382 0.874672 0.966206 0.921317 0.996713 0.925382 0.524810 0.823959 0.941881 0.747854 0.800650 0.717649 0.710487 0.984923 0.942659 0.856758 0.853046 0.733961 0.919940 0.464891 0.427107 0.458919 0.541498 0.000000 0.686948 0.808252 0.842419 0.812196 0.913138 0.854870 0.974291 0.675543 0.831475 0.777910 0.638078 0.692588 0.915462 0.984200 0.894296 0.764300 0.758014 0.603403 0.641654 0.992086 0.910566 0.557529 0.841715 0.737894 0.837178 0.623016 0.594801 0.732443 0.975132 0.892789 0.868497 0.977210 0.931699 0.911167 0.919716 0.929243 0.964620 0.513963 0.599919 0.809402 0.980032 0.676823 0.770025 0.963894 0.999303 0.988088 0.831358 0.890860 0.949176 0.855234 0.827669 0.931427 0.978661 0.933057 0.808369 0.770809 0.787648 0.575398 0.507110 0.768960 0.773612 0.617869 0.548738 0.809313 0.709769 0.952144 0.901096 0.995969 0.985556 0.925120 0.955841 0.679227 0.639844 0.603558 0.731162 0.716326 0.714792 0.917918 0.964064 0.959049 0.765278 0.849713 0.990129 0.845509 0.744418 0.669480 0.823745 0.873523 0.799107
0.855718 0.892437 0.706601 0.759062 0.828573 0.719999 0.932373 0.925265 0.984447 0.708456 0.858776 0.942150 0.772475 0.944574 0.815429 0.848784 0.937199 0.965831 0.958227 0.984002 0.636433 0.955181 0.759488 0.709979 0.617603 0.611001 0.686948 0.000000 0.904766 0.806815 0.876276 0.859204 0.940230 0.973987 0.890008 0.739038 0.770000 0.986125 0.828120 0.762835 0.871520 0.967401 0.978361 0.997804 0.779473 0.875511 0.915362 0.915858 0.831288 0.973339 0.929430 0.994855 0.889947 0.841162 0.758320 0.922592 0.920267 0.879462 0.860314 0.795543 0.902141 0.949893 0.935870 0.921607 0.662057 0.734642 0.887281 0.938512 0.766996 0.717096 0.902168 0.835008 0.933638 0.809262 0.917771 0.953004 0.898911 0.872970 0.968906 0.999317 0.983858 0.886750 0.929193 0.930372 0.741882 0.700506 0.911373 0.978234 0.800040 0.713316 0.877088 0.877690 0.928160 0.998221 0.824536 0.806617 0.946975 0.874488 0.771816 0.736427 0.793181 0.817795 0.748405 0.786824 0.845766 0.916069 0.850917 0.867476 0.875473 0.939146 0.824773 0.786687 0.935761 0.923977 0.914273 0.772820
0.619637 0.523447 0.901504 0.905459 0.898079 0.845985 0.631091 0.594642 0.981223 0.778367 0.469301 0.437071 0.722355 0.486758 0.787280 0.868767 0.355051 0.333623 0.405061 0.459439 0.991745 0.803454 0.936710 0.936499 0.679637 0.585949 0.808252 0.904766 0.000000 0.203285 0.815374 0.442105 0.520030 0.439356 0.905252 0.995854 0.959996 0.948840 0.766634 0.978852 0.942401 0.834432 0.428486 0.438241 0.548786 0.584609 0.623097 0.630893 0.600932 0.718053 0.665175 0.744900 0.865517 0.963992 0.993965 0.823576 0.368593 0.527818 0.664477 0.772005 0.672982 0.710671 0.350801 0.333742 0.767613 0.990855 0.738327 0.724289 0.838269 0.817721 0.496796 0.625395 0.747951 0.718142 0.895163 0.712759 0.660019 0.420063 0.418693 0.363769 0.371856 0.542828 0.665280 0.758931 0.933964 0.985271 0.951521 0.846758 0.925377 0.904147 0.961256 0.913655 0.894570 0.788566 0.915111 0.850786 0.487399 0.934761 0.511581 0.478632 0.838954 0.738831 0.432813 0.398945 0.696493 0.748963 0.955454 0.982294 0.812375 0.691316 0.758973 0.570163 0.660779 0.750083 0.754895 0.907652
0.593432 0.502762 0.897780 0.880350 0.918293 0.864299 0.693945 0.656625 0.889564 0.890098 0.382501 0.399432 0.724867 0.469477 0.823984 0.907235 0.320966 0.282766 0.393522 0.394173 0.983990 0.772175 0.944100 0.932595 0.670060 0.538452 0.842419 0.806815 0.203285 0.000000 0.900640 0.503791 0.525365 0.476358 0.925205 0.995922 0.989308 0.921104 0.772851 0.988835 0.918682 0.815742 0.568889 0.576306 0.666601 0.726617 0.696295 0.736664 0.695517 0.819518 0.799432 0.868273 0.985085 0.885794 0.954080 0.902754 0.334256 0.499327 0.711910 0.810266 0.686992 0.728408 0.349544 0.333279 0.783384 0.973653 0.763527 0.772483 0.810556 0.825631 0.553360 0.659484 0.727579 0.734253 0.845430 0.685736 0.758791 0.462119 0.419086 0.358430 0.325774 0.458869 0.620105 0.703612 0.889308 0.998094 0.899338 0.779008 0.927691 0.938882 0.949431 0.999664 0.869527 0.785636 0.992030 0.915652 0.529998 0.904460 0.588485 0.588545 0.946022 0.788993 0.441479 0.469655 0.703790 0.736637 0.853328 0.923167 0.811546 0.733638 0.797064 0.610472 0.771495 0.777151 0.794051 0.844166
0.790531 0.782608 0.676824 0.678618 0.809225 0.801471 0.626650 0.705580 0.671331 0.952655 0.953768 0.887719 0.617845 0.743739 0.542655 0.575754 0.786745 0.859205 0.746444 0.703167 0.942204 0.890167 0.516855 0.644263 0.680853 0.699095 0.812196 0.876276 0.815374 0.900640 0.000000 0.652662 0.623503 0.773780 0.877419 0.942070 0.527476 0.716671 0.851515 0.868699 0.861091 0.865654 0.737868 0.674238 0.983464 0.919532 0.756359 0.766521 0.916885 0.794731 0.810570 0.771127 0.763757 0.881515 0.747529 0.864560 0.764650 0.776894 0.790862 0.758693 0.721012 0.710997 0.813924 0.739288 0.736253 0.704080 0.813469 0.799295 0.716412 0.770383 0.600328 0.680432 0.684015 0.711904 0.811833 0.773677 0.690471 0.683492 0.759314 0.784980 0.832854 0.858520 0.838237 0.833055 0.719418 0.697172 0.959927 0.949872 0.747272 0.822583 0.826293 0.968767 0.841373 0.892559 0.820463 0.935109 0.799447 0.673636 0.922075 0.996743 0.838658 0.967482 0.860856 0.846674 0.687253 0.847346 0.791880 0.926195 0.915957 0.885178 0.918674 0.962885 0.962010 0.900263 0.925805 0.941033
0.929895 0.837934 0.841792 0.990169 0.973851 0.923891 0.771137 0.678102 0.990428 0.711413 0.805566 0.742942 0.946896 0.612903 0.776880 0.763037 0.655373 0.611618 0.697767 0.721531 0.931054 0.768083 0.951549 0.980942 0.777947 0.807835 0.913138 0.859204 0.442105 0.503791 0.652662 0.000000 0.696928 0.658732 0.825489 0.897358 0.983399 0.880041 0.821601 0.926170 0.985802 0.787108 0.520997 0.472148 0.677695 0.687121 0.787577 0.862897 0.830912 0.938583 0.881898 0.951607 0.898251 0.943292 0.982075 0.974185 0.628715 0.815429 0.988533 0.955464 0.963786 0.947470 0.753394 0.695590 0.764084 0.975757 0.937925 0.856033 0.971698 0.885169 0.718332 0.620720 0.968832 0.862559 0.946724 0.782138 0.818932 0.502553 0.687695 0.692817 0.678335 0.806545 0.871125 0.823503 0.926478 0.967166 0.844572 0.936357 0.916030 0.919579 0.753981 0.782169 0.861913 0.998781 0.878336 0.861048 0.799668 0.905719 0.601093 0.508680 0.770850 0.691482 0.531670 0.566189 0.833117 0.906212 0.984960 0.996476 0.936538 0.836258 0.741783 0.664640 0.758547 0.759624 0.910119 0.967394
0.263696 0.245419 0.500799 0.555678 0.735043 0.882466 0.277791 0.417268 0.745398 0.819984 0.455000 0.377138 0.303632 0.383459 0.459987 0.575489 0.307255 0.310727 0.273102 0.258092 0.742337 0.896144 0.527035 0.639392 0.737652 0.830055 0.854870 0.940230 0.520030 0.525365 0.623503 0.696928 0.000000 0.251420 0.649309 0.953365 0.484631 0.613263 0.713428 0.793545 0.623802 0.751662 0.539609 0.504892 0.711979 0.663790 0.401122 0.456082 0.709639 0.563113 0.657694 0.610592 0.932087 0.821431 0.468061 0.496318 0.246421 0.244071 0.387065 0.462082 0.319854 0.424693 0.309108 0.334114 0.580515 0.428760 0.337375 0.386915 0.368459 0.431700 0.454810 0.702415 0.630194 0.670268 0.712368 0.760770 0.522613 0.667328 0.381066 0.432352 0.278894 0.314927 0.398600 0.401948 0.378315 0.433552 0.700865 0.609334 0.535996 0.577484 0.873613 0.787638 0.962943 0.802776 0.851170 0.933538 0.434665 0.959914 0.761085 0.812525 0.795812 0.926266 0.733270 0.698915 0.543161 0.525766 0.979043 0.941584 0.990769 0.633026 0.868280 0.650422 0.868241 0.753247 0.685522 0.929635
0.272967 0.259793 0.602375 0.619084 0.739944 0.824584 0.260649 0.343195 0.819268 0.979624 0.351063 0.319447 0.351252 0.332469 0.536081 0.568243 0.323414 0.283549 0.238933 0.285693 0.715477 0.887434 0.663014 0.724969 0.874359 0.989705 0.974291 0.973987 0.439356 0.476358 0.773780 0.658732 0.251420 0.000000 0.645610 0.878933 0.587850 0.678119 0.772897 0.758490 0.650464 0.787188 0.518389 0.459601 0.603911 0.544308 0.376931 0.421133 0.579212 0.534076 0.586034 0.579455 0.909186 0.867233 0.508712 0.467990 0.253631 0.255965 0.340657 0.417970 0.281479 0.362538 0.293234 0.287070 0.703870 0.501030 0.351439 0.390751 0.439688 0.437733 0.540468 0.742754 0.637684 0.590814 0.776152 0.768112 0.571149 0.612891 0.442378 0.430012 0.271713 0.333785 0.426782 0.416726 0.477910 0.533501 0.711217 0.671323 0.612820 0.673788 0.886669 0.780884 0.927860 0.799795 0.884240 0.818468 0.355101 0.911424 0.619259 0.694949 0.901807 0.892819 0.649711 0.623431 0.532643 0.537110 0.990372 0.962560 0.863493 0.620777 0.810652 0.549732 0.784909 0.771909 0.650608 0.932220
0.503091 0.557859 0.361177 0.407421 0.787709 0.960961 0.533344 0.664576 0.699196 0.612880 0.837342 0.746230 0.515208 0.618272 0.695002 0.663299 0.862990 0.810101 0.628551 0.646373 0.604168 0.948055 0.576464 0.480022 0.436050 0.515808 0.675543 0.890008 0.905252 0.925205 0.877419 0.825489 0.649309 0.645610 0.000000 0.885811 0.504077 0.492902 0.398708 0.692875 0.806953 0.950981 0.889829 0.992598 0.934615 0.944614 0.757293 0.736165 0.872758 0.883461 0.989590 0.882693 0.826746 0.676618 0.381164 0.539565 0.731413 0.603616 0.590591 0.609582 0.527942 0.618733 0.859999 0.863231 0.335228 0.351505 0.452954 0.541671 0.478045 0.598286 0.882561 0.953364 0.814299 0.877993 0.971888 0.915666 0.924978 0.891865 0.828091 0.865255 0.762537 0.619672 0.612099 0.563114 0.402991 0.368033 0.717013 0.681072 0.419167 0.495778 0.693520 0.621776 0.974297 0.957480 0.809481 0.971491 0.742125 0.983640 0.719251 0.721654 0.491158 0.819591 0.742880 0.819646 0.739169 0.739927 0.936862 0.814940 0.935034 0.917240 0.804760 0.895125 0.766792 0.847373 0.838089 0.872921
0.908313 0.912508 0.874043 0.766121 0.911728 0.699778 0.844110 0.773146 0.970241 0.969572 0.982858 0.868251 0.923556 0.793213 0.888534 0.799519 0.978499 0.887090 0.903791 0.892780 0.715393 0.848530 0.897415 0.748542 0.831593 0.788481 0.831475 0.739038 0.995854 0.995922 0.942070 0.897358 0.953365 0.878933 0.885811 0.000000 0.957500 0.732077 0.823398 0.832647 0.871586 0.844178 0.869991 0.835281 0.971414 0.940974 0.897145 0.937093 0.981388 0.899741 0.927677 0.925653 0.844456 0.799859 0.858950 0.997832 0.900167 0.920121 0.966025 0.942559 0.947135 0.931368 0.861557 0.931056 0.835830 0.773917 0.874558 0.857961 0.922368 0.827607 0.920981 0.936891 0.969086 0.975160 0.853701 0.908630 0.988005 0.970377 0.989866 0.903057 0.996356 0.968245 0.982876 0.969869 0.924484 0.807465 0.993930 0.867423 0.976765 0.865138 0.774810 0.980808 0.811397 0.929452 0.908495 0.918339 0.925637 0.939081 0.942531 0.924012 0.988730 0.990248 0.950498 0.942566 0.859861 0.889789 0.900326 0.948165 0.898884 0.885878 0.900443 0.993010 0.955743 0.863104 0.812600 0.852979
0.437004 0.470063 0.339721 0.411275 0.755682 0.978372 0.470572 0.583410 0.678019 0.652653 0.801792 0.648191 0.386569 0.665817 0.552840 0.563271 0.695693 0.720674 0.622771 0.572137 0.639086 0.998357 0.425298 0.473456 0.406899 0.505351 0.777910 0.770000 0.959996 0.989308 0.527476 0.983399 0.484631 0.587850 0.504077 0.957500 0.000000 0.632631 0.597345 0.742244 0.640553 0.934843 0.899167 0.802931 0.969276 0.939006 0.618438 0.577424 0.968850 0.660245 0.840429 0.711105 0.962988 0.824556 0.366646 0.575966 0.602135 0.481540 0.499803 0.511597 0.417627 0.486684 0.679595 0.661225 0.367059 0.363584 0.512215 0.592528 0.382265 0.413110 0.750614 0.880737 0.694410 0.722527 0.771525 0.962826 0.751738 0.928491 0.695877 0.752286 0.643981 0.566773 0.555276 0.532391 0.357100 0.338404 0.678687 0.686383 0.406076 0.436222 0.630818 0.634225 0.862656 0.855002 0.756922 0.952747 0.682835 0.870770 0.826661 0.789052 0.546610 0.764749 0.971877 0.925302 0.722338 0.723916 0.964282 0.980074 0.970220 0.751422 0.892878 0.968269 0.880776 0.959426 0.771781 0.847612
0.633111 0.595681 0.506322 0.479701 0.832984 0.925240 0.526664 0.583674 0.669455 0.919879 0.876831 0.692028 0.592585 0.544958 0.583864 0.628437 0.815687 0.659099 0.644091 0.554738 0.646082 0.956277 0.537146 0.487017 0.590242 0.614799 0.638078 0.986125 0.948840 0.921104 0.716671 0.880041 0.613263 0.678119 0.492902 0.732077 0.632631 0.000000 0.600865 0.750675 0.854234 0.624885 0.860851 0.808373 0.885168 0.931990 0.773298 0.798990 0.977681 0.894552 0.971589 0.905754 0.779041 0.723426 0.603979 0.771282 0.664755 0.620643 0.787047 0.797510 0.677649 0.704494 0.881941 0.802346 0.513712 0.506499 0.563414 0.582476 0.574530 0.651903 0.667778 0.537990 0.790538 0.787835 0.986652 0.950824 0.750147 0.831713 0.781188 0.733310 0.763196 0.687636 0.808323 0.737914 0.561439 0.508870 0.825623 0.799114 0.584666 0.618784 0.963943 0.911098 0.797980 0.846125 0.957048 0.808390 0.779783 0.875479 0.929086 0.935133 0.746228 0.903378 0.888419 0.980427 0.586652 0.705583 0.770083 0.951283 0.896112 0.927579 0.945247 0.979119 0.845118 0.940892 0.865086 0.960014
