0.000000 0.318470 0.722504 0.857759 0.832502 0.651403 0.808736 0.635866 0.817558 0.711219 0.501530 0.499041 0.742592 0.688593 0.977992 0.773467 0.315751 0.326591 0.456373 0.409884 0.982267 0.920335 0.657169 0.832730 0.796083 0.748410 0.960850 0.867967 0.518657 0.477493 0.904997 0.753524 0.600298 0.569441 0.882589 0.846591 0.909482 0.915259 0.994912 0.886332 0.829157 0.851421 0.588616 0.476338 0.534687 0.520730 0.732418 0.615269 0.585020 0.518036 0.728419 0.694821 0.850690 0.891341 0.943877 0.761057 0.294366 0.350384 0.615718 0.983022 0.651597 0.807472 0.487107 0.402172 0.668135 0.908361 0.788711 0.764783 0.653917 0.623468 0.887634 0.842224 0.820177 0.669952 0.940595 0.701023 0.694717 0.712436 0.696102 0.621976 0.404703 0.495481 0.763818 0.725294 0.856101 0.889449 0.954123 0.723253 0.842281 0.907578 0.646192 0.790985 0.785736 0.983020 0.836466 0.848855 0.721215 0.880792 0.481058 0.541677 0.680965 0.843331 0.467994 0.566703 0.798268 0.896988 0.835457 0.922024 0.870977 0.858552 0.763835 0.650713 0.758813 0.874567 0.828112 0.921450
0.318470 0.000000 0.638109 0.814612 0.846120 0.695353 0.894904 0.671275 0.947258 0.716031 0.574059 0.433944 0.865221 0.752456 0.914846 0.885671 0.346134 0.321352 0.510224 0.458475 0.970150 0.783430 0.637575 0.795563 0.796907 0.711856 0.991940 0.843977 0.531817 0.432985 0.903810 0.802778 0.577134 0.558495 0.889624 0.897046 0.935079 0.879672 0.996118 0.865676 0.794655 0.807688 0.642962 0.517659 0.555897 0.497684 0.819312 0.657562 0.609712 0.530240 0.781672 0.738330 0.944611 0.921979 0.936962 0.711817 0.263346 0.271145 0.654650 0.895157 0.732179 0.737082 0.581170 0.379127 0.643132 0.930888 0.761599 0.721828 0.692282 0.565848 0.832671 0.893329 0.781847 0.629781 0.933548 0.729384 0.700456 0.692911 0.619705 0.588983 0.381666 0.509664 0.792952 0.751678 0.778708 0.901512 0.851010 0.750967 0.791089 0.874062 0.677376 0.811774 0.797025 0.949095 0.792132 0.881059 0.715640 0.885704 0.535324 0.635236 0.689066 0.803488 0.467735 0.563146 0.849819 0.942934 0.904129 0.996495 0.857347 0.861552 0.762089 0.611504 0.745636 0.900718 0.872802 0.891468
0.722504 0.638109 0.000000 0.386243 0.964259 0.814107 0.650967 0.862793 0.673929 0.906606 0.840211 0.585651 0.951159 0.998413 0.739108 0.914171 0.695526 0.651998 0.948910 0.840995 0.962322 0.817605 0.489505 0.721016 0.670282 0.632252 0.928918 0.897488 0.824735 0.655084 0.557515 0.704141 0.828439 0.969751 0.766583 0.866198 0.838003 0.900321 0.833611 0.950549 0.943980 0.782620 0.849458 0.998826 0.891923 0.804396 0.765606 0.878989 0.773779 0.897117 0.971557 0.884919 0.863973 0.782305 0.865415 0.862678 0.683537 0.607747 0.861415 0.748340 0.850745 0.995682 0.823529 0.609756 0.383069 0.512213 0.714795 0.855431 0.871324 0.807219 0.850598 0.840057 0.976888 0.962270 0.940176 0.953825 0.812415 0.815933 0.917445 0.841960 0.642045 0.611363 0.864442 0.709618 0.730052 0.862735 0.976532 0.935208 0.835789 0.844233 0.901573 0.736183 0.898242 0.647739 0.969159 0.987032 0.881040 0.941235 0.948347 0.931147 0.907979 0.797929 0.829809 0.802336 0.890961 0.756870 0.955404 0.716255 0.881853 0.924314 0.893705 0.908041 0.973204 0.965238 0.910717 0.798181
0.857759 0.814612 0.386243 0.000000 0.977068 0.828014 0.821115 0.881984 0.761343 0.757659 0.769391 0.700271 0.959299 0.857650 0.772971 0.950371 0.783748 0.737851 0.934159 0.989429 0.923862 0.893944 0.508727 0.554924 0.537228 0.561677 0.847957 0.735779 0.851053 0.721525 0.529339 0.663002 0.808617 0.985406 0.695455 0.893142 0.701894 0.774426 0.775815 0.869828 0.963264 0.901403 0.867662 0.992130 0.763694 0.706371 0.832460 0.918042 0.634457 0.879019 0.981300 0.913854 0.944931 0.806840 0.749336 0.972162 0.817561 0.758807 0.833077 0.746029 0.936718 0.961845 0.847412 0.695106 0.392118 0.451929 0.736693 0.852387 0.984168 0.882429 0.861863 0.768781 0.873771 0.947128 0.867453 0.861066 0.819331 0.873579 0.942363 0.889552 0.825520 0.784224 0.969532 0.885731 0.686547 0.678326 0.946013 0.943504 0.795106 0.688577 0.927579 0.866120 0.857096 0.745068 0.902248 0.897970 0.913938 0.997722 0.914454 0.988274 0.979990 0.818009 0.878626 0.840823 0.803776 0.789094 0.945418 0.793957 0.819130 0.940451 0.942346 0.831506 0.853766 0.838248 0.968401 0.791859
0.832502 0.846120 0.964259 0.977068 0.000000 0.747149 0.848074 0.864068 0.998180 0.805010 0.723750 0.765868 0.811436 0.824725 0.994205 0.932788 0.909188 0.808928 0.723125 0.719460 0.859835 0.937394 0.924580 0.974576 0.927645 0.830797 0.998549 0.888942 0.851661 0.858333 0.902573 0.805150 0.727895 0.799351 0.941927 0.742787 0.974896 0.896593 0.905125 0.848934 0.980273 0.828872 0.924651 0.888549 0.820001 0.825990 0.995447 0.832367 0.947845 0.947713 0.946735 0.964411 0.916863 0.930865 0.846442 0.994411 0.866259 0.840951 0.959679 0.981693 0.836403 0.961154 0.830446 0.947315 0.911129 0.996547 0.760629 0.760910 0.975998 0.866774 0.889576 0.971569 0.851213 0.749815 0.925336 0.911509 0.884147 0.827471 0.920914 0.966537 0.832499 0.786353 0.997574 0.995378 0.884551 0.943685 0.944994 0.953333 0.869062 0.680182 0.904754 0.867319 0.951521 0.894275 0.957065 0.937211 0.921602 0.953350 0.879269 0.907329 0.912818 0.913987 0.942379 0.966425 0.962903 0.867344 0.846443 0.996044 0.961419 0.911057 0.822966 0.973616 0.904330 0.960749 0.964615 0.835172
0.651403 0.695353 0.814107 0.828014 0.747149 0.000000 0.736038 0.660179 0.774120 0.608581 0.637949 0.605624 0.726477 0.781915 0.996173 0.747445 0.696384 0.674493 0.708520 0.742864 0.996021 0.957847 0.762706 0.822305 0.767983 0.719904 0.770388 0.991554 0.744769 0.657883 0.999173 0.826204 0.826956 0.708996 0.781704 0.879148 0.949511 0.999580 0.993108 0.895350 0.992353 0.879601 0.744788 0.680155 0.667195 0.639142 0.878484 0.744093 0.742717 0.794701 0.911882 0.898350 0.899168 0.847193 0.817064 0.885388 0.677927 0.783274 0.844578 0.970911 0.747734 0.850573 0.726468 0.737756 0.682229 0.842926 0.898128 0.835055 0.957859 0.896066 0.907957 0.882020 0.952917 0.874566 0.892266 0.686863 0.799394 0.829350 0.853870 0.788445 0.858752 0.767717 0.968311 0.969962 0.807424 0.779628 0.964693 0.963791 0.905957 0.694588 0.764336 0.858877 0.845533 0.872447 0.902103 0.965045 0.739606 0.786952 0.589387 0.770425 0.704788 0.747864 0.770501 0.747102 0.942558 0.945705 0.665357 0.978307 0.892628 0.999087 0.852283 0.799069 0.791001 0.866357 0.995457 0.735040
0.808736 0.894904 0.650967 0.821115 0.848074 0.736038 0.000000 0.394047 0.544502 0.445692 0.540757 0.846054 0.643184 0.804934 0.868205 0.977104 0.796121 0.804138 0.502542 0.821518 0.905710 0.981458 0.992274 0.772678 0.681627 0.793675 0.678652 0.795739 0.761397 0.780218 0.895944 0.707041 0.628662 0.532983 0.863268 0.972910 0.929510 0.976569 0.974248 0.963421 0.920546 0.815600 0.533264 0.598035 0.459637 0.560821 0.639160 0.568097 0.656301 0.712472 0.599161 0.591127 0.674471 0.558866 0.853124 0.989416 0.831727 0.989666 0.508872 0.718144 0.394662 0.730116 0.620548 0.802990 0.952294 0.837432 0.529297 0.558411 0.916453 0.996320 0.726984 0.774714 0.995130 0.869424 0.939025 0.712109 0.584925 0.698353 0.909561 0.883333 0.965282 0.930656 0.835068 0.956770 0.896232 0.759394 0.862778 0.728859 0.992552 0.853086 0.458128 0.414594 0.633297 0.568058 0.760508 0.847517 0.741789 0.900800 0.515775 0.501086 0.674753 0.590741 0.786866 0.758545 0.938103 0.697814 0.772084 0.681713 0.895428 0.979341 0.624062 0.708277 0.585753 0.857967 0.875591 0.986802
0.635866 0.671275 0.862793 0.881984 0.864068 0.660179 0.394047 0.000000 0.602852 0.435478 0.474356 0.566261 0.566950 0.564170 0.939177 0.812107 0.649910 0.673068 0.399417 0.666395 0.785608 0.902706 0.782240 0.685367 0.643979 0.774560 0.647581 0.790377 0.606906 0.572227 0.948738 0.703235 0.594112 0.494924 0.774418 0.879346 0.900430 0.952726 0.942856 0.926819 0.894538 0.928336 0.473853 0.500705 0.452716 0.496834 0.712292 0.553115 0.573687 0.648103 0.576742 0.597034 0.680901 0.562015 0.820835 0.909897 0.675448 0.816241 0.571595 0.673521 0.408902 0.526441 0.616931 0.611161 0.824129 0.890452 0.749028 0.619609 0.998878 0.928709 0.778890 0.850931 0.936167 0.872030 0.959417 0.730527 0.613363 0.752826 0.862012 0.774758 0.928220 0.995332 0.868475 0.951222 0.635772 0.607016 0.845105 0.675279 0.880426 0.810827 0.409665 0.503080 0.707296 0.698990 0.729713 0.860998 0.750029 0.788644 0.461594 0.522763 0.545393 0.514314 0.644479 0.647031 0.990798 0.729777 0.816365 0.815476 0.900604 0.969532 0.734019 0.667396 0.602833 0.766428 0.867941 0.960290
0.817558 0.947258 0.673929 0.761343 0.998180 0.774120 0.544502 0.602852 0.000000 0.689214 0.785881 0.926811 0.828903 0.886096 0.853267 0.739566 0.813683 0.877219 0.700059 0.870914 0.905533 0.842686 0.921542 0.963994 0.987136 0.861256 0.902948 0.924828 0.878584 0.959136 0.784772 0.738564 0.763456 0.774818 0.956966 0.788727 0.672308 0.792858 0.871027 0.847351 0.959568 0.984809 0.608316 0.710289 0.716067 0.791791 0.638040 0.678801 0.751249 0.684771 0.582008 0.615125 0.616033 0.596183 0.915196 0.985998 0.851365 0.955720 0.631325 0.675937 0.592316 0.740817 0.914406 0.877852 0.811608 0.758839 0.838309 0.909412 0.945693 0.921300 0.782204 0.723070 0.991340 0.941442 0.850733 0.839946 0.669288 0.846313 0.944064 0.926333 0.984468 0.890843 0.887570 0.958164 0.947170 0.807092 0.877849 0.846431 0.928927 0.931720 0.654393 0.699718 0.782225 0.781701 0.874803 0.941684 0.830114 0.956219 0.661919 0.651738 0.786043 0.854052 0.739509 0.875702 0.959013 0.673499 0.775307 0.724459 0.925750 0.963825 0.827555 0.834244 0.857954 0.935406 0.798666 0.999553
0.711219 0.716031 0.906606 0.757659 0.805010 0.608581 0.445692 0.435478 0.689214 0.000000 0.449751 0.618083 0.646301 0.763370 0.974400 0.882059 0.634047 0.619287 0.510536 0.751335 0.803416 0.903169 0.644470 0.519581 0.433336 0.515839 0.653957 0.756470 0.623120 0.592270 0.839965 0.876452 0.810973 0.558924 0.702354 0.870690 0.941803 0.894564 0.873101 0.880962 0.890845 0.896888 0.555212 0.548763 0.372960 0.383968 0.784253 0.595756 0.428519 0.648205 0.605989 0.742929 0.801818 0.757277 0.694633 0.941823 0.668004 0.806094 0.681968 0.862689 0.522960 0.742598 0.564898 0.592075 0.561776 0.787409 0.800913 0.774009 0.893977 0.955700 0.744019 0.825697 0.926276 0.932484 0.958935 0.773583 0.647119 0.841279 0.918531 0.852389 0.915731 0.982997 0.816536 0.936281 0.597431 0.528603 0.933616 0.816982 0.777009 0.634529 0.463618 0.502334 0.708451 0.789302 0.746481 0.933177 0.724630 0.758693 0.453217 0.477430 0.585858 0.712781 0.615045 0.591593 0.900075 0.892198 0.880006 0.811664 0.977834 0.962862 0.657272 0.522675 0.558816 0.789464 0.896404 0.900998
0.501530 0.574059 0.840211 0.769391 0.723750 0.637949 0.540757 0.474356 0.785881 0.449751 0.000000 0.507478 0.552028 0.604995 0.920654 0.854647 0.476246 0.439066 0.448649 0.525212 0.859365 0.930457 0.601855 0.593331 0.480009 0.547844 0.740780 0.699967 0.432950 0.446562 0.911489 0.836434 0.661153 0.487293 0.730331 0.870614 0.957535 0.823134 0.950721 0.957836 0.884439 0.949833 0.612103 0.522871 0.373237 0.390357 0.756763 0.573495 0.453191 0.560477 0.635230 0.641619 0.770126 0.775750 0.788861 0.887997 0.522402 0.613684 0.629472 0.904874 0.472572 0.744783 0.455614 0.515664 0.560357 0.853286 0.784247 0.718959 0.896634 0.774866 0.859466 0.941889 0.916432 0.754268 0.966946 0.727494 0.764668 0.723315 0.935932 0.754380 0.699931 0.727430 0.999417 0.829010 0.730352 0.716460 0.879258 0.789858 0.791043 0.609685 0.539064 0.624658 0.816875 0.886040 0.835706 0.876125 0.751992 0.897902 0.463972 0.452769 0.627614 0.782609 0.692558 0.710601 0.913512 0.915865 0.823233 0.876792 0.992494 0.894741 0.701086 0.634587 0.504696 0.863385 0.881237 0.990572
0.499041 0.433944 0.585651 0.700271 0.765868 0.605624 0.846054 0.566261 0.926811 0.618083 0.507478 0.000000 0.738782 0.620120 0.894680 0.677387 0.485386 0.432762 0.604716 0.538627 0.872829 0.816040 0.533582 0.688802 0.597133 0.595163 0.735128 0.724539 0.536516 0.384274 0.799145 0.907010 0.722301 0.634239 0.693926 0.870006 0.898880 0.987525 0.954044 0.939762 0.859660 0.894465 0.757842 0.644242 0.551793 0.514181 0.871185 0.634362 0.516967 0.624611 0.713697 0.723764 0.830445 0.825124 0.766568 0.879821 0.480977 0.480608 0.736568 0.825416 0.652655 0.588633 0.593828 0.384319 0.501305 0.840251 0.988514 0.804009 0.743368 0.633795 0.955715 0.942135 0.857238 0.764853 0.976635 0.818112 0.859188 0.951171 0.764679 0.667735 0.579116 0.600552 0.906382 0.645698 0.648984 0.717947 0.903806 0.821484 0.857107 0.739236 0.745136 0.944276 0.999306 0.903611 0.714535 0.897468 0.798368 0.865219 0.625988 0.768090 0.673736 0.847052 0.673534 0.675883 0.874303 0.998156 0.807099 0.885734 0.922277 0.825118 0.821985 0.786794 0.760765 0.792457 0.899177 0.815173
0.742592 0.865221 0.951159 0.959299 0.811436 0.726477 0.643184 0.566950 0.828903 0.646301 0.552028 0.738782 0.000000 0.453241 0.681460 0.647552 0.817368 0.779054 0.636569 0.726357 0.880400 0.912190 0.841130 0.932727 0.735196 0.747532 0.750437 0.917237 0.731901 0.677701 0.991304 0.813790 0.826404 0.741206 0.700666 0.876768 0.890487 0.749787 0.871074 0.985232 0.754644 0.874859 0.634471 0.602062 0.741541 0.668893 0.672813 0.699906 0.804117 0.857336 0.862700 0.927011 0.903171 0.894716 0.785991 0.981510 0.831712 0.948113 0.805542 0.888398 0.690847 0.959184 0.578422 0.800552 0.801758 0.790154 0.927050 0.993067 0.964063 0.980254 0.763681 0.755231 0.958977 0.894710 0.921548 0.723837 0.791546 0.827420 0.998314 0.947332 0.999475 0.985571 0.988406 0.981511 0.883902 0.826915 0.988286 0.947937 0.978232 0.737645 0.530143 0.618704 0.719671 0.805271 0.869322 0.822012 0.827143 0.910098 0.613775 0.626844 0.684267 0.748630 0.782993 0.738352 0.885097 0.959536 0.900808 0.816698 0.882780 0.959834 0.756696 0.874207 0.735028 0.781184 0.946072 0.960916
0.688593 0.752456 0.998413 0.857650 0.824725 0.781915 0.804934 0.564170 0.886096 0.763370 0.604995 0.620120 0.453241 0.000000 0.742198 0.586569 0.727114 0.686772 0.557290 0.581318 0.802842 0.868739 0.877901 0.966762 0.861385 0.789425 0.866443 0.982329 0.590016 0.591625 0.870824 0.790077 0.750568 0.679847 0.798916 0.883121 0.947567 0.886973 0.988463 0.994349 0.854059 0.991471 0.604251 0.587269 0.782554 0.733050 0.785206 0.669692 0.853765 0.866287 0.909823 0.893710 0.917379 0.901621 0.850843 0.998865 0.757628 0.861871 0.898735 0.949917 0.842319 0.911011 0.677362 0.783874 0.868138 0.968467 0.970621 0.962186 0.947855 0.852540 0.880243 0.896323 0.926803 0.744497 0.984263 0.698519 0.792824 0.881754 0.896131 0.916790 0.878547 0.907153 0.952547 0.885960 0.808666 0.939456 0.981071 0.928484 0.910839 0.778233 0.600930 0.780979 0.872071 0.944230 0.884496 0.752883 0.933919 0.914491 0.674186 0.711736 0.645782 0.762590 0.802793 0.794228 0.957398 0.947382 0.888812 0.893053 0.866074 0.914152 0.881783 0.883040 0.703899 0.921033 0.920402 0.950695
0.977992 0.914846 0.739108 0.772971 0.994205 0.996173 0.868205 0.939177 0.853267 0.974400 0.920654 0.894680 0.681460 0.742198 0.000000 0.619343 0.993737 0.977902 0.923212 0.905542 0.830721 0.849973 0.797815 0.717147 0.842243 0.884411 0.818971 0.763545 0.880349 0.980135 0.838196 0.805131 0.943966 0.957000 0.878866 0.929196 0.942556 0.765914 0.882042 0.991157 0.937880 0.945548 0.697276 0.752733 0.987570 0.969565 0.655974 0.758760 0.981414 0.968655 0.984384 0.987661 0.962279 0.955959 0.937407 0.859565 0.988971 0.930775 0.995957 0.767779 0.989994 0.794822 0.938422 0.870133 0.762850 0.978423 0.948332 0.795050 0.943577 0.924414 0.879650 0.860346 0.841526 0.898149 0.975980 0.956255 0.871077 0.954665 0.943892 0.912889 0.935368 0.853244 0.872506 0.916691 0.823405 0.921934 0.901164 0.937663 0.902038 0.999882 0.888796 0.867663 0.959559 0.955253 0.937194 0.990555 0.981260 0.970053 0.882459 0.815765 0.959898 0.955262 0.976813 0.903799 0.976164 0.990450 0.909802 0.650148 0.988778 0.946503 0.808783 0.912417 0.954229 0.975702 0.947389 0.927531
0.773467 0.885671 0.914171 0.950371 0.932788 0.747445 0.977104 0.812107 0.739566 0.882059 0.854647 0.677387 0.647552 0.586569 0.619343 0.000000 0.854083 0.875344 0.897506 0.738081 0.934083 0.952703 0.948860 0.812007 0.977498 0.966299 0.970752 0.876000 0.838328 0.782685 0.927380 0.846056 0.986010 0.984868 0.791328 0.769572 0.783112 0.992443 0.883177 0.872865 0.990759 0.915248 0.743974 0.791142 0.932222 0.878486 0.795247 0.758532 0.819933 0.915225 0.805759 0.894801 0.798391 0.882019 0.907663 0.961510 0.877620 0.906337 0.910236 0.904971 0.934298 0.940984 0.889501 0.840780 0.920610 0.911597 0.727883 0.797051 0.919167 0.935663 0.976433 0.869881 0.912869 0.932418 0.933432 0.888024 0.994050 0.909171 0.991111 0.956920 0.857845 0.855693 0.743413 0.710734 0.996249 0.999511 0.967883 0.937511 0.844265 0.898360 0.864953 0.916945 0.992640 0.832560 0.909899 0.921818 0.980950 0.949888 0.838432 0.938672 0.830636 0.997381 0.868710 0.858363 0.896009 0.906812 0.790665 0.918463 0.976247 0.975392 0.979542 0.972044 0.999404 0.975295 0.925411 0.989325
0.315751 0.346134 0.695526 0.783748 0.909188 0.696384 0.796121 0.649910 0.813683 0.634047 0.476246 0.485386 0.817368 0.727114 0.993737 0.854083 0.000000 0.272569 0.463198 0.460163 0.994842 0.882796 0.644400 0.727460 0.724934 0.673693 0.916882 0.866196 0.382610 0.390206 0.911743 0.827701 0.621872 0.558495 0.811515 0.857668 0.886054 0.906838 0.968259 0.827286 0.804104 0.893337 0.578504 0.501600 0.508289 0.514112 0.774646 0.619371 0.530341 0.506898 0.678947 0.678469 0.868552 0.889637 0.830398 0.789334 0.282731 0.347761 0.649748 0.929167 0.692912 0.806804 0.537652 0.382702 0.604636 0.895112 0.830475 0.800344 0.637606 0.579442 0.879103 0.834511 0.775897 0.674045 0.921228 0.709888 0.721090 0.794308 0.628256 0.570360 0.383157 0.548439 0.853027 0.715971 0.754897 0.863814 0.817126 0.703906 0.768080 0.863381 0.650276 0.804655 0.796868 0.972663 0.776719 0.875270 0.752665 0.962592 0.505876 0.509635 0.684658 0.870296 0.501189 0.606725 0.882974 0.967657 0.835640 0.949555 0.899151 0.860506 0.701521 0.636807 0.701839 0.882286 0.822311 0.881136
0.326591 0.321352 0.651998 0.737851 0.808928 0.674493 0.804138 0.673068 0.877219 0.619287 0.439066 0.432762 0.779054 0.686772 0.977902 0.875344 0.272569 0.000000 0.461405 0.433639 0.970692 0.931538 0.602378 0.744301 0.661144 0.599623 0.947153 0.825485 0.396884 0.359869 0.871470 0.829646 0.610296 0.543809 0.797089 0.822619 0.927981 0.995651 0.971443 0.939321 0.840880 0.883843 0.605686 0.499660 0.480421 0.450070 0.795565 0.574118 0.514169 0.484664 0.719896 0.689344 0.915529 0.928856 0.805870 0.820075 0.262948 0.331029 0.689312 0.973759 0.698068 0.834633 0.493479 0.389016 0.553068 0.847450 0.804618 0.797888 0.668629 0.529599 0.885367 0.907667 0.826661 0.641921 0.951707 0.747114 0.730782 0.757147 0.637784 0.591639 0.396453 0.519690 0.881224 0.718995 0.738258 0.842201 0.848702 0.742062 0.722298 0.821668 0.659771 0.786337 0.808226 0.966226 0.764130 0.838221 0.749542 0.984608 0.503987 0.537053 0.671687 0.893498 0.489198 0.609344 0.923149 0.998628 0.860698 0.934736 0.892049 0.895451 0.723581 0.616680 0.662790 0.849597 0.812950 0.879363
0.456373 0.510224 0.948910 0.934159 0.723125 0.708520 0.502542 0.399417 0.700059 0.510536 0.448649 0.604716 0.636569 0.557290 0.923212 0.897506 0.463198 0.461405 0.000000 0.490706 0.919703 0.988296 0.822590 0.773840 0.727641 0.680740 0.830473 0.843823 0.518958 0.504548 0.946906 0.658624 0.507653 0.441656 0.889847 0.917895 0.942964 0.989560 0.989693 0.939297 0.995198 0.988015 0.441306 0.416868 0.446319 0.470791 0.759186 0.493645 0.612901 0.552696 0.693735 0.633700 0.791994 0.763246 0.911131 0.835121 0.473084 0.602284 0.571645 0.820502 0.531351 0.820735 0.495662 0.553937 0.807963 0.980207 0.576922 0.604939 0.860489 0.751498 0.722194 0.869234 0.874120 0.718785 0.969335 0.698614 0.602102 0.638124 0.711820 0.751458 0.666960 0.775446 0.979859 0.880938 0.782457 0.799165 0.818844 0.693581 0.868243 0.841063 0.439211 0.497603 0.650363 0.739622 0.826172 0.782360 0.722067 0.893105 0.414783 0.419702 0.557631 0.631342 0.563449 0.625678 0.826271 0.854010 0.758768 0.851550 0.946667 0.930093 0.736654 0.608216 0.621870 0.864002 0.805838 0.919116
0.409884 0.458475 0.840995 0.989429 0.719460 0.742864 0.821518 0.666395 0.870914 0.751335 0.525212 0.538627 0.726357 0.581318 0.905542 0.738081 0.460163 0.433639 0.490706 0.000000 0.960545 0.959256 0.785355 0.961390 0.863625 0.749470 0.992458 0.889951 0.527775 0.560298 0.979854 0.719326 0.508796 0.541960 0.985717 0.966203 0.754009 0.949888 0.969877 0.888889 0.839469 0.781565 0.635752 0.572861 0.616661 0.654040 0.716776 0.595489 0.725034 0.620680 0.794008 0.765216 0.859232 0.938010 0.980716 0.871426 0.443489 0.458245 0.615807 0.887683 0.688107 0.847573 0.558678 0.543894 0.779176 0.996604 0.762910 0.748363 0.668269 0.587487 0.874607 0.892805 0.702271 0.617241 0.919574 0.822049 0.750510 0.774429 0.783862 0.733007 0.489885 0.547020 0.777574 0.708862 0.959983 0.972467 0.956468 0.799866 0.854882 0.914745 0.693535 0.770074 0.804397 0.981813 0.794399 0.748851 0.889268 0.951918 0.605743 0.619651 0.736096 0.958562 0.661502 0.667175 0.855025 0.961466 0.885815 0.883950 0.937701 0.932454 0.795999 0.781296 0.791935 0.896755 0.903698 0.961027
0.982267 0.970150 0.962322 0.923862 0.859835 0.996021 0.905710 0.785608 0.905533 0.803416 0.859365 0.872829 0.880400 0.802842 0.830721 0.934083 0.994842 0.970692 0.919703 0.960545 0.000000 0.949725 0.807441 0.780859 0.832616 0.916889 0.991766 0.896589 0.799698 0.915194 0.868621 0.925229 0.917058 0.977878 0.817014 0.863909 0.970293 0.990734 0.997791 0.842387 0.895968 0.968942 0.900930 0.958547 0.894388 0.894916 0.849510 0.983071 0.843508 0.914619 0.982939 0.988744 0.991450 0.989186 0.915088 0.870921 0.969545 0.998698 0.974948 0.947235 0.892435 0.776651 0.988799 0.865415 0.956991 0.981516 0.807190 0.913050 0.932130 0.906728 0.939966 0.844355 0.622188 0.786942 0.850334 0.844704 0.937188 0.951141 0.924752 0.974390 0.835015 0.842416 0.931661 0.917288 0.679311 0.631835 0.918194 0.837331 0.979697 0.951042 0.967278 0.915461 0.895958 0.951518 0.825566 0.980790 0.940670 0.924316 0.890547 0.937606 0.990518 0.951759 0.873598 0.913604 0.948477 0.917662 0.936787 0.928081 0.824035 0.887125 0.994890 0.844962 0.878702 0.874892 0.978617 0.797642
0.920335 0.783430 0.817605 0.893944 0.937394 0.957847 0.981458 0.902706 0.842686 0.903169 0.930457 0.816040 0.912190 0.868739 0.849973 0.952703 0.882796 0.931538 0.988296 0.959256 0.949725 0.000000 0.788236 0.786812 0.833951 0.956462 0.961591 0.795455 0.992506 0.891652 0.773793 0.775313 0.947590 0.941385 0.939022 0.959972 0.921553 0.921882 0.995633 0.953256 0.876343 0.957177 0.909607 0.988265 0.931555 0.943464 0.931126 0.838158 0.897714 0.946071 0.912176 0.993677 0.989831 0.952639 0.925964 0.921045 0.889342 0.828514 0.940653 0.862199 0.903280 0.741099 0.997991 0.807120 0.844890 0.977087 0.930949 0.922575 0.896094 0.891004 0.952230 0.946027 0.837724 0.979814 0.857257 0.929265 0.896774 0.930006 0.988365 0.918878 0.863484 0.929325 0.963482 0.949658 0.894556 0.892139 0.895078 0.924281 0.865881 0.883160 0.926600 0.953908 0.901499 0.863967 0.910014 0.838664 0.887431 0.974179 0.979724 0.994679 0.956117 0.922311 0.903667 0.995766 0.833416 0.967175 0.906976 0.671918 0.917719 0.784020 0.973265 0.924409 0.935567 0.972100 0.855387 0.913482
0.657169 0.637575 0.489505 0.508727 0.924580 0.762706 0.992274 0.782240 0.921542 0.644470 0.601855 0.533582 0.841130 0.877901 0.797815 0.948860 0.644400 0.602378 0.822590 0.785355 0.807441 0.788236 0.000000 0.413360 0.435772 0.596983 0.694449 0.703978 0.731375 0.642137 0.583607 0.866924 0.909508 0.814693 0.610871 0.770768 0.881804 0.849283 0.788393 0.960618 0.848841 0.973253 0.921427 0.786534 0.700018 0.640216 0.994920 0.943706 0.599677 0.761372 0.951074 0.979897 0.914490 0.892472 0.833930 0.896908 0.648239 0.689113 0.971777 0.917399 0.804949 0.804748 0.744877 0.527340 0.417231 0.572233 0.777486 0.928204 0.973813 0.811153 0.919504 0.892939 0.825176 0.932865 0.823089 0.994306 0.971239 0.979756 0.980684 0.886020 0.824134 0.860259 0.880363 0.817281 0.432985 0.498626 0.973490 0.800155 0.768701 0.782930 0.813786 0.910259 0.993815 0.844307 0.834519 0.996725 0.893332 0.803613 0.640959 0.790471 0.674427 0.998983 0.752204 0.701688 0.878396 0.970869 0.970161 0.781798 0.993394 0.954543 0.966413 0.668961 0.715462 0.984712 0.933413 0.920360
0.832730 0.795563 0.721016 0.554924 0.974576 0.822305 0.772678 0.685367 0.963994 0.519581 0.593331 0.688802 0.932727 0.966762 0.717147 0.812007 0.727460 0.744301 0.773840 0.961390 0.780859 0.786812 0.413360 0.000000 0.417530 0.646230 0.639942 0.649740 0.788135 0.751845 0.634939 0.831248 0.959948 0.803386 0.671740 0.934272 0.862622 0.920680 0.738038 0.932282 0.822869 0.913803 0.876772 0.839764 0.602745 0.596298 0.922572 0.917941 0.532986 0.727642 0.816625 0.891886 0.914549 0.954928 0.743191 0.965993 0.777515 0.821099 0.884449 0.891061 0.663473 0.722760 0.796662 0.633606 0.514199 0.742957 0.962170 0.896501 0.883943 0.930767 0.976501 0.890642 0.795691 0.822739 0.915272 0.982801 0.920616 0.967878 0.994882 0.919754 0.975144 0.956413 0.769552 0.965295 0.419856 0.405839 0.923583 0.722217 0.734945 0.703967 0.759098 0.772795 0.946128 0.930821 0.785941 0.947817 0.854536 0.847468 0.655257 0.705404 0.800872 0.832588 0.806826 0.757633 0.878351 0.869962 0.967448 0.835208 0.941905 0.980469 0.933316 0.626533 0.582579 0.932385 0.963455 0.925350
0.796083 0.796907 0.670282 0.537228 0.927645 0.767983 0.681627 0.643979 0.987136 0.433336 0.480009 0.597133 0.735196 0.861385 0.842243 0.977498 0.724934 0.661144 0.727641 0.863625 0.832616 0.833951 0.435772 0.417530 0.000000 0.456090 0.548428 0.648078 0.697051 0.630538 0.587654 0.849154 0.993991 0.730319 0.592760 0.839888 0.810915 0.763430 0.810540 0.900817 0.789600 0.943786 0.858864 0.778100 0.491578 0.492056 0.966953 0.823129 0.475913 0.763566 0.744197 0.828707 0.878338 0.907360 0.797866 0.904552 0.759484 0.840407 0.840975 0.975886 0.654423 0.842080 0.541645 0.564856 0.367198 0.557185 0.984008 0.911962 0.943622 0.948736 0.990194 0.961922 0.830300 0.985190 0.891750 0.978913 0.923909 0.865191 0.986511 0.961803 0.938690 0.914818 0.785889 0.903645 0.492167 0.515756 0.909185 0.913220 0.745562 0.691088 0.668074 0.712197 0.880038 0.916232 0.741433 0.909160 0.790317 0.886748 0.609949 0.665618 0.646100 0.897718 0.763423 0.676326 0.869082 0.973737 0.974553 0.943304 0.995249 0.894463 0.860579 0.655338 0.591632 0.845384 0.997886 0.899632
0.748410 0.711856 0.632252 0.561677 0.830797 0.719904 0.793675 0.774560 0.861256 0.515839 0.547844 0.595163 0.747532 0.789425 0.884411 0.966299 0.673693 0.599623 0.680740 0.749470 0.916889 0.956462 0.596983 0.646230 0.456090 0.000000 0.701409 0.666439 0.668682 0.534313 0.769911 0.982023 0.897460 0.753303 0.813359 0.896949 0.764770 0.744555 0.769171 0.871542 0.879262 0.997459 0.885404 0.778290 0.563032 0.546721 0.953200 0.796069 0.633732 0.765802 0.889533 0.934019 0.995684 0.983432 0.750741 0.900144 0.710031 0.714970 0.912181 0.927233 0.829785 0.984480 0.567446 0.632095 0.411092 0.580166 0.890378 0.865759 0.999674 0.910197 0.864528 0.992864 0.963018 0.802488 0.821858 0.833725 0.779786 0.862829 0.887112 0.872092 0.837269 0.737657 0.950440 0.863043 0.720983 0.786718 0.941155 0.978866 0.747092 0.705165 0.699785 0.721735 0.840930 0.947038 0.783265 0.918355 0.775031 0.892729 0.644184 0.692339 0.797988 0.883648 0.830429 0.698575 0.859343 0.827583 0.993878 0.933470 0.890909 0.854721 0.807958 0.711426 0.715750 0.786106 0.963099 0.832260
0.960850 0.991940 0.928918 0.847957 0.998549 0.770388 0.678652 0.647581 0.902948 0.653957 0.740780 0.735128 0.750437 0.866443 0.818971 0.970752 0.916882 0.947153 0.830473 0.992458 0.991766 0.961591 0.694449 0.639942 0.548428 0.701409 0.000000 0.721280 0.929667 0.787087 0.864862 0.922989 0.898839 0.888797 0.691700 0.873425 0.893028 0.972366 0.937561 0.917124 0.818807 0.959069 0.829547 0.865661 0.762123 0.806987 0.846861 0.939903 0.755598 0.986861 0.854222 0.946222 0.806629 0.875126 0.877713 0.958430 0.986521 0.959683 0.834360 0.898049 0.647189 0.816543 0.717480 0.723775 0.687182 0.812596 0.989607 0.851436 0.908881 0.870592 0.904319 0.943016 0.882494 0.902278 0.937821 0.940490 0.985017 0.994227 0.945049 0.959116 0.924157 0.985062 0.707283 0.880086 0.686220 0.688452 0.962380 0.948725 0.965345 0.865104 0.748487 0.803204 0.890821 0.983881 0.902883 0.952611 0.841224 0.946343 0.777940 0.823387 0.671309 0.835940 0.929863 0.833568 0.845852 0.902798 0.959705 0.848387 0.905011 0.929206 0.985722 0.891322 0.809737 0.925711 0.976113 0.964821
0.867967 0.843977 0.897488 0.735779 0.888942 0.991554 0.795739 0.790377 0.924828 0.756470 0.699967 0.724539 0.917237 0.982329 0.763545 0.876000 0.866196 0.825485 0.843823 0.889951 0.896589 0.795455 0.703978 0.649740 0.648078 0.666439 0.721280 0.000000 0.839498 0.743555 0.719797 0.850032 0.853238 0.858426 0.725188 0.978494 0.936244 0.993963 0.922862 0.949799 0.967739 0.979810 0.977669 0.921162 0.704413 0.727687 0.949769 0.932799 0.710346 0.851406 0.865563 0.869051 0.918477 0.918277 0.784795 0.937158 0.945432 0.887292 0.908898 0.840695 0.745239 0.751712 0.784112 0.773634 0.722705 0.935695 0.951787 0.798218 0.997555 0.929755 0.960441 0.886990 0.977491 0.879315 0.839937 0.967435 0.994550 0.912754 0.944555 0.820617 0.914917 0.860251 0.762895 0.920564 0.816769 0.767316 0.840684 0.869875 0.909622 0.728880 0.901518 0.876843 0.960225 0.880074 0.870058 0.910929 0.982772 0.963295 0.852722 0.843583 0.939292 0.931682 0.985252 0.984270 0.957929 0.943125 0.928918 0.774461 0.993381 0.832802 0.920012 0.835184 0.806523 0.857116 0.976116 0.996021
0.518657 0.531817 0.824735 0.851053 0.851661 0.744769 0.761397 0.606906 0.878584 0.623120 0.432950 0.536516 0.731901 0.590016 0.880349 0.838328 0.382610 0.396884 0.518958 0.527775 0.799698 0.992506 0.731375 0.788135 0.697051 0.668682 0.929667 0.839498 0.000000 0.375650 0.977829 0.909753 0.711475 0.639872 0.758730 0.834085 0.970999 0.982966 0.954867 0.849086 0.968582 0.976554 0.608945 0.558994 0.521399 0.528981 0.759388 0.614240 0.560314 0.599370 0.721123 0.689850 0.864901 0.877082 0.833749 0.819632 0.475530 0.548339 0.790961 0.957679 0.742626 0.827641 0.577546 0.541672 0.649530 0.884732 0.932994 0.867301 0.766500 0.675662 0.993702 0.997804 0.840012 0.732781 0.936825 0.798519 0.793334 0.786684 0.752672 0.695152 0.581036 0.704494 0.894386 0.747610 0.755694 0.843795 0.876692 0.777493 0.794067 0.751717 0.718362 0.849225 0.919131 0.956863 0.771098 0.787022 0.897544 0.963494 0.593022 0.592497 0.723565 0.858787 0.633614 0.735148 0.974209 0.961560 0.814487 0.868158 0.989807 0.986865 0.672772 0.785146 0.662788 0.822859 0.796547 0.884626
0.477493 0.432985 0.655084 0.721525 0.858333 0.657883 0.780218 0.572227 0.959136 0.592270 0.446562 0.384274 0.677701 0.591625 0.980135 0.782685 0.390206 0.359869 0.504548 0.560298 0.915194 0.891652 0.642137 0.751845 0.630538 0.534313 0.787087 0.743555 0.375650 0.000000 0.883274 0.905253 0.653648 0.615752 0.654173 0.789520 0.911232 0.939905 0.953550 0.913299 0.983758 0.976546 0.637147 0.531865 0.505283 0.458093 0.866467 0.609661 0.520784 0.612044 0.706913 0.721649 0.870170 0.832281 0.769994 0.835870 0.431885 0.470486 0.759320 0.927842 0.703551 0.798436 0.505949 0.430831 0.501774 0.799702 0.943174 0.820064 0.727828 0.686171 0.951013 0.984350 0.839059 0.713588 0.990813 0.802688 0.851847 0.870799 0.688844 0.531747 0.510520 0.585877 0.875614 0.719989 0.678586 0.799577 0.926289 0.866256 0.772756 0.693362 0.683737 0.838370 0.898106 0.964679 0.790795 0.883211 0.789799 0.959078 0.579263 0.671744 0.663408 0.777162 0.615939 0.650144 0.928212 0.939046 0.790572 0.938477 0.937490 0.887905 0.763600 0.761696 0.712860 0.771188 0.877077 0.906278
0.904997 0.903810 0.557515 0.529339 0.902573 0.999173 0.895944 0.948738 0.784772 0.839965 0.911489 0.799145 0.991304 0.870824 0.838196 0.927380 0.911743 0.871470 0.946906 0.979854 0.868621 0.773793 0.583607 0.634939 0.587654 0.769911 0.864862 0.719797 0.977829 0.883274 0.000000 0.692986 0.786885 0.923014 0.712201 0.950872 0.829799 0.873343 0.701611 0.865140 0.896793 0.793712 0.875913 0.991941 0.879530 0.829498 0.958527 0.949812 0.753939 0.915322 0.991894 0.941545 0.934644 0.828375 0.867499 0.940504 0.896617 0.873042 0.983445 0.864280 0.998914 0.981998 0.774021 0.745130 0.547120 0.596259 0.843138 0.893820 0.980253 0.991518 0.658384 0.727678 0.819484 0.754915 0.776315 0.738117 0.798031 0.860763 0.986966 0.955318 0.950923 0.911537 0.864933 0.976248 0.724325 0.674492 0.806746 0.960567 0.787146 0.938975 0.982306 0.947782 0.842040 0.827562 0.841931 0.985483 0.936035 0.868399 0.945795 0.977152 0.946501 0.880992 0.904548 0.851067 0.899983 0.862711 0.995964 0.764073 0.962457 0.995366 0.971079 0.863799 0.927919 0.916329 0.900746 0.849082
0.753524 0.802778 0.704141 0.663002 0.805150 0.826204 0.707041 0.703235 0.738564 0.876452 0.836434 0.907010 0.813790 0.790077 0.805131 0.846056 0.827701 0.829646 0.658624 0.719326 0.925229 0.775313 0.866924 0.831248 0.849154 0.982023 0.922989 0.850032 0.909753 0.905253 0.692986 0.000000 0.651032 0.672425 0.847732 0.966216 0.748476 0.966894 0.749275 0.801825 0.861134 0.943134 0.713401 0.745411 0.792417 0.799437 0.703898 0.586250 0.907859 0.693806 0.755922 0.672245 0.796436 0.720445 0.830344 0.894174 0.748934 0.823454 0.605793 0.749580 0.695181 0.841338 0.809555 0.892100 0.831724 0.728470 0.627750 0.705098 0.991927 0.992555 0.754645 0.769619 0.887619 0.710584 0.943597 0.694164 0.643064 0.654096 0.824779 0.802398 0.880655 0.894737 0.793678 0.960716 0.909595 0.883896 0.989742 0.854564 0.981577 0.839432 0.663145 0.695255 0.753380 0.689333 0.859220 0.930532 0.875610 0.850689 0.812786 0.765948 0.908794 0.834610 0.857339 0.771365 0.804333 0.787451 0.908265 0.678269 0.981294 0.974137 0.771919 0.823565 0.895364 0.946394 0.900513 0.888498
0.600298 0.577134 0.828439 0.808617 0.727895 0.826956 0.628662 0.594112 0.763456 0.810973 0.661153 0.722301 0.826404 0.750568 0.943966 0.986010 0.621872 0.610296 0.507653 0.508796 0.917058 0.947590 0.909508 0.959948 0.993991 0.897460 0.898839 0.853238 0.711475 0.653648 0.786885 0.651032 0.000000 0.488152 0.943454 0.914328 0.788436 0.773883 0.885296 0.897718 0.812495 0.965155 0.624413 0.661204 0.606298 0.690104 0.736331 0.648614 0.844626 0.676387 0.735961 0.697170 0.782138 0.737593 0.995167 0.865171 0.582148 0.639615 0.496717 0.639395 0.559076 0.730280 0.636348 0.665604 0.995753 0.701338 0.486619 0.470441 0.747144 0.720404 0.729014 0.842769 0.704027 0.611674 0.859642 0.734191 0.676153 0.688351 0.697998 0.677958 0.637872 0.711782 0.933334 0.961531 0.957213 0.896550 0.884859 0.782513 0.824835 0.912117 0.669781 0.673645 0.779152 0.794995 0.835365 0.836639 0.761071 0.932155 0.685776 0.687086 0.739462 0.714622 0.682492 0.803038 0.836104 0.866344 0.959873 0.874509 0.906988 0.839409 0.776908 0.869266 0.796586 0.867431 0.917824 0.934283
0.569441 0.558495 0.969751 0.985406 0.799351 0.708996 0.532983 0.494924 0.774818 0.558924 0.487293 0.634239 0.741206 0.679847 0.957000 0.984868 0.558495 0.543809 0.441656 0.541960 0.977878 0.941385 0.814693 0.803386 0.730319 0.753303 0.888797 0.858426 0.639872 0.615752 0.923014 0.672425 0.488152 0.000000 0.915424 0.898905 0.859176 0.957248 0.924355 0.937617 0.982954 0.935835 0.645021 0.573609 0.431365 0.508527 0.728853 0.575156 0.624673 0.555231 0.610496 0.555540 0.802080 0.638036 0.956370 0.955566 0.540355 0.656173 0.536174 0.737985 0.483792 0.691792 0.553512 0.598174 0.823556 0.858794 0.532671 0.492510 0.768698 0.668307 0.783078 0.881091 0.733537 0.614714 0.866798 0.622218 0.658417 0.668458 0.810044 0.754675 0.720375 0.774832 0.995218 0.829043 0.896584 0.923222 0.904943 0.844960 0.827640 0.828425 0.545615 0.612606 0.735225 0.743940 0.811159 0.828007 0.765619 0.854674 0.546262 0.586508 0.620227 0.739756 0.721159 0.758149 0.873360 0.825295 0.818831 0.790390 0.951602 0.939728 0.775080 0.638908 0.566666 0.875385 0.908551 0.939020
0.882589 0.889624 0.766583 0.695455 0.941927 0.781704 0.863268 0.774418 0.956966 0.702354 0.730331 0.693926 0.700666 0.798916 0.878866 0.791328 0.811515 0.797089 0.889847 0.985717 0.817014 0.939022 0.610871 0.671740 0.592760 0.813359 0.691700 0.725188 0.758730 0.654173 0.712201 0.847732 0.943454 0.915424 0.000000 0.846144 0.857191 0.911621 0.972108 0.984876 0.909238 0.858024 0.816968 0.779956 0.745307 0.676676 0.864538 0.883377 0.663651 0.845892 0.825221 0.890507 0.813211 0.917829 0.712664 0.871746 0.863027 0.954460 0.997789 0.900220 0.839540 0.856256 0.803060 0.813303 0.645127 0.738597 0.781846 0.883197 0.945177 0.922275 0.922349 0.989311 0.863248 0.941312 0.996092 0.898937 0.922970 0.973376 0.916116 0.869062 0.989697 0.963158 0.932946 0.951251 0.633932 0.622208 0.968786 0.914394 0.902494 0.697923 0.879799 0.977365 0.952404 0.911164 0.905791 0.884476 0.924964 0.868756 0.730357 0.882631 0.669123 0.924597 0.850627 0.740471 0.876233 0.987285 0.915472 0.943926 0.967486 0.923751 0.952567 0.735006 0.643735 0.792082 0.961934 0.892155
0.846591 0.897046 0.866198 0.893142 0.742787 0.879148 0.972910 0.879346 0.788727 0.870690 0.870614 0.870006 0.876768 0.883121 0.929196 0.769572 0.857668 0.822619 0.917895 0.966203 0.863909 0.959972 0.770768 0.934272 0.839888 0.896949 0.873425 0.978494 0.834085 0.789520 0.950872 0.966216 0.914328 0.898905 0.846144 0.000000 0.975081 0.873644 0.931108 0.871969 0.786796 0.870861 0.781830 0.820504 0.948300 0.862593 0.978138 0.868397 0.846936 0.941188 0.972388 0.987265 0.942289 0.968109 0.852726 0.954825 0.836196 0.918509 0.981289 0.830221 0.954861 0.905974 0.949281 0.884756 0.854780 0.781473 0.730274 0.721184 0.970187 0.966505 0.915912 0.943435 0.858583 0.877445 0.880491 0.975064 0.956522 0.953917 0.920482 0.891911 0.949520 0.969156 0.914885 0.914517 0.742823 0.712051 0.962973 0.915360 0.963578 0.992743 0.836247 0.867344 0.958998 0.977654 0.993225 0.980190 0.889901 0.982892 0.766135 0.800405 0.759165 0.995706 0.773217 0.878452 0.842682 0.987718 0.924120 0.919342 0.954560 0.916127 0.990586 0.916971 0.973308 0.938357 0.874699 0.864007
0.909482 0.935079 0.838003 0.701894 0.974896 0.949511 0.929510 0.900430 0.672308 0.941803 0.957535 0.898880 0.890487 0.947567 0.942556 0.783112 0.886054 0.927981 0.942964 0.754009 0.970293 0.921553 0.881804 0.862622 0.810915 0.764770 0.893028 0.936244 0.970999 0.911232 0.829799 0.748476 0.788436 0.859176 0.857191 0.975081 0.000000 0.791836 0.868905 0.741780 0.728459 0.802737 0.938313 0.964109 0.974363 0.848349 0.862665 0.974043 0.990487 0.884658 0.757857 0.783899 0.793771 0.787762 0.843963 0.993449 0.893921 0.895979 0.709098 0.687136 0.873179 0.758279 0.907585 0.921554 0.791875 0.685073 0.934433 0.871154 0.786081 0.774518 0.992703 0.814402 0.768329 0.857074 0.955890 0.899705 0.908612 0.984374 0.836358 0.896973 0.833132 0.916631 0.873464 0.782832 0.930690 0.903264 0.855532 0.905576 0.836069 0.762734 0.993937 0.946961 0.957306 0.977941 0.770419 0.885579 0.997281 0.888987 0.995452 0.977499 0.962519 0.919897 0.967012 0.939611 0.992955 0.833367 0.987321 0.915133 0.785848 0.977609 0.970811 0.911503 0.958934 0.983337 0.986061 0.926376
0.915259 0.879672 0.900321 0.774426 0.896593 0.999580 0.976569 0.952726 0.792858 0.894564 0.823134 0.987525 0.749787 0.886973 0.765914 0.992443 0.906838 0.995651 0.989560 0.949888 0.990734 0.921882 0.849283 0.920680 0.763430 0.744555 0.972366 0.993963 0.982966 0.939905 0.873343 0.966894 0.773883 0.957248 0.911621 0.873644 0.791836 0.000000 0.844830 0.936857 0.728770 0.943073 0.969669 0.947964 0.978494 0.943362 0.916647 0.996408 0.969537 0.897608 0.886119 0.912301 0.860496 0.913631 0.928581 0.812686 0.930419 0.893762 0.802414 0.633877 0.916323 0.730940 0.897254 0.916988 0.812724 0.627037 0.886602 0.808285 0.766916 0.909492 0.941633 0.881599 0.812195 0.936500 0.791952 0.974039 0.915909 0.977410 0.858188 0.873027 0.866081 0.853771 0.951860 0.929811 0.907772 0.860405 0.961582 0.904330 0.941286 0.851920 0.898685 0.821426 0.978416 0.945431 0.999205 0.906933 0.929722 0.879502 0.970023 0.916910 0.944125 0.985223 0.856789 0.962687 0.755324 0.817043 0.976988 0.912064 0.970725 0.984952 0.892626 0.979252 0.930068 0.997139 0.874366 0.924437
