0.000000 0.265250 0.605646 0.891116 0.813613 0.722981 0.774794 0.622718 0.791892 0.805419 0.500381 0.343936 0.767157 0.579430 0.920060 0.743447 0.457467 0.412991 0.543172 0.349903 0.752816 0.947060 0.677563 0.949016 0.776798 0.797465 0.987860 0.914355 0.469241 0.582252 0.861514 0.817918 0.877224 0.593618 0.826792 0.746347 0.841764 0.933812 0.970315 0.872017 0.899277 0.935287 0.934308 0.624469 0.994945 0.581957 0.703205 0.599966 0.288499 0.369903 0.345981 0.380886 0.483110 0.693583 0.673321 0.435980 0.374798 0.327116 0.305785 0.259923 0.759561 0.337435 0.524566 0.337616 0.756917 0.981501 0.736295 0.898302 0.497400 0.433496 0.987156 0.904937 0.672178 0.645774 0.848517 0.810487 0.575447 0.810001 0.895015 0.767766 0.422398 0.508149 0.833219 0.884272 0.886812 0.962664 0.758329 0.789972 0.985681 0.738001 0.810517 0.501337 0.643748 0.532123 0.884693 0.868324 0.765520 0.941475 0.790312 0.872460 0.645835 0.996627 0.576063 0.721170 0.848082 0.867478 0.834672 0.890858 0.930773 0.938342 0.840531 0.883852 0.606586 0.942812 0.953289 0.893051
0.265250 0.000000 0.591965 0.889638 0.777754 0.688546 0.702157 0.624342 0.718966 0.753769 0.562621 0.333871 0.842589 0.578196 0.929656 0.694205 0.423251 0.356538 0.471719 0.321285 0.729162 0.941491 0.707719 0.967196 0.809076 0.838739 0.987562 0.919547 0.467807 0.517791 0.957421 0.922158 0.819188 0.576307 0.814286 0.703265 0.875099 0.922019 0.983059 0.920054 0.934213 0.974642 0.910278 0.587452 0.949741 0.585543 0.647795 0.558377 0.323956 0.335895 0.353708 0.376190 0.523571 0.683240 0.611435 0.459629 0.302478 0.255548 0.371712 0.278705 0.856494 0.385464 0.502487 0.300096 0.716421 0.983545 0.672610 0.874726 0.488007 0.380345 0.861159 0.760716 0.622286 0.611713 0.765274 0.824177 0.533148 0.732317 0.819259 0.610955 0.328305 0.419093 0.823827 0.795246 0.953339 0.952902 0.703291 0.837015 0.909343 0.786231 0.758154 0.486226 0.576398 0.525224 0.839893 0.843216 0.772037 0.952360 0.833890 0.911177 0.623657 0.985856 0.580971 0.746321 0.836060 0.798027 0.842538 0.994221 0.924228 0.879676 0.834751 0.869128 0.672718 0.891203 0.998444 0.890943
0.605646 0.591965 0.000000 0.609306 0.655859 0.862487 0.450784 0.950527 0.667770 0.862792 0.709902 0.613948 0.790458 0.880633 0.602975 0.953364 0.759194 0.792335 0.818613 0.592526 0.787088 0.998871 0.469213 0.752710 0.608072 0.437646 0.898037 0.947963 0.653068 0.745081 0.596651 0.607334 0.713393 0.947992 0.625225 0.669644 0.796834 0.925861 0.930367 0.869574 0.973246 0.996780 0.675456 0.971920 0.651632 0.981316 0.998258 0.919617 0.615283 0.572744 0.704775 0.708050 0.797438 0.941483 0.745427 0.679109 0.589641 0.572715 0.617817 0.576610 0.747899 0.722176 0.860139 0.679982 0.336905 0.532498 0.496858 0.488600 0.618674 0.518063 0.964442 0.959529 0.804530 0.820513 0.992085 0.977429 0.739792 0.957989 0.895093 0.951878 0.817164 0.863565 0.876568 0.900864 0.589448 0.612374 0.768922 0.791029 0.760472 0.940662 0.551701 0.612594 0.542973 0.654594 0.965225 0.949320 0.939434 0.680472 0.940495 0.788194 0.989084 0.634477 0.896578 0.971480 0.881883 0.827693 0.867728 0.945211 0.982009 0.786133 0.800676 0.933166 0.947039 0.983377 0.736468 0.905939
0.891116 0.889638 0.609306 0.000000 0.802590 0.929100 0.670374 0.740835 0.929671 0.971517 0.989721 0.844389 0.634745 0.663188 0.630797 0.764474 0.843319 0.849443 0.834677 0.871450 0.974313 0.939245 0.638767 0.640995 0.878309 0.712047 0.873520 0.934342 0.971901 0.960756 0.868936 0.820872 0.686272 0.754162 0.903080 0.971029 0.882160 0.880027 0.928419 0.994900 0.869197 0.955215 0.905084 0.821210 0.807737 0.802587 0.901325 0.663495 0.940504 0.947558 0.820030 0.853832 0.813365 0.846760 0.925854 0.938561 0.928202 0.897823 0.880809 0.924437 0.598171 0.801620 0.895811 0.825716 0.539566 0.461168 0.843530 0.695430 0.934023 0.960093 0.892460 0.911129 0.907234 0.816309 0.855070 0.892033 0.842552 0.992782 0.741161 0.796422 0.800010 0.748294 0.628706 0.700515 0.518464 0.481838 0.807808 0.751004 0.661503 0.721087 0.812483 0.952956 0.956046 0.966770 0.995379 0.963703 0.882383 0.861549 0.891254 0.736815 0.947890 0.666378 0.948272 0.979368 0.816238 0.870721 0.852859 0.945741 0.996824 0.949562 0.789379 0.984975 0.956046 0.902139 0.843402 0.885019
0.813613 0.777754 0.655859 0.802590 0.000000 0.975113 0.634701 0.936358 0.674715 0.879634 0.895115 0.844522 0.812432 0.976569 0.736303 0.954844 0.743966 0.853429 0.838442 0.818901 0.778667 0.921992 0.661536 0.841689 0.978801 0.844330 0.930107 0.889657 0.920223 0.939661 0.922243 0.865901 0.886497 0.858674 0.843681 0.837658 0.900348 0.991442 0.919329 0.943762 0.926148 0.976288 0.874497 0.979547 0.798039 0.960123 0.987643 0.924820 0.810632 0.812183 0.838645 0.863223 0.867929 0.958001 0.648515 0.734585 0.797503 0.780562 0.800399 0.884984 0.766146 0.962624 0.981190 0.854094 0.671672 0.622995 0.728811 0.732196 0.802238 0.741305 0.823786 0.757070 0.958140 0.909057 0.986296 0.910882 0.836879 0.992941 0.913892 0.973375 0.882864 0.837658 0.893121 0.951135 0.673983 0.636686 0.735311 0.787143 0.805580 0.984598 0.680116 0.674194 0.747981 0.694339 0.886951 0.922420 0.914594 0.863301 0.965600 0.867288 0.963467 0.747318 0.847666 0.989278 0.769707 0.877389 0.967878 0.924671 0.906521 0.819622 0.883552 0.960580 0.900931 0.942128 0.938939 0.886967
0.722981 0.688546 0.862487 0.929100 0.975113 0.000000 0.995720 0.600561 0.915512 0.712450 0.791260 0.652315 0.778155 0.629039 0.805910 0.641423 0.870782 0.765682 0.753016 0.725083 0.832311 0.999789 0.998274 0.949883 0.741008 0.979772 0.991452 0.971967 0.600006 0.705209 0.860584 0.894210 0.817699 0.759160 0.914407 0.915634 0.870372 0.969074 0.938070 0.961271 0.877150 0.853932 0.867158 0.671378 0.970313 0.714841 0.883425 0.843616 0.678952 0.668261 0.708434 0.644431 0.856219 0.678490 0.959324 0.887608 0.831941 0.783662 0.843442 0.677377 0.828247 0.636730 0.708322 0.674105 0.921150 0.824601 0.963986 0.963089 0.966662 0.871205 0.957276 0.947833 0.850622 0.922843 0.767895 0.776987 0.729977 0.717791 0.973103 0.864798 0.779065 0.787307 0.875598 0.869764 0.944447 0.899507 0.922779 0.895000 0.857551 0.975987 0.882529 0.910201 0.986055 0.935054 0.894987 0.886716 0.865922 0.867197 0.838467 0.812341 0.672457 0.895545 0.902184 0.848318 0.863552 0.943112 0.982656 0.793474 0.882507 0.749274 0.915726 0.989998 0.970439 0.894155 0.922133 0.914389
0.774794 0.702157 0.450784 0.670374 0.634701 0.995720 0.000000 0.584093 0.410115 0.747206 0.859910 0.946545 0.583369 0.979866 0.618184 0.984387 0.970014 0.992438 0.972433 0.792133 0.944043 0.850983 0.687646 0.982076 0.913296 0.804310 0.846513 0.849794 0.993390 0.949400 0.790287 0.701778 0.643508 0.715594 0.736373 0.752420 0.937807 0.893493 0.902228 0.935173 0.753187 0.860300 0.579649 0.729196 0.408599 0.760122 0.965157 0.849513 0.761446 0.633726 0.784943 0.740373 0.751030 0.924331 0.646593 0.707135 0.751896 0.636354 0.837294 0.723912 0.434782 0.917038 0.796163 0.960821 0.533696 0.427785 0.394465 0.364937 0.612299 0.507361 0.913056 0.963225 0.913918 0.862657 0.943048 0.985621 0.911478 0.932968 0.833269 0.881765 0.921483 0.898651 0.886662 0.973862 0.667250 0.733172 0.783207 0.878900 0.854008 0.899649 0.423245 0.525812 0.521307 0.512830 0.966135 0.940929 0.972034 0.717527 0.645585 0.526321 0.795061 0.541030 0.933083 0.889292 0.830323 0.868724 0.835550 0.763232 0.901225 0.846811 0.711087 0.682366 0.849029 0.941794 0.730151 0.970589
0.622718 0.624342 0.950527 0.740835 0.936358 0.600561 0.584093 0.000000 0.662620 0.410765 0.422167 0.434379 0.527743 0.589330 0.783727 0.702553 0.491384 0.501053 0.634636 0.587816 0.666615 0.914288 0.888336 0.786451 0.510063 0.815763 0.807370 0.865740 0.423274 0.402013 0.909966 0.882040 0.638746 0.450144 0.948400 0.858491 0.722793 0.901991 0.853305 0.846793 0.758335 0.897788 0.662425 0.457228 0.574202 0.434743 0.799955 0.611906 0.610640 0.704372 0.626623 0.660272 0.816922 0.715943 0.988708 0.851489 0.691336 0.732235 0.646959 0.632661 0.421132 0.368041 0.345845 0.417861 0.964339 0.623331 0.858005 0.670197 0.961033 0.939783 0.940643 0.899985 0.833591 0.866170 0.755440 0.848797 0.656256 0.841946 0.767099 0.866308 0.574969 0.718251 0.836463 0.990326 0.880263 0.925317 0.942384 0.879539 0.939946 0.945291 0.708162 0.976895 0.940754 0.907720 0.924351 0.764954 0.810142 0.919476 0.517714 0.530012 0.474932 0.647312 0.748638 0.701379 0.787173 0.818102 0.956982 0.731477 0.877066 0.994098 0.652099 0.624062 0.634991 0.949946 0.758871 0.810208
0.791892 0.718966 0.667770 0.929671 0.674715 0.915512 0.410115 0.662620 0.000000 0.804916 0.908039 0.919252 0.712354 0.968538 0.658576 0.968058 0.949921 0.922935 0.896101 0.796121 0.981524 0.887582 0.787862 0.865138 0.847583 0.870722 0.907372 0.795741 0.979037 0.958861 0.734380 0.750787 0.813344 0.852186 0.826561 0.918307 0.996928 0.900702 0.839135 0.949795 0.724007 0.821946 0.697369 0.816574 0.544773 0.768736 0.918658 0.993013 0.805690 0.759346 0.863855 0.875282 0.869625 0.966617 0.555528 0.797517 0.798881 0.705848 0.785721 0.819671 0.615885 0.941765 0.846137 0.939057 0.700151 0.592934 0.544907 0.536205 0.656502 0.572563 0.928463 0.871482 0.811118 0.837853 0.983789 0.983760 0.992814 0.978358 0.990735 0.745972 0.864402 0.839408 0.953782 0.860555 0.792955 0.826858 0.761632 0.934932 0.956769 0.942993 0.540409 0.536111 0.615006 0.552213 0.953847 0.976066 0.963874 0.944452 0.723938 0.656697 0.801737 0.755953 0.809196 0.843022 0.773504 0.797523 0.862524 0.817929 0.976280 0.765754 0.876249 0.816858 0.910506 0.881971 0.734047 0.991786
0.805419 0.753769 0.862792 0.971517 0.879634 0.712450 0.747206 0.410765 0.804916 0.000000 0.496863 0.606236 0.859254 0.919142 0.949599 0.988294 0.555398 0.586032 0.898955 0.729760 0.576855 0.953407 0.637488 0.564491 0.573787 0.746622 0.642527 0.911337 0.472581 0.476848 0.926977 0.900971 0.716879 0.646852 0.947137 0.855194 0.882158 0.978152 0.886472 0.944816 0.887429 0.946081 0.684297 0.538039 0.616361 0.517720 0.874925 0.736195 0.713058 0.832748 0.751407 0.819987 0.928985 0.834524 0.904036 0.802015 0.735949 0.806626 0.716737 0.791053 0.675201 0.571226 0.503312 0.534453 0.795898 0.934325 0.850977 0.791630 0.950182 0.950372 0.939857 0.667610 0.825034 0.937196 0.848723 0.913060 0.696411 0.849821 0.836132 0.945596 0.746280 0.909225 0.976774 0.985385 0.742721 0.720682 0.824446 0.772046 0.767471 0.891513 0.821574 0.937873 0.922947 0.841084 0.866403 0.789156 0.764117 0.802076 0.475660 0.539200 0.601425 0.737275 0.792759 0.661551 0.925121 0.960277 0.944472 0.634983 0.853399 0.984460 0.781463 0.605682 0.733200 0.966142 0.902529 0.752583
0.500381 0.562621 0.709902 0.989721 0.895115 0.791260 0.859910 0.422167 0.908039 0.496863 0.000000 0.417362 0.684898 0.713213 0.955481 0.896322 0.379111 0.449476 0.648048 0.489713 0.579812 0.973020 0.523138 0.612008 0.499628 0.638867 0.764998 0.828923 0.346581 0.418803 0.857545 0.936878 0.774450 0.586350 0.808226 0.751884 0.728366 0.940510 0.914488 0.958356 0.938444 0.973544 0.821509 0.614983 0.772820 0.523311 0.812766 0.710655 0.520526 0.627950 0.592734 0.663437 0.750353 0.793030 0.853441 0.715778 0.529549 0.606889 0.462155 0.551859 0.607625 0.411159 0.343296 0.400379 0.651926 0.992955 0.915515 0.914137 0.837022 0.766182 0.825643 0.907441 0.706510 0.690014 0.771730 0.953828 0.682075 0.866898 0.813306 0.847562 0.563852 0.724526 0.892874 0.984305 0.894764 0.794592 0.766047 0.734308 0.907138 0.961190 0.991283 0.793319 0.858471 0.839881 0.899964 0.810444 0.801155 0.991839 0.585278 0.726057 0.588970 0.778372 0.722286 0.616042 0.999144 0.929334 0.830035 0.815908 0.906631 0.914904 0.800053 0.782688 0.642242 0.894222 0.956995 0.837086
0.343936 0.333871 0.613948 0.844389 0.844522 0.652315 0.946545 0.434379 0.919252 0.606236 0.417362 0.000000 0.564632 0.410021 0.929330 0.584864 0.371067 0.383145 0.454521 0.318062 0.715106 0.995392 0.731661 0.912219 0.573088 0.667846 0.895907 0.898227 0.377292 0.423957 0.792616 0.845570 0.818596 0.540328 0.759344 0.740515 0.727722 0.959398 0.892995 0.912821 0.942914 0.853540 0.959283 0.607312 0.972321 0.568739 0.769494 0.654233 0.432492 0.453583 0.408408 0.483681 0.613784 0.731975 0.748789 0.592130 0.416161 0.423454 0.393004 0.371991 0.603895 0.269798 0.368043 0.259760 0.735951 0.868061 0.774831 0.966877 0.632632 0.550590 0.952836 0.824829 0.699445 0.747249 0.758422 0.776567 0.546205 0.772376 0.851970 0.709196 0.395676 0.453688 0.787137 0.901694 0.918457 0.970503 0.859825 0.924150 0.892449 0.926486 0.885046 0.540706 0.612649 0.634682 0.995252 0.767191 0.867123 0.953439 0.720634 0.825105 0.616850 0.917708 0.668891 0.808996 0.923316 0.921071 0.897097 0.888284 0.873077 0.900088 0.825201 0.815006 0.636220 0.931940 0.939246 0.805246
0.767157 0.842589 0.790458 0.634745 0.812432 0.778155 0.583369 0.527743 0.712354 0.859254 0.684898 0.564632 0.000000 0.391453 0.505821 0.562181 0.695386 0.784783 0.613730 0.742309 0.912937 0.941059 0.740890 0.810757 0.781944 0.977570 0.907925 0.978256 0.707894 0.706846 0.989319 0.955060 0.740606 0.669160 0.926876 0.964839 0.730163 0.723010 0.815461 0.907569 0.766129 0.673302 0.949314 0.822778 0.874081 0.788574 0.934262 0.853123 0.904122 0.859274 0.715111 0.778392 0.798034 0.747597 0.854233 0.964576 0.931933 0.955677 0.836944 0.790682 0.407152 0.597420 0.574159 0.684845 0.754903 0.510789 0.909506 0.745335 0.893101 0.947264 0.770363 0.930723 0.969776 0.972349 0.828683 0.822429 0.865635 0.943506 0.928965 0.930660 0.764412 0.731573 0.735952 0.975430 0.580809 0.677801 0.842477 0.917941 0.826276 0.984407 0.734730 0.838029 0.973068 0.890913 0.808294 0.976845 0.926636 0.962038 0.817078 0.816842 0.729118 0.776586 0.892180 0.926338 0.886033 0.917206 0.974590 0.926413 0.915961 0.777133 0.824808 0.845154 0.807362 0.926219 0.841252 0.814631
0.579430 0.578196 0.880633 0.663188 0.976569 0.629039 0.979866 0.589330 0.968538 0.919142 0.713213 0.410021 0.391453 0.000000 0.611079 0.397887 0.634032 0.655084 0.490562 0.530172 0.869139 0.979401 0.870094 0.756675 0.760620 0.857571 0.847857 0.930957 0.624742 0.654445 0.898245 0.960139 0.834180 0.705707 0.838604 0.808121 0.643300 0.815943 0.787184 0.953550 0.831087 0.734711 0.858551 0.862584 0.847497 0.815124 0.911715 0.816197 0.705195 0.575920 0.494603 0.541930 0.623606 0.608503 0.916377 0.881665 0.738323 0.686149 0.688820 0.561428 0.622630 0.529874 0.580350 0.532591 0.999721 0.703368 0.751034 0.931266 0.890192 0.758693 0.794161 0.972739 0.981685 0.955558 0.764294 0.742414 0.783097 0.832179 0.871021 0.715950 0.591586 0.558130 0.711057 0.983756 0.688336 0.700066 0.962038 0.946836 0.915138 0.951244 0.978534 0.579336 0.619981 0.626417 0.836000 0.967964 0.930983 0.780831 0.962439 0.924588 0.819988 0.937602 0.846309 0.927307 0.877020 0.947242 0.926218 0.956968 0.930775 0.908199 0.910043 0.982500 0.885181 0.923310 0.901482 0.863204
0.920060 0.929656 0.602975 0.630797 0.736303 0.805910 0.618184 0.783727 0.658576 0.949599 0.955481 0.929330 0.505821 0.611079 0.000000 0.559383 0.986419 0.971951 0.859680 0.994969 0.912318 0.842486 0.465516 0.682667 0.911129 0.711858 0.746187 0.938710 0.971134 0.971624 0.750565 0.685636 0.690859 0.880000 0.818952 0.921557 0.929780 0.770715 0.865632 0.878862 0.767036 0.655123 0.906945 0.905749 0.889369 0.919692 0.968631 0.901782 0.886137 0.980205 0.934478 0.921910 0.967785 0.796292 0.750583 0.815588 0.845358 0.895207 0.825780 0.982710 0.658648 0.904766 0.899676 0.987748 0.520921 0.442043 0.754988 0.668129 0.753841 0.765807 0.855586 0.935665 0.862621 0.776903 0.840977 0.885410 0.982022 0.978091 0.865543 0.945895 0.982876 0.896358 0.704010 0.825022 0.517003 0.506879 0.809982 0.812430 0.764154 0.969875 0.627846 0.878061 0.882203 0.879151 0.926264 0.923257 0.857679 0.886045 0.971676 0.736974 0.918648 0.807712 0.798787 0.851766 0.846375 0.904468 0.964323 0.990036 0.974704 0.740410 0.998631 0.919055 0.887266 0.940861 0.719574 0.961751
0.743447 0.694205 0.953364 0.764474 0.954844 0.641423 0.984387 0.702553 0.968058 0.988294 0.896322 0.584864 0.562181 0.397887 0.559383 0.000000 0.818026 0.768782 0.583011 0.629085 0.924755 0.989232 0.742805 0.736420 0.948387 0.931505 0.839217 0.977552 0.794213 0.815755 0.951235 0.947809 0.850288 0.811686 0.982713 0.872573 0.898459 0.890689 0.914937 0.980943 0.864471 0.751628 0.931436 0.853481 0.840817 0.918481 0.970823 0.856954 0.849271 0.707753 0.704017 0.694797 0.840821 0.792950 0.925902 0.959735 0.779884 0.810923 0.935856 0.722785 0.810156 0.677611 0.762255 0.686541 0.888335 0.669706 0.874792 0.993682 0.875030 0.787181 0.996152 0.986541 0.942942 0.988396 0.870868 0.704436 0.820715 0.766090 0.831604 0.721606 0.648666 0.559631 0.641586 0.996168 0.637452 0.577443 0.982750 0.842181 0.932262 0.987030 0.991878 0.782033 0.747833 0.811647 0.897679 0.876115 0.893075 0.802547 0.931337 0.955978 0.808607 0.959400 0.958371 0.914039 0.904179 0.850210 0.844420 0.998644 0.974733 0.921599 0.957873 0.959566 0.951042 0.986606 0.787266 0.901578
0.457467 0.423251 0.759194 0.843319 0.743966 0.870782 0.970014 0.491384 0.949921 0.555398 0.379111 0.371067 0.695386 0.634032 0.986419 0.818026 0.000000 0.317111 0.498909 0.384042 0.609419 0.992743 0.663063 0.749255 0.660976 0.771137 0.812911 0.942486 0.419883 0.417734 0.921426 0.986276 0.652105 0.522501 0.845801 0.799053 0.877955 0.978708 0.949262 0.954523 0.939346 0.932343 0.795886 0.577129 0.859093 0.570151 0.657460 0.551168 0.491502 0.578232 0.493271 0.607046 0.702800 0.811490 0.667881 0.594010 0.406181 0.447264 0.388608 0.517548 0.655529 0.420625 0.357625 0.305042 0.786856 0.943536 0.877057 0.915363 0.697168 0.596697 0.969849 0.733357 0.676799 0.689860 0.731660 0.888772 0.658601 0.832294 0.744898 0.715467 0.389865 0.494061 0.882339 0.792978 0.957670 0.924878 0.719336 0.814591 0.825501 0.869269 0.862292 0.617083 0.703727 0.650042 0.951936 0.807971 0.828612 0.933927 0.570594 0.752027 0.604768 0.831912 0.605222 0.715438 0.920869 0.830998 0.996609 0.895402 0.959038 0.837492 0.746090 0.677740 0.644881 0.913147 0.938001 0.739361
0.412991 0.356538 0.792335 0.849443 0.853429 0.765682 0.992438 0.501053 0.922935 0.586032 0.449476 0.383145 0.784783 0.655084 0.971951 0.768782 0.317111 0.000000 0.442900 0.377593 0.640837 0.946121 0.741656 0.812077 0.725245 0.857587 0.797406 0.781550 0.410893 0.452212 0.990860 0.921902 0.590496 0.487267 0.929810 0.836900 0.946405 0.861546 0.959804 0.999428 0.945743 0.991346 0.694406 0.503153 0.785083 0.500495 0.619599 0.428036 0.459062 0.575637 0.532092 0.598512 0.750553 0.851354 0.625993 0.555225 0.362094 0.395660 0.394362 0.477113 0.671809 0.404769 0.384638 0.286605 0.854205 0.899601 0.935176 0.845701 0.634216 0.569708 0.864991 0.694242 0.545376 0.573910 0.750253 0.786471 0.610021 0.709719 0.627770 0.592278 0.298062 0.445856 0.795793 0.740331 0.905975 0.980235 0.733488 0.884156 0.834038 0.823950 0.906612 0.637019 0.727802 0.663963 0.891795 0.739169 0.757410 0.830101 0.593333 0.705012 0.589057 0.789683 0.613740 0.599698 0.799172 0.720967 0.874087 0.912496 0.954045 0.857754 0.648399 0.744849 0.617406 0.883396 0.846098 0.851568
0.543172 0.471719 0.818613 0.834677 0.838442 0.753016 0.972433 0.634636 0.896101 0.898955 0.648048 0.454521 0.613730 0.490562 0.859680 0.583011 0.498909 0.442900 0.000000 0.465399 0.827107 0.921918 0.981792 0.898203 0.801942 0.870116 0.988072 0.876750 0.592973 0.595381 0.963897 0.993112 0.685724 0.623788 0.826717 0.895529 0.770419 0.958073 0.830338 0.801207 0.949072 0.774420 0.938060 0.770078 0.968131 0.837749 0.718567 0.623676 0.689043 0.641965 0.630211 0.657548 0.793316 0.861278 0.706962 0.828332 0.528641 0.558408 0.586488 0.590569 0.762477 0.557721 0.541802 0.483886 0.917606 0.879493 0.794101 0.991562 0.700541 0.661148 0.937402 0.806218 0.737163 0.724427 0.836407 0.852239 0.703694 0.852921 0.782436 0.632232 0.482443 0.512521 0.804255 0.802579 0.803020 0.849571 0.840338 0.991704 0.917928 0.989348 0.899651 0.562800 0.659059 0.586985 0.964515 0.853092 0.951280 0.896711 0.920620 0.970867 0.704149 0.961817 0.692144 0.936834 0.888407 0.781605 0.899629 0.916696 0.929811 0.953527 0.809198 0.959731 0.818592 0.991877 0.952415 0.866296
0.349903 0.321285 0.592526 0.871450 0.818901 0.725083 0.792133 0.587816 0.796121 0.729760 0.489713 0.318062 0.742309 0.530172 0.994969 0.629085 0.384042 0.377593 0.465399 0.000000 0.735179 0.973177 0.752351 0.944375 0.720387 0.706547 0.968692 0.896216 0.474820 0.516237 0.815158 0.911461 0.841510 0.630255 0.804178 0.700751 0.813501 0.976749 0.975517 0.968830 0.986987 0.906765 0.992117 0.709921 0.877870 0.705522 0.798090 0.637594 0.393734 0.419814 0.436067 0.489413 0.620952 0.761226 0.683822 0.572229 0.381177 0.350501 0.430114 0.374183 0.831618 0.427496 0.524940 0.366363 0.707263 0.985479 0.658027 0.873779 0.569943 0.417006 0.998872 0.814905 0.658165 0.711111 0.804593 0.810196 0.576190 0.724688 0.843921 0.662191 0.401806 0.480026 0.832946 0.881967 0.940982 0.976439 0.685354 0.870144 0.865154 0.919315 0.728452 0.516103 0.571717 0.541857 0.954197 0.821778 0.886246 0.881714 0.814122 0.948773 0.659116 0.999164 0.616124 0.842618 0.888777 0.931906 0.866452 0.987274 0.999514 0.886292 0.814908 0.880159 0.738035 0.885228 0.920668 0.775018
0.752816 0.729162 0.787088 0.974313 0.778667 0.832311 0.944043 0.666615 0.981524 0.576855 0.579812 0.715106 0.912937 0.869139 0.912318 0.924755 0.609419 0.640837 0.827107 0.735179 0.000000 0.920362 0.738430 0.649448 0.769888 0.863484 0.910777 0.889831 0.650527 0.700265 0.986805 0.958919 0.769224 0.772744 0.898808 0.888640 0.744904 0.895985 0.802561 0.943704 0.813456 0.969023 0.855326 0.731825 0.821559 0.679566 0.936245 0.768992 0.727630 0.735474 0.745397 0.754700 0.789096 0.765470 0.911770 0.858197 0.730617 0.740385 0.659542 0.733767 0.831954 0.699096 0.649681 0.647128 0.817678 0.976855 0.988712 0.901219 0.988617 0.822099 0.941255 0.783858 0.868938 0.974658 0.789388 0.911433 0.796990 0.926728 0.866121 0.965796 0.772028 0.932779 0.938573 0.976661 0.835989 0.783470 0.755970 0.674061 0.805262 0.978084 0.860202 0.924096 0.952181 0.902089 0.865626 0.958914 0.824733 0.977085 0.639361 0.771432 0.802317 0.849219 0.800428 0.844410 0.884413 0.974264 0.994529 0.846380 0.908669 0.859268 0.839935 0.675534 0.855763 0.975652 0.929233 0.898443
0.947060 0.941491 0.998871 0.939245 0.921992 0.999789 0.850983 0.914288 0.887582 0.953407 0.973020 0.995392 0.941059 0.979401 0.842486 0.989232 0.992743 0.946121 0.921918 0.973177 0.920362 0.000000 0.880779 0.971744 0.913008 0.903458 0.918393 0.980130 0.968171 0.978585 0.971526 0.954780 0.896510 0.925749 0.949201 0.985493 0.920930 0.756116 0.973152 0.727153 0.853376 0.927766 0.937588 0.959808 0.883018 0.979985 0.978377 0.906866 0.936419 0.889268 0.867928 0.906551 0.875818 0.936267 0.964324 0.913907 0.988892 0.941694 0.986718 0.915847 0.830584 0.902214 0.976814 0.997176 0.868481 0.783281 0.829528 0.857696 0.985056 0.969879 0.990806 0.978803 0.980136 0.913326 0.947545 0.864255 0.963749 0.882888 0.831853 0.906561 0.987712 0.953249 0.987733 0.953445 0.891202 0.846019 0.826348 0.957294 0.999953 0.979184 0.918698 0.893622 0.920499 0.946746 0.987041 0.987868 0.944662 0.983341 0.976610 0.911392 0.997373 0.911347 0.970659 0.991119 0.851464 0.843397 0.991445 0.937006 0.983549 0.844211 0.932931 0.860008 0.957022 0.959938 0.969995 0.995547
0.677563 0.707719 0.469213 0.638767 0.661536 0.998274 0.687646 0.888336 0.787862 0.637488 0.523138 0.731661 0.740890 0.870094 0.465516 0.742805 0.663063 0.741656 0.981792 0.752351 0.738430 0.880779 0.000000 0.430638 0.645714 0.552707 0.726743 0.936883 0.588117 0.624914 0.751412 0.745471 0.844875 0.912911 0.728017 0.691125 0.894184 0.886222 0.884520 0.976965 0.810342 0.785285 0.992097 0.858645 0.972746 0.795886 0.915204 0.958889 0.624298 0.714808 0.764348 0.821996 0.856222 0.986229 0.717008 0.679836 0.626243 0.672248 0.605537 0.712972 0.879206 0.755121 0.695570 0.651933 0.360438 0.488995 0.703277 0.699605 0.746401 0.698084 0.998619 0.859228 0.827239 0.753272 0.956289 0.931371 0.723082 0.999520 0.988749 0.985114 0.825350 0.958193 0.662194 0.992476 0.446922 0.419833 0.701168 0.610277 0.777737 0.878359 0.703979 0.801397 0.781194 0.853208 0.805000 0.909031 0.844038 0.993173 0.814846 0.946592 0.901976 0.890460 0.812107 0.663769 0.832984 0.927253 0.874903 0.821510 0.941007 0.844241 0.912673 0.954578 0.774723 0.904910 0.773998 0.935391
0.949016 0.967196 0.752710 0.640995 0.841689 0.949883 0.982076 0.786451 0.865138 0.564491 0.612008 0.912219 0.810757 0.756675 0.682667 0.736420 0.749255 0.812077 0.898203 0.944375 0.649448 0.971744 0.430638 0.000000 0.647489 0.733250 0.696553 0.896352 0.674900 0.655211 0.956261 0.967173 0.929259 0.843293 0.908098 0.879708 0.965834 0.981640 0.901070 0.948045 0.943484 0.886360 0.789415 0.777709 0.743507 0.724356 0.999495 0.964479 0.824952 0.948994 0.987795 0.976249 0.900472 0.953135 0.966720 0.913456 0.844065 0.907971 0.849914 0.946163 0.988300 0.857993 0.689465 0.790632 0.617559 0.702562 0.955631 0.940163 0.959131 0.972491 0.904003 0.889000 0.856783 0.870371 0.967818 0.922573 0.779024 0.900450 0.936079 0.832888 0.962480 0.858559 0.683957 0.893997 0.537795 0.456107 0.782731 0.600759 0.707286 0.850955 0.963589 0.873216 0.903929 0.876000 0.785376 0.982847 0.923826 0.933338 0.608549 0.902898 0.795262 0.970053 0.998235 0.706071 0.991723 0.969782 0.973436 0.707162 0.943388 0.885965 0.993387 0.760354 0.868924 0.995070 0.963756 0.894870
0.776798 0.809076 0.608072 0.878309 0.978801 0.741008 0.913296 0.510063 0.847583 0.573787 0.499628 0.573088 0.781944 0.760620 0.911129 0.948387 0.660976 0.725245 0.801942 0.720387 0.769888 0.913008 0.645714 0.647489 0.000000 0.449534 0.638767 0.878575 0.501180 0.459750 0.761581 0.862683 0.935493 0.794851 0.791028 0.815696 0.705797 0.795896 0.902763 0.828168 0.872662 0.878257 0.971153 0.837022 0.891697 0.761874 0.961313 0.959788 0.741012 0.800693 0.787167 0.834943 0.906791 0.886341 0.988951 0.908724 0.820651 0.836164 0.708135 0.727221 0.706083 0.576043 0.519967 0.599437 0.565158 0.929404 0.843790 0.929813 0.960899 0.937979 0.696439 0.834375 0.872846 0.881190 0.884493 0.884776 0.778329 0.966934 0.899142 0.975902 0.801984 0.963797 0.910732 0.910804 0.753236 0.713458 0.992827 0.778445 0.791320 0.812161 0.986122 0.920609 0.858961 0.962845 0.945315 0.910528 0.947254 0.941975 0.716337 0.859607 0.829246 0.935035 0.906009 0.829919 0.976593 0.903574 0.918526 0.803280 0.905029 0.892791 0.960818 0.886388 0.743331 0.950705 0.878967 0.849865
0.797465 0.838739 0.437646 0.712047 0.844330 0.979772 0.804310 0.815763 0.870722 0.746622 0.638867 0.667846 0.977570 0.857571 0.711858 0.931505 0.771137 0.857587 0.870116 0.706547 0.863484 0.903458 0.552707 0.733250 0.449534 0.000000 0.807778 0.894939 0.661638 0.676965 0.436666 0.614059 0.780792 0.963441 0.662147 0.773389 0.685158 0.909325 0.813951 0.916912 0.960177 0.983379 0.647005 0.862792 0.837904 0.931119 0.888484 0.798102 0.821510 0.848815 0.870025 0.973591 0.996021 0.910849 0.932167 0.876307 0.811712 0.822393 0.712170 0.805068 0.974445 0.761033 0.795104 0.772674 0.453782 0.659994 0.663898 0.625736 0.856775 0.797217 0.729131 0.947893 0.860824 0.883381 0.976518 0.939539 0.812275 0.903931 0.886953 0.917081 0.984301 0.983288 0.855349 0.925126 0.637664 0.571700 0.858320 0.880986 0.804671 0.725905 0.674935 0.739143 0.652210 0.853033 0.869268 0.969286 0.970481 0.773157 0.970671 0.878156 0.921933 0.727352 0.983796 0.995325 0.873718 0.734667 0.940478 0.973137 0.979502 0.863042 0.911158 0.984108 0.988652 0.997547 0.730239 0.790332
0.987860 0.987562 0.898037 0.873520 0.930107 0.991452 0.846513 0.807370 0.907372 0.642527 0.764998 0.895907 0.907925 0.847857 0.746187 0.839217 0.812911 0.797406 0.988072 0.968692 0.910777 0.918393 0.726743 0.696553 0.638767 0.807778 0.000000 0.725913 0.731879 0.842094 0.893790 0.938204 0.823106 0.883383 0.730966 0.983764 0.965719 0.989046 0.994366 0.985372 0.973780 0.956079 0.733671 0.800418 0.720736 0.789487 0.895570 0.926269 0.923331 0.880523 0.992644 0.907630 0.907167 0.922175 0.831734 0.942415 0.953165 0.945465 0.855998 0.995529 0.805470 0.825960 0.796586 0.828365 0.825587 0.955582 0.809994 0.787383 0.988638 0.891383 0.956362 0.962529 0.744112 0.801177 0.971773 0.972212 0.843574 0.899282 0.923268 0.924598 0.929103 0.959419 0.828454 0.988403 0.798541 0.711748 0.974367 0.780883 0.777710 0.933907 0.937606 0.866731 0.893790 0.898636 0.955284 0.962304 0.974559 0.839805 0.667547 0.785338 0.774212 0.836785 0.876562 0.769713 0.965227 0.983462 0.958376 0.691308 0.843065 0.863005 0.870789 0.887908 0.760348 0.907092 0.948166 0.974766
0.914355 0.919547 0.947963 0.934342 0.889657 0.971967 0.849794 0.865740 0.795741 0.911337 0.828923 0.898227 0.978256 0.930957 0.938710 0.977552 0.942486 0.781550 0.876750 0.896216 0.889831 0.980130 0.936883 0.896352 0.878575 0.894939 0.725913 0.000000 0.842744 0.900643 0.925451 0.857275 0.921399 0.946248 0.983299 0.808760 0.819710 0.991767 0.964581 0.983301 0.906333 0.965369 0.788165 0.867330 0.804777 0.834255 0.853700 0.886999 0.918043 0.974048 0.983417 0.984250 0.966642 0.870159 0.974310 0.992606 0.828749 0.895269 0.893727 0.931116 0.856097 0.849726 0.889773 0.882680 0.953671 0.944995 0.925253 0.840881 0.872120 0.934822 0.886005 0.980297 0.719788 0.888569 0.903862 0.992192 0.900765 0.989794 0.918326 0.977573 0.915361 0.967935 0.978840 0.992588 0.979840 0.975710 0.904040 0.939620 0.892367 0.848257 0.896097 0.915453 0.911808 0.968233 0.969990 0.897077 0.910975 0.977799 0.989844 0.961887 0.961353 0.979139 0.971949 0.754953 0.901738 0.986958 0.941810 0.961048 0.727654 0.960434 0.826054 0.936934 0.862936 0.835039 0.956547 0.916752
0.469241 0.467807 0.653068 0.971901 0.920223 0.600006 0.993390 0.423274 0.979037 0.472581 0.346581 0.377292 0.707894 0.624742 0.971134 0.794213 0.419883 0.410893 0.592973 0.474820 0.650527 0.968171 0.588117 0.674900 0.501180 0.661638 0.731879 0.842744 0.000000 0.357955 0.939224 0.962693 0.684895 0.565246 0.802698 0.716631 0.765977 0.940276 0.888454 0.983013 0.972748 0.969587 0.791166 0.569632 0.820387 0.474048 0.717094 0.659425 0.458116 0.512752 0.467226 0.528770 0.655084 0.656877 0.751309 0.646246 0.518931 0.521641 0.451475 0.439815 0.641698 0.372692 0.340654 0.338616 0.669320 0.997354 0.848339 0.960565 0.853911 0.720009 0.911862 0.887560 0.660630 0.736053 0.819435 0.842794 0.552639 0.879090 0.802638 0.775050 0.533312 0.719054 0.997937 0.974644 0.881899 0.789744 0.757880 0.718845 0.864149 0.974564 0.978881 0.737279 0.838987 0.787099 0.972704 0.830292 0.831506 0.973308 0.603899 0.786595 0.511607 0.822568 0.683181 0.660276 0.913873 0.926904 0.873490 0.803201 0.826016 0.938201 0.798010 0.770542 0.656316 0.950583 0.996169 0.843981
0.582252 0.517791 0.745081 0.960756 0.939661 0.705209 0.949400 0.402013 0.958861 0.476848 0.418803 0.423957 0.706846 0.654445 0.971624 0.815755 0.417734 0.452212 0.595381 0.516237 0.700265 0.978585 0.624914 0.655211 0.459750 0.676965 0.842094 0.900643 0.357955 0.000000 0.968454 0.929584 0.739914 0.501524 0.755715 0.693062 0.806911 0.892969 0.945079 0.999507 0.988366 0.966911 0.809343 0.579297 0.835272 0.515118 0.703506 0.685312 0.547169 0.550959 0.526905 0.582226 0.717654 0.686955 0.816174 0.785850 0.559074 0.569451 0.574932 0.541827 0.686322 0.453862 0.326330 0.356693 0.628074 0.965338 0.764773 0.983160 0.973121 0.765703 0.931450 0.895370 0.811602 0.782654 0.807329 0.858428 0.662388 0.803111 0.817955 0.728590 0.528666 0.731953 0.994561 0.966613 0.827675 0.786514 0.788235 0.752543 0.785858 0.843402 0.993538 0.752526 0.820495 0.818407 0.947572 0.759120 0.895207 0.998528 0.638317 0.872475 0.579103 0.818510 0.696963 0.722917 0.929212 0.952187 0.830401 0.831422 0.883148 0.897979 0.781713 0.761657 0.604704 0.961984 0.965023 0.765101
0.861514 0.957421 0.596651 0.868936 0.922243 0.860584 0.790287 0.909966 0.734380 0.926977 0.857545 0.792616 0.989319 0.898245 0.750565 0.951235 0.921426 0.990860 0.963897 0.815158 0.986805 0.971526 0.751412 0.956261 0.761581 0.436666 0.893790 0.925451 0.939224 0.968454 0.000000 0.482075 0.689360 0.826404 0.790649 0.924619 0.774706 0.989670 0.938101 0.978722 0.985094 0.990017 0.541163 0.675617 0.720447 0.737470 0.797929 0.695200 0.964048 0.990871 0.995863 0.876531 0.950353 0.740228 0.938040 0.856559 0.945753 0.948622 0.724297 0.948518 0.994562 0.891609 0.961944 0.949298 0.724592 0.803352 0.817558 0.658491 0.705215 0.769373 0.750778 0.918631 0.833886 0.937130 0.872230 0.962910 0.998671 0.795297 0.853964 0.833728 0.970299 0.929201 0.970166 0.917021 0.934343 0.836817 0.979091 0.886276 0.975958 0.909448 0.667437 0.718748 0.696764 0.828906 0.858957 0.982679 0.964948 0.907926 0.850166 0.799057 0.755452 0.698757 0.947794 0.888085 0.880740 0.641250 0.988940 0.903588 0.961395 0.777174 0.836737 0.889499 0.989617 0.992763 0.711672 0.829633
0.817918 0.922158 0.607334 0.820872 0.865901 0.894210 0.701778 0.882040 0.750787 0.900971 0.936878 0.845570 0.955060 0.960139 0.685636 0.947809 0.986276 0.921902 0.993112 0.911461 0.958919 0.954780 0.745471 0.967173 0.862683 0.614059 0.938204 0.857275 0.962693 0.929584 0.482075 0.000000 0.598987 0.812325 0.781099 0.922742 0.897035 0.881563 0.923901 0.859925 0.921075 0.880911 0.605125 0.714230 0.719839 0.745076 0.788113 0.703246 0.909303 0.973446 0.997204 0.950288 0.965561 0.797872 0.988542 0.887138 0.921661 0.939925 0.783439 0.936157 0.905980 0.908664 0.908784 0.950510 0.724272 0.781758 0.828135 0.631180 0.741302 0.840478 0.808960 0.926054 0.995168 0.880822 0.918289 0.989157 0.990681 0.883397 0.762356 0.834692 0.985516 0.933236 0.922528 0.944075 0.929846 0.839000 0.915653 0.862253 0.945263 0.938674 0.700455 0.713041 0.791456 0.868694 0.851164 0.875268 0.872349 0.937913 0.877148 0.915770 0.816832 0.714973 0.988982 0.916504 0.857569 0.829710 0.959987 0.955111 0.994394 0.784221 0.818068 0.934794 0.940029 0.981965 0.791455 0.878062
0.877224 0.819188 0.713393 0.686272 0.886497 0.817699 0.643508 0.638746 0.813344 0.716879 0.774450 0.818596 0.740606 0.834180 0.690859 0.850288 0.652105 0.590496 0.685724 0.841510 0.769224 0.896510 0.844875 0.929259 0.935493 0.780792 0.823106 0.921399 0.684895 0.739914 0.689360 0.598987 0.000000 0.555589 0.745956 0.879280 0.902025 0.956029 0.978741 0.961681 0.925857 0.900599 0.536870 0.600677 0.627137 0.645912 0.712369 0.584523 0.890907 0.956342 0.854814 0.866670 0.976471 0.869284 0.838308 0.983286 0.788736 0.833344 0.809892 0.842336 0.624868 0.747702 0.642410 0.702903 0.720623 0.648220 0.707160 0.532070 0.921348 0.930281 0.960855 0.870987 0.826449 0.955716 0.822777 0.860238 0.817963 0.889912 0.659457 0.748327 0.702927 0.846386 0.890174 0.899238 0.727981 0.794738 0.928792 0.971075 0.988477 0.858736 0.706866 0.943846 0.852168 0.989530 0.898345 0.999405 0.966541 0.769621 0.581338 0.615935 0.737496 0.637005 0.875810 0.801601 0.798114 0.782471 0.971535 0.805483 0.984172 0.894659 0.778803 0.770728 0.854541 0.998438 0.808336 0.921976
0.593618 0.576307 0.947992 0.754162 0.858674 0.759160 0.715594 0.450144 0.852186 0.646852 0.586350 0.540328 0.669160 0.705707 0.880000 0.811686 0.522501 0.487267 0.623788 0.630255 0.772744 0.925749 0.912911 0.843293 0.794851 0.963441 0.883383 0.946248 0.565246 0.501524 0.826404 0.812325 0.555589 0.000000 0.919572 0.957130 0.992126 0.988467 0.997787 0.971815 0.940567 0.963612 0.525205 0.401396 0.607924 0.500456 0.596103 0.531160 0.640320 0.744657 0.646021 0.703398 0.867527 0.806844 0.898106 0.828430 0.623320 0.683254 0.640266 0.619125 0.557352 0.483636 0.437855 0.480929 0.955709 0.683181 0.854854 0.612330 0.939350 0.912138 0.880939 0.766300 0.763519 0.789812 0.817566 0.846434 0.590241 0.755968 0.695099 0.810835 0.545981 0.694713 0.794112 0.877133 0.806056 0.856506 0.943873 0.900025 0.919016 0.993381 0.786449 0.910489 0.980345 0.939027 0.903083 0.799595 0.850219 0.768901 0.536622 0.694298 0.607427 0.744362 0.658779 0.834245 0.811987 0.751388 0.984900 0.808213 0.879881 0.974306 0.688391 0.628942 0.627292 0.999368 0.773304 0.994127
0.826792 0.814286 0.625225 0.903080 0.843681 0.914407 0.736373 0.948400 0.826561 0.947137 0.808226 0.759344 0.926876 0.838604 0.818952 0.982713 0.845801 0.929810 0.826717 0.804178 0.898808 0.949201 0.728017 0.908098 0.791028 0.662147 0.730966 0.983299 0.802698 0.755715 0.790649 0.781099 0.745956 0.919572 0.000000 0.792774 0.662096 0.908193 0.978008 0.971451 0.962605 0.938321 0.708804 0.915702 0.753999 0.960905 0.957290 0.965109 0.815194 0.682370 0.808720 0.806906 0.828533 0.941386 0.967689 0.860594 0.795568 0.748963 0.828500 0.784555 0.850798 0.914657 0.835448 0.813187 0.636267 0.672631 0.546644 0.573009 0.857663 0.664159 0.991043 0.986790 0.965181 0.968600 0.952301 0.997982 0.933024 0.956973 0.998655 0.850543 0.913791 0.928596 0.933368 0.990923 0.723794 0.725378 0.961616 0.974721 0.947888 0.847479 0.711312 0.675721 0.727624 0.699425 0.966718 0.888301 0.959205 0.775896 0.885692 0.707157 0.924243 0.747358 0.973266 0.894668 0.834446 0.956310 0.939774 0.836919 0.942062 0.987391 0.936273 0.902082 0.899811 0.935563 0.582800 0.887151
0.746347 0.703265 0.669644 0.971029 0.837658 0.915634 0.752420 0.858491 0.918307 0.855194 0.751884 0.740515 0.964839 0.808121 0.921557 0.872573 0.799053 0.836900 0.895529 0.700751 0.888640 0.985493 0.691125 0.879708 0.815696 0.773389 0.983764 0.808760 0.716631 0.693062 0.924619 0.922742 0.879280 0.957130 0.792774 0.000000 0.762012 0.952809 0.946375 0.980135 0.981639 0.960060 0.852168 0.995496 0.831306 0.814905 0.981452 0.921989 0.687019 0.601583 0.612891 0.620952 0.694184 0.674356 0.781371 0.811714 0.702989 0.666073 0.791051 0.661122 0.955930 0.752698 0.788381 0.715184 0.635131 0.794032 0.560249 0.720731 0.839250 0.700687 0.991589 0.986708 0.983551 0.971153 0.987605 0.899440 0.810849 0.947957 0.952652 0.976105 0.855904 0.890259 0.907077 0.994228 0.764978 0.879509 0.710549 0.762746 0.996200 0.942647 0.754913 0.709708 0.651775 0.710122 0.839884 0.929462 0.971054 0.747169 0.937577 0.822797 0.966288 0.880119 0.896262 0.840907 0.990007 0.969646 0.777783 0.869059 0.974863 0.911093 0.939807 0.868179 0.997324 0.949477 0.973735 0.941792
0.841764 0.875099 0.796834 0.882160 0.900348 0.870372 0.937807 0.722793 0.996928 0.882158 0.728366 0.727722 0.730163 0.643300 0.929780 0.898459 0.877955 0.946405 0.770419 0.813501 0.744904 0.920930 0.894184 0.965834 0.705797 0.685158 0.965719 0.819710 0.765977 0.806911 0.774706 0.897035 0.902025 0.992126 0.662096 0.762012 0.000000 0.819878 0.708380 0.804072 0.860322 0.780328 0.840298 0.954739 0.928481 0.925484 0.931240 0.973082 0.877629 0.802187 0.791220 0.826548 0.801754 0.814561 0.996981 0.951409 0.955780 0.887824 0.801412 0.814075 0.791045 0.762365 0.783678 0.816582 0.855813 0.960257 0.798584 0.843066 0.945041 0.921599 0.726587 0.923139 0.985674 0.899170 0.958833 0.926985 0.863209 0.820691 0.975970 0.948108 0.943147 0.996540 0.939327 0.887915 0.949491 0.937593 0.982537 0.853591 0.847481 0.776443 0.975934 0.834474 0.911940 0.898372 0.966882 0.832511 0.978124 0.729416 0.912713 0.981310 0.963694 0.962010 0.992927 0.939966 0.983191 0.811195 0.942725 0.998977 0.867606 0.899243 0.918226 0.975281 0.972067 0.957616 0.899857 0.988405
0.933812 0.922019 0.925861 0.880027 0.991442 0.969074 0.893493 0.901991 0.900702 0.978152 0.940510 0.959398 0.723010 0.815943 0.770715 0.890689 0.978708 0.861546 0.958073 0.976749 0.895985 0.756116 0.886222 0.981640 0.795896 0.909325 0.989046 0.991767 0.940276 0.892969 0.989670 0.881563 0.956029 0.988467 0.908193 0.952809 0.819878 0.000000 0.871395 0.851570 0.761717 0.785452 0.930823 0.999641 0.899944 0.954189 0.929157 0.824484 0.945213 0.923515 0.938543 0.934835 0.924587 0.797622 0.833009 0.826994 0.847876 0.839727 0.834743 0.962348 0.937948 0.983024 0.879340 0.938320 0.903941 0.989723 0.897439 0.965747 0.702929 0.852177 0.810542 0.766105 0.787477 0.877537 0.974295 0.947697 0.957243 0.905710 0.874205 0.907286 0.907021 0.803262 0.911955 0.702575 0.944934 0.906681 0.801542 0.835596 0.992026 0.801878 0.815382 0.951753 0.944146 0.974916 0.851714 0.783260 0.649915 0.698127 0.969786 0.873808 0.969299 0.893474 0.936881 0.703309 0.966059 0.758191 0.836723 0.979411 0.999172 0.980809 0.829364 0.894244 0.961949 0.931568 0.967849 0.987727
