0.000000 0.526107 0.652541 0.664631 0.815921 0.896191 0.632856 0.568359 0.927770 0.697406 0.572585 0.618107 0.742674 0.860102 0.897286 0.902284 0.499095 0.474216 0.579941 0.612773 0.745860 0.995870 0.810561 0.652490 0.902490 0.822784 0.941863 0.772578 0.845637 0.826146 0.896555 0.829518 0.566961 0.574831 0.629908 0.936241 0.765544 0.882477 0.895172 0.843560 0.642224 0.857362 0.753177 0.741027 0.770092 0.627130 0.557897 0.662662 0.745065 0.910351 0.904831 0.997807 0.931024 0.943103 0.697007 0.596631 0.471949 0.574025 0.508039 0.742512 0.551531 0.589023 0.571557 0.516632 0.848110 0.743132 0.674792 0.752421 0.689126 0.611908 0.876093 0.994127 0.991771 0.870482 0.988603 0.884510 0.877754 0.755695 0.563668 0.970395 0.481257 0.542789 0.921599 0.724298 0.844196 0.777781 0.834453 0.802839 0.778555 0.577608 0.802126 0.973441 0.816909 0.961002 0.772940 0.740034 0.712312 0.836250 0.585573 0.697183 0.876279 0.964213 0.606144 0.646799 0.999750 0.701729 0.925666 0.784813 0.968017 0.941198 0.915205 0.758278 0.880530 0.827274 0.982537 0.996654
0.526107 0.000000 0.788765 0.704494 0.754278 0.831650 0.902544 0.726751 0.983666 0.995384 0.835175 0.690940 0.686761 0.669427 0.899009 0.846496 0.625167 0.639192 0.661655 0.678648 0.833689 0.844903 0.912379 0.910331 0.809882 0.747918 0.963640 0.754810 0.979109 0.908845 0.927196 0.907553 0.659868 0.790125 0.782951 0.941323 0.778719 0.877333 0.980848 0.911892 0.796311 0.863525 0.669750 0.596579 0.816020 0.685702 0.686104 0.654743 0.727534 0.758644 0.815109 0.824733 0.923777 0.898987 0.740550 0.820637 0.543787 0.512945 0.610234 0.649171 0.805393 0.719916 0.881678 0.796047 0.801028 0.696926 0.855953 0.790764 0.654039 0.570154 0.790332 0.827875 0.876247 0.984219 0.973716 0.930659 0.788642 0.688307 0.662618 0.903309 0.693218 0.745096 0.881402 0.886939 0.990955 0.815411 0.965703 0.849213 0.835075 0.708939 0.916888 0.995350 0.888079 0.956800 0.823362 0.790380 0.696979 0.861511 0.717102 0.764532 0.884865 0.893115 0.704476 0.657125 0.862435 0.761726 0.854345 0.718915 0.869206 0.831649 0.975653 0.839651 0.778358 0.800971 0.777662 0.897191
0.652541 0.788765 0.000000 0.417392 0.997397 0.975704 0.410637 0.595858 0.800977 0.808563 0.770342 0.965554 0.991061 0.839580 0.735019 0.649589 0.814566 0.709758 0.775507 0.767752 0.772943 0.866508 0.971682 0.972384 0.701755 0.720412 0.922965 0.848805 0.946191 0.871881 0.869480 0.969206 0.561412 0.682268 0.633614 0.836730 0.803072 0.856682 0.810728 0.714500 0.737753 0.775685 0.687276 0.671691 0.693465 0.689466 0.707915 0.724486 0.927100 0.933269 0.831719 0.901694 0.975892 0.964718 0.749435 0.659670 0.739618 0.880707 0.659648 0.743177 0.637372 0.793174 0.860508 0.887038 0.472700 0.601976 0.432067 0.514192 0.972865 0.772487 0.798493 0.872980 0.954960 0.986748 0.871587 0.924440 0.755730 0.862873 0.758282 0.987823 0.690359 0.641796 0.904224 0.833601 0.696328 0.572870 0.888388 0.854412 0.789024 0.618355 0.578521 0.671842 0.495037 0.598322 0.784946 0.734141 0.652173 0.777534 0.604372 0.623144 0.824060 0.828393 0.695623 0.680129 0.773860 0.603017 0.930524 0.749925 0.986276 0.886719 0.726526 0.722731 0.828659 0.851527 0.919105 0.933611
0.664631 0.704494 0.417392 0.000000 0.902994 0.782254 0.515649 0.463461 0.921881 0.851068 0.808617 0.809966 0.921898 0.965023 0.679933 0.789463 0.970186 0.779129 0.801463 0.750336 0.772669 0.828228 0.949759 0.960837 0.744917 0.728308 0.939378 0.892275 0.816747 0.871183 0.898568 0.880206 0.649704 0.635563 0.632544 0.838301 0.876050 0.885160 0.688211 0.630708 0.762823 0.856607 0.589443 0.582845 0.759466 0.702952 0.635615 0.618699 0.976549 0.983087 0.826707 0.908695 0.898228 0.941736 0.837568 0.676381 0.889124 0.922715 0.666606 0.586934 0.679352 0.660548 0.983829 0.940825 0.519461 0.425354 0.416133 0.409105 0.918556 0.758779 0.635061 0.683138 0.934905 0.957241 0.971716 0.966832 0.636626 0.809321 0.763807 0.937660 0.776988 0.773381 0.721874 0.976717 0.909625 0.668270 0.817979 0.655901 0.949364 0.637876 0.590289 0.697645 0.488974 0.609790 0.790296 0.694545 0.605244 0.754522 0.502756 0.651734 0.762653 0.804922 0.665332 0.604466 0.703888 0.619697 0.962616 0.737247 0.924417 0.925375 0.709124 0.746924 0.894195 0.767440 0.891236 0.858416
0.815921 0.754278 0.997397 0.902994 0.000000 0.925327 0.839994 0.996785 0.646203 0.814669 0.927065 0.950333 0.892503 0.956692 0.732098 0.887138 0.895734 0.991616 0.915479 0.930037 0.820983 0.875541 0.560556 0.678072 0.834100 0.717901 0.962904 0.647779 0.791529 0.759066 0.891443 0.793824 0.987856 0.984090 0.990620 0.954995 0.895148 0.695626 0.928403 0.879203 0.853084 0.866202 0.647805 0.650344 0.951105 0.841065 0.758462 0.760440 0.855989 0.861670 0.887718 0.951683 0.906057 0.858018 0.913217 0.897639 0.893078 0.987737 0.726078 0.815947 0.803513 0.933970 0.862064 0.934380 0.844583 0.993822 0.851304 0.843363 0.767781 0.806128 0.862489 0.936806 0.790345 0.765536 0.941451 0.949030 0.903003 0.735367 0.988149 0.962131 0.950171 0.866442 0.700402 0.795735 0.650919 0.701193 0.834057 0.708686 0.907031 0.980454 0.945072 0.976231 0.970079 0.903873 0.979164 0.915449 0.979618 0.753056 0.900524 0.907955 0.902092 0.814156 0.704042 0.788261 0.969751 0.817906 0.913773 0.822035 0.781137 0.944598 0.990775 0.959341 0.922372 0.964983 0.943414 0.809651
0.896191 0.831650 0.975704 0.782254 0.925327 0.000000 0.989792 0.815393 0.973418 0.991466 0.945366 0.823045 0.780324 0.793484 0.995942 0.733854 0.915854 0.951285 0.978346 0.891298 0.936806 0.753451 0.901075 0.939410 0.958765 0.866094 0.812031 0.756518 0.884123 0.933404 0.987157 0.850506 0.939221 0.989538 0.906046 0.981771 0.997169 0.939038 0.888346 0.892677 0.823545 0.934022 0.988769 0.988998 0.889960 0.909858 0.986367 0.974409 0.892985 0.894391 0.983014 0.889188 0.901206 0.954852 0.948163 0.916043 0.948089 0.988157 0.983184 0.946033 0.917260 0.804780 0.891655 0.903500 0.878555 0.778461 0.962359 0.920258 0.921439 0.934504 0.704289 0.700129 0.990662 0.978477 0.995812 0.857224 0.827380 0.835144 0.959127 0.981459 0.966697 0.907565 0.716041 0.818498 0.803795 0.983030 0.907652 0.734230 0.957430 0.989341 0.894485 0.926733 0.767896 0.876798 0.925607 0.939632 0.969890 0.909783 0.843721 0.945830 0.925240 0.821491 0.930094 0.880626 0.837151 0.861217 0.955734 0.987602 0.920081 0.993484 0.886756 0.948403 0.981805 0.891145 0.712524 0.806409
0.632856 0.902544 0.410637 0.515649 0.839994 0.989792 0.000000 0.480089 0.658512 0.523496 0.698269 0.824080 0.891287 0.831413 0.771858 0.683561 0.740391 0.609227 0.658657 0.804677 0.940453 0.950078 0.886320 0.940960 0.974616 0.968212 0.935381 0.918813 0.895450 0.870424 0.835868 0.965600 0.497794 0.530664 0.635938 0.878908 0.968812 0.936546 0.897536 0.856588 0.766464 0.854355 0.830240 0.824687 0.599303 0.593671 0.789550 0.771904 0.933327 0.949511 0.992211 0.886990 0.858832 0.937500 0.785841 0.720109 0.811902 0.963241 0.788119 0.919650 0.403976 0.616477 0.565224 0.626747 0.624005 0.684678 0.493909 0.618954 0.935017 0.880320 0.945863 0.963844 0.980371 0.961574 0.882883 0.885350 0.862792 0.961870 0.734934 0.849162 0.538650 0.501851 0.961384 0.715042 0.582791 0.587071 0.886705 0.928971 0.858560 0.766949 0.531969 0.743342 0.543096 0.760325 0.737602 0.777949 0.690619 0.824093 0.529518 0.628338 0.907841 0.943846 0.757434 0.694951 0.877866 0.749934 0.757362 0.884722 0.837071 0.945120 0.716610 0.678581 0.863925 0.867861 0.900659 0.919184
0.568359 0.726751 0.595858 0.463461 0.996785 0.815393 0.480089 0.000000 0.914172 0.524391 0.536659 0.472244 0.738402 0.865185 0.695459 0.903213 0.758910 0.624189 0.689756 0.714225 0.960246 0.981316 0.820770 0.785895 0.860037 0.946469 0.948590 0.925855 0.899565 0.794522 0.998034 0.854543 0.632050 0.421920 0.728264 0.895823 0.997400 0.892160 0.710672 0.660725 0.807487 0.919831 0.770071 0.758823 0.766844 0.676585 0.694190 0.666181 0.971166 0.755044 0.843394 0.713141 0.641198 0.651847 0.755178 0.738343 0.914850 0.925497 0.673255 0.679565 0.414274 0.353812 0.665401 0.587521 0.822343 0.493835 0.531272 0.507902 0.884776 0.763952 0.827771 0.850944 0.964123 0.947474 0.952711 0.934927 0.728995 0.820095 0.761057 0.897437 0.665328 0.669641 0.774143 0.885039 0.997853 0.816341 0.764613 0.614926 0.967908 0.788512 0.750821 0.976741 0.705988 0.981816 0.773822 0.816268 0.685669 0.810469 0.511875 0.798594 0.744145 0.988638 0.671663 0.700845 0.897700 0.772663 0.818803 0.943389 0.824329 0.945697 0.751631 0.779914 0.909276 0.807450 0.937002 0.988427
0.927770 0.983666 0.800977 0.921881 0.646203 0.973418 0.658512 0.914172 0.000000 0.768803 0.941064 0.972574 0.755654 0.895276 0.769962 0.965570 0.862448 0.856224 0.892061 0.999003 0.918901 0.960521 0.637011 0.830777 0.953298 0.987238 0.990289 0.937233 0.841114 0.889529 0.867215 0.892998 0.836649 0.954278 0.948119 0.901928 0.977396 0.837273 0.939682 0.835911 0.869971 0.893369 0.850962 0.858346 0.939932 0.976557 0.904611 0.850408 0.993359 0.960459 0.956546 0.998534 0.833356 0.768458 0.980511 0.967601 0.887419 0.907169 0.871644 0.856239 0.657629 0.882495 0.738219 0.820606 0.658870 0.930868 0.962985 0.843489 0.985795 0.893919 0.902702 0.807644 0.866763 0.977110 0.934210 0.979097 0.993312 0.943717 0.764993 0.931058 0.776510 0.736914 0.671045 0.746702 0.569832 0.557138 0.771848 0.774456 0.870036 0.837514 0.835909 0.855593 0.872025 0.890017 0.937778 0.987172 0.930611 0.991893 0.981977 0.807551 0.850688 0.964084 0.963217 0.909493 0.892426 0.953145 0.938020 0.927978 0.865610 0.986226 0.845858 0.953115 0.953274 0.848063 0.961214 0.802760
0.697406 0.995384 0.808563 0.851068 0.814669 0.991466 0.523496 0.524391 0.768803 0.000000 0.584714 0.670362 0.845924 0.968239 0.879936 0.900452 0.714647 0.600433 0.683463 0.805384 0.987363 0.852057 0.980636 0.805505 0.598609 0.677212 0.895584 0.757113 0.739903 0.705738 0.949387 0.977817 0.700568 0.560509 0.854557 0.883952 0.855866 0.801124 0.996283 0.936275 0.910688 0.995801 0.849286 0.899358 0.817380 0.796872 0.850014 0.925711 0.958243 0.758793 0.717707 0.669252 0.678908 0.676029 0.839588 0.908325 0.971872 0.974821 0.833861 0.921006 0.421101 0.523803 0.436492 0.425315 0.942066 0.882250 0.717623 0.827494 0.956885 0.938173 0.850090 0.831554 0.871603 0.980128 0.995711 0.850188 0.915910 0.827213 0.823976 0.745028 0.584423 0.564328 0.958874 0.695802 0.795224 0.902993 0.879921 0.958875 0.982821 0.925287 0.821955 0.890859 0.905196 0.852398 0.840826 0.836423 0.859045 0.988639 0.718028 0.865029 0.920761 0.834847 0.780084 0.812724 0.981816 0.888162 0.745521 0.857055 0.835694 0.980167 0.946214 0.848120 0.979699 0.977375 0.800888 0.811467
0.572585 0.835175 0.770342 0.808617 0.927065 0.945366 0.698269 0.536659 0.941064 0.584714 0.000000 0.488648 0.714191 0.995284 0.670217 0.853972 0.608411 0.661696 0.833050 0.761664 0.876969 0.891896 0.604855 0.573751 0.832455 0.923163 0.857167 0.995591 0.841129 0.866630 0.804131 0.735113 0.785632 0.529205 0.767785 0.958949 0.857743 0.982804 0.923668 0.810746 0.738702 0.824839 0.936955 0.935699 0.925548 0.787646 0.756400 0.885183 0.992218 0.792223 0.703595 0.630529 0.612164 0.598720 0.725137 0.696902 0.873472 0.893338 0.703137 0.831430 0.557256 0.510866 0.622823 0.535012 0.895214 0.834328 0.736822 0.802951 0.846064 0.702132 0.835161 0.921911 0.797309 0.885599 0.925178 0.894141 0.922264 0.890184 0.740407 0.925290 0.678764 0.750176 0.853022 0.818931 0.891814 0.935344 0.793121 0.684899 0.894703 0.835928 0.851507 0.804858 0.875003 0.913240 0.810348 0.839343 0.776602 0.825085 0.721593 0.947964 0.824964 0.945896 0.643877 0.795143 0.918982 0.865649 0.809844 0.993289 0.853132 0.940477 0.983595 0.850969 0.933290 0.864093 0.908849 0.917076
0.618107 0.690940 0.965554 0.809966 0.950333 0.823045 0.824080 0.472244 0.972574 0.670362 0.488648 0.000000 0.505372 0.609269 0.880433 0.809565 0.685113 0.674446 0.665660 0.721333 0.942834 0.847872 0.685608 0.758652 0.761460 0.806980 0.954301 0.950461 0.858866 0.728378 0.777281 0.802425 0.857556 0.587864 0.873107 0.969429 0.996586 0.796479 0.842683 0.842246 0.885177 0.979855 0.880041 0.840293 0.941142 0.794447 0.755829 0.827447 0.968598 0.742678 0.759178 0.664943 0.694357 0.668804 0.728478 0.818107 0.873059 0.830785 0.777391 0.821841 0.548162 0.420551 0.662028 0.578528 0.881180 0.700867 0.888009 0.859554 0.904568 0.678315 0.974729 0.955921 0.964292 0.980394 0.916708 0.993565 0.780884 0.745784 0.757321 0.876778 0.723694 0.816656 0.816534 0.921012 0.805687 0.967935 0.797552 0.665544 0.950046 0.943111 0.996268 0.751112 0.996796 0.775707 0.847685 0.999302 0.809176 0.883396 0.755612 0.973787 0.780730 0.896417 0.723964 0.862134 0.965666 0.971324 0.871265 0.989424 0.854073 0.987683 0.963092 0.927007 0.909900 0.848655 0.929843 0.955904
0.742674 0.686761 0.991061 0.921898 0.892503 0.780324 0.891287 0.738402 0.755654 0.845924 0.714191 0.505372 0.000000 0.539957 0.792300 0.627288 0.754288 0.777130 0.641588 0.822235 0.893331 0.976996 0.981206 0.953962 0.851631 0.867308 0.981780 0.989255 0.810585 0.790933 0.935193 0.967105 0.897848 0.785338 0.973578 0.911270 0.895257 0.776285 0.995716 0.954858 0.904266 0.910174 0.941740 0.897817 0.953731 0.787919 0.843810 0.973577 0.993850 0.922390 0.872150 0.872270 0.972439 0.966693 0.794638 0.811486 0.828298 0.814140 0.959754 0.974864 0.628289 0.556543 0.799446 0.769030 0.999630 0.726402 0.912355 0.928546 0.846300 0.778171 0.992924 0.995521 0.831420 0.968653 0.956881 0.824885 0.790139 0.764001 0.809680 0.939012 0.811587 0.873408 0.928676 0.980987 0.989931 0.837557 0.974802 0.930739 0.924972 0.963760 0.910208 0.905007 0.949106 0.895912 0.988186 0.969156 0.837398 0.927335 0.870732 0.946142 0.982793 0.902819 0.887551 0.953110 0.914892 0.905984 0.936523 0.998435 0.941711 0.983404 0.946604 0.959557 0.801215 0.740881 0.981606 0.952143
0.860102 0.669427 0.839580 0.965023 0.956692 0.793484 0.831413 0.865185 0.895276 0.968239 0.995284 0.609269 0.539957 0.000000 0.706140 0.556605 0.924568 0.878569 0.644709 0.737133 0.928182 0.976816 0.972851 0.881684 0.899822 0.995928 0.872391 0.946726 0.859285 0.827414 0.986306 0.870585 0.933057 0.940848 0.985481 0.996505 0.862502 0.840168 0.877901 0.955553 0.826293 0.852054 0.864766 0.822537 0.890691 0.935331 0.797885 0.847847 0.986390 0.919155 0.955857 0.986163 0.971788 0.959239 0.877792 0.875374 0.926108 0.866691 0.952409 0.877676 0.937946 0.742528 0.989648 0.969063 0.920095 0.767736 0.858902 0.962503 0.878924 0.836982 0.827009 0.785343 0.820564 0.897261 0.989130 0.812523 0.691834 0.761868 0.889332 0.990516 0.968806 0.990465 0.890289 0.933472 0.817020 0.957858 0.891609 0.941411 0.978340 0.992462 0.904450 0.867590 0.896179 0.836649 0.902140 0.990434 0.991185 0.972870 0.994750 0.982647 0.887732 0.916760 0.942655 0.990906 0.993094 0.934092 0.842856 0.982556 0.898675 0.915149 0.999356 0.992093 0.922730 0.960820 0.918374 0.907754
0.897286 0.899009 0.735019 0.679933 0.732098 0.995942 0.771858 0.695459 0.769962 0.879936 0.670217 0.880433 0.792300 0.706140 0.000000 0.574111 0.914775 0.912215 0.872566 0.970806 0.839060 0.961209 0.535805 0.644283 0.969761 0.947087 0.851851 0.974649 0.731506 0.754101 0.770802 0.666197 0.992414 0.755328 0.865814 0.939271 0.942392 0.805326 0.816783 0.774724 0.816757 0.777889 0.760690 0.832844 0.901754 0.889221 0.925348 0.859623 0.899206 0.821439 0.954299 0.803600 0.598918 0.620122 0.924310 0.868332 0.818112 0.761900 0.760541 0.816157 0.900834 0.851246 0.958161 0.964715 0.947415 0.851878 0.563998 0.630988 0.914830 0.861521 0.958653 0.916873 0.769062 0.903289 0.881327 0.862490 0.943004 0.957565 0.902068 0.961404 0.933373 0.910522 0.653242 0.816855 0.739764 0.786424 0.730193 0.565596 0.964197 0.973335 0.792847 0.900336 0.695363 0.788626 0.899496 0.891791 0.818734 0.788812 0.735083 0.903768 0.746846 0.892089 0.718725 0.813833 0.955734 0.804299 0.820512 0.856525 0.996413 0.952722 0.793125 0.921556 0.971198 0.899647 0.935835 0.860063
0.902284 0.846496 0.649589 0.789463 0.887138 0.733854 0.683561 0.903213 0.965570 0.900452 0.853972 0.809565 0.627288 0.556605 0.574111 0.000000 0.979365 0.941738 0.901066 0.998315 0.875474 0.969678 0.817377 0.714557 0.885308 0.916953 0.856206 0.985899 0.890324 0.799406 0.943783 0.764744 0.904666 0.874389 0.754273 0.944963 0.887835 0.820575 0.954013 0.896102 0.887565 0.722491 0.875342 0.886107 0.768106 0.830232 0.949462 0.879603 0.880086 0.952585 0.978736 0.994225 0.783594 0.808087 0.995095 0.822936 0.979946 0.878933 0.767197 0.968539 0.947076 0.925275 0.878608 0.890177 0.916425 0.906015 0.680601 0.799374 0.962632 0.957200 0.876322 0.918645 0.696238 0.823459 0.928960 0.799973 0.903028 0.837484 0.996845 0.941945 0.842567 0.817488 0.951828 0.899557 0.906130 0.966543 0.874266 0.858762 0.897113 0.825400 0.812897 0.854115 0.756392 0.798701 0.866414 0.771583 0.843035 0.819088 0.832818 0.813114 0.939214 0.935602 0.830455 0.841621 0.993869 0.806577 0.841720 0.874936 0.981348 0.996427 0.840969 0.794288 0.794234 0.926144 0.919361 0.986058
0.499095 0.625167 0.814566 0.970186 0.895734 0.915854 0.740391 0.758910 0.862448 0.714647 0.608411 0.685113 0.754288 0.924568 0.914775 0.979365 0.000000 0.471237 0.650467 0.600145 0.911342 0.894347 0.982661 0.808638 0.924535 0.964190 0.997519 0.983048 0.680353 0.676877 0.989346 0.893421 0.658039 0.725225 0.728365 0.944289 0.729773 0.939769 0.864492 0.895336 0.828982 0.885010 0.952245 0.964671 0.838557 0.769482 0.819733 0.818434 0.786061 0.904862 0.981486 0.951527 0.983210 0.990639 0.671729 0.748665 0.555463 0.566486 0.668485 0.933707 0.587127 0.659073 0.507023 0.469602 0.948089 0.943150 0.916965 0.992598 0.706426 0.649742 0.908188 0.844573 0.995643 0.944403 0.953815 0.886493 0.974464 0.962920 0.668875 0.945273 0.462132 0.518084 0.849127 0.562780 0.732827 0.789622 0.916198 0.933112 0.765816 0.722075 0.916753 0.841220 0.963546 0.836674 0.788384 0.805034 0.807795 0.976581 0.805525 0.868180 0.938796 0.832371 0.743765 0.837797 0.906078 0.892361 0.837778 0.948316 0.983776 0.927742 0.954022 0.841501 0.865882 0.959289 0.981199 0.931013
0.474216 0.639192 0.709758 0.779129 0.991616 0.951285 0.609227 0.624189 0.856224 0.600433 0.661696 0.674446 0.777130 0.878569 0.912215 0.941738 0.471237 0.000000 0.598721 0.625362 0.899626 0.907883 0.941983 0.826589 0.997143 0.991916 0.940591 0.973182 0.637902 0.583340 0.830787 0.997400 0.578643 0.585516 0.698142 0.843752 0.811077 0.949464 0.967366 0.909048 0.776855 0.881563 0.903442 0.855277 0.748432 0.688217 0.601688 0.694819 0.736938 0.923851 0.998543 0.951516 0.971665 0.941320 0.597459 0.665670 0.516107 0.632502 0.626923 0.834308 0.517112 0.603206 0.421572 0.427130 0.853698 0.845643 0.792395 0.828347 0.829600 0.690498 0.991956 0.883643 0.975553 0.879067 0.977694 0.871572 0.989725 0.967341 0.626534 0.931500 0.345003 0.389661 0.826082 0.510198 0.662086 0.691351 0.979182 0.972325 0.741889 0.607003 0.930461 0.816418 0.993964 0.834158 0.742581 0.752906 0.859026 0.963999 0.729409 0.797260 0.989961 0.841394 0.783873 0.800988 0.945989 0.758296 0.861438 0.964732 0.899620 0.875617 0.978990 0.810308 0.904489 0.924093 0.982787 0.887789
0.579941 0.661655 0.775507 0.801463 0.915479 0.978346 0.658657 0.689756 0.892061 0.683463 0.833050 0.665660 0.641588 0.644709 0.872566 0.901066 0.650467 0.598721 0.000000 0.617728 0.998741 0.989000 0.889053 0.911319 0.940431 0.997777 0.919725 0.964522 0.747021 0.729197 0.799668 0.858864 0.642412 0.684508 0.716079 0.908814 0.994440 0.852160 0.992145 0.951299 0.887584 0.993704 0.926133 0.840147 0.884531 0.720228 0.733050 0.773939 0.956743 0.987062 0.986224 0.976681 0.957103 0.942820 0.729064 0.735502 0.720557 0.744754 0.885055 0.899086 0.577668 0.646248 0.580391 0.635713 0.872035 0.751145 0.868828 0.890071 0.817209 0.824078 0.970490 0.982994 0.846203 0.925022 0.988081 0.991489 0.868940 0.827104 0.667793 0.961752 0.562281 0.578315 0.924858 0.763757 0.712499 0.696794 0.855675 0.964757 0.855685 0.843940 0.810192 0.981323 0.880832 0.971590 0.886664 0.879964 0.776925 0.983185 0.691205 0.744557 0.978581 0.818114 0.777022 0.892823 0.934890 0.835497 0.906954 0.863209 0.950869 0.872269 0.907658 0.821913 0.824928 0.890175 0.961814 0.800153
0.612773 0.678648 0.767752 0.750336 0.930037 0.891298 0.804677 0.714225 0.999003 0.805384 0.761664 0.721333 0.822235 0.737133 0.970806 0.998315 0.600145 0.625362 0.617728 0.000000 0.799081 0.940460 0.980699 0.933741 0.956941 0.973082 0.993009 0.939005 0.875875 0.866151 0.815097 0.975827 0.716435 0.736765 0.676463 0.999571 0.767808 0.890663 0.904574 0.834170 0.970743 0.928376 0.830350 0.770280 0.893580 0.752572 0.666321 0.608183 0.869647 0.856324 0.863435 0.800616 0.913074 0.957517 0.807207 0.684665 0.699360 0.623316 0.607515 0.600298 0.768231 0.699150 0.775869 0.722769 0.897676 0.706746 0.747018 0.737498 0.817812 0.639357 0.887639 0.908774 0.878786 0.894150 0.864618 0.900560 0.835657 0.983383 0.594168 0.981013 0.657785 0.713138 0.963658 0.822512 0.887167 0.833758 0.847789 0.887956 0.825258 0.695066 0.859529 0.972224 0.927491 0.992853 0.959918 0.735271 0.696103 0.892861 0.691969 0.842323 0.798514 0.878931 0.651867 0.762902 0.931581 0.813262 0.947767 0.833620 0.980847 0.980795 0.798394 0.867403 0.892753 0.973190 0.951287 0.955126
0.745860 0.833689 0.772943 0.772669 0.820983 0.936806 0.940453 0.960246 0.918901 0.987363 0.876969 0.942834 0.893331 0.928182 0.839060 0.875474 0.911342 0.899626 0.998741 0.799081 0.000000 0.889947 0.834358 0.791425 0.775152 0.774729 0.952366 0.843781 0.809473 0.750394 0.947932 0.899945 0.854755 0.926099 0.782406 0.985405 0.782797 0.810161 0.924996 0.964685 0.872134 0.931180 0.715303 0.753747 0.945919 0.910998 0.797370 0.840849 0.893983 0.833106 0.813265 0.849274 0.960704 0.980887 0.928482 0.958059 0.755215 0.853508 0.675366 0.819451 0.980231 0.953210 0.935955 0.951194 0.863144 0.905157 0.786957 0.810014 0.748479 0.791653 0.893389 0.959562 0.926952 0.822679 0.864070 0.984473 0.955930 0.955957 0.886875 0.828023 0.976481 0.990476 0.783578 0.902271 0.938576 0.941986 0.991573 0.857808 0.913457 0.726780 0.852440 0.887076 0.842346 0.818733 0.949649 0.734672 0.786768 0.922978 0.938706 0.873061 0.893522 0.923890 0.715021 0.782601 0.961928 0.800444 0.880823 0.851093 0.999974 0.920896 0.912224 0.836452 0.947696 0.919070 0.908467 0.802429
0.995870 0.844903 0.866508 0.828228 0.875541 0.753451 0.950078 0.981316 0.960521 0.852057 0.891896 0.847872 0.976996 0.976816 0.961209 0.969678 0.894347 0.907883 0.989000 0.940460 0.889947 0.000000 0.975689 0.967895 0.898115 0.813664 0.847439 0.676604 0.847148 0.821981 0.975564 0.875445 0.985856 0.990146 0.906075 0.962083 0.920779 0.875450 0.986974 0.843732 0.935344 0.796809 0.935825 0.959863 0.908991 0.901748 0.933235 0.989391 0.959237 0.862843 0.789439 0.807431 0.878265 0.868434 0.960793 0.934124 0.921290 0.996852 0.915020 0.793164 0.847824 0.958465 0.767231 0.791561 0.837635 0.832441 0.858116 0.865763 0.948040 0.990911 0.806343 0.782735 0.977169 0.978092 0.916825 0.993531 0.916156 0.926089 0.958596 0.943863 0.926638 0.880657 0.737174 0.804595 0.915838 0.923426 0.841163 0.883296 0.946433 0.919654 0.879897 0.889290 0.802735 0.750153 0.947666 0.997263 0.985094 0.921919 0.863666 0.837583 0.879495 0.814039 0.973181 0.933944 0.775217 0.749472 0.905270 0.812487 0.878273 0.938639 0.954323 0.871578 0.944249 0.974635 0.860061 0.939836
0.810561 0.912379 0.971682 0.949759 0.560556 0.901075 0.886320 0.820770 0.637011 0.980636 0.604855 0.685608 0.981206 0.972851 0.535805 0.817377 0.982661 0.941983 0.889053 0.980699 0.834358 0.975689 0.000000 0.437043 0.918791 0.993836 0.867553 0.830797 0.899297 0.812840 0.584336 0.562728 0.862791 0.860796 0.968049 0.930235 0.908037 0.887475 0.840200 0.849634 0.822702 0.830202 0.787015 0.794805 0.986217 0.936611 0.870296 0.866752 0.979209 0.855433 0.846849 0.731062 0.663404 0.588322 0.941010 0.873054 0.962452 0.962216 0.718379 0.851750 0.951559 0.851869 0.959235 0.921808 0.644906 0.959534 0.906249 0.914595 0.784807 0.765351 0.911824 0.975396 0.634754 0.763360 0.885471 0.994822 0.865107 0.844772 0.928215 0.996351 0.918855 0.778378 0.580466 0.749332 0.439567 0.547303 0.687989 0.484064 0.948416 0.957409 0.953002 0.818637 0.969642 0.967747 0.987027 0.982067 0.953810 0.779081 0.867059 0.917831 0.749928 0.954723 0.655200 0.820559 0.902923 0.900425 0.972951 0.955064 0.912971 0.944411 0.989003 0.937671 0.981268 0.964189 0.982221 0.790696
0.652490 0.910331 0.972384 0.960837 0.678072 0.939410 0.940960 0.785895 0.830777 0.805505 0.573751 0.758652 0.953962 0.881684 0.644283 0.714557 0.808638 0.826589 0.911319 0.933741 0.791425 0.967895 0.437043 0.000000 0.890859 0.978608 0.749128 0.922069 0.980787 0.958122 0.717808 0.561733 0.992162 0.776183 0.954451 0.920235 0.822869 0.928978 0.911091 0.889712 0.743661 0.874523 0.878075 0.885056 0.889463 0.840860 0.817633 0.846313 0.796691 0.942274 0.857302 0.748239 0.763577 0.632978 0.949919 0.843661 0.844211 0.887916 0.626577 0.907804 0.885216 0.831388 0.793886 0.678343 0.715187 0.849265 0.878692 0.961628 0.755182 0.746240 0.874313 0.951452 0.578884 0.666543 0.952363 0.886976 0.999960 0.926498 0.974415 0.881651 0.810006 0.933634 0.825484 0.911854 0.717227 0.699593 0.797028 0.653428 0.941547 0.879195 0.973580 0.828668 0.972664 0.915057 0.973565 0.886121 0.959320 0.829474 0.813387 0.911451 0.835007 0.945879 0.629717 0.771694 0.887697 0.885417 0.853412 0.971914 0.972832 0.939146 0.990356 0.823241 0.981688 0.941261 0.937779 0.940107
0.902490 0.809882 0.701755 0.744917 0.834100 0.958765 0.974616 0.860037 0.953298 0.598609 0.832455 0.761460 0.851631 0.899822 0.969761 0.885308 0.924535 0.997143 0.940431 0.956941 0.775152 0.898115 0.918791 0.890859 0.000000 0.435241 0.895041 0.674455 0.760362 0.734101 0.799227 0.926434 0.848252 0.885077 0.866897 0.751708 0.761641 0.689419 0.824669 0.897626 0.837070 0.816104 0.596052 0.618298 0.869252 0.849185 0.805179 0.857283 0.806283 0.660138 0.634146 0.635689 0.722697 0.698764 0.951350 0.841814 0.727511 0.865370 0.905913 0.948476 0.775045 0.718064 0.727263 0.662558 0.613621 0.875809 0.835028 0.822644 0.963575 0.857355 0.745098 0.801577 0.883084 0.956221 0.994639 0.974860 0.828506 0.775820 0.864707 0.774324 0.999952 0.993500 0.984541 0.969990 0.861499 0.790017 0.916050 0.984870 0.783801 0.734763 0.844334 0.695427 0.766282 0.649659 0.859656 0.793895 0.864660 0.861856 0.949244 0.819290 0.936357 0.818050 0.991122 0.896807 0.863027 0.842891 0.915055 0.724127 0.911004 0.907760 0.856531 0.974058 0.875946 0.956539 0.730756 0.797782
0.822784 0.747918 0.720412 0.728308 0.717901 0.866094 0.968212 0.946469 0.987238 0.677212 0.923163 0.806980 0.867308 0.995928 0.947087 0.916953 0.964190 0.991916 0.997777 0.973082 0.774729 0.813664 0.993836 0.978608 0.435241 0.000000 0.922391 0.660844 0.799952 0.741401 0.765313 0.973319 0.863772 0.945863 0.829935 0.801471 0.710897 0.687207 0.788639 0.897751 0.805273 0.790096 0.615768 0.648168 0.994100 0.897791 0.861891 0.800185 0.806458 0.734226 0.678073 0.726030 0.778157 0.695541 0.878982 0.794270 0.782055 0.857071 0.891988 0.900762 0.827887 0.823096 0.756048 0.751230 0.642380 0.875588 0.832713 0.833749 0.871017 0.863512 0.719281 0.806944 0.880934 0.931205 0.981739 0.982657 0.727978 0.666363 0.842868 0.759420 0.992785 0.977778 0.972883 0.994804 0.960392 0.826509 0.998323 0.929905 0.804020 0.694308 0.798767 0.691009 0.722352 0.623838 0.816140 0.850746 0.877048 0.779657 0.868543 0.794165 0.960750 0.730718 0.846150 0.820423 0.940390 0.742881 0.899490 0.727323 0.800213 0.877128 0.925221 0.839984 0.889895 0.943499 0.701196 0.776354
0.941863 0.963640 0.922965 0.939378 0.962904 0.812031 0.935381 0.948590 0.990289 0.895584 0.857167 0.954301 0.981780 0.872391 0.851851 0.856206 0.997519 0.940591 0.919725 0.993009 0.952366 0.847439 0.867553 0.749128 0.895041 0.922391 0.000000 0.832492 0.814246 0.896640 0.951109 0.807018 0.964189 0.887800 0.914874 0.939588 0.946494 0.923522 0.995809 0.984671 0.970887 0.985115 0.834118 0.898212 0.746575 0.742840 0.998626 0.948977 0.836861 0.883095 0.982835 0.955171 0.903357 0.906539 0.849043 0.833022 0.921465 0.987183 0.903759 0.984484 0.952129 0.977430 0.948533 0.874965 0.851405 0.874921 0.980616 0.955149 0.821151 0.917231 0.943701 0.937464 0.800605 0.863201 0.955868 0.959272 0.956531 0.968334 0.935916 0.884162 0.961945 0.940751 0.983806 0.959731 0.968304 0.831394 0.960304 0.959611 0.980342 0.863504 0.860357 0.949639 0.914721 0.977389 0.891440 0.992885 0.881531 0.862810 0.938819 0.865905 0.935999 0.883955 0.894624 0.922879 0.762862 0.916420 0.984239 0.986810 0.886276 0.947683 0.927998 0.910673 0.951313 0.869297 0.862495 0.916838
0.772578 0.754810 0.848805 0.892275 0.647779 0.756518 0.918813 0.925855 0.937233 0.757113 0.995591 0.950461 0.989255 0.946726 0.974649 0.985899 0.983048 0.973182 0.964522 0.939005 0.843781 0.676604 0.830797 0.922069 0.674455 0.660844 0.832492 0.000000 0.977233 0.867405 0.944535 0.916810 0.960306 0.981273 0.923614 0.974251 0.820477 0.773084 0.972769 0.900315 0.804647 0.992392 0.836029 0.873144 0.877326 0.932395 0.851174 0.945103 0.991545 0.959953 0.895473 0.907590 0.847067 0.906979 0.964640 0.820605 0.779926 0.906019 0.859716 0.913659 0.883920 0.920842 0.897907 0.870362 0.853356 0.899523 0.938763 0.992457 0.748636 0.914445 0.869662 0.875381 0.973945 0.821036 0.943168 0.949622 0.961542 0.807484 0.921292 0.831787 0.982211 0.971067 0.845247 0.933180 0.930116 0.960506 0.946672 0.829198 0.946742 0.762556 0.991281 0.953714 0.894878 0.841464 0.914941 0.962616 0.960604 0.850889 0.940875 0.905230 0.956938 0.881117 0.853641 0.869143 0.853376 0.756569 0.933825 0.805305 0.823485 0.936322 0.949848 0.959322 0.941028 0.976836 0.811826 0.823525
0.845637 0.979109 0.946191 0.816747 0.791529 0.884123 0.895450 0.899565 0.841114 0.739903 0.841129 0.858866 0.810585 0.859285 0.731506 0.890324 0.680353 0.637902 0.747021 0.875875 0.809473 0.847148 0.899297 0.980787 0.760362 0.799952 0.814246 0.977233 0.000000 0.464403 0.952820 0.813194 0.866202 0.790858 0.947270 0.952329 0.922114 0.714110 0.896565 0.831630 0.952397 0.997438 0.708311 0.792524 0.886816 0.942716 0.949014 0.938146 0.923176 0.752276 0.648516 0.696781 0.972473 0.881957 0.957422 0.846733 0.886006 0.968168 0.910691 0.835544 0.719393 0.730731 0.593726 0.637439 0.889267 0.932542 0.821671 0.796943 0.958009 0.966516 0.787278 0.796081 0.942093 0.863463 0.996001 0.990370 0.933233 0.952506 0.902321 0.942052 0.702243 0.706543 0.703533 0.661034 0.822845 0.891572 0.926441 0.813087 0.949891 0.959915 0.812829 0.624196 0.705719 0.588744 0.998377 0.987370 0.786602 0.867394 0.925934 0.928831 0.834747 0.632377 0.913131 0.877649 0.842144 0.859786 0.903507 0.716581 0.963531 0.995478 0.983377 0.995143 0.884626 0.910438 0.908095 0.754287
0.826146 0.908845 0.871881 0.871183 0.759066 0.933404 0.870424 0.794522 0.889529 0.705738 0.866630 0.728378 0.790933 0.827414 0.754101 0.799406 0.676877 0.583340 0.729197 0.866151 0.750394 0.821981 0.812840 0.958122 0.734101 0.741401 0.896640 0.867405 0.464403 0.000000 0.840568 0.813795 0.810525 0.707300 0.989740 0.880921 0.960954 0.775356 0.969848 0.957423 0.957657 0.913659 0.796801 0.814086 0.991373 0.970104 0.878421 0.966861 0.917777 0.854614 0.817490 0.781259 0.957331 0.910609 0.809583 0.903643 0.839346 0.864199 0.992766 0.924608 0.683739 0.683320 0.536062 0.562846 0.904124 0.987822 0.878087 0.911799 0.886491 0.923443 0.878384 0.918267 0.877220 0.860577 0.896525 0.991633 0.869216 0.976743 0.847198 0.985568 0.679079 0.615067 0.664577 0.598571 0.770531 0.869899 0.862447 0.832629 0.899897 0.940628 0.765203 0.604936 0.703582 0.557173 0.890167 0.915252 0.860163 0.844648 0.963255 0.903108 0.825720 0.690207 0.833933 0.916413 0.901384 0.979087 0.826236 0.783769 0.873946 0.975105 0.986623 0.974530 0.939251 0.918567 0.918412 0.770649
0.896555 0.927196 0.869480 0.898568 0.891443 0.987157 0.835868 0.998034 0.867215 0.949387 0.804131 0.777281 0.935193 0.986306 0.770802 0.943783 0.989346 0.830787 0.799668 0.815097 0.947932 0.975564 0.584336 0.717808 0.799227 0.765313 0.951109 0.944535 0.952820 0.840568 0.000000 0.691975 0.684983 0.966286 0.827131 0.826178 0.977268 0.776645 0.971116 0.972185 0.950820 0.898304 0.941742 0.961931 0.844750 0.800155 0.894477 0.790607 0.736537 0.678140 0.701940 0.672031 0.775659 0.669920 0.974897 0.917626 0.797589 0.797132 0.961814 0.910826 0.954684 0.936362 0.919488 0.987529 0.776253 0.928159 0.880641 0.828943 0.838680 0.881638 0.709599 0.898241 0.784738 0.823790 0.855431 0.983392 0.996652 0.996310 0.870720 0.927341 0.843541 0.790933 0.772069 0.784668 0.602542 0.717370 0.879106 0.770959 0.947292 0.889342 0.867265 0.832837 0.853895 0.901311 0.927502 0.967881 0.914359 0.955052 0.826123 0.784222 0.868134 0.957170 0.866315 0.927570 0.927297 0.864424 0.968158 0.884981 0.937662 0.983097 0.852093 0.991317 0.966462 0.941143 0.882786 0.863260
0.829518 0.907553 0.969206 0.880206 0.793824 0.850506 0.965600 0.854543 0.892998 0.977817 0.735113 0.802425 0.967105 0.870585 0.666197 0.764744 0.893421 0.997400 0.858864 0.975827 0.899945 0.875445 0.562728 0.561733 0.926434 0.973319 0.807018 0.916810 0.813194 0.813795 0.691975 0.000000 0.909170 0.953503 0.946630 0.741623 0.791860 0.881617 0.956931 0.935864 0.769443 0.931818 0.913127 0.921756 0.967101 0.914781 0.962377 0.978521 0.904541 0.962888 0.992581 0.894475 0.797249 0.790632 0.926607 0.929587 0.988143 0.940441 0.688825 0.877661 0.948958 0.862498 0.972543 0.862183 0.865864 0.949714 0.890060 0.996300 0.800342 0.732010 0.973763 0.975492 0.745626 0.724682 0.885285 0.852162 0.941229 0.938146 0.985429 0.926747 0.909435 0.937327 0.742962 0.944752 0.697921 0.801433 0.788287 0.628225 0.881976 0.984855 0.847691 0.985810 0.820645 0.966598 0.869745 0.954556 0.870707 0.809036 0.834672 0.985790 0.921601 0.853672 0.697962 0.818643 0.994936 0.845356 0.970773 0.961791 0.942742 0.852826 0.894508 0.841975 0.956118 0.872430 0.984956 0.830643
0.566961 0.659868 0.561412 0.649704 0.987856 0.939221 0.497794 0.632050 0.836649 0.700568 0.785632 0.857556 0.897848 0.933057 0.992414 0.904666 0.658039 0.578643 0.642412 0.716435 0.854755 0.985856 0.862791 0.992162 0.848252 0.863772 0.964189 0.960306 0.866202 0.810525 0.684983 0.909170 0.000000 0.589092 0.677603 0.850743 0.867880 0.895682 0.952362 0.927737 0.738582 0.829906 0.764935 0.719309 0.615707 0.547074 0.731469 0.682647 0.798032 0.833607 0.890314 0.934253 0.963127 0.974594 0.773982 0.824017 0.605032 0.721434 0.672177 0.801071 0.569657 0.705112 0.671252 0.700098 0.723376 0.708825 0.598106 0.612437 0.915333 0.833429 0.865485 0.969517 0.904957 0.886474 0.975457 0.881991 0.826117 0.892687 0.708071 0.879188 0.563379 0.585705 0.956293 0.745906 0.638859 0.678656 0.917560 0.990743 0.855181 0.760167 0.681230 0.855338 0.693194 0.885302 0.793957 0.725716 0.615338 0.847276 0.586063 0.677266 0.876925 0.962922 0.794844 0.693537 0.948737 0.695526 0.864771 0.793092 0.883972 0.834932 0.830417 0.706344 0.766366 0.823710 0.951043 0.938671
0.574831 0.790125 0.682268 0.635563 0.984090 0.989538 0.530664 0.421920 0.954278 0.560509 0.529205 0.587864 0.785338 0.940848 0.755328 0.874389 0.725225 0.585516 0.684508 0.736765 0.926099 0.990146 0.860796 0.776183 0.885077 0.945863 0.887800 0.981273 0.790858 0.707300 0.966286 0.953503 0.589092 0.000000 0.717502 0.824199 0.932647 0.978091 0.824702 0.699086 0.804303 0.922304 0.823460 0.848083 0.814138 0.697363 0.721597 0.720351 0.979695 0.825882 0.848801 0.767804 0.651165 0.644353 0.713315 0.689730 0.846905 0.909146 0.705508 0.713948 0.490092 0.458399 0.589761 0.539847 0.925213 0.647343 0.569838 0.565930 0.994357 0.748885 0.985343 0.952859 0.981146 0.976524 0.995009 0.952235 0.898570 0.860160 0.750035 0.909412 0.620329 0.611387 0.890195 0.814723 0.877997 0.847566 0.927376 0.799110 0.919183 0.817461 0.796379 0.896213 0.801485 0.944666 0.817714 0.828404 0.743306 0.897748 0.551934 0.732576 0.830660 0.951397 0.742643 0.770356 0.944306 0.785511 0.776059 0.918602 0.899228 0.909875 0.796831 0.716513 0.824660 0.906683 0.888035 0.905357
0.629908 0.782951 0.633614 0.632544 0.990620 0.906046 0.635938 0.728264 0.948119 0.854557 0.767785 0.873107 0.973578 0.985481 0.865814 0.754273 0.728365 0.698142 0.716079 0.676463 0.782406 0.906075 0.968049 0.954451 0.866897 0.829935 0.914874 0.923614 0.947270 0.989740 0.827131 0.946630 0.677603 0.717502 0.000000 0.919928 0.813856 0.832874 0.931775 0.850357 0.805071 0.813091 0.787807 0.823263 0.788949 0.706331 0.770154 0.716416 0.851108 0.854975 0.806698 0.849942 0.992732 0.921831 0.810896 0.663239 0.750166 0.804816 0.759383 0.806307 0.733333 0.828930 0.790908 0.769543 0.753952 0.796374 0.678080 0.726695 0.792633 0.726089 0.809124 0.823691 0.882209 0.980366 0.942979 0.936160 0.988363 0.962171 0.698851 0.962440 0.622365 0.635462 0.984128 0.727013 0.727389 0.672166 0.831534 0.926836 0.995427 0.666071 0.681447 0.716859 0.670563 0.794658 0.837611 0.741092 0.645038 0.767029 0.678977 0.666928 0.971258 0.884084 0.736896 0.735936 0.972460 0.724121 0.993298 0.677926 0.782743 0.972341 0.833593 0.889085 0.978397 0.913552 0.898796 0.948079
0.936241 0.941323 0.836730 0.838301 0.954995 0.981771 0.878908 0.895823 0.901928 0.883952 0.958949 0.969429 0.911270 0.996505 0.939271 0.944963 0.944289 0.843752 0.908814 0.999571 0.985405 0.962083 0.930235 0.920235 0.751708 0.801471 0.939588 0.974251 0.952329 0.880921 0.826178 0.741623 0.850743 0.824199 0.919928 0.000000 0.834568 0.961600 0.921558 0.769387 0.990347 0.864320 0.831652 0.895062 0.891410 0.941782 0.857490 0.803623 0.921871 0.997528 0.924054 0.993027 0.970501 0.933316 0.851190 0.869977 0.889485 0.967062 0.986485 0.998049 0.960282 0.988941 0.968797 0.972809 0.743995 0.828358 0.837131 0.736838 0.831377 0.936650 0.863266 0.867041 0.981399 0.972019 0.941016 0.945421 0.870372 0.910217 0.871868 0.887025 0.903021 0.865508 0.989879 0.974395 0.855958 0.836288 0.952562 0.971152 0.949722 0.841377 0.992010 0.996154 0.940770 0.906882 0.805283 0.983529 0.996585 0.994620 0.884184 0.904302 0.963896 0.928182 0.913178 0.939792 0.989174 0.852657 0.807159 0.991386 0.920517 0.994730 0.984413 0.945328 0.910655 0.959734 0.883211 0.930519
0.765544 0.778719 0.803072 0.876050 0.895148 0.997169 0.968812 0.997400 0.977396 0.855866 0.857743 0.996586 0.895257 0.862502 0.942392 0.887835 0.729773 0.811077 0.994440 0.767808 0.782797 0.920779 0.908037 0.822869 0.761641 0.710897 0.946494 0.820477 0.922114 0.960954 0.977268 0.791860 0.867880 0.932647 0.813856 0.834568 0.000000 0.687413 0.945547 0.889717 0.778574 0.789450 0.902353 0.887331 0.963734 0.959652 0.850464 0.881679 0.840177 0.828327 0.792838 0.775696 0.872934 0.900136 0.736252 0.779435 0.668419 0.666353 0.656692 0.759007 0.973526 0.986640 0.975524 0.935411 0.814484 0.946186 0.854322 0.850212 0.811428 0.797165 0.890285 0.949109 0.967315 0.930010 0.890510 0.830302 0.986309 0.844557 0.675803 0.862410 0.827147 0.908305 0.966220 0.838318 0.938604 0.914638 0.984031 0.887709 0.800701 0.641057 0.912885 0.983857 0.890148 0.881438 0.890314 0.932559 0.780836 0.910535 0.884747 0.906812 0.995982 0.813932 0.716899 0.891127 0.847486 0.674888 0.997990 0.806232 0.987281 0.856262 0.944995 0.880209 0.943784 0.923010 0.723127 0.895172
0.882477 0.877333 0.856682 0.885160 0.695626 0.939038 0.936546 0.892160 0.837273 0.801124 0.982804 0.796479 0.776285 0.840168 0.805326 0.820575 0.939769 0.949464 0.852160 0.890663 0.810161 0.875450 0.887475 0.928978 0.689419 0.687207 0.923522 0.773084 0.714110 0.775356 0.776645 0.881617 0.895682 0.978091 0.832874 0.961600 0.687413 0.000000 0.954522 0.902947 0.800049 0.724845 0.802002 0.803399 0.965805 0.873100 0.888479 0.880879 0.774988 0.669342 0.597244 0.618854 0.914972 0.887989 0.851967 0.865179 0.779243 0.830755 0.682735 0.682975 0.758803 0.813653 0.798828 0.841211 0.952945 0.973322 0.776404 0.761904 0.865961 0.926372 0.740427 0.807916 0.938755 0.989955 0.862749 0.958276 0.964476 0.893181 0.944052 0.889987 0.939748 0.904996 0.860693 0.954588 0.951232 0.913826 0.961326 0.944040 0.935138 0.835322 0.892216 0.776540 0.770610 0.718706 0.999381 0.955985 0.774449 0.800591 0.877081 0.801366 0.906192 0.792100 0.806226 0.752979 0.780884 0.684599 0.853382 0.657702 0.991143 0.881420 0.933624 0.996289 0.907401 0.845876 0.801185 0.761689
