0.000000 0.327631 0.645065 0.923127 0.806873 0.848687 0.682423 0.866965 0.763362 0.966869 0.516424 0.423368 0.857575 0.716469 0.796537 0.922840 0.541311 0.563194 0.539993 0.389091 0.932209 0.911960 0.660762 0.973469 0.901376 0.788622 0.957573 0.963163 0.606665 0.813686 0.680569 0.680962 0.989473 0.777395 0.796154 0.734421 0.894067 0.866997 0.959941 0.909158 0.833313 0.830279 0.780356 0.860489 0.751222 0.817111 0.832892 0.778476 0.387926 0.420863 0.426621 0.489878 0.602538 0.842931 0.615465 0.447286 0.407790 0.356549 0.289970 0.306037 0.823112 0.513839 0.665597 0.525857 0.804389 0.984543 0.753897 0.828023 0.406294 0.443925 0.873147 0.986263 0.721843 0.765569 0.912848 0.888317 0.672535 0.887701 0.900954 0.801798 0.495070 0.504494 0.803585 0.754082 0.872137 0.916484 0.723812 0.967258 0.971064 0.611493 0.613078 0.512980 0.560928 0.575391 0.965806 0.868552 0.802836 0.936142 0.975395 0.938449 0.844796 0.848637 0.815147 0.732321 0.857794 0.993745 0.930912 0.967057 0.986025 0.875517 0.983902 0.973968 0.814416 0.951740 0.969781 0.900728
0.327631 0.000000 0.630805 0.802739 0.794221 0.772914 0.670539 0.723013 0.700579 0.841949 0.622363 0.357544 0.851622 0.632916 0.920339 0.755437 0.501835 0.488726 0.533090 0.373210 0.799472 0.953840 0.757417 0.969456 0.895460 0.809066 0.993650 0.960536 0.588361 0.726094 0.847312 0.814117 0.828892 0.639058 0.791250 0.692568 0.957145 0.853663 0.975179 0.972153 0.894081 0.880237 0.880868 0.755286 0.860793 0.681722 0.732545 0.613418 0.441850 0.402285 0.395379 0.439274 0.590482 0.802608 0.581867 0.485123 0.319040 0.258489 0.343434 0.338299 0.787912 0.439344 0.545551 0.377009 0.835975 0.957582 0.769674 0.926893 0.509436 0.380698 0.888056 0.747579 0.791736 0.827418 0.799473 0.913839 0.562128 0.769027 0.726204 0.702581 0.363469 0.432733 0.718989 0.665857 0.890428 0.876008 0.754559 0.984337 0.966381 0.629949 0.660175 0.527339 0.570261 0.576869 0.892764 0.833262 0.748353 0.977828 0.858670 0.889405 0.780405 0.912682 0.720175 0.759942 0.765925 0.894132 0.968582 0.970913 0.994240 0.843852 0.919814 0.961280 0.771616 0.938186 0.931506 0.854346
0.645065 0.630805 0.000000 0.649603 0.664298 0.943672 0.489018 0.944447 0.675848 0.825847 0.639828 0.609985 0.743279 0.900138 0.638573 0.998710 0.704975 0.705317 0.946240 0.682378 0.790479 0.969056 0.455617 0.566685 0.560911 0.483470 0.748928 0.917749 0.665897 0.690814 0.646901 0.669415 0.816035 0.971342 0.668191 0.701329 0.713219 0.881689 0.987708 0.949682 0.989876 0.940180 0.759953 0.982674 0.814815 0.927488 0.805067 0.953607 0.688511 0.724502 0.761695 0.809397 0.872862 0.972064 0.885404 0.747022 0.617506 0.634534 0.662238 0.624098 0.855251 0.726431 0.768113 0.628541 0.371724 0.613154 0.574696 0.637949 0.732179 0.603190 0.919749 0.924597 0.828544 0.868786 0.989357 0.966881 0.752737 0.946408 0.974036 0.999123 0.845994 0.952445 0.839842 0.888952 0.574791 0.561077 0.911535 0.638364 0.725527 0.911009 0.611160 0.629849 0.611253 0.657211 0.831343 0.955958 0.926402 0.894179 0.911006 0.938671 0.974228 0.830984 0.867064 0.920141 0.848983 0.811518 0.889226 0.915141 0.951924 0.844680 0.984345 0.945199 0.753961 0.998880 0.765244 0.883079
0.923127 0.802739 0.649603 0.000000 0.831056 0.729409 0.659890 0.572523 0.869407 0.960173 0.912430 0.777233 0.559487 0.601961 0.625679 0.631925 0.965650 0.972954 0.836420 0.878244 0.973071 0.990954 0.563163 0.490258 0.943629 0.793158 0.868955 0.814565 0.951846 0.920860 0.876830 0.897037 0.708193 0.804357 0.813392 0.967250 0.936533 0.890228 0.912712 0.932321 0.937974 0.989665 0.970542 0.926277 0.898283 0.826073 0.746508 0.692213 0.919663 0.828604 0.691277 0.662850 0.696226 0.660520 0.838570 0.869239 0.960871 0.852373 0.869180 0.860956 0.524360 0.661269 0.811493 0.759601 0.500481 0.388276 0.812360 0.626297 0.915877 0.952952 0.947254 0.890524 0.760588 0.736229 0.809017 0.957773 0.968632 0.821180 0.775409 0.814719 0.675034 0.671778 0.577981 0.712170 0.442457 0.424136 0.915462 0.613699 0.718086 0.637067 0.710575 0.931638 0.922856 0.979868 0.998052 0.885123 0.849852 0.999876 0.778327 0.702496 0.778440 0.682969 0.974841 0.969459 0.664090 0.743313 0.910346 0.939619 0.981922 0.991929 0.878816 0.882706 0.931700 0.922143 0.740456 0.925101
0.806873 0.794221 0.664298 0.831056 0.000000 0.994618 0.541961 0.821365 0.679033 0.955694 0.993620 0.938248 0.715822 0.959892 0.754411 0.925025 0.848912 0.989528 0.968613 0.924282 0.810078 0.871238 0.705096 0.851026 0.928891 0.891006 0.914614 0.909453 0.966566 0.989405 0.964907 0.885882 0.868306 0.817502 0.827567 0.889034 0.983118 0.957501 0.953336 0.962721 0.964124 0.997507 0.856866 0.991745 0.769335 0.968873 0.997312 0.934405 0.736856 0.695494 0.802278 0.798435 0.791431 0.882904 0.752202 0.747336 0.797889 0.765219 0.798289 0.825751 0.656846 0.965910 0.929119 0.933089 0.682569 0.616714 0.618225 0.605913 0.777053 0.769326 0.984793 0.909602 0.971244 0.983832 0.964443 0.875364 0.939490 0.978529 0.920973 0.995573 0.952747 0.909460 0.881724 0.882541 0.722869 0.676646 0.852198 0.836522 0.873953 0.917710 0.662839 0.758361 0.756626 0.790207 0.992602 0.964920 0.990680 0.839336 0.924526 0.831974 0.899716 0.791552 0.947590 0.959157 0.812194 0.868314 0.948424 0.920570 0.944958 0.909485 0.840635 0.984383 0.914303 0.928647 0.885607 0.989552
0.848687 0.772914 0.943672 0.729409 0.994618 0.000000 0.892702 0.566025 0.919842 0.695677 0.947674 0.719660 0.766473 0.664645 0.824838 0.607777 0.998593 0.897568 0.922391 0.858395 0.826731 0.988185 0.848821 0.919800 0.836903 0.933301 0.998751 0.790143 0.802928 0.912720 0.920044 0.985060 0.799417 0.779478 0.994679 0.972550 0.988016 0.860953 0.957702 0.927934 0.892387 0.844969 0.987003 0.838393 0.875016 0.734618 0.992998 0.777145 0.799268 0.833880 0.767920 0.720548 0.872325 0.760631 0.957027 0.893768 0.874198 0.837513 0.882458 0.775589 0.723019 0.630801 0.778609 0.709965 0.883531 0.736998 0.859634 0.788749 0.877550 0.939897 0.939152 0.855930 0.909297 0.759537 0.766493 0.890682 0.760273 0.715101 0.934515 0.935588 0.863387 0.907197 0.820139 0.964305 0.858118 0.818612 0.896157 0.910683 0.977766 0.900241 0.856538 0.994255 0.924377 0.992391 0.792342 0.908413 0.786192 0.971065 0.702199 0.771143 0.723092 0.860406 0.898944 0.959114 0.755353 0.944724 0.905329 0.842019 0.896696 0.890578 0.919590 0.925758 0.961003 0.872206 0.921140 0.951053
0.682423 0.670539 0.489018 0.659890 0.541961 0.892702 0.000000 0.629153 0.467725 0.826006 0.961784 0.882660 0.588187 0.939885 0.570266 0.823358 0.849977 0.857722 0.965951 0.771228 0.994190 0.870174 0.550252 0.771890 0.981941 0.838517 0.966273 0.878902 0.943766 0.949300 0.764273 0.730021 0.747104 0.833445 0.782375 0.746651 0.970555 0.940062 0.869130 0.879626 0.730767 0.871099 0.719657 0.827432 0.505353 0.806611 0.952715 0.907235 0.703441 0.643285 0.735527 0.742785 0.770187 0.916212 0.634535 0.669549 0.722107 0.637621 0.715602 0.668915 0.545013 0.975055 0.939481 0.874504 0.521786 0.477584 0.432716 0.464812 0.629430 0.586795 0.934903 0.930950 0.837816 0.842407 0.870967 0.970015 0.881680 0.964010 0.919474 0.916813 0.883285 0.881714 0.863581 0.991344 0.640138 0.629393 0.725308 0.623572 0.813292 0.886205 0.478768 0.533630 0.572341 0.506272 0.926568 0.977874 0.976931 0.870388 0.781215 0.640042 0.821048 0.595531 0.893874 0.979126 0.772586 0.879346 0.919684 0.920498 0.874170 0.911332 0.813985 0.721356 0.972562 0.970288 0.815494 0.984852
0.866965 0.723013 0.944447 0.572523 0.821365 0.566025 0.629153 0.000000 0.766093 0.490098 0.732401 0.524669 0.530948 0.559863 0.707715 0.562091 0.788359 0.753103 0.848987 0.731062 0.688334 0.889030 0.849135 0.905083 0.588964 0.716807 0.933881 0.969422 0.671577 0.678806 0.993560 0.947894 0.669916 0.594465 0.965284 0.885091 0.890629 0.975722 0.801011 0.796032 0.725444 0.962936 0.960462 0.731525 0.614335 0.520948 0.906545 0.644243 0.807050 0.828102 0.701521 0.707311 0.808785 0.784653 0.992640 0.921440 0.770663 0.764528 0.802117 0.781880 0.392508 0.376998 0.493409 0.483527 0.873015 0.558937 0.777402 0.602534 0.836450 0.967915 0.988307 0.778418 0.796272 0.757621 0.739802 0.991766 0.722272 0.813060 0.734973 0.959635 0.674544 0.837243 0.752643 0.906387 0.778170 0.777586 0.854124 0.789244 0.992688 0.953472 0.689425 0.897196 0.878871 0.851257 0.846930 0.836874 0.777942 0.896704 0.484776 0.550191 0.582149 0.665029 0.810334 0.849685 0.575383 0.811440 0.978147 0.788333 0.928301 0.902418 0.751989 0.679064 0.689523 0.938595 0.772314 0.805805
0.763362 0.700579 0.675848 0.869407 0.679033 0.919842 0.467725 0.766093 0.000000 0.881290 0.959778 0.821102 0.809940 0.900439 0.822026 0.957411 0.696755 0.680548 0.845422 0.728977 0.960319 0.917253 0.767688 0.991435 0.981314 0.845316 0.976941 0.891372 0.786878 0.777718 0.912410 0.982826 0.978131 0.902114 0.811305 0.902452 0.978886 0.933039 0.857279 0.927246 0.833049 0.795702 0.889936 0.973696 0.738248 0.935298 0.836014 0.913454 0.878713 0.833205 0.861982 0.940528 0.955395 0.922960 0.689802 0.898416 0.721623 0.683054 0.766986 0.843119 0.805185 0.977138 0.861029 0.744423 0.693701 0.698824 0.634365 0.717383 0.768703 0.541474 0.880828 0.770814 0.749789 0.819412 0.990246 0.921428 0.882231 0.906741 0.757320 0.693685 0.739653 0.779675 0.943073 0.926482 0.788914 0.806506 0.806909 0.797273 0.825069 0.958054 0.534980 0.489937 0.575009 0.540298 0.948033 0.838881 0.883416 0.952683 0.853396 0.818769 0.864745 0.793151 0.711631 0.991767 0.816572 0.833182 0.945388 0.919458 0.895082 0.694034 0.913774 0.965717 0.973319 0.899131 0.940915 0.973545
0.966869 0.841949 0.825847 0.960173 0.955694 0.695677 0.826006 0.490098 0.881290 0.000000 0.739504 0.708983 0.900123 0.871627 0.944676 0.815944 0.750194 0.774176 0.974812 0.778681 0.594870 0.995296 0.856498 0.806427 0.684659 0.658554 0.845565 0.868668 0.622128 0.575110 0.879139 0.846320 0.753825 0.728531 0.863042 0.896797 0.948506 0.898396 0.934722 0.900432 0.812562 0.981764 0.779113 0.556385 0.588866 0.446414 0.930363 0.718197 0.767002 0.816520 0.846519 0.892858 0.969169 0.888122 0.987527 0.962899 0.755052 0.844041 0.898843 0.865370 0.806123 0.660069 0.703228 0.677269 0.812753 0.994766 0.949837 0.917064 0.940028 0.855214 0.876861 0.659017 0.986534 0.963987 0.799188 0.971318 0.817476 0.834080 0.906628 0.923442 0.875472 0.981653 0.998220 0.962735 0.778522 0.788253 0.991533 0.992939 0.840858 0.843165 0.882359 0.901114 0.940960 0.829618 0.831477 0.910104 0.805531 0.791300 0.596545 0.670615 0.640042 0.795450 0.718440 0.759683 0.875271 0.950001 0.911258 0.800612 0.913491 0.941842 0.830703 0.691047 0.767194 0.827037 0.978976 0.780017
0.516424 0.622363 0.639828 0.912430 0.993620 0.947674 0.961784 0.732401 0.959778 0.739504 0.000000 0.489658 0.801238 0.796117 0.883660 0.984495 0.446410 0.530264 0.634293 0.479377 0.913454 0.966250 0.553057 0.677804 0.609135 0.620616 0.886233 0.893288 0.443108 0.573690 0.720846 0.837469 0.936223 0.726598 0.659653 0.605703 0.761878 0.999185 0.922342 0.994007 0.932804 0.866825 0.826287 0.835559 0.967004 0.761896 0.995276 0.912417 0.650268 0.682617 0.680358 0.775325 0.881046 0.970158 0.910249 0.728675 0.520740 0.597607 0.533623 0.585557 0.769232 0.633161 0.537423 0.579260 0.615281 0.890759 0.787508 0.878474 0.668880 0.613684 0.787481 0.971480 0.707642 0.713384 0.812023 0.959076 0.808548 0.957001 0.822499 0.814992 0.683812 0.770175 0.975681 0.934404 0.867728 0.872849 0.775344 0.849988 0.939154 0.977307 0.672215 0.683065 0.666270 0.777362 0.999507 0.838193 0.919089 0.929253 0.915090 0.824879 0.852202 0.981855 0.896531 0.673291 0.995612 0.920225 0.828868 0.978855 0.969630 0.906656 0.949652 0.936282 0.847084 0.912380 0.962302 0.818855
0.423368 0.357544 0.609985 0.777233 0.938248 0.719660 0.882660 0.524669 0.821102 0.708983 0.489658 0.000000 0.597847 0.412524 0.888224 0.586463 0.432992 0.449404 0.529328 0.360627 0.830181 0.981257 0.815931 0.999412 0.621955 0.630246 0.929171 0.978327 0.437356 0.529352 0.771760 0.872567 0.777427 0.553667 0.744081 0.685606 0.795425 0.975903 0.837795 0.918597 0.954278 0.986086 0.834617 0.740966 0.975055 0.632199 0.860143 0.699059 0.602453 0.560545 0.455914 0.567685 0.697203 0.859444 0.767863 0.665968 0.405244 0.402198 0.435452 0.443241 0.530469 0.316991 0.385257 0.282304 0.816406 0.823386 0.848775 0.954612 0.664504 0.504655 0.966510 0.742567 0.850405 0.902403 0.790721 0.836710 0.594567 0.773402 0.729208 0.714851 0.419329 0.493873 0.682150 0.787925 0.884829 0.870512 0.936370 0.936397 0.894422 0.842985 0.762903 0.538312 0.568521 0.626850 0.910713 0.815365 0.821088 0.976182 0.776468 0.790526 0.730879 0.964652 0.747597 0.805316 0.811047 0.991283 0.974217 0.906777 0.985466 0.820209 0.827178 0.843315 0.704336 0.898447 0.901582 0.776830
0.857575 0.851622 0.743279 0.559487 0.715822 0.766473 0.588187 0.530948 0.809940 0.900123 0.801238 0.597847 0.000000 0.397438 0.470935 0.500687 0.776146 0.823596 0.634719 0.736831 0.966505 0.957233 0.640229 0.623229 0.855227 0.963500 0.826146 0.938488 0.731508 0.792724 0.992341 0.900101 0.684830 0.642348 0.989122 0.948973 0.930553 0.885722 0.757984 0.893645 0.818142 0.904609 0.901540 0.919937 0.891509 0.832862 0.894073 0.830417 0.976394 0.926485 0.718850 0.808495 0.813718 0.769453 0.939836 0.954071 0.915278 0.912345 0.873201 0.875398 0.343418 0.598417 0.592143 0.672441 0.647612 0.485084 0.807570 0.632289 0.849461 0.995641 0.863869 0.924722 0.834850 0.870467 0.827625 0.921172 0.840975 0.900527 0.810538 0.907830 0.724323 0.742795 0.621555 0.886230 0.542715 0.570596 0.828274 0.695640 0.849064 0.908258 0.802489 0.887494 0.961718 0.943633 0.881030 0.973922 0.977847 0.978708 0.817780 0.781199 0.742006 0.815801 0.894751 0.934162 0.710476 0.905684 0.973305 0.975073 0.933294 0.961102 0.831714 0.779048 0.906749 0.972575 0.765841 0.837637
0.716469 0.632916 0.900138 0.601961 0.959892 0.664645 0.939885 0.559863 0.900439 0.871627 0.796117 0.412524 0.397438 0.000000 0.556770 0.402704 0.630349 0.639923 0.596148 0.572348 0.887093 0.999504 0.797121 0.687429 0.747929 0.772534 0.861881 0.878501 0.622900 0.660010 0.927694 0.974181 0.703113 0.644443 0.843610 0.852563 0.720612 0.889062 0.691082 0.943304 0.812661 0.840614 0.774100 0.916736 0.944667 0.821902 0.964770 0.790218 0.913295 0.767792 0.571701 0.687431 0.747358 0.741873 0.931359 0.952611 0.723917 0.687451 0.721288 0.687959 0.463411 0.514673 0.516009 0.470795 0.885476 0.630447 0.929015 0.867986 0.996050 0.756287 0.873556 0.832162 0.902079 0.876128 0.800233 0.838409 0.759006 0.814001 0.721604 0.751049 0.580422 0.615788 0.599449 0.888743 0.687197 0.680866 0.845877 0.837577 0.972480 0.905404 0.945981 0.607913 0.668323 0.664332 0.993024 0.982475 0.929438 0.971020 0.878358 0.835682 0.831323 0.933436 0.811750 0.933580 0.785759 0.956531 0.921931 0.949026 0.938981 0.930614 0.816484 0.854498 0.901819 0.984127 0.832433 0.865342
0.796537 0.920339 0.638573 0.625679 0.754411 0.824838 0.570266 0.707715 0.822026 0.944676 0.883660 0.888224 0.470935 0.556770 0.000000 0.482690 0.943515 0.919721 0.828796 0.963518 0.997138 0.904074 0.426837 0.563477 0.924107 0.863856 0.785719 0.975074 0.938474 0.914943 0.694501 0.637521 0.583311 0.748336 0.810562 0.895185 0.988070 0.903735 0.747540 0.863595 0.760360 0.769521 0.879507 0.900634 0.765340 0.918870 0.920501 0.837120 0.709060 0.779880 0.945902 0.899279 0.877598 0.971969 0.794567 0.698426 0.895218 0.896966 0.782747 0.808698 0.572763 0.884131 0.835314 0.906557 0.535326 0.503263 0.634699 0.559789 0.675555 0.840842 0.971928 0.798491 0.881225 0.836294 0.830133 0.937992 0.952946 0.953758 0.745535 0.919672 0.929993 0.876081 0.653760 0.930365 0.593609 0.551660 0.785303 0.676162 0.906839 0.959262 0.708760 0.937180 0.876315 0.896797 0.974438 0.955330 0.958482 0.925337 0.900232 0.704652 0.861928 0.850080 0.969170 0.869356 0.781747 0.919375 0.919012 0.930770 0.942986 0.953946 0.841980 0.768425 0.863223 0.964798 0.678013 0.884043
0.922840 0.755437 0.998710 0.631925 0.925025 0.607777 0.823358 0.562091 0.957411 0.815944 0.984495 0.586463 0.500687 0.402704 0.482690 0.000000 0.788185 0.713097 0.712824 0.720270 0.903135 0.945470 0.637248 0.642174 0.915464 0.969668 0.928029 0.966108 0.690017 0.746152 0.851433 0.804392 0.616934 0.617882 0.953661 0.943502 0.967732 0.999047 0.785666 0.980244 0.781954 0.824957 0.985642 0.791552 0.836589 0.729647 0.885962 0.723120 0.943938 0.969771 0.786253 0.863957 0.932210 0.884656 0.945012 0.872030 0.778516 0.843416 0.941225 0.917039 0.527932 0.593348 0.592860 0.543885 0.729854 0.557026 0.805104 0.626784 0.851643 0.837712 0.900962 0.712152 0.884880 0.791874 0.855707 0.851353 0.761014 0.763351 0.626650 0.825908 0.642007 0.662944 0.550763 0.907274 0.651473 0.626607 0.826327 0.689679 0.978612 0.946047 0.918170 0.834666 0.887841 0.899088 0.905279 0.914818 0.847824 0.844550 0.751378 0.752791 0.714076 0.865358 0.820127 0.974008 0.771479 0.856182 0.940407 0.944629 0.987716 0.867823 0.730725 0.787979 0.897704 0.929637 0.710958 0.921452
0.541311 0.501835 0.704975 0.965650 0.848912 0.998593 0.849977 0.788359 0.696755 0.750194 0.446410 0.432992 0.776146 0.630349 0.943515 0.788185 0.000000 0.310722 0.434545 0.349822 0.837569 0.944783 0.723535 0.876294 0.778564 0.703639 0.942615 0.921951 0.370473 0.413894 0.984677 0.905382 0.663360 0.556952 0.727787 0.698315 0.838791 0.932264 0.888155 0.905143 0.934806 0.795662 0.994183 0.650941 0.983076 0.675576 0.733734 0.666250 0.715522 0.694470 0.660901 0.818860 0.916683 0.983098 0.799041 0.800230 0.374517 0.447457 0.528473 0.642894 0.758100 0.638833 0.427001 0.417091 0.725440 0.948712 0.810729 0.958969 0.621644 0.393801 0.936094 0.702855 0.632803 0.631519 0.769721 0.914410 0.714774 0.894686 0.665670 0.565949 0.433683 0.503248 0.751166 0.752053 0.965172 0.999769 0.836364 0.987766 0.781506 0.918359 0.554281 0.475081 0.489424 0.580499 0.930651 0.846450 0.853178 0.955044 0.916623 0.882985 0.824531 0.997378 0.666828 0.674023 0.923276 0.953663 0.976460 0.906678 0.964459 0.725954 0.790138 0.773922 0.849910 0.830403 0.958775 0.770447
0.563194 0.488726 0.705317 0.972954 0.989528 0.897568 0.857722 0.753103 0.680548 0.774176 0.530264 0.449404 0.823596 0.639923 0.919721 0.713097 0.310722 0.000000 0.468035 0.372214 0.881388 0.953816 0.819035 0.895561 0.768275 0.732542 0.931833 0.825729 0.366628 0.400474 0.955584 0.816363 0.617644 0.471118 0.784620 0.761269 0.937520 0.857794 0.953472 0.963094 0.963567 0.807355 0.900485 0.594292 0.871608 0.626549 0.720172 0.609411 0.771664 0.775119 0.760591 0.883315 0.974848 0.856914 0.838212 0.822719 0.362926 0.441003 0.595607 0.678892 0.737764 0.616501 0.411773 0.376442 0.791403 0.986606 0.927320 0.901866 0.662818 0.374375 0.784862 0.646555 0.549112 0.616338 0.790372 0.823993 0.673524 0.760111 0.529456 0.542103 0.405772 0.511899 0.669980 0.718516 0.987110 0.944276 0.880537 0.980808 0.728787 0.949308 0.610253 0.493089 0.549533 0.585675 0.824699 0.819112 0.720948 0.805134 0.882686 0.850434 0.799500 0.958179 0.648957 0.657107 0.855471 0.972591 0.956839 0.868397 0.922457 0.655998 0.647346 0.800750 0.845047 0.813856 0.847858 0.845587
0.539993 0.533090 0.946240 0.836420 0.968613 0.922391 0.965951 0.848987 0.845422 0.974812 0.634293 0.529328 0.634719 0.596148 0.828796 0.712824 0.434545 0.468035 0.000000 0.438652 0.972201 0.961145 0.960154 0.825353 0.998295 0.978894 0.825391 0.996979 0.516727 0.617056 0.893513 0.845954 0.630758 0.536934 0.826338 0.848097 0.929093 0.888115 0.808387 0.901612 0.927197 0.897147 0.979044 0.716444 0.983227 0.744030 0.682530 0.644339 0.759770 0.677474 0.652632 0.746522 0.810993 0.852614 0.771541 0.869919 0.492552 0.549955 0.594837 0.647338 0.707021 0.704104 0.554924 0.580656 0.973040 0.882031 0.912348 0.953111 0.657959 0.515559 0.954181 0.788152 0.718490 0.703558 0.817682 0.912794 0.742130 0.846581 0.702178 0.602352 0.506311 0.541407 0.667963 0.746907 0.801472 0.765979 0.911183 0.837713 0.953842 0.822104 0.675456 0.565530 0.579935 0.643417 0.948551 0.932043 0.924283 0.914320 0.967404 0.926629 0.744535 0.987967 0.724737 0.791870 0.823854 0.952724 0.959886 0.831099 0.991140 0.908564 0.756356 0.923737 0.933245 0.935691 0.964838 0.955431
0.389091 0.373210 0.682378 0.878244 0.924282 0.858395 0.771228 0.731062 0.728977 0.778681 0.479377 0.360627 0.736831 0.572348 0.963518 0.720270 0.349822 0.372214 0.438652 0.000000 0.863115 0.958228 0.781014 0.980173 0.834431 0.718068 0.983676 0.957551 0.418353 0.538566 0.871614 0.981605 0.712807 0.588242 0.836241 0.683446 0.904353 0.909049 0.859902 0.962731 0.986343 0.853246 0.913814 0.716662 0.906954 0.690790 0.785154 0.671333 0.542809 0.507332 0.477835 0.603523 0.731897 0.830974 0.685061 0.663347 0.349411 0.348635 0.432271 0.446489 0.720644 0.508542 0.488707 0.403582 0.796698 0.982903 0.801266 0.991013 0.567086 0.360224 0.969975 0.728487 0.702713 0.763106 0.825686 0.860031 0.633052 0.765345 0.684343 0.620799 0.422730 0.499216 0.756345 0.767396 0.929816 0.927071 0.712030 0.941694 0.892453 0.798574 0.621391 0.481021 0.517790 0.542419 0.921485 0.890313 0.809035 0.995222 0.910063 0.906847 0.683490 0.906707 0.658250 0.763972 0.791111 0.967875 0.970484 0.996933 0.905490 0.826993 0.802660 0.893659 0.846493 0.872230 0.866780 0.793629
0.932209 0.799472 0.790479 0.973071 0.810078 0.826731 0.994190 0.688334 0.960319 0.594870 0.913454 0.830181 0.966505 0.887093 0.997138 0.903135 0.837569 0.881388 0.972201 0.863115 0.000000 0.992337 0.952363 0.890092 0.872092 0.748425 0.946910 0.873579 0.876608 0.846970 0.935311 0.976633 0.879371 0.855112 0.886134 0.992121 0.872437 0.992733 0.850280 0.950181 0.807443 0.880793 0.852353 0.772393 0.782974 0.655611 0.980909 0.703854 0.767075 0.773770 0.823312 0.839972 0.815099 0.850145 0.955806 0.985291 0.808247 0.803498 0.829637 0.830984 0.938870 0.771807 0.861817 0.789652 0.885126 0.932814 0.949020 0.990107 0.929287 0.870427 0.896388 0.779984 0.889548 0.880609 0.789335 0.807411 0.871673 0.943379 0.962874 0.962069 0.897303 0.988589 0.997347 0.982466 0.898484 0.827245 0.960350 0.926032 0.895010 0.964180 0.847521 0.969897 0.982629 0.978881 0.879855 0.809709 0.847960 0.991657 0.632988 0.848229 0.907118 0.830765 0.755211 0.873914 0.883095 0.918912 0.951717 0.903345 0.886876 0.966759 0.870350 0.745343 0.798717 0.887995 0.988843 0.936467
0.911960 0.953840 0.969056 0.990954 0.871238 0.988185 0.870174 0.889030 0.917253 0.995296 0.966250 0.981257 0.957233 0.999504 0.904074 0.945470 0.944783 0.953816 0.961145 0.958228 0.992337 0.000000 0.875262 0.989929 0.942984 0.984453 0.985621 0.959025 0.934852 0.966262 0.964394 0.955185 0.942713 0.981953 0.864834 0.933841 0.928333 0.705179 0.941872 0.695557 0.855789 0.972523 0.961878 0.950664 0.866043 0.984698 0.935665 0.908643 0.933268 0.878962 0.894928 0.929110 0.896269 0.974861 0.912734 0.936573 0.946899 0.913978 0.954342 0.938497 0.838991 0.904498 0.997223 0.985200 0.881980 0.815661 0.848921 0.906976 0.983170 0.950033 0.997480 0.970746 0.995600 0.957000 0.895836 0.874882 0.947844 0.936612 0.961989 0.907818 0.959228 0.894425 0.949298 0.943025 0.921245 0.903420 0.781826 0.965199 0.954572 0.993001 0.842330 0.909794 0.920731 0.947111 0.965102 0.992523 0.870937 0.961143 0.961722 0.908408 0.949073 0.825545 0.950027 0.920073 0.806809 0.838041 0.952257 0.966514 0.958090 0.957951 0.935315 0.925247 0.894553 0.978726 0.958987 0.971381
0.660762 0.757417 0.455617 0.563163 0.705096 0.848821 0.550252 0.849135 0.767688 0.856498 0.553057 0.815931 0.640229 0.797121 0.426837 0.637248 0.723535 0.819035 0.960154 0.781014 0.952363 0.875262 0.000000 0.404332 0.718404 0.582694 0.753150 0.930485 0.728754 0.763616 0.665620 0.672313 0.670314 0.905750 0.660038 0.615899 0.808495 0.993543 0.835411 0.939148 0.792653 0.828797 0.838139 0.972694 0.745030 0.983852 0.888302 0.858049 0.672656 0.716984 0.838155 0.892321 0.951689 0.892189 0.842212 0.697343 0.674937 0.707405 0.669039 0.703512 0.698255 0.956150 0.884002 0.849332 0.305383 0.433513 0.547568 0.482591 0.612136 0.670042 0.899844 0.922264 0.753696 0.727697 0.919702 0.963340 0.852404 0.909998 0.883372 0.984298 0.949443 0.989062 0.658640 0.992107 0.454892 0.466872 0.720266 0.547283 0.824809 0.880811 0.539338 0.722936 0.669128 0.791232 0.933746 0.910706 0.991045 0.873492 0.901161 0.773750 0.841070 0.765413 0.970034 0.778908 0.735962 0.776575 0.846582 0.936139 0.966712 0.938565 0.833595 0.856602 0.880106 0.971006 0.715728 0.921807
0.973469 0.969456 0.566685 0.490258 0.851026 0.919800 0.771890 0.905083 0.991435 0.806427 0.677804 0.999412 0.623229 0.687429 0.563477 0.642174 0.876294 0.895561 0.825353 0.980173 0.890092 0.989929 0.404332 0.000000 0.673294 0.690212 0.720481 0.826404 0.833136 0.778507 0.813401 0.863995 0.742695 0.909707 0.755451 0.684588 0.864742 0.918789 0.818432 0.966929 0.955543 0.925977 0.967720 0.977910 0.973001 0.980793 0.709752 0.809451 0.887849 0.989325 0.892394 0.873262 0.799179 0.806492 0.880213 0.933877 0.906148 0.949948 0.990854 0.976250 0.696978 0.905285 0.970654 0.998869 0.423172 0.517490 0.760405 0.684317 0.864948 0.880019 0.966535 0.943200 0.787464 0.795484 0.984782 0.993461 0.933719 0.976153 0.869218 0.860396 0.844836 0.780298 0.627833 0.845175 0.417365 0.444735 0.812272 0.530930 0.713291 0.695451 0.775153 0.955128 0.891727 0.989507 0.853282 0.965988 0.918175 0.841140 0.974048 0.878332 0.863308 0.862573 0.841072 0.842948 0.819839 0.769080 0.820577 0.922643 0.949925 0.991747 0.875457 0.984430 0.994767 0.918943 0.759500 0.838470
0.901376 0.895460 0.560911 0.943629 0.928891 0.836903 0.981941 0.588964 0.981314 0.684659 0.609135 0.621955 0.855227 0.747929 0.924107 0.915464 0.778564 0.768275 0.998295 0.834431 0.872092 0.942984 0.718404 0.673294 0.000000 0.424401 0.614199 0.882395 0.645503 0.586949 0.686651 0.842265 0.990658 0.853450 0.783301 0.802297 0.694842 0.821234 0.939973 0.839075 0.831159 0.953781 0.783583 0.985197 0.895891 0.850792 0.793935 0.929700 0.929978 0.973353 0.872220 0.935372 0.978391 0.993657 0.856263 0.943739 0.890940 0.893300 0.848466 0.858561 0.703224 0.629157 0.594417 0.611279 0.588350 0.956436 0.834903 0.952596 0.919617 0.950444 0.717033 0.938970 0.978246 0.981148 0.854931 0.884627 0.853811 0.960922 0.965952 0.979305 0.889143 0.942547 0.941983 0.941046 0.750739 0.750271 0.838890 0.826677 0.779128 0.810610 0.956500 0.871651 0.817867 0.936105 0.928723 0.964811 0.924772 0.982703 0.733609 0.822823 0.988027 0.916203 0.925063 0.920287 0.957609 0.899140 0.905650 0.847557 0.984886 0.876978 0.938947 0.951863 0.708925 0.938395 0.886707 0.786373
0.788622 0.809066 0.483470 0.793158 0.891006 0.933301 0.838517 0.716807 0.845316 0.658554 0.620616 0.630246 0.963500 0.772534 0.863856 0.969668 0.703639 0.732542 0.978894 0.718068 0.748425 0.984453 0.582694 0.690212 0.424401 0.000000 0.737452 0.832714 0.595439 0.541516 0.636762 0.829350 0.940437 0.899698 0.740824 0.758270 0.605058 0.858110 0.867955 0.918462 0.919632 0.992836 0.823514 0.949600 0.941552 0.799686 0.820381 0.941248 0.823007 0.858248 0.809462 0.950922 0.946202 0.957840 0.974470 0.954507 0.774519 0.786537 0.729493 0.771833 0.810041 0.656000 0.629698 0.632199 0.490522 0.763681 0.740720 0.786962 0.971066 0.791364 0.759108 0.994736 0.930369 0.951902 0.928267 0.975173 0.721896 0.939722 0.994558 0.971762 0.919929 0.948403 0.862341 0.879621 0.665320 0.583343 0.967290 0.748729 0.781693 0.743960 0.791209 0.731573 0.728580 0.826458 0.909789 0.992312 0.965642 0.901418 0.864710 0.954449 0.996206 0.909991 0.790688 0.875213 0.955171 0.742022 0.990687 0.878529 0.969363 0.848716 0.886578 0.968581 0.758258 0.960828 0.835123 0.828912
0.957573 0.993650 0.748928 0.868955 0.914614 0.998751 0.966273 0.933881 0.976941 0.845565 0.886233 0.929171 0.826146 0.861881 0.785719 0.928029 0.942615 0.931833 0.825391 0.983676 0.946910 0.985621 0.753150 0.720481 0.614199 0.737452 0.000000 0.824831 0.857442 0.940272 0.801445 0.923959 0.969231 0.958899 0.878521 0.965332 0.982575 0.859213 0.887328 0.975362 0.981073 0.917747 0.988381 0.961933 0.903664 0.924255 0.929428 0.907235 0.965060 0.908444 0.965577 0.935990 0.915360 0.837493 0.994620 0.970841 0.962894 0.986594 0.950215 0.985360 0.951392 0.884530 0.879504 0.885655 0.758712 0.917519 0.937926 0.982898 0.947542 0.963130 0.948157 0.892638 0.843056 0.901859 0.963294 0.965264 0.881391 0.902609 0.883019 0.918676 0.978938 0.913778 0.906577 0.981308 0.799097 0.794020 0.863605 0.775123 0.858201 0.947095 0.940195 0.942376 0.992831 0.983981 0.991474 0.943293 0.803123 0.908447 0.905784 0.982060 0.981873 0.941317 0.984644 0.911706 0.916080 0.837527 0.995625 0.716405 0.902098 0.915604 0.926124 0.869905 0.848951 0.990422 0.862484 0.968776
0.963163 0.960536 0.917749 0.814565 0.909453 0.790143 0.878902 0.969422 0.891372 0.868668 0.893288 0.978327 0.938488 0.878501 0.975074 0.966108 0.921951 0.825729 0.996979 0.957551 0.873579 0.959025 0.930485 0.826404 0.882395 0.832714 0.824831 0.000000 0.883296 0.884569 0.952649 0.821354 0.923949 0.940081 0.940926 0.969858 0.927005 0.954505 0.952775 0.858415 0.961848 0.969551 0.701475 0.803144 0.717314 0.803445 0.998688 0.964679 0.942142 0.869886 0.840219 0.776000 0.809921 0.669873 0.846141 0.902743 0.886123 0.988820 0.983412 0.923865 0.913519 0.963316 0.964515 0.955492 0.917248 0.970856 0.910125 0.863663 0.869226 0.923179 0.890439 0.903462 0.782002 0.892722 0.969363 0.991144 0.984589 0.952270 0.894580 0.983869 0.998443 0.969506 0.979464 0.926628 0.905087 0.896783 0.956105 0.937797 0.818802 0.870630 0.973536 0.950991 0.993932 0.891638 0.970914 0.978833 0.923852 0.865344 0.993121 0.915320 0.957879 0.955016 0.941595 0.789273 0.991521 0.986350 0.966451 0.980566 0.903466 0.996718 0.759118 0.930264 0.803287 0.791516 0.965957 0.931058
0.606665 0.588361 0.665897 0.951846 0.966566 0.802928 0.943766 0.671577 0.786878 0.622128 0.443108 0.437356 0.731508 0.622900 0.938474 0.690017 0.370473 0.366628 0.516727 0.418353 0.876608 0.934852 0.728754 0.833136 0.645503 0.595439 0.857442 0.883296 0.000000 0.360092 0.996549 0.845659 0.622697 0.524706 0.694383 0.688069 0.835414 0.947168 0.876549 0.959158 0.961550 0.869821 0.951248 0.644054 0.845756 0.567552 0.805951 0.726594 0.758661 0.759923 0.729520 0.873498 0.987915 0.978133 0.872527 0.896638 0.461477 0.552548 0.624445 0.675447 0.689803 0.595303 0.394865 0.425015 0.682428 0.928033 0.879082 0.961349 0.819504 0.505626 0.958144 0.739901 0.642740 0.705784 0.864908 0.866966 0.625616 0.870579 0.662451 0.665369 0.552409 0.710019 0.834561 0.907843 0.862953 0.880208 0.881217 0.953147 0.773815 0.913358 0.665153 0.586035 0.636192 0.703451 0.891007 0.898315 0.814027 0.852177 0.850457 0.892478 0.703512 0.982068 0.657769 0.699047 0.936929 0.926667 0.978011 0.958952 0.991554 0.763987 0.736977 0.777251 0.876468 0.838673 0.976595 0.824647
0.813686 0.726094 0.690814 0.920860 0.989405 0.912720 0.949300 0.678806 0.777718 0.575110 0.573690 0.529352 0.792724 0.660010 0.914943 0.746152 0.413894 0.400474 0.617056 0.538566 0.846970 0.966262 0.763616 0.778507 0.586949 0.541516 0.940272 0.884569 0.360092 0.000000 0.917870 0.783235 0.701321 0.502758 0.661531 0.722936 0.825890 0.976883 0.901508 0.934656 0.922524 0.914069 0.938757 0.648726 0.792716 0.603016 0.858572 0.785800 0.933887 0.902835 0.873196 0.976579 0.895122 0.912212 0.989823 0.939326 0.559978 0.670124 0.813162 0.867952 0.749154 0.698299 0.426777 0.469866 0.622862 0.866310 0.823923 0.980853 0.956139 0.586856 0.913847 0.675352 0.760723 0.752243 0.830977 0.897753 0.773305 0.839647 0.701620 0.667768 0.648930 0.797707 0.878569 0.907359 0.740290 0.796396 0.993467 0.958338 0.685849 0.751924 0.711143 0.602800 0.641255 0.741395 0.803467 0.838462 0.826456 0.791895 0.859148 0.970052 0.782006 0.998461 0.633341 0.759980 0.970302 0.902666 0.972343 0.928639 0.939367 0.673322 0.666302 0.771117 0.783174 0.807949 0.993621 0.776641
0.680569 0.847312 0.646901 0.876830 0.964907 0.920044 0.764273 0.993560 0.912410 0.879139 0.720846 0.771760 0.992341 0.927694 0.694501 0.851433 0.984677 0.955584 0.893513 0.871614 0.935311 0.964394 0.665620 0.813401 0.686651 0.636762 0.801445 0.952649 0.996549 0.917870 0.000000 0.483332 0.647253 0.762923 0.887078 0.845929 0.714949 0.819902 0.984644 0.988066 0.920784 0.938271 0.503508 0.643989 0.634818 0.778912 0.684163 0.648600 0.761640 0.788988 0.726160 0.779160 0.743921 0.953447 0.898735 0.669735 0.991382 0.899834 0.639115 0.693227 0.920692 0.764980 0.979360 0.902638 0.753383 0.924730 0.755038 0.675344 0.728315 0.913604 0.602868 0.683642 0.987861 0.973275 0.914941 0.974435 0.954051 0.853492 0.760252 0.815449 0.997393 0.980525 0.864676 0.960273 0.993999 0.881323 0.873742 0.773530 0.912265 0.937419 0.855598 0.805703 0.788281 0.827505 0.881138 0.904803 0.854637 0.747759 0.941140 0.924767 0.843630 0.842518 0.884544 0.982978 0.970453 0.761699 0.968528 0.897840 0.968058 0.973460 0.757165 0.815913 0.779703 0.916856 0.855324 0.894124
0.680962 0.814117 0.669415 0.897037 0.885882 0.985060 0.730021 0.947894 0.982826 0.846320 0.837469 0.872567 0.900101 0.974181 0.637521 0.804392 0.905382 0.816363 0.845954 0.981605 0.976633 0.955185 0.672313 0.863995 0.842265 0.829350 0.923959 0.821354 0.845659 0.783235 0.483332 0.000000 0.523209 0.725731 0.880148 0.946644 0.822291 0.902306 0.945750 0.930887 0.836455 0.996125 0.594464 0.702937 0.634947 0.778167 0.735996 0.744874 0.707304 0.758034 0.760322 0.709292 0.679608 0.886697 0.919266 0.672025 0.987999 0.914075 0.669095 0.676733 0.930846 0.830771 0.894711 0.999934 0.791849 0.896882 0.793377 0.646479 0.764218 0.988890 0.718152 0.664927 0.920713 0.981076 0.927152 0.984689 0.962119 0.853601 0.669700 0.697718 0.922409 0.965420 0.811366 0.932002 0.976118 0.884554 0.985128 0.821563 0.829452 0.800615 0.930136 0.889938 0.952715 0.895427 0.870485 0.982247 0.996986 0.762724 0.990490 0.971831 0.868021 0.823469 0.874205 0.918818 0.922481 0.853136 0.866714 0.826472 0.907504 0.900666 0.722032 0.808805 0.759232 0.865186 0.832625 0.930574
0.989473 0.828892 0.816035 0.708193 0.868306 0.799417 0.747104 0.669916 0.978131 0.753825 0.936223 0.777427 0.684830 0.703113 0.583311 0.616934 0.663360 0.617644 0.630758 0.712807 0.879371 0.942713 0.670314 0.742695 0.990658 0.940437 0.969231 0.923949 0.622697 0.701321 0.647253 0.523209 0.000000 0.547262 0.889713 0.932623 0.848355 0.951507 0.862010 0.895038 0.854737 0.856912 0.713576 0.650853 0.640895 0.662970 0.649704 0.646495 0.970573 0.994511 0.920752 0.955108 0.927147 0.933224 0.936578 0.890841 0.763275 0.803552 0.924389 0.944749 0.637316 0.783561 0.628161 0.673403 0.754521 0.679863 0.736216 0.567938 0.900499 0.843099 0.795697 0.701901 0.872199 0.987539 0.819499 0.911721 0.766894 0.821894 0.623061 0.644769 0.629011 0.755798 0.642818 0.822565 0.725507 0.703388 0.994686 0.688227 0.902738 0.878523 0.932545 0.959196 0.963571 0.949550 0.842495 0.973236 0.925847 0.756121 0.777852 0.672484 0.743578 0.807270 0.770822 0.838913 0.725402 0.825574 0.914258 0.919115 0.881406 0.864451 0.766981 0.743828 0.962288 0.809006 0.769540 0.912837
0.777395 0.639058 0.971342 0.804357 0.817502 0.779478 0.833445 0.594465 0.902114 0.728531 0.726598 0.553667 0.642348 0.644443 0.748336 0.617882 0.556952 0.471118 0.536934 0.588242 0.855112 0.981953 0.905750 0.909707 0.853450 0.899698 0.958899 0.940081 0.524706 0.502758 0.762923 0.725731 0.547262 0.000000 0.959536 0.914277 0.953248 0.872417 0.917514 0.865302 0.916408 0.919574 0.735003 0.532492 0.685408 0.584293 0.648908 0.590378 0.915013 0.929468 0.851079 0.952954 0.917152 0.917433 0.936003 0.982061 0.553761 0.673815 0.824034 0.835487 0.607505 0.617159 0.485461 0.516389 0.964523 0.757022 0.854534 0.651922 0.937155 0.699562 0.740792 0.604130 0.823216 0.818702 0.759268 0.944102 0.600828 0.707429 0.582708 0.718245 0.551894 0.682286 0.692389 0.807750 0.850081 0.769236 0.909106 0.786814 0.829899 0.970440 0.939100 0.773401 0.818776 0.874408 0.863503 0.838808 0.760573 0.729079 0.711549 0.776979 0.715236 0.955504 0.667432 0.817914 0.746214 0.853470 0.998257 0.934439 0.960102 0.721136 0.692230 0.622273 0.809176 0.818390 0.755967 0.999292
0.796154 0.791250 0.668191 0.813392 0.827567 0.994679 0.782375 0.965284 0.811305 0.863042 0.659653 0.744081 0.989122 0.843610 0.810562 0.953661 0.727787 0.784620 0.826338 0.836241 0.886134 0.864834 0.660038 0.755451 0.783301 0.740824 0.878521 0.940926 0.694383 0.661531 0.887078 0.880148 0.889713 0.959536 0.000000 0.770566 0.657989 0.959151 0.927610 0.886448 0.864431 0.978480 0.791603 0.973850 0.860300 0.938735 0.968465 0.994232 0.858529 0.790308 0.799547 0.844479 0.875125 0.932370 0.991865 0.868313 0.798999 0.782441 0.788323 0.795894 0.940396 0.940083 0.768759 0.769618 0.620007 0.668272 0.571848 0.700676 0.876227 0.737989 0.888434 0.941752 0.880111 0.919587 0.912467 0.950705 0.868073 0.984837 0.909101 0.824740 0.901988 0.969839 0.989436 0.923499 0.684487 0.675414 0.914403 0.847443 0.946157 0.877503 0.682952 0.667479 0.704442 0.685003 0.974317 0.835724 0.959275 0.969831 0.962580 0.896785 0.955318 0.928182 0.910019 0.994747 0.927086 0.988780 0.893958 0.901372 0.933411 0.986941 0.857027 0.996633 0.943368 0.955471 0.678866 0.906304
0.734421 0.692568 0.701329 0.967250 0.889034 0.972550 0.746651 0.885091 0.902452 0.896797 0.605703 0.685606 0.948973 0.852563 0.895185 0.943502 0.698315 0.761269 0.848097 0.683446 0.992121 0.933841 0.615899 0.684588 0.802297 0.758270 0.965332 0.969858 0.688069 0.722936 0.845929 0.946644 0.932623 0.914277 0.770566 0.000000 0.829113 0.978591 0.965179 0.902225 0.935525 0.980815 0.757893 0.900916 0.764911 0.914875 0.910984 0.983876 0.769499 0.666384 0.637933 0.694405 0.785106 0.783693 0.742330 0.788672 0.682287 0.632921 0.764750 0.678288 0.968172 0.766151 0.695509 0.677607 0.683178 0.831211 0.610005 0.780029 0.827890 0.717445 0.950552 0.946732 0.890978 0.938652 0.947480 0.881464 0.786830 0.992464 0.833778 0.998278 0.765194 0.832088 0.917469 0.911545 0.801707 0.852603 0.707850 0.748424 0.902307 0.999256 0.704760 0.685994 0.646177 0.738827 0.928924 0.928978 0.985907 0.791996 0.966863 0.861481 0.976891 0.942630 0.983852 0.824398 0.976973 0.939669 0.747586 0.956495 0.921277 0.981148 0.962546 0.873853 0.964421 0.871117 0.989651 0.849949
0.894067 0.957145 0.713219 0.936533 0.983118 0.988016 0.970555 0.890629 0.978886 0.948506 0.761878 0.795425 0.930553 0.720612 0.988070 0.967732 0.838791 0.937520 0.929093 0.904353 0.872437 0.928333 0.808495 0.864742 0.694842 0.605058 0.982575 0.927005 0.835414 0.825890 0.714949 0.822291 0.848355 0.953248 0.657989 0.829113 0.000000 0.781326 0.623295 0.910408 0.854058 0.807500 0.740239 0.890081 0.851474 0.934831 0.772562 0.879142 0.995045 0.937817 0.881923 0.935542 0.936380 0.927431 0.803810 0.962170 0.986119 0.941192 0.838311 0.850503 0.887144 0.902336 0.867315 0.902072 0.775402 0.954330 0.741111 0.734922 0.978538 0.957182 0.640105 0.882803 0.947343 0.981618 0.989590 0.947218 0.950209 0.814080 0.974767 0.955901 0.967283 0.932642 0.927232 0.778503 0.865282 0.865763 0.884591 0.748935 0.884388 0.823887 0.911114 0.791815 0.804027 0.895329 0.941251 0.991682 0.889865 0.718036 0.792165 0.940932 0.848937 0.997458 0.944986 0.910331 0.977341 0.738393 0.919176 0.956173 0.879827 0.849466 0.900310 0.950328 0.939397 0.934203 0.815978 0.999125
0.866997 0.853663 0.881689 0.890228 0.957501 0.860953 0.940062 0.975722 0.933039 0.898396 0.999185 0.975903 0.885722 0.889062 0.903735 0.999047 0.932264 0.857794 0.888115 0.909049 0.992733 0.705179 0.993543 0.918789 0.821234 0.858110 0.859213 0.954505 0.947168 0.976883 0.819902 0.902306 0.951507 0.872417 0.959151 0.978591 0.781326 0.000000 0.830815 0.944172 0.879747 0.834288 0.742783 0.824122 0.821348 0.748028 0.694082 0.704475 0.810704 0.881409 0.969440 0.938335 0.938961 0.935231 0.766084 0.890815 0.797226 0.785863 0.864112 0.924229 0.971681 0.901052 0.964234 0.914961 0.906636 0.999705 0.926442 0.941356 0.755395 0.835819 0.753227 0.769362 0.819568 0.855014 0.897345 0.936746 0.975663 0.810725 0.873704 0.834788 0.856100 0.753481 0.942085 0.738617 0.925132 0.877025 0.708582 0.878656 0.936871 0.843354 0.888524 0.982985 0.996579 0.977345 0.900354 0.767183 0.554115 0.720683 0.924107 0.866088 0.794112 0.912550 0.813872 0.619940 0.941350 0.652597 0.857362 0.966862 0.982735 0.954501 0.798132 0.988524 0.991617 0.876275 0.906025 0.901100
