0.000000 0.403887 0.949778 0.825872 0.865196 0.548869 0.488802 0.521467 0.679215 0.550812 0.402856 0.444387 0.460379 0.503349 0.711751 0.821841 0.459495 0.425108 0.483528 0.580526 0.828569 0.954621 0.880785 0.796559 0.637238 0.728982 0.679881 0.789546 0.517178 0.565210 0.755962 0.886996 0.624762 0.528576 0.940948 0.755167 0.835815 0.833430 0.823773 0.938670 0.939354 0.839127 0.658594 0.582779 0.622524 0.574535 0.538018 0.612606 0.639728 0.614704 0.611832 0.518817 0.759568 0.897196 0.748153 0.626382 0.393711 0.407467 0.272374 0.306136 0.330941 0.480022 0.436450 0.424647 0.944628 0.804374 0.748884 0.698341 0.833090 0.722044 0.776085 0.876361 0.967762 0.985752 0.881400 0.980127 0.598223 0.912934 0.608222 0.790450 0.483284 0.713607 0.933117 0.686618 0.858761 0.984557 0.982800 0.976435 0.726775 0.687139 0.770354 0.658072 0.847785 0.851633 0.923232 0.740243 0.675457 0.871323 0.423014 0.453326 0.717196 0.652874 0.644584 0.638693 0.592429 0.558340 0.798519 0.683308 0.753886 0.707218 0.581269 0.669024 0.494109 0.943127 0.600516 0.818552
0.403887 0.000000 0.712122 0.563227 0.944219 0.617124 0.413749 0.475711 0.811591 0.752798 0.623690 0.598859 0.719370 0.537986 0.929008 0.836914 0.588576 0.523114 0.478984 0.444287 0.867040 0.882533 0.878001 0.857272 0.995721 0.941254 0.825673 0.864296 0.699050 0.617827 0.838709 0.704831 0.440230 0.412339 0.778798 0.979696 0.990465 0.933384 0.998840 0.805875 0.902712 0.848225 0.405668 0.389568 0.568454 0.551941 0.494509 0.460802 0.759363 0.573934 0.484161 0.448733 0.687116 0.852388 0.698717 0.548961 0.421036 0.407223 0.432015 0.338534 0.412440 0.466734 0.667620 0.605807 0.875261 0.587390 0.548447 0.480727 0.842781 0.637601 0.620374 0.681549 0.692740 0.720154 0.753413 0.963438 0.643889 0.738714 0.721897 0.716509 0.536605 0.695839 0.789784 0.734495 0.763852 0.695077 0.984621 0.984285 0.723826 0.542678 0.740680 0.840553 0.753628 0.983203 0.961516 0.759164 0.602307 0.921107 0.517730 0.550752 0.746377 0.763322 0.714522 0.780141 0.529125 0.505790 0.807446 0.733632 0.752296 0.656260 0.572155 0.739283 0.578368 0.822271 0.542044 0.955112
0.949778 0.712122 0.000000 0.280649 0.942192 0.829418 0.639519 0.777852 0.931051 0.814280 0.689454 0.869311 0.939243 0.963423 0.989829 0.886301 0.758338 0.790572 0.794563 0.629956 0.461842 0.769547 0.363970 0.423071 0.396843 0.333866 0.884834 0.787237 0.681149 0.763252 0.448027 0.591459 0.562021 0.654965 0.492938 0.725230 0.502470 0.731120 0.666745 0.628792 0.760373 0.963253 0.514871 0.684933 0.952283 0.874116 0.631314 0.662777 0.606556 0.938030 0.956510 0.987334 0.978026 0.971949 0.832929 0.997725 0.963210 0.990379 0.972061 0.796727 0.864901 0.844969 0.622986 0.675444 0.272534 0.314423 0.400446 0.420972 0.772908 0.783757 0.410138 0.468009 0.644600 0.700539 0.823645 0.838816 0.802173 0.597679 0.786814 0.689380 0.880357 0.934250 0.934341 0.839746 0.579102 0.494857 0.902020 0.766914 0.731578 0.866941 0.694908 0.817489 0.626422 0.717972 0.862782 0.736311 0.805458 0.974590 0.907035 0.844750 0.841396 0.901403 0.974251 0.897283 0.740064 0.602491 0.767619 0.882846 0.912103 0.900819 0.719786 0.923783 0.949420 0.863048 0.804581 0.827270
0.825872 0.563227 0.280649 0.000000 0.951369 0.696191 0.484089 0.544262 0.868398 0.978257 0.849118 0.847953 0.998127 0.775479 0.934004 0.785676 0.909491 0.920173 0.643366 0.456451 0.483475 0.831637 0.412022 0.395243 0.527173 0.424052 0.976309 0.887484 0.796873 0.925997 0.460270 0.558909 0.498234 0.504235 0.551830 0.736887 0.647903 0.706995 0.715493 0.736010 0.777679 0.866163 0.443804 0.612054 0.914710 0.997211 0.462162 0.538076 0.681318 0.979773 0.799601 0.847649 0.911222 0.870659 0.813608 0.874075 0.907330 0.943851 0.849786 0.671136 0.717415 0.575599 0.781556 0.862386 0.426007 0.208834 0.329060 0.314496 0.857164 0.758032 0.371581 0.429465 0.546007 0.659449 0.701400 0.722145 0.674703 0.541529 0.794179 0.669995 0.957168 0.877001 0.897234 0.883757 0.646705 0.507801 0.863658 0.864365 0.753987 0.802180 0.574099 0.803559 0.550295 0.744923 0.839359 0.618851 0.640521 0.874138 0.732158 0.727171 0.671530 0.831324 0.935635 0.972275 0.585041 0.582219 0.792900 0.848585 0.761014 0.796547 0.646894 0.835688 0.871403 0.880112 0.687819 0.859576
0.865196 0.944219 0.942192 0.951369 0.000000 0.961332 0.923242 0.934390 0.708393 0.735726 0.810562 0.819443 0.535634 0.789631 0.641120 0.545311 0.792519 0.748809 0.781453 0.959064 0.917745 0.921239 0.833019 0.963142 0.887244 0.834219 0.859068 0.990759 0.711236 0.704298 0.813583 0.829828 0.897738 0.949172 0.986625 0.727580 0.926753 0.845607 0.890721 0.664052 0.826654 0.929968 0.977607 0.999283 0.881356 0.870591 0.980965 0.993559 0.626945 0.924526 0.961135 0.979264 0.960406 0.814569 0.767850 0.953534 0.988044 0.794772 0.920739 0.980708 0.769019 0.937538 0.697945 0.713696 0.869584 0.924077 0.848332 0.833832 0.966169 0.900581 0.965854 0.706746 0.772035 0.862056 0.989116 0.877101 0.951019 0.964931 0.894931 0.846865 0.787901 0.765452 0.912709 0.685804 0.719831 0.990729 0.854505 0.956448 0.714329 0.870936 0.897328 0.921312 0.844310 0.994979 0.946052 0.974239 0.786682 0.830892 0.982779 0.894571 0.849577 0.912088 0.966955 0.954727 0.869190 0.969773 0.999633 0.817790 0.984180 0.816925 0.914559 0.898183 0.764911 0.930477 0.774542 0.990663
0.548869 0.617124 0.829418 0.696191 0.961332 0.000000 0.410022 0.392263 0.541428 0.490193 0.621250 0.543416 0.731156 0.677443 0.955599 0.813227 0.769719 0.730758 0.674357 0.596878 0.909197 0.857417 0.998323 0.867552 0.793671 0.936926 0.521417 0.957781 0.683531 0.744907 0.930752 0.996445 0.550358 0.521315 0.774537 0.889115 0.877356 0.921806 0.818409 0.985402 0.840324 0.973098 0.669842 0.651707 0.659911 0.700397 0.685534 0.674150 0.879528 0.762711 0.652247 0.637607 0.699782 0.719569 0.795963 0.738766 0.856443 0.792456 0.567324 0.434164 0.432740 0.411007 0.716715 0.645499 0.942554 0.672322 0.590381 0.550092 0.923396 0.617026 0.648456 0.707267 0.793082 0.856925 0.846268 0.809275 0.691910 0.773722 0.973561 0.920411 0.859187 0.900558 0.863752 0.986288 0.929526 0.910393 0.944649 0.875951 0.862420 0.956454 0.512393 0.580850 0.522199 0.635111 0.986404 0.700039 0.692384 0.657262 0.446694 0.523972 0.517770 0.596556 0.746062 0.635658 0.618227 0.665704 0.734943 0.753331 0.770053 0.742415 0.569689 0.627410 0.586821 0.854236 0.555707 0.941425
0.488802 0.413749 0.639519 0.484089 0.923242 0.410022 0.000000 0.204894 0.434479 0.457962 0.608438 0.430801 0.676391 0.525412 0.979605 0.789619 0.721685 0.691788 0.522357 0.405571 0.932820 0.902874 0.840120 0.961858 0.852297 0.967568 0.512816 0.810608 0.637477 0.608540 0.802272 0.812858 0.452901 0.299657 0.645466 0.962563 0.911933 0.926961 0.982959 0.935014 0.821458 0.987603 0.357193 0.376553 0.447439 0.498210 0.575301 0.495902 0.821507 0.562997 0.439452 0.412022 0.452794 0.503369 0.743121 0.733332 0.737847 0.684868 0.459308 0.366887 0.298905 0.283120 0.674206 0.566367 0.925709 0.489880 0.331353 0.312975 0.926238 0.695283 0.430127 0.546641 0.642442 0.729248 0.803746 0.775429 0.463641 0.674358 0.875378 0.832322 0.810145 0.927234 0.940396 0.929114 0.968890 0.987679 0.975606 0.728216 0.832237 0.905151 0.333492 0.444156 0.392543 0.559809 0.895564 0.680060 0.507787 0.725223 0.278087 0.348403 0.395716 0.479363 0.562571 0.655729 0.414295 0.425889 0.633615 0.669784 0.632046 0.634266 0.475167 0.551443 0.470109 0.718176 0.485967 0.895090
0.521467 0.475711 0.777852 0.544262 0.934390 0.392263 0.204894 0.000000 0.438714 0.363866 0.566369 0.322936 0.669667 0.443854 0.967300 0.768319 0.729117 0.675176 0.591541 0.422253 0.973393 0.927384 0.939813 0.977415 0.766915 0.962306 0.476681 0.748796 0.576140 0.562665 0.840186 0.822704 0.531868 0.354831 0.764836 0.909856 0.797576 0.930392 0.869411 0.994369 0.874720 0.953044 0.439956 0.476352 0.484413 0.521091 0.604760 0.574175 0.812874 0.610515 0.476165 0.440301 0.500032 0.493718 0.812874 0.700352 0.829901 0.776400 0.513355 0.429239 0.314625 0.192465 0.640667 0.499035 0.931568 0.515973 0.414822 0.396052 0.877230 0.712224 0.529352 0.600369 0.657034 0.728178 0.833197 0.740112 0.495293 0.753017 0.924140 0.918577 0.820091 0.917917 0.909981 0.918716 0.886834 0.920102 0.994776 0.774323 0.843439 0.910369 0.336593 0.510122 0.422195 0.601417 0.877027 0.676962 0.556803 0.687364 0.292603 0.365622 0.365467 0.515943 0.627367 0.701544 0.436427 0.521152 0.635720 0.727988 0.638542 0.645639 0.481236 0.549584 0.459234 0.792876 0.501650 0.959500
0.679215 0.811591 0.931051 0.868398 0.708393 0.541428 0.434479 0.438714 0.000000 0.384726 0.506669 0.496422 0.597555 0.659340 0.866357 0.759899 0.810576 0.774394 0.797140 0.723895 0.854210 0.992436 0.987568 0.744983 0.622910 0.781051 0.576905 0.729577 0.560558 0.664070 0.900958 0.875630 0.759815 0.582342 0.850604 0.890907 0.807115 0.755227 0.850180 0.945317 0.852506 0.965464 0.757870 0.731173 0.643929 0.700358 0.968341 0.938987 0.755462 0.834167 0.784860 0.760992 0.615149 0.714825 0.765343 0.951756 0.987224 0.852248 0.644014 0.683727 0.451343 0.461288 0.646525 0.575397 0.914226 0.824077 0.678060 0.715126 0.888790 0.720824 0.700018 0.838638 0.945815 0.998493 0.891360 0.789408 0.711230 0.984791 0.854121 0.976568 0.907467 0.997549 0.841863 0.993081 0.889511 0.761077 0.987969 0.808982 0.766435 0.875481 0.526341 0.440995 0.577837 0.526670 0.902478 0.886279 0.829232 0.778956 0.457678 0.519427 0.572733 0.625973 0.699356 0.810272 0.689469 0.686928 0.752421 0.737514 0.750818 0.843129 0.667361 0.698100 0.605107 0.834386 0.721910 0.979702
0.550812 0.752798 0.814280 0.978257 0.735726 0.490193 0.457962 0.363866 0.384726 0.000000 0.348036 0.276356 0.489776 0.497961 0.830194 0.715500 0.559038 0.511693 0.663051 0.659373 0.658849 0.926522 0.735473 0.547884 0.398348 0.537521 0.473828 0.705295 0.336030 0.404911 0.727219 0.807106 0.808490 0.604770 0.961862 0.681960 0.553764 0.710387 0.654514 0.944507 0.896087 0.993808 0.825567 0.735274 0.512419 0.507002 0.857228 0.829969 0.529121 0.652077 0.648504 0.576535 0.587143 0.645346 0.874258 0.749276 0.908351 0.782207 0.523843 0.617857 0.393195 0.365303 0.381596 0.292198 0.627637 0.990989 0.831583 0.852452 0.791870 0.858183 0.838338 0.987493 0.997330 0.985546 0.973130 0.862883 0.661286 0.979684 0.821966 0.956844 0.677445 0.848348 0.868047 0.919579 0.732578 0.584899 0.883364 0.825519 0.895688 0.947699 0.547664 0.532125 0.685657 0.670401 0.977927 0.816773 0.809558 0.756071 0.378728 0.460071 0.538819 0.589709 0.608930 0.682139 0.690079 0.745658 0.804424 0.874103 0.767094 0.769087 0.638344 0.658088 0.422062 0.849657 0.743727 0.928300
0.402856 0.623690 0.689454 0.849118 0.810562 0.621250 0.608438 0.566369 0.506669 0.348036 0.000000 0.352774 0.436546 0.494742 0.746109 0.830240 0.427674 0.414386 0.637731 0.730459 0.598565 0.812184 0.607785 0.492247 0.369356 0.464348 0.624853 0.642567 0.337468 0.421878 0.582632 0.732667 0.853339 0.682277 0.850904 0.671691 0.593245 0.742890 0.750588 0.997047 0.901689 0.831505 0.914908 0.769601 0.637120 0.588221 0.833365 0.898584 0.499708 0.716232 0.704992 0.638321 0.771304 0.889643 0.820310 0.757543 0.661533 0.563290 0.414739 0.554960 0.410239 0.499605 0.316795 0.295151 0.613102 0.895577 0.993057 0.960145 0.909773 0.846304 0.977105 0.866765 0.909441 0.895943 0.891887 0.980311 0.739430 0.897990 0.624006 0.982157 0.494251 0.729119 0.976763 0.707951 0.884022 0.712104 0.919413 0.987404 0.878392 0.897404 0.823754 0.685586 0.925845 0.863903 0.987624 0.913566 0.850597 0.888523 0.486445 0.570980 0.756083 0.722617 0.638849 0.705883 0.777185 0.766793 0.944273 0.843022 0.739277 0.776208 0.734220 0.765626 0.500866 0.954329 0.746035 0.845412
0.444387 0.598859 0.869311 0.847953 0.819443 0.543416 0.430801 0.322936 0.496422 0.276356 0.352774 0.000000 0.423894 0.297374 0.790037 0.639964 0.550506 0.470301 0.556750 0.560633 0.800083 0.847287 0.856753 0.764696 0.508720 0.611124 0.577475 0.664115 0.358491 0.366357 0.760135 0.894301 0.721309 0.518780 0.918841 0.743550 0.565368 0.772161 0.748854 0.949001 0.880534 0.916860 0.756143 0.713164 0.577128 0.575531 0.649614 0.741128 0.625548 0.683158 0.635020 0.547543 0.667525 0.713149 0.874873 0.683982 0.763779 0.717102 0.442953 0.537148 0.324670 0.263883 0.364867 0.290313 0.729047 0.798299 0.797128 0.746269 0.756665 0.835654 0.830092 0.957368 0.895929 0.953895 0.857126 0.881070 0.558778 0.906251 0.748153 0.948353 0.619861 0.764966 0.952690 0.784623 0.933432 0.832118 0.918935 0.956137 0.845488 0.900734 0.640100 0.650394 0.768184 0.812168 0.967019 0.713074 0.763344 0.777189 0.396515 0.462505 0.559715 0.683311 0.669099 0.695715 0.600015 0.666384 0.844686 0.894970 0.751246 0.740616 0.677694 0.631541 0.479740 0.991006 0.711473 0.980222
0.460379 0.719370 0.939243 0.998127 0.535634 0.731156 0.676391 0.669667 0.597555 0.489776 0.436546 0.423894 0.000000 0.428584 0.430685 0.466914 0.568324 0.525905 0.582814 0.794293 0.789968 0.862314 0.971511 0.768800 0.558091 0.603767 0.845492 0.849283 0.454509 0.468419 0.613056 0.672328 0.838602 0.781285 0.799237 0.622349 0.788777 0.689595 0.751413 0.854860 0.756654 0.921592 0.866320 0.882211 0.776141 0.740591 0.751408 0.822191 0.577213 0.830494 0.885808 0.794645 0.904974 0.911433 0.823368 0.859537 0.724768 0.620526 0.481497 0.688513 0.421079 0.601759 0.406856 0.415045 0.979070 0.972787 0.946894 0.959111 0.828887 0.799155 0.991132 0.790450 0.808078 0.756535 0.866591 0.906674 0.686829 0.996808 0.775535 0.861372 0.631161 0.744467 0.912875 0.702756 0.818217 0.897481 0.920336 0.868527 0.813608 0.892770 0.934859 0.718962 0.935022 0.930156 0.988219 0.770025 0.989123 0.960686 0.620168 0.566906 0.936270 0.837221 0.836013 0.784160 0.846244 0.685243 0.964421 0.975572 0.852361 0.906046 0.710309 0.754960 0.591139 0.936085 0.858354 0.987395
0.503349 0.537986 0.963423 0.775479 0.789631 0.677443 0.525412 0.443854 0.659340 0.497961 0.494742 0.297374 0.428584 0.000000 0.750476 0.510526 0.566708 0.495010 0.463324 0.577888 0.917967 0.882327 0.907244 0.979217 0.678829 0.741388 0.668730 0.820404 0.441391 0.337597 0.963244 0.901262 0.615685 0.543644 0.932535 0.757394 0.822180 0.890189 0.816539 0.961727 0.854421 0.856216 0.632824 0.622554 0.534803 0.529727 0.548944 0.643615 0.621027 0.608575 0.549417 0.499054 0.672271 0.745476 0.716424 0.664364 0.676346 0.677491 0.479010 0.562177 0.387095 0.376701 0.458432 0.385907 0.846138 0.767356 0.831381 0.737565 0.718206 0.835287 0.900767 0.931320 0.776581 0.859363 0.830116 0.843832 0.614314 0.761401 0.741548 0.786752 0.653751 0.730809 0.738158 0.691666 0.910792 0.949899 0.851603 0.916244 0.872093 0.723900 0.859915 0.909260 0.994801 0.934082 0.978631 0.761534 0.812403 0.971063 0.560308 0.576351 0.699301 0.866981 0.818939 0.824092 0.663331 0.760528 0.943435 0.995143 0.725870 0.742572 0.745677 0.747479 0.629508 0.998031 0.742500 0.882649
0.711751 0.929008 0.989829 0.934004 0.641120 0.955599 0.979605 0.967300 0.866357 0.830194 0.746109 0.790037 0.430685 0.750476 0.000000 0.555977 0.775315 0.730630 0.729700 0.951724 0.875888 0.981445 0.796886 0.942282 0.851118 0.833979 0.846165 0.914425 0.716719 0.777774 0.750670 0.761850 0.873265 0.971506 0.896807 0.819464 0.989085 0.764582 0.790651 0.781076 0.880622 0.822702 0.936216 0.870267 0.951969 0.960796 0.887214 0.936984 0.813716 0.911673 0.845731 0.894736 0.868525 0.686420 0.827445 0.918706 0.809035 0.747275 0.722253 0.901728 0.727609 0.924624 0.733371 0.758779 0.820894 0.974622 0.827245 0.822410 0.932453 0.712122 0.981187 0.775433 0.773958 0.807216 0.849658 0.986715 0.999184 0.838612 0.954303 0.872031 0.807235 0.763193 0.727761 0.723626 0.618486 0.904383 0.720790 0.930860 0.752200 0.835543 0.852264 0.996895 0.715521 0.918842 0.976397 0.760507 0.845396 0.840228 0.954464 0.904918 0.770969 0.978036 0.837504 0.974511 0.929343 0.863428 0.976449 0.839506 0.917925 0.923310 0.902999 0.952140 0.795792 0.906911 0.998222 0.944426
0.821841 0.836914 0.886301 0.785676 0.545311 0.813227 0.789619 0.768319 0.759899 0.715500 0.830240 0.639964 0.466914 0.510526 0.555977 0.000000 0.851339 0.779325 0.623793 0.788930 0.954219 0.919417 0.586655 0.806019 0.903594 0.888166 0.976828 0.957601 0.737490 0.690023 0.957533 0.959905 0.723467 0.823188 0.963953 0.801886 0.935695 0.871958 0.872801 0.778288 0.854709 0.762110 0.806559 0.872872 0.828442 0.851343 0.654562 0.755373 0.726352 0.902250 0.922548 0.857275 0.956322 0.934510 0.770062 0.931718 0.948902 0.883136 0.784219 0.868164 0.657139 0.729179 0.746033 0.705289 0.798906 0.821298 0.975553 0.956036 0.798373 0.812030 0.936780 0.970043 0.955881 0.891009 0.830100 0.883489 0.848732 0.807354 0.908091 0.850272 0.945379 0.820322 0.801871 0.830992 0.689760 0.866876 0.879104 0.941743 0.795972 0.890672 0.952324 0.908982 0.920852 0.998320 0.868576 0.778009 0.922824 0.906133 0.870611 0.717093 0.985152 0.945465 0.931910 0.993583 0.872572 0.849677 0.996827 0.882462 0.858099 0.955098 0.843543 0.807959 0.757018 0.985924 0.992498 0.859971
0.459495 0.588576 0.758338 0.909491 0.792519 0.769719 0.721685 0.729117 0.810576 0.559038 0.427674 0.550506 0.568324 0.566708 0.775315 0.851339 0.000000 0.298817 0.563719 0.695535 0.707772 0.958673 0.710296 0.707305 0.570212 0.563007 0.804668 0.912841 0.441912 0.388846 0.701995 0.835768 0.821800 0.749148 0.908186 0.748804 0.748848 0.796952 0.781861 0.935059 0.951585 0.850716 0.867764 0.717839 0.595619 0.538379 0.729373 0.745863 0.437383 0.538799 0.624913 0.602096 0.767141 0.953334 0.673355 0.583692 0.476690 0.423142 0.484814 0.617112 0.565941 0.703404 0.328390 0.342110 0.702174 0.821393 0.945486 0.980933 0.980387 0.815057 0.983858 0.767722 0.929446 0.980158 0.909317 0.994813 0.861222 0.946715 0.620775 0.758709 0.345925 0.527784 0.753417 0.561769 0.965194 0.888339 0.878256 0.903738 0.899277 0.649784 0.999638 0.970645 0.863984 0.853740 0.961848 0.915034 0.783078 0.968064 0.609810 0.733167 0.925223 0.857566 0.801094 0.688221 0.892020 0.852679 0.953644 0.997920 0.745668 0.778724 0.713974 0.851640 0.647778 0.918506 0.878996 0.896580
0.425108 0.523114 0.790572 0.920173 0.748809 0.730758 0.691788 0.675176 0.774394 0.511693 0.414386 0.470301 0.525905 0.495010 0.730630 0.779325 0.298817 0.000000 0.519676 0.638813 0.733412 0.947971 0.713419 0.724054 0.576852 0.564715 0.803956 0.871779 0.351135 0.346867 0.718033 0.944530 0.719739 0.678777 0.858498 0.678402 0.706480 0.781571 0.762331 0.955103 0.853592 0.837831 0.814820 0.669001 0.574275 0.493581 0.678910 0.720598 0.426160 0.505334 0.585981 0.554873 0.776931 0.948012 0.624273 0.506541 0.449911 0.362599 0.443372 0.598179 0.509539 0.631108 0.291148 0.284306 0.686183 0.855532 0.943156 0.958023 0.978463 0.821900 0.946811 0.785355 0.991774 0.994410 0.980039 0.990707 0.828747 0.979974 0.535846 0.757468 0.306064 0.418133 0.778696 0.456124 0.925385 0.941814 0.899532 0.887027 0.814871 0.663468 0.971296 0.960080 0.872927 0.851557 0.906234 0.766356 0.784786 0.947027 0.563155 0.682463 0.910228 0.805149 0.721445 0.591002 0.785084 0.793304 0.976064 0.986152 0.842983 0.790925 0.761058 0.798571 0.513943 0.857299 0.847448 0.916949
0.483528 0.478984 0.794563 0.643366 0.781453 0.674357 0.522357 0.591541 0.797140 0.663051 0.637731 0.556750 0.582814 0.463324 0.729700 0.623793 0.563719 0.519676 0.000000 0.514076 0.980496 0.989429 0.806814 0.894096 0.862199 0.885352 0.809897 0.983687 0.661669 0.610770 0.998256 0.926895 0.518611 0.496608 0.826191 0.884413 0.983015 0.872182 0.970459 0.855365 0.897897 0.932801 0.644974 0.628235 0.558395 0.565354 0.527800 0.541072 0.669914 0.613450 0.577159 0.585459 0.684007 0.806027 0.682456 0.636694 0.589625 0.509677 0.444987 0.452009 0.458200 0.592197 0.551481 0.567495 0.889985 0.754058 0.715480 0.649329 0.940080 0.859160 0.650258 0.843485 0.866439 0.876748 0.837721 0.860417 0.743818 0.726092 0.860275 0.704837 0.636904 0.696863 0.785873 0.726484 0.801030 0.902914 0.956078 0.987545 0.775700 0.703314 0.809897 0.805619 0.915084 0.927002 0.955916 0.732019 0.684401 0.963204 0.551640 0.602709 0.767344 0.834046 0.731322 0.749256 0.806865 0.660248 0.881423 0.940041 0.655182 0.729645 0.689334 0.747920 0.597521 0.904883 0.812286 0.987435
0.580526 0.444287 0.629956 0.456451 0.959064 0.596878 0.405571 0.422253 0.723895 0.659373 0.730459 0.560633 0.794293 0.577888 0.951724 0.788930 0.695535 0.638813 0.514076 0.000000 0.802909 0.892954 0.785464 0.773911 0.946833 0.865483 0.796127 0.931589 0.715840 0.685938 0.780352 0.689383 0.491363 0.433216 0.682589 0.890053 0.946618 0.939234 0.954821 0.883795 0.762436 0.919281 0.468593 0.509314 0.639178 0.661125 0.495559 0.437043 0.906711 0.638511 0.582775 0.598075 0.713450 0.726614 0.602545 0.588288 0.698603 0.698247 0.616228 0.502026 0.511971 0.437577 0.724415 0.682144 0.829823 0.508486 0.494337 0.431115 0.908542 0.635900 0.559404 0.627842 0.647164 0.687914 0.678493 0.792665 0.619873 0.764134 0.864657 0.794304 0.650975 0.668358 0.802598 0.876671 0.788142 0.766226 0.976443 0.948263 0.811362 0.647350 0.593312 0.792341 0.635463 0.852346 0.921425 0.667347 0.573804 0.802819 0.517889 0.572026 0.689566 0.725647 0.660493 0.868531 0.515205 0.625348 0.736306 0.874176 0.742091 0.656744 0.579805 0.854232 0.601670 0.742808 0.657257 0.928839
0.828569 0.867040 0.461842 0.483475 0.917745 0.909197 0.932820 0.973393 0.854210 0.658849 0.598565 0.800083 0.789968 0.917967 0.875888 0.954219 0.707772 0.733412 0.980496 0.802909 0.000000 0.760135 0.421732 0.413207 0.393305 0.397743 0.728878 0.799877 0.661529 0.762330 0.462573 0.586045 0.734783 0.803111 0.658940 0.672572 0.672942 0.808993 0.804373 0.777701 0.755763 0.687738 0.695470 0.881703 0.828463 0.750970 0.825895 0.816457 0.598678 0.831608 0.930708 0.843970 0.869065 0.898321 0.935522 0.971383 0.930470 0.856095 0.819245 0.948356 0.888374 0.984548 0.533098 0.609130 0.438890 0.493574 0.661253 0.663813 0.876023 0.815960 0.668920 0.645499 0.688708 0.740419 0.789978 0.783726 0.989377 0.805233 0.720972 0.842531 0.763197 0.945161 0.735606 0.882889 0.619522 0.504140 0.647515 0.942491 0.912463 0.855656 0.900279 0.831921 0.886519 0.962151 0.776998 0.793127 0.912300 0.919168 0.882330 0.912523 0.936620 0.996839 0.658759 0.728221 0.793351 0.852979 0.938441 0.944382 0.903398 0.931139 0.980470 0.938221 0.934413 0.988658 0.874880 0.972805
0.954621 0.882533 0.769547 0.831637 0.921239 0.857417 0.902874 0.927384 0.992436 0.926522 0.812184 0.847287 0.862314 0.882327 0.981445 0.919417 0.958673 0.947971 0.989429 0.892954 0.760135 0.000000 0.822360 0.845244 0.835853 0.864738 0.941163 0.800239 0.924951 0.861474 0.816730 0.927806 0.893531 0.956399 0.794981 0.953738 0.852088 0.960997 0.977446 0.841501 0.809503 0.931084 0.817238 0.849124 0.916032 0.999011 0.974012 0.769579 0.944247 0.906368 0.953777 0.955509 0.829276 0.866816 0.934777 0.863281 0.991325 0.994566 0.894261 0.921637 0.953537 0.975271 0.815953 0.892758 0.865859 0.907709 0.773579 0.863416 0.837005 0.848914 0.856651 0.793466 0.976834 0.855874 0.871393 0.772644 0.978654 0.864506 0.972430 0.972991 0.859111 0.970248 0.966565 0.926835 0.989069 0.909682 0.995308 0.936920 0.952427 0.815704 0.793801 0.923028 0.805004 0.836987 0.884835 0.874605 0.833874 0.922246 0.907930 0.941724 0.923832 0.896468 0.954784 0.904528 0.871842 0.812068 0.848721 0.904338 0.949881 0.951985 0.898218 0.920115 0.971022 0.719349 0.812897 0.995509
0.880785 0.878001 0.363970 0.412022 0.833019 0.998323 0.840120 0.939813 0.987568 0.735473 0.607785 0.856753 0.971511 0.907244 0.796886 0.586655 0.710296 0.713419 0.806814 0.785464 0.421732 0.822360 0.000000 0.298865 0.430581 0.436704 0.757888 0.731165 0.710837 0.825267 0.468561 0.609671 0.595088 0.788830 0.624740 0.798368 0.485930 0.758389 0.715382 0.682849 0.841908 0.772961 0.619931 0.820217 0.970949 0.883651 0.679433 0.707332 0.742168 0.909445 0.977356 0.940911 0.975572 0.924385 0.779837 0.975288 0.917508 0.884826 0.900941 0.990686 0.939872 0.960761 0.636214 0.676603 0.298598 0.459222 0.633602 0.641708 0.993216 0.795889 0.643807 0.642060 0.704249 0.762729 0.695440 0.823027 0.923996 0.597222 0.749562 0.711360 0.761737 0.995589 0.769312 0.919461 0.488329 0.457800 0.710382 0.998519 0.815684 0.842355 0.924852 0.962799 0.908972 0.963515 0.818385 0.771216 0.993523 0.884444 0.911234 0.950387 0.934697 0.894876 0.804736 0.733027 0.864478 0.776037 0.933156 0.919424 0.988243 0.964358 0.890973 0.956582 0.921581 0.910298 0.945808 0.962910
0.796559 0.857272 0.423071 0.395243 0.963142 0.867552 0.961858 0.977415 0.744983 0.547884 0.492247 0.764696 0.768800 0.979217 0.942282 0.806019 0.707305 0.724054 0.894096 0.773911 0.413207 0.845244 0.298865 0.000000 0.311363 0.371520 0.675242 0.717105 0.541430 0.736754 0.406294 0.455024 0.692660 0.870324 0.633418 0.671901 0.527399 0.638612 0.638756 0.754546 0.851261 0.815403 0.661201 0.843823 0.862401 0.793825 0.691580 0.734312 0.597869 0.882157 0.988718 0.909005 0.897092 0.916569 0.861742 0.966472 0.987031 0.861616 0.769561 0.930493 0.865782 0.955943 0.544517 0.573071 0.397721 0.473171 0.678856 0.651655 0.899593 0.888232 0.759212 0.665004 0.672722 0.740745 0.760610 0.845725 0.985678 0.667460 0.789184 0.679027 0.777544 0.945922 0.740030 0.934342 0.548208 0.376886 0.758813 0.890987 0.918223 0.725929 0.961639 0.772897 0.991384 0.857522 0.878814 0.880515 0.870536 0.939895 0.765810 0.894490 0.874520 0.794295 0.754746 0.706739 0.939231 0.908336 0.937503 0.920533 0.976096 0.906805 0.986616 0.867606 0.767575 0.981472 0.994379 0.992361
0.637238 0.995721 0.396843 0.527173 0.887244 0.793671 0.852297 0.766915 0.622910 0.398348 0.369356 0.508720 0.558091 0.678829 0.851118 0.903594 0.570212 0.576852 0.862199 0.946833 0.393305 0.835853 0.430581 0.311363 0.000000 0.240241 0.554579 0.682592 0.410201 0.553046 0.384860 0.517889 0.794803 0.997522 0.658612 0.595822 0.434531 0.542057 0.551720 0.680704 0.801387 0.925515 0.835359 0.997291 0.679609 0.609459 0.854502 0.923391 0.474237 0.734011 0.805877 0.699356 0.681105 0.745042 0.939760 0.943291 0.905699 0.801309 0.628116 0.777294 0.659324 0.749870 0.368544 0.374514 0.352961 0.561894 0.772896 0.743037 0.761701 0.935617 0.741413 0.695727 0.692933 0.704621 0.851879 0.924483 0.879700 0.735269 0.684581 0.741807 0.783779 0.945554 0.780519 0.911736 0.526634 0.340886 0.831117 0.928840 0.919402 0.813825 0.858624 0.681166 0.985940 0.844464 0.937801 0.889686 0.955931 0.850873 0.617163 0.672110 0.781008 0.719255 0.699230 0.667188 0.948124 0.998521 0.992076 0.877226 0.816947 0.891630 0.860870 0.729422 0.653719 0.997292 0.925583 0.937303
0.728982 0.941254 0.333866 0.424052 0.834219 0.936926 0.967568 0.962306 0.781051 0.537521 0.464348 0.611124 0.603767 0.741388 0.833979 0.888166 0.563007 0.564715 0.885352 0.865483 0.397743 0.864738 0.436704 0.371520 0.240241 0.000000 0.768849 0.756467 0.471613 0.562397 0.310934 0.476586 0.732245 0.894999 0.636975 0.563473 0.426759 0.533172 0.550061 0.711414 0.738543 0.910128 0.703169 0.901088 0.749789 0.684071 0.789708 0.899496 0.454697 0.741164 0.904148 0.785229 0.797430 0.879204 0.961671 0.904125 0.841925 0.758573 0.703845 0.895709 0.806702 0.939906 0.353483 0.413405 0.360299 0.431484 0.596086 0.595939 0.850388 0.925085 0.580045 0.534224 0.592237 0.633216 0.874064 0.828205 0.965175 0.729733 0.605318 0.750318 0.745216 0.982162 0.901563 0.792576 0.618584 0.428723 0.800828 0.982999 0.881941 0.905155 0.898914 0.895110 0.778237 0.931944 0.922972 0.858727 0.961620 0.963612 0.806626 0.850236 0.993296 0.908074 0.812572 0.688014 0.912286 0.890377 0.852420 0.977770 0.956711 0.975536 0.969788 0.874489 0.796951 0.931397 0.958505 0.872731
0.679881 0.825673 0.884834 0.976309 0.859068 0.521417 0.512816 0.476681 0.576905 0.473828 0.624853 0.577475 0.845492 0.668730 0.846165 0.976828 0.804668 0.803956 0.809897 0.796127 0.728878 0.941163 0.757888 0.675242 0.554579 0.768849 0.000000 0.749192 0.630090 0.656286 0.991536 0.978163 0.831862 0.614225 0.968615 0.915752 0.680600 0.869743 0.782426 0.634174 0.994902 0.965580 0.731669 0.612660 0.499345 0.529459 0.893011 0.847570 0.790060 0.668243 0.555206 0.513442 0.503630 0.447186 0.915883 0.859778 0.993660 0.934977 0.622744 0.578041 0.528077 0.520835 0.695045 0.603486 0.604490 0.940983 0.698042 0.655914 0.713934 0.931220 0.808146 0.784169 0.794421 0.899790 0.906929 0.784641 0.637247 0.898420 0.923491 0.988322 0.983325 0.873472 0.802543 0.847629 0.510151 0.553217 0.880352 0.853413 0.933444 0.856504 0.521639 0.586153 0.588795 0.659765 0.872567 0.987262 0.683191 0.703689 0.483589 0.589368 0.405604 0.546218 0.584462 0.702826 0.766314 0.884564 0.781567 0.625660 0.720515 0.811429 0.755901 0.644849 0.672822 0.754166 0.695345 0.986720
0.789546 0.864296 0.787237 0.887484 0.990759 0.957781 0.810608 0.748796 0.729577 0.705295 0.642567 0.664115 0.849283 0.820404 0.914425 0.957601 0.912841 0.871779 0.983687 0.931589 0.799877 0.800239 0.731165 0.717105 0.682592 0.756467 0.749192 0.000000 0.761201 0.773929 0.808475 0.916704 0.982396 0.835489 0.932917 0.974381 0.698729 0.958066 0.909654 0.796616 0.869440 0.914161 0.997206 0.881650 0.784243 0.795530 0.984399 0.901170 0.764293 0.855839 0.811313 0.747381 0.773488 0.770548 0.907510 0.894048 0.983079 0.936750 0.802194 0.881163 0.746636 0.741655 0.734201 0.662516 0.719211 0.929925 0.947890 0.971751 0.766585 0.845510 0.973746 0.859577 0.968770 0.925886 0.973632 0.980784 0.766683 0.968026 0.696974 0.741037 0.885044 0.900494 0.856896 0.996460 0.773875 0.754815 0.933173 0.957817 0.886980 0.811907 0.792503 0.677541 0.824076 0.798649 0.912662 0.998151 0.946587 0.832407 0.703463 0.789444 0.701436 0.822883 0.764458 0.864711 0.837113 0.789230 0.984503 0.721095 0.875850 0.873048 0.858650 0.802085 0.786132 0.976238 0.829696 0.967692
0.517178 0.699050 0.681149 0.796873 0.711236 0.683531 0.637477 0.576140 0.560558 0.336030 0.337468 0.358491 0.454509 0.441391 0.716719 0.737490 0.441912 0.351135 0.661669 0.715840 0.661529 0.924951 0.710837 0.541430 0.410201 0.471613 0.630090 0.761201 0.000000 0.271922 0.671712 0.824103 0.781642 0.708148 0.828323 0.624192 0.599837 0.699919 0.712778 0.910247 0.892322 0.914595 0.851690 0.718386 0.478437 0.433381 0.833860 0.828090 0.370111 0.537042 0.605783 0.533917 0.647146 0.774529 0.750786 0.579262 0.708394 0.614175 0.514201 0.647087 0.437628 0.540896 0.275195 0.243690 0.587255 0.836401 0.942351 0.989711 0.757238 0.825452 0.952310 0.825716 0.961366 0.929389 0.940687 0.994627 0.699026 0.998441 0.622433 0.969141 0.521496 0.693074 0.843184 0.607376 0.908641 0.742797 0.977142 0.974125 0.908332 0.877932 0.875968 0.805187 0.985451 0.982474 0.966730 0.860440 0.933221 0.914314 0.504347 0.597412 0.792973 0.746465 0.661105 0.707900 0.735613 0.834080 0.860967 0.959988 0.879340 0.749605 0.856513 0.710512 0.495923 0.836087 0.787056 0.879501
0.565210 0.617827 0.763252 0.925997 0.704298 0.744907 0.608540 0.562665 0.664070 0.404911 0.421878 0.366357 0.468419 0.337597 0.777774 0.690023 0.388846 0.346867 0.610770 0.685938 0.762330 0.861474 0.825267 0.736754 0.553046 0.562397 0.656286 0.773929 0.271922 0.000000 0.820804 0.991805 0.734707 0.647996 0.835335 0.682478 0.698576 0.837311 0.759342 0.982987 0.860739 0.987369 0.741653 0.624859 0.442458 0.435754 0.732797 0.765454 0.394418 0.480182 0.531221 0.482699 0.624944 0.770148 0.690811 0.587868 0.636481 0.598458 0.508572 0.690378 0.462339 0.521022 0.303895 0.256589 0.642709 0.914454 0.996390 0.906350 0.706762 0.869220 0.987898 0.853509 0.856326 0.831552 0.943697 0.964297 0.669028 0.869902 0.667472 0.870462 0.466648 0.613652 0.684665 0.597667 0.964830 0.862922 0.969986 0.961312 0.935878 0.780305 0.938541 0.919334 0.925070 0.895394 0.956261 0.883796 0.862562 0.968310 0.559312 0.655958 0.779679 0.833996 0.717816 0.718738 0.743654 0.849398 0.993239 0.956790 0.894779 0.831575 0.856098 0.838848 0.550295 0.874894 0.858327 0.840319
0.755962 0.838709 0.448027 0.460270 0.813583 0.930752 0.802272 0.840186 0.900958 0.727219 0.582632 0.760135 0.613056 0.963244 0.750670 0.957533 0.701995 0.718033 0.998256 0.780352 0.462573 0.816730 0.468561 0.406294 0.384860 0.310934 0.991536 0.808475 0.671712 0.820804 0.000000 0.326813 0.582134 0.732374 0.617313 0.664523 0.526185 0.596104 0.692839 0.888930 0.693735 0.961895 0.515235 0.675049 0.898820 0.980379 0.761692 0.761673 0.668839 0.955963 0.768859 0.892783 0.898426 0.808109 0.770277 0.927176 0.891493 0.836882 0.787754 0.991374 0.963854 0.896323 0.531604 0.640863 0.605291 0.481992 0.520737 0.512517 0.946784 0.828533 0.617490 0.494550 0.415705 0.531149 0.865812 0.688511 0.984812 0.631870 0.705664 0.769113 0.773715 0.994422 0.779469 0.757570 0.809007 0.576481 0.886057 0.963250 0.965182 0.873351 0.823716 0.852591 0.746506 0.995161 0.932877 0.882908 0.803543 0.995535 0.967156 0.962846 0.840115 0.961065 0.904985 0.827324 0.843560 0.871126 0.801267 0.940317 0.967791 0.918829 0.912933 0.971120 0.859636 0.767314 0.835024 0.949583
0.886996 0.704831 0.591459 0.558909 0.829828 0.996445 0.812858 0.822704 0.875630 0.807106 0.732667 0.894301 0.672328 0.901262 0.761850 0.959905 0.835768 0.944530 0.926895 0.689383 0.586045 0.927806 0.609671 0.455024 0.517889 0.476586 0.978163 0.916704 0.824103 0.991805 0.326813 0.000000 0.604406 0.690686 0.716401 0.746854 0.701076 0.608140 0.719997 0.946392 0.818914 0.986077 0.501197 0.573747 0.839975 0.846833 0.657801 0.656543 0.810620 0.845655 0.653044 0.756688 0.855133 0.834208 0.756190 0.753793 0.988482 0.934642 0.918769 0.913772 0.977719 0.853132 0.693319 0.815821 0.738112 0.579078 0.608628 0.541610 0.987244 0.919856 0.707719 0.587622 0.421843 0.461113 0.897919 0.779999 0.928798 0.637639 0.884256 0.752767 0.945325 0.899143 0.767684 0.956656 0.859843 0.570586 0.920836 0.863397 0.947631 0.809452 0.922048 0.813933 0.844499 0.904755 0.929766 0.915688 0.750477 0.967549 0.982704 0.984561 0.857703 0.953260 0.989154 0.866247 0.750889 0.847887 0.876839 0.869036 0.972334 0.945819 0.927744 0.949936 0.975600 0.769196 0.862663 0.931044
0.624762 0.440230 0.562021 0.498234 0.897738 0.550358 0.452901 0.531868 0.759815 0.808490 0.853339 0.721309 0.838602 0.615685 0.873265 0.723467 0.821800 0.719739 0.518611 0.491363 0.734783 0.893531 0.595088 0.692660 0.794803 0.732245 0.831862 0.982396 0.781642 0.734707 0.582134 0.604406 0.000000 0.404032 0.541930 0.907000 0.823066 0.953507 0.873239 0.842409 0.739541 0.941744 0.410884 0.416011 0.551424 0.594017 0.497557 0.549394 0.866209 0.608614 0.523716 0.573679 0.702408 0.804966 0.506599 0.584189 0.652855 0.683476 0.617545 0.478675 0.484300 0.552413 0.853872 0.790984 0.711411 0.527171 0.472606 0.430614 0.958196 0.676579 0.561013 0.592275 0.566123 0.653589 0.706174 0.720741 0.709727 0.606333 0.895026 0.669082 0.743880 0.708851 0.738367 0.808503 0.647568 0.625272 0.895926 0.946008 0.776128 0.688735 0.724110 0.868885 0.704302 0.916055 0.953487 0.592636 0.687702 0.934793 0.585320 0.626611 0.707855 0.797569 0.802209 0.840253 0.588327 0.568957 0.764745 0.844424 0.834837 0.676181 0.711469 0.784403 0.639785 0.760774 0.553868 0.981735
0.528576 0.412339 0.654965 0.504235 0.949172 0.521315 0.299657 0.354831 0.582342 0.604770 0.682277 0.518780 0.781285 0.543644 0.971506 0.823188 0.749148 0.678777 0.496608 0.433216 0.803111 0.956399 0.788830 0.870324 0.997522 0.894999 0.614225 0.835489 0.708148 0.647996 0.732374 0.690686 0.404032 0.000000 0.634058 0.926491 0.921922 0.992810 0.991821 0.870500 0.874140 0.956506 0.411942 0.425693 0.512043 0.558521 0.546407 0.528715 0.842467 0.595409 0.494417 0.500985 0.569390 0.613043 0.668199 0.667325 0.727866 0.698903 0.510040 0.437970 0.396482 0.386865 0.739871 0.643708 0.881439 0.515285 0.402279 0.370962 0.976401 0.727648 0.444413 0.558876 0.618185 0.662204 0.815289 0.761945 0.541243 0.654656 0.840283 0.711255 0.755632 0.802870 0.884569 0.919922 0.906885 0.868110 0.875172 0.971567 0.828079 0.783693 0.535360 0.681561 0.525550 0.735086 0.870133 0.700496 0.611693 0.862348 0.416927 0.511837 0.504677 0.557541 0.688492 0.748163 0.532715 0.516996 0.617777 0.698230 0.737952 0.674780 0.608161 0.750942 0.545043 0.781969 0.563907 0.964509
0.940948 0.778798 0.492938 0.551830 0.986625 0.774537 0.645466 0.764836 0.850604 0.961862 0.850904 0.918841 0.799237 0.932535 0.896807 0.963953 0.908186 0.858498 0.826191 0.682589 0.658940 0.794981 0.624740 0.633418 0.658612 0.636975 0.968615 0.932917 0.828323 0.835335 0.617313 0.716401 0.541930 0.634058 0.000000 0.781768 0.804034 0.905176 0.767105 0.860478 0.658037 0.967343 0.623900 0.670482 0.854673 0.916883 0.879686 0.708493 0.790471 0.917426 0.864305 0.903733 0.792506 0.814609 0.797485 0.860511 0.913367 0.985834 0.957368 0.713839 0.877953 0.882217 0.785449 0.811045 0.607900 0.589442 0.449685 0.487187 0.798696 0.778572 0.514300 0.567797 0.768548 0.694262 0.867570 0.750668 0.752949 0.785552 0.853900 0.781403 0.896754 0.936016 0.994326 0.844142 0.823322 0.739827 0.892846 0.981934 0.955230 0.848955 0.623860 0.827320 0.603594 0.701261 0.812800 0.832132 0.808796 0.927132 0.855917 0.876904 0.845634 0.873679 0.925342 0.910310 0.852130 0.704940 0.937492 0.915485 0.874364 0.796972 0.837793 0.999066 0.942719 0.891562 0.681632 0.990958
0.755167 0.979696 0.725230 0.736887 0.727580 0.889115 0.962563 0.909856 0.890907 0.681960 0.671691 0.743550 0.622349 0.757394 0.819464 0.801886 0.748804 0.678402 0.884413 0.890053 0.672572 0.953738 0.798368 0.671901 0.595822 0.563473 0.915752 0.974381 0.624192 0.682478 0.664523 0.746854 0.907000 0.926491 0.781768 0.000000 0.759767 0.841651 0.739801 0.919397 0.865477 0.844178 0.935925 0.984799 0.846632 0.768621 0.917733 0.963265 0.642712 0.835965 0.923385 0.810095 0.955713 0.989530 0.961427 0.913807 0.845695 0.801542 0.707218 0.855447 0.787399 0.919070 0.629755 0.603781 0.748215 0.762469 0.776396 0.814981 0.934657 0.942204 0.750549 0.740522 0.748297 0.872332 0.913328 0.844210 0.935516 0.929115 0.844564 0.980665 0.825438 0.897489 0.947796 0.845184 0.927048 0.728631 0.827695 0.903239 0.995311 0.966374 0.940864 0.881192 0.789925 0.956480 0.916556 0.896103 0.853975 0.990104 0.828678 0.743150 0.953617 0.968705 0.915717 0.734176 0.930041 0.951481 0.999109 0.985062 0.947275 0.968030 0.981665 0.874657 0.690730 0.985452 0.966236 0.975069
0.835815 0.990465 0.502470 0.647903 0.926753 0.877356 0.911933 0.797576 0.807115 0.553764 0.593245 0.565368 0.788777 0.822180 0.989085 0.935695 0.748848 0.706480 0.983015 0.946618 0.672942 0.852088 0.485930 0.527399 0.434531 0.426759 0.680600 0.698729 0.599837 0.698576 0.526185 0.701076 0.823066 0.921922 0.804034 0.759767 0.000000 0.560946 0.621514 0.654575 0.658990 0.939843 0.788933 0.939930 0.854841 0.790077 0.816974 0.911546 0.754540 0.921201 0.924149 0.872559 0.837272 0.842972 0.796997 0.878433 0.973236 0.914412 0.801691 0.871436 0.804305 0.795753 0.567945 0.577137 0.459177 0.720219 0.815452 0.791751 0.738896 0.905358 0.760652 0.697271 0.741362 0.798189 0.925146 0.896135 0.901679 0.737318 0.831204 0.830473 0.914579 0.946966 0.794347 0.938327 0.558368 0.487277 0.978087 0.951756 0.856936 0.788322 0.853041 0.827639 0.949442 0.903335 0.958537 0.890498 0.867824 0.817662 0.809500 0.821580 0.859537 0.813402 0.920502 0.819124 0.993248 0.958954 0.983634 0.975137 0.939902 0.895795 0.984732 0.839527 0.739807 0.850343 0.974476 0.886990
0.833430 0.933384 0.731120 0.706995 0.845607 0.921806 0.926961 0.930392 0.755227 0.710387 0.742890 0.772161 0.689595 0.890189 0.764582 0.871958 0.796952 0.781571 0.872182 0.939234 0.808993 0.960997 0.758389 0.638612 0.542057 0.533172 0.869743 0.958066 0.699919 0.837311 0.596104 0.608140 0.953507 0.992810 0.905176 0.841651 0.560946 0.000000 0.560928 0.779293 0.857753 0.892233 0.863920 0.897268 0.859445 0.866032 0.742229 0.919239 0.793366 0.926645 0.993349 0.966681 0.857259 0.910124 0.938654 0.953869 0.963137 0.897866 0.831141 0.880799 0.832013 0.961590 0.665802 0.716326 0.723058 0.722135 0.879380 0.794163 0.848181 0.973367 0.867053 0.809870 0.584410 0.690887 0.849669 0.988365 0.996345 0.755963 0.768028 0.844944 0.969949 0.999142 0.806081 0.989111 0.711907 0.543700 0.969790 0.851451 0.906004 0.755267 0.896486 0.793659 0.995324 0.829061 0.901179 0.898645 0.982186 0.919420 0.786569 0.767621 0.991500 0.772773 0.975262 0.773279 0.977054 0.925084 0.962069 0.963729 0.952082 0.889803 0.932239 0.808415 0.847483 0.876948 0.981965 0.994347
