0.000000 0.380454 0.722080 0.944681 0.712024 0.799754 0.799750 0.808060 0.831723 0.945213 0.606322 0.385758 0.598706 0.534294 0.723237 0.749908 0.545714 0.472172 0.473745 0.380126 0.965040 0.969876 0.730287 0.800876 0.963156 0.636105 0.848339 0.748145 0.572084 0.692975 0.833624 0.911055 0.945578 0.922269 0.925579 0.826898 0.691124 0.908873 0.856655 0.724866 0.975693 0.866889 0.972078 0.997268 0.936888 0.896953 0.770886 0.875695 0.598744 0.746818 0.940967 0.992110 0.945952 0.675665 0.741250 0.916834 0.369135 0.444411 0.650851 0.702913 0.994728 0.702104 0.621240 0.471315 0.854741 0.830503 0.710754 0.675325 0.406876 0.527821 0.873136 0.762637 0.964586 0.767855 0.957835 0.875775 0.950228 0.756895 0.949203 0.926756 0.564923 0.486490 0.628538 0.687485 0.422745 0.719421 0.928035 0.676479 0.736906 0.504983 0.809374 0.706645 0.709922 0.662465 0.997169 0.973453 0.930264 0.958612 0.957991 0.989533 0.808701 0.699536 0.976623 0.896728 0.896858 0.983219 0.992066 0.753078 0.873237 0.929000 0.935753 0.898204 0.886126 0.954757 0.947943 0.962412
0.380454 0.000000 0.511994 0.833654 0.840205 0.654144 0.602438 0.833307 0.696224 0.839632 0.898221 0.413954 0.834358 0.528977 0.737368 0.701327 0.357551 0.332050 0.532880 0.383002 0.892342 0.916316 0.811704 0.837456 0.918007 0.605590 0.862333 0.729002 0.470375 0.512761 0.745931 0.928109 0.934653 0.986633 0.744792 0.822316 0.797083 0.832004 0.854571 0.659063 0.964000 0.911415 0.932711 0.819040 0.886923 0.659944 0.684592 0.750080 0.336938 0.503280 0.832241 0.863901 0.981535 0.690751 0.731513 0.924343 0.285139 0.284854 0.926231 0.813061 0.742831 0.741251 0.785579 0.486718 0.724833 0.684661 0.505872 0.629532 0.609717 0.461804 0.633047 0.501930 0.757857 0.660139 0.947906 0.969048 0.939923 0.767513 0.881880 0.785088 0.422925 0.382587 0.440797 0.510358 0.410287 0.678335 0.956927 0.605386 0.954427 0.711946 0.515122 0.486615 0.480844 0.427512 0.948436 0.958477 0.895696 0.963325 0.869494 0.910508 0.649787 0.536866 0.850439 0.727479 0.770496 0.841954 0.953624 0.645518 0.890097 0.975306 0.922928 0.937227 0.839873 0.963055 0.927177 0.905087
0.722080 0.511994 0.000000 0.444194 0.980697 0.572160 0.342492 0.644829 0.812345 0.959604 0.965995 0.769734 0.775234 0.979449 0.952383 0.963136 0.734236 0.653829 0.993150 0.774395 0.761611 0.864525 0.863941 0.908450 0.862576 0.506087 0.808396 0.893022 0.774440 0.878616 0.440155 0.509788 0.485386 0.583990 0.526495 0.798059 0.942831 0.789054 0.920457 0.909503 0.799200 0.838754 0.642038 0.748032 0.690730 0.894053 0.765792 0.790264 0.627989 0.867886 0.764045 0.789596 0.655514 0.487024 0.877564 0.891379 0.657025 0.541660 0.965799 0.950579 0.533516 0.992629 0.752989 0.920772 0.408147 0.482421 0.328324 0.421733 0.725924 0.716714 0.509572 0.502231 0.557560 0.584301 0.909858 0.909083 0.810063 0.631832 0.968839 0.929486 0.786849 0.692364 0.708601 0.777885 0.799878 0.984997 0.948341 0.996308 0.938244 0.988681 0.457603 0.592635 0.531208 0.601696 0.750043 0.868611 0.706714 0.957953 0.635568 0.597546 0.542552 0.548931 0.640880 0.614911 0.619551 0.611244 0.873700 0.757955 0.977628 0.746543 0.681051 0.808278 0.760315 0.829566 0.733215 0.960550
0.944681 0.833654 0.444194 0.000000 0.990193 0.731539 0.464334 0.439828 0.929798 0.723219 0.951491 0.960781 0.793047 0.701540 0.799171 0.744566 0.951765 0.941429 0.816539 0.915215 0.759738 0.821796 0.644993 0.652210 0.764524 0.536507 0.883601 0.986731 0.934431 0.840043 0.350162 0.436023 0.515055 0.541766 0.701521 0.870321 0.953655 0.868851 0.876523 0.903160 0.717485 0.873421 0.559157 0.644430 0.607633 0.700287 0.641778 0.685332 0.931395 0.870532 0.597904 0.583884 0.562875 0.536115 0.847512 0.871145 0.875306 0.806254 0.960654 0.989994 0.749955 0.886378 0.679681 0.952531 0.512375 0.484209 0.570186 0.571432 0.839234 0.852082 0.600249 0.560591 0.559647 0.670339 0.809515 0.910217 0.628951 0.551739 0.796690 0.865615 0.933881 0.980530 0.949430 0.993027 0.891864 0.687917 0.927493 0.845405 0.890947 0.911756 0.639740 0.806166 0.698288 0.887173 0.636088 0.854082 0.755076 0.872410 0.665630 0.667176 0.712897 0.720534 0.722988 0.779638 0.662829 0.560607 0.855234 0.878501 0.986892 0.881660 0.674344 0.816810 0.671674 0.837889 0.894977 0.928088
0.712024 0.840205 0.980697 0.990193 0.000000 0.931379 0.865921 0.837921 0.852470 0.829973 0.744160 0.735387 0.685298 0.698287 0.591268 0.635766 0.806434 0.814399 0.694133 0.765985 0.952766 0.931790 0.641032 0.590114 0.950603 0.843583 0.716015 0.726810 0.754567 0.735948 0.960904 0.938438 0.761377 0.897031 0.996889 0.882324 0.994020 0.842457 0.947340 0.969054 0.996295 0.960921 0.902016 0.875823 0.868461 0.897800 0.932885 0.846450 0.758694 0.781297 0.833308 0.870598 0.832541 0.999289 0.817747 0.997224 0.836490 0.976777 0.886518 0.990204 0.943315 0.726886 0.875004 0.764419 0.929487 0.996023 0.991919 0.893650 0.800933 0.789098 0.886775 0.997102 0.876638 0.881233 0.971702 0.989260 0.888376 0.861324 0.919705 0.905740 0.800631 0.886977 0.811367 0.819975 0.688381 0.730054 0.766457 0.686846 0.747243 0.811093 0.942284 0.977258 0.928409 0.937007 0.891325 0.931451 0.963228 0.992216 0.910894 0.850747 0.902124 0.994596 0.939310 0.876383 0.897835 0.925118 0.861072 0.962930 0.855613 0.818408 0.956506 0.866298 0.986723 0.954000 0.994512 0.900291
0.799754 0.654144 0.572160 0.731539 0.931379 0.000000 0.504919 0.753758 0.708667 0.876069 0.717708 0.869040 0.852085 0.987441 0.915362 0.877969 0.773688 0.763830 0.912738 0.768396 0.685557 0.981904 0.952614 0.942991 0.921729 0.677964 0.819640 0.872662 0.769888 0.860457 0.691332 0.692443 0.688224 0.798694 0.771457 0.960989 0.927888 0.867186 0.860634 0.969763 0.961621 0.921768 0.766156 0.841202 0.858064 0.982065 0.986466 0.955481 0.740926 0.857229 0.861255 0.890084 0.838108 0.693755 0.955158 0.915489 0.622374 0.549257 0.924603 0.949378 0.553392 0.885361 0.740716 0.994351 0.712215 0.509687 0.530194 0.613860 0.666206 0.712295 0.584645 0.563379 0.800026 0.643134 0.755175 0.779448 0.841852 0.761612 0.972317 0.891094 0.919404 0.780085 0.752519 0.775319 0.825709 0.873702 0.787468 0.902882 0.992095 0.918471 0.622761 0.641350 0.690215 0.657427 0.883205 0.879897 0.803870 0.934422 0.788409 0.703145 0.688052 0.713661 0.717388 0.767920 0.711474 0.769016 0.796488 0.850888 0.982818 0.957021 0.861299 0.804378 0.913735 0.967412 0.752055 0.982475
0.799750 0.602438 0.342492 0.464334 0.865921 0.504919 0.000000 0.509717 0.665610 0.797610 0.875107 0.872845 0.652631 0.852649 0.817912 0.836421 0.769949 0.756926 0.911470 0.742105 0.729786 0.873110 0.840829 0.900403 0.952968 0.564704 0.817852 0.988490 0.935219 0.991170 0.366302 0.478052 0.439922 0.496018 0.548020 0.836568 0.991207 0.737227 0.856650 0.975659 0.842884 0.812453 0.472269 0.572890 0.536137 0.747137 0.748593 0.687945 0.800438 0.993002 0.569438 0.594969 0.518294 0.352599 0.820644 0.965684 0.639175 0.532022 0.906905 0.997108 0.409961 0.868139 0.608901 0.933610 0.483673 0.386657 0.269167 0.346131 0.700633 0.726480 0.460657 0.418718 0.449650 0.464570 0.843532 0.796562 0.624127 0.507280 0.845867 0.944320 0.846108 0.672273 0.769171 0.758686 0.853764 0.956750 0.966761 0.998376 0.949582 0.978663 0.368303 0.470074 0.518624 0.556703 0.664342 0.699501 0.690886 0.763662 0.431389 0.419702 0.430059 0.411627 0.543986 0.504700 0.593112 0.539450 0.921363 0.697560 0.998016 0.760775 0.658797 0.674488 0.701311 0.789242 0.711308 0.938902
0.808060 0.833307 0.644829 0.439828 0.837921 0.753758 0.509717 0.000000 0.916375 0.579006 0.876920 0.613574 0.556817 0.421972 0.653161 0.562134 0.860139 0.899815 0.683508 0.777863 0.834265 0.997164 0.665199 0.692480 0.889794 0.769390 0.909001 0.761442 0.724572 0.760860 0.546983 0.519109 0.547544 0.534982 0.708760 0.949164 0.919415 0.870927 0.806513 0.848839 0.683194 0.895180 0.395030 0.455545 0.417082 0.452953 0.494217 0.510155 0.674329 0.562061 0.465818 0.472541 0.592259 0.640975 0.707065 0.977709 0.911992 0.963273 0.730732 0.729826 0.572818 0.492697 0.459405 0.557515 0.545478 0.457285 0.606851 0.573705 0.898249 0.873581 0.723422 0.766074 0.606652 0.730448 0.790752 0.825524 0.542349 0.715371 0.927845 0.908345 0.813615 0.939407 0.859450 0.996915 0.708997 0.588713 0.994723 0.712621 0.948600 0.689095 0.708506 0.862878 0.790198 0.975847 0.614727 0.799715 0.749468 0.771197 0.496776 0.443138 0.632176 0.784920 0.628976 0.803444 0.669729 0.693886 0.788677 0.869591 0.888701 0.802789 0.626325 0.582633 0.623392 0.754675 0.834522 0.934164
0.831723 0.696224 0.812345 0.929798 0.852470 0.708667 0.665610 0.916375 0.000000 0.838013 0.821104 0.875441 0.817642 0.855968 0.830789 0.952482 0.772279 0.683871 0.882097 0.685973 0.896057 0.985557 0.990673 0.873152 0.884923 0.880548 0.955587 0.999861 0.777549 0.806961 0.898557 0.949453 0.860720 0.978957 0.770164 0.981319 0.921824 0.736662 0.874546 0.852984 0.916805 0.948984 0.920310 0.940921 0.926212 0.971013 0.947687 0.950300 0.836140 0.980291 0.879951 0.808822 0.815594 0.737448 0.937536 0.967192 0.654438 0.607493 0.888160 0.998935 0.722458 0.813228 0.948361 0.891623 0.721523 0.756479 0.644169 0.780673 0.869362 0.904987 0.791292 0.615714 0.724555 0.583826 0.889127 0.954319 0.697003 0.886365 0.872825 0.883382 0.699247 0.634892 0.662472 0.635972 0.821519 0.908300 0.862479 0.783963 0.701751 0.980206 0.531153 0.463961 0.522857 0.501526 0.777432 0.885030 0.827585 0.820768 0.669063 0.681881 0.638990 0.697416 0.689142 0.610551 0.855631 0.839747 0.905547 0.720184 0.974806 0.818165 0.914884 0.679438 0.938430 0.867904 0.843493 0.817809
0.945213 0.839632 0.959604 0.723219 0.829973 0.876069 0.797610 0.579006 0.838013 0.000000 0.939811 0.715718 0.845424 0.654966 0.530405 0.499128 0.829355 0.840055 0.754278 0.808274 0.992266 0.946278 0.578072 0.664679 0.910148 0.976095 0.969246 0.802044 0.734786 0.712882 0.780817 0.746094 0.756876 0.795202 0.895713 0.747155 0.918284 0.994433 0.982990 0.970349 0.805061 0.955470 0.701904 0.736671 0.619648 0.618074 0.733639 0.725696 0.596829 0.566878 0.619411 0.614514 0.733354 0.844914 0.890135 0.998353 0.948911 0.970129 0.972064 0.904820 0.995646 0.619456 0.853463 0.765578 0.888458 0.842067 0.919110 0.956616 0.960998 0.813335 0.857413 0.952500 0.778791 0.860802 0.704891 0.852169 0.668087 0.841773 0.958470 0.793715 0.832409 0.916293 0.773653 0.921119 0.688519 0.649727 0.911406 0.860115 0.989833 0.797567 0.920856 0.889242 0.884771 0.997878 0.746232 0.994422 0.780634 0.866928 0.812718 0.689908 0.821797 0.997144 0.906505 0.891141 0.876233 0.852212 0.894904 0.952854 0.828761 0.966083 0.756499 0.810489 0.903087 0.889499 0.961591 0.816407
0.606322 0.898221 0.965995 0.951491 0.744160 0.717708 0.875107 0.876920 0.821104 0.939811 0.000000 0.690144 0.529112 0.798637 0.869508 0.893997 0.964227 0.885918 0.834188 0.813748 0.943512 0.986147 0.977826 0.951118 0.852845 0.988823 0.945767 0.866072 0.892983 0.989358 0.924321 0.968791 0.892985 0.927886 0.988663 0.848594 0.773027 0.848231 0.864225 0.982152 0.966807 0.960158 0.970036 0.975937 0.888004 0.903024 0.952523 0.989246 0.985104 0.991692 0.975892 0.957363 0.940138 0.864223 0.916109 0.972708 0.931466 0.990343 0.563813 0.688987 0.600175 0.663908 0.680917 0.649184 0.888568 0.806021 0.883758 0.990433 0.800710 0.821773 0.938427 0.954712 0.880952 0.949435 0.826515 0.950438 0.896482 0.904050 0.853945 0.938770 0.947317 0.917701 0.947413 0.964435 0.817787 0.877727 0.882442 0.996517 0.664830 0.673136 0.806802 0.904859 0.947591 0.868994 0.963262 0.993143 0.915897 0.934198 0.819039 0.821473 0.905059 0.929945 0.783538 0.892546 0.863366 0.960490 0.862555 0.967920 0.970623 0.772011 0.883143 0.809034 0.951676 0.868734 0.860515 0.954982
0.385758 0.413954 0.769734 0.960781 0.735387 0.869040 0.872845 0.613574 0.875441 0.715718 0.690144 0.000000 0.538248 0.373222 0.554783 0.508379 0.550792 0.547009 0.524350 0.423892 0.919369 0.952203 0.636649 0.639492 0.891177 0.705060 0.889280 0.682492 0.498234 0.622251 0.887266 0.991917 0.944761 0.986291 0.904786 0.721588 0.716262 0.916473 0.938527 0.731959 0.914221 0.930730 0.894257 0.882569 0.889226 0.735794 0.735972 0.783728 0.438346 0.570444 0.807909 0.848733 0.986728 0.748531 0.806187 0.986090 0.540373 0.580367 0.711041 0.723538 0.930382 0.429941 0.636751 0.430283 0.995776 0.924119 0.752907 0.772377 0.590094 0.525399 0.851825 0.780168 0.955814 0.881922 0.858093 0.969349 0.887128 0.772088 0.981412 0.935359 0.596593 0.584113 0.617634 0.779677 0.381714 0.545150 0.801249 0.578279 0.807662 0.546302 0.807571 0.735767 0.728717 0.679552 0.963992 0.928143 0.941837 0.966016 0.969877 0.878745 0.888841 0.708004 0.933515 0.852218 0.976149 0.972064 0.973907 0.799964 0.850276 0.959696 0.869826 0.820942 0.938596 0.972976 0.971128 0.799125
0.598706 0.834358 0.775234 0.793047 0.685298 0.852085 0.652631 0.556817 0.817642 0.845424 0.529112 0.538248 0.000000 0.500166 0.571097 0.589127 0.855259 0.902832 0.579444 0.701683 0.978314 0.917275 0.630007 0.778049 0.952247 0.946220 0.993055 0.848956 0.731082 0.779717 0.782917 0.738148 0.648996 0.833037 0.807171 0.950863 0.803738 0.766868 0.863327 0.948653 0.872571 0.984872 0.730340 0.771467 0.743487 0.782274 0.648851 0.753370 0.813203 0.782950 0.700645 0.734077 0.747263 0.843045 0.660753 0.985830 0.824415 0.939003 0.665926 0.808681 0.559709 0.536176 0.603445 0.571037 0.783490 0.712888 0.752303 0.864483 0.751190 0.836902 0.705577 0.855667 0.670427 0.761314 0.809698 0.930248 0.761768 0.884459 0.995931 0.927680 0.920001 0.940857 0.855529 0.962130 0.693569 0.810672 0.773644 0.784234 0.663362 0.651119 0.728643 0.841773 0.853914 0.928995 0.864079 0.806303 0.813722 0.797145 0.614082 0.584476 0.686018 0.878044 0.690676 0.794808 0.718441 0.812799 0.893036 0.986005 0.956189 0.664090 0.629948 0.623500 0.760663 0.865098 0.783202 0.962781
0.534294 0.528977 0.979449 0.701540 0.698287 0.987441 0.852649 0.421972 0.855968 0.654966 0.798637 0.373222 0.500166 0.000000 0.482518 0.379475 0.606715 0.568209 0.412408 0.444649 0.941208 0.895189 0.461027 0.485543 0.929972 0.831020 0.911247 0.811658 0.447758 0.464987 0.793344 0.601404 0.667119 0.683329 0.984033 0.903852 0.808976 0.929391 0.852264 0.685332 0.782994 0.962545 0.576919 0.600122 0.609798 0.551912 0.503980 0.594210 0.452250 0.499425 0.513798 0.598678 0.710640 0.920772 0.625743 0.929789 0.615145 0.712911 0.902247 0.861933 0.897800 0.528970 0.557255 0.495240 0.887298 0.737638 0.946167 0.991759 0.788055 0.654495 0.943493 0.910107 0.791404 0.904002 0.791977 0.871444 0.779439 0.970771 0.908211 0.790311 0.573596 0.581141 0.516189 0.775296 0.365705 0.377426 0.862104 0.473549 0.964098 0.627113 0.912087 0.739282 0.795632 0.632656 0.875378 0.879128 0.979185 0.930040 0.878219 0.716022 0.969022 0.887903 0.965831 0.970448 0.900211 0.906820 0.849689 0.867305 0.940072 0.894848 0.847824 0.731533 0.760355 0.873705 0.970051 0.802813
0.723237 0.737368 0.952383 0.799171 0.591268 0.915362 0.817912 0.653161 0.830789 0.530405 0.869508 0.554783 0.571097 0.482518 0.000000 0.392200 0.640375 0.661474 0.483964 0.617381 0.959505 0.964991 0.411243 0.574368 0.959449 0.879397 0.962892 0.848191 0.607798 0.553917 0.745493 0.687260 0.599805 0.695033 0.957991 0.906908 0.786885 0.759492 0.989426 0.920489 0.952536 0.954911 0.652006 0.682429 0.634823 0.597911 0.645068 0.606162 0.568575 0.534577 0.505191 0.504908 0.564804 0.750941 0.699832 0.938139 0.770934 0.918691 0.947408 0.814649 0.966241 0.657167 0.766649 0.691981 0.851675 0.895125 0.983201 0.922147 0.714208 0.786185 0.816329 0.978550 0.699759 0.685642 0.737535 0.919119 0.698912 0.924793 0.914217 0.773785 0.691284 0.768354 0.635377 0.891346 0.450441 0.593630 0.660746 0.690835 0.795442 0.733356 0.955588 0.921232 0.974952 0.924419 0.827083 0.988502 0.875803 0.809741 0.850302 0.667060 0.893244 0.944031 0.914221 0.770308 0.874732 0.881299 0.859969 0.938565 0.874496 0.876925 0.811527 0.696098 0.759814 0.763873 0.762822 0.950789
0.749908 0.701327 0.963136 0.744566 0.635766 0.877969 0.836421 0.562134 0.952482 0.499128 0.893997 0.508379 0.589127 0.379475 0.392200 0.000000 0.735737 0.699045 0.512416 0.622597 0.936126 0.918678 0.396680 0.420526 0.985458 0.807740 0.948141 0.769185 0.490005 0.496555 0.796497 0.663521 0.717805 0.823273 0.948035 0.775739 0.954395 0.999207 0.925691 0.888022 0.838678 0.977982 0.675525 0.691195 0.646080 0.599717 0.680535 0.719211 0.495764 0.588111 0.591427 0.623467 0.699854 0.855603 0.729334 0.888634 0.827410 0.879746 0.929081 0.866956 0.973285 0.599237 0.810650 0.748158 0.970858 0.809500 0.932680 0.939478 0.879474 0.776829 0.908461 0.956682 0.806800 0.791852 0.704392 0.885708 0.769127 0.925045 0.872667 0.806775 0.722320 0.780350 0.573015 0.852032 0.510948 0.467259 0.756699 0.576356 0.965226 0.794445 0.913641 0.916751 0.880039 0.747193 0.898478 0.832898 0.946045 0.811861 0.938115 0.774615 0.976737 0.880030 0.884419 0.971939 0.933932 0.995074 0.985341 0.879020 0.884383 0.972020 0.882639 0.837390 0.833392 0.884222 0.965582 0.835563
0.545714 0.357551 0.734236 0.951765 0.806434 0.773688 0.769949 0.860139 0.772279 0.829355 0.964227 0.550792 0.855259 0.606715 0.640375 0.735737 0.000000 0.382382 0.540290 0.413918 0.896554 0.955339 0.744044 0.774355 0.850299 0.718631 0.857062 0.868987 0.481366 0.437330 0.937118 0.922283 0.914390 0.890725 0.947500 0.817541 0.813357 0.871416 0.871633 0.622487 0.976729 0.999426 0.881666 0.828825 0.815066 0.639071 0.703391 0.713259 0.493574 0.535529 0.786943 0.869002 0.925207 0.837491 0.712729 0.963538 0.333666 0.410353 0.904939 0.952059 0.761390 0.853208 0.793748 0.547783 0.825802 0.723520 0.651675 0.728720 0.689010 0.487307 0.804075 0.604863 0.882062 0.697375 0.849233 0.997265 0.910390 0.870721 0.723036 0.770413 0.349221 0.411984 0.521448 0.457065 0.441510 0.700008 0.861931 0.611555 0.955323 0.795372 0.582068 0.577813 0.544484 0.553145 0.957352 0.986424 0.952773 0.952210 0.837285 0.965928 0.747765 0.618062 0.877039 0.918427 0.847917 0.903231 0.913029 0.612415 0.950013 0.989669 0.951598 0.997576 0.804130 0.892444 0.971625 0.887543
0.472172 0.332050 0.653829 0.941429 0.814399 0.763830 0.756926 0.899815 0.683871 0.840055 0.885918 0.547009 0.902832 0.568209 0.661474 0.699045 0.382382 0.000000 0.422294 0.408474 0.973493 0.998376 0.742327 0.758966 0.846044 0.677792 0.832217 0.796039 0.495706 0.395859 0.884825 0.972122 0.957534 0.909511 0.735976 0.837838 0.803477 0.912239 0.801331 0.677221 0.966095 0.964526 0.887380 0.804006 0.871509 0.684535 0.705436 0.725122 0.469372 0.574357 0.780540 0.830901 0.855923 0.862508 0.762789 0.911696 0.338495 0.425358 0.873173 0.991305 0.706059 0.972823 0.758705 0.583159 0.750155 0.711415 0.589893 0.664911 0.643908 0.607458 0.744265 0.657747 0.926333 0.769847 0.934031 0.985775 0.875055 0.878042 0.718797 0.611028 0.353719 0.358592 0.415319 0.492305 0.432779 0.684898 0.958474 0.607702 0.975114 0.795021 0.581799 0.590831 0.496340 0.531285 0.968178 0.966561 0.879686 0.930842 0.841308 0.922557 0.643547 0.636740 0.778581 0.838781 0.827467 0.888554 0.976603 0.670591 0.944711 0.997899 0.913876 0.949781 0.776652 0.906603 0.979151 0.995556
0.473745 0.532880 0.993150 0.816539 0.694133 0.912738 0.911470 0.683508 0.882097 0.754278 0.834188 0.524350 0.579444 0.412408 0.483964 0.512416 0.540290 0.422294 0.000000 0.433977 0.935626 0.981409 0.449087 0.559709 0.904626 0.717098 0.903104 0.887525 0.517682 0.462280 0.877432 0.726491 0.688150 0.814694 0.994301 0.887781 0.762450 0.946562 0.823009 0.782332 0.863740 0.964620 0.696129 0.704941 0.724283 0.648781 0.543435 0.646139 0.531853 0.602832 0.611921 0.714290 0.695596 0.920434 0.638131 0.978719 0.459636 0.626656 0.972816 0.934352 0.931490 0.834151 0.661795 0.600753 0.975430 0.945944 0.882875 0.862055 0.605015 0.673766 0.930931 0.932106 0.824266 0.987674 0.932374 0.865715 0.774683 0.987021 0.836560 0.730158 0.565842 0.542742 0.468165 0.653658 0.394608 0.580941 0.805709 0.569861 0.869001 0.681702 0.902373 0.843162 0.769867 0.738485 0.941357 0.831866 0.945032 0.833193 0.909786 0.801392 0.910631 0.820323 0.978285 0.971524 0.996756 0.857592 0.994187 0.737939 0.917302 0.923198 0.875156 0.824867 0.666010 0.804316 0.984159 0.991244
0.380126 0.383002 0.774395 0.915215 0.765985 0.768396 0.742105 0.777863 0.685973 0.808274 0.813748 0.423892 0.701683 0.444649 0.617381 0.622597 0.413918 0.408474 0.433977 0.000000 0.970649 0.967456 0.542068 0.578922 0.954011 0.696789 0.848087 0.834065 0.487771 0.521180 0.949376 0.986421 0.878240 0.974251 0.864272 0.806121 0.772355 0.987104 0.883501 0.677157 0.903737 0.871884 0.928376 0.918319 0.879692 0.710467 0.674661 0.753591 0.486336 0.527589 0.799256 0.883929 0.936364 0.760482 0.666533 0.893251 0.320719 0.402729 0.893391 0.858526 0.789780 0.742119 0.788548 0.562962 0.881106 0.792168 0.654453 0.687918 0.470002 0.515627 0.884372 0.633437 0.951914 0.708957 0.874677 0.981664 0.904709 0.812368 0.957651 0.902022 0.503472 0.391420 0.465361 0.499507 0.351255 0.572506 0.903159 0.554809 0.891750 0.576254 0.646163 0.556753 0.646017 0.523801 0.931983 0.984097 0.994258 0.994901 0.869842 0.934119 0.752150 0.614226 0.832413 0.813866 0.953664 0.980634 0.899578 0.706905 0.988300 0.995556 0.909371 0.995243 0.852248 0.948652 0.946737 0.884160
0.965040 0.892342 0.761611 0.759738 0.952766 0.685557 0.729786 0.834265 0.896057 0.992266 0.943512 0.919369 0.978314 0.941208 0.959505 0.936126 0.896554 0.973493 0.935626 0.970649 0.000000 0.908501 0.943817 0.880392 0.860630 0.756131 0.992974 0.979039 0.919569 0.914157 0.643711 0.759744 0.858651 0.897836 0.874890 0.931100 0.879207 0.996281 0.786869 0.881175 0.877735 0.971703 0.857117 0.917343 0.988298 0.959008 0.951436 0.933146 0.861347 0.761622 0.925518 0.916680 0.874373 0.773106 0.974816 0.977457 0.870070 0.841395 0.953279 0.985294 0.857164 0.835677 0.783019 0.979671 0.994404 0.799984 0.869568 0.866710 0.916311 0.855946 0.717487 0.798119 0.757935 0.708820 0.860749 0.762721 0.970204 0.895024 0.859324 0.844723 0.976055 0.974563 0.942436 0.919290 0.897939 0.962229 0.748716 0.936025 0.890374 0.890412 0.811485 0.902232 0.881957 0.981801 0.861608 0.850753 0.838621 0.983694 0.836396 0.992016 0.900476 0.872247 0.929340 0.870483 0.917307 0.918514 0.836967 0.910474 0.984989 0.980032 0.985131 0.924934 0.924358 0.918026 0.990337 0.927154
0.969876 0.916316 0.864525 0.821796 0.931790 0.981904 0.873110 0.997164 0.985557 0.946278 0.986147 0.952203 0.917275 0.895189 0.964991 0.918678 0.955339 0.998376 0.981409 0.967456 0.908501 0.000000 0.973117 0.979479 0.920699 0.720337 0.878683 0.975090 0.919163 0.899265 0.842401 0.998538 0.837534 0.792420 0.934213 0.757672 0.928003 0.794101 0.998677 0.988836 0.913148 0.959425 0.994898 0.980865 0.960959 0.972148 0.920895 0.906286 0.869223 0.923011 0.890902 0.933917 0.849013 0.873143 0.931077 0.834154 0.982398 0.960053 0.979383 0.961971 0.990467 0.944068 0.958322 0.971160 0.933742 0.963476 0.876185 0.924234 0.937069 0.910856 0.887583 0.967876 0.975868 0.979704 0.773314 0.943732 0.883852 0.889186 0.908258 0.977965 0.954093 0.955011 0.959221 0.862472 0.991428 0.935409 0.826040 0.957601 0.948820 0.952933 0.896500 0.927512 0.920394 0.928506 0.991857 0.954605 0.894490 0.921772 0.958706 0.977747 0.902645 0.969076 0.899597 0.988522 0.920101 0.824976 0.900420 0.947808 0.928323 0.882110 0.875816 0.970632 0.976922 0.947060 0.817291 0.874713
0.730287 0.811704 0.863941 0.644993 0.641032 0.952614 0.840829 0.665199 0.990673 0.578072 0.977826 0.636649 0.630007 0.461027 0.411243 0.396680 0.744044 0.742327 0.449087 0.542068 0.943817 0.973117 0.000000 0.360753 0.926368 0.884185 0.812378 0.969822 0.630403 0.568330 0.704295 0.660382 0.638714 0.823242 0.997918 0.897060 0.863442 0.909776 0.997811 0.938468 0.796132 0.970891 0.836671 0.890581 0.771805 0.763708 0.745931 0.811755 0.692138 0.676192 0.684153 0.720938 0.699280 0.871103 0.815814 0.774992 0.754172 0.871740 0.847257 0.759571 0.853328 0.797845 0.932395 0.874595 0.922443 0.939476 0.956573 0.858515 0.685999 0.794682 0.720625 0.942294 0.666698 0.820693 0.832923 0.902474 0.812779 0.947428 0.994066 0.917255 0.780761 0.686137 0.604643 0.795505 0.487333 0.519646 0.752656 0.558366 0.952391 0.788389 0.995356 0.966191 0.994597 0.805823 0.823402 0.842281 0.815445 0.986516 0.961509 0.872862 0.962944 0.896344 0.878714 0.894992 0.935264 0.878987 0.935674 0.916974 0.924953 0.992825 0.805833 0.938215 0.829205 0.914966 0.896954 0.884825
0.800876 0.837456 0.908450 0.652210 0.590114 0.942991 0.900403 0.692480 0.873152 0.664679 0.951118 0.639492 0.778049 0.485543 0.574368 0.420526 0.774355 0.758966 0.559709 0.578922 0.880392 0.979479 0.360753 0.000000 0.903847 0.938057 0.897648 0.957378 0.641294 0.601545 0.767370 0.706052 0.746356 0.857712 0.996204 0.764454 0.991412 0.969227 0.890535 0.846585 0.733327 0.870075 0.866369 0.889586 0.819615 0.788108 0.839813 0.876784 0.712141 0.745990 0.776624 0.845056 0.842999 0.971773 0.848392 0.977005 0.833696 0.905265 0.880478 0.877649 0.875016 0.793442 0.875744 0.857492 0.986042 0.889490 0.922841 0.905773 0.871963 0.814576 0.831314 0.961045 0.894390 0.951524 0.834603 0.891130 0.866722 0.940886 0.950607 0.876475 0.723741 0.697473 0.665080 0.720950 0.539884 0.452222 0.857540 0.525122 0.972918 0.768741 0.884790 0.821871 0.850902 0.701911 0.961581 0.881096 0.976309 0.949440 0.928456 0.968419 0.889849 0.882345 0.800975 0.913472 0.962763 0.964891 0.988381 0.894104 0.975727 0.856254 0.947138 0.983251 0.997735 0.961143 0.770055 0.820290
0.963156 0.918007 0.862576 0.764524 0.950603 0.921729 0.952968 0.889794 0.884923 0.910148 0.852845 0.891177 0.952247 0.929972 0.959449 0.985458 0.850299 0.846044 0.904626 0.954011 0.860630 0.920699 0.926368 0.903847 0.000000 0.734748 0.953346 0.901461 0.862597 0.905743 0.788802 0.737383 0.907577 0.818219 0.899660 0.854953 0.988626 0.899901 0.803413 0.923721 0.957299 0.814512 0.871500 0.832310 0.881120 0.873541 0.712347 0.859083 0.942005 0.961803 0.868783 0.773198 0.739090 0.813882 0.912896 0.887645 0.878634 0.938242 0.788278 0.928441 0.878924 0.767986 0.897002 0.981741 0.924791 0.976859 0.995704 0.989217 0.776585 0.945847 0.810122 0.965954 0.919682 0.923903 0.970258 0.840999 0.858048 0.879950 0.874325 0.741766 0.748001 0.730409 0.884494 0.932933 0.920399 0.830645 0.933021 0.883789 0.960381 0.865614 0.956323 0.870274 0.990590 0.859249 0.896196 0.965301 0.978029 0.968551 0.940658 0.963882 0.935220 0.907317 0.930168 0.987550 0.998525 0.991531 0.861006 0.928653 0.892315 0.938146 0.978646 0.942595 0.708834 0.866988 0.925953 0.879785
0.636105 0.605590 0.506087 0.536507 0.843583 0.677964 0.564704 0.769390 0.880548 0.976095 0.988823 0.705060 0.946220 0.831020 0.879397 0.807740 0.718631 0.677792 0.717098 0.696789 0.756131 0.720337 0.884185 0.938057 0.734748 0.000000 0.777184 0.943860 0.707371 0.795606 0.506732 0.713147 0.707403 0.639369 0.632411 0.689678 0.921204 0.849009 0.929881 0.874312 0.905108 0.860965 0.785568 0.816266 0.799527 0.934529 0.868209 0.875090 0.656773 0.848419 0.850308 0.783075 0.763402 0.583283 0.930490 0.952827 0.603160 0.616644 0.981497 0.933616 0.681955 0.914063 0.850104 0.867685 0.550183 0.579184 0.506597 0.490697 0.669961 0.722606 0.671440 0.681343 0.714452 0.694832 0.983214 0.895305 0.819804 0.642096 0.939539 0.875624 0.832683 0.785920 0.706336 0.844610 0.737412 0.922238 0.789890 0.813626 0.990185 0.879433 0.594832 0.708452 0.608152 0.703726 0.683419 0.975027 0.795080 0.898702 0.707504 0.777424 0.699074 0.617571 0.643962 0.766856 0.651804 0.732758 0.919819 0.774635 0.939521 0.924891 0.761161 0.817959 0.878155 0.918865 0.780409 0.928134
0.848339 0.862333 0.808396 0.883601 0.716015 0.819640 0.817852 0.909001 0.955587 0.969246 0.945767 0.889280 0.993055 0.911247 0.962892 0.948141 0.857062 0.832217 0.903104 0.848087 0.992974 0.878683 0.812378 0.897648 0.953346 0.777184 0.000000 0.908429 0.990912 0.944364 0.840199 0.846507 0.839965 0.736269 0.744565 0.897948 0.965669 0.970353 0.987071 0.961934 0.953879 0.957138 0.805314 0.767652 0.807396 0.838940 0.878530 0.810990 0.891283 0.911600 0.903341 0.917834 0.902829 0.827441 0.921922 0.824012 0.817981 0.896306 0.946507 0.968745 0.747574 0.967022 0.785918 0.910508 0.745639 0.801723 0.725938 0.623636 0.828655 0.848670 0.868638 0.896437 0.968475 0.913792 0.940931 0.996988 0.965498 0.815684 0.929172 0.980415 0.918266 0.841564 0.803852 0.926156 0.904008 0.890614 0.939326 0.853318 0.896682 0.935913 0.972758 0.945173 0.903638 0.919038 0.886340 0.996855 0.933257 0.907724 0.898974 0.841141 0.909441 0.933418 0.775269 0.955959 0.825811 0.847820 0.940248 0.917247 0.705383 0.856949 0.906713 0.874722 0.917894 0.731477 0.789527 0.902969
0.748145 0.729002 0.893022 0.986731 0.726810 0.872662 0.988490 0.761442 0.999861 0.802044 0.866072 0.682492 0.848956 0.811658 0.848191 0.769185 0.868987 0.796039 0.887525 0.834065 0.979039 0.975090 0.969822 0.957378 0.901461 0.943860 0.908429 0.000000 0.914724 0.875016 0.916686 0.901824 0.985749 0.971497 0.912074 0.815856 0.970537 0.975782 0.910971 0.946327 0.995796 0.993472 0.918060 0.897815 0.898380 0.861603 0.960193 0.853359 0.753041 0.842120 0.934061 0.893960 0.999464 0.915567 0.952638 0.920649 0.860135 0.878874 0.828933 0.881198 0.892226 0.789706 0.785669 0.773454 0.907194 0.961056 0.946620 0.896483 0.988904 0.875889 0.968357 0.959712 0.975260 0.971160 0.977071 0.900897 0.894795 0.873602 0.998648 0.846239 0.799250 0.954320 0.931152 0.996809 0.859859 0.856717 0.933701 0.985980 0.849369 0.912121 0.987045 0.990288 0.963700 0.962475 0.990841 0.950389 0.950049 0.811115 0.893295 0.867051 0.862504 0.943741 0.924305 0.811289 0.896803 0.854192 0.993755 0.946748 0.932709 0.975082 0.966362 0.843213 0.839409 0.984251 0.999674 0.946563
0.572084 0.470375 0.774440 0.934431 0.754567 0.769888 0.935219 0.724572 0.777549 0.734786 0.892983 0.498234 0.731082 0.447758 0.607798 0.490005 0.481366 0.495706 0.517682 0.487771 0.919569 0.919163 0.630403 0.641294 0.862597 0.707371 0.990912 0.914724 0.000000 0.375744 0.905438 0.818541 0.790600 0.758728 0.903659 0.858046 0.765303 0.925381 0.924675 0.683198 0.990903 0.961510 0.750476 0.674161 0.717208 0.570045 0.703805 0.653275 0.448521 0.547436 0.676300 0.774394 0.840753 0.947661 0.672297 0.869816 0.517076 0.554015 0.955147 0.927728 0.905969 0.672209 0.731953 0.530354 0.892159 0.942597 0.767393 0.873443 0.657400 0.512911 0.799139 0.745419 0.993952 0.897947 0.850964 0.899949 0.902013 0.970934 0.705946 0.804798 0.471436 0.531065 0.489310 0.548857 0.397656 0.598899 0.806830 0.544447 0.946329 0.774152 0.708985 0.632432 0.603497 0.564183 0.912352 0.963308 0.945349 0.957791 0.948162 0.888062 0.819456 0.813970 0.896004 0.897385 0.925298 0.911372 0.973397 0.738103 0.877932 0.989322 0.981134 0.985811 0.845816 0.908120 0.976159 0.845161
0.692975 0.512761 0.878616 0.840043 0.735948 0.860457 0.991170 0.760860 0.806961 0.712882 0.989358 0.622251 0.779717 0.464987 0.553917 0.496555 0.437330 0.395859 0.462280 0.521180 0.914157 0.899265 0.568330 0.601545 0.905743 0.795606 0.944364 0.875016 0.375744 0.000000 0.865221 0.698879 0.693190 0.660914 0.865369 0.968261 0.867823 0.954258 0.899374 0.640163 0.957355 0.926700 0.730047 0.660931 0.642726 0.565933 0.633051 0.625960 0.506701 0.568609 0.602152 0.719889 0.731390 0.921897 0.630076 0.898117 0.543729 0.629170 0.742485 0.858082 0.829302 0.852806 0.751731 0.600061 0.875210 0.937227 0.792512 0.899042 0.815860 0.626195 0.894744 0.771642 0.947005 0.931853 0.848300 0.976770 0.872035 0.927053 0.552590 0.619004 0.392246 0.481250 0.435871 0.491557 0.433332 0.576212 0.796960 0.534078 0.893651 0.912239 0.653832 0.637011 0.548889 0.547543 0.949463 0.938678 0.942713 0.966093 0.868391 0.969330 0.822346 0.765274 0.816133 0.912597 0.906443 0.945422 0.985388 0.698601 0.964301 0.940496 0.978390 0.999911 0.701077 0.822407 0.974501 0.886021
0.833624 0.745931 0.440155 0.350162 0.960904 0.691332 0.366302 0.546983 0.898557 0.780817 0.924321 0.887266 0.782917 0.793344 0.745493 0.796497 0.937118 0.884825 0.877432 0.949376 0.643711 0.842401 0.704295 0.767370 0.788802 0.506732 0.840199 0.916686 0.905438 0.865221 0.000000 0.401625 0.437523 0.417815 0.616609 0.823805 0.966062 0.814480 0.847464 0.921604 0.824316 0.858909 0.453991 0.575518 0.546598 0.670504 0.676507 0.628824 0.878873 0.926475 0.518961 0.501741 0.458824 0.358048 0.802947 0.974791 0.794924 0.708534 0.908952 0.911252 0.708750 0.987400 0.662888 0.970841 0.562510 0.540954 0.501522 0.491973 0.812508 0.759258 0.455761 0.578110 0.461234 0.511765 0.851238 0.791879 0.671028 0.462601 0.722879 0.807324 0.954463 0.925603 0.990996 0.954072 0.967612 0.828608 0.935819 0.881015 0.927929 0.954767 0.556141 0.721052 0.660933 0.845731 0.620122 0.839185 0.698281 0.805875 0.587470 0.583015 0.606749 0.540150 0.618239 0.629130 0.616171 0.605623 0.855494 0.802636 0.964719 0.888967 0.672670 0.834467 0.660227 0.761210 0.758278 0.942108
0.911055 0.928109 0.509788 0.436023 0.938438 0.692443 0.478052 0.519109 0.949453 0.746094 0.968791 0.991917 0.738148 0.601404 0.687260 0.663521 0.922283 0.972122 0.726491 0.986421 0.759744 0.998538 0.660382 0.706052 0.737383 0.713147 0.846507 0.901824 0.818541 0.698879 0.401625 0.000000 0.474160 0.415021 0.657618 0.819730 0.994866 0.904784 0.817920 0.839559 0.857063 0.870378 0.438192 0.493713 0.511952 0.598692 0.546272 0.594868 0.958047 0.840091 0.485296 0.512805 0.452213 0.477215 0.742366 0.898409 0.929447 0.822733 0.792941 0.830872 0.768183 0.881555 0.635353 0.837303 0.649569 0.578001 0.618353 0.589782 0.774432 0.903055 0.608067 0.706571 0.555759 0.604453 0.731300 0.814435 0.749751 0.500689 0.734950 0.756426 0.789384 0.926965 0.815485 0.985967 0.801617 0.680458 0.967795 0.750102 0.805168 0.972298 0.767783 0.896474 0.866097 0.968810 0.704332 0.763462 0.839503 0.912044 0.714775 0.579685 0.792430 0.704883 0.718906 0.686064 0.722559 0.651636 0.807999 0.925003 0.973540 0.830673 0.786978 0.740433 0.603484 0.768044 0.699588 0.809857
0.945578 0.934653 0.485386 0.515055 0.761377 0.688224 0.439922 0.547544 0.860720 0.756876 0.892985 0.944761 0.648996 0.667119 0.599805 0.717805 0.914390 0.957534 0.688150 0.878240 0.858651 0.837534 0.638714 0.746356 0.907577 0.707403 0.839965 0.985749 0.790600 0.693190 0.437523 0.474160 0.000000 0.432701 0.642528 0.800438 0.796664 0.750347 0.766181 0.824937 0.847079 0.897473 0.491418 0.519922 0.477275 0.557950 0.602156 0.534668 0.960799 0.758783 0.444626 0.527657 0.463857 0.498172 0.651616 0.989641 0.996515 0.874676 0.967281 0.906260 0.702750 0.823965 0.622707 0.754639 0.538954 0.651114 0.522681 0.545683 0.978970 0.921010 0.605900 0.685625 0.541289 0.688726 0.810989 0.904420 0.640293 0.554206 0.856044 0.839283 0.844635 0.957295 0.934848 0.888851 0.766736 0.754350 0.969529 0.755146 0.875780 0.845604 0.686679 0.789255 0.818144 0.898442 0.644834 0.884797 0.651004 0.729205 0.614986 0.575241 0.676892 0.678758 0.636017 0.606302 0.686582 0.550269 0.987289 0.909582 0.954133 0.799415 0.644590 0.611362 0.580232 0.777780 0.686728 0.995076
0.922269 0.986633 0.583990 0.541766 0.897031 0.798694 0.496018 0.534982 0.978957 0.795202 0.927886 0.986291 0.833037 0.683329 0.695033 0.823273 0.890725 0.909511 0.814694 0.974251 0.897836 0.792420 0.823242 0.857712 0.818219 0.639369 0.736269 0.971497 0.758728 0.660914 0.417815 0.415021 0.432701 0.000000 0.671255 0.690191 0.930322 0.792922 0.843957 0.787127 0.832241 0.803655 0.385581 0.405104 0.405343 0.469681 0.518223 0.446445 0.880508 0.725521 0.426441 0.471734 0.464047 0.471820 0.656052 0.842515 0.996632 0.928897 0.960324 0.987461 0.711851 0.859714 0.548460 0.722093 0.554859 0.598994 0.578610 0.469375 0.863562 0.969076 0.740918 0.823009 0.654452 0.702825 0.854816 0.851124 0.713573 0.579405 0.700557 0.787450 0.745949 0.914540 0.861967 0.833421 0.782247 0.756618 0.988958 0.736319 0.935748 0.999998 0.795279 0.947573 0.930519 0.995258 0.664873 0.928237 0.820250 0.794119 0.672601 0.602823 0.732240 0.723720 0.676571 0.750105 0.749553 0.656891 0.905624 0.948000 0.962293 0.768419 0.772656 0.721314 0.585657 0.719732 0.590100 0.943332
0.925579 0.744792 0.526495 0.701521 0.996889 0.771457 0.548020 0.708760 0.770164 0.895713 0.988663 0.904786 0.807171 0.984033 0.957991 0.948035 0.947500 0.735976 0.994301 0.864272 0.874890 0.934213 0.997918 0.996204 0.899660 0.632411 0.744565 0.912074 0.903659 0.865369 0.616609 0.657618 0.642528 0.671255 0.000000 0.844445 0.956643 0.826626 0.936317 0.912251 0.946641 0.808380 0.669596 0.760828 0.712723 0.811512 0.742196 0.767401 0.774796 0.932494 0.784510 0.821247 0.752113 0.671814 0.818273 0.964142 0.864972 0.828245 0.794754 0.803548 0.562687 0.907304 0.694699 0.918615 0.554560 0.626702 0.439770 0.475183 0.906956 0.909246 0.724916 0.679442 0.746044 0.795915 0.993432 0.921567 0.787358 0.785248 0.964063 0.830896 0.888794 0.777700 0.751562 0.844609 0.918342 0.978466 0.900784 0.972819 0.847277 0.954975 0.617476 0.730886 0.658290 0.752287 0.720483 0.851967 0.719161 0.757071 0.621232 0.624640 0.637786 0.639159 0.627552 0.640046 0.546178 0.661791 0.936065 0.829484 0.974486 0.907557 0.796785 0.717276 0.833205 0.766650 0.726501 0.867509
0.826898 0.822316 0.798059 0.870321 0.882324 0.960989 0.836568 0.949164 0.981319 0.747155 0.848594 0.721588 0.950863 0.903852 0.906908 0.775739 0.817541 0.837838 0.887781 0.806121 0.931100 0.757672 0.897060 0.764454 0.854953 0.689678 0.897948 0.815856 0.858046 0.968261 0.823805 0.819730 0.800438 0.690191 0.844445 0.000000 0.984376 0.802759 0.948704 0.964665 0.958379 0.929992 0.900613 0.896622 0.887887 0.982813 0.876279 0.965137 0.820190 0.859495 0.952364 0.934957 0.823459 0.775952 0.991999 0.945691 0.913488 0.910927 0.867344 0.902055 0.943143 0.842789 0.960951 0.835506 0.802173 0.900592 0.792586 0.745701 0.954515 0.838324 0.985400 0.911994 0.932087 0.870475 0.903460 0.896686 0.928294 0.694617 0.986896 0.955807 0.885225 0.952834 0.955868 0.971026 0.865392 0.842580 0.921360 0.959938 0.813540 0.863226 0.898353 0.988340 0.902774 0.931440 0.961851 0.895550 0.913572 0.988918 0.931411 0.953215 0.965577 0.830075 0.842569 0.885521 0.883441 0.872540 0.895442 0.969648 0.836468 0.873873 0.957331 0.913280 0.753795 0.865999 0.779309 0.950840
0.691124 0.797083 0.942831 0.953655 0.994020 0.927888 0.991207 0.919415 0.921824 0.918284 0.773027 0.716262 0.803738 0.808976 0.786885 0.954395 0.813357 0.803477 0.762450 0.772355 0.879207 0.928003 0.863442 0.991412 0.988626 0.921204 0.965669 0.970537 0.765303 0.867823 0.966062 0.994866 0.796664 0.930322 0.956643 0.984376 0.000000 0.807133 0.906611 0.792461 0.876939 0.988466 0.996710 0.914321 0.987155 0.895251 0.856760 0.856746 0.896383 0.835418 0.822898 0.865736 0.922985 0.954061 0.802818 0.918139 0.760117 0.847103 0.794820 0.843326 0.961294 0.784593 0.770415 0.714057 0.795068 0.987070 0.954099 0.931497 0.652855 0.718702 0.987010 0.904979 0.955729 0.931803 0.871816 0.894642 0.879625 0.994784 0.970786 0.991136 0.824059 0.734797 0.919617 0.989066 0.661530 0.817078 0.874664 0.877748 0.749048 0.666653 0.997190 0.991995 0.971899 0.984677 0.813263 0.988948 0.843187 0.972985 0.909424 0.878030 0.947530 0.884483 0.810886 0.905544 0.927787 0.768297 0.770798 0.954154 0.805708 0.796234 0.773650 0.702180 0.942056 0.929829 0.880059 0.883054
0.908873 0.832004 0.789054 0.868851 0.842457 0.867186 0.737227 0.870927 0.736662 0.994433 0.848231 0.916473 0.766868 0.929391 0.759492 0.999207 0.871416 0.912239 0.946562 0.987104 0.996281 0.794101 0.909776 0.969227 0.899901 0.849009 0.970353 0.975782 0.925381 0.954258 0.814480 0.904784 0.750347 0.792922 0.826626 0.802759 0.807133 0.000000 0.979659 0.985831 0.971969 0.721530 0.880273 0.909907 0.904874 0.980301 0.967525 0.850203 0.869601 0.998972 0.799362 0.855112 0.775859 0.767047 0.859569 0.897823 0.901346 0.772176 0.877116 0.897353 0.752184 0.816337 0.735268 0.931540 0.719448 0.780909 0.755173 0.837739 0.814953 0.924554 0.714430 0.787396 0.726503 0.674654 0.977803 0.923120 0.963750 0.811340 0.917534 0.906401 0.987365 0.914095 0.782262 0.834418 0.901794 0.964950 0.815879 0.874585 0.739204 0.856245 0.687872 0.732302 0.800379 0.702379 0.854860 0.881904 0.777014 0.846230 0.805580 0.740002 0.742849 0.787053 0.722409 0.773778 0.943145 0.832846 0.993165 0.860110 0.886183 0.830149 0.746931 0.772707 0.890584 0.776862 0.617253 0.942726
