0.000000 0.172819 0.391552 0.430472 0.693408 0.751251 0.291079 0.352336 0.764302 0.707489 0.397139 0.309775 0.226871 0.326883 0.525959 0.525195 0.372473 0.351989 0.244886 0.266684 0.522749 0.948682 0.507059 0.548222 0.589500 0.704655 0.793112 0.810660 0.655138 0.645147 0.766665 0.894294 0.266285 0.263479 0.479873 0.825816 0.423866 0.572932 0.566235 0.688633 0.700182 0.829159 0.700950 0.633780 0.782499 0.671593 0.372429 0.394930 0.748440 0.505708 0.625094 0.550659 0.977620 0.752954 0.348986 0.509245 0.266937 0.190803 0.243673 0.303867 0.209156 0.340025 0.320679 0.343832 0.439549 0.307998 0.280234 0.384787 0.247770 0.261143 0.650143 0.862677 0.643233 0.678123 0.739787 0.823020 0.612667 0.834020 0.514809 0.488817 0.270439 0.242375 0.364242 0.332333 0.269804 0.313838 0.538066 0.576572 0.430679 0.401232 0.745820 0.656195 0.897030 0.799808 0.750363 0.936981 0.406385 0.881961 0.842981 0.920246 0.617632 0.867870 0.880936 0.837515 0.574302 0.488795 0.956484 0.932462 0.873170 0.677576 0.963412 0.734081 0.844535 0.884033 0.687738 0.934459
0.172819 0.000000 0.425668 0.419469 0.707502 0.757337 0.290571 0.272646 0.787526 0.782945 0.417468 0.256605 0.253338 0.294853 0.541766 0.523878 0.325162 0.300057 0.214394 0.219371 0.560254 0.929156 0.479327 0.542533 0.658499 0.805541 0.800297 0.866389 0.553239 0.544437 0.759683 0.796821 0.246014 0.254611 0.535363 0.840378 0.457339 0.556869 0.604824 0.701531 0.719388 0.763412 0.556792 0.525913 0.702775 0.605574 0.307852 0.343713 0.666638 0.451145 0.559313 0.488245 0.941113 0.819979 0.398378 0.517876 0.225743 0.153956 0.244040 0.295921 0.228293 0.321577 0.274602 0.274988 0.510403 0.342512 0.275311 0.351527 0.319197 0.304392 0.539943 0.745324 0.624320 0.665225 0.776182 0.737653 0.494150 0.695420 0.387820 0.440695 0.238070 0.242390 0.376569 0.385562 0.323647 0.357622 0.588842 0.591791 0.489106 0.438894 0.825057 0.768877 0.977613 0.826555 0.734047 0.861456 0.362694 0.850144 0.734641 0.791214 0.717561 0.912290 0.770383 0.773709 0.520614 0.440961 0.925517 0.941904 0.877671 0.639756 0.882993 0.675938 0.769960 0.856920 0.576496 0.909289
0.391552 0.425668 0.000000 0.213369 0.664971 0.821754 0.357141 0.567635 0.688383 0.565384 0.824091 0.647088 0.300627 0.592494 0.405524 0.445280 0.776952 0.755398 0.533071 0.547025 0.500755 0.818544 0.309910 0.304147 0.276780 0.339399 0.548608 0.706054 0.889717 0.886886 0.678630 0.883653 0.497260 0.590194 0.335696 0.867959 0.314179 0.492741 0.383602 0.708423 0.694938 0.946200 0.919157 0.899495 0.997166 0.966376 0.575770 0.579746 0.962364 0.671667 0.882649 0.703710 0.994881 0.735167 0.274330 0.501501 0.615389 0.453465 0.423006 0.408075 0.341262 0.419851 0.749710 0.745799 0.166992 0.197388 0.324268 0.420627 0.331506 0.415302 0.698461 0.904839 0.649908 0.746033 0.837855 0.951001 0.746417 0.912588 0.697650 0.799155 0.661775 0.499308 0.578410 0.472370 0.217199 0.217312 0.494749 0.605901 0.278564 0.314026 0.775053 0.741451 0.943828 0.990953 0.679272 0.959107 0.590048 0.934209 0.848659 0.840523 0.580548 0.765645 0.778029 0.785630 0.599332 0.573643 0.877050 0.968530 0.914729 0.783725 0.966669 0.972261 0.932253 0.891312 0.742278 0.865317
0.430472 0.419469 0.213369 0.000000 0.677941 0.822413 0.391874 0.466506 0.749297 0.599590 0.932394 0.601297 0.343839 0.534613 0.386169 0.396015 0.814552 0.731689 0.530906 0.533496 0.522422 0.896302 0.260946 0.237514 0.296840 0.420686 0.519416 0.748247 0.939050 0.916272 0.681930 0.985039 0.513284 0.589875 0.378561 0.781846 0.361889 0.490038 0.368612 0.676884 0.746898 0.866525 0.833279 0.850215 0.983690 0.905552 0.550601 0.530521 0.997539 0.659180 0.856761 0.702658 0.985779 0.715604 0.311622 0.541659 0.597776 0.433828 0.449053 0.437696 0.391574 0.424791 0.754844 0.718530 0.216350 0.238442 0.347315 0.428856 0.427961 0.478865 0.678605 0.917741 0.788836 0.876554 0.829065 0.947379 0.696348 0.965790 0.665668 0.813760 0.646472 0.525556 0.565463 0.469047 0.243289 0.213946 0.477579 0.597438 0.322206 0.277138 0.868580 0.778889 0.861847 0.965027 0.704699 0.864966 0.582210 0.988803 0.926141 0.942083 0.595697 0.714985 0.846670 0.850857 0.552290 0.494113 0.864125 0.867076 0.948405 0.715558 0.969263 0.949371 0.930695 0.921528 0.756964 0.884663
0.693408 0.707502 0.664971 0.677941 0.000000 0.987634 0.668551 0.725675 0.867927 0.888272 0.871100 0.777869 0.570385 0.753106 0.636660 0.625570 0.827436 0.840237 0.723302 0.764254 0.781182 0.861555 0.581334 0.661953 0.624457 0.688557 0.801537 0.850639 0.927082 0.971726 0.721388 0.968975 0.724956 0.724196 0.737272 0.870482 0.729296 0.811364 0.824688 0.755596 0.942692 0.922566 0.852101 0.867813 0.979876 0.960977 0.815720 0.738293 0.988190 0.894234 0.899581 0.867593 0.984653 0.809019 0.732027 0.803181 0.727362 0.728258 0.717629 0.720687 0.681763 0.692206 0.826510 0.788986 0.648310 0.637940 0.706448 0.727853 0.642919 0.651580 0.843906 0.814102 0.803585 0.939088 0.956132 0.990467 0.920183 0.965652 0.861410 0.794715 0.762950 0.780807 0.664215 0.759705 0.641985 0.641855 0.860410 0.763946 0.715812 0.702909 0.924083 0.931914 0.886506 0.921028 0.750130 0.915630 0.814283 0.930795 0.963988 0.974728 0.856296 0.906103 0.962645 0.986897 0.853170 0.666600 0.909577 0.991042 0.950170 0.945918 0.938840 0.919285 0.968697 0.914549 0.756081 0.881411
0.751251 0.757337 0.821754 0.822413 0.987634 0.000000 0.763233 0.808035 0.917470 0.987966 0.811223 0.778407 0.832977 0.810277 0.826060 0.786258 0.783853 0.696413 0.770580 0.817913 0.684860 0.867438 0.921640 0.867199 0.939513 0.940554 0.969599 0.734132 0.829241 0.840646 0.840532 0.893294 0.828167 0.787043 0.917154 0.685828 0.912446 0.879717 0.878611 0.724603 0.762101 0.884501 0.749954 0.755550 0.807840 0.822693 0.821573 0.952064 0.871434 0.962021 0.944952 0.928384 0.910262 0.699462 0.851027 0.819601 0.704022 0.758816 0.858410 0.893025 0.828215 0.854225 0.911678 0.934757 0.837389 0.741211 0.736592 0.767242 0.848371 0.872970 0.903264 0.988862 0.950831 0.976096 0.764468 0.997157 0.924900 0.988672 0.898492 0.779390 0.779478 0.712491 0.883894 0.814639 0.837294 0.793999 0.745243 0.880890 0.958930 0.827925 0.746435 0.879070 0.720595 0.787447 0.894192 0.916902 0.704500 0.657642 0.741272 0.734560 0.965279 0.984988 0.909573 0.909707 0.906405 0.826935 0.918941 0.978958 0.968647 0.829497 0.854339 0.862415 0.918568 0.994942 0.955194 0.698705
0.291079 0.290571 0.357141 0.391874 0.668551 0.763233 0.000000 0.269226 0.612384 0.958766 0.554654 0.426945 0.280862 0.350281 0.365779 0.454424 0.465182 0.427664 0.270088 0.337570 0.681636 0.924581 0.457028 0.534196 0.651892 0.691261 0.821234 0.932446 0.657569 0.706350 0.638698 0.754360 0.281023 0.274098 0.494821 0.845562 0.432439 0.515911 0.640578 0.816709 0.779974 0.813169 0.472054 0.440505 0.545041 0.504459 0.348046 0.345919 0.639536 0.476610 0.570379 0.502077 0.740972 0.966260 0.390070 0.421991 0.340789 0.291342 0.312702 0.403554 0.242653 0.335586 0.437473 0.422243 0.447204 0.322962 0.219812 0.261050 0.435787 0.456342 0.413836 0.643389 0.589866 0.559884 0.755101 0.749531 0.503490 0.724369 0.459292 0.560209 0.396828 0.380418 0.464255 0.441039 0.350249 0.400813 0.619660 0.634979 0.518629 0.537866 0.956530 0.980095 0.860457 0.942381 0.688050 0.796929 0.374365 0.885717 0.663458 0.672836 0.829388 0.900211 0.811944 0.761196 0.388546 0.446940 0.817644 0.818508 0.763332 0.619943 0.793124 0.633961 0.738871 0.784574 0.590778 0.989755
0.352336 0.272646 0.567635 0.466506 0.725675 0.808035 0.269226 0.000000 0.716669 0.928124 0.594525 0.329733 0.418154 0.319074 0.538673 0.516240 0.485302 0.444298 0.323298 0.362604 0.769090 0.981950 0.559231 0.622844 0.809797 0.878825 0.923674 0.959662 0.549091 0.597622 0.722143 0.682180 0.371769 0.306261 0.626236 0.773463 0.549882 0.595618 0.736253 0.791563 0.922502 0.750212 0.433087 0.428153 0.549322 0.462518 0.294603 0.330370 0.565559 0.430569 0.451823 0.416263 0.665713 0.954273 0.460269 0.502490 0.351156 0.299366 0.321391 0.387623 0.303217 0.290650 0.363919 0.308474 0.674533 0.474001 0.363401 0.363919 0.571884 0.480468 0.498650 0.695212 0.719321 0.694398 0.740408 0.695343 0.480042 0.670263 0.472522 0.545946 0.385326 0.459785 0.478385 0.519980 0.507757 0.519027 0.728850 0.688589 0.643421 0.590498 0.955753 0.921096 0.954557 0.889087 0.812841 0.742737 0.392112 0.861794 0.541295 0.535930 0.954160 0.966211 0.632913 0.683716 0.460462 0.447858 0.840966 0.708474 0.821567 0.635797 0.760106 0.529647 0.682408 0.798052 0.591043 0.892378
0.764302 0.787526 0.688383 0.749297 0.867927 0.917470 0.612384 0.716669 0.000000 0.879808 0.979223 0.926448 0.698509 0.885927 0.800936 0.962809 0.879454 0.948884 0.783781 0.831397 0.981264 0.966175 0.805477 0.792346 0.764580 0.695529 0.911436 0.996851 0.954347 0.957946 0.726764 0.966178 0.689624 0.779130 0.702084 0.910971 0.688922 0.736048 0.844407 0.914652 0.966216 0.838723 0.781144 0.784545 0.665993 0.731845 0.745413 0.699380 0.793285 0.663101 0.702981 0.678901 0.698099 0.807857 0.632773 0.608124 0.852366 0.817787 0.701311 0.808580 0.681797 0.749810 0.861688 0.884197 0.733930 0.748591 0.653767 0.610575 0.684416 0.807876 0.731330 0.793793 0.773106 0.734944 0.780551 0.994361 0.689089 0.957304 0.888553 0.928400 0.936201 0.938349 0.867915 0.828653 0.761318 0.780142 0.909139 0.800727 0.684045 0.808778 0.945946 0.967864 0.995394 0.909188 0.741735 0.898812 0.874486 0.953780 0.874425 0.884081 0.885283 0.926710 0.994313 0.811966 0.755889 0.736954 0.855020 0.923216 0.864465 0.973705 0.891460 0.846887 0.949584 0.975410 0.807725 0.954769
0.707489 0.782945 0.565384 0.599590 0.888272 0.987966 0.958766 0.928124 0.879808 0.000000 0.979338 0.949219 0.652011 0.862639 0.797646 0.743218 0.991777 0.980466 0.869899 0.840912 0.664245 0.980430 0.593164 0.501143 0.444570 0.566311 0.540087 0.684002 0.700453 0.777509 0.888155 0.751835 0.851350 0.984838 0.600267 0.972544 0.633472 0.893341 0.462471 0.800467 0.778002 0.900038 0.599544 0.646227 0.481469 0.528771 0.988292 0.941311 0.540522 0.855940 0.672630 0.825004 0.594717 0.478418 0.632801 0.913502 0.894510 0.772279 0.899714 0.829653 0.830046 0.911970 0.984187 0.948748 0.472926 0.584798 0.848310 0.973259 0.601611 0.739254 0.922716 0.748965 0.870580 0.796801 0.960219 0.823741 0.833995 0.699015 0.928930 0.980417 0.856742 0.665161 0.690137 0.609110 0.470704 0.468680 0.715963 0.671341 0.563398 0.454758 0.492610 0.507958 0.807967 0.757963 0.986266 0.820044 0.998572 0.778115 0.459675 0.452345 0.441109 0.603001 0.493481 0.505589 0.899260 0.980982 0.891421 0.718842 0.863682 0.968448 0.651825 0.727591 0.650013 0.757909 0.877754 0.971277
0.397139 0.417468 0.824091 0.932394 0.871100 0.811223 0.554654 0.594525 0.979223 0.979338 0.000000 0.372972 0.602876 0.513349 0.869218 0.867474 0.385322 0.337057 0.418212 0.400451 0.772101 0.821582 0.983190 0.970402 0.894857 0.827109 0.803702 0.860473 0.497525 0.401087 0.966750 0.774251 0.481663 0.362058 0.855764 0.921343 0.828196 0.834523 0.969994 0.945999 0.794994 0.835738 0.698667 0.653898 0.659670 0.654065 0.614429 0.649642 0.644899 0.688427 0.730357 0.751760 0.964445 0.859097 0.771976 0.774443 0.387387 0.443477 0.554006 0.622631 0.511872 0.651660 0.377401 0.422529 0.932341 0.723683 0.575721 0.570034 0.573310 0.583831 0.781320 0.786451 0.689689 0.561096 0.751439 0.826475 0.749848 0.748346 0.603883 0.488003 0.341136 0.412597 0.649197 0.608788 0.728217 0.795272 0.815476 0.864409 0.851828 0.863257 0.901139 0.867201 0.981329 0.859859 0.867198 0.982744 0.591771 0.849253 0.645519 0.803753 0.929034 0.885579 0.649988 0.676245 0.731929 0.722004 0.833197 0.889045 0.768371 0.788154 0.898333 0.746453 0.766936 0.821748 0.797620 0.909777
0.309775 0.256605 0.647088 0.601297 0.777869 0.778407 0.426945 0.329733 0.926448 0.949219 0.372972 0.000000 0.408589 0.280397 0.584109 0.521062 0.382762 0.291814 0.280980 0.276524 0.653704 0.898173 0.603932 0.670885 0.862606 0.950504 0.902784 0.958540 0.447328 0.420814 0.865726 0.698595 0.371417 0.308844 0.720914 0.798854 0.627324 0.630159 0.857103 0.778452 0.892848 0.812145 0.587667 0.604353 0.717560 0.660737 0.449623 0.507236 0.704169 0.601521 0.648566 0.639343 0.989865 0.800016 0.626226 0.641082 0.282341 0.290580 0.421050 0.475527 0.321875 0.327604 0.301592 0.247086 0.726265 0.504887 0.489511 0.467839 0.512702 0.441899 0.639352 0.745172 0.622535 0.618821 0.791752 0.720806 0.633411 0.622420 0.459036 0.414005 0.278120 0.349193 0.529953 0.505473 0.518992 0.530884 0.708269 0.703991 0.689945 0.613980 0.856779 0.749953 0.942444 0.704252 0.893712 0.787555 0.461190 0.809313 0.657957 0.706373 0.866568 0.964698 0.609378 0.709936 0.542588 0.499950 0.929585 0.911963 0.837771 0.651364 0.825191 0.636367 0.692614 0.793731 0.640683 0.902138
0.226871 0.253338 0.300627 0.343839 0.570385 0.832977 0.280862 0.418154 0.698509 0.652011 0.602876 0.408589 0.000000 0.373297 0.343369 0.356918 0.439296 0.475738 0.296811 0.329728 0.520458 0.975236 0.291282 0.396126 0.476218 0.634580 0.683749 0.769420 0.755240 0.756932 0.594611 0.902847 0.300386 0.357799 0.479043 0.894953 0.343504 0.555530 0.510856 0.703517 0.660404 0.927596 0.714055 0.656759 0.877855 0.768001 0.433089 0.424907 0.869202 0.547549 0.694815 0.567804 0.944672 0.807919 0.381032 0.496478 0.360602 0.260244 0.309956 0.332752 0.210918 0.306127 0.401906 0.392469 0.326051 0.263598 0.321931 0.436339 0.302209 0.330259 0.546991 0.804477 0.566798 0.636877 0.776706 0.765514 0.589912 0.811148 0.512736 0.506091 0.364253 0.307027 0.392812 0.358635 0.214934 0.269832 0.481772 0.517249 0.392986 0.380879 0.712981 0.718128 0.871043 0.842693 0.749041 0.973056 0.450128 0.995060 0.933449 0.956611 0.609012 0.833936 0.948499 0.920346 0.550666 0.423327 0.902383 0.959145 0.930804 0.751476 0.992149 0.794667 0.860732 0.979215 0.627129 0.993223
0.326883 0.294853 0.592494 0.534613 0.753106 0.810277 0.350281 0.319074 0.885927 0.862639 0.513349 0.280397 0.373297 0.000000 0.486746 0.443571 0.381590 0.303819 0.223376 0.277659 0.706677 0.894260 0.493709 0.508604 0.798896 0.927546 0.747496 0.978839 0.467976 0.434061 0.746245 0.607569 0.355930 0.315444 0.585869 0.782059 0.623597 0.529093 0.744320 0.790148 0.940612 0.771415 0.612761 0.581167 0.743961 0.673060 0.454977 0.509603 0.798595 0.699054 0.737998 0.711483 0.998752 0.779283 0.598303 0.598514 0.274529 0.320246 0.475050 0.560649 0.383565 0.411813 0.386105 0.329465 0.653351 0.471827 0.443960 0.512383 0.560080 0.567755 0.536149 0.677167 0.687883 0.737312 0.788553 0.701238 0.663546 0.605076 0.426446 0.441194 0.277684 0.304855 0.402521 0.426728 0.453878 0.465805 0.652641 0.569846 0.661726 0.603918 0.854116 0.795222 0.923171 0.834744 0.932627 0.791894 0.459365 0.871567 0.733053 0.700672 0.771530 0.951043 0.724258 0.730445 0.539335 0.555598 0.978588 0.992158 0.855599 0.655072 0.872390 0.625355 0.755349 0.844126 0.760885 0.908485
0.525959 0.541766 0.405524 0.386169 0.636660 0.826060 0.365779 0.538673 0.800936 0.797646 0.869218 0.584109 0.343369 0.486746 0.000000 0.241634 0.689424 0.628694 0.488249 0.543937 0.606047 0.845583 0.301091 0.360418 0.538807 0.680047 0.656640 0.797260 0.814531 0.858526 0.595243 0.765409 0.494726 0.547563 0.626693 0.870480 0.516333 0.539551 0.655458 0.929375 0.785764 0.848770 0.717902 0.712662 0.844056 0.830742 0.561597 0.574185 0.952013 0.761397 0.899567 0.788178 0.892643 0.821292 0.548171 0.670900 0.540697 0.493335 0.579220 0.611152 0.425172 0.438798 0.657759 0.596332 0.413529 0.382863 0.508267 0.553669 0.575808 0.619570 0.553395 0.801878 0.739691 0.775693 0.940077 0.735474 0.756664 0.817695 0.631480 0.627568 0.562097 0.497810 0.575347 0.482330 0.393261 0.403271 0.526686 0.507883 0.554413 0.493607 0.934232 0.956108 0.951419 0.993892 0.773605 0.949275 0.533665 0.993264 0.885444 0.828041 0.830339 0.961070 0.987320 0.972204 0.596915 0.610977 0.909532 0.935837 0.877232 0.877279 0.980725 0.839287 0.855050 0.931017 0.808275 0.860053
0.525195 0.523878 0.445280 0.396015 0.625570 0.786258 0.454424 0.516240 0.962809 0.743218 0.867474 0.521062 0.356918 0.443571 0.241634 0.000000 0.718235 0.644990 0.503281 0.553400 0.598142 0.865791 0.301251 0.339141 0.498277 0.689292 0.651363 0.842860 0.834527 0.862102 0.614033 0.760571 0.527529 0.542606 0.591934 0.843481 0.478621 0.600491 0.623207 0.763427 0.732354 0.969449 0.763921 0.745438 0.996560 0.932990 0.545485 0.614681 0.937447 0.889890 0.986690 0.872327 0.978221 0.703889 0.573573 0.702549 0.535004 0.495439 0.587012 0.577769 0.428187 0.413125 0.671972 0.584638 0.448731 0.381359 0.570623 0.647896 0.589153 0.577835 0.640901 0.823230 0.746466 0.786974 0.911797 0.672551 0.815777 0.825591 0.647538 0.652064 0.575692 0.497893 0.560517 0.484550 0.407712 0.366343 0.571972 0.584831 0.514954 0.483188 0.848561 0.833509 0.972515 0.912195 0.885007 0.926732 0.595852 0.997525 0.958854 0.873914 0.798288 0.857515 0.944908 0.992111 0.648111 0.554177 0.891586 0.955160 0.894107 0.870337 0.950804 0.788356 0.831837 0.999469 0.773244 0.898305
0.372473 0.325162 0.776952 0.814552 0.827436 0.783853 0.465182 0.485302 0.879454 0.991777 0.385322 0.382762 0.439296 0.381590 0.689424 0.718235 0.000000 0.236075 0.275388 0.295992 0.821419 0.885051 0.727889 0.834238 0.998463 0.891033 0.992557 0.902680 0.350128 0.338445 0.764869 0.599001 0.315634 0.304470 0.853734 0.946025 0.720856 0.762963 0.966898 0.804044 0.739399 0.712193 0.483852 0.415640 0.625800 0.546795 0.470412 0.491146 0.632123 0.609953 0.613214 0.630553 0.903520 0.968813 0.728427 0.679889 0.228220 0.299621 0.504519 0.550675 0.462145 0.559994 0.254054 0.263463 0.856958 0.666926 0.529867 0.549669 0.542999 0.550203 0.519476 0.629364 0.650602 0.639781 0.812671 0.660468 0.552636 0.497362 0.396545 0.332240 0.202592 0.291313 0.450185 0.491049 0.603620 0.681517 0.845247 0.615940 0.792075 0.756481 0.921099 0.953629 0.891169 0.815186 0.920019 0.979877 0.495752 0.844417 0.602913 0.697063 0.923954 0.807728 0.567980 0.535189 0.676570 0.657322 0.974256 0.916582 0.916774 0.716332 0.845180 0.641184 0.696878 0.774561 0.671188 0.936471
0.351989 0.300057 0.755398 0.731689 0.840237 0.696413 0.427664 0.444298 0.948884 0.980466 0.337057 0.291814 0.475738 0.303819 0.628694 0.644990 0.236075 0.000000 0.256591 0.206514 0.718428 0.835465 0.714707 0.747974 0.971841 0.901912 0.925043 0.991329 0.342352 0.298238 0.838857 0.555982 0.315295 0.271086 0.789557 0.806537 0.716356 0.593865 0.906251 0.862729 0.750202 0.655458 0.483533 0.456295 0.593104 0.582843 0.497125 0.534515 0.676019 0.714900 0.759073 0.793759 0.905937 0.755914 0.728962 0.706799 0.169265 0.265693 0.537138 0.645925 0.485691 0.585230 0.327384 0.306353 0.814646 0.611211 0.476387 0.490936 0.525171 0.542180 0.526257 0.573597 0.700748 0.620205 0.835874 0.709149 0.638021 0.498973 0.362404 0.298765 0.191424 0.241152 0.471360 0.500339 0.577338 0.620416 0.767252 0.644706 0.773835 0.723578 0.970340 0.971941 0.905948 0.950016 0.916237 0.819502 0.438559 0.798849 0.578742 0.629765 0.936146 0.862590 0.533794 0.573639 0.555256 0.611540 0.966145 0.922504 0.876697 0.639266 0.782601 0.600994 0.771147 0.759417 0.766910 0.904851
0.244886 0.214394 0.533071 0.530906 0.723302 0.770580 0.270088 0.323298 0.783781 0.869899 0.418212 0.280980 0.296811 0.223376 0.488249 0.503281 0.275388 0.256591 0.000000 0.238339 0.644800 0.917942 0.528917 0.599583 0.806756 0.932352 0.813251 0.948306 0.434379 0.439750 0.712363 0.642851 0.269190 0.233492 0.581162 0.848823 0.579813 0.589531 0.719643 0.725200 0.794772 0.788537 0.516792 0.479613 0.636922 0.574920 0.381015 0.401491 0.673892 0.568468 0.611933 0.578166 0.955164 0.857024 0.517736 0.561075 0.209650 0.240604 0.348992 0.434687 0.293878 0.407404 0.284717 0.291293 0.615849 0.432758 0.314590 0.393375 0.448803 0.477228 0.435956 0.661223 0.615289 0.648356 0.809781 0.687727 0.552599 0.602744 0.385374 0.402989 0.228173 0.271206 0.426717 0.425957 0.422204 0.469520 0.694785 0.578984 0.638007 0.619407 0.888313 0.868571 0.956363 0.849690 0.821214 0.807029 0.369075 0.868205 0.672137 0.664709 0.758945 0.936465 0.711556 0.648950 0.497312 0.465110 0.946614 0.975136 0.836100 0.592202 0.845451 0.597825 0.720951 0.803326 0.586414 0.981716
0.266684 0.219371 0.547025 0.533496 0.764254 0.817913 0.337570 0.362604 0.831397 0.840912 0.400451 0.276524 0.329728 0.277659 0.543937 0.553400 0.295992 0.206514 0.238339 0.000000 0.623575 0.840515 0.541340 0.601280 0.754541 0.879693 0.811797 0.976041 0.489243 0.433251 0.675140 0.662173 0.246329 0.272946 0.609765 0.820217 0.533007 0.479860 0.721894 0.783807 0.756620 0.668008 0.550093 0.523204 0.707120 0.692109 0.452007 0.504632 0.778041 0.627743 0.710939 0.688790 0.954532 0.771008 0.566896 0.636617 0.183200 0.208614 0.429561 0.512374 0.348662 0.434811 0.336287 0.299635 0.603190 0.432560 0.372678 0.422515 0.382712 0.418541 0.444980 0.555290 0.630580 0.590651 0.791605 0.728278 0.510179 0.568728 0.391886 0.361953 0.222805 0.229203 0.429657 0.437744 0.398845 0.447639 0.694234 0.638079 0.610275 0.564101 0.885418 0.855430 0.981437 0.922520 0.878402 0.852803 0.404419 0.920023 0.735684 0.755793 0.783596 0.934351 0.651444 0.714431 0.477083 0.521196 0.997480 0.994937 0.844679 0.678736 0.853682 0.683319 0.846862 0.805875 0.689607 0.888226
0.522749 0.560254 0.500755 0.522422 0.781182 0.684860 0.681636 0.769090 0.981264 0.664245 0.772101 0.653704 0.520458 0.706677 0.606047 0.598142 0.821419 0.718428 0.644800 0.623575 0.000000 0.855472 0.613566 0.548759 0.576870 0.661323 0.725984 0.644035 0.984239 0.955620 0.929650 0.954765 0.677020 0.675627 0.563176 0.730618 0.558885 0.612143 0.577626 0.769920 0.717133 0.993316 0.970758 0.952981 0.948941 0.962451 0.763307 0.890844 0.918653 0.920390 0.960379 0.967895 0.745637 0.575853 0.555516 0.840716 0.647254 0.578814 0.648870 0.656752 0.555435 0.612602 0.830161 0.815837 0.473470 0.435308 0.589133 0.747162 0.496708 0.589353 0.849873 0.956051 0.856825 0.950135 0.960565 0.967516 0.832787 0.955880 0.940757 0.735317 0.696199 0.556881 0.659833 0.659068 0.481760 0.441466 0.642843 0.735119 0.559406 0.564250 0.782829 0.679673 0.988530 0.937892 0.777394 0.937337 0.729215 0.946455 0.889066 0.887063 0.688029 0.789287 0.936634 0.816816 0.887209 0.787253 0.955387 0.866566 0.992163 0.960362 0.902014 0.943233 0.876832 0.909583 0.877718 0.968031
0.948682 0.929156 0.818544 0.896302 0.861555 0.867438 0.924581 0.981950 0.966175 0.980430 0.821582 0.898173 0.975236 0.894260 0.845583 0.865791 0.885051 0.835465 0.917942 0.840515 0.855472 0.000000 0.888239 0.920634 0.919140 0.887237 0.863420 0.946155 0.789952 0.758695 0.929342 0.804351 0.922676 0.912098 0.890256 0.852187 0.926199 0.998083 0.872617 0.811480 0.925003 0.926154 0.848199 0.875568 0.938567 0.982758 0.949554 0.974456 0.979175 0.970065 0.943735 0.938976 0.817285 0.893118 0.851788 0.939697 0.846554 0.944576 0.991667 0.924523 0.928208 0.849060 0.967269 0.956091 0.864488 0.909754 0.980005 0.969452 0.880375 0.910913 0.965834 0.954304 0.953746 0.901765 0.993484 0.964700 0.917795 0.776939 0.970258 0.999922 0.900092 0.968406 0.940412 0.966220 0.909777 0.933117 0.941284 0.864886 0.924382 0.992394 0.988513 0.953992 0.921855 0.930886 0.883214 0.956981 0.933733 0.919585 0.974583 0.971769 0.961037 0.979655 0.851224 0.893089 0.963072 0.945287 0.975633 0.905053 0.941421 0.987022 0.947488 0.975567 0.950203 0.932853 0.857683 0.872419
0.507059 0.479327 0.309910 0.260946 0.581334 0.921640 0.457028 0.559231 0.805477 0.593164 0.983190 0.603932 0.291282 0.493709 0.301091 0.301251 0.727889 0.714707 0.528917 0.541340 0.613566 0.888239 0.000000 0.201642 0.331655 0.515096 0.437638 0.777672 0.954119 0.970874 0.522481 0.901305 0.531893 0.656189 0.530110 0.890134 0.395014 0.538987 0.508118 0.776742 0.781880 0.937569 0.844138 0.853001 0.907785 0.981550 0.608211 0.610381 0.896231 0.752305 0.934213 0.772742 0.946812 0.741483 0.499765 0.666541 0.580778 0.486628 0.581477 0.553513 0.450426 0.437414 0.709982 0.635192 0.288504 0.317382 0.497011 0.594615 0.486627 0.522095 0.599715 0.798986 0.740016 0.877401 0.846563 0.835440 0.774846 0.925517 0.610999 0.719323 0.609319 0.528451 0.511037 0.501443 0.267650 0.259360 0.461041 0.519939 0.401496 0.341032 0.810227 0.804442 0.975747 0.939558 0.771649 0.871977 0.622780 0.986122 0.914268 0.966240 0.598980 0.761270 0.894026 0.900003 0.594641 0.553394 0.904492 0.961743 0.984805 0.784390 0.998847 0.963736 0.999419 0.931920 0.748731 0.911936
0.548222 0.542533 0.304147 0.237514 0.661953 0.867199 0.534196 0.622844 0.792346 0.501143 0.970402 0.670885 0.396126 0.508604 0.360418 0.339141 0.834238 0.747974 0.599583 0.601280 0.548759 0.920634 0.201642 0.000000 0.266234 0.432863 0.416034 0.715697 0.949699 0.942663 0.623903 0.943954 0.602401 0.698482 0.442255 0.764835 0.414823 0.493079 0.436445 0.741659 0.782592 0.889022 0.980411 0.971248 0.846910 0.885680 0.678868 0.709121 0.789234 0.915304 0.879847 0.960398 0.783767 0.554257 0.437649 0.643495 0.630129 0.535103 0.671868 0.661095 0.537004 0.542952 0.864572 0.785356 0.273283 0.319325 0.548566 0.644405 0.496526 0.585145 0.734770 0.886999 0.905891 0.969420 0.901340 0.972394 0.902364 0.997508 0.702671 0.795185 0.671797 0.528290 0.529528 0.455788 0.279660 0.228067 0.508364 0.511624 0.366160 0.299532 0.771872 0.690107 0.946744 0.932207 0.804722 0.871171 0.704316 0.980842 0.825492 0.853732 0.567376 0.703930 0.782460 0.798536 0.682050 0.670998 0.950901 0.918978 0.953857 0.852479 0.918608 0.976507 0.846752 0.836031 0.918982 0.921665
0.589500 0.658499 0.276780 0.296840 0.624457 0.939513 0.651892 0.809797 0.764580 0.444570 0.894857 0.862606 0.476218 0.798896 0.538807 0.498277 0.998463 0.971841 0.806756 0.754541 0.576870 0.919140 0.331655 0.266234 0.000000 0.240012 0.419363 0.624364 0.672409 0.652460 0.663116 0.808197 0.705062 0.852328 0.419710 0.817191 0.374485 0.589111 0.393105 0.662770 0.721019 0.989433 0.843833 0.877113 0.690352 0.744996 0.801005 0.780292 0.680176 0.959756 0.838663 0.980023 0.788452 0.567165 0.388429 0.675714 0.818913 0.661571 0.697442 0.640535 0.598342 0.632501 0.962869 0.992173 0.205385 0.327385 0.613785 0.710005 0.429396 0.491715 0.930860 0.973651 0.878956 0.987054 0.929752 0.924212 0.979228 0.771133 0.906715 0.985641 0.869393 0.669370 0.639039 0.523062 0.289637 0.251746 0.520633 0.634270 0.294707 0.270482 0.768160 0.654549 0.921518 0.956971 0.780103 0.983340 0.844806 0.925773 0.616618 0.627693 0.504989 0.644991 0.600125 0.626186 0.802998 0.753557 0.897014 0.901424 0.995970 0.961798 0.786896 0.778777 0.734486 0.748576 0.957182 0.891070
0.704655 0.805541 0.339399 0.420686 0.688557 0.940554 0.691261 0.878825 0.695529 0.566311 0.827109 0.950504 0.634580 0.927546 0.680047 0.689292 0.891033 0.901912 0.932352 0.879693 0.661323 0.887237 0.515096 0.432863 0.240012 0.000000 0.509212 0.614132 0.588580 0.549186 0.694685 0.806572 0.783517 0.962450 0.494380 0.813415 0.464400 0.644032 0.453306 0.666759 0.811064 0.987473 0.847254 0.862136 0.771376 0.777874 0.844611 0.894954 0.708621 0.965340 0.871078 0.963577 0.893476 0.735953 0.399210 0.665988 0.924597 0.809128 0.753596 0.725223 0.711252 0.774887 0.837647 0.840206 0.289678 0.413195 0.632737 0.725002 0.498539 0.628004 0.972368 0.994422 0.906529 0.949351 0.919816 0.814102 0.996247 0.668096 0.981732 0.897764 0.960506 0.828392 0.780585 0.701360 0.426324 0.365976 0.700305 0.803624 0.375003 0.417515 0.887479 0.782295 0.866450 0.915895 0.696379 0.991525 0.936503 0.940645 0.632530 0.658415 0.612855 0.767211 0.599175 0.565136 0.891659 0.832505 0.852947 0.892486 0.952102 0.964349 0.846694 0.780455 0.704805 0.793187 0.998137 0.775838
0.793112 0.800297 0.548608 0.519416 0.801537 0.969599 0.821234 0.923674 0.911436 0.540087 0.803702 0.902784 0.683749 0.747496 0.656640 0.651363 0.992557 0.925043 0.813251 0.811797 0.725984 0.863420 0.437638 0.416034 0.419363 0.509212 0.000000 0.723395 0.800289 0.820881 0.829568 0.943612 0.820853 0.985624 0.628176 0.838438 0.726756 0.624605 0.661733 0.924602 0.972452 0.940944 0.849122 0.822219 0.660038 0.661738 0.950347 0.977969 0.582590 0.874796 0.753846 0.868439 0.653842 0.593083 0.710740 0.911424 0.859196 0.826545 0.946088 0.895290 0.843241 0.824417 0.924224 0.986744 0.469018 0.546707 0.753879 0.887910 0.680187 0.757680 0.865465 0.920960 0.949851 0.877670 0.910335 0.981337 0.906161 0.821637 0.846000 0.952886 0.915194 0.769350 0.737357 0.762967 0.525302 0.475223 0.707759 0.723877 0.589698 0.518193 0.900010 0.802599 0.961293 0.980692 0.987424 0.906070 0.996264 0.937025 0.740879 0.758802 0.650460 0.756882 0.706112 0.718660 0.854590 0.934673 0.920561 0.865619 0.946390 0.931917 0.885015 0.801004 0.742286 0.805681 0.964875 0.764388
0.810660 0.866389 0.706054 0.748247 0.850639 0.734132 0.932446 0.959662 0.996851 0.684002 0.860473 0.958540 0.769420 0.978839 0.797260 0.842860 0.902680 0.991329 0.948306 0.976041 0.644035 0.946155 0.777672 0.715697 0.624364 0.614132 0.723395 0.000000 0.915700 0.803168 0.829359 0.876287 0.904731 0.990562 0.869027 0.742452 0.730427 0.993681 0.778095 0.768145 0.830532 0.966502 0.985754 0.999011 0.771463 0.884667 0.916500 0.916189 0.844108 0.973930 0.933630 0.992861 0.889440 0.789962 0.734009 0.907592 0.890711 0.851651 0.847416 0.773359 0.888821 0.935160 0.957512 0.944591 0.670865 0.738089 0.878525 0.964532 0.738646 0.694298 0.920627 0.830777 0.925721 0.803146 0.886753 0.935702 0.897481 0.899474 0.970116 0.980106 0.943188 0.852739 0.884266 0.892499 0.730443 0.692087 0.902313 0.990040 0.739744 0.699610 0.845379 0.844320 0.923395 0.963453 0.827170 0.808711 0.914691 0.909355 0.785551 0.759339 0.778034 0.816773 0.773529 0.768994 0.867609 0.935823 0.859338 0.899767 0.852480 0.970917 0.799316 0.807785 0.912038 0.949035 0.893137 0.789874
0.655138 0.553239 0.889717 0.939050 0.927082 0.829241 0.657569 0.549091 0.954347 0.700453 0.497525 0.447328 0.755240 0.467976 0.814531 0.834527 0.350128 0.342352 0.434379 0.489243 0.984239 0.789952 0.954119 0.949699 0.672409 0.588580 0.800289 0.915700 0.000000 0.191240 0.787997 0.388561 0.538350 0.453173 0.893672 0.946322 0.961565 0.906654 0.765608 0.985837 0.998260 0.779142 0.387467 0.378247 0.489222 0.476831 0.604505 0.615224 0.578674 0.703192 0.601433 0.717413 0.794393 0.872176 0.980213 0.884483 0.384439 0.567434 0.685093 0.802771 0.704310 0.741994 0.363382 0.343655 0.769399 0.987630 0.756341 0.723441 0.889176 0.860627 0.562816 0.599700 0.775436 0.677259 0.901927 0.672588 0.639290 0.364958 0.446907 0.370024 0.379857 0.584718 0.729951 0.798744 0.987583 0.973886 0.996330 0.879549 0.878611 0.871974 0.935063 0.851031 0.941478 0.834449 0.861264 0.876163 0.526265 0.900948 0.478481 0.461011 0.802232 0.695593 0.405466 0.375235 0.699645 0.761860 0.984690 0.938363 0.854348 0.728094 0.739284 0.551717 0.566631 0.706403 0.756193 0.903117
0.645147 0.544437 0.886886 0.916272 0.971726 0.840646 0.706350 0.597622 0.957946 0.777509 0.401087 0.420814 0.756932 0.434061 0.858526 0.862102 0.338445 0.298238 0.439750 0.433251 0.955620 0.758695 0.970874 0.942663 0.652460 0.549186 0.820881 0.803168 0.191240 0.000000 0.878162 0.437941 0.549708 0.479762 0.915906 0.935917 0.981870 0.872216 0.766355 0.993928 0.958059 0.780512 0.509062 0.490911 0.595745 0.598799 0.696731 0.717692 0.652312 0.791937 0.723791 0.835264 0.939560 0.991816 0.906931 0.967250 0.374021 0.557370 0.750704 0.835381 0.730515 0.765025 0.372384 0.354531 0.776431 0.980183 0.782409 0.757274 0.864904 0.868446 0.615681 0.614782 0.750961 0.667560 0.864156 0.638108 0.721065 0.398615 0.463592 0.362235 0.354798 0.523978 0.694418 0.766136 0.969628 0.982030 0.984741 0.821605 0.869522 0.903909 0.988950 0.916321 0.926875 0.849462 0.950994 0.919336 0.576370 0.870299 0.538873 0.554601 0.875905 0.752062 0.415866 0.432221 0.717390 0.745333 0.877614 0.942864 0.897727 0.781086 0.733632 0.624446 0.674666 0.737415 0.811162 0.874986
0.766665 0.759683 0.678630 0.681930 0.721388 0.840532 0.638698 0.722143 0.726764 0.888155 0.966750 0.865726 0.594611 0.746245 0.595243 0.614033 0.764869 0.838857 0.712363 0.675140 0.929650 0.929342 0.522481 0.623903 0.663116 0.694685 0.829568 0.829359 0.787997 0.878162 0.000000 0.670896 0.628812 0.775890 0.858274 0.968503 0.547133 0.793926 0.820780 0.858598 0.815664 0.931232 0.744738 0.694662 0.985076 0.944675 0.800548 0.746079 0.908489 0.811310 0.844417 0.789843 0.801540 0.907148 0.758965 0.844573 0.716417 0.742542 0.785437 0.741200 0.718010 0.729112 0.776674 0.718541 0.729041 0.726581 0.806453 0.805471 0.701219 0.745937 0.573301 0.706693 0.663564 0.747931 0.814111 0.791943 0.694906 0.698379 0.713803 0.737669 0.774290 0.796815 0.808262 0.811162 0.692255 0.692611 0.938561 0.921382 0.742959 0.802898 0.816580 0.952142 0.855638 0.884493 0.806227 0.960202 0.792624 0.673350 0.910778 0.985856 0.804019 0.977453 0.873141 0.861970 0.715350 0.837778 0.818822 0.886003 0.910733 0.836027 0.927364 0.933894 0.998523 0.937591 0.909317 0.998579
0.894294 0.796821 0.883653 0.985039 0.968975 0.893294 0.754360 0.682180 0.966178 0.751835 0.774251 0.698595 0.902847 0.607569 0.765409 0.760571 0.599001 0.555982 0.642851 0.662173 0.954765 0.804351 0.901305 0.943954 0.808197 0.806572 0.943612 0.876287 0.388561 0.437941 0.670896 0.000000 0.667168 0.635879 0.850365 0.908940 0.962425 0.887742 0.835849 0.919029 0.990162 0.804251 0.526293 0.480546 0.668976 0.700994 0.769693 0.839757 0.843831 0.943953 0.907890 0.965730 0.920160 0.969946 0.995102 0.999477 0.551735 0.754327 0.953423 0.971707 0.921573 0.913847 0.693328 0.643589 0.821441 0.987211 0.907285 0.844597 0.987610 0.900666 0.668914 0.629358 0.944828 0.872459 0.919008 0.767243 0.806248 0.515604 0.632714 0.652474 0.580244 0.711201 0.826805 0.778647 0.986505 0.998266 0.905071 0.882851 0.926380 0.947411 0.750869 0.782073 0.858607 0.991502 0.881448 0.866241 0.768978 0.893471 0.608364 0.506336 0.785596 0.690708 0.530261 0.562832 0.814602 0.884811 0.996334 0.979468 0.867723 0.804323 0.751513 0.628957 0.756955 0.778449 0.885304 0.969933
0.266285 0.246014 0.497260 0.513284 0.724956 0.828167 0.281023 0.371769 0.689624 0.851350 0.481663 0.371417 0.300386 0.355930 0.494726 0.527529 0.315634 0.315295 0.269190 0.246329 0.677020 0.922676 0.531893 0.602401 0.705062 0.783517 0.820853 0.904731 0.538350 0.549708 0.628812 0.667168 0.000000 0.244904 0.634265 0.894924 0.476563 0.570343 0.709980 0.771484 0.659271 0.722823 0.490484 0.448394 0.643308 0.578485 0.369286 0.412899 0.701148 0.540691 0.616500 0.591637 0.876981 0.892778 0.466809 0.523315 0.236017 0.237033 0.379574 0.466737 0.320876 0.430781 0.314872 0.340772 0.569463 0.422196 0.336836 0.366147 0.381151 0.441090 0.450564 0.666896 0.632277 0.620060 0.687658 0.698093 0.471445 0.657246 0.373521 0.429307 0.262707 0.290884 0.429003 0.411496 0.384693 0.422742 0.704337 0.585719 0.555336 0.569278 0.938011 0.873204 0.964589 0.893905 0.809288 0.946956 0.453993 0.952188 0.728668 0.767651 0.824757 0.899931 0.750619 0.681075 0.528852 0.516783 0.993899 0.980843 0.967779 0.658642 0.836694 0.620410 0.773360 0.751787 0.666461 0.950002
0.263479 0.254611 0.590194 0.589875 0.724196 0.787043 0.274098 0.306261 0.779130 0.984838 0.362058 0.308844 0.357799 0.315444 0.547563 0.542606 0.304470 0.271086 0.233492 0.272946 0.675627 0.912098 0.656189 0.698482 0.852328 0.962450 0.985624 0.990562 0.453173 0.479762 0.775890 0.635879 0.244904 0.000000 0.629260 0.838863 0.569855 0.629476 0.775022 0.760663 0.694842 0.765025 0.477377 0.413600 0.550868 0.470832 0.346514 0.395187 0.567244 0.518546 0.549402 0.557885 0.852086 0.911705 0.507949 0.475528 0.229099 0.238084 0.327942 0.419782 0.284146 0.368760 0.276854 0.272913 0.685618 0.491580 0.350836 0.377340 0.449721 0.444259 0.542793 0.718242 0.640945 0.557237 0.769699 0.718556 0.538536 0.592227 0.445350 0.431424 0.231782 0.293597 0.415364 0.418001 0.477331 0.525034 0.699211 0.657090 0.618969 0.670469 0.932453 0.859823 0.999277 0.878751 0.846099 0.845659 0.358633 0.874356 0.581266 0.660494 0.929283 0.881259 0.656162 0.619801 0.516496 0.533718 0.962765 0.985739 0.828579 0.625651 0.795865 0.533810 0.707279 0.759652 0.634337 0.934647
0.479873 0.535363 0.335696 0.378561 0.737272 0.917154 0.494821 0.626236 0.702084 0.600267 0.855764 0.720914 0.479043 0.585869 0.626693 0.591934 0.853734 0.789557 0.581162 0.609765 0.563176 0.890256 0.530110 0.442255 0.419710 0.494380 0.628176 0.869027 0.893672 0.915906 0.858274 0.850365 0.634265 0.629260 0.000000 0.866178 0.473035 0.476196 0.393848 0.693203 0.827805 0.969523 0.960229 0.953540 0.982592 0.976206 0.710230 0.703087 0.893091 0.873315 0.985034 0.865713 0.867603 0.666776 0.371401 0.518113 0.684753 0.556911 0.551798 0.589754 0.491362 0.578173 0.855517 0.845324 0.318405 0.331987 0.412924 0.504917 0.476995 0.596953 0.800242 0.917691 0.790907 0.864133 0.969908 0.983481 0.875344 0.914677 0.793811 0.847793 0.727877 0.551814 0.558476 0.530590 0.362708 0.345733 0.664085 0.638821 0.393965 0.476241 0.743934 0.699474 0.939209 0.970758 0.785037 0.961316 0.685359 0.980767 0.787919 0.809976 0.507186 0.819889 0.744776 0.807300 0.684335 0.685548 0.919544 0.888903 0.977152 0.875223 0.819538 0.946636 0.817791 0.850917 0.793802 0.897431
0.825816 0.840378 0.867959 0.781846 0.870482 0.685828 0.845562 0.773463 0.910971 0.972544 0.921343 0.798854 0.894953 0.782059 0.870480 0.843481 0.946025 0.806537 0.848823 0.820217 0.730618 0.852187 0.890134 0.764835 0.817191 0.813415 0.838438 0.742452 0.946322 0.935917 0.968503 0.908940 0.894924 0.838863 0.866178 0.000000 0.915249 0.744741 0.808712 0.846728 0.892196 0.836760 0.894560 0.864064 0.990949 0.990610 0.878142 0.947047 0.959081 0.887750 0.891931 0.907528 0.782936 0.697271 0.817476 0.953235 0.807799 0.836873 0.928419 0.916568 0.903923 0.896521 0.928722 0.999651 0.827825 0.772849 0.870648 0.853970 0.871156 0.774243 0.893667 0.962082 0.985665 0.951095 0.862934 0.944570 0.996671 0.990071 0.926452 0.850519 0.882898 0.855611 0.905193 0.966542 0.861964 0.789329 0.932439 0.903888 0.934119 0.835477 0.809653 0.969206 0.853845 0.973605 0.931834 0.906218 0.882248 0.934579 0.959909 0.927217 0.976078 0.987185 0.937468 0.949729 0.850698 0.891937 0.921435 0.963219 0.837673 0.831667 0.947623 0.964756 0.916580 0.832073 0.819407 0.896173
0.423866 0.457339 0.314179 0.361889 0.729296 0.912446 0.432439 0.549882 0.688922 0.633472 0.828196 0.627324 0.343504 0.623597 0.516333 0.478621 0.720856 0.716356 0.579813 0.533007 0.558885 0.926199 0.395014 0.414823 0.374485 0.464400 0.726756 0.730427 0.961565 0.981870 0.547133 0.962425 0.476563 0.569855 0.473035 0.915249 0.000000 0.594924 0.574763 0.708327 0.648451 0.930936 0.846195 0.772456 0.971008 0.900542 0.582616 0.535560 0.974643 0.653036 0.845179 0.714631 0.934484 0.849983 0.350273 0.574772 0.570205 0.441342 0.467792 0.496446 0.383511 0.456946 0.683199 0.655560 0.338705 0.336374 0.469078 0.545809 0.383247 0.412449 0.658858 0.847626 0.681921 0.690628 0.746162 0.887117 0.684942 0.939438 0.658853 0.731336 0.618182 0.503936 0.548217 0.504033 0.317568 0.307444 0.630065 0.619107 0.392138 0.405665 0.709573 0.715454 0.946912 0.949029 0.754167 0.943245 0.649245 0.866180 0.872470 0.876687 0.572568 0.773906 0.949782 0.927857 0.673488 0.670081 0.957414 0.980900 0.944880 0.744151 0.921470 0.974849 0.941704 0.987332 0.751598 0.882251
0.572932 0.556869 0.492741 0.490038 0.811364 0.879717 0.515911 0.595618 0.736048 0.893341 0.834523 0.630159 0.555530 0.529093 0.539551 0.600491 0.762963 0.593865 0.589531 0.479860 0.612143 0.998083 0.538987 0.493079 0.589111 0.644032 0.624605 0.993681 0.906654 0.872216 0.793926 0.887742 0.570343 0.629476 0.476196 0.744741 0.594924 0.000000 0.628431 0.771936 0.884600 0.610740 0.844823 0.811141 0.844775 0.929306 0.703785 0.763078 0.973203 0.887680 0.984662 0.915074 0.787287 0.688908 0.573376 0.734270 0.577763 0.537149 0.721382 0.773487 0.614928 0.652123 0.817532 0.730589 0.506359 0.491074 0.538870 0.564699 0.548918 0.624445 0.611624 0.590066 0.793409 0.781029 0.966251 0.922459 0.711408 0.848883 0.741283 0.693224 0.658185 0.556313 0.735759 0.671697 0.499601 0.490604 0.723869 0.721902 0.561464 0.595132 0.947868 0.949757 0.791510 0.804884 0.986754 0.895160 0.723346 0.844614 0.891716 0.892361 0.767201 0.925302 0.901166 0.947241 0.570967 0.702787 0.805457 0.980491 0.953053 0.885950 0.983761 0.916712 0.882601 0.906799 0.876039 0.901161
