0.000000 0.247596 0.845460 0.664303 0.994256 0.874083 0.704002 0.589867 0.872765 0.928151 0.342510 0.314529 0.649593 0.718069 0.728879 0.599538 0.338066 0.340316 0.497375 0.435092 0.683588 0.919673 0.869219 0.784362 0.881886 0.925815 0.894783 0.841677 0.526449 0.496404 0.760828 0.844074 0.455143 0.471948 0.935413 0.828169 0.682959 0.606112 0.744757 0.640076 0.527378 0.596011 0.628776 0.541542 0.721792 0.600487 0.422106 0.455402 0.549212 0.567357 0.635664 0.660355 0.867749 0.741611 0.511168 0.628521 0.246003 0.310553 0.349925 0.438055 0.408344 0.456535 0.509711 0.400987 0.765601 0.564474 0.565791 0.482749 0.370699 0.492386 0.823263 0.725468 0.636201 0.592965 0.699570 0.861901 0.839035 0.757767 0.457717 0.451172 0.288987 0.345694 0.621740 0.434464 0.560748 0.597723 0.932207 0.962826 0.718181 0.641353 0.969549 0.900751 0.986705 0.836690 0.579288 0.913608 0.724377 0.870661 0.769934 0.782168 0.962443 0.895158 0.768467 0.752783 0.518366 0.625919 0.978436 0.991048 0.886231 0.894246 0.999432 0.625182 0.805749 0.898198 0.737693 0.914393
0.247596 0.000000 0.845861 0.656292 0.900995 0.872219 0.669820 0.562140 0.844488 0.930849 0.367612 0.307939 0.638601 0.647115 0.678586 0.572912 0.356144 0.357031 0.500039 0.407778 0.706494 0.908244 0.829375 0.756597 0.876211 0.933984 0.921794 0.816986 0.423106 0.484596 0.739026 0.775819 0.412114 0.412154 0.950179 0.857898 0.723247 0.696288 0.713321 0.729121 0.578494 0.559521 0.644903 0.555934 0.712117 0.619051 0.471908 0.467439 0.584282 0.557102 0.604892 0.628261 0.809482 0.826430 0.586311 0.726727 0.242189 0.269902 0.345692 0.411873 0.385131 0.461140 0.484606 0.400966 0.774112 0.603781 0.540035 0.484530 0.372926 0.449918 0.781963 0.678634 0.593226 0.576081 0.727564 0.910173 0.815650 0.711776 0.461006 0.427713 0.326163 0.398322 0.595814 0.446673 0.581603 0.625150 0.946510 0.989743 0.762657 0.704806 0.987973 0.957732 0.954840 0.849938 0.589003 0.874333 0.739610 0.903172 0.742975 0.734054 0.910611 0.903799 0.767881 0.804803 0.526441 0.591813 0.978996 0.874385 0.854660 0.910393 0.942916 0.594617 0.816955 0.874199 0.758509 0.863915
0.845460 0.845861 0.000000 0.303087 0.825847 0.919856 0.655841 0.595999 0.654648 0.981873 0.873206 0.807083 0.552318 0.663310 0.746155 0.564739 0.891329 0.924185 0.699391 0.734136 0.665424 0.856878 0.609827 0.619829 0.385201 0.336465 0.815972 0.845142 0.996040 0.946786 0.558905 0.730140 0.668128 0.788668 0.804072 0.905164 0.569939 0.506701 0.531319 0.611147 0.986648 0.961830 0.548558 0.585975 0.736046 0.682098 0.607620 0.709946 0.726976 0.677801 0.571858 0.628242 0.770420 0.769895 0.821087 0.804857 0.940598 0.956712 0.952254 0.904534 0.889735 0.677554 0.654805 0.730463 0.388342 0.422321 0.660682 0.685825 0.724416 0.654482 0.673250 0.646695 0.760252 0.653641 0.862401 0.768597 0.511586 0.686380 0.641904 0.954850 0.913277 0.998782 0.923994 0.951776 0.795794 0.724302 0.941495 0.882436 0.851445 0.766092 0.692164 0.647772 0.607965 0.609422 0.906465 0.805950 0.835881 0.796805 0.818795 0.806638 0.974244 0.784093 0.979045 0.914285 0.673069 0.821373 0.963059 0.815013 0.816007 0.933006 0.973104 0.947483 0.810018 0.977920 0.772120 0.833364
0.664303 0.656292 0.303087 0.000000 0.753966 0.870687 0.619954 0.477017 0.625955 0.971900 0.679357 0.608405 0.485914 0.479512 0.614246 0.458948 0.940095 0.862429 0.614780 0.544970 0.575750 0.840865 0.523074 0.505749 0.419904 0.360163 0.774757 0.801952 0.834110 0.864947 0.521618 0.674311 0.514652 0.641065 0.765704 0.902207 0.493841 0.496258 0.458356 0.613209 0.901929 0.904310 0.502608 0.474512 0.667627 0.607423 0.568935 0.656747 0.608452 0.508197 0.479878 0.528591 0.657548 0.795951 0.730681 0.711654 0.745756 0.837319 0.921053 0.807058 0.768376 0.583628 0.856254 0.947696 0.351973 0.368059 0.607001 0.629468 0.563123 0.443045 0.653564 0.609939 0.825334 0.665676 0.797163 0.765698 0.572529 0.651900 0.485861 0.791225 0.899745 0.824974 0.812506 0.786817 0.649497 0.582002 0.910393 0.937106 0.773630 0.624901 0.755197 0.697954 0.629104 0.655773 0.769541 0.746992 0.853155 0.865679 0.765517 0.781156 0.923166 0.820480 0.896346 0.970055 0.554494 0.676565 0.951394 0.915603 0.897819 0.929833 0.859473 0.950239 0.826372 0.967341 0.682116 0.914598
0.994256 0.900995 0.825847 0.753966 0.000000 0.968376 0.950544 0.858369 0.830856 0.956969 0.983651 0.939664 0.775572 0.991739 0.800354 0.913352 0.992840 0.989667 0.999701 0.922272 0.894312 0.837411 0.988102 0.983870 0.807852 0.729019 0.951473 0.885233 0.940496 0.915245 0.882730 0.885248 0.961147 0.890109 0.816196 0.961031 0.797600 0.922060 0.795509 0.953780 0.990733 0.886548 0.829921 0.812840 0.889418 0.889708 0.930936 0.826276 0.926264 0.882584 0.908537 0.952598 0.928205 0.967390 0.944973 0.834496 0.961027 0.975649 0.998963 0.989758 0.870773 0.947672 0.917475 0.900121 0.881521 0.965856 0.853045 0.817662 0.861447 0.830198 0.820844 0.856763 0.793943 0.900778 0.970014 0.997221 0.797295 0.994546 0.801765 0.910082 0.944480 0.978114 0.969379 0.980442 0.980730 0.972580 0.743904 0.868381 0.864100 0.897550 0.987422 0.897220 0.908112 0.926306 0.917086 0.828248 0.998473 0.951470 0.941948 0.956615 0.833134 0.929165 0.985276 0.935995 0.927645 0.910738 0.944564 0.895112 0.988036 0.823101 0.983924 0.981502 0.878312 0.999588 0.983130 0.806867
0.874083 0.872219 0.919856 0.870687 0.968376 0.000000 0.588535 0.513539 0.764149 0.576423 0.910501 0.723616 0.843373 0.976334 0.898997 0.745236 0.784217 0.891198 0.711412 0.830563 0.842332 0.942009 0.917736 0.864491 0.829488 0.970328 0.540867 0.897545 0.846930 0.765267 0.798754 0.684546 0.718604 0.700857 0.888173 0.873693 0.984619 0.924931 0.995103 0.931284 0.903447 0.890488 0.872277 0.978826 0.980240 0.835305 0.995694 0.831479 0.800991 0.808097 0.958583 0.907018 0.955025 0.979171 0.852125 0.982904 0.986865 0.988853 0.898722 0.991971 0.694594 0.679278 0.991829 0.943968 0.803762 0.778380 0.819435 0.642636 0.935637 0.847498 0.545050 0.550850 0.627594 0.631432 0.936258 0.956145 0.781395 0.741137 0.910653 0.884726 0.997281 0.975209 0.750203 0.828128 0.777076 0.830026 0.760584 0.762115 0.782636 0.668605 0.494892 0.583354 0.570418 0.727920 0.810595 0.926356 0.627810 0.772845 0.536156 0.666564 0.685985 0.814205 0.700992 0.869857 0.822043 0.910826 0.955577 0.852723 0.846379 0.978680 0.909276 0.745424 0.685858 0.949567 0.893825 0.934930
0.704002 0.669820 0.655841 0.619954 0.950544 0.588535 0.000000 0.330410 0.407183 0.531937 0.612060 0.611023 0.638947 0.749029 0.648066 0.405103 0.636818 0.623864 0.334496 0.530189 0.759318 0.895476 0.605852 0.775468 0.987630 0.839690 0.764711 0.889420 0.541421 0.510392 0.318727 0.359835 0.323181 0.344575 0.943196 0.895219 0.859992 0.825480 0.854552 0.893685 0.946650 0.955056 0.459925 0.494654 0.445851 0.595469 0.783177 0.785524 0.751183 0.826205 0.590261 0.679833 0.599643 0.663111 0.890089 0.857701 0.641082 0.902027 0.877307 0.924929 0.532129 0.788495 0.817193 0.783696 0.867928 0.812557 0.373190 0.471180 0.913755 0.887137 0.528545 0.441182 0.480366 0.505795 0.980543 0.799577 0.556082 0.499313 0.599770 0.631156 0.787271 0.824324 0.784969 0.939934 0.891915 0.891729 0.875810 0.930876 0.871870 0.944217 0.536548 0.559414 0.609394 0.701638 0.640913 0.665806 0.685894 0.679566 0.425987 0.455361 0.782788 0.530406 0.661382 0.797548 0.656656 0.876361 0.876335 0.864661 0.797689 0.951343 0.885578 0.666225 0.473050 0.865756 0.694405 0.942217
0.589867 0.562140 0.595999 0.477017 0.858369 0.513539 0.330410 0.000000 0.457975 0.486265 0.534482 0.423278 0.618907 0.601142 0.739053 0.436744 0.621382 0.610623 0.361456 0.410590 0.762452 0.877054 0.750252 0.806058 0.884665 0.739941 0.757170 0.948864 0.576138 0.519460 0.418151 0.468821 0.379329 0.360179 0.963666 0.861497 0.723801 0.715795 0.768264 0.724239 0.796198 0.814206 0.469556 0.501401 0.567570 0.674044 0.714021 0.768636 0.806524 0.793152 0.594706 0.673384 0.709799 0.799734 0.861356 0.793145 0.620197 0.812667 0.782568 0.897252 0.517933 0.491055 0.869228 0.774561 0.838053 0.590033 0.461126 0.466979 0.779509 0.776138 0.398755 0.329041 0.486425 0.450425 0.854416 0.794128 0.496186 0.548582 0.479434 0.638029 0.754120 0.820307 0.939432 0.925082 0.967114 0.914191 0.758031 0.798739 0.940939 0.965453 0.459770 0.512292 0.467556 0.653877 0.678154 0.714215 0.555955 0.702691 0.423131 0.451535 0.653212 0.615682 0.530446 0.731434 0.561129 0.720298 0.907307 0.853964 0.872104 0.986283 0.956963 0.641154 0.552301 0.840917 0.628057 0.915635
0.872765 0.844488 0.654648 0.625955 0.830856 0.764149 0.407183 0.457975 0.000000 0.455876 0.785776 0.708208 0.777903 0.819035 0.804925 0.529001 0.810833 0.804534 0.528046 0.569202 0.726466 0.928367 0.736113 0.923534 0.957516 0.662053 0.855230 0.842121 0.640694 0.707162 0.359065 0.479102 0.533141 0.511317 0.914414 0.970198 0.761318 0.826089 0.768737 0.843957 0.911559 0.922018 0.452914 0.518636 0.479213 0.640784 0.938764 0.884137 0.764045 0.839395 0.660428 0.737100 0.639682 0.547227 0.884749 0.902754 0.793056 0.870497 0.856464 0.710317 0.817591 0.821209 0.949633 0.990097 0.829589 0.897266 0.527016 0.744018 0.924509 0.903211 0.424437 0.412448 0.638448 0.599798 0.990445 0.704356 0.492029 0.479943 0.690159 0.811602 0.998902 0.862544 0.936067 0.891435 0.859430 0.909894 0.730327 0.740219 0.806002 0.898457 0.435242 0.428984 0.464357 0.486199 0.748564 0.689123 0.735076 0.656985 0.465414 0.427929 0.659609 0.478965 0.560468 0.719518 0.736143 0.954113 0.837360 0.791817 0.813337 0.899583 0.877139 0.632290 0.636717 0.973787 0.810556 0.918005
0.928151 0.930849 0.981873 0.971900 0.956969 0.576423 0.531937 0.486265 0.455876 0.000000 0.756872 0.678987 0.955859 0.934261 0.967297 0.705910 0.680614 0.709363 0.591101 0.587519 0.951689 0.944375 0.920896 0.788365 0.697443 0.952761 0.646427 0.671097 0.584624 0.573700 0.603377 0.642155 0.706211 0.567786 0.887809 0.923616 0.971931 0.962480 0.862009 0.991500 0.999492 0.916094 0.725422 0.815873 0.716218 0.926349 0.808189 0.834931 0.932943 0.792126 0.984254 0.922324 0.865978 0.727870 0.766522 0.907117 0.870313 0.886344 0.883591 0.668993 0.750480 0.804261 0.893831 0.857566 0.701675 0.932680 0.735078 0.808305 0.860287 0.765737 0.400881 0.408416 0.546213 0.574107 0.900091 0.812919 0.636651 0.596989 0.800257 0.879643 0.974098 0.842901 0.833555 0.742239 0.533944 0.593434 0.688175 0.662171 0.746029 0.694061 0.367204 0.433780 0.481423 0.553427 0.872643 0.738381 0.679465 0.689017 0.394400 0.482115 0.547063 0.541262 0.420497 0.575529 0.851610 0.979781 0.934343 0.854253 0.754981 0.904732 0.707019 0.586771 0.586750 0.996091 0.885780 0.987310
0.342510 0.367612 0.873206 0.679357 0.983651 0.910501 0.612060 0.534482 0.785776 0.756872 0.000000 0.327148 0.658615 0.693275 0.704613 0.625742 0.318445 0.251788 0.429106 0.409038 0.801787 0.974865 0.901702 0.811392 0.962568 0.984200 0.945061 0.952036 0.364903 0.319751 0.699565 0.780117 0.457124 0.393524 0.975158 0.805899 0.747836 0.713615 0.774959 0.795392 0.641051 0.685529 0.751533 0.667471 0.728238 0.712667 0.599823 0.627333 0.765152 0.792301 0.752043 0.863080 0.936560 0.803699 0.673690 0.768645 0.347459 0.379686 0.535679 0.603750 0.335234 0.507340 0.417658 0.342236 0.916679 0.660209 0.571208 0.583559 0.481289 0.534797 0.780151 0.637135 0.618140 0.588970 0.782636 0.776028 0.852296 0.772354 0.431152 0.470468 0.383038 0.402507 0.665677 0.529696 0.754718 0.735863 0.980294 0.979773 0.826733 0.759007 0.943207 0.975932 0.970264 0.910036 0.606567 0.803808 0.789884 0.831113 0.744345 0.815620 0.957596 0.887133 0.738232 0.664681 0.620832 0.686925 0.829376 0.900960 0.934441 0.883814 0.970924 0.657522 0.756793 0.989448 0.729448 0.921728
0.314529 0.307939 0.807083 0.608405 0.939664 0.723616 0.611023 0.423278 0.708208 0.678987 0.327148 0.000000 0.535219 0.545293 0.645498 0.468145 0.356641 0.375523 0.462566 0.392763 0.707005 0.912246 0.876388 0.782880 0.963491 0.917192 0.967302 0.957318 0.407251 0.406647 0.669948 0.717960 0.422241 0.404801 0.964263 0.826522 0.706295 0.670574 0.754056 0.706372 0.626949 0.606146 0.642420 0.594093 0.705058 0.667518 0.541591 0.620644 0.680722 0.668143 0.638691 0.707095 0.800571 0.921610 0.663346 0.763739 0.366795 0.424943 0.519589 0.570346 0.329708 0.338889 0.551133 0.443047 0.851205 0.541191 0.609434 0.566533 0.485360 0.572725 0.611364 0.525937 0.586362 0.512415 0.698148 0.809277 0.751189 0.655384 0.442352 0.482525 0.399410 0.513814 0.758865 0.589841 0.805954 0.721904 0.913617 0.825216 0.735753 0.796949 0.745589 0.833769 0.744166 0.963704 0.611980 0.804050 0.645011 0.842319 0.652697 0.671830 0.800508 0.870803 0.573687 0.623568 0.512899 0.644759 0.911862 0.924283 0.819043 0.921439 0.993656 0.582953 0.798833 0.925985 0.726836 0.882872
0.649593 0.638601 0.552318 0.485914 0.775572 0.843373 0.638947 0.618907 0.777903 0.955859 0.658615 0.535219 0.000000 0.450031 0.352418 0.333354 0.859377 0.837910 0.637732 0.687591 0.747181 0.902467 0.458162 0.412029 0.681886 0.727043 0.705796 0.866460 0.805414 0.758138 0.704950 0.757277 0.500072 0.669539 0.876836 0.929684 0.703766 0.633493 0.650705 0.694306 0.981285 0.732059 0.673856 0.625660 0.729392 0.664698 0.557943 0.710471 0.603840 0.563917 0.450449 0.503017 0.581482 0.749159 0.733818 0.727507 0.709346 0.727053 0.807912 0.735600 0.513125 0.522483 0.938855 0.885094 0.465489 0.438308 0.752757 0.750323 0.688322 0.599356 0.868123 0.800270 0.954912 0.781573 0.764849 0.755871 0.666800 0.706599 0.637295 0.629035 0.751763 0.706567 0.703430 0.682770 0.591521 0.463751 0.895024 0.847961 0.556470 0.735529 0.820784 0.828961 0.830333 0.833413 0.695960 0.844524 0.843852 0.811744 0.825406 0.796201 0.948546 0.836541 0.861270 0.984728 0.659343 0.730434 0.957432 0.968618 0.998447 0.951550 0.930354 0.837295 0.739927 0.982631 0.628982 0.982173
0.718069 0.647115 0.663310 0.479512 0.991739 0.976334 0.749029 0.601142 0.819035 0.934261 0.693275 0.545293 0.450031 0.000000 0.382594 0.423110 0.904887 0.786484 0.646396 0.585581 0.832574 0.875423 0.465299 0.430744 0.747767 0.756128 0.708609 0.859606 0.703091 0.706863 0.747759 0.702029 0.536942 0.722755 0.854637 0.973169 0.776119 0.692853 0.721315 0.777497 0.880712 0.785277 0.685857 0.604399 0.681386 0.607490 0.679077 0.705447 0.621719 0.478982 0.552484 0.476288 0.601695 0.725633 0.789777 0.885965 0.734283 0.724306 0.826836 0.759920 0.703197 0.627413 0.928258 0.882401 0.550335 0.557478 0.889487 0.861473 0.729834 0.589748 0.878162 0.816655 0.978533 0.831057 0.829683 0.793015 0.723523 0.766870 0.571216 0.735910 0.838523 0.815568 0.674484 0.702722 0.715035 0.579808 0.984208 0.892249 0.735224 0.581823 0.906032 0.910795 0.845951 0.887921 0.843436 0.853452 0.897312 0.964360 0.875222 0.793638 0.988601 0.941832 0.768755 0.909725 0.651331 0.697654 0.944222 0.993682 0.994479 0.943207 0.891554 0.911665 0.888302 0.958255 0.605093 0.893332
0.728879 0.678586 0.746155 0.614246 0.800354 0.898997 0.648066 0.739053 0.804925 0.967297 0.704613 0.645498 0.352418 0.382594 0.000000 0.362099 0.871721 0.758377 0.626935 0.664968 0.797442 0.987269 0.311307 0.357697 0.798854 0.841266 0.611179 0.867518 0.724269 0.659346 0.629808 0.709158 0.503142 0.708743 0.884343 0.987427 0.788085 0.771150 0.730500 0.877853 0.986543 0.853307 0.693547 0.569108 0.583622 0.528083 0.686000 0.684116 0.528984 0.471038 0.449293 0.432752 0.447515 0.635666 0.663918 0.811640 0.653128 0.725858 0.850716 0.868544 0.615736 0.769289 0.798676 0.781053 0.522968 0.720161 0.777247 0.896876 0.771518 0.641000 0.969725 0.945464 0.950764 0.964243 0.868257 0.847757 0.813657 0.722993 0.736546 0.645497 0.707305 0.685388 0.507821 0.621954 0.540090 0.461919 0.795412 0.716290 0.669062 0.651468 0.988949 0.970334 0.972869 0.972474 0.744481 0.843991 0.999478 0.983686 0.907943 0.780542 0.870519 0.810920 0.904449 0.956337 0.733882 0.870733 0.927926 0.952952 0.956171 0.949285 0.930295 0.882059 0.817040 0.993294 0.673056 0.906996
0.599538 0.572912 0.564739 0.458948 0.913352 0.745236 0.405103 0.436744 0.529001 0.705910 0.625742 0.468145 0.333354 0.423110 0.362099 0.000000 0.694651 0.672082 0.442848 0.454571 0.656197 0.876308 0.402847 0.468602 0.750485 0.722579 0.875673 0.962943 0.632564 0.585705 0.414479 0.515907 0.335142 0.460305 0.909423 0.940211 0.699632 0.599969 0.679947 0.716680 0.916112 0.783709 0.438908 0.416359 0.461060 0.489627 0.612523 0.660707 0.530707 0.557540 0.414086 0.468866 0.458284 0.620306 0.782798 0.741766 0.559628 0.769073 0.833960 0.935154 0.506157 0.568961 0.908953 0.823250 0.534672 0.566371 0.563068 0.631803 0.694911 0.704749 0.629303 0.545646 0.739917 0.604933 0.834983 0.711657 0.534262 0.493517 0.551724 0.602733 0.723444 0.778012 0.655154 0.729786 0.714002 0.628235 0.980553 0.961595 0.789280 0.765529 0.651598 0.695837 0.692156 0.743407 0.659355 0.658244 0.778092 0.799965 0.568046 0.508663 0.834591 0.655248 0.629903 0.788894 0.557011 0.756477 0.896705 0.829889 0.799595 0.947165 0.920663 0.675886 0.570929 0.913124 0.610351 0.934823
0.338066 0.356144 0.891329 0.940095 0.992840 0.784217 0.636818 0.621382 0.810833 0.680614 0.318445 0.356641 0.859377 0.904887 0.871721 0.694651 0.000000 0.226239 0.474217 0.446982 0.791675 0.885175 0.911582 0.968989 0.736034 0.791890 0.853596 0.993884 0.340846 0.312893 0.766996 0.802681 0.540333 0.406776 0.879704 0.794276 0.845537 0.856109 0.964532 0.876194 0.605901 0.682810 0.787129 0.708634 0.765526 0.779681 0.706116 0.684597 0.809279 0.908141 0.894193 0.984626 0.978425 0.718615 0.760648 0.818601 0.296272 0.378281 0.465291 0.673179 0.376485 0.600463 0.338322 0.276443 0.844341 0.872097 0.591849 0.575299 0.575966 0.769643 0.737791 0.621183 0.524937 0.566424 0.859596 0.929835 0.931770 0.779352 0.530054 0.494515 0.333608 0.434498 0.696510 0.617898 0.877291 0.928357 0.959576 0.929735 0.923954 0.919435 0.941026 0.951481 0.985645 0.824784 0.628003 0.872200 0.743057 0.795082 0.686399 0.722005 0.853787 0.983191 0.654984 0.564769 0.711560 0.716228 0.955412 0.976509 0.706836 0.958614 0.873261 0.548007 0.802922 0.917683 0.899278 0.914550
0.340316 0.357031 0.924185 0.862429 0.989667 0.891198 0.623864 0.610623 0.804534 0.709363 0.251788 0.375523 0.837910 0.786484 0.758377 0.672082 0.226239 0.000000 0.435521 0.396150 0.832463 0.979003 0.957075 0.913311 0.781295 0.819250 0.973086 0.996422 0.312807 0.266071 0.737715 0.762247 0.489365 0.379700 0.926109 0.819398 0.820223 0.828047 0.926542 0.864919 0.585399 0.683458 0.798814 0.687150 0.721166 0.724023 0.700636 0.639919 0.790860 0.853613 0.844360 0.913188 0.918138 0.751283 0.728131 0.871996 0.273999 0.345733 0.511606 0.676014 0.374169 0.642614 0.304339 0.242252 0.933018 0.859898 0.596811 0.600221 0.562758 0.664178 0.805815 0.675616 0.568109 0.634861 0.913324 0.907848 0.966120 0.758241 0.506695 0.446379 0.338531 0.409097 0.589008 0.548487 0.797656 0.840368 0.980959 0.965562 0.932299 0.837877 0.984021 0.900165 0.943876 0.825665 0.608446 0.828103 0.849972 0.889177 0.732470 0.740501 0.894685 0.958628 0.713623 0.632012 0.696863 0.721943 0.901644 0.912553 0.836390 0.984427 0.922280 0.594882 0.823773 0.950998 0.820441 0.850371
0.497375 0.500039 0.699391 0.614780 0.999701 0.711412 0.334496 0.361456 0.528046 0.591101 0.429106 0.462566 0.637732 0.646396 0.626935 0.442848 0.474217 0.435521 0.000000 0.387704 0.791319 0.976776 0.678721 0.794252 0.951930 0.898986 0.896803 0.935356 0.398641 0.362541 0.468613 0.498292 0.359739 0.311503 0.917781 0.946735 0.845213 0.804173 0.804742 0.898311 0.795290 0.783726 0.563796 0.570236 0.556051 0.614428 0.671273 0.722259 0.720797 0.774231 0.708168 0.729787 0.747240 0.899429 0.816242 0.876202 0.510147 0.675918 0.681506 0.835248 0.411996 0.644662 0.661546 0.611649 0.877198 0.696197 0.437328 0.477740 0.719889 0.757698 0.610181 0.490615 0.531340 0.490395 0.864163 0.834089 0.657918 0.566704 0.480800 0.565171 0.620727 0.660716 0.741329 0.746308 0.843825 0.859432 0.885167 0.999615 0.978080 0.945743 0.697659 0.770276 0.737205 0.859267 0.615164 0.739469 0.693984 0.818757 0.568215 0.538689 0.889638 0.737851 0.689287 0.757524 0.662492 0.817924 0.977983 0.919801 0.823328 0.923329 0.955574 0.641352 0.625737 0.986887 0.639762 0.901439
0.435092 0.407778 0.734136 0.544970 0.922272 0.830563 0.530189 0.410590 0.569202 0.587519 0.409038 0.392763 0.687591 0.585581 0.664968 0.454571 0.446982 0.396150 0.387704 0.000000 0.663874 0.956625 0.746530 0.765978 0.896367 0.819292 0.998823 0.957161 0.411092 0.429821 0.524897 0.603272 0.427640 0.369890 0.918542 0.866899 0.707859 0.644017 0.757712 0.810816 0.729975 0.701052 0.524710 0.479491 0.583791 0.621158 0.688560 0.696587 0.689978 0.693114 0.677695 0.717916 0.734510 0.923725 0.831682 0.842521 0.400060 0.595725 0.724505 0.842406 0.526920 0.573340 0.693754 0.607687 0.812083 0.683115 0.552483 0.599056 0.593980 0.636141 0.523193 0.440961 0.596725 0.504643 0.876113 0.845715 0.643064 0.596683 0.471567 0.595512 0.631070 0.715256 0.742972 0.783643 0.887591 0.896797 0.903161 0.949019 0.979089 0.787942 0.731425 0.775373 0.746218 0.818214 0.650529 0.778270 0.740920 0.798415 0.576680 0.526238 0.763031 0.828399 0.620096 0.671019 0.522238 0.658303 0.923860 0.961613 0.869127 0.968256 0.984836 0.566565 0.654377 0.969826 0.727541 0.918330
0.683588 0.706494 0.665424 0.575750 0.894312 0.842332 0.759318 0.762452 0.726466 0.951689 0.801787 0.707005 0.747181 0.832574 0.797442 0.656197 0.791675 0.832463 0.791319 0.663874 0.000000 0.858042 0.790920 0.842133 0.794324 0.679648 0.844727 0.842347 0.866393 0.852642 0.673149 0.891481 0.710295 0.763001 0.863990 0.888247 0.582287 0.788542 0.643434 0.723450 0.926338 0.853866 0.648039 0.641951 0.763093 0.765102 0.678136 0.705790 0.726196 0.759841 0.775433 0.787654 0.866640 0.960869 0.879030 0.857670 0.748007 0.813593 0.824246 0.870855 0.806719 0.676585 0.959047 0.949690 0.686207 0.685955 0.684132 0.654620 0.682757 0.659543 0.733687 0.744801 0.805314 0.697449 0.912299 0.820821 0.802208 0.707260 0.734133 0.800034 0.814648 0.853130 0.919794 0.881065 0.815567 0.777544 0.978825 0.877871 0.938651 0.868120 0.815071 0.814997 0.818197 0.849859 0.799602 0.883094 0.827320 0.860969 0.762115 0.767284 0.817960 0.912133 0.839882 0.727117 0.621469 0.750327 0.927342 0.994051 0.801446 0.982039 0.964569 0.875957 0.878940 0.990120 0.863661 0.812127
0.919673 0.908244 0.856878 0.840865 0.837411 0.942009 0.895476 0.877054 0.928367 0.944375 0.974865 0.912246 0.902467 0.875423 0.987269 0.876308 0.885175 0.979003 0.976776 0.956625 0.858042 0.000000 0.949895 0.908886 0.778675 0.851300 0.999741 0.937574 0.934422 0.897096 0.848360 0.918717 0.918164 0.854309 0.859776 0.913087 0.665717 0.796801 0.941294 0.824592 0.949784 0.955036 0.808447 0.861689 0.884588 0.924435 0.836495 0.815786 0.954481 0.991516 0.898907 0.972714 0.937453 0.994376 0.933550 0.916236 0.897991 0.978739 0.988799 0.942911 0.994242 0.964352 0.916812 0.980551 0.836771 0.923920 0.810434 0.904048 0.934797 0.939814 0.758602 0.881437 0.948095 0.920153 0.805527 0.955037 0.907078 0.949774 0.960224 0.851652 0.943455 0.902808 0.976886 0.909568 0.872226 0.897999 0.956827 0.934919 0.925898 0.980757 0.923934 0.863754 0.869542 0.911192 0.957662 0.857783 0.924332 0.949950 0.884659 0.925664 0.840065 0.919068 0.905774 0.847747 0.930873 0.983810 0.947432 0.959912 0.804694 0.993553 0.961618 0.964049 0.971794 0.947784 0.927692 0.829762
0.869219 0.829375 0.609827 0.523074 0.988102 0.917736 0.605852 0.750252 0.736113 0.920896 0.901702 0.876388 0.458162 0.465299 0.311307 0.402847 0.911582 0.957075 0.678721 0.746530 0.790920 0.949895 0.000000 0.291765 0.641926 0.676320 0.599967 0.748493 0.895284 0.874393 0.589663 0.651482 0.528770 0.765223 0.782084 0.878593 0.816291 0.787786 0.719399 0.858432 0.905057 0.992914 0.551667 0.481092 0.463754 0.440025 0.693843 0.656412 0.489004 0.427664 0.401941 0.337060 0.332160 0.470205 0.761156 0.771079 0.810494 0.943231 0.991995 0.996490 0.863217 0.985867 0.942264 0.943866 0.402052 0.767294 0.696388 0.839267 0.879932 0.682535 0.978083 0.964965 0.927242 0.986225 0.876844 0.834073 0.679003 0.678341 0.790846 0.783072 0.931772 0.869271 0.581430 0.743909 0.489455 0.446028 0.869116 0.733676 0.741720 0.614829 0.950004 0.924400 0.957832 0.911335 0.856681 0.763855 0.914066 0.941441 0.849999 0.700320 0.893206 0.790555 0.951681 0.940539 0.706424 0.878703 0.884357 0.938944 0.957593 0.969139 0.914298 0.938947 0.702669 0.986380 0.650725 0.956234
0.784362 0.756597 0.619829 0.505749 0.983870 0.864491 0.775468 0.806058 0.923534 0.788365 0.811392 0.782880 0.412029 0.430744 0.357697 0.468602 0.968989 0.913311 0.794252 0.765978 0.842133 0.908886 0.291765 0.000000 0.550048 0.701647 0.572089 0.753878 0.926244 0.882413 0.765467 0.797303 0.626759 0.807144 0.783977 0.972002 0.743198 0.709347 0.674353 0.813584 0.980479 0.916104 0.644850 0.525399 0.563007 0.479931 0.608697 0.577406 0.480221 0.393574 0.394329 0.388586 0.451848 0.629242 0.715788 0.713100 0.765517 0.808555 0.911793 0.830818 0.833954 0.863777 0.972917 0.993048 0.388461 0.653499 0.754522 0.897507 0.789202 0.610998 0.930156 0.978723 0.905385 0.950608 0.802088 0.881911 0.713357 0.763156 0.769827 0.739592 0.818497 0.741417 0.560460 0.602139 0.456748 0.354940 0.881025 0.713941 0.614888 0.500571 0.923446 0.941748 0.934713 0.967642 0.811394 0.798082 0.912062 0.940878 0.974603 0.820884 0.823783 0.919864 0.988955 0.992225 0.703480 0.782496 0.971497 0.997099 0.987825 0.939901 0.845834 0.995358 0.851658 0.968615 0.683233 0.982683
0.881886 0.876211 0.385201 0.419904 0.807852 0.829488 0.987630 0.884665 0.957516 0.697443 0.962568 0.963491 0.681886 0.747767 0.798854 0.750485 0.736034 0.781295 0.951930 0.896367 0.794324 0.778675 0.641926 0.550048 0.000000 0.383792 0.670941 0.738576 0.768825 0.679903 0.775739 0.943066 0.831964 0.997920 0.762368 0.884723 0.583621 0.549873 0.607782 0.606782 0.946997 0.991304 0.627182 0.617250 0.828018 0.701255 0.626574 0.641973 0.621757 0.539769 0.533216 0.566009 0.745758 0.812854 0.709732 0.725344 0.928661 0.998329 0.954929 0.837086 0.881860 0.820839 0.598871 0.688687 0.304664 0.519502 0.843508 0.882389 0.684342 0.594661 0.886351 0.941488 0.933391 0.923560 0.680091 0.888540 0.665071 0.798629 0.845244 0.981428 0.932700 0.985813 0.913633 0.852730 0.612901 0.585167 0.920561 0.946495 0.718126 0.613998 0.971367 0.881715 0.813718 0.765114 0.991349 0.878778 0.997379 0.976326 0.993711 0.997519 0.925977 0.977381 0.896028 0.795417 0.622576 0.826287 0.967150 0.883890 0.759716 0.910253 0.900733 0.863062 0.956674 0.917120 0.886511 0.809099
0.925815 0.933984 0.336465 0.360163 0.729019 0.970328 0.839690 0.739941 0.662053 0.952761 0.984200 0.917192 0.727043 0.756128 0.841266 0.722579 0.791890 0.819250 0.898986 0.819292 0.679648 0.851300 0.676320 0.701647 0.383792 0.000000 0.815700 0.801385 0.914321 0.790890 0.702160 0.828223 0.776592 0.922585 0.652579 0.909829 0.530491 0.669952 0.553434 0.624498 0.927054 0.956228 0.596395 0.669887 0.816596 0.762040 0.734197 0.782907 0.743945 0.640674 0.629061 0.665625 0.814437 0.797059 0.886610 0.833439 0.975516 0.887230 0.830935 0.985283 0.917126 0.788068 0.596486 0.655915 0.413355 0.537786 0.784018 0.837387 0.747672 0.670532 0.720814 0.751574 0.906770 0.814557 0.859248 0.807454 0.573056 0.732516 0.808546 0.983827 0.844324 0.874183 0.988078 0.985437 0.837065 0.781188 0.891890 0.820055 0.950941 0.739200 0.739132 0.664683 0.599263 0.616139 0.873166 0.872420 0.866788 0.824196 0.862077 0.834756 0.957869 0.903615 0.971623 0.940777 0.648498 0.855694 0.885422 0.765317 0.909647 0.893516 0.902252 0.966987 0.902354 0.915631 0.862232 0.869279
0.894783 0.921794 0.815972 0.774757 0.951473 0.540867 0.764711 0.757170 0.855230 0.646427 0.945061 0.967302 0.705796 0.708609 0.611179 0.875673 0.853596 0.973086 0.896803 0.998823 0.844727 0.999741 0.599967 0.572089 0.670941 0.815700 0.000000 0.701538 0.953485 0.928561 0.945406 0.811051 0.990806 0.859629 0.765629 0.881184 0.796182 0.765284 0.818540 0.870611 0.984650 0.911930 0.964233 0.856478 0.898002 0.739589 0.798943 0.709339 0.647665 0.594522 0.761454 0.687366 0.686687 0.853315 0.737182 0.866954 0.919794 0.862735 0.995944 0.844633 0.928039 0.976913 0.952075 0.953034 0.507423 0.861982 0.925413 0.791907 0.771363 0.605220 0.709242 0.687758 0.706199 0.803748 0.785071 0.879885 0.989620 0.992747 0.953706 0.912235 0.909268 0.824825 0.645533 0.675205 0.571445 0.537723 0.758454 0.758591 0.574769 0.604640 0.714116 0.740597 0.750663 0.862645 0.931342 0.992973 0.722556 0.759101 0.716228 0.820552 0.651338 0.810643 0.776786 0.940540 0.914631 0.861460 0.854275 0.873402 0.801825 0.933615 0.917057 0.902057 0.783147 0.928698 0.886296 0.948367
0.841677 0.816986 0.845142 0.801952 0.885233 0.897545 0.889420 0.948864 0.842121 0.671097 0.952036 0.957318 0.866460 0.859606 0.867518 0.962943 0.993884 0.996422 0.935356 0.957161 0.842347 0.937574 0.748493 0.753878 0.738576 0.801385 0.701538 0.000000 0.948030 0.891399 0.897251 0.806784 0.936396 0.909452 0.767474 0.951455 0.882946 0.981382 0.798255 0.755817 0.915351 0.974583 0.910734 0.857892 0.984077 0.897929 0.790322 0.710449 0.791347 0.698439 0.822628 0.751462 0.885094 0.929142 0.758601 0.780196 0.908575 0.780298 0.871616 0.779121 0.941511 0.982570 0.982123 0.961764 0.680982 0.829235 0.980339 0.928431 0.730394 0.711023 0.834434 0.862822 0.851211 0.876234 0.870231 0.826717 0.899421 0.948586 0.850394 0.965324 0.924940 0.773221 0.854125 0.792270 0.585461 0.609557 0.809067 0.816090 0.733649 0.628135 0.765452 0.839530 0.816876 0.897308 0.896841 0.839839 0.755418 0.979622 0.876249 0.891188 0.715151 0.763380 0.723825 0.830053 0.942761 0.904706 0.985903 0.969020 0.920090 0.968367 0.814225 0.946104 0.922258 0.967172 0.887026 0.984646
0.526449 0.423106 0.996040 0.834110 0.940496 0.846930 0.541421 0.576138 0.640694 0.584624 0.364903 0.407251 0.805414 0.703091 0.724269 0.632564 0.340846 0.312807 0.398641 0.411092 0.866393 0.934422 0.895284 0.926244 0.768825 0.914321 0.953485 0.948030 0.000000 0.301096 0.664461 0.679606 0.463323 0.348605 0.957381 0.875668 0.919215 0.940318 0.931380 0.979947 0.726359 0.673588 0.780147 0.725277 0.665682 0.730012 0.811619 0.783699 0.783308 0.850502 0.820960 0.905458 0.834477 0.990497 0.869421 0.960887 0.438918 0.535119 0.651341 0.817363 0.433500 0.723862 0.422888 0.413333 0.903585 0.925577 0.577437 0.672578 0.688644 0.742412 0.712319 0.570355 0.518993 0.612117 0.917671 0.892346 0.855268 0.708867 0.557621 0.553379 0.499575 0.593538 0.667682 0.683755 0.941695 0.946449 0.926079 0.957835 0.990696 0.970060 0.841905 0.902145 0.861641 0.989935 0.687466 0.800968 0.830755 0.828921 0.662367 0.695446 0.913279 0.856296 0.674961 0.613282 0.757279 0.754123 0.917580 0.958133 0.783902 0.995098 0.985089 0.564357 0.778427 0.995011 0.894333 0.783622
0.496404 0.484596 0.946786 0.864947 0.915245 0.765267 0.510392 0.519460 0.707162 0.573700 0.319751 0.406647 0.758138 0.706863 0.659346 0.585705 0.312893 0.266071 0.362541 0.429821 0.852642 0.897096 0.874393 0.882413 0.679903 0.790890 0.928561 0.891399 0.301096 0.000000 0.650123 0.655098 0.479084 0.392200 0.901962 0.875244 0.938750 0.944782 0.989256 0.999995 0.738158 0.678857 0.803831 0.691610 0.647565 0.719794 0.797194 0.796734 0.833198 0.898449 0.854087 0.903710 0.848078 0.961264 0.818027 0.900462 0.433751 0.528937 0.586285 0.799445 0.354936 0.662634 0.371256 0.350505 0.857729 0.902246 0.556735 0.623495 0.734309 0.819215 0.744676 0.635911 0.541331 0.625274 0.944217 0.850076 0.882174 0.661740 0.563598 0.529374 0.470152 0.536006 0.670625 0.658597 0.935901 0.902922 0.905165 0.924749 0.995555 0.933621 0.857381 0.980042 0.954326 0.923934 0.632754 0.766193 0.722359 0.849838 0.644809 0.635005 0.907995 0.797618 0.618426 0.585708 0.753554 0.778638 0.926120 0.994623 0.827492 0.955748 0.962147 0.575846 0.742172 0.997388 0.730394 0.938325
0.760828 0.739026 0.558905 0.521618 0.882730 0.798754 0.318727 0.418151 0.359065 0.603377 0.699565 0.669948 0.704950 0.747759 0.629808 0.414479 0.766996 0.737715 0.468613 0.524897 0.673149 0.848360 0.589663 0.765467 0.775739 0.702160 0.945406 0.897251 0.664461 0.650123 0.000000 0.406366 0.421764 0.456819 0.958515 0.961323 0.719793 0.667343 0.730500 0.795862 0.968561 0.971786 0.409039 0.406695 0.415247 0.536857 0.793426 0.758050 0.668867 0.722392 0.534070 0.629254 0.570067 0.573345 0.839578 0.862663 0.654768 0.999184 0.992777 0.840739 0.713031 0.785113 0.981085 0.909297 0.715645 0.811775 0.428799 0.613936 0.843408 0.815894 0.489407 0.468023 0.581053 0.553312 0.935099 0.720259 0.510916 0.418089 0.591503 0.698682 0.849469 0.941560 0.820704 0.978977 0.931106 0.897033 0.832081 0.757780 0.911449 0.997429 0.557031 0.529834 0.547234 0.591771 0.764794 0.701701 0.774761 0.806279 0.477798 0.475983 0.789728 0.490637 0.626146 0.773412 0.632873 0.893325 0.845572 0.828753 0.809048 0.868853 0.844484 0.783947 0.595767 0.922485 0.788366 0.908341
0.844074 0.775819 0.730140 0.674311 0.885248 0.684546 0.359835 0.468821 0.479102 0.642155 0.780117 0.717960 0.757277 0.702029 0.709158 0.515907 0.802681 0.762247 0.498292 0.603272 0.891481 0.918717 0.651482 0.797303 0.943066 0.828223 0.811051 0.806784 0.679606 0.655098 0.406366 0.000000 0.528717 0.523744 0.965552 0.946986 0.880085 0.892446 0.872337 0.975472 0.933475 0.984204 0.549172 0.585098 0.552122 0.664156 0.833244 0.899348 0.806688 0.780552 0.645473 0.666968 0.667382 0.647719 0.926803 0.987428 0.735350 0.981683 0.956918 0.891972 0.711513 0.921402 0.891709 0.893261 0.875463 0.905656 0.516033 0.619741 0.989702 0.843725 0.604768 0.614640 0.600886 0.670620 0.905442 0.817736 0.646619 0.580703 0.687097 0.701618 0.929005 0.971874 0.853322 0.989075 0.985823 0.960531 0.738970 0.990605 0.823255 0.894922 0.607165 0.582004 0.596271 0.734973 0.697682 0.825031 0.770139 0.856746 0.600009 0.510952 0.814017 0.640376 0.651816 0.800351 0.610454 0.859650 0.918639 0.872134 0.876142 0.952087 0.834798 0.788215 0.650299 0.975925 0.688949 0.944433
0.455143 0.412114 0.668128 0.514652 0.961147 0.718604 0.323181 0.379329 0.533141 0.706211 0.457124 0.422241 0.500072 0.536942 0.503142 0.335142 0.540333 0.489365 0.359739 0.427640 0.710295 0.918164 0.528770 0.626759 0.831964 0.776592 0.990806 0.936396 0.463323 0.479084 0.421764 0.528717 0.000000 0.310297 0.910059 0.912155 0.750163 0.700706 0.771000 0.746803 0.743682 0.763848 0.429222 0.414595 0.458251 0.486366 0.580394 0.569750 0.555486 0.562060 0.456702 0.517459 0.578748 0.800180 0.716314 0.730676 0.417684 0.587255 0.628224 0.747003 0.431759 0.559363 0.697302 0.640616 0.661481 0.590692 0.428630 0.454418 0.625276 0.622547 0.630076 0.545028 0.576919 0.519983 0.807537 0.774283 0.595909 0.508365 0.511586 0.533403 0.568412 0.613141 0.604567 0.653830 0.647955 0.629078 0.983983 0.952214 0.878185 0.747694 0.713466 0.760052 0.725927 0.862965 0.607076 0.645089 0.710273 0.679010 0.489200 0.559242 0.858275 0.744301 0.614369 0.829806 0.508190 0.712224 0.950660 0.865213 0.840825 0.955313 0.997717 0.608725 0.581915 0.923560 0.649525 0.960181
0.471948 0.412154 0.788668 0.641065 0.890109 0.700857 0.344575 0.360179 0.511317 0.567786 0.393524 0.404801 0.669539 0.722755 0.708743 0.460305 0.406776 0.379700 0.311503 0.369890 0.763001 0.854309 0.765223 0.807144 0.997920 0.922585 0.859629 0.909452 0.348605 0.392200 0.456819 0.523744 0.310297 0.000000 0.932762 0.921961 0.763743 0.780648 0.808245 0.843059 0.747031 0.768831 0.520077 0.527871 0.500407 0.594358 0.694243 0.682610 0.707783 0.811454 0.649416 0.765183 0.709442 0.886642 0.887567 0.823329 0.405303 0.606080 0.658480 0.825672 0.414298 0.612178 0.614002 0.553959 0.911073 0.759902 0.411131 0.475590 0.703695 0.733595 0.512034 0.421270 0.427561 0.451400 0.764805 0.847986 0.624273 0.558930 0.496900 0.491472 0.556999 0.653422 0.743883 0.730526 0.873628 0.878537 0.815732 0.878189 0.967583 0.985264 0.660242 0.697269 0.702152 0.835029 0.579111 0.628120 0.696391 0.752199 0.454316 0.496568 0.778572 0.708408 0.578028 0.665930 0.613408 0.705162 0.942293 0.855402 0.796444 0.939680 0.943747 0.533926 0.578163 0.800426 0.691527 0.913780
0.935413 0.950179 0.804072 0.765704 0.816196 0.888173 0.943196 0.963666 0.914414 0.887809 0.975158 0.964263 0.876836 0.854637 0.884343 0.909423 0.879704 0.926109 0.917781 0.918542 0.863990 0.859776 0.782084 0.783977 0.762368 0.652579 0.765629 0.767474 0.957381 0.901962 0.958515 0.965552 0.910059 0.932762 0.000000 0.900604 0.807766 0.823373 0.716491 0.836083 0.888180 0.986104 0.720903 0.738803 0.799417 0.655205 0.795040 0.718706 0.680648 0.662375 0.711918 0.708350 0.797742 0.867923 0.946870 0.844125 0.953649 0.912578 0.958475 0.864709 0.921742 0.979714 0.924120 0.910954 0.713775 0.892751 0.940493 0.935951 0.848385 0.837318 0.924472 0.953717 0.974936 0.910801 0.995155 0.866293 0.794312 0.907287 0.997108 0.912243 0.974309 0.976902 0.915710 0.978298 0.803199 0.798048 0.978000 0.956239 0.829161 0.601169 0.930468 0.918800 0.921705 0.964112 0.827178 0.828383 0.889482 0.861135 0.992955 0.955929 0.925894 0.921637 0.961255 0.961139 0.860382 0.872578 0.984952 0.902773 0.940042 0.813966 0.955825 0.911317 0.880093 0.979775 0.813595 0.916628
0.828169 0.857898 0.905164 0.902207 0.961031 0.873693 0.895219 0.861497 0.970198 0.923616 0.805899 0.826522 0.929684 0.973169 0.987427 0.940211 0.794276 0.819398 0.946735 0.866899 0.888247 0.913087 0.878593 0.972002 0.884723 0.909829 0.881184 0.951455 0.875668 0.875244 0.961323 0.946986 0.912155 0.921961 0.900604 0.000000 0.809998 0.906733 0.971597 0.848983 0.746532 0.985330 0.955164 0.997537 0.849733 0.882731 0.930145 0.951192 0.947904 0.949843 0.994637 0.861625 0.821811 0.792210 0.841519 0.926758 0.834052 0.813612 0.940812 0.870391 0.765973 0.765612 0.896083 0.849397 0.964188 0.743612 0.934730 0.901751 0.755946 0.929965 0.844444 0.767694 0.808403 0.832979 0.990312 0.951442 0.950906 0.944547 0.909114 0.923239 0.864925 0.858361 0.996187 0.939355 0.991983 0.993159 0.886158 0.852809 0.968127 0.976578 0.916403 0.962240 0.930036 0.939299 0.933519 0.962447 0.926784 0.927996 0.945789 0.968549 0.963754 0.839277 0.959812 0.974419 0.811455 0.930719 0.927858 0.888561 0.950080 0.912083 0.873752 0.990273 0.977402 0.901150 0.834084 0.907555
0.682959 0.723247 0.569939 0.493841 0.797600 0.984619 0.859992 0.723801 0.761318 0.971931 0.747836 0.706295 0.703766 0.776119 0.788085 0.699632 0.845537 0.820223 0.845213 0.707859 0.582287 0.665717 0.816291 0.743198 0.583621 0.530491 0.796182 0.882946 0.919215 0.938750 0.719793 0.880085 0.750163 0.763743 0.807766 0.809998 0.000000 0.535096 0.680229 0.520636 0.824541 0.870257 0.609294 0.567203 0.762774 0.693430 0.656282 0.702441 0.659796 0.701582 0.661862 0.718809 0.856343 0.958552 0.794121 0.811240 0.696783 0.779903 0.895077 0.853310 0.868743 0.679577 0.964386 0.924981 0.569792 0.604364 0.715464 0.794320 0.632178 0.608914 0.727423 0.739468 0.832677 0.796700 0.939663 0.859600 0.720700 0.724175 0.697704 0.702162 0.779652 0.813093 0.836607 0.775080 0.789665 0.766386 0.891799 0.808449 0.841483 0.743425 0.850214 0.861127 0.771378 0.807544 0.814057 0.781781 0.966928 0.891613 0.801298 0.844320 0.818215 0.916686 0.864016 0.836776 0.772936 0.753902 0.999628 0.996287 0.974045 0.982060 0.952865 0.940842 0.966688 0.927389 0.858436 0.777198
0.606112 0.696288 0.506701 0.496258 0.922060 0.924931 0.825480 0.715795 0.826089 0.962480 0.713615 0.670574 0.633493 0.692853 0.771150 0.599969 0.856109 0.828047 0.804173 0.644017 0.788542 0.796801 0.787786 0.709347 0.549873 0.669952 0.765284 0.981382 0.940318 0.944782 0.667343 0.892446 0.700706 0.780648 0.823373 0.906733 0.535096 0.000000 0.662442 0.582527 0.815405 0.914657 0.643287 0.583525 0.746992 0.641031 0.670447 0.633176 0.636516 0.655686 0.580169 0.662586 0.798999 0.943217 0.687470 0.756131 0.648368 0.778283 0.843518 0.812692 0.811515 0.655628 0.949476 0.939215 0.531540 0.561666 0.789797 0.840587 0.535074 0.584219 0.795014 0.761212 0.851988 0.644629 0.802561 0.703192 0.710409 0.781674 0.576558 0.818230 0.785946 0.786887 0.741321 0.733152 0.744924 0.704826 0.955286 0.829137 0.672876 0.601918 0.947969 0.909155 0.853334 0.788039 0.861694 0.871770 0.987790 0.881989 0.891345 0.949541 0.915133 0.902475 0.876864 0.937842 0.769518 0.810643 0.888907 0.884703 0.896475 0.931641 0.949634 0.913299 0.874620 0.971040 0.724364 0.923126
