0.000000 0.195013 0.465547 0.636119 0.701279 0.907044 0.449776 0.532837 0.948510 0.763553 0.381761 0.321630 0.313522 0.458260 0.665297 0.724488 0.326893 0.369952 0.274353 0.296028 0.734908 0.974454 0.660776 0.759926 0.807658 0.965547 0.942377 0.977633 0.517034 0.444539 0.872080 0.956336 0.353233 0.315822 0.718955 0.926262 0.507286 0.742332 0.748947 0.778762 0.767812 0.959635 0.834979 0.786504 0.943026 0.841261 0.466905 0.514414 0.743320 0.559667 0.627821 0.566092 0.987492 0.774095 0.385093 0.497825 0.286977 0.216571 0.293152 0.340263 0.256417 0.366262 0.241793 0.226747 0.576726 0.401287 0.366157 0.571678 0.298598 0.285614 0.717564 0.993111 0.540053 0.724269 0.710304 0.778641 0.718628 0.786797 0.513402 0.481629 0.254525 0.268939 0.360557 0.347650 0.272587 0.363821 0.577843 0.637491 0.455291 0.493275 0.591060 0.536895 0.483931 0.481754 0.971759 0.875375 0.386879 0.948066 0.879564 0.930218 0.783037 0.893333 0.752925 0.764573 0.647779 0.532861 0.984987 0.957297 0.833225 0.634511 0.991601 0.725302 0.911395 0.855040 0.701130 0.756994
0.195013 0.000000 0.512248 0.596723 0.747617 0.914958 0.470188 0.472896 0.964646 0.822855 0.412412 0.274435 0.350533 0.434028 0.676830 0.701897 0.297200 0.316164 0.268572 0.261706 0.783652 0.921636 0.619851 0.716826 0.865136 0.870033 0.962742 0.993967 0.459030 0.390230 0.862389 0.905469 0.342553 0.320471 0.760864 0.986322 0.532870 0.670430 0.775863 0.808353 0.772243 0.843175 0.699774 0.692061 0.873444 0.778545 0.400599 0.471117 0.685657 0.524343 0.574182 0.516939 0.970811 0.823657 0.440536 0.512070 0.263123 0.187997 0.304607 0.341200 0.296757 0.377307 0.230714 0.184529 0.654630 0.438644 0.370222 0.524982 0.339649 0.298187 0.639485 0.904188 0.566372 0.703418 0.755618 0.733080 0.625204 0.661719 0.396471 0.425556 0.243504 0.286828 0.400654 0.400692 0.341510 0.400226 0.634099 0.683598 0.533322 0.523813 0.663965 0.627389 0.589284 0.516708 0.992444 0.839643 0.383378 0.871850 0.793982 0.836442 0.824498 0.925147 0.680795 0.716469 0.578214 0.472700 0.983768 0.939338 0.877721 0.617469 0.926484 0.677068 0.851519 0.836322 0.654330 0.763693
0.465547 0.512248 0.000000 0.370347 0.786756 0.923218 0.576253 0.708123 0.830446 0.643146 0.752802 0.651898 0.387046 0.682752 0.590938 0.617644 0.768916 0.835931 0.617621 0.652860 0.654182 0.881521 0.516884 0.515827 0.492446 0.606313 0.757449 0.864580 0.923295 0.911970 0.799546 0.804488 0.637808 0.684933 0.595992 0.930859 0.462403 0.759700 0.601454 0.848661 0.805457 0.775759 0.897565 0.939854 0.795612 0.949461 0.744685 0.663711 0.965776 0.670134 0.751712 0.647506 0.972250 0.904657 0.426282 0.673648 0.788314 0.605456 0.457797 0.436573 0.428097 0.521251 0.602266 0.628717 0.260241 0.399609 0.489572 0.676785 0.469091 0.426165 0.873639 0.892824 0.550817 0.749228 0.838068 0.829924 0.841182 0.948249 0.728710 0.806227 0.721692 0.682814 0.659284 0.628577 0.369142 0.351615 0.597264 0.806891 0.442380 0.518053 0.507984 0.555638 0.449183 0.596067 0.979707 0.999563 0.674147 0.894126 0.756595 0.698166 0.648336 0.713491 0.871845 0.880093 0.755318 0.642531 0.881371 0.971289 0.974428 0.857796 0.883222 0.975964 0.909407 0.971407 0.747597 0.885299
0.636119 0.596723 0.370347 0.000000 0.843630 0.905763 0.581979 0.508805 0.789981 0.833994 0.912260 0.636619 0.478818 0.615784 0.533065 0.494670 0.871833 0.881175 0.712615 0.712934 0.796197 0.993765 0.482594 0.427404 0.567014 0.763065 0.764630 0.928918 0.899122 0.922990 0.729996 0.991689 0.734347 0.706780 0.730314 0.956938 0.574695 0.722082 0.597706 0.834512 0.883799 0.960833 0.907999 0.924184 0.864958 0.892996 0.689942 0.579082 0.974178 0.649767 0.650087 0.614784 0.912794 0.984319 0.590174 0.760862 0.875890 0.699205 0.562045 0.532798 0.539876 0.520509 0.687812 0.655022 0.411115 0.478995 0.585429 0.657763 0.735435 0.588404 0.889514 0.909376 0.778367 0.868053 0.860186 0.842854 0.733438 0.863125 0.729874 0.877577 0.835580 0.873735 0.721281 0.719870 0.544201 0.398570 0.669152 0.925866 0.597537 0.557947 0.728976 0.730146 0.675050 0.723652 0.986203 0.850518 0.695712 0.857982 0.896961 0.877121 0.757782 0.731526 0.964888 0.973570 0.652709 0.563911 0.818530 0.742563 0.941881 0.809523 0.970970 0.932932 0.974663 0.866946 0.744624 0.873637
0.701279 0.747617 0.786756 0.843630 0.000000 0.975341 0.775310 0.840030 0.994356 0.892440 0.759858 0.767632 0.647383 0.778654 0.783695 0.707648 0.789005 0.823536 0.703955 0.804605 0.894857 0.818531 0.745929 0.812632 0.761560 0.893258 0.973755 0.894950 0.807259 0.818202 0.941542 0.984632 0.807016 0.738093 0.857622 0.917671 0.862701 0.913149 0.956520 0.735949 0.930998 0.901828 0.974890 0.957695 0.944732 0.976172 0.811168 0.753245 0.989355 0.925364 0.899199 0.903953 0.905022 0.819209 0.810697 0.943266 0.737280 0.783647 0.736066 0.769734 0.733120 0.796346 0.756455 0.741483 0.792006 0.768856 0.835281 0.888189 0.707850 0.706855 0.957100 0.999384 0.823450 0.962886 0.906260 0.955694 0.982238 0.932444 0.827309 0.827805 0.758417 0.781688 0.799256 0.810519 0.696396 0.714630 0.903941 0.850316 0.782092 0.818957 0.866415 0.903810 0.903203 0.807815 0.881070 0.985699 0.828351 0.933908 0.975968 0.974228 0.901772 0.983274 0.919762 0.822355 0.929217 0.762557 0.910780 0.911170 0.885672 0.942364 0.847569 0.975548 0.920792 0.952440 0.759347 0.952911
0.907044 0.914958 0.923218 0.905763 0.975341 0.000000 0.888802 0.864696 0.916008 0.828981 0.860342 0.842942 0.926983 0.864351 0.986356 0.892667 0.853067 0.845476 0.885676 0.935189 0.805422 0.931968 0.850180 0.892315 0.810650 0.864229 0.815664 0.779796 0.802749 0.814877 0.840633 0.883332 0.959756 0.877384 0.813879 0.832069 0.900966 0.906966 0.946164 0.759872 0.882555 0.904738 0.843495 0.797149 0.860838 0.847699 0.933123 0.978612 0.888005 0.956260 0.980515 0.951175 0.988865 0.893845 0.980264 0.899046 0.829525 0.913392 0.974366 0.995876 0.887627 0.866164 0.907114 0.910306 0.829106 0.956573 0.978965 0.975390 0.986414 0.927156 0.981222 0.892957 0.925442 0.920478 0.828070 0.997439 0.952076 0.941751 0.966921 0.830898 0.872267 0.843774 0.991047 0.945958 0.952190 0.985293 0.896342 0.995577 0.832525 0.958744 0.821694 0.933590 0.965051 0.955436 0.921256 0.884423 0.817029 0.717384 0.734623 0.711215 0.710222 0.942631 0.800810 0.839982 0.904013 0.984347 0.984712 0.983342 0.922966 0.909920 0.917540 0.835086 0.933259 0.982221 0.927371 0.898264
0.449776 0.470188 0.576253 0.581979 0.775310 0.888802 0.000000 0.339389 0.550381 0.798376 0.459041 0.501498 0.333566 0.320094 0.434506 0.539980 0.496945 0.503563 0.333671 0.447081 0.841380 0.999166 0.764102 0.842612 0.908541 0.858508 0.869802 0.939614 0.431766 0.513198 0.772682 0.711205 0.362663 0.301761 0.801891 0.920046 0.743970 0.785445 0.902294 0.848002 0.886143 0.868923 0.523214 0.461465 0.562186 0.454653 0.431378 0.344600 0.573815 0.514310 0.465342 0.512842 0.709547 0.853821 0.605439 0.550827 0.547054 0.542286 0.397526 0.590047 0.324006 0.458492 0.358533 0.420119 0.762329 0.533574 0.317516 0.326696 0.737006 0.603392 0.561463 0.802622 0.587238 0.582744 0.779348 0.643518 0.493749 0.596479 0.555902 0.602307 0.559977 0.635385 0.601072 0.622320 0.597904 0.587110 0.799436 0.841714 0.737136 0.807199 0.927393 0.998480 0.871358 0.837834 0.896792 0.852069 0.472147 0.981518 0.586129 0.638091 0.941944 0.787929 0.634008 0.550105 0.575339 0.572512 0.839152 0.771557 0.858072 0.683158 0.791980 0.545525 0.697513 0.589263 0.660821 0.649216
0.532837 0.472896 0.708123 0.508805 0.840030 0.864696 0.339389 0.000000 0.681716 0.746191 0.522297 0.393530 0.499401 0.331348 0.643476 0.557131 0.598099 0.580920 0.475960 0.529011 0.966125 0.950021 0.912167 0.843459 0.851020 0.806249 0.844105 0.840862 0.470942 0.501011 0.925874 0.767847 0.566207 0.410952 0.992933 0.978876 0.765441 0.711203 0.866585 0.820669 0.978624 0.869327 0.530716 0.535439 0.659454 0.474441 0.402038 0.383688 0.538904 0.541892 0.417773 0.487977 0.756134 0.939147 0.592459 0.593487 0.597404 0.548843 0.451474 0.547122 0.372374 0.311655 0.452964 0.408659 0.888749 0.442189 0.480628 0.430809 0.800427 0.601189 0.815841 0.950009 0.758580 0.745514 0.776722 0.695025 0.583275 0.629564 0.611599 0.653754 0.608838 0.702921 0.595662 0.677747 0.741418 0.578254 0.821469 0.963440 0.798105 0.792681 0.914818 0.949545 0.910396 0.756416 0.903441 0.762696 0.528487 0.891686 0.596367 0.612878 0.796721 0.901466 0.625794 0.589249 0.626568 0.542842 0.858599 0.710277 0.879950 0.701980 0.762749 0.531555 0.672027 0.635442 0.681011 0.637761
0.948510 0.964646 0.830446 0.789981 0.994356 0.916008 0.550381 0.681716 0.000000 0.656791 0.934458 0.975674 0.725812 0.714598 0.742451 0.838353 0.944498 0.982304 0.817343 0.947261 0.986182 0.991457 0.965027 0.960226 0.873464 0.995294 0.869729 0.913128 0.824606 0.934468 0.869348 0.880137 0.795967 0.790982 0.764121 0.855001 0.901564 0.933419 0.927229 0.983283 0.877885 0.905512 0.720394 0.673842 0.595718 0.561898 0.704288 0.705709 0.734491 0.705381 0.621027 0.679469 0.614831 0.631329 0.891976 0.807746 0.989837 0.962431 0.739443 0.960708 0.735903 0.837686 0.856253 0.933091 0.916117 0.852534 0.632719 0.574728 0.916332 0.968675 0.787374 0.842277 0.810385 0.771971 0.883621 0.803605 0.692189 0.768527 0.922206 0.974400 0.912099 0.856471 0.966688 0.998514 0.996316 0.940854 0.953516 0.977962 0.887106 0.886014 0.832199 0.781610 0.993078 0.855902 0.717037 0.997322 0.860981 0.942264 0.750584 0.777845 0.973967 0.821202 0.855412 0.746977 0.831556 0.791689 0.746760 0.824844 0.938752 0.897318 0.839938 0.801276 0.792807 0.775980 0.781155 0.754741
0.763553 0.822855 0.643146 0.833994 0.892440 0.828981 0.798376 0.746191 0.656791 0.000000 0.972086 0.944875 0.801884 0.935346 0.982739 0.971855 0.887154 0.978260 0.939532 0.870367 0.781622 0.923654 0.619502 0.585697 0.436952 0.687461 0.543793 0.780138 0.785878 0.912615 0.974194 0.681297 0.958307 0.908675 0.720886 0.912491 0.731461 0.982250 0.687124 0.862223 0.813539 0.805096 0.473017 0.519253 0.352133 0.401253 0.842868 0.782915 0.499959 0.801313 0.650535 0.796977 0.569165 0.525625 0.767687 0.970952 0.893524 0.785455 0.989554 0.860436 0.949084 0.955770 0.929673 0.945247 0.496515 0.772056 0.921708 0.706928 0.611618 0.764474 0.912431 0.713216 0.932815 0.736801 0.945732 0.835340 0.744262 0.697506 0.946577 0.986362 0.803333 0.669176 0.696156 0.640130 0.486267 0.549036 0.733180 0.693691 0.630577 0.560274 0.397525 0.443709 0.477743 0.535418 0.822654 0.766500 0.954971 0.752842 0.438132 0.381404 0.452423 0.665371 0.554068 0.622192 0.848678 0.864798 0.795537 0.685758 0.982677 0.961790 0.664338 0.712014 0.568110 0.689482 0.931132 0.957963
0.381761 0.412412 0.752802 0.912260 0.759858 0.860342 0.459041 0.522297 0.934458 0.972086 0.000000 0.316592 0.479275 0.470210 0.779674 0.812401 0.388175 0.372676 0.374027 0.345751 0.910936 0.914684 0.978961 0.939616 0.793456 0.673462 0.762565 0.817458 0.442727 0.346878 0.906388 0.882560 0.491804 0.352726 0.981524 0.838929 0.814585 0.812664 0.965039 0.897874 0.848260 0.872462 0.778529 0.767916 0.774555 0.751430 0.607645 0.594496 0.673464 0.729189 0.738351 0.762879 0.915892 0.785683 0.683242 0.610150 0.388696 0.415534 0.528310 0.635636 0.369772 0.446501 0.349586 0.353482 0.918625 0.530265 0.568596 0.548998 0.572030 0.528404 0.787988 0.929776 0.573549 0.612441 0.679112 0.817034 0.744956 0.755435 0.587972 0.495013 0.357551 0.382196 0.566262 0.522170 0.603343 0.648414 0.737746 0.836153 0.742595 0.791938 0.893508 0.776881 0.805104 0.671549 0.895183 0.929464 0.583203 0.932836 0.720252 0.808431 0.915005 0.867437 0.637416 0.672175 0.760480 0.709809 0.844661 0.925731 0.764353 0.715198 0.908154 0.704252 0.854498 0.773525 0.786576 0.731320
0.321630 0.274435 0.651898 0.636619 0.767632 0.842942 0.501498 0.393530 0.975674 0.944875 0.316592 0.000000 0.455118 0.380945 0.752549 0.676335 0.398853 0.349509 0.340293 0.311131 0.835558 0.877554 0.807951 0.789274 0.985043 0.730955 0.968591 0.884416 0.419616 0.318006 0.959419 0.880834 0.481846 0.363540 0.947468 0.963960 0.677270 0.659713 0.918454 0.760646 0.918626 0.849070 0.738498 0.766765 0.891667 0.805574 0.507121 0.581305 0.721382 0.678489 0.673753 0.680343 0.873240 0.703979 0.595011 0.576019 0.323586 0.311790 0.457825 0.495620 0.319778 0.290058 0.333910 0.255171 0.815393 0.390520 0.531787 0.544353 0.487728 0.414340 0.809282 0.968473 0.597202 0.723352 0.724964 0.765242 0.768309 0.668617 0.507909 0.471676 0.328029 0.371835 0.508526 0.495879 0.506380 0.451381 0.706330 0.832486 0.627040 0.640416 0.800823 0.655896 0.722086 0.541342 0.874160 0.736519 0.495945 0.851916 0.787790 0.810990 0.998959 0.999931 0.626137 0.673619 0.647255 0.563845 0.913632 0.924877 0.826303 0.603191 0.833862 0.680757 0.825538 0.805635 0.685321 0.744745
0.313522 0.350533 0.387046 0.478818 0.647383 0.926983 0.333566 0.499401 0.725812 0.801884 0.479275 0.455118 0.000000 0.403161 0.445120 0.473721 0.447206 0.516764 0.342957 0.384221 0.636694 0.963472 0.511150 0.600187 0.727449 0.955489 0.911586 0.870291 0.567594 0.574840 0.740141 0.908954 0.387357 0.368515 0.734415 0.916006 0.561413 0.751555 0.683049 0.740905 0.713694 0.987222 0.792416 0.710102 0.928792 0.761478 0.511030 0.451122 0.832534 0.575155 0.625541 0.585529 0.988697 0.906890 0.500490 0.588133 0.490491 0.416422 0.366319 0.465410 0.277821 0.414445 0.327605 0.372309 0.450281 0.378859 0.399536 0.536957 0.468182 0.394501 0.675290 0.948071 0.560001 0.688596 0.782859 0.741465 0.596846 0.745220 0.590669 0.533888 0.468777 0.478572 0.478411 0.478874 0.318147 0.315766 0.620512 0.701154 0.494266 0.514755 0.709969 0.704216 0.580336 0.624025 0.938390 0.998744 0.525008 0.893725 0.907176 0.971299 0.782473 0.905423 0.843010 0.754092 0.698067 0.539562 0.915032 0.997755 0.970417 0.787417 0.994440 0.752942 0.855552 0.828913 0.691814 0.715631
0.458260 0.434028 0.682752 0.615784 0.778654 0.864351 0.320094 0.331348 0.714598 0.935346 0.470210 0.380945 0.403161 0.000000 0.564412 0.526363 0.476384 0.431715 0.315438 0.371840 0.850174 0.886205 0.703394 0.680532 0.932429 0.824547 0.987843 0.911734 0.398290 0.406402 0.852563 0.669173 0.417395 0.358601 0.835432 0.984880 0.798602 0.659757 0.856582 0.749303 0.985919 0.774228 0.636214 0.598045 0.748663 0.611698 0.456935 0.498964 0.717169 0.669527 0.616647 0.664177 0.959194 0.915085 0.682571 0.635308 0.460387 0.516753 0.533267 0.679102 0.403932 0.429997 0.403894 0.384299 0.820896 0.501678 0.502711 0.492656 0.722461 0.624713 0.686291 0.779385 0.698075 0.736291 0.834698 0.706386 0.649961 0.563022 0.561424 0.566206 0.486453 0.550428 0.548028 0.570245 0.572085 0.488112 0.838240 0.738517 0.756236 0.693097 0.977485 0.875162 0.813063 0.701744 0.912195 0.768800 0.503497 0.957591 0.691860 0.676538 0.996163 0.860786 0.647496 0.649118 0.648463 0.644004 0.950095 0.904888 0.904337 0.666198 0.804403 0.651681 0.760426 0.680354 0.771385 0.673804
0.665297 0.676830 0.590938 0.533065 0.783695 0.986356 0.434506 0.643476 0.742451 0.982739 0.779674 0.752549 0.445120 0.564412 0.000000 0.362033 0.716026 0.684198 0.614621 0.649695 0.678770 0.968531 0.508115 0.574172 0.736265 0.880105 0.812982 0.828609 0.692915 0.761708 0.568148 0.637971 0.531655 0.610970 0.825842 0.917162 0.765536 0.831583 0.782352 0.990662 0.770658 0.813651 0.760138 0.706044 0.926634 0.835583 0.643206 0.620215 0.996683 0.829067 0.851539 0.829837 0.957161 0.957153 0.775630 0.885184 0.757393 0.745833 0.693004 0.831922 0.622677 0.741539 0.606119 0.679037 0.591774 0.661641 0.610579 0.667443 0.823289 0.712897 0.648568 0.793000 0.818228 0.861865 0.975381 0.689822 0.684263 0.688617 0.751025 0.697216 0.746713 0.804030 0.674095 0.680820 0.621696 0.553651 0.727073 0.831986 0.728585 0.703078 0.990040 0.998125 0.919991 0.887380 0.857056 0.938065 0.696156 0.874656 0.831029 0.859591 0.871434 0.917044 0.856545 0.815404 0.738319 0.743419 0.843243 0.800120 0.942433 0.982053 0.920176 0.835265 0.886371 0.763926 0.900606 0.864323
0.724488 0.701897 0.617644 0.494670 0.707648 0.892667 0.539980 0.557131 0.838353 0.971855 0.812401 0.676335 0.473721 0.526363 0.362033 0.000000 0.813889 0.770896 0.679170 0.712112 0.659931 0.867811 0.539091 0.504637 0.678335 0.843587 0.846457 0.845881 0.776176 0.822967 0.619702 0.729252 0.647439 0.648317 0.869634 0.836057 0.760746 0.802732 0.761900 0.763386 0.760719 0.962542 0.768284 0.725579 0.938078 0.888946 0.648367 0.683515 0.929630 0.940838 0.877730 0.873313 0.949054 0.877051 0.821971 0.961553 0.814314 0.788815 0.727274 0.773697 0.627725 0.653985 0.722269 0.715065 0.630520 0.571869 0.728977 0.759123 0.819292 0.648364 0.816380 0.885443 0.838429 0.816847 0.975352 0.659696 0.790388 0.750686 0.826809 0.757273 0.850116 0.887542 0.774710 0.744897 0.712722 0.484985 0.818947 0.970812 0.767451 0.701109 0.946681 0.907283 0.913536 0.814429 0.981901 0.968445 0.804806 0.862291 0.911521 0.923392 0.891933 0.954092 0.849628 0.838162 0.812152 0.685589 0.876601 0.863260 0.986544 0.981478 0.942647 0.820630 0.821771 0.804673 0.854788 0.881342
0.326893 0.297200 0.768916 0.871833 0.789005 0.853067 0.496945 0.598099 0.944498 0.887154 0.388175 0.398853 0.447206 0.476384 0.716026 0.813889 0.000000 0.236000 0.263857 0.273196 0.942835 0.891406 0.784785 0.910701 0.905859 0.690925 0.996091 0.958884 0.353305 0.294864 0.861422 0.744979 0.333610 0.350500 0.940828 0.917830 0.711068 0.814361 0.973134 0.817598 0.767431 0.752708 0.600243 0.589511 0.775618 0.740436 0.500624 0.574539 0.705864 0.687176 0.697872 0.693656 0.989711 0.840415 0.662612 0.618964 0.232755 0.282513 0.498924 0.597478 0.460712 0.570430 0.277202 0.268827 0.869284 0.599260 0.478045 0.564982 0.501669 0.530890 0.548654 0.769863 0.657860 0.749341 0.781607 0.740522 0.647292 0.567098 0.364208 0.372589 0.235309 0.291673 0.433332 0.439958 0.485253 0.596437 0.799645 0.674157 0.718101 0.729180 0.865796 0.843792 0.753384 0.664287 0.982741 0.946657 0.490838 0.898228 0.697975 0.755717 0.922563 0.825873 0.572166 0.574571 0.680647 0.654284 0.972433 0.949550 0.838875 0.666198 0.918833 0.650250 0.833899 0.718107 0.701358 0.796585
0.369952 0.316164 0.835931 0.881175 0.823536 0.845476 0.503563 0.580920 0.982304 0.978260 0.372676 0.349509 0.516764 0.431715 0.684198 0.770896 0.236000 0.000000 0.285355 0.216790 0.872616 0.866819 0.791470 0.870495 0.863242 0.610610 0.996884 0.923973 0.302939 0.244037 0.870564 0.665266 0.346172 0.318285 0.936192 0.979625 0.762915 0.668718 0.961279 0.898882 0.752527 0.691944 0.594004 0.590468 0.737843 0.753653 0.556380 0.620649 0.725706 0.760638 0.788962 0.814147 0.874511 0.749610 0.746815 0.674485 0.219870 0.295249 0.574549 0.692139 0.519499 0.598934 0.314512 0.273821 0.942027 0.662545 0.518018 0.569895 0.529632 0.543357 0.556781 0.669445 0.665887 0.673546 0.832850 0.738960 0.681844 0.493961 0.368704 0.328920 0.238193 0.292686 0.481837 0.487913 0.549661 0.627983 0.813949 0.704264 0.764143 0.771588 0.950667 0.869928 0.882308 0.749339 0.900030 0.798618 0.461673 0.887343 0.645366 0.670155 0.972594 0.820537 0.490143 0.559641 0.570349 0.675365 0.939069 0.951437 0.851784 0.645555 0.836094 0.614408 0.857757 0.715965 0.776348 0.771938
0.274353 0.268572 0.617621 0.712615 0.703955 0.885676 0.333671 0.475960 0.817343 0.939532 0.374027 0.340293 0.342957 0.315438 0.614621 0.679170 0.263857 0.285355 0.000000 0.254938 0.808995 0.889618 0.685424 0.776690 0.966190 0.773990 0.945921 0.983177 0.326151 0.323917 0.806206 0.718596 0.312769 0.259683 0.785001 0.994309 0.714222 0.723812 0.920945 0.748125 0.881471 0.827534 0.625886 0.581082 0.741666 0.676306 0.456340 0.473692 0.696968 0.602011 0.604689 0.601494 0.982230 0.890800 0.552082 0.558618 0.267247 0.316921 0.388957 0.535306 0.338241 0.469636 0.241609 0.256467 0.788485 0.526845 0.362047 0.473344 0.484519 0.485440 0.537398 0.794246 0.570868 0.691796 0.759488 0.731029 0.622984 0.599580 0.435281 0.439697 0.285910 0.345722 0.455146 0.459026 0.435799 0.503573 0.796043 0.691614 0.673099 0.683240 0.853607 0.786216 0.700025 0.604610 0.956713 0.834749 0.417417 0.961622 0.682814 0.704914 0.891477 0.874846 0.621615 0.559274 0.578852 0.581489 0.992504 0.963338 0.846063 0.600198 0.847265 0.595332 0.821539 0.745218 0.677218 0.747807
0.296028 0.261706 0.652860 0.712934 0.804605 0.935189 0.447081 0.529011 0.947261 0.870367 0.345751 0.311131 0.384221 0.371840 0.649695 0.712112 0.273196 0.216790 0.254938 0.000000 0.831522 0.834973 0.686211 0.765884 0.997331 0.748276 0.961416 0.924556 0.373807 0.270314 0.803332 0.764403 0.341355 0.309591 0.829892 0.987747 0.677497 0.582827 0.912670 0.858065 0.797948 0.734633 0.674819 0.666611 0.825913 0.808630 0.553879 0.581544 0.775844 0.691791 0.734788 0.731757 0.883837 0.761728 0.659761 0.645312 0.237369 0.266618 0.478634 0.577448 0.400916 0.500702 0.278496 0.247315 0.766503 0.538599 0.451451 0.547795 0.453003 0.454284 0.533026 0.727717 0.592435 0.656053 0.762149 0.730749 0.626006 0.551574 0.386995 0.352162 0.254337 0.287637 0.461095 0.467805 0.427278 0.500490 0.736591 0.713258 0.666400 0.657043 0.782023 0.757392 0.717390 0.688251 0.916640 0.869063 0.430296 0.976714 0.784614 0.801695 0.875940 0.913433 0.586251 0.648656 0.560378 0.612863 0.947173 0.966577 0.853913 0.669984 0.870226 0.666665 0.900627 0.764979 0.734576 0.746897
0.734908 0.783652 0.654182 0.796197 0.894857 0.805422 0.841380 0.966125 0.986182 0.781622 0.910936 0.835558 0.636694 0.850174 0.678770 0.659931 0.942835 0.872616 0.808995 0.831522 0.000000 0.915628 0.667057 0.653778 0.686339 0.707894 0.770330 0.597909 0.985987 0.985103 0.843664 0.991389 0.841938 0.855953 0.753793 0.681097 0.754242 0.882602 0.751128 0.923863 0.803044 0.814933 0.884926 0.989640 0.865128 0.917774 0.896427 0.979812 0.829225 0.973649 0.969213 0.986933 0.846404 0.821074 0.811688 0.968657 0.870042 0.836493 0.803832 0.818849 0.738720 0.826655 0.862036 0.864415 0.607356 0.739080 0.829855 0.997023 0.709430 0.689239 0.912949 0.976162 0.789286 0.835971 0.955476 0.904925 0.906975 0.957513 0.976375 0.808326 0.909254 0.829881 0.863466 0.883820 0.679667 0.616122 0.851393 0.919790 0.820122 0.706070 0.734195 0.708935 0.728996 0.758504 0.909109 0.907349 0.849240 0.860976 0.919738 0.867239 0.846117 0.790675 0.996590 0.846558 0.972008 0.903639 0.912814 0.847677 0.947088 0.916712 0.873225 0.924699 0.945709 0.912384 0.973875 0.930139
0.974454 0.921636 0.881521 0.993765 0.818531 0.931968 0.999166 0.950021 0.991457 0.923654 0.914684 0.877554 0.963472 0.886205 0.968531 0.867811 0.891406 0.866819 0.889618 0.834973 0.915628 0.000000 0.942366 0.945057 0.986044 0.985224 0.842693 0.994293 0.903723 0.828888 0.766524 0.769914 0.974606 0.936871 0.941334 0.796156 0.978762 0.898762 0.898195 0.821526 0.983889 0.936514 0.803343 0.839041 0.960708 0.986448 0.908771 0.976601 0.942509 0.909342 0.919924 0.956677 0.899136 0.936251 0.855308 0.963075 0.835805 0.914684 0.993033 0.943211 0.988806 0.963939 0.991228 0.928330 0.945815 0.991793 0.965388 0.957396 0.887258 0.901149 0.909421 0.977324 0.902487 0.940864 0.952449 0.979658 0.866376 0.650818 0.945238 0.933890 0.925651 0.957987 0.886200 0.958702 0.948035 0.988490 0.978835 0.838960 0.928122 0.967568 0.976595 0.924614 0.893002 0.910781 0.962711 0.960343 0.953873 0.948943 0.969373 0.895510 0.994886 0.846814 0.835259 0.913149 0.878768 0.798543 0.983697 0.973966 0.705584 0.979474 0.991949 0.959475 0.904712 0.979236 0.933525 0.999039
0.660776 0.619851 0.516884 0.482594 0.745929 0.850180 0.764102 0.912167 0.965027 0.619502 0.978961 0.807951 0.511150 0.703394 0.508115 0.539091 0.784785 0.791470 0.685424 0.686211 0.667057 0.942366 0.000000 0.303909 0.439205 0.731641 0.581625 0.778553 0.886499 0.918604 0.548577 0.892448 0.635187 0.817727 0.627477 0.925215 0.607802 0.791464 0.707903 0.923649 0.829783 0.944694 0.981082 0.945968 0.793036 0.874396 0.740785 0.781917 0.809724 0.804807 0.944189 0.820347 0.925813 0.923928 0.758975 0.977178 0.762523 0.708642 0.727896 0.730690 0.751390 0.870262 0.684506 0.694025 0.462273 0.764161 0.697951 0.895609 0.649522 0.659830 0.665861 0.812601 0.880272 0.959835 0.964529 0.836162 0.826281 0.870359 0.693387 0.761593 0.754252 0.789587 0.726565 0.723032 0.448683 0.451934 0.734790 0.663291 0.606543 0.499262 0.670662 0.775411 0.684206 0.747282 0.848360 0.984971 0.762395 0.807449 0.859831 0.847040 0.499520 0.710681 0.942351 0.967426 0.777117 0.738803 0.906937 0.995582 0.910110 0.933405 0.921355 0.919768 0.964372 0.967491 0.823651 0.976516
0.759926 0.716826 0.515827 0.427404 0.812632 0.892315 0.842612 0.843459 0.960226 0.585697 0.939616 0.789274 0.600187 0.680532 0.574172 0.504637 0.910701 0.870495 0.776690 0.765884 0.653778 0.945057 0.303909 0.000000 0.411831 0.702707 0.529363 0.805512 0.938498 0.942232 0.723236 0.968132 0.818930 0.872904 0.688514 0.805394 0.636255 0.738044 0.666117 0.885354 0.865937 0.962263 0.862393 0.900220 0.638240 0.773093 0.850837 0.885805 0.712479 0.990780 0.922900 0.996698 0.721567 0.720152 0.770047 0.971816 0.862727 0.774998 0.849653 0.831644 0.798744 0.797801 0.843774 0.796808 0.451280 0.663520 0.839409 0.981904 0.720121 0.687403 0.871536 0.975072 0.989908 0.901130 0.990089 0.891271 0.992814 0.930676 0.814059 0.884325 0.837531 0.820932 0.685500 0.687754 0.513805 0.399441 0.716095 0.725065 0.652364 0.523909 0.636309 0.639344 0.667937 0.697842 0.926507 0.892500 0.873545 0.792969 0.762753 0.731170 0.548251 0.667790 0.808557 0.893673 0.839781 0.831523 0.926078 0.947573 0.836542 0.985242 0.853267 0.901127 0.826830 0.928596 0.965920 0.904601
0.807658 0.865136 0.492446 0.567014 0.761560 0.810650 0.908541 0.851020 0.873464 0.436952 0.793456 0.985043 0.727449 0.932429 0.736265 0.678335 0.905859 0.863242 0.966190 0.997331 0.686339 0.986044 0.439205 0.411831 0.000000 0.447839 0.569493 0.678811 0.697490 0.734547 0.711467 0.747855 0.988159 0.905006 0.586158 0.887818 0.573758 0.926972 0.540766 0.872603 0.780393 0.811006 0.613236 0.670792 0.450037 0.552598 0.930603 0.981684 0.572903 0.914105 0.805905 0.946060 0.776717 0.729698 0.709937 0.989212 0.947914 0.900169 0.887753 0.762055 0.898571 0.934499 0.969819 0.990179 0.324713 0.743982 0.978700 0.809405 0.675180 0.628413 0.932581 0.818870 0.932591 0.911247 0.938551 0.993202 0.841350 0.789222 0.966649 0.981828 0.991090 0.922544 0.824923 0.748367 0.528571 0.509713 0.662282 0.811066 0.551101 0.522295 0.468035 0.551197 0.582255 0.689417 0.955392 0.901620 0.987002 0.783423 0.495476 0.470505 0.464166 0.539818 0.597000 0.628616 0.975453 0.940716 0.944095 0.922689 0.943079 0.868517 0.567261 0.703063 0.714130 0.722039 0.943681 0.979784
0.965547 0.870033 0.606313 0.763065 0.893258 0.864229 0.858508 0.806249 0.995294 0.687461 0.673462 0.730955 0.955489 0.824547 0.880105 0.843587 0.690925 0.610610 0.773990 0.748276 0.707894 0.985224 0.731641 0.702707 0.447839 0.000000 0.766279 0.682526 0.589086 0.576315 0.735905 0.860651 0.859692 0.725950 0.684740 0.897787 0.710346 0.915335 0.688146 0.886632 0.936569 0.608800 0.646492 0.715033 0.613074 0.681210 0.860498 0.857292 0.652253 0.917645 0.894345 0.989961 0.951540 0.955392 0.782730 0.915413 0.732580 0.820277 0.967459 0.876588 0.964117 0.902014 0.784858 0.753202 0.496168 0.887845 0.996174 0.765163 0.871114 0.898408 0.835031 0.826457 0.909331 0.895933 0.891052 0.911374 0.833063 0.750712 0.796367 0.814859 0.729628 0.800917 0.951073 0.982224 0.840205 0.769983 0.921277 0.997171 0.792410 0.835243 0.630666 0.770205 0.653723 0.905673 0.946471 0.783653 0.901898 0.783365 0.535028 0.541139 0.672277 0.701298 0.598551 0.515423 0.795711 0.962155 0.902715 0.823026 0.902690 0.826837 0.641046 0.680258 0.761590 0.803882 0.864687 0.808486
0.942377 0.962742 0.757449 0.764630 0.973755 0.815664 0.869802 0.844105 0.869729 0.543793 0.762565 0.968591 0.911586 0.987843 0.812982 0.846457 0.996091 0.996884 0.945921 0.961416 0.770330 0.842693 0.581625 0.529363 0.569493 0.766279 0.000000 0.820173 0.906407 0.935116 0.781997 0.988685 0.987304 0.895888 0.818528 0.878336 0.898675 0.862096 0.889203 0.934496 0.971700 0.972230 0.744618 0.699840 0.566873 0.602816 0.855977 0.783510 0.570361 0.816824 0.767889 0.806486 0.694691 0.735276 0.940311 0.834865 0.983748 0.997747 0.898450 0.977652 0.908875 0.941922 0.948815 0.977478 0.652279 0.879455 0.972947 0.806752 0.846235 0.959082 0.958589 0.987087 0.921695 0.781557 0.987196 0.930629 0.826779 0.929205 0.975966 0.998315 0.978665 0.948071 0.814727 0.942795 0.732725 0.705880 0.880497 0.830075 0.801925 0.785865 0.726158 0.749262 0.780221 0.799921 0.884057 0.965603 0.894736 0.959185 0.704524 0.702065 0.641243 0.768346 0.786517 0.802944 0.934427 0.909315 0.958571 0.897895 0.900120 0.910373 0.775918 0.797967 0.746240 0.908016 0.908530 0.817810
0.977633 0.993967 0.864580 0.928918 0.894950 0.779796 0.939614 0.840862 0.913128 0.780138 0.817458 0.884416 0.870291 0.911734 0.828609 0.845881 0.958884 0.923973 0.983177 0.924556 0.597909 0.994293 0.778553 0.805512 0.678811 0.682526 0.820173 0.000000 0.941546 0.844066 0.852652 0.940448 0.989353 0.888799 0.942481 0.764498 0.923353 0.730134 0.950678 0.813664 0.824728 0.947708 0.976446 0.981669 0.805469 0.897184 0.957320 0.931806 0.845951 0.932941 0.928214 0.970621 0.967411 0.961305 0.962511 0.976479 0.977033 0.995656 0.932029 0.880720 0.996081 0.948675 0.971267 0.927887 0.756732 0.968188 0.973227 0.789256 0.942890 0.828484 0.908893 0.876098 0.928530 0.861754 0.785757 0.966415 0.900411 0.990239 0.983884 0.953951 0.956304 0.995647 0.983936 0.994329 0.889051 0.855819 0.983140 0.999859 0.999384 0.847047 0.873927 0.966679 0.833220 0.937418 0.901584 0.725643 0.964875 0.869462 0.843683 0.784339 0.813663 0.857373 0.800319 0.816554 0.784193 0.904099 0.920768 0.885511 0.989090 0.880499 0.805331 0.784461 0.997232 0.894728 0.909538 0.823193
0.517034 0.459030 0.923295 0.899122 0.807259 0.802749 0.431766 0.470942 0.824606 0.785878 0.442727 0.419616 0.567594 0.398290 0.692915 0.776176 0.353305 0.302939 0.326151 0.373807 0.985987 0.903723 0.886499 0.938498 0.697490 0.589086 0.906407 0.941546 0.000000 0.254143 0.884837 0.563711 0.412170 0.347700 0.940152 0.974243 0.873083 0.788681 0.852386 0.851721 0.927852 0.747920 0.432526 0.434964 0.560781 0.555278 0.504334 0.534043 0.585020 0.674624 0.633555 0.711460 0.937511 0.965775 0.799254 0.656121 0.344917 0.468486 0.584367 0.738235 0.540974 0.580809 0.365117 0.360013 0.897750 0.698357 0.531337 0.507660 0.697942 0.695399 0.536519 0.691814 0.739120 0.778770 0.863170 0.703763 0.582950 0.484331 0.446103 0.440338 0.385995 0.493026 0.580120 0.688762 0.744051 0.740010 0.913094 0.834225 0.871379 0.932211 0.820152 0.899588 0.977464 0.851313 0.946218 0.778636 0.512141 0.907787 0.524897 0.502697 0.818498 0.726421 0.487166 0.410735 0.633707 0.694014 0.934346 0.931330 0.924128 0.616193 0.722358 0.545256 0.698161 0.667083 0.769300 0.799983
0.444539 0.390230 0.911970 0.922990 0.818202 0.814877 0.513198 0.501011 0.934468 0.912615 0.346878 0.318006 0.574840 0.406402 0.761708 0.822967 0.294864 0.244037 0.323917 0.270314 0.985103 0.828888 0.918604 0.942232 0.734547 0.576315 0.935116 0.844066 0.254143 0.000000 0.924478 0.652475 0.428591 0.394321 0.919647 0.972023 0.836392 0.674976 0.852485 0.878652 0.945090 0.700238 0.587620 0.604629 0.728449 0.741764 0.587208 0.661494 0.712812 0.787765 0.766614 0.824260 0.914018 0.768279 0.803772 0.723904 0.253482 0.371090 0.628889 0.745175 0.520541 0.530344 0.366487 0.310389 0.920398 0.613947 0.594045 0.591871 0.604452 0.634225 0.601628 0.745488 0.674327 0.762485 0.760774 0.700226 0.703747 0.508537 0.437854 0.398657 0.293170 0.353351 0.516722 0.573103 0.660615 0.686416 0.832547 0.778877 0.834956 0.861850 0.980799 0.929725 0.907472 0.772897 0.942661 0.809069 0.521384 0.869811 0.652833 0.626372 0.897067 0.768058 0.483025 0.486623 0.635638 0.662591 0.919767 0.978193 0.842444 0.637227 0.767894 0.625661 0.838002 0.706697 0.784039 0.758810
0.872080 0.862389 0.799546 0.729996 0.941542 0.840633 0.772682 0.925874 0.869348 0.974194 0.906388 0.959419 0.740141 0.852563 0.568148 0.619702 0.861422 0.870564 0.806206 0.803332 0.843664 0.766524 0.548577 0.723236 0.711467 0.735905 0.781997 0.852652 0.884837 0.924478 0.000000 0.589068 0.723781 0.884367 0.847448 0.781253 0.684618 0.836156 0.886615 0.943062 0.898613 0.915812 0.718314 0.699361 0.966596 0.946397 0.875447 0.844878 0.901858 0.890242 0.889675 0.862456 0.814828 0.819762 0.911549 0.908581 0.888542 0.911665 0.874285 0.890115 0.947072 0.932594 0.882306 0.883308 0.746022 0.938079 0.779539 0.877707 0.890866 0.888135 0.556644 0.667159 0.804215 0.810481 0.939511 0.745447 0.635725 0.680622 0.771599 0.767216 0.933683 0.975749 0.934529 0.998115 0.851635 0.828422 0.976305 0.925825 0.930426 0.950517 0.881931 0.913560 0.921072 0.975870 0.821204 0.882664 0.906148 0.773127 0.982202 0.947604 0.748748 0.993021 0.843083 0.852620 0.721903 0.805889 0.798652 0.855608 0.985248 0.971740 0.967562 0.896321 0.940325 0.880268 0.987755 0.952257
0.956336 0.905469 0.804488 0.991689 0.984632 0.883332 0.711205 0.767847 0.880137 0.681297 0.882560 0.880834 0.908954 0.669173 0.637971 0.729252 0.744979 0.665266 0.718596 0.764403 0.991389 0.769914 0.892448 0.968132 0.747855 0.860651 0.988685 0.940448 0.563711 0.652475 0.589068 0.000000 0.665237 0.697009 0.881409 0.719158 0.985851 0.968471 0.831041 0.985085 0.986292 0.741457 0.512998 0.494681 0.669754 0.688544 0.745545 0.832531 0.861926 0.937476 0.879814 0.960584 0.874761 0.865495 0.975915 0.937214 0.746458 0.911147 0.997254 0.872635 0.991418 0.910038 0.798129 0.812486 0.767219 0.899569 0.856540 0.768000 0.915877 0.892047 0.650583 0.590831 0.990268 0.903606 0.950819 0.729114 0.715561 0.512954 0.766571 0.773525 0.794394 0.944546 0.877943 0.927480 0.916613 0.948824 0.811798 0.936829 0.807349 0.925655 0.664611 0.704144 0.702617 0.904954 0.886267 0.845308 0.882025 0.951829 0.567843 0.489656 0.840872 0.741044 0.548229 0.651726 0.793263 0.779927 0.878317 0.835027 0.988697 0.810281 0.810766 0.664936 0.799641 0.720024 0.976503 0.999891
0.353233 0.342553 0.637808 0.734347 0.807016 0.959756 0.362663 0.566207 0.795967 0.958307 0.491804 0.481846 0.387357 0.417395 0.531655 0.647439 0.333610 0.346172 0.312769 0.341355 0.841938 0.974606 0.635187 0.818930 0.988159 0.859692 0.987304 0.989353 0.412170 0.428591 0.723781 0.665237 0.000000 0.298105 0.749247 0.937735 0.638013 0.833513 0.866041 0.851683 0.675208 0.840998 0.559788 0.495649 0.714098 0.656052 0.433362 0.509640 0.685065 0.584987 0.622492 0.603039 0.843396 0.985574 0.614452 0.582253 0.336616 0.370384 0.441639 0.570082 0.431548 0.581562 0.265541 0.317732 0.761337 0.624424 0.363907 0.457157 0.551375 0.536513 0.473669 0.734516 0.604200 0.669796 0.768177 0.627513 0.527834 0.576130 0.383954 0.470764 0.349548 0.428234 0.501827 0.500310 0.460739 0.535766 0.815909 0.693740 0.640888 0.744486 0.923840 0.883964 0.806800 0.716582 0.951847 0.940004 0.434069 0.987189 0.666654 0.723722 0.908571 0.856350 0.630467 0.614130 0.604601 0.584507 0.986364 0.975380 0.944555 0.623238 0.843421 0.607185 0.788015 0.654895 0.702259 0.787953
0.315822 0.320471 0.684933 0.706780 0.738093 0.877384 0.301761 0.410952 0.790982 0.908675 0.352726 0.363540 0.368515 0.358601 0.610970 0.648317 0.350500 0.318285 0.259683 0.309591 0.855953 0.936871 0.817727 0.872904 0.905006 0.725950 0.895888 0.888799 0.347700 0.394321 0.884367 0.697009 0.298105 0.000000 0.846407 0.994803 0.681377 0.775854 0.910370 0.794469 0.766131 0.847982 0.544475 0.515118 0.631445 0.538456 0.414102 0.415340 0.544852 0.543832 0.527037 0.580194 0.892528 0.945619 0.564281 0.483035 0.323268 0.338013 0.369686 0.517602 0.314790 0.425763 0.260874 0.272878 0.826740 0.544112 0.348441 0.407888 0.548358 0.468313 0.612575 0.825361 0.617822 0.635905 0.748631 0.725003 0.550905 0.595292 0.469613 0.480927 0.327992 0.411189 0.448596 0.485819 0.509571 0.544828 0.797644 0.752976 0.666662 0.720256 0.921542 0.815502 0.832174 0.684741 0.988901 0.767385 0.428643 0.933608 0.571955 0.640199 0.935938 0.860732 0.578707 0.560889 0.582259 0.559819 0.954093 0.919624 0.941863 0.606625 0.814978 0.497200 0.750702 0.639986 0.709235 0.723433
0.718955 0.760864 0.595992 0.730314 0.857622 0.813879 0.801891 0.992933 0.764121 0.720886 0.981524 0.947468 0.734415 0.835432 0.825842 0.869634 0.940828 0.936192 0.785001 0.829892 0.753793 0.941334 0.627477 0.688514 0.586158 0.684740 0.818528 0.942481 0.940152 0.919647 0.847448 0.881409 0.749247 0.846407 0.000000 0.943516 0.695048 0.796765 0.625915 0.842845 0.882059 0.941059 0.843852 0.945416 0.898818 0.864417 0.921408 0.894671 0.817869 0.956905 0.993873 0.910704 0.986359 0.938659 0.698997 0.737082 0.905822 0.841246 0.751980 0.804218 0.791522 0.946331 0.847699 0.892977 0.532364 0.838118 0.645600 0.784523 0.740910 0.797015 0.794563 0.876271 0.815586 0.829956 0.906098 0.992446 0.952759 0.990104 0.853148 0.904437 0.905074 0.864761 0.830322 0.762278 0.623209 0.681378 0.951424 0.749593 0.684435 0.762321 0.662168 0.716949 0.719362 0.803301 0.901445 0.903425 0.810344 0.889821 0.810366 0.803846 0.519499 0.879879 0.868175 0.883282 0.804063 0.827084 0.983689 0.919301 0.950375 0.974034 0.786204 0.877440 0.785159 0.844433 0.882657 0.810013
0.926262 0.986322 0.930859 0.956938 0.917671 0.832069 0.920046 0.978876 0.855001 0.912491 0.838929 0.963960 0.916006 0.984880 0.917162 0.836057 0.917830 0.979625 0.994309 0.987747 0.681097 0.796156 0.925215 0.805394 0.887818 0.897787 0.878336 0.764498 0.974243 0.972023 0.781253 0.719158 0.937735 0.994803 0.943516 0.000000 0.973898 0.877601 0.943217 0.921733 0.950757 0.885290 0.904794 0.887321 0.979761 0.963817 0.998758 0.898274 0.925714 0.833292 0.878353 0.859176 0.947226 0.925890 0.976451 0.827125 0.966799 0.948846 0.896169 0.947182 0.877244 0.856533 0.831338 0.902421 0.979796 0.887742 0.931183 0.912094 0.875258 0.977294 0.901766 0.830307 0.960030 0.967014 0.748987 0.852333 0.897129 0.793998 0.923786 0.934654 0.923978 0.894368 0.903779 0.890126 0.883494 0.939566 0.880761 0.874894 0.826024 0.996194 0.915092 0.995654 0.865372 0.997923 0.976277 0.925791 0.967598 0.996516 0.916698 0.846502 0.978310 0.981942 0.895575 0.923842 0.931587 0.839855 0.945442 0.938458 0.935833 0.939932 0.909582 0.980381 0.991101 0.849179 0.802987 0.856229
0.507286 0.532870 0.462403 0.574695 0.862701 0.900966 0.743970 0.765441 0.901564 0.731461 0.814585 0.677270 0.561413 0.798602 0.765536 0.760746 0.711068 0.762915 0.714222 0.677497 0.754242 0.978762 0.607802 0.636255 0.573758 0.710346 0.898675 0.923353 0.873083 0.836392 0.684618 0.985851 0.638013 0.681377 0.695048 0.973898 0.000000 0.801047 0.775677 0.911974 0.691227 0.747378 0.974461 0.910529 0.864700 0.983169 0.726863 0.709057 0.983374 0.714266 0.805691 0.720221 0.945669 0.913864 0.487228 0.711886 0.675163 0.546155 0.577705 0.531374 0.573423 0.652435 0.648736 0.603261 0.499118 0.574227 0.628123 0.837588 0.489987 0.476109 0.829953 0.966077 0.679250 0.781555 0.789252 0.775335 0.853359 0.881702 0.691442 0.749633 0.644528 0.643648 0.591003 0.651243 0.488901 0.483199 0.708457 0.742788 0.553451 0.635498 0.485267 0.606580 0.535264 0.714835 0.995457 0.994293 0.723840 0.848483 0.817610 0.805977 0.612579 0.711230 0.948789 0.973254 0.823378 0.711873 0.932947 0.987440 0.933005 0.725677 0.871853 0.999869 0.911753 0.960080 0.768917 0.833869
0.742332 0.670430 0.759700 0.722082 0.913149 0.906966 0.785445 0.711203 0.933419 0.982250 0.812664 0.659713 0.751555 0.659757 0.831583 0.802732 0.814361 0.668718 0.723812 0.582827 0.882602 0.898762 0.791464 0.738044 0.926972 0.915335 0.862096 0.730134 0.788681 0.674976 0.836156 0.968471 0.833513 0.775854 0.796765 0.877601 0.801047 0.000000 0.834891 0.970581 0.968025 0.794121 0.930957 0.918267 0.979117 0.998994 0.904413 0.922684 0.995089 0.962707 0.923418 0.932010 0.787006 0.805021 0.893630 0.933423 0.723963 0.692359 0.882017 0.872404 0.786931 0.755976 0.813069 0.688947 0.822829 0.742974 0.782311 0.786608 0.768688 0.776979 0.779619 0.631515 0.812811 0.785854 0.968025 0.835003 0.910366 0.721442 0.739983 0.656688 0.755652 0.758426 0.860445 0.875214 0.783416 0.763067 0.944891 0.941064 0.818846 0.892577 0.849399 0.881399 0.903079 0.997741 0.804137 0.819587 0.762682 0.993096 0.988683 0.928683 0.894354 0.885538 0.790826 0.933218 0.662222 0.759282 0.777747 0.993877 0.994045 0.991678 0.940591 0.988025 0.956737 0.983287 0.799970 0.836251
