0.000000 0.300171 0.965085 0.863181 0.843473 0.962278 0.962098 0.862181 0.955908 0.865709 0.403272 0.393645 0.843964 0.899080 0.916881 0.811150 0.388919 0.377656 0.618961 0.544218 0.731064 0.928913 0.943192 0.984617 0.927587 0.923424 0.905771 0.782159 0.566907 0.574273 0.876228 0.985416 0.564520 0.508620 0.931477 0.880757 0.721787 0.654092 0.846628 0.706543 0.527731 0.640593 0.752757 0.655823 0.822892 0.670094 0.496624 0.536430 0.600798 0.603132 0.696404 0.715927 0.996317 0.668153 0.507267 0.680380 0.291678 0.360776 0.377734 0.406402 0.501972 0.604972 0.563072 0.462216 0.899749 0.735327 0.675342 0.532776 0.401510 0.485180 0.964574 0.907807 0.650400 0.656047 0.672376 0.989790 0.920242 0.917478 0.537508 0.586344 0.336868 0.383746 0.659919 0.434202 0.601359 0.664106 0.954828 0.962227 0.824219 0.683100 0.808003 0.792757 0.893736 0.747034 0.662546 0.932259 0.819608 0.978274 0.927119 0.990980 0.936550 0.736048 0.886326 0.822162 0.628739 0.761323 0.856942 0.972335 0.941889 0.877619 0.892646 0.740526 0.916014 0.895695 0.832099 0.943225
0.300171 0.000000 0.940251 0.841836 0.758964 0.967075 0.949482 0.838408 0.947489 0.788763 0.484249 0.389867 0.842522 0.841063 0.883763 0.795495 0.442372 0.434968 0.660523 0.552494 0.775680 0.885326 0.961334 0.961515 0.886889 0.917900 0.895689 0.728641 0.497819 0.611209 0.889113 0.925941 0.539216 0.499728 0.938033 0.929489 0.774284 0.735908 0.802575 0.768570 0.565250 0.594370 0.787771 0.685862 0.859483 0.710897 0.509434 0.527688 0.648946 0.586921 0.687504 0.700962 0.955048 0.712661 0.525090 0.755337 0.298254 0.329820 0.372050 0.357242 0.494678 0.600977 0.569046 0.488124 0.873435 0.736120 0.655596 0.542521 0.388612 0.461216 0.949055 0.869743 0.620009 0.653756 0.703752 0.961165 0.936443 0.865366 0.563173 0.580911 0.377670 0.427032 0.638792 0.447312 0.584906 0.659837 0.963836 0.993528 0.835301 0.715710 0.841252 0.831143 0.946062 0.764432 0.688810 0.953045 0.847515 0.956123 0.925954 0.986062 0.966834 0.722694 0.939975 0.911889 0.639618 0.694544 0.913826 0.874976 0.940468 0.882252 0.859141 0.720819 0.994311 0.913908 0.855540 0.875131
0.965085 0.940251 0.000000 0.273773 0.946808 0.943443 0.485764 0.445895 0.608363 0.940738 0.905269 0.799784 0.463569 0.624534 0.759992 0.439617 0.814557 0.814902 0.643217 0.660012 0.754608 0.874171 0.555013 0.485850 0.340463 0.386870 0.796028 0.974422 0.852222 0.834746 0.639034 0.754820 0.638467 0.774910 0.833078 0.909040 0.613959 0.564422 0.512407 0.622480 0.952181 0.986422 0.579069 0.645394 0.932543 0.935825 0.669432 0.721346 0.995204 0.861794 0.852404 0.881495 0.872368 0.955982 0.847593 0.838090 0.996080 0.808842 0.842669 0.976221 0.901218 0.608566 0.549425 0.621822 0.341062 0.354435 0.622295 0.784603 0.808352 0.874258 0.643623 0.566475 0.869502 0.755926 0.967799 0.734990 0.605557 0.683852 0.811762 0.957500 0.819568 0.971261 0.897418 0.969868 0.777995 0.636026 0.987719 0.846486 0.678218 0.744901 0.624600 0.636506 0.569199 0.557066 0.924015 0.761224 0.855209 0.759125 0.829650 0.772915 0.959956 0.856568 0.925830 0.769214 0.681282 0.761376 0.842429 0.880560 0.999137 0.939125 0.983754 0.992963 0.930809 0.864721 0.841785 0.915660
0.863181 0.841836 0.273773 0.000000 0.800245 0.931016 0.516404 0.410363 0.628110 0.967548 0.798114 0.715816 0.522308 0.544120 0.754461 0.465986 0.893696 0.946098 0.630056 0.569273 0.687761 0.897468 0.552827 0.477493 0.345760 0.369815 0.787216 0.931555 0.942546 0.920101 0.656957 0.727753 0.569662 0.704463 0.800316 0.898265 0.538343 0.555907 0.463108 0.645789 0.942881 0.955017 0.590911 0.605883 0.932801 0.922957 0.686506 0.717860 0.930089 0.765450 0.823663 0.836642 0.848815 0.993457 0.804901 0.794462 0.881157 0.928385 0.914950 0.923036 0.892694 0.599929 0.662274 0.739957 0.337987 0.349969 0.588203 0.743985 0.697419 0.703303 0.662784 0.569999 0.898444 0.772729 0.941067 0.744377 0.676814 0.675293 0.733201 0.909846 0.919894 0.935682 0.939987 0.921621 0.701496 0.585192 0.948595 0.870634 0.678506 0.673600 0.681839 0.662158 0.568030 0.588665 0.878648 0.716132 0.897540 0.829527 0.848706 0.827923 0.917855 0.882284 0.942827 0.829682 0.603428 0.691699 0.927841 0.958015 0.993724 0.901650 0.947311 0.961056 0.981986 0.845507 0.847745 0.930529
0.843473 0.758964 0.946808 0.800245 0.000000 0.948892 0.887414 0.788550 0.811153 0.972964 0.904733 0.859802 0.902340 0.779086 0.993653 0.864162 0.870455 0.876291 0.874961 0.833938 0.822010 0.928957 0.906208 0.965298 0.920792 0.825341 0.998101 0.839398 0.804842 0.896387 0.826269 0.792200 0.800757 0.792272 0.870585 0.958906 0.796138 0.870946 0.889489 0.879158 0.934446 0.982919 0.751153 0.669808 0.746648 0.765124 0.819319 0.737042 0.762525 0.743303 0.791375 0.798106 0.907156 0.875910 0.923917 0.795106 0.787518 0.891813 0.870437 0.922528 0.990052 0.917262 0.964855 0.948526 0.879127 0.925928 0.817597 0.747369 0.832664 0.777556 0.820547 0.832247 0.756241 0.836875 0.935871 0.925202 0.797876 0.858729 0.791231 0.929910 0.895493 0.881725 0.824473 0.826276 0.896711 0.912519 0.797240 0.910035 0.997199 0.837329 0.987930 0.914717 0.927022 0.987000 0.883260 0.761181 0.949376 0.950438 0.886293 0.874007 0.744419 0.968848 0.832420 0.767864 0.836609 0.909781 0.995530 0.961506 0.865225 0.807362 0.937160 0.959161 0.949932 0.947002 0.927700 0.821951
0.962278 0.967075 0.943443 0.931016 0.948892 0.000000 0.682946 0.632186 0.814749 0.593884 0.972451 0.814647 0.948101 0.895378 0.704506 0.859639 0.874794 0.987475 0.805545 0.958404 0.866268 0.997088 0.813702 0.792057 0.883984 0.936188 0.518139 0.903029 0.967131 0.884698 0.897489 0.746437 0.812569 0.748697 0.900432 0.897214 0.961818 0.883812 0.998574 0.958620 0.929831 0.946309 0.976156 0.896999 0.844541 0.736785 0.957300 0.751810 0.740952 0.750493 0.884786 0.836594 0.830452 0.913438 0.793084 0.955437 0.886382 0.921465 0.927157 0.998149 0.782932 0.738537 0.931335 0.958201 0.804443 0.836792 0.887933 0.690674 0.924818 0.856628 0.588826 0.603971 0.629323 0.678196 0.931778 0.977613 0.828318 0.825714 0.982962 0.961194 0.919541 0.914519 0.688584 0.796291 0.733429 0.772007 0.772822 0.768725 0.742709 0.626948 0.545262 0.612061 0.624940 0.783344 0.868366 0.999026 0.644143 0.804688 0.580986 0.712424 0.740441 0.854677 0.748578 0.954611 0.900548 0.945987 0.990126 0.879951 0.895732 0.942311 0.968444 0.813078 0.746800 0.974273 0.986703 0.926033
0.962098 0.949482 0.485764 0.516404 0.887414 0.682946 0.000000 0.382108 0.525703 0.749514 0.901575 0.863981 0.740594 0.920082 0.936031 0.571295 0.988570 0.975752 0.513385 0.781063 0.848445 0.922027 0.681280 0.737744 0.694369 0.693272 0.833310 0.868376 0.987658 0.927756 0.542080 0.505626 0.496096 0.567479 0.970797 0.946493 0.897555 0.835862 0.768700 0.864690 0.999915 0.875798 0.660734 0.737924 0.858470 0.979669 0.821784 0.849359 0.920114 0.983717 0.938974 0.979480 0.876847 0.965924 0.850109 0.875254 0.942078 0.793180 0.944591 0.914051 0.785388 0.832948 0.815881 0.836580 0.685639 0.663002 0.469556 0.614158 0.956366 0.962113 0.655029 0.581111 0.699499 0.744609 0.907042 0.905528 0.757552 0.681761 0.872578 0.862864 0.947834 0.932059 0.940303 0.973146 0.846632 0.772893 0.963109 0.898647 0.952226 0.999693 0.612471 0.616775 0.596723 0.680797 0.765177 0.799161 0.761800 0.771297 0.688410 0.690425 0.915590 0.724380 0.971242 0.831242 0.749745 0.878273 0.859597 0.929148 0.840882 0.982881 0.998471 0.992446 0.808012 0.934465 0.888469 0.970540
0.862181 0.838408 0.445895 0.410363 0.788550 0.632186 0.382108 0.000000 0.565608 0.625614 0.805277 0.632642 0.750944 0.759531 0.931781 0.628158 0.948258 0.975419 0.532722 0.597195 0.873891 0.933795 0.854524 0.788617 0.623615 0.612034 0.818702 0.904550 0.994829 0.916408 0.682197 0.616301 0.573921 0.573060 0.991484 0.906219 0.758237 0.744250 0.691203 0.711113 0.850316 0.947059 0.669253 0.748832 0.996718 0.924282 0.793604 0.849753 0.848563 0.972995 0.981885 0.995601 0.995635 0.910156 0.887528 0.840406 0.896763 0.879714 0.979164 0.949921 0.773646 0.532083 0.781867 0.864077 0.681650 0.487960 0.548030 0.632352 0.866764 0.954984 0.505383 0.411461 0.654078 0.651226 0.975945 0.842846 0.690409 0.704144 0.773314 0.874091 0.969944 0.963489 0.768573 0.951995 0.968580 0.868881 0.808214 0.757497 0.921154 0.956582 0.490959 0.538377 0.448522 0.614958 0.847929 0.790527 0.646505 0.765111 0.665280 0.645498 0.742768 0.771254 0.802863 0.929688 0.653840 0.710416 0.855945 0.937440 0.887300 0.910095 0.983507 0.909067 0.870646 0.960173 0.848757 0.937396
0.955908 0.947489 0.608363 0.628110 0.811153 0.814749 0.525703 0.565608 0.000000 0.610676 0.971167 0.855113 0.855524 0.941974 0.976431 0.587060 0.927694 0.880796 0.692967 0.782980 0.792390 0.924028 0.814555 0.919805 0.765969 0.560484 0.931800 0.886257 0.977496 0.977491 0.458602 0.601059 0.697503 0.725568 0.883153 0.937256 0.794454 0.821677 0.735501 0.815124 0.849265 0.956603 0.554419 0.642807 0.711976 0.866666 0.910994 0.937337 0.952396 0.910361 0.835078 0.913240 0.797722 0.721275 0.956379 0.899288 0.975751 0.656128 0.733599 0.684263 0.938553 0.857089 0.678426 0.709472 0.715053 0.804018 0.638448 0.884671 0.916872 0.986908 0.491837 0.492679 0.834917 0.779608 0.970463 0.782226 0.573747 0.560717 0.910846 0.974721 0.832516 0.781003 0.889054 0.828994 0.895187 0.999548 0.828285 0.655390 0.976305 0.971261 0.492557 0.477638 0.483373 0.492871 0.845950 0.823219 0.798698 0.747518 0.567769 0.562527 0.801204 0.599645 0.726193 0.930704 0.829568 0.982336 0.830459 0.852346 0.836899 0.946270 0.941637 0.781865 0.907496 0.837384 0.951864 0.955101
0.865709 0.788763 0.940738 0.967548 0.972964 0.593884 0.749514 0.625614 0.610676 0.000000 0.963731 0.871482 0.851190 0.886795 0.582599 0.994060 0.957833 0.948437 0.865359 0.869803 0.951906 0.858746 0.720255 0.696677 0.859222 0.989941 0.675487 0.673630 0.962236 0.912579 0.864506 0.848693 0.977963 0.886387 0.923610 0.951215 0.929972 0.992360 0.857392 0.997331 0.944233 0.911595 0.983890 0.884084 0.902385 0.760929 0.735640 0.709248 0.705560 0.639876 0.742474 0.693470 0.862574 0.954663 0.752065 0.875013 0.807217 0.658719 0.763446 0.666433 0.972845 0.853543 0.837029 0.857715 0.774358 0.986636 0.961761 0.967565 0.829800 0.671556 0.510572 0.563341 0.753557 0.773464 0.882195 0.933390 0.804337 0.798478 0.981809 0.884727 0.817049 0.721435 0.614159 0.655488 0.475807 0.570754 0.748110 0.611895 0.857168 0.683567 0.456021 0.487081 0.515141 0.588689 0.984082 0.923608 0.730989 0.825368 0.617388 0.700097 0.663245 0.721779 0.558636 0.790231 0.974090 0.975491 0.978426 0.919955 0.810824 0.974508 0.807874 0.869250 0.866282 0.885850 0.933091 0.991022
0.403272 0.484249 0.905269 0.798114 0.904733 0.972451 0.901575 0.805277 0.971167 0.963731 0.000000 0.444221 0.846064 0.878118 0.972475 0.949359 0.436178 0.349851 0.594273 0.601084 0.840155 0.980025 0.879723 0.973520 0.976243 0.999493 0.894760 0.909343 0.512348 0.447609 0.907130 0.992135 0.665366 0.543948 0.991660 0.832198 0.779128 0.727746 0.815384 0.828434 0.617970 0.737191 0.993178 0.891119 0.998205 0.900388 0.654941 0.682785 0.888501 0.870135 0.918782 0.997079 0.808186 0.572779 0.590339 0.805284 0.461559 0.453867 0.574544 0.510750 0.450586 0.611977 0.536075 0.459538 0.947996 0.722042 0.714446 0.653006 0.437527 0.530173 0.982698 0.888794 0.751320 0.759413 0.763041 0.934638 0.973193 0.987332 0.549343 0.634892 0.452652 0.404371 0.748198 0.492045 0.744807 0.718454 0.968237 0.965863 0.797392 0.722560 0.841891 0.802402 0.926348 0.806985 0.694918 0.988127 0.892786 0.985652 0.937626 0.811865 0.890210 0.859724 0.985662 0.845565 0.733395 0.801936 0.697407 0.889004 0.851817 0.824735 0.820001 0.908380 0.987651 0.929376 0.856430 0.962563
0.393645 0.389867 0.799784 0.715816 0.859802 0.814647 0.863981 0.632642 0.855113 0.871482 0.444221 0.000000 0.767249 0.791393 0.991169 0.745410 0.461024 0.495499 0.639549 0.542610 0.770294 0.922154 0.835148 0.996238 0.874205 0.809964 0.964816 0.930999 0.523616 0.593830 0.868289 0.874383 0.600057 0.497076 0.934602 0.860454 0.712327 0.689936 0.756419 0.713981 0.575350 0.633819 0.827292 0.797778 0.977809 0.875444 0.588417 0.709170 0.851452 0.786510 0.819396 0.883496 0.922598 0.701634 0.656996 0.795395 0.476806 0.530759 0.559128 0.510494 0.462914 0.424477 0.691801 0.587647 0.906538 0.610915 0.688004 0.626915 0.462822 0.557235 0.719924 0.637268 0.548664 0.550670 0.695538 0.908469 0.878640 0.839072 0.530136 0.665463 0.492395 0.563590 0.899114 0.625913 0.856250 0.796374 0.865387 0.762631 0.809304 0.858718 0.841947 0.891309 0.771892 0.993559 0.743219 0.972040 0.709271 0.940745 0.866744 0.926390 0.919975 0.958593 0.746908 0.778174 0.608308 0.675378 0.795706 0.928306 0.978669 0.830374 0.916815 0.707079 0.933858 0.996149 0.894025 0.907964
0.843964 0.842522 0.463569 0.522308 0.902340 0.948101 0.740594 0.750944 0.855524 0.851190 0.846064 0.767249 0.000000 0.635003 0.506301 0.440516 0.859484 0.869290 0.781945 0.912874 0.802917 0.906372 0.560240 0.485033 0.523144 0.579863 0.684727 0.865039 0.906386 0.889132 0.814392 0.878839 0.650690 0.832018 0.841971 0.957352 0.669800 0.637899 0.591448 0.722253 0.964575 0.778767 0.790279 0.783051 0.978051 0.903467 0.631552 0.811883 0.831346 0.724047 0.633669 0.710768 0.777135 0.895356 0.793149 0.806219 0.926760 0.946191 0.969814 0.805477 0.704475 0.635487 0.808845 0.825619 0.441923 0.451828 0.784789 0.840447 0.741609 0.693855 0.932435 0.893921 0.971641 0.897821 0.785684 0.811992 0.670011 0.829808 0.838120 0.833419 0.958982 0.826116 0.911672 0.804108 0.624040 0.481924 0.901376 0.939591 0.551752 0.765187 0.826232 0.807222 0.787040 0.769381 0.840048 0.913768 0.934403 0.827766 0.980886 0.988441 0.863920 0.966299 0.862516 0.756849 0.766731 0.829316 0.930975 0.943331 0.874737 0.898322 0.912126 0.923025 0.918572 0.903176 0.775947 0.999936
0.899080 0.841063 0.624534 0.544120 0.779086 0.895378 0.920082 0.759531 0.941974 0.886795 0.878118 0.791393 0.635003 0.000000 0.576999 0.639580 0.808902 0.964988 0.812184 0.759451 0.909177 0.821880 0.586522 0.561767 0.656077 0.642378 0.688421 0.861150 0.897265 0.980668 0.923122 0.811203 0.708484 0.922182 0.811680 0.985871 0.773893 0.701029 0.724542 0.833073 0.878777 0.847867 0.840112 0.788709 0.915772 0.813928 0.829151 0.797325 0.803251 0.611589 0.755725 0.635707 0.811475 0.843618 0.899777 0.988578 0.953005 0.901146 0.960440 0.794070 0.979872 0.793943 0.865509 0.864277 0.586577 0.635108 0.984267 0.962555 0.798449 0.607378 0.995529 0.957108 0.964510 0.924383 0.899858 0.833530 0.781141 0.938687 0.700107 0.991214 0.949384 0.948184 0.829633 0.800296 0.783135 0.666196 0.953974 0.932790 0.827671 0.635829 0.967849 0.911245 0.824431 0.856867 0.951985 0.945653 0.973538 0.963384 0.861283 0.966800 0.930701 0.881093 0.994270 0.884960 0.732304 0.768976 0.868119 0.968786 0.816719 0.869629 0.826353 0.895057 0.919942 0.903257 0.743852 0.946146
0.916881 0.883763 0.759992 0.754461 0.993653 0.704506 0.936031 0.931781 0.976431 0.582599 0.972475 0.991169 0.506301 0.576999 0.000000 0.576126 0.795645 0.952157 0.884460 0.986643 0.872827 0.982973 0.419542 0.507715 0.717096 0.720464 0.509698 0.802983 0.989250 0.998169 0.764443 0.870536 0.735009 0.995131 0.815367 0.940980 0.809215 0.813520 0.732973 0.941236 0.942440 0.938468 0.873465 0.739113 0.761148 0.665014 0.770868 0.789929 0.650262 0.526131 0.545205 0.525148 0.580536 0.712884 0.663299 0.875089 0.882165 0.883993 0.968041 0.891476 0.898245 0.980121 0.983393 0.977857 0.562651 0.848830 0.906016 0.957800 0.811491 0.626059 0.738969 0.753601 0.793347 0.825792 0.874477 0.977756 0.903438 0.948546 0.892023 0.890541 0.874552 0.771618 0.570159 0.677294 0.520325 0.468995 0.778598 0.685525 0.747804 0.673813 0.804556 0.854218 0.873543 0.922236 0.918863 0.965061 0.828701 0.863082 0.775912 0.895572 0.674902 0.995855 0.755959 0.795050 0.913091 0.991503 0.957565 0.963952 0.770641 0.995067 0.801396 0.947104 0.932158 0.937330 0.784768 0.921882
0.811150 0.795495 0.439617 0.465986 0.864162 0.859639 0.571295 0.628158 0.587060 0.994060 0.949359 0.745410 0.440516 0.639580 0.576126 0.000000 0.944622 0.949954 0.652454 0.686375 0.716321 0.835712 0.506433 0.547742 0.513329 0.477382 0.793777 0.930123 0.991183 0.971336 0.510445 0.615113 0.503395 0.667152 0.824409 0.979434 0.682542 0.565591 0.598049 0.679107 0.944427 0.888632 0.534286 0.555624 0.706865 0.713395 0.627139 0.744158 0.740136 0.661961 0.571497 0.639596 0.639560 0.772035 0.773809 0.747832 0.819556 0.964318 0.999107 0.979965 0.787917 0.703238 0.744393 0.796750 0.439486 0.547273 0.619467 0.738396 0.709405 0.739579 0.725275 0.673304 0.846890 0.738795 0.844847 0.796010 0.563957 0.634695 0.716704 0.872873 0.963968 0.903989 0.823521 0.822491 0.687740 0.594812 0.971708 0.894313 0.785111 0.771747 0.704412 0.703160 0.679428 0.686333 0.818235 0.791607 0.898351 0.908252 0.766313 0.726258 0.997540 0.816642 0.927768 0.893304 0.678313 0.793944 0.974142 0.791350 0.993753 0.989080 0.981233 0.843915 0.822488 0.959181 0.736219 0.912162
0.388919 0.442372 0.814557 0.893696 0.870455 0.874794 0.988570 0.948258 0.927694 0.957833 0.436178 0.461024 0.859484 0.808902 0.795645 0.944622 0.000000 0.293801 0.693537 0.657739 0.856341 0.906470 0.620382 0.740498 0.762803 0.790780 0.856691 0.924682 0.461815 0.426829 0.993790 0.973057 0.781516 0.554929 0.911659 0.839190 0.920546 0.916368 0.978856 0.932087 0.595303 0.774290 0.972877 0.928513 0.995950 0.927456 0.741289 0.771353 0.902530 0.965385 0.974497 0.896528 0.716848 0.509250 0.697461 0.830483 0.393162 0.420025 0.461992 0.576575 0.502426 0.743234 0.409083 0.348911 0.761051 0.985566 0.771787 0.644765 0.531983 0.755296 0.937679 0.868149 0.599677 0.702367 0.815256 0.865900 0.888366 0.964100 0.613950 0.656396 0.377041 0.440214 0.762237 0.595775 0.894233 0.975255 0.979794 0.950728 0.977293 0.927280 0.814432 0.756025 0.827511 0.668308 0.696185 0.888777 0.827201 0.965826 0.951344 0.962847 0.972640 0.774823 0.850728 0.698412 0.863242 0.807565 0.803470 0.997596 0.918404 0.908705 0.989155 0.745344 0.930543 0.976296 0.955261 0.930507
0.377656 0.434968 0.814902 0.946098 0.876291 0.987475 0.975752 0.975419 0.880796 0.948437 0.349851 0.495499 0.869290 0.964988 0.952157 0.949954 0.293801 0.000000 0.675615 0.609831 0.913501 0.974963 0.761767 0.856259 0.791331 0.804213 0.983061 0.891529 0.418962 0.358710 0.979481 0.992440 0.728936 0.549290 0.940060 0.875206 0.899540 0.877002 0.978139 0.915089 0.545702 0.772634 0.921662 0.928228 0.966161 0.861085 0.734748 0.707805 0.865782 0.885436 0.968444 0.981699 0.835415 0.525733 0.627177 0.884157 0.364337 0.367224 0.497407 0.549327 0.510978 0.806453 0.358310 0.294226 0.836269 0.983962 0.817178 0.692944 0.508803 0.624005 0.931666 0.986942 0.684504 0.804209 0.861263 0.878294 0.794187 0.954964 0.591200 0.616874 0.362180 0.382922 0.615222 0.485031 0.780578 0.845948 0.983454 0.919840 0.972812 0.814467 0.714276 0.652958 0.754825 0.639458 0.687686 0.895772 0.980458 0.893836 0.945711 0.880698 0.894248 0.762005 0.931519 0.763284 0.847985 0.824689 0.721835 0.881471 0.916220 0.941289 0.891561 0.839014 0.869316 0.999861 0.955840 0.855114
0.618961 0.660523 0.643217 0.630056 0.874961 0.805545 0.513385 0.532722 0.692967 0.865359 0.594273 0.639549 0.781945 0.812184 0.884460 0.652454 0.693537 0.675615 0.000000 0.577956 0.843926 0.988516 0.819035 0.873551 0.877403 0.793513 0.954442 0.973994 0.645272 0.592302 0.644769 0.667999 0.524284 0.437333 0.909709 0.974017 0.885705 0.815523 0.789360 0.901644 0.798728 0.886483 0.777724 0.802714 0.875729 0.868491 0.672779 0.781088 0.917820 0.868470 0.929528 0.923370 0.991847 0.824144 0.732407 0.903419 0.716520 0.848413 0.746935 0.752248 0.574832 0.717386 0.897395 0.858645 0.809238 0.645751 0.549298 0.553257 0.691790 0.795933 0.772800 0.697513 0.696728 0.666099 0.830986 0.989797 0.836613 0.791584 0.645692 0.753564 0.766371 0.684387 0.890216 0.734853 0.794942 0.777538 0.952765 0.993130 0.935576 0.888178 0.875672 0.910088 0.793080 0.925992 0.704662 0.961065 0.766044 0.974528 0.855732 0.829058 0.929498 0.997895 0.957728 0.968892 0.781701 0.896061 0.934954 0.933933 0.965958 0.960643 0.833299 0.919129 0.948578 0.836464 0.761754 0.861315
0.544218 0.552494 0.660012 0.569273 0.833938 0.958404 0.781063 0.597195 0.782980 0.869803 0.601084 0.542610 0.912874 0.759451 0.986643 0.686375 0.657739 0.609831 0.577956 0.000000 0.733650 0.918603 0.944659 0.875776 0.711448 0.707287 0.904365 0.922281 0.668644 0.705111 0.732051 0.787687 0.653521 0.603793 0.892130 0.882830 0.719508 0.597534 0.761635 0.792327 0.660770 0.773468 0.722537 0.679005 0.928427 0.881748 0.725626 0.728096 0.890546 0.786298 0.930490 0.926529 0.981323 0.787220 0.703829 0.834608 0.561734 0.771261 0.830657 0.785772 0.777585 0.666295 0.948817 0.861414 0.749896 0.646308 0.689215 0.714632 0.535414 0.672704 0.681054 0.584707 0.749321 0.658584 0.901554 0.989818 0.851122 0.776285 0.614416 0.874084 0.783342 0.758190 0.890766 0.810696 0.853180 0.858097 0.957102 0.937683 0.898746 0.711594 0.880455 0.899410 0.780398 0.835430 0.777583 0.983340 0.872549 0.956064 0.859506 0.821207 0.963680 0.896613 0.900982 0.919365 0.575730 0.678298 0.994248 0.999617 0.922124 0.967482 0.895606 0.850728 0.996439 0.884960 0.903830 0.956265
0.731064 0.775680 0.754608 0.687761 0.822010 0.866268 0.848445 0.873891 0.792390 0.951906 0.840155 0.770294 0.802917 0.909177 0.872827 0.716321 0.856341 0.913501 0.843926 0.733650 0.000000 0.886752 0.859753 0.909501 0.805846 0.698922 0.844049 0.788821 0.956157 0.958468 0.707324 0.999447 0.771522 0.777736 0.836397 0.922359 0.618619 0.808692 0.687035 0.789862 0.995955 0.898035 0.681112 0.692653 0.828466 0.834450 0.728448 0.756358 0.794231 0.802252 0.831373 0.853174 0.937454 0.982611 0.926348 0.930375 0.817374 0.864473 0.877118 0.878207 0.886996 0.746336 0.896881 0.969688 0.749070 0.753552 0.731191 0.686290 0.713790 0.719258 0.767515 0.807830 0.844763 0.730905 0.964398 0.871861 0.779123 0.785037 0.828813 0.870449 0.880271 0.894907 0.984910 0.937373 0.840828 0.807655 0.979797 0.801524 0.956230 0.855089 0.878225 0.844231 0.851534 0.874037 0.858178 0.940355 0.879670 0.911084 0.804410 0.857849 0.852623 0.959282 0.931114 0.779777 0.689244 0.865284 0.955177 0.978704 0.878912 0.987018 0.918514 0.910914 0.932144 0.996605 0.892640 0.847401
0.928913 0.885326 0.874171 0.897468 0.928957 0.997088 0.922027 0.933795 0.924028 0.858746 0.980025 0.922154 0.906372 0.821880 0.982973 0.835712 0.906470 0.974963 0.988516 0.918603 0.886752 0.000000 0.966469 0.937272 0.838618 0.877871 0.961336 0.950397 0.955197 0.899411 0.812013 0.895332 0.904880 0.860750 0.839245 0.997849 0.691755 0.826254 0.932663 0.806754 0.896554 0.984887 0.789306 0.826542 0.844584 0.883190 0.833347 0.802090 0.933513 0.977709 0.872520 0.952586 0.886024 0.984280 0.813250 0.881154 0.885599 0.984191 0.974773 0.956370 0.984451 0.989483 0.922632 0.980011 0.865758 0.940295 0.816032 0.917902 0.946769 0.975950 0.792352 0.899960 0.966938 0.960340 0.859262 0.914557 0.972208 0.912172 0.940671 0.907852 0.929297 0.883613 0.915515 0.901274 0.853935 0.878355 0.939839 0.989281 0.942918 0.963755 0.928615 0.913628 0.891148 0.893679 0.993894 0.897580 0.904890 0.975448 0.848800 0.953729 0.892417 0.894462 0.942915 0.879346 0.952171 0.994465 0.989397 0.952847 0.940624 0.939017 0.935208 0.986883 0.971220 0.966376 0.989163 0.852160
0.943192 0.961334 0.555013 0.552827 0.906208 0.813702 0.681280 0.854524 0.814555 0.720255 0.879723 0.835148 0.560240 0.586522 0.419542 0.506433 0.620382 0.761767 0.819035 0.944659 0.859753 0.966469 0.000000 0.350076 0.532457 0.586699 0.557853 0.771879 0.818021 0.787116 0.709515 0.750024 0.668900 0.975685 0.752866 0.865564 0.824775 0.804724 0.703330 0.882338 0.880911 0.912809 0.652013 0.607191 0.659729 0.661504 0.788100 0.719625 0.706231 0.573589 0.621289 0.530927 0.480131 0.606970 0.796730 0.833589 0.983435 0.853369 0.844583 0.933713 0.877972 0.877349 0.719074 0.683609 0.395869 0.773454 0.733916 0.941167 0.946523 0.780121 0.872552 0.900760 0.795014 0.824320 0.943482 0.881345 0.748100 0.783927 0.975392 0.991030 0.876116 0.975878 0.754149 0.842809 0.498013 0.437207 0.859032 0.775850 0.721377 0.632586 0.988559 0.939174 0.937927 0.868589 0.991424 0.828267 0.806295 0.994348 0.958091 0.863657 0.818096 0.924996 0.792261 0.711840 0.790644 0.938072 0.896926 0.931032 0.953898 0.985646 0.886606 0.903770 0.865569 0.894554 0.780345 0.931425
0.984617 0.961515 0.485850 0.477493 0.965298 0.792057 0.737744 0.788617 0.919805 0.696677 0.973520 0.996238 0.485033 0.561767 0.507715 0.547742 0.740498 0.856259 0.873551 0.875776 0.909501 0.937272 0.350076 0.000000 0.424860 0.603065 0.577481 0.880766 0.815276 0.835691 0.866704 0.860917 0.756149 0.950776 0.775356 0.997033 0.730052 0.730562 0.610450 0.820922 0.956358 0.956031 0.720405 0.642445 0.796337 0.771239 0.726125 0.649408 0.794349 0.636978 0.693178 0.674799 0.647789 0.811956 0.792120 0.793558 0.936249 0.945690 0.901477 0.949206 0.965567 0.937191 0.738444 0.752124 0.360358 0.620641 0.707887 0.983824 0.873387 0.784379 0.925631 0.968465 0.836921 0.829799 0.935087 0.878594 0.757387 0.817373 0.953286 0.897289 0.972431 0.871617 0.805983 0.764138 0.512743 0.384627 0.875459 0.800006 0.582814 0.564824 0.997450 0.999789 0.962934 0.900514 0.941571 0.798926 0.855088 0.916396 0.896947 0.914402 0.809277 0.979994 0.766142 0.752810 0.772324 0.798322 0.970082 0.999833 0.971301 0.894754 0.903635 0.912128 0.981095 0.910258 0.826558 0.949852
0.927587 0.886889 0.340463 0.345760 0.920792 0.883984 0.694369 0.623615 0.765969 0.859222 0.976243 0.874205 0.523144 0.656077 0.717096 0.513329 0.762803 0.791331 0.877403 0.711448 0.805846 0.838618 0.532457 0.424860 0.000000 0.401834 0.695256 0.914161 0.748430 0.677183 0.722877 0.845783 0.692539 0.860252 0.785564 0.855643 0.578296 0.573029 0.538463 0.590365 0.979738 0.946466 0.530532 0.547753 0.868229 0.844997 0.656872 0.639632 0.833572 0.703186 0.721707 0.739819 0.762418 0.888057 0.772335 0.759594 0.880621 0.902080 0.878847 0.940065 0.956577 0.704067 0.565341 0.657639 0.284510 0.441107 0.668453 0.873927 0.749496 0.766900 0.743075 0.733239 0.977480 0.885734 0.822888 0.768053 0.626187 0.667127 0.880162 0.878700 0.885899 0.988695 0.970067 0.945536 0.631701 0.546737 0.898019 0.905423 0.627562 0.654535 0.781115 0.761020 0.695410 0.636547 0.965295 0.747444 0.934088 0.843206 0.890967 0.824786 0.984480 0.958339 0.898328 0.745549 0.591579 0.726408 0.824005 0.928969 0.952273 0.908079 0.975445 0.969761 0.930759 0.998380 0.880802 0.848657
0.923424 0.917900 0.386870 0.369815 0.825341 0.936188 0.693272 0.612034 0.560484 0.989941 0.999493 0.809964 0.579863 0.642378 0.720464 0.477382 0.790780 0.804213 0.793513 0.707287 0.698922 0.877871 0.586699 0.603065 0.401834 0.000000 0.780741 0.870260 0.871168 0.776517 0.662202 0.761759 0.665822 0.875270 0.662346 0.893736 0.540887 0.660385 0.546008 0.577980 0.938677 0.985925 0.512153 0.586972 0.818444 0.815297 0.681188 0.748049 0.825231 0.677587 0.699581 0.723831 0.781155 0.830083 0.832854 0.807804 0.988167 0.856429 0.823523 0.988814 0.967671 0.685232 0.575574 0.641478 0.389874 0.480756 0.696658 0.837413 0.760049 0.756949 0.655617 0.634704 0.911317 0.803010 0.901947 0.737600 0.551717 0.609562 0.836374 0.932444 0.853607 0.893391 0.961635 0.979979 0.787342 0.684533 0.950565 0.820036 0.818838 0.722164 0.651294 0.626724 0.576527 0.579509 0.851953 0.810623 0.839077 0.781118 0.778869 0.719641 0.941410 0.855167 0.958791 0.913879 0.619819 0.786902 0.809716 0.837258 0.974058 0.881950 0.975674 0.908148 0.904112 0.879117 0.844731 0.900163
0.905771 0.895689 0.796028 0.787216 0.998101 0.518139 0.833310 0.818702 0.931800 0.675487 0.894760 0.964816 0.684727 0.688421 0.509698 0.793777 0.856691 0.983061 0.954442 0.904365 0.844049 0.961336 0.557853 0.577481 0.695256 0.780741 0.000000 0.726508 0.970542 0.954567 0.969112 0.877014 0.935082 0.926764 0.773022 0.875833 0.746319 0.769161 0.811754 0.885442 0.998100 0.886609 0.886278 0.779644 0.817275 0.723472 0.815347 0.715629 0.686110 0.630749 0.750301 0.714505 0.639648 0.806094 0.772674 0.892853 0.870746 0.886030 0.967561 0.912389 0.935021 0.963836 0.961367 0.954746 0.568002 0.883215 0.996351 0.812338 0.821601 0.654531 0.781672 0.747489 0.769404 0.842706 0.802271 0.855586 0.932224 0.930009 0.966434 0.912968 0.915210 0.844249 0.689448 0.700114 0.612364 0.570193 0.831919 0.805313 0.638890 0.639945 0.796017 0.811491 0.824751 0.923388 0.935171 0.889727 0.727170 0.815210 0.783401 0.865354 0.724100 0.884686 0.778883 0.952345 0.896126 0.892276 0.875973 0.928740 0.848726 0.958786 0.976595 0.997634 0.818023 0.912756 0.895912 0.934915
0.782159 0.728641 0.974422 0.931555 0.839398 0.903029 0.868376 0.904550 0.886257 0.673630 0.909343 0.930999 0.865039 0.861150 0.802983 0.930123 0.924682 0.891529 0.973994 0.922281 0.788821 0.950397 0.771879 0.880766 0.914161 0.870260 0.726508 0.000000 0.897750 0.994461 0.940675 0.854094 0.865653 0.958506 0.828465 0.969257 0.879606 0.994568 0.891621 0.753769 0.962829 0.853160 0.866342 0.783247 0.846202 0.786230 0.805776 0.728292 0.692882 0.665013 0.732526 0.663499 0.775217 0.961837 0.771643 0.819710 0.802558 0.706762 0.810684 0.785433 0.985280 0.956485 0.878893 0.858931 0.822731 0.948671 0.973691 0.876978 0.779914 0.686392 0.826939 0.834720 0.957341 0.953030 0.902697 0.860134 0.897918 0.999209 0.815062 0.897399 0.857161 0.771445 0.737144 0.769178 0.626020 0.680229 0.877360 0.790883 0.873553 0.681250 0.769561 0.848138 0.817936 0.892806 0.870700 0.852420 0.797062 0.986670 0.900898 0.911311 0.839304 0.863473 0.810898 0.966727 0.957156 0.919652 0.981338 0.964784 0.854200 0.987733 0.869463 0.952354 0.998189 0.935314 0.945835 0.974212
0.566907 0.497819 0.852222 0.942546 0.804842 0.967131 0.987658 0.994829 0.977496 0.962236 0.512348 0.523616 0.906386 0.897265 0.989250 0.991183 0.461815 0.418962 0.645272 0.668644 0.956157 0.955197 0.818021 0.815276 0.748430 0.871168 0.970542 0.897750 0.000000 0.418679 0.904629 0.930483 0.708670 0.563764 0.996633 0.960879 0.962379 0.999898 0.941232 0.900530 0.678014 0.759002 0.919903 0.986504 0.895256 0.834605 0.832330 0.846270 0.807240 0.827291 0.917321 0.973792 0.957259 0.817911 0.696914 0.966713 0.583979 0.541773 0.628111 0.658134 0.584728 0.908189 0.473690 0.483668 0.793265 0.943322 0.846659 0.769258 0.618806 0.696756 0.996802 0.914588 0.676811 0.821009 0.832544 0.836485 0.898886 0.987158 0.649831 0.789454 0.513057 0.554513 0.656931 0.587478 0.916756 0.937044 0.953717 0.990139 0.994558 0.910410 0.825632 0.830760 0.936918 0.783846 0.759055 0.891032 0.983573 0.890655 0.989636 0.854026 0.843385 0.849123 0.921384 0.746660 0.922407 0.890120 0.688154 0.977617 0.914646 0.969677 0.788786 0.866894 0.880369 0.914597 0.973228 0.755961
0.574273 0.611209 0.834746 0.920101 0.896387 0.884698 0.927756 0.916408 0.977491 0.912579 0.447609 0.593830 0.889132 0.980668 0.998169 0.971336 0.426829 0.358710 0.592302 0.705111 0.958468 0.899411 0.787116 0.835691 0.677183 0.776517 0.954567 0.994461 0.418679 0.000000 0.882771 0.898099 0.771861 0.601214 0.924553 0.956925 0.949470 0.967348 0.909347 0.898600 0.700989 0.773514 0.861208 0.983023 0.917372 0.889902 0.849610 0.912770 0.955292 0.971837 0.987543 0.934979 0.856144 0.707674 0.719516 0.928639 0.607838 0.580338 0.573335 0.675830 0.508702 0.866707 0.423381 0.430454 0.723948 0.949408 0.769402 0.715295 0.693147 0.796605 0.992591 0.974741 0.638069 0.820451 0.880223 0.890668 0.885544 0.965155 0.672246 0.776867 0.516472 0.506117 0.721645 0.605061 0.961412 0.950877 0.895135 0.880881 0.911497 0.927562 0.831640 0.761468 0.845715 0.723835 0.716733 0.944497 0.844451 0.899859 0.969807 0.954206 0.838051 0.911063 0.873285 0.745759 0.957957 0.914979 0.686096 0.994772 0.870283 0.899904 0.795420 0.820053 0.909889 0.901857 0.858616 0.928939
0.876228 0.889113 0.639034 0.656957 0.826269 0.897489 0.542080 0.682197 0.458602 0.864506 0.907130 0.868289 0.814392 0.923122 0.764443 0.510445 0.993790 0.979481 0.644769 0.732051 0.707324 0.812013 0.709515 0.866704 0.722877 0.662202 0.969112 0.940675 0.904629 0.882771 0.000000 0.549369 0.591660 0.628268 0.959780 0.958603 0.760069 0.690117 0.772031 0.782240 0.988644 0.966221 0.519305 0.506324 0.551995 0.663666 0.796105 0.813121 0.771740 0.747845 0.617859 0.720820 0.673386 0.701619 0.727486 0.874797 0.831858 0.873722 0.936084 0.870510 0.917148 0.899292 0.842453 0.894674 0.717458 0.849813 0.548140 0.721027 0.834031 0.849560 0.615478 0.669992 0.756863 0.743232 0.891629 0.877337 0.607368 0.547855 0.725951 0.845571 0.952362 0.975595 0.864976 0.995697 0.891230 0.840686 0.917894 0.751043 0.979441 0.946089 0.712886 0.660555 0.649398 0.651129 0.855517 0.922218 0.870211 0.955169 0.622101 0.678674 0.957796 0.670496 0.819046 0.955028 0.781744 0.993452 0.941977 0.826936 0.986002 0.874397 0.980049 0.964268 0.823656 0.992088 0.847857 0.922225
0.985416 0.925941 0.754820 0.727753 0.792200 0.746437 0.505626 0.616301 0.601059 0.848693 0.992135 0.874383 0.878839 0.811203 0.870536 0.615113 0.973057 0.992440 0.667999 0.787687 0.999447 0.895332 0.750024 0.860917 0.845783 0.761759 0.877014 0.854094 0.930483 0.898099 0.549369 0.000000 0.673555 0.700599 0.978058 0.884312 0.953410 0.915809 0.910819 0.963426 0.939019 0.891042 0.684498 0.737686 0.761482 0.838792 0.839117 0.951436 0.943670 0.835070 0.801642 0.792673 0.806256 0.787845 0.875031 0.979823 0.923440 0.869010 0.973505 0.916809 0.899813 0.986921 0.925843 0.908408 0.844888 0.897869 0.638553 0.737812 0.970678 0.882068 0.745946 0.771530 0.730424 0.806941 0.905640 0.889212 0.800315 0.721158 0.828719 0.864614 0.938232 0.975728 0.950772 0.953319 0.949867 0.910315 0.761401 0.996093 0.875556 0.897799 0.724548 0.660638 0.664633 0.784589 0.801819 0.993513 0.871155 0.990619 0.783020 0.672823 0.962211 0.783116 0.802182 0.964370 0.691917 0.865403 0.968697 0.913567 0.961854 0.994786 0.932304 0.997632 0.868723 0.957007 0.777404 0.978306
0.564520 0.539216 0.638467 0.569662 0.800757 0.812569 0.496096 0.573921 0.697503 0.977963 0.665366 0.600057 0.650690 0.708484 0.735009 0.503395 0.781516 0.728936 0.524284 0.653521 0.771522 0.904880 0.668900 0.756149 0.692539 0.665822 0.935082 0.865653 0.708670 0.771861 0.591660 0.673555 0.000000 0.448547 0.870347 0.993518 0.784674 0.695719 0.788525 0.721571 0.705363 0.835079 0.573149 0.573275 0.706692 0.679584 0.594568 0.590912 0.698565 0.616583 0.632725 0.647804 0.771129 0.991003 0.612116 0.728067 0.569009 0.732830 0.687476 0.667588 0.620387 0.659903 0.919465 0.879206 0.623602 0.585718 0.506918 0.505115 0.613060 0.637883 0.816392 0.750548 0.672994 0.643783 0.818919 0.883253 0.762379 0.655330 0.665529 0.754932 0.699953 0.647230 0.696650 0.654660 0.573536 0.548536 0.993833 0.939705 0.852364 0.692730 0.862318 0.864339 0.767861 0.900907 0.735758 0.809504 0.812885 0.790220 0.724190 0.860053 0.991613 0.949547 0.853688 0.915161 0.582770 0.747145 0.969417 0.886442 0.938730 0.882103 0.881329 0.857299 0.846976 0.956228 0.768680 0.971355
0.508620 0.499728 0.774910 0.704463 0.792272 0.748697 0.567479 0.573060 0.725568 0.886387 0.543948 0.497076 0.832018 0.922182 0.995131 0.667152 0.554929 0.549290 0.437333 0.603793 0.777736 0.860750 0.975685 0.950776 0.860252 0.875270 0.926764 0.958506 0.563764 0.601214 0.628268 0.700599 0.448547 0.000000 0.915915 0.973016 0.791548 0.761153 0.813650 0.812692 0.684705 0.818981 0.719791 0.720256 0.767857 0.789053 0.654428 0.694185 0.827327 0.858988 0.822313 0.908189 0.944877 0.834228 0.704514 0.801241 0.516214 0.695358 0.657897 0.683782 0.550188 0.668058 0.797787 0.732596 0.867963 0.725439 0.501665 0.489232 0.589867 0.736806 0.680824 0.623115 0.518715 0.595987 0.676925 0.951189 0.817322 0.722522 0.624813 0.622130 0.610647 0.628125 0.821259 0.657194 0.794793 0.774378 0.890883 0.856338 0.929445 0.905407 0.850621 0.851402 0.768408 0.922677 0.632186 0.846372 0.747526 0.932602 0.702283 0.809541 0.957198 0.944200 0.803114 0.876058 0.700185 0.756890 0.813950 0.908593 0.977016 0.997756 0.917566 0.790795 0.898019 0.902364 0.805822 0.933044
0.931477 0.938033 0.833078 0.800316 0.870585 0.900432 0.970797 0.991484 0.883153 0.923610 0.991660 0.934602 0.841971 0.811680 0.815367 0.824409 0.911659 0.940060 0.909709 0.892130 0.836397 0.839245 0.752866 0.775356 0.785564 0.662346 0.773022 0.828465 0.996633 0.924553 0.959780 0.978058 0.870347 0.915915 0.000000 0.957794 0.778064 0.815040 0.748110 0.815210 0.922729 0.960804 0.694368 0.702405 0.771140 0.674037 0.804669 0.729068 0.703815 0.676746 0.733796 0.722095 0.799795 0.861736 0.968462 0.850995 0.912404 0.919530 0.942507 0.888858 0.903403 0.966858 0.933564 0.926314 0.743510 0.899603 0.895457 0.948813 0.832834 0.838231 0.915745 0.982034 0.970209 0.938961 0.974758 0.798896 0.810042 0.856780 0.996438 0.956261 0.955676 0.973300 0.911748 0.973285 0.806043 0.782014 0.960963 0.950034 0.809192 0.622070 0.955935 0.929212 0.948438 0.966056 0.855079 0.824083 0.917837 0.778340 0.957057 0.887344 0.925735 0.970562 0.962546 0.896626 0.837912 0.859857 0.958389 0.936346 0.996666 0.777278 0.995011 0.844744 0.834542 0.978814 0.857548 0.854084
0.880757 0.929489 0.909040 0.898265 0.958906 0.897214 0.946493 0.906219 0.937256 0.951215 0.832198 0.860454 0.957352 0.985871 0.940980 0.979434 0.839190 0.875206 0.974017 0.882830 0.922359 0.997849 0.865564 0.997033 0.855643 0.893736 0.875833 0.969257 0.960879 0.956925 0.958603 0.884312 0.993518 0.973016 0.957794 0.000000 0.843755 0.930304 0.985136 0.887650 0.785934 0.894769 0.877973 0.915454 0.735465 0.805160 0.979590 0.987021 0.874237 0.905584 0.905343 0.818668 0.703307 0.734748 0.892920 0.916910 0.914545 0.871697 0.969956 0.858918 0.804079 0.792143 0.949061 0.911963 0.959431 0.782499 0.984886 0.942710 0.738851 0.905018 0.880190 0.802455 0.876706 0.903428 0.973901 0.901228 0.976694 0.960994 0.876391 0.959552 0.928951 0.891543 0.939521 0.949764 0.982095 0.991783 0.952351 0.920643 0.950001 0.936742 0.967400 0.993117 0.970781 0.977959 0.916522 0.895166 0.936824 0.958113 0.947391 0.933321 0.865609 0.741743 0.881854 0.920393 0.845121 0.969162 0.993979 0.910600 0.960098 0.882424 0.998668 0.879465 0.919850 0.889041 0.780344 0.862676
0.721787 0.774284 0.613959 0.538343 0.796138 0.961818 0.897555 0.758237 0.794454 0.929972 0.779128 0.712327 0.669800 0.773893 0.809215 0.682542 0.920546 0.899540 0.885705 0.719508 0.618619 0.691755 0.824775 0.730052 0.578296 0.540887 0.746319 0.879606 0.962379 0.949470 0.760069 0.953410 0.784674 0.791548 0.778064 0.843755 0.000000 0.542809 0.693614 0.530206 0.866782 0.901630 0.621795 0.584699 0.848922 0.781454 0.669501 0.701033 0.755268 0.740700 0.753770 0.792687 0.903214 0.958647 0.764351 0.828675 0.740340 0.846767 0.950591 0.840748 0.913906 0.679030 0.880067 0.990032 0.569420 0.601592 0.742799 0.834114 0.653968 0.679088 0.754856 0.777920 0.927786 0.868655 0.939752 0.890140 0.741077 0.766612 0.763983 0.734715 0.835139 0.825331 0.892013 0.801633 0.757477 0.706121 0.926721 0.791302 0.767689 0.703283 0.888077 0.895309 0.791591 0.801731 0.834291 0.827461 0.924255 0.940972 0.863066 0.922169 0.870906 0.959618 0.966578 0.930693 0.805323 0.780401 0.995107 0.989439 0.941758 0.986862 0.995631 0.973919 0.929949 0.972183 0.856262 0.815206
0.654092 0.735908 0.564422 0.555907 0.870946 0.883812 0.835862 0.744250 0.821677 0.992360 0.727746 0.689936 0.637899 0.701029 0.813520 0.565591 0.916368 0.877002 0.815523 0.597534 0.808692 0.826254 0.804724 0.730562 0.573029 0.660385 0.769161 0.994568 0.999898 0.967348 0.690117 0.915809 0.695719 0.761153 0.815040 0.930304 0.542809 0.000000 0.687979 0.603416 0.820082 0.935797 0.654221 0.597841 0.800620 0.721337 0.717109 0.656357 0.729031 0.717515 0.674366 0.735811 0.848317 0.991069 0.701401 0.784883 0.669022 0.842027 0.891478 0.825701 0.844547 0.674738 0.893551 0.993465 0.575965 0.604127 0.793835 0.864314 0.585566 0.633153 0.804561 0.776722 0.876813 0.672751 0.841314 0.734668 0.726449 0.803486 0.629661 0.874381 0.841901 0.817179 0.804020 0.750421 0.761985 0.703643 0.969448 0.836853 0.680608 0.623768 0.957757 0.911814 0.850104 0.785717 0.882138 0.879422 0.984235 0.893712 0.946287 0.997968 0.926179 0.943776 0.933524 0.985534 0.794138 0.836760 0.877185 0.864047 0.885054 0.935473 0.981716 0.981829 0.912445 0.995383 0.756148 0.928021
