0.000000 0.229849 0.505715 0.600791 0.942774 0.798722 0.505831 0.441552 0.998833 0.641879 0.277322 0.263166 0.344643 0.412394 0.474201 0.462375 0.274290 0.199111 0.333477 0.253820 0.742508 0.828131 0.471212 0.623647 0.771794 0.744031 0.925150 0.942770 0.252181 0.243587 0.461113 0.453059 0.387422 0.346312 0.730722 0.843389 0.556967 0.727230 0.769867 0.722473 0.739653 0.771295 0.498806 0.449217 0.553711 0.468956 0.477477 0.396829 0.731299 0.654516 0.687895 0.717336 0.740274 0.897852 0.662398 0.811301 0.289674 0.286726 0.462962 0.384308 0.288897 0.358734 0.229806 0.241139 0.519439 0.466196 0.533501 0.385622 0.397602 0.335339 0.511985 0.560464 0.454410 0.532967 0.761496 0.723239 0.487188 0.503079 0.478987 0.373014 0.238725 0.270764 0.397222 0.462531 0.505551 0.490584 0.814615 0.939993 0.894539 0.577702 0.894093 0.918919 0.835203 0.947097 0.514428 0.644295 0.613207 0.797691 0.536289 0.547691 0.715827 0.646163 0.545720 0.588679 0.500953 0.551830 0.889496 0.879504 0.971074 0.720593 0.828838 0.542179 0.632111 0.702881 0.701674 0.985635
0.229849 0.000000 0.668253 0.696929 0.957298 0.877827 0.596265 0.493861 0.983938 0.623882 0.363908 0.327819 0.539802 0.514636 0.607792 0.527162 0.203414 0.207138 0.390075 0.301913 0.774919 0.822339 0.580951 0.734634 0.904017 0.842171 0.855730 0.927148 0.293317 0.268775 0.542904 0.565385 0.451345 0.384860 0.807548 0.711260 0.692513 0.639588 0.878177 0.825615 0.827728 0.610432 0.496792 0.460846 0.551794 0.493678 0.532749 0.429303 0.626244 0.629113 0.645862 0.697095 0.756823 0.849254 0.827872 0.913659 0.183272 0.174797 0.442973 0.423067 0.438432 0.466771 0.217761 0.182647 0.745195 0.639664 0.569994 0.423923 0.455457 0.304025 0.479334 0.472373 0.487274 0.532240 0.824304 0.663845 0.520311 0.342759 0.466893 0.489728 0.239877 0.386150 0.407900 0.458009 0.646937 0.670043 0.739525 0.829932 0.992241 0.714845 0.844676 0.848106 0.781207 0.917190 0.536726 0.716501 0.656906 0.646622 0.516403 0.499255 0.692085 0.641376 0.467351 0.544621 0.472097 0.497137 0.773734 0.797255 0.981641 0.797123 0.755724 0.555577 0.687315 0.768518 0.731725 0.962823
0.505715 0.668253 0.000000 0.223986 0.949544 0.584260 0.177219 0.271775 0.597515 0.423887 0.469538 0.565224 0.402320 0.596533 0.521184 0.558515 0.689700 0.538742 0.390486 0.450127 0.720301 0.807064 0.311639 0.391822 0.660218 0.415491 0.931478 0.891820 0.674336 0.521099 0.295071 0.391699 0.341709 0.326425 0.576422 0.755816 0.670435 0.789882 0.568717 0.752566 0.968526 0.935117 0.310517 0.325946 0.317083 0.336371 0.358763 0.375311 0.584071 0.537049 0.553945 0.516957 0.550871 0.734430 0.687146 0.583849 0.751083 0.785981 0.496679 0.479354 0.377346 0.456619 0.625563 0.685318 0.287154 0.269524 0.250176 0.296626 0.855872 0.663924 0.438691 0.452881 0.567102 0.515732 0.800712 0.724149 0.465249 0.672692 0.530179 0.442520 0.627821 0.518601 0.774240 0.806471 0.646594 0.516304 0.899181 0.982762 0.883413 0.666320 0.522263 0.604660 0.541643 0.566737 0.593158 0.641880 0.351584 0.825426 0.392639 0.398648 0.514541 0.464769 0.544286 0.537432 0.433958 0.505429 0.636888 0.669148 0.864001 0.855398 0.736113 0.491253 0.458543 0.669829 0.621253 0.877779
0.600791 0.696929 0.223986 0.000000 0.973695 0.582192 0.231633 0.271202 0.601895 0.418529 0.550842 0.633018 0.468781 0.534704 0.516114 0.512069 0.752723 0.589139 0.370835 0.459553 0.652483 0.733400 0.326769 0.354457 0.761141 0.444409 0.934830 0.963405 0.663188 0.558850 0.348364 0.413467 0.358997 0.327846 0.636485 0.719039 0.692824 0.867325 0.693462 0.840135 0.953034 0.862189 0.307422 0.334399 0.387890 0.395100 0.396326 0.420793 0.582329 0.544882 0.598336 0.532310 0.605518 0.721086 0.766355 0.686465 0.784059 0.816085 0.484609 0.540360 0.500596 0.531615 0.693874 0.756790 0.373337 0.295278 0.310812 0.360992 0.977239 0.726135 0.427112 0.423930 0.651518 0.547243 0.874442 0.627661 0.434300 0.603390 0.551911 0.517901 0.714228 0.578416 0.848362 0.793564 0.718408 0.522629 0.957395 0.947729 0.927164 0.674072 0.440560 0.496239 0.476792 0.469351 0.691687 0.626315 0.427701 0.731805 0.386629 0.356252 0.464089 0.525612 0.553186 0.461610 0.461426 0.588499 0.668429 0.672437 0.888171 0.873535 0.783968 0.456932 0.440301 0.585290 0.632310 0.784491
0.942774 0.957298 0.949544 0.973695 0.000000 0.921342 0.934069 0.914051 0.980608 0.941065 0.995160 0.949720 0.924507 0.883748 0.985123 0.903582 0.939713 0.967240 0.960442 0.961243 0.961036 0.949749 0.911364 0.952234 0.815565 0.921063 0.946218 0.976975 0.943088 0.957206 0.999232 0.927672 0.992160 0.961165 0.961773 0.958277 0.785501 0.943390 0.881055 0.906089 0.899321 0.884347 0.898075 0.907109 0.871163 0.840062 0.977800 0.883345 0.725088 0.766398 0.851281 0.816930 0.844650 0.743402 0.978915 0.899000 0.956667 0.916844 0.871387 0.870688 0.874390 0.900240 0.856986 0.901737 0.955987 0.935344 0.960046 0.946398 0.946424 0.972271 0.882204 0.870443 0.977146 0.977045 0.921213 0.926873 0.960484 0.982232 0.884287 0.935162 0.877224 0.945029 0.948140 0.964190 0.994426 0.992635 0.945963 0.919970 0.962820 0.889288 0.910623 0.891120 0.931910 0.992004 0.932790 0.982990 0.955874 0.837901 0.890239 0.788860 0.892510 0.964545 0.994274 0.822738 0.946088 0.958064 0.819657 0.995684 0.744609 0.931240 0.944273 0.789006 0.762832 0.963264 0.908931 0.980106
0.798722 0.877827 0.584260 0.582192 0.921342 0.000000 0.555238 0.703828 0.759592 0.727985 0.801349 0.713492 0.609779 0.788394 0.683471 0.518552 0.925610 0.818841 0.638328 0.707734 0.867857 0.810940 0.556991 0.613518 0.766314 0.518656 0.833551 0.619473 0.859438 0.792868 0.673456 0.674541 0.621762 0.567834 0.688991 0.946069 0.990727 0.902144 0.805959 0.879619 0.946371 0.992603 0.620202 0.575415 0.707783 0.740102 0.775086 0.661899 0.919706 0.760362 0.812157 0.704555 0.737485 0.803229 0.867804 0.764237 0.997497 0.999040 0.845014 0.794096 0.725078 0.815547 0.858889 0.925854 0.571737 0.594769 0.637633 0.696028 0.924713 0.716857 0.790164 0.666646 0.761365 0.637788 0.759469 0.786806 0.738737 0.852842 0.816423 0.603676 0.809308 0.664709 0.984376 0.950786 0.680429 0.560939 0.862874 0.796404 0.985796 0.783374 0.663193 0.701466 0.684208 0.691094 0.781013 0.661119 0.662231 0.897442 0.702846 0.687154 0.797794 0.704570 0.869341 0.679998 0.619737 0.782165 0.854980 0.896731 0.976696 0.954946 0.942715 0.726974 0.665151 0.844479 0.807837 0.940320
0.505831 0.596265 0.177219 0.231633 0.934069 0.555238 0.000000 0.195529 0.523419 0.285700 0.509872 0.591560 0.436995 0.661899 0.574205 0.556085 0.609658 0.511574 0.349858 0.428786 0.749065 0.810050 0.270560 0.462292 0.773396 0.485458 0.968208 0.905762 0.642612 0.517417 0.309085 0.428825 0.288944 0.245321 0.545874 0.637874 0.668918 0.809273 0.723456 0.779063 0.979344 0.863393 0.200752 0.215390 0.205758 0.228329 0.324161 0.302555 0.438295 0.404392 0.426621 0.388714 0.442128 0.609534 0.675713 0.575613 0.644920 0.679298 0.348815 0.393624 0.360391 0.427610 0.530008 0.593637 0.337687 0.302217 0.165761 0.228146 0.890445 0.601534 0.312232 0.315953 0.639992 0.513083 0.826640 0.669393 0.351416 0.608353 0.467313 0.449609 0.567475 0.538309 0.787455 0.784581 0.675576 0.588924 0.977521 0.921977 0.864740 0.750334 0.373520 0.435386 0.397559 0.433949 0.576825 0.569183 0.316370 0.697327 0.245761 0.264890 0.405917 0.402654 0.454281 0.431756 0.324621 0.386972 0.542121 0.578654 0.788511 0.855977 0.642903 0.392147 0.384984 0.632547 0.534832 0.814677
0.441552 0.493861 0.271775 0.271202 0.914051 0.703828 0.195529 0.000000 0.513535 0.252986 0.424403 0.517807 0.446380 0.574075 0.608979 0.573341 0.534807 0.448753 0.366891 0.340572 0.802759 0.804166 0.362131 0.522326 0.951824 0.655977 0.840741 0.846878 0.547171 0.475086 0.415309 0.461018 0.339085 0.291090 0.667269 0.640540 0.705547 0.831258 0.860686 0.861423 0.902044 0.766991 0.279733 0.327686 0.306001 0.322081 0.433462 0.381772 0.474181 0.466134 0.513723 0.480769 0.553620 0.657939 0.789790 0.691927 0.541327 0.544270 0.326589 0.382263 0.364637 0.340645 0.468663 0.477990 0.485404 0.353731 0.268935 0.288812 0.859036 0.549078 0.338545 0.363423 0.690458 0.622310 0.880831 0.715530 0.400053 0.542728 0.490763 0.548550 0.535811 0.534890 0.757205 0.753172 0.778224 0.670313 0.996446 0.911109 0.835050 0.712526 0.384316 0.438898 0.387483 0.455177 0.520181 0.625802 0.364759 0.620203 0.242830 0.247489 0.351520 0.428428 0.400198 0.402915 0.337172 0.384710 0.560525 0.600030 0.812170 0.783304 0.654220 0.357225 0.368377 0.597963 0.571441 0.841853
0.998833 0.983938 0.597515 0.601895 0.980608 0.759592 0.523419 0.513535 0.000000 0.409267 0.913269 0.977658 0.821669 0.917004 0.996009 0.932675 0.984134 0.939620 0.909257 0.917967 0.957329 0.914523 0.770378 0.905416 0.912160 0.864074 0.848317 0.906951 0.905324 0.918380 0.752973 0.888635 0.822108 0.730627 0.820945 0.766706 0.950330 0.948296 0.975733 0.884710 0.807059 0.994546 0.580420 0.628356 0.545202 0.560248 0.742522 0.760827 0.513959 0.490267 0.500895 0.485158 0.466901 0.529624 0.986009 0.839566 0.930028 0.952626 0.520607 0.639184 0.719276 0.666246 0.936983 0.941329 0.794806 0.710701 0.595799 0.698652 0.783134 0.929916 0.689944 0.692097 0.926557 0.990683 0.993435 0.968999 0.795878 0.846422 0.872463 0.869217 0.910297 0.827045 0.797013 0.798085 0.774060 0.930530 0.934769 0.840648 0.776594 0.884627 0.483899 0.577458 0.583282 0.506100 0.786207 0.876662 0.637054 0.797311 0.513556 0.536539 0.636277 0.574644 0.715762 0.636163 0.640927 0.678379 0.580886 0.605563 0.931811 0.886049 0.716283 0.602661 0.589382 0.914774 0.589667 0.779345
0.641879 0.623882 0.423887 0.418529 0.941065 0.727985 0.285700 0.252986 0.409267 0.000000 0.598175 0.646536 0.579112 0.804860 0.725748 0.688497 0.612272 0.620668 0.524069 0.518869 0.942970 0.884216 0.461254 0.690000 0.898277 0.807376 0.896383 0.850056 0.689399 0.629304 0.590211 0.583448 0.493968 0.438554 0.777037 0.613873 0.854540 0.953076 0.928449 0.981250 0.891019 0.777344 0.350330 0.383502 0.369195 0.387913 0.508784 0.472152 0.394617 0.434280 0.505460 0.480413 0.534818 0.624800 0.809926 0.751841 0.668060 0.689273 0.384025 0.485858 0.533095 0.505322 0.610089 0.607039 0.680813 0.542331 0.400573 0.473397 0.918475 0.626759 0.395008 0.413029 0.855561 0.746545 0.910081 0.763273 0.487289 0.545517 0.544085 0.583829 0.643040 0.709243 0.883154 0.826125 0.959247 0.875623 0.925001 0.940282 0.854036 0.801358 0.368187 0.406731 0.440952 0.474004 0.555061 0.600069 0.362954 0.632670 0.266185 0.259955 0.452581 0.418143 0.450099 0.470018 0.467241 0.415086 0.566493 0.597608 0.819004 0.882572 0.652042 0.443335 0.428322 0.796858 0.629854 0.779097
0.277322 0.363908 0.469538 0.550842 0.995160 0.801349 0.509872 0.424403 0.913269 0.598175 0.000000 0.340765 0.354366 0.496915 0.559992 0.556954 0.454122 0.334490 0.378250 0.299278 0.838553 0.884588 0.582965 0.665337 0.912248 0.825850 0.931791 0.991041 0.387637 0.356935 0.550775 0.582582 0.505724 0.461642 0.831369 0.890514 0.655613 0.833878 0.859371 0.821398 0.809972 0.916980 0.571050 0.549853 0.605428 0.536677 0.579171 0.564426 0.785217 0.692364 0.779852 0.767023 0.792505 0.904804 0.750991 0.836400 0.452301 0.421123 0.531299 0.467609 0.361120 0.396633 0.369665 0.400852 0.606916 0.514485 0.601644 0.445996 0.545839 0.538661 0.598025 0.578511 0.558021 0.659806 0.787359 0.758596 0.493822 0.518528 0.558967 0.460559 0.404025 0.382746 0.585737 0.603092 0.721102 0.655719 0.844903 0.920165 0.926271 0.652520 0.854347 0.886633 0.847899 0.916904 0.597408 0.627906 0.646915 0.902901 0.551770 0.544614 0.766380 0.594526 0.543985 0.612185 0.519145 0.588853 0.865907 0.914440 0.930817 0.783967 0.803958 0.571679 0.630821 0.709120 0.753007 0.942295
0.263166 0.327819 0.565224 0.633018 0.949720 0.713492 0.591560 0.517807 0.977658 0.646536 0.340765 0.000000 0.298627 0.386541 0.375862 0.287247 0.374504 0.277368 0.411228 0.370662 0.762935 0.823608 0.436243 0.549078 0.812741 0.761651 0.990397 0.930654 0.288967 0.261717 0.544290 0.509611 0.451666 0.410032 0.854021 0.984931 0.706315 0.859124 0.855014 0.875889 0.898724 0.871759 0.583773 0.530157 0.680974 0.556099 0.589671 0.451045 0.781428 0.622818 0.711941 0.669406 0.755752 0.772478 0.795139 0.881706 0.475471 0.430343 0.582645 0.474604 0.309310 0.360798 0.285980 0.306568 0.585328 0.464051 0.672609 0.522062 0.582610 0.417887 0.615760 0.604738 0.389217 0.479990 0.684660 0.662322 0.606712 0.453196 0.522543 0.408090 0.333751 0.313101 0.447650 0.536818 0.500812 0.467440 0.773283 0.947753 0.917720 0.618710 0.941152 0.981025 0.928060 0.925586 0.583191 0.677712 0.645719 0.824049 0.653296 0.583086 0.794120 0.684071 0.655218 0.761259 0.487142 0.542324 0.900787 0.987334 0.955761 0.725234 0.917402 0.602887 0.649788 0.786043 0.740677 0.996797
0.344643 0.539802 0.402320 0.468781 0.924507 0.609779 0.436995 0.446380 0.821669 0.579112 0.354366 0.298627 0.000000 0.427734 0.388166 0.332586 0.596732 0.469393 0.385139 0.445642 0.809881 0.894510 0.384924 0.469282 0.768349 0.619994 0.913168 0.977194 0.446096 0.398019 0.547187 0.527324 0.474342 0.447316 0.817072 0.971142 0.719451 0.954737 0.733630 0.816927 0.947159 0.994862 0.491104 0.455028 0.601862 0.466160 0.496740 0.435091 0.749280 0.501037 0.628514 0.568095 0.650335 0.715481 0.685512 0.706904 0.673533 0.614012 0.497783 0.408169 0.244582 0.344307 0.420888 0.500052 0.374495 0.338453 0.576818 0.481356 0.634776 0.552180 0.657676 0.594828 0.469318 0.562796 0.777090 0.709109 0.606229 0.620036 0.556323 0.428784 0.494654 0.361616 0.664255 0.663375 0.528093 0.396736 0.881708 0.816668 0.783645 0.559951 0.814026 0.870178 0.866209 0.897095 0.632577 0.683039 0.585192 0.897348 0.588497 0.521930 0.684693 0.600427 0.673305 0.698118 0.509682 0.618734 0.917394 0.993503 0.802000 0.776766 0.896562 0.581522 0.539906 0.736001 0.722395 0.862733
0.412394 0.514636 0.596533 0.534704 0.883748 0.788394 0.661899 0.574075 0.917004 0.804860 0.496915 0.386541 0.427734 0.000000 0.300169 0.340732 0.627029 0.416591 0.397448 0.410748 0.718688 0.743896 0.456107 0.443183 0.723970 0.632314 0.983650 0.922972 0.371312 0.356957 0.538569 0.504970 0.490178 0.490785 0.944493 0.999592 0.742753 0.963253 0.811307 0.813958 0.919854 0.778488 0.641530 0.627888 0.853857 0.739492 0.589108 0.641863 0.993094 0.925398 0.981937 0.899216 0.946560 0.943366 0.724329 0.893722 0.623172 0.640873 0.752412 0.718825 0.535523 0.572369 0.562141 0.568688 0.502554 0.452879 0.705892 0.642089 0.672551 0.537316 0.686089 0.719571 0.491157 0.591610 0.839194 0.669613 0.617196 0.617838 0.647015 0.499883 0.539922 0.362033 0.487074 0.406191 0.457139 0.340578 0.946711 0.814335 0.908077 0.519962 0.917581 0.951508 0.881610 0.984539 0.627755 0.728909 0.773210 0.765174 0.753589 0.674452 0.732145 0.769808 0.765967 0.797464 0.652964 0.718444 0.952591 0.929225 0.954944 0.768581 0.970112 0.698597 0.697990 0.763924 0.828502 0.909208
0.474201 0.607792 0.521184 0.516114 0.985123 0.683471 0.574205 0.608979 0.996009 0.725748 0.559992 0.375862 0.388166 0.300169 0.000000 0.303565 0.621508 0.458704 0.423109 0.478422 0.749862 0.716421 0.308574 0.368258 0.619272 0.578319 0.840958 0.835387 0.457910 0.389564 0.430492 0.358589 0.420039 0.455598 0.812739 0.942742 0.789099 0.968536 0.748301 0.891128 0.954559 0.951754 0.568514 0.561159 0.753255 0.638958 0.526433 0.537932 0.880134 0.844322 0.929457 0.830713 0.912478 0.977038 0.717689 0.794800 0.738612 0.766205 0.747420 0.743952 0.503370 0.641276 0.582458 0.654239 0.472798 0.463923 0.656615 0.617169 0.709911 0.645225 0.664005 0.732841 0.461211 0.553268 0.766440 0.711206 0.595074 0.654237 0.513490 0.513893 0.512813 0.387931 0.495576 0.512648 0.436999 0.333582 0.973283 0.812258 0.968321 0.662584 0.941661 0.982416 0.981975 0.945431 0.737778 0.742443 0.700220 0.846639 0.756609 0.655972 0.825857 0.815926 0.879276 0.858259 0.632469 0.724792 0.957054 0.877790 0.989026 0.813352 0.994909 0.703852 0.656626 0.849777 0.792404 0.947523
0.462375 0.527162 0.558515 0.512069 0.903582 0.518552 0.556085 0.573341 0.932675 0.688497 0.556954 0.287247 0.332586 0.340732 0.303565 0.000000 0.575652 0.451545 0.370983 0.466068 0.721595 0.670122 0.304478 0.357070 0.625487 0.579845 0.910984 0.777924 0.416253 0.351023 0.499933 0.440277 0.399839 0.375388 0.842525 0.995076 0.772172 0.961133 0.799176 0.864970 0.970881 0.880588 0.501493 0.438222 0.693266 0.556313 0.542384 0.459634 0.805410 0.638189 0.729132 0.623058 0.725100 0.764217 0.701759 0.800985 0.685993 0.669479 0.618899 0.618668 0.440624 0.531317 0.489890 0.538735 0.456252 0.416010 0.624190 0.590889 0.742177 0.501166 0.601088 0.602726 0.429556 0.455037 0.682090 0.648746 0.595804 0.608451 0.572755 0.446679 0.518198 0.393576 0.632956 0.585632 0.436468 0.327857 0.785616 0.883990 0.962224 0.651779 0.838517 0.881380 0.871158 0.981625 0.686531 0.673155 0.651336 0.747477 0.668262 0.554645 0.792532 0.671585 0.741499 0.766327 0.520907 0.638239 0.944276 0.995019 0.967064 0.741027 0.899964 0.614609 0.576469 0.778197 0.754208 0.912131
0.274290 0.203414 0.689700 0.752723 0.939713 0.925610 0.609658 0.534807 0.984134 0.612272 0.454122 0.374504 0.596732 0.627029 0.621508 0.575652 0.000000 0.193636 0.404276 0.351256 0.784264 0.797117 0.568406 0.755249 0.832681 0.851280 0.898839 0.910570 0.310498 0.295745 0.562505 0.508920 0.441631 0.411679 0.865779 0.778405 0.724800 0.688318 0.910624 0.811418 0.790140 0.604154 0.484674 0.472387 0.572157 0.521996 0.560253 0.438322 0.665595 0.676748 0.694459 0.752398 0.794686 0.893874 0.835294 0.942471 0.182145 0.238237 0.470612 0.529102 0.509258 0.576491 0.236165 0.241332 0.757558 0.711074 0.605117 0.495094 0.466157 0.370550 0.497026 0.519914 0.516839 0.551035 0.792615 0.649623 0.512760 0.423841 0.424963 0.504841 0.211731 0.416938 0.429661 0.514824 0.623163 0.706085 0.774908 0.793268 0.951419 0.848437 0.858966 0.867372 0.836387 0.972599 0.588000 0.692742 0.662543 0.654659 0.541444 0.517459 0.821656 0.687708 0.495097 0.561880 0.510702 0.523908 0.837585 0.843788 0.970525 0.711263 0.798862 0.562775 0.687793 0.774244 0.724081 0.957391
0.199111 0.207138 0.538742 0.589139 0.967240 0.818841 0.511574 0.448753 0.939620 0.620668 0.334490 0.277368 0.469393 0.416591 0.458704 0.451545 0.193636 0.000000 0.293731 0.229522 0.724728 0.757140 0.439276 0.577478 0.757302 0.697267 0.984129 0.885348 0.227056 0.184353 0.459904 0.435321 0.356548 0.298767 0.761883 0.857237 0.646367 0.696913 0.789907 0.776666 0.763508 0.694262 0.452768 0.415180 0.557467 0.492410 0.518245 0.398217 0.695053 0.678456 0.730994 0.754008 0.784752 0.909071 0.746297 0.884378 0.222094 0.251000 0.498309 0.497079 0.417526 0.500152 0.222912 0.235487 0.612619 0.544969 0.530790 0.393333 0.476327 0.382597 0.440067 0.498849 0.447474 0.460309 0.801405 0.580907 0.430718 0.413507 0.425742 0.375999 0.202015 0.256215 0.366329 0.434558 0.484666 0.523151 0.797454 0.915700 0.963146 0.689681 0.814918 0.818163 0.767488 0.904881 0.507854 0.659662 0.633700 0.678799 0.516775 0.484438 0.761162 0.632753 0.493241 0.567415 0.450112 0.495648 0.823899 0.879949 0.994982 0.714070 0.847589 0.519745 0.626136 0.685547 0.736379 0.994485
0.333477 0.390075 0.390486 0.370835 0.960442 0.638328 0.349858 0.366891 0.909257 0.524069 0.378250 0.411228 0.385139 0.397448 0.423109 0.370983 0.404276 0.293731 0.000000 0.272425 0.620624 0.722702 0.330045 0.411528 0.681361 0.581705 0.998142 0.881446 0.339383 0.289245 0.390065 0.351299 0.294641 0.252688 0.781730 0.745505 0.645061 0.866756 0.750505 0.822471 0.944067 0.746623 0.349117 0.336861 0.473767 0.433208 0.388408 0.384135 0.655376 0.641682 0.736324 0.711777 0.774738 0.934682 0.809599 0.817702 0.416136 0.481607 0.466799 0.517053 0.455487 0.580661 0.385692 0.483422 0.463216 0.456922 0.418430 0.433175 0.635345 0.469601 0.412824 0.445779 0.548640 0.501831 0.739992 0.606410 0.407573 0.473459 0.499161 0.409037 0.418719 0.370323 0.643509 0.539563 0.567947 0.494829 0.890774 0.968312 0.995226 0.740613 0.675233 0.694093 0.670427 0.745378 0.637596 0.547829 0.557917 0.678146 0.438286 0.372598 0.608124 0.563309 0.510167 0.472287 0.469530 0.565782 0.859240 0.851149 0.924682 0.836708 0.785287 0.506186 0.506561 0.669985 0.690401 0.888745
0.253820 0.301913 0.450127 0.459553 0.961243 0.707734 0.428786 0.340572 0.917967 0.518869 0.299278 0.370662 0.445642 0.410748 0.478422 0.466068 0.351256 0.229522 0.272425 0.000000 0.693659 0.730868 0.413143 0.528100 0.796708 0.693018 0.915440 0.865446 0.339081 0.272463 0.438023 0.384584 0.349475 0.302524 0.689901 0.758776 0.652105 0.740386 0.745849 0.870220 0.772669 0.756224 0.441916 0.417673 0.526038 0.512199 0.478737 0.412525 0.719326 0.708387 0.801761 0.798015 0.805855 0.984612 0.803110 0.829637 0.344907 0.373572 0.504150 0.526849 0.458579 0.498350 0.368501 0.373407 0.570262 0.498213 0.479447 0.417512 0.553482 0.410708 0.466654 0.482615 0.532429 0.546338 0.732951 0.643520 0.435940 0.496998 0.515429 0.424640 0.358699 0.300555 0.512147 0.542697 0.619363 0.549126 0.845394 0.960092 0.953614 0.621958 0.723721 0.720543 0.679830 0.792921 0.537519 0.616066 0.571819 0.665697 0.471935 0.449951 0.600153 0.531104 0.486331 0.511181 0.464610 0.527749 0.856885 0.877333 0.947122 0.779562 0.739449 0.538804 0.602558 0.669168 0.719133 0.915406
0.742508 0.774919 0.720301 0.652483 0.961036 0.867857 0.749065 0.802759 0.957329 0.942970 0.838553 0.762935 0.809881 0.718688 0.749862 0.721595 0.784264 0.724728 0.620624 0.693659 0.000000 0.827877 0.678103 0.668887 0.713948 0.748632 0.852719 0.833278 0.823867 0.706484 0.675150 0.700111 0.696310 0.617555 0.809257 0.952727 0.729941 0.898168 0.708811 0.863045 0.957000 0.892092 0.738581 0.745455 0.804920 0.782332 0.611284 0.695286 0.893993 0.905247 0.926460 0.921641 0.942469 0.936506 0.952308 0.911309 0.766956 0.822798 0.783955 0.755294 0.774975 0.867465 0.736909 0.828246 0.692806 0.710838 0.734181 0.746759 0.922796 0.760370 0.843158 0.847943 0.735804 0.779309 0.750077 0.774820 0.850254 0.822276 0.788259 0.731100 0.800828 0.712053 0.762732 0.734993 0.752736 0.690966 0.923604 0.884751 0.964626 0.857624 0.982245 0.961856 0.911457 0.985390 0.992715 0.707887 0.840292 0.913450 0.871226 0.752180 0.960834 0.976182 0.749958 0.797046 0.927934 0.842855 0.997061 0.955571 0.945004 0.949733 0.915515 0.892643 0.920768 0.885259 0.880021 0.920731
0.828131 0.822339 0.807064 0.733400 0.949749 0.810940 0.810050 0.804166 0.914523 0.884216 0.884588 0.823608 0.894510 0.743896 0.716421 0.670122 0.797117 0.757140 0.722702 0.730868 0.827877 0.000000 0.755879 0.699191 0.836427 0.815633 0.822106 0.796035 0.797329 0.758996 0.691707 0.668154 0.720503 0.704367 0.746274 0.860989 0.933000 0.665444 0.968843 0.949551 0.939004 0.988535 0.744139 0.748877 0.831863 0.823616 0.856131 0.809319 0.906353 0.911802 0.967632 0.912769 0.929385 0.958360 0.916841 0.919522 0.878257 0.884945 0.850333 0.945937 0.931773 0.995275 0.865595 0.913481 0.828460 0.788040 0.789288 0.811383 0.982406 0.818240 0.722917 0.776882 0.817888 0.759352 0.937456 0.929226 0.866041 0.815378 0.906399 0.762870 0.840722 0.834186 0.873980 0.911201 0.896088 0.805992 0.934375 0.970397 0.953357 0.994763 0.809832 0.860762 0.855190 0.857585 0.858016 0.823573 0.954251 0.778703 0.801158 0.783586 0.896646 0.828954 0.795540 0.680668 0.808502 0.852314 0.972801 0.987024 0.931235 0.835743 0.953341 0.873127 0.833396 0.808959 0.933722 0.877273
0.471212 0.580951 0.311639 0.326769 0.911364 0.556991 0.270560 0.362131 0.770378 0.461254 0.582965 0.436243 0.384924 0.456107 0.308574 0.304478 0.568406 0.439276 0.330045 0.413143 0.678103 0.755879 0.000000 0.296645 0.580369 0.434154 0.948858 0.992377 0.511783 0.359040 0.275386 0.284099 0.245869 0.245222 0.608947 0.814292 0.651951 0.909426 0.659988 0.827762 0.995138 0.885771 0.290558 0.279927 0.398247 0.350193 0.345825 0.299628 0.593732 0.563130 0.603956 0.521592 0.604210 0.761009 0.600982 0.634800 0.660741 0.696288 0.505690 0.531598 0.381911 0.504860 0.504200 0.557407 0.330317 0.336444 0.324136 0.360330 0.780078 0.519285 0.398211 0.416818 0.459449 0.413655 0.743361 0.651433 0.394008 0.603577 0.439612 0.438567 0.489898 0.404886 0.588074 0.593300 0.458549 0.388090 0.979132 0.941968 0.952395 0.721205 0.613765 0.696195 0.642400 0.776795 0.568901 0.610302 0.403573 0.693308 0.468233 0.399484 0.604578 0.580066 0.593918 0.607715 0.382327 0.452444 0.695643 0.849211 0.849270 0.773318 0.733600 0.489108 0.470308 0.723764 0.614089 0.885389
0.623647 0.734634 0.391822 0.354457 0.952234 0.613518 0.462292 0.522326 0.905416 0.690000 0.665337 0.549078 0.469282 0.443183 0.368258 0.357070 0.755249 0.577478 0.411528 0.528100 0.668887 0.699191 0.296645 0.000000 0.545527 0.458644 0.929866 0.977612 0.631965 0.459569 0.416370 0.386636 0.432693 0.410809 0.741666 0.974570 0.785261 0.926475 0.619391 0.848811 0.998153 0.890108 0.503011 0.504541 0.656293 0.613247 0.521748 0.513039 0.821397 0.782276 0.833987 0.746874 0.849262 0.913593 0.795552 0.689585 0.835101 0.895808 0.754575 0.750446 0.567049 0.707112 0.731568 0.774095 0.403831 0.378579 0.519257 0.567659 0.890449 0.701134 0.612824 0.618461 0.484465 0.494847 0.810278 0.719074 0.587506 0.703109 0.610038 0.537340 0.645874 0.474074 0.750262 0.672529 0.510310 0.390640 0.976233 0.820175 0.994511 0.752620 0.709077 0.757076 0.739556 0.842939 0.720494 0.796229 0.604142 0.716378 0.679738 0.586971 0.657998 0.796270 0.751923 0.799289 0.671601 0.719372 0.847826 0.940922 0.900138 0.840859 0.880848 0.659322 0.617825 0.687589 0.842283 0.915141
0.771794 0.904017 0.660218 0.761141 0.815565 0.766314 0.773396 0.951824 0.912160 0.898277 0.912248 0.812741 0.768349 0.723970 0.619272 0.625487 0.832681 0.757302 0.681361 0.796708 0.713948 0.836427 0.580369 0.545527 0.000000 0.434823 0.716829 0.798002 0.812752 0.704666 0.492080 0.504630 0.625898 0.694644 0.650450 0.915603 0.714075 0.828093 0.580525 0.748335 0.994247 0.912714 0.725772 0.691880 0.799875 0.775820 0.684648 0.677198 0.988762 0.998062 0.921436 0.914125 0.970932 0.894801 0.812325 0.897165 0.907125 0.975908 0.891397 0.895922 0.792323 0.971480 0.835733 0.930623 0.527432 0.699782 0.689026 0.771382 0.847116 0.813082 0.915906 0.939960 0.519896 0.601056 0.730007 0.922444 0.816416 0.922812 0.775087 0.684945 0.822210 0.740771 0.693018 0.856436 0.549633 0.499549 0.867744 0.924786 0.834588 0.891515 0.844627 0.784881 0.854172 0.846548 0.983379 0.895633 0.805774 0.972715 0.987348 0.980114 0.869014 0.969012 0.990691 0.959677 0.866849 0.927652 0.932474 0.994315 0.972550 0.897233 0.911537 0.919237 0.963681 0.878659 0.803992 0.912284
0.744031 0.842171 0.415491 0.444409 0.921063 0.518656 0.485458 0.655977 0.864074 0.807376 0.825850 0.761651 0.619994 0.632314 0.578319 0.579845 0.851280 0.697267 0.581705 0.693018 0.748632 0.815633 0.434154 0.458644 0.434823 0.000000 0.751869 0.870232 0.814007 0.658908 0.373617 0.449393 0.467418 0.513242 0.614183 0.871652 0.778198 0.877258 0.551599 0.641570 0.984202 0.784992 0.491627 0.454639 0.602338 0.616068 0.584643 0.537104 0.845608 0.769935 0.699113 0.660995 0.695884 0.814321 0.743990 0.720111 0.922570 0.949443 0.752536 0.753533 0.668775 0.813719 0.798151 0.881132 0.378478 0.453143 0.451290 0.521396 0.984135 0.778996 0.665525 0.521342 0.529235 0.436647 0.805388 0.828951 0.602203 0.821934 0.683945 0.559507 0.800169 0.597946 0.756586 0.831994 0.561464 0.421035 0.931683 0.814979 0.905172 0.725602 0.701953 0.783483 0.731246 0.664460 0.794033 0.836828 0.601728 0.843170 0.684812 0.680967 0.757033 0.645540 0.747740 0.712781 0.539127 0.764209 0.740013 0.851942 0.959575 0.821578 0.942816 0.760956 0.661887 0.805282 0.751114 0.852876
0.925150 0.855730 0.931478 0.934830 0.946218 0.833551 0.968208 0.840741 0.848317 0.896383 0.931791 0.990397 0.913168 0.983650 0.840958 0.910984 0.898839 0.984129 0.998142 0.915440 0.852719 0.822106 0.948858 0.929866 0.716829 0.751869 0.000000 0.777839 0.984378 0.937741 0.902430 0.974164 0.975326 0.934922 0.961117 0.719207 0.857202 0.865154 0.878952 0.906280 0.825738 0.991902 0.975256 0.961220 0.893327 0.923078 0.992835 0.985522 0.974244 0.938456 0.934132 0.960079 0.963540 0.923427 0.929192 0.927484 0.826743 0.806541 0.909311 0.936286 0.960604 0.884152 0.887225 0.821762 0.801508 0.888492 0.946715 0.888547 0.938387 0.926766 0.791467 0.827291 0.988370 0.951602 0.866398 0.960090 0.958574 0.882649 0.936527 0.906620 0.923762 0.893466 0.928110 0.969594 0.706861 0.703091 0.976673 0.718475 0.797608 0.874696 0.868937 0.951216 0.871557 0.992881 0.851949 0.999577 0.872798 0.696065 0.811281 0.871639 0.790405 0.952417 0.737514 0.833813 0.901566 0.765837 0.872939 0.804719 0.856611 0.956089 0.790253 0.925149 0.867572 0.999894 0.899499 0.906784
0.942770 0.927148 0.891820 0.963405 0.976975 0.619473 0.905762 0.846878 0.906951 0.850056 0.991041 0.930654 0.977194 0.922972 0.835387 0.777924 0.910570 0.885348 0.881446 0.865446 0.833278 0.796035 0.992377 0.977612 0.798002 0.870232 0.777839 0.000000 0.935406 0.922086 0.997234 0.971439 0.934150 0.931471 0.865241 0.919255 0.916370 0.991487 0.956506 0.985796 0.975517 0.989436 0.983894 0.948685 0.871161 0.934323 0.924747 0.994387 0.887951 0.988689 0.927542 0.969970 0.987648 0.962727 0.920423 0.818845 0.901047 0.904627 0.991743 0.975164 0.911578 0.836709 0.927845 0.972698 0.951575 0.851624 0.912834 0.906770 0.885913 0.942945 0.982242 0.909613 0.958204 0.908963 0.848491 0.877393 0.938952 0.925492 0.979225 0.906751 0.939820 0.931398 0.952233 0.988813 0.920743 0.847255 0.789657 0.905434 0.728890 0.917131 0.888864 0.875091 0.859209 0.910767 0.892190 0.810517 0.934342 0.997281 0.947859 0.985320 0.724803 0.929803 0.954088 0.912946 0.996406 0.921066 0.840465 0.697484 0.828460 0.962858 0.864902 0.915572 0.880276 0.942834 0.928935 0.992999
0.252181 0.293317 0.674336 0.663188 0.943088 0.859438 0.642612 0.547171 0.905324 0.689399 0.387637 0.288967 0.446096 0.371312 0.457910 0.416253 0.310498 0.227056 0.339383 0.339081 0.823867 0.797329 0.511783 0.631965 0.812752 0.814007 0.984378 0.935406 0.000000 0.217252 0.569120 0.485514 0.484113 0.398826 0.853427 0.926390 0.639314 0.803234 0.900820 0.874559 0.772254 0.776858 0.577700 0.548847 0.703768 0.604689 0.598271 0.513100 0.756921 0.771083 0.843289 0.842014 0.884996 0.976899 0.712194 0.854376 0.337599 0.361164 0.618378 0.562225 0.459997 0.525698 0.292613 0.306081 0.684703 0.601640 0.684316 0.575227 0.476079 0.407538 0.542381 0.619664 0.484609 0.581793 0.733796 0.711237 0.499428 0.427400 0.617760 0.451252 0.262989 0.316052 0.469834 0.415817 0.505882 0.549701 0.778257 0.994575 0.976977 0.615090 0.941108 0.914704 0.905001 0.983462 0.569652 0.714272 0.720437 0.781457 0.630843 0.594257 0.780519 0.712781 0.652792 0.637433 0.570749 0.633965 0.992467 0.998618 0.981161 0.671721 0.852622 0.570378 0.683230 0.726036 0.769512 0.980527
0.243587 0.268775 0.521099 0.558850 0.957206 0.792868 0.517417 0.475086 0.918380 0.629304 0.356935 0.261717 0.398019 0.356957 0.389564 0.351023 0.295745 0.184353 0.289245 0.272463 0.706484 0.758996 0.359040 0.459569 0.704666 0.658908 0.937741 0.922086 0.217252 0.000000 0.410807 0.387669 0.331299 0.301338 0.732312 0.813640 0.605569 0.745813 0.692669 0.878175 0.787098 0.751372 0.465917 0.422893 0.585115 0.512245 0.507041 0.392498 0.735409 0.683823 0.772489 0.750171 0.816298 0.927558 0.697012 0.823204 0.342041 0.345635 0.593114 0.532116 0.401547 0.477977 0.287371 0.281197 0.581627 0.502191 0.544406 0.429606 0.438779 0.366319 0.447917 0.487995 0.370231 0.389477 0.769148 0.603557 0.452674 0.430222 0.486289 0.399035 0.254314 0.240404 0.413088 0.368247 0.496279 0.492677 0.843975 0.965265 0.968373 0.638331 0.861852 0.890916 0.852391 0.996747 0.492703 0.651728 0.548342 0.658274 0.562557 0.501481 0.711785 0.628350 0.539938 0.658024 0.503580 0.501912 0.874914 0.941877 0.952266 0.699294 0.787551 0.551900 0.608448 0.689565 0.775220 0.924204
0.461113 0.542904 0.295071 0.348364 0.999232 0.673456 0.309085 0.415309 0.752973 0.590211 0.550775 0.544290 0.547187 0.538569 0.430492 0.499933 0.562505 0.459904 0.390065 0.438023 0.675150 0.691707 0.275386 0.416370 0.492080 0.373617 0.902430 0.997234 0.569120 0.410807 0.000000 0.275703 0.243605 0.283967 0.515498 0.685536 0.600088 0.694578 0.586666 0.736597 0.918523 0.835443 0.303692 0.280740 0.329520 0.332269 0.344462 0.318936 0.582236 0.617896 0.569949 0.551542 0.598972 0.804608 0.657148 0.695372 0.624232 0.661440 0.519625 0.523677 0.429383 0.535838 0.513715 0.568331 0.379561 0.387594 0.271502 0.303306 0.793296 0.546986 0.383650 0.401265 0.404519 0.371778 0.705863 0.707984 0.397756 0.605865 0.475092 0.432890 0.527759 0.521454 0.540117 0.623797 0.617426 0.512774 0.923191 0.911567 0.957862 0.685701 0.703432 0.822588 0.727194 0.790718 0.643813 0.664138 0.410013 0.744920 0.472952 0.482626 0.607136 0.582258 0.578608 0.565050 0.431758 0.509778 0.676912 0.719032 0.923485 0.813659 0.666220 0.571045 0.508992 0.638583 0.513469 0.909031
0.453059 0.565385 0.391699 0.413467 0.927672 0.674541 0.428825 0.461018 0.888635 0.583448 0.582582 0.509611 0.527324 0.504970 0.358589 0.440277 0.508920 0.435321 0.351299 0.384584 0.700111 0.668154 0.284099 0.386636 0.504630 0.449393 0.974164 0.971439 0.485514 0.387669 0.275703 0.000000 0.307246 0.359316 0.595995 0.779561 0.629201 0.832608 0.597612 0.876164 0.881897 0.769415 0.429787 0.431103 0.518465 0.553746 0.484286 0.433627 0.760960 0.838232 0.841599 0.823530 0.895676 0.939162 0.726442 0.780966 0.596444 0.694254 0.643917 0.719447 0.560241 0.694217 0.559592 0.617568 0.479607 0.507831 0.450839 0.510378 0.675385 0.542949 0.527399 0.522850 0.452160 0.483302 0.699442 0.803052 0.539513 0.576520 0.553313 0.513621 0.497461 0.450814 0.632351 0.654397 0.592600 0.516702 0.992342 0.918108 0.987601 0.759168 0.777059 0.859851 0.788808 0.869626 0.696252 0.705746 0.494144 0.723597 0.576112 0.557220 0.712371 0.699893 0.621247 0.583251 0.565393 0.645985 0.865937 0.855113 0.988543 0.730461 0.740360 0.604549 0.586247 0.732463 0.648465 0.858658
0.387422 0.451345 0.341709 0.358997 0.992160 0.621762 0.288944 0.339085 0.822108 0.493968 0.505724 0.451666 0.474342 0.490178 0.420039 0.399839 0.441631 0.356548 0.294641 0.349475 0.696310 0.720503 0.245869 0.432693 0.625898 0.467418 0.975326 0.934150 0.484113 0.331299 0.243605 0.307246 0.000000 0.224263 0.617329 0.667159 0.598873 0.739559 0.688826 0.786358 0.933671 0.741427 0.260667 0.227963 0.332984 0.318187 0.323512 0.289614 0.579302 0.550287 0.554536 0.512257 0.589008 0.746012 0.640367 0.638412 0.513596 0.527293 0.450500 0.461613 0.395531 0.454351 0.416705 0.479027 0.370992 0.355089 0.270060 0.286335 0.746874 0.446296 0.313602 0.349604 0.468210 0.377116 0.801630 0.642747 0.329253 0.561283 0.400781 0.417613 0.437281 0.410270 0.550783 0.591851 0.516449 0.448336 0.943277 0.920229 0.968615 0.725035 0.566158 0.653687 0.589170 0.713660 0.606703 0.588952 0.401491 0.614313 0.371522 0.356368 0.537596 0.474028 0.525912 0.526824 0.331840 0.382666 0.709331 0.699474 0.946774 0.721506 0.659582 0.500108 0.436345 0.670192 0.561742 0.850680
0.346312 0.384860 0.326425 0.327846 0.961165 0.567834 0.245321 0.291090 0.730627 0.438554 0.461642 0.410032 0.447316 0.490785 0.455598 0.375388 0.411679 0.298767 0.252688 0.302524 0.617555 0.704367 0.245222 0.410809 0.694644 0.513242 0.934922 0.931471 0.398826 0.301338 0.283967 0.359316 0.224263 0.000000 0.569277 0.719508 0.609605 0.733022 0.742020 0.801884 0.903112 0.793123 0.244924 0.212931 0.313755 0.288595 0.336184 0.296135 0.509738 0.495957 0.528251 0.504579 0.562736 0.737596 0.668527 0.659399 0.455872 0.489119 0.397108 0.425115 0.357586 0.446925 0.352502 0.406412 0.405271 0.366287 0.276506 0.260166 0.751080 0.441356 0.325331 0.358920 0.508843 0.432466 0.773310 0.607500 0.340038 0.496620 0.421564 0.347106 0.377991 0.376519 0.569168 0.549313 0.522085 0.478719 0.829086 0.864579 0.993825 0.748007 0.568502 0.601192 0.563193 0.655115 0.511763 0.583762 0.450992 0.610193 0.349598 0.337584 0.551052 0.504588 0.469502 0.449984 0.316870 0.408010 0.669745 0.682494 0.920201 0.771236 0.676671 0.427115 0.454617 0.613809 0.542534 0.878868
0.730722 0.807548 0.576422 0.636485 0.961773 0.688991 0.545874 0.667269 0.820945 0.777037 0.831369 0.854021 0.817072 0.944493 0.812739 0.842525 0.865779 0.761883 0.781730 0.689901 0.809257 0.746274 0.608947 0.741666 0.650450 0.614183 0.961117 0.865241 0.853427 0.732312 0.515498 0.595995 0.617329 0.569277 0.000000 0.799640 0.627573 0.697795 0.719728 0.810780 0.990894 0.919523 0.579952 0.577274 0.491049 0.585343 0.685513 0.595814 0.731055 0.704604 0.680200 0.666277 0.717426 0.812522 0.778047 0.744131 0.820043 0.810092 0.706619 0.663342 0.684704 0.776248 0.734216 0.752353 0.716924 0.715771 0.508765 0.524328 0.877724 0.812814 0.614147 0.637139 0.741559 0.623671 0.921569 0.881453 0.740411 0.778303 0.724637 0.694105 0.755539 0.793091 0.918908 0.988594 0.842152 0.836279 0.830916 0.778727 0.965716 0.913004 0.735214 0.827621 0.713701 0.710153 0.682316 0.848278 0.629201 0.830399 0.594292 0.722028 0.762173 0.779483 0.746643 0.683898 0.626521 0.629834 0.723279 0.714293 0.768121 0.848251 0.629936 0.684144 0.814469 0.822679 0.799090 0.740236
0.843389 0.711260 0.755816 0.719039 0.958277 0.946069 0.637874 0.640540 0.766706 0.613873 0.890514 0.984931 0.971142 0.999592 0.942742 0.995076 0.778405 0.857237 0.745505 0.758776 0.952727 0.860989 0.814292 0.974570 0.915603 0.871652 0.719207 0.919255 0.926390 0.813640 0.685536 0.779561 0.667159 0.719508 0.799640 0.000000 0.863254 0.591428 0.930791 0.927615 0.959994 0.857249 0.627267 0.619917 0.518483 0.652044 0.692154 0.681746 0.658671 0.695798 0.695663 0.715097 0.795091 0.821811 0.913936 0.947063 0.733424 0.714274 0.663890 0.741451 0.879148 0.775822 0.811342 0.754225 0.883288 0.862405 0.533953 0.586513 0.944320 0.730711 0.513708 0.500666 0.940604 0.799303 0.995156 0.992026 0.640402 0.712377 0.758632 0.956642 0.831502 0.936547 0.940573 0.859045 0.857560 0.943275 0.886454 0.875374 0.993881 0.945844 0.610737 0.643465 0.603527 0.649056 0.859603 0.732738 0.676907 0.664760 0.547574 0.576794 0.544750 0.559117 0.642617 0.608909 0.698487 0.697632 0.651581 0.651671 0.921520 0.976367 0.615786 0.708789 0.699631 0.692954 0.622319 0.739112
0.556967 0.692513 0.670435 0.692824 0.785501 0.990727 0.668918 0.705547 0.950330 0.854540 0.655613 0.706315 0.719451 0.742753 0.789099 0.772172 0.724800 0.646367 0.645061 0.652105 0.729941 0.933000 0.651951 0.785261 0.714075 0.778198 0.857202 0.916370 0.639314 0.605569 0.600088 0.629201 0.598873 0.609605 0.627573 0.863254 0.000000 0.784081 0.719398 0.792684 0.908259 0.909563 0.699188 0.656544 0.662722 0.659929 0.637951 0.627076 0.864662 0.801015 0.798579 0.833171 0.851194 0.965979 0.818999 0.868964 0.682845 0.712009 0.693416 0.681130 0.630226 0.667919 0.632209 0.670033 0.689867 0.698089 0.643757 0.584349 0.815435 0.752685 0.653882 0.743070 0.679767 0.670507 0.871676 0.856250 0.553844 0.748429 0.752053 0.766363 0.672150 0.716333 0.828918 0.843336 0.793134 0.803061 0.936723 0.742868 0.970986 0.797727 0.912219 0.910463 0.848695 0.903988 0.781568 0.750094 0.759937 0.917081 0.701493 0.725041 0.915051 0.806986 0.606183 0.701306 0.606584 0.684657 0.949943 0.794747 0.948798 0.811043 0.837102 0.668019 0.783028 0.889632 0.725726 0.736846
0.727230 0.639588 0.789882 0.867325 0.943390 0.902144 0.809273 0.831258 0.948296 0.953076 0.833878 0.859124 0.954737 0.963253 0.968536 0.961133 0.688318 0.696913 0.866756 0.740386 0.898168 0.665444 0.909426 0.926475 0.828093 0.877258 0.865154 0.991487 0.803234 0.745813 0.694578 0.832608 0.739559 0.733022 0.697795 0.591428 0.784081 0.000000 0.770335 0.899451 0.829717 0.968866 0.723997 0.687856 0.614151 0.662812 0.733067 0.711971 0.752687 0.691359 0.642482 0.703594 0.730324 0.754868 0.833378 0.838455 0.642957 0.620184 0.761789 0.704098 0.767991 0.791268 0.657843 0.653372 0.840841 0.816749 0.661614 0.574254 0.890128 0.716771 0.651819 0.714230 0.742080 0.670041 0.982488 0.995449 0.833346 0.711209 0.853755 0.880775 0.738299 0.851300 0.758179 0.940622 0.898001 0.906521 0.858606 0.885339 0.956133 0.974703 0.889531 0.879355 0.855847 0.885348 0.852401 0.843576 0.879778 0.819596 0.773503 0.810442 0.817920 0.722996 0.716791 0.793044 0.783209 0.685741 0.807287 0.777962 0.910300 0.944235 0.653774 0.775252 0.896310 0.738144 0.736138 0.769001
