0.000000 0.350606 0.709466 0.700932 0.791404 0.628601 0.381205 0.378115 0.557772 0.573938 0.374011 0.282722 0.354203 0.444022 0.599200 0.652614 0.409148 0.403071 0.409723 0.438014 0.967667 0.881975 0.812181 0.988201 0.804883 0.970206 0.830370 0.868484 0.435779 0.502451 0.923255 0.990267 0.429535 0.362168 0.685095 0.991961 0.857900 0.986262 0.769373 0.995505 0.867749 0.808993 0.636026 0.608839 0.599010 0.579854 0.565397 0.574557 0.859964 0.811266 0.669673 0.600566 0.820803 0.921388 0.776693 0.752599 0.398849 0.374353 0.251057 0.302147 0.268542 0.345748 0.397471 0.361377 0.760863 0.628460 0.495294 0.517328 0.564283 0.646892 0.662549 0.759896 0.854279 0.862220 0.915701 0.886059 0.614669 0.834656 0.606471 0.824024 0.393360 0.622536 0.865176 0.725406 0.641637 0.805954 0.960215 0.809246 0.604877 0.673115 0.679300 0.737721 0.742784 0.751624 0.797754 0.811891 0.551641 0.709205 0.441583 0.422411 0.656962 0.691569 0.544189 0.595853 0.488467 0.523561 0.802927 0.603616 0.666103 0.688975 0.685926 0.646782 0.633413 0.875578 0.644268 0.956528
0.350606 0.000000 0.695431 0.606886 0.938560 0.699939 0.483767 0.370191 0.726991 0.730473 0.630253 0.429407 0.641442 0.617685 0.830085 0.811005 0.473641 0.508742 0.416081 0.329800 0.890359 0.837367 0.805981 0.846888 0.967834 0.839051 0.945093 0.850527 0.560545 0.679165 0.775847 0.856340 0.410041 0.371171 0.727711 0.869032 0.828596 0.945653 0.954973 0.893153 0.740668 0.884056 0.488681 0.507015 0.543224 0.532691 0.486547 0.550511 0.768983 0.730584 0.583111 0.600824 0.857308 0.961973 0.691394 0.706652 0.335668 0.289134 0.430710 0.371510 0.457776 0.327462 0.650350 0.580848 0.709855 0.507973 0.470279 0.430831 0.462192 0.518836 0.642874 0.740194 0.669232 0.682446 0.759679 0.722551 0.679976 0.751038 0.702757 0.760198 0.451320 0.510862 0.776892 0.687957 0.609050 0.622538 0.918383 0.960384 0.647606 0.632637 0.746772 0.879336 0.779870 0.914862 0.708871 0.865102 0.527648 0.729106 0.490558 0.468339 0.728720 0.781348 0.601116 0.726970 0.484486 0.538633 0.909712 0.648307 0.667632 0.675888 0.642948 0.613030 0.664616 0.746291 0.587396 0.993534
0.709466 0.695431 0.000000 0.215162 0.871514 0.854020 0.395049 0.526069 0.602015 0.997238 0.993014 0.827072 0.708933 0.759195 0.651140 0.572365 0.954864 0.987457 0.604503 0.625847 0.504512 0.845186 0.316429 0.441790 0.406832 0.315151 0.829657 0.872062 0.977753 0.987604 0.390771 0.582869 0.501627 0.502201 0.499505 0.763643 0.456215 0.626029 0.895554 0.747720 0.843319 0.987856 0.462508 0.621526 0.820271 0.916579 0.464669 0.503955 0.785474 0.980320 0.778663 0.779226 0.858951 0.802171 0.678410 0.737093 0.975634 0.950495 0.711883 0.758447 0.588444 0.608398 0.954007 0.940790 0.213096 0.355860 0.374651 0.417695 0.654658 0.827358 0.447257 0.451754 0.565108 0.654426 0.847403 0.966729 0.584375 0.518525 0.977905 0.768746 0.855564 0.721651 0.759471 0.888354 0.371016 0.386801 0.854900 0.879173 0.588299 0.635672 0.632593 0.720232 0.639753 0.645167 0.672223 0.806710 0.667257 0.950854 0.743950 0.686841 0.819312 0.925276 0.874991 0.980601 0.592407 0.473254 0.729055 0.818160 0.814723 0.840672 0.759452 0.887165 0.862836 0.925226 0.822266 0.908341
0.700932 0.606886 0.215162 0.000000 0.961429 0.766001 0.389922 0.470242 0.639370 0.995898 0.997903 0.745201 0.778629 0.737274 0.737040 0.622601 0.997330 0.998216 0.579531 0.532317 0.475930 0.870282 0.354476 0.399637 0.415781 0.311563 0.848772 0.883543 0.954400 0.985257 0.424016 0.576581 0.477373 0.466173 0.506495 0.708388 0.516389 0.599865 0.839229 0.712803 0.787009 0.954745 0.428512 0.565084 0.811525 0.922727 0.407733 0.477399 0.789436 0.995754 0.756533 0.783725 0.879915 0.822894 0.715502 0.732139 0.958842 0.910870 0.685500 0.688689 0.590051 0.517855 0.917878 0.918777 0.218364 0.256272 0.313273 0.320750 0.662464 0.785319 0.394143 0.401663 0.503754 0.617056 0.740852 0.834077 0.599630 0.501445 0.980566 0.688851 0.859401 0.732982 0.752470 0.874606 0.371918 0.357214 0.779093 0.966439 0.591778 0.629953 0.586317 0.727512 0.595289 0.639187 0.695752 0.742322 0.615139 0.859999 0.697029 0.656499 0.749213 0.880976 0.841314 0.988021 0.552113 0.469428 0.737198 0.785419 0.750400 0.817115 0.717733 0.855964 0.855514 0.879181 0.731528 0.876658
0.791404 0.938560 0.871514 0.961429 0.000000 0.971299 0.838940 0.919694 0.743665 0.774915 0.844686 0.842186 0.659341 0.763311 0.657137 0.781157 0.765502 0.785993 0.747458 0.972679 0.967188 0.846331 0.817741 0.941069 0.974894 0.881260 0.770565 0.966396 0.817513 0.776482 0.962214 0.879024 0.806554 0.841311 0.716657 0.936643 0.884313 0.950190 0.979552 0.843835 0.938147 0.969975 0.971201 0.929870 0.920508 0.955611 0.986189 0.963698 0.985727 0.881231 0.985910 0.977768 0.962934 0.968959 0.918723 0.996523 0.792656 0.726061 0.721413 0.895894 0.753813 0.948429 0.619648 0.714127 0.857176 0.991917 0.837847 0.922751 0.976342 0.998404 0.915874 0.950972 0.944001 0.824816 0.834412 0.882970 0.940564 0.939138 0.906943 0.997186 0.761248 0.980946 0.866266 0.784903 0.792619 0.969258 0.948393 0.684199 0.737981 0.985190 0.934033 0.897243 0.973339 0.874936 0.934163 0.949593 0.862266 0.928777 0.874445 0.924936 0.928551 0.961797 0.807297 0.934412 0.942423 0.802346 0.943631 0.882853 0.919119 0.933019 0.910957 0.982386 0.943606 0.931148 0.962963 0.899159
0.628601 0.699939 0.854020 0.766001 0.971299 0.000000 0.551356 0.507246 0.645522 0.631293 0.700522 0.637953 0.831668 0.893687 0.967043 0.931420 0.840868 0.785557 0.764513 0.704376 0.974762 0.842311 0.968976 0.886488 0.823382 0.968190 0.732301 0.826571 0.828883 0.965561 0.961825 0.946073 0.732982 0.676375 0.838228 0.915510 0.994819 0.947887 0.823327 0.942680 0.848919 0.902934 0.663880 0.607902 0.728834 0.731149 0.677270 0.726079 0.964278 0.838730 0.742587 0.683064 0.794597 0.784098 0.856728 0.755659 0.835723 0.825674 0.646660 0.555432 0.639155 0.541162 0.893172 0.858472 0.914558 0.669671 0.613383 0.577970 0.790910 0.695276 0.736954 0.734672 0.838645 0.877757 0.915305 0.893411 0.761770 0.840822 0.919638 0.873146 0.826438 0.908626 0.842437 0.999884 0.988919 0.974253 0.966410 0.942758 0.795006 0.927836 0.565142 0.627531 0.576983 0.645343 0.986750 0.857722 0.715223 0.774720 0.545391 0.603406 0.639610 0.643046 0.666594 0.680543 0.729741 0.719937 0.826892 0.712336 0.940132 0.869432 0.702412 0.675320 0.738472 0.845546 0.596012 0.856382
0.381205 0.483767 0.395049 0.389922 0.838940 0.551356 0.000000 0.227700 0.303968 0.512866 0.558145 0.442235 0.500261 0.669455 0.595589 0.600921 0.650047 0.632252 0.454991 0.486510 0.767873 0.870973 0.611259 0.854007 0.892780 0.685683 0.865033 0.909183 0.638130 0.692477 0.689288 0.871845 0.433915 0.325573 0.484276 0.862118 0.748248 0.817374 0.859190 0.859241 0.767482 0.817778 0.388071 0.399367 0.510582 0.557312 0.457013 0.470166 0.919976 0.761869 0.522219 0.476808 0.586318 0.598369 0.639832 0.667052 0.775646 0.668986 0.351819 0.471458 0.340085 0.369993 0.688572 0.641914 0.496014 0.466486 0.269277 0.354846 0.596144 0.700478 0.365624 0.488029 0.621028 0.717141 0.846314 0.958409 0.427936 0.597567 0.718918 0.853410 0.566872 0.713246 0.896317 0.827389 0.586338 0.707399 0.981677 0.797293 0.579028 0.677862 0.355125 0.434492 0.407663 0.416812 0.665596 0.743358 0.392517 0.653802 0.325611 0.337536 0.578408 0.562741 0.541648 0.625024 0.415378 0.310132 0.631262 0.546264 0.668086 0.699126 0.556325 0.625706 0.599177 0.770839 0.583310 0.856628
0.378115 0.370191 0.526069 0.470242 0.919694 0.507246 0.227700 0.000000 0.429961 0.489733 0.538486 0.368409 0.585437 0.658211 0.764900 0.784764 0.632549 0.629889 0.509281 0.440301 0.839899 0.840359 0.769395 0.933902 0.980926 0.755338 0.760762 0.829877 0.595789 0.726538 0.740388 0.878513 0.445524 0.344443 0.566759 0.879993 0.888853 0.911291 0.859407 0.833652 0.712620 0.801187 0.400871 0.419370 0.593132 0.602084 0.488391 0.557178 0.923384 0.808531 0.584690 0.553628 0.713209 0.751250 0.749076 0.667681 0.645607 0.580310 0.368720 0.379182 0.343277 0.244503 0.705185 0.621905 0.621699 0.426423 0.305408 0.318224 0.612513 0.619819 0.430689 0.487281 0.676101 0.673519 0.829139 0.811493 0.539256 0.704351 0.801749 0.862107 0.583730 0.730105 0.936003 0.899459 0.682793 0.768349 0.899608 0.776838 0.587268 0.720964 0.400500 0.546102 0.428491 0.542974 0.704035 0.727503 0.386536 0.595634 0.333374 0.339057 0.500426 0.569188 0.545364 0.660058 0.383752 0.333346 0.625689 0.548787 0.656257 0.615231 0.472544 0.565199 0.532301 0.785240 0.506171 0.833967
0.557772 0.726991 0.602015 0.639370 0.743665 0.645522 0.303968 0.429961 0.000000 0.453876 0.518673 0.574780 0.576447 0.788043 0.639609 0.680942 0.692284 0.692366 0.700220 0.689876 0.914732 0.986755 0.768438 0.948884 0.931319 0.899689 0.810045 0.848682 0.625799 0.674629 0.856934 0.986694 0.621450 0.518173 0.677696 0.924153 0.861868 0.904486 0.795455 0.977389 0.782338 0.742481 0.633689 0.578470 0.603543 0.651569 0.775285 0.735680 0.903022 0.877125 0.641436 0.595718 0.584284 0.627065 0.649959 0.747714 0.958338 0.787535 0.441448 0.612778 0.460095 0.570671 0.657527 0.625871 0.730268 0.770456 0.497564 0.591887 0.778019 0.785174 0.497764 0.632668 0.776148 0.889011 0.942886 0.923542 0.548978 0.749861 0.704845 0.948715 0.663628 0.869581 0.952617 0.821403 0.832877 0.981526 0.916231 0.834153 0.605450 0.843036 0.495044 0.445537 0.499216 0.446659 0.818672 0.996896 0.514948 0.734198 0.451911 0.470005 0.632184 0.629650 0.644834 0.682138 0.559415 0.466698 0.707196 0.587540 0.740535 0.822794 0.668938 0.727362 0.657079 0.780929 0.674677 0.859407
0.573938 0.730473 0.997238 0.995898 0.774915 0.631293 0.512866 0.489733 0.453876 0.000000 0.461374 0.530762 0.697519 0.891963 0.753826 0.911375 0.524509 0.509367 0.720840 0.765043 0.808641 0.992651 0.830830 0.519896 0.592483 0.723631 0.686982 0.826205 0.481582 0.578953 0.810083 0.688934 0.823814 0.659016 0.791019 0.932031 0.834982 0.897074 0.763006 0.991826 0.822194 0.722966 0.787250 0.675395 0.596820 0.585564 0.908203 0.905318 0.744320 0.813241 0.615495 0.590707 0.667900 0.709105 0.926229 0.813467 0.774130 0.670503 0.470584 0.670732 0.637710 0.663149 0.542369 0.465939 0.849678 0.957040 0.682017 0.798556 0.838824 0.823333 0.590800 0.775686 0.960586 0.939951 0.943086 0.947708 0.608178 0.887196 0.800175 0.826482 0.598101 0.921815 0.927397 0.850392 0.858412 0.666480 0.826410 0.697049 0.817307 0.920266 0.490650 0.471372 0.517005 0.513991 0.898604 0.837067 0.537042 0.611995 0.369917 0.469521 0.618138 0.560789 0.440717 0.487537 0.653780 0.634120 0.797774 0.572551 0.824397 0.757037 0.654549 0.646668 0.491617 0.751501 0.695261 0.824065
0.374011 0.630253 0.993014 0.997903 0.844686 0.700522 0.558145 0.538486 0.518673 0.461374 0.000000 0.304117 0.419784 0.516642 0.735283 0.790063 0.429574 0.408041 0.620387 0.642236 0.749087 0.991546 0.901935 0.726351 0.547588 0.699682 0.674997 0.716173 0.363057 0.393450 0.877488 0.871497 0.634925 0.544601 0.899201 0.834110 0.847014 0.838635 0.829408 0.973857 0.985160 0.759802 0.993869 0.821799 0.702871 0.659864 0.907961 0.879668 0.822806 0.893262 0.855097 0.824522 0.870784 0.986433 0.839674 0.888798 0.638544 0.547770 0.425159 0.492273 0.368860 0.461174 0.317672 0.264585 0.933852 0.925382 0.774625 0.791695 0.817673 0.808454 0.897212 0.988374 0.864672 0.907639 0.923075 0.998031 0.846960 0.906963 0.568009 0.941869 0.431228 0.698091 0.979143 0.714851 0.944792 0.883568 0.826980 0.836503 0.760463 0.855560 0.845230 0.833728 0.887726 0.859245 0.919648 0.916830 0.723843 0.766615 0.588975 0.604679 0.684973 0.748073 0.670277 0.692509 0.666174 0.723528 0.842575 0.765182 0.781030 0.769256 0.728456 0.795313 0.746064 0.971618 0.737423 0.889006
0.282722 0.429407 0.827072 0.745201 0.842186 0.637953 0.442235 0.368409 0.574780 0.530762 0.304117 0.000000 0.369826 0.400330 0.674401 0.692026 0.416197 0.400338 0.499882 0.441643 0.968691 0.944982 0.903124 0.960095 0.729415 0.896703 0.816598 0.805358 0.384578 0.399011 0.997199 0.970363 0.471830 0.386950 0.773566 0.965433 0.948121 0.958015 0.854144 0.901328 0.879203 0.865900 0.778577 0.688183 0.676498 0.680230 0.688778 0.668504 0.901364 0.938759 0.815384 0.758737 0.916189 0.967844 0.860530 0.840490 0.475788 0.456868 0.321915 0.369952 0.291781 0.282268 0.384914 0.307514 0.841723 0.611442 0.545153 0.521265 0.767267 0.695958 0.723080 0.822525 0.977340 0.902076 0.827129 0.883751 0.674424 0.892342 0.641520 0.823448 0.414729 0.643985 0.868115 0.717544 0.742163 0.860788 0.924642 0.853286 0.641331 0.751516 0.715195 0.827440 0.783605 0.802669 0.803104 0.849575 0.613655 0.731223 0.483711 0.506522 0.630911 0.745180 0.600095 0.649935 0.530484 0.563232 0.818814 0.734122 0.736138 0.761356 0.685112 0.623610 0.708039 0.977443 0.665599 0.962117
0.354203 0.641442 0.708933 0.778629 0.659341 0.831668 0.500261 0.585437 0.576447 0.697519 0.419784 0.369826 0.000000 0.312452 0.428896 0.447712 0.601528 0.551854 0.515345 0.631433 0.987808 0.907624 0.652867 0.913052 0.811423 0.932332 0.916474 0.914950 0.510788 0.435965 0.903778 0.999581 0.511938 0.524787 0.781260 0.872604 0.907058 0.978548 0.840075 0.999079 0.961488 0.947615 0.848002 0.813412 0.861096 0.830451 0.790261 0.687232 0.883901 0.916148 0.994955 0.841806 0.968718 0.970303 0.914634 0.997937 0.619097 0.568581 0.379512 0.496408 0.284625 0.511505 0.353932 0.400790 0.707636 0.700182 0.673706 0.707530 0.873661 0.780621 0.831046 0.924989 0.990964 0.868378 0.932156 0.883131 0.745552 0.892011 0.673552 0.784971 0.556006 0.781163 0.875011 0.829952 0.614102 0.819021 0.980914 0.741520 0.751707 0.828941 0.826906 0.839208 0.943094 0.803201 0.912674 0.939170 0.774156 0.916064 0.683950 0.647017 0.816406 0.778589 0.772197 0.802111 0.664128 0.549358 0.855172 0.783371 0.846770 0.873929 0.871708 0.757258 0.845768 0.983616 0.761749 0.990413
0.444022 0.617685 0.759195 0.737274 0.763311 0.893687 0.669455 0.658211 0.788043 0.891963 0.516642 0.400330 0.312452 0.000000 0.551487 0.515519 0.693532 0.636166 0.502625 0.644332 0.908972 0.937061 0.583398 0.763179 0.935974 0.984439 0.984889 0.984577 0.628621 0.498444 0.785778 0.856473 0.406636 0.498870 0.765856 0.993346 0.807097 0.918889 0.956431 0.827559 0.987506 0.967051 0.935073 0.955442 0.960524 0.967685 0.810224 0.830162 0.719222 0.726256 0.845555 0.911988 0.808879 0.719325 0.995688 0.923427 0.559456 0.585570 0.466520 0.471947 0.335514 0.474213 0.449740 0.487178 0.678355 0.580515 0.685520 0.597856 0.943529 0.811471 0.865448 0.814858 0.960725 0.994916 0.862529 0.923588 0.931930 0.838742 0.725586 0.706825 0.627846 0.837503 0.734946 0.806213 0.509539 0.659914 0.797946 0.909982 0.677111 0.695683 0.993932 0.893007 0.931870 0.985870 0.964616 0.840737 0.883057 0.933225 0.836911 0.799745 0.766191 0.994733 0.917039 0.992762 0.699935 0.666475 0.928414 0.913859 0.831149 0.811471 0.860871 0.869984 0.986036 0.831122 0.835095 0.961560
0.599200 0.830085 0.651140 0.737040 0.657137 0.967043 0.595589 0.764900 0.639609 0.753826 0.735283 0.674401 0.428896 0.551487 0.000000 0.426598 0.772125 0.735628 0.641255 0.791033 0.719415 0.965967 0.510288 0.842564 0.956070 0.917577 0.906664 0.880306 0.704109 0.624768 0.738986 0.947153 0.584780 0.609736 0.669137 0.975234 0.731487 0.848078 0.895983 0.945599 0.893185 0.991807 0.855703 0.925774 0.818261 0.867361 0.810439 0.674900 0.853931 0.951803 0.873393 0.742458 0.791119 0.817385 0.832885 0.855878 0.834961 0.774791 0.493784 0.685925 0.493197 0.763849 0.569967 0.616769 0.668234 0.817583 0.650376 0.757790 0.852752 0.760857 0.691091 0.738802 0.848388 0.980787 0.915208 0.826357 0.775036 0.860796 0.776239 0.935275 0.765986 0.948778 0.660400 0.830686 0.577821 0.798636 0.819770 0.878678 0.735943 0.765358 0.784642 0.777286 0.917009 0.707608 0.867334 0.909506 0.771885 0.912905 0.728875 0.719198 0.949874 0.860248 0.837509 0.851028 0.730166 0.558833 0.795845 0.710387 0.923802 0.934461 0.856727 0.791539 0.909736 0.868618 0.810566 0.980229
0.652614 0.811005 0.572365 0.622601 0.781157 0.931420 0.600921 0.784764 0.680942 0.911375 0.790063 0.692026 0.447712 0.515519 0.426598 0.000000 0.852004 0.719778 0.573948 0.694759 0.699516 0.943673 0.411981 0.631635 0.832040 0.756510 0.829861 0.878989 0.720452 0.658122 0.652161 0.773060 0.555307 0.598575 0.684787 0.871146 0.586709 0.747929 0.854395 0.909526 0.943921 0.924376 0.772517 0.780139 0.838639 0.861336 0.631874 0.643447 0.829665 0.962397 0.926433 0.786771 0.911270 0.851327 0.750951 0.942831 0.848882 0.828001 0.628186 0.782273 0.555401 0.741404 0.715317 0.759592 0.553174 0.653818 0.663508 0.708926 0.893068 0.846747 0.676063 0.715489 0.825504 0.841833 0.905089 0.997303 0.755926 0.744349 0.714741 0.724127 0.742197 0.808471 0.670789 0.812923 0.477208 0.600948 0.859810 0.987272 0.736822 0.799396 0.789603 0.826467 0.888082 0.718373 0.747585 0.932233 0.798660 0.856310 0.820063 0.782565 0.923658 0.942769 0.878165 0.950230 0.688964 0.686653 0.881534 0.832921 0.898734 0.986429 0.973035 0.843061 0.975563 0.947241 0.891176 0.964153
0.409148 0.473641 0.954864 0.997330 0.765502 0.840868 0.650047 0.632549 0.692284 0.524509 0.429574 0.416197 0.601528 0.693532 0.772125 0.852004 0.000000 0.253976 0.489170 0.498710 0.787109 0.889586 0.912636 0.793591 0.686206 0.747478 0.914513 0.829982 0.322959 0.407541 0.935770 0.835713 0.623657 0.588326 0.857857 0.969729 0.992288 0.938468 0.870737 0.971702 0.828548 0.805184 0.878873 0.751380 0.490915 0.443115 0.795222 0.780418 0.570948 0.665013 0.611766 0.662292 0.752046 0.921038 0.723431 0.757008 0.387473 0.308155 0.463786 0.586822 0.575016 0.608687 0.359816 0.307595 0.914396 0.998767 0.782342 0.814844 0.611675 0.753445 0.828810 0.937276 0.937398 0.881914 0.919624 0.834455 0.803397 0.974972 0.603735 0.926994 0.283145 0.524351 0.748901 0.505742 0.852024 0.977891 0.912404 0.947586 0.758648 0.741511 0.888686 0.900776 0.955437 0.961103 0.792804 0.988774 0.593566 0.742842 0.554677 0.627446 0.814883 0.877386 0.534388 0.536500 0.703928 0.776828 0.970756 0.809860 0.721342 0.741478 0.780187 0.684786 0.745309 0.773094 0.829874 0.996454
0.403071 0.508742 0.987457 0.998216 0.785993 0.785557 0.632252 0.629889 0.692366 0.509367 0.408041 0.400338 0.551854 0.636166 0.735628 0.719778 0.253976 0.000000 0.487813 0.493072 0.889995 0.866462 0.942655 0.777411 0.700749 0.796203 0.946837 0.908534 0.275336 0.317774 0.972345 0.924253 0.583774 0.547647 0.838609 0.964382 0.901139 0.955911 0.810445 0.916247 0.866382 0.751675 0.892655 0.746493 0.512875 0.475104 0.780365 0.820879 0.646572 0.704794 0.637961 0.668061 0.795391 0.906792 0.723923 0.815014 0.404562 0.346823 0.464171 0.630646 0.553580 0.593031 0.353228 0.277027 0.938075 0.959570 0.739465 0.770883 0.619014 0.711539 0.804687 0.998476 0.909797 0.806709 0.965471 0.852675 0.805751 0.931800 0.561639 0.917241 0.232446 0.471464 0.792395 0.559962 0.851470 0.973354 0.876492 0.885938 0.710623 0.802177 0.839312 0.869389 0.896036 0.898802 0.816552 0.945160 0.629379 0.775687 0.543876 0.613130 0.751184 0.844222 0.492183 0.502687 0.632381 0.798198 0.937196 0.807376 0.815939 0.751888 0.789667 0.707070 0.718875 0.815353 0.854220 0.950561
0.409723 0.416081 0.604503 0.579531 0.747458 0.764513 0.454991 0.509281 0.700220 0.720840 0.620387 0.499882 0.515345 0.502625 0.641255 0.573948 0.489170 0.487813 0.000000 0.431037 0.896362 0.914487 0.596264 0.779788 0.953151 0.860736 0.980705 0.991214 0.575886 0.625612 0.737668 0.885220 0.388418 0.394931 0.548158 0.855915 0.716592 0.913972 0.956206 0.899654 0.872039 0.956760 0.575628 0.541238 0.512970 0.514249 0.505357 0.492748 0.816418 0.747440 0.613934 0.586206 0.741282 0.799362 0.666603 0.741578 0.505409 0.426259 0.462292 0.509442 0.443814 0.497169 0.553703 0.573435 0.588162 0.589021 0.516672 0.501804 0.555472 0.665102 0.619102 0.751674 0.795635 0.782426 0.823169 0.801161 0.659497 0.642124 0.686742 0.743464 0.471668 0.602237 0.693670 0.677013 0.493718 0.629562 0.966048 0.920475 0.638083 0.599632 0.709485 0.822620 0.806460 0.803492 0.776924 0.790140 0.553665 0.835020 0.537099 0.541327 0.800114 0.876176 0.611279 0.758461 0.628717 0.558546 0.882141 0.695777 0.686311 0.730100 0.722017 0.679585 0.753139 0.861502 0.855276 0.968715
0.438014 0.329800 0.625847 0.532317 0.972679 0.704376 0.486510 0.440301 0.689876 0.765043 0.642236 0.441643 0.631433 0.644332 0.791033 0.694759 0.498710 0.493072 0.431037 0.000000 0.750013 0.859670 0.703035 0.716289 0.865983 0.768374 0.996356 0.964368 0.560566 0.654790 0.726110 0.708194 0.406487 0.402002 0.710745 0.871390 0.775967 0.899526 0.965068 0.858696 0.760340 0.915127 0.549279 0.542220 0.623105 0.623603 0.516222 0.502216 0.914707 0.780190 0.712550 0.700286 0.910008 0.928509 0.653824 0.676505 0.484854 0.453811 0.530038 0.478801 0.512647 0.390951 0.677688 0.621543 0.625517 0.482128 0.501049 0.445730 0.509718 0.606158 0.618765 0.735033 0.688995 0.635708 0.731235 0.605259 0.729205 0.775985 0.698129 0.747276 0.442880 0.442018 0.712316 0.678214 0.547518 0.585528 0.850728 0.993133 0.710636 0.620885 0.736379 0.865071 0.773882 0.864488 0.676742 0.993125 0.567724 0.792706 0.586633 0.521813 0.754994 0.817116 0.586500 0.781580 0.459928 0.598777 0.814563 0.785666 0.802687 0.804586 0.781206 0.712446 0.700866 0.782852 0.633814 0.925113
0.967667 0.890359 0.504512 0.475930 0.967188 0.974762 0.767873 0.839899 0.914732 0.808641 0.749087 0.968691 0.987808 0.908972 0.719415 0.699516 0.787109 0.889995 0.896362 0.750013 0.000000 0.809016 0.462864 0.479190 0.435199 0.410552 0.646172 0.802587 0.813790 0.944870 0.487430 0.566806 0.686496 0.739697 0.745729 0.742358 0.620934 0.644481 0.899570 0.790417 0.764727 0.825179 0.700590 0.839067 0.951728 0.864929 0.700157 0.813468 0.658532 0.834890 0.983415 0.986591 0.970348 0.900182 0.937709 0.926724 0.949488 0.887916 0.964152 0.964566 0.901660 0.847511 0.768492 0.766055 0.466363 0.517928 0.589064 0.594965 0.853822 0.922230 0.627260 0.560553 0.641714 0.670161 0.766220 0.870273 0.881773 0.699927 0.896389 0.758399 0.950181 0.918568 0.655638 0.968506 0.562118 0.500072 0.602129 0.939186 0.827096 0.799048 0.771314 0.924695 0.825890 0.790349 0.785908 0.932907 0.911856 0.923301 0.974839 0.928539 0.926566 0.982275 0.898390 0.790805 0.715622 0.695917 0.816079 0.994441 0.827295 0.985469 0.945744 0.987420 0.970105 0.919858 0.808162 0.954324
0.881975 0.837367 0.845186 0.870282 0.846331 0.842311 0.870973 0.840359 0.986755 0.992651 0.991546 0.944982 0.907624 0.937061 0.965967 0.943673 0.889586 0.866462 0.914487 0.859670 0.809016 0.000000 0.981994 0.992584 0.848464 0.888416 0.948445 0.921919 0.873390 0.960536 0.836739 0.972150 0.855775 0.862947 0.810989 0.899215 0.867817 0.874176 0.933686 0.877602 0.759552 0.718512 0.956800 0.969195 0.781611 0.896891 0.910277 0.902524 0.863165 0.837543 0.790906 0.875060 0.908962 0.865772 0.922676 0.710917 0.860213 0.902228 0.933670 0.865679 0.924235 0.878067 0.956067 0.923742 0.957856 0.961017 0.813479 0.841183 0.763782 0.806102 0.840419 0.860955 0.897964 0.667977 0.766920 0.968463 0.791257 0.850197 0.959061 0.958775 0.825988 0.822766 0.886931 0.876920 0.963130 0.856441 0.890984 0.956627 0.902980 0.699414 0.886190 0.971043 0.834802 0.990638 0.744334 0.875391 0.875335 0.955950 0.841191 0.901648 0.876808 0.965418 0.867289 0.882998 0.915943 0.933118 0.887673 0.969714 0.944409 0.801958 0.839259 0.923313 0.900540 0.891777 0.896582 0.926875
0.812181 0.805981 0.316429 0.354476 0.817741 0.968976 0.611259 0.769395 0.768438 0.830830 0.901935 0.903124 0.652867 0.583398 0.510288 0.411981 0.912636 0.942655 0.596264 0.703035 0.462864 0.981994 0.000000 0.302144 0.409863 0.422066 0.699615 0.792333 0.939271 0.922106 0.342458 0.474839 0.449037 0.549783 0.543162 0.777584 0.456064 0.627950 0.896649 0.785487 0.878050 0.866918 0.637657 0.798318 0.988750 0.926291 0.607315 0.619559 0.613117 0.795281 0.987830 0.962730 0.980788 0.969401 0.798704 0.889825 0.978902 0.961397 0.785368 0.835945 0.615469 0.736632 0.965646 0.945414 0.252373 0.435624 0.538638 0.542364 0.842878 0.855187 0.606940 0.544873 0.652973 0.752664 0.764576 0.934462 0.780900 0.532568 0.989803 0.714870 0.921330 0.874195 0.591781 0.904687 0.260340 0.334131 0.730067 0.980875 0.670947 0.603223 0.860614 0.964428 0.895486 0.830709 0.766858 0.818767 0.852474 0.950475 0.940944 0.878352 0.985101 0.931426 0.935324 0.786287 0.700785 0.585174 0.883828 0.898789 0.986055 0.984096 0.960810 0.982128 0.948703 0.981322 0.933448 0.915773
0.988201 0.846888 0.441790 0.399637 0.941069 0.886488 0.854007 0.933902 0.948884 0.519896 0.726351 0.960095 0.913052 0.763179 0.842564 0.631635 0.793591 0.777411 0.779788 0.716289 0.479190 0.992584 0.302144 0.000000 0.335125 0.373513 0.636733 0.790522 0.741155 0.868162 0.407445 0.407753 0.633455 0.759058 0.713484 0.768800 0.554724 0.667723 0.790113 0.822163 0.966978 0.803648 0.715374 0.900019 0.889810 0.838918 0.639006 0.663073 0.658591 0.853270 0.906797 0.884703 0.850070 0.897960 0.790364 0.900786 0.965472 0.937622 0.941077 0.993884 0.839637 0.818819 0.794377 0.724751 0.311052 0.438447 0.729126 0.645384 0.849226 0.940158 0.822947 0.747486 0.709725 0.757366 0.766388 0.836017 0.976139 0.691797 0.945935 0.616890 0.950587 0.801458 0.646383 0.927454 0.332838 0.273677 0.646179 0.773210 0.826344 0.594616 0.912234 0.807184 0.890711 0.908716 0.777548 0.927164 0.980455 0.858024 0.808074 0.935387 0.879721 0.754065 0.761476 0.618801 0.891430 0.779788 0.952850 0.865294 0.988790 0.910120 0.948514 0.834634 0.786537 0.937220 0.985683 0.989360
0.804883 0.967834 0.406832 0.415781 0.974894 0.823382 0.892780 0.980926 0.931319 0.592483 0.547588 0.729415 0.811423 0.935974 0.956070 0.832040 0.686206 0.700749 0.953151 0.865983 0.435199 0.848464 0.409863 0.335125 0.000000 0.243327 0.588298 0.762208 0.662943 0.778380 0.322011 0.436968 0.737633 0.839838 0.699281 0.683763 0.429034 0.483242 0.673126 0.706156 0.881308 0.852783 0.702410 0.914647 0.933222 0.805299 0.667543 0.794212 0.717057 0.879981 0.966928 0.882106 0.886083 0.995680 0.812960 0.842982 0.810156 0.789418 0.787239 0.792832 0.920037 0.999484 0.607890 0.576098 0.368827 0.545771 0.695673 0.699332 0.849438 0.998945 0.702148 0.619530 0.543652 0.620691 0.806218 0.887716 0.887866 0.602732 0.792926 0.790705 0.892853 0.817143 0.651114 0.939570 0.469056 0.343096 0.785338 0.893961 0.829775 0.693853 0.998778 0.897227 0.917653 0.978667 0.799899 0.822874 0.955971 0.871624 0.844188 0.892943 0.895036 0.764815 0.853454 0.683085 0.887189 0.876350 0.908780 0.900432 0.943056 0.984605 0.955181 0.790120 0.799276 0.968135 0.957893 0.966589
0.970206 0.839051 0.315151 0.311563 0.881260 0.968190 0.685683 0.755338 0.899689 0.723631 0.699682 0.896703 0.932332 0.984439 0.917577 0.756510 0.747478 0.796203 0.860736 0.768374 0.410552 0.888416 0.422066 0.373513 0.243327 0.000000 0.753313 0.823142 0.758284 0.815709 0.305880 0.411843 0.645010 0.728204 0.692681 0.617390 0.409268 0.481995 0.751695 0.723980 0.804104 0.893511 0.540988 0.747575 0.962909 0.946216 0.536122 0.688890 0.747979 0.955663 0.817348 0.925775 0.985113 0.868850 0.726463 0.825922 0.830572 0.841580 0.943102 0.962535 0.907424 0.788373 0.615569 0.632219 0.329056 0.402040 0.538135 0.542116 0.792634 0.926088 0.562153 0.481678 0.454056 0.541797 0.883934 0.838380 0.780906 0.585086 0.821863 0.749629 0.950542 0.819446 0.739535 0.994836 0.477032 0.345283 0.736368 0.943837 0.745882 0.729756 0.774065 0.914961 0.733874 0.816029 0.762309 0.806557 0.812744 0.993927 0.964996 0.925071 0.888565 0.947850 0.942548 0.803173 0.747235 0.709413 0.775333 0.966969 0.927781 0.938941 0.921760 0.971100 0.959697 0.906051 0.912701 0.972810
0.830370 0.945093 0.829657 0.848772 0.770565 0.732301 0.865033 0.760762 0.810045 0.686982 0.674997 0.816598 0.916474 0.984889 0.906664 0.829861 0.914513 0.946837 0.980705 0.996356 0.646172 0.948445 0.699615 0.636733 0.588298 0.753313 0.000000 0.803841 0.775507 0.932510 0.742099 0.802642 0.896126 0.983171 0.895810 0.745975 0.657476 0.731118 0.796864 0.816180 0.890244 0.895057 0.961191 0.850976 0.902942 0.806287 0.961508 0.913223 0.823662 0.890612 0.945112 0.823033 0.839079 0.944362 0.997163 0.905907 0.960714 0.993246 0.873507 0.760496 0.847131 0.798971 0.921213 0.861640 0.731576 0.910597 0.944146 0.934515 0.971576 0.900287 0.968142 0.925911 0.958879 0.869415 0.888932 0.896242 0.993301 0.889711 0.993499 0.916088 0.975404 0.919938 0.733690 0.983860 0.714839 0.691624 0.923184 0.968210 0.982554 0.861470 0.843381 0.826707 0.878201 0.905003 0.836927 0.997736 0.934950 0.827657 0.868043 0.814220 0.707839 0.744244 0.891624 0.878703 0.937513 0.990671 0.846618 0.802467 0.883621 0.848545 0.836964 0.799610 0.784476 0.960613 0.882507 0.924080
0.868484 0.850527 0.872062 0.883543 0.966396 0.826571 0.909183 0.829877 0.848682 0.826205 0.716173 0.805358 0.914950 0.984577 0.880306 0.878989 0.829982 0.908534 0.991214 0.964368 0.802587 0.921919 0.792333 0.790522 0.762208 0.823142 0.803841 0.000000 0.800928 0.800052 0.836838 0.964061 0.949188 0.893723 0.902160 0.990334 0.779877 0.883740 0.939648 0.894148 0.932714 0.973699 0.998158 0.912418 0.909473 0.896535 0.908994 0.853743 0.809181 0.919258 0.912385 0.893584 0.847562 0.978718 0.892972 0.776646 0.961316 0.898364 0.908804 0.986785 0.888553 0.853686 0.861295 0.755133 0.812399 0.912084 0.982657 0.935305 0.914073 0.902579 0.993428 0.858786 0.832341 0.977238 0.915837 0.983624 0.940022 0.876700 0.809687 0.809816 0.901790 0.956130 0.843944 0.983284 0.812861 0.796663 0.886117 0.851663 0.980745 0.799313 0.925856 0.899173 0.906906 0.953547 0.950675 0.930924 0.936621 0.884577 0.834833 0.862502 0.833439 0.799016 0.939106 0.886493 0.918499 0.897347 0.939998 0.771777 0.869421 0.906986 0.911719 0.919866 0.801073 0.980618 0.823721 0.989688
0.435779 0.560545 0.977753 0.954400 0.817513 0.828883 0.638130 0.595789 0.625799 0.481582 0.363057 0.384578 0.510788 0.628621 0.704109 0.720452 0.322959 0.275336 0.575886 0.560566 0.813790 0.873390 0.939271 0.741155 0.662943 0.758284 0.775507 0.800928 0.000000 0.285566 0.977965 0.866630 0.594340 0.599314 0.885884 0.843577 0.987499 0.952057 0.707433 0.958845 0.885351 0.787832 0.915103 0.781605 0.536915 0.478103 0.848952 0.797338 0.614589 0.717378 0.694211 0.674260 0.793203 0.922738 0.741175 0.703836 0.524725 0.459927 0.486283 0.601549 0.504953 0.552503 0.340039 0.270048 0.897325 0.994852 0.811321 0.856884 0.748165 0.729665 0.865251 0.998500 0.922054 0.818544 0.954474 0.886431 0.789571 0.984089 0.547374 0.961798 0.341266 0.563136 0.753397 0.550884 0.892222 0.958654 0.931573 0.912916 0.708722 0.809935 0.869014 0.905717 0.936222 0.927715 0.838400 0.957055 0.653842 0.816163 0.576926 0.599595 0.766336 0.868407 0.590653 0.629047 0.662196 0.797687 0.872949 0.818261 0.813679 0.681936 0.781201 0.708094 0.677700 0.762458 0.797094 0.968116
0.502451 0.679165 0.987604 0.985257 0.776482 0.965561 0.692477 0.726538 0.674629 0.578953 0.393450 0.399011 0.435965 0.498444 0.624768 0.658122 0.407541 0.317774 0.625612 0.654790 0.944870 0.960536 0.922106 0.868162 0.778380 0.815709 0.932510 0.800052 0.285566 0.000000 0.966281 0.968239 0.573254 0.578066 0.925724 0.852698 0.932066 0.896004 0.864619 0.920334 0.972043 0.881706 0.939636 0.942062 0.723113 0.722497 0.934494 0.932268 0.827386 0.962448 0.876222 0.904812 0.960123 0.901735 0.871466 0.914136 0.587699 0.553721 0.534580 0.733124 0.514169 0.610583 0.305689 0.256974 0.978058 0.973919 0.845062 0.883030 0.855844 0.882592 0.893509 0.945480 0.996171 0.936245 0.963296 0.965447 0.816671 0.891527 0.613538 0.927020 0.338549 0.580718 0.688429 0.528658 0.779803 0.942061 0.913652 0.920764 0.770741 0.822051 0.990946 0.973359 0.956730 0.991241 0.916314 0.896725 0.818390 0.930012 0.710052 0.775392 0.827759 0.985622 0.694498 0.743999 0.713694 0.862844 0.952077 0.936958 0.963264 0.823766 0.932248 0.850923 0.892912 0.922019 0.903448 0.919572
0.923255 0.775847 0.390771 0.424016 0.962214 0.961825 0.689288 0.740388 0.856934 0.810083 0.877488 0.997199 0.903778 0.785778 0.738986 0.652161 0.935770 0.972345 0.737668 0.726110 0.487430 0.836739 0.342458 0.407445 0.322011 0.305880 0.742099 0.836838 0.977965 0.966281 0.000000 0.354986 0.441821 0.620136 0.601490 0.717497 0.439268 0.532083 0.863922 0.755682 0.727337 0.979006 0.629505 0.807856 0.918607 0.996065 0.637259 0.790692 0.726812 0.876601 0.879150 0.990891 0.951874 0.984583 0.731099 0.793885 0.986579 0.959405 0.938512 0.949581 0.719047 0.707975 0.912737 0.897517 0.383496 0.473588 0.559024 0.582253 0.730646 0.775696 0.634525 0.505205 0.502512 0.564087 0.772206 0.762047 0.895069 0.646386 0.952791 0.682001 0.865101 0.725418 0.546003 0.904290 0.365778 0.354479 0.732708 0.887657 0.657741 0.588244 0.902964 0.930813 0.871190 0.953957 0.752714 0.811495 0.801593 0.929738 0.977596 0.926260 0.923716 0.951973 0.975312 0.809473 0.714157 0.660151 0.778080 0.936082 0.967263 0.863091 0.922738 0.931057 0.907013 0.892464 0.911731 0.941971
0.990267 0.856340 0.582869 0.576581 0.879024 0.946073 0.871845 0.878513 0.986694 0.688934 0.871497 0.970363 0.999581 0.856473 0.947153 0.773060 0.835713 0.924253 0.885220 0.708194 0.566806 0.972150 0.474839 0.407753 0.436968 0.411843 0.802642 0.964061 0.866630 0.968239 0.354986 0.000000 0.595238 0.722261 0.773629 0.788134 0.609649 0.658529 0.791548 0.861132 0.916824 0.894714 0.749244 0.827297 0.908765 0.907462 0.693671 0.874076 0.682218 0.815908 0.959933 0.877731 0.824676 0.849314 0.811486 0.967048 0.964826 0.943760 0.901984 0.960016 0.843353 0.771250 0.820060 0.833820 0.503278 0.523292 0.736992 0.668304 0.858824 0.975363 0.827314 0.720677 0.640483 0.595473 0.865847 0.691711 0.947025 0.743351 0.924701 0.758869 0.939356 0.764132 0.724388 0.986705 0.498744 0.412641 0.796862 0.883961 0.815502 0.774146 0.962156 0.823982 0.976609 0.941511 0.781876 0.866949 0.985345 0.987872 0.917794 0.970667 0.932197 0.919933 0.894911 0.698841 0.729210 0.843505 0.927386 0.979642 0.785231 0.934904 0.914644 0.829920 0.888358 0.990439 0.977272 0.963202
0.429535 0.410041 0.501627 0.477373 0.806554 0.732982 0.433915 0.445524 0.621450 0.823814 0.634925 0.471830 0.511938 0.406636 0.584780 0.555307 0.623657 0.583774 0.388418 0.406487 0.686496 0.855775 0.449037 0.633455 0.737633 0.645010 0.896126 0.949188 0.594340 0.573254 0.441821 0.595238 0.000000 0.290463 0.513414 0.802733 0.598819 0.764248 0.960254 0.802847 0.706499 0.915015 0.595611 0.651185 0.701955 0.743786 0.558880 0.619390 0.886544 0.989530 0.796724 0.829030 0.956863 0.972463 0.706885 0.692559 0.558020 0.533822 0.471560 0.462886 0.325037 0.356090 0.578337 0.588144 0.474944 0.418059 0.398414 0.380910 0.632514 0.621799 0.578897 0.554661 0.663863 0.654078 0.776265 0.723491 0.759080 0.637499 0.724835 0.715412 0.475982 0.565193 0.577473 0.675502 0.348853 0.430133 0.808061 0.999213 0.510703 0.501123 0.789314 0.985222 0.803037 0.874458 0.780960 0.750515 0.644381 0.852646 0.623969 0.615125 0.730528 0.885502 0.731255 0.882817 0.498214 0.501781 0.815440 0.787287 0.819432 0.705350 0.762443 0.825208 0.834418 0.903468 0.699983 0.963817
0.362168 0.371171 0.502201 0.466173 0.841311 0.676375 0.325573 0.344443 0.518173 0.659016 0.544601 0.386950 0.524787 0.498870 0.609736 0.598575 0.588326 0.547647 0.394931 0.402002 0.739697 0.862947 0.549783 0.759058 0.839838 0.728204 0.983171 0.893723 0.599314 0.578066 0.620136 0.722261 0.290463 0.000000 0.544244 0.798687 0.726972 0.788120 0.990691 0.787965 0.801138 0.855274 0.506544 0.489359 0.614866 0.665457 0.512774 0.550930 0.984721 0.880385 0.691047 0.664326 0.798840 0.852870 0.677477 0.777782 0.588609 0.538106 0.426720 0.464045 0.337139 0.336754 0.599567 0.552149 0.542301 0.442364 0.326377 0.352817 0.584044 0.640564 0.482076 0.543748 0.701849 0.697911 0.742279 0.771775 0.624558 0.623154 0.683661 0.783477 0.474426 0.596615 0.678394 0.704731 0.473084 0.555228 0.882216 0.973259 0.513235 0.590473 0.611822 0.756567 0.609412 0.701820 0.699123 0.769154 0.549267 0.802757 0.468158 0.490291 0.634811 0.731108 0.614553 0.702279 0.442573 0.453891 0.688644 0.610326 0.735106 0.714924 0.720914 0.738098 0.689703 0.871254 0.658646 0.972622
0.685095 0.727711 0.499505 0.506495 0.716657 0.838228 0.484276 0.566759 0.677696 0.791019 0.899201 0.773566 0.781260 0.765856 0.669137 0.684787 0.857857 0.838609 0.548158 0.710745 0.745729 0.810989 0.543162 0.713484 0.699281 0.692681 0.895810 0.902160 0.885884 0.925724 0.601490 0.773629 0.513414 0.544244 0.000000 0.712262 0.725889 0.796872 0.987245 0.831112 0.734469 0.777551 0.537646 0.632607 0.645234 0.752858 0.631117 0.607481 0.934444 0.885067 0.692121 0.736120 0.676656 0.744527 0.651197 0.644592 0.883993 0.875458 0.682907 0.741602 0.619921 0.698757 0.869323 0.886173 0.473196 0.583047 0.386685 0.510205 0.753336 0.813310 0.481186 0.522696 0.669094 0.656636 0.978352 0.838583 0.651743 0.657352 0.908791 0.911078 0.759504 0.777307 0.746357 0.812906 0.523031 0.592420 0.778221 0.918392 0.706475 0.656406 0.550167 0.695248 0.596383 0.589957 0.749584 0.712006 0.629881 0.820283 0.655834 0.640367 0.779794 0.831642 0.688485 0.907319 0.701394 0.471915 0.947786 0.722234 0.757457 0.711622 0.725005 0.925583 0.858292 0.935062 0.852779 0.950922
0.991961 0.869032 0.763643 0.708388 0.936643 0.915510 0.862118 0.879993 0.924153 0.932031 0.834110 0.965433 0.872604 0.993346 0.975234 0.871146 0.969729 0.964382 0.855915 0.871390 0.742358 0.899215 0.777584 0.768800 0.683763 0.617390 0.745975 0.990334 0.843577 0.852698 0.717497 0.788134 0.802733 0.798687 0.712262 0.000000 0.630202 0.772446 0.867946 0.778512 0.774877 0.930338 0.751002 0.860983 0.898081 0.973467 0.851682 0.915742 0.886912 0.974986 0.810829 0.897721 0.798789 0.820831 0.808584 0.952315 0.989599 0.982444 0.951845 0.939040 0.997289 0.903270 0.838275 0.849939 0.758104 0.731360 0.667639 0.689943 0.993431 0.807041 0.661049 0.688599 0.718825 0.750401 0.994402 0.874226 0.830001 0.912710 0.968294 0.992764 0.946979 0.989566 0.839152 0.997393 0.747911 0.661022 0.789464 0.963335 0.834585 0.846493 0.768617 0.891229 0.685423 0.778149 0.962592 0.899362 0.877913 0.905620 0.887548 0.986658 0.776687 0.886662 0.893825 0.971061 0.875256 0.841640 0.920244 0.877204 0.861871 0.958222 0.938075 0.955046 0.921005 0.981098 0.965991 0.990358
0.857900 0.828596 0.456215 0.516389 0.884313 0.994819 0.748248 0.888853 0.861868 0.834982 0.847014 0.948121 0.907058 0.807097 0.731487 0.586709 0.992288 0.901139 0.716592 0.775967 0.620934 0.867817 0.456064 0.554724 0.429034 0.409268 0.657476 0.779877 0.987499 0.932066 0.439268 0.609649 0.598819 0.726972 0.725889 0.630202 0.000000 0.462307 0.784515 0.734018 0.759162 0.930969 0.726094 0.918257 0.901712 0.996887 0.589575 0.799608 0.825656 0.985989 0.788682 0.892115 0.990002 0.925157 0.747311 0.843967 0.910052 0.917093 0.872771 0.999321 0.851004 0.900538 0.971103 0.935478 0.483148 0.638548 0.645074 0.618173 0.756389 0.844385 0.640234 0.583603 0.575536 0.623134 0.979042 0.967887 0.809291 0.578385 0.884979 0.868694 0.802093 0.783295 0.613091 0.803074 0.460626 0.452076 0.926195 0.970342 0.652488 0.640428 0.924841 0.932505 0.869489 0.886738 0.861233 0.821125 0.861341 0.956244 0.898606 0.882427 0.974448 0.808872 0.869100 0.976653 0.751914 0.806432 0.904084 0.865350 0.873603 0.875408 0.903137 0.957373 0.915940 0.913889 0.970171 0.974224
0.986262 0.945653 0.626029 0.599865 0.950190 0.947887 0.817374 0.911291 0.904486 0.897074 0.838635 0.958015 0.978548 0.918889 0.848078 0.747929 0.938468 0.955911 0.913972 0.899526 0.644481 0.874176 0.627950 0.667723 0.483242 0.481995 0.731118 0.883740 0.952057 0.896004 0.532083 0.658529 0.764248 0.788120 0.796872 0.772446 0.462307 0.000000 0.738007 0.798775 0.858122 0.897913 0.829914 0.913366 0.942619 0.914052 0.705332 0.871104 0.808911 0.930430 0.841651 0.972694 0.988699 0.928218 0.813178 0.970949 0.942955 0.941040 0.930386 0.915355 0.929409 0.946989 0.907917 0.925888 0.621037 0.725518 0.696285 0.725490 0.896418 0.932339 0.662218 0.676749 0.532447 0.674488 0.930691 0.996618 0.856226 0.695373 0.872687 0.807332 0.918005 0.831566 0.703404 0.880607 0.667780 0.598508 0.920269 0.905294 0.829992 0.884087 0.862676 0.928616 0.804005 0.870518 0.814899 0.776383 0.788117 0.836813 0.980697 0.996549 0.948626 0.911497 0.939954 0.969366 0.877374 0.845213 0.803906 0.835727 0.871628 0.950757 0.957415 0.953769 0.949311 0.745674 0.945615 0.835874
