0.000000 0.358616 0.881432 0.803712 0.825917 0.550120 0.486770 0.485790 0.667941 0.546618 0.405849 0.379956 0.433742 0.456906 0.673674 0.829839 0.455174 0.450853 0.451058 0.541988 0.806108 0.944571 0.982780 0.839762 0.664247 0.780927 0.699102 0.810994 0.531493 0.602971 0.842743 0.914268 0.567429 0.500756 0.840561 0.828339 0.893292 0.822140 0.810317 0.940945 0.909447 0.781358 0.610184 0.554143 0.643123 0.573449 0.508770 0.553227 0.667237 0.648296 0.653183 0.518965 0.764133 0.894517 0.740729 0.615925 0.367772 0.366004 0.237909 0.284254 0.302959 0.423799 0.417447 0.400542 0.954067 0.753266 0.706026 0.625065 0.794718 0.727864 0.752570 0.838771 0.961754 0.981096 0.951886 0.971056 0.616118 0.845312 0.617326 0.815152 0.483430 0.754762 0.917810 0.729016 0.774507 0.950551 0.970896 0.955489 0.691865 0.635406 0.762476 0.692431 0.848067 0.817144 0.957284 0.739879 0.693960 0.840528 0.433223 0.442543 0.727165 0.637897 0.634591 0.665983 0.562966 0.481634 0.810420 0.626531 0.762491 0.697040 0.585043 0.644660 0.490663 0.881438 0.634880 0.737324
0.358616 0.000000 0.665353 0.566862 0.965999 0.618101 0.435298 0.444089 0.785782 0.771808 0.625805 0.554389 0.688011 0.481932 0.885791 0.933195 0.602853 0.588812 0.437533 0.421218 0.880919 0.912604 0.807294 0.838457 0.992565 0.901124 0.813734 0.881598 0.738448 0.687509 0.776564 0.705304 0.412819 0.379933 0.729158 0.927941 0.923188 0.975486 0.994155 0.828888 0.852490 0.833142 0.401054 0.383384 0.612923 0.578746 0.491405 0.441529 0.839844 0.651402 0.578225 0.487122 0.718845 0.840337 0.723640 0.578130 0.367165 0.366677 0.373400 0.306975 0.366559 0.386797 0.637272 0.605555 0.781669 0.536765 0.508606 0.419285 0.795563 0.642880 0.641666 0.649218 0.724023 0.787364 0.851298 0.937167 0.657489 0.705047 0.756614 0.751974 0.538521 0.762097 0.778153 0.785897 0.697290 0.654647 0.964074 0.968337 0.722681 0.504007 0.759006 0.881514 0.784251 0.935368 0.983132 0.772792 0.631610 0.908364 0.523100 0.572220 0.741942 0.706056 0.695185 0.801444 0.469065 0.434210 0.853271 0.660152 0.765450 0.683283 0.596944 0.716047 0.606901 0.797745 0.553435 0.835053
0.881432 0.665353 0.000000 0.230546 0.892660 0.783776 0.539144 0.644423 0.807015 0.951035 0.745324 0.954928 0.988311 0.956668 0.915848 0.805346 0.856116 0.861073 0.640363 0.608337 0.457183 0.745639 0.339765 0.441428 0.400993 0.323733 0.886621 0.779529 0.745617 0.820894 0.404636 0.618861 0.519693 0.558589 0.457130 0.668965 0.460438 0.726463 0.744158 0.608941 0.740696 0.946325 0.470797 0.652583 0.944671 0.957157 0.584936 0.618690 0.705966 0.939554 0.840756 0.929058 0.942444 0.905671 0.826680 0.928113 0.950569 0.962089 0.892441 0.807507 0.801081 0.722349 0.702899 0.742676 0.272448 0.310629 0.344424 0.387476 0.736269 0.744732 0.384277 0.414700 0.576483 0.688129 0.860319 0.881179 0.689967 0.524684 0.782225 0.775273 0.956592 0.917777 0.907740 0.844431 0.584941 0.509336 0.939448 0.744383 0.671712 0.797483 0.602679 0.764001 0.565703 0.615237 0.767122 0.660864 0.694361 0.914240 0.756902 0.758976 0.828185 0.873057 0.967315 0.928871 0.683334 0.555788 0.764155 0.827152 0.817811 0.839377 0.563413 0.867117 0.907103 0.874200 0.830561 0.789541
0.803712 0.566862 0.230546 0.000000 0.941406 0.708146 0.456738 0.520720 0.810233 0.995997 0.818325 0.881169 0.944138 0.828975 0.961789 0.814234 0.920321 0.892377 0.598603 0.492073 0.497033 0.797886 0.394060 0.413271 0.469017 0.352375 0.985829 0.872105 0.767396 0.876289 0.417375 0.577677 0.485494 0.480261 0.501271 0.659477 0.535587 0.668125 0.709001 0.713525 0.704610 0.927606 0.410306 0.563957 0.849179 0.951315 0.448892 0.515672 0.727575 0.980595 0.735752 0.796873 0.849415 0.790585 0.803147 0.850653 0.893334 0.930250 0.800064 0.693513 0.725087 0.568208 0.769022 0.823713 0.370150 0.231035 0.282209 0.286057 0.788791 0.773980 0.345235 0.365670 0.513205 0.633424 0.742583 0.796514 0.611871 0.486333 0.778882 0.771497 0.985692 0.937935 0.890129 0.871715 0.638408 0.503151 0.924773 0.819426 0.705885 0.760885 0.532087 0.738334 0.510432 0.644951 0.796903 0.591294 0.586338 0.846982 0.663055 0.687946 0.682136 0.822012 0.869211 0.993296 0.550389 0.535648 0.760641 0.750553 0.750168 0.768152 0.582637 0.803422 0.868302 0.840240 0.713387 0.746287
0.825917 0.965999 0.892660 0.941406 0.000000 0.971530 0.930998 0.960928 0.688195 0.754912 0.821965 0.861271 0.530350 0.814469 0.619671 0.619858 0.816839 0.844315 0.731944 0.999619 0.911716 0.891983 0.794025 0.930868 0.898689 0.868779 0.876834 0.988407 0.765652 0.779438 0.889324 0.787400 0.886905 0.916418 0.915204 0.833090 0.975754 0.835882 0.908012 0.684853 0.877734 0.927185 0.994410 0.964952 0.904884 0.901759 0.986852 0.999587 0.718551 0.976543 0.917377 0.938642 0.980133 0.860634 0.805499 0.985235 0.911932 0.774655 0.847343 0.988993 0.737813 0.922460 0.685000 0.744131 0.786254 0.947296 0.950472 0.905184 0.999292 0.916946 0.996690 0.792479 0.767387 0.803345 0.870472 0.875516 0.990842 0.917160 0.931571 0.896977 0.781834 0.851967 0.923937 0.733770 0.687222 0.987190 0.874089 0.883818 0.766967 0.856306 0.903855 0.943644 0.862816 0.924486 0.967011 0.969655 0.790271 0.826344 0.968068 0.944130 0.834199 0.935359 0.983664 0.911218 0.942368 0.881527 0.940903 0.882114 0.944674 0.835552 0.896314 0.868660 0.854279 0.949268 0.742160 0.882631
0.550120 0.618101 0.783776 0.708146 0.971530 0.000000 0.458147 0.427122 0.571987 0.526940 0.646721 0.569213 0.785375 0.745206 0.982645 0.880806 0.788772 0.784658 0.698195 0.600278 0.901301 0.876948 0.966333 0.887785 0.837195 0.994967 0.550090 0.960786 0.730461 0.806490 0.903795 0.990150 0.541469 0.559541 0.772539 0.957706 0.966383 0.944607 0.876513 0.975357 0.776053 0.960159 0.663259 0.611519 0.672663 0.701581 0.686927 0.678128 0.921457 0.767862 0.692473 0.646522 0.711807 0.739819 0.794869 0.738159 0.815820 0.769962 0.561862 0.444331 0.472412 0.430732 0.746398 0.686732 0.982582 0.672435 0.578592 0.532860 0.895232 0.620349 0.681960 0.696708 0.800814 0.877790 0.840438 0.846151 0.714421 0.769306 0.975719 0.935649 0.862587 0.961208 0.846931 0.991935 0.976135 0.937778 0.887621 0.835639 0.882591 0.939288 0.568846 0.607456 0.572641 0.647506 0.991242 0.732172 0.715795 0.660035 0.510167 0.551539 0.546638 0.606804 0.719919 0.652103 0.599548 0.662268 0.737085 0.692162 0.840782 0.802540 0.629717 0.623723 0.603103 0.801481 0.535803 0.851214
0.486770 0.435298 0.539144 0.456738 0.930998 0.458147 0.000000 0.193739 0.392589 0.426865 0.654025 0.450204 0.757759 0.602556 0.977009 0.846112 0.716922 0.718160 0.485218 0.468086 0.932481 0.851327 0.761464 0.969651 0.951648 0.861594 0.568556 0.841676 0.658648 0.649606 0.702320 0.828474 0.435234 0.298615 0.508573 0.911757 0.919764 0.981234 0.977221 0.903921 0.737509 0.876456 0.324140 0.330506 0.406864 0.461343 0.547819 0.460304 0.778902 0.563390 0.398604 0.376640 0.411532 0.444701 0.709710 0.698802 0.735479 0.701616 0.429771 0.427156 0.355209 0.303641 0.709995 0.593325 0.814209 0.508395 0.259910 0.277086 0.971527 0.726109 0.356390 0.446064 0.569827 0.679524 0.866524 0.879349 0.410950 0.571175 0.878579 0.953840 0.781980 0.986150 0.963327 0.912272 0.974293 0.971597 0.904954 0.670940 0.792442 0.840947 0.303865 0.397538 0.352475 0.451682 0.821870 0.630766 0.433981 0.678547 0.248830 0.316305 0.431485 0.482296 0.498547 0.639159 0.380200 0.373194 0.609873 0.541244 0.627305 0.589562 0.399532 0.528904 0.494363 0.650013 0.531335 0.725833
0.485790 0.444089 0.644423 0.520720 0.960928 0.427122 0.193739 0.000000 0.443952 0.405472 0.617717 0.363668 0.753875 0.529444 0.942751 0.898582 0.777345 0.765328 0.571065 0.453199 0.995026 0.903340 0.853990 0.991475 0.868818 0.911217 0.487145 0.749632 0.629170 0.654593 0.725503 0.799369 0.454236 0.337184 0.595830 0.977459 0.957371 0.974869 0.943462 0.982590 0.749717 0.872310 0.361485 0.365814 0.452294 0.475768 0.554595 0.505195 0.827944 0.590480 0.468088 0.395876 0.458578 0.463234 0.784994 0.683380 0.736670 0.732092 0.449032 0.385300 0.315091 0.207897 0.685524 0.554232 0.910912 0.487167 0.310073 0.293619 0.977443 0.737175 0.457451 0.484240 0.602250 0.674698 0.871145 0.809305 0.485820 0.647750 0.919403 0.981226 0.818337 0.954404 0.918928 0.870149 0.971209 0.991108 0.962429 0.699546 0.826646 0.857628 0.323321 0.462969 0.392399 0.522936 0.870540 0.675730 0.501028 0.654693 0.300124 0.333945 0.370170 0.481961 0.512251 0.684366 0.369678 0.400478 0.576832 0.571609 0.669351 0.577958 0.458229 0.517381 0.463406 0.678214 0.492827 0.778579
0.667941 0.785782 0.807015 0.810233 0.688195 0.571987 0.392589 0.443952 0.000000 0.365280 0.542908 0.545405 0.697289 0.775144 0.861163 0.786599 0.796997 0.789267 0.730740 0.775901 0.854449 0.945518 0.918668 0.761262 0.737078 0.904128 0.643649 0.754030 0.580021 0.693562 0.987799 0.890063 0.702226 0.569044 0.687555 0.998675 0.975428 0.874276 0.885549 0.912140 0.766543 0.913642 0.677556 0.637971 0.574845 0.629939 0.908960 0.859189 0.687664 0.799155 0.675936 0.674635 0.556915 0.645350 0.720256 0.893741 0.980863 0.853289 0.607291 0.709362 0.502802 0.508278 0.698021 0.612007 0.969936 0.829689 0.571358 0.635574 0.978918 0.754615 0.577147 0.710925 0.830952 0.894043 0.907626 0.917016 0.617115 0.835255 0.843369 0.876352 0.875827 0.916755 0.857900 0.999284 0.951454 0.812140 0.889930 0.757911 0.724651 0.943190 0.472999 0.378480 0.501747 0.424303 0.844841 0.856387 0.716332 0.739260 0.407322 0.466949 0.604824 0.652240 0.620416 0.798151 0.656481 0.626946 0.713238 0.607391 0.769715 0.800235 0.582348 0.660553 0.590064 0.750349 0.760332 0.858002
0.546618 0.771808 0.951035 0.995997 0.754912 0.526940 0.426865 0.405472 0.365280 0.000000 0.376954 0.345578 0.627741 0.672899 0.876525 0.844785 0.586754 0.546004 0.681786 0.732914 0.639630 0.972687 0.790285 0.506428 0.496356 0.654807 0.481980 0.692997 0.342067 0.435049 0.829895 0.793947 0.761898 0.608186 0.846442 0.796221 0.723170 0.849911 0.750308 0.960509 0.965745 0.816549 0.763246 0.619557 0.431871 0.428883 0.833075 0.797703 0.483952 0.584895 0.570290 0.504966 0.499322 0.567198 0.815092 0.722551 0.871839 0.792878 0.486763 0.627828 0.449788 0.458459 0.442091 0.333787 0.748188 0.981595 0.701376 0.762368 0.880575 0.902210 0.696031 0.836931 0.909244 0.896972 0.961997 0.976625 0.579154 0.893181 0.795653 0.865832 0.669365 0.971371 0.874433 0.925135 0.767839 0.599930 0.781567 0.735409 0.890805 0.971662 0.497418 0.414033 0.594568 0.545354 0.964325 0.811474 0.708891 0.714449 0.367128 0.421888 0.547444 0.579730 0.449962 0.637915 0.639286 0.679701 0.742700 0.711937 0.833934 0.729597 0.616760 0.630598 0.410128 0.728632 0.741371 0.894349
0.405849 0.625805 0.745324 0.818325 0.821965 0.646721 0.654025 0.617717 0.542908 0.376954 0.000000 0.354065 0.465568 0.539852 0.775320 0.918455 0.446956 0.441060 0.703064 0.746418 0.575714 0.812279 0.633472 0.462719 0.389679 0.490819 0.628679 0.630999 0.348901 0.446871 0.614544 0.720229 0.839415 0.711539 0.910039 0.700748 0.656073 0.763643 0.804434 0.994343 0.956352 0.734324 0.906145 0.726269 0.656199 0.589026 0.825917 0.888198 0.529146 0.695618 0.752728 0.647545 0.773843 0.915424 0.797561 0.763771 0.610808 0.531243 0.397582 0.523664 0.430966 0.536427 0.320037 0.290614 0.687010 0.889461 0.978102 0.928898 0.960406 0.857718 0.967197 0.900678 0.880961 0.885741 0.910852 0.997537 0.783057 0.904425 0.590255 0.991316 0.493831 0.782036 0.965639 0.703954 0.936293 0.741375 0.891170 0.982843 0.886750 0.894876 0.861225 0.691636 0.943619 0.877126 0.939842 0.936689 0.901430 0.891171 0.558473 0.582835 0.763005 0.724558 0.600628 0.698259 0.740616 0.710409 0.908039 0.760825 0.805301 0.759908 0.793515 0.766641 0.518524 0.968023 0.724394 0.924440
0.379956 0.554389 0.954928 0.881169 0.861271 0.569213 0.450204 0.363668 0.545405 0.345578 0.354065 0.000000 0.480037 0.361737 0.859751 0.788193 0.604498 0.565922 0.599043 0.587825 0.696869 0.806190 0.886604 0.737753 0.539423 0.678686 0.566875 0.605293 0.394857 0.448151 0.805542 0.899709 0.650997 0.525230 0.950246 0.801452 0.658017 0.821564 0.855025 0.939970 0.995486 0.889504 0.692562 0.596430 0.566298 0.531366 0.602292 0.674356 0.659858 0.654270 0.665607 0.501072 0.645307 0.718943 0.871801 0.694978 0.633327 0.641357 0.343717 0.426183 0.296607 0.290872 0.381848 0.313960 0.850040 0.776793 0.712877 0.636596 0.804295 0.907147 0.779077 0.869718 0.902901 0.911434 0.879117 0.948362 0.576933 0.842011 0.710002 0.996305 0.617955 0.903804 0.972421 0.810909 0.996969 0.878210 0.947951 0.896070 0.845438 0.880593 0.657664 0.606052 0.760432 0.763397 0.964182 0.763563 0.766706 0.778038 0.432560 0.444871 0.547676 0.647431 0.531294 0.666932 0.538128 0.538138 0.787784 0.749504 0.850059 0.693800 0.744861 0.600790 0.451092 0.873678 0.686320 0.830761
0.433742 0.688011 0.988311 0.944138 0.530350 0.785375 0.757759 0.753875 0.697289 0.627741 0.465568 0.480037 0.000000 0.452271 0.451466 0.544034 0.650015 0.657577 0.605909 0.827885 0.738032 0.807552 0.916517 0.795931 0.582924 0.652047 0.851193 0.857429 0.541494 0.596507 0.676548 0.690969 0.787023 0.806249 0.904250 0.662191 0.863346 0.691499 0.834004 0.864844 0.805468 0.954658 0.855423 0.854914 0.862116 0.784593 0.738939 0.784720 0.688340 0.903876 0.998246 0.848286 0.970510 0.846201 0.864053 0.908700 0.585478 0.546403 0.440487 0.590767 0.402043 0.640100 0.421866 0.474213 0.894851 0.941993 0.983661 0.968214 0.887297 0.854189 0.966754 0.821339 0.771857 0.721508 0.934459 0.892139 0.814916 0.976104 0.794112 0.842807 0.657022 0.844916 0.916204 0.751677 0.718313 0.975291 0.890952 0.844726 0.846422 0.874568 0.980775 0.804082 0.872157 0.963336 0.937127 0.877388 0.925561 0.913842 0.716043 0.629958 0.970345 0.825543 0.813923 0.849868 0.823123 0.594299 0.983582 0.948977 0.943530 0.912383 0.813007 0.759463 0.633238 0.986659 0.870893 0.889855
0.456906 0.481932 0.956668 0.828975 0.814469 0.745206 0.602556 0.529444 0.775144 0.672899 0.539852 0.361737 0.452271 0.000000 0.806634 0.623037 0.662439 0.633718 0.506308 0.601960 0.844775 0.830145 0.850086 0.944710 0.728966 0.816890 0.664942 0.809718 0.526294 0.450213 0.975388 0.855966 0.535092 0.562085 0.962395 0.787577 0.929236 0.924167 0.951946 0.961909 0.941821 0.953852 0.577861 0.520990 0.587551 0.528844 0.498058 0.578109 0.711962 0.610466 0.660008 0.507363 0.703243 0.813338 0.717260 0.695928 0.496684 0.566874 0.398818 0.421915 0.346599 0.423447 0.479133 0.451763 0.998763 0.730165 0.786072 0.638649 0.778275 0.903084 0.912773 0.884846 0.820005 0.859316 0.876877 0.862756 0.728524 0.724789 0.727771 0.753481 0.675730 0.855492 0.706846 0.718462 0.789831 0.844395 0.813650 0.929807 0.885021 0.688194 0.949579 0.951395 0.926994 0.906644 0.907115 0.863402 0.888975 0.969364 0.663866 0.617577 0.717312 0.863577 0.744333 0.855341 0.618194 0.619740 0.913736 0.899470 0.832229 0.702757 0.868245 0.747688 0.659622 0.894100 0.730456 0.978932
0.673674 0.885791 0.915848 0.961789 0.619671 0.982645 0.977009 0.942751 0.861163 0.876525 0.775320 0.859751 0.451466 0.806634 0.000000 0.552274 0.775456 0.775255 0.692563 0.981653 0.887317 0.984738 0.724814 0.958826 0.924578 0.906194 0.828758 0.910958 0.748090 0.828436 0.854374 0.771605 0.796509 0.943337 0.930081 0.908347 0.895455 0.834532 0.827201 0.774656 0.936123 0.922678 0.989969 0.929220 0.993068 0.997532 0.830994 0.866533 0.817436 0.907023 0.904549 0.939284 0.897416 0.735509 0.804000 0.884682 0.729877 0.716590 0.668176 0.858038 0.702917 0.947950 0.739388 0.793620 0.703954 0.996873 0.948109 0.914127 0.869635 0.703186 0.937538 0.881401 0.853057 0.844156 0.871858 0.932710 0.945681 0.948403 0.929933 0.910510 0.782842 0.827671 0.705110 0.746426 0.553670 0.842858 0.776828 0.982192 0.776493 0.799832 0.897577 0.962049 0.790603 0.995905 0.953175 0.758363 0.915780 0.880272 0.922454 0.876523 0.746372 0.970082 0.904508 0.951382 0.999256 0.755668 0.978073 0.959745 0.885629 0.996738 0.830220 0.932592 0.823489 0.980419 0.988460 0.923620
0.829839 0.933195 0.805346 0.814234 0.619858 0.880806 0.846112 0.898582 0.786599 0.844785 0.918455 0.788193 0.544034 0.623037 0.552274 0.000000 0.993142 0.956422 0.671954 0.894480 0.966130 0.900510 0.539944 0.809097 0.976356 0.985320 0.976336 0.940692 0.857490 0.846662 0.982869 0.924122 0.742193 0.860841 0.926349 0.899478 0.745070 0.933357 0.992779 0.764566 0.952832 0.834216 0.833107 0.872568 0.854175 0.892333 0.657815 0.764462 0.827649 0.990836 0.981181 0.908449 0.963393 0.964700 0.765337 0.951261 0.905666 0.924054 0.741372 0.868856 0.704818 0.846306 0.842552 0.848321 0.663581 0.826427 0.889601 0.897739 0.823450 0.897055 0.873450 0.933371 0.948369 0.862968 0.892387 0.905158 0.827587 0.739948 0.960086 0.926417 0.990245 0.979082 0.798621 0.874589 0.650167 0.843319 0.888597 0.988140 0.852130 0.908199 0.985843 0.880025 0.925368 0.919885 0.881797 0.814965 0.916148 0.934323 0.913433 0.786736 0.950949 0.954706 0.991802 0.980834 0.828833 0.814184 0.954738 0.964243 0.950195 0.911040 0.932852 0.824867 0.854569 0.943778 0.969810 0.958808
0.455174 0.602853 0.856116 0.920321 0.816839 0.788772 0.716922 0.777345 0.796997 0.586754 0.446956 0.604498 0.650015 0.662439 0.775456 0.993142 0.000000 0.314212 0.555691 0.720459 0.701643 0.979470 0.764637 0.696052 0.625844 0.647278 0.829468 0.931629 0.468149 0.428346 0.783055 0.825600 0.800717 0.738295 0.970877 0.854967 0.878705 0.844214 0.839643 0.931431 0.940036 0.767925 0.836967 0.674154 0.575446 0.519800 0.725997 0.735494 0.456847 0.539820 0.624851 0.593927 0.720580 0.897717 0.645149 0.585845 0.461086 0.410123 0.443734 0.616546 0.591026 0.756251 0.352983 0.363258 0.799762 0.826856 0.957613 0.901496 0.908140 0.852350 0.917213 0.876706 0.944617 0.967074 0.960531 0.931634 0.790363 0.984611 0.628601 0.809014 0.336943 0.582601 0.736901 0.553288 0.920815 0.912559 0.840409 0.949450 0.873196 0.605901 0.970709 0.911251 0.912955 0.967117 0.980529 0.909839 0.758511 0.980312 0.603444 0.744763 0.948148 0.846894 0.715084 0.664814 0.859806 0.792729 0.952551 0.909302 0.794151 0.808049 0.746840 0.841078 0.673491 0.852506 0.893971 0.980765
0.450853 0.588812 0.861073 0.892377 0.844315 0.784658 0.718160 0.765328 0.789267 0.546004 0.441060 0.565922 0.657577 0.633718 0.775255 0.956422 0.314212 0.000000 0.591075 0.728306 0.722546 0.986926 0.706846 0.642101 0.640401 0.633760 0.811020 0.874481 0.379648 0.375042 0.777404 0.905112 0.753918 0.706622 0.980481 0.752466 0.851408 0.870295 0.831098 0.956206 0.948638 0.709960 0.827415 0.631608 0.556824 0.476324 0.683574 0.730968 0.435026 0.477298 0.583744 0.545976 0.733922 0.883201 0.600819 0.519974 0.457514 0.408053 0.422444 0.629073 0.595585 0.739553 0.340584 0.317616 0.741236 0.799348 0.965144 0.917060 0.901211 0.883887 0.953453 0.898949 0.978225 0.957821 0.908165 0.924964 0.789652 0.928278 0.522065 0.834888 0.287709 0.474990 0.777492 0.443002 0.936627 0.928642 0.817273 0.938107 0.835724 0.674385 0.992091 0.886984 0.938610 0.962209 0.890295 0.766451 0.761529 0.962029 0.577357 0.711775 0.924666 0.809337 0.623951 0.561725 0.744065 0.759835 0.936601 0.882884 0.907373 0.737214 0.774810 0.818052 0.570700 0.767000 0.854635 0.940373
0.451058 0.437533 0.640363 0.598603 0.731944 0.698195 0.485218 0.571065 0.730740 0.681786 0.703064 0.599043 0.605909 0.506308 0.692563 0.671954 0.555691 0.591075 0.000000 0.531346 0.974973 0.966886 0.661385 0.856337 0.975713 0.991660 0.866188 0.991593 0.707616 0.678921 0.826905 0.924207 0.422045 0.448055 0.650306 0.933855 0.843281 0.934242 0.996770 0.869866 0.982222 0.876405 0.576119 0.559994 0.537756 0.546336 0.483308 0.492313 0.696349 0.645455 0.574582 0.564402 0.672434 0.763053 0.670959 0.589266 0.498765 0.451519 0.396144 0.450102 0.412583 0.550128 0.535184 0.599061 0.694973 0.699848 0.574110 0.543572 0.822270 0.797402 0.600380 0.713883 0.808470 0.902439 0.912326 0.916432 0.651783 0.615589 0.841787 0.764421 0.612963 0.799411 0.727754 0.770271 0.664887 0.801917 0.966768 0.923018 0.766136 0.623522 0.756152 0.779554 0.849105 0.814393 0.964976 0.693582 0.655782 0.930107 0.532157 0.568637 0.811803 0.843657 0.670652 0.779659 0.669848 0.485589 0.882940 0.752355 0.707601 0.688645 0.581345 0.709912 0.657221 0.797100 0.836247 0.822624
0.541988 0.421218 0.608337 0.492073 0.999619 0.600278 0.468086 0.453199 0.775901 0.732914 0.746418 0.587825 0.827885 0.601960 0.981653 0.894480 0.720459 0.728306 0.531346 0.000000 0.846962 0.941907 0.757438 0.751330 0.920977 0.816804 0.817671 0.924220 0.796233 0.787766 0.758343 0.657281 0.472044 0.472169 0.682605 0.845624 0.845137 0.939240 0.905982 0.882160 0.709613 0.879854 0.461534 0.458360 0.691466 0.677728 0.479141 0.405882 0.985704 0.676702 0.671615 0.617931 0.764821 0.767344 0.643547 0.599143 0.616010 0.666927 0.576510 0.452155 0.517536 0.425966 0.746839 0.729624 0.753366 0.492134 0.471853 0.400884 0.871836 0.685559 0.627027 0.619117 0.651978 0.720510 0.700590 0.829202 0.721382 0.775309 0.884995 0.832834 0.639897 0.737877 0.854250 0.898152 0.739948 0.727898 0.966295 0.907020 0.853892 0.642320 0.668814 0.842110 0.695790 0.847613 0.954841 0.749756 0.611456 0.848419 0.565325 0.606368 0.705082 0.707217 0.662968 0.920940 0.477689 0.581710 0.736922 0.787730 0.801419 0.695269 0.628013 0.837717 0.615020 0.696571 0.628166 0.917433
0.806108 0.880919 0.457183 0.497033 0.911716 0.901301 0.932481 0.995026 0.854449 0.639630 0.575714 0.696869 0.738032 0.844775 0.887317 0.966130 0.701643 0.722546 0.974973 0.846962 0.000000 0.739336 0.455199 0.445214 0.347724 0.364687 0.704916 0.780702 0.625878 0.739404 0.466871 0.613182 0.750652 0.805596 0.674481 0.686245 0.607514 0.760565 0.753666 0.761837 0.736590 0.719733 0.706556 0.867504 0.857153 0.772932 0.807104 0.827757 0.627575 0.833943 0.965416 0.860394 0.902697 0.937999 0.964092 0.991541 0.943148 0.856684 0.828387 0.938057 0.869171 0.980948 0.523540 0.552520 0.435014 0.542201 0.649556 0.671741 0.827924 0.818432 0.683463 0.630481 0.677549 0.735943 0.795651 0.847217 0.992573 0.797577 0.695273 0.849047 0.786095 0.958524 0.728497 0.895502 0.637381 0.520190 0.700512 0.949790 0.895736 0.871307 0.885462 0.880517 0.863100 0.923568 0.805131 0.807558 0.919585 0.896385 0.908676 0.915085 0.924828 0.938705 0.692867 0.709989 0.782838 0.837353 0.873087 0.970657 0.891766 0.999140 0.933190 0.934831 0.902985 0.986538 0.895295 0.978686
0.944571 0.912604 0.745639 0.797886 0.891983 0.876948 0.851327 0.903340 0.945518 0.972687 0.812279 0.806190 0.807552 0.830145 0.984738 0.900510 0.979470 0.986926 0.966886 0.941907 0.739336 0.000000 0.828466 0.879738 0.792730 0.827923 0.944174 0.802827 0.950046 0.891378 0.780482 0.952599 0.902636 0.928080 0.740262 0.917495 0.802430 0.877235 0.976368 0.820823 0.784095 0.892108 0.809455 0.829575 0.857164 0.955358 0.988503 0.779856 0.985965 0.875706 0.863637 0.907575 0.782812 0.789626 0.917244 0.844752 0.941849 0.931479 0.896939 0.984749 0.920194 0.949493 0.793810 0.883530 0.872790 0.937655 0.730902 0.853768 0.816000 0.846070 0.778445 0.729456 0.932140 0.792552 0.859136 0.826988 0.891258 0.794992 0.970064 0.906067 0.878642 0.960138 0.984957 0.924027 0.972257 0.934825 0.967366 0.920227 0.941378 0.824692 0.731352 0.847211 0.728488 0.759748 0.842857 0.836978 0.741132 0.901223 0.848844 0.908997 0.922147 0.903612 0.978254 0.884790 0.867281 0.838727 0.824833 0.880074 0.907768 0.878381 0.806666 0.921033 0.972236 0.717885 0.838125 0.977265
0.982780 0.807294 0.339765 0.394060 0.794025 0.966333 0.761464 0.853990 0.918668 0.790285 0.633472 0.886604 0.916517 0.850086 0.724814 0.539944 0.764637 0.706846 0.661385 0.757438 0.455199 0.828466 0.000000 0.312309 0.442226 0.423916 0.769686 0.724810 0.723798 0.807074 0.436591 0.626899 0.539341 0.698329 0.573218 0.733666 0.445630 0.789062 0.760969 0.691171 0.815788 0.803151 0.575561 0.784277 0.972823 0.939182 0.636620 0.647478 0.776117 0.879966 0.960921 0.997317 0.982123 0.997634 0.781022 0.977259 0.980644 0.982990 0.980482 0.924180 0.834632 0.854189 0.720014 0.703306 0.260307 0.434572 0.566040 0.571326 0.929330 0.780437 0.617264 0.596858 0.682923 0.786742 0.775392 0.840562 0.838431 0.543598 0.743686 0.769959 0.830840 0.972874 0.746808 0.901427 0.455412 0.444180 0.737764 0.960099 0.773812 0.770029 0.860220 0.999886 0.863887 0.868485 0.772842 0.741506 0.925924 0.942641 0.955502 0.887007 0.956100 0.941458 0.859519 0.755339 0.784063 0.664984 0.946326 0.978808 0.946978 0.997056 0.787851 0.976554 0.943965 0.886136 0.965316 0.866500
0.839762 0.838457 0.441428 0.413271 0.930868 0.887785 0.969651 0.991475 0.761262 0.506428 0.462719 0.737753 0.795931 0.944710 0.958826 0.809097 0.696052 0.642101 0.856337 0.751330 0.445214 0.879738 0.312309 0.000000 0.321319 0.367658 0.674609 0.715011 0.467370 0.652605 0.425628 0.453773 0.694902 0.851591 0.678755 0.647893 0.508226 0.702786 0.648674 0.775034 0.853836 0.779320 0.673647 0.865808 0.838977 0.771396 0.685549 0.712362 0.534978 0.814216 0.945007 0.892277 0.870181 0.917462 0.902594 0.992776 0.963400 0.909991 0.834350 0.979204 0.924837 0.985123 0.560119 0.530065 0.380845 0.448545 0.677372 0.634110 0.899259 0.895057 0.805346 0.683055 0.716957 0.791462 0.824303 0.817963 0.989499 0.692651 0.754220 0.705826 0.784748 0.983256 0.766901 0.889720 0.540493 0.372001 0.767554 0.909834 0.932590 0.722337 0.957384 0.751111 0.991535 0.884208 0.877070 0.883277 0.918396 0.935580 0.804024 0.883782 0.884390 0.810974 0.733239 0.682576 0.897533 0.851572 0.909580 0.945618 0.971746 0.916663 0.973651 0.870997 0.729340 0.995942 0.998230 0.951446
0.664247 0.992565 0.400993 0.469017 0.898689 0.837195 0.951648 0.868818 0.737078 0.496356 0.389679 0.539423 0.582924 0.728966 0.924578 0.976356 0.625844 0.640401 0.975713 0.920977 0.347724 0.792730 0.442226 0.321319 0.000000 0.235942 0.565952 0.666541 0.450917 0.606976 0.378422 0.535381 0.797786 0.927374 0.664131 0.580095 0.424657 0.537599 0.607265 0.650257 0.812544 0.863351 0.820854 0.983955 0.762466 0.650580 0.829958 0.915663 0.535145 0.727899 0.911216 0.744344 0.756035 0.853723 0.926857 0.986646 0.858091 0.779720 0.662720 0.746881 0.699204 0.831687 0.404508 0.399461 0.389664 0.554490 0.732733 0.741066 0.756740 0.894705 0.701218 0.664305 0.637628 0.694265 0.855968 0.927956 0.991178 0.709352 0.660016 0.783659 0.830456 0.883678 0.760532 0.927343 0.573394 0.369067 0.838464 0.933812 0.877710 0.789590 0.961720 0.761867 0.910544 0.947138 0.853272 0.797989 0.954386 0.893686 0.757101 0.734467 0.808808 0.737825 0.715721 0.698512 0.981982 0.989152 0.984077 0.872529 0.912047 0.936260 0.996868 0.756861 0.662265 0.960561 0.921467 0.961983
0.780927 0.901124 0.323733 0.352375 0.868779 0.994967 0.861594 0.911217 0.904128 0.654807 0.490819 0.678686 0.652047 0.816890 0.906194 0.985320 0.647278 0.633760 0.991660 0.816804 0.364687 0.827923 0.423916 0.367658 0.235942 0.000000 0.763783 0.749221 0.522101 0.625553 0.306853 0.484051 0.705526 0.808077 0.652198 0.539630 0.417694 0.546647 0.620138 0.684815 0.743216 0.840643 0.659733 0.877345 0.846065 0.747506 0.748200 0.862729 0.539401 0.760285 0.981397 0.860243 0.865266 0.974633 0.935883 0.965799 0.821572 0.773660 0.755675 0.881933 0.868134 0.942814 0.406296 0.458732 0.378602 0.409277 0.561280 0.583099 0.842110 0.862503 0.557035 0.507958 0.544752 0.618110 0.868505 0.826834 0.910848 0.689174 0.599983 0.797694 0.802589 0.966941 0.877977 0.804976 0.639283 0.441303 0.831026 0.966742 0.820498 0.862569 0.803785 0.963105 0.712513 0.853372 0.839258 0.762757 0.875704 0.979708 0.948097 0.940252 0.960384 0.929932 0.825888 0.733152 0.862131 0.863042 0.833396 0.955790 0.950387 0.981506 0.821525 0.922048 0.844810 0.948549 0.956880 0.876952
0.699102 0.813734 0.886621 0.985829 0.876834 0.550090 0.568556 0.487145 0.643649 0.481980 0.628679 0.566875 0.851193 0.664942 0.828758 0.976336 0.829468 0.811020 0.866188 0.817671 0.704916 0.944174 0.769686 0.674609 0.565952 0.763783 0.000000 0.754579 0.625942 0.651706 0.997395 0.957012 0.824738 0.676626 0.950387 0.854708 0.692296 0.901289 0.782493 0.656758 0.982980 0.864595 0.725640 0.573438 0.546505 0.533127 0.866431 0.822470 0.783327 0.625915 0.621244 0.525569 0.533758 0.537771 0.908818 0.831369 0.952415 0.925486 0.648270 0.558607 0.564167 0.545820 0.704492 0.586571 0.630126 0.960765 0.740713 0.690183 0.741081 0.962367 0.860940 0.828088 0.793886 0.885805 0.911811 0.815631 0.796267 0.934572 0.900211 0.954315 0.979768 0.857432 0.788142 0.854730 0.559270 0.586824 0.877905 0.868512 0.921382 0.844216 0.596112 0.628402 0.655812 0.738346 0.826518 0.947703 0.733915 0.729853 0.569542 0.582596 0.408016 0.559045 0.618286 0.728294 0.779244 0.854904 0.713755 0.598936 0.732322 0.769042 0.784976 0.634952 0.666686 0.695303 0.671179 0.984523
0.810994 0.881598 0.779529 0.872105 0.988407 0.960786 0.841676 0.749632 0.754030 0.692997 0.630999 0.605293 0.857429 0.809718 0.910958 0.940692 0.931629 0.874481 0.991593 0.924220 0.780702 0.802827 0.724810 0.715011 0.666541 0.749221 0.754579 0.000000 0.751397 0.772957 0.801236 0.921387 0.998746 0.865678 0.922956 0.961750 0.684020 0.945307 0.910793 0.805588 0.874956 0.904571 0.991639 0.895424 0.807692 0.811257 0.963533 0.889294 0.776423 0.858573 0.849452 0.770601 0.779496 0.799580 0.899993 0.874380 0.996093 0.942073 0.823044 0.891060 0.779193 0.746952 0.748454 0.637032 0.709673 0.928394 0.977894 0.990627 0.758365 0.813760 0.963738 0.851071 0.940921 0.924963 0.971151 0.985996 0.819943 0.994511 0.695105 0.748714 0.902588 0.897086 0.831387 0.993002 0.769425 0.748411 0.956690 0.969188 0.903520 0.817155 0.821179 0.707953 0.861903 0.831270 0.911997 0.997959 0.933162 0.842659 0.748906 0.804591 0.708134 0.809972 0.773020 0.848322 0.875241 0.823302 0.988556 0.750442 0.872144 0.907014 0.912776 0.811559 0.776020 0.983102 0.824629 0.982416
0.531493 0.738448 0.745617 0.767396 0.765652 0.730461 0.658648 0.629170 0.580021 0.342067 0.348901 0.394857 0.541494 0.526294 0.748090 0.857490 0.468149 0.379648 0.707616 0.796233 0.625878 0.950046 0.723798 0.467370 0.450917 0.522101 0.625942 0.751397 0.000000 0.287588 0.736519 0.792367 0.787742 0.731519 0.970002 0.680194 0.712723 0.770532 0.746830 0.909737 0.972297 0.774640 0.846875 0.682575 0.470165 0.412993 0.829402 0.813657 0.373672 0.514588 0.615760 0.521205 0.613652 0.736701 0.744655 0.588938 0.690894 0.636559 0.486636 0.649255 0.493078 0.611310 0.308753 0.249881 0.648819 0.801839 0.974546 0.945268 0.813182 0.878538 0.962907 0.924216 0.935088 0.887020 0.999081 0.926751 0.696690 0.953255 0.606969 0.959619 0.518315 0.777715 0.853932 0.622916 0.915551 0.739303 0.923660 0.980813 0.926964 0.884303 0.858191 0.753874 0.965559 0.897401 0.955953 0.861879 0.914449 0.918198 0.526890 0.606230 0.805223 0.741919 0.574044 0.694492 0.701991 0.767660 0.807092 0.866264 0.924589 0.666592 0.853666 0.721677 0.536462 0.738477 0.792762 0.998204
0.602971 0.687509 0.820894 0.876289 0.779438 0.806490 0.649606 0.654593 0.693562 0.435049 0.446871 0.448151 0.596507 0.450213 0.828436 0.846662 0.428346 0.375042 0.678921 0.787766 0.739404 0.891378 0.807074 0.652605 0.606976 0.625553 0.651706 0.772957 0.287588 0.000000 0.866751 0.962868 0.772471 0.688119 0.942630 0.724645 0.839475 0.927098 0.838914 0.974503 0.954865 0.845997 0.747312 0.574845 0.429231 0.413062 0.741536 0.779710 0.397011 0.443347 0.543307 0.474859 0.573271 0.720188 0.676960 0.606573 0.628591 0.634054 0.489301 0.707920 0.550149 0.631846 0.353710 0.286528 0.688089 0.850802 0.930296 0.870767 0.765631 0.962238 0.930508 0.948402 0.835435 0.786146 0.992998 0.940086 0.679475 0.837262 0.675310 0.934625 0.458118 0.695336 0.675738 0.581294 0.954098 0.845584 0.907718 0.997492 0.952630 0.796463 0.940430 0.853865 0.964686 0.985001 0.914576 0.914957 0.863945 0.921226 0.587062 0.690491 0.784710 0.845014 0.624563 0.698083 0.715792 0.814422 0.936841 0.951793 0.977343 0.797084 0.909127 0.858375 0.601046 0.783681 0.865039 0.969319
0.842743 0.776564 0.404636 0.417375 0.889324 0.903795 0.702320 0.725503 0.987799 0.829895 0.614544 0.805542 0.676548 0.975388 0.854374 0.982869 0.783055 0.777404 0.826905 0.758343 0.466871 0.780482 0.436591 0.425628 0.378422 0.306853 0.997395 0.801236 0.736519 0.866751 0.000000 0.369575 0.523185 0.643363 0.550453 0.629154 0.491282 0.597707 0.759469 0.850620 0.670929 0.998686 0.466682 0.635828 0.811693 0.906262 0.700807 0.707897 0.766242 0.931041 0.697660 0.826372 0.822875 0.742203 0.749475 0.849250 0.954684 0.921050 0.889287 0.972011 0.939661 0.798796 0.624824 0.703714 0.558541 0.470692 0.467681 0.482690 0.879489 0.770670 0.574857 0.455615 0.404526 0.547129 0.896263 0.735572 0.870638 0.582180 0.731612 0.807963 0.852179 0.986274 0.738871 0.776461 0.765953 0.561990 0.902813 0.987733 0.883966 0.795809 0.733954 0.950389 0.696990 0.893618 0.857784 0.784566 0.726601 0.929922 0.907232 0.933814 0.842738 0.939529 0.979115 0.882780 0.781522 0.746016 0.763856 0.873374 0.880981 0.824919 0.754210 0.974284 0.895542 0.739980 0.852447 0.976456
0.914268 0.705304 0.618861 0.577677 0.787400 0.990150 0.828474 0.799369 0.890063 0.793947 0.720229 0.899709 0.690969 0.855966 0.771605 0.924122 0.825600 0.905112 0.924207 0.657281 0.613182 0.952599 0.626899 0.453773 0.535381 0.484051 0.957012 0.921387 0.792367 0.962868 0.369575 0.000000 0.627453 0.694033 0.761526 0.735826 0.708856 0.658649 0.728571 0.970808 0.834152 0.960732 0.525176 0.591050 0.873782 0.869956 0.663932 0.652552 0.765622 0.879411 0.721438 0.778186 0.885934 0.850410 0.767588 0.774035 0.969798 0.952698 0.953672 0.894342 0.948573 0.802771 0.702972 0.802658 0.741439 0.567080 0.636882 0.549526 0.972960 0.925770 0.761304 0.629669 0.467591 0.505249 0.942789 0.740674 0.938205 0.666933 0.866596 0.773104 0.945317 0.913796 0.784790 0.923722 0.860331 0.574101 0.915884 0.876542 0.970909 0.815237 0.936577 0.799772 0.872051 0.913015 0.924887 0.914987 0.791979 0.964023 0.974445 0.993975 0.838992 0.926612 0.987705 0.853795 0.728643 0.837430 0.903407 0.862281 0.972264 0.946844 0.935060 0.950270 0.995745 0.746828 0.857467 0.968054
0.567429 0.412819 0.519693 0.485494 0.886905 0.541469 0.435234 0.454236 0.702226 0.761898 0.839415 0.650997 0.787023 0.535092 0.796509 0.742193 0.800717 0.753918 0.422045 0.472044 0.750652 0.902636 0.539341 0.694902 0.797786 0.705526 0.824738 0.998746 0.787742 0.772471 0.523185 0.627453 0.000000 0.348957 0.494768 0.820419 0.758603 0.986121 0.925035 0.848717 0.706417 0.925941 0.398524 0.423928 0.570038 0.600812 0.476441 0.511812 0.903426 0.682790 0.577594 0.586804 0.703047 0.764739 0.543040 0.588207 0.594327 0.624168 0.535984 0.452680 0.423003 0.441730 0.794106 0.759305 0.633009 0.483386 0.420265 0.374970 0.897248 0.667067 0.562459 0.550180 0.585594 0.713407 0.818635 0.723546 0.679450 0.570362 0.927065 0.724929 0.717873 0.754162 0.729723 0.860225 0.597555 0.600799 0.888571 0.990310 0.749151 0.629379 0.696217 0.877871 0.707896 0.834202 0.981718 0.568864 0.680197 0.894801 0.542976 0.611757 0.708804 0.749833 0.769436 0.852555 0.523173 0.461512 0.789557 0.772034 0.797719 0.644300 0.646413 0.755959 0.668447 0.733345 0.586841 0.922737
0.500756 0.379933 0.558589 0.480261 0.916418 0.559541 0.298615 0.337184 0.569044 0.608186 0.711539 0.525230 0.806249 0.562085 0.943337 0.860841 0.738295 0.706622 0.448055 0.472169 0.805596 0.928080 0.698329 0.851591 0.927374 0.808077 0.676626 0.865678 0.731519 0.688119 0.643363 0.694033 0.348957 0.000000 0.552337 0.846924 0.947445 0.956296 0.982751 0.839195 0.790990 0.858307 0.354059 0.347416 0.496344 0.523271 0.507259 0.479465 0.808152 0.591674 0.491390 0.467233 0.560742 0.593329 0.667014 0.635508 0.663294 0.651379 0.472127 0.432818 0.393888 0.371470 0.738582 0.656754 0.758255 0.503233 0.344465 0.318336 0.914981 0.728677 0.425788 0.479439 0.590587 0.647871 0.859844 0.833456 0.539772 0.574234 0.843703 0.782193 0.733241 0.872721 0.847577 0.940761 0.822871 0.804905 0.919791 0.986190 0.762728 0.721395 0.521666 0.658817 0.514441 0.667875 0.858529 0.702322 0.575324 0.844939 0.404193 0.478184 0.535816 0.561185 0.634137 0.741917 0.489575 0.423700 0.579393 0.582145 0.740277 0.635521 0.545153 0.708073 0.529788 0.730078 0.601788 0.839139
0.840561 0.729158 0.457130 0.501271 0.915204 0.772539 0.508573 0.595830 0.687555 0.846442 0.910039 0.950246 0.904250 0.962395 0.930081 0.926349 0.970877 0.980481 0.650306 0.682605 0.674481 0.740262 0.573218 0.678755 0.664131 0.652198 0.950387 0.922956 0.970002 0.942630 0.550453 0.761526 0.494768 0.552337 0.000000 0.730071 0.745432 0.861339 0.934825 0.807288 0.679631 0.893344 0.562174 0.638509 0.716091 0.808643 0.782752 0.635877 0.952233 0.871443 0.706138 0.796323 0.683528 0.705896 0.728720 0.740398 0.888221 0.938263 0.849391 0.733750 0.776268 0.748603 0.915481 0.950958 0.578805 0.588854 0.392575 0.487905 0.744104 0.734406 0.453314 0.512754 0.654281 0.690528 0.918241 0.828307 0.643395 0.690394 0.923492 0.879453 0.980104 0.978502 0.929403 0.884325 0.783523 0.723111 0.927059 0.924237 0.882782 0.752356 0.527817 0.724134 0.548596 0.596871 0.688968 0.671853 0.643522 0.794397 0.682766 0.716184 0.833444 0.809035 0.854968 0.991629 0.754280 0.577307 0.902794 0.791265 0.729944 0.688016 0.597682 0.899036 0.903665 0.868218 0.704823 0.900741
0.828339 0.927941 0.668965 0.659477 0.833090 0.957706 0.911757 0.977459 0.998675 0.796221 0.700748 0.801452 0.662191 0.787577 0.908347 0.899478 0.854967 0.752466 0.933855 0.845624 0.686245 0.917495 0.733666 0.647893 0.580095 0.539630 0.854708 0.961750 0.680194 0.724645 0.629154 0.735826 0.820419 0.846924 0.730071 0.000000 0.711346 0.845791 0.830814 0.859693 0.839906 0.834607 0.832358 0.918382 0.969811 0.870541 0.994866 0.949084 0.764939 0.881861 0.936608 0.920536 0.947580 0.915394 0.930068 0.981637 0.866624 0.879441 0.795746 0.885463 0.873817 0.985597 0.690287 0.667656 0.714667 0.727638 0.708694 0.770589 0.899256 0.906618 0.686409 0.689531 0.697929 0.830691 0.903678 0.922870 0.932897 0.994610 0.866118 0.975784 0.903490 0.934259 0.951350 0.885960 0.886875 0.710585 0.887387 0.913286 0.888546 0.941276 0.833553 0.983361 0.731552 0.843604 0.981129 0.996037 0.771128 0.942822 0.984267 0.872740 0.961094 0.966141 0.946648 0.796389 0.963415 0.942627 0.947550 0.931772 0.866349 0.943083 0.861909 0.950000 0.774746 0.991282 0.971231 0.950202
0.893292 0.923188 0.460438 0.535587 0.975754 0.966383 0.919764 0.957371 0.975428 0.723170 0.656073 0.658017 0.863346 0.929236 0.895455 0.745070 0.878705 0.851408 0.843281 0.845137 0.607514 0.802430 0.445630 0.508226 0.424657 0.417694 0.692296 0.684020 0.712723 0.839475 0.491282 0.708856 0.758603 0.947445 0.745432 0.711346 0.000000 0.552673 0.672970 0.633774 0.667574 0.983032 0.723761 0.906793 0.990859 0.886944 0.747051 0.865719 0.877507 0.972516 0.913021 0.971910 0.950502 0.971348 0.721998 0.993507 0.995958 0.941829 0.867595 0.854853 0.892959 0.928264 0.665455 0.675209 0.461042 0.685755 0.740944 0.745556 0.729896 0.798898 0.676864 0.653144 0.653609 0.773582 0.899449 0.904077 0.905403 0.651292 0.855161 0.840543 0.999721 0.849605 0.726111 0.988775 0.555322 0.489990 0.995528 0.964011 0.784921 0.715238 0.995955 0.934382 0.936661 0.971090 0.828578 0.751116 0.997205 0.927780 0.984413 0.943261 0.886005 0.816625 0.967907 0.860096 0.938639 0.920557 0.982849 0.991949 0.836599 0.945255 0.802556 0.900601 0.791842 0.840012 0.969980 0.933696
0.822140 0.975486 0.726463 0.668125 0.835882 0.944607 0.981234 0.974869 0.874276 0.849911 0.763643 0.821564 0.691499 0.924167 0.834532 0.933357 0.844214 0.870295 0.934242 0.939240 0.760565 0.877235 0.789062 0.702786 0.537599 0.546647 0.901289 0.945307 0.770532 0.927098 0.597707 0.658649 0.986121 0.956296 0.861339 0.845791 0.552673 0.000000 0.630505 0.749778 0.873502 0.901223 0.867541 0.923058 0.949808 0.908131 0.729411 0.925347 0.872570 0.960887 0.905792 0.994656 0.962387 0.977643 0.899333 0.998802 0.879538 0.844237 0.845891 0.827459 0.831982 0.988256 0.696804 0.772699 0.772612 0.749095 0.839051 0.819689 0.832943 0.940351 0.793757 0.771501 0.547608 0.671706 0.867970 0.971450 0.912046 0.755037 0.766244 0.887135 0.989374 0.948301 0.786925 0.990721 0.781651 0.597229 0.982309 0.862919 0.868846 0.761774 0.986241 0.908261 0.909394 0.941784 0.828134 0.771218 0.910177 0.864431 0.904892 0.845964 0.966736 0.790852 0.997212 0.838289 0.985215 0.951750 0.902687 0.957846 0.944345 0.995207 0.931076 0.826572 0.832545 0.870306 0.975245 0.968372
