0.000000 0.296449 0.914922 0.873892 0.865960 0.798998 0.940731 0.615490 0.752648 0.633863 0.397048 0.331517 0.490995 0.433026 0.605593 0.666650 0.360106 0.335711 0.337076 0.294291 0.771440 0.967177 0.524388 0.669036 0.961189 0.669088 0.811914 0.874969 0.419498 0.468702 0.810622 0.817642 0.650699 0.738560 0.920993 0.818473 0.659323 0.951675 0.810627 0.801122 0.860664 0.783792 0.861353 0.807102 0.880657 0.692400 0.617386 0.679103 0.484231 0.612098 0.885798 0.969039 0.937638 0.699007 0.781123 0.922368 0.284598 0.378469 0.503287 0.655089 0.804206 0.712740 0.452247 0.378042 0.798067 0.754145 0.859039 0.776061 0.458930 0.504330 0.831604 0.917118 0.796899 0.994596 0.929371 0.891916 0.758332 0.993771 0.832563 0.694793 0.416157 0.337877 0.453640 0.536958 0.346291 0.603660 0.991192 0.595236 0.756109 0.485038 0.765546 0.612797 0.669623 0.522026 0.954860 0.956995 0.865182 0.848093 0.871295 0.882932 0.857700 0.714815 0.910247 0.894307 0.980526 0.913119 0.952125 0.660310 0.818111 0.928553 0.929697 0.850456 0.799929 0.985218 0.949134 0.846124
0.296449 0.000000 0.734724 0.986649 0.964467 0.697757 0.883021 0.660592 0.670007 0.687481 0.584757 0.376382 0.671566 0.496402 0.771958 0.739725 0.360788 0.363891 0.433211 0.332473 0.882080 0.998779 0.657434 0.764091 0.883229 0.668341 0.856405 0.771339 0.444012 0.510202 0.967173 0.889077 0.835260 0.789125 0.814051 0.859594 0.762554 0.908263 0.885344 0.744986 0.859381 0.875885 0.962330 0.832774 0.846527 0.651944 0.705276 0.784179 0.341718 0.534994 0.960827 0.967336 0.844567 0.594962 0.826644 0.969673 0.258426 0.240785 0.692987 0.680901 0.959321 0.685006 0.616745 0.454030 0.650736 0.697370 0.680360 0.722490 0.556863 0.501264 0.942630 0.868510 0.963154 0.864615 0.989952 0.937687 0.867899 0.909024 0.798191 0.700524 0.431028 0.335835 0.430082 0.444893 0.410680 0.598519 0.958200 0.550599 0.941442 0.577357 0.554687 0.478007 0.527083 0.403621 0.852283 0.958742 0.969759 0.819915 0.977564 0.972751 0.759167 0.589745 0.949471 0.939146 0.831526 0.870413 0.798365 0.553058 0.840126 0.963610 0.965679 0.947199 0.812293 0.907382 0.802315 0.821245
0.914922 0.734724 0.000000 0.424691 0.931507 0.599307 0.325367 0.584053 0.731507 0.773667 0.814818 0.920210 0.717867 0.906937 0.795549 0.944182 0.996323 0.939068 0.917281 0.923510 0.775224 0.927451 0.826198 0.982390 0.808875 0.525584 0.763360 0.888869 0.968899 0.895798 0.484493 0.528558 0.475270 0.588700 0.521403 0.818486 0.915050 0.741637 0.795835 0.841106 0.975535 0.989070 0.476270 0.529286 0.509942 0.676367 0.553884 0.485109 0.853618 0.878732 0.441815 0.486735 0.458172 0.380325 0.688744 0.761391 0.827197 0.648950 0.872067 0.851915 0.458131 0.832653 0.766888 0.908195 0.405940 0.581365 0.302885 0.395554 0.790757 0.992381 0.664769 0.645228 0.633826 0.512342 0.734634 0.906417 0.676395 0.592763 0.886668 0.897212 0.929534 0.892840 0.866758 0.906270 0.988077 0.945363 0.941017 0.972248 0.817359 0.971523 0.496152 0.633827 0.603423 0.691077 0.708869 0.934542 0.663580 0.914650 0.507079 0.489801 0.626644 0.566471 0.552180 0.521862 0.507810 0.565406 0.985354 0.810891 0.951327 0.668432 0.724148 0.654417 0.637316 0.612560 0.535436 0.940963
0.873892 0.986649 0.424691 0.000000 0.909821 0.676530 0.374128 0.389416 0.774874 0.626405 0.692414 0.764805 0.636005 0.680115 0.685577 0.714110 0.857085 0.894555 0.797132 0.830868 0.706697 0.821499 0.699430 0.745683 0.865491 0.621031 0.791141 0.946676 0.770478 0.764284 0.405188 0.533462 0.508294 0.589949 0.675637 0.984454 0.803996 0.737980 0.732898 0.994946 0.973441 0.996880 0.457441 0.476629 0.500151 0.567578 0.565646 0.497715 0.910349 0.708382 0.418239 0.437463 0.554742 0.544194 0.698340 0.870191 0.933799 0.822427 0.741541 0.937658 0.424451 0.570104 0.630673 0.745915 0.538922 0.486163 0.433620 0.481310 0.877475 0.941186 0.666490 0.553220 0.579343 0.531566 0.626656 0.922260 0.482077 0.592073 0.795601 0.829757 0.793324 0.932383 0.980339 0.997214 0.813602 0.771013 0.993364 0.908278 0.907649 0.798020 0.604024 0.750609 0.714614 0.857917 0.721116 0.869534 0.708665 0.900773 0.483594 0.486312 0.669002 0.607586 0.552088 0.642513 0.566457 0.585776 0.914528 0.875841 0.924295 0.789470 0.685823 0.603887 0.658684 0.767033 0.740835 0.836568
0.865960 0.964467 0.931507 0.909821 0.000000 0.903765 0.909239 0.899707 0.846787 0.978622 0.898571 0.844332 0.791801 0.773606 0.722294 0.732689 0.999358 0.993229 0.870177 0.912721 0.846510 0.964603 0.731783 0.662889 0.953222 0.829573 0.793712 0.770254 0.995296 0.945870 0.951287 0.920198 0.928212 0.955006 0.999720 0.895744 0.872520 0.883644 0.997408 0.994372 0.931971 0.898216 0.881523 0.905334 0.945022 0.982412 0.926328 0.867578 0.829849 0.828316 0.835566 0.846986 0.797283 0.954895 0.807614 0.860447 0.951740 0.904245 0.879452 0.891191 0.897550 0.741724 0.997455 0.974928 0.940730 0.907803 0.928512 0.971176 0.883226 0.971169 0.966461 0.990925 0.907979 0.960958 0.968025 0.946750 0.964610 0.825531 0.813804 0.924583 0.967133 0.967258 0.898143 0.941509 0.755074 0.832673 0.899921 0.774378 0.770567 0.904897 0.861364 0.874665 0.986452 0.922158 0.945628 0.992803 0.982214 0.993087 0.942001 0.847274 0.856422 0.895784 0.916147 0.995865 0.852356 0.928341 0.836903 0.967515 0.920830 0.760600 0.966113 0.876035 0.938718 0.906543 0.857226 0.862111
0.798998 0.697757 0.599307 0.676530 0.903765 0.000000 0.548936 0.742338 0.754931 0.847882 0.960356 0.874427 0.924848 0.983410 0.851474 0.876998 0.866768 0.851140 0.877874 0.798340 0.820390 0.927687 0.944453 0.961651 0.891110 0.685318 0.796037 0.891553 0.823792 0.965617 0.738010 0.716389 0.748242 0.820165 0.768212 0.988813 0.925353 0.895617 0.772589 0.979227 0.955718 0.928013 0.552011 0.668630 0.707963 0.835080 0.810265 0.761463 0.852050 0.963788 0.633428 0.644971 0.656410 0.543759 0.872812 0.782243 0.693322 0.552012 0.963458 0.998861 0.638888 0.918665 0.878091 0.980027 0.632489 0.544014 0.554072 0.570398 0.601796 0.779253 0.689638 0.682758 0.916697 0.694977 0.705384 0.777452 0.755855 0.770930 0.903139 0.852828 0.991589 0.811208 0.919232 0.803829 0.855775 0.931648 0.881007 0.827532 0.941888 0.997925 0.641062 0.664888 0.712349 0.705380 0.861177 0.926034 0.753328 0.809030 0.730402 0.625634 0.710851 0.731196 0.741228 0.797444 0.717054 0.753421 0.966432 0.790604 0.868046 0.925970 0.878043 0.724700 0.861372 0.803593 0.645703 0.987782
0.940731 0.883021 0.325367 0.374128 0.909239 0.548936 0.000000 0.428847 0.722558 0.544603 0.666789 0.915574 0.546613 0.723373 0.613740 0.708709 0.854655 0.850932 0.689035 0.968138 0.677635 0.889788 0.686925 0.872298 0.832757 0.667508 0.853776 0.996201 0.770703 0.655667 0.315704 0.387086 0.362677 0.433033 0.646252 0.920972 0.883617 0.709807 0.653868 0.913458 0.966911 0.979420 0.305160 0.356198 0.375632 0.516111 0.504544 0.401588 0.959967 0.739109 0.306761 0.356210 0.391283 0.340529 0.696443 0.750245 0.904936 0.713538 0.823808 0.868522 0.348744 0.785935 0.567822 0.723724 0.578355 0.589033 0.298299 0.388212 0.784880 0.991728 0.490126 0.455823 0.475156 0.400523 0.694789 0.777335 0.498773 0.455049 0.659180 0.670633 0.730660 0.993114 0.944698 0.980064 0.927741 0.940764 0.921588 0.967948 0.904895 0.960680 0.520821 0.633848 0.688360 0.762309 0.751448 0.700513 0.662014 0.816785 0.420789 0.361189 0.510320 0.506026 0.486069 0.451616 0.545949 0.526298 0.925220 0.814960 0.820754 0.745735 0.702143 0.574351 0.590559 0.598330 0.601510 0.884694
0.615490 0.660592 0.584053 0.389416 0.899707 0.742338 0.428847 0.000000 0.929698 0.450191 0.579193 0.488820 0.440400 0.389935 0.568156 0.547822 0.665879 0.687416 0.587961 0.656296 0.750282 0.985750 0.569602 0.699756 0.877371 0.845228 0.910411 0.775614 0.579852 0.602356 0.503494 0.497487 0.473412 0.501278 0.763170 0.894484 0.804441 0.832411 0.684014 0.979067 0.902607 0.948121 0.339997 0.354153 0.349036 0.340831 0.400356 0.371660 0.513706 0.395857 0.366140 0.388039 0.602216 0.699596 0.687905 0.854764 0.762341 0.860639 0.542743 0.750074 0.366403 0.378327 0.460469 0.500462 0.658705 0.599788 0.554947 0.576229 0.968716 0.707584 0.667220 0.688818 0.604148 0.624445 0.671580 0.841775 0.478630 0.651399 0.831849 0.732479 0.604747 0.754033 0.722433 0.854179 0.583357 0.645072 0.961204 0.745856 0.866408 0.661854 0.788492 0.935273 0.873848 0.926602 0.703098 0.782963 0.725449 0.887851 0.436598 0.388463 0.657040 0.831110 0.553828 0.672507 0.608577 0.674893 0.882553 0.981943 0.739713 0.790234 0.660885 0.505077 0.571675 0.686143 0.755996 0.775787
0.752648 0.670007 0.731507 0.774874 0.846787 0.754931 0.722558 0.929698 0.000000 0.871523 0.874626 0.774320 0.977362 0.838345 0.850121 0.953872 0.784941 0.724267 0.898498 0.754095 0.927415 0.974401 0.912990 0.942823 0.947694 0.825150 0.984878 0.979689 0.779404 0.873275 0.895035 0.916937 0.920201 0.914530 0.702916 0.980925 0.960501 0.826839 0.871705 0.857065 0.966611 0.912147 0.867573 0.967576 0.899668 0.975650 0.946557 0.870305 0.835340 0.937788 0.734613 0.650631 0.663136 0.626878 0.972166 0.944627 0.673605 0.590462 0.905615 0.792340 0.940043 0.932054 0.813852 0.757972 0.668941 0.808631 0.698345 0.856659 0.838381 0.868999 0.845305 0.715607 0.768637 0.678291 0.870338 0.872673 0.692595 0.870863 0.922090 0.935098 0.802209 0.692973 0.722996 0.692710 0.820486 0.901988 0.720427 0.808831 0.799385 0.837324 0.531121 0.451673 0.480443 0.553988 0.729021 0.907761 0.797437 0.779537 0.687039 0.713472 0.679117 0.728130 0.809245 0.731230 0.816195 0.792310 0.771755 0.707797 0.854755 0.897878 0.891780 0.777012 0.866170 0.809934 0.913345 0.863838
0.633863 0.687481 0.773667 0.626405 0.978622 0.847882 0.544603 0.450191 0.871523 0.000000 0.462868 0.560818 0.558880 0.553616 0.426468 0.491926 0.495648 0.523404 0.501468 0.623172 0.743822 0.962438 0.415756 0.633708 0.948915 0.985735 0.991935 0.998703 0.465654 0.428072 0.497328 0.531252 0.488209 0.527411 0.948727 0.835957 0.775061 0.924786 0.915151 0.887162 0.930996 0.857623 0.597271 0.570147 0.553766 0.466944 0.581427 0.517192 0.550530 0.487067 0.600268 0.611427 0.787281 0.900483 0.930150 0.953132 0.734333 0.827461 0.653129 0.996793 0.679626 0.623725 0.491177 0.460038 0.946930 0.992714 0.775788 0.867226 0.898220 0.761002 0.631838 0.668704 0.633488 0.620631 0.743146 0.902381 0.600324 0.668522 0.724712 0.541655 0.467768 0.607576 0.602781 0.696949 0.602498 0.658266 0.907990 0.817827 0.972199 0.706494 0.996906 0.962347 0.988725 0.813785 0.914432 0.892127 0.755409 0.871615 0.703689 0.604253 0.850765 0.972552 0.713051 0.588380 0.766425 0.747414 0.948765 0.943290 0.638092 0.998509 0.819994 0.731375 0.784988 0.821275 0.942562 0.668970
0.397048 0.584757 0.814818 0.692414 0.898571 0.960356 0.666789 0.579193 0.874626 0.462868 0.000000 0.454858 0.413962 0.467855 0.462781 0.519291 0.373526 0.349557 0.363905 0.505500 0.667597 0.912140 0.479954 0.620988 0.874306 0.918851 0.863310 0.986640 0.423422 0.348935 0.555534 0.614947 0.451558 0.552694 0.932482 0.954834 0.687788 0.919268 0.842234 0.911503 0.840375 0.830412 0.686154 0.642496 0.798525 0.659780 0.549012 0.611331 0.693377 0.718272 0.776294 0.844229 0.955179 0.928762 0.875776 0.995269 0.577432 0.702545 0.533552 0.762058 0.592475 0.805630 0.313868 0.313074 0.978616 0.953680 0.846887 0.964248 0.783117 0.762642 0.656351 0.671077 0.603131 0.704925 0.823141 0.915679 0.692114 0.732745 0.693891 0.521550 0.412901 0.415824 0.539719 0.674384 0.501911 0.558525 0.955053 0.671979 0.845881 0.615681 0.903723 0.740524 0.757789 0.631165 0.963385 0.880740 0.753495 0.761853 0.813458 0.766307 0.990498 0.921187 0.735140 0.672561 0.820740 0.817288 0.881594 0.731784 0.775680 0.830500 0.958587 0.815205 0.794764 0.918735 0.873205 0.815830
0.331517 0.376382 0.920210 0.764805 0.844332 0.874427 0.915574 0.488820 0.774320 0.560818 0.454858 0.000000 0.424097 0.268633 0.467901 0.421872 0.414342 0.431523 0.419894 0.391034 0.897583 0.952044 0.412002 0.438529 0.906795 0.670552 0.813890 0.796676 0.436211 0.468008 0.775833 0.794837 0.692163 0.689323 0.864641 0.733482 0.714388 0.977399 0.926616 0.794399 0.944060 0.879100 0.757389 0.740879 0.769789 0.576722 0.616716 0.664370 0.360941 0.489330 0.812946 0.880171 0.953367 0.721786 0.900281 0.878267 0.456426 0.479366 0.543566 0.598843 0.732445 0.473108 0.456759 0.357423 0.898946 0.986851 0.920295 0.883522 0.645736 0.602649 0.848130 0.853554 0.840490 0.959329 0.890917 0.966369 0.729097 0.977174 0.877386 0.783786 0.531546 0.467187 0.493688 0.667159 0.325964 0.388586 0.927519 0.489489 0.827862 0.494261 0.746395 0.603576 0.661531 0.504331 0.983678 0.847929 0.977877 0.827202 0.856223 0.832024 0.935503 0.718680 0.971556 0.929119 0.958247 0.969156 0.798097 0.691613 0.798036 0.899467 0.877022 0.852586 0.881432 0.931361 0.962123 0.755139
0.490995 0.671566 0.717867 0.636005 0.791801 0.924848 0.546613 0.440400 0.977362 0.558880 0.413962 0.424097 0.000000 0.348813 0.337732 0.390965 0.555142 0.571376 0.422948 0.614439 0.886775 0.934378 0.415443 0.619262 0.986083 0.860121 0.912403 0.918889 0.531175 0.448651 0.540416 0.587244 0.460526 0.574628 0.853667 0.954773 0.785274 0.977488 0.792613 0.988651 0.936658 0.919637 0.448429 0.477392 0.575832 0.517396 0.407310 0.442245 0.607229 0.541160 0.513331 0.564001 0.678350 0.828278 0.685246 0.977424 0.618371 0.772864 0.467398 0.699377 0.441319 0.622967 0.386924 0.381789 0.802548 0.898728 0.642636 0.777565 0.835923 0.815900 0.597158 0.679058 0.633827 0.706047 0.853177 0.882877 0.591766 0.647303 0.738410 0.791443 0.637262 0.679026 0.569575 0.840834 0.546755 0.668599 0.834451 0.685445 0.697821 0.638347 0.875476 0.948653 0.969290 0.784145 0.877831 0.761265 0.721057 0.934806 0.539213 0.504436 0.716482 0.915839 0.572313 0.638003 0.620234 0.670955 0.929659 0.905649 0.829042 0.645137 0.713307 0.613249 0.651455 0.741668 0.678634 0.865040
0.433026 0.496402 0.906937 0.680115 0.773606 0.983410 0.723373 0.389935 0.838345 0.553616 0.467855 0.268633 0.348813 0.000000 0.426273 0.368412 0.512350 0.504506 0.415460 0.468476 0.826769 0.972357 0.390571 0.424394 0.951468 0.716681 0.883283 0.823411 0.430570 0.444804 0.666510 0.610394 0.588579 0.572313 0.951580 0.848227 0.803643 0.943623 0.866337 0.792088 0.895993 0.920029 0.532139 0.545741 0.589363 0.491149 0.514986 0.532378 0.388799 0.449952 0.571558 0.690240 0.843848 0.952508 0.727844 0.965819 0.589489 0.666049 0.598803 0.692252 0.571113 0.432597 0.419712 0.383467 0.978251 0.802316 0.883377 0.927289 0.804206 0.716737 0.740684 0.814089 0.705075 0.780641 0.788783 0.876766 0.718323 0.855921 0.849662 0.751036 0.573917 0.570388 0.512940 0.774499 0.370964 0.368872 0.886506 0.513655 0.890516 0.516295 0.875970 0.691828 0.731392 0.572819 0.967672 0.818292 0.985105 0.859338 0.757449 0.630631 0.925120 0.916097 0.847712 0.854845 0.881411 0.914813 0.789141 0.781848 0.849124 0.817631 0.876470 0.727576 0.776356 0.963522 0.947981 0.749289
0.605593 0.771958 0.795549 0.685577 0.722294 0.851474 0.613740 0.568156 0.850121 0.426468 0.462781 0.467901 0.337732 0.426273 0.000000 0.309659 0.520969 0.551822 0.455786 0.632494 0.878157 0.949777 0.280759 0.463980 0.953938 0.795629 0.910591 0.943772 0.543861 0.432553 0.533615 0.594627 0.474973 0.551885 0.988669 0.895116 0.824756 0.951416 0.965187 0.962463 0.998005 0.866059 0.567921 0.596804 0.633347 0.545711 0.619780 0.520542 0.609877 0.555428 0.601910 0.612401 0.689620 0.869184 0.844051 0.924910 0.726138 0.862165 0.667177 0.920054 0.655034 0.671082 0.465321 0.439908 0.899646 0.978152 0.714658 0.929733 0.833026 0.912136 0.549553 0.582013 0.586791 0.632730 0.825304 0.909981 0.613272 0.711956 0.792601 0.712986 0.627943 0.699962 0.610775 0.838661 0.520387 0.561795 0.817899 0.675472 0.775452 0.672687 0.967587 0.984217 0.938506 0.797760 0.894321 0.859490 0.780597 0.925288 0.707503 0.596817 0.775656 0.957765 0.747925 0.570292 0.764042 0.779523 0.990209 0.917965 0.782259 0.770443 0.807890 0.740271 0.757509 0.848725 0.715898 0.865998
0.666650 0.739725 0.944182 0.714110 0.732689 0.876998 0.708709 0.547822 0.953872 0.491926 0.519291 0.421872 0.390965 0.368412 0.309659 0.000000 0.635064 0.629916 0.547982 0.757293 0.881538 0.935357 0.371936 0.410319 0.776445 0.691944 0.948762 0.842210 0.517644 0.469475 0.687330 0.701604 0.640633 0.709091 0.916053 0.846821 0.939266 0.820811 0.988632 0.966832 0.919553 0.939873 0.568287 0.571862 0.688308 0.573381 0.653077 0.612558 0.511910 0.595977 0.664629 0.703341 0.852721 0.969333 0.863878 0.920736 0.810539 0.862631 0.636929 0.789707 0.630703 0.575945 0.493618 0.469683 0.977890 0.879912 0.797942 0.907673 0.994770 0.943678 0.761371 0.664955 0.779222 0.771378 0.820818 0.882948 0.760986 0.758851 0.781394 0.783873 0.744494 0.795500 0.624506 0.926576 0.594893 0.485175 0.868780 0.640122 0.928732 0.686409 0.916875 0.878536 0.836444 0.695820 0.942316 0.763011 0.890197 0.931654 0.773233 0.673433 0.864499 0.985290 0.898196 0.760385 0.852471 0.886079 0.891383 0.891865 0.791045 0.887534 0.911470 0.859426 0.833990 0.950078 0.882632 0.813266
0.360106 0.360788 0.996323 0.857085 0.999358 0.866768 0.854655 0.665879 0.784941 0.495648 0.373526 0.414342 0.555142 0.512350 0.520969 0.635064 0.000000 0.225283 0.359928 0.354778 0.780753 0.893090 0.523329 0.681964 0.854541 0.753674 0.855084 0.985540 0.354627 0.277110 0.675036 0.657709 0.554434 0.537326 0.914143 0.953318 0.706487 0.982400 0.872478 0.772290 0.750152 0.814970 0.832210 0.717241 0.737816 0.526785 0.637523 0.622360 0.517593 0.582157 0.881650 0.984934 0.982939 0.760728 0.860345 0.982502 0.325382 0.384445 0.726861 0.837028 0.819311 0.805869 0.407939 0.296689 0.739708 0.692506 0.946449 0.890398 0.651602 0.590938 0.824804 0.823889 0.763008 0.932018 0.892603 0.946374 0.770151 0.833298 0.604045 0.548412 0.264548 0.290536 0.429317 0.406552 0.451879 0.588690 0.978371 0.561766 0.952181 0.650593 0.592212 0.535417 0.543447 0.454213 0.918307 0.932163 0.960494 0.705786 0.982114 0.935966 0.845305 0.716560 0.919371 0.746842 0.989901 0.994944 0.790958 0.552849 0.797285 0.918551 0.997693 0.948993 0.757828 0.958724 0.978248 0.813616
0.335711 0.363891 0.939068 0.894555 0.993229 0.851140 0.850932 0.687416 0.724267 0.523404 0.349557 0.431523 0.571376 0.504506 0.551822 0.629916 0.225283 0.000000 0.315488 0.360247 0.712974 0.885604 0.528414 0.673404 0.841332 0.728445 0.842364 0.987598 0.325301 0.263190 0.684245 0.681499 0.593454 0.563130 0.772196 0.869545 0.736986 0.991860 0.855970 0.832465 0.732224 0.788417 0.846272 0.716569 0.790227 0.594314 0.712366 0.637634 0.525255 0.632224 0.906106 0.993654 0.985513 0.793683 0.914797 0.967022 0.355437 0.429716 0.771218 0.874804 0.840404 0.904597 0.399093 0.313411 0.666268 0.692557 0.889262 0.837917 0.677828 0.670360 0.784184 0.779197 0.731168 0.856885 0.955973 0.953214 0.756775 0.849640 0.577676 0.484964 0.275268 0.281451 0.391689 0.444477 0.477795 0.593801 0.995036 0.585102 0.992226 0.668823 0.604859 0.545887 0.514150 0.442380 0.883716 0.878938 0.980433 0.713015 0.995434 0.945791 0.801981 0.726288 0.977402 0.799627 0.945170 0.930244 0.846240 0.583298 0.805153 0.955241 0.954778 0.988985 0.779297 0.968505 0.954426 0.861359
0.337076 0.433211 0.917281 0.797132 0.870177 0.877874 0.689035 0.587961 0.898498 0.501468 0.363905 0.419894 0.422948 0.415460 0.455786 0.547982 0.359928 0.315488 0.000000 0.355553 0.730538 0.928306 0.369292 0.569849 0.889179 0.707154 0.850325 0.972908 0.375146 0.339650 0.627278 0.590326 0.501134 0.582876 0.925608 0.880612 0.664529 0.874238 0.820159 0.877292 0.857701 0.805038 0.691870 0.643119 0.656491 0.553273 0.552313 0.548131 0.464277 0.557607 0.675741 0.810085 0.834685 0.954801 0.733176 0.873786 0.407463 0.543874 0.725310 0.959803 0.740383 0.737213 0.458344 0.389245 0.847520 0.816222 0.964877 0.927966 0.594199 0.602299 0.696119 0.768200 0.632063 0.752688 0.928748 0.935566 0.648016 0.844844 0.672380 0.568743 0.398654 0.413104 0.418362 0.543177 0.379039 0.587043 0.839315 0.551605 0.817806 0.553545 0.838467 0.746730 0.694614 0.632522 0.896817 0.766564 0.884914 0.884488 0.826308 0.744723 0.997354 0.856575 0.837037 0.708700 0.925400 0.885221 0.964389 0.649722 0.795770 0.862849 0.919089 0.802962 0.692648 0.837009 0.983382 0.848974
0.294291 0.332473 0.923510 0.830868 0.912721 0.798340 0.968138 0.656296 0.754095 0.623172 0.505500 0.391034 0.614439 0.468476 0.632494 0.757293 0.354778 0.360247 0.355553 0.000000 0.784901 0.914658 0.487193 0.622988 0.854604 0.782687 0.837903 0.948018 0.414163 0.478215 0.774055 0.753784 0.668235 0.705769 0.915195 0.833658 0.662165 0.765116 0.912130 0.744688 0.793345 0.720750 0.934191 0.864320 0.783673 0.629938 0.701943 0.678072 0.445892 0.525385 0.845764 0.958689 0.995584 0.733038 0.719577 0.978441 0.322539 0.391291 0.736521 0.857706 0.941896 0.631941 0.622016 0.492855 0.743001 0.784033 0.792475 0.775500 0.392120 0.462834 0.845356 0.975530 0.776838 0.948801 0.905455 0.865429 0.769039 0.940164 0.824042 0.730095 0.403591 0.315230 0.418590 0.442345 0.318917 0.563493 0.884361 0.531139 0.871742 0.475008 0.671067 0.561684 0.645607 0.522452 0.910247 0.987195 0.981845 0.843284 0.962068 0.965102 0.832605 0.671828 0.987449 0.950588 0.996659 0.936675 0.881437 0.625156 0.916156 0.974482 0.878392 0.890449 0.852179 0.990417 0.872115 0.835846
0.771440 0.882080 0.775224 0.706697 0.846510 0.820390 0.677635 0.750282 0.927415 0.743822 0.667597 0.897583 0.886775 0.826769 0.878157 0.881538 0.780753 0.712974 0.730538 0.784901 0.000000 0.948260 0.879741 0.914697 0.856515 0.852075 0.956603 0.826327 0.773573 0.793308 0.573966 0.640367 0.704185 0.700867 0.992894 0.958296 0.959094 0.918422 0.757954 0.797129 0.895708 0.797480 0.734725 0.730082 0.861020 0.796380 0.800275 0.755486 0.937781 0.966734 0.772892 0.767524 0.840246 0.793922 0.867547 0.855759 0.957308 0.998184 0.949392 0.959138 0.760604 0.973449 0.653457 0.770301 0.943805 0.924134 0.890852 0.864211 0.976605 0.982675 0.694688 0.735068 0.686948 0.603426 0.743777 0.801732 0.893412 0.819492 0.744102 0.645912 0.703375 0.742726 0.839096 0.896182 0.944413 0.899742 0.831537 0.847938 0.924770 0.802967 0.954754 0.968472 0.982380 0.857851 0.928127 0.920183 0.918934 0.992068 0.820072 0.904435 0.994114 0.892361 0.821150 0.734779 0.919482 0.889554 0.906887 0.964623 0.928074 0.986329 0.926093 0.937696 0.883134 0.982457 0.940903 0.829912
0.967177 0.998779 0.927451 0.821499 0.964603 0.927687 0.889788 0.985750 0.974401 0.962438 0.912140 0.952044 0.934378 0.972357 0.949777 0.935357 0.893090 0.885604 0.928306 0.914658 0.948260 0.000000 0.975919 0.978864 0.976403 0.845913 0.842242 0.918721 0.988891 0.850594 0.844247 0.975657 0.864392 0.800124 0.976116 0.720514 0.891642 0.722396 0.924549 0.920863 0.948395 0.965190 0.997463 0.988907 0.943361 0.995966 0.891419 0.866226 0.898622 0.918094 0.904738 0.974235 0.882527 0.892028 0.912731 0.898776 0.986174 0.993405 0.948100 0.975134 0.935293 0.990485 0.900534 0.917525 0.973989 0.958238 0.874995 0.890958 0.917952 0.951791 0.862967 0.898594 0.911422 0.949101 0.820229 0.950019 0.832702 0.908168 0.949406 0.999883 0.909091 0.884410 0.919029 0.874461 0.966902 0.994339 0.927874 0.949378 0.991539 0.931457 0.968605 0.984032 0.992249 0.986921 0.928685 0.937558 0.943249 0.917499 0.981107 0.960923 0.948597 0.952626 0.944046 0.968031 0.970235 0.865009 0.980434 0.981671 0.995418 0.817152 0.903144 0.923167 0.925088 0.996975 0.829491 0.979191
0.524388 0.657434 0.826198 0.699430 0.731783 0.944453 0.686925 0.569602 0.912990 0.415756 0.479954 0.412002 0.415443 0.390571 0.280759 0.371936 0.523329 0.528414 0.369292 0.487193 0.879741 0.975919 0.000000 0.412203 0.936018 0.746222 0.817044 0.998474 0.453621 0.447572 0.611529 0.647238 0.509108 0.636046 0.931134 0.850088 0.696967 0.844763 0.985119 0.995506 0.930988 0.767809 0.719516 0.711304 0.677188 0.596876 0.660108 0.589369 0.506840 0.506736 0.609734 0.689644 0.763352 0.966836 0.791693 0.911751 0.656902 0.777372 0.717291 0.955998 0.793978 0.572639 0.585385 0.505309 0.994568 0.959254 0.861175 0.935305 0.638407 0.726099 0.636366 0.706826 0.572494 0.648165 0.810700 0.957515 0.647398 0.821885 0.872435 0.770858 0.617409 0.608948 0.540724 0.751285 0.400029 0.499368 0.717747 0.557522 0.757237 0.617435 0.974801 0.925194 0.897904 0.743673 0.946736 0.821505 0.829915 0.869357 0.791236 0.687835 0.908142 0.973860 0.883332 0.637515 0.869989 0.828595 0.997959 0.883214 0.784011 0.883774 0.832186 0.796765 0.828178 0.911819 0.942918 0.821400
0.669036 0.764091 0.982390 0.745683 0.662889 0.961651 0.872298 0.699756 0.942823 0.633708 0.620988 0.438529 0.619262 0.424394 0.463980 0.410319 0.681964 0.673404 0.569849 0.622988 0.914697 0.978864 0.412203 0.000000 0.841466 0.742893 0.954613 0.955070 0.592258 0.599244 0.796330 0.759073 0.743783 0.769655 0.866480 0.756334 0.885409 0.950344 0.979480 0.813582 0.894494 0.954597 0.813068 0.797165 0.817668 0.709848 0.836853 0.751502 0.584850 0.646975 0.795032 0.884428 0.952546 0.913401 0.901885 0.955762 0.836571 0.882062 0.825359 0.907264 0.858647 0.580348 0.650789 0.608072 0.920795 0.918818 0.971911 0.928118 0.850933 0.840010 0.770863 0.790199 0.881991 0.868795 0.833066 0.947829 0.820391 0.993532 0.926744 0.824312 0.739707 0.732579 0.695505 0.808634 0.497799 0.430191 0.807678 0.568123 0.896937 0.576259 0.836741 0.784243 0.731856 0.680981 0.843397 0.851331 0.896058 0.801447 0.982375 0.855577 0.957943 0.898309 0.949114 0.928121 0.998600 0.992850 0.977307 0.861035 0.906564 0.967062 0.992496 0.879204 0.956105 0.917296 0.888121 0.782513
0.961189 0.883229 0.808875 0.865491 0.953222 0.891110 0.832757 0.877371 0.947694 0.948915 0.874306 0.906795 0.986083 0.951468 0.953938 0.776445 0.854541 0.841332 0.889179 0.854604 0.856515 0.976403 0.936018 0.841466 0.000000 0.619675 0.974890 0.949733 0.977146 0.920346 0.781391 0.732862 0.862306 0.778893 0.836886 0.909674 0.840950 0.882544 0.751980 0.954197 0.806065 0.942003 0.918068 0.827150 0.837231 0.879665 0.843539 0.794846 0.942897 0.929796 0.859185 0.768810 0.732187 0.848023 0.841937 0.620035 0.899712 0.955667 0.981728 0.928740 0.908000 0.938851 0.910759 0.922116 0.956497 0.980170 0.904623 0.917704 0.910825 0.906860 0.816052 0.979733 0.802423 0.801975 0.995241 0.921498 0.735394 0.908689 0.788592 0.696334 0.706380 0.756108 0.923196 0.854949 0.957594 0.958499 0.950247 0.926359 0.887276 0.940737 0.944976 0.966581 0.933770 0.984079 0.979846 0.992821 0.979485 0.962233 0.889096 0.916541 0.996448 0.968746 0.751179 0.935798 0.990408 0.944751 0.959417 0.990043 0.928807 0.899302 0.994080 0.878388 0.779628 0.806752 0.914167 0.876404
0.669088 0.668341 0.525584 0.621031 0.829573 0.685318 0.667508 0.845228 0.825150 0.985735 0.918851 0.670552 0.860121 0.716681 0.795629 0.691944 0.753674 0.728445 0.707154 0.782687 0.852075 0.845913 0.746222 0.742893 0.619675 0.000000 0.724688 0.976291 0.816767 0.779799 0.695628 0.787289 0.823774 0.804993 0.602114 0.747665 0.993894 0.753693 0.856180 0.829077 0.984266 0.966223 0.833971 0.856768 0.788027 0.941978 0.930060 0.826648 0.672861 0.887237 0.749113 0.681383 0.714639 0.553627 0.934438 0.794651 0.616711 0.612687 0.965511 0.878410 0.741252 0.981284 0.943505 0.795567 0.601275 0.640598 0.580122 0.529416 0.722506 0.869610 0.810505 0.881238 0.805625 0.732265 0.875548 0.906732 0.827064 0.751875 0.978221 0.892294 0.936605 0.796298 0.716193 0.894845 0.747238 0.770234 0.915604 0.756906 0.935559 0.759788 0.585670 0.648294 0.585751 0.637427 0.785981 0.920648 0.842499 0.749817 0.760094 0.765192 0.783491 0.590522 0.666943 0.859642 0.643460 0.757976 0.915136 0.737194 0.924202 0.983850 0.767888 0.747641 0.889494 0.793882 0.739423 0.967566
0.811914 0.856405 0.763360 0.791141 0.793712 0.796037 0.853776 0.910411 0.984878 0.991935 0.863310 0.813890 0.912403 0.883283 0.910591 0.948762 0.855084 0.842364 0.850325 0.837903 0.956603 0.842242 0.817044 0.954613 0.974890 0.724688 0.000000 0.945144 0.965676 0.927759 0.905786 0.846778 0.920696 0.838458 0.704858 0.823845 0.934089 0.954882 0.995183 0.913729 0.967385 0.907730 0.778399 0.747475 0.768092 0.825098 0.847275 0.781582 0.902725 0.911812 0.834722 0.860963 0.854314 0.791922 0.894455 0.776537 0.813433 0.894488 0.982658 0.979812 0.780645 0.953984 0.938821 0.988604 0.733305 0.785427 0.692554 0.603034 0.802272 0.935843 0.960794 0.916368 0.950371 0.986629 0.937014 0.970067 0.989045 0.878136 0.979613 0.943159 0.910145 0.832469 0.806638 0.898320 0.878640 0.903743 0.916605 0.802421 0.825794 0.944268 0.944272 0.937713 0.841672 0.919698 0.883736 0.924258 0.907243 0.888863 0.821530 0.883576 0.940085 0.894099 0.876811 0.991367 0.772129 0.887451 0.992355 0.860736 0.914907 0.888172 0.920613 0.918145 0.874565 0.746566 0.864388 0.971803
0.874969 0.771339 0.888869 0.946676 0.770254 0.891553 0.996201 0.775614 0.979689 0.998703 0.986640 0.796676 0.918889 0.823411 0.943772 0.842210 0.985540 0.987598 0.972908 0.948018 0.826327 0.918721 0.998474 0.955070 0.949733 0.976291 0.945144 0.000000 0.986307 0.978346 0.959780 0.908799 0.958263 0.978091 0.999900 0.814043 0.975384 0.909391 0.984550 0.989707 0.912981 0.870208 0.862272 0.867087 0.892413 0.912084 0.992810 0.847149 0.751035 0.787688 0.870899 0.813885 0.922552 0.990118 0.942840 0.849364 0.909883 0.909414 0.890634 0.750880 0.855187 0.800664 0.937745 0.956970 0.979540 0.840936 0.991598 0.998592 0.920435 0.948320 0.985233 0.960204 0.989826 0.886874 0.921085 0.893331 0.889000 0.926687 0.992935 0.923456 0.994266 0.946315 0.953668 0.936809 0.840671 0.810971 0.805870 0.970477 0.807448 0.909299 0.934118 0.978143 0.995250 0.980310 0.859162 0.886839 0.946035 0.850041 0.856623 0.845492 0.789107 0.982758 0.987119 0.850803 0.916348 0.896479 0.942797 0.955204 0.982886 0.995924 0.960742 0.868924 0.845298 0.950675 0.987273 0.985032
0.419498 0.444012 0.968899 0.770478 0.995296 0.823792 0.770703 0.579852 0.779404 0.465654 0.423422 0.436211 0.531175 0.430570 0.543861 0.517644 0.354627 0.325301 0.375146 0.414163 0.773573 0.988891 0.453621 0.592258 0.977146 0.816767 0.965676 0.986307 0.000000 0.275398 0.606118 0.568823 0.511057 0.492487 0.910504 0.986082 0.714623 0.989617 0.935885 0.829727 0.806487 0.832557 0.746162 0.639574 0.667825 0.500196 0.700004 0.570439 0.475169 0.587863 0.754556 0.877999 0.943269 0.861942 0.819009 0.885645 0.484598 0.508462 0.685149 0.899655 0.754559 0.671771 0.439949 0.344930 0.786815 0.847354 0.992530 0.970891 0.651362 0.566558 0.836436 0.786105 0.695418 0.824232 0.884024 0.918965 0.798802 0.753720 0.564423 0.565262 0.329754 0.382914 0.394859 0.469593 0.413200 0.564731 0.870445 0.514748 0.925776 0.724360 0.705114 0.600433 0.618032 0.481779 0.918948 0.879246 0.981598 0.813790 0.928239 0.832159 0.879213 0.890102 0.934405 0.794011 0.895307 0.968519 0.891674 0.669753 0.873930 0.992901 0.966025 0.962611 0.771330 0.914522 0.920985 0.745611
0.468702 0.510202 0.895798 0.764284 0.945870 0.965617 0.655667 0.602356 0.873275 0.428072 0.348935 0.468008 0.448651 0.444804 0.432553 0.469475 0.277110 0.263190 0.339650 0.478215 0.793308 0.850594 0.447572 0.599244 0.920346 0.779799 0.927759 0.978346 0.275398 0.000000 0.538181 0.528462 0.430907 0.420329 0.894636 0.986286 0.762622 0.972589 0.907966 0.846789 0.770530 0.858230 0.670647 0.551383 0.624965 0.491452 0.606724 0.515594 0.553898 0.605945 0.720251 0.857776 0.895260 0.956266 0.801344 0.914779 0.503920 0.592455 0.721490 0.900971 0.668250 0.798187 0.340859 0.274055 0.821371 0.837558 0.887104 0.927158 0.820581 0.705677 0.741960 0.695276 0.678414 0.757881 0.933002 0.988782 0.730172 0.692860 0.469901 0.485573 0.290382 0.383525 0.434818 0.470423 0.502690 0.565097 0.910876 0.562098 0.989157 0.729491 0.701612 0.618611 0.571856 0.487575 0.878800 0.843887 0.936706 0.731784 0.919916 0.816673 0.972086 0.877667 0.867445 0.707757 0.935567 0.938548 0.876548 0.686513 0.756183 0.859250 0.984998 0.899898 0.718023 0.881680 0.938439 0.780906
0.810622 0.967173 0.484493 0.405188 0.951287 0.738010 0.315704 0.503494 0.895035 0.497328 0.555534 0.775833 0.540416 0.666510 0.533615 0.687330 0.675036 0.684245 0.627278 0.774055 0.573966 0.844247 0.611529 0.796330 0.781391 0.695628 0.905786 0.959780 0.606118 0.538181 0.000000 0.362633 0.357967 0.325348 0.769439 0.911857 0.859613 0.695314 0.706375 0.999794 0.854806 0.849039 0.408771 0.430140 0.465616 0.500959 0.570825 0.441487 0.920111 0.776766 0.451290 0.463381 0.497264 0.523584 0.772905 0.788211 0.971769 0.919189 0.820992 0.901994 0.467589 0.823887 0.457393 0.573262 0.802962 0.758668 0.470579 0.527006 0.969624 0.988023 0.416254 0.460255 0.406844 0.379129 0.764523 0.871703 0.528574 0.405409 0.562630 0.558952 0.575218 0.775746 0.825543 0.839862 0.802359 0.799841 0.960028 0.839737 0.935942 0.908424 0.723969 0.896369 0.883795 0.964374 0.806339 0.787982 0.721241 0.963924 0.558133 0.526584 0.656605 0.597259 0.492837 0.505550 0.592416 0.675726 0.873402 0.952020 0.860487 0.806697 0.756146 0.733997 0.628528 0.705861 0.662080 0.767338
0.817642 0.889077 0.528558 0.533462 0.920198 0.716389 0.387086 0.497487 0.916937 0.531252 0.614947 0.794837 0.587244 0.610394 0.594627 0.701604 0.657709 0.681499 0.590326 0.753784 0.640367 0.975657 0.647238 0.759073 0.732862 0.787289 0.846778 0.908799 0.568823 0.528462 0.362633 0.000000 0.376112 0.350872 0.723352 0.847846 0.861030 0.795919 0.695388 0.915624 0.846430 0.875437 0.402559 0.400568 0.415114 0.470352 0.547439 0.434195 0.798836 0.709184 0.442261 0.513607 0.545122 0.602455 0.759555 0.651128 0.925137 0.962930 0.947754 0.815102 0.545652 0.741001 0.539907 0.587712 0.859853 0.776038 0.552411 0.597591 0.877643 0.858967 0.492810 0.607542 0.504028 0.493666 0.689041 0.888045 0.569275 0.497224 0.604759 0.539650 0.533888 0.737651 0.693595 0.831878 0.751098 0.719164 0.868759 0.747359 0.929623 0.870765 0.863599 0.997701 0.977209 0.902447 0.941790 0.737013 0.798643 0.998086 0.660738 0.507816 0.786750 0.703426 0.589784 0.551922 0.668988 0.822575 0.898567 0.993972 0.860530 0.853389 0.861189 0.627853 0.656855 0.651052 0.726475 0.701412
0.650699 0.835260 0.475270 0.508294 0.928212 0.748242 0.362677 0.473412 0.920201 0.488209 0.451558 0.692163 0.460526 0.588579 0.474973 0.640633 0.554434 0.593454 0.501134 0.668235 0.704185 0.864392 0.509108 0.743783 0.862306 0.823774 0.920696 0.958263 0.511057 0.430907 0.357967 0.376112 0.000000 0.355870 0.786640 0.837611 0.660410 0.717240 0.711795 0.918109 0.862411 0.842785 0.472006 0.427136 0.429663 0.434649 0.547214 0.392646 0.812804 0.653896 0.444736 0.552259 0.591060 0.650843 0.723268 0.866427 0.798478 0.944396 0.721681 0.936030 0.469757 0.736166 0.430204 0.456869 0.767677 0.872691 0.485536 0.587950 0.918751 0.705635 0.479332 0.512336 0.481936 0.544279 0.750158 0.967356 0.564975 0.496200 0.667080 0.593264 0.502496 0.674243 0.712013 0.708664 0.641202 0.749947 0.907587 0.729600 0.845566 0.764027 0.864816 0.979661 0.996981 0.892168 0.863159 0.824758 0.638958 0.965196 0.626682 0.555317 0.734949 0.763599 0.540857 0.459559 0.660255 0.623133 0.969185 0.940041 0.763079 0.781478 0.728414 0.570948 0.574673 0.694749 0.676412 0.825945
0.738560 0.789125 0.588700 0.589949 0.955006 0.820165 0.433033 0.501278 0.914530 0.527411 0.552694 0.689323 0.574628 0.572313 0.551885 0.709091 0.537326 0.563130 0.582876 0.705769 0.700867 0.800124 0.636046 0.769655 0.778893 0.804993 0.838458 0.978091 0.492487 0.420329 0.325348 0.350872 0.355870 0.000000 0.808878 0.787834 0.815995 0.740152 0.732447 0.905529 0.912549 0.954243 0.457364 0.393692 0.418973 0.407823 0.550034 0.436730 0.782967 0.685652 0.529964 0.615295 0.640663 0.725335 0.774952 0.785942 0.802617 0.873133 0.835340 0.966253 0.487286 0.759910 0.397470 0.443251 0.890492 0.824780 0.572824 0.553280 0.999495 0.859427 0.532078 0.606538 0.545020 0.548042 0.804924 0.920403 0.650238 0.516735 0.550700 0.552099 0.453286 0.631688 0.712501 0.643220 0.680726 0.702984 0.988916 0.697473 0.980369 0.862761 0.983689 0.855293 0.875918 0.785634 0.892294 0.810126 0.834872 0.944121 0.701123 0.632263 0.793988 0.827700 0.625900 0.599384 0.742440 0.803913 0.831125 0.877055 0.840709 0.803983 0.889280 0.730770 0.630963 0.743327 0.710439 0.751929
0.920993 0.814051 0.521403 0.675637 0.999720 0.768212 0.646252 0.763170 0.702916 0.948727 0.932482 0.864641 0.853667 0.951580 0.988669 0.916053 0.914143 0.772196 0.925608 0.915195 0.992894 0.976116 0.931134 0.866480 0.836886 0.602114 0.704858 0.999900 0.910504 0.894636 0.769439 0.723352 0.786640 0.808878 0.000000 0.935751 0.931376 0.830304 0.774231 0.997845 0.950816 0.944769 0.656207 0.746414 0.669623 0.786170 0.677585 0.630257 0.830009 0.935931 0.601728 0.644689 0.574905 0.615954 0.674762 0.743925 0.910638 0.838016 0.846274 0.963327 0.606917 0.821166 0.935743 0.951286 0.527700 0.682469 0.486237 0.526457 0.921173 0.892391 0.920333 0.871089 0.876436 0.889158 0.869764 0.842505 0.784414 0.821600 0.953977 0.876717 0.958069 0.801130 0.795431 0.927880 0.989249 0.860219 0.794460 0.879781 0.771053 0.892428 0.615408 0.718801 0.644404 0.703158 0.674960 0.949132 0.781349 0.645934 0.620810 0.629534 0.661416 0.684664 0.640656 0.754608 0.511715 0.674138 0.933297 0.808441 0.989831 0.862007 0.778699 0.717841 0.785067 0.647940 0.589241 0.872920
0.818473 0.859594 0.818486 0.984454 0.895744 0.988813 0.920972 0.894484 0.980925 0.835957 0.954834 0.733482 0.954773 0.848227 0.895116 0.846821 0.953318 0.869545 0.880612 0.833658 0.958296 0.720514 0.850088 0.756334 0.909674 0.747665 0.823845 0.814043 0.986082 0.986286 0.911857 0.847846 0.837611 0.787834 0.935751 0.000000 0.988578 0.884073 0.942045 0.973199 0.879796 0.985419 0.940856 0.915108 0.931443 0.997417 0.935786 0.993963 0.799465 0.819110 0.989618 0.989039 0.942178 0.865763 0.937813 0.995330 0.888501 0.913750 0.893198 0.847593 0.956837 0.875556 0.961509 0.941905 0.944374 0.992455 0.818122 0.799408 0.925661 0.909892 0.974208 0.971309 0.913491 0.919639 0.946490 0.899680 0.887537 0.752784 0.991384 0.961397 0.957750 0.952758 0.918000 0.997603 0.795130 0.812654 0.967106 0.984803 0.843999 0.826395 0.920037 0.999834 0.916690 0.939733 0.878478 0.891754 0.886847 0.973745 0.977295 0.988888 0.998585 0.817620 0.870632 0.937639 0.953750 0.947129 0.916247 0.959380 0.802075 0.914732 0.935138 0.937784 0.832636 0.811555 0.816694 0.999248
0.659323 0.762554 0.915050 0.803996 0.872520 0.925353 0.883617 0.804441 0.960501 0.775061 0.687788 0.714388 0.785274 0.803643 0.824756 0.939266 0.706487 0.736986 0.664529 0.662165 0.959094 0.891642 0.696967 0.885409 0.840950 0.993894 0.934089 0.975384 0.714623 0.762622 0.859613 0.861030 0.660410 0.815995 0.931376 0.988578 0.000000 0.839765 0.938500 0.864580 0.886683 0.935689 0.965394 0.979984 0.942616 0.879331 0.844112 0.928702 0.916834 0.879060 0.853625 0.967367 0.997061 0.895370 0.887252 0.924713 0.699484 0.767694 0.755821 0.907034 0.935979 0.859038 0.771398 0.699603 0.948093 0.921009 0.978060 0.904616 0.680435 0.593172 0.787069 0.898980 0.866025 0.983210 0.849191 0.900278 0.743677 0.899019 0.860631 0.878368 0.710793 0.643322 0.828497 0.855056 0.651899 0.750729 0.838770 0.799880 0.795205 0.665746 0.955327 0.919439 0.987636 0.890687 0.894789 0.909411 0.688743 0.866544 0.903377 0.922916 0.949575 0.848068 0.804405 0.813245 0.972937 0.785782 0.925331 0.900564 0.835143 0.852802 0.805254 0.765882 0.939340 0.937631 0.930989 0.795928
0.951675 0.908263 0.741637 0.737980 0.883644 0.895617 0.709807 0.832411 0.826839 0.924786 0.919268 0.977399 0.977488 0.943623 0.951416 0.820811 0.982400 0.991860 0.874238 0.765116 0.918422 0.722396 0.844763 0.950344 0.882544 0.753693 0.954882 0.909391 0.989617 0.972589 0.695314 0.795919 0.717240 0.740152 0.830304 0.884073 0.839765 0.000000 0.939985 0.914793 0.931709 0.688349 0.850877 0.923878 0.767837 0.891423 0.932347 0.859234 0.914721 0.916149 0.705384 0.805663 0.679013 0.723535 0.798390 0.955496 0.958047 0.856911 0.894458 0.737669 0.896497 0.868282 0.989653 0.954395 0.903773 0.820460 0.794250 0.816827 0.759568 0.922973 0.658401 0.771501 0.554293 0.643164 0.971840 0.919794 0.774627 0.846190 0.981327 0.998067 0.883627 0.965306 0.909988 0.926751 0.876423 0.993843 0.919957 0.962595 0.882782 0.937964 0.720240 0.805599 0.790391 0.780854 0.876994 0.902046 0.789652 0.899731 0.899299 0.816334 0.785442 0.781523 0.786811 0.863157 0.920098 0.872240 0.983334 0.855902 0.941658 0.881876 0.764770 0.818908 0.913916 0.732759 0.898882 0.955282
