0.000000 0.314158 0.899317 0.936405 0.758146 0.666079 0.650056 0.554505 0.701363 0.570375 0.452847 0.492225 0.827270 0.813351 0.968689 0.819659 0.344779 0.381154 0.478991 0.453815 0.896582 0.926386 0.734873 0.754405 0.735130 0.791026 0.850061 0.794830 0.544457 0.529610 0.958422 0.855056 0.568759 0.576770 0.920943 0.855246 0.901277 0.835958 0.960259 0.968575 0.729375 0.937519 0.627487 0.569094 0.495262 0.471537 0.780280 0.582803 0.481246 0.520978 0.621839 0.676025 0.763315 0.785074 0.862138 0.872363 0.308574 0.349535 0.496589 0.789069 0.482817 0.643018 0.487284 0.409859 0.682703 0.954781 0.717019 0.665134 0.693204 0.616489 0.777100 0.785238 0.820745 0.686141 0.895002 0.762080 0.596040 0.731440 0.770271 0.661343 0.427456 0.554967 0.949167 0.776231 0.837077 0.752467 0.886607 0.624185 0.764705 0.802994 0.602253 0.676717 0.732110 0.856600 0.839786 0.872874 0.623655 0.858923 0.448572 0.503020 0.607653 0.773361 0.487405 0.577638 0.857774 0.845338 0.862732 0.810840 0.911060 0.888286 0.664537 0.608925 0.679215 0.900291 0.812022 0.972583
0.314158 0.000000 0.803276 0.894230 0.787875 0.676750 0.748278 0.591409 0.824469 0.584596 0.509659 0.462735 0.911311 0.798848 0.916259 0.908095 0.368480 0.375968 0.514854 0.457838 0.870402 0.804039 0.710018 0.701718 0.755316 0.757586 0.922198 0.816309 0.546003 0.508931 0.966403 0.859272 0.543698 0.553156 0.938351 0.905342 0.919872 0.806003 0.961415 0.975720 0.755436 0.852343 0.659191 0.588960 0.507788 0.456242 0.838941 0.639444 0.522299 0.535579 0.678529 0.730718 0.871341 0.839798 0.843306 0.803472 0.271784 0.279129 0.564578 0.743432 0.571098 0.622261 0.569497 0.405436 0.673642 0.940811 0.698908 0.633475 0.733825 0.599164 0.733855 0.817220 0.808326 0.689230 0.863435 0.724033 0.595657 0.692426 0.713610 0.661595 0.438842 0.589969 0.957911 0.814923 0.786368 0.788197 0.834869 0.711137 0.690999 0.764468 0.640930 0.702252 0.757470 0.844855 0.819453 0.908724 0.637811 0.835294 0.507760 0.567504 0.610842 0.755860 0.507092 0.590991 0.932216 0.908360 0.985092 0.839891 0.951082 0.889851 0.666356 0.563129 0.672387 0.906372 0.897576 0.961303
0.899317 0.803276 0.000000 0.381795 0.972402 0.808238 0.608892 0.838302 0.727469 0.915185 0.855938 0.626410 0.985964 0.971289 0.771979 0.920311 0.865044 0.772450 0.779901 0.857813 0.998947 0.816704 0.444998 0.583898 0.586959 0.590025 0.974007 0.874145 0.932523 0.750523 0.494003 0.555504 0.711010 0.839104 0.689696 0.867361 0.821913 0.919085 0.778539 0.764504 0.976679 0.938020 0.726761 0.849083 0.973466 0.909204 0.662030 0.802496 0.788754 0.995583 0.959236 0.828449 0.878497 0.839532 0.771138 0.885210 0.828725 0.740079 0.840320 0.906563 0.956826 0.898911 0.925928 0.662598 0.416301 0.587385 0.639823 0.806222 0.934014 0.880340 0.830831 0.790537 0.918764 0.894986 0.983230 0.894404 0.780484 0.722066 0.925107 0.976238 0.793668 0.803834 0.999236 0.758087 0.654161 0.765645 0.958638 0.912237 0.935892 0.770544 0.835758 0.765491 0.830379 0.673245 0.985200 0.871551 0.938546 0.886421 0.968487 0.854716 0.890818 0.756778 0.937785 0.903773 0.770834 0.695068 0.870153 0.776381 0.897368 0.946027 0.924893 0.905695 0.975718 0.960556 0.904804 0.944951
0.936405 0.894230 0.381795 0.000000 0.929020 0.851817 0.731440 0.809805 0.715340 0.874082 0.789135 0.771807 0.920835 0.957847 0.884730 0.953535 0.846142 0.749879 0.877054 0.953679 0.954109 0.927743 0.502739 0.522991 0.559464 0.552848 0.914124 0.767632 0.900698 0.739419 0.533282 0.690566 0.816558 0.945343 0.653773 0.932721 0.677949 0.744810 0.754487 0.833287 0.832332 0.993813 0.871345 0.996819 0.817191 0.783551 0.813624 0.902047 0.703417 0.926134 0.972605 0.900602 0.907680 0.788513 0.730315 0.951766 0.875597 0.835390 0.765570 0.758159 0.928556 0.885648 0.899611 0.785847 0.493388 0.467834 0.700742 0.842589 0.946862 0.944562 0.759373 0.703611 0.789014 0.833615 0.919503 0.874555 0.772381 0.845639 0.864409 0.931291 0.918781 0.847226 0.961713 0.900882 0.746588 0.738198 0.873943 0.866851 0.924407 0.711302 0.831895 0.810616 0.778418 0.692591 0.943925 0.902750 0.958126 0.993028 0.959613 0.975481 0.979417 0.740739 0.951282 0.960027 0.760200 0.780440 0.876945 0.768345 0.822017 0.948458 0.947787 0.857975 0.904634 0.821532 0.989124 0.929679
0.758146 0.787875 0.972402 0.929020 0.000000 0.720244 0.890838 0.899295 0.987918 0.811271 0.736976 0.748092 0.851305 0.884220 0.940765 0.950021 0.859947 0.776579 0.751969 0.747714 0.912285 0.983291 0.961652 0.981916 0.921011 0.786095 0.974236 0.891125 0.845504 0.862767 0.997104 0.859465 0.782117 0.852869 0.909229 0.743547 0.961887 0.944270 0.871163 0.867538 0.915565 0.895463 0.976894 0.906387 0.839648 0.847317 0.922257 0.865785 0.985085 0.960054 0.990157 0.997193 0.980845 0.975994 0.843931 0.993028 0.819329 0.795170 0.965733 0.985099 0.855802 0.927055 0.815446 0.925126 0.852850 0.994178 0.789173 0.783398 0.970651 0.890209 0.925352 0.980712 0.862840 0.761514 0.988760 0.929595 0.879987 0.828881 0.925266 0.961986 0.778503 0.721898 0.987445 0.989267 0.937625 0.998264 0.997340 0.992260 0.840269 0.722031 0.936973 0.898158 0.962450 0.911290 0.969594 0.998199 0.871052 0.967501 0.879533 0.886142 0.942578 0.906966 0.966383 0.970074 0.951000 0.853722 0.824529 0.978145 0.989391 0.871023 0.805341 0.941268 0.897903 0.954588 0.993048 0.739315
0.666079 0.676750 0.808238 0.851817 0.720244 0.000000 0.722059 0.636355 0.741483 0.596172 0.611831 0.564150 0.751823 0.789783 0.931451 0.708984 0.708183 0.692553 0.742010 0.755768 0.991313 0.940619 0.741621 0.755237 0.694978 0.728340 0.733260 0.937282 0.724205 0.656704 0.982222 0.965064 0.886729 0.757340 0.790125 0.838604 0.962303 0.988461 0.976028 0.855704 0.912303 0.844226 0.854591 0.769635 0.691672 0.653615 0.943666 0.807284 0.716816 0.810296 0.862238 0.911345 0.823545 0.797737 0.793699 0.882855 0.670824 0.743127 0.812729 0.915232 0.671857 0.753869 0.714041 0.682740 0.649766 0.897506 0.905634 0.831779 0.939394 0.808374 0.835785 0.876097 0.879433 0.843827 0.876434 0.736481 0.830137 0.863828 0.805803 0.805914 0.833655 0.787630 0.933453 0.910716 0.769356 0.714354 0.866736 0.962314 0.884189 0.690639 0.732880 0.806411 0.754274 0.831900 0.908230 0.998741 0.686051 0.751410 0.581930 0.765016 0.645520 0.724117 0.796411 0.735215 0.879494 0.963301 0.669762 0.978369 0.878438 0.955075 0.781558 0.777155 0.727096 0.925331 0.939500 0.769989
0.650056 0.748278 0.608892 0.731440 0.890838 0.722059 0.000000 0.382967 0.555775 0.451792 0.538147 0.830283 0.671972 0.737268 0.905061 0.916083 0.670470 0.722594 0.397771 0.764761 0.842110 0.933931 0.906977 0.936817 0.779010 0.895079 0.644570 0.838369 0.694501 0.688116 0.766257 0.601501 0.559602 0.457081 0.969102 0.919065 0.894791 0.972703 0.877097 0.872375 0.998827 0.926709 0.473871 0.514346 0.449148 0.517957 0.564148 0.525130 0.650005 0.655473 0.581827 0.580057 0.662134 0.588340 0.925722 0.970721 0.707047 0.880542 0.485480 0.817951 0.494570 0.817988 0.534367 0.777128 0.941153 0.884257 0.489454 0.558127 0.975441 0.918636 0.681680 0.686546 0.847030 0.714656 0.979080 0.671609 0.563138 0.645956 0.757824 0.764161 0.888610 0.883717 0.906586 0.990152 0.990688 0.832799 0.832944 0.749340 0.881704 0.902875 0.405024 0.420204 0.562559 0.568771 0.768604 0.790312 0.700445 0.925652 0.463694 0.462330 0.664379 0.527290 0.690485 0.668649 0.867275 0.670886 0.708739 0.682510 0.901492 0.989317 0.671862 0.733691 0.561753 0.872764 0.919210 0.894057
0.554505 0.591409 0.838302 0.809805 0.899295 0.636355 0.382967 0.000000 0.564977 0.406192 0.492861 0.520887 0.652680 0.604404 0.943464 0.785744 0.614299 0.700815 0.434790 0.699261 0.725785 0.919427 0.835041 0.729037 0.650367 0.816905 0.629266 0.776042 0.637879 0.572011 0.935209 0.790313 0.646259 0.552493 0.866751 0.856309 0.867710 0.929826 0.886133 0.978970 0.962423 0.986722 0.581162 0.569030 0.511355 0.528255 0.777483 0.589066 0.579169 0.670040 0.556949 0.651419 0.644837 0.532057 0.838707 0.962318 0.617701 0.738279 0.497878 0.600535 0.394471 0.477691 0.578504 0.558766 0.763125 0.858925 0.721825 0.632048 0.894942 0.825961 0.663343 0.769355 0.804188 0.738574 0.985486 0.786502 0.599535 0.801883 0.822095 0.780261 0.851917 0.953690 0.806714 0.910962 0.639883 0.566184 0.776794 0.643538 0.816550 0.830607 0.365859 0.442353 0.594816 0.614545 0.707010 0.870790 0.640051 0.768196 0.457583 0.533275 0.523918 0.441688 0.623412 0.553631 0.986973 0.720360 0.785080 0.772304 0.891841 0.936580 0.706380 0.677096 0.585297 0.779740 0.902711 0.954459
0.701363 0.824469 0.727469 0.715340 0.987918 0.741483 0.555775 0.564977 0.000000 0.670703 0.774400 0.825883 0.846749 0.848415 0.932471 0.664621 0.722799 0.805324 0.666270 0.817750 0.895286 0.865322 0.937653 0.980169 0.978797 0.870694 0.882821 0.950845 0.840473 0.863860 0.776406 0.772584 0.794505 0.770494 0.975166 0.760165 0.637545 0.801371 0.853848 0.811372 0.853607 0.944313 0.641793 0.682309 0.731467 0.789591 0.655174 0.671185 0.746166 0.657248 0.562038 0.622760 0.577196 0.566617 0.962687 0.974401 0.741177 0.839146 0.601327 0.682333 0.605496 0.715806 0.853482 0.780281 0.894000 0.773068 0.827929 0.925074 0.824923 0.800477 0.704047 0.683065 0.858303 0.763660 0.859750 0.842748 0.680953 0.857823 0.858960 0.887935 0.866879 0.999632 0.889712 0.876769 0.910447 0.809958 0.805392 0.826115 0.952313 0.912433 0.585093 0.667525 0.691307 0.748917 0.842740 0.916921 0.762654 0.954199 0.631898 0.651488 0.747499 0.773107 0.654448 0.758916 0.894719 0.675554 0.696167 0.739841 0.952198 0.994960 0.843140 0.820790 0.830821 0.955074 0.788784 0.892000
0.570375 0.584596 0.915185 0.874082 0.811271 0.596172 0.451792 0.406192 0.670703 0.000000 0.430234 0.566354 0.637903 0.674845 0.972155 0.827206 0.544895 0.546213 0.468073 0.660841 0.761391 0.895216 0.695999 0.622114 0.470955 0.569533 0.642835 0.769969 0.589882 0.485837 0.942330 0.857629 0.807165 0.547758 0.748346 0.838732 0.981082 0.925484 0.950398 0.895169 0.952715 0.962864 0.547406 0.506590 0.398798 0.396543 0.775607 0.581710 0.430807 0.624410 0.592494 0.742189 0.776325 0.735779 0.732499 0.975407 0.556663 0.706165 0.644210 0.885820 0.561339 0.744982 0.499493 0.537472 0.524886 0.753131 0.792519 0.795694 0.995725 0.872156 0.680295 0.744727 0.942777 0.747270 0.962213 0.769514 0.626026 0.827534 0.838525 0.814784 0.775603 0.838318 0.806476 0.889757 0.627519 0.539038 0.849691 0.793768 0.740376 0.646272 0.393963 0.480884 0.637379 0.749889 0.747161 0.922438 0.698257 0.778292 0.425965 0.476742 0.544029 0.646587 0.517790 0.479576 0.974965 0.883640 0.814643 0.783651 0.941269 0.995812 0.728512 0.532052 0.562518 0.797683 0.942824 0.804062
0.452847 0.509659 0.855938 0.789135 0.736976 0.611831 0.538147 0.492861 0.774400 0.430234 0.000000 0.490362 0.589423 0.607445 0.953742 0.893105 0.447850 0.415267 0.478478 0.502733 0.815165 0.922747 0.625996 0.580318 0.487996 0.560779 0.733726 0.663257 0.444668 0.404676 0.912590 0.867111 0.686525 0.529257 0.753754 0.856399 0.956265 0.867821 0.982166 0.971929 0.964492 0.948491 0.654705 0.545212 0.395964 0.391837 0.807910 0.569696 0.413122 0.539505 0.632240 0.637068 0.778867 0.764116 0.747431 0.963719 0.486295 0.561267 0.594372 0.818678 0.467406 0.712434 0.457290 0.506803 0.539941 0.864856 0.792434 0.719173 0.874879 0.760118 0.849319 0.946680 0.899108 0.722761 0.981069 0.750477 0.741436 0.760926 0.906482 0.694159 0.662986 0.654207 0.977137 0.856653 0.731844 0.653516 0.849215 0.764339 0.777673 0.603969 0.556637 0.603751 0.815465 0.860881 0.842316 0.947198 0.771149 0.858234 0.458170 0.473620 0.616829 0.725681 0.708913 0.672059 0.909703 0.898372 0.795732 0.874175 0.993358 0.922823 0.719354 0.612926 0.534366 0.873042 0.937234 0.924510
0.492225 0.462735 0.626410 0.771807 0.748092 0.564150 0.830283 0.520887 0.825883 0.566354 0.490362 0.000000 0.759813 0.650103 0.828621 0.647497 0.540745 0.546543 0.712468 0.579260 0.808221 0.837490 0.519737 0.579773 0.516461 0.586627 0.727869 0.732235 0.602129 0.489410 0.749836 0.904772 0.836586 0.761198 0.744844 0.863022 0.883606 0.915460 0.984754 0.875358 0.811655 0.876631 0.912900 0.805036 0.635196 0.601391 0.988722 0.739292 0.543653 0.729147 0.682069 0.821542 0.780684 0.765832 0.724745 0.932978 0.508541 0.489219 0.660464 0.638802 0.511906 0.438720 0.588838 0.357490 0.460708 0.940591 0.972603 0.818444 0.700711 0.625481 0.924918 0.985720 0.821431 0.755223 0.924936 0.879781 0.818865 0.991408 0.885508 0.820715 0.624159 0.699930 0.941589 0.655705 0.554048 0.579911 0.844356 0.787295 0.822453 0.719027 0.685256 0.822942 0.860073 0.962159 0.720741 0.952622 0.684562 0.792172 0.632734 0.761301 0.589956 0.786771 0.739045 0.633954 0.828570 0.999948 0.889899 0.970102 0.960271 0.813400 0.728512 0.758617 0.738727 0.787400 0.932412 0.852839
0.827270 0.911311 0.985964 0.920835 0.851305 0.751823 0.671972 0.652680 0.846749 0.637903 0.589423 0.759813 0.000000 0.547795 0.746552 0.774175 0.850693 0.823966 0.757516 0.896066 0.872346 0.991216 0.758823 0.775147 0.651795 0.700491 0.767155 0.784123 0.787505 0.708974 0.879961 0.966918 0.964837 0.846053 0.663296 0.915774 0.776864 0.816682 0.861679 0.959946 0.771419 0.794447 0.733113 0.661045 0.756168 0.699744 0.824933 0.730436 0.788374 0.892123 0.941535 0.960592 0.992379 0.951578 0.723158 0.961849 0.899791 0.990891 0.861817 0.952000 0.703861 0.897565 0.678216 0.843993 0.769517 0.793959 0.998246 0.953436 0.879089 0.926611 0.857050 0.891147 0.890259 0.997554 0.967802 0.810924 0.819014 0.875871 0.917844 0.930743 0.904100 0.894473 0.900625 0.883360 0.801274 0.661262 0.954553 0.868937 0.984476 0.705277 0.633856 0.674253 0.831286 0.809133 0.855462 0.893317 0.893375 0.839847 0.633333 0.662768 0.694610 0.727794 0.889525 0.784513 0.872903 0.958670 0.879454 0.906538 0.945651 0.998345 0.724948 0.800984 0.705572 0.890308 0.939298 0.981581
0.813351 0.798848 0.971289 0.957847 0.884220 0.789783 0.737268 0.604404 0.848415 0.674845 0.607445 0.650103 0.547795 0.000000 0.808686 0.742147 0.743196 0.718191 0.631364 0.731118 0.692193 0.930895 0.849744 0.856599 0.786754 0.769388 0.920398 0.799545 0.561572 0.594147 0.943001 0.895667 0.844364 0.752573 0.779757 0.895504 0.993378 0.966487 0.943538 0.914440 0.927722 0.950121 0.689397 0.640793 0.737680 0.700703 0.886114 0.650184 0.749110 0.849810 0.938461 0.882580 0.987875 0.940587 0.747412 0.951129 0.837984 0.910960 0.922004 0.912350 0.830411 0.820516 0.786637 0.829516 0.853863 0.967614 0.993555 0.968015 0.972064 0.956478 0.921812 0.974911 0.883600 0.896315 0.938706 0.727366 0.781408 0.922423 0.961437 0.820223 0.996752 0.976897 0.907791 0.924376 0.735685 0.720127 0.912280 0.859409 0.825598 0.655646 0.703237 0.800677 0.973873 0.918053 0.859052 0.827522 0.999856 0.783185 0.697244 0.722047 0.670779 0.716054 0.948887 0.851679 0.857923 0.936004 0.878002 0.918128 0.942774 0.899949 0.812913 0.778115 0.639479 0.969897 0.916541 0.992155
0.968689 0.916259 0.771979 0.884730 0.940765 0.931451 0.905061 0.943464 0.932471 0.972155 0.953742 0.828621 0.746552 0.808686 0.000000 0.728272 0.976859 0.979244 0.931101 0.983465 0.815726 0.884592 0.818247 0.754363 0.828156 0.874624 0.810775 0.792419 0.815595 0.957501 0.870463 0.810311 0.940565 0.949843 0.869254 0.906605 0.884393 0.807685 0.907156 0.878612 0.970060 0.914027 0.713617 0.743764 0.982587 0.935221 0.669019 0.774247 0.958217 0.987963 0.938103 0.942910 0.957758 0.852577 0.952817 0.876496 0.988925 0.931787 0.920741 0.724222 0.890090 0.740543 0.993534 0.823379 0.740133 0.991856 0.916698 0.794191 0.925353 0.851065 0.994073 0.988267 0.758007 0.795265 0.933327 0.971459 0.915479 0.897098 0.970418 0.938417 0.936098 0.860284 0.841194 0.858331 0.797194 0.944733 0.908908 0.948726 0.929388 0.979588 0.992856 0.988400 0.941646 0.953941 0.914754 0.972282 0.897324 0.985774 0.898797 0.820222 0.886047 0.975095 0.962174 0.991833 0.985905 0.999916 0.879656 0.771327 0.931786 0.921808 0.825038 0.875653 0.950498 0.955532 0.917066 0.950398
0.819659 0.908095 0.920311 0.953535 0.950021 0.708984 0.916083 0.785744 0.664621 0.827206 0.893105 0.647497 0.774175 0.742147 0.728272 0.000000 0.872488 0.944870 0.954679 0.858853 0.844795 0.954092 0.937244 0.920099 0.967677 0.958356 0.952160 0.962734 0.845279 0.830254 0.992047 0.982835 0.873806 0.949306 0.837440 0.746476 0.784584 0.935963 0.906268 0.896343 0.836829 0.894872 0.881191 0.908089 0.945543 0.888498 0.842574 0.808407 0.769718 0.920071 0.780786 0.914894 0.740377 0.865174 0.890192 0.929688 0.912415 0.893092 0.861338 0.937751 0.860408 0.780405 0.928625 0.795109 0.885124 0.980816 0.742788 0.807561 0.854373 0.900105 0.954994 0.881935 0.911785 0.962510 0.928217 0.950164 0.993937 0.883478 0.982524 0.997072 0.854296 0.913087 0.864486 0.727170 0.930595 0.863668 0.933538 0.982008 0.932785 0.943361 0.870724 0.954548 0.952541 0.900046 0.850001 0.945555 0.907532 0.809909 0.851545 0.960141 0.843407 0.926827 0.923398 0.828774 0.883948 0.915425 0.739660 0.929420 0.931854 0.976979 0.901152 0.996018 0.961852 0.954008 0.933847 0.900114
0.344779 0.368480 0.865044 0.846142 0.859947 0.708183 0.670470 0.614299 0.722799 0.544895 0.447850 0.540745 0.850693 0.743196 0.976859 0.872488 0.000000 0.283522 0.461018 0.472489 0.948986 0.917479 0.753720 0.696454 0.713544 0.741246 0.849082 0.813105 0.380044 0.396660 0.997686 0.830608 0.567623 0.517190 0.854678 0.860701 0.878530 0.882084 0.913653 0.909222 0.785421 0.980837 0.550845 0.527215 0.451518 0.472865 0.754839 0.557021 0.454516 0.497175 0.599035 0.651631 0.814814 0.825674 0.768764 0.869557 0.291387 0.381773 0.596016 0.856802 0.607030 0.777192 0.542898 0.449260 0.670758 0.988695 0.765043 0.726368 0.706615 0.619105 0.849005 0.808421 0.814700 0.737842 0.854016 0.699657 0.661956 0.790393 0.704104 0.584801 0.415090 0.588437 0.948919 0.782937 0.819019 0.806515 0.813042 0.678246 0.699880 0.783045 0.656855 0.754513 0.824549 0.966270 0.811967 0.880104 0.730854 0.944907 0.487542 0.464015 0.641263 0.827783 0.518384 0.677791 0.964864 0.949624 0.871986 0.848796 0.924339 0.896270 0.638734 0.614007 0.629916 0.921369 0.803323 0.928759
0.381154 0.375968 0.772450 0.749879 0.776579 0.692553 0.722594 0.700815 0.805324 0.546213 0.415267 0.546543 0.823966 0.718191 0.979244 0.944870 0.283522 0.000000 0.489196 0.444414 0.909276 0.935374 0.673142 0.656642 0.648937 0.637677 0.920967 0.788337 0.400975 0.385256 0.932894 0.836876 0.612718 0.533937 0.809440 0.824384 0.956367 0.939560 0.990200 0.974299 0.865403 0.996875 0.585307 0.526819 0.425801 0.426270 0.791885 0.535918 0.439271 0.477223 0.681972 0.660844 0.911338 0.917228 0.726046 0.921447 0.303288 0.406063 0.707370 0.948378 0.658085 0.843557 0.547759 0.495346 0.622248 0.918317 0.792899 0.760773 0.776944 0.663952 0.917232 0.923814 0.959650 0.782606 0.922183 0.721432 0.669962 0.731233 0.727514 0.634272 0.465248 0.587974 0.988658 0.834717 0.795147 0.755874 0.874504 0.730216 0.649173 0.729001 0.729078 0.788998 0.905705 0.960786 0.820843 0.917632 0.787970 0.952822 0.512692 0.490656 0.669296 0.899043 0.548913 0.729449 0.993455 0.993527 0.916887 0.864982 0.897112 0.963630 0.693064 0.555651 0.600770 0.914353 0.840243 0.904190
0.478991 0.514854 0.779901 0.877054 0.751969 0.742010 0.397771 0.434790 0.666270 0.468073 0.478478 0.712468 0.757516 0.631364 0.931101 0.954679 0.461018 0.489196 0.000000 0.573642 0.832477 0.949128 0.978821 0.813206 0.797148 0.791704 0.759298 0.830154 0.528634 0.533915 0.832481 0.611443 0.459289 0.409619 0.983930 0.898987 0.954448 0.968275 0.909989 0.924912 0.928082 0.978584 0.424232 0.433422 0.411050 0.426971 0.717652 0.449922 0.565273 0.536823 0.656352 0.601793 0.786634 0.766679 0.908043 0.918306 0.503076 0.642100 0.551582 0.819574 0.553753 0.852240 0.527803 0.660516 0.883043 0.915013 0.519366 0.549830 0.896682 0.830415 0.719800 0.848070 0.889982 0.775044 0.970470 0.686319 0.552567 0.604902 0.679737 0.686796 0.696580 0.778688 0.936026 0.955654 0.912057 0.777478 0.855452 0.700789 0.761197 0.822078 0.491681 0.500790 0.675419 0.720716 0.867163 0.824768 0.698245 0.895392 0.411017 0.384839 0.590779 0.591638 0.613124 0.707107 0.881592 0.800154 0.754085 0.840899 0.916961 0.950030 0.705747 0.595755 0.558885 0.925048 0.840150 0.870967
0.453815 0.457838 0.857813 0.953679 0.747714 0.755768 0.764761 0.699261 0.817750 0.660841 0.502733 0.579260 0.896066 0.731118 0.983465 0.858853 0.472489 0.444414 0.573642 0.000000 0.869793 0.888755 0.773944 0.846412 0.799551 0.748540 0.988000 0.801924 0.539228 0.584113 0.989873 0.840906 0.592576 0.617455 0.967550 0.930200 0.763315 0.856420 0.989693 0.982918 0.744574 0.845576 0.734773 0.664739 0.602086 0.636084 0.813431 0.619639 0.625409 0.605576 0.775705 0.744573 0.868344 0.922197 0.895423 0.963209 0.476145 0.457282 0.608225 0.767679 0.650566 0.758076 0.639334 0.560284 0.740690 0.945715 0.796009 0.757215 0.699691 0.649073 0.856551 0.927606 0.777994 0.691605 0.994598 0.888510 0.716537 0.801424 0.767230 0.699080 0.489715 0.564536 0.936250 0.783310 0.891620 0.866340 0.890796 0.747807 0.796455 0.794529 0.739941 0.735452 0.858341 0.983581 0.810925 0.886188 0.894224 0.919467 0.625700 0.618896 0.760405 0.941584 0.736573 0.699951 0.923452 0.970940 0.883799 0.885950 0.982539 0.970407 0.768903 0.698469 0.770932 0.971763 0.950803 0.961223
0.896582 0.870402 0.998947 0.954109 0.912285 0.991313 0.842110 0.725785 0.895286 0.761391 0.815165 0.808221 0.872346 0.692193 0.815726 0.844795 0.948986 0.909276 0.832477 0.869793 0.000000 0.975222 0.855846 0.859923 0.860063 0.912179 0.879710 0.929894 0.758204 0.811295 0.985505 0.980621 0.981512 0.953244 0.812716 0.842564 0.951632 0.982732 0.990498 0.879538 0.985641 0.985157 0.841432 0.913832 0.882427 0.846713 0.800922 0.923922 0.805211 0.894288 0.954302 0.936232 0.918940 0.956039 0.964009 0.823333 0.916592 0.931147 0.902028 0.928293 0.862276 0.764172 0.952808 0.815197 0.937654 0.993178 0.859894 0.952105 0.937714 0.972730 0.943291 0.946453 0.774450 0.977291 0.827107 0.891669 0.875014 0.904359 0.947173 0.994424 0.943028 0.900784 0.941069 0.998852 0.728064 0.670847 0.958506 0.852970 0.970562 0.937480 0.852119 0.830823 0.921642 0.992950 0.834092 0.987910 0.959564 0.981799 0.825224 0.916133 0.919438 0.864243 0.804232 0.839663 0.970048 0.855623 0.994329 0.971536 0.875819 0.901724 0.994036 0.808057 0.815446 0.895315 0.964555 0.871214
0.926386 0.804039 0.816704 0.927743 0.983291 0.940619 0.933931 0.919427 0.865322 0.895216 0.922747 0.837490 0.991216 0.930895 0.884592 0.954092 0.917479 0.935374 0.949128 0.888755 0.975222 0.000000 0.784830 0.811051 0.832147 0.944028 0.974934 0.830366 0.963586 0.869635 0.817026 0.797288 0.971827 0.981785 0.889897 0.945314 0.918688 0.876852 0.986402 0.979767 0.979924 0.978445 0.939424 0.997868 0.956416 0.988946 0.925857 0.858160 0.919681 0.992203 0.932564 0.979604 0.970967 0.951993 0.932718 0.960363 0.906445 0.868317 0.969271 0.888163 0.920258 0.800430 0.982225 0.832815 0.849880 0.997278 0.887849 0.978181 0.938303 0.955096 0.941678 0.972239 0.896114 0.998964 0.914140 0.939505 0.909582 0.922344 0.900291 0.976758 0.884318 0.945679 0.930568 0.899915 0.854387 0.886086 0.923141 0.954273 0.914354 0.800146 0.939224 0.952162 0.854107 0.882433 0.939482 0.768469 0.853170 0.987600 0.984792 0.953644 0.934349 0.972929 0.876377 0.980808 0.839625 0.949822 0.883835 0.758369 0.832326 0.857761 0.959601 0.932832 0.868316 0.963993 0.813647 0.964959
0.734873 0.710018 0.444998 0.502739 0.961652 0.741621 0.906977 0.835041 0.937653 0.695999 0.625996 0.519737 0.758823 0.849744 0.818247 0.937244 0.753720 0.673142 0.978821 0.773944 0.855846 0.784830 0.000000 0.339949 0.399537 0.539363 0.785495 0.704542 0.814676 0.689616 0.498281 0.728296 0.827246 0.973191 0.577771 0.777830 0.896223 0.863792 0.763646 0.807270 0.842517 0.975887 0.935198 0.912117 0.813528 0.755494 0.864067 0.983006 0.654160 0.851326 0.971565 0.953682 0.903212 0.938524 0.771207 0.878278 0.711972 0.727669 0.963668 0.916795 0.731240 0.732318 0.785689 0.534050 0.420056 0.630560 0.719924 0.883181 0.971883 0.818463 0.912254 0.842355 0.814174 0.877562 0.875859 0.939191 0.932925 0.869138 0.864941 0.979469 0.909122 0.975859 0.835876 0.825857 0.402665 0.438467 0.984350 0.834679 0.896914 0.762105 0.889290 0.910542 0.954435 0.867860 0.852358 0.910574 0.914353 0.773178 0.723295 0.869638 0.669582 0.962975 0.833419 0.751399 0.792398 0.915548 0.908334 0.849769 0.945206 0.977736 0.938200 0.688483 0.810001 0.909924 0.936984 0.973451
0.754405 0.701718 0.583898 0.522991 0.981916 0.755237 0.936817 0.729037 0.980169 0.622114 0.580318 0.579773 0.775147 0.856599 0.754363 0.920099 0.696454 0.656642 0.813206 0.846412 0.859923 0.811051 0.339949 0.000000 0.393728 0.566357 0.703627 0.691374 0.764384 0.645596 0.555142 0.801719 0.963306 0.867648 0.623125 0.870469 0.868382 0.905958 0.706800 0.915320 0.784465 0.932628 0.912439 0.817460 0.672893 0.650868 0.870601 0.925684 0.604605 0.767018 0.856886 0.942525 0.980477 0.981966 0.764235 0.861395 0.689045 0.739307 0.884915 0.854639 0.658273 0.756212 0.729807 0.563247 0.460405 0.705527 0.895551 0.956539 0.995908 0.859631 0.897191 0.826120 0.870243 0.874774 0.936867 0.993085 0.998312 0.981622 0.994930 0.881044 0.914641 0.984187 0.871668 0.943976 0.399380 0.420073 0.954243 0.820409 0.850891 0.744242 0.791236 0.808961 0.943385 0.983617 0.801930 0.926445 0.858452 0.858479 0.645448 0.743091 0.723161 0.871629 0.781042 0.737038 0.854672 0.903083 0.971604 0.832337 0.997258 0.944382 0.930814 0.641146 0.652375 0.803728 0.930764 0.994657
0.735130 0.755316 0.586959 0.559464 0.921011 0.694978 0.779010 0.650367 0.978797 0.470955 0.487996 0.516461 0.651795 0.786754 0.828156 0.967677 0.713544 0.648937 0.797148 0.799551 0.860063 0.832147 0.399537 0.393728 0.000000 0.400432 0.617080 0.643161 0.745670 0.589765 0.537421 0.792454 0.932785 0.821310 0.592327 0.852027 0.837189 0.764192 0.817471 0.804350 0.826219 0.986487 0.943535 0.811545 0.585910 0.578888 0.955835 0.856444 0.517118 0.794328 0.769666 0.885071 0.877550 0.876304 0.777300 0.905803 0.710243 0.784395 0.808219 0.920645 0.619930 0.771719 0.508428 0.504177 0.321811 0.549728 0.973198 0.957509 0.994088 0.880967 0.982631 0.962786 0.887939 0.944520 0.937229 0.993097 0.937158 0.957721 0.955492 0.984677 0.906650 0.885072 0.817487 0.869310 0.460752 0.485766 0.911698 0.901257 0.825181 0.738343 0.677660 0.700105 0.863207 0.899320 0.712517 0.962145 0.796541 0.818849 0.630199 0.715521 0.621690 0.855649 0.756116 0.612156 0.896435 0.998309 0.976256 0.972313 0.985674 0.857282 0.870704 0.659383 0.662059 0.790527 0.961401 0.844522
0.791026 0.757586 0.590025 0.552848 0.786095 0.728340 0.895079 0.816905 0.870694 0.569533 0.560779 0.586627 0.700491 0.769388 0.874624 0.958356 0.741246 0.637677 0.791704 0.748540 0.912179 0.944028 0.539363 0.566357 0.400432 0.000000 0.726513 0.666398 0.696694 0.557036 0.685553 0.869873 0.998310 0.857859 0.779880 0.883383 0.747074 0.803598 0.715399 0.782106 0.838344 0.933580 0.975291 0.873596 0.643724 0.636465 0.854405 0.879449 0.676400 0.833723 0.929015 0.988865 0.989328 0.981867 0.711173 0.958991 0.749027 0.749606 0.939325 0.998908 0.797303 0.935816 0.601888 0.632661 0.413296 0.596566 0.983042 0.916886 0.985042 0.925606 0.941333 0.933062 0.927336 0.853197 0.888303 0.910227 0.819093 0.906293 0.977497 0.967939 0.877206 0.786191 0.875992 0.880430 0.658202 0.706390 0.902894 0.941185 0.799702 0.728098 0.755383 0.777987 0.890689 0.965457 0.809103 0.938963 0.833325 0.858193 0.681692 0.744175 0.761965 0.930333 0.865196 0.730408 0.857086 0.788182 0.974220 0.956291 0.960367 0.929759 0.831299 0.722630 0.762968 0.797822 0.960850 0.887274
0.850061 0.922198 0.974007 0.914124 0.974236 0.733260 0.644570 0.629266 0.882821 0.642835 0.733726 0.727869 0.767155 0.920398 0.810775 0.952160 0.849082 0.920967 0.759298 0.988000 0.879710 0.974934 0.785495 0.703627 0.617080 0.726513 0.000000 0.782099 0.882720 0.748060 0.903633 0.997943 0.856287 0.843368 0.786766 0.829917 0.921371 0.996501 0.935519 0.870343 0.929546 0.981220 0.812591 0.849363 0.767109 0.764099 0.781241 0.922309 0.740837 0.934755 0.835834 0.920861 0.775002 0.875754 0.898766 0.992310 0.926683 0.974948 0.751445 0.881525 0.657414 0.815415 0.650791 0.696673 0.689223 0.802775 0.946886 0.816266 0.969641 0.911847 0.867328 0.883286 0.983430 0.964448 0.898111 0.928003 0.924148 0.925391 0.944266 0.918283 0.996126 0.938955 0.765377 0.855125 0.772751 0.681634 0.940066 0.871580 0.887492 0.984408 0.709390 0.772826 0.799664 0.976825 0.850582 0.968509 0.785387 0.899606 0.721278 0.771523 0.711606 0.770152 0.878513 0.775611 0.891669 0.860838 0.914153 0.841461 0.953419 0.920283 0.961457 0.897329 0.803788 0.896070 0.898378 0.888638
0.794830 0.816309 0.874145 0.767632 0.891125 0.937282 0.838369 0.776042 0.950845 0.769969 0.663257 0.732235 0.784123 0.799545 0.792419 0.962734 0.813105 0.788337 0.830154 0.801924 0.929894 0.830366 0.704542 0.691374 0.643161 0.666398 0.782099 0.000000 0.810339 0.685124 0.773154 0.909886 0.855383 0.835340 0.750634 0.994199 0.967652 0.948629 0.956664 0.926196 0.877048 0.906759 0.942733 0.870229 0.713061 0.766716 0.935462 0.924939 0.752660 0.879052 0.867620 0.912357 0.929576 0.925741 0.829711 0.900392 0.889293 0.866870 0.901670 0.898615 0.766318 0.832835 0.712934 0.761394 0.709075 0.892874 0.968923 0.846501 0.957497 0.944529 0.956037 0.931449 0.991296 0.824235 0.894434 0.944802 0.988756 0.895059 0.994808 0.809227 0.887258 0.792979 0.853339 0.923003 0.817591 0.795371 0.840524 0.945755 0.909788 0.716286 0.853469 0.860623 0.984145 0.910324 0.905004 0.893518 0.984164 0.944978 0.824599 0.809961 0.883340 0.895438 0.979427 0.971927 0.959969 0.908151 0.993443 0.872397 0.911800 0.820472 0.915427 0.819518 0.801442 0.836529 0.969532 0.979777
0.544457 0.546003 0.932523 0.900698 0.845504 0.724205 0.694501 0.637879 0.840473 0.589882 0.444668 0.602129 0.787505 0.561572 0.815595 0.845279 0.380044 0.400975 0.528634 0.539228 0.758204 0.963586 0.814676 0.764384 0.745670 0.696694 0.882720 0.810339 0.000000 0.374259 0.935548 0.874726 0.708750 0.617657 0.812448 0.858467 0.981684 0.966945 0.923557 0.908158 0.895173 0.909873 0.590444 0.580294 0.505942 0.521867 0.760634 0.573645 0.518340 0.598533 0.691981 0.662793 0.857839 0.871643 0.816536 0.931774 0.505835 0.573183 0.765836 0.909890 0.716917 0.820880 0.621932 0.619838 0.717086 0.963573 0.910205 0.827828 0.771529 0.775013 0.997685 0.981919 0.889536 0.771491 0.897774 0.714346 0.736906 0.764892 0.797998 0.674571 0.605760 0.714361 0.873352 0.837076 0.842862 0.814471 0.909765 0.802771 0.750193 0.738418 0.761109 0.836626 0.930385 0.961401 0.848161 0.890347 0.902111 0.902661 0.585876 0.578643 0.707305 0.775859 0.716359 0.812718 0.963807 0.990458 0.856686 0.837636 0.990310 0.967924 0.656996 0.715742 0.623779 0.921380 0.841115 0.981260
0.529610 0.508931 0.750523 0.739419 0.862767 0.656704 0.688116 0.572011 0.863860 0.485837 0.404676 0.489410 0.708974 0.594147 0.957501 0.830254 0.396660 0.385256 0.533915 0.584113 0.811295 0.869635 0.689616 0.645596 0.589765 0.557036 0.748060 0.685124 0.374259 0.000000 0.933877 0.941170 0.709271 0.601152 0.661971 0.789226 0.873619 0.998585 0.944279 0.977952 0.968783 0.911607 0.623630 0.565603 0.449894 0.445978 0.886104 0.598973 0.439792 0.612433 0.669560 0.703465 0.836296 0.792906 0.664901 0.998400 0.485850 0.565326 0.781955 0.931469 0.663517 0.787175 0.554135 0.516743 0.534092 0.844207 0.954001 0.805691 0.853807 0.835932 0.962959 0.990317 0.973863 0.837297 0.954907 0.780188 0.775847 0.846581 0.782414 0.625128 0.583004 0.662646 0.989954 0.839771 0.705765 0.675093 0.883930 0.807187 0.675325 0.594999 0.716128 0.828459 0.980967 0.981822 0.844235 0.975584 0.826709 0.893403 0.583625 0.619680 0.658450 0.750360 0.664178 0.739558 0.844128 0.909545 0.843745 0.993103 0.958244 0.983364 0.760927 0.696563 0.636073 0.881594 0.941720 0.883013
0.958422 0.966403 0.494003 0.533282 0.997104 0.982222 0.766257 0.935209 0.776406 0.942330 0.912590 0.749836 0.879961 0.943001 0.870463 0.992047 0.997686 0.932894 0.832481 0.989873 0.985505 0.817026 0.498281 0.555142 0.537421 0.685553 0.903633 0.773154 0.935548 0.933877 0.000000 0.566300 0.730396 0.801512 0.654450 0.983664 0.818789 0.871235 0.634376 0.766841 0.831420 0.897779 0.763941 0.898380 0.999764 0.955596 0.823820 0.868305 0.858152 0.968792 0.977549 0.868684 0.954736 0.882014 0.845439 0.842950 0.945819 0.915049 0.957851 0.989929 0.903008 0.898082 0.815075 0.738808 0.569276 0.679445 0.779724 0.873378 0.999991 0.949986 0.694781 0.721013 0.843656 0.761564 0.847215 0.680299 0.758583 0.772988 0.880185 0.808363 0.987496 0.958423 0.848560 0.891276 0.649685 0.692056 0.810584 0.994303 0.969449 0.958303 0.953499 0.960550 0.910287 0.846306 0.835784 0.976352 0.953377 0.885826 0.984554 0.965394 0.976421 0.827610 0.965706 0.893038 0.894270 0.862469 0.947060 0.758231 0.976782 0.953387 0.904608 0.897325 0.960619 0.861814 0.980299 0.972367
0.855056 0.859272 0.555504 0.690566 0.859465 0.965064 0.601501 0.790313 0.772584 0.857629 0.867111 0.904772 0.966918 0.895667 0.810311 0.982835 0.830608 0.836876 0.611443 0.840906 0.980621 0.797288 0.728296 0.801719 0.792454 0.869873 0.997943 0.909886 0.874726 0.941170 0.566300 0.000000 0.597107 0.589251 0.806324 0.955402 0.809068 0.966196 0.714088 0.694127 0.878340 0.974191 0.631048 0.716456 0.694948 0.722682 0.637371 0.563169 0.845940 0.640732 0.746701 0.605968 0.808667 0.780704 0.841700 0.975094 0.820584 0.914536 0.731172 0.937798 0.829254 0.973725 0.893896 0.942030 0.721687 0.729378 0.594794 0.657058 0.882862 0.895779 0.828105 0.812395 0.994405 0.849437 0.975912 0.704410 0.656407 0.585780 0.748811 0.712271 0.936622 0.902182 0.858595 0.944452 0.744138 0.858310 0.956834 0.861722 0.898518 0.905569 0.768774 0.798053 0.877756 0.767295 0.924274 0.865465 0.955654 0.927911 0.827676 0.723234 0.991488 0.886419 0.902956 0.937538 0.855612 0.768548 0.898610 0.773250 0.918644 0.954920 0.813366 0.826271 0.791021 0.891187 0.866003 0.903268
0.568759 0.543698 0.711010 0.816558 0.782117 0.886729 0.559602 0.646259 0.794505 0.807165 0.686525 0.836586 0.964837 0.844364 0.940565 0.873806 0.567623 0.612718 0.459289 0.592576 0.981512 0.971827 0.827246 0.963306 0.932785 0.998310 0.856287 0.855383 0.708750 0.709271 0.730396 0.597107 0.000000 0.466178 0.859323 0.870217 0.840240 0.741132 0.828771 0.843797 0.777440 0.928728 0.587825 0.637475 0.560159 0.637542 0.707073 0.637090 0.812173 0.627943 0.735338 0.662906 0.802348 0.806218 0.996886 0.914310 0.577098 0.642812 0.561419 0.724942 0.635467 0.839150 0.663572 0.773221 0.923539 0.686030 0.456133 0.416612 0.834465 0.781320 0.761900 0.839961 0.776166 0.691043 0.922073 0.744334 0.645202 0.646646 0.670946 0.611300 0.651024 0.657456 0.948867 0.978971 0.842088 0.883456 0.890917 0.767830 0.721934 0.945340 0.727788 0.720798 0.800306 0.816386 0.837085 0.769659 0.802989 0.929153 0.676575 0.638849 0.788239 0.734165 0.742519 0.853880 0.784374 0.779159 0.947771 0.929463 0.929872 0.871787 0.775033 0.869034 0.745186 0.935008 0.937543 0.988440
0.576770 0.553156 0.839104 0.945343 0.852869 0.757340 0.457081 0.552493 0.770494 0.547758 0.529257 0.761198 0.846053 0.752573 0.949843 0.949306 0.517190 0.533937 0.409619 0.617455 0.953244 0.981785 0.973191 0.867648 0.821310 0.857859 0.843368 0.835340 0.617657 0.601152 0.801512 0.589251 0.466178 0.000000 0.992648 0.904508 0.869197 0.961251 0.864384 0.967733 0.910608 0.946341 0.606014 0.555864 0.407255 0.475974 0.652174 0.540361 0.590369 0.513395 0.597714 0.527218 0.794399 0.676915 0.990224 0.999432 0.544437 0.670089 0.561973 0.816111 0.577898 0.815691 0.576862 0.700523 0.901909 0.853359 0.492761 0.469940 0.816371 0.746101 0.785860 0.863346 0.770031 0.666755 0.926751 0.603132 0.629282 0.614868 0.755173 0.658486 0.704926 0.728111 0.966591 0.901912 0.961141 0.937171 0.886336 0.840320 0.729878 0.855884 0.604602 0.653073 0.770978 0.752675 0.823007 0.830781 0.782866 0.850630 0.549066 0.551660 0.704462 0.708203 0.741321 0.816194 0.889380 0.786032 0.808824 0.825151 0.959982 0.934810 0.766649 0.634377 0.512096 0.956199 0.930495 0.836821
0.920943 0.938351 0.689696 0.653773 0.909229 0.790125 0.969102 0.866751 0.975166 0.748346 0.753754 0.744844 0.663296 0.779757 0.869254 0.837440 0.854678 0.809440 0.983930 0.967550 0.812716 0.889897 0.577771 0.623125 0.592327 0.779880 0.786766 0.750634 0.812448 0.661971 0.654450 0.806324 0.859323 0.992648 0.000000 0.827044 0.838679 0.951488 0.992903 0.955109 0.849122 0.817682 0.886042 0.817572 0.806536 0.750713 0.938668 0.938793 0.694354 0.876236 0.892783 0.921497 0.882608 0.948544 0.663673 0.905184 0.906931 0.990935 0.934235 0.902530 0.886913 0.897177 0.866134 0.846143 0.640890 0.708934 0.710096 0.815448 0.890449 0.999627 0.854671 0.933694 0.785933 0.858519 0.968701 0.941376 0.904762 0.982798 0.961691 0.927873 0.933953 0.911118 0.893570 0.988911 0.624924 0.575398 0.930194 0.921333 0.960007 0.687666 0.966864 0.974246 0.934973 0.865864 0.925556 0.993951 0.985367 0.858327 0.799277 0.928785 0.728876 0.998662 0.888578 0.793566 0.860598 0.939678 0.924682 0.930093 0.964648 0.975926 0.982663 0.741411 0.731139 0.765293 0.896271 0.922251
0.855246 0.905342 0.867361 0.932721 0.743547 0.838604 0.919065 0.856309 0.760165 0.838732 0.856399 0.863022 0.915774 0.895504 0.906605 0.746476 0.860701 0.824384 0.898987 0.930200 0.842564 0.945314 0.777830 0.870469 0.852027 0.883383 0.829917 0.994199 0.858467 0.789226 0.983664 0.955402 0.870217 0.904508 0.827044 0.000000 0.969343 0.881332 0.955026 0.903764 0.861742 0.934240 0.818385 0.841578 0.947749 0.848216 0.950129 0.877258 0.782129 0.901520 0.931051 0.941312 0.963878 0.980591 0.788341 0.997696 0.858607 0.918487 0.983101 0.897853 0.989915 0.982978 0.980081 0.875364 0.865133 0.822911 0.755558 0.755797 0.933614 0.996849 0.832253 0.904614 0.873255 0.879860 0.872454 0.960265 0.989258 0.976453 0.846596 0.977044 0.948150 0.985572 0.835672 0.872574 0.789494 0.696368 0.937957 0.902493 0.973717 0.975974 0.842227 0.829009 0.900310 0.987848 0.973946 0.937368 0.890581 0.947121 0.773708 0.790736 0.771505 0.959782 0.801857 0.877989 0.830069 0.985921 0.883786 0.987820 0.914248 0.959681 0.995010 0.890224 0.943782 0.993065 0.921990 0.939507
0.901277 0.919872 0.821913 0.677949 0.961887 0.962303 0.894791 0.867710 0.637545 0.981082 0.956265 0.883606 0.776864 0.993378 0.884393 0.784584 0.878530 0.956367 0.954448 0.763315 0.951632 0.918688 0.896223 0.868382 0.837189 0.747074 0.921371 0.967652 0.981684 0.873619 0.818789 0.809068 0.840240 0.869197 0.838679 0.969343 0.000000 0.758305 0.838533 0.792997 0.681213 0.789442 0.966133 0.927438 0.971624 0.847833 0.906492 0.990880 0.989390 0.898057 0.746024 0.799419 0.767539 0.770601 0.834075 0.930478 0.887539 0.876389 0.692550 0.657657 0.857098 0.727427 0.882540 0.900765 0.820752 0.652736 0.937978 0.879331 0.753368 0.756612 0.942740 0.789036 0.747785 0.791359 0.929320 0.911317 0.892629 0.981451 0.843240 0.899279 0.798374 0.894443 0.918243 0.799101 0.979135 0.942145 0.759152 0.883106 0.881305 0.788297 0.934565 0.997356 0.897888 0.963945 0.779026 0.894578 0.973816 0.918187 0.978769 0.963085 0.995584 0.997432 0.969901 0.997073 0.956222 0.822819 0.984349 0.893958 0.786781 0.993574 0.969679 0.938105 0.976437 0.905579 0.967612 0.975302
0.835958 0.806003 0.919085 0.744810 0.944270 0.988461 0.972703 0.929826 0.801371 0.925484 0.867821 0.915460 0.816682 0.966487 0.807685 0.935963 0.882084 0.939560 0.968275 0.856420 0.982732 0.876852 0.863792 0.905958 0.764192 0.803598 0.996501 0.948629 0.966945 0.998585 0.871235 0.966196 0.741132 0.961251 0.951488 0.881332 0.758305 0.000000 0.919896 0.905591 0.685234 0.925404 0.943527 0.974451 0.985031 0.967523 0.906265 0.979989 0.964567 0.886863 0.845446 0.894644 0.852390 0.883873 0.927724 0.822294 0.881317 0.834155 0.803129 0.669598 0.874359 0.736402 0.962520 0.867056 0.850637 0.610800 0.886373 0.798729 0.743300 0.875919 0.999360 0.867714 0.767332 0.871856 0.800161 0.952266 0.895498 0.965264 0.864850 0.901817 0.790369 0.815174 0.977458 0.850541 0.930990 0.842049 0.940704 0.909604 0.969972 0.888912 0.935495 0.841293 0.980675 0.928690 0.999785 0.903832 0.977439 0.960822 0.975318 0.945872 0.915204 0.940545 0.812515 0.960301 0.773574 0.823025 0.958667 0.940296 0.929444 0.947352 0.878757 0.984615 0.939984 0.908914 0.857570 0.905237
