0.000000 0.554679 0.786897 0.827561 0.902030 0.999381 0.676428 0.691841 0.895225 0.945009 0.806696 0.738485 0.712303 0.811401 0.827294 0.837574 0.608769 0.621086 0.612929 0.795448 0.900905 0.936326 0.924285 0.993175 0.834317 0.841147 0.988235 0.961266 0.739499 0.766879 0.927523 0.986687 0.744049 0.669335 0.817022 0.997126 0.928285 0.729071 0.871548 0.879273 0.955255 0.975096 0.861169 0.773728 0.994729 0.899111 0.723669 0.862984 0.916422 0.905928 0.868286 0.907128 0.866811 0.992014 0.885421 0.990872 0.524352 0.579607 0.667792 0.828256 0.597252 0.696696 0.576080 0.568682 0.756700 0.800996 0.899764 0.880784 0.940216 0.903794 0.961857 0.982003 0.966433 0.978194 0.977153 0.997808 0.761008 0.770892 0.917640 0.917500 0.573152 0.649114 0.859363 0.690394 0.689696 0.781238 0.939696 0.900449 0.855232 0.710214 0.948423 0.984726 0.939179 0.962427 0.961964 0.867736 0.927027 0.915094 0.816824 0.786989 0.940775 0.953423 0.908989 0.866629 0.983040 0.968386 0.817324 0.967330 0.779680 0.888897 0.948557 0.956192 0.877108 0.896640 0.871320 0.867661
0.554679 0.000000 0.842583 0.819344 0.877397 0.998357 0.825425 0.695374 0.900867 0.941300 0.869033 0.646279 0.696206 0.698755 0.754485 0.738017 0.616432 0.607489 0.665280 0.808661 0.982992 0.985028 0.908145 0.985342 0.774734 0.854309 0.967077 0.810871 0.688516 0.740969 0.895312 0.999728 0.639364 0.703421 0.794137 0.910344 0.877652 0.917767 0.994868 0.829537 0.992019 0.969977 0.793063 0.673886 0.865571 0.816574 0.702300 0.725572 0.874637 0.866932 0.906284 0.799985 0.774129 0.876729 0.834937 0.970741 0.604265 0.523287 0.744532 0.855539 0.620225 0.638441 0.594915 0.540260 0.742264 0.811376 0.910118 0.858817 0.973304 0.836664 0.874513 0.970577 0.915916 0.990178 0.969277 0.994333 0.795887 0.908332 0.723649 0.915347 0.543439 0.695246 0.864895 0.727751 0.807490 0.774784 0.993012 0.988532 0.861438 0.771710 0.956723 0.876301 0.994753 0.922826 0.862156 0.794380 0.965356 0.886870 0.796944 0.879405 0.961996 0.975280 0.949066 0.936204 0.930571 0.965931 0.990107 0.906424 0.890647 0.944414 0.996818 0.998263 0.961786 0.926614 0.729096 0.997666
0.786897 0.842583 0.000000 0.474834 0.868335 0.970384 0.400962 0.454182 0.805970 0.912365 0.924733 0.971523 0.736983 0.990008 0.980263 0.949696 0.961834 0.975760 0.801494 0.711489 0.801871 0.857461 0.705076 0.798286 0.616850 0.794064 0.897733 0.971234 0.905501 0.853558 0.857201 0.939648 0.635463 0.668982 0.703079 0.908975 0.833770 0.983431 0.915939 0.795157 0.973205 0.807674 0.627380 0.738166 0.964841 0.996907 0.670020 0.735508 0.864039 0.881019 0.666859 0.628723 0.924657 0.911629 0.886912 0.881068 0.889518 0.890168 0.523771 0.639518 0.530396 0.731129 0.898467 0.936266 0.447485 0.563461 0.513728 0.510899 0.829270 0.922822 0.866758 0.785962 0.902056 0.872595 0.922336 0.944530 0.659549 0.840590 0.991082 0.895689 0.729474 0.819158 0.985355 0.888286 0.556364 0.710097 0.770671 0.895408 0.811607 0.680022 0.599280 0.683770 0.604195 0.581783 0.841252 0.828016 0.799738 0.997491 0.591955 0.624952 0.591465 0.812354 0.821955 0.889304 0.550532 0.656937 0.933540 0.785570 0.826999 0.844813 0.744749 0.839290 0.924385 0.903856 0.722483 0.787466
0.827561 0.819344 0.474834 0.000000 0.986862 0.929659 0.625972 0.418331 0.994410 0.840173 0.989610 0.889422 0.959942 0.951172 0.820454 0.992824 0.849067 0.970556 0.956165 0.749660 0.727725 0.880293 0.772560 0.684220 0.590020 0.674563 0.957883 0.825142 0.738900 0.722863 0.950271 0.979317 0.770833 0.671697 0.669393 0.860224 0.817577 0.894071 0.741061 0.719159 0.944949 0.788104 0.733565 0.769292 0.853439 0.872176 0.792418 0.784290 0.752603 0.914649 0.803294 0.735466 0.917579 0.802705 0.959807 0.863897 0.995745 0.961012 0.696850 0.643185 0.757683 0.709988 0.976187 0.993625 0.444918 0.394317 0.460205 0.404868 0.675141 0.887649 0.673897 0.620288 0.806221 0.827932 0.925494 0.858488 0.617281 0.782086 0.951779 0.895648 0.791476 0.880882 0.919767 0.985739 0.689866 0.619676 0.809871 0.762870 0.998396 0.617463 0.675772 0.754752 0.576903 0.639411 0.826041 0.777112 0.805204 0.957504 0.663994 0.752456 0.640212 0.842420 0.841432 0.903690 0.511103 0.630571 0.975881 0.715094 0.814374 0.842637 0.745514 0.931102 0.963659 0.884626 0.736699 0.754943
0.902030 0.877397 0.868335 0.986862 0.000000 0.799220 0.828731 0.986091 0.823835 0.891286 0.823033 0.948622 0.790925 0.991149 0.844496 0.947026 0.754834 0.827063 0.823752 0.877707 0.783836 0.826691 0.743466 0.938017 0.830675 0.791209 0.995698 0.944699 0.967657 0.858871 0.777490 0.986363 0.847135 0.937319 0.959923 0.833052 0.800196 0.916682 0.951970 0.986980 0.932739 0.940822 0.939971 0.960031 0.784573 0.855465 0.854013 0.888996 0.764780 0.802587 0.828350 0.888607 0.809705 0.801890 0.921551 0.901728 0.734316 0.811604 0.996450 0.871362 0.789161 0.962214 0.796553 0.938347 0.898656 0.999127 0.983863 0.992648 0.962708 0.937291 0.807805 0.943343 0.860371 0.997017 0.914879 0.953684 0.942699 0.994914 0.910898 0.913671 0.756486 0.744991 0.807373 0.746510 0.705445 0.727931 0.983476 0.729030 0.807246 0.909891 0.880246 0.967876 0.921889 0.992261 0.865013 0.999931 0.992154 0.965306 0.922074 0.873115 0.844710 0.900251 0.924576 0.923880 0.982315 0.903353 0.973522 0.957270 0.961498 0.859973 0.982615 0.921732 0.982479 0.936304 0.850852 0.967119
0.999381 0.998357 0.970384 0.929659 0.799220 0.000000 0.996740 0.914766 0.905436 0.876587 0.989439 0.918601 0.955986 0.900762 0.930613 0.751017 0.936733 0.920349 0.961675 0.854638 0.777730 0.998917 0.883150 0.844291 0.847965 0.786322 0.816071 0.818797 0.934661 0.943267 0.864369 0.959269 0.946914 0.889441 0.872856 0.916286 0.738930 0.976514 0.908596 0.992038 0.746958 0.950524 0.921063 0.842019 0.962857 0.912014 0.911510 0.990800 0.943991 0.999994 0.920957 0.945705 0.809737 0.803385 0.902250 0.858688 0.943344 0.943409 0.778696 0.771080 0.977779 0.901155 0.939657 0.790605 0.902627 0.980714 0.974150 0.967633 0.859623 0.805119 0.774013 0.881344 0.932198 0.803586 0.943310 0.911137 0.972051 0.858933 0.997707 0.916905 0.998674 0.985097 0.939917 0.939136 0.863736 0.741092 0.889815 0.843847 0.879113 0.985913 0.835813 0.851957 0.759887 0.866263 0.918886 0.867602 0.828616 0.982172 0.996607 0.979007 0.984533 0.936922 0.892227 0.946550 0.919747 0.986104 0.971166 0.953976 0.932709 0.906688 0.886210 0.992321 0.908955 0.981918 0.974697 0.946489
0.676428 0.825425 0.400962 0.625972 0.828731 0.996740 0.000000 0.571223 0.729365 0.824188 0.882521 0.991128 0.647888 0.949261 0.922227 0.957150 0.894178 0.874753 0.672587 0.666766 0.858783 0.923137 0.720474 0.914712 0.715199 0.835123 0.873775 0.916968 0.993451 0.996951 0.853826 0.947764 0.607881 0.647074 0.743344 0.984969 0.888953 0.913689 0.943621 0.903117 0.967113 0.917675 0.656761 0.707397 0.996129 0.919491 0.717422 0.743287 0.961725 0.781727 0.644185 0.632764 0.900112 0.933750 0.912403 0.974836 0.779563 0.789073 0.471593 0.667584 0.423898 0.771396 0.706366 0.816451 0.539984 0.696668 0.601250 0.656723 0.917170 0.985909 0.997959 0.940461 0.962049 0.943741 0.913799 0.985447 0.711100 0.915684 0.968623 0.948319 0.629363 0.710890 0.908445 0.802314 0.481183 0.776243 0.833256 0.967257 0.758136 0.753327 0.658273 0.667083 0.740970 0.690824 0.844914 0.872677 0.839776 0.942810 0.615743 0.612784 0.680135 0.794364 0.894132 0.874599 0.660246 0.772156 0.989545 0.886120 0.727165 0.866533 0.703498 0.881408 0.928611 0.917119 0.779319 0.781522
0.691841 0.695374 0.454182 0.418331 0.986091 0.914766 0.571223 0.000000 0.976416 0.954114 0.866829 0.743107 0.826757 0.879700 0.858943 0.963621 0.988942 0.919697 0.840345 0.620493 0.865410 0.971355 0.842271 0.883814 0.695356 0.843677 0.914762 0.958976 0.921225 0.850939 0.980708 0.969984 0.745737 0.572684 0.689480 0.914252 0.906660 0.976893 0.926728 0.707895 0.949463 0.828898 0.722252 0.742575 0.818625 0.890455 0.746110 0.832944 0.751787 0.930193 0.849829 0.717698 0.932960 0.778026 0.946133 0.974059 0.921727 0.815975 0.521804 0.492321 0.589928 0.488977 0.924349 0.783118 0.532084 0.445438 0.547580 0.479726 0.819051 0.983724 0.747149 0.697322 0.909616 0.924737 0.936572 0.911732 0.587062 0.764058 0.919717 0.925767 0.717004 0.900604 0.829731 0.950917 0.751660 0.789856 0.721289 0.722086 0.873692 0.562175 0.697702 0.841556 0.661128 0.769870 0.871175 0.761950 0.733509 0.954563 0.630540 0.655425 0.684855 0.901278 0.748984 0.920362 0.534246 0.627953 0.955777 0.752346 0.776549 0.830379 0.675070 0.916918 0.996923 0.933252 0.726574 0.776854
0.895225 0.900867 0.805970 0.994410 0.823835 0.905436 0.729365 0.976416 0.000000 0.676904 0.958737 0.952696 0.760170 0.894716 0.809680 0.986779 0.908623 0.995265 0.930968 0.986721 0.949350 0.965250 0.663451 0.998221 0.976605 0.973767 0.887929 0.930795 0.946314 0.975264 0.855088 0.940844 0.770105 0.986325 0.962051 0.930686 0.849736 0.976322 0.818145 0.787965 0.952717 0.966826 0.893307 0.973090 0.786035 0.850228 0.906815 0.913955 0.750154 0.741238 0.763133 0.790332 0.716203 0.793243 0.919276 0.951630 0.720297 0.779092 0.810890 0.985274 0.675174 0.989371 0.762827 0.813128 0.838690 0.884915 0.923538 0.910243 0.827872 0.956230 0.918890 0.813962 0.918227 0.869442 0.987309 0.995296 0.995217 0.970410 0.962953 0.973358 0.858821 0.876463 0.781472 0.815799 0.699156 0.951760 0.816596 0.788122 0.878437 0.871522 0.947397 0.887899 0.853715 0.945468 0.897566 0.989070 0.886458 0.879103 0.889356 0.832285 0.855929 0.880180 0.997843 0.948610 0.922800 0.970230 0.912381 0.948466 0.947340 0.860770 0.980737 0.977398 0.992011 0.807606 0.924378 0.979183
0.945009 0.941300 0.912365 0.840173 0.891286 0.876587 0.824188 0.954114 0.676904 0.000000 0.753301 0.966537 0.927647 0.858241 0.976238 0.787616 0.765350 0.868599 0.721679 0.800850 0.925129 0.991124 0.834843 0.823590 0.906704 0.800434 0.756245 0.759133 0.675673 0.779043 0.769963 0.989558 0.744949 0.808248 0.899224 0.897627 0.958717 0.925031 0.691337 0.934721 0.778300 0.982136 0.814350 0.806853 0.707607 0.689503 0.806164 0.896426 0.644910 0.644893 0.712534 0.741579 0.768461 0.869895 0.886105 0.924356 0.772514 0.795765 0.762800 0.919220 0.798121 0.953029 0.719665 0.684340 0.847334 0.744640 0.962268 0.938853 0.751022 0.849981 0.826989 0.829549 0.854246 0.831041 0.850300 0.976835 0.943047 0.968437 0.917205 0.947632 0.809187 0.899953 0.944272 0.809221 0.940245 0.772599 0.945268 0.786635 0.842280 0.872715 0.974335 0.935017 0.946644 0.932860 0.914741 0.784240 0.751240 0.905544 0.825916 0.832154 0.781368 0.977378 0.730264 0.808358 0.940372 0.957290 0.861663 0.923276 0.894952 0.920146 0.835047 0.952628 0.970154 0.810520 0.949477 0.980646
0.806696 0.869033 0.924733 0.989610 0.823033 0.989439 0.882521 0.866829 0.958737 0.753301 0.000000 0.775048 0.830059 0.981041 0.935517 0.936396 0.696812 0.688031 0.742288 0.735926 0.847902 0.940069 0.957221 0.832500 0.907646 0.946559 0.841354 0.829176 0.749776 0.736975 0.867933 0.957072 0.859494 0.669595 0.899855 0.856497 0.966400 0.787361 0.917291 0.968270 0.950604 0.888364 0.863156 0.980815 0.946472 0.997065 0.977849 0.928789 0.983853 0.912428 0.984187 0.868696 0.988839 0.965164 0.970284 0.991304 0.830303 0.875505 0.915019 0.954262 0.799828 0.872247 0.676870 0.700623 0.884421 0.944954 0.994679 0.954047 0.988785 0.927849 0.976809 0.826626 0.691113 0.889036 0.943214 0.833510 0.902194 0.838296 0.919388 0.928238 0.756862 0.785195 0.998433 0.882780 0.989187 0.931443 0.792624 0.944351 0.986552 0.936848 0.794572 0.726005 0.856305 0.781203 0.995129 0.783623 0.908547 0.782337 0.993644 0.907882 0.963940 0.937085 0.956525 0.916401 0.978565 0.779418 0.894777 0.873028 0.935064 0.920192 0.961872 0.888128 0.909626 0.891042 0.994369 0.979137
0.738485 0.646279 0.971523 0.889422 0.948622 0.918601 0.991128 0.743107 0.952696 0.966537 0.775048 0.000000 0.767276 0.689896 0.899309 0.819211 0.750129 0.733486 0.843070 0.740628 0.915893 0.842675 0.961230 0.925637 0.991332 0.994547 0.923685 0.999392 0.820596 0.789313 0.902512 0.978660 0.902209 0.756025 0.777752 0.934695 0.962270 0.864190 0.977298 0.905065 0.949311 0.965725 0.970446 0.895985 0.866301 0.993628 0.998278 0.955384 0.931959 0.883181 0.874558 0.993949 0.953887 0.949961 0.895658 0.975936 0.833457 0.676367 0.888868 0.804883 0.792398 0.614494 0.781422 0.618326 0.918760 0.848785 0.941871 0.953743 0.991480 0.946853 0.930305 0.897401 0.927584 0.978296 0.981756 0.882753 0.797640 0.775121 0.764374 0.934729 0.757920 0.846356 0.989153 0.878109 0.997085 0.985301 0.965372 0.885283 0.964393 0.850518 0.913407 0.818611 0.928500 0.773835 0.855859 0.811223 0.953004 0.900994 0.949821 0.994718 0.856931 0.994466 0.966044 0.903077 0.933116 0.978196 0.814713 0.956947 0.937041 0.993883 0.964909 0.909836 0.985252 0.971118 0.909313 0.995161
0.712303 0.696206 0.736983 0.959942 0.790925 0.955986 0.647888 0.826757 0.760170 0.927647 0.830059 0.767276 0.000000 0.621464 0.567470 0.659427 0.766385 0.752537 0.763665 0.709787 0.961807 0.858275 0.761535 0.961012 0.854375 0.962331 0.841786 0.969162 0.796216 0.774923 0.870376 0.917402 0.754839 0.822251 0.810255 0.977004 0.851761 0.822726 0.929993 0.969511 0.967282 0.907278 0.936032 0.881782 0.980749 0.897874 0.816098 0.812529 0.962292 0.841086 0.982215 0.888151 0.912117 0.913735 0.845385 0.928537 0.769222 0.680417 0.813289 0.844088 0.473667 0.695360 0.698782 0.724036 0.779808 0.938434 0.918311 0.981820 0.879752 0.990312 0.930209 0.922125 0.949986 0.905904 0.965373 0.758544 0.926485 0.913739 0.821147 0.877025 0.669364 0.678610 0.839778 0.779113 0.634748 0.901239 0.941987 0.841137 0.802527 0.953015 0.972413 0.892780 0.875340 0.866372 0.997624 0.896018 0.932151 0.823631 0.887951 0.960848 0.938413 0.989742 0.925004 0.760792 0.946328 0.985628 0.930307 0.796902 0.959745 0.940254 0.964430 0.949719 0.965472 0.940299 0.782085 0.956715
0.811401 0.698755 0.990008 0.951172 0.991149 0.900762 0.949261 0.879700 0.894716 0.858241 0.981041 0.689896 0.621464 0.000000 0.597526 0.522392 0.830940 0.772646 0.944507 0.825841 0.944588 0.878977 0.946127 0.935274 0.798624 0.953896 0.933154 0.950667 0.838645 0.702381 0.877033 0.771777 0.843776 0.784108 0.767812 0.989254 0.938861 0.979067 0.974410 0.827295 0.956559 0.950226 0.854248 0.743069 0.973313 0.850943 0.776204 0.731389 0.957294 0.984386 0.925392 0.976221 0.964220 0.894551 0.901074 0.863744 0.944404 0.853369 0.998214 0.930621 0.764956 0.704966 0.887001 0.803682 0.860199 0.843610 0.952536 0.986532 0.831735 0.907680 0.979539 0.852267 0.909904 0.935901 0.902601 0.838900 0.993431 0.953633 0.776307 0.818104 0.802165 0.739897 0.774274 0.831865 0.849220 0.833521 0.861276 0.974387 0.944844 0.991102 0.853566 0.793795 0.780881 0.829066 0.974013 0.824113 0.844083 0.786910 0.970992 0.948943 0.825795 0.966407 0.888104 0.859857 0.925405 0.991611 0.965933 0.756871 0.893106 0.969009 0.911777 0.884378 0.974745 0.975684 0.849194 0.879142
0.827294 0.754485 0.980263 0.820454 0.844496 0.930613 0.922227 0.858943 0.809680 0.976238 0.935517 0.899309 0.567470 0.597526 0.000000 0.567334 0.717165 0.680731 0.806765 0.979877 0.994682 0.890630 0.701591 0.934438 0.884523 0.985482 0.903624 0.962101 0.687565 0.599231 0.739581 0.689681 0.731184 0.948595 0.928428 0.910439 0.870756 0.993240 0.918716 0.972563 0.961196 0.931941 0.855303 0.776797 0.747545 0.677848 0.735511 0.709150 0.775447 0.700817 0.970078 0.911673 0.754780 0.692219 0.857485 0.905667 0.674588 0.735371 0.968034 0.826129 0.759054 0.932135 0.718030 0.797314 0.908294 0.912706 0.807504 0.821404 0.968523 0.899581 0.902672 0.948523 0.858967 0.911015 0.955322 0.804653 0.942248 0.937823 0.772194 0.931582 0.726515 0.660727 0.616601 0.649978 0.713933 0.795592 0.628254 0.666389 0.845132 0.964850 0.818085 0.844129 0.742456 0.794094 0.955887 0.951876 0.847476 0.977629 0.991425 0.978992 0.883330 0.892904 0.818629 0.883588 0.851557 0.855579 0.968052 0.717935 0.948198 0.904759 0.901815 0.842881 0.813992 0.899664 0.903658 0.916928
0.837574 0.738017 0.949696 0.992824 0.947026 0.751017 0.957150 0.963621 0.986779 0.787616 0.936396 0.819211 0.659427 0.522392 0.567334 0.000000 0.934674 0.877781 0.967803 0.995402 0.984869 0.849552 0.806200 0.741107 0.792347 0.848403 0.861024 0.823875 0.916633 0.826864 0.827268 0.740987 0.922861 0.957937 0.923982 0.925959 0.832043 0.927008 0.965849 0.930079 0.877836 0.880203 0.988792 0.947860 0.938271 0.854254 0.886900 0.769770 0.961411 0.975096 0.923040 0.901874 0.891070 0.800327 0.926091 0.894930 0.882065 0.837019 0.782319 0.844090 0.899457 0.883855 0.900640 0.940683 0.875391 0.908703 0.858261 0.939131 0.830389 0.970593 0.949259 0.876972 0.981619 0.890209 0.932021 0.892682 0.996112 0.936741 0.804651 0.804586 0.866468 0.751798 0.699393 0.759543 0.773188 0.712855 0.772590 0.805327 0.967009 0.986506 0.887891 0.853002 0.826891 0.862565 0.949531 0.968939 0.724923 0.915436 0.964480 0.854177 0.872445 0.848945 0.789583 0.776006 0.915048 0.993270 0.946491 0.765515 0.948881 0.982306 0.760838 0.943035 0.959240 0.998636 0.886277 0.945872
0.608769 0.616432 0.961834 0.849067 0.754834 0.936733 0.894178 0.988942 0.908623 0.765350 0.696812 0.750129 0.766385 0.830940 0.717165 0.934674 0.000000 0.481712 0.612921 0.810815 0.964359 0.955781 0.971393 0.823854 0.993562 0.987975 0.959460 0.897940 0.540364 0.476809 0.832772 0.978868 0.722834 0.790073 0.895160 0.962509 0.947676 0.838598 0.966181 0.968213 0.909303 0.955525 0.896325 0.702604 0.746668 0.658961 0.734389 0.782892 0.654895 0.701151 0.801991 0.909816 0.724021 0.756150 0.837301 0.964906 0.517690 0.606093 0.858643 0.892318 0.753536 0.875231 0.508606 0.530243 0.964416 0.877665 0.888336 0.877558 0.872106 0.789086 0.992208 0.873345 0.733917 0.744254 0.997793 0.884655 0.957484 0.963537 0.836734 0.908847 0.521854 0.620110 0.758694 0.671832 0.856835 0.935469 0.994821 0.782059 0.859204 0.957405 0.878554 0.842512 0.783918 0.822878 0.957766 0.865492 0.938321 0.876002 0.961143 0.992586 0.902683 0.845071 0.994265 0.963144 0.809646 0.743547 0.943973 0.731589 0.864854 0.945408 0.953527 0.993003 0.855271 0.999324 0.899205 0.961124
0.621086 0.607489 0.975760 0.970556 0.827063 0.920349 0.874753 0.919697 0.995265 0.868599 0.688031 0.733486 0.752537 0.772646 0.680731 0.877781 0.481712 0.000000 0.650861 0.777456 0.968113 0.887677 0.945147 0.860879 0.973066 0.995621 0.928864 0.971844 0.637334 0.510329 0.851479 0.935576 0.680398 0.711835 0.931404 0.935933 0.983302 0.827927 0.921390 0.846955 0.908430 0.903399 0.902133 0.694622 0.828896 0.762663 0.764790 0.817115 0.819160 0.810698 0.914860 0.964262 0.837785 0.844613 0.871305 0.976583 0.491418 0.638036 0.824029 0.988652 0.729116 0.859519 0.531265 0.547688 0.996238 0.973079 0.945746 0.970562 0.906287 0.731892 0.893639 0.972677 0.670734 0.791393 0.965876 0.935693 0.957439 0.997120 0.789036 0.900892 0.522486 0.555552 0.776716 0.684503 0.868902 0.856572 0.892265 0.847879 0.908181 0.905706 0.839180 0.781836 0.765353 0.798784 0.941334 0.870545 0.938421 0.871222 0.993994 0.920989 0.958197 0.823952 0.955914 0.953989 0.922998 0.857586 0.893603 0.757153 0.836642 0.883500 0.981125 0.987631 0.950095 0.945377 0.904348 0.963009
0.612929 0.665280 0.801494 0.956165 0.823752 0.961675 0.672587 0.840345 0.930968 0.721679 0.742288 0.843070 0.763665 0.944507 0.806765 0.967803 0.612921 0.650861 0.000000 0.662359 0.969852 0.978208 0.830521 0.978060 0.944182 0.871026 0.844412 0.997335 0.631830 0.674318 0.773769 0.982797 0.606662 0.690098 0.820332 0.957923 0.822800 0.891024 0.994787 0.990949 0.905338 0.955885 0.804553 0.753237 0.880366 0.740407 0.667992 0.782312 0.808663 0.748362 0.831388 0.810415 0.906991 0.967173 0.823009 0.919100 0.609391 0.649634 0.737431 0.936970 0.679898 0.825729 0.480553 0.631944 0.924931 0.955016 0.840003 0.865643 0.845858 0.870038 0.941384 0.977536 0.837734 0.794883 0.976053 0.980146 0.817397 0.923198 0.906696 0.919591 0.564447 0.646878 0.836360 0.685794 0.755756 0.890015 0.845514 0.839766 0.760776 0.858168 0.877220 0.953532 0.996465 0.925086 0.906935 0.836458 0.848018 0.989065 0.746774 0.866327 0.811087 0.978059 0.826930 0.896194 0.956991 0.977500 0.978771 0.939145 0.834354 0.957896 0.887603 0.959959 0.860253 0.949338 0.900835 0.995239
0.795448 0.808661 0.711489 0.749660 0.877707 0.854638 0.666766 0.620493 0.986721 0.800850 0.735926 0.740628 0.709787 0.825841 0.979877 0.995402 0.810815 0.777456 0.662359 0.000000 0.915375 0.953619 0.805170 0.969896 0.938714 0.953279 0.903209 0.792198 0.931891 0.877587 0.967915 0.970017 0.702599 0.675593 0.764362 0.998009 0.955750 0.866261 0.968946 0.882829 0.931495 0.978404 0.893421 0.825445 0.834054 0.990278 0.893837 0.851759 0.879095 0.916384 0.978543 0.874530 0.839703 0.753988 0.959718 0.928620 0.864054 0.701589 0.674105 0.630412 0.663662 0.644933 0.771119 0.680640 0.894988 0.771340 0.825551 0.778975 0.966235 0.973389 0.944239 0.927576 0.950757 0.971617 0.885543 0.984483 0.804986 0.903622 0.896513 0.876591 0.651807 0.711421 0.990591 0.861920 0.824825 0.997961 0.822078 0.950437 0.901932 0.746847 0.891377 0.998735 0.921096 0.926551 0.937827 0.773241 0.824485 0.826037 0.816227 0.871085 0.840587 0.913497 0.821393 0.994166 0.685375 0.825209 0.960382 0.950087 0.831405 0.871299 0.723613 0.938219 0.907551 0.876151 0.827314 0.861732
0.900905 0.982992 0.801871 0.727725 0.783836 0.777730 0.858783 0.865410 0.949350 0.925129 0.847902 0.915893 0.961807 0.944588 0.994682 0.984869 0.964359 0.968113 0.969852 0.915375 0.000000 0.933561 0.816999 0.851967 0.882130 0.756997 0.988747 0.929940 0.892887 0.898767 0.917567 0.939262 0.903206 0.895489 0.793617 0.961096 0.870882 0.933715 0.820778 0.952922 0.970570 0.880897 0.999328 0.977198 0.912213 0.830657 0.863775 0.980388 0.878769 0.851915 0.998603 0.979294 0.848401 0.873645 0.986871 0.861994 0.987501 0.926709 0.938917 0.951633 0.949359 0.995204 0.996602 0.943912 0.800453 0.749180 0.755392 0.743405 0.841889 0.953302 0.851753 0.885140 0.956340 0.960722 0.990956 0.974626 0.836251 0.907632 0.993196 0.860487 0.954207 0.970114 0.967161 0.954069 0.836646 0.734038 0.921033 0.969276 0.931007 0.894204 0.992224 0.972051 0.923314 0.895338 0.977216 0.840169 0.939731 0.898978 0.934297 0.968405 0.852317 0.932030 0.911113 0.955699 0.781602 0.926839 0.976581 0.966568 0.778962 0.975757 0.919401 0.893807 0.993195 0.943618 0.922402 0.977829
0.936326 0.985028 0.857461 0.880293 0.826691 0.998917 0.923137 0.971355 0.965250 0.991124 0.940069 0.842675 0.858275 0.878977 0.890630 0.849552 0.955781 0.887677 0.978208 0.953619 0.933561 0.000000 0.969627 0.952671 0.889035 0.979034 0.961804 0.892943 0.896942 0.982776 0.970733 0.996021 0.879171 0.928662 0.844462 0.900435 0.937706 0.894915 0.918382 0.951765 0.970165 0.978859 0.737870 0.864119 0.874879 0.895546 0.831834 0.886195 0.877332 0.842095 0.762184 0.821909 0.845863 0.944489 0.871508 0.850188 0.897187 0.963730 0.874285 0.997474 0.967058 0.902372 0.985952 0.946737 0.884506 0.948725 0.808884 0.816375 0.985216 0.953012 0.975148 0.972263 0.871004 0.864681 0.942458 0.918568 0.938927 0.954178 0.931916 0.957572 0.971606 0.983374 0.999751 0.995597 0.993068 0.968103 0.734547 0.891974 0.940105 0.954461 0.873860 0.910672 0.814064 0.773929 0.901930 0.951993 0.888648 0.959350 0.794896 0.899099 0.852130 0.763225 0.923722 0.721136 0.964541 0.901728 0.845024 0.863393 0.986377 0.914020 0.970824 0.875450 0.927072 0.895485 0.977192 0.876351
0.924285 0.908145 0.705076 0.772560 0.743466 0.883150 0.720474 0.842271 0.663451 0.834843 0.957221 0.961230 0.761535 0.946127 0.701591 0.806200 0.971393 0.945147 0.830521 0.805170 0.816999 0.969627 0.000000 0.589780 0.675694 0.840605 0.978067 0.979762 0.955376 0.956611 0.599335 0.780792 0.691912 0.851596 0.792995 0.978663 0.600093 0.846309 0.987614 0.987445 0.954866 0.973299 0.707037 0.800935 0.758279 0.729293 0.705211 0.704157 0.800347 0.657197 0.741766 0.727938 0.859563 0.871490 0.868499 0.825731 0.754894 0.779885 0.894195 0.978747 0.757015 0.951718 0.777362 0.883583 0.703686 0.832557 0.826446 0.804128 0.975566 0.927734 0.939263 0.842679 0.944170 0.915534 0.920371 0.973620 0.934225 0.935121 0.912763 0.972365 0.684464 0.618975 0.645405 0.650864 0.479579 0.626830 0.871633 0.699744 0.846853 0.729346 0.904303 0.904027 0.828848 0.996046 0.964735 0.811663 0.846280 0.897884 0.784699 0.787328 0.692344 0.961856 0.967309 0.908033 0.720904 0.832876 0.919450 0.948095 0.843066 0.929580 0.860352 0.899572 0.985374 0.803926 0.793129 0.997821
0.993175 0.985342 0.798286 0.684220 0.938017 0.844291 0.914712 0.883814 0.998221 0.823590 0.832500 0.925637 0.961012 0.935274 0.934438 0.741107 0.823854 0.860879 0.978060 0.969896 0.851967 0.952671 0.589780 0.000000 0.632423 0.687955 0.722741 0.857729 0.768872 0.815299 0.805316 0.793625 0.931160 0.909816 0.910484 0.871535 0.691511 0.770285 0.888524 0.913149 0.935709 0.834530 0.875120 0.932362 0.996626 0.947440 0.845348 0.786376 0.952307 0.949956 0.898884 0.950160 0.934790 0.978398 0.801422 0.836656 0.958387 0.910171 0.877850 0.951928 0.962417 0.984364 0.974859 0.813060 0.667185 0.674023 0.772141 0.713023 0.846359 0.877218 0.928662 0.781456 0.787330 0.765390 0.952325 0.878167 0.952263 0.911884 0.930631 0.861341 0.874025 0.835502 0.842822 0.922878 0.635244 0.549411 0.956120 0.810301 0.984752 0.838093 0.854625 0.875155 0.813379 0.823794 0.974261 0.959129 0.958414 0.901649 0.972692 0.984776 0.702589 0.906574 0.993768 0.882630 0.726771 0.764637 0.991642 0.897951 0.951590 0.914514 0.924934 0.979468 0.955078 0.960597 0.860845 0.762146
0.834317 0.774734 0.616850 0.590020 0.830675 0.847965 0.715199 0.695356 0.976605 0.906704 0.907646 0.991332 0.854375 0.798624 0.884523 0.792347 0.993562 0.973066 0.944182 0.938714 0.882130 0.889035 0.675694 0.632423 0.000000 0.679157 0.811662 0.827605 0.915466 0.979349 0.697469 0.816143 0.738729 0.759772 0.668229 0.917542 0.738340 0.830390 0.806758 0.837728 0.916662 0.913842 0.549414 0.637267 0.832985 0.790560 0.651941 0.564501 0.926209 0.808402 0.686813 0.747515 0.789575 0.829905 0.893269 0.767559 0.903579 0.938618 0.853115 0.921852 0.756187 0.820557 0.953478 0.922849 0.496805 0.588851 0.626683 0.612286 0.682752 0.982887 0.764979 0.704751 0.966278 0.873284 0.910210 0.968480 0.781889 0.826772 0.853560 0.888781 0.676047 0.721723 0.856308 0.804598 0.581318 0.489661 0.944918 0.961127 0.906909 0.708092 0.759119 0.843237 0.751812 0.715833 0.836065 0.814037 0.978919 0.992940 0.838053 0.861211 0.692554 0.909886 0.930733 0.874771 0.744237 0.856025 0.849760 0.935831 0.964106 0.962809 0.930277 0.945587 0.875876 0.968979 0.780365 0.834940
0.841147 0.854309 0.794064 0.674563 0.791209 0.786322 0.835123 0.843677 0.973767 0.800434 0.946559 0.994547 0.962331 0.953896 0.985482 0.848403 0.987975 0.995621 0.871026 0.953279 0.756997 0.979034 0.840605 0.687955 0.679157 0.000000 0.872677 0.694128 0.938415 0.968853 0.761139 0.931894 0.792765 0.836617 0.853268 0.905445 0.724166 0.976637 0.717159 0.925792 0.845545 0.768616 0.825293 0.856352 0.948208 0.984398 0.796185 0.824388 0.914331 0.936869 0.811750 0.974300 0.862724 0.840627 0.822460 0.829107 0.897211 0.991351 0.916152 0.839490 0.902380 0.996191 0.900774 0.889457 0.657278 0.744091 0.684786 0.723416 0.756866 0.833719 0.706893 0.702392 0.999588 0.968992 0.783663 0.940602 0.820536 0.754807 0.998524 0.912579 0.872407 0.875453 0.864323 0.892817 0.756383 0.543134 0.855944 0.984646 0.952733 0.821758 0.815969 0.814453 0.813581 0.795495 0.854240 0.978180 0.922722 0.898880 0.840231 0.961549 0.818019 0.947475 0.897730 0.936054 0.906717 0.925666 0.975845 0.857148 0.993672 0.944315 0.939648 0.944154 0.984638 0.920803 0.774499 0.917193
0.988235 0.967077 0.897733 0.957883 0.995698 0.816071 0.873775 0.914762 0.887929 0.756245 0.841354 0.923685 0.841786 0.933154 0.903624 0.861024 0.959460 0.928864 0.844412 0.903209 0.988747 0.961804 0.978067 0.722741 0.811662 0.872677 0.000000 0.932606 0.802896 0.906940 0.943329 0.914188 0.875803 0.861286 0.895783 0.857957 0.982760 0.945304 0.784234 0.929916 0.787528 0.936558 0.932294 0.996159 0.972363 0.993129 0.870841 0.949730 0.972451 0.963488 0.931346 0.832125 0.954449 0.993930 0.906020 0.902243 0.927349 0.842832 0.807604 0.851788 0.818784 0.980671 0.843130 0.778534 0.957799 0.882147 0.956073 0.974279 0.947387 0.986271 0.924814 0.895446 0.912215 0.897147 0.950626 0.790538 0.933636 0.965384 0.983638 0.790233 0.976348 0.953515 0.988211 0.996051 0.963781 0.774602 0.974433 0.964000 0.770275 0.940239 0.961154 0.966895 0.983852 0.885347 0.916506 0.812708 0.961843 0.880593 0.922121 0.880883 0.916715 0.850280 0.979971 0.970654 0.954101 0.969079 0.975646 0.976727 0.945926 0.999028 0.899030 0.843848 0.989659 0.999871 0.860266 0.866903
0.961266 0.810871 0.971234 0.825142 0.944699 0.818797 0.916968 0.958976 0.930795 0.759133 0.829176 0.999392 0.969162 0.950667 0.962101 0.823875 0.897940 0.971844 0.997335 0.792198 0.929940 0.892943 0.979762 0.857729 0.827605 0.694128 0.932606 0.000000 0.999535 0.883098 0.980080 0.916134 0.989631 0.986148 0.843177 0.959248 0.903638 0.955688 0.947069 0.928234 0.874011 0.933304 0.846903 0.946431 0.913745 0.982307 0.857578 0.885832 0.998495 0.948119 0.979989 0.979232 0.878749 0.887228 0.914595 0.842966 0.973900 0.998672 0.857095 0.889635 0.915395 0.984104 0.981957 0.888994 0.773981 0.840115 0.850092 0.882693 0.850860 0.991315 0.772006 0.758406 0.986995 0.946300 0.880638 0.966778 0.912791 0.888901 0.991729 0.927860 0.967685 0.959310 0.930414 0.983255 0.962739 0.707652 0.989097 0.893516 0.969099 0.847161 0.939505 0.974513 0.905764 0.917023 0.907126 0.950664 0.885451 0.884435 0.909434 0.958863 0.887224 0.853011 0.923775 0.964345 0.990990 0.909256 0.980523 0.933392 0.893845 0.989639 0.881312 0.966122 0.954628 0.957515 0.910121 0.948603
0.739499 0.688516 0.905501 0.738900 0.967657 0.934661 0.993451 0.921225 0.946314 0.675673 0.749776 0.820596 0.796216 0.838645 0.687565 0.916633 0.540364 0.637334 0.631830 0.931891 0.892887 0.896942 0.955376 0.768872 0.915466 0.938415 0.802896 0.999535 0.000000 0.482975 0.772994 0.919224 0.746812 0.766602 0.909842 0.836395 0.940366 0.955467 0.801461 0.921249 0.892914 0.934910 0.849875 0.700060 0.710572 0.630173 0.731027 0.807198 0.655992 0.751662 0.860345 0.942216 0.676149 0.672958 0.916809 0.966856 0.682762 0.782384 0.949472 0.841409 0.852229 0.906450 0.624372 0.624301 0.835708 0.741480 0.864618 0.847979 0.889493 0.794748 0.857722 0.811539 0.644538 0.681690 0.939616 0.833025 0.979828 0.979173 0.936574 0.979787 0.703215 0.829267 0.879060 0.773294 0.931577 0.881095 0.991930 0.856024 0.976410 0.899135 0.769176 0.776713 0.722942 0.729725 0.956040 0.852632 0.943943 0.901294 0.948809 0.972184 0.881251 0.914905 0.919132 0.940667 0.757162 0.756640 0.971678 0.702757 0.973307 0.964457 0.943183 0.874810 0.799464 0.961609 0.970297 0.887582
0.766879 0.740969 0.853558 0.722863 0.858871 0.943267 0.996951 0.850939 0.975264 0.779043 0.736975 0.789313 0.774923 0.702381 0.599231 0.826864 0.476809 0.510329 0.674318 0.877587 0.898767 0.982776 0.956611 0.815299 0.979349 0.968853 0.906940 0.883098 0.482975 0.000000 0.716500 0.827209 0.704221 0.820197 0.902920 0.991229 0.935005 0.933674 0.928899 0.987818 0.895281 0.874159 0.844318 0.679290 0.691979 0.618184 0.778707 0.773337 0.618150 0.717082 0.881169 0.971716 0.722444 0.653529 0.880605 0.986402 0.631179 0.748097 0.978797 0.773476 0.846526 0.985519 0.574736 0.632885 0.830036 0.732124 0.790766 0.767303 0.883751 0.823377 0.902426 0.926675 0.673021 0.711216 0.998882 0.813558 0.873739 0.961304 0.762529 0.835962 0.600713 0.597194 0.666432 0.608599 0.940256 0.966826 0.871538 0.722095 0.946634 0.920978 0.713594 0.736357 0.636219 0.716998 0.978455 0.915883 0.919773 0.889182 0.993697 0.926424 0.789416 0.868502 0.990345 0.982222 0.720087 0.768582 0.970208 0.613605 0.998280 0.938839 0.913267 0.981058 0.892866 0.905047 0.984130 0.911401
0.927523 0.895312 0.857201 0.950271 0.777490 0.864369 0.853826 0.980708 0.855088 0.769963 0.867933 0.902512 0.870376 0.877033 0.739581 0.827268 0.832772 0.851479 0.773769 0.967915 0.917567 0.970733 0.599335 0.805316 0.697469 0.761139 0.943329 0.980080 0.772994 0.716500 0.000000 0.649122 0.606325 0.768000 0.768879 0.937574 0.685017 0.854914 0.973783 0.891111 0.999352 0.938665 0.657848 0.668028 0.549248 0.585980 0.627180 0.572927 0.607342 0.685219 0.650543 0.779738 0.699654 0.638373 0.811255 0.826505 0.761967 0.863651 0.933245 0.842845 0.846397 0.953653 0.722761 0.912695 0.927927 0.976397 0.832585 0.861313 0.824703 0.858702 0.879459 0.884790 0.845914 0.842951 0.976579 0.928164 0.980597 0.905312 0.946303 0.926018 0.700118 0.679284 0.652426 0.625466 0.692473 0.691978 0.969899 0.661313 0.963913 0.957397 0.997583 0.989064 0.968815 0.959827 0.991139 0.893830 0.946623 0.970778 0.758319 0.933979 0.873497 0.974658 0.998907 0.914857 0.998459 0.908752 0.853536 0.926198 0.973979 0.925693 0.938569 0.802281 0.912745 0.910035 0.993760 0.905180
0.986687 0.999728 0.939648 0.979317 0.986363 0.959269 0.947764 0.969984 0.940844 0.989558 0.957072 0.978660 0.917402 0.771777 0.689681 0.740987 0.978868 0.935576 0.982797 0.970017 0.939262 0.996021 0.780792 0.793625 0.816143 0.931894 0.914188 0.916134 0.919224 0.827209 0.649122 0.000000 0.799037 0.872002 0.866617 0.894776 0.900681 0.815550 0.971364 0.720107 0.948376 0.919668 0.786864 0.797995 0.753943 0.784218 0.705106 0.747951 0.870824 0.914417 0.951998 0.945644 0.899379 0.874168 0.832504 0.788286 0.929019 0.971804 0.810139 0.879302 0.941234 0.947286 0.962966 0.987525 0.953861 0.952206 0.896449 0.873946 0.901952 0.996792 0.988801 0.777083 0.974795 0.888822 0.865670 0.923433 0.959626 0.915124 0.880858 0.803069 0.897433 0.783504 0.764343 0.722531 0.860161 0.770694 0.832461 0.758779 0.950619 0.913798 0.933716 0.925282 0.889060 0.969167 0.873644 0.918450 0.968629 0.845565 0.867514 0.975867 0.901333 0.904732 0.965450 0.928389 0.944272 0.965946 0.955884 0.976555 0.960616 0.949412 0.999537 0.788518 0.942044 0.952014 0.929156 0.913537
0.744049 0.639364 0.635463 0.770833 0.847135 0.946914 0.607881 0.745737 0.770105 0.744949 0.859494 0.902209 0.754839 0.843776 0.731184 0.922861 0.722834 0.680398 0.606662 0.702599 0.903206 0.879171 0.691912 0.931160 0.738729 0.792765 0.875803 0.989631 0.746812 0.704221 0.606325 0.799037 0.000000 0.607778 0.701839 0.981337 0.811157 0.953252 0.935786 0.899727 0.982787 0.934189 0.620109 0.533971 0.705190 0.654993 0.636215 0.579705 0.749042 0.673129 0.692281 0.652084 0.737968 0.850984 0.873807 0.963208 0.618816 0.604357 0.681696 0.882232 0.606927 0.840021 0.577869 0.686254 0.756896 0.884160 0.721371 0.735201 0.987953 0.982724 0.911376 0.932411 0.961347 0.929598 0.868254 0.992154 0.831311 0.871489 0.948761 0.914965 0.538535 0.622555 0.748654 0.639818 0.660961 0.755883 0.915889 0.869471 0.841917 0.812031 0.919146 0.932610 0.890322 0.943277 0.844659 0.824853 0.905855 0.977598 0.647510 0.755700 0.770276 0.940222 0.925154 0.895279 0.795265 0.946183 0.831654 0.951332 0.889120 0.908365 0.858411 0.911874 0.896501 0.968721 0.735123 0.927589
0.669335 0.703421 0.668982 0.671697 0.937319 0.889441 0.647074 0.572684 0.986325 0.808248 0.669595 0.756025 0.822251 0.784108 0.948595 0.957937 0.790073 0.711835 0.690098 0.675593 0.895489 0.928662 0.851596 0.909816 0.759772 0.836617 0.861286 0.986148 0.766602 0.820197 0.768000 0.872002 0.607778 0.000000 0.699141 0.929637 0.859378 0.992347 0.918616 0.709541 0.938266 0.978147 0.691873 0.614004 0.913298 0.796115 0.680216 0.649068 0.963274 0.853625 0.762811 0.731280 0.929816 0.967930 0.989980 0.833534 0.797226 0.750230 0.684456 0.710299 0.692773 0.674631 0.695136 0.646264 0.770260 0.718987 0.617086 0.592479 0.895393 0.873289 0.922224 0.861874 0.805540 0.810101 0.964924 0.965484 0.804376 0.757054 0.925502 0.931291 0.628759 0.733914 0.998702 0.820248 0.767524 0.820107 0.823383 0.931662 0.892855 0.770789 0.923259 0.985121 0.903820 0.946708 0.891958 0.693342 0.834863 0.837260 0.650630 0.732663 0.721181 0.989846 0.799486 0.926466 0.749748 0.947550 0.934812 0.952779 0.826598 0.862391 0.855884 0.865530 0.904971 0.881307 0.756153 0.930625
0.817022 0.794137 0.703079 0.669393 0.959923 0.872856 0.743344 0.689480 0.962051 0.899224 0.899855 0.777752 0.810255 0.767812 0.928428 0.923982 0.895160 0.931404 0.820332 0.764362 0.793617 0.844462 0.792995 0.910484 0.668229 0.853268 0.895783 0.843177 0.909842 0.902920 0.768879 0.866617 0.701839 0.699141 0.000000 0.902007 0.711582 0.915969 0.903536 0.859799 0.976604 0.884245 0.652735 0.704922 0.864436 0.809066 0.693484 0.699617 0.926147 0.811239 0.741936 0.664551 0.859348 0.933027 0.824663 0.726768 0.901038 0.797882 0.790705 0.792712 0.729694 0.707306 0.850106 0.822774 0.717635 0.741668 0.714444 0.672607 0.856612 0.981755 0.778548 0.760283 0.969988 0.981305 0.957055 0.958612 0.766778 0.722552 0.801615 0.919069 0.754561 0.826718 0.875260 0.803412 0.757183 0.792871 0.893193 0.995404 0.896161 0.761555 0.832719 0.925750 0.777109 0.892140 0.812930 0.737038 0.906582 0.940476 0.713026 0.904505 0.870831 0.755203 0.830176 0.856906 0.790963 0.872350 0.852620 0.986468 0.880875 0.899771 0.914096 0.835128 0.902336 0.961909 0.878752 0.948084
0.997126 0.910344 0.908975 0.860224 0.833052 0.916286 0.984969 0.914252 0.930686 0.897627 0.856497 0.934695 0.977004 0.989254 0.910439 0.925959 0.962509 0.935933 0.957923 0.998009 0.961096 0.900435 0.978663 0.871535 0.917542 0.905445 0.857957 0.959248 0.836395 0.991229 0.937574 0.894776 0.981337 0.929637 0.902007 0.000000 0.771908 0.985950 0.915987 0.838040 0.955429 0.908394 0.974147 0.947533 0.949342 0.961030 0.949179 0.989410 0.990026 0.969542 0.918977 0.968832 0.935413 0.885652 0.821516 0.889282 0.935911 0.982778 0.931295 0.993295 0.986902 0.924308 0.959880 0.914384 0.892392 0.921297 0.972192 0.902795 0.886882 0.973682 0.768208 0.892286 0.988493 0.980522 0.838591 0.999040 0.997541 0.814023 0.987454 0.905705 0.976262 0.930439 0.978884 0.983983 0.936698 0.862466 0.980926 0.942817 0.935580 0.805443 0.943646 0.958773 0.883813 0.935835 0.826495 0.888291 0.891084 0.910049 0.953758 0.999431 0.951115 0.872057 0.901584 0.926420 0.943909 0.962488 0.931274 0.978763 0.955567 0.967384 0.951140 0.892717 0.977850 0.999627 0.945558 0.890681
0.928285 0.877652 0.833770 0.817577 0.800196 0.738930 0.888953 0.906660 0.849736 0.958717 0.966400 0.962270 0.851761 0.938861 0.870756 0.832043 0.947676 0.983302 0.822800 0.955750 0.870882 0.937706 0.600093 0.691511 0.738340 0.724166 0.982760 0.903638 0.940366 0.935005 0.685017 0.900681 0.811157 0.859378 0.711582 0.771908 0.000000 0.739961 0.964024 0.974885 0.999199 0.842602 0.743416 0.811370 0.773228 0.748009 0.764904 0.716079 0.771474 0.726598 0.732041 0.746361 0.755407 0.697825 0.779121 0.762475 0.879991 0.853825 0.957303 0.900263 0.869656 0.970839 0.874646 0.981154 0.764923 0.923921 0.865294 0.801524 0.841649 0.935465 0.780159 0.805194 0.915553 0.944950 0.931789 0.985067 0.943263 0.725702 0.903173 0.936806 0.860705 0.832881 0.830064 0.773952 0.757618 0.748466 0.991427 0.861860 0.975495 0.881812 0.873118 0.926246 0.751720 0.953992 0.920435 0.981031 0.921602 0.918136 0.754432 0.859880 0.854995 0.885509 0.894892 0.960541 0.869306 0.869987 0.799001 0.977920 0.954658 0.986734 0.976589 0.842684 0.958494 0.823724 0.728659 0.989045
0.729071 0.917767 0.983431 0.894071 0.916682 0.976514 0.913689 0.976893 0.976322 0.925031 0.787361 0.864190 0.822726 0.979067 0.993240 0.927008 0.838598 0.827927 0.891024 0.866261 0.933715 0.894915 0.846309 0.770285 0.830390 0.976637 0.945304 0.955688 0.955467 0.933674 0.854914 0.815550 0.953252 0.992347 0.915969 0.985950 0.739961 0.000000 0.998756 0.972523 0.998556 0.845232 0.690914 0.744526 0.693832 0.681484 0.772146 0.724785 0.808316 0.806675 0.732266 0.780243 0.813373 0.785846 0.935204 0.878288 0.804292 0.789795 0.864628 0.839516 0.817461 0.885425 0.855749 0.802700 0.907114 0.964165 0.799990 0.792383 0.796610 0.945145 0.895843 0.757605 0.905836 0.888290 0.985889 0.931473 0.912389 0.926176 0.913476 0.948657 0.913707 0.952758 0.909158 0.897355 0.998505 0.895822 0.991860 0.927900 0.862492 0.924345 0.918053 0.855510 0.817042 0.832870 0.851177 0.921621 0.935766 0.860446 0.861152 0.941108 0.821621 0.886606 0.903365 0.878431 0.920286 0.856016 0.823198 0.976686 0.906073 0.931174 0.965576 0.887670 0.991787 0.816611 0.921786 0.945711
