0.000000 0.374430 0.925245 0.815705 0.942482 0.605635 0.556096 0.428920 0.706155 0.721553 0.458542 0.372671 0.570325 0.520310 0.923872 0.597733 0.412118 0.397120 0.439673 0.399145 0.956363 0.862568 0.945168 0.993800 0.875465 0.999534 0.808749 0.987078 0.554541 0.501639 0.832939 0.632455 0.531866 0.485500 0.933316 0.927845 0.863128 0.971913 0.963154 0.911836 0.927737 0.915131 0.501803 0.482815 0.569199 0.560491 0.609705 0.554999 0.644678 0.643569 0.790579 0.822552 0.898898 0.910251 0.971974 0.782472 0.319951 0.490527 0.524369 0.953688 0.507675 0.667049 0.447439 0.456339 0.854934 0.910474 0.639297 0.637558 0.786487 0.722899 0.713982 0.732063 0.876292 0.719054 0.962689 0.774525 0.676386 0.776898 0.847857 0.708197 0.539810 0.567451 0.745177 0.738927 0.989205 0.966327 0.981974 0.914822 0.981428 0.992624 0.529888 0.756736 0.664728 0.847695 0.806831 0.814194 0.769951 0.770405 0.480807 0.483459 0.564218 0.637082 0.533839 0.580580 0.784621 0.746044 0.892887 0.923711 0.955146 0.941761 0.887795 0.726791 0.699241 0.874366 0.846831 0.928244
0.374430 0.000000 0.845428 0.965620 0.916045 0.709742 0.754626 0.610228 0.794579 0.703858 0.688888 0.422475 0.814330 0.714273 0.969642 0.621057 0.344660 0.319688 0.663590 0.630832 0.970250 0.839554 0.843467 0.898576 0.878844 0.929703 0.859222 0.884417 0.590726 0.383927 0.982461 0.751915 0.687846 0.640843 0.832966 0.909614 0.880724 0.908385 0.934427 0.753754 0.893702 0.881966 0.593851 0.529815 0.586744 0.510344 0.780245 0.623821 0.613729 0.595347 0.714617 0.687316 0.863580 0.785223 0.956636 0.745688 0.271513 0.296512 0.702341 0.886318 0.702700 0.618413 0.649224 0.390306 0.755334 0.985186 0.799898 0.789342 0.806051 0.648821 0.815926 0.842268 0.850689 0.782168 0.914392 0.753706 0.745457 0.799645 0.678736 0.566882 0.391321 0.574919 0.769097 0.695087 0.846857 0.914371 0.847612 0.850793 0.929750 0.968904 0.641960 0.848341 0.742452 0.881932 0.749789 0.883236 0.692837 0.858214 0.560505 0.649153 0.701182 0.705559 0.578553 0.686586 0.874971 0.797545 0.767209 0.998483 0.866527 0.896082 0.808711 0.678097 0.725301 0.892980 0.822580 0.851069
0.925245 0.845428 0.000000 0.310492 0.999562 0.994587 0.497022 0.562746 0.844316 0.942043 0.739806 0.994292 0.525259 0.511946 0.556669 0.741235 0.815655 0.878363 0.524222 0.639120 0.961730 0.988287 0.416246 0.518414 0.663402 0.574393 0.879542 0.902177 0.867120 0.893871 0.386456 0.489061 0.519129 0.606658 0.636725 0.755498 0.809917 0.992333 0.772679 0.977273 0.993031 0.687524 0.706639 0.818930 0.997024 0.911479 0.667123 0.729810 0.825748 0.911431 0.883963 0.817505 0.859743 0.860918 0.815455 0.978463 0.891263 0.754225 0.841222 0.883246 0.667649 0.962282 0.876599 0.676720 0.421553 0.456847 0.534765 0.591619 0.903709 0.844474 0.643386 0.730678 0.958433 0.892582 0.977809 0.826693 0.738314 0.788285 0.857882 0.992839 0.733113 0.921339 0.849602 0.829471 0.532802 0.629572 0.749846 0.774478 0.916046 0.891938 0.803321 0.840549 0.916029 0.889150 0.926434 0.874818 0.810572 0.997690 0.926388 0.748541 0.800820 0.774163 0.952104 0.924798 0.797096 0.988299 0.856853 0.833359 0.909100 0.959457 0.915016 0.983283 0.982728 0.920489 0.991650 0.734328
0.815705 0.965620 0.310492 0.000000 0.919519 0.941726 0.551059 0.539412 0.929482 0.810595 0.754641 0.898249 0.528723 0.431924 0.614911 0.651736 0.895000 0.989974 0.482442 0.525900 0.958668 0.986390 0.365827 0.372025 0.551023 0.523359 0.823530 0.748650 0.883125 0.965889 0.353915 0.431487 0.466559 0.593787 0.596849 0.745929 0.749794 0.931310 0.720985 0.951805 0.978956 0.735259 0.718177 0.833599 0.912940 0.827294 0.642324 0.758261 0.695457 0.840738 0.824433 0.797486 0.805143 0.809879 0.751991 0.902293 0.985826 0.853662 0.862877 0.929053 0.732573 0.956866 0.819925 0.758582 0.453800 0.403465 0.525234 0.557297 0.985956 0.883570 0.644673 0.712481 0.886516 0.860326 0.869918 0.845389 0.757255 0.821331 0.986368 0.923121 0.933887 0.873306 0.709320 0.949029 0.489093 0.506790 0.817666 0.713674 0.838068 0.726031 0.831486 0.936045 0.871803 0.960210 0.994811 0.788732 0.832243 0.967497 0.952874 0.787125 0.792969 0.711693 0.979294 0.976505 0.736189 0.935483 0.892891 0.920214 0.881533 0.895858 0.985717 0.889887 0.992166 0.802575 0.953873 0.701830
0.942482 0.916045 0.999562 0.919519 0.000000 0.811556 0.901877 0.898973 0.988507 0.740665 0.850449 0.841534 0.876843 0.862385 0.974942 0.970362 0.963900 0.951413 0.862344 0.831680 0.850609 0.907224 0.994173 0.921007 0.869171 0.759843 0.873818 0.919219 0.977020 0.904380 0.982682 0.879744 0.895512 0.888837 0.950790 0.869712 0.918438 0.878495 0.818265 0.878146 0.990202 0.959101 0.830032 0.861460 0.805291 0.757847 0.994688 0.794926 0.866089 0.898073 0.861624 0.939656 0.853649 0.898464 0.825491 0.954676 0.961428 0.952662 0.884403 0.928515 0.899790 0.985778 0.875045 0.988848 0.894622 0.948503 0.812956 0.820238 0.852064 0.995607 0.871849 0.939455 0.897107 0.827091 0.925282 0.856496 0.843532 0.913212 0.932690 0.994629 0.973746 0.950723 0.978287 0.932081 0.987828 0.948066 0.874779 0.971772 0.982646 0.762693 0.787444 0.770258 0.842126 0.789590 0.936611 0.944744 0.950923 0.894027 0.831190 0.876483 0.933380 0.954011 0.866639 0.800449 0.969588 0.985186 0.861175 0.954321 0.900573 0.878044 0.819625 0.828269 0.855560 0.805177 0.790442 0.798537
0.605635 0.709742 0.994587 0.941726 0.811556 0.000000 0.632180 0.592098 0.658799 0.586112 0.562173 0.553116 0.689618 0.767930 0.949609 0.771339 0.655243 0.619594 0.622569 0.667423 0.999065 0.922035 0.909294 0.956364 0.801514 0.879548 0.763243 0.983387 0.724856 0.672747 0.871206 0.761758 0.755732 0.614248 0.879117 0.917564 0.948182 0.980120 0.975872 0.897399 0.933367 0.973476 0.592781 0.616932 0.622218 0.595053 0.829550 0.676168 0.744668 0.831032 0.956481 0.980162 0.999115 0.923847 0.842071 0.882262 0.574058 0.839045 0.790646 0.986956 0.663639 0.785905 0.658276 0.718018 0.770688 0.976981 0.700223 0.695127 0.932419 0.986405 0.797852 0.776331 0.895581 0.769685 0.928214 0.729549 0.677577 0.756288 0.823470 0.862508 0.871736 0.789883 0.947629 0.951530 0.884166 0.864575 0.955550 0.974759 0.967661 0.800974 0.665653 0.776708 0.718435 0.765287 0.975489 0.975599 0.716363 0.733969 0.556557 0.678481 0.614253 0.701839 0.696427 0.606739 0.996147 0.908355 0.658941 0.918283 0.916911 0.988184 0.909029 0.722777 0.769543 0.774375 0.993957 0.693863
0.556096 0.754626 0.497022 0.551059 0.901877 0.632180 0.000000 0.251463 0.699619 0.530181 0.332797 0.541200 0.374830 0.401464 0.704236 0.677839 0.737081 0.646153 0.296724 0.440710 0.893445 0.859295 0.777706 0.855430 0.832530 0.996709 0.719166 0.886712 0.520460 0.635530 0.602387 0.505065 0.397651 0.332436 0.945853 0.879142 0.919463 0.910323 0.913933 0.967667 0.948922 0.715621 0.449710 0.520113 0.470958 0.557747 0.580591 0.481053 0.702883 0.778961 0.816377 0.913056 0.927477 0.892700 0.968833 0.847978 0.680224 0.919088 0.544567 0.881206 0.342705 0.704714 0.468885 0.818340 0.969359 0.712439 0.377016 0.375087 0.880713 0.989558 0.536852 0.642869 0.937277 0.754398 0.973629 0.697596 0.535411 0.694362 0.992299 0.835271 0.986961 0.861989 0.897522 0.995375 0.840181 0.931354 0.880763 0.954449 0.954247 0.867512 0.443608 0.561294 0.680672 0.722161 0.753178 0.750304 0.834183 0.815830 0.475868 0.413194 0.458710 0.537323 0.737071 0.693885 0.855892 0.863003 0.934944 0.825536 0.906678 0.967975 0.753648 0.687810 0.577869 0.936227 0.997992 0.903704
0.428920 0.610228 0.562746 0.539412 0.898973 0.592098 0.251463 0.000000 0.609347 0.560996 0.330159 0.420602 0.420751 0.363853 0.768211 0.622860 0.599432 0.519534 0.266279 0.357608 0.869822 0.838851 0.814785 0.868859 0.872279 0.943742 0.719120 0.939263 0.452972 0.538078 0.614267 0.485472 0.348059 0.327015 0.930712 0.943493 0.825927 0.983986 0.883323 0.996410 0.982148 0.802004 0.387948 0.459671 0.469290 0.548222 0.564248 0.456372 0.679355 0.713957 0.768997 0.845766 0.851544 0.836987 0.954415 0.820618 0.533591 0.767653 0.539068 0.837957 0.345717 0.607030 0.459962 0.699950 0.969983 0.684069 0.439639 0.388051 0.995422 0.922117 0.556869 0.634417 0.846705 0.710205 0.952616 0.734122 0.517366 0.688962 0.893384 0.746146 0.859761 0.776431 0.884923 0.937800 0.920515 0.979134 0.958916 0.992996 0.906396 0.945931 0.400961 0.571162 0.631782 0.717150 0.768991 0.766634 0.820387 0.787670 0.445239 0.385726 0.461053 0.465862 0.610406 0.621323 0.827300 0.790022 0.907534 0.836785 0.897600 0.999081 0.798275 0.696402 0.610877 0.923317 0.950054 0.909875
0.706155 0.794579 0.844316 0.929482 0.988507 0.658799 0.699619 0.609347 0.000000 0.630595 0.650639 0.710367 0.824622 0.764630 0.903418 0.835608 0.722115 0.723626 0.725992 0.780799 0.715662 0.922557 0.837326 0.819818 0.812874 0.997253 0.883274 0.884492 0.663896 0.802984 0.833617 0.825455 0.759890 0.678313 0.888860 0.738435 0.790217 0.880375 0.948228 0.998002 0.985089 0.950598 0.585047 0.610735 0.577233 0.608388 0.758862 0.627738 0.618096 0.565466 0.650152 0.647432 0.655300 0.620996 0.830921 0.970662 0.672646 0.856460 0.676131 0.725018 0.607453 0.655880 0.906555 0.802675 0.993529 0.886651 0.883636 0.868344 0.990305 0.813812 0.830542 0.813986 0.946925 0.821406 0.944936 0.828725 0.591865 0.812899 0.953767 0.944103 0.900457 0.823863 0.914556 0.934427 0.744182 0.697361 0.971638 0.793847 0.846915 0.831209 0.608653 0.665970 0.799219 0.701393 0.850628 0.996565 0.843762 0.833526 0.545682 0.628163 0.664409 0.749887 0.623461 0.768875 0.989161 0.675533 0.873295 0.753476 0.991340 0.950472 0.898949 0.656018 0.652161 0.801038 0.813749 0.975094
0.721553 0.703858 0.942043 0.810595 0.740665 0.586112 0.530181 0.560996 0.630595 0.000000 0.514973 0.596375 0.776046 0.827836 0.962195 0.950002 0.616293 0.578639 0.697906 0.826688 0.756116 0.917784 0.652387 0.578082 0.409385 0.521485 0.561239 0.761277 0.534990 0.556956 0.876245 0.929477 0.857685 0.644017 0.656968 0.842800 0.878411 0.851616 0.888255 0.832624 0.935478 0.876934 0.562095 0.519153 0.306053 0.303227 0.885281 0.552741 0.380006 0.592840 0.605823 0.695445 0.655878 0.639334 0.643368 0.938101 0.619350 0.792794 0.664318 0.912429 0.527822 0.701729 0.616034 0.606933 0.541437 0.772425 0.770442 0.749448 0.808127 0.935681 0.788434 0.789345 0.983335 0.822560 0.910975 0.795214 0.609461 0.765292 0.892227 0.901630 0.985242 0.936654 0.816510 0.990288 0.608456 0.530772 0.999680 0.779433 0.692436 0.516764 0.459534 0.469837 0.691052 0.607826 0.775180 0.991919 0.671603 0.742463 0.444577 0.471483 0.571399 0.650115 0.580966 0.613484 0.949498 0.855175 0.813586 0.778120 0.977035 0.886199 0.656996 0.477655 0.525744 0.725138 0.914046 0.831641
0.458542 0.688888 0.739806 0.754641 0.850449 0.562173 0.332797 0.330159 0.650639 0.514973 0.000000 0.460033 0.398402 0.479228 0.876673 0.776334 0.581562 0.561389 0.351499 0.449513 0.879875 0.821200 0.966493 0.942606 0.655367 0.873378 0.648327 0.879557 0.476956 0.575354 0.774687 0.642776 0.539668 0.392559 0.981417 0.954523 0.961395 0.834910 0.972419 0.977871 0.992254 0.910197 0.489446 0.509858 0.473721 0.515177 0.587217 0.498271 0.608489 0.723462 0.754510 0.877982 0.859400 0.861117 0.972858 0.824183 0.570836 0.825679 0.488725 0.895581 0.324696 0.708315 0.375173 0.634068 0.815368 0.895425 0.489604 0.480374 0.948985 0.993308 0.621524 0.734129 0.900197 0.765401 0.955380 0.711360 0.644088 0.671422 0.911655 0.869981 0.861768 0.780505 0.988214 0.941949 0.971085 0.913846 0.989464 0.988070 0.979717 0.815746 0.453967 0.561804 0.710929 0.731779 0.834549 0.807224 0.784102 0.813077 0.434123 0.387819 0.447034 0.618301 0.635361 0.551479 0.980893 0.807615 0.943432 0.783542 0.923829 0.985566 0.829381 0.656412 0.542808 0.927247 0.927283 0.942200
0.372671 0.422475 0.994292 0.898249 0.841534 0.553116 0.541200 0.420602 0.710367 0.596375 0.460033 0.000000 0.697449 0.604710 0.882004 0.683244 0.430374 0.373806 0.515149 0.465058 0.949903 0.821660 0.871286 0.894082 0.727946 0.870790 0.666909 0.845185 0.502026 0.424229 0.897427 0.726596 0.564972 0.486401 0.940890 0.973175 0.762090 0.945279 0.932416 0.946243 0.810353 0.944860 0.588886 0.584485 0.482659 0.488677 0.681943 0.544441 0.552338 0.620065 0.727806 0.755710 0.814728 0.792509 0.917661 0.744302 0.388350 0.501659 0.549596 0.814855 0.490998 0.498234 0.474625 0.414861 0.727885 0.916419 0.629984 0.560694 0.823016 0.632514 0.804475 0.775427 0.812462 0.678473 0.963319 0.794378 0.671212 0.787212 0.823038 0.700855 0.549165 0.585328 0.902275 0.701064 0.888137 0.872795 0.905466 0.928323 0.920014 0.932693 0.558158 0.783842 0.688470 0.828245 0.735842 0.833896 0.750074 0.745618 0.528841 0.585264 0.555635 0.616191 0.592625 0.606549 0.925323 0.791995 0.835958 0.931226 0.982046 0.913947 0.830342 0.785576 0.664571 0.883090 0.836678 0.821759
0.570325 0.814330 0.525259 0.528723 0.876843 0.689618 0.374830 0.420751 0.824622 0.776046 0.398402 0.697449 0.000000 0.350121 0.608459 0.646893 0.836014 0.764780 0.366303 0.441356 0.984600 0.956567 0.692694 0.687116 0.996188 0.928074 0.938820 0.955043 0.698789 0.746628 0.627729 0.510011 0.480791 0.409772 0.861601 0.905344 0.994084 0.780385 0.920388 0.989205 0.899359 0.743943 0.519617 0.591792 0.760444 0.785936 0.524560 0.604675 0.947369 0.948159 0.952741 0.898622 0.923511 0.991927 0.927654 0.893363 0.730169 0.992106 0.610277 0.959769 0.470551 0.968376 0.433980 0.915850 0.870392 0.751508 0.441052 0.553690 0.999544 0.921738 0.538929 0.660491 0.979453 0.872932 0.892234 0.624250 0.652712 0.624435 0.918395 0.889622 0.961637 0.824954 0.816026 0.925631 0.707778 0.753601 0.834783 0.810363 0.872471 0.973178 0.590868 0.671345 0.814108 0.765514 0.861588 0.723478 0.886330 0.905873 0.593113 0.521227 0.591827 0.694621 0.767658 0.685154 0.903188 0.974794 0.986346 0.810048 0.858373 0.981052 0.881877 0.833845 0.764362 0.957667 0.959004 0.868973
0.520310 0.714273 0.511946 0.431924 0.862385 0.767930 0.401464 0.363853 0.764630 0.827836 0.479228 0.604710 0.350121 0.000000 0.627979 0.521062 0.784042 0.678718 0.346489 0.321268 0.991957 0.975896 0.661177 0.644319 0.903498 0.840962 0.925198 0.912563 0.598966 0.679329 0.530836 0.461512 0.388191 0.367692 0.805653 0.879271 0.770799 0.901755 0.836658 0.987996 0.938115 0.797254 0.500733 0.576176 0.760518 0.801975 0.548068 0.561453 0.986346 0.922342 0.909910 0.979416 0.987598 0.928027 0.951818 0.872559 0.675636 0.883422 0.652299 0.960508 0.519884 0.847770 0.504207 0.886466 0.776087 0.609454 0.453266 0.512571 0.924087 0.903258 0.577382 0.649040 0.871709 0.768691 0.897959 0.610924 0.587487 0.709711 0.935818 0.814627 0.856623 0.744212 0.758583 0.930332 0.715374 0.715725 0.877141 0.850155 0.891587 0.938095 0.518515 0.717847 0.760086 0.803146 0.861705 0.706519 0.904294 0.905475 0.600918 0.528599 0.582396 0.641722 0.770069 0.790445 0.788132 0.873252 0.961943 0.808147 0.783124 0.990646 0.857288 0.857347 0.733619 0.955565 0.955222 0.880003
0.923872 0.969642 0.556669 0.614911 0.974942 0.949609 0.704236 0.768211 0.903418 0.962195 0.876673 0.882004 0.608459 0.627979 0.000000 0.556695 0.864854 0.923092 0.788572 0.739315 0.877887 0.981290 0.680196 0.649550 0.750100 0.722044 0.790982 0.757876 0.893574 0.952622 0.668922 0.646342 0.792115 0.820414 0.915231 0.922809 0.978873 0.828776 0.868920 0.973840 0.843690 0.739755 0.692517 0.793826 0.995628 0.995969 0.684142 0.888136 0.933001 0.937359 0.989870 0.917320 0.914757 0.939578 0.968322 0.843564 0.990168 0.908734 0.932989 0.833056 0.825693 0.927167 0.942905 0.797669 0.574347 0.727949 0.845111 0.906970 0.899596 0.828738 0.718301 0.757849 0.856264 0.921072 0.984806 0.810101 0.750333 0.845996 0.898276 0.958565 0.822188 0.921193 0.745030 0.911487 0.642880 0.730475 0.738003 0.857206 0.934871 0.948477 0.846207 0.884745 0.957966 0.946417 0.992408 0.984244 0.940656 0.944245 0.878482 0.832311 0.979168 0.925868 0.943144 0.997359 0.877688 0.986577 0.906727 0.814894 0.885591 0.879323 0.879454 0.860874 0.997106 0.981199 0.919128 0.802678
0.597733 0.621057 0.741235 0.651736 0.970362 0.771339 0.677839 0.622860 0.835608 0.950002 0.776334 0.683244 0.646893 0.521062 0.556695 0.000000 0.801876 0.685556 0.667619 0.492613 0.895339 0.863291 0.717567 0.629897 0.762971 0.690318 0.947642 0.899365 0.820916 0.720496 0.624023 0.500786 0.570535 0.617539 0.957770 0.924044 0.664004 0.909123 0.801043 0.855914 0.976749 0.929254 0.702871 0.828346 0.857870 0.846808 0.729633 0.781782 0.922684 0.910273 0.842427 0.922863 0.996820 0.944391 0.908080 0.945560 0.628076 0.645155 0.821271 0.996394 0.705919 0.763286 0.781868 0.791620 0.788918 0.653480 0.781780 0.725728 0.833575 0.883932 0.777416 0.714403 0.960287 0.932786 0.894152 0.741529 0.763314 0.869018 0.877744 0.734198 0.682670 0.600646 0.563892 0.688772 0.671998 0.662902 0.859249 0.772946 0.932115 0.869757 0.822091 0.930827 0.909023 0.937076 0.864419 0.860606 0.817832 0.957122 0.792391 0.846137 0.823441 0.930246 0.882928 0.968331 0.923457 0.980793 0.868206 0.960492 0.936799 0.932099 0.948511 0.896938 0.971515 0.934668 0.994180 0.922549
0.412118 0.344660 0.815655 0.895000 0.963900 0.655243 0.737081 0.599432 0.722115 0.616293 0.581562 0.430374 0.836014 0.784042 0.864854 0.801876 0.000000 0.304242 0.704266 0.715273 0.973875 0.801197 0.699248 0.733326 0.722681 0.793834 0.708826 0.824384 0.495635 0.357994 0.974818 0.853919 0.777925 0.630416 0.736620 0.886370 0.909987 0.876930 0.974240 0.781207 0.886100 0.895852 0.630020 0.540515 0.529637 0.512380 0.808924 0.664933 0.545803 0.566206 0.654654 0.651367 0.786711 0.713938 0.838310 0.790975 0.312915 0.390244 0.713316 0.848389 0.625622 0.546530 0.622985 0.342895 0.638972 0.960283 0.875559 0.808229 0.750683 0.641401 0.893747 0.826101 0.824514 0.771697 0.953156 0.767154 0.773658 0.818498 0.773057 0.630192 0.489458 0.684217 0.964421 0.688707 0.700692 0.760713 0.781229 0.756975 0.769498 0.904816 0.621916 0.800353 0.748000 0.870234 0.727855 0.912400 0.720812 0.834944 0.572519 0.570234 0.668465 0.707417 0.608266 0.682050 0.982383 0.827433 0.789543 0.952657 0.934542 0.895719 0.778054 0.703835 0.688230 0.863383 0.836897 0.824258
0.397120 0.319688 0.878363 0.989974 0.951413 0.619594 0.646153 0.519534 0.723626 0.578639 0.561389 0.373806 0.764780 0.678718 0.923092 0.685556 0.304242 0.000000 0.604323 0.610494 0.976396 0.894318 0.762927 0.843425 0.729676 0.816448 0.694505 0.794349 0.486617 0.325788 0.946948 0.719345 0.671007 0.580380 0.761787 0.845817 0.877042 0.954445 0.979659 0.882896 0.988648 0.971389 0.592953 0.543511 0.496413 0.445458 0.802082 0.581454 0.558585 0.582754 0.707457 0.660721 0.825442 0.778604 0.868186 0.795827 0.271653 0.372054 0.737127 0.928014 0.605769 0.577876 0.574358 0.351986 0.653096 0.971537 0.783443 0.754170 0.755731 0.647596 0.810561 0.754853 0.845154 0.732392 0.920613 0.813060 0.718935 0.765210 0.655689 0.554889 0.469192 0.608681 0.907867 0.653207 0.752051 0.803143 0.846588 0.810664 0.841008 0.907911 0.550322 0.765264 0.677291 0.831912 0.805834 0.860962 0.645800 0.884657 0.533374 0.539246 0.620579 0.688054 0.592108 0.690287 0.939196 0.824240 0.754306 0.967952 0.948659 0.939182 0.841197 0.677299 0.642361 0.843593 0.842629 0.844765
0.439673 0.663590 0.524222 0.482442 0.862344 0.622569 0.296724 0.266279 0.725992 0.697906 0.351499 0.515149 0.366303 0.346489 0.788572 0.667619 0.704266 0.604323 0.000000 0.352348 0.966236 0.865903 0.739032 0.759656 0.976711 0.891627 0.829327 0.979408 0.585254 0.628096 0.577535 0.461589 0.363676 0.330634 0.831145 0.918869 0.887784 0.932155 0.907142 0.997554 0.995528 0.863917 0.464806 0.513083 0.612954 0.672070 0.586341 0.493175 0.851161 0.839697 0.917499 0.993923 0.995102 0.975502 0.917706 0.816176 0.581362 0.843996 0.599105 0.919911 0.411235 0.787309 0.445367 0.789161 0.908382 0.675514 0.365347 0.390690 0.986313 0.966958 0.531539 0.728454 0.871405 0.783952 0.939381 0.741662 0.598430 0.687491 0.913510 0.803657 0.850954 0.733152 0.866099 0.976646 0.796740 0.856654 0.909705 0.889839 0.918065 0.995404 0.484268 0.625754 0.700700 0.781823 0.854519 0.739390 0.876182 0.866564 0.497038 0.437056 0.487275 0.537921 0.676109 0.659305 0.778877 0.839443 0.946286 0.900375 0.978134 0.973769 0.901386 0.735634 0.672171 0.957544 0.969574 0.922992
0.399145 0.630832 0.639120 0.525900 0.831680 0.667423 0.440710 0.357608 0.780799 0.826688 0.449513 0.465058 0.441356 0.321268 0.739315 0.492613 0.715273 0.610494 0.352348 0.000000 0.955562 0.913691 0.746822 0.719618 0.941922 0.841088 0.896521 0.921073 0.610394 0.675837 0.623635 0.458926 0.343392 0.401480 0.794372 0.879156 0.702152 0.905731 0.820071 0.922557 0.920269 0.943650 0.536899 0.600250 0.699311 0.751226 0.556960 0.555953 0.868958 0.806296 0.867752 0.934556 0.902218 0.943508 0.897777 0.811213 0.582400 0.749022 0.556663 0.915048 0.472119 0.725588 0.486715 0.757734 0.865478 0.651732 0.482701 0.478347 0.848180 0.856530 0.616647 0.673155 0.783336 0.719707 0.925803 0.753924 0.655169 0.709702 0.984852 0.778947 0.734356 0.586534 0.696666 0.861510 0.714284 0.754786 0.876954 0.854753 0.921917 0.890845 0.552859 0.790592 0.728632 0.881101 0.845200 0.703743 0.958496 0.839028 0.593355 0.551768 0.601908 0.667053 0.732800 0.693001 0.791223 0.794819 0.899058 0.920246 0.873709 0.973244 0.964948 0.864513 0.769333 0.999730 0.993645 0.966138
0.956363 0.970250 0.961730 0.958668 0.850609 0.999065 0.893445 0.869822 0.715662 0.756116 0.879875 0.949903 0.984600 0.991957 0.877887 0.895339 0.973875 0.976396 0.966236 0.955562 0.000000 0.983403 0.781790 0.773231 0.786864 0.914353 0.974658 0.958558 0.805698 0.999431 0.862914 0.948107 0.880010 0.973283 0.826567 0.727919 0.990617 0.883881 0.947329 0.781546 0.916932 0.965044 0.882834 0.893969 0.851640 0.869574 0.813121 0.914807 0.830428 0.887385 0.917974 0.856182 0.883106 0.907585 0.833417 0.936871 0.931550 0.947894 0.909846 0.987500 0.920889 0.876390 0.977549 0.909017 0.914461 0.917299 0.841427 0.940755 0.934226 0.997968 0.957686 0.974597 0.802196 0.931330 0.886192 0.834772 0.901129 0.984233 0.987420 0.946052 0.766592 0.730826 0.826667 0.866695 0.702502 0.619536 0.974104 0.672552 0.977966 0.991828 0.855388 0.747039 0.966233 0.921875 0.891731 0.977387 0.971851 0.835939 0.838837 0.797642 0.954570 0.876279 0.749928 0.810176 0.974264 0.766674 0.995812 0.748520 0.894577 0.875462 0.839261 0.762311 0.839189 0.866953 0.956244 0.857774
0.862568 0.839554 0.988287 0.986390 0.907224 0.922035 0.859295 0.838851 0.922557 0.917784 0.821200 0.821660 0.956567 0.975896 0.981290 0.863291 0.801197 0.894318 0.865903 0.913691 0.983403 0.000000 0.997439 0.930218 0.885555 0.818532 0.865937 0.865347 0.879869 0.850129 0.961224 0.972934 0.873272 0.948911 0.949726 0.894755 0.862668 0.936144 0.961783 0.802759 0.811549 0.898664 0.882354 0.936255 0.882785 0.896203 0.915417 0.986080 0.821892 0.919329 0.875192 0.997073 0.927759 0.993940 0.958703 0.867432 0.856640 0.859946 0.877967 0.937394 0.858034 0.835022 0.877458 0.861349 0.946038 0.943064 0.935441 0.869794 0.980833 0.954143 0.989448 0.969826 0.863751 0.997503 0.873117 0.988021 0.965487 0.883824 0.964206 0.925701 0.781901 0.896089 0.982133 0.967560 0.986900 0.957076 0.992707 0.987315 0.890042 0.886884 0.977374 0.987939 0.997800 0.937115 0.867221 0.988597 0.992637 0.990306 0.922373 0.965300 0.876640 0.882688 0.883852 0.890536 0.810187 0.954001 0.986960 0.874534 0.945283 0.815619 0.995114 0.929269 0.995351 0.999740 0.877757 0.857438
0.945168 0.843467 0.416246 0.365827 0.994173 0.909294 0.777706 0.814785 0.837326 0.652387 0.966493 0.871286 0.692694 0.661177 0.680196 0.717567 0.699248 0.762927 0.739032 0.746822 0.781790 0.997439 0.000000 0.296625 0.385236 0.498519 0.649089 0.774177 0.831284 0.835557 0.441861 0.553626 0.590913 0.775186 0.523423 0.600324 0.862652 0.931929 0.754504 0.997615 0.945471 0.754898 0.973386 0.870745 0.716982 0.648084 0.817743 0.979443 0.556553 0.692545 0.809014 0.713165 0.722502 0.782514 0.741340 0.985135 0.788209 0.822341 0.932578 0.938191 0.961375 0.927652 0.994140 0.625808 0.406405 0.422088 0.642794 0.650229 0.953992 0.759718 0.726119 0.863908 0.919428 0.997241 0.820189 0.899113 0.918190 0.973076 0.926609 0.899714 0.933171 0.834521 0.655131 0.937808 0.311503 0.334574 0.793503 0.575884 0.742338 0.647043 0.890681 0.801541 0.916978 0.863265 0.961657 0.910593 0.811509 0.915536 0.747631 0.921570 0.896677 0.969617 0.774777 0.800045 0.891068 0.888025 0.836004 0.971324 0.980937 0.983546 0.966444 0.717604 0.744994 0.843111 0.956125 0.742728
0.993800 0.898576 0.518414 0.372025 0.921007 0.956364 0.855430 0.868859 0.819818 0.578082 0.942606 0.894082 0.687116 0.644319 0.649550 0.629897 0.733326 0.843425 0.759656 0.719618 0.773231 0.930218 0.296625 0.000000 0.382243 0.540339 0.621703 0.712281 0.796721 0.859322 0.466157 0.537676 0.642630 0.775204 0.572942 0.737295 0.842086 0.922405 0.692003 0.949896 0.953516 0.803931 0.980518 0.898676 0.667988 0.602815 0.776545 0.958738 0.490393 0.626693 0.726458 0.692569 0.658458 0.722699 0.667351 0.977532 0.871357 0.835595 0.882592 0.940653 0.966495 0.842163 0.994181 0.685151 0.457716 0.496594 0.731264 0.747067 0.861902 0.780340 0.751803 0.864120 0.959521 0.983133 0.838222 0.920355 0.999249 0.974590 0.980367 0.890291 0.979120 0.741781 0.604278 0.967150 0.349819 0.315285 0.829329 0.532202 0.648938 0.604224 0.868619 0.782476 0.928135 0.773554 0.896237 0.877298 0.818453 0.880609 0.779702 0.886631 0.913899 0.972250 0.800166 0.865185 0.809924 0.884457 0.887826 0.946659 0.951462 0.907041 0.890287 0.734395 0.714965 0.825266 0.918267 0.745321
0.875465 0.878844 0.663402 0.551023 0.869171 0.801514 0.832530 0.872279 0.812874 0.409385 0.655367 0.727946 0.996188 0.903498 0.750100 0.762971 0.722681 0.729676 0.976711 0.941922 0.786864 0.885555 0.385236 0.382243 0.000000 0.424621 0.483502 0.712666 0.665508 0.728166 0.573654 0.706711 0.857683 0.932593 0.615500 0.730366 0.822334 0.791981 0.727958 0.874755 0.877435 0.914938 0.844209 0.757866 0.467001 0.461633 0.953213 0.814519 0.424714 0.669545 0.677804 0.703436 0.645742 0.709233 0.784396 0.873809 0.795363 0.908295 0.717917 0.959388 0.757100 0.899927 0.673658 0.610525 0.346482 0.466031 0.984765 0.965773 0.860433 0.857545 0.933379 0.981757 0.991896 0.868038 0.865099 0.979667 0.911278 0.884741 0.974304 0.879961 0.971112 0.876639 0.661544 0.988377 0.438570 0.415291 0.862241 0.728724 0.709439 0.554284 0.662750 0.594495 0.798406 0.693296 0.816450 0.962549 0.766047 0.848857 0.618847 0.688843 0.670526 0.859421 0.690604 0.679461 0.894456 0.870265 0.871632 0.908803 0.937532 0.886695 0.870559 0.683822 0.593260 0.787763 0.960360 0.782982
0.999534 0.929703 0.574393 0.523359 0.759843 0.879548 0.996709 0.943742 0.997253 0.521485 0.873378 0.870790 0.928074 0.840962 0.722044 0.690318 0.793834 0.816448 0.891627 0.841088 0.914353 0.818532 0.498519 0.540339 0.424621 0.000000 0.661764 0.797059 0.865999 0.762162 0.606317 0.770365 0.757450 0.956950 0.727690 0.789035 0.716936 0.711740 0.746722 0.828272 0.937160 0.952131 0.994158 0.848252 0.666714 0.650186 0.854787 0.880590 0.679724 0.813718 0.789150 0.777820 0.776892 0.743206 0.676745 0.938022 0.906738 0.928601 0.896388 0.929940 0.989419 0.924321 0.805781 0.739944 0.368632 0.448554 0.922839 0.886375 0.892902 0.889221 0.992287 0.964690 0.997063 0.907715 0.859284 0.956665 0.917622 0.953590 0.967712 0.932548 0.965400 0.922471 0.747240 0.981849 0.542490 0.570088 0.825817 0.767410 0.793115 0.693715 0.782407 0.658020 0.869613 0.759012 0.836811 0.955938 0.773886 0.887823 0.742307 0.810745 0.880292 0.895070 0.842776 0.718884 0.853814 0.983517 0.937116 0.907751 0.939570 0.889422 0.766972 0.769540 0.742684 0.762158 0.967281 0.794770
0.808749 0.859222 0.879542 0.823530 0.873818 0.763243 0.719166 0.719120 0.883274 0.561239 0.648327 0.666909 0.938820 0.925198 0.790982 0.947642 0.708826 0.694505 0.829327 0.896521 0.974658 0.865937 0.649089 0.621703 0.483502 0.661764 0.000000 0.641964 0.678768 0.669750 0.895622 0.914374 0.849206 0.795730 0.735826 0.965866 0.981758 0.976261 0.831220 0.950469 0.890422 0.989681 0.734643 0.759279 0.535814 0.569784 0.895909 0.844738 0.544295 0.731893 0.778943 0.790872 0.713032 0.824973 0.821255 0.873165 0.796599 0.856545 0.752250 0.992377 0.719369 0.850796 0.670762 0.635195 0.569178 0.717189 0.869647 0.790602 0.881353 0.907065 0.853889 0.824599 0.881880 0.815244 0.913814 0.952437 0.911735 0.956505 0.926495 0.915890 0.933136 0.934058 0.733700 0.772375 0.645205 0.646879 0.855718 0.893167 0.731223 0.711494 0.636783 0.678523 0.692955 0.839457 0.968686 0.886851 0.723403 0.962017 0.658383 0.766069 0.624319 0.782152 0.808900 0.731977 0.946108 0.872808 0.828659 0.951398 0.841913 0.905394 0.920543 0.780513 0.616889 0.895157 0.987354 0.928228
0.987078 0.884417 0.902177 0.748650 0.919219 0.983387 0.886712 0.939263 0.884492 0.761277 0.879557 0.845185 0.955043 0.912563 0.757876 0.899365 0.824384 0.794349 0.979408 0.921073 0.958558 0.865347 0.774177 0.712281 0.712666 0.797059 0.641964 0.000000 0.924034 0.763145 0.733387 0.944630 0.986013 0.954307 0.711056 0.929434 0.932749 0.986264 0.924862 0.968280 0.980379 0.974759 0.979913 0.999999 0.776792 0.774899 0.992205 0.919304 0.712344 0.862489 0.871067 0.870424 0.961704 0.898836 0.825931 0.993671 0.943595 0.859077 0.977215 0.810599 0.813201 0.749831 0.849991 0.731097 0.730452 0.908419 0.993852 0.873524 0.944769 0.991868 0.895451 0.923927 0.838489 0.946879 0.780478 0.997282 0.869093 0.938245 0.997227 0.815219 0.894079 0.932711 0.773655 0.934365 0.754452 0.785383 0.957667 0.822160 0.839001 0.851419 0.950626 0.950686 0.949753 0.912741 0.784147 0.919945 0.874650 0.997452 0.913727 0.928472 0.981573 0.976952 0.938377 0.956119 0.916814 0.914555 0.973626 0.854700 0.968961 0.797775 0.838940 0.784157 0.874052 0.956501 0.934181 0.925195
0.554541 0.590726 0.867120 0.883125 0.977020 0.724856 0.520460 0.452972 0.663896 0.534990 0.476956 0.502026 0.698789 0.598966 0.893574 0.820916 0.495635 0.486617 0.585254 0.610394 0.805698 0.879869 0.831284 0.796721 0.665508 0.865999 0.678768 0.924034 0.000000 0.479768 0.874813 0.808866 0.661520 0.610114 0.898303 0.894546 0.864198 0.986810 0.925057 0.852476 0.944926 0.936946 0.530915 0.522753 0.466020 0.473662 0.739236 0.543609 0.560914 0.583009 0.643715 0.654398 0.692127 0.650095 0.856115 0.763018 0.510633 0.672250 0.581016 0.869002 0.515981 0.601547 0.577262 0.570477 0.813856 0.967491 0.705752 0.701346 0.940430 0.708289 0.811465 0.720908 0.714151 0.697240 0.968045 0.752940 0.614087 0.753621 0.815419 0.797661 0.795969 0.899114 0.970711 0.813707 0.813697 0.780041 0.968446 0.748893 0.784522 0.781806 0.465732 0.671507 0.697098 0.698521 0.765544 0.776203 0.804884 0.851223 0.535657 0.502312 0.574555 0.646154 0.564793 0.721882 0.906673 0.824336 0.801932 0.722166 0.823954 0.976914 0.714555 0.791835 0.628314 0.760272 0.898841 0.976925
0.501639 0.383927 0.893871 0.965889 0.904380 0.672747 0.635530 0.538078 0.802984 0.556956 0.575354 0.424229 0.746628 0.679329 0.952622 0.720496 0.357994 0.325788 0.628096 0.675837 0.999431 0.850129 0.835557 0.859322 0.728166 0.762162 0.669750 0.763145 0.479768 0.000000 0.961512 0.807562 0.675240 0.599693 0.688664 0.852609 0.980700 0.987287 0.957718 0.866951 0.994436 0.959700 0.637024 0.584984 0.532891 0.498797 0.847772 0.636904 0.592500 0.681714 0.641627 0.686180 0.844522 0.707676 0.838412 0.781926 0.380182 0.446574 0.743772 0.825430 0.598559 0.620788 0.525846 0.392960 0.638705 0.989444 0.809825 0.722846 0.767214 0.737241 0.844390 0.824555 0.846372 0.807460 0.953309 0.753404 0.776031 0.851514 0.691311 0.514570 0.486395 0.610278 0.924249 0.676380 0.792906 0.881242 0.870071 0.896499 0.870888 0.923589 0.607999 0.778121 0.748513 0.899815 0.777056 0.883533 0.656403 0.891083 0.558604 0.635114 0.668565 0.682665 0.634759 0.721742 0.978817 0.906549 0.780580 0.986829 0.954868 0.889890 0.740156 0.733121 0.751260 0.788037 0.899729 0.894818
0.832939 0.982461 0.386456 0.353915 0.982682 0.871206 0.602387 0.614267 0.833617 0.876245 0.774687 0.897427 0.627729 0.530836 0.668922 0.624023 0.974818 0.946948 0.577535 0.623635 0.862914 0.961224 0.441861 0.466157 0.573654 0.606317 0.895622 0.733387 0.874813 0.961512 0.000000 0.464912 0.506676 0.621100 0.636740 0.851936 0.773088 0.931773 0.711086 0.944524 0.922454 0.719500 0.761349 0.846481 0.968863 0.912711 0.789854 0.820157 0.778323 0.884715 0.881813 0.850675 0.857145 0.876108 0.853442 0.959052 0.939263 0.958320 0.949841 0.969392 0.795845 0.946797 0.949741 0.804877 0.524824 0.498794 0.631581 0.617507 0.963362 0.978169 0.515218 0.601149 0.801718 0.729212 0.776986 0.722674 0.740742 0.905014 0.954047 0.828447 0.994809 0.857813 0.732207 0.917053 0.539859 0.561845 0.960343 0.761265 0.821856 0.837493 0.820876 0.951099 0.810542 0.960227 0.923570 0.906106 0.988450 0.937676 0.960138 0.829695 0.742356 0.793553 0.995849 0.972441 0.838061 0.950636 0.883306 0.857973 0.958893 0.990230 0.960703 0.877983 0.968190 0.864621 0.994012 0.810612
0.632455 0.751915 0.489061 0.431487 0.879744 0.761758 0.505065 0.485472 0.825455 0.929477 0.642776 0.726596 0.510011 0.461512 0.646342 0.500786 0.853919 0.719345 0.461589 0.458926 0.948107 0.972934 0.553626 0.537676 0.706711 0.770365 0.914374 0.944630 0.808866 0.807562 0.464912 0.000000 0.461710 0.499092 0.760178 0.806197 0.724302 0.954808 0.739845 0.860654 0.956313 0.824897 0.670019 0.741843 0.839709 0.878774 0.606421 0.587785 0.984955 0.880413 0.907179 0.941629 0.977589 0.989165 0.800260 0.921077 0.709229 0.811360 0.745611 0.843582 0.606770 0.791620 0.707739 0.947140 0.694164 0.547645 0.518203 0.537458 0.971462 0.914242 0.602065 0.677211 0.868433 0.764250 0.940056 0.687578 0.639389 0.664046 0.888069 0.710883 0.870128 0.683065 0.635859 0.872230 0.632137 0.622581 0.818391 0.778066 0.920837 0.768234 0.704404 0.858380 0.829192 0.901292 0.827764 0.813493 0.975812 0.879210 0.807233 0.694444 0.797717 0.768643 0.926486 0.832795 0.808887 0.881100 0.965297 0.882868 0.992483 0.993336 0.889122 0.888353 0.916126 0.987591 0.986426 0.877851
0.531866 0.687846 0.519129 0.466559 0.895512 0.755732 0.397651 0.348059 0.759890 0.857685 0.539668 0.564972 0.480791 0.388191 0.792115 0.570535 0.777925 0.671007 0.363676 0.343392 0.880010 0.873272 0.590913 0.642630 0.857683 0.757450 0.849206 0.986013 0.661520 0.675240 0.506676 0.461710 0.000000 0.411043 0.806979 0.785945 0.745532 0.911426 0.771639 0.870922 0.937625 0.823092 0.527436 0.645141 0.678006 0.753349 0.573600 0.597889 0.917980 0.838494 0.844735 0.943929 0.931533 0.937365 0.938350 0.789950 0.692408 0.841795 0.611038 0.816774 0.481370 0.713220 0.556095 0.843883 0.781969 0.536672 0.405190 0.401003 0.923924 0.930440 0.547321 0.663251 0.754664 0.714313 0.876076 0.731967 0.604618 0.786868 0.879849 0.703871 0.784266 0.654647 0.743614 0.920729 0.654083 0.684070 0.928294 0.832334 0.998031 0.939065 0.568272 0.781345 0.723578 0.893949 0.862089 0.745416 0.902778 0.964751 0.668783 0.611316 0.617745 0.595113 0.756009 0.803623 0.793741 0.887757 0.963928 0.950026 0.896993 0.919098 0.947244 0.923398 0.776612 0.938789 0.952675 0.867012
0.485500 0.640843 0.606658 0.593787 0.888837 0.614248 0.332436 0.327015 0.678313 0.644017 0.392559 0.486401 0.409772 0.367692 0.820414 0.617539 0.630416 0.580380 0.330634 0.401480 0.973283 0.948911 0.775186 0.775204 0.932593 0.956950 0.795730 0.954307 0.610114 0.599693 0.621100 0.499092 0.411043 0.000000 0.931109 0.881454 0.822578 0.997077 0.781773 0.996055 0.976050 0.778091 0.533103 0.545793 0.553927 0.640296 0.543195 0.485086 0.756644 0.766850 0.771054 0.830454 0.902814 0.823286 0.974603 0.964645 0.587801 0.812127 0.561180 0.798787 0.371746 0.684530 0.461786 0.707068 0.962409 0.663888 0.430351 0.383669 0.869998 0.932772 0.591852 0.750033 0.836270 0.712487 0.856355 0.598129 0.659146 0.661501 0.972813 0.761047 0.844071 0.699051 0.817382 0.837414 0.805845 0.838799 0.913753 0.853294 0.916613 0.995518 0.530958 0.713075 0.754938 0.818025 0.778565 0.763814 0.860218 0.858010 0.548999 0.514896 0.494296 0.652027 0.766027 0.709950 0.805760 0.852607 0.898721 0.853125 0.927977 0.969652 0.860339 0.738121 0.654765 0.964752 0.921591 0.943173
0.933316 0.832966 0.636725 0.596849 0.950790 0.879117 0.945853 0.930712 0.888860 0.656968 0.981417 0.940890 0.861601 0.805653 0.915231 0.957770 0.736620 0.761787 0.831145 0.794372 0.826567 0.949726 0.523423 0.572942 0.615500 0.727690 0.735826 0.711056 0.898303 0.688664 0.636740 0.760178 0.806979 0.931109 0.000000 0.805955 0.860739 0.994883 0.927412 0.996754 0.882041 0.986780 0.960092 0.934530 0.770988 0.725151 0.925424 0.967248 0.717497 0.797748 0.739832 0.748689 0.811570 0.745455 0.731156 0.935876 0.813972 0.833105 0.925255 0.993666 0.928589 0.813243 0.977811 0.716153 0.627229 0.755704 0.721681 0.795013 0.973038 0.880184 0.798531 0.928903 0.830315 0.877264 0.985837 0.979348 0.911765 0.901665 0.796579 0.909531 0.941505 0.907252 0.784680 0.899047 0.548325 0.637040 0.838470 0.794562 0.780538 0.822903 0.983382 0.918953 0.977900 0.979343 0.913236 0.976484 0.829599 0.966387 0.812479 0.967222 0.899501 0.930712 0.875734 0.931273 0.851610 0.997966 0.800111 0.935741 0.959068 0.992150 0.930057 0.646071 0.774971 0.844231 0.949688 0.851339
0.927845 0.909614 0.755498 0.745929 0.869712 0.917564 0.879142 0.943493 0.738435 0.842800 0.954523 0.973175 0.905344 0.879271 0.922809 0.924044 0.886370 0.845817 0.918869 0.879156 0.727919 0.894755 0.600324 0.737295 0.730366 0.789035 0.965866 0.929434 0.894546 0.852609 0.851936 0.806197 0.785945 0.881454 0.805955 0.000000 0.985505 0.840265 0.996551 0.959595 0.873899 0.898572 0.919123 0.876836 0.960304 0.896889 0.778712 0.999059 0.892683 0.991599 0.993859 0.968575 0.966826 0.935202 0.809669 0.865222 0.799524 0.951486 0.986505 0.854343 0.909949 0.895274 0.914333 0.882672 0.724336 0.665050 0.664717 0.676792 0.979147 0.876588 0.996581 0.978091 0.915310 0.923818 0.863105 0.964766 0.914336 0.999347 0.913040 0.951159 0.986635 0.863778 0.779874 0.956696 0.574043 0.585580 0.906304 0.698204 0.989410 0.852075 0.921548 0.828510 0.970301 0.868444 0.911239 0.875646 0.803119 0.940783 0.803850 0.906833 0.800216 0.981817 0.748789 0.923907 0.899835 0.994055 0.939907 0.850760 0.951065 0.905282 0.989022 0.906151 0.936835 0.882211 0.960923 0.929633
0.863128 0.880724 0.809917 0.749794 0.918438 0.948182 0.919463 0.825927 0.790217 0.878411 0.961395 0.762090 0.994084 0.770799 0.978873 0.664004 0.909987 0.877042 0.887784 0.702152 0.990617 0.862668 0.862652 0.842086 0.822334 0.716936 0.981758 0.932749 0.864198 0.980700 0.773088 0.724302 0.745532 0.822578 0.860739 0.985505 0.000000 0.890747 0.763990 0.717425 0.749712 0.809138 0.958976 0.985301 0.988557 0.935781 0.859402 0.947943 0.961875 0.821256 0.808215 0.822807 0.814363 0.821517 0.888459 0.961147 0.876800 0.819310 0.813510 0.758721 0.870383 0.702043 0.932533 0.954595 0.767029 0.674002 0.932473 0.793294 0.854926 0.807110 0.986832 0.852662 0.779737 0.849307 0.967782 0.852174 0.909555 0.954250 0.901555 0.821247 0.883590 0.867306 0.782097 0.749637 0.887070 0.887726 0.962528 0.924782 0.948677 0.774202 0.954458 0.898787 0.946566 0.977238 0.712769 0.943863 0.976189 0.870820 0.985989 0.938670 0.968946 0.955506 0.993654 0.890845 0.993528 0.894863 0.990450 0.926333 0.798570 0.943313 0.958081 0.910251 0.980801 0.990290 0.985097 0.961659
0.971913 0.908385 0.992333 0.931310 0.878495 0.980120 0.910323 0.983986 0.880375 0.851616 0.834910 0.945279 0.780385 0.901755 0.828776 0.909123 0.876930 0.954445 0.932155 0.905731 0.883881 0.936144 0.931929 0.922405 0.791981 0.711740 0.976261 0.986264 0.986810 0.987287 0.931773 0.954808 0.911426 0.997077 0.994883 0.840265 0.890747 0.000000 0.873974 0.793596 0.924002 0.965812 0.995211 0.898546 0.989834 0.998222 0.972901 0.989986 0.990355 0.919346 0.982276 0.958953 0.970617 0.979649 0.998630 0.878615 0.930629 0.879023 0.962577 0.712128 0.976578 0.749384 0.821700 0.944919 0.885936 0.743744 0.985347 0.923709 0.869103 0.939942 0.841941 0.953016 0.962565 0.974248 0.852224 0.893606 0.874086 0.803429 0.894736 0.898815 0.869048 0.886846 0.900243 0.863824 0.959615 0.936735 0.990718 0.977794 0.872326 0.965502 0.879710 0.758810 0.989791 0.849496 0.933084 0.970955 0.889168 0.951623 0.881461 0.854441 0.954707 0.956201 0.958131 0.856433 0.778273 0.933882 0.921204 0.818148 0.967438 0.991114 0.923959 0.966466 0.980568 0.977045 0.797558 0.931354
