0.000000 0.159938 0.699458 0.572623 0.941821 0.724295 0.585282 0.394674 0.693699 0.920672 0.320885 0.194402 0.279869 0.301843 0.514333 0.539501 0.222323 0.217410 0.253020 0.196832 0.645800 0.835132 0.701086 0.581457 0.757085 0.955595 0.646415 0.851091 0.278498 0.253737 0.810955 0.644556 0.324505 0.328151 0.926622 0.954710 0.731015 0.631276 0.960724 0.664803 0.570995 0.729251 0.966366 0.804453 0.913119 0.845692 0.563594 0.658107 0.733686 0.614927 0.688000 0.651607 0.917405 0.794745 0.323585 0.465871 0.160619 0.157798 0.358414 0.306815 0.238242 0.253941 0.197036 0.174728 0.500123 0.427991 0.792688 0.725241 0.286761 0.317456 0.806430 0.615205 0.890261 0.960906 0.721726 0.938909 0.841958 0.902255 0.479576 0.433688 0.234965 0.255886 0.351284 0.294433 0.221614 0.269264 0.868929 0.645680 0.401585 0.273659 0.429568 0.430154 0.395028 0.354906 0.950623 0.990440 0.977614 0.791301 0.828912 0.875403 0.785328 0.752660 0.999844 0.815677 0.946469 0.932258 0.925665 0.833595 0.765329 0.873356 0.840333 0.950196 0.828580 0.969540 0.781829 0.570538
0.159938 0.000000 0.594631 0.484813 0.930644 0.712421 0.555980 0.373812 0.671550 0.873167 0.395155 0.228654 0.341751 0.358354 0.547110 0.540749 0.209091 0.210107 0.247965 0.229354 0.598384 0.878001 0.648268 0.540829 0.654130 0.868714 0.572948 0.896596 0.317652 0.258084 0.706054 0.576025 0.311348 0.290581 0.831250 0.932130 0.622272 0.550715 0.852943 0.667318 0.578863 0.706909 0.939024 0.719219 0.955548 0.812638 0.472786 0.577054 0.750457 0.586842 0.656296 0.598290 0.837421 0.870506 0.299791 0.411378 0.137203 0.141822 0.344444 0.295071 0.276100 0.266968 0.247326 0.196311 0.440147 0.365775 0.690072 0.641640 0.283295 0.278782 0.866207 0.658638 0.854177 0.969408 0.711188 0.905339 0.913451 0.930042 0.435680 0.384755 0.225282 0.276600 0.304989 0.261290 0.239202 0.248416 0.823088 0.638728 0.467459 0.261886 0.398437 0.404735 0.383727 0.344000 0.969814 0.965812 0.972161 0.858996 0.798529 0.906658 0.739288 0.705377 0.997971 0.891249 0.876164 0.875353 0.856974 0.857228 0.801437 0.809211 0.803359 0.976366 0.873452 0.973414 0.729163 0.597013
0.699458 0.594631 0.000000 0.245104 0.897888 0.983768 0.479427 0.510768 0.779226 0.890179 0.911983 0.761587 0.754248 0.705486 0.670320 0.460870 0.641110 0.663850 0.515049 0.626441 0.527384 0.994231 0.361480 0.396913 0.272637 0.341877 0.497702 0.961946 0.798557 0.646717 0.370891 0.481794 0.523917 0.621368 0.483689 0.597155 0.523518 0.550036 0.606210 0.876964 0.870957 0.735349 0.858740 0.762963 0.801602 0.847839 0.660094 0.700084 0.748987 0.996668 0.932582 0.853692 0.799653 0.917882 0.686244 0.819325 0.600687 0.581144 0.751459 0.690072 0.633831 0.620266 0.776770 0.720529 0.313965 0.338986 0.456720 0.553656 0.672320 0.623607 0.625396 0.877356 0.682372 0.801022 0.655709 0.943932 0.748680 0.751045 0.762267 0.815210 0.803859 0.806569 0.532640 0.737420 0.595938 0.497804 0.823461 0.860150 0.873163 0.669418 0.805765 0.729339 0.880157 0.825124 0.976032 0.888460 0.930968 0.984526 0.856112 0.979394 0.966087 0.856157 0.875727 0.919469 0.658792 0.738116 0.715161 0.906451 0.936208 0.775645 0.819876 0.952997 0.918661 0.957220 0.559400 0.946275
0.572623 0.484813 0.245104 0.000000 0.844783 0.973758 0.337882 0.296677 0.792410 0.907302 0.905865 0.639057 0.654549 0.573797 0.642870 0.393724 0.587930 0.617030 0.410956 0.574377 0.510497 0.960637 0.253439 0.335573 0.380075 0.427100 0.536765 0.959167 0.726526 0.616178 0.277088 0.366565 0.364259 0.494073 0.487918 0.648001 0.535001 0.563885 0.767319 0.877353 0.864836 0.735579 0.649192 0.556637 0.994039 0.913762 0.509512 0.513892 0.995481 0.721513 0.639757 0.571398 0.579421 0.728237 0.580306 0.684144 0.481690 0.478795 0.535073 0.436401 0.530352 0.436897 0.651403 0.559922 0.364128 0.291968 0.350776 0.410427 0.666246 0.505488 0.552415 0.831254 0.570325 0.728836 0.674473 0.846803 0.708139 0.676225 0.546180 0.624431 0.694077 0.754588 0.495009 0.673020 0.495363 0.383389 0.930803 0.817398 0.725925 0.495283 0.857026 0.800026 0.887277 0.821132 0.880611 0.809616 0.825394 0.860260 0.962593 0.840261 0.991109 0.993071 0.982101 0.953377 0.560054 0.571640 0.629252 0.814411 0.967061 0.698578 0.736741 0.853791 0.893163 0.974475 0.460477 0.980116
0.941821 0.930644 0.897888 0.844783 0.000000 0.634861 0.725819 0.755361 0.487971 0.548280 0.876606 0.960522 0.827998 0.798820 0.628031 0.645100 0.974671 0.936761 0.876321 0.983368 0.824597 0.895790 0.638321 0.761982 0.960637 0.876618 0.976834 0.973325 0.891408 0.942173 0.669418 0.674844 0.874496 0.908808 0.890693 0.885796 0.911056 0.786350 0.807567 0.969532 0.748408 0.961854 0.826946 0.907310 0.827656 0.932174 0.965590 0.898141 0.985855 0.952836 0.811498 0.828270 0.717407 0.645161 0.955174 0.953522 0.929878 0.954250 0.999844 0.990058 0.849632 0.777235 0.919758 0.963616 0.991867 0.874474 0.817917 0.886895 0.826199 0.938084 0.648290 0.694473 0.617916 0.568080 0.948116 0.836684 0.760076 0.817516 0.987926 0.920665 0.994747 0.975893 0.940416 0.814093 0.905710 0.956184 0.853403 0.938248 0.973412 0.979396 0.646560 0.677874 0.676339 0.629948 0.744149 0.824108 0.939412 0.844185 0.683848 0.739501 0.686650 0.577899 0.724613 0.739181 0.727420 0.751005 0.926818 0.963369 0.984893 0.960616 0.816084 0.908442 0.728185 0.893677 0.819502 0.896478
0.724295 0.712421 0.983768 0.973758 0.634861 0.000000 0.855430 0.950968 0.479357 0.615555 0.648662 0.773131 0.887217 0.919913 0.977296 0.863161 0.749491 0.722240 0.901248 0.769387 0.925682 0.812071 0.742118 0.875882 0.963386 0.766993 0.829725 0.972458 0.813165 0.768741 0.726606 0.889661 0.898838 0.931451 0.865538 0.904695 0.998646 0.936264 0.968594 0.879034 0.744839 0.962405 0.738960 0.817637 0.709440 0.879650 0.945172 0.873894 0.960795 0.899834 0.845044 0.843118 0.723781 0.552691 0.943574 0.994354 0.717322 0.745222 0.908768 0.868781 0.830560 0.891691 0.842280 0.828992 0.774277 0.910050 0.860763 0.814191 0.664833 0.822869 0.608007 0.599079 0.633122 0.544508 0.852682 0.904259 0.649629 0.715008 0.864519 0.980134 0.831928 0.815181 0.821297 0.674887 0.850444 0.858877 0.884452 0.811923 0.962933 0.891294 0.470470 0.570685 0.549337 0.596187 0.683527 0.871070 0.758903 0.824975 0.607219 0.621343 0.666384 0.693697 0.663952 0.797454 0.696386 0.688208 0.868812 0.711655 0.776677 0.945737 0.865324 0.763236 0.679413 0.889205 0.721775 0.762385
0.585282 0.555980 0.479427 0.337882 0.725819 0.855430 0.000000 0.208064 0.729585 0.550008 0.939267 0.678707 0.599299 0.561100 0.654564 0.518573 0.650944 0.690578 0.416110 0.636010 0.660877 0.878588 0.351459 0.565572 0.751353 0.675829 0.808216 0.964120 0.639491 0.693628 0.270364 0.359576 0.372448 0.374680 0.589252 0.830885 0.724132 0.758838 0.961863 0.897315 0.979830 0.643036 0.530843 0.410583 0.672828 0.588001 0.444041 0.431621 0.644020 0.508837 0.402258 0.376980 0.427622 0.573074 0.532171 0.580139 0.539106 0.539924 0.346268 0.348777 0.439327 0.403883 0.485171 0.490305 0.726672 0.572400 0.370349 0.367953 0.827670 0.495215 0.564123 0.846063 0.444698 0.574728 0.718774 0.712400 0.537802 0.626631 0.510477 0.674291 0.667795 0.805588 0.635211 0.848176 0.573976 0.544922 0.778931 0.959086 0.699543 0.539537 0.923665 0.930654 0.910059 0.985009 0.696534 0.668823 0.668730 0.731180 0.572434 0.505159 0.751319 0.719290 0.671949 0.576223 0.517336 0.463789 0.552112 0.736922 0.950335 0.749388 0.643339 0.613034 0.647208 0.687801 0.436971 0.999137
0.394674 0.373812 0.510768 0.296677 0.755361 0.950968 0.208064 0.000000 0.838092 0.618887 0.742320 0.454847 0.432471 0.378707 0.528362 0.405473 0.471251 0.499085 0.294087 0.453536 0.633149 0.930672 0.343999 0.449784 0.728727 0.747296 0.789719 0.938607 0.472320 0.507677 0.346493 0.356515 0.264393 0.306121 0.642348 0.891806 0.718530 0.723855 0.943333 0.849948 0.866580 0.692355 0.546645 0.411345 0.722773 0.585339 0.380834 0.389662 0.598050 0.446437 0.364124 0.345060 0.445651 0.638882 0.424777 0.484967 0.368961 0.366926 0.292679 0.237253 0.324297 0.224988 0.366772 0.325251 0.607209 0.422654 0.421143 0.386546 0.638164 0.398523 0.661600 0.910030 0.473433 0.614069 0.715274 0.707360 0.663453 0.735781 0.398454 0.498289 0.466233 0.574844 0.508350 0.634913 0.393676 0.370343 0.884199 0.839583 0.568583 0.376510 0.934664 0.916293 0.905617 0.832758 0.730817 0.741312 0.728083 0.839282 0.677946 0.590339 0.841909 0.833695 0.755344 0.639877 0.556667 0.519855 0.610298 0.781954 0.899161 0.726097 0.631636 0.634194 0.716203 0.792760 0.482569 0.901508
0.693699 0.671550 0.779226 0.792410 0.487971 0.479357 0.729585 0.838092 0.000000 0.562648 0.621609 0.714689 0.905696 0.949790 0.925381 0.802731 0.685483 0.640978 0.951706 0.766077 0.902718 0.799021 0.646135 0.846860 0.936778 0.778969 0.850459 0.963499 0.781083 0.723499 0.600252 0.835190 0.894497 0.826072 0.796390 0.911055 0.840687 0.833880 0.834436 0.735917 0.636483 0.974774 0.802481 0.941067 0.923877 0.928517 0.917403 0.984196 0.828104 0.825092 0.977700 0.983355 0.808194 0.646452 0.803347 0.700570 0.665907 0.703217 0.796983 0.832926 0.901879 0.969356 0.756022 0.737371 0.946606 0.986415 0.845002 0.902024 0.656838 0.775715 0.487847 0.444859 0.552616 0.489808 0.973240 0.930732 0.639699 0.649351 0.816823 0.801166 0.666075 0.687787 0.772198 0.511519 0.796677 0.831557 0.767512 0.706126 0.753628 0.755002 0.352380 0.447436 0.355672 0.366588 0.772811 0.777167 0.688222 0.752226 0.620167 0.695888 0.565316 0.616581 0.876714 0.812820 0.716101 0.807066 0.795794 0.624727 0.877132 0.931377 0.921323 0.885129 0.747189 0.946009 0.774225 0.730727
0.920672 0.873167 0.890179 0.907302 0.548280 0.615555 0.550008 0.618887 0.562648 0.000000 0.763669 0.926924 0.932507 0.905921 0.954571 0.924746 0.836018 0.809897 0.935342 0.863347 0.887127 0.774360 0.809956 0.933185 0.676522 0.886068 0.651138 0.929791 0.947792 0.842077 0.666395 0.766653 0.875847 0.860146 0.986995 0.858145 0.787871 0.712442 0.604265 0.946227 0.697946 0.954807 0.544495 0.598701 0.477202 0.533654 0.821711 0.717062 0.552781 0.645547 0.495376 0.560002 0.518378 0.462945 0.975749 0.935925 0.886714 0.875521 0.748750 0.756451 0.912598 0.816140 0.897812 0.965928 0.638489 0.821538 0.809451 0.767007 0.675949 0.974767 0.609619 0.607077 0.616878 0.556069 0.881604 0.761400 0.563146 0.696934 0.895034 0.991641 0.909576 0.801040 0.768165 0.628022 0.879589 0.847973 0.549499 0.622371 0.983452 0.973367 0.426373 0.408101 0.510198 0.540694 0.612110 0.687718 0.641950 0.605429 0.304257 0.363807 0.467864 0.454070 0.572713 0.528045 0.738948 0.673183 0.699171 0.577845 0.912354 0.885592 0.807838 0.527894 0.466737 0.693641 0.730782 0.810810
0.320885 0.395155 0.911983 0.905865 0.876606 0.648662 0.939267 0.742320 0.621609 0.763669 0.000000 0.268319 0.293845 0.346862 0.441493 0.673417 0.287133 0.255244 0.468835 0.287704 0.786163 0.810440 0.972448 0.802717 0.908241 0.853407 0.753756 0.742393 0.291316 0.283378 0.857266 0.968633 0.639383 0.525681 0.835979 0.842720 0.920036 0.846589 0.950324 0.742826 0.504769 0.936542 0.620274 0.809346 0.666340 0.856453 0.937299 0.937553 0.999921 0.968493 0.917001 0.947731 0.734568 0.528719 0.554886 0.677783 0.396251 0.366345 0.758396 0.706075 0.349045 0.468155 0.359248 0.367048 0.575629 0.588952 0.813557 0.882774 0.385383 0.631756 0.565529 0.567322 0.857621 0.770358 0.748347 0.892140 0.594972 0.683097 0.723438 0.662746 0.389940 0.292301 0.524433 0.396295 0.392173 0.508065 0.746071 0.712841 0.598987 0.575023 0.428806 0.429885 0.382142 0.438950 0.740560 0.866489 0.708481 0.523764 0.604853 0.622610 0.701374 0.689964 0.839284 0.983417 0.723990 0.759837 0.759496 0.631311 0.650027 0.897929 0.942699 0.818758 0.596890 0.746751 0.985150 0.521315
0.194402 0.228654 0.761587 0.639057 0.960522 0.773131 0.678707 0.454847 0.714689 0.926924 0.268319 0.000000 0.207806 0.207872 0.357536 0.450872 0.198244 0.184290 0.273676 0.203311 0.657402 0.812684 0.701811 0.546394 0.776618 0.983530 0.665065 0.827785 0.249133 0.215506 0.864285 0.675529 0.373534 0.360270 0.895847 0.922167 0.794388 0.747412 0.997209 0.774344 0.586612 0.828586 0.912345 0.881445 0.871759 0.913776 0.640293 0.726192 0.823856 0.700669 0.762801 0.726649 0.956992 0.813582 0.356389 0.512981 0.231464 0.202216 0.502982 0.436471 0.227872 0.237621 0.227622 0.187435 0.476407 0.389446 0.896157 0.829818 0.300747 0.410847 0.758111 0.696410 0.881808 0.971260 0.703503 0.964417 0.825984 0.843557 0.500061 0.405742 0.220438 0.182745 0.327754 0.281036 0.206485 0.266344 0.771638 0.579467 0.412090 0.350096 0.465316 0.459387 0.413464 0.414286 0.901086 0.971929 0.820648 0.680903 0.776022 0.841952 0.741648 0.819233 0.982259 0.856350 0.965193 0.983027 0.989657 0.762377 0.666581 0.914974 0.862838 0.994162 0.772186 0.868085 0.809737 0.596735
0.279869 0.341751 0.754248 0.654549 0.827998 0.887217 0.599299 0.432471 0.905696 0.932507 0.293845 0.207806 0.000000 0.185080 0.257284 0.411912 0.253141 0.264047 0.281894 0.272517 0.713397 0.887584 0.657482 0.578000 0.848012 0.990356 0.727096 0.812878 0.238486 0.263371 0.798381 0.606114 0.393437 0.345514 0.926199 0.900543 0.867590 0.831320 0.873124 0.787923 0.639339 0.864029 0.938179 0.880005 0.905048 0.924845 0.670190 0.786907 0.854526 0.740316 0.777295 0.737264 0.926503 0.888998 0.391219 0.563020 0.344110 0.304975 0.574595 0.509863 0.177288 0.254573 0.223997 0.233826 0.533460 0.417837 0.920373 0.843080 0.459484 0.487647 0.821248 0.801341 0.758270 0.846930 0.657713 0.936937 0.907044 0.939409 0.563055 0.506079 0.304682 0.265727 0.397506 0.432526 0.260305 0.341708 0.861420 0.710614 0.491811 0.463779 0.644733 0.607211 0.570206 0.569358 0.938620 0.998983 0.905398 0.714482 0.892049 0.945527 0.909109 0.993919 0.958028 0.770608 0.963359 0.925379 0.989325 0.819946 0.667097 0.993756 0.851356 0.998636 0.815959 0.899427 0.754368 0.588588
0.301843 0.358354 0.705486 0.573797 0.798820 0.919913 0.561100 0.378707 0.949790 0.905921 0.346862 0.207872 0.185080 0.000000 0.246926 0.312539 0.271029 0.260722 0.269539 0.258526 0.673815 0.840440 0.540543 0.447572 0.798610 0.919212 0.701477 0.782818 0.275431 0.282555 0.742040 0.579421 0.380154 0.374243 0.858156 0.917139 0.864051 0.837033 0.923255 0.855216 0.695462 0.811297 0.983597 0.845922 0.918520 0.913537 0.652023 0.728485 0.846340 0.719403 0.722111 0.691496 0.846652 0.966854 0.405891 0.582231 0.348042 0.294843 0.566407 0.487854 0.210983 0.212902 0.262257 0.234364 0.510631 0.368136 0.844400 0.802768 0.496686 0.510741 0.920193 0.856089 0.709917 0.755398 0.619797 0.900213 0.936659 0.898243 0.511019 0.495156 0.327954 0.270086 0.391195 0.428066 0.237489 0.298724 0.806448 0.620438 0.499041 0.413401 0.661828 0.630395 0.597598 0.603238 0.992868 0.937587 0.845263 0.766095 0.915149 0.994934 0.920826 0.990787 0.958605 0.772431 0.872822 0.836349 0.975852 0.853032 0.684074 0.956090 0.822336 0.957772 0.890570 0.924644 0.722513 0.679321
0.514333 0.547110 0.670320 0.642870 0.628031 0.977296 0.654564 0.528362 0.925381 0.954571 0.441493 0.357536 0.257284 0.246926 0.000000 0.301977 0.383423 0.383155 0.447416 0.417115 0.646718 0.871729 0.548920 0.484768 0.789470 0.860963 0.760420 0.792719 0.348882 0.338186 0.757476 0.631561 0.526061 0.497069 0.862312 0.990874 0.909730 0.953931 0.932749 0.931761 0.825705 0.948469 0.964588 0.926283 0.891014 0.977944 0.795080 0.836130 0.987858 0.881572 0.862742 0.829550 0.888034 0.986316 0.526270 0.728986 0.544263 0.485782 0.782436 0.711143 0.301157 0.362051 0.422872 0.425966 0.488616 0.385100 0.876420 0.857404 0.644245 0.680444 0.961381 0.938657 0.687071 0.722901 0.577770 0.943151 0.997165 0.967903 0.609253 0.606013 0.467011 0.396568 0.441595 0.568716 0.360273 0.440342 0.812428 0.701020 0.661507 0.626340 0.784064 0.723318 0.717278 0.778027 0.995362 0.969832 0.786915 0.733092 0.890284 0.967114 0.923003 0.942833 0.983242 0.860514 0.909845 0.901878 0.984231 0.804345 0.668050 0.931687 0.837834 0.943406 0.883772 0.886669 0.777837 0.798070
0.539501 0.540749 0.460870 0.393724 0.645100 0.863161 0.518573 0.405473 0.802731 0.924746 0.673417 0.450872 0.411912 0.312539 0.301977 0.000000 0.455078 0.465022 0.398199 0.468314 0.546825 0.908695 0.267860 0.243073 0.544069 0.579234 0.601118 0.808293 0.490214 0.421225 0.511660 0.467182 0.395337 0.488595 0.572903 0.802299 0.758595 0.822282 0.915325 0.896043 0.849077 0.893683 0.825554 0.724826 0.987633 0.952544 0.617604 0.617308 0.981178 0.744696 0.700920 0.652170 0.667852 0.774447 0.485212 0.666572 0.508076 0.463094 0.660628 0.590964 0.387186 0.341229 0.509773 0.448742 0.382088 0.254522 0.543218 0.568999 0.675159 0.593466 0.783257 0.922137 0.566148 0.598702 0.570529 0.757944 0.806787 0.864407 0.548743 0.537739 0.535004 0.479171 0.398767 0.580308 0.330590 0.323144 0.773243 0.604619 0.618254 0.505272 0.839545 0.741952 0.803977 0.782632 0.861269 0.876321 0.913761 0.835056 0.986936 0.891793 0.970317 0.963461 0.944900 0.844391 0.629650 0.711940 0.836533 0.985071 0.817715 0.927944 0.780289 0.904859 0.978684 0.998094 0.569118 0.897614
0.222323 0.209091 0.641110 0.587930 0.974671 0.749491 0.650944 0.471251 0.685483 0.836018 0.287133 0.198244 0.253141 0.271029 0.383423 0.455078 0.000000 0.152706 0.282415 0.232105 0.600100 0.838791 0.677217 0.535007 0.659111 0.870896 0.599840 0.834836 0.219671 0.182223 0.795264 0.638868 0.358038 0.315782 0.851319 0.985283 0.732000 0.675374 0.894103 0.671646 0.570518 0.756602 0.958136 0.822152 0.913255 0.889083 0.547291 0.664724 0.830487 0.675894 0.775405 0.708272 0.922304 0.831302 0.292807 0.408490 0.203310 0.183967 0.492063 0.450446 0.244209 0.287239 0.242828 0.206497 0.414237 0.350887 0.793007 0.726064 0.320448 0.387008 0.784866 0.637044 0.869961 0.997051 0.658962 0.938960 0.886501 0.902605 0.501255 0.398460 0.206580 0.210630 0.285362 0.232965 0.220701 0.265570 0.708264 0.630763 0.490686 0.332258 0.398657 0.392339 0.360851 0.370295 0.922382 0.999594 0.842813 0.721993 0.727540 0.833624 0.709885 0.722097 0.975429 0.895916 0.980053 0.920674 0.994354 0.759534 0.668580 0.868537 0.851558 0.935454 0.792801 0.893138 0.756261 0.581176
0.217410 0.210107 0.663850 0.617030 0.936761 0.722240 0.690578 0.499085 0.640978 0.809897 0.255244 0.184290 0.264047 0.260722 0.383155 0.465022 0.152706 0.000000 0.290413 0.212522 0.610345 0.794626 0.717220 0.534222 0.681980 0.874542 0.599482 0.796780 0.240076 0.185590 0.838849 0.672468 0.377572 0.341961 0.885956 0.992029 0.747095 0.651721 0.895407 0.727382 0.582188 0.780206 0.920323 0.863401 0.861774 0.925835 0.606974 0.701543 0.861158 0.711119 0.801319 0.737159 0.956002 0.790088 0.306612 0.469772 0.204934 0.182097 0.521320 0.479558 0.253092 0.286737 0.251891 0.208460 0.407312 0.343849 0.842780 0.794414 0.323516 0.397446 0.739748 0.605416 0.939059 0.979531 0.678239 0.928915 0.833174 0.843887 0.481103 0.418998 0.211705 0.197815 0.302377 0.234708 0.229899 0.266371 0.661416 0.632738 0.499578 0.359850 0.371871 0.351033 0.330959 0.340051 0.939526 0.985930 0.784672 0.676247 0.693072 0.809513 0.678778 0.672819 0.930673 0.950738 0.975296 0.978583 0.995232 0.722696 0.684551 0.949185 0.879465 0.906593 0.749372 0.903201 0.800294 0.548300
0.253020 0.247965 0.515049 0.410956 0.876321 0.901248 0.416110 0.294087 0.951706 0.935342 0.468835 0.273676 0.281894 0.269539 0.447416 0.398199 0.282415 0.290413 0.000000 0.257174 0.596884 0.971863 0.467044 0.442338 0.617742 0.764169 0.616400 0.889860 0.351023 0.316924 0.556510 0.469629 0.291520 0.311451 0.721033 0.920697 0.646959 0.626629 0.943928 0.679131 0.617831 0.690422 0.944799 0.735617 0.928101 0.891452 0.508908 0.618375 0.861427 0.662036 0.676989 0.618249 0.809909 0.966628 0.332026 0.534080 0.249342 0.223272 0.421969 0.368177 0.248551 0.232543 0.268413 0.230135 0.448668 0.343692 0.647165 0.639993 0.392823 0.351950 0.970313 0.859625 0.678473 0.824506 0.672024 0.892839 0.965579 0.960293 0.529013 0.490506 0.332230 0.346608 0.354674 0.402814 0.259272 0.248082 0.830237 0.713038 0.513936 0.341507 0.618771 0.584059 0.590479 0.553475 0.913618 0.923166 0.924284 0.951875 0.962549 0.963187 0.994433 0.895144 0.910643 0.755702 0.740190 0.765839 0.822691 0.876012 0.776321 0.794938 0.723758 0.916327 0.898442 0.998387 0.599030 0.624541
0.196832 0.229354 0.626441 0.574377 0.983368 0.769387 0.636010 0.453536 0.766077 0.863347 0.287704 0.203311 0.272517 0.258526 0.417115 0.468314 0.232105 0.212522 0.257174 0.000000 0.625458 0.764458 0.664613 0.511778 0.684141 0.894817 0.585215 0.837767 0.297912 0.239369 0.799991 0.661807 0.388648 0.368394 0.904597 0.994732 0.732587 0.635538 0.932651 0.730242 0.599609 0.764475 0.836637 0.952959 0.763860 0.970880 0.665056 0.791882 0.936602 0.801208 0.862580 0.810368 0.974065 0.733297 0.401682 0.575138 0.238048 0.208130 0.521177 0.457012 0.262079 0.279496 0.257635 0.228958 0.430991 0.384525 0.858864 0.811069 0.287834 0.385035 0.838773 0.690297 0.903893 0.982400 0.680957 0.970194 0.839649 0.866781 0.539078 0.497196 0.290531 0.235610 0.343792 0.318366 0.241418 0.294064 0.769676 0.622614 0.471968 0.369704 0.453777 0.437305 0.422596 0.418010 0.918812 0.956298 0.907969 0.732885 0.728040 0.788620 0.779425 0.723073 0.914203 0.905302 0.934812 0.971385 0.991765 0.776159 0.806568 0.957712 0.920218 0.944322 0.737192 0.867408 0.819655 0.594552
0.645800 0.598384 0.527384 0.510497 0.824597 0.925682 0.660877 0.633149 0.902718 0.887127 0.786163 0.657402 0.713397 0.673815 0.646718 0.546825 0.600100 0.610345 0.596884 0.625458 0.000000 0.863795 0.561450 0.555670 0.550406 0.608910 0.631481 0.921737 0.719553 0.630471 0.585627 0.696123 0.550487 0.640219 0.675203 0.851527 0.697860 0.764473 0.851604 0.994882 0.753062 0.801293 0.952404 0.885186 0.892078 0.931855 0.757778 0.765687 0.906386 0.906504 0.902187 0.847638 0.877812 0.970644 0.609265 0.794336 0.612034 0.602083 0.759322 0.759201 0.631943 0.609223 0.685515 0.661143 0.483794 0.485775 0.612852 0.732381 0.643562 0.703572 0.847599 0.941825 0.757223 0.811965 0.661676 0.975928 0.942945 0.912295 0.677254 0.655063 0.686448 0.695700 0.569272 0.663414 0.582304 0.531941 0.821353 0.822084 0.802974 0.689615 0.716626 0.656161 0.737002 0.805773 0.984062 0.954391 0.981672 0.861112 0.812267 0.932155 0.847704 0.885617 0.838352 0.967884 0.759824 0.870361 0.963208 0.858106 0.886690 0.904201 0.983457 0.893332 0.883703 0.940585 0.670459 0.837042
0.835132 0.878001 0.994231 0.960637 0.895790 0.812071 0.878588 0.930672 0.799021 0.774360 0.810440 0.812684 0.887584 0.840440 0.871729 0.908695 0.838791 0.794626 0.971863 0.764458 0.863795 0.000000 0.970225 0.943503 0.953104 0.952527 0.926735 0.756248 0.819429 0.756317 0.825908 0.880550 0.932649 0.947004 0.923993 0.929588 0.917856 0.887055 0.913907 0.862838 0.979348 0.962574 0.773432 0.810862 0.776427 0.857068 0.937308 0.967033 0.864464 0.907736 0.843985 0.887446 0.806871 0.767214 0.913743 0.977877 0.844985 0.833748 0.970261 0.996548 0.905423 0.941216 0.867523 0.889251 0.848591 0.890966 0.834073 0.893613 0.870840 0.815164 0.812889 0.741943 0.890342 0.835350 0.974461 0.902763 0.904963 0.830036 0.849901 0.853438 0.848338 0.784612 0.866679 0.859860 0.834968 0.865669 0.801859 0.804764 0.892305 0.938490 0.750927 0.714889 0.731528 0.716379 0.734348 0.951043 0.871325 0.779256 0.707014 0.770013 0.741903 0.914825 0.651364 0.785353 0.947769 0.775113 0.831773 0.917385 0.919263 0.643921 0.977597 0.843501 0.728875 0.926334 0.718731 0.769795
0.701086 0.648268 0.361480 0.253439 0.638321 0.742118 0.351459 0.343999 0.646135 0.809956 0.972448 0.701811 0.657482 0.540543 0.548920 0.267860 0.677217 0.717220 0.467044 0.664613 0.561450 0.970225 0.000000 0.268934 0.478519 0.437493 0.640245 0.917176 0.749073 0.662490 0.276639 0.329254 0.413440 0.551847 0.454362 0.670800 0.654904 0.729134 0.843091 0.941737 0.986974 0.815257 0.605461 0.541544 0.864467 0.851047 0.507888 0.511479 0.953312 0.681376 0.585171 0.530211 0.502931 0.560449 0.602395 0.718700 0.628749 0.599351 0.606731 0.548665 0.563104 0.473459 0.667803 0.595784 0.487996 0.347706 0.329616 0.393659 0.831435 0.595621 0.463275 0.743709 0.427688 0.518420 0.667729 0.740432 0.585560 0.704011 0.592041 0.613204 0.722959 0.750106 0.512179 0.785976 0.493363 0.420275 0.961698 0.720254 0.733316 0.549627 0.964450 0.947483 0.952043 0.978683 0.763111 0.791183 0.833765 0.860879 0.810650 0.676726 0.857800 0.828077 0.844115 0.831641 0.421250 0.476778 0.706872 0.822750 0.986234 0.809468 0.682935 0.793853 0.808693 0.877278 0.450028 0.942450
0.581457 0.540829 0.396913 0.335573 0.761982 0.875882 0.565572 0.449784 0.846860 0.933185 0.802717 0.546394 0.578000 0.447572 0.484768 0.243073 0.535007 0.534222 0.442338 0.511778 0.555670 0.943503 0.268934 0.000000 0.445424 0.474198 0.557350 0.885722 0.663402 0.509359 0.517004 0.523452 0.409772 0.573644 0.527678 0.780963 0.637707 0.703494 0.748079 0.909593 0.836355 0.830866 0.801041 0.724944 0.968650 0.976447 0.555257 0.604058 0.970888 0.750763 0.714509 0.654884 0.664286 0.769685 0.540578 0.710077 0.514736 0.489209 0.665028 0.617091 0.520023 0.446986 0.623759 0.529742 0.365594 0.268552 0.446488 0.534186 0.661360 0.599359 0.755392 0.899480 0.626707 0.643649 0.633020 0.765298 0.842359 0.860126 0.584222 0.567619 0.590566 0.565610 0.416825 0.574006 0.402168 0.318141 0.751500 0.514230 0.660123 0.509602 0.783293 0.669736 0.787209 0.738832 0.862108 0.904737 0.991352 0.919884 0.943477 0.946121 0.940873 0.944346 0.975894 0.923867 0.572628 0.639344 0.904817 0.946220 0.855204 0.884004 0.817446 0.919679 0.983061 0.963088 0.606155 0.963435
0.757085 0.654130 0.272637 0.380075 0.960637 0.963386 0.751353 0.728727 0.936778 0.676522 0.908241 0.776618 0.848012 0.798610 0.789470 0.544069 0.659111 0.681980 0.617742 0.684141 0.550406 0.953104 0.478519 0.445424 0.000000 0.252482 0.433526 0.938419 0.923350 0.696693 0.530726 0.605298 0.642984 0.732922 0.505881 0.578394 0.429039 0.486037 0.491189 0.836396 0.788608 0.745807 0.983635 0.878344 0.686467 0.711350 0.732912 0.806234 0.619547 0.906195 0.902962 0.997796 0.964041 0.966355 0.740110 0.827075 0.666029 0.632196 0.920592 0.853535 0.811193 0.767172 0.894661 0.795892 0.311470 0.375692 0.617632 0.682697 0.607595 0.729873 0.712181 0.931691 0.840018 0.940972 0.726356 0.971216 0.959197 0.835134 0.878533 0.795942 0.824655 0.764223 0.523893 0.610051 0.621119 0.509343 0.634183 0.753790 0.837327 0.680188 0.671445 0.592346 0.722044 0.699227 0.851850 0.919150 0.942845 0.933004 0.644150 0.773133 0.775894 0.691816 0.803474 0.766403 0.748239 0.827203 0.845806 0.887087 0.985591 0.770745 0.977682 0.793727 0.761170 0.797391 0.627248 0.943260
0.955595 0.868714 0.341877 0.427100 0.876618 0.766993 0.675829 0.747296 0.778969 0.886068 0.853407 0.983530 0.990356 0.919212 0.860963 0.579234 0.870896 0.874542 0.764169 0.894817 0.608910 0.952527 0.437493 0.474198 0.252482 0.000000 0.580626 0.966074 0.944354 0.890083 0.468100 0.618069 0.688729 0.813657 0.431313 0.586272 0.496619 0.559068 0.595686 0.935642 0.980421 0.774609 0.801476 0.773821 0.885717 0.844841 0.738355 0.768555 0.697172 0.965625 0.973051 0.883884 0.791697 0.793778 0.790375 0.851504 0.855507 0.825820 0.958465 0.924332 0.939655 0.868515 0.983755 0.942868 0.479693 0.493791 0.506656 0.602325 0.873110 0.806655 0.567714 0.781657 0.735729 0.762084 0.750069 0.925391 0.792485 0.678097 0.909032 0.929259 0.978133 0.975396 0.651111 0.822707 0.773493 0.634039 0.687369 0.898738 0.919992 0.809241 0.930890 0.839252 0.976638 0.912012 0.989037 0.771003 0.972217 0.950265 0.883556 0.993420 0.992331 0.953610 0.870052 0.896150 0.576380 0.677433 0.779494 0.939771 0.927031 0.775009 0.965377 0.925395 0.963116 0.989570 0.603340 0.946784
0.646415 0.572948 0.497702 0.536765 0.976834 0.829725 0.808216 0.789719 0.850459 0.651138 0.753756 0.665065 0.727096 0.701477 0.760420 0.601118 0.599840 0.599482 0.616400 0.585215 0.631481 0.926735 0.640245 0.557350 0.433526 0.580626 0.000000 0.962463 0.775661 0.620129 0.702904 0.642833 0.613809 0.669411 0.714760 0.615885 0.494009 0.550954 0.642804 0.817561 0.745353 0.788183 0.832690 0.945901 0.648760 0.737882 0.849520 0.978010 0.730822 0.953789 0.930789 0.982397 0.973221 0.794365 0.709765 0.845926 0.568310 0.555041 0.843551 0.779122 0.680289 0.697386 0.739936 0.671046 0.396173 0.482149 0.743671 0.868806 0.605615 0.670292 0.995341 0.812397 0.935836 0.898892 0.671993 0.938568 0.890107 0.944529 0.797413 0.717490 0.758597 0.687425 0.533068 0.602105 0.528072 0.505998 0.674903 0.739421 0.800021 0.679076 0.510754 0.518135 0.576316 0.622748 0.869854 0.941477 0.790909 0.818483 0.562063 0.646148 0.570546 0.712828 0.830991 0.889321 0.898031 0.906893 0.955623 0.747938 0.971172 0.874545 0.937142 0.767499 0.701674 0.825199 0.872594 0.838645
0.851091 0.896596 0.961946 0.959167 0.973325 0.972458 0.964120 0.938607 0.963499 0.929791 0.742393 0.827785 0.812878 0.782818 0.792719 0.808293 0.834836 0.796780 0.889860 0.837767 0.921737 0.756248 0.917176 0.885722 0.938419 0.966074 0.962463 0.000000 0.808652 0.779598 0.955061 0.999526 0.982629 0.920740 0.904768 0.926779 0.984492 0.940858 0.915055 0.985716 0.932777 0.990737 0.823678 0.887123 0.797282 0.845314 0.896965 0.972855 0.883365 0.896847 0.904081 0.910229 0.929153 0.826286 0.945115 0.965927 0.842655 0.807565 0.988831 0.986095 0.799276 0.862060 0.827451 0.830847 0.823888 0.825865 0.912259 0.904083 0.885674 0.941545 0.996392 0.898491 0.991655 0.948992 0.902771 0.963816 0.846656 0.766321 0.921168 0.949733 0.864423 0.808371 0.853263 0.925014 0.797015 0.838381 0.987597 0.941082 0.988981 0.840595 0.835990 0.809757 0.879534 0.904541 0.956522 0.865004 0.780822 0.767677 0.850353 0.868136 0.839558 0.999029 0.897592 0.893726 0.892810 0.800109 0.839398 0.793608 0.979396 0.757835 0.887579 0.765015 0.900763 0.821119 0.984436 0.819773
0.278498 0.317652 0.798557 0.726526 0.891408 0.813165 0.639491 0.472320 0.781083 0.947792 0.291316 0.249133 0.238486 0.275431 0.348882 0.490214 0.219671 0.240076 0.351023 0.297912 0.719553 0.819429 0.749073 0.663402 0.923350 0.944354 0.775661 0.808652 0.000000 0.209091 0.876009 0.718788 0.447315 0.386927 0.977690 0.891984 0.889324 0.850363 0.901665 0.679612 0.675222 0.829086 0.993320 0.824290 0.979261 0.801827 0.634057 0.737560 0.710611 0.636895 0.720422 0.685805 0.900605 0.894394 0.356847 0.485506 0.313975 0.291220 0.519138 0.471608 0.245209 0.309321 0.236417 0.248581 0.586593 0.504207 0.888849 0.794277 0.457484 0.456960 0.824646 0.681458 0.848648 0.950874 0.704352 0.887246 0.946913 0.897670 0.545182 0.491162 0.264418 0.272062 0.419914 0.414506 0.294214 0.416694 0.820598 0.746999 0.532862 0.432090 0.597831 0.606786 0.532167 0.541736 0.998501 0.993556 0.903150 0.737813 0.892482 0.954652 0.870286 0.894403 0.922546 0.763504 0.991910 0.980433 0.990823 0.853756 0.640444 0.965580 0.803348 0.980169 0.889818 0.959998 0.832487 0.616048
0.253737 0.258084 0.646717 0.616178 0.942173 0.768741 0.693628 0.507677 0.723499 0.842077 0.283378 0.215506 0.263371 0.282555 0.338186 0.421225 0.182223 0.185590 0.316924 0.239369 0.630471 0.756317 0.662490 0.509359 0.696693 0.890083 0.620129 0.779598 0.209091 0.000000 0.822893 0.677778 0.411856 0.398474 0.895785 0.962392 0.752239 0.733067 0.924924 0.701999 0.620084 0.851359 0.911712 0.890567 0.873067 0.955625 0.611133 0.726439 0.894857 0.729434 0.826349 0.759849 0.973184 0.824386 0.326196 0.528604 0.250334 0.226980 0.553236 0.495267 0.253044 0.311033 0.278611 0.253000 0.387102 0.346615 0.816927 0.781697 0.345274 0.391666 0.817838 0.660128 0.904129 0.990363 0.714193 0.945444 0.850141 0.861191 0.549321 0.444610 0.250353 0.225928 0.312787 0.312059 0.223460 0.304664 0.725010 0.597795 0.508995 0.373943 0.452422 0.413924 0.420984 0.415513 0.880641 0.938653 0.828811 0.685111 0.717479 0.817117 0.766028 0.735605 0.953171 0.938354 0.992683 0.980516 0.952275 0.750988 0.678772 0.977894 0.788384 0.939499 0.745650 0.913917 0.805962 0.624644
0.810955 0.706054 0.370891 0.277088 0.669418 0.726606 0.270364 0.346493 0.600252 0.666395 0.857266 0.864285 0.798381 0.742040 0.757476 0.511660 0.795264 0.838849 0.556510 0.799991 0.585627 0.825908 0.276639 0.517004 0.530726 0.468100 0.702904 0.955061 0.876009 0.822893 0.000000 0.314178 0.478536 0.524026 0.492669 0.611338 0.669507 0.674668 0.938276 0.991655 0.988478 0.718937 0.480551 0.428866 0.731589 0.730719 0.486856 0.467290 0.875285 0.657189 0.539530 0.487316 0.431113 0.480077 0.659766 0.692124 0.705586 0.704659 0.590862 0.560420 0.674036 0.562968 0.767033 0.719310 0.651170 0.517777 0.320806 0.364795 0.928981 0.627129 0.397504 0.652378 0.395224 0.540889 0.800698 0.724415 0.472859 0.536409 0.603395 0.679466 0.835569 0.941674 0.707799 0.937970 0.712714 0.622080 0.881539 0.960674 0.886882 0.672825 0.835802 0.894209 0.812671 0.859939 0.740763 0.704880 0.700688 0.703860 0.671548 0.546731 0.806466 0.799646 0.767385 0.823277 0.425081 0.466412 0.541002 0.682832 0.874102 0.701842 0.692915 0.715283 0.650181 0.812883 0.432612 0.908965
0.644556 0.576025 0.481794 0.366565 0.674844 0.889661 0.359576 0.356515 0.835190 0.766653 0.968633 0.675529 0.606114 0.579421 0.631561 0.467182 0.638868 0.672468 0.469629 0.661807 0.696123 0.880550 0.329254 0.523452 0.605298 0.618069 0.642833 0.999526 0.718788 0.677778 0.314178 0.000000 0.411366 0.461280 0.565646 0.662518 0.631606 0.675307 0.912790 0.892936 0.947357 0.746937 0.558104 0.460219 0.809428 0.733329 0.436299 0.451075 0.829752 0.591189 0.536635 0.468110 0.478424 0.606325 0.603407 0.673457 0.592421 0.564678 0.523544 0.482388 0.536371 0.461758 0.582439 0.530877 0.615180 0.447902 0.469486 0.445850 0.823180 0.578523 0.581946 0.897683 0.529163 0.628541 0.764401 0.713546 0.638619 0.778415 0.549435 0.553583 0.638296 0.714426 0.528467 0.733850 0.516324 0.470464 0.972252 0.879657 0.681338 0.551702 0.947183 0.900507 0.948043 0.883639 0.792550 0.840178 0.905349 0.802183 0.798586 0.672448 0.900665 0.886741 0.748730 0.844173 0.491229 0.447102 0.626651 0.871238 0.947214 0.781578 0.635521 0.855820 0.762345 0.844155 0.542343 0.914239
0.324505 0.311348 0.523917 0.364259 0.874496 0.898838 0.372448 0.264393 0.894497 0.875847 0.639383 0.373534 0.393437 0.380154 0.526061 0.395337 0.358038 0.377572 0.291520 0.388648 0.550487 0.932649 0.413440 0.409772 0.642984 0.688729 0.613809 0.982629 0.447315 0.411856 0.478536 0.411366 0.000000 0.275022 0.635477 0.842028 0.680424 0.637405 0.946061 0.824335 0.776239 0.772715 0.731493 0.543588 0.851145 0.705388 0.399707 0.457146 0.700523 0.507323 0.490981 0.438757 0.616835 0.809763 0.336492 0.421828 0.285059 0.289594 0.319503 0.292693 0.304983 0.259497 0.302769 0.267708 0.510516 0.368596 0.437926 0.441925 0.517106 0.322915 0.890092 0.906913 0.591168 0.773274 0.664542 0.717620 0.803129 0.856699 0.402051 0.388483 0.368230 0.458647 0.374846 0.446271 0.297871 0.260880 0.978975 0.684778 0.514596 0.356816 0.656038 0.614363 0.641766 0.583070 0.866859 0.862214 0.850101 0.938788 0.910585 0.818845 0.927743 0.993510 0.895661 0.754438 0.624644 0.608748 0.768104 0.987661 0.842125 0.793567 0.715047 0.790067 0.934214 0.844786 0.550344 0.749397
0.328151 0.290581 0.621368 0.494073 0.908808 0.931451 0.374680 0.306121 0.826072 0.860146 0.525681 0.360270 0.345514 0.374243 0.497069 0.488595 0.315782 0.341961 0.311451 0.368394 0.640219 0.947004 0.551847 0.573644 0.732922 0.813657 0.669411 0.920740 0.386927 0.398474 0.524026 0.461280 0.275022 0.000000 0.730262 0.911823 0.684729 0.687296 0.969238 0.732407 0.688999 0.696426 0.755864 0.540742 0.796845 0.637884 0.389388 0.498335 0.627764 0.481986 0.507589 0.450288 0.607743 0.849832 0.330390 0.321030 0.288020 0.300508 0.328819 0.323283 0.276375 0.290305 0.262388 0.244749 0.606235 0.456247 0.557642 0.502677 0.506440 0.356070 0.999883 0.856505 0.641420 0.802053 0.688902 0.782732 0.857230 0.883211 0.401576 0.447202 0.323463 0.424149 0.419262 0.440827 0.339697 0.347884 0.994967 0.782219 0.505902 0.348523 0.644017 0.653309 0.618674 0.598214 0.890779 0.907731 0.988248 0.913262 0.907938 0.793137 0.949716 0.963727 0.767870 0.702944 0.784996 0.669924 0.745991 0.957264 0.900060 0.854473 0.761650 0.801860 0.887596 0.900714 0.575888 0.787397
0.926622 0.831250 0.483689 0.487918 0.890693 0.865538 0.589252 0.642348 0.796390 0.986995 0.835979 0.895847 0.926199 0.858156 0.862312 0.572903 0.851319 0.885956 0.721033 0.904597 0.675203 0.923993 0.454362 0.527678 0.505881 0.431313 0.714760 0.904768 0.977690 0.895785 0.492669 0.565646 0.635477 0.730262 0.000000 0.682642 0.646000 0.749513 0.720664 0.975120 0.945494 0.835856 0.696262 0.663922 0.924622 0.939468 0.651860 0.611077 0.953599 0.841373 0.775202 0.739533 0.683749 0.701248 0.718764 0.815756 0.833354 0.821607 0.799813 0.789186 0.874201 0.760741 0.933425 0.852123 0.617899 0.566429 0.463997 0.536327 0.857564 0.757710 0.673299 0.743708 0.656967 0.698292 0.668832 0.786417 0.593211 0.731245 0.776465 0.824012 0.898622 0.910815 0.638199 0.829988 0.736724 0.612024 0.833662 0.820123 0.829664 0.721667 0.965900 0.975905 0.894732 0.989868 0.818312 0.804084 0.966912 0.968528 0.902041 0.772708 0.941660 0.923609 0.956834 0.895632 0.566771 0.672197 0.692410 0.924819 0.953725 0.735503 0.763758 0.913663 0.828671 0.916738 0.602920 0.862408
0.954710 0.932130 0.597155 0.648001 0.885796 0.904695 0.830885 0.891806 0.911055 0.858145 0.842720 0.922167 0.900543 0.917139 0.990874 0.802299 0.985283 0.992029 0.920697 0.994732 0.851527 0.929588 0.670800 0.780963 0.578394 0.586272 0.615885 0.926779 0.891984 0.962392 0.611338 0.662518 0.842028 0.911823 0.682642 0.000000 0.708281 0.625061 0.733880 0.979613 0.873993 0.964064 0.852449 0.836212 0.975547 0.931177 0.883603 0.817290 0.798829 0.993174 0.972307 0.907588 0.830846 0.842827 0.958195 0.991964 0.925730 0.948430 0.970461 0.930303 0.964772 0.955199 0.899070 0.969252 0.712582 0.722220 0.669625 0.737012 0.973359 0.901115 0.667878 0.840774 0.804051 0.982275 0.814668 0.890219 0.892718 0.803669 0.963392 0.864386 0.956368 0.964791 0.859564 0.989119 0.885398 0.817470 0.949028 0.976201 0.909044 0.935260 0.958126 0.913352 0.991021 0.984681 0.957147 0.957439 0.988093 0.789424 0.946952 0.988824 0.897312 0.828474 0.949010 0.881736 0.848896 0.807285 0.813480 0.974173 0.877709 0.913661 0.979660 0.900092 0.976528 0.934425 0.802349 0.854143
0.731015 0.622272 0.523518 0.535001 0.911056 0.998646 0.724132 0.718530 0.840687 0.787871 0.920036 0.794388 0.867590 0.864051 0.909730 0.758595 0.732000 0.747095 0.646959 0.732587 0.697860 0.917856 0.654904 0.637707 0.429039 0.496619 0.494009 0.984492 0.889324 0.752239 0.669507 0.631606 0.680424 0.684729 0.646000 0.708281 0.000000 0.482231 0.638066 0.724391 0.674510 0.735992 0.900520 0.791491 0.846938 0.930900 0.666265 0.803514 0.875030 0.891000 0.906844 0.810890 0.867678 0.972019 0.735635 0.720319 0.665613 0.642579 0.737902 0.719264 0.831978 0.806289 0.801740 0.749434 0.586393 0.610031 0.664445 0.729764 0.678244 0.641946 0.786471 0.965112 0.896622 0.973243 0.704100 0.912536 0.959664 0.965419 0.809009 0.787725 0.803828 0.839231 0.635450 0.648816 0.676355 0.599706 0.756385 0.845174 0.829000 0.692062 0.643544 0.683798 0.690355 0.668245 0.921022 0.941527 0.961725 0.972193 0.794763 0.906922 0.800988 0.810322 0.974514 0.934346 0.708571 0.722662 0.913902 0.884181 0.957498 0.834114 0.926972 0.952402 0.914246 0.972125 0.814512 0.937165
0.631276 0.550715 0.550036 0.563885 0.786350 0.936264 0.758838 0.723855 0.833880 0.712442 0.846589 0.747412 0.831320 0.837033 0.953931 0.822282 0.675374 0.651721 0.626629 0.635538 0.764473 0.887055 0.729134 0.703494 0.486037 0.559068 0.550954 0.940858 0.850363 0.733067 0.674668 0.675307 0.637405 0.687296 0.749513 0.625061 0.482231 0.000000 0.685691 0.842791 0.746004 0.757153 0.965952 0.845290 0.769484 0.909000 0.724385 0.806273 0.858082 0.939288 0.950489 0.861819 0.951104 0.893806 0.721792 0.730046 0.569374 0.562970 0.753921 0.703350 0.789418 0.740443 0.763499 0.687258 0.555152 0.587678 0.770031 0.818720 0.600981 0.534420 0.850721 0.928846 0.947586 0.929113 0.813572 0.966621 0.954602 0.982279 0.812528 0.762596 0.690294 0.741112 0.696756 0.615962 0.662054 0.552822 0.765632 0.913159 0.742347 0.594560 0.631643 0.595266 0.659385 0.565292 0.895903 0.961515 0.918752 0.932179 0.718042 0.837411 0.739644 0.644289 0.888702 0.907803 0.871675 0.922669 0.822424 0.954551 0.968650 0.886014 0.921337 0.846853 0.819770 0.832133 0.878044 0.712990
