0.000000 0.535587 0.692487 0.770071 0.758877 0.951432 0.601045 0.593441 0.799733 0.784112 0.788429 0.766290 0.721938 0.867371 0.773443 0.943481 0.517278 0.508174 0.577101 0.747461 0.925935 0.954136 0.781408 0.991821 0.835062 0.814577 0.983304 0.968060 0.672531 0.599639 0.852057 0.936396 0.638319 0.591109 0.803489 0.916657 0.961402 0.723987 0.868058 0.830118 0.967347 0.996389 0.844436 0.780353 0.935716 0.844025 0.676795 0.811817 0.863694 0.886001 0.848550 0.892261 0.857183 0.959240 0.844988 0.948584 0.495773 0.577985 0.647984 0.814940 0.515794 0.618942 0.520638 0.512378 0.660968 0.740264 0.827784 0.827653 0.968564 0.872154 0.900270 0.943827 0.794686 0.808982 0.951642 0.984393 0.809577 0.838868 0.850524 0.895122 0.520927 0.571689 0.823599 0.612512 0.608166 0.704875 0.964053 0.870406 0.776980 0.648919 0.926412 0.950949 0.951478 0.997022 0.905077 0.817008 0.898219 0.861157 0.762697 0.730337 0.941427 0.975743 0.959356 0.865408 0.983841 0.941056 0.839725 0.948778 0.757483 0.933975 0.936601 0.933469 0.858337 0.978357 0.911776 0.978646
0.535587 0.000000 0.870948 0.893939 0.844244 0.877779 0.851818 0.730683 0.896492 0.830721 0.884191 0.669789 0.725594 0.713785 0.718093 0.811424 0.514081 0.543152 0.667681 0.788268 0.923564 0.984089 0.880760 0.957019 0.813614 0.901909 0.981724 0.896409 0.618911 0.576024 0.889379 0.915715 0.616500 0.709026 0.802096 0.957050 0.925575 0.935135 0.938530 0.825021 0.946617 0.952417 0.767312 0.639376 0.779417 0.721153 0.703379 0.721953 0.773181 0.803749 0.888011 0.822497 0.746994 0.792773 0.849566 0.946029 0.564478 0.522014 0.748509 0.898751 0.652497 0.660339 0.593886 0.511397 0.794828 0.887211 0.965928 0.922939 0.962575 0.780578 0.899534 0.967460 0.805979 0.827076 0.985599 0.986564 0.921487 0.941012 0.751957 0.845529 0.522920 0.652997 0.841877 0.659746 0.819493 0.810323 0.966811 0.947617 0.859676 0.791442 0.874117 0.846420 0.879610 0.860842 0.827234 0.803727 0.973819 0.925804 0.795338 0.868939 0.982452 0.909818 0.949055 0.911208 0.958933 0.923581 0.953741 0.839032 0.917145 0.972255 0.986413 0.981153 0.986207 0.976938 0.770145 0.935117
0.692487 0.870948 0.000000 0.498505 0.804724 0.947919 0.367865 0.448258 0.772297 0.710941 0.880772 0.885809 0.846049 0.938192 0.979268 0.837455 0.875672 0.737244 0.726040 0.721894 0.870555 0.854484 0.632446 0.871158 0.697958 0.919925 0.943105 0.834606 0.926288 0.847222 0.769876 0.865808 0.592473 0.593203 0.787778 0.878580 0.946247 0.986924 0.870996 0.729237 0.933634 0.911131 0.655243 0.758987 0.959104 0.918004 0.683492 0.722753 0.940206 0.876332 0.690333 0.723518 0.951868 0.930180 0.876208 0.865403 0.815469 0.929878 0.498015 0.655699 0.524555 0.743014 0.755210 0.799785 0.457848 0.601472 0.522856 0.527357 0.845472 0.937244 0.902315 0.838090 0.785547 0.846650 0.972184 0.989000 0.754048 0.973021 0.963569 0.888504 0.636013 0.638231 0.958043 0.748523 0.520251 0.700991 0.827983 0.991156 0.783193 0.652923 0.697761 0.734237 0.702955 0.666219 0.785727 0.740668 0.763982 0.931512 0.555246 0.575207 0.717474 0.860963 0.869905 0.792035 0.667486 0.650042 0.918876 0.879864 0.774740 0.849125 0.714780 0.859135 0.926924 0.892571 0.851419 0.922051
0.770071 0.893939 0.498505 0.000000 0.969957 0.955572 0.597925 0.421533 0.981225 0.951559 0.969751 0.985210 0.899649 0.979996 0.834972 0.864801 0.969993 0.819949 0.912203 0.760554 0.809265 0.871941 0.702386 0.714786 0.644117 0.794978 0.882087 0.971357 0.866850 0.989559 0.885874 0.908875 0.733921 0.611312 0.761860 0.788484 0.950191 0.890555 0.752925 0.637737 0.982691 0.862864 0.733652 0.776831 0.930902 0.963168 0.810820 0.776296 0.834399 0.942868 0.817521 0.840616 0.879820 0.826446 0.980630 0.867294 0.967669 0.963199 0.688980 0.663429 0.779829 0.729830 0.921090 0.905187 0.474118 0.423043 0.481762 0.426624 0.709077 0.978780 0.706422 0.627087 0.907754 0.909624 0.950951 0.869219 0.740431 0.913250 0.920523 0.857494 0.721112 0.712192 0.957177 0.865205 0.670575 0.630646 0.880540 0.825396 0.973037 0.588838 0.772936 0.797420 0.663815 0.698760 0.777866 0.693454 0.775133 0.910416 0.636427 0.692104 0.747074 0.887415 0.871885 0.788261 0.619164 0.600821 0.922848 0.825616 0.767029 0.856243 0.714771 0.955465 0.950463 0.946710 0.858489 0.839327
0.758877 0.844244 0.804724 0.969957 0.000000 0.754375 0.725290 0.903984 0.760822 0.758037 0.826838 0.894705 0.808596 0.961743 0.824465 0.946133 0.688237 0.689849 0.720504 0.881503 0.798395 0.864864 0.660646 0.880278 0.793481 0.811551 0.891512 0.865810 0.901347 0.699418 0.690909 0.888739 0.773971 0.835497 0.959237 0.760124 0.815303 0.864310 0.888366 0.964807 0.922941 0.982689 0.980729 0.978524 0.765558 0.816108 0.818641 0.865739 0.742743 0.820225 0.840543 0.936299 0.826750 0.804393 0.856930 0.863768 0.648935 0.792934 0.965306 0.893336 0.701460 0.886456 0.674497 0.815487 0.828507 0.939200 0.948256 0.955316 0.921375 0.890908 0.860909 0.999200 0.724686 0.938200 0.970119 0.948605 0.946809 0.937874 0.864070 0.858074 0.655002 0.627800 0.751718 0.663903 0.605129 0.655631 0.911662 0.610859 0.769261 0.801456 0.921950 0.998331 0.980634 0.977783 0.834457 0.965500 0.949863 0.949450 0.852069 0.867314 0.890922 0.848447 0.904692 0.974137 0.987345 0.937772 0.903069 0.837369 0.912623 0.948447 0.951933 0.926942 0.985606 0.998194 0.894321 0.932633
0.951432 0.877779 0.947919 0.955572 0.754375 0.000000 0.976269 0.864776 0.868971 0.959893 0.985089 0.913335 0.969320 0.912080 0.888834 0.773008 0.946768 0.999176 0.988596 0.824641 0.817860 0.992131 0.902533 0.912738 0.923568 0.847206 0.745324 0.892730 0.999832 0.927564 0.882022 0.927200 0.928153 0.867481 0.985185 0.866296 0.815892 0.919974 0.868666 0.979772 0.724949 0.981032 0.867580 0.789111 0.973076 0.911702 0.886564 0.964323 0.919640 0.968948 0.992239 0.814705 0.794171 0.767152 0.885199 0.841209 0.962522 0.886204 0.703342 0.696380 0.958358 0.900277 0.963190 0.811797 0.985107 0.930427 0.860901 0.897043 0.895770 0.775827 0.853225 0.884577 0.962551 0.848539 0.949421 0.840306 0.950472 0.861772 0.980807 0.881179 0.988633 0.951682 0.912354 0.917525 0.916160 0.791214 0.854779 0.829931 0.915679 0.996210 0.920972 0.917007 0.845237 0.934992 0.960181 0.860923 0.813411 0.986992 0.946559 0.981256 0.964190 0.962793 0.863362 0.922294 0.967224 0.982113 0.902646 0.848063 0.948387 0.894014 0.873777 0.951173 0.926912 0.849073 0.956493 0.976231
0.601045 0.851818 0.367865 0.597925 0.725290 0.976269 0.000000 0.510296 0.669011 0.626033 0.878127 0.899284 0.750052 0.951808 0.887678 0.850479 0.782809 0.660118 0.626591 0.682780 0.910491 0.923702 0.584040 0.906113 0.783000 0.891830 0.951138 0.762069 0.858476 0.730529 0.743486 0.933642 0.532780 0.574777 0.790937 0.914637 0.952033 0.895438 0.886248 0.829585 0.977981 0.969089 0.714855 0.781255 0.925807 0.850049 0.704284 0.735040 0.964448 0.798629 0.693899 0.723504 0.946651 0.949105 0.864051 0.896837 0.737999 0.835407 0.509041 0.701700 0.401633 0.717886 0.588979 0.690633 0.495169 0.668188 0.573169 0.612585 0.856396 0.969775 0.972468 0.970036 0.786141 0.857057 0.967267 0.971914 0.813596 0.964766 0.944786 0.917551 0.553895 0.545831 0.860571 0.682814 0.425216 0.703381 0.896249 0.883984 0.747052 0.667589 0.698346 0.702217 0.791063 0.773871 0.782312 0.798397 0.819587 0.878393 0.568372 0.591960 0.817439 0.849217 0.984783 0.811862 0.729671 0.746421 0.946247 0.990849 0.699822 0.855540 0.716087 0.922872 0.938798 0.930967 0.870714 0.924845
0.593441 0.730683 0.448258 0.421533 0.903984 0.864776 0.510296 0.000000 0.886107 0.731751 0.848499 0.834898 0.924887 0.960762 0.908029 0.858741 0.859965 0.696929 0.750489 0.631765 0.951186 0.965811 0.716776 0.923119 0.777402 0.947892 0.997120 0.859718 0.896617 0.842866 0.872855 0.910892 0.673072 0.505820 0.751261 0.837915 0.990118 0.932940 0.887983 0.653165 0.932119 0.923918 0.769887 0.788074 0.899703 0.984147 0.754097 0.813603 0.834271 0.929556 0.888918 0.827351 0.900687 0.801389 0.911264 0.929327 0.851582 0.855649 0.532254 0.519504 0.555391 0.475694 0.762272 0.644173 0.528669 0.449909 0.555586 0.486080 0.810040 0.885335 0.786341 0.749792 0.798268 0.812020 0.885215 0.955517 0.673987 0.900809 0.861644 0.898724 0.609647 0.689017 0.922350 0.802090 0.670081 0.742977 0.794206 0.837775 0.849067 0.516774 0.794291 0.890416 0.769035 0.866573 0.808411 0.694066 0.700315 0.906041 0.586381 0.622723 0.799728 0.961193 0.818105 0.841648 0.650671 0.613700 0.981550 0.873104 0.733041 0.811545 0.652665 0.936870 0.981159 0.934428 0.861896 0.918489
0.799733 0.896492 0.772297 0.981225 0.760822 0.868971 0.669011 0.886107 0.000000 0.607852 0.877907 0.939745 0.773408 0.872479 0.806366 0.997325 0.825514 0.796210 0.859771 0.955949 0.950050 0.945698 0.638192 0.948396 0.936936 0.987156 0.898266 0.860218 0.806062 0.795751 0.842487 0.996152 0.743685 0.877988 0.975984 0.988628 0.839812 0.901457 0.945083 0.872357 0.977670 0.953229 0.989384 0.954504 0.854618 0.890072 0.901527 0.926453 0.802252 0.861787 0.863574 0.896980 0.784892 0.866336 0.909962 0.950626 0.696908 0.810640 0.823407 0.992606 0.616976 0.890574 0.656323 0.681916 0.786913 0.962404 0.949060 0.947336 0.875188 0.997018 0.891594 0.770175 0.902358 0.924608 0.889874 0.969007 0.989690 0.961746 0.824124 0.993299 0.785963 0.771210 0.724963 0.771974 0.657658 0.854653 0.790203 0.757276 0.880619 0.793309 0.987582 0.984625 0.936248 0.990634 0.906030 0.933803 0.857687 0.992865 0.866683 0.775544 0.979957 0.940846 0.941585 0.939615 0.902256 0.984963 0.847381 0.916809 0.893904 0.774865 0.931507 0.930108 0.986191 0.891561 0.923889 0.920419
0.784112 0.830721 0.710941 0.951559 0.758037 0.959893 0.626033 0.731751 0.607852 0.000000 0.708957 0.973867 0.900935 0.805587 0.970289 0.771014 0.698387 0.692511 0.614165 0.735618 0.960832 0.949076 0.670941 0.875675 0.909118 0.898035 0.768903 0.769996 0.600739 0.679984 0.680932 0.905626 0.614194 0.646903 0.827282 0.948078 0.898263 0.997459 0.902737 0.988099 0.838142 0.987031 0.859702 0.863055 0.752201 0.746062 0.727849 0.867674 0.707120 0.760318 0.729589 0.729411 0.838200 0.947826 0.806914 0.928259 0.702145 0.751080 0.709579 0.855544 0.618384 0.804563 0.564373 0.548610 0.936485 0.961868 0.771788 0.824075 0.943568 0.894176 0.936506 0.861881 0.760993 0.764251 0.812123 0.958149 0.996610 0.977168 0.974549 0.973641 0.675085 0.724469 0.901270 0.710793 0.737375 0.987245 0.912076 0.778783 0.866998 0.728547 0.896880 0.922654 0.884359 0.920736 0.982082 0.716311 0.723528 0.977239 0.682864 0.769969 0.838512 0.992633 0.845954 0.839920 0.824438 0.949444 0.868470 0.947227 0.818742 0.828373 0.790127 0.981779 0.984008 0.949620 0.990778 0.873278
0.788429 0.884191 0.880772 0.969751 0.826838 0.985089 0.878127 0.848499 0.877907 0.708957 0.000000 0.799796 0.789399 0.988473 0.934396 0.954820 0.722810 0.758612 0.765825 0.715006 0.877755 0.968076 0.986813 0.888618 0.971948 0.917840 0.871671 0.827325 0.749125 0.756241 0.842228 0.999871 0.851697 0.691333 0.877006 0.810618 0.950500 0.835864 0.981323 0.963410 0.948419 0.870332 0.905396 0.946842 0.965852 0.951879 0.944789 0.965916 0.947547 0.963115 0.963968 0.900911 0.967613 0.990105 0.941157 0.991774 0.843574 0.882528 0.913597 0.927542 0.782618 0.827923 0.714805 0.725401 0.909768 0.961393 0.974488 0.925503 0.985991 0.954573 0.941791 0.805611 0.710570 0.914854 0.946091 0.873187 0.896476 0.830191 0.924122 0.877335 0.755708 0.806485 0.973442 0.856989 0.942713 0.959298 0.792300 0.846289 0.963219 0.861104 0.841844 0.754877 0.868865 0.812331 0.997816 0.777438 0.891373 0.839005 0.968775 0.939195 0.980608 0.984889 0.891104 0.966152 0.991029 0.796634 0.985461 0.841834 0.961978 0.910119 0.987810 0.891753 0.933105 0.904754 0.987289 0.948410
0.766290 0.669789 0.885809 0.985210 0.894705 0.913335 0.899284 0.834898 0.939745 0.973867 0.799796 0.000000 0.759826 0.647711 0.893467 0.764508 0.773636 0.792813 0.861943 0.761639 0.839874 0.842504 0.896578 0.908284 0.997688 0.922330 0.994321 0.972470 0.815119 0.782473 0.843307 0.999666 0.979721 0.834562 0.828032 0.914559 0.975224 0.856547 0.970691 0.947188 0.914447 0.992672 0.924644 0.895942 0.842544 0.981901 0.943192 0.995594 0.920462 0.866507 0.841035 0.952723 0.981507 0.967397 0.887724 0.966196 0.843603 0.681459 0.918648 0.821377 0.857221 0.657586 0.849260 0.677577 0.996577 0.913421 0.833976 0.923164 0.898417 0.913821 0.937427 0.930119 0.960784 0.976490 0.945737 0.865412 0.803457 0.772281 0.804412 0.965719 0.813694 0.926885 0.971523 0.901211 0.938066 0.924169 0.930890 0.921277 0.944236 0.883811 0.800839 0.748910 0.812967 0.733043 0.955346 0.868695 0.962952 0.966781 0.969412 0.950515 0.862379 0.972915 0.906568 0.868444 0.948124 0.986884 0.875610 0.896382 0.999868 0.986573 0.962020 0.893575 0.984932 0.992341 0.910228 0.996337
0.721938 0.725594 0.846049 0.899649 0.808596 0.969320 0.750052 0.924887 0.773408 0.900935 0.789399 0.759826 0.000000 0.604812 0.538042 0.639833 0.728808 0.692394 0.775929 0.746204 0.976158 0.866838 0.848147 0.937053 0.921064 0.922077 0.859760 0.911055 0.722579 0.668175 0.907875 0.927280 0.842660 0.854534 0.926531 0.968120 0.916680 0.790115 0.942046 0.953191 0.963662 0.790147 0.997243 0.916946 0.958907 0.899765 0.862316 0.857976 0.967849 0.874370 0.945617 0.992719 0.908800 0.899372 0.880094 0.953552 0.769569 0.706771 0.860490 0.884875 0.557717 0.745021 0.715084 0.716697 0.884036 0.958954 0.783933 0.827765 0.955469 0.927948 0.820533 0.858473 0.822282 0.975138 0.931874 0.731535 0.982236 0.954269 0.812018 0.862262 0.706441 0.726197 0.819451 0.785942 0.733455 0.968599 0.873544 0.796277 0.769226 0.998742 0.851140 0.779531 0.709918 0.775859 0.951748 0.898193 0.913170 0.772235 0.959147 0.976880 0.829959 0.970212 0.915301 0.767410 0.973787 0.951556 0.939566 0.667469 0.952077 0.937835 0.971771 0.973649 0.965274 0.957541 0.814976 0.988125
0.867371 0.713785 0.938192 0.979996 0.961743 0.912080 0.951808 0.960762 0.872479 0.805587 0.988473 0.647711 0.604812 0.000000 0.605076 0.494714 0.867698 0.843388 0.971012 0.845019 0.940565 0.885950 0.960443 0.977480 0.797116 0.966868 0.953124 0.916142 0.868992 0.757337 0.952123 0.800895 0.939314 0.878022 0.813940 0.974183 0.938348 0.993844 0.992868 0.893028 0.946222 0.918471 0.895168 0.758454 0.981742 0.898846 0.830145 0.782108 0.925322 0.967333 0.886932 0.985147 0.946171 0.892784 0.903036 0.896499 0.975353 0.861674 0.958941 0.956466 0.844681 0.765360 0.955280 0.872374 0.915637 0.888308 0.877511 0.933954 0.879825 0.918647 0.959619 0.845692 0.966406 0.960229 0.910730 0.804568 0.984256 0.899057 0.837286 0.825729 0.868418 0.860937 0.792804 0.873021 0.947362 0.903269 0.880689 0.986309 0.961657 0.957540 0.791152 0.745794 0.702638 0.793760 0.960667 0.871801 0.823388 0.800701 0.960849 0.917787 0.820660 0.965262 0.919714 0.811381 0.917977 0.985036 0.962406 0.772542 0.845101 0.985168 0.907782 0.904233 0.985254 0.992019 0.816213 0.907942
0.773443 0.718093 0.979268 0.834972 0.824465 0.888834 0.887678 0.908029 0.806366 0.970289 0.934396 0.893467 0.538042 0.605076 0.000000 0.560136 0.706563 0.641636 0.782339 0.961386 0.966449 0.903680 0.708942 0.915551 0.876956 0.996811 0.935678 0.969097 0.668523 0.579618 0.737374 0.664041 0.723028 0.929416 0.915603 0.920870 0.845357 0.960765 0.993144 0.975072 0.965491 0.918421 0.886739 0.796265 0.774031 0.697814 0.726545 0.716262 0.797000 0.745003 0.989252 0.934336 0.765386 0.707543 0.821255 0.868444 0.654623 0.718945 0.974042 0.824594 0.727542 0.903156 0.700536 0.769767 0.853136 0.954543 0.826774 0.852435 0.985931 0.934509 0.896936 0.946439 0.858024 0.921431 0.971111 0.780988 0.960601 0.968991 0.771645 0.917084 0.702609 0.667898 0.611008 0.638103 0.699162 0.763754 0.644758 0.641616 0.866248 0.993703 0.815038 0.822974 0.696186 0.777828 0.952163 0.944291 0.852936 0.962643 0.981632 0.989821 0.843774 0.876138 0.804027 0.873361 0.874097 0.892555 0.985584 0.702873 0.954004 0.946932 0.916412 0.850811 0.831030 0.935096 0.847521 0.887059
0.943481 0.811424 0.837455 0.864801 0.946133 0.773008 0.850479 0.858741 0.997325 0.771014 0.954820 0.764508 0.639833 0.494714 0.560136 0.000000 0.947097 0.897814 0.993062 0.973715 0.984233 0.873231 0.930495 0.813767 0.842256 0.879352 0.870244 0.779705 0.903324 0.806883 0.927672 0.767443 0.973012 0.983726 0.961241 0.902836 0.855779 0.953216 0.945889 0.985623 0.866090 0.827828 0.954701 0.965314 0.993591 0.913854 0.927720 0.850343 0.985579 0.965890 0.862748 0.824034 0.876980 0.782602 0.949060 0.915765 0.914157 0.873499 0.716270 0.791955 0.992272 0.936818 0.962933 0.990562 0.981612 0.991579 0.735803 0.792642 0.912870 0.961909 0.972876 0.861636 0.979827 0.907652 0.944116 0.843316 0.936626 0.888726 0.848038 0.761590 0.940954 0.876755 0.721813 0.807329 0.905516 0.813627 0.747479 0.826651 0.977917 0.921696 0.800264 0.757929 0.703896 0.785317 0.872398 0.977017 0.693128 0.903080 0.855036 0.831351 0.839913 0.799483 0.815396 0.714511 0.915780 0.980180 0.943851 0.707206 0.887212 0.947011 0.753556 0.961818 0.944666 0.901124 0.870754 0.996723
0.517278 0.514081 0.875672 0.969993 0.688237 0.946768 0.782809 0.859965 0.825514 0.698387 0.722810 0.773636 0.728808 0.867698 0.706563 0.947097 0.000000 0.509128 0.587766 0.739295 0.972903 0.951550 0.823283 0.950077 0.885733 0.921066 0.991460 0.892715 0.555814 0.490771 0.767998 0.897030 0.628479 0.734828 0.794994 0.910689 0.828292 0.879403 0.985785 0.981678 0.879592 0.993291 0.858336 0.670259 0.722951 0.624817 0.685457 0.711191 0.641608 0.684313 0.748891 0.811856 0.686559 0.754028 0.735617 0.921514 0.493814 0.555561 0.797723 0.956392 0.633432 0.767130 0.494910 0.514994 0.857730 0.992269 0.964693 0.957522 0.944492 0.832934 0.946907 0.893206 0.787778 0.772096 0.969364 0.906025 0.932022 0.951341 0.811796 0.893952 0.474368 0.587607 0.732160 0.592373 0.712040 0.812268 0.947079 0.685348 0.859899 0.813972 0.972090 0.927835 0.859455 0.868652 0.933491 0.824141 0.899702 0.917381 0.856683 0.945615 0.950057 0.888523 0.956002 0.942617 0.894012 0.834620 0.982722 0.811290 0.883908 0.937817 0.981628 0.964733 0.837826 0.947036 0.854784 0.952037
0.508174 0.543152 0.737244 0.819949 0.689849 0.999176 0.660118 0.696929 0.796210 0.692511 0.758612 0.792813 0.692394 0.843388 0.641636 0.897814 0.509128 0.000000 0.547767 0.729159 0.961914 0.953596 0.679729 0.943534 0.800118 0.889948 0.946352 0.975795 0.602969 0.457913 0.686295 0.799976 0.523184 0.622582 0.852605 0.809066 0.911470 0.840573 0.833155 0.808243 0.963587 0.904725 0.847697 0.685194 0.787467 0.708154 0.632405 0.723669 0.781322 0.779078 0.854877 0.872489 0.791041 0.823941 0.691579 0.873180 0.456723 0.601688 0.769346 0.925480 0.528110 0.678078 0.448931 0.505748 0.729762 0.824032 0.862435 0.818619 0.932554 0.834505 0.850073 0.982159 0.670809 0.809650 0.962273 0.941655 0.939822 0.980011 0.781756 0.822787 0.408662 0.442277 0.736495 0.543079 0.617565 0.677009 0.895634 0.722158 0.827618 0.656106 0.995331 0.902843 0.887125 0.853404 0.863109 0.818569 0.892925 0.912216 0.818243 0.844335 0.984179 0.902871 0.959336 0.997266 0.921115 0.981208 0.980784 0.778436 0.827309 0.845705 0.964701 0.989756 0.921177 0.969155 0.876929 0.998820
0.577101 0.667681 0.726040 0.912203 0.720504 0.988596 0.626591 0.750489 0.859771 0.614165 0.765825 0.861943 0.775929 0.971012 0.782339 0.993062 0.587766 0.547767 0.000000 0.655996 0.974700 0.960955 0.733893 0.937632 0.959487 0.883072 0.964165 0.931911 0.572411 0.528855 0.748985 0.876764 0.567929 0.637717 0.855062 0.938587 0.870107 0.830313 0.873603 0.965045 0.923643 0.977938 0.884339 0.819492 0.897708 0.779407 0.672676 0.810182 0.833354 0.834093 0.863984 0.869368 0.924516 0.973230 0.744844 0.867883 0.585646 0.654308 0.743393 0.930626 0.598742 0.746507 0.445583 0.582734 0.839299 0.881034 0.807082 0.830296 0.882579 0.869047 0.909144 0.988719 0.732418 0.709239 0.958228 0.931762 0.864871 0.954629 0.876874 0.868283 0.531321 0.587172 0.804619 0.620965 0.676057 0.813321 0.881842 0.808317 0.720672 0.776074 0.944984 0.994503 0.944137 0.863376 0.923534 0.839081 0.845781 0.980311 0.722521 0.860447 0.849510 0.919001 0.896022 0.968422 0.907094 0.902417 0.910363 0.892964 0.845530 0.990909 0.894018 0.990208 0.880347 0.969927 0.897378 0.868123
0.747461 0.788268 0.721894 0.760554 0.881503 0.824641 0.682780 0.631765 0.955949 0.735618 0.715006 0.761639 0.746204 0.845019 0.961386 0.973715 0.739295 0.729159 0.655996 0.000000 0.969294 0.944776 0.793275 0.993613 0.963130 0.887829 0.922084 0.723051 0.865977 0.789265 0.927966 0.996184 0.711430 0.670615 0.775051 0.996079 0.960331 0.871578 0.963243 0.860176 0.899249 0.907987 0.903910 0.813439 0.866720 0.960131 0.915487 0.821232 0.908351 0.912495 0.994554 0.897812 0.836244 0.751656 0.980446 0.936617 0.833205 0.699439 0.661933 0.611821 0.676027 0.652000 0.738464 0.646386 0.911621 0.781897 0.828029 0.786638 0.946840 0.899127 0.969509 0.968110 0.840931 0.928669 0.847621 0.997568 0.806466 0.963142 0.874882 0.891596 0.628471 0.686438 0.949724 0.805611 0.811037 0.989595 0.843137 0.965090 0.895554 0.731481 0.937677 0.980270 0.967715 0.881273 0.922420 0.733772 0.793188 0.808581 0.810478 0.860562 0.862682 0.901366 0.800276 0.950798 0.730703 0.839227 0.948268 0.925597 0.825631 0.878339 0.691182 0.924079 0.915983 0.823385 0.905460 0.902164
0.925935 0.923564 0.870555 0.809265 0.798395 0.817860 0.910491 0.951186 0.950050 0.960832 0.877755 0.839874 0.976158 0.940565 0.966449 0.984233 0.972903 0.961914 0.974700 0.969294 0.000000 0.934184 0.818981 0.822855 0.855050 0.832873 0.940364 0.998553 0.915178 0.976700 0.877794 0.932760 0.937546 0.945221 0.870131 0.956514 0.911760 0.994993 0.845152 0.976686 0.934654 0.951087 0.981209 0.973428 0.980985 0.897558 0.866808 0.977373 0.959835 0.934148 0.980532 0.955025 0.888779 0.931983 0.967812 0.932574 0.970861 0.887468 0.936021 0.924778 0.981397 0.942903 0.984415 0.900129 0.868331 0.843045 0.812997 0.834648 0.927145 0.966114 0.925046 0.924167 0.997496 0.989852 0.996377 0.963535 0.915171 0.957137 0.937495 0.822787 0.971467 0.957635 0.954883 0.987806 0.857999 0.804873 0.991238 0.933682 0.988001 0.872469 0.963393 0.958000 0.962729 0.915094 0.919614 0.831948 0.938144 0.946241 0.991297 0.985103 0.873384 0.929837 0.989344 0.960796 0.796354 0.939183 0.999541 0.973724 0.820161 0.887627 0.949187 0.853279 0.941662 0.935686 0.997957 0.970687
0.954136 0.984089 0.854484 0.871941 0.864864 0.992131 0.923702 0.965811 0.945698 0.949076 0.968076 0.842504 0.866838 0.885950 0.903680 0.873231 0.951550 0.953596 0.960955 0.944776 0.934184 0.000000 0.985318 0.938384 0.871634 0.988315 0.972723 0.885666 0.862202 0.954195 0.978244 0.987092 0.889402 0.892517 0.901875 0.925112 0.965681 0.911887 0.911250 0.953770 0.937951 0.951619 0.764146 0.878985 0.899355 0.922855 0.807541 0.908023 0.887891 0.856034 0.776291 0.821732 0.841784 0.949235 0.875968 0.845603 0.910123 0.958191 0.870521 0.996076 0.983130 0.928836 0.966077 0.968447 0.873377 0.933544 0.818780 0.828168 0.984337 0.998683 0.947685 0.978655 0.917530 0.832360 0.977001 0.911343 0.951271 0.985167 0.985752 0.920547 0.986700 0.988237 0.993986 0.999469 0.986119 0.966901 0.789289 0.860663 0.998526 0.979391 0.881062 0.954735 0.807757 0.791034 0.941399 0.951388 0.898319 0.896393 0.831745 0.894356 0.886783 0.783432 0.938444 0.754440 0.976786 0.926269 0.833573 0.940903 0.981425 0.910556 0.983190 0.889987 0.880870 0.926559 0.991461 0.877648
0.781408 0.880760 0.632446 0.702386 0.660646 0.902533 0.584040 0.716776 0.638192 0.670941 0.986813 0.896578 0.848147 0.960443 0.708942 0.930495 0.823283 0.679729 0.733893 0.793275 0.818981 0.985318 0.000000 0.606874 0.759081 0.877090 0.991413 0.888448 0.871552 0.697499 0.540901 0.713611 0.598089 0.697503 0.815865 0.910876 0.691526 0.929431 0.902621 0.916056 0.972847 0.979645 0.790092 0.870636 0.751280 0.722215 0.693767 0.712286 0.795021 0.738477 0.789254 0.818818 0.945940 0.914406 0.839865 0.752330 0.687625 0.805976 0.857609 0.965386 0.659869 0.861223 0.613952 0.708445 0.629963 0.752778 0.749266 0.712834 0.885343 0.871041 0.899422 0.887075 0.795923 0.891788 0.868462 0.997128 0.977443 0.953071 0.809313 0.944197 0.586994 0.477018 0.639807 0.571080 0.416861 0.557540 0.843724 0.665351 0.856149 0.654926 0.922578 0.943834 0.885198 0.934541 0.880946 0.742130 0.817914 0.977784 0.707600 0.748586 0.855400 0.892011 0.935248 0.992637 0.762508 0.814196 0.907845 0.951163 0.777038 0.874845 0.842080 0.930475 0.988976 0.881437 0.866026 0.878119
0.991821 0.957019 0.871158 0.714786 0.880278 0.912738 0.906113 0.923119 0.948396 0.875675 0.888618 0.908284 0.937053 0.977480 0.915551 0.813767 0.950077 0.943534 0.937632 0.993613 0.822855 0.938384 0.606874 0.000000 0.727092 0.715675 0.733820 0.935190 0.866100 0.978407 0.786650 0.773800 0.932452 0.838510 0.997113 0.893260 0.805933 0.803154 0.851682 0.878864 0.942380 0.873026 0.932894 0.984389 0.973047 0.943630 0.876368 0.819229 0.971574 0.996519 0.937774 0.924144 0.851983 0.972736 0.859304 0.812416 0.999610 0.865879 0.837775 0.876572 0.916125 0.953240 0.929131 0.905894 0.722091 0.702833 0.805429 0.741249 0.856350 0.999214 0.910624 0.774002 0.978053 0.987624 0.976179 0.906961 0.925777 0.993624 0.879519 0.865243 0.842897 0.745214 0.822391 0.868721 0.663692 0.553641 0.894258 0.790829 0.953021 0.910599 0.973594 0.968463 0.930605 0.935092 0.981774 0.917134 0.970381 0.979120 0.985460 0.982412 0.828633 0.780227 0.882020 0.882168 0.830874 0.790516 0.908256 0.950959 0.895341 0.929981 0.901892 0.998997 0.976821 0.968612 0.951230 0.897148
0.835062 0.813614 0.697958 0.644117 0.793481 0.923568 0.783000 0.777402 0.936936 0.909118 0.971948 0.997688 0.921064 0.797116 0.876956 0.842256 0.885733 0.800118 0.959487 0.963130 0.855050 0.871634 0.759081 0.727092 0.000000 0.722657 0.819990 0.910911 0.996979 0.825094 0.735784 0.807441 0.785583 0.735630 0.741507 0.933273 0.854988 0.860860 0.804637 0.816753 0.922818 0.949720 0.563715 0.659636 0.817328 0.778759 0.676103 0.600885 0.897699 0.843322 0.718548 0.867616 0.827578 0.798331 0.988221 0.744079 0.888299 0.997872 0.896307 0.982528 0.844313 0.906738 0.922642 0.977335 0.569606 0.637272 0.703401 0.672448 0.707670 0.858868 0.770174 0.673736 0.805625 0.916374 0.908455 0.993380 0.881822 0.860302 0.812478 0.861955 0.682471 0.695874 0.843935 0.796244 0.678285 0.529292 0.978665 0.995633 0.946194 0.816114 0.890588 0.967131 0.901675 0.792106 0.811101 0.791499 0.926105 0.893233 0.888843 0.852085 0.808969 0.981451 0.970256 0.879978 0.859271 0.896778 0.872065 0.953100 0.931933 0.959496 0.950291 0.955810 0.907683 0.976045 0.792546 0.919921
0.814577 0.901909 0.919925 0.794978 0.811551 0.847206 0.891830 0.947892 0.987156 0.898035 0.917840 0.922330 0.922077 0.966868 0.996811 0.879352 0.921066 0.889948 0.883072 0.887829 0.832873 0.988315 0.877090 0.715675 0.722657 0.000000 0.814936 0.810753 0.975883 0.848535 0.742722 0.920648 0.829855 0.846609 0.960409 0.894470 0.798247 0.961075 0.745767 0.895986 0.889089 0.824789 0.844478 0.844927 0.884650 0.904593 0.846490 0.829767 0.820782 0.965240 0.829347 0.895856 0.847335 0.774812 0.850165 0.874149 0.863740 0.923522 0.876394 0.740786 0.993225 0.915327 0.879460 0.916009 0.765470 0.870668 0.773519 0.846199 0.850249 0.951639 0.767570 0.745690 0.794225 0.865649 0.802976 0.949431 0.902771 0.846036 0.984500 0.906580 0.874780 0.830302 0.827772 0.850025 0.816177 0.591926 0.913166 0.904169 0.948853 0.856609 0.930723 0.876194 0.941537 0.841489 0.884743 0.998647 0.915495 0.865239 0.901755 0.962437 0.920998 0.993025 0.904305 0.973224 0.936011 0.996612 0.944937 0.973625 0.999304 0.965178 0.930243 0.905193 0.969023 0.944761 0.841784 0.929881
0.983304 0.981724 0.943105 0.882087 0.891512 0.745324 0.951138 0.997120 0.898266 0.768903 0.871671 0.994321 0.859760 0.953124 0.935678 0.870244 0.991460 0.946352 0.964165 0.922084 0.940364 0.972723 0.991413 0.733820 0.819990 0.814936 0.000000 0.901225 0.855832 0.988712 0.955787 0.898947 0.939932 0.949364 0.896602 0.835939 0.931288 0.927012 0.668573 0.936169 0.736717 0.923185 0.852892 0.935093 0.922625 0.901656 0.880978 0.971794 0.896315 0.844508 0.899258 0.774931 0.915258 0.972343 0.865740 0.838596 0.977460 0.889950 0.813041 0.851565 0.919191 0.960650 0.949580 0.859357 0.885688 0.790687 0.991167 0.946550 0.889706 0.982986 0.880732 0.841328 0.996031 0.936862 0.985755 0.878912 0.977516 0.949848 0.975548 0.807164 0.922665 0.911860 0.996968 0.985926 0.930662 0.723462 0.979207 0.932841 0.806204 0.954472 0.974490 0.983324 0.999620 0.956640 0.927166 0.809915 0.965357 0.986527 0.940340 0.851072 0.911803 0.766764 0.870812 0.835188 0.900480 0.962927 0.949108 0.958450 0.900986 0.975891 0.856604 0.810529 0.980730 0.987334 0.883224 0.966537
0.968060 0.896409 0.834606 0.971357 0.865810 0.892730 0.762069 0.859718 0.860218 0.769996 0.827325 0.972470 0.911055 0.916142 0.969097 0.779705 0.892715 0.975795 0.931911 0.723051 0.998553 0.885666 0.888448 0.935190 0.910911 0.810753 0.901225 0.000000 0.970274 0.953745 0.900383 0.941864 0.870955 0.908488 0.995296 0.982712 0.947347 0.921791 0.989993 0.975161 0.924242 0.995263 0.904061 0.953137 0.935014 0.997063 0.941944 0.985311 0.983064 0.939318 0.959072 0.902361 0.863119 0.856012 0.976839 0.926394 0.997662 0.929849 0.785392 0.802907 0.758251 0.904551 0.906283 0.841633 0.957384 0.994906 0.968199 0.914547 0.971214 0.906347 0.920674 0.802457 0.953209 0.957212 0.918378 0.960122 0.961987 0.914754 0.967976 0.872361 0.864756 0.880813 0.943478 0.952379 0.888561 0.849489 0.927946 0.908696 0.949910 0.927500 0.916960 0.890793 0.917846 0.983334 0.955321 0.902599 0.832496 0.892539 0.939113 0.932058 0.987852 0.906720 0.984094 0.955584 0.917578 0.961345 0.971989 0.936461 0.804930 0.957071 0.866168 0.996248 0.920816 0.971123 0.921268 0.972404
0.672531 0.618911 0.926288 0.866850 0.901347 0.999832 0.858476 0.896617 0.806062 0.600739 0.749125 0.815119 0.722579 0.868992 0.668523 0.903324 0.555814 0.602969 0.572411 0.865977 0.915178 0.862202 0.871552 0.866100 0.996979 0.975883 0.855832 0.970274 0.000000 0.452049 0.726441 0.839414 0.656402 0.675788 0.878039 0.930760 0.841422 0.932811 0.925998 0.966631 0.928087 0.948333 0.864072 0.726279 0.753547 0.666463 0.661946 0.771556 0.695661 0.810460 0.859740 0.893709 0.656043 0.698428 0.804729 0.875256 0.669240 0.749312 0.918682 0.905859 0.689422 0.746753 0.569354 0.580734 0.971428 0.908896 0.999455 0.999065 0.979065 0.850308 0.875889 0.845957 0.637104 0.702883 0.881970 0.839294 0.993383 0.962114 0.863304 0.967775 0.642236 0.758823 0.837618 0.699241 0.890145 0.957568 0.989747 0.810337 0.928178 0.921464 0.852090 0.807921 0.773411 0.741740 0.958519 0.815269 0.972604 0.875689 0.857998 0.952860 0.895634 0.941618 0.932998 0.983334 0.911838 0.845220 0.874717 0.711604 0.974587 0.931347 0.985066 0.924861 0.774339 0.979019 0.898186 0.845802
0.599639 0.576024 0.847222 0.989559 0.699418 0.927564 0.730529 0.842866 0.795751 0.679984 0.756241 0.782473 0.668175 0.757337 0.579618 0.806883 0.490771 0.457913 0.528855 0.789265 0.976700 0.954195 0.697499 0.978407 0.825094 0.848535 0.988712 0.953745 0.452049 0.000000 0.584407 0.710289 0.523164 0.648863 0.769119 0.892942 0.802283 0.889824 0.913401 0.916642 0.958488 0.908428 0.833819 0.694679 0.720845 0.650757 0.640060 0.687116 0.668993 0.776055 0.830585 0.916203 0.707322 0.692961 0.706060 0.850374 0.563087 0.651181 0.929844 0.895532 0.570181 0.745749 0.445409 0.534181 0.826392 0.966329 0.950413 0.938812 0.917781 0.919332 0.980642 0.985805 0.699918 0.786106 0.946406 0.837246 0.966115 0.927876 0.683251 0.780261 0.466499 0.487468 0.624086 0.497946 0.651049 0.714702 0.895771 0.649946 0.887104 0.815165 0.864430 0.826031 0.765813 0.766719 0.905454 0.857720 0.973086 0.855171 0.804551 0.995353 0.833792 0.916353 0.949430 0.977042 0.942133 0.920115 0.887587 0.667155 0.951474 0.978326 0.991402 0.987759 0.874814 0.998758 0.930635 0.858946
0.852057 0.889379 0.769876 0.885874 0.690909 0.882022 0.743486 0.872855 0.842487 0.680932 0.842228 0.843307 0.907875 0.952123 0.737374 0.927672 0.767998 0.686295 0.748985 0.927966 0.877794 0.978244 0.540901 0.786650 0.735784 0.742722 0.955787 0.900383 0.726441 0.584407 0.000000 0.621525 0.535318 0.703318 0.758933 0.887266 0.729235 0.887175 0.904843 0.835219 0.995830 0.967381 0.684036 0.721845 0.542247 0.577637 0.604985 0.583395 0.592288 0.703509 0.660518 0.816639 0.759982 0.663768 0.803059 0.760978 0.736561 0.881325 0.962475 0.835689 0.772524 0.992545 0.652453 0.818436 0.860495 0.967985 0.761913 0.760194 0.749498 0.870813 0.818699 0.875774 0.712578 0.731332 0.988982 0.926505 0.926938 0.944633 0.891817 0.912823 0.648910 0.591055 0.665260 0.584809 0.631036 0.640906 0.994742 0.671171 0.987742 0.893094 0.963622 0.982598 0.964943 0.948834 0.957948 0.839465 0.936830 0.953056 0.695615 0.871692 0.975807 0.937977 0.915960 0.964380 0.995959 0.962380 0.831086 0.890696 0.922137 0.889006 0.940348 0.833586 0.935405 0.913637 0.961280 0.845297
0.936396 0.915715 0.865808 0.908875 0.888739 0.927200 0.933642 0.910892 0.996152 0.905626 0.999871 0.999666 0.927280 0.800895 0.664041 0.767443 0.897030 0.799976 0.876764 0.996184 0.932760 0.987092 0.713611 0.773800 0.807441 0.920648 0.898947 0.941864 0.839414 0.710289 0.621525 0.000000 0.737875 0.763259 0.868110 0.869772 0.914488 0.891172 0.855210 0.681039 0.954110 0.947453 0.856805 0.840914 0.782291 0.823117 0.709302 0.730462 0.916390 0.992784 0.979009 0.969593 0.919340 0.914709 0.772063 0.740900 0.872202 0.930928 0.849364 0.915902 0.933827 0.955525 0.838503 0.878761 0.848516 0.850647 0.816207 0.793080 0.862778 0.933640 0.971948 0.777205 0.896425 0.809530 0.967271 0.888678 0.980266 0.973965 0.783888 0.836144 0.823128 0.712306 0.726863 0.665427 0.769771 0.678554 0.819784 0.735668 0.982994 0.844498 0.894558 0.890082 0.863222 0.969884 0.875826 0.860825 0.993800 0.930312 0.825648 0.993354 0.948607 0.863425 0.918501 0.896102 0.900149 0.964596 0.966663 0.987423 0.996706 0.953831 0.958289 0.840644 0.931060 0.969739 0.909237 0.792370
0.638319 0.616500 0.592473 0.733921 0.773971 0.928153 0.532780 0.673072 0.743685 0.614194 0.851697 0.979721 0.842660 0.939314 0.723028 0.973012 0.628479 0.523184 0.567929 0.711430 0.937546 0.889402 0.598089 0.932452 0.785583 0.829855 0.939932 0.870955 0.656402 0.523164 0.535318 0.737875 0.000000 0.557003 0.720882 0.965327 0.882181 0.990090 0.875722 0.825473 0.997951 0.983924 0.668042 0.606073 0.666158 0.612844 0.649190 0.575465 0.709516 0.704076 0.719392 0.717124 0.783491 0.858135 0.838762 0.914078 0.585699 0.630289 0.674655 0.888943 0.560730 0.804434 0.493104 0.590387 0.705200 0.854751 0.672363 0.671936 0.924467 0.925369 0.891725 0.966678 0.749605 0.740721 0.917301 0.988666 0.899026 0.975176 0.897817 0.932913 0.479658 0.499418 0.725230 0.552512 0.584302 0.696893 0.939124 0.792763 0.850085 0.749651 0.948801 0.937194 0.933138 0.997905 0.777295 0.755576 0.879615 0.917452 0.579439 0.726154 0.888066 0.964450 0.993657 0.837204 0.877632 0.914896 0.818370 0.921204 0.834732 0.895949 0.839306 0.951166 0.927769 0.981606 0.817741 0.823781
0.591109 0.709026 0.593203 0.611312 0.835497 0.867481 0.574777 0.505820 0.877988 0.646903 0.691333 0.834562 0.854534 0.878022 0.929416 0.983726 0.734828 0.622582 0.637717 0.670615 0.945221 0.892517 0.697503 0.838510 0.735630 0.846609 0.949364 0.908488 0.675788 0.648863 0.703318 0.763259 0.557003 0.000000 0.734334 0.840864 0.846236 0.998277 0.900450 0.674854 0.934861 0.978625 0.726880 0.668761 0.882345 0.762171 0.666841 0.644250 0.923230 0.873644 0.780642 0.754887 0.933106 0.981962 0.920792 0.795465 0.768215 0.771455 0.690891 0.703024 0.612820 0.604409 0.609224 0.575725 0.675906 0.645601 0.565058 0.518296 0.866745 0.836857 0.951790 0.881690 0.668746 0.670635 0.909895 0.985304 0.899426 0.853178 0.866424 0.873683 0.574735 0.613358 0.930861 0.696594 0.643110 0.729170 0.878450 0.932240 0.868147 0.656085 0.933756 0.987361 0.940470 0.988624 0.852101 0.664181 0.821665 0.831505 0.588574 0.688572 0.783776 0.981079 0.845431 0.894394 0.750143 0.880934 0.959642 0.990911 0.828015 0.855819 0.795427 0.905390 0.901657 0.863766 0.836311 0.984713
0.803489 0.802096 0.787778 0.761860 0.959237 0.985185 0.790937 0.751261 0.975984 0.827282 0.877006 0.828032 0.926531 0.813940 0.915603 0.961241 0.794994 0.852605 0.855062 0.775051 0.870131 0.901875 0.815865 0.997113 0.741507 0.960409 0.896602 0.995296 0.878039 0.769119 0.758933 0.868110 0.720882 0.734334 0.000000 0.921349 0.813606 0.890334 0.944694 0.799401 0.882849 0.903861 0.644599 0.715668 0.780979 0.718682 0.774665 0.686139 0.843725 0.772186 0.747666 0.709951 0.857781 0.896560 0.870016 0.767470 0.910324 0.828263 0.801713 0.840295 0.799479 0.788818 0.844869 0.799279 0.810584 0.858550 0.760578 0.722790 0.919043 0.859687 0.776387 0.786411 0.848446 0.821818 0.937457 0.944135 0.874235 0.817551 0.793839 0.993116 0.763682 0.778390 0.862543 0.757105 0.817465 0.850878 0.876165 0.958776 0.928606 0.834806 0.927397 0.941465 0.843288 0.950023 0.791803 0.673732 0.903816 0.916309 0.715552 0.882953 0.974547 0.741138 0.856163 0.783311 0.981095 0.914208 0.860111 0.964739 0.867912 0.975993 0.903446 0.870305 0.935309 0.960869 0.984061 0.971305
0.916657 0.957050 0.878580 0.788484 0.760124 0.866296 0.914637 0.837915 0.988628 0.948078 0.810618 0.914559 0.968120 0.974183 0.920870 0.902836 0.910689 0.809066 0.938587 0.996079 0.956514 0.925112 0.910876 0.893260 0.933273 0.894470 0.835939 0.982712 0.930760 0.892942 0.887266 0.869772 0.965327 0.840864 0.921349 0.000000 0.843467 0.891006 0.855982 0.784809 0.924292 0.966646 0.917384 0.966875 0.975344 0.993332 0.953721 0.986145 0.978602 0.936549 0.968021 0.965576 0.966960 0.917509 0.820775 0.832250 0.907864 0.994703 0.924139 0.997195 0.893490 0.860685 0.912166 0.968932 0.823957 0.845682 0.935824 0.851846 0.819613 0.979672 0.766352 0.900318 0.817160 0.920840 0.886661 0.981489 0.997513 0.871543 0.939483 0.942252 0.900970 0.829830 0.971976 0.935216 0.869888 0.787478 0.951032 0.933539 0.910645 0.783590 0.999062 0.914319 0.917175 0.996111 0.771700 0.944980 0.882757 0.992977 0.874752 0.982360 0.974100 0.880618 0.977054 0.895984 0.981884 0.950919 0.943859 0.999835 0.960037 0.923947 0.995135 0.925890 0.933078 0.904820 0.989176 0.998835
0.961402 0.925575 0.946247 0.950191 0.815303 0.815892 0.952033 0.990118 0.839812 0.898263 0.950500 0.975224 0.916680 0.938348 0.845357 0.855779 0.828292 0.911470 0.870107 0.960331 0.911760 0.965681 0.691526 0.805933 0.854988 0.798247 0.931288 0.947347 0.841422 0.802283 0.729235 0.914488 0.882181 0.846236 0.813606 0.843467 0.000000 0.725951 0.957029 0.967097 0.965554 0.932377 0.793602 0.790356 0.772615 0.718902 0.814776 0.727665 0.743779 0.751647 0.803287 0.813699 0.765407 0.693400 0.826097 0.772001 0.862738 0.913968 0.934202 0.866615 0.959487 0.986219 0.862559 0.936048 0.878034 0.975949 0.943397 0.903706 0.922438 0.948927 0.807492 0.857419 0.927577 0.752300 0.860261 0.969698 0.984266 0.791927 0.831190 0.934298 0.878834 0.848906 0.801315 0.758178 0.839342 0.803007 0.948196 0.804384 0.994430 0.914315 0.940462 0.978490 0.844681 0.958199 0.964600 0.928995 0.895815 0.977578 0.866964 0.829430 0.956105 0.941087 0.836523 0.964452 0.930232 0.967849 0.811452 0.881316 0.981013 0.933264 0.973673 0.853033 0.889786 0.795530 0.795544 0.953585
0.723987 0.935135 0.986924 0.890555 0.864310 0.919974 0.895438 0.932940 0.901457 0.997459 0.835864 0.856547 0.790115 0.993844 0.960765 0.953216 0.879403 0.840573 0.830313 0.871578 0.994993 0.911887 0.929431 0.803154 0.860860 0.961075 0.927012 0.921791 0.932811 0.889824 0.887175 0.891172 0.990090 0.998277 0.890334 0.891006 0.725951 0.000000 0.949577 0.983116 0.986265 0.812974 0.670031 0.711394 0.688436 0.676101 0.778029 0.738289 0.797885 0.777981 0.717811 0.737892 0.852400 0.801591 0.976299 0.901132 0.818720 0.780228 0.892269 0.836202 0.754720 0.817059 0.841045 0.809343 0.956082 0.993851 0.790035 0.759594 0.794543 0.910455 0.816728 0.758370 0.889541 0.817343 0.982142 0.900945 0.915122 0.932978 0.911016 0.934056 0.881314 0.918296 0.962062 0.947366 0.949918 0.947800 0.989857 0.966445 0.785773 0.866953 0.867804 0.851195 0.776637 0.813475 0.892991 0.914533 0.944310 0.897432 0.896805 0.940264 0.858555 0.900625 0.892051 0.824401 0.940751 0.900276 0.923526 0.957676 0.922209 0.913029 0.982127 0.842707 0.968168 0.852254 0.924196 0.893255
