0.000000 0.204167 0.808650 0.800407 0.771893 0.752792 0.790127 0.256609 0.990089 0.401925 0.245592 0.221800 0.381883 0.320687 0.576860 0.663995 0.271074 0.246402 0.351655 0.295588 0.964168 0.997430 0.936814 0.843988 0.651831 0.868636 0.947596 0.942919 0.283128 0.298263 0.658279 0.692850 0.543837 0.398822 0.753661 0.673963 0.947199 0.965320 0.987683 0.886042 0.660292 0.843011 0.580005 0.446742 0.697937 0.426946 0.455046 0.464817 0.222993 0.268653 0.381396 0.340639 0.466903 0.554693 0.745285 0.599233 0.359194 0.324702 0.365553 0.308060 0.489019 0.296263 0.256751 0.227311 0.526937 0.861143 0.878543 0.973243 0.723465 0.574850 0.692126 0.767725 0.487283 0.512604 0.767121 0.866968 0.396581 0.615529 0.527384 0.382649 0.290679 0.318336 0.543444 0.774407 0.808315 0.884423 0.659566 0.855111 0.942099 0.696360 0.776568 0.797575 0.865360 0.551407 0.963326 0.824184 0.793223 0.731850 0.516360 0.626212 0.618587 0.882276 0.445938 0.624601 0.791793 0.822158 0.974243 0.949983 0.697547 0.943192 0.961170 0.732400 0.561644 0.943149 0.754678 0.803333
0.204167 0.000000 0.698992 0.926014 0.739208 0.839900 0.955695 0.349231 0.868124 0.477762 0.327425 0.276108 0.511704 0.413189 0.713428 0.754516 0.283462 0.260355 0.369884 0.278010 0.980108 0.920818 0.892967 0.821811 0.731972 0.840558 0.932150 0.943950 0.302832 0.341148 0.731857 0.748854 0.633022 0.474569 0.730757 0.731530 0.950933 0.966726 0.969428 0.872632 0.586489 0.861423 0.725254 0.550757 0.794817 0.507565 0.520698 0.572593 0.255543 0.303498 0.460274 0.417889 0.532827 0.640232 0.779661 0.645657 0.282230 0.227251 0.489419 0.351508 0.661741 0.383165 0.354839 0.286700 0.421900 0.707845 0.725061 0.897341 0.666743 0.521678 0.791757 0.861367 0.498510 0.589129 0.787979 0.894378 0.446373 0.646708 0.560727 0.371597 0.300615 0.297259 0.612198 0.733354 0.845659 0.910568 0.676996 0.911461 0.830786 0.778606 0.915313 0.689786 0.780999 0.507897 0.884299 0.824513 0.836098 0.665949 0.635145 0.761738 0.711498 0.987184 0.520226 0.721369 0.858899 0.955464 0.952548 0.938255 0.731859 0.976116 0.988343 0.832359 0.613045 0.932718 0.883724 0.811755
0.808650 0.698992 0.000000 0.475343 0.841855 0.936809 0.441340 0.979071 0.777751 0.971603 0.841756 0.697929 0.999896 0.748313 0.955937 0.898070 0.890977 0.875076 0.854165 0.747063 0.847922 0.962710 0.685462 0.953683 0.726150 0.440470 0.841840 0.929238 0.905522 0.896159 0.665904 0.768027 0.680358 0.931638 0.443951 0.717194 0.868460 0.844736 0.813804 0.939429 0.958396 0.814371 0.748986 0.846776 0.600078 0.809630 0.981507 0.792171 0.867465 0.800280 0.970823 0.910552 0.969524 0.934392 0.834540 0.990351 0.829495 0.688489 0.913535 0.697591 0.741025 0.859405 0.875640 0.818284 0.365299 0.700244 0.426497 0.487656 0.865582 0.791450 0.868500 0.989047 0.904051 0.940300 0.997760 0.947102 0.861545 0.873903 0.983144 0.908706 0.946399 0.793669 0.915249 0.854470 0.759651 0.997113 0.705169 0.998099 0.698837 0.990361 0.787604 0.643672 0.596115 0.644954 0.751914 0.911306 0.893033 0.641282 0.857415 0.773314 0.916197 0.646342 0.981067 0.735895 0.708745 0.677124 0.953916 0.880176 0.967461 0.962128 0.777433 0.905396 0.750284 0.947191 0.766494 0.861026
0.800407 0.926014 0.475343 0.000000 0.974183 0.939798 0.513183 0.678121 0.939969 0.762143 0.822341 0.875687 0.791151 0.856018 0.764938 0.907199 0.819611 0.821603 0.800796 0.801756 0.923824 0.893222 0.643167 0.851980 0.906244 0.678711 0.879620 0.914998 0.793910 0.840022 0.686730 0.757706 0.594443 0.734106 0.827228 0.924168 0.937309 0.881004 0.809180 0.928247 0.971172 0.898033 0.728970 0.731233 0.629871 0.666451 0.872618 0.647148 0.792065 0.849956 0.776199 0.846889 0.806445 0.845884 0.772415 0.889385 0.853628 0.936892 0.767307 0.962521 0.648795 0.744161 0.828718 0.855888 0.673015 0.724971 0.664068 0.673820 0.843771 0.882524 0.968006 0.921402 0.879780 0.895574 0.903274 0.996623 0.855235 0.883704 0.791478 0.915155 0.818109 0.848248 0.793564 0.727633 0.645250 0.786092 0.823869 0.874059 0.820803 0.775595 0.816449 0.873916 0.720455 0.903300 0.811826 0.879046 0.808470 0.844286 0.753629 0.797432 0.907217 0.754888 0.858383 0.780474 0.674618 0.733165 0.919418 0.933994 0.902799 0.980128 0.817428 0.950216 0.721400 0.956405 0.966640 0.890689
0.771893 0.739208 0.841855 0.974183 0.000000 0.909983 0.951556 0.795814 0.902883 0.801882 0.771784 0.790356 0.798420 0.816431 0.986991 0.998670 0.717122 0.719396 0.653358 0.722169 0.993436 0.937614 0.951025 0.891850 0.971208 0.853986 0.954808 0.850517 0.789183 0.805924 0.932380 0.758046 0.903677 0.825671 0.906687 0.923960 0.898482 0.924383 0.945261 0.984343 0.780230 0.843007 0.957374 0.923347 0.873633 0.858718 0.914788 0.933218 0.856520 0.864997 0.930911 0.921647 0.957091 0.930040 0.832810 0.806537 0.736917 0.755754 0.916957 0.959512 0.967521 0.907728 0.830433 0.788485 0.735740 0.725078 0.915443 0.883941 0.892657 0.807533 0.678028 0.865012 0.807457 0.816525 0.871334 0.937323 0.668900 0.761402 0.797026 0.802416 0.754396 0.667578 0.773049 0.774675 0.912821 0.899963 0.983252 0.950879 0.814449 0.830377 0.888872 0.771419 0.823425 0.734844 0.963581 0.881402 0.831724 0.922823 0.901037 0.910825 0.994953 0.870309 0.761616 0.792470 0.946996 0.982153 0.853591 0.849034 0.993593 0.974531 0.957279 0.863762 0.930920 0.902281 0.883418 0.662725
0.752792 0.839900 0.936809 0.939798 0.909983 0.000000 0.758874 0.621594 0.740231 0.746121 0.752775 0.721572 0.738425 0.700182 0.768400 0.703603 0.882815 0.857525 0.829226 0.886579 0.863953 0.956023 0.826576 0.970645 0.622629 0.916380 0.851668 0.945686 0.739250 0.739329 0.848986 0.808251 0.749018 0.840556 0.915281 0.829008 0.946354 0.992357 0.957139 0.967289 0.944690 0.912053 0.586251 0.628804 0.811130 0.741880 0.787102 0.783910 0.724726 0.605423 0.567309 0.561556 0.617699 0.536629 0.889389 0.771174 0.962157 0.967590 0.732414 0.673169 0.714327 0.634632 0.708696 0.716126 0.810596 0.750865 0.875565 0.784761 0.700840 0.938431 0.746448 0.816919 0.813877 0.654392 0.799290 0.855868 0.618156 0.793014 0.826526 0.715178 0.783495 0.937372 0.921748 0.920692 0.854222 0.912708 0.931277 0.723464 0.878353 0.975891 0.626892 0.726163 0.770923 0.851824 0.895309 0.889797 0.886466 0.915389 0.689358 0.646066 0.572679 0.719048 0.735452 0.707236 0.798956 0.681956 0.673961 0.735184 0.723424 0.933748 0.892794 0.733646 0.860189 0.893567 0.819277 0.973083
0.790127 0.955695 0.441340 0.513183 0.951556 0.758874 0.000000 0.527776 0.713669 0.499999 0.687508 0.854184 0.586758 0.836075 0.678453 0.854322 0.694074 0.707662 0.684298 0.908325 0.892037 0.988741 0.875688 0.851610 0.882808 0.751641 0.684735 0.987737 0.701838 0.647953 0.513872 0.548356 0.396026 0.519196 0.682742 0.975244 0.858884 0.768336 0.800625 0.988645 0.860666 0.876495 0.326365 0.398515 0.282344 0.442197 0.649336 0.436805 0.725973 0.783648 0.518497 0.652808 0.556931 0.537134 0.606136 0.662583 0.923508 0.926520 0.709742 0.991624 0.346417 0.712924 0.654541 0.694062 0.764289 0.756168 0.320901 0.302989 0.875578 0.991631 0.684600 0.600915 0.682225 0.598018 0.919608 0.874369 0.666248 0.577768 0.567710 0.728956 0.652742 0.905173 0.845524 0.697738 0.908944 0.802710 0.925718 0.778512 0.874149 0.844010 0.552361 0.583870 0.653906 0.743703 0.798027 0.828984 0.649875 0.695410 0.467160 0.361378 0.515454 0.483968 0.559977 0.406262 0.650715 0.512615 0.904516 0.704735 0.745507 0.931810 0.721293 0.564028 0.514145 0.810303 0.606462 0.998238
0.256609 0.349231 0.979071 0.678121 0.795814 0.621594 0.527776 0.000000 0.904413 0.306360 0.290301 0.307426 0.385494 0.356012 0.563942 0.659477 0.349874 0.329890 0.390741 0.400431 0.949258 0.963935 0.993091 0.840503 0.640644 0.978773 0.816680 0.956614 0.327469 0.350602 0.578974 0.623758 0.463163 0.392467 0.878663 0.717857 0.907219 0.920397 0.926023 0.968526 0.741149 0.835305 0.407969 0.348370 0.508500 0.351815 0.470556 0.399474 0.262870 0.294396 0.288784 0.299867 0.376938 0.422647 0.691406 0.566930 0.519239 0.527609 0.363465 0.451246 0.375104 0.285198 0.284432 0.275371 0.677457 0.977636 0.836600 0.749775 0.883263 0.662042 0.576766 0.667884 0.410070 0.398722 0.738094 0.826706 0.344383 0.521881 0.530988 0.421538 0.298995 0.430094 0.613753 0.754670 0.838438 0.966427 0.743268 0.767762 0.979877 0.702878 0.594028 0.899155 0.882696 0.820240 0.890584 0.787530 0.706102 0.880231 0.365882 0.402766 0.474181 0.684856 0.357019 0.438354 0.694031 0.611556 0.897067 0.799246 0.599761 0.967227 0.764872 0.556840 0.484625 0.810428 0.660572 0.860389
0.990089 0.868124 0.777751 0.939969 0.902883 0.740231 0.713669 0.904413 0.000000 0.857758 0.978159 0.929048 0.952177 0.923035 0.963295 0.980996 0.948709 0.899319 0.890044 0.833202 0.950741 0.917941 0.798404 0.763748 0.902915 0.823309 0.897944 0.902632 0.995891 0.997266 0.855523 0.836276 0.925960 0.965300 0.775111 0.924458 0.963982 0.960841 0.961074 0.946950 0.893564 0.953622 0.681945 0.812376 0.779174 0.890787 0.900956 0.774523 0.921840 0.937345 0.716359 0.748105 0.694698 0.661846 0.833976 0.679024 0.735242 0.728155 0.960052 0.998140 0.752595 0.823891 0.973787 0.975226 0.825594 0.640373 0.770344 0.730538 0.757771 0.903342 0.990004 0.844267 0.985772 0.869670 0.948109 0.987763 0.875852 0.860550 0.936176 0.951149 0.990843 0.831716 0.833046 0.794517 0.877746 0.820442 0.758159 0.716556 0.766309 0.910592 0.576867 0.586315 0.632535 0.712154 0.924745 0.991316 0.918673 0.822400 0.662975 0.661292 0.733907 0.739819 0.822578 0.802301 0.812500 0.770187 0.904985 0.659036 0.924168 0.956565 0.983928 0.762556 0.737063 0.991312 0.798334 0.897950
0.401925 0.477762 0.971603 0.762143 0.801882 0.746121 0.499999 0.306360 0.857758 0.000000 0.333959 0.396026 0.414265 0.448368 0.531170 0.666741 0.322314 0.320864 0.409733 0.503899 0.819250 0.977069 0.897421 0.924224 0.708297 0.912859 0.740407 0.981243 0.331226 0.311868 0.489360 0.542022 0.414714 0.408997 0.904525 0.852168 0.774097 0.818459 0.980613 0.925158 0.728446 0.791444 0.399383 0.359380 0.436675 0.345730 0.477912 0.391141 0.363080 0.508538 0.417924 0.502658 0.508013 0.601769 0.674200 0.581543 0.549897 0.626080 0.421378 0.670279 0.375145 0.394388 0.339719 0.287424 0.751217 0.940803 0.770280 0.690684 0.869528 0.755242 0.566733 0.498627 0.475170 0.478327 0.810901 0.895754 0.485442 0.513164 0.480957 0.411045 0.274685 0.424625 0.576237 0.635851 0.795880 0.995385 0.924703 0.867670 0.977913 0.640303 0.742655 0.963741 0.971821 0.765697 0.994812 0.809218 0.644568 0.918287 0.450439 0.409462 0.586640 0.764150 0.402376 0.447354 0.715239 0.714926 0.977076 0.851892 0.627325 0.971635 0.833785 0.564022 0.573140 0.856343 0.735409 0.820598
0.245592 0.327425 0.841756 0.822341 0.771784 0.752775 0.687508 0.290301 0.978159 0.333959 0.000000 0.231339 0.295793 0.303047 0.514835 0.573985 0.270631 0.248684 0.322876 0.368101 0.939424 0.971365 0.942951 0.824739 0.560086 0.825250 0.876614 0.995991 0.278824 0.266303 0.707526 0.743662 0.495415 0.433196 0.752816 0.791228 0.941419 0.986748 0.900976 0.857615 0.651544 0.806493 0.519872 0.445468 0.681491 0.459962 0.496706 0.488128 0.308805 0.363259 0.404217 0.393452 0.494499 0.538330 0.720706 0.624702 0.492042 0.465654 0.337569 0.424185 0.384407 0.313864 0.234164 0.210687 0.560019 0.916982 0.950818 0.863155 0.808270 0.699519 0.677551 0.631309 0.425450 0.448737 0.803866 0.809227 0.442634 0.564146 0.445065 0.436452 0.306466 0.361837 0.600420 0.760451 0.888310 0.956088 0.699939 0.872018 0.897480 0.693278 0.714949 0.879498 0.884329 0.608246 0.911968 0.768139 0.727062 0.784398 0.490869 0.551984 0.568010 0.795561 0.486222 0.530993 0.774908 0.803036 0.989616 0.926428 0.683584 0.898151 0.965631 0.693725 0.608730 0.894322 0.729830 0.813080
0.221800 0.276108 0.697929 0.875687 0.790356 0.721572 0.854184 0.307426 0.929048 0.396026 0.231339 0.000000 0.349841 0.232132 0.503987 0.531203 0.294049 0.261007 0.337015 0.301966 0.966218 0.969293 0.994048 0.978304 0.529723 0.693137 0.938545 0.983039 0.319609 0.307725 0.760548 0.805582 0.602160 0.457852 0.637193 0.640513 0.939549 0.974574 0.889114 0.881414 0.739638 0.893102 0.619999 0.511158 0.784050 0.513733 0.546566 0.550548 0.278344 0.311013 0.435623 0.397512 0.522042 0.598487 0.828010 0.656924 0.463078 0.401265 0.421149 0.361933 0.541280 0.286212 0.248927 0.220917 0.444103 0.905044 0.861689 0.959512 0.763869 0.646705 0.611578 0.668449 0.453626 0.493855 0.787181 0.844736 0.388455 0.595249 0.556001 0.414851 0.325844 0.337388 0.603429 0.830666 0.857883 0.829914 0.688514 0.948647 0.863208 0.714971 0.821870 0.763363 0.767902 0.528233 0.869917 0.724530 0.877349 0.683351 0.562560 0.664199 0.650464 0.913709 0.507524 0.658596 0.845362 0.869850 0.951498 0.980842 0.664034 0.939323 0.990371 0.796380 0.668139 0.983443 0.784983 0.782044
0.381883 0.511704 0.999896 0.791151 0.798420 0.738425 0.586758 0.385494 0.952177 0.414265 0.295793 0.349841 0.000000 0.369276 0.379479 0.463878 0.394462 0.379587 0.410298 0.557771 0.946699 0.940467 0.884286 0.903689 0.599268 0.807123 0.947021 0.954233 0.391418 0.324119 0.622460 0.704921 0.460018 0.472964 0.831055 0.803901 0.968542 0.850792 0.963061 0.934008 0.828942 0.863515 0.454182 0.389183 0.648101 0.468866 0.490995 0.491187 0.442161 0.428017 0.452843 0.443056 0.515899 0.534775 0.784400 0.718464 0.564626 0.593442 0.356496 0.480898 0.368343 0.482427 0.265663 0.286056 0.740766 0.897723 0.761491 0.745949 0.993790 0.833697 0.611832 0.622972 0.553449 0.545458 0.848623 0.827738 0.477742 0.447136 0.483693 0.512684 0.454539 0.526909 0.597784 0.828188 0.970187 0.966132 0.800375 0.841400 0.998489 0.770886 0.702016 0.957322 0.948827 0.694051 0.998632 0.723816 0.716552 0.846056 0.472471 0.522611 0.528839 0.753513 0.411196 0.488032 0.619170 0.643072 0.993019 0.878808 0.668660 0.852082 0.930060 0.711121 0.569502 0.852441 0.601737 0.823759
0.320687 0.413189 0.748313 0.856018 0.816431 0.700182 0.836075 0.356012 0.923035 0.448368 0.303047 0.232132 0.369276 0.000000 0.417046 0.409779 0.397727 0.365813 0.373370 0.397274 0.966981 0.968039 0.833364 0.869478 0.520374 0.666791 0.948084 0.939771 0.344829 0.327755 0.709462 0.781161 0.570975 0.460225 0.687749 0.650159 0.918030 0.947469 0.839148 0.878911 0.854212 0.843042 0.627668 0.543647 0.787872 0.525218 0.617847 0.599772 0.382051 0.361353 0.474131 0.453230 0.592801 0.634521 0.881504 0.769830 0.593832 0.521553 0.472533 0.447255 0.574134 0.337490 0.272331 0.280006 0.509411 0.973814 0.957963 0.984114 0.830946 0.713977 0.583344 0.673869 0.481275 0.492164 0.727436 0.772493 0.487217 0.633893 0.606561 0.516816 0.415338 0.416646 0.633664 0.862076 0.813124 0.736019 0.706712 0.982027 0.849419 0.737261 0.872238 0.769960 0.746495 0.518966 0.999928 0.814599 0.973116 0.630155 0.644021 0.666468 0.683038 0.878495 0.577190 0.617964 0.792329 0.819534 0.962183 0.993128 0.668203 0.973431 0.914785 0.811683 0.724537 0.999409 0.855108 0.799252
0.576860 0.713428 0.955937 0.764938 0.986991 0.768400 0.678453 0.563942 0.963295 0.531170 0.514835 0.503987 0.379479 0.417046 0.000000 0.358352 0.542169 0.541899 0.521039 0.678686 0.934528 0.953691 0.616663 0.821680 0.638729 0.852434 0.951358 0.907587 0.492575 0.403287 0.535885 0.628971 0.478823 0.469067 0.930553 0.798912 0.909954 0.895276 0.984705 0.971084 0.930867 0.891504 0.551462 0.501753 0.679637 0.486895 0.710070 0.555150 0.590731 0.581790 0.630609 0.636050 0.684416 0.745066 0.877406 0.861346 0.697207 0.693594 0.544897 0.641185 0.518541 0.539849 0.349004 0.420095 0.944521 0.961806 0.710432 0.736775 0.965546 0.844439 0.665020 0.678255 0.710489 0.776217 0.941941 0.856184 0.632679 0.625320 0.623550 0.635494 0.539891 0.647898 0.643965 0.827968 0.738186 0.717213 0.945941 0.959406 0.972378 0.711743 0.930686 0.849037 0.782828 0.661874 0.917916 0.819026 0.921458 0.773559 0.710214 0.699640 0.694531 0.826315 0.670840 0.559639 0.769759 0.733316 0.978157 0.955423 0.712568 0.965585 0.997796 0.873408 0.717158 0.859597 0.709601 0.893290
0.663995 0.754516 0.898070 0.907199 0.998670 0.703603 0.854322 0.659477 0.980996 0.666741 0.573985 0.531203 0.463878 0.409779 0.358352 0.000000 0.654482 0.659975 0.575010 0.772630 0.959943 0.972434 0.682904 0.707920 0.594329 0.689612 0.950727 0.930406 0.603544 0.483496 0.667308 0.798707 0.654287 0.654433 0.827362 0.870837 0.927250 0.801799 0.957339 0.995213 0.997536 0.994840 0.639155 0.607691 0.893156 0.697945 0.774960 0.696822 0.682822 0.665776 0.738297 0.737650 0.853743 0.867003 0.997742 0.941735 0.801164 0.791325 0.642486 0.649893 0.701200 0.647459 0.457681 0.496822 0.790116 0.995264 0.910977 0.890731 0.931390 0.874926 0.646623 0.701529 0.801278 0.725508 0.881398 0.824444 0.758564 0.606407 0.735437 0.677253 0.656996 0.699780 0.812310 0.940690 0.828338 0.683171 0.892885 0.962465 0.939090 0.879086 0.967106 0.775373 0.720654 0.629956 0.996012 0.815934 0.967971 0.692150 0.878453 0.857632 0.768521 0.928763 0.722108 0.684627 0.836925 0.726294 0.923757 0.932291 0.739848 0.891472 0.990937 0.974218 0.802199 0.900727 0.811111 0.903231
0.271074 0.283462 0.890977 0.819611 0.717122 0.882815 0.694074 0.349874 0.948709 0.322314 0.270631 0.294049 0.394462 0.397727 0.542169 0.654482 0.000000 0.179900 0.304243 0.322878 0.850648 0.903318 0.956127 0.814888 0.682922 0.789236 0.801489 0.976731 0.270386 0.221194 0.619220 0.606980 0.426983 0.329891 0.822621 0.903325 0.829174 0.915604 0.991403 0.769832 0.590805 0.792838 0.541383 0.413664 0.583455 0.378847 0.451727 0.442192 0.298149 0.459467 0.500896 0.545289 0.600421 0.699556 0.682966 0.636354 0.305811 0.352355 0.472227 0.559726 0.508973 0.438378 0.264984 0.219717 0.560550 0.731539 0.975965 0.856887 0.733006 0.641042 0.671889 0.616313 0.449361 0.537829 0.830473 0.930688 0.464027 0.515582 0.420311 0.371097 0.216313 0.273987 0.524514 0.563732 0.764257 0.902962 0.754843 0.991001 0.820851 0.706636 0.971844 0.713379 0.752008 0.500595 0.890287 0.754321 0.766297 0.761567 0.549715 0.613710 0.720701 0.928096 0.497847 0.556469 0.837762 0.863881 0.835168 0.961350 0.702086 0.895960 0.934709 0.743167 0.558936 0.918101 0.760324 0.786149
0.246402 0.260355 0.875076 0.821603 0.719396 0.857525 0.707662 0.329890 0.899319 0.320864 0.248684 0.261007 0.379587 0.365813 0.541899 0.659975 0.179900 0.000000 0.276963 0.303336 0.888071 0.902991 0.994251 0.856719 0.687965 0.813719 0.769551 0.989736 0.242613 0.227057 0.626188 0.645220 0.435408 0.348734 0.831440 0.820134 0.866283 0.924092 0.963554 0.820427 0.571386 0.810813 0.541446 0.403307 0.606260 0.380407 0.501552 0.418742 0.292447 0.421993 0.467801 0.490044 0.552497 0.634429 0.649193 0.602824 0.312797 0.340395 0.458061 0.522189 0.477329 0.417946 0.248664 0.208900 0.546310 0.756671 0.987920 0.880832 0.728168 0.664945 0.672520 0.613504 0.437659 0.485719 0.846164 0.860093 0.420116 0.513711 0.413570 0.348918 0.224832 0.274856 0.539760 0.621189 0.803413 0.930302 0.740261 0.990434 0.805377 0.748453 0.910880 0.732057 0.747213 0.515915 0.897303 0.750416 0.777681 0.788254 0.533752 0.574647 0.697975 0.882135 0.469832 0.571308 0.772397 0.890430 0.878353 0.993069 0.741211 0.945889 0.902403 0.744483 0.531813 0.888582 0.761932 0.837356
0.351655 0.369884 0.854165 0.800796 0.653358 0.829226 0.684298 0.390741 0.890044 0.409733 0.322876 0.337015 0.410298 0.373370 0.521039 0.575010 0.304243 0.276963 0.000000 0.309986 0.897571 0.962356 0.867203 0.992175 0.690788 0.723683 0.885078 0.881059 0.306456 0.283034 0.622747 0.663732 0.448506 0.393796 0.753273 0.796495 0.942474 0.930249 0.964975 0.962786 0.662480 0.865889 0.631348 0.486228 0.644945 0.465291 0.541060 0.482258 0.384851 0.422756 0.504388 0.530147 0.622191 0.660070 0.636014 0.607913 0.398346 0.427938 0.548330 0.629274 0.599993 0.455739 0.334797 0.313335 0.546689 0.716100 0.989874 0.906128 0.686816 0.568795 0.606807 0.676758 0.467345 0.475544 0.840050 0.856767 0.421492 0.587826 0.433301 0.372733 0.309273 0.352070 0.556159 0.573001 0.829727 0.939964 0.773000 0.912132 0.809102 0.748825 0.956817 0.732641 0.717320 0.553623 0.863942 0.695800 0.838867 0.706378 0.681662 0.698257 0.704846 0.920673 0.544515 0.567022 0.787250 0.825216 0.995277 0.898718 0.731022 0.967547 0.992581 0.810068 0.636904 0.836867 0.914153 0.722519
0.295588 0.278010 0.747063 0.801756 0.722169 0.886579 0.908325 0.400431 0.833202 0.503899 0.368101 0.301966 0.557771 0.397274 0.678686 0.772630 0.322878 0.303336 0.309986 0.000000 0.943315 0.990227 0.919173 0.960842 0.750957 0.818066 0.982544 0.927247 0.338018 0.364548 0.762380 0.747752 0.625832 0.468114 0.686857 0.712515 0.948783 0.889014 0.944161 0.850763 0.627413 0.824263 0.824286 0.659138 0.823124 0.560212 0.637993 0.602539 0.341712 0.382081 0.555751 0.540037 0.652800 0.736630 0.751996 0.657330 0.370331 0.325644 0.597453 0.548704 0.773482 0.408539 0.428030 0.381472 0.458497 0.726541 0.733638 0.858336 0.530581 0.465538 0.744803 0.865713 0.467075 0.558081 0.810900 0.930559 0.453382 0.705814 0.585593 0.430364 0.304784 0.273504 0.477418 0.624776 0.767359 0.825075 0.715030 0.894858 0.730684 0.779426 0.973234 0.654544 0.726101 0.503981 0.855209 0.814684 0.943668 0.700622 0.753316 0.845215 0.846915 0.979686 0.664371 0.810249 0.869863 0.989744 0.990375 0.869420 0.828949 0.983226 0.913419 0.853325 0.698826 0.904477 0.973397 0.754866
0.964168 0.980108 0.847922 0.923824 0.993436 0.863953 0.892037 0.949258 0.950741 0.819250 0.939424 0.966218 0.946699 0.966981 0.934528 0.959943 0.850648 0.888071 0.897571 0.943315 0.000000 0.920155 0.885864 0.956013 0.933085 0.994913 0.902501 0.942900 0.941784 0.940836 0.744488 0.790458 0.891051 0.888522 0.994759 0.872303 0.771151 0.908794 0.764747 0.833878 0.867180 0.951271 0.870299 0.812953 0.811731 0.816779 0.821338 0.822810 0.907807 0.926929 0.967686 0.905694 0.858405 0.832293 0.854556 0.900233 0.855317 0.984228 0.965100 0.882607 0.987162 0.977724 0.963771 0.956367 0.888172 0.923340 0.997431 0.943606 0.929467 0.907373 0.902950 0.879207 0.966367 0.915279 0.859711 0.965960 0.968290 0.908247 0.984015 0.803034 0.822621 0.836850 0.783775 0.783461 0.726038 0.974480 0.990186 0.930060 0.991595 0.956949 0.829003 0.944498 0.954179 0.958662 0.943963 0.932603 0.933028 0.923315 0.934342 0.930231 0.996417 0.947073 0.877819 0.860080 0.951136 0.872658 0.841720 0.902152 0.990487 0.825367 0.906217 0.971196 0.944501 0.989846 0.956030 0.960840
0.997430 0.920818 0.962710 0.893222 0.937614 0.956023 0.988741 0.963935 0.917941 0.977069 0.971365 0.969293 0.940467 0.968039 0.953691 0.972434 0.903318 0.902991 0.962356 0.990227 0.920155 0.000000 0.993652 0.907702 0.935586 0.994289 0.776661 0.862574 0.993929 0.947282 0.997101 0.991890 0.981246 0.929693 0.951857 0.717249 0.902650 0.730864 0.923098 0.996747 0.939029 0.822839 0.948302 0.960004 0.905555 0.949941 0.911244 0.929076 0.915540 0.964160 0.993404 0.947941 0.953600 0.971399 0.976499 0.927013 0.996296 0.999419 0.835847 0.996182 0.992302 0.988670 0.997334 0.970333 0.960960 0.974548 0.996905 0.959289 0.880987 0.842617 0.983149 0.995497 0.982368 0.934285 0.946308 0.974021 0.978956 0.986057 0.857696 0.963406 0.891553 0.910970 0.908365 0.857682 0.869490 0.926850 0.932602 0.930414 0.929570 0.932367 0.906194 0.845922 0.868640 0.942792 0.891867 0.899324 0.884697 0.928452 0.934995 0.955157 0.978975 0.900154 0.946736 0.866943 0.835700 0.980405 0.925460 0.807258 0.906241 0.928377 0.944651 0.960531 0.949331 0.840152 0.895099 0.968312
0.936814 0.892967 0.685462 0.643167 0.951025 0.826576 0.875688 0.993091 0.798404 0.897421 0.942951 0.994048 0.884286 0.833364 0.616663 0.682904 0.956127 0.994251 0.867203 0.919173 0.885864 0.993652 0.000000 0.409614 0.878163 0.967752 0.883614 0.785380 0.904251 0.874504 0.696066 0.842192 0.738473 0.886126 0.946065 0.980868 0.781927 0.940615 0.949930 0.966942 0.851736 0.860930 0.904069 0.952026 0.945090 0.899556 0.935416 0.988654 0.948226 0.949181 0.889206 0.810096 0.800674 0.746265 0.892170 0.800052 0.943417 0.978414 0.967622 0.833626 0.945576 0.950071 0.942523 0.998235 0.737217 0.950428 0.859941 0.967815 0.849952 0.881024 0.941898 0.930585 0.957770 0.932267 0.952596 0.957794 0.838709 0.940908 0.934268 0.973363 0.934513 0.885037 0.778130 0.786047 0.525683 0.498001 0.803409 0.588406 0.934903 0.875686 0.658301 0.713935 0.759334 0.759413 0.854110 0.902753 0.922831 0.818248 0.749250 0.805361 0.764309 0.865257 0.859663 0.956630 0.887052 0.889032 0.903806 0.723213 0.991864 0.942080 0.932569 0.812838 0.944787 0.964097 0.859677 0.909602
0.843988 0.821811 0.953683 0.851980 0.891850 0.970645 0.851610 0.840503 0.763748 0.924224 0.824739 0.978304 0.903689 0.869478 0.821680 0.707920 0.814888 0.856719 0.992175 0.960842 0.956013 0.907702 0.409614 0.000000 0.966030 0.909525 0.963970 0.773546 0.930410 0.947848 0.938099 0.936476 0.947366 0.900450 0.929649 0.848699 0.960157 0.904352 0.839433 0.977539 0.742085 0.909201 0.808402 0.809538 0.843153 0.907029 0.734140 0.849330 0.861159 0.894108 0.793059 0.766929 0.737930 0.721216 0.682966 0.748367 0.835170 0.907970 0.819090 0.899404 0.759592 0.911833 0.906418 0.879858 0.880560 0.974175 0.899889 0.760376 0.936094 0.997496 0.962040 0.925949 0.749769 0.850018 0.864903 0.961348 0.747833 0.833890 0.746080 0.878981 0.875209 0.965110 0.970499 0.946088 0.723226 0.536501 0.893339 0.614297 0.940047 0.992640 0.653922 0.700619 0.694130 0.804246 0.976219 0.950556 0.746801 0.758398 0.588086 0.681526 0.758019 0.779546 0.717713 0.845439 0.985812 0.966831 0.989773 0.687660 0.976278 0.835185 0.933172 0.770814 0.731561 0.913033 0.705845 0.958398
0.651831 0.731972 0.726150 0.906244 0.971208 0.622629 0.882808 0.640644 0.902915 0.708297 0.560086 0.529723 0.599268 0.520374 0.638729 0.594329 0.682922 0.687965 0.690788 0.750957 0.933085 0.935586 0.878163 0.966030 0.000000 0.550036 0.849583 0.928225 0.647850 0.608365 0.982471 0.882272 0.793192 0.748279 0.763859 0.759851 0.806268 0.937318 0.861826 0.992525 0.938927 0.871175 0.671194 0.674346 0.956439 0.830742 0.663771 0.790545 0.670854 0.615173 0.595689 0.609680 0.680465 0.625058 0.757387 0.835310 0.907126 0.871310 0.711860 0.616102 0.691005 0.572331 0.572648 0.570969 0.562754 0.947768 0.958849 0.905549 0.979512 0.984210 0.725156 0.695294 0.610757 0.614040 0.812047 0.813800 0.719644 0.706424 0.754125 0.732077 0.764169 0.852970 0.893000 0.824782 0.833001 0.989222 0.728230 0.734527 0.737491 0.941511 0.740864 0.902519 0.888248 0.869609 0.946054 0.783825 0.846193 0.804920 0.677974 0.704842 0.659910 0.805660 0.760406 0.729006 0.992793 0.862011 0.966740 0.923944 0.821036 0.879521 0.913465 0.812295 0.901381 0.986347 0.729064 0.817988
0.868636 0.840558 0.440470 0.678711 0.853986 0.916380 0.751641 0.978773 0.823309 0.912859 0.825250 0.693137 0.807123 0.666791 0.852434 0.689612 0.789236 0.813719 0.723683 0.818066 0.994913 0.994289 0.967752 0.909525 0.550036 0.000000 0.972652 0.997875 0.884709 0.788545 0.767079 0.827261 0.905083 0.976155 0.564741 0.832028 0.901815 0.833243 0.782885 0.946222 0.966635 0.895833 0.915465 0.986641 0.746366 0.880383 0.850945 0.891845 0.940234 0.916615 0.975587 0.984292 0.898621 0.933156 0.989932 0.973728 0.834073 0.832869 0.870915 0.858564 0.892875 0.974651 0.780361 0.777302 0.520283 0.658433 0.766589 0.731028 0.960041 0.953347 0.847819 0.736527 0.852623 0.927281 0.905967 0.983132 0.881250 0.950178 0.855199 0.929444 0.932955 0.843248 0.872336 0.920890 0.764804 0.991656 0.720401 0.852274 0.682007 0.997571 0.749354 0.710777 0.572145 0.666184 0.774654 0.801865 0.990146 0.658379 0.960386 0.915408 0.911201 0.716616 0.972862 0.906079 0.839123 0.855557 0.862327 0.789426 0.892974 0.920246 0.814625 0.925947 0.840320 0.924974 0.894329 0.779477
0.947596 0.932150 0.841840 0.879620 0.954808 0.851668 0.684735 0.816680 0.897944 0.740407 0.876614 0.938545 0.947021 0.948084 0.951358 0.950727 0.801489 0.769551 0.885078 0.982544 0.902501 0.776661 0.883614 0.963970 0.849583 0.972652 0.000000 0.940894 0.818302 0.842520 0.942145 0.784722 0.816601 0.798011 0.689605 0.968174 0.992370 0.881530 0.873698 0.935408 0.803977 0.989402 0.640346 0.704434 0.705984 0.778182 0.847932 0.708203 0.872480 0.945935 0.811404 0.918910 0.833176 0.811419 0.634535 0.766121 0.999220 0.910836 0.919923 0.931790 0.736064 0.889370 0.816201 0.813140 0.955390 0.938265 0.688265 0.688377 0.807692 0.703750 0.828600 0.707239 0.828786 0.780893 0.985534 0.937109 0.826397 0.923998 0.813725 0.785994 0.810006 0.903922 0.902334 0.840081 0.992761 0.909287 0.850856 0.853248 0.872127 0.988121 0.820954 0.843806 0.808131 0.922858 0.908816 0.971465 0.811140 0.773661 0.668981 0.629891 0.810322 0.748753 0.831835 0.750286 0.920416 0.944712 0.951572 0.780576 0.876365 0.931423 0.921517 0.804711 0.683973 0.971060 0.810759 0.878606
0.942919 0.943950 0.929238 0.914998 0.850517 0.945686 0.987737 0.956614 0.902632 0.981243 0.995991 0.983039 0.954233 0.939771 0.907587 0.930406 0.976731 0.989736 0.881059 0.927247 0.942900 0.862574 0.785380 0.773546 0.928225 0.997875 0.940894 0.000000 0.945755 0.934178 0.968224 0.798231 0.981731 0.983967 0.901496 0.878686 0.854345 0.917528 0.960032 0.858793 0.958973 0.980044 0.971721 0.945966 0.954980 0.968917 0.931790 0.968970 0.940361 0.981742 0.972647 0.970980 0.962335 0.982219 0.961640 0.964982 0.969738 0.979278 0.899405 0.934306 0.905031 0.998132 0.952716 0.976168 0.999129 0.935360 0.965580 0.943771 0.851867 0.909581 0.978101 0.980717 0.974153 0.939067 0.863867 0.972830 0.961765 0.990664 0.997956 0.919321 0.999053 0.969010 0.869377 0.963321 0.954153 0.999092 0.899793 0.940669 0.813995 0.790840 0.925401 0.960782 0.924433 0.936718 0.971280 0.811270 0.950599 0.825932 0.818334 0.953615 0.822251 0.949404 0.968284 0.910520 0.859149 0.951137 0.950251 0.921490 0.979723 0.989133 0.965657 0.934400 0.920542 0.819085 0.981714 0.968726
0.283128 0.302832 0.905522 0.793910 0.789183 0.739250 0.701838 0.327469 0.995891 0.331226 0.278824 0.319609 0.391418 0.344829 0.492575 0.603544 0.270386 0.242613 0.306456 0.338018 0.941784 0.993929 0.904251 0.930410 0.647850 0.884709 0.818302 0.945755 0.000000 0.221754 0.549141 0.536778 0.401605 0.320458 0.865417 0.861543 0.883201 0.898414 0.865468 0.840853 0.645466 0.760621 0.538246 0.410513 0.598326 0.357333 0.523699 0.451580 0.290880 0.351619 0.384769 0.418235 0.480429 0.549528 0.663437 0.549760 0.418483 0.391320 0.451472 0.508507 0.484067 0.353444 0.272942 0.244689 0.554341 0.833469 0.954373 0.865106 0.743971 0.616854 0.700761 0.675697 0.417242 0.456708 0.748869 0.860196 0.472043 0.507636 0.403914 0.347941 0.253956 0.336116 0.509551 0.637071 0.758296 0.893235 0.861613 0.995434 0.809287 0.738805 0.833313 0.773886 0.829628 0.565261 0.904543 0.775435 0.767772 0.741763 0.579821 0.583891 0.676030 0.807532 0.496779 0.544032 0.668229 0.838930 0.964414 0.996671 0.756853 0.961818 0.911912 0.765876 0.561259 0.830581 0.849703 0.793758
0.298263 0.341148 0.896159 0.840022 0.805924 0.739329 0.647953 0.350602 0.997266 0.311868 0.266303 0.307725 0.324119 0.327755 0.403287 0.483496 0.221194 0.227057 0.283034 0.364548 0.940836 0.947282 0.874504 0.947848 0.608365 0.788545 0.842520 0.934178 0.221754 0.000000 0.494882 0.552452 0.375355 0.290131 0.826420 0.847694 0.857974 0.962526 0.937167 0.852306 0.640315 0.793665 0.467589 0.335888 0.563958 0.341159 0.470229 0.403213 0.309100 0.393612 0.431590 0.465750 0.520939 0.598044 0.681527 0.661002 0.393385 0.402215 0.469680 0.525676 0.471896 0.412512 0.234659 0.205297 0.573395 0.785437 0.923745 0.801203 0.816674 0.627268 0.662551 0.590521 0.466069 0.492190 0.874083 0.884578 0.480294 0.479874 0.385732 0.358089 0.236368 0.350800 0.526868 0.599798 0.812610 0.891069 0.786741 0.965484 0.807394 0.787213 0.933239 0.732601 0.716448 0.487373 0.909945 0.760270 0.755164 0.681803 0.613530 0.605929 0.643638 0.839274 0.506059 0.514444 0.755238 0.830241 0.975659 0.989136 0.658564 0.933215 0.914266 0.710896 0.557497 0.804122 0.738069 0.815028
0.658279 0.731857 0.665904 0.686730 0.932380 0.848986 0.513872 0.578974 0.855523 0.489360 0.707526 0.760548 0.622460 0.709462 0.535885 0.667308 0.619220 0.626188 0.622747 0.762380 0.744488 0.997101 0.696066 0.938099 0.982471 0.767079 0.942145 0.968224 0.549141 0.494882 0.000000 0.380448 0.436745 0.469480 0.866015 0.901556 0.794059 0.885982 0.838722 0.969533 0.822062 0.767019 0.452503 0.391689 0.388606 0.330876 0.672658 0.459537 0.587601 0.666531 0.588152 0.653066 0.605035 0.692108 0.739071 0.747684 0.689030 0.753370 0.801630 0.860973 0.580987 0.666119 0.596110 0.589840 0.947896 0.950296 0.708050 0.550791 0.989870 0.812366 0.710648 0.721079 0.780317 0.669077 0.837345 0.949147 0.669138 0.531967 0.650139 0.591254 0.524369 0.736352 0.771966 0.676305 0.697449 0.882974 0.941124 0.884015 0.852371 0.729985 0.901562 0.950387 0.956912 0.832536 0.765364 0.900754 0.843961 0.915054 0.713498 0.641327 0.635453 0.696370 0.602958 0.497244 0.635905 0.708083 0.958826 0.927938 0.784097 0.903086 0.764243 0.742947 0.521115 0.812521 0.761282 0.996527
0.692850 0.748854 0.768027 0.757706 0.758046 0.808251 0.548356 0.623758 0.836276 0.542022 0.743662 0.805582 0.704921 0.781161 0.628971 0.798707 0.606980 0.645220 0.663732 0.747752 0.790458 0.991890 0.842192 0.936476 0.882272 0.827261 0.784722 0.798231 0.536778 0.552452 0.380448 0.000000 0.445042 0.481126 0.774925 0.957219 0.831610 0.811272 0.753789 0.908397 0.805777 0.783206 0.495408 0.465783 0.441335 0.404393 0.665344 0.469729 0.618376 0.688808 0.580692 0.672508 0.636883 0.679369 0.748100 0.641718 0.711732 0.789251 0.856838 0.910774 0.676958 0.671188 0.652771 0.632918 0.952745 0.996749 0.753779 0.627224 0.977301 0.742061 0.639881 0.693516 0.728398 0.713970 0.781056 0.945818 0.666448 0.558818 0.644576 0.572639 0.525193 0.741693 0.735201 0.744240 0.792367 0.941249 0.784613 0.846834 0.985255 0.777679 0.881942 0.992904 0.966514 0.890187 0.925079 0.939889 0.799636 0.994463 0.727345 0.623985 0.751066 0.775571 0.596702 0.556947 0.589140 0.803734 0.941142 0.869726 0.784076 0.887022 0.776394 0.649028 0.609988 0.702075 0.817941 0.953425
0.543837 0.633022 0.680358 0.594443 0.903677 0.749018 0.396026 0.463163 0.925960 0.414714 0.495415 0.602160 0.460018 0.570975 0.478823 0.654287 0.426983 0.435408 0.448506 0.625832 0.891051 0.981246 0.738473 0.947366 0.793192 0.905083 0.816601 0.981731 0.401605 0.375355 0.436745 0.445042 0.000000 0.384364 0.876974 0.941342 0.730452 0.809351 0.915323 0.852151 0.754828 0.802539 0.443846 0.396498 0.395933 0.352779 0.656944 0.406085 0.548869 0.630083 0.546259 0.636751 0.647226 0.669041 0.666883 0.777017 0.589716 0.687681 0.629134 0.826235 0.440835 0.579291 0.438423 0.441008 0.953738 0.992945 0.603509 0.545902 0.906693 0.737147 0.679317 0.603687 0.577668 0.592178 0.858338 0.927743 0.618517 0.509511 0.486709 0.440247 0.396347 0.583422 0.632400 0.541002 0.706909 0.884843 0.953372 0.971677 0.997790 0.744511 0.848330 0.950166 0.971785 0.796154 0.996516 0.859150 0.717329 0.951719 0.633309 0.558366 0.659435 0.688198 0.576927 0.429076 0.627309 0.688617 0.968613 0.935140 0.697400 0.964959 0.818521 0.660872 0.538122 0.812004 0.767665 0.899040
0.398822 0.474569 0.931638 0.734106 0.825671 0.840556 0.519196 0.392467 0.965300 0.408997 0.433196 0.457852 0.472964 0.460225 0.469067 0.654433 0.329891 0.348734 0.393796 0.468114 0.888522 0.929693 0.886126 0.900450 0.748279 0.976155 0.798011 0.983967 0.320458 0.290131 0.469480 0.481126 0.384364 0.000000 0.979034 0.917053 0.863238 0.781455 0.938979 0.868236 0.723516 0.777937 0.450912 0.325412 0.415709 0.300955 0.539057 0.395813 0.390258 0.475760 0.462001 0.520161 0.514534 0.605508 0.716951 0.640357 0.499098 0.513070 0.584714 0.674759 0.481102 0.461961 0.329238 0.340442 0.712153 0.916518 0.776702 0.633087 0.848940 0.710294 0.635968 0.589603 0.523937 0.548136 0.856878 0.922090 0.478549 0.550830 0.417470 0.419907 0.327620 0.494455 0.570845 0.526479 0.767819 0.937274 0.902090 0.928302 0.907082 0.763336 0.901094 0.844026 0.844386 0.687867 0.997172 0.710463 0.823709 0.915467 0.583085 0.566134 0.667398 0.750794 0.532763 0.501046 0.752675 0.819333 0.964485 0.947558 0.666107 0.988967 0.884210 0.680985 0.545043 0.835246 0.747922 0.856726
0.753661 0.730757 0.443951 0.827228 0.906687 0.915281 0.682742 0.878663 0.775111 0.904525 0.752816 0.637193 0.831055 0.687749 0.930553 0.827362 0.822621 0.831440 0.753273 0.686857 0.994759 0.951857 0.946065 0.929649 0.763859 0.564741 0.689605 0.901496 0.865417 0.826420 0.866015 0.774925 0.876974 0.979034 0.000000 0.834173 0.954638 0.852213 0.883613 0.962772 0.880086 0.884549 0.847346 0.996424 0.796431 0.984393 0.942436 0.969742 0.770505 0.725586 0.933091 0.862563 0.968483 0.996961 0.929061 0.990603 0.798204 0.707265 0.863557 0.695182 0.871521 0.819247 0.804286 0.751474 0.550036 0.751473 0.593771 0.621564 0.817002 0.727723 0.727692 0.918246 0.870034 0.982882 0.988827 0.961600 0.894834 0.989999 0.976569 0.903156 0.876227 0.787411 0.803384 0.942504 0.853428 0.985418 0.766531 0.916237 0.888021 0.923941 0.837997 0.726860 0.728632 0.629525 0.892673 0.901082 0.919538 0.616543 0.959949 0.811821 0.987483 0.732088 0.972511 0.863849 0.733568 0.828366 0.873975 0.863733 0.941617 0.988109 0.958549 0.931479 0.772819 0.996148 0.790576 0.818185
0.673963 0.731530 0.717194 0.924168 0.923960 0.829008 0.975244 0.717857 0.924458 0.852168 0.791228 0.640513 0.803901 0.650159 0.798912 0.870837 0.903325 0.820134 0.796495 0.712515 0.872303 0.717249 0.980868 0.848699 0.759851 0.832028 0.968174 0.878686 0.861543 0.847694 0.901556 0.957219 0.941342 0.917053 0.834173 0.000000 0.799925 0.812773 0.980243 0.876886 0.970318 0.888988 0.914770 0.875492 0.964250 0.876170 0.873934 0.830107 0.743399 0.615308 0.712232 0.633509 0.696342 0.745602 0.968251 0.782763 0.838399 0.798531 0.741887 0.622578 0.887725 0.665362 0.770101 0.775220 0.753173 0.958942 0.793315 0.862875 0.912368 0.804025 0.778295 0.953176 0.888817 0.922735 0.975423 0.843250 0.668113 0.974901 0.945133 0.906077 0.895407 0.878565 0.887156 0.868555 0.960989 0.894457 0.706965 0.845751 0.993391 0.959810 0.878211 0.988210 0.883469 0.838463 0.851218 0.997731 0.954450 0.781717 0.851747 0.903595 0.863767 0.974648 0.801111 0.971880 0.913967 0.952072 0.959701 0.904111 0.826121 0.885714 0.982497 0.988753 0.938429 0.913213 0.936523 0.924144
0.947199 0.950933 0.868460 0.937309 0.898482 0.946354 0.858884 0.907219 0.963982 0.774097 0.941419 0.939549 0.968542 0.918030 0.909954 0.927250 0.829174 0.866283 0.942474 0.948783 0.771151 0.902650 0.781927 0.960157 0.806268 0.901815 0.992370 0.854345 0.883201 0.857974 0.794059 0.831610 0.730452 0.863238 0.954638 0.799925 0.000000 0.760194 0.909800 0.707518 0.841298 0.812710 0.909701 0.895365 0.787725 0.856348 0.978356 0.990988 0.949123 0.917900 0.995958 0.918391 0.886230 0.879556 0.980513 0.956694 0.904825 0.949069 0.965372 0.912813 0.928020 0.921928 0.913945 0.873941 0.881642 0.872031 0.922812 0.962200 0.920969 0.896044 0.840121 0.884366 0.964064 0.985478 0.903196 0.945644 0.979529 0.783119 0.913756 0.822372 0.778166 0.736526 0.812735 0.821697 0.647357 0.712135 0.861032 0.867374 0.946343 0.731594 0.865673 0.861172 0.861757 0.881668 0.999148 0.899597 0.827384 0.986704 0.982833 0.922380 0.978328 0.885608 0.928433 0.897740 0.992349 0.895618 0.845656 0.936975 0.791764 0.947564 0.839122 0.808546 0.925064 0.964147 0.933849 0.913086
0.965320 0.966726 0.844736 0.881004 0.924383 0.992357 0.768336 0.920397 0.960841 0.818459 0.986748 0.974574 0.850792 0.947469 0.895276 0.801799 0.915604 0.924092 0.930249 0.889014 0.908794 0.730864 0.940615 0.904352 0.937318 0.833243 0.881530 0.917528 0.898414 0.962526 0.885982 0.811272 0.809351 0.781455 0.852213 0.812773 0.760194 0.000000 0.946354 0.918389 0.828128 0.816055 0.840652 0.906545 0.656184 0.847070 0.974534 0.875482 0.940959 0.925701 0.912653 0.971484 0.941159 0.932096 0.831810 0.836832 0.926272 0.853944 0.920671 0.730206 0.914570 0.862465 0.911850 0.996274 0.991170 0.771281 0.847515 0.764194 0.930278 0.981319 0.903592 0.766211 0.744167 0.774535 0.991325 0.983731 0.898915 0.983758 0.952079 0.883286 0.813306 0.925393 0.925441 0.694309 0.791591 0.983256 0.829045 0.876398 0.942853 0.813587 0.918050 0.944768 0.944227 0.843952 0.954297 0.834943 0.915118 0.819413 0.972859 0.806249 0.994883 0.882067 0.941469 0.987124 0.958668 0.964522 0.971514 0.981299 0.812171 0.979936 0.851209 0.719404 0.993312 0.951315 0.949422 0.866269
