0.000000 0.424719 0.966010 0.796301 0.946651 0.907893 0.819613 0.661833 0.968825 0.716307 0.528092 0.450297 0.755464 0.705849 0.870295 0.727959 0.553051 0.578620 0.600963 0.557387 0.949209 0.889315 0.997408 0.991549 0.880163 0.890940 0.872287 0.873201 0.730212 0.647615 0.811849 0.823793 0.574368 0.586662 0.996129 0.949696 0.742668 0.714147 0.955907 0.953811 0.796517 0.913369 0.835684 0.681640 0.815957 0.771035 0.856046 0.816806 0.855650 0.918601 0.772811 0.934695 0.973129 0.971853 0.823320 0.838170 0.422571 0.430145 0.607834 0.687415 0.600525 0.663713 0.465728 0.444243 0.828136 0.962994 0.847037 0.807615 0.489442 0.601577 0.631419 0.608715 0.777000 0.816382 0.942943 0.905271 0.844161 0.778905 0.747901 0.709130 0.566709 0.623080 0.887117 0.713189 0.926987 0.989915 0.913451 0.909391 0.916475 0.974717 0.764547 0.861302 0.897215 0.920881 0.925113 0.968983 0.716237 0.873348 0.562241 0.724055 0.811320 0.854116 0.671556 0.590510 0.783580 0.818272 0.851103 0.951631 0.809911 0.847559 0.772228 0.854280 0.792778 0.891218 0.870492 0.956675
0.424719 0.000000 0.814938 0.908262 0.949536 0.917318 0.980450 0.605612 0.941344 0.677571 0.647702 0.343193 0.718780 0.523461 0.800485 0.555594 0.426469 0.415736 0.618061 0.469434 0.926999 0.924237 0.946353 0.901304 0.942556 0.771513 0.894484 0.878859 0.582392 0.527314 0.903027 0.843017 0.685353 0.675866 0.898659 0.936932 0.755095 0.723218 0.858480 0.930927 0.741501 0.725043 0.873667 0.693456 0.855155 0.814302 0.990427 0.881859 0.897703 0.985464 0.882176 0.979332 0.915894 0.815555 0.867750 0.995486 0.304372 0.285732 0.868014 0.801596 0.737215 0.589923 0.542961 0.345905 0.726247 0.990795 0.914202 0.963011 0.536486 0.669937 0.489124 0.543117 0.764471 0.823260 0.972683 0.892309 0.660016 0.637144 0.795112 0.684624 0.489736 0.594073 0.781045 0.668777 0.803572 0.998978 0.928565 0.875859 0.796263 0.904215 0.747368 0.755569 0.838488 0.866622 0.930292 0.845147 0.741686 0.807691 0.507702 0.604557 0.730004 0.995110 0.718389 0.573659 0.812289 0.825160 0.843283 0.920055 0.865374 0.831834 0.717386 0.770214 0.810394 0.753373 0.913737 0.936124
0.966010 0.814938 0.000000 0.410367 0.747161 0.908927 0.315342 0.693992 0.744483 0.735359 0.776083 0.842770 0.749933 0.949019 0.760530 0.870864 0.927185 0.922034 0.611446 0.947357 0.786428 0.757205 0.496160 0.697911 0.493407 0.451227 0.876717 0.979763 0.939429 0.799260 0.453944 0.630701 0.535661 0.506714 0.604156 0.854841 0.876511 0.930799 0.587707 0.840617 0.977259 0.906998 0.451006 0.536845 0.736481 0.789378 0.587696 0.540031 0.742770 0.983490 0.910217 0.986716 0.919558 0.884945 0.787383 0.981135 0.901887 0.800161 0.628237 0.997910 0.644709 0.830256 0.765138 0.887892 0.381801 0.529137 0.322148 0.454688 0.988330 0.888456 0.896306 0.947277 0.921503 0.973771 0.682385 0.887318 0.842998 0.903212 0.779247 0.855911 0.911521 0.760354 0.945750 0.962724 0.485489 0.606971 0.881748 0.910566 0.811224 0.948522 0.902214 0.877050 0.881497 0.798774 0.986462 0.827271 0.959872 0.934826 0.999474 0.805843 0.868402 0.724100 0.857203 0.899627 0.782396 0.599812 0.992445 0.999602 0.909500 0.852138 0.871134 0.981348 0.874193 0.980806 0.835247 0.865822
0.796301 0.908262 0.410367 0.000000 0.807337 0.819045 0.300815 0.401878 0.888322 0.485152 0.764189 0.837745 0.746080 0.789402 0.746004 0.608909 0.752074 0.722559 0.462098 0.689223 0.778373 0.807778 0.416637 0.498230 0.696165 0.644112 0.973967 0.874828 0.815535 0.591604 0.429386 0.517289 0.470697 0.445975 0.728860 0.895465 0.688288 0.769494 0.646335 0.819053 0.996548 0.904016 0.392945 0.453790 0.882495 0.857594 0.690017 0.517631 0.680835 0.872930 0.903070 0.863350 0.900707 0.774413 0.858159 0.885406 0.837558 0.949646 0.701402 0.972170 0.672234 0.954478 0.568289 0.802068 0.632315 0.560472 0.447536 0.538323 0.916780 0.782600 0.636386 0.697190 0.739152 0.814923 0.718273 0.886165 0.744328 0.832909 0.664533 0.779047 0.626445 0.532842 0.864499 0.710322 0.629240 0.574979 0.903966 0.875297 0.983402 0.995191 0.716581 0.662658 0.774772 0.766209 0.968169 0.790499 0.845119 0.921257 0.866240 0.572526 0.881828 0.536063 0.634168 0.638617 0.728899 0.595894 0.998348 0.928279 0.825288 0.754478 0.877274 0.795958 0.778850 0.901520 0.919972 0.954830
0.946651 0.949536 0.747161 0.807337 0.000000 0.890096 0.813475 0.881949 0.760544 0.956409 0.935386 0.953130 0.768003 0.983562 0.774254 0.986918 0.995762 0.932739 0.850167 0.976776 0.850179 0.807991 0.852909 0.984412 0.752918 0.859143 0.866711 0.944071 0.872779 0.944937 0.875981 0.939081 0.776662 0.764709 0.828163 0.952848 0.992546 0.971422 0.837160 0.806868 0.983839 0.863443 0.775427 0.709800 0.628286 0.744253 0.823408 0.700370 0.981247 0.866843 0.940725 0.932530 0.952456 0.943420 0.913639 0.910883 0.984655 0.949410 0.769707 0.801031 0.696868 0.882701 0.964648 0.973299 0.630725 0.619807 0.714686 0.626147 0.820418 0.997504 0.998113 0.919836 0.858391 0.697162 0.902492 0.843592 0.888279 0.950101 0.967555 0.937110 0.955511 0.956648 0.956780 0.964068 0.849448 0.760663 0.868751 0.948793 0.824135 0.939804 0.903716 0.927762 0.836033 0.835250 0.977842 0.934065 0.961025 0.999065 0.882503 0.802513 0.932914 0.908013 0.941523 0.952576 0.744404 0.769906 0.917801 0.952188 0.926023 0.949275 0.825986 0.867517 0.965084 0.865693 0.775249 0.656422
0.907893 0.917318 0.908927 0.819045 0.890096 0.000000 0.820765 0.736121 0.822086 0.786548 0.908434 0.830974 0.804934 0.961733 0.924254 0.778225 0.966347 0.949252 0.920542 0.927503 0.828303 0.768900 0.887082 0.989047 0.926664 0.817071 0.993975 0.782237 0.967890 0.938811 0.803999 0.943676 0.870894 0.823923 0.752128 0.846896 0.776084 0.835550 0.871897 0.971280 0.978355 0.894640 0.931075 0.844363 0.878125 0.807059 0.893193 0.949396 0.928336 0.945883 0.966230 0.964410 0.972613 0.869430 0.971632 0.932412 0.950454 0.931087 0.782551 0.877769 0.715521 0.786783 0.864806 0.848277 0.949178 0.755287 0.813457 0.747957 0.933998 0.947510 0.857407 0.958422 0.974070 0.890533 0.913225 0.972501 0.900409 0.979799 0.962462 0.941664 0.847373 0.826707 0.886901 0.986565 0.965364 0.937545 0.999260 0.875491 0.994222 0.994053 0.699833 0.691783 0.579538 0.779239 0.968962 0.905689 0.842868 0.890376 0.803971 0.851933 0.777927 0.726387 0.786644 0.906298 0.915723 0.679477 0.979474 0.906898 0.978362 0.972479 0.884579 0.747193 0.929147 0.993954 0.954639 0.766556
0.819613 0.980450 0.315342 0.300815 0.813475 0.820765 0.000000 0.443196 0.752182 0.519000 0.707075 0.947134 0.731636 0.808402 0.709783 0.677419 0.738865 0.732024 0.411511 0.728178 0.776284 0.797988 0.404629 0.560033 0.615699 0.593785 0.969748 0.897410 0.791205 0.637779 0.389803 0.464199 0.439413 0.385118 0.668647 0.873290 0.805300 0.916049 0.626076 0.882130 0.960800 0.969832 0.378965 0.476343 0.788532 0.807120 0.592325 0.501966 0.682064 0.883267 0.904414 0.889353 0.920684 0.780175 0.822952 0.886100 0.865821 0.994440 0.646449 0.977743 0.621113 0.950028 0.539109 0.862615 0.568427 0.570189 0.355542 0.477368 0.909554 0.822482 0.701779 0.740606 0.740710 0.817621 0.747329 0.858898 0.810709 0.782905 0.651067 0.739401 0.656592 0.547750 0.863115 0.797584 0.520305 0.567450 0.897723 0.880199 0.962277 0.972196 0.725977 0.670025 0.763992 0.750473 0.958751 0.785772 0.839123 0.996807 0.830457 0.585085 0.986353 0.520304 0.686838 0.668067 0.744641 0.603573 0.935791 0.895241 0.848695 0.771585 0.803132 0.856228 0.753075 0.950160 0.860506 0.898668
0.661833 0.605612 0.693992 0.401878 0.881949 0.736121 0.443196 0.000000 0.828013 0.386186 0.752802 0.555750 0.695438 0.553061 0.770131 0.459544 0.582716 0.561362 0.437401 0.538592 0.794467 0.779200 0.556013 0.595999 0.880222 0.866581 0.859143 0.828473 0.637059 0.499840 0.574654 0.536221 0.508145 0.468007 0.797319 0.858172 0.723944 0.825057 0.834932 0.895170 0.966648 0.765144 0.500689 0.452360 0.832888 0.778639 0.781353 0.585925 0.799000 0.854395 0.984798 0.945839 0.907657 0.849321 0.993199 0.860570 0.585287 0.653537 0.698020 0.858360 0.619575 0.671684 0.480241 0.488138 0.978210 0.660059 0.608756 0.607552 0.763079 0.658557 0.519281 0.611159 0.675861 0.777569 0.805652 0.912616 0.712010 0.657424 0.660968 0.757846 0.462785 0.454258 0.747769 0.601116 0.910025 0.727500 0.950003 0.937368 0.881264 0.979984 0.523960 0.525479 0.622656 0.744632 0.896889 0.704109 0.680014 0.817290 0.584465 0.410169 0.640335 0.541638 0.562005 0.443688 0.699123 0.644302 0.855160 0.808936 0.761929 0.690160 0.707453 0.718307 0.690658 0.808167 0.916367 0.916443
0.968825 0.941344 0.744483 0.888322 0.760544 0.822086 0.752182 0.828013 0.000000 0.726886 0.802744 0.972569 0.834493 0.974774 0.878446 0.902825 0.871448 0.894052 0.837866 0.884227 0.982297 0.828512 0.889382 0.954271 0.817902 0.880291 0.920028 0.964225 0.796220 0.889818 0.785087 0.916463 0.891670 0.750696 0.783407 0.997896 0.872655 0.796193 0.903988 0.890751 0.964659 0.955990 0.733820 0.739864 0.617736 0.714823 0.669935 0.755281 0.986399 0.903313 0.979445 0.936593 0.959987 0.885751 0.986773 0.979859 0.960716 0.994150 0.729760 0.857314 0.758309 0.954020 0.952586 0.976758 0.816313 0.805290 0.700139 0.716953 0.856906 0.992041 0.909168 0.992869 0.999623 0.950046 0.872931 0.886788 0.835865 0.885279 0.991245 0.921458 0.915752 0.963380 0.948257 0.871518 0.989401 0.895433 0.793395 0.747460 0.971460 0.854295 0.751719 0.813993 0.797938 0.737353 0.862943 0.912330 0.979253 0.981182 0.813621 0.851127 0.998520 0.945698 0.900157 0.913649 0.847935 0.799067 0.954411 0.927602 0.972397 0.927268 0.804732 0.966680 0.896013 0.953695 0.845225 0.705735
0.716307 0.677571 0.735359 0.485152 0.956409 0.786548 0.519000 0.386186 0.726886 0.000000 0.744128 0.726571 0.856015 0.663694 0.801775 0.591884 0.639488 0.621250 0.493969 0.562735 0.869225 0.879162 0.584346 0.668564 0.885591 0.838537 0.848927 0.888684 0.727077 0.578326 0.549904 0.571202 0.632020 0.561732 0.767794 0.875947 0.717312 0.869930 0.882843 0.934653 0.997243 0.827853 0.521279 0.559373 0.830843 0.819638 0.796304 0.640544 0.878057 0.862653 0.994910 0.902273 0.942864 0.904956 0.936961 0.767930 0.631466 0.774821 0.822494 0.963972 0.787220 0.838886 0.614182 0.648717 0.998685 0.813774 0.692631 0.747212 0.816949 0.919467 0.485647 0.605020 0.683258 0.721378 0.861235 0.790138 0.669394 0.614937 0.748461 0.789802 0.532852 0.570608 0.806794 0.779645 0.941584 0.886866 0.925484 0.962061 0.720706 0.809326 0.494098 0.541278 0.612552 0.653529 0.962862 0.805894 0.732014 0.861830 0.592990 0.517618 0.780513 0.677230 0.618732 0.533165 0.871772 0.721042 0.870559 0.733965 0.837184 0.869388 0.826277 0.744463 0.762589 0.917875 0.912974 0.900779
0.528092 0.647702 0.776083 0.764189 0.935386 0.908434 0.707075 0.752802 0.802744 0.744128 0.000000 0.595184 0.614508 0.731990 0.747510 0.707434 0.530440 0.547640 0.561589 0.508824 0.834275 0.901088 0.912913 0.891149 0.979794 0.969430 0.902025 0.914116 0.671318 0.571442 0.780326 0.722855 0.651627 0.572470 0.973589 0.975303 0.942738 0.985611 0.934377 0.916895 0.843889 0.993323 0.799091 0.715065 0.924495 0.905902 0.781026 0.787786 0.863130 0.971480 0.925944 0.851887 0.916467 0.779394 0.959096 0.890219 0.580492 0.638801 0.733127 0.844618 0.646544 0.888414 0.534973 0.592236 0.999944 0.924174 0.743899 0.775181 0.589551 0.710418 0.701305 0.707904 0.699752 0.792197 0.936979 0.724252 0.824099 0.760285 0.617684 0.545477 0.587001 0.566359 0.905351 0.842518 0.942003 0.964401 0.785909 0.907738 0.980639 0.895337 0.851270 0.940586 0.930326 0.928211 0.881403 0.893007 0.784161 0.998326 0.640101 0.742036 0.926304 0.886421 0.705662 0.729942 0.750777 0.785919 0.909280 0.889957 0.887521 0.843637 0.925071 0.965784 0.962824 0.894541 0.784078 0.880918
0.450297 0.343193 0.842770 0.837745 0.953130 0.830974 0.947134 0.555750 0.972569 0.726571 0.595184 0.000000 0.614235 0.464777 0.743910 0.479525 0.439006 0.433192 0.620376 0.471285 0.883841 0.932639 0.945549 0.864373 0.876942 0.739934 0.871578 0.869760 0.557110 0.486782 0.950513 0.829586 0.685778 0.706604 0.791161 0.992429 0.760220 0.807673 0.826829 0.920128 0.718995 0.763797 0.907018 0.704305 0.993128 0.873076 0.978505 0.876539 0.994618 0.931740 0.931591 0.955119 0.958363 0.898364 0.912437 0.976715 0.366027 0.352696 0.859396 0.785324 0.712879 0.559801 0.476412 0.290694 0.669157 0.992971 0.954372 0.958986 0.607505 0.632489 0.569860 0.584376 0.715629 0.821897 0.992281 0.904062 0.737733 0.666294 0.716454 0.698366 0.449473 0.520538 0.742008 0.589399 0.812814 0.981806 0.897809 0.992612 0.908835 0.898595 0.759998 0.771501 0.847180 0.960616 0.934855 0.795793 0.725564 0.732652 0.548038 0.596763 0.691842 0.867462 0.677282 0.540717 0.720600 0.844151 0.901989 0.963613 0.795974 0.746134 0.803082 0.770124 0.837712 0.806206 0.912463 0.927178
0.755464 0.718780 0.749933 0.746080 0.768003 0.804934 0.731636 0.695438 0.834493 0.856015 0.614508 0.614235 0.000000 0.597702 0.465814 0.545139 0.670557 0.551282 0.687889 0.732870 0.700366 0.894651 0.742165 0.780024 0.865291 0.959615 0.930444 0.937740 0.625911 0.565685 0.769905 0.814242 0.606037 0.605788 0.962936 0.928976 0.843123 0.976522 0.947655 0.839383 0.899354 0.925683 0.733014 0.630194 0.770324 0.835447 0.782173 0.725335 0.879632 0.949827 0.931988 0.985270 0.989704 0.843481 0.968561 0.952768 0.731576 0.713000 0.782792 0.842394 0.589100 0.834724 0.574882 0.602854 0.796965 0.806803 0.774194 0.751619 0.865314 0.853298 0.784423 0.827032 0.961125 0.899375 0.928707 0.763753 0.811097 0.618020 0.680274 0.641650 0.641748 0.587154 0.760051 0.815975 0.790998 0.744439 0.892379 0.981306 0.782027 0.994091 0.893629 0.883511 0.874361 0.947073 0.881995 0.835805 0.827532 0.946668 0.782429 0.769324 0.996353 0.859384 0.739922 0.817244 0.625122 0.717240 0.984474 0.964182 0.829438 0.745840 0.926694 0.781053 0.896674 0.859008 0.812109 0.854062
0.705849 0.523461 0.949019 0.789402 0.983562 0.961733 0.808402 0.553061 0.974774 0.663694 0.731990 0.464777 0.597702 0.000000 0.531003 0.439349 0.475654 0.403153 0.565021 0.516540 0.852571 0.944834 0.695513 0.664279 0.990740 0.844345 0.939157 0.874818 0.527017 0.469397 0.796613 0.625415 0.669461 0.678460 0.860430 0.954668 0.882831 0.913477 0.891269 0.914003 0.955590 0.815455 0.697798 0.680528 0.908867 0.944676 0.877536 0.767106 0.909556 0.820742 0.988518 0.914208 0.963208 0.933033 0.918928 0.846761 0.468679 0.526954 0.978154 0.945892 0.931584 0.871298 0.474626 0.441213 0.845577 0.931640 0.980611 0.984111 0.800482 0.863502 0.630387 0.662726 0.728416 0.858466 0.993616 0.786187 0.701588 0.560910 0.649635 0.600557 0.462486 0.469201 0.562131 0.642712 0.879187 0.794555 0.946648 0.812823 0.921078 0.867564 0.806259 0.732169 0.924777 0.945577 0.991036 0.727795 0.815717 0.843853 0.625524 0.493590 0.819314 0.838914 0.625825 0.590243 0.829195 0.877025 0.925511 0.811637 0.808862 0.764824 0.847255 0.662533 0.839851 0.754685 0.900643 0.959513
0.870295 0.800485 0.760530 0.746004 0.774254 0.924254 0.709783 0.770131 0.878446 0.801775 0.747510 0.743910 0.465814 0.531003 0.000000 0.557588 0.656519 0.543594 0.616482 0.692284 0.672616 0.835769 0.583623 0.676888 0.711184 0.918353 0.851398 0.890212 0.564055 0.553637 0.735816 0.708003 0.622438 0.609275 0.989981 0.951821 0.827715 0.897861 0.966569 0.784309 0.961455 0.980954 0.597142 0.577865 0.747104 0.815596 0.683762 0.636056 0.944332 0.928543 0.921561 0.986709 0.989746 0.993235 0.987540 0.866851 0.758191 0.836091 0.952459 0.918743 0.828093 0.975478 0.620407 0.717220 0.699485 0.841889 0.833241 0.850488 0.953148 0.982526 0.778396 0.813209 0.967156 0.826782 0.927845 0.713206 0.736460 0.548003 0.582750 0.643984 0.648042 0.618322 0.687816 0.768220 0.606025 0.608662 0.916297 0.842457 0.877553 0.979247 0.932069 0.887825 0.973552 0.998070 0.954831 0.699168 0.969605 0.886578 0.775753 0.644490 0.844064 0.912241 0.757395 0.882302 0.728907 0.715141 0.991259 0.948521 0.771430 0.841180 0.912318 0.710050 0.873028 0.802143 0.835012 0.892400
0.727959 0.555594 0.870864 0.608909 0.986918 0.778225 0.677419 0.459544 0.902825 0.591884 0.707434 0.479525 0.545139 0.439349 0.557588 0.000000 0.492848 0.410407 0.530977 0.487435 0.762074 0.837325 0.553603 0.538755 0.871033 0.966671 0.963619 0.954918 0.513835 0.361003 0.742846 0.589551 0.620832 0.585758 0.962066 0.990872 0.729400 0.886408 0.972479 0.883723 0.856736 0.815490 0.628156 0.553739 0.966853 0.906601 0.820207 0.697863 0.800360 0.875414 0.921210 0.870141 0.996227 0.975377 0.889210 0.814681 0.508204 0.545367 0.919615 0.975991 0.772411 0.774326 0.468478 0.432417 0.970965 0.837716 0.890937 0.883310 0.815886 0.792629 0.537357 0.631270 0.719200 0.845846 0.913474 0.789189 0.693662 0.575380 0.628747 0.639637 0.446478 0.449284 0.657933 0.583503 0.871752 0.681560 0.944766 0.769487 0.910850 0.971074 0.764158 0.704918 0.834804 0.916079 0.905674 0.691839 0.844465 0.832857 0.692640 0.515037 0.865845 0.800471 0.615833 0.523748 0.660647 0.746449 0.990515 0.979350 0.841865 0.702567 0.869944 0.780494 0.745945 0.806435 0.883100 0.895627
0.553051 0.426469 0.927185 0.752074 0.995762 0.966347 0.738865 0.582716 0.871448 0.639488 0.530440 0.439006 0.670557 0.475654 0.656519 0.492848 0.000000 0.305375 0.455164 0.417294 0.835834 0.924222 0.734251 0.734386 0.926748 0.910712 0.933777 0.839051 0.465872 0.378403 0.735693 0.614115 0.563371 0.519576 0.935037 0.912153 0.789116 0.839289 0.914073 0.951032 0.763256 0.823787 0.699824 0.588779 0.926588 0.882541 0.811025 0.801034 0.868627 0.863347 0.917531 0.830150 0.830273 0.877615 0.904382 0.931630 0.316834 0.420360 0.889880 0.961212 0.770211 0.808679 0.417646 0.397803 0.902640 0.976886 0.879371 0.882014 0.612596 0.698421 0.495856 0.536643 0.696740 0.776411 0.918651 0.782210 0.724835 0.643484 0.608716 0.516832 0.376262 0.428827 0.661967 0.622053 0.925098 0.845703 0.945286 0.918288 0.908107 0.887080 0.821896 0.784089 0.896194 0.885949 0.878446 0.770425 0.759072 0.842430 0.682661 0.568925 0.890659 0.861600 0.677258 0.556476 0.783331 0.857689 0.877900 0.961663 0.881406 0.743193 0.738165 0.827675 0.770931 0.757362 0.886817 0.854589
0.578620 0.415736 0.922034 0.722559 0.932739 0.949252 0.732024 0.561362 0.894052 0.621250 0.547640 0.433192 0.551282 0.403153 0.543594 0.410407 0.305375 0.000000 0.427397 0.363036 0.819741 0.930469 0.661024 0.673223 0.905407 0.883001 0.994137 0.867663 0.399720 0.305432 0.747062 0.569903 0.543968 0.499064 0.924077 0.926438 0.757682 0.816751 0.888600 0.949939 0.815948 0.776278 0.659848 0.554981 0.910567 0.873881 0.854193 0.722411 0.844013 0.872849 0.898129 0.856457 0.860061 0.871441 0.935847 0.879619 0.321631 0.406819 0.931972 0.990355 0.756591 0.809695 0.388122 0.365218 0.956761 0.927458 0.887775 0.889622 0.619803 0.731512 0.503196 0.540210 0.721512 0.816498 0.896214 0.787212 0.696096 0.559365 0.541691 0.505428 0.308738 0.356663 0.543536 0.532229 0.868205 0.754586 0.968263 0.847363 0.926569 0.927369 0.847479 0.777231 0.925021 0.937717 0.932557 0.746729 0.768466 0.872105 0.670546 0.516042 0.878129 0.892949 0.632571 0.550811 0.747514 0.785290 0.879233 0.975137 0.857556 0.746004 0.746455 0.715518 0.799007 0.731201 0.854984 0.901770
0.600963 0.618061 0.611446 0.462098 0.850167 0.920542 0.411511 0.437401 0.837866 0.493969 0.561589 0.620376 0.687889 0.565021 0.616482 0.530977 0.455164 0.427397 0.000000 0.406584 0.841720 0.906378 0.462623 0.541563 0.768754 0.926268 0.895670 0.748737 0.555812 0.459367 0.560875 0.393803 0.415102 0.372695 0.893175 0.843767 0.782505 0.878230 0.880231 0.911678 0.970458 0.918306 0.508597 0.523485 0.910398 0.933479 0.724632 0.589050 0.685980 0.758927 0.829927 0.745263 0.882642 0.949668 0.997904 0.813133 0.502382 0.667910 0.841620 0.905183 0.721538 0.976492 0.357290 0.574396 0.837435 0.791521 0.606916 0.702752 0.729855 0.746962 0.458251 0.560203 0.660591 0.754840 0.834346 0.780525 0.711310 0.606051 0.555945 0.594088 0.407990 0.379530 0.643812 0.612720 0.638038 0.624403 0.864550 0.878309 0.854371 0.842831 0.700273 0.643061 0.792954 0.794015 0.944556 0.763303 0.749391 0.915621 0.643564 0.414075 0.948412 0.646026 0.590638 0.569262 0.763529 0.693236 0.904336 0.966226 0.860319 0.816523 0.756067 0.758554 0.800709 0.869045 0.844083 0.926200
0.557387 0.469434 0.947357 0.689223 0.976776 0.927503 0.728178 0.538592 0.884227 0.562735 0.508824 0.471285 0.732870 0.516540 0.692284 0.487435 0.417294 0.363036 0.406584 0.000000 0.884074 0.973763 0.725589 0.727673 0.948411 0.835500 0.908553 0.733344 0.523888 0.427221 0.798348 0.555382 0.637177 0.557138 0.856020 0.862801 0.763326 0.853836 0.950269 0.988475 0.852377 0.896881 0.705527 0.617869 0.932611 0.994512 0.924774 0.772707 0.773043 0.755932 0.822244 0.718348 0.826076 0.935164 0.871101 0.843272 0.409847 0.489348 0.980252 0.944667 0.839270 0.832930 0.447707 0.434183 0.855566 0.972717 0.886154 0.900024 0.602078 0.708817 0.431793 0.543812 0.632028 0.720565 0.991918 0.771862 0.745962 0.639216 0.573263 0.607214 0.391471 0.447308 0.714357 0.594647 0.990117 0.894590 0.945699 0.948308 0.754930 0.802978 0.721592 0.717803 0.879325 0.905428 0.946299 0.850846 0.813603 0.909395 0.635528 0.516475 0.852735 0.789748 0.632501 0.527211 0.839289 0.791808 0.946663 0.999940 0.868695 0.815995 0.800523 0.751374 0.865012 0.749481 0.888729 0.955843
0.949209 0.926999 0.786428 0.778373 0.850179 0.828303 0.776284 0.794467 0.982297 0.869225 0.834275 0.883841 0.700366 0.852571 0.672616 0.762074 0.835834 0.819741 0.841720 0.884074 0.000000 0.803758 0.789755 0.864463 0.799082 0.848903 0.831441 0.944242 0.928148 0.728938 0.846176 0.868863 0.762013 0.801833 0.983540 0.991922 0.868136 0.939261 0.943488 0.955466 0.931128 0.861212 0.803913 0.692527 0.936392 0.922442 0.874569 0.778736 0.867661 0.959142 0.961629 0.992073 0.953056 0.982871 0.800926 0.863828 0.923993 0.978572 0.878138 0.946685 0.749001 0.933801 0.839074 0.865944 0.762774 0.760120 0.815951 0.783707 0.981015 0.983312 0.886458 0.908557 0.944464 0.830556 0.877059 0.942099 0.993762 0.830443 0.898673 0.871770 0.857717 0.821217 0.979020 0.919104 0.882515 0.821428 0.951094 0.928141 0.896654 0.993553 0.943842 0.925475 0.895504 0.914703 0.975853 0.673294 0.861914 0.957163 0.964785 0.897663 0.992918 0.961545 0.791570 0.979476 0.833989 0.731317 0.970849 0.998558 0.781389 0.887022 0.870323 0.919366 0.896006 0.963186 0.858093 0.944259
0.889315 0.924237 0.757205 0.807778 0.807991 0.768900 0.797988 0.779200 0.828512 0.879162 0.901088 0.932639 0.894651 0.944834 0.835769 0.837325 0.924222 0.930469 0.906378 0.973763 0.803758 0.000000 0.802184 0.926464 0.750908 0.731676 0.756923 0.911285 0.877255 0.862492 0.791461 0.937015 0.822927 0.790191 0.874875 0.960704 0.899227 0.909725 0.897539 0.824824 0.992785 0.862641 0.751407 0.696211 0.697264 0.751699 0.837388 0.908190 0.904641 0.823832 0.897910 0.805177 0.862313 0.900511 0.868902 0.808192 0.940213 0.957460 0.784758 0.904392 0.862982 0.943418 0.965050 0.948223 0.811050 0.771188 0.761696 0.801688 0.881016 0.813826 0.836567 0.916112 0.975300 0.875975 0.806099 0.985969 0.865070 0.878307 0.826349 0.917049 0.924458 0.946323 0.902573 0.961578 0.911513 0.911189 0.986993 0.997600 0.862283 0.922995 0.821419 0.854603 0.813452 0.838395 0.805029 0.703023 0.980770 0.983917 0.759202 0.805908 0.900452 0.877810 0.868520 0.859541 0.817933 0.758336 0.928647 0.968734 0.965105 0.946264 0.774738 0.997810 0.858630 0.989789 0.876237 0.813638
0.997408 0.946353 0.496160 0.416637 0.852909 0.887082 0.404629 0.556013 0.889382 0.584346 0.912913 0.945549 0.742165 0.695513 0.583623 0.553603 0.734251 0.661024 0.462623 0.725589 0.789755 0.802184 0.000000 0.360261 0.582697 0.715074 0.923432 0.941865 0.765321 0.609140 0.468596 0.435174 0.540159 0.567480 0.868442 0.850089 0.779139 0.921015 0.768168 0.933931 0.911131 0.870515 0.428769 0.570054 0.874678 0.959232 0.769281 0.665765 0.654007 0.821703 0.772215 0.793499 0.965446 0.829136 0.964301 0.710669 0.847400 0.999203 0.973025 0.681158 0.917433 0.805449 0.652825 0.902598 0.579002 0.708365 0.644288 0.766725 0.872045 0.977695 0.564515 0.674971 0.886037 0.931191 0.814032 0.909934 0.679243 0.690352 0.743390 0.749870 0.685213 0.598953 0.713777 0.782487 0.473035 0.441351 0.746499 0.788445 0.995765 0.907587 0.791946 0.653370 0.838442 0.788253 0.935122 0.670056 0.985019 0.996040 0.892363 0.545427 0.916522 0.717342 0.821057 0.782918 0.857285 0.670909 0.976746 0.952824 0.916663 0.865863 0.898267 0.814996 0.773033 0.941777 0.921175 0.914407
0.991549 0.901304 0.697911 0.498230 0.984412 0.989047 0.560033 0.595999 0.954271 0.668564 0.891149 0.864373 0.780024 0.664279 0.676888 0.538755 0.734386 0.673223 0.541563 0.727673 0.864463 0.926464 0.360261 0.000000 0.673970 0.917984 0.967094 0.894794 0.737323 0.600624 0.643751 0.480594 0.670706 0.682744 0.992345 0.938850 0.803483 0.890055 0.810242 0.974186 0.923327 0.933376 0.605944 0.740780 0.918032 0.882305 0.918596 0.810036 0.656140 0.737998 0.760561 0.751656 0.991519 0.826540 0.886617 0.625050 0.800449 0.918282 0.838500 0.627413 0.958671 0.873895 0.672820 0.829496 0.822757 0.880445 0.851991 0.994797 0.896250 0.938339 0.621264 0.676827 0.773784 0.787845 0.913400 0.894141 0.688927 0.801678 0.735822 0.718490 0.679239 0.579807 0.753482 0.762900 0.617896 0.501960 0.859855 0.772789 0.948535 0.958865 0.829660 0.718603 0.915826 0.889898 0.844232 0.748240 0.997335 0.998861 0.919706 0.593543 0.962157 0.717568 0.816400 0.758609 0.797016 0.807826 0.857888 0.957210 0.935914 0.969148 0.985493 0.857632 0.848341 0.895400 0.874458 0.998444
0.880163 0.942556 0.493407 0.696165 0.752918 0.926664 0.615699 0.880222 0.817902 0.885591 0.979794 0.876942 0.865291 0.990740 0.711184 0.871033 0.926748 0.905407 0.768754 0.948411 0.799082 0.750908 0.582697 0.673970 0.000000 0.579771 0.785438 0.880107 0.911067 0.803854 0.609960 0.776192 0.715997 0.687591 0.738704 0.955601 0.898024 0.883398 0.724710 0.882876 0.946384 0.994596 0.614595 0.718010 0.777034 0.813766 0.732345 0.693602 0.882896 0.945503 0.930240 0.911503 0.989947 0.977016 0.993595 0.838048 0.961317 0.871335 0.909779 0.811764 0.858190 0.802085 0.918048 0.873346 0.506934 0.713005 0.677011 0.769190 0.923649 0.988341 0.943766 0.961462 0.941580 0.952401 0.889342 0.984148 0.675998 0.877961 0.855705 0.989145 0.991569 0.908496 0.952214 0.995653 0.610474 0.635456 0.818285 0.946957 0.953064 0.980444 0.980520 0.928523 0.931979 0.855037 0.910122 0.797719 0.862251 0.991999 0.991112 0.843180 0.874472 0.975170 0.974209 0.949711 0.794144 0.713999 0.985870 0.991180 0.989857 0.995279 0.840014 0.975740 0.916810 0.970123 0.971125 0.764273
0.890940 0.771513 0.451227 0.644112 0.859143 0.817071 0.593785 0.866581 0.880291 0.838537 0.969430 0.739934 0.959615 0.844345 0.918353 0.966671 0.910712 0.883001 0.926268 0.835500 0.848903 0.731676 0.715074 0.917984 0.579771 0.000000 0.740198 0.770078 0.906330 0.988262 0.603552 0.848658 0.745636 0.756382 0.533081 0.831414 0.881994 0.976853 0.667860 0.832036 0.986124 0.959451 0.652175 0.683839 0.725836 0.750615 0.624835 0.643450 0.921387 0.861489 0.989501 0.869870 0.874907 0.994311 0.846766 0.906235 0.810150 0.759719 0.664861 0.925977 0.751501 0.899237 0.980826 0.804937 0.482878 0.567373 0.516732 0.531797 0.942418 0.971027 0.950642 0.928098 0.915589 0.879237 0.762058 0.960705 0.957566 0.967455 0.936285 0.980997 0.919536 0.961746 0.951223 0.919572 0.661872 0.704158 0.966242 0.879964 0.834746 0.833248 0.950896 0.981843 0.933340 0.936358 0.962953 0.945588 0.973746 0.962461 0.890863 0.984225 0.842681 0.902618 0.894701 0.911881 0.947009 0.719158 0.929471 0.988744 0.996762 0.922894 0.992517 0.877006 0.975402 0.945553 0.877772 0.811263
0.872287 0.894484 0.876717 0.973967 0.866711 0.993975 0.969748 0.859143 0.920028 0.848927 0.902025 0.871578 0.930444 0.939157 0.851398 0.963619 0.933777 0.994137 0.895670 0.908553 0.831441 0.756923 0.923432 0.967094 0.785438 0.740198 0.000000 0.793661 0.993322 0.928894 0.844901 0.893633 0.992397 0.993106 0.996896 0.968557 0.945239 0.918977 0.879271 0.946673 0.945266 0.878682 0.929567 0.814036 0.891605 0.931902 0.947934 0.915371 0.903484 0.792309 0.988758 0.874372 0.992025 0.949623 0.959115 0.886870 0.943731 0.945406 0.962871 0.968217 0.997903 0.902132 0.912854 0.909389 0.701523 0.844353 0.939689 0.967803 0.944753 0.881635 0.959016 0.947582 0.853573 0.826328 0.856676 0.991135 0.942490 0.818298 0.950253 0.979198 0.904127 0.928710 0.946585 0.985580 0.949807 0.800030 0.885978 0.823228 0.791029 0.927653 0.742822 0.847519 0.775372 0.952527 0.884606 0.968790 0.787993 0.979999 0.728168 0.790268 0.966072 0.961613 0.942259 0.892950 0.955295 0.943300 0.958816 0.916929 0.990859 0.998476 0.965969 0.975801 0.984771 0.963790 0.898517 0.952814
0.873201 0.878859 0.979763 0.874828 0.944071 0.782237 0.897410 0.828473 0.964225 0.888684 0.914116 0.869760 0.937740 0.874818 0.890212 0.954918 0.839051 0.867663 0.748737 0.733344 0.944242 0.911285 0.941865 0.894794 0.880107 0.770078 0.793661 0.000000 0.884157 0.863869 0.927294 0.861003 0.963327 0.881135 0.964244 0.834741 0.955221 0.985963 0.853632 0.860268 0.972859 0.949392 0.958361 0.969383 0.869978 0.835061 0.850344 0.891788 0.772285 0.806608 0.811016 0.723312 0.820274 0.868650 0.995147 0.952372 0.805700 0.884435 0.897959 0.878462 0.994454 0.923422 0.903032 0.927738 0.921909 0.975279 0.965601 0.981478 0.793363 0.922041 0.786593 0.918293 0.702873 0.714943 0.833432 0.915375 0.982162 0.950113 0.897201 0.853698 0.848334 0.875630 0.887351 0.840679 0.999420 0.997876 0.929158 0.926839 0.883284 0.724645 0.869307 0.838287 0.975428 0.897208 0.927806 0.974181 0.964288 0.976132 0.889908 0.774922 0.993222 0.795516 0.965862 0.790199 0.895257 0.873632 0.911202 0.954325 0.962200 0.891301 0.819443 0.885149 0.974169 0.996332 0.979253 0.850184
0.730212 0.582392 0.939429 0.815535 0.872779 0.967890 0.791205 0.637059 0.796220 0.727077 0.671318 0.557110 0.625911 0.527017 0.564055 0.513835 0.465872 0.399720 0.555812 0.523888 0.928148 0.877255 0.765321 0.737323 0.911067 0.906330 0.993322 0.884157 0.000000 0.429963 0.801885 0.650002 0.614488 0.538783 0.989595 0.963725 0.888845 0.998958 0.941358 0.997268 0.806067 0.867276 0.650129 0.587886 0.801120 0.743868 0.737103 0.647776 0.956363 0.958319 0.995999 0.977367 0.950462 0.966973 0.943494 0.892036 0.492788 0.535603 0.879529 0.917495 0.737636 0.740387 0.530797 0.488747 0.995843 0.849574 0.833022 0.837245 0.660322 0.669662 0.734064 0.799295 0.753332 0.838118 0.882232 0.687821 0.780395 0.593437 0.612495 0.566783 0.440807 0.511468 0.587594 0.588300 0.850744 0.775897 0.885047 0.870417 0.964144 0.961753 0.907831 0.836519 0.940403 0.974409 0.852480 0.778826 0.834050 0.830731 0.695717 0.604240 0.842924 0.786761 0.726155 0.653836 0.776362 0.829822 0.985127 0.942726 0.895717 0.773631 0.686687 0.798365 0.848542 0.776009 0.938065 0.860525
0.647615 0.527314 0.799260 0.591604 0.944937 0.938811 0.637779 0.499840 0.889818 0.578326 0.571442 0.486782 0.565685 0.469397 0.553637 0.361003 0.378403 0.305432 0.459367 0.427221 0.728938 0.862492 0.609140 0.600624 0.803854 0.988262 0.928894 0.863869 0.429963 0.000000 0.663696 0.556301 0.564533 0.467537 0.970518 0.914116 0.721200 0.722428 0.987565 0.906391 0.811762 0.829901 0.526413 0.426226 0.893611 0.793834 0.744861 0.574417 0.850540 0.996804 0.971062 0.949651 0.982279 0.967652 0.939659 0.893211 0.414200 0.512821 0.859284 0.978237 0.677561 0.734328 0.451189 0.412356 0.934182 0.762664 0.803055 0.812218 0.712538 0.700875 0.541943 0.597891 0.662667 0.747868 0.813724 0.766902 0.710418 0.583641 0.528045 0.587430 0.386496 0.419669 0.556983 0.571207 0.850506 0.741050 0.971171 0.814853 0.966680 0.970535 0.862939 0.842926 0.984685 0.976561 0.970085 0.713652 0.844044 0.804298 0.723499 0.538399 0.840498 0.835468 0.651170 0.523403 0.671845 0.711151 0.907938 0.999658 0.769866 0.679623 0.757700 0.778984 0.733246 0.790322 0.872766 0.857722
0.811849 0.903027 0.453944 0.429386 0.875981 0.803999 0.389803 0.574654 0.785087 0.549904 0.780326 0.950513 0.769905 0.796613 0.735816 0.742846 0.735693 0.747062 0.560875 0.798348 0.846176 0.791461 0.468596 0.643751 0.609960 0.603552 0.844901 0.927294 0.801885 0.663696 0.000000 0.554611 0.480730 0.451344 0.682226 0.906601 0.779638 0.871732 0.639347 0.856920 0.963080 0.873373 0.422256 0.491150 0.695174 0.721833 0.617975 0.615058 0.869028 0.990271 0.976816 0.966134 0.832654 0.865399 0.851105 0.989935 0.850471 0.967068 0.718122 0.963542 0.688953 0.920497 0.664423 0.871692 0.603278 0.686252 0.503484 0.608570 0.965401 0.899681 0.688412 0.762589 0.863399 0.927783 0.818388 0.827661 0.752665 0.793992 0.775072 0.780364 0.744608 0.693582 0.861118 0.927133 0.609340 0.668221 0.900860 0.998070 0.902151 0.942413 0.784781 0.764925 0.859583 0.758458 0.987311 0.918296 0.851892 0.937215 0.839759 0.706572 0.903738 0.604614 0.791136 0.817758 0.960331 0.629060 0.923020 0.821197 0.966353 0.875970 0.871461 0.840928 0.752665 0.996786 0.871715 0.862131
0.823793 0.843017 0.630701 0.517289 0.939081 0.943676 0.464199 0.536221 0.916463 0.571202 0.722855 0.829586 0.814242 0.625415 0.708003 0.589551 0.614115 0.569903 0.393803 0.555382 0.868863 0.937015 0.435174 0.480594 0.776192 0.848658 0.893633 0.861003 0.650002 0.556301 0.554611 0.000000 0.506064 0.488406 0.918130 0.776750 0.843968 0.959069 0.878215 0.964775 0.961916 0.973976 0.492984 0.630919 0.971727 0.964380 0.784408 0.670745 0.667248 0.719961 0.831139 0.780888 0.999998 0.874418 0.985724 0.785494 0.695854 0.857983 0.990854 0.789426 0.875955 0.874677 0.510186 0.717191 0.805273 0.822894 0.678698 0.764858 0.964394 0.902018 0.609888 0.685507 0.793803 0.823688 0.911464 0.853050 0.799055 0.638520 0.588997 0.681235 0.553924 0.474806 0.687666 0.713158 0.593852 0.566808 0.902048 0.761122 0.907414 0.981769 0.837279 0.743706 0.871816 0.911451 0.923457 0.726662 0.843897 0.906715 0.827395 0.518594 0.909942 0.661455 0.720121 0.664506 0.865403 0.770229 0.962112 0.952520 0.915901 0.839397 0.829513 0.888375 0.871856 0.888816 0.838361 0.994414
0.574368 0.685353 0.535661 0.470697 0.776662 0.870894 0.439413 0.508145 0.891670 0.632020 0.651627 0.685778 0.606037 0.669461 0.622438 0.620832 0.563371 0.543968 0.415102 0.637177 0.762013 0.822927 0.540159 0.670706 0.715997 0.745636 0.992397 0.963327 0.614488 0.564533 0.480730 0.506064 0.000000 0.325420 0.755431 0.846433 0.748993 0.817779 0.792849 0.802717 0.924248 0.833493 0.480317 0.461637 0.739643 0.741400 0.703555 0.569325 0.812670 0.952624 0.943812 0.970251 0.982536 0.998748 0.810839 0.998506 0.639348 0.730943 0.663127 0.874373 0.572033 0.946483 0.430558 0.619337 0.721658 0.692499 0.502599 0.518792 0.802827 0.728374 0.634001 0.642962 0.850200 0.969751 0.823966 0.931719 0.778625 0.651997 0.626769 0.655905 0.529411 0.444384 0.736433 0.611426 0.604880 0.539435 0.971914 0.914418 0.925876 0.993201 0.831250 0.739769 0.798035 0.860031 0.965505 0.789199 0.879775 0.940210 0.746905 0.643139 0.953936 0.695688 0.692649 0.652588 0.702827 0.629854 0.917520 0.990692 0.955041 0.801396 0.751291 0.827370 0.841538 0.836895 0.813811 0.978641
0.586662 0.675866 0.506714 0.445975 0.764709 0.823923 0.385118 0.468007 0.750696 0.561732 0.572470 0.706604 0.605788 0.678460 0.609275 0.585758 0.519576 0.499064 0.372695 0.557138 0.801833 0.790191 0.567480 0.682744 0.687591 0.756382 0.993106 0.881135 0.538783 0.467537 0.451344 0.488406 0.325420 0.000000 0.692617 0.859446 0.702438 0.841616 0.724071 0.784874 0.898162 0.890001 0.421932 0.383201 0.693281 0.692716 0.585176 0.446983 0.829766 0.983828 0.961143 0.972661 0.968646 0.998112 0.825905 0.983359 0.588413 0.714296 0.596093 0.851865 0.514767 0.880032 0.412194 0.609732 0.689988 0.614316 0.438212 0.470796 0.690676 0.679060 0.607169 0.705750 0.773943 0.914579 0.817464 0.797612 0.765888 0.614428 0.514036 0.635049 0.459159 0.424900 0.719541 0.631882 0.635607 0.605968 0.992438 0.979547 0.944653 0.977174 0.764636 0.732645 0.812443 0.789113 0.937293 0.798974 0.782338 0.848296 0.664670 0.569737 0.928445 0.612566 0.630994 0.584486 0.649965 0.610236 0.878248 0.957241 0.934425 0.749934 0.650369 0.781221 0.730698 0.829167 0.789223 0.862104
0.996129 0.898659 0.604156 0.728860 0.828163 0.752128 0.668647 0.797319 0.783407 0.767794 0.973589 0.791161 0.962936 0.860430 0.989981 0.962066 0.935037 0.924077 0.893175 0.856020 0.983540 0.874875 0.868442 0.992345 0.738704 0.533081 0.996896 0.964244 0.989595 0.970518 0.682226 0.918130 0.755431 0.692617 0.000000 0.808791 0.885876 0.994156 0.630418 0.969620 0.942862 0.939501 0.721324 0.724509 0.644778 0.728192 0.829184 0.698663 0.931099 0.903672 0.967605 0.891948 0.804556 0.930230 0.787570 0.901699 0.913745 0.849688 0.639800 0.837549 0.685385 0.974052 0.963679 0.887647 0.643215 0.619913 0.506180 0.525225 0.968324 0.947158 0.933211 0.821457 0.992677 0.910284 0.841443 0.887665 0.964049 0.999496 0.982034 0.988711 0.972323 0.935514 0.945753 0.988258 0.786700 0.811560 0.948610 0.874617 0.956991 0.841386 0.870937 0.906716 0.754833 0.795875 0.980976 0.975544 0.805147 0.937627 0.928140 0.902761 0.975848 0.812439 0.902988 0.974038 0.923783 0.731762 0.882411 0.878764 0.917953 0.932928 0.806465 0.814744 0.948514 0.937264 0.900862 0.946132
0.949696 0.936932 0.854841 0.895465 0.952848 0.846896 0.873290 0.858172 0.997896 0.875947 0.975303 0.992429 0.928976 0.954668 0.951821 0.990872 0.912153 0.926438 0.843767 0.862801 0.991922 0.960704 0.850089 0.938850 0.955601 0.831414 0.968557 0.834741 0.963725 0.914116 0.906601 0.776750 0.846433 0.859446 0.808791 0.000000 0.933250 0.849367 0.876820 0.942295 0.865059 0.977702 0.826456 0.840572 0.909422 0.989014 0.906772 0.851497 0.881749 0.890053 0.972001 0.986382 0.994470 0.948820 0.920183 0.997233 0.883302 0.967970 0.982580 0.956081 0.904020 0.972097 0.945871 0.943422 0.877607 0.808464 0.811583 0.792466 0.913435 0.945976 0.794583 0.977697 0.918371 0.975888 0.832354 0.939998 0.946712 0.896739 0.881909 0.968359 0.887636 0.936205 0.749605 0.913876 0.997897 0.871614 0.881050 0.965256 0.940520 0.949625 0.985960 0.882750 0.926318 0.983314 0.962955 0.839416 0.948264 0.963523 0.966065 0.844578 0.973999 0.958719 0.915463 0.909813 0.992589 0.925468 0.760464 0.915703 0.888579 0.983585 0.824565 0.878304 0.983677 0.887179 0.839532 0.840289
0.742668 0.755095 0.876511 0.688288 0.992546 0.776084 0.805300 0.723944 0.872655 0.717312 0.942738 0.760220 0.843123 0.882831 0.827715 0.729400 0.789116 0.757682 0.782505 0.763326 0.868136 0.899227 0.779139 0.803483 0.898024 0.881994 0.945239 0.955221 0.888845 0.721200 0.779638 0.843968 0.748993 0.702438 0.885876 0.933250 0.000000 0.701886 0.995912 0.958446 0.798415 0.850433 0.798142 0.734201 0.967604 0.911159 0.956065 0.847792 0.980884 0.989135 0.971340 0.958894 0.906055 0.972198 0.955164 0.921186 0.729933 0.751579 0.919736 0.974905 0.831847 0.821514 0.764236 0.739330 0.966909 0.816442 0.925993 0.887477 0.890072 0.876674 0.628277 0.732801 0.896507 0.926562 0.932047 0.994185 0.825377 0.782645 0.793702 0.992652 0.750777 0.772483 0.856443 0.704402 0.980685 0.866691 0.878732 0.973568 0.890378 0.923881 0.820710 0.774414 0.848983 0.795229 0.805922 0.998114 0.815008 0.759020 0.842881 0.784923 0.970937 0.843960 0.907775 0.799524 0.762154 0.781695 0.920671 0.792731 0.835391 0.963437 0.859718 0.641485 0.816147 0.928328 0.931143 0.933479
0.714147 0.723218 0.930799 0.769494 0.971422 0.835550 0.916049 0.825057 0.796193 0.869930 0.985611 0.807673 0.976522 0.913477 0.897861 0.886408 0.839289 0.816751 0.878230 0.853836 0.939261 0.909725 0.921015 0.890055 0.883398 0.976853 0.918977 0.985963 0.998958 0.722428 0.871732 0.959069 0.817779 0.841616 0.994156 0.849367 0.701886 0.000000 0.997833 0.803353 0.931282 0.992021 0.789521 0.719841 0.900694 0.866694 0.979810 0.880946 0.844304 0.822281 0.784296 0.777636 0.863900 0.816862 0.951927 0.980624 0.784239 0.777729 0.891049 0.900087 0.830553 0.791988 0.851207 0.777762 0.952010 0.854973 0.999962 0.953153 0.858213 0.762779 0.748553 0.758141 0.975485 0.891266 0.852296 0.992673 0.882846 0.935624 0.921806 0.968798 0.898196 0.904850 0.909278 0.808146 0.982973 0.891864 0.863560 0.962123 0.912854 0.870054 0.956888 0.891511 0.830747 0.929782 0.984652 0.941998 0.944058 0.887145 0.932928 0.897480 0.910111 0.884504 0.997564 0.781296 0.866441 0.800759 0.821242 0.842478 0.777814 0.888774 0.884624 0.918823 0.821894 0.839022 0.927012 0.840410
