0.000000 0.368823 0.611692 0.511068 0.832720 0.668632 0.499037 0.388104 0.692462 0.920947 0.415593 0.294442 0.422451 0.427867 0.668657 0.538041 0.417035 0.446745 0.428743 0.370012 0.818098 0.973757 0.582376 0.603900 0.828344 0.715354 0.998870 0.842890 0.425695 0.496110 0.551801 0.636304 0.350021 0.352997 0.512425 0.796200 0.614350 0.831625 0.871272 0.987877 0.817430 0.884139 0.577913 0.598388 0.656100 0.676976 0.503921 0.576147 0.996674 0.894546 0.842534 0.853581 0.939578 0.941074 0.658937 0.744875 0.391344 0.462281 0.358252 0.548584 0.381863 0.435958 0.332383 0.405443 0.566257 0.483298 0.455703 0.479218 0.608205 0.632883 0.617453 0.667447 0.731239 0.642727 0.881233 0.841331 0.667442 0.741116 0.696644 0.794249 0.402917 0.503244 0.544195 0.654895 0.441152 0.498522 0.887233 0.984352 0.675343 0.562823 0.707206 0.909254 0.756860 0.891145 0.696570 0.771134 0.677875 0.687023 0.530315 0.524250 0.652703 0.716820 0.646448 0.712890 0.479865 0.627428 0.964961 0.731401 0.749493 0.868504 0.973675 0.783805 0.814228 0.999002 0.798609 0.947860
0.368823 0.000000 0.870118 0.751159 0.970462 0.874343 0.765451 0.560934 0.898604 0.913005 0.773427 0.422955 0.768081 0.704606 0.920891 0.713836 0.295468 0.373247 0.662428 0.491099 0.893771 0.930418 0.836221 0.742201 0.852392 0.820733 0.984735 0.968297 0.456307 0.486218 0.749735 0.792657 0.542135 0.573652 0.752777 0.810575 0.750872 0.906617 0.942032 0.908132 0.722363 0.849021 0.656574 0.624822 0.602589 0.542396 0.611862 0.631922 0.745350 0.718750 0.668822 0.708554 0.921982 0.960862 0.633799 0.715842 0.274961 0.212821 0.546858 0.496123 0.625247 0.391635 0.559432 0.410581 0.782226 0.588152 0.655114 0.625581 0.440895 0.528218 0.797505 0.859110 0.714561 0.695173 0.794477 0.802052 0.784549 0.826552 0.604878 0.648499 0.315681 0.419346 0.519453 0.525011 0.650484 0.577762 0.936754 0.928950 0.770561 0.581779 0.887832 0.925712 0.900618 0.902539 0.595856 0.966456 0.559842 0.678141 0.591329 0.616095 0.867107 0.929529 0.665747 0.837416 0.577767 0.704373 0.892647 0.794585 0.756655 0.725361 0.798342 0.608773 0.877160 0.852238 0.728824 0.994186
0.611692 0.870118 0.000000 0.218695 0.753153 0.796219 0.217209 0.327657 0.435140 0.693751 0.474729 0.699366 0.387045 0.511273 0.411337 0.431534 0.929179 0.846541 0.371720 0.552853 0.732467 0.947684 0.264458 0.391856 0.495099 0.345362 0.937930 0.870414 0.631089 0.736825 0.293370 0.438094 0.379538 0.320534 0.454982 0.736895 0.499926 0.794367 0.895202 0.871539 0.885591 0.902250 0.476481 0.576398 0.558579 0.635590 0.537498 0.455202 0.947251 0.858681 0.673637 0.757883 0.699128 0.699976 0.571992 0.690808 0.987827 0.997658 0.540757 0.802071 0.416583 0.694376 0.591693 0.863878 0.250284 0.424097 0.332194 0.384495 0.834237 0.983220 0.469311 0.487418 0.771390 0.759375 0.839897 0.932088 0.501693 0.596379 0.834984 0.834819 0.850676 0.748730 0.654244 0.837774 0.354221 0.436446 0.777630 0.779262 0.705664 0.693775 0.549890 0.646005 0.655468 0.633644 0.662470 0.869191 0.714424 0.858490 0.608443 0.544988 0.679254 0.724835 0.738408 0.819638 0.647219 0.598847 0.922455 0.659310 0.739287 0.988254 0.833652 0.922499 0.807438 0.865669 0.863438 0.871234
0.511068 0.751159 0.218695 0.000000 0.812520 0.697629 0.201620 0.242836 0.466087 0.721726 0.382867 0.560092 0.364935 0.415261 0.469787 0.443809 0.812010 0.710198 0.282059 0.416563 0.784517 0.966380 0.287401 0.298276 0.506072 0.394548 0.939229 0.793942 0.581101 0.668443 0.278649 0.395111 0.300243 0.259200 0.426737 0.693442 0.565521 0.838938 0.890756 0.861933 0.855915 0.884981 0.435916 0.508223 0.539522 0.620187 0.474818 0.446183 0.968659 0.875028 0.675470 0.785245 0.711785 0.762512 0.584674 0.683639 0.863947 0.915107 0.501951 0.763928 0.403161 0.632240 0.517362 0.788515 0.298425 0.352872 0.277875 0.304452 0.804302 0.964532 0.435454 0.454274 0.702982 0.694289 0.731937 0.903583 0.500072 0.588280 0.753913 0.815550 0.752348 0.660590 0.596008 0.803724 0.347833 0.385721 0.786302 0.711752 0.642904 0.622428 0.520854 0.669907 0.634420 0.678439 0.687320 0.800977 0.689000 0.781298 0.537795 0.447421 0.608007 0.623504 0.681647 0.706014 0.590762 0.578928 0.981439 0.706313 0.705068 0.998374 0.814417 0.861894 0.793792 0.926944 0.833645 0.851062
0.832720 0.970462 0.753153 0.812520 0.000000 0.861515 0.781205 0.775427 0.705453 0.750020 0.917835 0.887468 0.721627 0.763140 0.600534 0.813145 0.953489 0.989081 0.808089 0.909697 0.845970 0.870938 0.688471 0.926621 0.917598 0.955502 0.867743 0.830083 0.908465 0.944371 0.781029 0.939597 0.733364 0.746453 0.666036 0.893994 0.780912 0.846501 0.899452 0.999546 0.895683 0.995492 0.743939 0.831799 0.884407 0.943827 0.835556 0.815093 0.941293 0.920675 0.851517 0.791471 0.816426 0.819803 0.945937 0.906895 0.948171 0.919490 0.633084 0.718806 0.686922 0.895138 0.687679 0.846274 0.660372 0.808411 0.689504 0.728433 0.915530 0.918229 0.794115 0.686898 0.924339 0.981782 0.921454 0.959361 0.865923 0.855321 0.918001 0.937792 0.986766 0.860177 0.829695 0.998121 0.727555 0.874759 0.971919 0.828851 0.736297 0.926526 0.720321 0.729208 0.767594 0.677469 0.955562 0.983229 0.855595 0.874287 0.704468 0.836766 0.973218 0.922524 0.750064 0.828593 0.838048 0.569250 0.912793 0.620076 0.851757 0.999408 0.867727 0.854908 0.841323 0.833118 0.874285 0.896181
0.668632 0.874343 0.796219 0.697629 0.861515 0.000000 0.656849 0.627750 0.773662 0.852101 0.659492 0.653071 0.741562 0.796049 0.885351 0.809024 0.849178 0.773404 0.617461 0.644524 0.827994 0.938480 0.838920 0.795627 0.999431 0.817000 0.987863 0.722652 0.814076 0.904226 0.862311 0.818695 0.726914 0.672123 0.764140 0.864326 0.832934 0.976309 0.898042 0.958793 0.884861 0.938849 0.601238 0.677109 0.718997 0.729951 0.667710 0.737066 0.944239 0.859249 0.879167 0.874443 0.890840 0.892040 0.811973 0.903404 0.779439 0.945405 0.739963 0.873192 0.725539 0.733919 0.789792 0.895127 0.783481 0.661012 0.641785 0.591179 0.941048 0.936894 0.809576 0.835444 0.832627 0.691815 0.995279 0.961425 0.713771 0.743899 0.774207 0.983865 0.803474 0.840809 0.972026 0.971856 0.790304 0.822364 0.865825 0.917284 0.848463 0.805927 0.688708 0.772418 0.773786 0.785145 0.924010 0.919324 0.853983 0.926375 0.666900 0.728647 0.820107 0.769348 0.667852 0.682226 0.825601 0.888135 0.995714 0.919902 0.985521 0.908639 0.965276 0.915843 0.952972 0.942393 0.987682 0.914284
0.499037 0.765451 0.217209 0.201620 0.781205 0.656849 0.000000 0.206523 0.445633 0.577013 0.405014 0.558697 0.363696 0.450928 0.440160 0.455386 0.838596 0.722483 0.278123 0.438736 0.759966 0.982392 0.293499 0.437502 0.638676 0.430842 0.992656 0.848804 0.558697 0.725132 0.341732 0.454332 0.317961 0.280447 0.414987 0.656202 0.567257 0.848408 0.990094 0.853771 0.815686 0.936291 0.368617 0.467060 0.452086 0.528353 0.450068 0.413214 0.891231 0.800299 0.619651 0.679122 0.628796 0.668829 0.579173 0.688673 0.876005 0.907062 0.431666 0.740428 0.396252 0.629790 0.548989 0.821637 0.297565 0.359094 0.238481 0.294657 0.859769 0.930395 0.370265 0.399942 0.683895 0.659517 0.828903 0.900113 0.417485 0.539389 0.771443 0.847662 0.806262 0.762767 0.653069 0.889774 0.360963 0.475050 0.769790 0.806314 0.741328 0.699310 0.421860 0.539610 0.536607 0.547489 0.677279 0.772651 0.642645 0.730304 0.447693 0.365223 0.571529 0.550980 0.642565 0.683736 0.571853 0.516455 0.974299 0.628796 0.730000 0.948538 0.829359 0.790809 0.726178 0.878757 0.814447 0.946108
0.388104 0.560934 0.327657 0.242836 0.775427 0.627750 0.206523 0.000000 0.537078 0.611979 0.380499 0.414259 0.379080 0.379129 0.541400 0.494367 0.672299 0.585402 0.238199 0.327465 0.854033 0.994576 0.370549 0.430276 0.700453 0.513613 0.929951 0.835314 0.435280 0.646351 0.355025 0.462497 0.258610 0.244984 0.419999 0.669219 0.596517 0.908211 0.983941 0.898509 0.786151 0.988017 0.342082 0.433918 0.448526 0.495175 0.415594 0.429219 0.848547 0.784862 0.635453 0.704041 0.684914 0.784999 0.582729 0.663026 0.642114 0.693265 0.391956 0.648802 0.371463 0.499324 0.446407 0.676053 0.378976 0.339553 0.270776 0.271410 0.757918 0.768951 0.431630 0.409957 0.642190 0.569379 0.756572 0.825073 0.479087 0.560184 0.720160 0.804221 0.675419 0.661856 0.574505 0.816998 0.377177 0.462351 0.755528 0.803079 0.715645 0.613485 0.480214 0.652020 0.575157 0.695781 0.704939 0.745018 0.568779 0.668653 0.412445 0.330427 0.552629 0.570104 0.566443 0.644554 0.516832 0.509922 0.980106 0.634377 0.662669 0.865358 0.760130 0.754501 0.718328 0.897404 0.793392 0.953871
0.692462 0.898604 0.435140 0.466087 0.705453 0.773662 0.445633 0.537078 0.000000 0.526646 0.714329 0.751642 0.612386 0.768201 0.523170 0.555961 0.868767 0.861992 0.685951 0.730924 0.704418 0.951878 0.511925 0.733461 0.740728 0.543479 0.997915 0.812215 0.656154 0.756136 0.600202 0.837763 0.608836 0.576229 0.566457 0.953762 0.593912 0.726669 0.831629 0.884023 0.917837 0.840110 0.572053 0.628747 0.591243 0.653228 0.714091 0.641171 0.955277 0.885226 0.649296 0.624809 0.546889 0.572507 0.669824 0.723775 0.925275 0.990215 0.504023 0.768043 0.535632 0.739191 0.706215 0.812210 0.435393 0.682085 0.493317 0.609189 0.857182 0.947285 0.464732 0.507993 0.663742 0.766106 0.910998 0.882849 0.462162 0.571636 0.767515 0.996771 0.842460 0.972557 0.836202 0.871052 0.650605 0.788512 0.905185 0.935310 0.739934 0.767779 0.472542 0.482571 0.531248 0.449363 0.775201 0.970682 0.602545 0.819294 0.540591 0.506813 0.733144 0.708171 0.688081 0.783104 0.623565 0.478745 0.780109 0.601680 0.745809 0.948106 0.854083 0.836187 0.706885 0.763276 0.794518 0.901576
0.920947 0.913005 0.693751 0.721726 0.750020 0.852101 0.577013 0.611979 0.526646 0.000000 0.954122 0.936704 0.892344 0.909443 0.622639 0.754193 0.900173 0.844523 0.757650 0.859776 0.885860 0.961935 0.719317 0.955718 0.974584 0.873178 0.924382 0.943102 0.778000 0.924021 0.778877 0.965654 0.816892 0.734679 0.664948 0.777233 0.758045 0.927752 0.903462 0.847401 0.713815 0.870282 0.531931 0.611734 0.540458 0.579256 0.869177 0.777791 0.828846 0.790874 0.543567 0.514715 0.490783 0.497615 0.933644 0.898868 0.986823 0.916731 0.639570 0.928574 0.828083 0.926299 0.924969 0.963389 0.776300 0.866904 0.585913 0.687615 0.976565 0.874798 0.410929 0.431774 0.658503 0.674534 0.994462 0.960275 0.495546 0.562268 0.887884 0.899597 0.963620 0.783008 0.923042 0.951212 0.893857 0.923074 0.855838 0.818798 0.962522 0.889239 0.357113 0.357963 0.380972 0.374201 0.835661 0.985563 0.581509 0.724209 0.473048 0.480176 0.667971 0.611906 0.534750 0.747799 0.715147 0.547084 0.951523 0.443862 0.829275 0.858822 0.767320 0.674461 0.598948 0.727997 0.767348 0.805823
0.415593 0.773427 0.474729 0.382867 0.917835 0.659492 0.405014 0.380499 0.714329 0.954122 0.000000 0.413472 0.274990 0.304823 0.634840 0.571882 0.754420 0.723649 0.309416 0.414589 0.852620 0.823138 0.466005 0.457180 0.895458 0.674289 0.899278 0.850265 0.566973 0.642662 0.480410 0.494059 0.361076 0.333456 0.562066 0.874153 0.747836 0.997176 0.913914 0.906445 0.912648 0.953640 0.659591 0.704226 0.800438 0.848651 0.577343 0.648110 0.820033 0.926839 0.955537 0.889526 0.997933 0.888757 0.703469 0.874739 0.756305 0.867272 0.530495 0.692619 0.356081 0.566307 0.358525 0.660831 0.484556 0.415027 0.455116 0.424993 0.940488 0.993372 0.680731 0.717754 0.887241 0.810665 0.857478 0.802336 0.776352 0.783389 0.875525 0.790373 0.726062 0.680055 0.807959 0.847746 0.423850 0.510928 0.767395 0.760346 0.726075 0.708731 0.782536 0.905102 0.877211 0.893005 0.875930 0.776928 0.919903 0.910882 0.715056 0.620072 0.551948 0.712757 0.835423 0.805209 0.676413 0.730009 0.876907 0.862592 0.815823 0.942557 0.970840 0.946885 0.885859 0.801259 0.899194 0.769668
0.294442 0.422955 0.699366 0.560092 0.887468 0.653071 0.558697 0.414259 0.751642 0.936704 0.413472 0.000000 0.449731 0.414681 0.718159 0.588371 0.460956 0.420691 0.476247 0.399309 0.844513 0.975186 0.601464 0.591377 0.972648 0.809604 0.967700 0.917396 0.437707 0.433410 0.630452 0.668250 0.359686 0.408700 0.631916 0.835934 0.754535 0.906733 0.917876 0.983685 0.796174 0.897113 0.695009 0.696771 0.679464 0.690633 0.625909 0.592822 0.982983 0.949340 0.962529 0.920185 0.989808 0.899691 0.703073 0.821030 0.450941 0.468902 0.409796 0.469008 0.349496 0.314243 0.333822 0.347502 0.619962 0.411680 0.506933 0.466819 0.728899 0.593375 0.752526 0.730244 0.835761 0.723402 0.822691 0.852145 0.783761 0.809151 0.709140 0.679546 0.449577 0.554092 0.636779 0.707193 0.520763 0.552429 0.775230 0.886904 0.715441 0.564721 0.792748 0.985090 0.867451 0.950930 0.795553 0.925891 0.746129 0.777234 0.632330 0.593607 0.714877 0.753373 0.732272 0.786017 0.588959 0.663316 0.926929 0.840049 0.770120 0.887692 0.921571 0.781330 0.950793 0.934829 0.809498 0.966518
0.422451 0.768081 0.387045 0.364935 0.721627 0.741562 0.363696 0.379080 0.612386 0.892344 0.274990 0.449731 0.000000 0.263490 0.411756 0.430867 0.826883 0.765372 0.357525 0.422308 0.688374 0.950114 0.299282 0.380196 0.788013 0.641912 0.922699 0.829930 0.581331 0.624078 0.437900 0.484188 0.295238 0.291658 0.518637 0.824038 0.710364 0.905680 0.954147 0.933894 0.889102 0.889310 0.612722 0.699382 0.848548 0.907156 0.573536 0.587118 0.715738 0.835832 0.984613 0.980720 0.997622 0.999678 0.705812 0.880738 0.792047 0.871662 0.410837 0.587543 0.257310 0.563568 0.289238 0.612109 0.355788 0.359761 0.415918 0.432967 0.880839 0.921520 0.610720 0.651398 0.888151 0.883855 0.803928 0.740471 0.740703 0.717198 0.922778 0.785976 0.730792 0.744958 0.662912 0.961706 0.308636 0.416998 0.683243 0.850297 0.657587 0.707053 0.748590 0.868501 0.903276 0.811457 0.867967 0.803486 0.893472 0.892067 0.689631 0.641985 0.638313 0.730207 0.812806 0.821604 0.659749 0.593191 0.999316 0.748346 0.744262 0.982054 0.938230 0.946086 0.913494 0.960060 0.844929 0.816865
0.427867 0.704606 0.511273 0.415261 0.763140 0.796049 0.450928 0.379129 0.768201 0.909443 0.304823 0.414681 0.263490 0.000000 0.496877 0.465107 0.816476 0.686440 0.361037 0.409008 0.828412 0.992683 0.393866 0.406410 0.845356 0.746214 0.974468 0.788004 0.590312 0.567929 0.448418 0.469153 0.279775 0.311190 0.561335 0.754879 0.687998 0.988395 0.851809 0.983866 0.938044 0.890237 0.673543 0.760672 0.883445 0.938097 0.677850 0.683380 0.708185 0.793602 0.973917 0.908714 0.963516 0.897840 0.880727 0.964046 0.669215 0.775490 0.465559 0.625326 0.329975 0.562386 0.287791 0.568467 0.476911 0.372180 0.459871 0.395812 0.984718 0.885729 0.695160 0.600050 0.938243 0.837981 0.721990 0.733827 0.816072 0.781924 0.841716 0.771896 0.710040 0.757749 0.599600 0.888334 0.372328 0.419953 0.717362 0.783683 0.643189 0.680376 0.774363 0.976513 0.873299 0.948564 0.930376 0.753656 0.898282 0.912785 0.703080 0.668972 0.558316 0.755018 0.813577 0.899765 0.656527 0.681737 0.873024 0.820554 0.715342 0.984306 0.944097 0.960203 0.981921 0.864205 0.882746 0.838761
0.668657 0.920891 0.411337 0.469787 0.600534 0.885351 0.440160 0.541400 0.523170 0.622639 0.634840 0.718159 0.411756 0.496877 0.000000 0.398240 0.951547 0.851607 0.625157 0.682633 0.649442 0.926259 0.322386 0.567431 0.675064 0.625787 0.839496 0.794309 0.718933 0.709240 0.456704 0.652174 0.478537 0.481907 0.546734 0.753151 0.558183 0.787114 0.913236 0.986081 0.864305 0.915516 0.672692 0.817807 0.765629 0.854926 0.765854 0.682678 0.781099 0.917223 0.798834 0.792010 0.761574 0.729759 0.841736 0.891149 0.977997 0.961938 0.489895 0.715453 0.404888 0.731345 0.515174 0.697573 0.376859 0.530723 0.462090 0.519520 0.922244 0.925043 0.518498 0.487248 0.865292 0.929818 0.892272 0.911448 0.677607 0.743730 0.833521 0.907000 0.857604 0.969766 0.631043 0.884609 0.401467 0.545088 0.665708 0.949089 0.757259 0.769745 0.625261 0.689367 0.735625 0.624990 0.762253 0.875383 0.812218 0.833238 0.668536 0.697673 0.814523 0.828840 0.753829 0.903361 0.654616 0.537496 0.783414 0.623621 0.734406 0.989101 0.883985 0.888447 0.972197 0.847720 0.812424 0.944189
0.538041 0.713836 0.431534 0.443809 0.813145 0.809024 0.455386 0.494367 0.555961 0.754193 0.571882 0.588371 0.430867 0.465107 0.398240 0.000000 0.761012 0.576928 0.557469 0.524932 0.614638 0.983221 0.367404 0.471994 0.588326 0.445403 0.892862 0.884774 0.484604 0.448855 0.389212 0.484634 0.385884 0.420610 0.559699 0.656676 0.425344 0.737598 0.990926 0.967146 0.901898 0.960097 0.676102 0.742526 0.703988 0.723771 0.676806 0.668176 0.885039 0.950026 0.747134 0.774799 0.794306 0.776358 0.743056 0.880384 0.791472 0.784768 0.571585 0.775198 0.434954 0.584115 0.496861 0.592225 0.434324 0.464303 0.482572 0.517274 0.836568 0.879993 0.556887 0.553450 0.791362 0.746597 0.751046 0.909844 0.679093 0.766014 0.633027 0.677665 0.554551 0.681612 0.606768 0.746103 0.405487 0.432652 0.791417 0.912542 0.737341 0.761643 0.614721 0.832412 0.707614 0.717447 0.704136 0.864802 0.669059 0.848565 0.635720 0.707568 0.710869 0.820448 0.763100 0.933944 0.647685 0.729898 0.887183 0.742291 0.736515 0.928780 0.877295 0.870704 0.934900 0.926341 0.852152 0.899296
0.417035 0.295468 0.929179 0.812010 0.953489 0.849178 0.838596 0.672299 0.868767 0.900173 0.754420 0.460956 0.826883 0.816476 0.951547 0.761012 0.000000 0.325164 0.736174 0.581983 0.844807 0.983370 0.891284 0.861222 0.910239 0.892961 0.977917 0.970947 0.470829 0.478453 0.766339 0.849192 0.652873 0.641062 0.766846 0.822587 0.735725 0.796741 0.958655 0.814357 0.701711 0.784801 0.770053 0.672237 0.652121 0.625345 0.762305 0.797370 0.846627 0.801252 0.780320 0.783881 0.918649 0.972892 0.694424 0.743865 0.352211 0.278252 0.664900 0.661795 0.702023 0.494669 0.598724 0.394982 0.868729 0.702098 0.697204 0.686899 0.516757 0.635583 0.776882 0.836722 0.775266 0.657501 0.930958 0.825780 0.842727 0.821637 0.687864 0.827469 0.307076 0.499231 0.686668 0.500608 0.775615 0.717546 0.996759 0.977341 0.849092 0.662752 0.843179 0.988648 0.820707 0.985488 0.564491 0.974046 0.625854 0.630160 0.676581 0.650264 0.833539 0.893610 0.679086 0.724155 0.564454 0.756636 0.940043 0.793802 0.885293 0.847290 0.911370 0.660157 0.871243 0.939059 0.764206 0.916267
0.446745 0.373247 0.846541 0.710198 0.989081 0.773404 0.722483 0.585402 0.861992 0.844523 0.723649 0.420691 0.765372 0.686440 0.851607 0.576928 0.325164 0.000000 0.652192 0.514011 0.800880 0.888237 0.782199 0.738187 0.803022 0.727748 0.947903 0.962789 0.432553 0.355784 0.646102 0.656112 0.536980 0.582612 0.709885 0.664240 0.590991 0.717433 0.974487 0.878243 0.764705 0.808097 0.736476 0.676471 0.603869 0.594645 0.745384 0.745097 0.931163 0.826856 0.761852 0.772171 0.881442 0.941404 0.695131 0.867550 0.358126 0.346216 0.691644 0.769899 0.687114 0.523499 0.578091 0.376295 0.808455 0.608861 0.592351 0.597680 0.563642 0.640776 0.700329 0.706301 0.714707 0.590050 0.930252 0.845349 0.794280 0.769011 0.542797 0.658543 0.263035 0.450829 0.541890 0.580141 0.731368 0.613409 0.930171 0.977488 0.821019 0.709149 0.718368 0.929635 0.684388 0.926814 0.719583 0.957884 0.581034 0.742810 0.621910 0.644159 0.702484 0.812774 0.615449 0.740662 0.537010 0.777747 0.990160 0.837535 0.854334 0.828939 0.940817 0.727474 0.950789 0.929287 0.823254 0.976980
0.428743 0.662428 0.371720 0.282059 0.808089 0.617461 0.278123 0.238199 0.685951 0.757650 0.309416 0.476247 0.357525 0.361037 0.625157 0.557469 0.736174 0.652192 0.000000 0.344913 0.890064 0.913991 0.408591 0.421155 0.740836 0.574429 0.980524 0.794436 0.529565 0.677612 0.388895 0.446116 0.293675 0.258658 0.447377 0.692460 0.656700 0.949789 0.900473 0.891503 0.799996 0.916881 0.442552 0.500368 0.589052 0.644595 0.460623 0.505561 0.969448 0.899972 0.798127 0.880941 0.831854 0.935948 0.644222 0.778742 0.664896 0.791522 0.506777 0.746149 0.448974 0.614985 0.451861 0.749825 0.455620 0.388876 0.331888 0.312965 0.843217 0.878102 0.524677 0.567346 0.756260 0.685118 0.756445 0.787228 0.588379 0.638879 0.809196 0.812761 0.714538 0.645823 0.662991 0.891458 0.401461 0.463416 0.795092 0.769518 0.677717 0.700096 0.580153 0.762077 0.698801 0.791163 0.785401 0.740360 0.759945 0.781965 0.498052 0.461974 0.559334 0.615891 0.663914 0.674239 0.588027 0.644777 0.914837 0.706141 0.769750 0.976125 0.937172 0.767715 0.747292 0.980262 0.953548 0.890962
0.370012 0.491099 0.552853 0.416563 0.909697 0.644524 0.438736 0.327465 0.730924 0.859776 0.414589 0.399309 0.422308 0.409008 0.682633 0.524932 0.581983 0.514011 0.344913 0.000000 0.823194 0.978856 0.570943 0.472678 0.758531 0.631658 0.949821 0.786069 0.405078 0.596993 0.512552 0.466121 0.322411 0.349520 0.657270 0.769892 0.682774 0.988390 0.923656 0.883376 0.851454 0.914060 0.502474 0.550272 0.617561 0.620404 0.492366 0.531129 0.909585 0.812507 0.786672 0.854560 0.897930 0.967656 0.673278 0.757862 0.526901 0.598474 0.512379 0.694579 0.500102 0.522036 0.460112 0.638058 0.557559 0.444491 0.490367 0.458743 0.647701 0.726632 0.629417 0.713865 0.698758 0.641360 0.745256 0.663757 0.653291 0.726790 0.751562 0.770298 0.547158 0.454450 0.571162 0.755293 0.455481 0.458018 0.745538 0.725254 0.781693 0.683349 0.708100 0.908494 0.811062 0.933672 0.730819 0.969812 0.745295 0.759563 0.565904 0.510882 0.641331 0.662443 0.595873 0.700644 0.544866 0.721922 0.962340 0.799286 0.761944 0.999451 0.977906 0.758408 0.809051 0.931397 0.830846 0.921037
0.818098 0.893771 0.732467 0.784517 0.845970 0.827994 0.759966 0.854033 0.704418 0.885860 0.852620 0.844513 0.688374 0.828412 0.649442 0.614638 0.844807 0.800880 0.890064 0.823194 0.000000 0.934657 0.713216 0.798229 0.758404 0.751957 0.829908 0.990174 0.865033 0.724395 0.763330 0.890029 0.747429 0.765802 0.866887 0.845476 0.698273 0.670798 0.967627 0.787045 0.834892 0.977773 0.883035 0.922910 0.894106 0.926980 0.845394 0.892002 0.891840 0.932642 0.906866 0.937523 0.945486 0.802683 0.823934 0.835780 0.959947 0.896421 0.725038 0.804823 0.702079 0.814380 0.760573 0.794569 0.666840 0.753573 0.715204 0.782974 0.739411 0.969984 0.674154 0.786510 0.975243 0.955946 0.998690 0.905032 0.828872 0.753346 0.980297 0.766797 0.719015 0.882610 0.750922 0.876924 0.747047 0.733953 0.743794 0.772770 0.814117 0.930364 0.813681 0.840244 0.882163 0.741305 0.822109 0.889617 0.851212 0.994569 0.782370 0.897075 0.939236 0.987508 0.879420 0.929741 0.838178 0.718859 0.848856 0.915114 0.979008 0.935078 0.978389 0.823130 0.947449 0.922688 0.813009 0.932770
0.973757 0.930418 0.947684 0.966380 0.870938 0.938480 0.982392 0.994576 0.951878 0.961935 0.823138 0.975186 0.950114 0.992683 0.926259 0.983221 0.983370 0.888237 0.913991 0.978856 0.934657 0.000000 0.971572 0.937394 0.844921 0.970341 0.818708 0.834243 0.982157 0.936392 0.912777 0.947945 0.982229 0.991156 0.951403 0.940778 0.937489 0.983923 0.995231 0.926320 0.964756 0.951948 0.989406 0.982901 0.891656 0.958423 0.982083 0.979666 0.984461 0.983999 0.802388 0.857889 0.940798 0.853436 0.994083 0.989217 0.917385 0.926798 0.977769 0.949826 0.987930 0.988753 0.978888 0.897916 0.985774 0.983872 0.998625 0.990922 0.775932 0.854226 0.911472 0.905156 0.939758 0.911126 0.854208 0.937251 0.901637 0.783111 0.938435 0.926165 0.919945 0.955871 0.776329 0.936026 0.973890 0.870783 0.994468 0.980783 0.849363 0.839857 0.938119 0.940255 0.916375 0.967669 0.900882 0.923669 0.900790 0.908318 0.921725 0.927412 0.979544 0.856567 0.827779 0.980581 0.807618 0.946474 0.928740 0.960957 0.909214 0.998962 0.848441 0.927400 0.914420 0.951558 0.862428 0.996058
0.582376 0.836221 0.264458 0.287401 0.688471 0.838920 0.293499 0.370549 0.511925 0.719317 0.466005 0.601464 0.299282 0.393866 0.322386 0.367404 0.891284 0.782199 0.408591 0.570943 0.713216 0.971572 0.000000 0.322693 0.529606 0.500450 0.849283 0.918466 0.679809 0.591098 0.303409 0.414262 0.310017 0.301957 0.470378 0.706681 0.564520 0.856880 0.912982 0.933236 0.880515 0.827703 0.617533 0.714146 0.786118 0.821344 0.611570 0.571375 0.774154 0.889382 0.843912 0.847650 0.861804 0.814282 0.745730 0.822123 0.940265 0.914549 0.520183 0.672046 0.314724 0.594682 0.413627 0.657328 0.264955 0.339787 0.371983 0.370618 0.889380 0.997386 0.496857 0.520637 0.936411 0.916869 0.778225 0.876871 0.646900 0.627834 0.838553 0.752717 0.749794 0.810954 0.603294 0.912646 0.266844 0.377311 0.776672 0.851437 0.610633 0.578835 0.661582 0.776146 0.768002 0.712739 0.720090 0.795914 0.769781 0.838504 0.658161 0.624622 0.737136 0.749885 0.865714 0.883852 0.670895 0.541581 0.948092 0.700675 0.857480 0.959888 0.834338 0.956279 0.915612 0.952735 0.834512 0.944525
0.603900 0.742201 0.391856 0.298276 0.926621 0.795627 0.437502 0.430276 0.733461 0.955718 0.457180 0.591377 0.380196 0.406410 0.567431 0.471994 0.861222 0.738187 0.421155 0.472678 0.798229 0.937394 0.322693 0.000000 0.469999 0.497653 0.860017 0.839099 0.686319 0.588190 0.357873 0.330422 0.342924 0.356430 0.629815 0.774234 0.672978 0.891447 0.799286 0.959488 0.998411 0.761081 0.685795 0.751185 0.835802 0.859133 0.619120 0.597569 0.831713 0.918942 0.919713 0.971004 0.955335 0.976721 0.679328 0.811792 0.824953 0.891261 0.679241 0.768561 0.441628 0.597133 0.492687 0.709375 0.410014 0.347015 0.513711 0.431582 0.818378 0.947323 0.704362 0.749831 0.949573 0.901148 0.681192 0.832199 0.836371 0.775692 0.767096 0.672592 0.677492 0.579711 0.525667 0.807301 0.344933 0.282105 0.776211 0.583194 0.590068 0.577110 0.885072 0.964081 0.992929 0.961904 0.764332 0.830123 0.854840 0.971474 0.802347 0.758210 0.801526 0.887713 0.941447 0.918502 0.738792 0.778194 0.962007 0.996839 0.831097 0.932923 0.875535 0.995848 0.972527 0.993908 0.857488 0.839712
0.828344 0.852392 0.495099 0.506072 0.917598 0.999431 0.638676 0.700453 0.740728 0.974584 0.895458 0.972648 0.788013 0.845356 0.675064 0.588326 0.910239 0.803022 0.740836 0.758531 0.758404 0.844921 0.529606 0.469999 0.000000 0.392086 0.738231 0.979816 0.906015 0.699683 0.439437 0.535082 0.648177 0.633137 0.670390 0.710808 0.521066 0.682358 0.753467 0.949842 0.902543 0.916342 0.827045 0.874126 0.836558 0.877841 0.743604 0.770984 0.983416 0.924167 0.741581 0.909905 0.922681 0.843170 0.710198 0.799177 0.968750 0.909484 0.969047 0.969311 0.785499 0.861341 0.826478 0.865155 0.505816 0.647492 0.654892 0.675131 0.662376 0.906210 0.686975 0.810185 0.938789 0.978109 0.857186 0.987005 0.763145 0.770232 0.810761 0.827280 0.687730 0.587942 0.550486 0.715369 0.546443 0.440041 0.990829 0.771704 0.649910 0.578355 0.899671 0.988142 0.880071 0.995010 0.660249 0.854172 0.731670 0.857188 0.869325 0.904847 0.951045 0.970403 0.942597 0.995935 0.810466 0.879944 0.819621 0.947912 0.968930 0.941404 0.822614 0.961591 0.885940 0.908026 0.941984 0.875533
0.715354 0.820733 0.345362 0.394548 0.955502 0.817000 0.430842 0.513613 0.543479 0.873178 0.674289 0.809604 0.641912 0.746214 0.625787 0.445403 0.892961 0.727748 0.574429 0.631658 0.751957 0.970341 0.500450 0.497653 0.392086 0.000000 0.883430 0.959014 0.647861 0.703259 0.406612 0.485594 0.544008 0.543474 0.661863 0.654410 0.457044 0.699669 0.969733 0.998559 0.951587 0.983406 0.597457 0.691904 0.574660 0.593736 0.596911 0.608506 0.808464 0.738253 0.591481 0.736133 0.709136 0.699766 0.530998 0.771116 0.966188 0.944637 0.786367 0.980946 0.643154 0.759820 0.784798 0.892422 0.408125 0.562823 0.520285 0.569664 0.722230 0.939051 0.625153 0.664000 0.754646 0.798934 0.908175 0.976008 0.591365 0.666096 0.682999 0.825341 0.703878 0.613337 0.665952 0.735079 0.519109 0.481382 0.948397 0.824070 0.737144 0.714674 0.665984 0.807422 0.709340 0.755535 0.646484 0.802038 0.647744 0.827525 0.677235 0.707554 0.831547 0.896477 0.814388 0.876925 0.738754 0.780245 0.828548 0.809031 0.783888 0.955890 0.848561 0.949721 0.931552 0.852621 0.921577 0.884895
0.998870 0.984735 0.937930 0.939229 0.867743 0.987863 0.992656 0.929951 0.997915 0.924382 0.899278 0.967700 0.922699 0.974468 0.839496 0.892862 0.977917 0.947903 0.980524 0.949821 0.829908 0.818708 0.849283 0.860017 0.738231 0.883430 0.000000 0.887443 0.878457 0.939516 0.910137 0.949508 0.945261 0.945047 0.996503 0.798825 0.866463 0.810231 0.838657 0.907934 0.764182 0.984449 0.900216 0.944407 0.905400 0.837451 0.913865 0.842749 0.759195 0.844406 0.957985 0.947048 0.832313 0.959103 0.994892 0.927072 0.951646 0.946122 0.997421 0.951912 0.943307 0.996037 0.900446 0.893438 0.887201 0.821188 0.895184 0.843123 0.936551 0.928190 0.969297 0.991960 0.805751 0.839940 0.982734 0.914387 0.972926 0.886221 0.955549 0.898089 0.853889 0.954400 0.855661 0.886709 0.859581 0.777887 0.944471 0.955189 0.733027 0.853008 0.940739 0.908856 0.962353 0.984484 0.818438 0.960737 0.964001 0.879026 0.937273 0.944631 0.879524 0.874708 0.968531 0.994748 0.990824 0.952903 0.956444 0.946850 0.918677 0.849132 0.933526 0.943592 0.822482 0.816735 0.859490 0.955687
0.842890 0.968297 0.870414 0.793942 0.830083 0.722652 0.848804 0.835314 0.812215 0.943102 0.850265 0.917396 0.829930 0.788004 0.794309 0.884774 0.970947 0.962789 0.794436 0.786069 0.990174 0.834243 0.918466 0.839099 0.979816 0.959014 0.887443 0.000000 0.917610 0.994226 0.827715 0.949312 0.815474 0.857198 0.838817 0.954497 0.856641 0.998244 0.917952 0.984538 0.982709 0.826643 0.841571 0.847713 0.947163 0.982942 0.900744 0.956395 0.874298 0.928259 0.967838 0.969529 0.970030 0.934014 0.979378 0.880717 0.938133 0.860278 0.816647 0.924837 0.917304 0.909445 0.864619 0.969324 0.913688 0.920873 0.809207 0.811173 0.987576 0.891992 0.904649 0.803960 0.843535 0.854532 0.959556 0.919387 0.884596 0.936248 0.855814 0.937679 0.985293 0.993733 0.976437 0.904957 0.911942 0.857226 0.966997 0.959506 0.999578 0.935116 0.759061 0.790599 0.815327 0.858238 0.870767 0.979202 0.993929 0.987191 0.795344 0.864106 0.823322 0.835870 0.759585 0.777221 0.842497 0.930429 0.927791 0.897277 0.913019 0.764740 0.993735 0.966240 0.930131 0.850363 0.895612 0.940354
0.425695 0.456307 0.631089 0.581101 0.908465 0.814076 0.558697 0.435280 0.656154 0.778000 0.566973 0.437707 0.581331 0.590312 0.718933 0.484604 0.470829 0.432553 0.529565 0.405078 0.865033 0.982157 0.679809 0.686319 0.906015 0.647861 0.878457 0.917610 0.000000 0.505440 0.580904 0.693113 0.444136 0.510444 0.621512 0.919668 0.625001 0.848489 0.890126 0.954682 0.824355 0.873743 0.599552 0.595093 0.530785 0.499982 0.661298 0.597334 0.791126 0.699788 0.729635 0.728615 0.766140 0.891990 0.617721 0.659276 0.513220 0.508096 0.517725 0.684095 0.515026 0.469502 0.524551 0.528074 0.647372 0.577263 0.571370 0.596773 0.679581 0.608505 0.676179 0.639551 0.591990 0.563598 0.859352 0.758654 0.720417 0.756330 0.585839 0.752425 0.501728 0.549063 0.646662 0.639412 0.593144 0.649146 0.727861 0.926960 0.851183 0.791401 0.661560 0.881098 0.770032 0.848696 0.692063 0.972584 0.550526 0.846404 0.595016 0.545930 0.639293 0.837194 0.606957 0.807048 0.523873 0.714371 0.942471 0.740237 0.580159 0.813090 0.848321 0.773233 0.773623 0.814765 0.839220 0.959077
0.496110 0.486218 0.736825 0.668443 0.944371 0.904226 0.725132 0.646351 0.756136 0.924021 0.642662 0.433410 0.624078 0.567929 0.709240 0.448855 0.478453 0.355784 0.677612 0.596993 0.724395 0.936392 0.591098 0.588190 0.699683 0.703259 0.939516 0.994226 0.505440 0.000000 0.585395 0.637601 0.492904 0.531058 0.721034 0.853618 0.594864 0.731640 0.920352 0.843216 0.835885 0.841070 0.912632 0.851758 0.817434 0.818350 0.880774 0.785861 0.845779 0.941559 0.920084 0.932022 0.981388 0.951513 0.747619 0.902047 0.527172 0.474156 0.672800 0.675955 0.539142 0.471221 0.448561 0.332825 0.668839 0.542218 0.642768 0.626268 0.659538 0.814488 0.762479 0.792134 0.911352 0.791054 0.870073 0.936928 0.883064 0.777455 0.622642 0.547828 0.321892 0.524706 0.529845 0.574099 0.604487 0.520303 0.930690 0.886292 0.707725 0.626971 0.843317 0.935456 0.843463 0.981878 0.733497 0.988104 0.714348 0.924300 0.784624 0.819953 0.800014 0.958461 0.831398 0.991611 0.669624 0.789448 0.979196 0.913552 0.939158 0.834098 0.917175 0.808783 0.851914 0.969112 0.804418 0.968039
0.551801 0.749735 0.293370 0.278649 0.781029 0.862311 0.341732 0.355025 0.600202 0.778877 0.480410 0.630452 0.437900 0.448418 0.456704 0.389212 0.766339 0.646102 0.388895 0.512552 0.763330 0.912777 0.303409 0.357873 0.439437 0.406612 0.910137 0.827715 0.580904 0.585395 0.000000 0.351006 0.323957 0.348604 0.475774 0.715621 0.490503 0.790503 0.931605 0.937027 0.849032 0.952743 0.592447 0.654048 0.671359 0.716428 0.645775 0.628392 0.923816 0.986842 0.790184 0.895242 0.852830 0.872765 0.709063 0.762128 0.774736 0.804421 0.622646 0.824331 0.430540 0.627712 0.504563 0.674180 0.364486 0.430472 0.422064 0.418137 0.728102 0.915796 0.521544 0.470011 0.769460 0.710129 0.754095 0.854119 0.672254 0.704499 0.683363 0.710332 0.664395 0.652552 0.564560 0.763701 0.373323 0.393458 0.811896 0.816102 0.676546 0.628829 0.651396 0.825468 0.705936 0.813757 0.672661 0.791209 0.628431 0.794127 0.663617 0.612679 0.681692 0.718069 0.792852 0.861824 0.586827 0.607526 0.929363 0.733381 0.802599 0.951009 0.791517 0.964999 0.893503 0.968323 0.864760 0.905841
0.636304 0.792657 0.438094 0.395111 0.939597 0.818695 0.454332 0.462497 0.837763 0.965654 0.494059 0.668250 0.484188 0.469153 0.652174 0.484634 0.849192 0.656112 0.446116 0.466121 0.890029 0.947945 0.414262 0.330422 0.535082 0.485594 0.949508 0.949312 0.693113 0.637601 0.351006 0.000000 0.410832 0.424624 0.673737 0.683982 0.673092 0.988512 0.774195 0.904071 0.968907 0.798179 0.666202 0.661823 0.812798 0.800469 0.658243 0.639765 0.910448 0.995981 0.899814 0.999807 0.991893 0.992784 0.757658 0.995163 0.785066 0.868835 0.770519 0.939423 0.572266 0.714284 0.591897 0.799209 0.495831 0.462461 0.545615 0.483730 0.866363 0.927924 0.753266 0.714930 0.820041 0.755939 0.797836 0.773847 0.864759 0.767099 0.758660 0.679894 0.698405 0.605991 0.624259 0.888020 0.449940 0.400342 0.823768 0.764383 0.842827 0.765288 0.811315 0.986841 0.864834 0.955954 0.734439 0.808308 0.897053 0.884974 0.788848 0.771391 0.684237 0.724910 0.871950 0.853250 0.715886 0.829475 0.964906 0.950729 0.941839 0.962950 0.971744 0.976451 0.997125 0.950875 0.885983 0.890465
0.350021 0.542135 0.379538 0.300243 0.733364 0.726914 0.317961 0.258610 0.608836 0.816892 0.361076 0.359686 0.295238 0.279775 0.478537 0.385884 0.652873 0.536980 0.293675 0.322411 0.747429 0.982229 0.310017 0.342924 0.648177 0.544008 0.945261 0.815474 0.444136 0.492904 0.323957 0.410832 0.000000 0.257974 0.470730 0.692203 0.532206 0.824548 0.907561 0.988809 0.839083 0.898121 0.527635 0.609738 0.653630 0.688956 0.505123 0.533563 0.904431 0.984138 0.844858 0.902585 0.938475 0.996855 0.720788 0.736918 0.595277 0.623980 0.408217 0.564631 0.281243 0.425518 0.292489 0.494392 0.335640 0.273454 0.322600 0.296430 0.768768 0.804728 0.555033 0.538558 0.790395 0.747812 0.753826 0.785436 0.610190 0.684254 0.675101 0.675785 0.537651 0.574713 0.529659 0.749702 0.280003 0.332195 0.758632 0.788003 0.631602 0.578441 0.659228 0.889759 0.759778 0.853562 0.761797 0.800790 0.679833 0.755538 0.546047 0.521831 0.654352 0.678235 0.702148 0.812834 0.560119 0.578735 0.988223 0.730276 0.733120 0.949991 0.874799 0.825626 0.847559 0.935055 0.896238 0.855738
0.352997 0.573652 0.320534 0.259200 0.746453 0.672123 0.280447 0.244984 0.576229 0.734679 0.333456 0.408700 0.291658 0.311190 0.481907 0.420610 0.641062 0.582612 0.258658 0.349520 0.765802 0.991156 0.301957 0.356430 0.633137 0.543474 0.945047 0.857198 0.510444 0.531058 0.348604 0.424624 0.257974 0.000000 0.422035 0.708127 0.538196 0.834226 0.864291 0.921278 0.840741 0.923673 0.448166 0.502227 0.599980 0.646789 0.459517 0.486003 0.965096 0.923973 0.747904 0.797186 0.815161 0.868097 0.634611 0.832710 0.638700 0.696285 0.429591 0.627631 0.330675 0.505879 0.353353 0.570860 0.356451 0.304601 0.298303 0.262269 0.715932 0.862646 0.477036 0.523652 0.782257 0.705003 0.755614 0.766783 0.617294 0.586660 0.755802 0.767089 0.594888 0.595553 0.501312 0.763480 0.315329 0.355072 0.774279 0.801784 0.561894 0.574604 0.579572 0.769649 0.676481 0.761159 0.711906 0.813882 0.695456 0.791319 0.488322 0.464522 0.603747 0.662036 0.633990 0.684751 0.512774 0.575879 0.944815 0.637610 0.715208 0.964160 0.885234 0.753911 0.814614 0.990675 0.795478 0.846539
0.512425 0.752777 0.454982 0.426737 0.666036 0.764140 0.414987 0.419999 0.566457 0.664948 0.562066 0.631916 0.518637 0.561335 0.546734 0.559699 0.766846 0.709885 0.447377 0.657270 0.866887 0.951403 0.470378 0.629815 0.670390 0.661863 0.996503 0.838817 0.621512 0.721034 0.475774 0.673737 0.470730 0.422035 0.000000 0.762304 0.593172 0.741621 0.934701 0.945650 0.811181 0.826250 0.535493 0.587894 0.598236 0.674341 0.557865 0.592185 0.988502 0.873969 0.697309 0.744026 0.673241 0.758752 0.649634 0.718684 0.822927 0.851139 0.507637 0.781813 0.503102 0.720752 0.562271 0.685036 0.443850 0.532252 0.340616 0.429907 0.863009 0.903119 0.451688 0.537176 0.713607 0.723018 0.992622 0.914399 0.606110 0.614176 0.775048 0.909198 0.704001 0.748658 0.693048 0.828534 0.493721 0.559485 0.811390 0.967163 0.676264 0.691425 0.465484 0.651238 0.571131 0.579666 0.717179 0.697595 0.628576 0.667866 0.503916 0.548545 0.640309 0.681662 0.618212 0.717430 0.633103 0.517415 0.978112 0.591397 0.652358 0.832842 0.777497 0.872333 0.806648 0.869356 0.894402 0.886125
0.796200 0.810575 0.736895 0.693442 0.893994 0.864326 0.656202 0.669219 0.953762 0.777233 0.874153 0.835934 0.824038 0.754879 0.753151 0.656676 0.822587 0.664240 0.692460 0.769892 0.845476 0.940778 0.706681 0.774234 0.710808 0.654410 0.798825 0.954497 0.919668 0.853618 0.715621 0.683982 0.692203 0.708127 0.762304 0.000000 0.633513 0.799257 0.901661 0.942316 0.765169 0.996546 0.732145 0.829720 0.725058 0.796815 0.751191 0.799725 0.978281 0.898533 0.677398 0.739374 0.786386 0.772188 0.861085 0.920536 0.844664 0.826785 0.854934 0.996059 0.827096 0.858502 0.828707 0.859392 0.705948 0.649968 0.561999 0.580629 0.991219 0.889964 0.622425 0.647023 0.945860 0.863256 0.978122 0.963815 0.636310 0.827608 0.960017 0.997748 0.728013 0.843592 0.714463 0.994015 0.672183 0.640403 0.931034 0.992851 0.854313 0.840003 0.685982 0.810804 0.634238 0.767725 0.775153 0.701010 0.847647 0.634204 0.688605 0.777636 0.789418 0.774390 0.771377 0.771513 0.758690 0.828917 0.976438 0.840124 0.956363 0.958655 0.795964 0.757088 0.901782 0.942446 0.933693 0.987893
0.614350 0.750872 0.499926 0.565521 0.780912 0.832934 0.567257 0.596517 0.593912 0.758045 0.747836 0.754535 0.710364 0.687998 0.558183 0.425344 0.735725 0.590991 0.656700 0.682774 0.698273 0.937489 0.564520 0.672978 0.521066 0.457044 0.866463 0.856641 0.625001 0.594864 0.490503 0.673092 0.532206 0.538196 0.593172 0.633513 0.000000 0.580506 0.850417 0.878475 0.773450 0.889152 0.710458 0.765126 0.683479 0.717559 0.683381 0.745267 0.971138 0.868753 0.672801 0.748656 0.773907 0.755333 0.767794 0.750988 0.795291 0.756504 0.679581 0.941029 0.646941 0.776466 0.631866 0.677653 0.549114 0.645855 0.500022 0.534045 0.779836 0.920751 0.567342 0.543741 0.754916 0.760385 0.938295 0.968081 0.648128 0.764584 0.621921 0.834473 0.576418 0.722074 0.628990 0.673212 0.585538 0.574076 0.970624 0.989407 0.679129 0.674517 0.604308 0.735796 0.572289 0.726529 0.711566 0.914133 0.606701 0.809348 0.589448 0.683696 0.793627 0.862829 0.668180 0.881825 0.582865 0.762298 0.820462 0.609571 0.806279 0.932673 0.814950 0.817694 0.927182 0.854312 0.948434 0.888830
0.831625 0.906617 0.794367 0.838938 0.846501 0.976309 0.848408 0.908211 0.726669 0.927752 0.997176 0.906733 0.905680 0.988395 0.787114 0.737598 0.796741 0.717433 0.949789 0.988390 0.670798 0.983923 0.856880 0.891447 0.682358 0.699669 0.810231 0.998244 0.848489 0.731640 0.790503 0.988512 0.824548 0.834226 0.741621 0.799257 0.580506 0.000000 0.981473 0.840079 0.900509 0.809573 0.935949 0.972713 0.806050 0.885026 0.911982 0.951012 0.942584 0.996151 0.901490 0.909725 0.915342 0.900622 0.813405 0.889892 0.918399 0.867333 0.879403 0.983652 0.867184 0.921965 0.843699 0.721336 0.787919 0.878422 0.712679 0.825808 0.884574 0.947595 0.735311 0.775328 0.960060 0.992886 0.959317 0.833393 0.900178 0.967598 0.881811 0.976436 0.735820 0.850220 0.777248 0.818003 0.882435 0.859027 0.957546 0.865615 0.893252 0.991307 0.747286 0.851519 0.690569 0.776926 0.856290 0.903584 0.736217 0.851367 0.841706 0.914245 0.919190 0.990585 0.885516 0.935854 0.805315 0.839238 0.712507 0.823398 0.827431 0.926709 0.996970 0.876709 0.940376 0.749445 0.866157 0.884624
