0.000000 0.412497 0.816652 0.807682 0.663200 0.879489 0.920541 0.733017 0.973187 0.671750 0.460980 0.356852 0.428839 0.561074 0.612464 0.717222 0.489457 0.442598 0.373524 0.383561 0.998645 0.993223 0.593334 0.944468 0.677538 0.492100 0.916863 0.951458 0.462021 0.554517 0.980664 0.950043 0.704827 0.828359 0.859561 0.884333 0.780592 0.965355 0.977628 0.953170 0.853813 0.883062 0.829382 0.904893 0.933965 0.953289 0.791047 0.906760 0.620616 0.802402 0.951655 0.982986 0.928328 0.605978 0.758993 0.985433 0.378567 0.394492 0.506559 0.541768 0.712168 0.659021 0.460252 0.385514 0.671473 0.653983 0.747460 0.682706 0.371935 0.446610 0.999638 0.912477 0.980533 0.900379 0.891128 0.924248 0.970113 0.720957 0.870099 0.774542 0.460141 0.450042 0.639569 0.660858 0.455737 0.920623 0.869241 0.693320 0.608102 0.540954 0.826432 0.756883 0.667738 0.602464 0.904361 0.942801 0.981601 0.938599 0.866363 0.928352 0.880760 0.770317 0.946504 0.918550 0.984888 0.919270 0.984151 0.664054 0.922424 0.880097 0.969051 0.893748 0.821317 0.998362 0.957386 0.935865
0.412497 0.000000 0.555260 0.769995 0.775047 0.707854 0.770882 0.802351 0.828438 0.762402 0.796377 0.412258 0.705745 0.530603 0.695943 0.659063 0.388199 0.318421 0.457846 0.395467 0.881694 0.954443 0.748157 0.898095 0.899120 0.545135 0.861569 0.803739 0.434571 0.452632 0.856464 0.981319 0.905554 0.873930 0.725959 0.882930 0.822053 0.814025 0.909543 0.791084 0.920344 0.899040 0.941590 0.806195 0.853733 0.671776 0.638991 0.714589 0.369018 0.537622 0.792929 0.833995 0.973495 0.711750 0.668542 0.811900 0.292897 0.303878 0.841277 0.767772 0.921571 0.739400 0.711505 0.553087 0.665669 0.647181 0.517570 0.654951 0.581709 0.471241 0.687008 0.581836 0.793276 0.799223 0.947143 0.966841 0.946116 0.745471 0.743585 0.729858 0.442007 0.388092 0.432445 0.500714 0.417094 0.855426 0.935769 0.585403 0.845331 0.727205 0.537762 0.519501 0.447508 0.401010 0.864317 0.995053 0.845042 0.919329 0.913348 0.977999 0.652084 0.591893 0.874527 0.810157 0.806235 0.854769 0.937629 0.580518 0.939142 0.986230 0.919323 0.897477 0.761730 0.909936 0.996467 0.890933
0.816652 0.555260 0.000000 0.443890 0.990969 0.563920 0.403989 0.635065 0.845700 0.933714 0.958047 0.859583 0.823538 0.929466 0.937627 0.987654 0.804458 0.681236 0.971963 0.859770 0.786682 0.852059 0.835211 0.839500 0.895586 0.577808 0.810031 0.902460 0.836895 0.895518 0.503392 0.555328 0.585074 0.633586 0.545759 0.828421 0.989243 0.769842 0.964944 0.922972 0.825081 0.849229 0.742463 0.848636 0.778106 0.938773 0.794985 0.831949 0.669298 0.875427 0.837652 0.878818 0.743674 0.601863 0.928671 0.819735 0.704720 0.638643 0.926422 0.956571 0.608542 0.904146 0.821319 0.990947 0.509383 0.570207 0.337492 0.455999 0.798937 0.833788 0.519857 0.559631 0.615129 0.694006 0.883623 0.918734 0.843363 0.660167 0.961694 0.913979 0.878948 0.794459 0.737942 0.832276 0.891026 0.929748 0.960855 0.955032 0.951624 0.923252 0.507876 0.685337 0.563746 0.670440 0.698380 0.948957 0.694480 0.973315 0.697108 0.642797 0.565331 0.647599 0.682437 0.664541 0.619436 0.635717 0.864947 0.795579 0.993867 0.792440 0.702675 0.841410 0.843051 0.889189 0.813346 0.979893
0.807682 0.769995 0.443890 0.000000 0.977050 0.746958 0.567571 0.571128 0.978414 0.980884 0.841805 0.934884 0.930228 0.740423 0.908580 0.782655 0.836278 0.831807 0.959442 0.986009 0.785603 0.778206 0.779113 0.585192 0.707188 0.498944 0.925111 0.963734 0.903881 0.984897 0.515025 0.534665 0.752247 0.711325 0.667206 0.833280 0.932017 0.834748 0.846578 0.880948 0.739576 0.900121 0.574448 0.670586 0.706717 0.803989 0.684306 0.718253 0.838837 0.960490 0.681805 0.652553 0.584443 0.480274 0.917463 0.849590 0.787616 0.706393 0.817319 0.876648 0.905378 0.949962 0.974626 0.827610 0.505386 0.473281 0.540162 0.552917 0.753623 0.764741 0.665337 0.634702 0.619161 0.711257 0.918714 0.902625 0.668083 0.509088 0.930763 0.953793 0.900483 0.936112 0.998637 0.941747 0.936493 0.614805 0.945940 0.835054 0.845680 0.999272 0.624899 0.812953 0.684826 0.837739 0.644413 0.834647 0.783963 0.907858 0.774247 0.692644 0.726559 0.749331 0.788097 0.837722 0.717690 0.642484 0.866949 0.820078 0.985717 0.885312 0.663022 0.795509 0.808193 0.873327 0.906254 0.993109
0.663200 0.775047 0.990969 0.977050 0.000000 0.993721 0.867548 0.804349 0.857751 0.850899 0.758898 0.686928 0.684793 0.657390 0.604583 0.640335 0.757155 0.800571 0.706830 0.676901 0.940117 0.935557 0.618757 0.653646 0.973004 0.789601 0.717485 0.859216 0.753618 0.751389 0.980231 0.915126 0.803314 0.919497 0.954408 0.872000 0.886261 0.916508 0.962521 0.960195 0.994076 0.920803 0.993667 0.975837 0.944125 0.959256 0.915044 0.903203 0.816917 0.798533 0.904169 0.922385 0.929406 0.877976 0.797318 0.901009 0.748870 0.874801 0.803274 0.886041 0.908507 0.684768 0.849690 0.761943 0.925329 0.964702 0.973438 0.823511 0.757364 0.715248 0.917751 0.951607 0.861437 0.895742 0.946976 0.974475 0.916556 0.863513 0.936976 0.959779 0.765479 0.770659 0.773741 0.837476 0.653767 0.767278 0.712485 0.668275 0.763675 0.751110 0.984515 0.977139 0.911402 0.865588 0.889564 0.975517 0.949865 0.946261 0.871301 0.850649 0.887178 0.970301 0.998326 0.865767 0.934364 0.997023 0.896508 0.894511 0.898522 0.689880 0.961293 0.873382 0.947924 0.905620 0.914708 0.892018
0.879489 0.707854 0.563920 0.746958 0.993721 0.000000 0.534477 0.747670 0.735134 0.910842 0.753904 0.936117 0.824588 0.947102 0.899516 0.885129 0.856368 0.810952 0.908511 0.811794 0.706670 0.994924 0.999277 0.943460 0.950540 0.744833 0.882291 0.912167 0.819309 0.866727 0.753108 0.702807 0.783252 0.812132 0.787717 0.913488 0.985111 0.893884 0.881190 0.892017 0.899994 0.963607 0.890822 0.951210 0.956743 0.945393 0.972844 0.975909 0.758345 0.835805 0.948904 0.968718 0.906659 0.791627 0.991789 0.947262 0.677091 0.665637 0.882800 0.851427 0.594940 0.841825 0.813937 0.944299 0.784278 0.634234 0.518945 0.657668 0.723370 0.827035 0.604072 0.645664 0.866436 0.715237 0.681756 0.833551 0.819626 0.758902 0.998365 0.926190 0.965041 0.864766 0.775811 0.785053 0.852650 0.916775 0.847953 0.947674 0.974483 0.915361 0.655426 0.692156 0.704271 0.686190 0.861211 0.932949 0.836320 0.984385 0.829751 0.707081 0.718431 0.813331 0.714692 0.757895 0.693575 0.786079 0.727997 0.850868 0.951551 0.933643 0.859155 0.788619 0.999467 0.966452 0.733316 0.931531
0.920541 0.770882 0.403989 0.567571 0.867548 0.534477 0.000000 0.407727 0.626692 0.573222 0.735705 0.871405 0.573955 0.752663 0.734193 0.782094 0.978298 0.904619 0.807036 0.976153 0.822363 0.867725 0.646267 0.888172 0.839771 0.812539 0.839832 0.883336 0.832846 0.837456 0.364338 0.461286 0.394318 0.435854 0.646808 0.865789 0.911575 0.848210 0.972754 0.868654 0.921343 0.874145 0.726215 0.783827 0.651953 0.803095 0.755341 0.793887 0.950481 0.934455 0.659981 0.714860 0.684520 0.640097 0.860732 0.962461 0.825876 0.833357 0.660578 0.692963 0.398397 0.689008 0.495092 0.651123 0.776828 0.713481 0.390554 0.495411 0.935837 0.906600 0.456039 0.485670 0.545270 0.568681 0.775423 0.817332 0.692365 0.655216 0.832485 0.896253 0.872887 0.943459 0.875878 0.894701 0.979881 0.995892 0.981941 0.896478 0.816317 0.838194 0.503016 0.619490 0.639146 0.792612 0.703786 0.857834 0.737543 0.858870 0.456180 0.491859 0.510898 0.556833 0.550719 0.496631 0.563033 0.509445 0.900263 0.863051 0.996449 0.802866 0.733566 0.700735 0.734977 0.852296 0.851636 0.901680
0.733017 0.802351 0.635065 0.571128 0.804349 0.747670 0.407727 0.000000 0.804792 0.555581 0.764189 0.552082 0.488679 0.428837 0.642887 0.536345 0.772170 0.826495 0.599078 0.736538 0.909553 0.961381 0.583643 0.744380 0.892938 0.954245 0.952882 0.864566 0.616933 0.651146 0.498982 0.477249 0.491358 0.464438 0.753371 0.993524 0.928102 0.949239 0.941789 0.994043 0.779274 0.959890 0.504392 0.532312 0.462130 0.513032 0.463929 0.546665 0.632665 0.579578 0.488505 0.509562 0.626441 0.691374 0.691588 0.901285 0.868346 0.879874 0.658576 0.663455 0.529081 0.483142 0.471718 0.566052 0.800454 0.720820 0.633052 0.610496 0.996107 0.746037 0.709877 0.730313 0.616244 0.652467 0.801762 0.850993 0.590651 0.779413 0.817978 0.864069 0.746605 0.877925 0.825429 0.967094 0.691788 0.761579 0.980676 0.673335 0.809035 0.694580 0.713732 0.858009 0.867654 0.931525 0.717167 0.828571 0.837703 0.786568 0.473737 0.417342 0.666243 0.773622 0.627658 0.734839 0.658486 0.697131 0.815471 0.974505 0.963427 0.807798 0.683461 0.573823 0.585783 0.741355 0.831205 0.867822
0.973187 0.828438 0.845700 0.978414 0.857751 0.735134 0.626692 0.804792 0.000000 0.687490 0.738934 0.950987 0.718658 0.933293 0.757069 0.915656 0.962538 0.861868 0.983403 0.831418 0.914604 0.998021 0.866138 0.848791 0.793500 0.990328 0.992236 0.957085 0.994163 0.960651 0.847404 0.885363 0.806403 0.876560 0.847156 0.937710 0.851773 0.768082 0.816304 0.792955 0.846056 0.911583 0.956985 0.978469 0.960002 0.979371 0.962122 0.983909 0.929268 0.928280 0.907150 0.848017 0.855313 0.867339 0.938197 0.993217 0.812205 0.837597 0.715452 0.783923 0.659871 0.712358 0.841305 0.833580 0.903448 0.945522 0.663705 0.865186 0.984100 0.882102 0.728231 0.642020 0.714181 0.599020 0.830887 0.913227 0.719308 0.943914 0.947634 0.946131 0.946034 0.820060 0.737093 0.761016 0.916111 0.824150 0.857142 0.838469 0.661652 0.946881 0.577145 0.510059 0.580105 0.597038 0.715945 0.948872 0.873226 0.905295 0.637726 0.647677 0.628653 0.739800 0.644642 0.542339 0.832718 0.799141 0.974356 0.759045 0.992913 0.833705 0.887708 0.694764 0.931879 0.846447 0.850721 0.903758
0.671750 0.762402 0.933714 0.980884 0.850899 0.910842 0.573222 0.555581 0.687490 0.000000 0.658204 0.601098 0.568079 0.720047 0.531587 0.613963 0.637555 0.641180 0.564006 0.725775 0.943785 0.988523 0.482838 0.939266 0.609267 0.724747 0.944491 0.940109 0.513710 0.531095 0.642254 0.641172 0.514764 0.580159 0.827185 0.894824 0.955989 0.827863 0.866522 0.718815 0.992190 0.959398 0.932843 0.868224 0.682682 0.709628 0.731987 0.834861 0.563089 0.620136 0.672032 0.695640 0.783162 0.957937 0.826575 0.895798 0.791115 0.730791 0.625330 0.714570 0.704440 0.685298 0.490681 0.443812 0.712674 0.720991 0.969087 0.954603 0.754130 0.568247 0.758663 0.839633 0.747616 0.722397 0.727800 0.889126 0.756493 0.974709 0.703246 0.672193 0.594669 0.779106 0.786240 0.838624 0.759856 0.849337 0.889175 0.879475 0.707522 0.805250 0.926377 0.856861 0.989197 0.846284 0.917064 0.921827 0.922757 0.886137 0.695232 0.674418 0.873077 0.876443 0.815050 0.696055 0.854751 0.789393 0.956496 0.901931 0.920432 0.957511 0.883000 0.827042 0.730819 0.842076 0.991150 0.811352
0.460980 0.796377 0.958047 0.841805 0.758898 0.753904 0.735705 0.764189 0.738934 0.658204 0.000000 0.567445 0.422327 0.773998 0.734462 0.867967 0.758270 0.760379 0.692093 0.676970 0.999455 0.998308 0.771157 0.947611 0.649691 0.784086 0.997875 0.984934 0.723882 0.802475 0.932378 0.928131 0.717500 0.876984 0.910570 0.879497 0.796515 0.964459 0.978190 0.746383 0.833681 0.916698 0.785121 0.850796 0.880380 0.888546 0.960086 0.934502 0.884028 0.958302 0.952621 0.917394 0.883563 0.703781 0.945242 0.987692 0.796975 0.787079 0.444715 0.538750 0.491424 0.625923 0.504571 0.480156 0.834424 0.868064 0.953478 0.894324 0.650128 0.628787 0.858652 0.906437 0.883577 0.963381 0.760031 0.999275 0.876176 0.839238 0.990197 0.779457 0.702744 0.757685 0.968888 0.929709 0.778417 0.830394 0.974333 0.959046 0.565670 0.629834 0.882012 0.944531 0.960995 0.970913 0.974643 0.895514 0.976433 0.978984 0.744202 0.843807 0.912764 0.985895 0.721741 0.781216 0.846693 0.846301 0.904868 0.927954 0.942040 0.719408 0.983729 0.816199 0.956651 0.906850 0.908431 0.948801
0.356852 0.412258 0.859583 0.934884 0.686928 0.936117 0.871405 0.552082 0.950987 0.601098 0.567445 0.000000 0.390810 0.390051 0.483724 0.496127 0.517964 0.483692 0.420871 0.429457 0.953342 0.985782 0.557297 0.777262 0.705363 0.600222 0.950523 0.810227 0.441434 0.528641 0.963803 0.870449 0.742656 0.797529 0.863734 0.783271 0.751199 0.955587 0.969343 0.969014 0.972070 0.937890 0.972351 0.912241 0.875678 0.767964 0.710256 0.765288 0.490112 0.617144 0.796616 0.839999 0.979414 0.750214 0.758533 0.934615 0.511071 0.530829 0.592372 0.611046 0.702295 0.439835 0.516522 0.427285 0.841171 0.896645 0.823630 0.804082 0.542963 0.491769 0.982827 0.909630 0.939048 0.974758 0.829699 0.999471 0.866349 0.793300 0.863927 0.796635 0.519963 0.553652 0.621318 0.744871 0.407141 0.857038 0.797109 0.588925 0.675574 0.539870 0.865700 0.811157 0.706482 0.661630 0.928609 0.942413 0.887167 0.938802 0.848393 0.772609 0.977049 0.800849 0.970647 0.962052 0.975646 0.958917 0.957150 0.747819 0.848046 0.907638 0.908438 0.778209 0.818595 0.964513 0.975037 0.808908
0.428839 0.705745 0.823538 0.930228 0.684793 0.824588 0.573955 0.488679 0.718658 0.568079 0.422327 0.390810 0.000000 0.486145 0.499554 0.562970 0.658085 0.743408 0.489401 0.537242 0.993166 0.900081 0.494169 0.840072 0.711434 0.746565 0.943439 0.938632 0.557493 0.619672 0.713695 0.700919 0.535662 0.673881 0.931471 0.928411 0.787697 0.881429 0.963221 0.881780 0.990634 0.963730 0.976685 0.955626 0.840716 0.844151 0.703983 0.824667 0.740792 0.765421 0.792921 0.852783 0.883258 0.902779 0.720385 0.978883 0.677908 0.688701 0.479871 0.557000 0.467688 0.451771 0.447030 0.414775 0.929010 0.962213 0.849807 0.988601 0.590389 0.575863 0.667584 0.863327 0.745568 0.818602 0.753566 0.942978 0.799336 0.986720 0.901402 0.906498 0.636010 0.712869 0.788025 0.874282 0.588255 0.990610 0.774712 0.739658 0.580314 0.542917 0.858314 0.960194 0.988052 0.881464 0.915747 0.961889 0.915308 0.859301 0.621889 0.648498 0.730803 0.982527 0.704443 0.743553 0.716952 0.766509 0.880312 0.840400 0.947772 0.752561 0.796948 0.685696 0.734298 0.904438 0.886995 0.854444
0.561074 0.530603 0.929466 0.740423 0.657390 0.947102 0.752663 0.428837 0.933293 0.720047 0.773998 0.390051 0.486145 0.000000 0.481781 0.363009 0.643283 0.591677 0.418481 0.448740 0.933408 0.924273 0.473571 0.507235 0.979176 0.799617 0.931758 0.854178 0.527748 0.512044 0.778280 0.581834 0.660893 0.663431 0.981728 0.947912 0.845752 0.945474 0.833230 0.821995 0.862868 0.947010 0.633229 0.642972 0.653397 0.615484 0.503085 0.568016 0.533514 0.559917 0.564294 0.636701 0.699258 0.922586 0.633169 0.887585 0.621409 0.712641 0.873424 0.829500 0.813359 0.529444 0.630311 0.629927 0.950240 0.832485 0.977600 0.966312 0.788006 0.681793 0.918855 0.928583 0.779885 0.861869 0.805579 0.892030 0.754386 0.944751 0.882381 0.747580 0.605908 0.585979 0.512098 0.773008 0.361988 0.519058 0.828761 0.470320 0.912247 0.605454 0.923046 0.740938 0.778020 0.625638 0.913630 0.873764 0.959974 0.887511 0.831686 0.677893 0.993695 0.886600 0.952530 0.973682 0.863773 0.887501 0.844779 0.836967 0.926981 0.862816 0.924373 0.717901 0.711124 0.855002 0.948441 0.788968
0.612464 0.695943 0.937627 0.908580 0.604583 0.899516 0.734193 0.642887 0.757069 0.531587 0.734462 0.483724 0.499554 0.481781 0.000000 0.400347 0.592202 0.624557 0.481587 0.547646 0.954362 0.981345 0.390951 0.660818 0.877418 0.751474 0.968564 0.992642 0.595935 0.557041 0.742590 0.675853 0.597473 0.678346 0.974060 0.910389 0.795920 0.844044 0.957757 0.901469 0.920603 0.982713 0.868336 0.846947 0.752484 0.711667 0.688394 0.674591 0.633281 0.602713 0.636636 0.646181 0.689788 0.931962 0.741198 0.948971 0.709069 0.778488 0.830997 0.880713 0.856155 0.596224 0.676034 0.606722 0.992819 0.947678 0.988649 0.861242 0.616912 0.663251 0.796360 0.940570 0.719684 0.748322 0.669539 0.956350 0.732721 0.971284 0.860867 0.707565 0.590767 0.652680 0.638193 0.821472 0.411968 0.794070 0.639850 0.676465 0.711090 0.686226 0.984145 0.992110 0.909565 0.813747 0.850910 0.890667 0.914592 0.869476 0.853117 0.700836 0.895737 0.866130 0.896010 0.729418 0.859384 0.867393 0.924563 0.816177 0.869322 0.836070 0.911638 0.755706 0.790105 0.818015 0.851519 0.960881
0.717222 0.659063 0.987654 0.782655 0.640335 0.885129 0.782094 0.536345 0.915656 0.613963 0.867967 0.496127 0.562970 0.363009 0.400347 0.000000 0.708895 0.688069 0.524023 0.584691 0.938220 0.952944 0.403264 0.458466 0.946797 0.785548 0.970538 0.830059 0.579865 0.544895 0.809683 0.649284 0.729968 0.800557 0.917911 0.825883 0.914739 0.956418 0.904146 0.998531 0.928835 0.991434 0.770483 0.757661 0.702506 0.660491 0.674575 0.734219 0.562335 0.615383 0.646022 0.665270 0.715463 0.892228 0.735328 0.940745 0.781316 0.809813 0.978664 0.997426 0.952970 0.591101 0.794257 0.759714 0.930156 0.915479 0.936059 0.901236 0.858205 0.740588 0.878648 0.977042 0.804857 0.790688 0.697415 0.881393 0.743272 0.926527 0.885212 0.775508 0.703317 0.727477 0.572389 0.840758 0.499570 0.591254 0.727953 0.568479 0.976279 0.753825 0.888381 0.904475 0.866670 0.711999 0.904744 0.875862 0.982859 0.831265 0.901024 0.742305 0.947171 0.837532 0.915417 0.985288 0.927915 0.953300 0.998771 0.864347 0.808882 0.971328 0.924592 0.800245 0.816351 0.872406 0.980327 0.844130
0.489457 0.388199 0.804458 0.836278 0.757155 0.856368 0.978298 0.772170 0.962538 0.637555 0.758270 0.517964 0.658085 0.643283 0.592202 0.708895 0.000000 0.343773 0.437052 0.423314 0.866334 0.996299 0.642286 0.908073 0.832494 0.579780 0.883249 0.966340 0.401127 0.347251 0.875211 0.808097 0.701888 0.695404 0.872732 0.871165 0.842571 0.836686 0.999357 0.861205 0.866400 0.944553 0.957995 0.862131 0.777110 0.660865 0.681224 0.723538 0.475690 0.576610 0.750327 0.837088 0.904216 0.834930 0.690977 0.908115 0.353909 0.386961 0.846419 0.779505 0.967927 0.817386 0.592281 0.462411 0.657210 0.586420 0.687166 0.730618 0.610891 0.420215 0.925690 0.782768 0.945510 0.869508 0.806343 0.978784 0.923471 0.834675 0.552922 0.665869 0.326546 0.409651 0.553248 0.460404 0.487298 0.995890 0.859508 0.617005 0.769526 0.807170 0.635752 0.663350 0.531204 0.528879 0.935886 0.991225 0.907528 0.995676 0.942652 0.944229 0.807145 0.695158 0.974717 0.913600 0.892007 0.977318 0.948761 0.554220 0.982087 0.982613 0.955611 0.950318 0.732820 0.826916 0.867891 0.880052
0.442598 0.318421 0.681236 0.831807 0.800571 0.810952 0.904619 0.826495 0.861868 0.641180 0.760379 0.483692 0.743408 0.591677 0.624557 0.688069 0.343773 0.000000 0.389544 0.379745 0.926228 0.979903 0.643464 0.854369 0.887966 0.568582 0.849442 0.909637 0.436007 0.360720 0.998362 0.881965 0.779601 0.773672 0.684377 0.904561 0.778984 0.810037 0.937763 0.856555 0.882435 0.916801 0.999842 0.867379 0.854689 0.704928 0.664288 0.758289 0.440103 0.570688 0.767120 0.826205 0.882278 0.778938 0.731237 0.872203 0.327063 0.355816 0.871957 0.793511 0.911749 0.901832 0.622268 0.503190 0.615229 0.577235 0.559554 0.632387 0.547048 0.467351 0.830860 0.735532 0.915077 0.873540 0.890430 0.958036 0.906568 0.775917 0.597749 0.564632 0.324777 0.315114 0.446086 0.467132 0.433827 0.895093 0.933154 0.580793 0.811031 0.757411 0.575481 0.592173 0.472429 0.446479 0.938108 0.964823 0.852205 0.937232 0.878752 0.947957 0.635790 0.644456 0.831547 0.942296 0.851270 0.931834 0.940925 0.584629 0.976986 0.994321 0.931520 0.988024 0.738700 0.871804 0.979049 0.947644
0.373524 0.457846 0.971963 0.959442 0.706830 0.908511 0.807036 0.599078 0.983403 0.564006 0.692093 0.420871 0.489401 0.418481 0.481587 0.524023 0.437052 0.389544 0.000000 0.341834 0.986271 0.999669 0.385544 0.700672 0.834901 0.573708 0.907415 0.977598 0.408682 0.396818 0.792140 0.688150 0.562724 0.664888 0.897991 0.904989 0.740054 0.987076 0.976033 0.984605 0.970137 0.997704 0.887096 0.856170 0.788248 0.703497 0.563520 0.722383 0.510994 0.607541 0.675585 0.781577 0.792544 0.901848 0.652969 0.999351 0.377933 0.463579 0.760544 0.781263 0.875453 0.732454 0.512414 0.459054 0.803663 0.736466 0.817483 0.784973 0.491137 0.501094 0.870955 0.947272 0.839263 0.967078 0.872987 0.870379 0.839410 0.891483 0.745119 0.672255 0.433356 0.413315 0.451082 0.601661 0.353894 0.827494 0.821625 0.570118 0.741486 0.620857 0.835483 0.803102 0.704425 0.607883 0.989686 0.915021 0.996829 0.886043 0.856121 0.797955 0.907292 0.793470 0.969980 0.878207 0.950873 0.816763 0.995746 0.654759 0.932493 0.920024 0.919437 0.838287 0.618060 0.806663 0.989291 0.891705
0.383561 0.395467 0.859770 0.986009 0.676901 0.811794 0.976153 0.736538 0.831418 0.725775 0.676970 0.429457 0.537242 0.448740 0.547646 0.584691 0.423314 0.379745 0.341834 0.000000 0.955624 0.997975 0.483917 0.670444 0.858108 0.606174 0.885234 0.937064 0.473163 0.455752 0.924160 0.871261 0.722222 0.833715 0.841473 0.882652 0.829283 0.948376 0.893530 0.906493 0.993112 0.856207 0.954576 0.908137 0.845646 0.739465 0.643403 0.725534 0.515718 0.571751 0.764907 0.849562 0.858858 0.821752 0.633271 0.965627 0.322082 0.409129 0.798699 0.801327 0.983367 0.771934 0.667520 0.565624 0.759561 0.688415 0.700035 0.704652 0.447588 0.512687 0.979154 0.756797 0.958885 0.862503 0.866893 0.987486 0.866209 0.827790 0.805826 0.775699 0.489771 0.410929 0.480142 0.506462 0.388423 0.863332 0.835667 0.560213 0.757380 0.610942 0.709411 0.639978 0.625818 0.511393 0.988407 0.999894 0.951350 0.901613 0.982267 0.960421 0.807927 0.726944 0.918260 0.983217 0.999392 0.948667 0.928213 0.678062 0.991620 0.873176 0.949294 0.954206 0.739861 0.879166 0.993798 0.951128
0.998645 0.881694 0.786682 0.785603 0.940117 0.706670 0.822363 0.909553 0.914604 0.943785 0.999455 0.953342 0.993166 0.933408 0.954362 0.938220 0.866334 0.926228 0.986271 0.955624 0.000000 0.966879 0.956425 0.845242 0.866951 0.778324 0.970898 0.939900 0.907649 0.892911 0.767845 0.841464 0.959694 0.941030 0.881293 0.918039 0.912948 0.959436 0.851489 0.847565 0.844955 0.933221 0.953903 0.991438 0.899274 0.873415 0.971968 0.884818 0.819265 0.719296 0.998612 0.988133 0.989280 0.874862 0.964128 0.967532 0.860560 0.845230 0.944437 0.965238 0.918090 0.897830 0.935559 0.921791 0.938688 0.770902 0.907088 0.884350 0.941881 0.855387 0.757703 0.859757 0.833216 0.774725 0.917421 0.705403 0.845392 0.989671 0.967548 0.915761 0.976218 0.950109 0.962110 0.945981 0.948983 0.853092 0.737854 0.891208 0.885283 0.865401 0.881991 0.981369 0.933230 0.914868 0.864825 0.916612 0.910769 0.844611 0.993743 0.890220 0.941034 0.991665 0.940284 0.998288 0.973913 0.984909 0.856707 0.988578 0.998010 0.877864 0.981241 0.889325 0.923907 0.860764 0.970405 0.865817
0.993223 0.954443 0.852059 0.778206 0.935557 0.994924 0.867725 0.961381 0.998021 0.988523 0.998308 0.985782 0.900081 0.924273 0.981345 0.952944 0.996299 0.979903 0.999669 0.997975 0.966879 0.000000 0.950046 0.973145 0.904780 0.777243 0.919608 0.953285 0.996278 0.882082 0.790774 0.957210 0.811985 0.832299 0.942742 0.813260 0.840222 0.855522 0.906972 0.903901 0.910949 0.993520 0.991699 0.973646 0.960323 0.994651 0.915060 0.914292 0.882460 0.959404 0.881915 0.909152 0.834176 0.862170 0.948300 0.837122 0.959194 0.985692 0.975297 0.988464 0.991413 0.948133 0.939397 0.985557 0.940505 0.987918 0.878601 0.950156 0.904264 0.978115 0.877858 0.951367 0.991553 0.946191 0.811246 0.992936 0.902901 0.812324 0.857652 0.978292 0.908541 0.903381 0.979667 0.861925 0.977268 0.950898 0.818077 0.989155 0.958199 0.937812 0.876829 0.929534 0.898409 0.960161 0.991816 0.949180 0.909471 0.919250 0.931510 0.992720 0.870890 0.987190 0.803330 0.914290 0.849801 0.780429 0.978003 0.948439 0.942942 0.872664 0.799943 0.998153 0.910883 0.913254 0.909942 0.830512
0.593334 0.748157 0.835211 0.779113 0.618757 0.999277 0.646267 0.583643 0.866138 0.482838 0.771157 0.557297 0.494169 0.473571 0.390951 0.403264 0.642286 0.643464 0.385544 0.483917 0.956425 0.950046 0.000000 0.513167 0.840821 0.746148 0.891236 0.960768 0.527188 0.482885 0.601800 0.584097 0.519161 0.665897 0.944858 0.923231 0.881150 0.978966 0.963833 0.841605 0.933905 0.948144 0.942832 0.946632 0.785193 0.794448 0.741825 0.826146 0.677236 0.692678 0.710628 0.752096 0.710797 0.926361 0.810733 0.826646 0.673860 0.738548 0.881651 0.960145 0.892122 0.757187 0.676080 0.638128 0.865955 0.847096 0.978610 0.846414 0.606994 0.657751 0.637501 0.870825 0.610523 0.746442 0.802763 0.922225 0.781959 0.931935 0.841305 0.778471 0.620129 0.606603 0.604579 0.748465 0.494361 0.834054 0.746297 0.590106 0.820021 0.755836 0.976925 0.990565 0.947862 0.755119 0.844785 0.898821 0.869270 0.932878 0.830251 0.797319 0.910590 0.973469 0.986769 0.736050 0.880767 0.784688 0.965426 0.876338 0.916377 0.927449 0.876728 0.910760 0.694709 0.884817 0.905919 0.866472
0.944468 0.898095 0.839500 0.585192 0.653646 0.943460 0.888172 0.744380 0.848791 0.939266 0.947611 0.777262 0.840072 0.507235 0.660818 0.458466 0.908073 0.854369 0.700672 0.670444 0.845242 0.973145 0.513167 0.000000 0.786111 0.937161 0.870086 0.916951 0.860200 0.768770 0.823862 0.711825 0.889064 0.956350 0.944119 0.858260 0.954761 0.980818 0.775494 0.887500 0.801210 0.872615 0.792695 0.829675 0.822638 0.823514 0.795922 0.864033 0.842021 0.805576 0.790704 0.825988 0.765348 0.817381 0.837778 0.963315 0.904113 0.982272 0.785681 0.779975 0.850323 0.904779 0.950692 0.925495 0.876703 0.803147 0.978882 0.978849 0.977828 0.993497 0.825973 0.988825 0.826323 0.919954 0.829491 0.961928 0.751606 0.893220 0.983717 0.932460 0.897790 0.802357 0.717515 0.832626 0.622611 0.481057 0.856209 0.563731 0.926064 0.823363 0.978231 0.899188 0.940197 0.818577 0.940926 0.867989 0.918868 0.995786 0.982086 0.890400 0.923046 0.945807 0.839481 0.936224 0.968588 0.936084 0.945148 0.968215 0.959320 0.991337 0.898434 0.930978 0.952989 0.993928 0.831596 0.890692
0.677538 0.899120 0.895586 0.707188 0.973004 0.950540 0.839771 0.892938 0.793500 0.609267 0.649691 0.705363 0.711434 0.979176 0.877418 0.946797 0.832494 0.887966 0.834901 0.858108 0.866951 0.904780 0.840821 0.786111 0.000000 0.579065 0.963991 0.828613 0.618294 0.826798 0.991033 0.930440 0.806458 0.898045 0.834115 0.872682 0.950204 0.952015 0.777808 0.758049 0.827431 0.822154 0.768964 0.789082 0.938330 0.943095 0.828935 0.862557 0.803969 0.931788 0.925218 0.841289 0.743786 0.695359 0.961350 0.921063 0.899194 0.778353 0.544076 0.649376 0.674302 0.698882 0.681568 0.595692 0.707761 0.706276 0.978444 0.908180 0.661555 0.657792 0.937705 0.928008 0.998839 0.996430 0.897913 0.867025 0.958641 0.850941 0.923211 0.938955 0.885195 0.991769 0.977067 0.955839 0.996447 0.599767 0.905392 0.931414 0.791853 0.778399 0.989398 0.859807 0.931818 0.986779 0.879128 0.938359 0.934322 0.990728 0.880638 0.876429 0.886159 0.873516 0.916857 0.784137 0.916724 0.866636 0.925975 0.972422 0.891373 0.992242 0.985166 0.981636 0.929286 0.921681 0.941770 0.834309
0.492100 0.545135 0.577808 0.498944 0.789601 0.744833 0.812539 0.954245 0.990328 0.724747 0.784086 0.600222 0.746565 0.799617 0.751474 0.785548 0.579780 0.568582 0.573708 0.606174 0.778324 0.777243 0.746148 0.937161 0.579065 0.000000 0.861846 0.932643 0.567383 0.651322 0.731413 0.860680 0.986165 0.945568 0.595864 0.735786 0.953067 0.834511 0.870509 0.907298 0.827457 0.916959 0.715835 0.783706 0.861329 0.975307 0.930379 0.911978 0.624786 0.821130 0.903842 0.835610 0.780583 0.509653 0.902018 0.978010 0.523352 0.484011 0.750039 0.781773 0.999601 0.806533 0.772258 0.571843 0.488805 0.495260 0.549498 0.502333 0.599065 0.575379 0.821514 0.779986 0.795135 0.794204 0.934222 0.943946 0.863763 0.610257 0.897088 0.957533 0.629700 0.660395 0.704455 0.769597 0.693684 0.832295 0.779614 0.833161 0.859281 0.808768 0.604297 0.746384 0.594310 0.653000 0.675506 0.990287 0.802528 0.930356 0.877960 0.884866 0.811066 0.683913 0.776294 0.944337 0.766406 0.863709 0.894122 0.720353 0.935495 0.985339 0.764786 0.860731 0.997229 0.961004 0.832037 0.918043
0.916863 0.861569 0.810031 0.925111 0.717485 0.882291 0.839832 0.952882 0.992236 0.944491 0.997875 0.950523 0.943439 0.931758 0.968564 0.970538 0.883249 0.849442 0.907415 0.885234 0.970898 0.919608 0.891236 0.870086 0.963991 0.861846 0.000000 0.789609 0.984189 0.948088 0.881011 0.850086 0.902850 0.839647 0.788903 0.952734 0.924693 0.958575 0.958016 0.917427 0.964801 0.951568 0.920597 0.860083 0.897845 0.921335 0.909340 0.885662 0.858498 0.893364 0.967824 0.988527 0.986414 0.908777 0.917435 0.869313 0.853837 0.938143 0.896766 0.896900 0.758571 0.956921 0.851027 0.935042 0.813616 0.861464 0.767463 0.687106 0.936082 0.917373 0.876736 0.858212 0.975154 0.944783 0.984446 0.977852 0.953700 0.818043 0.933929 0.991795 0.960054 0.888183 0.828649 0.935635 0.925840 0.882707 0.994775 0.891301 0.940178 0.932560 0.995551 0.973538 0.931236 0.983990 0.870028 0.851110 0.945152 0.988442 0.961048 0.914097 0.931070 0.982438 0.775196 0.989739 0.858932 0.847883 0.959003 0.998568 0.708911 0.959607 0.948905 0.964905 0.963581 0.775949 0.927994 0.963139
0.951458 0.803739 0.902460 0.963734 0.859216 0.912167 0.883336 0.864566 0.957085 0.940109 0.984934 0.810227 0.938632 0.854178 0.992642 0.830059 0.966340 0.909637 0.977598 0.937064 0.939900 0.953285 0.960768 0.916951 0.828613 0.932643 0.789609 0.000000 0.973605 0.970548 0.867097 0.894609 0.857499 0.904371 0.994037 0.900523 0.980520 0.983417 0.935311 0.993711 0.933193 0.876149 0.898863 0.891261 0.946141 0.927293 0.934149 0.938464 0.834413 0.901479 0.963887 0.915650 0.994380 0.971282 0.997883 0.998726 0.948886 0.981274 0.984972 0.951218 0.949361 0.921632 0.972795 0.924261 0.982601 0.913662 0.935766 0.888648 0.915974 0.994492 0.881647 0.884758 0.965655 0.970290 0.975134 0.976132 0.865512 0.845082 0.956591 0.982792 0.996483 0.958560 0.952636 0.907585 0.950881 0.831833 0.901004 0.965831 0.901477 0.942917 0.999554 0.975309 0.987945 0.980751 0.943200 0.925112 0.980933 0.853136 0.978189 0.903079 0.964238 0.907374 0.873970 0.746833 0.868917 0.817152 0.913061 0.969827 0.990611 0.963404 0.924414 0.783164 0.933318 0.990600 0.910980 0.989281
0.462021 0.434571 0.836895 0.903881 0.753618 0.819309 0.832846 0.616933 0.994163 0.513710 0.723882 0.441434 0.557493 0.527748 0.595935 0.579865 0.401127 0.436007 0.408682 0.473163 0.907649 0.996278 0.527188 0.860200 0.618294 0.567383 0.984189 0.973605 0.000000 0.327565 0.760812 0.721108 0.563372 0.566345 0.845736 0.927782 0.788868 0.800266 0.939648 0.999540 0.922025 0.984373 0.920744 0.789198 0.733401 0.635635 0.672435 0.709261 0.444735 0.569800 0.695500 0.774011 0.873476 0.865213 0.660069 0.833669 0.462655 0.444717 0.688923 0.691338 0.843323 0.659241 0.493029 0.389729 0.654103 0.656685 0.773899 0.852596 0.588950 0.403739 0.948601 0.842709 0.947491 0.947417 0.886972 0.946561 0.900952 0.898504 0.611700 0.688024 0.393687 0.475511 0.512794 0.543954 0.475445 0.985573 0.865087 0.592492 0.795805 0.729038 0.737491 0.741028 0.593128 0.523108 0.959339 0.968157 0.847992 0.949132 0.902572 0.839543 0.887074 0.889428 0.980068 0.886695 0.977925 0.956888 0.985615 0.679467 0.874142 0.997566 0.971085 0.877994 0.671911 0.858006 0.953694 0.740011
0.554517 0.452632 0.895518 0.984897 0.751389 0.866727 0.837456 0.651146 0.960651 0.531095 0.802475 0.528641 0.619672 0.512044 0.557041 0.544895 0.347251 0.360720 0.396818 0.455752 0.892911 0.882082 0.482885 0.768770 0.826798 0.651322 0.948088 0.970548 0.327565 0.000000 0.734700 0.627886 0.549822 0.531542 0.811878 0.981556 0.852917 0.821288 0.991089 0.891143 0.929659 0.979071 0.887491 0.771590 0.673327 0.612312 0.626098 0.695578 0.472276 0.563988 0.637300 0.736379 0.774445 0.974487 0.657614 0.900230 0.465835 0.483773 0.920127 0.867826 0.952969 0.806453 0.539202 0.460302 0.658981 0.672358 0.753539 0.828018 0.694312 0.465130 0.997653 0.839348 0.931453 0.972962 0.835415 0.974179 0.875532 0.991160 0.480553 0.542153 0.321509 0.410591 0.448174 0.480661 0.465304 0.905185 0.826855 0.555295 0.887317 0.859871 0.647647 0.684829 0.541174 0.476621 0.949489 0.978679 0.857225 0.952140 0.986587 0.937081 0.852576 0.799502 0.940546 0.914126 0.958094 0.927027 0.988755 0.661102 0.967796 0.914283 0.944217 0.940288 0.581074 0.776102 0.983512 0.798451
0.980664 0.856464 0.503392 0.515025 0.980231 0.753108 0.364338 0.498982 0.847404 0.642254 0.932378 0.963803 0.713695 0.778280 0.742590 0.809683 0.875211 0.998362 0.792140 0.924160 0.767845 0.790774 0.601800 0.823862 0.991033 0.731413 0.881011 0.867097 0.760812 0.734700 0.000000 0.406707 0.414697 0.381817 0.706813 0.824235 0.976193 0.921644 0.971266 0.960224 0.891765 0.965318 0.623397 0.687962 0.594109 0.701173 0.667348 0.722411 0.963214 0.859469 0.547698 0.554836 0.549478 0.491182 0.810008 0.937367 0.916828 0.904311 0.898623 0.906345 0.707944 0.953409 0.579796 0.767403 0.865446 0.860690 0.615402 0.622845 0.975958 0.986711 0.447311 0.599711 0.501649 0.539165 0.855742 0.809357 0.726281 0.593578 0.700341 0.752080 0.801129 0.929205 0.953582 0.968200 0.914147 0.956650 0.923475 0.838838 0.909669 0.998249 0.635592 0.765562 0.762007 0.990190 0.705349 0.937462 0.757990 0.875637 0.598150 0.627588 0.677438 0.602148 0.614776 0.598913 0.670268 0.582668 0.924382 0.899333 0.950959 0.911596 0.725592 0.797538 0.650383 0.776754 0.790154 0.837060
0.950043 0.981319 0.555328 0.534665 0.915126 0.702807 0.461286 0.477249 0.885363 0.641172 0.928131 0.870449 0.700919 0.581834 0.675853 0.649284 0.808097 0.881965 0.688150 0.871261 0.841464 0.957210 0.584097 0.711825 0.930440 0.860680 0.850086 0.894609 0.721108 0.627886 0.406707 0.000000 0.462110 0.408293 0.735681 0.814375 0.919624 0.993648 0.926036 0.925269 0.887088 0.938983 0.567028 0.574882 0.549299 0.627494 0.542217 0.641415 0.862134 0.791786 0.514584 0.558081 0.509539 0.578577 0.736236 0.923372 0.977521 0.970799 0.990364 0.987232 0.763351 0.822993 0.602769 0.726856 0.874297 0.821360 0.691070 0.671669 0.916183 0.890991 0.588789 0.728519 0.592024 0.610343 0.769202 0.852634 0.780660 0.565258 0.705121 0.713966 0.675931 0.800673 0.778838 0.904126 0.740468 0.752704 0.957113 0.699013 0.947470 0.957230 0.825518 0.949521 0.940602 0.900197 0.749691 0.859093 0.857982 0.936139 0.724908 0.600331 0.852469 0.745324 0.719525 0.673899 0.756346 0.628844 0.814378 0.989681 0.948563 0.855286 0.810777 0.716622 0.578030 0.795706 0.753504 0.751011
0.704827 0.905554 0.585074 0.752247 0.803314 0.783252 0.394318 0.491358 0.806403 0.514764 0.717500 0.742656 0.535662 0.660893 0.597473 0.729968 0.701888 0.779601 0.562724 0.722222 0.959694 0.811985 0.519161 0.889064 0.806458 0.986165 0.902850 0.857499 0.563372 0.549822 0.414697 0.462110 0.000000 0.331427 0.783006 0.805218 0.828333 0.894237 0.975166 0.952016 0.972889 0.976083 0.716345 0.696856 0.570282 0.619829 0.592433 0.649443 0.790353 0.712550 0.527483 0.616109 0.570291 0.704552 0.665683 0.956799 0.825224 0.843354 0.697136 0.777674 0.602901 0.750439 0.447545 0.506128 0.959405 0.953718 0.661838 0.707467 0.792550 0.662581 0.603201 0.741188 0.594872 0.672952 0.781809 0.910878 0.711643 0.711299 0.719449 0.779133 0.633224 0.775306 0.850067 0.810159 0.715046 0.967953 0.948978 0.770004 0.722292 0.798890 0.788219 0.837102 0.940853 0.923599 0.747819 0.954592 0.776987 0.794972 0.557521 0.590229 0.768368 0.703352 0.640794 0.537117 0.663598 0.561116 0.979036 0.976787 0.983431 0.810277 0.752119 0.677690 0.502535 0.769650 0.752707 0.841421
0.828359 0.873930 0.633586 0.711325 0.919497 0.812132 0.435854 0.464438 0.876560 0.580159 0.876984 0.797529 0.673881 0.663431 0.678346 0.800557 0.695404 0.773672 0.664888 0.833715 0.941030 0.832299 0.665897 0.956350 0.898045 0.945568 0.839647 0.904371 0.566345 0.531542 0.381817 0.408293 0.331427 0.000000 0.797701 0.725711 0.853312 0.947144 0.970325 0.917119 0.932294 0.915772 0.597193 0.575357 0.495794 0.527634 0.526335 0.543775 0.754009 0.682590 0.494975 0.549434 0.578340 0.647548 0.657316 0.814675 0.845662 0.843507 0.781326 0.754283 0.635046 0.780402 0.449424 0.541248 0.900997 0.958586 0.689365 0.601849 0.938024 0.737883 0.714185 0.820975 0.696484 0.680936 0.815147 0.867701 0.777044 0.674402 0.628675 0.717385 0.580384 0.750573 0.784417 0.769515 0.724684 0.954084 0.974027 0.677217 0.869151 0.901464 0.868112 0.985426 0.968730 0.836858 0.765503 0.995437 0.932581 0.836151 0.644723 0.633680 0.790718 0.773036 0.645220 0.642999 0.738431 0.639392 0.880881 0.909565 0.992803 0.854403 0.842882 0.708271 0.494286 0.711472 0.668505 0.788312
0.859561 0.725959 0.545759 0.667206 0.954408 0.787717 0.646808 0.753371 0.847156 0.827185 0.910570 0.863734 0.931471 0.981728 0.974060 0.917911 0.872732 0.684377 0.897991 0.841473 0.881293 0.942742 0.944858 0.944119 0.834115 0.595864 0.788903 0.994037 0.845736 0.811878 0.706813 0.735681 0.783006 0.797701 0.000000 0.855244 0.997839 0.762022 0.940923 0.856326 0.904014 0.859528 0.673802 0.774980 0.762980 0.844941 0.801944 0.796576 0.754677 0.912671 0.828866 0.867679 0.773525 0.657636 0.853205 0.989746 0.830876 0.777477 0.943895 0.954679 0.732154 0.941027 0.915347 0.909878 0.575176 0.624297 0.428492 0.460024 0.883842 0.829476 0.756415 0.720987 0.749313 0.881293 0.958172 0.942218 0.796976 0.745348 0.909911 0.790054 0.834210 0.757939 0.770027 0.835040 0.914533 0.916816 0.979566 0.967402 0.939359 0.963686 0.614540 0.741217 0.649028 0.736159 0.651411 0.866513 0.687609 0.778736 0.680332 0.658360 0.677941 0.679406 0.662889 0.707502 0.604708 0.713568 0.929175 0.786219 0.975584 0.958504 0.784433 0.691299 0.892929 0.802543 0.749967 0.932413
0.884333 0.882930 0.828421 0.833280 0.872000 0.913488 0.865789 0.993524 0.937710 0.894824 0.879497 0.783271 0.928411 0.947912 0.910389 0.825883 0.871165 0.904561 0.904989 0.882652 0.918039 0.813260 0.923231 0.858260 0.872682 0.735786 0.952734 0.900523 0.927782 0.981556 0.824235 0.814375 0.805218 0.725711 0.855244 0.000000 0.988403 0.818862 0.868941 0.930292 0.932349 0.970082 0.861191 0.879807 0.860739 0.923660 0.883584 0.942585 0.911305 0.929031 0.939783 0.927960 0.764885 0.768986 0.969210 0.983173 0.956005 0.976503 0.912314 0.934597 0.980129 0.871202 0.991634 0.944575 0.862058 0.941473 0.802749 0.760172 0.966062 0.951798 0.999822 0.980554 0.999305 0.892969 0.971898 0.843718 0.995507 0.660634 0.973194 0.965134 0.970745 0.997989 0.963522 0.997244 0.913040 0.907198 0.980899 0.971982 0.803703 0.909625 0.907655 0.987492 0.889530 0.931284 0.926338 0.904459 0.874874 0.877370 0.890356 0.917824 0.894450 0.798447 0.850264 0.877122 0.812136 0.884125 0.800999 0.989367 0.825449 0.942815 0.944937 0.943419 0.708471 0.853629 0.824224 0.976086
0.780592 0.822053 0.989243 0.932017 0.886261 0.985111 0.911575 0.928102 0.851773 0.955989 0.796515 0.751199 0.787697 0.845752 0.795920 0.914739 0.842571 0.778984 0.740054 0.829283 0.912948 0.840222 0.881150 0.954761 0.950204 0.953067 0.924693 0.980520 0.788868 0.852917 0.976193 0.919624 0.828333 0.853312 0.997839 0.988403 0.000000 0.828316 0.981993 0.815837 0.839814 0.993642 0.926245 0.834983 0.971314 0.889086 0.816524 0.766621 0.912560 0.871330 0.794141 0.807894 0.812668 0.927183 0.817783 0.989451 0.798350 0.895620 0.853914 0.909745 0.922627 0.812216 0.810142 0.824805 0.836365 0.995789 0.968007 0.983008 0.723921 0.747484 0.965730 0.929732 0.934845 0.919467 0.959872 0.921161 0.852067 0.981738 0.861663 0.963595 0.873365 0.802066 0.948137 0.987062 0.696685 0.892714 0.811360 0.859835 0.734625 0.702669 0.936599 0.935129 0.984486 0.928030 0.888520 0.859881 0.964138 0.956875 0.864021 0.790439 0.993162 0.962984 0.776609 0.803087 0.972633 0.741809 0.828041 0.987835 0.832706 0.782594 0.762622 0.687189 0.905838 0.848421 0.767856 0.943873
0.965355 0.814025 0.769842 0.834748 0.916508 0.893884 0.848210 0.949239 0.768082 0.827863 0.964459 0.955587 0.881429 0.945474 0.844044 0.956418 0.836686 0.810037 0.987076 0.948376 0.959436 0.855522 0.978966 0.980818 0.952015 0.834511 0.958575 0.983417 0.800266 0.821288 0.921644 0.993648 0.894237 0.947144 0.762022 0.818862 0.828316 0.000000 0.922492 0.901307 0.953130 0.789947 0.924200 0.996136 0.987318 0.951858 0.991933 0.875772 0.801742 0.963440 0.901601 0.927149 0.858434 0.817848 0.937167 0.893656 0.876181 0.752743 0.995273 0.886367 0.854395 0.825523 0.948402 0.908317 0.640913 0.733435 0.765583 0.846697 0.904300 0.875766 0.813730 0.870789 0.798760 0.765222 0.949656 0.898069 0.965103 0.803858 0.773729 0.831775 0.876171 0.880401 0.767472 0.756651 0.894463 0.950367 0.824656 0.861908 0.818618 0.834319 0.715767 0.769361 0.777339 0.671121 0.879525 0.879676 0.866153 0.898691 0.842404 0.812459 0.724674 0.873324 0.749978 0.783005 0.902469 0.869974 0.998918 0.874239 0.905104 0.866576 0.864396 0.814330 0.924718 0.808735 0.688353 0.955478
