0.000000 0.514931 0.881041 0.852756 0.997599 0.994635 0.843010 0.845812 0.898992 0.986005 0.685379 0.693408 0.994793 0.963951 0.878804 0.979649 0.592008 0.562166 0.576047 0.557693 0.867021 0.898956 0.869199 0.984824 0.809185 0.875647 0.991700 0.817895 0.675924 0.837378 0.879390 0.958963 0.738672 0.582051 0.850726 0.962437 0.922565 0.849342 0.854106 0.946784 0.911413 0.838852 0.637144 0.568105 0.912932 0.803061 0.662746 0.723897 0.767032 0.895951 0.900138 0.984959 0.869441 0.663615 0.861682 0.875515 0.467249 0.551768 0.485751 0.558800 0.809649 0.766244 0.733425 0.745362 0.843218 0.785388 0.634938 0.656100 0.599358 0.658371 0.848313 0.902252 0.613720 0.675877 0.992836 0.954376 0.642170 0.803278 0.816471 0.806081 0.592683 0.591102 0.923278 0.799147 0.799745 0.780183 0.759900 0.976470 0.932505 0.732148 0.847067 0.871639 0.923150 0.994050 0.903361 0.831017 0.681617 0.792349 0.905846 0.798902 0.784539 0.965411 0.750913 0.614631 0.869432 0.914445 0.999985 0.932047 0.869519 0.764075 0.774702 0.975056 0.820498 0.993469 0.833592 0.791813
0.514931 0.000000 0.957655 0.799479 0.982563 0.935087 0.962028 0.774912 0.771818 0.861571 0.883905 0.617784 0.953231 0.864244 0.973038 0.814348 0.590977 0.514021 0.617395 0.568403 0.936841 0.926888 0.977080 0.933339 0.851081 0.924671 0.941018 0.883289 0.661235 0.754866 0.727345 0.895988 0.604248 0.535407 0.884759 0.993257 0.815915 0.756142 0.940983 0.925887 0.914769 0.842090 0.589053 0.527981 0.729713 0.645953 0.549846 0.526830 0.737034 0.760072 0.748778 0.826760 0.941999 0.846896 0.742381 0.873201 0.419114 0.372994 0.569134 0.625102 0.795168 0.697621 0.637790 0.552005 0.868345 0.854442 0.741278 0.686752 0.765534 0.565678 0.564577 0.645924 0.748065 0.730722 0.971963 0.970600 0.602693 0.733853 0.604786 0.670129 0.458157 0.544640 0.814484 0.678109 0.860523 0.814101 0.829627 0.997351 0.880255 0.781972 0.862829 0.808153 0.923603 0.887820 0.759273 0.786959 0.661067 0.723676 0.768261 0.802558 0.819022 0.905126 0.679784 0.684890 0.834819 0.811069 0.907037 0.974985 0.926611 0.748536 0.720625 0.882704 0.825010 0.836040 0.764783 0.878378
0.881041 0.957655 0.000000 0.453772 0.842316 0.976608 0.455620 0.775331 0.737915 0.944626 0.956026 0.865566 0.714135 0.999057 0.871140 0.908554 0.962240 0.948656 0.620676 0.935914 0.735467 0.831408 0.649962 0.672938 0.541648 0.546016 0.788726 0.847859 0.903222 0.849771 0.754512 0.891540 0.677792 0.762828 0.698799 0.852546 0.848922 0.958725 0.934987 0.858797 0.942312 0.929787 0.710293 0.774039 0.992507 0.952814 0.635311 0.767077 0.946179 0.923864 0.695767 0.848260 0.840256 0.927780 0.923006 0.980951 0.973209 0.909582 0.690624 0.934245 0.706070 0.980546 0.979839 0.812465 0.401046 0.559521 0.537154 0.569890 0.935384 0.844269 0.979048 0.962405 0.911497 0.938244 0.997249 0.987037 0.938471 0.928253 0.999107 0.925678 0.852962 0.819943 0.924712 0.826188 0.562589 0.575376 0.758652 0.912746 0.765258 0.725094 0.736259 0.786930 0.785448 0.734421 0.891644 0.831380 0.991199 0.920608 0.954531 0.857048 0.748604 0.826768 0.975272 0.957589 0.709024 0.867713 0.958184 0.923455 0.853157 0.940468 0.924340 0.949341 0.930427 0.823507 0.743463 0.807486
0.852756 0.799479 0.453772 0.000000 0.894167 0.835030 0.487414 0.574597 0.833913 0.987858 0.973801 0.883505 0.748622 0.863914 0.830383 0.878297 0.946776 0.971025 0.656373 0.856765 0.812108 0.924381 0.567568 0.527301 0.762229 0.629738 0.794673 0.842875 0.934076 0.900023 0.787931 0.905580 0.633821 0.690286 0.722952 0.841436 0.930794 0.945166 0.952127 0.968562 0.910302 0.952167 0.744738 0.745157 0.930838 0.905308 0.670773 0.722446 0.932050 0.941017 0.647329 0.764868 0.851841 0.986490 0.906305 0.971854 0.918828 0.941350 0.723110 0.888035 0.645880 0.805398 0.859044 0.949468 0.398562 0.403067 0.517920 0.438199 0.858651 0.871050 0.962251 0.818771 0.794607 0.799685 0.996237 0.920399 0.806754 0.822793 0.913376 0.938677 0.752476 0.791363 0.825983 0.853360 0.516806 0.494356 0.944514 0.884233 0.853405 0.698236 0.636322 0.756548 0.717140 0.747893 0.956679 0.819373 0.803558 0.986573 0.778127 0.689101 0.643935 0.719236 0.997126 0.991468 0.620600 0.779518 0.987310 0.924480 0.828368 0.958503 0.781809 0.971483 0.875783 0.878970 0.729530 0.832644
0.997599 0.982563 0.842316 0.894167 0.000000 0.879443 0.696862 0.787760 0.651580 0.977844 0.770786 0.866186 0.651600 0.876653 0.871162 0.902560 0.980784 0.920567 0.926213 0.903306 0.805618 0.760813 0.801181 0.878677 0.901452 0.961648 0.975312 0.969640 0.976896 0.947128 0.964136 0.929059 0.942383 0.864885 0.924464 0.870043 0.973942 0.877474 0.991896 0.950055 0.923799 0.990526 0.897535 0.944156 0.878460 0.987664 0.877283 0.940951 0.866427 0.753831 0.955457 0.939197 0.945384 0.965043 0.839308 0.886943 0.962522 0.892318 0.957421 0.998665 0.649070 0.787443 0.813990 0.920109 0.856176 0.736301 0.842838 0.808089 0.887704 0.852934 0.973796 0.871682 0.962749 0.997371 0.967238 0.952655 0.955882 0.946495 0.930353 0.950832 0.899061 0.900886 0.878427 0.787923 0.698882 0.669026 0.946684 0.767397 0.880505 0.953253 0.811342 0.973368 0.912268 0.949185 0.977653 0.983805 0.916860 0.966066 0.948443 0.862997 0.822024 0.900896 0.948914 0.889891 0.793213 0.984330 0.999931 0.994017 0.966655 0.966512 0.909263 0.941024 0.934480 0.945282 0.887052 0.935990
0.994635 0.935087 0.976608 0.835030 0.879443 0.000000 0.928251 0.840487 0.890867 0.814964 0.957477 0.885335 0.937173 0.974855 0.963735 0.714033 0.934949 0.954659 0.950152 0.963761 0.992106 0.884823 0.765189 0.848462 0.936320 0.949762 0.945122 0.860634 0.979670 0.967270 0.802298 0.970969 0.942371 0.929667 0.817638 0.874425 0.888478 0.904885 0.984311 0.943454 0.965103 0.874352 0.955321 0.964715 0.764092 0.867863 0.902415 0.864532 0.867533 0.955841 0.906920 0.951274 0.944661 0.942899 0.990756 0.968352 0.950269 0.964146 0.838493 0.911134 0.888888 0.839221 0.950588 0.920873 0.930767 0.854996 0.871356 0.824967 0.860765 0.935362 0.889792 0.894295 0.903965 0.770184 0.870388 0.855023 0.929384 0.786983 0.970314 0.906175 0.981620 0.976779 0.904034 0.991403 0.875068 0.875542 0.854262 0.817861 0.945374 0.983196 0.826458 0.936300 0.760473 0.968681 0.906155 0.933226 0.905513 0.880507 0.848756 0.894393 0.789155 0.902139 0.940685 0.973361 0.801838 0.981253 0.984227 0.915694 0.897772 0.982563 0.919611 0.915519 0.970996 0.938117 0.985674 0.997831
0.843010 0.962028 0.455620 0.487414 0.696862 0.928251 0.000000 0.482692 0.586235 0.834203 0.753153 0.866508 0.580548 0.841216 0.786449 0.943110 0.901764 0.979177 0.692565 0.893262 0.843486 0.990312 0.687576 0.786979 0.907288 0.827609 0.935794 0.972378 0.907815 0.982199 0.950720 0.994951 0.657022 0.661725 0.747436 0.905262 0.917890 0.907602 0.906723 0.986168 0.788986 0.947791 0.757734 0.722279 0.789014 0.815995 0.806472 0.814000 0.908723 0.866503 0.793651 0.957695 0.940833 0.977977 0.840594 0.888862 0.966357 0.867486 0.640547 0.866035 0.445352 0.715881 0.774136 0.977363 0.495245 0.447334 0.443381 0.475793 0.805257 0.774683 0.789679 0.899046 0.924142 0.912653 0.942890 0.993053 0.847969 0.996620 0.972905 0.955046 0.838390 0.899565 0.955819 0.921726 0.537709 0.600547 0.889404 0.864985 0.786947 0.838376 0.626772 0.729603 0.766966 0.631725 0.950571 0.815427 0.996318 0.917814 0.758303 0.612141 0.687059 0.707383 0.930959 0.897560 0.657789 0.913046 0.991192 0.997989 0.790022 0.984944 0.787565 0.895929 0.900775 0.879193 0.775777 0.911785
0.845812 0.774912 0.775331 0.574597 0.787760 0.840487 0.482692 0.000000 0.827365 0.618745 0.798027 0.583872 0.632064 0.679252 0.788523 0.732768 0.855548 0.798731 0.840249 0.774093 0.851641 0.933445 0.786444 0.851649 0.779234 0.861372 0.937847 0.945091 0.743096 0.782242 0.987511 0.993182 0.663604 0.576922 0.850808 0.964657 0.874690 0.990849 0.813123 0.952020 0.749323 0.985432 0.801858 0.713128 0.702745 0.704655 0.846001 0.729620 0.997228 0.959102 0.656913 0.778045 0.870211 0.994828 0.943892 0.890403 0.903296 0.902968 0.649524 0.712378 0.416599 0.408755 0.557893 0.590789 0.683747 0.504269 0.562986 0.497921 0.695481 0.908543 0.957795 0.850378 0.845785 0.813480 0.910602 0.967539 0.693174 0.881548 0.830894 0.994587 0.693011 0.906801 0.904221 0.924341 0.686592 0.742132 0.998578 0.901548 0.955273 0.880391 0.581710 0.782463 0.759595 0.704137 0.814930 0.803771 0.760215 0.906768 0.535451 0.492517 0.609260 0.702039 0.821934 0.835385 0.641867 0.817730 0.965668 0.861265 0.839251 0.831822 0.674730 0.744797 0.740152 0.968665 0.718361 0.948593
0.898992 0.771818 0.737915 0.833913 0.651580 0.890867 0.586235 0.827365 0.000000 0.913816 0.922027 0.854391 0.773896 0.967937 0.854771 0.955919 0.764696 0.745890 0.940620 0.784181 0.905543 0.958530 0.764551 0.936327 0.993663 0.857959 0.971400 0.957046 0.850481 0.739872 0.944683 0.822515 0.967682 0.929752 0.801594 0.847000 0.939328 0.956948 0.926985 0.996626 0.858736 0.828335 0.989222 0.945688 0.792036 0.912116 0.905953 0.967740 0.946171 0.976140 0.960399 0.899456 0.799830 0.768858 0.802850 0.897234 0.743047 0.677059 0.974713 0.927162 0.771346 0.951137 0.847936 0.736232 0.725051 0.760838 0.760541 0.793519 0.808156 0.614238 0.776484 0.640184 0.814917 0.870144 0.961949 0.955784 0.890989 0.858333 0.712021 0.757344 0.800119 0.817972 0.934325 0.938884 0.713663 0.803490 0.930237 0.854076 0.798881 0.955773 0.590568 0.621291 0.640444 0.667003 0.885256 0.907762 0.884417 0.916941 0.844050 0.809815 0.888067 0.852407 0.749856 0.937584 0.866499 0.937344 0.934859 0.991842 0.950310 0.736911 0.852252 0.985260 0.992593 0.926551 0.919141 0.975579
0.986005 0.861571 0.944626 0.987858 0.977844 0.814964 0.834203 0.618745 0.913816 0.000000 0.759077 0.791247 0.941705 0.944191 0.983691 0.953657 0.793306 0.829976 0.980294 0.815091 0.690932 0.959576 0.865580 0.783934 0.780675 0.674534 0.736418 0.853666 0.615651 0.626012 0.868762 0.904059 0.748621 0.750604 0.935256 0.960796 0.960454 0.845244 0.813738 0.987880 0.837155 0.984818 0.740348 0.645728 0.519042 0.532278 0.912247 0.750491 0.693513 0.818055 0.769003 0.924437 0.848727 0.836675 0.951907 0.948171 0.852882 0.891346 0.825181 0.828294 0.803359 0.690679 0.795945 0.767689 0.869075 0.932341 0.910464 0.931018 0.833130 0.947137 0.979029 0.814303 0.946631 0.980094 0.927755 0.960858 0.870212 0.953693 0.996977 0.983973 0.933028 0.850388 0.798071 0.951161 0.800357 0.707123 0.932839 0.958854 0.856708 0.876778 0.890314 0.921258 0.903866 0.846148 0.822593 0.846144 0.898205 0.842671 0.660705 0.737156 0.768444 0.847622 0.763048 0.786793 0.955183 0.967761 0.900088 0.988460 0.983186 0.875450 0.778870 0.734731 0.853168 0.849619 0.972833 0.944821
0.685379 0.883905 0.956026 0.973801 0.770786 0.957477 0.753153 0.798027 0.922027 0.759077 0.000000 0.727460 0.821718 0.979118 0.932599 0.909612 0.578771 0.623866 0.757021 0.679856 0.864393 0.993710 0.758259 0.756906 0.835960 0.903978 0.826213 0.745813 0.577706 0.643734 0.940284 0.943669 0.819103 0.697879 0.922488 0.979715 0.892360 0.932191 0.925750 0.981961 0.913257 0.955859 0.921885 0.776539 0.845785 0.863987 0.994091 0.993674 0.963632 0.821444 0.917430 0.740859 0.774855 0.822607 0.879429 0.881448 0.707696 0.886786 0.752747 0.873809 0.746316 0.845922 0.644542 0.830134 0.864804 0.988696 0.880372 0.878346 0.951230 0.871476 0.949092 0.931713 0.637518 0.744906 0.982914 0.852557 0.872547 0.983803 0.884682 0.900984 0.838572 0.891287 0.872678 0.964029 0.946116 0.923012 0.774620 0.964715 0.833895 0.841733 0.771533 0.821799 0.860844 0.973141 0.933809 0.849643 0.941549 0.989352 0.937444 0.836042 0.929046 0.971095 0.982167 0.803382 0.950190 0.828929 0.867746 0.832922 0.985999 0.895745 0.888166 0.956654 0.986463 0.910869 0.968099 0.980201
0.693408 0.617784 0.865566 0.883505 0.866186 0.885335 0.866508 0.583872 0.854391 0.791247 0.727460 0.000000 0.652462 0.527712 0.691336 0.562049 0.574490 0.512896 0.747236 0.551885 0.898860 0.930744 0.936111 0.919610 0.686450 0.724843 0.846183 0.796766 0.495011 0.524801 0.970786 0.867464 0.689627 0.512016 0.995207 0.979106 0.898038 0.943146 0.810693 0.900301 0.854836 0.984434 0.842880 0.672080 0.727643 0.662782 0.882602 0.750634 0.969356 0.869146 0.890445 0.952526 0.859967 0.801950 0.955088 0.845359 0.624161 0.633714 0.771489 0.759075 0.516772 0.447321 0.439803 0.368634 0.996419 0.757975 0.822930 0.694750 0.999842 0.783835 0.910390 0.715249 0.823160 0.849405 0.904222 0.881614 0.672664 0.756465 0.653714 0.758797 0.568382 0.652064 0.709049 0.845827 0.846280 0.832578 0.841757 0.865983 0.782281 0.962488 0.940711 0.747472 0.813954 0.837790 0.797433 0.798914 0.793277 0.794971 0.788371 0.702857 0.841509 0.838338 0.707607 0.797233 0.884564 0.971117 0.993416 0.969547 0.997724 0.711979 0.647308 0.773298 0.793032 0.768237 0.789893 0.960986
0.994793 0.953231 0.714135 0.748622 0.651600 0.937173 0.580548 0.632064 0.773896 0.941705 0.821718 0.652462 0.000000 0.450887 0.435778 0.552382 0.817539 0.845213 0.770627 0.780568 0.942616 0.909869 0.560497 0.707834 0.927199 0.982108 0.946374 0.958790 0.761280 0.784454 0.860532 0.831830 0.685177 0.703167 0.848615 0.963237 0.994317 0.860979 0.735791 0.958739 0.751380 0.831166 0.964102 0.915550 0.835205 0.853541 0.919915 0.851055 0.813996 0.867495 0.760882 0.926424 0.869203 0.779636 0.869842 0.727472 0.945772 0.961036 0.948402 0.980182 0.384723 0.670737 0.631080 0.733615 0.690507 0.650325 0.811322 0.681917 0.653069 0.872335 0.816416 0.921203 0.899956 0.920366 0.856566 0.876523 0.925249 0.922683 0.798993 0.877636 0.730375 0.754305 0.701390 0.899502 0.544446 0.624521 0.829160 0.714911 0.902490 0.966201 0.871237 0.862370 0.926347 0.947052 0.901412 0.966691 0.912315 0.927067 0.872449 0.832334 0.895807 0.814107 0.941836 0.890807 0.822921 0.974586 0.895185 0.821801 0.964143 0.962824 0.868947 0.853909 0.939108 0.993146 0.734196 0.975355
0.963951 0.864244 0.999057 0.863914 0.876653 0.974855 0.841216 0.679252 0.967937 0.944191 0.979118 0.527712 0.450887 0.000000 0.407786 0.430902 0.791374 0.750918 0.872298 0.755665 0.901430 0.905031 0.660200 0.767327 0.786322 0.789397 0.973354 0.988061 0.690852 0.671088 0.917338 0.791249 0.725323 0.713997 0.982722 0.944411 0.825586 0.916064 0.588833 0.939044 0.695618 0.825647 0.925148 0.911525 0.883874 0.829144 0.995168 0.825365 0.785444 0.907181 0.794213 0.889377 0.917168 0.810335 0.884844 0.657521 0.984757 0.901830 0.975221 0.905375 0.515206 0.636775 0.610215 0.556265 0.861016 0.763454 0.987114 0.836018 0.716517 0.986597 0.846386 0.941319 0.921880 0.943720 0.858537 0.846180 0.917279 0.912402 0.744397 0.791623 0.700473 0.757078 0.647005 0.931413 0.722426 0.754040 0.708992 0.826109 0.970352 0.982391 0.995199 0.705913 0.759598 0.741922 0.929064 0.968643 0.979711 0.950603 0.897701 0.861609 0.999269 0.875802 0.825914 0.924456 0.885236 0.971732 0.856978 0.811100 0.900588 0.913183 0.779004 0.825350 0.971013 0.890272 0.758968 0.963408
0.878804 0.973038 0.871140 0.830383 0.871162 0.963735 0.786449 0.788523 0.854771 0.983691 0.932599 0.691336 0.435778 0.407786 0.000000 0.528515 0.861090 0.847522 0.839193 0.853452 0.976118 0.941467 0.545383 0.744547 0.902734 0.920137 0.907235 0.958940 0.774684 0.784454 0.826158 0.670408 0.683597 0.805055 0.887031 0.934754 0.967779 0.968631 0.711468 0.849235 0.762004 0.838710 0.966592 0.964505 0.823797 0.840232 0.909050 0.777632 0.817357 0.946108 0.823831 0.876737 0.859915 0.733256 0.887781 0.811949 0.911613 0.967150 0.956090 0.971062 0.565688 0.752803 0.753463 0.738292 0.777746 0.776173 0.952783 0.823084 0.730200 0.947347 0.797713 0.992127 0.898140 0.946003 0.868859 0.861403 0.960009 0.972318 0.762216 0.855576 0.795383 0.792574 0.620597 0.923838 0.663212 0.699254 0.689104 0.772840 0.919213 0.962438 0.940716 0.815555 0.876558 0.830470 0.944328 0.936423 0.938836 0.979645 0.908566 0.864852 0.990428 0.832847 0.932617 0.951267 0.830947 0.967077 0.843935 0.804442 0.846433 0.974108 0.880815 0.816236 0.947870 0.990051 0.754408 0.827662
0.979649 0.814348 0.908554 0.878297 0.902560 0.714033 0.943110 0.732768 0.955919 0.953657 0.909612 0.562049 0.552382 0.430902 0.528515 0.000000 0.917642 0.815867 0.853160 0.780949 0.892322 0.850127 0.583592 0.657919 0.806517 0.901389 0.958946 0.987164 0.739718 0.782076 0.844967 0.793932 0.773857 0.750691 0.973801 0.979440 0.924080 0.994300 0.732827 0.973905 0.828375 0.807047 0.924523 0.960616 0.809494 0.783310 0.984120 0.811488 0.879073 0.947179 0.814811 0.879942 0.893703 0.837815 0.954708 0.768127 0.932877 0.872572 0.903441 0.979717 0.613824 0.637830 0.647880 0.552175 0.888108 0.785615 0.963964 0.776889 0.738235 0.915440 0.988979 0.854629 0.855928 0.844802 0.915820 0.877565 0.886702 0.905804 0.726687 0.861943 0.724650 0.755113 0.587309 0.918616 0.732536 0.753559 0.666880 0.731536 0.917040 0.994053 0.958286 0.789570 0.880108 0.773778 0.957425 0.957786 0.988132 0.887884 0.861276 0.880516 0.878087 0.920649 0.821148 0.883865 0.830087 0.908084 0.939811 0.945279 0.968406 0.848833 0.787951 0.819045 0.973521 0.906422 0.772938 0.963532
0.592008 0.590977 0.962240 0.946776 0.980784 0.934949 0.901764 0.855548 0.764696 0.793306 0.578771 0.574490 0.817539 0.791374 0.861090 0.917642 0.000000 0.361120 0.522486 0.432149 0.990269 0.908525 0.867821 0.905073 0.996713 0.882435 0.915407 0.806977 0.442637 0.449997 0.784426 0.727514 0.554818 0.550093 0.992445 0.950090 0.914147 0.945213 0.953285 0.999031 0.925092 0.839118 0.706129 0.556724 0.809233 0.719719 0.665380 0.676280 0.918202 0.968890 0.892061 0.841287 0.843998 0.811901 0.917392 0.902191 0.458442 0.523243 0.614651 0.774218 0.755001 0.815498 0.526210 0.581839 0.965826 0.975500 0.891648 0.809404 0.845910 0.569114 0.815850 0.718755 0.622486 0.614499 0.936657 0.916362 0.748850 0.878979 0.640892 0.592418 0.542830 0.618073 0.868019 0.850496 0.991735 0.985667 0.853856 0.936068 0.734429 0.974382 0.682271 0.630566 0.704590 0.796797 0.857701 0.796968 0.824814 0.897901 0.937061 0.884445 0.892558 0.955762 0.701193 0.687671 0.959310 0.921120 0.938665 0.818195 0.976032 0.692469 0.720800 0.849192 0.959472 0.853913 0.863564 0.995346
0.562166 0.514021 0.948656 0.971025 0.920567 0.954659 0.979177 0.798731 0.745890 0.829976 0.623866 0.512896 0.845213 0.750918 0.847522 0.815867 0.361120 0.000000 0.571549 0.421970 0.974916 0.983375 0.919384 0.928351 0.900525 0.853682 0.920045 0.779973 0.445576 0.445503 0.790433 0.725100 0.588533 0.514710 0.946590 0.961292 0.968452 0.895424 0.994632 0.983500 0.901868 0.848997 0.761954 0.586941 0.815604 0.716394 0.717424 0.668925 0.973172 0.987807 0.937561 0.891874 0.822308 0.799926 0.920307 0.970720 0.425069 0.477002 0.658669 0.710647 0.747458 0.713464 0.474072 0.453088 0.933352 0.954290 0.916434 0.797465 0.807936 0.481993 0.733771 0.683866 0.567818 0.606888 0.908507 0.875967 0.706015 0.812206 0.541321 0.539453 0.446163 0.545381 0.748404 0.717727 0.973830 0.920377 0.911416 0.989398 0.706585 0.980693 0.696269 0.569708 0.653523 0.712399 0.787131 0.810033 0.707468 0.766363 0.892960 0.827485 0.858681 0.979789 0.640422 0.711382 0.905566 0.967115 0.979919 0.857228 0.922898 0.600760 0.657770 0.842288 0.943307 0.839893 0.812810 0.988135
0.576047 0.617395 0.620676 0.656373 0.926213 0.950152 0.692565 0.840249 0.940620 0.980294 0.757021 0.747236 0.770627 0.872298 0.839193 0.853160 0.522486 0.571549 0.000000 0.543418 0.827829 0.849264 0.808825 0.772799 0.727634 0.732455 0.855797 0.974239 0.665718 0.736767 0.639637 0.723580 0.516227 0.543093 0.901043 0.954161 0.935182 0.815134 0.972908 0.966891 0.935283 0.897017 0.600595 0.564925 0.821747 0.798924 0.534134 0.645402 0.961458 0.974212 0.819689 0.919665 0.935966 0.846860 0.900707 0.911688 0.563697 0.706988 0.640504 0.867274 0.728130 0.934866 0.674612 0.821543 0.671502 0.715085 0.619894 0.603073 0.812570 0.680694 0.795751 0.716117 0.763646 0.715186 0.987117 0.872681 0.724251 0.847946 0.740877 0.651600 0.625201 0.595700 0.759095 0.775052 0.742565 0.684894 0.806915 0.950930 0.938390 0.895389 0.919046 0.868191 0.906075 0.990243 0.959452 0.837373 0.801858 0.782513 0.967452 0.790330 0.714665 0.904106 0.795831 0.747551 0.810077 0.888701 0.942755 0.912520 0.896240 0.901774 0.682584 0.933431 0.957155 0.999020 0.845886 0.863084
0.557693 0.568403 0.935914 0.856765 0.903306 0.963761 0.893262 0.774093 0.784181 0.815091 0.679856 0.551885 0.780568 0.755665 0.853452 0.780949 0.432149 0.421970 0.543418 0.000000 0.970102 0.960454 0.953199 0.888947 0.979412 0.925418 0.970516 0.804534 0.497124 0.538715 0.778654 0.707407 0.567403 0.547227 0.916724 0.941380 0.944989 0.844214 0.937059 0.999734 0.964518 0.833299 0.702450 0.600049 0.880054 0.758427 0.725827 0.695637 0.947071 0.921194 0.834211 0.935448 0.857837 0.816991 0.959094 0.919722 0.501162 0.523983 0.681740 0.696516 0.728464 0.741884 0.546515 0.567177 0.960542 0.866669 0.780905 0.713759 0.840229 0.546940 0.773363 0.666466 0.652318 0.711828 0.996237 0.860921 0.676436 0.741417 0.656133 0.640678 0.501933 0.574928 0.830205 0.761753 0.877463 0.851246 0.807622 0.983379 0.717858 0.916679 0.763929 0.679406 0.760020 0.763715 0.859996 0.840938 0.782747 0.827162 0.943094 0.823123 0.708498 0.982288 0.636951 0.745747 0.765805 0.944109 0.902923 0.918607 0.970114 0.733643 0.604469 0.874165 0.972418 0.803916 0.769017 0.985316
0.867021 0.936841 0.735467 0.812108 0.805618 0.992106 0.843486 0.851641 0.905543 0.690932 0.864393 0.898860 0.942616 0.901430 0.976118 0.892322 0.990269 0.974916 0.827829 0.970102 0.000000 0.927914 0.946981 0.893010 0.781419 0.664444 0.860950 0.839651 0.950423 0.905587 0.975516 0.971877 0.965094 0.960109 0.875029 0.910349 0.914809 0.905988 0.729820 0.965154 0.907053 0.929192 0.954353 0.983011 0.773018 0.762901 0.933523 0.873542 0.776341 0.838719 0.892612 0.890469 0.835131 0.886396 0.978291 0.893489 0.988397 0.876310 0.987055 0.884354 0.990820 0.829898 0.974918 0.819837 0.835633 0.835733 0.871399 0.850592 0.882820 0.987493 0.933182 0.862656 0.899367 0.902864 0.833006 0.880500 0.960517 0.979759 0.990419 0.884929 0.979994 0.900658 0.976998 0.939944 0.856815 0.754038 0.884081 0.949412 0.951864 0.946202 0.862717 0.927083 0.974123 0.993116 0.836948 0.926619 0.895069 0.984377 0.713224 0.906011 0.968731 0.892772 0.837835 0.861107 0.953588 0.966114 0.959660 0.939738 0.971963 0.968470 0.948757 0.738921 0.912163 0.895353 0.941692 0.935134
0.898956 0.926888 0.831408 0.924381 0.760813 0.884823 0.990312 0.933445 0.958530 0.959576 0.993710 0.930744 0.909869 0.905031 0.941467 0.850127 0.908525 0.983375 0.849264 0.960454 0.927914 0.000000 0.909629 0.984334 0.849006 0.955710 0.966703 0.865724 0.897300 0.946268 0.862230 0.916828 0.895470 0.898642 0.946705 0.892644 0.815776 0.787240 0.880427 0.768144 0.924472 0.948372 0.792027 0.890741 0.980252 0.932224 0.726479 0.944186 0.959929 0.816097 0.878652 0.930484 0.846982 0.997841 0.957166 0.943073 0.944679 0.926477 0.860328 0.990788 0.866684 0.816269 0.995715 0.943164 0.992661 0.905155 0.946848 0.916321 0.986907 0.974456 0.986168 0.939917 0.956123 0.884209 0.974279 0.848173 0.964008 0.966141 0.974434 0.927815 0.994668 0.996041 0.931718 0.943196 0.871204 0.868939 0.783058 0.847781 0.949195 0.942727 0.909229 0.961766 0.963738 0.923980 0.946312 0.909610 0.887952 0.929641 0.883840 0.950586 0.986874 0.931235 0.925370 0.797672 0.878380 0.796610 0.880230 0.998584 0.950192 0.910210 0.932155 0.968956 0.904035 0.919084 0.943142 0.962142
0.869199 0.977080 0.649962 0.567568 0.801181 0.765189 0.687576 0.786444 0.764551 0.865580 0.758259 0.936111 0.560497 0.660200 0.545383 0.583592 0.867821 0.919384 0.808825 0.953199 0.946981 0.909629 0.000000 0.414019 0.824791 0.700218 0.698081 0.885697 0.840911 0.861336 0.763502 0.771228 0.752196 0.867550 0.793582 0.787315 0.827939 0.961541 0.844829 0.953551 0.817077 0.829332 0.975501 0.953765 0.912817 0.949767 0.889299 0.773587 0.842758 0.978119 0.791288 0.806439 0.791865 0.771703 0.971556 0.973305 0.845430 0.908667 0.890226 0.933628 0.660615 0.868256 0.970980 0.970052 0.494591 0.554255 0.777881 0.641253 0.762583 0.848636 0.953293 0.922449 0.735524 0.733843 0.854821 0.950106 0.924493 0.857608 0.932077 0.939755 0.836444 0.768705 0.560990 0.865363 0.419331 0.455491 0.771435 0.622495 0.849291 0.739252 0.689070 0.917837 0.860285 0.992444 0.890510 0.969216 0.974401 0.996376 0.904922 0.801329 0.772861 0.781043 0.988320 0.794082 0.637035 0.803166 0.854786 0.938280 0.998605 0.979344 0.897442 0.935807 0.948902 0.952023 0.718774 0.956070
0.984824 0.933339 0.672938 0.527301 0.878677 0.848462 0.786979 0.851649 0.936327 0.783934 0.756906 0.919610 0.707834 0.767327 0.744547 0.657919 0.905073 0.928351 0.772799 0.888947 0.893010 0.984334 0.414019 0.000000 0.750093 0.690885 0.645528 0.923023 0.824478 0.831229 0.799347 0.801968 0.836408 0.874050 0.926114 0.769689 0.841544 0.901257 0.936473 0.995418 0.978626 0.918374 0.997096 0.980775 0.933325 0.988492 0.807575 0.837054 0.847001 0.969543 0.783405 0.839903 0.885914 0.968536 0.902747 0.976256 0.989568 0.981118 0.964548 0.990975 0.792059 0.923633 0.973727 0.976118 0.550179 0.584286 0.807499 0.665379 0.923861 0.910583 0.994250 0.862346 0.735742 0.756770 0.929733 0.871888 0.976156 0.886535 0.901030 0.868528 0.803379 0.715710 0.666459 0.847331 0.484890 0.478592 0.818506 0.626464 0.808401 0.723107 0.782528 0.909565 0.839473 0.975176 0.887841 0.996947 0.893685 0.887268 0.948284 0.915865 0.711039 0.872893 0.887449 0.838809 0.696874 0.728556 0.933408 0.989709 0.933129 0.957452 0.890721 0.908026 0.970307 0.942950 0.824735 0.772938
0.809185 0.851081 0.541648 0.762229 0.901452 0.936320 0.907288 0.779234 0.993663 0.780675 0.835960 0.686450 0.927199 0.786322 0.902734 0.806517 0.996713 0.900525 0.727634 0.979412 0.781419 0.849006 0.824791 0.750093 0.000000 0.474031 0.723342 0.904836 0.789671 0.722886 0.686879 0.942827 0.890152 0.956038 0.781861 0.930271 0.705153 0.883058 0.786753 0.833705 0.806005 0.925864 0.717755 0.848107 0.882926 0.992033 0.642621 0.763666 0.837387 0.703505 0.810587 0.861613 0.823370 0.963620 0.744037 0.777979 0.891507 0.902139 0.785048 0.890719 0.880590 0.708307 0.762103 0.688847 0.610486 0.896175 0.780599 0.847871 0.771747 0.907388 0.794396 0.984898 0.949081 0.929558 0.948161 0.950426 0.987761 0.904700 0.986222 0.944982 0.911638 0.799528 0.992041 0.855838 0.763427 0.768884 0.774145 0.990510 0.845362 0.706382 0.964647 0.944526 0.895230 0.994787 0.943100 0.906442 0.997240 0.987893 0.806581 0.817164 0.889287 0.963206 0.964662 0.954501 0.887327 0.950846 0.924347 0.871944 0.949877 0.925187 0.936893 0.830623 0.909614 0.938374 0.927842 0.743335
0.875647 0.924671 0.546016 0.629738 0.961648 0.949762 0.827609 0.861372 0.857959 0.674534 0.903978 0.724843 0.982108 0.789397 0.920137 0.901389 0.882435 0.853682 0.732455 0.925418 0.664444 0.955710 0.700218 0.690885 0.474031 0.000000 0.710512 0.812338 0.703379 0.625917 0.699378 0.961550 0.856275 0.967078 0.857355 0.864258 0.711678 0.923425 0.788215 0.898779 0.827602 0.920979 0.863658 0.965710 0.902466 0.887756 0.724511 0.874187 0.913109 0.900566 0.909408 0.842836 0.894845 0.982451 0.771276 0.781315 0.976862 0.986082 0.937115 0.972623 0.928523 0.739883 0.752032 0.678541 0.544019 0.761202 0.729204 0.750014 0.856700 0.913742 0.823676 0.979872 0.966870 0.996951 0.899459 0.967430 0.882665 0.925642 0.944542 0.967078 0.969819 0.834065 0.884014 0.924863 0.666089 0.612613 0.780703 0.930850 0.816764 0.666633 0.906182 0.822870 0.825143 0.926525 0.866493 0.981880 0.983577 0.968769 0.924162 0.991652 0.899381 0.975000 0.795089 0.900237 0.851997 0.850573 0.890487 0.941712 0.923732 0.875811 0.916384 0.773365 0.863431 0.839202 0.843070 0.836781
0.991700 0.941018 0.788726 0.794673 0.975312 0.945122 0.935794 0.937847 0.971400 0.736418 0.826213 0.846183 0.946374 0.973354 0.907235 0.958946 0.915407 0.920045 0.855797 0.970516 0.860950 0.966703 0.698081 0.645528 0.723342 0.710512 0.000000 0.910591 0.722581 0.865625 0.867323 0.868047 0.943958 0.994845 0.934983 0.924201 0.941697 0.943900 0.892402 0.994731 0.933257 0.958826 0.921000 0.849569 0.841302 0.840946 0.975929 0.973912 0.852079 0.991529 0.952330 0.966969 0.974310 0.948961 0.960227 0.987589 0.961935 0.970748 0.905260 0.886951 0.959552 0.848108 0.870834 0.845056 0.773856 0.845177 0.979556 0.942878 0.993047 0.986482 0.935790 0.943600 0.807214 0.889384 0.942901 0.935961 0.880135 0.923555 0.932082 0.875147 0.990860 0.889568 0.918707 0.977166 0.740011 0.707078 0.970834 0.813353 0.954125 0.906511 0.921818 0.995019 0.964288 0.963570 0.981844 0.926017 0.841096 0.806063 0.885521 0.980530 0.881653 0.910957 0.954349 0.946514 0.842410 0.805195 0.935512 0.856841 0.990375 0.979849 0.992267 0.982139 0.871278 0.929399 0.966140 0.801992
0.817895 0.883289 0.847859 0.842875 0.969640 0.860634 0.972378 0.945091 0.957046 0.853666 0.745813 0.796766 0.958790 0.988061 0.958940 0.987164 0.806977 0.779973 0.974239 0.804534 0.839651 0.865724 0.885697 0.923023 0.904836 0.812338 0.910591 0.000000 0.846627 0.872817 0.870882 0.980998 0.958320 0.886447 0.893000 0.983664 0.903122 0.970761 0.921705 0.842967 0.899509 0.955762 0.906175 0.843512 0.909108 0.863619 0.940287 0.990757 0.970305 0.958207 0.959318 0.856559 0.949373 0.868718 0.872709 0.991852 0.804343 0.871857 0.812731 0.823198 0.883821 0.837012 0.896570 0.835283 0.838387 0.952188 0.970687 0.976928 0.790665 0.884167 0.971122 0.981102 0.806138 0.886766 0.954153 0.988116 0.951551 0.942038 0.902891 0.918043 0.833806 0.841176 0.960302 0.943514 0.990794 0.927749 0.986112 0.909422 0.780923 0.993301 0.888499 0.891631 0.829282 0.950895 0.980785 0.941711 0.992074 0.943046 0.965641 0.871884 0.939324 0.888187 0.901005 0.892773 0.935932 0.985439 0.999915 0.908559 0.975808 0.964001 0.871450 0.940373 0.879747 0.785446 0.986427 0.943962
0.675924 0.661235 0.903222 0.934076 0.976896 0.979670 0.907815 0.743096 0.850481 0.615651 0.577706 0.495011 0.761280 0.690852 0.774684 0.739718 0.442637 0.445576 0.665718 0.497124 0.950423 0.897300 0.840911 0.824478 0.789671 0.703379 0.722581 0.846627 0.000000 0.400028 0.802217 0.743036 0.585853 0.544500 0.968782 0.805201 0.936948 0.928767 0.796725 0.984814 0.826691 0.911904 0.737118 0.570442 0.677924 0.590322 0.779733 0.723579 0.886845 0.956579 0.858250 0.926745 0.902620 0.958983 0.986329 0.863063 0.585755 0.644861 0.718495 0.766303 0.704900 0.704799 0.479175 0.509531 0.848396 0.946803 0.904022 0.854988 0.989815 0.631663 0.962544 0.806162 0.644675 0.651031 0.962780 0.839680 0.700148 0.935201 0.694951 0.709949 0.624456 0.788496 0.906943 0.914310 0.886875 0.863650 0.953161 0.949573 0.746375 0.832215 0.721660 0.673973 0.736618 0.824391 0.822853 0.827428 0.875635 0.820453 0.843181 0.820741 0.857766 0.978707 0.704179 0.709198 0.990479 0.941382 0.950769 0.879601 0.934188 0.721762 0.708238 0.728344 0.902832 0.814748 0.889655 0.920177
0.837378 0.754866 0.849771 0.900023 0.947128 0.967270 0.982199 0.782242 0.739872 0.626012 0.643734 0.524801 0.784454 0.671088 0.784454 0.782076 0.449997 0.445503 0.736767 0.538715 0.905587 0.946268 0.861336 0.831229 0.722886 0.625917 0.865625 0.872817 0.400028 0.000000 0.819006 0.707436 0.652968 0.557585 0.894134 0.853963 0.853921 0.976607 0.853548 0.981905 0.871151 0.956352 0.864718 0.662301 0.756133 0.693407 0.888617 0.812914 0.960024 0.918489 0.989873 0.785650 0.830378 0.920051 0.966931 0.735654 0.643638 0.702691 0.849920 0.892789 0.753729 0.754564 0.484055 0.509791 0.734208 0.865854 0.936161 0.956524 0.909039 0.683139 0.960080 0.760936 0.743719 0.724509 0.956306 0.825938 0.820877 0.899935 0.722935 0.652489 0.667131 0.807252 0.873152 0.884809 0.821759 0.809571 0.996995 0.997966 0.689477 0.736433 0.714808 0.583175 0.631357 0.753673 0.795275 0.812303 0.891083 0.815475 0.886318 0.956164 0.942114 0.971606 0.644195 0.826770 0.973744 0.864886 0.999033 0.814722 0.881433 0.640149 0.689461 0.801716 0.904118 0.811387 0.931975 0.863587
0.879390 0.727345 0.754512 0.787931 0.964136 0.802298 0.950720 0.987511 0.944683 0.868762 0.940284 0.970786 0.860532 0.917338 0.826158 0.844967 0.784426 0.790433 0.639637 0.778654 0.975516 0.862230 0.763502 0.799347 0.686879 0.699378 0.867323 0.870882 0.802217 0.819006 0.000000 0.659582 0.611803 0.732018 0.886183 0.999481 0.728429 0.832599 0.988663 0.913021 0.924658 0.924224 0.721640 0.736540 0.760216 0.745859 0.640363 0.591121 0.790730 0.748663 0.746347 0.887914 0.825930 0.788386 0.723391 0.968272 0.718588 0.717578 0.954369 0.910728 0.954219 0.922210 0.892459 0.929006 0.874785 0.959518 0.949956 0.886435 0.966439 0.813290 0.778488 0.786360 0.909995 0.924237 0.922151 0.800031 0.986529 0.857134 0.838527 0.706873 0.735790 0.722889 0.786321 0.797079 0.889678 0.897675 0.870034 0.801036 0.944745 0.861202 0.860005 0.803722 0.874520 0.798628 0.937907 0.818414 0.900680 0.869797 0.945778 0.975000 0.917460 0.967158 0.879419 0.995668 0.999919 0.953479 0.984756 0.795489 0.854910 0.907202 0.900483 0.981842 0.870558 0.999663 0.872434 0.973031
0.958963 0.895988 0.891540 0.905580 0.929059 0.970969 0.994951 0.993182 0.822515 0.904059 0.943669 0.867464 0.831830 0.791249 0.670408 0.793932 0.727514 0.725100 0.723580 0.707407 0.971877 0.916828 0.771228 0.801968 0.942827 0.961550 0.868047 0.980998 0.743036 0.707436 0.659582 0.000000 0.591558 0.816774 0.940956 0.916639 0.922469 0.873679 0.871951 0.939786 0.965239 0.865173 0.878448 0.838136 0.852000 0.821203 0.783353 0.750080 0.959880 0.927417 0.878767 0.985413 0.978838 0.914756 0.839500 0.963954 0.832532 0.747567 0.939376 0.981500 0.927953 0.981747 0.790515 0.782969 0.980779 0.956603 0.950902 0.933520 0.984051 0.824158 0.907741 0.676768 0.932866 0.903325 0.959444 0.921722 0.998597 0.872592 0.713343 0.586155 0.686614 0.719788 0.685271 0.688656 0.952244 0.904387 0.960369 0.760863 0.858055 0.960149 0.853169 0.812959 0.760322 0.803306 0.936931 0.952859 0.987473 0.804112 0.986424 0.983813 0.937663 0.968454 0.786302 0.855750 0.861301 0.877067 0.906745 0.825197 0.843039 0.846201 0.848272 0.906419 0.819813 0.889487 0.897524 0.912142
0.738672 0.604248 0.677792 0.633821 0.942383 0.942371 0.657022 0.663604 0.967682 0.748621 0.819103 0.689627 0.685177 0.725323 0.683597 0.773857 0.554818 0.588533 0.516227 0.567403 0.965094 0.895470 0.752196 0.836408 0.890152 0.856275 0.943958 0.958320 0.585853 0.652968 0.611803 0.591558 0.000000 0.516624 0.797033 0.986984 0.893656 0.926772 0.898882 0.973295 0.870375 0.827286 0.622189 0.540031 0.658974 0.639370 0.557075 0.536187 0.897478 0.851288 0.661645 0.830787 0.884323 0.936924 0.864674 0.985146 0.632784 0.634392 0.619287 0.712605 0.615263 0.766528 0.594657 0.656628 0.714105 0.747996 0.651882 0.559888 0.987328 0.825131 0.896564 0.716554 0.883524 0.902621 0.996723 0.883046 0.724306 0.835582 0.760835 0.647556 0.539082 0.644302 0.718773 0.758567 0.732669 0.756241 0.838274 0.895267 0.940598 0.786361 0.970262 0.910875 0.944745 0.952968 0.835822 0.829246 0.928521 0.875121 0.700619 0.690214 0.755486 0.803911 0.779534 0.794255 0.700556 0.904395 0.902572 0.908740 0.976971 0.850479 0.746002 0.872520 0.964373 0.957270 0.685926 0.978374
0.582051 0.535407 0.762828 0.690286 0.864885 0.929667 0.661725 0.576922 0.929752 0.750604 0.697879 0.512016 0.703167 0.713997 0.805055 0.750691 0.550093 0.514710 0.543093 0.547227 0.960109 0.898642 0.867550 0.874050 0.956038 0.967078 0.994845 0.886447 0.544500 0.557585 0.732018 0.816774 0.516624 0.000000 0.838473 0.976780 0.903072 0.873862 0.954239 0.959869 0.919160 0.889502 0.607621 0.482963 0.683286 0.608228 0.622958 0.575974 0.910781 0.969370 0.711545 0.970018 0.989459 0.884094 0.938259 0.928379 0.561642 0.642684 0.585735 0.668648 0.576665 0.622964 0.539611 0.570789 0.775578 0.708090 0.636685 0.540164 0.964501 0.774326 0.819905 0.723543 0.775845 0.756632 0.911227 0.894389 0.664681 0.731268 0.718342 0.741861 0.533474 0.645257 0.789179 0.752565 0.774140 0.778770 0.908427 0.894578 0.871473 0.931941 0.991513 0.833915 0.905163 0.968882 0.803091 0.721396 0.773420 0.810838 0.710774 0.681404 0.691186 0.938324 0.689342 0.756550 0.735993 0.920754 0.926458 0.908052 0.875440 0.669651 0.696569 0.764404 0.775463 0.890326 0.711811 0.884447
0.850726 0.884759 0.698799 0.722952 0.924464 0.817638 0.747436 0.850808 0.801594 0.935256 0.922488 0.995207 0.848615 0.982722 0.887031 0.973801 0.992445 0.946590 0.901043 0.916724 0.875029 0.946705 0.793582 0.926114 0.781861 0.857355 0.934983 0.893000 0.968782 0.894134 0.886183 0.940956 0.797033 0.838473 0.000000 0.926213 0.741043 0.977160 0.897530 0.944094 0.946280 0.970260 0.726512 0.757857 0.825223 0.815795 0.855003 0.752138 0.806953 0.750951 0.740564 0.775217 0.773931 0.844166 0.899782 0.846285 0.950749 0.904812 0.803970 0.830142 0.775325 0.814849 0.954098 0.970156 0.658993 0.703639 0.690006 0.701386 0.994894 0.932088 0.956004 0.930390 0.955516 0.949525 0.993046 0.925723 0.757915 0.784749 0.980049 0.921251 0.891730 0.897113 0.875949 0.804008 0.713884 0.746495 0.968087 0.983728 0.890661 0.774092 0.796680 0.839371 0.823689 0.820031 0.968371 0.906326 0.925413 0.955857 0.874556 0.927479 0.883901 0.785189 0.956978 0.843976 0.815406 0.979332 0.857220 0.995610 0.916002 0.942039 0.963542 0.966502 0.846047 0.905823 0.730285 0.906340
0.962437 0.993257 0.852546 0.841436 0.870043 0.874425 0.905262 0.964657 0.847000 0.960796 0.979715 0.979106 0.963237 0.944411 0.934754 0.979440 0.950090 0.961292 0.954161 0.941380 0.910349 0.892644 0.787315 0.769689 0.930271 0.864258 0.924201 0.983664 0.805201 0.853963 0.999481 0.916639 0.986984 0.976780 0.926213 0.000000 0.950791 0.940878 0.993209 0.868636 0.932756 0.962442 0.983348 0.980676 0.926078 0.979517 0.996096 0.938649 0.998103 0.950888 0.934144 0.955288 0.974577 0.968147 0.925607 0.959715 0.996853 0.911310 0.981821 0.957312 0.924361 0.939566 0.850239 0.894465 0.791435 0.855345 0.933877 0.922692 0.928363 0.948507 0.969244 0.965968 0.990370 0.910366 0.946982 0.877171 0.894369 0.913225 0.860116 0.949375 0.984558 0.913936 0.788946 0.946481 0.747306 0.791868 0.928063 0.763526 0.850420 0.824188 0.888897 0.951604 0.849491 0.936873 0.990175 0.965241 0.828421 0.934511 0.955652 0.966584 0.852353 0.898235 0.911807 0.893227 0.905923 0.969877 0.797312 0.972509 0.972645 0.959614 0.983762 0.959421 0.965401 0.967078 0.946497 0.971945
0.922565 0.815915 0.848922 0.930794 0.973942 0.888478 0.917890 0.874690 0.939328 0.960454 0.892360 0.898038 0.994317 0.825586 0.967779 0.924080 0.914147 0.968452 0.935182 0.944989 0.914809 0.815776 0.827939 0.841544 0.705153 0.711678 0.941697 0.903122 0.936948 0.853921 0.728429 0.922469 0.893656 0.903072 0.741043 0.950791 0.000000 0.682272 0.772937 0.921511 0.783830 0.895918 0.815004 0.907723 0.863664 0.804107 0.745802 0.754056 0.744653 0.664604 0.819557 0.778945 0.813083 0.841539 0.711798 0.682167 0.880891 0.835375 0.981814 0.979053 0.897709 0.951632 0.894440 0.951374 0.862254 0.963122 0.912230 0.825164 0.928299 0.920040 0.694761 0.895580 0.993799 0.964909 0.975547 0.963522 0.998644 0.775828 0.949875 0.975697 0.919467 0.877858 0.897557 0.813118 0.902436 0.932093 0.864382 0.880430 0.842070 0.812659 0.983485 0.970486 0.887904 0.922948 0.977549 0.898772 0.964119 0.821321 0.847783 0.985697 0.854535 0.995538 0.938934 0.974079 0.901244 0.812453 0.990668 0.922543 0.906721 0.865907 0.869201 0.984158 0.961801 0.971420 0.785084 0.954023
0.849342 0.756142 0.958725 0.945166 0.877474 0.904885 0.907602 0.990849 0.956948 0.845244 0.932191 0.943146 0.860979 0.916064 0.968631 0.994300 0.945213 0.895424 0.815134 0.844214 0.905988 0.787240 0.961541 0.901257 0.883058 0.923425 0.943900 0.970761 0.928767 0.976607 0.832599 0.873679 0.926772 0.873862 0.977160 0.940878 0.682272 0.000000 0.963413 0.987875 0.985048 0.828409 0.678966 0.766733 0.726424 0.708530 0.685539 0.643138 0.678557 0.666759 0.867839 0.814671 0.821937 0.958527 0.804287 0.815497 0.796426 0.766598 0.905803 0.963525 0.896863 0.944813 0.931460 0.948133 0.942180 0.943655 0.899879 0.941603 0.723264 0.814791 0.737450 0.684058 0.867428 0.836059 0.915973 0.985242 0.981174 0.864507 0.871108 0.885421 0.940465 0.918796 0.972008 0.881807 0.946449 0.983695 0.891625 0.939546 0.835472 0.933716 0.940924 0.944683 0.899790 0.952213 0.962842 0.792373 0.684785 0.715046 0.850052 0.807903 0.780231 0.921500 0.787576 0.706050 0.928647 0.703649 0.880240 0.974357 0.936371 0.913915 0.791185 0.887107 0.929935 0.818571 0.871577 0.811811
