0.000000 0.179255 0.471415 0.577079 0.807621 0.746906 0.889585 0.812396 0.480311 0.534343 0.298543 0.274156 0.344601 0.344286 0.457444 0.687263 0.269467 0.224927 0.308840 0.226487 0.568051 0.995671 0.648703 0.410757 0.488597 0.710579 0.529712 0.769127 0.516559 0.485830 0.975548 0.729527 0.432775 0.521715 0.853630 0.898534 0.864429 0.957511 0.902496 0.892781 0.827689 0.794929 0.968478 0.823403 0.855415 0.965626 0.590936 0.625637 0.833267 0.756565 0.913813 0.820687 0.837446 0.531682 0.413126 0.488634 0.173446 0.185394 0.347688 0.310547 0.547226 0.740338 0.354674 0.361744 0.283149 0.466740 0.711200 0.924525 0.310265 0.442366 0.522739 0.494744 0.857274 0.820876 0.898766 0.967515 0.876110 0.790371 0.498079 0.370486 0.234030 0.217451 0.384585 0.239161 0.226216 0.211767 0.803479 0.512277 0.593112 0.294369 0.356681 0.441006 0.415872 0.506534 0.906340 0.932288 0.940018 0.881346 0.781534 0.917319 0.589760 0.759509 0.996588 0.757940 0.915504 0.836780 0.998384 0.830213 0.648745 0.926548 0.802649 0.902867 0.805649 0.906859 0.812873 0.660577
0.179255 0.000000 0.440059 0.478805 0.766327 0.769861 0.909540 0.769786 0.513719 0.580425 0.373403 0.300822 0.419041 0.357254 0.470798 0.654033 0.277446 0.253373 0.317482 0.226854 0.584202 0.974162 0.641060 0.396334 0.429767 0.627845 0.498633 0.770159 0.530657 0.499419 0.945062 0.699469 0.445987 0.484528 0.806384 0.896747 0.791099 0.886891 0.792410 0.907091 0.845142 0.735558 0.912736 0.773852 0.817975 0.979429 0.572950 0.631477 0.859404 0.765388 0.919171 0.810963 0.826205 0.539387 0.465520 0.501563 0.175674 0.172896 0.371248 0.345599 0.612413 0.745217 0.412766 0.372740 0.296996 0.501085 0.759541 0.970825 0.295121 0.418121 0.610417 0.502420 0.898266 0.852384 0.847631 0.989171 0.981064 0.796224 0.475529 0.378166 0.244845 0.259007 0.425766 0.267277 0.302195 0.250381 0.862827 0.580143 0.614811 0.329777 0.314793 0.387909 0.382458 0.465722 0.906509 0.995359 0.896170 0.898087 0.746214 0.914200 0.502726 0.714473 0.966482 0.806427 0.946840 0.803610 0.894485 0.828728 0.694392 0.870744 0.835911 0.885552 0.805870 0.913876 0.827926 0.632313
0.471415 0.440059 0.000000 0.262930 0.800862 0.949397 0.716565 0.541692 0.784059 0.789076 0.655694 0.530643 0.496342 0.546651 0.593299 0.635386 0.582779 0.549258 0.500958 0.515408 0.590553 0.986707 0.642337 0.456069 0.407133 0.525092 0.540059 0.889406 0.715540 0.710367 0.795339 0.633037 0.604327 0.595336 0.743809 0.900730 0.682187 0.838798 0.794519 0.707101 0.988384 0.677227 0.794429 0.710545 0.907301 0.950239 0.692126 0.729461 0.946921 0.778623 0.891342 0.811997 0.917237 0.781317 0.596429 0.661038 0.422293 0.427359 0.543727 0.495235 0.662026 0.650057 0.660971 0.613539 0.401133 0.490520 0.698128 0.875807 0.500139 0.529806 0.910646 0.822067 0.949339 0.920055 0.918112 0.811008 0.824443 0.957750 0.616997 0.582045 0.620457 0.588649 0.658107 0.623713 0.610811 0.454013 0.938251 0.939042 0.649521 0.546348 0.614564 0.691576 0.673891 0.691500 0.918072 0.961091 0.887219 0.836970 0.941207 0.841900 0.595422 0.938131 0.962840 0.861041 0.888351 0.746581 0.746851 0.922403 0.870703 0.838615 0.769755 0.955613 0.886090 0.793268 0.622265 0.785710
0.577079 0.478805 0.262930 0.000000 0.798095 0.997002 0.809133 0.489944 0.855489 0.872019 0.802073 0.597833 0.619115 0.545077 0.649011 0.572114 0.671807 0.644920 0.593502 0.655081 0.680371 0.947911 0.705485 0.442089 0.400850 0.448505 0.595002 0.892210 0.866799 0.768156 0.762577 0.629800 0.669641 0.629250 0.663208 0.922925 0.549547 0.784003 0.658669 0.684256 0.926195 0.679246 0.827925 0.758420 0.843741 0.981892 0.773231 0.807236 0.955294 0.857016 0.905890 0.800900 0.970383 0.871773 0.688157 0.715569 0.496376 0.496070 0.622988 0.562455 0.761547 0.649507 0.759028 0.672526 0.521786 0.508043 0.814654 0.932257 0.568923 0.533133 0.972171 0.847248 0.961448 0.954296 0.868396 0.919078 0.822848 0.984520 0.639442 0.636415 0.680346 0.685775 0.744291 0.659571 0.749246 0.515028 0.994599 0.992782 0.645518 0.632219 0.590971 0.619380 0.646113 0.651563 0.991188 0.925472 0.997040 0.809581 0.982430 0.901774 0.556049 0.872898 0.961685 0.863024 0.963034 0.775473 0.694378 0.950185 0.857048 0.842789 0.868192 0.881711 0.944636 0.792889 0.677649 0.826046
0.807621 0.766327 0.800862 0.798095 0.000000 0.784344 0.636333 0.785788 0.695300 0.642484 0.990215 0.970725 0.831896 0.954674 0.802989 0.775432 0.944641 0.932425 0.945615 0.770852 0.806979 0.945225 0.801946 0.988054 0.730923 0.776273 0.919778 0.947879 0.840011 0.895622 0.856936 0.957246 0.957241 0.872390 0.973817 0.726587 0.846679 0.808941 0.821302 0.977542 0.922737 0.804285 0.918546 0.934619 0.674739 0.792006 0.994035 0.975293 0.778336 0.793444 0.661882 0.689323 0.524954 0.492838 0.942409 0.960526 0.762768 0.814780 0.956108 0.866619 0.709582 0.730025 0.851601 0.920203 0.909137 0.882197 0.873683 0.750069 0.581179 0.623709 0.810603 0.757793 0.782028 0.725530 0.865447 0.921330 0.932900 0.797987 0.867696 0.917243 0.838842 0.783555 0.958402 0.819216 0.986796 0.929883 0.937525 0.979984 0.952065 0.876963 0.754432 0.736533 0.943393 0.848925 0.946153 0.957764 0.784715 0.927639 0.779373 0.779217 0.709564 0.606437 0.801653 0.980558 0.886120 0.880068 0.943031 0.873551 0.862527 0.856785 0.915345 0.752045 0.910078 0.901935 0.847722 0.852933
0.746906 0.769861 0.949397 0.997002 0.784344 0.000000 0.820196 0.770511 0.627240 0.683587 0.797381 0.838336 0.939133 0.859493 0.990753 0.884181 0.788382 0.787892 0.747284 0.766427 0.871284 0.960832 0.987022 0.923321 0.915269 0.907069 0.981658 0.817040 0.900321 0.963683 0.797384 0.925295 0.873185 0.983723 0.889193 0.929952 0.863315 0.803273 0.941670 0.753411 0.712841 0.755705 0.872106 0.875269 0.916775 0.995797 0.915844 0.903522 0.927843 0.964438 0.944364 0.920092 0.778645 0.706609 0.915034 0.836516 0.743227 0.768636 0.785978 0.849295 0.978493 0.822494 0.867015 0.909122 0.784787 0.983388 0.902580 0.993317 0.750561 0.905265 0.753619 0.700372 0.649596 0.745889 0.876755 0.832303 0.858505 0.786388 0.952110 0.897457 0.770561 0.714932 0.810021 0.710935 0.743837 0.776715 0.837022 0.886433 0.966912 0.806104 0.739260 0.867489 0.904673 0.862126 0.993823 0.926898 0.997291 0.997856 0.873897 0.895879 0.837568 0.863835 0.919332 0.943183 0.960508 0.903465 0.917103 0.806471 0.773537 0.797200 0.924907 0.975841 0.898619 0.917045 0.888510 0.787854
0.889585 0.909540 0.716565 0.809133 0.636333 0.820196 0.000000 0.289509 0.760905 0.532314 0.820795 0.610382 0.506492 0.674320 0.466960 0.594919 0.781879 0.772246 0.624847 0.877560 0.976483 0.965806 0.391649 0.763813 0.875266 0.901972 0.910806 0.941600 0.497355 0.566077 0.541357 0.630813 0.552085 0.434294 0.774433 0.882855 0.975803 0.920806 0.810927 0.950068 0.892034 0.994905 0.470570 0.514867 0.411392 0.445471 0.592001 0.656913 0.446408 0.402120 0.320402 0.350875 0.409528 0.499533 0.633622 0.596901 0.868095 0.861352 0.627788 0.748074 0.300067 0.300701 0.489328 0.491076 0.711454 0.628308 0.430794 0.458147 0.853661 0.918077 0.679626 0.739357 0.636176 0.558203 0.760395 0.645971 0.749724 0.678017 0.717120 0.753544 0.882385 0.970003 0.768572 0.987003 0.742344 0.807834 0.931029 0.981399 0.731219 0.932699 0.879568 0.816116 0.877615 0.927822 0.793389 0.812023 0.980494 0.942078 0.492956 0.459050 0.895759 0.565519 0.699293 0.802607 0.698163 0.657871 0.836741 0.972214 0.901500 0.937264 0.685403 0.693839 0.567088 0.746572 0.434057 0.852649
0.812396 0.769786 0.541692 0.489944 0.785788 0.770511 0.289509 0.000000 0.762625 0.623147 0.840732 0.546691 0.462582 0.561472 0.450319 0.394756 0.769015 0.753190 0.666603 0.875304 0.901066 0.914880 0.463817 0.579119 0.896394 0.877728 0.816492 0.974781 0.637157 0.627698 0.593397 0.635107 0.604414 0.464601 0.725001 0.983001 0.835907 0.945457 0.983972 0.877644 0.855851 0.894779 0.599016 0.619194 0.683872 0.689768 0.704908 0.803828 0.706577 0.586211 0.468138 0.434372 0.529456 0.598362 0.684030 0.711164 0.747730 0.737307 0.664601 0.721040 0.346491 0.258890 0.559527 0.499578 0.625733 0.444142 0.606237 0.630118 0.959233 0.895454 0.762474 0.823410 0.701985 0.652951 0.731972 0.732220 0.779467 0.762848 0.697337 0.734495 0.859948 0.980348 0.797595 0.953511 0.791707 0.708520 0.957467 0.936079 0.631434 0.922633 0.925560 0.902657 0.741268 0.747687 0.956992 0.973819 0.908630 0.967149 0.723618 0.626777 0.861895 0.762523 0.900866 0.914386 0.801706 0.785254 0.725682 0.945511 0.984767 0.918496 0.806731 0.971928 0.714462 0.758174 0.490134 0.992406
0.480311 0.513719 0.784059 0.855489 0.695300 0.627240 0.760905 0.762625 0.000000 0.503398 0.610423 0.656774 0.832631 0.620424 0.924788 0.969194 0.505974 0.492743 0.587994 0.478695 0.710592 0.847420 0.958782 0.672500 0.550657 0.675880 0.714448 0.901205 0.818225 0.739091 0.897384 0.857269 0.716858 0.780127 0.970410 0.957888 0.787971 0.872677 0.840095 0.984416 0.849865 0.982859 0.963953 0.885819 0.834411 0.986245 0.711742 0.678309 0.937785 0.911987 0.871954 0.932919 0.764158 0.570759 0.661803 0.610119 0.505115 0.520854 0.579541 0.631938 0.977310 0.865482 0.748591 0.711570 0.732722 0.862246 0.866537 0.995737 0.459010 0.543292 0.628015 0.654115 0.843888 0.838175 0.968995 0.980306 0.908787 0.751887 0.684536 0.602338 0.467833 0.413594 0.579110 0.381665 0.589548 0.529834 0.841929 0.601915 0.710914 0.441907 0.502921 0.645316 0.652453 0.738060 0.951208 0.827738 0.899013 0.878352 0.785956 0.957505 0.811332 0.805598 0.886544 0.691039 0.902655 0.862090 0.986835 0.969817 0.735857 0.883348 0.876578 0.961083 0.736042 0.999982 0.951386 0.733533
0.534343 0.580425 0.789076 0.872019 0.642484 0.683587 0.532314 0.623147 0.503398 0.000000 0.655543 0.844486 0.897566 0.835521 0.964778 0.826815 0.747503 0.679035 0.841406 0.593452 0.734259 0.966515 0.779744 0.724156 0.596180 0.758794 0.728837 0.758072 0.881214 0.994508 0.512032 0.758427 0.960554 0.836612 0.926059 0.911442 0.917135 0.837749 0.868622 0.940404 0.793754 0.926739 0.551750 0.686651 0.389997 0.497700 0.862004 0.905433 0.592652 0.634141 0.453359 0.527574 0.383548 0.307475 0.912645 0.958740 0.613689 0.612350 0.910812 0.786299 0.822277 0.653557 0.999854 0.988019 0.687780 0.801382 0.779665 0.603673 0.440996 0.605466 0.451432 0.521576 0.654979 0.599434 0.875794 0.774856 0.630672 0.585289 0.948576 0.797946 0.624796 0.439141 0.770943 0.496197 0.649022 0.574574 0.819938 0.570188 0.843869 0.569990 0.604579 0.611861 0.888417 0.901450 0.781638 0.959656 0.916391 0.885779 0.482785 0.587692 0.686637 0.597456 0.754816 0.946413 0.875639 0.896177 0.919679 0.882545 0.645990 0.937648 0.916601 0.721394 0.507261 0.905567 0.720332 0.702416
0.298543 0.373403 0.655694 0.802073 0.990215 0.797381 0.820795 0.840732 0.610423 0.655543 0.000000 0.318904 0.349862 0.360475 0.422098 0.658725 0.331287 0.269069 0.463857 0.360557 0.676661 0.915381 0.765603 0.553723 0.725011 0.928623 0.673061 0.732922 0.454605 0.430771 0.874708 0.851433 0.570290 0.620486 0.941588 0.935174 0.975394 0.918934 0.868468 0.962040 0.716505 0.991935 0.913662 0.993844 0.874604 0.957090 0.783650 0.813372 0.884433 0.846586 0.945663 0.910158 0.906936 0.618599 0.483767 0.611328 0.313928 0.321266 0.544643 0.525675 0.464915 0.621195 0.390016 0.406358 0.310624 0.420197 0.858142 0.984815 0.546246 0.721610 0.499781 0.574329 0.961767 0.911801 0.873389 0.957934 0.696333 0.865410 0.621423 0.518194 0.350611 0.342224 0.451537 0.368695 0.311396 0.371117 0.672837 0.582810 0.660532 0.509038 0.466989 0.539130 0.433868 0.665986 0.915046 0.926445 0.814314 0.759428 0.682012 0.839012 0.665858 0.857793 0.931287 0.928049 0.991800 0.956679 0.904839 0.837691 0.685918 0.852724 0.860530 0.981784 0.791740 0.961001 0.871218 0.666503
0.274156 0.300822 0.530643 0.597833 0.970725 0.838336 0.610382 0.546691 0.656774 0.844486 0.318904 0.000000 0.240808 0.221874 0.265699 0.415861 0.243137 0.228897 0.309977 0.321341 0.643339 0.996238 0.462363 0.397712 0.640427 0.821608 0.550190 0.821379 0.370755 0.340255 0.814517 0.615297 0.359982 0.368231 0.776621 0.942658 0.883652 0.974557 0.998244 0.874285 0.854025 0.921048 0.803390 0.707910 0.900192 0.785573 0.536236 0.592252 0.644100 0.577910 0.623718 0.558817 0.813587 0.861871 0.334849 0.444353 0.263160 0.249240 0.356079 0.374000 0.328895 0.462941 0.226478 0.199697 0.322574 0.370659 0.635365 0.766582 0.534904 0.587494 0.703339 0.663570 0.955510 0.938480 0.720249 0.852681 0.961902 0.937106 0.441124 0.344682 0.278635 0.346488 0.356812 0.363858 0.260694 0.287112 0.769817 0.594328 0.537205 0.443724 0.447448 0.537667 0.374765 0.490099 0.975681 0.972972 0.820106 0.814138 0.919205 0.949646 0.633392 0.930996 0.891285 0.736304 0.852664 0.788493 0.929078 0.839188 0.707860 0.916906 0.722280 0.953513 0.968392 0.938556 0.644085 0.711982
0.344601 0.419041 0.496342 0.619115 0.831896 0.939133 0.506492 0.462582 0.832631 0.897566 0.349862 0.240808 0.000000 0.291572 0.266692 0.399241 0.410498 0.349294 0.412625 0.467561 0.719284 0.982224 0.451647 0.384137 0.733362 0.873173 0.615945 0.914006 0.456816 0.439253 0.853913 0.648033 0.464254 0.446457 0.836343 0.975992 0.983190 0.884312 0.928886 0.897679 0.906130 0.960150 0.899799 0.823558 0.917474 0.838364 0.645026 0.719285 0.724408 0.618021 0.622105 0.549605 0.796588 0.954219 0.396474 0.533801 0.363068 0.357916 0.398258 0.383882 0.239872 0.395377 0.264562 0.302229 0.325142 0.314238 0.602826 0.707947 0.681143 0.706968 0.714189 0.727416 0.985068 0.978194 0.797883 0.911257 0.915021 0.922881 0.600024 0.437778 0.438883 0.483528 0.473830 0.502134 0.304661 0.298986 0.659098 0.639726 0.561703 0.505948 0.562709 0.652925 0.502316 0.573308 0.952435 0.986464 0.858512 0.802187 0.986411 0.927406 0.713438 0.918170 0.933054 0.890833 0.888749 0.873476 0.984159 0.758670 0.813761 0.981589 0.714190 0.969247 0.987841 0.935399 0.634945 0.800663
0.344286 0.357254 0.546651 0.545077 0.954674 0.859493 0.674320 0.561472 0.620424 0.835521 0.360475 0.221874 0.291572 0.000000 0.317712 0.351883 0.279672 0.243448 0.354495 0.380133 0.657393 0.947441 0.500901 0.318240 0.591067 0.694660 0.597729 0.919878 0.446817 0.308333 0.809354 0.576130 0.403730 0.385307 0.797035 0.998007 0.798985 0.941953 0.910230 0.860456 0.886745 0.931040 0.879878 0.775158 0.965855 0.859946 0.610292 0.640461 0.765200 0.635021 0.698987 0.611912 0.821827 0.926960 0.358012 0.446909 0.315327 0.298773 0.432036 0.443378 0.409079 0.449262 0.296128 0.267931 0.423623 0.317498 0.678135 0.750526 0.587033 0.599077 0.760849 0.700978 0.886114 0.878176 0.777383 0.846350 0.954677 0.952541 0.503901 0.377741 0.306250 0.358114 0.345458 0.322732 0.356263 0.292746 0.680086 0.561168 0.515991 0.473491 0.428215 0.486200 0.395962 0.486880 0.968140 0.979720 0.821296 0.858444 0.868700 0.943906 0.632181 0.936600 0.953946 0.773927 0.915332 0.784710 0.900643 0.835622 0.729215 0.963587 0.752518 0.994258 0.926052 0.935835 0.700835 0.729703
0.457444 0.470798 0.593299 0.649011 0.802989 0.990753 0.466960 0.450319 0.924788 0.964778 0.422098 0.265699 0.266692 0.317712 0.000000 0.336485 0.404303 0.382219 0.430211 0.488833 0.769824 0.866792 0.420800 0.428536 0.821323 0.916229 0.675711 0.913040 0.379990 0.342454 0.710509 0.655102 0.442887 0.385815 0.805210 0.953896 0.958803 0.895950 0.995864 0.868882 0.890983 0.992599 0.772290 0.725381 0.789534 0.739301 0.608755 0.652118 0.618932 0.555050 0.530825 0.474146 0.700201 0.948865 0.392534 0.502920 0.436556 0.419061 0.464639 0.514590 0.254044 0.358411 0.290350 0.279226 0.408057 0.390591 0.637314 0.703004 0.804008 0.837890 0.811951 0.779161 0.864503 0.905100 0.709227 0.770371 0.977007 0.967511 0.564788 0.518508 0.449937 0.574516 0.494866 0.554078 0.384982 0.435172 0.686726 0.715857 0.665868 0.611827 0.616862 0.633131 0.456297 0.514650 0.964751 0.993035 0.744120 0.760749 0.968134 0.889073 0.701981 0.999115 0.928120 0.833615 0.957296 0.808879 0.882178 0.738608 0.872752 0.995671 0.784111 0.927131 0.961550 0.935760 0.602325 0.794888
0.687263 0.654033 0.635386 0.572114 0.775432 0.884181 0.594919 0.394756 0.969194 0.826815 0.658725 0.415861 0.399241 0.351883 0.336485 0.000000 0.558043 0.572459 0.666963 0.739223 0.806091 0.921962 0.534229 0.459121 0.811903 0.832202 0.781403 0.999998 0.582320 0.459297 0.690047 0.609369 0.623609 0.508841 0.896976 0.991143 0.860335 0.972532 0.930245 0.790035 0.947176 0.978532 0.888499 0.857764 0.906297 0.864596 0.796852 0.820338 0.838887 0.712390 0.618379 0.520512 0.627983 0.778957 0.588830 0.749553 0.613158 0.586765 0.644958 0.719297 0.415277 0.377736 0.494290 0.449551 0.626964 0.407574 0.800377 0.732716 0.958295 0.819326 0.999144 0.938601 0.789856 0.858903 0.674277 0.804339 0.967988 0.981031 0.672754 0.579802 0.655455 0.763753 0.587414 0.752239 0.682878 0.593091 0.759120 0.938675 0.752831 0.835741 0.625619 0.594373 0.493884 0.511752 0.983997 0.865504 0.665154 0.824611 0.961578 0.931289 0.695387 0.948247 0.990415 0.958692 0.906057 0.921088 0.860692 0.786766 0.937011 0.964666 0.895795 0.941140 0.970765 0.958732 0.684434 0.832337
0.269467 0.277446 0.582779 0.671807 0.944641 0.788382 0.781879 0.769015 0.505974 0.747503 0.331287 0.243137 0.410498 0.279672 0.404303 0.558043 0.000000 0.188577 0.289727 0.266721 0.654750 0.938184 0.574655 0.475897 0.582483 0.791655 0.606609 0.769013 0.347613 0.298103 0.839161 0.651156 0.365859 0.391243 0.870147 0.960099 0.775863 0.984684 0.932153 0.865332 0.861995 0.851147 0.822290 0.675290 0.954724 0.786197 0.489650 0.509660 0.670149 0.601466 0.730555 0.671680 0.933455 0.751246 0.377235 0.408960 0.253303 0.243371 0.376701 0.421482 0.511736 0.631442 0.313718 0.278101 0.380278 0.496656 0.662496 0.779635 0.467110 0.572886 0.716802 0.597312 0.940778 0.968867 0.809921 0.839439 0.980118 0.942635 0.430988 0.378205 0.222267 0.292429 0.326636 0.305582 0.289838 0.308316 0.816995 0.517173 0.633003 0.402092 0.400833 0.496719 0.345636 0.486365 0.930361 0.932165 0.873164 0.862301 0.871293 0.964333 0.675274 0.832359 0.879095 0.699284 0.879578 0.738635 0.899426 0.879754 0.713189 0.962311 0.803608 0.871527 0.939443 0.989941 0.785591 0.745899
0.224927 0.253373 0.549258 0.644920 0.932425 0.787892 0.772246 0.753190 0.492743 0.679035 0.269069 0.228897 0.349294 0.243448 0.382219 0.572459 0.188577 0.000000 0.269314 0.228600 0.619059 0.983224 0.577164 0.420644 0.583410 0.769545 0.629773 0.775088 0.382069 0.331014 0.924498 0.669184 0.371190 0.410013 0.882972 0.966470 0.825872 0.963654 0.945120 0.870952 0.813798 0.851997 0.886743 0.745656 0.999007 0.858725 0.563547 0.579874 0.728165 0.643058 0.810233 0.736491 0.989677 0.703306 0.355128 0.410709 0.223436 0.214594 0.375006 0.412899 0.494191 0.630937 0.287639 0.271516 0.346076 0.447190 0.674174 0.803905 0.427319 0.521082 0.659179 0.582323 0.960933 0.989599 0.819756 0.877698 0.890612 0.889675 0.422767 0.345443 0.189016 0.227523 0.341082 0.234459 0.246250 0.270921 0.734253 0.479483 0.619550 0.370545 0.403503 0.465598 0.359732 0.487003 0.939807 0.933734 0.867823 0.898585 0.824791 0.970426 0.621864 0.823694 0.947178 0.752787 0.864951 0.764072 0.950321 0.879577 0.666978 0.980203 0.816539 0.956028 0.887086 0.918679 0.752125 0.711595
0.308840 0.317482 0.500958 0.593502 0.945615 0.747284 0.624847 0.666603 0.587994 0.841406 0.463857 0.309977 0.412625 0.354495 0.430211 0.666963 0.289727 0.269314 0.000000 0.276785 0.631248 0.930374 0.370361 0.475505 0.614909 0.807397 0.615497 0.956034 0.380208 0.407164 0.687690 0.558188 0.252312 0.342834 0.724591 0.998798 0.799705 0.952615 0.915087 0.922263 0.906859 0.872301 0.613048 0.503071 0.757058 0.578946 0.374224 0.371633 0.497005 0.410971 0.582420 0.525631 0.851314 0.869525 0.377631 0.325352 0.308721 0.311799 0.283848 0.353718 0.477029 0.650551 0.278549 0.280408 0.430542 0.603108 0.450956 0.616677 0.485403 0.582759 0.854553 0.721351 0.958708 0.935565 0.805815 0.845549 0.872664 0.997549 0.398562 0.358514 0.295618 0.370797 0.369222 0.354510 0.293968 0.329839 0.777380 0.584283 0.638760 0.396071 0.571961 0.686588 0.515717 0.559800 0.825724 0.832190 0.989195 0.925627 0.866550 0.722457 0.775310 0.914504 0.741920 0.626529 0.714193 0.572484 0.841672 0.884698 0.785053 0.818840 0.663761 0.853230 0.891760 0.752935 0.635165 0.776197
0.226487 0.226854 0.515408 0.655081 0.770852 0.766427 0.877560 0.875304 0.478695 0.593452 0.360557 0.321341 0.467561 0.380133 0.488833 0.739223 0.266721 0.228600 0.276785 0.000000 0.573200 0.946711 0.609451 0.509034 0.540711 0.708278 0.547477 0.814939 0.469165 0.450942 0.895580 0.743614 0.406184 0.479515 0.869214 0.989112 0.809089 0.874334 0.887994 0.907923 0.799360 0.801720 0.847240 0.717563 0.956273 0.876226 0.557526 0.564092 0.758457 0.688473 0.874200 0.810454 0.871129 0.581042 0.424140 0.459373 0.243405 0.240426 0.413984 0.418889 0.639985 0.788718 0.387663 0.371519 0.377023 0.588131 0.710049 0.902268 0.331169 0.461524 0.642551 0.564628 0.998729 0.960738 0.837976 0.934399 0.989804 0.862369 0.453263 0.400098 0.232463 0.237516 0.406641 0.260051 0.291341 0.314291 0.852374 0.538889 0.673475 0.339280 0.429383 0.536552 0.466218 0.526842 0.946682 0.824176 0.930170 0.942362 0.841758 0.993600 0.607521 0.741425 0.948128 0.733625 0.857172 0.748876 0.914435 0.889491 0.788054 0.899620 0.821445 0.981817 0.854608 0.887451 0.816584 0.696022
0.568051 0.584202 0.590553 0.680371 0.806979 0.871284 0.976483 0.901066 0.710592 0.734259 0.676661 0.643339 0.719284 0.657393 0.769824 0.806091 0.654750 0.619059 0.631248 0.573200 0.000000 0.994738 0.809268 0.744213 0.567389 0.623145 0.772745 0.996241 0.766602 0.781377 0.869306 0.619496 0.637560 0.675573 0.980094 0.924339 0.837878 0.765149 0.852576 0.818211 0.973084 0.784377 0.863096 0.760978 0.999651 0.913609 0.765779 0.661539 0.895333 0.793113 0.934064 0.881032 0.990080 0.773237 0.583353 0.757490 0.545467 0.573921 0.635883 0.595019 0.840234 0.844455 0.698443 0.695128 0.636459 0.744802 0.836677 0.970871 0.579888 0.692725 0.793919 0.752632 0.947432 0.998284 0.986053 0.910852 0.920765 0.991992 0.722839 0.590833 0.627675 0.599632 0.601654 0.645260 0.674364 0.611374 0.928853 0.953308 0.761938 0.649687 0.662546 0.703664 0.819524 0.794483 0.967366 0.861325 0.966420 0.988164 0.991111 0.925095 0.758009 0.850811 0.899764 0.718961 0.921471 0.753196 0.886381 0.898075 0.747488 0.865690 0.906507 0.891481 0.966096 0.571091 0.735597 0.676598
0.995671 0.974162 0.986707 0.947911 0.945225 0.960832 0.965806 0.914880 0.847420 0.966515 0.915381 0.996238 0.982224 0.947441 0.866792 0.921962 0.938184 0.983224 0.930374 0.946711 0.994738 0.000000 0.844939 0.955285 0.911243 0.902110 0.878918 0.942761 0.922436 0.968880 0.940630 0.954490 0.993194 0.924336 0.998355 0.964034 0.881020 0.994626 0.910027 0.906746 0.921319 0.901137 0.868704 0.874614 0.980264 0.911214 0.791895 0.847955 0.900405 0.926589 0.976988 0.946164 0.962166 0.959272 0.987468 0.964893 0.979165 0.991906 0.981790 0.985729 0.908002 0.899770 0.962147 0.982500 0.974481 0.849608 0.914237 0.930872 0.878786 0.919555 0.895425 0.975495 0.954249 0.949535 0.910746 0.952096 0.782717 0.842732 0.960572 0.886908 0.901577 0.965058 0.962616 0.994671 0.972715 0.976378 0.986655 0.900604 0.992137 0.893974 0.964316 0.874025 0.959347 0.982683 0.930694 0.842105 0.921406 0.977828 0.883248 0.892034 0.923437 0.989284 0.993435 0.971276 0.910044 0.867946 0.984182 0.940942 0.919445 0.738814 0.955534 0.952277 0.926809 0.981166 0.981518 0.853634
0.648703 0.641060 0.642337 0.705485 0.801946 0.987022 0.391649 0.463817 0.958782 0.779744 0.765603 0.462363 0.451647 0.500901 0.420800 0.534229 0.574655 0.577164 0.370361 0.609451 0.809268 0.844939 0.000000 0.541331 0.850005 0.915472 0.759836 0.860440 0.490691 0.529854 0.444564 0.451540 0.365861 0.362775 0.629949 0.913252 0.882289 0.871706 0.978099 0.947272 0.927287 0.921491 0.440373 0.416065 0.488122 0.390074 0.352506 0.418618 0.363156 0.288310 0.317976 0.260542 0.525666 0.675751 0.450287 0.424868 0.663657 0.629471 0.415707 0.539772 0.413614 0.526165 0.359616 0.358867 0.668946 0.719817 0.377127 0.471395 0.852245 0.801894 0.844111 0.974200 0.750560 0.735006 0.741947 0.742864 0.665380 0.911772 0.563011 0.535255 0.599421 0.745302 0.586423 0.720160 0.494864 0.555383 0.814387 0.744599 0.747024 0.629586 0.838001 0.908827 0.702577 0.644787 0.808431 0.914123 0.883589 0.914177 0.611125 0.555351 0.989076 0.789617 0.640578 0.678791 0.720057 0.533854 0.889183 0.815068 0.923069 0.774917 0.698901 0.799622 0.683597 0.747728 0.474167 0.917989
0.410757 0.396334 0.456069 0.442089 0.988054 0.923321 0.763813 0.579119 0.672500 0.724156 0.553723 0.397712 0.384137 0.318240 0.428536 0.459121 0.475897 0.420644 0.475505 0.509034 0.744213 0.955285 0.541331 0.000000 0.528079 0.611122 0.611773 0.859903 0.681288 0.556909 0.910299 0.610029 0.550032 0.563187 0.723426 0.966662 0.824122 0.896368 0.837042 0.900060 0.933127 0.831359 0.997556 0.889635 0.856325 0.985184 0.673460 0.742139 0.941724 0.763089 0.830338 0.689384 0.947170 0.873778 0.477580 0.568568 0.379850 0.347679 0.449683 0.446708 0.542232 0.593495 0.466443 0.445455 0.466379 0.386675 0.725953 0.847277 0.557831 0.530828 0.734075 0.715668 0.925259 0.946793 0.875310 0.988650 0.989241 0.763671 0.663329 0.552876 0.458732 0.461030 0.476184 0.413709 0.444842 0.301332 0.730701 0.596276 0.558310 0.439895 0.461059 0.480231 0.489685 0.535770 0.955782 0.930124 0.804394 0.988827 0.867598 0.987323 0.634586 0.891978 0.981201 0.865695 0.986385 0.831208 0.997438 0.723715 0.664117 0.955061 0.768252 0.824597 0.876002 0.944342 0.809967 0.706503
0.488597 0.429767 0.407133 0.400850 0.730923 0.915269 0.875266 0.896394 0.550657 0.596180 0.725011 0.640427 0.733362 0.591067 0.821323 0.811903 0.582483 0.583410 0.614909 0.540711 0.567389 0.911243 0.850005 0.528079 0.000000 0.273602 0.463248 0.799428 0.942166 0.854850 0.917230 0.690734 0.693814 0.740792 0.731768 0.932107 0.586786 0.730965 0.609170 0.795870 0.949547 0.657736 0.915958 0.793974 0.711010 0.899168 0.695493 0.718452 0.896402 0.910945 0.898728 0.981639 0.818408 0.642541 0.687283 0.691720 0.442215 0.421076 0.614656 0.483022 0.995065 0.934748 0.846064 0.735850 0.545950 0.648447 0.882425 0.927231 0.400226 0.472007 0.814107 0.664303 0.913669 0.964708 0.943421 0.994899 0.870607 0.890279 0.664612 0.623494 0.593854 0.513804 0.705935 0.486686 0.669447 0.465484 0.947972 0.825075 0.713103 0.455692 0.440824 0.582730 0.657351 0.727738 0.966417 0.976572 0.940958 0.903521 0.842899 0.997659 0.616839 0.725258 0.906830 0.766715 0.879584 0.704713 0.819749 0.854071 0.793380 0.781353 0.847389 0.796640 0.948239 0.849092 0.852040 0.746242
0.710579 0.627845 0.525092 0.448505 0.776273 0.907069 0.901972 0.877728 0.675880 0.758794 0.928623 0.821608 0.873173 0.694660 0.916229 0.832202 0.791655 0.769545 0.807397 0.708278 0.623145 0.902110 0.915472 0.611122 0.273602 0.000000 0.574286 0.857442 0.938968 0.921244 0.833528 0.725014 0.834926 0.776216 0.751651 0.955589 0.534595 0.585023 0.557681 0.827147 0.957670 0.567119 0.892426 0.812580 0.765394 0.890103 0.772315 0.801172 0.845121 0.961731 0.915109 0.978714 0.931626 0.827373 0.758009 0.751017 0.663854 0.618733 0.787023 0.635239 0.899677 0.906855 0.972444 0.876302 0.736049 0.715487 0.957325 0.946453 0.544816 0.544637 0.977374 0.797847 0.987536 0.941490 0.989192 0.987976 0.815211 0.933253 0.735411 0.730253 0.755105 0.699361 0.857775 0.626278 0.863132 0.635132 0.935085 0.895090 0.701542 0.582666 0.616947 0.731001 0.827777 0.813448 0.992026 0.985708 0.863203 0.866750 0.982826 0.966425 0.684072 0.834478 0.955069 0.807732 0.811935 0.745685 0.821689 0.977913 0.916297 0.786818 0.927175 0.877978 0.985447 0.807174 0.862220 0.839495
0.529712 0.498633 0.540059 0.595002 0.919778 0.981658 0.910806 0.816492 0.714448 0.728837 0.673061 0.550190 0.615945 0.597729 0.675711 0.781403 0.606609 0.629773 0.615497 0.547477 0.772745 0.878918 0.759836 0.611773 0.463248 0.574286 0.000000 0.700202 0.831047 0.767956 0.863448 0.794069 0.752094 0.697251 0.826901 0.908421 0.713341 0.948331 0.894609 0.756361 0.982284 0.855811 0.913191 0.821180 0.838118 0.963937 0.744333 0.740740 0.989309 0.897004 0.978706 0.864524 0.905506 0.757635 0.639455 0.686286 0.524319 0.513449 0.651704 0.510264 0.783576 0.792699 0.711080 0.634007 0.567987 0.590652 0.830044 0.983980 0.615247 0.648226 0.844261 0.797481 0.992498 0.939639 0.673814 0.939353 0.885072 0.920339 0.736612 0.636571 0.657109 0.558024 0.689204 0.591007 0.593037 0.484863 0.905863 0.775780 0.702552 0.534710 0.581942 0.803679 0.686173 0.872574 0.937125 0.914649 0.989827 0.995908 0.930841 0.964980 0.681013 0.941223 0.915477 0.778926 0.937461 0.777842 0.923973 0.899310 0.928312 0.881043 0.665077 0.946745 0.932796 0.986785 0.714657 0.942033
0.769127 0.770159 0.889406 0.892210 0.947879 0.817040 0.941600 0.974781 0.901205 0.758072 0.732922 0.821379 0.914006 0.919878 0.913040 0.999998 0.769013 0.775088 0.956034 0.814939 0.996241 0.942761 0.860440 0.859903 0.799428 0.857442 0.700202 0.000000 0.905091 0.883692 0.767886 0.847390 0.960709 0.992952 0.995091 0.925734 0.817547 0.845874 0.908336 0.795631 0.800980 0.725885 0.916375 0.966758 0.741285 0.764077 0.947629 0.930265 0.803668 0.817256 0.788115 0.818693 0.882217 0.767076 0.936594 0.985488 0.756029 0.727163 0.996110 0.926668 0.957650 0.883391 0.972585 0.852531 0.714648 0.723789 0.837520 0.779984 0.759647 0.727758 0.913708 0.947031 0.910790 0.921230 0.914764 0.957923 0.795699 0.934188 0.852457 0.957195 0.815383 0.735087 0.972918 0.795039 0.835392 0.807379 0.987721 0.827426 0.923430 0.799740 0.799380 0.800424 0.760333 0.977598 0.913175 0.956367 0.888276 0.990225 0.736190 0.817943 0.829772 0.883730 0.979715 0.980072 0.919938 0.978247 0.908387 0.967599 0.785394 0.950260 0.999455 0.888401 0.829330 0.967761 0.979386 0.890335
0.516559 0.530657 0.715540 0.866799 0.840011 0.900321 0.497355 0.637157 0.818225 0.881214 0.454605 0.370755 0.456816 0.446817 0.379990 0.582320 0.347613 0.382069 0.380208 0.469165 0.766602 0.922436 0.490691 0.681288 0.942166 0.938968 0.831047 0.905091 0.000000 0.248420 0.712774 0.635559 0.376039 0.345703 0.904803 0.977891 0.976183 0.976696 0.879445 0.898157 0.878081 0.912893 0.649106 0.596223 0.647265 0.583286 0.510267 0.509844 0.467516 0.484488 0.508276 0.539273 0.697612 0.936733 0.429387 0.489953 0.501845 0.497083 0.495331 0.614145 0.380859 0.476510 0.318798 0.319145 0.542162 0.614411 0.573297 0.634859 0.798976 0.811500 0.971081 0.883107 0.755992 0.739155 0.805879 0.799907 0.893996 0.830133 0.522203 0.514007 0.424805 0.599853 0.416317 0.615264 0.478669 0.603622 0.812243 0.708764 0.732033 0.660836 0.723282 0.786820 0.505034 0.640237 0.882711 0.877141 0.919210 0.901708 0.892020 0.799090 0.965077 0.943180 0.798359 0.779740 0.805666 0.701439 0.823079 0.976743 0.867306 0.958941 0.752072 0.727945 0.832729 0.852009 0.673040 0.874244
0.485830 0.499419 0.710367 0.768156 0.895622 0.963683 0.566077 0.627698 0.739091 0.994508 0.430771 0.340255 0.439253 0.308333 0.342454 0.459297 0.298103 0.331014 0.407164 0.450942 0.781377 0.968880 0.529854 0.556909 0.854850 0.921244 0.767956 0.883692 0.248420 0.000000 0.701027 0.633745 0.399119 0.341911 0.907780 0.922652 0.817690 0.927659 0.981195 0.913104 0.942366 0.894486 0.753745 0.650795 0.766984 0.677086 0.553248 0.543407 0.594540 0.553420 0.588054 0.558601 0.724176 0.953070 0.405780 0.439887 0.476805 0.453232 0.494500 0.611228 0.399709 0.448967 0.332235 0.299962 0.560453 0.492093 0.643097 0.650903 0.759094 0.742187 0.890677 0.831154 0.744519 0.743106 0.785028 0.714980 0.973539 0.922049 0.472171 0.420823 0.375611 0.538852 0.388082 0.505559 0.488481 0.525886 0.749455 0.639660 0.650231 0.609516 0.609149 0.647182 0.454166 0.571707 0.915647 0.905944 0.873666 0.898915 0.987030 0.863929 0.866206 0.994325 0.871313 0.776945 0.869904 0.709794 0.826332 0.953986 0.821183 0.971390 0.799361 0.763060 0.921440 0.905584 0.716174 0.920553
0.975548 0.945062 0.795339 0.762577 0.856936 0.797384 0.541357 0.593397 0.897384 0.512032 0.874708 0.814517 0.853913 0.809354 0.710509 0.690047 0.839161 0.924498 0.687690 0.895580 0.869306 0.940630 0.444564 0.910299 0.917230 0.833528 0.863448 0.767886 0.712774 0.701027 0.000000 0.451421 0.527845 0.436642 0.691943 0.797373 0.681921 0.985810 0.898760 0.875832 0.766241 0.876950 0.351404 0.335968 0.425676 0.349600 0.437200 0.442058 0.457909 0.374989 0.336949 0.329275 0.454633 0.504890 0.695499 0.600969 0.975784 0.959557 0.665053 0.807128 0.735394 0.649849 0.687746 0.648881 0.970249 0.967485 0.513384 0.482336 0.872273 0.988301 0.602773 0.722589 0.663399 0.612436 0.809540 0.635414 0.477525 0.634974 0.615096 0.759653 0.923474 0.859167 0.899380 0.941275 0.958018 0.950895 0.866250 0.914595 0.926021 0.936942 0.995670 0.901808 0.895084 0.800296 0.730520 0.872502 0.909793 0.805091 0.457914 0.439902 0.951263 0.735919 0.572221 0.699974 0.750549 0.532793 0.750429 0.967994 0.772249 0.773842 0.768734 0.679767 0.563858 0.718054 0.531894 0.831738
0.729527 0.699469 0.633037 0.629800 0.957246 0.925295 0.630813 0.635107 0.857269 0.758427 0.851433 0.615297 0.648033 0.576130 0.655102 0.609369 0.651156 0.669184 0.558188 0.743614 0.619496 0.954490 0.451540 0.610029 0.690734 0.725014 0.794069 0.847390 0.635559 0.633745 0.451421 0.000000 0.449455 0.457296 0.792893 0.961396 0.787328 0.918159 0.912335 0.788016 0.844273 0.845267 0.590183 0.500161 0.631295 0.511135 0.409910 0.454404 0.553711 0.450746 0.489505 0.429767 0.601913 0.770466 0.545791 0.534438 0.652406 0.659779 0.475673 0.561631 0.683859 0.637645 0.547985 0.528281 0.833085 0.836953 0.567254 0.572324 0.799465 0.742293 0.887666 0.931687 0.774452 0.768175 0.855448 0.780511 0.701428 0.920330 0.566663 0.530571 0.658643 0.810140 0.591962 0.781039 0.727013 0.694451 0.915720 0.958948 0.841485 0.702258 0.754748 0.805123 0.704449 0.718648 0.861790 0.981732 0.917800 0.810817 0.690247 0.634650 0.934619 0.839981 0.615922 0.611783 0.906444 0.506114 0.940788 0.934861 0.904486 0.790122 0.697015 0.915906 0.642337 0.686555 0.590567 0.961303
0.432775 0.445987 0.604327 0.669641 0.957241 0.873185 0.552085 0.604414 0.716858 0.960554 0.570290 0.359982 0.464254 0.403730 0.442887 0.623609 0.365859 0.371190 0.252312 0.406184 0.637560 0.993194 0.365861 0.550032 0.693814 0.834926 0.752094 0.960709 0.376039 0.399119 0.527845 0.449455 0.000000 0.286658 0.660239 0.984648 0.816815 0.995021 0.963568 0.892650 0.946831 0.848316 0.531617 0.431166 0.627233 0.474507 0.351231 0.347067 0.428519 0.356506 0.440597 0.404792 0.699790 0.936228 0.407473 0.350168 0.408856 0.415787 0.322786 0.410773 0.456490 0.559220 0.298585 0.291238 0.525519 0.654333 0.437312 0.557751 0.623865 0.644745 0.924977 0.832431 0.854014 0.826186 0.819013 0.765507 0.852984 0.859087 0.379622 0.402337 0.388157 0.528021 0.401971 0.467559 0.406587 0.435490 0.904391 0.670157 0.680297 0.507813 0.602013 0.732623 0.549137 0.559880 0.826631 0.878338 0.983088 0.985075 0.772269 0.635959 0.833652 0.985457 0.698237 0.613932 0.690094 0.566374 0.882696 0.876294 0.824587 0.834987 0.687272 0.788271 0.793926 0.667386 0.630113 0.898163
0.521715 0.484528 0.595336 0.629250 0.872390 0.983723 0.434294 0.464601 0.780127 0.836612 0.620486 0.368231 0.446457 0.385307 0.385815 0.508841 0.391243 0.410013 0.342834 0.479515 0.675573 0.924336 0.362775 0.563187 0.740792 0.776216 0.697251 0.992952 0.345703 0.341911 0.436642 0.457296 0.286658 0.000000 0.703236 0.829889 0.698740 0.918259 0.854057 0.916394 0.921324 0.782281 0.479339 0.381911 0.586716 0.472072 0.348651 0.386792 0.449695 0.358535 0.388097 0.350284 0.572924 0.787682 0.420727 0.357828 0.493268 0.489138 0.365633 0.516895 0.405273 0.422689 0.306270 0.262652 0.582611 0.591271 0.437113 0.522198 0.760609 0.707109 0.928134 0.957476 0.728664 0.703275 0.799149 0.743027 0.735864 0.763473 0.411012 0.426822 0.462339 0.643152 0.474469 0.575388 0.507778 0.508288 0.957512 0.751493 0.617223 0.570521 0.644281 0.745591 0.546512 0.540645 0.829553 0.832271 0.995738 0.936218 0.711918 0.583327 0.822534 0.870071 0.721756 0.653298 0.719391 0.536922 0.711777 0.907276 0.906420 0.829843 0.762963 0.763972 0.801311 0.716886 0.485056 0.996850
0.853630 0.806384 0.743809 0.663208 0.973817 0.889193 0.774433 0.725001 0.970410 0.926059 0.941588 0.776621 0.836343 0.797035 0.805210 0.896976 0.870147 0.882972 0.724591 0.869214 0.980094 0.998355 0.629949 0.723426 0.731768 0.751651 0.826901 0.995091 0.904803 0.907780 0.691943 0.792893 0.660239 0.703236 0.000000 0.934374 0.749369 0.929039 0.793377 0.905941 0.907223 0.872656 0.620715 0.609916 0.767010 0.699693 0.627077 0.660642 0.771571 0.651089 0.664049 0.677661 0.764462 0.844995 0.777006 0.632019 0.828835 0.815139 0.712997 0.712856 0.828530 0.818257 0.786812 0.754908 0.858469 0.900297 0.623173 0.711689 0.890148 0.863816 0.826884 0.995286 0.958900 0.828425 0.991474 0.913496 0.706571 0.803448 0.817680 0.820541 0.850674 0.913817 0.908240 0.834830 0.829787 0.764546 0.983015 0.949579 0.694437 0.773600 0.863591 0.920733 0.901614 0.813557 0.883883 0.910859 0.927121 0.850993 0.754320 0.689830 0.912519 0.977902 0.663412 0.691751 0.671002 0.760819 0.926782 0.899055 0.963811 0.742727 0.655558 0.805847 0.738826 0.829546 0.658292 0.961213
0.898534 0.896747 0.900730 0.922925 0.726587 0.929952 0.882855 0.983001 0.957888 0.911442 0.935174 0.942658 0.975992 0.998007 0.953896 0.991143 0.960099 0.966470 0.998798 0.989112 0.924339 0.964034 0.913252 0.966662 0.932107 0.955589 0.908421 0.925734 0.977891 0.922652 0.797373 0.961396 0.984648 0.829889 0.934374 0.000000 0.796096 0.884262 0.990853 0.892052 0.749781 0.882952 0.908352 0.851046 0.820196 0.875808 0.936028 0.821698 0.962042 0.902735 0.867208 0.881411 0.807993 0.727579 0.976717 0.852800 0.840454 0.865741 0.969731 0.912153 0.991605 0.956068 0.965488 0.998373 0.828720 0.969783 0.835548 0.754838 0.794106 0.957482 0.855323 0.761347 0.781008 0.856483 0.853156 0.942899 0.945487 0.799154 0.955619 0.953359 0.886330 0.888807 0.969264 0.950613 0.946572 0.995532 0.951801 0.994522 0.974874 0.961057 0.872104 0.817835 0.859452 0.882456 0.927303 0.690223 0.908862 0.665861 0.792503 0.724774 0.758300 0.761413 0.773059 0.717093 0.864475 0.794909 0.895276 0.973715 0.861964 0.949028 0.913313 0.819297 0.935221 0.885442 0.834903 0.731505
0.864429 0.791099 0.682187 0.549547 0.846679 0.863315 0.975803 0.835907 0.787971 0.917135 0.975394 0.883652 0.983190 0.798985 0.958803 0.860335 0.775863 0.825872 0.799705 0.809089 0.837878 0.881020 0.882289 0.824122 0.586786 0.534595 0.713341 0.817547 0.976183 0.817690 0.681921 0.787328 0.816815 0.698740 0.749369 0.796096 0.000000 0.656592 0.590209 0.812973 0.919104 0.775976 0.725897 0.647639 0.989114 0.907352 0.747420 0.688918 0.955217 0.894208 0.957917 0.892802 0.942042 0.949228 0.802223 0.728566 0.832242 0.813740 0.854183 0.897930 0.919247 0.947633 0.953083 0.839951 0.924276 0.855687 0.839810 0.876917 0.783854 0.674370 0.841527 0.801489 0.669679 0.730065 0.946449 0.837653 0.803200 0.914288 0.702211 0.809324 0.806760 0.834364 0.858162 0.811437 0.954049 0.795747 0.870652 0.926112 0.739120 0.780061 0.808028 0.818186 0.802130 0.838704 0.958131 0.879812 0.995787 0.800221 0.939860 0.824187 0.849427 0.966638 0.791246 0.622949 0.769930 0.595577 0.711823 0.838398 0.992346 0.841242 0.976321 0.942316 0.935384 0.822468 0.753915 0.915076
0.957511 0.886891 0.838798 0.784003 0.808941 0.803273 0.920806 0.945457 0.872677 0.837749 0.918934 0.974557 0.884312 0.941953 0.895950 0.972532 0.984684 0.963654 0.952615 0.874334 0.765149 0.994626 0.871706 0.896368 0.730965 0.585023 0.948331 0.845874 0.976696 0.927659 0.985810 0.918159 0.995021 0.918259 0.929039 0.884262 0.656592 0.000000 0.781894 0.990983 0.985754 0.590162 0.981404 0.948459 0.809768 0.816298 0.930207 0.933721 0.775869 0.821694 0.818421 0.822531 0.943184 0.922459 0.982766 0.989424 0.920018 0.899564 0.891223 0.931528 0.815169 0.971085 0.899283 0.987127 0.987206 0.881714 0.820777 0.805851 0.748286 0.643559 0.900243 0.965218 0.820123 0.815638 0.937957 0.974320 0.953461 0.973707 0.797303 0.865543 0.911944 0.858569 0.911138 0.918928 0.900747 0.983617 0.742549 0.994250 0.819480 0.906473 0.917319 0.809605 0.988689 0.918587 0.849364 0.880046 0.955408 0.830881 0.911078 0.976852 0.947780 0.912150 0.922550 0.917623 0.945890 0.779166 0.837507 0.804966 0.914049 0.949285 0.816857 0.765273 0.800567 0.703430 0.907079 0.877123
