0.000000 0.311778 0.791567 0.745859 0.827495 0.611655 0.453250 0.475359 0.629311 0.551766 0.397634 0.365277 0.411147 0.453199 0.629119 0.795455 0.415028 0.414966 0.419466 0.486657 0.849427 0.976441 0.958006 0.883904 0.741595 0.848863 0.717143 0.819328 0.508806 0.559710 0.916504 0.958271 0.514465 0.458143 0.769241 0.852986 0.961894 0.913041 0.817867 0.971804 0.910032 0.772068 0.558645 0.530703 0.600316 0.558431 0.497620 0.498526 0.672003 0.642596 0.622743 0.517472 0.757906 0.899048 0.695971 0.566541 0.346493 0.313029 0.223916 0.272843 0.289038 0.417073 0.403623 0.378941 0.866555 0.721120 0.651967 0.594391 0.714717 0.713152 0.689534 0.836637 0.921617 0.943299 0.966012 0.969194 0.570952 0.834260 0.595065 0.806065 0.455219 0.667066 0.857486 0.658222 0.721049 0.869851 0.993085 0.963829 0.659100 0.597467 0.744046 0.691145 0.817038 0.793777 0.971961 0.812442 0.649817 0.797957 0.441322 0.423245 0.709012 0.642193 0.591711 0.633337 0.539494 0.464533 0.776069 0.596197 0.712259 0.702676 0.641907 0.620640 0.506570 0.842293 0.596505 0.862882
0.311778 0.000000 0.604879 0.518026 0.945564 0.647573 0.388438 0.397063 0.719585 0.722168 0.587644 0.477638 0.634576 0.445501 0.837377 0.867846 0.555514 0.545985 0.396265 0.368134 0.885268 0.909837 0.766108 0.819259 0.960105 0.869945 0.796431 0.827596 0.684883 0.619636 0.734234 0.696802 0.360643 0.335529 0.670033 0.942749 0.878370 0.894034 0.999371 0.878278 0.839139 0.825123 0.388702 0.379529 0.568954 0.560992 0.455523 0.395755 0.841747 0.647081 0.560282 0.473412 0.701217 0.813255 0.678372 0.550739 0.363414 0.344605 0.343174 0.282323 0.330090 0.341935 0.591258 0.542076 0.734075 0.506073 0.465763 0.398199 0.735051 0.643205 0.588544 0.657102 0.687942 0.763725 0.886404 0.914970 0.604850 0.690688 0.713249 0.771238 0.497550 0.659391 0.737399 0.717989 0.662039 0.624529 0.977142 0.981844 0.686916 0.491826 0.706915 0.846426 0.750351 0.881493 0.967546 0.806319 0.599511 0.843391 0.506342 0.531098 0.653088 0.686289 0.636878 0.771020 0.434756 0.404660 0.810895 0.610118 0.740641 0.682651 0.637126 0.675515 0.604844 0.762778 0.534106 0.967154
0.791567 0.604879 0.000000 0.217130 0.882688 0.819614 0.494344 0.607776 0.748990 0.984539 0.813660 0.983539 0.940458 0.912965 0.861384 0.758996 0.953941 0.951177 0.589195 0.540467 0.461632 0.741584 0.330481 0.442699 0.390999 0.320215 0.901639 0.807159 0.825245 0.921651 0.388436 0.610088 0.466201 0.505553 0.423789 0.681458 0.442813 0.670133 0.754468 0.665738 0.740875 0.966818 0.446263 0.632007 0.878180 0.999506 0.557826 0.557680 0.729104 0.964790 0.805459 0.899672 0.920621 0.891560 0.776365 0.870239 0.908622 0.882561 0.822724 0.753494 0.741766 0.682739 0.783123 0.840203 0.254354 0.302766 0.321547 0.373926 0.674384 0.737166 0.357170 0.436601 0.555839 0.670467 0.888713 0.873742 0.638497 0.526297 0.848199 0.783811 0.969223 0.801038 0.855072 0.951403 0.554176 0.477026 0.989831 0.767054 0.641564 0.762812 0.574094 0.746068 0.549443 0.589555 0.726337 0.716846 0.656777 0.857463 0.739501 0.712523 0.771679 0.855747 0.893118 0.979557 0.645125 0.528177 0.730853 0.775232 0.780487 0.835385 0.614339 0.823894 0.896978 0.836185 0.789978 0.919414
0.745859 0.518026 0.217130 0.000000 0.949444 0.744035 0.430842 0.502871 0.770167 0.995913 0.861154 0.853836 0.998207 0.807792 0.985308 0.784802 0.994451 0.962365 0.563267 0.458177 0.478039 0.782007 0.377550 0.406278 0.443466 0.335339 0.983752 0.868483 0.820647 0.944703 0.397901 0.561501 0.453229 0.449587 0.469976 0.653489 0.510131 0.629952 0.717692 0.744889 0.707872 0.945238 0.377656 0.542868 0.803215 0.922126 0.435820 0.479496 0.743847 0.962737 0.707247 0.781185 0.838673 0.791339 0.764286 0.801144 0.854542 0.857852 0.751784 0.659039 0.687020 0.549771 0.820427 0.884846 0.336891 0.225508 0.267501 0.275676 0.729453 0.759552 0.324983 0.375976 0.498728 0.616999 0.759692 0.800250 0.576506 0.486227 0.824361 0.765113 0.960616 0.850594 0.845622 0.955835 0.603865 0.461945 0.955444 0.829643 0.678056 0.725771 0.517719 0.730527 0.497583 0.628225 0.755313 0.644378 0.556752 0.811461 0.655228 0.657188 0.654669 0.814880 0.820514 0.953581 0.528808 0.515562 0.734472 0.717918 0.712088 0.766794 0.621038 0.774937 0.863638 0.810951 0.679345 0.844323
0.827495 0.945564 0.882688 0.949444 0.000000 0.984466 0.928087 0.967441 0.691078 0.760643 0.821585 0.870353 0.534120 0.817958 0.612715 0.622303 0.809455 0.836251 0.732866 0.989607 0.926191 0.901654 0.787395 0.937603 0.913881 0.881587 0.864017 0.991392 0.766186 0.781396 0.900330 0.796631 0.885081 0.912188 0.906403 0.841717 0.964641 0.847096 0.904289 0.682176 0.871770 0.930933 0.986381 0.975618 0.898617 0.896742 0.989255 0.987602 0.712428 0.980756 0.927541 0.938505 0.981540 0.846890 0.800768 0.998060 0.897612 0.755608 0.842201 0.983338 0.739168 0.928839 0.686078 0.748015 0.770145 0.950492 0.960806 0.912940 0.980554 0.908496 0.985696 0.793112 0.770440 0.809442 0.873314 0.863933 0.982198 0.917060 0.929729 0.884001 0.779697 0.854171 0.913225 0.730260 0.677964 0.965913 0.870195 0.881609 0.762091 0.842158 0.895702 0.948921 0.866243 0.927800 0.981841 0.950342 0.804322 0.828503 0.970711 0.940844 0.803369 0.930227 0.977987 0.921957 0.944932 0.879950 0.945401 0.885245 0.961186 0.834012 0.904147 0.871709 0.854813 0.955256 0.756709 0.894457
0.611655 0.647573 0.819614 0.744035 0.984466 0.000000 0.507868 0.455477 0.610641 0.545685 0.671673 0.602784 0.816496 0.772413 0.995190 0.912690 0.817478 0.810839 0.737249 0.671617 0.915204 0.867121 0.980995 0.882364 0.837215 0.991589 0.560186 0.998570 0.760757 0.847285 0.919946 0.989301 0.607662 0.616335 0.803807 0.973846 0.956272 0.916622 0.869759 0.994190 0.785967 0.962445 0.664031 0.616330 0.702142 0.713654 0.714074 0.729589 0.919193 0.770841 0.701217 0.660838 0.723729 0.757511 0.817611 0.748132 0.817005 0.780773 0.599098 0.479064 0.513469 0.458372 0.775585 0.729490 0.990445 0.695601 0.617357 0.554817 0.914204 0.616069 0.717474 0.694903 0.820690 0.886455 0.821967 0.862440 0.747552 0.779781 0.998179 0.918960 0.890433 0.987864 0.836341 0.969035 0.965778 0.937287 0.914600 0.827613 0.899245 0.941794 0.595502 0.624543 0.589169 0.672822 0.998124 0.735870 0.732039 0.691796 0.524398 0.582312 0.573573 0.619879 0.755390 0.660730 0.628557 0.688905 0.755712 0.723550 0.839977 0.807199 0.625944 0.647002 0.609033 0.816380 0.544413 0.814434
0.453250 0.388438 0.494344 0.430842 0.928087 0.507868 0.000000 0.189195 0.374513 0.426800 0.632419 0.430892 0.717972 0.590723 0.921650 0.816796 0.662794 0.668211 0.455412 0.433129 0.901482 0.829966 0.725003 0.941269 0.996810 0.820802 0.583754 0.848411 0.631191 0.610118 0.665688 0.800755 0.405178 0.280927 0.472966 0.897056 0.872297 0.920186 0.975935 0.929432 0.742737 0.863181 0.288695 0.315580 0.384118 0.449822 0.533707 0.424925 0.775536 0.557960 0.381041 0.376428 0.416090 0.456787 0.672905 0.650160 0.696880 0.632674 0.402633 0.406006 0.337759 0.296437 0.681273 0.562638 0.748416 0.491470 0.244910 0.266425 0.891002 0.710599 0.332312 0.455077 0.553349 0.659751 0.879315 0.885840 0.385971 0.570089 0.846156 0.939729 0.738684 0.911938 0.979636 0.999461 0.917623 0.901946 0.880921 0.686036 0.758333 0.797114 0.299850 0.402137 0.346223 0.443937 0.773282 0.692508 0.408583 0.650732 0.256395 0.303880 0.407844 0.487391 0.470578 0.610072 0.367006 0.360921 0.589103 0.518603 0.587443 0.594802 0.449468 0.511896 0.502573 0.626858 0.500645 0.829768
0.475359 0.397063 0.607776 0.502871 0.967441 0.455477 0.189195 0.000000 0.434176 0.412081 0.606718 0.362611 0.733869 0.528583 0.983082 0.894516 0.736676 0.727811 0.551222 0.445840 0.952270 0.872484 0.824718 0.986593 0.913032 0.872844 0.498639 0.779626 0.617028 0.638377 0.695193 0.767357 0.445479 0.330199 0.566219 0.947720 0.994375 0.945433 0.936400 0.985872 0.755297 0.858033 0.305675 0.332294 0.430753 0.456136 0.549546 0.484291 0.815730 0.573275 0.437396 0.386291 0.453026 0.472539 0.758208 0.635916 0.693935 0.665331 0.427231 0.369313 0.305044 0.204009 0.673400 0.546310 0.850945 0.473086 0.294191 0.273631 0.961662 0.712272 0.433762 0.472356 0.588670 0.652883 0.863229 0.825451 0.464242 0.641684 0.905272 0.954232 0.793447 0.993526 0.958219 0.927690 0.986077 0.946501 0.961668 0.695170 0.802324 0.815036 0.321245 0.464179 0.377152 0.519943 0.826562 0.723327 0.469005 0.643959 0.294867 0.320643 0.367245 0.481862 0.495252 0.651976 0.358369 0.387972 0.559538 0.559523 0.619968 0.572405 0.479220 0.504061 0.459483 0.657138 0.454454 0.822310
0.629311 0.719585 0.748990 0.770167 0.691078 0.610641 0.374513 0.434176 0.000000 0.363704 0.527761 0.530762 0.667040 0.762942 0.817509 0.766089 0.745220 0.741859 0.692059 0.720949 0.886980 0.921595 0.880531 0.792529 0.788393 0.948116 0.655569 0.763138 0.560057 0.659609 0.943866 0.922810 0.658740 0.536901 0.645958 0.980441 0.979067 0.931767 0.884594 0.930430 0.770344 0.900003 0.628783 0.610440 0.545921 0.611808 0.888506 0.798054 0.683436 0.785551 0.647478 0.664416 0.554656 0.653248 0.687677 0.840893 0.937191 0.782159 0.573653 0.677939 0.480918 0.498183 0.674902 0.587249 0.903124 0.803657 0.540440 0.609810 0.947697 0.736770 0.542685 0.708392 0.808056 0.869047 0.913886 0.924935 0.584042 0.826825 0.818118 0.893985 0.835295 0.992200 0.911041 0.930062 0.996024 0.882220 0.872753 0.765192 0.697023 0.989894 0.465512 0.380330 0.488611 0.417244 0.799521 0.906755 0.679850 0.714631 0.406691 0.448672 0.591169 0.651890 0.590655 0.764955 0.634372 0.606150 0.690823 0.585752 0.726081 0.797888 0.617241 0.640721 0.592124 0.725619 0.721990 0.932489
0.551766 0.722168 0.984539 0.995913 0.760643 0.545685 0.426800 0.412081 0.363704 0.000000 0.367618 0.356955 0.620671 0.684432 0.846864 0.857799 0.560891 0.520580 0.673395 0.731045 0.670117 0.996524 0.805245 0.508498 0.522497 0.678377 0.490961 0.735053 0.335396 0.436352 0.848142 0.815253 0.760676 0.606743 0.824434 0.823933 0.744992 0.858481 0.731936 0.968421 0.980672 0.800105 0.706870 0.583161 0.414612 0.404636 0.843670 0.781196 0.455284 0.561519 0.536883 0.494666 0.490956 0.581404 0.798872 0.677156 0.831115 0.730301 0.471034 0.617478 0.445904 0.467567 0.436740 0.338592 0.797424 0.981927 0.687718 0.746333 0.926391 0.877829 0.677230 0.825645 0.907023 0.880737 0.976978 0.993744 0.564630 0.894661 0.792595 0.893759 0.658061 0.960096 0.899668 0.894080 0.796349 0.647516 0.792008 0.720746 0.875947 0.992138 0.505859 0.413632 0.581255 0.549205 0.927363 0.856385 0.679198 0.716532 0.358693 0.411761 0.577208 0.581265 0.442312 0.604688 0.635628 0.674895 0.731653 0.711445 0.785211 0.723031 0.626189 0.623294 0.397068 0.711941 0.703573 0.898314
0.397634 0.587644 0.813660 0.861154 0.821585 0.671673 0.632419 0.606718 0.527761 0.367618 0.000000 0.333972 0.451656 0.531140 0.745825 0.901469 0.427757 0.422376 0.677740 0.713209 0.595384 0.830757 0.671920 0.487483 0.429609 0.528591 0.634227 0.628286 0.339427 0.434322 0.656968 0.744918 0.802217 0.683804 0.957574 0.712565 0.696431 0.809898 0.803163 0.982850 0.955875 0.725193 0.865323 0.703254 0.633201 0.575044 0.812158 0.843734 0.524724 0.685421 0.729492 0.638878 0.768102 0.920213 0.771780 0.728390 0.583663 0.491031 0.383859 0.507327 0.418617 0.525820 0.311294 0.282680 0.747097 0.914081 0.939861 0.902647 0.985170 0.842241 0.925860 0.906958 0.902744 0.907369 0.914270 0.991638 0.753665 0.913361 0.576578 0.996020 0.477939 0.745046 0.931855 0.670566 0.974879 0.793484 0.878644 0.984997 0.862639 0.863342 0.851871 0.688128 0.925346 0.865496 0.978077 0.972563 0.869698 0.869913 0.553496 0.566363 0.753573 0.721877 0.581067 0.675149 0.722387 0.693026 0.887419 0.741246 0.771632 0.757256 0.814628 0.749528 0.517841 0.945380 0.696383 0.883787
0.365277 0.477638 0.983539 0.853836 0.870353 0.602784 0.430892 0.362611 0.530762 0.356955 0.333972 0.000000 0.455597 0.356475 0.811078 0.789748 0.554166 0.518228 0.570697 0.563663 0.743147 0.839988 0.919230 0.757111 0.585033 0.719359 0.584170 0.646491 0.376445 0.430490 0.840968 0.936442 0.627380 0.501695 0.904210 0.836604 0.696490 0.850285 0.839579 0.940828 0.979053 0.869736 0.612654 0.545700 0.531243 0.499492 0.597788 0.634111 0.634173 0.626773 0.620211 0.484576 0.638262 0.743440 0.839246 0.627671 0.569580 0.548584 0.308036 0.397881 0.275441 0.287691 0.363260 0.303603 0.926531 0.759537 0.678386 0.603977 0.879025 0.874458 0.736778 0.856771 0.889839 0.884981 0.860343 0.979432 0.542249 0.837442 0.693762 0.955717 0.588899 0.864959 0.926629 0.755264 0.945650 0.956767 0.936655 0.888443 0.815638 0.823311 0.667341 0.611445 0.741169 0.767615 0.980570 0.825538 0.719771 0.768535 0.422781 0.420693 0.578027 0.649745 0.505477 0.619703 0.520102 0.518365 0.765878 0.735984 0.783073 0.684094 0.768929 0.581614 0.438237 0.847858 0.630117 0.861538
0.411147 0.634576 0.940458 0.998207 0.534120 0.816496 0.717972 0.733869 0.667040 0.620671 0.451656 0.455597 0.000000 0.441536 0.427847 0.526145 0.610106 0.619984 0.574133 0.766692 0.763938 0.830541 0.879823 0.825336 0.633709 0.699874 0.856487 0.858073 0.521311 0.566030 0.732898 0.724962 0.734992 0.755925 0.969087 0.677027 0.910630 0.760878 0.836052 0.887272 0.811686 0.941447 0.808467 0.825028 0.820114 0.763180 0.718910 0.730541 0.686496 0.889309 0.966093 0.832778 0.958345 0.847187 0.826146 0.860172 0.557486 0.498442 0.417665 0.564544 0.384049 0.622562 0.406768 0.451922 0.837456 0.910894 0.960617 0.930707 0.962170 0.837677 0.972369 0.832217 0.808343 0.756124 0.943951 0.891463 0.771730 0.963358 0.768944 0.833275 0.626552 0.778286 0.874250 0.702102 0.682292 0.966535 0.917477 0.852170 0.815468 0.837493 0.998393 0.796302 0.903725 0.941235 0.985984 0.920644 0.973807 0.953694 0.707500 0.604717 0.956480 0.819439 0.773572 0.818102 0.793372 0.573623 0.952209 0.912361 0.901459 0.907386 0.841122 0.735434 0.633878 0.980852 0.833015 0.965784
0.453199 0.445501 0.912965 0.807792 0.817958 0.772413 0.590723 0.528583 0.762942 0.684432 0.531140 0.356475 0.441536 0.000000 0.775764 0.618585 0.633576 0.607146 0.493733 0.590793 0.875912 0.852266 0.825657 0.926028 0.765775 0.849259 0.676697 0.834618 0.517443 0.443655 0.947251 0.829854 0.527718 0.550593 0.927140 0.806948 0.961035 0.952711 0.946409 0.965420 0.934399 0.942449 0.532351 0.494156 0.568792 0.513204 0.493438 0.560813 0.701152 0.596639 0.634781 0.500093 0.700213 0.826957 0.696228 0.657210 0.461605 0.516336 0.385032 0.410104 0.340157 0.421586 0.470813 0.447373 0.949515 0.717560 0.762011 0.620212 0.837167 0.883728 0.880249 0.878251 0.808161 0.841387 0.871131 0.876240 0.705984 0.720113 0.716373 0.727519 0.657943 0.825888 0.678212 0.686348 0.756832 0.793205 0.814478 0.930110 0.864151 0.653181 0.954353 0.957592 0.940560 0.906539 0.945688 0.905186 0.858561 0.981645 0.662050 0.604434 0.729283 0.866862 0.726120 0.828110 0.607711 0.608562 0.897941 0.886193 0.791848 0.699196 0.888476 0.735835 0.657972 0.875750 0.698260 0.990716
0.629119 0.837377 0.861384 0.985308 0.612715 0.995190 0.921650 0.983082 0.817509 0.846864 0.745825 0.811078 0.427847 0.775764 0.000000 0.521833 0.735869 0.738157 0.654909 0.906195 0.883405 0.991610 0.699747 0.977862 0.950199 0.933869 0.840656 0.934539 0.714084 0.780318 0.896374 0.791670 0.741704 0.882444 0.881537 0.904312 0.865912 0.895154 0.832763 0.803753 0.947367 0.934529 0.977936 0.955357 0.961029 0.977031 0.798669 0.810219 0.816272 0.922178 0.934507 0.963424 0.916865 0.752380 0.771188 0.851859 0.710803 0.682047 0.634878 0.818875 0.665867 0.909434 0.706591 0.747604 0.673147 0.967879 0.997254 0.952950 0.825100 0.696734 0.887897 0.888360 0.888370 0.870282 0.890023 0.945268 0.898159 0.965867 0.896948 0.914721 0.746175 0.762170 0.679523 0.706110 0.533417 0.811752 0.814715 0.975457 0.750298 0.778048 0.933908 0.940126 0.824156 0.962661 0.921471 0.781211 0.955411 0.926813 0.901892 0.838702 0.783315 0.988435 0.959663 0.980494 0.960525 0.724879 0.989596 0.995616 0.914654 0.994578 0.848818 0.899818 0.815299 0.989583 0.980771 0.999158
0.795455 0.867846 0.758996 0.784802 0.622303 0.912690 0.816796 0.894516 0.766089 0.857799 0.901469 0.789748 0.526145 0.618585 0.521833 0.000000 0.941892 0.910931 0.646013 0.846975 0.930498 0.925413 0.516216 0.788336 0.981595 0.977631 0.960482 0.907944 0.837926 0.818127 0.947556 0.952700 0.710861 0.823215 0.882580 0.920747 0.712362 0.972728 0.988349 0.774559 0.948238 0.847951 0.782385 0.841646 0.821571 0.871830 0.649067 0.724696 0.818554 0.976162 0.949388 0.898494 0.958629 0.950344 0.737525 0.998000 0.866594 0.856907 0.709376 0.840543 0.683160 0.843081 0.824055 0.827705 0.613330 0.807589 0.852941 0.870125 0.892326 0.876508 0.832841 0.926751 0.967914 0.886698 0.891278 0.917453 0.793647 0.734287 0.940588 0.905342 0.975496 0.921850 0.763460 0.825424 0.615121 0.786915 0.897766 0.988818 0.826257 0.868600 0.983739 0.881652 0.945294 0.912794 0.839872 0.861365 0.957147 0.914728 0.909601 0.764535 0.928818 0.953863 0.957175 0.985618 0.809724 0.795152 0.978073 0.988207 0.905457 0.914564 0.956860 0.807075 0.853377 0.919809 0.989905 0.994935
0.415028 0.555514 0.953941 0.994451 0.809455 0.817478 0.662794 0.736676 0.745220 0.560891 0.427757 0.554166 0.610106 0.633576 0.735869 0.941892 0.000000 0.296360 0.516047 0.648762 0.720081 0.993443 0.825508 0.735403 0.679297 0.701654 0.823817 0.905326 0.441946 0.394801 0.846969 0.857593 0.725757 0.674963 0.900552 0.858183 0.932519 0.925584 0.848214 0.965712 0.930640 0.761789 0.795673 0.653341 0.541384 0.507443 0.692549 0.670473 0.470564 0.539374 0.603874 0.581374 0.709237 0.883573 0.611221 0.554984 0.446733 0.378358 0.415323 0.580195 0.551473 0.716930 0.333954 0.332027 0.876970 0.882281 0.890166 0.857852 0.840366 0.840094 0.850436 0.888858 0.988788 0.937026 0.981366 0.945356 0.736968 0.964054 0.601281 0.814487 0.317878 0.523245 0.700465 0.512271 0.872857 0.971842 0.804842 0.942838 0.834217 0.583802 0.929153 0.887911 0.954789 0.990220 0.969527 0.946727 0.720664 0.963188 0.591636 0.703348 0.895593 0.831016 0.667007 0.641213 0.814645 0.753097 0.997579 0.857772 0.762110 0.804397 0.780535 0.803347 0.672416 0.819488 0.854695 0.922713
0.414966 0.545985 0.951177 0.962365 0.836251 0.810839 0.668211 0.727811 0.741859 0.520580 0.422376 0.518228 0.619984 0.607146 0.738157 0.910931 0.296360 0.000000 0.551992 0.662295 0.738359 0.999897 0.765408 0.679536 0.688404 0.683743 0.805857 0.849636 0.358828 0.347570 0.836344 0.931659 0.689667 0.651258 0.951094 0.757185 0.902279 0.943417 0.838557 0.986528 0.960471 0.705340 0.788793 0.612963 0.526051 0.465332 0.653777 0.671905 0.446314 0.477426 0.565000 0.534955 0.722239 0.870437 0.571347 0.493704 0.442478 0.377679 0.397379 0.594385 0.558525 0.703283 0.322387 0.290599 0.815998 0.851153 0.902433 0.875833 0.838868 0.870843 0.889191 0.909066 0.940999 0.930299 0.893181 0.937039 0.740337 0.911263 0.500782 0.838115 0.272275 0.435367 0.741125 0.414197 0.891193 0.982936 0.785086 0.932277 0.801230 0.649805 0.968973 0.866125 0.975830 0.998758 0.940885 0.804539 0.725855 0.912931 0.566145 0.674967 0.876320 0.795486 0.585200 0.543333 0.707780 0.724522 0.900126 0.836700 0.872509 0.735498 0.804296 0.784020 0.571896 0.739883 0.819642 0.967274
0.419466 0.396265 0.589195 0.563267 0.732866 0.737249 0.455412 0.551222 0.692059 0.673395 0.677740 0.570697 0.574133 0.493733 0.654909 0.646013 0.516047 0.551992 0.000000 0.489016 0.949815 0.946476 0.631482 0.833855 0.978120 0.948995 0.870713 0.992285 0.675941 0.635714 0.785368 0.896515 0.392433 0.417308 0.606050 0.924054 0.801987 0.998008 0.996265 0.899035 0.977829 0.864300 0.536389 0.539163 0.508003 0.532408 0.468949 0.455067 0.697351 0.638616 0.552228 0.556642 0.667166 0.764380 0.637084 0.550952 0.474188 0.405098 0.372571 0.427730 0.390793 0.531486 0.513150 0.564927 0.641655 0.673444 0.538231 0.520668 0.756834 0.782284 0.559984 0.715371 0.780967 0.874980 0.926799 0.917658 0.611394 0.612342 0.809649 0.759508 0.579692 0.722511 0.689274 0.710137 0.627558 0.746199 0.936944 0.931304 0.734033 0.592963 0.735176 0.770280 0.821949 0.790975 0.913159 0.747963 0.621402 0.887812 0.528808 0.542392 0.785339 0.835439 0.631227 0.747090 0.641410 0.467189 0.849729 0.717357 0.670013 0.690522 0.623469 0.683878 0.659420 0.768085 0.795201 0.921016
0.486657 0.368134 0.540467 0.458177 0.989607 0.671617 0.433129 0.445840 0.720949 0.731045 0.713209 0.563663 0.766692 0.590793 0.906195 0.846975 0.648762 0.662295 0.489016 0.000000 0.820138 0.915877 0.712782 0.731531 0.863170 0.771080 0.831390 0.928241 0.748762 0.717844 0.708990 0.640760 0.422457 0.427063 0.619171 0.839860 0.789485 0.855599 0.913785 0.926320 0.723571 0.865778 0.424952 0.447930 0.640004 0.657625 0.471943 0.363687 0.973918 0.674044 0.641198 0.613873 0.759145 0.776750 0.603686 0.551695 0.583937 0.586754 0.529852 0.428888 0.484576 0.421519 0.705846 0.675049 0.676694 0.479328 0.436686 0.390460 0.774705 0.678313 0.570069 0.636424 0.630548 0.698907 0.739464 0.839137 0.660385 0.768702 0.838841 0.829356 0.595600 0.635330 0.792688 0.798072 0.686086 0.659807 0.924504 0.922251 0.805093 0.606488 0.652170 0.830870 0.673600 0.816495 0.882920 0.832004 0.573199 0.796842 0.570925 0.573251 0.679227 0.709853 0.611942 0.867440 0.461287 0.557435 0.704966 0.739321 0.747891 0.706037 0.695363 0.795752 0.630856 0.668555 0.591858 0.954393
0.849427 0.885268 0.461632 0.478039 0.926191 0.915204 0.901482 0.952270 0.886980 0.670117 0.595384 0.743147 0.763938 0.875912 0.883405 0.930498 0.720081 0.738359 0.949815 0.820138 0.000000 0.748552 0.444446 0.435556 0.348398 0.361805 0.722719 0.824166 0.651916 0.776697 0.457625 0.613749 0.725096 0.780136 0.664856 0.701602 0.603084 0.738326 0.740096 0.777736 0.713306 0.713449 0.716597 0.868270 0.875681 0.778695 0.772748 0.810846 0.614746 0.832165 0.966129 0.874487 0.916598 0.968191 0.949401 0.986801 0.933420 0.846335 0.849740 0.960158 0.899041 0.976538 0.547914 0.592664 0.444921 0.518103 0.634116 0.657155 0.829455 0.821211 0.672227 0.622879 0.655371 0.727422 0.810712 0.815327 0.972872 0.780388 0.713917 0.868013 0.808660 0.920274 0.723953 0.911529 0.635638 0.530703 0.725666 0.956199 0.883691 0.877446 0.843145 0.905211 0.846784 0.890178 0.807626 0.780608 0.914444 0.925664 0.928223 0.938362 0.992201 0.958889 0.721567 0.707343 0.756046 0.812866 0.856709 0.998686 0.877495 0.994004 0.927073 0.955118 0.912186 0.975874 0.897205 0.979078
0.976441 0.909837 0.741584 0.782007 0.901654 0.867121 0.829966 0.872484 0.921595 0.996524 0.830757 0.839988 0.830541 0.852266 0.991610 0.925413 0.993443 0.999897 0.946476 0.915877 0.748552 0.000000 0.820693 0.876860 0.795627 0.827874 0.960471 0.828312 0.971608 0.920433 0.773356 0.955167 0.878377 0.904988 0.732710 0.931391 0.798321 0.859257 0.971255 0.834312 0.770322 0.890087 0.813352 0.827768 0.844314 0.947176 0.989257 0.769834 0.987815 0.872215 0.859820 0.894586 0.769300 0.763626 0.904905 0.844449 0.939619 0.931947 0.916653 0.966918 0.944448 0.978230 0.815685 0.914410 0.873695 0.921898 0.719835 0.842856 0.814443 0.847035 0.768807 0.726381 0.917683 0.786534 0.870912 0.806369 0.876497 0.783653 0.953476 0.889749 0.898647 0.997572 0.991898 0.941522 0.977676 0.939279 0.945132 0.924562 0.931079 0.825679 0.700230 0.825917 0.716402 0.735186 0.841825 0.824394 0.736474 0.879299 0.832127 0.891344 0.868990 0.887597 0.957905 0.881345 0.848447 0.821374 0.812627 0.859533 0.911377 0.872109 0.804248 0.904955 0.979845 0.708746 0.836554 0.989034
0.958006 0.766108 0.330481 0.377550 0.787395 0.980995 0.725003 0.824718 0.880531 0.805245 0.671920 0.919230 0.879823 0.825657 0.699747 0.516216 0.825508 0.765408 0.631482 0.712782 0.444446 0.820693 0.000000 0.307054 0.427004 0.410988 0.775755 0.729730 0.767260 0.864804 0.421800 0.615690 0.513176 0.662320 0.549044 0.733275 0.431039 0.753849 0.762148 0.716049 0.810402 0.815889 0.552790 0.765329 0.933746 0.963032 0.614274 0.615531 0.783345 0.894214 0.936186 0.983717 0.968248 0.987524 0.753014 0.942328 0.955628 0.969525 0.936600 0.888077 0.798783 0.825352 0.762123 0.758372 0.247053 0.419467 0.542059 0.552688 0.884311 0.771448 0.590526 0.597106 0.663618 0.770547 0.789835 0.833815 0.801883 0.536529 0.779643 0.769965 0.877801 0.951463 0.721519 0.959417 0.439058 0.422104 0.768506 0.965970 0.750631 0.748356 0.834406 0.983616 0.842622 0.844082 0.747331 0.766088 0.894661 0.979731 0.939011 0.854591 0.986329 0.955418 0.909369 0.787418 0.756454 0.641863 0.920219 0.943202 0.920875 0.990070 0.806438 0.947790 0.953117 0.862853 0.937004 0.936746
0.883904 0.819259 0.442699 0.406278 0.937603 0.882364 0.941269 0.986593 0.792529 0.508498 0.487483 0.757111 0.825336 0.926028 0.977862 0.788336 0.735403 0.679536 0.833855 0.731531 0.435556 0.876860 0.307054 0.000000 0.313242 0.360770 0.677709 0.717107 0.498496 0.694900 0.418821 0.447258 0.677557 0.826110 0.665404 0.646924 0.500132 0.686118 0.646156 0.788970 0.847193 0.784601 0.662219 0.855228 0.866878 0.786244 0.667673 0.697100 0.536243 0.821217 0.958945 0.904848 0.879845 0.926259 0.884254 0.975313 0.951931 0.934946 0.866205 0.996995 0.953070 0.963324 0.588490 0.569500 0.376611 0.437529 0.662857 0.622342 0.878111 0.889980 0.786468 0.680550 0.703439 0.781750 0.833029 0.808335 0.984462 0.684133 0.775587 0.705868 0.814466 0.941316 0.753713 0.923793 0.531971 0.363487 0.786426 0.905872 0.916757 0.712182 0.976734 0.762325 0.993767 0.902529 0.863126 0.891021 0.902001 0.959227 0.815881 0.908205 0.905287 0.820452 0.767895 0.699646 0.878015 0.833660 0.927044 0.969379 0.983951 0.921271 0.980880 0.890767 0.735151 0.989052 0.983675 0.991656
0.741595 0.960105 0.390999 0.443466 0.913881 0.837215 0.996810 0.913032 0.788393 0.522497 0.429609 0.585033 0.633709 0.765775 0.950199 0.981595 0.679297 0.688404 0.978120 0.863170 0.348398 0.795627 0.427004 0.313242 0.000000 0.229537 0.580962 0.694884 0.499052 0.671759 0.364537 0.530495 0.750127 0.876593 0.638340 0.590056 0.412985 0.509579 0.600894 0.676103 0.797384 0.869538 0.810180 0.997436 0.805263 0.673058 0.793804 0.868701 0.534887 0.737201 0.929103 0.767180 0.774602 0.877419 0.896949 0.993303 0.869808 0.808943 0.714642 0.791149 0.751876 0.875305 0.451613 0.464963 0.383115 0.529183 0.701067 0.717467 0.734676 0.891203 0.672856 0.661401 0.613266 0.680589 0.875343 0.906560 0.968545 0.693249 0.695733 0.795298 0.873295 0.823589 0.741476 0.971616 0.559400 0.362795 0.874360 0.925794 0.853965 0.779160 0.998012 0.787716 0.887195 0.982904 0.837438 0.798186 0.930885 0.935749 0.780680 0.776808 0.862384 0.758420 0.767633 0.718669 0.980994 0.954641 0.957737 0.914648 0.922204 0.944810 0.990007 0.790962 0.674106 0.983888 0.939335 0.972373
0.848863 0.869945 0.320215 0.335339 0.881587 0.991589 0.820802 0.872844 0.948116 0.678377 0.528591 0.719359 0.699874 0.849259 0.933869 0.977631 0.701654 0.683743 0.948995 0.771080 0.361805 0.827874 0.410988 0.360770 0.229537 0.000000 0.777055 0.771883 0.567480 0.687350 0.296679 0.478501 0.668267 0.767361 0.628530 0.545522 0.406950 0.522328 0.616708 0.708933 0.731638 0.848151 0.647198 0.863485 0.886009 0.769767 0.717833 0.821030 0.542062 0.770905 0.963388 0.881070 0.882019 0.994396 0.906770 0.989483 0.837520 0.809048 0.804130 0.921242 0.913459 0.904674 0.452259 0.519774 0.370712 0.390335 0.539004 0.564575 0.814490 0.857465 0.536897 0.506442 0.525117 0.606100 0.885154 0.809884 0.875585 0.676049 0.635459 0.805478 0.845152 0.902978 0.855845 0.856678 0.623510 0.431111 0.863040 0.973605 0.798778 0.848899 0.769029 0.985723 0.693450 0.823062 0.821579 0.769364 0.853208 0.943433 0.968764 0.976199 0.906625 0.947973 0.872558 0.755461 0.831080 0.833623 0.810863 0.920252 0.937033 0.973930 0.831320 0.952072 0.855699 0.926980 0.938411 0.943443
0.717143 0.796431 0.901639 0.983752 0.864017 0.560186 0.583754 0.498639 0.655569 0.490961 0.634227 0.584170 0.856487 0.676697 0.840656 0.960482 0.823817 0.805857 0.870713 0.831390 0.722719 0.960471 0.775755 0.677709 0.580962 0.777055 0.000000 0.781163 0.634314 0.666103 0.995709 0.942213 0.837727 0.691997 0.945326 0.872595 0.703059 0.900745 0.772543 0.660496 0.971777 0.857850 0.698617 0.557583 0.549761 0.527038 0.878714 0.826968 0.773885 0.616310 0.609062 0.525103 0.533347 0.545814 0.906661 0.812826 0.933808 0.897108 0.652103 0.564392 0.575393 0.558565 0.712530 0.603412 0.657338 0.965031 0.744544 0.688278 0.766553 0.951084 0.859304 0.822499 0.796758 0.879943 0.921790 0.829877 0.798029 0.938708 0.905335 0.932714 0.980863 0.864601 0.799467 0.870638 0.574060 0.612647 0.890824 0.862076 0.924155 0.860605 0.608283 0.636371 0.655094 0.749706 0.842802 0.918864 0.724878 0.739557 0.572818 0.588466 0.412012 0.562536 0.627038 0.716036 0.786157 0.860606 0.713583 0.607615 0.707383 0.767817 0.792245 0.638409 0.666650 0.691564 0.655278 0.976058
0.819328 0.827596 0.807159 0.868483 0.991392 0.998570 0.848411 0.779626 0.763138 0.735053 0.628286 0.646491 0.858073 0.834618 0.934539 0.907944 0.905326 0.849636 0.992285 0.928241 0.824166 0.828312 0.729730 0.717107 0.694884 0.771883 0.781163 0.000000 0.756512 0.780601 0.811748 0.948200 0.994335 0.867473 0.939333 0.993898 0.697485 0.943390 0.917774 0.811746 0.845328 0.888876 0.953402 0.863094 0.794345 0.795845 0.935041 0.905093 0.751692 0.841514 0.819701 0.769479 0.781627 0.832520 0.905712 0.912887 0.963793 0.874853 0.809243 0.888369 0.782975 0.777781 0.753273 0.651652 0.754899 0.918792 0.970273 0.982885 0.799415 0.826739 0.978241 0.848507 0.931656 0.933057 0.993075 0.974680 0.808326 0.984522 0.691080 0.774293 0.898227 0.899656 0.850882 0.965349 0.792522 0.799026 0.982915 0.959387 0.908395 0.848163 0.852783 0.723041 0.857552 0.852383 0.946041 0.937747 0.954762 0.854514 0.756097 0.803771 0.772251 0.823855 0.770270 0.816829 0.882367 0.825845 0.988055 0.755372 0.817364 0.907039 0.931478 0.811648 0.775093 0.975510 0.783893 0.968796
0.508806 0.684883 0.825245 0.820647 0.766186 0.760757 0.631191 0.617028 0.560057 0.335396 0.339427 0.376445 0.521311 0.517443 0.714084 0.837926 0.441946 0.358828 0.675941 0.748762 0.651916 0.971608 0.767260 0.498496 0.499052 0.567480 0.634314 0.756512 0.000000 0.278190 0.783246 0.821550 0.745478 0.694926 0.976803 0.695561 0.759378 0.825075 0.747043 0.896908 0.972225 0.764422 0.800432 0.657063 0.449750 0.401013 0.812885 0.765280 0.372444 0.506283 0.591964 0.513825 0.609443 0.741739 0.715637 0.552836 0.658677 0.584322 0.464114 0.624451 0.474794 0.599823 0.299049 0.240987 0.721027 0.833909 0.928885 0.913456 0.885457 0.860751 0.913665 0.931790 0.912673 0.865338 0.996740 0.920550 0.664990 0.943860 0.590683 0.974101 0.497586 0.730479 0.817444 0.586598 0.961947 0.801172 0.908021 0.983651 0.897205 0.847692 0.846923 0.750289 0.943256 0.883090 0.999251 0.904654 0.876405 0.891718 0.522802 0.585608 0.797583 0.739422 0.550780 0.667900 0.681221 0.745386 0.784963 0.839492 0.883560 0.665460 0.878478 0.702480 0.537343 0.716975 0.758481 0.946743
0.559710 0.619636 0.921651 0.944703 0.781396 0.847285 0.610118 0.638377 0.659609 0.436352 0.434322 0.430490 0.566030 0.443655 0.780318 0.818127 0.394801 0.347570 0.635714 0.717844 0.776697 0.920433 0.864804 0.694900 0.671759 0.687350 0.666103 0.780601 0.278190 0.000000 0.925852 0.998226 0.711126 0.637646 0.982152 0.747284 0.898886 0.993874 0.841480 0.997027 0.957904 0.833443 0.692939 0.549308 0.404805 0.403109 0.720875 0.713566 0.405027 0.441539 0.518834 0.471171 0.572709 0.728330 0.641726 0.561558 0.593087 0.567685 0.457813 0.670781 0.521352 0.617119 0.341919 0.272949 0.783558 0.896280 0.869527 0.830620 0.866069 0.938548 0.864699 0.958856 0.807940 0.761891 0.984957 0.936467 0.636505 0.827490 0.652052 0.919861 0.433823 0.632897 0.636729 0.533479 0.984991 0.924528 0.884365 0.997931 0.910867 0.753490 0.920511 0.847026 0.998838 0.989358 0.976347 0.970243 0.815718 0.967238 0.584217 0.658693 0.771179 0.840131 0.588711 0.665809 0.686925 0.781706 0.901718 0.909314 0.923191 0.795697 0.941914 0.827042 0.605979 0.754521 0.818592 0.893130
0.916504 0.734234 0.388436 0.397901 0.900330 0.919946 0.665688 0.695193 0.943866 0.848142 0.656968 0.840968 0.732898 0.947251 0.896374 0.947556 0.846969 0.836344 0.785368 0.708990 0.457625 0.773356 0.421800 0.418821 0.364537 0.296679 0.995709 0.811748 0.783246 0.925852 0.000000 0.362809 0.494659 0.607531 0.525191 0.630226 0.474606 0.569061 0.761087 0.875158 0.667038 0.990629 0.445863 0.619445 0.776769 0.884303 0.675608 0.667504 0.774469 0.918959 0.678255 0.809203 0.810357 0.731129 0.720558 0.816485 0.982671 0.974349 0.943259 0.931093 0.896301 0.768076 0.673465 0.763327 0.532075 0.453683 0.446518 0.465760 0.834143 0.761756 0.547979 0.458844 0.391136 0.535492 0.910993 0.728823 0.829515 0.574567 0.771013 0.808840 0.901803 0.909239 0.712185 0.846655 0.737681 0.535942 0.933686 0.982027 0.855761 0.772482 0.707268 0.969023 0.678310 0.866789 0.828130 0.810564 0.700276 0.893644 0.890046 0.897128 0.800945 0.925587 0.972848 0.913900 0.751813 0.718679 0.740835 0.838352 0.854815 0.820014 0.774950 0.943264 0.906357 0.719042 0.825526 0.912472
0.958271 0.696802 0.610088 0.561501 0.796631 0.989301 0.800755 0.767357 0.922810 0.815253 0.744918 0.936442 0.724962 0.829854 0.791670 0.952700 0.857593 0.931659 0.896515 0.640760 0.613749 0.955167 0.615690 0.447258 0.530495 0.478501 0.942213 0.948200 0.821550 0.998226 0.362809 0.000000 0.609388 0.672928 0.744182 0.742257 0.698813 0.639950 0.723428 0.987673 0.823214 0.964676 0.520293 0.584290 0.852963 0.857597 0.639584 0.639196 0.764794 0.873438 0.712393 0.763458 0.873074 0.830063 0.751069 0.764664 0.962893 0.968853 0.981797 0.871315 0.919984 0.770586 0.732296 0.841598 0.732669 0.550572 0.621446 0.537299 0.995461 0.923339 0.743262 0.626603 0.452573 0.496704 0.955899 0.722953 0.913412 0.655230 0.889107 0.779562 0.972289 0.873980 0.772611 0.954458 0.847809 0.569061 0.939854 0.870672 0.954129 0.808283 0.908581 0.816495 0.856602 0.936989 0.913899 0.914812 0.779312 0.937198 0.958270 0.969232 0.785692 0.911538 0.983100 0.866151 0.707351 0.816061 0.886485 0.837456 0.978556 0.940876 0.939478 0.971694 0.987455 0.733720 0.847774 0.927166
0.514465 0.360643 0.466201 0.453229 0.885081 0.607662 0.405178 0.445479 0.658740 0.760676 0.802217 0.627380 0.734992 0.527718 0.741704 0.710861 0.725757 0.689667 0.392433 0.422457 0.725096 0.878377 0.513176 0.677557 0.750127 0.668267 0.837727 0.994335 0.745478 0.711126 0.494659 0.609388 0.000000 0.320852 0.453890 0.811658 0.712464 0.906753 0.930878 0.888163 0.717869 0.908818 0.362186 0.410749 0.532228 0.585028 0.467631 0.459461 0.896757 0.676608 0.552871 0.582614 0.700538 0.773992 0.512679 0.541040 0.561232 0.549920 0.495329 0.428589 0.399486 0.434533 0.753148 0.708160 0.569508 0.469260 0.390734 0.363009 0.804378 0.657318 0.515301 0.565933 0.568757 0.691503 0.842397 0.738581 0.626857 0.575500 0.882553 0.722502 0.669416 0.660636 0.681709 0.772571 0.556697 0.542744 0.933243 0.984068 0.711607 0.592684 0.679565 0.866618 0.684976 0.807883 0.912549 0.653919 0.636426 0.845384 0.546848 0.579531 0.687718 0.748780 0.712683 0.807208 0.502240 0.446290 0.755275 0.729427 0.745185 0.654580 0.703891 0.723556 0.676825 0.702947 0.552333 0.964322
0.458143 0.335529 0.505553 0.449587 0.912188 0.616335 0.280927 0.330199 0.536901 0.606743 0.683804 0.501695 0.755925 0.550593 0.882444 0.823215 0.674963 0.651258 0.417308 0.427063 0.780136 0.904988 0.662320 0.826110 0.876593 0.767361 0.691997 0.867473 0.694926 0.637646 0.607531 0.672928 0.320852 0.000000 0.508996 0.838010 0.892213 0.885282 0.984659 0.875905 0.795509 0.845814 0.321996 0.337845 0.466134 0.511620 0.494292 0.435158 0.806481 0.589395 0.472583 0.467471 0.563683 0.605289 0.628830 0.588372 0.628064 0.581340 0.439232 0.410365 0.372475 0.363543 0.703080 0.615284 0.690493 0.486706 0.322609 0.308998 0.828475 0.715544 0.394008 0.495406 0.572796 0.630355 0.879577 0.840324 0.502270 0.576413 0.807108 0.777227 0.686497 0.770280 0.794803 0.852401 0.769008 0.738663 0.959725 0.993383 0.726404 0.681591 0.511193 0.656572 0.503246 0.650342 0.803445 0.771075 0.541638 0.801545 0.411732 0.456158 0.510330 0.567017 0.591828 0.706721 0.470271 0.409739 0.559757 0.554200 0.695229 0.643536 0.601248 0.679840 0.542328 0.701253 0.568189 0.952779
0.769241 0.670033 0.423789 0.469976 0.906403 0.803807 0.472966 0.566219 0.645958 0.824434 0.957574 0.904210 0.969087 0.927140 0.881537 0.882580 0.900552 0.951094 0.606050 0.619171 0.664856 0.732710 0.549044 0.665404 0.638340 0.628530 0.945326 0.939333 0.976803 0.982152 0.525191 0.744182 0.453890 0.508996 0.000000 0.733230 0.711612 0.804038 0.935542 0.843644 0.681012 0.881910 0.531031 0.618117 0.674244 0.783409 0.750523 0.583266 0.961356 0.857397 0.680555 0.777049 0.675143 0.700302 0.690971 0.699260 0.852951 0.868949 0.793014 0.692209 0.727892 0.714795 0.969794 0.981582 0.539222 0.565240 0.368569 0.467920 0.688743 0.725173 0.423987 0.522920 0.631231 0.672926 0.937724 0.824656 0.602377 0.682614 0.970493 0.879397 0.921669 0.910789 0.881992 0.972744 0.742985 0.679317 0.967892 0.934474 0.844403 0.721658 0.505226 0.710225 0.533236 0.574907 0.655375 0.719309 0.612112 0.753384 0.670210 0.678853 0.788738 0.797049 0.800119 0.951690 0.717597 0.551328 0.866750 0.749527 0.698250 0.689284 0.637509 0.860847 0.895245 0.835410 0.674040 0.999441
0.852986 0.942749 0.681458 0.653489 0.841717 0.973846 0.897056 0.947720 0.980441 0.823933 0.712565 0.836604 0.677027 0.806948 0.904312 0.920747 0.858183 0.757185 0.924054 0.839860 0.701602 0.931391 0.733275 0.646924 0.590056 0.545522 0.872595 0.993898 0.695561 0.747284 0.630226 0.742257 0.811658 0.838010 0.733230 0.000000 0.715717 0.836937 0.821284 0.870387 0.824062 0.829237 0.849563 0.924931 0.975988 0.871744 0.985340 0.943842 0.755849 0.878514 0.940916 0.929256 0.936268 0.887427 0.925903 0.993509 0.852057 0.860862 0.805552 0.896198 0.890207 0.955513 0.705062 0.692892 0.732432 0.715905 0.706746 0.766344 0.910756 0.913244 0.689505 0.685430 0.685922 0.829457 0.915969 0.899565 0.927156 0.997516 0.877003 0.954729 0.913499 0.958135 0.955379 0.889244 0.893657 0.729590 0.905879 0.906467 0.885195 0.953200 0.802501 0.997054 0.722251 0.819927 0.991220 0.972688 0.774910 0.925269 0.998429 0.884824 0.903425 0.950041 0.959263 0.789600 0.977420 0.929878 0.940507 0.916044 0.881256 0.937795 0.852295 0.960871 0.778240 0.988102 0.979899 0.973795
0.961894 0.878370 0.442813 0.510131 0.964641 0.956272 0.872297 0.994375 0.979067 0.744992 0.696431 0.696490 0.910630 0.961035 0.865912 0.712362 0.932519 0.902279 0.801987 0.789485 0.603084 0.798321 0.431039 0.500132 0.412985 0.406950 0.703059 0.697485 0.759378 0.898886 0.474606 0.698813 0.712464 0.892213 0.711612 0.715717 0.000000 0.526102 0.673447 0.661853 0.660547 0.992555 0.701925 0.887092 0.967695 0.912097 0.718332 0.815588 0.882288 0.984872 0.890694 0.993277 0.967403 0.986930 0.695200 0.973691 0.981795 0.985967 0.919635 0.901049 0.942636 0.964841 0.711886 0.735756 0.443319 0.661743 0.706787 0.720742 0.698109 0.791466 0.646121 0.652748 0.632750 0.757787 0.915649 0.892438 0.864493 0.640714 0.890465 0.844835 0.958010 0.789127 0.702487 0.959418 0.537099 0.471283 0.964599 0.957923 0.760847 0.697548 0.963347 0.955610 0.912437 0.940779 0.803948 0.769890 0.964672 0.968742 0.995299 0.983500 0.925115 0.834926 0.984903 0.887992 0.903760 0.887736 0.954592 0.968421 0.816416 0.953801 0.818878 0.934546 0.804284 0.817294 0.997639 0.996702
0.913041 0.894034 0.670133 0.629952 0.847096 0.916622 0.920186 0.945433 0.931767 0.858481 0.809898 0.850285 0.760878 0.952711 0.895154 0.972728 0.925584 0.943417 0.998008 0.855599 0.738326 0.859257 0.753849 0.686118 0.509579 0.522328 0.900745 0.943390 0.825075 0.993874 0.569061 0.639950 0.906753 0.885282 0.804038 0.836937 0.526102 0.000000 0.641961 0.780985 0.872602 0.888471 0.816423 0.888078 0.991393 0.943439 0.706607 0.849451 0.885217 0.981051 0.869826 0.972064 0.979034 0.975657 0.854554 0.943203 0.927546 0.931656 0.918640 0.889128 0.896292 0.959663 0.752874 0.838086 0.716252 0.721496 0.787016 0.784029 0.769034 0.920740 0.741327 0.770484 0.531744 0.653763 0.882353 0.971984 0.856482 0.746953 0.813519 0.878668 0.935807 0.857499 0.746554 0.915531 0.739327 0.551421 0.988061 0.861669 0.833126 0.725996 0.960738 0.924782 0.880942 0.971584 0.784267 0.821454 0.863865 0.827338 0.925503 0.900766 0.946087 0.808514 0.944754 0.885903 0.943493 0.995171 0.870032 0.914660 0.898610 0.996485 0.959432 0.871309 0.846044 0.839166 0.929296 0.892922
