0.000000 0.303988 0.989682 0.800299 0.939144 0.779243 0.992647 0.866853 0.847642 0.888246 0.521152 0.386838 0.440360 0.459869 0.704749 0.560100 0.430464 0.398870 0.406003 0.338846 0.922250 0.704419 0.800418 0.765370 0.818333 0.801443 0.764413 0.958953 0.685501 0.597541 0.879207 0.949702 0.849623 0.847816 0.946290 0.943863 0.747024 0.593572 0.886136 0.618393 0.764689 0.917578 0.839249 0.739466 0.926832 0.840894 0.591521 0.649627 0.746927 0.490425 0.717421 0.497897 0.827055 0.925266 0.719791 0.702564 0.372962 0.325170 0.610179 0.535462 0.855476 0.878677 0.666702 0.551227 0.951293 0.921340 0.871032 0.920374 0.357897 0.382843 0.940641 0.999214 0.884054 0.761938 0.758418 0.902242 0.771140 0.935226 0.621258 0.553196 0.334439 0.308911 0.500927 0.406827 0.584354 0.702685 0.767024 0.828073 0.884264 0.590571 0.967226 0.953761 0.881177 0.985748 0.984967 0.912168 0.852699 0.906213 0.810772 0.873580 0.828051 0.906547 0.644100 0.774128 0.939230 0.967154 0.979108 0.987646 0.905566 0.809183 0.990358 0.983459 0.972844 0.823926 0.829947 0.938313
0.303988 0.000000 0.990661 0.829372 0.917877 0.721178 0.940693 0.875293 0.879949 0.918107 0.557897 0.418633 0.554021 0.526971 0.811173 0.613725 0.411779 0.359159 0.376108 0.360635 0.881614 0.781713 0.798563 0.840465 0.806021 0.801972 0.789811 0.863042 0.639485 0.624395 0.904039 0.900078 0.830737 0.768910 0.923397 0.978705 0.822841 0.555123 0.958362 0.669392 0.840802 0.954025 0.690260 0.588725 0.901158 0.681056 0.559502 0.613476 0.604351 0.383758 0.562775 0.408033 0.694321 0.864160 0.821131 0.751492 0.253343 0.239457 0.576192 0.495848 0.862773 0.893061 0.648821 0.528399 0.923265 0.864291 0.916194 0.948260 0.481335 0.398474 0.939314 0.963702 0.994136 0.785413 0.858271 0.955066 0.787905 0.874540 0.602147 0.566035 0.343177 0.361906 0.532198 0.410690 0.603851 0.731032 0.895700 0.823600 0.920926 0.679881 0.934838 0.981892 0.884864 0.919478 0.924248 0.995717 0.986545 0.872341 0.820171 0.830286 0.893467 0.917823 0.584483 0.757141 0.964222 0.969130 0.981343 0.968222 0.974794 0.726191 0.801120 0.915428 0.857002 0.659491 0.787863 0.935038
0.989682 0.990661 0.000000 0.391979 0.887682 0.822157 0.418451 0.431198 0.453629 0.851108 0.907882 0.959425 0.801461 0.832268 0.953840 0.875471 0.878921 0.852426 0.809522 0.969425 0.923427 0.995700 0.622055 0.785102 0.636796 0.508663 0.835212 0.893405 0.914286 0.933141 0.656138 0.707239 0.610289 0.664975 0.767041 0.821560 0.746280 0.998434 0.954855 0.965992 0.936683 0.971995 0.660375 0.691267 0.708789 0.738032 0.644404 0.744789 0.873707 0.948702 0.913374 0.907080 0.808779 0.814212 0.931045 0.905890 0.999072 0.886244 0.856371 0.892893 0.466441 0.497970 0.937013 0.944383 0.429556 0.362143 0.529936 0.500734 0.986374 0.931735 0.732903 0.676365 0.747717 0.765531 0.900569 0.858591 0.806062 0.804325 0.918766 0.924767 0.839142 0.891754 0.998063 0.846992 0.843929 0.717823 0.973928 0.926039 0.955622 0.956388 0.589383 0.823522 0.645268 0.846459 0.876814 0.976237 0.850462 0.949131 0.608732 0.677174 0.648462 0.911288 0.970166 0.791178 0.641223 0.876337 0.884145 0.806180 0.740647 0.893662 0.774849 0.831745 0.749659 0.870743 0.731905 0.992437
0.800299 0.829372 0.391979 0.000000 0.907766 0.867109 0.546253 0.383647 0.520372 0.818667 0.854474 0.767112 0.639093 0.629555 0.774112 0.614888 0.981679 0.995456 0.671887 0.786901 0.977488 0.848437 0.454204 0.613757 0.635555 0.607011 0.955687 0.981154 0.993362 0.942127 0.684844 0.592391 0.642952 0.681762 0.779308 0.823531 0.710397 0.910272 0.895038 0.845637 0.906293 0.995519 0.568320 0.538038 0.750761 0.639028 0.526553 0.573270 0.977883 0.759293 0.702503 0.672658 0.678912 0.651870 0.850930 0.994385 0.876145 0.962953 0.735770 0.752698 0.538966 0.462474 0.992185 0.893917 0.502277 0.440992 0.622802 0.575436 0.837600 0.890956 0.702193 0.687001 0.778734 0.786965 0.860476 0.954694 0.713260 0.780406 0.896454 0.834606 0.923942 0.918800 0.818257 0.909992 0.768082 0.644657 0.858966 0.984527 0.758801 0.884622 0.588971 0.785410 0.687605 0.816024 0.887337 0.928553 0.722934 0.878714 0.536607 0.593854 0.613477 0.887004 0.921056 0.767084 0.586978 0.727675 0.923090 0.700331 0.666715 0.829643 0.742379 0.840832 0.741427 0.812561 0.639307 0.969107
0.939144 0.917877 0.887682 0.907766 0.000000 0.886159 0.895572 0.901480 0.912316 0.931342 0.944024 0.978110 0.982405 0.991238 0.928474 0.940700 0.971533 0.951466 0.981994 0.897598 0.977471 0.937136 0.895788 0.994325 0.904952 0.922781 0.889573 0.944530 0.967966 0.952702 0.830640 0.869117 0.913938 0.929476 0.867411 0.866125 0.935600 0.898270 0.973727 0.903735 0.921694 0.882637 0.968439 0.959650 0.918429 0.927129 0.992043 0.911411 0.869022 0.899814 0.895954 0.940727 0.984001 0.994048 0.898974 0.815408 0.902934 0.913603 0.925606 0.948822 0.832884 0.960657 0.890666 0.936913 0.934826 0.896991 0.864456 0.908006 0.908856 0.977060 0.930951 0.912961 0.972911 0.865143 0.911405 0.978147 0.925247 0.913664 0.848108 0.976245 0.991141 0.927283 0.957731 0.864536 0.985377 0.940500 0.952399 0.972326 0.810612 0.831949 0.960744 0.920577 0.913737 0.992513 0.883383 0.994175 0.920009 0.843109 0.991081 0.963862 0.976581 0.978190 0.917895 0.831695 0.924169 0.761148 0.936748 0.973014 0.913749 0.996843 0.987633 0.937417 0.963222 0.811841 0.960366 0.969420
0.779243 0.721178 0.822157 0.867109 0.886159 0.000000 0.959736 0.843662 0.771001 0.925579 0.693348 0.857287 0.978351 0.945135 0.856363 0.839288 0.649984 0.610471 0.700335 0.822784 0.844213 0.875188 0.872467 0.783925 0.799557 0.634605 0.859773 0.742016 0.733713 0.819671 0.902682 0.992503 0.941709 0.966829 0.905584 0.997411 0.850222 0.829044 0.839839 0.877448 0.967845 0.971944 0.933983 0.931780 0.924130 0.946089 0.954984 0.990650 0.964145 0.926403 0.949254 0.995336 0.792028 0.825440 0.771177 0.884809 0.592951 0.656429 0.810835 0.907276 0.882260 0.722356 0.707577 0.781857 0.803316 0.646103 0.842633 0.824993 0.877351 0.865342 0.782277 0.877604 0.792837 0.913308 0.906607 0.968659 0.979180 0.960141 0.834344 0.932527 0.753794 0.856505 0.768998 0.798125 0.883807 0.790610 0.950766 0.998366 0.980918 0.923294 0.698268 0.828903 0.723816 0.880111 0.968185 0.868426 0.697197 0.869385 0.895783 0.941419 0.851106 0.957322 0.803732 0.984257 0.882833 0.914481 0.830098 0.997355 0.966879 0.936837 0.945465 0.962190 0.888193 0.944085 0.982724 0.927174
0.992647 0.940693 0.418451 0.546253 0.895572 0.959736 0.000000 0.353879 0.554299 0.655918 0.733936 0.798352 0.953310 0.940331 0.910104 0.985967 0.884275 0.974470 0.728917 0.911319 0.949929 0.847517 0.728631 0.927596 0.903524 0.735790 0.662611 0.683036 0.788052 0.783325 0.460373 0.529215 0.400607 0.404730 0.753619 0.701085 0.867462 0.985976 0.898070 0.952884 0.941239 0.997670 0.510548 0.559114 0.437468 0.484110 0.591011 0.622266 0.832249 0.819095 0.707987 0.800203 0.730504 0.709254 0.940857 0.903034 0.957055 0.967551 0.584252 0.710168 0.342708 0.495654 0.714594 0.717699 0.785690 0.597831 0.308856 0.326840 0.941740 0.923391 0.776246 0.715831 0.730156 0.788925 0.966916 0.814083 0.677483 0.598888 0.950752 0.861186 0.957296 0.847446 0.978539 0.874702 0.933518 0.979910 0.816051 0.741792 0.852785 0.737550 0.783160 0.982953 0.873124 0.986077 0.843702 0.901738 0.929640 0.729133 0.508501 0.578517 0.505033 0.807685 0.761242 0.609519 0.691399 0.734535 0.871467 0.776017 0.801572 0.838590 0.693543 0.822496 0.666610 0.777352 0.603335 0.899834
0.866853 0.875293 0.431198 0.383647 0.901480 0.843662 0.353879 0.000000 0.529894 0.540295 0.666586 0.634652 0.781313 0.765714 0.922130 0.769243 0.852689 0.938054 0.622745 0.760009 0.921788 0.975688 0.635769 0.951948 0.879728 0.745403 0.801228 0.865843 0.788742 0.735659 0.507204 0.526643 0.435918 0.379714 0.846237 0.813126 0.679638 0.877580 0.987437 0.955195 0.862908 0.896085 0.451322 0.446167 0.538380 0.485075 0.444634 0.469690 0.821010 0.729778 0.648335 0.669618 0.728862 0.602992 0.924413 0.962172 0.932097 0.985993 0.573403 0.673698 0.374920 0.327708 0.771373 0.665969 0.786855 0.515042 0.454696 0.390152 0.870149 0.924390 0.614778 0.631383 0.700007 0.782805 0.901826 0.915592 0.659458 0.604519 0.891428 0.814386 0.904092 0.924780 0.959715 0.964809 0.955342 0.917529 0.884392 0.727706 0.936666 0.807504 0.730626 0.965020 0.897848 0.942960 0.885532 0.820915 0.775229 0.746350 0.468531 0.466777 0.470755 0.868035 0.712532 0.562837 0.588413 0.698043 0.958612 0.680889 0.734437 0.738294 0.713108 0.775665 0.633202 0.727793 0.628623 0.936357
0.847642 0.879949 0.453629 0.520372 0.912316 0.771001 0.554299 0.529894 0.000000 0.677722 0.977462 0.953082 0.997190 0.899950 0.877034 0.884712 0.844015 0.758639 0.894099 0.951839 0.958770 0.905387 0.672872 0.895298 0.751059 0.486623 0.835244 0.887002 0.956378 0.864173 0.618245 0.688941 0.630827 0.698646 0.670300 0.867511 0.739183 0.966865 0.865072 0.973795 0.879270 0.839989 0.579737 0.664320 0.572136 0.676711 0.661471 0.796525 0.943610 0.939743 0.795295 0.893185 0.742264 0.574316 0.924202 0.981053 0.908625 0.769950 0.906648 0.989128 0.567843 0.501654 0.862459 0.926083 0.584903 0.505435 0.476196 0.554105 0.867542 0.791858 0.623035 0.596446 0.670273 0.798533 0.991385 0.940688 0.761658 0.797028 0.971557 0.944854 0.747174 0.761897 0.952994 0.779250 0.893699 0.824894 0.917031 0.934843 0.914155 0.995949 0.520483 0.734996 0.610851 0.780759 0.817885 0.988972 0.721126 0.817089 0.513121 0.546311 0.618639 0.912029 0.897338 0.765385 0.700361 0.704175 0.819969 0.665582 0.794919 0.783952 0.774097 0.780539 0.669473 0.807304 0.862531 0.877299
0.888246 0.918107 0.851108 0.818667 0.931342 0.925579 0.655918 0.540295 0.677722 0.000000 0.723426 0.804387 0.798475 0.857295 0.907669 0.898277 0.909470 0.998652 0.853089 0.948386 0.812614 0.798818 0.949655 0.635032 0.834408 0.939072 0.745062 0.821490 0.660847 0.722606 0.506625 0.613980 0.601451 0.537093 0.840679 0.918115 0.719954 0.807017 0.997621 0.993626 0.936860 0.723389 0.563697 0.601529 0.524967 0.521279 0.749987 0.659945 0.669603 0.871969 0.796253 0.956119 0.863070 0.650745 0.909194 0.958714 0.920164 0.867591 0.762745 0.917428 0.664789 0.542817 0.814642 0.701626 0.837847 0.926991 0.664678 0.610609 0.953634 0.910992 0.626590 0.649589 0.679676 0.692606 0.952187 0.888556 0.708666 0.608765 0.916268 0.903331 0.964848 0.683598 0.843077 0.795324 0.667338 0.679013 0.618194 0.616842 0.890976 0.662134 0.984123 0.792904 0.834750 0.761920 0.967970 0.826686 0.867975 0.732343 0.596535 0.527913 0.636909 0.899611 0.661486 0.663784 0.773658 0.714049 0.977302 0.637680 0.874178 0.716522 0.807343 0.664099 0.683849 0.862300 0.939455 0.986828
0.521152 0.557897 0.907882 0.854474 0.944024 0.693348 0.733936 0.666586 0.977462 0.723426 0.000000 0.417939 0.768207 0.740032 0.948857 0.832162 0.383312 0.368281 0.420482 0.444087 0.862622 0.973341 0.886657 0.893268 0.935743 0.742363 0.912475 0.759708 0.417937 0.380234 0.739630 0.722569 0.600891 0.503128 0.982870 0.944344 0.884931 0.700385 0.998175 0.862169 0.868347 0.814949 0.835514 0.696844 0.908436 0.758498 0.680951 0.703840 0.832697 0.705173 0.906841 0.781921 0.977062 0.921687 0.970388 0.976358 0.531771 0.558145 0.529736 0.545054 0.661446 0.810781 0.379723 0.348591 0.786887 0.871901 0.846224 0.823490 0.527826 0.621464 0.813040 0.942757 0.705013 0.647151 0.835984 0.937042 0.730611 0.739816 0.614835 0.795360 0.513317 0.731995 0.692342 0.686617 0.986278 0.905831 0.890698 0.887292 0.865905 0.965343 0.800057 0.766764 0.647596 0.744296 0.989740 0.861475 0.987264 0.658026 0.766132 0.756925 0.920751 0.872574 0.572768 0.525769 0.940481 0.843528 0.916552 0.854864 0.939671 0.766760 0.943606 0.924526 0.750162 0.835804 0.815781 0.900137
0.386838 0.418633 0.959425 0.767112 0.978110 0.857287 0.798352 0.634652 0.953082 0.804387 0.417939 0.000000 0.521829 0.514876 0.749790 0.586867 0.366870 0.380881 0.412954 0.321946 0.889405 0.818972 0.787641 0.948114 0.925080 0.829400 0.898831 0.785608 0.486443 0.381490 0.783770 0.727970 0.598954 0.565720 0.924787 0.978304 0.717780 0.604247 0.915921 0.674861 0.750276 0.754713 0.694582 0.591828 0.843917 0.662952 0.542947 0.544993 0.653727 0.534713 0.610968 0.501682 0.759117 0.763100 0.827412 0.816639 0.500204 0.426051 0.562287 0.526249 0.648941 0.668891 0.464164 0.340167 0.801054 0.938381 0.926678 0.874923 0.408285 0.462187 0.782791 0.822954 0.784353 0.765054 0.855279 0.947613 0.716004 0.750262 0.590513 0.619017 0.333665 0.508506 0.574222 0.536549 0.816925 0.875630 0.965832 0.917928 0.998027 0.848754 0.906659 0.896356 0.761374 0.761600 0.966663 0.730106 0.864247 0.735239 0.747511 0.771846 0.902835 0.879131 0.581439 0.542207 0.826687 0.791862 0.938500 0.918530 0.856517 0.723465 0.880788 0.921117 0.901479 0.726243 0.798007 0.880718
0.440360 0.554021 0.801461 0.639093 0.982405 0.978351 0.953310 0.781313 0.997190 0.798475 0.768207 0.521829 0.000000 0.306478 0.422518 0.386268 0.670736 0.635170 0.589827 0.530078 0.865858 0.694780 0.537322 0.549435 0.725958 0.993762 0.813468 0.994252 0.876389 0.773711 0.993353 0.899889 0.787606 0.963298 0.875064 0.987891 0.828113 0.866554 0.909135 0.748652 0.800759 0.933349 0.884574 0.815849 0.867973 0.970896 0.638777 0.775373 0.974132 0.737564 0.758880 0.541724 0.775685 0.827779 0.783235 0.794114 0.653056 0.587727 0.805540 0.700004 0.729279 0.737370 0.825216 0.732300 0.755126 0.776798 0.924896 0.943485 0.579391 0.536285 0.808126 0.894839 0.859454 0.857741 0.744204 0.834536 0.813988 0.947377 0.787070 0.632416 0.575107 0.485535 0.557442 0.604142 0.486263 0.521078 0.705766 0.836891 0.753668 0.585986 0.823884 0.801062 0.895564 0.880384 0.955293 0.788120 0.783824 0.947222 0.894009 0.926716 0.927844 0.870411 0.970997 0.776056 0.846646 0.958210 0.914050 0.998047 0.794868 0.958728 0.958856 0.980097 0.973365 0.824559 0.768310 0.917422
0.459869 0.526971 0.832268 0.629555 0.991238 0.945135 0.940331 0.765714 0.899950 0.857295 0.740032 0.514876 0.306478 0.000000 0.399207 0.291009 0.605314 0.598515 0.553261 0.502385 0.947227 0.747732 0.453390 0.496049 0.671133 0.898085 0.874670 0.914021 0.811733 0.716795 0.942781 0.771723 0.708535 0.904669 0.906514 0.938384 0.768908 0.789116 0.862485 0.723806 0.803410 0.899668 0.786788 0.724697 0.968998 0.904794 0.587936 0.786763 0.933939 0.710299 0.655507 0.506685 0.575298 0.679175 0.796187 0.785562 0.608210 0.585199 0.836249 0.748194 0.711125 0.681898 0.816174 0.692819 0.803789 0.782567 0.984383 0.989876 0.580103 0.563856 0.743851 0.806561 0.814526 0.868534 0.745150 0.876747 0.801982 0.972747 0.660913 0.656169 0.530012 0.525053 0.486821 0.579232 0.455475 0.479668 0.701862 0.909305 0.741703 0.583788 0.797369 0.822707 0.908452 0.891674 0.939856 0.882603 0.769196 0.936195 0.830491 0.889541 0.941427 0.861273 0.888110 0.699321 0.883712 0.824297 0.867168 0.936743 0.854378 0.856193 0.912010 0.975210 0.952089 0.769725 0.777670 0.997736
0.704749 0.811173 0.953840 0.774112 0.928474 0.856363 0.910104 0.922130 0.877034 0.907669 0.948857 0.749790 0.422518 0.399207 0.000000 0.360530 0.763106 0.821343 0.814063 0.755489 0.939865 0.808761 0.483000 0.576211 0.719974 0.918814 0.805824 0.864582 0.910631 0.853284 0.924915 0.791521 0.849974 0.948800 0.962375 0.973802 0.863120 0.971958 0.877675 0.844373 0.809523 0.950691 0.904832 0.887785 0.852572 0.964104 0.704192 0.879804 0.908046 0.917918 0.821964 0.666189 0.744332 0.773088 0.826777 0.815038 0.845432 0.814188 0.911288 0.850168 0.822046 0.787621 0.925150 0.847568 0.751657 0.818646 0.896726 0.903680 0.679446 0.752136 0.762253 0.882075 0.865930 0.886480 0.852161 0.807895 0.891254 0.969828 0.736204 0.749343 0.765688 0.746701 0.583157 0.774037 0.519918 0.543310 0.810209 0.856079 0.677761 0.678276 0.878903 0.906352 0.975298 0.914683 0.916666 0.843489 0.791297 0.974776 0.950824 0.978517 0.870482 0.957618 0.948318 0.844818 0.795166 0.824708 0.803385 0.910293 0.754275 0.918886 0.998929 0.987118 0.952681 0.998235 0.845834 0.912190
0.560100 0.613725 0.875471 0.614888 0.940700 0.839288 0.985967 0.769243 0.884712 0.898277 0.832162 0.586867 0.386268 0.291009 0.360530 0.000000 0.707295 0.708148 0.681633 0.614600 0.985172 0.761129 0.421582 0.456546 0.675587 0.864412 0.858997 0.839002 0.862687 0.750516 0.909780 0.752099 0.769272 0.891862 0.992689 0.986768 0.839596 0.839636 0.830158 0.815734 0.845560 0.909123 0.766989 0.712037 0.965649 0.854671 0.560949 0.715498 0.951635 0.717135 0.632982 0.485981 0.611269 0.711457 0.773717 0.784851 0.706304 0.677562 0.806317 0.700376 0.754625 0.663029 0.900297 0.753183 0.745497 0.731800 0.974560 0.983896 0.661841 0.630372 0.798812 0.910094 0.894335 0.870201 0.796550 0.824105 0.895618 0.962488 0.660146 0.695918 0.628918 0.614627 0.483142 0.593999 0.494792 0.438390 0.776659 0.877989 0.669747 0.635620 0.843988 0.881852 0.960951 0.996763 0.942238 0.865171 0.796123 0.901887 0.897057 0.897496 0.947316 0.983686 0.962231 0.764895 0.819569 0.810590 0.870095 0.946795 0.814847 0.871650 0.884610 0.964234 0.950348 0.800832 0.721201 0.980687
0.430464 0.411779 0.878921 0.981679 0.971533 0.649984 0.884275 0.852689 0.844015 0.909470 0.383312 0.366870 0.670736 0.605314 0.763106 0.707295 0.000000 0.262615 0.409711 0.384381 0.811177 0.953669 0.848287 0.923365 0.999828 0.622153 0.917260 0.814678 0.370690 0.333068 0.878877 0.791804 0.679060 0.613449 0.862155 0.932128 0.910399 0.702192 0.942272 0.811281 0.883219 0.858669 0.809007 0.678885 0.930191 0.771098 0.665421 0.708358 0.706913 0.616292 0.746563 0.616414 0.865745 0.936553 0.960460 0.860586 0.412003 0.364774 0.517092 0.540556 0.778607 0.930053 0.345335 0.295665 0.693541 0.690247 0.995110 0.990406 0.455003 0.496056 0.945420 0.974685 0.825378 0.739560 0.876728 0.905486 0.767052 0.734174 0.456110 0.652203 0.321341 0.573423 0.535808 0.535985 0.876219 0.979039 0.928439 0.962297 0.952393 0.895910 0.683030 0.714775 0.572304 0.697446 0.869396 0.873547 0.924679 0.718393 0.863552 0.905277 0.935529 0.976622 0.588695 0.625327 0.986753 0.854909 0.969538 0.954828 0.908512 0.728517 0.911258 0.965899 0.882125 0.819932 0.747200 0.781483
0.398870 0.359159 0.852426 0.995456 0.951466 0.610471 0.974470 0.938054 0.758639 0.998652 0.368281 0.380881 0.635170 0.598515 0.821343 0.708148 0.262615 0.000000 0.386269 0.368856 0.832877 0.884543 0.847770 0.987624 0.948759 0.597289 0.868353 0.818058 0.423946 0.384651 0.976864 0.851624 0.754156 0.716269 0.859331 0.953059 0.965952 0.666778 0.937964 0.745210 0.851556 0.832432 0.912943 0.736861 0.942181 0.856453 0.751845 0.765160 0.779710 0.622869 0.808519 0.657936 0.891577 0.988573 0.963187 0.864202 0.347782 0.311942 0.601143 0.576313 0.888705 0.963723 0.379689 0.332554 0.704496 0.639843 0.884682 0.869183 0.440244 0.438731 0.948102 0.950595 0.907707 0.792290 0.819903 0.926801 0.834617 0.829657 0.493688 0.707785 0.329334 0.503187 0.503169 0.455282 0.828317 0.993715 0.982845 0.973955 0.978267 0.817836 0.713784 0.797500 0.616893 0.788899 0.940641 0.882856 0.938492 0.739466 0.940665 0.946320 0.843362 0.938575 0.598578 0.693813 0.986701 0.937069 0.953471 0.982786 0.968155 0.798124 0.927579 0.978877 0.891426 0.772064 0.839384 0.813555
0.406003 0.376108 0.809522 0.671887 0.981994 0.700335 0.728917 0.622745 0.894099 0.853089 0.420482 0.412954 0.589827 0.553261 0.814063 0.681633 0.409711 0.386269 0.000000 0.361379 0.874580 0.820514 0.725413 0.880624 0.849355 0.881564 0.873152 0.773126 0.548027 0.558039 0.850253 0.675509 0.584718 0.580637 0.981540 0.957624 0.713380 0.605866 0.968164 0.761572 0.758916 0.862381 0.620754 0.500838 0.824599 0.624389 0.501594 0.549862 0.699977 0.494284 0.671885 0.538480 0.787924 0.789301 0.899490 0.880417 0.363231 0.412295 0.555778 0.568726 0.674564 0.749746 0.548058 0.449303 0.962027 0.973650 0.896069 0.862751 0.496955 0.543018 0.813025 0.875252 0.851307 0.775279 0.867839 0.925625 0.698014 0.760180 0.580127 0.611875 0.450308 0.572025 0.544735 0.530380 0.771736 0.880790 0.965278 0.981048 0.957729 0.851838 0.984155 0.948314 0.861791 0.916612 0.867140 0.862813 0.898014 0.786603 0.640758 0.696867 0.945148 0.784039 0.523399 0.682659 0.859923 0.908757 0.906083 0.788042 0.939928 0.621215 0.788353 0.908028 0.775518 0.631756 0.760525 0.896831
0.338846 0.360635 0.969425 0.786901 0.897598 0.822784 0.911319 0.760009 0.951839 0.948386 0.444087 0.321946 0.530078 0.502385 0.755489 0.614600 0.384381 0.368856 0.361379 0.000000 0.904137 0.783917 0.810875 0.857431 0.908826 0.832443 0.807768 0.855175 0.570618 0.503607 0.993599 0.855107 0.738497 0.677919 0.906295 0.966030 0.703391 0.541714 0.926929 0.618502 0.719974 0.836137 0.761579 0.658175 0.966044 0.768999 0.574732 0.604065 0.687986 0.494229 0.694212 0.518851 0.783590 0.835634 0.778806 0.760167 0.415392 0.363099 0.680117 0.567703 0.822502 0.810215 0.603139 0.465846 0.855121 0.888421 0.936863 0.961544 0.409124 0.398557 0.850902 0.923871 0.846812 0.785847 0.817859 0.907584 0.753479 0.929806 0.592778 0.650458 0.379209 0.440091 0.578722 0.432438 0.718373 0.861241 0.915635 0.953823 0.933654 0.760772 0.988762 0.983385 0.844531 0.915206 0.921739 0.837243 0.830124 0.813026 0.776041 0.806944 0.972451 0.831742 0.608392 0.700773 0.880991 0.936809 0.914407 0.887212 0.937968 0.648576 0.948889 0.973831 0.942117 0.750799 0.849267 0.865327
0.922250 0.881614 0.923427 0.977488 0.977471 0.844213 0.949929 0.921788 0.958770 0.812614 0.862622 0.889405 0.865858 0.947227 0.939865 0.985172 0.811177 0.832877 0.874580 0.904137 0.000000 0.977088 0.959201 0.850460 0.925046 0.884148 0.964305 0.911733 0.875565 0.861944 0.945825 0.947779 0.988999 0.876576 0.970558 0.856772 0.826594 0.693662 0.933432 0.932483 0.929690 0.914623 0.891483 0.823766 0.995365 0.936399 0.857922 0.782920 0.890328 0.858961 0.961856 0.924211 0.964450 0.955031 0.941447 0.892580 0.771488 0.846228 0.808207 0.837373 0.938792 0.995921 0.920682 0.837529 0.904137 0.848634 0.928033 0.937730 0.813778 0.874554 0.974308 0.961473 0.986564 0.985379 0.965568 0.909138 0.909950 0.871251 0.854127 0.938991 0.904277 0.980328 0.870934 0.800837 0.858455 0.825210 0.911059 0.970378 0.911848 0.929242 0.825448 0.880355 0.789536 0.840373 0.907184 0.894134 0.970552 0.848453 0.905502 0.859554 0.987683 0.737367 0.844221 0.935365 0.927699 0.954682 0.839711 0.933799 0.960065 0.889946 0.812916 0.816737 0.924602 0.862510 0.982488 0.916358
0.704419 0.781713 0.995700 0.848437 0.937136 0.875188 0.847517 0.975688 0.905387 0.798818 0.973341 0.818972 0.694780 0.747732 0.808761 0.761129 0.953669 0.884543 0.820514 0.783917 0.977088 0.000000 0.860955 0.700962 0.941013 0.992795 0.710823 0.985424 0.909125 0.992603 0.828304 0.981649 0.933636 0.861054 0.911994 0.829909 0.920630 0.815886 0.811230 0.655203 0.952961 0.915275 0.984160 0.934507 0.818247 0.959518 0.879971 0.896238 0.971729 0.821358 0.903633 0.811671 0.968515 0.899024 0.820621 0.803763 0.810022 0.794097 0.931008 0.917920 0.928707 0.938781 0.981674 0.984990 0.886186 0.988940 0.755470 0.837432 0.787132 0.810565 0.821615 0.919661 0.843385 0.764642 0.714124 0.941533 0.989191 0.746124 0.995554 0.778535 0.816004 0.717904 0.712685 0.681445 0.782855 0.747311 0.682333 0.710287 0.840839 0.785348 0.958546 0.896744 0.989139 0.949547 0.920691 0.938229 0.804058 0.965672 0.907833 0.890701 0.948257 0.951478 0.950576 0.869229 0.985353 0.976531 0.822478 0.871472 0.953839 0.918353 0.972723 0.936094 0.797591 0.833203 0.921858 0.924514
0.800418 0.798563 0.622055 0.454204 0.895788 0.872467 0.728631 0.635769 0.672872 0.949655 0.886657 0.787641 0.537322 0.453390 0.483000 0.421582 0.848287 0.847770 0.725413 0.810875 0.959201 0.860955 0.000000 0.543840 0.681955 0.714988 0.998201 0.943865 0.873694 0.830146 0.708527 0.577150 0.609281 0.800865 0.910740 0.865503 0.851021 0.979542 0.980148 0.892691 0.948718 0.904737 0.676764 0.644508 0.894089 0.779327 0.633568 0.781091 0.922427 0.892283 0.696148 0.668638 0.564383 0.688019 0.951264 0.932708 0.831851 0.870403 0.830683 0.823119 0.570448 0.622329 0.867875 0.791154 0.552854 0.621912 0.768360 0.821186 0.834503 0.820763 0.741826 0.736146 0.733665 0.808645 0.815705 0.972923 0.809794 0.873896 0.739407 0.820379 0.837474 0.911886 0.597452 0.818723 0.586876 0.538054 0.947195 0.959379 0.710117 0.780071 0.732690 0.939312 0.886366 0.863022 0.814359 0.965165 0.828547 0.906585 0.728113 0.768256 0.892687 0.980726 0.992574 0.754755 0.710415 0.667663 0.812908 0.885041 0.754390 0.876527 0.814281 0.905715 0.810491 0.823083 0.660676 0.859562
0.765370 0.840465 0.785102 0.613757 0.994325 0.783925 0.927596 0.951948 0.895298 0.635032 0.893268 0.948114 0.549435 0.496049 0.576211 0.456546 0.923365 0.987624 0.880624 0.857431 0.850460 0.700962 0.543840 0.000000 0.580485 0.691416 0.744618 0.798406 0.806774 0.881088 0.907841 0.912058 0.980898 0.848229 0.962884 0.917293 0.938173 0.981888 0.731096 0.852533 0.875278 0.941313 0.973492 0.914743 0.805497 0.919189 0.793140 0.911390 0.829792 0.885449 0.897709 0.759174 0.746676 0.940809 0.788071 0.872707 0.881680 0.875119 0.906477 0.921741 0.953056 0.889362 0.805096 0.849905 0.532818 0.652637 0.918893 0.952103 0.860026 0.870745 0.959232 0.964301 0.987786 0.948494 0.776599 0.918832 0.933915 0.829259 0.875887 0.754068 0.888785 0.667113 0.647160 0.708587 0.455273 0.385845 0.633594 0.668382 0.540632 0.568376 0.736204 0.732217 0.740385 0.768253 0.939068 0.913221 0.726786 0.884003 0.998260 0.983480 0.909622 0.914574 0.809048 0.971239 0.843925 0.966934 0.948684 0.991763 0.984624 0.895117 0.980762 0.805859 0.938755 0.902727 0.862640 0.913087
0.818333 0.806021 0.636796 0.635555 0.904952 0.799557 0.903524 0.879728 0.751059 0.834408 0.935743 0.925080 0.725958 0.671133 0.719974 0.675587 0.999828 0.948759 0.849355 0.908826 0.925046 0.941013 0.681955 0.580485 0.000000 0.546967 0.851453 0.851422 0.886402 0.899114 0.872146 0.813561 0.837456 0.948220 0.843442 0.973479 0.765295 0.802607 0.733873 0.816186 0.849364 0.997332 0.837436 0.893621 0.958640 0.946980 0.747045 0.860270 0.959073 0.844455 0.890316 0.824896 0.777905 0.949976 0.755143 0.782414 0.839463 0.914876 0.989243 0.860812 0.802997 0.797013 0.840711 0.894646 0.565287 0.646702 0.884488 0.845483 0.776743 0.841935 0.960507 0.819178 0.820917 0.773276 0.923541 0.998611 0.950420 0.965556 0.838647 0.797165 0.864842 0.732387 0.742582 0.847802 0.534565 0.497258 0.784350 0.723552 0.703363 0.677241 0.805098 0.927392 0.788334 0.927082 0.920715 0.950817 0.920412 0.895728 0.850706 0.990532 0.969712 0.917700 0.968971 0.904908 0.855310 0.969314 0.787251 0.955296 0.871074 0.964372 0.932027 0.966280 0.936782 0.950240 0.857335 0.995228
0.801443 0.801972 0.508663 0.607011 0.922781 0.634605 0.735790 0.745403 0.486623 0.939072 0.742363 0.829400 0.993762 0.898085 0.918814 0.864412 0.622153 0.597289 0.881564 0.832443 0.884148 0.992795 0.714988 0.691416 0.546967 0.000000 0.878939 0.903966 0.698180 0.723405 0.731681 0.828028 0.812819 0.913733 0.691454 0.953487 0.748067 0.980014 0.736426 0.865972 0.911791 0.929119 0.780331 0.897000 0.766049 0.860245 0.807729 0.893610 0.916437 0.932021 0.901653 0.989698 0.736719 0.839127 0.852211 0.960658 0.771139 0.695753 0.844443 0.890305 0.707912 0.614045 0.639229 0.681484 0.486015 0.423624 0.640371 0.622641 0.821173 0.827879 0.802733 0.729120 0.767160 0.858604 0.953919 0.900347 0.994415 0.993610 0.839236 0.916162 0.730606 0.838792 0.975291 0.777061 0.770465 0.649473 0.878289 0.854850 0.843598 0.907193 0.625119 0.826235 0.632477 0.855002 0.933209 0.976309 0.802466 0.946301 0.748788 0.851556 0.779033 0.987248 0.858120 0.987931 0.796124 0.858206 0.875129 0.937950 0.873093 0.994177 0.863237 0.932323 0.980637 0.987144 0.958723 0.906367
0.764413 0.789811 0.835212 0.955687 0.889573 0.859773 0.662611 0.801228 0.835244 0.745062 0.912475 0.898831 0.813468 0.874670 0.805824 0.858997 0.917260 0.868353 0.873152 0.807768 0.964305 0.710823 0.998201 0.744618 0.851453 0.878939 0.000000 0.872006 0.947802 0.934198 0.716487 0.882626 0.746815 0.814666 0.875160 0.841433 0.969119 0.780845 0.887205 0.924040 0.823172 0.937734 0.836951 0.944222 0.678475 0.815776 0.962443 0.969845 0.936129 0.854213 0.927854 0.898345 0.888364 0.805995 0.900040 0.839003 0.776146 0.753514 0.923581 0.932985 0.747929 0.757332 0.994745 0.950552 0.989856 0.839168 0.626653 0.701835 0.786200 0.789735 0.773742 0.752887 0.840869 0.854982 0.964867 0.894352 0.999699 0.767507 0.878093 0.875255 0.842660 0.652335 0.784801 0.738824 0.781878 0.854564 0.831359 0.545797 0.885801 0.686789 0.906385 0.946825 0.952183 0.930371 0.919297 0.989567 0.937868 0.889800 0.858671 0.912788 0.766837 0.965666 0.973366 0.885529 0.935451 0.998047 0.859225 0.911024 0.860866 0.986427 0.900323 0.970477 0.844166 0.968613 0.889005 0.934973
0.958953 0.863042 0.893405 0.981154 0.944530 0.742016 0.683036 0.865843 0.887002 0.821490 0.759708 0.785608 0.994252 0.914021 0.864582 0.839002 0.814678 0.818058 0.773126 0.855175 0.911733 0.985424 0.943865 0.798406 0.851422 0.903966 0.872006 0.000000 0.666544 0.747320 0.812507 0.820736 0.745481 0.751187 0.856295 0.890134 0.928335 0.986605 0.914302 0.942595 0.990852 0.906233 0.828633 0.794252 0.680696 0.721769 0.839415 0.810252 0.730653 0.840101 0.790473 0.856447 0.941400 0.885891 0.977920 0.995339 0.863524 0.832564 0.682257 0.754464 0.724469 0.871251 0.647253 0.702658 0.860610 0.918124 0.697048 0.770252 0.982410 0.948999 0.925067 0.924583 0.863115 0.861624 0.843672 0.979884 0.870427 0.824336 0.904077 0.865605 0.823101 0.942104 0.965696 0.996851 0.910461 0.836820 0.845184 0.894300 0.892982 0.868362 0.950774 0.918279 0.949020 0.926828 0.930733 0.956131 0.915800 0.788899 0.810824 0.817797 0.829419 0.748464 0.672728 0.705984 0.893072 0.845227 0.917350 0.910872 0.882791 0.776876 0.905268 0.886732 0.908661 0.808743 0.884797 0.961698
0.685501 0.639485 0.914286 0.993362 0.967966 0.733713 0.788052 0.788742 0.956378 0.660847 0.417937 0.486443 0.876389 0.811733 0.910631 0.862687 0.370690 0.423946 0.548027 0.570618 0.875565 0.909125 0.873694 0.806774 0.886402 0.698180 0.947802 0.666544 0.000000 0.301850 0.676358 0.635679 0.591386 0.523739 0.871035 0.865952 0.958222 0.792918 0.894801 0.875169 0.935358 0.821770 0.820160 0.699636 0.783066 0.683059 0.729710 0.722604 0.696170 0.724197 0.803220 0.753262 0.927887 0.928584 0.883225 0.960784 0.625208 0.594236 0.545582 0.561734 0.676872 0.854539 0.351060 0.327916 0.677192 0.762869 0.852335 0.885699 0.616571 0.769314 0.928532 0.989270 0.721984 0.668712 0.931880 0.962056 0.829683 0.682860 0.578841 0.827963 0.519546 0.860313 0.686444 0.767731 0.946807 0.834279 0.781848 0.797517 0.829284 0.882570 0.649876 0.558473 0.477541 0.589083 0.941198 0.882647 0.918463 0.747602 0.861254 0.854246 0.953089 0.987469 0.591231 0.563912 0.914810 0.809453 0.980504 0.930001 0.956323 0.774711 0.889962 0.953058 0.806949 0.841672 0.770512 0.821444
0.597541 0.624395 0.933141 0.942127 0.952702 0.819671 0.783325 0.735659 0.864173 0.722606 0.380234 0.381490 0.773711 0.716795 0.853284 0.750516 0.333068 0.384651 0.558039 0.503607 0.861944 0.992603 0.830146 0.881088 0.899114 0.723405 0.934198 0.747320 0.301850 0.000000 0.638733 0.649225 0.587751 0.499206 0.913171 0.881008 0.977127 0.805129 0.949319 0.836186 0.985885 0.827303 0.853407 0.713547 0.861463 0.738645 0.693697 0.706367 0.753125 0.733806 0.811413 0.731812 0.890372 0.949760 0.970913 0.937741 0.658322 0.593972 0.511699 0.536231 0.645142 0.801497 0.312821 0.260014 0.663426 0.795907 0.848831 0.833396 0.536969 0.662812 0.877879 0.981072 0.725222 0.647226 0.834425 0.960725 0.847148 0.621637 0.520514 0.755093 0.432560 0.789856 0.627118 0.721067 0.939027 0.878579 0.825025 0.842774 0.819963 0.879685 0.645362 0.556993 0.459719 0.558252 0.976402 0.780260 0.940776 0.696176 0.899215 0.888628 0.931975 0.992861 0.613825 0.524196 0.871279 0.715477 0.974630 0.984081 0.852582 0.764655 0.948311 0.945541 0.924653 0.877941 0.687941 0.753536
0.879207 0.904039 0.656138 0.684844 0.830640 0.902682 0.460373 0.507204 0.618245 0.506625 0.739630 0.783770 0.993353 0.942781 0.924915 0.909780 0.878877 0.976864 0.850253 0.993599 0.945825 0.828304 0.708527 0.907841 0.872146 0.731681 0.716487 0.812507 0.676358 0.638733 0.000000 0.398428 0.421527 0.422892 0.830294 0.756933 0.885960 0.991986 0.952281 0.938136 0.979243 0.829362 0.628649 0.674708 0.529650 0.584613 0.703697 0.701474 0.912328 0.988421 0.812483 0.941354 0.760429 0.702746 0.841518 0.890530 0.892460 0.817527 0.733409 0.848954 0.416631 0.497381 0.711274 0.669056 0.968778 0.725508 0.457048 0.443542 0.981654 0.834792 0.707890 0.684111 0.641932 0.653854 0.928335 0.839732 0.793600 0.514715 0.845435 0.980508 0.977971 0.712431 0.934989 0.789494 0.839398 0.917406 0.755936 0.726256 0.941599 0.720225 0.984725 0.732576 0.868310 0.749963 0.994554 0.723933 0.969796 0.693640 0.687763 0.740450 0.535379 0.936962 0.903714 0.582705 0.672710 0.613060 0.836461 0.730134 0.764837 0.876630 0.790257 0.891504 0.789383 0.903254 0.715424 0.920209
0.949702 0.900078 0.707239 0.592391 0.869117 0.992503 0.529215 0.526643 0.688941 0.613980 0.722569 0.727970 0.899889 0.771723 0.791521 0.752099 0.791804 0.851624 0.675509 0.855107 0.947779 0.981649 0.577150 0.912058 0.813561 0.828028 0.882626 0.820736 0.635679 0.649225 0.398428 0.000000 0.458127 0.550083 0.856442 0.838912 0.876497 0.859185 0.944192 0.934836 0.979186 0.889050 0.545104 0.540729 0.597190 0.541350 0.630326 0.677028 0.818258 0.812149 0.673533 0.733431 0.642532 0.587318 0.953848 0.997209 0.893703 0.991924 0.698539 0.788729 0.542806 0.610085 0.708271 0.646830 0.933814 0.803580 0.603528 0.575245 0.881946 0.982090 0.718021 0.769211 0.779965 0.797142 0.918265 0.957077 0.750732 0.592692 0.703420 0.837952 0.826324 0.899382 0.752656 0.959411 0.987357 0.952846 0.919093 0.786331 0.985268 0.815902 0.900408 0.825956 0.929812 0.934902 0.976986 0.752525 0.890760 0.814693 0.618108 0.733862 0.648913 0.757918 0.754367 0.688172 0.641944 0.676331 0.816161 0.658661 0.752709 0.767806 0.769250 0.886700 0.689590 0.863240 0.625152 0.905853
0.849623 0.830737 0.610289 0.642952 0.913938 0.941709 0.400607 0.435918 0.630827 0.601451 0.600891 0.598954 0.787606 0.708535 0.849974 0.769272 0.679060 0.754156 0.584718 0.738497 0.988999 0.933636 0.609281 0.980898 0.837456 0.812819 0.746815 0.745481 0.591386 0.587751 0.421527 0.458127 0.000000 0.408291 0.835794 0.736108 0.722823 0.865073 0.946060 0.922950 0.873997 0.752030 0.519485 0.534061 0.490113 0.510377 0.524899 0.648692 0.762589 0.766686 0.654667 0.717198 0.659431 0.626545 0.950363 0.996694 0.832162 0.877702 0.625194 0.733823 0.366734 0.484741 0.594435 0.540616 0.903961 0.756532 0.474095 0.493269 0.826554 0.879180 0.653042 0.644648 0.579997 0.703227 0.851837 0.925442 0.750892 0.562251 0.732601 0.785765 0.731768 0.977121 0.754125 0.936818 0.897490 0.899082 0.861735 0.779498 0.995781 0.886027 0.887516 0.887475 0.936318 0.844828 0.822519 0.774396 0.874676 0.655353 0.535921 0.629744 0.690132 0.767316 0.738289 0.482391 0.751229 0.738362 0.956188 0.791096 0.827379 0.735001 0.675065 0.842766 0.666018 0.720193 0.609028 0.985724
0.847816 0.768910 0.664975 0.681762 0.929476 0.966829 0.404730 0.379714 0.698646 0.537093 0.503128 0.565720 0.963298 0.904669 0.948800 0.891862 0.613449 0.716269 0.580637 0.677919 0.876576 0.861054 0.800865 0.848229 0.948220 0.913733 0.814666 0.751187 0.523739 0.499206 0.422892 0.550083 0.408291 0.000000 0.883190 0.794090 0.817416 0.814656 0.910282 0.975116 0.909196 0.832919 0.517496 0.502826 0.511474 0.452990 0.506352 0.498546 0.728720 0.689384 0.699114 0.727552 0.817651 0.784920 0.941556 0.933082 0.783773 0.826756 0.462501 0.545288 0.405095 0.502122 0.522660 0.463115 0.949621 0.804010 0.465897 0.431020 0.808839 0.860119 0.824248 0.805790 0.720910 0.684355 0.937183 0.876062 0.736260 0.538168 0.706720 0.838398 0.744512 0.938520 0.868749 0.974191 0.866149 0.911405 0.721432 0.732206 0.851096 0.736811 0.897550 0.713610 0.749489 0.633144 0.900070 0.830636 0.965635 0.631156 0.627738 0.610469 0.562152 0.963844 0.630657 0.510143 0.706245 0.654912 0.993010 0.722372 0.903369 0.659847 0.741462 0.861951 0.668995 0.763880 0.636351 0.831720
0.946290 0.923397 0.767041 0.779308 0.867411 0.905584 0.753619 0.846237 0.670300 0.840679 0.982870 0.924787 0.875064 0.906514 0.962375 0.992689 0.862155 0.859331 0.981540 0.906295 0.970558 0.911994 0.910740 0.962884 0.843442 0.691454 0.875160 0.856295 0.871035 0.913171 0.830294 0.856442 0.835794 0.883190 0.000000 0.990062 0.968965 0.966847 0.864144 0.918209 0.966986 0.945213 0.791376 0.869942 0.759997 0.771453 0.803990 0.818840 0.921973 0.904743 0.929435 0.990742 0.858645 0.853147 0.806258 0.868082 0.924384 0.852286 0.932227 0.939782 0.844436 0.779698 0.914036 0.935104 0.753321 0.811267 0.655448 0.650429 0.933779 0.882302 0.868848 0.844118 0.887305 0.823443 0.895559 0.997380 0.921622 0.849882 0.988699 0.975513 0.906163 0.960467 0.958150 0.887619 0.940587 0.905639 0.927988 0.999535 0.821313 0.929560 0.802096 0.881884 0.784124 0.853892 0.915316 0.933731 0.794828 0.677248 0.743345 0.823144 0.936937 0.900032 0.819720 0.906921 0.864423 0.875553 0.780721 0.847652 0.863000 0.939473 0.931947 0.919254 0.703677 0.962768 0.840114 0.929587
0.943863 0.978705 0.821560 0.823531 0.866125 0.997411 0.701085 0.813126 0.867511 0.918115 0.944344 0.978304 0.987891 0.938384 0.973802 0.986768 0.932128 0.953059 0.957624 0.966030 0.856772 0.829909 0.865503 0.917293 0.973479 0.953487 0.841433 0.890134 0.865952 0.881008 0.756933 0.838912 0.736108 0.794090 0.990062 0.000000 0.945182 0.823596 0.826294 0.906541 0.947402 0.987476 0.799396 0.758375 0.746656 0.773618 0.836706 0.992108 0.869007 0.867865 0.876049 0.923399 0.766278 0.835481 0.902566 0.871342 0.994485 0.996808 0.785379 0.945079 0.768705 0.860145 0.889791 0.891100 0.935102 0.904605 0.683008 0.768863 0.899101 0.893062 0.885728 0.982695 0.963432 0.832268 0.912328 0.809570 0.826241 0.663411 0.929392 0.954841 0.928572 0.957439 0.977292 0.871501 0.991736 0.991603 0.808762 0.926692 0.884856 0.971112 0.884884 0.879692 0.970369 0.959023 0.945980 0.929489 0.997165 0.931986 0.866395 0.764881 0.805651 0.902082 0.921958 0.799310 0.858716 0.901232 0.981072 0.970263 0.974524 0.972065 0.855819 0.955686 0.941303 0.902122 0.793119 0.870820
0.747024 0.822841 0.746280 0.710397 0.935600 0.850222 0.867462 0.679638 0.739183 0.719954 0.884931 0.717780 0.828113 0.768908 0.863120 0.839596 0.910399 0.965952 0.713380 0.703391 0.826594 0.920630 0.851021 0.938173 0.765295 0.748067 0.969119 0.928335 0.958222 0.977127 0.885960 0.876497 0.722823 0.817416 0.968965 0.945182 0.000000 0.664722 0.864877 0.788464 0.588433 0.819719 0.614454 0.686823 0.778074 0.731106 0.654035 0.692332 0.755010 0.765957 0.744392 0.770669 0.747962 0.668492 0.707018 0.843590 0.819422 0.851085 0.958297 0.997887 0.817106 0.651785 0.891042 0.925801 0.921247 0.832201 0.907344 0.826886 0.666790 0.717820 0.702645 0.580898 0.762794 0.793775 0.975740 0.975220 0.734870 0.897576 0.937357 0.839077 0.859788 0.829211 0.867531 0.855926 0.820768 0.867579 0.880094 0.975084 0.932852 0.888540 0.756326 0.826241 0.856052 0.914016 0.962630 0.987050 0.702232 0.955546 0.610631 0.709395 0.860826 0.807809 0.844210 0.860112 0.858008 0.948980 0.887897 0.765761 0.836988 0.737747 0.841900 0.843335 0.969047 0.884732 0.949222 0.953735
0.593572 0.555123 0.998434 0.910272 0.898270 0.829044 0.985976 0.877580 0.966865 0.807017 0.700385 0.604247 0.866554 0.789116 0.971958 0.839636 0.702192 0.666778 0.605866 0.541714 0.693662 0.815886 0.979542 0.981888 0.802607 0.980014 0.780845 0.986605 0.792918 0.805129 0.991986 0.859185 0.865073 0.814656 0.966847 0.823596 0.664722 0.000000 0.810190 0.589299 0.747581 0.794932 0.752954 0.732774 0.900904 0.784104 0.649321 0.630165 0.663809 0.573101 0.737256 0.697168 0.791841 0.893084 0.744852 0.635110 0.542173 0.603891 0.893726 0.794224 0.984699 0.899586 0.892706 0.771351 0.876607 0.867427 0.857077 0.944503 0.593968 0.621005 0.934967 0.817017 0.965928 0.903543 0.851058 0.996840 0.908045 0.983321 0.791292 0.880052 0.605178 0.636374 0.752198 0.546508 0.842983 0.983594 0.937214 0.851177 0.978275 0.808451 0.993239 0.987831 0.906971 0.943271 0.903152 0.803855 0.847407 0.887878 0.814198 0.849724 0.994002 0.999160 0.606275 0.906046 0.927491 0.981780 0.964678 0.977209 0.890926 0.705665 0.844349 0.814572 0.969344 0.717962 0.994188 0.951186
