0.000000 0.116134 0.262953 0.354525 0.769705 0.669136 0.620080 0.496752 0.541727 0.633309 0.315855 0.225445 0.281782 0.326089 0.505341 0.580232 0.197508 0.185487 0.212738 0.162305 0.447766 0.970947 0.533459 0.382201 0.230365 0.486648 0.366218 0.818954 0.364505 0.376464 0.728996 0.595939 0.315123 0.388053 0.719791 0.975545 0.523775 0.522997 0.776679 0.633990 0.526390 0.580056 0.964579 0.755548 0.844050 0.918214 0.505585 0.599108 0.817643 0.652584 0.764295 0.686589 0.977470 0.713753 0.306714 0.436994 0.120652 0.122996 0.342673 0.285537 0.322477 0.425670 0.203302 0.221683 0.226352 0.349557 0.617958 0.705319 0.233705 0.279418 0.766172 0.514584 0.971580 0.901727 0.706201 0.973050 0.947142 0.937973 0.447823 0.386086 0.205131 0.237071 0.283917 0.188386 0.162984 0.165120 0.762749 0.462817 0.450920 0.222642 0.295328 0.358451 0.314177 0.326857 0.951763 0.919766 0.938399 0.870627 0.771106 0.869661 0.652409 0.650573 0.994995 0.801201 0.790817 0.805403 0.911180 0.823012 0.716796 0.735744 0.790265 0.996194 0.834547 0.975546 0.691027 0.573900
0.116134 0.000000 0.261090 0.326808 0.840427 0.674182 0.598821 0.456314 0.541690 0.673348 0.368699 0.221860 0.309670 0.322410 0.504672 0.556688 0.193055 0.183068 0.205604 0.170579 0.478814 0.999653 0.474960 0.343412 0.249783 0.493710 0.370232 0.870278 0.362236 0.350119 0.651652 0.556808 0.291533 0.346744 0.671071 0.902223 0.504448 0.512569 0.723616 0.686886 0.559869 0.589188 0.901431 0.700065 0.910501 0.851238 0.452382 0.548961 0.760411 0.595979 0.694360 0.613921 0.912071 0.793757 0.298255 0.389754 0.115402 0.114957 0.316655 0.274539 0.325874 0.394043 0.208073 0.202151 0.248076 0.345772 0.567457 0.655375 0.254251 0.254541 0.811928 0.558544 0.917485 0.949423 0.706885 0.925126 0.988540 0.933088 0.408516 0.339841 0.178600 0.251826 0.279685 0.184570 0.179618 0.165531 0.744032 0.458289 0.482631 0.213263 0.296584 0.356336 0.326746 0.313852 0.996324 0.938621 0.946169 0.915212 0.797823 0.915578 0.641576 0.655432 0.977361 0.843749 0.749249 0.762866 0.867874 0.809996 0.765269 0.710226 0.761575 0.967346 0.889452 0.989901 0.661923 0.607696
0.262953 0.261090 0.000000 0.226285 0.991809 0.819874 0.402511 0.341837 0.798692 0.880481 0.495041 0.345903 0.294071 0.343216 0.455449 0.472641 0.327071 0.308648 0.269898 0.309259 0.473905 0.905259 0.353788 0.331313 0.385957 0.480092 0.505050 0.901053 0.405205 0.466434 0.537995 0.468385 0.317745 0.355327 0.658380 0.994404 0.628662 0.584170 0.900542 0.708947 0.597735 0.567493 0.772478 0.628556 0.982387 0.793394 0.493832 0.571061 0.729816 0.576908 0.624557 0.571656 0.769698 0.966580 0.366737 0.504163 0.249943 0.258919 0.371814 0.313981 0.275769 0.356791 0.258454 0.285128 0.288919 0.323270 0.491168 0.582966 0.431800 0.332866 0.984711 0.755871 0.739299 0.861281 0.699606 0.837091 0.827108 0.832078 0.381826 0.460206 0.330790 0.406119 0.383763 0.419731 0.282882 0.261272 0.866454 0.617992 0.485903 0.364369 0.587694 0.577060 0.585584 0.544612 0.920065 0.877365 0.893266 0.961215 0.970821 0.882292 0.830214 0.886863 0.979572 0.845724 0.708540 0.674088 0.730342 0.976497 0.762800 0.763583 0.739002 0.852522 0.969069 0.886531 0.570671 0.683772
0.354525 0.326808 0.226285 0.000000 0.933549 0.904214 0.309076 0.175067 0.955743 0.880266 0.678699 0.394762 0.374547 0.343013 0.509255 0.379948 0.436784 0.432887 0.365804 0.455194 0.588436 0.941312 0.261529 0.265088 0.503926 0.523638 0.627257 0.970364 0.511601 0.510427 0.413793 0.406725 0.319188 0.367751 0.585423 0.874491 0.586324 0.604716 0.901066 0.730915 0.708815 0.656761 0.629698 0.526629 0.842494 0.676326 0.464757 0.513443 0.628432 0.455014 0.428914 0.371146 0.548271 0.759772 0.426500 0.531755 0.326169 0.332748 0.316280 0.229727 0.297084 0.270385 0.327741 0.294461 0.410451 0.303827 0.411191 0.434124 0.611043 0.351342 0.811433 0.918831 0.617779 0.771556 0.665343 0.787768 0.729614 0.765227 0.346529 0.472418 0.429813 0.597495 0.456532 0.531149 0.401064 0.304230 0.999188 0.670607 0.535962 0.394881 0.695958 0.676910 0.672411 0.582631 0.831604 0.860961 0.860551 0.896588 0.853525 0.787254 0.929448 0.975261 0.954282 0.798165 0.637359 0.577531 0.657084 0.835836 0.853139 0.718460 0.710852 0.745449 0.850292 0.837958 0.487426 0.871357
0.769705 0.840427 0.991809 0.933549 0.000000 0.749122 0.851366 0.837680 0.619276 0.568893 0.824140 0.968505 0.990769 0.951438 0.791543 0.690647 0.918934 0.916776 0.871369 0.781079 0.970237 0.866606 0.807088 0.869832 0.835607 0.989993 0.893314 0.872674 0.926258 0.916566 0.752689 0.756257 0.997229 0.910580 0.990422 0.683767 0.936698 0.862916 0.915493 0.994253 0.786178 0.948802 0.802904 0.875078 0.708353 0.802874 0.996769 0.901359 0.890702 0.881284 0.798357 0.798241 0.635975 0.535339 0.923700 0.950885 0.819480 0.845278 0.899267 0.858007 0.926526 0.829163 0.952087 0.983718 0.879809 0.902524 0.913886 0.846644 0.692255 0.839079 0.660524 0.686419 0.693052 0.643071 0.879486 0.878737 0.887600 0.811187 0.947351 0.892610 0.904042 0.828339 0.967403 0.813823 0.836296 0.848326 0.960087 0.754032 0.800276 0.813551 0.765285 0.852852 0.811226 0.782892 0.859188 0.983066 0.790877 0.827947 0.804178 0.864014 0.721258 0.711736 0.808248 0.997110 0.897702 0.847305 0.816927 0.971027 0.879264 0.981094 0.957801 0.910011 0.770226 0.848070 0.843710 0.734917
0.669136 0.674182 0.819874 0.904214 0.749122 0.000000 0.856065 0.935403 0.505731 0.614128 0.629158 0.721738 0.887353 0.851688 0.983620 0.959723 0.694401 0.709930 0.733852 0.665365 0.915342 0.963452 0.953618 0.908431 0.771904 0.857063 0.723462 0.958804 0.800153 0.760443 0.903765 0.934547 0.806863 0.924592 0.998795 0.934059 0.940483 0.903347 0.974269 0.961340 0.690574 0.901401 0.756628 0.850358 0.697380 0.857191 0.989306 0.975333 0.912933 0.916537 0.842940 0.833458 0.713081 0.573942 0.940822 0.929392 0.666544 0.678850 0.810439 0.806111 0.846605 0.935634 0.793131 0.782434 0.650631 0.919414 0.967972 0.924781 0.612790 0.788203 0.711275 0.682057 0.644323 0.605744 0.859207 0.862757 0.678417 0.729212 0.951084 0.996443 0.816046 0.755177 0.772388 0.677158 0.734005 0.760155 0.916088 0.752477 0.942824 0.785142 0.496982 0.609062 0.614301 0.639109 0.842296 0.874291 0.852825 0.898090 0.669635 0.686160 0.706605 0.703988 0.897970 0.872143 0.787273 0.814993 0.874422 0.711667 0.784655 0.935033 0.862042 0.914935 0.699012 0.740037 0.813372 0.789890
0.620080 0.598821 0.402511 0.309076 0.851366 0.856065 0.000000 0.203322 0.909731 0.542873 0.938562 0.650054 0.619648 0.558072 0.678732 0.547228 0.650787 0.649478 0.500160 0.697186 0.646983 0.922374 0.304988 0.565944 0.766019 0.591459 0.808902 0.988319 0.567637 0.648966 0.309890 0.397046 0.351355 0.334308 0.563013 0.835342 0.616646 0.664305 0.948178 0.821384 0.912756 0.651450 0.409124 0.343355 0.481906 0.412350 0.438062 0.442812 0.403752 0.325755 0.278030 0.276857 0.344633 0.506630 0.517291 0.506815 0.562469 0.584928 0.347557 0.378218 0.384546 0.356653 0.419250 0.417028 0.721846 0.539500 0.288706 0.323479 0.917646 0.525107 0.510716 0.839891 0.377204 0.476343 0.708009 0.583486 0.535568 0.481937 0.375347 0.557718 0.634223 0.862191 0.619059 0.800091 0.656645 0.604388 0.761437 0.968108 0.628987 0.625910 0.999361 0.995867 0.946254 0.890219 0.679141 0.661747 0.675560 0.732935 0.519153 0.442727 0.816380 0.691445 0.679289 0.561868 0.443916 0.394376 0.536654 0.666147 0.965712 0.756245 0.628055 0.550464 0.537269 0.501888 0.304565 0.972952
0.496752 0.456314 0.341837 0.175067 0.837680 0.935403 0.203322 0.000000 0.864838 0.659056 0.808730 0.463331 0.471193 0.413801 0.560732 0.352780 0.540487 0.531454 0.470424 0.603419 0.643224 0.969292 0.259477 0.353557 0.654194 0.584584 0.758698 0.983685 0.515047 0.517558 0.345666 0.416573 0.331633 0.358258 0.555062 0.822912 0.563513 0.563524 0.950084 0.764849 0.813879 0.694271 0.507810 0.433419 0.649852 0.546873 0.466541 0.507298 0.535112 0.386247 0.314336 0.284311 0.384830 0.550156 0.473532 0.545097 0.441765 0.444120 0.370923 0.306689 0.290664 0.192568 0.375150 0.308384 0.544453 0.318292 0.364668 0.338222 0.805673 0.432783 0.620045 0.883457 0.446213 0.580829 0.661320 0.653952 0.654444 0.610859 0.350389 0.511746 0.523406 0.757650 0.526176 0.659504 0.549761 0.445106 0.955496 0.819422 0.567500 0.529891 0.835191 0.786270 0.774287 0.673998 0.761047 0.787846 0.822952 0.863659 0.729962 0.648858 0.945620 0.877650 0.873675 0.763709 0.502733 0.535017 0.600944 0.766111 0.941481 0.745687 0.696235 0.684486 0.705730 0.702483 0.419733 0.964550
0.541727 0.541690 0.798692 0.955743 0.619276 0.505731 0.909731 0.864838 0.000000 0.512626 0.597566 0.684567 0.835861 0.778883 0.906496 0.880910 0.527574 0.552658 0.565977 0.504867 0.769331 0.981721 0.969187 0.882536 0.511552 0.747387 0.585474 0.946135 0.724072 0.745818 0.923634 0.922424 0.723441 0.741489 0.944579 0.955089 0.742553 0.849253 0.865708 0.857419 0.702409 0.878563 0.897831 0.936120 0.846075 0.983181 0.736634 0.784590 0.869518 0.863089 0.952340 0.986712 0.778030 0.561837 0.628634 0.542169 0.534847 0.559592 0.629545 0.709561 0.923493 0.961970 0.674002 0.727720 0.702362 0.978770 0.890004 0.966394 0.445004 0.724141 0.589875 0.492159 0.739392 0.690444 0.905950 0.993731 0.866571 0.715469 0.861261 0.762694 0.562256 0.474394 0.639284 0.412825 0.542982 0.614209 0.866306 0.557628 0.751327 0.530696 0.455847 0.640298 0.514839 0.593984 0.910757 0.962336 0.987856 0.967832 0.768505 0.908098 0.640207 0.691099 0.885471 0.821322 0.933309 0.938474 0.997177 0.769277 0.737245 0.834503 0.860122 0.922150 0.813915 0.896962 0.970908 0.681362
0.633309 0.673348 0.880481 0.880266 0.568893 0.614128 0.542873 0.659056 0.512626 0.000000 0.528808 0.776504 0.788451 0.932904 0.919035 0.820529 0.741975 0.715079 0.863765 0.629771 0.830126 0.923972 0.720194 0.940315 0.609952 0.948228 0.691734 0.777031 0.994368 0.935426 0.529000 0.750971 0.895433 0.848180 0.843003 0.792501 0.981627 0.850037 0.825034 0.992535 0.642340 0.950031 0.481804 0.578931 0.355229 0.477075 0.838451 0.761998 0.568796 0.610603 0.484079 0.545936 0.392291 0.266519 0.919522 0.990936 0.694950 0.684475 0.946094 0.995965 0.980085 0.806367 0.929884 0.953318 0.627733 0.911347 0.637968 0.561007 0.435524 0.822841 0.313432 0.389811 0.464110 0.425185 0.905368 0.662263 0.544015 0.460805 0.872480 0.943198 0.700507 0.490243 0.823882 0.561888 0.628649 0.687925 0.661788 0.605664 0.869537 0.740804 0.483644 0.537068 0.616683 0.668368 0.592700 0.784829 0.772318 0.629536 0.404800 0.446617 0.487686 0.463861 0.707097 0.736808 0.629119 0.651502 0.709180 0.549148 0.728672 0.905376 0.836051 0.574211 0.430779 0.655254 0.615663 0.572168
0.315855 0.368699 0.495041 0.678699 0.824140 0.629158 0.938562 0.808730 0.597566 0.528808 0.000000 0.274089 0.299142 0.350971 0.430645 0.589957 0.283838 0.237175 0.446619 0.273743 0.589873 0.842789 0.843889 0.596359 0.409810 0.759190 0.407932 0.726492 0.361250 0.344975 0.964542 0.880373 0.609675 0.610439 0.978685 0.959386 0.710736 0.678727 0.845562 0.766422 0.502522 0.898351 0.678914 0.854008 0.578399 0.725489 0.893394 0.991456 0.778777 0.938973 0.799651 0.871439 0.713841 0.486478 0.556581 0.722484 0.357197 0.328505 0.794286 0.732231 0.381056 0.551029 0.397858 0.402354 0.226119 0.409932 0.983810 0.943369 0.384650 0.615883 0.603215 0.557508 0.873002 0.791252 0.695974 0.877809 0.627149 0.782250 0.744029 0.642093 0.414840 0.332349 0.410625 0.337987 0.343280 0.398851 0.512478 0.620495 0.602762 0.553803 0.293943 0.296119 0.274026 0.383964 0.725510 0.924668 0.682390 0.601130 0.422701 0.547078 0.519491 0.564398 0.784887 0.911736 0.846626 0.853324 0.821009 0.609466 0.660115 0.995481 0.951651 0.717993 0.548336 0.716796 0.936906 0.537144
0.225445 0.221860 0.345903 0.394762 0.968505 0.721738 0.650054 0.463331 0.684567 0.776504 0.274089 0.000000 0.201461 0.191849 0.316774 0.355305 0.159535 0.155472 0.270781 0.221888 0.479952 0.892624 0.459837 0.348179 0.290406 0.569959 0.399539 0.877330 0.266201 0.209501 0.644180 0.565410 0.332565 0.363862 0.668276 0.854835 0.519360 0.537582 0.755467 0.681084 0.567669 0.762741 0.980728 0.782367 0.896053 0.921544 0.567727 0.655087 0.900874 0.696882 0.788864 0.712842 0.907149 0.850191 0.329172 0.490646 0.227039 0.186982 0.531414 0.448168 0.216107 0.268297 0.202243 0.163438 0.201788 0.233625 0.697367 0.701680 0.360092 0.394296 0.883456 0.720818 0.856929 0.963703 0.593030 0.955399 0.944620 0.991572 0.457977 0.362243 0.237333 0.296934 0.220478 0.247611 0.230268 0.228874 0.637785 0.501471 0.471691 0.372943 0.320471 0.323516 0.288721 0.295852 0.915053 0.976874 0.828649 0.763705 0.688691 0.810478 0.653970 0.695256 0.996348 0.924677 0.807970 0.863455 0.964895 0.748835 0.684019 0.749609 0.822971 0.942892 0.786019 0.855470 0.663475 0.625965
0.281782 0.309670 0.294071 0.374547 0.990769 0.887353 0.619648 0.471193 0.835861 0.788451 0.299142 0.201461 0.000000 0.177125 0.239722 0.307393 0.270379 0.235832 0.326972 0.302958 0.502995 0.945267 0.463921 0.324135 0.340659 0.503531 0.424062 0.814766 0.356147 0.350612 0.710778 0.523126 0.401511 0.408632 0.708012 0.984593 0.653855 0.639672 0.882189 0.741270 0.590014 0.750760 0.995123 0.857708 0.807134 0.956480 0.655033 0.759411 0.980459 0.792787 0.847378 0.762130 0.920842 0.862228 0.386178 0.597734 0.309565 0.277795 0.605627 0.508357 0.212572 0.330196 0.253475 0.264016 0.210434 0.194801 0.762156 0.784575 0.438822 0.446733 0.838696 0.757417 0.815932 0.914079 0.608922 0.997611 0.950814 0.982879 0.511173 0.424794 0.303316 0.303966 0.293301 0.339586 0.236193 0.223102 0.652630 0.532579 0.474732 0.452376 0.480205 0.445799 0.439319 0.458762 0.859474 0.987166 0.836763 0.733847 0.738059 0.860340 0.690721 0.854986 0.905460 0.955626 0.858835 0.868178 0.935988 0.820263 0.656038 0.921424 0.878357 0.855765 0.760839 0.878790 0.644057 0.604337
0.326089 0.322410 0.343216 0.343013 0.951438 0.851688 0.558072 0.413801 0.778883 0.932904 0.350971 0.191849 0.177125 0.000000 0.221244 0.228746 0.228512 0.216261 0.295877 0.313772 0.554123 0.894123 0.379449 0.261022 0.372719 0.505338 0.456818 0.872208 0.310188 0.265138 0.582392 0.471882 0.366237 0.335103 0.691456 0.910920 0.605284 0.657502 0.829110 0.738259 0.659736 0.804111 0.889765 0.744655 0.955965 0.881196 0.559053 0.626920 0.869174 0.653404 0.702050 0.622486 0.767596 0.985685 0.342873 0.506004 0.315618 0.277887 0.545806 0.476421 0.213024 0.268550 0.245860 0.219805 0.276788 0.205770 0.675812 0.671247 0.520615 0.482203 0.957827 0.812947 0.742620 0.797524 0.586029 0.868869 0.969033 0.960073 0.448798 0.421187 0.305216 0.359050 0.264532 0.328940 0.289769 0.249817 0.652605 0.514601 0.491168 0.441982 0.477843 0.472056 0.420286 0.431095 0.990833 0.979950 0.835020 0.817277 0.816433 0.971749 0.747374 0.881329 0.979175 0.869939 0.832781 0.766169 0.863248 0.857725 0.659684 0.903901 0.780173 0.991276 0.873002 0.928423 0.614334 0.704438
0.505341 0.504672 0.455449 0.509255 0.791543 0.983620 0.678732 0.560732 0.906496 0.919035 0.430645 0.316774 0.239722 0.221244 0.000000 0.278692 0.367958 0.350306 0.496185 0.452216 0.593278 0.894301 0.465148 0.374266 0.505513 0.581090 0.591304 0.821103 0.388093 0.357058 0.684169 0.597217 0.524036 0.452088 0.749247 0.906678 0.768415 0.845787 0.841289 0.888249 0.806474 0.882314 0.891301 0.798722 0.964216 0.951118 0.697808 0.734046 0.951021 0.784656 0.810191 0.758086 0.810111 0.962777 0.475204 0.613571 0.514275 0.477096 0.759007 0.699611 0.308491 0.393395 0.416460 0.403407 0.349277 0.287584 0.816414 0.817997 0.660926 0.673486 0.929213 0.884993 0.708016 0.768388 0.636414 0.903161 0.942898 0.914121 0.516755 0.500268 0.420418 0.449004 0.407915 0.478382 0.403503 0.418101 0.732579 0.595241 0.620242 0.627866 0.642559 0.604853 0.565741 0.617293 0.930177 0.975753 0.746712 0.768013 0.836300 0.951299 0.734320 0.921466 0.998291 0.938526 0.885770 0.859796 0.868647 0.831436 0.664697 0.997165 0.896215 0.934828 0.894324 0.892750 0.693521 0.802810
0.580232 0.556688 0.472641 0.379948 0.690647 0.959723 0.547228 0.352780 0.880910 0.820529 0.589957 0.355305 0.307393 0.228746 0.278692 0.000000 0.451815 0.441393 0.553156 0.598904 0.643018 0.891222 0.370369 0.309391 0.598478 0.611611 0.711383 0.961334 0.444744 0.370053 0.515095 0.483695 0.490916 0.451990 0.702401 0.856441 0.749722 0.743467 0.924014 0.776628 0.826939 0.934188 0.802763 0.730520 0.907543 0.824906 0.681531 0.693947 0.849140 0.654082 0.613624 0.547332 0.578873 0.701771 0.501723 0.653065 0.536786 0.495887 0.665909 0.594018 0.290150 0.249973 0.415028 0.362590 0.479100 0.242812 0.691730 0.585298 0.832046 0.606858 0.856265 0.941558 0.633097 0.691257 0.585782 0.748233 0.833376 0.840999 0.490228 0.504943 0.509925 0.630794 0.439398 0.604489 0.544783 0.460824 0.716581 0.767196 0.655097 0.646216 0.732557 0.646264 0.652048 0.611969 0.931176 0.965262 0.785760 0.833778 0.952422 0.928800 0.906828 0.999731 0.994551 0.966053 0.807372 0.817433 0.770844 0.973641 0.808153 0.953476 0.828322 0.945498 0.999184 0.997751 0.619790 0.876062
0.197508 0.193055 0.327071 0.436784 0.918934 0.694401 0.650787 0.540487 0.527574 0.741975 0.283838 0.159535 0.270379 0.228512 0.367958 0.451815 0.000000 0.127375 0.201894 0.181431 0.463336 0.959319 0.472975 0.364164 0.243834 0.508281 0.392084 0.867085 0.219722 0.211521 0.625791 0.534345 0.286251 0.320148 0.671511 0.860777 0.542474 0.614625 0.737128 0.691551 0.625992 0.717232 0.905867 0.701416 0.982180 0.811920 0.438116 0.524084 0.766798 0.594852 0.736408 0.663127 0.897987 0.829198 0.276242 0.370652 0.189379 0.167290 0.435218 0.416828 0.284728 0.370789 0.189004 0.181535 0.243394 0.331049 0.601626 0.641715 0.321335 0.375319 0.858316 0.633979 0.885295 0.955533 0.659341 0.865698 0.975701 0.973701 0.417439 0.330028 0.168825 0.233303 0.195863 0.189352 0.192285 0.214224 0.660759 0.464173 0.477452 0.295516 0.327287 0.370448 0.290881 0.331195 0.992763 0.952837 0.957992 0.840955 0.780137 0.914812 0.682455 0.664434 0.881468 0.795803 0.782985 0.770588 0.936427 0.772367 0.685378 0.722364 0.763916 0.932437 0.879953 0.915324 0.643154 0.617859
0.185487 0.183068 0.308648 0.432887 0.916776 0.709930 0.649478 0.531454 0.552658 0.715079 0.237175 0.155472 0.235832 0.216261 0.350306 0.441393 0.127375 0.000000 0.215406 0.173086 0.463115 0.909262 0.498106 0.346739 0.263137 0.508777 0.398524 0.791652 0.229889 0.229630 0.677519 0.554698 0.318384 0.335477 0.705177 0.856909 0.572558 0.574276 0.755652 0.690159 0.606787 0.707013 0.960608 0.757640 0.919486 0.884205 0.514197 0.593781 0.836485 0.654515 0.789078 0.712103 0.932877 0.786123 0.274046 0.413312 0.177631 0.156277 0.465442 0.440832 0.264265 0.354984 0.188081 0.181022 0.204230 0.295056 0.641647 0.696568 0.324429 0.382584 0.831032 0.620034 0.910177 0.979207 0.667762 0.898208 0.953256 0.968169 0.431250 0.358898 0.176632 0.222545 0.223131 0.195187 0.186919 0.210126 0.631400 0.485227 0.513983 0.305932 0.309122 0.329493 0.282901 0.320719 0.995797 0.925586 0.894388 0.826631 0.732220 0.888874 0.643197 0.649037 0.940301 0.860973 0.813825 0.818916 0.956644 0.752079 0.663966 0.783882 0.804187 0.966062 0.840963 0.939297 0.647492 0.581011
0.212738 0.205604 0.269898 0.365804 0.871369 0.733852 0.500160 0.470424 0.565977 0.863765 0.446619 0.270781 0.326972 0.295877 0.496185 0.553156 0.201894 0.215406 0.000000 0.186757 0.480871 0.882804 0.351281 0.388741 0.277017 0.476566 0.421405 0.937684 0.298207 0.355960 0.504947 0.412533 0.217894 0.265856 0.579948 0.877771 0.479874 0.582463 0.779635 0.654628 0.597064 0.603512 0.744666 0.549350 0.896693 0.673146 0.326297 0.412838 0.634263 0.460277 0.602078 0.544273 0.793702 0.918028 0.259569 0.345312 0.214745 0.211105 0.332683 0.329193 0.332754 0.406573 0.197680 0.206920 0.322136 0.421915 0.461839 0.575387 0.337697 0.333415 0.998667 0.715597 0.763430 0.847199 0.706019 0.833441 0.838853 0.889715 0.375454 0.347112 0.220472 0.302558 0.253619 0.264064 0.212267 0.217800 0.783769 0.499300 0.495970 0.266986 0.456692 0.531567 0.439775 0.426470 0.828307 0.823538 0.871580 0.929371 0.991394 0.882215 0.873374 0.810687 0.747714 0.645608 0.622369 0.577459 0.799037 0.886547 0.778378 0.654513 0.643393 0.848265 0.972245 0.886383 0.530464 0.634146
0.162305 0.170579 0.309259 0.455194 0.781079 0.665365 0.697186 0.603419 0.504867 0.629771 0.273743 0.221888 0.302958 0.313772 0.452216 0.598904 0.181431 0.173086 0.186757 0.000000 0.448435 0.975192 0.520481 0.433359 0.259030 0.527425 0.347995 0.857365 0.322034 0.325459 0.691890 0.620888 0.333130 0.368525 0.761499 0.916965 0.563672 0.563189 0.766406 0.711821 0.536319 0.672682 0.973988 0.766483 0.864575 0.913504 0.502299 0.605984 0.850788 0.678205 0.838621 0.759318 0.972338 0.683733 0.323031 0.446918 0.189767 0.180058 0.466303 0.413359 0.353015 0.469044 0.244099 0.247541 0.220824 0.404797 0.673198 0.770120 0.240078 0.353460 0.783622 0.569505 0.949186 0.954233 0.717564 0.970844 0.955231 0.954873 0.470995 0.408802 0.225921 0.236613 0.290302 0.208053 0.195392 0.227564 0.681646 0.480660 0.511243 0.284070 0.304083 0.371240 0.315509 0.333249 0.981641 0.923767 0.981520 0.856604 0.733423 0.837365 0.642277 0.618087 0.972299 0.839165 0.814622 0.841308 0.954345 0.757136 0.777729 0.761487 0.828602 0.971740 0.815792 0.920940 0.735101 0.575545
0.447766 0.478814 0.473905 0.588436 0.970237 0.915342 0.646983 0.643224 0.769331 0.830126 0.589873 0.479952 0.502995 0.554123 0.593278 0.643018 0.463336 0.463115 0.480871 0.448435 0.000000 0.888721 0.589649 0.601690 0.491983 0.600824 0.587327 0.983246 0.500824 0.548898 0.657035 0.562467 0.447798 0.516489 0.944296 0.990855 0.715202 0.708746 0.906313 0.747727 0.793789 0.759025 0.849747 0.711166 0.900165 0.791058 0.603313 0.580685 0.747308 0.645461 0.757332 0.701239 0.818573 0.939308 0.465451 0.594750 0.466611 0.473656 0.542765 0.541101 0.487224 0.586587 0.407421 0.458820 0.522138 0.585096 0.624939 0.689519 0.547974 0.617347 0.994269 0.762469 0.843484 0.886176 0.778143 0.876778 0.925858 0.948823 0.553800 0.411093 0.438941 0.506824 0.439661 0.548006 0.469035 0.503581 0.919626 0.814671 0.661388 0.557872 0.629648 0.653808 0.666016 0.700200 0.955141 0.809904 0.890535 0.900728 0.992978 0.976720 0.819978 0.841586 0.853800 0.781785 0.759362 0.729691 0.945981 0.856559 0.810696 0.766597 0.793990 0.981959 0.967740 0.776029 0.606736 0.786890
0.970947 0.999653 0.905259 0.941312 0.866606 0.963452 0.922374 0.969292 0.981721 0.923972 0.842789 0.892624 0.945267 0.894123 0.894301 0.891222 0.959319 0.909262 0.882804 0.975192 0.888721 0.000000 0.835208 0.985901 0.893604 0.812277 0.843303 0.792324 0.998671 0.863878 0.794305 0.780278 0.895929 0.892942 0.861959 0.925488 0.849855 0.897384 0.943556 0.915624 0.976453 0.770325 0.742571 0.751943 0.823358 0.779404 0.764344 0.784067 0.752143 0.792306 0.806362 0.820902 0.893913 0.909984 0.963458 0.940483 0.945200 0.942119 0.911620 0.920023 0.900438 0.941007 0.962907 0.968659 0.952474 0.872268 0.778093 0.954218 0.931299 0.952880 0.839864 0.996941 0.987141 0.875300 0.978226 0.990255 0.732886 0.946257 0.954583 0.970047 0.980170 0.974667 0.990627 0.973326 0.969126 0.964920 0.918592 0.983064 0.935578 0.920217 0.869083 0.780958 0.827505 0.829707 0.739638 0.830726 0.834738 0.893631 0.690314 0.846218 0.905321 0.939717 0.835465 0.835968 0.811810 0.714586 0.862955 0.957873 0.897017 0.681645 0.917594 0.853281 0.774573 0.737858 0.885384 0.857556
0.533459 0.474960 0.353788 0.261529 0.807088 0.953618 0.304988 0.259477 0.969187 0.720194 0.843889 0.459837 0.463921 0.379449 0.465148 0.370369 0.472975 0.498106 0.351281 0.520481 0.589649 0.835208 0.000000 0.337026 0.532591 0.506300 0.725080 0.963899 0.471996 0.500046 0.230920 0.287087 0.284367 0.311637 0.450214 0.801568 0.589504 0.696325 0.852756 0.813952 0.911721 0.682559 0.408551 0.311552 0.559775 0.422721 0.300524 0.328812 0.455334 0.298627 0.306702 0.268922 0.396454 0.544588 0.395192 0.435892 0.499804 0.475207 0.402517 0.374322 0.383361 0.334013 0.374563 0.327316 0.557198 0.437697 0.330983 0.343289 0.741127 0.460125 0.580170 0.854468 0.434749 0.510580 0.638334 0.632672 0.503592 0.638274 0.300218 0.407682 0.440416 0.646714 0.452519 0.622890 0.462363 0.413540 0.972975 0.688682 0.656727 0.464501 0.868942 0.853512 0.815450 0.704429 0.701631 0.753959 0.848640 0.798716 0.660791 0.568254 0.893528 0.862955 0.642090 0.643899 0.434520 0.406547 0.637069 0.864397 0.932085 0.642847 0.617678 0.666309 0.676668 0.724858 0.393211 0.966804
0.382201 0.343412 0.331313 0.265088 0.869832 0.908431 0.565944 0.353557 0.882536 0.940315 0.596359 0.348179 0.324135 0.261022 0.374266 0.309391 0.364164 0.346739 0.388741 0.433359 0.601690 0.985901 0.337026 0.000000 0.428996 0.459570 0.636094 0.929862 0.493668 0.429333 0.567833 0.490908 0.402113 0.443832 0.630397 0.913287 0.669995 0.687315 0.824263 0.833560 0.755387 0.724765 0.781128 0.682782 0.968617 0.806157 0.485028 0.565299 0.786185 0.565274 0.576575 0.493482 0.650488 0.832251 0.382857 0.538221 0.344420 0.326855 0.471667 0.397443 0.355610 0.338845 0.363494 0.329216 0.370893 0.264605 0.554035 0.573559 0.550213 0.408108 0.993389 0.912845 0.768949 0.826915 0.760200 0.851099 0.867218 0.982990 0.446120 0.449464 0.343089 0.432888 0.378573 0.404592 0.350702 0.261608 0.757915 0.502824 0.547568 0.394186 0.623270 0.568303 0.588754 0.540222 0.933783 0.945545 0.968390 0.995026 0.969907 0.907151 0.868674 0.893347 0.962567 0.857304 0.751959 0.719167 0.860590 0.929314 0.664375 0.870504 0.757939 0.961996 0.963811 0.959039 0.698079 0.806501
0.230365 0.249783 0.385957 0.503926 0.835607 0.771904 0.766019 0.654194 0.511552 0.609952 0.409810 0.290406 0.340659 0.372719 0.505513 0.598478 0.243834 0.263137 0.277017 0.259030 0.491983 0.893604 0.532591 0.428996 0.000000 0.359298 0.426782 0.874448 0.466944 0.469515 0.750767 0.561931 0.402750 0.457890 0.673544 0.969955 0.553347 0.566716 0.669419 0.675819 0.569801 0.579674 0.955219 0.759055 0.866325 0.918420 0.481105 0.597939 0.841045 0.665282 0.823635 0.733617 0.994725 0.746807 0.382097 0.451660 0.256289 0.232051 0.473024 0.422832 0.479592 0.562966 0.312701 0.319791 0.322067 0.456717 0.720309 0.776511 0.255744 0.409193 0.775994 0.544257 0.999356 0.908508 0.693029 0.983436 0.972495 0.878938 0.526698 0.435931 0.238094 0.231591 0.334258 0.208359 0.206225 0.224005 0.708309 0.425758 0.485406 0.263294 0.355256 0.415930 0.361276 0.362503 0.949080 0.954978 0.976776 0.838129 0.788742 0.893541 0.670246 0.652547 0.913908 0.813395 0.831790 0.757957 0.946567 0.670995 0.762365 0.706997 0.853055 0.933396 0.828012 0.926334 0.734310 0.594737
0.486648 0.493710 0.480092 0.523638 0.989993 0.857063 0.591459 0.584584 0.747387 0.948228 0.759190 0.569959 0.503531 0.505338 0.581090 0.611611 0.508281 0.508777 0.476566 0.527425 0.600824 0.812277 0.506300 0.459570 0.359298 0.000000 0.596119 0.922614 0.638594 0.660881 0.597499 0.541606 0.487815 0.436565 0.613754 0.985200 0.631906 0.609967 0.778481 0.786577 0.823501 0.462902 0.726521 0.599334 0.868276 0.722542 0.461270 0.533232 0.682170 0.551409 0.607107 0.532591 0.718294 0.917035 0.398099 0.419972 0.486582 0.476774 0.491362 0.476715 0.607239 0.615690 0.456696 0.489494 0.611129 0.576313 0.597537 0.638498 0.546290 0.481277 0.989601 0.787229 0.838191 0.861767 0.789473 0.857081 0.779497 0.894482 0.534256 0.548100 0.430333 0.495961 0.535959 0.461723 0.436441 0.400939 0.844029 0.649469 0.532190 0.415290 0.737404 0.770109 0.734572 0.635638 0.920089 0.717324 0.838410 0.991495 0.817540 0.794363 0.902343 0.986916 0.854370 0.666552 0.689959 0.620654 0.772012 0.957646 0.827323 0.753397 0.947522 0.895818 0.896247 0.829261 0.637574 0.795606
0.366218 0.370232 0.505050 0.627257 0.893314 0.723462 0.808902 0.758698 0.585474 0.691734 0.407932 0.399539 0.424062 0.456818 0.591304 0.711383 0.392084 0.398524 0.421405 0.347995 0.587327 0.843303 0.725080 0.636094 0.426782 0.596119 0.000000 0.888288 0.550821 0.528638 0.820528 0.724354 0.553190 0.519434 0.841091 0.903292 0.569759 0.709837 0.751400 0.729934 0.641013 0.748324 0.887094 0.944713 0.783662 0.950963 0.719776 0.819098 0.981486 0.869710 0.948095 0.867366 0.889762 0.666887 0.493733 0.632779 0.391864 0.382810 0.631460 0.566549 0.499517 0.620995 0.419138 0.452427 0.418744 0.564327 0.830552 0.950091 0.415702 0.588982 0.706752 0.569821 0.975701 0.866788 0.615956 0.906781 0.914070 0.804279 0.717464 0.605918 0.476219 0.413323 0.473153 0.426644 0.362215 0.397183 0.744780 0.628538 0.600797 0.523070 0.388455 0.494518 0.448118 0.510485 0.861221 0.938786 0.877481 0.748896 0.726056 0.726199 0.554393 0.714389 0.925219 0.841870 0.985285 0.863148 0.959811 0.673034 0.867144 0.902286 0.839630 0.901092 0.775533 0.922609 0.777118 0.725829
0.818954 0.870278 0.901053 0.970364 0.872674 0.958804 0.988319 0.983685 0.946135 0.777031 0.726492 0.877330 0.814766 0.872208 0.821103 0.961334 0.867085 0.791652 0.937684 0.857365 0.983246 0.792324 0.963899 0.929862 0.874448 0.922614 0.888288 0.000000 0.938601 0.942706 0.736277 0.875045 0.971762 0.988330 0.981822 0.914040 0.975389 0.936584 0.953451 0.930939 0.979547 0.829711 0.864871 0.916187 0.791436 0.806335 0.906413 0.906660 0.848302 0.838261 0.846465 0.863018 0.845441 0.755188 0.950504 0.989072 0.827535 0.816863 0.994717 0.993936 0.866789 0.957389 0.885523 0.900405 0.759072 0.791385 0.855030 0.792398 0.831272 0.907177 0.833544 0.809844 0.926217 0.961976 0.990995 0.993138 0.773410 0.831532 0.969246 0.956903 0.861398 0.752685 0.962151 0.869134 0.798840 0.828503 0.924294 0.923362 0.996262 0.838893 0.835002 0.811721 0.829244 0.924591 0.893032 0.965302 0.844294 0.897948 0.804485 0.846838 0.723717 0.894884 0.892755 0.989427 0.965981 0.856290 0.896182 0.907341 0.883033 0.807580 0.972814 0.809964 0.883853 0.928186 0.983335 0.766632
0.364505 0.362236 0.405205 0.511601 0.926258 0.800153 0.567637 0.515047 0.724072 0.994368 0.361250 0.266201 0.356147 0.310188 0.388093 0.444744 0.219722 0.229889 0.298207 0.322034 0.500824 0.998671 0.471996 0.493668 0.466944 0.638594 0.550821 0.938601 0.000000 0.182078 0.563187 0.558291 0.300730 0.299997 0.701313 0.767712 0.593458 0.655692 0.834422 0.720075 0.729177 0.729058 0.800735 0.625150 0.839715 0.698430 0.486876 0.542993 0.689337 0.567674 0.685589 0.656665 0.799448 0.999244 0.354953 0.411794 0.358795 0.336292 0.551259 0.552681 0.285138 0.340158 0.263402 0.251152 0.355704 0.397392 0.562040 0.588902 0.547555 0.490165 0.909084 0.883170 0.722487 0.758380 0.700528 0.798766 0.893952 0.790972 0.436760 0.401257 0.317397 0.446931 0.271526 0.398646 0.380699 0.423545 0.732549 0.651812 0.587659 0.479899 0.530421 0.545243 0.431541 0.482528 0.936168 0.866887 0.987830 0.898776 0.905200 0.975861 0.875951 0.813375 0.811971 0.793018 0.731798 0.744340 0.830043 0.931050 0.713594 0.716136 0.786568 0.890324 0.980146 0.923396 0.586190 0.757936
0.376464 0.350119 0.466434 0.510427 0.916566 0.760443 0.648966 0.517558 0.745818 0.935426 0.344975 0.209501 0.350612 0.265138 0.357058 0.370053 0.211521 0.229630 0.355960 0.325459 0.548898 0.863878 0.500046 0.429333 0.469515 0.660881 0.528638 0.942706 0.182078 0.000000 0.551995 0.577857 0.359629 0.346813 0.741342 0.705939 0.578450 0.569391 0.746061 0.753033 0.703484 0.804714 0.944219 0.755177 0.956239 0.813587 0.552745 0.625424 0.834849 0.662627 0.758274 0.702942 0.846754 0.967649 0.379558 0.496999 0.356072 0.316053 0.600887 0.583850 0.255491 0.281959 0.276922 0.234517 0.335645 0.331404 0.656826 0.641492 0.543497 0.493665 0.999071 0.864274 0.777479 0.851704 0.661684 0.833531 0.980474 0.921489 0.479848 0.409713 0.323666 0.473730 0.265763 0.383180 0.413088 0.411395 0.656832 0.628061 0.584290 0.500769 0.417609 0.378716 0.353922 0.361640 0.960623 0.935971 0.868098 0.811046 0.748377 0.872363 0.806972 0.698055 0.942216 0.939807 0.851572 0.856404 0.929899 0.774267 0.752117 0.790920 0.833749 0.973121 0.883777 0.931882 0.685086 0.772179
0.728996 0.651652 0.537995 0.413793 0.752689 0.903765 0.309890 0.345666 0.923634 0.529000 0.964542 0.644180 0.710778 0.582392 0.684169 0.515095 0.625791 0.677519 0.504947 0.691890 0.657035 0.794305 0.230920 0.567833 0.750767 0.597499 0.820528 0.736277 0.563187 0.551995 0.000000 0.301160 0.335741 0.311963 0.505698 0.672325 0.605155 0.726556 0.890843 0.873844 0.996062 0.770128 0.371603 0.288568 0.403379 0.307149 0.309478 0.306590 0.376983 0.268075 0.267107 0.244187 0.339359 0.431703 0.491061 0.464507 0.670847 0.663687 0.441790 0.472561 0.515703 0.422605 0.483299 0.448911 0.812188 0.664605 0.280975 0.275232 0.950674 0.595213 0.456714 0.765234 0.434615 0.483026 0.759403 0.574593 0.403472 0.506391 0.342155 0.494290 0.608501 0.913257 0.587600 0.811696 0.714955 0.658934 0.873813 0.880127 0.743548 0.637266 0.977241 0.963687 0.957587 0.810060 0.563727 0.714933 0.730225 0.773917 0.517573 0.491415 0.788517 0.810846 0.594470 0.657092 0.432156 0.387603 0.584663 0.763700 0.868536 0.612263 0.653866 0.510107 0.527870 0.656760 0.388006 0.848003
0.595939 0.556808 0.468385 0.406725 0.756257 0.934547 0.397046 0.416573 0.922424 0.750971 0.880373 0.565410 0.523126 0.471882 0.597217 0.483695 0.534345 0.554698 0.412533 0.620888 0.562467 0.780278 0.287087 0.490908 0.561931 0.541606 0.724354 0.875045 0.558291 0.577857 0.301160 0.000000 0.349208 0.351959 0.612565 0.717456 0.631998 0.703371 0.960133 0.743925 0.955903 0.741894 0.536028 0.419707 0.614514 0.487891 0.368529 0.357813 0.525419 0.380047 0.410551 0.369123 0.460892 0.624967 0.453332 0.490989 0.560968 0.549963 0.411173 0.442508 0.487586 0.455749 0.424787 0.425114 0.683089 0.554663 0.395740 0.382333 0.776464 0.587873 0.677504 0.959931 0.540336 0.606553 0.607966 0.722640 0.644170 0.747423 0.428168 0.424775 0.502758 0.681348 0.451097 0.634699 0.546715 0.493987 0.940998 0.738364 0.694153 0.530342 0.855188 0.838607 0.832152 0.763160 0.708270 0.834267 0.857947 0.821026 0.668897 0.581147 0.880602 0.853014 0.584390 0.636529 0.570117 0.390727 0.689135 0.893278 0.942562 0.646615 0.568640 0.713792 0.657876 0.695633 0.413340 0.985814
0.315123 0.291533 0.317745 0.319188 0.997229 0.806863 0.351355 0.331633 0.723441 0.895433 0.609675 0.332565 0.401511 0.366237 0.524036 0.490916 0.286251 0.318384 0.217894 0.333130 0.447798 0.895929 0.284367 0.402113 0.402750 0.487815 0.553190 0.971762 0.300730 0.359629 0.335741 0.349208 0.000000 0.212141 0.522194 0.821820 0.518378 0.588448 0.850573 0.766672 0.770078 0.678866 0.581337 0.407668 0.687464 0.501939 0.272710 0.330050 0.478087 0.339337 0.410754 0.367940 0.589237 0.824091 0.315882 0.328145 0.278079 0.285042 0.265889 0.270665 0.294000 0.325613 0.212660 0.202751 0.422575 0.439646 0.307390 0.394556 0.502908 0.312391 0.830597 0.895019 0.594883 0.714457 0.682955 0.677713 0.683490 0.743020 0.262592 0.328998 0.292844 0.494464 0.300495 0.400664 0.324858 0.315476 0.998583 0.603860 0.541399 0.350412 0.577924 0.640080 0.579629 0.536588 0.758893 0.783474 0.777764 0.961506 0.823640 0.732192 0.949118 0.976784 0.688530 0.619161 0.499247 0.493356 0.700172 0.958257 0.824469 0.610016 0.622418 0.700407 0.784962 0.763830 0.445661 0.819781
0.388053 0.346744 0.355327 0.367751 0.910580 0.924592 0.334308 0.358258 0.741489 0.848180 0.610439 0.363862 0.408632 0.335103 0.452088 0.451990 0.320148 0.335477 0.265856 0.368525 0.516489 0.892942 0.311637 0.443832 0.457890 0.436565 0.519434 0.988330 0.299997 0.346813 0.311963 0.351959 0.212141 0.000000 0.507331 0.713957 0.463394 0.579005 0.768778 0.782730 0.785032 0.612864 0.585295 0.413059 0.673437 0.511699 0.280704 0.368785 0.498720 0.373862 0.433401 0.390472 0.548197 0.790028 0.323171 0.274316 0.356624 0.359909 0.346293 0.385175 0.309677 0.328929 0.225159 0.223676 0.493229 0.451436 0.373363 0.442201 0.602480 0.404868 0.780660 0.941654 0.558553 0.635309 0.709832 0.694972 0.674009 0.674175 0.294132 0.356516 0.325356 0.537896 0.369759 0.437728 0.400477 0.388183 0.942777 0.654552 0.499232 0.398808 0.607422 0.660495 0.574227 0.539383 0.787314 0.815338 0.826569 0.944697 0.807235 0.710870 0.917101 0.992226 0.717625 0.629829 0.577238 0.517850 0.605513 0.960215 0.855897 0.687193 0.673321 0.691350 0.776535 0.776212 0.396027 0.911032
0.719791 0.671071 0.658380 0.585423 0.990422 0.998795 0.563013 0.555062 0.944579 0.843003 0.978685 0.668276 0.708012 0.691456 0.749247 0.702401 0.671511 0.705177 0.579948 0.761499 0.944296 0.861959 0.450214 0.630397 0.673544 0.613754 0.841091 0.981822 0.701313 0.741342 0.505698 0.612565 0.522194 0.507331 0.000000 0.848521 0.607214 0.817340 0.826799 0.928362 0.819521 0.734604 0.543980 0.466426 0.649868 0.574788 0.461435 0.514844 0.604126 0.491511 0.500848 0.509172 0.587236 0.691661 0.587500 0.516943 0.691455 0.690275 0.579650 0.593336 0.662591 0.616667 0.594636 0.547576 0.755854 0.707023 0.481733 0.526756 0.862803 0.628267 0.759381 0.844531 0.674690 0.699099 0.838489 0.730245 0.564177 0.654661 0.591808 0.645053 0.624919 0.779937 0.679892 0.737789 0.637757 0.627070 0.958946 0.821384 0.624404 0.624909 0.963575 0.924186 0.928775 0.793311 0.716531 0.812676 0.812637 0.937218 0.713197 0.615058 0.857276 0.936790 0.584874 0.634178 0.518086 0.596001 0.700769 0.892700 0.888187 0.631767 0.674752 0.689074 0.749283 0.856746 0.488672 0.994649
0.975545 0.902223 0.994404 0.874491 0.683767 0.934059 0.835342 0.822912 0.955089 0.792501 0.959386 0.854835 0.984593 0.910920 0.906678 0.856441 0.860777 0.856909 0.877771 0.916965 0.990855 0.925488 0.801568 0.913287 0.969955 0.985200 0.903292 0.914040 0.767712 0.705939 0.672325 0.717456 0.821820 0.713957 0.848521 0.000000 0.775462 0.804092 0.926079 0.978514 0.928082 0.903581 0.856053 0.766608 0.757600 0.752054 0.816813 0.752471 0.867339 0.807501 0.810044 0.782100 0.794346 0.771017 0.862453 0.770339 0.924902 0.921045 0.884249 0.949337 0.841290 0.747030 0.849161 0.792638 0.981904 0.915932 0.793462 0.698037 0.880575 0.903187 0.774202 0.729717 0.769659 0.906889 0.809210 0.871841 0.955839 0.803293 0.816161 0.862807 0.901183 0.941393 0.851664 0.958705 0.977011 0.936291 0.996881 0.897473 0.902252 0.934834 0.895278 0.854619 0.857989 0.811036 0.997990 0.769909 0.860259 0.712302 0.928746 0.931449 0.951154 0.959901 0.825155 0.895593 0.918883 0.831758 0.922135 0.876449 0.875251 0.866389 0.958478 0.880795 0.845857 0.995819 0.772775 0.801987
0.523775 0.504448 0.628662 0.586324 0.936698 0.940483 0.616646 0.563513 0.742553 0.981627 0.710736 0.519360 0.653855 0.605284 0.768415 0.749722 0.542474 0.572558 0.479874 0.563672 0.715202 0.849855 0.589504 0.669995 0.553347 0.631906 0.569759 0.975389 0.593458 0.578450 0.605155 0.631998 0.518378 0.463394 0.607214 0.775462 0.000000 0.545898 0.727686 0.694690 0.645808 0.625758 0.855075 0.691683 0.906260 0.770309 0.562993 0.655974 0.762155 0.627668 0.688580 0.654206 0.806132 0.970414 0.516228 0.543757 0.548701 0.525178 0.545269 0.560501 0.593732 0.563807 0.453420 0.448244 0.687971 0.699282 0.624242 0.675344 0.647447 0.569746 0.864534 0.924957 0.724098 0.855998 0.668963 0.960509 0.889291 0.953773 0.679983 0.670197 0.580517 0.708680 0.554080 0.570413 0.557158 0.543958 0.844366 0.735378 0.602097 0.568761 0.577589 0.636329 0.513799 0.512308 0.938979 0.925272 0.946193 0.999007 0.991241 0.974557 0.873307 0.850520 0.807838 0.652122 0.711251 0.699260 0.958816 0.902609 0.980744 0.781900 0.866636 0.874410 0.968779 0.962483 0.717982 0.919452
0.522997 0.512569 0.584170 0.604716 0.862916 0.903347 0.664305 0.563524 0.849253 0.850037 0.678727 0.537582 0.639672 0.657502 0.845787 0.743467 0.614625 0.574276 0.582463 0.563189 0.708746 0.897384 0.696325 0.687315 0.566716 0.609967 0.709837 0.936584 0.655692 0.569391 0.726556 0.703371 0.588448 0.579005 0.817340 0.804092 0.545898 0.000000 0.745336 0.785774 0.597945 0.633686 0.972448 0.870736 0.935003 0.943866 0.717500 0.834186 0.955831 0.831641 0.860283 0.805740 0.905608 0.917225 0.615377 0.666221 0.510697 0.478703 0.677542 0.615374 0.552351 0.503288 0.525869 0.454318 0.603553 0.554931 0.806467 0.775720 0.579569 0.434488 0.954962 0.871471 0.840977 0.922396 0.782712 0.927291 0.898356 0.908837 0.683203 0.741532 0.583060 0.688823 0.590435 0.569162 0.618588 0.558099 0.836541 0.773234 0.587978 0.540904 0.549078 0.518890 0.574312 0.424126 0.925263 0.941827 0.996896 0.920448 0.849961 0.917171 0.942066 0.796351 0.935607 0.976969 0.907345 0.855091 0.861768 0.892662 0.970150 0.835873 0.948131 0.912347 0.858920 0.997540 0.775051 0.668271
