0.000000 0.523907 0.695476 0.657653 0.823309 0.852652 0.664014 0.573255 0.926488 0.737544 0.570645 0.628059 0.821971 0.910876 0.902167 0.868840 0.494176 0.435831 0.604761 0.586355 0.701943 0.989979 0.770988 0.629453 0.934574 0.806529 0.921088 0.851069 0.835946 0.857906 0.945576 0.815444 0.566129 0.579211 0.673114 0.927811 0.781748 0.880935 0.888812 0.857241 0.631537 0.837926 0.745843 0.747282 0.797110 0.639384 0.519970 0.661677 0.731087 0.856582 0.849584 0.955514 0.966126 0.931593 0.643512 0.561530 0.418785 0.537746 0.454570 0.637281 0.549074 0.605728 0.569582 0.527041 0.868092 0.686827 0.630844 0.660473 0.746945 0.649503 0.909413 0.926728 0.982049 0.869515 0.977709 0.969900 0.891740 0.784110 0.578580 0.958688 0.467736 0.510238 0.937420 0.688282 0.845438 0.764849 0.814066 0.812341 0.728529 0.564176 0.857856 0.919209 0.873240 0.993656 0.799587 0.779773 0.683659 0.830310 0.629115 0.720978 0.868264 0.913661 0.617003 0.668523 0.981369 0.703720 0.939035 0.821636 0.897051 0.932874 0.977892 0.728260 0.837312 0.892941 0.996298 0.972336
0.523907 0.000000 0.796473 0.713137 0.751637 0.803850 0.918431 0.741391 0.967973 0.999508 0.832454 0.703671 0.740971 0.674661 0.885916 0.855767 0.646763 0.635844 0.646886 0.647044 0.784805 0.858103 0.902973 0.901494 0.843474 0.746567 0.975434 0.850307 0.935673 0.909370 0.931493 0.906157 0.667216 0.804720 0.797427 0.912915 0.791111 0.891857 0.969586 0.992652 0.745900 0.800776 0.668725 0.623709 0.787936 0.672520 0.669467 0.653280 0.668280 0.703416 0.749941 0.801691 0.804477 0.831929 0.723979 0.800489 0.510207 0.499959 0.608327 0.658111 0.814838 0.766229 0.880861 0.810594 0.819633 0.718446 0.853999 0.750252 0.711432 0.570957 0.769861 0.818215 0.854686 0.987343 0.944504 0.866484 0.762257 0.696103 0.693374 0.929262 0.711785 0.758233 0.907430 0.851727 0.991284 0.808032 0.925316 0.829178 0.835168 0.694374 0.898839 0.968435 0.892526 0.965127 0.838949 0.858132 0.705452 0.882778 0.725641 0.729787 0.918882 0.891117 0.704180 0.694566 0.895222 0.748586 0.899607 0.771436 0.925394 0.816911 0.994094 0.764134 0.723269 0.822548 0.813350 0.966076
0.695476 0.796473 0.000000 0.412007 0.940026 0.943092 0.444588 0.782417 0.630250 0.989783 0.888053 0.904187 0.900738 0.893806 0.977813 0.762810 0.895226 0.753257 0.810101 0.845728 0.716997 0.844569 0.850640 0.981687 0.626490 0.642231 0.768437 0.808885 0.891419 0.810240 0.821233 0.928825 0.579383 0.822965 0.580859 0.844038 0.734519 0.854811 0.804703 0.853039 0.697351 0.729781 0.713426 0.700159 0.742401 0.749671 0.811656 0.788491 0.912454 0.838859 0.751009 0.813194 0.802680 0.694063 0.895389 0.747095 0.704507 0.804313 0.778093 0.981629 0.736721 0.944691 0.902929 0.978837 0.430032 0.837573 0.440790 0.676262 0.795066 0.736051 0.794028 0.796155 0.983134 0.909828 0.874066 0.885690 0.727509 0.815584 0.728109 0.970681 0.728810 0.735967 0.937366 0.788968 0.603964 0.554699 0.975605 0.884637 0.774646 0.710260 0.542484 0.592759 0.471977 0.549334 0.746997 0.697001 0.656842 0.814631 0.671947 0.672581 0.972592 0.840088 0.738576 0.734476 0.770041 0.663603 0.984538 0.713331 0.993488 0.878408 0.782332 0.722064 0.850555 0.927562 0.913033 0.926552
0.657653 0.713137 0.412007 0.000000 0.969781 0.773333 0.519795 0.614215 0.726158 0.957148 0.887070 0.922399 0.866471 0.998633 0.861044 0.846706 0.957693 0.765507 0.834845 0.880991 0.726773 0.808176 0.955737 0.956271 0.689212 0.656774 0.881681 0.826802 0.809038 0.826743 0.887130 0.862749 0.657407 0.791325 0.636832 0.832040 0.843180 0.915695 0.750664 0.761041 0.698159 0.804824 0.596571 0.603322 0.732252 0.733894 0.709361 0.681622 0.882682 0.897723 0.740180 0.865388 0.856886 0.806204 0.894112 0.754629 0.770899 0.834763 0.745868 0.812250 0.707018 0.877448 0.968484 0.978309 0.469576 0.620452 0.452371 0.539366 0.929545 0.743018 0.663815 0.740263 0.954859 0.942728 0.911914 0.936188 0.644454 0.792802 0.773449 0.982662 0.766624 0.790455 0.878775 0.963543 0.786529 0.610172 0.914835 0.723703 0.865782 0.663091 0.569111 0.657093 0.470451 0.564978 0.732741 0.694656 0.619770 0.753907 0.607637 0.664354 0.865852 0.799663 0.737657 0.599420 0.738690 0.654855 0.959878 0.738641 0.926428 0.876853 0.791606 0.750601 0.910977 0.803782 0.883416 0.880717
0.823309 0.751637 0.940026 0.969781 0.000000 0.932710 0.812054 0.963646 0.664451 0.829136 0.921803 0.909423 0.912916 0.989776 0.784626 0.907902 0.936870 0.977296 0.946876 0.914253 0.830347 0.940552 0.606482 0.704324 0.879196 0.808876 0.881491 0.742174 0.818143 0.812095 0.870521 0.807137 0.964864 0.984397 0.961250 0.992506 0.914502 0.707642 0.988859 0.965376 0.825391 0.828339 0.693625 0.700427 0.934820 0.885412 0.788117 0.798890 0.838278 0.880383 0.916036 0.981619 0.912673 0.907556 0.918826 0.967257 0.884051 0.993971 0.807310 0.918781 0.821869 0.943720 0.897020 0.950067 0.845560 0.934634 0.953418 0.886086 0.769873 0.845318 0.931525 0.981120 0.832777 0.777915 0.928028 0.908828 0.968914 0.773229 0.967625 0.954099 0.983831 0.905559 0.693652 0.817227 0.676103 0.732192 0.837390 0.746441 0.965096 0.992850 0.920874 0.997860 0.970847 0.949794 0.996499 0.906926 0.972923 0.782480 0.976602 0.936869 0.967240 0.813604 0.756874 0.803118 0.927151 0.806254 0.939467 0.881490 0.861125 0.966247 0.987898 0.990026 0.945917 0.921732 0.979281 0.891675
0.852652 0.803850 0.943092 0.773333 0.932710 0.000000 0.989427 0.743921 0.999525 0.876262 0.910139 0.730135 0.839973 0.789345 0.964934 0.786875 0.993722 0.932825 0.928488 0.938637 0.988942 0.821813 0.881473 0.892524 0.982697 0.942654 0.938088 0.840751 0.907401 0.991307 0.960699 0.875699 0.990325 0.971573 0.901686 0.993506 0.930310 0.892236 0.882650 0.838748 0.913537 0.881139 0.967901 0.969453 0.944183 0.987976 0.911367 0.942824 0.954800 0.909927 0.942880 0.887825 0.969266 0.882603 0.879126 0.922100 0.982050 0.925165 0.901252 0.765066 0.841529 0.705975 0.979507 0.986415 0.961054 0.654969 0.972485 0.842578 0.887517 0.975010 0.746632 0.810581 0.997337 0.973632 0.979224 0.893011 0.866745 0.851673 0.979126 0.938757 0.962738 0.989263 0.699278 0.832955 0.795881 0.995125 0.933008 0.768545 0.976739 0.949289 0.999662 0.921961 0.885121 0.966810 0.921899 0.958304 0.899390 0.868668 0.890295 0.953439 0.857486 0.921968 0.958400 0.875815 0.837500 0.884770 0.961391 0.938178 0.961637 0.938287 0.857358 0.969164 0.993338 0.913911 0.739293 0.832806
0.664014 0.918431 0.444588 0.519795 0.812054 0.989427 0.000000 0.509342 0.599262 0.587219 0.723518 0.878276 0.869888 0.841035 0.820615 0.724472 0.745302 0.627270 0.693855 0.827191 0.933724 0.994980 0.859143 0.952815 0.987906 0.974000 0.991583 0.929295 0.866215 0.874184 0.819678 0.980964 0.513381 0.553023 0.636917 0.877989 0.996774 0.897664 0.951025 0.935583 0.708518 0.881497 0.853492 0.852975 0.605316 0.615829 0.842905 0.791560 0.888795 0.998817 0.984127 0.894793 0.924503 0.993443 0.820548 0.711873 0.830141 0.981885 0.855443 0.985060 0.433369 0.720851 0.563006 0.651519 0.656959 0.767828 0.474838 0.614444 0.973378 0.903434 0.947296 0.931592 0.994310 0.978611 0.839742 0.891490 0.882206 0.960351 0.746133 0.830661 0.548151 0.566120 0.905405 0.697753 0.552269 0.599724 0.859628 0.959929 0.879275 0.794930 0.516527 0.741576 0.536454 0.763224 0.698618 0.773572 0.715060 0.869695 0.525579 0.646780 0.919982 0.978601 0.768071 0.712816 0.900063 0.785048 0.791993 0.889044 0.890797 0.952345 0.743226 0.681904 0.855901 0.879645 0.873793 0.877113
0.573255 0.741391 0.782417 0.614215 0.963646 0.743921 0.509342 0.000000 0.802282 0.460196 0.514798 0.452228 0.806107 0.921660 0.693898 0.902884 0.633599 0.590231 0.728133 0.777741 0.984921 0.948389 0.823762 0.743623 0.755634 0.852806 0.827072 0.821954 0.778142 0.674895 0.967671 0.891734 0.678693 0.445914 0.798011 0.938067 0.889871 0.746395 0.884749 0.840689 0.753269 0.992277 0.846499 0.843112 0.675622 0.637287 0.755627 0.734241 0.795334 0.847008 0.844521 0.665477 0.709597 0.672368 0.715331 0.748265 0.862900 0.919517 0.727558 0.778245 0.373852 0.387706 0.538751 0.490079 0.948736 0.576584 0.686300 0.554575 0.835584 0.860821 0.887043 0.946166 0.989688 0.980624 0.869944 0.965886 0.829740 0.866475 0.787944 0.813776 0.608459 0.658475 0.859213 0.795230 0.974396 0.837153 0.755107 0.738490 0.960005 0.735573 0.810494 0.901410 0.813619 0.904436 0.723302 0.936811 0.790772 0.848387 0.557820 0.758644 0.736258 0.917807 0.737970 0.734908 0.967969 0.857677 0.757508 0.950104 0.826338 0.957373 0.797045 0.759850 0.890299 0.757397 0.886110 0.867596
0.926488 0.967973 0.630250 0.726158 0.664451 0.999525 0.599262 0.802282 0.000000 0.828604 0.902864 0.971019 0.743120 0.969612 0.860879 0.964982 0.927658 0.842424 0.830968 0.870978 0.961446 0.976698 0.685257 0.800821 0.929805 0.951473 0.821378 0.970741 0.876946 0.943914 0.844704 0.907320 0.785318 0.861921 0.792028 0.957101 0.972750 0.870310 0.937264 0.975007 0.839611 0.971047 0.902859 0.910688 0.948878 0.943823 0.987700 0.935390 0.916196 0.954395 0.980624 0.925280 0.839840 0.741599 0.951142 0.797643 0.963466 0.931788 0.918532 0.957229 0.703460 0.892497 0.843749 0.913764 0.614399 0.812115 0.800896 0.959185 0.981105 0.952055 0.935171 0.911189 0.818644 0.910132 0.991768 0.952783 0.839503 0.976021 0.724456 0.961610 0.825218 0.834961 0.775742 0.810208 0.616277 0.551709 0.988946 0.960413 0.933310 0.825679 0.656461 0.725176 0.735458 0.761692 0.945245 0.819503 0.828821 0.993192 0.826682 0.734074 0.884671 0.905914 0.915513 0.893683 0.777409 0.924319 0.898465 0.973104 0.952799 0.965727 0.757837 0.811519 0.862526 0.888796 0.915474 0.920727
0.737544 0.999508 0.989783 0.957148 0.829136 0.876262 0.587219 0.460196 0.828604 0.000000 0.560821 0.602043 0.974249 0.988414 0.743491 0.875260 0.643286 0.630352 0.694673 0.790394 0.900908 0.826796 0.948990 0.788144 0.550449 0.612785 0.796822 0.651359 0.639413 0.571912 0.975136 0.964881 0.778109 0.531578 0.861911 0.913669 0.744402 0.683011 0.892960 0.967244 0.881667 0.924017 0.822546 0.861151 0.732574 0.719869 0.854072 0.916516 0.820724 0.852151 0.741341 0.644850 0.666195 0.608326 0.772508 0.787311 0.992408 0.956521 0.864224 0.878837 0.455099 0.478802 0.412445 0.405043 0.796585 0.846760 0.826914 0.752657 0.777270 0.979808 0.895612 0.787550 0.948081 0.949156 0.914072 0.898248 0.879753 0.835670 0.845172 0.744902 0.593970 0.628388 0.983379 0.698744 0.866605 0.969159 0.772602 0.971819 0.919074 0.857284 0.849030 0.850084 0.977280 0.767319 0.833477 0.988501 0.978513 0.942335 0.683189 0.780192 0.855403 0.803566 0.795709 0.859257 0.925220 0.931405 0.626422 0.782037 0.903405 0.972099 0.957923 0.819571 0.931636 0.921726 0.759559 0.744576
0.570645 0.832454 0.888053 0.887070 0.921803 0.910139 0.723518 0.514798 0.902864 0.560821 0.000000 0.464828 0.818360 0.991783 0.650549 0.827500 0.574151 0.637864 0.826993 0.769929 0.926927 0.823949 0.591884 0.545384 0.798696 0.889079 0.787423 0.919380 0.792326 0.788485 0.809084 0.758076 0.787157 0.509526 0.795333 0.995395 0.921736 0.900985 0.964492 0.859587 0.745864 0.856856 0.963968 0.961700 0.873695 0.748502 0.755528 0.905501 0.864530 0.843258 0.728122 0.640239 0.599329 0.581619 0.707798 0.669394 0.828309 0.872440 0.694371 0.805620 0.530858 0.510562 0.561680 0.484851 0.823264 0.821319 0.793477 0.783766 0.932982 0.704816 0.815230 0.835837 0.826779 0.889260 0.872561 0.905518 0.946136 0.911287 0.728913 0.866380 0.643137 0.731935 0.878942 0.772060 0.887902 0.926350 0.764789 0.707501 0.920748 0.796116 0.902498 0.772471 0.956545 0.829089 0.827470 0.942790 0.816281 0.837291 0.755848 0.895392 0.809797 0.918242 0.657528 0.834766 0.859033 0.896878 0.756409 0.930975 0.844147 0.927751 0.993833 0.836197 0.905654 0.861700 0.896422 0.994901
0.628059 0.703671 0.904187 0.922399 0.909423 0.730135 0.878276 0.452228 0.971019 0.602043 0.464828 0.000000 0.668094 0.690304 0.819099 0.862844 0.640457 0.673381 0.675591 0.734537 0.932360 0.828727 0.653119 0.725850 0.667380 0.742280 0.824472 0.831891 0.760957 0.668457 0.741938 0.848433 0.902657 0.572778 0.956402 0.991227 0.898483 0.727899 0.936320 0.942036 0.864377 0.958856 0.910449 0.902406 0.879218 0.765968 0.745654 0.847586 0.877198 0.815134 0.770191 0.650887 0.676995 0.608883 0.675937 0.800852 0.863594 0.863508 0.764635 0.776765 0.536249 0.415323 0.600630 0.527847 0.779542 0.682333 0.989259 0.830043 0.962405 0.757005 0.913074 0.877390 0.972239 0.996962 0.878862 0.983197 0.860237 0.796503 0.819625 0.847418 0.723617 0.789168 0.822592 0.894345 0.767400 0.928982 0.767087 0.711030 0.974746 0.891152 0.915189 0.685191 0.903675 0.676507 0.870957 0.853832 0.881548 0.943351 0.785794 0.986330 0.736074 0.827231 0.778764 0.915904 0.864615 0.982078 0.820458 0.891528 0.859823 0.973089 0.993080 0.904629 0.890068 0.869031 0.886059 0.901773
0.821971 0.740971 0.900738 0.866471 0.912916 0.839973 0.869888 0.806107 0.743120 0.974249 0.818360 0.668094 0.000000 0.541092 0.723444 0.590032 0.874609 0.860591 0.703498 0.893897 0.914414 0.974261 0.944218 0.906141 0.916618 0.946881 0.941909 0.896952 0.846048 0.913677 0.972579 0.979777 0.922383 0.830387 0.942464 0.993041 0.941134 0.880119 0.995526 0.907229 0.844831 0.966013 0.923335 0.892771 0.974125 0.875105 0.900806 0.972912 0.925358 0.938503 0.914374 0.916729 0.906444 0.806531 0.866113 0.863441 0.890149 0.890489 0.877414 0.865596 0.717983 0.806264 0.875911 0.898761 0.919951 0.864421 0.954618 0.849125 0.773334 0.799425 0.947618 0.891040 0.874161 0.968922 0.967845 0.840815 0.760717 0.704139 0.852002 0.916817 0.907713 0.994748 0.962668 0.999084 0.997317 0.854542 0.964311 0.894320 0.950219 0.885796 0.831602 0.963688 0.822865 0.972969 0.951862 0.971859 0.829618 0.950117 0.831004 0.959670 0.908708 0.956994 0.860241 0.931316 0.886335 0.948489 0.868806 0.934165 0.967300 0.927078 0.913239 0.924202 0.870039 0.762942 0.969401 0.993199
0.910876 0.674661 0.893806 0.998633 0.989776 0.789345 0.841035 0.921660 0.969612 0.988414 0.991783 0.690304 0.541092 0.000000 0.653012 0.537910 0.980659 0.912027 0.653331 0.788800 0.942678 0.989425 0.957563 0.860895 0.910822 0.967737 0.849722 0.960355 0.821446 0.823393 0.994890 0.802764 0.907715 0.987529 0.999858 0.943456 0.816771 0.805845 0.986641 0.901585 0.898461 0.892925 0.883406 0.858196 0.981418 0.905743 0.844402 0.874795 0.901932 0.978247 0.993292 0.997390 0.791025 0.844864 0.915262 0.886341 0.917198 0.880702 0.903620 0.996708 0.979197 0.900391 0.999413 0.988480 0.955386 0.933477 0.782789 0.845260 0.852182 0.832922 0.821740 0.795145 0.861407 0.913743 0.932701 0.807138 0.661225 0.776602 0.877870 0.984215 0.986106 0.930742 0.981077 0.947258 0.847716 0.984340 0.944899 0.975206 0.935195 0.996946 0.948693 0.948131 0.963665 0.913397 0.965149 0.962946 0.969687 0.902207 0.992486 0.951686 0.912004 0.921570 0.941410 0.984231 0.984709 0.923693 0.886141 0.989121 0.832096 0.912453 0.979779 0.915257 0.885832 0.961537 0.949039 0.974367
0.902167 0.885916 0.977813 0.861044 0.784626 0.964934 0.820615 0.693898 0.860879 0.743491 0.650549 0.819099 0.723444 0.653012 0.000000 0.544397 0.916042 0.989390 0.844606 0.889681 0.959969 0.930719 0.548482 0.610474 0.921239 0.923040 0.676831 0.937391 0.841148 0.950487 0.737056 0.723457 0.989969 0.784476 0.961775 0.963416 0.935635 0.968518 0.989928 0.865918 0.889515 0.910229 0.852662 0.883621 0.832832 0.856986 0.970136 0.948067 0.901308 0.849512 0.900586 0.738744 0.557921 0.542707 0.847783 0.910687 0.912039 0.809618 0.767165 0.821051 0.833109 0.767453 0.890143 0.814894 0.817505 0.870583 0.732229 0.675724 0.853719 0.944207 0.870970 0.814111 0.791044 0.858370 0.873880 0.875755 0.941396 0.951338 0.937853 0.969588 0.964761 0.981635 0.712371 0.890437 0.772646 0.770557 0.769311 0.731428 0.994721 0.946114 0.922591 0.952173 0.884536 0.962858 0.886593 0.978267 0.883186 0.769458 0.852187 0.874950 0.719862 0.944229 0.788689 0.832580 0.922206 0.897398 0.755046 0.961538 0.966056 0.948695 0.835139 0.949199 0.932797 0.832063 0.933438 0.946523
0.868840 0.855767 0.762810 0.846706 0.907902 0.786875 0.724472 0.902884 0.964982 0.875260 0.827500 0.862844 0.590032 0.537910 0.544397 0.000000 0.894829 0.899218 0.906143 0.986597 0.908143 0.961055 0.772335 0.675753 0.909861 0.930640 0.832207 0.986313 0.924306 0.884324 0.918931 0.757902 0.912985 0.889389 0.776856 0.996848 0.923084 0.899751 0.973007 0.869468 0.932644 0.781976 0.904007 0.912836 0.795941 0.836526 0.937757 0.889569 0.824023 0.959948 0.977750 0.969372 0.747052 0.770097 0.943152 0.782303 0.935284 0.914790 0.758675 0.933913 0.929290 0.989518 0.840920 0.843383 0.986883 0.934331 0.708748 0.779913 0.988523 0.975243 0.832072 0.840989 0.747126 0.805172 0.900196 0.796298 0.855028 0.802529 0.999826 0.934592 0.789989 0.773582 0.958400 0.874112 0.898460 0.952789 0.831076 0.887676 0.882831 0.787942 0.861193 0.931524 0.850950 0.875841 0.896965 0.809339 0.878735 0.831098 0.881940 0.818994 0.915932 0.956287 0.871119 0.858591 0.937645 0.826118 0.815876 0.917858 0.949906 0.989602 0.889383 0.845850 0.818070 0.917691 0.899260 0.997566
0.494176 0.646763 0.895226 0.957693 0.936870 0.993722 0.745302 0.633599 0.927658 0.643286 0.574151 0.640457 0.874609 0.980659 0.916042 0.894829 0.000000 0.456769 0.704097 0.590929 0.951610 0.911370 0.865795 0.742039 0.853754 0.935062 0.872423 0.923640 0.659301 0.691409 0.963727 0.913820 0.664694 0.635505 0.783529 0.963978 0.819725 0.909478 0.875379 0.962746 0.859389 0.936710 0.991996 0.931228 0.860630 0.779926 0.745794 0.793754 0.809883 0.950344 0.960753 0.940674 0.858042 0.822606 0.610932 0.664603 0.558230 0.611087 0.566075 0.682507 0.541634 0.546906 0.494892 0.440433 0.982020 0.738523 0.829543 0.788805 0.882442 0.715550 0.909956 0.758376 0.974462 0.966418 0.904585 0.965478 0.967606 0.968775 0.704319 0.921530 0.470422 0.517430 0.953049 0.580230 0.808841 0.834595 0.854174 0.968145 0.770571 0.703206 0.994150 0.758941 0.912841 0.776535 0.840616 0.853389 0.786866 0.958394 0.741271 0.831917 0.932923 0.828653 0.687174 0.820230 0.930489 0.864776 0.835949 0.959582 0.979862 0.928461 0.997061 0.828315 0.844993 0.954777 0.993162 0.899634
0.435831 0.635844 0.753257 0.765507 0.977296 0.932825 0.627270 0.590231 0.842424 0.630352 0.637864 0.673381 0.860591 0.912027 0.989390 0.899218 0.456769 0.000000 0.607608 0.582651 0.857533 0.943269 0.966754 0.762915 0.984981 0.969693 0.948963 0.967203 0.618673 0.617798 0.860385 0.987107 0.591338 0.559895 0.729747 0.822792 0.824157 0.920450 0.958260 0.928744 0.751061 0.865323 0.882500 0.864032 0.761111 0.692511 0.557247 0.664072 0.699455 0.870235 0.933229 0.999361 0.993778 0.914203 0.570384 0.553106 0.478059 0.616219 0.557878 0.698106 0.513641 0.588047 0.431198 0.438732 0.884339 0.762045 0.730803 0.702123 0.931671 0.728105 0.988091 0.843880 0.969791 0.887905 0.932095 0.975827 0.989131 0.962824 0.647629 0.950932 0.347480 0.396068 0.841264 0.494575 0.682815 0.689498 0.928409 0.986692 0.746340 0.596414 0.948093 0.797219 0.993783 0.825095 0.780703 0.830516 0.845654 0.973947 0.696762 0.756759 0.970215 0.825499 0.745522 0.814218 0.951636 0.755348 0.840923 0.949866 0.906444 0.929299 0.996473 0.772261 0.807202 0.966365 0.980367 0.821690
0.604761 0.646886 0.810101 0.834845 0.946876 0.928488 0.693855 0.728133 0.830968 0.694673 0.826993 0.675591 0.703498 0.653331 0.844606 0.906143 0.704097 0.607608 0.000000 0.648426 0.989459 0.945318 0.879682 0.942128 0.914664 0.972003 0.961092 0.990591 0.688199 0.713606 0.850824 0.798450 0.655131 0.688936 0.778539 0.887791 0.919078 0.826834 0.930793 0.819890 0.832301 0.975296 0.933918 0.871191 0.790380 0.693049 0.724459 0.767655 0.823544 0.911397 0.978263 0.981241 0.917559 0.907792 0.725025 0.709113 0.687335 0.745223 0.887865 0.920535 0.608232 0.735382 0.565711 0.647369 0.901199 0.840847 0.933200 0.918721 0.855131 0.793357 0.921101 0.897043 0.812182 0.910760 0.945215 0.952153 0.854701 0.836836 0.662673 0.955689 0.580966 0.600711 0.826918 0.744230 0.694318 0.724262 0.903599 0.901840 0.901904 0.823699 0.846123 0.991891 0.893101 0.957139 0.851502 0.959809 0.778693 0.905539 0.750797 0.707296 0.986443 0.772968 0.797967 0.899930 0.983109 0.838179 0.861258 0.933498 0.931043 0.923103 0.991865 0.763507 0.793088 0.966455 0.911502 0.706474
0.586355 0.647044 0.845728 0.880991 0.914253 0.938637 0.827191 0.777741 0.870978 0.790394 0.769929 0.734537 0.893897 0.788800 0.889681 0.986597 0.590929 0.582651 0.648426 0.000000 0.804171 0.925143 0.993999 0.905333 0.956643 0.969020 0.930303 0.849508 0.759133 0.795385 0.810359 0.984245 0.728458 0.791655 0.760108 0.996862 0.829346 0.973198 0.988639 0.976439 0.883859 0.936290 0.856394 0.850325 0.793043 0.682032 0.669458 0.641355 0.665069 0.697591 0.774410 0.780700 0.835223 0.946647 0.805563 0.694842 0.597540 0.558434 0.599339 0.631948 0.748587 0.745239 0.709711 0.660133 0.931068 0.807426 0.857960 0.816194 0.847921 0.757923 0.941864 0.966404 0.865831 0.952927 0.997256 0.973313 0.883902 0.985338 0.628359 0.983616 0.629370 0.646281 0.780064 0.667934 0.817343 0.786437 0.922705 0.995437 0.808281 0.647014 0.925744 0.949839 0.988992 0.942561 0.940546 0.938121 0.781069 0.855241 0.729043 0.791614 0.823823 0.850676 0.718110 0.815462 0.964170 0.871938 0.937796 0.935747 0.905931 0.982475 0.910468 0.769408 0.768269 0.966995 0.997474 0.873364
0.701943 0.784805 0.716997 0.726773 0.830347 0.988942 0.933724 0.984921 0.961446 0.900908 0.926927 0.932360 0.914414 0.942678 0.959969 0.908143 0.951610 0.857533 0.989459 0.804171 0.000000 0.908429 0.855863 0.767738 0.713612 0.658271 0.997485 0.779779 0.791704 0.716003 0.960739 0.861864 0.808060 0.958528 0.729409 0.978698 0.719155 0.780668 0.813303 0.922044 0.853356 0.899130 0.676277 0.729133 0.984333 0.908147 0.760118 0.833404 0.905310 0.805914 0.718578 0.782740 0.892199 0.886049 0.974625 0.963102 0.655281 0.735485 0.658140 0.830980 0.976684 0.898364 0.917447 0.931054 0.796552 0.917273 0.724516 0.832339 0.701984 0.734919 0.878661 0.825340 0.970958 0.762677 0.931888 0.974368 0.901550 0.902790 0.882192 0.904811 0.955975 0.946496 0.849455 0.996951 0.995502 0.971469 0.939303 0.816340 0.855114 0.708535 0.826800 0.835695 0.843733 0.780016 0.926072 0.745887 0.794506 0.896381 0.945517 0.854861 0.940319 0.853872 0.711869 0.759877 0.927040 0.796511 0.864391 0.797765 0.941742 0.857864 0.938798 0.813539 0.912345 0.969328 0.884158 0.748024
0.989979 0.858103 0.844569 0.808176 0.940552 0.821813 0.994980 0.948389 0.976698 0.826796 0.823949 0.828727 0.974261 0.989425 0.930719 0.961055 0.911370 0.943269 0.945318 0.925143 0.908429 0.000000 0.950663 0.941695 0.890518 0.778119 0.915442 0.708466 0.793659 0.805834 0.914913 0.844785 0.982764 0.940253 0.925009 0.903538 0.813911 0.819253 0.979910 0.854379 0.941064 0.815303 0.921961 0.925013 0.919506 0.924003 0.952023 0.961833 0.968979 0.848035 0.743602 0.755459 0.771922 0.781801 0.927183 0.966600 0.983359 0.911609 0.889055 0.816095 0.897353 0.919116 0.798371 0.816045 0.768717 0.839003 0.840730 0.902906 0.878704 0.980697 0.756435 0.745188 0.922881 0.957534 0.874753 0.942950 0.921874 0.897153 0.992572 0.958637 0.965982 0.923862 0.786650 0.885270 0.996780 0.866640 0.948494 0.956011 0.842041 0.932113 0.878716 0.872028 0.800778 0.746554 0.931405 0.971569 0.994430 0.925617 0.880007 0.831793 0.947871 0.727181 0.970901 0.902141 0.703729 0.775091 0.847277 0.775560 0.971613 0.959417 0.959562 0.871341 0.936806 0.920264 0.770383 0.879432
0.770988 0.902973 0.850640 0.955737 0.606482 0.881473 0.859143 0.823762 0.685257 0.948990 0.591884 0.653119 0.944218 0.957563 0.548482 0.772335 0.865795 0.966754 0.879682 0.993999 0.855863 0.950663 0.000000 0.408167 0.881154 0.977024 0.758390 0.907241 0.924081 0.905882 0.554056 0.558246 0.873312 0.884685 0.920133 0.882056 0.924996 0.946507 0.889032 0.871710 0.898557 0.887468 0.814508 0.809971 0.999778 0.911136 0.851986 0.902711 0.882102 0.896553 0.865538 0.754356 0.622436 0.539610 0.862505 0.909646 0.928319 0.946953 0.655504 0.775840 0.983545 0.787250 0.941089 0.821599 0.612100 0.994684 0.989277 0.951152 0.837331 0.831883 0.834880 0.848384 0.633585 0.705320 0.893975 0.990996 0.946988 0.905145 0.964608 0.962456 0.993739 0.895334 0.610627 0.825412 0.463540 0.580112 0.716613 0.545198 0.961608 0.976311 0.849359 0.717731 0.897032 0.855283 0.968866 0.960228 0.956308 0.726550 0.948704 0.919645 0.740486 0.998334 0.702817 0.832861 0.847482 0.944874 0.959280 0.978732 0.972311 0.954614 0.948461 0.957576 0.965666 0.939891 0.985894 0.827725
0.629453 0.901494 0.981687 0.956271 0.704324 0.892524 0.952815 0.743623 0.800821 0.788144 0.545384 0.725850 0.906141 0.860895 0.610474 0.675753 0.742039 0.762915 0.942128 0.905333 0.767738 0.941695 0.408167 0.000000 0.873358 0.969616 0.719142 0.971807 0.977542 0.996820 0.677074 0.551291 0.986652 0.757650 0.945707 0.936373 0.830537 0.940849 0.914449 0.838744 0.805981 0.894975 0.870540 0.877560 0.908227 0.829232 0.759840 0.820702 0.779542 0.963786 0.882888 0.778564 0.683063 0.569588 0.836353 0.812032 0.803399 0.860398 0.569230 0.791529 0.854585 0.774309 0.750129 0.647363 0.698148 0.922469 0.851213 0.891352 0.827076 0.776769 0.852219 0.878704 0.586670 0.665215 0.996167 0.888223 0.960660 0.956057 0.935188 0.888373 0.766978 0.874211 0.803898 0.895281 0.700749 0.709034 0.749132 0.648846 0.893736 0.844516 0.981868 0.765938 0.970111 0.860381 0.992108 0.889720 0.926196 0.807368 0.826876 0.923936 0.811767 0.992939 0.633744 0.770257 0.873573 0.863768 0.850601 0.927595 0.954693 0.946678 0.960140 0.834984 0.974355 0.948634 0.924220 0.912261
0.934574 0.843474 0.626490 0.689212 0.879196 0.982697 0.987906 0.755634 0.929805 0.550449 0.798696 0.667380 0.916618 0.910822 0.921239 0.909861 0.853754 0.984981 0.914664 0.956643 0.713612 0.890518 0.881154 0.873358 0.000000 0.411271 0.768801 0.607856 0.669564 0.648332 0.815644 0.994169 0.840721 0.786795 0.849025 0.809125 0.689005 0.669377 0.771419 0.839297 0.899174 0.747106 0.619115 0.616819 0.966714 0.963408 0.854232 0.920201 0.957366 0.733195 0.625823 0.611005 0.648824 0.598048 0.993767 0.913227 0.695302 0.820493 0.906456 0.985132 0.738470 0.620408 0.680483 0.616367 0.552371 0.960126 0.752214 0.873533 0.815223 0.811810 0.754019 0.751545 0.947462 0.899940 0.940630 0.956063 0.769627 0.810702 0.832836 0.770294 0.962411 0.957453 0.943257 0.938624 0.828837 0.792936 0.851508 0.970534 0.767404 0.825633 0.833854 0.659606 0.740160 0.579499 0.914270 0.716779 0.793993 0.811053 0.968937 0.879931 0.990812 0.780155 0.995490 0.909644 0.800296 0.820560 0.841357 0.685316 0.923653 0.876204 0.899805 0.970243 0.938111 0.953049 0.693245 0.695591
0.806529 0.746567 0.642231 0.656774 0.808876 0.942654 0.974000 0.852806 0.951473 0.612785 0.889079 0.742280 0.946881 0.967737 0.923040 0.930640 0.935062 0.969693 0.972003 0.969020 0.658271 0.778119 0.977024 0.969616 0.411271 0.000000 0.819254 0.621487 0.697240 0.633259 0.807485 0.924545 0.833822 0.866088 0.857717 0.794603 0.628056 0.631356 0.725475 0.829354 0.866566 0.761723 0.602297 0.634681 0.911485 0.966194 0.857225 0.820526 0.954190 0.748686 0.657085 0.649459 0.745248 0.663324 0.916999 0.876574 0.711794 0.739584 0.839215 0.867110 0.822484 0.762570 0.720452 0.715698 0.565508 0.883567 0.736369 0.851461 0.753479 0.852428 0.789361 0.826661 0.965199 0.846984 0.995934 0.964543 0.731919 0.724937 0.813411 0.729156 0.987275 0.973536 0.990653 0.995847 0.896167 0.780508 0.900363 0.902309 0.672841 0.747951 0.831510 0.741906 0.752702 0.605458 0.866850 0.728570 0.789484 0.730877 0.955797 0.911910 0.992370 0.754569 0.873134 0.800306 0.855311 0.774388 0.785287 0.697020 0.913998 0.905711 0.967339 0.906956 0.922304 0.996977 0.699014 0.734378
0.921088 0.975434 0.768437 0.881681 0.881491 0.938088 0.991583 0.827072 0.821378 0.796822 0.787423 0.824472 0.941909 0.849722 0.676831 0.832207 0.872423 0.948963 0.961092 0.930303 0.997485 0.915442 0.758390 0.719142 0.768801 0.819254 0.000000 0.754976 0.971116 0.981239 0.883876 0.843594 0.984013 0.774086 0.992185 0.903349 0.908220 0.992148 0.932972 0.998141 0.995103 0.924318 0.876997 0.949701 0.797925 0.778664 0.959748 0.900821 0.808621 0.944021 0.925103 0.848396 0.708882 0.715816 0.974624 0.936393 0.963820 0.903427 0.922286 0.901164 0.927057 0.804716 0.916020 0.828346 0.710510 0.973678 0.961017 0.807206 0.964269 0.997612 0.902310 0.820269 0.945799 0.979667 0.948750 0.967349 0.864295 0.958071 0.973800 0.923374 0.988293 0.961758 0.829824 0.917372 0.853128 0.803335 0.850473 0.951862 0.949225 0.940497 0.923043 0.913604 0.981970 0.878322 0.919955 0.983898 0.925978 0.973476 0.892311 0.893225 0.851274 0.981247 0.909887 0.948275 0.668956 0.934687 0.896769 0.920628 0.911936 0.945929 0.891238 0.955172 0.942757 0.867392 0.772658 0.945656
0.851069 0.850307 0.808885 0.826802 0.742174 0.840751 0.929295 0.821954 0.970741 0.651359 0.919380 0.831891 0.896952 0.960355 0.937391 0.986313 0.923640 0.967203 0.990591 0.849508 0.779779 0.708466 0.907241 0.971807 0.607856 0.621487 0.754976 0.000000 0.834989 0.755921 0.958817 0.864631 0.957667 0.881713 0.946736 0.908273 0.705663 0.675611 0.963833 0.911677 0.857822 0.942524 0.861540 0.832611 0.809882 0.844814 0.961190 0.999475 0.857177 0.989649 0.909590 0.888067 0.846921 0.823949 0.989989 0.912889 0.782255 0.915209 0.929377 0.957565 0.844272 0.787044 0.840284 0.769970 0.776780 0.989168 0.907979 0.893952 0.676248 0.882728 0.847678 0.878122 0.896120 0.807542 0.940109 0.943959 0.921146 0.811789 0.867769 0.817991 0.991354 0.885398 0.848927 0.850455 0.963995 0.968452 0.991628 0.827953 0.916211 0.879182 0.960077 0.906676 0.838200 0.766624 0.908354 0.848395 0.854238 0.788917 0.935819 0.997093 0.923828 0.866074 0.815511 0.847732 0.781526 0.827057 0.888754 0.738594 0.893973 0.923815 0.966132 0.962027 0.941688 0.977657 0.722572 0.714380
0.835946 0.935673 0.891419 0.809038 0.818143 0.907401 0.866215 0.778142 0.876946 0.639413 0.792326 0.760957 0.846048 0.821446 0.841148 0.924306 0.659301 0.618673 0.688199 0.759133 0.791704 0.793659 0.924081 0.977542 0.669564 0.697240 0.971116 0.834989 0.000000 0.412020 0.958681 0.752748 0.854983 0.680747 0.940948 0.972201 0.824451 0.694772 0.824002 0.757368 0.958336 0.938117 0.741662 0.798104 0.971289 0.919880 0.882084 0.974623 0.927374 0.862793 0.656242 0.713828 0.904651 0.756155 0.875951 0.809184 0.918391 0.983112 0.975460 0.968222 0.675713 0.655644 0.534747 0.580426 0.819227 0.997747 0.802175 0.880917 0.852201 0.950836 0.803155 0.724427 0.966315 0.810680 0.976250 0.912715 0.909079 0.945640 0.854169 0.955905 0.689411 0.715928 0.710545 0.649997 0.849976 0.929516 0.966014 0.768589 0.980750 0.907389 0.809169 0.601006 0.705406 0.531344 0.950235 0.980466 0.823082 0.829298 0.981389 0.999167 0.904613 0.566033 0.939489 0.896478 0.809655 0.867237 0.844984 0.656104 0.984766 0.954371 0.978949 0.942465 0.856645 0.988849 0.828490 0.646321
0.857906 0.909370 0.810240 0.826743 0.812095 0.991307 0.874184 0.674895 0.943914 0.571912 0.788485 0.668457 0.913677 0.823393 0.950487 0.884324 0.691409 0.617798 0.713606 0.795385 0.716003 0.805834 0.905882 0.996820 0.648332 0.633259 0.981239 0.755921 0.412020 0.000000 0.876807 0.726292 0.829677 0.616729 0.935450 0.871077 0.792532 0.695009 0.879830 0.921271 0.990447 0.862837 0.803928 0.811683 0.861589 0.852191 0.850960 0.925181 0.787227 0.911188 0.779092 0.736655 0.880908 0.730906 0.765051 0.802908 0.902788 0.954277 0.961228 0.929610 0.670802 0.596045 0.526346 0.530893 0.790263 0.929986 0.853013 0.945201 0.729316 0.950332 0.896949 0.817855 0.872010 0.785647 0.995378 0.938229 0.890210 0.925080 0.874255 0.972084 0.711794 0.682592 0.731004 0.663985 0.866352 0.964444 0.950538 0.834532 0.972130 0.887107 0.765556 0.594028 0.709707 0.525519 0.894532 0.824188 0.859332 0.785404 0.916616 0.989755 0.971617 0.652273 0.885745 0.916957 0.866804 0.960611 0.722417 0.716848 0.955249 0.969144 0.999267 0.952875 0.865853 0.967681 0.860705 0.646579
0.945576 0.931493 0.821233 0.887130 0.870521 0.960699 0.819678 0.967671 0.844704 0.975136 0.809084 0.741938 0.972579 0.994890 0.737056 0.918931 0.963727 0.860385 0.850824 0.810359 0.960739 0.914913 0.554056 0.677074 0.815644 0.807485 0.883876 0.958817 0.958681 0.876807 0.000000 0.662217 0.685544 0.974154 0.851233 0.829447 0.997641 0.780031 0.981712 0.990493 0.864784 0.907102 0.967217 0.973602 0.832270 0.823034 0.944133 0.819018 0.779727 0.670445 0.730681 0.693769 0.693758 0.650327 0.974001 0.913536 0.831423 0.834638 0.985765 0.957997 0.981709 0.890535 0.952112 0.989550 0.742509 0.986935 0.878839 0.804942 0.916024 0.839711 0.711861 0.903222 0.803672 0.837099 0.860363 0.964713 0.999525 0.960307 0.864373 0.999921 0.844246 0.810448 0.731563 0.783103 0.570020 0.717049 0.829413 0.712777 0.968165 0.897303 0.852882 0.815248 0.818732 0.848285 0.886513 0.931245 0.934220 0.925756 0.832494 0.819618 0.878521 0.952081 0.865070 0.913043 0.925362 0.886729 0.951723 0.859770 0.965683 0.925462 0.890923 0.985167 0.916734 0.940990 0.883750 0.853834
0.815444 0.906157 0.928825 0.862749 0.807137 0.875699 0.980964 0.891734 0.907320 0.964881 0.758076 0.848433 0.979777 0.802764 0.723457 0.757902 0.913820 0.987107 0.798450 0.984245 0.861864 0.844785 0.558246 0.551291 0.994169 0.924545 0.843594 0.864631 0.752748 0.726292 0.662217 0.000000 0.920195 0.984212 0.990802 0.707372 0.748471 0.847276 0.898187 0.840448 0.787137 0.908214 0.897446 0.908768 0.949879 0.994787 0.953998 0.976819 0.976860 0.979298 0.994179 0.946813 0.772120 0.804657 0.966174 0.975462 0.928388 0.873224 0.664024 0.826257 0.938234 0.896796 0.996705 0.891480 0.936876 0.998532 0.829743 0.990251 0.771770 0.748502 0.914909 0.994456 0.746630 0.655326 0.844486 0.869669 0.941998 0.973551 0.970440 0.900511 0.905619 0.997566 0.698880 0.950884 0.711384 0.842139 0.830472 0.547099 0.788494 0.981797 0.896216 0.989597 0.869916 0.939704 0.939427 0.995746 0.871454 0.735898 0.887243 0.935805 0.897166 0.808941 0.704781 0.792806 0.950272 0.845746 0.955419 0.919060 0.917327 0.845119 0.898266 0.907882 0.950673 0.908667 0.942003 0.799339
0.566129 0.667216 0.579383 0.657407 0.964864 0.990325 0.513381 0.678693 0.785318 0.778109 0.787157 0.902657 0.922383 0.907715 0.989969 0.912985 0.664694 0.591338 0.655131 0.728458 0.808060 0.982764 0.873312 0.986652 0.840721 0.833822 0.984013 0.957667 0.854983 0.829677 0.685544 0.920195 0.000000 0.620409 0.710458 0.843649 0.856270 0.907768 0.987923 0.993572 0.685809 0.800644 0.786306 0.751909 0.634751 0.591732 0.756102 0.692653 0.762639 0.793631 0.842544 0.921305 0.926968 0.893870 0.765806 0.792894 0.572701 0.723163 0.707388 0.861560 0.593088 0.778521 0.685742 0.734508 0.725888 0.758460 0.581082 0.568194 0.908363 0.873483 0.870850 0.932881 0.889338 0.884571 0.978943 0.938832 0.828445 0.918012 0.718106 0.909796 0.554442 0.599804 0.909401 0.727787 0.600612 0.653078 0.885196 0.967181 0.859626 0.759593 0.661933 0.839515 0.688527 0.860086 0.796694 0.762272 0.628784 0.886464 0.626051 0.684111 0.910932 0.962967 0.805131 0.706986 0.993777 0.698428 0.858000 0.814071 0.862724 0.860599 0.889008 0.704238 0.725897 0.846832 0.966251 0.906570
0.579211 0.804720 0.822965 0.791325 0.984397 0.971573 0.553023 0.445914 0.861921 0.531578 0.509526 0.572778 0.830387 0.987529 0.784476 0.889389 0.635505 0.559895 0.688936 0.791655 0.958528 0.940253 0.884685 0.757650 0.786795 0.866088 0.774086 0.881713 0.680747 0.616729 0.974154 0.984212 0.620409 0.000000 0.787501 0.850938 0.981392 0.882138 0.989625 0.887753 0.729373 0.931286 0.894549 0.942234 0.721005 0.667800 0.777801 0.782438 0.782372 0.898427 0.855062 0.713569 0.740670 0.714913 0.666530 0.726815 0.797512 0.919468 0.781159 0.874030 0.452331 0.509984 0.475247 0.470314 0.975906 0.777007 0.717927 0.629598 0.978010 0.823954 0.915939 0.855083 0.978206 0.964192 0.928416 0.982629 0.994781 0.902375 0.797443 0.825242 0.573675 0.604176 0.999669 0.728426 0.831654 0.854707 0.932873 0.945800 0.907709 0.782366 0.836144 0.855930 0.877052 0.850253 0.767054 0.949463 0.839301 0.938079 0.620924 0.708540 0.875947 0.890221 0.828323 0.820988 0.901713 0.826056 0.738422 0.963200 0.869242 0.884210 0.851674 0.691043 0.815971 0.858898 0.836860 0.761653
0.673114 0.797427 0.580859 0.636832 0.961250 0.901686 0.636917 0.798011 0.792028 0.861911 0.795333 0.956402 0.942464 0.999858 0.961775 0.776856 0.783529 0.729747 0.778539 0.760108 0.729409 0.925009 0.920133 0.945707 0.849025 0.857717 0.992185 0.946736 0.940948 0.935450 0.851233 0.990802 0.710458 0.787501 0.000000 0.912423 0.848733 0.903267 0.984203 0.957138 0.716425 0.749720 0.779611 0.836547 0.740228 0.727031 0.818583 0.794300 0.835721 0.814752 0.779774 0.806312 0.878867 0.819789 0.923436 0.683507 0.705063 0.762296 0.778226 0.869345 0.767690 0.970427 0.800467 0.800636 0.717313 0.911677 0.648808 0.760160 0.747626 0.675066 0.830748 0.840527 0.944406 0.907479 0.950892 0.904533 0.944955 0.973547 0.742062 0.891970 0.684713 0.702985 0.928991 0.722778 0.693180 0.720806 0.915414 0.920291 0.977105 0.706230 0.687109 0.695619 0.651147 0.743277 0.832247 0.732703 0.684379 0.753954 0.681217 0.643146 0.943639 0.880306 0.734747 0.737454 0.909120 0.745949 0.959567 0.669340 0.930268 0.967953 0.854717 0.839184 0.957277 0.974642 0.902868 0.997534
0.927811 0.912915 0.844038 0.832040 0.992506 0.993506 0.877989 0.938067 0.957101 0.913669 0.995395 0.991227 0.993041 0.943456 0.963416 0.996848 0.963978 0.822792 0.887791 0.996862 0.978698 0.903538 0.882056 0.936373 0.809125 0.794603 0.903349 0.908273 0.972201 0.871077 0.829447 0.707372 0.843649 0.850938 0.912423 0.000000 0.903332 0.998020 0.947774 0.814597 0.989922 0.953427 0.808437 0.897725 0.857561 0.891184 0.855065 0.750234 0.838509 0.891255 0.906799 0.971619 0.871242 0.891457 0.873146 0.875208 0.882951 0.996235 0.994781 0.974732 0.989681 0.934180 0.942630 0.981290 0.774400 0.935076 0.841783 0.787836 0.887357 0.955927 0.889748 0.893472 0.986806 0.979897 0.955952 0.980429 0.877876 0.850956 0.832172 0.908458 0.924483 0.898347 0.884050 0.935721 0.819303 0.846201 0.976852 0.926226 0.967166 0.877206 0.998726 0.983026 0.916528 0.927775 0.744635 0.982949 0.961273 0.885539 0.852106 0.904107 0.963533 0.989684 0.889582 0.954404 0.982710 0.901607 0.871146 0.998827 0.988753 0.950718 0.956652 0.924392 0.946497 0.906050 0.947102 0.995155
0.781748 0.791111 0.734519 0.843180 0.914502 0.930310 0.996774 0.889871 0.972750 0.744402 0.921736 0.898483 0.941134 0.816771 0.935635 0.923084 0.819725 0.824157 0.919078 0.829346 0.719155 0.813911 0.924996 0.830537 0.689005 0.628056 0.908220 0.705663 0.824451 0.792532 0.997641 0.748471 0.856270 0.981392 0.848733 0.903332 0.000000 0.644547 0.844119 0.796965 0.774077 0.789030 0.895275 0.874650 0.844961 0.880711 0.885972 0.931622 0.984270 0.877622 0.785758 0.740936 0.840191 0.836909 0.839292 0.836802 0.652646 0.620925 0.689577 0.782587 0.925977 0.892207 0.935930 0.976367 0.746530 0.966896 0.795455 0.902128 0.704450 0.774830 0.958207 0.931456 0.978305 0.853037 0.886477 0.819815 0.996064 0.867622 0.727555 0.870766 0.849447 0.893472 0.948809 0.856152 0.915223 0.876283 0.955778 0.841786 0.726169 0.706286 0.940493 0.985079 0.903661 0.830935 0.937467 0.834879 0.758812 0.887257 0.975883 0.968523 0.990015 0.829261 0.757627 0.892761 0.785615 0.719234 0.873923 0.730953 0.983813 0.807957 0.902202 0.958012 0.979051 0.950677 0.698872 0.834187
0.880935 0.891857 0.854811 0.915695 0.707642 0.892236 0.897664 0.746395 0.870310 0.683011 0.900985 0.727899 0.880119 0.805845 0.968518 0.899751 0.909478 0.920450 0.826834 0.973198 0.780668 0.819253 0.946507 0.940849 0.669377 0.631356 0.992148 0.675611 0.694772 0.695009 0.780031 0.847276 0.907768 0.882138 0.903267 0.998020 0.644547 0.000000 0.939389 0.938437 0.801074 0.728258 0.820175 0.836529 0.936232 0.995566 0.951810 0.918181 0.889568 0.720773 0.620990 0.638550 0.828620 0.756168 0.940546 0.985382 0.762627 0.803710 0.788434 0.844947 0.729482 0.720248 0.761544 0.779327 0.894664 0.905014 0.815482 0.902379 0.747398 0.965642 0.830816 0.850800 0.944691 0.942823 0.820651 0.967883 0.924032 0.879334 0.994794 0.893404 0.931610 0.916379 0.928821 0.967397 0.987242 0.980019 0.959532 0.965645 0.854807 0.908147 0.922436 0.790359 0.795066 0.714936 0.994179 0.908325 0.776433 0.834610 0.986755 0.926341 0.992042 0.794948 0.880076 0.767863 0.827462 0.721555 0.746019 0.647206 0.949473 0.850561 0.970913 0.906866 0.996139 0.901968 0.807357 0.792314
