0.000000 0.648662 0.998349 0.993955 0.953795 0.955033 0.924067 0.946787 0.905997 0.939372 0.634866 0.733092 0.856784 0.916773 0.982110 0.937248 0.716023 0.665552 0.799409 0.848640 0.900323 0.999090 0.915921 0.926039 0.962661 0.918770 0.840967 0.899807 0.875384 0.744337 0.952439 0.748702 0.772880 0.692745 0.959580 0.869615 0.962409 0.958781 0.926861 0.901351 0.921941 0.763739 0.824445 0.769370 0.815978 0.742071 0.798044 0.747867 0.758988 0.777399 0.714735 0.672830 0.788980 0.976666 0.840921 0.709473 0.568344 0.635346 0.672165 0.657729 0.672201 0.794905 0.659688 0.611574 0.886793 0.990141 0.769361 0.816015 0.806956 0.776527 0.923419 0.971628 0.909723 0.949287 0.944564 0.879588 0.955660 0.941712 0.753239 0.918007 0.491707 0.590862 0.916551 0.727857 0.926724 0.947880 0.936943 0.948779 0.865346 0.858019 0.915998 0.889719 0.962564 0.900154 0.915279 0.862669 0.743933 0.707745 0.710010 0.831911 0.857184 0.866978 0.728958 0.749554 0.990079 0.769333 0.933852 0.871876 0.908822 0.838565 0.854247 0.938968 0.930897 0.956078 0.886027 0.928244
0.648662 0.000000 0.931627 0.929738 0.816160 0.862991 0.831803 0.951958 0.693205 0.634383 0.982145 0.735636 0.936160 0.934198 0.870711 0.949148 0.743105 0.694923 0.894332 0.980452 0.860627 0.963272 0.798674 0.937211 0.795019 0.690035 0.909817 0.725396 0.852637 0.937250 0.945715 0.983110 0.937423 0.929496 0.781335 0.830897 0.791986 0.938413 0.854404 0.696821 0.795998 0.821954 0.733889 0.702092 0.954218 0.843452 0.619522 0.889879 0.946034 0.941231 0.714840 0.693828 0.956603 0.927515 0.758156 0.721873 0.596135 0.500031 0.761633 0.760042 0.977224 0.945118 0.848581 0.792066 0.980702 0.849292 0.766184 0.726750 0.689616 0.693508 0.875259 0.929894 0.896376 0.907063 0.955200 0.824686 0.947126 0.824515 0.867630 0.752789 0.704537 0.589644 0.893534 0.638448 0.934209 0.805678 0.978438 0.993378 0.955192 0.852466 0.920132 0.833271 0.929209 0.894806 0.947401 0.957365 0.875674 0.841118 0.998267 0.936725 0.970942 0.944535 0.958591 0.874374 0.974041 0.776041 0.993433 0.999888 0.815969 0.851761 0.977604 0.990906 0.978026 0.991983 0.833768 0.888294
0.998349 0.931627 0.000000 0.414554 0.946663 0.656577 0.476711 0.441737 0.789872 0.948329 0.892282 0.763691 0.700143 0.676633 0.852881 0.705443 0.841296 0.788215 0.695994 0.805477 0.979967 0.960032 0.786310 0.548384 0.572670 0.706871 0.878899 0.993766 0.947473 0.981522 0.835921 0.897090 0.835799 0.720639 0.997477 0.882650 0.825503 0.827080 0.726357 0.886102 0.962283 0.950780 0.714904 0.945850 0.852308 0.909263 0.897925 0.765890 0.724072 0.790175 0.801184 0.896814 0.734084 0.682193 0.923168 0.981356 0.814524 0.780517 0.898676 0.886042 0.754416 0.623666 0.733882 0.632837 0.488040 0.509532 0.689424 0.801283 0.935607 0.897224 0.888486 0.921123 0.861554 0.966069 0.828014 0.895870 0.827371 0.917938 0.991565 0.949750 0.823077 0.918972 0.860434 0.990692 0.727236 0.496910 0.841491 0.860960 0.690432 0.906347 0.554139 0.531729 0.512915 0.478432 0.983244 0.693379 0.894322 0.997877 0.990147 0.791391 0.696313 0.845253 0.809076 0.994191 0.723124 0.840752 0.869887 0.778723 0.976165 0.814936 0.815817 0.972642 0.839385 0.932573 0.934939 0.995205
0.993955 0.929738 0.414554 0.000000 0.913157 0.725158 0.600837 0.344626 0.905657 0.940588 0.867807 0.784947 0.879647 0.813637 0.883269 0.857339 0.850779 0.827315 0.824954 0.794612 0.932783 0.902399 0.925861 0.657954 0.556761 0.568545 0.894239 0.924755 0.842996 0.908115 0.930344 0.955146 0.980473 0.785398 0.893616 0.931415 0.798854 0.781476 0.647792 0.713733 0.936071 0.993877 0.664671 0.862328 0.723607 0.892208 0.826819 0.705970 0.667834 0.773318 0.854786 0.908707 0.625314 0.592656 0.875159 0.844944 0.863233 0.855818 0.982599 0.962778 0.932125 0.745197 0.690071 0.576973 0.627359 0.444624 0.630925 0.675947 0.934439 0.999605 0.805403 0.937334 0.925691 0.991542 0.886215 0.973949 0.748616 0.841581 0.987514 0.961255 0.794450 0.890210 0.999833 0.961796 0.939363 0.517399 0.916408 0.697394 0.753267 0.923282 0.605652 0.610103 0.492782 0.523758 0.966788 0.780744 0.878729 0.887976 0.875938 0.957735 0.719012 0.889555 0.871460 0.939182 0.705845 0.752897 0.827559 0.779498 0.923813 0.850368 0.900428 0.929762 0.836691 0.849271 0.946982 0.929647
0.953795 0.816160 0.946663 0.913157 0.000000 0.941438 0.821703 0.909662 0.666552 0.808238 0.966787 0.928438 0.668288 0.683384 0.687521 0.630735 0.967162 0.913001 0.817302 0.965734 0.822262 0.942756 0.553471 0.698573 0.934665 0.821072 0.869601 0.887757 0.891190 0.977614 0.984539 0.937497 0.890028 0.953587 0.859923 0.971576 0.809470 0.937292 0.832224 0.782484 0.930426 0.778513 0.994269 0.848173 0.832155 0.973335 0.913809 0.965642 0.979393 0.968739 0.928366 0.947999 0.891298 0.769977 0.813044 0.989186 0.805236 0.756886 0.889072 0.743903 0.777445 0.779353 0.925290 0.990282 0.687955 0.959761 0.927969 0.828175 0.791339 0.755173 0.848500 0.920159 0.959598 0.973122 0.921480 0.856864 0.907774 0.928703 0.957225 0.893078 0.767079 0.892978 0.777416 0.885099 0.572908 0.940951 0.805919 0.777171 0.933419 0.859024 0.800341 0.716398 0.984750 0.778468 0.894825 0.916540 0.858550 0.669746 0.863337 0.685425 0.944812 0.821259 0.938296 0.961217 0.901544 0.916444 0.990197 0.826656 0.989520 0.838553 0.841733 0.914211 0.922569 0.995764 0.956529 0.828566
0.955033 0.862991 0.656577 0.725158 0.941438 0.000000 0.838991 0.781485 0.958416 0.841122 0.873752 0.766459 0.841712 0.790313 0.882953 0.770238 0.865531 0.966829 0.939923 0.941066 0.774203 0.959118 0.936410 0.756614 0.553538 0.513784 0.889437 0.691562 0.946063 0.852507 0.901314 0.897699 0.802695 0.757574 0.688945 0.889880 0.855491 0.892924 0.740154 0.659807 0.765859 0.982771 0.751489 0.936424 0.958935 0.955533 0.801826 0.901348 0.799610 0.765480 0.986270 0.936275 0.873148 0.769870 0.860972 0.767835 0.941117 0.994137 0.874355 0.987524 0.784620 0.700391 0.867714 0.863086 0.555855 0.541024 0.580398 0.640643 0.930656 0.952314 0.911198 0.766175 0.982476 0.992794 0.746160 0.984045 0.948373 0.762884 0.861606 0.986336 0.901861 0.776684 0.825432 0.909587 0.696055 0.529564 0.761172 0.925951 0.839905 0.770895 0.675436 0.788083 0.610187 0.727160 0.883361 0.693255 0.863877 0.990520 0.922000 0.825428 0.737864 0.946904 0.928984 0.970401 0.757626 0.758145 0.832344 0.999169 0.963353 0.912060 0.936903 0.866695 0.867599 0.928158 0.896331 0.861032
0.924067 0.831803 0.476711 0.600837 0.821703 0.838991 0.000000 0.460084 0.580203 0.617729 0.698386 0.810809 0.440279 0.508219 0.609060 0.580563 0.954866 0.993001 0.394182 0.614839 0.910066 0.828844 0.583099 0.633289 0.876623 0.953738 0.999504 0.908508 0.663438 0.634263 0.681884 0.616358 0.636527 0.608893 0.898293 0.863728 0.912265 0.993542 0.960323 0.907484 0.951420 0.974457 0.774716 0.844656 0.882999 0.872941 0.979949 0.704941 0.969421 0.949304 0.868360 0.941734 0.955541 0.932600 0.987072 0.969042 0.833404 0.672363 0.929176 0.820224 0.566669 0.628579 0.989066 0.838772 0.644088 0.798668 0.807450 0.976645 0.766818 0.798758 0.739714 0.718153 0.722549 0.810051 0.974607 0.853662 0.698220 0.835768 0.996388 0.977171 0.907042 0.985174 0.875140 0.936112 0.682814 0.740535 0.930618 0.913245 0.699015 0.892270 0.451425 0.450209 0.566903 0.528706 0.962612 0.912791 0.910467 0.903230 0.733422 0.558952 0.737284 0.586967 0.981919 0.877031 0.833938 0.998143 0.879580 0.699922 0.988975 0.913766 0.808888 0.858088 0.793097 0.871764 0.940917 0.778967
0.946787 0.951958 0.441737 0.344626 0.909662 0.781485 0.460084 0.000000 0.810392 0.853438 0.704813 0.740165 0.771555 0.746105 0.992878 0.820356 0.935238 0.879535 0.645088 0.702305 0.946517 0.932770 0.994431 0.711693 0.684179 0.691172 0.982699 0.989541 0.939259 0.861068 0.843456 0.783636 0.883687 0.638825 0.818942 0.877382 0.884808 0.856075 0.774824 0.846906 0.983223 0.968965 0.704197 0.805639 0.823427 0.996071 0.892990 0.668185 0.807709 0.926357 0.891647 0.924078 0.703370 0.663720 0.830993 0.820380 0.847283 0.794015 0.933854 0.942442 0.801511 0.666541 0.834201 0.677073 0.715874 0.556617 0.648190 0.756942 0.980481 0.983020 0.832596 0.790544 0.810067 0.951103 0.936894 0.992150 0.685384 0.836799 0.983526 0.947224 0.880053 0.921884 0.974493 0.884542 0.981576 0.626290 0.935362 0.735626 0.818252 0.896066 0.495799 0.577783 0.450881 0.531947 0.955853 0.835878 0.841790 0.911653 0.952819 0.832922 0.618900 0.759266 0.999200 0.866658 0.791980 0.817200 0.861558 0.691024 0.991983 0.904189 0.814227 0.980503 0.859673 0.827913 0.967128 0.886036
0.905997 0.693205 0.789872 0.905657 0.666552 0.958416 0.580203 0.810392 0.000000 0.482500 0.825536 0.992634 0.598556 0.667760 0.590986 0.553693 0.998655 0.906658 0.548840 0.857534 0.889088 0.996125 0.499098 0.636683 0.904160 0.773205 0.889655 0.837036 0.742894 0.705209 0.727163 0.785592 0.879369 0.870853 0.965504 0.848949 0.778778 0.837864 0.758702 0.748373 0.915299 0.919282 0.963025 0.946732 0.864099 0.953471 0.823333 0.990356 0.919039 0.857630 0.835094 0.974758 0.826908 0.763106 0.778661 0.859402 0.706441 0.675562 0.804715 0.729728 0.815366 0.801272 0.990037 0.936720 0.765542 0.916357 0.896863 0.751589 0.602667 0.757703 0.789020 0.891847 0.857046 0.992553 0.802035 0.986278 0.913590 0.928101 0.979956 0.897010 0.882528 0.839902 0.901100 0.780446 0.738197 0.986297 0.890151 0.743164 0.949861 0.939104 0.670633 0.529531 0.960863 0.680124 0.960463 0.972189 0.896507 0.752747 0.853279 0.692661 0.956330 0.686059 0.949036 0.978250 0.891852 0.928513 0.965060 0.874108 0.968581 0.907860 0.942613 0.889188 0.792493 0.887916 0.912677 0.988734
0.939372 0.634383 0.948329 0.940588 0.808238 0.841122 0.617729 0.853438 0.482500 0.000000 0.767117 0.898553 0.702828 0.799850 0.673837 0.770524 0.887405 0.967741 0.550374 0.815080 0.808935 0.964144 0.587255 0.899368 0.708137 0.593658 0.998770 0.689066 0.611756 0.520274 0.668622 0.646638 0.906835 0.867670 0.722939 0.841179 0.797188 0.838135 0.695283 0.551826 0.855454 0.883726 0.771932 0.904868 0.877878 0.943639 0.639659 0.952089 0.803067 0.746822 0.799036 0.884299 0.789702 0.743444 0.862656 0.759276 0.817673 0.719631 0.795439 0.856209 0.855150 0.908598 0.931135 0.911227 0.953928 0.669627 0.724437 0.578605 0.725586 0.817835 0.925939 0.745680 0.765492 0.923202 0.994922 0.985579 0.860231 0.966743 0.986757 0.943897 0.943211 0.851526 0.995115 0.725581 0.941592 0.694761 0.970821 0.732464 0.946457 0.935096 0.848755 0.687551 0.921425 0.782470 0.975487 0.906149 0.856019 0.848114 0.889240 0.743765 0.947402 0.731276 0.975550 0.946162 0.842349 0.757401 0.956387 0.848709 0.859996 0.882985 0.943348 0.974636 0.870907 0.917980 0.765917 0.880950
0.634866 0.982145 0.892282 0.867807 0.966787 0.873752 0.698386 0.704813 0.825536 0.767117 0.000000 0.687433 0.686435 0.697922 0.839094 0.831176 0.747641 0.715912 0.632793 0.660021 0.876728 0.983982 0.937504 0.935724 0.980164 0.948488 0.841636 0.999342 0.692275 0.618293 0.800793 0.681592 0.645203 0.608421 0.921083 0.977494 0.930573 0.917334 0.866771 0.944606 0.953886 0.783155 0.903701 0.799898 0.899620 0.803670 0.964548 0.795144 0.836807 0.839071 0.881790 0.826279 0.880099 0.968672 0.993756 0.711026 0.875766 0.920866 0.727948 0.813258 0.648836 0.703242 0.734130 0.719961 0.997339 0.977139 0.739162 0.858598 0.917520 0.952536 0.877628 0.877411 0.931524 0.990410 0.956902 0.991939 0.919257 0.913419 0.852613 0.913315 0.775692 0.772201 0.994886 0.837873 0.992495 0.944102 0.806667 0.993540 0.915943 0.843504 0.739177 0.919576 0.786620 0.976577 0.904027 0.965723 0.813226 0.911095 0.808915 0.795553 0.743571 0.839606 0.755767 0.861746 0.990941 0.871813 0.973332 0.945088 0.957070 0.881522 0.865100 0.986382 0.900259 0.825751 0.948247 0.940499
0.733092 0.735636 0.763691 0.784947 0.928438 0.766459 0.810809 0.740165 0.992634 0.898553 0.687433 0.000000 0.784631 0.661646 0.967007 0.813357 0.854893 0.869799 0.846907 0.821676 0.980657 0.943015 0.965064 0.788472 0.739817 0.730747 0.882017 0.963626 0.887237 0.929338 0.902494 0.984365 0.698756 0.736533 0.786153 0.825167 0.794332 0.884783 0.966983 0.860016 0.964366 0.914279 0.830949 0.870101 0.989438 0.977740 0.842743 0.891480 0.916411 0.994911 0.843467 0.783866 0.953732 0.869913 0.855703 0.697892 0.827907 0.851824 0.759686 0.859588 0.675355 0.555770 0.858774 0.858909 0.844676 0.675612 0.585273 0.678777 0.971637 0.942293 0.901118 0.984678 0.894053 0.917704 0.917698 0.847362 0.950500 0.881551 0.946064 0.884225 0.932744 0.667148 0.830257 0.798242 0.827917 0.684938 0.964029 0.996021 0.916428 0.770987 0.742430 0.960545 0.687654 0.864802 0.914939 0.914616 0.706656 0.953545 0.926209 0.862985 0.712720 0.827084 0.890970 0.941181 0.920397 0.781571 0.983233 0.890608 0.927146 0.986905 0.968922 0.974259 0.980076 0.946000 0.855528 0.952207
0.856784 0.936160 0.700143 0.879647 0.668288 0.841712 0.440279 0.771555 0.598556 0.702828 0.686435 0.784631 0.000000 0.434441 0.399800 0.403974 0.850109 0.801161 0.435067 0.620903 0.924781 0.861804 0.444060 0.565212 0.918170 0.868094 0.981721 0.940447 0.601162 0.657056 0.691091 0.639991 0.564586 0.646361 0.923540 0.976048 0.860571 0.996129 0.896950 0.880441 0.968794 0.986059 0.775095 0.823081 0.673244 0.776386 0.918635 0.813308 0.896443 0.911575 0.989161 0.887335 0.811929 0.875743 0.873655 0.922892 0.932036 0.799207 0.960640 0.704942 0.465927 0.657676 0.844409 0.916852 0.592849 0.908762 0.869311 0.999045 0.712619 0.754969 0.732971 0.854844 0.814570 0.787443 0.989458 0.808743 0.737670 0.800051 0.917221 0.999436 0.939447 0.986266 0.716272 0.910286 0.504617 0.765488 0.826067 0.733588 0.750291 0.862596 0.610437 0.597521 0.725728 0.720908 0.978217 0.981377 0.969024 0.824041 0.661847 0.502587 0.838973 0.604396 0.948660 0.878633 0.788109 0.999553 0.980757 0.830799 0.933065 0.943432 0.961625 0.783779 0.733436 0.856845 0.939699 0.827429
0.916773 0.934198 0.676633 0.813637 0.683384 0.790313 0.508219 0.746105 0.667760 0.799850 0.697922 0.661646 0.434441 0.000000 0.601849 0.518743 0.933845 0.941478 0.546691 0.669027 0.953383 0.795802 0.583545 0.548895 0.883265 0.994218 0.986926 0.990387 0.689492 0.854187 0.797511 0.772776 0.608460 0.634209 0.777806 0.917744 0.919090 0.966681 0.988548 0.982848 0.947788 0.999693 0.806770 0.832966 0.748995 0.806611 0.855229 0.735774 0.976804 0.932707 0.951884 0.834486 0.905385 0.899322 0.987892 0.872754 0.968020 0.821035 0.917292 0.818461 0.483827 0.554287 0.840108 0.937689 0.632933 0.778947 0.738596 0.833590 0.738447 0.811110 0.777108 0.877220 0.966742 0.838157 0.952889 0.764426 0.772892 0.848683 0.945472 0.950058 0.889977 0.914204 0.686136 0.885746 0.536642 0.658166 0.899803 0.746049 0.703642 0.729731 0.600088 0.672557 0.676140 0.739557 0.921288 0.984237 0.964039 0.867893 0.757678 0.629196 0.834397 0.742784 0.992222 0.985196 0.848907 0.972429 0.915810 0.898313 0.983643 0.903540 0.989757 0.891991 0.858420 0.844026 0.992144 0.962345
0.982110 0.870711 0.852881 0.883269 0.687521 0.882953 0.609060 0.992878 0.590986 0.673837 0.839094 0.967007 0.399800 0.601849 0.000000 0.414950 0.874917 0.813411 0.611401 0.815811 0.939432 0.912257 0.397831 0.684005 0.981447 0.788411 0.892666 0.976123 0.554694 0.663494 0.669776 0.700166 0.622514 0.804184 0.882499 0.958607 0.832601 0.845674 0.769790 0.780530 0.972073 0.975387 0.904383 0.922800 0.668578 0.820658 0.973080 0.964770 0.847932 0.922434 0.932778 0.997883 0.768142 0.768657 0.850831 0.892795 0.846682 0.810463 0.826938 0.584212 0.632965 0.834051 0.871482 0.887179 0.646025 0.892238 0.942642 0.800941 0.571325 0.694696 0.833442 0.919223 0.823565 0.868847 0.963203 0.825187 0.814150 0.829743 0.966558 0.987902 0.936074 0.838393 0.677937 0.946621 0.562652 0.907135 0.794546 0.705880 0.882930 0.962402 0.783023 0.683826 0.949368 0.824775 0.981365 0.932648 0.827061 0.726865 0.706851 0.609078 0.931354 0.763187 0.897156 0.972641 0.945892 0.875939 0.921345 0.916508 0.967745 0.917687 0.985524 0.722882 0.799757 0.902839 0.981315 0.837199
0.937248 0.949148 0.705443 0.857339 0.630735 0.770238 0.580563 0.820356 0.553693 0.770524 0.831176 0.813357 0.403974 0.518743 0.414950 0.000000 0.952760 0.886435 0.612897 0.752998 0.995410 0.909397 0.447289 0.483836 0.795220 0.992245 0.804095 0.945049 0.684044 0.814504 0.699405 0.816160 0.712794 0.829515 0.890035 0.993736 0.956129 0.981288 0.979183 0.937015 0.962092 0.999227 0.784720 0.902251 0.835454 0.922596 0.942350 0.932302 0.985101 0.932003 0.882803 0.991845 0.915980 0.923347 0.874036 0.998976 0.827185 0.803594 0.807136 0.590691 0.705154 0.733791 0.975075 0.928857 0.471911 0.853124 0.954584 0.914481 0.629542 0.721531 0.756904 0.967294 0.884126 0.850167 0.899526 0.837461 0.798538 0.827015 0.952976 0.985926 0.794515 0.957041 0.633831 0.932237 0.503388 0.695145 0.785360 0.808946 0.848480 0.826661 0.664022 0.553207 0.770820 0.613694 0.985921 0.939290 0.843020 0.667665 0.823241 0.643764 0.949281 0.736254 0.799197 0.988818 0.827296 0.987583 0.883936 0.910350 0.945238 0.905558 0.893225 0.766866 0.762238 0.799952 0.909550 0.983450
0.716023 0.743105 0.841296 0.850779 0.967162 0.865531 0.954866 0.935238 0.998655 0.887405 0.747641 0.854893 0.850109 0.933845 0.874917 0.952760 0.000000 0.515988 0.841498 0.907795 0.962018 0.986239 0.994047 0.829987 0.815927 0.872301 0.856771 0.973078 0.714398 0.609828 0.793384 0.726601 0.716519 0.740141 0.912747 0.911468 0.977412 0.985661 0.766356 0.993105 0.965540 0.862162 0.973122 0.715288 0.744301 0.678200 0.917974 0.951159 0.763983 0.710083 0.747681 0.772495 0.699262 0.781140 0.952763 0.851901 0.682082 0.730968 0.827228 0.947661 0.825967 0.967947 0.559273 0.564502 0.782894 0.773590 0.984615 0.957182 0.971185 0.931678 0.900187 0.898951 0.944972 0.901650 0.960940 0.755436 0.914222 0.901559 0.699943 0.713592 0.632074 0.910238 0.967824 0.849526 0.941999 0.860759 0.887293 0.879614 0.979375 0.926594 0.986937 0.904603 0.865057 0.792238 0.927855 0.904373 0.908946 0.868119 0.822909 0.887960 0.960377 0.844956 0.700884 0.729203 0.956959 0.963307 0.962661 0.990860 0.954231 0.969261 0.851334 0.861067 0.944493 0.837182 0.920387 0.867180
0.665552 0.694923 0.788215 0.827315 0.913001 0.966829 0.993001 0.879535 0.906658 0.967741 0.715912 0.869799 0.801161 0.941478 0.813411 0.886435 0.515988 0.000000 0.869361 0.819851 0.993309 0.888579 0.938103 0.877299 0.965768 0.898722 0.910748 0.823205 0.698724 0.708334 0.832642 0.811067 0.661719 0.840909 0.864277 0.831665 0.958600 0.927215 0.841916 0.984492 0.891764 0.750001 0.936757 0.732967 0.792539 0.753661 0.850460 0.920295 0.780116 0.806837 0.812002 0.829336 0.785334 0.866851 0.990979 0.796345 0.649347 0.677433 0.818630 0.939444 0.847993 0.935778 0.573172 0.565089 0.883784 0.787349 0.956132 0.940358 0.944361 0.995908 0.906833 0.928861 0.920283 0.846286 0.899850 0.905766 0.879767 0.866144 0.719633 0.778758 0.690603 0.801230 0.918355 0.658200 0.955049 0.936670 0.925706 0.838631 0.976866 0.933990 0.931257 0.893693 0.914325 0.807688 0.970983 0.839416 0.878740 0.917829 0.799046 0.906711 0.917903 0.900494 0.854780 0.798614 0.960815 0.965215 0.890723 0.992143 0.973829 0.985259 0.942514 0.885846 0.996240 0.842230 0.873985 0.917727
0.799409 0.894332 0.695994 0.824954 0.817302 0.939923 0.394182 0.645088 0.548840 0.550374 0.632793 0.846907 0.435067 0.546691 0.611401 0.612897 0.841498 0.869361 0.000000 0.604384 0.901828 0.861053 0.552619 0.708108 0.912516 0.790257 0.963713 0.826315 0.619715 0.542256 0.691688 0.629326 0.673286 0.603259 0.871493 0.919856 0.782566 0.947951 0.797849 0.833387 0.984649 0.991208 0.875837 0.840678 0.789901 0.803146 0.940462 0.756215 0.840324 0.739958 0.979347 0.901157 0.835186 0.883527 0.926594 0.963589 0.965367 0.805427 0.998367 0.945915 0.545115 0.658124 0.839849 0.932323 0.806187 0.997383 0.916316 0.905196 0.877612 0.839186 0.739509 0.793116 0.713433 0.789124 0.944299 0.907186 0.762396 0.936487 0.926704 0.989011 0.922923 0.911514 0.896892 0.928328 0.682106 0.915434 0.946045 0.758026 0.737402 0.876347 0.543082 0.551462 0.726038 0.700127 0.959354 0.961639 0.909338 0.916048 0.723617 0.557321 0.806416 0.579115 0.966958 0.870673 0.951471 0.998573 0.957014 0.723080 0.969522 0.973495 0.835523 0.789819 0.773995 0.891499 0.957323 0.827440
0.848640 0.980452 0.805477 0.794612 0.965734 0.941066 0.614839 0.702305 0.857534 0.815080 0.660021 0.821676 0.620903 0.669027 0.815811 0.752998 0.907795 0.819851 0.604384 0.000000 0.840231 0.737604 0.789876 0.790477 0.914901 0.990930 0.969940 0.914823 0.823660 0.691967 0.886506 0.793327 0.851491 0.752956 0.824915 0.971800 0.920689 0.842445 0.967908 0.955348 0.980120 0.934005 0.898451 0.842652 0.974722 0.949540 0.996135 0.864629 0.948516 0.971903 0.945275 0.957546 0.859063 0.902216 0.958209 0.795963 0.949647 0.946737 0.986216 0.988753 0.762152 0.817745 0.962360 0.954417 0.832784 0.884122 0.900712 0.996203 0.922989 0.917512 0.685869 0.782339 0.839967 0.817148 0.815396 0.994386 0.717584 0.983279 0.909020 0.897054 0.982920 0.875276 0.882759 0.850269 0.833001 0.869481 0.937788 0.858193 0.703006 0.845278 0.789992 0.759682 0.734292 0.775966 0.991792 0.962378 0.916416 0.986160 0.844791 0.786461 0.825075 0.737504 0.950353 0.918845 0.917448 0.933000 0.878884 0.797605 0.999383 0.909450 0.890021 0.986576 0.849455 0.976173 0.992818 0.941956
0.900323 0.860627 0.979967 0.932783 0.822262 0.774203 0.910066 0.946517 0.889088 0.808935 0.876728 0.980657 0.924781 0.953383 0.939432 0.995410 0.962018 0.993309 0.901828 0.840231 0.000000 0.864838 0.752253 0.983983 0.800464 0.759727 0.968090 0.838910 0.936890 0.895073 0.938485 0.853406 0.974716 0.878492 0.959628 0.992804 0.864359 0.818908 0.827390 0.633352 0.857228 0.806396 0.748412 0.761145 0.880978 0.784789 0.772027 0.843843 0.893024 0.982427 0.830620 0.889830 0.995812 0.896219 0.886989 0.861435 0.815096 0.774560 0.820912 0.918975 0.982958 0.947698 0.872781 0.944205 0.997354 0.903472 0.816790 0.756735 0.940697 0.718478 0.895583 0.921943 0.844946 0.852374 0.951995 0.939671 0.974752 0.919180 0.937010 0.996026 0.852963 0.904324 0.989843 0.823673 0.909392 0.819882 0.987069 0.831113 0.958810 0.978067 0.923222 0.894803 0.867695 0.917582 0.903018 0.784707 0.920021 0.947606 0.938978 0.964475 0.817948 0.847988 0.952924 0.812665 0.921794 0.898399 0.893666 0.963445 0.906248 0.876020 0.966538 0.936527 0.917582 0.881118 0.903165 0.984594
0.999090 0.963272 0.960032 0.902399 0.942756 0.959118 0.828844 0.932770 0.996125 0.964144 0.983982 0.943015 0.861804 0.795802 0.912257 0.909397 0.986239 0.888579 0.861053 0.737604 0.864838 0.000000 0.926800 0.871823 0.979339 0.951689 0.966936 0.987710 0.883607 0.985131 0.949078 0.892192 0.831473 0.883690 0.996809 0.985824 0.997123 0.817100 0.989851 0.923981 0.992849 0.851963 0.963656 0.957887 0.984840 0.968537 0.978132 0.880951 0.939503 0.991889 0.951826 0.905183 0.858729 0.970505 0.919189 0.936546 0.969918 0.880533 0.922887 0.949995 0.984639 0.957582 0.976798 0.898398 0.904496 0.983605 0.956246 0.964033 0.920725 0.878148 0.818427 0.934369 0.939737 0.966364 0.952554 0.876330 0.877519 0.983409 0.967793 0.910207 0.888049 0.981319 0.993039 0.971356 0.856482 0.977324 0.899400 0.823360 0.729625 0.823796 0.954913 0.889059 0.930409 0.823950 0.818615 0.815594 0.972996 0.962864 0.980151 0.911523 0.981982 0.895295 0.960688 0.939241 0.861417 0.929286 0.887431 0.934656 0.996575 0.953915 0.987850 0.959275 0.900646 0.922087 0.970397 0.928339
0.915921 0.798674 0.786310 0.925861 0.553471 0.936410 0.583099 0.994431 0.499098 0.587255 0.937504 0.965064 0.444060 0.583545 0.397831 0.447289 0.994047 0.938103 0.552619 0.789876 0.752253 0.926800 0.000000 0.579412 0.972363 0.686917 0.843251 0.891166 0.656306 0.725443 0.742422 0.799368 0.720513 0.940340 0.918213 0.931831 0.803748 0.884988 0.765962 0.651517 0.923056 0.863578 0.974523 0.897920 0.774644 0.988864 0.866338 0.955826 0.924204 0.954108 0.812135 0.982759 0.810680 0.749793 0.772535 0.823005 0.805663 0.746645 0.739746 0.627525 0.659995 0.761703 0.993509 0.976292 0.597305 0.922143 0.864589 0.696397 0.706388 0.682298 0.835415 0.896191 0.811442 0.836244 0.959969 0.867736 0.871844 0.918839 0.986062 0.922826 0.885764 0.909872 0.673372 0.988808 0.457150 0.918743 0.788879 0.587532 0.808372 0.885370 0.769446 0.568888 0.958347 0.702265 0.996490 0.988869 0.860482 0.703921 0.818687 0.614132 0.928214 0.704119 0.770925 0.915524 0.963176 0.846766 0.949859 0.954691 0.984187 0.930091 0.980125 0.837895 0.810790 0.986771 0.994927 0.971077
0.926039 0.937211 0.548384 0.657954 0.698573 0.756614 0.633289 0.711693 0.636683 0.899368 0.935724 0.788472 0.565212 0.548895 0.684005 0.483836 0.829987 0.877299 0.708108 0.790477 0.983983 0.871823 0.579412 0.000000 0.643726 0.879382 0.758396 0.985947 0.915942 0.968485 0.877360 0.945996 0.831048 0.844851 0.862933 0.986934 0.990013 0.794268 0.883916 0.995577 0.889927 0.934617 0.798061 0.971286 0.985438 0.901585 0.932907 0.915389 0.786461 0.800433 0.856289 0.989820 0.890354 0.945146 0.913833 0.959643 0.764227 0.795799 0.868937 0.762457 0.751743 0.624079 0.832502 0.777674 0.427495 0.618684 0.797048 0.907641 0.833173 0.791557 0.768244 0.993949 0.974846 0.997817 0.849106 0.886386 0.869868 0.787675 0.924654 0.829316 0.688869 0.973640 0.694340 0.958297 0.512117 0.543935 0.703840 0.872214 0.719032 0.866284 0.688892 0.622079 0.695282 0.585836 0.951174 0.795233 0.898066 0.889941 0.970747 0.746223 0.873210 0.805545 0.641103 0.979443 0.728072 0.793276 0.900075 0.896801 0.929936 0.977822 0.976629 0.929253 0.789249 0.931040 0.906535 0.874500
0.962661 0.795019 0.572670 0.556761 0.934665 0.553538 0.876623 0.684179 0.904160 0.708137 0.980164 0.739817 0.918170 0.883265 0.981447 0.795220 0.815927 0.965768 0.912516 0.914901 0.800464 0.979339 0.972363 0.643726 0.000000 0.489974 0.727687 0.770412 0.833101 0.767669 0.921264 0.790772 0.884472 0.871042 0.825360 0.897896 0.704178 0.666911 0.562553 0.632468 0.858239 0.914921 0.722496 0.960011 0.765110 0.841341 0.753911 0.923221 0.644397 0.600295 0.905460 0.981400 0.654016 0.588775 0.778530 0.816764 0.937777 0.954692 0.987444 0.978259 0.942713 0.721156 0.751540 0.749598 0.516779 0.424058 0.605830 0.610084 0.951751 0.983585 0.962302 0.897538 0.930575 0.913994 0.928503 0.997370 0.893063 0.757472 0.928164 0.972175 0.861984 0.806508 0.861849 0.752540 0.793937 0.434757 0.688853 0.750196 0.759741 0.876705 0.823167 0.875148 0.610992 0.701808 0.910734 0.717870 0.905733 0.940561 0.890707 0.974923 0.700853 0.959282 0.782941 0.933167 0.657137 0.648263 0.989704 0.989730 0.944124 0.848007 0.984878 0.950989 0.961075 0.884848 0.815958 0.792337
0.918770 0.690035 0.706871 0.568545 0.821072 0.513784 0.953738 0.691172 0.773205 0.593658 0.948488 0.730747 0.868094 0.994218 0.788411 0.992245 0.872301 0.898722 0.790257 0.990930 0.759727 0.951689 0.686917 0.879382 0.489974 0.000000 0.916187 0.618054 0.761801 0.671875 0.918541 0.862782 0.980905 0.829010 0.835120 0.907593 0.698634 0.805962 0.560452 0.522676 0.845494 0.917642 0.657719 0.840960 0.769574 0.921241 0.684180 0.867475 0.729067 0.721505 0.925025 0.907317 0.710134 0.627851 0.714440 0.686116 0.954924 0.816557 0.766120 0.841249 0.991625 0.816378 0.796720 0.800771 0.706084 0.428303 0.519297 0.503082 0.884202 0.917039 0.991740 0.813237 0.922493 0.957122 0.831095 0.939884 0.914804 0.800309 0.972248 0.923634 0.963714 0.738850 0.897275 0.846192 0.983729 0.492039 0.934937 0.621864 0.959847 0.803753 0.854944 0.980049 0.653683 0.814102 0.951228 0.730896 0.839141 0.810651 0.886305 0.871420 0.742654 0.857042 0.996418 0.998774 0.755434 0.664089 0.983130 0.995135 0.984186 0.862573 0.984409 0.994120 0.985277 0.921080 0.879933 0.814386
0.840967 0.909817 0.878899 0.894239 0.869601 0.889437 0.999504 0.982699 0.889655 0.998770 0.841636 0.882017 0.981721 0.986926 0.892666 0.804095 0.856771 0.910748 0.963713 0.969940 0.968090 0.966936 0.843251 0.758396 0.727687 0.916187 0.000000 0.929192 0.959588 0.822518 0.926419 0.864327 0.926963 0.902345 0.990541 0.822189 0.891889 0.858504 0.856507 0.968226 0.977018 0.893696 0.961706 0.821145 0.821722 0.792538 0.984531 0.922383 0.752882 0.739399 0.803899 0.856038 0.890868 0.929733 0.976871 0.888893 0.761865 0.858821 0.804525 0.809341 0.886379 0.983301 0.784006 0.758711 0.684852 0.829585 0.953592 0.957065 0.970242 0.877943 0.995979 0.929580 0.935398 0.854313 0.960440 0.991991 0.891820 0.994719 0.914174 0.916136 0.832991 0.881207 0.797060 0.878896 0.796918 0.804342 0.744946 0.954864 0.858066 0.999684 0.991056 0.823732 0.956709 0.857711 0.985709 0.908279 0.964098 0.981622 0.901898 0.925813 0.925928 0.929785 0.687489 0.798816 0.939650 0.843181 0.945132 0.973514 0.986451 0.977520 0.907293 0.923174 0.938700 0.913440 0.845474 0.780089
0.899807 0.725396 0.993766 0.924755 0.887757 0.691562 0.908508 0.989541 0.837036 0.689066 0.999342 0.963626 0.940447 0.990387 0.976123 0.945049 0.973078 0.823205 0.826315 0.914823 0.838910 0.987710 0.891166 0.985947 0.770412 0.618054 0.929192 0.000000 0.910108 0.794093 0.976875 0.992247 0.865334 0.971543 0.707340 0.903250 0.942001 0.986707 0.763576 0.723419 0.845872 0.835230 0.771763 0.841142 0.989258 0.987911 0.785214 0.916086 0.937871 0.869649 0.893821 0.889121 0.931458 0.856991 0.779350 0.815749 0.937901 0.824964 0.835430 0.982736 0.953068 0.994928 0.982830 0.943930 0.823577 0.786307 0.755576 0.732168 0.988230 0.974706 0.940136 0.844663 0.868953 0.969965 0.868440 0.996448 0.904850 0.855109 0.889662 0.846071 0.933226 0.911190 0.921580 0.792288 0.936667 0.738282 0.991631 0.828047 0.854529 0.886460 0.960735 0.921644 0.876713 0.964773 0.977436 0.942404 0.948678 0.930540 0.922734 0.944025 0.980182 0.910199 0.944823 0.995424 0.822461 0.781227 0.907839 0.928436 0.926814 0.913354 0.983948 0.995103 0.960086 0.954358 0.940628 0.975781
0.875384 0.852637 0.947473 0.842996 0.891190 0.946063 0.663438 0.939259 0.742894 0.611756 0.692275 0.887237 0.601162 0.689492 0.554694 0.684044 0.714398 0.698724 0.619715 0.823660 0.936890 0.883607 0.656306 0.915942 0.833101 0.761801 0.959588 0.910108 0.000000 0.506973 0.708556 0.600867 0.567904 0.687693 0.979177 0.923703 0.899241 0.816510 0.715569 0.715485 0.936220 0.895891 0.982668 0.853716 0.717746 0.739428 0.915043 0.916094 0.743916 0.744195 0.983473 0.985567 0.717077 0.793503 0.959628 0.916573 0.958236 0.855717 0.945632 0.817927 0.725160 0.892687 0.669236 0.713480 0.993739 0.724497 0.934958 0.817855 0.707967 0.746210 0.977058 0.722226 0.821518 0.866049 0.900854 0.836003 0.942362 0.930808 0.827311 0.939395 0.800455 0.962518 0.831211 0.990129 0.851511 0.874534 0.839919 0.733760 0.954652 0.906187 0.842018 0.854008 0.997585 0.919188 0.996571 0.837009 0.946287 0.773673 0.674846 0.743665 0.991969 0.802802 0.883145 0.895855 0.859559 0.754124 0.987809 0.902021 0.758478 0.882485 0.903934 0.788428 0.920419 0.808499 0.945017 0.756024
0.744337 0.937250 0.981522 0.908115 0.977614 0.852507 0.634263 0.861068 0.705209 0.520274 0.618293 0.929338 0.657056 0.854187 0.663494 0.814504 0.609828 0.708334 0.542256 0.691967 0.895073 0.985131 0.725443 0.968485 0.767669 0.671875 0.822518 0.794093 0.506973 0.000000 0.689719 0.565110 0.717429 0.725948 0.774703 0.917127 0.901548 0.872830 0.607305 0.697295 0.958129 0.916151 0.954501 0.861395 0.787372 0.770329 0.845769 0.928996 0.709470 0.692927 0.996247 0.994347 0.760880 0.847782 0.934131 0.986391 0.870399 0.995939 0.992348 0.970162 0.745485 0.956883 0.737580 0.720195 0.858319 0.688472 0.903508 0.756195 0.883289 0.998778 0.855033 0.705250 0.676603 0.786337 0.945408 0.842450 0.935266 0.998163 0.794599 0.853303 0.680597 0.934458 0.968962 0.979801 0.973148 0.779985 0.885906 0.797964 0.891865 0.944790 0.801422 0.833670 0.986501 0.956032 0.933853 0.918670 0.974783 0.958740 0.697656 0.707015 0.961587 0.596461 0.786994 0.740916 0.891576 0.856604 0.983065 0.888050 0.966304 0.994818 0.782645 0.850869 0.876472 0.874749 0.913534 0.743706
0.952439 0.945715 0.835921 0.930344 0.984539 0.901314 0.681884 0.843456 0.727163 0.668622 0.800793 0.902494 0.691091 0.797511 0.669776 0.699405 0.793384 0.832642 0.691688 0.886506 0.938485 0.949078 0.742422 0.877360 0.921264 0.918541 0.926419 0.976875 0.708556 0.689719 0.000000 0.715252 0.702704 0.714434 0.939209 0.849430 0.976259 0.983348 0.939335 0.946581 0.984859 0.894793 0.936377 0.951668 0.821283 0.837915 0.904941 0.930080 0.875576 0.803811 0.994874 0.940696 0.840913 0.890262 0.937978 0.969970 0.920037 0.933004 0.934844 0.880094 0.842002 0.886246 0.848170 0.884070 0.879127 0.889789 0.929901 0.922971 0.727202 0.824284 0.893724 0.926825 0.895680 0.944420 0.869076 0.921915 0.751485 0.942108 0.916159 0.775258 0.848411 0.906340 0.821788 0.999810 0.867576 0.970019 0.971644 0.925436 0.899138 0.906398 0.832434 0.776255 0.897220 0.797691 0.949413 0.957609 0.976131 0.972043 0.881374 0.729825 0.872237 0.746859 0.996238 0.979929 0.922486 0.979257 0.849971 0.905841 0.972429 0.927247 0.997767 0.892654 0.957534 0.830628 0.997990 0.833799
0.748702 0.983110 0.897090 0.955146 0.937497 0.897699 0.616358 0.783636 0.785592 0.646638 0.681592 0.984365 0.639991 0.772776 0.700166 0.816160 0.726601 0.811067 0.629326 0.793327 0.853406 0.892192 0.799368 0.945996 0.790772 0.862782 0.864327 0.992247 0.600867 0.565110 0.715252 0.000000 0.688417 0.679796 0.877960 0.964183 0.912272 0.846499 0.862162 0.772422 0.921740 0.889631 0.909717 0.836360 0.779238 0.759764 0.982030 0.793292 0.806355 0.719707 0.901842 0.922370 0.747571 0.852360 0.953937 0.915427 0.940728 0.848754 0.959980 0.988360 0.715218 0.931980 0.773786 0.845381 0.980853 0.847232 0.964824 0.918252 0.784066 0.882539 0.827803 0.714877 0.770704 0.798073 0.980700 0.859140 0.807900 0.896193 0.845130 0.867780 0.829613 0.915581 0.879110 0.944279 0.927074 0.907480 0.864802 0.893546 0.993650 0.974246 0.792518 0.825877 0.874183 0.918514 0.981509 0.929018 0.937449 0.928470 0.658957 0.697906 0.955887 0.728727 0.768126 0.826990 0.976006 0.961526 0.874017 0.787390 0.913196 0.951433 0.901442 0.852882 0.873627 0.886325 0.882464 0.727062
0.772880 0.937423 0.835799 0.980473 0.890028 0.802695 0.636527 0.883687 0.879369 0.906835 0.645203 0.698756 0.564586 0.608460 0.622514 0.712794 0.716519 0.661719 0.673286 0.851491 0.974716 0.831473 0.720513 0.831048 0.884472 0.980905 0.926963 0.865334 0.567904 0.717429 0.702704 0.688417 0.000000 0.592200 0.738258 0.923890 0.975056 0.997015 0.902490 0.968029 0.897065 0.872114 0.830561 0.771564 0.679326 0.750569 0.847284 0.851553 0.889548 0.852769 0.802614 0.773100 0.774921 0.911167 0.962507 0.793691 0.885919 0.992136 0.807732 0.985622 0.516934 0.688786 0.643141 0.689162 0.832168 0.946017 0.698914 0.814024 0.800364 0.858275 0.915210 0.879318 0.876010 0.929763 0.995982 0.811939 0.905908 0.869429 0.892416 0.867570 0.818820 0.848303 0.841393 0.761694 0.704546 0.816706 0.994664 0.815483 0.906964 0.881877 0.715758 0.900544 0.760785 0.975532 0.970302 0.972480 0.724749 0.976195 0.660308 0.605918 0.726658 0.803507 0.816848 0.867308 0.869060 0.894409 0.932844 0.973090 0.971536 0.919217 0.778283 0.868758 0.930366 0.848988 0.879759 0.794848
0.692745 0.929496 0.720639 0.785398 0.953587 0.757574 0.608893 0.638825 0.870853 0.867670 0.608421 0.736533 0.646361 0.634209 0.804184 0.829515 0.740141 0.840909 0.603259 0.752956 0.878492 0.883690 0.940340 0.844851 0.871042 0.829010 0.902345 0.971543 0.687693 0.725948 0.714434 0.679796 0.592200 0.000000 0.886665 0.925183 0.984556 0.923636 0.999187 0.914675 0.870199 0.872655 0.651349 0.623135 0.712530 0.607514 0.744551 0.607991 0.805561 0.770721 0.711520 0.705626 0.839255 0.965643 0.758745 0.713809 0.909047 0.996016 0.669275 0.830344 0.522449 0.631289 0.732281 0.832233 0.887391 0.810917 0.596794 0.666173 0.833825 0.909749 0.837283 0.762677 0.940732 0.876905 0.828844 0.839224 0.715003 0.805955 0.879884 0.754269 0.784040 0.867648 0.930182 0.955010 0.862694 0.735025 0.904867 0.977425 0.849600 0.818897 0.561698 0.823434 0.592854 0.870566 0.981518 0.862461 0.857620 0.828467 0.656168 0.649278 0.605591 0.730250 0.718131 0.775189 0.881802 0.775301 0.942128 0.794308 0.982131 0.921842 0.699852 0.681417 0.820117 0.667446 0.901675 0.860413
0.959580 0.781335 0.997477 0.893616 0.859923 0.688945 0.898293 0.818942 0.965504 0.722939 0.921083 0.786153 0.923540 0.777806 0.882499 0.890035 0.912747 0.864277 0.871493 0.824915 0.959628 0.996809 0.918213 0.862933 0.825360 0.835120 0.990541 0.707340 0.979177 0.774703 0.939209 0.877960 0.738258 0.886665 0.000000 0.769142 0.856452 0.966857 0.809232 0.869260 0.849020 0.995938 0.824704 0.901270 0.762875 0.894743 0.718238 0.925368 0.979201 0.971112 0.760505 0.706216 0.812624 0.840456 0.857910 0.799912 0.952476 0.880085 0.815564 0.982766 0.785035 0.835075 0.794089 0.814663 0.821501 0.808876 0.680025 0.656423 0.913607 0.949167 0.930131 0.846815 0.863634 0.985494 0.879722 0.870859 0.973429 0.700409 0.939491 0.852694 0.944355 0.924663 0.844024 0.862949 0.756173 0.743976 0.862703 0.902366 0.964789 0.918753 0.919243 0.893331 0.915929 0.898427 0.888744 0.960802 0.912346 0.986917 0.845697 0.917274 0.987136 0.983372 0.924687 0.950092 0.902092 0.850808 0.880826 0.952216 0.806484 0.971600 0.941765 0.954033 0.985926 0.906100 0.830881 0.934971
0.869615 0.830897 0.882650 0.931415 0.971576 0.889880 0.863728 0.877382 0.848949 0.841179 0.977494 0.825167 0.976048 0.917744 0.958607 0.993736 0.911468 0.831665 0.919856 0.971800 0.992804 0.985824 0.931831 0.986934 0.897896 0.907593 0.822189 0.903250 0.923703 0.917127 0.849430 0.964183 0.923890 0.925183 0.769142 0.000000 0.849982 0.919236 0.868647 0.921446 0.802065 0.961833 0.974855 0.996881 0.925141 0.996431 0.876014 0.923757 0.956647 0.996422 0.804931 0.825331 0.947294 0.974966 0.871618 0.788540 0.967912 0.885222 0.798798 0.866033 0.886084 0.927181 0.852719 0.832627 0.986942 0.915407 0.809780 0.762460 0.985425 0.926666 0.912452 0.839115 0.910391 0.891732 0.991133 0.952294 0.887920 0.992918 0.925741 0.778761 0.968124 0.945849 0.790747 0.889158 0.918484 0.894479 0.930821 0.960607 0.909091 0.979223 0.969691 0.847022 0.936755 0.880436 0.978978 0.972136 0.883773 0.851889 0.912200 0.951982 0.995132 0.945420 0.941332 0.851866 0.858363 0.785927 0.999966 0.928916 0.860702 0.987590 0.865141 0.926833 0.998249 0.892844 0.847618 0.887959
0.962409 0.791986 0.825503 0.798854 0.809470 0.855491 0.912265 0.884808 0.778778 0.797188 0.930573 0.794332 0.860571 0.919090 0.832601 0.956129 0.977412 0.958600 0.782566 0.920689 0.864359 0.997123 0.803748 0.990013 0.704178 0.698634 0.891889 0.942001 0.899241 0.901548 0.976259 0.912272 0.975056 0.984556 0.856452 0.849982 0.000000 0.869789 0.647226 0.832278 0.833626 0.950332 0.792972 0.864566 0.934023 0.983069 0.739075 0.836790 0.976429 0.918494 0.891133 0.942058 0.918366 0.834333 0.740342 0.864967 0.821642 0.762237 0.889081 0.831504 0.915364 0.948724 0.985299 0.954891 0.966708 0.810167 0.760834 0.758220 0.813357 0.857084 0.958647 0.944544 0.852059 0.975188 0.960441 0.854909 0.914264 0.931210 0.863001 0.919487 0.977023 0.789062 0.875637 0.932550 0.939962 0.803831 0.873732 0.863880 0.972943 0.974711 0.986683 0.956874 0.860830 0.909030 0.934183 0.858399 0.936729 0.845182 0.924271 0.991304 0.874348 0.887524 0.973789 0.989315 0.768932 0.851797 0.949435 0.936062 0.984162 0.946001 0.994087 0.973997 0.989295 0.897092 0.797279 0.909038
0.958781 0.938413 0.827080 0.781476 0.937292 0.892924 0.993542 0.856075 0.837864 0.838135 0.917334 0.884783 0.996129 0.966681 0.845674 0.981288 0.985661 0.927215 0.947951 0.842445 0.818908 0.817100 0.884988 0.794268 0.666911 0.805962 0.858504 0.986707 0.816510 0.872830 0.983348 0.846499 0.997015 0.923636 0.966857 0.919236 0.869789 0.000000 0.790456 0.735205 0.960816 0.980682 0.865493 0.961439 0.862849 0.948179 0.861142 0.966928 0.796800 0.762000 0.993208 0.968069 0.785734 0.813723 0.959655 0.886697 0.958619 0.920129 0.977235 0.903214 0.995779 0.891299 0.938772 0.873298 0.828319 0.726132 0.793291 0.815453 0.878660 0.842224 0.897354 0.976714 0.889436 0.918110 0.976510 0.904365 0.945246 0.890828 0.956986 0.922491 0.955185 0.938966 0.898255 0.831682 0.937792 0.738967 0.821356 0.967694 0.678452 0.849890 0.959604 0.985129 0.834447 0.831261 0.908378 0.843717 0.888073 0.840991 0.871228 0.982799 0.723293 0.961983 0.914811 0.992221 0.727180 0.707143 0.947460 0.977901 0.960024 0.877886 0.890548 0.963542 0.936296 0.992861 0.880377 0.856415
