0.000000 0.392655 0.876235 0.706679 0.826342 0.548906 0.579848 0.434797 0.766854 0.755967 0.407555 0.359454 0.530287 0.456233 0.882541 0.544189 0.384510 0.375214 0.427455 0.388337 0.918400 0.947808 0.884784 0.846387 0.964232 0.883549 0.991287 0.911770 0.531191 0.450732 0.664679 0.560781 0.440074 0.456345 0.782392 0.893282 0.696164 0.818335 0.939912 0.842278 0.852440 0.873872 0.528996 0.489132 0.536084 0.549866 0.590662 0.647517 0.811171 0.725738 0.772551 0.832041 0.949688 0.923552 0.967586 0.847598 0.330090 0.492266 0.489678 0.868408 0.494000 0.619957 0.395698 0.446881 0.983989 0.708354 0.533461 0.588605 0.774691 0.665644 0.657126 0.635085 0.778238 0.653614 0.932495 0.718576 0.625393 0.757764 0.715708 0.630721 0.399067 0.461820 0.613077 0.730816 0.808952 0.795555 0.990274 0.896155 0.931425 0.915039 0.568939 0.816160 0.635023 0.846836 0.777285 0.761796 0.744930 0.737788 0.423701 0.470255 0.587570 0.613069 0.511541 0.567936 0.688093 0.810336 0.938416 0.872304 0.960185 0.913766 0.915837 0.677945 0.746059 0.867560 0.811606 0.975611
0.392655 0.000000 0.841569 0.959117 0.951928 0.724428 0.845789 0.616550 0.950866 0.777078 0.710064 0.402619 0.865712 0.685157 0.929160 0.663384 0.290286 0.298213 0.687294 0.543119 0.945348 0.939079 0.862630 0.949847 0.980338 0.960402 0.970011 0.953299 0.501687 0.329000 0.876028 0.727993 0.634067 0.660197 0.877451 0.969576 0.792189 0.856620 0.840731 0.690928 0.792450 0.833953 0.691838 0.612032 0.564746 0.484312 0.814625 0.749675 0.625704 0.679326 0.656650 0.769265 0.993384 0.955228 0.987938 0.869054 0.231603 0.244378 0.729861 0.754326 0.773086 0.488093 0.626671 0.365248 0.747162 0.787555 0.785916 0.741501 0.633770 0.566808 0.862773 0.841046 0.792601 0.734896 0.784629 0.739891 0.815673 0.822328 0.580869 0.525129 0.255954 0.410770 0.611209 0.576267 0.921772 0.860774 0.889129 0.952818 0.974291 0.932566 0.815646 0.925124 0.855369 0.899978 0.695125 0.913843 0.629159 0.848682 0.566266 0.656644 0.781601 0.858297 0.584597 0.753032 0.839844 0.966942 0.995657 0.985892 0.990926 0.825458 0.757057 0.574757 0.871983 0.847668 0.718681 0.914157
0.876235 0.841569 0.000000 0.261437 0.840629 0.851049 0.290432 0.438359 0.690564 0.785654 0.547466 0.928103 0.416530 0.498963 0.504584 0.623189 0.817971 0.945665 0.446360 0.654161 0.893179 0.997946 0.320825 0.434976 0.671537 0.485954 0.977512 0.919282 0.871739 0.988384 0.381654 0.430586 0.529762 0.483214 0.610870 0.761833 0.843014 0.971121 0.792063 0.901479 0.898442 0.726604 0.531511 0.611257 0.723758 0.820969 0.573169 0.566929 0.942552 0.977849 0.925201 0.940925 0.922646 0.843602 0.722243 0.918436 0.850206 0.707090 0.662706 0.981413 0.486664 0.943508 0.709775 0.751288 0.336562 0.526563 0.403081 0.489226 0.711132 0.775729 0.631418 0.575483 0.973119 0.838127 0.978290 0.858555 0.632593 0.667376 0.925520 0.890668 0.771524 0.997645 0.833887 0.809720 0.437801 0.585461 0.692478 0.760705 0.928571 0.946824 0.560889 0.558720 0.675730 0.642668 0.892796 0.917454 0.965324 0.989734 0.699829 0.586680 0.661491 0.595058 0.926183 0.834828 0.803003 0.780723 0.974141 0.782780 0.835373 0.811023 0.917707 0.956618 0.798860 0.995966 0.992894 0.802895
0.706679 0.959117 0.261437 0.000000 0.935637 0.731687 0.251454 0.306881 0.711476 0.797245 0.414576 0.724566 0.366514 0.363453 0.575089 0.567281 0.983505 0.835576 0.322655 0.462317 0.946403 0.975879 0.335410 0.300542 0.647509 0.507662 0.982370 0.809512 0.726035 0.830654 0.323181 0.345003 0.395994 0.361902 0.580364 0.741102 0.805790 0.981048 0.748153 0.948042 0.924662 0.749794 0.463725 0.525298 0.641782 0.737852 0.465856 0.492690 0.959605 0.921716 0.864208 0.906453 0.900287 0.851689 0.694777 0.849187 0.935553 0.874721 0.615658 0.917124 0.427473 0.914866 0.565997 0.931371 0.425392 0.431003 0.329807 0.380807 0.851412 0.860626 0.597481 0.554698 0.866129 0.731625 0.863376 0.809470 0.603912 0.618825 0.882511 0.825523 0.985938 0.767387 0.723286 0.942187 0.412382 0.466056 0.749609 0.696756 0.838737 0.804400 0.514543 0.601998 0.634795 0.691598 0.874820 0.825694 0.954298 0.946535 0.607316 0.461241 0.564978 0.501752 0.806427 0.694196 0.718401 0.743027 0.939554 0.847274 0.788481 0.808981 0.897057 0.904377 0.769591 0.971387 0.983451 0.763411
0.826342 0.951928 0.840629 0.935637 0.000000 0.902550 0.828696 0.845157 0.735181 0.735323 0.868704 0.802347 0.744694 0.800546 0.725745 0.701754 0.972457 0.904315 0.820599 0.817717 0.857643 0.963336 0.818455 0.959711 0.940171 0.963807 0.993475 0.979681 0.919803 0.870198 0.846652 0.875842 0.806282 0.786949 0.907533 0.888098 0.815167 0.882975 0.974215 0.933384 0.860964 0.984228 0.758258 0.786527 0.794898 0.816248 0.838696 0.773326 0.944918 0.946686 0.796234 0.716672 0.708971 0.708283 0.984320 0.941417 0.950517 0.959057 0.674949 0.839848 0.708052 0.974143 0.786749 0.853659 0.835649 0.902186 0.775773 0.831970 0.886426 0.799770 0.844255 0.770898 0.898865 0.897617 0.886785 0.870068 0.862578 0.925963 0.960674 0.916012 0.918048 0.994602 0.880614 0.948651 0.931015 0.963972 0.972526 0.861202 0.866291 0.816855 0.666854 0.688372 0.730165 0.674611 0.975124 0.992771 0.926728 0.994471 0.727989 0.863971 0.915110 0.865650 0.723321 0.690918 0.936193 0.638306 0.769891 0.758129 0.903019 0.976350 0.981924 0.749453 0.825160 0.802128 0.797221 0.997211
0.548906 0.724428 0.851049 0.731687 0.902550 0.000000 0.635027 0.554282 0.611921 0.686853 0.541725 0.538372 0.641256 0.676314 0.869537 0.573497 0.669712 0.598685 0.569635 0.608109 0.827965 0.921316 0.865622 0.784646 0.970883 0.786984 0.990413 0.791048 0.767700 0.645447 0.710383 0.634159 0.628042 0.557713 0.892404 0.982227 0.848836 0.885445 0.863234 0.973616 0.912738 0.912985 0.572531 0.592915 0.618878 0.619493 0.742256 0.666222 0.882285 0.817478 0.893946 0.904266 0.949583 0.838095 0.971028 0.937230 0.622295 0.846489 0.780409 0.928869 0.583107 0.706725 0.692847 0.728953 0.914059 0.703305 0.651730 0.608175 0.966152 0.974321 0.759009 0.722913 0.829622 0.704653 0.963297 0.808026 0.680315 0.706740 0.620996 0.698016 0.701997 0.642041 0.965301 0.907505 0.892992 0.873045 0.931049 0.864393 0.951445 0.991730 0.640723 0.791445 0.684129 0.730087 0.985579 0.996998 0.753462 0.819481 0.524756 0.669830 0.612731 0.627144 0.640462 0.614872 0.930256 0.857869 0.779928 0.976727 0.931222 0.899497 0.992575 0.759052 0.948082 0.831317 0.983305 0.852564
0.579848 0.845789 0.290432 0.251454 0.828696 0.635027 0.000000 0.221218 0.581201 0.558554 0.348835 0.600482 0.332929 0.327800 0.514093 0.432116 0.840612 0.684834 0.280608 0.448177 0.886692 0.883631 0.353903 0.466201 0.822344 0.552010 0.946267 0.924330 0.631903 0.663528 0.365658 0.325842 0.341229 0.302048 0.692666 0.749438 0.703725 0.937123 0.780400 0.999331 0.989326 0.840043 0.383475 0.466860 0.456349 0.568048 0.492634 0.442469 0.932019 0.807146 0.740162 0.727458 0.782902 0.675486 0.795972 0.832068 0.826056 0.998861 0.513785 0.879362 0.309470 0.798236 0.499593 0.897537 0.497482 0.427086 0.282309 0.340254 0.823359 0.960511 0.498851 0.456677 0.858046 0.720936 0.969925 0.790849 0.496463 0.568067 0.804211 0.702252 0.894133 0.749431 0.727936 0.986934 0.487281 0.589944 0.804924 0.825486 0.950643 0.904321 0.379041 0.486932 0.522111 0.562578 0.766516 0.776873 0.855876 0.915584 0.450254 0.385935 0.495188 0.448644 0.721954 0.654663 0.742718 0.657499 0.924371 0.813731 0.839345 0.882807 0.856598 0.776989 0.668634 0.935188 0.902754 0.885260
0.434797 0.616550 0.438359 0.306881 0.845157 0.554282 0.221218 0.000000 0.589823 0.551172 0.302370 0.428817 0.380917 0.289205 0.660289 0.424828 0.632923 0.504037 0.245196 0.316621 0.938243 0.894746 0.482815 0.489296 0.845940 0.585769 0.902735 0.913217 0.492569 0.507933 0.383845 0.315667 0.270357 0.264929 0.748118 0.773939 0.649980 0.912910 0.760481 0.960277 0.941028 0.912343 0.355051 0.422149 0.382002 0.470088 0.482826 0.460478 0.814895 0.733318 0.666291 0.718091 0.780563 0.711692 0.833389 0.814830 0.603073 0.770109 0.496575 0.838072 0.328100 0.637285 0.418389 0.704706 0.666786 0.434815 0.321361 0.315032 0.973397 0.899754 0.522551 0.442040 0.764062 0.598832 0.845922 0.718689 0.481606 0.563052 0.689822 0.627533 0.688301 0.570158 0.652346 0.841807 0.606337 0.609343 0.886482 0.830733 0.940409 0.866510 0.401595 0.598735 0.519569 0.689328 0.749071 0.780100 0.736229 0.870170 0.392999 0.345071 0.459159 0.455367 0.604268 0.568607 0.717301 0.705549 0.950159 0.826604 0.802318 0.929134 0.829091 0.731783 0.666872 0.890127 0.861875 0.934153
0.766854 0.950866 0.690564 0.711476 0.735181 0.611921 0.581201 0.589823 0.000000 0.462720 0.655339 0.764019 0.651031 0.729700 0.708825 0.600027 0.836384 0.798141 0.727429 0.713355 0.874700 0.938036 0.778151 0.948144 0.883976 0.825543 0.964064 0.784832 0.719666 0.772375 0.737075 0.764400 0.710459 0.644385 0.930092 0.869367 0.810082 0.799313 0.999313 0.885480 0.982888 0.900704 0.556396 0.573820 0.599949 0.622375 0.807645 0.700651 0.866259 0.792089 0.744268 0.666202 0.627683 0.553152 0.942844 0.883565 0.908339 0.975276 0.631187 0.926124 0.605990 0.914529 0.757716 0.918260 0.825119 0.862998 0.682159 0.778651 0.920290 0.936985 0.662518 0.551860 0.780707 0.769193 0.959136 0.884261 0.535071 0.715794 0.839295 0.863024 0.962585 0.964225 0.991627 0.877984 0.992205 0.869639 0.876342 0.920881 0.874027 0.812345 0.486024 0.467215 0.574868 0.473822 0.983692 0.846281 0.784055 0.892128 0.551134 0.549466 0.602051 0.558419 0.633561 0.648939 0.858321 0.568840 0.743469 0.758323 0.965424 0.981008 0.927604 0.789915 0.620154 0.720840 0.823633 0.857536
0.755967 0.777078 0.785654 0.797245 0.735323 0.686853 0.558554 0.551172 0.462720 0.000000 0.710583 0.704339 0.706063 0.657293 0.593938 0.507361 0.717695 0.621783 0.682261 0.739635 0.979623 0.849172 0.730751 0.989412 0.790434 0.972195 0.957841 0.906734 0.679144 0.571058 0.735252 0.677878 0.712750 0.606074 0.927316 0.980286 0.723014 0.905342 0.893069 0.949252 0.835626 0.940315 0.579507 0.614975 0.525312 0.556590 0.932836 0.723560 0.888384 0.822014 0.674227 0.618974 0.635632 0.539062 0.767547 0.970180 0.733132 0.803470 0.662638 0.918121 0.609599 0.819859 0.704304 0.702557 0.980404 0.860687 0.674972 0.701755 0.886150 0.912100 0.530342 0.471106 0.838707 0.779935 0.992943 0.872147 0.549205 0.588735 0.684121 0.727744 0.832959 0.979392 0.892542 0.992450 0.963394 0.839281 0.898466 0.892166 0.793108 0.733307 0.423426 0.485297 0.477617 0.498711 0.826399 0.953666 0.700205 0.866307 0.524142 0.549507 0.634188 0.582333 0.590145 0.676754 0.871921 0.601209 0.771342 0.652987 0.924979 0.965966 0.810385 0.635492 0.659110 0.726259 0.756252 0.761485
0.407555 0.710064 0.547466 0.414576 0.868704 0.541725 0.348835 0.302370 0.655339 0.710583 0.000000 0.454436 0.346355 0.323706 0.780620 0.568133 0.638899 0.575775 0.270709 0.373636 0.936984 0.865734 0.622217 0.624171 0.968581 0.686298 0.888971 0.918629 0.540903 0.575598 0.475393 0.437712 0.366052 0.320057 0.679160 0.859858 0.687829 0.952999 0.784631 0.891000 0.907212 0.979004 0.458980 0.497048 0.529602 0.601869 0.462679 0.505616 0.914645 0.781515 0.783247 0.854801 0.855270 0.817322 0.804103 0.797116 0.638109 0.844215 0.552106 0.877101 0.318080 0.682698 0.375424 0.688410 0.727907 0.505588 0.375881 0.398228 0.986734 0.976148 0.551628 0.615542 0.792336 0.687885 0.945083 0.689541 0.581549 0.601351 0.823208 0.737706 0.656934 0.582977 0.831131 0.838463 0.644322 0.651797 0.907693 0.870559 0.874377 0.891834 0.502396 0.673937 0.642077 0.736146 0.847376 0.691429 0.858102 0.896297 0.488927 0.420370 0.498555 0.557906 0.655229 0.590123 0.800955 0.756313 0.970561 0.822294 0.882499 0.951587 0.909387 0.798182 0.653184 0.989175 0.894713 0.838699
0.359454 0.402619 0.928103 0.724566 0.802347 0.538372 0.600482 0.428817 0.764019 0.704339 0.454436 0.000000 0.661847 0.525839 0.994731 0.584071 0.395116 0.325118 0.497452 0.388994 0.859064 0.887752 0.899949 0.838011 0.895719 0.884641 0.942904 0.992840 0.452225 0.367911 0.699679 0.638649 0.437513 0.457886 0.859836 0.857380 0.579903 0.795805 0.816354 0.858138 0.693074 0.847873 0.640770 0.596801 0.436104 0.485745 0.669530 0.598955 0.703175 0.668419 0.680026 0.717914 0.843809 0.787673 0.925135 0.838378 0.385512 0.452034 0.532671 0.673077 0.463469 0.391536 0.446230 0.372875 0.958861 0.587130 0.541471 0.492499 0.725455 0.542029 0.745763 0.696818 0.689860 0.592973 0.916146 0.741260 0.706612 0.761117 0.605068 0.607808 0.361510 0.410742 0.697629 0.587152 0.885675 0.787197 0.991266 0.987272 0.908370 0.889085 0.619541 0.874617 0.691158 0.867032 0.717571 0.846871 0.715078 0.793937 0.492225 0.557241 0.602730 0.663474 0.560739 0.617490 0.815031 0.782286 0.928149 0.897415 0.923739 0.876259 0.857827 0.721017 0.816921 0.899371 0.763811 0.938819
0.530287 0.865712 0.416530 0.366514 0.744694 0.641256 0.332929 0.380917 0.651031 0.706063 0.346355 0.661847 0.000000 0.304753 0.467365 0.464683 0.858156 0.731203 0.329444 0.451454 0.813349 0.980016 0.402347 0.487972 0.825940 0.685223 0.892496 0.828659 0.692026 0.703380 0.481050 0.449875 0.404852 0.363406 0.622647 0.785961 0.825979 0.983873 0.830403 0.985804 0.982661 0.869483 0.449272 0.504042 0.707176 0.784335 0.462557 0.561038 0.838700 0.999794 0.902911 0.907293 0.940965 0.794292 0.753353 0.914364 0.794336 0.996069 0.513071 0.946002 0.342287 0.962420 0.349722 0.839112 0.521111 0.554255 0.343209 0.496626 0.913009 0.966947 0.455414 0.541299 0.921302 0.850493 0.950574 0.689500 0.562330 0.548210 0.993877 0.823657 0.865907 0.812540 0.747481 0.887430 0.486561 0.573196 0.756717 0.872772 0.800067 0.928181 0.472728 0.554595 0.627904 0.588860 0.904779 0.731286 0.898616 0.891562 0.480173 0.455648 0.579800 0.565610 0.657015 0.600721 0.776772 0.681847 0.910985 0.707595 0.838069 0.900375 0.986460 0.804903 0.764137 0.906497 0.933082 0.811844
0.456233 0.685157 0.498963 0.363453 0.800546 0.676314 0.327800 0.289205 0.729700 0.657293 0.323706 0.525839 0.304753 0.000000 0.579456 0.394208 0.734197 0.564864 0.271053 0.314372 0.881600 0.961740 0.481007 0.475907 0.864760 0.725247 0.998469 0.847796 0.572834 0.553467 0.418295 0.352514 0.302675 0.264931 0.656927 0.726763 0.637696 0.970769 0.763243 0.908807 0.994443 0.877677 0.420270 0.477166 0.567523 0.638149 0.488462 0.504098 0.959062 0.871930 0.739393 0.780353 0.844987 0.762012 0.855132 0.933827 0.643270 0.819713 0.521406 0.892602 0.355481 0.796336 0.344156 0.708663 0.634780 0.463981 0.336716 0.386783 0.979298 0.920141 0.514210 0.525305 0.848246 0.693711 0.859221 0.600164 0.553592 0.566003 0.789407 0.753179 0.703734 0.615147 0.622445 0.857749 0.513384 0.496104 0.833977 0.823096 0.793628 0.832257 0.434503 0.646035 0.581934 0.710144 0.821313 0.665336 0.828370 0.868878 0.422512 0.424668 0.476209 0.554670 0.653039 0.647455 0.710677 0.708390 0.996230 0.749242 0.766699 0.930791 0.903152 0.788921 0.708316 0.970688 0.894281 0.890178
0.882541 0.929160 0.504584 0.575089 0.725745 0.869537 0.514093 0.660289 0.708825 0.593938 0.780620 0.994731 0.467365 0.579456 0.000000 0.517206 0.898365 0.987480 0.680246 0.776292 0.852964 0.987923 0.439851 0.673942 0.818259 0.777260 0.785357 0.756991 0.922387 0.926092 0.624789 0.658873 0.698798 0.664454 0.797928 0.835697 0.945229 0.968854 0.939180 0.965478 0.894535 0.796334 0.569484 0.672269 0.809402 0.860676 0.748886 0.757666 0.791557 0.909008 0.915200 0.846510 0.866171 0.727547 0.978153 0.855119 0.974198 0.872391 0.676982 0.961825 0.610799 0.812092 0.715810 0.947876 0.487543 0.752740 0.565095 0.730935 0.721794 0.857321 0.526019 0.543122 0.931170 0.964107 0.946292 0.819307 0.582416 0.652591 0.992875 0.995099 0.844730 0.808037 0.797043 0.755569 0.573782 0.756546 0.690290 0.929353 0.995653 0.951861 0.508981 0.474998 0.642338 0.502888 0.910049 0.957454 0.970740 0.861461 0.622159 0.639186 0.841065 0.627207 0.764194 0.731058 0.781896 0.684701 0.798665 0.639499 0.859681 0.746787 0.965236 0.747532 0.867083 0.870789 0.977904 0.920186
0.544189 0.663384 0.623189 0.567281 0.701754 0.573497 0.432116 0.424828 0.600027 0.507361 0.568133 0.584071 0.464683 0.394208 0.517206 0.000000 0.723776 0.569442 0.489046 0.472766 0.785798 0.892312 0.557148 0.666720 0.904987 0.679337 0.917578 0.872562 0.607816 0.531148 0.565806 0.484638 0.430642 0.433268 0.806549 0.728200 0.651743 0.846648 0.926172 0.916672 0.995137 0.963486 0.480895 0.556543 0.557033 0.595048 0.682334 0.622548 0.959694 0.864811 0.673806 0.686871 0.811972 0.666849 0.952115 0.987876 0.645020 0.758687 0.533886 0.810284 0.438366 0.738726 0.558099 0.712956 0.708104 0.551166 0.469886 0.509297 0.868434 0.874949 0.581447 0.536387 0.871810 0.774652 0.908196 0.750417 0.566490 0.708021 0.727567 0.648818 0.691994 0.739681 0.704112 0.932677 0.629889 0.680328 0.827104 0.977694 0.960594 0.906843 0.413268 0.631148 0.546772 0.593648 0.799215 0.891066 0.712287 0.809508 0.432580 0.555421 0.536577 0.566344 0.617013 0.704395 0.809238 0.772314 0.813866 0.767968 0.845202 0.928121 0.851686 0.604891 0.705179 0.906658 0.862106 0.952624
0.384510 0.290286 0.817971 0.983505 0.972457 0.669712 0.840612 0.632923 0.836384 0.717695 0.638899 0.395116 0.858156 0.734197 0.898365 0.723776 0.000000 0.285612 0.713490 0.598513 0.898221 0.908454 0.855715 0.936976 0.887571 0.888729 0.930816 0.953683 0.462501 0.319712 0.854595 0.776913 0.662517 0.637644 0.910417 0.991221 0.732030 0.740929 0.839563 0.652993 0.728596 0.784501 0.740905 0.630125 0.558234 0.544022 0.866004 0.794277 0.688765 0.702700 0.683496 0.716279 0.931766 0.861983 0.919310 0.834286 0.279470 0.311198 0.712551 0.720751 0.706240 0.474952 0.581595 0.314259 0.679476 0.816277 0.784818 0.719466 0.635554 0.587983 0.827089 0.767957 0.746627 0.669217 0.896118 0.683883 0.815005 0.832986 0.624609 0.597396 0.278988 0.499322 0.768562 0.541840 0.846433 0.963253 0.873886 0.856473 0.932943 0.944032 0.751525 0.977332 0.780542 0.998077 0.691673 0.912812 0.670788 0.761324 0.619483 0.615496 0.744607 0.782576 0.633260 0.690897 0.811418 0.920207 0.892146 0.908685 0.986050 0.819368 0.793489 0.641972 0.810606 0.864439 0.783038 0.869518
0.375214 0.298213 0.945665 0.835576 0.904315 0.598685 0.684834 0.504037 0.798141 0.621783 0.575775 0.325118 0.731203 0.564864 0.987480 0.569442 0.285612 0.000000 0.569899 0.515778 0.870713 0.996470 0.992524 0.928259 0.877815 0.965174 0.947011 0.947671 0.444765 0.271063 0.727692 0.614951 0.516248 0.541230 0.983871 0.885452 0.667935 0.812658 0.892194 0.756671 0.802997 0.851088 0.626564 0.563216 0.457385 0.431576 0.797951 0.660477 0.739865 0.686651 0.665364 0.646570 0.885055 0.813202 0.982932 0.888691 0.266775 0.333562 0.674830 0.764783 0.585174 0.480642 0.501654 0.293822 0.810815 0.701400 0.621935 0.606508 0.714515 0.569234 0.713529 0.668334 0.748042 0.625115 0.876299 0.713220 0.707183 0.710347 0.468894 0.509097 0.271190 0.461242 0.696063 0.590435 0.950517 0.869734 0.927719 0.878691 0.974939 0.945803 0.603738 0.866018 0.637895 0.871446 0.772367 0.845989 0.590959 0.852035 0.492604 0.527869 0.596614 0.687882 0.555554 0.682986 0.753121 0.801438 0.850568 0.942495 0.987089 0.847487 0.842329 0.627629 0.755335 0.868121 0.749245 0.901134
0.427455 0.687294 0.446360 0.322655 0.820599 0.569635 0.280608 0.245196 0.727429 0.682261 0.270709 0.497452 0.329444 0.271053 0.680246 0.489046 0.713490 0.569899 0.000000 0.343492 0.959143 0.895839 0.497768 0.464396 0.822760 0.644459 0.964252 0.880297 0.593607 0.584655 0.384371 0.330507 0.304452 0.275188 0.658605 0.806334 0.720830 0.971627 0.766584 0.970637 0.936391 0.913860 0.427058 0.473114 0.545363 0.614788 0.496215 0.482948 0.985085 0.858563 0.853332 0.892503 0.949840 0.912706 0.797767 0.852686 0.631264 0.844116 0.568188 0.942902 0.366860 0.778780 0.391343 0.746204 0.667628 0.477657 0.329362 0.351123 0.932078 0.938846 0.528248 0.575997 0.865903 0.702566 0.863802 0.705558 0.587394 0.607336 0.759136 0.698474 0.718207 0.574784 0.712657 0.908788 0.556136 0.578356 0.856717 0.834203 0.794332 0.861290 0.480830 0.667484 0.611900 0.761590 0.845590 0.724946 0.826046 0.906697 0.428560 0.406379 0.489085 0.532828 0.655487 0.607970 0.725413 0.759702 0.956616 0.838441 0.878160 0.897340 0.945428 0.719362 0.666179 0.962963 0.936913 0.903012
0.388337 0.543119 0.654161 0.462317 0.817717 0.608109 0.448177 0.316621 0.713355 0.739635 0.373636 0.388994 0.451454 0.314372 0.776292 0.472766 0.598513 0.515778 0.343492 0.000000 0.876116 0.989449 0.670200 0.564144 0.818512 0.710410 0.940667 0.857488 0.483243 0.540922 0.519689 0.432659 0.298844 0.350658 0.755428 0.792952 0.615024 0.991606 0.769049 0.874725 0.869637 0.971629 0.526723 0.539298 0.561037 0.616355 0.543119 0.575545 0.843989 0.794523 0.747707 0.856645 0.887725 0.888425 0.888522 0.843307 0.523768 0.633897 0.504749 0.784844 0.437118 0.602769 0.405158 0.643590 0.771048 0.524356 0.453499 0.431249 0.822259 0.767949 0.609469 0.620317 0.744694 0.623602 0.854020 0.682137 0.613202 0.653813 0.781908 0.687276 0.567388 0.455535 0.597273 0.756150 0.624304 0.588842 0.784934 0.801946 0.846136 0.822248 0.580045 0.823922 0.708307 0.875070 0.775169 0.824705 0.830101 0.822732 0.480841 0.447564 0.555546 0.639711 0.611206 0.625033 0.689323 0.774261 0.955401 0.909319 0.786155 0.949695 0.885716 0.715600 0.738158 0.965520 0.911324 0.993203
0.918400 0.945348 0.893179 0.946403 0.857643 0.827965 0.886692 0.938243 0.874700 0.979623 0.936984 0.859064 0.813349 0.881600 0.852964 0.785798 0.898221 0.870713 0.959143 0.876116 0.000000 0.899517 0.891784 0.919079 0.962038 0.949639 0.907544 0.924311 0.988964 0.911009 0.858844 0.978112 0.820530 0.838092 0.944830 0.821529 0.871143 0.814441 0.938822 0.800125 0.856799 0.999687 0.936432 0.981548 0.970963 0.991781 0.986385 0.929174 0.890144 0.880343 0.993066 0.946636 0.938405 0.859445 0.905869 0.958059 0.996211 0.946415 0.750639 0.759604 0.756773 0.911865 0.907014 0.920210 0.808859 0.803275 0.797547 0.822410 0.926882 0.993469 0.758527 0.907250 0.969773 0.884661 0.967467 0.823529 0.901292 0.865047 0.954154 0.859240 0.862616 0.964591 0.985316 0.958722 0.875507 0.837004 0.877513 0.854226 0.905116 0.922654 0.876473 0.879210 0.891554 0.771496 0.979533 0.880523 0.865800 0.989365 0.788458 0.945988 0.805850 0.955249 0.969951 0.960998 0.919651 0.802858 0.889815 0.967166 0.989286 0.959638 0.867045 0.840752 0.993176 0.997536 0.878994 0.920449
0.947808 0.939079 0.997946 0.975879 0.963336 0.921316 0.883631 0.894746 0.938036 0.849172 0.865734 0.887752 0.980016 0.961740 0.987923 0.892312 0.908454 0.996470 0.895839 0.989449 0.899517 0.000000 0.972632 0.926115 0.881640 0.830158 0.805863 0.859971 0.902237 0.921074 0.933507 0.980848 0.930646 0.943477 0.977507 0.955755 0.864472 0.855272 0.954260 0.877731 0.906277 0.946233 0.876891 0.957140 0.926656 0.918562 0.921013 0.996207 0.885310 0.871511 0.976217 0.996447 0.895316 0.965689 0.988995 0.879270 0.982732 0.987094 0.943250 0.999530 0.935503 0.885290 0.990193 0.996541 0.990934 0.951228 0.948813 0.889713 0.896788 0.937104 0.959366 0.976861 0.846233 0.999878 0.837449 0.970621 0.994635 0.896115 0.917551 0.968743 0.939277 0.978366 0.883116 0.979788 0.970794 0.868834 0.978816 0.936984 0.916095 0.848137 0.980492 0.969681 0.992444 0.943827 0.919883 0.917667 0.959616 0.971381 0.961590 0.979546 0.917910 0.849583 0.959724 0.902338 0.826634 0.968976 0.917400 0.963603 0.945436 0.858808 0.974496 0.828240 0.901613 0.964305 0.887892 0.935613
0.884784 0.862630 0.320825 0.335410 0.818455 0.865622 0.353903 0.482815 0.778151 0.730751 0.622217 0.899949 0.402347 0.481007 0.439851 0.557148 0.855715 0.992524 0.497768 0.670200 0.891784 0.972632 0.000000 0.399683 0.620775 0.631227 0.837585 0.904645 0.951509 0.909531 0.437972 0.461679 0.490017 0.474172 0.578023 0.636697 0.859778 0.980440 0.792113 0.863550 0.978366 0.696525 0.632717 0.748334 0.863106 0.956542 0.634447 0.675951 0.703456 0.830844 0.928775 0.907547 0.942627 0.776485 0.877689 0.948004 0.880795 0.799385 0.661137 0.879982 0.483501 0.969735 0.612472 0.922795 0.379343 0.458084 0.401179 0.444169 0.709637 0.760034 0.564140 0.592242 0.930438 0.968537 0.904893 0.834727 0.670308 0.678885 0.938390 0.875478 0.856594 0.993612 0.757708 0.752965 0.361847 0.506790 0.736991 0.798592 0.797456 0.808099 0.582274 0.602607 0.662334 0.627293 0.908024 0.866656 0.999352 0.898069 0.723452 0.634575 0.711033 0.579624 0.901392 0.771129 0.804301 0.687349 0.992688 0.754289 0.927159 0.739202 0.988205 0.956281 0.892465 0.988947 0.962109 0.832070
0.846387 0.949847 0.434976 0.300542 0.959711 0.784646 0.466201 0.489296 0.948144 0.989412 0.624171 0.838011 0.487972 0.475907 0.673942 0.666720 0.936976 0.928259 0.464396 0.564144 0.919079 0.926115 0.399683 0.000000 0.504986 0.632115 0.875362 0.813784 0.915285 0.877425 0.476673 0.430180 0.495345 0.464711 0.682019 0.761886 0.940310 0.945158 0.714516 0.954634 0.868160 0.665526 0.642226 0.699453 0.840226 0.917007 0.564160 0.644706 0.869739 0.931817 0.939608 0.963433 0.912923 0.992742 0.695108 0.953966 0.970153 0.896251 0.808188 0.911220 0.629200 0.961617 0.695223 0.898727 0.489067 0.445070 0.511889 0.474538 0.906927 0.772547 0.730227 0.805952 0.951373 0.918443 0.857265 0.805764 0.803466 0.759936 0.918680 0.830290 0.969237 0.733350 0.653502 0.980340 0.420970 0.351604 0.758130 0.555825 0.680892 0.686541 0.788128 0.857528 0.876754 0.954885 0.909803 0.859636 0.961932 0.992536 0.735635 0.687975 0.750539 0.751553 0.961934 0.805923 0.817184 0.932669 0.910559 0.978127 0.831040 0.811414 0.921803 0.915485 0.973758 0.947372 0.991307 0.752671
0.964232 0.980338 0.671537 0.647509 0.940171 0.970883 0.822344 0.845940 0.883976 0.790434 0.968581 0.895719 0.825940 0.864760 0.818259 0.904987 0.887571 0.877815 0.822760 0.818512 0.962038 0.881640 0.620775 0.504986 0.000000 0.677785 0.739671 0.980786 0.831701 0.919340 0.661455 0.639215 0.789662 0.813794 0.808568 0.765545 0.885486 0.965010 0.831249 0.982369 0.930914 0.658372 0.870056 0.901208 0.847403 0.880442 0.770006 0.892237 0.878391 0.839234 0.884495 0.728191 0.689696 0.749810 0.912215 0.870347 0.957363 0.950343 0.969385 0.882639 0.910451 0.992480 0.995032 0.789933 0.574290 0.652279 0.835524 0.798375 0.977598 0.741155 0.993408 0.947823 0.835670 0.848224 0.796743 0.811762 0.944850 0.991471 0.819212 0.877244 0.926861 0.827246 0.667044 0.851710 0.521279 0.541488 0.830309 0.791553 0.746808 0.706209 0.851776 0.838368 0.856145 0.767549 0.946252 0.968712 0.970747 0.918903 0.980263 0.959435 0.919043 0.964806 0.848047 0.940236 0.899380 0.858233 0.833232 0.958571 0.925314 0.856617 0.930010 0.998551 0.832808 0.899115 0.869996 0.815606
0.883549 0.960402 0.485954 0.507662 0.963807 0.786984 0.552010 0.585769 0.825543 0.972195 0.686298 0.884641 0.685223 0.725247 0.777260 0.679337 0.888729 0.965174 0.644459 0.710410 0.949639 0.830158 0.631227 0.632115 0.677785 0.000000 0.955992 0.968337 0.865576 0.987112 0.618701 0.626762 0.649868 0.710648 0.822270 0.724735 0.921006 0.902946 0.928702 0.991905 0.878548 0.873314 0.634442 0.794259 0.748524 0.740192 0.670264 0.733905 0.829745 0.870883 0.869489 0.975082 0.956319 0.994852 0.688928 0.951430 0.998353 0.896568 0.799876 0.907276 0.646403 0.864693 0.911153 0.817922 0.519197 0.556390 0.619207 0.619613 0.849478 0.786283 0.860477 0.803275 0.952286 0.896440 0.870132 0.975963 0.834241 0.811247 0.939961 0.875355 0.973935 0.815154 0.824739 0.910370 0.583776 0.663325 0.786901 0.794591 0.868299 0.985884 0.799143 0.875554 0.854161 0.875074 0.977211 0.933952 0.965328 0.945009 0.840812 0.771963 0.730102 0.820531 0.917135 0.934374 0.854530 0.931642 0.942250 0.993659 0.836797 0.920749 0.989328 0.897881 0.917085 0.928634 0.959459 0.823756
0.991287 0.970011 0.977512 0.982370 0.993475 0.990413 0.946267 0.902735 0.964064 0.957841 0.888971 0.942904 0.892496 0.998469 0.785357 0.917578 0.930816 0.947011 0.964252 0.940667 0.907544 0.805863 0.837585 0.875362 0.739671 0.955992 0.000000 0.735176 0.913592 0.950215 0.999746 0.987992 0.933119 0.983769 0.852048 0.889764 0.919040 0.930208 0.971488 0.973034 0.905525 0.979510 0.907660 0.982517 0.826253 0.865793 0.934922 0.901961 0.738539 0.767620 0.981474 0.868715 0.775341 0.928613 0.940414 0.869660 0.953050 0.966623 0.931544 0.849599 0.931394 0.970930 0.947983 0.983159 0.854483 0.853124 0.940066 0.995310 0.938469 0.956031 0.963665 0.889398 0.791341 0.800819 0.891893 0.968946 0.909222 0.838903 0.918303 0.956906 0.968398 0.922621 0.755334 0.701494 0.786922 0.796166 0.807777 0.958216 0.734587 0.914316 0.912104 0.921532 0.891545 0.966111 0.941522 0.868863 0.970970 0.772286 0.969275 0.966750 0.913043 0.928544 0.910983 0.995245 0.951370 0.963128 0.849630 0.805866 0.880923 0.831562 0.941350 0.980662 0.775241 0.870097 0.903518 0.970637
0.911770 0.953299 0.919282 0.809512 0.979681 0.791048 0.924330 0.913217 0.784832 0.906734 0.918629 0.992840 0.828659 0.847796 0.756991 0.872562 0.953683 0.947671 0.880297 0.857488 0.924311 0.859971 0.904645 0.813784 0.980786 0.968337 0.735176 0.000000 0.909098 0.935436 0.804173 0.954761 0.927068 0.919597 0.733111 0.827891 0.956646 0.932731 0.976369 0.876056 0.949019 0.995856 0.869189 0.813298 0.983108 0.965368 0.925947 0.935640 0.897946 0.921093 0.979804 0.900566 0.955841 0.994548 0.982253 0.988197 0.958984 0.870982 0.865904 0.834496 0.993779 0.799926 0.949077 0.861334 0.897589 0.996374 0.879294 0.990288 0.970663 0.997304 0.869792 0.824978 0.882104 0.868743 0.818036 0.973378 0.753912 0.952439 0.888924 0.858436 0.887303 0.893509 0.961039 0.811818 0.889894 0.920695 0.898556 0.901454 0.964509 0.936741 0.805833 0.816700 0.846268 0.760665 0.875801 0.937989 0.989328 0.760784 0.824957 0.841139 0.866214 0.815748 0.764865 0.733101 0.862848 0.919640 0.946867 0.802618 0.971392 0.740822 0.944763 0.962271 0.949730 0.872682 0.895574 0.985225
0.531191 0.501687 0.871739 0.726035 0.919803 0.767700 0.631903 0.492569 0.719666 0.679144 0.540903 0.452225 0.692026 0.572834 0.922387 0.607816 0.462501 0.444765 0.593607 0.483243 0.988964 0.902237 0.951509 0.915285 0.831701 0.865576 0.913592 0.909098 0.000000 0.430107 0.697662 0.713650 0.537638 0.602721 0.897663 0.949360 0.654970 0.870747 0.873008 0.703533 0.817366 0.937005 0.643835 0.606197 0.478366 0.482056 0.792529 0.642148 0.652085 0.628547 0.614881 0.647326 0.749731 0.728252 0.936478 0.753161 0.483657 0.544239 0.542908 0.735849 0.574763 0.542644 0.545892 0.539066 0.944863 0.741293 0.644513 0.639034 0.874022 0.576435 0.773415 0.636143 0.548704 0.547143 0.836761 0.662726 0.688819 0.765541 0.620090 0.714861 0.527643 0.634748 0.739796 0.652501 0.944024 0.874851 0.938131 0.934378 0.982589 0.914225 0.593355 0.870369 0.711415 0.833712 0.739411 0.854870 0.653599 0.948128 0.609371 0.559299 0.638066 0.741433 0.604350 0.742120 0.777354 0.931070 0.872710 0.780708 0.690771 0.923544 0.742139 0.846775 0.724423 0.777960 0.900190 0.930651
0.450732 0.329000 0.988384 0.830654 0.870198 0.645447 0.663528 0.507933 0.772375 0.571058 0.575598 0.367911 0.703380 0.553467 0.926092 0.531148 0.319712 0.271063 0.584655 0.540922 0.911009 0.921074 0.909531 0.877425 0.919340 0.987112 0.950215 0.935436 0.430107 0.000000 0.726552 0.632300 0.520748 0.507158 0.920381 0.912397 0.718965 0.815929 0.791649 0.742705 0.767104 0.886842 0.645709 0.592335 0.486488 0.477345 0.780316 0.661654 0.756583 0.685971 0.564394 0.568903 0.834638 0.705617 0.999217 0.896517 0.342218 0.371838 0.645530 0.644592 0.554055 0.468586 0.470332 0.317988 0.861778 0.659316 0.647765 0.589704 0.715694 0.637281 0.722713 0.719998 0.742796 0.670125 0.877118 0.696318 0.724265 0.719769 0.529969 0.471984 0.317063 0.488252 0.695404 0.593109 0.976508 0.794854 0.917789 0.936621 0.948187 0.903922 0.617805 0.867165 0.663884 0.890506 0.676913 0.856031 0.610086 0.872865 0.505447 0.602422 0.682147 0.702251 0.591762 0.742115 0.831362 0.821751 0.832932 0.873316 0.982926 0.822769 0.749547 0.630429 0.820728 0.786063 0.722365 0.958124
0.664679 0.876028 0.381654 0.323181 0.846652 0.710383 0.365658 0.383845 0.737075 0.735252 0.475393 0.699679 0.481050 0.418295 0.624789 0.565806 0.854595 0.727692 0.384371 0.519689 0.858844 0.933507 0.437972 0.476673 0.661455 0.618701 0.999746 0.804173 0.697662 0.726552 0.000000 0.394003 0.403751 0.391091 0.631740 0.780180 0.760786 0.985151 0.809725 0.990254 0.950764 0.743875 0.538194 0.566208 0.675021 0.735983 0.673711 0.629864 0.971728 0.999173 0.868420 0.957265 0.982828 0.920062 0.921891 0.951120 0.787653 0.953336 0.663548 0.891936 0.485880 0.857349 0.620110 0.948436 0.577622 0.495990 0.457863 0.457877 0.972542 0.976403 0.565005 0.490488 0.830334 0.629770 0.778124 0.646623 0.627652 0.735250 0.801624 0.767084 0.899421 0.817437 0.742742 0.963644 0.546058 0.578351 0.848515 0.841767 0.868914 0.925270 0.581013 0.710102 0.622697 0.790643 0.962536 0.876162 0.773676 0.928639 0.622223 0.520621 0.489746 0.574650 0.809445 0.773081 0.726784 0.855491 0.894844 0.735553 0.907842 0.881056 0.897533 0.898969 0.790028 0.964141 0.972154 0.903048
0.560781 0.727993 0.430586 0.345003 0.875842 0.634159 0.325842 0.315667 0.764400 0.677878 0.437712 0.638649 0.449875 0.352514 0.658873 0.484638 0.776913 0.614951 0.330507 0.432659 0.978112 0.980848 0.461679 0.430180 0.639215 0.626762 0.987992 0.954761 0.713650 0.632300 0.394003 0.000000 0.390626 0.335300 0.712310 0.697167 0.757355 0.884588 0.746050 0.979627 0.930892 0.820617 0.466908 0.464276 0.563795 0.623906 0.517026 0.473475 0.919844 0.821957 0.755895 0.816998 0.918597 0.851202 0.830959 0.988272 0.698375 0.858561 0.642127 0.870248 0.455001 0.772604 0.542311 0.846611 0.598230 0.455768 0.384673 0.390719 0.932829 0.951112 0.653890 0.596304 0.871084 0.728515 0.891295 0.682804 0.564781 0.597099 0.744813 0.598104 0.774528 0.606880 0.610830 0.885434 0.560341 0.525118 0.808580 0.801639 0.912713 0.786973 0.543430 0.704180 0.667909 0.797393 0.797968 0.805791 0.881780 0.861096 0.559322 0.493007 0.583329 0.553590 0.777070 0.678994 0.737566 0.801966 0.960716 0.878006 0.937915 0.971835 0.828960 0.784480 0.820685 0.995744 0.950738 0.922304
0.440074 0.634067 0.529762 0.395994 0.806282 0.628042 0.341229 0.270357 0.710459 0.712750 0.366052 0.437513 0.404852 0.302675 0.698798 0.430642 0.662517 0.516248 0.304452 0.298844 0.820530 0.930646 0.490017 0.495345 0.789662 0.649868 0.933119 0.927068 0.537638 0.520748 0.403751 0.390626 0.000000 0.316670 0.681000 0.690495 0.601106 0.823674 0.735270 0.851018 0.903556 0.898334 0.460561 0.531043 0.519348 0.598041 0.490872 0.580733 0.946599 0.863283 0.737314 0.827027 0.905961 0.836641 0.913331 0.854565 0.613145 0.735999 0.482200 0.745301 0.324873 0.605621 0.382439 0.653477 0.645901 0.363204 0.335659 0.313375 0.971622 0.865777 0.556710 0.532802 0.780187 0.651421 0.847870 0.675172 0.577138 0.690831 0.740510 0.631869 0.617412 0.530096 0.649747 0.851653 0.524269 0.505991 0.860022 0.851109 0.884719 0.862134 0.504101 0.748750 0.622345 0.819604 0.867215 0.789958 0.776509 0.893938 0.456083 0.466063 0.518592 0.561410 0.646131 0.663216 0.725383 0.798291 0.971706 0.852736 0.811558 0.981273 0.963561 0.751183 0.733592 0.876341 0.969983 0.869846
0.456345 0.660197 0.483214 0.361902 0.786949 0.557713 0.302048 0.264929 0.644385 0.606074 0.320057 0.457886 0.363406 0.264931 0.664454 0.433268 0.637644 0.541230 0.275188 0.350658 0.838092 0.943477 0.474172 0.464711 0.813794 0.710648 0.983769 0.919597 0.602721 0.507158 0.391091 0.335300 0.316670 0.000000 0.704813 0.797627 0.625680 0.850132 0.606820 0.946801 0.935397 0.849331 0.463592 0.463909 0.527871 0.624852 0.528383 0.501549 0.980013 0.861533 0.738358 0.754396 0.866977 0.751653 0.886410 0.985854 0.622898 0.801049 0.533755 0.781038 0.330158 0.697312 0.389560 0.684982 0.662820 0.407236 0.339110 0.313622 0.965749 0.931111 0.528975 0.562621 0.808453 0.687232 0.858035 0.630352 0.639135 0.578129 0.765237 0.631276 0.668001 0.553605 0.653187 0.813431 0.552979 0.538040 0.862291 0.843168 0.820081 0.838641 0.478957 0.677605 0.597993 0.724557 0.805136 0.750483 0.842480 0.837938 0.444940 0.446839 0.488017 0.553643 0.705071 0.618868 0.698172 0.725688 0.934277 0.797445 0.825467 0.946934 0.942926 0.710070 0.713175 0.999209 0.847411 0.917027
0.782392 0.877451 0.610870 0.580364 0.907533 0.892404 0.692666 0.748118 0.930092 0.927316 0.679160 0.859836 0.622647 0.656927 0.797928 0.806549 0.910417 0.983871 0.658605 0.755428 0.944830 0.977507 0.578023 0.682019 0.808568 0.822270 0.852048 0.733111 0.897663 0.920381 0.631740 0.712310 0.681000 0.704813 0.000000 0.795043 0.766834 0.936945 0.916312 0.982747 0.890381 0.967516 0.785510 0.790601 0.977952 0.978995 0.697454 0.836282 0.750567 0.905238 0.910098 0.920427 0.980398 0.976491 0.838937 0.926735 0.940964 0.857433 0.678458 0.969885 0.696836 0.986640 0.727417 0.961261 0.600718 0.668835 0.533470 0.616526 0.813886 0.931249 0.793633 0.736350 0.904251 0.830685 0.990784 0.832129 0.792517 0.935512 0.979130 0.970173 0.946213 0.959095 0.901318 0.821190 0.583495 0.690196 0.807880 0.946275 0.823681 0.902072 0.675460 0.820119 0.741250 0.720302 0.957179 0.841434 0.955757 0.877723 0.829761 0.815293 0.807048 0.684062 0.906523 0.814889 0.810271 0.799793 0.835949 0.722301 0.873888 0.831937 0.987033 0.823441 0.936175 0.956732 0.916003 0.769191
0.893282 0.969576 0.761833 0.741102 0.888098 0.982227 0.749438 0.773939 0.869367 0.980286 0.859858 0.857380 0.785961 0.726763 0.835697 0.728200 0.991221 0.885452 0.806334 0.792952 0.821529 0.955755 0.636697 0.761886 0.765545 0.724735 0.889764 0.827891 0.949360 0.912397 0.780180 0.697167 0.690495 0.797627 0.795043 0.000000 0.804716 0.866614 0.950778 0.914848 0.859252 0.901559 0.945314 0.987550 0.912992 0.997079 0.726430 0.909851 0.869931 0.952081 0.853367 0.899778 0.883780 0.947660 0.901557 0.900203 0.996296 0.924674 0.820903 0.753907 0.703482 0.810535 0.751898 0.904728 0.673578 0.570787 0.631145 0.592241 0.923731 0.926994 0.794021 0.804987 0.985190 0.867629 0.951819 0.996672 0.875043 0.913686 0.961950 0.947939 0.886138 0.837116 0.696927 0.955186 0.555083 0.569712 0.912604 0.889557 0.875302 0.890872 0.850854 0.955796 0.791317 0.942013 0.851314 0.797530 0.883316 0.771392 0.944050 0.940117 0.918061 0.821296 0.991863 0.840746 0.799400 0.828350 0.958636 0.978932 0.955659 0.933361 0.970864 0.909718 0.943944 0.833167 0.991610 0.968905
0.696164 0.792189 0.843014 0.805790 0.815167 0.848836 0.703725 0.649980 0.810082 0.723014 0.687829 0.579903 0.825979 0.637696 0.945229 0.651743 0.732030 0.667935 0.720830 0.615024 0.871143 0.864472 0.859778 0.940310 0.885486 0.921006 0.919040 0.956646 0.654970 0.718965 0.760786 0.757355 0.601106 0.625680 0.766834 0.804716 0.000000 0.861986 0.871051 0.780497 0.700623 0.781524 0.808723 0.802073 0.678333 0.785804 0.813913 0.891121 0.877802 0.891033 0.705845 0.794289 0.796617 0.786861 0.931838 0.979837 0.751159 0.770477 0.589349 0.729549 0.645706 0.684126 0.722251 0.741829 0.970080 0.707178 0.646926 0.566304 0.943428 0.843933 0.799483 0.668519 0.738538 0.702851 0.892688 0.715545 0.785980 0.981242 0.843690 0.796724 0.734245 0.792571 0.814773 0.782979 0.876784 0.904152 0.973118 0.958501 0.921480 0.996079 0.703539 0.845968 0.738768 0.843067 0.630326 0.914969 0.867580 0.875008 0.738005 0.807987 0.676621 0.792766 0.824632 0.839731 0.880626 0.854226 0.966653 0.772031 0.764138 0.874885 0.884383 0.884937 0.862349 0.901712 0.977322 0.955129
0.818335 0.856620 0.971121 0.981048 0.882975 0.885445 0.937123 0.912910 0.799313 0.905342 0.952999 0.795805 0.983873 0.970769 0.968854 0.846648 0.740929 0.812658 0.971627 0.991606 0.814441 0.855272 0.980440 0.945158 0.965010 0.902946 0.930208 0.932731 0.870747 0.815929 0.985151 0.884588 0.823674 0.850132 0.936945 0.866614 0.861986 0.000000 0.936475 0.855796 0.860268 0.956207 0.930642 0.989874 0.782469 0.832640 0.962046 0.975650 0.931542 0.942298 0.892039 0.872092 0.910519 0.917270 0.999237 0.953987 0.853484 0.827409 0.771456 0.678556 0.782860 0.727017 0.892419 0.751405 0.966414 0.815073 0.845722 0.818380 0.905890 0.890542 0.958810 0.884472 0.913053 0.940674 0.895068 0.952741 0.931553 0.862390 0.999130 0.896012 0.806142 0.858796 0.885054 0.982097 0.979102 0.987327 0.954459 0.831460 0.945879 0.760490 0.867658 0.963002 0.810532 0.906296 0.975289 0.963784 0.887225 0.876196 0.861315 0.964066 0.953474 0.952225 0.904372 0.924452 0.845974 0.853365 0.865149 0.943031 0.898484 0.975888 0.858883 0.825971 0.828146 0.830764 0.867725 0.990461
