0.000000 0.276646 0.951321 0.821085 0.851202 0.783119 0.912010 0.612507 0.746512 0.636144 0.387023 0.340142 0.490539 0.454557 0.620114 0.702036 0.360847 0.333913 0.340877 0.295514 0.734336 0.965619 0.516869 0.661556 0.946097 0.660742 0.786274 0.893154 0.421437 0.473874 0.767007 0.797810 0.625215 0.731447 0.935799 0.818122 0.676715 0.960348 0.789892 0.800558 0.832291 0.777487 0.868521 0.809718 0.893083 0.714609 0.588686 0.685355 0.450525 0.600484 0.867039 0.954502 0.962446 0.696956 0.761869 0.944352 0.264835 0.358193 0.496100 0.649144 0.757661 0.738030 0.433115 0.394606 0.803168 0.732659 0.836158 0.731291 0.447149 0.497806 0.849232 0.931460 0.753783 0.965732 0.947731 0.918494 0.787194 0.955566 0.824059 0.675856 0.420805 0.339522 0.425693 0.557437 0.341776 0.602609 0.981509 0.588495 0.770946 0.529894 0.765266 0.618721 0.659287 0.520648 0.960189 0.977053 0.832184 0.836622 0.854081 0.873324 0.850621 0.698818 0.888534 0.895687 0.991568 0.901595 0.930866 0.668506 0.867199 0.925702 0.951592 0.888506 0.815253 0.982265 0.961252 0.829537
0.276646 0.000000 0.857048 0.858463 0.978247 0.705279 0.992838 0.598489 0.664239 0.680168 0.517533 0.393912 0.632171 0.510453 0.803155 0.794008 0.367500 0.366037 0.429073 0.338055 0.815821 0.936278 0.665486 0.778699 0.834017 0.748286 0.926864 0.815455 0.427111 0.507674 0.837132 0.803698 0.736858 0.718764 0.893794 0.925878 0.761432 0.957357 0.792310 0.762699 0.803782 0.840984 0.903084 0.775377 0.832720 0.665462 0.602462 0.738235 0.364668 0.566032 0.899961 0.988533 0.901570 0.640424 0.781293 0.992414 0.268156 0.252772 0.622348 0.654878 0.812699 0.701360 0.518375 0.429054 0.719380 0.751204 0.748360 0.788170 0.557580 0.500161 0.993748 0.921227 0.842298 0.955960 0.995261 0.955713 0.845361 0.963891 0.789582 0.653803 0.421390 0.338319 0.459179 0.502400 0.415376 0.600638 0.933413 0.561822 0.951857 0.616504 0.618925 0.503630 0.573494 0.428475 0.882231 0.960445 0.924887 0.808802 0.926606 0.957633 0.779568 0.636446 0.936266 0.969257 0.921601 0.945445 0.778785 0.605426 0.898362 0.987434 0.986003 0.952192 0.802759 0.983025 0.848413 0.797477
0.951321 0.857048 0.000000 0.491578 0.823587 0.642503 0.374748 0.614399 0.755726 0.729451 0.858441 0.988885 0.728589 0.873290 0.736953 0.895714 0.917210 0.968892 0.865409 0.995612 0.841920 0.924200 0.708950 0.892853 0.834250 0.618336 0.939740 0.941240 0.923415 0.862661 0.570376 0.572318 0.521102 0.656297 0.586301 0.880973 0.949791 0.832666 0.872974 0.856584 0.978636 0.948743 0.553153 0.586276 0.526958 0.654952 0.617981 0.521682 0.960788 0.704732 0.444104 0.493315 0.459827 0.425140 0.685667 0.766833 0.960318 0.760204 0.957455 0.809592 0.553470 0.834268 0.875716 0.943220 0.463668 0.714880 0.390648 0.522948 0.899374 0.928989 0.782074 0.786099 0.703107 0.554672 0.744382 0.881608 0.770871 0.662433 0.865552 0.904383 0.894693 0.957204 0.983766 0.986096 0.914304 0.998612 0.837910 0.930724 0.798568 0.971821 0.580027 0.674154 0.698343 0.736707 0.758270 0.996466 0.719618 0.943213 0.593806 0.538491 0.677339 0.679667 0.650349 0.564713 0.593343 0.645086 0.992734 0.906382 0.987128 0.716892 0.789648 0.734933 0.625969 0.710898 0.564150 0.953662
0.821085 0.858463 0.491578 0.000000 0.783169 0.719520 0.439262 0.394732 0.803556 0.559264 0.730292 0.656007 0.636176 0.618072 0.609557 0.634673 0.749592 0.786994 0.737111 0.724157 0.804555 0.984397 0.564674 0.627997 0.894185 0.759927 0.963640 0.871277 0.701306 0.720118 0.477079 0.578598 0.552447 0.655994 0.776562 0.947632 0.829706 0.828034 0.802639 0.971476 0.960279 0.958522 0.523109 0.513244 0.506068 0.525558 0.654497 0.535624 0.662722 0.495020 0.427319 0.440505 0.562910 0.622219 0.701827 0.887338 0.914083 0.961245 0.817308 0.975736 0.522518 0.540914 0.726548 0.765039 0.617294 0.602157 0.567043 0.643433 0.994315 0.877716 0.779169 0.678191 0.649839 0.582602 0.623473 0.920635 0.554110 0.648352 0.778779 0.833941 0.746271 0.849216 0.806646 0.908806 0.695179 0.694216 0.885960 0.795172 0.891492 0.780126 0.719049 0.812360 0.824719 0.916877 0.789430 0.947776 0.760719 0.930076 0.567191 0.528207 0.722922 0.726525 0.644306 0.708691 0.648093 0.674109 0.881479 0.977165 0.974598 0.849770 0.746524 0.687518 0.617088 0.898958 0.793700 0.868776
0.851202 0.978247 0.823587 0.783169 0.000000 0.898301 0.810572 0.856438 0.819259 0.967813 0.859105 0.854008 0.767664 0.789809 0.753295 0.763198 0.992695 0.992346 0.861503 0.922826 0.927027 0.893097 0.732823 0.662884 0.984238 0.915217 0.815467 0.791013 0.984252 0.932144 0.971513 0.971945 0.865012 0.988349 0.909241 0.889116 0.897324 0.858691 0.966938 0.982731 0.970964 0.916954 0.849872 0.875168 0.935147 0.986331 0.853402 0.830812 0.869634 0.859667 0.768653 0.802979 0.744558 0.886648 0.768849 0.881199 0.975688 0.872744 0.840591 0.853544 0.779523 0.757610 0.947557 0.962104 0.879318 0.845066 0.831332 0.949558 0.882232 0.955968 0.940591 0.973356 0.833641 0.899457 0.964806 0.893218 0.937750 0.882262 0.842576 0.963623 0.977679 0.971005 0.929429 0.974970 0.759285 0.830874 0.882404 0.772361 0.755779 0.930921 0.764920 0.823415 0.948374 0.892200 0.981789 0.967389 0.948165 0.997728 0.869267 0.796502 0.816086 0.844217 0.986934 0.958211 0.914198 0.853213 0.836686 0.910715 0.916470 0.713128 0.947688 0.857911 0.939511 0.939010 0.825271 0.886562
0.783119 0.705279 0.642503 0.719520 0.898301 0.000000 0.565838 0.742558 0.743387 0.854391 0.995762 0.893896 0.947058 0.967530 0.865396 0.834518 0.875483 0.840783 0.879931 0.800617 0.935904 0.868743 0.947775 0.963729 0.917944 0.740173 0.798815 0.842397 0.828616 0.962519 0.798896 0.749788 0.783105 0.850095 0.785948 0.998024 0.930248 0.894492 0.810317 0.968282 0.871752 0.901115 0.558201 0.675420 0.712273 0.821118 0.876117 0.768143 0.886064 0.931277 0.666473 0.684153 0.704364 0.561652 0.911870 0.832702 0.701838 0.555367 0.987106 0.973926 0.646325 0.904075 0.905343 0.978384 0.646911 0.537378 0.527034 0.535108 0.591999 0.765564 0.689564 0.695617 0.981640 0.745445 0.687382 0.801483 0.750992 0.811579 0.915863 0.899344 0.985244 0.814200 0.909689 0.836727 0.851514 0.935063 0.912752 0.837687 0.979609 0.978483 0.652879 0.676592 0.715121 0.691914 0.887185 0.904190 0.788273 0.789818 0.744348 0.644388 0.696393 0.750011 0.756518 0.826619 0.726116 0.765438 0.937205 0.815259 0.831133 0.931764 0.867766 0.712758 0.837532 0.816935 0.675122 0.935317
0.912010 0.992838 0.374748 0.439262 0.810572 0.565838 0.000000 0.444799 0.743448 0.488255 0.700264 0.840207 0.539366 0.667239 0.522800 0.629743 0.769523 0.771891 0.630860 0.893080 0.734147 0.978936 0.582249 0.787122 0.862280 0.790835 0.992843 0.939455 0.727467 0.607897 0.346222 0.409795 0.391157 0.464801 0.744444 0.981108 0.912110 0.784692 0.709580 0.932242 0.985995 0.985476 0.333509 0.379586 0.365425 0.473854 0.570228 0.418707 0.759463 0.563146 0.302365 0.342859 0.381906 0.370564 0.706651 0.746461 0.979380 0.808827 0.899816 0.816406 0.407594 0.769220 0.636655 0.734865 0.659266 0.698950 0.358582 0.483947 0.861008 0.967989 0.554765 0.536274 0.536819 0.439243 0.696031 0.772168 0.554499 0.507338 0.628982 0.663097 0.686320 0.936076 0.780093 0.881659 0.844433 0.895250 0.848087 0.889950 0.905207 0.937893 0.611376 0.679431 0.783320 0.820056 0.807335 0.739507 0.733683 0.833462 0.481987 0.383170 0.540048 0.580056 0.567833 0.469723 0.633513 0.599106 0.937646 0.905352 0.829719 0.803754 0.751035 0.623749 0.576229 0.683984 0.631508 0.894037
0.612507 0.598489 0.614399 0.394732 0.856438 0.742558 0.444799 0.000000 0.956376 0.440700 0.606115 0.451094 0.452136 0.367803 0.546542 0.516489 0.631890 0.668335 0.580020 0.619034 0.804634 0.930675 0.536510 0.659098 0.890124 0.907165 0.958806 0.750898 0.570657 0.599915 0.512344 0.511068 0.494094 0.529095 0.822335 0.888461 0.837976 0.870795 0.708047 0.972711 0.868803 0.958566 0.356117 0.381098 0.365136 0.341860 0.439852 0.387101 0.379270 0.299429 0.373253 0.393308 0.606827 0.731658 0.714534 0.854143 0.704782 0.805737 0.570476 0.772772 0.368716 0.380719 0.488464 0.512371 0.706113 0.644541 0.585266 0.617227 0.998677 0.708043 0.692086 0.738550 0.650985 0.651151 0.680034 0.871215 0.518901 0.679595 0.841215 0.737602 0.592690 0.729781 0.643512 0.808106 0.551362 0.627865 0.927288 0.712154 0.877136 0.638020 0.849547 0.982259 0.914998 0.883084 0.746647 0.828009 0.762133 0.912092 0.459652 0.398197 0.706588 0.877485 0.579329 0.698179 0.643806 0.714064 0.885499 0.977632 0.757063 0.818342 0.671369 0.536950 0.581318 0.735561 0.786797 0.798808
0.746512 0.664239 0.755726 0.803556 0.819259 0.743387 0.743448 0.956376 0.000000 0.859846 0.839948 0.786184 0.983628 0.851499 0.818824 0.925745 0.793748 0.730314 0.880707 0.752912 0.862138 0.961558 0.917037 0.948566 0.952238 0.859992 0.994645 0.976364 0.778479 0.867601 0.907053 0.938099 0.931466 0.903995 0.727383 0.994249 0.963183 0.844261 0.838905 0.852476 0.927066 0.924110 0.860461 0.957166 0.885631 0.998253 0.981529 0.882759 0.863986 0.908756 0.771762 0.660078 0.659825 0.637798 0.998744 0.937676 0.676793 0.597931 0.872086 0.751012 0.997646 0.914143 0.771157 0.752999 0.668193 0.815640 0.699557 0.883555 0.843610 0.858328 0.839178 0.704506 0.821719 0.721308 0.875047 0.933822 0.689655 0.881326 0.885407 0.925811 0.797859 0.697229 0.735726 0.719361 0.818346 0.887739 0.717298 0.811849 0.799591 0.851430 0.544154 0.472775 0.486326 0.557473 0.775172 0.971836 0.816231 0.789348 0.696383 0.713835 0.684928 0.720704 0.819234 0.741966 0.817037 0.819911 0.777666 0.707063 0.841117 0.910931 0.895533 0.789578 0.828516 0.842446 0.928484 0.831337
0.636144 0.680168 0.729451 0.559264 0.967813 0.854391 0.488255 0.440700 0.859846 0.000000 0.468076 0.557360 0.556183 0.564512 0.441260 0.505805 0.493886 0.521282 0.509795 0.631742 0.750371 0.932070 0.421138 0.634037 0.934343 0.996992 0.996996 0.994835 0.467400 0.430383 0.432751 0.511752 0.454139 0.513051 0.973271 0.837508 0.761555 0.930831 0.919092 0.891295 0.943825 0.861057 0.582233 0.547543 0.552851 0.471104 0.591182 0.512573 0.512092 0.470830 0.594269 0.603179 0.764261 0.887376 0.921224 0.941515 0.726233 0.816597 0.654097 0.991808 0.621017 0.632297 0.474153 0.466858 0.922325 0.996803 0.738004 0.842879 0.885493 0.755923 0.628121 0.652573 0.621430 0.621098 0.751378 0.900315 0.596913 0.620521 0.727306 0.535054 0.473656 0.603566 0.591929 0.696597 0.606739 0.670451 0.882199 0.808978 0.954508 0.737363 0.988893 0.969468 0.985812 0.825680 0.925843 0.919777 0.719611 0.875433 0.668257 0.582544 0.827420 0.965078 0.665872 0.585866 0.723038 0.724105 0.958837 0.966857 0.671041 0.983171 0.829302 0.748280 0.757000 0.820103 0.936267 0.717216
0.387023 0.517533 0.858441 0.730292 0.859105 0.995762 0.700264 0.606115 0.839948 0.468076 0.000000 0.427814 0.426111 0.459743 0.446506 0.516254 0.341811 0.329939 0.345835 0.466580 0.670724 0.948588 0.445415 0.585577 0.890534 0.837924 0.768397 0.999704 0.417731 0.343598 0.570472 0.638752 0.478550 0.582403 0.858039 0.923439 0.720983 0.962644 0.861861 0.898966 0.837363 0.836414 0.733330 0.689440 0.830566 0.678259 0.563243 0.644144 0.595761 0.653357 0.794774 0.861749 0.976310 0.870340 0.881418 0.993217 0.509290 0.636868 0.553655 0.764735 0.613719 0.819083 0.328757 0.329378 0.913354 0.867119 0.925655 0.926589 0.739770 0.741948 0.708266 0.734554 0.619897 0.725521 0.844918 0.909035 0.754158 0.768021 0.686378 0.523748 0.403234 0.392045 0.446854 0.641050 0.462847 0.535716 0.969785 0.640417 0.866324 0.616336 0.825017 0.696099 0.691173 0.577623 0.938905 0.905416 0.792911 0.735240 0.867669 0.804554 0.956958 0.848608 0.788883 0.699270 0.887076 0.867305 0.865303 0.671148 0.801064 0.868551 0.998872 0.865737 0.830984 0.967945 0.896515 0.798389
0.340142 0.393912 0.988885 0.656007 0.854008 0.893896 0.840207 0.451094 0.786184 0.557360 0.427814 0.000000 0.403384 0.276292 0.481652 0.442683 0.425502 0.449520 0.429563 0.408251 0.872135 0.922046 0.430125 0.449836 0.932612 0.692530 0.866509 0.821551 0.439621 0.469821 0.676508 0.744819 0.627712 0.640850 0.908724 0.762028 0.703663 0.995221 0.889460 0.802094 0.963010 0.864037 0.704951 0.694313 0.750835 0.577178 0.576526 0.630992 0.354069 0.502602 0.782968 0.851232 0.992095 0.749872 0.884965 0.900684 0.474483 0.496004 0.504707 0.592812 0.614977 0.477386 0.389275 0.343675 0.950123 0.927424 0.982641 0.938395 0.667722 0.615441 0.800787 0.795924 0.788764 0.921083 0.889147 0.959642 0.698326 0.904788 0.881706 0.762317 0.533880 0.477038 0.509727 0.691046 0.344718 0.405393 0.937885 0.504468 0.825051 0.516215 0.777332 0.616012 0.687547 0.518775 0.994018 0.856384 0.920997 0.827366 0.786194 0.781290 0.961393 0.753747 0.898114 0.902195 0.888824 0.919420 0.796118 0.731029 0.821340 0.865706 0.858029 0.841912 0.859630 0.965118 0.989386 0.770320
0.490539 0.632171 0.728589 0.636176 0.767664 0.947058 0.539366 0.452136 0.983628 0.556183 0.426111 0.403384 0.000000 0.346468 0.326171 0.388067 0.536167 0.556977 0.416730 0.599138 0.886501 0.972554 0.401681 0.600861 0.992425 0.801216 0.863198 0.909935 0.530798 0.441834 0.523515 0.597547 0.464158 0.583182 0.871665 0.925001 0.785122 0.988800 0.816529 0.973539 0.940518 0.927576 0.460803 0.488968 0.587709 0.522123 0.425120 0.455222 0.527780 0.492927 0.522701 0.567098 0.679647 0.848695 0.689404 0.981093 0.577315 0.730204 0.480702 0.702808 0.403041 0.627290 0.389171 0.391203 0.816234 0.931021 0.644722 0.803624 0.811503 0.798640 0.623918 0.700404 0.651542 0.731946 0.865959 0.879896 0.615840 0.655553 0.734736 0.788955 0.632617 0.662526 0.506732 0.812280 0.529256 0.664204 0.818647 0.666432 0.698725 0.649045 0.909101 0.927852 0.926517 0.755404 0.894834 0.783284 0.737368 0.942302 0.537678 0.513413 0.719940 0.946993 0.577082 0.646072 0.635816 0.686571 0.917977 0.881903 0.841880 0.660840 0.743805 0.641657 0.664871 0.765946 0.688696 0.871630
0.454557 0.510453 0.873290 0.618072 0.789809 0.967530 0.667239 0.367803 0.851499 0.564512 0.459743 0.276292 0.346468 0.000000 0.439804 0.377157 0.526840 0.533736 0.425552 0.485046 0.809454 0.996681 0.414522 0.437813 0.958786 0.710820 0.913568 0.831090 0.448213 0.450019 0.601215 0.582671 0.558892 0.544631 0.972195 0.850918 0.796322 0.926061 0.853963 0.791416 0.904815 0.914440 0.496365 0.525041 0.583733 0.497818 0.491940 0.509853 0.369543 0.454401 0.552774 0.675434 0.830240 0.973966 0.729287 0.959095 0.607138 0.683333 0.577721 0.687030 0.468569 0.437771 0.372544 0.377967 0.999805 0.753204 0.820186 0.867384 0.834683 0.733518 0.707344 0.775766 0.686369 0.768013 0.784227 0.880275 0.696961 0.831635 0.848635 0.748885 0.580610 0.584007 0.517811 0.778352 0.393956 0.387023 0.900644 0.532048 0.888557 0.520966 0.889191 0.696509 0.743106 0.573100 0.956581 0.805273 0.972784 0.866273 0.710705 0.602099 0.905829 0.940936 0.807632 0.833139 0.850721 0.886163 0.800142 0.796885 0.838482 0.801471 0.860993 0.707527 0.784632 0.941076 0.936528 0.765269
0.620114 0.803155 0.736953 0.609557 0.753295 0.865396 0.522800 0.546542 0.818824 0.441260 0.446506 0.481652 0.326171 0.439804 0.000000 0.335326 0.544183 0.576621 0.464391 0.665511 0.803168 0.931394 0.322048 0.497139 0.964495 0.831156 0.942884 0.958101 0.566734 0.427273 0.432823 0.568275 0.431402 0.500814 0.927344 0.857922 0.773446 0.935938 0.961776 0.977978 0.958839 0.863747 0.522127 0.552451 0.613640 0.543066 0.586664 0.493508 0.632399 0.588634 0.589508 0.588585 0.671394 0.829282 0.820797 0.939709 0.755557 0.884829 0.638546 0.896597 0.524083 0.660461 0.403010 0.427540 0.826861 0.909069 0.595736 0.832662 0.858680 0.898876 0.523882 0.510715 0.551301 0.635263 0.824446 0.886519 0.572158 0.675349 0.782166 0.704882 0.637855 0.715007 0.622226 0.843942 0.549625 0.590401 0.851786 0.703867 0.763636 0.703240 0.923474 0.984097 0.945629 0.809793 0.855978 0.832792 0.760470 0.952603 0.628946 0.565161 0.697601 0.911942 0.691380 0.527435 0.719235 0.733586 0.975231 0.945997 0.761771 0.751930 0.820127 0.712619 0.766248 0.800429 0.685001 0.861351
0.702036 0.794008 0.895714 0.634673 0.763198 0.834518 0.629743 0.516489 0.925745 0.505805 0.516254 0.442683 0.388067 0.377157 0.335326 0.000000 0.666311 0.681842 0.575673 0.796143 0.895461 0.962206 0.421677 0.445125 0.791819 0.698886 0.960911 0.855018 0.544184 0.485295 0.602224 0.664301 0.594184 0.666589 0.955562 0.882605 0.918237 0.858697 0.970735 0.980836 0.900996 0.934944 0.500986 0.522261 0.662063 0.567321 0.643780 0.574028 0.533601 0.629287 0.649904 0.686509 0.832044 0.923904 0.874623 0.925625 0.864710 0.915656 0.608628 0.798816 0.511547 0.568867 0.434568 0.458105 0.926111 0.796634 0.675329 0.793258 0.948075 0.979901 0.689295 0.582333 0.765289 0.757582 0.803250 0.914228 0.704949 0.706230 0.796371 0.789431 0.760227 0.824141 0.674664 0.940597 0.643897 0.523205 0.890940 0.678454 0.914851 0.684505 0.957213 0.897489 0.883054 0.724029 0.934577 0.750898 0.860046 0.949701 0.700009 0.623927 0.821501 0.918235 0.825787 0.727137 0.781086 0.832342 0.914353 0.936094 0.772800 0.852971 0.869280 0.812351 0.810312 0.905958 0.862688 0.859334
0.360847 0.367500 0.917210 0.749592 0.992695 0.875483 0.769523 0.631890 0.793748 0.493886 0.341811 0.425502 0.536167 0.526840 0.544183 0.666311 0.000000 0.237588 0.363907 0.366255 0.741820 0.855106 0.531416 0.689201 0.825550 0.796214 0.892197 0.955690 0.353577 0.278188 0.568688 0.601246 0.486253 0.492268 0.968934 0.987197 0.702432 0.958451 0.829909 0.778248 0.736561 0.798164 0.795183 0.680994 0.729672 0.537670 0.586216 0.593827 0.522848 0.596070 0.844243 0.956295 0.975932 0.792838 0.836238 0.993224 0.331585 0.391824 0.693215 0.826307 0.714499 0.817388 0.342377 0.289114 0.775994 0.715753 0.993816 0.936344 0.658078 0.594452 0.791715 0.783209 0.695327 0.881957 0.895634 0.959650 0.754454 0.747740 0.594770 0.522237 0.265007 0.296055 0.438028 0.433026 0.461895 0.597266 0.978477 0.568875 0.951033 0.681695 0.614837 0.552448 0.563048 0.469597 0.933144 0.938510 0.895324 0.703038 0.925296 0.892177 0.863284 0.742447 0.842512 0.721083 0.946567 0.944966 0.785603 0.587392 0.831168 0.885876 0.985949 0.950696 0.751077 0.918075 0.949793 0.816038
0.333913 0.366037 0.968892 0.786994 0.992346 0.840783 0.771891 0.668335 0.730314 0.521282 0.329939 0.449520 0.556977 0.533736 0.576621 0.681842 0.237588 0.000000 0.329010 0.375607 0.670426 0.878998 0.528525 0.675720 0.810158 0.771023 0.856542 0.977355 0.326963 0.276399 0.585846 0.634570 0.531128 0.532269 0.820673 0.900102 0.739324 0.984808 0.814804 0.840839 0.707284 0.776501 0.826539 0.688761 0.791855 0.615980 0.671052 0.630369 0.523934 0.641190 0.873396 0.962755 0.962890 0.823145 0.878527 0.932021 0.354651 0.427603 0.750552 0.867972 0.752298 0.922906 0.358979 0.328253 0.709113 0.705401 0.916672 0.847327 0.653129 0.658008 0.780646 0.762603 0.656259 0.806590 0.973473 0.979343 0.767006 0.753009 0.578113 0.458621 0.287711 0.290767 0.390459 0.490200 0.480292 0.603660 0.992055 0.585587 0.990284 0.729978 0.632179 0.572250 0.527225 0.468514 0.893990 0.913151 0.939312 0.707579 0.956947 0.906968 0.820333 0.744467 0.910055 0.790666 0.994281 0.966566 0.822647 0.627629 0.879017 0.929725 0.943414 0.976427 0.767950 0.941472 0.985789 0.854333
0.340877 0.429073 0.865409 0.737111 0.861503 0.879931 0.630860 0.580020 0.880707 0.509795 0.345835 0.429563 0.416730 0.425552 0.464391 0.575673 0.363907 0.329010 0.000000 0.354383 0.702307 0.903983 0.374063 0.567541 0.873875 0.703519 0.857636 0.999454 0.381671 0.349618 0.548977 0.555544 0.464696 0.560637 0.927299 0.912186 0.688648 0.864316 0.783063 0.885162 0.832265 0.789974 0.674943 0.638083 0.666189 0.575296 0.516436 0.540953 0.440010 0.551818 0.655124 0.792936 0.808625 0.968085 0.724818 0.848360 0.400092 0.539310 0.708434 0.960627 0.677252 0.753249 0.422264 0.393315 0.854922 0.809730 0.939815 0.925260 0.594237 0.610348 0.679309 0.757235 0.585529 0.716554 0.942370 0.940719 0.665142 0.797081 0.675287 0.552767 0.401590 0.419246 0.396470 0.560739 0.380362 0.590358 0.858909 0.557709 0.842306 0.570634 0.844949 0.742947 0.698533 0.625598 0.896332 0.786359 0.858899 0.865458 0.798694 0.721268 0.986565 0.867345 0.801510 0.698529 0.908216 0.867577 0.950709 0.656063 0.837296 0.857387 0.920577 0.824589 0.715226 0.812771 0.997172 0.828231
0.295514 0.338055 0.995612 0.724157 0.922826 0.800617 0.893080 0.619034 0.752912 0.631742 0.466580 0.408251 0.599138 0.485046 0.665511 0.796143 0.366255 0.375607 0.354383 0.000000 0.742455 0.861941 0.493775 0.632428 0.831524 0.828820 0.861714 0.972455 0.413536 0.483235 0.688423 0.702076 0.612978 0.670148 0.966649 0.858765 0.673920 0.726166 0.856695 0.757359 0.765521 0.701742 0.908409 0.843593 0.787967 0.652514 0.632482 0.653207 0.454215 0.540264 0.803170 0.935239 0.976886 0.761691 0.694147 0.963543 0.328405 0.402713 0.694976 0.839521 0.850076 0.653754 0.562620 0.487109 0.778818 0.810349 0.831518 0.804835 0.409316 0.470244 0.817905 0.997302 0.694471 0.886625 0.908257 0.890287 0.768337 0.992290 0.812683 0.710662 0.405378 0.325819 0.432578 0.482035 0.326983 0.564727 0.901928 0.541416 0.878660 0.506601 0.712330 0.583775 0.676461 0.541865 0.938359 0.996887 0.924027 0.840913 0.986497 0.929014 0.845060 0.690693 0.950320 0.934032 0.947454 0.983960 0.874543 0.650555 0.946284 0.947014 0.869605 0.895873 0.865242 0.936216 0.899838 0.820040
0.734336 0.815821 0.841920 0.804555 0.927027 0.935904 0.734147 0.804634 0.862138 0.750371 0.670724 0.872135 0.886501 0.809454 0.803168 0.895461 0.741820 0.670426 0.702307 0.742455 0.000000 0.784293 0.832183 0.895103 0.891653 0.972641 0.905273 0.845734 0.757716 0.786185 0.621558 0.704652 0.758651 0.719849 0.906456 0.907362 0.974960 0.967525 0.759070 0.805771 0.829533 0.819967 0.790169 0.760204 0.894081 0.810568 0.839225 0.822852 0.841408 0.964234 0.856805 0.809906 0.897175 0.893816 0.851958 0.863944 0.862578 0.902810 0.979702 0.939638 0.816914 0.984280 0.693646 0.787730 0.924726 0.989426 0.992723 0.992769 0.876962 0.953567 0.799240 0.812306 0.683897 0.662599 0.789835 0.794159 0.985215 0.856352 0.770387 0.670322 0.706490 0.721926 0.722876 0.881499 0.879603 0.874024 0.778314 0.821179 0.890199 0.852408 0.955406 0.922397 0.882436 0.815586 0.942455 0.964390 0.979881 0.969609 0.881613 0.975504 0.993690 0.973670 0.926631 0.795666 0.963559 0.995219 0.818271 0.865988 0.994654 0.906881 0.946887 0.949974 0.910212 0.991052 0.941933 0.781415
0.965619 0.936278 0.924200 0.984397 0.893097 0.868743 0.978936 0.930675 0.961558 0.932070 0.948588 0.922046 0.972554 0.996681 0.931394 0.962206 0.855106 0.878998 0.903983 0.861941 0.784293 0.000000 0.930591 0.955554 0.961687 0.968037 0.955206 0.983880 0.979738 0.860328 0.993474 0.924750 0.969460 0.866958 0.878610 0.705601 0.956105 0.724183 0.890685 0.951455 0.992140 0.998081 0.909388 0.931451 0.994732 0.982835 0.966336 0.928633 0.995989 0.997334 0.989438 0.938594 0.987539 0.990762 0.951375 0.818532 0.901064 0.917702 0.894241 0.984297 0.914319 0.989955 0.979420 0.942334 0.873902 0.919534 0.991366 0.960256 0.880051 0.949572 0.939452 0.983944 0.975237 0.981420 0.799749 0.917188 0.923195 0.993849 0.980660 0.921740 0.914800 0.870618 0.977631 0.833675 0.919733 0.972538 0.948267 0.919109 0.974864 0.909994 0.920404 0.918871 0.926015 0.958114 0.880704 0.925605 0.955044 0.896043 0.898967 0.859244 0.999184 0.829360 0.916060 0.863943 0.888209 0.965321 0.994462 0.855192 0.986817 0.879506 0.957650 0.992436 0.954306 0.950914 0.864141 0.964364
0.516869 0.665486 0.708950 0.564674 0.732823 0.947775 0.582249 0.536510 0.917037 0.421138 0.445415 0.430125 0.401681 0.414522 0.322048 0.421677 0.531416 0.528525 0.374063 0.493775 0.832183 0.930591 0.000000 0.415317 0.969105 0.800928 0.842028 0.966121 0.449565 0.454353 0.498536 0.586485 0.441658 0.601724 0.987423 0.888095 0.711872 0.819354 0.962884 0.993978 0.894664 0.746613 0.691742 0.690083 0.684371 0.621848 0.595163 0.567853 0.515607 0.518175 0.557872 0.656815 0.716336 0.916800 0.763724 0.940771 0.666538 0.792717 0.682970 0.970081 0.686005 0.603681 0.532763 0.506293 0.952106 0.992171 0.774749 0.978689 0.633531 0.725287 0.608590 0.682395 0.484937 0.577338 0.821830 0.932901 0.654535 0.727462 0.862337 0.738180 0.615962 0.612687 0.553948 0.798970 0.405559 0.503280 0.723270 0.561460 0.768380 0.655652 0.956285 0.954775 0.935043 0.767213 0.928378 0.827865 0.756302 0.858569 0.723644 0.639557 0.898646 0.987721 0.803254 0.617260 0.805673 0.767366 0.985757 0.928035 0.836353 0.852605 0.825151 0.816029 0.832023 0.867840 0.913992 0.808266
0.661556 0.778699 0.892853 0.627997 0.662884 0.963729 0.787122 0.659098 0.948566 0.634037 0.585577 0.449836 0.600861 0.437813 0.497139 0.445125 0.689201 0.675720 0.567541 0.632428 0.895103 0.955554 0.415317 0.000000 0.864940 0.770085 0.988931 0.973784 0.582838 0.600605 0.716918 0.708926 0.685084 0.732777 0.920242 0.778554 0.882699 0.915848 0.973234 0.830087 0.924948 0.941966 0.778784 0.762416 0.813760 0.720987 0.784918 0.726147 0.596468 0.660448 0.757882 0.863300 0.924614 0.948595 0.875034 0.945106 0.850561 0.901709 0.788211 0.896036 0.753205 0.596272 0.593961 0.599651 0.979516 0.864890 0.893779 0.983879 0.848260 0.837545 0.741125 0.756698 0.806833 0.813602 0.833088 0.923638 0.810805 0.927144 0.921600 0.806817 0.740131 0.738222 0.724185 0.853169 0.503645 0.433859 0.816419 0.573446 0.890447 0.613652 0.892888 0.813770 0.763877 0.713869 0.863608 0.837136 0.962198 0.804022 0.921925 0.812749 0.990068 0.931275 0.984656 0.916054 0.936712 0.940092 0.967035 0.897475 0.941354 0.998434 0.985409 0.886985 0.975817 0.964013 0.916374 0.790771
0.946097 0.834017 0.834250 0.894185 0.984238 0.917944 0.862280 0.890124 0.952238 0.934343 0.890534 0.932612 0.992425 0.958786 0.964495 0.791819 0.825550 0.810158 0.873875 0.831524 0.891653 0.961687 0.969105 0.864940 0.000000 0.626664 0.914471 0.925940 0.957983 0.908946 0.812413 0.751927 0.881064 0.802598 0.851898 0.933495 0.842582 0.913465 0.777730 0.945518 0.838650 0.926626 0.951663 0.842185 0.848755 0.874681 0.879873 0.815162 0.997916 0.880006 0.876539 0.783886 0.743538 0.878569 0.845456 0.628824 0.850166 0.906613 0.953298 0.919503 0.952796 0.939184 0.944644 0.931633 0.988538 0.969230 0.964643 0.982022 0.952917 0.884274 0.857344 0.931838 0.826268 0.829647 0.998034 0.910631 0.763841 0.928680 0.782784 0.700967 0.697986 0.731268 0.876437 0.826428 0.928420 0.943275 0.991793 0.893040 0.872339 0.931103 0.986929 0.947498 0.973834 0.971011 0.955087 0.986443 0.968129 0.965552 0.921000 0.941110 0.985656 0.980702 0.769844 0.964565 0.982400 0.904894 0.951328 0.983707 0.914308 0.914486 0.965592 0.912300 0.771333 0.838023 0.933042 0.861393
0.660742 0.748286 0.618336 0.759927 0.915217 0.740173 0.790835 0.907165 0.859992 0.996992 0.837924 0.692530 0.801216 0.710820 0.831156 0.698886 0.796214 0.771023 0.703519 0.828820 0.972641 0.968037 0.800928 0.770085 0.626664 0.000000 0.881894 0.945011 0.827688 0.761589 0.841819 0.882543 0.925905 0.882859 0.686323 0.780281 0.955541 0.817602 0.926337 0.808754 0.968485 0.906810 0.938142 0.925895 0.812269 0.931928 0.936635 0.903728 0.806065 0.976457 0.823113 0.720431 0.768577 0.635836 0.959069 0.816375 0.704526 0.701033 0.861039 0.813228 0.906337 0.984833 0.786818 0.725215 0.650304 0.756126 0.721559 0.665104 0.803805 0.910048 0.939638 0.963616 0.895364 0.818708 0.890184 0.903395 0.925336 0.843761 0.997522 0.928677 0.938745 0.824196 0.822038 0.963759 0.803572 0.786978 0.954745 0.802926 0.924612 0.722649 0.678684 0.679599 0.661122 0.644028 0.833192 0.842903 0.934166 0.737983 0.882702 0.851570 0.811216 0.685995 0.790099 0.955316 0.750484 0.880671 0.946520 0.835729 0.870031 0.916781 0.850122 0.833199 0.873619 0.886143 0.770487 0.937961
0.786274 0.926864 0.939740 0.963640 0.815467 0.798815 0.992843 0.958806 0.994645 0.996996 0.768397 0.866509 0.863198 0.913568 0.942884 0.960911 0.892197 0.856542 0.857636 0.861714 0.905273 0.955206 0.842028 0.988931 0.914471 0.881894 0.000000 0.970738 0.967113 0.939688 0.919744 0.942415 0.972874 0.914948 0.787102 0.902219 0.941747 0.871959 0.860855 0.938096 0.907908 0.847437 0.838404 0.786049 0.766315 0.781702 0.988532 0.816125 0.950687 0.991112 0.907132 0.920779 0.927330 0.882350 0.951160 0.825301 0.875997 0.969821 0.930340 0.942319 0.934237 0.922651 0.958115 0.994187 0.840574 0.878789 0.816540 0.689214 0.801742 0.939887 0.963305 0.998206 0.770337 0.872140 0.947722 0.997856 0.989808 0.968869 0.983501 0.882038 0.911509 0.858225 0.877546 0.989791 0.900339 0.912279 0.990428 0.838987 0.860669 0.989413 0.893447 0.996065 0.933387 0.969941 0.944940 0.906542 0.978611 0.867041 0.930967 0.965877 0.970379 0.990387 0.991052 0.929126 0.860834 0.989475 0.961471 0.944110 0.840908 0.822458 0.943719 0.915994 0.845674 0.844309 0.935227 0.880330
0.893154 0.815455 0.941240 0.871277 0.791013 0.842397 0.939455 0.750898 0.976364 0.994835 0.999704 0.821551 0.909935 0.831090 0.958101 0.855018 0.955690 0.977355 0.999454 0.972455 0.845734 0.983880 0.966121 0.973784 0.925940 0.945011 0.970738 0.000000 0.968510 0.960168 0.967134 0.948433 0.996943 0.989960 0.967984 0.867845 0.985696 0.941081 0.976335 0.976746 0.925103 0.889600 0.808469 0.839311 0.876930 0.917353 0.959230 0.813245 0.792905 0.824157 0.836112 0.780267 0.881983 0.936114 0.946593 0.873486 0.961943 0.961781 0.860902 0.748679 0.770934 0.804124 0.896318 0.949167 0.942414 0.768560 0.927453 0.916840 0.881192 0.985529 0.949272 0.984473 0.981014 0.928057 0.925712 0.922585 0.856873 0.971602 0.980275 0.906958 0.985726 0.920060 0.899379 0.904144 0.873966 0.830635 0.781025 0.996855 0.823836 0.894562 0.873590 0.963092 0.938291 0.995573 0.848434 0.893476 0.912616 0.854734 0.796723 0.794044 0.785385 0.950271 0.951870 0.878934 0.964633 0.933529 0.958842 0.998364 0.986920 0.976835 0.912976 0.836361 0.850095 0.981749 0.967241 0.994858
0.421437 0.427111 0.923415 0.701306 0.984252 0.828616 0.727467 0.570657 0.778479 0.467400 0.417731 0.439621 0.530798 0.448213 0.566734 0.544184 0.353577 0.326963 0.381671 0.413536 0.757716 0.979738 0.449565 0.582838 0.957983 0.827688 0.967113 0.968510 0.000000 0.284345 0.541204 0.537815 0.476850 0.484377 0.925701 0.963474 0.730760 0.995051 0.920656 0.829252 0.808206 0.824277 0.744022 0.638614 0.680098 0.521685 0.681568 0.568171 0.437307 0.573636 0.729398 0.862276 0.912767 0.872726 0.809044 0.866050 0.471380 0.495592 0.680326 0.897974 0.705703 0.696272 0.419229 0.358345 0.780460 0.833984 0.989667 0.960669 0.641599 0.569808 0.836319 0.790782 0.663270 0.794092 0.895563 0.929860 0.813791 0.703072 0.558455 0.547381 0.332600 0.381176 0.373403 0.481648 0.412467 0.567096 0.849289 0.507457 0.923547 0.748025 0.697993 0.601386 0.615331 0.480790 0.912289 0.904808 0.942431 0.801666 0.914054 0.813285 0.862546 0.888483 0.902305 0.792065 0.865611 0.951793 0.888690 0.687207 0.913575 0.980611 0.965475 0.984565 0.773062 0.915972 0.926280 0.757385
0.473874 0.507674 0.862661 0.720118 0.932144 0.962519 0.607897 0.599915 0.867601 0.430383 0.343598 0.469821 0.441834 0.450019 0.427273 0.485295 0.278188 0.276399 0.349618 0.483235 0.786185 0.860328 0.454353 0.600605 0.908946 0.761589 0.939688 0.960168 0.284345 0.000000 0.463325 0.505262 0.396000 0.393299 0.891251 0.988832 0.764114 0.973229 0.893407 0.851551 0.767309 0.853889 0.648942 0.530988 0.622743 0.498819 0.602800 0.510599 0.522022 0.594774 0.720481 0.847391 0.874437 0.957587 0.796914 0.894162 0.494742 0.580676 0.714804 0.910901 0.606931 0.798850 0.308494 0.276974 0.830452 0.835553 0.861388 0.912577 0.812948 0.707431 0.730993 0.673199 0.656218 0.750798 0.943994 0.972577 0.732059 0.645132 0.479862 0.477362 0.297285 0.387948 0.408037 0.471200 0.505992 0.576976 0.921547 0.567209 0.980641 0.749768 0.677016 0.607763 0.557612 0.479809 0.868291 0.877775 0.915857 0.721912 0.903040 0.798781 0.975863 0.884995 0.840838 0.701141 0.915459 0.935023 0.860807 0.692650 0.793405 0.855742 0.975494 0.918354 0.713644 0.871675 0.926031 0.789078
0.767007 0.837132 0.570376 0.477079 0.971513 0.798896 0.346222 0.512344 0.907053 0.432751 0.570472 0.676508 0.523515 0.601215 0.432823 0.602224 0.568688 0.585846 0.548977 0.688423 0.621558 0.993474 0.498536 0.716918 0.812413 0.841819 0.919744 0.967134 0.541204 0.463325 0.000000 0.391814 0.381044 0.330344 0.857505 0.984204 0.843638 0.762031 0.781967 0.969163 0.899300 0.884977 0.443262 0.434159 0.449518 0.440388 0.648579 0.456337 0.712808 0.609931 0.476738 0.470267 0.517822 0.589071 0.774470 0.810573 0.835422 0.951728 0.887942 0.865476 0.527090 0.793470 0.495362 0.557237 0.891681 0.876128 0.561483 0.634301 0.942194 0.949740 0.484176 0.525349 0.451876 0.437832 0.762800 0.846469 0.563763 0.447886 0.512594 0.551981 0.517039 0.694200 0.652715 0.720731 0.706401 0.743014 0.974554 0.747341 0.904111 0.906008 0.844731 0.955748 0.984103 0.892890 0.847288 0.802535 0.790610 0.965821 0.620901 0.572496 0.640792 0.691411 0.568085 0.530298 0.673452 0.764086 0.833412 0.936639 0.852913 0.864237 0.831913 0.789327 0.594749 0.788010 0.688527 0.794526
0.797810 0.803698 0.572318 0.578598 0.971945 0.749788 0.409795 0.511068 0.938099 0.511752 0.638752 0.744819 0.597547 0.582671 0.568275 0.664301 0.601246 0.634570 0.555544 0.702076 0.704652 0.924750 0.586485 0.708926 0.751927 0.882543 0.942415 0.948433 0.537815 0.505262 0.391814 0.000000 0.401423 0.379337 0.775775 0.878478 0.879641 0.843316 0.734066 0.903056 0.892316 0.898081 0.439807 0.427842 0.432617 0.461156 0.598932 0.457903 0.657854 0.601717 0.459315 0.534812 0.568569 0.649707 0.773499 0.665168 0.839679 0.958154 0.999573 0.786145 0.589351 0.739591 0.581296 0.597318 0.930988 0.859495 0.610844 0.670434 0.934761 0.829615 0.544547 0.680440 0.542385 0.530690 0.693717 0.883097 0.620470 0.524854 0.589670 0.547410 0.509809 0.694044 0.588654 0.773598 0.696003 0.684196 0.815932 0.688985 0.936717 0.866414 0.947159 0.950821 0.948124 0.860924 0.986845 0.753929 0.840784 0.988148 0.715942 0.539746 0.816734 0.773902 0.638706 0.589201 0.724252 0.887676 0.888349 0.926803 0.875318 0.891074 0.903868 0.675951 0.654085 0.699255 0.758812 0.735601
0.625215 0.736858 0.521102 0.552447 0.865012 0.783105 0.391157 0.494094 0.931466 0.454139 0.478550 0.627712 0.464158 0.558892 0.431402 0.594184 0.486253 0.531128 0.464696 0.612978 0.758651 0.969460 0.441658 0.685084 0.881064 0.925905 0.972874 0.996943 0.476850 0.396000 0.381044 0.401423 0.000000 0.384380 0.846396 0.881620 0.658896 0.780743 0.774262 0.889534 0.912704 0.866591 0.515120 0.448975 0.438210 0.412865 0.617986 0.416592 0.655060 0.534152 0.465862 0.568775 0.602457 0.705030 0.735459 0.876719 0.697995 0.846600 0.774020 0.910116 0.513908 0.729016 0.472695 0.462712 0.836351 0.973424 0.550714 0.676748 0.852621 0.663941 0.538084 0.575926 0.538334 0.600936 0.760457 0.968897 0.607175 0.529123 0.653038 0.590778 0.472598 0.617816 0.589451 0.624921 0.579524 0.719509 0.833359 0.661640 0.824463 0.761131 0.968271 0.968316 0.907284 0.838630 0.917042 0.872460 0.673020 0.978686 0.685570 0.590333 0.760337 0.846950 0.588344 0.486980 0.710386 0.677515 0.980896 0.875760 0.776737 0.816495 0.774323 0.618926 0.556328 0.773873 0.711304 0.865894
0.731447 0.718764 0.656297 0.655994 0.988349 0.850095 0.464801 0.529095 0.903995 0.513051 0.582403 0.640850 0.583182 0.544631 0.500814 0.666589 0.492268 0.532269 0.560637 0.670148 0.719849 0.866958 0.601724 0.732777 0.802598 0.882859 0.914948 0.989960 0.484377 0.393299 0.330344 0.379337 0.384380 0.000000 0.871883 0.839856 0.807693 0.794523 0.794585 0.872228 0.940751 0.977444 0.485818 0.413990 0.423919 0.390661 0.608236 0.457042 0.657517 0.600044 0.561575 0.631095 0.661415 0.776715 0.792072 0.790966 0.732511 0.797665 0.882803 0.950841 0.515969 0.744416 0.422890 0.445056 0.961366 0.893246 0.624492 0.597796 0.963962 0.832036 0.577499 0.646737 0.610017 0.613999 0.814287 0.927888 0.677040 0.572464 0.536342 0.557916 0.434539 0.595504 0.605002 0.557603 0.642796 0.686711 0.956348 0.658113 0.984514 0.848358 0.905459 0.798681 0.780964 0.719883 0.927845 0.836457 0.901963 0.935648 0.756911 0.672263 0.812292 0.894010 0.688792 0.613851 0.809431 0.871716 0.820306 0.809295 0.825454 0.844742 0.932486 0.754237 0.640749 0.808251 0.739767 0.771428
0.935799 0.893794 0.586301 0.776562 0.909241 0.785948 0.744444 0.822335 0.727383 0.973271 0.858039 0.908724 0.871665 0.972195 0.927344 0.955562 0.968934 0.820673 0.927299 0.966649 0.906456 0.878610 0.987423 0.920242 0.851898 0.686323 0.787102 0.967984 0.925701 0.891251 0.857505 0.775775 0.846396 0.871883 0.000000 0.947468 0.889715 0.913072 0.832830 0.984888 0.897552 0.911374 0.708585 0.790732 0.675770 0.763567 0.777322 0.671724 0.971246 0.805956 0.639381 0.658383 0.565604 0.679330 0.692818 0.722247 0.991920 0.934767 0.923122 0.985463 0.727318 0.808402 0.948757 0.910623 0.583746 0.789698 0.583357 0.646274 0.999972 0.860106 0.989874 0.976239 0.984908 0.972819 0.892566 0.882001 0.851932 0.893391 0.979591 0.855615 0.968303 0.834517 0.905492 0.997608 0.949754 0.874312 0.718585 0.934097 0.768535 0.900062 0.717403 0.780766 0.718110 0.746578 0.744161 0.936598 0.839824 0.660975 0.707377 0.667438 0.721211 0.761660 0.720739 0.805281 0.562971 0.762914 0.949384 0.868836 0.936029 0.920693 0.822327 0.786125 0.752977 0.742950 0.615294 0.843039
0.818122 0.925878 0.880973 0.947632 0.889116 0.998024 0.981108 0.888461 0.994249 0.837508 0.923439 0.762028 0.925001 0.850918 0.857922 0.882605 0.987197 0.900102 0.912186 0.858765 0.907362 0.705601 0.888095 0.778554 0.933495 0.780281 0.902219 0.867845 0.963474 0.988832 0.984204 0.878478 0.881620 0.839856 0.947468 0.000000 0.994552 0.915975 0.986001 0.995525 0.957023 0.957493 0.992818 0.964322 0.953622 0.991055 0.968473 0.989295 0.858711 0.863564 0.984774 0.955442 0.986627 0.890392 0.948759 0.937841 0.935679 0.956333 0.848129 0.858371 0.971798 0.861242 0.907824 0.929536 0.968794 0.913606 0.874488 0.840186 0.936517 0.929324 0.965601 0.947745 0.972696 0.955257 0.964678 0.954298 0.861546 0.817370 0.940687 0.980300 0.976799 0.989027 0.947155 0.945278 0.817002 0.838867 0.937798 0.962008 0.888808 0.840947 0.963257 0.991557 0.957337 0.953701 0.862407 0.945646 0.920542 0.949217 0.911365 0.935982 0.981699 0.889360 0.917421 0.964870 0.999201 0.967097 0.954596 0.908665 0.860802 0.919542 0.931246 0.924526 0.840316 0.854299 0.856563 0.949385
0.676715 0.761432 0.949791 0.829706 0.897324 0.930248 0.912110 0.837976 0.963183 0.761555 0.720983 0.703663 0.785122 0.796322 0.773446 0.918237 0.702432 0.739324 0.688648 0.673920 0.974960 0.956105 0.711872 0.882699 0.842582 0.955541 0.941747 0.985696 0.730760 0.764114 0.843638 0.879641 0.658896 0.807693 0.889715 0.994552 0.000000 0.872516 0.901568 0.853792 0.906677 0.945423 0.976368 0.957131 0.918317 0.854402 0.910875 0.941285 0.873338 0.858198 0.896343 0.966703 0.986495 0.865638 0.905496 0.951754 0.688625 0.743045 0.785717 0.939879 0.980143 0.837373 0.791998 0.706519 0.955164 0.905742 0.978200 0.845921 0.688260 0.604763 0.788777 0.877012 0.919445 0.961720 0.865393 0.845034 0.733993 0.909000 0.893611 0.875248 0.720293 0.644819 0.784087 0.816013 0.662111 0.778168 0.842717 0.804237 0.802555 0.676293 0.890254 0.885964 0.947234 0.864691 0.937815 0.989541 0.709735 0.858536 0.922937 0.926019 0.947051 0.838161 0.816308 0.812367 0.977786 0.818640 0.946488 0.899084 0.857799 0.870093 0.829572 0.782862 0.898546 0.982720 0.925227 0.831296
0.960348 0.957357 0.832666 0.828034 0.858691 0.894492 0.784692 0.870795 0.844261 0.930831 0.962644 0.995221 0.988800 0.926061 0.935938 0.858697 0.958451 0.984808 0.864316 0.726166 0.967525 0.724183 0.819354 0.915848 0.913465 0.817602 0.871959 0.941081 0.995051 0.973229 0.762031 0.843316 0.780743 0.794523 0.913072 0.915975 0.872516 0.000000 0.998628 0.892026 0.981458 0.696729 0.907912 0.991908 0.793859 0.895615 0.993177 0.893052 0.993729 0.849508 0.726393 0.833772 0.711164 0.765385 0.835569 0.977617 0.998006 0.895778 0.837220 0.713808 0.985109 0.870416 0.939933 0.932275 0.990016 0.899966 0.884315 0.910983 0.755384 0.928045 0.689813 0.837313 0.623677 0.686572 0.974265 0.937092 0.816763 0.944275 0.982478 0.972915 0.874949 0.946733 0.970354 0.861686 0.851567 0.975827 0.888384 0.935181 0.890045 0.890486 0.789315 0.849521 0.836327 0.827189 0.912821 0.908743 0.869982 0.912789 0.989915 0.868713 0.848716 0.841356 0.869961 0.892302 0.989111 0.937963 0.961372 0.914186 0.971812 0.923809 0.768836 0.827256 0.946919 0.793446 0.949010 0.948687
