0.000000 0.338498 0.889788 0.841534 0.811379 0.962914 0.671039 0.617698 0.837396 0.680850 0.379836 0.360070 0.530407 0.575706 0.682986 0.613908 0.439854 0.440211 0.463407 0.488821 0.957432 0.942267 0.892246 0.994465 0.790670 0.769565 0.851385 0.710698 0.581570 0.541085 0.740346 0.841712 0.445646 0.503876 0.966305 0.901723 0.671762 0.611453 0.921915 0.897940 0.798717 0.788434 0.623381 0.511958 0.605252 0.571025 0.704814 0.671312 0.834026 0.863869 0.677863 0.818696 0.914220 0.988738 0.860994 0.855782 0.316341 0.332167 0.487717 0.593054 0.437690 0.576771 0.352677 0.354617 0.926925 0.832985 0.754357 0.732888 0.383831 0.553539 0.538628 0.479859 0.738514 0.701328 0.977081 0.861688 0.801373 0.659943 0.690795 0.555342 0.480018 0.602244 0.852115 0.763581 0.936154 0.975855 0.909105 0.868838 0.977370 0.896398 0.836305 0.909621 0.994377 0.925978 0.954180 0.917478 0.671054 0.803725 0.423132 0.606949 0.738891 0.805283 0.512009 0.540053 0.706365 0.701364 0.787105 0.873122 0.766072 0.820919 0.748771 0.719911 0.666970 0.887303 0.691694 0.998643
0.338498 0.000000 0.920027 0.910701 0.818435 0.971643 0.818781 0.562370 0.808808 0.612010 0.485636 0.279661 0.546798 0.438765 0.629753 0.473209 0.343443 0.319770 0.479934 0.408666 0.936010 0.933036 0.829767 0.883571 0.872205 0.691850 0.899260 0.772908 0.467145 0.437633 0.804910 0.825940 0.535486 0.558225 0.942376 0.877777 0.678265 0.624204 0.821246 0.894257 0.746166 0.660593 0.653432 0.532827 0.649011 0.626645 0.848146 0.736809 0.850556 0.920766 0.774839 0.868915 0.983118 0.865775 0.871368 0.959564 0.243971 0.235698 0.699901 0.713421 0.568824 0.526624 0.420924 0.283476 0.810620 0.898174 0.967881 0.871754 0.446762 0.602174 0.420523 0.433339 0.743263 0.729796 0.953795 0.862483 0.618820 0.545406 0.729842 0.543280 0.410682 0.565134 0.731217 0.698959 0.920946 0.974843 0.917876 0.818679 0.847155 0.850900 0.790202 0.796609 0.931069 0.850030 0.941189 0.820476 0.702774 0.782697 0.414313 0.512878 0.684609 0.946991 0.559876 0.515839 0.726466 0.712460 0.773919 0.825498 0.809061 0.848715 0.697378 0.667846 0.678390 0.755638 0.738785 0.916386
0.889788 0.920027 0.000000 0.370624 0.697533 0.845265 0.309373 0.617394 0.744908 0.757843 0.755556 0.985701 0.720986 0.985771 0.821295 0.786200 0.876695 0.871772 0.608700 0.863549 0.758916 0.759816 0.523894 0.742328 0.610122 0.544365 0.892901 0.922774 0.917966 0.742349 0.461152 0.677491 0.553392 0.507012 0.616444 0.840506 0.852161 0.865124 0.695716 0.831114 0.952124 0.947665 0.489326 0.544469 0.789222 0.812435 0.614214 0.571567 0.664788 0.954475 0.877925 0.910095 0.943189 0.911321 0.795818 0.963074 0.986527 0.931054 0.588815 0.885575 0.598085 0.987857 0.720429 0.973513 0.390351 0.478717 0.298553 0.414550 0.874094 0.753042 0.840256 0.916579 0.855855 0.907777 0.641129 0.928942 0.828211 0.918145 0.741864 0.856646 0.837887 0.713785 0.941259 0.853700 0.515484 0.640756 0.875376 0.923761 0.770464 0.912160 0.884492 0.854983 0.864448 0.787118 0.990502 0.846341 0.851453 0.955990 0.934481 0.787321 0.954642 0.644336 0.805982 0.805199 0.733588 0.610703 0.987402 0.953136 0.883965 0.737077 0.793350 0.990820 0.878922 0.966073 0.793966 0.856071
0.841534 0.910701 0.370624 0.000000 0.805428 0.793265 0.310296 0.381385 0.920445 0.497276 0.832243 0.792904 0.806291 0.802240 0.811392 0.603638 0.776265 0.769173 0.527192 0.694926 0.724928 0.783173 0.404765 0.500056 0.732351 0.660997 0.964845 0.872484 0.856686 0.617774 0.418449 0.513399 0.498873 0.470936 0.719358 0.855679 0.688483 0.771807 0.670088 0.827246 0.980573 0.887674 0.440755 0.517577 0.932958 0.901785 0.753803 0.570642 0.622910 0.820167 0.869791 0.792659 0.936501 0.799477 0.863984 0.935777 0.853718 0.943434 0.722193 0.984982 0.715620 0.902892 0.619107 0.789870 0.624869 0.547696 0.430870 0.515567 0.909943 0.712662 0.652133 0.745554 0.738510 0.843249 0.700111 0.945461 0.763931 0.869453 0.648553 0.811910 0.642214 0.515929 0.840381 0.627298 0.631281 0.542290 0.876213 0.846433 0.957503 0.951186 0.717710 0.634812 0.758354 0.734014 0.999794 0.755559 0.815154 0.891336 0.892734 0.614648 0.847926 0.514909 0.685530 0.619868 0.695828 0.598333 0.979594 0.945699 0.790374 0.688000 0.801134 0.834514 0.803817 0.839072 0.877773 0.992363
0.811379 0.818435 0.697533 0.805428 0.000000 0.913407 0.744218 0.814247 0.693166 0.946398 0.795615 0.816538 0.670813 0.909088 0.707677 0.910256 0.874587 0.806886 0.745034 0.906538 0.847306 0.825661 0.819324 0.998730 0.854421 0.956412 0.873804 0.837193 0.787678 0.848771 0.832566 0.938943 0.671336 0.693946 0.822791 0.910712 0.930742 0.913436 0.915163 0.780665 0.930985 0.816518 0.672950 0.623384 0.529868 0.650606 0.773570 0.662576 0.994337 0.856024 0.999934 0.903676 0.972392 0.937853 0.936697 0.908985 0.852843 0.892143 0.674383 0.715721 0.602318 0.778418 0.830064 0.881776 0.594456 0.577009 0.666813 0.583470 0.702012 0.898325 0.900718 0.949104 0.892182 0.794814 0.919096 0.849440 0.805456 0.885206 0.912563 0.934374 0.878693 0.908763 0.903307 0.917303 0.787872 0.762074 0.861557 0.926268 0.798737 0.902351 0.920586 0.930682 0.903025 0.829941 0.978988 0.951641 0.897625 0.934981 0.771814 0.728227 0.987755 0.850197 0.815871 0.968711 0.693933 0.724840 0.883911 0.974875 0.889070 0.984088 0.787077 0.799360 0.906018 0.833198 0.682191 0.676733
0.962914 0.971643 0.845265 0.793265 0.913407 0.000000 0.803734 0.753059 0.852772 0.761983 0.948084 0.908127 0.871056 0.982245 0.996631 0.847522 0.999842 0.997498 0.932291 0.971078 0.798204 0.765664 0.845249 0.969621 0.825236 0.714780 0.996777 0.705269 0.999894 0.990695 0.768844 0.942664 0.881094 0.792070 0.680555 0.917825 0.790844 0.839959 0.768802 0.995612 0.991626 0.863698 0.870386 0.885534 0.860304 0.821982 0.831851 0.955468 0.953807 0.967803 0.979772 0.985991 0.952178 0.877206 0.959628 0.928364 0.974673 0.989619 0.810685 0.919281 0.804186 0.853293 0.917038 0.925303 0.865255 0.769365 0.764347 0.707430 0.991750 0.999005 0.858748 0.971076 0.942921 0.823077 0.918739 0.972799 0.882835 0.964467 0.993472 0.959461 0.889063 0.843555 0.898376 0.964392 0.966463 0.885835 0.900770 0.807233 0.983424 0.974192 0.643728 0.680437 0.531255 0.732986 0.969702 0.946432 0.868577 0.875922 0.837188 0.829278 0.776893 0.730155 0.809201 0.924644 0.926136 0.606741 0.909915 0.895243 0.973633 0.991214 0.951732 0.730717 0.940283 0.972249 0.881169 0.737996
0.671039 0.818781 0.309373 0.310296 0.744218 0.803734 0.000000 0.363930 0.739366 0.511392 0.616228 0.729841 0.619116 0.715405 0.708731 0.570212 0.636514 0.633901 0.372837 0.628856 0.758132 0.845927 0.401321 0.593888 0.776658 0.763861 0.900420 0.748702 0.715814 0.551257 0.395118 0.514840 0.389871 0.363329 0.688362 0.829674 0.749734 0.813055 0.720862 0.849952 0.982321 0.864042 0.360603 0.432566 0.768282 0.749979 0.577083 0.488083 0.636135 0.845728 0.930782 0.869800 0.924139 0.787967 0.837495 0.944835 0.702429 0.816317 0.556239 0.865419 0.507339 0.857186 0.451269 0.679820 0.586205 0.502164 0.326336 0.421500 0.750465 0.688345 0.611661 0.655822 0.668405 0.728337 0.753572 0.899202 0.775630 0.729845 0.612737 0.684784 0.545367 0.481084 0.835773 0.715824 0.520091 0.592665 0.912260 0.921731 0.909803 0.976780 0.719094 0.662378 0.775603 0.739958 0.978238 0.764776 0.717574 0.880178 0.689411 0.533072 0.870969 0.446755 0.579870 0.552210 0.647243 0.567641 0.918546 0.896073 0.785805 0.658089 0.705274 0.776772 0.705780 0.888199 0.753248 0.882931
0.617698 0.562370 0.617394 0.381385 0.814247 0.753059 0.363930 0.000000 0.759786 0.328779 0.688145 0.489833 0.643352 0.506850 0.720678 0.414103 0.540687 0.525667 0.404896 0.493897 0.781790 0.779880 0.481577 0.576502 0.921365 0.919478 0.837319 0.789023 0.592148 0.461760 0.496899 0.513437 0.432502 0.410041 0.766471 0.795695 0.666109 0.753225 0.859584 0.867187 0.929799 0.722451 0.402066 0.413421 0.730033 0.689126 0.727837 0.552124 0.820065 0.868003 0.925548 0.979915 0.894730 0.846148 0.999158 0.857710 0.547111 0.606437 0.621980 0.787524 0.567338 0.601273 0.447243 0.442052 0.934867 0.609843 0.539618 0.549033 0.699392 0.594103 0.476133 0.564072 0.674707 0.751732 0.817026 0.914774 0.669662 0.596032 0.604566 0.696483 0.428662 0.420601 0.700665 0.565005 0.844914 0.687493 0.947360 0.952465 0.918692 0.956571 0.535078 0.520215 0.657581 0.707842 0.889108 0.696632 0.637742 0.778884 0.541366 0.392776 0.595473 0.501875 0.506948 0.409618 0.627407 0.577271 0.829610 0.762347 0.698260 0.658367 0.656198 0.679163 0.642667 0.769626 0.802344 0.918519
0.837396 0.808808 0.744908 0.920445 0.693166 0.852772 0.739366 0.759786 0.000000 0.751698 0.731943 0.860674 0.725204 0.898453 0.867798 0.841743 0.790784 0.821723 0.787274 0.790839 0.952898 0.879220 0.926088 0.908231 0.943579 0.976434 0.825969 0.926733 0.767638 0.823011 0.817757 0.948269 0.786705 0.738535 0.800063 0.951437 0.905693 0.911025 0.999256 0.855594 0.900824 0.996925 0.711569 0.689216 0.587170 0.660243 0.669978 0.764283 0.943724 0.935823 0.986579 0.956255 0.995812 0.833917 0.950310 0.939274 0.828658 0.863069 0.649477 0.731419 0.657358 0.807397 0.850270 0.839949 0.821197 0.761786 0.667310 0.652397 0.757140 0.899406 0.840550 0.932533 0.962324 0.984634 0.835430 0.920269 0.786892 0.830985 0.997571 0.854114 0.865723 0.914457 0.972197 0.938797 0.954380 0.859401 0.801333 0.688286 0.955799 0.832669 0.785990 0.814911 0.836091 0.734579 0.871474 0.901873 0.902913 0.897076 0.711025 0.804869 0.925516 0.909652 0.815901 0.852759 0.758961 0.746495 0.952437 0.989608 0.914446 0.820995 0.717659 0.944286 0.916110 0.863418 0.781579 0.732168
0.680850 0.612010 0.757843 0.497276 0.946398 0.761983 0.511392 0.328779 0.751698 0.000000 0.743168 0.610729 0.811838 0.625245 0.823482 0.552119 0.609946 0.621558 0.504391 0.525323 0.803671 0.889144 0.585525 0.683889 0.962179 0.914490 0.781414 0.823568 0.729456 0.562857 0.570658 0.573477 0.598222 0.572748 0.765079 0.834753 0.697554 0.833336 0.914482 0.930362 0.978654 0.759465 0.544874 0.560387 0.845246 0.806650 0.819954 0.652667 0.810298 0.812395 0.996232 0.858653 0.984755 0.943763 0.903389 0.859409 0.594023 0.706176 0.792960 0.942028 0.739538 0.731425 0.590220 0.579615 0.958019 0.775684 0.668591 0.702702 0.748015 0.838300 0.457421 0.606314 0.626024 0.697248 0.865406 0.815319 0.729810 0.600618 0.716325 0.772492 0.498377 0.521464 0.801187 0.700377 0.992921 0.888997 0.939573 0.968006 0.744274 0.810294 0.513589 0.514056 0.595146 0.632943 0.920979 0.710704 0.660927 0.782128 0.568076 0.512875 0.709588 0.661748 0.627735 0.476101 0.816345 0.673673 0.858001 0.749300 0.783366 0.749414 0.713601 0.753968 0.772006 0.828080 0.846069 0.946055
0.379836 0.485636 0.755556 0.832243 0.795615 0.948084 0.616228 0.688145 0.731943 0.743168 0.000000 0.438831 0.438032 0.607094 0.627021 0.597922 0.422479 0.420626 0.443494 0.442729 0.852920 0.960575 0.856126 0.929526 0.857803 0.853755 0.880969 0.728384 0.548924 0.486512 0.764820 0.787364 0.523597 0.511767 0.991784 0.915607 0.847943 0.808950 0.968056 0.874074 0.828271 0.854044 0.626444 0.554228 0.730530 0.699591 0.673249 0.678465 0.916237 0.975674 0.942248 0.976040 0.984875 0.835325 0.990071 0.889209 0.414776 0.462930 0.580389 0.699332 0.464138 0.730589 0.404459 0.445982 0.957105 0.809905 0.690842 0.710673 0.449985 0.614243 0.588317 0.556738 0.677088 0.682497 0.973821 0.736425 0.776290 0.670933 0.589485 0.437828 0.495194 0.563943 0.865397 0.849228 0.860637 0.954668 0.795668 0.839692 0.937627 0.842469 0.902238 0.977412 0.981747 0.938113 0.876025 0.872669 0.709599 0.883315 0.478137 0.614523 0.809018 0.829855 0.537495 0.634100 0.685743 0.687940 0.850261 0.965022 0.833090 0.806898 0.876148 0.808560 0.821152 0.875367 0.615963 0.882263
0.360070 0.279661 0.985701 0.792904 0.816538 0.908127 0.729841 0.489833 0.860674 0.610729 0.438831 0.000000 0.478159 0.355911 0.536691 0.391275 0.332588 0.315523 0.442707 0.392016 0.895577 0.924455 0.762714 0.795630 0.887525 0.717695 0.868577 0.794979 0.423146 0.384692 0.766113 0.739238 0.459378 0.524024 0.867473 0.934851 0.657838 0.688490 0.864264 0.850154 0.711060 0.702980 0.617130 0.506474 0.710762 0.628515 0.792936 0.701338 0.913194 0.974914 0.794313 0.901756 0.963277 0.946692 0.917775 0.962327 0.293725 0.296207 0.680559 0.716723 0.551190 0.532684 0.352761 0.240108 0.806219 0.873205 0.885943 0.834286 0.529982 0.578422 0.469399 0.439098 0.716059 0.763296 0.968447 0.846029 0.616423 0.519904 0.599236 0.524991 0.376078 0.461412 0.656815 0.610556 0.978782 0.889426 0.913891 0.966603 0.948765 0.822549 0.775792 0.776579 0.930775 0.919553 0.953110 0.770368 0.702317 0.735007 0.428955 0.478036 0.660953 0.809743 0.514339 0.493963 0.618557 0.692032 0.830528 0.853652 0.731400 0.773403 0.774257 0.665358 0.693081 0.799815 0.739704 0.913862
0.530407 0.546798 0.720986 0.806291 0.670813 0.871056 0.619116 0.643352 0.725204 0.811838 0.438032 0.478159 0.000000 0.505624 0.367431 0.470899 0.536627 0.424203 0.537236 0.603335 0.753068 0.929517 0.687204 0.809939 0.995824 0.876504 0.994919 0.889789 0.513909 0.476657 0.724832 0.832744 0.493967 0.539674 0.964311 0.956272 0.759661 0.799361 0.924247 0.828127 0.863024 0.836979 0.560382 0.486373 0.589256 0.622498 0.663323 0.622622 0.934206 0.898184 0.927152 0.870452 0.947548 0.889813 0.992378 0.957052 0.521539 0.534047 0.620689 0.716315 0.436145 0.706550 0.432278 0.466978 0.768449 0.729182 0.715818 0.710850 0.667656 0.744472 0.665683 0.651535 0.864365 0.903483 0.972980 0.741464 0.810715 0.549189 0.593986 0.512368 0.540013 0.585717 0.775997 0.817928 0.699907 0.798407 0.906360 0.954050 0.780651 0.919229 0.970312 0.934061 0.983910 0.968369 0.932833 0.818080 0.758619 0.856338 0.580270 0.651405 0.897462 0.827494 0.574332 0.726915 0.608851 0.631140 0.860253 0.984051 0.799401 0.727294 0.882412 0.695167 0.778339 0.831594 0.682745 0.861788
0.575706 0.438765 0.985771 0.802240 0.909088 0.982245 0.715405 0.506850 0.898453 0.625245 0.607094 0.355911 0.505624 0.000000 0.445223 0.375055 0.411131 0.344302 0.483376 0.448032 0.883371 0.975441 0.637079 0.661219 0.910145 0.715626 0.871392 0.782256 0.458457 0.398770 0.756685 0.624797 0.541641 0.613567 0.856048 0.934231 0.815000 0.798349 0.822045 0.870146 0.920049 0.775464 0.583613 0.574095 0.786672 0.789778 0.802382 0.693486 0.933917 0.850455 0.939147 0.979415 0.936826 0.919088 0.901484 0.836281 0.395268 0.438155 0.864668 0.931943 0.752502 0.754509 0.401403 0.355122 0.864242 0.979886 0.951529 0.937547 0.700101 0.782594 0.566022 0.566412 0.685308 0.779614 0.939437 0.802080 0.639322 0.482797 0.570539 0.528037 0.394923 0.434346 0.542757 0.613218 0.811926 0.794751 0.972941 0.863892 0.978880 0.856665 0.836409 0.749518 0.981833 0.946402 0.995942 0.719340 0.751306 0.812623 0.522191 0.452015 0.773403 0.801433 0.520885 0.535559 0.727028 0.804340 0.861777 0.790133 0.774464 0.740206 0.789618 0.614004 0.771412 0.708550 0.821865 0.968051
0.682986 0.629753 0.821295 0.811392 0.707677 0.996631 0.708731 0.720678 0.867798 0.823482 0.627021 0.536691 0.367431 0.445223 0.000000 0.479225 0.553496 0.457665 0.564527 0.599506 0.652608 0.914238 0.615597 0.728900 0.921495 0.846777 0.919107 0.878416 0.500606 0.459108 0.758777 0.755678 0.580158 0.612869 0.915865 0.958781 0.799097 0.798725 0.806612 0.780187 0.933855 0.908797 0.596812 0.511921 0.732673 0.759497 0.705539 0.599454 0.884783 0.958847 0.942631 0.983111 0.995074 0.993357 0.990733 0.904623 0.583754 0.632309 0.846696 0.932877 0.678319 0.835052 0.527174 0.555872 0.759052 0.799764 0.862568 0.844300 0.789683 0.880802 0.707384 0.716600 0.853119 0.987348 0.930953 0.715629 0.757706 0.526230 0.566790 0.564585 0.546841 0.585484 0.695655 0.745979 0.632938 0.705902 0.908679 0.903866 0.822904 0.958322 0.988106 0.949060 0.922101 0.946070 0.977033 0.644116 0.876653 0.813605 0.666077 0.605685 0.936810 0.882317 0.677086 0.782167 0.692152 0.729685 0.962818 0.969650 0.770262 0.744594 0.840169 0.640405 0.831650 0.764120 0.803987 0.893091
0.613908 0.473209 0.786200 0.603638 0.910256 0.847522 0.570212 0.414103 0.841743 0.552119 0.597922 0.391275 0.470899 0.375055 0.479225 0.000000 0.421378 0.358456 0.441548 0.432727 0.757891 0.876002 0.461888 0.520166 0.926244 0.948250 0.912364 0.849552 0.450969 0.309773 0.658804 0.559579 0.469706 0.493502 0.989327 0.940226 0.675774 0.780576 0.972193 0.819412 0.835787 0.751488 0.483252 0.456818 0.818324 0.756660 0.728005 0.618163 0.831783 0.907754 0.996281 0.937254 0.969754 0.987517 0.881765 0.812667 0.443909 0.466142 0.782948 0.921350 0.640888 0.694155 0.403166 0.368527 0.957936 0.760129 0.801650 0.786566 0.741665 0.731784 0.471031 0.534957 0.712703 0.800771 0.953987 0.787592 0.600091 0.486728 0.564303 0.540696 0.401358 0.406319 0.604155 0.574699 0.744675 0.639905 0.954950 0.810195 0.969309 0.989876 0.779245 0.716066 0.896444 0.902256 0.914935 0.677801 0.796241 0.800284 0.580937 0.447713 0.811446 0.755883 0.519236 0.478326 0.575560 0.655569 0.993068 0.953654 0.789474 0.671890 0.824837 0.706377 0.684109 0.772130 0.770700 0.901245
0.439854 0.343443 0.876695 0.776265 0.874587 0.999842 0.636514 0.540687 0.790784 0.609946 0.422479 0.332588 0.536627 0.411131 0.553496 0.421378 0.000000 0.248931 0.366064 0.363218 0.864851 0.954544 0.670552 0.751566 0.963365 0.791491 0.903037 0.718646 0.387055 0.321116 0.684354 0.634328 0.454495 0.444217 0.949208 0.880767 0.730752 0.726821 0.864014 0.900756 0.755312 0.746675 0.555001 0.476635 0.767516 0.713507 0.706943 0.698211 0.916375 0.917232 0.982827 0.926730 0.897610 0.911851 0.892370 0.918376 0.262569 0.333435 0.736578 0.837629 0.603362 0.696710 0.342373 0.315501 0.942731 0.877686 0.807400 0.805339 0.501721 0.617351 0.431432 0.438543 0.666881 0.699526 0.965812 0.783507 0.664597 0.568864 0.540432 0.430532 0.312988 0.415039 0.641189 0.628080 0.840162 0.854070 0.946126 0.985741 0.951180 0.856601 0.845869 0.813844 0.963686 0.891456 0.891784 0.767838 0.696144 0.790164 0.550047 0.488879 0.816458 0.814507 0.544760 0.492503 0.707201 0.770791 0.820369 0.911943 0.847378 0.732841 0.710417 0.726464 0.675039 0.743357 0.759695 0.843176
0.440211 0.319770 0.871772 0.769173 0.806886 0.997498 0.633901 0.525667 0.821723 0.621558 0.420626 0.315523 0.424203 0.344302 0.457665 0.358456 0.248931 0.000000 0.340546 0.321290 0.832901 0.979108 0.613260 0.714168 0.956087 0.747127 0.955714 0.706448 0.338321 0.265961 0.706737 0.606940 0.422075 0.433036 0.943038 0.873047 0.707309 0.694918 0.842323 0.893693 0.806862 0.689753 0.517909 0.439144 0.740190 0.695220 0.749427 0.627768 0.887561 0.926015 0.994578 0.955329 0.923122 0.899892 0.921342 0.895497 0.252067 0.304948 0.753121 0.840664 0.568801 0.684976 0.311534 0.283390 0.994123 0.824101 0.810342 0.800510 0.501643 0.640500 0.436616 0.436650 0.695370 0.726426 0.943550 0.793885 0.643159 0.500551 0.497489 0.405078 0.269847 0.361993 0.537978 0.560378 0.773856 0.775613 0.974473 0.926473 0.985524 0.883246 0.889399 0.824834 0.988426 0.945548 0.957662 0.735757 0.704477 0.806142 0.524991 0.440649 0.790989 0.841993 0.506523 0.490929 0.672710 0.698339 0.835662 0.979632 0.819445 0.720149 0.711661 0.621934 0.705118 0.718554 0.709055 0.909601
0.463407 0.479934 0.608700 0.527192 0.745034 0.932291 0.372837 0.404896 0.787274 0.504391 0.443494 0.442707 0.537236 0.483376 0.564527 0.441548 0.366064 0.340546 0.000000 0.348259 0.846549 0.951964 0.450880 0.608442 0.954355 0.900577 0.885941 0.595524 0.465810 0.389007 0.566651 0.472044 0.358938 0.335515 0.900644 0.788208 0.728511 0.757862 0.978356 0.876924 0.936545 0.790755 0.424199 0.437770 0.793141 0.795060 0.665999 0.534926 0.719718 0.791622 0.921832 0.811110 0.932043 0.942375 0.978720 0.830424 0.378832 0.499485 0.694523 0.925679 0.552522 0.804659 0.286669 0.428217 0.842761 0.709859 0.578480 0.649505 0.574571 0.623435 0.386998 0.461725 0.631750 0.668802 0.863882 0.806014 0.665671 0.562110 0.532553 0.500462 0.325861 0.369765 0.616305 0.605061 0.607259 0.674033 0.906951 0.962405 0.903605 0.823497 0.727307 0.689521 0.865222 0.797695 0.947812 0.757627 0.660492 0.817413 0.515131 0.356534 0.828559 0.603414 0.470028 0.472731 0.683982 0.638734 0.870982 0.912448 0.811213 0.776511 0.707339 0.645778 0.699265 0.846165 0.677504 0.915075
0.488821 0.408666 0.863549 0.694926 0.906538 0.971078 0.628856 0.493897 0.790839 0.525323 0.442729 0.392016 0.603335 0.448032 0.599506 0.432727 0.363218 0.321290 0.348259 0.000000 0.850025 0.985643 0.649496 0.721972 0.870267 0.757235 0.907654 0.660668 0.466287 0.373272 0.729790 0.534520 0.516290 0.482464 0.891834 0.771231 0.693214 0.747850 0.891499 0.988155 0.820646 0.834561 0.557365 0.518501 0.905328 0.847103 0.856423 0.705499 0.796662 0.783468 0.910856 0.777990 0.844272 0.933751 0.863860 0.839047 0.356352 0.426696 0.826533 0.953165 0.691883 0.753158 0.381188 0.372325 0.911804 0.894861 0.798783 0.822469 0.524710 0.629349 0.381923 0.477704 0.634828 0.662237 0.991109 0.756409 0.703760 0.570109 0.524306 0.506585 0.357095 0.423801 0.657581 0.582352 0.928170 0.867452 0.959413 0.986287 0.814606 0.753392 0.767315 0.742744 0.950228 0.870236 0.964692 0.828676 0.774225 0.865684 0.552600 0.471518 0.794224 0.749886 0.538602 0.487277 0.749746 0.693288 0.910461 0.947787 0.786051 0.791990 0.749942 0.695105 0.791216 0.713232 0.723969 0.933122
0.957432 0.936010 0.758916 0.724928 0.847306 0.798204 0.758132 0.781790 0.952898 0.803671 0.852920 0.895577 0.753068 0.883371 0.652608 0.757891 0.864851 0.832901 0.846549 0.850025 0.000000 0.757749 0.754752 0.826225 0.745792 0.831373 0.849956 0.984020 0.926527 0.712561 0.792004 0.831343 0.812906 0.785037 0.986975 0.931206 0.864513 0.919924 0.967278 0.970348 0.957613 0.934574 0.774448 0.717199 0.944905 0.909192 0.840682 0.779355 0.873938 0.941960 0.961469 0.988559 0.955939 0.995689 0.808949 0.917025 0.950262 0.995033 0.894197 0.979464 0.807883 0.934611 0.867146 0.880286 0.747252 0.788771 0.826236 0.810161 0.970971 0.960590 0.890589 0.908880 0.907249 0.861836 0.880630 0.961642 0.992788 0.816885 0.805040 0.896338 0.835805 0.828685 0.973806 0.893541 0.864176 0.844675 0.960649 0.965089 0.917510 0.988389 0.947957 0.920878 0.883753 0.935165 0.942086 0.715866 0.853133 0.949723 0.980249 0.895286 0.975542 0.972737 0.806653 0.986072 0.880635 0.732155 0.964344 0.960610 0.810534 0.911429 0.926133 0.933626 0.914485 0.953661 0.945237 0.907304
0.942267 0.933036 0.759816 0.783173 0.825661 0.765664 0.845927 0.779880 0.879220 0.889144 0.960575 0.924455 0.929517 0.975441 0.914238 0.876002 0.954544 0.979108 0.951964 0.985643 0.757749 0.000000 0.830047 0.937584 0.748222 0.725406 0.754141 0.949550 0.919883 0.879768 0.763353 0.946381 0.885100 0.804415 0.885387 0.926623 0.930881 0.916837 0.904050 0.808083 0.997438 0.864803 0.787629 0.759682 0.759508 0.831773 0.867005 0.951765 0.932722 0.846053 0.938934 0.834291 0.873159 0.907911 0.852673 0.775315 0.984794 0.971921 0.837694 0.921570 0.929948 0.927580 0.979144 0.972489 0.815162 0.806083 0.792008 0.815742 0.893947 0.838692 0.842802 0.943610 0.960261 0.885238 0.744852 0.994816 0.858372 0.902068 0.858710 0.943978 0.947200 0.959737 0.909404 0.981470 0.937367 0.947266 0.962134 0.955526 0.851048 0.943439 0.805195 0.864609 0.815935 0.843751 0.846209 0.727557 0.978994 0.991053 0.831290 0.813497 0.881509 0.861959 0.919442 0.855511 0.864050 0.787895 0.991447 0.913369 0.950739 0.917975 0.810099 0.979616 0.910963 0.963857 0.920171 0.783985
0.892246 0.829767 0.523894 0.404765 0.819324 0.845249 0.401321 0.481577 0.926088 0.585525 0.856126 0.762714 0.687204 0.637079 0.615597 0.461888 0.670552 0.613260 0.450880 0.649496 0.754752 0.830047 0.000000 0.355108 0.700726 0.848279 0.968683 0.813988 0.727452 0.545788 0.484521 0.456070 0.539042 0.571836 0.912422 0.828344 0.753539 0.861891 0.852972 0.921667 0.946653 0.785961 0.456817 0.561690 0.925490 0.967029 0.791118 0.676016 0.561816 0.750092 0.738780 0.721668 0.939052 0.839867 0.932742 0.741694 0.743520 0.860532 0.973652 0.781970 0.825307 0.951645 0.601769 0.764159 0.608976 0.661559 0.650412 0.742534 0.989927 0.920561 0.497224 0.634508 0.810494 0.859837 0.801866 0.953047 0.687961 0.676315 0.715770 0.733545 0.591928 0.536743 0.698518 0.689099 0.476656 0.447280 0.736952 0.795509 0.975144 0.921147 0.779977 0.628752 0.825537 0.788523 0.943811 0.621928 0.885914 0.896899 0.810878 0.509570 0.995694 0.657278 0.766830 0.680453 0.804867 0.666668 0.972503 0.988219 0.889746 0.747905 0.818125 0.759266 0.755046 0.883974 0.874926 0.903470
0.994465 0.883571 0.742328 0.500056 0.998730 0.969621 0.593888 0.576502 0.908231 0.683889 0.929526 0.795630 0.809939 0.661219 0.728900 0.520166 0.751566 0.714168 0.608442 0.721972 0.826225 0.937584 0.355108 0.000000 0.715958 0.989222 0.929713 0.860531 0.766634 0.607943 0.682227 0.481200 0.714491 0.738721 0.951317 0.941396 0.798207 0.891426 0.857834 0.950569 0.941852 0.914105 0.689313 0.788569 0.839969 0.838516 0.987755 0.861127 0.573044 0.667486 0.721510 0.677653 0.942965 0.849791 0.865449 0.656372 0.800487 0.891911 0.842798 0.670710 0.977278 0.939111 0.702418 0.795363 0.871906 0.879823 0.882346 0.977269 0.931381 0.891412 0.633825 0.722052 0.726109 0.766727 0.901497 0.922475 0.769587 0.823830 0.725207 0.760495 0.667461 0.555836 0.763172 0.693313 0.647581 0.490158 0.837463 0.726392 0.971058 0.987214 0.850058 0.704569 0.900616 0.891268 0.864797 0.688851 0.961156 0.955586 0.921512 0.644020 0.931099 0.706369 0.850997 0.736547 0.777326 0.830137 0.843610 0.993760 0.911917 0.889743 0.946813 0.886707 0.877568 0.838247 0.871622 0.976825
0.790670 0.872205 0.610122 0.732351 0.854421 0.825236 0.776658 0.921365 0.943579 0.962179 0.857803 0.887525 0.995824 0.910145 0.921495 0.926244 0.963365 0.956087 0.954355 0.870267 0.745792 0.748222 0.700726 0.715958 0.000000 0.594889 0.787205 0.844122 0.974329 0.887913 0.752850 0.890495 0.943363 0.844736 0.785759 0.982258 0.953980 0.970476 0.767533 0.940041 0.941272 0.986984 0.851614 0.909052 0.981918 0.972243 0.876330 0.831941 0.765262 0.961402 0.822624 0.964273 0.915141 0.932622 0.993831 0.904879 0.870527 0.814057 0.963578 0.799394 0.999572 0.841639 0.953227 0.840216 0.593116 0.773134 0.786232 0.850724 0.898133 0.979240 0.978997 0.897359 0.916334 0.934107 0.826267 0.946285 0.845093 0.992399 0.957245 0.839012 0.961565 0.944669 0.971908 0.974099 0.789583 0.695543 0.868428 0.950190 0.963039 0.906133 0.996394 0.924322 0.835926 0.853031 0.963592 0.771795 0.877660 0.933667 0.902611 0.964166 0.884460 0.998615 0.857165 0.944124 0.847482 0.810767 0.953403 0.938828 0.991308 0.924762 0.805134 0.914421 0.993302 0.976968 0.959927 0.706367
0.769565 0.691850 0.544365 0.660997 0.956412 0.714780 0.763861 0.919478 0.976434 0.914490 0.853755 0.717695 0.876504 0.715626 0.846777 0.948250 0.791491 0.747127 0.900577 0.757235 0.831373 0.725406 0.848279 0.989222 0.594889 0.000000 0.725457 0.693477 0.780797 0.905550 0.732919 0.955568 0.976516 0.897268 0.560808 0.836800 0.964769 0.893044 0.709286 0.878371 0.984897 0.938879 0.867825 0.897381 0.962589 0.970724 0.756921 0.801118 0.848281 0.935274 0.903220 0.987811 0.922022 0.959444 0.847475 0.854483 0.701643 0.682547 0.823796 0.962811 0.943568 0.911678 0.833103 0.745199 0.563142 0.653992 0.621158 0.606394 0.880023 0.991584 0.872844 0.796775 0.888194 0.819990 0.714654 0.960031 0.956550 0.839272 0.964919 0.813221 0.863580 0.980898 0.891394 0.942595 0.822862 0.774305 0.962961 0.917314 0.860326 0.753224 0.996133 0.990041 0.837422 0.939461 0.928172 0.995076 0.964221 0.998533 0.775103 0.919660 0.845257 0.927388 0.971229 0.897662 0.977388 0.821439 0.995691 0.910850 0.977532 0.902490 0.970849 0.817864 0.918672 0.941532 0.957502 0.784266
0.851385 0.899260 0.892901 0.964845 0.873804 0.996777 0.900420 0.837319 0.825969 0.781414 0.880969 0.868577 0.994919 0.871392 0.919107 0.912364 0.903037 0.955714 0.885941 0.907654 0.849956 0.754141 0.968683 0.929713 0.787205 0.725457 0.000000 0.779316 0.947062 0.960214 0.845637 0.880995 0.956753 0.985307 0.965159 0.996965 0.973644 0.920704 0.925924 0.930882 0.940671 0.931948 0.964955 0.878558 0.969989 0.985235 0.964811 0.961364 0.899396 0.791774 0.949373 0.895221 0.985807 0.957082 0.995968 0.914767 0.895498 0.929433 0.980862 0.997478 0.942589 0.886024 0.856128 0.877584 0.702086 0.897230 0.990322 0.986876 0.905867 0.897371 0.943095 0.938552 0.833475 0.799024 0.879890 0.955352 0.981378 0.766313 0.923346 0.957652 0.870412 0.890785 0.967040 0.992453 0.957899 0.845436 0.890001 0.896912 0.806887 0.909446 0.750601 0.829998 0.768914 0.894666 0.943258 0.938323 0.773289 0.979236 0.711875 0.827728 0.955935 0.936817 0.899906 0.887489 0.883494 0.986498 0.985600 0.813740 0.920638 0.967401 0.872912 0.968277 0.911353 0.959639 0.994296 0.979246
0.710698 0.772908 0.922774 0.872484 0.837193 0.705269 0.748702 0.789023 0.926733 0.823568 0.728384 0.794979 0.889789 0.782256 0.878416 0.849552 0.718646 0.706448 0.595524 0.660668 0.984020 0.949550 0.813988 0.860531 0.844122 0.693477 0.779316 0.000000 0.745036 0.753842 0.997514 0.807123 0.782037 0.759440 0.970139 0.859969 0.906003 0.897087 0.900959 0.899931 0.998811 0.930879 0.773707 0.790579 0.950492 0.947012 0.972306 0.737851 0.838150 0.885638 0.899095 0.840519 0.895896 0.809810 0.981355 0.865573 0.674798 0.765580 0.955575 0.953171 0.820136 0.884279 0.749980 0.817133 0.984672 0.886120 0.884867 0.911097 0.735626 0.852130 0.723599 0.774430 0.649741 0.669307 0.927309 0.883322 0.896920 0.851685 0.768008 0.724185 0.744012 0.830746 0.841335 0.830189 0.865707 0.977133 0.854937 0.972936 0.900629 0.740458 0.903126 0.850567 0.950175 0.911096 0.974526 0.976891 0.937381 0.972686 0.754433 0.672567 0.996298 0.796644 0.810832 0.730440 0.807969 0.957049 0.966941 0.983786 0.983808 0.959982 0.774402 0.837099 0.892404 0.967757 0.921653 0.843150
0.581570 0.467145 0.917966 0.856686 0.787678 0.999894 0.715814 0.592148 0.767638 0.729456 0.548924 0.423146 0.513909 0.458457 0.500606 0.450969 0.387055 0.338321 0.465810 0.466287 0.926527 0.919883 0.727452 0.766634 0.974329 0.780797 0.947062 0.745036 0.000000 0.376940 0.793948 0.677139 0.502617 0.478126 0.986351 0.918967 0.842893 0.884879 0.908468 0.943168 0.802297 0.766823 0.548511 0.493682 0.690729 0.621861 0.660564 0.575360 0.969851 0.931442 0.930392 0.917277 0.918242 0.976599 0.965796 0.924962 0.402063 0.421181 0.751469 0.790844 0.592955 0.625142 0.442211 0.391280 0.977022 0.768641 0.776334 0.760951 0.553951 0.585489 0.647072 0.677000 0.716777 0.771200 0.928461 0.703986 0.729983 0.536502 0.559695 0.478159 0.376203 0.481100 0.570691 0.584673 0.780366 0.784634 0.888836 0.932339 0.989864 0.987792 0.928323 0.862299 0.991877 0.967072 0.850896 0.740794 0.763267 0.766517 0.568180 0.521314 0.764125 0.757429 0.611378 0.577786 0.702429 0.747371 0.951556 0.960875 0.859991 0.726617 0.637874 0.712585 0.769629 0.740945 0.809268 0.866588
0.541085 0.437633 0.742349 0.617774 0.848771 0.990695 0.551257 0.461760 0.823011 0.562857 0.486512 0.384692 0.476657 0.398770 0.459108 0.309773 0.321116 0.265961 0.389007 0.373272 0.712561 0.879768 0.545788 0.607943 0.887913 0.905550 0.960214 0.753842 0.376940 0.000000 0.603359 0.541412 0.447944 0.406986 0.980614 0.871533 0.673405 0.638269 0.936330 0.874410 0.795865 0.769229 0.418724 0.349113 0.756724 0.659170 0.682732 0.510321 0.865751 0.976331 0.957966 0.990966 0.966910 0.970563 0.920524 0.917888 0.348306 0.422753 0.737249 0.865102 0.559698 0.642034 0.381447 0.341403 0.887176 0.693871 0.737250 0.745229 0.612361 0.616614 0.487803 0.519230 0.630369 0.685779 0.846952 0.761716 0.687016 0.524835 0.450393 0.490217 0.344181 0.393372 0.532066 0.551862 0.758828 0.727840 0.998948 0.835691 0.917999 0.938913 0.916377 0.865672 0.919457 0.977819 0.976306 0.663550 0.793079 0.764086 0.613115 0.487209 0.784732 0.809061 0.568993 0.480212 0.609204 0.638301 0.854445 0.976481 0.733460 0.631208 0.690249 0.728836 0.671485 0.742055 0.758857 0.887371
0.740346 0.804910 0.461152 0.418449 0.832566 0.768844 0.395118 0.496899 0.817757 0.570658 0.764820 0.766113 0.724832 0.756685 0.758777 0.658804 0.684354 0.706737 0.566651 0.729790 0.792004 0.763353 0.484521 0.682227 0.752850 0.732919 0.845637 0.997514 0.793948 0.603359 0.000000 0.579706 0.473868 0.468160 0.712385 0.896136 0.766065 0.819310 0.781928 0.876182 0.930141 0.825686 0.480161 0.487118 0.770408 0.747643 0.696576 0.644161 0.756164 0.931022 0.972990 0.946010 0.872689 0.900378 0.872996 0.917427 0.748989 0.845395 0.681746 0.914807 0.628872 0.919095 0.614496 0.736924 0.655588 0.637380 0.495542 0.571424 0.873348 0.747389 0.652252 0.756430 0.774938 0.866334 0.807786 0.919719 0.776175 0.825308 0.752582 0.777795 0.666342 0.640531 0.844460 0.800703 0.691425 0.704889 0.846771 0.967234 0.838786 0.981207 0.809870 0.746303 0.861446 0.742205 0.953096 0.855295 0.743852 0.859979 0.800784 0.706468 0.819401 0.552434 0.769575 0.722870 0.896527 0.628376 0.884510 0.847395 0.949653 0.763694 0.728573 0.860257 0.748514 0.901492 0.828923 0.902100
0.841712 0.825940 0.677491 0.513399 0.938943 0.942664 0.514840 0.513437 0.948269 0.573477 0.787364 0.739238 0.832744 0.624797 0.755678 0.559579 0.634328 0.606940 0.472044 0.534520 0.831343 0.946381 0.456070 0.481200 0.890495 0.955568 0.880995 0.807123 0.677139 0.541412 0.579706 0.000000 0.586998 0.543324 0.979500 0.754549 0.848336 0.957004 0.983640 0.987447 0.982164 0.982994 0.585976 0.690881 0.914493 0.949855 0.896937 0.730728 0.561657 0.620031 0.767823 0.675691 0.941519 0.900789 0.999441 0.787030 0.697237 0.824154 0.993203 0.826076 0.890844 0.960740 0.557749 0.673683 0.896433 0.839529 0.731393 0.801790 0.924997 0.838553 0.623767 0.733323 0.737573 0.767843 0.875003 0.892899 0.854088 0.680709 0.578024 0.724190 0.523308 0.451483 0.677177 0.628609 0.671021 0.601385 0.886111 0.746443 0.922789 0.974342 0.865233 0.744386 0.886627 0.915042 0.936558 0.686197 0.793443 0.871074 0.870833 0.574443 0.876556 0.639841 0.763610 0.619448 0.854890 0.833091 0.956599 0.981437 0.905785 0.771074 0.757327 0.914755 0.902262 0.838514 0.852393 0.982860
0.445646 0.535486 0.553392 0.498873 0.671336 0.881094 0.389871 0.432502 0.786705 0.598222 0.523597 0.459378 0.493967 0.541641 0.580158 0.469706 0.454495 0.422075 0.358938 0.516290 0.812906 0.885100 0.539042 0.714491 0.943363 0.976516 0.956753 0.782037 0.502617 0.447944 0.473868 0.586998 0.000000 0.304666 0.790364 0.818258 0.647861 0.689274 0.927003 0.766237 0.837201 0.737541 0.427354 0.389523 0.650197 0.636010 0.671627 0.542347 0.844125 0.946783 0.966816 0.992497 0.950788 0.987526 0.827349 0.997059 0.468946 0.536995 0.526063 0.703783 0.426395 0.713376 0.331674 0.420012 0.770892 0.608276 0.484755 0.488101 0.595303 0.581669 0.527013 0.526584 0.781338 0.890250 0.855950 0.956330 0.676767 0.571204 0.587357 0.589839 0.403656 0.391701 0.684141 0.542088 0.628129 0.587181 0.970153 0.942290 0.877134 0.982969 0.806990 0.734869 0.850836 0.835501 0.953847 0.829329 0.742299 0.829467 0.580386 0.592173 0.823409 0.591241 0.516371 0.533837 0.575364 0.626567 0.868980 0.940439 0.874980 0.736189 0.657655 0.705814 0.734818 0.807296 0.686920 0.925762
0.503876 0.558225 0.507012 0.470936 0.693946 0.792070 0.363329 0.410041 0.738535 0.572748 0.511767 0.524024 0.539674 0.613567 0.612869 0.493502 0.444217 0.433036 0.335515 0.482464 0.785037 0.804415 0.571836 0.738721 0.844736 0.897268 0.985307 0.759440 0.478126 0.406986 0.468160 0.543324 0.304666 0.000000 0.699241 0.809519 0.667750 0.758948 0.817772 0.764706 0.863719 0.783969 0.392418 0.354489 0.663096 0.646672 0.569682 0.430876 0.813534 0.969051 0.988845 0.964637 0.957489 0.989673 0.846674 0.939225 0.486893 0.575407 0.525824 0.718733 0.439560 0.715779 0.357067 0.473206 0.713689 0.552491 0.412664 0.422619 0.552581 0.536579 0.530490 0.630973 0.730396 0.851884 0.830432 0.843733 0.729159 0.596317 0.465019 0.580222 0.367265 0.382325 0.679479 0.558527 0.644037 0.633701 0.969538 0.959828 0.917198 0.962030 0.753255 0.732603 0.826319 0.774603 0.912993 0.783334 0.679501 0.743712 0.579788 0.508872 0.816956 0.557511 0.545479 0.472951 0.583852 0.575531 0.857701 0.936818 0.889851 0.680782 0.569489 0.703376 0.666026 0.775720 0.655693 0.861752
0.966305 0.942376 0.616444 0.719358 0.822791 0.680555 0.688362 0.766471 0.800063 0.765079 0.991784 0.867473 0.964311 0.856048 0.915865 0.989327 0.949208 0.943038 0.900644 0.891834 0.986975 0.885387 0.912422 0.951317 0.785759 0.560808 0.965159 0.970139 0.986351 0.980614 0.712385 0.979500 0.790364 0.699241 0.000000 0.800535 0.879839 0.963127 0.664595 0.956864 0.982419 0.967182 0.749640 0.762069 0.681181 0.749230 0.825330 0.735035 0.924231 0.918673 0.973849 0.913292 0.794179 0.917725 0.794224 0.871046 0.950520 0.900784 0.646630 0.788003 0.705574 0.890986 0.952376 0.951546 0.656443 0.610342 0.500890 0.506063 0.911647 0.896828 0.964555 0.847840 0.978989 0.915192 0.850644 0.917155 0.937866 0.998955 0.986844 0.961607 0.935414 0.922916 0.954343 0.960568 0.824834 0.836791 0.912568 0.822375 0.958113 0.809707 0.820669 0.880204 0.704415 0.782869 0.971763 0.911601 0.736607 0.863743 0.898170 0.886482 0.923053 0.774663 0.871349 0.980338 0.904968 0.731623 0.880411 0.895507 0.926294 0.899009 0.793632 0.786547 0.958592 0.956001 0.888440 0.919340
0.901723 0.877777 0.840506 0.855679 0.910712 0.917825 0.829674 0.795695 0.951437 0.834753 0.915607 0.934851 0.956272 0.934231 0.958781 0.940226 0.880767 0.873047 0.788208 0.771231 0.931206 0.926623 0.828344 0.941396 0.982258 0.836800 0.996965 0.859969 0.918967 0.871533 0.896136 0.754549 0.818258 0.809519 0.800535 0.000000 0.896283 0.780109 0.940973 0.957382 0.932788 0.992943 0.772152 0.812467 0.857860 0.910697 0.966661 0.851009 0.925744 0.900228 0.993192 0.993443 0.968014 0.943097 0.865605 0.970989 0.844166 0.919625 0.924810 0.911242 0.853114 0.903032 0.896026 0.870711 0.884050 0.777591 0.773352 0.761621 0.804793 0.866731 0.737731 0.962601 0.947773 0.961783 0.876142 0.933707 0.997342 0.861613 0.995709 0.982711 0.831317 0.910842 0.746940 0.812895 0.997400 0.869957 0.850976 0.961459 0.959648 0.948825 0.981119 0.920449 0.962664 0.973153 0.931380 0.916903 0.883119 0.971809 0.902637 0.794360 0.933837 0.996099 0.996280 0.864546 0.976794 0.900864 0.658507 0.927472 0.897664 0.990534 0.815418 0.859282 0.972830 0.831052 0.842480 0.828849
0.671762 0.678265 0.852161 0.688483 0.930742 0.790844 0.749734 0.666109 0.905693 0.697554 0.847943 0.657838 0.759661 0.815000 0.799097 0.675774 0.730752 0.707309 0.728511 0.693214 0.864513 0.930881 0.753539 0.798207 0.953980 0.964769 0.973644 0.906003 0.842893 0.673405 0.766065 0.848336 0.647861 0.667750 0.879839 0.896283 0.000000 0.626748 0.968455 0.999115 0.743678 0.812215 0.732625 0.680700 0.891179 0.814406 0.992870 0.831138 0.976609 0.988476 0.925008 0.979664 0.901317 0.956679 0.934350 0.966517 0.663909 0.680925 0.819283 0.926952 0.733465 0.723363 0.690746 0.653824 0.944253 0.767071 0.867490 0.820148 0.808592 0.810307 0.580195 0.678784 0.872012 0.888513 0.967504 0.992430 0.784923 0.707444 0.729890 0.928570 0.707134 0.723950 0.833961 0.643681 0.948358 0.843230 0.870854 0.984464 0.944739 0.902850 0.831640 0.761163 0.860751 0.781680 0.800416 0.995244 0.755049 0.696223 0.734824 0.747721 0.916504 0.804686 0.808438 0.760259 0.680656 0.711250 0.941875 0.803589 0.772442 0.897774 0.797728 0.623980 0.806426 0.861898 0.858124 0.943767
0.611453 0.624204 0.865124 0.771807 0.913436 0.839959 0.813055 0.753225 0.911025 0.833336 0.808950 0.688490 0.799361 0.798349 0.798725 0.780576 0.726821 0.694918 0.757862 0.747850 0.919924 0.916837 0.861891 0.891426 0.970476 0.893044 0.920704 0.897087 0.884879 0.638269 0.819310 0.957004 0.689274 0.758948 0.963127 0.780109 0.626748 0.000000 0.937614 0.790073 0.877207 0.915734 0.651044 0.612242 0.748313 0.733356 0.941079 0.814916 0.820209 0.804215 0.709714 0.736993 0.854942 0.825383 0.964400 0.974992 0.648412 0.662250 0.748090 0.800074 0.680594 0.695349 0.706859 0.655726 0.905445 0.780674 0.910842 0.878932 0.730543 0.664759 0.661171 0.662391 0.952895 0.815312 0.853669 0.984299 0.831547 0.846507 0.871758 0.836052 0.812663 0.851439 0.850397 0.773704 0.956457 0.870529 0.880334 0.977919 0.877650 0.925902 0.949694 0.900497 0.802710 0.972707 0.964033 0.934924 0.882850 0.820636 0.781396 0.814716 0.834118 0.957932 0.830718 0.717659 0.777366 0.714390 0.776797 0.779809 0.703334 0.852182 0.827273 0.844715 0.744402 0.805617 0.892158 0.832950
