0.000000 0.395970 0.914396 0.948627 0.971102 0.661646 0.536378 0.513220 0.742041 0.595971 0.594359 0.410612 0.524849 0.531868 0.617189 0.603730 0.408577 0.453377 0.563593 0.688431 0.843111 0.800612 0.655226 0.889739 0.718744 0.774024 0.854943 0.985737 0.524818 0.533242 0.664982 0.865909 0.536229 0.571255 0.903303 0.808991 0.749123 0.903575 0.818666 0.971991 0.987976 0.970746 0.484305 0.459877 0.491737 0.498379 0.510204 0.521304 0.458901 0.484848 0.525916 0.622282 0.669025 0.823782 0.553246 0.648046 0.522758 0.437745 0.469973 0.478584 0.457412 0.515913 0.482981 0.391485 0.943275 0.925384 0.626988 0.685640 0.673365 0.541762 0.807271 0.705558 0.888236 0.968257 0.947030 0.970905 0.577252 0.707892 0.692188 0.745112 0.383016 0.501106 0.627432 0.708794 0.407726 0.591779 0.782590 0.946654 0.659800 0.784951 0.620798 0.887910 0.751651 0.927590 0.771155 0.840786 0.800466 0.911997 0.458549 0.499546 0.689266 0.639099 0.491800 0.809462 0.659884 0.802956 0.896145 0.846569 0.869411 0.721867 0.762341 0.768072 0.641095 0.761976 0.799128 0.859719
0.395970 0.000000 0.880392 0.834491 0.983135 0.778233 0.733445 0.641416 0.822797 0.730986 0.786906 0.641859 0.751358 0.710802 0.784299 0.810315 0.523187 0.614455 0.706685 0.642383 0.987691 0.774304 0.765283 0.835323 0.990427 0.911220 0.964360 0.864949 0.677020 0.675177 0.780187 0.995961 0.753734 0.682020 0.904515 0.825578 0.882530 0.975571 0.799366 0.908818 0.881511 0.924021 0.545961 0.574252 0.648101 0.638468 0.599936 0.661090 0.527558 0.473687 0.527918 0.551950 0.668961 0.705300 0.638498 0.650117 0.425585 0.359338 0.575653 0.460244 0.699318 0.653923 0.698255 0.617900 0.952224 0.900181 0.655133 0.749726 0.527019 0.464012 0.880742 0.656140 0.907630 0.914302 0.980863 0.970336 0.700566 0.782431 0.743554 0.757195 0.603772 0.640533 0.673169 0.855658 0.583095 0.710930 0.823843 0.942800 0.723209 0.793386 0.651493 0.849247 0.717650 0.926939 0.899943 0.811148 0.673379 0.823072 0.563429 0.510232 0.808682 0.728330 0.672720 0.830637 0.703963 0.881657 0.905355 0.891891 0.965215 0.705275 0.922924 0.776758 0.712873 0.691532 0.809782 0.822798
0.914396 0.880392 0.000000 0.657695 0.799731 0.926079 0.664549 0.670110 0.900860 0.944583 0.874867 0.875797 0.984570 0.866866 0.912634 0.805761 0.845166 0.828142 0.838583 0.802401 0.950586 0.882780 0.861884 0.983296 0.642678 0.716068 0.881393 0.969672 0.828660 0.860690 0.701685 0.729054 0.796257 0.637050 0.763641 0.920792 0.798915 0.952671 0.790600 0.905636 0.945234 0.801896 0.929856 0.933743 0.830035 0.918018 0.695490 0.970829 0.826904 0.928417 0.983417 0.786194 0.827543 0.733347 0.834087 0.874892 0.649255 0.845697 0.673926 0.897854 0.810476 0.964329 0.771345 0.846351 0.663424 0.601917 0.630829 0.635950 0.983514 0.810886 0.968766 0.919750 0.881887 0.920239 0.903264 0.889142 0.866494 0.816948 0.748506 0.921139 0.820594 0.679004 0.916195 0.825546 0.992589 0.701539 0.702135 0.975620 0.812539 0.923394 0.750987 0.697813 0.717313 0.776010 0.933243 0.985245 0.932035 0.899196 0.845609 0.904555 0.981277 0.900788 0.944571 0.865600 0.827367 0.979083 0.840387 0.878454 0.987069 0.873571 0.947955 0.834650 0.824130 0.979870 0.904648 0.910796
0.948627 0.834491 0.657695 0.000000 0.789163 0.763974 0.945837 0.766498 0.981420 0.932223 0.881261 0.930082 0.757540 0.762531 0.811774 0.991250 0.939684 0.945386 0.887560 0.819855 0.943491 0.925813 0.870162 0.663592 0.616193 0.696027 0.938813 0.950099 0.960533 0.994916 0.850087 0.740797 0.875511 0.770369 0.794745 0.849292 0.943291 0.719223 0.948576 0.988628 0.872182 0.996913 0.892100 0.852563 0.986849 0.953073 0.839887 0.948633 0.982302 0.738266 0.747874 0.733719 0.806886 0.809008 0.798674 0.807960 0.699823 0.771346 0.744105 0.625271 0.984901 0.984034 0.970517 0.959642 0.692030 0.512268 0.482457 0.528928 0.889917 0.761551 0.823661 0.755325 0.767025 0.838938 0.885929 0.826900 0.857199 0.931669 0.939382 0.936006 0.976313 0.910580 0.873281 0.967118 0.912590 0.587966 0.821758 0.941227 0.860017 0.782162 0.824394 0.781370 0.758200 0.785942 0.957096 0.973869 0.953558 0.978844 0.942123 0.921964 0.886567 0.990502 0.901506 0.940360 0.759584 0.902770 0.898592 0.851125 0.942302 0.984626 0.891882 0.930187 0.901463 0.917827 0.918724 0.964498
0.971102 0.983135 0.799731 0.789163 0.000000 0.697610 0.836383 0.903214 0.767370 0.781225 0.727307 0.778544 0.627302 0.740905 0.598963 0.768005 0.864004 0.893812 0.774987 0.930560 0.881886 0.986983 0.753924 0.963195 0.604386 0.568892 0.976924 0.749044 0.769538 0.766436 0.996056 0.951052 0.869060 0.920487 0.949182 0.921598 0.929559 0.833814 0.956950 0.969488 0.942400 0.910139 0.873692 0.828930 0.675772 0.717076 0.974826 0.918354 0.741199 0.915135 0.781102 0.856873 0.721269 0.808002 0.943013 0.838160 0.834897 0.987315 0.992923 0.992789 0.767082 0.781357 0.822221 0.783065 0.664148 0.694815 0.927138 0.878108 0.993761 0.988279 0.789135 0.869247 0.870777 0.985991 0.881481 0.904157 0.830749 0.757563 0.871706 0.889214 0.812170 0.926508 0.796029 0.787378 0.753354 0.988608 0.841660 0.843067 0.869397 0.956759 0.769163 0.829344 0.840751 0.952853 0.939225 0.935750 0.900399 0.825835 0.791913 0.827099 0.807518 0.897058 0.877244 0.989221 0.848200 0.900460 0.834472 0.944835 0.776747 0.861387 0.850323 0.699291 0.872726 0.937522 0.941155 0.943395
0.661646 0.778233 0.926079 0.763974 0.697610 0.000000 0.551647 0.490342 0.675166 0.508714 0.739230 0.683876 0.730858 0.779744 0.665097 0.685631 0.600638 0.637957 0.563038 0.734744 0.820897 0.998004 0.624684 0.793998 0.780808 0.901978 0.845665 0.892011 0.616159 0.677495 0.653829 0.851005 0.604850 0.583399 0.801499 0.976753 0.814929 0.973305 0.942640 0.906562 0.990299 0.882051 0.569089 0.544670 0.464352 0.474089 0.654679 0.580195 0.536238 0.548207 0.492476 0.647444 0.587156 0.698327 0.721863 0.547670 0.863993 0.782531 0.677842 0.629774 0.541545 0.572398 0.658085 0.577825 0.913248 0.856754 0.609675 0.632342 0.919148 0.757625 0.757170 0.831768 0.888923 0.986180 0.888914 0.973609 0.576522 0.728281 0.785022 0.587794 0.538658 0.585406 0.850161 0.801642 0.587172 0.619397 0.895743 0.936559 0.824750 0.928303 0.529722 0.683019 0.568663 0.992491 0.861098 0.928306 0.873121 0.845644 0.507357 0.620052 0.662381 0.656120 0.607322 0.855472 0.801930 0.945365 0.966811 0.875708 0.850624 0.903423 0.849102 0.716933 0.787742 0.851239 0.874131 0.862197
0.536378 0.733445 0.664549 0.945837 0.836383 0.551647 0.000000 0.258271 0.671657 0.336595 0.378125 0.434528 0.425102 0.617560 0.571690 0.837365 0.431636 0.460544 0.403466 0.606868 0.891614 0.867319 0.949286 0.802974 0.587234 0.789989 0.544947 0.956229 0.360655 0.423254 0.500478 0.711033 0.348987 0.336339 0.923886 0.993905 0.884659 0.763128 0.841128 0.925072 0.908076 0.983349 0.430815 0.379265 0.475400 0.410926 0.443461 0.480527 0.571375 0.734652 0.593581 0.970444 0.910302 0.877725 0.699453 0.635437 0.700925 0.804085 0.424142 0.706644 0.226570 0.433765 0.314350 0.330140 0.772223 0.856728 0.612922 0.547088 0.941582 0.762703 0.925092 0.964839 0.897331 0.981514 0.962380 0.985213 0.512604 0.868337 0.556133 0.580160 0.337051 0.387343 0.806499 0.740155 0.594176 0.763953 0.815244 0.853180 0.982010 0.843694 0.777990 0.897466 0.922779 0.567733 0.871745 0.913345 0.798536 0.956848 0.555797 0.631267 0.549471 0.806969 0.511293 0.745784 0.623903 0.911867 0.889834 0.851290 0.762047 0.739844 0.773585 0.832090 0.764122 0.823796 0.925755 0.949520
0.513220 0.641416 0.670110 0.766498 0.903214 0.490342 0.258271 0.000000 0.599905 0.323755 0.476034 0.423002 0.488508 0.593575 0.592321 0.777302 0.493532 0.477020 0.391218 0.565371 0.884867 0.885784 0.816565 0.992298 0.687465 0.884348 0.624324 0.934286 0.397739 0.443480 0.478843 0.714159 0.328163 0.346570 0.831348 0.861009 0.902087 0.906084 0.891609 0.929395 0.926931 0.987634 0.445662 0.363571 0.429982 0.366687 0.453851 0.485506 0.482070 0.596087 0.518593 0.797318 0.752282 0.998166 0.581689 0.598613 0.609623 0.684420 0.411471 0.568163 0.282081 0.363608 0.384292 0.340094 0.790813 0.759108 0.517060 0.455337 0.996811 0.627728 0.783425 0.796562 0.915204 0.983237 0.865060 0.920388 0.489893 0.858263 0.635488 0.559870 0.350841 0.453906 0.792843 0.715725 0.592972 0.684881 0.787007 0.914010 0.880049 0.990127 0.717817 0.924480 0.813209 0.726184 0.827465 0.942874 0.764656 0.979743 0.477194 0.616442 0.579233 0.736372 0.508402 0.640738 0.568362 0.904690 0.948646 0.859921 0.829360 0.770558 0.720748 0.829338 0.790087 0.766869 0.929564 0.921599
0.742041 0.822797 0.900860 0.981420 0.767370 0.675166 0.671657 0.599905 0.000000 0.535821 0.656350 0.635498 0.585987 0.722270 0.762747 0.767729 0.910088 0.842853 0.637938 0.867332 0.685402 0.960562 0.835026 0.979958 0.837627 0.851818 0.950768 0.923104 0.740576 0.726870 0.763496 0.961213 0.726548 0.743088 0.960733 0.933693 0.950378 0.945006 0.857434 0.938805 0.889308 0.942422 0.741930 0.743836 0.674181 0.696752 0.841961 0.808838 0.685181 0.960743 0.840688 0.968272 0.842991 0.973490 0.695836 0.791923 0.893075 0.829287 0.859811 0.919725 0.633960 0.451934 0.819161 0.709560 0.849273 0.877589 0.988710 0.977174 0.775949 0.698504 0.722567 0.822282 0.975165 0.931935 0.877275 0.946249 0.804552 0.809344 0.972420 0.833400 0.725195 0.845946 0.778820 0.875239 0.699593 0.930987 0.816689 0.986453 0.799707 0.956973 0.821643 0.892106 0.947102 0.955478 0.959931 0.978448 0.902136 0.885317 0.707204 0.853576 0.789299 0.780180 0.850066 0.884361 0.893739 0.994774 0.900899 0.871267 0.900381 0.804585 0.875067 0.995961 0.898092 0.894538 0.831714 0.972368
0.595971 0.730986 0.944583 0.932223 0.781225 0.508714 0.336595 0.323755 0.535821 0.000000 0.523014 0.463134 0.449855 0.541914 0.525199 0.734442 0.606649 0.526538 0.404095 0.589446 0.835449 0.964222 0.783267 0.838766 0.548284 0.827123 0.635590 0.884052 0.429694 0.492828 0.480368 0.835249 0.404224 0.443752 0.957819 0.947042 0.784297 0.880957 0.984991 0.939361 0.936489 0.885643 0.414108 0.362478 0.315544 0.302836 0.521899 0.523211 0.380898 0.597507 0.540040 0.805325 0.738633 0.931312 0.705960 0.657735 0.818281 0.823803 0.617092 0.725804 0.346174 0.339921 0.518269 0.442362 0.611070 0.965217 0.737486 0.650508 0.992733 0.715504 0.735133 0.808161 0.991044 0.945738 0.978602 0.925839 0.539857 0.846441 0.763878 0.622793 0.457107 0.614159 0.789046 0.843717 0.619451 0.886828 0.865649 0.848901 0.929463 0.943037 0.583780 0.818219 0.688154 0.831660 0.894984 0.858444 0.831737 0.868874 0.403652 0.516349 0.588183 0.690709 0.509799 0.729659 0.711819 0.974266 0.890457 0.976734 0.775890 0.759112 0.700002 0.701437 0.761628 0.767515 0.862255 0.923463
0.594359 0.786906 0.874867 0.881261 0.727307 0.739230 0.378125 0.476034 0.656350 0.523014 0.000000 0.406779 0.367420 0.505049 0.529336 0.729235 0.512057 0.552654 0.503144 0.731785 0.930962 0.851515 0.924975 0.803447 0.519707 0.653606 0.645989 0.846298 0.430515 0.441050 0.726246 0.796116 0.469102 0.472363 0.961333 0.934182 0.861472 0.697714 0.793253 0.866619 0.872324 0.961411 0.584190 0.512916 0.576408 0.526395 0.585486 0.546121 0.643041 0.883390 0.727178 0.932415 0.997262 0.851436 0.744931 0.799120 0.833597 0.878331 0.577405 0.855312 0.311556 0.480712 0.368158 0.410502 0.702376 0.964922 0.828720 0.784516 0.986415 0.832713 0.906594 0.972088 0.996630 0.889260 0.891534 0.902131 0.681036 0.779061 0.714546 0.688273 0.435099 0.481509 0.657149 0.662547 0.574401 0.824706 0.855341 0.923400 0.789637 0.920514 0.869681 0.785550 0.989096 0.568228 0.912585 0.940462 0.835118 0.923416 0.662276 0.836502 0.547689 0.896484 0.626613 0.799952 0.751738 0.954574 0.993247 0.811176 0.749710 0.799536 0.844033 0.981097 0.768631 0.865092 0.934140 0.982607
0.410612 0.641859 0.875797 0.930082 0.778544 0.683876 0.434528 0.423002 0.635498 0.463134 0.406779 0.000000 0.314718 0.334602 0.423570 0.479685 0.459678 0.437678 0.422850 0.623247 0.777409 0.866020 0.651053 0.946297 0.518736 0.683770 0.782392 0.862256 0.388573 0.379056 0.546553 0.721823 0.405077 0.472128 0.932080 0.917895 0.818409 0.881333 0.830016 0.962775 0.875890 0.993724 0.578940 0.459357 0.426178 0.426441 0.590112 0.587041 0.458756 0.677714 0.700552 0.869430 0.804378 0.926001 0.688422 0.738293 0.726920 0.710057 0.614723 0.776210 0.342786 0.373653 0.440774 0.343446 0.722157 0.990494 0.771950 0.765011 0.878282 0.608367 0.746579 0.785469 0.959660 0.969242 0.900716 0.976203 0.605755 0.833222 0.719685 0.603715 0.350101 0.452845 0.526393 0.643275 0.408062 0.700110 0.835359 0.972926 0.659117 0.910483 0.790341 0.960495 0.935614 0.796744 0.912305 0.906384 0.871119 0.999156 0.527421 0.596901 0.608649 0.713580 0.502311 0.672109 0.739316 0.903454 0.916238 0.940618 0.814909 0.768542 0.769033 0.781130 0.728117 0.695460 0.928530 0.940765
0.524849 0.751358 0.984570 0.757540 0.627302 0.730858 0.425102 0.488508 0.585987 0.449855 0.367420 0.314718 0.000000 0.301892 0.329745 0.536660 0.543970 0.552350 0.486303 0.687907 0.791535 0.898256 0.695775 0.898810 0.412235 0.533651 0.719600 0.899045 0.369973 0.351783 0.625582 0.800521 0.409461 0.519438 0.982345 0.943296 0.873459 0.717577 0.841511 0.896727 0.870786 0.923616 0.613648 0.523511 0.451403 0.429369 0.645273 0.585373 0.512598 0.813344 0.745209 0.986631 0.897499 0.846040 0.817341 0.747798 0.889793 0.796366 0.673956 0.905726 0.297175 0.380839 0.437030 0.347389 0.623849 0.874772 0.917346 0.845609 0.960949 0.729589 0.758731 0.855092 0.988426 0.936821 0.950139 0.909606 0.632602 0.832308 0.789775 0.687176 0.403888 0.544667 0.510618 0.639165 0.457266 0.841279 0.901270 0.956354 0.727673 0.977495 0.910085 0.893543 0.930095 0.659591 0.944178 0.905948 0.837426 0.913018 0.592701 0.682688 0.578985 0.798013 0.576206 0.717938 0.889742 0.882220 0.927016 0.912030 0.744096 0.816194 0.749082 0.818575 0.761334 0.768122 0.897904 0.984532
0.531868 0.710802 0.866866 0.762531 0.740905 0.779744 0.617560 0.593575 0.722270 0.541914 0.505049 0.334602 0.301892 0.000000 0.324575 0.432575 0.615039 0.545048 0.573849 0.603372 0.878698 0.950163 0.582650 0.942290 0.451072 0.657790 0.779299 0.962049 0.457618 0.430655 0.705207 0.809860 0.502670 0.613360 0.946714 0.990847 0.813133 0.821284 0.922031 0.931118 0.890426 0.854492 0.678923 0.532694 0.442428 0.442129 0.658175 0.657660 0.447782 0.729165 0.751315 0.847611 0.837949 0.968150 0.807443 0.816197 0.921660 0.732878 0.845709 0.889235 0.452666 0.405678 0.570169 0.437063 0.684364 0.874600 0.928046 0.899693 0.929483 0.674933 0.724223 0.759805 0.949595 0.956045 0.939542 0.993665 0.667992 0.896811 0.817534 0.622668 0.476987 0.577417 0.464724 0.693376 0.425355 0.820271 0.979453 0.914706 0.633834 0.862514 0.847445 0.985629 0.951485 0.820414 0.881348 0.951611 0.842781 0.919001 0.547395 0.660944 0.610254 0.704948 0.586948 0.710352 0.824452 0.953362 0.995867 0.909652 0.783182 0.849402 0.736496 0.848924 0.758377 0.701027 0.938490 0.902497
0.617189 0.784299 0.912634 0.811774 0.598963 0.665097 0.571690 0.592321 0.762747 0.525199 0.529336 0.423570 0.329745 0.324575 0.000000 0.418651 0.619612 0.553243 0.608046 0.653008 0.911687 0.916783 0.483293 0.884274 0.439099 0.547614 0.785552 0.884991 0.432614 0.401545 0.726503 0.807201 0.461619 0.591677 0.999077 0.983679 0.818165 0.788591 0.945364 0.903181 0.993171 0.930577 0.680834 0.592869 0.418890 0.421370 0.687532 0.632806 0.442383 0.681212 0.665253 0.800884 0.764378 0.947823 0.891365 0.781948 0.983190 0.787016 0.835064 0.940609 0.456740 0.537345 0.523365 0.443796 0.662248 0.744653 0.902968 0.884927 0.958854 0.702613 0.700589 0.749406 0.984366 0.973698 0.894793 0.920755 0.667373 0.979500 0.815412 0.666131 0.496526 0.613693 0.468843 0.592564 0.405194 0.752478 0.958540 0.856904 0.666645 0.901270 0.852748 0.962657 0.924579 0.810829 0.949307 0.952486 0.951319 0.899360 0.537129 0.628956 0.620493 0.800230 0.568686 0.720868 0.899572 0.891615 0.909138 0.867492 0.943748 0.958755 0.801398 0.695524 0.857971 0.786097 0.905504 0.933567
0.603730 0.810315 0.805761 0.991250 0.768005 0.685631 0.837365 0.777302 0.767729 0.734442 0.729235 0.479685 0.536660 0.432575 0.418651 0.000000 0.709231 0.632277 0.704368 0.760263 0.820602 0.928283 0.328177 0.612868 0.655662 0.627635 0.987844 0.873994 0.667462 0.524539 0.794867 0.741583 0.673976 0.757405 0.947707 0.961210 0.839027 0.934743 0.947538 0.945948 0.860451 0.872064 0.859408 0.710059 0.556841 0.593100 0.899206 0.714072 0.564542 0.643722 0.704975 0.669110 0.679283 0.835275 0.837886 0.808866 0.944661 0.786579 0.933897 0.876863 0.667252 0.687198 0.715433 0.586054 0.900661 0.832898 0.866742 0.956881 0.931619 0.727509 0.636474 0.707624 0.870691 0.962888 0.868485 0.955408 0.843930 0.942650 0.920727 0.727700 0.636968 0.706251 0.404537 0.694502 0.394979 0.569301 0.953579 0.757060 0.523091 0.647971 0.798344 0.801778 0.809432 0.970829 0.892865 0.973536 0.921580 0.928274 0.637508 0.665230 0.862081 0.783678 0.643097 0.963992 0.869049 0.818434 0.998296 0.919597 0.954672 0.989854 0.841529 0.806830 0.820597 0.814183 0.826623 0.996910
0.408577 0.523187 0.845166 0.939684 0.864004 0.600638 0.431636 0.493532 0.910088 0.606649 0.512057 0.459678 0.543970 0.615039 0.619612 0.709231 0.000000 0.346976 0.505616 0.637170 0.944003 0.815019 0.833557 0.965148 0.649292 0.694811 0.698602 0.891335 0.379765 0.404222 0.593017 0.711436 0.465898 0.425000 0.872068 0.961887 0.858518 0.783125 0.882468 0.969183 0.984949 0.804967 0.537968 0.489143 0.552209 0.498821 0.461823 0.505163 0.604778 0.633084 0.562527 0.823588 0.853778 0.977077 0.632550 0.632458 0.556980 0.608872 0.415494 0.558297 0.400755 0.617131 0.323993 0.324426 0.809105 0.942536 0.518951 0.559641 0.878439 0.684811 0.939916 0.865101 0.811509 0.963321 0.962583 0.953346 0.546395 0.730550 0.484331 0.715743 0.335610 0.400804 0.690284 0.701663 0.575874 0.667879 0.858317 0.976969 0.850472 0.975275 0.706725 0.879811 0.860763 0.735757 0.914125 0.881739 0.786774 0.909781 0.541904 0.547691 0.561775 0.738839 0.488353 0.794767 0.673421 0.723497 0.985152 0.881656 0.812207 0.663914 0.882860 0.743440 0.642015 0.714419 0.890017 0.804280
0.453377 0.614455 0.828142 0.945386 0.893812 0.637957 0.460544 0.477020 0.842853 0.526538 0.552654 0.437678 0.552350 0.545048 0.553243 0.632277 0.346976 0.000000 0.468087 0.505922 0.926699 0.937414 0.721624 0.910805 0.680526 0.833690 0.733677 0.999926 0.354405 0.360528 0.525480 0.576582 0.443814 0.486645 0.938951 0.858016 0.867432 0.899934 0.880888 0.937794 0.973835 0.868403 0.492468 0.479824 0.525500 0.426428 0.472816 0.482374 0.515827 0.579975 0.518568 0.773417 0.841821 0.937787 0.677030 0.659114 0.633024 0.634131 0.505179 0.606017 0.444844 0.595109 0.365046 0.352501 0.795418 0.967949 0.528451 0.573684 0.899339 0.649242 0.823234 0.838780 0.759472 0.907735 0.978358 0.941142 0.688490 0.844819 0.489429 0.603187 0.325843 0.419468 0.651495 0.671529 0.543432 0.665717 0.866880 0.971162 0.856488 0.967146 0.731935 0.897429 0.807824 0.725798 0.792512 0.934079 0.824233 0.887640 0.522462 0.538099 0.656112 0.777114 0.393390 0.757850 0.651773 0.743329 0.954926 0.827453 0.857696 0.770480 0.764420 0.785537 0.670940 0.747126 0.971812 0.855204
0.563593 0.706685 0.838583 0.887560 0.774987 0.563038 0.403466 0.391218 0.637938 0.404095 0.503144 0.422850 0.486303 0.573849 0.608046 0.704368 0.505616 0.468087 0.000000 0.493250 0.733229 0.870444 0.789968 0.969052 0.620728 0.837845 0.672034 0.912421 0.407716 0.473088 0.542781 0.657712 0.473391 0.428508 0.909184 0.944800 0.828271 0.889398 0.930864 0.900948 0.953843 0.923989 0.421584 0.351295 0.425056 0.387629 0.537834 0.515298 0.546740 0.652540 0.632543 0.863055 0.832181 0.984797 0.693387 0.671898 0.721851 0.800425 0.569172 0.696548 0.387591 0.401455 0.483092 0.442266 0.774911 0.789333 0.604599 0.584626 0.884137 0.759629 0.735866 0.744533 0.769467 0.850513 0.926467 0.991444 0.623861 0.752108 0.698737 0.639628 0.440584 0.479900 0.692062 0.668654 0.596556 0.783242 0.837157 0.972736 0.800909 0.980554 0.627625 0.984395 0.788308 0.810371 0.871424 0.968024 0.893080 0.982282 0.505464 0.608066 0.686140 0.735444 0.443228 0.731548 0.740005 0.969512 0.976998 0.851682 0.706270 0.778461 0.798316 0.748076 0.713963 0.730993 0.817740 0.870842
0.688431 0.642383 0.802401 0.819855 0.930560 0.734744 0.606868 0.565371 0.867332 0.589446 0.731785 0.623247 0.687907 0.603372 0.653008 0.760263 0.637170 0.505922 0.493250 0.000000 0.995518 0.913422 0.766148 0.872845 0.829130 0.972077 0.846611 0.868019 0.537069 0.560703 0.638958 0.689626 0.549737 0.572878 0.975236 0.858370 0.943599 0.967821 0.987123 0.927175 0.968793 0.967239 0.629251 0.539486 0.590895 0.528346 0.535140 0.641076 0.611887 0.639086 0.603200 0.770493 0.882724 0.962648 0.686676 0.701628 0.716078 0.669356 0.649264 0.691816 0.601078 0.590281 0.592179 0.528585 0.895840 0.792479 0.588166 0.600846 0.822241 0.661647 0.814426 0.791143 0.912888 0.768076 0.882687 0.913370 0.705854 0.976714 0.632945 0.533294 0.579622 0.563230 0.768867 0.660477 0.649106 0.728525 0.887170 0.884415 0.797698 0.974845 0.792121 0.960298 0.877718 0.832212 0.766503 0.908466 0.885164 0.870958 0.672186 0.661350 0.871907 0.932941 0.680845 0.631616 0.693696 0.938668 0.967665 0.871124 0.825504 0.843685 0.857628 0.790580 0.945926 0.827211 0.955206 0.888166
0.843111 0.987691 0.950586 0.943491 0.881886 0.820897 0.891614 0.884867 0.685402 0.835449 0.930962 0.777409 0.791535 0.878698 0.911687 0.820602 0.944003 0.926699 0.733229 0.995518 0.000000 0.954033 0.865608 0.901443 0.849493 0.867263 0.810947 0.983588 0.907307 0.940503 0.951194 0.976727 0.950097 0.894088 0.978852 0.983053 0.883503 0.843628 0.720943 0.956355 0.957504 0.965837 0.893081 0.865017 0.824909 0.831569 0.985357 0.803365 0.880830 0.900567 0.866270 0.884164 0.824369 0.852243 0.959664 0.891765 0.938408 0.980276 0.968218 0.915060 0.867522 0.784462 0.950094 0.875084 0.928596 0.999978 0.990609 0.950849 0.926803 0.810176 0.823961 0.801766 0.991668 0.953823 0.864861 0.933485 0.989170 0.895436 0.983936 0.906812 0.899266 0.895344 0.834301 0.919615 0.860973 0.956861 0.946307 0.892539 0.848934 0.856992 0.788145 0.871451 0.898820 0.999801 0.971453 0.876516 0.987657 0.867907 0.902331 0.850133 0.969911 0.744948 0.859346 0.919641 0.985835 0.882333 0.971844 0.973030 0.847364 0.915331 0.911259 0.885846 0.926003 0.868077 0.814162 0.886897
0.800612 0.774304 0.882780 0.925813 0.986983 0.998004 0.867319 0.885784 0.960562 0.964222 0.851515 0.866020 0.898256 0.950163 0.916783 0.928283 0.815019 0.937414 0.870444 0.913422 0.954033 0.000000 0.938318 0.791615 0.989805 0.956415 0.937525 0.943687 0.873159 0.923223 0.940351 0.997137 0.838846 0.879358 0.837969 0.786617 0.881740 0.993429 0.809301 0.829754 0.914661 0.894501 0.905608 0.908040 0.992977 0.974343 0.806799 0.893361 0.907057 0.994493 0.998210 0.943430 0.971211 0.933997 0.987762 0.986854 0.729610 0.850963 0.887835 0.876374 0.882558 0.885391 0.915491 0.917363 0.999367 0.987925 0.993213 0.954729 0.902591 0.930397 0.864148 0.919388 0.909383 0.951587 0.974240 0.931029 0.998911 0.892577 0.999978 0.989967 0.950531 0.888437 0.919154 0.941694 0.970319 0.941259 0.848268 0.805327 0.880755 0.930685 0.925025 0.840392 0.924101 0.864610 0.863099 0.954791 0.874611 0.883016 0.954947 0.994633 0.910319 0.996675 0.979173 0.995193 0.973292 0.975908 0.860043 0.941918 0.891268 0.924835 0.957024 0.931902 0.934263 0.993731 0.859653 0.895339
0.655226 0.765283 0.861884 0.870162 0.753924 0.624684 0.949286 0.816565 0.835026 0.783267 0.924975 0.651053 0.695775 0.582650 0.483293 0.328177 0.833557 0.721624 0.789968 0.766148 0.865608 0.938318 0.000000 0.483707 0.801665 0.765462 0.840610 0.924859 0.761810 0.654524 0.820438 0.773758 0.709249 0.859739 0.905858 0.965079 0.822546 0.928857 0.851920 0.958542 0.854453 0.928967 0.835977 0.753605 0.573697 0.609040 0.900074 0.814233 0.553683 0.529494 0.678647 0.553202 0.578366 0.702806 0.877825 0.785058 0.993187 0.731192 0.993426 0.853017 0.809061 0.777978 0.891606 0.744961 0.944004 0.894546 0.810161 0.909398 0.936477 0.625563 0.571654 0.608276 0.867886 0.940754 0.972848 0.989699 0.783878 0.938585 0.977558 0.700388 0.740621 0.804445 0.489596 0.718395 0.449241 0.495755 0.936175 0.678843 0.572986 0.507192 0.754141 0.648673 0.687093 0.796329 0.850555 0.992948 0.965225 0.954473 0.676729 0.651769 0.921324 0.767442 0.674865 0.904872 0.955309 0.896320 0.924393 0.878573 0.939751 0.858815 0.783406 0.742493 0.949957 0.880743 0.891532 0.978615
0.889739 0.835323 0.983296 0.663592 0.963195 0.793998 0.802974 0.992298 0.979958 0.838766 0.803447 0.946297 0.898810 0.942290 0.884274 0.612868 0.965148 0.910805 0.969052 0.872845 0.901443 0.791615 0.483707 0.000000 0.861742 0.976524 0.669643 0.961767 0.934126 0.973967 0.980011 0.808608 0.998576 0.954926 0.817994 0.807429 0.974841 0.774180 0.916194 0.986269 0.858714 0.935390 0.877211 0.961493 0.937776 0.961000 0.954822 0.935359 0.926922 0.709308 0.853509 0.652652 0.724711 0.717578 0.879562 0.823861 0.960552 0.778888 0.969284 0.809163 0.864604 0.918821 0.912110 0.977184 0.708737 0.850484 0.679505 0.858365 0.900171 0.610774 0.757482 0.709489 0.967831 0.877615 0.776481 0.822114 0.952797 0.973381 0.990139 0.878629 0.940830 0.897573 0.752319 0.842044 0.762576 0.488132 0.893757 0.666380 0.689478 0.593675 0.826923 0.730571 0.765239 0.683148 0.866031 0.940814 0.862401 0.952332 0.919831 0.833941 0.840216 0.870459 0.914027 0.894285 0.917062 0.840787 0.792642 0.827635 0.933861 0.837811 0.950423 0.917797 0.968243 0.888485 0.950752 0.943919
0.718744 0.990427 0.642678 0.616193 0.604386 0.780808 0.587234 0.687465 0.837627 0.548284 0.519707 0.518736 0.412235 0.451072 0.439099 0.655662 0.649292 0.680526 0.620728 0.829130 0.849493 0.989805 0.801665 0.861742 0.000000 0.516169 0.692239 0.924145 0.547134 0.584376 0.813886 0.917997 0.582075 0.756696 0.837898 0.955059 0.763349 0.733543 0.944998 0.884177 0.868794 0.879871 0.720890 0.623708 0.431129 0.469255 0.787271 0.681569 0.543626 0.846174 0.785706 0.945782 0.882412 0.952566 0.897868 0.903193 0.890633 0.940562 0.867205 0.995538 0.483324 0.550684 0.594903 0.524187 0.456970 0.715018 0.960042 0.988663 0.831654 0.924318 0.861626 0.970144 0.901478 0.898948 0.934719 0.887668 0.656290 0.837748 0.875066 0.724591 0.556745 0.740361 0.694528 0.802876 0.637091 0.924323 0.918002 0.912936 0.746858 0.930482 0.743491 0.983184 0.863234 0.756429 0.927056 0.997782 0.916744 0.991198 0.539768 0.694068 0.583944 0.773307 0.592593 0.800260 0.901280 0.864973 0.935366 0.995090 0.756586 0.935018 0.701090 0.730532 0.652775 0.791149 0.977267 0.911427
0.774024 0.911220 0.716068 0.696027 0.568892 0.901978 0.789989 0.884348 0.851818 0.827123 0.653606 0.683770 0.533651 0.657790 0.547614 0.627635 0.694811 0.833690 0.837845 0.972077 0.867263 0.956415 0.765462 0.976524 0.516169 0.000000 0.913722 0.800529 0.766430 0.704927 0.975783 0.976268 0.817360 0.913882 0.874119 0.857003 0.887067 0.764595 0.979726 0.994037 0.995863 0.946053 0.891901 0.846556 0.716187 0.729933 0.986384 0.839458 0.738062 0.889429 0.862989 0.922706 0.839814 0.951903 0.996874 0.933167 0.900091 0.946042 0.954096 0.934361 0.688875 0.773375 0.699138 0.664648 0.658418 0.614907 0.895899 0.895206 0.910087 0.997124 0.858564 0.995509 0.909306 0.909930 0.909053 0.981047 0.879549 0.802095 0.962778 0.957277 0.786953 0.921491 0.639529 0.820670 0.670464 0.930147 0.970102 0.942692 0.777194 0.953813 0.872586 0.954819 0.992846 0.858372 0.866870 0.962230 0.987275 0.883617 0.782042 0.742782 0.803139 0.970197 0.754934 0.933420 0.956742 0.918237 0.993372 0.963403 0.973558 0.957505 0.966676 0.830450 0.929547 0.992607 0.807217 0.937413
0.854943 0.964360 0.881393 0.938813 0.976924 0.845665 0.544947 0.624324 0.950768 0.635590 0.645989 0.782392 0.719600 0.779299 0.785552 0.987844 0.698602 0.733677 0.672034 0.846611 0.810947 0.937525 0.840610 0.669643 0.692239 0.913722 0.000000 0.925390 0.647799 0.710536 0.725677 0.857308 0.726159 0.628293 0.942116 0.879024 0.822981 0.669854 0.984067 0.919018 0.982757 0.867924 0.722731 0.680858 0.705233 0.696271 0.600484 0.727469 0.783269 0.890347 0.896967 0.874328 0.830065 0.816327 0.834640 0.936736 0.986944 0.923187 0.746597 0.927271 0.579031 0.736340 0.632015 0.679401 0.781118 0.997892 0.801111 0.678732 0.711625 0.869129 0.926391 0.990891 0.981044 0.983748 0.902746 0.984866 0.837074 0.973530 0.803172 0.867932 0.668636 0.728253 0.946435 0.994168 0.935299 0.939451 0.871430 0.759431 0.902960 0.751323 0.928101 0.861721 0.987996 0.686246 0.895838 0.945327 0.994938 0.947854 0.741650 0.844315 0.745012 0.959872 0.750498 0.914208 0.825199 0.932537 0.843991 0.970029 0.938528 0.787679 0.905450 0.997541 0.749891 0.877005 0.998160 0.867172
0.985737 0.864949 0.969672 0.950099 0.749044 0.892011 0.956229 0.934286 0.923104 0.884052 0.846298 0.862256 0.899045 0.962049 0.884991 0.873994 0.891335 0.999926 0.912421 0.868019 0.983588 0.943687 0.924859 0.961767 0.924145 0.800529 0.925390 0.000000 0.980021 0.944211 0.938084 0.991666 0.993191 0.962100 0.939832 0.833481 0.825850 0.793596 0.934999 0.950292 0.806590 0.955082 0.848588 0.900809 0.994375 0.923038 0.969736 0.927685 0.964701 0.926483 0.908107 0.890910 0.928310 0.941036 0.839576 0.987669 0.875553 0.891519 0.907290 0.830970 0.918096 0.921933 0.944208 0.933995 0.964398 0.871859 0.970732 0.944406 0.949906 0.808805 0.956689 0.886782 0.898224 0.898525 0.974836 0.902209 0.978471 0.893260 0.929984 0.906287 0.917569 0.877718 0.931147 0.991441 0.848399 0.805743 0.997270 0.944316 0.959227 0.937385 0.942723 0.937059 0.928829 0.962771 0.939422 0.959177 0.829817 0.920058 0.938378 0.904948 0.930645 0.995721 0.898363 0.967779 0.796120 0.896502 0.866469 0.987121 0.934231 0.988598 0.934459 0.964134 0.978529 0.833207 0.920906 0.989281
0.524818 0.677020 0.828660 0.960533 0.769538 0.616159 0.360655 0.397739 0.740576 0.429694 0.430515 0.388573 0.369973 0.457618 0.432614 0.667462 0.379765 0.354405 0.407716 0.537069 0.907307 0.873159 0.761810 0.934126 0.547134 0.766430 0.647799 0.980021 0.000000 0.297271 0.442715 0.646352 0.368779 0.358015 0.893031 0.986596 0.891897 0.777445 0.847620 0.817089 0.950031 0.986515 0.522366 0.442221 0.452301 0.356001 0.464396 0.490542 0.505956 0.651334 0.590005 0.896331 0.872109 0.943905 0.705111 0.610970 0.703200 0.737095 0.518575 0.736139 0.332259 0.492923 0.320813 0.315622 0.595565 0.960627 0.640874 0.627730 0.960361 0.728247 0.797530 0.794949 0.845484 0.970647 0.994417 0.902380 0.547549 0.913432 0.503036 0.567368 0.272789 0.361328 0.667237 0.615559 0.545617 0.778449 0.914859 0.939426 0.885239 0.988636 0.823430 0.837633 0.954519 0.621335 0.944040 0.933751 0.786008 0.909149 0.547890 0.627996 0.504779 0.730731 0.495273 0.665403 0.741437 0.832711 0.962164 0.773532 0.734695 0.741979 0.783881 0.712132 0.704616 0.661347 0.982075 0.814501
0.533242 0.675177 0.860690 0.994916 0.766436 0.677495 0.423254 0.443480 0.726870 0.492828 0.441050 0.379056 0.351783 0.430655 0.401545 0.524539 0.404222 0.360528 0.473088 0.560703 0.940503 0.923223 0.654524 0.973967 0.584376 0.704927 0.710536 0.944211 0.297271 0.000000 0.544001 0.598648 0.361976 0.364306 0.924195 0.972150 0.872821 0.846592 0.844523 0.828579 0.973935 0.983876 0.577253 0.501804 0.505216 0.413020 0.552073 0.559937 0.546538 0.696686 0.600699 0.888840 0.928213 0.890049 0.678836 0.605124 0.723502 0.735059 0.511958 0.736831 0.340082 0.515147 0.333661 0.295813 0.695349 0.963714 0.661014 0.618988 0.942224 0.704356 0.741841 0.874113 0.815940 0.854623 0.910909 0.963322 0.668370 0.878517 0.598498 0.597911 0.357281 0.454979 0.553338 0.576257 0.507718 0.699898 0.884816 0.852856 0.756896 0.979820 0.924411 0.797678 0.974137 0.610704 0.940308 0.906883 0.806226 0.945748 0.616052 0.665809 0.624582 0.864959 0.513106 0.772181 0.750980 0.716679 0.996222 0.878282 0.847366 0.740487 0.814394 0.811996 0.738860 0.716907 0.960457 0.895825
0.664982 0.780187 0.701685 0.850087 0.996056 0.653829 0.500478 0.478843 0.763496 0.480368 0.726246 0.546553 0.625582 0.705207 0.726503 0.794867 0.593017 0.525480 0.542781 0.638958 0.951194 0.940351 0.820438 0.980011 0.813886 0.975783 0.725677 0.938084 0.442715 0.544001 0.000000 0.586645 0.483292 0.499912 0.885408 0.935986 0.981853 0.928931 0.959476 0.975492 0.866375 0.952334 0.639330 0.582548 0.619084 0.564772 0.605849 0.639852 0.650963 0.704264 0.743377 0.930893 0.898127 0.899221 0.782357 0.683468 0.675258 0.786473 0.625663 0.827665 0.540020 0.622513 0.579843 0.505891 0.758675 0.974971 0.663043 0.659940 0.946937 0.813257 0.887712 0.734884 0.935709 0.924481 0.940987 0.769880 0.642005 0.993481 0.716305 0.651210 0.467494 0.593288 0.912841 0.805620 0.718969 0.808202 0.721996 0.859841 0.996072 0.952519 0.904027 0.901950 0.932287 0.785699 0.886440 0.868105 0.990541 0.987482 0.708873 0.642759 0.721480 0.749689 0.600583 0.786949 0.818362 0.834692 0.916138 0.989044 0.893062 0.804921 0.771162 0.823256 0.850173 0.769060 0.910825 0.863608
0.865909 0.995961 0.729054 0.740797 0.951052 0.851005 0.711033 0.714159 0.961213 0.835249 0.796116 0.721823 0.800521 0.809860 0.807201 0.741583 0.711436 0.576582 0.657712 0.689626 0.976727 0.997137 0.773758 0.808608 0.917997 0.976268 0.857308 0.991666 0.646352 0.598648 0.586645 0.000000 0.577655 0.638109 0.888660 0.867234 0.957209 0.924347 0.964076 0.750271 0.960513 0.959365 0.807756 0.731494 0.889619 0.730944 0.733835 0.748002 0.925572 0.870233 0.877792 0.968855 0.906753 0.803279 0.941167 0.811745 0.878247 0.985990 0.787342 0.912259 0.729117 0.888788 0.689132 0.684337 0.950846 0.799874 0.591414 0.604975 0.920568 0.909736 0.869378 0.857615 0.658985 0.898093 0.923731 0.941601 0.867402 0.970947 0.732124 0.761560 0.669061 0.599189 0.768833 0.688029 0.849532 0.654141 0.981697 0.802681 0.974188 0.782840 0.961083 0.806802 0.967292 0.763655 0.991102 0.898600 0.970331 0.987354 0.899359 0.877286 0.996973 0.977291 0.600932 0.949845 0.792085 0.816807 0.897883 0.773253 0.946646 0.954812 0.858413 0.989349 0.977994 0.993613 0.852349 0.986478
0.536229 0.753734 0.796257 0.875511 0.869060 0.604850 0.348987 0.328163 0.726548 0.404224 0.469102 0.405077 0.409461 0.502670 0.461619 0.673976 0.465898 0.443814 0.473391 0.549737 0.950097 0.838846 0.709249 0.998576 0.582075 0.817360 0.726159 0.993191 0.368779 0.361976 0.483292 0.577655 0.000000 0.406375 0.875385 0.930284 0.911506 0.904613 0.958898 0.936170 0.861909 0.999826 0.524330 0.428086 0.439855 0.372450 0.488615 0.510743 0.527332 0.700529 0.634103 0.898485 0.886571 0.863451 0.712467 0.682849 0.708999 0.726350 0.493439 0.727071 0.306857 0.453878 0.375561 0.316812 0.740936 0.881051 0.609025 0.521578 0.982762 0.643524 0.778853 0.847283 0.833812 0.895879 0.910701 0.904781 0.541264 0.862929 0.688255 0.561278 0.357979 0.475306 0.714874 0.623120 0.578712 0.703671 0.928737 0.925314 0.814920 0.946275 0.862802 0.900044 0.948090 0.657990 0.880819 0.999202 0.833735 0.954218 0.547017 0.658893 0.616934 0.858618 0.509468 0.611175 0.682393 0.806135 0.904076 0.904661 0.880939 0.837118 0.711503 0.801039 0.844309 0.862278 0.999824 0.969260
0.571255 0.682020 0.637050 0.770369 0.920487 0.583399 0.336339 0.346570 0.743088 0.443752 0.472363 0.472128 0.519438 0.613360 0.591677 0.757405 0.425000 0.486645 0.428508 0.572878 0.894088 0.879358 0.859739 0.954926 0.756696 0.913882 0.628293 0.962100 0.358015 0.364306 0.499912 0.638109 0.406375 0.000000 0.914939 0.946182 0.818490 0.888716 0.812535 0.837773 0.945481 0.970930 0.528042 0.406439 0.532591 0.434302 0.432383 0.570123 0.600115 0.682312 0.582657 0.903387 0.895848 0.916874 0.625858 0.600520 0.668346 0.797164 0.436151 0.670169 0.336429 0.527594 0.339652 0.361562 0.820323 0.830900 0.548682 0.472493 0.999447 0.733799 0.807034 0.807110 0.917551 0.928875 0.888072 0.969421 0.571147 0.908269 0.635965 0.660223 0.396498 0.404979 0.800992 0.631258 0.595854 0.645042 0.814380 0.964253 0.955098 0.914097 0.838824 0.860836 0.974052 0.609998 0.987939 0.922960 0.887557 0.985866 0.631685 0.699718 0.646869 0.797985 0.553376 0.797891 0.666295 0.835533 0.853595 0.751801 0.788342 0.725767 0.790560 0.869822 0.840795 0.803778 0.859650 0.914125
0.903303 0.904515 0.763641 0.794745 0.949182 0.801499 0.923886 0.831348 0.960733 0.957819 0.961333 0.932080 0.982345 0.946714 0.999077 0.947707 0.872068 0.938951 0.909184 0.975236 0.978852 0.837969 0.905858 0.817994 0.837898 0.874119 0.942116 0.939832 0.893031 0.924195 0.885408 0.888660 0.875385 0.914939 0.000000 0.873457 0.970587 0.919512 0.846019 0.924017 0.833084 0.846310 0.992681 0.997208 0.973284 0.956319 0.861210 0.932810 0.996946 0.853657 0.995340 0.993595 0.992301 0.965397 0.721355 0.876203 0.836538 0.818921 0.828761 0.785357 0.911432 0.976035 0.915879 0.918303 0.846904 0.773215 0.689536 0.766823 0.942276 0.910432 0.961729 0.785240 0.912309 0.996330 0.825755 0.795275 0.855489 0.906406 0.765192 0.915540 0.862464 0.860822 0.980189 0.902721 0.994366 0.774253 0.973040 0.994671 0.998102 0.957114 0.947151 0.970678 0.919467 0.955145 0.959924 0.929357 0.936203 0.902504 0.939872 0.872123 0.951780 0.843588 0.983638 0.904557 0.978350 0.925956 0.939802 0.946773 0.954546 0.815080 0.822035 0.986657 0.953397 0.949218 0.880038 0.978831
0.808991 0.825578 0.920792 0.849292 0.921598 0.976753 0.993905 0.861009 0.933693 0.947042 0.934182 0.917895 0.943296 0.990847 0.983679 0.961210 0.961887 0.858016 0.944800 0.858370 0.983053 0.786617 0.965079 0.807429 0.955059 0.857003 0.879024 0.833481 0.986596 0.972150 0.935986 0.867234 0.930284 0.946182 0.873457 0.000000 0.878749 0.850431 0.975860 0.952955 0.840584 0.981063 0.996150 0.978401 0.952887 0.993969 0.869403 0.902564 0.879441 0.838514 0.822326 0.772396 0.795091 0.853263 0.752629 0.862600 0.715461 0.639854 0.834496 0.693791 0.945882 0.930971 0.990497 0.920126 0.968006 0.920320 0.841183 0.920736 0.897160 0.650038 0.906193 0.861227 0.953247 0.965871 0.979826 0.833941 0.967824 0.993201 0.946558 0.937627 0.905778 0.959368 0.941911 0.987176 0.992225 0.978548 0.787660 0.876099 0.764460 0.905123 0.893095 0.868735 0.860304 0.807237 0.761448 0.991049 0.934818 0.863734 0.862347 0.836534 0.943738 0.959025 0.963021 0.854280 0.809264 0.851467 0.864238 0.911817 0.931066 0.987083 0.773006 0.951898 0.978355 0.807419 0.939012 0.853400
0.749123 0.882530 0.798915 0.943291 0.929559 0.814929 0.884659 0.902087 0.950378 0.784297 0.861472 0.818409 0.873459 0.813133 0.818165 0.839027 0.858518 0.867432 0.828271 0.943599 0.883503 0.881740 0.822546 0.974841 0.763349 0.887067 0.822981 0.825850 0.891897 0.872821 0.981853 0.957209 0.911506 0.818490 0.970587 0.878749 0.000000 0.867056 0.830616 0.886560 0.999380 0.823020 0.764329 0.763933 0.662835 0.695989 0.908892 0.907390 0.683957 0.754227 0.840758 0.804896 0.871065 0.781301 0.993908 0.920600 0.892450 0.932913 0.985199 0.964895 0.844004 0.834760 0.904954 0.851196 0.806327 0.802031 0.932305 0.961568 0.917404 0.939208 0.948619 0.864131 0.968033 0.984655 0.941022 0.991698 0.815511 0.907195 0.904700 0.892472 0.850017 0.895841 0.942833 0.983908 0.844008 0.944144 0.959772 0.810389 0.948529 0.974332 0.691431 0.811232 0.715246 0.975530 0.949249 0.967102 0.984703 0.942791 0.687570 0.853236 0.897689 0.795786 0.781284 0.970974 0.962394 0.983074 0.934404 0.847516 0.888176 0.844595 0.837912 0.843200 0.644663 0.862036 0.913086 0.893348
0.903575 0.975571 0.952671 0.719223 0.833814 0.973305 0.763128 0.906084 0.945006 0.880957 0.697714 0.881333 0.717577 0.821284 0.788591 0.934743 0.783125 0.899934 0.889398 0.967821 0.843628 0.993429 0.928857 0.774180 0.733543 0.764595 0.669854 0.793596 0.777445 0.846592 0.928931 0.924347 0.904613 0.888716 0.919512 0.850431 0.867056 0.000000 0.945096 0.908662 0.958530 0.909796 0.942405 0.889719 0.878291 0.901742 0.911647 0.914918 0.957117 0.949300 0.896199 0.800534 0.811483 0.819753 0.981986 0.865590 0.895640 0.918339 0.908298 0.899364 0.711838 0.904853 0.718491 0.782201 0.861076 0.904359 0.970731 0.955093 0.861782 0.835100 0.872679 0.982764 0.987999 0.850163 0.805951 0.997556 0.828724 0.918604 0.875066 0.916119 0.754172 0.833142 0.931177 0.999410 0.839578 0.970598 0.979133 0.925509 0.841270 0.920185 0.997664 0.904096 0.951257 0.793165 0.964539 0.839679 0.874080 0.875512 0.889505 0.918220 0.818071 0.888093 0.969446 0.957121 0.893167 0.996815 0.921511 0.933741 0.816204 0.883843 0.950268 0.950539 0.715927 0.977602 0.872913 0.971856
