0.000000 0.234854 0.929209 0.909222 0.707153 0.851651 0.746941 0.678581 0.978937 0.940791 0.301720 0.272432 0.387966 0.454303 0.782451 0.878698 0.281895 0.251806 0.356702 0.293918 0.873144 0.923237 0.878320 0.971436 0.725176 0.617619 0.898280 0.821484 0.396625 0.298883 0.823621 0.960515 0.455830 0.421738 0.971764 0.871175 0.859859 0.880413 0.909796 0.999935 0.931805 0.870148 0.926292 0.985745 0.910005 0.806364 0.631827 0.609671 0.589005 0.565649 0.580665 0.570465 0.940045 0.787681 0.558610 0.636652 0.241875 0.235073 0.384600 0.374387 0.307980 0.314469 0.258551 0.241332 0.978311 0.825967 0.866449 0.951659 0.412308 0.347938 0.996545 0.742064 0.723135 0.859694 0.765362 0.792285 0.976924 0.906698 0.474861 0.508608 0.220073 0.279461 0.425811 0.340292 0.417059 0.642181 0.652378 0.596970 0.557386 0.587875 0.548955 0.441331 0.482668 0.406069 0.752967 0.996813 0.515725 0.992742 0.828872 0.948613 0.849558 0.849679 0.731057 0.723775 0.907512 0.794049 0.901387 0.869204 0.812155 0.689378 0.908213 0.751130 0.980672 0.822703 0.793789 0.611208
0.234854 0.000000 0.933907 0.969718 0.775765 0.904914 0.824075 0.641104 0.904131 0.878188 0.381499 0.240046 0.451475 0.466784 0.852969 0.865225 0.287108 0.264171 0.432419 0.311383 0.872917 0.940739 0.939924 0.987108 0.760145 0.671902 0.923890 0.863739 0.444163 0.373940 0.767711 0.941656 0.502593 0.466118 0.993750 0.885342 0.799248 0.862448 0.984567 0.918206 0.895116 0.905436 0.990909 0.922186 0.958257 0.815410 0.545553 0.629370 0.638063 0.588967 0.544924 0.540135 0.967937 0.783001 0.529775 0.634183 0.252098 0.219135 0.390170 0.367495 0.346180 0.309250 0.295281 0.264338 0.980090 0.738115 0.875184 0.906642 0.394079 0.316641 0.989648 0.699631 0.736630 0.838332 0.793784 0.771374 0.880701 0.805060 0.496987 0.465453 0.274849 0.311164 0.469628 0.361132 0.449687 0.595969 0.649806 0.665997 0.598956 0.607906 0.497827 0.431469 0.492792 0.392444 0.812371 0.990789 0.546647 0.999634 0.892745 0.967692 0.845894 0.732509 0.801811 0.789582 0.890579 0.773098 0.918677 0.889301 0.805138 0.648439 0.897881 0.734882 0.938037 0.819746 0.733423 0.701986
0.929209 0.933907 0.000000 0.349590 0.947629 0.707784 0.516042 0.495032 0.892260 0.894025 0.970723 0.894710 0.833684 0.700896 0.929850 0.706250 0.966910 0.967709 0.803715 0.893718 0.861253 0.929033 0.829245 0.478763 0.559759 0.583580 0.784412 0.857103 0.967364 0.956907 0.776561 0.857678 0.830995 0.746256 0.854222 0.967418 0.669733 0.757594 0.617833 0.794864 0.966217 0.907655 0.674689 0.832211 0.848809 0.981948 0.737845 0.702977 0.843611 0.944695 0.943533 0.897996 0.870434 0.833863 0.720630 0.874508 0.970593 0.996677 0.867138 0.924831 0.874233 0.814215 0.936703 0.903668 0.394788 0.431440 0.522387 0.621557 0.943476 0.912847 0.828356 0.858692 0.834575 0.911407 0.733381 0.862137 0.726542 0.787718 0.862244 0.939080 0.999569 0.924208 0.760533 0.926468 0.730210 0.371985 0.862237 0.879415 0.749239 0.777995 0.639271 0.698686 0.651576 0.688194 0.974544 0.607126 0.751159 0.869107 0.995812 0.873887 0.773511 0.860225 0.905075 0.923645 0.683304 0.686008 0.912893 0.811665 0.964439 0.699424 0.796604 0.866567 0.840459 0.835595 0.849195 0.970612
0.909222 0.969718 0.349590 0.000000 0.827236 0.713440 0.611754 0.417401 0.921900 0.909371 0.902265 0.974052 0.999266 0.860605 0.837196 0.762164 0.798124 0.808735 0.963322 0.989358 0.789705 0.984466 0.913105 0.549528 0.535358 0.475444 0.841909 0.829526 0.740132 0.772805 0.798857 0.863654 0.949593 0.837258 0.950965 0.914446 0.681986 0.731013 0.547544 0.652144 0.920237 0.988157 0.480404 0.666701 0.829278 0.921566 0.689282 0.635167 0.789301 0.910789 0.893214 0.881385 0.883669 0.895201 0.854308 0.854517 0.831695 0.846317 0.904153 0.917452 0.963474 0.952883 0.766144 0.739541 0.522604 0.412375 0.508075 0.536952 0.956254 0.980983 0.683900 0.831135 0.897039 0.890805 0.819849 0.924868 0.594731 0.709293 0.924841 0.906748 0.785207 0.861921 0.966591 0.855511 0.979767 0.487978 0.958730 0.654580 0.903427 0.950415 0.555165 0.584180 0.501127 0.572379 0.929071 0.702255 0.853019 0.828027 0.986268 0.874472 0.725128 0.822715 0.930732 0.871072 0.641835 0.608608 0.818563 0.685939 0.930224 0.815671 0.802991 0.905365 0.666552 0.746309 0.805265 0.895573
0.707153 0.775765 0.947629 0.827236 0.000000 0.927142 0.838108 0.969089 0.722968 0.819215 0.686611 0.708414 0.622790 0.678267 0.687775 0.745426 0.738476 0.770158 0.699171 0.799128 0.856673 0.904132 0.654697 0.929615 0.752984 0.736644 0.982022 0.825144 0.647736 0.664619 0.908028 0.914111 0.801561 0.867197 0.930832 0.859260 0.809629 0.989635 0.853306 0.813761 0.874404 0.824188 0.822461 0.776528 0.883847 0.996885 0.964638 0.942695 0.845978 0.817308 0.896912 0.846989 0.850976 0.884516 0.956042 0.967608 0.790341 0.821000 0.788390 0.871440 0.693767 0.706268 0.715851 0.676669 0.918804 0.975437 0.933281 0.831638 0.859782 0.865202 0.980959 0.760910 0.954867 0.971233 0.840637 0.921191 0.814490 0.949018 0.808809 0.956500 0.746472 0.770500 0.701710 0.856427 0.602219 0.937946 0.775866 0.694413 0.796056 0.751353 0.798301 0.907843 0.653299 0.850057 0.845513 0.976386 0.949125 0.630698 0.962083 0.939587 0.738366 0.982593 0.951164 0.914475 0.949630 0.982527 0.900451 0.809756 0.917293 0.984463 0.834087 0.873233 0.911497 0.965133 0.941644 0.962637
0.851651 0.904914 0.707784 0.713440 0.927142 0.000000 0.950209 0.881034 0.957023 0.840191 0.971398 0.968599 0.933852 0.967165 0.959426 0.865972 0.814513 0.850178 0.835097 0.861354 0.732886 0.984670 0.904909 0.810376 0.569839 0.499094 0.924314 0.584392 0.792296 0.727273 0.953805 0.843177 0.989642 0.947639 0.700609 0.825574 0.854525 0.949965 0.696244 0.586486 0.737371 0.994445 0.754574 0.893853 0.956640 0.951920 0.894997 0.936797 0.768926 0.746995 0.960916 0.983312 0.878823 0.876261 0.914702 0.777026 0.829724 0.886769 0.967570 0.936294 0.979496 0.969302 0.796090 0.810325 0.567386 0.560452 0.571912 0.548845 0.838239 0.900429 0.969886 0.814154 0.929103 0.981708 0.827469 0.913587 0.948868 0.776058 0.825044 0.952355 0.808315 0.951107 0.968875 0.925817 0.945957 0.672316 0.860278 0.797212 0.979898 0.839491 0.637979 0.764296 0.611826 0.709041 0.850695 0.674336 0.925556 0.822265 0.951122 0.867836 0.677292 0.961799 0.955376 0.935278 0.836869 0.770368 0.829574 0.959650 0.971766 0.957276 0.972456 0.903592 0.883216 0.987743 0.921044 0.759155
0.746941 0.824075 0.516042 0.611754 0.838108 0.950209 0.000000 0.364373 0.567285 0.593188 0.664263 0.710861 0.454787 0.452886 0.578780 0.527145 0.801523 0.797892 0.421769 0.667824 0.978095 0.977813 0.608799 0.711178 0.891794 0.914261 0.936633 0.889809 0.627848 0.641323 0.713190 0.565020 0.605378 0.508068 0.912790 0.887000 0.962622 0.975024 0.960437 0.920324 0.950339 0.973832 0.651920 0.642081 0.695978 0.599806 0.675995 0.471611 0.693110 0.609163 0.668093 0.661030 0.766714 0.794669 0.759254 0.824747 0.868344 0.907619 0.615348 0.740208 0.532753 0.593868 0.723347 0.781348 0.796762 0.771077 0.648888 0.814722 0.996940 0.833834 0.702743 0.768531 0.557393 0.637476 0.780855 0.751921 0.568316 0.697934 0.752915 0.886946 0.840668 0.903691 0.744102 0.922383 0.717857 0.664811 0.915966 0.918944 0.744296 0.794792 0.669319 0.731550 0.873189 0.881126 0.925874 0.851115 0.667891 0.951756 0.571582 0.512094 0.825088 0.643458 0.749938 0.618977 0.784102 0.807222 0.872788 0.673417 0.983146 0.779465 0.678583 0.584000 0.612051 0.716226 0.870779 0.652269
0.678581 0.641104 0.495032 0.417401 0.969089 0.881034 0.364373 0.000000 0.752514 0.809054 0.646517 0.567301 0.582491 0.502574 0.893156 0.598657 0.794525 0.777637 0.540094 0.630216 0.917701 0.935592 0.961869 0.736229 0.969210 0.918345 0.933399 0.913456 0.742408 0.717196 0.877509 0.759605 0.720410 0.488360 0.905936 0.953950 0.734036 0.766103 0.784127 0.824032 0.991192 0.960091 0.457183 0.513997 0.832568 0.600013 0.460278 0.384784 0.718019 0.625018 0.506674 0.501251 0.868507 0.969084 0.618545 0.672304 0.793788 0.764381 0.485373 0.516520 0.551745 0.497634 0.742161 0.756369 0.770566 0.500980 0.520681 0.621010 0.830037 0.642083 0.763346 0.860156 0.637512 0.659916 0.785277 0.769514 0.503060 0.585102 0.738295 0.798777 0.828629 0.848864 0.803996 0.901765 0.833102 0.515373 0.960266 0.841481 0.794850 0.797339 0.752840 0.840116 0.828266 0.950172 0.949821 0.780065 0.610116 0.848115 0.645567 0.602719 0.711924 0.820122 0.728450 0.610157 0.682420 0.576445 0.791395 0.639220 0.867479 0.750151 0.697713 0.585488 0.548635 0.668701 0.689153 0.752256
0.978937 0.904131 0.892260 0.921900 0.722968 0.957023 0.567285 0.752514 0.000000 0.368407 0.892009 0.986242 0.742137 0.767116 0.584603 0.539408 0.985376 0.946646 0.701631 0.992281 0.876207 0.880566 0.545700 0.793014 0.764706 0.780274 0.952922 0.772568 0.792678 0.828075 0.755074 0.746355 0.965704 0.889850 0.937900 0.804512 0.809768 0.813930 0.779335 0.733194 0.833233 0.979862 0.946482 0.920922 0.756987 0.806641 0.960659 0.906747 0.756568 0.725626 0.938273 0.855138 0.647714 0.590503 0.865931 0.847021 0.857564 0.859612 0.979596 0.967368 0.869595 0.851586 0.951090 0.957148 0.967687 0.849854 0.930461 0.803084 0.717436 0.875013 0.860391 0.872635 0.787660 0.959108 0.805439 0.953928 0.892839 0.835179 0.964885 0.866179 0.933037 0.854032 0.999681 0.791162 0.965830 0.877321 0.985998 0.888007 0.994547 0.982452 0.782725 0.641563 0.958747 0.804427 0.834200 0.979707 0.955244 0.833645 0.737568 0.673111 0.923962 0.716467 0.901761 0.880580 0.871109 0.966733 0.886938 0.764686 0.909020 0.919076 0.899432 0.840184 0.682974 0.846722 0.964184 0.961844
0.940791 0.878188 0.894025 0.909371 0.819215 0.840191 0.593188 0.809054 0.368407 0.000000 0.917920 0.989680 0.777730 0.843385 0.597715 0.632047 0.974525 0.935563 0.733166 0.974461 0.829642 0.918311 0.591874 0.987714 0.586477 0.651274 0.871274 0.667344 0.722230 0.774580 0.678384 0.620007 0.987362 0.880611 0.710621 0.903642 0.807715 0.825999 0.643439 0.569225 0.805788 0.924953 0.878620 0.786076 0.556037 0.638704 0.946262 0.886994 0.548548 0.568830 0.819706 0.774075 0.499234 0.412564 0.865603 0.828095 0.880015 0.861834 0.956087 0.943375 0.848218 0.893425 0.936768 0.908462 0.769117 0.646077 0.829953 0.690381 0.741855 0.922461 0.890519 0.741917 0.672427 0.745483 0.933242 0.899970 0.770445 0.893318 0.951535 0.914375 0.925670 0.776829 0.947593 0.726424 0.894705 0.654194 0.904681 0.919058 0.934910 0.983062 0.805300 0.672938 0.938571 0.827390 0.883874 0.978153 0.902070 0.931579 0.596817 0.502747 0.960858 0.669135 0.780140 0.817099 0.889167 0.907502 0.879252 0.697586 0.847322 0.873486 0.824461 0.751398 0.635271 0.864258 0.941716 0.911971
0.301720 0.381499 0.970723 0.902265 0.686611 0.971398 0.664263 0.646517 0.892009 0.917920 0.000000 0.315464 0.342296 0.448583 0.692707 0.744851 0.348260 0.309115 0.370502 0.316110 0.922482 0.978750 0.857267 0.964089 0.701305 0.640112 0.823377 0.842526 0.377930 0.308713 0.877368 0.914441 0.465713 0.425742 0.910460 0.861435 0.961790 0.927228 0.850633 0.997835 0.886062 0.800660 0.948662 0.931340 0.848383 0.758320 0.734810 0.610270 0.581535 0.590431 0.625666 0.616753 0.934338 0.847128 0.680398 0.577184 0.370970 0.363756 0.411634 0.458929 0.333835 0.359536 0.312326 0.311010 0.974858 0.870615 0.832811 0.943710 0.605378 0.481385 0.979910 0.796291 0.714835 0.852351 0.759361 0.878401 0.933808 0.914701 0.563395 0.495309 0.335275 0.364232 0.511182 0.419672 0.527591 0.709972 0.764257 0.666048 0.702422 0.617294 0.727668 0.578297 0.627530 0.527248 0.712807 0.948717 0.574990 0.938174 0.779779 0.887272 0.972848 0.953493 0.693837 0.719876 0.997596 0.842490 0.860826 0.840029 0.898705 0.799557 0.920648 0.755578 0.945972 0.820772 0.775743 0.639204
0.272432 0.240046 0.894710 0.974052 0.708414 0.968599 0.710861 0.567301 0.986242 0.989680 0.315464 0.000000 0.385851 0.386553 0.782329 0.766361 0.322733 0.309845 0.394057 0.326146 0.836961 0.974017 0.894420 0.988260 0.738625 0.659610 0.858392 0.813876 0.382807 0.343161 0.833957 0.959527 0.476377 0.419579 0.991653 0.900229 0.801301 0.856960 0.944518 0.942166 0.966035 0.922174 0.953081 0.910385 0.864269 0.771684 0.562144 0.600404 0.603441 0.545575 0.503989 0.489931 0.911686 0.856889 0.581305 0.582415 0.311649 0.285355 0.351081 0.363948 0.285452 0.241778 0.290218 0.268489 0.988605 0.710428 0.779689 0.857394 0.489968 0.365490 0.990390 0.709180 0.696851 0.810731 0.754721 0.750669 0.876792 0.774437 0.534776 0.472851 0.327034 0.362061 0.475535 0.436984 0.479650 0.597691 0.692788 0.689003 0.655629 0.616868 0.621436 0.509778 0.581096 0.466361 0.817346 0.980415 0.507734 0.991716 0.813315 0.864702 0.953265 0.873062 0.726616 0.721645 0.911027 0.762397 0.876738 0.969571 0.844888 0.707517 0.866797 0.692179 0.884899 0.818588 0.694434 0.660038
0.387966 0.451475 0.833684 0.999266 0.622790 0.933852 0.454787 0.582491 0.742137 0.777730 0.342296 0.385851 0.000000 0.297593 0.457154 0.515698 0.403180 0.368755 0.303974 0.356346 0.870114 0.940782 0.576811 0.810353 0.714195 0.622261 0.914836 0.822191 0.348468 0.362242 0.959444 0.756398 0.407256 0.399155 0.995943 0.889343 0.999529 0.937303 0.895055 0.895632 0.934904 0.940945 0.960893 0.865671 0.700657 0.665930 0.665613 0.563165 0.576168 0.543138 0.592140 0.578160 0.774226 0.919128 0.716719 0.720285 0.471510 0.486263 0.456751 0.591267 0.284230 0.351472 0.334821 0.356277 0.863827 0.862029 0.817323 0.918342 0.713216 0.598852 0.888346 0.898345 0.676018 0.725021 0.831878 0.790552 0.741004 0.748190 0.540040 0.607693 0.443044 0.515182 0.470197 0.510208 0.415997 0.642388 0.679798 0.598243 0.632142 0.613279 0.790111 0.730537 0.646384 0.618887 0.896835 0.958924 0.616573 0.952588 0.675074 0.707829 0.942156 0.915877 0.774608 0.684110 0.821755 0.837354 0.861818 0.981854 0.939907 0.839042 0.893806 0.647007 0.762054 0.757607 0.810578 0.567069
0.454303 0.466784 0.700896 0.860605 0.678267 0.967165 0.452886 0.502574 0.767116 0.843385 0.448583 0.386553 0.297593 0.000000 0.563142 0.483151 0.524126 0.479417 0.361318 0.426500 0.963353 0.920880 0.621220 0.708295 0.836319 0.807036 0.946745 0.890117 0.418826 0.510399 0.883159 0.743522 0.418396 0.390141 0.840294 0.989939 0.863849 0.878200 0.951776 0.984025 0.999295 0.947081 0.818186 0.759410 0.702822 0.607753 0.521038 0.472857 0.608866 0.515673 0.500795 0.469701 0.742536 0.875820 0.643191 0.672693 0.540132 0.547968 0.420135 0.552369 0.325549 0.359281 0.404665 0.429998 0.799407 0.726101 0.665183 0.754761 0.781360 0.608022 0.855100 0.949703 0.760440 0.695979 0.765724 0.674950 0.708797 0.697474 0.547065 0.615193 0.536130 0.592849 0.471109 0.576326 0.450307 0.522154 0.787115 0.660635 0.630632 0.536772 0.881377 0.804078 0.784782 0.698464 0.991221 0.932975 0.562604 0.972038 0.682286 0.672814 0.988141 0.998020 0.762282 0.753902 0.809123 0.792933 0.929976 0.949284 0.976797 0.706407 0.810958 0.672128 0.745350 0.709539 0.754897 0.664904
0.782451 0.852969 0.929850 0.837196 0.687775 0.959426 0.578780 0.893156 0.584603 0.597715 0.692707 0.782329 0.457154 0.563142 0.000000 0.442192 0.706337 0.679389 0.628699 0.769437 0.896864 0.985123 0.397678 0.824071 0.792484 0.708383 0.925260 0.892838 0.514340 0.613045 0.713821 0.681364 0.565414 0.720129 0.944633 0.883862 0.894791 0.841051 0.699818 0.685429 0.930525 0.943134 0.935851 0.965245 0.690434 0.787157 0.955114 0.885822 0.727721 0.760845 0.902591 0.876551 0.717906 0.750685 0.949617 0.944485 0.857323 0.847961 0.837307 0.972802 0.617137 0.705740 0.666396 0.667008 0.825258 0.853965 0.973201 0.864264 0.878200 0.980343 0.948461 0.985083 0.795366 0.878484 0.888131 0.829305 0.863760 0.823264 0.820410 0.858078 0.777882 0.896967 0.620526 0.764869 0.650723 0.914163 0.727563 0.703031 0.835954 0.847938 0.926672 0.983461 0.739184 0.842208 0.967599 0.935003 0.936795 0.860672 0.726965 0.710122 0.814622 0.904446 0.907796 0.873296 0.941940 0.926977 0.889416 0.981722 0.965503 0.968441 0.954231 0.709231 0.855037 0.794458 0.955521 0.726513
0.878698 0.865225 0.706250 0.762164 0.745426 0.865972 0.527145 0.598657 0.539408 0.632047 0.744851 0.766361 0.515698 0.483151 0.442192 0.000000 0.855758 0.818134 0.673089 0.792651 0.890396 0.937187 0.536817 0.559052 0.977066 0.990017 0.854310 0.982091 0.665277 0.800537 0.665174 0.735314 0.723540 0.732032 0.919487 0.993668 0.914077 0.890663 0.937553 0.958157 0.987209 0.981121 0.762344 0.762799 0.812406 0.750610 0.786714 0.739917 0.818402 0.814593 0.800398 0.751067 0.711179 0.732141 0.930525 0.981676 0.966569 0.933492 0.805370 0.946110 0.708268 0.685626 0.811826 0.808111 0.637098 0.842394 0.835778 0.921692 0.847784 0.955607 0.808678 0.957696 0.846720 0.746352 0.784893 0.749470 0.693537 0.698975 0.783062 0.918561 0.963361 0.992801 0.707265 0.902271 0.749483 0.701595 0.852398 0.925584 0.901130 0.766303 0.885966 0.817668 0.968297 0.906995 0.980801 0.882759 0.924007 0.816022 0.761754 0.671317 0.964142 0.904324 0.965661 0.833178 0.776775 0.847832 0.859403 0.862005 0.959748 0.970847 0.959402 0.720521 0.596375 0.633955 0.789357 0.902402
0.281895 0.287108 0.966910 0.798124 0.738476 0.814513 0.801523 0.794525 0.985376 0.974525 0.348260 0.322733 0.403180 0.524126 0.706337 0.855758 0.000000 0.221862 0.408409 0.338733 0.795987 0.930905 0.847890 0.897912 0.644972 0.527324 0.901175 0.826764 0.379297 0.291983 0.837247 0.978464 0.455693 0.467962 0.935509 0.821570 0.908529 0.998460 0.822235 0.949218 0.911934 0.831699 0.879357 0.989956 0.882230 0.796361 0.684714 0.718807 0.612332 0.578455 0.643149 0.650500 0.927684 0.853187 0.642454 0.671759 0.268692 0.276459 0.486363 0.523244 0.371691 0.395113 0.261411 0.263978 0.937948 0.937641 0.997214 0.966155 0.526737 0.451205 0.948924 0.745942 0.742708 0.872470 0.822473 0.779265 0.969898 0.890537 0.453195 0.420159 0.251588 0.318155 0.465497 0.369070 0.453040 0.733091 0.651539 0.567393 0.620686 0.627478 0.535798 0.453715 0.457678 0.385572 0.788092 0.878958 0.610079 0.972431 0.857992 0.997819 0.788322 0.877225 0.745630 0.782322 0.998375 0.934568 0.804039 0.821520 0.841598 0.810320 0.935924 0.725507 0.992326 0.771453 0.809586 0.614288
0.251806 0.264171 0.967709 0.808735 0.770158 0.850178 0.797892 0.777637 0.946646 0.935563 0.309115 0.309845 0.368755 0.479417 0.679389 0.818134 0.221862 0.000000 0.389380 0.285683 0.834438 0.849192 0.809589 0.954341 0.692504 0.542538 0.938173 0.868009 0.350904 0.295318 0.820877 0.992108 0.432790 0.487831 0.956661 0.870783 0.897505 0.962116 0.858899 0.958228 0.873183 0.836743 0.858553 0.999544 0.925041 0.837344 0.690097 0.693005 0.626426 0.610176 0.661761 0.665234 0.984290 0.802079 0.646498 0.661859 0.261996 0.255184 0.469089 0.492073 0.363075 0.385316 0.247325 0.244067 0.988590 0.921359 0.967921 0.979846 0.473752 0.417736 0.981858 0.740137 0.750282 0.823773 0.853151 0.812308 0.947018 0.898666 0.457770 0.439184 0.245596 0.295024 0.430964 0.304601 0.419306 0.689365 0.623064 0.552209 0.600205 0.627443 0.502461 0.427524 0.440219 0.366482 0.754344 0.871349 0.580349 0.952562 0.863725 0.992957 0.763273 0.817780 0.810831 0.783916 0.943395 0.916674 0.822771 0.794218 0.843448 0.787552 0.963905 0.740145 0.988815 0.800285 0.807974 0.632369
0.356702 0.432419 0.803715 0.963322 0.699171 0.835097 0.421769 0.540094 0.701631 0.733166 0.370502 0.394057 0.303974 0.361318 0.628699 0.673089 0.408409 0.389380 0.000000 0.350993 0.854845 0.934220 0.606330 0.858786 0.656338 0.579584 0.930920 0.743448 0.365827 0.306835 0.916510 0.768792 0.473888 0.404662 0.854519 0.846612 0.998862 0.979566 0.789318 0.849362 0.988634 0.950827 0.999875 0.891396 0.796384 0.706278 0.720758 0.544857 0.537705 0.441532 0.603638 0.581107 0.807536 0.952614 0.676343 0.747250 0.437921 0.471442 0.446513 0.488661 0.336083 0.364735 0.349948 0.373580 0.989588 0.925114 0.855362 0.969375 0.617682 0.542979 0.826909 0.948284 0.560673 0.740618 0.739056 0.775026 0.797167 0.846550 0.537311 0.625464 0.396559 0.462599 0.517425 0.569365 0.467226 0.713684 0.799382 0.597206 0.627045 0.625872 0.827022 0.765268 0.667220 0.638905 0.922679 0.951036 0.565206 0.938498 0.732828 0.740971 0.913523 0.892174 0.747528 0.689838 0.928213 0.894763 0.938918 0.933108 0.908814 0.745914 0.824972 0.650850 0.839706 0.752941 0.863727 0.578081
0.293918 0.311383 0.893718 0.989358 0.799128 0.861354 0.667824 0.630216 0.992281 0.974461 0.316110 0.326146 0.356346 0.426500 0.769437 0.792651 0.338733 0.285683 0.350993 0.000000 0.812282 0.851531 0.802253 0.940550 0.765495 0.644648 0.928306 0.800597 0.438860 0.326522 0.860069 0.976066 0.529244 0.476886 0.890091 0.864094 0.883149 0.856223 0.955776 0.975247 0.912452 0.911004 0.920460 0.977915 0.997085 0.859410 0.695514 0.649114 0.690302 0.642949 0.668099 0.685197 0.940754 0.797880 0.626353 0.615831 0.330112 0.327206 0.469284 0.467970 0.391814 0.390771 0.332289 0.346234 0.946943 0.816910 0.906652 0.995689 0.525209 0.440893 0.872708 0.856092 0.696512 0.775922 0.877876 0.885800 0.815733 0.893100 0.480989 0.505930 0.317537 0.332295 0.446660 0.383500 0.429557 0.623335 0.645508 0.585701 0.567107 0.572200 0.590962 0.554904 0.578849 0.514855 0.777937 0.930993 0.569165 0.942593 0.895956 0.976919 0.835784 0.910268 0.855365 0.778912 0.922973 0.857544 0.861552 0.919386 0.890511 0.703247 0.915671 0.783671 0.941413 0.846072 0.821415 0.629114
0.873144 0.872917 0.861253 0.789705 0.856673 0.732886 0.978095 0.917701 0.876207 0.829642 0.922482 0.836961 0.870114 0.963353 0.896864 0.890396 0.795987 0.834438 0.854845 0.812282 0.000000 0.950826 0.799784 0.813717 0.658221 0.621080 0.783692 0.715866 0.820644 0.746637 0.851596 0.918845 0.988885 0.984876 0.935617 0.901730 0.898132 0.802788 0.766440 0.605374 0.908266 0.871762 0.750877 0.755334 0.965645 0.855011 0.868886 0.835721 0.940791 0.855711 0.951301 0.991569 0.916858 0.939220 0.897421 0.950134 0.895296 0.914596 0.999650 0.911106 0.893029 0.865984 0.869988 0.833721 0.835150 0.829070 0.764810 0.726108 0.898245 0.985739 0.934564 0.957634 0.737216 0.848921 0.998262 0.947807 0.923678 0.911575 0.965927 0.897351 0.859375 0.868502 0.883280 0.986281 0.863132 0.800611 0.904952 0.749082 0.913988 0.972334 0.757286 0.933214 0.737611 0.874990 0.898754 0.784019 0.929845 0.952781 0.960278 0.937955 0.707003 0.866645 0.928546 0.961905 0.862875 0.832820 0.928308 0.905740 0.913852 0.969492 0.970199 0.965502 0.935893 0.903693 0.881889 0.905238
0.923237 0.940739 0.929033 0.984466 0.904132 0.984670 0.977813 0.935592 0.880566 0.918311 0.978750 0.974017 0.940782 0.920880 0.985123 0.937187 0.930905 0.849192 0.934220 0.851531 0.950826 0.000000 0.967762 0.948483 0.964391 0.898204 0.890130 0.953461 0.945354 0.983513 0.956762 0.999578 0.900681 0.917447 0.974239 0.860318 0.958382 0.820466 0.957250 0.982559 0.813609 0.910386 0.923270 0.958160 0.983667 0.959568 0.999712 0.933384 0.996719 0.963028 0.996325 0.923795 0.847542 0.957226 0.921897 0.935727 0.923358 0.949063 0.994136 0.988414 0.986733 0.939999 0.916173 0.965504 0.993331 0.943769 0.969851 0.958113 0.992342 0.971102 0.803162 0.982441 0.915034 0.991547 0.999937 0.897636 0.995511 0.887313 0.910677 0.841056 0.928206 0.904069 0.865195 0.881891 0.845787 0.994556 0.817141 0.765188 0.777130 0.807363 0.926903 0.949307 0.934743 0.993558 0.893636 0.901165 0.978675 0.965844 0.982522 0.999277 0.851901 0.780980 0.980996 0.991715 0.922579 0.976405 0.972940 0.971335 0.932848 0.980197 0.958974 0.936414 0.998738 0.917974 0.927373 0.910656
0.878320 0.939924 0.829245 0.913105 0.654697 0.904909 0.608799 0.961869 0.545700 0.591874 0.857267 0.894420 0.576811 0.621220 0.397678 0.536817 0.847890 0.809589 0.606330 0.802253 0.799784 0.967762 0.000000 0.634532 0.885197 0.737092 0.813309 0.921409 0.644674 0.716692 0.683123 0.726168 0.693926 0.888702 0.936537 0.886236 0.866946 0.861353 0.748314 0.578232 0.872281 0.849591 0.815309 0.848690 0.873792 0.980615 0.895956 0.993692 0.835152 0.794395 0.970562 0.933715 0.743944 0.677184 0.951619 0.817968 0.941567 0.955897 0.984050 0.945517 0.764103 0.808641 0.808135 0.787820 0.751609 0.818421 0.896955 0.712119 0.926997 0.971408 0.883512 0.892394 0.773852 0.871967 0.883424 0.893302 0.886154 0.876256 0.771137 0.975998 0.836800 0.914864 0.648619 0.884280 0.568601 0.917516 0.828978 0.581127 0.827259 0.766682 0.944021 0.897769 0.771964 0.996290 0.978481 0.998068 0.956344 0.799991 0.923903 0.812987 0.726967 0.857891 0.867355 0.966604 0.966776 0.851727 0.841443 0.998317 0.853591 0.908397 0.922287 0.885130 0.858736 0.933835 0.945198 0.880582
0.971436 0.987108 0.478763 0.549528 0.929615 0.810376 0.711178 0.736229 0.793014 0.987714 0.964089 0.988260 0.810353 0.708295 0.824071 0.559052 0.897912 0.954341 0.858786 0.940550 0.813717 0.948483 0.634532 0.000000 0.566897 0.701035 0.638629 0.846469 0.979920 0.898166 0.745746 0.873927 0.882309 0.885336 0.797574 0.933426 0.844562 0.772011 0.740112 0.946523 0.854505 0.921194 0.871545 0.978448 0.838833 0.911757 0.922579 0.902126 0.784503 0.884393 0.959077 0.971266 0.918172 0.999719 0.949355 0.971887 0.871823 0.915471 0.988800 0.922304 0.988066 0.920580 0.921312 0.901483 0.432992 0.638279 0.679169 0.797941 0.906813 0.924454 0.737498 0.932532 0.996647 0.915964 0.776713 0.897496 0.842969 0.739906 0.791001 0.824687 0.911752 0.966664 0.766179 0.977172 0.708359 0.540977 0.809864 0.942123 0.871318 0.814637 0.828095 0.806521 0.802250 0.730992 0.967916 0.703925 0.992064 0.989470 0.895572 0.954340 0.978085 0.935575 0.651466 0.992926 0.739883 0.781918 0.969987 0.922174 0.911628 0.878637 0.934574 0.991367 0.884307 0.856212 0.948810 0.882826
0.725176 0.760145 0.559759 0.535358 0.752984 0.569839 0.891794 0.969210 0.764706 0.586477 0.701305 0.738625 0.714195 0.836319 0.792484 0.977066 0.644972 0.692504 0.656338 0.765495 0.658221 0.964391 0.885197 0.566897 0.000000 0.317685 0.616268 0.635614 0.536492 0.541442 0.822656 0.844072 0.882273 0.854611 0.681888 0.775829 0.676313 0.673246 0.481405 0.642654 0.851210 0.949648 0.854621 0.972256 0.611720 0.709835 0.997118 0.907431 0.470203 0.489553 0.754895 0.788557 0.651833 0.707273 0.933658 0.965038 0.703350 0.751973 0.794474 0.757062 0.668727 0.764907 0.595223 0.583675 0.447390 0.544526 0.645844 0.597211 0.867429 0.811291 0.908088 0.945547 0.802469 0.821612 0.976973 0.891789 0.959489 0.866173 0.880732 0.731246 0.702460 0.842162 0.940533 0.935611 0.969610 0.579904 0.918938 0.729985 0.976257 0.959751 0.717157 0.785152 0.531891 0.629929 0.978629 0.698111 0.949068 0.825634 0.701319 0.849423 0.788556 0.987634 0.683991 0.809344 0.743188 0.737124 0.921316 0.987361 0.977915 0.916352 0.949327 0.807401 0.955518 0.949567 0.926758 0.682278
0.617619 0.671902 0.583580 0.475444 0.736644 0.499094 0.914261 0.918345 0.780274 0.651274 0.640112 0.659610 0.622261 0.807036 0.708383 0.990017 0.527324 0.542538 0.579584 0.644648 0.621080 0.898204 0.737092 0.701035 0.317685 0.000000 0.791331 0.547585 0.479715 0.442676 0.842828 0.994531 0.788966 0.865167 0.702188 0.754392 0.740841 0.807235 0.506642 0.587946 0.870301 0.966283 0.680287 0.869118 0.714647 0.823381 0.939213 0.949773 0.512643 0.533729 0.813614 0.834095 0.763820 0.789824 0.944631 0.913512 0.605731 0.637732 0.817187 0.771598 0.631001 0.694525 0.483998 0.482583 0.536731 0.534130 0.573516 0.528743 0.794422 0.685131 0.884994 0.913519 0.764625 0.935297 0.995299 0.898053 0.909471 0.830747 0.777547 0.754166 0.566804 0.706566 0.780163 0.766302 0.792308 0.668726 0.864448 0.542418 0.887175 0.971716 0.564434 0.641906 0.389263 0.525584 0.909340 0.695271 0.936712 0.827765 0.798026 0.881558 0.704065 0.958726 0.810107 0.794747 0.752629 0.746739 0.952400 0.941688 0.969549 0.989542 0.985522 0.837488 0.963732 0.962562 0.947335 0.634819
0.898280 0.923890 0.784412 0.841909 0.982022 0.924314 0.936633 0.933399 0.952922 0.871274 0.823377 0.858392 0.914836 0.946745 0.925260 0.854310 0.901175 0.938173 0.930920 0.928306 0.783692 0.890130 0.813309 0.638629 0.616268 0.791331 0.000000 0.971354 0.910604 0.839135 0.840704 0.871152 0.939130 0.869747 0.957412 0.815367 0.852625 0.818236 0.824094 0.959726 0.942461 0.975224 0.882749 0.775069 0.683104 0.703656 0.936221 0.843937 0.688409 0.728922 0.762798 0.797790 0.783099 0.854070 0.978864 0.803215 0.866226 0.904631 0.803573 0.803109 0.789265 0.861142 0.835786 0.835335 0.610852 0.858015 0.952382 0.944917 0.981115 0.905962 0.954733 0.932119 0.916009 0.743065 0.913374 0.942576 0.999568 0.999811 0.941935 0.896936 0.945968 0.993341 0.818135 0.972590 0.821732 0.788465 0.782144 0.887531 0.806057 0.929277 0.991624 0.895406 0.930340 0.871691 0.948020 0.903809 0.941685 0.981737 0.782874 0.907030 0.879271 0.825328 0.639219 0.731742 0.920722 0.944668 0.974005 0.906795 0.990139 0.993969 0.831352 0.926003 0.923373 0.891685 0.996900 0.702320
0.821484 0.863739 0.857103 0.829526 0.825144 0.584392 0.889809 0.913456 0.772568 0.667344 0.842526 0.813876 0.822191 0.890117 0.892838 0.982091 0.826764 0.868009 0.743448 0.800597 0.715866 0.953461 0.921409 0.846469 0.635614 0.547585 0.971354 0.000000 0.743542 0.676543 0.990617 0.980735 0.991442 0.905201 0.737388 0.853068 0.991012 0.947982 0.734939 0.677808 0.756496 0.855974 0.789343 0.938270 0.898626 0.888671 0.941233 0.998495 0.723656 0.697221 0.890034 0.909547 0.863627 0.859832 0.977916 0.886830 0.839811 0.865261 0.935564 0.819024 0.865390 0.858429 0.788370 0.784504 0.664528 0.750201 0.765700 0.701649 0.868563 0.848167 0.980813 0.874791 0.751565 0.960659 0.943590 0.963605 0.936749 0.893804 0.973342 0.959459 0.825614 0.889542 0.901997 0.982166 0.967406 0.755141 0.976619 0.772566 0.803967 0.968522 0.821198 0.902413 0.710611 0.828910 0.977304 0.894781 0.954673 0.864588 0.971955 0.882062 0.956139 0.921779 0.882930 0.819704 0.849549 0.859016 0.906358 0.960937 0.907470 0.942305 0.958412 0.864913 0.991009 0.968763 0.988895 0.783131
0.396625 0.444163 0.967364 0.740132 0.647736 0.792296 0.627848 0.742408 0.792678 0.722230 0.377930 0.382807 0.348468 0.418826 0.514340 0.665277 0.379297 0.350904 0.365827 0.438860 0.820644 0.945354 0.644674 0.979920 0.536492 0.479715 0.910604 0.743542 0.000000 0.279670 0.969695 0.816069 0.423498 0.439896 0.930761 0.835398 0.981572 0.932417 0.661709 0.766260 0.985602 0.959382 0.978901 0.875517 0.627085 0.632926 0.711818 0.650654 0.424761 0.443900 0.576946 0.593228 0.691288 0.859891 0.730746 0.755514 0.420530 0.436576 0.470009 0.534916 0.344745 0.395031 0.285295 0.294921 0.872315 0.907615 0.995942 0.902417 0.671557 0.561546 0.983462 0.906147 0.675291 0.779208 0.865284 0.718225 0.888880 0.909466 0.546611 0.565830 0.389096 0.508852 0.480256 0.564855 0.536477 0.858486 0.798065 0.583542 0.715163 0.686546 0.696283 0.646286 0.520385 0.504918 0.910288 0.901195 0.693065 0.862961 0.646396 0.739874 0.883132 0.970527 0.691453 0.683666 0.967777 0.968489 0.929429 0.961221 0.964957 0.829768 0.831834 0.590311 0.885903 0.735457 0.849301 0.602226
0.298883 0.373940 0.956907 0.772805 0.664619 0.727273 0.641323 0.717196 0.828075 0.774580 0.308713 0.343161 0.362242 0.510399 0.613045 0.800537 0.291983 0.295318 0.306835 0.326522 0.746637 0.983513 0.716692 0.898166 0.541442 0.442676 0.839135 0.676543 0.279670 0.000000 0.909542 0.851906 0.493819 0.480713 0.794517 0.747938 0.962460 0.949834 0.645086 0.769889 0.979685 0.897944 0.858945 0.984907 0.811899 0.761174 0.771895 0.686650 0.498824 0.493175 0.655035 0.668898 0.850510 0.961711 0.695175 0.729492 0.328356 0.351971 0.474306 0.477478 0.353902 0.398073 0.285128 0.278773 0.816937 0.928217 0.948035 0.820961 0.555066 0.457999 0.974664 0.877126 0.565062 0.790059 0.823258 0.784131 0.952918 0.925208 0.511460 0.532213 0.292662 0.381116 0.492846 0.484641 0.515905 0.866162 0.722447 0.564083 0.648436 0.705320 0.622906 0.575153 0.469204 0.467398 0.837344 0.897629 0.640016 0.915442 0.751388 0.854547 0.811882 0.962238 0.697166 0.665099 0.969114 0.983483 0.916995 0.923030 0.907277 0.803924 0.871081 0.670353 0.943568 0.820756 0.879762 0.550041
0.823621 0.767711 0.776561 0.798857 0.908028 0.953805 0.713190 0.877509 0.755074 0.678384 0.877368 0.833957 0.959444 0.883159 0.713821 0.665174 0.837247 0.820877 0.916510 0.860069 0.851596 0.956762 0.683123 0.745746 0.822656 0.842828 0.840704 0.990617 0.969695 0.909542 0.000000 0.630412 0.874586 0.896129 0.932621 0.729426 0.835118 0.939350 0.994456 0.967306 0.955583 0.957186 0.820488 0.836999 0.865991 0.832066 0.928287 0.903489 0.952428 0.903724 0.931117 0.927764 0.714756 0.671435 0.916251 0.905122 0.752275 0.742738 0.938304 0.871913 0.918922 0.908170 0.884784 0.862377 0.869093 0.891769 0.870304 0.986075 0.648821 0.719012 0.781139 0.757722 0.914940 0.909123 0.822152 0.849548 0.656893 0.852039 0.989515 0.870721 0.795527 0.695235 0.992679 0.781484 0.918623 0.982872 0.872308 0.880938 0.957282 0.991186 0.732831 0.690755 0.769051 0.719746 0.921657 0.896881 0.994746 0.932158 0.912192 0.758611 0.910327 0.747057 0.989783 0.978952 0.828815 0.867688 0.978165 0.753419 0.930856 0.923340 0.936087 0.872956 0.844015 0.785135 0.978286 0.933365
0.960515 0.941656 0.857678 0.863654 0.914111 0.843177 0.565020 0.759605 0.746355 0.620007 0.914441 0.959527 0.756398 0.743522 0.681364 0.735314 0.978464 0.992108 0.768792 0.976066 0.918845 0.999578 0.726168 0.873927 0.844072 0.994531 0.871152 0.980735 0.816069 0.851906 0.630412 0.000000 0.756206 0.741412 0.985734 0.867650 0.983884 0.893219 0.861130 0.735957 0.993790 0.945260 0.783072 0.716101 0.711841 0.680567 0.887172 0.737322 0.776935 0.709731 0.767120 0.807654 0.596052 0.651704 0.899908 0.930912 0.908408 0.857084 0.865871 0.924473 0.849103 0.982147 0.931805 0.960456 0.958940 0.877469 0.870715 0.977056 0.834226 0.892909 0.752127 0.605067 0.734010 0.721058 0.966134 0.751542 0.708123 0.769947 0.877069 0.972337 0.960953 0.836217 0.941091 0.903841 0.983954 0.963869 0.819211 0.976499 0.966483 0.994774 0.747765 0.798479 0.833689 0.918311 0.924490 0.993635 0.993151 0.884523 0.628437 0.642324 0.931890 0.652977 0.670801 0.798879 0.862025 0.911565 0.732249 0.721327 0.907608 0.914127 0.836659 0.781915 0.755015 0.784525 0.910811 0.808303
0.455830 0.502593 0.830995 0.949593 0.801561 0.989642 0.605378 0.720410 0.965704 0.987362 0.465713 0.476377 0.407256 0.418396 0.565414 0.723540 0.455693 0.432790 0.473888 0.529244 0.988885 0.900681 0.693926 0.882309 0.882273 0.788966 0.939130 0.991442 0.423498 0.493819 0.874586 0.756206 0.000000 0.404820 0.762662 0.989523 0.848633 0.946244 0.927336 0.965909 0.827104 0.879948 0.918185 0.822158 0.722069 0.690304 0.630945 0.657275 0.651446 0.603036 0.546474 0.562280 0.741315 0.978769 0.644063 0.617781 0.495479 0.522033 0.438353 0.563976 0.380148 0.450458 0.382596 0.404410 0.883366 0.842171 0.663365 0.769700 0.748366 0.649860 0.944920 0.917443 0.751087 0.858129 0.854345 0.764390 0.845444 0.793738 0.546819 0.641296 0.472881 0.545903 0.546407 0.510573 0.483752 0.607674 0.784632 0.689815 0.695654 0.687477 0.851702 0.657031 0.790194 0.569815 0.896842 0.966937 0.462885 0.962486 0.695406 0.757214 0.951749 0.987484 0.686192 0.792157 0.828515 0.771968 0.851671 0.913268 0.912794 0.711178 0.768451 0.723192 0.892531 0.699670 0.744028 0.614908
0.421738 0.466118 0.746256 0.837258 0.867197 0.947639 0.508068 0.488360 0.889850 0.880611 0.425742 0.419579 0.399155 0.390141 0.720129 0.732032 0.467962 0.487831 0.404662 0.476886 0.984876 0.917447 0.888702 0.885336 0.854611 0.865167 0.869747 0.905201 0.439896 0.480713 0.896129 0.741412 0.404820 0.000000 0.942044 0.975948 0.845173 0.923927 0.972934 0.892052 0.846363 0.857819 0.710655 0.652458 0.663270 0.503542 0.519644 0.420024 0.520817 0.478207 0.410272 0.445024 0.753464 0.942945 0.543577 0.554088 0.503563 0.509188 0.334397 0.433476 0.332145 0.358651 0.412792 0.437103 0.952416 0.719193 0.579580 0.644713 0.759934 0.599265 0.863637 0.991259 0.758052 0.758552 0.706825 0.748832 0.672543 0.745136 0.544895 0.533117 0.483560 0.583529 0.619402 0.627944 0.612521 0.573116 0.878888 0.840023 0.707548 0.609141 0.966061 0.751872 0.886867 0.668363 0.919187 0.899088 0.570149 0.852779 0.601422 0.674700 0.809775 0.916591 0.577965 0.632026 0.829557 0.667572 0.982693 0.924554 0.966656 0.763183 0.671597 0.542947 0.770686 0.565079 0.715753 0.683317
0.971764 0.993750 0.854222 0.950965 0.930832 0.700609 0.912790 0.905936 0.937900 0.710621 0.910460 0.991653 0.995943 0.840294 0.944633 0.919487 0.935509 0.956661 0.854519 0.890091 0.935617 0.974239 0.936537 0.797574 0.681888 0.702188 0.957412 0.737388 0.930761 0.794517 0.932621 0.985734 0.762662 0.942044 0.000000 0.746062 0.830714 0.891228 0.683455 0.819226 0.857432 0.974095 0.981323 0.964207 0.984089 0.917393 0.943323 0.968036 0.735585 0.822271 0.985541 0.973713 0.950988 0.989448 0.867729 0.944647 0.924730 0.942095 0.987730 0.889688 0.999698 0.999672 0.994030 0.966433 0.743455 0.801701 0.700484 0.630728 0.887153 0.857025 0.925793 0.959371 0.768454 0.965208 0.933521 0.994977 0.940511 0.809377 0.997761 0.981254 0.914350 0.965578 0.962657 0.956811 0.881893 0.766418 0.977499 0.949828 0.989630 0.889595 0.946109 0.929998 0.887965 0.997677 0.879505 0.987990 0.910406 0.929948 0.942904 0.925272 0.945120 0.953001 0.988493 0.942655 0.858749 0.809117 0.891715 0.949173 0.914788 0.976583 0.968066 0.881578 0.928946 0.973354 0.943361 0.964300
0.871175 0.885342 0.967418 0.914446 0.859260 0.825574 0.887000 0.953950 0.804512 0.903642 0.861435 0.900229 0.889343 0.989939 0.883862 0.993668 0.821570 0.870783 0.846612 0.864094 0.901730 0.860318 0.886236 0.933426 0.775829 0.754392 0.815367 0.853068 0.835398 0.747938 0.729426 0.867650 0.989523 0.975948 0.746062 0.000000 0.864562 0.772913 0.796738 0.828516 0.893512 0.900386 0.880084 0.920543 0.994649 0.996257 0.953332 0.923984 0.865115 0.933079 0.883461 0.898897 0.954473 0.888382 0.964119 0.938803 0.799545 0.838582 0.979216 0.971521 0.910324 0.911052 0.893639 0.887432 0.975710 0.924431 0.718828 0.731810 0.856228 0.880243 0.826619 0.956103 0.886180 0.962781 0.911445 0.882007 0.788043 0.879125 0.890416 0.975379 0.789719 0.791309 0.970270 0.837357 0.860204 0.979123 0.851331 0.923046 0.967745 0.971709 0.889839 0.979318 0.764169 0.902352 0.850012 0.992833 0.967831 0.802842 0.914469 0.903725 0.871857 0.993296 0.954337 0.828461 0.822791 0.770617 0.917684 0.909120 0.957043 0.993418 0.989542 0.986752 0.992112 0.954276 0.970550 0.779789
0.859859 0.799248 0.669733 0.681986 0.809629 0.854525 0.962622 0.734036 0.809768 0.807715 0.961790 0.801301 0.999529 0.863849 0.894791 0.914077 0.908529 0.897505 0.998862 0.883149 0.898132 0.958382 0.866946 0.844562 0.676313 0.740841 0.852625 0.991012 0.981572 0.962460 0.835118 0.983884 0.848633 0.845173 0.830714 0.864562 0.000000 0.690265 0.651247 0.782775 0.881788 0.977158 0.781872 0.847488 0.852221 0.964749 0.706140 0.816617 0.960534 0.959697 0.851785 0.886234 0.968518 0.791914 0.677641 0.830191 0.832600 0.822651 0.870518 0.822042 0.943275 0.884207 0.926521 0.944072 0.802851 0.693036 0.729546 0.731972 0.842141 0.823627 0.947297 0.994130 0.848943 0.922197 0.879179 0.797694 0.780574 0.791029 0.798531 0.981458 0.911703 0.871709 0.793645 0.888603 0.913247 0.667345 0.856731 0.901609 0.869115 0.903900 0.984168 0.926593 0.908863 0.981073 0.983926 0.828609 0.851339 0.913015 0.910045 0.953055 0.913252 0.894013 0.940244 0.960593 0.676500 0.763245 0.975642 0.858242 0.970663 0.754842 0.896247 0.911562 0.935767 0.806914 0.722047 0.986916
0.880413 0.862448 0.757594 0.731013 0.989635 0.949965 0.975024 0.766103 0.813930 0.825999 0.927228 0.856960 0.937303 0.878200 0.841051 0.890663 0.998460 0.962116 0.979566 0.856223 0.802788 0.820466 0.861353 0.772011 0.673246 0.807235 0.818236 0.947982 0.932417 0.949834 0.939350 0.893219 0.946244 0.923927 0.891228 0.772913 0.690265 0.000000 0.620253 0.763423 0.968381 0.933047 0.821509 0.922106 0.912833 0.982382 0.766299 0.881738 0.919736 0.891966 0.847327 0.866104 0.844826 0.831308 0.762951 0.842527 0.926033 0.892032 0.884173 0.860647 0.945708 0.900653 0.972097 0.971224 0.772666 0.678160 0.749842 0.760239 0.871451 0.827100 0.904499 0.905994 0.923709 0.961049 0.987550 0.872083 0.902356 0.848812 0.918534 0.979572 0.980989 0.954050 0.860087 0.857054 0.899474 0.704413 0.842686 0.943638 0.680108 0.817242 0.990556 0.965689 0.898066 0.878724 0.910080 0.759131 0.828861 0.834691 0.960516 0.921032 0.801093 0.920944 0.963489 0.999516 0.620705 0.615979 0.889888 0.980077 0.917463 0.933538 0.990187 0.985905 0.872728 0.958084 0.666092 0.941079
